0	-0.387728	0.778234	-0.493983	0.0	0.0838115	0.563449	0.821889	0.0	0.917956	0.27726799999999996	-0.28369	0.0	-2.87026	1.9659900000000001	1.33857	0.0	0.116497	0.62662	-0.770568	0.0	0.133411	-0.7786930000000001	-0.613057	0.0	-0.98419	-0.0313832	-0.174314	0.0	2.7584400000000002	2.0874099999999998	1.56755	0.0	
0	-0.387728	0.778234	-0.493983	0.0	0.0838115	0.563449	0.821889	0.0	0.917956	0.27726799999999996	-0.28369	0.0	-2.87026	1.9659900000000001	1.33857	0.0	0.116497	0.62662	-0.770568	0.0	0.133411	-0.7786930000000001	-0.613057	0.0	-0.98419	-0.0313832	-0.174314	0.0	2.7584400000000002	2.0874099999999998	1.56755	0.0	
0	-0.443604	0.766289	-0.464776	0.0	0.102273	0.558489	0.823183	0.0	0.890368	0.317633	-0.326119	0.0	-2.9506900000000003	2.1013	1.27339	0.0	0.161421	0.645848	-0.746207	0.0	0.119548	-0.763351	-0.634826	0.0	-0.979618	0.013267	-0.20043	0.0	2.7976400000000003	2.17306	1.4972299999999998	0.0	
0	-0.514836	0.752533	-0.410654	0.0	0.102504	0.529615	0.8420219999999999	0.0	0.851138	0.39141	-0.34980300000000003	0.0	-3.00267	2.2656099999999997	1.1833799999999999	0.18751700000000002	0.183142	0.652918	-0.734954	0.0	0.129192	-0.757099	-0.6403989999999999	0.0	-0.974561	0.0223338	-0.223009	0.0	2.85538	2.27608	1.4401700000000002	0.279215	
0	-0.509568	0.776435	-0.370797	0.0	0.10323	0.482998	0.8695149999999999	0.0	0.854216	0.40479899999999996	-0.326272	0.0	-2.98759	2.41662	1.11009	0.320291	0.162072	0.6724640000000001	-0.722167	0.0	0.129976	-0.7400140000000001	-0.659913	0.0	-0.978181	0.0130891	-0.20734	0.0	2.8065	2.28618	1.42529	0.34443	
0	-0.375292	0.885193	-0.274935	0.0	0.264209	0.386471	0.883648	0.0	0.8884540000000001	0.25898499999999997	-0.378915	0.0	-3.04049	2.3485099999999997	1.14245	0.34334499999999996	0.155629	0.69186	-0.70506	0.0	0.14096199999999998	-0.722007	-0.677374	0.0	-0.977706	0.00603208	-0.209891	0.0	2.7855	2.25073	1.41841	0.3467	
0	-0.029002099999999996	0.983507	-0.178529	0.0	0.425374	0.173768	0.888179	0.0	0.904553	-0.0501824	-0.42339799999999994	0.0	-2.9944	2.11017	1.19167	0.345864	0.137464	0.717073	-0.683308	0.0	0.17036600000000002	-0.696693	-0.696846	0.0	-0.9757459999999999	-0.0206214	-0.217935	0.0	2.81745	2.1465099999999997	1.3639299999999999	0.351299	
0	0.286451	0.951626	-0.11114500000000001	0.0	0.45697200000000004	-0.033741900000000005	0.888841	0.0	0.842094	-0.3054	-0.444532	0.0	-3.0200400000000003	1.7697900000000002	1.16517	0.347485	0.122965	0.719587	-0.6834279999999999	0.0	0.231519	-0.690453	-0.6853279999999999	0.0	-0.9650280000000001	-0.07395560000000001	-0.2515	0.0	2.87975	2.0160400000000003	1.2999399999999999	0.35025300000000004	
0	0.450546	0.8900610000000001	-0.0692734	0.0	0.417576	-0.141519	0.897553	0.0	0.7890739999999999	-0.433316	-0.43543000000000004	0.0	-3.12463	1.4610299999999998	1.02705	0.348864	0.125661	0.713986	-0.688792	0.0	0.232898	-0.6961229999999999	-0.679096	0.0	-0.964349	-0.0750819	-0.253761	0.0	2.90406	1.95963	1.2544	0.35048	
0	0.59677	0.8022239999999999	-0.017383700000000002	0.0	0.340965	-0.23391199999999998	0.91051	0.0	0.726367	-0.549292	-0.41312200000000004	0.0	-3.18053	1.23343	0.907839	0.350265	0.127108	0.712413	-0.690153	0.0	0.231494	-0.6978880000000001	-0.677763	0.0	-0.9644969999999999	-0.0736176	-0.253626	0.0	2.90239	1.9527299999999999	1.2440200000000001	0.350591	
0	0.686578	0.72635	0.032029400000000006	0.0	0.262278	-0.288524	0.92085	0.0	0.6781010000000001	-0.623835	-0.3886	0.0	-3.23787	1.02183	0.763714	0.35160399999999997	0.125994	0.7149810000000001	-0.6876979999999999	0.0	0.239156	-0.6946680000000001	-0.678411	0.0	-0.962772	-0.07899149999999999	-0.25851599999999997	0.0	2.90009	1.93795	1.24416	0.35092199999999996	
0	0.755648	0.651561	0.0668096	0.0	0.186443	-0.311761	0.931689	0.0	0.627881	-0.691573	-0.35706	0.0	-3.2798199999999995	0.768452	0.582935	0.35268299999999997	0.12880999999999998	0.713067	-0.6891619999999999	0.0	0.246452	-0.696167	-0.67425	0.0	-0.960557	-0.0829948	-0.26541	0.0	2.8932900000000004	1.9294900000000001	1.24332	0.35071599999999997	
0	0.809893	0.581486	0.0771223	0.0	0.136186	-0.314287	0.939509	0.0	0.570549	-0.7503989999999999	-0.333729	0.0	-3.3291699999999995	0.528594	0.418267	0.352811	0.129402	0.708241	-0.69401	0.0	0.25115	-0.700483	-0.668018	0.0	-0.95926	-0.0878582	-0.268519	0.0	2.86484	1.92248	1.2449	0.351304	
0	0.847076	0.524597	0.0852118	0.0	0.08717219999999999	-0.2953	0.951419	0.0	0.524275	-0.798496	-0.29587199999999997	0.0	-3.33618	0.24044699999999997	0.216692	0.353694	0.12673800000000002	0.706464	-0.6963090000000001	0.0	0.25308	-0.701767	-0.665938	0.0	-0.959108	-0.0918219	-0.267732	0.0	2.85292	1.90893	1.24244	0.351699	
0	0.869334	0.48188500000000006	0.10975599999999999	0.0	0.0390165	-0.28829899999999997	0.9567450000000001	0.0	0.492683	-0.827448	-0.26943	0.0	-3.3107699999999998	0.0538553	0.10786400000000002	0.35433899999999996	0.124957	0.707023	-0.696063	0.0	0.256958	-0.700687	-0.66559	0.0	-0.95831	-0.09568860000000001	-0.269231	0.0	2.85089	1.9045900000000002	1.24233	0.351435	
0	0.886726	0.442957	0.13230899999999998	0.0	-0.00593273	-0.27527399999999996	0.961348	0.0	0.462257	-0.8532370000000001	-0.241465	0.0	-3.24781	-0.144342	0.00553881	0.35429099999999997	0.12425499999999999	0.705526	-0.697706	0.0	0.261203	-0.701612	-0.662958	0.0	-0.957253	-0.0998665	-0.271464	0.0	2.85121	1.89555	1.24068	0.351325	
0	0.903429	0.400604	0.15275	0.0	-0.04735	-0.260871	0.9642120000000001	0.0	0.42611499999999997	-0.8783299999999999	-0.21670999999999999	0.0	-3.16077	-0.345733	-0.09837869999999999	0.35537399999999997	0.122662	0.705385	-0.69813	0.0	0.263275	-0.701367	-0.6623979999999999	0.0	-0.9568909999999999	-0.10255	-0.271741	0.0	2.85291	1.8869	1.23585	0.351354	
0	0.90194	0.39517399999999997	0.17419	0.0	-0.08034730000000001	-0.242754	0.9667549999999999	0.0	0.424321	-0.88595	-0.187199	0.0	-3.0895200000000003	-0.561609	-0.178263	0.35530500000000004	0.120399	0.704951	-0.698963	0.0	0.268246	-0.700996	-0.660795	0.0	-0.9557969999999999	-0.10793499999999999	-0.2735	0.0	2.85723	1.8659299999999999	1.2306700000000002	0.351149	
0	0.9076110000000001	0.381821	0.174511	0.0	-0.0891902	-0.230825	0.968899	0.0	0.41022700000000006	-0.894949	-0.17544400000000002	0.0	-3.04097	-0.660257	-0.237485	0.355876	0.119921	0.705126	-0.698868	0.0	0.26968200000000003	-0.700615	-0.660613	0.0	-0.9554530000000001	-0.109251	-0.274179	0.0	2.8599099999999997	1.8562900000000002	1.2272	0.351196	
0	0.903964	0.384269	0.187579	0.0	-0.118361	-0.196676	0.973298	0.0	0.410901	-0.9020290000000001	-0.132306	0.0	-2.94392	-0.9488610000000001	-0.382434	0.3552	0.116416	0.703779	-0.700816	0.0	0.276208	-0.70072	-0.657801	0.0	-0.9540219999999999	-0.11699200000000001	-0.275964	0.0	2.8678	1.8233599999999999	1.2168	0.351012	
0	0.910525	0.37085	0.182795	0.0	-0.12387000000000001	-0.177127	0.9763620000000001	0.0	0.394461	-0.911645	-0.11534200000000001	0.0	-2.92909	-1.10133	-0.513727	0.355217	0.11405699999999999	0.702447	-0.702538	0.0	0.27872399999999997	-0.701378	-0.656035	0.0	-0.953574	-0.12098900000000001	-0.27578600000000003	0.0	2.87033	1.80056	1.2130100000000001	0.350973	
0	0.91317	0.36687600000000004	0.177545	0.0	-0.12472899999999999	-0.163166	0.978683	0.0	0.388024	-0.915849	-0.10323800000000001	0.0	-2.97206	-1.23573	-0.636897	0.355062	0.112523	0.701971	-0.70326	0.0	0.28082399999999996	-0.701368	-0.65515	0.0	-0.95314	-0.12377300000000001	-0.27605	0.0	2.87043	1.7938900000000002	1.2131100000000001	0.351138	
0	0.9136559999999999	0.368869	0.17078800000000002	0.0	-0.12191500000000001	-0.152149	0.9808100000000001	0.0	0.387776	-0.9169440000000001	-0.094041	0.0	-2.9676099999999996	-1.32892	-0.71823	0.35485900000000004	0.10938599999999998	0.7024630000000001	-0.703264	0.0	0.285544	-0.6998949999999999	-0.654684	0.0	-0.952102	-0.1292	-0.277143	0.0	2.87137	1.7871700000000001	1.21712	0.350877	
0	0.911265	0.374198	0.171967	0.0	-0.123119	-0.15093499999999999	0.9808469999999999	0.0	0.392987	-0.914983	-0.0914706	0.0	-2.96568	-1.36214	-0.765858	0.354829	0.109605	0.702241	-0.7034520000000001	0.0	0.287571	-0.699854	-0.653841	0.0	-0.9514670000000001	-0.130628	-0.278652	0.0	2.87417	1.7794299999999998	1.21403	0.350774	
0	0.9101370000000001	0.377723	0.170223	0.0	-0.124654	-0.14216900000000002	0.9819620000000001	0.0	0.39511	-0.914939	-0.0823087	0.0	-2.95131	-1.37257	-0.7643310000000001	0.355147	0.10710599999999999	0.700972	-0.705101	0.0	0.29014	-0.700349	-0.652174	0.0	-0.9509719999999999	-0.134726	-0.27839200000000003	0.0	2.87664	1.76282	1.21258	0.35089499999999996	
0	0.9100280000000001	0.378388	0.169326	0.0	-0.124128	-0.140999	0.982197	0.0	0.39552600000000004	-0.9148459999999999	-0.0813448	0.0	-2.95071	-1.37256	-0.759328	0.35513	0.107116	0.701	-0.705071	0.0	0.290092	-0.70033	-0.652215	0.0	-0.9509850000000001	-0.13467200000000001	-0.278371	0.0	2.87753	1.76456	1.21224	0.35088800000000003	
0	0.9100299999999999	0.37838	0.16933299999999998	0.0	-0.12413099999999999	-0.141009	0.982195	0.0	0.395521	-0.914847	-0.08135339999999999	0.0	-2.95073	-1.37256	-0.75937	0.355129	0.107117	0.701001	-0.70507	0.0	0.29009	-0.70033	-0.652216	0.0	-0.9509860000000001	-0.13467	-0.278371	0.0	2.87752	1.76457	1.21224	0.350889	
0	0.9100299999999999	0.37838	0.16933299999999998	0.0	-0.12413099999999999	-0.141009	0.982195	0.0	0.395521	-0.914847	-0.08135339999999999	0.0	-2.95073	-1.37256	-0.759371	0.35513	0.107117	0.701001	-0.70507	0.0	0.290091	-0.70033	-0.652216	0.0	-0.9509860000000001	-0.134671	-0.278371	0.0	2.87752	1.76457	1.21224	0.35088800000000003	
0	0.9100299999999999	0.37838	0.16933299999999998	0.0	-0.12413099999999999	-0.141009	0.982195	0.0	0.395521	-0.914847	-0.08135339999999999	0.0	-2.95073	-1.37256	-0.75937	0.355129	0.107117	0.701001	-0.70507	0.0	0.29009	-0.70033	-0.652216	0.0	-0.9509860000000001	-0.13467	-0.278371	0.0	2.87752	1.76457	1.21224	0.350889	
0	0.9100299999999999	0.37838	0.16933299999999998	0.0	-0.12413099999999999	-0.141009	0.982195	0.0	0.395521	-0.914847	-0.08135339999999999	0.0	-2.95073	-1.37256	-0.759371	0.355129	0.107117	0.701001	-0.70507	0.0	0.29009	-0.70033	-0.652216	0.0	-0.9509860000000001	-0.13467	-0.278371	0.0	2.87752	1.76457	1.21224	0.350889	
0	0.9100299999999999	0.37838	0.16933299999999998	0.0	-0.12413099999999999	-0.141009	0.982195	0.0	0.395521	-0.914847	-0.08135339999999999	0.0	-2.95073	-1.37256	-0.759371	0.35513	0.107117	0.701001	-0.70507	0.0	0.290091	-0.70033	-0.652216	0.0	-0.9509850000000001	-0.134671	-0.278371	0.0	2.87752	1.76457	1.21224	0.350889	
0	0.9100299999999999	0.37838	0.16933299999999998	0.0	-0.12413099999999999	-0.141009	0.982195	0.0	0.395521	-0.914847	-0.08135339999999999	0.0	-2.95073	-1.37256	-0.759371	0.35513	0.107117	0.701001	-0.70507	0.0	0.29009	-0.70033	-0.652216	0.0	-0.9509860000000001	-0.13467	-0.278371	0.0	2.87752	1.76457	1.21224	0.350889	
0	0.9100299999999999	0.37838	0.16933299999999998	0.0	-0.12413099999999999	-0.141009	0.982195	0.0	0.395521	-0.914847	-0.08135339999999999	0.0	-2.95073	-1.37256	-0.759371	0.355129	0.107117	0.701001	-0.70507	0.0	0.29009	-0.70033	-0.652216	0.0	-0.9509860000000001	-0.13467	-0.278371	0.0	2.87752	1.76457	1.21224	0.350889	
0	0.821198	0.570593	0.0076187	0.0	0.16241	-0.24649899999999997	0.9554379999999999	0.0	0.547044	-0.783366	-0.295094	0.0	-2.79583	-1.63151	-0.812388	0.353694	0.0875052	0.694943	-0.713721	0.0	0.326192	-0.696959	-0.638629	0.0	-0.9412450000000001	-0.176927	-0.287672	0.0	2.84306	1.7916400000000001	1.24	0.35124299999999997	
0	0.8493370000000001	0.5267109999999999	-0.0346749	0.0	0.172756	-0.215298	0.961146	0.0	0.49878100000000003	-0.822327	-0.273853	0.0	-2.55457	-2.05893	-0.926686	0.354792	0.0839815	0.694155	-0.71491	0.0	0.331081	-0.696124	-0.637022	0.0	-0.939858	-0.183195	-0.288283	0.0	2.83756	1.76332	1.23898	0.35125	
0	0.872553	0.484633	-0.0615068	0.0	0.179428	-0.200824	0.9630549999999999	0.0	0.454376	-0.851352	-0.26218600000000003	0.0	-2.46686	-2.36643	-1.08181	0.353692	0.0820701	0.6927979999999999	-0.716446	0.0	0.33326999999999996	-0.696565	-0.635396	0.0	-0.9392530000000001	-0.186623	-0.288056	0.0	2.83755	1.7453599999999998	1.23746	0.351191	
0	0.8962680000000001	0.436724	-0.077299	0.0	0.172862	-0.183476	0.967706	0.0	0.408438	-0.8806870000000001	-0.23993699999999998	0.0	-2.39637	-2.68893	-1.2688700000000002	0.353283	0.0814726	0.693022	-0.716298	0.0	0.335418	-0.695832	-0.635069	0.0	-0.9385399999999999	-0.188519	-0.289143	0.0	2.83608	1.73665	1.2387700000000001	0.351254	
0	0.922375	0.373909	-0.0970346	0.0	0.17190999999999998	-0.172369	0.969916	0.0	0.345935	-0.911307	-0.22326700000000002	0.0	-2.35169	-2.99817	-1.43662	0.35271399999999997	0.08026749999999999	0.69257	-0.71687	0.0	0.33726799999999996	-0.695642	-0.634297	0.0	-0.9379799999999999	-0.190864	-0.28941999999999996	0.0	2.83886	1.7318	1.23585	0.351122	
0	0.9405479999999999	0.325949	-0.0955369	0.0	0.15647	-0.16613499999999998	0.9736100000000001	0.0	0.301475	-0.930675	-0.20725900000000003	0.0	-2.3357900000000003	-3.26605	-1.59778	0.352139	0.0791607	0.691811	-0.717726	0.0	0.338113	-0.69594	-0.63352	0.0	-0.9377700000000001	-0.192523	-0.289002	0.0	2.83912	1.7296	1.23812	0.351143	
0	0.9558409999999999	0.262932	-0.13128099999999998	0.0	0.174627	-0.14885199999999998	0.973318	0.0	0.236375	-0.953263	-0.188194	0.0	-2.35213	-3.55191	-1.76788	0.351968	0.078183	0.691393	-0.718236	0.0	0.339271	-0.695892	-0.632953	0.0	-0.937434	-0.19419	-0.288977	0.0	2.83648	1.7260099999999998	1.23969	0.35136	
0	0.961892	0.20503400000000002	-0.180903	0.0	0.210175	-0.131211	0.9688190000000001	0.0	0.174904	-0.9699200000000001	-0.169304	0.0	-2.37173	-3.61824	-1.8650400000000003	0.358047	0.0777043	0.691082	-0.718587	0.0	0.34033800000000003	-0.695857	-0.632419	0.0	-0.9370870000000001	-0.195421	-0.289272	0.0	2.8339	1.7282099999999998	1.2430700000000001	0.351234	
0	0.9472659999999999	0.155144	-0.280387	0.0	0.29749000000000003	-0.10054500000000001	0.949416	0.0	0.119104	-0.9827620000000001	-0.141397	0.0	-2.35716	-3.6212800000000005	-1.8908900000000002	0.356483	0.07802239999999999	0.690847	-0.718779	0.0	0.340884	-0.696008	-0.631959	0.0	-0.9368620000000001	-0.195713	-0.28980300000000003	0.0	2.83358	1.7285400000000002	1.24295	0.351274	
0	0.930164	0.1119	-0.349677	0.0	0.359462	-0.083737	0.9293950000000001	0.0	0.07471860000000001	-0.990185	-0.11811300000000001	0.0	-2.3416799999999998	-3.62364	-1.9083	0.355688	0.0776698	0.691026	-0.718645	0.0	0.340905	-0.6957810000000001	-0.632196	0.0	-0.936884	-0.19588699999999998	-0.289616	0.0	2.8343700000000003	1.7300400000000002	1.24799	0.351378	
0	0.896914	0.0554174	-0.43871899999999997	0.0	0.44187200000000004	-0.0738257	0.894035	0.0	0.017156499999999998	-0.9957299999999999	-0.0907027	0.0	-2.303	-3.6263	-1.9385700000000001	0.35389299999999996	0.0765907	0.6905479999999999	-0.71922	0.0	0.340634	-0.696059	-0.6320359999999999	0.0	-0.9370709999999999	-0.19658299999999998	-0.288536	0.0	2.83235	1.7289400000000001	1.25108	0.351434	
0	0.8724290000000001	0.024341599999999998	-0.488134	0.0	0.488605	-0.0669249	0.869935	0.0	-0.0114926	-0.997461	-0.0702807	0.0	-2.2632	-3.6272300000000004	-1.9700400000000002	0.351675	0.0763819	0.689772	-0.719986	0.0	0.341502	-0.696519	-0.631061	0.0	-0.936773	-0.197675	-0.28876	0.0	2.83359	1.72525	1.2479	0.351508	
0	0.814296	-0.0250118	-0.579911	0.0	0.578367	-0.0496162	0.814267	0.0	-0.0491392	-0.998455	-0.025936200000000003	0.0	-2.19619	-3.6332400000000002	-2.03193	0.358035	0.0767128	0.689458	-0.720252	0.0	0.342042	-0.696742	-0.630523	0.0	-0.9365479999999999	-0.197987	-0.289273	0.0	2.8309900000000003	1.7292900000000002	1.2534299999999998	0.35136100000000003	
0	0.75554	-0.0379873	-0.654	0.0	0.65417	-0.00948414	0.756288	0.0	-0.034932	-0.999233	0.0176845	0.0	-2.17875	-3.64229	-2.08915	0.355113	0.076799	0.689083	-0.720601	0.0	0.341873	-0.697121	-0.6301939999999999	0.0	-0.9366030000000001	-0.197956	-0.289117	0.0	2.8312	1.72836	1.25614	0.351375	
0	0.678407	-0.0715326	-0.7311949999999999	0.0	0.7332270000000001	0.00323504	0.679976	0.0	-0.0462749	-0.997433	0.0546443	0.0	-2.1463099999999997	-3.6412400000000003	-2.1473299999999997	0.337185	0.07633580000000001	0.688824	-0.720899	0.0	0.342048	-0.697225	-0.629984	0.0	-0.936577	-0.198491	-0.28883400000000004	0.0	2.83169	1.72652	1.25397	0.35131599999999996	
0	0.6635479999999999	-0.0997852	-0.74145	0.0	0.7439399999999999	-0.016781599999999997	0.668035	0.0	-0.0791027	-0.994868	0.0630989	0.0	-2.03173	-3.59806	-2.06659	0.161128	0.0761473	0.688537	-0.7211930000000001	0.0	0.342548	-0.697335	-0.629591	0.0	-0.936409	-0.199101	-0.288957	0.0	2.83232	1.72785	1.2537399999999999	0.351204	
0	0.684226	-0.11060199999999999	-0.720834	0.0	0.723823	-0.017581299999999998	0.689761	0.0	-0.08896210000000002	-0.9937090000000001	0.0680267	0.0	-2.04378	-3.59801	-2.07816	0.16009500000000002	0.0764933	0.688078	-0.721594	0.0	0.341966	-0.697923	-0.629256	0.0	-0.936594	-0.198627	-0.288686	0.0	2.8315900000000003	1.73045	1.25708	0.351287	
0	0.693966	-0.109476	-0.711637	0.0	0.7146060000000001	-0.0161194	0.699341	0.0	-0.0880323	-0.993859	0.06704600000000001	0.0	-2.06596	-3.59787	-2.07354	0.15996400000000002	0.07639910000000001	0.688102	-0.721581	0.0	0.341277	-0.6980310000000001	-0.6295109999999999	0.0	-0.936853	-0.198165	-0.288162	0.0	2.8324	1.72852	1.2544	0.351249	
0	0.7117479999999999	-0.0969829	-0.695708	0.0	0.69838	-0.00855842	0.715676	0.0	-0.0753625	-0.9952489999999999	0.0616395	0.0	-2.08858	-3.59871	-2.05927	0.159725	0.076184	0.68839	-0.721328	0.0	0.341513	-0.697689	-0.629761	0.0	-0.9367840000000001	-0.19836600000000001	-0.288247	0.0	2.83127	1.7296799999999999	1.2554299999999998	0.35117600000000004	
0	0.730809	-0.0826784	-0.677556	0.0	0.679361	-0.00821714	0.733759	0.0	-0.0662335	-0.996542	0.0501633	0.0	-2.10573	-3.58921	-2.03254	0.159983	0.07649210000000001	0.6888350000000001	-0.7208720000000001	0.0	0.341508	-0.6973590000000001	-0.630129	0.0	-0.9367610000000001	-0.197984	-0.288585	0.0	2.83203	1.7278799999999999	1.25226	0.35120100000000004	
0	0.759954	-0.031969599999999994	-0.6491899999999999	0.0	0.6489689999999999	-0.018284599999999998	0.760595	0.0	-0.036186	-0.9993219999999999	0.00685178	0.0	-2.1331599999999997	-3.5524	-1.94986	0.160114	0.0765726	0.6892659999999999	-0.7204510000000001	0.0	0.341215	-0.697059	-0.63062	0.0	-0.936861	-0.19754000000000002	-0.288564	0.0	2.8334099999999998	1.73035	1.25079	0.35141500000000003	
0	0.77955	0.019529499999999998	-0.626035	0.0	0.626323	-0.0316489	0.778921	0.0	-0.004601300000000001	-0.999308	-0.0369037	0.0	-2.17369	-3.51946	-1.9345299999999999	0.16004300000000002	0.0763558	0.6895640000000001	-0.720188	0.0	0.34132399999999996	-0.696735	-0.63092	0.0	-0.936839	-0.197643	-0.288565	0.0	2.83283	1.72853	1.2489299999999999	0.351377	
0	0.799238	0.0783451	-0.595887	0.0	0.600509	-0.0634447	0.797097	0.0	0.0246428	-0.9949049999999999	-0.0977544	0.0	-2.19885	-3.3053199999999996	-2.03768	0.159838	0.07635039999999998	0.690163	-0.719615	0.0	0.341319	-0.696209	-0.631502	0.0	-0.936842	-0.197402	-0.288722	0.0	2.8338799999999997	1.72532	1.24565	0.35131399999999996	
0	0.815693	0.114962	-0.566947	0.0	0.577268	-0.098218	0.8106260000000001	0.0	0.037506599999999994	-0.988502	-0.14648	0.0	-2.20105	-2.98833	-2.00054	0.16001700000000002	0.0746523	0.690551	-0.719421	0.0	0.340866	-0.695649	-0.632362	0.0	-0.9371430000000001	-0.198019	-0.287317	0.0	2.83069	1.72355	1.2466	0.351519	
0	0.827917	0.142469	-0.542454	0.0	0.559132	-0.134	0.818178	0.0	0.043875599999999994	-0.9806870000000001	-0.1906	0.0	-2.22305	-2.7193	-1.9728	0.16004300000000002	0.07326	0.690595	-0.719522	0.0	0.34112800000000004	-0.695296	-0.63261	0.0	-0.937158	-0.199104	-0.286519	0.0	2.83093	1.7213599999999998	1.24529	0.351568	
0	0.842001	0.161422	-0.514759	0.0	0.536991	-0.159315	0.828408	0.0	0.0517145	-0.973941	-0.22082600000000002	0.0	-2.26619	-2.46623	-1.95308	0.160026	0.07302789999999999	0.690509	-0.7196279999999999	0.0	0.341321	-0.695287	-0.632516	0.0	-0.937106	-0.199433	-0.286461	0.0	2.82965	1.7223099999999998	1.2469	0.351498	
0	0.85319	0.17923499999999998	-0.489839	0.0	0.518048	-0.181756	0.8358180000000001	0.0	0.0607764	-0.9668709999999999	-0.247925	0.0	-2.30651	-2.2098400000000002	-1.9002599999999998	0.160019	0.0713396	0.6905939999999999	-0.719715	0.0	0.341947	-0.694761	-0.6327550000000001	0.0	-0.9370069999999999	-0.200964	-0.285711	0.0	2.82797	1.7261099999999998	1.25176	0.351564	
0	0.874158	0.20364200000000002	-0.440882	0.0	0.477641	-0.196415	0.856318	0.0	0.08778630000000001	-0.959141	-0.268966	0.0	-2.3107	-2.03136	-1.86745	0.160045	0.06999910000000001	0.691	-0.719457	0.0	0.34416399999999997	-0.693671	-0.632749	0.0	-0.9362969999999999	-0.203319	-0.28637399999999996	0.0	2.82841	1.7215599999999998	1.24905	0.35151	
0	0.9009510000000001	0.237159	-0.36337800000000003	0.0	0.412605	-0.20897800000000002	0.8866139999999999	0.0	0.13433	-0.948728	-0.286132	0.0	-2.30038	-1.9133799999999999	-1.84326	0.160046	0.062187900000000004	0.689392	-0.7217140000000001	0.0	0.35851500000000003	-0.690281	-0.628474	0.0	-0.931451	-0.219662	-0.290084	0.0	2.82647	1.71688	1.25176	0.351445	
0	0.922233	0.280802	-0.265776	0.0	0.33018200000000003	-0.21434499999999998	0.919259	0.0	0.20116199999999998	-0.935525	-0.290392	0.0	-2.21541	-1.8511099999999998	-1.8157599999999998	0.160023	0.07229429999999999	0.6756989999999999	-0.7336239999999999	0.0	0.374837	-0.7000350000000001	-0.607823	0.0	-0.924268	-0.23104699999999997	-0.303885	0.0	2.84058	1.6906700000000001	1.2183700000000002	0.350598	
0	0.934313	0.334727	-0.122545	0.0	0.20589699999999997	-0.226152	0.952083	0.0	0.29097399999999995	-0.914775	-0.28021599999999997	0.0	-2.04331	-1.91698	-1.79981	0.160045	0.118968	0.637522	-0.761191	0.0	0.37614899999999996	-0.7384310000000001	-0.559671	0.0	-0.91889	-0.21973800000000002	-0.327653	0.0	2.89438	1.69905	1.1387	0.350036	
1	0.919485	0.392737	0.017435	0.0	0.0935666	-0.261705	0.9606020000000001	0.0	0.38182699999999997	-0.8816280000000001	-0.277381	0.0	-1.86034	-2.0067	-1.80289	0.16001700000000002	0.167521	0.578581	-0.798236	0.0	0.38108000000000003	-0.784745	-0.488828	0.0	-0.9092379999999999	-0.22230300000000003	-0.35194699999999995	0.0	2.97117	1.70898	1.0111	0.34989899999999996	
1	0.880225	0.46708999999999995	0.08384789999999999	0.0	0.0501768	-0.267302	0.962305	0.0	0.471896	-0.8428379999999999	-0.258723	0.0	-1.633	-2.00627	-1.81486	0.15983499999999998	0.18928599999999998	0.489154	-0.85141	0.0	0.407532	-0.828015	-0.38511	0.0	-0.893358	-0.274081	-0.356077	0.0	3.05685	1.67435	0.868101	0.349164	
1	0.851352	0.503604	0.14690899999999998	0.0	0.0156956	-0.30437	0.952425	0.0	0.524359	-0.808543	-0.267031	0.0	-1.4769	-2.0159700000000003	-1.83834	0.160019	0.161416	0.48124300000000003	-0.861597	0.0	0.46296099999999996	-0.807946	-0.364543	0.0	-0.871557	-0.340043	-0.35321199999999997	0.0	3.1652099999999996	1.59992	0.7425579999999999	0.349056	
1	0.826184	0.523696	0.20775300000000002	0.0	-0.022143200000000002	-0.338281	0.940785	0.0	0.562964	-0.781862	-0.267886	0.0	-1.30677	-2.03926	-1.85329	0.160044	0.140989	0.44659399999999994	-0.883559	0.0	0.506549	-0.799345	-0.323198	0.0	-0.850606	-0.401998	-0.33892100000000003	0.0	3.2768699999999997	1.49108	0.5363	0.34320500000000004	
1	0.803266	0.525439	0.280496	0.0	-0.0746726	-0.37837600000000005	0.922635	0.0	0.590921	-0.762067	-0.264701	0.0	-1.18642	-2.08855	-1.87242	0.160049	0.13736900000000002	0.385035	-0.9126209999999999	0.0	0.517253	-0.8136359999999999	-0.265416	0.0	-0.844736	-0.435596	-0.310929	0.0	3.36173	1.36386	0.2566	0.34156	
1	0.781341	0.519109	0.346458	0.0	-0.117029	-0.423417	0.898344	0.0	0.613034	-0.742459	-0.270082	0.0	-1.0832899999999999	-2.1341	-1.92013	0.160024	0.155274	0.271755	-0.949757	0.0	0.505239	-0.84801	-0.16004200000000002	0.0	-0.8488959999999999	-0.455004	-0.268975	0.0	3.3881099999999997	1.2494299999999998	-0.0266372	0.34178800000000004	
1	0.753979	0.508058	0.416404	0.0	-0.165101	-0.46698199999999995	0.868717	0.0	0.635812	-0.723743	-0.268214	0.0	-1.01577	-2.14252	-1.94765	0.160021	0.204337	0.125353	-0.970841	0.0	0.460596	-0.8874340000000001	-0.017640299999999998	0.0	-0.863769	-0.443562	-0.239073	0.0	3.33466	1.18236	-0.38604499999999997	0.341876	
1	0.724229	0.49936	0.475534	0.0	-0.208394	-0.49887299999999996	0.841248	0.0	0.657316	-0.7083550000000001	-0.257235	0.0	-0.95488	-2.12035	-1.96045	0.160021	0.211615	0.0401924	-0.976526	0.0	0.4485	-0.891733	0.060488400000000005	0.0	-0.8683700000000001	-0.450773	-0.20673000000000002	0.0	3.23251	1.11941	-0.656648	0.342434	
1	0.70155	0.497615	0.510105	0.0	-0.224183	-0.52536	0.820816	0.0	0.676439	-0.6902	-0.25701	0.0	-0.90031	-2.10176	-1.9667400000000002	0.160022	0.20086600000000002	-0.0429379	-0.978677	0.0	0.43830600000000003	-0.889523	0.128985	0.0	-0.876094	-0.45486899999999997	-0.159855	0.0	3.08359	1.00452	-0.903538	0.342159	
1	0.670137	0.492255	0.55552	0.0	-0.24368299999999998	-0.561041	0.791108	0.0	0.701096	-0.665521	-0.25601999999999997	0.0	-0.872923	-2.07418	-1.97078	0.160049	0.17790699999999998	-0.153928	-0.971934	0.0	0.426277	-0.8781540000000001	0.217104	0.0	-0.886926	-0.452938	-0.0906134	0.0	2.84712	0.8375299999999999	-1.12582	0.34173600000000004	
1	0.632972	0.49600600000000006	0.594411	0.0	-0.250666	-0.595132	0.7635350000000001	0.0	0.73247	-0.6322949999999999	-0.25237	0.0	-0.827818	-2.02527	-1.96138	0.160023	0.159135	-0.2166	-0.963203	0.0	0.432787	-0.86159	0.265253	0.0	-0.88734	-0.45907299999999995	-0.043367800000000005	0.0	2.51729	0.616367	-1.3327200000000001	0.342013	
1	0.620142	0.49855600000000005	0.605694	0.0	-0.252605	-0.604063	0.755843	0.0	0.742707	-0.621732	-0.248667	0.0	-0.7936989999999999	-1.9951900000000002	-1.9491900000000002	0.160051	0.144629	-0.23558400000000002	-0.961032	0.0	0.44281499999999996	-0.8531479999999999	0.275779	0.0	-0.884871	-0.465445	-0.0190696	0.0	2.37411	0.49320600000000003	-1.39355	0.341368	
1	0.585368	0.495903	0.641424	0.0	-0.261225	-0.633586	0.728238	0.0	0.767533	-0.593843	-0.241339	0.0	-0.757409	-1.91935	-1.92734	0.160021	0.125291	-0.255446	-0.9586709999999999	0.0	0.45531099999999997	-0.843714	0.28431999999999996	0.0	-0.8814719999999999	-0.472117	0.0105978	0.0	2.15945	0.324637	-1.47722	0.34120300000000003	
1	0.558994	0.49604	0.664432	0.0	-0.262655	-0.6541239999999999	0.7093189999999999	0.0	0.7864720000000001	-0.571022	-0.235364	0.0	-0.709141	-1.84202	-1.89012	0.160021	0.112525	-0.269436	-0.9564219999999999	0.0	0.470341	-0.8334309999999999	0.290124	0.0	-0.875282	-0.48249	0.0329445	0.0	1.9799900000000001	0.135864	-1.5434	0.34070100000000003	
1	0.531424	0.508695	0.677362	0.0	-0.256911	-0.6651729999999999	0.7011	0.0	0.8072090000000001	-0.546603	-0.2228	0.0	-0.67582	-1.7883799999999999	-1.8565599999999998	0.16002	0.10488800000000001	-0.281957	-0.953676	0.0	0.47425500000000004	-0.828716	0.297173	0.0	-0.874117	-0.48345600000000005	0.0467971	0.0	1.7995400000000001	0.00539294	-1.59543	0.340307	
1	0.506375	0.512336	0.693611	0.0	-0.25441199999999997	-0.679792	0.687864	0.0	0.8239290000000001	-0.524781	-0.21388600000000002	0.0	-0.646095	-1.71963	-1.8319599999999998	0.160045	0.1007	-0.298621	-0.949044	0.0	0.48061800000000005	-0.820609	0.309205	0.0	-0.871129	-0.48726499999999995	0.0608876	0.0	1.6077299999999999	-0.11870399999999999	-1.6484900000000002	0.339491	
1	0.49974399999999997	0.5152220000000001	0.696278	0.0	-0.25159499999999996	-0.6828529999999999	0.685866	0.0	0.828829	-0.517937	-0.211625	0.0	-0.633841	-1.6686900000000002	-1.82412	0.160048	0.10304300000000001	-0.30793400000000004	-0.9458110000000001	0.0	0.48777299999999996	-0.813049	0.317851	0.0	-0.8668680000000001	-0.494094	0.06642260000000001	0.0	1.48586	-0.230325	-1.6892	0.339675	
1	0.48763999999999996	0.516357	0.703976	0.0	-0.251589	-0.6890270000000001	0.679666	0.0	0.836008	-0.508545	-0.206087	0.0	-0.616635	-1.62945	-1.8017400000000001	0.160027	0.10439200000000001	-0.308847	-0.945366	0.0	0.49339700000000003	-0.809251	0.318862	0.0	-0.863517	-0.49972700000000003	0.0679047	0.0	1.40591	-0.3389	-1.73423	0.339235	
1	0.46953500000000004	0.5296310000000001	0.7064189999999999	0.0	-0.251347	-0.686811	0.681994	0.0	0.8463809999999999	-0.497776	-0.18936	0.0	-0.584587	-1.58144	-1.76863	0.160025	0.106993	-0.30339	-0.94684	0.0	0.49821099999999996	-0.807764	0.315125	0.0	-0.8604290000000001	-0.5054420000000001	0.0647269	0.0	1.33775	-0.41822	-1.8345099999999999	0.339109	
1	0.461591	0.534234	0.708187	0.0	-0.250317	-0.6874399999999999	0.6817380000000001	0.0	0.851043	-0.49195600000000006	-0.183589	0.0	-0.567438	-1.54304	-1.72815	0.160021	0.120268	-0.311954	-0.9424540000000001	0.0	0.496763	-0.803029	0.32919699999999996	0.0	-0.859513	-0.507768	0.058388199999999994	0.0	1.29118	-0.46270500000000003	-1.91385	0.339063	
1	0.44963000000000003	0.5383020000000001	0.7127859999999999	0.0	-0.251306	-0.689528	0.679262	0.0	0.8571340000000001	-0.484544	-0.174754	0.0	-0.569577	-1.5134	-1.7027400000000001	0.160022	0.129897	-0.30285100000000004	-0.9441440000000001	0.0	0.49772299999999997	-0.803634	0.326257	0.0	-0.857554	-0.512302	0.046346	0.0	1.28227	-0.502035	-1.96721	0.339064	
1	0.436986	0.5483359999999999	0.713001	0.0	-0.252119	-0.686245	0.6822779999999999	0.0	0.863411	-0.47790699999999997	-0.161634	0.0	-0.57555	-1.4918799999999999	-1.69081	0.160022	0.14347200000000002	-0.302117	-0.942413	0.0	0.498051	-0.800845	0.332556	0.0	-0.855197	-0.5170819999999999	0.0355707	0.0	1.29446	-0.549221	-1.9882099999999998	0.338733	
1	0.43152700000000005	0.551918	0.713562	0.0	-0.251247	-0.686171	0.682674	0.0	0.8664059999999999	-0.47387299999999993	-0.157434	0.0	-0.580941	-1.4615200000000002	-1.6857799999999998	0.160046	0.15862300000000001	-0.309788	-0.9374809999999999	0.0	0.494324	-0.7970119999999999	0.34701	0.0	-0.854683	-0.518463	0.0267113	0.0	1.3147	-0.594458	-2.03796	0.338764	
1	0.42442799999999997	0.557982	0.713104	0.0	-0.24680500000000002	-0.686446	0.684017	0.0	0.8711770000000001	-0.46631300000000003	-0.153634	0.0	-0.5872609999999999	-1.4420899999999999	-1.6734200000000001	0.16002	0.16510899999999998	-0.308874	-0.9366620000000001	0.0	0.496316	-0.794667	0.349537	0.0	-0.852297	-0.5225920000000001	0.0220923	0.0	1.3272	-0.6334890000000001	-2.06355	0.325371	
1	0.421604	0.560608	0.71272	0.0	-0.243662	-0.687042	0.684546	0.0	0.8734299999999999	-0.46226999999999996	-0.153061	0.0	-0.589046	-1.43871	-1.66983	0.16003	0.171596	-0.30982600000000005	-0.9351809999999999	0.0	0.495954	-0.793033	0.35373499999999997	0.0	-0.851225	-0.524506	0.017578200000000002	0.0	1.33602	-0.640289	-2.09734	0.318046	
1	0.41551899999999997	0.564146	0.713501	0.0	-0.24281	-0.687163	0.6847270000000001	0.0	0.876577	-0.457762	-0.14854900000000001	0.0	-0.594661	-1.44088	-1.67503	0.160071	0.17157	-0.303349	-0.937306	0.0	0.49210699999999996	-0.797826	0.348287	0.0	-0.85346	-0.521011	0.0123974	0.0	1.33549	-0.6250720000000001	-2.1288099999999996	0.296852	
1	0.406619	0.5663729999999999	0.716856	0.0	-0.24422800000000003	-0.688709	0.682666	0.0	0.8803489999999999	-0.452662	-0.141718	0.0	-0.609997	-1.43195	-1.69395	0.16001700000000002	0.170048	-0.295715	-0.940019	0.0	0.48725	-0.8039149999999999	0.341041	0.0	-0.8565459999999999	-0.516018	0.00738225	0.0	1.3256	-0.6148560000000001	-2.16008	0.299603	
1	0.39945	0.570325	0.717753	0.0	-0.24454099999999998	-0.688272	0.682994	0.0	0.8835379999999999	-0.448342	-0.135463	0.0	-0.638013	-1.42706	-1.71795	0.16003599999999998	0.16532	-0.29738400000000004	-0.9403360000000001	0.0	0.481942	-0.807503	0.340105	0.0	-0.860466	-0.509413	0.00982554	0.0	1.29789	-0.604424	-2.18741	0.296634	
1	0.39584899999999995	0.573942	0.7168640000000001	0.0	-0.242247	-0.687715	0.684371	0.0	0.8857879999999999	-0.44456599999999996	-0.133196	0.0	-0.6620560000000001	-1.41333	-1.72449	0.159971	0.16256700000000002	-0.296273	-0.941167	0.0	0.47995	-0.809663	0.337778	0.0	-0.862102	-0.506624	0.010571700000000002	0.0	1.2694299999999998	-0.586275	-2.19824	0.29558	
1	0.392662	0.5750850000000001	0.717701	0.0	-0.239581	-0.689472	0.683542	0.0	0.8879290000000001	-0.44034799999999996	-0.13295	0.0	-0.67896	-1.4034200000000001	-1.7275200000000002	0.16003699999999998	0.159234	-0.297106	-0.941474	0.0	0.47830600000000006	-0.811027	0.336837	0.0	-0.8636360000000001	-0.503948	0.012964600000000001	0.0	1.1917799999999998	-0.563739	-2.21997	0.294692	
1	0.388171	0.573488	0.7214119999999999	0.0	-0.24346900000000002	-0.691168	0.680449	0.0	0.8888459999999999	-0.439771	-0.128665	0.0	-0.612503	-1.37348	-1.6744900000000003	0.160052	0.158212	-0.295342	-0.9422010000000001	0.0	0.477465	-0.812358	0.334816	0.0	-0.864289	-0.50284	0.0124907	0.0	1.07148	-0.581437	-2.28135	0.296073	
1	0.38454499999999997	0.5741	0.722866	0.0	-0.243986	-0.692021	0.679396	0.0	0.890279	-0.43762700000000004	-0.12604100000000001	0.0	-0.606167	-1.36448	-1.66955	0.160055	0.15785	-0.295532	-0.9422020000000001	0.0	0.4744	-0.814141	0.33484200000000003	0.0	-0.866042	-0.49983599999999995	0.0116877	0.0	1.03892	-0.583176	-2.27852	0.296489	
1	0.382806	0.569179	0.727665	0.0	-0.246484	-0.696183	0.674222	0.0	0.8903399999999999	-0.437454	-0.126209	0.0	-0.594308	-1.35805	-1.69698	0.160045	0.156386	-0.308501	-0.9382799999999999	0.0	0.463082	-0.816184	0.34554	0.0	-0.872409	-0.48853900000000006	0.0152214	0.0	0.997926	-0.560021	-2.30963	0.297931	
1	0.383398	0.5647989999999999	0.730758	0.0	-0.247559	-0.6994229999999999	0.6704640000000001	0.0	0.8897870000000001	-0.437961	-0.12833699999999998	0.0	-0.594244	-1.3613899999999999	-1.70554	0.160021	0.157698	-0.31304	-0.9365559999999999	0.0	0.45527	-0.8185640000000001	0.35026	0.0	-0.8762770000000001	-0.481621	0.013431700000000001	0.0	0.980157	-0.518888	-2.34642	0.299208	
1	0.380307	0.567673	0.730147	0.0	-0.24594899999999997	-0.698964	0.671535	0.0	0.891558	-0.434968	-0.126202	0.0	-0.5987060000000001	-1.35907	-1.7119400000000002	0.160031	0.157876	-0.30706100000000003	-0.9385040000000001	0.0	0.461589	-0.817243	0.345036	0.0	-0.8729319999999999	-0.487676	0.012712600000000001	0.0	0.9761350000000001	-0.5152899999999999	-2.36029	0.28074899999999997	
1	0.379762	0.570162	0.728489	0.0	-0.23447300000000001	-0.702444	0.6720079999999999	0.0	0.894876	-0.42601400000000006	-0.133074	0.0	-0.608034	-1.3584200000000002	-1.70347	0.15992699999999999	0.15622	-0.32248000000000004	-0.9335959999999999	0.0	0.469408	-0.8074	0.357437	0.0	-0.869052	-0.494076	0.0252424	0.0	0.9808549999999999	-0.538308	-2.32913	0.228339	
1	0.378206	0.5923689999999999	0.711378	0.0	-0.2195	-0.689159	0.690565	0.0	0.899322	-0.417324	-0.13062	0.0	-0.6166229999999999	-1.37481	-1.66478	0.160076	0.15692899999999999	-0.34852	-0.9240709999999999	0.0	0.47430500000000003	-0.7941010000000001	0.38004899999999997	0.0	-0.8662610000000001	-0.497932	0.0406875	0.0	0.9716370000000001	-0.555171	-2.32603	0.218739	
1	0.374975	0.602542	0.704512	0.0	-0.228118	-0.6766220000000001	0.700104	0.0	0.8985299999999999	-0.42323299999999997	-0.11626600000000001	0.0	-0.614898	-1.3449799999999998	-1.68403	0.16035	0.16572699999999999	-0.367129	-0.9152870000000001	0.0	0.46613699999999997	-0.788734	0.400769	0.0	-0.869052	-0.49306700000000003	0.0404179	0.0	0.9826799999999999	-0.5433819999999999	-2.34643	0.21869299999999997	
1	0.370286	0.608536	0.701835	0.0	-0.227679	-0.673039	0.703691	0.0	0.900584	-0.42036	-0.11066600000000001	0.0	-0.615017	-1.33851	-1.68485	0.160207	0.17081500000000002	-0.372773	-0.912065	0.0	0.47275500000000004	-0.781151	0.407806	0.0	-0.8644799999999999	-0.500842	0.0427976	0.0	0.979348	-0.532194	-2.34856	0.21900100000000003	
1	0.366508	0.61097	0.701703	0.0	-0.23167100000000002	-0.670503	0.704808	0.0	0.9011110000000001	-0.420882	-0.1042	0.0	-0.578226	-1.31673	-1.7070299999999998	0.160486	0.17770999999999998	-0.377801	-0.908673	0.0	0.467888	-0.779887	0.415761	0.0	-0.8657370000000001	-0.499042	0.038174400000000004	0.0	1.0207600000000001	-0.514408	-2.3637	0.218665	
1	0.363172	0.613653	0.701096	0.0	-0.23091199999999998	-0.669718	0.705803	0.0	0.9026549999999999	-0.41821899999999995	-0.101523	0.0	-0.555717	-1.30267	-1.7274200000000002	0.160529	0.181075	-0.379578	-0.907266	0.0	0.469317	-0.777349	0.418892	0.0	-0.864265	-0.501646	0.0373836	0.0	1.042	-0.496672	-2.3825	0.218677	
1	0.36141999999999996	0.614531	0.701232	0.0	-0.23159000000000002	-0.669337	0.705942	0.0	0.903184	-0.41753999999999997	-0.0995928	0.0	-0.53805	-1.30065	-1.7328299999999999	0.160645	0.183203	-0.380277	-0.906546	0.0	0.468664	-0.776833	0.42057700000000003	0.0	-0.8641709999999999	-0.501916	0.035904000000000005	0.0	1.0604200000000001	-0.49371899999999996	-2.386	0.218746	
1	0.35891799999999996	0.608719	0.707559	0.0	-0.23331300000000002	-0.675492	0.699483	0.0	0.9037379999999999	-0.41613999999999995	-0.100424	0.0	-0.5072270000000001	-1.29073	-1.7444400000000002	0.160604	0.187244	-0.373329	-0.9086059999999999	0.0	0.466503	-0.7802100000000001	0.41671	0.0	-0.8644729999999999	-0.501894	0.0280693	0.0	1.09235	-0.477608	-2.38524	0.2186	
1	0.356585	0.594186	0.720965	0.0	-0.237367	-0.688752	0.685038	0.0	0.9036059999999999	-0.415408	-0.104558	0.0	-0.46776999999999996	-1.2805600000000001	-1.7819200000000002	0.160681	0.19194	-0.356544	-0.91435	0.0	0.463424	-0.7883319999999999	0.404686	0.0	-0.865099	-0.5014069999999999	0.0139185	0.0	1.13465	-0.45566	-2.40121	0.218588	
1	0.36056900000000003	0.57563	0.733921	0.0	-0.238765	-0.703671	0.669208	0.0	0.9016549999999999	-0.41653	-0.116282	0.0	-0.44222700000000004	-1.27539	-1.8246799999999999	0.16076400000000002	0.19046	-0.337021	-0.9220309999999999	0.0	0.46075	-0.798662	0.387102	0.0	-0.8668530000000001	-0.49855299999999997	0.00316937	0.0	1.16078	-0.44130600000000003	-2.4279	0.218414	
1	0.36245700000000003	0.566276	0.740241	0.0	-0.24237199999999998	-0.7096520000000001	0.661552	0.0	0.899934	-0.41919799999999996	-0.119969	0.0	-0.42885200000000007	-1.27217	-1.8393400000000002	0.16076	0.190616	-0.328424	-0.9250959999999999	0.0	0.456583	-0.804579	0.379717	0.0	-0.8690209999999999	-0.494763	-0.0034125	0.0	1.17793	-0.437825	-2.43299	0.21843200000000002	
1	0.399801	0.472163	0.785634	0.0	-0.216452	-0.784241	0.581476	0.0	0.8906780000000001	-0.402527	-0.21134	0.0	-0.5328689999999999	-1.29673	-1.87642	0.176032	0.24301999999999999	-0.417867	-0.875402	0.0	0.43269300000000005	-0.761001	0.483378	0.0	-0.8681690000000001	-0.496251	-0.00413026	0.0	1.35933	-0.36683899999999997	-2.50845	0.21888400000000002	
1	0.400871	0.47798100000000004	0.78156	0.0	-0.208748	-0.7830090000000001	0.585937	0.0	0.892035	-0.398034	-0.214108	0.0	-0.8339110000000001	-1.3866100000000001	-1.94615	0.255258	0.24689099999999997	-0.414203	-0.8760600000000001	0.0	0.42732200000000004	-0.764864	0.48205699999999996	0.0	-0.8697360000000001	-0.49337600000000004	-0.0118403	0.0	1.7495599999999998	-0.264395	-2.4828	0.218898	
1	0.41984899999999997	0.489335	0.7643810000000001	0.0	-0.169021	-0.785317	0.595575	0.0	0.891717	-0.37924800000000003	-0.247006	0.0	-0.990035	-1.40192	-1.99626	0.317562	0.263962	-0.41271800000000003	-0.8717729999999999	0.0	0.390339	-0.7808	0.487839	0.0	-0.88202	-0.469058	-0.045002099999999996	0.0	2.0199	-0.203002	-2.46698	0.21890300000000001	
2	0.439262	0.497667	0.747915	0.0	-0.133769	-0.7870189999999999	0.602251	0.0	0.888344	-0.36459400000000003	-0.27913499999999997	0.0	-1.18403	-1.41604	-2.0563599999999997	0.323932	0.283315	-0.43014600000000003	-0.857151	0.0	0.354013	-0.783741	0.510318	0.0	-0.8912950000000001	-0.44802299999999995	-0.0697681	0.0	2.3431599999999997	-0.21183600000000002	-2.45764	0.21890300000000001	
2	0.43128500000000003	0.522624	0.73543	0.0	-0.08985169999999999	-0.786204	0.611399	0.0	0.8977299999999999	-0.32976700000000003	-0.29212	0.0	-1.33447	-1.4043299999999999	-2.09498	0.343492	0.291606	-0.44919799999999993	-0.844504	0.0	0.31256300000000004	-0.789663	0.5279550000000001	0.0	-0.9040299999999999	-0.417915	-0.08986770000000001	0.0	2.60748	-0.230116	-2.43473	0.218898	
2	0.431361	0.535532	0.726039	0.0	-0.0672818	-0.783425	0.617834	0.0	0.899667	-0.315359	-0.301908	0.0	-1.39858	-1.3795899999999999	-2.10645	0.346642	0.290362	-0.459846	-0.8391850000000001	0.0	0.291069	-0.792971	0.535234	0.0	-0.911575	-0.39967199999999997	-0.0964023	0.0	2.6962200000000003	-0.21419499999999997	-2.3904900000000002	0.21883000000000002	
2	0.432287	0.567296	0.7009310000000001	0.0	-0.009417	-0.7744300000000001	0.63259	0.0	0.9016870000000001	-0.280061	-0.329434	0.0	-1.57771	-1.33991	-2.14625	0.347183	0.26459499999999997	-0.49118900000000004	-0.829893	0.0	0.21551700000000001	-0.8086800000000001	0.547347	0.0	-0.939969	-0.323681	-0.10811400000000002	0.0	2.92539	-0.16663699999999998	-2.29732	0.218829	
