0	0.305998	0.684704	-0.6614720000000001	0.0	0.5653600000000001	0.428331	0.704912	0.0	0.765985	-0.589672	-0.256036	0.0	-2.7728900000000003	2.00401	1.36276	1.54972e-05	0.07699310000000001	0.613545	-0.785898	0.0	0.282902	-0.769285	-0.57286	0.0	-0.9560540000000001	-0.178226	-0.232803	0.0	2.7181	2.06826	1.5199799999999999	4.14099e-05	
0	-0.172017	0.5764560000000001	-0.798817	0.0	-0.013346700000000001	0.809466	0.587014	0.0	0.9850040000000001	0.11163800000000001	-0.131548	0.0	-2.84	2.03099	1.39504	4.22001e-05	0.125422	0.562573	-0.817179	0.0	0.20568499999999998	-0.8205319999999999	-0.533312	0.0	-0.970548	-0.10119199999999999	-0.218625	0.0	2.80347	2.06996	1.52531	0.0	
0	-0.20278800000000002	0.5385770000000001	-0.817809	0.0	-0.031117000000000002	0.8311950000000001	0.555109	0.0	0.978728	0.138017	-0.151798	0.0	-2.92009	2.10296	1.4056799999999998	0.0	0.139119	0.5515329999999999	-0.82247	0.0	0.20916700000000002	-0.828174	-0.5199779999999999	0.0	-0.967934	-0.0996948	-0.230577	0.0	2.8275200000000003	2.07864	1.50137	0.0	
0	-0.219825	0.5824199999999999	-0.782601	0.0	0.04682480000000001	0.807599	0.587871	0.0	0.9744149999999999	0.09258380000000001	-0.204802	0.0	-2.9262200000000003	2.20127	1.3936600000000001	0.0	0.165975	0.618697	-0.767898	0.0	0.188902	-0.784225	-0.591022	0.0	-0.9678680000000001	-0.046962300000000005	-0.247035	0.0	2.87277	2.1019099999999997	1.4249399999999999	0.010368700000000002	
0	-0.220452	0.657914	-0.720104	0.0	0.0829449	0.748238	0.658225	0.0	0.971865	0.0853783	-0.219521	0.0	-2.94366	2.27407	1.35038	0.161645	0.157273	0.683619	-0.712693	0.0	0.24839299999999997	-0.7258560000000001	-0.641432	0.0	-0.955807	-0.07614789999999999	-0.283963	0.0	2.92711	2.13003	1.339	0.306028	
0	-0.194936	0.732237	-0.652556	0.0	0.112073	0.6775909999999999	0.726849	0.0	0.974392	0.06855460000000001	-0.214151	0.0	-2.90727	2.35163	1.34008	0.302133	0.152623	0.695912	-0.7017220000000001	0.0	0.262842	-0.713051	-0.649979	0.0	-0.952691	-0.0852403	-0.291743	0.0	2.9186099999999997	2.11199	1.2868600000000001	0.325889	
0	0.03480080000000001	0.894961	-0.44478500000000004	0.0	0.245916	0.423702	0.8717809999999999	0.0	0.968666	-0.139719	-0.205341	0.0	-2.8713900000000003	2.34234	1.43239	0.348499	0.15473800000000001	0.700758	-0.696415	0.0	0.261479	-0.708817	-0.655139	0.0	-0.952725	-0.08072339999999999	-0.292914	0.0	2.93217	2.1017799999999998	1.24143	0.34697100000000003	
0	0.293748	0.921567	-0.253822	0.0	0.289777	0.167188	0.9423790000000001	0.0	0.910902	-0.35037399999999996	-0.21793800000000002	0.0	-2.86441	2.22215	1.49978	0.349463	0.149755	0.708641	-0.6894939999999999	0.0	0.264669	-0.7006399999999999	-0.662612	0.0	-0.9526399999999999	-0.08325779999999999	-0.29248	0.0	2.92632	2.0868900000000004	1.2345	0.35031599999999996	
0	0.5076890000000001	0.856676	-0.091429	0.0	0.24901500000000001	-0.0443179	0.967485	0.0	0.8247690000000001	-0.513948	-0.235825	0.0	-2.90441	2.0444400000000003	1.43874	0.35018499999999997	0.147635	0.713949	-0.684457	0.0	0.26632	-0.695176	-0.667686	0.0	-0.9525110000000001	-0.08371	-0.292771	0.0	2.92962	2.0672	1.2214	0.350599	
0	0.6355109999999999	0.771022	0.0406308	0.0	0.146099	-0.171761	0.974245	0.0	0.758143	-0.613207	-0.221802	0.0	-2.96135	1.8478599999999998	1.21567	0.351775	0.145815	0.7189909999999999	-0.679552	0.0	0.26745399999999997	-0.6899649999999999	-0.67262	0.0	-0.9524739999999999	-0.0836707	-0.292904	0.0	2.93542	2.04408	1.20997	0.351326	
0	0.712811	0.693235	0.10642599999999999	0.0	0.0630319	-0.21444899999999997	0.974699	0.0	0.6985180000000001	-0.688068	-0.19655799999999998	0.0	-2.9291099999999997	1.6831599999999998	1.06434	0.351504	0.144191	0.723327	-0.675283	0.0	0.271037	-0.685186	-0.6760609999999999	0.0	-0.951708	-0.0855442	-0.294846	0.0	2.94099	2.0114	1.1972200000000002	0.351682	
0	0.773984	0.611988	0.16254100000000002	0.0	-0.00186157	-0.25449499999999997	0.9670719999999999	0.0	0.633202	-0.748801	-0.19583599999999998	0.0	-2.91414	1.46094	0.825574	0.352526	0.144014	0.725305	-0.673196	0.0	0.27421599999999996	-0.682898	-0.677095	0.0	-0.950824	-0.08709	-0.297237	0.0	2.94351	1.98717	1.1898799999999998	0.35178400000000004	
0	0.820493	0.5410550000000001	0.184531	0.0	-0.0402617	-0.267304	0.9627709999999999	0.0	0.570238	-0.797376	-0.197537	0.0	-2.93989	1.2458200000000001	0.581677	0.35275100000000004	0.142504	0.725584	-0.673217	0.0	0.27460300000000004	-0.682441	-0.677398	0.0	-0.950939	-0.088336	-0.296498	0.0	2.9452700000000003	1.9729900000000002	1.189	0.351799	
0	0.844232	0.501034	0.19036199999999998	0.0	-0.0665437	-0.25443899999999997	0.9647969999999999	0.0	0.531832	-0.8271790000000001	-0.18146500000000002	0.0	-2.9456900000000004	0.988712	0.32567399999999996	0.352754	0.140302	0.729525	-0.669409	0.0	0.278712	-0.6778569999999999	-0.680316	0.0	-0.9500709999999999	-0.09112250000000001	-0.29843200000000003	0.0	2.94565	1.96367	1.1918600000000001	0.35175100000000004	
0	0.856617	0.47587799999999997	0.19936800000000002	0.0	-0.0900569	-0.242571	0.965945	0.0	0.508033	-0.845399	-0.164935	0.0	-2.9408	0.7787850000000001	0.132605	0.352689	0.138984	0.729634	-0.669566	0.0	0.284978	-0.676995	-0.6785760000000001	0.0	-0.9484049999999999	-0.0965005	-0.302021	0.0	2.94715	1.95317	1.1890399999999999	0.35172800000000004	
0	0.8648600000000001	0.456295	0.209313	0.0	-0.109975	-0.23461100000000001	0.965849	0.0	0.48981899999999995	-0.8583430000000001	-0.152725	0.0	-2.8971	0.617188	-0.023325799999999997	0.352458	0.139666	0.728058	-0.671136	0.0	0.28433600000000003	-0.678723	-0.677117	0.0	-0.9484969999999999	-0.0962579	-0.30180799999999997	0.0	2.95182	1.94137	1.18206	0.35178000000000004	
0	0.8723120000000001	0.44004499999999996	0.21314899999999998	0.0	-0.123787	-0.22297600000000004	0.966932	0.0	0.473021	-0.8698520000000001	-0.140033	0.0	-2.86669	0.49314399999999997	-0.146528	0.35258	0.13836700000000002	0.725485	-0.674186	0.0	0.287463	-0.680847	-0.673656	0.0	-0.9477450000000001	-0.100591	-0.302757	0.0	2.94179	1.92281	1.17865	0.352112	
0	0.88295	0.41656000000000004	0.216509	0.0	-0.14030499999999999	-0.205963	0.968449	0.0	0.44801	-0.8854700000000001	-0.12340899999999999	0.0	-2.86503	0.33471999999999996	-0.279624	0.35223000000000004	0.12166800000000001	0.726665	-0.676133	0.0	0.302625	-0.675918	-0.671977	0.0	-0.945312	-0.12285599999999999	-0.302145	0.0	2.90509	1.8612099999999998	1.18613	0.352389	
0	0.88313	0.416179	0.216509	0.0	-0.140596	-0.20550100000000002	0.968505	0.0	0.447564	-0.885756	-0.122971	0.0	-2.86452	0.334196	-0.278415	0.352181	0.12161500000000001	0.726658	-0.676149	0.0	0.30259	-0.675922	-0.6719890000000001	0.0	-0.9453299999999999	-0.12287200000000001	-0.302082	0.0	2.9066400000000003	1.86378	1.18513	0.35236300000000004	
0	0.883125	0.416191	0.216509	0.0	-0.140587	-0.20551599999999998	0.9685030000000001	0.0	0.447578	-0.885748	-0.122985	0.0	-2.8645099999999997	0.334356	-0.278289	0.35218	0.12162200000000001	0.7266560000000001	-0.67615	0.0	0.302583	-0.675926	-0.671988	0.0	-0.945332	-0.12286199999999999	-0.302081	0.0	2.90667	1.86382	1.18513	0.35236300000000004	
0	0.883125	0.416191	0.216509	0.0	-0.140587	-0.20551599999999998	0.9685030000000001	0.0	0.447578	-0.885748	-0.122985	0.0	-2.8645099999999997	0.334356	-0.278289	0.35218	0.12162200000000001	0.7266560000000001	-0.67615	0.0	0.302583	-0.675926	-0.671988	0.0	-0.945332	-0.12286199999999999	-0.302081	0.0	2.90667	1.86382	1.18513	0.35236300000000004	
0	0.883125	0.416191	0.216509	0.0	-0.140587	-0.20551599999999998	0.9685030000000001	0.0	0.447578	-0.885748	-0.122985	0.0	-2.8645099999999997	0.334356	-0.278289	0.35218	0.12162200000000001	0.7266560000000001	-0.67615	0.0	0.302583	-0.675926	-0.671988	0.0	-0.945332	-0.12286199999999999	-0.302081	0.0	2.90667	1.86382	1.18513	0.35236300000000004	
0	0.883125	0.416191	0.216509	0.0	-0.140587	-0.20551599999999998	0.9685030000000001	0.0	0.447578	-0.885748	-0.122985	0.0	-2.8645099999999997	0.334356	-0.278289	0.35218	0.12162200000000001	0.7266560000000001	-0.67615	0.0	0.302583	-0.675926	-0.671988	0.0	-0.945332	-0.12286199999999999	-0.302081	0.0	2.90667	1.86382	1.18513	0.35236300000000004	
0	0.883125	0.416191	0.216509	0.0	-0.140587	-0.20551599999999998	0.9685030000000001	0.0	0.447578	-0.885748	-0.122985	0.0	-2.8645099999999997	0.334356	-0.278289	0.35218	0.12162200000000001	0.7266560000000001	-0.67615	0.0	0.302583	-0.675926	-0.671988	0.0	-0.945332	-0.12286199999999999	-0.302081	0.0	2.90667	1.86382	1.18513	0.35236300000000004	
0	0.883125	0.416191	0.216509	0.0	-0.140587	-0.20551599999999998	0.9685030000000001	0.0	0.447578	-0.885748	-0.122985	0.0	-2.8645099999999997	0.334356	-0.278289	0.35218	0.12162200000000001	0.7266560000000001	-0.67615	0.0	0.302583	-0.675926	-0.671988	0.0	-0.945332	-0.12286199999999999	-0.302081	0.0	2.90667	1.86382	1.18513	0.35236300000000004	
0	0.883125	0.416191	0.216509	0.0	-0.140587	-0.20551599999999998	0.9685030000000001	0.0	0.447578	-0.885748	-0.122985	0.0	-2.8645099999999997	0.334356	-0.278289	0.35218	0.12162200000000001	0.7266560000000001	-0.67615	0.0	0.302583	-0.675926	-0.671988	0.0	-0.945332	-0.12286199999999999	-0.302081	0.0	2.90667	1.86382	1.18513	0.35236300000000004	
0	0.883125	0.416191	0.216509	0.0	-0.140587	-0.20551599999999998	0.9685030000000001	0.0	0.447578	-0.885748	-0.122985	0.0	-2.8645099999999997	0.334356	-0.278289	0.35218	0.12162200000000001	0.7266560000000001	-0.67615	0.0	0.302583	-0.675926	-0.671988	0.0	-0.945332	-0.12286199999999999	-0.302081	0.0	2.90667	1.86382	1.18513	0.35236300000000004	
0	0.883125	0.416191	0.216509	0.0	-0.140587	-0.20551599999999998	0.9685030000000001	0.0	0.447578	-0.885748	-0.122985	0.0	-2.8645099999999997	0.334356	-0.278289	0.35218	0.12162200000000001	0.7266560000000001	-0.67615	0.0	0.302583	-0.675926	-0.671988	0.0	-0.945332	-0.12286199999999999	-0.302081	0.0	2.90667	1.86382	1.18513	0.35236300000000004	
0	0.883125	0.416191	0.216509	0.0	-0.140587	-0.20551599999999998	0.9685030000000001	0.0	0.447578	-0.885748	-0.122985	0.0	-2.8645099999999997	0.334356	-0.278289	0.35218	0.12162200000000001	0.7266560000000001	-0.67615	0.0	0.302583	-0.675926	-0.671988	0.0	-0.945332	-0.12286199999999999	-0.302081	0.0	2.90667	1.86382	1.18513	0.35236300000000004	
0	0.724487	0.683843	-0.0864749	0.0	0.252452	-0.146508	0.9564540000000001	0.0	0.6413949999999999	-0.714769	-0.278781	0.0	-2.90372	0.432515	-0.265367	0.351471	0.0585693	0.7314	-0.679429	0.0	0.398067	-0.641258	-0.655995	0.0	-0.915484	-0.232037	-0.328705	0.0	2.86512	1.8738099999999998	1.20741	0.352351	
0	0.7746350000000001	0.621847	-0.115094	0.0	0.205427	-0.07530039999999999	0.9757709999999999	0.0	0.598113	-0.77951	-0.186074	0.0	-2.7086099999999997	0.001947	-0.28981599999999996	0.354356	0.051086599999999996	0.733561	-0.677701	0.0	0.407506	-0.634837	-0.656446	0.0	-0.911773	-0.24263099999999999	-0.331362	0.0	2.8727099999999997	1.83919	1.19945	0.352364	
0	0.842403	0.501499	-0.197122	0.0	0.224969	0.00508786	0.974353	0.0	0.48963900000000005	-0.865143	-0.108536	0.0	-2.51062	-0.679647	-0.41719399999999995	0.354241	0.047025300000000006	0.734595	-0.676874	0.0	0.413078	-0.631269	-0.656404	0.0	-0.909481	-0.248734	-0.333131	0.0	2.88904	1.81833	1.20738	0.352256	
0	0.880265	0.411846	-0.235618	0.0	0.227386	0.06968250000000001	0.971308	0.0	0.41644799999999993	-0.9085850000000001	-0.0323088	0.0	-2.3242599999999998	-1.25683	-0.595212	0.353103	0.0395293	0.735657	-0.6762	0.0	0.42049	-0.626138	-0.656612	0.0	-0.906436	-0.25838	-0.334088	0.0	2.9031700000000003	1.7752	1.19464	0.352181	
0	0.931169	0.293823	-0.21585300000000002	0.0	0.202095	0.0767926	0.976351	0.0	0.303451	-0.9527700000000001	0.012126600000000001	0.0	-2.17598	-1.73846	-0.80614	0.351674	0.0365331	0.73493	-0.6771590000000001	0.0	0.424113	-0.624963	-0.6554	0.0	-0.9048719999999999	-0.263248	-0.334525	0.0	2.9123900000000003	1.7450700000000001	1.18022	0.352244	
0	0.9545440000000001	0.177893	-0.23916300000000001	0.0	0.22889299999999999	0.0764845	0.970442	0.0	0.19092699999999999	-0.981073	0.0322894	0.0	-2.13939	-2.15964	-1.0585200000000001	0.350222	0.0334056	0.735355	-0.676858	0.0	0.425733	-0.6231909999999999	-0.656038	0.0	-0.9042319999999999	-0.266245	-0.333883	0.0	2.90751	1.74405	1.17819	0.35233200000000003	
0	0.94757	0.11525	-0.298041	0.0	0.290549	0.0774958	0.953717	0.0	0.13301300000000002	-0.990309	0.039947	0.0	-2.16782	-2.3511900000000003	-1.2032399999999999	0.349079	0.0321208	0.735758	-0.6764819999999999	0.0	0.427336	-0.621958	-0.656165	0.0	-0.9035219999999999	-0.26800799999999997	-0.334394	0.0	2.90616	1.7458799999999999	1.18475	0.352062	
0	0.938116	0.0611846	-0.340873	0.0	0.33575900000000003	0.08053880000000001	0.9384979999999999	0.0	0.0848752	-0.994872	0.0550115	0.0	-2.19234	-2.4531	-1.28325	0.348468	0.0320769	0.7358100000000001	-0.676428	0.0	0.427695	-0.621788	-0.656092	0.0	-0.9033540000000001	-0.268259	-0.334647	0.0	2.9096	1.7427599999999999	1.19505	0.352017	
0	0.9301659999999999	0.0368551	-0.365286	0.0	0.360557	0.09587280000000001	0.927797	0.0	0.069215	-0.994711	0.07588919999999999	0.0	-2.1968400000000003	-2.55618	-1.35313	0.34845	0.031471	0.736889	-0.675281	0.0	0.42732700000000007	-0.620675	-0.657385	0.0	-0.9035489999999999	-0.267877	-0.334426	0.0	2.90888	1.7403400000000002	1.19759	0.352119	
0	0.9191370000000001	-0.00445522	-0.393913	0.0	0.392466	0.0967294	0.914666	0.0	0.0340279	-0.995301	0.090656	0.0	-2.1813599999999997	-2.65355	-1.41486	0.348455	0.0286248	0.736634	-0.6756850000000001	0.0	0.42807799999999996	-0.619873	-0.657652	0.0	-0.9032879999999999	-0.270421	-0.333081	0.0	2.9058599999999997	1.73269	1.1924	0.352174	
0	0.9055120000000001	-0.0514165	-0.42119399999999996	0.0	0.424285	0.0969947	0.9003190000000001	0.0	-0.00543772	-0.993956	0.109645	0.0	-2.18018	-2.75916	-1.47794	0.34838600000000003	0.0278873	0.736166	-0.676226	0.0	0.429101	-0.6198060000000001	-0.657049	0.0	-0.902826	-0.271846	-0.33317399999999997	0.0	2.90065	1.7377200000000002	1.1996200000000001	0.352104	
0	0.8891040000000001	-0.0964442	-0.447428	0.0	0.45556499999999994	0.0920676	0.8854290000000001	0.0	-0.044200800000000005	-0.9910709999999999	0.12579400000000002	0.0	-2.1762799999999998	-2.86606	-1.54649	0.348045	0.027761400000000002	0.736021	-0.6763899999999999	0.0	0.42985500000000004	-0.619683	-0.656672	0.0	-0.9024709999999999	-0.272519	-0.333586	0.0	2.9011299999999998	1.7373299999999998	1.20442	0.352056	
0	0.860059	-0.133193	-0.49250200000000005	0.0	0.506749	0.11100499999999999	0.854917	0.0	-0.0591985	-0.9848540000000001	0.162967	0.0	-2.1594900000000004	-3.01056	-1.60233	0.3452	0.027243	0.736496	-0.6758930000000001	0.0	0.430436	-0.6188939999999999	-0.657036	0.0	-0.9022100000000001	-0.273029	-0.333874	0.0	2.9051400000000003	1.73997	1.20402	0.352057	
0	0.853884	-0.134088	-0.502894	0.0	0.517662	0.118697	0.8473120000000001	0.0	-0.053922199999999997	-0.983835	0.170766	0.0	-2.14708	-3.04644	-1.60362	0.344862	0.02713	0.7364470000000001	-0.675951	0.0	0.430842	-0.618785	-0.656872	0.0	-0.90202	-0.273407	-0.33408000000000004	0.0	2.90457	1.7407599999999999	1.20708	0.351892	
0	0.844972	-0.141307	-0.515804	0.0	0.531907	0.12169	0.8380129999999999	0.0	-0.0556489	-0.9824579999999999	0.17798699999999998	0.0	-2.03067	-3.12942	-1.6157	0.345454	0.027262599999999998	0.736372	-0.676028	0.0	0.42970200000000003	-0.6192409999999999	-0.657188	0.0	-0.902559	-0.272574	-0.333303	0.0	2.90444	1.7393900000000002	1.2064700000000002	0.351945	
0	0.846584	-0.154797	-0.509247	0.0	0.5272399999999999	0.112874	0.8421860000000001	0.0	-0.07288689999999999	-0.981477	0.177173	0.0	-2.0223400000000002	-3.19195	-1.6529099999999999	0.34615799999999997	0.0268519	0.7355649999999999	-0.676922	0.0	0.429911	-0.619841	-0.656485	0.0	-0.9024719999999999	-0.273389	-0.33287100000000003	0.0	2.9053	1.74017	1.21186	0.351887	
0	0.850698	-0.16356099999999998	-0.49956000000000006	0.0	0.519202	0.113001	0.8471489999999999	0.0	-0.08211	-0.9800399999999999	0.181051	0.0	-2.02619	-3.28706	-1.67232	0.346275	0.026700900000000003	0.735626	-0.6768609999999999	0.0	0.43115200000000004	-0.6193609999999999	-0.656125	0.0	-0.901884	-0.274311	-0.333704	0.0	2.90361	1.74669	1.21494	0.351887	
0	0.853793	-0.17615899999999998	-0.489903	0.0	0.511407	0.10761099999999998	0.8525739999999999	0.0	-0.0974699	-0.978462	0.18196700000000002	0.0	-2.01745	-3.37995	-1.7087900000000003	0.34629099999999996	0.0270048	0.7356600000000001	-0.676812	0.0	0.43146599999999996	-0.619322	-0.6559550000000001	0.0	-0.901725	-0.274308	-0.33413699999999996	0.0	2.90472	1.74595	1.2148	0.35185900000000003	
0	0.856923	-0.186924	-0.480357	0.0	0.503445	0.10360699999999999	0.857793	0.0	-0.110574	-0.9768959999999999	0.18288900000000002	0.0	-2.01198	-3.40945	-1.7337	0.34676399999999996	0.026627099999999997	0.7353810000000001	-0.67713	0.0	0.43130799999999997	-0.619529	-0.655864	0.0	-0.9018120000000001	-0.274588	-0.33367199999999997	0.0	2.9019999999999997	1.74945	1.2198799999999999	0.35183400000000004	
0	0.8590969999999999	-0.203525	-0.469605	0.0	0.49492200000000003	0.0965796	0.863554	0.0	-0.130401	-0.974295	0.1837	0.0	-1.99253	-3.4140300000000003	-1.7331599999999998	0.346545	0.027079000000000002	0.734995	-0.677532	0.0	0.43207700000000004	-0.6198020000000001	-0.6551	0.0	-0.90143	-0.275006	-0.334358	0.0	2.903	1.75105	1.22068	0.35175	
0	0.859916	-0.212022	-0.464318	0.0	0.49016400000000004	0.089187	0.8670559999999999	0.0	-0.142424	-0.9731870000000001	0.180619	0.0	-1.9805400000000002	-3.41739	-1.7317099999999999	0.34677600000000003	0.0269113	0.735038	-0.677491	0.0	0.431166	-0.619988	-0.655524	0.0	-0.9018709999999999	-0.27447	-0.333608	0.0	2.90172	1.74963	1.2214200000000002	0.35186100000000003	
0	0.858625	-0.223694	-0.461221	0.0	0.48642700000000005	0.0717026	0.8707739999999999	0.0	-0.161716	-0.9720190000000001	0.170376	0.0	-1.9630900000000002	-3.4226900000000002	-1.7302	0.346267	0.025935900000000005	0.735255	-0.677295	0.0	0.431367	-0.61943	-0.6559189999999999	0.0	-0.901804	-0.27515	-0.33323	0.0	2.90213	1.75237	1.2264700000000002	0.35182199999999997	
0	0.8629600000000001	-0.222478	-0.45365600000000006	0.0	0.473884	0.0448451	0.879445	0.0	-0.17531300000000002	-0.9739059999999999	0.144128	0.0	-1.97882	-3.42973	-1.7643400000000002	0.346008	0.025745	0.735224	-0.677335	0.0	0.4332	-0.618841	-0.655266	0.0	-0.9009299999999999	-0.276552	-0.334432	0.0	2.9024400000000004	1.7526599999999999	1.22565	0.35177600000000003	
0	0.85887	-0.24500500000000003	-0.449795	0.0	0.46646400000000005	0.0114416	0.884466	0.0	-0.21155300000000002	-0.969454	0.12411300000000001	0.0	-2.02838	-3.6486099999999997	-1.87353	0.343625	0.025805	0.734234	-0.6784060000000001	0.0	0.43349399999999993	-0.619725	-0.654235	0.0	-0.9007870000000001	-0.277202	-0.334278	0.0	2.90397	1.7551400000000001	1.22671	0.351688	
0	0.8601540000000001	-0.249504	-0.44483900000000004	0.0	0.45819	-0.00511929	0.88884	0.0	-0.22404699999999997	-0.96836	0.109917	0.0	-2.0232200000000002	-3.65343	-1.86844	0.342903	0.025483099999999998	0.733873	-0.678809	0.0	0.434072	-0.619799	-0.6537810000000001	0.0	-0.900518	-0.277992	-0.33434899999999995	0.0	2.90299	1.75203	1.22833	0.351655	
0	0.856294	-0.258033	-0.44741499999999995	0.0	0.457167	-0.0244267	0.8890450000000001	0.0	-0.24033200000000002	-0.965827	0.09704760000000001	0.0	-2.02145	-3.65409	-1.89152	0.35541500000000004	0.02557	0.73346	-0.6792520000000001	0.0	0.434432	-0.620112	-0.653246	0.0	-0.900341	-0.278385	-0.334495	0.0	2.9013	1.7533900000000002	1.23151	0.351578	
0	0.8483040000000001	-0.266833	-0.457363	0.0	0.46072399999999997	-0.053776300000000006	0.885913	0.0	-0.260986	-0.962241	0.0773179	0.0	-2.02021	-3.6465199999999998	-1.93982	0.35515	0.025599200000000003	0.734279	-0.678365	0.0	0.43479799999999996	-0.619219	-0.653849	0.0	-0.900164	-0.27821399999999996	-0.335115	0.0	2.90052	1.7523	1.2277200000000001	0.351654	
0	0.8404870000000001	-0.284693	-0.461012	0.0	0.464621	-0.05905830000000001	0.8835379999999999	0.0	-0.278764	-0.9567979999999999	0.0826367	0.0	-2.03642	-3.6464800000000004	-1.99347	0.350686	0.026118799999999998	0.733567	-0.6791149999999999	0.0	0.434071	-0.6202840000000001	-0.653323	0.0	-0.9005	-0.27771999999999997	-0.334622	0.0	2.9009099999999997	1.75499	1.22843	0.351575	
0	0.8416530000000001	-0.287598	-0.457063	0.0	0.466074	-0.0406318	0.883812	0.0	-0.272754	-0.956889	0.0998442	0.0	-2.03796	-3.6492	-2.0049200000000003	0.346722	0.0257465	0.733321	-0.679395	0.0	0.434985	-0.6201270000000001	-0.652864	0.0	-0.90007	-0.27871799999999997	-0.33495	0.0	2.90045	1.7592	1.2330299999999998	0.35141300000000003	
0	0.8430200000000001	-0.29334499999999997	-0.45085	0.0	0.469131	-0.00903456	0.8830819999999999	0.0	-0.263121	-0.9559639999999999	0.130001	0.0	-2.04601	-3.6587400000000003	-2.02921	0.344073	0.0260903	0.732645	-0.680111	0.0	0.435067	-0.6208520000000001	-0.652119	0.0	-0.90002	-0.27888	-0.334948	0.0	2.90375	1.7583799999999998	1.23102	0.351568	
0	0.84145	-0.293129	-0.45391400000000004	0.0	0.474455	-0.00116204	0.880279	0.0	-0.258563	-0.9560719999999999	0.138099	0.0	-2.05016	-3.6573599999999997	-2.04264	0.33266799999999996	0.0258853	0.732708	-0.6800510000000001	0.0	0.435325	-0.6206510000000001	-0.652139	0.0	-0.8999010000000001	-0.27916199999999997	-0.335032	0.0	2.90467	1.7566700000000002	1.23081	0.351441	
0	0.8377389999999999	-0.30025799999999997	-0.45611199999999996	0.0	0.48658999999999997	0.031367400000000004	0.873067	0.0	-0.24783899999999998	-0.953342	0.17238	0.0	-2.06397	-3.6443	-2.08918	0.314811	0.0250605	0.733559	-0.679164	0.0	0.43634799999999996	-0.61927	-0.652767	0.0	-0.899429	-0.279993	-0.335606	0.0	2.9110099999999997	1.75928	1.2343899999999999	0.35142199999999996	
0	0.831263	-0.315345	-0.45777700000000004	0.0	0.495729	0.0479424	0.8671530000000001	0.0	-0.251506	-0.947765	0.196179	0.0	-2.07102	-3.63383	-2.14154	0.275683	0.025728300000000003	0.7326600000000001	-0.680108	0.0	0.43624399999999997	-0.620364	-0.6517970000000001	0.0	-0.89946	-0.27992399999999995	-0.33558000000000004	0.0	2.91818	1.7597900000000002	1.2294	0.35131	
0	0.8240790000000001	-0.335201	-0.456654	0.0	0.504057	0.0660452	0.861142	0.0	-0.258496	-0.9398290000000001	0.223387	0.0	-2.09294	-3.62097	-2.2337	0.192699	0.0253168	0.73258	-0.68021	0.0	0.437087	-0.620055	-0.651526	0.0	-0.899063	-0.280816	-0.335899	0.0	2.91933	1.76197	1.2323600000000001	0.351547	
0	0.818116	-0.34925700000000004	-0.456844	0.0	0.509234	0.0709457	0.857699	0.0	-0.267146	-0.9343370000000001	0.235895	0.0	-2.08705	-3.6225199999999997	-2.25121	0.187151	0.0251351	0.732885	-0.679888	0.0	0.437637	-0.619537	-0.65165	0.0	-0.8988	-0.281165	-0.33631	0.0	2.92183	1.7640099999999999	1.22953	0.35147399999999995	
0	0.814972	-0.35254800000000003	-0.459925	0.0	0.5113489999999999	0.0640711	0.856982	0.0	-0.27265900000000004	-0.9335979999999999	0.23249099999999998	0.0	-2.08304	-3.62417	-2.25061	0.186789	0.0248643	0.7328020000000001	-0.679987	0.0	0.43779799999999996	-0.6194850000000001	-0.6515920000000001	0.0	-0.8987299999999999	-0.281495	-0.33622199999999997	0.0	2.91948	1.76564	1.23037	0.351511	
0	0.8092239999999999	-0.358738	-0.465257	0.0	0.5169779999999999	0.058612	0.8539899999999999	0.0	-0.279089	-0.9315969999999999	0.23289	0.0	-2.07583	-3.6257599999999996	-2.2515	0.186873	0.023928799999999997	0.733416	-0.679358	0.0	0.439641	-0.618035	-0.651728	0.0	-0.897855	-0.283078	-0.337229	0.0	2.92881	1.76751	1.23252	0.351378	
0	0.8053859999999999	-0.350306	-0.478162	0.0	0.531447	0.0694752	0.8442379999999999	0.0	-0.262521	-0.934055	0.242123	0.0	-2.0859099999999997	-3.6209	-2.26009	0.186885	0.0238378	0.7348859999999999	-0.677771	0.0	0.439216	-0.6167279999999999	-0.653251	0.0	-0.898065	-0.282116	-0.337475	0.0	2.94077	1.7643400000000002	1.22413	0.351426	
0	0.804441	-0.341994	-0.48571099999999995	0.0	0.537782	0.071973	0.8400059999999999	0.0	-0.252319	-0.936942	0.24181599999999998	0.0	-2.09232	-3.62031	-2.26185	0.18665299999999999	0.0237297	0.734961	-0.6776939999999999	0.0	0.439162	-0.61664	-0.65337	0.0	-0.8980950000000001	-0.282113	-0.337399	0.0	2.94307	1.7639900000000002	1.22345	0.351392	
0	0.80252	-0.337296	-0.49213100000000004	0.0	0.544841	0.0781873	0.834886	0.0	-0.243125	-0.9381459999999999	0.24652	0.0	-2.09531	-3.6196699999999997	-2.2641	0.187033	0.023575799999999997	0.7348100000000001	-0.677864	0.0	0.439522	-0.616626	-0.653141	0.0	-0.8979219999999999	-0.282538	-0.337503	0.0	2.9415299999999998	1.76247	1.2225	0.351346	
0	0.793493	-0.32771999999999996	-0.512804	0.0	0.565149	0.0841948	0.820682	0.0	-0.225778	-0.941016	0.25201799999999996	0.0	-2.10488	-3.61154	-2.2593799999999997	0.186542	0.024218299999999998	0.734159	-0.678546	0.0	0.439887	-0.617332	-0.652228	0.0	-0.897726	-0.282688	-0.337898	0.0	2.94235	1.7621	1.22274	0.35132800000000003	
0	0.794902	-0.31874600000000003	-0.5162680000000001	0.0	0.5645020000000001	0.0766082	0.8218690000000001	0.0	-0.222417	-0.944739	0.24082800000000001	0.0	-2.11001	-3.60112	-2.2524599999999997	0.18657100000000001	0.024083900000000002	0.734516	-0.678164	0.0	0.43956300000000004	-0.61705	-0.652713	0.0	-0.8978889999999999	-0.282376	-0.337727	0.0	2.94214	1.7605	1.2232399999999999	0.351379	
0	0.7981560000000001	-0.274604	-0.536227	0.0	0.568001	0.0463304	0.821723	0.0	-0.20080499999999998	-0.960441	0.192954	0.0	-2.19801	-3.53041	-2.1036200000000003	0.1868	0.024880799999999998	0.735212	-0.677381	0.0	0.43914899999999996	-0.61675	-0.653275	0.0	-0.89807	-0.281217	-0.338213	0.0	2.9419999999999997	1.7566	1.21973	0.351528	
0	0.8018430000000001	-0.25898000000000004	-0.538495	0.0	0.5658380000000001	0.0394784	0.8235709999999999	0.0	-0.192029	-0.965076	0.178196	0.0	-2.2086200000000002	-3.39661	-2.0829400000000002	0.186771	0.0245188	0.7355229999999999	-0.677056	0.0	0.439334	-0.616282	-0.6535920000000001	0.0	-0.8979889999999999	-0.281428	-0.338251	0.0	2.93912	1.75885	1.2193200000000002	0.351632	
0	0.8052090000000001	-0.244637	-0.540177	0.0	0.56239	0.0261995	0.826457	0.0	-0.188029	-0.969261	0.15867699999999998	0.0	-2.19257	-3.1924799999999998	-2.0685	0.186863	0.0242956	0.7361770000000001	-0.676353	0.0	0.43977200000000005	-0.615446	-0.654085	0.0	-0.8977809999999999	-0.28155	-0.33870300000000003	0.0	2.93804	1.76063	1.2245700000000002	0.351636	
0	0.812051	-0.22799499999999998	-0.537207	0.0	0.55569	0.020879599999999998	0.8311280000000001	0.0	-0.178277	-0.9734379999999999	0.14365	0.0	-2.16772	-3.0209799999999998	-2.03747	0.18693900000000002	0.0240917	0.7365229999999999	-0.675983	0.0	0.43991899999999995	-0.615003	-0.654403	0.0	-0.8977139999999999	-0.281612	-0.338827	0.0	2.9403099999999998	1.75836	1.22184	0.35192399999999996	
0	0.8211219999999999	-0.20318599999999998	-0.533362	0.0	0.547388	0.015703	0.8367319999999999	0.0	-0.161636	-0.9790139999999999	0.124115	0.0	-2.11807	-2.8065900000000004	-1.98639	0.18682	0.0237862	0.73751	-0.674917	0.0	0.440198	-0.613865	-0.655283	0.0	-0.8975860000000001	-0.28151	-0.339252	0.0	2.94093	1.7524400000000002	1.2197	0.35171399999999997	
0	0.829076	-0.180452	-0.529217	0.0	0.5402600000000001	0.0146821	0.8413700000000001	0.0	-0.144057	-0.983474	0.10966300000000001	0.0	-2.06861	-2.5676799999999997	-1.92239	0.18693800000000002	0.024037	0.73739	-0.67504	0.0	0.43938599999999994	-0.614313	-0.655408	0.0	-0.897977	-0.28084899999999996	-0.338765	0.0	2.93823	1.7496599999999998	1.21536	0.35171199999999997	
0	0.8351959999999999	-0.15700999999999998	-0.5270630000000001	0.0	0.534904	0.00926568	0.8448620000000001	0.0	-0.127768	-0.987554	0.09172369999999999	0.0	-1.9914	-2.34349	-1.84038	0.186824	0.0238173	0.73754	-0.674883	0.0	0.439223	-0.614151	-0.655669	0.0	-0.898062	-0.280808	-0.338572	0.0	2.93303	1.74803	1.21888	0.351933	
0	0.8414010000000001	-0.133804	-0.523584	0.0	0.528972	0.00562529	0.848621	0.0	-0.11060299999999999	-0.990992	0.0755115	0.0	-1.9281700000000002	-2.1369700000000003	-1.7987900000000001	0.18693900000000002	0.0233067	0.737114	-0.675366	0.0	0.439564	-0.614302	-0.6552979999999999	0.0	-0.8979090000000001	-0.281594	-0.338326	0.0	2.93197	1.7456599999999998	1.21559	0.352064	
0	0.8489389999999999	-0.107726	-0.5173949999999999	0.0	0.521231	0.00895229	0.853369	0.0	-0.0872984	-0.9941399999999999	0.06375030000000001	0.0	-1.8901299999999999	-1.99347	-1.73563	0.18682200000000002	0.023137900000000003	0.7379180000000001	-0.6744939999999999	0.0	0.439895	-0.613367	-0.655953	0.0	-0.8977510000000001	-0.281529	-0.338798	0.0	2.9289	1.7463099999999998	1.21858	0.35194000000000003	
0	0.861506	-0.0531427	-0.504958	0.0	0.506601	0.0232023	0.8618680000000001	0.0	-0.0340858	-0.998317	0.0469111	0.0	-1.83358	-1.8159	-1.6893099999999999	0.186937	0.023606	0.738295	-0.6740649999999999	0.0	0.43923900000000005	-0.613348	-0.65641	0.0	-0.8980600000000001	-0.28058099999999997	-0.338767	0.0	2.92678	1.74785	1.21953	0.351867	
0	0.8708450000000001	0.0235023	-0.490996	0.0	0.490068	0.036199699999999994	0.8709319999999999	0.0	0.03824280000000001	-0.9990680000000001	0.020006599999999996	0.0	-1.79315	-1.6518599999999999	-1.6908599999999998	0.18682200000000002	0.023026400000000002	0.739083	-0.673221	0.0	0.43958	-0.612296	-0.657163	0.0	-0.897908	-0.280802	-0.338985	0.0	2.9271	1.74375	1.2163899999999999	0.351921	
0	0.8504139999999999	0.130314	-0.50972	0.0	0.499638	0.10343599999999999	0.860037	0.0	0.164798	-0.9860629999999999	0.0228535	0.0	-1.72605	-1.53239	-1.6816900000000001	0.186852	0.030601999999999997	0.730946	-0.6817489999999999	0.0	0.438738	-0.622671	-0.647912	0.0	-0.8980940000000001	-0.279281	-0.33974899999999997	0.0	2.9313700000000003	1.74022	1.20144	0.352037	
0	0.802021	0.238544	-0.5475939999999999	0.0	0.500359	0.23235300000000003	0.834058	0.0	0.32619499999999996	-0.942926	0.0669946	0.0	-1.71507	-1.47672	-1.6493900000000001	0.186824	0.0808325	0.688224	-0.720982	0.0	0.43840200000000007	-0.674171	-0.5943890000000001	0.0	-0.8951370000000001	-0.268034	-0.356213	0.0	2.9681	1.74115	1.14542	0.352125	
0	0.690712	0.36849	-0.622199	0.0	0.49464600000000003	0.386876	0.778237	0.0	0.527487	-0.845306	0.0849484	0.0	-1.74626	-1.38774	-1.5882399999999999	0.18695799999999999	0.198544	0.5557529999999999	-0.807291	0.0	0.37390999999999996	-0.804342	-0.46176300000000003	0.0	-0.905964	-0.21017399999999997	-0.36749899999999996	0.0	3.06106	1.7306700000000002	0.97959	0.351773	
0	0.557614	0.464131	-0.688222	0.0	0.467333	0.509685	0.722372	0.0	0.686051	-0.724434	0.0673037	0.0	-1.8294599999999999	-1.33174	-1.58912	0.18685	0.28168000000000004	0.370704	-0.885006	0.0	0.284441	-0.9131549999999999	-0.29196300000000003	0.0	-0.916379	-0.169492	-0.362661	0.0	3.11089	1.7064700000000002	0.873326	0.34972	
4	0.372769	0.5282560000000001	-0.762882	0.0	0.402798	0.648522	0.645889	0.0	0.8359409999999999	-0.5480550000000001	0.0289688	0.0	-1.93803	-1.26476	-1.64199	0.186947	0.321811	0.21055300000000002	-0.9230950000000001	0.0	0.238871	-0.961476	-0.136032	0.0	-0.916176	-0.176724	-0.359709	0.0	3.15901	1.62721	0.744858	0.345523	
4	0.168107	0.533987	-0.8286120000000001	0.0	0.30454200000000003	0.771323	0.558852	0.0	0.9375469999999999	-0.346294	-0.032956400000000004	0.0	-2.00215	-1.2185700000000002	-1.7343	0.18693800000000002	0.316662	0.0534374	-0.947032	0.0	0.20154	-0.979406	0.012125499999999999	0.0	-0.9268799999999999	-0.194705	-0.32091	0.0	3.21257	1.4579	0.619374	0.339998	
4	-0.0808421	0.474467	-0.876554	0.0	0.16189800000000001	0.8740040000000001	0.45815500000000003	0.0	0.983491	-0.104874	-0.147471	0.0	-2.06251	-1.1457600000000001	-1.86537	0.186825	0.292529	-0.132883	-0.9469790000000001	0.0	0.161894	-0.9691200000000001	0.186001	0.0	-0.9424530000000001	-0.20772100000000002	-0.26198299999999997	0.0	3.18525	1.2421	0.439705	0.340497	
4	-0.21255500000000002	0.395529	-0.8935200000000001	0.0	0.0659107	0.9181360000000001	0.390746	0.0	0.974924	0.0241626	-0.22122399999999998	0.0	-2.12846	-1.11248	-1.9913	0.186826	0.273997	-0.225921	-0.9348190000000001	0.0	0.142087	-0.9518409999999999	0.271681	0.0	-0.951177	-0.20726599999999998	-0.228702	0.0	3.14108	1.17593	0.337931	0.34114	
4	-0.347876	0.25957800000000003	-0.9008889999999999	0.0	-0.0630614	0.9522520000000001	0.298729	0.0	0.935417	0.16073199999999999	-0.314897	0.0	-2.1612299999999998	-1.0701200000000002	-2.15747	0.186932	0.251988	-0.29138800000000004	-0.9228190000000001	0.0	0.130146	-0.934724	0.330685	0.0	-0.958939	-0.20343	-0.197616	0.0	3.05356	1.1165200000000002	0.146117	0.34168899999999996	
4	-0.434961	0.11281500000000001	-0.8933540000000001	0.0	-0.21144899999999997	0.9515809999999999	0.223119	0.0	0.8752709999999999	0.285947	-0.390046	0.0	-2.18089	-1.02546	-2.37868	0.18682100000000001	0.244335	-0.345481	-0.9060590000000001	0.0	0.10756700000000001	-0.918956	0.379406	0.0	-0.963706	-0.190164	-0.187371	0.0	2.91761	1.0991799999999998	-0.0831285	0.342045	
4	-0.46248100000000003	-0.019048	-0.886424	0.0	-0.313472	0.9387110000000001	0.143378	0.0	0.829365	0.344179	-0.44010699999999997	0.0	-2.1228700000000003	-1.04996	-2.55196	0.18693800000000002	0.255884	-0.384995	-0.8867370000000001	0.0	0.0762511	-0.90638	0.415526	0.0	-0.9636959999999999	-0.173941	-0.202572	0.0	2.7609	1.08388	-0.335832	0.342305	
4	-0.45193599999999995	-0.12781900000000002	-0.8828459999999999	0.0	-0.41367600000000004	0.906861	0.0804684	0.0	0.790333	0.40157800000000005	-0.46271899999999994	0.0	-1.9330900000000002	-1.0968	-2.66677	0.18694000000000002	0.284508	-0.44787	-0.8476239999999999	0.0	0.020442	-0.881129	0.47243500000000005	0.0	-0.958456	-0.151739	-0.241533	0.0	2.5364299999999997	1.05261	-0.702645	0.342812	
4	-0.430084	-0.186132	-0.883393	0.0	-0.470875	0.881122	0.04359419999999999	0.0	0.770263	0.434716	-0.46660100000000004	0.0	-1.7554299999999998	-1.08394	-2.69009	0.186818	0.313567	-0.49549499999999996	-0.810038	0.0	-0.0214124	-0.856534	0.5156470000000001	0.0	-0.949325	-0.144345	-0.27919	0.0	2.36335	1.0023	-1.00084	0.343404	
4	-0.421598	-0.21406399999999998	-0.8811540000000001	0.0	-0.515001	0.8563299999999999	0.0383752	0.0	0.746344	0.469974	-0.47126999999999997	0.0	-1.5341799999999999	-1.03798	-2.62948	0.186474	0.349294	-0.565755	-0.746937	0.0	-0.050994300000000006	-0.807443	0.587738	0.0	-0.935624	-0.167204	-0.31088499999999997	0.0	2.11423	0.831491	-1.34395	0.34424499999999997	
4	-0.45943500000000004	-0.07534819999999999	-0.8850100000000001	0.0	-0.47575200000000006	0.8622850000000001	0.17356300000000002	0.0	0.750053	0.500786	-0.432011	0.0	-1.43641	-1.04465	-2.53373	0.186121	0.34825	-0.6597970000000001	-0.665875	0.0	-0.0716368	-0.726997	0.682894	0.0	-0.9346610000000001	-0.190117	-0.300442	0.0	1.95013	0.6220979999999999	-1.51047	0.34474099999999996	
4	-0.490438	0.021966299999999998	-0.871199	0.0	-0.45355100000000004	0.847193	0.276686	0.0	0.744152	0.53083	-0.405533	0.0	-1.39636	-1.0145899999999999	-2.48806	0.18601199999999998	0.347119	-0.701101	-0.622869	0.0	-0.071703	-0.682062	0.72777	0.0	-0.935076	-0.207961	-0.287028	0.0	1.8791099999999998	0.51002	-1.55582	0.344868	
4	-0.49921000000000004	0.13106900000000002	-0.85651	0.0	-0.428641	0.8217120000000001	0.37557399999999996	0.0	0.753031	0.5546260000000001	-0.354025	0.0	-1.4043	-0.957182	-2.4212	0.185845	0.33089	-0.746732	-0.576978	0.0	-0.0705928	-0.629293	0.7739550000000001	0.0	-0.941025	-0.215363	-0.26094	0.0	1.75109	0.373861	-1.6130200000000001	0.34571799999999997	
4	-0.498478	0.184591	-0.8470219999999999	0.0	-0.40574299999999996	0.813764	0.416126	0.0	0.766089	0.551103	-0.33074699999999996	0.0	-1.42387	-0.9331950000000001	-2.39704	0.185779	0.329331	-0.762788	-0.556504	0.0	-0.06779810000000001	-0.606965	0.791832	0.0	-0.9417770000000001	-0.223045	-0.251608	0.0	1.6871200000000002	0.335969	-1.63873	0.34626799999999996	
4	-0.507359	0.26926100000000003	-0.818587	0.0	-0.358777	0.7976800000000001	0.484754	0.0	0.783496	0.5396350000000001	-0.308105	0.0	-1.48235	-0.850295	-2.31468	0.184998	0.319395	-0.807901	-0.49526099999999995	0.0	-0.06292719999999999	-0.539565	0.8395889999999999	0.0	-0.94553	-0.23699499999999998	-0.223173	0.0	1.5849	0.24536999999999998	-1.6916200000000001	0.347092	
4	-0.5074390000000001	0.280958	-0.814597	0.0	-0.353387	0.7943399999999999	0.49410699999999996	0.0	0.78589	0.5385979999999999	-0.303792	0.0	-1.48584	-0.8390850000000001	-2.30698	0.18499000000000002	0.316985	-0.814448	-0.48599799999999993	0.0	-0.061182400000000005	-0.5289159999999999	0.8464659999999999	0.0	-0.9464549999999999	-0.238583	-0.217489	0.0	1.57687	0.22991999999999999	-1.69743	0.347213	
4	-0.516177	0.305004	-0.800334	0.0	-0.349873	0.777831	0.52208	0.0	0.7817609999999999	0.549501	-0.294786	0.0	-1.49068	-0.758976	-2.2703	0.184719	0.306093	-0.8451549999999999	-0.43820200000000004	0.0	-0.0522525	-0.474516	0.8786950000000001	0.0	-0.950567	-0.246065	-0.189408	0.0	1.49232	0.0851336	-1.7809400000000002	0.346816	
4	-0.516296	0.302777	-0.8011020000000001	0.0	-0.35347199999999995	0.7766890000000001	0.521356	0.0	0.780062	0.552341	-0.293978	0.0	-1.48173	-0.745242	-2.26897	0.18470699999999998	0.30338000000000004	-0.8501850000000001	-0.43028599999999995	0.0	-0.0511441	-0.465447	0.883597	0.0	-0.9514959999999999	-0.24606	-0.18468900000000002	0.0	1.44456	0.0546451	-1.8227200000000001	0.34678400000000004	
4	-0.505332	0.305992	-0.806851	0.0	-0.36140700000000003	0.774016	0.519889	0.0	0.783597	0.554318	-0.280547	0.0	-1.43254	-0.697713	-2.2109	0.184635	0.305093	-0.857291	-0.414692	0.0	-0.046150699999999996	-0.44825200000000004	0.8927149999999999	0.0	-0.951204	-0.253223	-0.176323	0.0	1.4000299999999999	-0.0562467	-1.92733	0.346542	
4	-0.49550600000000006	0.311248	-0.810925	0.0	-0.35481599999999996	0.779621	0.516039	0.0	0.79283	0.543429	-0.275871	0.0	-1.41448	-0.687753	-2.19277	0.18473	0.30583299999999997	-0.8589209999999999	-0.410757	0.0	-0.0430079	-0.44345200000000007	0.895266	0.0	-0.9511129999999999	-0.25613600000000003	-0.17256300000000002	0.0	1.39543	-0.100741	-1.96497	0.34681999999999996	
4	-0.48954899999999996	0.318974	-0.8115399999999999	0.0	-0.35538600000000004	0.776899	0.5197390000000001	0.0	0.796268	0.5428470000000001	-0.266971	0.0	-1.36392	-0.676888	-2.17594	0.18470799999999998	0.308711	-0.858065	-0.410393	0.0	-0.036823	-0.44192600000000004	0.8962959999999999	0.0	-0.950443	-0.261585	-0.168024	0.0	1.3502	-0.19345299999999999	-2.02695	0.346765	
4	-0.493309	0.313869	-0.811254	0.0	-0.36846799999999996	0.769425	0.521744	0.0	0.787958	0.5563020000000001	-0.263914	0.0	-1.32111	-0.654184	-2.1903900000000003	0.184614	0.306541	-0.8601989999999999	-0.407541	0.0	-0.0312741	-0.43702399999999997	0.898906	0.0	-0.9513440000000001	-0.262806	-0.160868	0.0	1.28178	-0.270642	-2.07483	0.346762	
4	-0.49317799999999995	0.327962	-0.80574	0.0	-0.363319	0.763917	0.533319	0.0	0.790427	0.555762	-0.257592	0.0	-1.3026200000000001	-0.635073	-2.19697	0.184613	0.302027	-0.863072	-0.404829	0.0	-0.0253169	-0.43177299999999996	0.9016270000000001	0.0	-0.9529629999999999	-0.262067	-0.152258	0.0	1.23737	-0.31789	-2.10038	0.34663299999999997	
4	-0.493316	0.337495	-0.801709	0.0	-0.359898	0.759882	0.541343	0.0	0.791905	0.5555859999999999	-0.253399	0.0	-1.29387	-0.60342	-2.21686	0.184622	0.298917	-0.8643139999999999	-0.404488	0.0	-0.0234966	-0.43040500000000004	0.90233	0.0	-0.95399	-0.260218	-0.148964	0.0	1.18373	-0.34252	-2.1640900000000003	0.346463	
4	-0.49369799999999997	0.34672	-0.7975260000000001	0.0	-0.356609	0.755714	0.549296	0.0	0.793153	0.555591	-0.24945100000000003	0.0	-1.2752	-0.58487	-2.25625	0.184623	0.29773099999999997	-0.8637870000000001	-0.406483	0.0	-0.020621900000000002	-0.43151300000000004	0.9018709999999999	0.0	-0.954427	-0.260133	-0.146288	0.0	1.1133	-0.347215	-2.18348	0.346263	
4	-0.492512	0.347725	-0.797821	0.0	-0.35767899999999997	0.754844	0.549797	0.0	0.793408	0.556146	-0.247396	0.0	-1.25219	-0.579019	-2.27695	0.184623	0.29691	-0.8638399999999999	-0.40697	0.0	-0.019875200000000003	-0.431687	0.901805	0.0	-0.954699	-0.259666	-0.145341	0.0	1.0779	-0.343857	-2.2006799999999997	0.346091	
4	-0.488242	0.352944	-0.798154	0.0	-0.359002	0.752378	0.552308	0.0	0.7954479999999999	0.556199	-0.24063400000000001	0.0	-1.2134	-0.572973	-2.3231	0.18462699999999999	0.293623	-0.86439	-0.408186	0.0	-0.0192977	-0.43228199999999994	0.901532	0.0	-0.955727	-0.256834	-0.143609	0.0	1.0171299999999999	-0.334156	-2.2162	0.345493	
4	-0.483725	0.352705	-0.801005	0.0	-0.353202	0.7587020000000001	0.547375	0.0	0.800787	0.5476949999999999	-0.24242800000000003	0.0	-1.18616	-0.568317	-2.3508299999999998	0.184718	0.290745	-0.864389	-0.410243	0.0	-0.0199069	-0.434138	0.9006270000000001	0.0	-0.956594	-0.253686	-0.143431	0.0	1.00219	-0.330463	-2.22704	0.34529899999999997	
