3	-0.149042	0.592749	-0.7914770000000001	0.0	0.016234600000000002	0.801776	0.597404	0.0	0.988698	0.07618889999999999	-0.129121	0.0	-2.84041	2.2139900000000003	1.34418	0.0	-0.027682400000000003	0.45186000000000004	-0.891659	0.0	0.145422	-0.880691	-0.450817	0.0	-0.9889819999999999	-0.142146	-0.041330900000000004	0.0	2.76772	2.21463	1.5282	0.0	
3	-0.20896599999999999	0.6254930000000001	-0.751726	0.0	0.0356501	0.773058	0.633333	0.0	0.977273	0.105546	-0.183842	0.0	-2.82669	2.4024400000000004	1.29944	0.0	0.030923700000000002	0.461133	-0.886792	0.0	0.119559	-0.882553	-0.45476000000000005	0.0	-0.992346	-0.09196080000000001	-0.0824245	0.0	2.76198	2.33201	1.46343	0.0	
3	-0.202955	0.709691	-0.674646	0.0	0.0942479	0.6999449999999999	0.707951	0.0	0.974642	0.080098	-0.20894400000000002	0.0	-2.8488599999999997	2.59642	1.2519200000000001	0.125322	0.0729329	0.49388699999999996	-0.8664620000000001	0.0	0.102718	-0.867876	-0.486046	0.0	-0.9920329999999999	-0.0535521	-0.11402799999999999	0.0	2.81394	2.51537	1.4051799999999999	0.16046	
3	-0.144249	0.797325	-0.586059	0.0	0.171103	0.60343	0.7788430000000001	0.0	0.9746360000000001	0.0120709	-0.223469	0.0	-2.86642	2.6532400000000003	1.23981	0.3436	0.08171010000000001	0.5251439999999999	-0.847082	0.0	0.10946900000000001	-0.84951	-0.5160899999999999	0.0	-0.990626	-0.0505598	-0.12690099999999999	0.0	2.82959	2.57065	1.37194	0.26748099999999997	
3	-0.0745317	0.851447	-0.519117	0.0	0.25735399999999997	0.519354	0.814887	0.0	0.9634389999999999	-0.072862	-0.257832	0.0	-2.89205	2.63975	1.2322799999999998	0.347622	0.0865794	0.562878	-0.821993	0.0	0.149586	-0.823082	-0.547868	0.0	-0.984951	-0.07552460000000001	-0.155461	0.0	2.90198	2.56193	1.34084	0.306452	
3	-0.042689599999999994	0.878757	-0.47535600000000006	0.0	0.285197	0.466712	0.8371639999999999	0.0	0.957518	-0.0998318	-0.270542	0.0	-2.94962	2.6715400000000002	1.2085700000000001	0.34675500000000004	0.10203	0.588368	-0.80213	0.0	0.172275	-0.804606	-0.5682699999999999	0.0	-0.979751	-0.0802059	-0.183455	0.0	2.94671	2.52841	1.28951	0.325685	
3	-0.0182371	0.8939870000000001	-0.447722	0.0	0.304086	0.431542	0.8492959999999999	0.0	0.95247	-0.120657	-0.279719	0.0	-2.96806	2.6922099999999998	1.19245	0.347095	0.10715899999999999	0.608731	-0.7861060000000001	0.0	0.20796399999999998	-0.7868930000000001	-0.580991	0.0	-0.972249	-0.10122300000000001	-0.21091700000000002	0.0	2.98635	2.48407	1.25184	0.335138	
3	-0.000218585	0.903067	-0.429501	0.0	0.306205	0.40893	0.8596600000000001	0.0	0.951966	-0.131328	-0.276613	0.0	-2.97498	2.69136	1.1877	0.34718499999999997	0.114652	0.610705	-0.783514	0.0	0.21986399999999998	-0.784755	-0.579499	0.0	-0.96877	-0.105826	-0.224246	0.0	3.0040299999999998	2.40766	1.1957799999999998	0.335421	
3	0.006062	0.904806	-0.425782	0.0	0.310475	0.403044	0.860907	0.0	0.9505620000000001	-0.137413	-0.278476	0.0	-2.9769099999999997	2.69181	1.19089	0.347027	0.11564200000000001	0.610308	-0.783678	0.0	0.22114	-0.784989	-0.578697	0.0	-0.968361	-0.10638099999999999	-0.225741	0.0	3.01073	2.3759099999999997	1.1776	0.335715	
3	-0.00226793	0.905684	-0.423947	0.0	0.305257	0.40434000000000003	0.8621639999999999	0.0	0.952267	-0.127458	-0.277384	0.0	-2.99891	2.69912	1.18777	0.346482	0.116066	0.6063890000000001	-0.786652	0.0	0.224782	-0.787492	-0.573872	0.0	-0.9674719999999999	-0.11021900000000001	-0.227706	0.0	3.01252	2.34174	1.17794	0.33516799999999997	
3	-0.057720600000000004	0.890961	-0.450396	0.0	0.266233	0.44854799999999995	0.8531850000000001	0.0	0.9621790000000001	-0.07066410000000001	-0.263094	0.0	-2.99858	2.7345	1.17822	0.34630500000000003	0.116257	0.600294	-0.791285	0.0	0.22324899999999998	-0.792095	-0.568108	0.0	-0.9678040000000001	-0.110607	-0.226102	0.0	3.00513	2.32223	1.18054	0.334846	
3	-0.11943599999999999	0.861973	-0.49268500000000004	0.0	0.204296	0.506955	0.837413	0.0	0.9715959999999999	-0.0006368459999999999	-0.236646	0.0	-2.9422	2.79215	1.1959	0.346945	0.138439	0.570347	-0.809654	0.0	0.19731400000000002	-0.81702	-0.541798	0.0	-0.9705159999999999	-0.0847502	-0.22564499999999998	0.0	2.99396	2.36879	1.1750200000000002	0.334957	
3	-0.145041	0.827274	-0.5427529999999999	0.0	0.149124	0.560565	0.814573	0.0	0.978123	0.0372088	-0.204671	0.0	-2.86767	2.74415	1.23495	0.347982	0.150883	0.546824	-0.8235399999999999	0.0	0.171052	-0.8349540000000001	-0.5230630000000001	0.0	-0.97364	-0.061947	-0.219516	0.0	2.97688	2.4217	1.18223	0.334158	
3	-0.09492510000000001	0.794992	-0.599147	0.0	0.12234500000000001	0.6066189999999999	0.785522	0.0	0.9879379999999999	0.00126275	-0.154847	0.0	-2.7972900000000003	2.55717	1.3158299999999998	0.348454	0.13608399999999998	0.517608	-0.844727	0.0	0.14865799999999998	-0.8536739999999999	-0.49914200000000003	0.0	-0.9794809999999999	-0.05765	-0.193118	0.0	2.9232	2.41248	1.19567	0.33556199999999997	
3	-0.0393029	0.7589060000000001	-0.6500130000000001	0.0	0.109757	0.649858	0.752089	0.0	0.993181	-0.0417841	-0.10883599999999999	0.0	-2.71843	2.2160900000000003	1.3646200000000002	0.352767	0.07332000000000001	0.499982	-0.862927	0.0	0.13328199999999998	-0.8624059999999999	-0.488356	0.0	-0.9883620000000001	-0.0792067	-0.12987	0.0	2.7919	2.31986	1.26019	0.342427	
3	-0.0298314	0.731223	-0.6814859999999999	0.0	0.100695	0.68052	0.7257779999999999	0.0	0.9944700000000001	-0.0469712	-0.0939313	0.0	-2.65997	2.0044299999999997	1.41962	0.357486	0.036067800000000004	0.502302	-0.8639399999999999	0.0	0.131298	-0.85939	-0.494176	0.0	-0.9906870000000001	-0.0956099	-0.09694789999999999	0.0	2.67267	2.2168099999999997	1.33144	0.349218	
3	-0.023380599999999998	0.7205060000000001	-0.693054	0.0	0.11381300000000001	0.690655	0.714172	0.0	0.9932270000000001	-0.0621812	-0.0981513	0.0	-2.61953	1.8166	1.4353	0.36424	-0.00350767	0.5090859999999999	-0.8607090000000001	0.0	0.140208	-0.8519610000000001	-0.504483	0.0	-0.990116	-0.122448	-0.06838960000000001	0.0	2.57888	2.09808	1.4144299999999999	0.355165	
3	-0.013168299999999999	0.70654	-0.707551	0.0	0.11290399999999999	0.704138	0.70103	0.0	0.993519	-0.0706543	-0.08904379999999999	0.0	-2.59571	1.68245	1.4575799999999999	0.363966	-0.0313994	0.5197510000000001	-0.8537399999999999	0.0	0.158492	-0.840765	-0.5176810000000001	0.0	-0.9868610000000001	-0.151566	-0.0559773	0.0	2.5469999999999997	2.00331	1.47994	0.358168	
3	0.00516001	0.697241	-0.716819	0.0	0.11287	0.711841	0.6932119999999999	0.0	0.993597	-0.0844842	-0.0750242	0.0	-2.5751	1.5769799999999998	1.49603	0.363983	-0.048751300000000004	0.526514	-0.8487680000000001	0.0	0.171806	-0.832692	-0.52641	0.0	-0.983924	-0.171487	-0.0498637	0.0	2.54751	1.9265299999999999	1.49868	0.360012	
3	0.0063033	0.6899569999999999	-0.723823	0.0	0.106704	0.719241	0.6865180000000001	0.0	0.9942709999999999	-0.0815622	-0.0690875	0.0	-2.55563	1.55834	1.54055	0.363982	-0.0580371	0.5282020000000001	-0.847133	0.0	0.17532	-0.829983	-0.52952	0.0	-0.982799	-0.179252	-0.0444347	0.0	2.54929	1.8871900000000001	1.51156	0.362025	
3	0.00500173	0.687449	-0.726216	0.0	0.105216	0.7218319999999999	0.6840229999999999	0.0	0.9944370000000001	-0.079831	-0.0687203	0.0	-2.5344700000000002	1.5420200000000002	1.5803200000000002	0.363985	-0.09239750000000001	0.531257	-0.8421569999999999	0.0	0.181095	-0.8227030000000001	-0.5388539999999999	0.0	-0.979116	-0.202299	-0.020192599999999998	0.0	2.53881	1.7579799999999999	1.57249	0.363982	
3	-0.00392535	0.68638	-0.727233	0.0	0.11298499999999999	0.7228859999999999	0.681667	0.0	0.9935889999999999	-0.07949049999999999	-0.0803881	0.0	-2.55985	1.52958	1.55415	0.363983	-0.0928993	0.5319520000000001	-0.8416629999999999	0.0	0.18178	-0.82205	-0.53962	0.0	-0.978941	-0.203128	-0.020330900000000002	0.0	2.5302700000000002	1.72983	1.57694	0.36397399999999996	
3	-0.0037766999999999996	0.686276	-0.7273310000000001	0.0	0.11359200000000001	0.722923	0.681527	0.0	0.9935200000000001	-0.08004539999999999	-0.08068610000000001	0.0	-2.57754	1.51931	1.53987	0.363979	-0.093041	0.5332100000000001	-0.840851	0.0	0.182471	-0.8210799999999999	-0.540863	0.0	-0.978799	-0.203753	-0.0209015	0.0	2.52745	1.72311	1.58113	0.36398400000000003	
3	-0.00265475	0.684072	-0.72941	0.0	0.115757	0.724719	0.679251	0.0	0.993274	-0.0826314	-0.08111030000000001	0.0	-2.5786700000000002	1.52262	1.54152	0.363987	-0.0916709	0.53338	-0.840894	0.0	0.184595	-0.8207110000000001	-0.540702	0.0	-0.9785299999999999	-0.204791	-0.023224	0.0	2.52629	1.7199099999999998	1.58107	0.363982	
3	0.00518122	0.6824060000000001	-0.730955	0.0	0.12009500000000001	0.725249	0.6779310000000001	0.0	0.992749	-0.09129630000000001	-0.07819580000000001	0.0	-2.5760400000000003	1.5374	1.5549899999999999	0.363979	-0.09149460000000001	0.533663	-0.840734	0.0	0.186687	-0.8201129999999999	-0.54089	0.0	-0.97815	-0.20644200000000001	-0.0245917	0.0	2.52996	1.7187700000000001	1.58008	0.363978	
3	0.00120833	0.672487	-0.740108	0.0	0.118326	0.734813	0.6678689999999999	0.0	0.992974	-0.0883808	-0.0786846	0.0	-2.58072	1.58202	1.52634	0.36398600000000003	-0.0892256	0.533746	-0.840925	0.0	0.190354	-0.819592	-0.540403	0.0	-0.9776530000000001	-0.20829099999999998	-0.0284722	0.0	2.55139	1.7211599999999998	1.57596	0.36398	
3	-0.0008487480000000001	0.673397	-0.73928	0.0	0.122216	0.733808	0.668273	0.0	0.992503	-0.08978480000000001	-0.0829229	0.0	-2.58512	1.60417	1.5087899999999999	0.363978	-0.0863702	0.533957	-0.841089	0.0	0.191854	-0.819527	-0.53997	0.0	-0.977616	-0.20800300000000002	-0.0316591	0.0	2.55626	1.72134	1.57525	0.363973	
3	-0.00357962	0.67886	-0.734259	0.0	0.125304	0.728781	0.673184	0.0	0.9921120000000001	-0.0895957	-0.0876724	0.0	-2.59433	1.62937	1.5034399999999999	0.363981	-0.08696419999999999	0.533871	-0.841082	0.0	0.192946	-0.819268	-0.539974	0.0	-0.977348	-0.209242	-0.0317613	0.0	2.55965	1.71987	1.57289	0.363981	
3	-0.0258493	0.687434	-0.725787	0.0	0.121815	0.722785	0.6802520000000001	0.0	0.992216	-0.0708275	-0.102423	0.0	-2.59741	1.6933099999999999	1.48401	0.363978	-0.0873695	0.533144	-0.841501	0.0	0.19459	-0.819325	-0.539297	0.0	-0.976986	-0.210866	-0.0321605	0.0	2.56263	1.72105	1.5755299999999999	0.36398	
3	-0.050412900000000004	0.692271	-0.719875	0.0	0.11371300000000001	0.720082	0.684508	0.0	0.9922340000000001	-0.047351199999999996	-0.115022	0.0	-2.61119	1.76252	1.41967	0.36397199999999996	-0.08805460000000001	0.531699	-0.8423440000000001	0.0	0.194471	-0.8201809999999999	-0.538038	0.0	-0.9769479999999999	-0.21118800000000001	-0.0311796	0.0	2.56473	1.71835	1.57724	0.363989	
3	-0.0625766	0.694248	-0.71701	0.0	0.11173	0.718775	0.6862060000000001	0.0	0.991766	-0.0371714	-0.122547	0.0	-2.63911	1.8610900000000001	1.40041	0.36296	-0.08698550000000001	0.531197	-0.8427709999999999	0.0	0.19553800000000002	-0.820417	-0.5372899999999999	0.0	-0.9768309999999999	-0.211531	-0.0325051	0.0	2.56472	1.71911	1.57059	0.363977	
3	-0.0628809	0.6949890000000001	-0.7162649999999999	0.0	0.111982	0.718067	0.686906	0.0	0.991719	-0.0370158	-0.12297899999999999	0.0	-2.65306	1.8862400000000001	1.38796	0.362956	-0.0871481	0.531682	-0.842448	0.0	0.195823	-0.820024	-0.537787	0.0	-0.976759	-0.211837	-0.032652099999999996	0.0	2.5659099999999997	1.7206599999999999	1.5723	0.36397199999999996	
3	-0.06286280000000001	0.6945640000000001	-0.716679	0.0	0.111536	0.71849	0.6865359999999999	0.0	0.99177	-0.0367778	-0.122635	0.0	-2.65611	1.89037	1.3908200000000002	0.363296	-0.08708060000000001	0.53222	-0.842116	0.0	0.196178	-0.8196129999999999	-0.538284	0.0	-0.9766940000000001	-0.212079	-0.0330376	0.0	2.56418	1.7226299999999999	1.57461	0.363989	
3	-0.0634645	0.694579	-0.716612	0.0	0.11151400000000002	0.718498	0.686531	0.0	0.991734	-0.0363416	-0.123054	0.0	-2.65543	1.89576	1.39211	0.363298	-0.08729500000000001	0.532419	-0.841968	0.0	0.196188	-0.8194530000000001	-0.5385220000000001	0.0	-0.9766729999999999	-0.212194	-0.0329202	0.0	2.56652	1.72115	1.57456	0.363982	
3	-0.0748471	0.7047720000000001	-0.7054739999999999	0.0	0.110292	0.708969	0.696562	0.0	0.9910770000000001	-0.0256725	-0.130795	0.0	-2.66348	1.97025	1.38624	0.360361	-0.0874865	0.53289	-0.84165	0.0	0.19676400000000002	-0.8190000000000001	-0.5390020000000001	0.0	-0.97654	-0.21276199999999998	-0.0332022	0.0	2.56478	1.71774	1.57198	0.36398	
3	-0.0770555	0.707056	-0.702947	0.0	0.111981	0.706719	0.698576	0.0	0.990718	-0.0248875	-0.133633	0.0	-2.67049	1.99826	1.36669	0.359622	-0.0876691	0.5323479999999999	-0.841974	0.0	0.19856500000000002	-0.818928	-0.538451	0.0	-0.976159	-0.214392	-0.0339109	0.0	2.56661	1.72102	1.57304	0.363979	
3	-0.0756475	0.706657	-0.703501	0.0	0.11380799999999999	0.7070310000000001	0.697965	0.0	0.990619	-0.027264499999999997	-0.133908	0.0	-2.67077	2.00047	1.3659999999999999	0.359162	-0.087391	0.532826	-0.8417	0.0	0.199128	-0.818537	-0.538837	0.0	-0.9760690000000001	-0.214696	-0.034568	0.0	2.57216	1.72098	1.57439	0.363665	
3	-0.0747623	0.707583	-0.7026640000000001	0.0	0.118987	0.705932	0.698214	0.0	0.9900770000000001	-0.031408	-0.13697	0.0	-2.6769700000000003	2.0065	1.37303	0.358466	-0.0872042	0.533079	-0.8415600000000001	0.0	0.199828	-0.8182470000000001	-0.539018	0.0	-0.975943	-0.21517199999999997	-0.0351694	0.0	2.57145	1.7216900000000002	1.5750600000000001	0.363633	
3	-0.05729209999999999	0.728133	-0.683038	0.0	0.14341700000000002	0.683068	0.716136	0.0	0.9880030000000001	-0.056929999999999994	-0.143561	0.0	-2.71959	2.02776	1.38476	0.355806	-0.08616660000000001	0.534048	-0.841052	0.0	0.199239	-0.817901	-0.5397609999999999	0.0	-0.9761549999999999	-0.21408000000000002	-0.0359279	0.0	2.5745400000000003	1.72131	1.5771	0.36380300000000004	
3	-0.00155809	0.781239	-0.6242300000000001	0.0	0.21318	0.6101409999999999	0.763075	0.0	0.9770120000000001	-0.131884	-0.167495	0.0	-2.73415	2.0632599999999996	1.37125	0.354241	-0.08335110000000001	0.533222	-0.841859	0.0	0.194748	-0.819794	-0.538528	0.0	-0.9773059999999999	-0.208837	-0.035513300000000005	0.0	2.57138	1.72138	1.57198	0.363981	
3	0.11956099999999999	0.838239	-0.532035	0.0	0.28375100000000003	0.484676	0.82739	0.0	0.951415	-0.249889	-0.179902	0.0	-2.75946	2.00031	1.3231700000000002	0.35384	-0.0834089	0.531377	-0.8430190000000001	0.0	0.189674	-0.8220370000000001	-0.536917	0.0	-0.978298	-0.204682	-0.0322232	0.0	2.56281	1.7240900000000001	1.57871	0.363973	
3	0.203689	0.8651780000000001	-0.45823400000000003	0.0	0.32455900000000004	0.381907	0.8653370000000001	0.0	0.923673	-0.324984	-0.203011	0.0	-2.77052	1.98145	1.2527700000000002	0.354073	-0.0830895	0.530859	-0.843377	0.0	0.192137	-0.821891	-0.5362640000000001	0.0	-0.977844	-0.20660100000000003	-0.033706900000000005	0.0	2.5399700000000003	1.72548	1.58358	0.363982	
3	0.326063	0.873499	-0.36149899999999996	0.0	0.362272	0.23775	0.901241	0.0	0.873179	-0.42482299999999995	-0.238923	0.0	-2.79163	1.9586700000000001	1.11236	0.35501	-0.08504550000000001	0.530942	-0.8431299999999999	0.0	0.197599	-0.820401	-0.536561	0.0	-0.9765870000000001	-0.212234	-0.0351423	0.0	2.51817	1.7265400000000002	1.5868	0.36397199999999996	
3	0.43360600000000005	0.851634	-0.294458	0.0	0.358269	0.136904	0.9235260000000001	0.0	0.8268190000000001	-0.505942	-0.245752	0.0	-2.83488	1.8921299999999999	0.9597969999999999	0.355191	-0.0855038	0.532783	-0.841922	0.0	0.20724800000000002	-0.817022	-0.5380739999999999	0.0	-0.9745450000000001	-0.220494	-0.040559899999999996	0.0	2.4986200000000003	1.72689	1.5878700000000001	0.363982	
3	0.5606369999999999	0.7932600000000001	-0.237539	0.0	0.317358	0.0591216	0.9464610000000001	0.0	0.764833	-0.606006	-0.218602	0.0	-2.87947	1.7493299999999998	0.8762840000000001	0.354892	-0.0820022	0.533466	-0.8418370000000001	0.0	0.214125	-0.815526	-0.537651	0.0	-0.973358	-0.224347	-0.0473536	0.0	2.49855	1.7338900000000002	1.58962	0.363982	
3	0.665922	0.722783	-0.184748	0.0	0.281903	-0.0145142	0.959333	0.0	0.690708	-0.690922	-0.21341999999999997	0.0	-2.9349	1.6431099999999998	0.7897930000000001	0.355545	-0.0789881	0.534737	-0.841319	0.0	0.216542	-0.814601	-0.538085	0.0	-0.973073	-0.224683	-0.0514491	0.0	2.51622	1.73612	1.5860299999999998	0.363978	
3	0.739397	0.6552819999999999	-0.154589	0.0	0.256048	-0.0613268	0.964717	0.0	0.622681	-0.752891	-0.21312899999999999	0.0	-3.02969	1.56687	0.62698	0.35536	-0.0791987	0.535838	-0.840598	0.0	0.215531	-0.8140970000000001	-0.539251	0.0	-0.9732799999999999	-0.223883	-0.0510145	0.0	2.5217	1.73207	1.58089	0.363992	
3	0.773594	0.614228	-0.15581099999999998	0.0	0.23337199999999997	-0.0475528	0.971224	0.0	0.589144	-0.787695	-0.18012999999999998	0.0	-3.07355	1.42821	0.497591	0.356166	-0.0804643	0.535365	-0.840779	0.0	0.215311	-0.814264	-0.539088	0.0	-0.973225	-0.224406	-0.0497509	0.0	2.52276	1.73223	1.58237	0.363982	
3	0.814192	0.564376	-0.136273	0.0	0.193374	-0.042290499999999995	0.9802129999999999	0.0	0.547446	-0.824434	-0.143569	0.0	-3.07464	1.2284	0.43620299999999995	0.355941	-0.0802771	0.534572	-0.841302	0.0	0.216229	-0.814588	-0.53823	0.0	-0.973037	-0.22512100000000002	-0.0501972	0.0	2.52484	1.72934	1.5783399999999999	0.36397399999999996	
3	0.814954	0.564542	-0.130927	0.0	0.17546199999999998	-0.0250448	0.984168	0.0	0.552325	-0.825024	-0.119466	0.0	-3.02984	1.07034	0.40481300000000003	0.356174	-0.07792869999999999	0.535799	-0.840742	0.0	0.213979	-0.814664	-0.539014	0.0	-0.973725	-0.221906	-0.051164	0.0	2.5341	1.73131	1.57784	0.363976	
3	0.814416	0.565869	-0.128529	0.0	0.171312	-0.0228402	0.984952	0.0	0.5544180000000001	-0.8241790000000001	-0.115542	0.0	-2.98922	1.03108	0.409063	0.356315	-0.0774811	0.537316	-0.839814	0.0	0.213781	-0.8138	-0.540396	0.0	-0.9738040000000001	-0.22140700000000002	-0.05181419999999999	0.0	2.54153	1.73101	1.57568	0.363964	
3	0.813736	0.566573	-0.12972899999999998	0.0	0.173118	-0.0231875	0.9846280000000001	0.0	0.554855	-0.823685	-0.116953	0.0	-2.96408	1.02862	0.40205799999999997	0.35578200000000004	-0.0775129	0.5363180000000001	-0.840449	0.0	0.21420799999999998	-0.81434	-0.539413	0.0	-0.973708	-0.221842	-0.051761800000000004	0.0	2.5430900000000003	1.72679	1.5724200000000002	0.363981	
3	0.816595	0.5626760000000001	-0.128715	0.0	0.174215	-0.0276651	0.984319	0.0	0.550292	-0.8262139999999999	-0.120618	0.0	-2.965	1.03883	0.39164899999999997	0.355563	-0.07728330000000001	0.536027	-0.840656	0.0	0.214867	-0.8144100000000001	-0.539045	0.0	-0.9735809999999999	-0.222288	-0.052234699999999995	0.0	2.5463400000000003	1.7309999999999999	1.57505	0.363973	
3	0.817746	0.561107	-0.128261	0.0	0.174688	-0.0296175	0.9841780000000001	0.0	0.548431	-0.8272129999999999	-0.12223800000000001	0.0	-2.96903	1.04007	0.384814	0.35543600000000003	-0.0774049	0.5362180000000001	-0.8405229999999999	0.0	0.214921	-0.814257	-0.539254	0.0	-0.9735590000000001	-0.222387	-0.052217200000000005	0.0	2.5478099999999997	1.7316900000000002	1.57565	0.363979	
3	0.8177300000000001	0.561131	-0.12825799999999998	0.0	0.174673	-0.029595	0.984182	0.0	0.548459	-0.827198	-0.122215	0.0	-2.96883	1.04003	0.384979	0.355437	-0.07740069999999999	0.536211	-0.840528	0.0	0.214917	-0.814263	-0.539247	0.0	-0.973561	-0.222381	-0.052216399999999996	0.0	2.54774	1.7316099999999999	1.57561	0.363981	
3	0.8177300000000001	0.561131	-0.12825799999999998	0.0	0.174673	-0.029594799999999997	0.984182	0.0	0.548459	-0.827198	-0.122215	0.0	-2.96883	1.04003	0.384979	0.355437	-0.07740069999999999	0.536211	-0.840528	0.0	0.214917	-0.814263	-0.539247	0.0	-0.973561	-0.222381	-0.0522163	0.0	2.54774	1.7316099999999999	1.57561	0.36398	
3	0.8177300000000001	0.561131	-0.12825799999999998	0.0	0.174673	-0.029594799999999997	0.984182	0.0	0.548459	-0.827198	-0.122215	0.0	-2.96883	1.04003	0.384979	0.355437	-0.07740069999999999	0.536211	-0.840528	0.0	0.214916	-0.814263	-0.539247	0.0	-0.973561	-0.222381	-0.0522163	0.0	2.54774	1.7316	1.57561	0.36398	
3	0.8177300000000001	0.561131	-0.12825799999999998	0.0	0.174673	-0.029594799999999997	0.984182	0.0	0.548459	-0.827198	-0.122215	0.0	-2.96883	1.04003	0.38498000000000004	0.355437	-0.07740069999999999	0.536211	-0.840528	0.0	0.214917	-0.814263	-0.539247	0.0	-0.973561	-0.222381	-0.0522163	0.0	2.54774	1.7316	1.57561	0.36398	
3	0.8177300000000001	0.561131	-0.12825799999999998	0.0	0.174673	-0.029594799999999997	0.984182	0.0	0.548459	-0.827198	-0.122215	0.0	-2.96883	1.04003	0.38498000000000004	0.355437	-0.07740069999999999	0.536211	-0.840528	0.0	0.214916	-0.814263	-0.539246	0.0	-0.973561	-0.222381	-0.0522163	0.0	2.54774	1.7316	1.57561	0.36398	
3	0.8177300000000001	0.561131	-0.12825799999999998	0.0	0.174673	-0.029594799999999997	0.984182	0.0	0.548459	-0.827198	-0.122215	0.0	-2.96883	1.04003	0.38498000000000004	0.355437	-0.07740069999999999	0.536211	-0.840528	0.0	0.214916	-0.814263	-0.539247	0.0	-0.973561	-0.222381	-0.0522163	0.0	2.54774	1.7316	1.57561	0.36398	
3	0.8177300000000001	0.561131	-0.12825799999999998	0.0	0.174673	-0.029594799999999997	0.984182	0.0	0.548459	-0.827198	-0.122215	0.0	-2.96883	1.04003	0.38498000000000004	0.355437	-0.07740060000000001	0.536211	-0.840528	0.0	0.214916	-0.814263	-0.539246	0.0	-0.973561	-0.222381	-0.05221619999999999	0.0	2.54774	1.7316	1.57561	0.36398	
3	0.8177300000000001	0.561131	-0.12825799999999998	0.0	0.174673	-0.029594799999999997	0.984182	0.0	0.548459	-0.827198	-0.122215	0.0	-2.96883	1.04003	0.38498000000000004	0.355437	-0.07740069999999999	0.536211	-0.840528	0.0	0.214916	-0.814263	-0.539246	0.0	-0.973561	-0.222381	-0.0522163	0.0	2.54774	1.7316	1.57561	0.36398	
3	0.8177300000000001	0.561131	-0.12825799999999998	0.0	0.174673	-0.029594799999999997	0.984182	0.0	0.548459	-0.827198	-0.122215	0.0	-2.96882	1.04003	0.38498000000000004	0.355437	-0.07740060000000001	0.536211	-0.840528	0.0	0.214916	-0.814263	-0.539246	0.0	-0.973561	-0.222381	-0.05221619999999999	0.0	2.54774	1.7316	1.57561	0.36398	
3	0.8177300000000001	0.561131	-0.12825799999999998	0.0	0.174673	-0.029594799999999997	0.984182	0.0	0.548459	-0.827198	-0.122215	0.0	-2.96883	1.04003	0.38498000000000004	0.355437	-0.07740069999999999	0.536211	-0.840528	0.0	0.214916	-0.814263	-0.539246	0.0	-0.973561	-0.222381	-0.0522163	0.0	2.54774	1.7316	1.57561	0.36398	
3	0.55781	0.8145100000000001	-0.15944	0.0	0.296163	-0.0158823	0.9550049999999999	0.0	0.775329	-0.579932	-0.250087	0.0	-3.02284	1.1711	0.360136	0.349665	-0.0726057	0.545987	-0.834642	0.0	0.219288	-0.807634	-0.547395	0.0	-0.9729549999999999	-0.222771	-0.061089599999999994	0.0	2.51649	1.76971	1.60276	0.363993	
3	0.58929	0.794845	-0.144771	0.0	0.294108	-0.044153	0.954752	0.0	0.752488	-0.605204	-0.259789	0.0	-3.0914099999999998	1.26496	0.388733	0.349916	-0.0721709	0.547092	-0.8339549999999999	0.0	0.22002399999999997	-0.806804	-0.5483210000000001	0.0	-0.9728209999999999	-0.223063	-0.0621456	0.0	2.5182700000000002	1.76537	1.60061	0.36398600000000003	
3	0.615078	0.775564	-0.142052	0.0	0.29445	-0.0588126	0.9538559999999999	0.0	0.731422	-0.6285229999999999	-0.26453899999999997	0.0	-3.0716900000000003	1.2295	0.346115	0.350429	-0.072575	0.546308	-0.834434	0.0	0.22124000000000002	-0.806979	-0.547575	0.0	-0.972515	-0.22435100000000002	-0.062299099999999996	0.0	2.51867	1.7660099999999999	1.60309	0.363981	
3	0.6563979999999999	0.741153	-0.140835	0.0	0.28123000000000004	-0.0671648	0.9572870000000001	0.0	0.700037	-0.667968	-0.252521	0.0	-2.9879700000000002	1.08188	0.27822800000000003	0.352354	-0.0720614	0.545702	-0.834875	0.0	0.22374699999999997	-0.806873	-0.546712	0.0	-0.97198	-0.226198	-0.063955	0.0	2.52167	1.76787	1.6018700000000001	0.363973	
3	0.683653	0.716639	-0.138011	0.0	0.262129	-0.0646342	0.962866	0.0	0.681108	-0.694443	-0.232039	0.0	-2.87865	0.862411	0.177475	0.35325300000000004	-0.0719857	0.546635	-0.8342709999999999	0.0	0.223219	-0.806396	-0.5476310000000001	0.0	-0.9721069999999999	-0.225647	-0.06397090000000001	0.0	2.52252	1.7674599999999998	1.60115	0.363977	
3	0.720807	0.679215	-0.138217	0.0	0.23870300000000003	-0.056036699999999995	0.969474	0.0	0.650736	-0.731797	-0.202522	0.0	-2.67873	0.56767	0.051596800000000005	0.35436599999999996	-0.0724152	0.547103	-0.8339270000000001	0.0	0.222398	-0.806213	-0.548233	0.0	-0.9722629999999999	-0.22516399999999998	-0.0632928	0.0	2.52116	1.7663200000000001	1.60144	0.363983	
3	0.754638	0.642113	-0.13495	0.0	0.211377	-0.0432032	0.976449	0.0	0.621161	-0.7653909999999999	-0.168331	0.0	-2.47032	0.262189	-0.07659769999999999	0.355141	-0.07212660000000001	0.547238	-0.8338629999999999	0.0	0.222994	-0.80603	-0.5482600000000001	0.0	-0.9721479999999999	-0.225491	-0.0638945	0.0	2.52065	1.76502	1.60037	0.36398400000000003	
3	0.798417	0.584539	-0.144373	0.0	0.197318	-0.027479400000000005	0.9799540000000001	0.0	0.568855	-0.8109	-0.13727999999999999	0.0	-2.2349099999999997	-0.124391	-0.207328	0.35506	-0.0722125	0.547138	-0.8339219999999999	0.0	0.22417199999999998	-0.805809	-0.5481050000000001	0.0	-0.9718700000000001	-0.22652199999999997	-0.064464	0.0	2.52165	1.7614400000000001	1.5982	0.363973	
3	0.838501	0.524489	-0.147742	0.0	0.17756	-0.00665964	0.984088	0.0	0.515159	-0.851391	-0.09871210000000001	0.0	-2.0725700000000002	-0.49085200000000007	-0.3164	0.353769	-0.07245700000000001	0.546998	-0.833992	0.0	0.22358000000000003	-0.806001	-0.548064	0.0	-0.971989	-0.226175	-0.0638972	0.0	2.52199	1.76446	1.60106	0.363978	
3	0.882043	0.445504	-0.153383	0.0	0.169017	0.00470188	0.9856020000000001	0.0	0.43981000000000003	-0.8952680000000001	-0.0711503	0.0	-1.95409	-0.869368	-0.435091	0.353439	-0.0724055	0.5472819999999999	-0.83381	0.0	0.223703	-0.805794	-0.548319	0.0	-0.9719639999999999	-0.226227	-0.06408480000000001	0.0	2.5224599999999997	1.76295	1.59848	0.36398600000000003	
3	0.911883	0.362796	-0.191957	0.0	0.195043	0.0284853	0.980381	0.0	0.361147	-0.931433	-0.0447857	0.0	-1.93366	-1.1825700000000001	-0.544407	0.351627	-0.0725567	0.5471060000000001	-0.8339129999999999	0.0	0.223563	-0.8059189999999999	-0.548192	0.0	-0.971985	-0.22620700000000002	-0.0638378	0.0	2.52409	1.76278	1.5971600000000001	0.36397399999999996	
3	0.9264319999999999	0.291657	-0.23803200000000002	0.0	0.23183600000000001	0.056163199999999996	0.971132	0.0	0.296606	-0.954873	-0.0155851	0.0	-1.9606	-1.5060799999999999	-0.671135	0.35142199999999996	-0.0725653	0.546294	-0.8344440000000001	0.0	0.224295	-0.80628	-0.547361	0.0	-0.971816	-0.226881	-0.064023	0.0	2.5234799999999997	1.76232	1.59879	0.36398	
3	0.9250510000000001	0.216021	-0.312436	0.0	0.300581	0.086587	0.949818	0.0	0.232233	-0.972542	0.015165600000000001	0.0	-2.02771	-1.78338	-0.7535970000000001	0.350761	-0.072703	0.547243	-0.83381	0.0	0.22582399999999997	-0.8052779999999999	-0.548207	0.0	-0.9714510000000001	-0.22815100000000002	-0.0650346	0.0	2.52149	1.76417	1.59912	0.363982	
3	0.917429	0.160969	-0.363885	0.0	0.349156	0.112902	0.9302379999999999	0.0	0.190823	-0.9804809999999999	0.0473763	0.0	-2.10108	-1.96228	-0.7973319999999999	0.350414	-0.0727875	0.547805	-0.833434	0.0	0.225766	-0.804909	-0.548773	0.0	-0.971459	-0.22810500000000003	-0.0650889	0.0	2.5225400000000002	1.76443	1.6013600000000001	0.363985	
3	0.9142809999999999	0.14130299999999998	-0.379635	0.0	0.36657	0.11021800000000001	0.923839	0.0	0.17238399999999998	-0.9838120000000001	0.04897290000000001	0.0	-2.13198	-2.01872	-0.801832	0.35023200000000004	-0.0725719	0.547666	-0.8335440000000001	0.0	0.22553800000000002	-0.805087	-0.548605	0.0	-0.9715280000000001	-0.227809	-0.0650927	0.0	2.5234900000000002	1.76435	1.59961	0.363981	
3	0.895601	0.07654119999999999	-0.438223	0.0	0.429638	0.10664100000000001	0.896682	0.0	0.11536600000000001	-0.991347	0.0626226	0.0	-2.2238700000000002	-2.10596	-0.8263799999999999	0.35035900000000003	-0.0728061	0.548143	-0.83321	0.0	0.22470900000000002	-0.8049310000000001	-0.5491739999999999	0.0	-0.9717020000000001	-0.227213	-0.0645691	0.0	2.5248	1.76178	1.59874	0.36398600000000003	
3	0.881458	0.049701300000000004	-0.46963999999999995	0.0	0.46268100000000006	0.108424	0.87987	0.0	0.0946511	-0.9928620000000001	0.07257539999999998	0.0	-2.3096900000000002	-2.15147	-0.855822	0.350206	-0.07262819999999999	0.548259	-0.833149	0.0	0.22508899999999998	-0.804793	-0.549221	0.0	-0.971628	-0.227421	-0.0649566	0.0	2.52533	1.7610299999999999	1.5992	0.363991	
3	0.8757010000000001	0.034597300000000004	-0.48161400000000004	0.0	0.476303	0.10186	0.8733620000000001	0.0	0.07927310000000001	-0.9941969999999999	0.07272	0.0	-2.35791	-2.19786	-0.89065	0.350559	-0.07229400000000001	0.5476810000000001	-0.833558	0.0	0.225192	-0.8052010000000001	-0.5485800000000001	0.0	-0.9716290000000001	-0.22737	-0.06512280000000001	0.0	2.52155	1.7660099999999999	1.60143	0.36397399999999996	
3	0.863282	0.014727100000000002	-0.5045069999999999	0.0	0.49980600000000003	0.114227	0.8585719999999999	0.0	0.0702725	-0.993346	0.09124910000000001	0.0	-2.40882	-2.27426	-0.9246200000000001	0.35030500000000003	-0.0722725	0.547361	-0.8337700000000001	0.0	0.225282	-0.8053939999999999	-0.5482600000000001	0.0	-0.9716090000000001	-0.227458	-0.0651029	0.0	2.52307	1.76711	1.60206	0.363977	
3	0.8615440000000001	0.010285299999999999	-0.507578	0.0	0.502321	0.12765	0.8552069999999999	0.0	0.07358819999999999	-0.991766	0.10480899999999999	0.0	-2.39146	-2.35106	-0.930652	0.350423	-0.07204769999999999	0.547566	-0.8336549999999999	0.0	0.22601999999999997	-0.805121	-0.548357	0.0	-0.971455	-0.22793000000000002	-0.06575360000000001	0.0	2.52338	1.76548	1.6026	0.363973	
3	0.8608110000000001	-0.00405777	-0.5089090000000001	0.0	0.504575	0.137281	0.852384	0.0	0.0664047	-0.990524	0.12022000000000001	0.0	-2.39184	-2.44575	-0.962827	0.350563	-0.07227460000000001	0.5473819999999999	-0.8337559999999999	0.0	0.22546799999999997	-0.8053359999999999	-0.548268	0.0	-0.971566	-0.227611	-0.065212	0.0	2.5225299999999997	1.7700799999999999	1.60294	0.36397399999999996	
3	0.8708030000000001	-0.00570381	-0.49159899999999995	0.0	0.48662799999999995	0.152306	0.8602299999999999	0.0	0.0699668	-0.988317	0.135404	0.0	-2.38753	-2.5462599999999997	-0.985283	0.350985	-0.0720556	0.546917	-0.8340799999999999	0.0	0.225879	-0.805579	-0.5477420000000001	0.0	-0.9714870000000001	-0.22786900000000002	-0.0654904	0.0	2.52217	1.77073	1.60443	0.36398	
3	0.8852459999999999	-0.00411047	-0.465105	0.0	0.45986899999999997	0.157608	0.8738879999999999	0.0	0.06971210000000001	-0.9874930000000001	0.14141199999999998	0.0	-2.3532900000000003	-2.65952	-1.0560200000000002	0.351022	-0.072362	0.546706	-0.834192	0.0	0.225241	-0.80582	-0.54765	0.0	-0.971612	-0.22752399999999998	-0.0648302	0.0	2.5228900000000003	1.76911	1.60546	0.36398800000000003	
3	0.9029379999999999	-0.00527415	-0.42973900000000004	0.0	0.425712	0.148082	0.89266	0.0	0.0589284	-0.9889610000000001	0.135954	0.0	-2.33432	-2.74827	-1.1269	0.351035	-0.0723417	0.547059	-0.8339620000000001	0.0	0.224929	-0.805664	-0.5480079999999999	0.0	-0.971686	-0.227226	-0.06476649999999999	0.0	2.52372	1.76662	1.60414	0.363985	
3	0.9203370000000001	-0.016882599999999998	-0.390761	0.0	0.389554	0.12902	0.9119219999999999	0.0	0.035020300000000004	-0.991498	0.125319	0.0	-2.3136799999999997	-2.8778099999999998	-1.2076799999999999	0.35160399999999997	-0.072141	0.546296	-0.8344799999999999	0.0	0.22542800000000002	-0.806079	-0.547192	0.0	-0.971585	-0.22759000000000001	-0.0649989	0.0	2.52147	1.7701799999999999	1.6082299999999998	0.363973	
3	0.9312299999999999	-0.029631900000000003	-0.363225	0.0	0.36430100000000004	0.102344	0.9256409999999999	0.0	0.00974551	-0.994308	0.106101	0.0	-2.36765	-3.0173200000000002	-1.3316	0.352106	-0.0719308	0.5455939999999999	-0.834957	0.0	0.22548800000000002	-0.806558	-0.546462	0.0	-0.9715870000000001	-0.22758	-0.06500890000000001	0.0	2.52264	1.77131	1.60522	0.363985	
3	0.9360149999999999	-0.0358095	-0.35013299999999997	0.0	0.351959	0.0944712	0.9312360000000001	0.0	-0.000269666	-0.994883	0.10103	0.0	-2.40357	-3.13403	-1.40626	0.352252	-0.0719127	0.54568	-0.834902	0.0	0.225444	-0.8065140000000001	-0.5465439999999999	0.0	-0.971598	-0.227528	-0.0650218	0.0	2.52288	1.77328	1.60832	0.36398	
3	0.938773	-0.040554400000000004	-0.342142	0.0	0.344436	0.0864884	0.934817	0.0	-0.00831965	-0.9954270000000001	0.0951613	0.0	-2.4112299999999998	-3.23828	-1.49644	0.352362	-0.07183669999999999	0.545768	-0.834852	0.0	0.225014	-0.806569	-0.54664	0.0	-0.9717040000000001	-0.227122	-0.0648647	0.0	2.52252	1.7725799999999998	1.6084399999999999	0.363981	
3	0.938973	-0.053757799999999994	-0.339764	0.0	0.34341	0.0891367	0.9349459999999999	0.0	-0.019975200000000002	-0.994568	0.102158	0.0	-2.4060200000000003	-3.32479	-1.53114	0.352238	-0.0716956	0.544554	-0.835656	0.0	0.225498	-0.807271	-0.545404	0.0	-0.9716020000000001	-0.227542	-0.0649186	0.0	2.5228200000000003	1.7720099999999999	1.6056	0.363976	
3	0.941889	-0.0654884	-0.329478	0.0	0.334453	0.0911632	0.9379930000000001	0.0	-0.0313914	-0.9936799999999999	0.107769	0.0	-2.38895	-3.40731	-1.49159	0.351851	-0.0718197	0.54422	-0.8358629999999999	0.0	0.225327	-0.8075100000000001	-0.5451199999999999	0.0	-0.971633	-0.22749299999999997	-0.0646328	0.0	2.51985	1.7748700000000002	1.60933	0.363979	
3	0.943291	-0.0846646	-0.32099	0.0	0.328444	0.0975159	0.939476	0.0	-0.048238699999999995	-0.991626	0.11979300000000001	0.0	-2.37376	-3.4096699999999998	-1.49775	0.353056	-0.0716972	0.544362	-0.83578	0.0	0.22513200000000003	-0.807481	-0.545243	0.0	-0.9716870000000001	-0.227253	-0.0646592	0.0	2.52107	1.77512	1.60998	0.36397399999999996	
3	0.9462200000000001	-0.0884771	-0.31119	0.0	0.319399	0.10238	0.942074	0.0	-0.0514924	-0.9908030000000001	0.125133	0.0	-2.37472	-3.4094300000000004	-1.5	0.354249	-0.0717691	0.543389	-0.836408	0.0	0.225163	-0.8080970000000001	-0.544317	0.0	-0.971675	-0.22739299999999998	-0.0643548	0.0	2.52046	1.7794900000000002	1.61404	0.363975	
3	0.946731	-0.0992859	-0.306338	0.0	0.316339	0.10875399999999999	0.942392	0.0	-0.06025080000000001	-0.9890979999999999	0.13436900000000002	0.0	-2.3655	-3.4076199999999996	-1.49441	0.355678	-0.0719978	0.542093	-0.8372290000000001	0.0	0.22508699999999998	-0.808923	-0.543121	0.0	-0.971675	-0.227552	-0.0637775	0.0	2.5194799999999997	1.7831700000000001	1.6152	0.36348400000000003	
3	0.9455899999999999	-0.10257899999999999	-0.308768	0.0	0.31927300000000003	0.109806	0.9412799999999999	0.0	-0.06265130000000001	-0.9886459999999999	0.13658199999999998	0.0	-2.3679099999999997	-3.4084	-1.49675	0.355442	-0.0720697	0.541959	-0.837309	0.0	0.225381	-0.808929	-0.542989	0.0	-0.9716020000000001	-0.227846	-0.0638482	0.0	2.52008	1.7863900000000001	1.6196	0.363277	
3	0.945693	-0.104504	-0.30780599999999997	0.0	0.31856100000000004	0.10951	0.9415549999999999	0.0	-0.0646888	-0.988477	0.136853	0.0	-2.3713900000000003	-3.40719	-1.50876	0.34639200000000003	-0.07222669999999999	0.542149	-0.837173	0.0	0.22504200000000002	-0.808862	-0.54323	0.0	-0.971668	-0.227635	-0.0635852	0.0	2.51931	1.78342	1.61995	0.363131	
3	0.938803	-0.146083	-0.31194299999999997	0.0	0.32971100000000003	0.11899100000000001	0.9365530000000001	0.0	-0.0996961	-0.98209	0.159874	0.0	-2.37137	-3.3774900000000003	-1.6044399999999999	0.16383599999999998	-0.0723985	0.541009	-0.8378950000000001	0.0	0.22553099999999998	-0.809459	-0.542136	0.0	-0.971542	-0.228221	-0.0634108	0.0	2.52086	1.7814299999999998	1.6183100000000001	0.363164	
3	0.9388209999999999	-0.17061500000000002	-0.299176	0.0	0.32073	0.116592	0.939967	0.0	-0.12549100000000002	-0.9784149999999999	0.164181	0.0	-2.37793	-3.3654699999999997	-1.64785	0.00059802	-0.0722207	0.5405989999999999	-0.838175	0.0	0.226027	-0.809635	-0.541667	0.0	-0.97144	-0.22857	-0.0637178	0.0	2.5215	1.7847099999999998	1.6206200000000002	0.36240900000000004	
3	0.9410629999999999	-0.178395	-0.28736100000000003	0.0	0.31083299999999997	0.121163	0.94271	0.0	-0.133357	-0.9764709999999999	0.169473	0.0	-2.39411	-3.37115	-1.6805299999999999	0.0010358	-0.07224349999999999	0.541018	-0.837902	0.0	0.225894	-0.809392	-0.542086	0.0	-0.9714700000000001	-0.22843899999999998	-0.0637395	0.0	2.52199	1.7901599999999998	1.6260299999999999	0.36237800000000003	
3	0.940369	-0.186167	-0.28468899999999997	0.0	0.311608	0.135845	0.94045	0.0	-0.136408	-0.973082	0.185755	0.0	-2.40498	-3.3744099999999997	-1.70727	0.00059802	-0.0723801	0.540944	-0.837939	0.0	0.226582	-0.809258	-0.542	0.0	-0.971299	-0.22909200000000002	-0.0639942	0.0	2.52429	1.78662	1.62568	0.362211	
3	0.939149	-0.194603	-0.283069	0.0	0.312111	0.139231	0.939788	0.0	-0.143474	-0.97095	0.191496	0.0	-2.3906099999999997	-3.37114	-1.68023	0.00034526699999999996	-0.0724412	0.5410659999999999	-0.8378549999999999	0.0	0.22676300000000002	-0.809126	-0.5421199999999999	0.0	-0.971252	-0.229266	-0.0640796	0.0	2.52388	1.78492	1.62368	0.361969	
3	0.940667	-0.194806	-0.277843	0.0	0.307595	0.143769	0.940593	0.0	-0.143288	-0.970248	0.19516	0.0	-2.39878	-3.37276	-1.69304	0.0	-0.0725564	0.5415949999999999	-0.8375030000000001	0.0	0.22684400000000002	-0.808747	-0.542651	0.0	-0.971225	-0.22935500000000003	-0.06417780000000001	0.0	2.52425	1.7862799999999999	1.62446	0.36187600000000003	
3	0.944456	-0.181667	-0.273862	0.0	0.30156	0.147818	0.9419190000000001	0.0	-0.130633	-0.9721870000000001	0.194391	0.0	-2.41234	-3.3704	-1.68415	0.0	-0.0726548	0.542587	-0.836852	0.0	0.226584	-0.80815	-0.5436489999999999	0.0	-0.9712780000000001	-0.229116	-0.0642261	0.0	2.5262599999999997	1.78181	1.61956	0.362065	
3	0.9442709999999999	-0.15449300000000002	-0.290663	0.0	0.312513	0.14341600000000002	0.939025	0.0	-0.10338699999999999	-0.9775299999999999	0.183704	0.0	-2.41811	-3.36522	-1.6492900000000001	0.0	-0.0726221	0.543298	-0.836393	0.0	0.226767	-0.807649	-0.544316	0.0	-0.9712379999999999	-0.22919499999999998	-0.0645488	0.0	2.52835	1.77815	1.61627	0.363132	
3	0.94542	-0.132464	-0.297716	0.0	0.314646	0.13353099999999998	0.9397700000000001	0.0	-0.0847314	-0.982152	0.16792200000000002	0.0	-2.3844	-3.35759	-1.66848	0.0	-0.07270399999999999	0.5439069999999999	-0.83599	0.0	0.22658499999999998	-0.807283	-0.5449350000000001	0.0	-0.971274	-0.229042	-0.0645489	0.0	2.5270099999999998	1.78057	1.61653	0.36312	
3	0.9458280000000001	-0.12274000000000002	-0.300572	0.0	0.314902	0.121477	0.941318	0.0	-0.079025	-0.9849760000000001	0.153547	0.0	-2.35333	-3.25758	-1.6479599999999999	-0.00034523	-0.07251439999999999	0.5445810000000001	-0.835568	0.0	0.22692800000000002	-0.806791	-0.54552	0.0	-0.971208	-0.229172	-0.06507690000000001	0.0	2.52664	1.77921	1.61753	0.363477	
3	0.94726	-0.104649	-0.302898	0.0	0.31338699999999997	0.104926	0.9438110000000001	0.0	-0.06698710000000001	-0.988959	0.132187	0.0	-2.28645	-2.99823	-1.58449	0.0	-0.0729566	0.5449890000000001	-0.8352629999999999	0.0	0.22676100000000002	-0.806496	-0.546025	0.0	-0.9712139999999999	-0.229242	-0.0647433	0.0	2.52652	1.77708	1.6127	0.363985	
3	0.94994	-0.0901701	-0.299138	0.0	0.30763	0.10270499999999999	0.945947	0.0	-0.0545731	-0.990617	0.125303	0.0	-2.22483	-2.85949	-1.5610899999999999	0.0	-0.0725186	0.5439510000000001	-0.8359770000000001	0.0	0.22741799999999998	-0.807086	-0.54488	0.0	-0.971093	-0.22963000000000003	-0.0651759	0.0	2.52716	1.77813	1.61189	0.363662	
3	0.949468	-0.090628	-0.300496	0.0	0.308778	0.0980318	0.946069	0.0	-0.0562821	-0.9910479999999999	0.12106199999999999	0.0	-2.1912	-2.7864299999999997	-1.54514	0.0	-0.0729138	0.544643	-0.835493	0.0	0.227082	-0.806653	-0.54566	0.0	-0.971143	-0.22951100000000002	-0.0648624	0.0	2.52759	1.7791400000000002	1.61415	0.36336999999999997	
3	0.9500069999999999	-0.0903194	-0.29888000000000003	0.0	0.30719	0.09910260000000001	0.9464739999999999	0.0	-0.05586519999999999	-0.99097	0.121893	0.0	-2.18378	-2.76836	-1.53515	0.0	-0.0727445	0.544829	-0.8353860000000001	0.0	0.22715500000000002	-0.8065399999999999	-0.545797	0.0	-0.971138	-0.22946599999999998	-0.0650893	0.0	2.52834	1.78005	1.6135	0.363504	
3	0.976211	-0.015276300000000001	-0.21628200000000003	0.0	0.216821	0.0676728	0.9738629999999999	0.0	-0.00024056400000000002	-0.997591	0.0693752	0.0	-2.20388	-2.76915	-1.55223	0.0	-0.0730402	0.54409	-0.835841	0.0	0.22730799999999998	-0.80694	-0.545141	0.0	-0.9710799999999999	-0.22981100000000002	-0.0647372	0.0	2.5297099999999997	1.77912	1.61289	0.363197	
3	0.9877520000000001	0.00169653	-0.156024	0.0	0.155419	0.0779495	0.984769	0.0	0.0138327	-0.996956	0.07673110000000001	0.0	-2.12865	-2.87069	-1.49691	0.17728	-0.073075	0.543794	-0.836031	0.0	0.227142	-0.807168	-0.544874	0.0	-0.971116	-0.22971399999999997	-0.0645351	0.0	2.5283	1.7773299999999999	1.61414	0.363253	
