0	0.593133	0.516197	-0.617846	0.0	0.686301	0.07705219999999999	0.723225	0.0	0.420933	-0.8529969999999999	-0.30856500000000003	0.0	-2.7396700000000003	2.0	1.46191	0.0	-0.593133	0.516197	-0.617846	0.0	0.750393	0.0763779	-0.656565	0.0	-0.291727	-0.853057	-0.43265299999999995	0.0	2.66032	2.0	1.53809	-1.3336500000000001e-06	
0	0.0475463	0.620109	-0.7830729999999999	0.0	0.195946	0.762937	0.616061	0.0	0.979461	-0.182732	-0.0852332	0.0	-2.78903	2.0007	1.4063299999999999	3.3617e-05	0.397477	-0.59597	-0.697734	0.0	0.778463	-0.183558	0.600252	0.0	-0.485806	-0.781746	0.39098	0.0	2.4762299999999997	2.13373	1.57875	0.00031979	
0	-0.0603109	0.532537	-0.844255	0.0	0.00225234	0.845865	0.533391	0.0	0.9981770000000001	0.0302677	-0.052214300000000005	0.0	-2.86397	2.04998	1.45825	0.0	0.579741	-0.750051	-0.318314	0.0	0.562463	0.0857444	0.822364	0.0	-0.589522	-0.655798	0.47158599999999995	0.0	2.7591799999999997	2.07459	1.4909999999999999	0.0	
0	-0.0887472	0.538484	-0.8379489999999999	0.0	0.039975199999999995	0.8425159999999999	0.537185	0.0	0.995252	0.0141764	-0.09629700000000001	0.0	-2.86491	2.11579	1.46519	0.0	0.566875	-0.7568560000000001	-0.325302	0.0	0.576233	0.0820929	0.8131520000000001	0.0	-0.588734	-0.648405	0.482662	0.0	2.75303	2.07642	1.50011	0.0	
0	-0.172525	0.592205	-0.787101	0.0	0.0742622	0.804629	0.589116	0.0	0.982202	0.0431851	-0.18279700000000002	0.0	-2.92145	2.25478	1.29982	0.18421099999999999	0.502283	-0.768877	-0.395652	0.0	0.604396	-0.0150562	0.796542	0.0	-0.6184	-0.63922	0.457143	0.0	2.75052	2.05556	1.5069700000000001	0.212871	
0	-0.2144	0.602449	-0.768822	0.0	0.0641538	0.794112	0.604376	0.0	0.9746370000000001	0.08025539999999999	-0.208907	0.0	-2.92183	2.3441400000000003	1.18579	0.356435	0.477821	-0.755563	-0.448121	0.0	0.6262939999999999	-0.06470319999999999	0.7768970000000001	0.0	-0.615989	-0.6518729999999999	0.442288	0.0	2.67905	1.9643	1.50844	0.350556	
0	-0.160331	0.623009	-0.7656069999999999	0.0	0.0422168	0.779259	0.625278	0.0	0.98616	0.06793010000000001	-0.15124100000000001	0.0	-2.8156	2.2166200000000003	1.2409700000000001	0.362055	0.478793	-0.7318439999999999	-0.48493400000000003	0.0	0.637879	-0.089529	0.764915	0.0	-0.603214	-0.675565	0.42396300000000003	0.0	2.59698	1.88805	1.5494	0.3617	
0	-0.118066	0.6383810000000001	-0.760612	0.0	0.039577999999999995	0.768385	0.6387619999999999	0.0	0.992217	0.04531280000000001	-0.11598599999999999	0.0	-2.71102	2.09753	1.36685	0.363979	0.480775	-0.7292609999999999	-0.486861	0.0	0.635776	-0.0924553	0.766316	0.0	-0.603858	-0.67796	0.41919700000000004	0.0	2.5535200000000002	1.86045	1.56546	0.361849	
0	-0.111804	0.642165	-0.758369	0.0	0.0381374	0.765365	0.642466	0.0	0.9929979999999999	0.0429077	-0.11006099999999999	0.0	-2.69195	2.00767	1.3669200000000001	0.363982	0.47576499999999994	-0.732119	-0.487493	0.0	0.6359060000000001	-0.09661	0.765696	0.0	-0.607677	-0.674291	0.419595	0.0	2.56825	1.86257	1.56891	0.357269	
0	-0.0890739	0.63981	-0.763354	0.0	0.0341367	0.767911	0.639646	0.0	0.99544	0.0309173	-0.0902418	0.0	-2.6829	1.93055	1.3957	0.36399699999999996	0.465683	-0.734597	-0.493464	0.0	0.646694	-0.0981562	0.7564069999999999	0.0	-0.6040909999999999	-0.671366	0.42935	0.0	2.56215	1.7965200000000001	1.54813	0.36412	
0	-0.0323842	0.6369090000000001	-0.770258	0.0	0.029180599999999998	0.770936	0.636243	0.0	0.999049	-0.00187242	-0.043551599999999996	0.0	-2.6226700000000003	1.8225099999999999	1.5087899999999999	0.364004	0.457891	-0.740233	-0.492332	0.0	0.657299	-0.090987	0.7481180000000001	0.0	-0.598577	-0.666166	0.444892	0.0	2.51763	1.7360900000000001	1.53649	0.363966	
0	-0.00618118	0.633716	-0.773542	0.0	0.0337599	0.7732479999999999	0.633205	0.0	0.999411	-0.0222008	-0.0261738	0.0	-2.55673	1.7136	1.60875	0.363996	0.443801	-0.7466649999999999	-0.495512	0.0	0.673253	-0.08711469999999999	0.734263	0.0	-0.5914149999999999	-0.659471	0.464033	0.0	2.47845	1.71469	1.53401	0.36398	
0	-0.00569104	0.6340359999999999	-0.7732829999999999	0.0	0.0307844	0.77304	0.63361	0.0	0.99951	-0.020199099999999998	-0.0239178	0.0	-2.5364299999999997	1.68452	1.63182	0.36398	0.420987	-0.753272	-0.505322	0.0	0.703142	-0.080928	0.706429	0.0	-0.573028	-0.6527109999999999	0.49558800000000003	0.0	2.44943	1.69317	1.53604	0.364001	
0	-0.011964399999999998	0.6188670000000001	-0.785405	0.0	-0.00979349	0.785351	0.618974	0.0	0.9998799999999999	0.0150975	-0.00333542	0.0	-2.52419	1.6626	1.62067	0.363976	0.430659	-0.745404	-0.508828	0.0	0.729737	-0.04414559999999999	0.682301	0.0	-0.531053	-0.66515	0.524937	0.0	2.41804	1.67115	1.5504799999999999	0.363976	
0	-0.00509083	0.606017	-0.795435	0.0	-0.0344265	0.794868	0.605805	0.0	0.999394	0.030468000000000002	0.016816499999999998	0.0	-2.50718	1.6448599999999998	1.6176700000000002	0.363969	0.448046	-0.730496	-0.5153939999999999	0.0	0.747368	-0.010317299999999998	0.66433	0.0	-0.49060699999999996	-0.68284	0.541327	0.0	2.38821	1.66377	1.5719999999999998	0.36396	
0	0.0151196	0.599727	-0.8000619999999999	0.0	-0.0540091	0.799475	0.598266	0.0	0.998426	0.034165100000000004	0.0444784	0.0	-2.50449	1.61576	1.6213899999999999	0.364002	0.44273599999999996	-0.7297779999999999	-0.5209699999999999	0.0	0.760095	-0.00275224	0.649807	0.0	-0.47564799999999996	-0.683679	0.553481	0.0	2.37609	1.65831	1.57989	0.363981	
0	0.0167947	0.599268	-0.800372	0.0	-0.0542116	0.7998529999999999	0.597742	0.0	0.9983879999999999	0.033350599999999994	0.0459206	0.0	-2.5047900000000003	1.6123399999999999	1.62172	0.363979	0.42322299999999996	-0.745034	-0.515564	0.0	0.7803859999999999	0.0106617	0.625207	0.0	-0.460304	-0.666941	0.5859270000000001	0.0	2.37177	1.63942	1.5767200000000001	0.363976	
0	0.0167729	0.599275	-0.800367	0.0	-0.05419159999999999	0.799848	0.597751	0.0	0.99839	0.0333472	0.0458914	0.0	-2.5047900000000003	1.6124	1.62171	0.36398	0.388802	-0.75322	-0.530559	0.0	0.811282	0.00697875	0.584613	0.0	-0.43663900000000005	-0.657732	0.613787	0.0	2.37869	1.62846	1.57739	0.36398	
0	0.016772400000000003	0.599275	-0.800367	0.0	-0.05419169999999999	0.799848	0.597751	0.0	0.99839	0.0333475	0.0458912	0.0	-2.5047900000000003	1.6124	1.62171	0.363979	0.349043	-0.75612	-0.553581	0.0	0.840945	-0.00793004	0.541062	0.0	-0.413498	-0.654385	0.633087	0.0	2.3548299999999998	1.61378	1.5841100000000001	0.363977	
0	0.0167725	0.599275	-0.800367	0.0	-0.05419159999999999	0.799848	0.597751	0.0	0.99839	0.0333474	0.0458911	0.0	-2.5047900000000003	1.6124	1.62171	0.363979	0.32252600000000003	-0.665794	-0.6728270000000001	0.0	0.8120350000000001	-0.17063299999999998	0.558107	0.0	-0.48639099999999996	-0.726363	0.48561400000000005	0.0	2.43303	1.66288	1.57263	0.364018	
0	0.016772400000000003	0.599275	-0.800367	0.0	-0.05419169999999999	0.799848	0.597751	0.0	0.99839	0.0333475	0.0458912	0.0	-2.5047900000000003	1.6124	1.62171	0.363979	0.587703	-0.644934	-0.488533	0.0	0.672147	0.0530831	0.738512	0.0	-0.450359	-0.762392	0.464688	0.0	2.49582	1.3872200000000001	1.63105	0.36396799999999996	
0	0.016772400000000003	0.599275	-0.800367	0.0	-0.0541918	0.799848	0.597751	0.0	0.99839	0.0333476	0.0458912	0.0	-2.5047900000000003	1.6124	1.62171	0.36398	0.571382	-0.6443260000000001	-0.5082979999999999	0.0	0.679208	0.0236169	0.7335659999999999	0.0	-0.46065100000000003	-0.764386	0.451125	0.0	2.47436	1.35804	1.66485	0.363983	
0	0.016772400000000003	0.599275	-0.800367	0.0	-0.0541918	0.799848	0.597751	0.0	0.99839	0.0333476	0.0458912	0.0	-2.5047900000000003	1.6124	1.62171	0.36398	0.571547	-0.6443720000000001	-0.508054	0.0	0.6791229999999999	0.0239386	0.733634	0.0	-0.460571	-0.764337	0.45128999999999997	0.0	2.4748200000000002	1.35883	1.6642700000000001	0.363979	
0	0.016772400000000003	0.599275	-0.800367	0.0	-0.05419169999999999	0.799848	0.597751	0.0	0.99839	0.0333475	0.0458911	0.0	-2.5047900000000003	1.6124	1.62171	0.363979	0.571546	-0.6443720000000001	-0.508055	0.0	0.679124	0.0239378	0.733633	0.0	-0.460571	-0.764337	0.45128999999999997	0.0	2.4748200000000002	1.35883	1.6642700000000001	0.363979	
0	0.016772400000000003	0.599275	-0.800367	0.0	-0.05419169999999999	0.799848	0.597751	0.0	0.99839	0.0333475	0.0458912	0.0	-2.5047900000000003	1.6124	1.62171	0.363979	0.571546	-0.6443720000000001	-0.508054	0.0	0.679124	0.0239379	0.733633	0.0	-0.460571	-0.764337	0.45128999999999997	0.0	2.4748200000000002	1.35884	1.6642700000000001	0.36398	
0	0.016772400000000003	0.599275	-0.800367	0.0	-0.0541918	0.799848	0.597751	0.0	0.99839	0.0333476	0.0458912	0.0	-2.5047900000000003	1.6124	1.62171	0.36398	0.571546	-0.6443720000000001	-0.508055	0.0	0.679124	0.0239377	0.733633	0.0	-0.460571	-0.764337	0.45128999999999997	0.0	2.4748200000000002	1.35883	1.6642700000000001	0.363979	
0	0.016772400000000003	0.599275	-0.800367	0.0	-0.05419169999999999	0.799848	0.597751	0.0	0.99839	0.0333475	0.0458911	0.0	-2.5047900000000003	1.6124	1.62171	0.363979	0.571546	-0.6443720000000001	-0.508055	0.0	0.679124	0.0239378	0.733633	0.0	-0.460571	-0.764337	0.45128999999999997	0.0	2.4748200000000002	1.35883	1.6642700000000001	0.36398	
0	0.0167725	0.599275	-0.800367	0.0	-0.05419159999999999	0.799848	0.597751	0.0	0.99839	0.0333474	0.0458911	0.0	-2.5047900000000003	1.6124	1.62171	0.363979	0.571546	-0.6443720000000001	-0.508055	0.0	0.679124	0.0239377	0.733633	0.0	-0.460571	-0.764337	0.45128999999999997	0.0	2.4748200000000002	1.35883	1.6642700000000001	0.363979	
0	0.0167725	0.599275	-0.800367	0.0	-0.05419159999999999	0.799848	0.597751	0.0	0.99839	0.0333474	0.0458911	0.0	-2.5047900000000003	1.6124	1.62171	0.363979	0.571546	-0.6443720000000001	-0.508055	0.0	0.679124	0.0239377	0.733633	0.0	-0.460571	-0.764337	0.45128999999999997	0.0	2.4748200000000002	1.35884	1.6642700000000001	0.363979	
0	0.016772400000000003	0.599275	-0.800367	0.0	-0.05419169999999999	0.799848	0.597751	0.0	0.99839	0.0333475	0.0458912	0.0	-2.5047900000000003	1.6124	1.62171	0.363979	0.571546	-0.6443720000000001	-0.508054	0.0	0.679124	0.0239379	0.733633	0.0	-0.460571	-0.764337	0.45128999999999997	0.0	2.4748200000000002	1.35883	1.6642700000000001	0.36398	
0	0.016772400000000003	0.599275	-0.800367	0.0	-0.05419169999999999	0.799848	0.597751	0.0	0.99839	0.0333475	0.0458912	0.0	-2.5047900000000003	1.6124	1.62171	0.363979	0.571546	-0.6443720000000001	-0.508054	0.0	0.679124	0.0239379	0.733633	0.0	-0.460571	-0.764337	0.45128999999999997	0.0	2.4748200000000002	1.35884	1.6642700000000001	0.363979	
0	0.0167725	0.599275	-0.800367	0.0	-0.05419159999999999	0.799848	0.597751	0.0	0.99839	0.0333474	0.0458911	0.0	-2.5047900000000003	1.6124	1.62171	0.363979	0.571546	-0.6443720000000001	-0.508054	0.0	0.679124	0.0239379	0.733633	0.0	-0.460571	-0.764337	0.45128999999999997	0.0	2.4748200000000002	1.35883	1.6642700000000001	0.36398	
0	0.0167725	0.599275	-0.800367	0.0	-0.05419159999999999	0.799848	0.597751	0.0	0.99839	0.0333474	0.0458911	0.0	-2.5047900000000003	1.6124	1.62171	0.363979	0.571546	-0.6443720000000001	-0.508054	0.0	0.679124	0.0239379	0.733633	0.0	-0.460571	-0.764337	0.45128999999999997	0.0	2.4748200000000002	1.35884	1.6642700000000001	0.36398	
0	0.0167725	0.599275	-0.800367	0.0	-0.05419159999999999	0.799848	0.597751	0.0	0.99839	0.0333473	0.0458911	0.0	-2.5047900000000003	1.6124	1.62171	0.363979	0.571546	-0.6443720000000001	-0.508054	0.0	0.679124	0.0239379	0.733633	0.0	-0.460571	-0.764337	0.45128999999999997	0.0	2.4748200000000002	1.35883	1.6642700000000001	0.363979	
0	0.016772400000000003	0.599275	-0.800367	0.0	-0.05419159999999999	0.799848	0.597751	0.0	0.99839	0.0333474	0.0458911	0.0	-2.5047900000000003	1.6124	1.62171	0.363979	0.571546	-0.6443720000000001	-0.508055	0.0	0.679124	0.0239378	0.733633	0.0	-0.460571	-0.764337	0.45128999999999997	0.0	2.4748200000000002	1.35883	1.6642700000000001	0.363979	
0	0.016772400000000003	0.599275	-0.800367	0.0	-0.05419169999999999	0.799848	0.597751	0.0	0.99839	0.0333475	0.0458911	0.0	-2.5047900000000003	1.6124	1.62171	0.363979	0.571546	-0.6443720000000001	-0.508054	0.0	0.679124	0.0239379	0.733633	0.0	-0.460571	-0.764337	0.45128999999999997	0.0	2.4748200000000002	1.35883	1.6642700000000001	0.363979	
0	0.0167725	0.599275	-0.800367	0.0	-0.05419159999999999	0.799848	0.597751	0.0	0.99839	0.0333474	0.0458911	0.0	-2.5047900000000003	1.6124	1.62171	0.363979	0.571546	-0.6443720000000001	-0.508054	0.0	0.679124	0.0239379	0.733633	0.0	-0.460571	-0.764337	0.45128999999999997	0.0	2.4748200000000002	1.35883	1.6642700000000001	0.363979	
0	0.016772400000000003	0.599275	-0.800367	0.0	-0.05419159999999999	0.799848	0.597751	0.0	0.99839	0.0333474	0.0458911	0.0	-2.5047900000000003	1.6124	1.62171	0.363979	0.571546	-0.6443720000000001	-0.508054	0.0	0.679124	0.0239379	0.733633	0.0	-0.460571	-0.764337	0.45128999999999997	0.0	2.4748200000000002	1.35883	1.6642700000000001	0.363979	
0	-0.00848205	0.734271	-0.6788029999999999	0.0	0.0112318	0.678855	0.734187	0.0	0.999901	-0.00139678	-0.014005200000000002	0.0	-2.5326299999999997	1.6656900000000001	1.6276700000000002	0.364001	0.0120943	-0.019644400000000003	-0.999734	0.0	0.517935	-0.855109	0.0230683	0.0	-0.8553350000000001	-0.518076	-0.000167519	0.0	2.81882	1.9519400000000002	1.44835	0.354321	
0	-0.139655	0.7069949999999999	-0.693293	0.0	-0.00943804	0.699172	0.714892	0.0	0.9901549999999999	0.10638199999999999	-0.0909703	0.0	-2.55082	1.96279	1.42279	0.36395900000000003	0.044294400000000005	0.663927	-0.7464850000000001	0.0	0.0213426	-0.747677	-0.66372	0.0	-0.998791	0.0134672	-0.047288	0.0	2.83268	2.5746900000000004	1.2982	0.36394699999999996	
0	-0.18202100000000002	0.708604	-0.681725	0.0	0.00778535	0.6943239999999999	0.719621	0.0	0.9832639999999999	0.12567799999999998	-0.13189800000000002	0.0	-2.61154	2.27073	1.28262	0.357869	0.0816662	0.678795	-0.729773	0.0	0.05397419999999999	-0.734156	-0.676832	0.0	-0.9951969999999999	0.0158855	-0.0965934	0.0	2.85543	2.9416599999999997	1.18784	0.363975	
0	-0.169666	0.723546	-0.6691	0.0	0.025249	0.681912	0.730999	0.0	0.9851780000000001	0.10713199999999999	-0.133966	0.0	-2.63848	2.3536200000000003	1.24338	0.35531799999999997	0.09109919999999999	0.6886359999999999	-0.719362	0.0	0.0808846	-0.725096	-0.683882	0.0	-0.992552	0.00411588	-0.12175599999999999	0.0	2.91376	3.0748	1.09451	0.361532	
0	-0.16427	0.719817	-0.674447	0.0	0.030356599999999997	0.6871010000000001	0.725928	0.0	0.9859479999999999	0.09877430000000001	-0.134721	0.0	-2.60739	2.39282	1.22823	0.338554	0.0989705	0.705993	-0.7012689999999999	0.0	0.133881	-0.707769	-0.693642	0.0	-0.986043	-0.0252364	-0.16456700000000002	0.0	2.9851799999999997	3.11278	1.00437	0.359504	
0	-0.152851	0.712884	-0.6844210000000001	0.0	0.0316585	0.695736	0.7176	0.0	0.987742	0.0880178	-0.128913	0.0	-2.58196	2.42117	1.22481	0.307096	0.0850443	0.713916	-0.695048	0.0	0.183393	-0.696873	-0.693351	0.0	-0.9793540000000001	-0.06850149999999999	-0.190192	0.0	3.04365	3.07516	0.9258540000000001	0.35772	
0	-0.145055	0.705291	-0.693919	0.0	0.0421825	0.7051069999999999	0.707845	0.0	0.988524	0.0734049	-0.13203	0.0	-2.58169	2.40971	1.2251299999999998	0.29059	0.0753472	0.71105	-0.6990930000000001	0.0	0.208473	-0.6968260000000001	-0.686275	0.0	-0.9751219999999999	-0.09403289999999999	-0.200739	0.0	3.10606	2.98612	0.864468	0.357066	
0	-0.10476300000000001	0.669331	-0.735541	0.0	0.0521705	0.742291	0.668044	0.0	0.993128	0.0316131	-0.11268399999999999	0.0	-2.55105	2.3793599999999997	1.2476399999999999	0.188722	0.0327698	0.645167	-0.763339	0.0	0.27932399999999996	-0.739228	-0.612797	0.0	-0.9596379999999999	-0.19313699999999998	-0.20443499999999998	0.0	3.08493	2.88435	0.912883	0.245892	
0	-0.0671182	0.635005	-0.769587	0.0	0.0492532	0.772494	0.633109	0.0	0.9965290000000001	0.00458845	-0.0831245	0.0	-2.5796799999999998	2.26578	1.26262	0.00034523	-0.00541157	0.631929	-0.775007	0.0	0.32318	-0.732323	-0.599382	0.0	-0.9463219999999999	-0.253711	-0.200264	0.0	3.1333900000000003	2.70539	0.9548700000000001	-0.00048828099999999997	
0	-0.122072	0.610429	-0.782608	0.0	0.0757797	0.791936	0.605884	0.0	0.989624	0.014655600000000001	-0.142931	0.0	-2.65766	2.38262	1.2182	0.0	0.00387716	0.619608	-0.784902	0.0	0.31335599999999997	-0.746129	-0.5874520000000001	0.0	-0.949628	-0.24367600000000003	-0.197051	0.0	3.16972	2.64777	0.9254	0.0	
0	-0.114587	0.683682	-0.7207279999999999	0.0	0.155022	0.728925	0.6668109999999999	0.0	0.981243	-0.0353202	-0.18951099999999999	0.0	-2.69842	2.54245	1.1788299999999998	0.0629416	-0.0321908	0.672359	-0.739526	0.0	0.31167	-0.696263	-0.646591	0.0	-0.9496450000000001	-0.251302	-0.187141	0.0	3.1867	2.6245	0.9156770000000001	0.169494	
0	0.010051899999999999	0.792233	-0.610136	0.0	0.265403	0.5861689999999999	0.7654850000000001	0.0	0.9640850000000001	-0.169626	-0.204369	0.0	-2.76536	2.58529	1.12067	0.305305	-0.130199	0.7182729999999999	-0.683471	0.0	0.358211	-0.6087	-0.707933	0.0	-0.9245180000000001	-0.336999	-0.178041	0.0	3.17582	2.51873	0.854259	0.353854	
0	0.183919	0.8525159999999999	-0.489275	0.0	0.293358	0.42747399999999997	0.855107	0.0	0.9381440000000001	-0.30080300000000004	-0.171472	0.0	-2.7841400000000003	2.55017	1.0403	0.348885	-0.250474	0.7125670000000001	-0.655371	0.0	0.415274	-0.5324300000000001	-0.737608	0.0	-0.8745350000000001	-0.45691000000000004	-0.162551	0.0	3.19754	2.38528	0.796647	0.350489	
0	0.275739	0.8688950000000001	-0.411084	0.0	0.29837800000000003	0.329167	0.895891	0.0	0.91375	-0.36969	-0.168495	0.0	-2.84211	2.5644400000000003	0.8427979999999999	0.349367	-0.310091	0.71296	-0.6289140000000001	0.0	0.436391	-0.480972	-0.760414	0.0	-0.844634	-0.51025	-0.161984	0.0	3.26559	2.3004700000000002	0.585878	0.346139	
0	0.353406	0.869767	-0.344398	0.0	0.282129	0.251915	0.9257120000000001	0.0	0.891912	-0.424317	-0.156359	0.0	-2.8324	2.5188	0.6758	0.35122800000000004	-0.38500700000000004	0.715838	-0.582534	0.0	0.43934799999999996	-0.412925	-0.7977890000000001	0.0	-0.8116300000000001	-0.5630890000000001	-0.155523	0.0	3.29938	2.1703900000000003	0.39923600000000004	0.356476	
0	0.44561300000000004	0.8444520000000001	-0.297204	0.0	0.276273	0.186064	0.942896	0.0	0.8515299999999999	-0.5022760000000001	-0.150387	0.0	-2.84639	2.33555	0.495258	0.351679	-0.47486000000000006	0.693372	-0.54198	0.0	0.439147	-0.347004	-0.8286969999999999	0.0	-0.7626649999999999	-0.631524	-0.139714	0.0	3.32294	1.9966700000000002	0.26811	0.358224	
0	0.49858100000000005	0.8264450000000001	-0.261544	0.0	0.271351	0.137758	0.952571	0.0	0.823277	-0.545904	-0.155574	0.0	-2.85364	2.1646900000000002	0.290371	0.352057	-0.5522199999999999	0.676621	-0.48707	0.0	0.432787	-0.26668600000000003	-0.8611469999999999	0.0	-0.712565	-0.68634	-0.145564	0.0	3.3094300000000003	1.84582	0.10388800000000001	0.359713	
0	0.5474100000000001	0.8074859999999999	-0.21979200000000002	0.0	0.29646999999999996	0.058485	0.95325	0.0	0.782591	-0.5869800000000001	-0.20738	0.0	-2.8691400000000002	2.08774	0.047897300000000004	0.351792	-0.711359	0.609058	-0.350738	0.0	0.39205500000000004	-0.07031010000000001	-0.917251	0.0	-0.5833189999999999	-0.790003	-0.188769	0.0	3.2752	1.68313	-0.08322389999999999	0.35986599999999996	
0	0.590852	0.78994	-0.163981	0.0	0.302687	-0.0286416	0.952659	0.0	0.747847	-0.6125149999999999	-0.25602800000000003	0.0	-2.8728599999999997	2.05857	-0.19203199999999998	0.351978	-0.7903359999999999	0.5588989999999999	-0.251002	0.0	0.32801199999999997	0.0399663	-0.9438280000000001	0.0	-0.517473	-0.8282719999999999	-0.214912	0.0	3.23719	1.56235	-0.270246	0.360269	
0	0.639496	0.7589899999999999	-0.122392	0.0	0.297466	-0.0974807	0.949743	0.0	0.708914	-0.643764	-0.288112	0.0	-2.8715200000000003	1.9799400000000003	-0.39874	0.35206	-0.8504079999999999	0.50535	-0.14637999999999998	0.0	0.24825	0.14011400000000002	-0.958509	0.0	-0.463873	-0.851463	-0.244608	0.0	3.17492	1.4421	-0.466946	0.360027	
0	0.673657	0.730648	-0.11108399999999999	0.0	0.289578	-0.12267	0.949261	0.0	0.679949	-0.6716439999999999	-0.294218	0.0	-2.89442	1.8326	-0.561415	0.35223499999999996	-0.892634	0.444301	-0.07616569999999999	0.0	0.182195	0.201047	-0.9624889999999999	0.0	-0.412322	-0.873028	-0.260411	0.0	3.12403	1.28046	-0.632474	0.358833	
0	0.688787	0.7155819999999999	-0.11625799999999999	0.0	0.28826399999999996	-0.12319300000000001	0.949593	0.0	0.66519	-0.68758	-0.29113	0.0	-2.86442	1.6979799999999998	-0.666226	0.351892	-0.9075489999999999	0.416307	-0.055160900000000006	0.0	0.148118	0.194416	-0.969672	0.0	-0.392957	-0.8881950000000001	-0.238105	0.0	3.11141	1.08827	-0.764936	0.35932800000000004	
0	0.69621	0.70673	-0.125797	0.0	0.28175700000000004	-0.107858	0.9534040000000001	0.0	0.660231	-0.699213	-0.27421799999999996	0.0	-2.8047299999999997	1.57561	-0.7358560000000001	0.351721	-0.913716	0.403927	-0.0443468	0.0	0.12983499999999998	0.18678699999999998	-0.973783	0.0	-0.38505300000000003	-0.8955190000000001	-0.22311399999999998	0.0	3.08175	0.941008	-0.8758469999999999	0.35880300000000004	
0	0.699288	0.7001350000000001	-0.14424700000000001	0.0	0.278199	-0.08066720000000001	0.9571299999999999	0.0	0.6584840000000001	-0.709439	-0.251186	0.0	-2.73787	1.43885	-0.766091	0.35130300000000003	-0.9235760000000001	0.381818	-0.034963	0.0	0.10989000000000002	0.176239	-0.978194	0.0	-0.36733000000000005	-0.9072790000000001	-0.204729	0.0	3.00981	0.757899	-1.00254	0.358626	
0	0.702387	0.6926260000000001	-0.164082	0.0	0.27962600000000004	-0.056512599999999996	0.9584440000000001	0.0	0.65457	-0.71908	-0.23337	0.0	-2.72149	1.31914	-0.8078420000000001	0.351249	-0.92491	0.378834	-0.0320377	0.0	0.100913	0.16338	-0.981389	0.0	-0.36654899999999996	-0.9109290000000001	-0.189341	0.0	2.98157	0.626117	-1.08292	0.358646	
0	0.7003590000000001	0.692992	-0.171053	0.0	0.273826	-0.0395394	0.960966	0.0	0.659179	-0.71986	-0.21745100000000003	0.0	-2.67887	1.2464600000000001	-0.804473	0.35125100000000004	-0.924013	0.381058	-0.0315478	0.0	0.09830610000000001	0.157022	-0.98269	0.0	-0.36950900000000003	-0.91112	-0.18255	0.0	2.97871	0.547136	-1.13611	0.358695	
0	0.70176	0.689768	-0.17819300000000002	0.0	0.275831	-0.0324526	0.960658	0.0	0.656848	-0.723303	-0.213033	0.0	-2.6563	1.18539	-0.802341	0.351097	-0.923868	0.381304	-0.0327838	0.0	0.0988923	0.155096	-0.9829370000000001	0.0	-0.369713	-0.9113459999999999	-0.180997	0.0	2.97864	0.514264	-1.1630200000000002	0.35865	
0	0.702327	0.689014	-0.178877	0.0	0.275434	-0.031316500000000004	0.96081	0.0	0.656409	-0.724071	-0.211772	0.0	-2.65647	1.17177	-0.808534	0.351015	-0.9236629999999999	0.38161999999999996	-0.03482709999999999	0.0	0.09975389999999999	0.151697	-0.9833799999999999	0.0	-0.369994	-0.9117860000000001	-0.17818499999999998	0.0	2.97533	0.510102	-1.18553	0.358867	
0	0.6996439999999999	0.6904640000000001	-0.18373399999999998	0.0	0.279052	-0.027334300000000002	0.959887	0.0	0.657745	-0.72285	-0.211799	0.0	-2.64717	1.1958600000000001	-0.814628	0.350704	-0.9229930000000001	0.38304299999999997	-0.0368982	0.0	0.100345	0.147004	-0.984033	0.0	-0.371503	-0.911958	-0.174121	0.0	2.9639900000000003	0.521479	-1.19056	0.359124	
0	0.6985210000000001	0.6909109999999999	-0.186308	0.0	0.27915	-0.0233663	0.9599629999999999	0.0	0.658896	-0.722562	-0.20919000000000001	0.0	-2.64216	1.22299	-0.791275	0.350498	-0.922402	0.38424899999999995	-0.039087199999999996	0.0	0.100773	0.141736	-0.984762	0.0	-0.372854	-0.912285	-0.16946	0.0	2.95218	0.539976	-1.2081899999999999	0.359408	
0	0.696887	0.691459	-0.190352	0.0	0.282862	-0.021099299999999998	0.9589290000000001	0.0	0.659043	-0.722108	-0.21029099999999998	0.0	-2.64785	1.23593	-0.803791	0.350542	-0.9228709999999999	0.383184	-0.038464599999999995	0.0	0.10028300000000001	0.142681	-0.984675	0.0	-0.371824	-0.9125850000000001	-0.170103	0.0	2.94657	0.54633	-1.2092200000000002	0.359375	
0	0.696283	0.691934	-0.190833	0.0	0.282969	-0.0202821	0.958915	0.0	0.6596350000000001	-0.721676	-0.209918	0.0	-2.6590700000000003	1.24423	-0.827738	0.350583	-0.9235260000000001	0.3815	-0.0394791	0.0	0.10083500000000001	0.142201	-0.9846879999999999	0.0	-0.370044	-0.913366	-0.169795	0.0	2.94048	0.558175	-1.21249	0.359518	
0	0.697656	0.6907810000000001	-0.189994	0.0	0.28221599999999997	-0.0212269	0.959116	0.0	0.658506	-0.722753	-0.209758	0.0	-2.67253	1.25405	-0.8589479999999999	0.350646	-0.9242309999999999	0.379355	-0.0434463	0.0	0.104485	0.141823	-0.9843620000000001	0.0	-0.367261	-0.914317	-0.170714	0.0	2.9399599999999997	0.565137	-1.2092200000000002	0.359496	
0	0.695448	0.6924600000000001	-0.191965	0.0	0.281656	-0.0169142	0.9593659999999999	0.0	0.661076	-0.721258	-0.20679899999999998	0.0	-2.67849	1.26785	-0.859144	0.350939	-0.9237540000000001	0.38004299999999996	-0.047392800000000006	0.0	0.1095	0.143501	-0.983574	0.0	-0.36699899999999996	-0.913769	-0.174175	0.0	2.94272	0.569365	-1.2206	0.35943400000000003	
0	0.691772	0.6925399999999999	-0.204548	0.0	0.278144	0.00586328	0.960521	0.0	0.666399	-0.721356	-0.18857000000000002	0.0	-2.68083	1.305	-0.795971	0.351987	-0.923064	0.38059	-0.05571759999999999	0.0	0.11701099999999999	0.139849	-0.9832350000000001	0.0	-0.366417	-0.914108	-0.173622	0.0	2.94253	0.572188	-1.21536	0.359675	
0	0.706631	0.659312	-0.256867	0.0	0.277239	0.0760164	0.9577889999999999	0.0	0.651008	-0.748017	-0.129071	0.0	-2.79734	1.42234	-0.597108	0.353458	-0.92065	0.38348699999999997	-0.0730823	0.0	0.131794	0.129099	-0.982835	0.0	-0.367469	-0.914479	-0.169397	0.0	2.9413400000000003	0.5963470000000001	-1.20995	0.359865	
0	0.708816	0.655593	-0.260342	0.0	0.276318	0.0815225	0.9576030000000001	0.0	0.649021	-0.7507010000000001	-0.123367	0.0	-2.81818	1.4446700000000001	-0.562909	0.35346500000000003	-0.919953	0.384667	-0.0756173	0.0	0.134276	0.127961	-0.982648	0.0	-0.368316	-0.914143	-0.16937	0.0	2.94138	0.6006670000000001	-1.21393	0.359862	
0	0.708865	0.655518	-0.260398	0.0	0.276304	0.0816066	0.957599	0.0	0.6489729999999999	-0.750758	-0.123274	0.0	-2.81767	1.44407	-0.56384	0.35347	-0.9199450000000001	0.384681	-0.0756475	0.0	0.13430599999999998	0.127948	-0.9826450000000001	0.0	-0.36832600000000004	-0.9141389999999999	-0.16937	0.0	2.94138	0.600543	-1.2139	0.359862	
0	0.708865	0.655518	-0.260398	0.0	0.276304	0.08160629999999999	0.957599	0.0	0.6489739999999999	-0.750757	-0.123275	0.0	-2.81767	1.44407	-0.563841	0.35346900000000003	-0.9199450000000001	0.384681	-0.07564739999999999	0.0	0.13430599999999998	0.127948	-0.9826450000000001	0.0	-0.36832600000000004	-0.9141389999999999	-0.16937	0.0	2.94138	0.600542	-1.2139	0.359863	
0	0.708865	0.655518	-0.260398	0.0	0.276304	0.08160629999999999	0.957599	0.0	0.6489739999999999	-0.750757	-0.123275	0.0	-2.81767	1.4440600000000001	-0.563842	0.35346900000000003	-0.9199450000000001	0.384681	-0.07564739999999999	0.0	0.13430599999999998	0.127948	-0.9826450000000001	0.0	-0.36832600000000004	-0.9141389999999999	-0.16937	0.0	2.94138	0.600542	-1.2139	0.359862	
0	0.708865	0.655518	-0.260398	0.0	0.276304	0.08160629999999999	0.957599	0.0	0.6489739999999999	-0.750757	-0.123275	0.0	-2.81767	1.4440600000000001	-0.563842	0.35346900000000003	-0.9199450000000001	0.384681	-0.0756473	0.0	0.134305	0.127948	-0.9826450000000001	0.0	-0.36832600000000004	-0.9141389999999999	-0.16937	0.0	2.94138	0.600542	-1.2139	0.359863	
0	0.708865	0.655518	-0.260398	0.0	0.276304	0.08160629999999999	0.957599	0.0	0.6489739999999999	-0.750757	-0.123275	0.0	-2.81767	1.44407	-0.563841	0.35346900000000003	-0.9199450000000001	0.384681	-0.07564739999999999	0.0	0.13430599999999998	0.127948	-0.9826450000000001	0.0	-0.36832600000000004	-0.9141389999999999	-0.16937	0.0	2.94138	0.600542	-1.2139	0.359862	
0	0.708865	0.655518	-0.260398	0.0	0.276304	0.08160629999999999	0.957599	0.0	0.6489739999999999	-0.750757	-0.123275	0.0	-2.81767	1.4440600000000001	-0.563842	0.35346900000000003	-0.9199450000000001	0.384681	-0.0756473	0.0	0.134305	0.127948	-0.9826450000000001	0.0	-0.36832600000000004	-0.9141389999999999	-0.16937	0.0	2.94138	0.600542	-1.2139	0.359863	
0	0.708865	0.655518	-0.260398	0.0	0.276304	0.08160629999999999	0.957599	0.0	0.6489739999999999	-0.750757	-0.123275	0.0	-2.81767	1.4440600000000001	-0.563842	0.35346900000000003	-0.9199450000000001	0.384681	-0.0756473	0.0	0.134305	0.127948	-0.9826450000000001	0.0	-0.36832600000000004	-0.9141389999999999	-0.16937	0.0	2.94138	0.600542	-1.2139	0.359862	
0	0.708865	0.655518	-0.260398	0.0	0.276304	0.08160629999999999	0.957599	0.0	0.6489739999999999	-0.750757	-0.123275	0.0	-2.81767	1.44407	-0.563841	0.35346900000000003	-0.9199450000000001	0.384681	-0.07564739999999999	0.0	0.134305	0.127948	-0.9826450000000001	0.0	-0.36832600000000004	-0.9141389999999999	-0.16937	0.0	2.94138	0.600542	-1.2139	0.359863	
0	0.708865	0.655518	-0.260398	0.0	0.276304	0.08160629999999999	0.957599	0.0	0.6489739999999999	-0.750757	-0.123275	0.0	-2.81767	1.44407	-0.563841	0.35346900000000003	-0.9199450000000001	0.384681	-0.07564739999999999	0.0	0.13430599999999998	0.127948	-0.9826450000000001	0.0	-0.36832600000000004	-0.9141389999999999	-0.16937	0.0	2.94138	0.600542	-1.2139	0.359863	
0	0.708865	0.655518	-0.260398	0.0	0.276304	0.08160629999999999	0.957599	0.0	0.6489739999999999	-0.750757	-0.123275	0.0	-2.81767	1.4440600000000001	-0.563842	0.35346900000000003	-0.9199450000000001	0.384681	-0.07564739999999999	0.0	0.13430599999999998	0.127948	-0.9826450000000001	0.0	-0.36832600000000004	-0.9141389999999999	-0.16937	0.0	2.94138	0.600542	-1.2139	0.359862	
0	0.708865	0.655518	-0.260398	0.0	0.276304	0.08160629999999999	0.957599	0.0	0.6489739999999999	-0.750757	-0.123275	0.0	-2.81767	1.44407	-0.563841	0.35346900000000003	-0.9199450000000001	0.384681	-0.07564739999999999	0.0	0.13430599999999998	0.127948	-0.9826450000000001	0.0	-0.36832600000000004	-0.9141389999999999	-0.16937	0.0	2.94138	0.600542	-1.2139	0.359862	
0	0.708865	0.655518	-0.260398	0.0	0.276304	0.08160629999999999	0.957599	0.0	0.6489739999999999	-0.750757	-0.123275	0.0	-2.81767	1.44407	-0.563841	0.35346900000000003	-0.9199450000000001	0.384681	-0.0756473	0.0	0.134305	0.127948	-0.9826450000000001	0.0	-0.36832600000000004	-0.9141389999999999	-0.16937	0.0	2.94138	0.600542	-1.2139	0.359862	
0	0.708865	0.655518	-0.260398	0.0	0.276304	0.08160629999999999	0.957599	0.0	0.6489739999999999	-0.750757	-0.123275	0.0	-2.81767	1.4440600000000001	-0.563842	0.35346900000000003	-0.9199450000000001	0.384681	-0.07564739999999999	0.0	0.134305	0.127948	-0.9826450000000001	0.0	-0.36832600000000004	-0.9141389999999999	-0.16937	0.0	2.94138	0.600542	-1.2139	0.359863	
0	0.708865	0.655518	-0.260398	0.0	0.276304	0.08160629999999999	0.957599	0.0	0.6489739999999999	-0.750757	-0.123275	0.0	-2.81767	1.44407	-0.563841	0.35346900000000003	-0.9199450000000001	0.384681	-0.07564739999999999	0.0	0.13430599999999998	0.127948	-0.9826450000000001	0.0	-0.36832600000000004	-0.9141389999999999	-0.16937	0.0	2.94138	0.600542	-1.2139	0.359862	
0	0.708865	0.655518	-0.260398	0.0	0.276304	0.08160629999999999	0.957599	0.0	0.6489739999999999	-0.750757	-0.123275	0.0	-2.81767	1.4440600000000001	-0.563842	0.35346900000000003	-0.9199450000000001	0.384681	-0.07564739999999999	0.0	0.134305	0.127948	-0.9826450000000001	0.0	-0.36832600000000004	-0.9141389999999999	-0.16937	0.0	2.94138	0.600542	-1.2139	0.359863	
0	0.708865	0.655518	-0.260398	0.0	0.276304	0.08160629999999999	0.957599	0.0	0.6489739999999999	-0.750757	-0.123275	0.0	-2.81767	1.4440600000000001	-0.563842	0.35346900000000003	-0.9199450000000001	0.384681	-0.07564739999999999	0.0	0.13430599999999998	0.127948	-0.9826450000000001	0.0	-0.36832600000000004	-0.9141389999999999	-0.16937	0.0	2.94138	0.600542	-1.2139	0.359862	
0	0.552653	0.777849	-0.299209	0.0	0.395813	0.07097010000000001	0.915585	0.0	0.733422	-0.6244310000000001	-0.26866100000000004	0.0	-2.82907	1.42266	-0.611011	0.348698	-0.243523	0.788701	-0.564489	0.0	0.759197	-0.20718899999999998	-0.617004	0.0	-0.603587	-0.578813	-0.548324	0.0	2.90468	0.6574770000000001	-1.2382600000000001	0.35655	
0	0.546133	0.774999	-0.317986	0.0	0.407403	0.0859551	0.9091950000000001	0.0	0.731957	-0.6260899999999999	-0.26879400000000003	0.0	-2.83347	1.39275	-0.59399	0.34863	-0.221671	0.798482	-0.559721	0.0	0.771001	-0.207907	-0.601941	0.0	-0.597009	-0.564978	-0.569543	0.0	2.93876	0.659783	-1.2321799999999998	0.356669	
0	0.571589	0.7331770000000001	-0.368425	0.0	0.391154	0.15123599999999998	0.9078139999999999	0.0	0.721308	-0.663008	-0.20034000000000002	0.0	-2.72522	1.04447	-0.685084	0.34970100000000004	-0.221633	0.800164	-0.55733	0.0	0.774746	-0.20258099999999998	-0.5989399999999999	0.0	-0.592155	-0.564534	-0.575025	0.0	2.96548	0.637451	-1.2471299999999998	0.356935	
0	0.655846	0.636584	-0.405742	0.0	0.392554	0.171498	0.9035979999999999	0.0	0.6448	-0.751897	-0.137417	0.0	-2.5160400000000003	0.514658	-0.85019	0.35241100000000003	-0.220955	0.7985979999999999	-0.55984	0.0	0.778489	-0.20135799999999998	-0.594482	0.0	-0.587481	-0.567183	-0.577209	0.0	2.97227	0.622046	-1.24947	0.357299	
0	0.7306739999999999	0.538226	-0.420034	0.0	0.378529	0.19264	0.9053209999999999	0.0	0.568182	-0.8204899999999999	-0.0629765	0.0	-2.3511	-0.0816583	-1.0190700000000001	0.35294699999999996	-0.222937	0.795704	-0.5631649999999999	0.0	0.7847569999999999	-0.196233	-0.587919	0.0	-0.578321	-0.573016	-0.580687	0.0	2.96905	0.609069	-1.2230299999999998	0.357229	
0	0.765989	0.47955699999999996	-0.42811899999999997	0.0	0.37454699999999996	0.208333	0.9035	0.0	0.522471	-0.8524209999999999	-0.020036	0.0	-2.29506	-0.44147200000000003	-1.13646	0.352677	-0.22338200000000002	0.7950020000000001	-0.563979	0.0	0.786271	-0.194999	-0.586304	0.0	-0.576088	-0.5744100000000001	-0.5815279999999999	0.0	2.97222	0.600493	-1.2155200000000002	0.357088	
0	0.8213090000000001	0.384957	-0.421023	0.0	0.359196	0.224404	0.9058809999999999	0.0	0.443204	-0.8952379999999999	0.04603	0.0	-2.22494	-0.9965719999999999	-1.34017	0.350973	-0.221662	0.794496	-0.565369	0.0	0.789308	-0.19426500000000002	-0.5824550000000001	0.0	-0.5725899999999999	-0.5753590000000001	-0.58404	0.0	2.98533	0.580141	-1.22376	0.357158	
0	0.8763549999999999	0.264534	-0.402522	0.0	0.349938	0.22457	0.909457	0.0	0.330977	-0.9378639999999999	0.10423299999999999	0.0	-2.2088099999999997	-1.59848	-1.58395	0.349935	-0.22127600000000003	0.793167	-0.5673819999999999	0.0	0.790049	-0.19528199999999998	-0.581108	0.0	-0.571716	-0.5768449999999999	-0.58343	0.0	2.98365	0.567487	-1.22909	0.357327	
0	0.904567	0.148047	-0.399802	0.0	0.370514	0.190908	0.9089959999999999	0.0	0.21089899999999998	-0.9703799999999999	0.117836	0.0	-2.2819599999999998	-1.9678799999999999	-1.7393599999999998	0.35114	-0.22234299999999999	0.792304	-0.56817	0.0	0.79082	-0.19428099999999998	-0.580395	0.0	-0.570234	-0.578367	-0.5833729999999999	0.0	2.98076	0.5656979999999999	-1.22674	0.35741300000000004	
0	0.909919	0.08737400000000001	-0.405479	0.0	0.385619	0.181902	0.90455	0.0	0.152792	-0.979427	0.131823	0.0	-2.3774	-2.17141	-1.8016299999999998	0.351507	-0.22240300000000002	0.792129	-0.568392	0.0	0.791696	-0.19351	-0.579458	0.0	-0.568995	-0.578867	-0.584088	0.0	2.98365	0.564164	-1.22994	0.357241	
0	0.90569	0.0258904	-0.42315	0.0	0.411423	0.187088	0.8920370000000001	0.0	0.102261	-0.982002	0.15879200000000002	0.0	-2.52809	-2.41017	-1.9137400000000002	0.35238	-0.222171	0.79162	-0.569191	0.0	0.79176	-0.19420199999999999	-0.579138	0.0	-0.568995	-0.579331	-0.583627	0.0	2.98529	0.565991	-1.22748	0.357279	
0	0.9085110000000001	0.0176236	-0.41748999999999997	0.0	0.406941	0.189607	0.893559	0.0	0.0949068	-0.9817020000000001	0.165088	0.0	-2.5240099999999996	-2.40974	-1.91803	0.352903	-0.222504	0.791431	-0.5693229999999999	0.0	0.7922859999999999	-0.19351300000000002	-0.57865	0.0	-0.568133	-0.5798180000000001	-0.583983	0.0	2.98374	0.568904	-1.22668	0.357173	
0	0.8961690000000001	0.00447986	-0.44368900000000006	0.0	0.428158	0.253709	0.86736	0.0	0.116454	-0.9672700000000001	0.225448	0.0	-2.53255	-2.40025	-1.9705700000000002	0.35728000000000004	-0.22333000000000003	0.7904260000000001	-0.570395	0.0	0.792732	-0.193219	-0.578137	0.0	-0.567186	-0.581286	-0.583445	0.0	2.99035	0.5602550000000001	-1.22907	0.357089	
0	0.8976649999999999	-0.00266777	-0.44067	0.0	0.426309	0.258533	0.8668459999999999	0.0	0.111615	-0.9659989999999999	0.23321399999999998	0.0	-2.52973	-2.39974	-1.9766400000000002	0.35726199999999997	-0.22368200000000002	0.790267	-0.5704779999999999	0.0	0.792954	-0.19278800000000001	-0.5779770000000001	0.0	-0.5667369999999999	-0.581645	-0.583522	0.0	2.99114	0.559947	-1.22864	0.357013	
0	0.8984780000000001	0.00393023	-0.43900100000000003	0.0	0.42080200000000006	0.277352	0.863714	0.0	0.125153	-0.9607600000000001	0.24754099999999998	0.0	-2.54392	-2.39752	-1.9825	0.360007	-0.22269099999999997	0.790566	-0.570451	0.0	0.793061	-0.193404	-0.577623	0.0	-0.5669770000000001	-0.581034	-0.5838979999999999	0.0	2.99349	0.5617770000000001	-1.22706	0.3571	
0	0.9061170000000001	0.00216244	-0.423022	0.0	0.40529	0.282091	0.869577	0.0	0.12121099999999999	-0.959385	0.254731	0.0	-2.5467400000000002	-2.39715	-1.98216	0.36135900000000004	-0.222039	0.7898310000000001	-0.571723	0.0	0.793209	-0.194672	-0.576995	0.0	-0.567026	-0.581611	-0.583276	0.0	2.99091	0.567059	-1.2239	0.35691799999999996	
0	0.9108200000000001	0.049755400000000005	-0.409793	0.0	0.37285300000000005	0.326884	0.868405	0.0	0.17716300000000001	-0.9437540000000001	0.279181	0.0	-2.61857	-2.38996	-1.98318	0.360168	-0.22326999999999997	0.788996	-0.572395	0.0	0.794221	-0.193195	-0.576098	0.0	-0.5651229999999999	-0.583233	-0.583503	0.0	2.98313	0.576095	-1.21859	0.357042	
0	0.9113389999999999	0.0498246	-0.408631	0.0	0.372322	0.323691	0.869828	0.0	0.175609	-0.94485	0.276441	0.0	-2.62358	-2.39092	-1.9709299999999998	0.359473	-0.223268	0.789126	-0.572217	0.0	0.7947960000000001	-0.192472	-0.575546	0.0	-0.564314	-0.5832970000000001	-0.584221	0.0	2.98706	0.575132	-1.2224899999999999	0.356985	
0	0.929111	0.0115134	-0.369622	0.0	0.348325	0.30841399999999997	0.885184	0.0	0.124188	-0.951183	0.28254	0.0	-3.02857	-2.79629	-1.53596	0.351746	-0.222944	0.789553	-0.571754	0.0	0.794779	-0.192398	-0.575595	0.0	-0.564467	-0.582743	-0.584626	0.0	2.99661	0.564987	-1.22763	0.356978	
0	0.932502	0.00914592	-0.361048	0.0	0.341007	0.307	0.8885190000000001	0.0	0.118968	-0.951666	0.283159	0.0	-3.10244	-2.77477	-1.50905	0.351901	-0.222786	0.789538	-0.571836	0.0	0.794453	-0.192913	-0.575873	0.0	-0.564988	-0.582593	-0.584272	0.0	2.99591	0.5636720000000001	-1.22774	0.35694000000000004	
0	0.9469559999999999	0.013221100000000001	-0.321092	0.0	0.301263	0.311302	0.9012950000000001	0.0	0.111873	-0.950219	0.290806	0.0	-3.28189	-2.68375	-1.4477	0.351727	-0.22295399999999999	0.788979	-0.572542	0.0	0.79469	-0.193056	-0.575498	0.0	-0.564588	-0.583303	-0.583951	0.0	2.99592	0.564964	-1.22771	0.357069	
0	0.952917	0.013966899999999999	-0.30291	0.0	0.283157	0.316433	0.9053680000000001	0.0	0.10849600000000001	-0.9485120000000001	0.29758	0.0	-3.2976099999999997	-2.66701	-1.42324	0.35186799999999996	-0.22320399999999999	0.789029	-0.572376	0.0	0.794651	-0.192787	-0.575642	0.0	-0.5645439999999999	-0.583324	-0.583972	0.0	2.99411	0.566368	-1.2250299999999998	0.357016	
0	0.973972	0.0217742	-0.22562	0.0	0.206396	0.326258	0.922473	0.0	0.0936965	-0.9450299999999999	0.313272	0.0	-3.3971699999999996	-2.55123	-1.28502	0.35191300000000003	-0.223529	0.7885260000000001	-0.572941	0.0	0.7946850000000001	-0.192919	-0.57555	0.0	-0.564368	-0.58396	-0.583507	0.0	3.00073	0.56067	-1.23258	0.357042	
0	0.9820709999999999	0.032246699999999996	-0.18573299999999998	0.0	0.167061	0.30756999999999995	0.936745	0.0	0.0873328	-0.9509790000000001	0.296669	0.0	-3.45431	-2.46982	-1.2108	0.35196900000000003	-0.223609	0.789338	-0.5717909999999999	0.0	0.7948729999999999	-0.191825	-0.5756560000000001	0.0	-0.564071	-0.5832229999999999	-0.58453	0.0	2.9999700000000002	0.558747	-1.2316	0.35689699999999996	
0	0.987874	0.0486005	-0.147456	0.0	0.126969	0.293709	0.947425	0.0	0.08935470000000001	-0.954659	0.283977	0.0	-3.47862	-2.44912	-1.20834	0.351933	-0.22310100000000002	0.789768	-0.571395	0.0	0.794879	-0.191914	-0.5756180000000001	0.0	-0.564264	-0.582611	-0.584954	0.0	3.00164	0.5595720000000001	-1.23258	0.357173	
0	0.993764	0.108055	-0.0275277	0.0	-0.00195609	0.263726	0.9645959999999999	0.0	0.11149	-0.958526	0.262292	0.0	-3.50834	-2.43808	-1.22294	0.35213099999999997	-0.223494	0.788818	-0.5725520000000001	0.0	0.795021	-0.192314	-0.575289	0.0	-0.563908	-0.583765	-0.584146	0.0	2.98057	0.589799	-1.2247299999999999	0.357164	
