3	0.10531800000000001	0.758976	-0.642545	0.0	0.408979	0.5559069999999999	0.7236739999999999	0.0	0.9064459999999999	-0.339003	-0.25185799999999997	0.0	-2.75075	2.04808	1.33788	1.93119e-05	-0.571878	0.499777	-0.650521	0.0	0.771401	0.0578299	-0.633716	0.0	-0.279097	-0.8642209999999999	-0.4186	0.0	2.64374	2.0018	1.54924	-1.5385399999999998e-06	
3	-0.167389	0.705946	-0.6882010000000001	0.0	0.139374	0.7079840000000001	0.69234	0.0	0.9759899999999999	0.0199727	-0.21689899999999998	0.0	-2.77656	2.15429	1.35817	0.0	0.46667	-0.770767	-0.43374799999999997	0.0	0.585635	-0.0982096	0.804603	0.0	-0.662759	-0.6295029999999999	0.405557	0.0	2.8289400000000002	2.00795	1.4056	0.0	
3	-0.143098	0.753636	-0.641526	0.0	0.216707	0.6563260000000001	0.722685	0.0	0.965692	-0.0356077	-0.257237	0.0	-2.77339	2.24258	1.32629	0.0	0.41457700000000003	-0.797602	-0.43812799999999996	0.0	0.602634	-0.120125	0.788925	0.0	-0.681878	-0.591101	0.43086199999999997	0.0	2.91922	1.98062	1.33582	0.015445799999999999	
3	-0.101251	0.822779	-0.559271	0.0	0.28525900000000004	0.562565	0.775982	0.0	0.9530870000000001	-0.08096829999999999	-0.291666	0.0	-2.80748	2.2775	1.26394	0.138235	0.371576	-0.777354	-0.507595	0.0	0.6070720000000001	-0.21022	0.7663369999999999	0.0	-0.702421	-0.592899	0.39379699999999995	0.0	2.96214	1.93928	1.34315	0.352525	
3	-0.0084901	0.881542	-0.47202799999999995	0.0	0.350869	0.444659	0.824117	0.0	0.936386	-0.15862300000000001	-0.313081	0.0	-2.8254	2.30437	1.2297799999999999	0.341481	0.35486599999999996	-0.7788510000000001	-0.517167	0.0	0.597639	-0.236411	0.7661180000000001	0.0	-0.718956	-0.5809489999999999	0.381577	0.0	2.99217	1.8837599999999999	1.29168	0.348748	
3	0.198599	0.910574	-0.362511	0.0	0.41600200000000004	0.256587	0.8724129999999999	0.0	0.8874120000000001	-0.32406599999999997	-0.327843	0.0	-2.83765	2.24133	1.25885	0.347632	0.346028	-0.783686	-0.51585	0.0	0.58824	-0.247114	0.7700060000000001	0.0	-0.730916	-0.569887	0.375486	0.0	3.05546	1.8353	1.20343	0.349138	
3	0.385305	0.8840180000000001	-0.26467199999999996	0.0	0.411279	0.0922433	0.9068299999999999	0.0	0.826069	-0.458261	-0.32803699999999997	0.0	-2.92948	2.07978	1.1908299999999998	0.346744	0.335985	-0.787523	-0.516645	0.0	0.576086	-0.26213600000000004	0.774216	0.0	-0.7451439999999999	-0.557757	0.365607	0.0	3.1139099999999997	1.7957900000000002	1.12635	0.349488	
3	0.515875	0.8366709999999999	-0.18399400000000002	0.0	0.367714	-0.0222791	0.9296719999999999	0.0	0.7737310000000001	-0.5472520000000001	-0.31914899999999996	0.0	-3.0154099999999997	1.9395900000000001	1.0835	0.34765100000000004	0.329346	-0.796255	-0.507454	0.0	0.565785	-0.263841	0.781201	0.0	-0.755922	-0.544396	0.363613	0.0	3.1654	1.7339	1.0458399999999999	0.349928	
3	0.655	0.747971	-0.10730899999999999	0.0	0.304963	-0.131737	0.943209	0.0	0.6913560000000001	-0.6505270000000001	-0.314391	0.0	-3.10722	1.79076	0.9219719999999999	0.34781100000000004	0.325253	-0.803446	-0.498684	0.0	0.5618449999999999	-0.25998899999999997	0.785326	0.0	-0.7606189999999999	-0.535613	0.366849	0.0	3.18788	1.6954200000000001	0.9915889999999999	0.350286	
3	0.741494	0.670168	-0.032582599999999996	0.0	0.22555100000000003	-0.203232	0.9527979999999999	0.0	0.6319130000000001	-0.713843	-0.30185300000000004	0.0	-3.16377	1.63446	0.735779	0.34879899999999997	0.322493	-0.80938	-0.49081800000000003	0.0	0.558971	-0.255621	0.7888029999999999	0.0	-0.7639050000000001	-0.528736	0.369983	0.0	3.19528	1.67934	0.9644530000000001	0.350543	
3	0.796284	0.6047859999999999	0.0128424	0.0	0.159339	-0.230177	0.960015	0.0	0.5835600000000001	-0.7623989999999999	-0.279652	0.0	-3.1446	1.41872	0.553573	0.34994699999999995	0.321481	-0.812497	-0.486311	0.0	0.556199	-0.25361500000000003	0.791405	0.0	-0.766351	-0.524907	0.370377	0.0	3.20804	1.66313	0.9493219999999999	0.350721	
3	0.8413370000000001	0.5367529999999999	0.06361990000000001	0.0	0.08880160000000001	-0.253368	0.9632860000000001	0.0	0.533166	-0.8047989999999999	-0.260833	0.0	-3.10691	1.19725	0.381789	0.349906	0.32069699999999995	-0.815001	-0.482625	0.0	0.553284	-0.25238	0.7938390000000001	0.0	-0.768785	-0.5216109999999999	0.369989	0.0	3.22854	1.65078	0.9360379999999999	0.350752	
3	0.847485	0.52485	0.0793789	0.0	0.0667729	-0.253761	0.96496	0.0	0.5266029999999999	-0.812489	-0.250105	0.0	-3.05697	1.09655	0.296732	0.349865	0.319941	-0.81706	-0.47963500000000003	0.0	0.550739	-0.25154099999999996	0.7958729999999999	0.0	-0.7709239999999999	-0.518786	0.36950900000000003	0.0	3.24284	1.64193	0.926695	0.35076399999999996	
3	0.86666	0.48328000000000004	0.12385399999999999	0.0	0.00120533	-0.250283	0.9681719999999999	0.0	0.49889700000000003	-0.8389270000000001	-0.217493	0.0	-2.94393	0.865978	0.10180399999999999	0.349011	0.317828	-0.818723	-0.478203	0.0	0.546381	-0.25404	0.79808	0.0	-0.774889	-0.514933	0.36659400000000003	0.0	3.28188	1.6153600000000001	0.910932	0.350654	
3	0.8749629999999999	0.460663	0.149092	0.0	-0.0458995	-0.22762	0.972668	0.0	0.482009	-0.857892	-0.178015	0.0	-2.7854400000000004	0.6437	-0.0294368	0.34813099999999997	0.317954	-0.820673	-0.47476499999999994	0.0	0.544402	-0.251942	0.800095	0.0	-0.776229	-0.5128560000000001	0.36667	0.0	3.29294	1.5964	0.904816	0.350711	
3	0.883582	0.436	0.170844	0.0	-0.07764739999999999	-0.223373	0.971636	0.0	0.46179499999999996	-0.871785	-0.16351400000000002	0.0	-2.70315	0.46378400000000003	-0.117146	0.347889	0.318769	-0.8202389999999999	-0.47496800000000006	0.0	0.543133	-0.252604	0.8007479999999999	0.0	-0.776784	-0.513224	0.364976	0.0	3.29066	1.59124	0.905143	0.35081599999999996	
3	0.891468	0.415338	0.18104800000000001	0.0	-0.0981547	-0.21306599999999998	0.972095	0.0	0.44232299999999997	-0.8843629999999999	-0.149174	0.0	-2.63742	0.276879	-0.29952399999999996	0.34813299999999997	0.32024600000000003	-0.818906	-0.47627299999999995	0.0	0.53988	-0.25535599999999997	0.802074	0.0	-0.778442	-0.513991	0.360334	0.0	3.29204	1.58697	0.9041540000000001	0.350798	
3	0.895749	0.405231	0.182815	0.0	-0.106175	-0.204319	0.9731290000000001	0.0	0.431695	-0.8910899999999999	-0.139993	0.0	-2.61829	0.191076	-0.376247	0.34775300000000003	0.320511	-0.817842	-0.47791999999999996	0.0	0.538708	-0.25762399999999996	0.802137	0.0	-0.779145	-0.5145529999999999	0.358006	0.0	3.29481	1.58164	0.9050790000000001	0.35070100000000004	
3	0.895999	0.403545	0.185305	0.0	-0.12116199999999999	-0.179295	0.9763059999999999	0.0	0.42720699999999995	-0.8972209999999999	-0.11175299999999999	0.0	-2.56122	0.00312752	-0.53397	0.34676	0.322088	-0.8167439999999999	-0.478736	0.0	0.533569	-0.26110900000000004	0.804441	0.0	-0.782025	-0.51454	0.35169	0.0	3.3204800000000003	1.53378	0.9029959999999999	0.350387	
3	0.8984989999999999	0.391931	0.197713	0.0	-0.138693	-0.173871	0.9749530000000001	0.0	0.41648999999999997	-0.903416	-0.101865	0.0	-2.50421	-0.103468	-0.578591	0.346456	0.32260300000000003	-0.81682	-0.478261	0.0	0.5333289999999999	-0.260571	0.804775	0.0	-0.781977	-0.5146930000000001	0.351573	0.0	3.32283	1.5190700000000001	0.903949	0.35038400000000003	
3	0.901193	0.385754	0.197598	0.0	-0.144904	-0.161511	0.976175	0.0	0.408477	-0.9083549999999999	-0.089655	0.0	-2.46949	-0.1874	-0.629375	0.345288	0.32363400000000003	-0.8166979999999999	-0.47777200000000003	0.0	0.53281	-0.259973	0.805312	0.0	-0.781904	-0.515188	0.351009	0.0	3.3189800000000003	1.51516	0.9061049999999999	0.350443	
3	0.902546	0.382264	0.198206	0.0	-0.146876	-0.159399	0.9762270000000001	0.0	0.40476999999999996	-0.910201	-0.0877197	0.0	-2.4668799999999997	-0.21762600000000001	-0.665193	0.344789	0.323182	-0.8162520000000001	-0.478838	0.0	0.532003	-0.261757	0.805268	0.0	-0.782641	-0.514991	0.34965300000000005	0.0	3.3166300000000004	1.51498	0.908964	0.35038400000000003	
3	0.9033549999999999	0.380714	0.197502	0.0	-0.147783	-0.15599000000000002	0.976641	0.0	0.402629	-0.911441	-0.08465139999999999	0.0	-2.4654700000000003	-0.22589	-0.6703399999999999	0.344552	0.32400999999999996	-0.815869	-0.47893199999999997	0.0	0.531373	-0.261899	0.805638	0.0	-0.7827270000000001	-0.515526	0.348673	0.0	3.3172599999999997	1.5139799999999999	0.911128	0.350401	
3	0.9041399999999999	0.378436	0.198286	0.0	-0.14848599999999998	-0.15684	0.976398	0.0	0.40060300000000004	-0.912243	-0.0856128	0.0	-2.46778	-0.232258	-0.686524	0.344065	0.32465700000000003	-0.81534	-0.47939499999999996	0.0	0.5294840000000001	-0.263317	0.806419	0.0	-0.783738	-0.515641	0.346222	0.0	3.3208900000000003	1.51294	0.9094450000000001	0.350335	
3	0.9041399999999999	0.37844	0.19828099999999999	0.0	-0.148483	-0.156835	0.976399	0.0	0.40060500000000004	-0.912243	-0.0856087	0.0	-2.46781	-0.23215300000000003	-0.6862729999999999	0.344065	0.324651	-0.815335	-0.47940600000000005	0.0	0.5294979999999999	-0.263321	0.806408	0.0	-0.7837310000000001	-0.515646	0.346231	0.0	3.3208300000000004	1.51298	0.9094639999999999	0.350335	
3	0.9041389999999999	0.37844	0.19828099999999999	0.0	-0.148482	-0.156835	0.9764	0.0	0.400606	-0.912243	-0.08560889999999999	0.0	-2.46781	-0.232152	-0.686271	0.344066	0.324651	-0.815335	-0.47940600000000005	0.0	0.5294979999999999	-0.263321	0.806408	0.0	-0.7837310000000001	-0.515646	0.346231	0.0	3.3208300000000004	1.51298	0.9094639999999999	0.350335	
3	0.9041389999999999	0.37844	0.19828099999999999	0.0	-0.148482	-0.156835	0.9764	0.0	0.400606	-0.912243	-0.08560889999999999	0.0	-2.46781	-0.232152	-0.686271	0.344065	0.324651	-0.815335	-0.47940600000000005	0.0	0.5294979999999999	-0.263321	0.806408	0.0	-0.78373	-0.515646	0.346231	0.0	3.3208300000000004	1.51298	0.9094639999999999	0.350335	
3	0.9041389999999999	0.37844	0.19828099999999999	0.0	-0.148482	-0.156835	0.9764	0.0	0.400606	-0.912243	-0.08560889999999999	0.0	-2.46781	-0.23215300000000003	-0.686271	0.344065	0.324651	-0.815335	-0.47940600000000005	0.0	0.5294979999999999	-0.263321	0.806408	0.0	-0.7837310000000001	-0.515646	0.346231	0.0	3.3208300000000004	1.51298	0.9094639999999999	0.350335	
3	0.9041389999999999	0.37844	0.19828099999999999	0.0	-0.148482	-0.156835	0.9764	0.0	0.400606	-0.912243	-0.08560889999999999	0.0	-2.46781	-0.23215300000000003	-0.686272	0.344066	0.324651	-0.815335	-0.47940600000000005	0.0	0.5294979999999999	-0.263321	0.806408	0.0	-0.7837310000000001	-0.515646	0.346231	0.0	3.3208300000000004	1.51298	0.9094639999999999	0.350335	
3	0.9041389999999999	0.37844	0.19828099999999999	0.0	-0.148482	-0.156835	0.9764	0.0	0.400606	-0.912243	-0.08560889999999999	0.0	-2.46781	-0.23215300000000003	-0.686272	0.344066	0.324651	-0.815335	-0.47940600000000005	0.0	0.5294979999999999	-0.263321	0.806408	0.0	-0.78373	-0.515646	0.346231	0.0	3.3208300000000004	1.51298	0.9094639999999999	0.350335	
3	0.9041389999999999	0.37844	0.19828099999999999	0.0	-0.148483	-0.156835	0.9764	0.0	0.400606	-0.912243	-0.08560889999999999	0.0	-2.46781	-0.23215300000000003	-0.686271	0.344066	0.324651	-0.815335	-0.47940600000000005	0.0	0.5294979999999999	-0.263321	0.806408	0.0	-0.7837310000000001	-0.515646	0.346231	0.0	3.3208300000000004	1.51298	0.9094639999999999	0.350335	
3	0.9041389999999999	0.37844	0.19828099999999999	0.0	-0.148482	-0.156835	0.9764	0.0	0.400606	-0.912243	-0.08560889999999999	0.0	-2.46781	-0.23215300000000003	-0.686271	0.344066	0.324651	-0.815335	-0.47940600000000005	0.0	0.5294979999999999	-0.263321	0.806408	0.0	-0.7837310000000001	-0.515646	0.346231	0.0	3.3208300000000004	1.51298	0.9094639999999999	0.350335	
3	0.9041389999999999	0.37844	0.19828099999999999	0.0	-0.148482	-0.156835	0.9764	0.0	0.400606	-0.912243	-0.08560889999999999	0.0	-2.46781	-0.23215300000000003	-0.686271	0.344065	0.324651	-0.815335	-0.47940600000000005	0.0	0.5294979999999999	-0.263321	0.806408	0.0	-0.7837310000000001	-0.515646	0.346231	0.0	3.3208300000000004	1.51298	0.9094639999999999	0.350335	
3	0.9041389999999999	0.37844	0.19828099999999999	0.0	-0.148482	-0.156835	0.9764	0.0	0.400606	-0.912243	-0.08560889999999999	0.0	-2.46781	-0.23215300000000003	-0.686271	0.344066	0.324651	-0.815335	-0.47940600000000005	0.0	0.5294979999999999	-0.263321	0.806408	0.0	-0.7837310000000001	-0.515646	0.346231	0.0	3.3208300000000004	1.51298	0.9094639999999999	0.350335	
3	0.8594700000000001	0.48439099999999996	-0.16333	0.0	0.21575100000000003	-0.05407240000000001	0.97495	0.0	0.463426	-0.873179	-0.150981	0.0	-2.4869	-0.25457399999999997	-0.710989	0.349666	0.340535	-0.811938	-0.474124	0.0	0.5157619999999999	-0.260312	0.816227	0.0	-0.786146	-0.522489	0.33012199999999997	0.0	3.27445	1.51376	0.868599	0.349979	
3	0.877634	0.451851	-0.159967	0.0	0.17443499999999998	0.00977325	0.98462	0.0	0.44646499999999995	-0.8920399999999999	-0.0702414	0.0	-2.41197	-0.56065	-0.667912	0.350826	0.34323000000000004	-0.81128	-0.47330500000000003	0.0	0.512864	-0.260283	0.8180609999999999	0.0	-0.78687	-0.523524	0.326739	0.0	3.27789	1.51119	0.870468	0.350003	
0	0.8980299999999999	0.410475	-0.158281	0.0	0.147525	0.057975900000000004	0.987358	0.0	0.414462	-0.910027	-0.00849126	0.0	-2.2419599999999997	-1.09361	-0.750621	0.349306	0.344561	-0.809817	-0.474841	0.0	0.511067	-0.262475	0.818485	0.0	-0.787457	-0.5246930000000001	0.323432	0.0	3.2808900000000003	1.5055100000000001	0.8714569999999999	0.349896	
0	0.9240709999999999	0.353535	-0.145279	0.0	0.12551800000000002	0.0783303	0.988994	0.0	0.36102399999999996	-0.9321360000000001	0.028007799999999996	0.0	-2.00359	-1.66162	-0.9580209999999999	0.348179	0.346095	-0.808759	-0.475529	0.0	0.509307	-0.26371	0.819185	0.0	-0.787924	-0.525706	0.32063800000000003	0.0	3.2842300000000004	1.49629	0.876899	0.349771	
0	0.93806	0.312558	-0.149501	0.0	0.125363	0.0960661	0.987449	0.0	0.322997	-0.9450290000000001	0.050932599999999995	0.0	-1.8822299999999998	-2.01764	-1.10934	0.346387	0.347152	-0.808854	-0.474596	0.0	0.507504	-0.26353200000000004	0.8203600000000001	0.0	-0.788622	-0.525649	0.319011	0.0	3.2826199999999996	1.49986	0.8819239999999999	0.349856	
0	0.951411	0.26718800000000004	-0.153063	0.0	0.13109500000000002	0.09831439999999998	0.986483	0.0	0.278624	-0.958616	0.05851030000000001	0.0	-1.81987	-2.30809	-1.24345	0.345543	0.347996	-0.808539	-0.47451400000000005	0.0	0.507382	-0.26318400000000003	0.8205469999999999	0.0	-0.788328	-0.526308	0.318651	0.0	3.28364	1.50075	0.8826700000000001	0.349827	
0	0.962907	0.197648	-0.1837	0.0	0.165469	0.105246	0.980583	0.0	0.213144	-0.974607	0.0686373	0.0	-1.8501900000000002	-2.645	-1.44951	0.343686	0.348556	-0.808507	-0.47415799999999997	0.0	0.506017	-0.263504	0.8212870000000001	0.0	-0.788959	-0.526196	0.317272	0.0	3.2843400000000003	1.50026	0.8849670000000001	0.349666	
0	0.9577610000000001	0.12942	-0.256796	0.0	0.240936	0.126344	0.962282	0.0	0.15698299999999998	-0.9835079999999999	0.08982539999999999	0.0	-1.8998700000000002	-2.9077900000000003	-1.5759	0.34286700000000003	0.348279	-0.808344	-0.47463900000000003	0.0	0.506391	-0.263856	0.820943	0.0	-0.788841	-0.526271	0.317442	0.0	3.28429	1.50484	0.903824	0.34954	
0	0.937952	0.07655039999999999	-0.33821	0.0	0.325752	0.139845	0.935056	0.0	0.118876	-0.98721	0.10623099999999999	0.0	-1.95795	-3.10079	-1.66862	0.341526	0.347296	-0.808376	-0.475304	0.0	0.507363	-0.264285	0.820205	0.0	-0.78865	-0.5260050000000001	0.318355	0.0	3.28294	1.5040200000000001	0.909615	0.349475	
0	0.893334	-0.008043300000000001	-0.449321	0.0	0.446661	0.12596400000000002	0.885792	0.0	0.049473699999999995	-0.992002	0.116121	0.0	-1.9446700000000001	-3.21318	-1.7347700000000001	0.341546	0.347806	-0.808322	-0.475022	0.0	0.507798	-0.263499	0.8201879999999999	0.0	-0.788144	-0.526482	0.318818	0.0	3.2792	1.50134	0.908143	0.349679	
0	0.8476610000000001	-0.07118769999999999	-0.525741	0.0	0.530478	0.0987497	0.8419270000000001	0.0	-0.00801805	-0.992563	0.12147000000000001	0.0	-1.9569400000000001	-3.26136	-1.75994	0.34196	0.34874499999999997	-0.8081689999999999	-0.47459399999999996	0.0	0.507456	-0.262908	0.8205899999999999	0.0	-0.78795	-0.527012	0.318423	0.0	3.27805	1.5024899999999999	0.9134700000000001	0.349435	
0	0.7775810000000001	-0.111383	-0.618838	0.0	0.627292	0.06969760000000001	0.775659	0.0	-0.0432639	-0.991331	0.12406500000000001	0.0	-1.9363700000000001	-3.2466	-1.7721099999999999	0.342036	0.349058	-0.8077770000000001	-0.47503100000000004	0.0	0.506622	-0.263782	0.820825	0.0	-0.7883479999999999	-0.527177	0.317162	0.0	3.27387	1.50571	0.9297350000000001	0.349426	
0	0.751881	-0.129831	-0.646389	0.0	0.656738	0.061161099999999996	0.751634	0.0	-0.05805169999999999	-0.989648	0.131251	0.0	-1.8615599999999999	-3.23032	-1.76215	0.342025	0.348478	-0.807621	-0.47572200000000003	0.0	0.506807	-0.26459699999999997	0.820448	0.0	-0.788486	-0.527007	0.317102	0.0	3.2721400000000003	1.50876	0.9379799999999999	0.349235	
0	0.7100890000000001	-0.159726	-0.685756	0.0	0.697417	0.0255572	0.71621	0.0	-0.0968717	-0.9868299999999999	0.129544	0.0	-1.82702	-3.22797	-1.79262	0.342418	0.34836100000000003	-0.807906	-0.47532399999999997	0.0	0.508062	-0.263401	0.8200569999999999	0.0	-0.78773	-0.52717	0.318707	0.0	3.26972	1.51061	0.944525	0.349135	
0	0.683038	-0.172854	-0.709634	0.0	0.720903	0.00352445	0.6930270000000001	0.0	-0.117291	-0.984941	0.12701800000000002	0.0	-1.83902	-3.24044	-1.84349	0.342445	0.34920500000000004	-0.807509	-0.47537799999999997	0.0	0.507957	-0.26318	0.8201930000000001	0.0	-0.787423	-0.527887	0.318276	0.0	3.2707599999999997	1.50896	0.9435950000000001	0.349211	
0	0.6462600000000001	-0.183473	-0.740733	0.0	0.751791	-0.0135484	0.659263	0.0	-0.130993	-0.982931	0.129178	0.0	-1.8406	-3.25638	-1.8659999999999999	0.342684	0.349457	-0.807158	-0.47579	0.0	0.50778	-0.263614	0.820163	0.0	-0.7874260000000001	-0.528208	0.317737	0.0	3.26897	1.5099799999999999	0.948442	0.348963	
0	0.63103	-0.190908	-0.751901	0.0	0.7630100000000001	-0.022256	0.646004	0.0	-0.140061	-0.9813559999999999	0.13162000000000001	0.0	-1.8462599999999998	-3.27435	-1.88526	0.34234499999999995	0.34919	-0.807229	-0.475865	0.0	0.507414	-0.264045	0.8202510000000001	0.0	-0.78778	-0.527884	0.317398	0.0	3.27019	1.51165	0.951255	0.348796	
0	0.612475	-0.188936	-0.767579	0.0	0.778031	-0.027638599999999996	0.627618	0.0	-0.139795	-0.9816	0.13007	0.0	-1.84503	-3.3036800000000004	-1.90825	0.34221399999999996	0.348828	-0.80766	-0.47539899999999996	0.0	0.507725	-0.26351199999999997	0.8202299999999999	0.0	-0.78774	-0.5274909999999999	0.31814899999999996	0.0	3.26957	1.50935	0.944999	0.348769	
0	0.5890270000000001	-0.20486100000000002	-0.781716	0.0	0.7914260000000001	-0.0493334	0.609271	0.0	-0.16338	-0.9775469999999999	0.133073	0.0	-1.83571	-3.37143	-1.9484	0.342157	0.350308	-0.8072630000000001	-0.47498500000000005	0.0	0.507042	-0.262942	0.820835	0.0	-0.787523	-0.528383	0.317205	0.0	3.27225	1.51003	0.938528	0.34904	
0	0.5810069999999999	-0.211671	-0.785892	0.0	0.795559	-0.0561261	0.603271	0.0	-0.17180399999999998	-0.975728	0.135787	0.0	-1.83621	-3.39669	-1.9429599999999998	0.34208099999999997	0.350973	-0.807228	-0.47455299999999995	0.0	0.506526	-0.262577	0.8212700000000001	0.0	-0.787559	-0.528617	0.316725	0.0	3.27366	1.50975	0.936903	0.34884299999999996	
0	0.560226	-0.226827	-0.796678	0.0	0.808696	-0.0584429	0.585317	0.0	-0.179325	-0.9721799999999999	0.15069200000000002	0.0	-1.8378599999999998	-3.46708	-1.9714900000000002	0.342105	0.349945	-0.807258	-0.475261	0.0	0.506584	-0.263678	0.820881	0.0	-0.787979	-0.5280239999999999	0.316671	0.0	3.27385	1.5094	0.9355680000000001	0.348867	
0	0.544565	-0.24016500000000002	-0.8035979999999999	0.0	0.817392	-0.06272090000000001	0.572658	0.0	-0.187935	-0.9687040000000001	0.162153	0.0	-1.8407799999999999	-3.5307699999999995	-1.97724	0.3424	0.350314	-0.807276	-0.474959	0.0	0.5070319999999999	-0.26292	0.8208479999999999	0.0	-0.7875270000000001	-0.528374	0.31721	0.0	3.27513	1.51004	0.933135	0.34887399999999996	
0	0.524325	-0.25090100000000004	-0.813715	0.0	0.8337200000000001	-0.0430926	0.550503	0.0	-0.17318699999999998	-0.967053	0.186587	0.0	-1.8735400000000002	-3.58731	-2.00042	0.34441	0.350959	-0.807461	-0.47416800000000003	0.0	0.506288	-0.26235	0.8214889999999999	0.0	-0.787718	-0.528374	0.316734	0.0	3.27258	1.5112700000000001	0.932797	0.34882199999999997	
0	0.50993	-0.264744	-0.818463	0.0	0.8441790000000001	-0.0288514	0.535284	0.0	-0.165327	-0.963887	0.208779	0.0	-1.90505	-3.64575	-2.02008	0.345149	0.350879	-0.807503	-0.474156	0.0	0.506105	-0.262493	0.821557	0.0	-0.787872	-0.5282399999999999	0.316577	0.0	3.27259	1.51322	0.930217	0.34868299999999997	
0	0.498334	-0.274538	-0.82237	0.0	0.8523729999999999	-0.0182685	0.5226149999999999	0.0	-0.158501	-0.9614030000000001	0.22490500000000002	0.0	-1.91202	-3.65076	-2.02908	0.344495	0.350914	-0.807443	-0.474232	0.0	0.5059640000000001	-0.262651	0.821593	0.0	-0.787946	-0.528253	0.316369	0.0	3.27114	1.51691	0.933061	0.348724	
0	0.49426800000000004	-0.293635	-0.8182159999999999	0.0	0.8509450000000001	-0.029016000000000004	0.524453	0.0	-0.177739	-0.955477	0.235526	0.0	-1.8324599999999998	-3.63059	-2.00881	0.250017	0.351165	-0.807496	-0.473955	0.0	0.505997	-0.262245	0.821702	0.0	-0.787814	-0.528373	0.316499	0.0	3.27074	1.51626	0.933692	0.34860399999999997	
0	0.506108	-0.325825	-0.798557	0.0	0.8342430000000001	-0.0499981	0.549125	0.0	-0.21884499999999998	-0.9441069999999999	0.246513	0.0	-1.7753700000000001	-3.61445	-2.03665	0.122608	0.352048	-0.807525	-0.47325	0.0	0.505633	-0.261411	0.8221930000000001	0.0	-0.7876529999999999	-0.528742	0.316282	0.0	3.2692799999999997	1.5185899999999999	0.933892	0.34855	
0	0.534225	-0.350552	-0.7692319999999999	0.0	0.80917	-0.051285199999999996	0.585333	0.0	-0.24464	-0.9351379999999999	0.256259	0.0	-1.78965	-3.61965	-2.07485	0.120957	0.352161	-0.807493	-0.47322	0.0	0.504959	-0.261786	0.8224870000000001	0.0	-0.788035	-0.528604	0.31556	0.0	3.26992	1.51706	0.937765	0.348571	
0	0.56065	-0.348966	-0.750929	0.0	0.792358	-0.0372984	0.608915	0.0	-0.240499	-0.936393	0.25559499999999996	0.0	-1.8373700000000002	-3.62	-2.10356	0.12100799999999999	0.352327	-0.807443	-0.473183	0.0	0.5045430000000001	-0.26195999999999997	0.8226870000000001	0.0	-0.788227	-0.528596	0.315094	0.0	3.27719	1.5218	0.941534	0.348483	
0	0.56593	-0.342783	-0.749815	0.0	0.788562	-0.040368	0.613629	0.0	-0.24061	-0.9385469999999999	0.24745999999999999	0.0	-1.8542599999999998	-3.61997	-2.11559	0.120975	0.352118	-0.807507	-0.473229	0.0	0.504501	-0.262119	0.8226620000000001	0.0	-0.788347	-0.528418	0.315091	0.0	3.28367	1.52043	0.935535	0.34857	
0	0.591968	-0.314896	-0.741899	0.0	0.773255	-0.0376659	0.632975	0.0	-0.22726500000000002	-0.9483790000000001	0.221198	0.0	-1.91052	-3.61321	-2.13745	0.120986	0.35206	-0.807348	-0.473542	0.0	0.504487	-0.262471	0.822558	0.0	-0.7883819999999999	-0.528486	0.314891	0.0	3.28131	1.5216	0.933384	0.348479	
0	0.605122	-0.2806	-0.7450439999999999	0.0	0.770786	-0.027770799999999998	0.6364890000000001	0.0	-0.19928900000000002	-0.9594229999999999	0.199478	0.0	-1.9478400000000002	-3.6015900000000003	-2.1476599999999997	0.12074100000000001	0.352114	-0.8072590000000001	-0.473655	0.0	0.504602	-0.26248699999999997	0.822483	0.0	-0.788285	-0.528615	0.314919	0.0	3.2821599999999997	1.51939	0.93286	0.348492	
0	0.617115	-0.228658	-0.7529170000000001	0.0	0.7682939999999999	-0.031605	0.639317	0.0	-0.169981	-0.972994	0.156172	0.0	-2.02668	-3.58161	-2.22526	0.120523	0.35172800000000004	-0.807154	-0.47412	0.0	0.5043949999999999	-0.263257	0.822363	0.0	-0.788589	-0.528392	0.31453000000000003	0.0	3.28705	1.52216	0.935234	0.348561	
0	0.619243	-0.176585	-0.765085	0.0	0.773672	-0.029129900000000004	0.632916	0.0	-0.13405	-0.9838540000000001	0.11858099999999999	0.0	-2.06941	-3.49896	-2.219	0.12034600000000001	0.351232	-0.807441	-0.474	0.0	0.50434	-0.263373	0.8223600000000001	0.0	-0.788845	-0.5278970000000001	0.314719	0.0	3.28946	1.5211299999999999	0.934823	0.348502	
0	0.624893	-0.126589	-0.770379	0.0	0.771964	-0.0471051	0.633919	0.0	-0.11653599999999999	-0.990836	0.06828660000000002	0.0	-2.07059	-3.2140299999999997	-2.17262	0.120325	0.35169	-0.807509	-0.47354399999999996	0.0	0.5048020000000001	-0.262414	0.822384	0.0	-0.788346	-0.52827	0.315343	0.0	3.2913099999999997	1.51719	0.9285469999999999	0.348558	
0	0.635104	-0.0771363	-0.7685649999999999	0.0	0.766442	-0.0606866	0.63944	0.0	-0.09596569999999999	-0.995172	0.0205782	0.0	-2.04885	-2.8552400000000002	-2.11766	0.12043599999999999	0.351169	-0.807606	-0.473764	0.0	0.504429	-0.26309899999999997	0.822393	0.0	-0.788817	-0.527779	0.314988	0.0	3.2906	1.5190000000000001	0.9251790000000001	0.348698	
0	0.6577	-0.038884300000000004	-0.7522760000000001	0.0	0.749264	-0.0692196	0.658644	0.0	-0.0776832	-0.996843	-0.0163911	0.0	-2.05261	-2.52477	-2.06493	0.120525	0.35077600000000003	-0.807615	-0.47403999999999996	0.0	0.504961	-0.26318400000000003	0.822039	0.0	-0.788651	-0.527724	0.315496	0.0	3.2938400000000003	1.51309	0.9177709999999999	0.34868299999999997	
0	0.691272	0.00191391	-0.722592	0.0	0.720601	-0.0760435	0.689167	0.0	-0.0536293	-0.9971030000000001	-0.053945900000000005	0.0	-1.9523400000000002	-2.2020299999999997	-2.0646400000000003	0.120469	0.35084699999999996	-0.807631	-0.47396000000000005	0.0	0.5050359999999999	-0.263023	0.822045	0.0	-0.788571	-0.527779	0.315602	0.0	3.2951599999999996	1.51474	0.9152459999999999	0.348734	
0	0.735021	0.0429777	-0.6766810000000001	0.0	0.677442	-0.088617	0.730219	0.0	-0.028582299999999998	-0.995138	-0.09425019999999999	0.0	-1.90313	-1.94835	-2.01454	0.120671	0.351013	-0.807685	-0.47374499999999997	0.0	0.5047510000000001	-0.262927	0.82225	0.0	-0.78868	-0.527744	0.315389	0.0	3.29333	1.51268	0.9159459999999999	0.348673	
0	0.798573	0.114452	-0.590915	0.0	0.6007239999999999	-0.0902827	0.794342	0.0	0.0375649	-0.989318	-0.140852	0.0	-1.82502	-1.71707	-1.95107	0.120671	0.35089699999999996	-0.8075100000000001	-0.474129	0.0	0.504594	-0.263471	0.8221729999999999	0.0	-0.788832	-0.527741	0.315013	0.0	3.2910800000000004	1.51436	0.914723	0.34848	
4	0.855757	0.184641	-0.483309	0.0	0.5048739999999999	-0.09388110000000001	0.858073	0.0	0.113062	-0.9783120000000001	-0.17356	0.0	-1.7450599999999998	-1.59443	-1.92203	0.12067699999999999	0.35032399999999997	-0.807303	-0.474905	0.0	0.505741	-0.263726	0.8213860000000001	0.0	-0.788352	-0.52793	0.315897	0.0	3.2920800000000003	1.51129	0.914091	0.34871599999999997	
4	0.887877	0.241918	-0.391345	0.0	0.425242	-0.10681099999999999	0.898755	0.0	0.175625	-0.9644	-0.197708	0.0	-1.65517	-1.51363	-1.90337	0.12047000000000001	0.354432	-0.8046439999999999	-0.476368	0.0	0.499443	-0.267785	0.823923	0.0	-0.790528	-0.529943	0.30696100000000004	0.0	3.30261	1.50835	0.895083	0.34930700000000003	
4	0.9223290000000001	0.30040900000000004	-0.24303000000000002	0.0	0.295618	-0.143556	0.944459	0.0	0.248835	-0.942946	-0.221212	0.0	-1.53449	-1.4386700000000001	-1.8850799999999999	0.12047000000000001	0.382994	-0.829175	-0.407167	0.0	0.47114399999999995	-0.203795	0.858191	0.0	-0.794569	-0.520516	0.312608	0.0	3.3467800000000003	1.49268	0.834319	0.349561	
4	0.9382729999999999	0.336833	-0.0786597	0.0	0.152429	-0.198508	0.968174	0.0	0.310498	-0.920401	-0.237598	0.0	-1.4315	-1.4734200000000002	-1.8564	0.120672	0.42805	-0.869714	-0.245704	0.0	0.41097799999999995	-0.05481180000000001	0.9099959999999999	0.0	-0.804904	-0.49050299999999997	0.333971	0.0	3.41079	1.45569	0.71567	0.349072	
4	0.932451	0.35426199999999997	0.07094860000000001	0.0	0.016743400000000002	-0.23853200000000002	0.9709899999999999	0.0	0.360908	-0.9042129999999999	-0.22835100000000003	0.0	-1.3148	-1.58597	-1.8210400000000002	0.12067699999999999	0.464628	-0.882443	-0.0735816	0.0	0.339629	0.100847	0.9351379999999999	0.0	-0.817786	-0.45948199999999995	0.34656	0.0	3.52485	1.4107	0.538327	0.337077	
4	0.912256	0.354369	0.20545500000000003	0.0	-0.10231	-0.288558	0.951981	0.0	0.396638	-0.8894700000000001	-0.226983	0.0	-1.21866	-1.71764	-1.76345	0.12047000000000001	0.513753	-0.8550979999999999	0.06975139999999999	0.0	0.258589	0.231857	0.9377489999999999	0.0	-0.81804	-0.46373500000000006	0.34023600000000004	0.0	3.6234300000000004	1.38889	0.368323	0.337902	
4	0.876985	0.36128699999999997	0.31681	0.0	-0.191916	-0.34109	0.9202309999999999	0.0	0.440528	-0.8678299999999999	-0.22979499999999997	0.0	-1.17445	-1.80062	-1.7477599999999998	0.120447	0.549361	-0.8027	0.232111	0.0	0.16048800000000002	0.373973	0.9134479999999999	0.0	-0.8200280000000001	-0.464562	0.33426999999999996	0.0	3.7437699999999996	1.35481	0.18672	0.33944	
4	0.8336040000000001	0.349559	0.427683	0.0	-0.276408	-0.406375	0.8708950000000001	0.0	0.478229	-0.844196	-0.242135	0.0	-1.12601	-1.8225200000000001	-1.7279400000000003	0.120448	0.6000300000000001	-0.710082	0.36843899999999996	0.0	0.05132280000000001	0.49378199999999994	0.8680700000000001	0.0	-0.79833	-0.501958	0.332727	0.0	3.78502	1.2958100000000001	-0.010595700000000001	0.340095	
4	0.786571	0.342414	0.513867	0.0	-0.333176	-0.465312	0.820048	0.0	0.5199050000000001	-0.816233	-0.251917	0.0	-1.09969	-1.81929	-1.72639	0.120672	0.645295	-0.611991	0.45723199999999997	0.0	-0.07047089999999999	0.548285	0.833317	0.0	-0.760676	-0.5699569999999999	0.310678	0.0	3.7622400000000003	1.21097	-0.17997	0.34076100000000004	
4	0.717799	0.319689	0.618517	0.0	-0.406327	-0.529041	0.744992	0.0	0.565387	-0.786075	-0.24984699999999999	0.0	-1.05637	-1.7779200000000002	-1.7117799999999999	0.12044200000000001	0.670227	-0.556492	0.49103199999999997	0.0	-0.138156	0.556511	0.8192729999999999	0.0	-0.729184	-0.616938	0.296106	0.0	3.6987400000000004	1.1568200000000002	-0.32698699999999997	0.341656	
4	0.6874020000000001	0.319481	0.652235	0.0	-0.413714	-0.56586	0.7131930000000001	0.0	0.596925	-0.760089	-0.256799	0.0	-0.9765450000000001	-1.6629599999999998	-1.66975	0.12044500000000001	0.696277	-0.49681899999999996	0.518044	0.0	-0.20265999999999998	0.556299	0.805891	0.0	-0.68857	-0.6661100000000001	0.28665300000000005	0.0	3.50185	1.06008	-0.50178	0.342857	
4	0.6643399999999999	0.32311	0.673983	0.0	-0.41516000000000003	-0.590317	0.69222	0.0	0.621526	-0.73968	-0.25802800000000004	0.0	-0.923264	-1.59636	-1.66021	0.12047100000000001	0.722758	-0.42893100000000006	0.5418850000000001	0.0	-0.25813200000000003	0.559794	0.7874	0.0	-0.641084	-0.708978	0.29387399999999997	0.0	3.2999099999999997	0.9579850000000001	-0.582692	0.343952	
4	0.64264	0.314184	0.698786	0.0	-0.426308	-0.611197	0.666858	0.0	0.636612	-0.726448	-0.258841	0.0	-0.846601	-1.52484	-1.6411799999999999	0.12047100000000001	0.726126	-0.374077	0.5768949999999999	0.0	-0.316069	0.563529	0.7632399999999999	0.0	-0.610607	-0.7365470000000001	0.290959	0.0	3.07322	0.8106949999999999	-0.694422	0.345375	
4	0.625985	0.297741	0.720759	0.0	-0.44414899999999996	-0.623574	0.6433409999999999	0.0	0.640995	-0.722846	-0.25810700000000003	0.0	-0.802841	-1.43874	-1.6029	0.120663	0.733468	-0.329516	0.594512	0.0	-0.365431	0.546325	0.7536510000000001	0.0	-0.573136	-0.7700319999999999	0.280296	0.0	2.83486	0.629563	-0.851524	0.34566199999999997	
4	0.610316	0.28926	0.7374569999999999	0.0	-0.454773	-0.634308	0.625169	0.0	0.6486109999999999	-0.7169260000000001	-0.255581	0.0	-0.77809	-1.38916	-1.55293	0.120674	0.7347600000000001	-0.31847800000000004	0.598915	0.0	-0.396161	0.51523	0.759996	0.0	-0.550621	-0.795682	0.252402	0.0	2.61168	0.454876	-0.9768549999999999	0.34668899999999997	
4	0.596939	0.28567600000000004	0.7497020000000001	0.0	-0.462808	-0.6406890000000001	0.612639	0.0	0.655342	-0.712677	-0.250239	0.0	-0.759432	-1.33343	-1.52742	0.120671	0.739252	-0.29740900000000003	0.604197	0.0	-0.423782	0.491825	0.760603	0.0	-0.523369	-0.818325	0.237546	0.0	2.3837599999999997	0.298645	-1.11751	0.346337	
4	0.588259	0.28233	0.757787	0.0	-0.466398	-0.647069	0.6031380000000001	0.0	0.660624	-0.708232	-0.248966	0.0	-0.748627	-1.3056299999999998	-1.5018	0.12047000000000001	0.738273	-0.28171999999999997	0.6128520000000001	0.0	-0.445712	0.478196	0.756749	0.0	-0.506254	-0.831843	0.22747399999999998	0.0	2.16871	0.195077	-1.17708	0.34679299999999996	
4	0.578435	0.27316799999999997	0.76863	0.0	-0.472379	-0.656021	0.588637	0.0	0.665034	-0.703573	-0.25042600000000004	0.0	-0.743525	-1.29008	-1.49075	0.120466	0.71907	-0.23547300000000002	0.653828	0.0	-0.477362	0.516383	0.710967	0.0	-0.505039	-0.823348	0.258909	0.0	1.9251200000000002	0.109491	-1.29774	0.347503	
4	0.568714	0.27455799999999997	0.775359	0.0	-0.47245600000000004	-0.6625939999999999	0.581166	0.0	0.673313	-0.69684	-0.24711	0.0	-0.723773	-1.2905200000000001	-1.4849	0.120468	0.687354	-0.205577	0.6966220000000001	0.0	-0.49642700000000006	0.56715	0.657191	0.0	-0.530193	-0.797546	0.287779	0.0	1.7083099999999998	0.08253189999999999	-1.4841	0.34878400000000004	
4	0.5640890000000001	0.279989	0.776795	0.0	-0.469599	-0.66502	0.580712	0.0	0.679176	-0.692355	-0.243648	0.0	-0.6976140000000001	-1.27378	-1.4540600000000001	0.120467	0.622851	-0.164524	0.764845	0.0	-0.5149739999999999	0.6497470000000001	0.559134	0.0	-0.588947	-0.742133	0.31997	0.0	1.52958	0.0481105	-1.6670200000000002	0.35179	
4	0.5579930000000001	0.290456	0.777354	0.0	-0.46498599999999995	-0.6664439999999999	0.5827869999999999	0.0	0.687337	-0.68665	-0.236814	0.0	-0.676334	-1.2649	-1.43685	0.120467	0.591341	-0.124885	0.796693	0.0	-0.498688	0.719755	0.48297299999999993	0.0	-0.633739	-0.6829029999999999	0.363342	0.0	1.44727	-0.0383409	-1.90064	0.351722	
4	0.551643	0.30140100000000003	0.7777189999999999	0.0	-0.456966	-0.670824	0.584104	0.0	0.697762	-0.677609	-0.23232600000000003	0.0	-0.636169	-1.22355	-1.4076899999999999	0.12044400000000001	0.53473	-0.025921899999999998	0.844625	0.0	-0.525992	0.7720739999999999	0.356699	0.0	-0.661359	-0.635004	0.39921599999999996	0.0	1.34299	-0.0794533	-2.04203	0.355894	
4	0.5506850000000001	0.30275100000000005	0.777874	0.0	-0.45535299999999995	-0.672068	0.583932	0.0	0.699571	-0.67577	-0.232239	0.0	-0.61656	-1.21122	-1.39506	0.12044	0.514125	-0.00165522	0.857714	0.0	-0.541483	0.774904	0.326067	0.0	-0.6651859999999999	-0.632077	0.39750100000000005	0.0	1.28495	-0.15654300000000002	-2.00533	0.356427	
4	0.547531	0.304695	0.7793399999999999	0.0	-0.452191	-0.675914	0.5819489999999999	0.0	0.704084	-0.671045	-0.232303	0.0	-0.600467	-1.19878	-1.39088	0.120673	0.498374	-0.0006682869999999999	0.8669620000000001	0.0	-0.567669	0.755568	0.326908	0.0	-0.655267	-0.6550699999999999	0.376176	0.0	1.30421	-0.302558	-1.94078	0.355426	
4	0.544189	0.311502	0.77899	0.0	-0.448917	-0.676291	0.584041	0.0	0.708753	-0.667531	-0.228192	0.0	-0.594303	-1.1746	-1.39057	0.12066600000000001	0.49664899999999995	-0.0144509	0.8678309999999999	0.0	-0.575258	0.743233	0.341589	0.0	-0.649937	-0.668877	0.360813	0.0	1.30882	-0.35594499999999996	-1.96281	0.354275	
4	0.542186	0.31647800000000004	0.7783800000000001	0.0	-0.443428	-0.6790930000000001	0.584982	0.0	0.713726	-0.662325	-0.22785999999999998	0.0	-0.597442	-1.1546100000000001	-1.39257	0.120675	0.498143	-0.00894105	0.867049	0.0	-0.577531	0.742444	0.339463	0.0	-0.64677	-0.669849	0.364679	0.0	1.30606	-0.365579	-1.97058	0.354002	
4	0.5345479999999999	0.327635	0.779047	0.0	-0.438062	-0.68089	0.586933	0.0	0.722745	-0.655014	-0.220444	0.0	-0.5994970000000001	-1.1468200000000002	-1.38676	0.12048199999999999	0.5037729999999999	-0.0100367	0.863778	0.0	-0.571056	0.746405	0.341725	0.0	-0.648157	-0.665417	0.370287	0.0	1.30098	-0.35972600000000005	-1.96777	0.353894	
4	0.527482	0.344319	0.7766649999999999	0.0	-0.427497	-0.6824439999999999	0.592888	0.0	0.734172	-0.64476	-0.212781	0.0	-0.6072890000000001	-1.14173	-1.40592	0.120689	0.508684	-0.00592157	0.860933	0.0	-0.56428	0.7529600000000001	0.33858499999999997	0.0	-0.650253	-0.65804	0.379677	0.0	1.29005	-0.36196100000000003	-2.00256	0.354484	
4	0.523506	0.34682399999999997	0.778238	0.0	-0.425864	-0.684607	0.591568	0.0	0.737958	-0.641113	-0.210696	0.0	-0.628437	-1.1283299999999998	-1.42038	0.120465	0.5004350000000001	0.00537267	0.865757	0.0	-0.5626369999999999	0.7620520000000001	0.320493	0.0	-0.65803	-0.647493	0.384381	0.0	1.2719799999999999	-0.353074	-2.0110200000000003	0.354453	
4	0.52458	0.34375700000000003	0.778875	0.0	-0.42595200000000005	-0.686149	0.589716	0.0	0.737143	-0.641117	-0.213517	0.0	-0.636422	-1.12396	-1.42675	0.12066400000000001	0.496837	0.00871259	0.8678	0.0	-0.564466	0.762778	0.315512	0.0	-0.6591899999999999	-0.646602	0.383895	0.0	1.26515	-0.34815999999999997	-2.01437	0.353839	
4	0.525007	0.331005	0.784093	0.0	-0.43757399999999996	-0.685211	0.58225	0.0	0.729997	-0.648784	-0.214901	0.0	-0.6354609999999999	-1.10639	-1.44135	0.120431	0.476833	0.0199301	0.878768	0.0	-0.571205	0.766901	0.292552	0.0	-0.668098	-0.641455	0.37706799999999996	0.0	1.28094	-0.343997	-2.0047599999999997	0.353504	
4	0.523991	0.329606	0.785362	0.0	-0.44046899999999994	-0.684341	0.5810890000000001	0.0	0.7289859999999999	-0.650413	-0.213408	0.0	-0.615479	-1.1042399999999999	-1.4525	0.120431	0.470599	0.019361	0.882135	0.0	-0.569786	0.7700229999999999	0.287068	0.0	-0.673706	-0.637722	0.373404	0.0	1.3060399999999999	-0.34723699999999996	-2.00818	0.35296	
4	0.520666	0.33058000000000004	0.787162	0.0	-0.442791	-0.6837409999999999	0.58003	0.0	0.729961	-0.65055	-0.209623	0.0	-0.560318	-1.11247	-1.46491	0.120565	0.45443599999999995	0.0252417	0.8904219999999999	0.0	-0.563331	0.7824720000000001	0.26532	0.0	-0.690033	-0.622173	0.369803	0.0	1.37028	-0.323982	-2.03993	0.353605	
4	0.5182939999999999	0.328906	0.789425	0.0	-0.44441899999999995	-0.68507	0.577209	0.0	0.7306590000000001	-0.65	-0.208896	0.0	-0.538184	-1.12175	-1.46565	0.12065799999999999	0.450107	0.026910900000000005	0.8925690000000001	0.0	-0.5617409999999999	0.7855310000000001	0.25959299999999996	0.0	-0.694155	-0.618237	0.36869	0.0	1.40415	-0.310309	-2.0636799999999997	0.35421199999999997	
4	0.5181640000000001	0.321373	0.792607	0.0	-0.451128	-0.6846260000000001	0.5725140000000001	0.0	0.726629	-0.654223	-0.20976799999999998	0.0	-0.511603	-1.13378	-1.45258	0.12045	0.437486	0.0391183	0.898374	0.0	-0.561138	0.792542	0.23875	0.0	-0.7026600000000001	-0.608561	0.368677	0.0	1.51119	-0.31240300000000004	-2.1257099999999998	0.353944	
4	0.521828	0.31992600000000004	0.790787	0.0	-0.453433	-0.681181	0.574796	0.0	0.722561	-0.658513	-0.210394	0.0	-0.51952	-1.1584299999999998	-1.48086	0.12045299999999999	0.429396	0.0455836	0.901965	0.0	-0.559664	0.7972670000000001	0.22614499999999998	0.0	-0.7087979999999999	-0.601903	0.36785500000000004	0.0	1.55966	-0.308944	-2.13377	0.35376399999999997	
4	0.5217	0.320614	0.790592	0.0	-0.4545	-0.679792	0.5755979999999999	0.0	0.721983	-0.659614	-0.20892800000000003	0.0	-0.525813	-1.17006	-1.48987	0.12045299999999999	0.425622	0.055619600000000005	0.9031899999999999	0.0	-0.5593739999999999	0.800737	0.21429099999999998	0.0	-0.711299	-0.596428	0.371924	0.0	1.57471	-0.30357199999999995	-2.12893	0.354007	
4	0.516768	0.320183	0.793998	0.0	-0.46094799999999997	-0.677474	0.573198	0.0	0.721442	-0.6622020000000001	-0.202509	0.0	-0.526544	-1.1945	-1.4969299999999999	0.120655	0.42500699999999997	0.07008500000000001	0.902473	0.0	-0.551531	0.81061	0.196785	0.0	-0.717762	-0.581377	0.383169	0.0	1.58572	-0.286157	-2.1555	0.354011	
4	0.509931	0.317475	0.799487	0.0	-0.470941	-0.674717	0.5683060000000001	0.0	0.719851	-0.666308	-0.194547	0.0	-0.523536	-1.2308299999999999	-1.49722	0.120449	0.42623500000000003	0.08545549999999999	0.900567	0.0	-0.551868	0.813376	0.184015	0.0	-0.716774	-0.5754279999999999	0.39385	0.0	1.57901	-0.269728	-2.19298	0.354073	
4	0.506642	0.317311	0.8016409999999999	0.0	-0.476918	-0.671449	0.567192	0.0	0.718237	-0.66968	-0.188853	0.0	-0.51398	-1.26604	-1.5032299999999998	0.12045	0.430304	0.09535039999999999	0.897634	0.0	-0.5513819999999999	0.8151	0.17773599999999998	0.0	-0.7147140000000001	-0.5714199999999999	0.40331500000000003	0.0	1.54961	-0.23798200000000003	-2.22988	0.35386300000000004	
4	0.504443	0.31743000000000005	0.802979	0.0	-0.480318	-0.669639	0.566461	0.0	0.717518	-0.671433	-0.185328	0.0	-0.509738	-1.28651	-1.50544	0.120653	0.43386199999999997	0.10396400000000001	0.894961	0.0	-0.548891	0.818207	0.171046	0.0	-0.71448	-0.565446	0.412054	0.0	1.52854	-0.22016100000000002	-2.27089	0.353887	
4	0.5016390000000001	0.32055500000000003	0.8034939999999999	0.0	-0.481587	-0.668097	0.567204	0.0	0.7186319999999999	-0.671484	-0.180769	0.0	-0.50755	-1.3133700000000001	-1.51423	0.120449	0.440582	0.107958	0.8911969999999999	0.0	-0.551823	0.815606	0.174005	0.0	-0.7080810000000001	-0.568447	0.418915	0.0	1.46601	-0.202101	-2.2927400000000002	0.35386300000000004	
