0	-0.176871	0.752626	-0.6342479999999999	0.0	0.0844696	0.653637	0.7520789999999999	0.0	0.9806030000000001	0.0794465	-0.17918399999999998	0.0	-2.90951	1.99617	1.31823	0.0	0.0807679	0.544782	-0.8346790000000001	0.0	0.22956700000000002	-0.825069	-0.516295	0.0	-0.969936	-0.14991500000000002	-0.19170299999999998	0.0	2.79362	1.9782400000000002	1.50359	0.0	
0	-0.181587	0.748763	-0.637479	0.0	0.0989417	0.658879	0.745714	0.0	0.9783850000000001	0.07233889999999998	-0.19372799999999998	0.0	-2.9322	2.04849	1.2978399999999999	0.0	0.104697	0.549266	-0.8290629999999999	0.0	0.251571	-0.821159	-0.51226	0.0	-0.96216	-0.154936	-0.224152	0.0	2.81502	1.9808299999999999	1.45173	0.0	
0	-0.164176	0.775088	-0.610151	0.0	0.148018	0.630898	0.761616	0.0	0.9752629999999999	0.0347255	-0.21830500000000003	0.0	-2.9413099999999996	2.11012	1.28952	0.0	0.12095	0.5680069999999999	-0.814088	0.0	0.26917800000000003	-0.808148	-0.52387	0.0	-0.955465	-0.155772	-0.250641	0.0	2.8694900000000003	1.9843099999999998	1.38757	0.0	
0	-0.023569200000000002	0.8711770000000001	-0.490404	0.0	0.291084	0.47526599999999997	0.8302959999999999	0.0	0.956407	-0.123179	-0.264787	0.0	-2.97791	2.13646	1.27298	0.0397829	0.11998900000000001	0.6197550000000001	-0.775569	0.0	0.300032	-0.767321	-0.5667449999999999	0.0	-0.9463530000000001	-0.164692	-0.278016	0.0	2.98113	1.9681	1.2913	0.274839	
0	0.147596	0.91519	-0.375025	0.0	0.369157	0.3008	0.879342	0.0	0.9175719999999999	-0.26823	-0.293452	0.0	-3.04652	2.06946	1.23601	0.285409	0.11197599999999999	0.648842	-0.7526390000000001	0.0	0.326056	-0.73946	-0.588971	0.0	-0.9386950000000001	-0.179452	-0.29436100000000004	0.0	3.00075	1.90169	1.22151	0.309076	
0	0.363678	0.898172	-0.247033	0.0	0.377792	0.10019	0.9204540000000001	0.0	0.851476	-0.428076	-0.302885	0.0	-3.06337	1.96707	1.19993	0.345833	0.0993155	0.670133	-0.7355659999999999	0.0	0.360437	-0.713248	-0.6011340000000001	0.0	-0.927481	-0.205423	-0.31237800000000004	0.0	3.0386599999999997	1.8002900000000002	1.16279	0.31133299999999997	
0	0.50361	0.850208	-0.153374	0.0	0.324612	-0.0216972	0.9455979999999999	0.0	0.800628	-0.525999	-0.28691500000000003	0.0	-3.0514799999999997	1.81676	1.13425	0.346951	0.10301600000000001	0.678138	-0.727679	0.0	0.38377100000000003	-0.702025	-0.599901	0.0	-0.9176639999999999	-0.217462	-0.33257	0.0	3.06875	1.7591	1.10578	0.312227	
0	0.6122489999999999	0.787038	-0.0756497	0.0	0.244052	-0.0971072	0.964888	0.0	0.752057	-0.609214	-0.25153200000000003	0.0	-3.05458	1.6263100000000001	1.0775700000000001	0.347018	0.108373	0.679948	-0.725208	0.0	0.395275	-0.698832	-0.596148	0.0	-0.912148	-0.22205	-0.344501	0.0	3.08785	1.7407	1.05211	0.312625	
0	0.702542	0.711549	-0.0115115	0.0	0.180387	-0.16241	0.970095	0.0	0.6884	-0.683609	-0.242454	0.0	-3.05304	1.42131	0.977511	0.348028	0.11324100000000001	0.6812819999999999	-0.723209	0.0	0.40214099999999997	-0.697034	-0.5936560000000001	0.0	-0.9085479999999999	-0.223606	-0.352905	0.0	3.09327	1.73282	1.0333299999999999	0.313307	
0	0.773261	0.632793	0.0404993	0.0	0.11681199999999999	-0.20493699999999998	0.97178	0.0	0.623235	-0.7467090000000001	-0.23238699999999998	0.0	-3.05932	1.17331	0.8282290000000001	0.348515	0.111768	0.681714	-0.7230310000000001	0.0	0.404706	-0.6957439999999999	-0.593425	0.0	-0.907591	-0.226289	-0.35365599999999997	0.0	3.10405	1.69705	1.0217399999999999	0.319576	
0	0.81894	0.569702	0.069122	0.0	0.0702198	-0.219018	0.973191	0.0	0.5695680000000001	-0.792131	-0.219367	0.0	-3.0584	0.9242	0.656094	0.34994200000000003	0.11183699999999999	0.6835899999999999	-0.721247	0.0	0.413367	-0.692028	-0.591799	0.0	-0.9036709999999999	-0.23195500000000002	-0.359967	0.0	3.10223	1.68953	1.02906	0.32212399999999997	
0	0.8446819999999999	0.527859	0.0887543	0.0	0.03617480000000001	-0.221729	0.9744370000000001	0.0	0.534044	-0.8198790000000001	-0.20638600000000001	0.0	-3.01664	0.690079	0.48566499999999996	0.349538	0.114168	0.6858529999999999	-0.718729	0.0	0.418971	-0.6892159999999999	-0.5911390000000001	0.0	-0.9007940000000001	-0.23363699999999998	-0.366039	0.0	3.1036599999999996	1.68445	1.02404	0.321754	
0	0.864708	0.49044399999999994	0.108375	0.0	0.0044944	-0.223315	0.974736	0.0	0.502255	-0.842375	-0.195306	0.0	-2.97493	0.46646400000000005	0.30153800000000003	0.350166	0.11693699999999999	0.68726	-0.716938	0.0	0.422804	-0.687655	-0.5902270000000001	0.0	-0.898645	-0.234105	-0.370988	0.0	3.12047	1.6721	1.0083	0.321691	
0	0.880468	0.456442	0.12820499999999999	0.0	-0.027993599999999997	-0.21989299999999998	0.9751219999999999	0.0	0.473278	-0.8621530000000001	-0.180831	0.0	-2.94956	0.265303	0.150491	0.349618	0.116474	0.688262	-0.716051	0.0	0.42539499999999997	-0.686052	-0.5902310000000001	0.0	-0.897481	-0.23585799999999998	-0.372691	0.0	3.13225	1.6448	1.0061799999999999	0.322146	
0	0.8885940000000001	0.438605	0.13426400000000002	0.0	-0.047654400000000006	-0.202851	0.97805	0.0	0.45621300000000004	-0.8754870000000001	-0.159351	0.0	-2.87843	0.07192389999999999	0.00626761	0.348783	0.115343	0.689972	-0.714587	0.0	0.43055	-0.683025	-0.590002	0.0	-0.895166	-0.23961300000000002	-0.37585	0.0	3.15335	1.62103	1.0003600000000001	0.322131	
0	0.89505	0.42302399999999996	0.141198	0.0	-0.059575499999999997	-0.20035799999999998	0.9779100000000001	0.0	0.44196899999999995	-0.88369	-0.154128	0.0	-2.8494099999999998	-0.0861527	-0.140575	0.349238	0.11642899999999999	0.691545	-0.712889	0.0	0.433828	-0.681087	-0.589842	0.0	-0.893441	-0.240596	-0.37931	0.0	3.17139	1.60913	0.995023	0.32209699999999997	
0	0.8990889999999999	0.41233400000000003	0.147039	0.0	-0.071609	-0.192833	0.978615	0.0	0.43187	-0.8903909999999999	-0.143847	0.0	-2.82535	-0.21948	-0.309767	0.348819	0.116791	0.6906439999999999	-0.7137020000000001	0.0	0.43529799999999996	-0.6815140000000001	-0.588264	0.0	-0.8926790000000001	-0.24196900000000002	-0.380231	0.0	3.1772	1.60169	0.9955	0.32214	
0	0.902824	0.404485	0.145951	0.0	-0.07646019999999999	-0.183001	0.9801350000000001	0.0	0.423159	-0.896048	-0.13429100000000002	0.0	-2.81283	-0.314759	-0.401269	0.348785	0.11658699999999998	0.690477	-0.713897	0.0	0.436924	-0.681164	-0.587464	0.0	-0.891911	-0.24342800000000003	-0.381101	0.0	3.17818	1.60038	0.998936	0.322088	
0	0.902135	0.404834	0.149203	0.0	-0.0814765	-0.179743	0.980334	0.0	0.423691	-0.89655	-0.129168	0.0	-2.75354	-0.363282	-0.458495	0.348558	0.11619700000000001	0.691671	-0.712804	0.0	0.438612	-0.679631	-0.5879810000000001	0.0	-0.891133	-0.24432199999999998	-0.382346	0.0	3.17536	1.6035700000000002	1.01025	0.322088	
0	0.902136	0.404846	0.14916400000000002	0.0	-0.0813909	-0.17983	0.980325	0.0	0.423705	-0.8965270000000001	-0.129281	0.0	-2.7530900000000003	-0.362113	-0.45867299999999994	0.348554	0.116157	0.691656	-0.712825	0.0	0.43859	-0.6796399999999999	-0.587987	0.0	-0.891149	-0.244339	-0.382299	0.0	3.17484	1.60309	1.01045	0.322056	
0	0.902136	0.404846	0.14916300000000002	0.0	-0.0813881	-0.179833	0.980325	0.0	0.423705	-0.896526	-0.12928399999999998	0.0	-2.75317	-0.362076	-0.458618	0.348553	0.116156	0.691656	-0.712825	0.0	0.438589	-0.6796399999999999	-0.587987	0.0	-0.89115	-0.244339	-0.382297	0.0	3.17484	1.60309	1.01044	0.322056	
0	0.902136	0.404846	0.14916300000000002	0.0	-0.0813881	-0.179833	0.980325	0.0	0.423705	-0.896526	-0.12928399999999998	0.0	-2.75317	-0.362076	-0.458618	0.348553	0.116156	0.691656	-0.712825	0.0	0.438589	-0.6796399999999999	-0.587987	0.0	-0.891149	-0.244339	-0.382297	0.0	3.17484	1.60309	1.01044	0.322056	
0	0.902136	0.404846	0.14916300000000002	0.0	-0.0813881	-0.179833	0.980325	0.0	0.423705	-0.896526	-0.12928399999999998	0.0	-2.75317	-0.362076	-0.458618	0.348553	0.116156	0.691656	-0.712825	0.0	0.438589	-0.6796399999999999	-0.587987	0.0	-0.89115	-0.244339	-0.382297	0.0	3.17484	1.60309	1.01044	0.322056	
0	0.902136	0.404846	0.14916300000000002	0.0	-0.0813881	-0.179833	0.980325	0.0	0.423705	-0.896526	-0.12928399999999998	0.0	-2.75317	-0.362076	-0.458618	0.348553	0.116156	0.691656	-0.712825	0.0	0.438589	-0.6796399999999999	-0.587987	0.0	-0.891149	-0.244339	-0.382297	0.0	3.17484	1.60309	1.01044	0.322056	
0	0.902136	0.404846	0.14916300000000002	0.0	-0.0813881	-0.179833	0.980325	0.0	0.423705	-0.896526	-0.12928399999999998	0.0	-2.75317	-0.362076	-0.458618	0.348553	0.116156	0.691656	-0.712825	0.0	0.438589	-0.6796399999999999	-0.587987	0.0	-0.891149	-0.244339	-0.382297	0.0	3.17484	1.60309	1.01044	0.322056	
0	0.902136	0.404846	0.14916300000000002	0.0	-0.0813881	-0.179833	0.980325	0.0	0.423705	-0.896526	-0.12928399999999998	0.0	-2.75317	-0.362076	-0.458618	0.348553	0.116156	0.691656	-0.712825	0.0	0.438589	-0.6796399999999999	-0.587987	0.0	-0.891149	-0.244339	-0.382297	0.0	3.17484	1.60309	1.01044	0.322056	
0	0.902136	0.404846	0.14916300000000002	0.0	-0.0813881	-0.179833	0.980325	0.0	0.423705	-0.896526	-0.12928399999999998	0.0	-2.75317	-0.362076	-0.458618	0.348553	0.116156	0.691656	-0.712825	0.0	0.438589	-0.6796399999999999	-0.587987	0.0	-0.891149	-0.244339	-0.382297	0.0	3.17484	1.60309	1.01044	0.322056	
0	0.902136	0.404846	0.14916300000000002	0.0	-0.0813881	-0.179833	0.980325	0.0	0.423705	-0.896526	-0.12928399999999998	0.0	-2.75317	-0.362076	-0.458618	0.348553	0.116156	0.691656	-0.712825	0.0	0.438589	-0.6796399999999999	-0.587987	0.0	-0.891149	-0.244339	-0.382297	0.0	3.17484	1.60309	1.01044	0.322056	
0	0.902136	0.404846	0.14916300000000002	0.0	-0.0813881	-0.179833	0.980325	0.0	0.423705	-0.896526	-0.12928399999999998	0.0	-2.75317	-0.362076	-0.458618	0.348553	0.116156	0.691656	-0.712825	0.0	0.438589	-0.6796399999999999	-0.587987	0.0	-0.891149	-0.244339	-0.382297	0.0	3.17484	1.60309	1.01044	0.322056	
0	0.902136	0.404846	0.14916300000000002	0.0	-0.0813881	-0.179833	0.980325	0.0	0.423705	-0.896526	-0.12928399999999998	0.0	-2.75317	-0.362076	-0.458618	0.348553	0.116156	0.691656	-0.712825	0.0	0.438589	-0.6796399999999999	-0.587987	0.0	-0.891149	-0.244339	-0.382297	0.0	3.17484	1.60309	1.01044	0.322056	
0	0.8656280000000001	0.50066	-0.00533032	0.0	0.0782412	-0.12474600000000001	0.989099	0.0	0.494537	-0.856608	-0.14715599999999998	0.0	-2.73977	-0.489033	-0.525213	0.349382	0.11020899999999999	0.6893239999999999	-0.716022	0.0	0.463872	-0.67281	-0.576325	0.0	-0.87902	-0.268627	-0.393908	0.0	3.14152	1.6351	1.03734	0.33156399999999997	
0	0.868223	0.496173	-0.00133142	0.0	0.0642962	-0.109847	0.991867	0.0	0.491991	-0.861247	-0.127273	0.0	-2.7133700000000003	-0.606811	-0.550215	0.34923699999999996	0.10954100000000001	0.689649	-0.715811	0.0	0.46499700000000005	-0.672039	-0.576318	0.0	-0.878509	-0.269719	-0.394301	0.0	3.14892	1.63412	1.03825	0.331375	
0	0.9137069999999999	0.40628200000000003	-0.00860514	0.0	0.0336829	-0.0546146	0.9979389999999999	0.0	0.404975	-0.912114	-0.0635865	0.0	-2.59381	-1.27074	-0.6501239999999999	0.348135	0.106715	0.691303	-0.714642	0.0	0.46746800000000005	-0.669238	-0.577576	0.0	-0.877545	-0.272436	-0.394579	0.0	3.1602099999999997	1.6302299999999998	1.05713	0.331908	
0	0.9404620000000001	0.33959	-0.0144997	0.0	0.0228088	-0.0204892	0.9995299999999999	0.0	0.339134	-0.94035	-0.027014999999999997	0.0	-2.56467	-1.7986099999999998	-0.8366709999999999	0.34765100000000004	0.10568699999999999	0.6918989999999999	-0.714217	0.0	0.46948599999999996	-0.667868	-0.577525	0.0	-0.876592	-0.274278	-0.395422	0.0	3.17036	1.62953	1.06924	0.332015	
0	0.9637969999999999	0.264065	-0.03693830000000001	0.0	0.036278	0.00737844	0.9993139999999999	0.0	0.26415700000000003	-0.964477	-0.00246844	0.0	-2.54786	-2.28629	-1.05166	0.347335	0.105806	0.6925060000000001	-0.713611	0.0	0.469438	-0.6674220000000001	-0.57808	0.0	-0.876604	-0.273831	-0.395706	0.0	3.1744	1.63231	1.0765200000000001	0.332129	
0	0.978876	0.187874	-0.0806549	0.0	0.0776437	0.023344200000000002	0.996708	0.0	0.189138	-0.981916	0.00826378	0.0	-2.52981	-2.6537900000000003	-1.2447	0.347602	0.105821	0.691224	-0.714851	0.0	0.469789	-0.6683520000000001	-0.5767180000000001	0.0	-0.8764129999999999	-0.2748	-0.395455	0.0	3.17615	1.63287	1.07549	0.332386	
0	0.985554	0.101855	-0.13530899999999998	0.0	0.133177	0.0274751	0.990711	0.0	0.104627	-0.9944200000000001	0.013513399999999998	0.0	-2.60583	-2.8891400000000003	-1.4416799999999999	0.347463	0.104854	0.690963	-0.715245	0.0	0.47202700000000003	-0.667612	-0.5757479999999999	0.0	-0.875326	-0.277246	-0.39615500000000003	0.0	3.17548	1.6295600000000001	1.08084	0.33216999999999997	
0	0.9821049999999999	0.0776765	-0.171569	0.0	0.169073	0.0376955	0.9848819999999999	0.0	0.0829696	-0.996266	0.023888	0.0	-2.58403	-3.00926	-1.55951	0.347637	0.104805	0.691418	-0.714812	0.0	0.472355	-0.6671279999999999	-0.576038	0.0	-0.8751549999999999	-0.27727399999999996	-0.396514	0.0	3.18705	1.63113	1.08061	0.33208899999999997	
0	0.9785719999999999	0.052989499999999995	-0.198971	0.0	0.196229	0.052771000000000005	0.979137	0.0	0.062383900000000006	-0.9972	0.0412421	0.0	-2.6004400000000003	-3.12697	-1.63497	0.347697	0.10511	0.691112	-0.715064	0.0	0.47173100000000007	-0.667651	-0.5759449999999999	0.0	-0.8754549999999999	-0.27678	-0.396196	0.0	3.18763	1.63307	1.08277	0.33209299999999997	
0	0.9744950000000001	0.0296908	-0.222435	0.0	0.220162	0.0654169	0.973267	0.0	0.043448099999999996	-0.997416	0.0572117	0.0	-2.60648	-3.2175700000000003	-1.6614799999999998	0.34774499999999997	0.105217	0.690938	-0.715216	0.0	0.471934	-0.667754	-0.575659	0.0	-0.875333	-0.276965	-0.396337	0.0	3.18535	1.6374600000000001	1.0836	0.332135	
0	0.970909	0.0119384	-0.239152	0.0	0.23756599999999997	0.07701060000000001	0.9683139999999999	0.0	0.0299774	-0.996959	0.0719341	0.0	-2.62739	-3.33207	-1.7088599999999998	0.347583	0.104941	0.690597	-0.7155859999999999	0.0	0.472683	-0.66772	-0.575083	0.0	-0.8749620000000001	-0.277895	-0.396505	0.0	3.18666	1.63606	1.0790799999999998	0.332007	
0	0.967441	0.00271394	-0.25308	0.0	0.251606	0.0979753	0.962858	0.0	0.027408799999999997	-0.995185	0.09410249999999999	0.0	-2.62551	-3.46759	-1.7510299999999999	0.347482	0.104906	0.690337	-0.715842	0.0	0.473775	-0.667572	-0.5743560000000001	0.0	-0.874375	-0.278895	-0.397097	0.0	3.1909099999999997	1.6421599999999998	1.0862	0.331921	
0	0.96501	-0.0098184	-0.26202800000000004	0.0	0.261444	0.112418	0.95865	0.0	0.0200441	-0.993613	0.111051	0.0	-2.62489	-3.55675	-1.77108	0.346688	0.10485699999999999	0.6901609999999999	-0.716018	0.0	0.474192	-0.667568	-0.574017	0.0	-0.8741549999999999	-0.27934000000000003	-0.397268	0.0	3.19884	1.64097	1.08416	0.33174899999999996	
0	0.964887	-0.0150233	-0.262235	0.0	0.26198899999999997	0.126611	0.95673	0.0	0.0188287	-0.9918389999999999	0.126102	0.0	-2.62056	-3.61283	-1.78469	0.346841	0.10446199999999999	0.690383	-0.715863	0.0	0.474637	-0.667147	-0.5741390000000001	0.0	-0.8739610000000001	-0.27979899999999996	-0.397373	0.0	3.20207	1.64063	1.08592	0.33177	
0	0.9624860000000001	-0.0268134	-0.270003	0.0	0.27112800000000004	0.133578	0.9532299999999999	0.0	0.010507299999999999	-0.990676	0.13583699999999999	0.0	-2.61024	-3.61055	-1.7940900000000002	0.345969	0.10403399999999999	0.6902590000000001	-0.716044	0.0	0.47494200000000003	-0.667038	-0.574013	0.0	-0.8738459999999999	-0.28036300000000003	-0.397228	0.0	3.20415	1.64042	1.0843200000000002	0.331857	
0	0.959083	-0.0410853	-0.28012800000000004	0.0	0.283122	0.135061	0.949526	0.0	-0.00117719	-0.989985	0.14116700000000001	0.0	-2.59626	-3.60961	-1.7988400000000002	0.345893	0.103684	0.6905680000000001	-0.715797	0.0	0.476313	-0.666259	-0.573781	0.0	-0.873141	-0.281451	-0.398007	0.0	3.20642	1.6439	1.08825	0.331646	
0	0.9482139999999999	-0.0571696	-0.312446	0.0	0.317268	0.12331700000000001	0.940284	0.0	-0.0152257	-0.990719	0.135069	0.0	-2.57312	-3.6113699999999995	-1.7946799999999998	0.344649	0.103872	0.690761	-0.715584	0.0	0.47703	-0.665922	-0.573577	0.0	-0.8727280000000001	-0.281776	-0.39868400000000004	0.0	3.21386	1.64474	1.09015	0.331574	
0	0.938363	-0.06216169999999999	-0.340015	0.0	0.345027	0.109384	0.9321969999999999	0.0	-0.0207548	-0.9920540000000001	0.124089	0.0	-2.55842	-3.6141900000000002	-1.7863099999999998	0.344296	0.10386500000000001	0.690451	-0.715884	0.0	0.47677200000000003	-0.666251	-0.5734090000000001	0.0	-0.872869	-0.281756	-0.398388	0.0	3.21602	1.6445900000000002	1.08866	0.331646	
0	0.9165979999999999	-0.109507	-0.384521	0.0	0.398323	0.167242	0.9018700000000001	0.0	-0.034453199999999996	-0.979815	0.196913	0.0	-2.53953	-3.5881199999999995	-1.83772	0.15559	0.10375799999999999	0.69048	-0.715871	0.0	0.477634	-0.665922	-0.573074	0.0	-0.87241	-0.282464	-0.398892	0.0	3.2172	1.64685	1.08892	0.331599	
0	0.929581	-0.142197	-0.340086	0.0	0.364157	0.21117600000000003	0.9070799999999999	0.0	-0.0571661	-0.96705	0.248087	0.0	-2.54576	-3.5746900000000004	-1.84228	0.154636	0.103084	0.69047	-0.715978	0.0	0.478108	-0.665601	-0.573052	0.0	-0.872231	-0.28324299999999997	-0.39873200000000003	0.0	3.21725	1.65005	1.09066	0.33163000000000004	
0	0.938074	-0.15245	-0.31108800000000003	0.0	0.34063899999999997	0.242335	0.9084270000000001	0.0	-0.0631019	-0.95814	0.27925900000000003	0.0	-2.55175	-3.5655699999999997	-1.84433	0.154375	0.10273800000000001	0.690997	-0.7155199999999999	0.0	0.479988	-0.6644770000000001	-0.572784	0.0	-0.871238	-0.284594	-0.399937	0.0	3.22173	1.6521400000000002	1.08928	0.33115	
0	0.9461700000000001	-0.138853	-0.29237399999999997	0.0	0.31785399999999997	0.228122	0.9202879999999999	0.0	-0.061087999999999996	-0.9636809999999999	0.259977	0.0	-2.56013	-3.5693	-1.8396299999999999	0.15426600000000001	0.10198600000000001	0.691497	-0.715144	0.0	0.47906000000000004	-0.6641819999999999	-0.573902	0.0	-0.8718370000000001	-0.284067	-0.39900599999999997	0.0	3.2246900000000003	1.65113	1.08838	0.330982	
0	0.954794	-0.12379200000000001	-0.27026700000000003	0.0	0.291152	0.20594200000000001	0.9342469999999999	0.0	-0.05999259999999999	-0.9707020000000001	0.232675	0.0	-2.56927	-3.5761800000000004	-1.8336299999999999	0.15449200000000002	0.100733	0.693314	-0.713561	0.0	0.479444	-0.662267	-0.575792	0.0	-0.8717719999999999	-0.284111	-0.399118	0.0	3.22542	1.64832	1.08636	0.331152	
0	0.958092	-0.0970701	-0.269513	0.0	0.281806	0.15046600000000002	0.9476	0.0	-0.0514311	-0.9838379999999999	0.171515	0.0	-2.58502	-3.5882300000000003	-1.8217900000000002	0.154775	0.101739	0.693004	-0.713719	0.0	0.47815799999999997	-0.663199	-0.575789	0.0	-0.872361	-0.28269	-0.398839	0.0	3.22953	1.6402299999999999	1.06508	0.330965	
0	0.9588780000000001	-0.044461	-0.280316	0.0	0.283543	0.193686	0.9391959999999999	0.0	0.012535600000000001	-0.9800559999999999	0.198327	0.0	-2.61029	-3.5653900000000003	-1.8198900000000002	0.154805	0.1019	0.693232	-0.7134739999999999	0.0	0.47724700000000003	-0.663351	-0.5763689999999999	0.0	-0.872841	-0.281771	-0.398439	0.0	3.22926	1.63916	1.06233	0.331231	
0	0.9547829999999999	0.0234225	-0.29637800000000003	0.0	0.29283400000000004	0.0980919	0.951119	0.0	0.05134980000000001	-0.9949020000000001	0.08679760000000002	0.0	-2.6075	-3.22606	-1.8104200000000001	0.15478599999999998	0.101758	0.693857	-0.712888	0.0	0.47714300000000004	-0.662842	-0.57704	0.0	-0.872914	-0.281431	-0.398518	0.0	3.2282900000000003	1.63635	1.05921	0.33176	
0	0.947836	0.0804689	-0.308435	0.0	0.31096399999999996	-0.0207415	0.9501950000000001	0.0	0.07006369999999999	-0.996541	-0.0446825	0.0	-2.62398	-2.80134	-1.8133	0.154634	0.10263	0.693836	-0.7127829999999999	0.0	0.47591300000000003	-0.663482	-0.5773199999999999	0.0	-0.873484	-0.279972	-0.39829899999999996	0.0	3.22903	1.63717	1.0546	0.331754	
0	0.940625	0.13111	-0.313106	0.0	0.32409099999999996	-0.07256110000000002	0.9432389999999999	0.0	0.100948	-0.9887090000000001	-0.11074400000000001	0.0	-2.61395	-2.35275	-1.7813700000000001	0.154692	0.102817	0.693854	-0.712738	0.0	0.474233	-0.6640520000000001	-0.578047	0.0	-0.874375	-0.27857	-0.397325	0.0	3.22205	1.63265	1.05207	0.333282	
0	0.934976	0.172869	-0.309736	0.0	0.331169	-0.112603	0.9368290000000001	0.0	0.12707100000000002	-0.9784870000000001	-0.16253	0.0	-2.5868	-1.9168	-1.71435	0.154693	0.103004	0.694242	-0.712333	0.0	0.47337399999999996	-0.664058	-0.578743	0.0	-0.874818	-0.277587	-0.397037	0.0	3.21564	1.631	1.05492	0.333986	
0	0.931218	0.199071	-0.305292	0.0	0.335294	-0.13957999999999998	0.931716	0.0	0.14286500000000002	-0.969994	-0.19672699999999999	0.0	-2.58604	-1.58089	-1.65946	0.154771	0.10299200000000001	0.69444	-0.712142	0.0	0.473053	-0.6639970000000001	-0.579076	0.0	-0.874994	-0.27724099999999996	-0.396893	0.0	3.21424	1.63135	1.0546	0.33416799999999997	
0	0.929314	0.234456	-0.285319	0.0	0.326221	-0.159084	0.9318110000000001	0.0	0.17307899999999998	-0.9590219999999999	-0.224323	0.0	-2.5819	-1.2993700000000001	-1.60913	0.154773	0.102573	0.6946979999999999	-0.71195	0.0	0.472959	-0.663708	-0.579484	0.0	-0.875093	-0.27728400000000003	-0.39664299999999997	0.0	3.21221	1.63133	1.0554299999999999	0.334527	
4	0.9239370000000001	0.292985	-0.245968	0.0	0.302581	-0.1663	0.9385030000000001	0.0	0.23406300000000002	-0.941543	-0.242302	0.0	-2.54298	-1.02493	-1.57857	0.154764	0.10145	0.69193	-0.714802	0.0	0.47933000000000003	-0.663606	-0.574343	0.0	-0.8717520000000001	-0.28435900000000003	-0.398985	0.0	3.2124	1.62761	1.0540100000000001	0.335377	
4	0.904544	0.369757	-0.21232199999999998	0.0	0.284615	-0.152828	0.9463809999999999	0.0	0.31748200000000004	-0.916473	-0.24347800000000003	0.0	-2.5068799999999998	-0.8281360000000001	-1.54027	0.154696	0.125919	0.6714319999999999	-0.73029	0.0	0.480446	-0.685333	-0.547258	0.0	-0.8679379999999999	-0.281954	-0.408883	0.0	3.22684	1.61449	1.01473	0.335401	
4	0.867583	0.459767	-0.18950999999999998	0.0	0.259894	-0.09430160000000001	0.9610219999999999	0.0	0.423975	-0.8830180000000001	-0.20130499999999998	0.0	-2.48136	-0.776878	-1.5393700000000001	0.154765	0.154151	0.636853	-0.755418	0.0	0.47243199999999996	-0.719003	-0.509748	0.0	-0.8677819999999999	-0.278305	-0.41170500000000004	0.0	3.25277	1.58558	0.939608	0.334345	
4	0.841601	0.5140060000000001	-0.165847	0.0	0.232515	-0.0676543	0.9702370000000001	0.0	0.487487	-0.855115	-0.176452	0.0	-2.4478299999999997	-0.7971159999999999	-1.56025	0.154698	0.169586	0.611414	-0.772925	0.0	0.473498	-0.738382	-0.4802	0.0	-0.8643149999999999	-0.284543	-0.41472200000000004	0.0	3.2663599999999997	1.56856	0.884518	0.326804	
4	0.750314	0.635199	-0.183169	0.0	0.21264499999999997	0.030451799999999998	0.9766549999999999	0.0	0.625949	-0.771748	-0.112223	0.0	-2.36286	-0.9354629999999999	-1.6526299999999998	0.154697	0.154063	0.5683239999999999	-0.8082520000000001	0.0	0.506058	-0.747969	-0.429475	0.0	-0.848628	-0.342856	-0.402839	0.0	3.31371	1.51254	0.706903	0.301275	
4	0.687945	0.687044	-0.233884	0.0	0.22041599999999997	0.10925399999999999	0.969268	0.0	0.691483	-0.718355	-0.07627410000000001	0.0	-2.34647	-1.08292	-1.7458	0.154697	0.145767	0.53973	-0.8291219999999999	0.0	0.49910200000000005	-0.763727	-0.409414	0.0	-0.854196	-0.354137	-0.380706	0.0	3.3472699999999995	1.5145899999999999	0.55088	0.293223	
4	0.633317	0.722104	-0.278345	0.0	0.220084	0.176764	0.959332	0.0	0.741938	-0.66882	-0.0469764	0.0	-2.31522	-1.22646	-1.84175	0.154699	0.0956145	0.511195	-0.85413	0.0	0.498722	-0.767199	-0.403339	0.0	-0.8614719999999999	-0.387408	-0.3283	0.0	3.31978	1.4820200000000001	0.42024700000000004	0.294952	
4	0.563766	0.756075	-0.332444	0.0	0.211796	0.256708	0.942997	0.0	0.798317	-0.6020399999999999	-0.015410900000000002	0.0	-2.30503	-1.35982	-1.93288	0.154697	0.0251743	0.49552399999999996	-0.8682290000000001	0.0	0.492922	-0.761739	-0.420455	0.0	-0.8697090000000001	-0.41738400000000003	-0.26343099999999997	0.0	3.2302	1.3820299999999999	0.307958	0.296045	
4	0.465243	0.779669	-0.419124	0.0	0.201372	0.36785100000000004	0.907819	0.0	0.861973	-0.506757	0.014137	0.0	-2.24852	-1.43972	-1.99217	0.15476800000000002	-0.0533919	0.493526	-0.868091	0.0	0.483886	-0.747659	-0.45482	0.0	-0.873501	-0.44433999999999996	-0.198891	0.0	3.0693099999999998	1.29539	0.256414	0.30099899999999996	
4	0.382874	0.79819	-0.465082	0.0	0.189877	0.4247	0.885199	0.0	0.904077	-0.427227	0.011048700000000002	0.0	-2.2035099999999996	-1.45433	-2.04873	0.15476600000000001	-0.113254	0.49277200000000004	-0.862757	0.0	0.472678	-0.737061	-0.48302799999999996	0.0	-0.873927	-0.46251099999999995	-0.149447	0.0	2.90065	1.214	0.220518	0.308392	
4	0.332252	0.80178	-0.49674799999999997	0.0	0.174258	0.46541899999999997	0.867767	0.0	0.9269540000000001	-0.374879	0.0149202	0.0	-2.15959	-1.4327299999999998	-2.0727700000000002	0.154697	-0.135733	0.49167700000000003	-0.8601340000000001	0.0	0.471866	-0.7312960000000001	-0.492492	0.0	-0.87116	-0.47271499999999994	-0.132745	0.0	2.82788	1.1646	0.189886	0.31046799999999997	
4	0.16080899999999998	0.776636	-0.609079	0.0	0.0842207	0.604062	0.792475	0.0	0.9833860000000001	-0.178734	0.0317298	0.0	-2.06487	-1.36627	-2.20797	0.15475999999999998	-0.24589899999999998	0.505415	-0.827098	0.0	0.48405699999999996	-0.675247	-0.556535	0.0	-0.839775	-0.5372140000000001	-0.07860779999999999	0.0	2.54563	1.0105600000000001	0.12601300000000001	0.310684	
4	0.0431581	0.707387	-0.705508	0.0	0.00408688	0.7060350000000001	0.708166	0.0	0.9990600000000001	-0.0334464	0.0275801	0.0	-1.9888099999999997	-1.29209	-2.30286	0.15476700000000002	-0.337514	0.537646	-0.772671	0.0	0.501556	-0.5919	-0.630948	0.0	-0.796571	-0.600492	-0.069885	0.0	2.33333	0.8972559999999999	0.0759367	0.311864	
4	-0.0442699	0.6239020000000001	-0.7802479999999999	0.0	-0.07685800000000001	0.776572	0.625323	0.0	0.996059	0.0876513	0.0135731	0.0	-1.9273099999999999	-1.24482	-2.39312	0.154697	-0.37095	0.557338	-0.742812	0.0	0.495007	-0.558104	-0.665949	0.0	-0.785726	-0.614731	-0.0688576	0.0	2.1726799999999997	0.83229	0.0181889	0.312078	
4	-0.124161	0.521997	-0.8438620000000001	0.0	-0.166245	0.827478	0.536323	0.0	0.9782360000000001	0.206879	-0.0159613	0.0	-1.88245	-1.17561	-2.50431	0.154683	-0.391839	0.5812	-0.71321	0.0	0.47616899999999995	-0.535188	-0.6977369999999999	0.0	-0.787226	-0.613009	-0.0670423	0.0	1.98415	0.8017310000000001	-0.0681061	0.333277	
4	-0.178032	0.388194	-0.9042180000000001	0.0	-0.251746	0.87035	0.42322	0.0	0.951277	0.30298	-0.057223699999999995	0.0	-1.8444099999999999	-1.05989	-2.62954	0.154302	-0.422732	0.61554	-0.665138	0.0	0.46056499999999995	-0.486177	-0.742638	0.0	-0.7804989999999999	-0.620276	-0.0779742	0.0	1.817	0.789455	-0.167198	0.337301	
4	-0.219966	0.24481799999999998	-0.9442870000000001	0.0	-0.33074699999999996	0.891943	0.308293	0.0	0.917726	0.380134	-0.115225	0.0	-1.7975900000000002	-0.943269	-2.73043	0.153799	-0.45912700000000006	0.661189	-0.593322	0.0	0.448513	-0.403986	-0.797265	0.0	-0.766837	-0.632159	-0.111072	0.0	1.6739400000000002	0.784956	-0.24039499999999997	0.339499	
4	-0.221248	0.176761	-0.959065	0.0	-0.360128	0.899117	0.24879	0.0	0.9062879999999999	0.400431	-0.135271	0.0	-1.7760799999999999	-0.926048	-2.7623900000000003	0.15371600000000002	-0.47301400000000005	0.679509	-0.560826	0.0	0.444572	-0.36548200000000003	-0.817788	0.0	-0.760667	-0.636153	-0.12921300000000002	0.0	1.6171799999999998	0.778506	-0.304059	0.339915	
4	-0.215548	-0.023327900000000002	-0.9762139999999999	0.0	-0.43333	0.898174	0.0742164	0.0	0.875079	0.43901999999999997	-0.203709	0.0	-1.67868	-0.911184	-2.7954	0.153752	-0.339942	0.6730430000000001	-0.6568510000000001	0.0	0.428429	-0.51093	-0.745251	0.0	-0.837191	-0.534756	-0.114665	0.0	1.48233	0.809806	-0.5275569999999999	0.351408	
4	-0.211054	-0.0552889	-0.97591	0.0	-0.45231499999999997	0.8906	0.0473636	0.0	0.866526	0.45141499999999996	-0.212973	0.0	-1.6336700000000002	-0.935599	-2.7475	0.153635	-0.11136300000000002	0.428807	-0.8965059999999999	0.0	0.400471	-0.8062630000000001	-0.435388	0.0	-0.909517	-0.407511	-0.0819375	0.0	1.4248299999999998	0.8439139999999999	-0.671655	0.33917800000000004	
4	-0.195832	-0.0833031	-0.977093	0.0	-0.4766	0.8788790000000001	0.0205917	0.0	0.857031	0.46971499999999994	-0.211815	0.0	-1.58656	-0.9630040000000001	-2.6643	0.15349000000000002	0.049569800000000004	0.131642	-0.990057	0.0	0.310847	-0.944077	-0.10996500000000001	0.0	-0.949167	-0.30230500000000005	-0.0877182	0.0	1.3952	0.8488879999999999	-0.7795489999999999	0.34066	
4	-0.171821	-0.0954888	-0.9804889999999999	0.0	-0.502559	0.864534	0.00387247	0.0	0.847297	0.49341899999999994	-0.196534	0.0	-1.54485	-0.9507950000000001	-2.5706	0.15319000000000002	0.124793	-0.11845699999999999	-0.985086	0.0	0.20545300000000002	-0.9682430000000001	0.142459	0.0	-0.970678	-0.220167	-0.0964931	0.0	1.38333	0.800049	-0.9108629999999999	0.33913899999999997	
4	-0.12643800000000002	-0.0857105	-0.988265	0.0	-0.5072300000000001	0.8617540000000001	-0.00984377	0.0	0.852485	0.500033	-0.15243299999999999	0.0	-1.51715	-0.9499989999999999	-2.51507	0.152894	0.150194	-0.26595799999999997	-0.9522120000000001	0.0	0.139015	-0.947888	0.286677	0.0	-0.978834	-0.17543	-0.105395	0.0	1.34772	0.750937	-1.02659	0.341396	
4	-0.133329	-0.112095	-0.984712	0.0	-0.5002489999999999	0.8653350000000001	-0.0307721	0.0	0.855555	0.48849799999999993	-0.17145	0.0	-1.51472	-0.957219	-2.48779	0.15295599999999998	0.176654	-0.33326300000000003	-0.9261370000000001	0.0	0.10763699999999998	-0.928751	0.354734	0.0	-0.9783700000000001	-0.162352	-0.128196	0.0	1.3061	0.681153	-1.13545	0.34160999999999997	
4	-0.11901199999999999	-0.127506	-0.9846719999999999	0.0	-0.500568	0.8641700000000001	-0.0514011	0.0	0.857477	0.486778	-0.16667200000000001	0.0	-1.51954	-0.9445020000000001	-2.45204	0.152921	0.142177	-0.211204	-0.967046	0.0	0.223304	-0.9449420000000001	0.239207	0.0	-0.964324	-0.24995599999999998	-0.08718680000000001	0.0	1.2559200000000001	0.4857	-1.1379	0.341974	
4	-0.116471	-0.141266	-0.9830959999999999	0.0	-0.506893	0.859669	-0.0634763	0.0	0.8541040000000001	0.49093100000000006	-0.171733	0.0	-1.5367600000000001	-0.931419	-2.4324	0.152866	0.0596913	-0.019640400000000002	-0.998024	0.0	0.376874	-0.9253680000000001	0.040751199999999994	0.0	-0.9243389999999999	-0.37856100000000004	-0.0478347	0.0	1.2298799999999999	0.21016700000000002	-1.08333	0.339972	
4	-0.10834300000000001	-0.16426300000000002	-0.980449	0.0	-0.514775	0.8529979999999999	-0.0860252	0.0	0.8504520000000001	0.49538999999999994	-0.176975	0.0	-1.5291700000000001	-0.910586	-2.3879099999999998	0.152791	0.110204	-0.12528499999999998	-0.985981	0.0	0.293498	-0.9436829999999999	0.15271500000000002	0.0	-0.949586	-0.306213	-0.06722660000000001	0.0	1.21276	0.126889	-1.19107	0.341158	
4	-0.0949471	-0.164708	-0.9817620000000001	0.0	-0.512462	0.8535889999999999	-0.093644	0.0	0.8534450000000001	0.494224	-0.165452	0.0	-1.51349	-0.9166770000000001	-2.33792	0.152674	0.123253	-0.305812	-0.9440799999999999	0.0	0.210092	-0.9217299999999999	0.326	0.0	-0.969881	-0.23852399999999999	-0.0493578	0.0	1.13726	0.0981749	-1.1808299999999998	0.34175	
4	-0.0903255	-0.142126	-0.985719	0.0	-0.506272	0.8588889999999999	-0.0774477	0.0	0.8576309999999999	0.492046	-0.149534	0.0	-1.49499	-0.9143180000000001	-2.26353	0.152556	0.11419000000000001	-0.426912	-0.8970540000000001	0.0	0.198651	-0.8749129999999999	0.441662	0.0	-0.9733950000000001	-0.228634	-0.0151005	0.0	1.04521	-0.0289038	-1.09715	0.341022	
4	-0.0887379	-0.153096	-0.9842190000000001	0.0	-0.509678	0.855936	-0.0871885	0.0	0.855777	0.49389799999999995	-0.15398299999999998	0.0	-1.51653	-0.883508	-2.23442	0.152522	0.12057799999999999	-0.48595200000000005	-0.8656280000000001	0.0	0.195113	-0.8433799999999999	0.500641	0.0	-0.973341	-0.229262	-0.006877800000000001	0.0	1.0095100000000001	-0.19909200000000002	-1.1372799999999998	0.340625	
4	-0.081616	-0.15848299999999998	-0.9839829999999999	0.0	-0.510417	0.854628	-0.0953127	0.0	0.8560450000000001	0.494463	-0.150644	0.0	-1.5335299999999998	-0.849492	-2.2075	0.15256	0.135719	-0.560126	-0.8172149999999999	0.0	0.133926	-0.806904	0.5753	0.0	-0.9816540000000001	-0.187526	-0.0344967	0.0	0.949225	-0.275485	-1.22845	0.341599	
4	-0.07187130000000001	-0.151115	-0.9859	0.0	-0.503151	0.8589629999999999	-0.09497919999999999	0.0	0.8612049999999999	0.48923	-0.137768	0.0	-1.53958	-0.84205	-2.18499	0.152596	0.142513	-0.579078	-0.80272	0.0	0.114477	-0.795912	0.594491	0.0	-0.983151	-0.176616	-0.047137	0.0	0.9010549999999999	-0.283569	-1.26604	0.342469	
4	-0.0679428	-0.143491	-0.987317	0.0	-0.49847600000000003	0.862115	-0.0909919	0.0	0.864237	0.485971	-0.130101	0.0	-1.53786	-0.8399969999999999	-2.15394	0.152588	0.142399	-0.611873	-0.778033	0.0	0.10264000000000001	-0.7726770000000001	0.626447	0.0	-0.9844729999999999	-0.169062	-0.0472261	0.0	0.7680779999999999	-0.321002	-1.31914	0.34263899999999997	
4	-0.0653971	-0.147865	-0.986843	0.0	-0.500792	0.86026	-0.09571139999999999	0.0	0.863094	0.48794399999999993	-0.13030799999999998	0.0	-1.53129	-0.836572	-2.15162	0.152553	0.141983	-0.629474	-0.763939	0.0	0.0957253	-0.759409	0.643532	0.0	-0.9852299999999999	-0.164499	-0.0475664	0.0	0.696326	-0.32324200000000003	-1.33866	0.34289200000000003	
4	-0.0669096	-0.15273699999999998	-0.985999	0.0	-0.505282	0.8573129999999999	-0.09851439999999999	0.0	0.8603569999999999	0.491616	-0.13453800000000002	0.0	-1.50142	-0.831976	-2.13896	0.152472	0.144656	-0.640439	-0.754263	0.0	0.0931934	-0.750074	0.654755	0.0	-0.985084	-0.16500599999999999	-0.048818	0.0	0.644443	-0.332821	-1.39445	0.342887	
4	-0.0725487	-0.150162	-0.9859959999999999	0.0	-0.510754	0.854727	-0.09258960000000001	0.0	0.856661	0.496884	-0.138705	0.0	-1.47712	-0.816928	-2.1192	0.152399	0.143272	-0.6547470000000001	-0.7421449999999999	0.0	0.0897784	-0.7381909999999999	0.6685909999999999	0.0	-0.9856030000000001	-0.162419	-0.046979599999999996	0.0	0.599291	-0.34586	-1.44048	0.342903	
4	-0.0666631	-0.134036	-0.9887319999999999	0.0	-0.50797	0.8574639999999999	-0.0819918	0.0	0.858792	0.49678	-0.125247	0.0	-1.45269	-0.752812	-2.09836	0.15238800000000002	0.134581	-0.681979	-0.7188829999999999	0.0	0.0867862	-0.714583	0.6941470000000001	0.0	-0.9870950000000001	-0.155808	-0.036982999999999995	0.0	0.476736	-0.358946	-1.4612	0.342746	
4	-0.0736281	-0.116875	-0.9904139999999999	0.0	-0.506934	0.8596239999999999	-0.0637552	0.0	0.858835	0.49738000000000004	-0.12254000000000001	0.0	-1.4315200000000001	-0.730672	-2.08862	0.15223299999999998	0.123126	-0.708439	-0.69495	0.0	0.0930423	-0.6889529999999999	0.7188100000000001	0.0	-0.9880200000000001	-0.15316400000000002	-0.0189132	0.0	0.323845	-0.354977	-1.48369	0.343843	
1	-0.0756244	-0.110054	-0.9910450000000001	0.0	-0.5053380000000001	0.8610329999999999	-0.0570552	0.0	0.8596020000000001	0.496497	-0.120729	0.0	-1.43706	-0.7305510000000001	-2.09097	0.152222	0.12294300000000001	-0.712122	-0.691207	0.0	0.0939058	-0.685018	0.722449	0.0	-0.9879610000000001	-0.153728	-0.0173459	0.0	0.297935	-0.330196	-1.4738799999999999	0.344011	
1	-0.0704877	-0.0890617	-0.9935290000000001	0.0	-0.495629	0.867489	-0.0426	0.0	0.86567	0.489418	-0.10528900000000001	0.0	-1.43729	-0.7299180000000001	-2.1049700000000002	0.152337	0.124385	-0.7255510000000001	-0.676834	0.0	0.0983669	-0.669754	0.736039	0.0	-0.987346	-0.15813	-0.011937399999999999	0.0	0.25261300000000003	-0.297935	-1.46474	0.344393	
1	-0.08070369999999999	-0.09260039999999999	-0.9924270000000001	0.0	-0.502955	0.863402	-0.039661400000000006	0.0	0.8605360000000001	0.495946	-0.116254	0.0	-1.4256	-0.7236739999999999	-2.11153	0.152248	0.12606099999999998	-0.733525	-0.66787	0.0	0.0955333	-0.661135	0.74416	0.0	-0.9874120000000001	-0.157614	-0.0132678	0.0	0.238819	-0.284335	-1.45244	0.344061	
1	-0.0726559	-0.0791623	-0.9942110000000001	0.0	-0.49366899999999997	0.8690190000000001	-0.0331173	0.0	0.86661	0.48840500000000003	-0.102219	0.0	-1.42095	-0.7023229999999999	-2.11056	0.152353	0.128726	-0.740957	-0.6591	0.0	0.099048	-0.6517	0.7519819999999999	0.0	-0.986722	-0.162082	-0.0105005	0.0	0.221923	-0.27031700000000003	-1.43244	0.34420700000000004	
1	-0.08125589999999999	-0.0811842	-0.993381	0.0	-0.499647	0.865714	-0.029880700000000003	0.0	0.86241	0.49391199999999996	-0.11090799999999999	0.0	-1.42099	-0.705879	-2.11023	0.152247	0.128878	-0.7434569999999999	-0.6562479999999999	0.0	0.09991180000000001	-0.6486649999999999	0.754488	0.0	-0.9866149999999999	-0.162804	-0.00931871	0.0	0.218941	-0.267065	-1.4323700000000001	0.34437	
1	-0.0834243	-0.0605049	-0.994676	0.0	-0.48922	0.872077	-0.012015999999999999	0.0	0.8681610000000001	0.485613	-0.102353	0.0	-1.4716799999999999	-0.673127	-2.08732	0.15229700000000002	0.13635	-0.753744	-0.642868	0.0	0.10332999999999999	-0.634568	0.7659279999999999	0.0	-0.9852569999999999	-0.17086199999999999	-0.00863866	0.0	0.228217	-0.253765	-1.41424	0.34533400000000003	
1	-0.0905049	-0.055803	-0.994332	0.0	-0.488965	0.872292	-0.0044481	0.0	0.8675959999999999	0.485791	-0.106232	0.0	-1.53643	-0.626402	-2.0708599999999997	0.152266	0.144092	-0.755061	-0.639625	0.0	0.0945319	-0.632912	0.7684310000000001	0.0	-0.9850389999999999	-0.17119	-0.0198205	0.0	0.27057600000000004	-0.30224	-1.42676	0.345331	
1	-0.09440939999999999	-0.045507900000000004	-0.9944930000000001	0.0	-0.486146	0.873856	0.00616337	0.0	0.868763	0.48405	-0.104624	0.0	-1.56619	-0.534934	-2.04241	0.152301	0.162772	-0.75376	-0.6366729999999999	0.0	0.0935145	-0.630588	0.770464	0.0	-0.9822219999999999	-0.184948	-0.0321546	0.0	0.292662	-0.395516	-1.49706	0.343803	
1	-0.0929014	-0.040182	-0.994864	0.0	-0.483353	0.8753709999999999	0.00978015	0.0	0.870482	0.481779	-0.100745	0.0	-1.57659	-0.48527299999999995	-2.02164	0.152346	0.174732	-0.751099	-0.636646	0.0	0.09455980000000001	-0.630804	0.770159	0.0	-0.980065	-0.194773	-0.039198000000000004	0.0	0.313467	-0.476839	-1.5379	0.343425	
1	-0.104683	-0.0392272	-0.993732	0.0	-0.48866400000000004	0.8723049999999999	0.0170436	0.0	0.8661690000000001	0.487385	-0.11048499999999999	0.0	-1.59341	-0.48427600000000004	-2.01231	0.152256	0.182517	-0.750208	-0.635512	0.0	0.0967688	-0.629524	0.770931	0.0	-0.9784290000000001	-0.202206	-0.0423024	0.0	0.342157	-0.496204	-1.5633700000000001	0.343615	
1	-0.11037899999999999	-0.0324235	-0.993361	0.0	-0.48637299999999994	0.8733780000000001	0.0255368	0.0	0.866751	0.48596300000000003	-0.11217200000000001	0.0	-1.6572	-0.460916	-1.99075	0.15223699999999998	0.19774	-0.7443069999999999	-0.637892	0.0	0.0985815	-0.632342	0.7683909999999999	0.0	-0.9752850000000001	-0.21482600000000002	-0.05166419999999999	0.0	0.43003900000000006	-0.531558	-1.58605	0.343497	
1	-0.104298	-0.0287629	-0.99413	0.0	-0.480587	0.876589	0.0250582	0.0	0.8707229999999999	0.480379	-0.10525	0.0	-1.68172	-0.43231800000000004	-1.96305	0.152299	0.200808	-0.738008	-0.64422	0.0	0.0982874	-0.639119	0.7628020000000001	0.0	-0.9746870000000001	-0.216496	-0.055803599999999995	0.0	0.45381499999999997	-0.550185	-1.64018	0.343661	
1	-0.11055	-0.0363306	-0.9932059999999999	0.0	-0.48966800000000005	0.871616	0.022619999999999998	0.0	0.864873	0.488842	-0.114147	0.0	-1.6745	-0.41043	-1.9297900000000001	0.152186	0.20056500000000002	-0.736394	-0.6461399999999999	0.0	0.098412	-0.641062	0.761154	0.0	-0.974725	-0.21624899999999997	-0.056104999999999995	0.0	0.46093599999999996	-0.572986	-1.66726	0.343556	
1	-0.10909500000000001	-0.0398733	-0.993231	0.0	-0.49125	0.8708110000000001	0.018999400000000003	0.0	0.864159	0.48999799999999993	-0.11458900000000001	0.0	-1.66505	-0.396409	-1.89409	0.152162	0.195695	-0.73835	-0.645401	0.0	0.0973057	-0.640258	0.761972	0.0	-0.975825	-0.21191500000000002	-0.053449800000000006	0.0	0.42171800000000004	-0.586521	-1.72479	0.344029	
1	-0.110019	-0.0435808	-0.992974	0.0	-0.493827	0.869402	0.0165576	0.0	0.8625719999999999	0.492179	-0.117172	0.0	-1.65881	-0.393813	-1.88484	0.152149	0.19103399999999998	-0.741318	-0.643392	0.0	0.0970784	-0.6379819999999999	0.763908	0.0	-0.976771	-0.208392	-0.0499099	0.0	0.37808200000000003	-0.5821189999999999	-1.7568400000000002	0.343378	
1	-0.10410799999999999	-0.0429462	-0.9936379999999999	0.0	-0.489904	0.871669	0.013655100000000002	0.0	0.8655379999999999	0.488209	-0.11178800000000001	0.0	-1.65575	-0.37553600000000004	-1.8811799999999999	0.152256	0.189289	-0.7425729999999999	-0.64246	0.0	0.0972492	-0.636895	0.7647930000000001	0.0	-0.977094	-0.20724499999999998	-0.048342199999999995	0.0	0.346526	-0.575662	-1.7591400000000001	0.342831	
1	-0.111108	-0.053355099999999996	-0.992375	0.0	-0.503413	0.8639889999999999	0.00991042	0.0	0.856873	0.500676	-0.12285599999999999	0.0	-1.6108	-0.342989	-1.8542900000000002	0.152097	0.183312	-0.74674	-0.639356	0.0	0.0986255	-0.633126	0.76774	0.0	-0.978095	-0.203793	-0.0424122	0.0	0.291804	-0.5628029999999999	-1.7466599999999999	0.342292	
