0	-0.0876227	0.633641	-0.768649	0.0	0.0435456	0.773315	0.632524	0.0	0.995202	0.0219521	-0.0953523	0.0	-2.81918	2.01309	1.39066	4.22001e-05	-0.06581160000000001	0.694546	-0.716432	0.0	0.467696	-0.612765	-0.637009	0.0	-0.8814360000000001	-0.37699499999999997	-0.28451	0.0	2.68093	2.07044	1.49616	3.10531e-05	
0	-0.126133	0.6064609999999999	-0.785045	0.0	0.0325835	0.793471	0.607735	0.0	0.9914780000000001	0.0510761	-0.119844	0.0	-2.92234	2.0808400000000002	1.36731	0.0	0.11728699999999999	0.582298	-0.804471	0.0	0.321698	-0.78866	-0.5239520000000001	0.0	-0.93955	-0.197344	-0.27982399999999996	0.0	2.81999	2.02429	1.48577	0.0	
0	-0.160134	0.63142	-0.758727	0.0	0.107146	0.775223	0.6225350000000001	0.0	0.9812629999999999	0.0183946	-0.191794	0.0	-2.90994	2.20857	1.31694	0.0	0.0923583	0.671421	-0.7352989999999999	0.0	0.34820999999999996	-0.713608	-0.607876	0.0	-0.9328559999999999	-0.199896	-0.299703	0.0	2.85348	1.9986	1.44351	0.00462964	
0	-0.18203	0.674449	-0.715531	0.0	0.127551	0.737736	0.66293	0.0	0.974985	0.029406099999999998	-0.22031599999999998	0.0	-2.9527200000000002	2.2721400000000003	1.2374100000000001	0.154538	0.0839015	0.737746	-0.669844	0.0	0.393512	-0.642109	-0.65791	0.0	-0.915483	-0.208392	-0.344186	0.0	2.88911	1.98594	1.3221100000000001	0.292551	
0	-0.190315	0.722816	-0.664317	0.0	0.14389000000000002	0.689915	0.709446	0.0	0.9711209999999999	0.0394295	-0.23530700000000002	0.0	-2.95967	2.4045799999999997	1.1716	0.329281	0.0582361	0.774491	-0.629899	0.0	0.4218	-0.590972	-0.687631	0.0	-0.904817	-0.225646	-0.36109600000000003	0.0	2.88728	1.93501	1.2123700000000002	0.347067	
0	-0.135016	0.778798	-0.612571	0.0	0.18828599999999998	0.6271329999999999	0.755812	0.0	0.9727889999999999	-0.013291899999999999	-0.23131	0.0	-2.95283	2.41722	1.16429	0.34979299999999997	0.046923400000000004	0.781914	-0.621618	0.0	0.430566	-0.577357	-0.693738	0.0	-0.901338	-0.23509499999999997	-0.363757	0.0	2.90734	1.865	1.16155	0.350511	
0	-0.00430687	0.858776	-0.512333	0.0	0.257154	0.496059	0.8293360000000001	0.0	0.966361	-0.12817699999999999	-0.22297399999999998	0.0	-2.97201	2.30123	1.15514	0.350159	0.0209072	0.786478	-0.617265	0.0	0.46751099999999995	-0.553431	-0.6893100000000001	0.0	-0.88374	-0.27416599999999997	-0.379258	0.0	2.93151	1.7422799999999998	1.12645	0.351579	
0	0.19409500000000002	0.908976	-0.36890300000000004	0.0	0.311754	0.29940300000000003	0.901758	0.0	0.930127	-0.290034	-0.22526500000000002	0.0	-2.99138	2.16961	1.12989	0.350476	0.0170465	0.786571	-0.617264	0.0	0.470683	-0.550983	-0.689112	0.0	-0.8821379999999999	-0.278789	-0.379618	0.0	2.9586200000000002	1.6569099999999999	1.10384	0.351838	
0	0.371797	0.8959219999999999	-0.24308600000000002	0.0	0.307278	0.128323	0.9429280000000001	0.0	0.875984	-0.42527299999999996	-0.22758699999999998	0.0	-3.06738	2.01155	1.03059	0.35049	0.005093100000000001	0.7861060000000001	-0.618071	0.0	0.48281599999999997	-0.543196	-0.686897	0.0	-0.875707	-0.294916	-0.382311	0.0	2.9657299999999998	1.58549	1.08827	0.35186799999999996	
0	0.490884	0.8585079999999999	-0.148312	0.0	0.285632	0.00223705	0.9583370000000001	0.0	0.8230719999999999	-0.512795	-0.244119	0.0	-3.1191	1.94307	0.8973260000000001	0.351448	-0.0053817	0.783958	-0.62079	0.0	0.49828599999999995	-0.536136	-0.681373	0.0	-0.8669959999999999	-0.312998	-0.38775	0.0	2.9598400000000002	1.52957	1.09609	0.352077	
0	0.597453	0.798643	-0.07224630000000001	0.0	0.223165	-0.0790572	0.97157	0.0	0.7702260000000001	-0.59659	-0.225462	0.0	-3.2225	1.7899200000000002	0.692661	0.351866	-0.00998938	0.780602	-0.624949	0.0	0.503343	-0.5361020000000001	-0.677673	0.0	-0.864029	-0.321333	-0.387556	0.0	2.9736599999999997	1.47102	1.0907200000000001	0.352001	
0	0.655686	0.754875	-0.0154629	0.0	0.17338599999999998	-0.130608	0.9761549999999999	0.0	0.7348560000000001	-0.642732	-0.216523	0.0	-3.2760700000000003	1.6520400000000002	0.518289	0.352711	-0.00908113	0.7799510000000001	-0.625776	0.0	0.504057	-0.5369079999999999	-0.676503	0.0	-0.8636229999999999	-0.32156999999999997	-0.388264	0.0	2.97532	1.45884	1.08923	0.35192399999999996	
0	0.727925	0.68403	0.0471979	0.0	0.109195	-0.183609	0.976916	0.0	0.676906	-0.705968	-0.208346	0.0	-3.30314	1.45987	0.32287	0.353022	-0.011034799999999999	0.779304	-0.626549	0.0	0.5069060000000001	-0.535748	-0.675293	0.0	-0.861931	-0.32505300000000004	-0.38912199999999997	0.0	2.97822	1.45075	1.09158	0.352219	
0	0.769178	0.627674	0.11996	0.0	0.03376269999999999	-0.227375	0.9732219999999999	0.0	0.638142	-0.744531	-0.19608399999999998	0.0	-3.3231900000000003	1.2441	0.110463	0.353348	-0.015432299999999998	0.777637	-0.628524	0.0	0.513893	-0.5330550000000001	-0.672136	0.0	-0.857716	-0.333367	-0.391396	0.0	2.98136	1.43305	1.08839	0.352113	
0	0.808509	0.5624170000000001	0.173208	0.0	-0.039700099999999995	-0.241531	0.9695809999999999	0.0	0.587144	-0.790791	-0.172952	0.0	-3.29484	0.993497	-0.020085299999999997	0.35362899999999997	-0.0215002	0.776119	-0.630219	0.0	0.519822	-0.5297810000000001	-0.6701630000000001	0.0	-0.8540040000000001	-0.34201	-0.39205300000000004	0.0	2.9765599999999997	1.4173799999999999	1.11089	0.35224099999999997	
0	0.827983	0.518417	0.213748	0.0	-0.100552	-0.23774099999999998	0.96611	0.0	0.551664	-0.821415	-0.144717	0.0	-3.2345099999999998	0.7031029999999999	-0.12082899999999999	0.35422800000000004	-0.0267959	0.774709	-0.63175	0.0	0.52451	-0.527098	-0.668623	0.0	-0.850982	-0.349275	-0.392219	0.0	2.9790400000000004	1.3956899999999999	1.1150200000000001	0.35231399999999996	
0	0.8369719999999999	0.492325	0.238945	0.0	-0.145093	-0.22136799999999998	0.9643360000000001	0.0	0.5276609999999999	-0.841792	-0.113846	0.0	-3.17532	0.433478	-0.218373	0.353615	-0.0377606	0.772463	-0.6339359999999999	0.0	0.528829	-0.522828	-0.668575	0.0	-0.847888	-0.360489	-0.388758	0.0	2.95885	1.3634700000000002	1.11522	0.352633	
0	0.846892	0.469375	0.249921	0.0	-0.170189	-0.20601999999999998	0.963634	0.0	0.503794	-0.8586290000000001	-0.0945942	0.0	-3.09671	0.21589699999999998	-0.31285100000000005	0.353439	-0.0543538	0.768962	-0.63698	0.0	0.537935	-0.514886	-0.6674720000000001	0.0	-0.841232	-0.378933	-0.385666	0.0	2.93689	1.32568	1.13717	0.35265799999999997	
0	0.844175	0.46767299999999995	0.262013	0.0	-0.191183	-0.193973	0.962197	0.0	0.500817	-0.862355	-0.07433580000000001	0.0	-3.02581	0.0450788	-0.44052600000000003	0.353339	-0.058679300000000004	0.768224	-0.637486	0.0	0.540239	-0.512558	-0.667403	0.0	-0.839463	-0.38355700000000004	-0.384948	0.0	2.92635	1.31409	1.17763	0.352662	
0	0.8536549999999999	0.448884	0.264153	0.0	-0.20262	-0.181003	0.962384	0.0	0.479811	-0.875067	-0.0635614	0.0	-2.97195	-0.126828	-0.576411	0.353177	-0.0591707	0.7682760000000001	-0.637378	0.0	0.5423319999999999	-0.511309	-0.666663	0.0	-0.8380780000000001	-0.385117	-0.38640599999999997	0.0	2.9235599999999997	1.30978	1.19222	0.352558	
0	0.858555	0.434625	0.272	0.0	-0.20860700000000001	-0.188501	0.9596620000000001	0.0	0.468365	-0.8806639999999999	-0.0711722	0.0	-2.97017	-0.24287899999999998	-0.688612	0.353697	-0.060026800000000005	0.767875	-0.637782	0.0	0.542658	-0.511167	-0.666507	0.0	-0.8378059999999999	-0.38610500000000003	-0.38600999999999996	0.0	2.92583	1.30578	1.19909	0.352404	
0	0.860821	0.430595	0.27124899999999996	0.0	-0.207502	-0.18970599999999999	0.959664	0.0	0.46468400000000004	-0.882383	-0.0739532	0.0	-2.96191	-0.296091	-0.783868	0.353441	-0.0613731	0.768187	-0.6372770000000001	0.0	0.544064	-0.50954	-0.666606	0.0	-0.8367959999999999	-0.387631	-0.386671	0.0	2.9384	1.3053	1.20119	0.35235500000000003	
0	0.861233	0.43156300000000003	0.268385	0.0	-0.20515799999999998	-0.187923	0.960518	0.0	0.46496000000000004	-0.8822909999999999	-0.07330650000000001	0.0	-2.96368	-0.31001599999999996	-0.806131	0.352934	-0.06265219999999999	0.768463	-0.6368199999999999	0.0	0.544676	-0.508346	-0.667018	0.0	-0.836303	-0.38865	-0.386714	0.0	2.95693	1.29752	1.19902	0.35209	
0	0.861901	0.43084399999999995	0.267395	0.0	-0.204232	-0.18771	0.960757	0.0	0.464129	-0.8826879999999999	-0.0737955	0.0	-2.9640299999999997	-0.31146599999999997	-0.810389	0.352917	-0.06329349999999999	0.768126	-0.637163	0.0	0.545142	-0.508169	-0.666771	0.0	-0.835951	-0.389547	-0.386574	0.0	2.96005	1.29305	1.19749	0.352302	
0	0.861894	0.43085100000000004	0.267407	0.0	-0.204243	-0.18771400000000002	0.9607540000000001	0.0	0.464138	-0.882684	-0.073791	0.0	-2.9640400000000002	-0.311409	-0.8102779999999999	0.352917	-0.06328210000000001	0.768131	-0.637158	0.0	0.545135	-0.5081720000000001	-0.666774	0.0	-0.8359559999999999	-0.389532	-0.386577	0.0	2.95995	1.29318	1.19754	0.352302	
0	0.861894	0.43085100000000004	0.267407	0.0	-0.204243	-0.18771400000000002	0.9607540000000001	0.0	0.464138	-0.882684	-0.07379089999999999	0.0	-2.9640400000000002	-0.311409	-0.8102779999999999	0.352916	-0.0632822	0.768131	-0.637158	0.0	0.545135	-0.508173	-0.666775	0.0	-0.8359559999999999	-0.389532	-0.386577	0.0	2.95995	1.29318	1.19754	0.352302	
0	0.861894	0.43085100000000004	0.267407	0.0	-0.204243	-0.18771400000000002	0.9607540000000001	0.0	0.464138	-0.882684	-0.07379089999999999	0.0	-2.9640400000000002	-0.311409	-0.8102779999999999	0.352916	-0.0632822	0.768131	-0.637158	0.0	0.545135	-0.508173	-0.666775	0.0	-0.8359559999999999	-0.389532	-0.386577	0.0	2.95995	1.29318	1.19754	0.352302	
0	0.861894	0.43085100000000004	0.267407	0.0	-0.204243	-0.18771400000000002	0.9607540000000001	0.0	0.464138	-0.882684	-0.07379089999999999	0.0	-2.9640400000000002	-0.311409	-0.8102779999999999	0.352916	-0.0632822	0.768131	-0.637158	0.0	0.545135	-0.508173	-0.666775	0.0	-0.8359559999999999	-0.389532	-0.386577	0.0	2.95995	1.29318	1.19754	0.352302	
0	0.861894	0.43085100000000004	0.267407	0.0	-0.204243	-0.18771400000000002	0.9607540000000001	0.0	0.464138	-0.882684	-0.07379089999999999	0.0	-2.9640400000000002	-0.311409	-0.8102779999999999	0.352916	-0.0632822	0.768131	-0.637158	0.0	0.545135	-0.508173	-0.666775	0.0	-0.8359559999999999	-0.389532	-0.386577	0.0	2.95995	1.29318	1.19754	0.352302	
0	0.861894	0.43085100000000004	0.267407	0.0	-0.204243	-0.18771400000000002	0.9607540000000001	0.0	0.464138	-0.882684	-0.07379089999999999	0.0	-2.9640400000000002	-0.311409	-0.8102779999999999	0.352916	-0.06328210000000001	0.768131	-0.637158	0.0	0.545135	-0.508173	-0.666775	0.0	-0.8359559999999999	-0.389532	-0.386577	0.0	2.95995	1.29318	1.19754	0.35230100000000003	
0	0.861894	0.43085100000000004	0.267407	0.0	-0.204243	-0.18771400000000002	0.9607540000000001	0.0	0.464138	-0.882684	-0.07379089999999999	0.0	-2.9640400000000002	-0.311409	-0.8102779999999999	0.352916	-0.0632822	0.768131	-0.637158	0.0	0.545135	-0.508173	-0.666775	0.0	-0.8359559999999999	-0.389532	-0.386577	0.0	2.95995	1.29318	1.19754	0.352302	
0	0.861894	0.43085100000000004	0.267407	0.0	-0.204243	-0.18771400000000002	0.9607540000000001	0.0	0.464138	-0.882684	-0.07379089999999999	0.0	-2.9640400000000002	-0.311409	-0.8102779999999999	0.352916	-0.06328210000000001	0.768131	-0.637158	0.0	0.545135	-0.508173	-0.666775	0.0	-0.8359559999999999	-0.389532	-0.386577	0.0	2.95995	1.29318	1.19754	0.352302	
0	0.861894	0.43085100000000004	0.267407	0.0	-0.204243	-0.18771400000000002	0.9607540000000001	0.0	0.464138	-0.882684	-0.07379089999999999	0.0	-2.9640400000000002	-0.311409	-0.8102779999999999	0.352916	-0.06328210000000001	0.768131	-0.637158	0.0	0.545135	-0.508173	-0.666775	0.0	-0.8359559999999999	-0.389532	-0.386577	0.0	2.95995	1.29318	1.19754	0.35230300000000003	
0	0.813499	0.568284	-0.123582	0.0	0.184327	-0.0504068	0.9815719999999999	0.0	0.551582	-0.8212870000000001	-0.145756	0.0	-3.0983	-0.169045	-0.75757	0.35283000000000003	-0.09939730000000001	0.754881	-0.6482859999999999	0.0	0.5648479999999999	-0.493562	-0.66132	0.0	-0.819187	-0.43191599999999997	-0.377335	0.0	2.92333	1.2944200000000001	1.21898	0.353283	
0	0.853468	0.509462	-0.109732	0.0	0.140208	-0.0216726	0.989885	0.0	0.501931	-0.8602200000000001	-0.08992760000000001	0.0	-3.0162400000000003	-0.427987	-0.7195159999999999	0.35379499999999997	-0.10177699999999999	0.7537010000000001	-0.649289	0.0	0.565525	-0.493123	-0.6610689999999999	0.0	-0.818427	-0.434471	-0.376048	0.0	2.93349	1.27034	1.21725	0.353381	
0	0.8975040000000001	0.43073999999999996	-0.0946013	0.0	0.0961013	0.0183313	0.9952030000000001	0.0	0.430408	-0.9022899999999999	-0.0249422	0.0	-2.87527	-0.922082	-0.741771	0.353059	-0.10376600000000001	0.75339	-0.649335	0.0	0.567164	-0.49148800000000004	-0.660882	0.0	-0.817042	-0.436856	-0.376296	0.0	2.93197	1.2590700000000001	1.22555	0.353254	
0	0.9368299999999999	0.335003	-0.100614	0.0	0.08495710000000001	0.0611075	0.994509	0.0	0.339312	-0.940233	0.0287865	0.0	-2.64174	-1.58604	-0.9003700000000001	0.351056	-0.108044	0.752319	-0.64988	0.0	0.568509	-0.48951400000000006	-0.661191	0.0	-0.815552	-0.4409	-0.374811	0.0	2.94282	1.22512	1.21654	0.353443	
0	0.952615	0.290124	-0.0913904	0.0	0.06964160000000001	0.0844453	0.993991	0.0	0.29609800000000003	-0.953256	0.06023919999999999	0.0	-2.53491	-1.9844	-1.03136	0.34996900000000003	-0.10903499999999999	0.7522409999999999	-0.649804	0.0	0.5696829999999999	-0.488411	-0.6609970000000001	0.0	-0.8146	-0.44225299999999995	-0.375285	0.0	2.94528	1.21823	1.2145	0.35334099999999996	
0	0.97711	0.194546	-0.0860655	0.0	0.0693482	0.09117660000000001	0.993417	0.0	0.20111199999999999	-0.9766469999999999	0.07559819999999999	0.0	-2.41664	-2.50034	-1.26371	0.34939499999999996	-0.10891500000000001	0.75135	-0.650854	0.0	0.56943	-0.48951999999999996	-0.6603939999999999	0.0	-0.814793	-0.442542	-0.374525	0.0	2.94768	1.2189299999999998	1.21947	0.353207	
0	0.986417	0.134102	-0.0948558	0.0	0.0842999	0.08232660000000001	0.993034	0.0	0.140977	-0.987542	0.06990369999999999	0.0	-2.39105	-2.77224	-1.4740799999999998	0.350772	-0.109403	0.75116	-0.650992	0.0	0.569503	-0.489404	-0.660417	0.0	-0.8146770000000001	-0.442993	-0.374245	0.0	2.94792	1.21856	1.2215200000000002	0.353097	
0	0.988707	0.0963314	-0.114797	0.0	0.10573199999999999	0.0944592	0.989898	0.0	0.106202	-0.990857	0.0832072	0.0	-2.38625	-2.92128	-1.58528	0.350946	-0.109081	0.750841	-0.651414	0.0	0.569889	-0.489696	-0.659868	0.0	-0.81445	-0.443212	-0.374479	0.0	2.94766	1.2177	1.21948	0.353101	
0	0.9874780000000001	0.0674773	-0.142597	0.0	0.133294	0.126599	0.982958	0.0	0.0843799	-0.989656	0.11601900000000001	0.0	-2.36362	-3.0644099999999996	-1.62142	0.350713	-0.109145	0.751113	-0.651088	0.0	0.569874	-0.48939099999999996	-0.6601060000000001	0.0	-0.814451	-0.443086	-0.374626	0.0	2.9493099999999997	1.21862	1.2173200000000002	0.353106	
0	0.986078	0.031405	-0.163293	0.0	0.157957	0.12997899999999998	0.9788540000000001	0.0	0.051965599999999994	-0.9910190000000001	0.12320899999999999	0.0	-2.33679	-3.19287	-1.67855	0.351153	-0.108696	0.750656	-0.651691	0.0	0.569357	-0.49038400000000004	-0.659816	0.0	-0.814873	-0.44276400000000005	-0.37408800000000003	0.0	2.9459400000000002	1.22091	1.2242600000000001	0.353005	
0	0.975182	-0.0172545	-0.220732	0.0	0.221054	0.132017	0.9662850000000001	0.0	0.0124675	-0.9910969999999999	0.132554	0.0	-2.32715	-3.3185599999999997	-1.74037	0.351056	-0.109554	0.750211	-0.652059	0.0	0.5692010000000001	-0.490447	-0.659904	0.0	-0.814867	-0.44344700000000004	-0.37329	0.0	2.9466799999999997	1.2183	1.22235	0.353085	
0	0.955572	-0.0769708	-0.284532	0.0	0.29290900000000003	0.13997300000000001	0.945839	0.0	-0.032975300000000006	-0.987159	0.1563	0.0	-2.33145	-3.45511	-1.7752599999999998	0.350829	-0.11014600000000001	0.7492880000000001	-0.6530199999999999	0.0	0.5699770000000001	-0.49063	-0.659097	0.0	-0.814245	-0.44480299999999995	-0.37303600000000003	0.0	2.9449	1.21767	1.22746	0.352926	
0	0.94006	-0.09924989999999999	-0.32624699999999995	0.0	0.33825900000000003	0.15012899999999998	0.929	0.0	-0.0432239	-0.9836719999999999	0.174703	0.0	-2.33912	-3.5539199999999997	-1.78135	0.350819	-0.11051400000000002	0.749214	-0.653044	0.0	0.570176	-0.490393	-0.659101	0.0	-0.814055	-0.44519	-0.372988	0.0	2.94294	1.2208700000000001	1.2377	0.352684	
0	0.9317770000000001	-0.107831	-0.346648	0.0	0.359804	0.147249	0.921336	0.0	-0.048304900000000005	-0.9832040000000001	0.176001	0.0	-2.32266	-3.6075199999999996	-1.79108	0.35089499999999996	-0.11006500000000001	0.7489239999999999	-0.653452	0.0	0.570041	-0.49100699999999997	-0.6587609999999999	0.0	-0.814211	-0.445	-0.372874	0.0	2.94156	1.22399	1.24306	0.352502	
0	0.919653	-0.129405	-0.370799	0.0	0.38706	0.138787	0.91155	0.0	-0.06649730000000001	-0.9818309999999999	0.177723	0.0	-2.2984299999999998	-3.6093699999999997	-1.7957299999999998	0.350493	-0.110241	0.747895	-0.6545989999999999	0.0	0.56976	-0.49209899999999995	-0.658189	0.0	-0.814384	-0.445524	-0.371871	0.0	2.94271	1.22341	1.24577	0.35238200000000003	
0	0.9140950000000001	-0.142024	-0.379816	0.0	0.398025	0.135221	0.9073540000000001	0.0	-0.07750660000000001	-0.980584	0.180134	0.0	-2.28478	-3.6109400000000003	-1.79666	0.351575	-0.110134	0.747024	-0.6556109999999999	0.0	0.570177	-0.492805	-0.657299	0.0	-0.814106	-0.446205	-0.371662	0.0	2.93982	1.22589	1.24952	0.352243	
0	0.9080940000000001	-0.16059600000000002	-0.386748	0.0	0.407841	0.129583	0.903811	0.0	-0.09503210000000001	-0.978477	0.183171	0.0	-2.2728200000000003	-3.6091300000000004	-1.8170099999999998	0.331532	-0.110127	0.746843	-0.6558189999999999	0.0	0.569713	-0.493245	-0.657371	0.0	-0.8144319999999999	-0.44602299999999995	-0.371167	0.0	2.93856	1.2278799999999999	1.25194	0.352099	
0	0.907948	-0.175099	-0.38075	0.0	0.404588	0.12936199999999998	0.9053030000000001	0.0	-0.10926300000000001	-0.976015	0.188297	0.0	-2.29872	-3.5939	-1.91757	0.211071	-0.11001099999999998	0.7465729999999999	-0.656145	0.0	0.570012	-0.493414	-0.656985	0.0	-0.814238	-0.44628599999999996	-0.371275	0.0	2.93709	1.2336	1.25068	0.352049	
0	0.9082180000000001	-0.199932	-0.367652	0.0	0.40005	0.156803	0.9029799999999999	0.0	-0.122886	-0.967182	0.222394	0.0	-2.29623	-3.5894800000000004	-1.96402	0.118773	-0.10959400000000001	0.745472	-0.657465	0.0	0.569527	-0.49500900000000003	-0.656205	0.0	-0.814634	-0.44636000000000003	-0.370317	0.0	2.9339999999999997	1.24061	1.25102	0.352169	
0	0.9114389999999999	-0.20645	-0.355889	0.0	0.383834	0.11518199999999999	0.91619	0.0	-0.148155	-0.9716540000000001	0.184224	0.0	-2.29066	-3.5899	-1.96157	0.118594	-0.1103	0.745877	-0.656888	0.0	0.57038	-0.49375	-0.656413	0.0	-0.813941	-0.447078	-0.370973	0.0	2.93445	1.24761	1.2528299999999999	0.35215100000000005	
0	0.9119440000000001	-0.208804	-0.353213	0.0	0.381202	0.112669	0.917601	0.0	-0.151802	-0.9714459999999999	0.182345	0.0	-2.28885	-3.5901199999999998	-1.9655799999999999	0.118612	-0.110506	0.746509	-0.656135	0.0	0.570891	-0.492725	-0.6567390000000001	0.0	-0.8135560000000001	-0.447155	-0.371726	0.0	2.93918	1.24898	1.24829	0.35213	
0	0.908784	-0.20439100000000002	-0.36378	0.0	0.38909499999999997	0.100187	0.915734	0.0	-0.150722	-0.973749	0.170576	0.0	-2.28862	-3.5902300000000005	-1.96402	0.11886	-0.112344	0.747657	-0.654513	0.0	0.573181	-0.48929399999999995	-0.657309	0.0	-0.8116909999999999	-0.448999	-0.37357399999999996	0.0	2.94513	1.25134	1.2456399999999999	0.35231999999999997	
0	0.9025639999999999	-0.199458	-0.38156999999999996	0.0	0.40691700000000003	0.105546	0.9073469999999999	0.0	-0.140704	-0.9742059999999999	0.176425	0.0	-2.2939	-3.59005	-1.96297	0.118657	-0.11414500000000001	0.747717	-0.654133	0.0	0.5777220000000001	-0.4857	-0.655998	0.0	-0.808213	-0.452787	-0.37653200000000003	0.0	2.96393	1.27121	1.2353299999999998	0.352733	
0	0.909544	-0.18204	-0.373618	0.0	0.397727	0.12040899999999999	0.9095690000000001	0.0	-0.120591	-0.975891	0.18192	0.0	-2.30193	-3.5834599999999996	-1.9565700000000001	0.119432	-0.09212970000000001	0.736302	-0.6703520000000001	0.0	0.580617	-0.5071979999999999	-0.636894	0.0	-0.808947	-0.447895	-0.380782	0.0	2.9990900000000003	1.3241399999999999	1.20812	0.352693	
0	0.914327	-0.143378	-0.378746	0.0	0.395176	0.111374	0.9118290000000001	0.0	-0.0885534	-0.983381	0.158492	0.0	-2.31715	-3.55776	-1.9313099999999999	0.118779	-0.0622026	0.711382	-0.700047	0.0	0.577282	-0.546529	-0.606672	0.0	-0.814172	-0.441862	-0.376673	0.0	3.02449	1.39192	1.1089	0.35333600000000004	
0	0.9330379999999999	-0.107609	-0.343308	0.0	0.353589	0.0980411	0.930249	0.0	-0.0664446	-0.989347	0.129525	0.0	-2.31087	-3.3551699999999998	-1.94005	0.11875899999999999	-0.0420403	0.660511	-0.749639	0.0	0.5762689999999999	-0.596892	-0.558242	0.0	-0.816178	-0.455462	-0.355539	0.0	3.05503	1.39065	0.989539	0.352571	
0	0.948283	-0.0755154	-0.308313	0.0	0.310201	0.0144029	0.9505620000000001	0.0	-0.0673415	-0.997041	0.037083	0.0	-2.32901	-3.01723	-1.94737	0.11874900000000001	0.0108051	0.59034	-0.807082	0.0	0.574479	-0.664297	-0.47820799999999997	0.0	-0.818448	-0.45848500000000003	-0.346316	0.0	3.1251	1.39632	0.838512	0.319589	
0	0.960068	-0.0405147	-0.276817	0.0	0.275359	-0.0380754	0.9605870000000001	0.0	-0.0494578	-0.998453	-0.025398900000000002	0.0	-2.36796	-2.63865	-1.92409	0.118494	0.0643127	0.47468699999999997	-0.8778020000000001	0.0	0.52174	-0.765822	-0.375906	0.0	-0.850677	-0.433809	-0.296915	0.0	3.20886	1.3809799999999999	0.6427229999999999	0.320938	
0	0.964693	-0.0133612	-0.263038	0.0	0.261299	-0.07664220000000001	0.96221	0.0	-0.0330161	-0.9969690000000001	-0.07044489999999999	0.0	-2.41675	-2.3285299999999998	-1.8935099999999998	0.11873399999999999	0.0627496	0.418238	-0.9061680000000001	0.0	0.5165	-0.7905220000000001	-0.329096	0.0	-0.853985	-0.44738500000000003	-0.265625	0.0	3.24553	1.3567799999999999	0.483432	0.321081	
0	0.967585	0.0104023	-0.25233099999999997	0.0	0.251872	-0.11268399999999999	0.9611780000000001	0.0	-0.0184351	-0.993577	-0.111651	0.0	-2.43161	-2.02768	-1.8531799999999998	0.11874100000000001	0.0601499	0.380893	-0.9226610000000001	0.0	0.513501	-0.804453	-0.298618	0.0	-0.855978	-0.455826	-0.243977	0.0	3.26989	1.36569	0.3023	0.321988	
0	0.973167	0.0344968	-0.2275	0.0	0.23009899999999997	-0.142043	0.9627450000000001	0.0	0.0008967669999999999	-0.989259	-0.146169	0.0	-2.43356	-1.73541	-1.78299	0.118753	0.055683300000000005	0.341548	-0.938213	0.0	0.5047550000000001	-0.820382	-0.26869499999999996	0.0	-0.8614649999999999	-0.458606	-0.218079	0.0	3.24664	1.41706	0.139539	0.324592	
0	0.981844	0.06933210000000001	-0.176566	0.0	0.185923	-0.167155	0.968241	0.0	0.0376163	-0.98349	-0.177011	0.0	-2.42141	-1.4846700000000002	-1.7269900000000002	0.118745	0.0794059	0.283148	-0.9557829999999999	0.0	0.47811899999999996	-0.852145	-0.21272399999999997	0.0	-0.874698	-0.440087	-0.203044	0.0	3.19239	1.50894	-0.0470469	0.325569	
1	0.9877540000000001	0.113776	-0.106761	0.0	0.126601	-0.18456199999999998	0.974633	0.0	0.0911855	-0.9762129999999999	-0.196706	0.0	-2.36167	-1.30898	-1.6805400000000001	0.118753	0.12211199999999998	0.21301799999999999	-0.9693879999999999	0.0	0.453416	-0.8807950000000001	-0.136434	0.0	-0.8828940000000001	-0.42287600000000003	-0.20414100000000002	0.0	3.0815900000000003	1.56503	-0.246245	0.327173	
1	0.986662	0.16126	-0.022212	0.0	0.0547304	-0.200123	0.978241	0.0	0.153306	-0.966409	-0.206279	0.0	-2.26437	-1.19429	-1.6317	0.118756	0.141066	0.14266900000000002	-0.979666	0.0	0.442453	-0.8943209999999999	-0.0665298	0.0	-0.885627	-0.42407100000000003	-0.18928299999999998	0.0	2.95017	1.48035	-0.419184	0.33411799999999997	
1	0.973717	0.213798	0.07852089999999999	0.0	-0.033788099999999995	-0.205342	0.978107	0.0	0.225241	-0.955052	-0.192721	0.0	-2.12521	-1.16177	-1.5799	0.118756	0.157671	0.0735594	-0.984748	0.0	0.42221899999999996	-0.906494	-0.000111192	0.0	-0.892676	-0.41576199999999996	-0.173986	0.0	2.7902099999999996	1.34784	-0.5779479999999999	0.33467800000000003	
1	0.9493940000000001	0.27019699999999996	0.160142	0.0	-0.101534	-0.218469	0.970548	0.0	0.297225	-0.937692	-0.179979	0.0	-1.95061	-1.15256	-1.5315299999999998	0.11874100000000001	0.164493	-0.013638299999999997	-0.986284	0.0	0.392748	-0.9163180000000001	0.07817360000000001	0.0	-0.904816	-0.40021999999999996	-0.145372	0.0	2.58118	1.1749399999999999	-0.750186	0.335473	
1	0.923514	0.309267	0.226885	0.0	-0.15625899999999998	-0.23685599999999998	0.9588969999999999	0.0	0.350294	-0.921007	-0.170414	0.0	-1.8071	-1.14139	-1.47375	0.118755	0.166623	-0.0751706	-0.983151	0.0	0.375764	-0.917006	0.133797	0.0	-0.9116129999999999	-0.391727	-0.124548	0.0	2.39088	1.02429	-0.89633	0.335366	
1	0.897226	0.337113	0.285204	0.0	-0.20562399999999997	-0.252614	0.945466	0.0	0.390775	-0.906941	-0.157333	0.0	-1.6946900000000003	-1.14735	-1.4436200000000001	0.11874200000000001	0.162802	-0.137926	-0.9769709999999999	0.0	0.364712	-0.911638	0.189478	0.0	-0.9167770000000001	-0.38716	-0.098113	0.0	2.2173700000000003	0.849555	-1.0389	0.335196	
1	0.868792	0.372216	0.326583	0.0	-0.23689200000000002	-0.26674000000000003	0.9342010000000001	0.0	0.434837	-0.888991	-0.143567	0.0	-1.58015	-1.1090799999999998	-1.3933200000000001	0.118745	0.156816	-0.186527	-0.9698540000000001	0.0	0.365271	-0.901418	0.23242600000000002	0.0	-0.9175979999999999	-0.390708	-0.0732238	0.0	2.02582	0.69387	-1.1227200000000002	0.334929	
1	0.849191	0.38450500000000004	0.361981	0.0	-0.263792	-0.284953	0.921529	0.0	0.45748	-0.878042	-0.14055	0.0	-1.52693	-1.1006799999999999	-1.3801700000000001	0.118756	0.15207	-0.203415	-0.967211	0.0	0.369512	-0.8959290000000001	0.24652	0.0	-0.9166979999999999	-0.394884	-0.061079800000000004	0.0	1.9296900000000001	0.609503	-1.16065	0.33511599999999997	
1	0.8035760000000001	0.42608199999999996	0.415595	0.0	-0.296322	-0.31917	0.90018	0.0	0.516196	-0.846513	-0.13022	0.0	-1.36729	-1.0702399999999999	-1.3786	0.118753	0.12296800000000001	-0.22223600000000002	-0.9672069999999999	0.0	0.400933	-0.8804040000000001	0.253264	0.0	-0.907817	-0.41892799999999997	-0.0191599	0.0	1.72078	0.397423	-1.24734	0.336965	
1	0.774708	0.437679	0.45636000000000004	0.0	-0.31819899999999995	-0.353835	0.879518	0.0	0.5464220000000001	-0.826583	-0.13485	0.0	-1.25545	-1.01983	-1.43098	0.118756	0.10927100000000001	-0.22378	-0.9684950000000001	0.0	0.421266	-0.872077	0.249031	0.0	-0.90033	-0.43520600000000004	-0.00102217	0.0	1.56079	0.275686	-1.2591700000000001	0.336829	
1	0.761391	0.44531099999999996	0.471149	0.0	-0.327337	-0.363236	0.872302	0.0	0.559584	-0.818388	-0.130798	0.0	-1.19468	-0.983649	-1.44268	0.118753	0.10326300000000001	-0.2259	-0.9686620000000001	0.0	0.43765600000000004	-0.864208	0.24819699999999997	0.0	-0.893193	-0.44956999999999997	0.00962557	0.0	1.47275	0.195653	-1.25686	0.336741	
1	0.735246	0.45830600000000005	0.49936899999999995	0.0	-0.343643	-0.382986	0.857456	0.0	0.584228	-0.802046	-0.12409500000000001	0.0	-1.11049	-0.953405	-1.46729	0.11874200000000001	0.104324	-0.23284000000000002	-0.9669030000000001	0.0	0.449272	-0.856323	0.254685	0.0	-0.887283	-0.46097299999999997	0.0152732	0.0	1.39993	0.0865207	-1.30249	0.336455	
1	0.711503	0.469674	0.5226569999999999	0.0	-0.356211	-0.400068	0.8444280000000001	0.0	0.605704	-0.786989	-0.117346	0.0	-1.04206	-0.906374	-1.4685700000000002	0.118755	0.103548	-0.23579899999999998	-0.966269	0.0	0.461488	-0.8492	0.256685	0.0	-0.8810819999999999	-0.472501	0.0208849	0.0	1.3283399999999999	-0.029033799999999995	-1.36496	0.336302	
1	0.695883	0.485886	0.528831	0.0	-0.360433	-0.400617	0.842374	0.0	0.621157	-0.776802	-0.103653	0.0	-0.9839969999999999	-0.8512569999999999	-1.45349	0.118756	0.105038	-0.232148	-0.966992	0.0	0.46514799999999995	-0.847979	0.254103	0.0	-0.8789790000000001	-0.47648500000000005	0.018912900000000003	0.0	1.2807	-0.12086199999999998	-1.41808	0.33650599999999997	
1	0.667194	0.488279	0.562526	0.0	-0.38929	-0.415278	0.822191	0.0	0.635063	-0.767547	-0.08698869999999999	0.0	-0.913976	-0.8075060000000001	-1.42864	0.11874100000000001	0.10513199999999999	-0.23394600000000002	-0.966549	0.0	0.46454799999999996	-0.847817	0.255737	0.0	-0.879285	-0.47589499999999996	0.019546099999999997	0.0	1.26181	-0.179347	-1.47702	0.33664099999999997	
1	0.642353	0.517659	0.5651649999999999	0.0	-0.387317	-0.41706099999999996	0.8222200000000001	0.0	0.661338	-0.747054	-0.0674028	0.0	-0.848266	-0.753027	-1.3775700000000002	0.11875799999999999	0.107394	-0.23266399999999998	-0.966609	0.0	0.46298100000000003	-0.8486799999999999	0.255717	0.0	-0.8798379999999999	-0.474984	0.0165764	0.0	1.25054	-0.205923	-1.5444	0.336597	
1	0.637975	0.52546	0.562921	0.0	-0.383796	-0.416781	0.824011	0.0	0.6676	-0.741745	-0.06422649999999999	0.0	-0.803982	-0.7309100000000001	-1.33873	0.118753	0.110125	-0.229591	-0.967037	0.0	0.462131	-0.84956	0.254328	0.0	-0.8799469999999999	-0.47490600000000005	0.012543	0.0	1.23091	-0.217011	-1.59575	0.336832	
1	0.629767	0.526596	0.5710430000000001	0.0	-0.391373	-0.419908	0.8188439999999999	0.0	0.670985	-0.739172	-0.058348800000000006	0.0	-0.778112	-0.731544	-1.32386	0.118751	0.116157	-0.23056999999999997	-0.9660979999999999	0.0	0.45653599999999994	-0.8514459999999999	0.258098	0.0	-0.8820899999999999	-0.47103900000000004	0.00636155	0.0	1.1896200000000001	-0.215558	-1.6483900000000002	0.337467	
1	0.624764	0.523871	0.57899	0.0	-0.397329	-0.425033	0.813312	0.0	0.672161	-0.7381770000000001	-0.05739590000000001	0.0	-0.732288	-0.727715	-1.3230899999999999	0.118753	0.12013900000000001	-0.22953400000000002	-0.965858	0.0	0.453999	-0.852508	0.25906799999999996	0.0	-0.882866	-0.46962200000000004	0.00178886	0.0	1.15618	-0.211048	-1.69825	0.338125	
1	0.617785	0.525012	0.58541	0.0	-0.4025	-0.428421	0.80898	0.0	0.6755260000000001	-0.735403	-0.0533549	0.0	-0.701379	-0.753524	-1.32805	0.118753	0.12253900000000001	-0.22962600000000002	-0.965534	0.0	0.449621	-0.854459	0.260272	0.0	-0.884774	-0.46601800000000004	-0.00145996	0.0	1.12754	-0.203048	-1.76777	0.338359	
1	0.604653	0.536112	0.5890489999999999	0.0	-0.40470100000000003	-0.430183	0.806945	0.0	0.6860109999999999	-0.7263109999999999	-0.0431469	0.0	-0.654293	-0.772828	-1.32626	0.11875799999999999	0.124045	-0.226721	-0.9660280000000001	0.0	0.44801	-0.855873	0.258396	0.0	-0.885381	-0.464843	-0.00459385	0.0	1.10982	-0.213284	-1.7546700000000002	0.338466	
1	0.593677	0.545596	0.591501	0.0	-0.4056	-0.43196999999999997	0.805538	0.0	0.695009	-0.718141	-0.035156900000000005	0.0	-0.603372	-0.773748	-1.3063	0.118756	0.127614	-0.22357600000000002	-0.9662959999999999	0.0	0.44734700000000005	-0.85656	0.257265	0.0	-0.885209	-0.4651	-0.00929351	0.0	1.08112	-0.233566	-1.7396	0.338133	
1	0.5857640000000001	0.5542239999999999	0.591368	0.0	-0.403798	-0.43307700000000005	0.805848	0.0	0.702729	-0.7108300000000001	-0.0298863	0.0	-0.564735	-0.748239	-1.2925799999999998	0.118752	0.131875	-0.22435300000000002	-0.9655440000000001	0.0	0.44389300000000004	-0.857564	0.25989	0.0	-0.886323	-0.462871	-0.0135025	0.0	1.06913	-0.263866	-1.7527099999999998	0.338451	
1	0.58007	0.558632	0.592832	0.0	-0.40417600000000004	-0.434489	0.804899	0.0	0.70722	-0.7065060000000001	-0.026248	0.0	-0.539622	-0.729751	-1.28331	0.118754	0.134641	-0.24332600000000001	-0.9605540000000001	0.0	0.445637	-0.8509469999999999	0.278025	0.0	-0.8850309999999999	-0.465492	-0.00613764	0.0	1.0631700000000002	-0.293651	-1.75475	0.33266599999999996	
1	0.575983	0.5628479999999999	0.592829	0.0	-0.400293	-0.438112	0.804875	0.0	0.7127479999999999	-0.7008989999999999	-0.0270406	0.0	-0.539154	-0.7360770000000001	-1.2710700000000001	0.11856300000000002	0.127667	-0.283421	-0.9504600000000001	0.0	0.46482299999999993	-0.8294459999999999	0.309772	0.0	-0.876151	-0.48134399999999994	0.0258476	0.0	1.0469700000000002	-0.306765	-1.7378	0.27997	
1	0.5712430000000001	0.574816	0.5858909999999999	0.0	-0.404014	-0.424436	0.810325	0.0	0.714461	-0.6996	-0.0102229	0.0	-0.559751	-0.7663840000000001	-1.23866	0.119528	0.119822	-0.326374	-0.937616	0.0	0.47212	-0.8120649999999999	0.343005	0.0	-0.873353	-0.483766	0.0567847	0.0	1.02793	-0.291811	-1.73725	0.212777	
1	0.569643	0.587622	0.574637	0.0	-0.401864	-0.410753	0.8184060000000001	0.0	0.716947	-0.697125	0.0021609999999999997	0.0	-0.556561	-0.764592	-1.21366	0.11937	0.119904	-0.34544899999999995	-0.930746	0.0	0.47836899999999993	-0.801396	0.359066	0.0	-0.869935	-0.48829300000000003	0.06916069999999999	0.0	1.02829	-0.29249400000000003	-1.7243099999999998	0.21251	
1	0.565415	0.597122	0.568992	0.0	-0.403125	-0.401778	0.822232	0.0	0.719581	-0.694277	0.013543000000000001	0.0	-0.5363060000000001	-0.7660100000000001	-1.21432	0.119772	0.125712	-0.358297	-0.925105	0.0	0.480785	-0.793675	0.372728	0.0	-0.8677799999999999	-0.491633	0.0724891	0.0	1.04762	-0.293081	-1.72659	0.212519	
1	0.560971	0.597896	0.572567	0.0	-0.406279	-0.403781	0.819694	0.0	0.721283	-0.692446	0.0164025	0.0	-0.520634	-0.760216	-1.22053	0.11988	0.132449	-0.357231	-0.9245770000000001	0.0	0.480128	-0.792932	0.375148	0.0	-0.867142	-0.49360299999999996	0.0664933	0.0	1.06498	-0.282921	-1.72395	0.212567	
1	0.559179	0.597056	0.5751890000000001	0.0	-0.407566	-0.406196	0.81786	0.0	0.7219479999999999	-0.691758	0.0162042	0.0	-0.508783	-0.75551	-1.2378799999999999	0.119946	0.135231	-0.355561	-0.9248190000000001	0.0	0.479645	-0.793242	0.37511	0.0	-0.866979	-0.494312	0.0632716	0.0	1.07732	-0.27542	-1.73642	0.212594	
1	0.553797	0.59508	0.5824	0.0	-0.409112	-0.41473699999999997	0.812786	0.0	0.7252149999999999	-0.688385	0.0137747	0.0	-0.482966	-0.753084	-1.27224	0.12001600000000001	0.141401	-0.347925	-0.926798	0.0	0.481048	-0.794091	0.3715	0.0	-0.865216	-0.49836499999999995	0.05508330000000001	0.0	1.10319	-0.261705	-1.7596599999999998	0.212633	
1	0.548628	0.59165	0.590726	0.0	-0.411841	-0.42363900000000004	0.806794	0.0	0.727594	-0.6859149999999999	0.0112453	0.0	-0.45912700000000006	-0.749678	-1.31675	0.119804	0.14786400000000002	-0.33978800000000003	-0.9288059999999999	0.0	0.48155299999999995	-0.795552	0.367702	0.0	-0.8638540000000001	-0.5016390000000001	0.0459923	0.0	1.12798	-0.248516	-1.7914400000000001	0.212592	
1	0.5411729999999999	0.591303	0.597907	0.0	-0.411868	-0.433517	0.801516	0.0	0.733142	-0.680017	0.00893075	0.0	-0.45446499999999995	-0.749325	-1.34665	0.120023	0.154397	-0.33121300000000004	-0.9308379999999999	0.0	0.48562799999999995	-0.795032	0.36344099999999996	0.0	-0.8604229999999999	-0.508155	0.0380955	0.0	1.13096	-0.231227	-1.81095	0.212682	
1	0.5025	0.58529	0.6363409999999999	0.0	-0.36445700000000003	-0.524025	0.769785	0.0	0.7840060000000001	-0.618736	-0.0500092	0.0	-0.532037	-0.732395	-1.3441299999999998	0.353439	0.196104	-0.372434	-0.9071030000000001	0.0	0.477338	-0.771805	0.420079	0.0	-0.856558	-0.515374	0.0264224	0.0	1.41272	-0.188478	-1.9502099999999998	0.212577	
1	0.53678	0.576013	0.6165039999999999	0.0	-0.34175	-0.5196350000000001	0.783062	0.0	0.771411	-0.631022	-0.08207719999999999	0.0	-0.6051979999999999	-0.734206	-1.38714	0.35229299999999997	0.208294	-0.369923	-0.9054120000000001	0.0	0.47116499999999994	-0.7732720000000001	0.424328	0.0	-0.8570979999999999	-0.514983	0.013227000000000001	0.0	1.5524799999999999	-0.164909	-2.01468	0.21260700000000002	
1	0.53968	0.5944010000000001	0.596182	0.0	-0.303253	-0.523369	0.7963180000000001	0.0	0.785355	-0.6105510000000001	-0.102198	0.0	-0.768425	-0.721964	-1.44109	0.352405	0.221754	-0.36723	-0.903309	0.0	0.464211	-0.7749050000000001	0.428989	0.0	-0.857516	-0.514456	-0.00136637	0.0	1.72947	-0.149242	-2.0255099999999997	0.212608	
2	0.5525979999999999	0.602847	0.5755100000000001	0.0	-0.262056	-0.52982	0.806609	0.0	0.7911779999999999	-0.596546	-0.134798	0.0	-0.913734	-0.663625	-1.4584	0.35191100000000003	0.221192	-0.37908800000000004	-0.8985360000000001	0.0	0.44881000000000004	-0.7784220000000001	0.438896	0.0	-0.86582	-0.500352	-0.00204233	0.0	1.8551	-0.15328699999999998	-2.0274	0.21257800000000002	
2	0.562655	0.609039	0.559008	0.0	-0.23192800000000002	-0.53275	0.813872	0.0	0.793491	-0.587579	-0.158501	0.0	-1.03808	-0.617317	-1.47516	0.351119	0.191975	-0.39306599999999997	-0.8992469999999999	0.0	0.41304799999999997	-0.798822	0.43735	0.0	-0.8902459999999999	-0.455392	0.00900125	0.0	1.9567700000000001	-0.17293499999999998	-1.99742	0.21260300000000001	
2	0.566499	0.615057	0.548438	0.0	-0.211846	-0.534466	0.81821	0.0	0.796367	-0.5797	-0.172477	0.0	-1.11242	-0.5938979999999999	-1.49537	0.350814	0.173795	-0.404916	-0.8976850000000001	0.0	0.385821	-0.810688	0.440371	0.0	-0.906056	-0.42288000000000003	0.0153311	0.0	2.0232099999999997	-0.190138	-1.9606700000000001	0.212608	
2	0.5825279999999999	0.629686	0.513962	0.0	-0.14863800000000002	-0.539137	0.8289979999999999	0.0	0.7991050000000001	-0.5593090000000001	-0.220467	0.0	-1.36125	-0.546914	-1.52925	0.349647	0.125336	-0.46963299999999997	-0.87392	0.0	0.23637800000000003	-0.841363	0.486038	0.0	-0.9635440000000001	-0.267494	0.00555772	0.0	2.31347	-0.22579699999999997	-1.9509400000000001	0.21258000000000002	
2	0.5841430000000001	0.636235	0.503966	0.0	-0.130208	-0.539416	0.8319120000000001	0.0	0.801138	-0.5515760000000001	-0.23225300000000001	0.0	-1.43506	-0.544003	-1.53109	0.34941700000000003	0.10934100000000001	-0.484775	-0.867778	0.0	0.201852	-0.843993	0.49692200000000003	0.0	-0.9732940000000001	-0.22949699999999998	0.00556946	0.0	2.43882	-0.264493	-1.9273900000000002	0.21261100000000002	
2	0.586658	0.650169	0.482817	0.0	-0.09071280000000001	-0.539683	0.836968	0.0	0.8047380000000001	-0.534812	-0.257631	0.0	-1.59009	-0.5553859999999999	-1.54483	0.34884699999999996	0.08586339999999999	-0.510166	-0.8557790000000001	0.0	0.13303800000000002	-0.8453879999999999	0.51732	0.0	-0.9873850000000001	-0.15827	-0.00471644	0.0	2.70837	-0.329836	-1.83923	0.21258000000000002	
2	0.5891930000000001	0.659442	0.46689200000000003	0.0	-0.0608962	-0.539957	0.8394870000000001	0.0	0.8056949999999999	-0.523051	-0.277981	0.0	-1.6821599999999999	-0.55787	-1.5477100000000001	0.348292	0.06137190000000001	-0.5243270000000001	-0.849302	0.0	0.0803304	-0.8455520000000001	0.527816	0.0	-0.994877	-0.100618	-0.00977392	0.0	2.9514400000000003	-0.361948	-1.8178299999999998	0.212577	
2	0.589921	0.662945	0.460974	0.0	-0.0500481	-0.539775	0.8403209999999999	0.0	0.805908	-0.518794	-0.28524499999999997	0.0	-1.70585	-0.553398	-1.54893	0.348227	0.055314800000000004	-0.528983	-0.846828	0.0	0.0622049	-0.8446530000000001	0.531687	0.0	-0.9965290000000001	-0.08208710000000001	-0.013816499999999999	0.0	3.03508	-0.378362	-1.7887400000000002	0.21259699999999998	
2	0.592056	0.667662	0.45132799999999995	0.0	-0.0316733	-0.540321	0.8408620000000001	0.0	0.8052739999999999	-0.512133	-0.29875300000000005	0.0	-1.7582	-0.561058	-1.53829	0.347605	0.038031	-0.529137	-0.847684	0.0	0.0322692	-0.8472049999999999	0.530285	0.0	-0.998755	-0.0475214	-0.0151453	0.0	3.25834	-0.425471	-1.7148299999999999	0.212581	
2	0.59006	0.675157	0.44271000000000005	0.0	-0.0120117	-0.540942	0.840974	0.0	0.8072699999999999	-0.5015430000000001	-0.311078	0.0	-1.81827	-0.550071	-1.51938	0.34718499999999997	0.0120051	-0.524571	-0.851282	0.0	-0.014916899999999999	-0.8513430000000001	0.5243979999999999	0.0	-0.999817	0.00640297	-0.0180456	0.0	3.4293699999999996	-0.489071	-1.6178700000000001	0.212579	
2	0.585634	0.6829890000000001	0.43653000000000003	0.0	0.00188202	-0.5396880000000001	0.8418629999999999	0.0	0.810573	-0.49220200000000003	-0.317346	0.0	-1.82676	-0.5462239999999999	-1.5105	0.346946	-0.00193703	-0.514134	-0.857708	0.0	-0.0586545	-0.856174	0.513347	0.0	-0.9982770000000001	0.05130269999999999	-0.028497900000000003	0.0	3.5051900000000002	-0.511004	-1.49698	0.21258000000000002	
2	0.584446	0.685451	0.434259	0.0	0.00672582	-0.539249	0.8421200000000001	0.0	0.811405	-0.489253	-0.319772	0.0	-1.8258	-0.546175	-1.50225	0.346821	-0.00778979	-0.505946	-0.8625299999999999	0.0	-0.08203189999999999	-0.859326	0.504807	0.0	-0.996599	0.0746873	-0.0348098	0.0	3.58788	-0.517897	-1.47672	0.21261	
2	0.583361	0.6889350000000001	0.430184	0.0	0.0165939	-0.539643	0.84173	0.0	0.8120430000000001	-0.48389399999999994	-0.326239	0.0	-1.8411099999999998	-0.560085	-1.49175	0.346721	-0.0120896	-0.47209700000000004	-0.8814639999999999	0.0	-0.12174000000000001	-0.874276	0.46991700000000003	0.0	-0.992489	0.11299000000000001	-0.0469036	0.0	3.7081699999999995	-0.561157	-1.44756	0.21261100000000002	
2	0.582659	0.692607	0.42521000000000003	0.0	0.026775999999999998	-0.5392710000000001	0.841706	0.0	0.812275	-0.47904300000000005	-0.332757	0.0	-1.8669099999999998	-0.553211	-1.48821	0.345995	-0.00295252	-0.463375	-0.886158	0.0	-0.155397	-0.875184	0.458154	0.0	-0.987848	0.139059	-0.069423	0.0	3.7852099999999997	-0.635686	-1.4678799999999999	0.21261599999999997	
