0	-0.0028846	0.785171	-0.619272	0.0	0.23987600000000003	0.601737	0.761822	0.0	0.970799	-0.146351	-0.19008	0.0	-2.8048900000000003	2.12092	1.33332	4.5537899999999996e-05	0.0680479	0.646621	-0.75977	0.0	0.293464	-0.740819	-0.604208	0.0	-0.9535450000000001	-0.18185	-0.240171	0.0	2.7536400000000003	2.1144	1.52754	4.0628000000000005e-05	
0	-0.22302199999999997	0.7266779999999999	-0.6497689999999999	0.0	0.0953503	0.679623	0.727338	0.0	0.970139	0.100257	-0.22086	0.0	-2.89758	2.30828	1.31362	0.0	0.102828	0.614233	-0.782396	0.0	0.287719	-0.771309	-0.567715	0.0	-0.9521790000000001	-0.166733	-0.25603899999999996	0.0	2.82408	2.15423	1.50548	0.0	
0	-0.347517	0.693441	-0.631167	0.0	0.151588	0.705813	0.6919890000000001	0.0	0.9253399999999999	0.1448	-0.3504	0.0	-3.06928	2.7509900000000003	1.16016	0.0	0.168684	0.649469	-0.741442	0.0	0.30944099999999997	-0.749085	-0.585763	0.0	-0.935838	-0.130624	-0.32733	0.0	2.92061	2.24266	1.32493	0.00695633	
0	-0.363082	0.722911	-0.587853	0.0	0.193391	0.675637	0.711417	0.0	0.911466	0.144617	-0.38511599999999996	0.0	-3.23006	2.93218	1.0813700000000002	0.0447786	0.169347	0.7128800000000001	-0.680532	0.0	0.35883699999999996	-0.68771	-0.631103	0.0	-0.917909	-0.137325	-0.372269	0.0	3.04752	2.29272	1.2011100000000001	0.291867	
0	-0.375488	0.759143	-0.531705	0.0	0.21400500000000003	0.629195	0.747205	0.0	0.901782	0.16677899999999998	-0.39871599999999996	0.0	-3.3183	3.0868	0.994498	0.25509299999999996	0.135663	0.75739	-0.638714	0.0	0.399493	-0.631761	-0.664292	0.0	-0.906643	-0.165042	-0.388279	0.0	3.03136	2.22011	1.07511	0.350225	
0	-0.297349	0.817188	-0.493749	0.0	0.265768	0.5675439999999999	0.77927	0.0	0.917034	0.100492	-0.385941	0.0	-3.31285	3.09829	0.9942770000000001	0.333392	0.12068699999999999	0.775068	-0.6202449999999999	0.0	0.412438	-0.607482	-0.678867	0.0	-0.902956	-0.17388199999999998	-0.39298299999999997	0.0	3.03796	2.15781	1.00381	0.351465	
0	-0.07738300000000001	0.915967	-0.39371999999999996	0.0	0.34263899999999997	0.395284	0.852261	0.0	0.936275	-0.0689533	-0.344434	0.0	-3.24613	2.9706799999999998	1.05531	0.342273	0.0969909	0.791357	-0.603612	0.0	0.440037	-0.578073	-0.687167	0.0	-0.892726	-0.198963	-0.404294	0.0	3.02831	2.10474	0.964347	0.352754	
0	0.14060699999999998	0.9485540000000001	-0.283682	0.0	0.363127	0.217152	0.9060819999999999	0.0	0.921069	-0.23041399999999998	-0.31391199999999997	0.0	-3.16931	2.79561	1.08528	0.346034	0.0785832	0.787864	-0.610815	0.0	0.46968999999999994	-0.569704	-0.6744100000000001	0.0	-0.8793270000000001	-0.233896	-0.414821	0.0	3.03523	1.9890900000000002	0.924949	0.35302100000000003	
0	0.359232	0.916868	-0.174087	0.0	0.360759	0.0356101	0.9319790000000001	0.0	0.860701	-0.3976	-0.31797600000000004	0.0	-3.12853	2.5893	1.02665	0.348418	0.0633791	0.788569	-0.611672	0.0	0.48358599999999996	-0.560409	-0.672374	0.0	-0.872999	-0.253182	-0.41686000000000006	0.0	3.03804	1.9053099999999998	0.896812	0.3538	
0	0.516104	0.849042	-0.112981	0.0	0.322073	-0.07014580000000001	0.9441129999999999	0.0	0.793666	-0.523648	-0.309656	0.0	-3.13721	2.3448	0.8999219999999999	0.349636	0.0630744	0.788007	-0.612427	0.0	0.482961	-0.5611109999999999	-0.672238	0.0	-0.873367	-0.253377	-0.415969	0.0	3.03821	1.86002	0.880684	0.353645	
0	0.607035	0.791384	-0.0722551	0.0	0.258921	-0.111002	0.959499	0.0	0.751311	-0.601158	-0.27228800000000003	0.0	-3.1529700000000003	2.07783	0.734701	0.35082800000000003	0.0605214	0.786412	-0.614731	0.0	0.489178	-0.5602	-0.668491	0.0	-0.870082	-0.260255	-0.4186	0.0	3.02305	1.82465	0.883575	0.353443	
0	0.6978449999999999	0.715832	-0.024424099999999997	0.0	0.204486	-0.166435	0.9646170000000001	0.0	0.686439	-0.678147	-0.262523	0.0	-3.1701	1.88222	0.5751	0.35123699999999997	0.0593023	0.782532	-0.61978	0.0	0.490175	-0.563693	-0.6648149999999999	0.0	-0.869605	-0.264376	-0.41700600000000004	0.0	3.01511	1.8107400000000002	0.8956860000000001	0.353538	
0	0.760211	0.64907	0.028074599999999998	0.0	0.150765	-0.21828499999999998	0.964169	0.0	0.631941	-0.728739	-0.2638	0.0	-3.18722	1.7287099999999997	0.376921	0.351586	0.0551155	0.779928	-0.623438	0.0	0.495091	-0.563571	-0.661266	0.0	-0.867091	-0.272212	-0.41719700000000004	0.0	3.00489	1.79299	0.9198959999999999	0.353594	
0	0.8093779999999999	0.5826060000000001	0.0740128	0.0	0.09244839999999999	-0.250847	0.9636020000000001	0.0	0.579966	-0.773076	-0.256891	0.0	-3.15647	1.55816	0.175021	0.352614	0.0506652	0.778536	-0.625551	0.0	0.500242	-0.561902	-0.658805	0.0	-0.864402	-0.279548	-0.417925	0.0	3.01178	1.76082	0.922218	0.353462	
0	0.8430190000000001	0.528432	0.10038899999999999	0.0	0.045224099999999996	-0.25560900000000003	0.965722	0.0	0.535979	-0.809582	-0.23938099999999998	0.0	-3.12027	1.35191	0.00758865	0.35266	0.0495123	0.777762	-0.626606	0.0	0.503218	-0.561353	-0.6570050000000001	0.0	-0.86274	-0.28279	-0.419178	0.0	3.01899	1.7496599999999998	0.9235969999999999	0.353555	
0	0.8687540000000001	0.47912299999999997	0.125332	0.0	-0.00220045	-0.24933400000000003	0.9684149999999999	0.0	0.49523999999999996	-0.84159	-0.215556	0.0	-3.08847	1.1398700000000002	-0.11855	0.35278400000000004	0.0478314	0.77378	-0.631646	0.0	0.506432	-0.563851	-0.6523800000000001	0.0	-0.8609530000000001	-0.288681	-0.418837	0.0	3.0242400000000003	1.72507	0.9127219999999999	0.353587	
0	0.8925069999999999	0.429255	0.138459	0.0	-0.0355165	-0.239142	0.9703350000000001	0.0	0.449633	-0.8709479999999999	-0.198191	0.0	-3.05697	0.8854790000000001	-0.264392	0.35275	0.046072699999999994	0.771698	-0.634319	0.0	0.507749	-0.5649390000000001	-0.650412	0.0	-0.8602719999999999	-0.292108	-0.417857	0.0	3.03546	1.69292	0.8975270000000001	0.35377800000000004	
0	0.9144979999999999	0.383938	0.127613	0.0	-0.045993099999999995	-0.21471700000000002	0.975593	0.0	0.401968	-0.8980469999999999	-0.1787	0.0	-3.02915	0.6546960000000001	-0.377283	0.35247399999999995	0.045081	0.769725	-0.636782	0.0	0.5098659999999999	-0.565884	-0.647929	0.0	-0.859072	-0.295464	-0.41796700000000003	0.0	3.03812	1.6701700000000002	0.886993	0.353903	
0	0.921639	0.366122	0.128594	0.0	-0.0586116	-0.196245	0.9788020000000001	0.0	0.38359699999999997	-0.909639	-0.159408	0.0	-3.00245	0.464358	-0.492547	0.352654	0.0433232	0.770097	-0.636454	0.0	0.511199	-0.564427	-0.648149	0.0	-0.8583700000000001	-0.297275	-0.418126	0.0	3.03798	1.66192	0.883733	0.353958	
0	0.9245329999999999	0.359469	0.12657100000000002	0.0	-0.0652542	-0.177897	0.981883	0.0	0.375473	-0.916043	-0.141015	0.0	-3.0018599999999998	0.291437	-0.6187060000000001	0.35230100000000003	0.0385218	0.768528	-0.638655	0.0	0.51679	-0.562341	-0.645524	0.0	-0.855245	-0.305184	-0.41883000000000004	0.0	3.04283	1.6540099999999998	0.890666	0.353746	
0	0.927744	0.35328000000000004	0.120348	0.0	-0.0649855	-0.164624	0.9842129999999999	0.0	0.36751500000000004	-0.920919	-0.129771	0.0	-3.00793	0.19155999999999998	-0.653714	0.35235	0.0355394	0.767757	-0.6397550000000001	0.0	0.519351	-0.561116	-0.644533	0.0	-0.853822	-0.30935100000000004	-0.418677	0.0	3.04757	1.64316	0.9048309999999999	0.353804	
0	0.9279540000000001	0.35391	0.11683299999999999	0.0	-0.0636715	-0.158332	0.985331	0.0	0.367216	-0.9217799999999999	-0.124391	0.0	-3.00454	0.133433	-0.70731	0.352244	0.0357678	0.766467	-0.6412869999999999	0.0	0.520524	-0.5620689999999999	-0.642754	0.0	-0.8530969999999999	-0.310815	-0.41906899999999997	0.0	3.05146	1.6316700000000002	0.902717	0.353644	
0	0.9261450000000001	0.359284	0.114764	0.0	-0.0611327	-0.15725999999999998	0.985663	0.0	0.372181	-0.919883	-0.123682	0.0	-2.97307	0.10646300000000002	-0.748831	0.35231799999999996	0.03473540000000001	0.764417	-0.643786	0.0	0.521412	-0.563415	-0.640854	0.0	-0.852598	-0.313417	-0.418146	0.0	3.045	1.62399	0.9027290000000001	0.353716	
0	0.9261870000000001	0.359261	0.114497	0.0	-0.0609064	-0.157124	0.985699	0.0	0.372113	-0.9199149999999999	-0.123645	0.0	-2.97295	0.10634400000000001	-0.749142	0.352425	0.0347837	0.7644489999999999	-0.643745	0.0	0.5212899999999999	-0.563445	-0.640926	0.0	-0.85267	-0.313284	-0.418099	0.0	3.04418	1.62406	0.9034979999999999	0.353715	
0	0.9261870000000001	0.359261	0.1145	0.0	-0.0609092	-0.157127	0.985698	0.0	0.372114	-0.9199149999999999	-0.123646	0.0	-2.9729799999999997	0.106373	-0.749092	0.352425	0.0347856	0.764451	-0.643742	0.0	0.521289	-0.563444	-0.6409279999999999	0.0	-0.852671	-0.31328	-0.4181	0.0	3.0442	1.62406	0.903493	0.353716	
0	0.9261870000000001	0.359261	0.1145	0.0	-0.0609092	-0.157127	0.985698	0.0	0.372114	-0.9199149999999999	-0.123646	0.0	-2.9729799999999997	0.106374	-0.749092	0.352425	0.0347856	0.764452	-0.643742	0.0	0.521289	-0.563444	-0.6409279999999999	0.0	-0.852671	-0.31328	-0.4181	0.0	3.0442	1.62406	0.903493	0.353715	
0	0.9261870000000001	0.359261	0.1145	0.0	-0.0609092	-0.157127	0.985698	0.0	0.372114	-0.9199149999999999	-0.123646	0.0	-2.9729799999999997	0.106374	-0.749092	0.352425	0.0347856	0.764451	-0.643742	0.0	0.521289	-0.563444	-0.6409279999999999	0.0	-0.852671	-0.31328	-0.4181	0.0	3.04419	1.62406	0.903493	0.353716	
0	0.9261870000000001	0.359261	0.1145	0.0	-0.0609092	-0.157127	0.985698	0.0	0.372114	-0.9199149999999999	-0.123646	0.0	-2.9729799999999997	0.106374	-0.749092	0.352425	0.0347856	0.764451	-0.643742	0.0	0.521289	-0.563444	-0.6409279999999999	0.0	-0.852671	-0.31328	-0.4181	0.0	3.0442	1.62406	0.903493	0.353716	
0	0.9261870000000001	0.359261	0.1145	0.0	-0.0609092	-0.157127	0.985698	0.0	0.372114	-0.9199149999999999	-0.123646	0.0	-2.9729799999999997	0.106374	-0.749092	0.352425	0.0347856	0.764451	-0.643742	0.0	0.521289	-0.563444	-0.6409279999999999	0.0	-0.852671	-0.31328	-0.4181	0.0	3.04419	1.62406	0.903492	0.353716	
0	0.9261870000000001	0.359261	0.1145	0.0	-0.0609092	-0.157127	0.985698	0.0	0.372114	-0.9199149999999999	-0.123646	0.0	-2.9729799999999997	0.106374	-0.749092	0.352425	0.0347856	0.764452	-0.643742	0.0	0.521289	-0.563444	-0.6409279999999999	0.0	-0.852671	-0.31328	-0.4181	0.0	3.0442	1.62406	0.903493	0.353715	
0	0.9261870000000001	0.359261	0.1145	0.0	-0.0609092	-0.157127	0.985698	0.0	0.372114	-0.9199149999999999	-0.123646	0.0	-2.9729799999999997	0.106374	-0.749092	0.352425	0.0347856	0.764451	-0.643742	0.0	0.521289	-0.563444	-0.6409279999999999	0.0	-0.852671	-0.31328	-0.4181	0.0	3.0442	1.62406	0.903493	0.353716	
0	0.9261870000000001	0.359261	0.1145	0.0	-0.0609092	-0.157127	0.985698	0.0	0.372114	-0.9199149999999999	-0.123646	0.0	-2.9729799999999997	0.106373	-0.749092	0.352425	0.034785699999999996	0.764451	-0.643742	0.0	0.521289	-0.563444	-0.6409279999999999	0.0	-0.852671	-0.31328	-0.4181	0.0	3.0442	1.62406	0.903493	0.353716	
0	0.741867	0.6631229999999999	-0.0995066	0.0	0.217392	-0.0974704	0.9712059999999999	0.0	0.6343300000000001	-0.7421369999999999	-0.216468	0.0	-3.1029400000000003	0.41757299999999997	-0.590448	0.352476	-0.00046706199999999997	0.750272	-0.66113	0.0	0.548405	-0.552653	-0.627556	0.0	-0.8362129999999999	-0.36286	-0.411195	0.0	3.00153	1.63067	0.937543	0.35401	
0	0.767846	0.627001	-0.131464	0.0	0.211231	-0.0540545	0.9759399999999999	0.0	0.604809	-0.777141	-0.173948	0.0	-3.00225	0.34128600000000003	-0.513558	0.353535	-0.00687021	0.7469279999999999	-0.6648689999999999	0.0	0.553567	-0.550873	-0.624582	0.0	-0.8327760000000001	-0.372341	-0.40968999999999994	0.0	2.99625	1.60943	0.951991	0.354089	
0	0.812786	0.529539	-0.24283000000000002	0.0	0.258973	0.0449472	0.964838	0.0	0.521834	-0.847094	-0.100604	0.0	-2.75523	-0.28494200000000003	-0.6068100000000001	0.355204	-0.013061700000000002	0.747109	-0.664573	0.0	0.558948	-0.545636	-0.624387	0.0	-0.8291	-0.379617	-0.41046800000000006	0.0	2.99548	1.5853	0.958206	0.353887	
0	0.836317	0.483346	-0.258748	0.0	0.251975	0.0802842	0.964398	0.0	0.486912	-0.87174	-0.05464840000000001	0.0	-2.6270599999999997	-0.694554	-0.706318	0.353959	-0.016672299999999998	0.746629	-0.665032	0.0	0.561379	-0.543404	-0.624152	0.0	-0.827391	-0.383741	-0.41008199999999995	0.0	3.00725	1.56437	0.972949	0.353684	
0	0.8581290000000001	0.43954899999999997	-0.265352	0.0	0.245536	0.102568	0.9639459999999999	0.0	0.45091800000000004	-0.892343	-0.0199083	0.0	-2.5011	-0.9750209999999999	-0.794763	0.35334	-0.018580700000000002	0.745555	-0.666185	0.0	0.56211	-0.543238	-0.623638	0.0	-0.8268540000000001	-0.38605700000000004	-0.40899	0.0	3.00556	1.5626200000000001	0.98334	0.353759	
0	0.8899959999999999	0.376321	-0.257468	0.0	0.234565	0.106347	0.966266	0.0	0.391007	-0.920365	0.00637627	0.0	-2.41414	-1.3189600000000001	-0.907653	0.352275	-0.019121700000000002	0.745318	-0.666435	0.0	0.562575	-0.543007	-0.623421	0.0	-0.826526	-0.38684	-0.408914	0.0	3.0042400000000002	1.55905	0.984258	0.353723	
0	0.920861	0.284004	-0.267127	0.0	0.243775	0.115308	0.9629530000000001	0.0	0.304284	-0.9518639999999999	0.0369491	0.0	-2.30452	-1.76235	-1.10083	0.351446	-0.0210511	0.743831	-0.668036	0.0	0.56391	-0.54292	-0.622289	0.0	-0.8255680000000001	-0.389812	-0.408024	0.0	2.99778	1.5555299999999999	0.9817239999999999	0.353772	
0	0.93329	0.20689699999999997	-0.293535	0.0	0.274365	0.11660899999999999	0.9545290000000001	0.0	0.23171799999999998	-0.971389	0.052065099999999996	0.0	-2.2894799999999997	-2.0718099999999997	-1.27434	0.35077600000000003	-0.0217615	0.743397	-0.668497	0.0	0.565407	-0.5423020000000001	-0.6214689999999999	0.0	-0.824525	-0.391496	-0.40852	0.0	2.99778	1.5558100000000001	0.983088	0.35378200000000004	
0	0.9333229999999999	0.132993	-0.333498	0.0	0.32093	0.107428	0.94099	0.0	0.160973	-0.9852780000000001	0.0575835	0.0	-2.29737	-2.3035400000000004	-1.43431	0.350433	-0.0219953	0.743611	-0.668251	0.0	0.566425	-0.541516	-0.6212270000000001	0.0	-0.8238200000000001	-0.392178	-0.409289	0.0	3.00727	1.55894	0.98534	0.353785	
0	0.91943	0.0714941	-0.386701	0.0	0.377705	0.11323	0.918977	0.0	0.10948800000000002	-0.990993	0.0771033	0.0	-2.3534	-2.51778	-1.5643200000000002	0.35036100000000003	-0.0223305	0.743247	-0.6686439999999999	0.0	0.566773	-0.541539	-0.6208899999999999	0.0	-0.8235709999999999	-0.392834	-0.40915999999999997	0.0	3.0097099999999997	1.5573	0.989836	0.353618	
0	0.8774139999999999	-0.00751255	-0.479675	0.0	0.47697799999999996	0.12069300000000001	0.870589	0.0	0.051353300000000004	-0.992661	0.109481	0.0	-2.41493	-2.72282	-1.62622	0.349735	-0.022203999999999998	0.742787	-0.6691600000000001	0.0	0.566371	-0.5422140000000001	-0.620667	0.0	-0.823851	-0.39277399999999996	-0.40865300000000004	0.0	3.01147	1.5546799999999998	0.9913190000000001	0.353732	
0	0.8494290000000001	-0.0530029	-0.525035	0.0	0.527537	0.110221	0.8423510000000001	0.0	0.013222799999999998	-0.9924930000000001	0.12158599999999999	0.0	-2.44876	-2.84523	-1.6348799999999999	0.349624	-0.022633900000000002	0.7425390000000001	-0.66942	0.0	0.565843	-0.542506	-0.620894	0.0	-0.824202	-0.39284	-0.407882	0.0	3.0112200000000002	1.5534700000000001	0.9878399999999999	0.35354	
0	0.81477	-0.0921571	-0.572414	0.0	0.5797220000000001	0.114978	0.806661	0.0	-0.00852472	-0.989084	0.147106	0.0	-2.49301	-2.96631	-1.65815	0.3493	-0.0231526	0.7422479999999999	-0.669725	0.0	0.566606	-0.5421819999999999	-0.6204810000000001	0.0	-0.823664	-0.393836	-0.408009	0.0	3.0101299999999998	1.55261	0.986525	0.353501	
0	0.799517	-0.108581	-0.5907479999999999	0.0	0.600533	0.125664	0.789663	0.0	-0.0115066	-0.9861129999999999	0.165676	0.0	-2.5251799999999998	-3.05622	-1.6351	0.349536	-0.023302299999999998	0.741795	-0.670222	0.0	0.567369	-0.5421699999999999	-0.619794	0.0	-0.823134	-0.394706	-0.408238	0.0	3.00964	1.5566	0.9905950000000001	0.353502	
0	0.805185	-0.104182	-0.583801	0.0	0.593024	0.141604	0.792636	0.0	9.06885e-05	-0.984426	0.1758	0.0	-2.50315	-3.14837	-1.6650200000000002	0.349871	-0.023061599999999998	0.741607	-0.670438	0.0	0.566994	-0.542629	-0.619735	0.0	-0.823399	-0.394426	-0.407973	0.0	3.0112799999999997	1.55598	0.9899889999999999	0.353405	
0	0.819817	-0.0938596	-0.5648810000000001	0.0	0.572391	0.162596	0.8036989999999999	0.0	0.016412700000000002	-0.982218	0.187023	0.0	-2.47465	-3.2383900000000003	-1.6733	0.350122	-0.023227900000000003	0.741654	-0.670381	0.0	0.56655	-0.542726	-0.620056	0.0	-0.8237	-0.39420700000000003	-0.407578	0.0	3.0080299999999998	1.55541	0.989265	0.353456	
0	0.830617	-0.0943301	-0.548797	0.0	0.556709	0.162447	0.814669	0.0	0.0123028	-0.9821979999999999	0.187446	0.0	-2.49384	-3.33357	-1.73102	0.350263	-0.0234071	0.741216	-0.670858	0.0	0.566513	-0.543068	-0.61979	0.0	-0.8237200000000001	-0.394558	-0.407197	0.0	3.00699	1.55551	0.990801	0.353477	
0	0.843981	-0.09279789999999999	-0.528284	0.0	0.536193	0.171478	0.8264940000000001	0.0	0.0138922	-0.980808	0.194482	0.0	-2.48234	-3.4388	-1.75727	0.35002300000000003	-0.023424	0.7403649999999999	-0.671797	0.0	0.566707	-0.5437529999999999	-0.619012	0.0	-0.823586	-0.395212	-0.406833	0.0	3.0060000000000002	1.55504	0.9939180000000001	0.35325500000000004	
0	0.855115	-0.0914183	-0.510315	0.0	0.518063	0.18814	0.8343950000000001	0.0	0.0197319	-0.977879	0.208242	0.0	-2.49937	-3.5569900000000003	-1.7962099999999999	0.34978400000000004	-0.0236046	0.740422	-0.671728	0.0	0.5671649999999999	-0.543401	-0.6189020000000001	0.0	-0.8232659999999999	-0.39559	-0.407114	0.0	3.00582	1.56011	0.9948379999999999	0.353168	
0	0.878337	-0.0869877	-0.47006000000000003	0.0	0.47768999999999995	0.197389	0.856066	0.0	0.0183174	-0.976458	0.214927	0.0	-2.5085900000000003	-3.5980800000000004	-1.7908099999999998	0.348812	-0.0230048	0.740463	-0.6717029999999999	0.0	0.566346	-0.544021	-0.619107	0.0	-0.823846	-0.39465900000000004	-0.406844	0.0	3.00862	1.5586799999999998	0.9927790000000001	0.353236	
0	0.89776	-0.073269	-0.43434799999999996	0.0	0.439957	0.197357	0.876064	0.0	0.0215335	-0.97759	0.20941500000000002	0.0	-2.52599	-3.59792	-1.78478	0.347852	-0.0231062	0.740323	-0.671854	0.0	0.565725	-0.544403	-0.6193390000000001	0.0	-0.8242700000000001	-0.394395	-0.40624099999999996	0.0	3.00674	1.55921	0.994002	0.353219	
0	0.9133899999999999	-0.07994789999999999	-0.399158	0.0	0.40708099999999997	0.18413800000000002	0.894639	0.0	0.00197588	-0.9796440000000001	0.200736	0.0	-2.52352	-3.5990900000000003	-1.7795900000000002	0.345096	-0.0227953	0.7391989999999999	-0.6731010000000001	0.0	0.565662	-0.545604	-0.6183390000000001	0.0	-0.8243219999999999	-0.394843	-0.4057	0.0	3.0039	1.5625200000000001	0.997751	0.35322	
0	0.925117	-0.0877951	-0.36939099999999997	0.0	0.379386	0.17536600000000002	0.908467	0.0	-0.014980200000000003	-0.9805809999999999	0.195543	0.0	-2.52047	-3.59976	-1.7768599999999999	0.34275100000000003	-0.0226322	0.739132	-0.673181	0.0	0.566385	-0.545391	-0.6178640000000001	0.0	-0.82383	-0.39526300000000003	-0.40629	0.0	3.0015	1.56142	0.9922629999999999	0.353135	
0	0.934902	-0.104654	-0.339124	0.0	0.353057	0.176875	0.918731	0.0	-0.0361663	-0.9786540000000001	0.202309	0.0	-2.5236	-3.59409	-1.81518	0.299674	-0.022596	0.73952	-0.672756	0.0	0.5658	-0.545331	-0.6184529999999999	0.0	-0.824233	-0.39461999999999997	-0.406098	0.0	3.00133	1.56284	0.9906739999999999	0.35315599999999997	
0	0.937364	-0.128822	-0.323656	0.0	0.34428000000000003	0.200958	0.917108	0.0	-0.05310209999999999	-0.971093	0.232721	0.0	-2.53099	-3.58525	-1.84657	0.184871	-0.022678999999999998	0.739109	-0.673204	0.0	0.565399	-0.545864	-0.6183489999999999	0.0	-0.824506	-0.39465300000000003	-0.405512	0.0	3.00228	1.56165	0.990614	0.353285	
0	0.932896	-0.153722	-0.325692	0.0	0.352105	0.199259	0.9145040000000001	0.0	-0.075682	-0.967815	0.24001399999999998	0.0	-2.52576	-3.58455	-1.848	0.145282	-0.023349	0.739032	-0.673266	0.0	0.5659770000000001	-0.545363	-0.618263	0.0	-0.824091	-0.395489	-0.405541	0.0	3.00433	1.56064	0.989535	0.35322	
0	0.938776	-0.158828	-0.305734	0.0	0.33417199999999997	0.203828	0.920208	0.0	-0.08383789999999999	-0.966037	0.24442399999999997	0.0	-2.52313	-3.5828699999999998	-1.84916	0.14516199999999999	-0.023444200000000002	0.738931	-0.673373	0.0	0.566563	-0.545132	-0.61793	0.0	-0.823685	-0.395995	-0.40587	0.0	3.00623	1.56564	0.9960479999999999	0.353101	
0	0.9351709999999999	-0.168707	-0.311438	0.0	0.343206	0.21426900000000002	0.914494	0.0	-0.08755	-0.962095	0.258279	0.0	-2.51955	-3.5802	-1.85172	0.14538199999999998	-0.0235797	0.73897	-0.673326	0.0	0.565928	-0.545342	-0.6183270000000001	0.0	-0.824118	-0.39563400000000004	-0.40534499999999996	0.0	3.00611	1.56469	0.9988309999999999	0.353108	
0	0.936441	-0.17059100000000002	-0.306556	0.0	0.339547	0.220942	0.914271	0.0	-0.08823560000000001	-0.960252	0.264823	0.0	-2.52117	-3.5786800000000003	-1.8521299999999998	0.14495999999999998	-0.023937299999999998	0.7393930000000001	-0.672848	0.0	0.566095	-0.544715	-0.618727	0.0	-0.823993	-0.395706	-0.40552699999999997	0.0	3.00683	1.56366	1.00068	0.353145	
0	0.9388139999999999	-0.17087	-0.299052	0.0	0.332945	0.227919	0.9149870000000001	0.0	-0.0881845	-0.95857	0.270864	0.0	-2.52387	-3.57663	-1.8518400000000002	0.145263	-0.0241468	0.739631	-0.672579	0.0	0.56567	-0.544607	-0.619209	0.0	-0.8242780000000001	-0.39541	-0.405237	0.0	3.00992	1.55806	0.995088	0.353218	
0	0.937027	-0.168744	-0.305786	0.0	0.338876	0.227406	0.912935	0.0	-0.08451489999999999	-0.959068	0.270269	0.0	-2.52267	-3.5767900000000004	-1.8522299999999998	0.145052	-0.0243522	0.739399	-0.6728270000000001	0.0	0.566086	-0.544531	-0.618897	0.0	-0.823987	-0.395949	-0.405303	0.0	3.00942	1.5586	0.996964	0.35331	
0	0.9378719999999999	-0.160374	-0.307697	0.0	0.337505	0.215797	0.9162540000000001	0.0	-0.0805433	-0.9631780000000001	0.256517	0.0	-2.5239700000000003	-3.57974	-1.85008	0.145172	-0.0244374	0.739987	-0.672177	0.0	0.566366	-0.543817	-0.619268	0.0	-0.823792	-0.395831	-0.405814	0.0	3.00989	1.55956	0.9977799999999999	0.35331599999999996	
0	0.934241	-0.145871	-0.325447	0.0	0.350323	0.204322	0.9140719999999999	0.0	-0.0668403	-0.967974	0.24198699999999998	0.0	-2.52852	-3.5824300000000004	-1.8471799999999998	0.145254	-0.0243278	0.740821	-0.671262	0.0	0.56589	-0.543325	-0.620135	0.0	-0.8241219999999999	-0.394947	-0.406005	0.0	3.00875	1.55739	0.997875	0.353269	
0	0.931559	-0.11206600000000001	-0.34589000000000003	0.0	0.363309	0.32437699999999997	0.873376	0.0	0.0143227	-0.9392659999999999	0.342891	0.0	-2.52599	-3.5320199999999997	-1.8561	0.145035	-0.024719799999999997	0.740801	-0.67127	0.0	0.5653229999999999	-0.543441	-0.62055	0.0	-0.824499	-0.39482399999999995	-0.405358	0.0	3.00734	1.55561	0.993756	0.353405	
0	0.929916	-0.07692489999999999	-0.359636	0.0	0.367645	0.22006199999999998	0.9035540000000001	0.0	0.00963631	-0.972448	0.23292	0.0	-2.49518	-3.15981	-1.8616	0.144989	-0.0251468	0.740737	-0.671324	0.0	0.5662699999999999	-0.542856	-0.6201979999999999	0.0	-0.823836	-0.39574699999999996	-0.40580700000000003	0.0	3.00426	1.55472	0.99574	0.353482	
0	0.928632	-0.037802300000000004	-0.36907199999999996	0.0	0.369483	0.184199	0.910798	0.0	0.0335525	-0.9821620000000001	0.18502000000000002	0.0	-2.43696	-2.8235200000000003	-1.8374099999999998	0.145025	-0.0249488	0.7406729999999999	-0.671402	0.0	0.565978	-0.543144	-0.620213	0.0	-0.8240430000000001	-0.395472	-0.405654	0.0	3.00584	1.555	0.9951110000000001	0.35339899999999996	
0	0.9260790000000001	-0.00138433	-0.377328	0.0	0.372504	0.162795	0.913641	0.0	0.060162400000000005	-0.9866590000000001	0.151277	0.0	-2.41321	-2.51328	-1.8222	0.145019	-0.026069799999999997	0.740563	-0.671481	0.0	0.5664359999999999	-0.542528	-0.620334	0.0	-0.823693	-0.396523	-0.40533800000000003	0.0	3.00402	1.55236	0.994022	0.353475	
0	0.920682	0.034862300000000006	-0.388753	0.0	0.37951	0.152745	0.912492	0.0	0.0911915	-0.9876510000000001	0.127399	0.0	-2.38397	-2.20119	-1.8044200000000001	0.145268	-0.027224400000000003	0.7400760000000001	-0.671972	0.0	0.568218	-0.541602	-0.619513	0.0	-0.822428	-0.398692	-0.40578000000000003	0.0	3.0035	1.5514700000000001	0.994914	0.353389	
0	0.912391	0.0828043	-0.400856	0.0	0.38626	0.14989	0.9101299999999999	0.0	0.135447	-0.9852290000000001	0.104774	0.0	-2.3555200000000003	-1.9168599999999998	-1.7845	0.145268	-0.029120499999999997	0.739714	-0.672292	0.0	0.569292	-0.540564	-0.619434	0.0	-0.8216200000000001	-0.40076799999999996	-0.40537199999999995	0.0	3.00475	1.5471	0.993708	0.353376	
0	0.8943059999999999	0.162218	-0.41701499999999997	0.0	0.394565	0.153652	0.9059299999999999	0.0	0.211033	-0.974719	0.0734068	0.0	-2.3258400000000004	-1.63851	-1.7913	0.145272	0.0064438	0.7137859999999999	-0.700335	0.0	0.562334	-0.581707	-0.587705	0.0	-0.826885	-0.39003499999999997	-0.405134	0.0	3.02388	1.54589	0.965002	0.353214	
0	0.865036	0.24093699999999998	-0.44006999999999996	0.0	0.40171999999999997	0.19283499999999998	0.895229	0.0	0.300554	-0.951191	0.0700198	0.0	-2.29278	-1.42638	-1.78305	0.145269	0.07724439999999999	0.674078	-0.73461	0.0	0.548818	-0.643883	-0.533118	0.0	-0.8323649999999999	-0.361987	-0.41968199999999994	0.0	3.04853	1.5758	0.891611	0.353173	
0	0.8113739999999999	0.326471	-0.48485900000000004	0.0	0.418573	0.254481	0.8718	0.0	0.408005	-0.910306	0.0698276	0.0	-2.24867	-1.23041	-1.75035	0.145271	0.143326	0.603956	-0.784025	0.0	0.521397	-0.719427	-0.458879	0.0	-0.841191	-0.343018	-0.41801400000000005	0.0	3.07823	1.58293	0.798615	0.35379	
0	0.745838	0.412128	-0.523331	0.0	0.419217	0.32014000000000004	0.849569	0.0	0.51767	-0.853031	0.0660018	0.0	-2.24791	-1.0880100000000001	-1.7389599999999998	0.145269	0.16858800000000002	0.512609	-0.841908	0.0	0.498274	-0.781285	-0.375921	0.0	-0.8504709999999999	-0.356125	-0.387135	0.0	3.11104	1.51261	0.73085	0.354537	
4	0.633656	0.49259899999999995	-0.596512	0.0	0.428551	0.418439	0.800783	0.0	0.644068	-0.7630560000000001	0.054043100000000004	0.0	-2.26663	-0.9528190000000001	-1.7533299999999998	0.145018	0.16584400000000002	0.40270900000000004	-0.900178	0.0	0.478429	-0.8310549999999999	-0.283643	0.0	-0.862323	-0.383631	-0.330493	0.0	3.16758	1.36818	0.6557810000000001	0.35478899999999997	
4	0.48702700000000004	0.548821	-0.679412	0.0	0.4115	0.54196	0.7327670000000001	0.0	0.7703720000000001	-0.636455	0.038109199999999996	0.0	-2.30996	-0.858727	-1.80817	0.14499	0.19059600000000002	0.291027	-0.9375370000000001	0.0	0.450349	-0.8745370000000001	-0.179918	0.0	-0.872273	-0.387927	-0.297747	0.0	3.2301599999999997	1.25505	0.505681	0.35478000000000004	
4	0.32869899999999996	0.557976	-0.761984	0.0	0.369701	0.666411	0.64747	0.0	0.8690680000000001	-0.494529	0.0127648	0.0	-2.3513599999999997	-0.823843	-1.89628	0.145016	0.21421700000000002	0.171708	-0.961576	0.0	0.439842	-0.895933	-0.0619987	0.0	-0.8721530000000001	-0.40966	-0.267449	0.0	3.26812	1.1136	0.309587	0.351546	
4	0.196804	0.551447	-0.810663	0.0	0.321123	0.744971	0.58472	0.0	0.9263629999999999	-0.375398	-0.030468799999999997	0.0	-2.40478	-0.8248979999999999	-2.01765	0.145018	0.2322	0.049027	-0.971432	0.0	0.409196	-0.9109729999999999	0.051833699999999996	0.0	-0.8824069999999999	-0.409541	-0.23159000000000002	0.0	3.2692	0.96719	0.114544	0.343841	
4	0.0393974	0.491858	-0.869784	0.0	0.237973	0.8407950000000001	0.48624399999999995	0.0	0.9704729999999999	-0.226142	-0.0839238	0.0	-2.4793	-0.81129	-2.20408	0.145275	0.23674099999999998	-0.0760914	-0.9685889999999999	0.0	0.372742	-0.91353	0.16287100000000002	0.0	-0.897227	-0.399592	-0.187907	0.0	3.19143	0.808828	-0.0627548	0.343598	
4	-0.117627	0.409333	-0.9047709999999999	0.0	0.140105	0.9088229999999999	0.392951	0.0	0.983125	-0.0805409	-0.164251	0.0	-2.5476900000000002	-0.788017	-2.42897	0.145025	0.251569	-0.16188	-0.954205	0.0	0.334102	-0.910782	0.24259699999999998	0.0	-0.908344	-0.379831	-0.17504	0.0	3.0960900000000002	0.711233	-0.27408499999999997	0.343537	
4	-0.23935	0.27837	-0.9301729999999999	0.0	0.018276900000000002	0.959141	0.28233600000000003	0.0	0.9707610000000001	0.050576499999999996	-0.234658	0.0	-2.62351	-0.767367	-2.67849	0.145019	0.263094	-0.237556	-0.935066	0.0	0.288819	-0.9053690000000001	0.311274	0.0	-0.920525	-0.351959	-0.169587	0.0	2.98647	0.657048	-0.523323	0.343531	
4	-0.32659499999999997	0.11665299999999999	-0.9379379999999999	0.0	-0.127302	0.977883	0.165948	0.0	0.936552	0.1736	-0.304521	0.0	-2.66973	-0.809823	-2.91878	0.145022	0.290015	-0.30843899999999996	-0.905956	0.0	0.231584	-0.8958889999999999	0.379146	0.0	-0.92858	-0.319763	-0.188392	0.0	2.8448900000000004	0.611089	-0.8313799999999999	0.343238	
4	-0.359564	-0.024047400000000003	-0.93281	0.0	-0.250388	0.965492	0.07162560000000001	0.0	0.898899	0.259319	-0.353177	0.0	-2.66384	-0.908175	-3.11139	0.145018	0.320422	-0.385835	-0.865137	0.0	0.161881	-0.877552	0.45132799999999995	0.0	-0.93334	-0.284665	-0.21872800000000003	0.0	2.65375	0.555138	-1.1093899999999999	0.343091	
4	-0.36899299999999996	-0.13275399999999998	-0.919902	0.0	-0.32927399999999996	0.944225	-0.00418475	0.0	0.869151	0.30135500000000004	-0.392125	0.0	-2.60993	-1.00286	-3.2189	0.145269	0.339223	-0.44123	-0.83081	0.0	0.122456	-0.85495	0.504049	0.0	-0.932702	-0.272723	-0.235987	0.0	2.48736	0.464116	-1.3029600000000001	0.343938	
4	-0.35475500000000004	-0.248331	-0.9013770000000001	0.0	-0.41577299999999995	0.9054110000000001	-0.08580639999999999	0.0	0.837425	0.344328	-0.42444899999999997	0.0	-2.49864	-1.14598	-3.3266400000000003	0.145018	0.358243	-0.48944399999999993	-0.7950520000000001	0.0	0.09316580000000001	-0.8285799999999999	0.5520649999999999	0.0	-0.928969	-0.271845	-0.251234	0.0	2.2769999999999997	0.303814	-1.545	0.342884	
4	-0.331058	-0.318229	-0.888331	0.0	-0.47828999999999994	0.8681129999999999	-0.13274	0.0	0.813413	0.38093499999999997	-0.439601	0.0	-2.37969	-1.24514	-3.40231	0.145021	0.374759	-0.515072	-0.770881	0.0	0.08832360000000002	-0.8078609999999999	0.5827180000000001	0.0	-0.922906	-0.286466	-0.257261	0.0	2.03737	0.0835005	-1.7559	0.343545	
4	-0.319564	-0.333257	-0.887028	0.0	-0.49431499999999995	0.857274	-0.143995	0.0	0.808413	0.392455	-0.438688	0.0	-2.32199	-1.26678	-3.42351	0.145022	0.376448	-0.518404	-0.767818	0.0	0.09644119999999999	-0.802354	0.589005	0.0	-0.9214040000000001	-0.295779	-0.25204899999999997	0.0	1.9658200000000001	-0.0190688	-1.8131	0.343439	
4	-0.290079	-0.346063	-0.892241	0.0	-0.52676	0.836123	-0.153042	0.0	0.798986	0.42560299999999995	-0.424834	0.0	-2.1637	-1.31272	-3.4557900000000004	0.145023	0.379288	-0.538467	-0.752459	0.0	0.092428	-0.787107	0.6098520000000001	0.0	-0.920651	-0.300858	-0.248771	0.0	1.8588	-0.15788	-1.93397	0.344001	
4	-0.273383	-0.321554	-0.906568	0.0	-0.573573	0.811081	-0.11472	0.0	0.772189	0.488621	-0.40617	0.0	-1.97623	-1.34476	-3.5039300000000004	0.145255	0.380069	-0.550887	-0.743015	0.0	0.0982441	-0.774709	0.624639	0.0	-0.919726	-0.31040300000000004	-0.24032199999999998	0.0	1.6977	-0.28118000000000004	-2.08337	0.344256	
4	-0.277756	-0.304217	-0.9112100000000001	0.0	-0.5951270000000001	0.799084	-0.085375	0.0	0.754106	0.518573	-0.402998	0.0	-1.84605	-1.31769	-3.50955	0.14441400000000001	0.38298699999999997	-0.572222	-0.725178	0.0	0.0883369	-0.758749	0.645366	0.0	-0.9195200000000001	-0.311226	-0.24004299999999998	0.0	1.62402	-0.34166199999999997	-2.20662	0.344499	
4	-0.288367	-0.27343	-0.91765	0.0	-0.619358	0.784138	-0.0390181	0.0	0.730233	0.5571020000000001	-0.395471	0.0	-1.7353	-1.25496	-3.5120400000000003	0.14390999999999998	0.398363	-0.598221	-0.695298	0.0	0.0621639	-0.738691	0.671172	0.0	-0.915119	-0.310593	-0.25708000000000003	0.0	1.56123	-0.360996	-2.31929	0.34479	
4	-0.293102	-0.250634	-0.922645	0.0	-0.626149	0.779597	-0.0128631	0.0	0.722515	0.573943	-0.385436	0.0	-1.65546	-1.1994200000000002	-3.53779	0.144084	0.413025	-0.628078	-0.6594909999999999	0.0	0.026885700000000002	-0.7154189999999999	0.698179	0.0	-0.910323	-0.30609699999999995	-0.2786	0.0	1.50316	-0.347204	-2.44125	0.34562600000000004	
4	-0.284095	-0.254749	-0.924334	0.0	-0.642145	0.7664569999999999	-0.0138737	0.0	0.711997	0.589615	-0.381333	0.0	-1.56237	-1.11609	-3.52914	0.142812	0.428937	-0.65577	-0.621272	0.0	-0.009242299999999998	-0.690904	0.722887	0.0	-0.9032870000000001	-0.304331	-0.302415	0.0	1.46357	-0.321975	-2.56245	0.346445	
4	-0.275359	-0.255942	-0.926645	0.0	-0.650523	0.759309	-0.0164164	0.0	0.707812	0.598283	-0.375579	0.0	-1.47041	-1.0499100000000001	-3.49246	0.14263399999999998	0.443701	-0.682722	-0.580535	0.0	-0.040904199999999995	-0.6625449999999999	0.747904	0.0	-0.895241	-0.30809899999999996	-0.321898	0.0	1.4567	-0.31752800000000003	-2.6814	0.347252	
4	-0.276945	-0.24258200000000002	-0.9297610000000001	0.0	-0.6457970000000001	0.763479	-0.00683615	0.0	0.711511	0.598543	-0.368101	0.0	-1.35148	-1.0545799999999999	-3.43016	0.14313299999999998	0.451582	-0.729006	-0.514415	0.0	-0.0964928	-0.6130720000000001	0.784112	0.0	-0.8869959999999999	-0.304454	-0.347196	0.0	1.47906	-0.315419	-2.8234	0.348254	
4	-0.27112600000000003	-0.209225	-0.9395290000000001	0.0	-0.626502	0.7793869999999999	0.00723073	0.0	0.730744	0.590577	-0.34239200000000003	0.0	-1.27712	-1.06126	-3.42099	0.14342	0.435109	-0.770998	-0.46501899999999996	0.0	-0.12529200000000001	-0.563294	0.816702	0.0	-0.891618	-0.297092	-0.341694	0.0	1.46963	-0.31671	-2.88368	0.348494	
4	-0.272712	-0.185806	-0.943983	0.0	-0.621105	0.78332	0.025252	0.0	0.734749	0.593199	-0.32902600000000004	0.0	-1.20187	-1.02092	-3.4506900000000003	0.143267	0.41228400000000004	-0.798585	-0.43850200000000006	0.0	-0.127484	-0.527146	0.840158	0.0	-0.902092	-0.290482	-0.319141	0.0	1.39462	-0.324545	-2.92143	0.348308	
4	-0.269521	-0.165483	-0.9486700000000001	0.0	-0.611966	0.790062	0.0360458	0.0	0.7435430000000001	0.5902689999999999	-0.314209	0.0	-1.1467	-0.9684149999999999	-3.4510099999999997	0.142493	0.391303	-0.8266629999999999	-0.404364	0.0	-0.12912	-0.48437299999999994	0.865281	0.0	-0.911159	-0.286376	-0.296275	0.0	1.29764	-0.329704	-2.94548	0.348412	
4	-0.271537	-0.15267	-0.950242	0.0	-0.615717	0.786405	0.049597699999999995	0.0	0.739703	0.598548	-0.30754000000000004	0.0	-1.1133	-0.9484799999999999	-3.4571699999999996	0.14193499999999998	0.37946599999999997	-0.8405219999999999	-0.38668800000000003	0.0	-0.132551	-0.46302600000000005	0.8763770000000001	0.0	-0.9156610000000001	-0.2813	-0.287115	0.0	1.2509700000000001	-0.331794	-2.95295	0.348608	
4	-0.269208	-0.13866199999999998	-0.953048	0.0	-0.606754	0.792913	0.056027	0.0	0.747915	0.593348	-0.297592	0.0	-1.00556	-0.8812530000000001	-3.46556	0.142426	0.359116	-0.8618120000000001	-0.358212	0.0	-0.13155799999999998	-0.426727	0.894761	0.0	-0.923974	-0.27419699999999997	-0.266623	0.0	1.0908200000000001	-0.327892	-2.95407	0.34894400000000003	
4	-0.269269	-0.137232	-0.9532370000000001	0.0	-0.608632	0.79133	0.0580022	0.0	0.746366	0.595789	-0.296605	0.0	-0.967414	-0.8581719999999999	-3.46675	0.14247200000000002	0.355094	-0.8663190000000001	-0.35128200000000004	0.0	-0.129206	-0.417646	0.8993760000000001	0.0	-0.925858	-0.273976	-0.260238	0.0	1.01281	-0.318819	-2.9582900000000003	0.348999	
4	-0.27357800000000004	-0.143314	-0.9511129999999999	0.0	-0.6207050000000001	0.781687	0.0607544	0.0	0.734766	0.606982	-0.30280799999999997	0.0	-0.89865	-0.82436	-3.4852	0.143343	0.34894400000000003	-0.871441	-0.344715	0.0	-0.125199	-0.40788800000000003	0.904408	0.0	-0.928743	-0.27243	-0.251434	0.0	0.9306049999999999	-0.309404	-2.9671	0.34899	
4	-0.27066999999999997	-0.141761	-0.952177	0.0	-0.6223069999999999	0.780416	0.06071080000000001	0.0	0.734487	0.608979	-0.299454	0.0	-0.849742	-0.786165	-3.50927	0.14306300000000002	0.34137399999999996	-0.873568	-0.346904	0.0	-0.12228699999999999	-0.40721599999999997	0.905108	0.0	-0.931939	-0.266558	-0.24583899999999997	0.0	0.845419	-0.299485	-2.96807	0.34874499999999997	
4	-0.26255	-0.13505699999999998	-0.95542	0.0	-0.613912	0.787284	0.0574135	0.0	0.744433	0.601618	-0.289614	0.0	-0.8433639999999999	-0.764286	-3.5102800000000003	0.14246	0.339535	-0.87461	-0.346083	0.0	-0.11858599999999998	-0.40480900000000003	0.9066790000000001	0.0	-0.9330879999999999	-0.266809	-0.24116300000000002	0.0	0.793877	-0.288557	-2.98828	0.348129	
4	-0.272615	-0.137694	-0.9522200000000001	0.0	-0.6214569999999999	0.780745	0.0650212	0.0	0.734488	0.6094890000000001	-0.298414	0.0	-0.8435290000000001	-0.7495539999999999	-3.51108	0.143218	0.33700399999999997	-0.875755	-0.345661	0.0	-0.11654500000000001	-0.403117	0.907697	0.0	-0.934262	-0.265613	-0.23791700000000002	0.0	0.771534	-0.282698	-3.00293	0.347129	
4	-0.266061	-0.133498	-0.9546680000000001	0.0	-0.613885	0.787033	0.06103009999999999	0.0	0.743207	0.602294	-0.291351	0.0	-0.854601	-0.7408710000000001	-3.5089300000000003	0.14246	0.333926	-0.8792989999999999	-0.339598	0.0	-0.113694	-0.395221	0.911523	0.0	-0.935718	-0.265771	-0.231946	0.0	0.7667069999999999	-0.28583200000000003	-3.00197	0.34625500000000003	
4	-0.268791	-0.140612	-0.95288	0.0	-0.621206	0.781353	0.0599313	0.0	0.736108	0.608043	-0.297369	0.0	-0.8820030000000001	-0.751614	-3.46926	0.14305	0.31537600000000005	-0.8914219999999999	-0.32543099999999997	0.0	-0.06601119999999999	-0.362709	0.9295620000000001	0.0	-0.9466680000000001	-0.27168000000000003	-0.173234	0.0	0.78773	-0.307223	-2.98834	0.296532	
4	-0.24362899999999998	-0.13173900000000002	-0.96088	0.0	-0.604847	0.7951060000000001	0.044347000000000004	0.0	0.758159	0.591989	-0.273393	0.0	-0.915926	-0.783212	-3.4183199999999996	0.143002	0.306237	-0.882181	-0.35773699999999997	0.0	-0.0330693	-0.385423	0.9221469999999999	0.0	-0.9513809999999999	-0.270566	-0.147204	0.0	0.8284219999999999	-0.29440900000000003	-3.03238	0.196776	
4	-0.253723	-0.120807	-0.9597030000000001	0.0	-0.602102	0.79624	0.0589514	0.0	0.7570319999999999	0.592797	-0.274762	0.0	-0.892493	-0.798245	-3.41395	0.143328	0.31861	-0.878164	-0.35681199999999996	0.0	-0.0353461	-0.38717399999999996	0.9213290000000001	0.0	-0.947227	-0.280933	-0.154397	0.0	0.848592	-0.28635700000000003	-3.03068	0.199742	
4	-0.24177800000000002	-0.0830723	-0.9667690000000001	0.0	-0.614061	0.784542	0.0861556	0.0	0.751314	0.614486	-0.240696	0.0	-0.8786120000000001	-0.800477	-3.41355	0.146976	0.306346	-0.882185	-0.357633	0.0	-0.045299900000000004	-0.388781	0.920216	0.0	-0.950842	-0.265704	-0.159064	0.0	0.861822	-0.28025300000000003	-3.03493	0.197775	
4	-0.241394	-0.07830930000000001	-0.9672629999999999	0.0	-0.614598	0.783697	0.0899337	0.0	0.7509979999999999	0.616187	-0.23730900000000002	0.0	-0.860648	-0.828643	-3.4214300000000004	0.146315	0.335042	-0.869268	-0.363483	0.0	-0.030503100000000002	-0.39558499999999996	0.9179229999999999	0.0	-0.941709	-0.296456	-0.159053	0.0	0.892515	-0.248577	-3.04744	0.202094	
4	-0.24744699999999997	-0.0783638	-0.965727	0.0	-0.605279	0.790804	0.0909203	0.0	0.756576	0.607032	-0.243114	0.0	-0.851605	-0.84398	-3.41761	0.14666700000000002	0.332459	-0.871334	-0.36089699999999997	0.0	-0.037439	-0.394556	0.9181090000000001	0.0	-0.9423739999999999	-0.291722	-0.163796	0.0	0.899226	-0.23309699999999997	-3.0560099999999997	0.194631	
4	-0.240156	-0.0872958	-0.966801	0.0	-0.602874	0.794008	0.07806210000000001	0.0	0.760833	0.601607	-0.24331399999999997	0.0	-0.8473719999999999	-0.858002	-3.4207300000000003	0.145087	0.330771	-0.868944	-0.368141	0.0	-0.034650099999999996	-0.401019	0.915415	0.0	-0.943075	-0.290036	-0.162754	0.0	0.9075469999999999	-0.218687	-3.0529	0.189193	
4	-0.26669	-0.12762	-0.9552959999999999	0.0	-0.612787	0.7874979999999999	0.0658685	0.0	0.743887	0.60296	-0.288222	0.0	-0.88965	-0.8593870000000001	-3.4211199999999997	0.14244300000000001	0.34122800000000003	-0.8625940000000001	-0.373492	0.0	0.00900427	-0.394322	0.9189280000000001	0.0	-0.9399379999999999	-0.316927	-0.12678699999999998	0.0	0.924802	-0.22640700000000002	-3.03591	0.163422	
4	-0.258329	-0.112453	-0.95949	0.0	-0.598493	0.798273	0.0675775	0.0	0.758335	0.591705	-0.273519	0.0	-0.953468	-0.803029	-3.42571	0.14216600000000001	0.34883200000000003	-0.8611700000000001	-0.369734	0.0	0.00938267	-0.391287	0.920221	0.0	-0.9371379999999999	-0.324471	-0.128413	0.0	0.9857809999999999	-0.297321	-3.0194900000000002	0.15382200000000001	
4	-0.26867399999999997	-0.12105	-0.9555950000000001	0.0	-0.604967	0.793201	0.0696135	0.0	0.749552	0.596807	-0.286344	0.0	-0.9482870000000001	-0.795327	-3.4279900000000003	0.142881	0.353204	-0.862239	-0.363031	0.0	0.00893912	-0.384913	0.92291	0.0	-0.9355040000000001	-0.32921999999999996	-0.128245	0.0	1.00742	-0.313614	-2.99328	0.152108	
4	-0.274384	-0.12453399999999999	-0.953522	0.0	-0.60893	0.789944	0.072055	0.0	0.744256	0.600399	-0.292581	0.0	-0.947274	-0.7974720000000001	-3.42476	0.142467	0.35353	-0.865763	-0.354218	0.0	0.00956243	-0.375307	0.926851	0.0	-0.9353739999999999	-0.331057	-0.124404	0.0	1.0208899999999999	-0.30601300000000003	-2.9880400000000003	0.152804	
