3	0.07242489999999999	0.699864	-0.710595	0.0	0.244339	0.678305	0.6929649999999999	0.0	0.966982	-0.22381399999999999	-0.121878	0.0	-2.79832	1.9652599999999998	1.3969200000000002	3.50475e-05	-0.35301	0.6322270000000001	-0.6896899999999999	0.0	0.620146	-0.393853	-0.678453	0.0	-0.700573	-0.6672100000000001	-0.253039	0.0	2.63905	2.01913	1.5379200000000002	1.18464e-05	
3	-0.018789	0.662086	-0.749192	0.0	0.10401800000000001	0.746553	0.657145	0.0	0.994398	-0.0655823	-0.0828958	0.0	-2.8809299999999998	1.9474599999999997	1.45918	0.0	-0.0676007	0.586571	-0.807072	0.0	0.288143	-0.762975	-0.5786560000000001	0.0	-0.955198	-0.271669	-0.11743800000000001	0.0	2.73521	2.07206	1.56711	0.0	
3	-0.0437556	0.658242	-0.751534	0.0	0.0935336	0.751649	0.6528970000000001	0.0	0.994654	-0.0417259	-0.0944566	0.0	-2.85758	1.98353	1.47517	0.0	-0.0611522	0.580779	-0.811761	0.0	0.301406	-0.764573	-0.569723	0.0	-0.951533	-0.279509	-0.128295	0.0	2.77691	2.07939	1.54685	0.0	
3	-0.10488099999999999	0.709065	-0.697299	0.0	0.13025899999999999	0.70492	0.6972229999999999	0.0	0.985917	-0.017704400000000002	-0.166295	0.0	-2.79973	2.1366	1.41205	0.0249268	-0.0123354	0.63084	-0.7758149999999999	0.0	0.257375	-0.747729	-0.6120939999999999	0.0	-0.966233	-0.20722600000000002	-0.153139	0.0	2.80322	2.14447	1.46202	0.06451860000000001	
3	-0.17178800000000002	0.747136	-0.642088	0.0	0.097913	0.661499	0.743527	0.0	0.9802559999999999	0.0648601	-0.186792	0.0	-2.77224	2.3161400000000003	1.30729	0.33294	0.00258636	0.666054	-0.745899	0.0	0.267408	-0.719199	-0.641285	0.0	-0.9635799999999999	-0.197801	-0.17996900000000002	0.0	2.80297	2.2457700000000003	1.3821700000000001	0.337552	
3	-0.170249	0.776821	-0.606272	0.0	0.10573199999999999	0.626102	0.7725390000000001	0.0	0.979712	0.0674218	-0.188728	0.0	-2.69311	2.39113	1.29731	0.354783	-0.013253399999999999	0.692268	-0.7215189999999999	0.0	0.265872	-0.693167	-0.669949	0.0	-0.963917	-0.20071	-0.174868	0.0	2.7675400000000003	2.21215	1.34389	0.338604	
3	-0.16358	0.800909	-0.57601	0.0	0.115096	0.59538	0.795157	0.0	0.979793	0.0637755	-0.189573	0.0	-2.6806200000000002	2.4035	1.28414	0.354252	-0.0314385	0.708565	-0.7049449999999999	0.0	0.267987	-0.6734939999999999	-0.688904	0.0	-0.96291	-0.21057399999999998	-0.168713	0.0	2.76008	2.17415	1.3427799999999999	0.338777	
3	-0.16076	0.833623	-0.5284220000000001	0.0	0.119796	0.5479069999999999	0.827917	0.0	0.9796969999999999	0.0697927	-0.187946	0.0	-2.68352	2.41775	1.25675	0.3539	-0.06052919999999999	0.7428680000000001	-0.666696	0.0	0.275602	-0.629518	-0.726464	0.0	-0.959364	-0.227715	-0.166631	0.0	2.76441	2.1530099999999996	1.32676	0.338638	
3	-0.142058	0.8690040000000001	-0.47397399999999995	0.0	0.135152	0.49137299999999995	0.860399	0.0	0.9805889999999999	0.0581678	-0.187251	0.0	-2.69291	2.42762	1.21527	0.35358	-0.115093	0.794292	-0.596536	0.0	0.285086	-0.5488529999999999	-0.785804	0.0	-0.951567	-0.260504	-0.163272	0.0	2.76609	2.14823	1.32293	0.340071	
3	-0.11503800000000002	0.9030450000000001	-0.413854	0.0	0.151696	0.427704	0.891099	0.0	0.9817100000000001	0.0397306	-0.186191	0.0	-2.73217	2.41974	1.17505	0.352831	-0.195125	0.84221	-0.502602	0.0	0.29515	-0.43827299999999997	-0.849001	0.0	-0.935314	-0.31400500000000003	-0.16305999999999998	0.0	2.76612	2.1612299999999998	1.28481	0.344148	
3	-0.0976364	0.916701	-0.387461	0.0	0.159359	0.398698	0.9031299999999999	0.0	0.982381	0.026433099999999998	-0.18501199999999998	0.0	-2.7505	2.3981	1.1662700000000001	0.352152	-0.30206500000000003	0.8552280000000001	-0.42112	0.0	0.301161	-0.33352	-0.8933459999999999	0.0	-0.904466	-0.39667399999999997	-0.156817	0.0	2.75549	2.13787	1.26369	0.34962600000000005	
3	-0.0896477	0.922342	-0.37583099999999997	0.0	0.164409	0.385878	0.907782	0.0	0.98231	0.0195904	-0.18623499999999998	0.0	-2.76191	2.36864	1.15044	0.351639	-0.400441	0.827657	-0.393231	0.0	0.300307	-0.286901	-0.9096719999999999	0.0	-0.865715	-0.48236	-0.133664	0.0	2.74855	2.08981	1.21956	0.353563	
3	-0.0751883	0.929637	-0.360723	0.0	0.170995	0.36840900000000004	0.913803	0.0	0.982399	0.00702545	-0.18666300000000002	0.0	-2.77798	2.3266299999999998	1.14248	0.35127600000000003	-0.42005699999999996	0.816217	-0.396665	0.0	0.300669	-0.287236	-0.9094469999999999	0.0	-0.8562420000000001	-0.5012840000000001	-0.12475599999999999	0.0	2.73109	2.08367	1.1577899999999999	0.354993	
3	-0.0481546	0.9343950000000001	-0.352968	0.0	0.183161	0.355646	0.9164979999999999	0.0	0.9819030000000001	-0.0205166	-0.188271	0.0	-2.78324	2.261	1.14291	0.35067800000000005	-0.466416	0.795046	-0.387759	0.0	0.311042	-0.26295799999999997	-0.913294	0.0	-0.828075	-0.546585	-0.124645	0.0	2.6822	2.06892	1.11036	0.356329	
3	-0.0448795	0.9334450000000001	-0.355903	0.0	0.180038	0.357986	0.916206	0.0	0.982635	-0.0229572	-0.184121	0.0	-2.76796	2.23247	1.15696	0.351277	-0.535848	0.766878	-0.353219	0.0	0.307452	-0.212398	-0.9275559999999999	0.0	-0.786346	-0.6056279999999999	-0.121965	0.0	2.6310000000000002	1.99368	1.03755	0.358176	
3	-0.0413696	0.934786	-0.35279499999999997	0.0	0.18403699999999998	0.35418499999999997	0.9168879999999999	0.0	0.9820479999999999	-0.026996199999999998	-0.18668800000000002	0.0	-2.7543	2.23723	1.17503	0.351159	-0.582436	0.746687	-0.321289	0.0	0.29331599999999997	-0.175568	-0.9397559999999999	0.0	-0.758112	-0.641587	-0.11675799999999999	0.0	2.55806	1.89725	0.977723	0.359574	
3	-0.0286209	0.937901	-0.345722	0.0	0.191133	0.344617	0.9190799999999999	0.0	0.9811469999999999	-0.0397744	-0.189128	0.0	-2.75928	2.22094	1.17756	0.350325	-0.625156	0.729526	-0.277439	0.0	0.263069	-0.137715	-0.9548979999999999	0.0	-0.73483	-0.669946	-0.105823	0.0	2.49442	1.8202599999999998	0.9288879999999999	0.360898	
3	-0.00215997	0.942787	-0.333388	0.0	0.210853	0.326323	0.921441	0.0	0.9775149999999999	-0.06830560000000001	-0.199494	0.0	-2.77643	2.17685	1.17098	0.349458	-0.655777	0.711074	-0.253634	0.0	0.24406599999999998	-0.11823800000000001	-0.9625239999999999	0.0	-0.7144149999999999	-0.6931039999999999	-0.09601160000000002	0.0	2.37607	1.751	0.915586	0.36181199999999997	
3	0.0244325	0.945833	-0.323733	0.0	0.22162800000000002	0.310647	0.924327	0.0	0.974825	-0.0943319	-0.202033	0.0	-2.79631	2.12036	1.16266	0.349067	-0.670445	0.700082	-0.245743	0.0	0.242431	-0.10632899999999999	-0.964324	0.0	-0.701235	-0.706102	-0.09843450000000001	0.0	2.3330599999999997	1.71627	0.9017629999999999	0.36201500000000003	
3	0.045195099999999995	0.9480370000000001	-0.31493499999999996	0.0	0.23132199999999997	0.296757	0.9265129999999999	0.0	0.971827	-0.114725	-0.205889	0.0	-2.79814	2.09465	1.1487399999999999	0.348994	-0.672284	0.6976600000000001	-0.2476	0.0	0.247121	-0.10378399999999999	-0.963411	0.0	-0.6978300000000001	-0.708873	-0.10263399999999999	0.0	2.33505	1.70843	0.8999959999999999	0.36245	
3	0.0819249	0.9500959999999999	-0.301009	0.0	0.249313	0.272885	0.9291809999999999	0.0	0.964951	-0.151168	-0.214515	0.0	-2.8024299999999998	2.08776	1.12962	0.3485	-0.660755	0.704527	-0.258931	0.0	0.261338	-0.107446	-0.959249	0.0	-0.703637	-0.701497	-0.113124	0.0	2.3559	1.6898400000000002	0.891683	0.362707	
3	0.296373	0.9291159999999999	-0.22115	0.0	0.291299	0.132582	0.9474	0.0	0.909565	-0.34520500000000004	-0.231356	0.0	-2.80763	2.026	1.18315	0.34658	-0.648043	0.711875	-0.270694	0.0	0.274913	-0.11281600000000001	-0.954828	0.0	-0.7102569999999999	-0.693186	-0.12259400000000001	0.0	2.37087	1.6683400000000002	0.901609	0.363387	
3	0.526882	0.837361	-0.145678	0.0	0.292477	-0.017693900000000002	0.956109	0.0	0.79803	-0.546365	-0.254231	0.0	-2.91987	1.87074	1.17506	0.343003	-0.630508	0.720633	-0.288356	0.0	0.289232	-0.126615	-0.9488489999999999	0.0	-0.7202810000000001	-0.681658	-0.128598	0.0	2.3773400000000002	1.65905	0.950569	0.363964	
3	0.648787	0.7572270000000001	-0.07538500000000001	0.0	0.231154	-0.101724	0.967585	0.0	0.725012	-0.6451819999999999	-0.241033	0.0	-3.17888	1.8172	0.955808	0.347848	-0.605488	0.7319180000000001	-0.312539	0.0	0.311587	-0.143348	-0.939343	0.0	-0.732324	-0.666143	-0.141261	0.0	2.38057	1.66547	0.99636	0.363981	
3	0.712546	0.699645	-0.052672699999999996	0.0	0.195692	-0.126084	0.972526	0.0	0.673782	-0.703278	-0.22675599999999999	0.0	-3.2503900000000003	1.76137	0.8667520000000001	0.349114	-0.592824	0.737721	-0.322997	0.0	0.323677	-0.14899	-0.9343629999999999	0.0	-0.7374229999999999	-0.65846	-0.15045899999999998	0.0	2.38178	1.67603	1.01814	0.363983	
3	0.785748	0.61851	-0.00675812	0.0	0.12332699999999999	-0.145948	0.981575	0.0	0.606128	-0.772104	-0.190958	0.0	-3.33849	1.6166200000000002	0.7535970000000001	0.351198	-0.573142	0.7467229999999999	-0.337509	0.0	0.33771999999999996	-0.160022	-0.927544	0.0	-0.746628	-0.645598	-0.160468	0.0	2.38521	1.69403	1.05851	0.363985	
3	0.820672	0.570292	0.035561199999999994	0.0	0.07287830000000001	-0.166195	0.9833959999999999	0.0	0.566733	-0.804454	-0.177954	0.0	-3.4070699999999996	1.4769999999999999	0.590353	0.352059	-0.561873	0.7516079999999999	-0.345519	0.0	0.349679	-0.162732	-0.9226280000000001	0.0	-0.749682	-0.639221	-0.17138699999999998	0.0	2.4013	1.6861400000000002	1.07578	0.36398400000000003	
3	0.841674	0.53538	0.0703747	0.0	0.03850630000000001	-0.189503	0.981125	0.0	0.538611	-0.8230780000000001	-0.180115	0.0	-3.4205300000000003	1.38255	0.368111	0.353616	-0.544263	0.759177	-0.35697199999999996	0.0	0.36373099999999997	-0.16989300000000002	-0.9158799999999999	0.0	-0.755962	-0.628321	-0.18367	0.0	2.45724	1.68432	1.07994	0.363939	
3	0.854541	0.510446	0.0959367	0.0	-0.00419506	-0.177923	0.984035	0.0	0.519367	-0.8413010000000001	-0.149901	0.0	-3.3588699999999996	1.22275	0.230542	0.354523	-0.5318890000000001	0.7639729999999999	-0.365294	0.0	0.37605900000000003	-0.173407	-0.910225	0.0	-0.758732	-0.6215109999999999	-0.19506600000000002	0.0	2.48433	1.68192	1.06344	0.363977	
3	0.857944	0.498934	0.122464	0.0	-0.0423406	-0.168896	0.9847239999999999	0.0	0.511996	-0.850023	-0.123778	0.0	-3.30871	1.00386	0.127407	0.35459	-0.516286	0.770003	-0.374894	0.0	0.38458200000000003	-0.182678	-0.9048350000000001	0.0	-0.7652100000000001	-0.6113310000000001	-0.20181500000000002	0.0	2.49801	1.6813799999999999	1.0537100000000001	0.36396799999999996	
3	0.8592420000000001	0.492542	0.138222	0.0	-0.0710656	-0.152649	0.985722	0.0	0.506609	-0.8567969999999999	-0.09615950000000001	0.0	-3.27025	0.8033359999999999	0.0171047	0.355135	-0.5089060000000001	0.773786	-0.377187	0.0	0.38879	-0.184326	-0.902699	0.0	-0.768022	-0.606036	-0.20703600000000003	0.0	2.5133799999999997	1.6485299999999998	1.02442	0.363982	
3	0.842059	0.515884	0.15748299999999998	0.0	-0.09303919999999999	-0.148672	0.9845	0.0	0.531301	-0.843659	-0.0771932	0.0	-3.16447	0.66294	-0.108352	0.35573499999999997	-0.505309	0.77483	-0.379871	0.0	0.393516	-0.184868	-0.900538	0.0	-0.76799	-0.604535	-0.211493	0.0	2.52782	1.59911	0.998181	0.363976	
3	0.845664	0.510794	0.154731	0.0	-0.11237799999999999	-0.113001	0.9872190000000001	0.0	0.52175	-0.852244	-0.0381592	0.0	-3.11996	0.531651	-0.190301	0.355696	-0.501636	0.774367	-0.385639	0.0	0.398988	-0.18843800000000002	-0.897385	0.0	-0.767575	-0.604025	-0.21443600000000002	0.0	2.5322	1.58144	1.00235	0.363978	
3	0.844375	0.507934	0.170395	0.0	-0.132732	-0.109802	0.985051	0.0	0.51905	-0.854369	-0.0252953	0.0	-3.0813200000000003	0.413446	-0.285099	0.356698	-0.49534399999999995	0.775199	-0.392047	0.0	0.405026	-0.193154	-0.8936700000000001	0.0	-0.768497	-0.601463	-0.218298	0.0	2.5439599999999998	1.5739100000000001	1.01187	0.36397199999999996	
3	0.8565299999999999	0.48444899999999996	0.177947	0.0	-0.161174	-0.0764631	0.9839600000000001	0.0	0.490284	-0.8714719999999999	0.0125875	0.0	-3.0596400000000004	0.247702	-0.34131	0.356514	-0.49503199999999997	0.774331	-0.394152	0.0	0.408044	-0.19331700000000002	-0.89226	0.0	-0.767101	-0.602529	-0.22026300000000001	0.0	2.5565900000000004	1.5520200000000002	1.02504	0.363979	
3	0.852503	0.489054	0.184566	0.0	-0.17543499999999998	-0.0649184	0.982348	0.0	0.492403	-0.869834	0.030454200000000004	0.0	-3.02758	0.11196300000000001	-0.381479	0.35591	-0.49272200000000005	0.7738970000000001	-0.39788	0.0	0.409675	-0.19709300000000002	-0.8906850000000001	0.0	-0.767718	-0.601862	-0.219935	0.0	2.56029	1.5466600000000001	1.03045	0.36398800000000003	
3	0.8532620000000001	0.490141	0.17806	0.0	-0.185151	-0.0344623	0.9821059999999999	0.0	0.48750600000000005	-0.8709620000000001	0.061344600000000006	0.0	-3.0302	-0.110894	-0.377677	0.35368499999999997	-0.49068199999999995	0.774125	-0.399952	0.0	0.411483	-0.198733	-0.889487	0.0	-0.768058	-0.601029	-0.221025	0.0	2.56313	1.54397	1.03244	0.363975	
3	0.848248	0.50137	0.1706	0.0	-0.185605	-0.020266	0.982416	0.0	0.496011	-0.8649959999999999	0.0758662	0.0	-3.0234799999999997	-0.17388399999999998	-0.354159	0.35339899999999996	-0.488678	0.772996	-0.404563	0.0	0.412711	-0.20373	-0.8877860000000001	0.0	-0.768677	-0.600809	-0.219466	0.0	2.56556	1.53257	1.04344	0.363989	
3	0.8461989999999999	0.504247	0.17228800000000002	0.0	-0.189193	-0.0179538	0.981776	0.0	0.49815	-0.863373	0.0802075	0.0	-2.9946900000000003	-0.196948	-0.376302	0.35339499999999996	-0.48653199999999996	0.773507	-0.40617	0.0	0.41218599999999994	-0.20668499999999998	-0.887346	0.0	-0.7703180000000001	-0.59914	-0.21827	0.0	2.56414	1.52281	1.04565	0.363982	
3	0.845933	0.504484	0.172896	0.0	-0.191997	-0.014360399999999999	0.98129	0.0	0.49752799999999997	-0.863302	0.0847113	0.0	-2.96266	-0.212202	-0.406783	0.353403	-0.48634399999999994	0.7725270000000001	-0.40825500000000003	0.0	0.41419700000000004	-0.207571	-0.8862030000000001	0.0	-0.769357	-0.600097	-0.21902800000000003	0.0	2.56398	1.5233299999999999	1.0453299999999999	0.363969	
3	0.8459450000000001	0.5044890000000001	0.172824	0.0	-0.19198099999999998	-0.014244	0.981295	0.0	0.497515	-0.8633	0.0848029	0.0	-2.9628799999999997	-0.21170300000000003	-0.404835	0.353408	-0.486421	0.7725380000000001	-0.408141	0.0	0.41413999999999995	-0.207461	-0.8862549999999999	0.0	-0.769339	-0.60012	-0.21902600000000003	0.0	2.56487	1.52383	1.04503	0.36398	
3	0.8459450000000001	0.5044890000000001	0.172824	0.0	-0.19198099999999998	-0.014243700000000001	0.981295	0.0	0.497514	-0.863301	0.084803	0.0	-2.9628799999999997	-0.211704	-0.404837	0.353408	-0.486421	0.7725390000000001	-0.408141	0.0	0.41413999999999995	-0.207461	-0.8862549999999999	0.0	-0.769339	-0.60012	-0.21902600000000003	0.0	2.56487	1.52383	1.04503	0.36398	
3	0.8459450000000001	0.5044890000000001	0.172824	0.0	-0.19198099999999998	-0.0142436	0.981295	0.0	0.497514	-0.863301	0.0848032	0.0	-2.9628799999999997	-0.21170300000000003	-0.404837	0.353408	-0.486421	0.7725390000000001	-0.408141	0.0	0.41413999999999995	-0.207461	-0.8862549999999999	0.0	-0.7693399999999999	-0.60012	-0.21902600000000003	0.0	2.56487	1.52383	1.04503	0.36398	
3	0.8459450000000001	0.5044890000000001	0.172824	0.0	-0.19198099999999998	-0.0142436	0.981295	0.0	0.497514	-0.863301	0.0848032	0.0	-2.9628799999999997	-0.21170300000000003	-0.404837	0.353408	-0.486421	0.7725390000000001	-0.408141	0.0	0.41413999999999995	-0.207461	-0.8862549999999999	0.0	-0.7693399999999999	-0.60012	-0.21902600000000003	0.0	2.56487	1.52383	1.04503	0.36398	
3	0.8459450000000001	0.5044890000000001	0.172824	0.0	-0.19198099999999998	-0.0142436	0.981295	0.0	0.497514	-0.863301	0.0848032	0.0	-2.9628799999999997	-0.21170300000000003	-0.404837	0.353408	-0.486421	0.7725390000000001	-0.408141	0.0	0.41413999999999995	-0.207461	-0.8862549999999999	0.0	-0.7693399999999999	-0.60012	-0.21902600000000003	0.0	2.56487	1.52383	1.04503	0.36398	
3	0.8459450000000001	0.5044890000000001	0.172824	0.0	-0.19198099999999998	-0.0142436	0.981295	0.0	0.497514	-0.863301	0.0848032	0.0	-2.9628799999999997	-0.21170300000000003	-0.404837	0.353408	-0.486421	0.7725390000000001	-0.408141	0.0	0.41413999999999995	-0.207461	-0.8862549999999999	0.0	-0.7693399999999999	-0.60012	-0.21902600000000003	0.0	2.56487	1.52383	1.04503	0.36398	
3	0.8459450000000001	0.5044890000000001	0.172824	0.0	-0.19198099999999998	-0.0142436	0.981295	0.0	0.497514	-0.863301	0.0848032	0.0	-2.9628799999999997	-0.21170300000000003	-0.404837	0.353408	-0.486421	0.7725390000000001	-0.408141	0.0	0.41413999999999995	-0.207461	-0.8862549999999999	0.0	-0.7693399999999999	-0.60012	-0.21902600000000003	0.0	2.56487	1.52383	1.04503	0.36398	
3	0.8459450000000001	0.5044890000000001	0.172824	0.0	-0.19198099999999998	-0.0142436	0.981295	0.0	0.497514	-0.863301	0.0848032	0.0	-2.9628799999999997	-0.21170300000000003	-0.404837	0.353408	-0.486421	0.7725390000000001	-0.408141	0.0	0.41413999999999995	-0.207461	-0.8862549999999999	0.0	-0.7693399999999999	-0.60012	-0.21902600000000003	0.0	2.56487	1.52383	1.04503	0.36398	
3	0.807404	0.5733060000000001	-0.13935	0.0	0.12598299999999998	0.0632118	0.990017	0.0	0.576391	-0.8168989999999999	-0.0211892	0.0	-2.95624	-0.117623	-0.411997	0.35438200000000003	-0.49686800000000003	0.7551859999999999	-0.427571	0.0	0.451539	-0.195777	-0.870508	0.0	-0.741104	-0.625592	-0.243721	0.0	2.5284299999999997	1.51934	1.09197	0.363991	
3	0.805014	0.5832069999999999	-0.108732	0.0	0.0878044	0.0641346	0.9940709999999999	0.0	0.5867220000000001	-0.8097880000000001	0.000421196	0.0	-2.90892	-0.16303900000000002	-0.383842	0.355052	-0.497374	0.755895	-0.42572600000000005	0.0	0.450744	-0.194129	-0.871288	0.0	-0.7412479999999999	-0.6252489999999999	-0.24416100000000002	0.0	2.53837	1.51186	1.0827200000000001	0.36396799999999996	
3	0.8211069999999999	0.5615220000000001	-0.10234800000000001	0.0	0.0649306	0.086256	0.9941549999999999	0.0	0.567068	-0.822953	0.0343654	0.0	-2.80539	-0.431411	-0.409587	0.35582800000000003	-0.497558	0.755158	-0.426817	0.0	0.451272	-0.194873	-0.870849	0.0	-0.740804	-0.625909	-0.243821	0.0	2.5399	1.5106	1.0831899999999999	0.363973	
3	0.836899	0.538536	-0.09787860000000001	0.0	0.0462233	0.108646	0.9930049999999999	0.0	0.545403	-0.835569	0.0660328	0.0	-2.69346	-0.777624	-0.46256099999999994	0.355454	-0.49909799999999993	0.754372	-0.426408	0.0	0.451495	-0.193626	-0.8710120000000001	0.0	-0.739631	-0.6272409999999999	-0.24395799999999998	0.0	2.53918	1.50824	1.1019299999999999	0.363973	
3	0.8511709999999999	0.516441	-0.0937884	0.0	0.0290092	0.132125	0.990809	0.0	0.5240859999999999	-0.8460690000000001	0.09747919999999999	0.0	-2.56868	-1.13242	-0.574014	0.35434899999999997	-0.498118	0.753949	-0.42829799999999996	0.0	0.452294	-0.195503	-0.8701770000000001	0.0	-0.739803	-0.627167	-0.243623	0.0	2.5404400000000003	1.5103600000000001	1.1182	0.363977	
3	0.865871	0.491068	-0.0954914	0.0	0.027149200000000002	0.144473	0.989136	0.0	0.49953000000000003	-0.859057	0.11176300000000002	0.0	-2.4706099999999998	-1.37911	-0.6812630000000001	0.35344000000000003	-0.49690200000000007	0.754821	-0.428175	0.0	0.452143	-0.195951	-0.8701549999999999	0.0	-0.7407130000000001	-0.6259779999999999	-0.243919	0.0	2.54285	1.50367	1.12024	0.363975	
3	0.893759	0.441175	-0.0809885	0.0	0.0202203	0.140746	0.9898389999999999	0.0	0.44809099999999996	-0.886316	0.116872	0.0	-2.3997900000000003	-1.6460400000000002	-0.809534	0.352661	-0.496972	0.754066	-0.429422	0.0	0.452046	-0.197444	-0.869868	0.0	-0.740725	-0.626418	-0.242748	0.0	2.54261	1.49932	1.11818	0.363971	
3	0.9225450000000001	0.375312	-0.08973010000000001	0.0	0.039684699999999996	0.139022	0.9894940000000001	0.0	0.383843	-0.916414	0.11335999999999999	0.0	-2.40758	-1.90461	-0.9477690000000001	0.351356	-0.49718100000000004	0.753307	-0.430511	0.0	0.45255500000000004	-0.198191	-0.869433	0.0	-0.740274	-0.627095	-0.242377	0.0	2.54483	1.5000200000000001	1.12394	0.363994	
3	0.9422950000000001	0.30849099999999996	-0.130055	0.0	0.0874157	0.14828	0.985074	0.0	0.323171	-0.939599	0.112756	0.0	-2.44005	-2.1640900000000003	-1.1001299999999998	0.3498	-0.496421	0.753343	-0.43132600000000004	0.0	0.452675	-0.199317	-0.8691139999999999	0.0	-0.740711	-0.626696	-0.24207399999999998	0.0	2.54047	1.51264	1.13568	0.363978	
3	0.955833	0.241827	-0.16704000000000002	0.0	0.132252	0.153666	0.979233	0.0	0.262473	-0.958075	0.114897	0.0	-2.48244	-2.38815	-1.21904	0.348541	-0.496413	0.7529819999999999	-0.431963	0.0	0.45270600000000005	-0.20002899999999998	-0.868934	0.0	-0.740696	-0.626903	-0.24158200000000002	0.0	2.53533	1.51826	1.14114	0.363989	
3	0.962676	0.18748800000000002	-0.195199	0.0	0.165098	0.164707	0.972427	0.0	0.214469	-0.968359	0.127605	0.0	-2.5184599999999997	-2.54351	-1.268	0.34836500000000004	-0.49683999999999995	0.752518	-0.432281	0.0	0.45309799999999995	-0.199903	-0.868758	0.0	-0.74017	-0.6275	-0.24164499999999997	0.0	2.53432	1.51797	1.14325	0.36396799999999996	
3	0.964031	0.12300799999999999	-0.235614	0.0	0.21261300000000002	0.17507899999999998	0.961324	0.0	0.159501	-0.9768399999999999	0.142628	0.0	-2.5943400000000003	-2.721	-1.3254700000000001	0.34776799999999997	-0.49652399999999997	0.7526229999999999	-0.43246	0.0	0.45297299999999996	-0.20033399999999998	-0.8687239999999999	0.0	-0.740459	-0.627235	-0.241448	0.0	2.53756	1.51724	1.14123	0.363979	
3	0.960677	0.10244500000000001	-0.258079	0.0	0.238269	0.1731	0.955649	0.0	0.142575	-0.979562	0.14188299999999998	0.0	-2.61349	-2.81681	-1.39372	0.348854	-0.49657700000000005	0.752614	-0.43241499999999994	0.0	0.452628	-0.20055599999999998	-0.8688530000000001	0.0	-0.740635	-0.6271760000000001	-0.241063	0.0	2.53925	1.5154299999999998	1.1408200000000002	0.363978	
3	0.9570000000000001	0.07385019999999999	-0.280529	0.0	0.264385	0.175919	0.9482370000000001	0.0	0.119378	-0.9816309999999999	0.14883	0.0	-2.64078	-2.89262	-1.4568299999999998	0.348912	-0.49696599999999996	0.751983	-0.433066	0.0	0.45272299999999993	-0.20108	-0.868682	0.0	-0.740315	-0.627765	-0.24051	0.0	2.53908	1.51719	1.1431200000000001	0.363978	
3	0.950523	0.064708	-0.30383899999999997	0.0	0.286426	0.196121	0.937815	0.0	0.120273	-0.978442	0.167884	0.0	-2.67197	-2.9532	-1.48434	0.34881100000000004	-0.49726000000000004	0.751328	-0.43386499999999995	0.0	0.453217	-0.201473	-0.868333	0.0	-0.739816	-0.628422	-0.24033000000000002	0.0	2.53842	1.51922	1.1474600000000001	0.363993	
3	0.947902	0.06403500000000001	-0.31206	0.0	0.292968	0.20947600000000002	0.9328930000000001	0.0	0.125107	-0.975715	0.179803	0.0	-2.6685	-3.0240400000000003	-1.48751	0.348068	-0.496806	0.751197	-0.434613	0.0	0.453531	-0.202242	-0.867991	0.0	-0.739929	-0.628333	-0.24021599999999999	0.0	2.5377099999999997	1.51891	1.1474	0.363982	
3	0.948219	0.05463780000000001	-0.312881	0.0	0.295611	0.208473	0.932284	0.0	0.116165	-0.9765010000000001	0.181527	0.0	-2.65502	-3.0987400000000003	-1.48746	0.34813099999999997	-0.496576	0.75153	-0.434299	0.0	0.453005	-0.20241199999999998	-0.868226	0.0	-0.740405	-0.62788	-0.239934	0.0	2.53622	1.51841	1.1490799999999999	0.363973	
3	0.950427	0.047300199999999994	-0.307329	0.0	0.291966	0.204289	0.934356	0.0	0.10697899999999999	-0.977767	0.18035199999999998	0.0	-2.66502	-3.16491	-1.5073299999999998	0.348357	-0.496737	0.750834	-0.435317	0.0	0.45311899999999994	-0.203431	-0.867928	0.0	-0.7402270000000001	-0.628382	-0.23916500000000002	0.0	2.53665	1.5187899999999999	1.14628	0.36398400000000003	
3	0.951117	0.0402522	-0.306197	0.0	0.29078000000000004	0.217284	0.931791	0.0	0.104038	-0.9752780000000001	0.194957	0.0	-2.6965	-3.24148	-1.52224	0.348478	-0.496733	0.75051	-0.43588000000000005	0.0	0.453636	-0.203644	-0.867608	0.0	-0.739913	-0.6287	-0.239302	0.0	2.53669	1.51918	1.1452799999999999	0.363989	
3	0.958701	0.0432325	-0.281113	0.0	0.26415500000000003	0.231035	0.9364	0.0	0.10543	-0.971984	0.21007399999999998	0.0	-2.7042900000000003	-3.35126	-1.50216	0.34767	-0.496526	0.7503810000000001	-0.436337	0.0	0.453927	-0.204003	-0.8673719999999999	0.0	-0.739873	-0.628738	-0.239325	0.0	2.53795	1.52145	1.14873	0.363983	
3	0.968475	0.0446125	-0.245085	0.0	0.22863899999999998	0.23141	0.945608	0.0	0.0989012	-0.971833	0.21391500000000002	0.0	-2.69049	-3.3908	-1.47609	0.347929	-0.496517	0.750079	-0.436867	0.0	0.453917	-0.204627	-0.86723	0.0	-0.7398859999999999	-0.628895	-0.238873	0.0	2.53498	1.52821	1.15345	0.363975	
3	0.9766469999999999	0.04171130000000001	-0.210761	0.0	0.196695	0.22106900000000002	0.955217	0.0	0.086436	-0.974366	0.207702	0.0	-2.69421	-3.39194	-1.4769999999999999	0.347329	-0.496626	0.749567	-0.43762	0.0	0.45461899999999994	-0.20486	-0.866807	0.0	-0.7393810000000001	-0.629429	-0.23902800000000002	0.0	2.53456	1.5293299999999999	1.15519	0.363989	
3	0.983985	0.05408430000000001	-0.169846	0.0	0.155066	0.21018499999999998	0.9652860000000001	0.0	0.0879061	-0.9761639999999999	0.198433	0.0	-2.71343	-3.3927	-1.4673200000000002	0.347878	-0.49566499999999997	0.749487	-0.43884700000000004	0.0	0.45491400000000004	-0.206387	-0.86629	0.0	-0.739845	-0.629027	-0.238654	0.0	2.53576	1.52871	1.15295	0.363979	
0	0.987959	0.057406399999999996	-0.143672	0.0	0.129495	0.201343	0.970923	0.0	0.0846645	-0.9778370000000001	0.191485	0.0	-2.72213	-3.3936699999999997	-1.45981	0.34767800000000004	-0.495354	0.749595	-0.439012	0.0	0.45510200000000006	-0.206533	-0.8661559999999999	0.0	-0.739937	-0.628849	-0.23883600000000002	0.0	2.53675	1.5305600000000001	1.15218	0.363981	
0	0.9923930000000001	0.0493705	-0.112774	0.0	0.10113899999999999	0.19530899999999998	0.975513	0.0	0.07018730000000001	-0.979498	0.18883	0.0	-2.72102	-3.3925199999999998	-1.46794	0.333461	-0.49443000000000004	0.749621	-0.44000900000000004	0.0	0.455258	-0.20789699999999997	-0.865748	0.0	-0.740459	-0.62837	-0.238481	0.0	2.53892	1.53047	1.1531799999999999	0.364	
0	0.993649	0.0339227	-0.107287	0.0	0.0985128	0.198471	0.975143	0.0	0.054372800000000006	-0.9795200000000001	0.193869	0.0	-2.71738	-3.3840800000000004	-1.52119	0.266326	-0.49406300000000003	0.749208	-0.44112399999999996	0.0	0.455967	-0.20871900000000002	-0.8651770000000001	0.0	-0.740268	-0.6285890000000001	-0.238494	0.0	2.54078	1.53013	1.14393	0.363987	
0	0.994719	-0.00846265	-0.102285	0.0	0.101854	0.20405299999999998	0.9736469999999999	0.0	0.0126319	-0.978923	0.20383800000000002	0.0	-2.7057700000000002	-3.37355	-1.6631200000000002	0.0371496	-0.492573	0.749698	-0.441957	0.0	0.45619799999999994	-0.21003899999999998	-0.8647360000000001	0.0	-0.741118	-0.6275649999999999	-0.238551	0.0	2.53987	1.5297	1.13774	0.363981	
0	0.9960040000000001	-0.0145832	-0.0881049	0.0	0.0892424	0.199067	0.975914	0.0	0.00330688	-0.979877	0.199573	0.0	-2.72658	-3.37909	-1.62134	-0.00556713	-0.49236199999999997	0.749527	-0.442481	0.0	0.456375	-0.210571	-0.8645120000000001	0.0	-0.741149	-0.62759	-0.23838800000000002	0.0	2.54129	1.52701	1.1343	0.363975	
0	0.996337	-0.0169808	-0.0838155	0.0	0.085518	0.195074	0.9770530000000001	0.0	-0.000240888	-0.980642	0.19581199999999999	0.0	-2.73687	-3.37465	-1.6603400000000001	-0.0044006	-0.492201	0.749508	-0.442693	0.0	0.45648	-0.210787	-0.8644040000000001	0.0	-0.7411909999999999	-0.627541	-0.23838600000000001	0.0	2.54215	1.5272299999999999	1.13584	0.363971	
0	0.996316	-0.022508	-0.0827482	0.0	0.085538	0.19228199999999998	0.977605	0.0	-0.00609292	-0.981082	0.193499	0.0	-2.76212	-3.38409	-1.7548700000000002	-0.00294995	-0.491939	0.749745	-0.44258100000000006	0.0	0.45653999999999995	-0.210704	-0.8643930000000001	0.0	-0.741328	-0.627285	-0.23863499999999999	0.0	2.5449	1.52521	1.13024	0.363985	
0	0.996482	-0.027750599999999997	-0.07907439999999999	0.0	0.0830074	0.197176	0.9768479999999999	0.0	-0.0115165	-0.979975	0.198786	0.0	-2.77051	-3.38701	-1.7765099999999998	-0.00350404	-0.49180799999999997	0.7499239999999999	-0.44242299999999996	0.0	0.45652299999999996	-0.210585	-0.864431	0.0	-0.741425	-0.627111	-0.23879	0.0	2.5441700000000003	1.5272299999999999	1.13297	0.36396300000000004	
0	0.997476	-0.0160715	-0.0691664	0.0	0.0709598	0.189308	0.979351	0.0	-0.00264589	-0.981786	0.189971	0.0	-2.77884	-3.3851400000000003	-1.7665	-0.00312662	-0.49198800000000004	0.750155	-0.44183199999999995	0.0	0.45635200000000004	-0.20998200000000003	-0.864668	0.0	-0.7414109999999999	-0.627037	-0.23902600000000002	0.0	2.5424599999999997	1.5256100000000001	1.13933	0.36397399999999996	
0	0.998633	0.00826419	-0.05160880000000001	0.0	0.049319	0.177899	0.9828120000000001	0.0	0.017303299999999997	-0.9840139999999999	0.177249	0.0	-2.7981	-3.3824099999999997	-1.7556599999999998	-0.003654	-0.492109	0.749961	-0.44202600000000003	0.0	0.456534	-0.21000500000000002	-0.864566	0.0	-0.741219	-0.627261	-0.239037	0.0	2.54104	1.52903	1.14706	0.36398	
0	0.996524	0.08305010000000002	-0.00648589	0.0	-0.00732889	0.164964	0.9862719999999999	0.0	0.0829799	-0.9827969999999999	0.164999	0.0	-2.84056	-3.38038	-1.6329	0.19702999999999998	-0.492084	0.7499180000000001	-0.44212700000000005	0.0	0.456521	-0.210143	-0.864539	0.0	-0.741243	-0.627267	-0.238945	0.0	2.5411200000000003	1.5268	1.14799	0.364003	
0	0.996008	0.089136	-0.00479744	0.0	-0.00996882	0.16447799999999999	0.986331	0.0	0.0887067	-0.982345	0.16471	0.0	-2.77337	-3.5971900000000003	-1.6442299999999999	0.310316	-0.49185100000000004	0.750319	-0.44170600000000004	0.0	0.456429	-0.20982199999999998	-0.8646659999999999	0.0	-0.741455	-0.626894	-0.23926599999999998	0.0	2.54325	1.52754	1.14883	0.363971	
0	0.99582	0.09128689999999999	0.00315483	0.0	-0.0179625	0.161849	0.9866520000000001	0.0	0.08955779999999999	-0.982584	0.16281199999999998	0.0	-2.77577	-3.5993	-1.6311200000000001	0.32143	-0.490899	0.7500100000000001	-0.44328599999999996	0.0	0.45682399999999995	-0.211662	-0.864009	0.0	-0.741843	-0.626645	-0.23871799999999999	0.0	2.54265	1.5277	1.14635	0.36398600000000003	
0	0.995719	0.0889184	0.025228099999999996	0.0	-0.03888780000000001	0.155412	0.987084	0.0	0.0838492	-0.9838399999999999	0.15820499999999998	0.0	-2.77736	-3.60167	-1.6189200000000001	0.33248	-0.49068199999999995	0.749672	-0.44409899999999997	0.0	0.457221	-0.212344	-0.863632	0.0	-0.741742	-0.6268199999999999	-0.23857199999999998	0.0	2.54182	1.52833	1.14925	0.36398600000000003	
0	0.9949290000000001	0.0888451	0.0471447	0.0	-0.060526199999999995	0.15451900000000002	0.9861340000000001	0.0	0.0803284	-0.9839870000000001	0.159113	0.0	-2.7814099999999997	-3.6021900000000002	-1.61594	0.334433	-0.490675	0.7495470000000001	-0.444317	0.0	0.45729899999999996	-0.212531	-0.8635440000000001	0.0	-0.741698	-0.626905	-0.238484	0.0	2.54051	1.53241	1.1521299999999999	0.36397199999999996	
0	0.994031	0.0899713	0.0617101	0.0	-0.0745834	0.147576	0.9862350000000001	0.0	0.07962589999999999	-0.98495	0.15340499999999999	0.0	-2.78553	-3.60265	-1.61457	0.332295	-0.49055	0.7495470000000001	-0.44445500000000004	0.0	0.457304	-0.212733	-0.863492	0.0	-0.7417779999999999	-0.626837	-0.23841500000000002	0.0	2.54051	1.53186	1.15321	0.363983	
0	0.993398	0.08521530000000001	0.0768013	0.0	-0.08863560000000001	0.145137	0.985434	0.0	0.0728273	-0.985735	0.151732	0.0	-2.7833900000000003	-3.6012699999999995	-1.6224299999999998	0.322702	-0.489464	0.749321	-0.446032	0.0	0.45749300000000004	-0.21479099999999998	-0.8628819999999999	0.0	-0.742379	-0.626405	-0.237677	0.0	2.54073	1.5333299999999999	1.1474600000000001	0.36397399999999996	
0	0.997051	0.0479225	0.0599388	0.0	-0.0670639	0.164432	0.9841059999999999	0.0	0.037305	-0.985223	0.16716099999999998	0.0	-2.74294	-3.5904800000000003	-1.70523	0.24329299999999998	-0.489378	0.748979	-0.44669899999999996	0.0	0.458081	-0.215094	-0.8624950000000001	0.0	-0.7420720000000001	-0.62671	-0.237831	0.0	2.54081	1.53329	1.14127	0.36398600000000003	
0	0.999584	0.00531602	0.0283414	0.0	-0.0288356	0.18323	0.9826469999999999	0.0	3.0800700000000005e-05	-0.9830559999999999	0.183307	0.0	-2.7076599999999997	-3.58256	-1.80798	0.113598	-0.48918100000000003	0.748835	-0.44715600000000005	0.0	0.45851499999999995	-0.21532600000000002	-0.8622059999999999	0.0	-0.741934	-0.6268020000000001	-0.23801799999999998	0.0	2.5432900000000003	1.5325	1.1336899999999999	0.363976	
0	0.9996520000000001	-0.00892687	0.024836599999999997	0.0	-0.0226565	0.1924	0.9810549999999999	0.0	-0.0135363	-0.981276	0.192131	0.0	-2.69277	-3.5740199999999995	-1.80853	0.11305899999999999	-0.488892	0.7484529999999999	-0.44811000000000006	0.0	0.45911899999999994	-0.216021	-0.861711	0.0	-0.741751	-0.627019	-0.23801799999999998	0.0	2.54155	1.5332299999999999	1.13409	0.363967	
0	0.999923	-0.00894669	0.00856066	0.0	-0.006694199999999999	0.19103399999999998	0.981561	0.0	-0.0104171	-0.981543	0.190959	0.0	-2.6861599999999997	-3.5743400000000003	-1.80817	0.11286500000000001	-0.487943	0.748344	-0.449325	0.0	0.45992	-0.21709299999999998	-0.861014	0.0	-0.74188	-0.626779	-0.238249	0.0	2.5377099999999997	1.53629	1.13481	0.36399000000000004	
0	0.999923	-0.0027123	0.012138	0.0	-0.011501	0.16983900000000002	0.985405	0.0	-0.00473421	-0.985468	0.169795	0.0	-2.6781	-3.57741	-1.80585	0.11301199999999999	-0.48763999999999996	0.7482310000000001	-0.449842	0.0	0.460351	-0.21743600000000002	-0.8606969999999999	0.0	-0.741812	-0.626795	-0.238418	0.0	2.53876	1.5341799999999999	1.1245	0.363975	
0	0.9998610000000001	0.0123994	-0.011106999999999999	0.0	0.00912926	0.149498	0.98872	0.0	0.013919999999999998	-0.988684	0.149364	0.0	-2.69215	-3.58385	-1.8043	0.113349	-0.486254	0.7480020000000001	-0.451719	0.0	0.461898	-0.2188	-0.8595209999999999	0.0	-0.7417600000000001	-0.626594	-0.239108	0.0	2.54333	1.53335	1.1152	0.363979	
0	0.999286	0.0357209	-0.012320399999999999	0.0	0.00626372	0.164949	0.986282	0.0	0.0372631	-0.985655	0.164607	0.0	-2.71014	-3.57725	-1.79987	0.113227	-0.48374700000000004	0.7481270000000001	-0.454196	0.0	0.46370100000000003	-0.22105100000000003	-0.857973	0.0	-0.742274	-0.625654	-0.239975	0.0	2.54284	1.53557	1.11356	0.363982	
0	0.997568	0.06732339999999999	-0.0180499	0.0	0.00540324	0.183488	0.983007	0.0	0.0694913	-0.980714	0.182678	0.0	-2.7301599999999997	-3.56835	-1.80643	0.11316300000000001	-0.48252700000000004	0.7486659999999999	-0.454607	0.0	0.46420600000000006	-0.22154899999999997	-0.8575719999999999	0.0	-0.7427520000000001	-0.6248319999999999	-0.24063299999999999	0.0	2.54487	1.53839	1.1109200000000001	0.363975	
0	0.994243	0.102855	-0.0300247	0.0	0.00355101	0.248435	0.968642	0.0	0.107089	-0.9631719999999999	0.246639	0.0	-2.73388	-3.54975	-1.81395	0.11286099999999999	-0.482026	0.749091	-0.454438	0.0	0.464028	-0.221692	-0.8576309999999999	0.0	-0.743189	-0.624272	-0.240738	0.0	2.54393	1.53609	1.1074	0.36397399999999996	
0	0.9918299999999999	0.12223099999999999	-0.03651769999999999	0.0	-0.00436601	0.318614	0.947875	0.0	0.127495	-0.9399709999999999	0.316544	0.0	-2.73502	-3.52504	-1.8174700000000001	0.112891	-0.481941	0.749629	-0.453639	0.0	0.46371999999999997	-0.221067	-0.857959	0.0	-0.743436	-0.623847	-0.24107699999999999	0.0	2.54498	1.5340200000000002	1.10561	0.363973	
0	0.989042	0.145279	-0.0262807	0.0	-0.0169898	0.288826	0.9572309999999999	0.0	0.14665599999999998	-0.9462950000000001	0.288129	0.0	-2.67022	-3.22951	-1.819	0.11286600000000001	-0.481416	0.7497739999999999	-0.453958	0.0	0.46391000000000004	-0.221467	-0.8577530000000001	0.0	-0.743657	-0.623532	-0.24120999999999998	0.0	2.5458	1.5316	1.10005	0.363978	
0	0.98919	0.14518	-0.0206486	0.0	0.0171295	0.0254476	0.9995290000000001	0.0	0.145637	-0.989078	0.0226857	0.0	-2.67541	-2.9323599999999996	-1.8642400000000001	0.112399	-0.482026	0.7496659999999999	-0.453488	0.0	0.46406800000000004	-0.22057100000000002	-0.857899	0.0	-0.743164	-0.623979	-0.241575	0.0	2.5462	1.5316	1.10022	0.363981	
0	0.988701	0.149895	0.00117541	0.0	0.0103469	-0.07606619999999999	0.997049	0.0	0.149542	-0.985771	-0.0767577	0.0	-2.6667099999999997	-2.50313	-1.82682	0.11242200000000001	-0.482067	0.749075	-0.454421	0.0	0.46466499999999994	-0.22111999999999998	-0.857433	0.0	-0.7427630000000001	-0.624494	-0.24147399999999997	0.0	2.54661	1.53004	1.09991	0.36399000000000004	
0	0.987722	0.155831	0.011042299999999998	0.0	0.00750963	-0.11796400000000001	0.9929889999999999	0.0	0.156041	-0.980715	-0.11768599999999999	0.0	-2.60882	-2.18005	-1.9563099999999998	0.11276099999999999	-0.481987	0.749521	-0.453769	0.0	0.46447700000000003	-0.220563	-0.8576790000000001	0.0	-0.742933	-0.624156	-0.241827	0.0	2.5460599999999998	1.531	1.0973700000000002	0.36397199999999996	
0	0.9813290000000001	0.18976400000000002	0.0313567	0.0	-0.000358284	-0.161226	0.9869180000000001	0.0	0.19233699999999998	-0.9685020000000001	-0.158147	0.0	-2.60045	-1.71967	-1.88153	0.113004	-0.482005	0.749237	-0.454219	0.0	0.464764	-0.220829	-0.857455	0.0	-0.742742	-0.624402	-0.24177800000000002	0.0	2.54182	1.5318	1.10375	0.363987	
0	0.960227	0.277001	0.0351185	0.0	0.012324600000000002	-0.16769900000000001	0.9857610000000001	0.0	0.278947	-0.9461219999999999	-0.164443	0.0	-2.5810299999999997	-1.49052	-1.83949	0.112757	-0.48180600000000007	0.749792	-0.45351499999999995	0.0	0.464729	-0.22012800000000002	-0.8576540000000001	0.0	-0.742893	-0.623984	-0.242391	0.0	2.54521	1.53121	1.0981	0.363981	
4	0.945757	0.32324	0.0325661	0.0	0.0217423	-0.162993	0.9863879999999999	0.0	0.324148	-0.932175	-0.16118	0.0	-2.56467	-1.43184	-1.8214599999999999	0.112757	-0.48196700000000003	0.749238	-0.454259	0.0	0.46563699999999997	-0.22015500000000002	-0.8571549999999999	0.0	-0.74222	-0.62464	-0.242765	0.0	2.54418	1.53013	1.09454	0.363977	
4	0.923902	0.37914499999999995	0.05150880000000001	0.0	0.010263600000000001	-0.159127	0.9872049999999999	0.0	0.38249	-0.911552	-0.150909	0.0	-2.53602	-1.41252	-1.7783400000000003	0.113004	-0.48335500000000003	0.7474430000000001	-0.45573800000000003	0.0	0.468264	-0.21910700000000002	-0.855991	0.0	-0.73966	-0.627153	-0.244094	0.0	2.54307	1.53186	1.09166	0.36397199999999996	
4	0.872949	0.47353199999999995	0.117164	0.0	-0.0578557	-0.137984	0.988743	0.0	0.484368	-0.869901	-0.0930563	0.0	-2.3980900000000003	-1.5429700000000002	-1.73648	0.11275999999999999	-0.477207	0.7458739999999999	-0.464699	0.0	0.473195	-0.22749499999999998	-0.8510770000000001	0.0	-0.740513	-0.626033	-0.24438200000000002	0.0	2.55884	1.54241	1.08883	0.36398800000000003	
4	0.8525219999999999	0.501771	0.146396	0.0	-0.08423710000000001	-0.144527	0.985909	0.0	0.515858	-0.852841	-0.0809446	0.0	-2.33489	-1.59896	-1.7245099999999998	0.113008	-0.46413699999999997	0.74675	-0.47638400000000003	0.0	0.477149	-0.24233400000000002	-0.84475	0.0	-0.746261	-0.619386	-0.243835	0.0	2.5641599999999998	1.55443	1.07853	0.363962	
4	0.814477	0.5147010000000001	0.267787	0.0	-0.196974	-0.188836	0.962051	0.0	0.545736	-0.836316	-0.052419900000000005	0.0	-2.1560900000000003	-1.6966900000000003	-1.6668900000000002	0.113008	-0.383054	0.751747	-0.536792	0.0	0.493172	-0.324929	-0.806971	0.0	-0.781058	-0.5738439999999999	-0.246275	0.0	2.59462	1.6504	1.03756	0.363886	
4	0.7922399999999999	0.5164380000000001	0.325035	0.0	-0.249244	-0.21233400000000002	0.9448770000000001	0.0	0.556987	-0.8295819999999999	-0.03950069999999999	0.0	-2.07974	-1.7122099999999998	-1.62297	0.112759	-0.333669	0.748078	-0.573624	0.0	0.500533	-0.37504699999999996	-0.780261	0.0	-0.798832	-0.547466	-0.249296	0.0	2.6152900000000003	1.71553	1.0134100000000001	0.362527	
4	0.766949	0.48818199999999995	0.416495	0.0	-0.325712	-0.263073	0.9081319999999999	0.0	0.552902	-0.832148	-0.0427571	0.0	-1.93292	-1.7241900000000001	-1.5771700000000002	0.11300299999999999	-0.203978	0.720547	-0.662726	0.0	0.5091439999999999	-0.5001220000000001	-0.7004640000000001	0.0	-0.836161	-0.48030200000000006	-0.264849	0.0	2.66217	1.8712	0.932516	0.360259	
4	0.741007	0.441982	0.50553	0.0	-0.402395	-0.310421	0.8612299999999999	0.0	0.537575	-0.8416	-0.052172300000000005	0.0	-1.79119	-1.75442	-1.56435	0.112758	-0.13667200000000002	0.680742	-0.7196600000000001	0.0	0.521717	-0.568098	-0.636456	0.0	-0.8421	-0.462445	-0.277512	0.0	2.7479400000000003	1.9452200000000002	0.820298	0.357954	
4	0.730546	0.41845299999999996	0.539629	0.0	-0.435108	-0.323804	0.8401379999999999	0.0	0.526293	-0.848557	-0.054481100000000005	0.0	-1.7516200000000002	-1.7957	-1.57995	0.112755	-0.0968248	0.642469	-0.76017	0.0	0.512169	-0.622715	-0.591532	0.0	-0.85341	-0.44661000000000006	-0.268758	0.0	2.78103	1.94245	0.7806649999999999	0.357659	
4	0.715773	0.36599299999999996	0.594741	0.0	-0.498605	-0.328447	0.802194	0.0	0.488939	-0.8707309999999999	-0.052607600000000004	0.0	-1.71878	-1.9231599999999998	-1.6244100000000001	0.113008	-0.041237	0.559574	-0.8277540000000001	0.0	0.487417	-0.7119260000000001	-0.505555	0.0	-0.872195	-0.424309	-0.243389	0.0	2.84017	1.9249599999999998	0.709159	0.356831	
