0	-0.204684	0.666139	-0.717191	0.0	0.0403792	0.737826	0.673782	0.0	0.9779950000000001	0.108953	-0.177919	0.0	-2.84016	1.87717	1.42087	0.0	0.184623	0.506525	-0.8422280000000001	0.0	0.339508	-0.837074	-0.42900200000000005	0.0	-0.922306	-0.20673899999999998	-0.326513	0.0	2.73665	1.9134099999999998	1.62458	0.0	
0	-0.208438	0.670438	-0.712086	0.0	0.053774	0.7348319999999999	0.676114	0.0	0.976556	0.10263599999999999	-0.189219	0.0	-2.84544	1.88865	1.41944	0.0	0.190748	0.512181	-0.8374280000000001	0.0	0.335569	-0.83572	-0.434701	0.0	-0.922501	-0.198097	-0.331284	0.0	2.74087	1.9110900000000002	1.6273	0.0	
0	-0.22702399999999998	0.698875	-0.678257	0.0	0.0738482	0.706791	0.703558	0.0	0.9710850000000001	0.10963599999999998	-0.212069	0.0	-2.84183	1.9382700000000002	1.40054	0.0	0.187161	0.584217	-0.789722	0.0	0.323635	-0.795717	-0.5119520000000001	0.0	-0.9274870000000001	-0.15976400000000002	-0.33799999999999997	0.0	2.7461	1.9186400000000001	1.61409	0.0	
0	-0.302228	0.728562	-0.6147	0.0	0.0883727	0.6634939999999999	0.7429439999999999	0.0	0.949131	0.170216	-0.264912	0.0	-2.8668400000000003	2.11687	1.2971700000000002	0.33329899999999996	0.161407	0.681934	-0.713382	0.0	0.377986	-0.7104560000000001	-0.593616	0.0	-0.911633	-0.173834	-0.372434	0.0	2.74214	1.95302	1.5443200000000001	0.345483	
0	-0.292456	0.748596	-0.5950409999999999	0.0	0.107749	0.64408	0.757332	0.0	0.950189	0.157371	-0.269025	0.0	-2.82837	2.19517	1.29063	0.346472	0.154598	0.694084	-0.703098	0.0	0.386048	-0.697515	-0.603688	0.0	-0.909432	-0.178101	-0.375784	0.0	2.72237	1.92936	1.5271299999999999	0.344557	
0	-0.291572	0.7572909999999999	-0.584377	0.0	0.114845	0.634217	0.764578	0.0	0.94963	0.155817	-0.271891	0.0	-2.83906	2.2198700000000002	1.28277	0.347093	0.154864	0.693427	-0.703688	0.0	0.385279	-0.698275	-0.603302	0.0	-0.9097129999999999	-0.17768599999999998	-0.3753	0.0	2.7151	1.92387	1.51965	0.344997	
0	-0.280116	0.768195	-0.575683	0.0	0.128914	0.6243609999999999	0.770424	0.0	0.9512709999999999	0.141595	-0.273925	0.0	-2.84445	2.22437	1.28952	0.34681999999999996	0.145406	0.69882	-0.700362	0.0	0.393341	-0.690369	-0.6071850000000001	0.0	-0.9078219999999999	-0.187193	-0.375258	0.0	2.7108	1.9204700000000001	1.52435	0.345186	
0	-0.269096	0.774859	-0.571997	0.0	0.14084000000000002	0.619179	0.772516	0.0	0.95276	0.12732100000000002	-0.27575	0.0	-2.86332	2.2259599999999997	1.2979100000000001	0.346669	0.132884	0.700572	-0.7011	0.0	0.40069899999999997	-0.6849609999999999	-0.608498	0.0	-0.9065219999999999	-0.200071	-0.371739	0.0	2.70128	1.92577	1.53315	0.345112	
0	-0.261007	0.77996	-0.568803	0.0	0.14919000000000002	0.61474	0.774492	0.0	0.9537389999999999	0.11728800000000002	-0.276814	0.0	-2.89153	2.23073	1.3067	0.346516	0.12804100000000002	0.7006399999999999	-0.701933	0.0	0.40239899999999995	-0.683585	-0.608923	0.0	-0.906466	-0.20449	-0.369464	0.0	2.69382	1.92915	1.54083	0.34511	
0	-0.261079	0.7799149999999999	-0.568833	0.0	0.149106	0.61478	0.774476	0.0	0.953732	0.11738299999999999	-0.276796	0.0	-2.89068	2.23064	1.30643	0.346524	0.128093	0.700642	-0.701921	0.0	0.402382	-0.683596	-0.608921	0.0	-0.906466	-0.204442	-0.369489	0.0	2.69404	1.92914	1.5406	0.34511	
0	-0.26107800000000003	0.7799149999999999	-0.568833	0.0	0.149107	0.61478	0.774476	0.0	0.953732	0.117382	-0.276796	0.0	-2.89068	2.23064	1.30643	0.346524	0.128092	0.700642	-0.701921	0.0	0.402382	-0.683596	-0.608921	0.0	-0.906466	-0.204442	-0.369489	0.0	2.69404	1.92914	1.5406	0.34511	
0	-0.26107800000000003	0.7799149999999999	-0.568833	0.0	0.149106	0.614779	0.774476	0.0	0.953732	0.117382	-0.276796	0.0	-2.89068	2.23064	1.30643	0.346524	0.128092	0.700642	-0.701921	0.0	0.402382	-0.683596	-0.608921	0.0	-0.906466	-0.204443	-0.369489	0.0	2.69404	1.92914	1.5406	0.345111	
0	-0.26107800000000003	0.7799149999999999	-0.568833	0.0	0.149107	0.61478	0.774476	0.0	0.953732	0.117382	-0.276796	0.0	-2.89068	2.23064	1.30643	0.346524	0.128092	0.700642	-0.701921	0.0	0.402382	-0.683596	-0.608921	0.0	-0.906466	-0.204443	-0.369489	0.0	2.69404	1.92914	1.5406	0.34511	
0	-0.26107800000000003	0.7799149999999999	-0.568833	0.0	0.149107	0.61478	0.774476	0.0	0.953732	0.117382	-0.276796	0.0	-2.89068	2.23064	1.30643	0.346524	0.128092	0.700642	-0.701921	0.0	0.402382	-0.683596	-0.608921	0.0	-0.906466	-0.204442	-0.369489	0.0	2.69404	1.92914	1.5406	0.34511	
0	-0.26107800000000003	0.7799149999999999	-0.568833	0.0	0.149107	0.61478	0.774476	0.0	0.953732	0.117382	-0.276796	0.0	-2.89068	2.23064	1.30643	0.346524	0.128092	0.700642	-0.701921	0.0	0.402382	-0.683596	-0.608921	0.0	-0.906466	-0.204443	-0.369489	0.0	2.69404	1.92914	1.5406	0.34511	
0	-0.26107800000000003	0.7799149999999999	-0.568833	0.0	0.149107	0.61478	0.774476	0.0	0.953732	0.117382	-0.276796	0.0	-2.89068	2.23064	1.30643	0.346524	0.128092	0.700642	-0.701921	0.0	0.402382	-0.683596	-0.608921	0.0	-0.906466	-0.204443	-0.369489	0.0	2.69404	1.92914	1.5406	0.34511	
0	-0.26107800000000003	0.7799149999999999	-0.568833	0.0	0.149107	0.61478	0.774476	0.0	0.953732	0.117382	-0.276796	0.0	-2.89068	2.23064	1.30643	0.346524	0.128092	0.700642	-0.701921	0.0	0.402382	-0.683596	-0.608921	0.0	-0.906466	-0.204443	-0.369489	0.0	2.69404	1.92914	1.5406	0.34511	
0	-0.26107800000000003	0.7799149999999999	-0.568833	0.0	0.149107	0.61478	0.774476	0.0	0.953732	0.117382	-0.276796	0.0	-2.89068	2.23064	1.30643	0.346524	0.128092	0.700642	-0.701921	0.0	0.402382	-0.683596	-0.608921	0.0	-0.906466	-0.204442	-0.369489	0.0	2.69404	1.92914	1.5406	0.34511	
0	-0.26107800000000003	0.7799149999999999	-0.568833	0.0	0.149107	0.61478	0.774476	0.0	0.953732	0.117382	-0.276796	0.0	-2.89068	2.23064	1.30643	0.346524	0.128092	0.700642	-0.701921	0.0	0.402382	-0.683596	-0.608921	0.0	-0.906466	-0.204443	-0.369489	0.0	2.69404	1.92914	1.5406	0.34511	
0	-0.26107800000000003	0.7799149999999999	-0.568833	0.0	0.149107	0.61478	0.774476	0.0	0.953732	0.117382	-0.276796	0.0	-2.89068	2.23064	1.30643	0.346524	0.128092	0.700642	-0.701921	0.0	0.402382	-0.683596	-0.608921	0.0	-0.906466	-0.204443	-0.369489	0.0	2.69404	1.92914	1.5406	0.34511	
0	-0.26107800000000003	0.7799149999999999	-0.568833	0.0	0.149107	0.61478	0.774476	0.0	0.953732	0.117382	-0.276796	0.0	-2.89068	2.23064	1.30643	0.346524	0.128092	0.700642	-0.701921	0.0	0.402382	-0.683596	-0.608921	0.0	-0.906466	-0.204443	-0.369489	0.0	2.69404	1.92914	1.5406	0.34511	
0	-0.26107800000000003	0.7799149999999999	-0.568833	0.0	0.149107	0.61478	0.774476	0.0	0.953732	0.117382	-0.276796	0.0	-2.89068	2.23064	1.30643	0.346524	0.128092	0.700642	-0.701921	0.0	0.402382	-0.683596	-0.608921	0.0	-0.906466	-0.204443	-0.369489	0.0	2.69404	1.92914	1.5406	0.34511	
0	-0.26107800000000003	0.7799149999999999	-0.568833	0.0	0.149107	0.61478	0.774476	0.0	0.953732	0.117382	-0.276796	0.0	-2.89068	2.23064	1.30643	0.346524	0.128092	0.700642	-0.701921	0.0	0.402382	-0.683596	-0.608921	0.0	-0.906466	-0.204443	-0.369489	0.0	2.69404	1.92914	1.5406	0.34511	
0	-0.26107800000000003	0.7799149999999999	-0.568833	0.0	0.149107	0.61478	0.774476	0.0	0.953732	0.117382	-0.276796	0.0	-2.89068	2.23064	1.30643	0.346524	0.128092	0.700642	-0.701921	0.0	0.402382	-0.683596	-0.608921	0.0	-0.906466	-0.204443	-0.369489	0.0	2.69404	1.92914	1.5406	0.34511	
0	-0.26107800000000003	0.7799149999999999	-0.568833	0.0	0.149107	0.61478	0.774476	0.0	0.953732	0.117382	-0.276796	0.0	-2.89068	2.23064	1.30643	0.346524	0.128092	0.700642	-0.701921	0.0	0.402382	-0.683596	-0.608921	0.0	-0.906466	-0.204443	-0.369489	0.0	2.69404	1.92914	1.5406	0.34511	
0	-0.26107800000000003	0.7799149999999999	-0.568833	0.0	0.149107	0.61478	0.774476	0.0	0.953732	0.117382	-0.276796	0.0	-2.89068	2.23064	1.30643	0.346524	0.128092	0.700642	-0.701921	0.0	0.402382	-0.683596	-0.608921	0.0	-0.906466	-0.204443	-0.369489	0.0	2.69404	1.92914	1.5406	0.34511	
0	-0.26107800000000003	0.7799149999999999	-0.568833	0.0	0.149107	0.61478	0.774476	0.0	0.953732	0.117382	-0.276796	0.0	-2.89068	2.23064	1.30643	0.346524	0.128092	0.700642	-0.701921	0.0	0.402382	-0.683596	-0.608921	0.0	-0.906466	-0.204443	-0.369489	0.0	2.69404	1.92914	1.5406	0.34511	
0	-0.26107800000000003	0.7799149999999999	-0.568833	0.0	0.149107	0.61478	0.774476	0.0	0.953732	0.117382	-0.276796	0.0	-2.89068	2.23064	1.30643	0.346524	0.128092	0.700642	-0.701921	0.0	0.402382	-0.683596	-0.608921	0.0	-0.906466	-0.204443	-0.369489	0.0	2.69404	1.92914	1.5406	0.34511	
0	-0.26107800000000003	0.7799149999999999	-0.568833	0.0	0.149107	0.61478	0.774476	0.0	0.953732	0.117382	-0.276796	0.0	-2.89068	2.23064	1.30643	0.346524	0.128092	0.700642	-0.701921	0.0	0.402382	-0.683596	-0.608921	0.0	-0.906466	-0.204443	-0.369489	0.0	2.69404	1.92914	1.5406	0.345111	
0	-0.26107800000000003	0.7799149999999999	-0.568833	0.0	0.149107	0.61478	0.774476	0.0	0.953732	0.117382	-0.276796	0.0	-2.89068	2.23064	1.30643	0.346524	0.128092	0.700642	-0.701921	0.0	0.402382	-0.683596	-0.608921	0.0	-0.906466	-0.204443	-0.369489	0.0	2.69404	1.92914	1.5406	0.34511	
0	-0.26107800000000003	0.7799149999999999	-0.568833	0.0	0.149107	0.61478	0.774476	0.0	0.953732	0.117382	-0.276796	0.0	-2.89068	2.23064	1.30643	0.346524	0.128092	0.700642	-0.701921	0.0	0.402382	-0.683597	-0.608921	0.0	-0.906466	-0.204443	-0.369489	0.0	2.69404	1.92914	1.5406	0.34511	
0	-0.26107800000000003	0.7799149999999999	-0.568833	0.0	0.149107	0.61478	0.774476	0.0	0.953732	0.117382	-0.276796	0.0	-2.89068	2.23064	1.30643	0.346524	0.128092	0.700642	-0.701921	0.0	0.402382	-0.683596	-0.608921	0.0	-0.906466	-0.204443	-0.369489	0.0	2.69404	1.92914	1.5406	0.34511	
0	-0.26107800000000003	0.7799149999999999	-0.568833	0.0	0.149107	0.61478	0.774476	0.0	0.953732	0.117382	-0.276796	0.0	-2.89068	2.23064	1.30643	0.346524	0.128092	0.700642	-0.701921	0.0	0.402382	-0.683596	-0.608921	0.0	-0.906466	-0.204443	-0.369489	0.0	2.69404	1.92914	1.5406	0.34511	
0	-0.26107800000000003	0.7799149999999999	-0.568833	0.0	0.149107	0.61478	0.774476	0.0	0.953732	0.117382	-0.276796	0.0	-2.89068	2.23064	1.30643	0.346524	0.128092	0.700642	-0.701921	0.0	0.402382	-0.683596	-0.608921	0.0	-0.906466	-0.204443	-0.369489	0.0	2.69404	1.92914	1.5406	0.34511	
0	-0.26107800000000003	0.7799149999999999	-0.568833	0.0	0.149107	0.61478	0.774476	0.0	0.953732	0.117382	-0.276796	0.0	-2.89068	2.23064	1.30643	0.346524	0.128092	0.700642	-0.701921	0.0	0.402382	-0.683596	-0.608921	0.0	-0.906466	-0.204443	-0.369489	0.0	2.69404	1.92914	1.5406	0.34511	
0	-0.26107800000000003	0.7799149999999999	-0.568833	0.0	0.149107	0.61478	0.774476	0.0	0.953732	0.117382	-0.276796	0.0	-2.89068	2.23064	1.30643	0.346524	0.128092	0.700642	-0.701921	0.0	0.402382	-0.683596	-0.608921	0.0	-0.906466	-0.204443	-0.369489	0.0	2.69404	1.92914	1.5406	0.34511	
0	-0.26107800000000003	0.7799149999999999	-0.568833	0.0	0.149107	0.61478	0.774476	0.0	0.953732	0.117382	-0.276796	0.0	-2.89068	2.23064	1.30643	0.346524	0.128092	0.700642	-0.701921	0.0	0.402382	-0.683596	-0.608921	0.0	-0.906466	-0.204443	-0.369489	0.0	2.69404	1.92914	1.5406	0.34511	
0	-0.26107800000000003	0.7799149999999999	-0.568833	0.0	0.149107	0.61478	0.774476	0.0	0.953732	0.117382	-0.276796	0.0	-2.89068	2.23064	1.30643	0.346524	0.128092	0.700642	-0.701921	0.0	0.402382	-0.683596	-0.608921	0.0	-0.906466	-0.204443	-0.369489	0.0	2.69404	1.92914	1.5406	0.345111	
0	-0.13294	0.890487	-0.435155	0.0	0.189638	0.453794	0.8706940000000001	0.0	0.9728129999999999	0.0332283	-0.229198	0.0	-2.84974	2.1618	1.27696	0.35034499999999996	0.127136	0.721846	-0.680276	0.0	0.381058	-0.668756	-0.638405	0.0	-0.915768	-0.17806	-0.360088	0.0	2.68498	1.9045400000000001	1.55208	0.35567	
0	0.186407	0.898224	-0.398052	0.0	0.340944	0.320834	0.883642	0.0	0.921417	-0.300431	-0.246439	0.0	-2.90581	1.89651	1.16262	0.35168699999999997	0.131453	0.711097	-0.690697	0.0	0.36849299999999996	-0.681869	-0.631877	0.0	-0.9202899999999999	-0.171454	-0.351668	0.0	2.62478	1.88605	1.59721	0.35782800000000003	
0	0.291108	0.876914	-0.382463	0.0	0.35685500000000003	0.271393	0.893868	0.0	0.8876430000000001	-0.396696	-0.23392600000000002	0.0	-2.87126	1.7819900000000002	1.01358	0.35285900000000003	0.10541800000000001	0.713593	-0.692584	0.0	0.376784	-0.673199	-0.636269	0.0	-0.920283	-0.19388	-0.33983800000000003	0.0	2.56344	1.8501900000000002	1.67185	0.358852	
0	0.389206	0.844361	-0.368203	0.0	0.369421	0.22309099999999998	0.902086	0.0	0.843829	-0.48711899999999997	-0.225096	0.0	-2.8729400000000003	1.62812	0.870495	0.353429	0.10393499999999999	0.713645	-0.692755	0.0	0.375948	-0.67304	-0.636931	0.0	-0.920794	-0.19424	-0.338246	0.0	2.5485900000000004	1.8346200000000001	1.6996200000000001	0.359076	
0	0.522399	0.767407	-0.371735	0.0	0.38158400000000003	0.179473	0.9067430000000001	0.0	0.7625569999999999	-0.615529	-0.199073	0.0	-2.95545	1.37615	0.717218	0.353995	0.0985447	0.7134	-0.693793	0.0	0.37861	-0.6716340000000001	-0.636838	0.0	-0.9202950000000001	-0.19992000000000001	-0.33628600000000003	0.0	2.53918	1.8296	1.7105400000000002	0.35975999999999997	
0	0.627088	0.678845	-0.382008	0.0	0.379594	0.161924	0.9108729999999999	0.0	0.680197	-0.716206	-0.156145	0.0	-3.0935799999999998	1.03958	0.601526	0.354456	0.09352970000000001	0.7119340000000001	-0.69599	0.0	0.38615700000000003	-0.670272	-0.633734	0.0	-0.9176790000000001	-0.209488	-0.337608	0.0	2.53792	1.8012099999999998	1.7062700000000002	0.359976	
0	0.6933020000000001	0.5978439999999999	-0.402386	0.0	0.381156	0.16966900000000001	0.908808	0.0	0.611598	-0.783451	-0.11024	0.0	-3.28366	0.698937	0.465976	0.354921	0.0890985	0.711967	-0.696537	0.0	0.393212	-0.667659	-0.632152	0.0	-0.915121	-0.217563	-0.339441	0.0	2.54066	1.76908	1.69993	0.36004899999999995	
0	0.775003	0.48236	-0.408289	0.0	0.380542	0.159601	0.9108870000000001	0.0	0.5045390000000001	-0.861311	-0.0598669	0.0	-3.4267300000000005	0.35733000000000004	0.37649699999999997	0.355095	0.0849127	0.7100380000000001	-0.699025	0.0	0.400794	-0.666639	-0.628456	0.0	-0.912225	-0.22680100000000003	-0.341186	0.0	2.5414	1.75078	1.69406	0.360331	
0	0.812511	0.44165600000000005	-0.38048200000000004	0.0	0.35287399999999997	0.146895	0.924068	0.0	0.46401099999999995	-0.885077	-0.036495099999999996	0.0	-3.50087	0.15929000000000001	0.309659	0.35676599999999997	0.0759031	0.708497	-0.701621	0.0	0.409097	-0.663828	-0.626077	0.0	-0.909329	-0.23951	-0.340231	0.0	2.5449	1.71134	1.6927599999999998	0.360716	
0	0.839282	0.40414	-0.363699	0.0	0.335552	0.141318	0.9313610000000001	0.0	0.42779799999999996	-0.9037149999999999	-0.017004599999999998	0.0	-3.4847	0.015051499999999999	0.22047600000000003	0.356584	0.07339069999999999	0.709014	-0.701365	0.0	0.411807	-0.6620520000000001	-0.626181	0.0	-0.9083110000000001	-0.242871	-0.340565	0.0	2.5495400000000004	1.6814200000000001	1.68605	0.360718	
0	0.856828	0.38648899999999997	-0.34128000000000003	0.0	0.311854	0.13864300000000002	0.93996	0.0	0.4106	-0.9118139999999999	-0.00173543	0.0	-3.4555800000000003	-0.0800544	0.128889	0.357439	0.0672214	0.709146	-0.70185	0.0	0.419124	-0.658436	-0.625138	0.0	-0.905437	-0.252139	-0.341481	0.0	2.55423	1.6447900000000002	1.6784700000000001	0.36076199999999997	
0	0.864187	0.37896399999999997	-0.331011	0.0	0.298708	0.143002	0.94357	0.0	0.404914	-0.9142959999999999	0.010380799999999999	0.0	-3.3967300000000002	-0.13636199999999998	0.06584889999999999	0.357321	0.06366659999999999	0.7088760000000001	-0.702454	0.0	0.42506099999999997	-0.656105	-0.623578	0.0	-0.9029229999999999	-0.258885	-0.343088	0.0	2.5664599999999997	1.5918	1.6605400000000001	0.36080999999999996	
0	0.862447	0.38535	-0.328162	0.0	0.294724	0.14476	0.9445540000000001	0.0	0.41148900000000005	-0.9113450000000001	0.011276399999999999	0.0	-3.34887	-0.16031600000000001	-0.0343202	0.356915	0.0632986	0.709663	-0.701692	0.0	0.42676000000000003	-0.6548229999999999	-0.623765	0.0	-0.9021469999999999	-0.259971	-0.344306	0.0	2.57293	1.57522	1.6495900000000001	0.360485	
0	0.857456	0.404386	-0.318183	0.0	0.282386	0.14711	0.9479540000000001	0.0	0.430147	-0.9026799999999999	0.0119479	0.0	-3.26958	-0.181818	-0.148232	0.356665	0.0633079	0.708489	-0.7028770000000001	0.0	0.427522	-0.655647	-0.622376	0.0	-0.9017850000000001	-0.261094	-0.344402	0.0	2.57228	1.57449	1.64845	0.36065	
0	0.8533440000000001	0.418235	-0.311261	0.0	0.27561399999999997	0.14488	0.9502879999999999	0.0	0.442539	-0.89671	0.00836143	0.0	-3.20473	-0.199284	-0.23976799999999998	0.356836	0.0623872	0.7077140000000001	-0.703739	0.0	0.42829700000000004	-0.655871	-0.621607	0.0	-0.901482	-0.262629	-0.34403	0.0	2.57458	1.5716299999999999	1.6474900000000001	0.360638	
0	0.8488180000000001	0.42695900000000003	-0.311791	0.0	0.273032	0.151002	0.9500799999999999	0.0	0.452726	-0.891574	0.0115999	0.0	-3.1531	-0.2302	-0.282945	0.35692199999999996	0.0617775	0.7077640000000001	-0.703743	0.0	0.430997	-0.654879	-0.620786	0.0	-0.900236	-0.26496	-0.345501	0.0	2.57503	1.56907	1.64425	0.360453	
0	0.839673	0.43835100000000005	-0.320621	0.0	0.27270900000000003	0.170218	0.9469190000000001	0.0	0.469658	-0.882539	0.0233857	0.0	-3.14817	-0.287997	-0.333892	0.356831	0.060367	0.7077140000000001	-0.703915	0.0	0.43281800000000004	-0.654017	-0.620429	0.0	-0.899458	-0.26721300000000003	-0.34579299999999996	0.0	2.5749	1.56503	1.64419	0.360771	
0	0.836478	0.443754	-0.32154	0.0	0.27221300000000004	0.172774	0.946599	0.0	0.47561000000000003	-0.879336	0.0237264	0.0	-3.1425	-0.31910700000000003	-0.344006	0.357249	0.0590174	0.707728	-0.704016	0.0	0.434483	-0.653153	-0.620174	0.0	-0.8987440000000001	-0.269282	-0.346043	0.0	2.5752599999999997	1.5594	1.64563	0.360741	
0	0.832781	0.447715	-0.32561799999999996	0.0	0.272892	0.179764	0.945101	0.0	0.48167	-0.87592	0.027526099999999998	0.0	-3.1419099999999998	-0.327285	-0.346558	0.357342	0.0583489	0.7075239999999999	-0.704277	0.0	0.435442	-0.652868	-0.6198020000000001	0.0	-0.898324	-0.270507	-0.34618000000000004	0.0	2.57616	1.5579399999999999	1.6455400000000002	0.360723	
0	0.832764	0.447733	-0.325637	0.0	0.272896	0.179794	0.9450940000000001	0.0	0.48169700000000004	-0.8759049999999999	0.027541000000000003	0.0	-3.14193	-0.327175	-0.346557	0.357342	0.0583466	0.7075239999999999	-0.704276	0.0	0.435446	-0.652866	-0.619801	0.0	-0.898322	-0.270511	-0.346181	0.0	2.57613	1.55796	1.64556	0.360722	
0	0.832764	0.447733	-0.325637	0.0	0.272896	0.179793	0.9450940000000001	0.0	0.48169700000000004	-0.8759049999999999	0.0275408	0.0	-3.14193	-0.327175	-0.346556	0.35734299999999997	0.0583466	0.7075239999999999	-0.704276	0.0	0.435446	-0.652866	-0.619801	0.0	-0.898322	-0.270511	-0.346181	0.0	2.57613	1.55796	1.64556	0.360722	
0	0.832764	0.447733	-0.325637	0.0	0.272896	0.179793	0.9450940000000001	0.0	0.48169700000000004	-0.8759049999999999	0.0275408	0.0	-3.14193	-0.327175	-0.346556	0.35734299999999997	0.0583466	0.7075239999999999	-0.704276	0.0	0.435446	-0.652866	-0.619801	0.0	-0.898322	-0.270511	-0.346181	0.0	2.57613	1.55796	1.64556	0.360722	
0	0.832764	0.447733	-0.325637	0.0	0.272896	0.179793	0.9450940000000001	0.0	0.48169700000000004	-0.8759049999999999	0.0275408	0.0	-3.14193	-0.327175	-0.346556	0.35734299999999997	0.0583466	0.7075239999999999	-0.704276	0.0	0.435446	-0.652866	-0.619801	0.0	-0.898322	-0.270511	-0.346181	0.0	2.57613	1.55796	1.64556	0.360722	
0	0.832764	0.447733	-0.325637	0.0	0.272896	0.179793	0.9450940000000001	0.0	0.48169700000000004	-0.8759049999999999	0.0275408	0.0	-3.14193	-0.327175	-0.346556	0.35734299999999997	0.0583466	0.7075239999999999	-0.704276	0.0	0.435446	-0.652866	-0.619801	0.0	-0.898322	-0.270511	-0.346181	0.0	2.57613	1.55796	1.64556	0.360722	
0	0.832764	0.447733	-0.325637	0.0	0.272896	0.179793	0.9450940000000001	0.0	0.48169700000000004	-0.8759049999999999	0.0275408	0.0	-3.14193	-0.327175	-0.346556	0.35734299999999997	0.0583466	0.7075239999999999	-0.704276	0.0	0.435446	-0.652866	-0.619801	0.0	-0.898322	-0.270511	-0.346181	0.0	2.57613	1.55796	1.64556	0.360722	
0	0.832764	0.447733	-0.325637	0.0	0.272896	0.179793	0.9450940000000001	0.0	0.48169700000000004	-0.8759049999999999	0.0275408	0.0	-3.14193	-0.327175	-0.346556	0.35734299999999997	0.0583466	0.7075239999999999	-0.704276	0.0	0.435446	-0.652866	-0.619801	0.0	-0.898322	-0.270511	-0.346181	0.0	2.57613	1.55796	1.64556	0.360722	
0	0.503671	0.776792	-0.378033	0.0	0.369331	0.201968	0.907085	0.0	0.780968	-0.596492	-0.185168	0.0	-3.17904	-0.0766449	-0.259004	0.35382199999999997	0.040680900000000006	0.706937	-0.706105	0.0	0.459991	-0.640598	-0.6148520000000001	0.0	-0.886991	-0.29978899999999997	-0.351245	0.0	2.53232	1.59175	1.6744299999999999	0.360159	
0	0.475876	0.797678	-0.370476	0.0	0.372799	0.198575	0.906416	0.0	0.7965939999999999	-0.569455	-0.202876	0.0	-3.26106	0.190278	-0.118708	0.35104	0.0411889	0.70792	-0.705091	0.0	0.46089300000000005	-0.639587	-0.615229	0.0	-0.8865	-0.299631	-0.352619	0.0	2.53709	1.5978700000000001	1.67687	0.359995	
0	0.504447	0.77018	-0.390328	0.0	0.359678	0.22353499999999998	0.905905	0.0	0.7849619999999999	-0.5973729999999999	-0.16425599999999999	0.0	-3.20328	0.103578	-0.115594	0.352713	0.040387900000000004	0.707338	-0.705721	0.0	0.46296400000000004	-0.639154	-0.614123	0.0	-0.8854569999999999	-0.30191999999999997	-0.353286	0.0	2.54375	1.60287	1.6812799999999999	0.35972800000000005	
0	0.584597	0.696289	-0.416446	0.0	0.347762	0.24869699999999997	0.9039969999999999	0.0	0.733013	-0.673299	-0.0967555	0.0	-3.01307	-0.438479	-0.18484	0.355799	0.038939	0.708241	-0.704896	0.0	0.465859	-0.636943	-0.6142310000000001	0.0	-0.8840020000000001	-0.304465	-0.354743	0.0	2.55178	1.58956	1.6781099999999998	0.359572	
0	0.650745	0.620654	-0.43740100000000004	0.0	0.349877	0.266154	0.898192	0.0	0.673882	-0.737531	-0.0439542	0.0	-2.7044099999999998	-1.18098	-0.391921	0.356552	0.0380876	0.7089840000000001	-0.704195	0.0	0.46854799999999996	-0.635109	-0.614085	0.0	-0.882617	-0.30656	-0.35638200000000003	0.0	2.57076	1.58198	1.6835799999999999	0.359213	
0	0.70055	0.556042	-0.447266	0.0	0.367531	0.256105	0.8940530000000001	0.0	0.6116779999999999	-0.790713	-0.0249483	0.0	-2.67466	-1.55225	-0.483166	0.355585	0.0380023	0.709608	-0.7035710000000001	0.0	0.467592	-0.6348689999999999	-0.61506	0.0	-0.883127	-0.305611	-0.35593400000000003	0.0	2.57869	1.58133	1.6836200000000001	0.35926199999999997	
0	0.728829	0.522048	-0.443029	0.0	0.357054	0.262316	0.896495	0.0	0.584226	-0.811577	0.00478375	0.0	-2.6302	-1.9624599999999999	-0.667724	0.355736	0.0376641	0.709746	-0.70345	0.0	0.46765	-0.634626	-0.615267	0.0	-0.8831110000000001	-0.305795	-0.35581599999999997	0.0	2.58061	1.58122	1.68409	0.35937800000000003	
0	0.7723939999999999	0.45135600000000003	-0.446862	0.0	0.370259	0.25167	0.8941870000000001	0.0	0.516058	-0.8561190000000001	0.027270099999999995	0.0	-2.6265400000000003	-2.27972	-0.7884909999999999	0.35422600000000004	0.0369707	0.709464	-0.7037720000000001	0.0	0.467558	-0.634695	-0.615266	0.0	-0.8831889999999999	-0.306307	-0.35518	0.0	2.5802	1.58114	1.68785	0.35943400000000003	
0	0.804845	0.405364	-0.43348000000000003	0.0	0.373413	0.221823	0.900754	0.0	0.46128800000000003	-0.886834	0.027164999999999998	0.0	-2.62925	-2.4974	-0.8926040000000001	0.353634	0.0378577	0.7089340000000001	-0.7042579999999999	0.0	0.46728100000000006	-0.635521	-0.6146229999999999	0.0	-0.8832979999999999	-0.305818	-0.355331	0.0	2.57943	1.57721	1.6853599999999997	0.359505	
0	0.8411709999999999	0.345688	-0.415851	0.0	0.37559499999999996	0.17977100000000001	0.9091819999999999	0.0	0.38905100000000004	-0.920968	0.0213793	0.0	-2.65096	-2.69303	-1.04966	0.353195	0.03736830000000001	0.708734	-0.704485	0.0	0.468199	-0.6352300000000001	-0.614226	0.0	-0.882833	-0.30688699999999997	-0.355567	0.0	2.57461	1.5784799999999999	1.6839099999999998	0.359691	
0	0.8616020000000001	0.27605999999999997	-0.42595	0.0	0.398029	0.153293	0.904474	0.0	0.31498400000000004	-0.948837	0.0221972	0.0	-2.6812400000000003	-2.87534	-1.1669100000000001	0.35279699999999997	0.0372027	0.7073520000000001	-0.705882	0.0	0.469419	-0.6359560000000001	-0.61254	0.0	-0.882191	-0.308566	-0.355704	0.0	2.57118	1.58028	1.68993	0.359342	
0	0.866049	0.22135700000000003	-0.448287	0.0	0.425296	0.145202	0.893331	0.0	0.262837	-0.9643219999999999	0.031609899999999996	0.0	-2.6989099999999997	-3.0760099999999997	-1.2522799999999998	0.35188800000000003	0.0374151	0.707076	-0.7061470000000001	0.0	0.47077600000000003	-0.635784	-0.611677	0.0	-0.881459	-0.309551	-0.356662	0.0	2.58259	1.58311	1.6884099999999997	0.35922800000000005	
0	0.8703290000000001	0.186481	-0.455798	0.0	0.438316	0.12862	0.8895709999999999	0.0	0.22451300000000002	-0.9740030000000001	0.0302043	0.0	-2.69196	-3.17822	-1.32623	0.351887	0.0377534	0.706592	-0.706613	0.0	0.46935699999999997	-0.636804	-0.611707	0.0	-0.882201	-0.30856	-0.355686	0.0	2.5844400000000003	1.58302	1.68777	0.359048	
0	0.875755	0.155889	-0.45689399999999997	0.0	0.445324	0.104539	0.8892459999999999	0.0	0.186387	-0.9822270000000001	0.02213	0.0	-2.6858299999999997	-3.26987	-1.43052	0.352265	0.037068800000000006	0.705924	-0.707317	0.0	0.46847	-0.6374850000000001	-0.6116779999999999	0.0	-0.8827020000000001	-0.308683	-0.354335	0.0	2.58447	1.5821100000000001	1.6924299999999999	0.359142	
0	0.8776950000000001	0.127356	-0.461987	0.0	0.45302200000000004	0.09387619999999999	0.8865430000000001	0.0	0.156277	-0.987405	0.024699400000000003	0.0	-2.70608	-3.34027	-1.53776	0.352535	0.0363768	0.705216	-0.708059	0.0	0.469754	-0.637436	-0.610743	0.0	-0.8820479999999999	-0.310396	-0.354466	0.0	2.57953	1.58431	1.69839	0.358655	
0	0.8810479999999999	0.108231	-0.46047899999999997	0.0	0.45199300000000003	0.0944377	0.887008	0.0	0.139488	-0.9896299999999999	0.0342845	0.0	-2.70522	-3.4135400000000002	-1.59807	0.352475	0.0364385	0.704868	-0.7084020000000001	0.0	0.47013599999999994	-0.63762	-0.6102569999999999	0.0	-0.881842	-0.310808	-0.354618	0.0	2.58095	1.58433	1.6992200000000002	0.358637	
0	0.8898010000000001	0.0964512	-0.44603999999999994	0.0	0.43730699999999995	0.0991857	0.893826	0.0	0.13045199999999998	-0.990384	0.0460767	0.0	-2.65865	-3.4984800000000003	-1.65523	0.352501	0.0370033	0.704392	-0.708847	0.0	0.46981000000000006	-0.638317	-0.60978	0.0	-0.881992	-0.31045900000000004	-0.35455	0.0	2.58323	1.58589	1.6967299999999998	0.358574	
0	0.89699	0.074133	-0.435791	0.0	0.42748100000000006	0.10555	0.897841	0.0	0.11255799999999999	-0.991647	0.06298730000000001	0.0	-2.63751	-3.59496	-1.6989900000000002	0.351826	0.036074199999999994	0.704073	-0.7092109999999999	0.0	0.47026999999999997	-0.638146	-0.609603	0.0	-0.881785	-0.311529	-0.354125	0.0	2.58256	1.58619	1.69712	0.358494	
0	0.896077	0.050849599999999995	-0.44097700000000006	0.0	0.432817	0.120501	0.893392	0.0	0.0985668	-0.99141	0.0859695	0.0	-2.6071	-3.61438	-1.72617	0.354111	0.03573	0.703839	-0.709461	0.0	0.470976	-0.637993	-0.609218	0.0	-0.8814219999999999	-0.312371	-0.35428699999999996	0.0	2.59482	1.58918	1.7015	0.35822800000000005	
0	0.89823	0.034663900000000004	-0.43815600000000005	0.0	0.430651	0.129894	0.893122	0.0	0.0878728	-0.990922	0.101746	0.0	-2.5988	-3.61292	-1.73958	0.353851	0.0358049	0.703915	-0.709382	0.0	0.471955	-0.6376029999999999	-0.6088680000000001	0.0	-0.8808950000000001	-0.31299499999999997	-0.355045	0.0	2.60567	1.5922399999999999	1.7027900000000002	0.358	
0	0.896184	0.0190633	-0.443273	0.0	0.436388	0.14255299999999999	0.888394	0.0	0.0801256	-0.989604	0.119434	0.0	-2.58905	-3.6117199999999996	-1.7542900000000001	0.3553	0.035546100000000004	0.704683	-0.708631	0.0	0.471836	-0.6369060000000001	-0.60969	0.0	-0.88097	-0.312685	-0.355134	0.0	2.61272	1.59	1.7021099999999998	0.357906	
0	0.8977290000000001	0.00618529	-0.44050500000000004	0.0	0.434555	0.15194100000000002	0.8877360000000001	0.0	0.07242180000000001	-0.9883700000000001	0.133714	0.0	-2.58184	-3.6110800000000003	-1.7644099999999998	0.356036	0.0358351	0.7044100000000001	-0.708888	0.0	0.47161899999999995	-0.637306	-0.60944	0.0	-0.881074	-0.312485	-0.355051	0.0	2.61396	1.59128	1.7024400000000002	0.357711	
0	0.898234	-0.00911482	-0.43942200000000003	0.0	0.43546	0.15398499999999998	0.88694	0.0	0.0595802	-0.988031	0.142284	0.0	-2.57091	-3.61029	-1.77279	0.355245	0.0356339	0.704308	-0.7090000000000001	0.0	0.47166	-0.637318	-0.609395	0.0	-0.8810600000000001	-0.312692	-0.354904	0.0	2.6158099999999997	1.59275	1.70242	0.357554	
0	0.8911870000000001	-0.0383669	-0.45201	0.0	0.452169	0.15517	0.878331	0.0	0.036439599999999996	-0.987143	0.155634	0.0	-2.55317	-3.6047	-1.80192	0.336442	0.036153	0.705557	-0.707731	0.0	0.47069099999999997	-0.636744	-0.610743	0.0	-0.8815569999999999	-0.311042	-0.355119	0.0	2.61654	1.61009	1.7102700000000002	0.357321	
0	0.889561	-0.0679314	-0.451737	0.0	0.45618800000000004	0.183912	0.8706709999999999	0.0	0.023934099999999996	-0.980592	0.19459100000000001	0.0	-2.54973	-3.5931699999999998	-1.83244	0.249065	0.036294099999999996	0.706086	-0.707196	0.0	0.47206800000000004	-0.635844	-0.610618	0.0	-0.880815	-0.311683	-0.356398	0.0	2.6166400000000003	1.62028	1.71715	0.357074	
0	0.8883549999999999	-0.09215369999999999	-0.44981400000000005	0.0	0.45896099999999995	0.20681599999999997	0.86405	0.0	0.0134032	-0.97403	0.226021	0.0	-2.5460599999999998	-3.5855699999999997	-1.8381	0.149697	0.03667480000000001	0.706525	-0.706737	0.0	0.470789	-0.6360319999999999	-0.61141	0.0	-0.881483	-0.31030100000000005	-0.355951	0.0	2.61939	1.62455	1.7179200000000001	0.356977	
0	0.9025110000000001	-0.098217	-0.419318	0.0	0.430662	0.210732	0.877566	0.0	0.00217195	-0.9725969999999999	0.23248600000000003	0.0	-2.5428	-3.5838300000000003	-1.8398400000000001	0.146755	0.0364769	0.706461	-0.706812	0.0	0.47101800000000005	-0.635946	-0.611322	0.0	-0.8813690000000001	-0.31062199999999995	-0.355953	0.0	2.61806	1.62812	1.72118	0.357109	
0	0.907283	-0.100383	-0.40836300000000003	0.0	0.420519	0.218073	0.8806860000000001	0.0	0.00064671	-0.970756	0.240067	0.0	-2.54598	-3.582	-1.83991	0.14693399999999998	0.0362214	0.706847	-0.706438	0.0	0.47197799999999995	-0.635195	-0.611363	0.0	-0.880866	-0.311279	-0.356624	0.0	2.6190599999999997	1.6288	1.71922	0.356981	
0	0.904956	-0.101806	-0.41314799999999996	0.0	0.42547299999999993	0.228594	0.875624	0.0	0.00529942	-0.968184	0.250183	0.0	-2.5446299999999997	-3.5792	-1.8419299999999998	0.146447	0.036051599999999996	0.707084	-0.70621	0.0	0.472455	-0.63477	-0.611436	0.0	-0.880617	-0.31161	-0.35695	0.0	2.62073	1.6297700000000002	1.71777	0.35684099999999996	
0	0.8986120000000001	-0.1063	-0.42567200000000005	0.0	0.438381	0.25700100000000003	0.8612620000000001	0.0	0.017846400000000002	-0.9605469999999999	0.277544	0.0	-2.54027	-3.57177	-1.8478700000000001	0.14654	0.035758	0.7083	-0.705006	0.0	0.47299399999999997	-0.6334350000000001	-0.6124029999999999	0.0	-0.88034	-0.31156500000000004	-0.357672	0.0	2.62236	1.62449	1.71012	0.356923	
0	0.899072	-0.098307	-0.42662	0.0	0.437093	0.256923	0.8619399999999999	0.0	0.024874	-0.961419	0.273962	0.0	-2.53575	-3.57064	-1.84903	0.146371	0.0357408	0.7091310000000001	-0.704171	0.0	0.472992	-0.632707	-0.613156	0.0	-0.880341	-0.311153	-0.358027	0.0	2.62445	1.61861	1.70754	0.357051	
0	0.89736	-0.0892574	-0.43217799999999995	0.0	0.441275	0.191649	0.876668	0.0	0.00457712	-0.977397	0.211365	0.0	-2.52588	-3.55596	-1.8416400000000002	0.146849	0.0356019	0.7103659999999999	-0.702932	0.0	0.47362600000000005	-0.631363	-0.614052	0.0	-0.880006	-0.31106500000000004	-0.358925	0.0	2.62754	1.60317	1.6986299999999999	0.357211	
0	0.8997799999999999	-0.06788960000000001	-0.43103	0.0	0.43601899999999993	0.178032	0.882152	0.0	0.0168483	-0.9816799999999999	0.18979100000000002	0.0	-2.49483	-3.5450800000000005	-1.77415	0.146795	0.0353806	0.710812	-0.702492	0.0	0.47303100000000003	-0.6311140000000001	-0.614766	0.0	-0.8803350000000001	-0.31055	-0.358566	0.0	2.6290400000000003	1.59575	1.69488	0.357336	
0	0.9007430000000001	-0.03794430000000001	-0.432692	0.0	0.432104	0.1795	0.8837790000000001	0.0	0.0441336	-0.9830260000000001	0.178079	0.0	-2.3105900000000004	-3.5209300000000003	-1.63835	0.147358	0.0352894	0.711394	-0.701907	0.0	0.473062	-0.630566	-0.615305	0.0	-0.880323	-0.31033099999999997	-0.358786	0.0	2.6307400000000003	1.59314	1.69115	0.357553	
0	0.9019219999999999	-0.0224537	-0.43131400000000003	0.0	0.428654	0.168716	0.887576	0.0	0.0528403	-0.985409	0.161794	0.0	-2.32685	-3.3092	-1.61074	0.147145	0.035429699999999995	0.711957	-0.701329	0.0	0.47268999999999994	-0.630247	-0.615917	0.0	-0.880517	-0.309689	-0.35886399999999996	0.0	2.63234	1.58892	1.6875	0.357691	
0	0.904422	-0.00424734	-0.426617	0.0	0.422839	0.14208099999999999	0.894998	0.0	0.0568129	-0.9898459999999999	0.130297	0.0	-2.34463	-2.91662	-1.56867	0.147427	0.0347918	0.71194	-0.701378	0.0	0.47416400000000003	-0.6295430000000001	-0.615503	0.0	-0.879749	-0.311154	-0.35948	0.0	2.63178	1.5895	1.68953	0.357766	
0	0.90669	0.00905329	-0.4217	0.0	0.417551	0.122249	0.900393	0.0	0.05970419999999999	-0.992458	0.10706199999999999	0.0	-2.34884	-2.61729	-1.55169	0.14744300000000002	0.0343546	0.7118270000000001	-0.7015140000000001	0.0	0.47537700000000005	-0.629076	-0.6150439999999999	0.0	-0.8791110000000001	-0.312354	-0.359998	0.0	2.62811	1.5876	1.69117	0.357883	
0	0.917536	0.051542	-0.39429699999999995	0.0	0.3877	0.104499	0.9158430000000001	0.0	0.08840830000000001	-0.993188	0.0758993	0.0	-2.1031400000000002	-2.01262	-1.4546299999999999	0.14706	0.0337171	0.711799	-0.701573	0.0	0.47634099999999996	-0.628559	-0.6148279999999999	0.0	-0.8786139999999999	-0.313458	-0.36025300000000005	0.0	2.62945	1.58618	1.6892099999999999	0.357714	
0	0.9102969999999999	0.12053699999999999	-0.396019	0.0	0.384412	0.108786	0.9167290000000001	0.0	0.153581	-0.9867299999999999	0.05269209999999999	0.0	-2.0730299999999997	-1.6915799999999999	-1.43405	0.147326	0.0322784	0.711788	-0.701652	0.0	0.47846000000000005	-0.6273569999999999	-0.614409	0.0	-0.877516	-0.31588099999999997	-0.360813	0.0	2.63035	1.5844	1.6871200000000002	0.357641	
0	0.8811559999999999	0.222896	-0.416991	0.0	0.3951	0.137345	0.9083129999999999	0.0	0.259731	-0.9651190000000001	0.03295630000000001	0.0	-2.05247	-1.5018799999999999	-1.41276	0.147063	0.0333371	0.710511	-0.702896	0.0	0.486879	-0.625739	-0.609426	0.0	-0.872833	-0.321909	-0.366793	0.0	2.63563	1.58585	1.67946	0.357131	
0	0.809999	0.34577199999999997	-0.473649	0.0	0.421847	0.217504	0.880192	0.0	0.407366	-0.9127620000000001	0.030314799999999996	0.0	-2.02204	-1.38416	-1.41899	0.147331	0.0486894	0.700805	-0.711689	0.0	0.494349	-0.63605	-0.5925020000000001	0.0	-0.867899	-0.322974	-0.37741199999999997	0.0	2.65921	1.58465	1.6346100000000001	0.35651700000000003	
0	0.685231	0.45298	-0.5703229999999999	0.0	0.454971	0.345252	0.8208549999999999	0.0	0.568736	-0.8219549999999999	0.0304851	0.0	-2.01654	-1.34832	-1.4564	0.147065	0.07183869999999999	0.682348	-0.727489	0.0	0.508829	-0.652397	-0.561669	0.0	-0.857865	-0.329818	-0.39406599999999997	0.0	2.67794	1.60924	1.5406	0.355973	
0	0.484995	0.531632	-0.694368	0.0	0.461287	0.51904	0.719591	0.0	0.742963	-0.669301	0.00649667	0.0	-2.01038	-1.35217	-1.5172	0.147322	0.0537523	0.6592020000000001	-0.750043	0.0	0.530508	-0.655208	-0.537834	0.0	-0.845974	-0.36899299999999996	-0.38493099999999997	0.0	2.72221	1.5740299999999998	1.42587	0.35554	
0	0.258608	0.534849	-0.804399	0.0	0.390884	0.703565	0.5934699999999999	0.0	0.8833639999999999	-0.46790299999999996	-0.027116700000000004	0.0	-2.02323	-1.36104	-1.62404	0.147322	-0.0130793	0.647384	-0.762051	0.0	0.556091	-0.628678	-0.543624	0.0	-0.8310190000000001	-0.43088000000000004	-0.35178200000000004	0.0	2.79491	1.5129	1.33532	0.354725	
1	0.102175	0.49899099999999996	-0.860563	0.0	0.33021500000000004	0.7990229999999999	0.502514	0.0	0.938359	-0.335515	-0.0831342	0.0	-2.01769	-1.30182	-1.69488	0.147064	-0.000352383	0.627618	-0.778521	0.0	0.538049	-0.656107	-0.529175	0.0	-0.8429129999999999	-0.41906899999999997	-0.337459	0.0	2.8597900000000003	1.50199	1.23286	0.35403	
1	-0.187581	0.29094200000000003	-0.9381719999999999	0.0	0.0755628	0.95657	0.28154	0.0	0.979339	-0.018079400000000002	-0.20141900000000001	0.0	-2.03062	-1.14866	-1.8483	0.147063	0.12803	0.395975	-0.909292	0.0	0.392412	-0.862243	-0.320234	0.0	-0.9108350000000001	-0.315818	-0.265779	0.0	2.95514	1.47625	0.9328360000000001	0.353166	
1	-0.27428	0.182043	-0.944262	0.0	-0.041178	0.9787950000000001	0.20066199999999998	0.0	0.9607680000000001	0.0939203	-0.260968	0.0	-2.01954	-1.10806	-1.90346	0.14732699999999999	0.192675	0.240056	-0.9514459999999999	0.0	0.297452	-0.9382809999999999	-0.176498	0.0	-0.9350930000000001	-0.24900300000000003	-0.252189	0.0	2.9575299999999998	1.4693200000000002	0.7906529999999999	0.353006	
1	-0.361643	-0.09355219999999999	-0.9276110000000001	0.0	-0.33064099999999996	0.943152	0.0337856	0.0	0.871717	0.318924	-0.37201599999999996	0.0	-1.9306400000000001	-1.06914	-1.9625099999999998	0.147066	0.272956	-0.0952448	-0.9573	0.0	0.114561	-0.9847889999999999	0.130645	0.0	-0.955181	-0.14533	-0.257893	0.0	2.90908	1.48637	0.487696	0.35257	
1	-0.358563	-0.180097	-0.915968	0.0	-0.42380500000000004	0.9056719999999999	-0.012170700000000001	0.0	0.831758	0.383828	-0.401067	0.0	-1.8947599999999998	-1.0742	-1.95895	0.14732699999999999	0.277412	-0.18367	-0.943031	0.0	0.08830700000000001	-0.972527	0.215392	0.0	-0.956684	-0.143029	-0.253571	0.0	2.90321	1.43822	0.406467	0.352047	
1	-0.302736	-0.40542399999999995	-0.8625440000000001	0.0	-0.654412	0.746372	-0.12113299999999999	0.0	0.69289	0.527788	-0.49126800000000004	0.0	-1.7303	-1.0744799999999999	-1.91515	0.146592	0.274881	-0.346058	-0.897042	0.0	0.101239	-0.917378	0.38492600000000005	0.0	-0.956134	-0.196624	-0.217135	0.0	2.84974	1.14219	0.179954	0.34512	
1	-0.262007	-0.508625	-0.820154	0.0	-0.739202	0.652123	-0.168273	0.0	0.620429	0.562171	-0.546837	0.0	-1.58771	-1.0999	-1.84712	0.145673	0.276591	-0.47501099999999996	-0.8353809999999999	0.0	0.05324980000000001	-0.860383	0.5068590000000001	0.0	-0.959511	-0.184676	-0.21268	0.0	2.7993799999999998	0.9437209999999999	-0.0034598	0.3454	
1	-0.237724	-0.558372	-0.794801	0.0	-0.791438	0.58573	-0.174775	0.0	0.563128	0.587487	-0.581159	0.0	-1.50112	-1.11585	-1.8602	0.145366	0.26055700000000004	-0.539828	-0.800435	0.0	0.023744499999999998	-0.8252379999999999	0.564285	0.0	-0.965166	-0.166035	-0.202204	0.0	2.66384	0.766874	-0.165425	0.345559	
1	-0.233506	-0.579238	-0.780998	0.0	-0.817051	0.552341	-0.16536700000000001	0.0	0.5271640000000001	0.5995010000000001	-0.602242	0.0	-1.47564	-1.11316	-1.8761400000000001	0.14515699999999998	0.25798000000000004	-0.58515	-0.768795	0.0	-0.00320637	-0.796245	0.604966	0.0	-0.966145	-0.153604	-0.207292	0.0	2.5763700000000003	0.6790390000000001	-0.259854	0.345928	
1	-0.207051	-0.597859	-0.7744	0.0	-0.830569	0.525712	-0.18379600000000001	0.0	0.516996	0.605137	-0.605412	0.0	-1.42163	-1.07986	-1.89335	0.145054	0.24043299999999998	-0.658514	-0.7131270000000001	0.0	-0.049764300000000004	-0.742075	0.668467	0.0	-0.969389	-0.12523299999999998	-0.21119000000000002	0.0	2.30546	0.518556	-0.40480700000000003	0.34686300000000003	
1	-0.19052	-0.600168	-0.776853	0.0	-0.8367459999999999	0.5131220000000001	-0.19121	0.0	0.513379	0.613599	-0.599949	0.0	-1.3298	-1.09338	-1.91831	0.145002	0.224478	-0.722013	-0.654452	0.0	-0.0715452	-0.68199	0.727853	0.0	-0.971849	-0.11656400000000001	-0.204748	0.0	2.09134	0.405087	-0.502102	0.347327	
1	-0.207632	-0.59496	-0.776474	0.0	-0.8318260000000001	0.5250739999999999	-0.179896	0.0	0.514737	0.608539	-0.6039260000000001	0.0	-1.26167	-1.10396	-1.9422700000000002	0.145092	0.22086	-0.758927	-0.612578	0.0	-0.06729689999999999	-0.63845	0.766716	0.0	-0.972981	-0.128113	-0.192082	0.0	1.89768	0.286514	-0.577105	0.347896	
1	-0.20885399999999998	-0.588054	-0.781391	0.0	-0.8319709999999999	0.5268010000000001	-0.174083	0.0	0.514007	0.613737	-0.5992689999999999	0.0	-1.24455	-1.10119	-1.9788700000000001	0.14507799999999998	0.21761599999999998	-0.77822	-0.589082	0.0	-0.0686182	-0.614251	0.786121	0.0	-0.973619	-0.130651	-0.18707100000000002	0.0	1.77282	0.24616100000000002	-0.59812	0.348583	
1	-0.22391	-0.589555	-0.7760729999999999	0.0	-0.833572	0.528446	-0.160943	0.0	0.504997	0.610876	-0.609761	0.0	-1.23126	-1.1116700000000002	-2.0494	0.14513299999999998	0.21325999999999998	-0.790868	-0.573628	0.0	-0.0521663	-0.595514	0.801649	0.0	-0.9756020000000001	-0.141036	-0.168256	0.0	1.48696	0.149991	-0.702037	0.348194	
