0	-0.120452	0.743364	-0.6579520000000001	0.0	0.208643	0.666931	0.715312	0.0	0.9705459999999999	-0.0511165	-0.235431	0.0	-2.7921	2.02385	1.36372	3.79086e-05	-0.029911200000000002	0.630253	-0.775814	0.0	0.38261799999999996	-0.7098260000000001	-0.5913970000000001	0.0	-0.923422	-0.31453000000000003	-0.219915	0.0	2.72765	2.0134	1.48749	6.31809e-05	
0	-0.16001400000000002	0.730384	-0.664029	0.0	0.181855	0.682995	0.707422	0.0	0.970219	-0.00755924	-0.24211300000000002	0.0	-2.82329	2.05463	1.36988	0.0	-0.0385875	0.612143	-0.789805	0.0	0.39411799999999997	-0.716996	-0.574967	0.0	-0.91825	-0.333463	-0.213589	0.0	2.74376	1.9741799999999998	1.44309	0.0	
0	-0.173099	0.745675	-0.643432	0.0	0.260182	0.6647069999999999	0.700336	0.0	0.949917	-0.046181900000000005	-0.309071	0.0	-2.87968	2.16692	1.26413	0.0	-0.0719789	0.6398229999999999	-0.7651439999999999	0.0	0.396202	-0.685671	-0.610638	0.0	-0.9153379999999999	-0.347105	-0.204145	0.0	2.73488	1.9442	1.3942299999999999	0.0	
0	-0.127992	0.8239290000000001	-0.55205	0.0	0.350103	0.558329	0.752128	0.0	0.927926	-0.0970083	-0.359921	0.0	-3.00562	2.3120700000000003	1.1166	0.339134	-0.11371099999999999	0.716238	-0.68853	0.0	0.429399	-0.5895229999999999	-0.684163	0.0	-0.8959280000000001	-0.37345100000000003	-0.240517	0.0	2.79008	1.9666	1.28231	0.351407	
0	0.0117346	0.8701190000000001	-0.492703	0.0	0.381394	0.451592	0.8066	0.0	0.9243379999999999	-0.197379	-0.326559	0.0	-2.9691099999999997	2.26966	1.13768	0.347587	-0.165658	0.7327600000000001	-0.660015	0.0	0.44518900000000006	-0.541623	-0.713058	0.0	-0.8799799999999999	-0.411955	-0.23649299999999998	0.0	2.78796	1.9150599999999998	1.25034	0.35504600000000003	
0	0.24252600000000002	0.889222	-0.3879	0.0	0.391544	0.276109	0.877757	0.0	0.8876229999999999	-0.364759	-0.281206	0.0	-2.9451099999999997	2.0742700000000003	1.18531	0.349156	-0.202499	0.7401979999999999	-0.6411720000000001	0.0	0.46716899999999995	-0.502414	-0.727553	0.0	-0.860667	-0.44686400000000004	-0.24406	0.0	2.86078	1.87798	1.2294100000000001	0.355202	
0	0.444562	0.854476	-0.268768	0.0	0.366577	0.100222	0.924974	0.0	0.817304	-0.509732	-0.268676	0.0	-2.96331	1.8830799999999999	1.16438	0.350727	-0.222092	0.741371	-0.6332800000000001	0.0	0.484329	-0.47981999999999997	-0.7315729999999999	0.0	-0.8462270000000001	-0.469193	-0.25250300000000003	0.0	2.92922	1.82728	1.19299	0.355877	
0	0.627838	0.767015	-0.13231300000000001	0.0	0.23940999999999998	-0.0285543	0.970498	0.0	0.740609	-0.640993	-0.201559	0.0	-3.03058	1.50434	1.06459	0.35223899999999997	-0.24222	0.744283	-0.6223920000000001	0.0	0.505181	-0.450924	-0.735839	0.0	-0.828324	-0.49265600000000004	-0.266775	0.0	2.98354	1.7256	1.15455	0.3562	
0	0.6884100000000001	0.722017	-0.0691532	0.0	0.172096	-0.0699752	0.982592	0.0	0.704609	-0.688327	-0.172428	0.0	-3.0522400000000003	1.33247	1.00316	0.352329	-0.244835	0.745321	-0.620123	0.0	0.507373	-0.446536	-0.737007	0.0	-0.826213	-0.495079	-0.268828	0.0	2.99819	1.6660400000000002	1.14802	0.356295	
0	0.752099	0.65891	0.013564700000000002	0.0	0.0959531	-0.12984	0.9868809999999999	0.0	0.652027	-0.740931	-0.160877	0.0	-3.11128	1.09919	0.873323	0.35223699999999997	-0.246464	0.745693	-0.61903	0.0	0.508235	-0.44441099999999994	-0.737696	0.0	-0.825198	-0.496428	-0.269456	0.0	3.0099400000000003	1.61717	1.1531200000000001	0.356716	
0	0.784935	0.614309	0.08063250000000001	0.0	0.0361568	-0.175336	0.9838450000000001	0.0	0.618522	-0.769338	-0.159839	0.0	-3.15072	0.890487	0.707795	0.353365	-0.24364	0.743508	-0.622764	0.0	0.509579	-0.44820600000000005	-0.734466	0.0	-0.8252079999999999	-0.49629300000000004	-0.269675	0.0	2.99172	1.60849	1.1633200000000001	0.356425	
0	0.8141970000000001	0.566996	0.124895	0.0	-0.00650176	-0.2062	0.9784879999999999	0.0	0.580553	-0.7974939999999999	-0.16420099999999999	0.0	-3.1382	0.679339	0.510563	0.353565	-0.23771399999999998	0.74075	-0.628317	0.0	0.5106569999999999	-0.45494799999999996	-0.7295560000000001	0.0	-0.8262700000000001	-0.49428	-0.270121	0.0	2.9767	1.6240700000000001	1.17282	0.356362	
0	0.821665	0.55412	0.133482	0.0	-0.0177488	-0.20920300000000003	0.9777110000000001	0.0	0.5696939999999999	-0.80572	-0.16205999999999998	0.0	-3.1305400000000003	0.581986	0.431468	0.353694	-0.23441199999999998	0.7397640000000001	-0.630714	0.0	0.511444	-0.4579	-0.727154	0.0	-0.8267260000000001	-0.49302799999999997	-0.271011	0.0	2.9712400000000003	1.62982	1.1747299999999998	0.356284	
0	0.8415799999999999	0.520363	0.144794	0.0	-0.0499955	-0.191874	0.980145	0.0	0.537814	-0.83211	-0.135462	0.0	-3.0817200000000002	0.25913800000000003	0.255185	0.353802	-0.230471	0.736873	-0.635532	0.0	0.5122439999999999	-0.463422	-0.7230810000000001	0.0	-0.8273389999999999	-0.49219700000000005	-0.270654	0.0	2.92429	1.6481299999999999	1.1989100000000001	0.356346	
0	0.837827	0.5252060000000001	0.14901199999999998	0.0	-0.0690701	-0.168781	0.983231	0.0	0.541549	-0.8340690000000001	-0.10513299999999999	0.0	-3.02406	0.052984199999999995	0.16541	0.354145	-0.230584	0.736614	-0.635792	0.0	0.513995	-0.46259700000000004	-0.722366	0.0	-0.8262200000000001	-0.49336	-0.271949	0.0	2.9129	1.6472900000000001	1.21804	0.35592199999999996	
0	0.8358040000000001	0.5240239999999999	0.163803	0.0	-0.0982255	-0.150815	0.98367	0.0	0.540171	-0.8382440000000001	-0.0745792	0.0	-2.9936700000000003	-0.182508	0.05592230000000001	0.354491	-0.233646	0.73737	-0.633794	0.0	0.516371	-0.458219	-0.723461	0.0	-0.823875	-0.496307	-0.273696	0.0	2.9199599999999997	1.6448599999999998	1.25606	0.35592199999999996	
0	0.842132	0.509022	0.178071	0.0	-0.128424	-0.131408	0.982975	0.0	0.523756	-0.850663	-0.045292599999999995	0.0	-3.01365	-0.407273	-0.035813	0.354209	-0.234348	0.738438	-0.63229	0.0	0.5191	-0.454867	-0.7236239999999999	0.0	-0.821959	-0.49780100000000005	-0.276726	0.0	2.94358	1.63152	1.2741799999999999	0.35568299999999997	
0	0.836484	0.511166	0.197494	0.0	-0.154462	-0.12584800000000002	0.979951	0.0	0.525772	-0.8502190000000001	-0.0263142	0.0	-3.00609	-0.6167560000000001	-0.109878	0.354028	-0.23	0.741035	-0.630846	0.0	0.520678	-0.453945	-0.723069	0.0	-0.822189	-0.49477299999999996	-0.281433	0.0	2.9606	1.59968	1.28239	0.35549000000000003	
0	0.8386299999999999	0.503817	0.20704699999999998	0.0	-0.170267	-0.118594	0.9782350000000001	0.0	0.517406	-0.8556309999999999	-0.0136726	0.0	-2.9544	-0.786824	-0.226633	0.353427	-0.22479000000000002	0.740624	-0.633202	0.0	0.517428	-0.45991400000000004	-0.7216279999999999	0.0	-0.825674	-0.48985200000000007	-0.27983600000000003	0.0	2.96426	1.57764	1.2711	0.355551	
0	0.836708	0.508288	0.203871	0.0	-0.17183199999999998	-0.10980699999999999	0.978987	0.0	0.519994	-0.854158	-0.0045358	0.0	-2.9283799999999998	-0.896015	-0.295323	0.353356	-0.223065	0.739885	-0.634675	0.0	0.516224	-0.46263000000000004	-0.720754	0.0	-0.826895	-0.48840900000000004	-0.27874899999999997	0.0	2.92875	1.57926	1.29566	0.355622	
0	0.836725	0.5163840000000001	0.182316	0.0	-0.16818699999999998	-0.0745154	0.982935	0.0	0.521157	-0.853109	0.024500099999999997	0.0	-2.94259	-1.0128700000000002	-0.286575	0.35289	-0.22175	0.7406550000000001	-0.6342369999999999	0.0	0.515868	-0.462846	-0.72087	0.0	-0.827471	-0.48703599999999997	-0.279444	0.0	2.90136	1.58149	1.3269600000000001	0.355471	
0	0.836093	0.518025	0.180549	0.0	-0.169909	-0.0684037	0.983083	0.0	0.521612	-0.852626	0.0308255	0.0	-2.94866	-1.05579	-0.32316300000000003	0.352921	-0.222054	0.742124	-0.632411	0.0	0.516945	-0.46033500000000005	-0.7217060000000001	0.0	-0.826716	-0.48718	-0.281418	0.0	2.8923200000000002	1.57618	1.3452600000000001	0.355265	
0	0.838413	0.5158189999999999	0.176052	0.0	-0.16921	-0.060710900000000005	0.983708	0.0	0.518104	-0.854543	0.036381199999999995	0.0	-2.93351	-1.0684200000000001	-0.30507399999999996	0.352879	-0.21826900000000002	0.743796	-0.631764	0.0	0.51845	-0.46008000000000004	-0.720788	0.0	-0.826782	-0.484864	-0.2852	0.0	2.89317	1.57104	1.35479	0.355387	
0	0.838418	0.515839	0.175968	0.0	-0.169196	-0.0605727	0.983719	0.0	0.5181	-0.854541	0.036492800000000006	0.0	-2.9346099999999997	-1.06806	-0.30357199999999995	0.352916	-0.21829	0.743711	-0.631857	0.0	0.5183760000000001	-0.460208	-0.7207600000000001	0.0	-0.826823	-0.48487399999999997	-0.285064	0.0	2.8927099999999997	1.5709799999999998	1.3551600000000001	0.355376	
0	0.838418	0.515838	0.175972	0.0	-0.169199	-0.060576099999999994	0.983719	0.0	0.5181	-0.854542	0.0364911	0.0	-2.93463	-1.06805	-0.303643	0.352916	-0.21829099999999999	0.74371	-0.6318590000000001	0.0	0.518375	-0.46021000000000006	-0.7207600000000001	0.0	-0.826824	-0.484875	-0.285061	0.0	2.8927099999999997	1.5709899999999999	1.35514	0.355376	
0	0.838418	0.515839	0.175972	0.0	-0.169199	-0.0605762	0.983719	0.0	0.5181	-0.854542	0.0364911	0.0	-2.93463	-1.06805	-0.303643	0.352916	-0.21829	0.74371	-0.6318590000000001	0.0	0.518375	-0.46020900000000003	-0.7207600000000001	0.0	-0.826823	-0.484875	-0.285061	0.0	2.8927099999999997	1.5709899999999999	1.35514	0.355376	
0	0.838418	0.515839	0.175972	0.0	-0.169199	-0.0605762	0.983719	0.0	0.5181	-0.854542	0.0364911	0.0	-2.93463	-1.06805	-0.303643	0.352916	-0.21829	0.74371	-0.6318590000000001	0.0	0.518375	-0.46020900000000003	-0.7207600000000001	0.0	-0.826823	-0.484875	-0.285061	0.0	2.8927099999999997	1.5709899999999999	1.35514	0.355376	
0	0.838418	0.515838	0.175972	0.0	-0.169199	-0.0605762	0.983719	0.0	0.5181	-0.854542	0.0364911	0.0	-2.93463	-1.06805	-0.303643	0.352916	-0.21829	0.74371	-0.6318590000000001	0.0	0.518375	-0.46020900000000003	-0.7207600000000001	0.0	-0.826824	-0.48487399999999997	-0.285061	0.0	2.8927099999999997	1.5709899999999999	1.35514	0.355376	
0	0.838418	0.515839	0.175972	0.0	-0.169199	-0.0605762	0.983719	0.0	0.5181	-0.854542	0.0364911	0.0	-2.93463	-1.06805	-0.303643	0.352916	-0.21829	0.74371	-0.6318590000000001	0.0	0.518375	-0.46020900000000003	-0.7207600000000001	0.0	-0.826823	-0.484875	-0.285061	0.0	2.8927099999999997	1.5709899999999999	1.35514	0.355375	
0	0.838418	0.515839	0.175972	0.0	-0.169199	-0.0605762	0.983719	0.0	0.5181	-0.854542	0.0364911	0.0	-2.93463	-1.06805	-0.303643	0.352916	-0.21829	0.74371	-0.631858	0.0	0.518375	-0.46020900000000003	-0.7207600000000001	0.0	-0.826823	-0.48487399999999997	-0.285061	0.0	2.8927099999999997	1.5709899999999999	1.35514	0.355376	
0	0.838418	0.515838	0.175972	0.0	-0.169199	-0.060576099999999994	0.983719	0.0	0.5181	-0.854542	0.0364911	0.0	-2.93463	-1.06805	-0.303643	0.352916	-0.21829	0.74371	-0.6318590000000001	0.0	0.518375	-0.46020900000000003	-0.7207600000000001	0.0	-0.826823	-0.48487399999999997	-0.285061	0.0	2.8927099999999997	1.5709899999999999	1.35514	0.355375	
0	0.838418	0.515839	0.175972	0.0	-0.169199	-0.0605762	0.983719	0.0	0.5181	-0.854542	0.0364911	0.0	-2.93463	-1.06805	-0.303643	0.352916	-0.21829	0.74371	-0.6318590000000001	0.0	0.518375	-0.46020900000000003	-0.7207600000000001	0.0	-0.826823	-0.484875	-0.285061	0.0	2.8927099999999997	1.5709899999999999	1.35514	0.355376	
0	0.834358	0.549663	-0.041434399999999996	0.0	0.163856	-0.175548	0.9707389999999999	0.0	0.526305	-0.816734	-0.23653600000000002	0.0	-2.97146	-1.05873	-0.337464	0.353588	-0.156426	0.7457090000000001	-0.647649	0.0	0.565955	-0.46972299999999995	-0.677537	0.0	-0.809461	-0.472524	-0.348561	0.0	2.85208	1.57596	1.3771200000000001	0.35684899999999997	
0	0.868625	0.49328500000000003	-0.0464803	0.0	0.11621300000000001	-0.11164400000000001	0.98693	0.0	0.48164799999999997	-0.8626739999999999	-0.154303	0.0	-2.83724	-1.65155	-0.491529	0.353426	-0.160108	0.7448060000000001	-0.647788	0.0	0.570547	-0.46569799999999995	-0.676462	0.0	-0.805507	-0.477901	-0.350385	0.0	2.84709	1.56669	1.4162	0.356757	
0	0.888481	0.45738999999999996	-0.0373728	0.0	0.0941138	-0.101897	0.990333	0.0	0.44916000000000006	-0.883409	-0.133581	0.0	-2.73645	-1.9931400000000001	-0.647746	0.353277	-0.16098900000000002	0.744868	-0.6474989999999999	0.0	0.5732619999999999	-0.46347	-0.675697	0.0	-0.803401	-0.47996700000000003	-0.352391	0.0	2.85969	1.56746	1.4498799999999998	0.356624	
0	0.8981690000000001	0.43857399999999996	-0.030724599999999998	0.0	0.07468480000000001	-0.0833335	0.993719	0.0	0.433259	-0.8948229999999999	-0.107602	0.0	-2.71122	-2.25984	-0.8331299999999999	0.353094	-0.16148900000000002	0.745073	-0.647138	0.0	0.5736479999999999	-0.462713	-0.675888	0.0	-0.803025	-0.48037700000000005	-0.352687	0.0	2.87169	1.56663	1.45203	0.356574	
0	0.902742	0.429882	-0.016091	0.0	0.052592200000000006	-0.07316339999999999	0.9959319999999999	0.0	0.42695600000000006	-0.8999159999999999	-0.0886561	0.0	-2.6538	-2.48467	-0.967367	0.352941	-0.162201	0.74479	-0.6472859999999999	0.0	0.5743199999999999	-0.462161	-0.6756949999999999	0.0	-0.802401	-0.48134799999999994	-0.352785	0.0	2.8814900000000003	1.56388	1.44985	0.35652399999999995	
0	0.9199510000000001	0.391924	0.00920708	0.0	0.0204431	-0.0714126	0.997237	0.0	0.391499	-0.917222	-0.0737083	0.0	-2.5786	-2.69104	-1.0902399999999999	0.35276799999999997	-0.161725	0.744503	-0.6477350000000001	0.0	0.57419	-0.46283599999999997	-0.675343	0.0	-0.8025899999999999	-0.48114300000000004	-0.352634	0.0	2.88554	1.56646	1.4516799999999999	0.356459	
0	0.9319139999999999	0.361532	0.0288098	0.0	-0.00521322	-0.0660748	0.997801	0.0	0.362641	-0.9300149999999999	-0.0596913	0.0	-2.54332	-2.8548400000000003	-1.19289	0.352371	-0.161476	0.7444270000000001	-0.647884	0.0	0.574397	-0.462946	-0.675091	0.0	-0.802492	-0.48115399999999997	-0.352842	0.0	2.88403	1.5665200000000001	1.45294	0.356417	
0	0.9448709999999999	0.326071	0.029944099999999998	0.0	-0.011904799999999998	-0.0571793	0.998293	0.0	0.327226	-0.943615	-0.0501452	0.0	-2.5112200000000002	-3.01096	-1.2979100000000001	0.352483	-0.16150699999999998	0.7438	-0.648597	0.0	0.574653	-0.46342700000000003	-0.6745439999999999	0.0	-0.802303	-0.48166099999999995	-0.35258	0.0	2.8778799999999998	1.57023	1.4599	0.35632199999999997	
0	0.9623209999999999	0.271869	0.00512947	0.0	0.00450873	-0.0348152	0.999384	0.0	0.27188	-0.9617040000000001	-0.0347291	0.0	-2.53557	-3.1621900000000003	-1.42698	0.351692	-0.161608	0.742609	-0.649935	0.0	0.575156	-0.46429799999999993	-0.673516	0.0	-0.801922	-0.482659	-0.352082	0.0	2.88192	1.5706799999999999	1.4648299999999999	0.356097	
0	0.9708120000000001	0.23931999999999998	-0.0158133	0.0	0.020065400000000004	-0.0153415	0.9996809999999999	0.0	0.23900100000000002	-0.9708200000000001	-0.0196958	0.0	-2.5400099999999997	-3.2261	-1.45385	0.351488	-0.161914	0.7428710000000001	-0.649559	0.0	0.576178	-0.46321899999999994	-0.673385	0.0	-0.801126	-0.483292	-0.353024	0.0	2.88702	1.57342	1.469	0.355984	
0	0.977691	0.206661	-0.0375659	0.0	0.0373463	0.00496502	0.99929	0.0	0.20670100000000002	-0.9784	-0.00286378	0.0	-2.55386	-3.29605	-1.48456	0.351514	-0.161743	0.742849	-0.6496270000000001	0.0	0.575701	-0.46363699999999997	-0.673506	0.0	-0.801504	-0.482925	-0.352668	0.0	2.89383	1.5769	1.47498	0.355877	
0	0.9832129999999999	0.17036600000000002	-0.0653254	0.0	0.061968100000000005	0.024955500000000002	0.9977659999999999	0.0	0.17161600000000002	-0.985065	0.0139793	0.0	-2.56034	-3.3536	-1.51813	0.351591	-0.16181900000000002	0.743289	-0.649104	0.0	0.575453	-0.46328100000000005	-0.673962	0.0	-0.801666	-0.482588	-0.35276	0.0	2.89623	1.57581	1.47137	0.35590700000000003	
0	0.985843	0.117194	-0.119913	0.0	0.114685	0.050401999999999995	0.992122	0.0	0.122314	-0.9918290000000001	0.0362481	0.0	-2.58135	-3.4327099999999997	-1.5321200000000001	0.351461	-0.161165	0.742151	-0.650568	0.0	0.574869	-0.465221	-0.673124	0.0	-0.802217	-0.482475	-0.351662	0.0	2.8904099999999997	1.5756700000000001	1.47222	0.35590900000000003	
0	0.979298	0.0843063	-0.184032	0.0	0.17757799999999999	0.0786017	0.9809629999999999	0.0	0.0971666	-0.9933350000000001	0.062003499999999996	0.0	-2.60527	-3.49865	-1.54213	0.351034	-0.16136	0.742153	-0.650516	0.0	0.5752109999999999	-0.464891	-0.67306	0.0	-0.801932	-0.482789	-0.35188	0.0	2.88524	1.57685	1.4735	0.355796	
0	0.9729129999999999	0.0748764	-0.21871	0.0	0.21098699999999998	0.0990188	0.972461	0.0	0.0944707	-0.992265	0.08053869999999999	0.0	-2.5874200000000003	-3.5507699999999995	-1.5606200000000001	0.350864	-0.16123800000000002	0.7421840000000001	-0.650511	0.0	0.575176	-0.46495600000000004	-0.673045	0.0	-0.801982	-0.48267899999999997	-0.351918	0.0	2.88593	1.5778299999999998	1.47501	0.35585700000000003	
0	0.967311	0.05883240000000001	-0.246673	0.0	0.23984	0.103725	0.965255	0.0	0.08237430000000001	-0.992865	0.0862238	0.0	-2.5638	-3.57455	-1.5807200000000001	0.35081100000000004	-0.161724	0.7421449999999999	-0.650435	0.0	0.575549	-0.46446800000000005	-0.6730619999999999	0.0	-0.801616	-0.48320799999999997	-0.352026	0.0	2.88561	1.57871	1.47302	0.355736	
0	0.961829	0.030527600000000002	-0.271943	0.0	0.26732100000000003	0.107695	0.957571	0.0	0.058519100000000004	-0.993715	0.0954232	0.0	-2.57085	-3.6143400000000003	-1.60887	0.350717	-0.161401	0.742205	-0.6504479999999999	0.0	0.574842	-0.465034	-0.673275	0.0	-0.802189	-0.482572	-0.351593	0.0	2.88742	1.5767799999999998	1.4735	0.355649	
0	0.95783	0.017091400000000003	-0.286828	0.0	0.282991	0.116847	0.9519780000000001	0.0	0.049785699999999995	-0.9930030000000001	0.107083	0.0	-2.5584599999999997	-3.61646	-1.61745	0.351565	-0.16145299999999999	0.742113	-0.650539	0.0	0.574747	-0.465154	-0.6732739999999999	0.0	-0.802246	-0.48259799999999997	-0.351427	0.0	2.8856	1.57708	1.47495	0.355774	
0	0.9520879999999999	-0.010372	-0.305648	0.0	0.304496	0.125168	0.944254	0.0	0.0284635	-0.992081	0.122329	0.0	-2.53397	-3.61507	-1.6342700000000001	0.35142199999999996	-0.161439	0.741881	-0.6508079999999999	0.0	0.574375	-0.46562700000000007	-0.6732640000000001	0.0	-0.802515	-0.48249899999999996	-0.350948	0.0	2.88266	1.5780299999999998	1.4775	0.355476	
0	0.9502659999999999	-0.027251499999999998	-0.310244	0.0	0.31118	0.12368399999999999	0.942268	0.0	0.012694	-0.9919469999999999	0.12601300000000001	0.0	-2.519	-3.6139300000000003	-1.6397599999999999	0.350124	-0.161294	0.741376	-0.651419	0.0	0.574757	-0.466009	-0.672674	0.0	-0.802271	-0.48290600000000006	-0.350946	0.0	2.8843900000000002	1.5771600000000001	1.47689	0.35552399999999995	
0	0.942793	-0.0618908	-0.32758200000000004	0.0	0.332937	0.12430799999999999	0.9347190000000001	0.0	-0.0171294	-0.9903120000000001	0.137803	0.0	-2.48841	-3.61065	-1.65631	0.344483	-0.160906	0.740991	-0.6519520000000001	0.0	0.5745979999999999	-0.466742	-0.672301	0.0	-0.802463	-0.48278699999999997	-0.350671	0.0	2.88615	1.57917	1.47569	0.355462	
0	0.932666	-0.11156500000000001	-0.343055	0.0	0.35544899999999996	0.12193299999999999	0.926708	0.0	-0.061559	-0.9862479999999999	0.153379	0.0	-2.4706099999999998	-3.5948300000000004	-1.75092	0.24410700000000002	-0.160487	0.740908	-0.65215	0.0	0.574354	-0.467235	-0.672168	0.0	-0.802722	-0.482439	-0.350558	0.0	2.88635	1.58061	1.472	0.355394	
0	0.924675	-0.16833900000000002	-0.341524	0.0	0.360935	0.101889	0.9270079999999999	0.0	-0.121254	-0.980449	0.154974	0.0	-2.4512	-3.5870800000000003	-1.83255	0.13853	-0.1605	0.740409	-0.652713	0.0	0.57448	-0.46766499999999994	-0.6717609999999999	0.0	-0.802629	-0.482788	-0.35029	0.0	2.88424	1.5843	1.47494	0.355364	
0	0.923991	-0.192589	-0.330379	0.0	0.352771	0.0957512	0.9307979999999999	0.0	-0.147627	-0.9765969999999999	0.15641300000000002	0.0	-2.4424	-3.5761300000000005	-1.8383900000000002	0.138101	-0.159196	0.739362	-0.6542180000000001	0.0	0.573541	-0.47011000000000003	-0.670856	0.0	-0.803559	-0.482018	-0.349215	0.0	2.8871599999999997	1.58318	1.47012	0.355304	
0	0.925056	-0.19484400000000002	-0.326049	0.0	0.34880300000000003	0.0959513	0.932271	0.0	-0.150362	-0.9761299999999999	0.156722	0.0	-2.45932	-3.5734	-1.8370099999999998	0.138046	-0.15933699999999998	0.739896	-0.653579	0.0	0.573572	-0.46945600000000004	-0.671288	0.0	-0.8035100000000001	-0.481835	-0.349582	0.0	2.88685	1.58198	1.46976	0.35538200000000003	
0	0.922301	-0.19357	-0.334503	0.0	0.356929	0.09472739999999999	0.929316	0.0	-0.148202	-0.9765030000000001	0.15645799999999999	0.0	-2.4737	-3.5741099999999997	-1.8294099999999998	0.138363	-0.15893	0.739618	-0.653992	0.0	0.5736140000000001	-0.469966	-0.670895	0.0	-0.80356	-0.48176499999999994	-0.349564	0.0	2.8886700000000003	1.58389	1.46786	0.355383	
0	0.9153129999999999	-0.191724	-0.354182	0.0	0.375477	0.0881454	0.922631	0.0	-0.145671	-0.977483	0.152668	0.0	-2.4655099999999996	-3.5791699999999995	-1.814	0.138274	-0.158939	0.740093	-0.653453	0.0	0.5730850000000001	-0.46979	-0.67147	0.0	-0.803936	-0.481206	-0.349468	0.0	2.88988	1.58255	1.46185	0.355364	
0	0.907532	-0.187868	-0.375621	0.0	0.39456399999999997	0.0749605	0.9158059999999999	0.0	-0.143894	-0.9793299999999999	0.142155	0.0	-2.45831	-3.58284	-1.80886	0.13852799999999998	-0.15881900000000002	0.7405970000000001	-0.652911	0.0	0.572883	-0.469467	-0.671868	0.0	-0.804103	-0.48074700000000004	-0.349715	0.0	2.88577	1.58596	1.46272	0.355421	
0	0.90115	-0.17862999999999998	-0.394994	0.0	0.410163	0.0563624	0.9102690000000001	0.0	-0.14033900000000002	-0.982301	0.12405799999999999	0.0	-2.46443	-3.5834300000000003	-1.8071099999999998	0.138486	-0.158429	0.7409060000000001	-0.652655	0.0	0.5725020000000001	-0.46961499999999995	-0.672089	0.0	-0.804451	-0.480124	-0.34976999999999997	0.0	2.8847400000000003	1.58205	1.4590299999999998	0.355582	
0	0.8927799999999999	-0.168981	-0.417599	0.0	0.42773999999999995	0.0270976	0.903496	0.0	-0.14135699999999998	-0.985247	0.0964719	0.0	-2.49226	-3.5114199999999998	-1.84214	0.138049	-0.158997	0.742203	-0.651041	0.0	0.573191	-0.467516	-0.672964	0.0	-0.803848	-0.48017	-0.351091	0.0	2.88139	1.57705	1.4550299999999998	0.355748	
0	0.887942	-0.156479	-0.432519	0.0	0.438721	0.0057228999999999995	0.8986049999999999	0.0	-0.138138	-0.987665	0.0737323	0.0	-2.48535	-3.3508699999999996	-1.83785	0.13805	-0.158441	0.7419560000000001	-0.651458	0.0	0.5729390000000001	-0.468264	-0.672659	0.0	-0.804137	-0.47982299999999994	-0.350904	0.0	2.8829599999999997	1.57275	1.44792	0.35581599999999997	
0	0.881808	-0.13730799999999999	-0.45117799999999997	0.0	0.452568	-0.022725299999999997	0.89144	0.0	-0.132655	-0.990268	0.0421017	0.0	-2.46008	-3.0552200000000003	-1.79732	0.138033	-0.158126	0.7414970000000001	-0.652057	0.0	0.573545	-0.46857	-0.671929	0.0	-0.803768	-0.48023299999999997	-0.351189	0.0	2.87353	1.56972	1.4464299999999999	0.35592399999999996	
0	0.880393	-0.125801	-0.457255	0.0	0.455288	-0.045674400000000004	0.889172	0.0	-0.132743	-0.9910040000000001	0.0170641	0.0	-2.44988	-2.8252099999999998	-1.76425	0.138035	-0.158386	0.741284	-0.652235	0.0	0.5744739999999999	-0.46807299999999996	-0.671482	0.0	-0.803053	-0.48104600000000003	-0.35171199999999997	0.0	2.86899	1.57061	1.44766	0.35596	
0	0.8825290000000001	-0.10309600000000001	-0.458818	0.0	0.453317	-0.0730145	0.8883540000000001	0.0	-0.125086	-0.9919879999999999	-0.0177023	0.0	-2.44517	-2.47229	-1.71355	0.13802999999999999	-0.158168	0.741084	-0.652516	0.0	0.574806	-0.46821499999999994	-0.671098	0.0	-0.802858	-0.481216	-0.35192399999999996	0.0	2.86605	1.5663	1.4463	0.355989	
0	0.8841959999999999	-0.0831645	-0.459653	0.0	0.452887	-0.08839989999999999	0.887175	0.0	-0.114415	-0.992607	-0.04049880000000001	0.0	-2.4297299999999997	-2.21811	-1.66678	0.138034	-0.15803699999999998	0.7406229999999999	-0.653072	0.0	0.575643	-0.468268	-0.6703439999999999	0.0	-0.802284	-0.481875	-0.352331	0.0	2.86632	1.5650700000000002	1.44317	0.355977	
0	0.893561	-0.0420587	-0.446967	0.0	0.442626	-0.0838747	0.892775	0.0	-0.07503810000000001	-0.9955879999999999	-0.056330899999999996	0.0	-2.42004	-1.9746299999999999	-1.62629	0.138033	-0.158212	0.740011	-0.653722	0.0	0.576313	-0.468384	-0.669687	0.0	-0.801769	-0.48270100000000005	-0.35237399999999997	0.0	2.86545	1.56101	1.43971	0.356113	
0	0.899342	0.0207753	-0.43675299999999995	0.0	0.43701	-0.07552880000000001	0.89628	0.0	-0.014366899999999998	-0.996927	-0.0770053	0.0	-2.3622900000000002	-1.77259	-1.55729	0.13833900000000002	-0.158687	0.740142	-0.653459	0.0	0.577324	-0.467347	-0.6695399999999999	0.0	-0.800946	-0.483505	-0.35314	0.0	2.86523	1.56054	1.44365	0.356031	
0	0.8957959999999999	0.06611510000000001	-0.43951999999999997	0.0	0.44323	-0.05920980000000001	0.89445	0.0	0.033112800000000005	-0.9960540000000001	-0.0823441	0.0	-2.33454	-1.66988	-1.52381	0.13833900000000002	-0.158411	0.7403810000000001	-0.653255	0.0	0.576863	-0.467551	-0.669795	0.0	-0.801333	-0.482941	-0.353033	0.0	2.86585	1.56005	1.44521	0.35599200000000003	
0	0.900595	0.114522	-0.41930100000000003	0.0	0.427659	-0.06101990000000001	0.9018780000000001	0.0	0.0776992	-0.9915450000000001	-0.103931	0.0	-2.31988	-1.6087799999999999	-1.56864	0.13833900000000002	-0.15826099999999999	0.740653	-0.652983	0.0	0.5766979999999999	-0.46746400000000005	-0.669998	0.0	-0.8014819999999999	-0.482609	-0.353152	0.0	2.85831	1.55821	1.45021	0.356035	
0	0.9021459999999999	0.21274	-0.375332	0.0	0.395069	-0.05778540000000001	0.916833	0.0	0.17335899999999999	-0.975399	-0.136178	0.0	-2.22715	-1.5724799999999999	-1.6084399999999999	0.138034	-0.157946	0.740522	-0.653208	0.0	0.576743	-0.46776599999999996	-0.669748	0.0	-0.801512	-0.48251700000000003	-0.353209	0.0	2.85232	1.5565799999999999	1.45144	0.356086	
0	0.897926	0.27461399999999997	-0.343971	0.0	0.371629	-0.0542789	0.926793	0.0	0.23584000000000002	-0.9600209999999999	-0.150793	0.0	-2.03408	-1.56267	-1.6546900000000002	0.13833800000000002	-0.158493	0.73897	-0.654831	0.0	0.5794100000000001	-0.46740200000000004	-0.667697	0.0	-0.799477	-0.48523999999999995	-0.354087	0.0	2.84617	1.56019	1.45154	0.355954	
0	0.8915540000000001	0.33382399999999995	-0.306093	0.0	0.34248	-0.054654499999999995	0.937934	0.0	0.296375	-0.94105	-0.163055	0.0	-1.8410099999999998	-1.56815	-1.6726400000000001	0.138336	-0.160226	0.73855	-0.654882	0.0	0.5820350000000001	-0.465153	-0.666984	0.0	-0.797222	-0.488033	-0.35533200000000004	0.0	2.86416	1.5668600000000001	1.45338	0.356059	
1	0.8849969999999999	0.38169899999999995	-0.266619	0.0	0.31157199999999996	-0.0599903	0.948327	0.0	0.345981	-0.9223379999999999	-0.172018	0.0	-1.6646599999999998	-1.62916	-1.6856200000000001	0.138036	-0.15700999999999998	0.737512	-0.656828	0.0	0.588204	-0.46441499999999997	-0.6620689999999999	0.0	-0.793325	-0.4903	-0.36089	0.0	2.90065	1.5650899999999999	1.44005	0.355883	
1	0.886036	0.4169	-0.202818	0.0	0.254185	-0.0709755	0.964548	0.0	0.38772399999999996	-0.906177	-0.168857	0.0	-1.5157200000000002	-1.7629	-1.6907400000000001	0.138337	-0.147361	0.7325050000000001	-0.664622	0.0	0.589337	-0.474624	-0.6537689999999999	0.0	-0.794334	-0.488026	-0.36175100000000004	0.0	2.91929	1.55424	1.40855	0.355923	
1	0.887581	0.439233	-0.13883399999999999	0.0	0.191115	-0.07689299999999999	0.9785510000000001	0.0	0.419137	-0.895076	-0.152193	0.0	-1.40151	-1.91035	-1.6859099999999998	0.138343	-0.10368499999999999	0.7100609999999999	-0.6964640000000001	0.0	0.584359	-0.523147	-0.620356	0.0	-0.804844	-0.471307	-0.360688	0.0	2.9243200000000003	1.56656	1.36501	0.355647	
1	0.892754	0.449722	-0.027214999999999996	0.0	0.0842735	-0.10734500000000001	0.9906440000000001	0.0	0.442593	-0.8866950000000001	-0.133732	0.0	-1.28674	-2.0035	-1.62495	0.13833499999999999	0.0213075	0.640911	-0.76732	0.0	0.5603560000000001	-0.6432680000000001	-0.5217350000000001	0.0	-0.8279780000000001	-0.41885500000000003	-0.372845	0.0	2.9315	1.64775	1.24485	0.35609	
1	0.888977	0.450871	0.0802195	0.0	-0.0124706	-0.15127100000000002	0.9884139999999999	0.0	0.45778199999999997	-0.879677	-0.128854	0.0	-1.2553	-2.0049799999999998	-1.60125	0.138343	0.09929450000000001	0.531044	-0.841507	0.0	0.514616	-0.751213	-0.41334	0.0	-0.8516520000000001	-0.392011	-0.347875	0.0	2.95397	1.65116	1.14835	0.355182	
1	0.878815	0.45986800000000005	0.127298	0.0	-0.054289	-0.16868699999999998	0.984174	0.0	0.47406400000000004	-0.871818	-0.123279	0.0	-1.20793	-1.9381700000000002	-1.56654	0.138049	0.167817	0.397152	-0.902279	0.0	0.456341	-0.8425879999999999	-0.286002	0.0	-0.8738360000000001	-0.36375100000000005	-0.32263800000000004	0.0	2.94492	1.64047	1.02225	0.341271	
1	0.86731	0.461369	0.186847	0.0	-0.10378599999999999	-0.199507	0.9743850000000001	0.0	0.486828	-0.8644860000000001	-0.125151	0.0	-1.15555	-1.8184799999999999	-1.50698	0.138049	0.192153	0.269007	-0.9437760000000001	0.0	0.41034499999999996	-0.8956149999999999	-0.171733	0.0	-0.8914569999999999	-0.354274	-0.282481	0.0	2.89115	1.6116700000000002	0.870142	0.341953	
1	0.858867	0.45699799999999996	0.2313	0.0	-0.13844	-0.227652	0.963851	0.0	0.493134	-0.859841	-0.13225599999999998	0.0	-1.12565	-1.72468	-1.45594	0.138336	0.198778	0.193953	-0.9606610000000001	0.0	0.397751	-0.9118299999999999	-0.101792	0.0	-0.895702	-0.36186999999999997	-0.258397	0.0	2.85431	1.57304	0.711633	0.34228000000000003	
1	0.8426030000000001	0.45167700000000005	0.293273	0.0	-0.181566	-0.274429	0.944311	0.0	0.5070060000000001	-0.8489270000000001	-0.149226	0.0	-1.10005	-1.58047	-1.4032200000000001	0.138046	0.228672	-0.00490926	-0.973491	0.0	0.315925	-0.945491	0.0789785	0.0	-0.9208149999999999	-0.32561	-0.21465700000000001	0.0	2.7799	1.5056	0.441668	0.342801	
1	0.8343799999999999	0.45794399999999996	0.306753	0.0	-0.188866	-0.285302	0.9396450000000001	0.0	0.517822	-0.8419559999999999	-0.15156	0.0	-1.09596	-1.54165	-1.39083	0.138346	0.21540399999999998	-0.07675950000000001	-0.973504	0.0	0.29486999999999997	-0.945259	0.13977699999999998	0.0	-0.930942	-0.317166	-0.180979	0.0	2.7060000000000004	1.44824	0.36543600000000004	0.342715	
1	0.8192709999999999	0.45706	0.346254	0.0	-0.213625	-0.317091	0.9240229999999999	0.0	0.532127	-0.830993	-0.162144	0.0	-1.06762	-1.47338	-1.38415	0.138344	0.197181	-0.162425	-0.9668190000000001	0.0	0.28735	-0.933292	0.215398	0.0	-0.9373100000000001	-0.320288	-0.137355	0.0	2.5828599999999997	1.33334	0.263988	0.34260999999999997	
1	0.802103	0.46180200000000005	0.37864200000000003	0.0	-0.233954	-0.340368	0.9107219999999999	0.0	0.549451	-0.819078	-0.164969	0.0	-1.03064	-1.4086299999999998	-1.37115	0.138054	0.171356	-0.244745	-0.954325	0.0	0.29168299999999997	-0.912624	0.28642399999999996	0.0	-0.941041	-0.327441	-0.0849957	0.0	2.3803	1.15313	0.10663099999999999	0.34191900000000003	
1	0.788796	0.476926	0.387739	0.0	-0.23761999999999997	-0.345167	0.907963	0.0	0.566866	-0.8083319999999999	-0.15894	0.0	-0.989394	-1.3364	-1.31082	0.138337	0.145021	-0.304191	-0.941508	0.0	0.300018	-0.8932479999999999	0.334811	0.0	-0.942846	-0.331024	-0.0382768	0.0	2.18102	0.9869	-0.0363217	0.34142	
1	0.7783100000000001	0.48735	0.395883	0.0	-0.23970300000000003	-0.352123	0.904739	0.0	0.580324	-0.799061	-0.15724200000000002	0.0	-0.9700030000000001	-1.29389	-1.2816299999999998	0.138349	0.115968	-0.33871399999999996	-0.933716	0.0	0.32094	-0.8768540000000001	0.35794699999999996	0.0	-0.939973	-0.341177	0.00701955	0.0	1.9748299999999999	0.8703770000000001	-0.103737	0.3407	
1	0.761758	0.507594	0.402584	0.0	-0.23641500000000001	-0.36075999999999997	0.9021979999999999	0.0	0.603186	-0.782433	-0.154809	0.0	-0.949677	-1.23656	-1.23879	0.138345	0.0956472	-0.351219	-0.9313950000000001	0.0	0.34763	-0.864986	0.361875	0.0	-0.9327409999999999	-0.35839299999999996	0.0393606	0.0	1.76763	0.767601	-0.14792	0.340801	
1	0.739213	0.532754	0.411992	0.0	-0.23538699999999999	-0.368782	0.8992180000000001	0.0	0.630997	-0.761691	-0.147205	0.0	-0.910457	-1.18219	-1.1845700000000001	0.138346	0.0805447	-0.350426	-0.9331209999999999	0.0	0.37602800000000003	-0.8563069999999999	0.354037	0.0	-0.9231010000000001	-0.379396	0.06279900000000001	0.0	1.5914	0.6542819999999999	-0.176785	0.340638	
1	0.727531	0.546307	0.41502799999999995	0.0	-0.23538499999999998	-0.36945700000000004	0.898942	0.0	0.644433	-0.751699	-0.140199	0.0	-0.8668	-1.10919	-1.14939	0.13833800000000002	0.07226239999999999	-0.346977	-0.9350860000000001	0.0	0.400752	-0.848426	0.34579	0.0	-0.9133319999999999	-0.399725	0.07774199999999999	0.0	1.44939	0.546348	-0.223082	0.34018200000000004	
1	0.715324	0.55871	0.419707	0.0	-0.236039	-0.37213	0.897667	0.0	0.657721	-0.74119	-0.13431600000000002	0.0	-0.8371370000000001	-1.05677	-1.11817	0.138036	0.0624871	-0.341466	-0.937815	0.0	0.413783	-0.846225	0.335688	0.0	-0.908228	-0.409028	0.08841489999999999	0.0	1.33822	0.46141000000000004	-0.267497	0.339909	
1	0.698548	0.574261	0.426913	0.0	-0.238515	-0.375629	0.895552	0.0	0.674642	-0.7274109999999999	-0.125425	0.0	-0.8035359999999999	-1.00285	-1.0604799999999999	0.138036	0.056252699999999996	-0.33855599999999997	-0.939263	0.0	0.43661400000000006	-0.8376889999999999	0.32809299999999997	0.0	-0.8978889999999999	-0.428551	0.10069600000000001	0.0	1.16737	0.323653	-0.332789	0.339023	
1	0.6929649999999999	0.582926	0.42426	0.0	-0.237148	-0.371419	0.897669	0.0	0.6808529999999999	-0.722666	-0.11914000000000001	0.0	-0.785774	-0.974684	-1.01057	0.138033	0.050989	-0.33919299999999997	-0.939334	0.0	0.45070299999999996	-0.8315170000000001	0.324726	0.0	-0.891217	-0.43991800000000003	0.11047699999999999	0.0	1.08958	0.250837	-0.40418200000000004	0.338891	
1	0.6870310000000001	0.592143	0.42113599999999995	0.0	-0.237443	-0.364806	0.9002979999999999	0.0	0.686738	-0.718529	-0.11003299999999999	0.0	-0.758236	-0.967093	-0.967341	0.138031	0.06273440000000001	-0.31735399999999997	-0.9462299999999999	0.0	0.459095	-0.832657	0.3097	0.0	-0.8861690000000001	-0.453838	0.09345930000000001	0.0	0.9771190000000001	0.180004	-0.546953	0.338948	
1	0.685712	0.592801	0.422357	0.0	-0.239342	-0.364358	0.899977	0.0	0.687397	-0.718213	-0.10796199999999999	0.0	-0.7267359999999999	-0.9426620000000001	-0.905903	0.138031	0.0917136	-0.28207	-0.955	0.0	0.47830500000000004	-0.828686	0.290696	0.0	-0.8733920000000001	-0.483442	0.05891369999999999	0.0	0.917746	0.137267	-0.701164	0.339165	
1	0.682602	0.5970489999999999	0.42141000000000006	0.0	-0.24186799999999997	-0.359578	0.901224	0.0	0.689604	-0.7171029999999999	-0.10104199999999999	0.0	-0.7242529999999999	-0.931428	-0.870836	0.138034	0.11510899999999999	-0.25626	-0.95973	0.0	0.483314	-0.829634	0.279491	0.0	-0.8678469999999999	-0.496022	0.028355900000000003	0.0	0.868009	0.10708499999999999	-0.851491	0.339677	
1	0.680261	0.598693	0.422862	0.0	-0.24625999999999998	-0.356698	0.901178	0.0	0.6903630000000001	-0.717171	-0.09521339999999999	0.0	-0.713813	-0.9141959999999999	-0.8191229999999999	0.138033	0.136907	-0.231211	-0.9632229999999999	0.0	0.49531899999999995	-0.826111	0.2687	0.0	-0.8578549999999999	-0.513889	0.00142246	0.0	0.855454	0.06607360000000001	-1.0072	0.33941	
1	0.679038	0.601168	0.42131199999999996	0.0	-0.2457	-0.354699	0.90212	0.0	0.691765	-0.71609	-0.0931467	0.0	-0.713125	-0.931582	-0.8433879999999999	0.138045	0.142235	-0.226663	-0.9635309999999999	0.0	0.5052399999999999	-0.8204450000000001	0.267586	0.0	-0.8511770000000001	-0.524875	-0.00217622	0.0	0.848268	0.0464325	-1.06441	0.33863000000000004	
1	0.681241	0.599164	0.42061000000000004	0.0	-0.24483400000000002	-0.35499400000000003	0.9022389999999999	0.0	0.689904	-0.717622	-0.0951412	0.0	-0.7099260000000001	-0.9316840000000001	-0.8525940000000001	0.138343	0.142988	-0.22744	-0.9632370000000001	0.0	0.5115970000000001	-0.816146	0.26865300000000003	0.0	-0.847245	-0.531203	-0.00034171900000000004	0.0	0.852709	0.047176300000000004	-1.08077	0.33857600000000004	
1	0.6826260000000001	0.598246	0.41967	0.0	-0.24236999999999997	-0.35643400000000003	0.9023370000000001	0.0	0.689404	-0.7176739999999999	-0.0983145	0.0	-0.7152350000000001	-0.9307840000000001	-0.8522290000000001	0.138049	0.143425	-0.234915	-0.961376	0.0	0.517731	-0.810079	0.27518400000000004	0.0	-0.8434360000000001	-0.537203	0.00543702	0.0	0.8440709999999999	0.0495899	-1.0894700000000002	0.337955	
1	0.6815829999999999	0.597985	0.421734	0.0	-0.241984	-0.359721	0.901135	0.0	0.6905720000000001	-0.716251	-0.100477	0.0	-0.727553	-0.940363	-0.8644350000000001	0.138347	0.141963	-0.236092	-0.961305	0.0	0.5312819999999999	-0.801239	0.275239	0.0	-0.835216	-0.549798	0.0116851	0.0	0.834778	0.0471719	-1.11242	0.337891	
1	0.682481	0.594951	0.424562	0.0	-0.24266500000000002	-0.363482	0.8994409999999999	0.0	0.689444	-0.716878	-0.10369600000000001	0.0	-0.7274470000000001	-0.9409209999999999	-0.8548030000000001	0.13805699999999999	0.140334	-0.238747	-0.960888	0.0	0.534787	-0.79847	0.276495	0.0	-0.833253	-0.552672	0.0156258	0.0	0.8376100000000001	0.0449772	-1.1048799999999999	0.337888	
1	0.684291	0.5915600000000001	0.42638400000000004	0.0	-0.24135399999999999	-0.368031	0.897943	0.0	0.68811	-0.717363	-0.10906500000000001	0.0	-0.740695	-0.926741	-0.8513879999999999	0.138348	0.14239100000000002	-0.238835	-0.960564	0.0	0.5384800000000001	-0.795586	0.277638	0.0	-0.83052	-0.556778	0.015323500000000002	0.0	0.8421420000000001	0.0502142	-1.10314	0.337473	
1	0.678297	0.593675	0.43296999999999997	0.0	-0.24054299999999998	-0.37737	0.894277	0.0	0.694299	-0.710734	-0.11316400000000001	0.0	-0.769419	-0.7863439999999999	-0.72007	0.13802899999999999	0.152851	-0.23430700000000002	-0.9600709999999999	0.0	0.542307	-0.7922600000000001	0.279692	0.0	-0.82616	-0.563405	0.00596815	0.0	0.9256719999999999	-0.0587011	-1.2393299999999998	0.338958	
1	0.680285	0.590843	0.433725	0.0	-0.24125100000000002	-0.378276	0.893703	0.0	0.692105	-0.7126100000000001	-0.11479400000000001	0.0	-0.7721779999999999	-0.778085	-0.71911	0.13802899999999999	0.156839	-0.243941	-0.957024	0.0	0.5423819999999999	-0.788537	0.289881	0.0	-0.825363	-0.564537	0.00863557	0.0	0.946343	-0.0472265	-1.23245	0.338281	
1	0.6844100000000001	0.585728	0.43417100000000003	0.0	-0.241957	-0.379279	0.8930870000000001	0.0	0.687778	-0.7162890000000001	-0.117862	0.0	-0.782369	-0.780485	-0.7205779999999999	0.13833	0.160484	-0.245758	-0.9559540000000001	0.0	0.547171	-0.783918	0.293389	0.0	-0.821492	-0.570154	0.00866562	0.0	1.00575	-0.029617900000000003	-1.21658	0.33807	
1	0.685515	0.5835229999999999	0.43539700000000003	0.0	-0.24000900000000003	-0.383474	0.8918200000000001	0.0	0.687361	-0.715856	-0.122826	0.0	-0.790842	-0.770083	-0.721246	0.138032	0.165651	-0.242231	-0.955973	0.0	0.552219	-0.780358	0.293421	0.0	-0.817077	-0.576512	0.00449716	0.0	1.07731	-0.0293582	-1.22809	0.337658	
1	0.685366	0.583364	0.43584399999999995	0.0	-0.23645100000000002	-0.387811	0.8908950000000001	0.0	0.6887409999999999	-0.713645	-0.127855	0.0	-0.798007	-0.75369	-0.721029	0.138031	0.168738	-0.236443	-0.956882	0.0	0.554542	-0.7798109999999999	0.290478	0.0	-0.814868	-0.579646	-0.000465721	0.0	1.12319	-0.032751	-1.21844	0.337769	
1	0.683485	0.5847899999999999	0.43688599999999994	0.0	-0.233413	-0.391995	0.889864	0.0	0.6916399999999999	-0.710184	-0.131425	0.0	-0.80067	-0.736879	-0.71623	0.138327	0.168244	-0.239796	-0.956134	0.0	0.550992	-0.781409	0.292929	0.0	-0.817375	-0.576106	0.0006582269999999999	0.0	1.14276	-0.0392827	-1.20997	0.337025	
1	0.681757	0.5862970000000001	0.437566	0.0	-0.23176300000000002	-0.394215	0.889315	0.0	0.693897	-0.707708	-0.132877	0.0	-0.801372	-0.728816	-0.712156	0.138329	0.165992	-0.242916	-0.9557399999999999	0.0	0.551247	-0.780759	0.294182	0.0	-0.817663	-0.575681	0.00430694	0.0	1.1402700000000001	-0.0414303	-1.19818	0.3337	
1	0.678916	0.587137	0.44084399999999996	0.0	-0.22964299999999999	-0.400495	0.887056	0.0	0.697379	-0.7034729999999999	-0.137071	0.0	-0.799936	-0.680246	-0.715245	0.138326	0.162429	-0.253344	-0.953642	0.0	0.5509890000000001	-0.778471	0.300656	0.0	-0.8185520000000001	-0.574282	0.0131435	0.0	1.11995	-0.0406981	-1.20138	0.31751799999999997	
1	0.672682	0.5911890000000001	0.444966	0.0	-0.22845100000000002	-0.406043	0.8848389999999999	0.0	0.703782	-0.696868	-0.13808099999999998	0.0	-0.818819	-0.657987	-0.717692	0.138026	0.159629	-0.25777	-0.9529290000000001	0.0	0.545407	-0.781573	0.30278099999999997	0.0	-0.822831	-0.568066	0.0158276	0.0	1.08784	-0.00915832	-1.1971	0.31367	
1	0.6622859999999999	0.603206	0.444432	0.0	-0.225927	-0.404781	0.886064	0.0	0.714377	-0.687237	-0.131801	0.0	-0.8157270000000001	-0.633357	-0.715216	0.138007	0.15831800000000001	-0.26300300000000004	-0.951717	0.0	0.538089	-0.785188	0.30649499999999996	0.0	-0.827886	-0.560632	0.0172099	0.0	1.0549600000000001	0.0191678	-1.1798799999999998	0.314079	
1	0.6559659999999999	0.609685	0.444964	0.0	-0.227253	-0.40263499999999997	0.886703	0.0	0.719767	-0.682766	-0.12556199999999998	0.0	-0.810038	-0.626297	-0.710394	0.138478	0.15617799999999998	-0.266464	-0.951108	0.0	0.53689	-0.7853479999999999	0.308185	0.0	-0.8290700000000001	-0.558772	0.0204075	0.0	1.03245	0.028894599999999996	-1.17486	0.311452	
