0	0.181056	0.674884	-0.715367	0.0	0.406421	0.611028	0.6793130000000001	0.0	0.895567	-0.413734	-0.163657	0.0	-2.7705599999999997	1.9734200000000002	1.3659700000000001	2.0742399999999996e-05	-0.0926093	0.694909	-0.713109	0.0	0.43006400000000006	-0.618021	-0.658099	0.0	-0.8980360000000001	-0.367629	-0.241621	0.0	2.64364	2.03045	1.5205600000000001	2.38447e-05	
0	-0.111116	0.556675	-0.8232659999999999	0.0	-0.020818700000000002	0.82691	0.561949	0.0	0.99359	0.0795808	-0.0802938	0.0	-2.8422099999999997	1.9553099999999999	1.44321	5.3291e-05	0.07755319999999999	0.66901	-0.739196	0.0	0.24971300000000002	-0.730831	-0.6352399999999999	0.0	-0.965209	-0.135322	-0.223739	0.0	2.71065	2.01068	1.54972	0.0	
0	-0.133179	0.552732	-0.822649	0.0	-0.00021392099999999997	0.8300270000000001	0.557723	0.0	0.991092	0.0744529	-0.110424	0.0	-2.87281	1.99662	1.4535799999999999	0.0	0.110579	0.67104	-0.733129	0.0	0.24558600000000003	-0.7332270000000001	-0.634087	0.0	-0.963047	-0.109929	-0.245878	0.0	2.72629	2.0335400000000003	1.51411	0.0	
0	-0.25161100000000003	0.6556270000000001	-0.7119300000000001	0.0	0.0395477	0.741946	0.669292	0.0	0.9670200000000001	0.140246	-0.21261100000000002	0.0	-2.89542	2.26971	1.3322200000000002	0.0442001	0.130646	0.7179	-0.6837770000000001	0.0	0.244133	-0.691746	-0.6796220000000001	0.0	-0.960901	-0.0781427	-0.265637	0.0	2.85243	2.15426	1.4154799999999998	0.241615	
0	-0.316508	0.679976	-0.661404	0.0	0.0161725	0.701017	0.712961	0.0	0.9484520000000001	0.214961	-0.23287399999999997	0.0	-2.9660599999999997	2.43017	1.23364	0.280868	0.11500999999999999	0.743538	-0.658729	0.0	0.258497	-0.6626850000000001	-0.702872	0.0	-0.959141	-0.0894422	-0.268418	0.0	2.84013	2.17369	1.3872	0.332993	
0	-0.352119	0.7196100000000001	-0.598476	0.0	0.0340896	0.6488649999999999	0.7601399999999999	0.0	0.935334	0.247258	-0.25300900000000004	0.0	-2.94515	2.6295900000000003	1.18765	0.348484	0.102038	0.763897	-0.63722	0.0	0.273591	-0.637412	-0.720316	0.0	-0.956418	-0.100838	-0.274036	0.0	2.86055	2.16108	1.35445	0.34884	
0	-0.353742	0.7743770000000001	-0.524602	0.0	0.053183	0.5766100000000001	0.815287	0.0	0.9338299999999999	0.26050100000000004	-0.245155	0.0	-2.95129	2.69121	1.1509	0.346575	0.0860602	0.782776	-0.616324	0.0	0.295377	-0.610854	-0.734582	0.0	-0.9514969999999999	-0.11882899999999999	-0.28378400000000004	0.0	2.9149599999999998	2.0935	1.29417	0.35005	
0	-0.289513	0.869642	-0.399881	0.0	0.168164	0.457487	0.8731709999999999	0.0	0.9422860000000001	0.185549	-0.27869099999999997	0.0	-3.00451	2.72136	1.09369	0.346833	0.0647346	0.809675	-0.5832970000000001	0.0	0.303558	-0.5728	-0.761415	0.0	-0.9506110000000001	-0.127775	-0.28286300000000003	0.0	2.95728	2.04831	1.23468	0.353112	
0	-0.09647510000000001	0.9597190000000001	-0.26388	0.0	0.29124	0.280733	0.914532	0.0	0.951773	0.011377	-0.30659200000000003	0.0	-3.08237	2.64089	1.04037	0.346877	0.0387939	0.854728	-0.517626	0.0	0.31650900000000004	-0.501854	-0.804963	0.0	-0.9477959999999999	-0.132605	-0.289998	0.0	3.0457799999999997	2.03468	1.16595	0.35446	
0	0.149857	0.9751200000000001	-0.163354	0.0	0.36373099999999997	0.09926030000000001	0.9262	0.0	0.9193709999999999	-0.198214	-0.339807	0.0	-3.1045	2.43039	1.00308	0.349159	0.06901389999999999	0.885891	-0.458732	0.0	0.330678	-0.454147	-0.8272870000000001	0.0	-0.941217	-0.094598	-0.324287	0.0	3.15509	2.10276	1.06009	0.355074	
0	0.35551	0.924969	-0.13433399999999998	0.0	0.362694	-0.00406086	0.9319	0.0	0.861432	-0.38002199999999997	-0.336924	0.0	-3.15803	2.1166400000000003	0.938975	0.349722	0.0821567	0.886337	-0.45569399999999993	0.0	0.33635	-0.45507200000000003	-0.8244870000000001	0.0	-0.938147	-0.08553560000000002	-0.335507	0.0	3.23198	2.1119	1.01636	0.354668	
0	0.492799	0.863699	-0.105707	0.0	0.34887199999999996	-0.08482719999999999	0.9333229999999999	0.0	0.797143	-0.49681899999999996	-0.343123	0.0	-3.23112	1.8792099999999998	0.8271569999999999	0.35191100000000003	0.0844778	0.882473	-0.462715	0.0	0.338303	-0.462193	-0.8197129999999999	0.0	-0.9372379999999999	-0.08728999999999999	-0.337588	0.0	3.22181	2.0870900000000003	1.0298399999999999	0.354373	
0	0.5989899999999999	0.797793	-0.0688264	0.0	0.30048800000000003	-0.144272	0.9428110000000001	0.0	0.742239	-0.585415	-0.32614499999999996	0.0	-3.28114	1.73143	0.718484	0.353365	0.0849742	0.878526	-0.47007600000000005	0.0	0.33595	-0.469419	-0.8165680000000001	0.0	-0.938039	-0.088535	-0.33503	0.0	3.2176400000000003	2.06028	1.04036	0.354508	
0	0.716413	0.6973689999999999	-0.020731299999999998	0.0	0.22810300000000003	-0.206044	0.951586	0.0	0.659334	-0.686457	-0.306684	0.0	-3.3401300000000003	1.6006	0.5672229999999999	0.35380900000000004	0.08654930000000001	0.874442	-0.47734799999999994	0.0	0.345323	-0.47577299999999995	-0.808945	0.0	-0.934485	-0.09482539999999999	-0.343143	0.0	3.21825	2.06245	1.04409	0.35425700000000004	
0	0.774062	0.632981	0.012758799999999999	0.0	0.17773599999999998	-0.236604	0.955211	0.0	0.60765	-0.737125	-0.29565	0.0	-3.3914800000000005	1.4902	0.421121	0.354673	0.0952626	0.867819	-0.48766400000000004	0.0	0.349154	-0.48789799999999994	-0.80003	0.0	-0.932211	-0.0940568	-0.349481	0.0	3.2260400000000002	2.03855	1.0342799999999999	0.35403	
0	0.830227	0.5554520000000001	0.0468607	0.0	0.114156	-0.251706	0.9610479999999999	0.0	0.545611	-0.792539	-0.272382	0.0	-3.38919	1.24911	0.20854499999999998	0.35572	0.0989702	0.8605209999999999	-0.499709	0.0	0.34970500000000004	-0.50022	-0.79214	0.0	-0.9316180000000001	-0.09635239999999999	-0.350435	0.0	3.2166200000000003	2.02647	1.04959	0.353955	
0	0.8569379999999999	0.510127	0.0736748	0.0	0.059871900000000006	-0.240494	0.968802	0.0	0.511931	-0.825792	-0.236631	0.0	-3.34182	0.9828479999999999	0.0982508	0.35578200000000004	0.101333	0.8567530000000001	-0.505674	0.0	0.352371	-0.5062479999999999	-0.787114	0.0	-0.930358	-0.0984235	-0.353195	0.0	3.2084	2.02192	1.06806	0.35386	
0	0.872474	0.484379	0.06455169999999999	0.0	0.039804	-0.202105	0.978555	0.0	0.487037	-0.851194	-0.19561199999999998	0.0	-3.25406	0.707512	0.03341740000000001	0.357547	0.102414	0.851233	-0.514698	0.0	0.358748	-0.514205	-0.779034	0.0	-0.9277989999999999	-0.10486300000000001	-0.35804	0.0	3.2044	2.0061299999999997	1.09356	0.353458	
0	0.89107	0.44491800000000004	0.0896775	0.0	-0.0119839	-0.174453	0.984593	0.0	0.45370699999999997	-0.878416	-0.150118	0.0	-3.16147	0.379244	-0.0473903	0.357877	0.113482	0.843627	-0.5248010000000001	0.0	0.35046	-0.52825	-0.773388	0.0	-0.9296770000000001	-0.0961557	-0.355604	0.0	3.20654	1.9879099999999998	1.08974	0.353362	
0	0.9003760000000001	0.420792	0.11070799999999999	0.0	-0.051284	-0.150033	0.98735	0.0	0.432079	-0.8946639999999999	-0.113507	0.0	-3.13007	0.09725310000000001	-0.185604	0.358308	0.10993199999999999	0.8403780000000001	-0.530736	0.0	0.355098	-0.531939	-0.76873	0.0	-0.928343	-0.10395599999999999	-0.356894	0.0	3.18938	1.95108	1.0903100000000001	0.353547	
0	0.902543	0.41034899999999996	0.130497	0.0	-0.0804757	-0.136974	0.9873	0.0	0.423012	-0.901583	-0.0906016	0.0	-3.05954	-0.112121	-0.349425	0.357702	0.108054	0.8379850000000001	-0.5348890000000001	0.0	0.354144	-0.535189	-0.766913	0.0	-0.9289280000000001	-0.10655899999999999	-0.354596	0.0	3.17486	1.93124	1.09397	0.353673	
0	0.90749	0.400957	0.125279	0.0	-0.0844796	-0.117942	0.9894209999999999	0.0	0.41148999999999997	-0.908473	-0.07315830000000001	0.0	-3.02086	-0.20878000000000002	-0.414454	0.35699699999999995	0.10676300000000001	0.837828	-0.535393	0.0	0.356267	-0.5349520000000001	-0.7660939999999999	0.0	-0.928265	-0.108953	-0.355604	0.0	3.16833	1.9293900000000002	1.09257	0.353523	
0	0.917314	0.372898	0.13958099999999998	0.0	-0.10675	-0.107397	0.988469	0.0	0.383588	-0.921636	-0.0587099	0.0	-2.9727099999999997	-0.41698999999999997	-0.597557	0.35612699999999997	0.102586	0.83472	-0.541036	0.0	0.361587	-0.53799	-0.76146	0.0	-0.9266770000000001	-0.11751600000000001	-0.357014	0.0	3.1697599999999997	1.9028200000000002	1.09917	0.35329299999999997	
0	0.917585	0.37254699999999996	0.13873	0.0	-0.110082	-0.097213	0.989157	0.0	0.381994	-0.922908	-0.0481906	0.0	-2.96033	-0.5110399999999999	-0.720648	0.355919	0.105753	0.831809	-0.544895	0.0	0.361784	-0.5425989999999999	-0.758089	0.0	-0.9262450000000001	-0.11696300000000001	-0.358317	0.0	3.18114	1.89442	1.1064100000000001	0.35288800000000003	
0	0.9139639999999999	0.384228	0.13053299999999998	0.0	-0.10504300000000001	-0.0866966	0.9906809999999999	0.0	0.391964	-0.9191590000000001	-0.038876999999999995	0.0	-2.9154	-0.579299	-0.8354229999999999	0.35580100000000003	0.101775	0.82985	-0.5486260000000001	0.0	0.365709	-0.544083	-0.7551359999999999	0.0	-0.925148	-0.12378299999999999	-0.358858	0.0	3.18285	1.8847599999999998	1.11497	0.35270300000000004	
0	0.915585	0.382878	0.122918	0.0	-0.09853730000000001	-0.0827346	0.9916879999999999	0.0	0.389865	-0.9200870000000001	-0.0380228	0.0	-2.91575	-0.630362	-0.8960549999999999	0.355277	0.100659	0.826557	-0.553779	0.0	0.366603	-0.5482560000000001	-0.751676	0.0	-0.924916	-0.127354	-0.35820599999999997	0.0	3.17485	1.87283	1.11046	0.35285700000000003	
0	0.916055	0.383293	0.118029	0.0	-0.0950613	-0.0783942	0.9923799999999999	0.0	0.389625	-0.9202940000000001	-0.035377099999999995	0.0	-2.92099	-0.640754	-0.930111	0.35538200000000003	0.09827489999999998	0.8275110000000001	-0.552782	0.0	0.370492	-0.545964	-0.751438	0.0	-0.9236219999999999	-0.13095299999999999	-0.360241	0.0	3.17171	1.8693099999999998	1.11206	0.35279	
0	0.9160309999999999	0.38324600000000003	0.11836500000000001	0.0	-0.0952339	-0.0788506	0.9923270000000001	0.0	0.389638	-0.920275	-0.035731599999999995	0.0	-2.92115	-0.640421	-0.9288870000000001	0.355437	0.0983168	0.8274889999999999	-0.552806	0.0	0.370368	-0.5460189999999999	-0.751459	0.0	-0.923667	-0.13086099999999998	-0.360158	0.0	3.17198	1.8698700000000001	1.1118299999999999	0.352794	
0	0.9160309999999999	0.38324600000000003	0.11836400000000001	0.0	-0.0952335	-0.0788496	0.9923270000000001	0.0	0.389638	-0.9202739999999999	-0.03573080000000001	0.0	-2.92116	-0.640422	-0.9288850000000001	0.355437	0.09831669999999999	0.82749	-0.552806	0.0	0.370368	-0.5460189999999999	-0.751459	0.0	-0.923667	-0.13086099999999998	-0.360158	0.0	3.17198	1.8698700000000001	1.1118299999999999	0.352794	
0	0.9160309999999999	0.38324600000000003	0.11836400000000001	0.0	-0.0952335	-0.0788496	0.9923270000000001	0.0	0.389638	-0.9202739999999999	-0.03573080000000001	0.0	-2.92116	-0.640422	-0.9288850000000001	0.355437	0.0983166	0.82749	-0.552806	0.0	0.370368	-0.5460189999999999	-0.751459	0.0	-0.923668	-0.13086099999999998	-0.360159	0.0	3.17198	1.8698700000000001	1.1118299999999999	0.352794	
0	0.9160309999999999	0.38324600000000003	0.11836400000000001	0.0	-0.0952335	-0.0788496	0.9923270000000001	0.0	0.389638	-0.9202739999999999	-0.03573080000000001	0.0	-2.92116	-0.640422	-0.9288850000000001	0.355437	0.09831669999999999	0.82749	-0.552806	0.0	0.370368	-0.5460189999999999	-0.751459	0.0	-0.923667	-0.13086099999999998	-0.360159	0.0	3.17198	1.8698700000000001	1.1118299999999999	0.352794	
0	0.9160309999999999	0.38324600000000003	0.11836400000000001	0.0	-0.0952335	-0.0788496	0.9923270000000001	0.0	0.389638	-0.9202739999999999	-0.03573080000000001	0.0	-2.92116	-0.640422	-0.9288850000000001	0.355437	0.09831669999999999	0.82749	-0.552806	0.0	0.370368	-0.5460189999999999	-0.751459	0.0	-0.923667	-0.13086099999999998	-0.360159	0.0	3.17198	1.8698700000000001	1.1118299999999999	0.352794	
0	0.9160309999999999	0.38324600000000003	0.11836400000000001	0.0	-0.0952335	-0.0788496	0.9923270000000001	0.0	0.389638	-0.9202739999999999	-0.03573080000000001	0.0	-2.92116	-0.640422	-0.9288850000000001	0.355437	0.09831669999999999	0.82749	-0.552806	0.0	0.370368	-0.5460189999999999	-0.751459	0.0	-0.923667	-0.13086099999999998	-0.360159	0.0	3.17198	1.8698700000000001	1.1118299999999999	0.352794	
0	0.9160309999999999	0.38324600000000003	0.11836400000000001	0.0	-0.0952335	-0.0788496	0.9923270000000001	0.0	0.389638	-0.9202739999999999	-0.03573080000000001	0.0	-2.92116	-0.640422	-0.9288850000000001	0.355437	0.0983168	0.82749	-0.552806	0.0	0.370368	-0.5460189999999999	-0.751459	0.0	-0.923667	-0.13086099999999998	-0.360158	0.0	3.17198	1.8698700000000001	1.1118299999999999	0.352794	
0	0.9160309999999999	0.38324600000000003	0.11836400000000001	0.0	-0.0952335	-0.0788496	0.9923270000000001	0.0	0.389638	-0.9202739999999999	-0.03573080000000001	0.0	-2.92116	-0.640422	-0.9288850000000001	0.355437	0.09831669999999999	0.82749	-0.552806	0.0	0.370368	-0.5460189999999999	-0.751459	0.0	-0.923667	-0.13086099999999998	-0.360158	0.0	3.17198	1.8698700000000001	1.1118299999999999	0.352794	
0	0.9160309999999999	0.38324600000000003	0.11836400000000001	0.0	-0.0952335	-0.0788496	0.9923270000000001	0.0	0.389638	-0.920275	-0.03573080000000001	0.0	-2.92116	-0.640421	-0.9288850000000001	0.355437	0.0983168	0.8274889999999999	-0.552806	0.0	0.370368	-0.5460189999999999	-0.751459	0.0	-0.923667	-0.13086099999999998	-0.360158	0.0	3.17198	1.8698700000000001	1.1118299999999999	0.352794	
0	0.9160309999999999	0.38324600000000003	0.11836400000000001	0.0	-0.0952335	-0.0788496	0.9923270000000001	0.0	0.389638	-0.920275	-0.03573080000000001	0.0	-2.92116	-0.640422	-0.9288850000000001	0.355437	0.09831669999999999	0.82749	-0.552806	0.0	0.370368	-0.5460189999999999	-0.751459	0.0	-0.923667	-0.13086099999999998	-0.360158	0.0	3.17198	1.8698700000000001	1.1118299999999999	0.352794	
0	0.74346	0.6476810000000001	-0.166663	0.0	0.271469	-0.0645121	0.960283	0.0	0.611205	-0.759175	-0.22378800000000001	0.0	-2.7881	-0.9240780000000001	-0.968725	0.354685	0.08172180000000001	0.812257	-0.577547	0.0	0.39055300000000004	-0.559239	-0.731246	0.0	-0.9169459999999999	-0.165804	-0.362931	0.0	3.12845	1.8879700000000001	1.13917	0.353117	
0	0.779906	0.601314	-0.17369	0.0	0.23979299999999998	-0.030728600000000002	0.9703379999999999	0.0	0.57814	-0.7984220000000001	-0.168156	0.0	-2.59495	-1.45207	-1.04265	0.35699699999999995	0.0786411	0.812573	-0.57753	0.0	0.396945	-0.556942	-0.7295550000000001	0.0	-0.914467	-0.171874	-0.366345	0.0	3.13327	1.88332	1.14287	0.352959	
0	0.804445	0.54596	-0.23408400000000001	0.0	0.25632	0.0364618	0.9659040000000001	0.0	0.53588	-0.837017	-0.11060899999999999	0.0	-2.42675	-2.06232	-1.15555	0.356557	0.0763589	0.8134600000000001	-0.5765859999999999	0.0	0.399343	-0.554819	-0.7298640000000001	0.0	-0.913616	-0.174524	-0.367215	0.0	3.14025	1.8804299999999998	1.15422	0.352484	
0	0.829109	0.49559	-0.258783	0.0	0.270183	0.050062199999999994	0.961507	0.0	0.489468	-0.8671129999999999	-0.09239299999999999	0.0	-2.3656200000000003	-2.54166	-1.31918	0.354964	0.07416560000000001	0.812261	-0.5785600000000001	0.0	0.40222600000000003	-0.55524	-0.727958	0.0	-0.912531	-0.178723	-0.36789299999999997	0.0	3.1396	1.8793900000000001	1.17167	0.352527	
0	0.8504649999999999	0.452984	-0.267421	0.0	0.277596	0.0453418	0.959628	0.0	0.446821	-0.890365	-0.0871848	0.0	-2.33114	-2.84511	-1.53398	0.354323	0.07206169999999999	0.810891	-0.5807439999999999	0.0	0.40275700000000003	-0.556333	-0.726829	0.0	-0.912466	-0.181522	-0.366683	0.0	3.14181	1.86845	1.1748399999999999	0.352472	
0	0.874605	0.405095	-0.266393	0.0	0.278966	0.0289223	0.959865	0.0	0.396541	-0.913817	-0.087712	0.0	-2.3515900000000003	-3.04263	-1.73715	0.353767	0.0715349	0.810159	-0.5818300000000001	0.0	0.40413000000000004	-0.556841	-0.725677	0.0	-0.9119	-0.183223	-0.367243	0.0	3.14141	1.86635	1.17759	0.352555	
0	0.893677	0.362685	-0.2642	0.0	0.282779	0.00194039	0.959183	0.0	0.348394	-0.93191	-0.100825	0.0	-2.35434	-3.26202	-1.9180400000000002	0.353829	0.07207419999999999	0.809485	-0.5827	0.0	0.404925	-0.557655	-0.724608	0.0	-0.9115049999999999	-0.183724	-0.36797399999999997	0.0	3.14372	1.8655599999999999	1.17608	0.352483	
0	0.9087270000000001	0.27282199999999995	-0.315884	0.0	0.353799	-0.101948	0.9297489999999999	0.0	0.221452	-0.9566479999999999	-0.189167	0.0	-2.29337	-3.36818	-1.9739799999999998	0.35287399999999997	0.0716999	0.809739	-0.582393	0.0	0.405002	-0.557229	-0.724893	0.0	-0.9115	-0.183895	-0.367899	0.0	3.14132	1.87053	1.17944	0.352644	
0	0.9083899999999999	0.214104	-0.359148	0.0	0.386007	-0.0992871	0.9171370000000001	0.0	0.16070399999999999	-0.9717520000000001	-0.172837	0.0	-2.27821	-3.4250800000000003	-1.9956900000000002	0.35277	0.0718074	0.809607	-0.5825640000000001	0.0	0.40574299999999996	-0.557272	-0.724445	0.0	-0.911162	-0.184351	-0.36850900000000003	0.0	3.13967	1.87145	1.1774200000000001	0.352556	
0	0.8921049999999999	0.142233	-0.428858	0.0	0.42885100000000004	0.0322876	0.902798	0.0	0.142255	-0.9893059999999999	-0.0321929	0.0	-2.2766900000000003	-3.5456800000000004	-1.9982400000000002	0.35273899999999997	0.0715426	0.8088350000000001	-0.583667	0.0	0.405387	-0.558236	-0.723902	0.0	-0.911342	-0.184821	-0.367829	0.0	3.1379	1.8713799999999998	1.1844	0.352488	
0	0.8655280000000001	0.0865484	-0.493325	0.0	0.500141	-0.09660260000000001	0.8605389999999999	0.0	0.026821699999999997	-0.991553	-0.126899	0.0	-2.26072	-3.6173599999999997	-2.01061	0.35183000000000003	0.0712497	0.80921	-0.583184	0.0	0.405585	-0.557657	-0.724237	0.0	-0.911276	-0.184929	-0.367936	0.0	3.13668	1.87317	1.18971	0.352367	
0	0.8516520000000001	0.07417339999999999	-0.518832	0.0	0.515097	0.06431569999999999	0.854715	0.0	0.0967662	-0.9951690000000001	0.0165681	0.0	-2.2431799999999997	-3.6277199999999996	-2.0308599999999997	0.355029	0.071504	0.8097840000000001	-0.582354	0.0	0.40474299999999996	-0.557177	-0.7250770000000001	0.0	-0.9116299999999999	-0.183858	-0.367595	0.0	3.13752	1.87094	1.18835	0.35236799999999996	
0	0.828593	0.030085	-0.559042	0.0	0.5566939999999999	0.0616216	0.8284290000000001	0.0	0.059372400000000006	-0.9976459999999999	0.0343111	0.0	-2.2007	-3.63029	-2.05634	0.352445	0.072305	0.808905	-0.583476	0.0	0.403643	-0.558692	-0.724525	0.0	-0.912055	-0.183129	-0.36690500000000004	0.0	3.1396599999999997	1.8717700000000002	1.18672	0.352481	
0	0.77074	-0.0362851	-0.636116	0.0	0.637076	0.028693700000000003	0.770266	0.0	-0.00969663	-0.9989299999999999	0.04523169999999999	0.0	-2.13077	-3.6333599999999997	-2.10276	0.34473200000000004	0.07178689999999999	0.809222	-0.5831	0.0	0.404507	-0.557994	-0.72458	0.0	-0.9117129999999999	-0.183853	-0.36739299999999997	0.0	3.1417900000000003	1.87074	1.18761	0.35236300000000004	
0	0.73028	-0.0804961	-0.678389	0.0	0.6811520000000001	0.00993454	0.732075	0.0	-0.05218969999999999	-0.996705	0.062085	0.0	-2.07934	-3.6372699999999996	-2.1254	0.345934	0.0717796	0.809029	-0.5833689999999999	0.0	0.403947	-0.558345	-0.724622	0.0	-0.911962	-0.183637	-0.366883	0.0	3.14046	1.8666200000000002	1.18967	0.352371	
0	0.704605	-0.102073	-0.7022189999999999	0.0	0.70591	4.5269700000000005e-05	0.7083020000000001	0.0	-0.0722665	-0.994777	0.072086	0.0	-2.0533799999999998	-3.63996	-2.1398099999999998	0.345547	0.0712643	0.809289	-0.583072	0.0	0.40422600000000003	-0.5578380000000001	-0.724858	0.0	-0.9118790000000001	-0.18403599999999998	-0.36688899999999997	0.0	3.14184	1.8685599999999998	1.19076	0.35235700000000003	
0	0.653733	-0.14813199999999999	-0.742085	0.0	0.748979	-0.0132972	0.66246	0.0	-0.107999	-0.988878	0.102255	0.0	-2.0386599999999997	-3.6484	-2.1694	0.356926	0.0710751	0.809258	-0.583138	0.0	0.404397	-0.557794	-0.724796	0.0	-0.911817	-0.184305	-0.36690700000000004	0.0	3.14039	1.8684599999999998	1.19177	0.35230500000000003	
0	0.607243	-0.190815	-0.771262	0.0	0.783791	-0.015092	0.620842	0.0	-0.130105	-0.98151	0.14039400000000002	0.0	-2.03841	-3.65392	-2.1907	0.365331	0.07085570000000001	0.8087260000000001	-0.583902	0.0	0.404458	-0.5583859999999999	-0.724306	0.0	-0.911808	-0.184842	-0.366661	0.0	3.13968	1.8674099999999998	1.1903299999999999	0.35230700000000004	
0	0.572004	-0.202647	-0.794824	0.0	0.810304	-0.0108475	0.58591	0.0	-0.127354	-0.9791920000000001	0.158	0.0	-2.0436799999999997	-3.65155	-2.1913	0.354867	0.070448	0.8086399999999999	-0.584071	0.0	0.405381	-0.558203	-0.723931	0.0	-0.911429	-0.185772	-0.367131	0.0	3.14203	1.86733	1.18993	0.352113	
0	0.55202	-0.22261	-0.803566	0.0	0.8216120000000001	-0.0191591	0.569725	0.0	-0.14222200000000002	-0.97472	0.172323	0.0	-2.05032	-3.62517	-2.21132	0.255234	0.0701427	0.808844	-0.583825	0.0	0.405252	-0.5578989999999999	-0.724237	0.0	-0.9115110000000001	-0.18579600000000002	-0.36691799999999997	0.0	3.1383	1.8696	1.1936	0.352124	
0	0.535612	-0.261362	-0.8029999999999999	0.0	0.821308	-0.0599242	0.5673279999999999	0.0	-0.19639700000000002	-0.9633790000000001	0.182563	0.0	-1.94278	-3.6049	-2.17541	0.15163800000000002	0.06997239999999999	0.808756	-0.583967	0.0	0.40521599999999997	-0.557972	-0.724201	0.0	-0.911539	-0.18595799999999998	-0.366764	0.0	3.13752	1.8694099999999998	1.1923700000000002	0.352053	
0	0.539395	-0.273252	-0.796484	0.0	0.814453	-0.070886	0.5758840000000001	0.0	-0.213821	-0.959327	0.184315	0.0	-1.9607700000000001	-3.60711	-2.18226	0.15095899999999998	0.06993250000000001	0.808604	-0.584183	0.0	0.405521	-0.5580890000000001	-0.7239399999999999	0.0	-0.911407	-0.186271	-0.366935	0.0	3.13596	1.87053	1.19626	0.352078	
0	0.55076	-0.274377	-0.788277	0.0	0.806343	-0.0690214	0.587407	0.0	-0.215579	-0.959142	0.183228	0.0	-2.01943	-3.60741	-2.1840900000000003	0.150963	0.0697968	0.808688	-0.584082	0.0	0.40583	-0.557887	-0.723923	0.0	-0.91128	-0.18650999999999998	-0.367128	0.0	3.13896	1.86775	1.19191	0.352049	
0	0.5676859999999999	-0.260939	-0.7807970000000001	0.0	0.797275	-0.0620855	0.6004149999999999	0.0	-0.205148	-0.963357	0.172795	0.0	-2.07432	-3.6063199999999997	-2.18502	0.15095899999999998	0.06942630000000001	0.808856	-0.5838939999999999	0.0	0.406265	-0.557495	-0.723981	0.0	-0.911114	-0.186952	-0.367315	0.0	3.1377599999999997	1.8705	1.19492	0.352092	
0	0.577328	-0.251734	-0.776738	0.0	0.794586	-0.045761800000000005	0.605425	0.0	-0.187951	-0.966714	0.173605	0.0	-2.08725	-3.6046199999999997	-2.17671	0.15111	0.069328	0.808882	-0.583869	0.0	0.406354	-0.557419	-0.723989	0.0	-0.911082	-0.187065	-0.36733699999999997	0.0	3.13884	1.87063	1.19456	0.351995	
0	0.573577	-0.230731	-0.785985	0.0	0.80099	-0.0429495	0.5971350000000001	0.0	-0.171535	-0.9720690000000001	0.160178	0.0	-2.10376	-3.5819	-2.17443	0.150921	0.0690926	0.8095479999999999	-0.582973	0.0	0.406862	-0.5564279999999999	-0.7244659999999999	0.0	-0.9108729999999999	-0.187134	-0.36782	0.0	3.1367599999999998	1.87093	1.1959799999999998	0.351934	
0	0.576446	-0.180034	-0.7970550000000001	0.0	0.8053020000000001	-0.0402374	0.591499	0.0	-0.138562	-0.9828370000000001	0.12178699999999999	0.0	-2.15096	-3.5335	-2.13896	0.150953	0.0694624	0.809549	-0.582929	0.0	0.405955	-0.556708	-0.7247600000000001	0.0	-0.91125	-0.186299	-0.36730999999999997	0.0	3.13863	1.8703	1.1969100000000001	0.35194000000000003	
0	0.5958180000000001	-0.13286099999999998	-0.792054	0.0	0.797982	-0.013434399999999999	0.602531	0.0	-0.0906937	-0.991044	0.0980164	0.0	-2.22323	-3.49939	-2.12467	0.150901	0.0694962	0.809797	-0.582579	0.0	0.40583800000000003	-0.556431	-0.725038	0.0	-0.911299	-0.18604500000000002	-0.367317	0.0	3.13823	1.8695700000000002	1.1975	0.352051	
0	0.599123	-0.09745319999999999	-0.794704	0.0	0.8000079999999999	0.0329069	0.599087	0.0	-0.0322316	-0.9946959999999999	0.0976786	0.0	-2.2291	-3.45952	-2.11636	0.15066500000000002	0.06961510000000001	0.810107	-0.5821350000000001	0.0	0.405844	-0.556074	-0.725308	0.0	-0.9112870000000001	-0.185764	-0.367489	0.0	3.1392900000000004	1.8694	1.1979899999999999	0.352105	
0	0.609116	-0.06571310000000001	-0.790354	0.0	0.789263	-0.0474355	0.61222	0.0	-0.0777217	-0.99671	0.0229713	0.0	-2.28855	-3.1898400000000002	-2.02418	0.15061300000000002	0.0696252	0.810175	-0.582038	0.0	0.405453	-0.556072	-0.725529	0.0	-0.9114610000000001	-0.185474	-0.367204	0.0	3.13997	1.86749	1.19513	0.352194	
0	0.616636	-0.0510145	-0.785594	0.0	0.783122	-0.062280999999999996	0.618741	0.0	-0.0804923	-0.9967540000000001	0.00154588	0.0	-2.3119400000000003	-3.02897	-1.9831900000000002	0.150457	0.0691761	0.81016	-0.582112	0.0	0.406087	-0.555847	-0.7253470000000001	0.0	-0.9112129999999999	-0.186211	-0.367446	0.0	3.13979	1.8657299999999999	1.19445	0.352215	
0	0.6371479999999999	0.0006510019999999999	-0.770741	0.0	0.768062	-0.0838544	0.634862	0.0	-0.06421669999999999	-0.9964780000000001	-0.053927699999999995	0.0	-2.31292	-2.50093	-1.95487	0.15046500000000002	0.0662647	0.8094319999999999	-0.5834630000000001	0.0	0.408808	-0.555441	-0.724128	0.0	-0.9102110000000001	-0.19054000000000001	-0.367708	0.0	3.1406099999999997	1.8563599999999998	1.19547	0.352213	
0	0.6510130000000001	0.0343601	-0.758289	0.0	0.7569	-0.104807	0.645072	0.0	-0.05730880000000001	-0.993899	-0.0942377	0.0	-2.35229	-2.1449	-2.06964	0.150622	0.065375	0.809172	-0.583924	0.0	0.409489	-0.555389	-0.723783	0.0	-0.9099700000000001	-0.19179300000000002	-0.367655	0.0	3.1429	1.8449200000000001	1.1895200000000001	0.352115	
0	0.666796	0.0764746	-0.741306	0.0	0.744402	-0.11551199999999999	0.657664	0.0	-0.0353351	-0.990358	-0.133951	0.0	-2.3107900000000003	-1.81497	-2.02008	0.150623	0.06413250000000001	0.808822	-0.584546	0.0	0.41000600000000004	-0.555387	-0.723492	0.0	-0.909825	-0.193268	-0.36724	0.0	3.14779	1.8271	1.18191	0.35217600000000004	
0	0.675457	0.113205	-0.728658	0.0	0.7372489999999999	-0.123629	0.6642140000000001	0.0	-0.014891	-0.98585	-0.166966	0.0	-2.27064	-1.54257	-1.99137	0.15078699999999998	0.0638912	0.80875	-0.584671	0.0	0.410337	-0.555341	-0.7233390000000001	0.0	-0.909693	-0.193697	-0.367342	0.0	3.14893	1.8209099999999998	1.1790100000000001	0.352204	
0	0.686372	0.17091099999999998	-0.706882	0.0	0.726069	-0.105654	0.679457	0.0	0.0414413	-0.979605	-0.19661099999999998	0.0	-2.2136400000000003	-1.29114	-1.9619900000000001	0.150627	0.0633767	0.808326	-0.5853149999999999	0.0	0.41123000000000004	-0.5555399999999999	-0.722679	0.0	-0.909326	-0.19489800000000002	-0.367616	0.0	3.14929	1.8164900000000002	1.17582	0.352213	
1	0.691929	0.21048499999999998	-0.690602	0.0	0.716642	-0.0842952	0.6923279999999999	0.0	0.08751030000000001	-0.9739559999999999	-0.209169	0.0	-2.13349	-1.13988	-1.94744	0.150626	0.0631124	0.808004	-0.585787	0.0	0.411963	-0.555709	-0.722132	0.0	-0.909012	-0.195747	-0.36794	0.0	3.14793	1.8154400000000002	1.17772	0.351979	
1	0.694082	0.260348	-0.6711699999999999	0.0	0.702051	-0.0384957	0.7110850000000001	0.0	0.15929300000000002	-0.9647469999999999	-0.209497	0.0	-2.05119	-1.12477	-1.9655200000000002	0.150649	0.059396500000000005	0.808095	-0.58605	0.0	0.416249	-0.55366	-0.721246	0.0	-0.907308	-0.201103	-0.369255	0.0	3.1488400000000003	1.8143799999999999	1.1813200000000001	0.352121	
1	0.65723	0.30717	-0.6882550000000001	0.0	0.6915640000000001	0.117275	0.712731	0.0	0.299645	-0.944401	-0.135351	0.0	-1.94203	-1.31218	-1.9850599999999998	0.150784	0.054474	0.804956	-0.590829	0.0	0.432329	-0.552383	-0.712717	0.0	-0.900069	-0.216608	-0.378096	0.0	3.15403	1.80843	1.17252	0.352094	
1	0.582691	0.354553	-0.731275	0.0	0.681724	0.276592	0.677311	0.0	0.442407	-0.893191	-0.0805395	0.0	-1.8164200000000001	-1.50609	-1.9951400000000001	0.15079	0.064412	0.7999689999999999	-0.5965739999999999	0.0	0.448141	-0.557333	-0.698963	0.0	-0.891639	-0.22232800000000003	-0.394398	0.0	3.19021	1.8070700000000002	1.13483	0.352191	
1	0.470239	0.375529	-0.798657	0.0	0.647984	0.467463	0.6013270000000001	0.0	0.599159	-0.800285	-0.0235176	0.0	-1.6619700000000002	-1.75627	-2.02041	0.150795	0.0755652	0.793745	-0.603538	0.0	0.46961	-0.562271	-0.680675	0.0	-0.879634	-0.231992	-0.415239	0.0	3.2457700000000003	1.8045	1.0848799999999998	0.352421	
1	0.31459000000000004	0.36998600000000004	-0.8741530000000001	0.0	0.56645	0.665792	0.485651	0.0	0.761688	-0.647944	-0.000126779	0.0	-1.56775	-1.91103	-2.13116	0.150649	0.0946635	0.7813640000000001	-0.616855	0.0	0.493512	-0.574971	-0.652575	0.0	-0.8645719999999999	-0.24265	-0.44004099999999996	0.0	3.29945	1.7687400000000002	1.00309	0.352092	
1	0.208697	0.355042	-0.911258	0.0	0.485608	0.7711720000000001	0.41167700000000007	0.0	0.848899	-0.5284300000000001	-0.011470000000000001	0.0	-1.56679	-1.96573	-2.28611	0.150803	0.10662	0.7740100000000001	-0.624132	0.0	0.510567	-0.581253	-0.633614	0.0	-0.853202	-0.251105	-0.457157	0.0	3.35045	1.7758200000000002	0.9652360000000001	0.351987	
1	0.142697	0.358176	-0.9226850000000001	0.0	0.45702	0.8030510000000001	0.382416	0.0	0.877935	-0.47625500000000004	-0.049100599999999994	0.0	-1.5941299999999998	-1.9929299999999999	-2.39225	0.150781	0.119091	0.767451	-0.629949	0.0	0.537683	-0.583229	-0.608885	0.0	-0.834694	-0.2662	-0.48210299999999995	0.0	3.40617	1.79942	0.898494	0.352342	
1	0.12255799999999999	0.360456	-0.92469	0.0	0.428476	0.821191	0.3769	0.0	0.8952030000000001	-0.442399	-0.05380309999999999	0.0	-1.6573099999999998	-2.0197	-2.40982	0.150634	0.08577489999999999	0.764875	-0.638443	0.0	0.589209	-0.555679	-0.586561	0.0	-0.803415	-0.325863	-0.49833500000000003	0.0	3.50484	1.77373	0.805319	0.35375300000000004	
1	0.0822158	0.381114	-0.9208649999999999	0.0	0.382871	0.841009	0.382248	0.0	0.9201360000000001	-0.384	-0.07677339999999999	0.0	-1.74558	-2.0460700000000003	-2.3799799999999998	0.150428	0.060465099999999994	0.766853	-0.638968	0.0	0.618643	-0.531157	-0.578923	0.0	-0.783342	-0.36028899999999997	-0.506525	0.0	3.64814	1.7277200000000001	0.6764720000000001	0.35463	
1	0.00701161	0.377752	-0.9258799999999999	0.0	0.310683	0.879258	0.361084	0.0	0.9504879999999999	-0.290187	-0.111196	0.0	-1.8882700000000001	-1.98663	-2.46192	0.150706	0.056330399999999996	0.759617	-0.647926	0.0	0.6246	-0.533095	-0.570688	0.0	-0.778911	-0.372548	-0.504486	0.0	3.7430800000000004	1.73737	0.536872	0.354934	
1	-0.100404	0.302829	-0.947741	0.0	0.201622	0.938984	0.278671	0.0	0.9743040000000001	-0.163106	-0.155335	0.0	-1.57366	-1.4584700000000002	-2.98353	0.150834	0.0606323	0.746129	-0.663035	0.0	0.6189819999999999	-0.549219	-0.561445	0.0	-0.783061	-0.376365	-0.495141	0.0	3.8254099999999998	1.7457099999999999	0.432791	0.355381	
1	-0.177742	0.167125	-0.9697819999999999	0.0	0.0861043	0.9843350000000001	0.153852	0.0	0.980303	-0.056156399999999995	-0.189348	0.0	-1.56176	-1.34876	-3.1408	0.150723	0.051779599999999995	0.729176	-0.6823640000000001	0.0	0.610808	-0.5636979999999999	-0.55602	0.0	-0.790084	-0.38800300000000004	-0.474575	0.0	3.85149	1.7254200000000002	0.338486	0.356171	
1	-0.23954499999999998	0.0219688	-0.9706370000000001	0.0	-0.050982099999999995	0.99808	0.0351719	0.0	0.9695459999999999	0.0579104	-0.237965	0.0	-1.53093	-1.3566200000000002	-3.3089	0.150828	0.013017500000000001	0.7167680000000001	-0.69719	0.0	0.61334	-0.556397	-0.560569	0.0	-0.789712	-0.420317	-0.446866	0.0	3.84944	1.6570200000000002	0.29147	0.356786	
1	-0.266681	-0.109296	-0.957568	0.0	-0.20436500000000002	0.977368	-0.05464069999999999	0.0	0.9418690000000001	0.181122	-0.282981	0.0	-1.4870700000000001	-1.43382	-3.47946	0.150829	-0.012829499999999999	0.710896	-0.70318	0.0	0.609783	-0.551774	-0.568955	0.0	-0.7924640000000001	-0.436087	-0.426414	0.0	3.8560000000000003	1.59843	0.234382	0.357142	
1	-0.213844	-0.243646	-0.945996	0.0	-0.375706	0.914423	-0.150585	0.0	0.9017290000000001	0.32321500000000003	-0.287083	0.0	-1.40388	-1.49474	-3.63269	0.15083	-0.051125800000000006	0.706465	-0.7058989999999999	0.0	0.622051	-0.530442	-0.57592	0.0	-0.7813060000000001	-0.46855	-0.41233800000000004	0.0	3.8689699999999996	1.54616	0.189894	0.357457	
1	-0.15442	-0.34275100000000003	-0.9266479999999999	0.0	-0.470009	0.850458	-0.23624499999999998	0.0	0.869049	0.399052	-0.29242399999999996	0.0	-1.3012	-1.55219	-3.7137300000000004	0.150893	-0.0344815	0.681629	-0.730885	0.0	0.6122989999999999	-0.5635859999999999	-0.554492	0.0	-0.789874	-0.46663999999999994	-0.397928	0.0	3.94204	1.47916	0.0782998	0.356956	
1	-0.08855060000000001	-0.423288	-0.9016569999999999	0.0	-0.5448109999999999	0.778389	-0.31191399999999997	0.0	0.8338700000000001	0.463613	-0.299539	0.0	-1.16058	-1.5783	-3.7394	0.150668	0.15768	0.513021	-0.8437690000000001	0.0	0.46538	-0.792226	-0.394714	0.0	-0.8709530000000001	-0.330435	-0.363668	0.0	4.00523	1.51163	-0.06494159999999999	0.356271	
1	-0.0291591	-0.47598599999999996	-0.878969	0.0	-0.5922069999999999	0.716626	-0.368427	0.0	0.805258	0.509788	-0.30277800000000005	0.0	-1.0509700000000002	-1.60047	-3.7607699999999995	0.15004	0.271782	0.251779	-0.928839	0.0	0.31151799999999996	-0.9362209999999999	-0.162628	0.0	-0.910545	-0.24515100000000004	-0.332882	0.0	4.00134	1.50548	-0.116441	0.355585	
1	0.00820167	-0.48321099999999995	-0.8754649999999999	0.0	-0.5942970000000001	0.7017439999999999	-0.392894	0.0	0.804204	0.523509	-0.281416	0.0	-0.902292	-1.6807	-3.72842	0.149774	0.364753	-0.0785288	-0.927787	0.0	0.131444	-0.982116	0.134803	0.0	-0.9217799999999999	-0.171122	-0.347908	0.0	3.91376	1.41676	-0.22027399999999997	0.3429	
1	0.0450769	-0.465585	-0.8838540000000001	0.0	-0.588912	0.702284	-0.399975	0.0	0.8069390000000001	0.538542	-0.24253200000000003	0.0	-0.768683	-1.8102	-3.65624	0.149395	0.33970300000000003	-0.388716	-0.856447	0.0	-0.048358	-0.9166120000000001	0.396843	0.0	-0.9392889999999999	-0.09339249999999999	-0.330173	0.0	3.7367199999999996	1.1965	-0.373517	0.345224	
1	0.0591268	-0.441833	-0.8951469999999999	0.0	-0.5934020000000001	0.705527	-0.387435	0.0	0.802732	0.55409	-0.220469	0.0	-0.7272310000000001	-1.84896	-3.63551	0.14925	0.326154	-0.44621099999999997	-0.8333780000000001	0.0	-0.0647377	-0.8900600000000001	0.45122399999999996	0.0	-0.943098	-0.0932173	-0.319183	0.0	3.6309699999999996	1.0915	-0.42126	0.345294	
1	0.0823335	-0.40023000000000003	-0.912709	0.0	-0.574555	0.7292420000000001	-0.371608	0.0	0.814314	0.5549970000000001	-0.169914	0.0	-0.6274930000000001	-1.9014400000000002	-3.5826	0.148948	0.267727	-0.609788	-0.745977	0.0	-0.107228	-0.788288	0.605891	0.0	-0.957509	-0.08222389999999999	-0.276432	0.0	3.3182099999999997	0.869167	-0.501646	0.34691700000000003	
1	0.0772641	-0.37004899999999996	-0.925794	0.0	-0.565717	0.748343	-0.346333	0.0	0.8209719999999999	0.550496	-0.151523	0.0	-0.592318	-1.90252	-3.53674	0.148977	0.249532	-0.641653	-0.7252689999999999	0.0	-0.10611400000000001	-0.7625689999999999	0.6381439999999999	0.0	-0.962535	-0.0822761	-0.258374	0.0	3.17425	0.795183	-0.523896	0.34758	
1	0.0701664	-0.306542	-0.949267	0.0	-0.5433819999999999	0.786291	-0.294078	0.0	0.836548	0.536449	-0.111398	0.0	-0.513504	-1.87402	-3.5264599999999997	0.148544	0.23444600000000002	-0.71734	-0.656093	0.0	-0.114285	-0.690561	0.714188	0.0	-0.9653879999999999	-0.09245700000000001	-0.24388	0.0	2.76183	0.6938340000000001	-0.647369	0.348317	
1	0.06337469999999999	-0.268766	-0.961118	0.0	-0.55628	0.790057	-0.25761100000000003	0.0	0.828575	0.550977	-0.0994396	0.0	-0.457107	-1.79265	-3.58501	0.148475	0.244325	-0.730924	-0.637225	0.0	-0.11895	-0.674769	0.7283810000000001	0.0	-0.9623700000000001	-0.102164	-0.251806	0.0	2.48969	0.658976	-0.780225	0.349017	
1	0.0603716	-0.288998	-0.9554239999999999	0.0	-0.5712010000000001	0.774957	-0.270503	0.0	0.818587	0.56207	-0.11829100000000001	0.0	-0.38664899999999996	-1.68987	-3.6042699999999996	0.147518	0.25203400000000004	-0.738305	-0.6256079999999999	0.0	-0.115027	-0.66475	0.738158	0.0	-0.960858	-0.11408	-0.252465	0.0	2.25644	0.616286	-0.9379120000000001	0.348852	
1	0.06747280000000001	-0.286058	-0.955834	0.0	-0.571835	0.7739659999999999	-0.271995	0.0	0.817589	0.564932	-0.111356	0.0	-0.342654	-1.61897	-3.57196	0.14755	0.253273	-0.7393270000000001	-0.623898	0.0	-0.104853	-0.662107	0.742038	0.0	-0.9616959999999999	-0.122521	-0.245214	0.0	2.15805	0.591296	-1.00748	0.348244	
1	0.092524	-0.263704	-0.9601559999999999	0.0	-0.574383	0.773542	-0.267801	0.0	0.813341	0.576275	-0.0798962	0.0	-0.243042	-1.45157	-3.41166	0.147537	0.273069	-0.730632	-0.625788	0.0	-0.06701499999999999	-0.6633789999999999	0.7452770000000001	0.0	-0.959657	-0.161575	-0.23011199999999998	0.0	1.87452	0.445247	-1.18343	0.34737199999999996	
1	0.1071	-0.27265500000000004	-0.956132	0.0	-0.57115	0.770285	-0.283634	0.0	0.813829	0.576472	-0.07322949999999999	0.0	-0.20783800000000002	-1.3879	-3.3273599999999997	0.147507	0.302692	-0.731174	-0.61136	0.0	-0.05455840000000001	-0.6536930000000001	0.754791	0.0	-0.951526	-0.195115	-0.23776	0.0	1.7412400000000001	0.299139	-1.29577	0.34770700000000004	
1	0.129364	-0.27555999999999997	-0.9525399999999999	0.0	-0.555823	0.775362	-0.29979	0.0	0.821174	0.568225	-0.05285840000000001	0.0	-0.196271	-1.31776	-3.24458	0.14748	0.330194	-0.727698	-0.6011890000000001	0.0	-0.0385048	-0.6467649999999999	0.761716	0.0	-0.9431280000000001	-0.228365	-0.24157800000000001	0.0	1.6931599999999998	0.12595699999999999	-1.37239	0.347612	
1	0.133748	-0.274067	-0.952365	0.0	-0.551054	0.778166	-0.30132600000000004	0.0	0.823681	0.565107	-0.0469474	0.0	-0.198551	-1.30081	-3.2060299999999997	0.14748	0.34443	-0.730784	-0.589341	0.0	-0.0350237	-0.637317	0.769806	0.0	-0.938159	-0.244504	-0.245106	0.0	1.70235	0.015084899999999998	-1.41377	0.348074	
1	0.106547	-0.26708699999999996	-0.957764	0.0	-0.554295	0.783732	-0.28021799999999997	0.0	0.8254729999999999	0.56074	-0.06454009999999999	0.0	-0.187141	-1.26031	-3.12419	0.147516	0.377625	-0.7258859999999999	-0.574882	0.0	-0.0156342	-0.625761	0.779859	0.0	-0.9258270000000001	-0.285506	-0.247652	0.0	1.76675	-0.25642	-1.56453	0.34862600000000005	
1	0.108097	-0.260382	-0.959435	0.0	-0.549981	0.7882899999999999	-0.2759	0.0	0.828152	0.557495	-0.057993499999999996	0.0	-0.19226500000000002	-1.2505600000000001	-3.1092299999999997	0.147553	0.390399	-0.724851	-0.567609	0.0	-0.0165357	-0.621955	0.782878	0.0	-0.9204979999999999	-0.296249	-0.254797	0.0	1.7966799999999998	-0.350195	-1.6418400000000002	0.348513	
1	0.120861	-0.246009	-0.9617030000000001	0.0	-0.533605	0.800829	-0.271917	0.0	0.8370540000000001	0.546033	-0.0344827	0.0	-0.184945	-1.20896	-3.05079	0.147517	0.406442	-0.734226	-0.543799	0.0	-0.0191368	-0.601887	0.7983520000000001	0.0	-0.9134760000000001	-0.314077	-0.258683	0.0	1.85602	-0.533365	-1.82598	0.349054	
1	0.12295899999999998	-0.246354	-0.961349	0.0	-0.532971	0.8007569999999999	-0.27336900000000003	0.0	0.837152	0.545984	-0.0328392	0.0	-0.18046900000000002	-1.17466	-3.0305400000000002	0.14752	0.41899	-0.733845	-0.5347149999999999	0.0	-0.0299658	-0.599754	0.799624	0.0	-0.9074959999999999	-0.319011	-0.273281	0.0	1.8940599999999999	-0.584576	-1.96645	0.349022	
1	0.1372	-0.243626	-0.960116	0.0	-0.534909	0.797578	-0.278821	0.0	0.8336959999999999	0.551829	-0.02089	0.0	-0.189045	-1.16531	-3.03693	0.14732699999999999	0.430287	-0.726115	-0.5362939999999999	0.0	-0.0389835	-0.608498	0.7925979999999999	0.0	-0.90185	-0.32013800000000003	-0.290135	0.0	1.9010099999999999	-0.57316	-2.04038	0.349637	
1	0.128476	-0.24944899999999998	-0.959828	0.0	-0.542346	0.792622	-0.278589	0.0	0.830274	0.556351	-0.0334547	0.0	-0.19331700000000002	-1.16782	-3.0367599999999997	0.147349	0.430774	-0.725824	-0.536297	0.0	-0.0407209	-0.6092890000000001	0.791902	0.0	-0.901541	-0.319292	-0.292022	0.0	1.9010200000000002	-0.5669569999999999	-2.0434	0.349668	
1	0.13331500000000002	-0.270546	-0.953432	0.0	-0.532821	0.791597	-0.299126	0.0	0.8356610000000001	0.547886	-0.0386212	0.0	-0.229174	-1.16326	-2.96322	0.14699600000000002	0.421074	-0.727252	-0.542034	0.0	-0.0535314	-0.616479	0.78555	0.0	-0.905445	-0.301759	-0.298514	0.0	1.88569	-0.514975	-2.0613	0.349729	
1	0.135997	-0.26047	-0.9558559999999999	0.0	-0.523774	0.8000520000000001	-0.292535	0.0	0.840931	0.540437	-0.027622300000000002	0.0	-0.245367	-1.13363	-2.9456	0.147092	0.41816800000000004	-0.7277899999999999	-0.54356	0.0	-0.0556957	-0.617807	0.784355	0.0	-0.906661	-0.297718	-0.298881	0.0	1.8795400000000002	-0.50873	-2.04331	0.349754	
1	0.13731300000000002	-0.25756399999999996	-0.9564549999999999	0.0	-0.521991	0.801825	-0.290864	0.0	0.8418260000000001	0.5392	-0.024344900000000003	0.0	-0.266366	-1.11602	-2.92433	0.147078	0.415652	-0.730703	-0.541578	0.0	-0.0555768	-0.614744	0.786766	0.0	-0.907824	-0.29692199999999996	-0.29613	0.0	1.8582599999999998	-0.49600600000000006	-2.02093	0.350012	
1	0.122926	-0.26345100000000005	-0.956809	0.0	-0.5392779999999999	0.791622	-0.287252	0.0	0.833108	0.551296	-0.044762300000000005	0.0	-0.278531	-1.11958	-2.90007	0.14708800000000002	0.412231	-0.736341	-0.536533	0.0	-0.054750099999999996	-0.607855	0.792158	0.0	-0.909433	-0.297177	-0.290892	0.0	1.82907	-0.474492	-1.9756099999999999	0.349168	
