0	-0.11433499999999999	0.683851	-0.720608	0.0	0.06765499999999999	0.7290399999999999	0.6811189999999999	0.0	0.991136	0.0291233	-0.12962100000000001	0.0	-2.86889	1.9457799999999998	1.38519	-0.00048828099999999997	-0.0257568	0.650783	-0.758827	0.0	0.24576399999999998	-0.7316600000000001	-0.635826	0.0	-0.968988	-0.202869	-0.141094	0.0	2.73968	2.01288	1.58344	0.0	
0	-0.169972	0.670983	-0.7217279999999999	0.0	0.12220299999999999	0.741084	0.660198	0.0	0.977842	0.024018	-0.20795999999999998	0.0	-2.98912	2.05385	1.3056	0.0	-0.00502521	0.636019	-0.7716569999999999	0.0	0.24391999999999997	-0.747579	-0.617761	0.0	-0.9697819999999999	-0.191327	-0.151381	0.0	2.75738	2.0344700000000002	1.5745200000000001	0.0	
0	-0.250347	0.68119	-0.687973	0.0	0.187728	0.731269	0.6557470000000001	0.0	0.949781	0.0350126	-0.31095	0.0	-3.0759	2.36171	1.16533	0.0	0.0226919	0.680656	-0.732252	0.0	0.234675	-0.7156020000000001	-0.657907	0.0	-0.971809	-0.156912	-0.175972	0.0	2.7639	2.14927	1.51226	0.0482101	
0	-0.25666100000000003	0.733413	-0.629468	0.0	0.23180900000000002	0.678988	0.696592	0.0	0.938291	0.0328717	-0.344281	0.0	-3.1969	2.50298	1.0641100000000001	0.27679000000000004	-0.015785	0.728969	-0.684365	0.0	0.279037	-0.654046	-0.703109	0.0	-0.960151	-0.202062	-0.19308499999999998	0.0	2.8054099999999997	2.1899	1.45435	0.30588200000000004	
0	-0.199711	0.780579	-0.592295	0.0	0.262194	0.625001	0.735275	0.0	0.944124	-0.00845361	-0.329482	0.0	-3.14095	2.51435	1.01039	0.34660799999999997	-0.0540805	0.7581399999999999	-0.649845	0.0	0.310223	-0.605837	-0.732614	0.0	-0.949125	-0.24121700000000001	-0.202428	0.0	2.85615	2.10317	1.36162	0.339094	
0	-0.09421560000000001	0.8350350000000001	-0.5420699999999999	0.0	0.30677	0.5423479999999999	0.782145	0.0	0.947109	-0.0926005	-0.307261	0.0	-3.07472	2.43349	1.00832	0.347534	-0.104822	0.777575	-0.619991	0.0	0.341525	-0.557365	-0.7567729999999999	0.0	-0.934009	-0.291069	-0.207137	0.0	2.91883	2.01651	1.26405	0.350697	
0	0.00679184	0.8710040000000001	-0.49122899999999997	0.0	0.351122	0.457884	0.816735	0.0	0.9363049999999999	-0.178029	-0.302719	0.0	-3.0091099999999997	2.31264	0.932428	0.34804	-0.185115	0.801719	-0.568312	0.0	0.361736	-0.482113	-0.797944	0.0	-0.913718	-0.35329	-0.200764	0.0	2.9753	1.91378	1.14157	0.354358	
0	0.1518	0.907049	-0.39270700000000003	0.0	0.404121	0.30563	0.862135	0.0	0.9020219999999999	-0.289573	-0.32016300000000003	0.0	-3.01727	2.18365	0.768402	0.350248	-0.29431799999999997	0.8245399999999999	-0.48323	0.0	0.352477	-0.37633	-0.856817	0.0	-0.8883340000000001	-0.422504	-0.179871	0.0	3.01012	1.78765	0.999814	0.357254	
0	0.21220100000000003	0.9173600000000001	-0.336782	0.0	0.40763499999999997	0.230121	0.8836729999999999	0.0	0.8881469999999999	-0.3248	-0.32511599999999996	0.0	-3.04827	2.07878	0.599738	0.352378	-0.342785	0.8350700000000001	-0.43029799999999996	0.0	0.340483	-0.31646599999999997	-0.885393	0.0	-0.87554	-0.450009	-0.175848	0.0	3.04022	1.6983599999999999	0.8537520000000001	0.35880700000000004	
0	0.283623	0.9186270000000001	-0.27510300000000004	0.0	0.413843	0.141536	0.899278	0.0	0.8650389999999999	-0.36890500000000004	-0.340024	0.0	-3.07348	2.02051	0.44109799999999993	0.35344899999999996	-0.407154	0.834377	-0.371539	0.0	0.351677	-0.232208	-0.9068649999999999	0.0	-0.8429409999999999	-0.499895	-0.19888699999999998	0.0	3.06779	1.60772	0.675172	0.359078	
0	0.356666	0.909515	-0.21347800000000003	0.0	0.409528	0.0531703	0.910747	0.0	0.8396879999999999	-0.412257	-0.353508	0.0	-3.10093	1.97301	0.291653	0.353781	-0.48717299999999997	0.796164	-0.35886799999999996	0.0	0.357306	-0.193246	-0.9137770000000001	0.0	-0.796866	-0.573393	-0.19033	0.0	3.0934	1.40123	0.527525	0.359079	
0	0.44032200000000005	0.8845	-0.154197	0.0	0.381369	-0.028774200000000003	0.923975	0.0	0.812819	-0.46565200000000007	-0.34999	0.0	-3.12406	1.89736	0.1743	0.354259	-0.527246	0.765716	-0.368363	0.0	0.36378299999999997	-0.188363	-0.9122399999999999	0.0	-0.767903	-0.614978	-0.179241	0.0	3.07186	1.26779	0.451263	0.359569	
0	0.5471550000000001	0.827628	-0.125112	0.0	0.348812	-0.0895784	0.932902	0.0	0.760889	-0.554082	-0.3377	0.0	-3.17266	1.6771200000000002	0.0764984	0.35438000000000003	-0.541154	0.751466	-0.377427	0.0	0.381388	-0.18068599999999999	-0.9065850000000001	0.0	-0.749463	-0.634548	-0.188822	0.0	3.03836	1.21527	0.338725	0.36018	
0	0.624881	0.7659630000000001	-0.151075	0.0	0.334406	-0.0877394	0.9383360000000001	0.0	0.705476	-0.6368689999999999	-0.31096999999999997	0.0	-3.2356700000000003	1.36523	-0.024562999999999998	0.35505	-0.5533899999999999	0.741312	-0.379758	0.0	0.40573899999999996	-0.15825999999999998	-0.900183	0.0	-0.727417	-0.652235	-0.2132	0.0	3.02107	1.19535	0.26841	0.36043200000000003	
0	0.7148770000000001	0.681425	-0.156879	0.0	0.287213	-0.0815928	0.954385	0.0	0.637542	-0.727326	-0.25404299999999996	0.0	-3.32131	0.9556319999999999	-0.0877984	0.35633400000000004	-0.560639	0.7349979999999999	-0.381393	0.0	0.424889	-0.139988	-0.8943559999999999	0.0	-0.710741	-0.663461	-0.23381	0.0	3.0542	1.15123	0.212774	0.360636	
0	0.77947	0.612649	-0.130717	0.0	0.209196	-0.0578831	0.976159	0.0	0.590477	-0.788233	-0.173282	0.0	-3.3691199999999997	0.571218	-0.0520784	0.357009	-0.562686	0.729644	-0.38859299999999997	0.0	0.437989	-0.135537	-0.888704	0.0	-0.701106	-0.670261	-0.243311	0.0	3.07648	1.09753	0.188526	0.361062	
0	0.841424	0.53478	-0.07756439999999999	0.0	0.12150799999999999	-0.0473799	0.991459	0.0	0.5265380000000001	-0.8436620000000001	-0.10484700000000001	0.0	-3.4175400000000002	0.259035	-0.026586000000000002	0.357034	-0.561385	0.727916	-0.393683	0.0	0.44638100000000003	-0.134228	-0.884718	0.0	-0.696843	-0.6724	-0.249575	0.0	3.09383	1.08571	0.207391	0.360724	
0	0.868763	0.494395	-0.028699400000000003	0.0	0.0659552	-0.058073400000000004	0.996131	0.0	0.490816	-0.867295	-0.08306000000000001	0.0	-3.4595800000000003	0.0355457	-0.108625	0.357854	-0.552741	0.7296159999999999	-0.402665	0.0	0.4507	-0.1447	-0.88087	0.0	-0.700962	-0.668373	-0.248856	0.0	3.09767	1.07114	0.23171599999999998	0.360917	
0	0.906608	0.421629	-0.0170545	0.0	0.0366939	-0.0385094	0.998584	0.0	0.420375	-0.90595	-0.0503841	0.0	-3.50322	-0.151372	-0.212387	0.35604600000000003	-0.549353	0.728907	-0.408543	0.0	0.453599	-0.150476	-0.878411	0.0	-0.701755	-0.667871	-0.24796700000000002	0.0	3.09258	1.05304	0.26960700000000004	0.360877	
0	0.9125989999999999	0.408835	-0.00416324	0.0	0.017516	-0.0289218	0.9994280000000001	0.0	0.408481	-0.91215	-0.0335551	0.0	-3.4791800000000004	-0.270852	-0.298557	0.356651	-0.548621	0.72645	-0.413866	0.0	0.458642	-0.152386	-0.875458	0.0	-0.699044	-0.670111	-0.24957800000000002	0.0	3.09308	1.03944	0.28017600000000004	0.36085900000000004	
0	0.9194379999999999	0.393198	0.005450899999999999	0.0	0.00435884	-0.0240515	0.9997010000000001	0.0	0.39321100000000003	-0.9191389999999999	-0.0238277	0.0	-3.4704900000000003	-0.372218	-0.347418	0.35665	-0.543456	0.7255739999999999	-0.42213500000000004	0.0	0.46588999999999997	-0.157612	-0.870692	0.0	-0.698285	-0.669851	-0.25238299999999997	0.0	3.1061400000000003	1.01925	0.28146	0.360901	
0	0.9181520000000001	0.396099	0.0101096	0.0	-0.00363313	-0.0170976	0.9998469999999999	0.0	0.39621100000000004	-0.918049	-0.014259200000000001	0.0	-3.45551	-0.444445	-0.404277	0.356267	-0.5412020000000001	0.7251270000000001	-0.42578299999999997	0.0	0.470084	-0.158939	-0.868193	0.0	-0.697224	-0.670022	-0.254852	0.0	3.12797	0.999382	0.268621	0.360799	
0	0.916927	0.398935	0.00975785	0.0	-0.00503676	-0.0128808	0.9999040000000001	0.0	0.399022	-0.916889	-0.00980142	0.0	-3.43989	-0.46571599999999996	-0.43800900000000004	0.356072	-0.538345	0.722813	-0.433274	0.0	0.473833	-0.165547	-0.864914	0.0	-0.6968989999999999	-0.670921	-0.253371	0.0	3.14393	0.979815	0.286035	0.360869	
0	0.914884	0.403614	0.00907154	0.0	-0.00520311	-0.0106802	0.9999290000000001	0.0	0.403683	-0.914867	-0.00767108	0.0	-3.4110699999999996	-0.45494700000000005	-0.44553400000000004	0.355887	-0.538609	0.718609	-0.439887	0.0	0.477783	-0.169533	-0.861964	0.0	-0.693991	-0.674433	-0.252027	0.0	3.15869	0.95495	0.289218	0.360714	
0	0.9160659999999999	0.400859	0.011599700000000001	0.0	-0.00723559	-0.012399	0.9998969999999999	0.0	0.400961	-0.916056	-0.00845784	0.0	-3.40151	-0.449962	-0.448266	0.35607300000000003	-0.533991	0.718286	-0.44600200000000007	0.0	0.48143100000000005	-0.175325	-0.85877	0.0	-0.695038	-0.673295	-0.252183	0.0	3.17115	0.9368040000000001	0.29395	0.360744	
0	0.915414	0.402381	0.010346	0.0	-0.00710824	-0.00953902	0.9999290000000001	0.0	0.402452	-0.915423	-0.00587193	0.0	-3.39695	-0.450087	-0.451247	0.356298	-0.531564	0.719126	-0.447546	0.0	0.482283	-0.177396	-0.857866	0.0	-0.696307	-0.671854	-0.252525	0.0	3.1737599999999997	0.9313	0.290885	0.360662	
0	0.915429	0.40234699999999995	0.0103738	0.0	-0.00712249	-0.00957625	0.9999290000000001	0.0	0.402418	-0.9154370000000001	-0.00590067	0.0	-3.3971400000000003	-0.450092	-0.45109099999999996	0.356297	-0.531583	0.719121	-0.447533	0.0	0.48227299999999995	-0.17738199999999998	-0.857875	0.0	-0.6963	-0.671864	-0.252519	0.0	3.17373	0.9315209999999999	0.29090900000000003	0.360661	
0	0.915429	0.40234699999999995	0.010373700000000001	0.0	-0.00712241	-0.00957625	0.9999290000000001	0.0	0.402418	-0.9154370000000001	-0.0059007	0.0	-3.3971400000000003	-0.450093	-0.45109099999999996	0.356298	-0.531583	0.719121	-0.447533	0.0	0.48227299999999995	-0.17738199999999998	-0.857875	0.0	-0.696299	-0.671864	-0.252519	0.0	3.17373	0.931522	0.29090900000000003	0.360661	
0	0.915429	0.40234699999999995	0.010373700000000001	0.0	-0.007122399999999999	-0.00957624	0.9999290000000001	0.0	0.402418	-0.9154370000000001	-0.0059007	0.0	-3.3971400000000003	-0.45009399999999994	-0.45109099999999996	0.356298	-0.531583	0.719121	-0.447533	0.0	0.48227299999999995	-0.17738199999999998	-0.857875	0.0	-0.6963	-0.671864	-0.252519	0.0	3.17373	0.931522	0.29090900000000003	0.360661	
0	0.915429	0.40234699999999995	0.010373700000000001	0.0	-0.007122399999999999	-0.00957624	0.9999290000000001	0.0	0.402418	-0.9154370000000001	-0.0059007	0.0	-3.3971400000000003	-0.45009399999999994	-0.45109099999999996	0.356298	-0.531583	0.719121	-0.447533	0.0	0.48227299999999995	-0.17738199999999998	-0.857875	0.0	-0.696299	-0.671864	-0.252519	0.0	3.17373	0.931522	0.29090900000000003	0.360661	
0	0.915429	0.40234699999999995	0.010373700000000001	0.0	-0.00712243	-0.00957626	0.9999290000000001	0.0	0.402418	-0.9154370000000001	-0.0059007	0.0	-3.3971400000000003	-0.45009399999999994	-0.45109099999999996	0.356298	-0.531583	0.719121	-0.447533	0.0	0.48227299999999995	-0.17738199999999998	-0.857875	0.0	-0.696299	-0.671864	-0.252519	0.0	3.17373	0.931522	0.29091	0.360661	
0	0.915429	0.40234699999999995	0.010373700000000001	0.0	-0.00712241	-0.00957625	0.9999290000000001	0.0	0.402418	-0.9154370000000001	-0.0059007	0.0	-3.3971400000000003	-0.45009399999999994	-0.45109099999999996	0.356298	-0.531583	0.719121	-0.447533	0.0	0.48227299999999995	-0.17738199999999998	-0.857875	0.0	-0.696299	-0.671864	-0.252519	0.0	3.17373	0.931522	0.29091	0.360661	
0	0.915429	0.40234699999999995	0.010373700000000001	0.0	-0.00712241	-0.00957624	0.9999290000000001	0.0	0.402418	-0.9154370000000001	-0.0059007	0.0	-3.3971400000000003	-0.45009399999999994	-0.45109099999999996	0.356297	-0.531583	0.719121	-0.447533	0.0	0.48227299999999995	-0.17738199999999998	-0.857875	0.0	-0.696299	-0.671864	-0.252519	0.0	3.17373	0.931522	0.29090900000000003	0.360661	
0	0.915429	0.40234699999999995	0.010373700000000001	0.0	-0.00712241	-0.00957624	0.9999290000000001	0.0	0.402418	-0.9154370000000001	-0.0059007	0.0	-3.3971400000000003	-0.450093	-0.45109	0.356298	-0.531583	0.719121	-0.447533	0.0	0.48227299999999995	-0.17738199999999998	-0.857875	0.0	-0.696299	-0.671864	-0.252519	0.0	3.17373	0.9315209999999999	0.29090900000000003	0.360661	
0	0.915429	0.40234699999999995	0.0103738	0.0	-0.00712244	-0.00957626	0.9999290000000001	0.0	0.402418	-0.9154370000000001	-0.0059007	0.0	-3.3971400000000003	-0.450093	-0.45109	0.356297	-0.531583	0.719121	-0.447533	0.0	0.48227299999999995	-0.17738199999999998	-0.857875	0.0	-0.696299	-0.671864	-0.252519	0.0	3.17373	0.9315209999999999	0.29090900000000003	0.360661	
0	0.571861	0.797389	-0.19273099999999999	0.0	0.22160900000000003	0.0760443	0.972166	0.0	0.789851	-0.598655	-0.133222	0.0	-3.13898	-0.856023	-0.673471	0.353589	-0.522054	0.685476	-0.5075270000000001	0.0	0.538115	-0.19696	-0.819536	0.0	-0.661734	-0.7009489999999999	-0.26604099999999997	0.0	3.13159	0.919064	0.328004	0.360413	
0	0.614712	0.763686	-0.19726400000000002	0.0	0.193158	0.096727	0.9763879999999999	0.0	0.764735	-0.638301	-0.08805310000000001	0.0	-2.9308799999999997	-1.30141	-0.8738379999999999	0.353138	-0.5240630000000001	0.683669	-0.507893	0.0	0.540971	-0.193385	-0.818507	0.0	-0.657806	-0.703704	-0.268499	0.0	3.13901	0.915567	0.331214	0.360346	
0	0.649562	0.7375649999999999	-0.18457300000000001	0.0	0.162403	0.10255999999999998	0.9813799999999999	0.0	0.742761	-0.667442	-0.053163999999999996	0.0	-2.81395	-1.68842	-1.08911	0.352955	-0.525928	0.680838	-0.509764	0.0	0.542846	-0.192699	-0.817427	0.0	-0.654766	-0.706631	-0.268244	0.0	3.14545	0.90346	0.335623	0.36042399999999997	
0	0.68637	0.703593	-0.18399400000000002	0.0	0.145466	0.11506400000000001	0.982649	0.0	0.7125560000000001	-0.701226	-0.023372099999999996	0.0	-2.73093	-2.02737	-1.2750700000000001	0.352578	-0.527682	0.677743	-0.51207	0.0	0.54397	-0.193392	-0.816515	0.0	-0.652417	-0.709411	-0.266623	0.0	3.14893	0.8853770000000001	0.341834	0.360295	
0	0.736966	0.652519	-0.176353	0.0	0.136173	0.112228	0.984308	0.0	0.662071	-0.749416	-0.00614701	0.0	-2.7189400000000004	-2.36744	-1.49068	0.352725	-0.529529	0.6725479999999999	-0.51699	0.0	0.5433399999999999	-0.199123	-0.8155560000000001	0.0	-0.6514449999999999	-0.712761	-0.259981	0.0	3.15161	0.855324	0.35492199999999996	0.36028899999999997	
0	0.784907	0.59513	-0.172457	0.0	0.131401	0.112122	0.9849680000000001	0.0	0.60552	-0.79577	0.00980419	0.0	-2.77901	-2.70791	-1.66098	0.352302	-0.5322439999999999	0.668652	-0.51925	0.0	0.543461	-0.200427	-0.815156	0.0	-0.6491279999999999	-0.716054	-0.25671	0.0	3.15049	0.8262889999999999	0.372498	0.360358	
0	0.82409	0.533046	-0.191672	0.0	0.146644	0.12608	0.9811219999999999	0.0	0.547149	-0.8366399999999999	0.0257335	0.0	-2.84429	-2.99396	-1.7833299999999999	0.352937	-0.532475	0.667984	-0.519874	0.0	0.5433600000000001	-0.201189	-0.815036	0.0	-0.6490229999999999	-0.716464	-0.255828	0.0	3.14947	0.813635	0.382769	0.360404	
0	0.853289	0.46087799999999995	-0.243902	0.0	0.19151700000000002	0.158055	0.9686799999999999	0.0	0.484993	-0.873275	0.046600699999999995	0.0	-2.79529	-3.14436	-1.8088	0.348885	-0.532849	0.667272	-0.520404	0.0	0.5433100000000001	-0.201711	-0.81494	0.0	-0.648758	-0.7169800000000001	-0.255054	0.0	3.14973	0.80999	0.38758200000000004	0.360502	
0	0.8614280000000001	0.40565500000000004	-0.305591	0.0	0.256228	0.17239100000000002	0.9511200000000001	0.0	0.438508	-0.8976219999999999	0.0445627	0.0	-2.8007400000000002	-3.19442	-1.7905	0.35199899999999995	-0.533568	0.666775	-0.520304	0.0	0.5432819999999999	-0.201274	-0.815067	0.0	-0.6481899999999999	-0.717565	-0.254853	0.0	3.15168	0.806094	0.386765	0.3605	
0	0.861966	0.33643	-0.37924800000000003	0.0	0.30478	0.253907	0.917954	0.0	0.405121	-0.906833	0.11632200000000001	0.0	-2.9666	-3.3968599999999998	-1.7683099999999998	0.34780300000000003	-0.533732	0.666216	-0.5208510000000001	0.0	0.544026	-0.20104	-0.814628	0.0	-0.6474310000000001	-0.71815	-0.255137	0.0	3.14723	0.803404	0.383856	0.360478	
0	0.86136	0.32203699999999996	-0.392875	0.0	0.312224	0.274451	0.909501	0.0	0.40071799999999996	-0.9060729999999999	0.135853	0.0	-3.03123	-3.4807099999999997	-1.7940900000000002	0.350556	-0.533632	0.666078	-0.5211319999999999	0.0	0.543905	-0.20156500000000002	-0.8145789999999999	0.0	-0.647614	-0.7181310000000001	-0.254722	0.0	3.14623	0.804188	0.385639	0.36040900000000003	
0	0.864806	0.297493	-0.404485	0.0	0.320178	0.293809	0.900645	0.0	0.386777	-0.908391	0.15883699999999998	0.0	-3.03274	-3.53185	-1.8036900000000002	0.35134899999999997	-0.5332819999999999	0.665636	-0.522053	0.0	0.543763	-0.203018	-0.8143130000000001	0.0	-0.648022	-0.718132	-0.253682	0.0	3.1467	0.806511	0.38821700000000003	0.360558	
0	0.873117	0.267656	-0.407465	0.0	0.326126	0.300578	0.896267	0.0	0.362367	-0.91543	0.17515	0.0	-3.02697	-3.60181	-1.77699	0.35246	-0.5338109999999999	0.664912	-0.522435	0.0	0.54388	-0.203102	-0.814214	0.0	-0.6474880000000001	-0.718778	-0.253214	0.0	3.14451	0.807295	0.391716	0.360541	
0	0.877548	0.249654	-0.409369	0.0	0.327766	0.310813	0.8921690000000001	0.0	0.349971	-0.917098	0.190925	0.0	-3.01536	-3.5971699999999998	-1.7882799999999999	0.352032	-0.5342520000000001	0.664608	-0.522371	0.0	0.544167	-0.202493	-0.814174	0.0	-0.646883	-0.7192310000000001	-0.253475	0.0	3.14417	0.80883	0.391201	0.360634	
0	0.8823340000000001	0.237389	-0.406366	0.0	0.328067	0.308841	0.8927430000000001	0.0	0.337429	-0.921012	0.194622	0.0	-3.0041	-3.59564	-1.79079	0.35235500000000003	-0.534077	0.664205	-0.523062	0.0	0.544556	-0.202991	-0.81379	0.0	-0.6467	-0.719463	-0.253284	0.0	3.14443	0.808874	0.392277	0.36054400000000003	
0	0.894633	0.217928	-0.39005100000000004	0.0	0.31549099999999997	0.310046	0.896848	0.0	0.316382	-0.925407	0.208623	0.0	-2.98875	-3.5933699999999997	-1.7979	0.353168	-0.53466	0.663895	-0.52286	0.0	0.544658	-0.20235	-0.8138810000000001	0.0	-0.6461319999999999	-0.719929	-0.253407	0.0	3.14266	0.808251	0.396219	0.360581	
0	0.910207	0.21115100000000003	-0.356283	0.0	0.282982	0.31105	0.9072870000000001	0.0	0.30239699999999997	-0.9266409999999999	0.22336799999999998	0.0	-2.98834	-3.5925199999999995	-1.80424	0.352968	-0.535726	0.6639649999999999	-0.521679	0.0	0.544967	-0.200043	-0.814244	0.0	-0.644987	-0.72051	-0.254671	0.0	3.14704	0.805242	0.391735	0.360456	
0	0.9282600000000001	0.196405	-0.315845	0.0	0.25313800000000003	0.28855	0.9233959999999999	0.0	0.272497	-0.937104	0.21813200000000002	0.0	-2.98556	-3.593	-1.7988	0.350697	-0.53554	0.66333	-0.522676	0.0	0.545855	-0.20036400000000001	-0.813571	0.0	-0.6443909999999999	-0.721005	-0.254779	0.0	3.15043	0.805426	0.390088	0.360533	
0	0.9477129999999999	0.13553900000000002	-0.288912	0.0	0.243544	0.27784699999999996	0.92924	0.0	0.20622100000000002	-0.951016	0.230309	0.0	-2.9501	-3.5899199999999998	-1.79509	0.348919	-0.535799	0.663033	-0.522787	0.0	0.546089	-0.20011199999999998	-0.813475	0.0	-0.643977	-0.7213470000000001	-0.254855	0.0	3.15238	0.805275	0.387387	0.360622	
0	0.9579790000000001	0.101977	-0.268099	0.0	0.235075	0.256472	0.93753	0.0	0.164366	-0.9611569999999999	0.221723	0.0	-2.9220200000000003	-3.5896	-1.7923900000000001	0.330902	-0.535985	0.66273	-0.522981	0.0	0.546346	-0.199971	-0.813338	0.0	-0.643604	-0.721665	-0.254899	0.0	3.1513299999999997	0.810451	0.392487	0.360559	
0	0.970677	0.052066499999999995	-0.23468000000000003	0.0	0.216013	0.239419	0.9465819999999999	0.0	0.105472	-0.969519	0.22115100000000001	0.0	-2.9297	-3.58187	-1.8034700000000001	0.166249	-0.536036	0.662392	-0.523357	0.0	0.546714	-0.199994	-0.813084	0.0	-0.643249	-0.721969	-0.25493499999999997	0.0	3.15565	0.8089770000000001	0.386447	0.36061	
0	0.9752549999999999	0.03165	-0.21880500000000003	0.0	0.208079	0.203016	0.9568120000000001	0.0	0.0747039	-0.978664	0.191406	0.0	-2.93382	-3.57732	-1.78929	0.16218	-0.536279	0.662114	-0.52346	0.0	0.5471229999999999	-0.199544	-0.81292	0.0	-0.642699	-0.722348	-0.255247	0.0	3.1551299999999998	0.811299	0.388261	0.360534	
0	0.976959	0.019013299999999997	-0.21258000000000002	0.0	0.20456	0.200719	0.9580540000000001	0.0	0.0608846	-0.9794639999999999	0.192205	0.0	-2.92687	-3.57195	-1.8034299999999999	0.162197	-0.536512	0.662042	-0.523312	0.0	0.547247	-0.19910899999999998	-0.8129430000000001	0.0	-0.6423989999999999	-0.722534	-0.255477	0.0	3.1577599999999997	0.811851	0.384932	0.360446	
0	0.975298	0.00973701	-0.220677	0.0	0.2138	0.20949	0.954151	0.0	0.0555201	-0.9777620000000001	0.202233	0.0	-2.92767	-3.5657900000000002	-1.8011099999999998	0.162208	-0.536496	0.662659	-0.522546	0.0	0.546891	-0.198577	-0.8133130000000001	0.0	-0.6427149999999999	-0.722115	-0.255867	0.0	3.1619099999999998	0.809318	0.37953400000000004	0.360482	
0	0.9723940000000001	0.0202564	-0.232463	0.0	0.22392600000000001	0.19917200000000002	0.9540379999999999	0.0	0.06562539999999999	-0.9797549999999999	0.189137	0.0	-2.9430099999999997	-3.57188	-1.79358	0.16228199999999998	-0.536411	0.662686	-0.5226	0.0	0.5468649999999999	-0.198713	-0.813297	0.0	-0.642808	-0.722053	-0.255808	0.0	3.1653700000000002	0.8035220000000001	0.375017	0.360482	
0	0.9654440000000001	0.0349122	-0.25826	0.0	0.247583	0.186521	0.950743	0.0	0.08136360000000001	-0.98183	0.171432	0.0	-2.95902	-3.57659	-1.77816	0.162427	-0.536775	0.662458	-0.522516	0.0	0.546966	-0.198319	-0.813325	0.0	-0.642418	-0.722371	-0.25589	0.0	3.16397	0.804111	0.375206	0.360589	
0	0.9617110000000001	0.06128430000000001	-0.267125	0.0	0.255931	0.147829	0.955325	0.0	0.0980353	-0.9871120000000001	0.12648399999999999	0.0	-3.0253	-3.5620300000000005	-1.8047400000000002	0.162297	-0.5375409999999999	0.66194	-0.522385	0.0	0.547612	-0.197055	-0.813198	0.0	-0.6412260000000001	-0.723191	-0.25656100000000004	0.0	3.1635	0.802433	0.3721	0.360604	
0	0.9553799999999999	0.0811333	-0.284019	0.0	0.272474	0.129195	0.95345	0.0	0.11405	-0.988295	0.101323	0.0	-3.12332	-3.24445	-1.9507900000000002	0.16201	-0.53776	0.6619649999999999	-0.522127	0.0	0.548226	-0.195937	-0.8130539999999999	0.0	-0.640517	-0.723472	-0.25754	0.0	3.16499	0.803267	0.366073	0.360539	
0	0.951818	0.112095	-0.285443	0.0	0.273561	0.11029800000000001	0.9555100000000001	0.0	0.13859200000000002	-0.987557	0.0743187	0.0	-3.08872	-2.85445	-1.9638200000000001	0.161958	-0.537614	0.661929	-0.522324	0.0	0.5483020000000001	-0.196165	-0.812948	0.0	-0.640575	-0.7234430000000001	-0.25747600000000004	0.0	3.16744	0.80077	0.360752	0.360537	
0	0.950774	0.138449	-0.277239	0.0	0.267918	0.0823203	0.9599190000000001	0.0	0.155722	-0.986943	0.0411751	0.0	-3.03714	-2.48706	-1.92308	0.16182	-0.537867	0.661127	-0.5230779999999999	0.0	0.548584	-0.19664700000000002	-0.812641	0.0	-0.640121	-0.7240449999999999	-0.256914	0.0	3.16902	0.795337	0.360158	0.360532	
0	0.951958	0.175478	-0.250965	0.0	0.24613200000000002	0.0491424	0.96799	0.0	0.182194	-0.9832559999999999	0.00359062	0.0	-3.00503	-2.13092	-1.9025400000000001	0.162196	-0.53817	0.660249	-0.523874	0.0	0.5493060000000001	-0.19666	-0.81215	0.0	-0.639247	-0.724842	-0.256843	0.0	3.1705799999999997	0.7919930000000001	0.36389499999999997	0.36054200000000003	
0	0.953124	0.222637	-0.204907	0.0	0.204267	0.026154700000000003	0.9785659999999999	0.0	0.22322399999999998	-0.9745510000000001	-0.0205487	0.0	-2.95355	-1.8426799999999999	-1.89051	0.161954	-0.538687	0.659779	-0.523936	0.0	0.549912	-0.195792	-0.81195	0.0	-0.638289	-0.7255050000000001	-0.25735	0.0	3.17283	0.787872	0.35937800000000003	0.360531	
0	0.952959	0.289342	-0.0902781	0.0	0.09064630000000001	0.0121565	0.995809	0.0	0.289227	-0.957149	-0.014643200000000002	0.0	-2.87915	-1.6416099999999998	-1.8477400000000002	0.162189	-0.5386479999999999	0.659643	-0.524147	0.0	0.550078	-0.195883	-0.811816	0.0	-0.63818	-0.725604	-0.257343	0.0	3.1743	0.7888729999999999	0.355538	0.36053	
4	0.929025	0.37001799999999996	-0.000110105	0.0	-0.00341173	0.00886356	0.9999549999999999	0.0	0.370002	-0.928982	0.00949686	0.0	-2.73628	-1.54801	-1.8409400000000002	0.161955	-0.538758	0.6593439999999999	-0.524409	0.0	0.550296	-0.195902	-0.811663	0.0	-0.637898	-0.72587	-0.257291	0.0	3.17515	0.788266	0.35744699999999996	0.36055	
4	0.892782	0.43208599999999997	0.12744	0.0	-0.133624	-0.0161624	0.9909	0.0	0.43021400000000004	-0.9016879999999999	0.043307599999999995	0.0	-2.5321599999999997	-1.61404	-1.84697	0.162191	-0.539519	0.658543	-0.524634	0.0	0.550981	-0.195021	-0.811411	0.0	-0.636663	-0.726835	-0.257627	0.0	3.17561	0.789513	0.355205	0.360464	
4	0.8432620000000001	0.497925	0.202434	0.0	-0.203905	-0.05212580000000001	0.9776020000000001	0.0	0.497325	-0.8656520000000001	0.0575737	0.0	-2.3187900000000004	-1.71098	-1.8930200000000001	0.16195199999999998	-0.542151	0.656992	-0.523864	0.0	0.55297	-0.190465	-0.81114	0.0	-0.63269	-0.729441	-0.260036	0.0	3.19838	0.782395	0.357815	0.360532	
4	0.779435	0.5719310000000001	0.255688	0.0	-0.249113	-0.09153489999999999	0.964139	0.0	0.574825	-0.815179	0.0711296	0.0	-2.04593	-1.78204	-1.95671	0.16195	-0.541883	0.6561020000000001	-0.525255	0.0	0.5542630000000001	-0.190826	-0.810172	0.0	-0.631788	-0.7301479999999999	-0.260248	0.0	3.22522	0.7775569999999999	0.353486	0.360503	
4	0.725175	0.617962	0.303718	0.0	-0.284034	-0.13335	0.9494959999999999	0.0	0.627253	-0.774817	0.0788198	0.0	-1.8343599999999998	-1.7982799999999999	-2.04671	0.161948	-0.54215	0.654622	-0.526824	0.0	0.555611	-0.19106700000000001	-0.809191	0.0	-0.630373	-0.731412	-0.260128	0.0	3.23348	0.75978	0.34458099999999997	0.360428	
4	0.684601	0.643605	0.34219099999999997	0.0	-0.298471	-0.180776	0.937142	0.0	0.665009	-0.7437020000000001	0.0683379	0.0	-1.65756	-1.82381	-2.1795400000000003	0.161948	-0.542166	0.653754	-0.527885	0.0	0.555936	-0.191993	-0.8087479999999999	0.0	-0.630073	-0.731946	-0.259353	0.0	3.23999	0.746875	0.331545	0.36052	
4	0.634437	0.668571	0.387946	0.0	-0.315278	-0.234421	0.9195909999999999	0.0	0.705754	-0.7057329999999999	0.0620601	0.0	-1.5083799999999998	-1.84778	-2.34565	0.162183	-0.542496	0.653591	-0.527748	0.0	0.556083	-0.191484	-0.808768	0.0	-0.6296579999999999	-0.732225	-0.259571	0.0	3.24232	0.746302	0.330921	0.36039699999999997	
4	0.602703	0.686528	0.406729	0.0	-0.32092600000000004	-0.258123	0.911251	0.0	0.730586	-0.679744	0.0647533	0.0	-1.34848	-1.8530400000000002	-2.52483	0.162189	-0.542061	0.653225	-0.528647	0.0	0.556729	-0.19206700000000002	-0.808185	0.0	-0.629462	-0.732399	-0.25955700000000004	0.0	3.24936	0.739363	0.320369	0.360427	
4	0.56035	0.70017	0.442459	0.0	-0.34265300000000004	-0.290378	0.893459	0.0	0.754054	-0.6522600000000001	0.0772023	0.0	-1.14258	-1.82509	-2.6366400000000003	0.161955	-0.540628	0.65335	-0.5299590000000001	0.0	0.556949	-0.194164	-0.8075319999999999	0.0	-0.6305	-0.731734	-0.258912	0.0	3.24947	0.737787	0.318886	0.3604	
4	0.5280189999999999	0.695429	0.48741599999999996	0.0	-0.382615	-0.31758600000000003	0.867609	0.0	0.758157	-0.644606	0.09838960000000001	0.0	-0.936364	-1.83092	-2.71995	0.162184	-0.540129	0.652159	-0.531929	0.0	0.557836	-0.195822	-0.806519	0.0	-0.630142	-0.732354	-0.258029	0.0	3.24573	0.734963	0.33516	0.360421	
4	0.5043850000000001	0.687701	0.5221720000000001	0.0	-0.41923699999999997	-0.333633	0.8443510000000001	0.0	0.754875	-0.644792	0.12003	0.0	-0.747839	-1.8658700000000001	-2.77373	0.16196300000000002	-0.539443	0.65203	-0.532783	0.0	0.557854	-0.197204	-0.8061699999999999	0.0	-0.630714	-0.7320979999999999	-0.257357	0.0	3.24265	0.734214	0.343068	0.360322	
4	0.49224700000000005	0.6733779999999999	0.551593	0.0	-0.446751	-0.348416	0.8240270000000001	0.0	0.747066	-0.652049	0.129325	0.0	-0.5682510000000001	-1.8997	-2.82694	0.161954	-0.5389430000000001	0.652174	-0.5331130000000001	0.0	0.557944	-0.197761	-0.805971	0.0	-0.631062	-0.73182	-0.257295	0.0	3.2372900000000002	0.734216	0.348585	0.360299	
4	0.47912299999999997	0.654365	0.585019	0.0	-0.47625500000000004	-0.366053	0.799491	0.0	0.7373069999999999	-0.661673	0.13626	0.0	-0.378772	-1.9527599999999998	-2.87696	0.161956	-0.539216	0.650947	-0.534335	0.0	0.5581010000000001	-0.198952	-0.805569	0.0	-0.63069	-0.732589	-0.25601599999999997	0.0	3.23322	0.732175	0.346462	0.36035500000000004	
4	0.45869399999999994	0.629251	0.62741	0.0	-0.519999	-0.382466	0.7637550000000001	0.0	0.7205560000000001	-0.676582	0.151775	0.0	-0.18261	-2.0110200000000003	-2.95685	0.162184	-0.5398569999999999	0.649466	-0.535489	0.0	0.558746	-0.19930799999999999	-0.805034	0.0	-0.62957	-0.733805	-0.255288	0.0	3.23058	0.733431	0.348698	0.3603	
4	0.43799399999999994	0.6135470000000001	0.657054	0.0	-0.54855	-0.396646	0.736047	0.0	0.712217	-0.682812	0.162833	0.0	-0.00159856	-2.02807	-3.00107	0.162186	-0.540176	0.649479	-0.5351520000000001	0.0	0.559705	-0.19760999999999998	-0.804786	0.0	-0.628443	-0.7342529999999999	-0.25677300000000003	0.0	3.2351099999999997	0.7350260000000001	0.3507	0.360227	
4	0.421518	0.599785	0.680132	0.0	-0.57145	-0.406668	0.712788	0.0	0.704108	-0.6891149999999999	0.171329	0.0	0.160997	-2.03776	-3.05417	0.161957	-0.5402779999999999	0.6501859999999999	-0.534189	0.0	0.559625	-0.196459	-0.8051229999999999	0.0	-0.628426	-0.7339359999999999	-0.257718	0.0	3.24043	0.7361409999999999	0.35240900000000003	0.36023299999999997	
4	0.399223	0.590041	0.701764	0.0	-0.603096	-0.407505	0.685722	0.0	0.690577	-0.696987	0.193165	0.0	0.351137	-2.07412	-3.09482	0.161955	-0.53937	0.6500060000000001	-0.535325	0.0	0.560038	-0.197844	-0.804497	0.0	-0.628839	-0.7337229999999999	-0.257317	0.0	3.24057	0.7358210000000001	0.35338600000000003	0.360091	
4	0.374119	0.570838	0.730876	0.0	-0.6506310000000001	-0.400036	0.6454850000000001	0.0	0.6608430000000001	-0.717019	0.221743	0.0	0.578333	-2.16664	-3.08914	0.162188	-0.538462	0.649976	-0.536274	0.0	0.560866	-0.19851300000000002	-0.803755	0.0	-0.628879	-0.7335689999999999	-0.257658	0.0	3.24126	0.736633	0.35294200000000003	0.36004	
4	0.338987	0.566258	0.751292	0.0	-0.694512	-0.38806199999999996	0.605855	0.0	0.6346189999999999	-0.727158	0.261725	0.0	0.803389	-2.23505	-3.01079	0.16196	-0.537639	0.649418	-0.537774	0.0	0.5617979999999999	-0.199696	-0.8028109999999999	0.0	-0.6287510000000001	-0.733742	-0.25747800000000004	0.0	3.2429799999999998	0.735862	0.35280900000000004	0.359978	
4	0.30996999999999997	0.564651	0.7649100000000001	0.0	-0.730314	-0.373712	0.571822	0.0	0.6087359999999999	-0.735873	0.296533	0.0	0.9818549999999999	-2.31895	-2.92924	0.161955	-0.537817	0.648623	-0.538555	0.0	0.5623279999999999	-0.199953	-0.802375	0.0	-0.628124	-0.734376	-0.257201	0.0	3.2490799999999997	0.7355109999999999	0.349624	0.35990300000000003	
4	0.271873	0.554813	0.7863	0.0	-0.7707109999999999	-0.363757	0.523149	0.0	0.576272	-0.74824	0.328705	0.0	1.16165	-2.41719	-2.85547	0.16219	-0.537837	0.648329	-0.538888	0.0	0.563179	-0.19935899999999998	-0.801926	0.0	-0.627344	-0.734796	-0.257903	0.0	3.26139	0.735379	0.349708	0.359881	
4	0.231879	0.5421739999999999	0.807639	0.0	-0.828052	-0.325671	0.45636499999999997	0.0	0.5104529999999999	-0.774588	0.373431	0.0	1.45026	-2.65047	-2.63442	0.16219	-0.5362979999999999	0.648414	-0.540319	0.0	0.5640609999999999	-0.200876	-0.8009270000000001	0.0	-0.6278699999999999	-0.734308	-0.25801599999999997	0.0	3.27104	0.734889	0.34816199999999997	0.359725	
4	0.214667	0.532438	0.818797	0.0	-0.852447	-0.307046	0.423151	0.0	0.47671	-0.788817	0.387962	0.0	1.6022299999999998	-2.7767	-2.54012	0.162191	-0.536678	0.647319	-0.541254	0.0	0.564463	-0.201369	-0.80052	0.0	-0.627184	-0.735139	-0.257318	0.0	3.26765	0.733542	0.351193	0.3597	
4	0.199955	0.527241	0.8258540000000001	0.0	-0.868525	-0.294765	0.39847	0.0	0.45352200000000004	-0.7969510000000001	0.398982	0.0	1.70557	-2.8607400000000003	-2.48467	0.161958	-0.537039	0.646463	-0.541918	0.0	0.565481	-0.200812	-0.799942	0.0	-0.6259560000000001	-0.7360439999999999	-0.25771900000000003	0.0	3.27522	0.7349319999999999	0.348014	0.359664	
4	0.190861	0.514184	0.836174	0.0	-0.8856139999999999	-0.277215	0.372613	0.0	0.42339099999999996	-0.811645	0.402458	0.0	1.8016400000000001	-2.91132	-2.42099	0.16219	-0.535609	0.64712	-0.542549	0.0	0.566127	-0.201561	-0.799296	0.0	-0.626596	-0.735262	-0.258394	0.0	3.2818300000000002	0.735514	0.344557	0.359625	
4	0.18384	0.49662799999999996	0.8482709999999999	0.0	-0.90215	-0.257407	0.34621799999999997	0.0	0.39029200000000003	-0.828916	0.40071100000000004	0.0	1.8608900000000002	-2.96043	-2.37242	0.162186	-0.534858	0.6478119999999999	-0.5424640000000001	0.0	0.565571	-0.202489	-0.799455	0.0	-0.627739	-0.734396	-0.258081	0.0	3.2839300000000002	0.734367	0.340474	0.359535	
4	0.19158	0.456545	0.8688290000000001	0.0	-0.9207420000000001	-0.222965	0.320189	0.0	0.33989899999999995	-0.861309	0.377644	0.0	1.9222400000000002	-3.00862	-2.3763400000000003	0.162187	-0.5347350000000001	0.647265	-0.5432359999999999	0.0	0.565797	-0.203241	-0.799104	0.0	-0.62764	-0.734671	-0.25754099999999996	0.0	3.278	0.732427	0.339318	0.359614	
4	0.199684	0.43003199999999997	0.8804540000000001	0.0	-0.928688	-0.203521	0.310028	0.0	0.312513	-0.879575	0.35872600000000004	0.0	1.92914	-3.02809	-2.392	0.162188	-0.53505	0.646807	-0.5434720000000001	0.0	0.5657760000000001	-0.203397	-0.799079	0.0	-0.62739	-0.735031	-0.25711999999999996	0.0	3.2763	0.7326090000000001	0.344127	0.359616	
4	0.229929	0.359138	0.904518	0.0	-0.9454739999999999	-0.13786700000000002	0.29508	0.0	0.230677	-0.9230459999999999	0.30785500000000005	0.0	1.96787	-3.09435	-2.4565799999999998	0.16196	-0.534892	0.646536	-0.54395	0.0	0.566515	-0.203202	-0.798605	0.0	-0.626859	-0.735323	-0.25758200000000003	0.0	3.2810300000000003	0.736372	0.34533800000000003	0.359614	
4	0.24180900000000002	0.328938	0.912868	0.0	-0.9510209999999999	-0.106376	0.290246	0.0	0.19258	-0.938341	0.28710399999999997	0.0	1.97435	-3.13177	-2.49254	0.162193	-0.535112	0.646668	-0.5435760000000001	0.0	0.5665680000000001	-0.202566	-0.798729	0.0	-0.6266229999999999	-0.735382	-0.257986	0.0	3.28084	0.736265	0.343341	0.359681	
4	0.257483	0.293639	0.920586	0.0	-0.9550190000000001	-0.067707	0.28870999999999997	0.0	0.147107	-0.953516	0.262997	0.0	2.02271	-3.18978	-2.56165	0.162188	-0.535543	0.6454340000000001	-0.544618	0.0	0.567649	-0.20236300000000002	-0.798013	0.0	-0.625275	-0.736521	-0.258006	0.0	3.27916	0.735329	0.342584	0.359696	
4	0.251198	0.288259	0.924016	0.0	-0.9574309999999999	-0.0662653	0.280954	0.0	0.142218	-0.955257	0.259343	0.0	2.07355	-3.15556	-2.55505	0.161958	-0.535238	0.644291	-0.54627	0.0	0.568584	-0.203458	-0.797068	0.0	-0.624686	-0.737221	-0.25743499999999997	0.0	3.2775199999999995	0.7351810000000001	0.34373200000000004	0.359687	
4	0.249088	0.292081	0.9233870000000001	0.0	-0.9568989999999999	-0.0727903	0.28115300000000004	0.0	0.149333	-0.95362	0.261361	0.0	2.0708	-3.09135	-2.54866	0.161959	-0.5347109999999999	0.64486	-0.546114	0.0	0.568023	-0.20419500000000002	-0.797279	0.0	-0.6256470000000001	-0.7365189999999999	-0.25711	0.0	3.2788	0.734826	0.34821799999999997	0.35952399999999995	
4	0.249546	0.307267	0.9183209999999999	0.0	-0.951075	-0.100622	0.292115	0.0	0.18216	-0.9462889999999999	0.267124	0.0	2.07282	-2.99587	-2.56055	0.162188	-0.532878	0.644983	-0.547758	0.0	0.5672470000000001	-0.208064	-0.7968310000000001	0.0	-0.627911	-0.735328	-0.254992	0.0	3.2803199999999997	0.734266	0.346556	0.35967899999999997	
4	0.248344	0.312267	0.91696	0.0	-0.94042	-0.149229	0.30551799999999996	0.0	0.23224	-0.9382010000000001	0.256602	0.0	2.05085	-2.86069	-2.52178	0.161959	-0.530388	0.643888	-0.55145	0.0	0.566376	-0.214878	-0.795642	0.0	-0.630798	-0.7343270000000001	-0.250714	0.0	3.26457	0.731485	0.330816	0.359683	
4	0.253271	0.312357	0.91558	0.0	-0.92156	-0.209971	0.326558	0.0	0.294248	-0.9264690000000001	0.23467600000000002	0.0	1.9559900000000001	-2.61343	-2.48438	0.162185	-0.529418	0.645437	-0.55057	0.0	0.566075	-0.21461799999999998	-0.795926	0.0	-0.6318819999999999	-0.733042	-0.251743	0.0	3.24423	0.7308520000000001	0.32116100000000003	0.359631	
4	0.261288	0.315682	0.9121809999999999	0.0	-0.9087620000000001	-0.23811500000000002	0.34271399999999996	0.0	0.325392	-0.918502	0.224663	0.0	1.8707	-2.43804	-2.46631	0.161956	-0.527551	0.647799	-0.5495869999999999	0.0	0.565779	-0.214669	-0.7961229999999999	0.0	-0.633707	-0.730941	-0.253263	0.0	3.24721	0.729558	0.312643	0.359672	
4	0.287094	0.312891	0.90536	0.0	-0.8785940000000001	-0.290546	0.379019	0.0	0.381641	-0.904257	0.19149000000000002	0.0	1.6251799999999998	-2.03559	-2.46805	0.161959	-0.515141	0.64715	-0.5619850000000001	0.0	0.5759810000000001	-0.22418000000000002	-0.7861229999999999	0.0	-0.634725	-0.728657	-0.257262	0.0	3.24553	0.736973	0.302576	0.359729	
4	0.304191	0.314867	0.89907	0.0	-0.856823	-0.322033	0.402677	0.0	0.41631999999999997	-0.892835	0.171825	0.0	1.41035	-1.7644900000000001	-2.4314299999999998	0.161961	-0.436575	0.6398739999999999	-0.632426	0.0	0.631269	-0.282985	-0.722094	0.0	-0.641016	-0.714479	-0.280388	0.0	3.27777	0.7779729999999999	0.250085	0.359788	
4	0.314293	0.314866	0.895589	0.0	-0.8404879999999999	-0.34631300000000004	0.41671099999999994	0.0	0.441362	-0.8837	0.155798	0.0	1.24001	-1.5737700000000001	-2.40345	0.162195	-0.223345	0.621054	-0.751271	0.0	0.685624	-0.44774899999999995	-0.57397	0.0	-0.692847	-0.6432829999999999	-0.325807	0.0	3.3505800000000003	0.895768	0.10416600000000001	0.359236	
4	0.31957399999999997	0.325148	0.8900290000000001	0.0	-0.8241219999999999	-0.36819	0.430417	0.0	0.467649	-0.871042	0.15029800000000001	0.0	1.0898	-1.44327	-2.35615	0.16196300000000002	0.182792	0.480704	-0.857619	0.0	0.5965199999999999	-0.74763	-0.29191300000000003	0.0	-0.781506	-0.45822700000000005	-0.42341000000000006	0.0	3.5251699999999997	1.15688	-0.199888	0.357558	
4	0.316867	0.33671999999999996	0.8866870000000001	0.0	-0.81385	-0.383561	0.436496	0.0	0.487076	-0.859942	0.152502	0.0	0.964677	-1.34809	-2.2808599999999997	0.161962	0.456899	0.23002899999999998	-0.859261	0.0	0.413087	-0.910374	-0.0240598	0.0	-0.787783	-0.343956	-0.510971	0.0	3.67277	1.33132	-0.509124	0.348823	
4	0.311411	0.33765700000000004	0.8882629999999999	0.0	-0.811358	-0.392131	0.433511	0.0	0.49469399999999997	-0.855699	0.151846	0.0	0.915248	-1.3069	-2.21334	0.162192	0.503175	0.11073599999999999	-0.8570610000000001	0.0	0.3319	-0.940459	0.0733446	0.0	-0.797908	-0.321363	-0.509969	0.0	3.7373	1.2952700000000001	-0.617514	0.34410300000000005	
4	0.304612	0.334777	0.891704	0.0	-0.806003	-0.408238	0.42860299999999996	0.0	0.507514	-0.849274	0.145477	0.0	0.8659600000000001	-1.26616	-2.15328	0.162189	0.512911	-0.0278481	-0.8579899999999999	0.0	0.30433699999999997	-0.928657	0.21207600000000001	0.0	-0.8026840000000001	-0.369894	-0.467843	0.0	3.75722	1.03023	-0.767335	0.344965	
4	0.300293	0.33039	0.8948	0.0	-0.802924	-0.41885600000000006	0.42411499999999996	0.0	0.514915	-0.845815	0.139499	0.0	0.8314860000000001	-1.23312	-2.10792	0.16219	0.507308	-0.110294	-0.854677	0.0	0.311131	-0.901439	0.301006	0.0	-0.803639	-0.41861899999999996	-0.422991	0.0	3.72099	0.7994640000000001	-0.910415	0.343814	
4	0.30422	0.32966999999999996	0.8937379999999999	0.0	-0.797099	-0.425638	0.428329	0.0	0.521617	-0.8427040000000001	0.133292	0.0	0.8077880000000001	-1.19385	-2.0897200000000002	0.161965	0.500017	-0.18083	-0.8469260000000001	0.0	0.31789	-0.8713639999999999	0.373727	0.0	-0.805562	-0.456099	-0.378213	0.0	3.6921699999999995	0.6320600000000001	-1.00529	0.345092	
4	0.305958	0.331491	0.8924709999999999	0.0	-0.787782	-0.438233	0.432841	0.0	0.534593	-0.8355030000000001	0.12706199999999998	0.0	0.782948	-1.17849	-2.11395	0.162188	0.5008699999999999	-0.209458	-0.8397950000000001	0.0	0.353649	-0.836059	0.41944899999999996	0.0	-0.789975	-0.507083	-0.344683	0.0	3.6629300000000002	0.40810799999999997	-1.0902100000000001	0.34565799999999997	
4	0.30103800000000003	0.33643	0.8922950000000001	0.0	-0.780558	-0.450597	0.433234	0.0	0.547818	-0.826908	0.126957	0.0	0.783989	-1.1561700000000001	-2.1240799999999997	0.161961	0.471738	-0.254967	-0.8440709999999999	0.0	0.37551599999999996	-0.808033	0.45395100000000005	0.0	-0.797779	-0.531107	-0.285436	0.0	3.6132699999999995	0.14587	-1.17379	0.344869	
4	0.296487	0.341197	0.892009	0.0	-0.777161	-0.456663	0.432989	0.0	0.555082	-0.8216110000000001	0.12977	0.0	0.7790699999999999	-1.14657	-2.1209700000000002	0.162192	0.457066	-0.283731	-0.8429639999999999	0.0	0.39857800000000004	-0.781925	0.4793	0.0	-0.795126	-0.555059	-0.244302	0.0	3.4738800000000003	0.0303931	-1.25705	0.345411	
4	0.283283	0.351302	0.8923770000000001	0.0	-0.772817	-0.46737399999999996	0.42932	0.0	0.5678949999999999	-0.811264	0.139093	0.0	0.801706	-1.1265100000000001	-2.11239	0.161958	0.44431899999999996	-0.275011	-0.852613	0.0	0.441945	-0.760566	0.475631	0.0	-0.7792720000000001	-0.58814	-0.216394	0.0	3.4099	-0.021469099999999998	-1.29992	0.34474899999999997	
