3	-0.217297	0.8498969999999999	-0.48006000000000004	0.0	0.323754	0.526725	0.785967	0.0	0.920851	0.015366899999999998	-0.389613	0.0	-2.76563	2.01868	1.31799	0.310062	-0.106999	0.8346889999999999	-0.540227	0.0	0.442524	-0.446582	-0.777648	0.0	-0.89035	-0.32227100000000003	-0.32158600000000004	0.0	2.63654	2.04391	1.51516	0.322414	
3	-0.294023	0.8349549999999999	-0.46518999999999994	0.0	0.26428	0.538747	0.799942	0.0	0.918535	0.11226099999999999	-0.37906599999999996	0.0	-2.7461	1.90647	1.41401	0.350593	-0.0846409	0.844814	-0.528323	0.0	0.43015699999999996	-0.44728999999999997	-0.784153	0.0	-0.898777	-0.293633	-0.325544	0.0	2.70486	1.9896599999999998	1.50874	0.35593	
3	-0.282466	0.839168	-0.464769	0.0	0.26839	0.534284	0.801566	0.0	0.920967	0.101676	-0.376141	0.0	-2.7158	1.86658	1.40529	0.351051	-0.102014	0.843197	-0.527837	0.0	0.45725699999999997	-0.431483	-0.7776489999999999	0.0	-0.8834639999999999	-0.32068800000000003	-0.341541	0.0	2.7250400000000004	1.92544	1.50288	0.356261	
3	-0.255544	0.848384	-0.46361899999999995	0.0	0.274939	0.523512	0.806439	0.0	0.9268799999999999	0.0786137	-0.367034	0.0	-2.68415	1.8045099999999998	1.41906	0.351506	-0.114158	0.842324	-0.5267430000000001	0.0	0.467896	-0.42213599999999996	-0.77645	0.0	-0.8763799999999999	-0.335099	-0.34593	0.0	2.7082900000000003	1.8596099999999998	1.5034299999999998	0.356616	
3	-0.23478400000000002	0.857416	-0.457946	0.0	0.287051	0.511261	0.81007	0.0	0.9286969999999999	0.058738	-0.366158	0.0	-2.6523	1.73038	1.4579	0.351984	-0.10949	0.838601	-0.533629	0.0	0.4705	-0.42918	-0.770996	0.0	-0.8755809999999999	-0.335489	-0.347571	0.0	2.68752	1.8768	1.51667	0.35622800000000004	
3	-0.23312199999999997	0.857993	-0.457715	0.0	0.284814	0.510284	0.811475	0.0	0.9298040000000001	0.0588091	-0.363327	0.0	-2.65768	1.7001099999999998	1.4495200000000001	0.351898	-0.108295	0.8381639999999999	-0.534559	0.0	0.46854300000000004	-0.43121800000000005	-0.771051	0.0	-0.8767780000000001	-0.333964	-0.346017	0.0	2.66991	1.88493	1.53972	0.356295	
3	-0.21641100000000002	0.862518	-0.457416	0.0	0.29696500000000003	0.504474	0.810752	0.0	0.930042	0.0396186	-0.365311	0.0	-2.67407	1.6399299999999999	1.43745	0.35162	-0.10628599999999999	0.8404510000000001	-0.531362	0.0	0.46147200000000005	-0.431659	-0.775057	0.0	-0.8807649999999999	-0.327586	-0.341965	0.0	2.63663	1.88707	1.5465	0.35672800000000005	
3	-0.0843444	0.9011379999999999	-0.425249	0.0	0.351008	0.426284	0.8337120000000001	0.0	0.932566	-0.0789467	-0.352261	0.0	-2.69923	1.5801	1.49387	0.35080300000000003	-0.16702	0.84246	-0.512217	0.0	0.46069499999999997	-0.39263000000000003	-0.795991	0.0	-0.8717020000000001	-0.368923	-0.32254	0.0	2.6116099999999998	1.8735	1.50327	0.357403	
3	0.015033100000000002	0.92295	-0.384627	0.0	0.349219	0.3556	0.8669459999999999	0.0	0.9369200000000001	-0.147352	-0.31696599999999997	0.0	-2.67865	1.62418	1.50912	0.350495	-0.242179	0.83781	-0.48931	0.0	0.460821	-0.344482	-0.81791	0.0	-0.8538110000000001	-0.42356499999999997	-0.302654	0.0	2.5908700000000002	1.9387299999999998	1.46868	0.356621	
3	0.0951168	0.932651	-0.348016	0.0	0.356528	0.294493	0.8866569999999999	0.0	0.92943	-0.208414	-0.304505	0.0	-2.62054	1.73285	1.52619	0.350606	-0.38045300000000004	0.813491	-0.43987299999999996	0.0	0.444565	-0.256203	-0.858325	0.0	-0.810936	-0.522104	-0.264177	0.0	2.56308	1.87168	1.42963	0.356928	
3	0.125698	0.932336	-0.339041	0.0	0.358852	0.275881	0.891692	0.0	0.924892	-0.23375	-0.29989299999999997	0.0	-2.60043	1.7278	1.4865	0.351025	-0.460754	0.7819020000000001	-0.41992299999999994	0.0	0.421534	-0.223573	-0.87882	0.0	-0.781034	-0.581932	-0.226586	0.0	2.53425	1.6924099999999997	1.37917	0.358058	
3	0.12279200000000001	0.936076	-0.329671	0.0	0.359061	0.267778	0.894075	0.0	0.925201	-0.22815700000000003	-0.303228	0.0	-2.5878400000000004	1.7771099999999997	1.44739	0.350903	-0.507797	0.7589520000000001	-0.407595	0.0	0.40741900000000003	-0.20530700000000002	-0.889864	0.0	-0.759047	-0.6179319999999999	-0.204958	0.0	2.5019099999999996	1.57712	1.34315	0.358216	
3	0.127419	0.936207	-0.32753899999999997	0.0	0.3557	0.265133	0.8962040000000001	0.0	0.925874	-0.230699	-0.29922600000000005	0.0	-2.5988700000000002	1.8073700000000001	1.37137	0.350892	-0.542578	0.741564	-0.394577	0.0	0.39316799999999996	-0.190906	-0.89943	0.0	-0.742312	-0.643146	-0.187978	0.0	2.48435	1.49421	1.31426	0.358696	
3	0.150789	0.9327780000000001	-0.327396	0.0	0.355891	0.257755	0.898278	0.0	0.9222819999999999	-0.25196799999999997	-0.2931	0.0	-2.60023	1.7760099999999999	1.34121	0.35087199999999996	-0.571351	0.725325	-0.384008	0.0	0.385787	-0.175623	-0.905718	0.0	-0.72438	-0.665628	-0.179479	0.0	2.4845599999999997	1.4328	1.28969	0.358642	
3	0.151097	0.934398	-0.322598	0.0	0.35185500000000003	0.254135	0.9008959999999999	0.0	0.9237790000000001	-0.24963000000000002	-0.29037399999999997	0.0	-2.60521	1.7513400000000001	1.3063799999999999	0.351018	-0.5875	0.715226	-0.37854299999999996	0.0	0.37913600000000003	-0.169985	-0.909594	0.0	-0.714912	-0.677906	-0.171302	0.0	2.48469	1.39277	1.27786	0.35890700000000003	
3	0.181772	0.933009	-0.310569	0.0	0.349831	0.233812	0.907166	0.0	0.919009	-0.273544	-0.283895	0.0	-2.6137	1.72123	1.26452	0.35096700000000003	-0.5904520000000001	0.7127560000000001	-0.37861100000000003	0.0	0.38011	-0.168241	-0.9095120000000001	0.0	-0.711957	-0.680937	-0.171587	0.0	2.48692	1.3735700000000002	1.2646	0.359041	
3	0.19031099999999998	0.932318	-0.30751300000000004	0.0	0.340125	0.231221	0.9115110000000001	0.0	0.9209219999999999	-0.278064	-0.2731	0.0	-2.62319	1.6836400000000002	1.23919	0.35129499999999997	-0.5926359999999999	0.711823	-0.37695	0.0	0.383208	-0.162461	-0.9092629999999999	0.0	-0.7084729999999999	-0.683312	-0.17649600000000001	0.0	2.49212	1.36871	1.2558799999999999	0.359196	
3	0.201036	0.933976	-0.295421	0.0	0.326408	0.22047399999999998	0.919157	0.0	0.9236030000000001	-0.28121199999999996	-0.260534	0.0	-2.61325	1.68638	1.2682	0.3514	-0.58176	0.717934	-0.382266	0.0	0.392505	-0.16383499999999998	-0.90504	0.0	-0.712388	-0.676557	-0.18648	0.0	2.52326	1.35768	1.2359799999999999	0.359254	
3	0.212378	0.934483	-0.285722	0.0	0.324327	0.208411	0.922701	0.0	0.921796	-0.28862899999999997	-0.258816	0.0	-2.60617	1.6987700000000001	1.30393	0.35127800000000003	-0.572345	0.723353	-0.38624200000000003	0.0	0.400498	-0.164435	-0.901423	0.0	-0.715558	-0.670613	-0.195588	0.0	2.5404400000000003	1.3383200000000002	1.2099600000000001	0.35931199999999996	
3	0.21665399999999999	0.9354889999999999	-0.279146	0.0	0.320486	0.20193599999999998	0.925479	0.0	0.9221440000000001	-0.289971	-0.25606	0.0	-2.59812	1.72002	1.31168	0.351346	-0.562175	0.729345	-0.389892	0.0	0.405058	-0.168202	-0.8986860000000001	0.0	-0.721033	-0.663147	-0.20086800000000002	0.0	2.5386900000000003	1.32586	1.1953	0.359454	
3	0.22628299999999998	0.93606	-0.26942	0.0	0.317708	0.19054200000000002	0.928846	0.0	0.920792	-0.295779	-0.254277	0.0	-2.59365	1.72737	1.32455	0.351391	-0.558984	0.731549	-0.39035	0.0	0.406519	-0.168524	-0.897965	0.0	-0.722689	-0.660633	-0.20318699999999998	0.0	2.52578	1.31777	1.18554	0.359607	
3	0.25046199999999996	0.934966	-0.251211	0.0	0.312555	0.167496	0.935016	0.0	0.916285	-0.312704	-0.25027699999999997	0.0	-2.5885	1.7308	1.3478	0.351671	-0.55462	0.732978	-0.393879	0.0	0.409654	-0.171498	-0.895976	0.0	-0.72428	-0.65828	-0.20515100000000003	0.0	2.5192200000000002	1.31556	1.18753	0.359715	
3	0.24694899999999997	0.9291200000000001	-0.27523200000000003	0.0	0.287154	0.201106	0.936536	0.0	0.9255049999999999	-0.31031	-0.217137	0.0	-2.60814	1.6190799999999999	1.33354	0.35491500000000004	-0.5519270000000001	0.734413	-0.394987	0.0	0.412724	-0.171002	-0.894661	0.0	-0.724594	-0.656808	-0.208729	0.0	2.52272	1.30467	1.17689	0.359736	
3	0.683404	0.710823	-0.166401	0.0	0.207927	0.0289721	0.977715	0.0	0.699804	-0.702774	-0.128	0.0	-2.70965	0.527414	1.4522	0.356601	-0.545783	0.735762	-0.400968	0.0	0.413253	-0.179926	-0.8926639999999999	0.0	-0.728932	-0.6529020000000001	-0.205855	0.0	2.52585	1.28745	1.17937	0.35980300000000004	
3	0.49699099999999996	0.854351	-0.151936	0.0	0.257721	0.0218649	0.9659719999999999	0.0	0.828601	-0.519237	-0.20931799999999998	0.0	-2.8085	0.735956	1.3297299999999999	0.361053	-0.547041	0.7338779999999999	-0.402702	0.0	0.416368	-0.178797	-0.891442	0.0	-0.726212	-0.655328	-0.20775500000000002	0.0	2.523	1.2779	1.19821	0.359631	
3	0.654768	0.7477689999999999	-0.110097	0.0	0.205697	-0.0361265	0.977949	0.0	0.727302	-0.662976	-0.17746800000000001	0.0	-2.8305700000000003	0.708444	1.35111	0.361579	-0.542321	0.733534	-0.409653	0.0	0.41981	-0.185763	-0.8883979999999999	0.0	-0.727769	-0.653774	-0.20720100000000002	0.0	2.53162	1.25705	1.21092	0.359677	
3	0.6925319999999999	0.7171569999999999	-0.078013	0.0	0.174506	-0.061611599999999996	0.982727	0.0	0.699963	-0.694183	-0.16781600000000002	0.0	-3.03162	0.5497810000000001	1.2542799999999998	0.361668	-0.539722	0.73516	-0.41017	0.0	0.420746	-0.186447	-0.887812	0.0	-0.729159	-0.651749	-0.208686	0.0	2.5335799999999997	1.24814	1.2236	0.359752	
3	0.740971	0.669297	-0.0548143	0.0	0.152503	-0.0882168	0.984358	0.0	0.653992	-0.73774	-0.167436	0.0	-3.03068	0.5066	1.23777	0.359788	-0.540499	0.7331	-0.412826	0.0	0.42090200000000005	-0.18925	-0.8871450000000001	0.0	-0.7284930000000001	-0.6532600000000001	-0.20627399999999999	0.0	2.5301299999999998	1.22125	1.2494	0.360061	
3	0.7547649999999999	0.655574	-0.0234892	0.0	0.138221	-0.123927	0.982618	0.0	0.6412680000000001	-0.744892	-0.184149	0.0	-3.09678	0.517043	1.1506399999999999	0.35972	-0.542127	0.73095	-0.4145	0.0	0.42355699999999996	-0.188326	-0.886077	0.0	-0.7257399999999999	-0.655931	-0.20750300000000002	0.0	2.53507	1.20718	1.26159	0.359887	
3	0.7672979999999999	0.641131	-0.014305000000000002	0.0	0.13258599999999998	-0.136774	0.9816889999999999	0.0	0.6274350000000001	-0.755145	-0.189951	0.0	-3.1291900000000004	0.5194529999999999	0.9998799999999999	0.359477	-0.5414359999999999	0.730092	-0.41690900000000003	0.0	0.425878	-0.189386	-0.8847379999999999	0.0	-0.724896	-0.6565810000000001	-0.208389	0.0	2.54025	1.20262	1.26258	0.360045	
3	0.788297	0.61507	0.016643400000000003	0.0	0.0814308	-0.1311	0.9880190000000001	0.0	0.6098819999999999	-0.7774979999999999	-0.15343199999999999	0.0	-3.12099	0.377818	0.849706	0.35956	-0.5414869999999999	0.7293569999999999	-0.418128	0.0	0.427154	-0.189689	-0.884057	0.0	-0.724108	-0.6573100000000001	-0.20883400000000002	0.0	2.54687	1.20086	1.26286	0.359987	
3	0.807265	0.586149	0.0689318	0.0	0.00940397	-0.129556	0.9915280000000001	0.0	0.590114	-0.799778	-0.110099	0.0	-3.0575099999999997	0.197739	0.82809	0.359511	-0.5410520000000001	0.729427	-0.41856899999999997	0.0	0.42811099999999996	-0.18950699999999998	-0.883634	0.0	-0.7238680000000001	-0.657285	-0.209742	0.0	2.54997	1.1986	1.2635399999999999	0.360104	
3	0.817272	0.5635680000000001	0.12024100000000001	0.0	-0.048121199999999996	-0.14118499999999998	0.9888129999999999	0.0	0.574239	-0.8139149999999999	-0.0882673	0.0	-2.9839	0.00843951	0.752546	0.359	-0.541292	0.7286159999999999	-0.41966899999999996	0.0	0.428892	-0.190046	-0.8831389999999999	0.0	-0.723225	-0.658029	-0.209627	0.0	2.55388	1.1943700000000002	1.26478	0.360111	
3	0.817653	0.5596399999999999	0.13508199999999998	0.0	-0.0807051	-0.120897	0.9893790000000001	0.0	0.5700270000000001	-0.8198700000000001	-0.0536859	0.0	-2.9132599999999997	-0.143005	0.6564800000000001	0.359249	-0.540381	0.728696	-0.420702	0.0	0.42950900000000003	-0.191055	-0.8826209999999999	0.0	-0.72354	-0.657647	-0.20973899999999998	0.0	2.55951	1.20182	1.26849	0.360053	
3	0.818773	0.545795	0.178096	0.0	-0.134943	-0.11856400000000002	0.983734	0.0	0.558033	-0.8294879999999999	-0.0234257	0.0	-2.87575	-0.30023	0.550728	0.35935700000000004	-0.538842	0.7290909999999999	-0.421991	0.0	0.42908500000000005	-0.19354000000000002	-0.882286	0.0	-0.724939	-0.656483	-0.20855500000000002	0.0	2.5594200000000003	1.2076	1.27081	0.360166	
3	0.8293659999999999	0.513612	0.21989699999999998	0.0	-0.182123	-0.123554	0.975482	0.0	0.528189	-0.84908	-0.00893074	0.0	-2.8727	-0.460959	0.461409	0.358797	-0.539654	0.729206	-0.42075200000000007	0.0	0.42797799999999997	-0.19276	-0.8829940000000001	0.0	-0.724989	-0.6565840000000001	-0.20806	0.0	2.54638	1.20623	1.27282	0.360197	
3	0.823752	0.5189090000000001	0.2284	0.0	-0.194439	-0.119854	0.973565	0.0	0.532566	-0.846385	0.00216652	0.0	-2.8698	-0.567109	0.316307	0.35909	-0.54083	0.728688	-0.42013900000000004	0.0	0.428733	-0.190922	-0.883027	0.0	-0.723665	-0.657695	-0.209157	0.0	2.54717	1.2029	1.2713700000000001	0.360143	
3	0.824909	0.515991	0.23082399999999997	0.0	-0.20432	-0.10855899999999999	0.972866	0.0	0.527048	-0.8496879999999999	0.0158759	0.0	-2.8580200000000002	-0.64451	0.204235	0.358329	-0.540533	0.728686	-0.420525	0.0	0.43118500000000004	-0.18926300000000001	-0.8821899999999999	0.0	-0.722429	-0.658177	-0.211896	0.0	2.56213	1.2063700000000002	1.27443	0.360073	
3	0.826947	0.512846	0.23053800000000002	0.0	-0.208141	-0.10167899999999999	0.9728	0.0	0.5223369999999999	-0.8524379999999999	0.0226613	0.0	-2.80632	-0.7054050000000001	0.113442	0.358177	-0.5391600000000001	0.7283	-0.42294899999999996	0.0	0.43366000000000005	-0.190429	-0.880725	0.0	-0.721974	-0.658267	-0.21316300000000002	0.0	2.5859900000000002	1.19729	1.26162	0.359996	
3	0.8248260000000001	0.518041	0.22648800000000002	0.0	-0.206233	-0.0973173	0.9736520000000001	0.0	0.526432	-0.8498020000000001	0.026567	0.0	-2.76805	-0.734654	0.0362145	0.358089	-0.538093	0.729068	-0.422984	0.0	0.434065	-0.190484	-0.8805129999999999	0.0	-0.722526	-0.6574	-0.21396500000000002	0.0	2.59492	1.1837799999999998	1.2496	0.360027	
3	0.8266700000000001	0.51631	0.223696	0.0	-0.206037	-0.09218939999999999	0.9741920000000001	0.0	0.523608	-0.851425	0.0301688	0.0	-2.73313	-0.7712859999999999	0.00320099	0.357923	-0.537821	0.730144	-0.421472	0.0	0.433159	-0.189578	-0.8811540000000001	0.0	-0.723272	-0.656467	-0.21431	0.0	2.59722	1.175	1.24434	0.360106	
3	0.8248780000000001	0.521595	0.217981	0.0	-0.202372	-0.0875842	0.975384	0.0	0.5278470000000001	-0.848686	0.03331	0.0	-2.71654	-0.790209	-0.020440599999999996	0.358021	-0.537396	0.7300300000000001	-0.422212	0.0	0.433016	-0.190753	-0.880971	0.0	-0.7236739999999999	-0.656254	-0.21360500000000002	0.0	2.5969599999999997	1.17675	1.24385	0.360168	
3	0.823815	0.5253180000000001	0.21300300000000003	0.0	-0.198955	-0.0839042	0.97641	0.0	0.530798	-0.846759	0.035392900000000005	0.0	-2.71188	-0.7994899999999999	-0.033330900000000004	0.358144	-0.5379390000000001	0.7295020000000001	-0.42243100000000006	0.0	0.43318100000000004	-0.190674	-0.880907	0.0	-0.723171	-0.656863	-0.21343499999999999	0.0	2.59343	1.1722	1.23771	0.360055	
3	0.8227909999999999	0.528936	0.207948	0.0	-0.19443	-0.08184910000000001	0.9774959999999999	0.0	0.534053	-0.844706	0.0354962	0.0	-2.70372	-0.81292	-0.0589903	0.358047	-0.538461	0.729475	-0.421813	0.0	0.433567	-0.189392	-0.880994	0.0	-0.722551	-0.657265	-0.21429600000000001	0.0	2.59134	1.17279	1.2434	0.36001500000000003	
3	0.819709	0.537039	0.199164	0.0	-0.188177	-0.0759182	0.979197	0.0	0.540987	-0.8401350000000001	0.0388274	0.0	-2.70471	-0.8289850000000001	-0.0864615	0.358195	-0.538288	0.729687	-0.421667	0.0	0.434174	-0.188724	-0.8808379999999999	0.0	-0.7223149999999999	-0.657221	-0.215223	0.0	2.594	1.16432	1.2373299999999998	0.360119	
3	0.819837	0.536728	0.199474	0.0	-0.188469	-0.0760118	0.979133	0.0	0.54069	-0.840325	0.0388393	0.0	-2.70526	-0.8286959999999999	-0.0852444	0.358203	-0.538313	0.729676	-0.421655	0.0	0.434145	-0.188727	-0.8808520000000001	0.0	-0.722314	-0.657233	-0.215191	0.0	2.59347	1.16418	1.2380200000000001	0.360107	
3	0.819837	0.536729	0.199472	0.0	-0.188468	-0.07601139999999999	0.9791340000000001	0.0	0.5406920000000001	-0.840324	0.038839099999999994	0.0	-2.70526	-0.8286899999999999	-0.08523700000000001	0.358203	-0.538313	0.729676	-0.421655	0.0	0.434145	-0.188727	-0.8808520000000001	0.0	-0.722314	-0.657233	-0.215191	0.0	2.59347	1.16419	1.2380200000000001	0.360108	
3	0.819837	0.536729	0.199472	0.0	-0.188468	-0.0760113	0.9791340000000001	0.0	0.5406920000000001	-0.840324	0.038839099999999994	0.0	-2.70526	-0.8286899999999999	-0.08523700000000001	0.358203	-0.538313	0.729676	-0.421655	0.0	0.434145	-0.188727	-0.8808520000000001	0.0	-0.722314	-0.657233	-0.215191	0.0	2.59347	1.16419	1.2380200000000001	0.360108	
3	0.819837	0.536729	0.199472	0.0	-0.188468	-0.0760113	0.9791340000000001	0.0	0.5406920000000001	-0.840324	0.038839099999999994	0.0	-2.70526	-0.828691	-0.08523700000000001	0.358202	-0.538313	0.729676	-0.421655	0.0	0.434145	-0.188727	-0.8808520000000001	0.0	-0.722314	-0.657233	-0.215191	0.0	2.59347	1.16419	1.2380200000000001	0.360108	
3	0.819837	0.536729	0.199472	0.0	-0.188468	-0.07601139999999999	0.9791340000000001	0.0	0.5406920000000001	-0.840324	0.038839099999999994	0.0	-2.70526	-0.8286899999999999	-0.0852368	0.358203	-0.538313	0.729676	-0.421655	0.0	0.434145	-0.188727	-0.8808520000000001	0.0	-0.722314	-0.657233	-0.215191	0.0	2.59347	1.16419	1.2380200000000001	0.360108	
3	0.819837	0.536729	0.199472	0.0	-0.188468	-0.0760113	0.9791340000000001	0.0	0.5406920000000001	-0.840324	0.038839099999999994	0.0	-2.70526	-0.828691	-0.08523689999999999	0.358203	-0.538313	0.729676	-0.421655	0.0	0.434145	-0.188727	-0.8808520000000001	0.0	-0.722314	-0.657233	-0.215191	0.0	2.59347	1.16419	1.2380200000000001	0.360108	
3	0.819837	0.536729	0.199472	0.0	-0.188468	-0.07601139999999999	0.9791340000000001	0.0	0.5406920000000001	-0.840324	0.038839099999999994	0.0	-2.70526	-0.8286899999999999	-0.08523689999999999	0.358203	-0.538313	0.729676	-0.421655	0.0	0.434145	-0.188727	-0.8808520000000001	0.0	-0.722314	-0.657233	-0.215191	0.0	2.59347	1.16419	1.2380200000000001	0.360108	
3	0.819837	0.536729	0.199472	0.0	-0.188468	-0.07601139999999999	0.9791340000000001	0.0	0.5406920000000001	-0.840324	0.038839099999999994	0.0	-2.70526	-0.8286899999999999	-0.08523689999999999	0.358203	-0.538313	0.729676	-0.421655	0.0	0.434145	-0.188727	-0.8808520000000001	0.0	-0.722314	-0.657233	-0.215191	0.0	2.59347	1.16419	1.2380200000000001	0.360108	
3	0.819837	0.536729	0.199472	0.0	-0.188468	-0.0760113	0.9791340000000001	0.0	0.5406920000000001	-0.840324	0.038839099999999994	0.0	-2.70526	-0.8286899999999999	-0.08523700000000001	0.358203	-0.538313	0.729676	-0.421655	0.0	0.434145	-0.188727	-0.8808520000000001	0.0	-0.722314	-0.657233	-0.215191	0.0	2.59347	1.16419	1.2380200000000001	0.360108	
3	0.819837	0.536729	0.199472	0.0	-0.188468	-0.0760113	0.9791340000000001	0.0	0.5406920000000001	-0.840324	0.038839099999999994	0.0	-2.70526	-0.8286899999999999	-0.0852368	0.358203	-0.538313	0.729676	-0.421655	0.0	0.434145	-0.188727	-0.8808520000000001	0.0	-0.722314	-0.657233	-0.215191	0.0	2.59347	1.16419	1.2380200000000001	0.360108	
3	0.819837	0.536729	0.199472	0.0	-0.188468	-0.07601139999999999	0.9791340000000001	0.0	0.5406920000000001	-0.840324	0.038839099999999994	0.0	-2.70526	-0.8286899999999999	-0.08523689999999999	0.358203	-0.538313	0.729676	-0.421655	0.0	0.434145	-0.188727	-0.8808520000000001	0.0	-0.722314	-0.657233	-0.215191	0.0	2.59347	1.16419	1.2380200000000001	0.360107	
3	0.819837	0.536729	0.199472	0.0	-0.188468	-0.07601139999999999	0.9791340000000001	0.0	0.5406920000000001	-0.840324	0.038839099999999994	0.0	-2.70526	-0.8286899999999999	-0.08523710000000001	0.358203	-0.538313	0.729676	-0.421655	0.0	0.434145	-0.188727	-0.8808520000000001	0.0	-0.722314	-0.657233	-0.215191	0.0	2.59347	1.16419	1.2380200000000001	0.360107	
3	0.754997	0.637325	-0.154263	0.0	0.17325	0.033015499999999996	0.984324	0.0	0.6324270000000001	-0.769888	-0.08549010000000001	0.0	-2.6396900000000003	-1.1298	-0.143319	0.355538	-0.5364800000000001	0.723617	-0.43424399999999996	0.0	0.446999	-0.192796	-0.873511	0.0	-0.715808	-0.662728	-0.220025	0.0	2.56425	1.15793	1.27417	0.36036	
3	0.811986	0.566485	-0.140621	0.0	0.145004	0.037587800000000005	0.988717	0.0	0.565379	-0.8232139999999999	-0.0516217	0.0	-2.53899	-1.58175	-0.27484699999999995	0.354912	-0.5374800000000001	0.722374	-0.435075	0.0	0.446788	-0.193626	-0.8734360000000001	0.0	-0.7151890000000001	-0.663841	-0.218678	0.0	2.56176	1.1508200000000002	1.27642	0.360367	
3	0.86301	0.49035	-0.121531	0.0	0.12066500000000001	0.0335245	0.9921270000000001	0.0	0.49056400000000006	-0.8708799999999999	-0.0302362	0.0	-2.4626200000000003	-2.03865	-0.468049	0.353854	-0.539162	0.720427	-0.436222	0.0	0.44923199999999996	-0.19211	-0.872516	0.0	-0.712386	-0.666392	-0.220061	0.0	2.5691599999999997	1.143	1.28988	0.36035900000000004	
3	0.8941120000000001	0.434316	-0.10923499999999998	0.0	0.107232	0.0291972	0.9938049999999999	0.0	0.43481499999999995	-0.9002870000000001	-0.0204672	0.0	-2.43777	-2.44245	-0.717076	0.35363	-0.53919	0.7188859999999999	-0.438723	0.0	0.451248	-0.193241	-0.871225	0.0	-0.71109	-0.667729	-0.220202	0.0	2.5786700000000002	1.13342	1.29264	0.360292	
3	0.912963	0.39402800000000004	-0.10602	0.0	0.102237	0.0306493	0.994288	0.0	0.395027	-0.918587	-0.0123024	0.0	-2.44135	-2.80415	-0.9899610000000001	0.35473899999999997	-0.5375880000000001	0.718907	-0.44064899999999996	0.0	0.45083599999999996	-0.19655799999999998	-0.8706959999999999	0.0	-0.712562	-0.666737	-0.218442	0.0	2.5847700000000002	1.1258299999999999	1.30007	0.360228	
3	0.9369569999999999	0.34219099999999997	-0.07082460000000002	0.0	0.0686847	0.0183834	0.997469	0.0	0.342627	-0.939451	-0.00627879	0.0	-2.41743	-3.10692	-1.2448299999999999	0.355404	-0.537225	0.719125	-0.44073599999999996	0.0	0.44983599999999996	-0.197733	-0.8709469999999999	0.0	-0.713468	-0.666154	-0.217261	0.0	2.5859099999999997	1.12378	1.30318	0.360375	
3	0.959683	0.274865	-0.058796400000000006	0.0	0.05790169999999999	0.0113751	0.998258	0.0	0.275055	-0.9614159999999999	-0.00499869	0.0	-2.4527200000000002	-3.34329	-1.45953	0.357086	-0.537213	0.718589	-0.44162399999999996	0.0	0.449271	-0.19934100000000002	-0.870873	0.0	-0.7138329999999999	-0.666253	-0.21575300000000003	0.0	2.5859400000000003	1.12004	1.3002	0.360203	
3	0.9653809999999999	0.24648	-0.085368	0.0	0.0829831	0.0200664	0.9963489999999999	0.0	0.247294	-0.9689399999999999	-0.00108196	0.0	-2.47313	-3.48242	-1.61473	0.35699200000000003	-0.537151	0.717832	-0.442929	0.0	0.449197	-0.201015	-0.870526	0.0	-0.7139260000000001	-0.666566	-0.214473	0.0	2.58665	1.11227	1.2967899999999999	0.360247	
3	0.9613309999999999	0.224687	-0.159245	0.0	0.15295899999999998	0.045227699999999996	0.9871969999999999	0.0	0.22901300000000002	-0.9733809999999999	0.00911069	0.0	-2.51347	-3.60943	-1.7371299999999998	0.356769	-0.537151	0.717352	-0.44370600000000004	0.0	0.449137	-0.202013	-0.870326	0.0	-0.713964	-0.6667810000000001	-0.213678	0.0	2.58871	1.1042	1.29692	0.360224	
3	0.9597040000000001	0.204717	-0.19251	0.0	0.18254	0.0667028	0.9809329999999999	0.0	0.21365399999999998	-0.9765459999999999	0.0266459	0.0	-2.51114	-3.6328300000000002	-1.7794	0.356231	-0.536216	0.71758	-0.44446800000000003	0.0	0.44879600000000003	-0.203593	-0.870133	0.0	-0.714881	-0.6660550000000001	-0.212877	0.0	2.59045	1.0999299999999999	1.2963200000000001	0.360225	
3	0.957923	0.169684	-0.231498	0.0	0.22106199999999998	0.0782755	0.9721139999999999	0.0	0.183073	-0.9823850000000001	0.0374711	0.0	-2.47471	-3.6260199999999996	-1.79595	0.35585500000000003	-0.535447	0.7180770000000001	-0.444592	0.0	0.447438	-0.20528400000000002	-0.8704350000000001	0.0	-0.7163069999999999	-0.664999	-0.211377	0.0	2.59139	1.1025200000000002	1.29865	0.360184	
3	0.935436	0.14041099999999998	-0.324415	0.0	0.31315	0.09662589999999999	0.944775	0.0	0.16400399999999998	-0.985367	0.0464177	0.0	-2.43337	-3.61921	-1.82182	0.354917	-0.535568	0.717146	-0.44594700000000004	0.0	0.447377	-0.20694	-0.870075	0.0	-0.716255	-0.6654909999999999	-0.210004	0.0	2.58201	1.10691	1.30654	0.36023	
3	0.9151889999999999	0.12346900000000001	-0.383646	0.0	0.370488	0.116969	0.921443	0.0	0.158644	-0.985431	0.0613048	0.0	-2.4154400000000003	-3.6143	-1.8446599999999997	0.355584	-0.535335	0.716996	-0.44646800000000003	0.0	0.447949	-0.20712399999999997	-0.8697370000000001	0.0	-0.716072	-0.6655949999999999	-0.210298	0.0	2.58129	1.10309	1.30398	0.360168	
3	0.869252	0.0660716	-0.489935	0.0	0.477696	0.142952	0.8668170000000001	0.0	0.127309	-0.9875219999999999	0.092699	0.0	-2.35938	-3.6092199999999997	-1.8947900000000002	0.355442	-0.535467	0.7165279999999999	-0.447062	0.0	0.448078	-0.207677	-0.8695379999999999	0.0	-0.715892	-0.665927	-0.20985700000000002	0.0	2.58019	1.10727	1.30847	0.36023099999999997	
3	0.8103670000000001	0.0189525	-0.585616	0.0	0.5743510000000001	0.171956	0.800345	0.0	0.115869	-0.984922	0.128462	0.0	-2.3333	-3.60355	-1.9562599999999999	0.342991	-0.536406	0.715967	-0.446833	0.0	0.448459	-0.206711	-0.8695719999999999	0.0	-0.71495	-0.66683	-0.21020100000000003	0.0	2.58659	1.10953	1.30825	0.360267	
3	0.8036989999999999	-0.00863895	-0.594973	0.0	0.585742	0.187521	0.788507	0.0	0.10475799999999999	-0.982223	0.155771	0.0	-2.32559	-3.60066	-1.97785	0.290605	-0.536443	0.715729	-0.44716999999999996	0.0	0.44860600000000006	-0.20696900000000001	-0.8694350000000001	0.0	-0.71483	-0.6670050000000001	-0.21005300000000002	0.0	2.5866700000000002	1.1103	1.3055700000000001	0.360155	
3	0.840534	-0.0765492	-0.536324	0.0	0.5377270000000001	0.23844400000000002	0.808699	0.0	0.0659779	-0.9681350000000001	0.241583	0.0	-2.35343	-3.5851800000000003	-1.95197	0.12953399999999998	-0.536203	0.71533	-0.448096	0.0	0.44877700000000004	-0.20801999999999998	-0.8690959999999999	0.0	-0.714903	-0.667107	-0.209483	0.0	2.58633	1.1173	1.31281	0.360302	
3	0.8537819999999999	-0.10309700000000001	-0.51032	0.0	0.5206270000000001	0.165919	0.837507	0.0	-0.00167254	-0.980735	0.19533399999999998	0.0	-2.43708	-3.5812199999999996	-1.89063	0.111791	-0.537159	0.7150489999999999	-0.447399	0.0	0.44934700000000005	-0.206298	-0.8692110000000001	0.0	-0.7138260000000001	-0.667942	-0.21049	0.0	2.58232	1.1212799999999998	1.31922	0.360232	
3	0.841758	-0.09375019999999999	-0.531652	0.0	0.539621	0.175072	0.8235040000000001	0.0	0.0158737	-0.980082	0.197958	0.0	-2.45686	-3.58072	-1.87573	0.111398	-0.537509	0.7152189999999999	-0.44670699999999997	0.0	0.449161	-0.205506	-0.869495	0.0	-0.71368	-0.668004	-0.210787	0.0	2.5840400000000003	1.1210799999999999	1.3156	0.360222	
3	0.817941	-0.0742318	-0.570493	0.0	0.574597	0.154506	0.803721	0.0	0.028482900000000002	-0.9851989999999999	0.16902999999999999	0.0	-2.53309	-3.58172	-1.8192400000000002	0.116389	-0.537387	0.714847	-0.44744700000000004	0.0	0.450053	-0.20561500000000002	-0.869008	0.0	-0.71321	-0.6683680000000001	-0.21122399999999997	0.0	2.58474	1.1235	1.31825	0.360147	
3	0.811775	-0.0572994	-0.581152	0.0	0.581801	0.16505699999999998	0.796407	0.0	0.0502894	-0.984618	0.167326	0.0	-2.5695	-3.5752900000000003	-1.7981200000000002	0.11837400000000001	-0.5369	0.714928	-0.44790100000000005	0.0	0.45042200000000004	-0.205996	-0.868727	0.0	-0.7133430000000001	-0.668164	-0.21141999999999997	0.0	2.58638	1.12341	1.3171899999999999	0.36032600000000004	
3	0.798353	0.018932900000000003	-0.601893	0.0	0.587867	0.192193	0.785795	0.0	0.130557	-0.981174	0.142308	0.0	-2.66752	-3.53344	-1.6804299999999999	0.11353099999999999	-0.535803	0.714777	-0.449454	0.0	0.452383	-0.20644	-0.8676020000000001	0.0	-0.7129270000000001	-0.668189	-0.21274200000000001	0.0	2.58671	1.12422	1.31813	0.36007100000000003	
3	0.7906770000000001	0.0654804	-0.608721	0.0	0.590052	0.183699	0.786189	0.0	0.163301	-0.980799	0.10661	0.0	-2.66982	-3.48947	-1.5943100000000001	0.112954	-0.534878	0.715065	-0.45009799999999994	0.0	0.452908	-0.207065	-0.867179	0.0	-0.7132890000000001	-0.667687	-0.213104	0.0	2.58906	1.11894	1.31387	0.360234	
3	0.776289	0.140567	-0.614504	0.0	0.5909949999999999	0.17686500000000002	0.787048	0.0	0.219317	-0.974146	0.0542238	0.0	-2.6408099999999997	-3.2359	-1.51902	0.11114600000000001	-0.533371	0.715427	-0.451308	0.0	0.45331400000000005	-0.208697	-0.866575	0.0	-0.714158	-0.66679	-0.213	0.0	2.59355	1.10792	1.3063	0.360162	
3	0.761555	0.251801	-0.5971850000000001	0.0	0.563629	0.197549	0.8020579999999999	0.0	0.31993299999999997	-0.9474020000000001	0.0085222	0.0	-2.65348	-2.86868	-1.45313	0.10614200000000001	-0.531682	0.716251	-0.45199399999999995	0.0	0.452333	-0.211048	-0.866518	0.0	-0.716037	-0.665164	-0.211774	0.0	2.58822	1.1103100000000001	1.30999	0.360116	
3	0.7548159999999999	0.294983	-0.585865	0.0	0.549676	0.20291700000000001	0.810359	0.0	0.35792399999999996	-0.933707	-0.00898048	0.0	-2.67746	-2.73865	-1.4338799999999998	0.10554000000000001	-0.5311819999999999	0.716174	-0.452705	0.0	0.452362	-0.212061	-0.8662559999999999	0.0	-0.716391	-0.664926	-0.211327	0.0	2.58933	1.10713	1.30112	0.360252	
3	0.747208	0.354116	-0.562389	0.0	0.523692	0.207275	0.826307	0.0	0.40917800000000004	-0.911942	-0.030570499999999997	0.0	-2.69373	-2.52038	-1.4064	0.10564000000000001	-0.5302680000000001	0.7163109999999999	-0.453557	0.0	0.452613	-0.213184	-0.865849	0.0	-0.716908	-0.6644180000000001	-0.211167	0.0	2.59171	1.10523	1.2962	0.360232	
3	0.747993	0.453463	-0.484642	0.0	0.463945	0.164934	0.870374	0.0	0.474616	-0.8758809999999999	-0.0870122	0.0	-2.64289	-2.08592	-1.3381399999999999	-0.010994499999999999	-0.5300630000000001	0.715512	-0.455056	0.0	0.453554	-0.214196	-0.8651059999999999	0.0	-0.716465	-0.664953	-0.210986	0.0	2.59441	1.09534	1.29362	0.360428	
3	0.737135	0.496271	-0.458636	0.0	0.441853	0.15953499999999998	0.8827879999999999	0.0	0.511271	-0.853383	-0.10167999999999999	0.0	-2.5933200000000003	-1.85126	-1.16408	0.0	-0.530038	0.715004	-0.455883	0.0	0.45488500000000004	-0.213968	-0.8644639999999999	0.0	-0.7156399999999999	-0.665573	-0.211833	0.0	2.5935799999999998	1.0964399999999999	1.29131	0.360288	
3	0.701375	0.566416	-0.43272	0.0	0.420092	0.161964	0.892911	0.0	0.5758439999999999	-0.808048	-0.12435	0.0	-2.60049	-1.6126200000000002	-1.15114	0.0	-0.529392	0.7142109999999999	-0.457873	0.0	0.456733	-0.21488400000000002	-0.8632610000000001	0.0	-0.7149399999999999	-0.666129	-0.212446	0.0	2.59612	1.09083	1.28492	0.360291	
3	0.6047520000000001	0.685334	-0.405699	0.0	0.391656	0.187631	0.9007780000000001	0.0	0.6934560000000001	-0.703641	-0.154945	0.0	-2.68779	-1.28389	-1.19422	0.0	-0.5235350000000001	0.712453	-0.46725	0.0	0.463131	-0.222345	-0.8579469999999999	0.0	-0.715137	-0.665563	-0.21355300000000002	0.0	2.59243	1.1051	1.28985	0.36030500000000004	
3	0.559213	0.723101	-0.405471	0.0	0.386106	0.20564200000000002	0.8992399999999999	0.0	0.7336229999999999	-0.6594220000000001	-0.164196	0.0	-2.78734	-1.13639	-1.2379200000000001	0.0	-0.516716	0.712242	-0.475096	0.0	0.469287	-0.22850900000000002	-0.8529680000000001	0.0	-0.716083	-0.663698	-0.21617199999999998	0.0	2.59133	1.1274899999999999	1.2802799999999999	0.360106	
0	0.546661	0.7383029999999999	-0.395057	0.0	0.384412	0.197864	0.901708	0.0	0.743901	-0.644794	-0.175648	0.0	-2.8759099999999997	-1.09626	-1.27283	0.0	-0.516251	0.712924	-0.474578	0.0	0.46969799999999995	-0.22767600000000002	-0.8529639999999999	0.0	-0.7161489999999999	-0.6632520000000001	-0.21732100000000001	0.0	2.5935599999999996	1.1283100000000001	1.27311	0.360244	
0	0.525308	0.747698	-0.4062	0.0	0.381333	0.21989	0.897905	0.0	0.760682	-0.626574	-0.16961199999999999	0.0	-2.9668799999999997	-1.12544	-1.3098	0.0	-0.51161	0.7134149999999999	-0.478847	0.0	0.46899799999999997	-0.235089	-0.8513370000000001	0.0	-0.719928	-0.66013	-0.214317	0.0	2.5935	1.1272	1.27357	0.36031199999999997	
0	0.557709	0.728681	-0.397473	0.0	0.362473	0.21698	0.906385	0.0	0.7467090000000001	-0.649572	-0.14311600000000002	0.0	-2.95732	-1.2393	-1.2735299999999998	0.0	-0.510784	0.713477	-0.47963599999999995	0.0	0.469984	-0.23542	-0.850701	0.0	-0.719871	-0.659946	-0.215074	0.0	2.58752	1.1285399999999999	1.27989	0.360257	
0	0.617293	0.693239	-0.37198000000000003	0.0	0.357642	0.173869	0.91753	0.0	0.7007439999999999	-0.699421	-0.140603	0.0	-2.92006	-1.3228600000000001	-1.2203	0.0	-0.5101720000000001	0.71314	-0.480788	0.0	0.470996	-0.23608400000000002	-0.849957	0.0	-0.719644	-0.6600729999999999	-0.215443	0.0	2.58672	1.12917	1.2805600000000001	0.36027800000000004	
0	0.719677	0.626121	-0.300063	0.0	0.313269	0.0928602	0.9451139999999999	0.0	0.6196189999999999	-0.774177	-0.129315	0.0	-2.9076299999999997	-1.5643	-1.1640700000000002	0.0	-0.5085270000000001	0.713029	-0.482691	0.0	0.471254	-0.2387	-0.849083	0.0	-0.720639	-0.659251	-0.21463200000000002	0.0	2.58701	1.1349200000000002	1.28019	0.36028000000000004	
0	0.7589229999999999	0.598589	-0.256372	0.0	0.272004	0.0663054	0.960009	0.0	0.59165	-0.798307	-0.112498	0.0	-2.88448	-1.8574099999999998	-1.0903100000000001	0.273446	-0.5076729999999999	0.713604	-0.48273999999999995	0.0	0.470354	-0.23988299999999999	-0.849249	0.0	-0.721828	-0.658199	-0.213864	0.0	2.58944	1.13442	1.27115	0.360208	
0	0.799786	0.551371	-0.23734499999999997	0.0	0.24746700000000002	0.057380999999999995	0.967196	0.0	0.546903	-0.832285	-0.0905534	0.0	-2.79838	-2.01892	-1.05166	0.315429	-0.507636	0.713676	-0.48267299999999996	0.0	0.46942700000000004	-0.24065999999999999	-0.849542	0.0	-0.722457	-0.657837	-0.212851	0.0	2.58529	1.13705	1.27908	0.360241	
0	0.840549	0.503491	-0.199934	0.0	0.206585	0.043267599999999996	0.9774709999999999	0.0	0.500799	-0.862916	-0.0676452	0.0	-2.78052	-2.13654	-1.04656	0.32606999999999997	-0.508255	0.7130810000000001	-0.48290200000000005	0.0	0.47031000000000006	-0.23990999999999998	-0.849266	0.0	-0.721448	-0.658756	-0.213434	0.0	2.58174	1.13783	1.28576	0.360267	
0	0.8854040000000001	0.436846	-0.158826	0.0	0.15932000000000002	0.035782999999999995	0.9865780000000001	0.0	0.436667	-0.898824	-0.0379159	0.0	-2.75933	-2.29724	-1.0774700000000001	0.332646	-0.508497	0.712517	-0.483479	0.0	0.471083	-0.23980500000000002	-0.848867	0.0	-0.7207720000000001	-0.659404	-0.213714	0.0	2.58583	1.1366	1.29081	0.360225	
0	0.913011	0.389345	-0.121745	0.0	0.121379	0.0256427	0.992275	0.0	0.389459	-0.9207350000000001	-0.0238461	0.0	-2.7491	-2.48353	-1.14316	0.33212600000000003	-0.508061	0.7125199999999999	-0.483932	0.0	0.47072299999999995	-0.24082699999999999	-0.848777	0.0	-0.721314	-0.659028	-0.21304499999999998	0.0	2.5839	1.14068	1.29505	0.360236	
0	0.932744	0.34276799999999996	-0.111799	0.0	0.10819200000000001	0.029690699999999997	0.9936870000000001	0.0	0.343923	-0.938951	-0.00939108	0.0	-2.74436	-2.65746	-1.23359	0.33321799999999996	-0.5083	0.712248	-0.48408100000000004	0.0	0.470966	-0.24069899999999997	-0.8486790000000001	0.0	-0.720987	-0.659369	-0.21309699999999998	0.0	2.58718	1.1365399999999999	1.2899200000000002	0.360232	
0	0.9436110000000001	0.311075	-0.113273	0.0	0.107474	0.0357815	0.9935639999999999	0.0	0.313126	-0.9497120000000001	0.000331316	0.0	-2.73575	-2.79753	-1.2940200000000002	0.332869	-0.507894	0.711571	-0.4855	0.0	0.471571	-0.241979	-0.8479780000000001	0.0	-0.720877	-0.6596310000000001	-0.212657	0.0	2.5855900000000003	1.1411	1.29454	0.360323	
0	0.950241	0.2876	-0.119698	0.0	0.112194	0.0424971	0.992777	0.0	0.290609	-0.956808	0.00811547	0.0	-2.7462299999999997	-2.89343	-1.33186	0.332744	-0.507835	0.71137	-0.485857	0.0	0.471721	-0.242288	-0.847806	0.0	-0.720821	-0.6597350000000001	-0.21252600000000002	0.0	2.5832900000000003	1.143	1.29662	0.36023	
0	0.958368	0.244034	-0.148254	0.0	0.13380999999999998	0.07483189999999999	0.9881780000000001	0.0	0.252243	-0.966875	0.03906230000000001	0.0	-2.7732799999999997	-3.11282	-1.35589	0.332336	-0.507035	0.711605	-0.48634799999999995	0.0	0.471446	-0.243405	-0.84764	0.0	-0.721564	-0.6590689999999999	-0.212069	0.0	2.58438	1.1417	1.29615	0.360173	
0	0.9628639999999999	0.205421	-0.175201	0.0	0.157245	0.100825	0.982399	0.0	0.21946999999999997	-0.9734659999999999	0.0647788	0.0	-2.8006	-3.26024	-1.38029	0.333502	-0.505767	0.711727	-0.48748800000000003	0.0	0.47128100000000006	-0.24535500000000002	-0.8471690000000001	0.0	-0.7225600000000001	-0.6582140000000001	-0.211331	0.0	2.58467	1.14523	1.29665	0.360126	
0	0.964939	0.18339	-0.187779	0.0	0.168354	0.11642999999999999	0.978826	0.0	0.20137	-0.9761209999999999	0.08147339999999999	0.0	-2.81345	-3.3888199999999995	-1.39422	0.333418	-0.505559	0.711363	-0.48823500000000003	0.0	0.471181	-0.24640900000000002	-0.8469190000000001	0.0	-0.722772	-0.6582140000000001	-0.210606	0.0	2.5839	1.15066	1.297	0.360166	
0	0.964068	0.157186	-0.21416100000000002	0.0	0.19208499999999998	0.144424	0.970693	0.0	0.183509	-0.976952	0.10904200000000001	0.0	-2.81028	-3.51022	-1.41688	0.333404	-0.5059239999999999	0.710857	-0.488594	0.0	0.47192399999999995	-0.24603200000000003	-0.846615	0.0	-0.722032	-0.6589010000000001	-0.210997	0.0	2.58222	1.15167	1.29796	0.36004	
0	0.964082	0.14397000000000001	-0.2232	0.0	0.200995	0.153887	0.9674299999999999	0.0	0.173628	-0.9775440000000001	0.119423	0.0	-2.79568	-3.5732199999999996	-1.42042	0.331021	-0.50558	0.710749	-0.48910699999999996	0.0	0.472296	-0.246423	-0.8462940000000001	0.0	-0.722029	-0.658872	-0.21109699999999998	0.0	2.58235	1.15333	1.29414	0.360192	
0	0.959885	0.121707	-0.252604	0.0	0.22841799999999998	0.183084	0.9561930000000001	0.0	0.162623	-0.975534	0.14794000000000002	0.0	-2.78277	-3.5979699999999997	-1.44505	0.328494	-0.504881	0.710633	-0.489996	0.0	0.47243900000000005	-0.247594	-0.8458709999999999	0.0	-0.722424	-0.658558	-0.210725	0.0	2.58111	1.15746	1.28999	0.360102	
0	0.95873	0.10906700000000001	-0.26256799999999997	0.0	0.239159	0.190052	0.952199	0.0	0.153755	-0.9756969999999999	0.156124	0.0	-2.77248	-3.59636	-1.45601	0.32555700000000004	-0.504758	0.710476	-0.49035	0.0	0.47265100000000004	-0.247865	-0.8456739999999999	0.0	-0.722372	-0.658625	-0.210695	0.0	2.58155	1.15648	1.29348	0.36008	
0	0.9571649999999999	0.042367800000000004	-0.286428	0.0	0.273606	0.191338	0.9426190000000001	0.0	0.09474110000000001	-0.9806090000000001	0.17155	0.0	-2.74001	-3.58295	-1.55459	0.13602	-0.503909	0.710047	-0.49184300000000003	0.0	0.47353199999999995	-0.249133	-0.844808	0.0	-0.722388	-0.658609	-0.210689	0.0	2.58353	1.16188	1.29556	0.360137	
0	0.957691	0.0190913	-0.287164	0.0	0.278484	0.19032000000000002	0.9413950000000001	0.0	0.0726255	-0.9815360000000001	0.176951	0.0	-2.7203	-3.5724699999999996	-1.5528899999999999	0.135033	-0.503695	0.7099270000000001	-0.492234	0.0	0.473455	-0.249743	-0.844671	0.0	-0.722587	-0.658507	-0.21032399999999998	0.0	2.58443	1.16258	1.29358	0.360114	
0	0.9605229999999999	0.0155227	-0.277769	0.0	0.269944	0.18945499999999998	0.944053	0.0	0.0672788	-0.9817670000000001	0.177785	0.0	-2.7205	-3.5707199999999997	-1.55956	0.1349	-0.503201	0.709357	-0.49356000000000005	0.0	0.47379499999999997	-0.251181	-0.8440540000000001	0.0	-0.722709	-0.658575	-0.209696	0.0	2.58277	1.1657	1.2944799999999999	0.360211	
0	0.959558	0.010684899999999999	-0.28130700000000003	0.0	0.273756	0.197505	0.9413020000000001	0.0	0.06561739999999999	-0.980244	0.186593	0.0	-2.72735	-3.56448	-1.56744	0.134864	-0.502261	0.709249	-0.494671	0.0	0.474289	-0.252377	-0.843419	0.0	-0.723038	-0.658233	-0.20963	0.0	2.58409	1.16927	1.2964799999999999	0.35996999999999996	
0	0.9569549999999999	0.0243424	-0.289213	0.0	0.27884899999999996	0.199261	0.939435	0.0	0.080497	-0.9796440000000001	0.183896	0.0	-2.74378	-3.56978	-1.5625	0.135074	-0.502264	0.709498	-0.49431099999999994	0.0	0.474818	-0.251467	-0.8433940000000001	0.0	-0.722689	-0.6583140000000001	-0.21058000000000002	0.0	2.58487	1.16816	1.29128	0.360112	
0	0.9561569999999999	0.0344617	-0.290821	0.0	0.27860799999999997	0.198934	0.939576	0.0	0.0902337	-0.9794069999999999	0.180611	0.0	-2.75464	-3.57703	-1.55584	0.134848	-0.5019899999999999	0.7097720000000001	-0.49419700000000005	0.0	0.474908	-0.251344	-0.8433799999999999	0.0	-0.72282	-0.658066	-0.210904	0.0	2.58733	1.1664299999999999	1.2912	0.359994	
0	0.943728	0.073146	-0.322531	0.0	0.30507399999999996	0.184021	0.9343799999999999	0.0	0.127699	-0.980197	0.15135099999999999	0.0	-2.7865599999999997	-3.5731599999999997	-1.5435	0.135053	-0.501429	0.7110350000000001	-0.49294799999999994	0.0	0.47342	-0.251407	-0.844197	0.0	-0.724184	-0.656676	-0.21055500000000002	0.0	2.59033	1.16019	1.28637	0.36004200000000003	
0	0.9401149999999999	0.09181239999999999	-0.328259	0.0	0.31011700000000003	0.16927999999999999	0.935506	0.0	0.141459	-0.981282	0.13067	0.0	-2.82418	-3.54815	-1.55356	0.135041	-0.501416	0.711287	-0.49259899999999995	0.0	0.473546	-0.25088299999999997	-0.844282	0.0	-0.724111	-0.656604	-0.21103000000000002	0.0	2.58953	1.1585299999999998	1.28515	0.360095	
