0	0.555924	0.55867	-0.6154970000000001	0.0	0.689194	0.10417799999999999	0.7170489999999999	0.0	0.464715	-0.8228209999999999	-0.327117	0.0	-2.77367	1.99363	1.43793	4.0633600000000005e-06	-0.593132	0.516197	-0.617847	0.0	0.751853	0.0806753	-0.6543760000000001	0.0	-0.28794200000000003	-0.852662	-0.43595600000000007	0.0	2.6512	1.9999	1.54677	-5.7704700000000005e-06	
0	-0.051911900000000004	0.786622	-0.6152489999999999	0.0	0.22977199999999998	0.608959	0.759193	0.0	0.971859	-0.10195599999999999	-0.212356	0.0	-2.8044	1.8944	1.3778700000000002	4.26769e-05	0.032236900000000006	0.638088	-0.769288	0.0	0.36446999999999996	-0.724193	-0.585411	0.0	-0.930657	-0.261511	-0.25590999999999997	0.0	2.67335	1.9958900000000002	1.55996	3.49572e-05	
0	-0.15454500000000002	0.751736	-0.6411	0.0	0.137647	0.65895	0.7394850000000001	0.0	0.97835	0.0260378	-0.20531100000000002	0.0	-2.88699	1.7958	1.45187	0.0	0.143076	0.55909	-0.816669	0.0	0.227248	-0.8216700000000001	-0.522701	0.0	-0.963269	-0.1108	-0.244614	0.0	2.7354700000000003	1.89315	1.6410799999999999	0.0	
0	-0.257823	0.862448	-0.43555900000000003	0.0	0.17185999999999998	0.484547	0.8577170000000001	0.0	0.950785	0.146284	-0.273148	0.0	-2.92398	2.05706	1.32085	0.17788900000000002	0.166648	0.8154779999999999	-0.554279	0.0	0.25243699999999997	-0.5786899999999999	-0.775496	0.0	-0.953155	-0.0106855	-0.302294	0.0	2.78065	2.0247900000000003	1.47746	0.315984	
0	-0.310896	0.906742	-0.284891	0.0	0.23607899999999998	0.364023	0.9009739999999999	0.0	0.920658	0.21285199999999999	-0.327236	0.0	-2.97322	2.3056799999999997	1.1369799999999999	0.34972800000000004	0.177041	0.8752120000000001	-0.450179	0.0	0.312396	-0.48372200000000004	-0.817571	0.0	-0.933309	0.00410953	-0.359051	0.0	2.7694	2.09584	1.25043	0.356526	
0	-0.335744	0.912694	-0.232952	0.0	0.258386	0.327058	0.9089940000000001	0.0	0.9058219999999999	0.244997	-0.34563499999999997	0.0	-3.06472	2.48299	1.04683	0.348207	0.224652	0.857402	-0.46302600000000005	0.0	0.298642	-0.512887	-0.8048350000000001	0.0	-0.9275479999999999	0.042528699999999996	-0.371277	0.0	2.86003	2.18359	1.13449	0.355724	
0	-0.336861	0.9150379999999999	-0.22187600000000002	0.0	0.27465900000000004	0.320898	0.9064139999999999	0.0	0.9006040000000001	0.24439499999999997	-0.35942199999999996	0.0	-3.1423799999999997	2.56339	1.0354700000000001	0.34686999999999996	0.22560999999999998	0.859261	-0.45909799999999995	0.0	0.30650700000000003	-0.509922	-0.803762	0.0	-0.924745	0.0406205	-0.378413	0.0	2.90731	2.2284599999999997	1.11353	0.355443	
0	-0.341521	0.9150889999999999	-0.214421	0.0	0.280196	0.316893	0.906128	0.0	0.897136	0.24938200000000002	-0.36463	0.0	-3.19198	2.583	1.0117200000000002	0.34666399999999997	0.226675	0.857298	-0.462232	0.0	0.303581	-0.513133	-0.802828	0.0	-0.92545	0.041656	-0.37657399999999996	0.0	2.91697	2.2368	1.11335	0.355628	
0	-0.301295	0.9343899999999999	-0.19009500000000001	0.0	0.313506	0.28534899999999996	0.905699	0.0	0.9005190000000001	0.21328699999999998	-0.378911	0.0	-3.20148	2.59186	1.0179799999999999	0.34608	0.224363	0.858188	-0.46170900000000004	0.0	0.307285	-0.511919	-0.802194	0.0	-0.92479	0.0381061	-0.378564	0.0	2.9190099999999997	2.24506	1.1119	0.35543800000000003	
0	-0.050315399999999996	0.991684	-0.11845399999999999	0.0	0.399644	0.128686	0.907593	0.0	0.9152889999999999	-0.0016734000000000002	-0.40279499999999996	0.0	-3.1787799999999997	2.59233	1.0922100000000001	0.346756	0.23009200000000002	0.850392	-0.473171	0.0	0.311206	-0.524983	-0.792177	0.0	-0.922068	0.035020499999999996	-0.385441	0.0	2.9218900000000003	2.2474	1.1111	0.355073	
0	0.381807	0.92384	0.027249900000000004	0.0	0.390879	-0.18812	0.901013	0.0	0.837518	-0.333362	-0.432936	0.0	-3.1823900000000003	2.60052	1.14126	0.348558	0.232606	0.84657	-0.478763	0.0	0.311738	-0.5311899999999999	-0.787818	0.0	-0.921257	0.0340027	-0.387466	0.0	2.91915	2.2446	1.12266	0.354765	
0	0.544534	0.8343079999999999	0.0860943	0.0	0.341024	-0.314013	0.886058	0.0	0.7662800000000001	-0.453128	-0.45551	0.0	-3.3282599999999998	2.75863	0.951156	0.35042199999999996	0.22122399999999998	0.8388049999999999	-0.49745900000000004	0.0	0.31150100000000003	-0.544154	-0.779015	0.0	-0.9241360000000001	0.017377700000000003	-0.381669	0.0	2.90576	2.2275400000000003	1.14931	0.35470799999999997	
0	0.6339060000000001	0.7499060000000001	0.189221	0.0	0.212959	-0.404442	0.889424	0.0	0.743513	-0.523515	-0.41607700000000003	0.0	-3.38699	2.85863	0.700005	0.35179499999999997	0.219277	0.83598	-0.503046	0.0	0.313861	-0.548629	-0.774918	0.0	-0.923801	0.012035700000000002	-0.382683	0.0	2.88789	2.20496	1.1515799999999998	0.354566	
0	0.716568	0.657623	0.232514	0.0	0.100842	-0.427514	0.898366	0.0	0.69019	-0.620293	-0.372659	0.0	-3.2850599999999996	2.68404	0.461967	0.35338600000000003	0.21523499999999998	0.8322729999999999	-0.510879	0.0	0.314445	-0.554343	-0.7706029999999999	0.0	-0.9245530000000001	0.0052174	-0.38101799999999997	0.0	2.8702900000000002	2.19795	1.16475	0.3546	
0	0.761849	0.596349	0.25289	0.0	0.05237290000000001	-0.445842	0.8935790000000001	0.0	0.645634	-0.667528	-0.370897	0.0	-3.22117	2.52726	0.167265	0.352823	0.20761999999999997	0.82795	-0.520954	0.0	0.318945	-0.560752	-0.764089	0.0	-0.924753	-0.00751549	-0.38049299999999997	0.0	2.86301	2.16851	1.18495	0.35439899999999996	
0	0.794613	0.561967	0.229746	0.0	0.0473314	-0.434612	0.899373	0.0	0.605269	-0.7037800000000001	-0.37194699999999997	0.0	-3.15373	2.34626	-0.101895	0.35401	0.203408	0.826844	-0.524362	0.0	0.32185199999999997	-0.562263	-0.761756	0.0	-0.924682	-0.013819499999999998	-0.38049	0.0	2.84767	2.1515	1.19346	0.354213	
0	0.834781	0.5198	0.18152000000000001	0.0	0.05730269999999999	-0.40992	0.91032	0.0	0.547592	-0.749516	-0.371979	0.0	-3.13058	2.10698	-0.285421	0.35389899999999996	0.201002	0.8255979999999999	-0.5272439999999999	0.0	0.322183	-0.564002	-0.760329	0.0	-0.925093	-0.0170413	-0.379359	0.0	2.84111	2.14446	1.19908	0.354139	
0	0.864784	0.481994	0.140819	0.0	0.046276599999999994	-0.355741	0.9334379999999999	0.0	0.5000060000000001	-0.800706	-0.329944	0.0	-3.08225	1.71648	-0.42553599999999997	0.353963	0.19394	0.819634	-0.539061	0.0	0.321549	-0.572249	-0.754412	0.0	-0.9268190000000001	-0.0270237	-0.37453400000000003	0.0	2.82887	2.13497	1.20884	0.353823	
0	0.887777	0.44478100000000004	0.118415	0.0	0.0429423	-0.336188	0.940816	0.0	0.458267	-0.830149	-0.31756	0.0	-3.04324	1.39845	-0.537866	0.354429	0.18928299999999998	0.816155	-0.5459510000000001	0.0	0.321623	-0.576862	-0.750858	0.0	-0.9277559999999999	-0.0334659	-0.371684	0.0	2.81109	2.12352	1.23135	0.353802	
0	0.91181	0.404252	0.0719923	0.0	0.05123330000000001	-0.285966	0.9568690000000001	0.0	0.407403	-0.8687950000000001	-0.281458	0.0	-3.0269999999999997	1.0873	-0.610799	0.354324	0.186638	0.815365	-0.548039	0.0	0.323006	-0.577757	-0.749576	0.0	-0.927811	-0.0371208	-0.371199	0.0	2.80381	2.10894	1.23637	0.35382800000000003	
0	0.926499	0.37339	0.046689800000000004	0.0	0.0423519	-0.22675900000000002	0.97303	0.0	0.373907	-0.899533	-0.225906	0.0	-3.0436400000000003	0.793346	-0.625368	0.355369	0.185559	0.815533	-0.5481550000000001	0.0	0.324689	-0.577396	-0.7491260000000001	0.0	-0.9274399999999999	-0.0389731	-0.371936	0.0	2.8026400000000002	2.09643	1.24052	0.353613	
0	0.948644	0.314093	0.037686300000000006	0.0	0.0208522	-0.180956	0.9832700000000001	0.0	0.315658	-0.9319870000000001	-0.178213	0.0	-3.0695200000000002	0.465621	-0.592489	0.3553	0.18287899999999999	0.813765	-0.551672	0.0	0.324513	-0.579651	-0.74746	0.0	-0.928034	-0.0423292	-0.370084	0.0	2.80898	2.07723	1.24201	0.35352	
0	0.948793	0.311633	0.0517285	0.0	-0.00375381	-0.152617	0.9882780000000001	0.0	0.315875	-0.937866	-0.14363199999999998	0.0	-3.07483	0.248144	-0.5908979999999999	0.35492199999999996	0.179148	0.811105	-0.55679	0.0	0.325332	-0.5829479999999999	-0.744534	0.0	-0.928475	-0.0477594	-0.368313	0.0	2.8138	2.04553	1.23987	0.35347	
0	0.9486100000000001	0.311002	0.05844830000000001	0.0	-0.0119947	-0.149231	0.9887299999999999	0.0	0.31621900000000003	-0.9386200000000001	-0.13783199999999998	0.0	-3.0649900000000003	0.128222	-0.624161	0.355244	0.175209	0.8072060000000001	-0.563667	0.0	0.324452	-0.587882	-0.74103	0.0	-0.929534	-0.0530481	-0.364902	0.0	2.7982400000000003	2.0257400000000003	1.2377200000000002	0.353657	
0	0.9500799999999999	0.306976	0.055794100000000006	0.0	-0.0126681	-0.14072300000000001	0.9899680000000001	0.0	0.311748	-0.941256	-0.12980999999999998	0.0	-3.0437	0.0800071	-0.655031	0.35490900000000003	0.174372	0.807372	-0.563689	0.0	0.32659	-0.587475	-0.740414	0.0	-0.928942	-0.054988	-0.366119	0.0	2.7932	2.0173900000000002	1.2359799999999999	0.35358	
0	0.952274	0.301118	0.0500315	0.0	-0.00957918	-0.134345	0.9908879999999999	0.0	0.305096	-0.944076	-0.125049	0.0	-3.04717	0.0484917	-0.657053	0.354715	0.174291	0.806876	-0.564423	0.0	0.32753899999999997	-0.588062	-0.739527	0.0	-0.928623	-0.055977400000000004	-0.366778	0.0	2.78812	2.01918	1.24515	0.35338800000000004	
0	0.9520059999999999	0.302184	0.0486732	0.0	-0.00983992	-0.128724	0.991632	0.0	0.305921	-0.9445180000000001	-0.119572	0.0	-3.06299	0.0180646	-0.683141	0.354774	0.17110999999999998	0.803826	-0.569725	0.0	0.32879	-0.591691	-0.73607	0.0	-0.928773	-0.06137080000000001	-0.365534	0.0	2.78111	2.02165	1.2672	0.35333200000000003	
0	0.952462	0.300772	0.0484902	0.0	-0.00982489	-0.12875699999999998	0.9916280000000001	0.0	0.30449699999999996	-0.9449649999999999	-0.119681	0.0	-3.0705	0.00798293	-0.691782	0.35476399999999997	0.17038699999999998	0.8027350000000001	-0.571476	0.0	0.32868800000000004	-0.593041	-0.735028	0.0	-0.928941	-0.0625986	-0.364896	0.0	2.77513	2.02304	1.28027	0.35340900000000003	
0	0.9524540000000001	0.300798	0.048499099999999996	0.0	-0.00982834	-0.12876400000000002	0.991627	0.0	0.30452399999999996	-0.9449549999999999	-0.11968599999999999	0.0	-3.07029	0.00824628	-0.691685	0.35475999999999996	0.170389	0.8027489999999999	-0.571455	0.0	0.328691	-0.593023	-0.7350409999999999	0.0	-0.92894	-0.0625889	-0.364902	0.0	2.77528	2.02305	1.2799200000000002	0.35340900000000003	
0	0.9524540000000001	0.300798	0.0484992	0.0	-0.00982836	-0.12876400000000002	0.991627	0.0	0.30452399999999996	-0.9449549999999999	-0.11968599999999999	0.0	-3.07028	0.00824673	-0.691685	0.35475999999999996	0.170389	0.8027489999999999	-0.571455	0.0	0.328691	-0.593023	-0.735042	0.0	-0.92894	-0.0625888	-0.36490100000000003	0.0	2.77528	2.02305	1.2799200000000002	0.353408	
0	0.9524540000000001	0.300798	0.0484992	0.0	-0.00982836	-0.12876400000000002	0.991627	0.0	0.30452399999999996	-0.9449549999999999	-0.11968599999999999	0.0	-3.07028	0.008246600000000001	-0.691685	0.35475999999999996	0.170389	0.80275	-0.571455	0.0	0.328691	-0.593023	-0.735042	0.0	-0.92894	-0.0625886	-0.36490100000000003	0.0	2.77528	2.02305	1.2799200000000002	0.35340900000000003	
0	0.9524540000000001	0.300798	0.0484992	0.0	-0.00982836	-0.12876400000000002	0.991627	0.0	0.30452399999999996	-0.9449549999999999	-0.11968599999999999	0.0	-3.07028	0.00824731	-0.691685	0.35475999999999996	0.170389	0.8027489999999999	-0.571455	0.0	0.328691	-0.593023	-0.735042	0.0	-0.92894	-0.0625887	-0.36490100000000003	0.0	2.77528	2.02305	1.2799200000000002	0.35340900000000003	
0	0.9524540000000001	0.300798	0.0484992	0.0	-0.00982837	-0.12876400000000002	0.991627	0.0	0.30452399999999996	-0.9449549999999999	-0.11968599999999999	0.0	-3.07028	0.00824667	-0.691685	0.35475999999999996	0.170389	0.8027489999999999	-0.571455	0.0	0.328691	-0.593023	-0.735042	0.0	-0.92894	-0.0625888	-0.364902	0.0	2.77528	2.02305	1.2799200000000002	0.353408	
0	0.9524540000000001	0.300798	0.0484992	0.0	-0.00982836	-0.12876400000000002	0.991627	0.0	0.30452399999999996	-0.9449549999999999	-0.11968599999999999	0.0	-3.07028	0.00824663	-0.691685	0.35475999999999996	0.170389	0.8027489999999999	-0.571455	0.0	0.328691	-0.593023	-0.735042	0.0	-0.92894	-0.0625887	-0.36490100000000003	0.0	2.77528	2.02305	1.2799200000000002	0.35340900000000003	
0	0.9524540000000001	0.300798	0.0484992	0.0	-0.00982839	-0.12876400000000002	0.991627	0.0	0.30452399999999996	-0.9449549999999999	-0.11968599999999999	0.0	-3.07028	0.00824672	-0.691685	0.35475999999999996	0.170389	0.80275	-0.571455	0.0	0.328691	-0.593023	-0.735042	0.0	-0.92894	-0.0625885	-0.36490100000000003	0.0	2.77528	2.02305	1.2799200000000002	0.353408	
0	0.9524540000000001	0.300798	0.0484992	0.0	-0.00982839	-0.12876400000000002	0.991627	0.0	0.30452399999999996	-0.9449549999999999	-0.11968599999999999	0.0	-3.07028	0.00824666	-0.691685	0.35475999999999996	0.170389	0.8027489999999999	-0.571455	0.0	0.328691	-0.593023	-0.735042	0.0	-0.92894	-0.0625888	-0.364902	0.0	2.77528	2.02305	1.2799200000000002	0.353408	
0	0.9524540000000001	0.300798	0.0484992	0.0	-0.00982836	-0.12876400000000002	0.991627	0.0	0.30452399999999996	-0.9449549999999999	-0.11968599999999999	0.0	-3.07028	0.00824668	-0.691685	0.35475999999999996	0.170389	0.8027489999999999	-0.571455	0.0	0.328691	-0.593023	-0.735042	0.0	-0.92894	-0.0625888	-0.36490100000000003	0.0	2.77528	2.02305	1.2799200000000002	0.353408	
0	0.713576	0.695369	-0.08527130000000001	0.0	0.296967	-0.18998900000000002	0.935797	0.0	0.634523	-0.6930850000000001	-0.342073	0.0	-3.1885	0.182602	-0.622243	0.353249	0.142949	0.784806	-0.6030310000000001	0.0	0.343094	-0.6108020000000001	-0.713588	0.0	-0.9283600000000001	-0.10488900000000001	-0.356576	0.0	2.7415599999999998	2.05023	1.31712	0.352327	
0	0.788812	0.609011	-0.0829578	0.0	0.230981	-0.168646	0.9582309999999999	0.0	0.5695819999999999	-0.775026	-0.2737	0.0	-3.0491099999999998	-0.17641099999999998	-0.574187	0.35470300000000005	0.140242	0.783379	-0.6055159999999999	0.0	0.345489	-0.611838	-0.711541	0.0	-0.927884	-0.109412	-0.356455	0.0	2.74465	2.0398	1.32103	0.352182	
0	0.8594040000000001	0.497267	-0.11895499999999999	0.0	0.194976	-0.103656	0.9753149999999999	0.0	0.47266199999999997	-0.861383	-0.18603699999999998	0.0	-2.82917	-0.9927010000000001	-0.664709	0.354536	0.138186	0.78304	-0.606426	0.0	0.347736	-0.611679	-0.710583	0.0	-0.9273530000000001	-0.11268299999999999	-0.356817	0.0	2.75259	2.0142	1.32405	0.35173899999999997	
0	0.8851049999999999	0.440842	-0.149154	0.0	0.18783	-0.0451525	0.9811629999999999	0.0	0.425804	-0.8964479999999999	-0.122768	0.0	-2.6364099999999997	-1.5859299999999998	-0.768893	0.354335	0.13656	0.78242	-0.607594	0.0	0.34932399999999997	-0.611975	-0.709549	0.0	-0.926998	-0.115351	-0.356889	0.0	2.7574	1.9953	1.3225799999999999	0.351579	
0	0.9280709999999999	0.327859	-0.17661500000000002	0.0	0.195512	-0.025315999999999998	0.980374	0.0	0.316954	-0.9443870000000001	-0.0875955	0.0	-2.46201	-2.27645	-1.0354	0.352853	0.133327	0.7807470000000001	-0.6104569999999999	0.0	0.352454	-0.613042	-0.707076	0.0	-0.926283	-0.12088499999999999	-0.35691300000000004	0.0	2.75495	1.9862400000000002	1.32677	0.351427	
0	0.945312	0.268595	-0.185047	0.0	0.19964200000000001	-0.0278304	0.979474	0.0	0.257932	-0.962851	-0.0799314	0.0	-2.45549	-2.59584	-1.22575	0.352492	0.13241	0.7802899999999999	-0.611241	0.0	0.352542	-0.613421	-0.706703	0.0	-0.9263809999999999	-0.12191400000000001	-0.356308	0.0	2.74842	1.98679	1.32768	0.351319	
0	0.955462	0.215829	-0.201274	0.0	0.215025	-0.0419987	0.9757049999999999	0.0	0.202132	-0.9755280000000001	-0.0865367	0.0	-2.46156	-2.7882	-1.39714	0.352692	0.130596	0.778841	-0.613474	0.0	0.352759	-0.614784	-0.7054090000000001	0.0	-0.9265559999999999	-0.12428499999999999	-0.355031	0.0	2.74556	1.98318	1.33291	0.351378	
0	0.95934	0.171204	-0.22440300000000002	0.0	0.234112	-0.0385401	0.9714450000000001	0.0	0.157667	-0.984482	-0.077054	0.0	-2.45792	-2.9615299999999998	-1.54614	0.352246	0.130182	0.779115	-0.613215	0.0	0.35409	-0.614226	-0.705228	0.0	-0.926107	-0.125326	-0.355838	0.0	2.74402	1.9806	1.33532	0.351196	
0	0.959305	0.124965	-0.253216	0.0	0.259414	-0.0358365	0.965101	0.0	0.111529	-0.9915139999999999	-0.0667956	0.0	-2.4632099999999997	-3.08987	-1.64957	0.352187	0.130141	0.779084	-0.613263	0.0	0.353744	-0.6143029999999999	-0.705335	0.0	-0.9262440000000001	-0.125145	-0.355543	0.0	2.74363	1.9824	1.33594	0.35123699999999997	
0	0.9557690000000001	0.0772381	-0.283796	0.0	0.28703	-0.034382199999999995	0.957304	0.0	0.0641829	-0.9964200000000001	-0.055031100000000006	0.0	-2.43382	-3.1882099999999998	-1.7165599999999999	0.350545	0.129983	0.779115	-0.6132569999999999	0.0	0.353644	-0.614255	-0.705427	0.0	-0.9263049999999999	-0.125181	-0.35537199999999997	0.0	2.7433099999999997	1.9803400000000002	1.338	0.35112	
0	0.94257	0.019205700000000003	-0.333456	0.0	0.333884	-0.026868299999999998	0.9422309999999999	0.0	0.00913684	-0.999455	-0.0317378	0.0	-2.3485400000000003	-3.32401	-1.7709700000000002	0.348862	0.127921	0.778038	-0.615056	0.0	0.353018	-0.615256	-0.704868	0.0	-0.9268299999999999	-0.126959	-0.35336599999999996	0.0	2.73406	1.98517	1.3618	0.351093	
0	0.92984	0.00480556	-0.367933	0.0	0.36794	-0.00043681300000000003	0.92985	0.0	0.00430773	-0.9999879999999999	-0.00217433	0.0	-2.34452	-3.4634300000000002	-1.78997	0.34939499999999996	0.127625	0.77745	-0.615861	0.0	0.353209	-0.6158560000000001	-0.704248	0.0	-0.9267989999999999	-0.127648	-0.35320100000000004	0.0	2.73296	1.9836799999999999	1.36516	0.351065	
0	0.9148370000000001	-0.00802284	-0.403744	0.0	0.403819	0.0227739	0.9145549999999999	0.0	0.00185746	-0.999708	0.024074099999999998	0.0	-2.34388	-3.5935	-1.8047099999999998	0.35023899999999997	0.127371	0.777629	-0.615686	0.0	0.352887	-0.6156550000000001	-0.704585	0.0	-0.926956	-0.127524	-0.35283200000000003	0.0	2.73327	1.98338	1.36446	0.351013	
0	0.90571	-0.011805	-0.42373299999999997	0.0	0.423861	0.0384086	0.904913	0.0	0.00559251	-0.999193	0.0397907	0.0	-2.33862	-3.63605	-1.81972	0.350779	0.127381	0.777381	-0.6159979999999999	0.0	0.35285900000000003	-0.615945	-0.704346	0.0	-0.9269649999999999	-0.12764	-0.35276599999999997	0.0	2.7307900000000003	1.9839200000000001	1.36868	0.350943	
0	0.895985	-0.0221317	-0.44353100000000006	0.0	0.44408100000000006	0.0413372	0.895033	0.0	-0.00147422	-0.9989	0.046865699999999996	0.0	-2.32531	-3.63461	-1.82722	0.35115799999999997	0.126402	0.777112	-0.616538	0.0	0.35284299999999996	-0.616099	-0.7042189999999999	0.0	-0.927105	-0.128527	-0.352075	0.0	2.73065	1.9786099999999998	1.37061	0.351012	
0	0.892309	-0.029776599999999997	-0.45044300000000004	0.0	0.45131899999999997	0.037123699999999996	0.89159	0.0	-0.00982638	-0.9988670000000001	0.046564499999999995	0.0	-2.3153099999999998	-3.63556	-1.82708	0.352041	0.125495	0.776749	-0.6171810000000001	0.0	0.35259	-0.616405	-0.704078	0.0	-0.927325	-0.129254	-0.351229	0.0	2.72907	1.97934	1.3691	0.351133	
0	0.8836430000000001	-0.047902600000000004	-0.46570500000000004	0.0	0.46716	0.0251813	0.883814	0.0	-0.0306099	-0.9985350000000001	0.0446295	0.0	-2.29393	-3.63701	-1.8308099999999998	0.34991300000000003	0.125106	0.775989	-0.618214	0.0	0.353027	-0.617147	-0.7032079999999999	0.0	-0.927211	-0.130271	-0.351154	0.0	2.7288900000000003	1.97662	1.3672	0.351012	
0	0.878861	-0.0609313	-0.47317200000000004	0.0	0.475214	0.024204	0.8795370000000001	0.0	-0.042138699999999994	-0.997849	0.0502274	0.0	-2.28192	-3.63701	-1.8378599999999998	0.34970300000000004	0.124645	0.7757930000000001	-0.618554	0.0	0.353584	-0.617218	-0.702866	0.0	-0.927061	-0.131102	-0.35124099999999997	0.0	2.72925	1.97596	1.36714	0.350995	
0	0.8738049999999999	-0.071242	-0.481029	0.0	0.483512	0.0219801	0.8750620000000001	0.0	-0.051768100000000004	-0.997217	0.0536528	0.0	-2.27291	-3.63608	-1.84588	0.34659	0.123999	0.776252	-0.618108	0.0	0.354639	-0.616442	-0.703015	0.0	-0.926745	-0.13203199999999998	-0.351727	0.0	2.72897	1.97695	1.36863	0.350881	
0	0.8666010000000001	-0.0949056	-0.48989399999999994	0.0	0.49290900000000004	0.0098588	0.870025	0.0	-0.0777405	-0.9954379999999999	0.055323500000000005	0.0	-2.25786	-3.6317699999999995	-1.8672400000000002	0.32377	0.12384300000000001	0.776363	-0.618	0.0	0.354774	-0.616271	-0.703097	0.0	-0.9267139999999999	-0.132177	-0.351754	0.0	2.73058	1.9737	1.36873	0.350882	
0	0.8528389999999999	-0.13200699999999999	-0.505213	0.0	0.509677	2.864e-05	0.860366	0.0	-0.11356	-0.9912489999999999	0.0673053	0.0	-2.2697599999999998	-3.60808	-1.9679099999999998	0.203335	0.12364100000000001	0.776038	-0.618448	0.0	0.355149	-0.616554	-0.702659	0.0	-0.9265969999999999	-0.13276400000000002	-0.35184	0.0	2.73196	1.97207	1.368	0.350763	
0	0.850527	-0.165787	-0.499118	0.0	0.5076689999999999	0.010881700000000001	0.861484	0.0	-0.137391	-0.986102	0.0934199	0.0	-2.26647	-3.59827	-1.9977200000000002	0.134666	0.12306900000000001	0.777089	-0.617242	0.0	0.35645	-0.615078	-0.703294	0.0	-0.9261739999999999	-0.133462	-0.35269	0.0	2.73516	1.97386	1.36721	0.35083000000000003	
0	0.839201	-0.178608	-0.5136539999999999	0.0	0.52165	-0.00256364	0.8531559999999999	0.0	-0.153697	-0.983917	0.0910193	0.0	-2.25508	-3.59882	-2.00075	0.134077	0.123303	0.776726	-0.6176510000000001	0.0	0.355435	-0.615676	-0.703285	0.0	-0.9265329999999999	-0.13281800000000002	-0.35199	0.0	2.7382	1.9718	1.36321	0.35082199999999997	
0	0.8339540000000001	-0.189355	-0.518329	0.0	0.526407	-0.00885552	0.850187	0.0	-0.165577	-0.9818690000000001	0.0922926	0.0	-2.2503900000000003	-3.59945	-2.00809	0.134024	0.12248800000000001	0.777317	-0.61707	0.0	0.356731	-0.614682	-0.703498	0.0	-0.926142	-0.133958	-0.352584	0.0	2.7384	1.9727	1.36461	0.350827	
0	0.8319850000000001	-0.190417	-0.521098	0.0	0.5298970000000001	-0.00550477	0.848044	0.0	-0.164351	-0.9816879999999999	0.09632160000000001	0.0	-2.25052	-3.59984	-2.00989	0.133481	0.12066900000000001	0.776252	-0.618767	0.0	0.358964	-0.615263	-0.701852	0.0	-0.9255180000000001	-0.137424	-0.352889	0.0	2.73732	1.9646099999999997	1.36253	0.350619	
0	0.837675	-0.179946	-0.515674	0.0	0.5226970000000001	-0.00968406	0.852463	0.0	-0.158391	-0.9836290000000001	0.0859452	0.0	-2.25488	-3.59901	-2.0059400000000003	0.133953	0.12034700000000001	0.7756930000000001	-0.61953	0.0	0.359699	-0.615732	-0.701064	0.0	-0.925275	-0.138473	-0.353118	0.0	2.73825	1.96557	1.36665	0.350641	
0	0.841936	-0.17210699999999998	-0.511394	0.0	0.5169060000000001	-0.014580700000000002	0.8559180000000001	0.0	-0.15476600000000001	-0.9849700000000001	0.07668710000000001	0.0	-2.25768	-3.59882	-2.00372	0.133464	0.11991800000000001	0.775613	-0.619713	0.0	0.36017899999999997	-0.615678	-0.700866	0.0	-0.9251440000000001	-0.13916099999999998	-0.35319	0.0	2.73725	1.9624700000000002	1.36535	0.350767	
0	0.836842	-0.147071	-0.5273180000000001	0.0	0.5326420000000001	-0.00373112	0.846332	0.0	-0.12643900000000002	-0.9891190000000001	0.075214	0.0	-2.27725	-3.56986	-1.9840400000000002	0.129922	0.119316	0.7748619999999999	-0.620768	0.0	0.36027800000000004	-0.616408	-0.700172	0.0	-0.925183	-0.14010699999999998	-0.352713	0.0	2.7410099999999997	1.96262	1.3671	0.350698	
0	0.8417889999999999	-0.136376	-0.522296	0.0	0.527807	0.005061199999999999	0.849349	0.0	-0.11318800000000001	-0.9906440000000001	0.0762408	0.0	-2.29425	-3.5355	-1.9671900000000002	0.12544	0.119256	0.77523	-0.62032	0.0	0.360939	-0.615883	-0.700294	0.0	-0.924933	-0.14038399999999998	-0.353258	0.0	2.74162	1.9531900000000002	1.36171	0.350579	
0	0.8465299999999999	-0.115898	-0.519572	0.0	0.528388	0.06419730000000001	0.8465729999999999	0.0	-0.0647611	-0.9911840000000001	0.11558399999999999	0.0	-2.32674	-3.4834300000000002	-1.94616	0.125251	0.11921099999999998	0.77541	-0.620104	0.0	0.360666	-0.6157130000000001	-0.700584	0.0	-0.9250450000000001	-0.14013299999999998	-0.353063	0.0	2.74201	1.95232	1.36401	0.350593	
0	0.8592219999999999	-0.10419500000000001	-0.50088	0.0	0.5074029999999999	0.0483615	0.860351	0.0	-0.0654207	-0.9933799999999999	0.094422	0.0	-2.3709	-3.219	-1.91562	0.125566	0.118799	0.7749020000000001	-0.620817	0.0	0.36036999999999997	-0.61626	-0.7002550000000001	0.0	-0.925214	-0.140534	-0.352462	0.0	2.7426	1.9479099999999998	1.3602100000000001	0.350632	
0	0.8709020000000001	-0.0901304	-0.48312200000000005	0.0	0.481206	-0.0433486	0.8755350000000001	0.0	-0.099855	-0.994986	0.00561899	0.0	-2.40027	-2.92176	-1.9214200000000001	0.12549200000000002	0.11872200000000001	0.7745479999999999	-0.621274	0.0	0.360709	-0.616595	-0.699785	0.0	-0.925092	-0.141019	-0.352589	0.0	2.74594	1.94249	1.3437299999999999	0.350771	
0	0.883295	-0.0714177	-0.463346	0.0	0.46300600000000003	-0.022256900000000003	0.886076	0.0	-0.0735942	-0.9971979999999999	0.013407299999999999	0.0	-2.35263	-2.60509	-1.87548	0.125572	0.11720799999999999	0.77413	-0.622082	0.0	0.36234	-0.616552	-0.69898	0.0	-0.9246469999999999	-0.143479	-0.352763	0.0	2.7496099999999997	1.92875	1.33552	0.35077600000000003	
0	0.8986120000000001	-0.0475668	-0.436159	0.0	0.43448400000000004	-0.041742900000000006	0.8997120000000001	0.0	-0.061002999999999995	-0.9979959999999999	-0.0168437	0.0	-2.28018	-2.29716	-1.8406200000000001	0.125385	0.114551	0.7733399999999999	-0.6235569999999999	0.0	0.366552	-0.6163	-0.6970029999999999	0.0	-0.923319	-0.148723	-0.354067	0.0	2.7545	1.9166	1.32841	0.35070300000000004	
0	0.903854	-0.0306173	-0.42674399999999996	0.0	0.425321	-0.043794599999999996	0.903983	0.0	-0.0463666	-0.9985709999999999	-0.0265617	0.0	-2.2528200000000003	-2.16322	-1.82293	0.125404	0.113436	0.772672	-0.6245890000000001	0.0	0.368456	-0.616535	-0.6957909999999999	0.0	-0.9226979999999999	-0.151206	-0.354633	0.0	2.75659	1.9143400000000002	1.32533	0.350644	
0	0.917975	0.0653514	-0.391217	0.0	0.395255	-0.068437	0.916018	0.0	0.0330894	-0.9955129999999999	-0.0886539	0.0	-2.14711	-1.75237	-1.77403	0.125047	0.11872100000000001	0.759554	-0.639518	0.0	0.372594	-0.631087	-0.68037	0.0	-0.9203690000000001	-0.157506	-0.357929	0.0	2.76092	1.9012099999999998	1.31635	0.350379	
0	0.897581	0.165826	-0.408472	0.0	0.41858	-0.029812099999999998	0.90769	0.0	0.13834100000000002	-0.9857040000000001	-0.0961702	0.0	-2.07693	-1.5384200000000001	-1.75447	0.125217	0.15901099999999999	0.726694	-0.668305	0.0	0.364118	-0.672365	-0.644472	0.0	-0.9176790000000001	-0.14086400000000002	-0.371516	0.0	2.77955	1.9038	1.27457	0.35024299999999997	
0	0.861081	0.274595	-0.427946	0.0	0.440629	0.0170287	0.8975280000000001	0.0	0.253744	-0.9614090000000001	-0.106331	0.0	-2.03537	-1.39774	-1.7248599999999998	0.125227	0.224983	0.6724829999999999	-0.705088	0.0	0.339542	-0.732392	-0.5901810000000001	0.0	-0.9132870000000001	-0.106626	-0.393113	0.0	2.8267	1.93062	1.16864	0.350484	
1	0.795108	0.37122	-0.47958199999999995	0.0	0.46862299999999996	0.125889	0.874383	0.0	0.38496199999999997	-0.9199719999999999	-0.0738664	0.0	-2.06222	-1.3948	-1.6750599999999998	0.125219	0.263405	0.608585	-0.7484930000000001	0.0	0.317418	-0.787367	-0.528489	0.0	-0.910969	-0.09837869999999999	-0.400572	0.0	2.88875	1.9335200000000001	1.04605	0.351331	
1	0.726386	0.446774	-0.522261	0.0	0.481612	0.211229	0.850548	0.0	0.49031899999999995	-0.869353	-0.0617383	0.0	-2.10137	-1.39305	-1.64402	0.12521300000000002	0.24602600000000002	0.558545	-0.792148	0.0	0.330753	-0.816592	-0.473055	0.0	-0.911084	-0.145622	-0.38564299999999996	0.0	2.91945	1.8669200000000001	0.9640489999999999	0.35279299999999997	
1	0.628684	0.52335	-0.575205	0.0	0.49207700000000004	0.305034	0.815362	0.0	0.6021770000000001	-0.79565	-0.0657586	0.0	-2.14796	-1.35408	-1.61555	0.12518900000000002	0.200001	0.514789	-0.8336620000000001	0.0	0.3778	-0.825575	-0.419158	0.0	-0.904028	-0.231125	-0.359603	0.0	2.96943	1.70753	0.883127	0.353988	
1	0.527439	0.59509	-0.606363	0.0	0.46659799999999996	0.393543	0.792092	0.0	0.709996	-0.700708	-0.07009810000000001	0.0	-2.17525	-1.26988	-1.60914	0.12504	0.198747	0.473339	-0.858167	0.0	0.396287	-0.839672	-0.37135999999999997	0.0	-0.896357	-0.266273	-0.35446	0.0	3.02849	1.59441	0.725271	0.355835	
1	0.45711199999999996	0.645738	-0.611613	0.0	0.428971	0.442325	0.787612	0.0	0.779123	-0.622391	-0.0748106	0.0	-2.1771	-1.22559	-1.59473	0.124878	0.191901	0.42298100000000005	-0.8855850000000001	0.0	0.41781599999999997	-0.851709	-0.316263	0.0	-0.888034	-0.309321	-0.340172	0.0	3.07138	1.49938	0.525416	0.356535	
1	0.45502200000000004	0.666114	-0.590971	0.0	0.428334	0.418109	0.801071	0.0	0.780695	-0.617638	-0.0950704	0.0	-2.16891	-1.23084	-1.5626200000000001	0.12496900000000001	0.158478	0.400875	-0.9023209999999999	0.0	0.459244	-0.8389280000000001	-0.292053	0.0	-0.8740600000000001	-0.368101	-0.317051	0.0	3.0969	1.39188	0.344421	0.35741999999999996	
1	0.5062409999999999	0.703757	-0.49844399999999994	0.0	0.39726999999999996	0.322693	0.8590959999999999	0.0	0.765439	-0.632927	-0.116221	0.0	-2.12459	-1.2437799999999999	-1.5292700000000001	0.12496900000000001	0.129579	0.379295	-0.916157	0.0	0.49997700000000006	-0.822886	-0.269965	0.0	-0.85629	-0.423076	-0.296268	0.0	3.13088	1.30595	0.131457	0.357565	
1	0.615496	0.724241	-0.310869	0.0	0.25669899999999995	0.188711	0.947889	0.0	0.745164	-0.663222	-0.0697606	0.0	-2.0225400000000002	-1.3044200000000001	-1.46364	0.124965	0.118138	0.338023	-0.933694	0.0	0.517981	-0.8231940000000001	-0.23248000000000002	0.0	-0.847195	-0.456171	-0.27234	0.0	3.08221	1.2698399999999999	-0.112445	0.34726999999999997	
1	0.67504	0.7142189999999999	-0.18496700000000002	0.0	0.16524	0.09797869999999999	0.981374	0.0	0.719039	-0.6930310000000001	-0.05187819999999999	0.0	-1.87651	-1.32512	-1.37523	0.12478900000000001	0.137803	0.22846599999999997	-0.96375	0.0	0.502722	-0.854512	-0.130688	0.0	-0.8533940000000001	-0.46648900000000004	-0.23260999999999998	0.0	2.98322	1.2127700000000001	-0.365846	0.345989	
1	0.710802	0.695861	-0.102655	0.0	0.103814	0.0405601	0.993769	0.0	0.695688	-0.7170310000000001	-0.0434101	0.0	-1.77355	-1.2941799999999999	-1.29216	0.12477200000000001	0.187907	0.0905782	-0.978001	0.0	0.46187700000000004	-0.886919	0.00659962	0.0	-0.8668100000000001	-0.452957	-0.208494	0.0	2.8994299999999997	1.146	-0.648753	0.346569	
1	0.746073	0.6657489999999999	-0.012359700000000001	0.0	0.0296269	-0.0146465	0.9994540000000001	0.0	0.665204	-0.7460319999999999	-0.030651499999999998	0.0	-1.7114	-1.28231	-1.23108	0.1248	0.21091999999999997	-0.0329449	-0.9769479999999999	0.0	0.42778999999999995	-0.895531	0.12255799999999999	0.0	-0.878925	-0.443779	-0.174792	0.0	2.79339	1.06443	-0.9098200000000001	0.34639200000000003	
1	0.762373	0.640792	0.0904074	0.0	-0.07113889999999999	-0.05587230000000001	0.9959	0.0	0.643216	-0.765679	0.0029896999999999996	0.0	-1.60985	-1.27649	-1.1283100000000001	0.12479100000000001	0.22194	-0.150903	-0.963313	0.0	0.39969	-0.8870549999999999	0.23104299999999997	0.0	-0.889376	-0.436305	-0.13655799999999998	0.0	2.63403	0.964849	-1.13801	0.345802	
1	0.7734260000000001	0.61139	0.167373	0.0	-0.131522	-0.10351700000000001	0.985894	0.0	0.620092	-0.784529	0.000348601	0.0	-1.5311700000000001	-1.22078	-1.06094	0.124975	0.22662600000000002	-0.249865	-0.9413860000000001	0.0	0.389653	-0.862558	0.322746	0.0	-0.8926430000000001	-0.439957	-0.0981177	0.0	2.3988	0.8612559999999999	-1.38077	0.345598	
1	0.780562	0.58155	0.229179	0.0	-0.174969	-0.148707	0.9732790000000001	0.0	0.6000909999999999	-0.799804	-0.014322	0.0	-1.45074	-1.13911	-1.02691	0.12478099999999999	0.218969	-0.313486	-0.924002	0.0	0.400897	-0.834455	0.37810900000000003	0.0	-0.889569	-0.45322399999999996	-0.0570443	0.0	2.1855700000000002	0.727308	-1.57426	0.34518499999999996	
1	0.785284	0.541429	0.300307	0.0	-0.229273	-0.196258	0.9533709999999999	0.0	0.57512	-0.817519	-0.0299829	0.0	-1.36224	-1.0726799999999999	-1.01125	0.12480899999999999	0.20366700000000001	-0.39250300000000005	-0.896918	0.0	0.40226799999999996	-0.801668	0.442165	0.0	-0.892581	-0.450855	-0.00538193	0.0	1.92467	0.614809	-1.7345099999999998	0.3445	
1	0.780712	0.516363	0.351935	0.0	-0.267507	-0.23281300000000002	0.9350069999999999	0.0	0.564738	-0.824116	-0.043629400000000006	0.0	-1.2802200000000001	-1.0417399999999999	-1.0225	0.124976	0.18179800000000002	-0.415678	-0.891157	0.0	0.42277600000000004	-0.7851819999999999	0.45249300000000003	0.0	-0.887812	-0.45902200000000004	0.0329944	0.0	1.70049	0.503567	-1.8000200000000002	0.344551	
1	0.777516	0.49492600000000003	0.387965	0.0	-0.294477	-0.25856999999999997	0.9200139999999999	0.0	0.555655	-0.829572	-0.0552982	0.0	-1.20784	-1.03582	-1.05015	0.124794	0.165465	-0.456879	-0.8740040000000001	0.0	0.437587	-0.760196	0.48023000000000005	0.0	-0.883821	-0.46191400000000005	0.0741384	0.0	1.5256100000000001	0.38923800000000003	-1.8698	0.34420500000000004	
1	0.7752439999999999	0.470343	0.421633	0.0	-0.316233	-0.28883000000000003	0.903645	0.0	0.5468029999999999	-0.83388	-0.07517539999999999	0.0	-1.15489	-1.00024	-1.10406	0.124794	0.143067	-0.49404799999999993	-0.857583	0.0	0.446392	-0.7411439999999999	0.501438	0.0	-0.8833270000000001	-0.454557	0.114506	0.0	1.3345799999999999	0.289561	-1.9224299999999999	0.343495	
1	0.770253	0.460434	0.44126099999999996	0.0	-0.33452600000000005	-0.29737600000000003	0.8942370000000001	0.0	0.5429579999999999	-0.8364010000000001	-0.07502769999999999	0.0	-1.11853	-1.00932	-1.16101	0.125005	0.1313	-0.505532	-0.852759	0.0	0.46065500000000004	-0.730582	0.504031	0.0	-0.877814	-0.459007	0.13695	0.0	1.15467	0.22040700000000002	-1.90723	0.34334899999999996	
1	0.77089	0.44326800000000005	0.457429	0.0	-0.346948	-0.310053	0.8851530000000001	0.0	0.534187	-0.84106	-0.08522560000000001	0.0	-1.09257	-0.999434	-1.18976	0.12479900000000001	0.125344	-0.509795	-0.851116	0.0	0.47872600000000004	-0.720321	0.501955	0.0	-0.8689709999999999	-0.470368	0.153764	0.0	1.0104799999999998	0.164898	-1.9094	0.343466	
1	0.770825	0.43754499999999996	0.46301499999999995	0.0	-0.351389	-0.314219	0.881925	0.0	0.53137	-0.8425090000000001	-0.08845900000000001	0.0	-1.08713	-0.9856889999999999	-1.22445	0.124793	0.128305	-0.510821	-0.850059	0.0	0.49972700000000003	-0.707071	0.500324	0.0	-0.856627	-0.488992	0.16455	0.0	0.947318	0.07913680000000001	-1.9104400000000001	0.343281	
1	0.769447	0.43583900000000003	0.4669	0.0	-0.352132	-0.320405	0.8794	0.0	0.532874	-0.8410620000000001	-0.09306139999999999	0.0	-1.0924200000000002	-0.96041	-1.26948	0.124998	0.128288	-0.522029	-0.843225	0.0	0.51265	-0.692936	0.506981	0.0	-0.84896	-0.49731800000000004	0.178723	0.0	0.9314819999999999	-0.0159458	-1.90803	0.343328	
1	0.767563	0.431407	0.474062	0.0	-0.353298	-0.332356	0.874483	0.0	0.534816	-0.838706	-0.10268800000000002	0.0	-1.09689	-0.9319290000000001	-1.29655	0.124786	0.129652	-0.526281	-0.840368	0.0	0.519349	-0.6859270000000001	0.509687	0.0	-0.84467	-0.502526	0.184392	0.0	0.922932	-0.085623	-1.95012	0.343194	
1	0.765599	0.432312	0.476408	0.0	-0.352771	-0.337154	0.872857	0.0	0.53797	-0.8363209999999999	-0.105617	0.0	-1.0938	-0.875351	-1.3221100000000001	0.12481300000000001	0.129073	-0.532854	-0.836306	0.0	0.526215	-0.678018	0.513215	0.0	-0.840499	-0.506319	0.192881	0.0	0.921542	-0.14147200000000001	-1.95901	0.34326799999999996	
1	0.76355	0.42793100000000006	0.483597	0.0	-0.35630700000000004	-0.345378	0.868193	0.0	0.538551	-0.835218	-0.11123800000000002	0.0	-1.07968	-0.812086	-1.32789	0.12480799999999999	0.12873199999999999	-0.537454	-0.83341	0.0	0.530917	-0.672466	0.515671	0.0	-0.8375889999999999	-0.508854	0.198775	0.0	0.923522	-0.178311	-1.96343	0.343432	
1	0.757814	0.438425	0.48322	0.0	-0.3555	-0.343574	0.869239	0.0	0.547118	-0.830506	-0.104505	0.0	-1.07406	-0.77925	-1.32907	0.12479900000000001	0.12798900000000002	-0.534862	-0.835189	0.0	0.532625	-0.6733020000000001	0.512811	0.0	-0.8366180000000001	-0.5104770000000001	0.198706	0.0	0.9153540000000001	-0.19983800000000002	-1.9429400000000001	0.343611	
1	0.737312	0.469771	0.48547399999999996	0.0	-0.35507	-0.34188	0.8700829999999999	0.0	0.5747140000000001	-0.8139	-0.0852707	0.0	-1.05341	-0.729046	-1.33089	0.124998	0.127119	-0.527447	-0.840025	0.0	0.536767	-0.675592	0.505428	0.0	-0.8340989999999999	-0.515147	0.197235	0.0	0.896399	-0.282592	-1.95006	0.343359	
1	0.721698	0.494075	0.48481199999999997	0.0	-0.35057699999999997	-0.343025	0.871453	0.0	0.596865	-0.7988890000000001	-0.07434910000000002	0.0	-1.02268	-0.663166	-1.31407	0.123797	0.126453	-0.52496	-0.8416809999999999	0.0	0.535157	-0.678322	0.503474	0.0	-0.835234	-0.5140979999999999	0.19516	0.0	0.8849049999999999	-0.33058899999999997	-1.97243	0.342897	
1	0.708789	0.5125930000000001	0.48463	0.0	-0.348596	-0.342746	0.8723569999999999	0.0	0.613269	-0.787257	-0.0642467	0.0	-0.9839110000000001	-0.6130770000000001	-1.27817	0.123925	0.124323	-0.524101	-0.842533	0.0	0.528118	-0.683905	0.503354	0.0	-0.8400209999999999	-0.507536	0.191762	0.0	0.8455969999999999	-0.361439	-1.9863400000000002	0.343246	
1	0.701318	0.521189	0.486329	0.0	-0.348621	-0.344314	0.8717290000000001	0.0	0.621785	-0.780904	-0.0597761	0.0	-0.963799	-0.5931770000000001	-1.26084	0.123938	0.120476	-0.52145	-0.844734	0.0	0.526475	-0.687847	0.499691	0.0	-0.841612	-0.5049319999999999	0.191661	0.0	0.802395	-0.360721	-1.9957799999999999	0.3428	
1	0.69352	0.529609	0.48841	0.0	-0.34877800000000003	-0.34638	0.8708469999999999	0.0	0.630384	-0.774297	-0.05550549999999999	0.0	-0.9370350000000001	-0.586527	-1.25409	0.123522	0.11950999999999999	-0.519633	-0.8459899999999999	0.0	0.5248149999999999	-0.6902550000000001	0.49811400000000006	0.0	-0.842785	-0.503518	0.190219	0.0	0.789555	-0.36186	-2.00696	0.342147	
1	0.6846369999999999	0.538462	0.491255	0.0	-0.350963	-0.347172	0.8696530000000001	0.0	0.638825	-0.767809	-0.0487062	0.0	-0.913482	-0.5788369999999999	-1.23994	0.12356400000000001	0.120457	-0.540982	-0.832363	0.0	0.530778	-0.673459	0.514517	0.0	-0.838907	-0.503778	0.20601799999999998	0.0	0.776149	-0.360388	-2.0451099999999998	0.31258	
1	0.682852	0.543003	0.488734	0.0	-0.341531	-0.354109	0.870611	0.0	0.645809	-0.761416	-0.0563515	0.0	-0.9469209999999999	-0.5580069999999999	-1.22967	0.125915	0.101559	-0.596634	-0.796061	0.0	0.565064	-0.623989	0.539759	0.0	-0.818772	-0.5046430000000001	0.27376500000000004	0.0	0.7817609999999999	-0.38506799999999997	-2.0910900000000003	0.230569	
1	0.677679	0.544287	0.494472	0.0	-0.341684	-0.36236199999999996	0.8671479999999999	0.0	0.6511560000000001	-0.756601	-0.0595915	0.0	-0.9107860000000001	-0.571421	-1.2038799999999998	0.122709	0.0785208	-0.586938	-0.805815	0.0	0.597213	-0.619522	0.50944	0.0	-0.79823	-0.521245	0.30188200000000004	0.0	0.802295	-0.383998	-2.0944	0.22998000000000002	
1	0.6766310000000001	0.54373	0.496516	0.0	-0.34377800000000003	-0.363032	0.8660399999999999	0.0	0.651143	-0.756681	-0.0587159	0.0	-0.891476	-0.579465	-1.1974200000000002	0.12214100000000001	0.0858207	-0.590217	-0.80267	0.0	0.604688	-0.609434	0.51278	0.0	-0.791826	-0.5293720000000001	0.304595	0.0	0.815705	-0.383486	-2.09176	0.229971	
1	0.6771739999999999	0.5424720000000001	0.497151	0.0	-0.34331500000000004	-0.364664	0.8655379999999999	0.0	0.6508229999999999	-0.756799	-0.0607024	0.0	-0.88297	-0.58099	-1.21386	0.12211400000000001	0.08838610000000001	-0.5889949999999999	-0.803289	0.0	0.6057	-0.608437	0.5127689999999999	0.0	-0.7907689999999999	-0.531874	0.302976	0.0	0.823342	-0.381467	-2.10733	0.22996	
1	0.676692	0.541983	0.49833999999999995	0.0	-0.343522	-0.366246	0.8647870000000001	0.0	0.651215	-0.7563850000000001	-0.06165269999999999	0.0	-0.8726889999999999	-0.576652	-1.2405	0.12204100000000001	0.09033279999999999	-0.589537	-0.802675	0.0	0.605689	-0.60726	0.514175	0.0	-0.790558	-0.532618	0.30222	0.0	0.834564	-0.375602	-2.1337	0.22996599999999998	
1	0.674491	0.543104	0.5001	0.0	-0.343358	-0.36890700000000004	0.863721	0.0	0.6535810000000001	-0.754285	-0.0623451	0.0	-0.8546600000000001	-0.5672699999999999	-1.2670000000000001	0.122333	0.0910465	-0.5824239999999999	-0.807771	0.0	0.599847	-0.615404	0.511333	0.0	-0.794918	-0.531094	0.293335	0.0	0.8621	-0.364342	-2.14728	0.229973	
1	0.670277	0.5444869999999999	0.5042439999999999	0.0	-0.343495	-0.374677	0.8611780000000001	0.0	0.65783	-0.750433	-0.064109	0.0	-0.8482930000000001	-0.556426	-1.27338	0.122787	0.0917467	-0.5768770000000001	-0.811662	0.0	0.594537	-0.6221399999999999	0.50938	0.0	-0.798817	-0.529297	0.28589499999999995	0.0	0.8766709999999999	-0.352644	-2.1444099999999997	0.230004	
1	0.650954	0.569865	0.5015109999999999	0.0	-0.316718	-0.396522	0.861662	0.0	0.689891	-0.719739	-0.0776307	0.0	-0.8618129999999999	-0.522844	-1.3098100000000001	0.122814	0.0906189	-0.570408	-0.816347	0.0	0.576328	-0.638473	0.510097	0.0	-0.812179	-0.516708	0.270884	0.0	0.9115840000000001	-0.303963	-2.17124	0.230054	
