0	0.593133	0.516197	-0.617847	0.0	0.686771	0.07609989999999998	0.72288	0.0	0.420166	-0.853082	-0.309372	0.0	-2.73968	2.0	1.46191	0.0	-0.593133	0.516197	-0.617846	0.0	0.7500560000000001	0.07539560000000001	-0.6570630000000001	0.0	-0.292591	-0.853145	-0.43189700000000003	0.0	2.66032	2.0	1.53809	0.0	
0	-0.036930300000000006	0.722118	-0.690783	0.0	0.202694	0.682299	0.7024130000000001	0.0	0.9785459999999999	-0.114077	-0.171566	0.0	-2.7534400000000003	1.9539400000000002	1.37362	0.00923705	0.11281	0.671565	-0.732308	0.0	0.291024	-0.727023	-0.6218859999999999	0.0	-0.950041	-0.142965	-0.277457	0.0	2.6821	1.98712	1.55874	4.2499999999999996e-05	
0	-0.144954	0.6774899999999999	-0.7211069999999999	0.0	0.0430462	0.732432	0.679478	0.0	0.988502	0.0674519	-0.13533199999999998	0.0	-2.84653	1.8994400000000002	1.49329	0.0	0.155421	0.62793	-0.7625930000000001	0.0	0.219989	-0.7745890000000001	-0.592973	0.0	-0.963042	-0.07560130000000001	-0.258525	0.0	2.74608	1.89442	1.62649	0.0	
0	-0.16345	0.684774	-0.7101890000000001	0.0	0.04864980000000001	0.724589	0.687462	0.0	0.985351	0.07781510000000001	-0.151748	0.0	-2.8736599999999997	1.9156	1.47105	0.0	0.190486	0.687807	-0.700455	0.0	0.167455	-0.725828	-0.667183	0.0	-0.967302	0.00979486	-0.25343699999999997	0.0	2.74618	1.93554	1.58875	0.044914499999999996	
0	-0.268018	0.7450859999999999	-0.610749	0.0	0.10691800000000001	0.65303	0.749747	0.0	0.957463	0.13564600000000002	-0.254687	0.0	-2.8738799999999998	2.1225099999999997	1.36084	0.191842	0.229502	0.791305	-0.566714	0.0	0.20761	-0.6086560000000001	-0.765792	0.0	-0.950909	0.0580952	-0.30396999999999996	0.0	2.77021	2.10889	1.4243	0.35044200000000003	
0	-0.310712	0.801904	-0.510302	0.0	0.147521	0.5710529999999999	0.807549	0.0	0.9389870000000001	0.17563499999999999	-0.295731	0.0	-2.88575	2.36206	1.2289700000000001	0.34484000000000004	0.20060999999999998	0.82729	-0.5247350000000001	0.0	0.261219	-0.561403	-0.785234	0.0	-0.944204	0.0204549	-0.328727	0.0	2.81088	2.1040099999999997	1.3078	0.35200000000000004	
0	-0.28876199999999996	0.831247	-0.475021	0.0	0.180288	0.534492	0.8257209999999999	0.0	0.9402729999999999	0.15279600000000002	-0.304205	0.0	-2.9122	2.38728	1.20846	0.34405	0.197704	0.83001	-0.521534	0.0	0.268348	-0.557538	-0.785583	0.0	-0.942816	0.015360399999999998	-0.332959	0.0	2.82833	2.10973	1.28946	0.35216	
0	-0.19927	0.8927639999999999	-0.404059	0.0	0.271154	0.44646199999999997	0.8527290000000001	0.0	0.941683	0.0603614	-0.331043	0.0	-2.9545	2.38636	1.19175	0.343387	0.196421	0.8320350000000001	-0.518784	0.0	0.274328	-0.5545939999999999	-0.785602	0.0	-0.941362	0.0119919	-0.337185	0.0	2.85109	2.12005	1.2770700000000001	0.35225300000000004	
0	-0.06971469999999999	0.9364879999999999	-0.343702	0.0	0.330345	0.346773	0.87785	0.0	0.941282	-0.052341399999999996	-0.333539	0.0	-2.95953	2.3384099999999997	1.18956	0.343767	0.194949	0.8331870000000001	-0.5174890000000001	0.0	0.278767	-0.552921	-0.7852180000000001	0.0	-0.940364	0.00881884	-0.340057	0.0	2.84357	2.1131900000000003	1.27254	0.352083	
0	0.135728	0.95234	-0.27317800000000003	0.0	0.35335700000000003	0.211065	0.9113680000000001	0.0	0.9255899999999999	-0.220228	-0.307868	0.0	-2.92902	2.2915	1.25124	0.34538	0.19128	0.831508	-0.5215420000000001	0.0	0.281435	-0.555505	-0.782438	0.0	-0.9403229999999999	0.00288469	-0.340273	0.0	2.83807	2.09891	1.27268	0.35223699999999997	
0	0.352104	0.9199649999999999	-0.172299	0.0	0.330534	0.050006199999999994	0.9424680000000001	0.0	0.875654	-0.388798	-0.286472	0.0	-2.86547	2.29782	1.32879	0.346493	0.187908	0.8305540000000001	-0.524281	0.0	0.28389899999999996	-0.556934	-0.7805300000000001	0.0	-0.940262	-0.00217488	-0.340446	0.0	2.82877	2.0846400000000003	1.27777	0.352182	
0	0.469459	0.8768370000000001	-0.10375999999999999	0.0	0.288306	-0.041154	0.9566540000000001	0.0	0.834559	-0.479024	-0.27211799999999997	0.0	-2.8505700000000003	2.30208	1.32619	0.347217	0.185155	0.828548	-0.528419	0.0	0.286966	-0.559865	-0.777304	0.0	-0.939876	-0.00771639	-0.341427	0.0	2.8183599999999998	2.07924	1.28098	0.352041	
0	0.578449	0.815321	-0.0254573	0.0	0.213448	-0.12116800000000001	0.969411	0.0	0.787297	-0.566189	-0.24411799999999997	0.0	-2.8437	2.2402599999999997	1.27482	0.34809	0.183166	0.8278639999999999	-0.530181	0.0	0.28818299999999997	-0.560829	-0.776158	0.0	-0.939894	-0.0106236	-0.341301	0.0	2.81599	2.0786599999999997	1.28799	0.351945	
0	0.679821	0.7325010000000001	0.0358549	0.0	0.137298	-0.175145	0.974922	0.0	0.7204109999999999	-0.65785	-0.219638	0.0	-2.85882	2.10514	1.20354	0.348523	0.179393	0.826241	-0.533989	0.0	0.290997	-0.563072	-0.7734800000000001	0.0	-0.9397549999999999	-0.016632499999999998	-0.341445	0.0	2.8151900000000003	2.0702	1.29419	0.351997	
0	0.72527	0.684753	0.0713913	0.0	0.0853822	-0.192358	0.9776030000000001	0.0	0.68315	-0.7029310000000001	-0.197977	0.0	-2.88672	1.98167	1.0822100000000001	0.348696	0.173779	0.822945	-0.54089	0.0	0.295504	-0.567512	-0.76851	0.0	-0.9394030000000001	-0.0262844	-0.341805	0.0	2.81335	2.05793	1.3044200000000001	0.351985	
0	0.813427	0.5712510000000001	0.10959	0.0	0.011518	-0.204188	0.978864	0.0	0.581554	-0.794972	-0.172672	0.0	-2.9174700000000002	1.6889599999999998	0.8629370000000001	0.349697	0.168043	0.8206700000000001	-0.546134	0.0	0.299577	-0.5703239999999999	-0.764843	0.0	-0.939157	-0.035082	-0.34169299999999997	0.0	2.79949	2.02449	1.31599	0.35193800000000003	
0	0.840116	0.528287	0.122954	0.0	-0.016469499999999998	-0.201732	0.979302	0.0	0.5421560000000001	-0.8247530000000001	-0.160778	0.0	-2.94244	1.53136	0.745979	0.350087	0.166489	0.820182	-0.547342	0.0	0.300981	-0.570869	-0.763884	0.0	-0.9389850000000001	-0.0375606	-0.341903	0.0	2.79833	2.01525	1.3169600000000001	0.351948	
0	0.8612280000000001	0.48684099999999997	0.14585	0.0	-0.055996699999999996	-0.19433599999999998	0.9793360000000001	0.0	0.505125	-0.851598	-0.140106	0.0	-2.95418	1.3263	0.551455	0.350653	0.163802	0.819594	-0.549031	0.0	0.303647	-0.571416	-0.762419	0.0	-0.938599	-0.04182569999999999	-0.342466	0.0	2.79947	2.0066900000000003	1.31444	0.351806	
0	0.8776450000000001	0.444986	0.178119	0.0	-0.100983	-0.191609	0.9762629999999999	0.0	0.468552	-0.874799	-0.12322899999999999	0.0	-2.91297	1.11077	0.32231	0.351468	0.161028	0.81745	-0.553034	0.0	0.305197	-0.574125	-0.75976	0.0	-0.9385760000000001	-0.046441500000000004	-0.341933	0.0	2.79106	2.0028200000000003	1.31608	0.3518	
0	0.897021	0.39616999999999997	0.195963	0.0	-0.13755699999999998	-0.17111300000000002	0.9756020000000001	0.0	0.42003599999999996	-0.902092	-0.0989961	0.0	-2.87355	0.868207	0.09298839999999998	0.351761	0.155171	0.816042	-0.556774	0.0	0.30896399999999996	-0.575415	-0.757257	0.0	-0.9383299999999999	-0.054519200000000004	-0.341416	0.0	2.78479	1.9953299999999998	1.32156	0.351669	
0	0.89917	0.38458000000000003	0.208786	0.0	-0.164345	-0.14541099999999998	0.975626	0.0	0.405566	-0.911567	-0.0675456	0.0	-2.83281	0.662091	-0.023505500000000002	0.351432	0.15290399999999998	0.815467	-0.558243	0.0	0.31059200000000003	-0.575916	-0.75621	0.0	-0.9381649999999999	-0.05775790000000001	-0.34133800000000003	0.0	2.78057	1.9902799999999998	1.3295	0.351621	
0	0.904673	0.36757	0.21554299999999998	0.0	-0.182293	-0.12335299999999999	0.975476	0.0	0.385144	-0.9217790000000001	-0.0445889	0.0	-2.77333	0.45233100000000004	-0.149453	0.35131799999999996	0.151295	0.8155720000000001	-0.558527	0.0	0.31182600000000005	-0.575559	-0.7559739999999999	0.0	-0.938016	-0.059787900000000005	-0.341396	0.0	2.77945	1.9845099999999998	1.32986	0.351547	
0	0.910552	0.35152100000000003	0.217552	0.0	-0.19378599999999999	-0.101904	0.9757370000000001	0.0	0.365161	-0.9306180000000001	-0.0246686	0.0	-2.73597	0.249111	-0.28520300000000004	0.351153	0.146905	0.814289	-0.561563	0.0	0.315004	-0.576678	-0.7538	0.0	-0.937652	-0.0661573	-0.341221	0.0	2.7654400000000003	1.98095	1.3358299999999999	0.351635	
0	0.913091	0.34471199999999996	0.21780300000000002	0.0	-0.196725	-0.095456	0.975801	0.0	0.357161	-0.933843	-0.019346900000000004	0.0	-2.73733	0.175554	-0.33570700000000003	0.351198	0.145573	0.813599	-0.562908	0.0	0.315456	-0.577442	-0.753026	0.0	-0.937708	-0.0679526	-0.340715	0.0	2.75713	1.9779099999999998	1.33645	0.351416	
0	0.923464	0.31635599999999997	0.21710300000000002	0.0	-0.20492600000000002	-0.0716989	0.9761479999999999	0.0	0.324376	-0.9459270000000001	-0.00138167	0.0	-2.74034	-0.0999179	-0.5207609999999999	0.351694	0.142395	0.813534	-0.563814	0.0	0.317984	-0.577023	-0.7522840000000001	0.0	-0.937342	-0.0721623	-0.340856	0.0	2.7450900000000003	1.97685	1.34023	0.35139000000000004	
0	0.928372	0.29587800000000003	0.224904	0.0	-0.21683000000000002	-0.0602825	0.9743459999999999	0.0	0.301846	-0.9533219999999999	0.00819072	0.0	-2.74401	-0.270922	-0.5943189999999999	0.351558	0.13916800000000001	0.812561	-0.5660189999999999	0.0	0.32069699999999995	-0.57776	-0.750564	0.0	-0.936902	-0.077066	-0.340992	0.0	2.7471	1.96587	1.34142	0.351408	
0	0.928743	0.29228000000000004	0.228054	0.0	-0.22177199999999997	-0.054923900000000005	0.97355	0.0	0.297075	-0.9547540000000001	0.013809299999999998	0.0	-2.70758	-0.366197	-0.605683	0.351302	0.137152	0.811528	-0.5679890000000001	0.0	0.321664	-0.578821	-0.749332	0.0	-0.936868	-0.0799295	-0.340426	0.0	2.74097	1.9640400000000002	1.3482100000000001	0.351242	
0	0.9276110000000001	0.294686	0.22955799999999998	0.0	-0.223919	-0.053227699999999996	0.973153	0.0	0.298994	-0.954111	0.0166112	0.0	-2.66329	-0.401403	-0.613772	0.350794	0.133148	0.809476	-0.571857	0.0	0.324376	-0.580808	-0.746621	0.0	-0.9365110000000001	-0.08608510000000001	-0.339908	0.0	2.73622	1.95208	1.3705100000000001	0.351141	
0	0.9276719999999999	0.294543	0.22949699999999998	0.0	-0.223742	-0.0535808	0.973175	0.0	0.29893800000000004	-0.9541350000000001	0.0161962	0.0	-2.66465	-0.40068400000000004	-0.613592	0.35095	0.133528	0.8096909999999999	-0.571463	0.0	0.324191	-0.580589	-0.746871	0.0	-0.93652	-0.08553469999999999	-0.34002	0.0	2.73556	1.95115	1.37113	0.351135	
0	0.927673	0.294541	0.22949699999999998	0.0	-0.223741	-0.0535834	0.973175	0.0	0.298937	-0.9541350000000001	0.0161932	0.0	-2.66471	-0.400645	-0.613591	0.35095	0.133535	0.809696	-0.571455	0.0	0.32419000000000003	-0.580584	-0.746876	0.0	-0.93652	-0.08552589999999999	-0.340024	0.0	2.73558	1.9511900000000002	1.3710799999999999	0.351134	
0	0.927673	0.294541	0.22949699999999998	0.0	-0.223741	-0.0535834	0.973175	0.0	0.298937	-0.9541350000000001	0.0161932	0.0	-2.66471	-0.400645	-0.613591	0.35095	0.133535	0.809696	-0.571455	0.0	0.32419000000000003	-0.580584	-0.746876	0.0	-0.93652	-0.0855258	-0.340024	0.0	2.73558	1.9511900000000002	1.3710799999999999	0.351135	
0	0.927673	0.294541	0.22949699999999998	0.0	-0.223741	-0.0535834	0.973175	0.0	0.298937	-0.9541350000000001	0.0161932	0.0	-2.66471	-0.400645	-0.613591	0.35095	0.133535	0.809696	-0.571455	0.0	0.32419000000000003	-0.580584	-0.746876	0.0	-0.93652	-0.0855257	-0.340025	0.0	2.73558	1.9511900000000002	1.3710799999999999	0.351134	
0	0.927673	0.294541	0.22949699999999998	0.0	-0.223741	-0.0535834	0.973175	0.0	0.298937	-0.9541350000000001	0.0161932	0.0	-2.66471	-0.400645	-0.613591	0.35095	0.133536	0.809696	-0.571455	0.0	0.32419000000000003	-0.580584	-0.746875	0.0	-0.93652	-0.0855257	-0.340024	0.0	2.73558	1.9511900000000002	1.3710799999999999	0.351134	
0	0.927673	0.294541	0.22949699999999998	0.0	-0.223741	-0.0535834	0.973175	0.0	0.298937	-0.9541350000000001	0.0161932	0.0	-2.66471	-0.400645	-0.613591	0.35095	0.133535	0.809696	-0.571455	0.0	0.32419000000000003	-0.580584	-0.746876	0.0	-0.93652	-0.0855257	-0.340024	0.0	2.73558	1.9511900000000002	1.3710799999999999	0.351135	
0	0.927673	0.294541	0.22949699999999998	0.0	-0.223741	-0.0535834	0.973175	0.0	0.298937	-0.9541350000000001	0.0161932	0.0	-2.66471	-0.400645	-0.613591	0.35095	0.133535	0.809696	-0.571455	0.0	0.32419000000000003	-0.580584	-0.746875	0.0	-0.93652	-0.0855258	-0.340024	0.0	2.73558	1.9511900000000002	1.3710799999999999	0.351134	
0	0.927673	0.294541	0.22949699999999998	0.0	-0.223741	-0.0535834	0.973175	0.0	0.298937	-0.9541350000000001	0.0161932	0.0	-2.66471	-0.400645	-0.613591	0.35095	0.133535	0.809696	-0.571455	0.0	0.32419000000000003	-0.580584	-0.746876	0.0	-0.93652	-0.0855258	-0.340024	0.0	2.73558	1.9511900000000002	1.3710799999999999	0.351134	
0	0.75002	0.648331	-0.130908	0.0	0.21523499999999998	-0.0520918	0.9751719999999999	0.0	0.625414	-0.759575	-0.17861300000000002	0.0	-2.71001	-0.319384	-0.606323	0.348621	0.0973747	0.801888	-0.589487	0.0	0.350706	-0.581956	-0.733712	0.0	-0.931409	-0.135292	-0.337895	0.0	2.69972	1.9746599999999999	1.40466	0.35022	
0	0.7581600000000001	0.644737	-0.0975038	0.0	0.1831	-0.0669831	0.9808100000000001	0.0	0.625834	-0.761464	-0.16883499999999999	0.0	-2.74419	-0.320015	-0.5811149999999999	0.349221	0.0946202	0.80187	-0.589959	0.0	0.354126	-0.580967	-0.7328520000000001	0.0	-0.930399	-0.139577	-0.338934	0.0	2.7004599999999996	1.96802	1.40171	0.350252	
0	0.790133	0.609665	-0.0632303	0.0	0.134228	-0.0714541	0.9883709999999999	0.0	0.598057	-0.789432	-0.138292	0.0	-2.6054	-0.529199	-0.64358	0.349717	0.0930136	0.801458	-0.590773	0.0	0.354098	-0.581182	-0.732696	0.0	-0.930572	-0.141041	-0.337852	0.0	2.7029900000000002	1.96265	1.4006299999999998	0.350238	
0	0.818338	0.572287	-0.0530166	0.0	0.10548199999999999	-0.058872	0.992677	0.0	0.564975	-0.817938	-0.108543	0.0	-2.47511	-0.853981	-0.764336	0.349382	0.0911857	0.802034	-0.590277	0.0	0.357908	-0.579535	-0.7321479999999999	0.0	-0.9292940000000001	-0.144504	-0.3399	0.0	2.70262	1.95921	1.40283	0.350089	
0	0.825133	0.557796	-0.08955039999999999	0.0	0.102676	0.00780389	0.994684	0.0	0.555529	-0.829942	-0.050832999999999996	0.0	-2.3303599999999998	-1.21214	-0.9020309999999999	0.349099	0.0910783	0.8015939999999999	-0.5908909999999999	0.0	0.35754400000000003	-0.580116	-0.731866	0.0	-0.9294450000000001	-0.144612	-0.339441	0.0	2.7016400000000003	1.95793	1.40525	0.350088	
0	0.8642040000000001	0.490588	-0.111694	0.0	0.10553399999999999	0.04031130000000001	0.993598	0.0	0.49195	-0.870459	-0.016936700000000002	0.0	-2.19312	-1.5443799999999999	-1.00104	0.34785	0.0872643	0.801542	-0.591536	0.0	0.359806	-0.5790770000000001	-0.73158	0.0	-0.9289370000000001	-0.148997	-0.338933	0.0	2.7010099999999997	1.95347	1.4078899999999999	0.349933	
0	0.907377	0.395453	-0.142424	0.0	0.124885	0.0698942	0.989706	0.0	0.401336	-0.9158229999999999	0.0140341	0.0	-2.14371	-1.92127	-1.13953	0.34619	0.0863389	0.8015260000000001	-0.5916939999999999	0.0	0.361114	-0.578702	-0.731233	0.0	-0.928516	-0.150535	-0.339406	0.0	2.70328	1.9475799999999999	1.40351	0.349902	
0	0.936491	0.302496	-0.177429	0.0	0.156804	0.0913652	0.983395	0.0	0.313684	-0.9487620000000001	0.038130199999999996	0.0	-2.13236	-2.25618	-1.30616	0.346199	0.08640410000000001	0.8019350000000001	-0.5911310000000001	0.0	0.3608	-0.57826	-0.731737	0.0	-0.928632	-0.150055	-0.339302	0.0	2.70315	1.94799	1.40602	0.349842	
0	0.946843	0.17993399999999998	-0.266669	0.0	0.2494	0.11301199999999999	0.961784	0.0	0.203194	-0.977165	0.0621294	0.0	-2.1731599999999998	-2.53275	-1.41908	0.346166	0.085691	0.801397	-0.591963	0.0	0.360713	-0.578797	-0.731356	0.0	-0.928732	-0.150858	-0.338672	0.0	2.70083	1.93907	1.4042700000000001	0.349846	
0	0.938082	0.052248699999999995	-0.342451	0.0	0.33424699999999996	0.123181	0.934401	0.0	0.0910048	-0.991008	0.0980898	0.0	-2.27545	-2.8015	-1.50383	0.346381	0.0850365	0.801759	-0.591567	0.0	0.36152399999999996	-0.5780850000000001	-0.731518	0.0	-0.928477	-0.15166	-0.339014	0.0	2.6946	1.93595	1.40645	0.34984	
0	0.9051100000000001	-0.041282	-0.42316800000000004	0.0	0.424979	0.118202	0.8974530000000001	0.0	0.0129707	-0.992131	0.12453	0.0	-2.37323	-2.98382	-1.55787	0.34678600000000004	0.0850967	0.802002	-0.591229	0.0	0.36159600000000003	-0.577785	-0.731719	0.0	-0.928443	-0.15151900000000001	-0.33916799999999997	0.0	2.69667	1.9332599999999998	1.40618	0.349783	
0	0.877223	-0.0957635	-0.47043500000000005	0.0	0.478821	0.10351600000000001	0.8717879999999999	0.0	-0.034788099999999995	-0.990007	0.13666	0.0	-2.4458900000000003	-3.0867	-1.62998	0.34684499999999996	0.08482560000000001	0.801816	-0.591521	0.0	0.361686	-0.577946	-0.731548	0.0	-0.928433	-0.15189	-0.33903	0.0	2.69354	1.93471	1.40847	0.349777	
0	0.840966	-0.141876	-0.5221560000000001	0.0	0.536569	0.0942058	0.8385819999999999	0.0	-0.0697842	-0.985391	0.15535	0.0	-2.48673	-3.15612	-1.6458	0.346425	0.08460219999999999	0.80173	-0.591669	0.0	0.361638	-0.578015	-0.731517	0.0	-0.928472	-0.152082	-0.338837	0.0	2.69345	1.93363	1.4122	0.349721	
0	0.8248540000000001	-0.15025	-0.5450149999999999	0.0	0.561527	0.105875	0.820657	0.0	-0.06559989999999999	-0.9829629999999999	0.171701	0.0	-2.48009	-3.23905	-1.6508099999999999	0.346893	0.0842383	0.801362	-0.5922189999999999	0.0	0.361739	-0.578379	-0.731179	0.0	-0.928466	-0.152635	-0.33860500000000004	0.0	2.6938299999999997	1.93144	1.4169999999999998	0.34965799999999997	
0	0.8224809999999999	-0.154908	-0.547292	0.0	0.565344	0.11683699999999998	0.816539	0.0	-0.0625447	-0.9809959999999999	0.183672	0.0	-2.47552	-3.3238300000000005	-1.6843	0.347468	0.08418660000000001	0.801237	-0.592395	0.0	0.36198800000000003	-0.578481	-0.730975	0.0	-0.928374	-0.152902	-0.338738	0.0	2.6934	1.93373	1.4190200000000002	0.34972600000000004	
0	0.823398	-0.154473	-0.546035	0.0	0.5644859999999999	0.124498	0.816	0.0	-0.0580698	-0.9801219999999999	0.189709	0.0	-2.472	-3.3867300000000005	-1.7309900000000003	0.34786	0.08411030000000001	0.801071	-0.592631	0.0	0.361942	-0.578678	-0.730842	0.0	-0.928398	-0.153027	-0.33861399999999997	0.0	2.69211	1.9358099999999998	1.42087	0.349727	
0	0.826416	-0.155528	-0.541154	0.0	0.561233	0.15016	0.813922	0.0	-0.0453275	-0.976352	0.21138200000000001	0.0	-2.44824	-3.5382599999999997	-1.7498200000000002	0.348909	0.083945	0.801125	-0.592581	0.0	0.36200000000000004	-0.5785680000000001	-0.7309	0.0	-0.928391	-0.153159	-0.338575	0.0	2.69196	1.93396	1.42003	0.349733	
0	0.8321280000000001	-0.15289	-0.533093	0.0	0.553561	0.17063	0.815141	0.0	-0.033665	-0.9734010000000001	0.22662	0.0	-2.4355	-3.60445	-1.76627	0.350646	0.0837599	0.80109	-0.592654	0.0	0.36246799999999996	-0.578496	-0.730726	0.0	-0.928225	-0.153612	-0.33882399999999996	0.0	2.69204	1.93249	1.41939	0.349637	
0	0.84791	-0.144342	-0.510112	0.0	0.52952	0.184078	0.828084	0.0	-0.025626999999999997	-0.9722559999999999	0.232514	0.0	-2.45004	-3.60224	-1.7663200000000001	0.352511	0.08364289999999999	0.8012630000000001	-0.592437	0.0	0.362727	-0.578216	-0.7308180000000001	0.0	-0.928134	-0.153765	-0.33900399999999997	0.0	2.69635	1.9328900000000002	1.41835	0.349661	
0	0.856282	-0.144738	-0.49581499999999995	0.0	0.5158159999999999	0.189905	0.8353860000000001	0.0	-0.0267541	-0.971075	0.23726999999999998	0.0	-2.45399	-3.60143	-1.76862	0.35268499999999997	0.08346519999999999	0.801184	-0.592569	0.0	0.362612	-0.5782970000000001	-0.730811	0.0	-0.9281950000000001	-0.153875	-0.33878600000000003	0.0	2.69881	1.93145	1.41751	0.349734	
0	0.8604629999999999	-0.15212	-0.486275	0.0	0.508474	0.195428	0.838607	0.0	-0.0325374	-0.9688479999999999	0.245508	0.0	-2.45028	-3.60135	-1.77068	0.353445	0.08354860000000001	0.801299	-0.5924020000000001	0.0	0.363219	-0.578072	-0.730689	0.0	-0.927951	-0.154123	-0.339344	0.0	2.70033	1.93367	1.4176600000000001	0.349528	
0	0.863353	-0.168097	-0.475779	0.0	0.502158	0.19353900000000002	0.842841	0.0	-0.0495975	-0.966585	0.251504	0.0	-2.46259	-3.5949400000000002	-1.8231099999999998	0.290107	0.08347539999999999	0.8013060000000001	-0.5924020000000001	0.0	0.36277800000000004	-0.57812	-0.730869	0.0	-0.9281290000000001	-0.153901	-0.338955	0.0	2.70238	1.9334900000000002	1.4184700000000001	0.349674	
0	0.8682770000000001	-0.213748	-0.447669	0.0	0.486494	0.19034600000000002	0.8526969999999999	0.0	-0.0970509	-0.9581649999999999	0.26926	0.0	-2.45004	-3.58649	-1.8782400000000001	0.149431	0.08315039999999999	0.8015979999999999	-0.5920529999999999	0.0	0.363131	-0.577635	-0.7310770000000001	0.0	-0.9280200000000001	-0.154204	-0.339116	0.0	2.7008099999999997	1.9383599999999999	1.4196799999999998	0.349594	
0	0.877252	-0.22888200000000003	-0.421951	0.0	0.46724799999999994	0.20564000000000002	0.8598790000000001	0.0	-0.11004100000000001	-0.951486	0.28734299999999996	0.0	-2.4494599999999997	-3.57945	-1.8828799999999999	0.149152	0.0830975	0.801581	-0.592084	0.0	0.363271	-0.5776220000000001	-0.7310180000000001	0.0	-0.9279700000000001	-0.154341	-0.33919	0.0	2.7008799999999997	1.9377900000000001	1.41737	0.349602	
0	0.880396	-0.2246	-0.417681	0.0	0.461323	0.201451	0.864059	0.0	-0.109925	-0.9534	0.28097	0.0	-2.45263	-3.58112	-1.8811400000000003	0.149176	0.0832288	0.801791	-0.591781	0.0	0.363533	-0.577346	-0.731106	0.0	-0.9278559999999999	-0.154283	-0.33953	0.0	2.70312	1.93543	1.41414	0.349587	
0	0.882182	-0.22001300000000001	-0.416353	0.0	0.457796	0.19348800000000002	0.8677469999999999	0.0	-0.110356	-0.9561149999999999	0.271413	0.0	-2.45588	-3.5836099999999997	-1.87864	0.149256	0.08294800000000001	0.8017810000000001	-0.591834	0.0	0.36344099999999996	-0.5773159999999999	-0.731175	0.0	-0.927917	-0.154447	-0.339287	0.0	2.7048	1.93455	1.41635	0.34967600000000004	
0	0.8814209999999999	-0.213205	-0.421475	0.0	0.46012299999999995	0.18600799999999998	0.868152	0.0	-0.106696	-0.9591379999999999	0.262052	0.0	-2.46199	-3.58675	-1.8751799999999998	0.149378	0.0828578	0.8019430000000001	-0.591627	0.0	0.363806	-0.577037	-0.731214	0.0	-0.927782	-0.154651	-0.339564	0.0	2.70223	1.9367299999999998	1.41754	0.349588	
0	0.8781469999999999	-0.20310699999999998	-0.43313500000000005	0.0	0.46588100000000005	0.157374	0.87074	0.0	-0.10868900000000001	-0.966427	0.232821	0.0	-2.46693	-3.58589	-1.8639599999999998	0.149412	0.0828778	0.801756	-0.5918770000000001	0.0	0.36339699999999997	-0.577339	-0.731179	0.0	-0.927941	-0.15448800000000001	-0.339204	0.0	2.70356	1.9356900000000001	1.41683	0.3496	
0	0.8707530000000001	-0.184372	-0.455847	0.0	0.48229099999999997	0.13955	0.8648239999999999	0.0	-0.09583580000000001	-0.972899	0.210434	0.0	-2.47032	-3.57796	-1.86621	0.149248	0.08247869999999999	0.801859	-0.591793	0.0	0.364238	-0.5769890000000001	-0.731036	0.0	-0.9276469999999999	-0.15525899999999998	-0.33965700000000004	0.0	2.70207	1.93347	1.41716	0.349605	
0	0.8675350000000001	-0.165779	-0.46893500000000005	0.0	0.490832	0.132913	0.861057	0.0	-0.08041749999999999	-0.977165	0.196676	0.0	-2.44889	-3.4632699999999996	-1.8773	0.149334	0.0827721	0.80196	-0.591615	0.0	0.36403800000000003	-0.576959	-0.73116	0.0	-0.9276989999999999	-0.154851	-0.3397	0.0	2.70323	1.9383599999999999	1.41782	0.349664	
0	0.864877	-0.135095	-0.48346300000000003	0.0	0.49649499999999996	0.08818430000000001	0.863549	0.0	-0.0740275	-0.986901	0.143343	0.0	-2.4310099999999997	-3.17728	-1.8793400000000002	0.149327	0.0824816	0.801635	-0.592097	0.0	0.364116	-0.577288	-0.730862	0.0	-0.927694	-0.155309	-0.339504	0.0	2.7013599999999998	1.93629	1.4156600000000001	0.349715	
0	0.8657870000000001	-0.095676	-0.49118100000000003	0.0	0.497537	0.0595201	0.865398	0.0	-0.0535627	-0.9936309999999999	0.0991341	0.0	-2.38634	-2.88666	-1.84752	0.14918900000000002	0.0823807	0.801693	-0.592032	0.0	0.364613	-0.577112	-0.730753	0.0	-0.927508	-0.15566300000000002	-0.339851	0.0	2.69375	1.93242	1.4142299999999999	0.349599	
0	0.865273	-0.0691388	-0.496511	0.0	0.499385	0.0323556	0.865776	0.0	-0.0437937	-0.997082	0.0625233	0.0	-2.34223	-2.62395	-1.80089	0.149197	0.0822768	0.8016439999999999	-0.592113	0.0	0.364553	-0.5771609999999999	-0.730744	0.0	-0.927541	-0.15573299999999998	-0.33972800000000003	0.0	2.6916599999999997	1.9349299999999998	1.41802	0.349599	
0	0.861843	-0.0440125	-0.505261	0.0	0.505663	-0.0022781999999999998	0.862728	0.0	-0.0391219	-0.999028	0.0202921	0.0	-2.3157799999999997	-2.31282	-1.7533400000000001	0.14919100000000002	0.08241380000000001	0.801716	-0.591997	0.0	0.364487	-0.577112	-0.730816	0.0	-0.9275549999999999	-0.155546	-0.339777	0.0	2.6894	1.9345400000000001	1.41885	0.349588	
0	0.8632719999999999	-0.0120594	-0.504595	0.0	0.50432	-0.020105099999999997	0.863283	0.0	-0.020555599999999997	-0.999725	-0.0112743	0.0	-2.26565	-2.0360099999999997	-1.7237799999999999	0.149221	0.0812821	0.801425	-0.592547	0.0	0.365077	-0.5771350000000001	-0.7305020000000001	0.0	-0.927422	-0.156949	-0.339493	0.0	2.6794700000000002	1.9312200000000002	1.4200700000000002	0.349525	
0	0.8632489999999999	0.0313005	-0.503808	0.0	0.504517	-0.0213202	0.863139	0.0	0.0162754	-0.999283	-0.034196199999999996	0.0	-2.19177	-1.79132	-1.66737	0.149197	0.07843560000000001	0.8016770000000001	-0.59259	0.0	0.36738000000000004	-0.5758300000000001	-0.730377	0.0	-0.926758	-0.160418	-0.339686	0.0	2.67536	1.9304400000000002	1.42459	0.34951	
0	0.8626790000000001	0.101688	-0.49542299999999995	0.0	0.497666	0.00378722	0.867361	0.0	0.0900767	-0.994809	-0.047339599999999996	0.0	-2.15916	-1.63232	-1.6459099999999998	0.149319	0.0733472	0.801183	-0.593907	0.0	0.371044	-0.574684	-0.729427	0.0	-0.9257139999999999	-0.166864	-0.339426	0.0	2.6753099999999996	1.9163	1.4230399999999999	0.349462	
0	0.847899	0.20038399999999998	-0.49083000000000004	0.0	0.49415	0.0366647	0.868603	0.0	0.19205	-0.979031	-0.0679315	0.0	-2.1132400000000002	-1.48532	-1.66488	0.14932	0.059135599999999997	0.7966270000000001	-0.601572	0.0	0.393546	-0.5724239999999999	-0.719342	0.0	-0.917401	-0.194207	-0.34736	0.0	2.68243	1.87653	1.41883	0.349118	
0	0.82094	0.27826799999999996	-0.498623	0.0	0.498144	0.07784239999999999	0.863593	0.0	0.279124	-0.9573440000000001	-0.0747137	0.0	-2.05063	-1.44771	-1.7156900000000002	0.149198	0.0492656	0.785827	-0.616482	0.0	0.43549899999999997	-0.572367	-0.694792	0.0	-0.89884	-0.234248	-0.370425	0.0	2.70677	1.81352	1.38372	0.348853	
0	0.744161	0.376863	-0.551543	0.0	0.501462	0.23031500000000002	0.8339610000000001	0.0	0.44131800000000004	-0.8971790000000001	-0.0175908	0.0	-2.00903	-1.4988700000000001	-1.7504	0.149319	0.09941180000000001	0.749365	-0.654652	0.0	0.462746	-0.617255	-0.636288	0.0	-0.880899	-0.23968299999999998	-0.40812800000000005	0.0	2.7787	1.7781	1.24606	0.34983600000000004	
1	0.625262	0.44447	-0.641478	0.0	0.509026	0.390786	0.7669279999999999	0.0	0.591557	-0.80606	0.0180973	0.0	-1.9328599999999998	-1.4742600000000001	-1.73973	0.14932	0.146735	0.6918920000000001	-0.706933	0.0	0.45920600000000006	-0.680639	-0.570842	0.0	-0.876127	-0.240865	-0.41759399999999997	0.0	2.84839	1.74062	1.10982	0.351018	
1	0.481416	0.49997600000000003	-0.719905	0.0	0.48206499999999997	0.534928	0.6938770000000001	0.0	0.732019	-0.681084	0.0165023	0.0	-1.91897	-1.40757	-1.78843	0.1492	0.15268900000000002	0.627107	-0.763821	0.0	0.45292299999999996	-0.731342	-0.5099020000000001	0.0	-0.8783770000000001	-0.268096	-0.39569899999999997	0.0	2.91379	1.63497	1.0050700000000001	0.351862	
1	0.325046	0.521844	-0.7886850000000001	0.0	0.406504	0.675897	0.614751	0.0	0.853874	-0.520426	0.00756621	0.0	-1.9161099999999998	-1.27424	-1.84096	0.14932	0.177532	0.545736	-0.818936	0.0	0.400121	-0.800297	-0.446575	0.0	-0.8991030000000001	-0.248392	-0.360439	0.0	2.95286	1.62268	0.895782	0.35206	
1	0.19968	0.496093	-0.8449969999999999	0.0	0.318673	0.782605	0.534768	0.0	0.926593	-0.37606	-0.00182056	0.0	-1.90917	-1.14754	-1.9102700000000001	0.14921600000000002	0.179313	0.49305699999999997	-0.851318	0.0	0.391663	-0.8295879999999999	-0.397976	0.0	-0.902467	-0.262067	-0.341868	0.0	2.9618900000000004	1.59612	0.7635890000000001	0.35334499999999996	
1	0.0864799	0.45147	-0.888086	0.0	0.229704	0.8583709999999999	0.458733	0.0	0.969411	-0.243668	-0.0294728	0.0	-1.91281	-1.07231	-1.9993400000000001	0.14932	0.139266	0.466002	-0.8737540000000001	0.0	0.440479	-0.819407	-0.36680999999999997	0.0	-0.8868950000000001	-0.333786	-0.31938099999999997	0.0	2.96211	1.4558799999999998	0.604554	0.35526399999999997	
1	-0.0122687	0.37223	-0.92806	0.0	0.147174	0.918693	0.366527	0.0	0.989035	-0.132089	-0.0660536	0.0	-1.9199599999999999	-1.01244	-2.1076099999999998	0.149321	-0.0315861	0.524831	-0.85062	0.0	0.589254	-0.677639	-0.439983	0.0	-0.80733	-0.515129	-0.287855	0.0	2.97105	1.1946	0.504031	0.356602	
1	-0.0927245	0.262289	-0.9605239999999999	0.0	0.0665846	0.9641540000000001	0.256853	0.0	0.9934629999999999	-0.0401396	-0.10686500000000002	0.0	-1.9356	-0.9880709999999999	-2.2257599999999997	0.149194	-0.17221199999999998	0.5414899999999999	-0.82288	0.0	0.650415	-0.564867	-0.507825	0.0	-0.739799	-0.622667	-0.254916	0.0	2.9635700000000003	0.955717	0.39509299999999997	0.35746300000000003	
1	-0.1608	0.12276199999999998	-0.9793229999999999	0.0	-0.0386589	0.99069	0.13053399999999998	0.0	0.9862299999999999	0.0588494	-0.154557	0.0	-1.9005299999999998	-0.9322370000000001	-2.33252	0.14919300000000002	-0.27855100000000005	0.555712	-0.7833220000000001	0.0	0.6635840000000001	-0.478258	-0.5752619999999999	0.0	-0.69431	-0.68004	-0.23554299999999997	0.0	2.9187	0.7887109999999999	0.21496500000000002	0.358173	
1	-0.194181	-0.022279	-0.980713	0.0	-0.14232899999999998	0.9898030000000001	0.0056956	0.0	0.9705860000000001	0.14069	-0.195372	0.0	-1.85337	-0.8729629999999999	-2.41566	0.149323	-0.378275	0.571351	-0.7283310000000001	0.0	0.6588149999999999	-0.386546	-0.645403	0.0	-0.650285	-0.723975	-0.23019499999999998	0.0	2.81033	0.691908	0.0571696	0.358244	
1	-0.20763800000000002	-0.157253	-0.965483	0.0	-0.231398	0.966878	-0.107716	0.0	0.950443	0.201045	-0.23714899999999997	0.0	-1.8079	-0.842922	-2.4681	0.149323	-0.42416000000000004	0.612225	-0.667285	0.0	0.63518	-0.324075	-0.701087	0.0	-0.645473	-0.721218	-0.25141399999999997	0.0	2.69349	0.644209	-0.128467	0.358595	
1	-0.2059	-0.28028000000000003	-0.9375760000000001	0.0	-0.323626	0.9236969999999999	-0.20506	0.0	0.92351	0.261202	-0.280895	0.0	-1.74512	-0.807243	-2.44572	0.149195	-0.159133	0.5389550000000001	-0.827167	0.0	0.574162	-0.631058	-0.521636	0.0	-0.803128	-0.557937	-0.209025	0.0	2.58304	0.692874	-0.319662	0.354143	
1	-0.198739	-0.36707399999999996	-0.9087129999999999	0.0	-0.378187	0.8841180000000001	-0.274427	0.0	0.9041450000000001	0.289124	-0.314531	0.0	-1.6833799999999999	-0.8168380000000001	-2.3772599999999997	0.149319	0.143789	0.17216900000000002	-0.974517	0.0	0.380576	-0.918638	-0.106144	0.0	-0.913502	-0.355616	-0.197613	0.0	2.36465	0.8699959999999999	-0.521245	0.354534	
1	-0.191505	-0.401557	-0.8955879999999999	0.0	-0.41120100000000004	0.86136	-0.298282	0.0	0.891201	0.31114400000000003	-0.33007600000000004	0.0	-1.65952	-0.8364590000000001	-2.3471900000000003	0.14919200000000002	0.209536	0.0195936	-0.9776040000000001	0.0	0.328387	-0.943139	0.05148250000000001	0.0	-0.9210079999999999	-0.33182	-0.204056	0.0	2.29117	0.886819	-0.565448	0.34155100000000005	
1	-0.161156	-0.44533	-0.8807440000000001	0.0	-0.49128299999999997	0.810182	-0.319758	0.0	0.8559610000000001	0.381164	-0.34934899999999997	0.0	-1.59283	-0.826778	-2.20608	0.149195	0.278885	-0.41166099999999994	-0.8676159999999999	0.0	0.0866994	-0.8889790000000001	0.449666	0.0	-0.9564030000000001	-0.200627	-0.212232	0.0	2.12487	0.873858	-0.719754	0.344428	
1	-0.13362000000000002	-0.45757700000000007	-0.879073	0.0	-0.552143	0.770977	-0.317384	0.0	0.822973	0.44296499999999994	-0.355666	0.0	-1.55721	-0.770304	-2.11007	0.149125	0.27081700000000003	-0.519798	-0.810227	0.0	0.061222900000000004	-0.830676	0.55338	0.0	-0.9606819999999999	-0.199469	-0.193138	0.0	1.9997599999999998	0.7834409999999999	-0.71967	0.34519099999999997	
1	-0.118084	-0.46242799999999995	-0.8787590000000001	0.0	-0.597071	0.740175	-0.309269	0.0	0.79345	0.48816099999999996	-0.363505	0.0	-1.53318	-0.7309220000000001	-2.00495	0.14918499999999998	0.226213	-0.600494	-0.766965	0.0	0.09313880000000001	-0.770433	0.630681	0.0	-0.969615	-0.214102	-0.118353	0.0	1.90142	0.567062	-0.664787	0.34509	
1	-0.12103199999999999	-0.46694300000000005	-0.875966	0.0	-0.634646	0.714935	-0.293415	0.0	0.763266	0.520416	-0.382874	0.0	-1.51542	-0.697531	-1.93913	0.14866400000000002	0.212204	-0.680113	-0.701723	0.0	0.11068800000000001	-0.696728	0.7087439999999999	0.0	-0.970936	-0.228071	-0.0725677	0.0	1.81845	0.313594	-0.59501	0.345423	
1	-0.13000899999999999	-0.48109700000000005	-0.866974	0.0	-0.6685220000000001	0.688281	-0.281688	0.0	0.732241	0.5429689999999999	-0.41110699999999994	0.0	-1.48346	-0.6144350000000001	-1.90578	0.147831	0.19429200000000002	-0.7027439999999999	-0.684398	0.0	0.140834	-0.670482	0.728437	0.0	-0.9707809999999999	-0.237916	-0.031299400000000005	0.0	1.75712	0.111034	-0.551726	0.345319	
1	-0.127407	-0.509699	-0.850867	0.0	-0.71024	0.645688	-0.280439	0.0	0.692334	0.5685899999999999	-0.444273	0.0	-1.4813399999999999	-0.49713199999999996	-1.8877599999999999	0.147569	0.187683	-0.738304	-0.647829	0.0	0.152374	-0.62968	0.7617649999999999	0.0	-0.970339	-0.24168299999999998	-0.00568169	0.0	1.68557	-0.0752612	-0.5729	0.344923	
1	-0.11537599999999999	-0.52947	-0.8404459999999999	0.0	-0.731775	0.617458	-0.288533	0.0	0.67171	0.581728	-0.458692	0.0	-1.48441	-0.358687	-1.79424	0.147458	0.174593	-0.775275	-0.607014	0.0	0.14563800000000002	-0.5893689999999999	0.794628	0.0	-0.9738100000000001	-0.22714099999999998	0.010009200000000001	0.0	1.5481200000000002	-0.219531	-0.665668	0.34494	
1	-0.12183800000000002	-0.532972	-0.8373149999999999	0.0	-0.731899	0.618065	-0.28691500000000003	0.0	0.670433	0.577872	-0.46538500000000005	0.0	-1.44195	-0.375564	-1.72954	0.147507	0.168464	-0.783569	-0.5980300000000001	0.0	0.142323	-0.581008	0.801358	0.0	-0.9753790000000001	-0.220113	0.0136411	0.0	1.41028	-0.26409699999999997	-0.716969	0.345045	
1	-0.128142	-0.542557	-0.8301879999999999	0.0	-0.744505	0.605649	-0.280896	0.0	0.655204	0.582084	-0.481545	0.0	-1.40547	-0.41618900000000003	-1.6411	0.14748	0.179924	-0.7884899999999999	-0.5881430000000001	0.0	0.113919	-0.577175	0.808636	0.0	-0.9770620000000001	-0.21249400000000002	-0.014023599999999999	0.0	1.2189299999999998	-0.315598	-0.851569	0.34498	
1	-0.131741	-0.557293	-0.8197979999999999	0.0	-0.755422	0.591929	-0.280994	0.0	0.6418590000000001	0.582275	-0.49897299999999994	0.0	-1.35742	-0.47166800000000003	-1.58528	0.147476	0.184906	-0.795041	-0.577685	0.0	0.09080319999999999	-0.571485	0.815573	0.0	-0.9785520000000001	-0.20326	-0.0334789	0.0	1.12212	-0.345995	-0.9393370000000001	0.345121	
1	-0.119571	-0.564589	-0.816665	0.0	-0.761664	0.579797	-0.28931599999999996	0.0	0.636845	0.58743	-0.499354	0.0	-1.25054	-0.53765	-1.51756	0.14737	0.198397	-0.801855	-0.56362	0.0	0.0639602	-0.563233	0.8238190000000001	0.0	-0.978033	-0.199493	-0.060457500000000004	0.0	0.996352	-0.367197	-1.0221200000000001	0.345163	
1	-0.11391300000000001	-0.560678	-0.8201620000000001	0.0	-0.762497	0.578555	-0.289608	0.0	0.636885	0.59238	-0.49341999999999997	0.0	-1.21536	-0.54983	-1.50678	0.147312	0.202457	-0.804488	-0.5584	0.0	0.057132100000000005	-0.559534	0.826836	0.0	-0.9776229999999999	-0.199301	-0.0673195	0.0	0.942494	-0.36085300000000003	-1.04549	0.345161	
1	-0.10787999999999999	-0.564267	-0.8185140000000001	0.0	-0.765205	0.5727439999999999	-0.293984	0.0	0.634684	0.594615	-0.49356700000000003	0.0	-1.1710399999999999	-0.558856	-1.50494	0.147295	0.212734	-0.8049890000000001	-0.553838	0.0	0.047111400000000005	-0.557703	0.828702	0.0	-0.975974	-0.20238499999999998	-0.0807182	0.0	0.8820049999999999	-0.355783	-1.09355	0.345198	
1	-0.108448	-0.564496	-0.818281	0.0	-0.7665489999999999	0.571591	-0.292723	0.0	0.632963	0.595507	-0.494701	0.0	-1.15985	-0.557228	-1.5071	0.147293	0.216758	-0.805599	-0.5513859999999999	0.0	0.0449945	-0.55597	0.829984	0.0	-0.9751879999999999	-0.204715	-0.0842638	0.0	0.877714	-0.365182	-1.1212	0.34512	
1	-0.10288499999999999	-0.565551	-0.818271	0.0	-0.767149	0.568758	-0.296643	0.0	0.633165	0.5972149999999999	-0.492378	0.0	-1.1428	-0.561776	-1.51039	0.147266	0.22019899999999998	-0.8106399999999999	-0.542564	0.0	0.0455376	-0.547067	0.83585	0.0	-0.974392	-0.20876	-0.08354910000000002	0.0	0.878923	-0.400857	-1.1582299999999999	0.343927	
1	-0.10828399999999999	-0.5674319999999999	-0.8162689999999999	0.0	-0.766315	0.570699	-0.295066	0.0	0.633274	0.593568	-0.496629	0.0	-1.13887	-0.566244	-1.5224600000000001	0.147296	0.220516	-0.8242360000000001	-0.521544	0.0	0.042494300000000006	-0.526081	0.8493729999999999	0.0	-0.974457	-0.209463	-0.08098430000000001	0.0	0.8792479999999999	-0.40613	-1.18899	0.342432	
1	-0.10766300000000001	-0.565894	-0.817419	0.0	-0.7653300000000001	0.571967	-0.295167	0.0	0.63457	0.593817	-0.494675	0.0	-1.1385399999999999	-0.565778	-1.52624	0.14729	0.215036	-0.840325	-0.497608	0.0	0.039924	-0.501538	0.8642139999999999	0.0	-0.9757899999999999	-0.205704	-0.0742995	0.0	0.8771700000000001	-0.402523	-1.19023	0.339475	
1	-0.10603599999999999	-0.565725	-0.8177479999999999	0.0	-0.764901	0.571879	-0.29644699999999996	0.0	0.63536	0.594063	-0.493363	0.0	-1.13255	-0.5705720000000001	-1.52324	0.147279	0.20990999999999999	-0.8537540000000001	-0.47648900000000005	0.0	0.042355300000000005	-0.47894899999999996	0.87682	0.0	-0.9768030000000001	-0.204235	-0.06437530000000001	0.0	0.8722	-0.391204	-1.1872	0.336475	
1	-0.10318699999999999	-0.5676760000000001	-0.81676	0.0	-0.76635	0.56884	-0.298545	0.0	0.6340819999999999	0.595117	-0.49373599999999995	0.0	-1.1158	-0.570508	-1.5167700000000002	0.147267	0.20967800000000003	-0.853267	-0.477463	0.0	0.0416793	-0.480075	0.876237	0.0	-0.9768819999999999	-0.203628	-0.0650976	0.0	0.869758	-0.392867	-1.20138	0.33117199999999997	
1	-0.101345	-0.567592	-0.817049	0.0	-0.766462	0.568132	-0.299603	0.0	0.6342439999999999	0.595873	-0.49261499999999997	0.0	-1.10659	-0.569336	-1.5132	0.147256	0.200103	-0.859776	-0.46983400000000003	0.0	0.0518028	-0.469578	0.8813700000000001	0.0	-0.978405	-0.200704	-0.0494255	0.0	0.867468	-0.40244800000000003	-1.20269	0.31111	
1	-0.09392919999999999	-0.561311	-0.822257	0.0	-0.768672	0.565768	-0.298412	0.0	0.632709	0.604017	-0.48460600000000004	0.0	-1.07586	-0.545508	-1.48615	0.14716300000000002	0.189394	-0.8580760000000001	-0.477322	0.0	0.0657631	-0.473944	0.8780959999999999	0.0	-0.9796969999999999	-0.197697	-0.0333326	0.0	0.8598020000000001	-0.408041	-1.19698	0.26911	
1	-0.0922277	-0.560692	-0.8228719999999999	0.0	-0.768756	0.565322	-0.29904000000000003	0.0	0.632857	0.605008	-0.483174	0.0	-1.06082	-0.531161	-1.4806700000000002	0.14715999999999999	0.188372	-0.857933	-0.47798100000000004	0.0	0.06646339999999999	-0.47444200000000003	0.8777739999999999	0.0	-0.9798459999999999	-0.19711700000000001	-0.0323506	0.0	0.860981	-0.40708	-1.19689	0.269104	
1	-0.0912273	-0.5600310000000001	-0.823434	0.0	-0.769547	0.564457	-0.29864	0.0	0.632041	0.606426	-0.48246400000000006	0.0	-1.05316	-0.530704	-1.47955	0.147134	0.187638	-0.8574280000000001	-0.479175	0.0	0.06680010000000002	-0.475571	0.8771370000000001	0.0	-0.979964	-0.19659300000000002	-0.031958999999999994	0.0	0.859452	-0.407979	-1.19456	0.265986	
1	-0.0947489	-0.562816	-0.821134	0.0	-0.767696	0.566434	-0.299659	0.0	0.633771	0.601988	-0.485741	0.0	-1.03569	-0.5329999999999999	-1.48221	0.147136	0.184679	-0.8619040000000001	-0.47224499999999997	0.0	0.075883	-0.466571	0.881223	0.0	-0.979865	-0.198578	-0.0207618	0.0	0.852015	-0.415425	-1.20038	0.235321	
1	-0.0907672	-0.564519	-0.820414	0.0	-0.762992	0.56885	-0.307006	0.0	0.640004	0.598104	-0.48235600000000006	0.0	-1.02767	-0.555475	-1.45789	0.147116	0.179366	-0.872017	-0.455428	0.0	0.0938927	-0.44564799999999993	0.8902709999999999	0.0	-0.979292	-0.20244600000000001	0.0019419	0.0	0.8474299999999999	-0.40928200000000003	-1.21597	0.176617	
1	-0.0485732	-0.513914	-0.856466	0.0	-0.772124	0.5632699999999999	-0.294195	0.0	0.633612	0.647008	-0.42416499999999996	0.0	-1.01915	-0.558218	-1.45784	0.147964	0.181193	-0.8720870000000001	-0.45457	0.0	0.0985293	-0.44379799999999997	0.8906940000000001	0.0	-0.9785	-0.20617600000000003	0.00551297	0.0	0.846949	-0.409348	-1.2162600000000001	0.17618399999999998	
1	-0.056583	-0.511554	-0.8573860000000001	0.0	-0.776461	0.562388	-0.28430300000000003	0.0	0.62762	0.64964	-0.42902299999999993	0.0	-1.0062	-0.569191	-1.44395	0.149755	0.182557	-0.88402	-0.43032700000000007	0.0	0.09245	-0.420308	0.90266	0.0	-0.9788389999999999	-0.204571	0.00499733	0.0	0.8678899999999999	-0.42552799999999996	-1.2185700000000002	0.161706	
