0	-0.257704	0.56611	-0.783012	0.0	0.0443708	0.816462	0.575691	0.0	0.965205	0.11361500000000001	-0.23552399999999998	0.0	-2.98982	2.22645	1.33287	0.0	0.228131	0.39377399999999996	-0.8904479999999999	0.0	0.23372800000000002	-0.9099709999999999	-0.342527	0.0	-0.94516	-0.129982	-0.299628	0.0	2.87174	2.08196	1.45045	0.0	
0	-0.277859	0.6001989999999999	-0.750038	0.0	0.07201779999999999	0.791601	0.606779	0.0	0.9579190000000001	0.11458299999999999	-0.263178	0.0	-3.00915	2.3199099999999997	1.3047799999999998	0.0	0.23400500000000002	0.432287	-0.8708440000000001	0.0	0.23460999999999999	-0.894351	-0.380914	0.0	-0.9435040000000001	-0.115173	-0.310702	0.0	2.91558	2.0878900000000002	1.4164700000000001	0.0	
0	-0.281332	0.645502	-0.710056	0.0	0.10722999999999999	0.756454	0.645197	0.0	0.953601	0.105375	-0.282032	0.0	-3.05056	2.40266	1.26377	0.0	0.205287	0.501257	-0.8405940000000001	0.0	0.269295	-0.854664	-0.44388	0.0	-0.940924	-0.135245	-0.310438	0.0	2.96807	2.06296	1.40091	0.0118125	
0	-0.252999	0.707958	-0.6593829999999999	0.0	0.132971	0.700534	0.701121	0.0	0.958285	0.08970460000000001	-0.271372	0.0	-3.10417	2.43676	1.22356	0.21418600000000002	0.182023	0.557929	-0.8096810000000001	0.0	0.303554	-0.8151010000000001	-0.493422	0.0	-0.9352659999999999	-0.155968	-0.317728	0.0	2.9840299999999997	1.9834900000000002	1.36261	0.2503	
0	-0.23194	0.743943	-0.6267	0.0	0.155789	0.664362	0.7309939999999999	0.0	0.960174	0.0719132	-0.26999	0.0	-3.08843	2.42158	1.20763	0.297804	0.181309	0.5585829999999999	-0.8093899999999999	0.0	0.303307	-0.814671	-0.494284	0.0	-0.935485	-0.155875	-0.31713	0.0	2.98699	1.9225599999999998	1.33631	0.271181	
0	-0.188373	0.78505	-0.590095	0.0	0.19181700000000002	0.618689	0.7618590000000001	0.0	0.963183	0.030324	-0.26713000000000003	0.0	-3.0737900000000002	2.39026	1.2133	0.339638	0.178099	0.562916	-0.8070970000000001	0.0	0.310374	-0.810477	-0.49678500000000003	0.0	-0.933782	-0.162025	-0.31906	0.0	2.98393	1.91655	1.33785	0.287377	
0	-0.089101	0.849319	-0.520307	0.0	0.24129899999999999	0.52523	0.816032	0.0	0.966352	-0.05284019999999999	-0.251738	0.0	-3.05488	2.2961400000000003	1.2286700000000002	0.34810399999999997	0.16104100000000002	0.581155	-0.7976989999999999	0.0	0.32773	-0.793875	-0.512207	0.0	-0.930945	-0.178944	-0.318308	0.0	2.99054	1.9043700000000001	1.3398	0.30284	
0	0.150952	0.914324	-0.3758	0.0	0.312958	0.31640100000000004	0.895515	0.0	0.9376950000000001	-0.252789	-0.238384	0.0	-3.0592099999999998	2.13037	1.2872700000000001	0.3485	0.146857	0.602352	-0.784605	0.0	0.34734699999999996	-0.774095	-0.52927	0.0	-0.9261659999999999	-0.194803	-0.32290599999999997	0.0	3.01817	1.8850200000000001	1.33522	0.312424	
0	0.35836	0.89551	-0.263895	0.0	0.316387	0.149448	0.9367840000000001	0.0	0.878338	-0.419199	-0.22977199999999998	0.0	-3.10633	1.9267299999999998	1.29866	0.34805	0.124866	0.618775	-0.7755810000000001	0.0	0.361709	-0.756292	-0.545151	0.0	-0.923891	-0.212464	-0.318252	0.0	3.0402099999999996	1.80355	1.3207799999999998	0.33443	
0	0.536425	0.830692	-0.14899300000000001	0.0	0.251768	0.010990799999999998	0.967725	0.0	0.805519	-0.556624	-0.203246	0.0	-3.16826	1.6975	1.2645	0.34877800000000003	0.0992293	0.627219	-0.772496	0.0	0.385169	-0.740021	-0.551375	0.0	-0.9174959999999999	-0.242829	-0.315017	0.0	3.05458	1.67652	1.34223	0.341034	
0	0.6723720000000001	0.740178	-0.00717482	0.0	0.12383800000000002	-0.102927	0.98695	0.0	0.729781	-0.664486	-0.160867	0.0	-3.20655	1.4320899999999999	1.1819899999999999	0.350485	0.0883961	0.626432	-0.7744479999999999	0.0	0.39099	-0.736912	-0.551442	0.0	-0.91614	-0.254056	-0.310069	0.0	3.04357	1.6176	1.34812	0.341632	
0	0.7617109999999999	0.636508	0.121055	0.0	0.00922415	-0.197472	0.9802649999999999	0.0	0.6478510000000001	-0.745562	-0.156288	0.0	-3.23692	1.19236	1.06271	0.35059	0.087011	0.628482	-0.772942	0.0	0.393786	-0.734394	-0.552809	0.0	-0.915075	-0.256274	-0.311388	0.0	3.0434099999999997	1.6057299999999999	1.34568	0.340688	
0	0.781718	0.584609	0.21714	0.0	-0.0636356	-0.271594	0.960306	0.0	0.6203770000000001	-0.764506	-0.17510799999999999	0.0	-3.2411	1.04027	0.8748950000000001	0.352414	0.0851461	0.629487	-0.772332	0.0	0.394988	-0.732961	-0.5538529999999999	0.0	-0.914732	-0.257904	-0.31104899999999996	0.0	3.04977	1.58742	1.34695	0.340406	
0	0.799443	0.518828	0.302834	0.0	-0.149952	-0.315803	0.936901	0.0	0.5817260000000001	-0.794409	-0.17466700000000002	0.0	-3.20549	0.887284	0.699171	0.353825	0.0839832	0.631003	-0.771221	0.0	0.397149	-0.731024	-0.554867	0.0	-0.913904	-0.25969000000000003	-0.311996	0.0	3.0621	1.57501	1.35293	0.339891	
0	0.800497	0.485016	0.352087	0.0	-0.20676799999999998	-0.327903	0.9218059999999999	0.0	0.562541	-0.810703	-0.1622	0.0	-3.15647	0.737444	0.613564	0.354628	0.084326	0.632455	-0.769994	0.0	0.398602	-0.729635	-0.555652	0.0	-0.9132389999999999	-0.260065	-0.313625	0.0	3.07289	1.56615	1.3510799999999998	0.340152	
0	0.796902	0.458259	0.39363200000000004	0.0	-0.258438	-0.330348	0.907789	0.0	0.546038	-0.825148	-0.144824	0.0	-3.0963	0.587966	0.524167	0.353916	0.0827683	0.633255	-0.769505	0.0	0.398277	-0.728829	-0.556942	0.0	-0.913523	-0.26037899999999997	-0.312535	0.0	3.07789	1.56072	1.3545	0.340127	
0	0.788375	0.44652700000000006	0.423176	0.0	-0.292534	-0.33302600000000004	0.8963909999999999	0.0	0.541192	-0.8304860000000001	-0.131925	0.0	-2.99808	0.5064069999999999	0.466058	0.353749	0.08068689999999999	0.6356539999999999	-0.767746	0.0	0.401086	-0.725849	-0.558814	0.0	-0.91248	-0.262843	-0.313519	0.0	3.07274	1.56463	1.38135	0.339794	
0	0.783109	0.429737	0.44951800000000003	0.0	-0.322881	-0.336809	0.884482	0.0	0.531496	-0.837786	-0.125005	0.0	-2.944	0.4519	0.416299	0.353925	0.0789978	0.638893	-0.765229	0.0	0.403667	-0.72238	-0.561445	0.0	-0.911489	-0.264545	-0.314967	0.0	3.07806	1.5593700000000001	1.39578	0.33966399999999997	
0	0.786208	0.41050600000000004	0.46191000000000004	0.0	-0.348062	-0.323467	0.879899	0.0	0.510616	-0.852557	-0.11143099999999999	0.0	-2.90555	0.33716399999999996	0.308222	0.353503	0.07703510000000001	0.639791	-0.764679	0.0	0.405163	-0.7208640000000001	-0.562315	0.0	-0.910993	-0.266502	-0.314752	0.0	3.08612	1.5405	1.39662	0.33970300000000003	
0	0.783143	0.406511	0.47056899999999996	0.0	-0.36395	-0.313947	0.876914	0.0	0.504209	-0.8580129999999999	-0.097916	0.0	-2.8666400000000003	0.264923	0.29101	0.35339699999999996	0.0759771	0.641184	-0.763617	0.0	0.405499	-0.719511	-0.563804	0.0	-0.910933	-0.26681	-0.31466500000000003	0.0	3.08835	1.5322	1.4075799999999998	0.339712	
0	0.780239	0.40626599999999996	0.475579	0.0	-0.371314	-0.311017	0.874869	0.0	0.503343	-0.859195	-0.09181510000000001	0.0	-2.81113	0.218615	0.252325	0.35331599999999996	0.0760763	0.641192	-0.7636	0.0	0.405754	-0.7194520000000001	-0.563696	0.0	-0.910811	-0.26695	-0.314899	0.0	3.09085	1.5282799999999999	1.41531	0.339801	
0	0.780575	0.405032	0.47608100000000003	0.0	-0.374243	-0.307211	0.874965	0.0	0.500646	-0.861145	-0.0882207	0.0	-2.7593	0.18726500000000001	0.22448800000000002	0.353224	0.0737986	0.640592	-0.7643270000000001	0.0	0.406041	-0.719316	-0.563663	0.0	-0.9108700000000001	-0.268751	-0.313191	0.0	3.08874	1.5215	1.4324299999999999	0.33970300000000003	
0	0.781273	0.40460799999999997	0.47529399999999994	0.0	-0.374641	-0.305089	0.8755370000000001	0.0	0.49925600000000003	-0.8620979999999999	-0.0867753	0.0	-2.74906	0.178037	0.212549	0.353165	0.07337239999999999	0.641202	-0.763857	0.0	0.407013	-0.718486	-0.56402	0.0	-0.9104709999999999	-0.269516	-0.313695	0.0	3.08872	1.5206600000000001	1.43659	0.33963899999999997	
0	0.781265	0.404613	0.475303	0.0	-0.374635	-0.305114	0.875531	0.0	0.49927299999999997	-0.862087	-0.0867927	0.0	-2.74931	0.178285	0.21283200000000002	0.353163	0.07337460000000001	0.641192	-0.763865	0.0	0.407005	-0.718496	-0.564013	0.0	-0.910474	-0.269513	-0.313688	0.0	3.08869	1.52072	1.43654	0.33964	
0	0.781265	0.404613	0.475303	0.0	-0.374635	-0.305114	0.875531	0.0	0.49927299999999997	-0.862087	-0.08679289999999999	0.0	-2.74931	0.178286	0.212833	0.353163	0.0733747	0.641192	-0.763865	0.0	0.407005	-0.718496	-0.564013	0.0	-0.910474	-0.269513	-0.313688	0.0	3.08869	1.52072	1.43654	0.33963899999999997	
0	0.781265	0.404613	0.475303	0.0	-0.374635	-0.305114	0.875531	0.0	0.49927299999999997	-0.862087	-0.08679289999999999	0.0	-2.74931	0.178286	0.212833	0.353163	0.0733747	0.641192	-0.763865	0.0	0.407005	-0.718496	-0.564013	0.0	-0.910474	-0.269513	-0.313688	0.0	3.08869	1.52072	1.43654	0.33963899999999997	
0	0.781265	0.404613	0.475303	0.0	-0.374635	-0.305114	0.875531	0.0	0.49927299999999997	-0.862087	-0.08679289999999999	0.0	-2.74931	0.178286	0.21283400000000002	0.353163	0.0733747	0.641192	-0.763865	0.0	0.407005	-0.718496	-0.564013	0.0	-0.910474	-0.269513	-0.313688	0.0	3.08869	1.52072	1.43654	0.33963899999999997	
0	0.781265	0.404613	0.475303	0.0	-0.374635	-0.305114	0.875531	0.0	0.49927299999999997	-0.862087	-0.08679289999999999	0.0	-2.74931	0.178287	0.21283400000000002	0.353163	0.0733747	0.641192	-0.763865	0.0	0.407005	-0.718496	-0.564013	0.0	-0.910474	-0.269512	-0.313688	0.0	3.08869	1.52072	1.43654	0.33964	
0	0.781265	0.404613	0.475303	0.0	-0.374635	-0.305114	0.875531	0.0	0.49927299999999997	-0.862087	-0.08679289999999999	0.0	-2.74931	0.178287	0.21283400000000002	0.353163	0.0733747	0.641192	-0.763865	0.0	0.407005	-0.718496	-0.564013	0.0	-0.910474	-0.269512	-0.313688	0.0	3.08869	1.52072	1.43654	0.33963899999999997	
0	0.781265	0.404613	0.475303	0.0	-0.374635	-0.305114	0.875531	0.0	0.49927299999999997	-0.862087	-0.08679289999999999	0.0	-2.74931	0.178286	0.21283400000000002	0.353163	0.0733747	0.641192	-0.763865	0.0	0.407005	-0.718496	-0.564013	0.0	-0.910474	-0.269512	-0.313688	0.0	3.08869	1.52072	1.43654	0.33964	
0	0.781265	0.404613	0.475303	0.0	-0.374635	-0.305114	0.875531	0.0	0.49927299999999997	-0.862087	-0.08679289999999999	0.0	-2.74931	0.178286	0.212833	0.353163	0.0733747	0.641192	-0.763865	0.0	0.407005	-0.718496	-0.564013	0.0	-0.910474	-0.269513	-0.313688	0.0	3.08869	1.52072	1.43654	0.33963899999999997	
0	0.781265	0.404613	0.475303	0.0	-0.374635	-0.305114	0.875531	0.0	0.49927299999999997	-0.862087	-0.08679289999999999	0.0	-2.74931	0.178285	0.21283400000000002	0.353163	0.07337460000000001	0.641192	-0.763865	0.0	0.407005	-0.718496	-0.564013	0.0	-0.910474	-0.269513	-0.313688	0.0	3.08869	1.52072	1.43654	0.33963899999999997	
0	0.804208	0.580542	0.12736199999999998	0.0	-0.0857762	-0.098678	0.991416	0.0	0.588126	-0.808229	-0.029560900000000005	0.0	-2.74749	0.123821	0.153274	0.353969	0.0228057	0.650167	-0.7594489999999999	0.0	0.44413100000000005	-0.68716	-0.574943	0.0	-0.8956719999999999	-0.324183	-0.30443000000000003	0.0	3.04902	1.54263	1.46589	0.339957	
0	0.83135	0.5363899999999999	0.145402	0.0	-0.115942	-0.0884783	0.9893069999999999	0.0	0.54352	-0.839319	-0.011366	0.0	-2.59651	-0.260975	0.0233044	0.354298	0.016407599999999998	0.6484880000000001	-0.761048	0.0	0.448816	-0.684936	-0.5739569999999999	0.0	-0.893474	-0.33215300000000003	-0.30229	0.0	3.0439	1.5261200000000001	1.47201	0.339648	
0	0.8785540000000001	0.454167	0.147905	0.0	-0.124234	-0.081719	0.9888819999999999	0.0	0.461204	-0.8871610000000001	-0.015371600000000001	0.0	-2.4317	-0.7538739999999999	-0.249887	0.352966	0.0140263	0.6495890000000001	-0.760156	0.0	0.45178100000000004	-0.6823239999999999	-0.574742	0.0	-0.892019	-0.335362	-0.30304200000000003	0.0	3.06202	1.51488	1.48918	0.338592	
0	0.9174370000000001	0.373682	0.13664	0.0	-0.129744	-0.043677999999999995	0.990585	0.0	0.376132	-0.926528	0.00841106	0.0	-2.30478	-1.255	-0.46824	0.350885	0.0093348	0.650904	-0.759103	0.0	0.452024	-0.6798930000000001	-0.577425	0.0	-0.891957	-0.33774299999999996	-0.300571	0.0	3.05959	1.51362	1.4983799999999998	0.33885	
0	0.9622059999999999	0.267314	0.051997800000000004	0.0	-0.0556597	0.00613439	0.998431	0.0	0.26657600000000004	-0.96359	0.0207812	0.0	-2.24093	-1.77125	-0.708646	0.349348	0.00837207	0.649143	-0.76062	0.0	0.452401	-0.680809	-0.576049	0.0	-0.891775	-0.339283	-0.299373	0.0	3.0550900000000003	1.5141200000000001	1.50526	0.33855100000000005	
0	0.9761610000000001	0.213017	-0.0416265	0.0	0.0334195	0.041985800000000004	0.998559	0.0	0.21445799999999998	-0.976146	0.033866	0.0	-2.24914	-2.0303	-0.867705	0.349155	0.00776666	0.650763	-0.7592409999999999	0.0	0.452323	-0.679434	-0.577731	0.0	-0.8918200000000001	-0.338935	-0.299632	0.0	3.05698	1.5155	1.50854	0.33852899999999997	
0	0.9750469999999999	0.17688299999999998	-0.13414600000000002	0.0	0.121306	0.0815587	0.989259	0.0	0.185923	-0.9808469999999999	0.05806669999999999	0.0	-2.2212400000000003	-2.21065	-0.9518110000000001	0.350269	0.00821465	0.651564	-0.758549	0.0	0.45092899999999997	-0.679481	-0.578765	0.0	-0.8925219999999999	-0.33729699999999996	-0.29939099999999996	0.0	3.06315	1.5085600000000001	1.48596	0.339011	
0	0.9748629999999999	0.129147	-0.181558	0.0	0.170479	0.0922945	0.981029	0.0	0.143454	-0.9873209999999999	0.0679576	0.0	-2.23866	-2.31327	-1.01786	0.350032	0.00658274	0.649961	-0.759939	0.0	0.451161	-0.680144	-0.577805	0.0	-0.8924190000000001	-0.33905100000000005	-0.297714	0.0	3.05856	1.50681	1.4869	0.33878800000000003	
0	0.9701420000000001	0.0839862	-0.22753299999999999	0.0	0.21975	0.09262719999999999	0.9711489999999999	0.0	0.10263900000000001	-0.9921530000000001	0.0714055	0.0	-2.29517	-2.43575	-1.11351	0.35126399999999997	0.00247186	0.650584	-0.7594310000000001	0.0	0.454028	-0.677375	-0.578811	0.0	-0.890984	-0.34337199999999996	-0.297058	0.0	3.05724	1.50563	1.50655	0.33810100000000004	
0	0.966448	0.0579779	-0.250235	0.0	0.24452600000000002	0.09063610000000001	0.965397	0.0	0.0786521	-0.994195	0.0734179	0.0	-2.3372599999999997	-2.50655	-1.17072	0.35203	0.00265288	0.650016	-0.759916	0.0	0.45586800000000005	-0.677149	-0.5776279999999999	0.0	-0.890043	-0.344889	-0.298118	0.0	3.0547299999999997	1.51378	1.51954	0.33816799999999997	
0	0.9611149999999999	0.0414241	-0.273024	0.0	0.26821799999999996	0.0952058	0.958642	0.0	0.0657044	-0.9945950000000001	0.08039299999999999	0.0	-2.3900200000000003	-2.5992599999999997	-1.22715	0.352024	0.002325	0.648369	-0.761322	0.0	0.453725	-0.679132	-0.576987	0.0	-0.8911389999999999	-0.34409	-0.295761	0.0	3.05513	1.51555	1.52607	0.337599	
0	0.959058	0.0322327	-0.281368	0.0	0.277047	0.0993328	0.955708	0.0	0.05875419999999999	-0.994532	0.086336	0.0	-2.37862	-2.69571	-1.27262	0.352035	0.00134504	0.649768	-0.760131	0.0	0.452665	-0.67819	-0.578923	0.0	-0.8916799999999999	-0.343306	-0.29504	0.0	3.05599	1.5140200000000001	1.5278200000000002	0.337753	
0	0.9564030000000001	0.0180639	-0.29149	0.0	0.288554	0.0955094	0.9526879999999999	0.0	0.04504930000000001	-0.995265	0.0861331	0.0	-2.36366	-2.76419	-1.31931	0.352229	0.0009564160000000001	0.649673	-0.760213	0.0	0.4522	-0.6783279999999999	-0.579126	0.0	-0.8919159999999999	-0.34321399999999996	-0.294431	0.0	3.05153	1.51178	1.52407	0.337915	
0	0.954249	0.013059399999999999	-0.298727	0.0	0.295858	0.103498	0.949609	0.0	0.043318999999999996	-0.9945440000000001	0.0948992	0.0	-2.35717	-2.85146	-1.37497	0.352179	-0.00109166	0.649304	-0.760528	0.0	0.451215	-0.678387	-0.579824	0.0	-0.892415	-0.343794	-0.29223499999999997	0.0	3.05107	1.51414	1.53542	0.336999	
0	0.9508190000000001	0.00212751	-0.309741	0.0	0.30746399999999996	0.114746	0.944616	0.0	0.0375513	-0.9933930000000001	0.108449	0.0	-2.34571	-2.94854	-1.44579	0.35212899999999997	-0.0014925000000000001	0.649007	-0.760781	0.0	0.451212	-0.6784979999999999	-0.579697	0.0	-0.892416	-0.344139	-0.291827	0.0	3.05009	1.51474	1.54856	0.336713	
0	0.9525309999999999	-0.00527671	-0.304397	0.0	0.302675	0.124003	0.9449930000000001	0.0	0.0327596	-0.992268	0.11971300000000001	0.0	-2.34289	-3.04699	-1.4724700000000002	0.352062	-0.00315267	0.6501100000000001	-0.759833	0.0	0.44948	-0.677833	-0.581816	0.0	-0.893285	-0.343364	-0.290074	0.0	3.0508	1.51576	1.55521	0.336559	
0	0.9553450000000001	-0.015799200000000003	-0.29507	0.0	0.294831	0.117791	0.948262	0.0	0.0197749	-0.9929129999999999	0.11718900000000002	0.0	-2.35147	-3.12813	-1.5191700000000001	0.351928	-0.00388241	0.6503979999999999	-0.759584	0.0	0.448579	-0.677744	-0.582615	0.0	-0.8937350000000001	-0.342996	-0.289124	0.0	3.05079	1.51441	1.5517	0.33642	
0	0.958145	-0.025449400000000004	-0.28515	0.0	0.286096	0.12106099999999999	0.950523	0.0	0.010330500000000001	-0.9923190000000001	0.123275	0.0	-2.37336	-3.20827	-1.5661	0.351666	-0.00542748	0.650313	-0.7596470000000001	0.0	0.447024	-0.677951	-0.583569	0.0	-0.8945059999999999	-0.34274699999999997	-0.287026	0.0	3.05035	1.5151700000000001	1.55552	0.33615700000000004	
0	0.960676	-0.039381	-0.27486700000000003	0.0	0.27762600000000004	0.11792000000000001	0.953425	0.0	-0.00513457	-0.992242	0.12421600000000001	0.0	-2.37548	-3.28475	-1.57935	0.35179099999999996	-0.00644207	0.650263	-0.759682	0.0	0.446788	-0.6777810000000001	-0.583947	0.0	-0.894617	-0.34317800000000004	-0.286163	0.0	3.05153	1.51367	1.55445	0.336256	
0	0.962349	-0.0397404	-0.268894	0.0	0.27174	0.117343	0.95519	0.0	-0.00640675	-0.992296	0.123724	0.0	-2.36157	-3.3682	-1.56833	0.351715	-0.00598383	0.649708	-0.760161	0.0	0.4469	-0.678299	-0.583259	0.0	-0.8945639999999999	-0.343206	-0.286296	0.0	3.05495	1.51387	1.5578	0.336167	
0	0.9616459999999999	-0.0402973	-0.271316	0.0	0.27420900000000004	0.116906	0.9545379999999999	0.0	-0.00674689	-0.992325	0.123472	0.0	-2.33167	-3.4064	-1.554	0.352698	-0.00582922	0.649234	-0.760567	0.0	0.44733	-0.678543	-0.582645	0.0	-0.89435	-0.343621	-0.286466	0.0	3.05156	1.51801	1.56198	0.336268	
0	0.961967	-0.0400252	-0.270217	0.0	0.273046	0.111654	0.9555	0.0	-0.00807317	-0.992941	0.118336	0.0	-2.34042	-3.4100699999999997	-1.56098	0.352549	-0.00583798	0.6487850000000001	-0.76095	0.0	0.44762799999999997	-0.67877	-0.582152	0.0	-0.894201	-0.344021	-0.286452	0.0	3.05037	1.52227	1.5631700000000002	0.335978	
0	0.961674	-0.0450034	-0.270477	0.0	0.273955	0.116401	0.954672	0.0	-0.011479600000000001	-0.992182	0.124269	0.0	-2.33745	-3.40936	-1.56556	0.353892	-0.00505769	0.6488619999999999	-0.76089	0.0	0.44718500000000005	-0.67911	-0.5820960000000001	0.0	-0.8944270000000001	-0.343202	-0.286727	0.0	3.04887	1.5278399999999999	1.5669	0.335829	
0	0.963149	-0.0479445	-0.264662	0.0	0.26848	0.11205799999999999	0.9567450000000001	0.0	-0.0162131	-0.9925440000000001	0.120801	0.0	-2.3355900000000003	-3.41042	-1.56208	0.354028	-0.00499403	0.649373	-0.760454	0.0	0.447193	-0.6787350000000001	-0.582527	0.0	-0.894424	-0.342979	-0.287006	0.0	3.04947	1.5338399999999999	1.56853	0.335581	
0	0.965973	-0.0451425	-0.254671	0.0	0.258023	0.100135	0.960936	0.0	-0.0178775	-0.993949	0.108376	0.0	-2.34232	-3.41431	-1.5539100000000001	0.35375700000000004	-0.00496107	0.649245	-0.760563	0.0	0.44762700000000005	-0.6786760000000001	-0.582263	0.0	-0.894207	-0.343337	-0.28725300000000004	0.0	3.0493900000000003	1.53621	1.5701200000000002	0.335624	
0	0.9692569999999999	-0.0386454	-0.24299899999999997	0.0	0.245685	0.0980479	0.9643780000000001	0.0	-0.013443200000000002	-0.994431	0.104528	0.0	-2.36044	-3.42294	-1.56115	0.354018	-0.00532615	0.648829	-0.760916	0.0	0.447737	-0.678845	-0.5819810000000001	0.0	-0.89415	-0.34379	-0.286889	0.0	3.0494	1.53755	1.57021	0.335471	
0	0.971467	-0.0408211	-0.23363699999999998	0.0	0.23675	0.107856	0.965565	0.0	-0.014216299999999998	-0.9933280000000001	0.114443	0.0	-2.41689	-3.6177099999999998	-1.62677	0.352769	-0.00575846	0.648849	-0.760896	0.0	0.448621	-0.678361	-0.581864	0.0	-0.893704	-0.344704	-0.287181	0.0	3.05119	1.5385799999999998	1.5715	0.335541	
0	0.973849	-0.0411392	-0.223442	0.0	0.22661199999999998	0.105306	0.968276	0.0	-0.0163042	-0.9935889999999999	0.111875	0.0	-2.4189599999999998	-3.61754	-1.62753	0.351181	-0.00562489	0.649065	-0.7607119999999999	0.0	0.44874899999999995	-0.678186	-0.581969	0.0	-0.89364	-0.344642	-0.287453	0.0	3.0646299999999997	1.54061	1.5721	0.335385	
0	0.975612	-0.038632599999999996	-0.216075	0.0	0.218989	0.10406900000000001	0.9701620000000001	0.0	-0.014993200000000002	-0.99382	0.109991	0.0	-2.42535	-3.6144	-1.63932	0.334791	-0.00560564	0.649216	-0.760584	0.0	0.44809099999999996	-0.67833	-0.582308	0.0	-0.89397	-0.344075	-0.287105	0.0	3.06905	1.54322	1.57582	0.33526999999999996	
0	0.977686	-0.0482143	-0.204465	0.0	0.208752	0.11401099999999999	0.9713	0.0	-0.0235193	-0.992309	0.121531	0.0	-2.43487	-3.59778	-1.7187299999999999	0.252073	-0.00559664	0.6492319999999999	-0.76057	0.0	0.44824200000000003	-0.678262	-0.582272	0.0	-0.8938950000000001	-0.34417800000000004	-0.287217	0.0	3.06873	1.54738	1.58184	0.335381	
0	0.979564	-0.0786272	-0.185128	0.0	0.192932	0.10716500000000001	0.9753430000000001	0.0	-0.056849199999999996	-0.9911270000000001	0.120145	0.0	-2.4224799999999997	-3.58753	-1.7864	0.154998	-0.00562048	0.649005	-0.760763	0.0	0.447825	-0.678589	-0.5822109999999999	0.0	-0.8941040000000001	-0.343961	-0.286827	0.0	3.07004	1.5497	1.58036	0.335298	
0	0.9819370000000001	-0.0848569	-0.16910999999999998	0.0	0.178254	0.115223	0.977215	0.0	-0.063438	-0.9897090000000001	0.128268	0.0	-2.4203099999999997	-3.5845300000000004	-1.79513	0.154397	-0.00555587	0.648551	-0.761152	0.0	0.44747200000000004	-0.679092	-0.581896	0.0	-0.894281	-0.343827	-0.286435	0.0	3.06927	1.54877	1.58074	0.335251	
0	0.9828629999999999	-0.0928008	-0.159274	0.0	0.169154	0.110667	0.9793569999999999	0.0	-0.07325880000000001	-0.989516	0.12446800000000001	0.0	-2.41482	-3.5822800000000004	-1.7978900000000002	0.154419	-0.00544101	0.648415	-0.7612680000000001	0.0	0.447151	-0.6793520000000001	-0.581839	0.0	-0.894442	-0.343567	-0.28624299999999997	0.0	3.06898	1.54954	1.5774	0.33526999999999996	
0	0.983649	-0.09739600000000001	-0.151489	0.0	0.162152	0.112929	0.980283	0.0	-0.07836810000000001	-0.988818	0.126875	0.0	-2.41217	-3.5795	-1.80493	0.154427	-0.00514883	0.648297	-0.76137	0.0	0.44784700000000005	-0.679261	-0.58141	0.0	-0.8940950000000001	-0.343971	-0.286841	0.0	3.0746599999999997	1.54903	1.56661	0.335335	
0	0.9844639999999999	-0.107261	-0.139015	0.0	0.151232	0.115718	0.9817020000000001	0.0	-0.08921130000000001	-0.987474	0.130142	0.0	-2.40695	-3.57471	-1.81178	0.154321	-0.00519949	0.649185	-0.760613	0.0	0.447028	-0.6788810000000001	-0.582483	0.0	-0.8945049999999999	-0.343044	-0.286674	0.0	3.0783099999999997	1.54768	1.5610899999999999	0.33535	
0	0.984814	-0.111911	-0.132731	0.0	0.1456	0.11595799999999999	0.982525	0.0	-0.09456360000000001	-0.98693	0.130491	0.0	-2.40611	-3.5721	-1.8156599999999998	0.154355	-0.00465417	0.6492100000000001	-0.760595	0.0	0.44696899999999995	-0.679045	-0.582337	0.0	-0.894537	-0.342673	-0.287017	0.0	3.07915	1.54968	1.56059	0.335338	
0	0.98588	-0.10926500000000001	-0.126888	0.0	0.138996	0.111425	0.9840040000000001	0.0	-0.09337899999999999	-0.987748	0.125039	0.0	-2.40053	-3.5739400000000003	-1.8155700000000001	0.154481	-0.00461626	0.64955	-0.760305	0.0	0.44659499999999996	-0.6789390000000001	-0.5827479999999999	0.0	-0.894724	-0.342238	-0.286952	0.0	3.07724	1.55003	1.55666	0.335361	
0	0.987298	-0.0955148	-0.126962	0.0	0.136717	0.10366700000000001	0.9851709999999999	0.0	-0.0809367	-0.990015	0.115409	0.0	-2.3096799999999997	-3.5248199999999996	-1.8307	0.15449200000000002	-0.00488436	0.650334	-0.759633	0.0	0.44633500000000004	-0.678358	-0.583623	0.0	-0.8948530000000001	-0.341902	-0.286954	0.0	3.07575	1.55308	1.5608799999999998	0.335529	
0	0.988138	-0.07838239999999999	-0.13205999999999998	0.0	0.139405	0.0970909	0.9854639999999999	0.0	-0.0644211	-0.9921840000000001	0.106866	0.0	-2.2890599999999997	-3.3116800000000004	-1.82982	0.154499	-0.00478429	0.650584	-0.75942	0.0	0.44559899999999997	-0.678476	-0.584048	0.0	-0.8952200000000001	-0.34119099999999997	-0.286654	0.0	3.07647	1.551	1.5561	0.335681	
0	0.9886440000000001	-0.0693245	-0.13333	0.0	0.138996	0.08459630000000001	0.9866729999999999	0.0	-0.0571214	-0.994001	0.09327150000000001	0.0	-2.25758	-3.0763599999999998	-1.7731299999999999	0.154496	-0.004828100000000001	0.650319	-0.759646	0.0	0.44484300000000004	-0.678954	-0.584068	0.0	-0.895595	-0.34074299999999996	-0.286012	0.0	3.07963	1.54874	1.55284	0.335889	
0	0.9897459999999999	-0.05420509999999999	-0.132155	0.0	0.136017	0.075132	0.9878540000000001	0.0	-0.0436176	-0.995699	0.0817344	0.0	-2.19246	-2.80975	-1.6882599999999999	0.1545	-0.00474083	0.6513260000000001	-0.758783	0.0	0.44496800000000003	-0.678157	-0.584899	0.0	-0.895534	-0.340407	-0.286605	0.0	3.07819	1.5494	1.55043	0.336242	
0	0.990419	-0.04389969999999999	-0.130931	0.0	0.133632	0.0655768	0.988859	0.0	-0.0348245	-0.9968809999999999	0.07081489999999999	0.0	-2.17197	-2.57645	-1.63226	0.154525	-0.00476342	0.651824	-0.758356	0.0	0.44356	-0.678301	-0.585801	0.0	-0.8962319999999999	-0.33916599999999997	-0.28589200000000003	0.0	3.07482	1.5469700000000002	1.54565	0.336208	
0	0.991849	-0.032793	-0.123125	0.0	0.124805	0.05537040000000001	0.990635	0.0	-0.0256684	-0.997927	0.0590118	0.0	-2.09898	-2.33114	-1.5562799999999999	0.154394	-0.00466454	0.652026	-0.758182	0.0	0.443791	-0.678086	-0.585874	0.0	-0.8961180000000001	-0.33920700000000004	-0.2862	0.0	3.07	1.54557	1.5442200000000001	0.33626	
0	0.9934700000000001	-0.019004499999999997	-0.11250299999999999	0.0	0.113304	0.0483121	0.9923850000000001	0.0	-0.0134246	-0.9986520000000001	0.050149900000000004	0.0	-2.05158	-2.12319	-1.46779	0.154398	-0.004398699999999999	0.651798	-0.75838	0.0	0.44336499999999995	-0.678502	-0.585717	0.0	-0.896331	-0.33881500000000003	-0.28600000000000003	0.0	3.0718	1.5391299999999999	1.54003	0.336198	
0	0.994611	0.00169459	-0.10366600000000001	0.0	0.10350799999999999	0.0412936	0.993771	0.0	0.00596474	-0.9991459999999999	0.0408956	0.0	-2.01435	-1.8871900000000001	-1.40943	0.154391	-0.00439173	0.652187	-0.758045	0.0	0.442979	-0.678348	-0.586186	0.0	-0.8965209999999999	-0.338372	-0.285926	0.0	3.06827	1.5413	1.54431	0.33608299999999997	
0	0.9958870000000001	0.0407472	-0.0809202	0.0	0.08009680000000001	0.021453299999999998	0.996556	0.0	0.0423429	-0.9989389999999999	0.0181014	0.0	-1.9436900000000001	-1.6508900000000002	-1.3447	0.154389	-0.00445426	0.652396	-0.757865	0.0	0.44278999999999996	-0.678239	-0.586454	0.0	-0.8966139999999999	-0.338187	-0.285853	0.0	3.06675	1.54229	1.5447799999999998	0.33610100000000004	
0	0.99272	0.10339300000000001	-0.06177390000000001	0.0	0.060272400000000004	0.017587900000000004	0.998027	0.0	0.104275	-0.9944850000000001	0.011228100000000001	0.0	-1.8660299999999999	-1.3752799999999998	-1.27836	0.154391	-0.00431961	0.651478	-0.758655	0.0	0.44222	-0.679203	-0.585769	0.0	-0.8968959999999999	-0.338023	-0.285163	0.0	3.06397	1.54236	1.54501	0.336025	
0	0.982725	0.179175	-0.046357	0.0	0.0441952	0.0160399	0.9988940000000001	0.0	0.17972	-0.9836870000000001	0.00784412	0.0	-1.8233400000000002	-1.16634	-1.2224700000000002	0.154391	-0.00466633	0.652032	-0.758177	0.0	0.441483	-0.678952	-0.586615	0.0	-0.897258	-0.337459	-0.284693	0.0	3.0564	1.53931	1.54125	0.3361	
0	0.958166	0.280562	-0.056589	0.0	0.0460624	0.0439784	0.99797	0.0	0.282481	-0.958828	0.029215300000000003	0.0	-1.7559	-1.02873	-1.14173	0.154495	-0.00434333	0.6524479999999999	-0.757821	0.0	0.440262	-0.679181	-0.587267	0.0	-0.897859	-0.33619099999999996	-0.28429899999999997	0.0	3.05493	1.53391	1.51227	0.336518	
0	0.908818	0.406827	-0.0924217	0.0	0.051715599999999994	0.10996500000000001	0.9925889999999999	0.0	0.413975	-0.906863	0.078899	0.0	-1.69363	-0.901495	-1.0468600000000001	0.154395	0.00411838	0.64442	-0.7646609999999999	0.0	0.43306999999999995	-0.690389	-0.579494	0.0	-0.901351	-0.32876500000000003	-0.281922	0.0	3.05645	1.54118	1.48909	0.337328	
1	0.8246680000000001	0.5431779999999999	-0.157737	0.0	0.06855019999999999	0.180839	0.9811209999999999	0.0	0.561448	-0.8199120000000001	0.111897	0.0	-1.62085	-0.7253430000000001	-0.9535469999999999	0.154471	0.051393799999999996	0.607334	-0.792782	0.0	0.40272399999999997	-0.739028	-0.540047	0.0	-0.9138780000000001	-0.291517	-0.28257	0.0	3.0453	1.63326	1.44982	0.33857	
1	0.7058840000000001	0.660816	-0.25505	0.0	0.0790178	0.284362	0.9554549999999999	0.0	0.703906	-0.6945939999999999	0.14851	0.0	-1.5839299999999998	-0.5897680000000001	-0.896719	0.154386	0.10648099999999999	0.572864	-0.812705	0.0	0.382365	-0.778092	-0.49836800000000003	0.0	-0.9178559999999999	-0.257683	-0.30189499999999997	0.0	3.03277	1.7550400000000002	1.33379	0.341019	
1	0.585856	0.728468	-0.355117	0.0	0.0694722	0.391434	0.91758	0.0	0.8074319999999999	-0.56224	0.178716	0.0	-1.56178	-0.539345	-0.8493950000000001	0.154504	0.122521	0.556245	-0.821937	0.0	0.372052	-0.793524	-0.48155699999999996	0.0	-0.92009	-0.24680300000000002	-0.304175	0.0	3.0203900000000004	1.8185200000000001	1.22474	0.34122800000000003	
1	0.41880600000000007	0.750899	-0.5106390000000001	0.0	0.0634504	0.536758	0.841347	0.0	0.905856	-0.384762	0.177153	0.0	-1.55877	-0.52647	-0.843742	0.15439	0.214529	0.46207	-0.860505	0.0	0.31205900000000003	-0.867267	-0.387902	0.0	-0.925525	-0.18531199999999998	-0.33024699999999996	0.0	2.95505	1.9433599999999998	1.07707	0.326002	
1	0.226935	0.7164510000000001	-0.659696	0.0	0.0233222	0.673176	0.739114	0.0	0.9736309999999999	-0.183117	0.13605799999999998	0.0	-1.5768	-0.530025	-0.868389	0.154497	0.336427	0.24800500000000003	-0.908466	0.0	0.162981	-0.965475	-0.20321199999999998	0.0	-0.927499	-0.07969689999999999	-0.365233	0.0	2.8713900000000003	2.0886400000000003	0.904593	0.32965300000000003	
1	0.0275094	0.601141	-0.798669	0.0	-0.06799329999999999	0.798247	0.598481	0.0	0.9973059999999999	0.0378403	0.0628328	0.0	-1.5970799999999998	-0.512149	-0.926683	0.154393	0.40829699999999997	-0.0749999	-0.9097629999999999	0.0	-0.044569300000000006	-0.9970680000000001	0.062194799999999995	0.0	-0.911761	0.0151535	-0.41044200000000003	0.0	2.76105	2.1719	0.717094	0.33574499999999996	
1	-0.108162	0.477656	-0.8718629999999999	0.0	-0.161803	0.856856	0.48950699999999997	0.0	0.980878	0.19401600000000002	-0.015392700000000002	0.0	-1.6274600000000001	-0.468116	-0.9858180000000001	0.154497	0.37508	-0.235044	-0.896699	0.0	-0.114601	-0.971658	0.206756	0.0	-0.919881	0.025212099999999998	-0.391386	0.0	2.66889	2.0973599999999997	0.643853	0.339444	
1	-0.21305500000000002	0.32917199999999996	-0.9199200000000001	0.0	-0.28770300000000004	0.878656	0.38103899999999996	0.0	0.9337209999999999	0.345846	-0.0924987	0.0	-1.6553099999999998	-0.423392	-1.0500399999999999	0.154416	0.339581	-0.320772	-0.8841889999999999	0.0	-0.10669000000000001	-0.947119	0.302626	0.0	-0.934506	-0.00843181	-0.35584699999999997	0.0	2.5771900000000003	1.95685	0.601015	0.340599	
1	-0.288713	0.137164	-0.9475389999999999	0.0	-0.42045600000000005	0.870978	0.254193	0.0	0.860152	0.471788	-0.19379100000000002	0.0	-1.67187	-0.328139	-1.12209	0.153159	0.29436999999999997	-0.354675	-0.887441	0.0	-0.0685029	-0.9340280000000001	0.35057	0.0	-0.953233	-0.0424052	-0.299246	0.0	2.44068	1.8369400000000002	0.571947	0.341175	
1	-0.319021	-0.00505126	-0.947734	0.0	-0.493601	0.854543	0.161599	0.0	0.809064	0.519356	-0.275111	0.0	-1.67298	-0.279954	-1.16944	0.15278599999999998	0.248638	-0.380394	-0.890775	0.0	-0.040474699999999995	-0.922932	0.382829	0.0	-0.96775	-0.059132000000000004	-0.24487199999999998	0.0	2.3168599999999997	1.7720200000000002	0.5527380000000001	0.34126100000000004	
1	-0.320196	-0.0944316	-0.9426329999999999	0.0	-0.544427	0.832642	0.10152	0.0	0.7752899999999999	0.545701	-0.31801999999999997	0.0	-1.62172	-0.235736	-1.18537	0.15245	0.21122	-0.408117	-0.888159	0.0	-0.026134699999999997	-0.910693	0.41225600000000007	0.0	-0.977089	-0.0638649	-0.203022	0.0	2.19828	1.73175	0.5243720000000001	0.341092	
1	-0.334052	-0.17848599999999998	-0.925501	0.0	-0.594302	0.802013	0.059837800000000003	0.0	0.731583	0.570016	-0.37398899999999996	0.0	-1.58797	-0.21589299999999997	-1.2020600000000001	0.15244000000000002	0.17548	-0.44113199999999997	-0.8801190000000001	0.0	-0.019516099999999998	-0.895374	0.444887	0.0	-0.984289	-0.06089259999999999	-0.16573	0.0	2.06996	1.65525	0.47170100000000004	0.340773	
1	-0.325803	-0.25609299999999996	-0.910093	0.0	-0.6406189999999999	0.7677430000000001	0.0132974	0.0	0.695312	0.5873550000000001	-0.414191	0.0	-1.54164	-0.160852	-1.23855	0.15221600000000002	0.148372	-0.488588	-0.859807	0.0	-0.0428048	-0.8717879999999999	0.48801000000000005	0.0	-0.9880049999999999	-0.0356029	-0.150263	0.0	1.8984900000000002	1.585	0.39585	0.33977399999999996	
1	-0.321853	-0.327129	-0.8884799999999999	0.0	-0.691249	0.722448	-0.015591800000000001	0.0	0.646982	0.609143	-0.458649	0.0	-1.42431	-0.154362	-1.25032	0.151873	0.13513	-0.548108	-0.825419	0.0	-0.0710966	-0.836277	0.543679	0.0	-0.988274	-0.014782499999999999	-0.151974	0.0	1.71393	1.54301	0.273389	0.339165	
1	-0.295385	-0.335042	-0.894704	0.0	-0.688971	0.723485	-0.0434625	0.0	0.661866	0.603587	-0.44454	0.0	-1.3703100000000001	-0.160045	-1.2758200000000002	0.152126	0.13333699999999998	-0.577976	-0.805087	0.0	-0.07360599999999999	-0.815872	0.5735279999999999	0.0	-0.988334	-0.017213299999999997	-0.151329	0.0	1.56597	1.4968700000000001	0.203268	0.339328	
1	-0.286109	-0.356302	-0.889489	0.0	-0.6994090000000001	0.712173	-0.0603058	0.0	0.654957	0.604863	-0.45296000000000003	0.0	-1.30178	-0.182643	-1.3601299999999998	0.152253	0.146429	-0.620995	-0.770016	0.0	-0.06996799999999999	-0.782958	0.6181270000000001	0.0	-0.9867440000000001	-0.0366355	-0.158098	0.0	1.31487	1.38795	0.0487022	0.339472	
1	-0.28575300000000003	-0.35480900000000004	-0.8902	0.0	-0.698682	0.7129220000000001	-0.0598754	0.0	0.655888	0.604857	-0.451618	0.0	-1.274	-0.193499	-1.39967	0.152305	0.15748099999999998	-0.637099	-0.754522	0.0	-0.070461	-0.769358	0.6349199999999999	0.0	-0.9850049999999999	-0.046823500000000004	-0.16605	0.0	1.2073399999999999	1.34707	-0.03236459999999999	0.339213	
1	-0.288556	-0.346235	-0.892669	0.0	-0.691425	0.7202850000000001	-0.055869600000000005	0.0	0.66232	0.601092	-0.447238	0.0	-1.2785600000000001	-0.19729000000000002	-1.43139	0.152364	0.174456	-0.653234	-0.736784	0.0	-0.07002869999999999	-0.754595	0.6524439999999999	0.0	-0.9821719999999999	-0.06222659999999999	-0.17738900000000002	0.0	1.10327	1.2838	-0.0926216	0.339515	
1	-0.293833	-0.344575	-0.8915879999999999	0.0	-0.69355	0.718727	-0.049201800000000004	0.0	0.657762	0.603904	-0.450166	0.0	-1.26625	-0.185238	-1.45729	0.152403	0.18438800000000002	-0.665092	-0.723639	0.0	-0.0700597	-0.7432840000000001	0.665297	0.0	-0.980353	-0.071975	-0.183649	0.0	1.04552	1.25298	-0.08910989999999999	0.340034	
1	-0.295952	-0.339848	-0.892702	0.0	-0.690409	0.721958	-0.0459594	0.0	0.660112	0.602727	-0.448299	0.0	-1.26181	-0.14442	-1.47905	0.152417	0.215928	-0.6806369999999999	-0.700078	0.0	-0.07523889999999998	-0.726459	0.683079	0.0	-0.973506	-0.094823	-0.20807399999999998	0.0	0.926592	1.1999799999999998	-0.109695	0.34034200000000003	
1	-0.296012	-0.343963	-0.8911040000000001	0.0	-0.694865	0.7176560000000001	-0.046188099999999996	0.0	0.655393	0.605524	-0.45144300000000004	0.0	-1.25463	-0.0901393	-1.50805	0.152437	0.260321	-0.701106	-0.66384	0.0	-0.063828	-0.698538	0.712721	0.0	-0.96341	-0.14316500000000001	-0.22659400000000002	0.0	0.829189	1.0573	-0.22535100000000002	0.341306	
1	-0.295164	-0.345708	-0.89071	0.0	-0.695657	0.7167899999999999	-0.0476778	0.0	0.654935	0.6055560000000001	-0.45206499999999994	0.0	-1.24766	-0.08804189999999999	-1.51795	0.152456	0.276663	-0.701858	-0.6563939999999999	0.0	-0.0517285	-0.6929420000000001	0.7191350000000001	0.0	-0.9595739999999999	-0.16500399999999998	-0.22801799999999997	0.0	0.810554	0.982475	-0.241956	0.34141900000000003	
1	-0.303811	-0.33871399999999996	-0.89049	0.0	-0.694559	0.718518	-0.0363367	0.0	0.6521399999999999	0.6074579999999999	-0.45355	0.0	-1.23549	-0.0723456	-1.5110299999999999	0.15241500000000002	0.328045	-0.708553	-0.624771	0.0	-0.031081599999999997	-0.669107	0.742516	0.0	-0.9441510000000001	-0.22416	-0.24151999999999998	0.0	0.752948	0.7600680000000001	-0.324339	0.342305	
1	-0.305196	-0.337903	-0.890324	0.0	-0.695239	0.717967	-0.034166699999999994	0.0	0.650768	0.60856	-0.45404399999999995	0.0	-1.23335	-0.0684913	-1.51009	0.152383	0.348494	-0.71032	-0.611553	0.0	-0.0370456	-0.6623829999999999	0.7482489999999999	0.0	-0.936579	-0.238105	-0.257151	0.0	0.748792	0.665849	-0.38918400000000003	0.34215999999999996	
1	-0.30995	-0.34466399999999997	-0.88608	0.0	-0.7046680000000001	0.7089340000000001	-0.0292665	0.0	0.638259	0.615321	-0.462607	0.0	-1.2281600000000001	-0.0623347	-1.49961	0.15226199999999998	0.363534	-0.710163	-0.60292	0.0	-0.018686	-0.652629	0.757447	0.0	-0.931394	-0.264092	-0.250523	0.0	0.7697579999999999	0.463157	-0.5181020000000001	0.342512	
1	-0.304232	-0.341903	-0.889126	0.0	-0.6993050000000001	0.713953	-0.035260900000000005	0.0	0.64685	0.611043	-0.45630200000000004	0.0	-1.2576	-0.08586060000000001	-1.50114	0.152698	0.394715	-0.703291	-0.591254	0.0	-0.0146006	-0.648224	0.761309	0.0	-0.918687	-0.29186799999999996	-0.26613200000000004	0.0	0.809393	0.279681	-0.644559	0.344078	
1	-0.304166	-0.34114099999999997	-0.889442	0.0	-0.698137	0.715083	-0.0355218	0.0	0.648142	0.610147	-0.455667	0.0	-1.263	-0.0899455	-1.48593	0.152719	0.404523	-0.702263	-0.585823	0.0	-0.020444099999999996	-0.647359	0.761912	0.0	-0.9143	-0.296234	-0.276229	0.0	0.825838	0.22548400000000002	-0.720357	0.345319	
1	-0.306665	-0.341654	-0.888386	0.0	-0.698709	0.714615	-0.0336359	0.0	0.646346	0.610408	-0.45786400000000005	0.0	-1.2544799999999998	-0.040026	-1.43416	0.152254	0.42805600000000005	-0.7004130000000001	-0.571131	0.0	-0.0378768	-0.645303	0.762987	0.0	-0.902958	-0.30496799999999996	-0.302755	0.0	0.819845	0.11386900000000001	-0.924127	0.345159	
1	-0.306144	-0.34133800000000003	-0.8886870000000001	0.0	-0.6985180000000001	0.714789	-0.033912	0.0	0.646799	0.610382	-0.457259	0.0	-1.25624	-0.037568199999999996	-1.42735	0.15226099999999998	0.430788	-0.699833	-0.569786	0.0	-0.0395765	-0.645417	0.7628050000000001	0.0	-0.9015850000000001	-0.306057	-0.305734	0.0	0.821067	0.0918982	-0.995663	0.345355	
1	-0.305278	-0.341791	-0.88881	0.0	-0.6986859999999999	0.714581	-0.0348151	0.0	0.647027	0.610371	-0.456951	0.0	-1.25338	-0.03141409999999999	-1.4108399999999999	0.152258	0.43310600000000005	-0.6998479999999999	-0.568006	0.0	-0.0421045	-0.645199	0.762854	0.0	-0.900359	-0.306481	-0.30890700000000004	0.0	0.8187270000000001	0.08027050000000001	-1.04064	0.345298	
1	-0.30077	-0.342117	-0.8902209999999999	0.0	-0.698037	0.715002	-0.038940800000000005	0.0	0.649832	0.609695	-0.45386099999999996	0.0	-1.26432	-0.0197871	-1.38954	0.15216300000000002	0.432874	-0.7013199999999999	-0.566366	0.0	-0.049989	-0.645989	0.7617079999999999	0.0	-0.9000670000000001	-0.301412	-0.31469	0.0	0.788355	0.0772396	-1.18557	0.34574299999999997	
1	-0.30051	-0.34132399999999996	-0.8906129999999999	0.0	-0.6974100000000001	0.7156140000000001	-0.0389372	0.0	0.650626	0.609421	-0.453092	0.0	-1.27843	-0.0120181	-1.39182	0.15215	0.431462	-0.702883	-0.565505	0.0	-0.0492516	-0.644273	0.763208	0.0	-0.9007860000000001	-0.30144299999999996	-0.312598	0.0	0.793817	0.0719133	-1.20881	0.346122	
1	-0.298031	-0.345296	-0.889915	0.0	-0.6986979999999999	0.714118	-0.0430927	0.0	0.650384	0.608938	-0.45408699999999996	0.0	-1.3092	0.0216333	-1.36225	0.152119	0.42442299999999994	-0.711026	-0.560631	0.0	-0.048617099999999996	-0.636166	0.770019	0.0	-0.904158	-0.299557	-0.304571	0.0	0.732532	0.05607569999999999	-1.24301	0.345465	
1	-0.30528299999999997	-0.340904	-0.889149	0.0	-0.6984779999999999	0.714812	-0.034245	0.0	0.647249	0.6105970000000001	-0.456334	0.0	-1.30608	0.0212416	-1.36025	0.152568	0.420764	-0.717891	-0.554608	0.0	-0.05563969999999999	-0.630632	0.774085	0.0	-0.9054620000000001	-0.29484899999999997	-0.30529	0.0	0.7081	0.056314800000000005	-1.2457200000000002	0.34408099999999997	
1	-0.303096	-0.343213	-0.8890100000000001	0.0	-0.698882	0.714254	-0.0374721	0.0	0.64784	0.609955	-0.45635299999999995	0.0	-1.32457	0.0347481	-1.34125	0.152602	0.400052	-0.761313	-0.510256	0.0	-0.06807150000000001	-0.5798939999999999	0.811844	0.0	-0.913961	-0.290046	-0.283812	0.0	0.669912	0.0418032	-1.2318799999999999	0.340014	
1	-0.302268	-0.342026	-0.889749	0.0	-0.698865	0.714288	-0.037157	0.0	0.648245	0.610583	-0.45493599999999995	0.0	-1.3160100000000001	0.0464862	-1.34345	0.152563	0.375657	-0.785121	-0.49240900000000004	0.0	-0.0574749	-0.550038	0.833159	0.0	-0.924975	-0.284681	-0.251751	0.0	0.6393300000000001	0.0108864	-1.2319	0.303444	
