0	0.318744	0.904991	-0.28176799999999996	0.0	0.540554	0.07062919999999999	0.83834	0.0	0.778591	-0.419526	-0.466684	0.0	-2.79841	2.0204	1.38287	0.0206586	-0.593133	0.516197	-0.617847	0.0	0.7514350000000001	0.0794382	-0.655008	0.0	-0.289033	-0.852778	-0.43500600000000006	0.0	2.66032	2.0	1.53809	0.0	
0	0.0626752	0.995137	-0.0759922	0.0	0.38009899999999996	0.0466031	0.9237709999999999	0.0	0.9228200000000001	-0.0867822	-0.37533	0.0	-2.70044	2.06078	1.3233	0.205323	-0.593133	0.516197	-0.617847	0.0	0.751499	0.07962910000000001	-0.654911	0.0	-0.288864	-0.8527600000000001	-0.43515299999999996	0.0	2.66032	2.0	1.53809	0.0	
0	0.0924159	0.9933709999999999	0.06836060000000001	0.0	0.363599	-0.0975805	0.926431	0.0	0.92696	-0.060761	-0.370207	0.0	-2.52127	2.1381200000000002	1.3002	0.35302100000000003	-0.593133	0.516197	-0.617846	0.0	0.751567	0.0798288	-0.654809	0.0	-0.288689	-0.852741	-0.435306	0.0	2.66032	2.0	1.53809	0.0	
0	0.173355	0.9847870000000001	0.0119345	0.0	0.270115	-0.0591953	0.961007	0.0	0.9470940000000001	-0.16337100000000002	-0.276267	0.0	-2.4808	1.98175	1.50925	0.0	-0.216106	0.976052	-0.0249326	0.0	0.0930092	-0.00484037	-0.995654	0.0	-0.97193	-0.21748499999999998	-0.0897358	0.0	2.71348	2.00548	1.6429099999999999	0.0	
0	0.123741	0.9877459999999999	0.0951132	0.0	0.289095	-0.127576	0.9487620000000001	0.0	0.949269	-0.0899039	-0.30133899999999997	0.0	-2.57297	2.07501	1.4775	0.307531	-0.22393600000000002	0.974416	0.0191267	0.0	0.0866404	0.039450900000000004	-0.995458	0.0	-0.9707450000000001	-0.221262	-0.09325839999999999	0.0	2.78393	2.0045599999999997	1.61232	0.243821	
0	0.141237	0.9884879999999999	0.05425119999999999	0.0	0.196551	-0.08170880000000001	0.977083	0.0	0.970268	-0.12733699999999998	-0.20582899999999998	0.0	-2.41852	1.9997200000000002	1.55808	-0.011274600000000001	-0.294344	0.9521	0.082875	0.0	0.0639769	0.106152	-0.99229	0.0	-0.953556	-0.28677199999999997	-0.0921576	0.0	2.70739	1.95308	1.61186	0.12834600000000002	
0	0.195613	0.9770770000000001	0.0840043	0.0	0.194536	-0.122618	0.973201	0.0	0.9611930000000001	-0.174029	-0.214062	0.0	-2.4609799999999997	1.9585400000000002	1.62976	0.0	-0.33870500000000003	0.9327	0.123893	0.0	0.0222226	0.139569	-0.9899629999999999	0.0	-0.94063	-0.33255300000000004	-0.06799989999999999	0.0	2.7309900000000003	1.8970799999999999	1.65115	0.0	
0	0.210617	0.965643	0.15223	0.0	0.189565	-0.19311099999999998	0.962691	0.0	0.9590129999999999	-0.173901	-0.22372399999999998	0.0	-2.55208	1.9476799999999999	1.5840299999999998	0.323428	-0.41361800000000004	0.892041	0.182159	0.0	0.027687700000000003	0.212308	-0.9768110000000001	0.0	-0.9100290000000001	-0.398983	-0.11251300000000002	0.0	2.8017	1.8439	1.63709	0.357875	
0	0.269904	0.9495520000000001	0.159696	0.0	0.146749	-0.204478	0.967809	0.0	0.9516389999999999	-0.23778000000000002	-0.19453499999999999	0.0	-2.48201	1.81538	1.56481	0.352206	-0.43828999999999996	0.8746290000000001	0.20718699999999998	0.0	0.0213673	0.24058000000000002	-0.9703940000000001	0.0	-0.8985799999999999	-0.420887	-0.124133	0.0	2.7303900000000003	1.7479099999999999	1.5463799999999999	0.35888400000000004	
0	0.342058	0.92017	0.190484	0.0	0.0867597	-0.23277199999999998	0.9686540000000001	0.0	0.935665	-0.314809	-0.15945499999999999	0.0	-2.43365	1.62505	1.57954	0.34837199999999996	-0.449722	0.8685370000000001	0.208312	0.0	0.00589296	0.236109	-0.971709	0.0	-0.89315	-0.435771	-0.111301	0.0	2.69576	1.66818	1.52532	0.359035	
0	0.387468	0.8950889999999999	0.22064699999999998	0.0	0.0237595	-0.24896	0.9682219999999999	0.0	0.9215770000000001	-0.369913	-0.11773099999999999	0.0	-2.44729	1.37914	1.51639	0.34739200000000003	-0.44408500000000006	0.8687790000000001	0.21911599999999998	0.0	-0.00628939	0.241524	-0.970374	0.0	-0.895962	-0.432307	-0.101793	0.0	2.66193	1.60146	1.49978	0.359537	
0	0.449295	0.869776	0.204017	0.0	-0.018412900000000003	-0.21930100000000002	0.975484	0.0	0.893194	-0.442036	-0.0825157	0.0	-2.48798	1.1079	1.42675	0.347061	-0.439266	0.8685930000000001	0.229331	0.0	-0.00626057	0.252312	-0.967626	0.0	-0.898335	-0.42648100000000005	-0.105394	0.0	2.62259	1.57269	1.4518799999999998	0.359764	
0	0.5174380000000001	0.836576	0.17999500000000002	0.0	-0.057244100000000006	-0.176032	0.982719	0.0	0.8538040000000001	-0.5188	-0.043197	0.0	-2.5885	0.746672	1.30964	0.346085	-0.457942	0.8538020000000001	0.24761100000000003	0.0	-0.025085200000000002	0.266011	-0.9636440000000001	0.0	-0.8886280000000001	-0.447504	-0.1004	0.0	2.5928400000000003	1.5316100000000001	1.41598	0.35993600000000003	
0	0.554767	0.817513	0.154616	0.0	-0.076138	-0.13517300000000002	0.987892	0.0	0.828515	-0.559823	-0.0127457	0.0	-2.67885	0.43441599999999997	1.13998	0.34612600000000004	-0.503414	0.826686	0.251325	0.0	-0.0297048	0.27414	-0.961231	0.0	-0.863535	-0.491363	-0.113449	0.0	2.5786599999999997	1.42388	1.3421299999999998	0.35984499999999997	
0	0.5966239999999999	0.792098	0.128921	0.0	-0.0905599	-0.0931674	0.991524	0.0	0.797395	-0.6032420000000001	0.0161463	0.0	-2.74222	0.18023	0.994308	0.346025	-0.566168	0.787216	0.244429	0.0	-0.0429474	0.267958	-0.9624729999999999	0.0	-0.8231709999999999	-0.555419	-0.117901	0.0	2.6103099999999997	1.27979	1.2524600000000001	0.359926	
0	0.638821	0.7610100000000001	0.11301300000000002	0.0	-0.11175	-0.0535526	0.992293	0.0	0.761196	-0.6465270000000001	0.0508324	0.0	-2.79013	-0.07884450000000001	0.8198110000000001	0.34619	-0.609486	0.755548	0.24015300000000003	0.0	-0.0635209	0.255406	-0.9647450000000001	0.0	-0.790248	-0.6032529999999999	-0.107673	0.0	2.61808	1.1720899999999999	1.1722700000000001	0.35981399999999997	
0	0.669459	0.735432	0.104715	0.0	-0.14074	-0.012841	0.9899629999999999	0.0	0.729395	-0.677477	0.09490839999999999	0.0	-2.75411	-0.294192	0.693691	0.346107	-0.628051	0.740627	0.23879899999999998	0.0	-0.0809949	0.24298899999999998	-0.966642	0.0	-0.773946	-0.626441	-0.09262260000000001	0.0	2.62088	1.13206	1.08436	0.359649	
0	0.694072	0.711626	0.108868	0.0	-0.158665	0.00370494	0.987326	0.0	0.702204	-0.702548	0.11548199999999999	0.0	-2.7067799999999997	-0.489146	0.512464	0.344889	-0.62165	0.7443310000000001	0.243971	0.0	-0.08364780000000001	0.24660300000000002	-0.9655	0.0	-0.778816	-0.6206109999999999	-0.0910392	0.0	2.60027	1.15107	0.9819200000000001	0.359579	
0	0.717118	0.687466	0.114599	0.0	-0.172585	0.0158542	0.984867	0.0	0.675246	-0.7260439999999999	0.13001600000000002	0.0	-2.64758	-0.637303	0.377103	0.343764	-0.615977	0.7463609999999999	0.252025	0.0	-0.07814220000000001	0.260457	-0.962318	0.0	-0.783879	-0.61246	-0.102113	0.0	2.5533200000000003	1.17419	0.916393	0.359618	
0	0.745491	0.655806	0.11899900000000001	0.0	-0.18388800000000002	0.0307623	0.982466	0.0	0.640646	-0.754302	0.143528	0.0	-2.60149	-0.820934	0.232746	0.342434	-0.6123609999999999	0.744643	0.265558	0.0	-0.0787241	0.27679899999999996	-0.9576979999999999	0.0	-0.7866489999999999	-0.607362	-0.11087999999999999	0.0	2.50901	1.1548100000000001	0.8769469999999999	0.359724	
0	0.75925	0.639551	0.12047000000000001	0.0	-0.18728499999999998	0.037438400000000004	0.981592	0.0	0.623268	-0.767836	0.148204	0.0	-2.58323	-0.9130299999999999	0.160162	0.339144	-0.6132920000000001	0.7417279999999999	0.271499	0.0	-0.07956669999999999	0.283968	-0.955527	0.0	-0.785838	-0.6076199999999999	-0.115138	0.0	2.49838	1.1371200000000001	0.8878729999999999	0.359865	
0	0.787233	0.603891	0.124819	0.0	-0.19583599999999998	0.0528987	0.979209	0.0	0.584733	-0.7953100000000001	0.159907	0.0	-2.5033	-1.1462	-0.0637677	0.326301	-0.6166689999999999	0.7347670000000001	0.282555	0.0	-0.080674	0.298052	-0.9511350000000001	0.0	-0.7830779999999999	-0.60933	-0.12452300000000001	0.0	2.48348	1.09525	0.8991540000000001	0.360107	
0	0.797061	0.589979	0.128913	0.0	-0.200357	0.0569702	0.978065	0.0	0.5696939999999999	-0.8054060000000001	0.163615	0.0	-2.45993	-1.25536	-0.188622	0.319442	-0.613742	0.7365229999999999	0.284352	0.0	-0.07331439999999999	0.30543899999999996	-0.949385	0.0	-0.786096	-0.603524	-0.133463	0.0	2.48501	1.0962	0.893026	0.359982	
0	0.80703	0.577063	0.125305	0.0	-0.19992000000000001	0.06733430000000001	0.9774959999999999	0.0	0.5556399999999999	-0.813919	0.169707	0.0	-2.4499299999999997	-1.38683	-0.316246	0.315278	-0.613337	0.7356560000000001	0.287452	0.0	-0.0719387	0.310399	-0.94788	0.0	-0.786539	-0.602049	-0.137457	0.0	2.48379	1.08771	0.8897780000000001	0.359991	
0	0.819844	0.559265	0.122796	0.0	-0.199445	0.077898	0.976808	0.0	0.536729	-0.8253209999999999	0.175407	0.0	-2.42809	-1.51083	-0.417127	0.314604	-0.6102390000000001	0.738287	0.28730100000000003	0.0	-0.0714305	0.3099	-0.948082	0.0	-0.788991	-0.599078	-0.136377	0.0	2.48223	1.08195	0.888482	0.35996500000000003	
0	0.830577	0.5433140000000001	0.12227400000000001	0.0	-0.199096	0.0846403	0.976318	0.0	0.520098	-0.835252	0.178472	0.0	-2.40841	-1.63861	-0.497047	0.314327	-0.60446	0.743203	0.286842	0.0	-0.0707406	0.308569	-0.9485680000000001	0.0	-0.793489	-0.593662	-0.133943	0.0	2.46422	1.07817	0.890645	0.359976	
0	0.835937	0.534974	0.122527	0.0	-0.198163	0.0860195	0.9763870000000001	0.0	0.5118020000000001	-0.8404780000000001	0.177919	0.0	-2.42903	-1.75957	-0.563613	0.314066	-0.604795	0.74195	0.289367	0.0	-0.07271269999999999	0.31038899999999997	-0.947825	0.0	-0.7930550000000001	-0.59428	-0.133773	0.0	2.4441200000000003	1.0709	0.89795	0.360041	
0	0.84129	0.528291	0.11463	0.0	-0.19284	0.09518710000000001	0.9766020000000001	0.0	0.5050180000000001	-0.8437110000000001	0.181956	0.0	-2.46178	-1.86513	-0.609755	0.31445	-0.610672	0.735599	0.293214	0.0	-0.0718503	0.317277	-0.945607	0.0	-0.788618	-0.5985229999999999	-0.140899	0.0	2.44921	1.06177	0.9028879999999999	0.360099	
0	0.845447	0.523162	0.10733399999999998	0.0	-0.185577	0.09933099999999999	0.9775959999999999	0.0	0.50078	-0.846425	0.181066	0.0	-2.5068900000000003	-1.96498	-0.648663	0.314658	-0.610977	0.734317	0.295781	0.0	-0.0725638	0.320106	-0.944599	0.0	-0.788316	-0.598591	-0.142293	0.0	2.4574599999999998	1.04965	0.8946299999999999	0.360116	
0	0.843857	0.52795	0.09578389999999999	0.0	-0.176679	0.104842	0.978669	0.0	0.506646	-0.84278	0.181749	0.0	-2.57171	-1.99948	-0.618595	0.31427	-0.6105470000000001	0.733464	0.298771	0.0	-0.07300930000000001	0.32351399999999997	-0.9434030000000001	0.0	-0.788608	-0.597804	-0.14397100000000002	0.0	2.46042	1.04027	0.8875049999999999	0.360223	
0	0.835607	0.545887	0.0613935	0.0	-0.1527	0.12346700000000001	0.9805299999999999	0.0	0.527678	-0.8287120000000001	0.186527	0.0	-2.61888	-1.98855	-0.620382	0.314899	-0.60873	0.734298	0.30042399999999997	0.0	-0.07395499999999999	0.324498	-0.942991	0.0	-0.7899229999999999	-0.596244	-0.143227	0.0	2.4577299999999997	1.03019	0.880028	0.36014	
0	0.8093100000000001	0.5871649999999999	0.015932299999999996	0.0	-0.119468	0.137989	0.983202	0.0	0.5751029999999999	-0.797619	0.181823	0.0	-2.62787	-1.8771200000000001	-0.602463	0.314305	-0.608256	0.7346560000000001	0.300508	0.0	-0.074439	0.324131	-0.9430790000000001	0.0	-0.790243	-0.596003	-0.142467	0.0	2.45226	1.0300200000000002	0.8828940000000001	0.360099	
0	0.761275	0.6476109999999999	-0.032558	0.0	-0.0800778	0.14372100000000002	0.9863729999999999	0.0	0.643465	-0.748294	0.161271	0.0	-2.60754	-1.64575	-0.578462	0.314889	-0.6061380000000001	0.7368819999999999	0.299334	0.0	-0.07441110000000001	0.32216100000000003	-0.9437559999999999	0.0	-0.791871	-0.59432	-0.140442	0.0	2.44486	1.0347899999999999	0.885962	0.360191	
0	0.738791	0.67177	-0.053975800000000004	0.0	-0.06088300000000001	0.146291	0.987366	0.0	0.671179	-0.726171	0.148978	0.0	-2.59501	-1.4288399999999999	-0.555008	0.315062	-0.606584	0.7366199999999999	0.299078	0.0	-0.07464789999999999	0.321756	-0.943875	0.0	-0.791507	-0.594865	-0.140185	0.0	2.43759	1.03854	0.889609	0.36011	
0	0.71022	0.700576	-0.0691435	0.0	-0.048088099999999995	0.146268	0.9880760000000001	0.0	0.702335	-0.698426	0.137572	0.0	-2.58948	-1.16616	-0.451337	0.314988	-0.6076729999999999	0.7357	0.29913	0.0	-0.0758437	0.32116999999999996	-0.9439799999999999	0.0	-0.790558	-0.596318	-0.13936800000000002	0.0	2.4359	1.0311299999999999	0.888445	0.360188	
0	0.710659	0.70015	-0.06894860000000001	0.0	-0.0481474	0.146174	0.988087	0.0	0.701887	-0.698873	0.13759000000000002	0.0	-2.58874	-1.1683	-0.452143	0.31498200000000004	-0.607684	0.735684	0.299148	0.0	-0.07582810000000001	0.321207	-0.943968	0.0	-0.790551	-0.596318	-0.139407	0.0	2.4361900000000003	1.03223	0.888393	0.360169	
0	0.710658	0.70015	-0.068953	0.0	-0.0481509	0.14618299999999998	0.988085	0.0	0.701888	-0.69887	0.137599	0.0	-2.58872	-1.16879	-0.45237799999999995	0.314985	-0.607684	0.735684	0.299148	0.0	-0.0758283	0.321207	-0.943968	0.0	-0.790551	-0.596318	-0.139407	0.0	2.43618	1.03223	0.8883969999999999	0.36017	
0	0.710658	0.70015	-0.0689529	0.0	-0.048151	0.14618299999999998	0.988085	0.0	0.701888	-0.698871	0.137599	0.0	-2.58872	-1.16879	-0.45237799999999995	0.31498400000000004	-0.607684	0.735684	0.299148	0.0	-0.0758282	0.321207	-0.943968	0.0	-0.79055	-0.596318	-0.139407	0.0	2.43618	1.03223	0.8883969999999999	0.36017	
0	0.710658	0.70015	-0.068953	0.0	-0.048151	0.14618299999999998	0.988085	0.0	0.701888	-0.698871	0.137599	0.0	-2.58872	-1.16879	-0.45237799999999995	0.314985	-0.607684	0.735684	0.299148	0.0	-0.0758282	0.321207	-0.943968	0.0	-0.79055	-0.596318	-0.139407	0.0	2.43618	1.03223	0.8883969999999999	0.36017	
0	0.710658	0.70015	-0.0689529	0.0	-0.048151	0.14618299999999998	0.988085	0.0	0.701888	-0.698871	0.137599	0.0	-2.58872	-1.16879	-0.45237799999999995	0.314985	-0.607684	0.735684	0.299148	0.0	-0.0758282	0.321207	-0.943968	0.0	-0.79055	-0.596318	-0.139407	0.0	2.43618	1.03223	0.8883969999999999	0.36017	
0	0.710658	0.70015	-0.0689529	0.0	-0.048151	0.14618299999999998	0.988085	0.0	0.701888	-0.698871	0.137599	0.0	-2.58872	-1.16879	-0.45237799999999995	0.314985	-0.607684	0.735684	0.299148	0.0	-0.0758282	0.321207	-0.943968	0.0	-0.79055	-0.596318	-0.139407	0.0	2.43618	1.03223	0.8883969999999999	0.36017	
0	0.710658	0.70015	-0.0689529	0.0	-0.048151099999999995	0.14618299999999998	0.988085	0.0	0.701888	-0.698871	0.137599	0.0	-2.58872	-1.16879	-0.45237799999999995	0.314985	-0.607684	0.735684	0.299148	0.0	-0.0758282	0.321207	-0.943968	0.0	-0.79055	-0.596318	-0.139407	0.0	2.43618	1.03223	0.8883969999999999	0.36017	
0	0.710658	0.70015	-0.0689529	0.0	-0.048151	0.14618299999999998	0.988085	0.0	0.701888	-0.698871	0.137599	0.0	-2.58872	-1.16879	-0.45237799999999995	0.314985	-0.607684	0.735684	0.299148	0.0	-0.0758282	0.321207	-0.943968	0.0	-0.79055	-0.596318	-0.139407	0.0	2.43618	1.03223	0.8883969999999999	0.36017	
0	0.710658	0.70015	-0.0689529	0.0	-0.048151	0.14618299999999998	0.988085	0.0	0.701888	-0.698871	0.137599	0.0	-2.58872	-1.16879	-0.45237799999999995	0.314985	-0.607684	0.735684	0.299148	0.0	-0.0758282	0.321207	-0.943968	0.0	-0.79055	-0.596318	-0.139407	0.0	2.43618	1.03223	0.8883969999999999	0.36017	
0	0.710658	0.70015	-0.0689529	0.0	-0.048151	0.14618299999999998	0.988085	0.0	0.701888	-0.698871	0.137599	0.0	-2.58872	-1.16879	-0.45237799999999995	0.314985	-0.607684	0.735684	0.299148	0.0	-0.0758282	0.321207	-0.943968	0.0	-0.79055	-0.596318	-0.139407	0.0	2.43618	1.03223	0.8883969999999999	0.36017	
0	0.710658	0.70015	-0.068953	0.0	-0.048151	0.14618299999999998	0.988085	0.0	0.701888	-0.698871	0.137599	0.0	-2.58872	-1.16879	-0.45237799999999995	0.314985	-0.607684	0.735684	0.299148	0.0	-0.0758282	0.321207	-0.943968	0.0	-0.79055	-0.596318	-0.139407	0.0	2.43618	1.03223	0.8883969999999999	0.36017	
0	0.710658	0.70015	-0.0689529	0.0	-0.048151099999999995	0.14618299999999998	0.988085	0.0	0.701888	-0.698871	0.137599	0.0	-2.58872	-1.16879	-0.45237799999999995	0.314985	-0.607684	0.735684	0.299148	0.0	-0.0758282	0.321207	-0.943968	0.0	-0.79055	-0.596318	-0.139407	0.0	2.43618	1.03223	0.8883969999999999	0.36017	
0	0.257363	0.9663	0.00548422	0.0	0.044023900000000005	-0.0173945	0.9988790000000001	0.0	0.9653120000000001	-0.256833	-0.0470171	0.0	-2.59627	-1.13953	-0.521837	0.198961	-0.24693299999999999	0.9574010000000001	0.14968900000000002	0.0	-0.0411974	0.14396099999999998	-0.988726	0.0	-0.9681569999999999	-0.250316	0.00389373	0.0	2.42351	1.05208	0.914459	0.101202	
0	0.28912	0.955253	0.0624635	0.0	0.0826781	-0.0899236	0.992511	0.0	0.953716	-0.28179099999999996	-0.104977	0.0	-2.56873	-1.17652	-0.559701	0.34431300000000004	-0.250945	0.955965	0.152178	0.0	-0.020400599999999998	0.151951	-0.9881770000000001	0.0	-0.967786	-0.251083	-0.018629	0.0	2.45225	1.03025	0.885516	0.337049	
0	0.29770399999999997	0.951456	0.078124	0.0	0.07676380000000001	-0.105428	0.99146	0.0	0.951567	-0.289164	-0.104424	0.0	-2.4948200000000003	-1.20834	-0.601989	0.347674	-0.24024600000000002	0.958851	0.151284	0.0	-0.019223900000000002	0.151118	-0.9883290000000001	0.0	-0.9705219999999999	-0.24035	-0.0178726	0.0	2.39393	0.998761	0.842308	0.352898	
0	0.39261599999999997	0.911474	0.12275	0.0	0.056818799999999996	-0.15725	0.985923	0.0	0.9179459999999999	-0.380114	-0.113528	0.0	-2.48347	-1.26083	-0.602773	0.346887	-0.25011	0.9549780000000001	0.159571	0.0	-0.0187875	0.159992	-0.9869399999999999	0.0	-0.9680350000000001	-0.24984099999999998	-0.0220738	0.0	2.3738900000000003	0.9742860000000001	0.831508	0.360108	
0	0.449273	0.8823340000000001	0.140147	0.0	0.0488158	-0.180881	0.9822930000000001	0.0	0.8920600000000001	-0.43447700000000006	-0.12433699999999999	0.0	-2.5198099999999997	-1.33843	-0.698781	0.347848	-0.259709	0.94994	0.173679	0.0	-0.0171458	0.175286	-0.984368	0.0	-0.965535	-0.258627	-0.0292358	0.0	2.37945	0.946897	0.803528	0.36046500000000004	
0	0.518081	0.843619	0.141061	0.0	0.0458173	-0.192055	0.9803139999999999	0.0	0.8541030000000001	-0.50142	-0.138153	0.0	-2.56408	-1.45666	-0.779054	0.34541700000000003	-0.264725	0.94944	0.168773	0.0	-0.0113305	0.171943	-0.985042	0.0	-0.964258	-0.262678	-0.0347601	0.0	2.39119	0.900259	0.760901	0.360283	
0	0.610322	0.7902279999999999	0.0551995	0.0	0.0411783	-0.101238	0.9940100000000001	0.0	0.791082	-0.6043930000000001	-0.0943279	0.0	-2.6895599999999997	-1.8141	-0.9322379999999999	-0.010982500000000001	-0.273544	0.947616	0.164918	0.0	-0.00639421	0.16966199999999998	-0.985482	0.0	-0.961838	-0.270627	-0.0403509	0.0	2.40314	0.828857	0.707497	0.360274	
0	0.676917	0.732233	0.074948	0.0	0.00610989	-0.10740999999999999	0.9941959999999999	0.0	0.736034	-0.672531	-0.0771812	0.0	-2.93608	-2.08248	-1.04786	0.0	-0.274514	0.947752	0.162504	0.0	-0.00720304	0.166965	-0.9859370000000001	0.0	-0.961556	-0.27182399999999995	-0.0390075	0.0	2.40282	0.8011149999999999	0.696292	0.360448	
0	0.710322	0.702754	0.0397443	0.0	0.0514461	-0.10814800000000001	0.9928030000000001	0.0	0.701995	-0.7031649999999999	-0.112974	0.0	-3.07025	-2.36612	-1.18413	0.31705500000000003	-0.27655599999999997	0.947061	0.16307	0.0	-0.00575733	0.168052	-0.9857610000000001	0.0	-0.960981	-0.273557	-0.0410233	0.0	2.40272	0.795691	0.693657	0.36045	
0	0.757566	0.652514	0.0178908	0.0	0.038471899999999996	-0.0719925	0.996663	0.0	0.651624	-0.7543489999999999	-0.07964249999999999	0.0	-3.12973	-2.6766400000000004	-1.2777399999999999	0.34625500000000003	-0.275963	0.9471	0.163851	0.0	-0.00535554	0.168953	-0.98561	0.0	-0.9611540000000001	-0.27286900000000003	-0.0415524	0.0	2.4026400000000003	0.792895	0.691346	0.360553	
0	0.804374	0.594005	0.0118317	0.0	0.0206161	-0.0478091	0.9986440000000001	0.0	0.593765	-0.8030390000000001	-0.0507025	0.0	-3.2694900000000002	-3.05105	-1.40595	0.346193	-0.275418	0.947235	0.163984	0.0	-0.00498909	0.16917100000000002	-0.985574	0.0	-0.961312	-0.27226300000000003	-0.041867	0.0	2.4033700000000002	0.793104	0.692854	0.360609	
0	0.83034	0.5572550000000001	-0.00155213	0.0	0.019495	-0.026264999999999997	0.9994649999999999	0.0	0.556916	-0.829926	-0.0326726	0.0	-3.40447	-3.30536	-1.5292299999999999	0.347206	-0.27519099999999996	0.947335	0.16378800000000002	0.0	-0.00479355	0.169012	-0.9856020000000001	0.0	-0.9613780000000001	-0.272014	-0.041969400000000004	0.0	2.40426	0.791505	0.693375	0.360594	
0	0.8482219999999999	0.529544	-0.0101344	0.0	0.018576099999999998	-0.0106215	0.999771	0.0	0.529315	-0.848216	-0.0188462	0.0	-3.4813	-3.4656599999999997	-1.6402299999999999	0.34824499999999997	-0.273987	0.947451	0.165132	0.0	-0.00503141	0.17028800000000002	-0.985382	0.0	-0.96172	-0.270812	-0.0418897	0.0	2.40395	0.78855	0.692246	0.36055	
0	0.863403	0.5043569999999999	-0.0126011	0.0	0.0125124	0.0035626	0.999915	0.0	0.504359	-0.8634879999999999	-0.00323475	0.0	-3.5062699999999998	-3.60627	-1.75646	0.349986	-0.27351	0.947832	0.16372799999999998	0.0	-0.00620577	0.168476	-0.9856860000000001	0.0	-0.961849	-0.270611	-0.0401978	0.0	2.39233	0.788181	0.6954600000000001	0.360597	
0	0.8762129999999999	0.48174700000000004	-0.013047399999999999	0.0	0.00763257	0.013198099999999999	0.999884	0.0	0.481863	-0.8762110000000001	0.00788736	0.0	-3.4755800000000003	-3.66479	-1.8273099999999998	0.34928200000000004	-0.272648	0.9479559999999999	0.164445	0.0	-0.0072324	0.168897	-0.985607	0.0	-0.962087	-0.269913	-0.03919330000000001	0.0	2.37851	0.789701	0.7014819999999999	0.360686	
0	0.876791	0.480739	-0.0112682	0.0	0.00180808	0.020136900000000003	0.9997959999999999	0.0	0.480868	-0.876633	0.0167866	0.0	-3.4664800000000002	-3.70566	-1.8665200000000002	0.347609	-0.27307	0.9476129999999999	0.16572	0.0	-0.00663319	0.170408	-0.985351	0.0	-0.9619719999999999	-0.270169	-0.0402477	0.0	2.37711	0.792547	0.698509	0.360557	
0	0.872186	0.489063	-0.0104232	0.0	-0.00247601	0.025720999999999997	0.9996659999999999	0.0	0.48916800000000005	-0.871869	0.023644400000000003	0.0	-3.4733699999999996	-3.70626	-1.8831799999999999	0.345803	-0.276999	0.946722	0.164286	0.0	-0.00965181	0.168226	-0.985701	0.0	-0.960822	-0.274624	-0.037461	0.0	2.37593	0.787458	0.700783	0.360579	
0	0.8746790000000001	0.483675	-0.0315582	0.0	0.00191225	0.061664199999999995	0.9980950000000001	0.0	0.4847	-0.873073	0.0530115	0.0	-3.46803	-3.68747	-1.94859	0.299264	-0.281955	0.9454100000000001	0.163403	0.0	-0.014247999999999999	0.166168	-0.985994	0.0	-0.9593219999999999	-0.280334	-0.0333818	0.0	2.37252	0.7850699999999999	0.71349	0.360703	
0	0.899401	0.428989	-0.0839432	0.0	0.0317275	0.12746300000000002	0.9913360000000001	0.0	0.435972	-0.8942709999999999	0.101029	0.0	-3.2979199999999995	-3.61729	-1.9492099999999999	0.11096600000000001	-0.285945	0.944464	0.161936	0.0	-0.0185696	0.163498	-0.986369	0.0	-0.958066	-0.285055	-0.0292135	0.0	2.36326	0.785381	0.739537	0.361844	
0	0.9025770000000001	0.417833	-0.10378399999999999	0.0	0.0530481	0.131293	0.989923	0.0	0.427249	-0.8989870000000001	0.09633660000000001	0.0	-3.27661	-3.61073	-1.9335900000000001	0.11036300000000002	-0.3232	0.929991	0.175095	0.0	-0.0328445	0.17389000000000002	-0.984217	0.0	-0.9457610000000001	-0.32385	-0.025656	0.0	2.3566700000000003	0.7845880000000001	0.7641060000000001	0.36078899999999997	
0	0.896338	0.42497799999999997	-0.126378	0.0	0.0736822	0.138295	0.9876459999999999	0.0	0.43720600000000004	-0.8945770000000001	0.092646	0.0	-3.27695	-3.6109199999999997	-1.9234799999999999	0.10993	-0.362745	0.9110159999999999	0.196131	0.0	-0.0517311	0.190456	-0.980332	0.0	-0.9304520000000001	-0.36575599999999997	-0.0219591	0.0	2.3601	0.778069	0.7580640000000001	0.36037399999999997	
0	0.892547	0.429134	-0.138578	0.0	0.08475650000000001	0.14218699999999998	0.9862049999999999	0.0	0.44291800000000003	-0.8919790000000001	0.0905367	0.0	-3.27448	-3.60914	-1.9160400000000002	0.10906099999999999	-0.393469	0.8950030000000001	0.21012399999999998	0.0	-0.06852860000000001	0.199371	-0.977525	0.0	-0.9167799999999999	-0.399025	-0.017113200000000002	0.0	2.3730900000000004	0.771544	0.759985	0.360031	
0	0.877801	0.455549	-0.148125	0.0	0.108886	0.111377	0.9877950000000001	0.0	0.46648599999999996	-0.883216	0.048164099999999994	0.0	-3.26519	-3.5847900000000004	-1.85542	0.10671099999999999	-0.503202	0.824882	0.25759899999999997	0.0	-0.10145	0.239639	-0.9655469999999999	0.0	-0.858193	-0.511998	-0.036902	0.0	2.44528	0.735387	0.617294	0.359259	
0	0.854403	0.49970699999999996	-0.142434	0.0	0.12390699999999999	0.07027119999999999	0.9898030000000001	0.0	0.504621	-0.863339	-0.00187722	0.0	-3.24515	-3.40193	-1.80847	0.10570399999999999	-0.558905	0.778572	0.285396	0.0	-0.10866700000000001	0.272433	-0.9560190000000001	0.0	-0.822081	-0.565337	-0.0676593	0.0	2.53524	0.75153	0.359677	0.359089	
0	0.839007	0.525355	-0.141665	0.0	0.136704	0.0484851	0.989425	0.0	0.526668	-0.8495	-0.031138599999999995	0.0	-3.23244	-3.24245	-1.8016	0.10603699999999999	-0.564348	0.772149	0.292058	0.0	-0.108678	0.281211	-0.953472	0.0	-0.818353	-0.5698300000000001	-0.0747852	0.0	2.54222	0.745738	0.25119	0.35923299999999997	
0	0.7934439999999999	0.59397	-0.132839	0.0	0.162369	0.00377875	0.9867229999999999	0.0	0.5865859999999999	-0.804478	-0.0934438	0.0	-3.17542	-2.8446599999999997	-1.79318	0.105968	-0.545104	0.7797149999999999	0.308067	0.0	-0.116053	0.293744	-0.9488129999999999	0.0	-0.830297	-0.552954	-0.0696331	0.0	2.49329	0.746488	0.10901300000000001	0.35944299999999996	
0	0.754071	0.646606	-0.11523	0.0	0.184187	-0.0397845	0.982086	0.0	0.630438	-0.761786	-0.149097	0.0	-3.0806	-2.39188	-1.7546599999999999	0.1053	-0.52152	0.787266	0.32898299999999997	0.0	-0.127851	0.309113	-0.942392	0.0	-0.843606	-0.533537	-0.0605561	0.0	2.3776599999999997	0.73212	0.05615	0.359674	
0	0.740748	0.66314	-0.10741400000000001	0.0	0.190924	-0.05451519999999999	0.98009	0.0	0.644081	-0.7465069999999999	-0.166992	0.0	-3.02053	-2.1878599999999997	-1.6997200000000001	0.105223	-0.519766	0.782899	0.341926	0.0	-0.133964	0.32059299999999996	-0.9376959999999999	0.0	-0.8437399999999999	-0.533188	-0.061752999999999995	0.0	2.3329400000000002	0.730826	0.0459818	0.35961	
0	0.703066	0.705563	-0.08876460000000001	0.0	0.186288	-0.062272900000000006	0.9805200000000001	0.0	0.686291	-0.705906	-0.17522000000000001	0.0	-2.89237	-1.8014599999999998	-1.56808	0.105272	-0.518456	0.771169	0.369462	0.0	-0.14685399999999998	0.345348	-0.9269129999999999	0.0	-0.8424	-0.534821	-0.06579860000000001	0.0	2.24663	0.717873	0.035269	0.359616	
0	0.6547649999999999	0.751121	-0.08425880000000001	0.0	0.167795	-0.0357561	0.985173	0.0	0.7369720000000001	-0.659196	-0.149447	0.0	-2.79798	-1.63857	-1.52797	0.105278	-0.506871	0.762862	0.401401	0.0	-0.164952	0.371211	-0.9137799999999999	0.0	-0.846092	-0.529381	-0.062320299999999995	0.0	2.20338	0.712959	0.03804930000000001	0.359629	
0	0.585909	0.806225	-0.0819213	0.0	0.126726	0.00869213	0.9919	0.0	0.800407	-0.591545	-0.0970768	0.0	-2.659	-1.57006	-1.5006	0.10523699999999998	-0.478534	0.753879	0.450192	0.0	-0.199166	0.40615300000000004	-0.8918370000000001	0.0	-0.855183	-0.516437	-0.0442112	0.0	2.14243	0.70028	0.034259500000000005	0.359595	
4	0.572984	0.815086	-0.0855808	0.0	0.121576	0.018733700000000002	0.992405	0.0	0.810499	-0.579037	-0.08836089999999999	0.0	-2.6353	-1.56521	-1.50252	0.105277	-0.47258100000000003	0.7540859999999999	0.456093	0.0	-0.20294700000000002	0.410501	-0.8889889999999999	0.0	-0.8576010000000001	-0.512682	-0.0409557	0.0	2.12869	0.697587	0.0323766	0.359559	
4	0.42947700000000005	0.8883620000000001	-0.162365	0.0	0.0674845	0.14771700000000001	0.986725	0.0	0.900553	-0.434733	0.00349027	0.0	-2.34692	-1.50731	-1.5579399999999999	0.105601	-0.420653	0.724067	0.546606	0.0	-0.23655	0.494126	-0.836591	0.0	-0.87584	-0.48121400000000003	-0.036577899999999997	0.0	1.91917	0.670984	-0.0636799	0.359636	
4	0.376206	0.900747	-0.21708000000000002	0.0	0.051812000000000004	0.213473	0.9755739999999999	0.0	0.9250860000000001	-0.378265	0.0336405	0.0	-2.26195	-1.50021	-1.59053	0.10600699999999999	-0.405483	0.7067220000000001	0.579765	0.0	-0.24276399999999998	0.528213	-0.813669	0.0	-0.8812770000000001	-0.470675	-0.0426148	0.0	1.8638700000000001	0.666099	-0.0909599	0.359607	
4	0.229946	0.883157	-0.408851	0.0	-0.00636074	0.42146300000000003	0.9068229999999999	0.0	0.973183	-0.20592	0.102531	0.0	-2.03641	-1.47494	-1.6574799999999998	0.105459	-0.366654	0.655578	0.660139	0.0	-0.26106	0.60855	-0.749343	0.0	-0.8929799999999999	-0.447085	-0.05198200000000001	0.0	1.6715200000000001	0.654271	-0.182333	0.35946100000000003	
4	0.184398	0.865597	-0.465553	0.0	-0.0448827	0.48059799999999997	0.875792	0.0	0.981826	-0.140599	0.127472	0.0	-1.93238	-1.4391399999999999	-1.6667900000000002	0.10550599999999999	-0.357534	0.616363	0.701617	0.0	-0.28016399999999997	0.645885	-0.71017	0.0	-0.8908860000000001	-0.450478	-0.0582433	0.0	1.5996299999999999	0.653802	-0.200219	0.35935500000000004	
4	0.123949	0.820435	-0.558142	0.0	-0.118118	0.570679	0.812634	0.0	0.985233	-0.034798800000000005	0.16764300000000001	0.0	-1.7345099999999998	-1.36417	-1.6377899999999999	0.105279	-0.32876500000000003	0.560126	0.760376	0.0	-0.328598	0.6869810000000001	-0.6481359999999999	0.0	-0.885402	-0.46294300000000005	-0.041799300000000005	0.0	1.40631	0.624174	-0.19955599999999998	0.358543	
4	0.113697	0.8048489999999999	-0.582487	0.0	-0.140424	0.593421	0.7925479999999999	0.0	0.983542	-0.00831532	0.18049	0.0	-1.67215	-1.3277299999999999	-1.6013899999999999	0.10547999999999999	-0.321617	0.542461	0.776079	0.0	-0.352024	0.692376	-0.629837	0.0	-0.879	-0.47576499999999994	-0.031720599999999995	0.0	1.32745	0.581759	-0.19308499999999998	0.358713	
4	0.0988346	0.765003	-0.6363979999999999	0.0	-0.182427	0.64262	0.744151	0.0	0.978239	0.04254840000000001	0.20307	0.0	-1.57453	-1.2735100000000001	-1.50689	0.10535699999999999	-0.30498000000000003	0.494795	0.813735	0.0	-0.391757	0.7136239999999999	-0.5807479999999999	0.0	-0.868052	-0.495903	-0.0238019	0.0	1.1152600000000001	0.5232979999999999	-0.189654	0.358319	
4	0.09785039999999999	0.755848	-0.6473939999999999	0.0	-0.196656	0.652374	0.731939	0.0	0.9755780000000001	0.0556934	0.212477	0.0	-1.54818	-1.2555399999999999	-1.4619799999999998	0.10561500000000001	-0.298414	0.48126599999999997	0.824216	0.0	-0.402778	0.7194	-0.5658920000000001	0.0	-0.8652860000000001	-0.500846	-0.0208356	0.0	1.04271	0.507329	-0.191031	0.35821	
4	0.1018	0.736727	-0.668484	0.0	-0.223498	0.671734	0.7062729999999999	0.0	0.969374	0.07750610000000001	0.233039	0.0	-1.50558	-1.24168	-1.36995	0.105651	-0.291812	0.452059	0.8429049999999999	0.0	-0.43441899999999994	0.72248	-0.5378689999999999	0.0	-0.8521299999999999	-0.523131	-0.0144452	0.0	0.906536	0.44546199999999997	-0.203453	0.358254	
4	0.114972	0.7292890000000001	-0.674477	0.0	-0.23222399999999999	0.679897	0.695566	0.0	0.965844	0.0766591	0.247527	0.0	-1.49001	-1.25514	-1.33404	0.10567	-0.294709	0.444615	0.845851	0.0	-0.442586	0.720992	-0.533188	0.0	-0.846915	-0.531496	-0.015702200000000003	0.0	0.864352	0.42099899999999996	-0.214191	0.358256	
4	0.159735	0.7160770000000001	-0.6794979999999999	0.0	-0.25059000000000003	0.695203	0.673719	0.0	0.954824	0.06265830000000001	0.29049	0.0	-1.4643700000000002	-1.34128	-1.1990100000000001	0.10541400000000001	-0.30594499999999997	0.419257	0.854764	0.0	-0.4545	0.724583	-0.5180819999999999	0.0	-0.836557	-0.546995	-0.0311303	0.0	0.798098	0.39313400000000004	-0.281005	0.358146	
4	0.191224	0.6970430000000001	-0.69106	0.0	-0.267451	0.714414	0.6465930000000001	0.0	0.944406	0.0611806	0.323038	0.0	-1.45571	-1.3970799999999999	-1.1274	0.105522	-0.314736	0.406829	0.8575729999999999	0.0	-0.454287	0.7287239999999999	-0.5124310000000001	0.0	-0.833405	-0.5508649999999999	-0.0445385	0.0	0.763257	0.37038000000000004	-0.335337	0.358219	
4	0.248295	0.674563	-0.695208	0.0	-0.30601	0.735553	0.604417	0.0	0.9190799999999999	0.0626665	0.38905700000000004	0.0	-1.43071	-1.48606	-0.942766	0.10558900000000002	-0.319774	0.376423	0.8695120000000001	0.0	-0.48118900000000003	0.726024	-0.49126899999999996	0.0	-0.8162119999999999	-0.575495	-0.0510327	0.0	0.670509	0.312246	-0.42595500000000003	0.358327	
4	0.267864	0.668465	-0.693833	0.0	-0.31504	0.741332	0.5926020000000001	0.0	0.910494	0.0598485	0.409169	0.0	-1.41973	-1.51988	-0.873446	0.10549800000000001	-0.323209	0.362714	0.874057	0.0	-0.495709	0.72188	-0.482868	0.0	-0.806107	-0.589345	-0.0535178	0.0	0.625733	0.293191	-0.44407700000000006	0.358423	
4	0.27465100000000003	0.660736	-0.698567	0.0	-0.31317399999999995	0.74836	0.584704	0.0	0.909114	0.0581836	0.412463	0.0	-1.42721	-1.57726	-0.805843	0.105296	-0.331074	0.33053699999999997	0.883819	0.0	-0.528488	0.711001	-0.46387399999999995	0.0	-0.781723	-0.620664	-0.0607095	0.0	0.52955	0.208006	-0.47524099999999997	0.35825500000000005	
4	0.271665	0.6579470000000001	-0.7023560000000001	0.0	-0.327275	0.749466	0.575492	0.0	0.905035	0.0735225	0.41893400000000003	0.0	-1.42547	-1.54556	-0.773273	0.10600699999999999	-0.333135	0.310888	0.890151	0.0	-0.560707	0.6936859999999999	-0.452114	0.0	-0.758043	-0.649729	-0.0567744	0.0	0.470358	0.12166500000000001	-0.470866	0.35784499999999997	
4	0.270574	0.656524	-0.7041069999999999	0.0	-0.32859099999999997	0.7504460000000001	0.573462	0.0	0.9048860000000001	0.07619930000000001	0.418779	0.0	-1.4239899999999999	-1.50684	-0.750571	0.10556900000000001	-0.33050799999999997	0.296802	0.89592	0.0	-0.586735	0.678926	-0.44136400000000003	0.0	-0.739261	-0.671542	-0.0502465	0.0	0.431648	0.046739499999999996	-0.452405	0.35772800000000005	
4	0.260577	0.667533	-0.697495	0.0	-0.335897	0.740002	0.5827260000000001	0.0	0.9051370000000001	0.0824416	0.41705	0.0	-1.42602	-1.47399	-0.76718	0.10591700000000001	-0.328002	0.2914	0.89861	0.0	-0.64253	0.628501	-0.43833999999999995	0.0	-0.692509	-0.7211609999999999	-0.0189165	0.0	0.343092	-0.167915	-0.380105	0.357416	
4	0.22693200000000002	0.690863	-0.686448	0.0	-0.349142	0.715697	0.604878	0.0	0.909177	0.102401	0.403623	0.0	-1.4325299999999999	-1.44344	-0.806941	0.10525	-0.337447	0.296013	0.893592	0.0	-0.678565	0.581444	-0.44885699999999995	0.0	-0.6524409999999999	-0.757825	0.00465703	0.0	0.270341	-0.354081	-0.31529	0.357089	
4	0.205925	0.6990890000000001	-0.68474	0.0	-0.366912	0.7038479999999999	0.608254	0.0	0.907177	0.12598499999999999	0.401445	0.0	-1.43191	-1.38186	-0.8306969999999999	0.104772	-0.343694	0.296717	0.8909729999999999	0.0	-0.692009	0.561347	-0.45388599999999996	0.0	-0.634821	-0.77256	0.0123995	0.0	0.22866599999999998	-0.47319700000000003	-0.296608	0.357016	
4	0.19735	0.7018300000000001	-0.684461	0.0	-0.379285	0.6984819999999999	0.6068479999999999	0.0	0.9039889999999999	0.139845	0.40404	0.0	-1.43244	-1.35128	-0.8362850000000001	0.104593	-0.348173	0.295769	0.889548	0.0	-0.696666	0.553293	-0.45664399999999994	0.0	-0.627242	-0.778709	0.0134106	0.0	0.21530700000000003	-0.511949	-0.286262	0.356856	
4	0.189159	0.704897	-0.6836220000000001	0.0	-0.388024	0.693188	0.607394	0.0	0.9020290000000001	0.150368	0.40464	0.0	-1.46011	-1.36236	-0.8522860000000001	0.10525799999999999	-0.359774	0.287136	0.887759	0.0	-0.702812	0.542416	-0.460261	0.0	-0.613692	-0.789518	0.00665593	0.0	0.189343	-0.5425949999999999	-0.28378000000000003	0.357189	
4	0.18889	0.705589	-0.682983	0.0	-0.397124	0.69098	0.604019	0.0	0.898117	0.157135	0.410725	0.0	-1.47316	-1.37494	-0.839456	0.103376	-0.363506	0.281457	0.888057	0.0	-0.704719	0.540388	-0.45973	0.0	-0.60929	-0.792946	0.00191408	0.0	0.187244	-0.548599	-0.293346	0.357261	
4	0.18715299999999999	0.709047	-0.679872	0.0	-0.397487	0.6875720000000001	0.607658	0.0	0.8983190000000001	0.15651600000000002	0.41051899999999997	0.0	-1.57433	-1.3884	-0.826952	0.00259757	-0.37928	0.263979	0.886827	0.0	-0.7059310000000001	0.5370510000000001	-0.46177700000000005	0.0	-0.598171	-0.801181	-0.0173421	0.0	0.207892	-0.5890880000000001	-0.373123	0.35581399999999996	
4	0.192339	0.711064	-0.676309	0.0	-0.39819899999999997	0.686441	0.608471	0.0	0.896908	0.152273	0.415174	0.0	-1.60694	-1.37543	-0.809253	0.00178981	-0.381524	0.25864499999999996	0.8874360000000001	0.0	-0.704788	0.5397930000000001	-0.46032399999999996	0.0	-0.598092	-0.801078	-0.023653599999999997	0.0	0.199795	-0.6116510000000001	-0.42828299999999997	0.355476	
4	0.20585799999999999	0.71468	-0.6684720000000001	0.0	-0.405013	0.684074	0.606635	0.0	0.890835	0.145859	0.430277	0.0	-1.58505	-1.34538	-0.727691	-0.0007007119999999999	-0.379227	0.266477	0.8861020000000001	0.0	-0.6954560000000001	0.549592	-0.46291400000000005	0.0	-0.61035	-0.791795	-0.023097200000000002	0.0	0.0948611	-0.6514220000000001	-0.559348	0.355973	
4	0.208024	0.714512	-0.667981	0.0	-0.407074	0.684211	0.6051	0.0	0.8893909999999999	0.146042	0.433192	0.0	-1.5441200000000002	-1.34427	-0.7330899999999999	-4.00543e-05	-0.37561100000000003	0.275935	0.884747	0.0	-0.689959	0.5541189999999999	-0.46573400000000004	0.0	-0.618767	-0.785374	-0.0177495	0.0	0.0367149	-0.64007	-0.559477	0.35624	
4	0.21245799999999998	0.707904	-0.673597	0.0	-0.404643	0.69119	0.598765	0.0	0.889452	0.14535399999999998	0.43329799999999996	0.0	-1.55512	-1.3745399999999999	-0.730525	0.0	-0.37043899999999996	0.290196	0.8823610000000001	0.0	-0.678176	0.564616	-0.47041099999999997	0.0	-0.634707	-0.772655	-0.012351799999999998	0.0	0.021531400000000003	-0.555806	-0.536176	0.356367	
4	0.21533400000000003	0.705159	-0.67556	0.0	-0.40473600000000004	0.694021	0.5954189999999999	0.0	0.888718	0.145209	0.434849	0.0	-1.55674	-1.368	-0.702416	-1.0728800000000001e-05	-0.369762	0.296636	0.880502	0.0	-0.6673680000000001	0.574554	-0.473822	0.0	-0.6464489999999999	-0.7628199999999999	-0.014483100000000002	0.0	0.0162156	-0.497167	-0.533087	0.356525	
4	0.21760700000000002	0.7045100000000001	-0.675509	0.0	-0.405099	0.694859	0.5941930000000001	0.0	0.887999	0.144347	0.43660299999999996	0.0	-1.55444	-1.3719299999999999	-0.699349	-9.536739999999999e-06	-0.367504	0.298209	0.880916	0.0	-0.6631319999999999	0.580092	-0.473022	0.0	-0.652071	-0.758001	-0.0154344	0.0	0.000594705	-0.49156400000000006	-0.53527	0.356618	
4	0.219088	0.7034520000000001	-0.676133	0.0	-0.40501	0.6960149999999999	0.5929	0.0	0.887675	0.14394300000000002	0.43739399999999995	0.0	-1.5524799999999999	-1.3742299999999998	-0.697153	-9.775160000000001e-06	-0.36454699999999995	0.296823	0.882611	0.0	-0.663312	0.582458	-0.469851	0.0	-0.653547	-0.756729	-0.0154471	0.0	-0.07328889999999999	-0.483465	-0.498224	0.35673699999999997	
4	0.21890500000000002	0.702778	-0.6768930000000001	0.0	-0.404542	0.696655	0.592468	0.0	0.887934	0.144137	0.43680399999999997	0.0	-1.55613	-1.37345	-0.69422	0.0	-0.366297	0.294928	0.8825209999999999	0.0	-0.664079	0.581496	-0.46996000000000004	0.0	-0.651787	-0.758208	-0.017144299999999998	0.0	-0.0853847	-0.48618599999999995	-0.48901300000000003	0.356617	
4	0.21955100000000002	0.704692	-0.67469	0.0	-0.40519	0.6949609999999999	0.594012	0.0	0.8874790000000001	0.14296199999999998	0.43811300000000003	0.0	-1.56066	-1.3744399999999999	-0.696592	0.0	-0.36728299999999997	0.293568	0.8825649999999999	0.0	-0.666547	0.578723	-0.46988800000000003	0.0	-0.648705	-0.760853	-0.0168783	0.0	-0.10830799999999999	-0.5161279999999999	-0.498108	0.356552	
1	0.22398600000000002	0.712936	-0.664495	0.0	-0.40886100000000003	0.687656	0.5999680000000001	0.0	0.884683	0.137302	0.445517	0.0	-1.5659399999999999	-1.38295	-0.699394	0.0	-0.366981	0.294087	0.882518	0.0	-0.66883	0.575951	-0.47005	0.0	-0.646523	-0.762753	-0.014668700000000002	0.0	-0.11334000000000001	-0.528355	-0.496176	0.356579	
1	0.230019	0.729143	-0.6445489999999999	0.0	-0.399446	0.674682	0.620682	0.0	0.887431	0.114694	0.44644300000000003	0.0	-1.57513	-1.40107	-0.712621	0.0	-0.367641	0.29427	0.882182	0.0	-0.670059	0.573984	-0.470704	0.0	-0.6448729999999999	-0.7641640000000001	-0.013841800000000001	0.0	-0.11246500000000001	-0.5370020000000001	-0.481347	0.356469	
1	0.24951700000000002	0.8018489999999999	-0.542936	0.0	-0.327042	0.5975050000000001	0.732142	0.0	0.911474	-0.00511867	0.411326	0.0	-1.65278	-1.56077	-0.7366	0.00048828099999999997	-0.371363	0.293427	0.8809030000000001	0.0	-0.67361	0.567815	-0.473113	0.0	-0.6390140000000001	-0.7690819999999999	-0.0132096	0.0	-0.113328	-0.557092	-0.46331700000000003	0.356564	
1	0.319431	0.816409	-0.481083	0.0	-0.23430399999999998	0.559963	0.794697	0.0	0.9181860000000001	-0.141131	0.370157	0.0	-1.7448599999999999	-1.77026	-0.757733	0.28467800000000004	-0.371199	0.293838	0.880835	0.0	-0.68257	0.556782	-0.473384	0.0	-0.6295310000000001	-0.7769520000000001	-0.00611228	0.0	-0.109102	-0.584923	-0.445118	0.356153	
1	0.352379	0.815823	-0.45854300000000003	0.0	-0.18957100000000002	0.542038	0.818693	0.0	0.9164559999999999	-0.20156400000000002	0.345659	0.0	-1.7645099999999998	-1.88832	-0.809783	0.319895	-0.373582	0.294183	0.879712	0.0	-0.6850229999999999	0.551959	-0.475484	0.0	-0.625444	-0.780255	-0.00467986	0.0	-0.0987587	-0.612358	-0.452266	0.35603	
