0	0.42286599999999996	0.842575	-0.333545	0.0	0.42715	0.139285	0.893388	0.0	0.799204	-0.520257	-0.301006	0.0	-2.79803	2.00143	1.4226	-2.4795500000000003e-05	-0.472501	0.759221	-0.447578	0.0	0.525463	-0.165029	-0.834658	0.0	-0.707553	-0.629563	-0.320966	0.0	2.63415	2.02212	1.5540200000000002	-1.3774300000000001e-05	
0	0.36254400000000003	0.892969	-0.266775	0.0	0.331465	0.143985	0.932416	0.0	0.87103	-0.426469	-0.24378699999999998	0.0	-2.93105	2.01063	1.45095	0.0	-0.235177	0.9224899999999999	-0.306111	0.0	0.176023	-0.269313	-0.94683	0.0	-0.95588	-0.276555	-0.0990434	0.0	2.7288099999999997	2.02565	1.59266	0.0	
0	0.309977	0.927478	-0.20904099999999998	0.0	0.286586	0.118494	0.950699	0.0	0.906523	-0.354603	-0.22907199999999997	0.0	-3.0472599999999996	2.0853	1.39641	0.0	-0.221329	0.9243319999999999	-0.310844	0.0	0.155274	-0.281281	-0.9469799999999999	0.0	-0.962758	-0.25786	-0.08126900000000001	0.0	2.76392	1.9878900000000002	1.54532	-0.000143051	
0	0.246439	0.955211	-0.163826	0.0	0.273823	0.09352569999999999	0.9572219999999999	0.0	0.9296709999999999	-0.28075700000000003	-0.238511	0.0	-3.1026700000000003	2.11426	1.2979	0.204855	-0.216263	0.9271370000000001	-0.30601799999999996	0.0	0.186867	-0.268335	-0.9450280000000001	0.0	-0.9582860000000001	-0.26155900000000004	-0.11522	0.0	2.8415	2.0141	1.48183	0.149696	
0	0.183374	0.969353	-0.163493	0.0	0.250515	0.11474200000000001	0.961289	0.0	0.9505879999999999	-0.21723299999999998	-0.221796	0.0	-3.00458	2.1018	1.2042899999999999	0.348435	-0.221735	0.9298129999999999	-0.29373699999999997	0.0	0.188828	-0.254589	-0.948435	0.0	-0.956649	-0.26576700000000003	-0.11912400000000001	0.0	2.85065	2.0028	1.41486	0.35846999999999996	
0	0.11958800000000001	0.9699190000000001	-0.21203000000000002	0.0	0.23509000000000002	0.179825	0.9551940000000001	0.0	0.9645889999999999	-0.164075	-0.206513	0.0	-2.95887	2.10028	1.1938	0.341993	-0.22758899999999999	0.9263610000000001	-0.300098	0.0	0.165105	-0.267013	-0.9494440000000001	0.0	-0.959658	-0.265631	-0.0921779	0.0	2.8239	1.98407	1.42656	0.331883	
0	0.138654	0.946207	-0.29234699999999997	0.0	0.155997	0.270646	0.9499559999999999	0.0	0.977978	-0.177321	-0.110079	0.0	-2.82797	2.04429	1.40293	0.00292507	-0.230823	0.9194979999999999	-0.318188	0.0	0.167493	-0.284588	-0.9439049999999999	0.0	-0.958471	-0.271169	-0.0883202	0.0	2.82343	1.99964	1.48504	0.00228776	
0	0.185041	0.944477	-0.271518	0.0	0.184371	0.238019	0.953601	0.0	0.965281	-0.22651500000000002	-0.130091	0.0	-2.84614	2.07788	1.47884	0.0	-0.256021	0.916085	-0.308614	0.0	0.173739	-0.270449	-0.9469280000000001	0.0	-0.9509299999999999	-0.296052	-0.0899193	0.0	2.89325	2.0146599999999997	1.4718200000000001	0.0	
0	0.243592	0.945317	-0.21688600000000002	0.0	0.199723	0.16993699999999998	0.9650040000000001	0.0	0.949091	-0.278384	-0.14740599999999998	0.0	-2.84242	2.12518	1.47642	0.0	-0.327919	0.899133	-0.289878	0.0	0.14689100000000002	-0.25458400000000003	-0.95583	0.0	-0.9332159999999999	-0.356015	-0.0485916	0.0	2.92999	2.04316	1.46527	0.0781497	
0	0.374006	0.9173030000000001	-0.136658	0.0	0.173211	0.0756698	0.981974	0.0	0.911108	-0.390935	-0.13058599999999998	0.0	-2.82087	2.10758	1.45717	0.0	-0.420475	0.87851	-0.22676300000000002	0.0	0.163399	-0.172523	-0.9713579999999999	0.0	-0.8924690000000001	-0.445485	-0.0710062	0.0	2.96171	2.15548	1.4558200000000001	0.294394	
0	0.405018	0.9040600000000001	-0.13651300000000002	0.0	0.110653	0.0997428	0.988841	0.0	0.907588	-0.415604	-0.0596394	0.0	-2.79242	2.05444	1.39361	0.0489659	-0.426544	0.8827360000000001	-0.197071	0.0	0.13361800000000001	-0.153995	-0.9789950000000001	0.0	-0.8945420000000001	-0.443917	-0.052264099999999994	0.0	2.87835	2.24992	1.4069200000000002	0.32737	
0	0.42439399999999994	0.898011	-0.11604600000000001	0.0	0.051007800000000006	0.104246	0.993243	0.0	0.90404	-0.42744499999999996	-0.00156406	0.0	-2.70074	1.9709900000000002	1.35337	0.202952	-0.403767	0.9000440000000001	-0.163993	0.0	0.125395	-0.123117	-0.9844379999999999	0.0	-0.906228	-0.418048	-0.06315019999999999	0.0	2.7599299999999998	2.30899	1.35606	0.327846	
0	0.45694700000000005	0.8859600000000001	-0.0792122	0.0	-0.014449700000000001	0.096435	0.9952340000000001	0.0	0.889376	-0.453625	0.05686759999999999	0.0	-2.56239	1.82054	1.3252	0.33517600000000003	-0.393372	0.908892	-0.138473	0.0	0.138527	-0.09030160000000001	-0.986233	0.0	-0.908884	-0.407138	-0.09038380000000001	0.0	2.68665	2.27631	1.30556	0.326872	
0	0.516258	0.8539540000000001	-0.06510930000000001	0.0	-0.0735595	0.119956	0.99005	0.0	0.853268	-0.506332	0.12474500000000001	0.0	-2.39266	1.54672	1.2581799999999999	0.345353	-0.402903	0.9072879999999999	-0.12040799999999999	0.0	0.14233099999999999	-0.0678465	-0.987491	0.0	-0.904108	-0.415001	-0.1018	0.0	2.63523	2.15342	1.27284	0.327119	
0	0.565738	0.8225610000000001	-0.0577457	0.0	-0.08758439999999999	0.129577	0.9876940000000001	0.0	0.8199209999999999	-0.553718	0.14535	0.0	-2.32815	1.3819	1.19449	0.345303	-0.404571	0.906314	-0.12213900000000001	0.0	0.144826	-0.0683762	-0.987092	0.0	-0.9029659999999999	-0.417038	-0.103594	0.0	2.62679	2.11709	1.27909	0.326854	
0	0.684121	0.729352	-0.00482437	0.0	-0.12226400000000001	0.121197	0.9850700000000001	0.0	0.7190479999999999	-0.673317	0.172087	0.0	-2.20479	0.8330569999999999	0.939583	0.34425500000000003	-0.41310600000000003	0.903407	-0.114889	0.0	0.152641	-0.055683699999999996	-0.986712	0.0	-0.8978	-0.42515299999999995	-0.11489300000000001	0.0	2.6394900000000003	2.06745	1.2899399999999999	0.327683	
0	0.739654	0.672758	0.0175955	0.0	-0.129931	0.117099	0.984584	0.0	0.660326	-0.730537	0.174025	0.0	-2.17866	0.426575	0.7047869999999999	0.343931	-0.41818	0.900508	-0.11921199999999998	0.0	0.162499	-0.0549592	-0.9851770000000001	0.0	-0.893711	-0.431354	-0.123349	0.0	2.67216	2.04231	1.28425	0.32766999999999996	
0	0.763355	0.645867	0.012038799999999999	0.0	-0.125781	0.13033	0.98346	0.0	0.6336149999999999	-0.7522439999999999	0.180725	0.0	-2.17259	0.09478550000000001	0.48073999999999995	0.34374099999999996	-0.411629	0.9027350000000001	-0.125024	0.0	0.166054	-0.060596699999999996	-0.984253	0.0	-0.8960959999999999	-0.425908	-0.12495899999999999	0.0	2.6889999999999996	2.03923	1.27776	0.32779200000000003	
0	0.781155	0.624333	0.00238591	0.0	-0.124401	0.151901	0.9805360000000001	0.0	0.6118180000000001	-0.766247	0.196325	0.0	-2.17245	-0.234436	0.31261300000000003	0.343361	-0.408528	0.903856	-0.127082	0.0	0.16583699999999998	-0.0634106	-0.9841120000000001	0.0	-0.8975540000000001	-0.423113	-0.12398800000000001	0.0	2.69171	2.0261099999999996	1.29732	0.327504	
0	0.7846029999999999	0.619969	-0.00600252	0.0	-0.123804	0.166153	0.978297	0.0	0.6075119999999999	-0.766832	0.207119	0.0	-2.1555	-0.44052399999999997	0.181748	0.343196	-0.405055	0.905352	-0.12754400000000002	0.0	0.161841	-0.0662992	-0.9845870000000001	0.0	-0.899854	-0.419454	-0.11966900000000001	0.0	2.6802599999999996	2.0147	1.31554	0.327472	
0	0.786363	0.617661	-0.0113044	0.0	-0.11750799999999999	0.167518	0.978841	0.0	0.606485	-0.768396	0.20431	0.0	-2.15822	-0.527554	0.126314	0.34330900000000003	-0.404855	0.9054909999999999	-0.127199	0.0	0.161706	-0.0660157	-0.9846290000000001	0.0	-0.899969	-0.41920100000000005	-0.119697	0.0	2.67095	2.0119	1.31999	0.327406	
0	0.776991	0.627997	-0.043644	0.0	-0.0821626	0.169904	0.98203	0.0	0.6241270000000001	-0.7594420000000001	0.183612	0.0	-2.13389	-0.7464149999999999	-0.0881191	0.34433800000000003	-0.405869	0.9058799999999999	-0.121046	0.0	0.15981900000000002	-0.060055700000000004	-0.985318	0.0	-0.899849	-0.41925500000000004	-0.120403	0.0	2.65923	1.98943	1.3330600000000001	0.327521	
0	0.787652	0.613464	-0.05714740000000001	0.0	-0.06614099999999999	0.17640799999999998	0.982092	0.0	0.612559	-0.769768	0.179524	0.0	-2.1091	-0.9187200000000001	-0.223396	0.345127	-0.405561	0.9061440000000001	-0.120099	0.0	0.159685	-0.05913290000000001	-0.9853959999999999	0.0	-0.900012	-0.41881599999999997	-0.120716	0.0	2.65219	1.98237	1.33286	0.327653	
0	0.789297	0.608664	-0.08085650000000001	0.0	-0.048035699999999994	0.192493	0.9801219999999999	0.0	0.612129	-0.7697229999999999	0.181172	0.0	-2.1511	-1.12685	-0.35939499999999996	0.34463699999999997	-0.40481500000000004	0.9061389999999999	-0.122624	0.0	0.158019	-0.062761	-0.98544	0.0	-0.900641	-0.41829799999999995	-0.117781	0.0	2.64721	1.9745700000000002	1.33385	0.327463	
0	0.757972	0.6391640000000001	-0.130186	0.0	-0.000597477	0.200264	0.979742	0.0	0.652287	-0.7425390000000001	0.152177	0.0	-2.21277	-1.2098799999999998	-0.5145810000000001	0.34484699999999996	-0.40365999999999996	0.906183	-0.126057	0.0	0.158393	-0.0664834	-0.985135	0.0	-0.9010940000000001	-0.417626	-0.11669700000000001	0.0	2.64292	1.9782799999999998	1.35205	0.327471	
0	0.729934	0.659088	-0.181108	0.0	0.0380041	0.225421	0.97352	0.0	0.682461	-0.717488	0.139494	0.0	-2.25349	-1.25013	-0.622983	0.34539899999999996	-0.402401	0.90695	-0.12455999999999999	0.0	0.15523299999999998	-0.0664922	-0.9856379999999999	0.0	-0.902206	-0.41595699999999997	-0.114032	0.0	2.63956	1.96652	1.36001	0.32766100000000004	
0	0.713843	0.669804	-0.204429	0.0	0.0560544	0.236328	0.9700549999999999	0.0	0.698059	-0.703926	0.131156	0.0	-2.2703	-1.26239	-0.6497930000000001	0.346042	-0.402408	0.907216	-0.122581	0.0	0.153887	-0.06496080000000001	-0.985951	0.0	-0.9024340000000001	-0.41561899999999996	-0.11346800000000001	0.0	2.6361	1.96387	1.361	0.32759699999999997	
0	0.7105	0.6694359999999999	-0.216898	0.0	0.0619659	0.24750999999999998	0.966902	0.0	0.700963	-0.7004239999999999	0.134374	0.0	-2.26789	-1.25309	-0.6386569999999999	0.345573	-0.404454	0.9064450000000001	-0.121552	0.0	0.15412	-0.06345419999999999	-0.9860129999999999	0.0	-0.9014790000000001	-0.41753100000000004	-0.11403699999999999	0.0	2.6331599999999997	1.9555	1.35984	0.32774699999999996	
0	0.70102	0.6711090000000001	-0.24121399999999998	0.0	0.0759583	0.26605100000000004	0.9609620000000001	0.0	0.7090850000000001	-0.691975	0.13553099999999998	0.0	-2.26038	-1.22898	-0.588002	0.345455	-0.403721	0.9064780000000001	-0.123721	0.0	0.152331	-0.0667408	-0.986074	0.0	-0.9021110000000001	-0.41694499999999995	-0.11114	0.0	2.6335599999999997	1.95052	1.36226	0.327519	
0	0.697724	0.670447	-0.252352	0.0	0.0824586	0.27476	0.9579700000000001	0.0	0.711605	-0.689208	0.136423	0.0	-2.28051	-1.21516	-0.557106	0.345785	-0.403725	0.9064260000000001	-0.12409400000000001	0.0	0.14983	-0.06830130000000001	-0.98635	0.0	-0.9025290000000001	-0.416807	-0.10823499999999998	0.0	2.63307	1.94095	1.36636	0.327669	
0	0.697699	0.670311	-0.252783	0.0	0.0826367	0.27519699999999997	0.95783	0.0	0.711609	-0.689166	0.13661199999999998	0.0	-2.2842599999999997	-1.21536	-0.5530930000000001	0.345787	-0.40382199999999996	0.906388	-0.12405799999999999	0.0	0.149701	-0.0683092	-0.986369	0.0	-0.902507	-0.41688800000000004	-0.10810299999999999	0.0	2.6325	1.93943	1.36694	0.327651	
0	0.6976979999999999	0.670311	-0.252785	0.0	0.0826372	0.275198	0.957829	0.0	0.7116100000000001	-0.6891649999999999	0.136613	0.0	-2.28424	-1.21536	-0.55312	0.34578600000000004	-0.403821	0.906387	-0.12405799999999999	0.0	0.1497	-0.0683097	-0.986369	0.0	-0.902507	-0.41688800000000004	-0.108102	0.0	2.6325	1.93943	1.36694	0.32765	
0	0.6976979999999999	0.670311	-0.252785	0.0	0.08263730000000001	0.275198	0.957829	0.0	0.7116100000000001	-0.6891649999999999	0.136613	0.0	-2.28424	-1.21536	-0.55312	0.34578600000000004	-0.403821	0.906387	-0.12405799999999999	0.0	0.1497	-0.06830989999999999	-0.986369	0.0	-0.902507	-0.41688800000000004	-0.108102	0.0	2.6325	1.93943	1.36694	0.327651	
0	0.6976979999999999	0.670311	-0.252785	0.0	0.08263730000000001	0.275198	0.957829	0.0	0.7116100000000001	-0.6891649999999999	0.136613	0.0	-2.28424	-1.21536	-0.55312	0.34578600000000004	-0.403821	0.906387	-0.12405799999999999	0.0	0.1497	-0.06830989999999999	-0.986369	0.0	-0.902507	-0.41688800000000004	-0.108102	0.0	2.6325	1.93943	1.36694	0.327651	
0	0.6976979999999999	0.670311	-0.252785	0.0	0.08263730000000001	0.275198	0.957829	0.0	0.7116100000000001	-0.6891649999999999	0.136613	0.0	-2.28424	-1.21536	-0.55312	0.34578600000000004	-0.403821	0.906387	-0.12405799999999999	0.0	0.1497	-0.0683097	-0.986369	0.0	-0.902507	-0.41688800000000004	-0.108102	0.0	2.6325	1.93943	1.36694	0.32765	
0	0.6976979999999999	0.670311	-0.252785	0.0	0.0826372	0.275198	0.957829	0.0	0.7116100000000001	-0.6891649999999999	0.136613	0.0	-2.28424	-1.21536	-0.55312	0.34578600000000004	-0.403821	0.906387	-0.12405799999999999	0.0	0.1497	-0.06830989999999999	-0.986369	0.0	-0.902507	-0.41688800000000004	-0.108102	0.0	2.6325	1.93943	1.36694	0.327651	
0	0.6976979999999999	0.670311	-0.252785	0.0	0.08263730000000001	0.275198	0.957829	0.0	0.7116100000000001	-0.6891649999999999	0.136613	0.0	-2.28424	-1.21536	-0.55312	0.34578600000000004	-0.403821	0.906387	-0.12405799999999999	0.0	0.1497	-0.0683097	-0.986369	0.0	-0.902507	-0.41688800000000004	-0.108102	0.0	2.6325	1.93943	1.36693	0.32765	
0	0.6976979999999999	0.670311	-0.252785	0.0	0.08263730000000001	0.275198	0.957829	0.0	0.7116100000000001	-0.6891649999999999	0.136613	0.0	-2.28424	-1.21536	-0.55312	0.34578600000000004	-0.403821	0.906387	-0.12405799999999999	0.0	0.1497	-0.06830989999999999	-0.986369	0.0	-0.902507	-0.41688800000000004	-0.108102	0.0	2.6325	1.93943	1.36694	0.327651	
0	0.6976979999999999	0.670311	-0.252785	0.0	0.08263730000000001	0.275198	0.957829	0.0	0.7116100000000001	-0.6891649999999999	0.136613	0.0	-2.28424	-1.21536	-0.55312	0.34578600000000004	-0.403821	0.906387	-0.12405799999999999	0.0	0.1497	-0.0683096	-0.986369	0.0	-0.902507	-0.41688800000000004	-0.108102	0.0	2.6325	1.93943	1.36694	0.32765	
0	0.6976979999999999	0.670311	-0.252785	0.0	0.08263730000000001	0.275198	0.957829	0.0	0.7116100000000001	-0.6891649999999999	0.136613	0.0	-2.28424	-1.21536	-0.55312	0.34578600000000004	-0.40382199999999996	0.906387	-0.12405799999999999	0.0	0.149701	-0.06831	-0.986369	0.0	-0.902507	-0.41688800000000004	-0.108102	0.0	2.6325	1.93943	1.36694	0.327651	
0	0.6976979999999999	0.670311	-0.252785	0.0	0.0826372	0.275198	0.957829	0.0	0.7116100000000001	-0.6891649999999999	0.136613	0.0	-2.28424	-1.21536	-0.55312	0.34578600000000004	-0.403821	0.906387	-0.12405799999999999	0.0	0.1497	-0.0683097	-0.986369	0.0	-0.902507	-0.41688800000000004	-0.108102	0.0	2.6325	1.93943	1.36694	0.32765	
0	0.6976979999999999	0.670311	-0.252785	0.0	0.08263730000000001	0.275198	0.957829	0.0	0.7116100000000001	-0.6891649999999999	0.136613	0.0	-2.28424	-1.21536	-0.55312	0.34578600000000004	-0.403821	0.906387	-0.12405799999999999	0.0	0.1497	-0.06830989999999999	-0.986369	0.0	-0.902507	-0.41688800000000004	-0.108102	0.0	2.6325	1.93943	1.36694	0.327651	
0	0.6976979999999999	0.670311	-0.252785	0.0	0.08263730000000001	0.275198	0.957829	0.0	0.7116100000000001	-0.6891649999999999	0.136613	0.0	-2.28424	-1.21536	-0.55312	0.34578600000000004	-0.403821	0.906387	-0.12405799999999999	0.0	0.1497	-0.0683097	-0.986369	0.0	-0.902507	-0.41688800000000004	-0.108102	0.0	2.6325	1.93943	1.36694	0.327651	
0	0.6976979999999999	0.670311	-0.252785	0.0	0.08263730000000001	0.275198	0.957829	0.0	0.7116100000000001	-0.6891649999999999	0.136613	0.0	-2.28424	-1.21536	-0.55312	0.34578600000000004	-0.403821	0.906387	-0.12405799999999999	0.0	0.1497	-0.06830989999999999	-0.986369	0.0	-0.902507	-0.41688800000000004	-0.108102	0.0	2.6325	1.93943	1.36694	0.327651	
0	0.6976979999999999	0.670311	-0.252785	0.0	0.08263730000000001	0.275198	0.957829	0.0	0.7116100000000001	-0.6891649999999999	0.136613	0.0	-2.28424	-1.21536	-0.55312	0.34578600000000004	-0.403821	0.906387	-0.12405799999999999	0.0	0.1497	-0.0683097	-0.986369	0.0	-0.902507	-0.41688800000000004	-0.108102	0.0	2.6325	1.93943	1.36694	0.32765	
0	0.6976979999999999	0.670311	-0.252785	0.0	0.08263730000000001	0.275198	0.957829	0.0	0.7116100000000001	-0.6891649999999999	0.136613	0.0	-2.28424	-1.21536	-0.55312	0.34578600000000004	-0.403821	0.906387	-0.12405799999999999	0.0	0.1497	-0.0683097	-0.986369	0.0	-0.902507	-0.41688800000000004	-0.108102	0.0	2.6325	1.93943	1.36694	0.32765	
0	0.32539	0.922615	-0.207129	0.0	0.204407	0.145238	0.968051	0.0	0.923222	-0.357333	-0.14132999999999998	0.0	-2.27113	-1.23017	-0.596205	0.341828	-0.26647600000000005	0.957899	-0.106869	0.0	0.102207	-0.08216960000000001	-0.9913639999999999	0.0	-0.958407	-0.275097	-0.0760077	0.0	2.60596	1.93859	1.42258	0.313261	
0	0.476325	0.8752040000000001	-0.0844564	0.0	0.188658	-0.00791304	0.9820110000000001	0.0	0.858791	-0.48368999999999995	-0.168883	0.0	-2.30214	-1.3432899999999999	-0.578864	0.348319	-0.26050100000000004	0.959462	-0.107573	0.0	0.0991988	-0.0842311	-0.9914959999999999	0.0	-0.960364	-0.268956	-0.0732353	0.0	2.6028	1.9364599999999998	1.42066	0.313248	
0	0.548542	0.836098	0.00644803	0.0	0.16533599999999998	-0.116025	0.979389	0.0	0.8196129999999999	-0.536169	-0.201882	0.0	-2.38119	-1.45417	-0.658085	0.352454	-0.259447	0.9598129999999999	-0.106983	0.0	0.0987071	-0.08384169999999999	-0.9915780000000001	0.0	-0.9607	-0.267822	-0.0729879	0.0	2.60046	1.9407599999999998	1.4381899999999999	0.313266	
0	0.658701	0.751963	0.02578	0.0	0.17474800000000001	-0.186221	0.966843	0.0	0.731831	-0.632355	-0.25406799999999996	0.0	-2.4447799999999997	-1.57243	-0.761204	0.35582600000000003	-0.259272	0.9601040000000001	-0.104781	0.0	0.09781139999999999	-0.0818307	-0.991835	0.0	-0.9608389999999999	-0.267404	-0.0726928	0.0	2.59623	1.9465400000000002	1.45508	0.31325	
0	0.711787	0.702224	0.0155186	0.0	0.168192	-0.191851	0.9669049999999999	0.0	0.6819609999999999	-0.685621	-0.25466500000000003	0.0	-2.56398	-1.75535	-0.8656709999999999	0.347785	-0.259741	0.960096	-0.103683	0.0	0.0976669	-0.08070010000000001	-0.991942	0.0	-0.960727	-0.26777399999999996	-0.0728084	0.0	2.5918400000000004	1.9428	1.45885	0.312756	
0	0.710087	0.70085	-0.06772460000000001	0.0	0.164251	-0.0713455	0.983835	0.0	0.684689	-0.7097319999999999	-0.165777	0.0	-2.58917	-1.9734599999999998	-0.931933	0.0123839	-0.259205	0.9604299999999999	-0.101923	0.0	0.09726839999999999	-0.0790342	-0.992115	0.0	-0.9609120000000001	-0.267075	-0.0729336	0.0	2.59069	1.94156	1.45793	0.312037	
0	0.751088	0.653247	-0.09557489999999999	0.0	0.14892	-0.0266012	0.988491	0.0	0.643187	-0.756678	-0.11726099999999999	0.0	-2.6850099999999997	-2.1017799999999998	-0.975317	0.0	-0.257419	0.961095	-0.100163	0.0	0.09486080000000001	-0.07802150000000001	-0.9924280000000001	0.0	-0.961633	-0.264971	-0.0710862	0.0	2.58351	1.9397099999999998	1.45531	0.31099299999999996	
0	0.765304	0.638768	-0.0792843	0.0	0.141413	-0.0466901	0.988849	0.0	0.627943	-0.7679819999999999	-0.126063	0.0	-2.7395	-2.23064	-1.0394	0.0762202	-0.2555	0.9615440000000001	-0.100768	0.0	0.09143739999999999	-0.0797282	-0.992614	0.0	-0.962476	-0.262827	-0.06755069999999999	0.0	2.5712900000000003	1.9406	1.45733	0.310981	
0	0.790028	0.6079439999999999	-0.0791159	0.0	0.107404	-0.0101953	0.9941629999999999	0.0	0.603589	-0.7939149999999999	-0.07335030000000001	0.0	-2.75274	-2.5324299999999997	-1.07535	0.34721399999999997	-0.254418	0.96167	-0.102288	0.0	0.0896796	-0.0818523	-0.9926020000000001	0.0	-0.9629270000000001	-0.261709	-0.06541759999999999	0.0	2.5606400000000002	1.9378799999999998	1.46264	0.311228	
0	0.819276	0.5689270000000001	-0.07147300000000001	0.0	0.087543	-0.0009199680000000001	0.99616	0.0	0.5666770000000001	-0.8223879999999999	-0.0505593	0.0	-2.76743	-2.75503	-1.15866	0.34807899999999997	-0.254845	0.961511	-0.10271500000000001	0.0	0.090088	-0.08215239999999999	-0.99254	0.0	-0.9627760000000001	-0.26219699999999996	-0.0656846	0.0	2.5590200000000003	1.9419400000000002	1.46286	0.310931	
0	0.853916	0.514167	-0.0803751	0.0	0.0781416	0.026014299999999997	0.996603	0.0	0.5145109999999999	-0.857296	-0.0179639	0.0	-2.84563	-3.04888	-1.25921	0.349082	-0.25290999999999997	0.96205	-0.102452	0.0	0.0879518	-0.0825944	-0.9926950000000001	0.0	-0.963484	-0.26007399999999997	-0.0637252	0.0	2.56007	1.94039	1.46322	0.311163	
0	0.861516	0.5016619999999999	-0.0782678	0.0	0.068103	0.0385834	0.9969319999999999	0.0	0.503143	-0.864203	-0.00092455	0.0	-2.8919	-3.16949	-1.3136	0.349908	-0.252325	0.9622370000000001	-0.102141	0.0	0.0864883	-0.0827073	-0.992814	0.0	-0.9637700000000001	-0.259346	-0.062353099999999995	0.0	2.55693	1.93623	1.46325	0.311093	
0	0.874391	0.479224	-0.0760557	0.0	0.0614873	0.0460473	0.9970450000000001	0.0	0.48131	-0.876484	0.0107971	0.0	-2.9423	-3.3447199999999997	-1.43135	0.350092	-0.25259499999999996	0.9621540000000001	-0.102254	0.0	0.086248	-0.0828703	-0.992821	0.0	-0.96372	-0.259601	-0.062051199999999994	0.0	2.5537400000000003	1.94039	1.46328	0.31117	
0	0.8838809999999999	0.46146000000000004	-0.0762169	0.0	0.0569063	0.0556423	0.996828	0.0	0.464237	-0.8854139999999999	0.022921200000000003	0.0	-2.95315	-3.4981199999999997	-1.55174	0.349721	-0.252267	0.962174	-0.102868	0.0	0.08602939999999999	-0.0835846	-0.9927799999999999	0.0	-0.9638260000000001	-0.259295	-0.06168969999999999	0.0	2.5524299999999998	1.94195	1.4686299999999999	0.31112399999999996	
0	0.892912	0.443432	-0.07794630000000001	0.0	0.056799	0.060797199999999996	0.996533	0.0	0.446633	-0.894244	0.0291	0.0	-2.98753	-3.614	-1.6601	0.34912	-0.252454	0.96224	-0.10178999999999999	0.0	0.0838248	-0.0830534	-0.9930129999999999	0.0	-0.9639709999999999	-0.25922199999999995	-0.0596924	0.0	2.55227	1.94355	1.4804700000000002	0.311089	
0	0.9016270000000001	0.42424799999999996	-0.0841534	0.0	0.058845100000000004	0.0724334	0.9956360000000001	0.0	0.428492	-0.902645	0.040343000000000004	0.0	-2.9879599999999997	-3.6711099999999997	-1.7093900000000002	0.34462	-0.252153	0.962267	-0.10228	0.0	0.08058739999999999	-0.08444700000000001	-0.9931639999999999	0.0	-0.964326	-0.25867199999999996	-0.05625309999999999	0.0	2.5493799999999998	1.94707	1.49983	0.310963	
0	0.911051	0.39946	-0.102065	0.0	0.0711611	0.09148769999999999	0.99326	0.0	0.40610599999999997	-0.9121739999999999	0.054923900000000005	0.0	-2.96614	-3.6566300000000003	-1.7306	0.33311999999999997	-0.252779	0.9622290000000001	-0.101082	0.0	0.0773459	-0.08404360000000001	-0.9934559999999999	0.0	-0.9644280000000001	-0.258943	-0.053180200000000004	0.0	2.5459	1.94334	1.51217	0.311154	
0	0.9249569999999999	0.355379	-0.134757	0.0	0.0804587	0.163435	0.983268	0.0	0.37145700000000004	-0.920323	0.12257699999999999	0.0	-2.9477	-3.62335	-1.8116900000000002	0.25498899999999997	-0.254947	0.9617899999999999	-0.09980889999999999	0.0	0.0762798	-0.0828936	-0.993635	0.0	-0.963942	-0.260937	-0.0522316	0.0	2.54141	1.93392	1.5204799999999998	0.311228	
0	0.925731	0.327534	-0.18906099999999998	0.0	0.12098199999999999	0.21716799999999997	0.968608	0.0	0.35831	-0.919543	0.161413	0.0	-2.96601	-3.60417	-1.8368400000000003	0.125367	-0.25562399999999996	0.961577	-0.100134	0.0	0.0761554	-0.08322610000000001	-0.993617	0.0	-0.963772	-0.26161799999999996	-0.0519549	0.0	2.53878	1.9257400000000002	1.52625	0.311235	
0	0.9244549999999999	0.31382600000000005	-0.216556	0.0	0.14466500000000002	0.23680199999999998	0.960727	0.0	0.35278200000000004	-0.919477	0.173513	0.0	-2.9598299999999997	-3.59568	-1.83223	0.12524000000000002	-0.255708	0.961568	-0.100007	0.0	0.0765155	-0.0829923	-0.993609	0.0	-0.963722	-0.261726	-0.0523533	0.0	2.5377	1.92608	1.52787	0.311175	
0	0.920961	0.28715	-0.263394	0.0	0.19201300000000002	0.253755	0.9480190000000001	0.0	0.339062	-0.9236629999999999	0.178562	0.0	-2.92728	-3.55453	-1.79837	0.12542899999999998	-0.255535	0.961728	-0.0989042	0.0	0.07627060000000001	-0.0819286	-0.9937159999999999	0.0	-0.9637870000000001	-0.261473	-0.05241609999999999	0.0	2.53677	1.92375	1.53072	0.311249	
0	0.917639	0.28731100000000004	-0.274574	0.0	0.210904	0.23351799999999998	0.949204	0.0	0.336835	-0.9289360000000001	0.15369000000000002	0.0	-2.90944	-3.5443300000000004	-1.7855299999999998	0.125331	-0.255525	0.9617530000000001	-0.0986848	0.0	0.0763212	-0.0816888	-0.993732	0.0	-0.963785	-0.261455	-0.0525288	0.0	2.53729	1.9223299999999999	1.5297399999999999	0.311244	
0	0.9084049999999999	0.294804	-0.29646500000000003	0.0	0.238073	0.218166	0.946427	0.0	0.34368899999999997	-0.930319	0.127998	0.0	-2.89184	-3.54485	-1.7648400000000002	0.125318	-0.25655	0.961716	-0.09635310000000001	0.0	0.07656139999999999	-0.0791557	-0.9939180000000001	0.0	-0.9634940000000001	-0.262367	-0.0533231	0.0	2.53927	1.92362	1.52688	0.31117	
0	0.8953959999999999	0.306057	-0.323411	0.0	0.264967	0.217493	0.939409	0.0	0.357852	-0.9268360000000001	0.113648	0.0	-2.87392	-3.5515199999999996	-1.74577	0.125168	-0.257171	0.9616959999999999	-0.09489210000000001	0.0	0.0767944	-0.07754639999999999	-0.994027	0.0	-0.96331	-0.262922	-0.0539101	0.0	2.5390599999999997	1.92094	1.52061	0.310987	
0	0.8833629999999999	0.336328	-0.326424	0.0	0.276522	0.188339	0.942371	0.0	0.378425	-0.9227200000000001	0.0733695	0.0	-2.94254	-3.50408	-1.65418	0.12526500000000002	-0.258158	0.9618639999999999	-0.0903967	0.0	0.0776169	-0.0726166	-0.9943350000000001	0.0	-0.96298	-0.263712	-0.0559105	0.0	2.53982	1.91986	1.50991	0.310662	
0	0.878584	0.35725999999999997	-0.316948	0.0	0.276336	0.160998	0.9474799999999999	0.0	0.389525	-0.920025	0.042726599999999997	0.0	-2.9245200000000002	-3.3663	-1.64343	0.125263	-0.262175	0.9614510000000001	-0.0829312	0.0	0.0788405	-0.0643101	-0.9948110000000001	0.0	-0.9617950000000001	-0.267353	-0.0589409	0.0	2.5394099999999997	1.9174400000000003	1.49765	0.310205	
0	0.8691459999999999	0.40374	-0.28562	0.0	0.280289	0.0736862	0.957083	0.0	0.407459	-0.9119010000000001	-0.049119800000000005	0.0	-2.87798	-2.93606	-1.60037	0.125255	-0.29354	0.9552450000000001	-0.036635900000000006	0.0	0.072287	-0.0160339	-0.9972549999999999	0.0	-0.95321	-0.29538200000000003	-0.0643452	0.0	2.52872	1.86127	1.44865	0.311429	
0	0.87035	0.41766800000000004	-0.260853	0.0	0.274783	0.0276553	0.961109	0.0	0.408638	-0.9081790000000001	-0.09069830000000001	0.0	-2.87835	-2.76209	-1.59641	0.12526500000000002	-0.321971	0.946717	-0.00789014	0.0	0.0671791	0.0145326	-0.997635	0.0	-0.944363	-0.321739	-0.0682787	0.0	2.5217400000000003	1.84484	1.4238899999999999	0.312712	
0	0.8636219999999999	0.456291	-0.214371	0.0	0.272509	-0.06477340000000001	0.9599700000000001	0.0	0.42413999999999996	-0.8874700000000001	-0.180283	0.0	-2.85554	-2.36551	-1.6179299999999999	0.12526199999999998	-0.37587800000000005	0.925542	0.045692500000000004	0.0	0.057158400000000005	0.072371	-0.9957389999999999	0.0	-0.924905	-0.371664	-0.0801051	0.0	2.54763	1.89258	1.35769	0.318531	
0	0.854168	0.48211899999999996	-0.194827	0.0	0.270472	-0.09192869999999999	0.9583290000000001	0.0	0.444118	-0.8712700000000001	-0.20892199999999997	0.0	-2.84017	-2.22791	-1.62505	0.12526800000000002	-0.39206399999999997	0.91719	0.0710501	0.0	0.0507285	0.0986711	-0.993826	0.0	-0.918538	-0.38603899999999997	-0.08521319999999999	0.0	2.55754	1.92136	1.32291	0.322171	
0	0.8047270000000001	0.5720569999999999	-0.158635	0.0	0.263606	-0.10490999999999999	0.958909	0.0	0.531908	-0.813477	-0.235222	0.0	-2.77366	-1.95737	-1.60054	0.12525799999999998	-0.461005	0.8718889999999999	0.165177	0.0	0.0228241	0.197725	-0.979992	0.0	-0.8871040000000001	-0.448011	-0.111052	0.0	2.5199700000000003	1.98355	1.1956799999999999	0.345894	
0	0.746977	0.6451859999999999	-0.160502	0.0	0.26165	-0.06334640000000001	0.963082	0.0	0.6111989999999999	-0.761396	-0.216131	0.0	-2.72075	-1.9059599999999999	-1.5984200000000002	0.125424	-0.47809399999999996	0.857196	0.191419	0.0	0.00932413	0.222881	-0.974801	0.0	-0.878259	-0.464262	-0.114551	0.0	2.4915	1.9948400000000002	1.1331200000000001	0.350633	
0	0.555083	0.805183	-0.208718	0.0	0.21063099999999998	0.106682	0.971727	0.0	0.804685	-0.5833510000000001	-0.11037899999999999	0.0	-2.45883	-1.8389900000000001	-1.53607	0.125427	-0.498359	0.823867	0.269965	0.0	-0.032663599999999994	0.293325	-0.9554549999999999	0.0	-0.8663549999999999	-0.48497799999999996	-0.119271	0.0	2.3547700000000003	2.03875	0.987917	0.357747	
0	0.454667	0.8564360000000001	-0.24453000000000003	0.0	0.152969	0.195382	0.968724	0.0	0.8774270000000001	-0.47785200000000005	-0.042175	0.0	-2.26818	-1.84733	-1.48714	0.125432	-0.504233	0.796358	0.334011	0.0	-0.069189	0.34828200000000004	-0.934833	0.0	-0.860792	-0.494483	-0.12051600000000001	0.0	2.22702	2.0612	0.931108	0.358225	
1	0.44528100000000004	0.859941	-0.249453	0.0	0.148203	0.20397	0.967694	0.0	0.883041	-0.467866	-0.0366213	0.0	-2.23686	-1.84716	-1.47448	0.125446	-0.504029	0.792362	0.34368200000000004	0.0	-0.07414169999999999	0.356761	-0.931249	0.0	-0.860499	-0.494857	-0.121071	0.0	2.2017900000000004	2.06432	0.918933	0.3581	
1	0.277501	0.888242	-0.366086	0.0	0.0482855	0.367675	0.9287	0.0	0.959511	-0.275392	0.059141099999999995	0.0	-1.93724	-1.8234700000000001	-1.36004	0.12525899999999998	-0.49098	0.690782	0.530809	0.0	-0.191624	0.508748	-0.839319	0.0	-0.849835	-0.5138050000000001	-0.117415	0.0	1.89675	2.03627	0.865642	0.357729	
1	0.22387800000000002	0.888804	-0.399883	0.0	0.0166364	0.406752	0.9133870000000001	0.0	0.974475	-0.21114000000000002	0.0762765	0.0	-1.85867	-1.77666	-1.33778	0.12526500000000002	-0.487015	0.6417619999999999	0.592418	0.0	-0.239794	0.553977	-0.79725	0.0	-0.839831	-0.530331	-0.115905	0.0	1.80329	1.9997200000000002	0.8699629999999999	0.357624	
1	0.110724	0.8664299999999999	-0.48686599999999997	0.0	-0.071858	0.495575	0.8655870000000001	0.0	0.99125	-0.0608558	0.117132	0.0	-1.6581599999999999	-1.57779	-1.24957	0.125446	-0.484551	0.51768	0.705137	0.0	-0.347639	0.625742	-0.69828	0.0	-0.802719	-0.583485	-0.12323800000000001	0.0	1.55977	1.8938400000000002	0.9008079999999999	0.357431	
1	0.08541560000000001	0.852474	-0.515744	0.0	-0.1004	0.522365	0.846791	0.0	0.991274	-0.0205484	0.130207	0.0	-1.60755	-1.52074	-1.2195	0.125444	-0.48255200000000004	0.48552399999999996	0.728979	0.0	-0.375602	0.637169	-0.673007	0.0	-0.791244	-0.598567	-0.125103	0.0	1.48004	1.84598	0.902489	0.357344	
1	0.041486699999999994	0.8199139999999999	-0.570982	0.0	-0.170775	0.568883	0.804492	0.0	0.9844360000000001	0.0641337	0.163622	0.0	-1.44012	-1.40847	-1.1043	0.125431	-0.466871	0.425255	0.775365	0.0	-0.43689799999999995	0.651392	-0.62033	0.0	-0.768864	-0.628369	-0.118323	0.0	1.30925	1.7382099999999998	0.903199	0.357417	
1	0.028707299999999998	0.806325	-0.590775	0.0	-0.202024	0.583503	0.786582	0.0	0.97896	0.09677050000000001	0.179648	0.0	-1.3482399999999999	-1.35752	-1.01776	0.12526600000000002	-0.45539399999999997	0.375854	0.807063	0.0	-0.489058	0.651885	-0.579542	0.0	-0.743935	-0.65862	-0.113051	0.0	1.205	1.65556	0.9348799999999999	0.357191	
1	0.031109500000000002	0.801163	-0.597637	0.0	-0.20697	0.59013	0.780327	0.0	0.9778530000000001	0.09941760000000001	0.184176	0.0	-1.31111	-1.34417	-0.9850409999999999	0.12544	-0.447941	0.350901	0.822325	0.0	-0.5149279999999999	0.650642	-0.558135	0.0	-0.730889	-0.673449	-0.11076099999999998	0.0	1.16324	1.61543	0.956767	0.357058	
1	0.0795032	0.777349	-0.624025	0.0	-0.24426399999999998	0.622113	0.743848	0.0	0.9664440000000001	0.0932888	0.239339	0.0	-1.20565	-1.4364700000000001	-0.8554959999999999	0.125446	-0.430996	0.309956	0.847449	0.0	-0.554342	0.650091	-0.519699	0.0	-0.7120029999999999	-0.693765	-0.108365	0.0	1.0416299999999998	1.53249	0.948567	0.356919	
1	0.126452	0.761726	-0.63544	0.0	-0.261761	0.6435	0.719298	0.0	0.9568129999999999	0.07537669999999999	0.28076100000000004	0.0	-1.13446	-1.49316	-0.730201	0.125263	-0.42595500000000003	0.279086	0.860624	0.0	-0.576276	0.649621	-0.495881	0.0	-0.697473	-0.70718	-0.115879	0.0	0.965231	1.50567	0.9344020000000001	0.356901	
1	0.199902	0.732379	-0.650892	0.0	-0.272514	0.679647	0.68104	0.0	0.941156	0.041236199999999994	0.335446	0.0	-1.08391	-1.60218	-0.580114	0.125263	-0.421045	0.252544	0.871173	0.0	-0.595386	0.6476270000000001	-0.475495	0.0	-0.684279	-0.718889	-0.12231900000000001	0.0	0.894438	1.45787	0.906791	0.357168	
1	0.27202800000000005	0.678841	-0.682038	0.0	-0.29247199999999995	0.733561	0.613472	0.0	0.916766	0.032595400000000004	0.398091	0.0	-1.06033	-1.67694	-0.439458	0.125256	-0.416454	0.23312	0.878761	0.0	-0.609633	0.64546	-0.46014099999999997	0.0	-0.674473	-0.72735	-0.126687	0.0	0.831983	1.42621	0.901236	0.35735	
1	0.318206	0.645717	-0.694114	0.0	-0.294058	0.763286	0.57526	0.0	0.9012629999999999	0.0210588	0.43276000000000003	0.0	-1.05376	-1.71334	-0.302291	0.125504	-0.413869	0.207841	0.886293	0.0	-0.627881	0.639775	-0.44323100000000004	0.0	-0.659149	-0.739926	-0.134284	0.0	0.7743939999999999	1.37258	0.8844559999999999	0.357444	
1	0.329021	0.628778	-0.704545	0.0	-0.297306	0.777118	0.554705	0.0	0.896301	0.0269559	0.44262700000000005	0.0	-1.07063	-1.71397	-0.23573400000000003	0.125486	-0.408007	0.18073699999999998	0.894911	0.0	-0.650145	0.630652	-0.42378000000000005	0.0	-0.6409699999999999	-0.754727	-0.13980499999999998	0.0	0.703168	1.29148	0.8609180000000001	0.35735500000000003	
1	0.322587	0.623351	-0.7123	0.0	-0.314776	0.7803479999999999	0.540346	0.0	0.892667	0.0499062	0.447946	0.0	-1.0760299999999998	-1.69209	-0.231981	0.125255	-0.403562	0.167545	0.899481	0.0	-0.664424	0.62221	-0.413999	0.0	-0.62903	-0.7647109999999999	-0.139779	0.0	0.671058	1.26349	0.8662139999999999	0.357144	
1	0.24979400000000002	0.6255850000000001	-0.739084	0.0	-0.36746100000000004	0.767428	0.525383	0.0	0.8958659999999999	0.140347	0.42157700000000004	0.0	-1.09545	-1.53272	-0.310541	0.125118	-0.391144	0.137536	0.9099950000000001	0.0	-0.70321	0.5932069999999999	-0.391918	0.0	-0.593719	-0.7932140000000001	-0.135312	0.0	0.583866	1.13811	0.8798540000000001	0.356831	
1	0.17536300000000002	0.638039	-0.7497699999999999	0.0	-0.404518	0.741011	0.535974	0.0	0.89756	0.209306	0.388044	0.0	-1.09578	-1.3679700000000001	-0.39884400000000003	0.12448499999999998	-0.38964099999999996	0.129796	0.911775	0.0	-0.718986	0.575816	-0.38922399999999996	0.0	-0.575534	-0.807211	-0.13104000000000002	0.0	0.520582	1.05259	0.8782270000000001	0.356784	
1	0.13811099999999998	0.635995	-0.759233	0.0	-0.405373	0.7357279999999999	0.542565	0.0	0.903658	0.232839	0.359428	0.0	-1.1022299999999998	-1.25681	-0.458232	0.124617	-0.38928	0.129147	0.9120209999999999	0.0	-0.725407	0.567209	-0.389947	0.0	-0.567667	-0.813385	-0.127119	0.0	0.48817	1.01109	0.880259	0.356571	
1	0.13009300000000001	0.6386229999999999	-0.758443	0.0	-0.409703	0.731208	0.545416	0.0	0.9028950000000001	0.239781	0.356771	0.0	-1.1002299999999998	-1.15	-0.46886099999999997	0.12418699999999999	-0.386714	0.124958	0.913695	0.0	-0.7355619999999999	0.5558069999999999	-0.387333	0.0	-0.556238	-0.821867	-0.123024	0.0	0.39037	0.934934	0.916019	0.356248	
1	0.114521	0.633634	-0.7651100000000001	0.0	-0.410204	0.731614	0.544495	0.0	0.904775	0.25149499999999997	0.343704	0.0	-1.08864	-1.1080299999999998	-0.475112	0.124215	-0.38745999999999997	0.11885699999999999	0.914192	0.0	-0.74383	0.545511	-0.386179	0.0	-0.544602	-0.829633	-0.122954	0.0	0.341561	0.863067	0.913956	0.356211	
1	0.11941800000000001	0.624953	-0.771474	0.0	-0.414691	0.737406	0.5331640000000001	0.0	0.902092	0.256254	0.347222	0.0	-1.09875	-1.09354	-0.45842200000000005	0.12403199999999999	-0.40073800000000004	0.10723599999999998	0.9098950000000001	0.0	-0.7445890000000001	0.54056	-0.39164099999999996	0.0	-0.5338510000000001	-0.834443	-0.136776	0.0	0.29857	0.806814	0.8713549999999999	0.356006	
1	0.121116	0.624929	-0.7712289999999999	0.0	-0.409037	0.7393390000000001	0.534852	0.0	0.904444	0.250682	0.345165	0.0	-1.1099299999999999	-1.09374	-0.44011000000000006	0.12418599999999999	-0.412749	0.0973325	0.9056299999999999	0.0	-0.741502	0.54152	-0.396146	0.0	-0.528975	-0.835034	-0.15134	0.0	0.257255	0.76955	0.804191	0.35564	
1	0.125867	0.623117	-0.771934	0.0	-0.414696	0.739924	0.52966	0.0	0.9012129999999999	0.25345100000000004	0.351536	0.0	-1.12973	-1.10867	-0.42320399999999997	0.124083	-0.447096	0.0735026	0.8914610000000001	0.0	-0.73363	0.540053	-0.41246700000000003	0.0	-0.511754	-0.8384149999999999	-0.187532	0.0	0.147558	0.712018	0.552277	0.355324	
1	0.130528	0.620169	-0.773533	0.0	-0.41416099999999995	0.742979	0.525787	0.0	0.9007959999999999	0.251738	0.353829	0.0	-1.14039	-1.10509	-0.412509	0.12411199999999999	-0.4704	0.0564922	0.8806430000000001	0.0	-0.729304	0.536967	-0.42400699999999997	0.0	-0.496829	-0.8417100000000001	-0.211389	0.0	0.0754703	0.6820689999999999	0.35993400000000003	0.355205	
1	0.131409	0.6197729999999999	-0.773701	0.0	-0.414185	0.743409	0.525161	0.0	0.9006569999999999	0.251444	0.354391	0.0	-1.14331	-1.1037700000000001	-0.410583	0.12408399999999999	-0.478496	0.0540048	0.8764280000000001	0.0	-0.725912	0.537258	-0.429425	0.0	-0.494059	-0.8416870000000001	-0.217873	0.0	0.044918	0.674849	0.26004499999999997	0.354883	
1	0.13833299999999998	0.614862	-0.776408	0.0	-0.41428999999999994	0.747985	0.518538	0.0	0.8995709999999999	0.249927	0.358202	0.0	-1.1408200000000002	-1.1076	-0.404564	0.124089	-0.502796	0.0359849	0.863656	0.0	-0.720431	0.534684	-0.441693	0.0	-0.477677	-0.8442850000000001	-0.24291300000000002	0.0	-0.0102401	0.662868	0.039699	0.35425700000000004	
1	0.141104	0.613873	-0.776691	0.0	-0.41492799999999996	0.748979	0.5165890000000001	0.0	0.8988459999999999	0.249379	0.36039699999999997	0.0	-1.13988	-1.10172	-0.386869	0.12408	-0.5116310000000001	0.0264454	0.858798	0.0	-0.722582	0.527552	-0.446726	0.0	-0.464875	-0.8491110000000001	-0.250803	0.0	-0.0352506	0.6413810000000001	-0.038229400000000004	0.354071	
1	0.14684	0.6099180000000001	-0.778741	0.0	-0.41496000000000005	0.752634	0.511225	0.0	0.897912	0.24807800000000002	0.363608	0.0	-1.1463	-1.09324	-0.360609	0.124055	-0.518049	0.000712246	0.855351	0.0	-0.755368	0.46878800000000004	-0.457883	0.0	-0.401305	-0.8833110000000001	-0.242317	0.0	-0.035983	0.468082	-0.177055	0.35352100000000003	
1	0.146771	0.608949	-0.779512	0.0	-0.41446400000000005	0.753393	0.5105069999999999	0.0	0.8981520000000001	0.248152	0.362964	0.0	-1.1528	-1.08944	-0.358106	0.124053	-0.517336	-0.0134267	0.855677	0.0	-0.768821	0.446449	-0.457818	0.0	-0.375869	-0.894708	-0.241287	0.0	-0.029819400000000003	0.39355	-0.191396	0.353199	
1	0.13859000000000002	0.615352	-0.7759739999999999	0.0	-0.41460699999999995	0.747617	0.5188159999999999	0.0	0.899385	0.249822	0.358741	0.0	-1.18577	-1.06998	-0.353283	0.12403499999999999	-0.517103	-0.0409111	0.8549450000000001	0.0	-0.7966300000000001	0.388302	-0.463251	0.0	-0.313025	-0.920623	-0.23338299999999998	0.0	-0.00315151	0.198221	-0.270532	0.35223000000000004	
1	0.128363	0.61324	-0.779397	0.0	-0.405069	0.7497739999999999	0.523219	0.0	0.9052309999999999	0.248547	0.344648	0.0	-1.2067700000000001	-1.05418	-0.359199	0.124247	-0.5186850000000001	-0.0491645	0.8535510000000001	0.0	-0.801532	0.375367	-0.46545299999999995	0.0	-0.297511	-0.9255709999999999	-0.234104	0.0	0.016353299999999998	0.138402	-0.297132	0.350742	
1	0.114371	0.608197	-0.785504	0.0	-0.40964399999999995	0.749213	0.5204529999999999	0.0	0.905048	0.262252	0.334832	0.0	-1.2308299999999999	-1.01491	-0.369786	0.124305	-0.519124	-0.06615349999999999	0.8521350000000001	0.0	-0.8156640000000001	0.336206	-0.47080500000000003	0.0	-0.255348	-0.9394620000000001	-0.228492	0.0	0.0692855	0.029017900000000003	-0.30438200000000004	0.350613	
1	0.111197	0.606549	-0.787231	0.0	-0.405928	0.750771	0.52112	0.0	0.907115	0.261612	0.32969899999999996	0.0	-1.2536399999999999	-1.06785	-0.365759	0.12426300000000001	-0.5203180000000001	-0.0652438	0.851477	0.0	-0.8198629999999999	0.31715	-0.47669799999999996	0.0	-0.23894400000000002	-0.9461290000000001	-0.21850999999999998	0.0	0.06747919999999999	-0.0206725	-0.35267	0.345904	
1	0.11410799999999999	0.603734	-0.788977	0.0	-0.409265	0.752212	0.51641	0.0	0.9052520000000001	0.263974	0.33292	0.0	-1.2525	-1.0836	-0.34381100000000003	0.124615	-0.522115	-0.0645037	0.850432	0.0	-0.823887	0.29590500000000003	-0.48337399999999997	0.0	-0.220468	-0.9530370000000001	-0.20764000000000002	0.0	0.05002380000000001	-0.0495501	-0.369112	0.330502	
1	0.10465	0.605639	-0.788828	0.0	-0.399542	0.751961	0.524328	0.0	0.9107219999999999	0.260299	0.320671	0.0	-1.2612	-1.09356	-0.332068	0.124651	-0.522883	-0.052863400000000005	0.850764	0.0	-0.8261809999999999	0.27708699999999997	-0.490558	0.0	-0.20980300000000002	-0.9593889999999999	-0.188559	0.0	0.0352346	-0.06977230000000001	-0.381644	0.309102	
