3	0.0365946	0.9559540000000001	-0.29122600000000004	0.0	0.283655	0.269499	0.920277	0.0	0.9582280000000001	-0.11628499999999999	-0.261299	0.0	-2.77352	1.94392	1.46653	-1.54972e-05	-0.461611	0.812347	-0.356381	0.0	0.381755	-0.180722	-0.906423	0.0	-0.800736	-0.554465	-0.22669499999999998	0.0	2.61338	2.04973	1.56257	5.621459999999999e-06	
3	-0.040426800000000006	0.952816	-0.300846	0.0	0.212375	0.302406	0.929219	0.0	0.976352	-0.026326799999999997	-0.21458000000000002	0.0	-2.7888900000000003	1.9655900000000002	1.5498	0.0	-0.23793000000000003	0.9456469999999999	-0.221679	0.0	0.108899	-0.200822	-0.973556	0.0	-0.965158	-0.255779	-0.055198800000000006	0.0	2.70843	2.1114599999999997	1.53849	0.0	
3	-0.040204199999999995	0.954309	-0.296105	0.0	0.223452	0.297426	0.928228	0.0	0.973885	-0.0288467	-0.2252	0.0	-2.79644	1.96921	1.5356299999999998	0.0	-0.224098	0.9511860000000001	-0.212194	0.0	0.09031789999999999	-0.196525	-0.9763299999999999	0.0	-0.9703729999999999	-0.237958	-0.0418684	0.0	2.74251	2.12568	1.52795	0.017159200000000003	
3	-0.0365679	0.984398	-0.172118	0.0	0.28199	0.175398	0.943248	0.0	0.9587200000000001	-0.014043	-0.284004	0.0	-2.80383	2.09538	1.45071	0.34625100000000003	-0.218137	0.951658	-0.21625	0.0	0.0908192	-0.200829	-0.975407	0.0	-0.971683	-0.23241199999999998	-0.042620599999999995	0.0	2.7603	2.12342	1.53814	0.360586	
3	-0.0416339	0.9841280000000001	-0.172509	0.0	0.289536	0.17713399999999999	0.940634	0.0	0.956261	-0.0107852	-0.292315	0.0	-2.72517	2.14368	1.44775	0.349328	-0.21058200000000002	0.950182	-0.22980100000000003	0.0	0.07846030000000001	-0.21788600000000002	-0.972815	0.0	-0.9744229999999999	-0.222888	-0.028668700000000002	0.0	2.67199	2.1099799999999997	1.5512299999999999	0.35938000000000003	
3	-0.0311866	0.9830840000000001	-0.180483	0.0	0.28338	0.181858	0.941607	0.0	0.958501	-0.0217798	-0.284258	0.0	-2.7109799999999997	2.1284400000000003	1.45792	0.340542	-0.221854	0.946649	-0.233746	0.0	0.056213900000000004	-0.226904	-0.9722930000000001	0.0	-0.973458	-0.22884699999999997	-0.00287527	0.0	2.65504	2.11124	1.5984	0.33925	
3	0.00335225	0.9648979999999999	-0.262602	0.0	0.17985299999999999	0.257739	0.9493280000000001	0.0	0.9836879999999999	-0.0504121	-0.172676	0.0	-2.7098	1.9656200000000001	1.6042399999999999	0.0	-0.235353	0.94195	-0.239458	0.0	0.0513585	-0.233981	-0.970884	0.0	-0.9705520000000001	-0.240798	0.00669077	0.0	2.6448400000000003	2.11691	1.65156	0.0	
3	0.00784722	0.9664290000000001	-0.256815	0.0	0.176101	0.251474	0.951709	0.0	0.984341	-0.0526938	-0.168216	0.0	-2.73778	1.9568900000000002	1.6341700000000001	0.0	-0.24294899999999997	0.943426	-0.225661	0.0	0.0545307	-0.21898	-0.9742049999999999	0.0	-0.968505	-0.24898800000000001	0.00175512	0.0	2.68725	2.10622	1.6339299999999999	0.0	
3	0.12000799999999999	0.985719	-0.11813599999999999	0.0	0.19752	0.0929096	0.975886	0.0	0.9729260000000001	-0.140449	-0.183549	0.0	-2.72611	1.92448	1.67098	0.350932	-0.255158	0.9469	-0.195641	0.0	0.07187510000000001	-0.183204	-0.9804440000000001	0.0	-0.964224	-0.26423	-0.0213125	0.0	2.76784	2.05706	1.55722	0.23178	
3	0.10525599999999999	0.9872709999999999	-0.11923199999999999	0.0	0.182825	0.0986431	0.978184	0.0	0.9774950000000001	-0.124759	-0.17011500000000002	0.0	-2.67523	1.8984900000000002	1.65393	0.349167	-0.265047	0.9463459999999999	-0.18487699999999999	0.0	0.0773589	-0.170247	-0.98236	0.0	-0.9611270000000001	-0.274673	-0.0280849	0.0	2.75932	2.04117	1.5556	0.310001	
3	0.098539	0.9874139999999999	-0.12370899999999999	0.0	0.173099	0.10541099999999999	0.979247	0.0	0.9799629999999999	-0.117908	-0.16053399999999998	0.0	-2.6122099999999997	1.85857	1.6735200000000001	0.34930500000000003	-0.258294	0.9485389999999999	-0.18318800000000002	0.0	0.06756260000000001	-0.171422	-0.982878	0.0	-0.963701	-0.266248	-0.0198086	0.0	2.70356	1.99544	1.5519100000000001	0.314208	
3	0.101491	0.9890959999999999	-0.106723	0.0	0.167554	0.08874939999999999	0.9818600000000001	0.0	0.980625	-0.117532	-0.15672	0.0	-2.5607599999999997	1.8047	1.6929599999999998	0.349219	-0.257639	0.949308	-0.180105	0.0	0.06374790000000001	-0.169291	-0.9835020000000001	0.0	-0.9641360000000001	-0.264869	-0.0169005	0.0	2.65708	1.9905	1.5593700000000001	0.314317	
3	0.135099	0.98403	-0.115906	0.0	0.167375	0.0926327	0.981532	0.0	0.976593	-0.152004	-0.152187	0.0	-2.55443	1.70157	1.7468599999999999	0.349385	-0.265252	0.947894	-0.176459	0.0	0.06359730000000001	-0.165416	-0.9841709999999999	0.0	-0.9620790000000001	-0.272276	-0.0164067	0.0	2.64163	1.984	1.55965	0.313444	
3	0.13889	0.9834430000000001	-0.116404	0.0	0.15804100000000001	0.0940254	0.9829459999999999	0.0	0.977616	-0.154918	-0.14236500000000002	0.0	-2.5552599999999996	1.6612200000000001	1.76397	0.348628	-0.270837	0.9469559999999999	-0.172979	0.0	0.0631482	-0.16183	-0.9847959999999999	0.0	-0.9605520000000001	-0.277642	-0.0159691	0.0	2.63797	1.97337	1.5585799999999999	0.313525	
3	0.138153	0.983132	-0.11985599999999999	0.0	0.15390399999999999	0.09823639999999999	0.98319	0.0	0.9783799999999999	-0.154277	-0.137737	0.0	-2.56327	1.63103	1.77311	0.345111	-0.289461	0.943306	-0.162439	0.0	0.060242	-0.15141400000000002	-0.986633	0.0	-0.955292	-0.29537800000000003	-0.012998	0.0	2.62629	1.9291900000000002	1.56728	0.313463	
3	0.125436	0.983655	-0.129184	0.0	0.14041099999999998	0.1113	0.9838180000000001	0.0	0.982115	-0.141545	-0.124155	0.0	-2.56145	1.62714	1.76509	0.334407	-0.30961	0.9384309999999999	-0.153263	0.0	0.056444600000000004	-0.14276	-0.9881469999999999	0.0	-0.9491870000000001	-0.314591	-0.00876969	0.0	2.62202	1.9015799999999998	1.60226	0.313654	
3	0.128474	0.983434	-0.127871	0.0	0.142275	0.109329	0.983771	0.0	0.981454	-0.144582	-0.125872	0.0	-2.55553	1.6271799999999998	1.7648700000000002	0.33365700000000004	-0.306501	0.9393809999999999	-0.15369100000000002	0.0	0.0571649	-0.143005	-0.9880700000000001	0.0	-0.950152	-0.31163	-0.00986856	0.0	2.6232900000000003	1.8849099999999999	1.6128	0.313842	
3	0.131537	0.9820770000000001	-0.134992	0.0	0.135995	0.11701099999999999	0.983775	0.0	0.9819389999999999	-0.147761	-0.11816600000000001	0.0	-2.5488299999999997	1.61685	1.7666400000000002	0.322481	-0.311051	0.9384030000000001	-0.15048699999999998	0.0	0.053929	-0.14065899999999998	-0.9885879999999999	0.0	-0.9488620000000001	-0.315617	-0.00685507	0.0	2.62244	1.87185	1.63365	0.31398200000000004	
3	0.145781	0.978857	-0.143483	0.0	0.129338	0.12493	0.983699	0.0	0.980826	-0.161962	-0.10839100000000002	0.0	-2.54448	1.61074	1.7755	0.318103	-0.32208200000000003	0.9351079999999999	-0.147769	0.0	0.0454952	-0.140618	-0.9890180000000001	0.0	-0.9456180000000001	-0.325268	0.0027475999999999998	0.0	2.61904	1.85073	1.6534099999999998	0.314044	
3	0.171019	0.972622	-0.15734800000000002	0.0	0.113101	0.139265	0.983775	0.0	0.9787549999999999	-0.18604	-0.0861875	0.0	-2.5525	1.60238	1.7733400000000001	0.311372	-0.330254	0.932314	-0.14739000000000002	0.0	0.036132199999999996	-0.14355	-0.988983	0.0	-0.9432010000000001	-0.331941	0.013721200000000001	0.0	2.61247	1.81992	1.67255	0.314253	
3	0.187093	0.9694389999999999	-0.158695	0.0	0.10516099999999999	0.140854	0.9844299999999999	0.0	0.9766969999999999	-0.20086800000000002	-0.0755942	0.0	-2.56074	1.62602	1.7609400000000002	0.311268	-0.330543	0.93217	-0.147649	0.0	0.033800199999999996	-0.144651	-0.9889049999999999	0.0	-0.9431860000000001	-0.331866	0.0163056	0.0	2.6073	1.8108	1.67534	0.31419	
3	0.314666	0.945401	-0.0848698	0.0	0.056997900000000004	0.0704308	0.9958870000000001	0.0	0.9474899999999999	-0.31821	-0.0317236	0.0	-2.61421	1.63523	1.7723	0.30999	-0.328282	0.932275	-0.151969	0.0	0.033527	-0.149284	-0.988226	0.0	-0.9439850000000001	-0.32951199999999997	0.0177509	0.0	2.60131	1.8290099999999998	1.6832599999999998	0.314207	
3	0.45783999999999997	0.889026	-0.00391743	0.0	0.015766299999999997	-0.0037137	0.999869	0.0	0.8888950000000001	-0.457842	-0.015717	0.0	-2.69739	1.55672	1.74773	0.30992600000000003	-0.32864699999999997	0.932267	-0.15123	0.0	0.0320272	-0.149031	-0.9883139999999999	0.0	-0.94391	-0.32964899999999997	0.019120599999999998	0.0	2.59098	1.82569	1.6946599999999998	0.31450700000000004	
3	0.527283	0.848944	0.0355839	0.0	-0.0073148	-0.037342	0.999276	0.0	0.849658	-0.527162	-0.013480100000000002	0.0	-2.75156	1.48248	1.6942	0.310772	-0.329572	0.931958	-0.151117	0.0	0.0323586	-0.148816	-0.9883350000000001	0.0	-0.943576	-0.33061799999999997	0.0188885	0.0	2.58797	1.82413	1.7015099999999999	0.314692	
3	0.625737	0.775555	0.083475	0.0	-0.0695057	-0.0511522	0.9962690000000001	0.0	0.776931	-0.629205	0.0218976	0.0	-2.88974	1.19628	1.45051	0.311006	-0.329034	0.931586	-0.154548	0.0	0.0327049	-0.152321	-0.98779	0.0	-0.943752	-0.330071	0.0196512	0.0	2.58934	1.8349900000000001	1.7096099999999999	0.315067	
3	0.666142	0.742698	0.0682268	0.0	-0.11982999999999999	0.0162888	0.992661	0.0	0.736136	-0.669429	0.09984810000000001	0.0	-2.9205900000000002	0.878877	1.25239	0.311584	-0.32846	0.9314549999999999	-0.15654300000000002	0.0	0.0318784	-0.154711	-0.9874450000000001	0.0	-0.9439799999999999	-0.329326	0.0211231	0.0	2.59088	1.8367099999999998	1.71258	0.31524800000000003	
3	0.686763	0.723795	0.0669086	0.0	-0.138093	0.039544800000000005	0.9896299999999999	0.0	0.713643	-0.6888810000000001	0.127109	0.0	-2.92846	0.705392	1.1372200000000001	0.308581	-0.327922	0.931435	-0.157783	0.0	0.0316158	-0.156105	-0.9872340000000001	0.0	-0.944176	-0.32872399999999996	0.0217421	0.0	2.5896	1.83732	1.71785	0.315392	
3	0.674425	0.7378020000000001	0.0282673	0.0	-0.14169400000000001	0.0917597	0.985649	0.0	0.7246199999999999	-0.668751	0.166427	0.0	-2.9915	0.393882	0.82691	0.23473400000000003	-0.327371	0.931085	-0.16096400000000002	0.0	0.029729500000000002	-0.160117	-0.98665	0.0	-0.944428	-0.327786	0.024737000000000002	0.0	2.5823400000000003	1.8422	1.73627	0.31542	
3	0.650778	0.759259	-0.00369921	0.0	-0.127693	0.114249	0.9852120000000001	0.0	0.748454	-0.6406810000000001	0.171303	0.0	-2.99606	0.301259	0.6877989999999999	0.23784699999999998	-0.327125	0.93091	-0.162468	0.0	0.028360900000000005	-0.162178	-0.9863540000000001	0.0	-0.9445549999999999	-0.32726900000000003	0.026650999999999998	0.0	2.58238	1.8462599999999998	1.7503400000000002	0.315628	
3	0.588109	0.807653	-0.0427041	0.0	-0.119723	0.139154	0.983007	0.0	0.799871	-0.5730029999999999	0.178532	0.0	-2.92873	0.153415	0.444546	0.27565	-0.328424	0.930177	-0.16404000000000002	0.0	0.026429599999999998	-0.164556	-0.986014	0.0	-0.944161	-0.328165	0.0294596	0.0	2.58216	1.85359	1.7725	0.315945	
3	0.575259	0.816549	-0.0482111	0.0	-0.124052	0.145349	0.9815729999999999	0.0	0.8085100000000001	-0.558678	0.184907	0.0	-2.8862099999999997	0.0893957	0.36744699999999997	0.281958	-0.32929400000000003	0.930063	-0.162936	0.0	0.025206700000000002	-0.16384	-0.986165	0.0	-0.943891	-0.328845	0.0305077	0.0	2.58261	1.85625	1.78269	0.316168	
3	0.583509	0.810721	-0.0474281	0.0	-0.13898	0.157228	0.977734	0.0	0.800126	-0.563925	0.20441800000000002	0.0	-2.75745	-0.130854	0.240921	0.289333	-0.329522	0.93017	-0.161863	0.0	0.0241351	-0.16308399999999998	-0.986317	0.0	-0.943839	-0.328919	0.0312898	0.0	2.58304	1.8584200000000002	1.8002599999999997	0.316479	
3	0.593398	0.8036	-0.045893800000000005	0.0	-0.160215	0.173799	0.9716610000000001	0.0	0.7888029999999999	-0.569229	0.231881	0.0	-2.67157	-0.312836	0.178374	0.29651700000000003	-0.329759	0.930351	-0.160332	0.0	0.0210334	-0.162549	-0.986476	0.0	-0.943831	-0.32867199999999996	0.0340335	0.0	2.5838799999999997	1.8585599999999998	1.82735	0.31714499999999995	
3	0.5961489999999999	0.801595	-0.04530069999999999	0.0	-0.164466	0.177151	0.9703450000000001	0.0	0.785848	-0.5710189999999999	0.23744400000000002	0.0	-2.65735	-0.345754	0.162957	0.296849	-0.329762	0.9303239999999999	-0.160483	0.0	0.020644700000000002	-0.16284500000000002	-0.9864360000000001	0.0	-0.943838	-0.328602	0.0344939	0.0	2.58395	1.8598400000000002	1.83024	0.31733	
3	0.619545	0.784262	-0.033125	0.0	-0.186846	0.188327	0.964169	0.0	0.7623989999999999	-0.5911569999999999	0.26321300000000003	0.0	-2.46556	-0.640893	0.0522719	0.32565500000000003	-0.331899	0.929744	-0.159434	0.0	0.020494	-0.161867	-0.9866	0.0	-0.943092	-0.330719	0.0346694	0.0	2.5834599999999996	1.8592400000000002	1.8390400000000002	0.318052	
3	0.63869	0.768642	-0.0355663	0.0	-0.188427	0.20105	0.9612879999999999	0.0	0.7460359999999999	-0.607264	0.273242	0.0	-2.41439	-0.7489680000000001	0.0130862	0.33731	-0.3323	0.929775	-0.158413	0.0	0.0211602	-0.16056600000000001	-0.986798	0.0	-0.9429360000000001	-0.33126500000000003	0.0336819	0.0	2.583	1.8581	1.83948	0.318483	
3	0.6734	0.7380720000000001	-0.0422198	0.0	-0.189068	0.227149	0.9553309999999999	0.0	0.714693	-0.635338	0.292508	0.0	-2.38749	-0.966676	-0.0189175	0.34563299999999997	-0.33153499999999997	0.930267	-0.157126	0.0	0.020465200000000003	-0.159415	-0.987	0.0	-0.9432209999999999	-0.33044	0.033813499999999996	0.0	2.58174	1.84769	1.83712	0.31965	
3	0.697382	0.715001	-0.0493245	0.0	-0.183198	0.244373	0.952219	0.0	0.692891	-0.6550239999999999	0.301408	0.0	-2.42267	-1.20966	-0.125625	0.345131	-0.331507	0.930314	-0.156904	0.0	0.0203121	-0.15923199999999998	-0.987032	0.0	-0.943234	-0.330395	0.0338901	0.0	2.58182	1.8487200000000001	1.83361	0.321009	
3	0.704633	0.707658	-0.052080999999999995	0.0	-0.17617	0.24557199999999998	0.9532360000000001	0.0	0.687355	-0.662507	0.29770599999999997	0.0	-2.4539299999999997	-1.31809	-0.183346	0.34518499999999996	-0.331782	0.930214	-0.156918	0.0	0.0209048	-0.159049	-0.987049	0.0	-0.943125	-0.33076500000000003	0.0333236	0.0	2.57997	1.84265	1.8322200000000002	0.321058	
3	0.704804	0.707429	-0.052874800000000007	0.0	-0.17545	0.24604600000000001	0.9532459999999999	0.0	0.6873640000000001	-0.662575	0.297533	0.0	-2.45637	-1.32581	-0.191652	0.345222	-0.331756	0.9302590000000001	-0.15670599999999998	0.0	0.0207882	-0.158864	-0.987082	0.0	-0.9431360000000001	-0.330728	0.0333657	0.0	2.5800099999999997	1.84313	1.8320299999999998	0.321128	
3	0.7116819999999999	0.700901	-0.0474036	0.0	-0.162118	0.229519	0.959708	0.0	0.6835399999999999	-0.675321	0.276974	0.0	-2.5024	-1.4077600000000001	-0.338023	0.34523200000000004	-0.332313	0.9301209999999999	-0.156346	0.0	0.020816099999999997	-0.158493	-0.9871409999999999	0.0	-0.94294	-0.33129400000000003	0.0333079	0.0	2.5786599999999997	1.83907	1.83588	0.321397	
3	0.733383	0.6794399999999999	-0.0226212	0.0	-0.145596	0.189485	0.9710290000000001	0.0	0.664042	-0.708842	0.237889	0.0	-2.61991	-1.4821600000000001	-0.553754	0.3453	-0.332902	0.9300200000000001	-0.15568800000000002	0.0	0.0209775	-0.15776099999999998	-0.9872549999999999	0.0	-0.942728	-0.331925	0.0330094	0.0	2.57872	1.8340400000000001	1.8345	0.3217	
3	0.7494460000000001	0.661875	-0.0159102	0.0	-0.132758	0.173779	0.9757950000000001	0.0	0.648619	-0.729193	0.21810700000000002	0.0	-2.6886400000000004	-1.51383	-0.660435	0.34529899999999997	-0.332679	0.9301280000000001	-0.155523	0.0	0.020649200000000003	-0.157692	-0.9872719999999999	0.0	-0.9428139999999999	-0.331656	0.0332544	0.0	2.5796	1.83627	1.83855	0.321801	
3	0.766969	0.6416609999999999	-0.0054222	0.0	-0.11776700000000001	0.149062	0.9817899999999999	0.0	0.630785	-0.752364	0.189892	0.0	-2.84216	-1.6025	-0.896453	0.34560599999999997	-0.333038	0.929876	-0.15626099999999998	0.0	0.020716599999999998	-0.15846500000000002	-0.9871469999999999	0.0	-0.942686	-0.331994	0.0335109	0.0	2.57932	1.8366	1.84365	0.321912	
3	0.7681819999999999	0.640199	-0.00643766	0.0	-0.116273	0.149391	0.9819180000000001	0.0	0.629584	-0.753544	0.189197	0.0	-2.8761	-1.62178	-0.928643	0.345571	-0.332854	0.92991	-0.15645	0.0	0.0203968	-0.158772	-0.9871049999999999	0.0	-0.942758	-0.331753	0.0338805	0.0	2.57986	1.83962	1.84958	0.32206399999999996	
3	0.764828	0.643833	-0.0227574	0.0	-0.10779000000000001	0.16271300000000002	0.9807680000000001	0.0	0.635154	-0.7476659999999999	0.193846	0.0	-2.95053	-1.62505	-0.907393	0.34524299999999997	-0.33366	0.9296540000000001	-0.156254	0.0	0.0200748	-0.158708	-0.9871219999999999	0.0	-0.9424799999999999	-0.332499	0.034291699999999994	0.0	2.58002	1.83788	1.85895	0.322983	
3	0.758497	0.6499659999999999	-0.0471816	0.0	-0.0952765	0.182225	0.9786299999999999	0.0	0.644674	-0.737792	0.20014400000000002	0.0	-2.96619	-1.59712	-0.831572	0.344404	-0.333642	0.9296200000000001	-0.156494	0.0	0.0199575	-0.159004	-0.9870760000000001	0.0	-0.9424889999999999	-0.332453	0.0344974	0.0	2.58093	1.8363200000000002	1.8604	0.322785	
3	0.746789	0.660419	-0.0784435	0.0	-0.0773636	0.203413	0.976032	0.0	0.660546	-0.722821	0.202999	0.0	-2.96092	-1.56162	-0.782651	0.344368	-0.33365700000000004	0.929637	-0.15636	0.0	0.019987	-0.158852	-0.9871	0.0	-0.942483	-0.332478	0.0344212	0.0	2.58081	1.8374700000000002	1.85955	0.322946	
3	0.694715	0.6991569999999999	-0.16897	0.0	-0.0335379	0.266144	0.96335	0.0	0.718503	-0.663587	0.208342	0.0	-2.9182099999999997	-1.35825	-0.647652	0.344179	-0.333934	0.930018	-0.153475	0.0	0.0174925	-0.15667899999999998	-0.9874950000000001	0.0	-0.942434	-0.332443	0.0360522	0.0	2.58068	1.8372	1.85925	0.32309	
3	0.696633	0.697994	-0.165854	0.0	-0.034649900000000004	0.26364299999999996	0.9639979999999999	0.0	0.71659	-0.665806	0.207848	0.0	-2.91958	-1.36511	-0.6527930000000001	0.34412600000000004	-0.333907	0.929998	-0.15365399999999999	0.0	0.0177298	-0.15678399999999998	-0.987474	0.0	-0.9424389999999999	-0.332449	0.0358627	0.0	2.58072	1.83728	1.85935	0.323101	
3	0.696762	0.697906	-0.16568	0.0	-0.0347168	0.263516	0.9640299999999999	0.0	0.716462	-0.6659470000000001	0.207837	0.0	-2.91997	-1.36687	-0.6537	0.344127	-0.333904	0.929997	-0.153667	0.0	0.0177446	-0.15679300000000002	-0.9874719999999999	0.0	-0.9424399999999999	-0.332447	0.0358511	0.0	2.58071	1.83728	1.85935	0.323101	
3	0.696762	0.697906	-0.16568	0.0	-0.034716500000000004	0.263516	0.9640299999999999	0.0	0.716462	-0.6659470000000001	0.207837	0.0	-2.91997	-1.36687	-0.6537	0.34412600000000004	-0.333904	0.929997	-0.153666	0.0	0.0177446	-0.15679200000000001	-0.9874719999999999	0.0	-0.9424399999999999	-0.332447	0.03585119999999999	0.0	2.58071	1.83729	1.85935	0.323101	
3	0.696762	0.697906	-0.16568	0.0	-0.034716699999999996	0.263516	0.9640299999999999	0.0	0.716462	-0.6659470000000001	0.207837	0.0	-2.91997	-1.36687	-0.653701	0.34412600000000004	-0.333904	0.929997	-0.153667	0.0	0.0177447	-0.15679200000000001	-0.9874719999999999	0.0	-0.9424399999999999	-0.332447	0.0358511	0.0	2.58071	1.83729	1.85935	0.323101	
3	0.696762	0.697906	-0.16568	0.0	-0.0347166	0.263516	0.9640299999999999	0.0	0.716462	-0.6659470000000001	0.207837	0.0	-2.91997	-1.36687	-0.653701	0.34412600000000004	-0.333904	0.929997	-0.153667	0.0	0.0177447	-0.15679300000000002	-0.9874719999999999	0.0	-0.9424399999999999	-0.332448	0.0358509	0.0	2.58071	1.83729	1.85935	0.323101	
3	0.696762	0.697906	-0.16568	0.0	-0.034716699999999996	0.263516	0.9640299999999999	0.0	0.716462	-0.6659470000000001	0.207837	0.0	-2.91997	-1.36687	-0.6537	0.344127	-0.333904	0.929997	-0.153667	0.0	0.0177445	-0.15679300000000002	-0.9874719999999999	0.0	-0.9424399999999999	-0.332447	0.03585119999999999	0.0	2.58071	1.83729	1.85935	0.323101	
3	0.696762	0.697906	-0.16568	0.0	-0.034716500000000004	0.263516	0.9640299999999999	0.0	0.716462	-0.6659470000000001	0.207837	0.0	-2.91997	-1.36687	-0.6537	0.34412600000000004	-0.333904	0.929997	-0.153667	0.0	0.0177447	-0.15679300000000002	-0.9874719999999999	0.0	-0.9424399999999999	-0.332447	0.0358511	0.0	2.58071	1.83728	1.85935	0.323101	
3	0.696762	0.697906	-0.16568	0.0	-0.034716500000000004	0.263516	0.9640299999999999	0.0	0.716462	-0.6659470000000001	0.207837	0.0	-2.91997	-1.36687	-0.6537	0.34412600000000004	-0.333904	0.929997	-0.153667	0.0	0.0177447	-0.15679200000000001	-0.9874719999999999	0.0	-0.9424399999999999	-0.332447	0.0358511	0.0	2.58071	1.83729	1.85935	0.323101	
3	0.696762	0.697906	-0.16568	0.0	-0.0347166	0.263516	0.9640299999999999	0.0	0.716462	-0.6659470000000001	0.207837	0.0	-2.91997	-1.36687	-0.653701	0.34412600000000004	-0.333904	0.929997	-0.153667	0.0	0.0177446	-0.15679300000000002	-0.9874719999999999	0.0	-0.9424399999999999	-0.332447	0.0358511	0.0	2.58071	1.83728	1.85935	0.323101	
3	0.696762	0.697906	-0.16568	0.0	-0.0347166	0.263516	0.9640299999999999	0.0	0.716462	-0.6659470000000001	0.207837	0.0	-2.91997	-1.36687	-0.6537	0.34412600000000004	-0.333904	0.929997	-0.153667	0.0	0.0177447	-0.15679200000000001	-0.9874719999999999	0.0	-0.9424399999999999	-0.332447	0.0358509	0.0	2.58071	1.83729	1.85935	0.323101	
3	0.696762	0.697906	-0.16568	0.0	-0.034716500000000004	0.263516	0.9640299999999999	0.0	0.716462	-0.6659470000000001	0.207837	0.0	-2.91997	-1.36687	-0.6537	0.344127	-0.333904	0.929997	-0.153667	0.0	0.017744799999999998	-0.15679200000000001	-0.9874719999999999	0.0	-0.9424399999999999	-0.332447	0.0358508	0.0	2.58071	1.83729	1.85935	0.323101	
3	0.696762	0.6979069999999999	-0.16568	0.0	-0.034716500000000004	0.263516	0.9640299999999999	0.0	0.716462	-0.6659470000000001	0.207837	0.0	-2.91997	-1.36687	-0.6537	0.344127	-0.333904	0.929997	-0.153667	0.0	0.0177447	-0.15679300000000002	-0.9874719999999999	0.0	-0.9424399999999999	-0.332448	0.0358509	0.0	2.58071	1.83729	1.85935	0.323101	
3	0.696761	0.6979069999999999	-0.16568	0.0	-0.0347166	0.263516	0.9640299999999999	0.0	0.716462	-0.6659470000000001	0.207837	0.0	-2.91997	-1.36687	-0.6537	0.34412600000000004	-0.333904	0.929997	-0.153667	0.0	0.0177447	-0.15679200000000001	-0.9874719999999999	0.0	-0.9424399999999999	-0.332447	0.0358511	0.0	2.58071	1.83729	1.85935	0.323101	
3	0.169914	0.939311	-0.298034	0.0	0.011931299999999999	0.300448	0.953723	0.0	0.9853870000000001	-0.165607	0.039843	0.0	-2.97392	-1.28799	-0.78333	0.203208	-0.291157	0.945749	-0.144173	0.0	0.021924400000000004	-0.144067	-0.989325	0.0	-0.9564239999999999	-0.29120999999999997	0.021210800000000002	0.0	2.6269400000000003	1.89278	1.8969200000000002	0.0	
3	0.161416	0.949466	-0.26918200000000003	0.0	0.0272695	0.268364	0.962932	0.0	0.98651	-0.162773	0.0174266	0.0	-2.91411	-1.2526	-0.817395	0.342186	-0.276584	0.9513290000000001	-0.13592100000000001	0.0	0.00673819	-0.139515	-0.9901969999999999	0.0	-0.960966	-0.274789	0.032177199999999996	0.0	2.65223	1.8821400000000001	1.84575	0.11610999999999999	
3	0.161901	0.9479120000000001	-0.27432	0.0	0.03173959999999999	0.27284200000000003	0.961535	0.0	0.986296	-0.16438	0.014087100000000002	0.0	-2.90613	-1.2536399999999999	-0.8239219999999999	0.342082	-0.28999400000000003	0.948889	-0.12455799999999999	0.0	0.0313102	-0.120675	-0.9921979999999999	0.0	-0.9565170000000001	-0.291631	0.00528479	0.0	2.6819900000000003	1.89215	1.8182	0.31298000000000004	
3	0.231742	0.924696	-0.30204899999999996	0.0	-0.06408580000000001	0.324339	0.943767	0.0	0.970664	-0.199353	0.13442300000000001	0.0	-2.90639	-1.3595	-0.719577	0.00340913	-0.29871	0.946155	-0.124749	0.0	0.036498199999999995	-0.119296	-0.992188	0.0	-0.9536459999999999	-0.300929	0.00110179	0.0	2.66153	1.86854	1.7733299999999999	0.294542	
3	0.265498	0.927191	-0.26425	0.0	-0.0393575	0.284281	0.957933	0.0	0.9633079999999999	-0.243929	0.11196800000000001	0.0	-2.9993	-1.34893	-0.68002	0.0	-0.297919	0.9465520000000001	-0.123628	0.0	0.0368522	-0.11800799999999999	-0.9923290000000001	0.0	-0.95388	-0.300189	0.000274122	0.0	2.6614400000000002	1.86513	1.77295	0.296513	
3	0.27484000000000003	0.929949	-0.24425100000000002	0.0	-0.021239599999999997	0.259844	0.965417	0.0	0.961255	-0.26014699999999996	0.0911671	0.0	-3.0011799999999997	-1.34814	-0.6928880000000001	0.0	-0.29767	0.9466680000000001	-0.12333599999999999	0.0	0.0368822	-0.117692	-0.9923649999999999	0.0	-0.9539559999999999	-0.299946	0.000118256	0.0	2.66094	1.86375	1.77357	0.298638	
3	0.336169	0.9216989999999999	-0.193549	0.0	-0.00571159	0.20750100000000002	0.978218	0.0	0.9417840000000001	-0.327741	0.0750196	0.0	-3.03245	-1.46979	-0.7419680000000001	0.27066100000000004	-0.29740700000000003	0.946667	-0.123976	0.0	0.037007	-0.118324	-0.9922850000000001	0.0	-0.954033	-0.2997	0.00015705799999999999	0.0	2.66007	1.8592	1.76965	0.301091	
3	0.36978	0.911968	-0.177701	0.0	0.00259542	0.190243	0.981734	0.0	0.9291159999999999	-0.363487	0.067981	0.0	-3.0279599999999998	-1.5295299999999998	-0.7600600000000001	0.305261	-0.297514	0.946599	-0.12423800000000002	0.0	0.0368828	-0.11863699999999999	-0.992252	0.0	-0.9540049999999999	-0.299791	0.00038296	0.0	2.6606	1.8572799999999998	1.77027	0.302385	
3	0.489275	0.8604430000000001	-0.142292	0.0	0.000151008	0.163072	0.986614	0.0	0.872129	-0.48274799999999995	0.0796569	0.0	-3.03081	-1.74606	-0.8162590000000001	0.313314	-0.297092	0.946535	-0.12573199999999998	0.0	0.037219699999999994	-0.12009700000000001	-0.992064	0.0	-0.9541229999999999	-0.299414	0.00045013400000000004	0.0	2.6616299999999997	1.86422	1.7783200000000001	0.302688	
3	0.6203489999999999	0.7760640000000001	-0.11354500000000001	0.0	-0.00466874	0.148418	0.988914	0.0	0.784312	-0.612942	0.0956943	0.0	-3.1027	-2.12937	-0.9682629999999999	0.339731	-0.296622	0.9465549999999999	-0.126685	0.0	0.0366074	-0.121288	-0.991942	0.0	-0.9542930000000001	-0.298869	0.00132567	0.0	2.66365	1.87212	1.7831400000000002	0.30307399999999995	
3	0.678183	0.728425	-0.09728289999999999	0.0	-0.020096700000000002	0.15070999999999998	0.988374	0.0	0.734618	-0.6683439999999999	0.11684800000000001	0.0	-3.20695	-2.4424	-1.1208200000000001	0.34724499999999997	-0.29675100000000004	0.9465399999999999	-0.126497	0.0	0.036338699999999995	-0.121176	-0.991966	0.0	-0.954263	-0.29896300000000003	0.00156289	0.0	2.66317	1.86905	1.7850099999999998	0.303214	
3	0.722544	0.684038	-0.100114	0.0	-0.0368884	0.182756	0.982466	0.0	0.69034	-0.706182	0.157282	0.0	-3.3492	-2.79735	-1.30044	0.347339	-0.29593800000000003	0.94685	-0.126077	0.0	0.0364436	-0.120701	-0.9920200000000001	0.0	-0.954512	-0.298171	0.00121325	0.0	2.66063	1.86507	1.78683	0.303249	
3	0.735427	0.6709229999999999	-0.0949176	0.0	-0.0449722	0.18809800000000002	0.9811200000000001	0.0	0.67611	-0.7172729999999999	0.168505	0.0	-3.3666400000000003	-2.91488	-1.35832	0.34721	-0.294969	0.947125	-0.12628399999999998	0.0	0.035753	-0.12113099999999999	-0.991992	0.0	-0.954838	-0.297122	0.00186753	0.0	2.6560200000000003	1.8650200000000001	1.78718	0.303257	
3	0.76508	0.638096	-0.0865168	0.0	-0.054929	0.19853800000000002	0.9785530000000001	0.0	0.641588	-0.743919	0.186947	0.0	-3.4039	-3.13273	-1.52242	0.347717	-0.292119	0.947843	-0.127512	0.0	0.034092199999999996	-0.122923	-0.9918299999999999	0.0	-0.955774	-0.29408	0.00359404	0.0	2.64379	1.8715400000000002	1.78951	0.303327	
3	0.783736	0.616108	-0.0785416	0.0	-0.0646018	0.20663499999999999	0.976283	0.0	0.617725	-0.760074	0.201749	0.0	-3.4075900000000003	-3.24427	-1.61786	0.347645	-0.290352	0.948305	-0.128119	0.0	0.0322092	-0.124126	-0.9917440000000001	0.0	-0.9563780000000001	-0.292081	0.00549608	0.0	2.6330400000000003	1.87525	1.7946900000000001	0.303348	
3	0.79332	0.604284	-0.0740556	0.0	-0.0733531	0.21563000000000002	0.973716	0.0	0.6043689999999999	-0.767037	0.21539	0.0	-3.42286	-3.35344	-1.6866700000000001	0.347613	-0.290505	0.9483459999999999	-0.127466	0.0	0.0324687	-0.12336400000000002	-0.9918299999999999	0.0	-0.9563219999999999	-0.292271	0.00504631	0.0	2.6250299999999998	1.8727099999999999	1.79538	0.303429	
3	0.794284	0.603126	-0.073158	0.0	-0.07420739999999999	0.215824	0.9736090000000001	0.0	0.6029979999999999	-0.767893	0.21618099999999998	0.0	-3.4180099999999998	-3.36588	-1.69813	0.347577	-0.29044000000000003	0.9483790000000001	-0.127367	0.0	0.032405500000000004	-0.12328099999999999	-0.991843	0.0	-0.9563440000000001	-0.292198	0.00507277	0.0	2.62364	1.8735099999999998	1.79555	0.303365	
3	0.796633	0.601377	-0.0609996	0.0	-0.087439	0.21450300000000003	0.9728020000000001	0.0	0.598105	-0.769632	0.223464	0.0	-3.36069	-3.47609	-1.8059	0.346725	-0.290376	0.948407	-0.127302	0.0	0.0319936	-0.12333800000000002	-0.991849	0.0	-0.9563780000000001	-0.292082	0.00547129	0.0	2.6188599999999997	1.8750099999999998	1.79808	0.303396	
3	0.798737	0.5986239999999999	-0.060565	0.0	-0.0911909	0.219939	0.971242	0.0	0.59473	-0.7702439999999999	0.230262	0.0	-3.3221800000000004	-3.5353199999999996	-1.8642900000000002	0.34591900000000003	-0.29152	0.948177	-0.126399	0.0	0.0305083	-0.12285499999999999	-0.991956	0.0	-0.9560780000000001	-0.293031	0.00688738	0.0	2.61848	1.87658	1.8034599999999998	0.303611	
3	0.806582	0.5876680000000001	-0.06380269999999999	0.0	-0.09395919999999999	0.234021	0.9676809999999999	0.0	0.583607	-0.774519	0.24397399999999997	0.0	-3.28829	-3.5893800000000002	-1.84968	0.34570300000000004	-0.291711	0.9481729999999999	-0.12598499999999999	0.0	0.0303397	-0.122476	-0.992008	0.0	-0.956025	-0.293202	0.00696003	0.0	2.6185099999999997	1.87959	1.80445	0.303605	
3	0.813964	0.577112	-0.0663659	0.0	-0.0951056	0.24508899999999997	0.964825	0.0	0.573078	-0.7790199999999999	0.25438	0.0	-3.2173599999999998	-3.68148	-1.8070400000000002	0.34193	-0.294281	0.947643	-0.123981	0.0	0.0289767	-0.12081900000000001	-0.992252	0.0	-0.9552799999999999	-0.295593	0.00809497	0.0	2.61518	1.87497	1.81218	0.3039	
3	0.823484	0.560863	-0.08547880000000001	0.0	-0.0908914	0.279141	0.955939	0.0	0.5600109999999999	-0.779431	0.280846	0.0	-3.19135	-3.69368	-1.84758	0.306396	-0.296117	0.9473739999999999	-0.121643	0.0	0.0268836	-0.11903699999999999	-0.992526	0.0	-0.954773	-0.297174	0.00978017	0.0	2.6113299999999997	1.8705200000000002	1.8176	0.30435	
3	0.833925	0.541693	-0.10553900000000001	0.0	-0.0890587	0.320819	0.942944	0.0	0.5446449999999999	-0.776946	0.315781	0.0	-3.1353	-3.68382	-1.82725	0.23253600000000002	-0.296765	0.947253	-0.12100899999999999	0.0	0.0264527	-0.11851400000000001	-0.9926	0.0	-0.954584	-0.297769	0.0101134	0.0	2.61095	1.87017	1.82085	0.30448200000000003	
3	0.8535209999999999	0.5046619999999999	-0.129685	0.0	-0.0801578	0.373096	0.9243239999999999	0.0	0.5148560000000001	-0.7785340000000001	0.358898	0.0	-3.13633	-3.6770099999999997	-1.76768	0.10653499999999999	-0.298612	0.946836	-0.119717	0.0	0.0252649	-0.11755299999999999	-0.9927450000000001	0.0	-0.95404	-0.29946999999999996	0.011181100000000001	0.0	2.60837	1.8662599999999998	1.82913	0.305367	
3	0.8575659999999999	0.494101	-0.14298699999999998	0.0	-0.0693087	0.386444	0.9197049999999999	0.0	0.509684	-0.7787970000000001	0.365647	0.0	-3.1384	-3.6770099999999997	-1.7698200000000002	0.106672	-0.299132	0.946807	-0.11864200000000001	0.0	0.0241173	-0.11679300000000001	-0.9928629999999999	0.0	-0.953907	-0.29985900000000004	0.0121022	0.0	2.60895	1.8711099999999998	1.8348799999999998	0.305425	
3	0.867539	0.471684	-0.15776500000000002	0.0	-0.050458499999999996	0.39903	0.915549	0.0	0.494802	-0.7863140000000001	0.369975	0.0	-3.1657	-3.67155	-1.7328400000000002	0.10666600000000001	-0.300844	0.946325	-0.118165	0.0	0.0229734	-0.116678	-0.9929040000000001	0.0	-0.9533969999999999	-0.30142399999999997	0.0133612	0.0	2.60733	1.8701299999999998	1.8378900000000002	0.305408	
3	0.868223	0.466722	-0.168406	0.0	-0.0407019	0.40525700000000003	0.9132959999999999	0.0	0.49450299999999997	-0.78609	0.37085	0.0	-3.1905	-3.6691199999999995	-1.68412	0.105902	-0.301379	0.946268	-0.117252	0.0	0.0228598	-0.115764	-0.993014	0.0	-0.9532309999999999	-0.301953	0.013257	0.0	2.6070599999999997	1.87075	1.84021	0.30540300000000004	
3	0.861563	0.46362600000000004	-0.20678400000000002	0.0	0.00296067	0.40274	0.9153100000000001	0.0	0.507641	-0.7892100000000001	0.345613	0.0	-3.21027	-3.6535300000000004	-1.6661	0.105974	-0.304454	0.9455540000000001	-0.11505	0.0	0.0215574	-0.11391300000000001	-0.993257	0.0	-0.952283	-0.304881	0.0142975	0.0	2.60492	1.86539	1.84055	0.30548200000000003	
3	0.8566360000000001	0.467095	-0.219083	0.0	0.0197377	0.394662	0.918615	0.0	0.515544	-0.791242	0.328862	0.0	-3.2094400000000003	-3.62354	-1.65347	0.10558	-0.304842	0.94544	-0.11495599999999999	0.0	0.0217515	-0.113758	-0.9932709999999999	0.0	-0.952155	-0.305291	0.014113399999999998	0.0	2.60459	1.8638	1.8408900000000001	0.305307	
3	0.836571	0.49911700000000003	-0.225899	0.0	0.0352159	0.362489	0.931322	0.0	0.546725	-0.7870729999999999	0.285671	0.0	-3.2085	-3.4258900000000003	-1.62043	0.104949	-0.30501300000000003	0.945407	-0.114773	0.0	0.0218354	-0.113542	-0.993294	0.0	-0.952098	-0.30547399999999997	0.0139881	0.0	2.60697	1.86865	1.8417700000000001	0.305419	
3	0.8259799999999999	0.519133	-0.219675	0.0	0.039801199999999995	0.335021	0.94137	0.0	0.562292	-0.786296	0.25605900000000004	0.0	-3.2028	-3.30546	-1.61051	0.10425	-0.305265	0.9453520000000001	-0.114553	0.0	0.0218701	-0.113303	-0.9933200000000001	0.0	-0.952016	-0.305731	0.0139124	0.0	2.60665	1.8673400000000002	1.8394	0.305396	
3	0.798538	0.5698840000000001	-0.193827	0.0	0.035794900000000004	0.276474	0.960355	0.0	0.6008789999999999	-0.773818	0.200376	0.0	-3.17876	-3.00143	-1.6245100000000001	0.105066	-0.304622	0.945642	-0.113873	0.0	0.0219328	-0.11256	-0.993403	0.0	-0.9522209999999999	-0.30511	0.013547499999999999	0.0	2.60648	1.86225	1.8306	0.305272	
3	0.787818	0.58772	-0.184196	0.0	0.0330213	0.258328	0.965493	0.0	0.615023	-0.7667149999999999	0.184108	0.0	-3.1312900000000004	-2.88652	-1.65752	0.1042	-0.304411	0.945837	-0.11280799999999999	0.0	0.0217165	-0.111507	-0.993526	0.0	-0.9522930000000001	-0.30489099999999997	0.013403799999999999	0.0	2.6061	1.86611	1.83011	0.305271	
3	0.770021	0.6156659999999999	-0.167399	0.0	0.0321652	0.22458000000000003	0.973925	0.0	0.637207	-0.7553270000000001	0.153129	0.0	-3.08623	-2.67711	-1.7098900000000001	0.102817	-0.305661	0.9456680000000001	-0.11083299999999999	0.0	0.0211049	-0.10964600000000001	-0.9937469999999999	0.0	-0.951907	-0.306089	0.0135564	0.0	2.6017099999999997	1.8561	1.82709	0.305196	
3	0.757269	0.6326890000000001	-0.162012	0.0	0.0421694	0.200181	0.978851	0.0	0.65174	-0.7480859999999999	0.124911	0.0	-2.9952799999999997	-2.34502	-1.50336	0.00336422	-0.305782	0.945681	-0.11039000000000002	0.0	0.0210658	-0.109195	-0.9937969999999999	0.0	-0.9518690000000001	-0.306211	0.013468100000000002	0.0	2.6006400000000003	1.85369	1.82292	0.305139	
3	0.757078	0.6333979999999999	-0.160124	0.0	0.042528300000000005	0.196792	0.9795219999999999	0.0	0.651938	-0.7483850000000001	0.12205	0.0	-2.97237	-2.26713	-1.46722	0.0	-0.30597199999999997	0.9456379999999999	-0.110223	0.0	0.0213788	-0.108922	-0.99382	0.0	-0.951801	-0.306437	0.013110299999999998	0.0	2.60031	1.8533	1.8212099999999998	0.305159	
3	0.749818	0.644892	-0.147945	0.0	0.043717599999999995	0.174824	0.9836290000000001	0.0	0.660198	-0.7440100000000001	0.10289300000000001	0.0	-2.9410000000000003	-2.12868	-1.4549	0.0	-0.305782	0.945958	-0.10798599999999998	0.0	0.0214526	-0.106544	-0.9940760000000001	0.0	-0.95186	-0.306288	0.012286100000000001	0.0	2.60072	1.85198	1.81433	0.305004	
3	0.747436	0.650169	-0.136456	0.0	0.0440662	0.15642799999999998	0.986706	0.0	0.662871	-0.743512	0.0882696	0.0	-2.92403	-2.06601	-1.44279	0.0	-0.30740300000000004	0.9457840000000001	-0.10486600000000001	0.0	0.0207222	-0.103523	-0.994411	0.0	-0.951354	-0.30785799999999997	0.0122244	0.0	2.59984	1.84818	1.8122099999999999	0.30488200000000004	
3	0.7356689999999999	0.669161	-0.104948	0.0	0.0458222	0.10542	0.9933719999999999	0.0	0.6757890000000001	-0.7356020000000001	0.0468915	0.0	-2.8776900000000003	-1.8469900000000001	-1.43723	0.0	-0.320017	0.9427129999999999	-0.094235	0.0	0.0169675	-0.093747	-0.995451	0.0	-0.94726	-0.32016	0.014005200000000002	0.0	2.59005	1.83718	1.81603	0.305093	
3	0.729422	0.67837	-0.088074	0.0	0.0454123	0.0804465	0.9957239999999999	0.0	0.682555	-0.7303029999999999	0.027873099999999998	0.0	-2.84662	-1.7214	-1.41677	0.0	-0.331304	0.939192	-0.0903112	0.0	0.0140631	-0.0907911	-0.995771	0.0	-0.94342	-0.33117199999999997	0.016871200000000003	0.0	2.58906	1.8477299999999999	1.82077	0.30485300000000004	
3	0.734291	0.676244	-0.0592618	0.0	0.0137618	0.072452	0.9972770000000001	0.0	0.678696	-0.733107	0.0438944	0.0	-2.83423	-1.69616	-1.40435	0.0	-0.327757	0.9408719999999999	-0.0856462	0.0	0.00717866	-0.0881711	-0.99608	0.0	-0.944735	-0.327086	0.0221443	0.0	2.58779	1.8582299999999998	1.82106	0.304791	
3	0.7382270000000001	0.673786	-0.0321564	0.0	-0.023444299999999998	0.0732701	0.997036	0.0	0.674145	-0.7352850000000001	0.06988639999999999	0.0	-2.8370599999999997	-1.75042	-1.40825	0.00034523	-0.328873	0.941111	-0.07843510000000001	0.0	0.00713968	-0.080575	-0.9967229999999999	0.0	-0.9443469999999999	-0.328355	0.019779599999999998	0.0	2.58303	1.85788	1.82054	0.30503600000000003	
3	0.751793	0.65823	-0.0392538	0.0	-0.054686900000000004	0.121564	0.9910760000000001	0.0	0.657127	-0.742938	0.127387	0.0	-2.85745	-2.09678	-1.36049	0.135999	-0.33466799999999997	0.939308	-0.075488	0.0	0.010256200000000002	-0.0764719	-0.9970190000000001	0.0	-0.9422799999999999	-0.334445	0.0159589	0.0	2.57986	1.84486	1.8136400000000001	0.308068	
3	0.751777	0.6577970000000001	-0.04619469999999999	0.0	-0.053070900000000004	0.130182	0.9900690000000001	0.0	0.657278	-0.7418600000000001	0.132778	0.0	-2.85901	-2.13172	-1.35209	0.16523	-0.33479699999999996	0.9392969999999999	-0.0750437	0.0	0.0100137	-0.0760887	-0.997051	0.0	-0.9422370000000001	-0.334561	0.0160684	0.0	2.5798	1.8458700000000001	1.81308	0.308107	
3	0.7696029999999999	0.633532	-0.0796779	0.0	-0.0425032	0.175336	0.983591	0.0	0.6371060000000001	-0.753588	0.161867	0.0	-2.90732	-2.49845	-1.3181	0.272059	-0.340507	0.937795	-0.0677902	0.0	0.012612799999999999	-0.06753630000000001	-0.9976370000000001	0.0	-0.940157	-0.340557	0.0111684	0.0	2.57923	1.8189799999999998	1.8138599999999998	0.30985300000000005	
3	0.78355	0.613027	-0.101232	0.0	-0.0374351	0.20920999999999998	0.9771540000000001	0.0	0.6202	-0.7618590000000001	0.186875	0.0	-2.97726	-2.78614	-1.35714	0.284315	-0.33836900000000003	0.9383090000000001	-0.0712909	0.0	0.0121163	-0.07140919999999999	-0.997374	0.0	-0.9409350000000001	-0.338344	0.0127938	0.0	2.5817900000000003	1.81697	1.81015	0.309694	
3	0.79137	0.601956	-0.106689	0.0	-0.03522619999999999	0.219127	0.97506	0.0	0.610322	-0.767875	0.194615	0.0	-3.00484	-2.8788400000000003	-1.3765100000000001	0.284546	-0.33776999999999996	0.9383959999999999	-0.0729735	0.0	0.0122521	-0.07314	-0.9972469999999999	0.0	-0.941149	-0.337733	0.013207	0.0	2.58262	1.81778	1.81158	0.309774	
3	0.799471	0.590284	-0.11141	0.0	-0.0325605	0.227775	0.9731690000000001	0.0	0.5998220000000001	-0.774392	0.20132	0.0	-3.0535799999999997	-3.01907	-1.39239	0.284779	-0.338179	0.938262	-0.0728064	0.0	0.0119126	-0.0730904	-0.9972540000000001	0.0	-0.9410069999999999	-0.338117	0.0135403	0.0	2.5836799999999998	1.82503	1.81687	0.309724	
3	0.808612	0.5760810000000001	-0.11949100000000001	0.0	-0.0277087	0.240161	0.9703379999999999	0.0	0.5876899999999999	-0.781315	0.210159	0.0	-3.13198	-3.20906	-1.4514799999999999	0.292087	-0.338389	0.938148	-0.07328319999999999	0.0	0.012075	-0.0735422	-0.9972190000000001	0.0	-0.9409290000000001	-0.338333	0.0135576	0.0	2.58379	1.82107	1.8196900000000003	0.30975199999999997	
3	0.818917	0.5613739999999999	-0.119306	0.0	-0.0276515	0.24623499999999998	0.968816	0.0	0.573246	-0.790081	0.217169	0.0	-3.14776	-3.32756	-1.47528	0.29741799999999996	-0.338438	0.9380620000000001	-0.0741602	0.0	0.0119532	-0.0745189	-0.9971479999999999	0.0	-0.9409129999999999	-0.338359	0.014007299999999999	0.0	2.5832200000000003	1.8217700000000001	1.82477	0.309759	
3	0.829151	0.546183	-0.119131	0.0	-0.026663799999999998	0.251502	0.9674889999999999	0.0	0.558388	-0.799018	0.223097	0.0	-3.17066	-3.44194	-1.50312	0.299506	-0.338629	0.93795	-0.07470560000000001	0.0	0.011906	-0.0751188	-0.9971040000000001	0.0	-0.940845	-0.338537	0.014269899999999999	0.0	2.58235	1.8201599999999998	1.8315700000000001	0.309848	
3	0.834578	0.53788	-0.11901700000000001	0.0	-0.026933600000000002	0.255627	0.9664010000000001	0.0	0.550231	-0.803331	0.227827	0.0	-3.1772400000000003	-3.5080199999999997	-1.5220799999999999	0.300728	-0.33855599999999997	0.9379370000000001	-0.0751931	0.0	0.011601799999999999	-0.0757452	-0.9970600000000001	0.0	-0.940875	-0.338433	0.014762200000000001	0.0	2.58399	1.82351	1.83663	0.309855	
3	0.8383010000000001	0.532462	-0.117204	0.0	-0.030080900000000004	0.259814	0.96519	0.0	0.544378	-0.8055939999999999	0.233819	0.0	-3.17218	-3.5938	-1.48652	0.300966	-0.338828	0.937845	-0.075116	0.0	0.0118071	-0.0755938	-0.9970690000000001	0.0	-0.940774	-0.338721	0.0145401	0.0	2.58391	1.82161	1.8469099999999998	0.309769	
