0	0.593132	0.516197	-0.617847	0.0	0.684887	0.07990950000000001	0.724254	0.0	0.42323	-0.852734	-0.30614	0.0	-2.7396700000000003	2.0	1.46191	0.0	-0.593133	0.516197	-0.617847	0.0	0.751383	0.0792872	-0.655085	0.0	-0.289166	-0.852792	-0.43488999999999994	0.0	2.66032	2.0	1.53809	0.0	
0	0.52864	0.697227	-0.48416400000000004	0.0	0.6467310000000001	0.0386081	0.76174	0.0	0.549798	-0.715811	-0.430508	0.0	-2.7612200000000002	2.0127099999999998	1.40901	0.0	-0.197101	0.928649	-0.314264	0.0	0.326752	-0.239999	-0.9141299999999999	0.0	-0.9243290000000001	-0.282862	-0.25613400000000003	0.0	2.60296	2.08283	1.59693	7.310880000000001e-06	
0	0.135595	0.989196	-0.055727	0.0	0.39579000000000003	-0.00251839	0.9183379999999999	0.0	0.908275	-0.14657799999999999	-0.391856	0.0	-2.74851	2.05924	1.4103700000000001	0.0	-0.0836309	0.9777450000000001	-0.192406	0.0	0.133389	-0.180361	-0.974514	0.0	-0.9875290000000001	-0.10716400000000001	-0.115337	0.0	2.5707299999999997	2.22975	1.57651	0.0	
0	0.128727	0.9913569999999999	0.0252947	0.0	0.400306	-0.0752821	0.913284	0.0	0.9072950000000001	-0.107439	-0.406537	0.0	-2.7642900000000004	2.17259	1.37303	0.33721799999999996	-0.19180999999999998	0.9814309999999999	-0.00112388	0.0	0.190383	0.036085	-0.9810459999999999	0.0	-0.9627889999999999	-0.188389	-0.19377	0.0	2.60332	2.32166	1.55034	0.371302	
0	0.15637	0.985348	0.0681018	0.0	0.348504	-0.119558	0.929651	0.0	0.9241719999999999	-0.121635	-0.362093	0.0	-2.64558	2.17199	1.37653	0.277125	-0.192476	0.9812290000000001	0.0119484	0.0	0.11443900000000001	0.034537599999999995	-0.9928299999999999	0.0	-0.974606	-0.189728	-0.11893900000000002	0.0	2.49551	2.21475	1.52435	0.102372	
0	0.266367	0.9604290000000001	0.0813961	0.0	0.257222	-0.15221500000000002	0.9542889999999999	0.0	0.928916	-0.23325500000000002	-0.287589	0.0	-2.6709	2.00336	1.50397	0.0	-0.24660900000000002	0.964666	0.09275939999999999	0.0	0.107322	0.12231099999999999	-0.9866719999999999	0.0	-0.9631540000000001	-0.23336700000000002	-0.133693	0.0	2.54925	2.16531	1.52389	0.0	
0	0.259868	0.960664	0.09794510000000001	0.0	0.22524299999999997	-0.158935	0.961252	0.0	0.9390069999999999	-0.227737	-0.257685	0.0	-2.70872	1.93422	1.50242	0.0	-0.300937	0.943901	0.135972	0.0	0.08127260000000001	0.167448	-0.982525	0.0	-0.950174	-0.28462800000000005	-0.127105	0.0	2.58649	2.0550900000000003	1.4541	0.0203262	
0	0.25788099999999997	0.954838	0.147584	0.0	0.251128	-0.213743	0.94406	0.0	0.932969	-0.206393	-0.29490700000000003	0.0	-2.73103	1.98112	1.45761	0.34883600000000003	-0.330662	0.928961	0.166415	0.0	0.106202	0.21184099999999997	-0.971517	0.0	-0.9377549999999999	-0.303569	-0.168706	0.0	2.64036	1.99915	1.38811	0.30808800000000003	
0	0.252727	0.9513959999999999	0.175999	0.0	0.21320999999999998	-0.23219499999999998	0.9490139999999999	0.0	0.9437540000000001	-0.202317	-0.261529	0.0	-2.63888	1.9187299999999998	1.4375200000000001	0.350747	-0.33568899999999996	0.926268	0.171293	0.0	0.0997243	0.21576900000000002	-0.971339	0.0	-0.936679	-0.308985	-0.164803	0.0	2.59797	1.8826	1.31142	0.324862	
0	0.268513	0.948951	0.165508	0.0	0.196871	-0.22225300000000003	0.9549059999999999	0.0	0.942943	-0.223821	-0.24649899999999997	0.0	-2.5665400000000003	1.84445	1.44189	0.35096	-0.35585900000000004	0.9176690000000001	0.176775	0.0	0.08534860000000001	0.220279	-0.9716959999999999	0.0	-0.930634	-0.33069899999999997	-0.15671	0.0	2.54209	1.78981	1.28872	0.341737	
0	0.34637199999999996	0.926055	0.14983	0.0	0.149073	-0.212023	0.965828	0.0	0.926177	-0.3122	-0.211488	0.0	-2.55209	1.6772200000000002	1.41131	0.35063	-0.384466	0.9090229999999999	0.16081900000000002	0.0	0.0656988	0.200711	-0.9774450000000001	0.0	-0.920798	-0.36522899999999997	-0.136888	0.0	2.5070099999999997	1.67491	1.25878	0.346035	
0	0.39674299999999996	0.9060469999999999	0.14721900000000002	0.0	0.104826	-0.20405399999999999	0.973331	0.0	0.911924	-0.37073	-0.17593499999999998	0.0	-2.56533	1.4600799999999998	1.34135	0.349851	-0.414646	0.897301	0.15138900000000002	0.0	0.055051300000000004	0.190795	-0.980085	0.0	-0.908316	-0.398054	-0.12850999999999999	0.0	2.49474	1.60865	1.22705	0.348509	
0	0.450946	0.885589	0.111267	0.0	0.0740556	-0.161355	0.9841139999999999	0.0	0.889474	-0.435542	-0.138345	0.0	-2.6344	1.19646	1.15619	0.349194	-0.430571	0.891185	0.142826	0.0	0.0506875	0.181872	-0.982015	0.0	-0.901133	-0.415587	-0.123481	0.0	2.4856599999999998	1.55279	1.16191	0.348601	
0	0.48464700000000005	0.8699680000000001	0.09096080000000001	0.0	0.06690030000000001	-0.140551	0.9878110000000001	0.0	0.8721479999999999	-0.472654	-0.12631900000000001	0.0	-2.69615	1.04938	1.0366600000000001	0.348277	-0.434465	0.889711	0.14019700000000002	0.0	0.0549038	0.181527	-0.9818520000000001	0.0	-0.899014	-0.418883	-0.127716	0.0	2.4838	1.5343	1.11576	0.348404	
0	0.602206	0.798118	0.0188733	0.0	0.0503148	-0.0615366	0.996836	0.0	0.796754	-0.599351	-0.07721489999999999	0.0	-2.88215	0.48028699999999996	0.614967	0.34770999999999996	-0.433174	0.8908149999999999	0.137148	0.0	0.07360169999999999	0.186619	-0.979672	0.0	-0.8983	-0.414274	-0.146404	0.0	2.45543	1.50276	0.9943719999999999	0.34824499999999997	
0	0.664931	0.746804	-0.0122879	0.0	0.0227185	-0.00377829	0.999735	0.0	0.746559	-0.665034	-0.0194786	0.0	-2.9709	0.069474	0.37295	0.347738	-0.423279	0.894756	0.142292	0.0	0.0764974	0.19179000000000002	-0.97845	0.0	-0.9027639999999999	-0.40327199999999996	-0.149628	0.0	2.39295	1.46194	0.9615809999999999	0.348346	
0	0.712716	0.700583	-0.034925	0.0	0.0188509	0.030641599999999998	0.999353	0.0	0.7012	-0.712913	0.00863211	0.0	-3.00422	-0.23136500000000002	0.176565	0.347093	-0.418836	0.8961379999999999	0.146675	0.0	0.0726674	0.19408499999999998	-0.97829	0.0	-0.90515	-0.399084	-0.14640999999999998	0.0	2.35365	1.40343	0.953407	0.34830500000000003	
0	0.748065	0.662171	-0.0439245	0.0	0.0089137	0.0561568	0.998382	0.0	0.663566	-0.747246	0.0361065	0.0	-3.02916	-0.5390590000000001	-0.030405500000000002	0.347081	-0.41771499999999995	0.895933	0.151061	0.0	0.0716579	0.198228	-0.977533	0.0	-0.905748	-0.397505	-0.147004	0.0	2.3189	1.37881	0.969792	0.348369	
0	0.7714529999999999	0.634195	-0.05154690000000001	0.0	0.0102233	0.06864719999999999	0.997589	0.0	0.636204	-0.77012	0.0464745	0.0	-3.0079700000000003	-0.823109	-0.256569	0.345624	-0.42111000000000004	0.89381	0.154176	0.0	0.07316	0.202902	-0.976462	0.0	-0.9040540000000001	-0.399918	-0.150835	0.0	2.3058099999999997	1.35903	0.978634	0.348263	
0	0.781175	0.620846	-0.065692	0.0	0.00577477	0.09803289999999999	0.995167	0.0	0.6242850000000001	-0.777779	0.07299560000000001	0.0	-2.9647799999999997	-1.09562	-0.46772299999999994	0.34510100000000005	-0.42011400000000004	0.893875	0.156498	0.0	0.0734598	0.20538800000000001	-0.9759200000000001	0.0	-0.904493	-0.398501	-0.15195	0.0	2.29861	1.31821	0.973866	0.348018	
0	0.780303	0.622196	-0.0632407	0.0	-0.00366777	0.105671	0.994394	0.0	0.625391	-0.7756970000000001	0.0847375	0.0	-2.8448599999999997	-1.28319	-0.6402909999999999	0.342617	-0.418289	0.894733	0.15648499999999999	0.0	0.0723678	0.204561	-0.976175	0.0	-0.9054270000000001	-0.396998	-0.150316	0.0	2.28628	1.29311	0.975024	0.348148	
0	0.785242	0.614527	-0.0758355	0.0	0.00377607	0.117721	0.9930399999999999	0.0	0.6191770000000001	-0.7800630000000001	0.0901187	0.0	-2.69408	-1.49025	-0.798784	0.34020700000000004	-0.41774799999999995	0.8949309999999999	0.156798	0.0	0.06972489999999999	0.203647	-0.976558	0.0	-0.905883	-0.397023	-0.147472	0.0	2.26828	1.28179	0.99408	0.348328	
0	0.79587	0.5988899999999999	-0.0890039	0.0	0.00651243	0.138524	0.9903379999999999	0.0	0.605432	-0.78876	0.106347	0.0	-2.60531	-1.6498700000000002	-0.8905	0.339932	-0.420192	0.894035	0.155375	0.0	0.07124989999999999	0.203201	-0.976541	0.0	-0.904634	-0.399264	-0.149083	0.0	2.2629900000000003	1.27316	0.998718	0.348441	
0	0.803241	0.58672	-0.10277599999999999	0.0	0.015440899999999999	0.151975	0.9882639999999999	0.0	0.595454	-0.795401	0.11301300000000002	0.0	-2.56394	-1.81503	-0.961067	0.33976799999999996	-0.419684	0.8944040000000001	0.15462	0.0	0.0703712	0.201897	-0.976875	0.0	-0.9049379999999999	-0.399098	-0.147673	0.0	2.2617599999999998	1.274	1.0233299999999999	0.348482	
0	0.7998069999999999	0.585492	-0.13231800000000002	0.0	0.028228700000000002	0.183504	0.982614	0.0	0.599594	-0.789636	0.13024000000000002	0.0	-2.5660000000000003	-1.9717900000000002	-1.02511	0.335002	-0.418335	0.8952530000000001	0.153353	0.0	0.06873639999999999	0.19955599999999998	-0.9774729999999999	0.0	-0.9056879999999999	-0.39837	-0.145018	0.0	2.2549099999999997	1.27938	1.0490899999999999	0.34863099999999997	
0	0.799571	0.57896	-0.15966	0.0	0.0460519	0.205959	0.977476	0.0	0.598803	-0.7889149999999999	0.138016	0.0	-2.60007	-2.09649	-1.0641100000000001	0.330502	-0.416655	0.896215	0.152304	0.0	0.0683799	0.197962	-0.977822	0.0	-0.906489	-0.397	-0.143765	0.0	2.24836	1.28104	1.0528	0.348657	
0	0.79057	0.5808479999999999	-0.193946	0.0	0.0709806	0.22765900000000003	0.97115	0.0	0.608244	-0.781529	0.138752	0.0	-2.6843	-2.1808099999999997	-1.1421	0.328111	-0.41582700000000006	0.896566	0.152506	0.0	0.067875	0.197819	-0.977886	0.0	-0.906908	-0.39628	-0.14311300000000002	0.0	2.24328	1.28325	1.06385	0.348635	
0	0.786417	0.5736180000000001	-0.22915300000000002	0.0	0.10768699999999999	0.237981	0.965282	0.0	0.608237	-0.783791	0.125381	0.0	-2.7690599999999996	-2.2635400000000003	-1.20954	0.329499	-0.415275	0.8963200000000001	0.155425	0.0	0.0674572	0.200725	-0.9773219999999999	0.0	-0.907191	-0.395373	-0.14382	0.0	2.2395400000000003	1.2832700000000001	1.06666	0.348682	
0	0.805103	0.5423939999999999	-0.240038	0.0	0.12626199999999999	0.23869400000000002	0.962851	0.0	0.5795399999999999	-0.805502	0.12369000000000001	0.0	-2.95445	-2.3832299999999997	-1.26451	0.330316	-0.414625	0.896465	0.156324	0.0	0.0670664	0.201423	-0.9772059999999999	0.0	-0.907518	-0.394689	-0.14363800000000002	0.0	2.23651	1.28336	1.06659	0.3486	
0	0.747788	0.591354	-0.301849	0.0	0.16195299999999999	0.278435	0.946702	0.0	0.643882	-0.7568189999999999	0.11243900000000001	0.0	-3.1208400000000003	-2.47811	-1.31572	0.327504	-0.41461400000000004	0.89628	0.157409	0.0	0.0658175	0.20206	-0.977159	0.0	-0.9076139999999999	-0.394783	-0.142768	0.0	2.2338	1.28053	1.0686200000000001	0.348677	
0	0.733422	0.602777	-0.314248	0.0	0.170467	0.28442399999999995	0.943421	0.0	0.6580520000000001	-0.745495	0.105849	0.0	-3.16483	-2.50969	-1.3645200000000002	0.329019	-0.415947	0.8957209999999999	0.157072	0.0	0.0651259	0.201619	-0.9772959999999999	0.0	-0.9070540000000001	-0.39627399999999996	-0.142197	0.0	2.2309900000000003	1.28125	1.07454	0.348686	
0	0.734334	0.596711	-0.323558	0.0	0.168793	0.301171	0.9385120000000001	0.0	0.657467	-0.743795	0.120439	0.0	-3.1661599999999996	-2.5179099999999996	-1.39834	0.33632199999999995	-0.41654300000000005	0.895207	0.158419	0.0	0.0635706	0.20251	-0.977215	0.0	-0.906891	-0.396981	-0.141263	0.0	2.23066	1.27613	1.0767799999999998	0.348574	
0	0.7216819999999999	0.604247	-0.33773000000000003	0.0	0.17708800000000002	0.310496	0.933934	0.0	0.66919	-0.733811	0.117074	0.0	-3.22967	-2.45863	-1.4975	0.324732	-0.41954600000000003	0.893497	0.160141	0.0	0.0646197	0.205369	-0.976549	0.0	-0.905431	-0.399358	-0.143899	0.0	2.2311400000000003	1.27587	1.07253	0.348312	
0	0.71408	0.608553	-0.346054	0.0	0.191294	0.305888	0.932652	0.0	0.673421	-0.732186	0.102016	0.0	-3.3098699999999996	-2.40132	-1.5850799999999998	0.32209099999999996	-0.42022	0.8928450000000001	0.161999	0.0	0.0636616	0.207094	-0.976248	0.0	-0.9051870000000001	-0.399925	-0.14386500000000002	0.0	2.23382	1.27451	1.07093	0.348426	
0	0.707465	0.612015	-0.353456	0.0	0.208294	0.29734499999999997	0.9317719999999999	0.0	0.675357	-0.732819	0.0828819	0.0	-3.3432800000000005	-2.3843099999999997	-1.6130200000000001	0.326797	-0.41981999999999997	0.8931889999999999	0.161138	0.0	0.0640483	0.206254	-0.9764	0.0	-0.9053450000000001	-0.399592	-0.143797	0.0	2.2330400000000004	1.26735	1.0723200000000002	0.348314	
0	0.70638	0.6097239999999999	-0.359533	0.0	0.205123	0.30981	0.928408	0.0	0.6774600000000001	-0.729558	0.09377569999999999	0.0	-3.3251	-2.39858	-1.62491	0.327244	-0.420495	0.892668	0.16225699999999998	0.0	0.06291619999999999	0.20709499999999997	-0.9762959999999999	0.0	-0.9051110000000001	-0.400319	-0.143246	0.0	2.23208	1.26855	1.07434	0.348352	
0	0.729867	0.580458	-0.361058	0.0	0.212189	0.309716	0.92685	0.0	0.6498229999999999	-0.7530899999999999	0.10288499999999999	0.0	-3.2753900000000002	-2.40728	-1.5726	0.338853	-0.42286	0.891408	0.163036	0.0	0.0631043	0.20844200000000002	-0.9759969999999999	0.0	-0.9039950000000001	-0.402422	-0.144394	0.0	2.22988	1.2541799999999999	1.07375	0.34829299999999996	
0	0.731313	0.571825	-0.371749	0.0	0.222568	0.315134	0.92258	0.0	0.644705	-0.757434	0.103191	0.0	-3.25494	-2.38699	-1.5209700000000002	0.339118	-0.42277299999999995	0.891956	0.160244	0.0	0.0624182	0.205064	-0.976756	0.0	-0.904083	-0.402944	-0.14237	0.0	2.22874	1.2368	1.08815	0.348356	
0	0.707495	0.583288	-0.39903099999999997	0.0	0.246178	0.325856	0.9128059999999999	0.0	0.662456	-0.744038	0.08694919999999999	0.0	-3.23354	-2.27681	-1.4774100000000001	0.33921999999999997	-0.423519	0.8920110000000001	0.15795	0.0	0.061231299999999995	0.202148	-0.977439	0.0	-0.903816	-0.404292	-0.140233	0.0	2.22575	1.21243	1.09448	0.3483	
0	0.668186	0.599594	-0.440471	0.0	0.277075	0.348903	0.8952629999999999	0.0	0.690476	-0.720246	0.067	0.0	-3.1772299999999998	-2.0752	-1.41401	0.33811399999999997	-0.42458	0.891785	0.156374	0.0	0.059513699999999996	0.199829	-0.978022	0.0	-0.903433	-0.405942	-0.137917	0.0	2.22265	1.2017	1.09911	0.348446	
0	0.6292439999999999	0.6116659999999999	-0.479496	0.0	0.31456	0.363728	0.8767860000000001	0.0	0.7107060000000001	-0.702543	0.03646780000000001	0.0	-3.17308	-1.8795	-1.3905100000000001	0.339025	-0.42505200000000004	0.8916059999999999	0.156106	0.0	0.0587971	0.199293	-0.978175	0.0	-0.903257	-0.406596	-0.13713399999999998	0.0	2.22227	1.1979799999999998	1.10501	0.348368	
0	0.629761	0.61147	-0.47906800000000005	0.0	0.314121	0.363587	0.8770020000000001	0.0	0.710443	-0.7027869999999999	0.0368973	0.0	-3.17314	-1.88398	-1.39113	0.339024	-0.425048	0.8916059999999999	0.156117	0.0	0.058800599999999995	0.19930599999999998	-0.9781719999999999	0.0	-0.903259	-0.40659	-0.13714200000000001	0.0	2.22226	1.19803	1.10486	0.348368	
0	0.6297590000000001	0.611471	-0.47906899999999997	0.0	0.31412199999999996	0.363588	0.877001	0.0	0.710445	-0.702785	0.0368959	0.0	-3.17314	-1.88398	-1.39113	0.339024	-0.425048	0.8916059999999999	0.156117	0.0	0.058800599999999995	0.19930599999999998	-0.9781709999999999	0.0	-0.903259	-0.40659	-0.13714200000000001	0.0	2.22226	1.19803	1.10486	0.348368	
0	0.6297590000000001	0.611471	-0.47906899999999997	0.0	0.31412199999999996	0.363588	0.877001	0.0	0.710444	-0.702785	0.0368959	0.0	-3.17314	-1.88398	-1.39113	0.339024	-0.425048	0.8916059999999999	0.156117	0.0	0.0588007	0.19930599999999998	-0.9781719999999999	0.0	-0.903259	-0.40659	-0.13714200000000001	0.0	2.22226	1.19803	1.10486	0.348368	
0	0.6297590000000001	0.611471	-0.47906899999999997	0.0	0.31412199999999996	0.363588	0.877001	0.0	0.710445	-0.702785	0.0368958	0.0	-3.17314	-1.88398	-1.39113	0.339024	-0.425048	0.8916059999999999	0.156117	0.0	0.0588005	0.19930599999999998	-0.9781719999999999	0.0	-0.903259	-0.40659	-0.13714200000000001	0.0	2.22226	1.19803	1.10486	0.348368	
0	0.6297590000000001	0.611471	-0.47906899999999997	0.0	0.31412199999999996	0.363588	0.877001	0.0	0.710445	-0.702785	0.0368958	0.0	-3.17314	-1.88398	-1.39113	0.339024	-0.425048	0.8916059999999999	0.156117	0.0	0.058800599999999995	0.19930599999999998	-0.9781719999999999	0.0	-0.903259	-0.40659	-0.13714200000000001	0.0	2.22226	1.19803	1.10486	0.348368	
0	0.6297590000000001	0.611471	-0.47906899999999997	0.0	0.31412199999999996	0.363588	0.877001	0.0	0.710445	-0.702785	0.0368959	0.0	-3.17314	-1.88398	-1.39113	0.339024	-0.425048	0.8916059999999999	0.156117	0.0	0.0588005	0.19930599999999998	-0.9781719999999999	0.0	-0.903259	-0.40659	-0.13714200000000001	0.0	2.22226	1.19803	1.10486	0.348368	
0	0.6297590000000001	0.611471	-0.47906899999999997	0.0	0.31412199999999996	0.363588	0.877001	0.0	0.710445	-0.702785	0.0368958	0.0	-3.17314	-1.88398	-1.39113	0.339024	-0.425048	0.8916059999999999	0.156117	0.0	0.0588005	0.19930599999999998	-0.9781719999999999	0.0	-0.903259	-0.40659	-0.13714200000000001	0.0	2.22226	1.19803	1.10486	0.348368	
0	0.6297590000000001	0.611471	-0.47906899999999997	0.0	0.31412199999999996	0.363588	0.877001	0.0	0.710444	-0.702785	0.0368959	0.0	-3.17314	-1.88398	-1.39113	0.339024	-0.425048	0.8916059999999999	0.156117	0.0	0.0588005	0.19930599999999998	-0.9781719999999999	0.0	-0.903259	-0.40659	-0.13714200000000001	0.0	2.22226	1.19803	1.10486	0.348368	
0	0.6297590000000001	0.611471	-0.47906899999999997	0.0	0.31412199999999996	0.363588	0.877001	0.0	0.710445	-0.702785	0.0368959	0.0	-3.17314	-1.88398	-1.39113	0.339024	-0.425048	0.8916059999999999	0.156117	0.0	0.0588005	0.19930599999999998	-0.9781719999999999	0.0	-0.903259	-0.40659	-0.13714200000000001	0.0	2.22226	1.19803	1.10486	0.348368	
0	0.6297590000000001	0.611471	-0.47906899999999997	0.0	0.31412199999999996	0.363588	0.877001	0.0	0.710445	-0.702785	0.0368959	0.0	-3.17314	-1.88398	-1.39113	0.339024	-0.425048	0.8916059999999999	0.156117	0.0	0.0588005	0.19930599999999998	-0.9781719999999999	0.0	-0.903259	-0.40659	-0.13714200000000001	0.0	2.22226	1.19803	1.10486	0.348368	
0	0.23086700000000002	0.8863340000000001	-0.401388	0.0	0.323305	0.319211	0.8908299999999999	0.0	0.9177	-0.335434	-0.21286100000000002	0.0	-3.1576400000000002	-1.8751799999999998	-1.44235	0.337598	-0.412329	0.8993329999999999	0.145554	0.0	0.055761	0.184381	-0.9812719999999999	0.0	-0.909327	-0.39649	-0.126174	0.0	2.2046200000000002	1.17909	1.15478	0.33925500000000003	
0	0.228359	0.893647	-0.386325	0.0	0.31251999999999996	0.308525	0.8984120000000001	0.0	0.922054	-0.325895	-0.208829	0.0	-3.14367	-1.81139	-1.4121	0.333593	-0.414307	0.898446	0.14541199999999999	0.0	0.058772000000000005	0.185846	-0.98082	0.0	-0.9082379999999999	-0.397814	-0.129801	0.0	2.20893	1.18325	1.14226	0.339025	
0	0.280342	0.899802	-0.334311	0.0	0.314279	0.24304099999999998	0.917693	0.0	0.906993	-0.362335	-0.21465399999999998	0.0	-3.13138	-1.7970700000000002	-1.38305	0.33214499999999997	-0.415181	0.897748	0.14722000000000002	0.0	0.0595275	0.188289	-0.980308	0.0	-0.907789	-0.398241	-0.131615	0.0	2.21237	1.17711	1.12881	0.338919	
0	0.350553	0.8934340000000001	-0.28087	0.0	0.291865	0.180748	0.939226	0.0	0.8899030000000001	-0.411224	-0.1974	0.0	-3.1205700000000003	-1.85633	-1.37473	0.27886500000000003	-0.414562	0.897727	0.149077	0.0	0.059933600000000004	0.190396	-0.979876	0.0	-0.9080450000000001	-0.397285	-0.132735	0.0	2.21397	1.17955	1.11809	0.33881999999999995	
0	0.47363500000000003	0.8410340000000001	-0.261403	0.0	0.24372399999999997	0.160051	0.9565469999999999	0.0	0.846326	-0.5167649999999999	-0.129174	0.0	-3.14148	-2.03479	-1.37069	0.00175916	-0.413545	0.8984530000000001	0.14752	0.0	0.05986230000000001	0.188504	-0.980246	0.0	-0.9085129999999999	-0.396545	-0.13173800000000002	0.0	2.21431	1.17585	1.10551	0.33715900000000004	
0	0.537977	0.8209139999999999	-0.191523	0.0	0.206193	0.0921498	0.9741629999999999	0.0	0.817353	-0.563567	-0.119692	0.0	-3.24352	-2.18523	-1.46251	0.0	-0.411814	0.8991600000000001	0.148058	0.0	0.058022699999999997	0.18801800000000002	-0.98045	0.0	-0.9094190000000001	-0.39517199999999997	-0.1296	0.0	2.21346	1.1775799999999998	1.10584	0.337046	
0	0.532946	0.8341860000000001	-0.141782	0.0	0.169293	0.0590515	0.9837950000000001	0.0	0.829041	-0.548312	-0.109751	0.0	-3.2682700000000002	-2.3639900000000003	-1.58302	0.260646	-0.41259399999999996	0.898917	0.147359	0.0	0.0584312	0.187554	-0.9805149999999999	0.0	-0.9090389999999999	-0.395944	-0.129908	0.0	2.21201	1.1790200000000002	1.1133899999999999	0.33734899999999995	
0	0.576917	0.802646	-0.15141400000000002	0.0	0.13678099999999999	0.0878208	0.986701	0.0	0.805269	-0.589955	-0.0591217	0.0	-3.2253	-2.6142	-1.6360299999999999	0.347175	-0.412811	0.8989389999999999	0.14661300000000002	0.0	0.058124199999999994	0.186641	-0.980707	0.0	-0.90896	-0.396325	-0.129297	0.0	2.21181	1.17665	1.11773	0.33728400000000003	
0	0.663049	0.73674	-0.13259400000000002	0.0	0.102624	0.0859935	0.9909959999999999	0.0	0.741509	-0.670686	-0.018589599999999998	0.0	-3.21711	-2.8820200000000002	-1.66973	0.343463	-0.41246499999999997	0.8992600000000001	0.14561400000000002	0.0	0.058383800000000007	0.18561	-0.9808879999999999	0.0	-0.909101	-0.396081	-0.12905999999999998	0.0	2.21061	1.1749100000000001	1.12221	0.337212	
0	0.69095	0.711363	-0.12865	0.0	0.08119810000000001	0.100467	0.9916219999999999	0.0	0.718328	-0.695607	0.011656399999999999	0.0	-3.21693	-3.02731	-1.6932599999999998	0.341459	-0.412418	0.8994840000000001	0.14436300000000002	0.0	0.058032900000000005	0.184086	-0.981196	0.0	-0.9091450000000001	-0.396284	-0.12812	0.0	2.21244	1.1766	1.1279700000000001	0.337311	
0	0.728984	0.67156	-0.132627	0.0	0.0629086	0.12720399999999998	0.98988	0.0	0.681634	-0.72995	0.0504827	0.0	-3.2006	-3.18474	-1.7279799999999998	0.338915	-0.41276999999999997	0.8992459999999999	0.14483800000000002	0.0	0.057848500000000004	0.184578	-0.9811139999999999	0.0	-0.9089959999999999	-0.396596	-0.128208	0.0	2.21373	1.18191	1.13621	0.337301	
0	0.7662	0.628219	-0.1352	0.0	0.052557799999999995	0.148425	0.987526	0.0	0.64045	-0.763748	0.0807056	0.0	-3.2114	-3.3637099999999998	-1.7486400000000002	0.336728	-0.41301000000000004	0.8991049999999999	0.145026	0.0	0.0577759	0.184788	-0.981079	0.0	-0.908892	-0.39681700000000003	-0.12826600000000002	0.0	2.21413	1.183	1.14063	0.337398	
0	0.7972100000000001	0.587555	-0.13869	0.0	0.043797300000000004	0.17283900000000002	0.9839760000000001	0.0	0.602111	-0.79051	0.11205599999999999	0.0	-3.20244	-3.5446400000000002	-1.7782	0.33198	-0.41312600000000005	0.899128	0.144555	0.0	0.057287	0.184078	-0.981241	0.0	-0.9088700000000001	-0.397095	-0.127556	0.0	2.21358	1.1866700000000001	1.14719	0.33749	
0	0.811513	0.56743	-0.139534	0.0	0.0356966	0.19020499999999999	0.981095	0.0	0.5832430000000001	-0.801153	0.134098	0.0	-3.2012	-3.63096	-1.7994	0.328887	-0.413734	0.8986559999999999	0.145748	0.0	0.0575006	0.185567	-0.9809479999999999	0.0	-0.9085799999999999	-0.397471	-0.128449	0.0	2.2115299999999998	1.1848299999999998	1.15165	0.337568	
0	0.82394	0.548433	-0.14263299999999998	0.0	0.030179900000000003	0.20887399999999998	0.977477	0.0	0.565873	-0.8096869999999999	0.155548	0.0	-3.1926400000000004	-3.69429	-1.8175599999999998	0.325445	-0.41362200000000005	0.8986850000000001	0.145887	0.0	0.0573664	0.185643	-0.980941	0.0	-0.90864	-0.397369	-0.12834	0.0	2.21018	1.18111	1.1522	0.337527	
0	0.832895	0.534822	-0.142309	0.0	0.030711400000000003	0.21207800000000002	0.97677	0.0	0.552578	-0.817917	0.16021300000000002	0.0	-3.18076	-3.68857	-1.82234	0.322581	-0.414016	0.8981620000000001	0.14797000000000002	0.0	0.05694119999999999	0.18779200000000001	-0.980557	0.0	-0.908487	-0.397541	-0.128891	0.0	2.21138	1.1811	1.15123	0.337647	
0	0.843728	0.5139819999999999	-0.154744	0.0	0.040780800000000006	0.226073	0.9732559999999999	0.0	0.53522	-0.8274739999999999	0.169784	0.0	-3.1634	-3.67656	-1.8337	0.321347	-0.41428999999999994	0.897558	0.150845	0.0	0.05645019999999999	0.19075899999999998	-0.9800129999999999	0.0	-0.908393	-0.397494	-0.129697	0.0	2.21064	1.17191	1.1466	0.337773	
0	0.8631190000000001	0.430041	-0.264745	0.0	0.132745	0.312607	0.9405610000000001	0.0	0.487241	-0.84696	0.212731	0.0	-3.22388	-3.6337099999999998	-2.07498	0.112124	-0.41509300000000005	0.8970899999999999	0.151418	0.0	0.05229640000000001	0.189686	-0.9804510000000001	0.0	-0.908275	-0.399059	-0.12565199999999999	0.0	2.2071099999999997	1.14999	1.1311	0.33779899999999996	
0	0.859748	0.42306400000000005	-0.286094	0.0	0.154648	0.318227	0.935316	0.0	0.486741	-0.8483799999999999	0.208169	0.0	-3.24016	-3.6277800000000004	-2.0761	0.111573	-0.419137	0.895051	0.152339	0.0	0.044028899999999996	0.187628	-0.981253	0.0	-0.906855	-0.404572	-0.11805	0.0	2.20568	1.1483700000000001	1.13283	0.337918	
0	0.8584709999999999	0.412653	-0.30454000000000003	0.0	0.156853	0.354099	0.921961	0.0	0.48828699999999997	-0.839245	0.239258	0.0	-3.24119	-3.6229199999999997	-2.08534	0.11105899999999999	-0.438029	0.886616	0.148471	0.0	0.026859699999999997	0.177993	-0.983665	0.0	-0.89856	-0.426886	-0.10178	0.0	2.2048200000000002	1.15365	1.101	0.337818	
0	0.857507	0.41057200000000005	-0.310021	0.0	0.16273900000000002	0.355188	0.9205200000000001	0.0	0.488055	-0.8398049999999999	0.23776	0.0	-3.23984	-3.62103	-2.0836900000000003	0.110952	-0.451482	0.8784120000000001	0.156708	0.0	0.017076400000000002	0.1841	-0.982759	0.0	-0.892117	-0.441022	-0.0981181	0.0	2.21081	1.1740700000000002	1.07061	0.33734699999999995	
0	0.851384	0.40518699999999996	-0.333121	0.0	0.190932	0.352118	0.916274	0.0	0.48856000000000005	-0.8437040000000001	0.22242399999999998	0.0	-3.25259	-3.61363	-2.07828	0.11108699999999999	-0.488159	0.850793	0.19455799999999998	0.0	-0.00745463	0.21885100000000002	-0.9757299999999999	0.0	-0.8727229999999999	-0.477761	-0.100492	0.0	2.26779	1.33213	0.958024	0.337032	
0	0.837665	0.41688100000000006	-0.35288400000000003	0.0	0.221229	0.33175	0.91706	0.0	0.499375	-0.846258	0.185669	0.0	-3.28235	-3.6247800000000003	-2.06391	0.11143499999999999	-0.50064	0.836053	0.22444499999999998	0.0	-0.0217226	0.24706199999999998	-0.968756	0.0	-0.865383	-0.489874	-0.105528	0.0	2.2997900000000002	1.43076	0.832842	0.33702600000000005	
0	0.813865	0.46901499999999996	-0.34299999999999997	0.0	0.222509	0.293742	0.9296260000000001	0.0	0.536762	-0.8329110000000001	0.134707	0.0	-3.33523	-3.634	-2.03857	0.11122	-0.502992	0.824737	0.258473	0.0	-0.0322545	0.280937	-0.959184	0.0	-0.8636889999999999	-0.490799	-0.11470799999999999	0.0	2.31011	1.5181200000000001	0.696488	0.337282	
0	0.8089270000000001	0.48017200000000004	-0.339223	0.0	0.21943400000000002	0.288702	0.931933	0.0	0.5454220000000001	-0.828303	0.128173	0.0	-3.33983	-3.6339699999999997	-2.02783	0.111144	-0.502434	0.823023	0.264939	0.0	-0.0336632	0.28757	-0.957168	0.0	-0.8639600000000001	-0.489833	-0.11678	0.0	2.30995	1.53582	0.6666989999999999	0.33724899999999997	
0	0.696231	0.654022	-0.29583400000000004	0.0	0.211231	0.20721199999999998	0.9552200000000001	0.0	0.6860350000000001	-0.727543	0.006118	0.0	-3.4253	-3.32944	-1.8798700000000002	0.11075299999999999	-0.48649499999999996	0.8086939999999999	0.33066	0.0	-0.0488714	0.35268499999999997	-0.934465	0.0	-0.872315	-0.47077299999999994	-0.13205799999999998	0.0	2.2534	1.60398	0.395829	0.340737	
0	0.6432760000000001	0.7175600000000001	-0.26702800000000004	0.0	0.21536599999999997	0.165099	0.962476	0.0	0.7347199999999999	-0.676646	-0.0483341	0.0	-3.39451	-2.8698799999999998	-1.81505	0.111002	-0.46801400000000004	0.810277	0.352725	0.0	-0.0597057	0.369232	-0.9274180000000001	0.0	-0.8817020000000001	-0.455104	-0.124427	0.0	2.153	1.5966	0.340605	0.343794	
0	0.584259	0.773512	-0.2456	0.0	0.208484	0.14941600000000002	0.9665450000000001	0.0	0.784331	-0.615917	-0.0739672	0.0	-3.03618	-2.3399799999999997	-2.05536	0.11121199999999999	-0.463711	0.800535	0.379627	0.0	-0.0722033	0.392909	-0.916739	0.0	-0.8830399999999999	-0.45251199999999997	-0.124395	0.0	2.05326	1.58055	0.328486	0.344972	
0	0.555042	0.7962090000000001	-0.24079	0.0	0.195668	0.156379	0.9681219999999999	0.0	0.8084819999999999	-0.5844630000000001	-0.068996	0.0	-2.9513599999999998	-2.17571	-2.0676200000000002	0.111213	-0.473258	0.782215	0.405174	0.0	-0.0879771	0.415675	-0.9052479999999999	0.0	-0.8765200000000001	-0.464062	-0.127905	0.0	1.9968099999999998	1.5387	0.329844	0.34638800000000003	
0	0.48534799999999995	0.8423709999999999	-0.23419600000000002	0.0	0.158907	0.17840999999999999	0.97104	0.0	0.859759	-0.508508	-0.047267800000000006	0.0	-2.75834	-1.91831	-1.9991400000000001	0.110972	-0.46857600000000005	0.746532	0.472362	0.0	-0.136121	0.467297	-0.873558	0.0	-0.872873	-0.473627	-0.117346	0.0	1.9111900000000002	1.44134	0.350323	0.34826999999999997	
1	0.46125200000000005	0.852665	-0.245377	0.0	0.142621	0.201706	0.969007	0.0	0.875732	-0.48195200000000005	-0.028571199999999998	0.0	-2.67435	-1.8499599999999998	-1.9592	0.11122	-0.461157	0.736123	0.495436	0.0	-0.151799	0.484671	-0.861424	0.0	-0.874238	-0.472458	-0.111767	0.0	1.8617099999999998	1.4057	0.36015199999999997	0.348525	
1	0.384627	0.8860680000000001	-0.258739	0.0	0.049154500000000004	0.26024400000000003	0.964291	0.0	0.9217620000000001	-0.38361	0.0565424	0.0	-2.44461	-1.76804	-1.8651200000000001	0.111154	-0.45954700000000004	0.6658310000000001	0.58778	0.0	-0.21357600000000002	0.559535	-0.800816	0.0	-0.862092	-0.49354799999999993	-0.114928	0.0	1.74974	1.34676	0.40515	0.349406	
1	0.358846	0.892074	-0.27465100000000003	0.0	0.00762171	0.29143800000000003	0.956559	0.0	0.933365	-0.345351	0.09778239999999999	0.0	-2.33526	-1.7594400000000001	-1.83643	0.11073699999999999	-0.450222	0.640369	0.6222770000000001	0.0	-0.23885900000000002	0.585133	-0.774962	0.0	-0.860376	-0.497541	-0.110482	0.0	1.68871	1.32013	0.41125900000000004	0.35029899999999997	
1	0.299592	0.8887120000000001	-0.347038	0.0	-0.08362889999999999	0.386807	0.9183610000000001	0.0	0.9503950000000001	-0.24611100000000002	0.190206	0.0	-2.09646	-1.7764900000000001	-1.74605	0.111143	-0.430968	0.566513	0.702375	0.0	-0.284898	0.653133	-0.7016060000000001	0.0	-0.8562120000000001	-0.502475	-0.120081	0.0	1.55859	1.2598	0.392957	0.353406	
1	0.264397	0.881775	-0.390598	0.0	-0.12750999999999998	0.433417	0.892128	0.0	0.9559469999999999	-0.18607100000000001	0.227029	0.0	-2.0319	-1.7499099999999999	-1.7136799999999999	0.111131	-0.42809300000000006	0.5271020000000001	0.7340979999999999	0.0	-0.304435	0.680709	-0.6663	0.0	-0.850915	-0.5087229999999999	-0.130938	0.0	1.5052299999999998	1.2494	0.383587	0.353463	
1	0.164906	0.83735	-0.521202	0.0	-0.266275	0.546611	0.7939229999999999	0.0	0.949686	0.00786012	0.313105	0.0	-1.89536	-1.61291	-1.58584	0.11074500000000001	-0.41950699999999996	0.41509700000000005	0.807284	0.0	-0.354	0.744101	-0.566566	0.0	-0.835881	-0.523457	-0.165212	0.0	1.34906	1.19913	0.32558000000000004	0.353622	
1	0.14788800000000002	0.819425	-0.55378	0.0	-0.30242199999999997	0.570584	0.763528	0.0	0.941632	0.05455890000000001	0.332194	0.0	-1.84637	-1.5390000000000001	-1.49466	0.111143	-0.41046400000000005	0.358731	0.8383510000000001	0.0	-0.38460500000000003	0.765487	-0.515858	0.0	-0.8268	-0.534175	-0.176235	0.0	1.24221	1.15392	0.288991	0.35567600000000005	
1	0.143619	0.79314	-0.591863	0.0	-0.330968	0.60212	0.726575	0.0	0.932649	0.09153839999999999	0.34898	0.0	-1.8429900000000001	-1.52925	-1.4635799999999999	0.111159	-0.407596	0.289023	0.866217	0.0	-0.43039799999999995	0.775813	-0.46138100000000004	0.0	-0.805372	-0.560874	-0.191823	0.0	1.0873899999999999	1.0804200000000002	0.264866	0.355798	
1	0.142583	0.777237	-0.6128399999999999	0.0	-0.33250100000000005	0.620796	0.709968	0.0	0.932262	0.10254	0.346947	0.0	-1.8510099999999998	-1.52734	-1.4537200000000001	0.11099	-0.39981500000000003	0.260071	0.878926	0.0	-0.45604399999999995	0.775349	-0.43687299999999996	0.0	-0.795092	-0.575498	-0.191392	0.0	0.959995	1.00668	0.23516700000000001	0.355618	
1	0.1412	0.757655	-0.6371979999999999	0.0	-0.33379899999999996	0.642392	0.689863	0.0	0.932009	0.11528800000000002	0.34360999999999997	0.0	-1.8892400000000003	-1.53701	-1.45969	0.11135899999999999	-0.385831	0.238952	0.8910879999999999	0.0	-0.480853	0.772219	-0.41528100000000007	0.0	-0.787347	-0.5887100000000001	-0.183045	0.0	0.803559	0.9117270000000001	0.19431400000000001	0.35534499999999997	
1	0.14288399999999998	0.761857	-0.63179	0.0	-0.33207	0.6382399999999999	0.694535	0.0	0.93237	0.11056099999999999	0.344184	0.0	-1.9021299999999999	-1.55454	-1.46726	0.111373	-0.371686	0.22578600000000001	0.9004840000000001	0.0	-0.499408	0.769038	-0.398964	0.0	-0.782587	-0.5979979999999999	-0.17308199999999999	0.0	0.6701020000000001	0.826849	0.135491	0.355002	
1	0.144481	0.760984	-0.632478	0.0	-0.33394	0.639184	0.692769	0.0	0.931456	0.11111700000000001	0.346473	0.0	-1.90288	-1.57396	-1.4725700000000002	0.11080999999999999	-0.35740500000000003	0.216933	0.9084059999999999	0.0	-0.512057	0.767913	-0.384847	0.0	-0.7810630000000001	-0.6027020000000001	-0.163374	0.0	0.549499	0.781212	0.0907094	0.354804	
1	0.145123	0.758192	-0.635676	0.0	-0.33569	0.6421	0.689217	0.0	0.930726	0.11336900000000001	0.34770100000000004	0.0	-1.89995	-1.59501	-1.46699	0.110793	-0.350475	0.20731	0.9133399999999999	0.0	-0.51831	0.769315	-0.37351	0.0	-0.7800779999999999	-0.604299	-0.162174	0.0	0.46233199999999997	0.759864	0.0363484	0.35482600000000003	
1	0.151278	0.7504529999999999	-0.643379	0.0	-0.337622	0.6509550000000001	0.679904	0.0	0.9290459999999999	0.11436400000000001	0.351844	0.0	-1.8940299999999999	-1.6424400000000001	-1.45312	0.111292	-0.333459	0.181911	0.925048	0.0	-0.541358	0.766366	-0.345853	0.0	-0.77184	-0.61611	-0.157073	0.0	0.249164	0.725114	-0.0806868	0.354473	
1	0.160198	0.740954	-0.652169	0.0	-0.341129	0.66155	0.6678189999999999	0.0	0.926266	0.11549000000000001	0.35874	0.0	-1.88897	-1.6863700000000001	-1.4430399999999999	0.111256	-0.322866	0.163122	0.9322809999999999	0.0	-0.5653239999999999	0.756768	-0.32819499999999996	0.0	-0.7590560000000001	-0.633004	-0.152118	0.0	0.11457300000000001	0.653153	-0.15416300000000002	0.354254	
1	0.16348	0.73902	-0.653547	0.0	-0.342956	0.663714	0.664729	0.0	0.925016	0.115468	0.361956	0.0	-1.8836	-1.70625	-1.41903	0.111251	-0.310504	0.143939	0.9396110000000001	0.0	-0.592654	0.743517	-0.309748	0.0	-0.743202	-0.653042	-0.145559	0.0	-0.050189199999999996	0.58521	-0.204652	0.354061	
1	0.164373	0.736749	-0.655883	0.0	-0.345225	0.665842	0.6614180000000001	0.0	0.9240139999999999	0.117708	0.363791	0.0	-1.8787	-1.71395	-1.40354	0.111231	-0.300174	0.126863	0.9454110000000001	0.0	-0.611526	0.735054	-0.292799	0.0	-0.732073	-0.666034	-0.143064	0.0	-0.149167	0.520439	-0.23876999999999998	0.353979	
1	0.168444	0.734429	-0.657451	0.0	-0.34592	0.668604	0.658261	0.0	0.9230200000000001	0.11654500000000001	0.366676	0.0	-1.87022	-1.72741	-1.38941	0.110679	-0.288029	0.083486	0.953976	0.0	-0.660397	0.704095	-0.261008	0.0	-0.69348	-0.7051810000000001	-0.14766600000000002	0.0	-0.322761	0.344894	-0.285552	0.352691	
1	0.166676	0.733999	-0.65838	0.0	-0.345029	0.6689229999999999	0.658405	0.0	0.923674	0.11742000000000001	0.364745	0.0	-1.87359	-1.73157	-1.3842299999999998	0.111231	-0.28226799999999996	0.0623429	0.957308	0.0	-0.6864399999999999	0.6839729999999999	-0.246943	0.0	-0.670168	-0.726838	-0.150269	0.0	-0.384891	0.270083	-0.311448	0.352354	
1	0.16917100000000002	0.7326199999999999	-0.65928	0.0	-0.344969	0.670623	0.656706	0.0	0.923243	0.116335	0.366181	0.0	-1.8704900000000002	-1.7310599999999998	-1.3809799999999999	0.11068299999999999	-0.274196	0.0327581	0.961116	0.0	-0.724758	0.649864	-0.228915	0.0	-0.6320939999999999	-0.7593439999999999	-0.154448	0.0	-0.47851400000000005	0.0943756	-0.397268	0.35079699999999997	
1	0.16833800000000002	0.728611	-0.6639189999999999	0.0	-0.342068	0.674855	0.653881	0.0	0.924474	0.117032	0.362838	0.0	-1.87589	-1.7199200000000001	-1.3767	0.111241	-0.273161	-0.0194057	0.961773	0.0	-0.7780600000000001	0.592392	-0.209031	0.0	-0.5656899999999999	-0.805416	-0.17691700000000002	0.0	-0.49065	-0.160195	-0.554471	0.34878200000000004	
1	0.169457	0.725648	-0.6668729999999999	0.0	-0.341916	0.6779189999999999	0.650784	0.0	0.924326	0.11773399999999999	0.362989	0.0	-1.8745900000000002	-1.72174	-1.37519	0.110687	-0.278038	-0.0440602	0.959559	0.0	-0.794656	0.571756	-0.204003	0.0	-0.539646	-0.81924	-0.193983	0.0	-0.492593	-0.22095599999999999	-0.609463	0.348125	
1	0.170444	0.71863	-0.67418	0.0	-0.339527	0.685124	0.644458	0.0	0.925025	0.119058	0.360769	0.0	-1.87592	-1.7133599999999998	-1.3690200000000001	0.11123699999999999	-0.286611	-0.10401600000000001	0.952384	0.0	-0.833959	0.516386	-0.194574	0.0	-0.471559	-0.850016	-0.23474699999999998	0.0	-0.450064	-0.392574	-0.801126	0.347511	
1	0.171955	0.71627	-0.676305	0.0	-0.338264	0.68772	0.642354	0.0	0.925208	0.11831300000000002	0.360545	0.0	-1.87735	-1.70802	-1.36804	0.110695	-0.288912	-0.122708	0.949459	0.0	-0.8432209999999999	0.502233	-0.19167599999999999	0.0	-0.453329	-0.855982	-0.248572	0.0	-0.441576	-0.459937	-0.9001040000000001	0.347468	
1	0.170733	0.714499	-0.678485	0.0	-0.337028	0.689408	0.641193	0.0	0.9258850000000001	0.11919600000000001	0.35851	0.0	-1.8938099999999998	-1.6978400000000002	-1.3534	0.110693	-0.299265	-0.158224	0.94096	0.0	-0.858039	0.47600200000000004	-0.192852	0.0	-0.41738500000000006	-0.865094	-0.278213	0.0	-0.40375300000000003	-0.5493819999999999	-1.04975	0.347596	
1	0.168997	0.714283	-0.6791470000000001	0.0	-0.335953	0.6895399999999999	0.641616	0.0	0.926594	0.11972999999999999	0.356495	0.0	-1.90074	-1.68389	-1.33584	0.11124500000000001	-0.30517	-0.172621	0.936522	0.0	-0.860447	0.471369	-0.193497	0.0	-0.408046	-0.864877	-0.292379	0.0	-0.404354	-0.59118	-1.14241	0.346219	
1	0.170789	0.712646	-0.680417	0.0	-0.335941	0.6913020000000001	0.6397229999999999	0.0	0.926269	0.119323	0.35747399999999996	0.0	-1.9023400000000001	-1.68565	-1.3279	0.110698	-0.307639	-0.18682100000000001	0.932983	0.0	-0.861117	0.471782	-0.189472	0.0	-0.404767	-0.8616959999999999	-0.30601300000000003	0.0	-0.413512	-0.612373	-1.21041	0.337397	
1	0.170049	0.7121609999999999	-0.681109	0.0	-0.335726	0.691695	0.639411	0.0	0.926483	0.11993499999999999	0.356713	0.0	-1.9050799999999999	-1.6805900000000003	-1.3269600000000001	0.110696	-0.305172	-0.192339	0.9326709999999999	0.0	-0.8659190000000001	0.46362299999999995	-0.18772	0.0	-0.396302	-0.8649040000000001	-0.308035	0.0	-0.42505	-0.632001	-1.2293	0.326721	
1	0.167852	0.710295	-0.6835979999999999	0.0	-0.33431700000000003	0.693358	0.638347	0.0	0.927393	0.12139000000000001	0.35384499999999997	0.0	-1.9289900000000002	-1.67009	-1.32164	0.111239	-0.295022	-0.188746	0.9366629999999999	0.0	-0.8824139999999999	0.42981400000000003	-0.191324	0.0	-0.366479	-0.882969	-0.293356	0.0	-0.46612600000000004	-0.7484310000000001	-1.26485	0.28508	
1	0.159761	0.709052	-0.68682	0.0	-0.338097	0.692979	0.6367659999999999	0.0	0.927452	0.13048099999999999	0.35044000000000003	0.0	-1.9039	-1.7175099999999999	-1.30027	0.111598	-0.293915	-0.16633199999999998	0.941248	0.0	-0.892777	0.399514	-0.20818000000000003	0.0	-0.341415	-0.9015110000000001	-0.26592	0.0	-0.526891	-0.802272	-1.28772	0.19053699999999998	
1	0.159952	0.70677	-0.689124	0.0	-0.371719	0.6898489999999999	0.621235	0.0	0.9144620000000001	0.15679300000000002	0.37306300000000003	0.0	-1.9196900000000001	-1.7659	-1.28936	0.111831	-0.29431199999999996	-0.144006	0.9447979999999999	0.0	-0.8939950000000001	0.390971	-0.21889499999999998	0.0	-0.337866	-0.909068	-0.243808	0.0	-0.5283140000000001	-0.8234520000000001	-1.28908	0.174494	
1	0.16497	0.688298	-0.706421	0.0	-0.36544899999999997	0.707912	0.6044069999999999	0.0	0.9160959999999999	0.158452	0.368322	0.0	-1.93813	-1.81265	-1.2324899999999999	0.111207	-0.295215	-0.11516300000000002	0.948465	0.0	-0.890891	0.391848	-0.22971599999999998	0.0	-0.3452	-0.9127940000000001	-0.218277	0.0	-0.539909	-0.880599	-1.2586700000000002	0.174083	
1	0.169822	0.674848	-0.71815	0.0	-0.362217	0.7204689999999999	0.591374	0.0	0.916493	0.159698	0.366793	0.0	-1.95075	-1.8380299999999998	-1.19582	0.11183699999999999	-0.300682	-0.09446339999999999	0.9490350000000001	0.0	-0.888232	0.390123	-0.24258600000000002	0.0	-0.347325	-0.915904	-0.201209	0.0	-0.548561	-0.9119950000000001	-1.2366	0.174289	
1	0.17327	0.6686489999999999	-0.723109	0.0	-0.361138	0.726208	0.58498	0.0	0.916273	0.15978299999999998	0.367304	0.0	-1.9525700000000001	-1.8390799999999998	-1.17703	0.111822	-0.304374	-0.0845391	0.948794	0.0	-0.886151	0.390504	-0.249484	0.0	-0.34941700000000003	-0.916711	-0.193774	0.0	-0.547664	-0.916784	-1.22224	0.174267	
1	0.204797	0.660772	-0.7221069999999999	0.0	-0.364118	0.736228	0.570426	0.0	0.908557	0.14611	0.391376	0.0	-1.95095	-1.7967400000000002	-1.15565	0.112041	-0.355452	-0.0545226	0.933103	0.0	-0.860291	0.409401	-0.303793	0.0	-0.36545	-0.910724	-0.192428	0.0	-0.525105	-0.896668	-1.17002	0.174059	
