0	0.593132	0.516197	-0.617846	0.0	0.684571	0.0805463	0.724483	0.0	0.423741	-0.8526739999999999	-0.30559899999999995	0.0	-2.73968	2.0	1.46191	0.0	-0.593133	0.516197	-0.617847	0.0	0.7515850000000001	0.0798826	-0.6547810000000001	0.0	-0.288641	-0.852736	-0.43534700000000004	0.0	2.66032	2.0	1.53809	0.0	
0	0.348543	0.935054	0.06474289999999999	0.0	0.50232	-0.244664	0.8293459999999999	0.0	0.791323	-0.25654099999999996	-0.554972	0.0	-2.74285	1.94265	1.42018	0.0	-0.593133	0.516197	-0.617846	0.0	0.751648	0.0800696	-0.654686	0.0	-0.288476	-0.852719	-0.43549099999999996	0.0	2.66032	2.0	1.53809	0.0	
0	0.312342	0.946682	0.07896619999999999	0.0	0.502499	-0.23518899999999998	0.831974	0.0	0.806187	-0.22018000000000001	-0.5491659999999999	0.0	-2.72458	1.9478900000000001	1.4026299999999998	0.34727800000000003	-0.593132	0.516197	-0.617846	0.0	0.751691	0.0801954	-0.654622	0.0	-0.288365	-0.852707	-0.435587	0.0	2.66032	2.0	1.53809	0.0	
0	0.285771	0.9525370000000001	0.104921	0.0	0.48345299999999997	-0.237835	0.842442	0.0	0.827411	-0.190021	-0.528473	0.0	-2.5878	1.92143	1.40947	0.355475	-0.593133	0.516197	-0.617847	0.0	0.751728	0.0803038	-0.654566	0.0	-0.28826999999999997	-0.8526969999999999	-0.43567100000000003	0.0	2.66032	2.0	1.53809	0.0	
0	0.30238899999999996	0.940891	0.152597	0.0	0.445326	-0.280999	0.850132	0.0	0.8427610000000001	-0.189115	-0.503974	0.0	-2.51859	1.90305	1.4224	0.359742	-0.593133	0.516197	-0.617846	0.0	0.751764	0.080413	-0.65451	0.0	-0.288174	-0.852686	-0.435754	0.0	2.66032	2.0	1.53809	0.0	
0	0.28365	0.9408110000000001	0.18551900000000002	0.0	0.43422299999999997	-0.298509	0.849907	0.0	0.854982	-0.16052	-0.49319399999999997	0.0	-2.4762	1.93902	1.40824	0.357562	-0.593132	0.516197	-0.617847	0.0	0.7518050000000001	0.0805318	-0.65445	0.0	-0.288069	-0.852675	-0.435846	0.0	2.66032	2.0	1.53809	0.0	
0	0.292917	0.935536	0.197413	0.0	0.44205600000000006	-0.315585	0.8396379999999999	0.0	0.8478129999999999	-0.158676	-0.506	0.0	-2.51063	1.9834900000000002	1.39998	0.35323000000000004	-0.593133	0.516197	-0.617846	0.0	0.751839	0.0806322	-0.6543979999999999	0.0	-0.28798	-0.852666	-0.43592299999999995	0.0	2.66032	2.0	1.53809	0.0	
0	0.313988	0.943199	0.108573	0.0	0.397967	-0.234575	0.8869030000000001	0.0	0.861994	-0.235269	-0.44901599999999997	0.0	-2.52185	1.87241	1.46001	0.0613451	-0.266519	0.938581	-0.21916599999999997	0.0	0.229217	-0.159144	-0.9602780000000001	0.0	-0.936177	-0.306169	-0.172724	0.0	2.64125	1.96397	1.6676900000000001	6.391669999999999e-06	
0	0.253875	0.9662649999999999	0.0433539	0.0	0.396851	-0.14493499999999998	0.9063680000000001	0.0	0.882075	-0.21289899999999998	-0.420259	0.0	-2.61816	1.8620900000000002	1.5407899999999999	0.0	-0.198757	0.969281	-0.14488399999999999	0.0	0.12305	-0.121983	-0.984875	0.0	-0.9722940000000001	-0.21357800000000002	-0.09502510000000002	0.0	2.67495	1.9737	1.75309	0.0	
0	0.239252	0.9558180000000001	0.170792	0.0	0.34917	-0.24883000000000002	0.903418	0.0	0.9060020000000001	-0.15650899999999998	-0.393276	0.0	-2.65213	1.8894400000000002	1.50777	0.238563	-0.254687	0.966242	-0.0388731	0.0	0.14002699999999998	-0.00292575	-0.990143	0.0	-0.956832	-0.25761999999999996	-0.134555	0.0	2.71548	2.01598	1.75596	0.341859	
0	0.23497800000000002	0.957492	0.16731500000000002	0.0	0.28805	-0.23299899999999998	0.9288370000000001	0.0	0.9283389999999999	-0.170061	-0.33055500000000004	0.0	-2.5283900000000004	1.8354599999999999	1.53257	0.236646	-0.28427800000000003	0.958742	-0.000167668	0.0	0.09203610000000001	0.0271157	-0.9953860000000001	0.0	-0.954314	-0.282982	-0.0959472	0.0	2.60375	1.9401400000000002	1.7482099999999998	0.247261	
0	0.272305	0.9578620000000001	0.09138660000000001	0.0	0.25556599999999996	-0.16356300000000001	0.9528559999999999	0.0	0.927651	-0.236112	-0.28933600000000004	0.0	-2.5367900000000003	1.68441	1.65179	0.0	-0.317263	0.9482959999999999	0.00890663	0.0	0.0686859	0.0323448	-0.997114	0.0	-0.9458469999999999	-0.315735	-0.0753962	0.0	2.6324799999999997	1.91935	1.7834400000000001	0.0	
0	0.23244499999999998	0.957191	0.172493	0.0	0.242839	-0.22885	0.942686	0.0	0.9418059999999999	-0.177235	-0.285638	0.0	-2.5941099999999997	1.6929599999999998	1.60191	0.35734	-0.306145	0.9519540000000001	0.00771871	0.0	0.0586386	0.0269493	-0.997916	0.0	-0.950177	-0.305054	-0.0640717	0.0	2.71695	1.85048	1.7543900000000001	0.23155599999999998	
0	0.257151	0.9463090000000001	0.19589	0.0	0.213313	-0.253291	0.9435790000000001	0.0	0.942534	-0.20085699999999998	-0.266994	0.0	-2.4523	1.6738	1.61345	0.35088600000000003	-0.335472	0.941808	0.021377599999999997	0.0	0.0469204	0.0393686	-0.998123	0.0	-0.940881	-0.333839	-0.057397300000000005	0.0	2.6609700000000003	1.7762	1.7428099999999997	0.360485	
0	0.371531	0.9041870000000001	0.21073899999999998	0.0	0.15999000000000002	-0.28594400000000003	0.9447959999999999	0.0	0.914531	-0.317305	-0.250898	0.0	-2.4683900000000003	1.5537299999999998	1.6599099999999998	0.34974	-0.37267100000000003	0.9272889999999999	0.0353675	0.0	0.07090260000000001	0.0664554	-0.995267	0.0	-0.925251	-0.368399	-0.0905133	0.0	2.68994	1.73928	1.6816900000000001	0.35977600000000004	
0	0.451078	0.866775	0.212673	0.0	0.10066699999999999	-0.286186	0.9528709999999999	0.0	0.8867889999999999	-0.40841	-0.216348	0.0	-2.4675700000000003	1.3706200000000002	1.64221	0.35041	-0.396298	0.917501	0.0337511	0.0	0.09302089999999999	0.0766961	-0.992706	0.0	-0.9133979999999999	-0.390268	-0.11574100000000001	0.0	2.71833	1.66858	1.59761	0.360275	
0	0.529108	0.826091	0.193953	0.0	0.0707161	-0.270701	0.9600629999999999	0.0	0.8456030000000001	-0.49426099999999995	-0.201648	0.0	-2.49442	1.13555	1.5783399999999999	0.35030100000000003	-0.394036	0.9185260000000001	0.0323317	0.0	0.101927	0.07863189999999999	-0.9916790000000001	0.0	-0.9134260000000001	-0.387462	-0.124606	0.0	2.72548	1.6438599999999999	1.54425	0.360594	
0	0.584967	0.789726	0.18478599999999998	0.0	0.0512436	-0.263365	0.963334	0.0	0.809437	-0.55405	-0.194528	0.0	-2.5300700000000003	0.972497	1.50219	0.35039899999999996	-0.395781	0.917652	0.03565719999999999	0.0	0.109096	0.08553469999999999	-0.990344	0.0	-0.911842	-0.388069	-0.133966	0.0	2.72748	1.63933	1.52978	0.360759	
0	0.62848	0.762787	0.15220999999999998	0.0	-0.0020853	-0.19403299999999998	0.980993	0.0	0.7778229999999999	-0.6168520000000001	-0.12035599999999999	0.0	-2.6160200000000002	0.600964	1.29008	0.350288	-0.396729	0.9169290000000001	0.0429861	0.0	0.133296	0.10388	-0.985617	0.0	-0.908206	-0.385293	-0.163435	0.0	2.73563	1.66713	1.47274	0.360906	
0	0.665775	0.735824	0.123722	0.0	-0.039163300000000005	-0.131124	0.990592	0.0	0.745124	-0.664357	-0.0584816	0.0	-2.62416	0.29949499999999996	1.15709	0.350012	-0.400754	0.915077	0.0450699	0.0	0.142671	0.11092300000000001	-0.983535	0.0	-0.9050090000000001	-0.387726	-0.175008	0.0	2.74478	1.6737900000000001	1.43926	0.360755	
0	0.681768	0.721924	0.118399	0.0	-0.052880399999999994	-0.11278800000000001	0.9922110000000001	0.0	0.729655	-0.682718	-0.0387199	0.0	-2.6302	0.17718299999999998	1.0927200000000001	0.350128	-0.399097	0.9157700000000001	0.0456829	0.0	0.144225	0.1119	-0.9831979999999999	0.0	-0.905495	-0.385802	-0.17673699999999998	0.0	2.74746	1.67467	1.43306	0.360734	
0	0.726052	0.679391	0.10619300000000001	0.0	-0.0730625	-0.0773383	0.994324	0.0	0.6837479999999999	-0.729689	-0.00651362	0.0	-2.60112	-0.12119500000000001	0.842775	0.350076	-0.396991	0.9167040000000001	0.0453103	0.0	0.151578	0.11417200000000001	-0.9818290000000001	0.0	-0.90522	-0.382909	-0.184278	0.0	2.74838	1.6893099999999999	1.41493	0.360727	
0	0.751189	0.652166	0.101953	0.0	-0.08698869999999999	-0.0553001	0.9946729999999999	0.0	0.65433	-0.7560560000000001	0.015190200000000001	0.0	-2.56524	-0.288409	0.697526	0.349457	-0.39259499999999997	0.918537	0.0464634	0.0	0.1492	0.11345799999999999	-0.982276	0.0	-0.9075290000000001	-0.378705	-0.181589	0.0	2.74775	1.6883700000000001	1.41619	0.360772	
0	0.771446	0.6285729999999999	0.09883310000000001	0.0	-0.09912939999999999	-0.0347032	0.994469	0.0	0.628526	-0.776976	0.035538400000000005	0.0	-2.5156099999999997	-0.449338	0.520614	0.348697	-0.391617	0.918999	0.0455733	0.0	0.148951	0.112193	-0.982459	0.0	-0.907992	-0.37796	-0.180823	0.0	2.74411	1.6828	1.42266	0.360705	
0	0.772936	0.626356	0.101236	0.0	-0.108724	-0.0264442	0.99372	0.0	0.6251	-0.779089	0.0476601	0.0	-2.50204	-0.518239	0.41434499999999996	0.347919	-0.391518	0.919092	0.044543400000000004	0.0	0.148635	0.11093900000000001	-0.98265	0.0	-0.9080870000000001	-0.378104	-0.180044	0.0	2.74251	1.6774900000000001	1.42556	0.360735	
0	0.7816930000000001	0.614185	0.10831600000000001	0.0	-0.116568	-0.0267322	0.992823	0.0	0.6126729999999999	-0.788709	0.050697900000000004	0.0	-2.43256	-0.655542	0.109671	0.347352	-0.393903	0.918019	0.045627999999999995	0.0	0.147332	0.112061	-0.982719	0.0	-0.907267	-0.380373	-0.179395	0.0	2.73837	1.66963	1.44621	0.360881	
0	0.7868029999999999	0.608155	0.105299	0.0	-0.11088900000000002	-0.0285433	0.993423	0.0	0.607161	-0.793305	0.0449795	0.0	-2.4019999999999997	-0.753522	-0.0989768	0.347115	-0.399104	0.91561	0.048731699999999996	0.0	0.14814000000000002	0.11684000000000001	-0.9820399999999999	0.0	-0.904859	-0.384718	-0.18226900000000001	0.0	2.73767	1.6549900000000002	1.45905	0.36085900000000004	
0	0.799513	0.591967	0.101757	0.0	-0.104004	-0.0304167	0.9941120000000001	0.0	0.591576	-0.805388	0.0372481	0.0	-2.38725	-0.892698	-0.276776	0.346785	-0.400727	0.9148120000000001	0.050370099999999994	0.0	0.15012	0.11979400000000001	-0.981384	0.0	-0.903816	-0.385705	-0.185336	0.0	2.7435099999999997	1.64494	1.44016	0.36078899999999997	
0	0.8044279999999999	0.587008	0.0912001	0.0	-0.0941928	-0.0255424	0.995226	0.0	0.586536	-0.809178	0.0347449	0.0	-2.40992	-1.00091	-0.403818	0.346567	-0.397918	0.916005	0.0509415	0.0	0.148383	0.119056	-0.9817370000000001	0.0	-0.905342	-0.38309299999999996	-0.183294	0.0	2.74689	1.63191	1.42876	0.36086399999999996	
0	0.810737	0.5802430000000001	0.0776104	0.0	-0.086476	-0.0124162	0.9961770000000001	0.0	0.5789880000000001	-0.814349	0.0401108	0.0	-2.42477	-1.09942	-0.462967	0.346541	-0.39577399999999996	0.91696	0.050466699999999996	0.0	0.147774	0.117826	-0.981978	0.0	-0.906381	-0.381184	-0.182135	0.0	2.74267	1.63865	1.44605	0.360952	
0	0.818102	0.571332	0.0654901	0.0	-0.08261610000000001	0.00406546	0.9965729999999999	0.0	0.569108	-0.820709	0.0505272	0.0	-2.4457299999999997	-1.21367	-0.49369300000000005	0.346443	-0.392378	0.9183479999999999	0.051741699999999995	0.0	0.143327	0.11661099999999999	-0.9827809999999999	0.0	-0.9085690000000001	-0.378206	-0.177379	0.0	2.73833	1.6246200000000002	1.45526	0.360817	
0	0.8178850000000001	0.571613	0.0657437	0.0	-0.082726	0.00374798	0.9965649999999999	0.0	0.569403	-0.820515	0.050352600000000004	0.0	-2.44561	-1.21141	-0.491018	0.346463	-0.392402	0.9183379999999999	0.051727300000000004	0.0	0.143446	0.11665	-0.982759	0.0	-0.90854	-0.378216	-0.177506	0.0	2.73908	1.62467	1.45454	0.36084499999999997	
0	0.8178810000000001	0.571619	0.06574930000000001	0.0	-0.08272769999999999	0.00373992	0.9965649999999999	0.0	0.569409	-0.8205110000000001	0.0503475	0.0	-2.4456	-1.21131	-0.491055	0.346463	-0.392402	0.9183379999999999	0.0517266	0.0	0.143447	0.11665	-0.982759	0.0	-0.908539	-0.378216	-0.177507	0.0	2.73908	1.6247	1.4545299999999999	0.360846	
0	0.8178810000000001	0.571619	0.06574939999999999	0.0	-0.0827278	0.00374006	0.9965649999999999	0.0	0.569409	-0.8205110000000001	0.050347699999999995	0.0	-2.4456	-1.21131	-0.491055	0.346463	-0.392402	0.9183379999999999	0.051726699999999994	0.0	0.143447	0.11665	-0.982759	0.0	-0.908539	-0.378216	-0.177507	0.0	2.73908	1.6247	1.4545299999999999	0.360846	
0	0.8178810000000001	0.571619	0.06574939999999999	0.0	-0.0827278	0.00374006	0.9965649999999999	0.0	0.569409	-0.8205110000000001	0.050347699999999995	0.0	-2.4456	-1.21131	-0.491055	0.346463	-0.392402	0.9183379999999999	0.0517265	0.0	0.143448	0.11665	-0.982759	0.0	-0.908539	-0.378216	-0.177507	0.0	2.73908	1.6247	1.4545299999999999	0.360846	
0	0.8178810000000001	0.571619	0.06574930000000001	0.0	-0.08272769999999999	0.00374008	0.9965649999999999	0.0	0.569409	-0.8205110000000001	0.0503476	0.0	-2.4456	-1.21131	-0.491055	0.346463	-0.392402	0.9183379999999999	0.0517265	0.0	0.143448	0.11665	-0.982759	0.0	-0.908539	-0.378216	-0.177507	0.0	2.73908	1.6247	1.4545299999999999	0.36084499999999997	
0	0.8178810000000001	0.571619	0.06574939999999999	0.0	-0.08272769999999999	0.00374008	0.9965649999999999	0.0	0.569409	-0.8205110000000001	0.050347699999999995	0.0	-2.4456	-1.21131	-0.491055	0.346463	-0.392402	0.9183379999999999	0.0517266	0.0	0.143448	0.11665	-0.982759	0.0	-0.908539	-0.378216	-0.177507	0.0	2.73908	1.62469	1.4545299999999999	0.36084499999999997	
0	0.8178810000000001	0.571619	0.06574939999999999	0.0	-0.08272769999999999	0.00374008	0.9965649999999999	0.0	0.569409	-0.8205110000000001	0.050347699999999995	0.0	-2.4456	-1.21131	-0.491055	0.346463	-0.392402	0.9183379999999999	0.0517266	0.0	0.143448	0.11665	-0.982759	0.0	-0.908539	-0.378216	-0.177507	0.0	2.73908	1.6247	1.4545299999999999	0.36084499999999997	
0	0.8178810000000001	0.571619	0.06574939999999999	0.0	-0.0827278	0.00374006	0.9965649999999999	0.0	0.569409	-0.8205110000000001	0.050347699999999995	0.0	-2.4456	-1.21131	-0.491055	0.346463	-0.392402	0.9183379999999999	0.0517266	0.0	0.143448	0.11665	-0.982759	0.0	-0.908539	-0.378216	-0.177507	0.0	2.73908	1.62469	1.4545299999999999	0.36084499999999997	
0	0.8178810000000001	0.571619	0.06574939999999999	0.0	-0.0827278	0.00374006	0.9965649999999999	0.0	0.569409	-0.8205110000000001	0.050347699999999995	0.0	-2.4456	-1.21131	-0.491055	0.346463	-0.392402	0.9183379999999999	0.0517265	0.0	0.143448	0.11665	-0.982759	0.0	-0.908539	-0.378216	-0.177507	0.0	2.73908	1.6247	1.4545299999999999	0.36084499999999997	
0	0.8178810000000001	0.571619	0.06574930000000001	0.0	-0.08272769999999999	0.00374008	0.9965649999999999	0.0	0.569409	-0.8205110000000001	0.0503476	0.0	-2.4456	-1.21131	-0.491055	0.346463	-0.392402	0.9183379999999999	0.0517266	0.0	0.143448	0.11665	-0.982759	0.0	-0.908539	-0.378216	-0.177507	0.0	2.73908	1.6247	1.4545299999999999	0.36084499999999997	
0	0.8178810000000001	0.571619	0.06574930000000001	0.0	-0.08272769999999999	0.00374006	0.9965649999999999	0.0	0.569409	-0.8205110000000001	0.0503476	0.0	-2.44559	-1.21131	-0.491055	0.346463	-0.392402	0.9183379999999999	0.0517266	0.0	0.143448	0.11665	-0.982759	0.0	-0.908539	-0.378216	-0.177507	0.0	2.73908	1.6247	1.4545299999999999	0.36084499999999997	
0	0.8178810000000001	0.571619	0.06574939999999999	0.0	-0.08272769999999999	0.00374008	0.9965649999999999	0.0	0.569409	-0.8205110000000001	0.050347699999999995	0.0	-2.4456	-1.21131	-0.491055	0.346463	-0.392402	0.9183379999999999	0.0517266	0.0	0.143448	0.11665	-0.982759	0.0	-0.908539	-0.378216	-0.177507	0.0	2.73908	1.6247	1.4545299999999999	0.36084499999999997	
0	0.8178810000000001	0.571619	0.06574930000000001	0.0	-0.08272769999999999	0.00374009	0.9965649999999999	0.0	0.569409	-0.8205110000000001	0.050347699999999995	0.0	-2.4456	-1.21131	-0.491055	0.346463	-0.392402	0.9183379999999999	0.0517266	0.0	0.143448	0.11665	-0.982759	0.0	-0.908539	-0.378216	-0.177507	0.0	2.73908	1.62469	1.4545299999999999	0.360846	
0	0.8178810000000001	0.571619	0.06574939999999999	0.0	-0.08272769999999999	0.00374008	0.9965649999999999	0.0	0.569409	-0.8205110000000001	0.050347699999999995	0.0	-2.4456	-1.21131	-0.491055	0.346463	-0.392402	0.9183379999999999	0.0517265	0.0	0.143448	0.11665	-0.982759	0.0	-0.908539	-0.378216	-0.177507	0.0	2.73908	1.6247	1.4545299999999999	0.36084499999999997	
0	0.8178810000000001	0.571619	0.06574939999999999	0.0	-0.08272769999999999	0.00374008	0.9965649999999999	0.0	0.569409	-0.8205110000000001	0.050347699999999995	0.0	-2.4456	-1.21131	-0.491055	0.346463	-0.392402	0.9183379999999999	0.0517265	0.0	0.143448	0.11665	-0.982759	0.0	-0.908539	-0.378216	-0.177507	0.0	2.73908	1.6247	1.4545299999999999	0.36084499999999997	
0	0.336725	0.9402959999999999	0.0495964	0.0	0.134258	-0.100079	0.98588	0.0	0.931982	-0.325312	-0.159941	0.0	-2.44291	-1.30502	-0.5166229999999999	0.349542	-0.328282	0.9434739999999999	0.0456911	0.0	0.03793869999999999	0.0615028	-0.9973860000000001	0.0	-0.943818	-0.32569000000000004	-0.055984400000000004	0.0	2.7206099999999998	1.5709899999999999	1.45628	0.359836	
0	0.425587	0.904394	0.0307688	0.0	0.110302	-0.0855939	0.9902059999999999	0.0	0.89817	-0.418025	-0.136184	0.0	-2.47628	-1.46359	-0.54037	0.220777	-0.330788	0.942291	0.051641599999999996	0.0	0.0411026	0.0690559	-0.996766	0.0	-0.94281	-0.327596	-0.061573699999999995	0.0	2.7357299999999998	1.5445	1.4296	0.35981799999999997	
0	0.533118	0.846	0.00831228	0.0	0.125752	-0.0889522	0.988066	0.0	0.836643	-0.52571	-0.153808	0.0	-2.6654299999999997	-1.61497	-0.582745	-8.153920000000001e-05	-0.331911	0.9413950000000001	0.060084000000000005	0.0	0.040236400000000005	0.0777654	-0.99616	0.0	-0.9424520000000001	-0.328219	-0.0636898	0.0	2.73685	1.5270700000000001	1.41425	0.359666	
0	0.607152	0.794492	0.0122028	0.0	0.14185899999999999	-0.123494	0.982153	0.0	0.78182	-0.594585	-0.187686	0.0	-2.8288900000000003	-1.77067	-0.69967	0.0	-0.33779000000000003	0.939177	0.06200219999999999	0.0	0.039598900000000006	0.0799963	-0.996008	0.0	-0.9403879999999999	-0.333986	-0.0642125	0.0	2.73157	1.49953	1.40584	0.359879	
0	0.640171	0.768131	0.012486200000000001	0.0	0.159771	-0.149018	0.975842	0.0	0.7514350000000001	-0.622711	-0.21812199999999998	0.0	-2.88088	-1.9459	-0.8181109999999999	0.307924	-0.340521	0.9380200000000001	0.0645207	0.0	0.038658099999999994	0.08253139999999999	-0.9958379999999999	0.0	-0.939442	-0.33660999999999996	-0.0643658	0.0	2.7265099999999998	1.46822	1.3977899999999999	0.359993	
0	0.6871729999999999	0.726428	-0.00977078	0.0	0.144297	-0.123293	0.981824	0.0	0.71202	-0.676092	-0.189545	0.0	-2.87962	-2.21908	-0.920007	0.34686	-0.34531999999999996	0.936282	0.0642669	0.0	0.0378026	0.08230060000000002	-0.9958899999999999	0.0	-0.937723	-0.341472	-0.06381419999999999	0.0	2.7237299999999998	1.45554	1.39557	0.360159	
0	0.725399	0.688204	-0.0130891	0.0	0.128802	-0.11703399999999999	0.98474	0.0	0.6761699999999999	-0.716016	-0.173539	0.0	-2.94254	-2.44213	-1.02881	0.347927	-0.347064	0.935614	0.06460419999999999	0.0	0.0376074	0.0827148	-0.9958629999999999	0.0	-0.9370870000000001	-0.343199	-0.0638933	0.0	2.72275	1.44765	1.38973	0.360122	
0	0.75948	0.6498109999999999	-0.030579099999999998	0.0	0.12238199999999999	-0.0965533	0.987776	0.0	0.638915	-0.753938	-0.152855	0.0	-3.03112	-2.68086	-1.17242	0.348138	-0.35	0.9345959999999999	0.06348	0.0	0.036595300000000004	0.08135629999999999	-0.9960129999999999	0.0	-0.9360350000000001	-0.346281	-0.06267640000000001	0.0	2.72158	1.43766	1.39247	0.360158	
0	0.777091	0.628157	-0.0393411	0.0	0.11798499999999999	-0.0839903	0.9894569999999999	0.0	0.6182300000000001	-0.77354	-0.139382	0.0	-3.06471	-2.7755400000000003	-1.22452	0.349051	-0.350931	0.934221	0.0638688	0.0	0.037223400000000004	0.0820703	-0.9959309999999999	0.0	-0.9356610000000001	-0.34712600000000005	-0.0635759	0.0	2.72004	1.43769	1.39679	0.360315	
0	0.820565	0.567997	-0.0636584	0.0	0.109919	-0.0475267	0.9928040000000001	0.0	0.5608850000000001	-0.821657	-0.10143200000000001	0.0	-3.1823599999999996	-3.09507	-1.3860700000000001	0.35046900000000003	-0.352804	0.933567	0.0631085	0.0	0.0377086	0.0815763	-0.9959530000000001	0.0	-0.9349370000000001	-0.348997	-0.06398390000000001	0.0	2.7235400000000003	1.43587	1.40186	0.360245	
0	0.8301709999999999	0.553249	-0.06878530000000001	0.0	0.10866500000000001	-0.0395601	0.993291	0.0	0.546816	-0.832076	-0.09296030000000001	0.0	-3.2164900000000003	-3.18509	-1.42214	0.35074099999999997	-0.352962	0.9335040000000001	0.0631633	0.0	0.0373971	0.0815297	-0.9959690000000001	0.0	-0.93489	-0.349177	-0.0636873	0.0	2.72372	1.43524	1.4025	0.360228	
0	0.857992	0.506217	-0.08714	0.0	0.11155899999999999	-0.018046	0.9935940000000001	0.0	0.501402	-0.862217	-0.0719565	0.0	-3.31658	-3.45994	-1.5382	0.35026199999999996	-0.35373699999999997	0.9332379999999999	0.0627494	0.0	0.0366541	0.08086619999999999	-0.996051	0.0	-0.9346270000000001	-0.35004	-0.0628125	0.0	2.72503	1.43601	1.40421	0.360186	
0	0.866424	0.48941899999999994	-0.09888789999999999	0.0	0.11079800000000001	0.00465842	0.9938319999999999	0.0	0.486861	-0.8720370000000001	-0.0501904	0.0	-3.3197	-3.62207	-1.6014	0.349875	-0.35492199999999996	0.9328870000000001	0.0612479	0.0	0.0356241	0.0789607	-0.9962409999999999	0.0	-0.934217	-0.351406	-0.0612582	0.0	2.72519	1.43006	1.4056600000000001	0.36015	
0	0.871065	0.48028699999999996	-0.102815	0.0	0.11043499999999999	0.0124558	0.9938049999999999	0.0	0.478592	-0.877023	-0.0421908	0.0	-3.3062099999999996	-3.68862	-1.60848	0.349694	-0.354998	0.9328790000000001	0.0609316	0.0	0.0352219	0.0784767	-0.996294	0.0	-0.9342030000000001	-0.351536	-0.060717099999999996	0.0	2.72486	1.43087	1.40879	0.36023499999999997	
0	0.882016	0.450194	-0.139184	0.0	0.12549100000000002	0.06029169999999999	0.9902610000000001	0.0	0.45420200000000005	-0.890893	-0.00331713	0.0	-3.30094	-3.66632	-1.71393	0.24432600000000002	-0.358431	0.931584	0.060654099999999996	0.0	0.0322562	0.0772905	-0.9964870000000001	0.0	-0.932999	-0.355215	-0.0577528	0.0	2.72187	1.41603	1.4134200000000001	0.360095	
0	0.890481	0.411595	-0.193994	0.0	0.149285	0.138472	0.97905	0.0	0.429835	-0.9007860000000001	0.0618615	0.0	-3.26419	-3.63435	-1.74405	0.204128	-0.366125	0.928443	0.06281519999999999	0.0	0.0281494	0.0785212	-0.9965149999999999	0.0	-0.93014	-0.363081	-0.0548837	0.0	2.7114599999999998	1.3671200000000001	1.40945	0.360143	
0	0.8921469999999999	0.395909	-0.21755300000000002	0.0	0.168049	0.156162	0.973331	0.0	0.419324	-0.904914	0.0727872	0.0	-3.22865	-3.6314699999999998	-1.69723	0.203508	-0.371475	0.9260700000000001	0.0663319	0.0	0.022731400000000002	0.0804946	-0.9964959999999999	0.0	-0.928164	-0.368666	-0.0509526	0.0	2.7073099999999997	1.3409200000000001	1.40752	0.360053	
0	0.874815	0.409739	-0.258483	0.0	0.20467	0.171016	0.9637760000000001	0.0	0.439101	-0.8960290000000001	0.0657461	0.0	-3.19976	-3.62374	-1.52614	0.203602	-0.380742	0.9210959999999999	0.0813481	0.0	0.011475399999999998	0.09267410000000001	-0.9956309999999999	0.0	-0.92461	-0.378144	-0.045854900000000004	0.0	2.70317	1.31932	1.37884	0.36	
0	0.8642860000000001	0.43190100000000003	-0.25782	0.0	0.20665300000000003	0.162415	0.9648399999999999	0.0	0.458589	-0.887177	0.051119599999999994	0.0	-3.1684400000000004	-3.62468	-1.41734	0.203943	-0.391854	0.915557	0.0905896	0.0	0.00456312	0.100397	-0.9949370000000001	0.0	-0.920016	-0.389457	-0.043518699999999993	0.0	2.70247	1.31184	1.34684	0.359977	
0	0.8318200000000001	0.49651999999999996	-0.24808000000000002	0.0	0.216029	0.122097	0.968723	0.0	0.5112800000000001	-0.859395	-0.00569996	0.0	-3.05162	-3.3966800000000004	-1.39798	0.203996	-0.43552299999999994	0.892517	0.11718800000000001	0.0	-0.00127158	0.129573	-0.991569	0.0	-0.900177	-0.43200000000000005	-0.05529730000000001	0.0	2.75642	1.36142	1.22004	0.359831	
0	0.796225	0.5607979999999999	-0.22700599999999999	0.0	0.225336	0.0733279	0.971518	0.0	0.561471	-0.824699	-0.0679827	0.0	-3.04276	-3.12319	-1.38591	0.20394600000000002	-0.468058	0.8717600000000001	0.144761	0.0	-0.00692588	0.160189	-0.9870620000000001	0.0	-0.8836700000000001	-0.463005	-0.0689402	0.0	2.80017	1.40602	1.1196700000000002	0.359835	
0	0.781752	0.58692	-0.210684	0.0	0.230706	0.0416707	0.972131	0.0	0.579343	-0.8085720000000001	-0.10282999999999999	0.0	-3.03459	-2.95527	-1.37822	0.203784	-0.477917	0.8630979999999999	0.163271	0.0	-0.014318299999999999	0.17819300000000002	-0.983891	0.0	-0.878288	-0.47255699999999995	-0.0728032	0.0	2.8154	1.43506	1.06649	0.359804	
0	0.74362	0.653542	-0.141111	0.0	0.226473	-0.0476318	0.972852	0.0	0.629078	-0.75539	-0.183429	0.0	-2.8531299999999997	-2.34885	-1.24363	0.20372	-0.504728	0.835158	0.218543	0.0	-0.031528	0.23515300000000003	-0.971447	0.0	-0.8627030000000001	-0.49720600000000004	-0.09235739999999999	0.0	2.7994	1.46462	0.915639	0.35991599999999996	
0	0.7321300000000001	0.670193	-0.121762	0.0	0.23289200000000002	-0.0783024	0.9693450000000001	0.0	0.6401140000000001	-0.738045	-0.21341	0.0	-2.8277799999999997	-2.1634900000000004	-1.22415	0.20372300000000002	-0.506831	0.828527	0.23804299999999998	0.0	-0.037652099999999994	0.25459699999999996	-0.9663139999999999	0.0	-0.861223	-0.498721	-0.0978419	0.0	2.7770099999999998	1.45539	0.8400350000000001	0.36001	
0	0.705117	0.7031729999999999	-0.0914225	0.0	0.24179699999999998	-0.11723399999999999	0.963219	0.0	0.666592	-0.701287	-0.252689	0.0	-2.78884	-1.83749	-1.23012	0.20372200000000001	-0.512486	0.809399	0.28675900000000004	0.0	-0.0581692	0.30045700000000003	-0.9520200000000001	0.0	-0.8567229999999999	-0.504578	-0.106898	0.0	2.69848	1.40785	0.749314	0.360031	
0	0.699933	0.708842	-0.0873875	0.0	0.24072600000000002	-0.11894600000000001	0.963277	0.0	0.672417	-0.6952659999999999	-0.25389	0.0	-2.78931	-1.81807	-1.22977	0.203975	-0.5134569999999999	0.806937	0.29191500000000004	0.0	-0.0606702	0.305193	-0.950356	0.0	-0.8559680000000001	-0.505677	-0.10774700000000001	0.0	2.69068	1.4025	0.7432350000000001	0.360046	
0	0.565277	0.822434	-0.0637529	0.0	0.17373	-0.043143400000000005	0.983848	0.0	0.806399	-0.567222	-0.16727	0.0	-2.57918	-1.60025	-1.13432	0.203984	-0.5210359999999999	0.756214	0.395805	0.0	-0.12538	0.390883	-0.911861	0.0	-0.844276	-0.524738	-0.108851	0.0	2.5310799999999998	1.33887	0.707562	0.360026	
1	0.45953999999999995	0.883534	-0.0905008	0.0	0.099957	0.049800300000000006	0.9937450000000001	0.0	0.8825139999999999	-0.465712	-0.0654303	0.0	-2.31397	-1.59128	-1.06962	0.203731	-0.5027590000000001	0.720371	0.477807	0.0	-0.189966	0.447158	-0.874049	0.0	-0.8432950000000001	-0.530203	-0.0879664	0.0	2.41193	1.28017	0.713136	0.359994	
1	0.446367	0.8897379999999999	-0.0955174	0.0	0.0900971	0.0615135	0.9940319999999999	0.0	0.8903030000000001	-0.452308	-0.0527053	0.0	-2.2653	-1.59386	-1.06189	0.203725	-0.49752799999999997	0.715216	0.49084799999999995	0.0	-0.20106500000000002	0.455359	-0.8673059999999999	0.0	-0.843824	-0.5302020000000001	-0.082749	0.0	2.3935299999999997	1.2710299999999999	0.713676	0.35997399999999996	
1	0.256703	0.9259270000000001	-0.277061	0.0	-0.0217642	0.292132	0.9561299999999999	0.0	0.966245	-0.239411	0.09514310000000001	0.0	-1.80035	-1.6025399999999999	-1.03853	0.203709	-0.46008999999999994	0.611097	0.6441100000000001	0.0	-0.311658	0.568137	-0.761636	0.0	-0.831376	-0.551163	-0.0709411	0.0	2.14035	1.21259	0.748568	0.35993600000000003	
1	0.245238	0.924264	-0.292566	0.0	-0.0288903	0.30861500000000003	0.9507479999999999	0.0	0.969032	-0.22470700000000002	0.102386	0.0	-1.77145	-1.5987799999999999	-1.0389899999999999	0.203984	-0.45858000000000004	0.599861	0.655646	0.0	-0.320797	0.5763010000000001	-0.7516430000000001	0.0	-0.82873	-0.555018	-0.0718467	0.0	2.12473	1.20719	0.7515569999999999	0.359981	
1	0.140548	0.848548	-0.510111	0.0	-0.130402	0.526602	0.840051	0.0	0.981449	-0.051548500000000004	0.184665	0.0	-1.4506	-1.54551	-1.00569	0.203713	-0.416583	0.48617200000000005	0.768178	0.0	-0.401884	0.659454	-0.635303	0.0	-0.815444	-0.5733739999999999	-0.0793327	0.0	1.8740700000000001	1.09768	0.729885	0.359888	
1	0.106475	0.792181	-0.6009260000000001	0.0	-0.18252100000000002	0.609664	0.77136	0.0	0.9774200000000001	0.027550900000000003	0.20950300000000002	0.0	-1.3220299999999998	-1.5234299999999998	-0.9565440000000001	0.203984	-0.396594	0.443767	0.803607	0.0	-0.42067	0.690217	-0.588759	0.0	-0.8159350000000001	-0.571551	-0.0870573	0.0	1.75155	1.0560399999999999	0.713881	0.359784	
1	0.0830417	0.700555	-0.70875	0.0	-0.233609	0.705074	0.669551	0.0	0.968778	0.10997	0.22220700000000002	0.0	-1.22195	-1.47307	-0.9012110000000001	0.203707	-0.37356	0.408646	0.832743	0.0	-0.439399	0.712672	-0.546834	0.0	-0.816934	-0.570182	-0.0866675	0.0	1.61853	1.05949	0.724418	0.35967	
1	0.0826688	0.688055	-0.720934	0.0	-0.23662800000000003	0.716274	0.656474	0.0	0.9680770000000001	0.116323	0.222027	0.0	-1.20856	-1.46624	-0.893284	0.203984	-0.371062	0.405279	0.835501	0.0	-0.441382	0.714625	-0.542672	0.0	-0.817004	-0.57014	-0.0862876	0.0	1.60048	1.06028	0.7253850000000001	0.3597	
1	0.117802	0.558565	-0.821053	0.0	-0.276806	0.812509	0.513038	0.0	0.953678	0.16683499999999998	0.250329	0.0	-1.02631	-1.4343	-0.756004	0.20313599999999998	-0.335008	0.356786	0.872051	0.0	-0.46171899999999994	0.744625	-0.482026	0.0	-0.8213309999999999	-0.564125	-0.0847212	0.0	1.38715	1.0625799999999999	0.733698	0.359759	
1	0.140423	0.536213	-0.8323200000000001	0.0	-0.277754	0.828227	0.48671499999999995	0.0	0.950334	0.16283499999999998	0.265237	0.0	-0.9490799999999999	-1.44334	-0.660629	0.202955	-0.32602600000000004	0.335073	0.8839870000000001	0.0	-0.474312	0.750891	-0.459556	0.0	-0.817762	-0.569113	-0.0858806	0.0	1.26504	1.07089	0.73177	0.35982600000000003	
1	0.155691	0.518358	-0.840872	0.0	-0.278198	0.8398049999999999	0.46618999999999994	0.0	0.9478219999999999	0.161347	0.274956	0.0	-0.9069309999999999	-1.46757	-0.61088	0.203176	-0.323863	0.323139	0.8892100000000001	0.0	-0.48321099999999995	0.751541	-0.449103	0.0	-0.813401	-0.5751229999999999	-0.08725169999999999	0.0	1.20049	1.06158	0.719266	0.35993200000000003	
1	0.22759000000000001	0.49591999999999997	-0.8380129999999999	0.0	-0.264457	0.8597309999999999	0.43695	0.0	0.937158	0.122173	0.326816	0.0	-0.862534	-1.54916	-0.45255500000000004	0.203344	-0.32157800000000003	0.300725	0.89786	0.0	-0.5024390000000001	0.7495310000000001	-0.43099799999999994	0.0	-0.802585	-0.589719	-0.0899372	0.0	1.08441	1.04281	0.696088	0.360203	
1	0.287568	0.48689499999999997	-0.824766	0.0	-0.281765	0.8660389999999999	0.41301899999999997	0.0	0.915376	0.11361900000000001	0.386235	0.0	-0.838571	-1.61418	-0.340246	0.202899	-0.315782	0.29635	0.901365	0.0	-0.5129229999999999	0.7458859999999999	-0.424928	0.0	-0.798243	-0.596515	-0.0835323	0.0	0.987504	1.0364	0.676772	0.360453	
1	0.268328	0.482811	-0.8336030000000001	0.0	-0.25847	0.86969	0.42051400000000005	0.0	0.928005	0.102625	0.358154	0.0	-0.830061	-1.64192	-0.274816	0.203379	-0.320439	0.293772	0.900565	0.0	-0.518636	0.741134	-0.42630500000000005	0.0	-0.792676	-0.6036699999999999	-0.08512769999999999	0.0	0.943583	1.01949	0.660844	0.360971	
1	0.245842	0.475522	-0.8446540000000001	0.0	-0.248815	0.873158	0.41915	0.0	0.936831	0.107118	0.332976	0.0	-0.8083060000000001	-1.66093	-0.24008400000000002	0.203511	-0.329598	0.276092	0.90285	0.0	-0.5404979999999999	0.728893	-0.420212	0.0	-0.774098	-0.6264890000000001	-0.0910146	0.0	0.845774	0.951203	0.605414	0.361101	
1	0.24528200000000003	0.474408	-0.8454430000000001	0.0	-0.24810300000000002	0.8737590000000001	0.418318	0.0	0.937167	0.107151	0.33202	0.0	-0.803509	-1.66074	-0.23901799999999998	0.203518	-0.330996	0.27454	0.9028120000000001	0.0	-0.544667	0.725691	-0.42036899999999994	0.0	-0.770571	-0.630872	-0.0906681	0.0	0.830433	0.9400270000000001	0.5977060000000001	0.361003	
1	0.244454	0.47642399999999996	-0.844549	0.0	-0.247258	0.872808	0.420796	0.0	0.937607	0.105955	0.33116100000000004	0.0	-0.800515	-1.6610200000000002	-0.23652600000000001	0.203536	-0.33214899999999997	0.265434	0.905109	0.0	-0.56698	0.710687	-0.416483	0.0	-0.753798	-0.651513	-0.08555800000000001	0.0	0.752468	0.865049	0.5603670000000001	0.360914	
1	0.243187	0.476174	-0.8450549999999999	0.0	-0.24618	0.872983	0.421066	0.0	0.93822	0.10563800000000001	0.329522	0.0	-0.799014	-1.66172	-0.236483	0.203551	-0.323627	0.267886	0.9074709999999999	0.0	-0.577575	0.703734	-0.413721	0.0	-0.749448	-0.6580239999999999	-0.0730225	0.0	0.703442	0.843306	0.569407	0.360763	
1	0.24396700000000002	0.486122	-0.839145	0.0	-0.251772	0.8673719999999999	0.429275	0.0	0.936531	0.106544	0.334003	0.0	-0.80001	-1.6643	-0.23596799999999998	0.203283	-0.305929	0.276667	0.910968	0.0	-0.607997	0.679541	-0.41056499999999996	0.0	-0.73263	-0.679469	-0.0396788	0.0	0.6540189999999999	0.7919510000000001	0.650779	0.360655	
1	0.245169	0.490043	-0.836511	0.0	-0.25344	0.865236	0.432591	0.0	0.935767	0.105947	0.336325	0.0	-0.796271	-1.66395	-0.23654099999999997	0.203278	-0.297714	0.285618	0.910927	0.0	-0.625566	0.66242	-0.41215	0.0	-0.721134	-0.6925479999999999	-0.0185392	0.0	0.6368689999999999	0.745028	0.704403	0.360471	
1	0.241871	0.48902299999999993	-0.838066	0.0	-0.251745	0.865762	0.43252799999999997	0.0	0.937082	0.10636300000000001	0.332512	0.0	-0.7948109999999999	-1.65835	-0.23976399999999998	0.20353	-0.27715700000000004	0.33176300000000003	0.9017299999999999	0.0	-0.6621600000000001	0.614093	-0.429458	0.0	-0.696225	-0.716117	0.04948	0.0	0.609816	0.631622	0.798357	0.35978000000000004	
1	0.24439699999999998	0.491138	-0.836094	0.0	-0.253273	0.864642	0.433874	0.0	0.9360139999999999	0.105723	0.335708	0.0	-0.796948	-1.66137	-0.238102	0.203284	-0.27516599999999997	0.346802	0.896667	0.0	-0.6878479999999999	0.5805899999999999	-0.435638	0.0	-0.6716770000000001	-0.736643	0.07878860000000001	0.0	0.652889	0.531389	0.8728540000000001	0.359451	
1	0.238048	0.49441	-0.8359979999999999	0.0	-0.250307	0.8628950000000001	0.439043	0.0	0.9384450000000001	0.104743	0.329164	0.0	-0.801628	-1.6628599999999998	-0.236517	0.203319	-0.291935	0.328207	0.8983620000000001	0.0	-0.70914	0.555999	-0.43357299999999993	0.0	-0.64179	-0.76364	0.0704288	0.0	0.62631	0.45375	0.8453790000000001	0.359248	
1	0.230902	0.49964899999999995	-0.834887	0.0	-0.248836	0.8598629999999999	0.445776	0.0	0.9406190000000001	0.10482000000000001	0.322875	0.0	-0.808808	-1.65303	-0.239521	0.20335	-0.319141	0.289787	0.902315	0.0	-0.722531	0.541714	-0.429529	0.0	-0.613269	-0.789031	0.036496600000000004	0.0	0.613104	0.40103099999999997	0.748926	0.35888000000000003	
1	0.226056	0.501422	-0.835149	0.0	-0.24767199999999998	0.8587530000000001	0.44855500000000004	0.0	0.942103	0.10544400000000001	0.318315	0.0	-0.811703	-1.6531099999999999	-0.24086100000000002	0.20361700000000002	-0.335723	0.263401	0.904384	0.0	-0.727263	0.5377	-0.42657700000000004	0.0	-0.598648	-0.800936	0.011043700000000002	0.0	0.617502	0.375465	0.67492	0.35864	
1	0.22686900000000002	0.503123	-0.8339049999999999	0.0	-0.24824899999999997	0.857822	0.45001499999999994	0.0	0.9417549999999999	0.104922	0.319513	0.0	-0.816192	-1.65107	-0.24069000000000002	0.20336700000000002	-0.37863	0.168524	0.910077	0.0	-0.743333	0.530479	-0.407489	0.0	-0.5514479999999999	-0.830778	-0.07558610000000002	0.0	0.5601510000000001	0.33453299999999997	0.43932200000000005	0.357946	
1	0.22739600000000001	0.503429	-0.833577	0.0	-0.24797600000000003	0.857719	0.450362	0.0	0.9417	0.104297	0.31988	0.0	-0.817376	-1.6489900000000002	-0.24060700000000002	0.20339100000000002	-0.383517	0.14182999999999998	0.9125780000000001	0.0	-0.747467	0.532683	-0.396916	0.0	-0.5424100000000001	-0.8343459999999999	-0.0982804	0.0	0.539095	0.30873	0.33920100000000003	0.35787199999999997	
1	0.218154	0.507262	-0.833723	0.0	-0.244094	0.855508	0.456646	0.0	0.944895	0.103887	0.310452	0.0	-0.8218530000000001	-1.6497400000000002	-0.240878	0.203702	-0.400021	0.0808779	0.9129299999999999	0.0	-0.7630640000000001	0.522354	-0.38063	0.0	-0.5076579999999999	-0.848885	-0.147238	0.0	0.473105	0.280569	0.16977899999999999	0.357377	
1	0.217829	0.509959	-0.8321620000000001	0.0	-0.243765	0.8540399999999999	0.45955799999999997	0.0	0.945055	0.102747	0.310344	0.0	-0.82525	-1.6452	-0.24156799999999998	0.203459	-0.398057	0.0606072	0.915357	0.0	-0.770311	0.519776	-0.369397	0.0	-0.498169	-0.85215	-0.16021400000000002	0.0	0.421328	0.23479099999999997	0.0614725	0.356915	
1	0.216394	0.511562	-0.8315520000000001	0.0	-0.24327	0.8531200000000001	0.461525	0.0	0.9455120000000001	0.10242000000000001	0.309057	0.0	-0.826659	-1.6419700000000002	-0.24095100000000003	0.203478	-0.395706	0.0146958	0.9182600000000001	0.0	-0.796656	0.49195	-0.35117600000000004	0.0	-0.45689799999999997	-0.8705	-0.18295999999999998	0.0	0.32155500000000004	0.120019	-0.0917764	0.35643800000000003	
1	0.21414699999999998	0.511887	-0.831933	0.0	-0.24245999999999998	0.852892	0.462372	0.0	0.946232	0.10269500000000001	0.306756	0.0	-0.8258040000000001	-1.6485299999999998	-0.240065	0.20372300000000002	-0.39162600000000003	-0.0114567	0.9200530000000001	0.0	-0.814753	0.468958	-0.340964	0.0	-0.42756000000000005	-0.8831459999999999	-0.19299000000000002	0.0	0.25611799999999996	0.0201944	-0.161572	0.356058	
1	0.213022	0.512567	-0.8318030000000001	0.0	-0.241792	0.852518	0.46341000000000004	0.0	0.946657	0.102407	0.305539	0.0	-0.8259489999999999	-1.64378	-0.241632	0.203734	-0.387187	-0.0240334	0.921688	0.0	-0.827691	0.44949399999999995	-0.33598	0.0	-0.406219	-0.8929600000000001	-0.193931	0.0	0.22001300000000001	-0.0664218	-0.226834	0.355702	
1	0.21222	0.51558	-0.830145	0.0	-0.23981	0.8509950000000001	0.467224	0.0	0.947341	0.0999222	0.304239	0.0	-0.826945	-1.64375	-0.240871	0.203523	-0.376002	-0.0434099	0.925602	0.0	-0.8508110000000001	0.41188400000000003	-0.326303	0.0	-0.367075	-0.9102020000000001	-0.191803	0.0	0.200327	-0.22469	-0.282321	0.354535	
1	0.211734	0.519278	-0.8279610000000001	0.0	-0.23915300000000003	0.848942	0.471278	0.0	0.947615	0.098224	0.303937	0.0	-0.8292370000000001	-1.6463700000000001	-0.243823	0.203539	-0.360933	-0.0739382	0.9296559999999999	0.0	-0.876001	0.368845	-0.310767	0.0	-0.319921	-0.9265459999999999	-0.197898	0.0	0.194352	-0.406592	-0.342547	0.353839	
1	0.21064000000000002	0.519514	-0.828092	0.0	-0.238736	0.848786	0.47176999999999997	0.0	0.9479639999999999	0.0983217	0.302815	0.0	-0.8269209999999999	-1.6431900000000002	-0.24219000000000002	0.203531	-0.356236	-0.0850154	0.9305200000000001	0.0	-0.88444	0.351937	-0.30644099999999996	0.0	-0.30143200000000003	-0.932155	-0.20056400000000002	0.0	0.204768	-0.483709	-0.35690500000000003	0.353635	
1	0.20809299999999997	0.519633	-0.8286610000000001	0.0	-0.23714899999999997	0.8487319999999999	0.472667	0.0	0.948925	0.0981576	0.299846	0.0	-0.827885	-1.63736	-0.23986	0.203798	-0.338307	-0.113625	0.9341510000000001	0.0	-0.9062969999999999	0.306569	-0.29093	0.0	-0.253325	-0.945042	-0.206693	0.0	0.19738699999999998	-0.656358	-0.42746999999999996	0.35180700000000004	
1	0.209306	0.521093	-0.8274379999999999	0.0	-0.23808400000000002	0.847873	0.47373699999999996	0.0	0.9484229999999999	0.0978438	0.301529	0.0	-0.826459	-1.63868	-0.24031	0.20355299999999998	-0.323302	-0.12283699999999999	0.9382889999999999	0.0	-0.920651	0.270102	-0.281864	0.0	-0.218811	-0.9549639999999999	-0.200414	0.0	0.204934	-0.7610899999999999	-0.409826	0.351607	
1	0.20741500000000002	0.521234	-0.827825	0.0	-0.23489000000000002	0.848008	0.47508900000000004	0.0	0.949635	0.0959072	0.298322	0.0	-0.828729	-1.6488599999999998	-0.24111	0.203815	-0.320298	-0.125414	0.9389780000000001	0.0	-0.922826	0.265235	-0.279362	0.0	-0.21401399999999998	-0.955992	-0.200689	0.0	0.23856599999999997	-0.8059689999999999	-0.412166	0.348914	
1	0.210211	0.520818	-0.827382	0.0	-0.23192	0.848699	0.475313	0.0	0.94975	0.0919707	0.299194	0.0	-0.831457	-1.6903700000000002	-0.230863	0.203802	-0.322954	-0.099205	0.9412010000000001	0.0	-0.930372	0.215614	-0.296512	0.0	-0.17352	-0.971426	-0.161931	0.0	0.226343	-0.843551	-0.42461899999999997	0.290009	
1	0.23164200000000001	0.522846	-0.82035	0.0	-0.204979	0.8505870000000001	0.484238	0.0	0.95096	0.0559845	0.304204	0.0	-0.807212	-1.7254099999999999	-0.216379	0.204215	-0.352046	-0.0571359	0.9342370000000001	0.0	-0.921306	0.19722	-0.335111	0.0	-0.165104	-0.978693	-0.12207	0.0	0.24225700000000003	-0.878481	-0.440007	0.2038	
1	0.243794	0.5146430000000001	-0.8220139999999999	0.0	-0.19684400000000002	0.8562040000000001	0.47766800000000004	0.0	0.9496399999999999	0.045356099999999996	0.310042	0.0	-0.807561	-1.7357900000000002	-0.21119200000000002	0.20406300000000002	-0.361628	-0.045197900000000006	0.931226	0.0	-0.914618	0.210927	-0.34494	0.0	-0.180831	-0.976456	-0.11761600000000001	0.0	0.255855	-0.904675	-0.433112	0.203755	
1	0.256056	0.49804799999999994	-0.828483	0.0	-0.201963	0.8657040000000001	0.458004	0.0	0.9453290000000001	0.0500477	0.322256	0.0	-0.8143100000000001	-1.74617	-0.193904	0.20411400000000002	-0.37621	-0.0233493	0.92624	0.0	-0.9073979999999999	0.21141	-0.363228	0.0	-0.187335	-0.977118	-0.100722	0.0	0.254944	-0.918275	-0.42215	0.203728	
