0	0.593133	0.516197	-0.617846	0.0	0.684276	0.08113989999999999	0.724695	0.0	0.424217	-0.852618	-0.30509400000000003	0.0	-2.7396700000000003	2.0	1.46191	0.0	-0.0965285	0.9836090000000001	-0.152304	0.0	0.11675	-0.140773	-0.9831340000000001	0.0	-0.988459	-0.11268199999999999	-0.101248	0.0	2.72225	2.10365	1.55683	0.0	
0	0.17591199999999999	0.976833	-0.121868	0.0	0.345939	0.0545596	0.9366690000000001	0.0	0.9216190000000001	-0.20693000000000003	-0.328327	0.0	-2.79502	1.95576	1.43021	-3.38554e-05	-0.0772603	0.9881209999999999	-0.132849	0.0	0.119424	-0.123117	-0.98518	0.0	-0.989833	-0.09198049999999999	-0.10849400000000001	0.0	2.74242	2.1289599999999997	1.52381	0.0	
0	0.073882	0.9970209999999999	-0.0221614	0.0	0.282262	0.000407487	0.9593370000000001	0.0	0.9564879999999999	-0.07713300000000001	-0.281391	0.0	-2.90955	1.8952	1.39648	0.0	-0.0692595	0.9928899999999999	-0.0968172	0.0	0.09358419999999999	-0.0901558	-0.9915209999999999	0.0	-0.9932	-0.0777327	-0.0866747	0.0	2.7530200000000002	2.15495	1.50009	0.0	
0	0.054852	0.9984930000000001	0.00168061	0.0	0.315388	-0.018922799999999997	0.948774	0.0	0.947376	-0.0515121	-0.31595100000000004	0.0	-2.98375	1.94097	1.34575	0.21824000000000002	-0.061315699999999994	0.995274	-0.07529630000000001	0.0	0.07421010000000001	-0.0706838	-0.994735	0.0	-0.9953559999999999	-0.0665804	-0.0695255	0.0	2.7724599999999997	2.13492	1.49837	0.107654	
0	0.0689935	0.996534	0.0464836	0.0	0.29443800000000003	-0.0648599	0.953467	0.0	0.953177	-0.0520966	-0.297892	0.0	-2.94867	1.96849	1.33142	0.349001	-0.06263969999999999	0.9969620000000001	-0.046292400000000004	0.0	0.0707237	-0.0418327	-0.996618	0.0	-0.995527	-0.0657018	-0.06788839999999999	0.0	2.7898	2.14526	1.4937	0.365208	
0	0.0807051	0.9954040000000001	0.0515462	0.0	0.279926	-0.0722688	0.957298	0.0	0.956623	-0.0628297	-0.284473	0.0	-2.8544400000000003	1.9904	1.3893799999999998	0.349629	-0.06917569999999999	0.9970319999999999	-0.0337999	0.0	0.0632476	-0.029429900000000002	-0.9975639999999999	0.0	-0.995598	-0.0711448	-0.061024199999999994	0.0	2.7185200000000003	2.10512	1.4834200000000002	0.363906	
0	0.0971781	0.993402	0.06090980000000001	0.0	0.27334200000000003	-0.08548539999999999	0.958111	0.0	0.956995	-0.0764582	-0.279846	0.0	-2.8277900000000002	1.9839799999999999	1.41153	0.34925300000000004	-0.0837745	0.996094	-0.027895299999999998	0.0	0.0630507	-0.0226391	-0.9977540000000001	0.0	-0.9944879999999999	-0.085345	-0.060908000000000004	0.0	2.69482	2.07632	1.47757	0.363709	
0	0.103872	0.9933360000000001	0.0499435	0.0	0.263278	-0.07588510000000001	0.961731	0.0	0.9591120000000001	-0.0867478	-0.269406	0.0	-2.80893	1.9333799999999999	1.43135	0.348549	-0.09217439999999999	0.9954540000000001	-0.0239674	0.0	0.05931990000000001	-0.0185377	-0.998067	0.0	-0.993974	-0.0934179	-0.05734169999999999	0.0	2.68646	2.05375	1.47624	0.362896	
0	0.178062	0.983891	-0.015867199999999998	0.0	0.195029	-0.019481900000000003	0.9806040000000001	0.0	0.964499	-0.177703	-0.195357	0.0	-2.73222	1.7710700000000001	1.52268	0.0874322	-0.120333	0.992293	-0.029578899999999998	0.0	0.0325002	-0.025841700000000002	-0.999138	0.0	-0.992201	-0.12119	-0.029140100000000002	0.0	2.65131	2.0053	1.4995100000000001	0.26201199999999997	
0	0.21494000000000002	0.975126	-0.0541298	0.0	0.149288	0.021968400000000003	0.98855	0.0	0.96515	-0.22055999999999998	-0.140852	0.0	-2.77153	1.57104	1.62509	0.0	-0.13036	0.9913200000000001	-0.017052	0.0	0.08525060000000001	-0.00592792	-0.9963420000000001	0.0	-0.9877950000000001	-0.13133699999999998	-0.08373810000000001	0.0	2.68057	2.00073	1.50213	0.0	
0	0.189582	0.980475	-0.0522197	0.0	0.11986199999999998	0.0296758	0.992347	0.0	0.9745209999999999	-0.19439	-0.11189600000000001	0.0	-2.75235	1.51384	1.6468	0.0	-0.136927	0.9904620000000001	-0.015357399999999998	0.0	0.0775568	-0.0047366000000000005	-0.996977	0.0	-0.98754	-0.137704	-0.0761686	0.0	2.7417599999999998	1.99197	1.43798	0.0	
0	0.14993	0.986914	-0.0593424	0.0	0.10955799999999999	0.0430673	0.9930469999999999	0.0	0.982608	-0.155389	-0.101667	0.0	-2.71596	1.52054	1.64504	0.23836300000000002	-0.125319	0.9920260000000001	-0.0133969	0.0	0.0978567	-0.00107795	-0.9952	0.0	-0.9872790000000001	-0.126029	-0.0969414	0.0	2.7852	2.00726	1.39975	0.200946	
0	0.13256500000000002	0.989764	-0.0528545	0.0	0.0905923	0.0410028	0.995044	0.0	0.9870260000000001	-0.136696	-0.0842296	0.0	-2.64889	1.51058	1.64045	0.268534	-0.11286199999999999	0.993576	-0.00826883	0.0	0.0881442	0.00172263	-0.9961059999999999	0.0	-0.989693	-0.113151	-0.08777230000000001	0.0	2.7827	2.0000299999999998	1.3811200000000001	0.29836799999999997	
0	0.11607100000000001	0.992138	-0.0467966	0.0	0.0748625	0.0382421	0.99646	0.0	0.990416	-0.119164	-0.0698352	0.0	-2.58996	1.5054	1.62901	0.267963	-0.100428	0.994843	-0.0142155	0.0	0.08202530000000001	-0.00596058	-0.996613	0.0	-0.9915579999999999	-0.101254	-0.0810038	0.0	2.73363	1.99343	1.38572	0.311274	
0	0.12472799999999999	0.990935	-0.0499108	0.0	0.0835495	0.0396353	0.995715	0.0	0.988667	-0.128363	-0.0778484	0.0	-2.5779900000000002	1.51371	1.6264	0.265191	-0.10636199999999998	0.994265	-0.011177600000000001	0.0	0.0837752	-0.0022405999999999997	-0.996482	0.0	-0.990792	-0.106924	-0.0830563	0.0	2.71687	1.9773599999999998	1.3954	0.311946	
0	0.125694	0.9902190000000001	-0.060557400000000004	0.0	0.0965504	0.0485418	0.994144	0.0	0.98736	-0.130805	-0.0895047	0.0	-2.6089700000000002	1.51183	1.5948200000000001	0.246074	-0.11021500000000001	0.9938440000000001	-0.0112824	0.0	0.08645219999999999	-0.00172257	-0.9962549999999999	0.0	-0.9901409999999999	-0.110777	-0.0857303	0.0	2.7206	1.9801	1.39585	0.312136	
0	0.12237999999999999	0.990599	-0.061137300000000006	0.0	0.103502	0.0485263	0.993445	0.0	0.987072	-0.127905	-0.09659010000000001	0.0	-2.62147	1.5219	1.57816	0.23103800000000002	-0.11141	0.9937370000000001	-0.0086351	0.0	0.0870245	0.0011	-0.9962059999999999	0.0	-0.989957	-0.111739	-0.0866019	0.0	2.72834	1.98173	1.39509	0.31156999999999996	
0	0.120601	0.99095	-0.0589311	0.0	0.1012	0.046782	0.993766	0.0	0.9875290000000001	-0.125813	-0.0946428	0.0	-2.6261200000000002	1.51322	1.58243	0.23121599999999998	-0.110873	0.993807	-0.00740793	0.0	0.08740099999999999	0.00232524	-0.9961709999999999	0.0	-0.989984	-0.111096	-0.0871176	0.0	2.7311400000000003	1.9759200000000001	1.39232	0.311923	
0	0.100731	0.992764	-0.0653685	0.0	0.096372	0.0556573	0.9937879999999999	0.0	0.9902350000000001	-0.106405	-0.0900683	0.0	-2.63143	1.5074299999999998	1.5686	0.264667	-0.11355	0.993526	-0.00366685	0.0	0.0832139	0.00583243	-0.9965149999999999	0.0	-0.990041	-0.11345899999999999	-0.0833375	0.0	2.72758	1.9619400000000002	1.3924299999999998	0.312242	
0	0.0928798	0.991891	-0.08675	0.0	0.10668299999999999	0.076711	0.9913299999999999	0.0	0.9899459999999999	-0.101329	-0.0986931	0.0	-2.6339799999999998	1.51958	1.5574700000000001	0.27061999999999997	-0.12044	0.99272	-0.0012825999999999998	0.0	0.080189	0.00844091	-0.9967440000000001	0.0	-0.989477	-0.120151	-0.0806219	0.0	2.7185799999999998	1.92162	1.39913	0.31695100000000004	
0	0.0822206	0.989542	-0.118519	0.0	0.119591	0.10826600000000002	0.9869030000000001	0.0	0.9894129999999999	-0.0953177	-0.10943900000000001	0.0	-2.64206	1.6145200000000002	1.5492	0.26689	-0.119397	0.992842	-0.00312603	0.0	0.0787843	0.00633568	-0.996872	0.0	-0.989716	-0.11927	-0.0789768	0.0	2.7159	1.91675	1.40186	0.31909899999999997	
0	0.0695262	0.98741	-0.142085	0.0	0.146485	0.13078	0.9805299999999999	0.0	0.9867670000000001	-0.08898589999999999	-0.135548	0.0	-2.68687	1.7389	1.54281	0.265633	-0.11625899999999999	0.9931549999999999	-0.011310200000000001	0.0	0.08002360000000001	-0.0019843	-0.996791	0.0	-0.9899899999999999	-0.116791	-0.07924529999999999	0.0	2.71719	1.94301	1.41878	0.32000700000000004	
0	0.0619112	0.987324	-0.146143	0.0	0.172955	0.133596	0.975827	0.0	0.982982	-0.0856906	-0.162491	0.0	-2.7492799999999997	1.9188900000000002	1.57247	0.260828	-0.10544300000000001	0.9941610000000001	-0.0229046	0.0	0.0749306	-0.0150244	-0.9970760000000001	0.0	-0.991598	-0.106851	-0.072909	0.0	2.71382	1.99652	1.45042	0.32091	
0	0.0711071	0.986759	-0.145779	0.0	0.187335	0.13033699999999998	0.973611	0.0	0.979719	-0.09654019999999999	-0.175586	0.0	-2.80483	1.9766099999999998	1.60808	0.23446999999999998	-0.09736260000000001	0.994956	-0.024158000000000002	0.0	0.0650702	-0.0178577	-0.9977209999999999	0.0	-0.9931200000000001	-0.09871260000000001	-0.0630032	0.0	2.69703	2.0093900000000002	1.48676	0.320939	
0	0.0580576	0.9881639999999999	-0.141992	0.0	0.175593	0.129906	0.9758540000000001	0.0	0.98275	-0.0815885	-0.165973	0.0	-2.8124700000000002	1.9671900000000002	1.6319299999999999	0.230723	-0.0949495	0.9951120000000001	-0.0271416	0.0	0.0601186	-0.021483099999999998	-0.9979600000000001	0.0	-0.9936649999999999	-0.09638739999999998	-0.0577851	0.0	2.68007	2.01697	1.5136100000000001	0.321811	
0	0.04415669999999999	0.9897040000000001	-0.136152	0.0	0.163269	0.127303	0.978334	0.0	0.985593	-0.0654294	-0.155967	0.0	-2.77501	1.9394099999999999	1.65283	0.23209200000000002	-0.0980277	0.9948670000000001	-0.0250954	0.0	0.0586677	-0.0193959	-0.9980889999999999	0.0	-0.993453	-0.09931260000000001	-0.0564653	0.0	2.6770400000000003	2.0329599999999997	1.52536	0.321857	
0	0.0407289	0.990527	-0.131139	0.0	0.154594	0.12342	0.980239	0.0	0.987138	-0.060197400000000005	-0.14810299999999998	0.0	-2.74348	1.88168	1.6668	0.23477199999999998	-0.10370399999999999	0.994318	-0.0240253	0.0	0.054828999999999996	-0.0184039	-0.998326	0.0	-0.9930959999999999	-0.10484700000000001	-0.0526092	0.0	2.67475	2.04122	1.53562	0.321693	
0	0.040411800000000005	0.990541	-0.131131	0.0	0.154187	0.123485	0.980295	0.0	0.987215	-0.0598342	-0.147738	0.0	-2.74336	1.8813099999999998	1.6662400000000002	0.234711	-0.10394400000000001	0.9942979999999999	-0.023809200000000003	0.0	0.0545622	-0.0182022	-0.998344	0.0	-0.993085	-0.105071	-0.0523591	0.0	2.67424	2.04068	1.53701	0.32168800000000003	
0	0.04038819999999999	0.990542	-0.13113	0.0	0.15417999999999998	0.12348800000000001	0.980296	0.0	0.987217	-0.0598101	-0.147734	0.0	-2.74343	1.8814400000000002	1.66622	0.234709	-0.10396099999999998	0.994297	-0.023797299999999997	0.0	0.054554599999999995	-0.018190099999999997	-0.998345	0.0	-0.993084	-0.10508699999999999	-0.0523524	0.0	2.67425	2.04068	1.5369700000000002	0.321687	
0	0.0403878	0.990542	-0.131131	0.0	0.15417999999999998	0.12348800000000001	0.980295	0.0	0.987217	-0.0598097	-0.14773499999999998	0.0	-2.74343	1.8814400000000002	1.66622	0.234709	-0.10396099999999998	0.994297	-0.023797	0.0	0.054554399999999996	-0.0181898	-0.998345	0.0	-0.993084	-0.10508699999999999	-0.0523521	0.0	2.67425	2.04068	1.5369700000000002	0.321687	
0	0.0403877	0.990542	-0.131131	0.0	0.15417999999999998	0.12348800000000001	0.980296	0.0	0.987217	-0.0598097	-0.14773499999999998	0.0	-2.74343	1.8814400000000002	1.6662099999999997	0.234709	-0.10396099999999998	0.994297	-0.023797099999999998	0.0	0.054554399999999996	-0.01819	-0.998345	0.0	-0.993084	-0.10508699999999999	-0.052352300000000004	0.0	2.67425	2.04068	1.5369700000000002	0.32168800000000003	
0	0.0403877	0.990542	-0.131131	0.0	0.15417999999999998	0.12348800000000001	0.980296	0.0	0.987217	-0.0598097	-0.14773499999999998	0.0	-2.74343	1.8814400000000002	1.66622	0.234709	-0.10396099999999998	0.994297	-0.023797099999999998	0.0	0.0545543	-0.018190099999999997	-0.998345	0.0	-0.993084	-0.10508699999999999	-0.052352300000000004	0.0	2.67425	2.04068	1.5369700000000002	0.321687	
0	0.0403877	0.990542	-0.131131	0.0	0.15417999999999998	0.12348800000000001	0.980296	0.0	0.987217	-0.0598097	-0.14773499999999998	0.0	-2.74343	1.8814400000000002	1.6662099999999997	0.234709	-0.10396099999999998	0.994297	-0.023797	0.0	0.0545543	-0.01819	-0.998345	0.0	-0.993084	-0.10508699999999999	-0.052352199999999995	0.0	2.67425	2.04068	1.5369700000000002	0.32168800000000003	
0	0.0403877	0.990542	-0.131131	0.0	0.15417999999999998	0.12348800000000001	0.980295	0.0	0.987217	-0.0598097	-0.14773499999999998	0.0	-2.74343	1.8814400000000002	1.66622	0.234709	-0.10396099999999998	0.994297	-0.023797	0.0	0.054554399999999996	-0.0181899	-0.998345	0.0	-0.993084	-0.10508699999999999	-0.052352199999999995	0.0	2.67425	2.04068	1.5369700000000002	0.321687	
0	0.0403877	0.990542	-0.131131	0.0	0.15417999999999998	0.12348800000000001	0.980296	0.0	0.987217	-0.0598097	-0.14773499999999998	0.0	-2.74343	1.8814400000000002	1.6662099999999997	0.234709	-0.10396099999999998	0.994297	-0.0237972	0.0	0.054554399999999996	-0.018190099999999997	-0.998345	0.0	-0.993084	-0.10508699999999999	-0.052352300000000004	0.0	2.67425	2.04068	1.5369700000000002	0.32168800000000003	
0	0.0403877	0.990542	-0.131131	0.0	0.15417999999999998	0.12348800000000001	0.980296	0.0	0.987217	-0.0598097	-0.14773499999999998	0.0	-2.74343	1.8814400000000002	1.6662099999999997	0.234709	-0.10396099999999998	0.994297	-0.023797099999999998	0.0	0.0545543	-0.018190099999999997	-0.998345	0.0	-0.993084	-0.10508699999999999	-0.052352300000000004	0.0	2.67425	2.04068	1.5369700000000002	0.321687	
0	0.0403878	0.990542	-0.131131	0.0	0.15417999999999998	0.12348800000000001	0.980295	0.0	0.987217	-0.0598097	-0.14773499999999998	0.0	-2.74343	1.8814400000000002	1.66622	0.23471	-0.10396099999999998	0.994297	-0.023797099999999998	0.0	0.0545543	-0.018190099999999997	-0.998345	0.0	-0.993084	-0.10508699999999999	-0.052352300000000004	0.0	2.67425	2.04068	1.5369700000000002	0.321687	
0	0.0403878	0.990542	-0.131131	0.0	0.15417999999999998	0.12348800000000001	0.980295	0.0	0.987217	-0.0598097	-0.14773499999999998	0.0	-2.74343	1.8814400000000002	1.66622	0.234709	-0.10396099999999998	0.994297	-0.023797099999999998	0.0	0.054554399999999996	-0.01819	-0.998345	0.0	-0.993084	-0.10508699999999999	-0.052352300000000004	0.0	2.67425	2.04068	1.5369700000000002	0.32168800000000003	
0	0.0403878	0.990542	-0.131131	0.0	0.15417999999999998	0.12348800000000001	0.980296	0.0	0.987217	-0.05980980000000001	-0.14773499999999998	0.0	-2.74343	1.8814400000000002	1.66622	0.234709	-0.10396099999999998	0.994297	-0.023797	0.0	0.0545545	-0.01819	-0.998345	0.0	-0.993084	-0.10508699999999999	-0.052352499999999996	0.0	2.67425	2.04068	1.5369700000000002	0.321687	
0	0.0403877	0.990542	-0.131131	0.0	0.15417999999999998	0.12348800000000001	0.980296	0.0	0.987217	-0.0598097	-0.14773499999999998	0.0	-2.74343	1.8814400000000002	1.6662099999999997	0.234709	-0.10396099999999998	0.994297	-0.023797099999999998	0.0	0.054554599999999995	-0.01819	-0.998345	0.0	-0.993084	-0.10508699999999999	-0.052352499999999996	0.0	2.67425	2.04068	1.5369700000000002	0.32168800000000003	
0	0.0403877	0.990542	-0.131131	0.0	0.15417999999999998	0.12348800000000001	0.980296	0.0	0.987217	-0.0598097	-0.14773499999999998	0.0	-2.74343	1.8814400000000002	1.66622	0.234709	-0.10396099999999998	0.994297	-0.023797099999999998	0.0	0.0545543	-0.01819	-0.998345	0.0	-0.993084	-0.10508699999999999	-0.052352199999999995	0.0	2.67425	2.04068	1.5369700000000002	0.321687	
0	0.0403877	0.990542	-0.131131	0.0	0.15417999999999998	0.12348800000000001	0.980296	0.0	0.987217	-0.0598097	-0.14773499999999998	0.0	-2.74343	1.8814400000000002	1.66622	0.234709	-0.10396099999999998	0.994297	-0.023797099999999998	0.0	0.0545543	-0.018190099999999997	-0.998345	0.0	-0.993084	-0.10508699999999999	-0.052352300000000004	0.0	2.67425	2.04068	1.5369700000000002	0.32168800000000003	
0	0.0403877	0.990542	-0.131131	0.0	0.15417999999999998	0.12348800000000001	0.980296	0.0	0.987217	-0.0598097	-0.14773499999999998	0.0	-2.74343	1.8814400000000002	1.66622	0.234709	-0.10396099999999998	0.994297	-0.023797099999999998	0.0	0.054554399999999996	-0.0181899	-0.998345	0.0	-0.993084	-0.10508699999999999	-0.0523521	0.0	2.67425	2.04068	1.5369700000000002	0.321687	
0	0.0403878	0.990542	-0.131131	0.0	0.15417999999999998	0.12348800000000001	0.980295	0.0	0.987217	-0.0598097	-0.14773499999999998	0.0	-2.74343	1.8814400000000002	1.66622	0.234709	-0.10396099999999998	0.994297	-0.023797099999999998	0.0	0.054554399999999996	-0.018190099999999997	-0.998345	0.0	-0.993084	-0.10508699999999999	-0.0523524	0.0	2.67425	2.04068	1.5369700000000002	0.321686	
0	0.0403878	0.990542	-0.131131	0.0	0.15417999999999998	0.12348800000000001	0.980295	0.0	0.987217	-0.0598097	-0.14773499999999998	0.0	-2.74343	1.8814400000000002	1.66622	0.234709	-0.10396099999999998	0.994297	-0.023797099999999998	0.0	0.0545543	-0.018190099999999997	-0.998345	0.0	-0.993084	-0.10508699999999999	-0.052352300000000004	0.0	2.67425	2.04068	1.5369700000000002	0.321687	
0	0.310845	0.942471	-0.122977	0.0	0.172705	0.0712255	0.982395	0.0	0.934638	-0.326612	-0.140629	0.0	-2.7400900000000004	1.82358	1.62153	0.24568800000000002	-0.20359000000000002	0.946628	-0.24989499999999998	0.0	0.056131600000000004	-0.243535	-0.968267	0.0	-0.9774459999999999	-0.211157	-0.00355452	0.0	2.64229	2.0454	1.59751	0.30898400000000004	
0	0.398251	0.9168129999999999	-0.029163400000000003	0.0	0.148954	-0.0332671	0.988284	0.0	0.905101	-0.39793	-0.149812	0.0	-2.7271799999999997	1.7825400000000002	1.62615	0.35496	-0.20831100000000002	0.949274	-0.235553	0.0	0.062216099999999996	-0.227487	-0.971792	0.0	-0.976082	-0.21709099999999998	-0.011672	0.0	2.63903	2.03058	1.59552	0.308508	
0	0.505704	0.861504	0.045542400000000004	0.0	0.10559600000000001	-0.11420599999999999	0.9878290000000001	0.0	0.8562200000000001	-0.49473999999999996	-0.148726	0.0	-2.6939599999999997	1.70852	1.65258	0.350222	-0.219187	0.948247	-0.229751	0.0	0.071264	-0.21928899999999998	-0.9730540000000001	0.0	-0.9730770000000001	-0.229654	-0.019510800000000002	0.0	2.6752599999999997	2.00346	1.5897299999999999	0.30897600000000003	
0	0.615444	0.780763	0.107874	0.0	0.033918199999999996	-0.162974	0.9860469999999999	0.0	0.78745	-0.6031979999999999	-0.12678299999999998	0.0	-2.6749400000000003	1.54631	1.6559099999999998	0.34932199999999997	-0.225544	0.9486889999999999	-0.22163000000000002	0.0	0.0758924	-0.20969200000000002	-0.9748180000000001	0.0	-0.9712729999999999	-0.236684	-0.024703599999999996	0.0	2.70758	1.9850900000000002	1.58623	0.308844	
0	0.652334	0.747794	0.123551	0.0	0.00867343	-0.17036600000000002	0.9853430000000001	0.0	0.757882	-0.6417010000000001	-0.117621	0.0	-2.6642	1.39143	1.61982	0.349373	-0.224043	0.9490649999999999	-0.22154000000000001	0.0	0.0755065	-0.20973200000000003	-0.9748389999999999	0.0	-0.97165	-0.235134	-0.0246716	0.0	2.71177	1.96163	1.5743200000000002	0.30876	
0	0.680251	0.722032	0.12621	0.0	-0.00820279	-0.164678	0.9863129999999999	0.0	0.732934	-0.671975	-0.1061	0.0	-2.61501	1.27215	1.5746799999999999	0.349551	-0.222019	0.948293	-0.22682399999999997	0.0	0.074754	-0.215391	-0.973663	0.0	-0.972173	-0.23312800000000003	-0.023068099999999998	0.0	2.71579	1.97082	1.58217	0.30879	
0	0.711625	0.69265	0.11757999999999999	0.0	-0.0342038	-0.13300499999999998	0.990525	0.0	0.7017260000000001	-0.708904	-0.0709586	0.0	-2.55688	1.1008	1.51516	0.348597	-0.220727	0.947624	-0.230844	0.0	0.07295030000000001	-0.219979	-0.972773	0.0	-0.9726040000000001	-0.23155799999999999	-0.0205742	0.0	2.7160900000000003	1.9697	1.59186	0.308527	
0	0.7325010000000001	0.670277	0.11904300000000001	0.0	-0.0601092	-0.110503	0.9920559999999999	0.0	0.678107	-0.733838	-0.0406536	0.0	-2.49607	0.8997299999999999	1.4012200000000001	0.347744	-0.219681	0.947493	-0.23237399999999997	0.0	0.0719954	-0.221798	-0.9724309999999999	0.0	-0.9729120000000001	-0.230354	-0.0194904	0.0	2.71645	1.97045	1.6096	0.308224	
0	0.750799	0.651514	0.10877	0.0	-0.08592360000000002	-0.066939	0.99405	0.0	0.654918	-0.755678	0.00572263	0.0	-2.40185	0.6441100000000001	1.19689	0.346167	-0.21884699999999999	0.9472149999999999	-0.23428800000000002	0.0	0.0716068	-0.22387100000000001	-0.971985	0.0	-0.9731280000000001	-0.229492	-0.018833700000000002	0.0	2.71077	1.9749299999999999	1.62714	0.308114	
0	0.7554649999999999	0.649015	0.0897357	0.0	-0.0855953	-0.0380224	0.995604	0.0	0.649574	-0.759825	0.0268281	0.0	-2.33301	0.39914499999999997	1.0082799999999998	0.34576	-0.21965500000000002	0.9470059999999999	-0.23437399999999997	0.0	0.07079810000000002	-0.22413400000000003	-0.971983	0.0	-0.9730049999999999	-0.230094	-0.0178142	0.0	2.70455	1.96777	1.6322299999999998	0.30801799999999996	
0	0.760562	0.645687	0.0680671	0.0	-0.0891406	1.2517e-06	0.9960190000000001	0.0	0.643117	-0.763602	0.05755790000000001	0.0	-2.28249	0.146592	0.7999390000000001	0.344812	-0.220371	0.947567	-0.231415	0.0	0.07091449999999999	-0.221056	-0.9726799999999999	0.0	-0.972835	-0.23076100000000002	-0.018482	0.0	2.70229	1.9573099999999999	1.6306200000000002	0.307923	
0	0.776246	0.628111	0.0540207	0.0	-0.0936774	0.030182900000000002	0.9951450000000001	0.0	0.6234310000000001	-0.7775380000000001	0.0822692	0.0	-2.21995	-0.153058	0.553837	0.34457600000000005	-0.21988000000000002	0.9484819999999999	-0.228113	0.0	0.0672076	-0.218552	-0.973508	0.0	-0.973209	-0.229386	-0.0156902	0.0	2.69895	1.94815	1.6281299999999999	0.307717	
0	0.78704	0.615762	0.037489499999999995	0.0	-0.0910387	0.05582669999999999	0.994281	0.0	0.610147	-0.785953	0.099996	0.0	-2.20991	-0.409901	0.31821900000000003	0.343922	-0.21925300000000003	0.948342	-0.22929499999999997	0.0	0.06551950000000001	-0.220171	-0.973258	0.0	-0.9734659999999999	-0.228413	-0.013861700000000001	0.0	2.6914	1.9440099999999998	1.62865	0.30791799999999997	
0	0.799875	0.600033	0.012667399999999999	0.0	-0.0754696	0.0796209	0.993964	0.0	0.595403	-0.796003	0.108971	0.0	-2.21663	-0.655223	0.0831107	0.343526	-0.218633	0.9479479999999999	-0.23150500000000002	0.0	0.0645803	-0.222669	-0.9727530000000001	0.0	-0.973668	-0.227627	-0.012536	0.0	2.68977	1.94852	1.63545	0.306859	
0	0.81809	0.574869	-0.0159402	0.0	-0.046948500000000004	0.0943859	0.9944280000000001	0.0	0.57317	-0.8127840000000001	0.10420499999999999	0.0	-2.31162	-0.9142819999999999	-0.166908	0.342096	-0.215302	0.949168	-0.22962	0.0	0.05992240000000001	-0.22185100000000002	-0.9732379999999999	0.0	-0.974707	-0.22329899999999997	-0.00911152	0.0	2.69061	1.95155	1.6639400000000002	0.305062	
0	0.832839	0.550791	-0.054849	0.0	-0.007047800000000001	0.10963599999999998	0.9939469999999999	0.0	0.55347	-0.827411	0.0951914	0.0	-2.44825	-1.15505	-0.369769	0.341262	-0.2135	0.949942	-0.228096	0.0	0.0528587	-0.22190500000000002	-0.973634	0.0	-0.975512	-0.219928	-0.00283605	0.0	2.66926	1.9520099999999998	1.67097	0.304749	
0	0.841461	0.536511	-0.0640289	0.0	0.00682813	0.10793399999999999	0.994135	0.0	0.540275	-0.8369629999999999	0.0871587	0.0	-2.55335	-1.2617399999999999	-0.469768	0.341053	-0.213267	0.949941	-0.22832	0.0	0.0511606	-0.22251700000000002	-0.973585	0.0	-0.9756540000000001	-0.21931399999999998	-0.00114396	0.0	2.6615900000000003	1.95285	1.67082	0.30455	
0	0.841462	0.532385	-0.0922338	0.0	0.0390517	0.110332	0.9931270000000001	0.0	0.538903	-0.8392809999999999	0.0720501	0.0	-2.79545	-1.46813	-0.643786	0.33711399999999997	-0.21390399999999998	0.950559	-0.22513000000000002	0.0	0.0469601	-0.220191	-0.974326	0.0	-0.975725	-0.218984	0.00246114	0.0	2.6507	1.95298	1.68442	0.303412	
0	0.812954	0.563995	-0.144967	0.0	0.0862389	0.129597	0.9878100000000001	0.0	0.575907	-0.815546	0.0567177	0.0	-2.97818	-1.61104	-0.71824	0.337054	-0.21363600000000002	0.9514469999999999	-0.221604	0.0	0.0438167	-0.21728000000000003	-0.975125	0.0	-0.97593	-0.218032	0.00472966	0.0	2.63972	1.9407299999999998	1.68903	0.302749	
0	0.789201	0.588066	-0.17703	0.0	0.11016500000000001	0.148025	0.9828290000000001	0.0	0.604173	-0.7951520000000001	0.0520375	0.0	-3.03235	-1.6423900000000002	-0.733422	0.335393	-0.214523	0.951426	-0.22083699999999998	0.0	0.041438699999999995	-0.217032	-0.9752850000000001	0.0	-0.9758389999999999	-0.21837199999999998	0.00713235	0.0	2.6306	1.93365	1.6986400000000001	0.302734	
0	0.790716	0.581386	-0.191725	0.0	0.11803399999999999	0.162519	0.97962	0.0	0.600696	-0.7972319999999999	0.0598827	0.0	-3.04498	-1.63751	-0.736641	0.33470900000000003	-0.217098	0.951059	-0.219898	0.0	0.038641800000000004	-0.216721	-0.975469	0.0	-0.9753850000000001	-0.220269	0.0102988	0.0	2.6282900000000002	1.93058	1.71535	0.30280999999999997	
0	0.780101	0.587079	-0.216286	0.0	0.132518	0.182809	0.974176	0.0	0.611458	-0.788618	0.0648107	0.0	-3.0439	-1.6109	-0.708569	0.3344	-0.218217	0.9506879999999999	-0.220392	0.0	0.0388669	-0.217189	-0.975356	0.0	-0.975126	-0.221406	0.010444	0.0	2.6286099999999997	1.93195	1.72	0.302691	
0	0.749525	0.617479	-0.238603	0.0	0.145707	0.197713	0.9693700000000001	0.0	0.645741	-0.7613340000000001	0.0582197	0.0	-3.02821	-1.48771	-0.65465	0.334455	-0.219454	0.950199	-0.221275	0.0	0.038997000000000004	-0.218079	-0.975152	0.0	-0.974844	-0.222629	0.010803100000000001	0.0	2.62869	1.9284700000000001	1.72521	0.302694	
0	0.721642	0.640684	-0.262214	0.0	0.16713699999999998	0.20632399999999998	0.9641040000000001	0.0	0.671787	-0.739564	0.0418101	0.0	-2.9729099999999997	-1.3123799999999999	-0.604036	0.334539	-0.219729	0.950235	-0.220847	0.0	0.0389344	-0.217658	-0.975248	0.0	-0.974784	-0.222888	0.0108286	0.0	2.63177	1.9193200000000001	1.72363	0.302697	
0	0.698313	0.661528	-0.273387	0.0	0.183059	0.20418499999999998	0.961664	0.0	0.6919890000000001	-0.721588	0.0214867	0.0	-2.92103	-1.07374	-0.5666479999999999	0.335024	-0.21973	0.9507709999999999	-0.21852399999999997	0.0	0.03838780000000001	-0.215398	-0.975772	0.0	-0.9748049999999999	-0.222795	0.010831200000000001	0.0	2.6299200000000003	1.91403	1.72405	0.302675	
0	0.686182	0.66993	-0.283459	0.0	0.190566	0.210511	0.958838	0.0	0.702025	-0.711954	0.0167831	0.0	-2.89027	-0.935164	-0.49630100000000005	0.335007	-0.220536	0.950881	-0.21723	0.0	0.0384592	-0.214063	-0.9760629999999999	0.0	-0.97462	-0.223611	0.0106384	0.0	2.62775	1.89505	1.7207299999999999	0.302798	
0	0.6841520000000001	0.669868	-0.28846700000000003	0.0	0.194077	0.21405	0.957349	0.0	0.703044	-0.710957	0.016437200000000003	0.0	-2.88521	-0.8751459999999999	-0.49373999999999996	0.335008	-0.220757	0.951053	-0.21625100000000003	0.0	0.038400300000000005	-0.21307399999999999	-0.976281	0.0	-0.9745729999999999	-0.223825	0.0105168	0.0	2.62532	1.8819599999999999	1.7168	0.30280799999999997	
0	0.68197	0.6705439999999999	-0.29204	0.0	0.199267	0.213844	0.9563280000000001	0.0	0.703711	-0.710381	0.0122175	0.0	-2.8758	-0.8259049999999999	-0.47326899999999994	0.33509	-0.220705	0.9511780000000001	-0.21575500000000003	0.0	0.0386156	-0.212515	-0.9763950000000001	0.0	-0.974576	-0.22382600000000002	0.0101728	0.0	2.62397	1.87645	1.7158900000000001	0.30299299999999996	
0	0.681972	0.670543	-0.292036	0.0	0.19926300000000002	0.21384299999999998	0.9563290000000001	0.0	0.7037100000000001	-0.710382	0.0122206	0.0	-2.87582	-0.826	-0.473315	0.33508899999999997	-0.220705	0.9511780000000001	-0.215756	0.0	0.0386158	-0.21251599999999998	-0.9763940000000001	0.0	-0.974576	-0.223827	0.0101728	0.0	2.62397	1.87645	1.7158900000000001	0.30299299999999996	
0	0.6819729999999999	0.670543	-0.292036	0.0	0.19926300000000002	0.21384299999999998	0.9563290000000001	0.0	0.7037100000000001	-0.710382	0.0122206	0.0	-2.87582	-0.826	-0.473315	0.33508899999999997	-0.220705	0.951177	-0.215756	0.0	0.0386156	-0.21251599999999998	-0.9763940000000001	0.0	-0.974576	-0.223827	0.010173100000000001	0.0	2.62397	1.87645	1.7158900000000001	0.30299299999999996	
0	0.681972	0.670543	-0.292036	0.0	0.19926300000000002	0.21384299999999998	0.9563290000000001	0.0	0.7037100000000001	-0.710382	0.0122206	0.0	-2.87582	-0.826	-0.473315	0.33508899999999997	-0.220705	0.9511780000000001	-0.215756	0.0	0.0386156	-0.21251599999999998	-0.9763940000000001	0.0	-0.974576	-0.22382600000000002	0.0101729	0.0	2.62397	1.87645	1.7158900000000001	0.30299299999999996	
0	0.681972	0.670543	-0.292036	0.0	0.19926300000000002	0.21384299999999998	0.9563290000000001	0.0	0.7037100000000001	-0.710382	0.0122206	0.0	-2.87582	-0.826	-0.473315	0.33508899999999997	-0.220705	0.9511780000000001	-0.215756	0.0	0.0386154	-0.21251599999999998	-0.9763940000000001	0.0	-0.974576	-0.22382600000000002	0.010173200000000002	0.0	2.62397	1.87645	1.7158900000000001	0.30299299999999996	
0	0.6819729999999999	0.670543	-0.292036	0.0	0.19926300000000002	0.21384299999999998	0.9563290000000001	0.0	0.7037100000000001	-0.710382	0.0122206	0.0	-2.87582	-0.826	-0.473315	0.33508899999999997	-0.220705	0.9511780000000001	-0.215756	0.0	0.0386156	-0.21251599999999998	-0.9763940000000001	0.0	-0.974576	-0.223827	0.0101729	0.0	2.62397	1.87645	1.7158900000000001	0.30299299999999996	
0	0.6819729999999999	0.670543	-0.292036	0.0	0.19926300000000002	0.21384299999999998	0.9563290000000001	0.0	0.7037100000000001	-0.710382	0.012220700000000001	0.0	-2.87582	-0.826	-0.473315	0.33508899999999997	-0.220705	0.951177	-0.215756	0.0	0.0386156	-0.21251599999999998	-0.9763940000000001	0.0	-0.974576	-0.223827	0.010173100000000001	0.0	2.62397	1.87645	1.7158900000000001	0.30299299999999996	
0	0.681972	0.670543	-0.292036	0.0	0.19926300000000002	0.21384299999999998	0.9563290000000001	0.0	0.7037100000000001	-0.710382	0.0122206	0.0	-2.87582	-0.826	-0.473315	0.33508899999999997	-0.220705	0.9511780000000001	-0.215756	0.0	0.038615699999999996	-0.21251599999999998	-0.9763940000000001	0.0	-0.974576	-0.223827	0.0101729	0.0	2.62397	1.87645	1.7158900000000001	0.30299299999999996	
0	0.681972	0.670543	-0.292036	0.0	0.19926300000000002	0.21384299999999998	0.9563290000000001	0.0	0.7037100000000001	-0.710382	0.0122206	0.0	-2.87582	-0.826	-0.473315	0.33508899999999997	-0.220705	0.951177	-0.215756	0.0	0.0386155	-0.21251599999999998	-0.9763940000000001	0.0	-0.974576	-0.223827	0.010173100000000001	0.0	2.62397	1.87645	1.7158900000000001	0.30299299999999996	
0	0.564405	0.751867	-0.340798	0.0	0.25349	0.235037	0.93835	0.0	0.785614	-0.6159979999999999	-0.05793480000000001	0.0	-2.87277	-0.839461	-0.509953	0.33424899999999996	-0.200716	0.955616	-0.21566300000000002	0.0	0.0296663	-0.214113	-0.976358	0.0	-0.9792	-0.202369	0.0146262	0.0	2.6108	1.8856099999999998	1.75975	0.298348	
0	0.358196	0.8559559999999999	-0.372874	0.0	0.31493899999999997	0.265194	0.9113100000000001	0.0	0.878925	-0.44386000000000003	-0.174583	0.0	-2.85818	-0.802091	-0.39871599999999996	0.33374299999999996	-0.194218	0.957356	-0.21389	0.0	0.027172500000000002	-0.21270799999999998	-0.9767379999999999	0.0	-0.980582	-0.195512	0.015297899999999998	0.0	2.61048	1.89795	1.77013	0.298448	
0	0.385621	0.860964	-0.331721	0.0	0.298164	0.223953	0.9278700000000001	0.0	0.873152	-0.45671300000000004	-0.170348	0.0	-2.7926599999999997	-0.790896	-0.212299	0.290528	-0.193449	0.9586540000000001	-0.20871199999999998	0.0	0.027819099999999996	-0.207285	-0.977885	0.0	-0.980716	-0.194977	0.013430000000000001	0.0	2.6142	1.90295	1.7686400000000002	0.29799899999999996	
0	0.424224	0.845951	-0.32311	0.0	0.263791	0.22589	0.937757	0.0	0.866284	-0.48305299999999995	-0.127326	0.0	-2.74578	-0.834743	-0.15168199999999998	0.00678864	-0.192575	0.9590920000000001	-0.20750300000000002	0.0	0.027533699999999998	-0.206096	-0.978144	0.0	-0.9808959999999999	-0.19408	0.013281600000000001	0.0	2.61377	1.89973	1.7670700000000001	0.297782	
0	0.48540200000000006	0.8373940000000001	-0.251309	0.0	0.229825	0.155122	0.9607899999999999	0.0	0.843543	-0.524127	-0.117158	0.0	-2.82612	-0.8633879999999999	-0.0745332	0.0	-0.190228	0.960097	-0.205006	0.0	0.026644	-0.20369400000000001	-0.978672	0.0	-0.9813780000000001	-0.191633	0.0131672	0.0	2.61291	1.8986299999999998	1.7650599999999999	0.29759	
0	0.482628	0.843134	-0.237056	0.0	0.220978	0.144683	0.9644870000000001	0.0	0.84749	-0.517872	-0.11648599999999999	0.0	-2.81681	-0.8774129999999999	-0.08777589999999999	0.0	-0.189697	0.960093	-0.205515	0.0	0.0262039	-0.20429	-0.97856	0.0	-0.9814930000000001	-0.19101500000000002	0.013594799999999997	0.0	2.6137799999999998	1.90218	1.76337	0.297467	
0	0.533782	0.8354020000000001	-0.131076	0.0	0.185318	0.0356726	0.982031	0.0	0.825066	-0.548481	-0.135773	0.0	-2.80346	-0.9456629999999999	-0.204757	0.274476	-0.189154	0.9595889999999999	-0.20835	0.0	0.0250374	-0.207398	-0.977936	0.0	-0.9816280000000001	-0.190197	0.015204599999999999	0.0	2.61096	1.9062599999999998	1.76905	0.297557	
0	0.5325	0.83945	-0.10847799999999999	0.0	0.174007	0.0168549	0.9846	0.0	0.8283510000000001	-0.543176	-0.137095	0.0	-2.77007	-1.01167	-0.266459	0.32741	-0.188538	0.959551	-0.209085	0.0	0.0241486	-0.20830900000000002	-0.977765	0.0	-0.981769	-0.189395	0.0161022	0.0	2.61193	1.90842	1.77093	0.29746500000000003	
0	0.590481	0.8027489999999999	-0.083231	0.0	0.1311	0.00635163	0.9913489999999999	0.0	0.796333	-0.596284	-0.10149	0.0	-2.71433	-1.2413399999999999	-0.433278	0.346564	-0.186337	0.960464	-0.206853	0.0	0.021532	-0.20649800000000001	-0.97821	0.0	-0.98225	-0.18673	0.0177973	0.0	2.61327	1.9143299999999999	1.77882	0.297457	
0	0.629132	0.7740739999999999	-0.07072919999999999	0.0	0.0913185	0.0167585	0.9956809999999999	0.0	0.7719159999999999	-0.6328739999999999	-0.06014389999999999	0.0	-2.6956599999999997	-1.45535	-0.589685	0.347362	-0.185185	0.96095	-0.20562600000000003	0.0	0.0188777	-0.205727	-0.978427	0.0	-0.9825219999999999	-0.18507200000000001	0.0199572	0.0	2.6116599999999996	1.91242	1.7892599999999999	0.297584	
0	0.6770970000000001	0.731591	-0.07946660000000001	0.0	0.061698199999999995	0.0511698	0.996782	0.0	0.7333029999999999	-0.679821	-0.0104909	0.0	-2.6949	-1.69599	-0.7390770000000001	0.347603	-0.185415	0.961239	-0.204062	0.0	0.0171978	-0.204456	-0.978725	0.0	-0.98251	-0.184979	0.021378	0.0	2.60846	1.91097	1.79583	0.297588	
0	0.7185	0.691045	-0.0788377	0.0	0.049473	0.06228480000000001	0.9968319999999999	0.0	0.693766	-0.720123	0.0105635	0.0	-2.70005	-1.8908200000000002	-0.852931	0.347936	-0.185698	0.961733	-0.20146	0.0	0.0149233	-0.202242	-0.9792219999999999	0.0	-0.9824940000000001	-0.184846	0.0232035	0.0	2.60737	1.9066	1.7967099999999998	0.297693	
0	0.783395	0.6147699999999999	-0.09137680000000001	0.0	0.0382765	0.0990204	0.9943489999999999	0.0	0.620344	-0.782466	0.054040899999999996	0.0	-2.7206099999999998	-2.3168599999999997	-1.10875	0.348124	-0.184851	0.9624159999999999	-0.198962	0.0	0.012385700000000001	-0.200154	-0.9796860000000001	0.0	-0.9826879999999999	-0.18356	0.0250784	0.0	2.60947	1.91345	1.8072	0.297835	
0	0.819583	0.563683	-0.10268699999999999	0.0	0.0388319	0.124162	0.991502	0.0	0.571643	-0.816606	0.07987230000000001	0.0	-2.75768	-2.69104	-1.32152	0.347519	-0.184738	0.9625100000000001	-0.19861199999999998	0.0	0.011047	-0.200044	-0.979725	0.0	-0.982726	-0.183187	0.026323000000000003	0.0	2.60982	1.9152200000000001	1.8177599999999998	0.298059	
0	0.8309040000000001	0.545991	-0.107207	0.0	0.0426373	0.12963	0.9906450000000001	0.0	0.55478	-0.827702	0.0844303	0.0	-2.80188	-2.83723	-1.44852	0.347008	-0.18490299999999998	0.962564	-0.198198	0.0	0.011006700000000001	-0.19963399999999998	-0.979809	0.0	-0.9826950000000001	-0.183351	0.026318	0.0	2.60967	1.91419	1.8245	0.297962	
0	0.850794	0.508426	-0.13286199999999998	0.0	0.0596347	0.15778499999999998	0.985671	0.0	0.522105	-0.846526	0.103922	0.0	-2.89562	-3.14452	-1.64455	0.34633600000000003	-0.185143	0.962672	-0.197446	0.0	0.00979024	-0.199103	-0.97993	0.0	-0.982663	-0.18336	0.027437700000000002	0.0	2.6107299999999998	1.91376	1.83283	0.297953	
0	0.855482	0.49756300000000003	-0.14346199999999998	0.0	0.06461080000000001	0.172316	0.9829200000000001	0.0	0.513785	-0.85014	0.115265	0.0	-2.92855	-3.2755799999999997	-1.6988400000000001	0.34673899999999996	-0.184962	0.963023	-0.19589600000000001	0.0	0.010506	-0.19738599999999998	-0.9802700000000001	0.0	-0.98269	-0.183371	0.026391200000000004	0.0	2.60938	1.91231	1.8313099999999998	0.298162	
0	0.865577	0.478785	-0.146772	0.0	0.07502589999999999	0.165796	0.983302	0.0	0.495125	-0.862135	0.10758800000000002	0.0	-2.9800400000000002	-3.38945	-1.73652	0.346456	-0.184988	0.963339	-0.19431099999999998	0.0	0.010301799999999998	-0.19581199999999999	-0.9805870000000001	0.0	-0.9826870000000001	-0.183399	0.0262988	0.0	2.6092299999999997	1.9100099999999998	1.83292	0.298129	
0	0.873592	0.460984	-0.15598299999999998	0.0	0.0856002	0.169968	0.981725	0.0	0.479072	-0.8709790000000001	0.109023	0.0	-3.03577	-3.4782800000000003	-1.77112	0.34460599999999997	-0.18545699999999998	0.9634889999999999	-0.193115	0.0	0.0101963	-0.194627	-0.980824	0.0	-0.982599	-0.18387	0.026271	0.0	2.609	1.91262	1.8343200000000002	0.29825	
0	0.876814	0.45053999999999994	-0.167964	0.0	0.0933215	0.183224	0.978632	0.0	0.47168699999999997	-0.8737520000000001	0.11860799999999999	0.0	-3.07596	-3.5698800000000004	-1.7695	0.346029	-0.186698	0.963758	-0.19056099999999998	0.0	0.00996473	-0.192104	-0.981324	0.0	-0.982367	-0.18511	0.0262618	0.0	2.6081	1.9092200000000001	1.8282900000000002	0.29833000000000004	
0	0.878501	0.445396	-0.172796	0.0	0.0964026	0.18898399999999999	0.9772370000000001	0.0	0.467913	-0.8751610000000001	0.12308499999999999	0.0	-3.0958900000000003	-3.6334	-1.75396	0.346275	-0.187252	0.963867	-0.18946400000000002	0.0	0.010630500000000001	-0.190876	-0.981557	0.0	-0.9822549999999999	-0.18581199999999998	0.0254956	0.0	2.60831	1.9056400000000002	1.81751	0.298256	
0	0.8785719999999999	0.444191	-0.175516	0.0	0.09905180000000001	0.190039	0.976767	0.0	0.467225	-0.8755459999999999	0.122965	0.0	-3.0981799999999997	-3.6507099999999997	-1.73639	0.34623200000000004	-0.187029	0.964083	-0.188584	0.0	0.0103869	-0.19002	-0.981725	0.0	-0.9823	-0.18557	0.025525299999999997	0.0	2.6067400000000003	1.9013	1.8153700000000002	0.298462	
0	0.881942	0.432188	-0.18813	0.0	0.108944	0.201416	0.9734290000000001	0.0	0.458596	-0.8790030000000001	0.130553	0.0	-3.09826	-3.6478099999999998	-1.74405	0.338192	-0.186583	0.964608	-0.186331	0.0	0.0100341	-0.187781	-0.98216	0.0	-0.9823879999999999	-0.185124	0.025357499999999998	0.0	2.6059200000000002	1.89878	1.8139299999999998	0.298546	
0	0.8853719999999999	0.41989	-0.199521	0.0	0.114044	0.219894	0.968835	0.0	0.45067799999999997	-0.880533	0.146802	0.0	-3.0956200000000003	-3.6397199999999996	-1.77866	0.31444099999999997	-0.187196	0.964996	-0.18368800000000002	0.0	0.00923756	-0.185256	-0.9826469999999999	0.0	-0.9822790000000001	-0.185644	0.0257649	0.0	2.60625	1.89625	1.81205	0.298892	
0	0.890581	0.382275	-0.246437	0.0	0.136899	0.291402	0.9467540000000001	0.0	0.43373199999999995	-0.876898	0.207184	0.0	-3.0853099999999998	-3.62126	-1.83171	0.146517	-0.18801099999999998	0.965305	-0.18121400000000001	0.0	0.00852841	-0.182893	-0.9830959999999999	0.0	-0.98213	-0.186378	0.026153199999999998	0.0	2.6032599999999997	1.88532	1.80977	0.298939	
0	0.890769	0.364284	-0.27171300000000004	0.0	0.161749	0.304601	0.9386459999999999	0.0	0.42469799999999996	-0.880065	0.212407	0.0	-3.0613900000000003	-3.6098199999999996	-1.78357	0.114981	-0.188096	0.965627	-0.1794	0.0	0.00913751	-0.18093199999999998	-0.983453	0.0	-0.982108	-0.186623	0.025209	0.0	2.60318	1.88273	1.8061200000000002	0.298865	
0	0.895026	0.34572800000000004	-0.28178000000000003	0.0	0.177058	0.304446	0.9359290000000001	0.0	0.409364	-0.887573	0.211273	0.0	-3.04506	-3.5902	-1.7696599999999998	0.115205	-0.188039	0.9660850000000001	-0.176976	0.0	0.00933707	-0.178424	-0.983909	0.0	-0.982117	-0.186666	0.0245303	0.0	2.5996099999999998	1.8701599999999998	1.79867	0.29880100000000004	
0	0.8941469999999999	0.338303	-0.29334699999999997	0.0	0.190917	0.304557	0.933164	0.0	0.405033	-0.8903909999999999	0.207731	0.0	-3.05212	-3.58165	-1.7064700000000002	0.115201	-0.18851500000000002	0.9664719999999999	-0.17434000000000002	0.0	0.00987446	-0.175649	-0.984403	0.0	-0.9820209999999999	-0.187296	0.023569	0.0	2.59861	1.86638	1.7946799999999998	0.298786	
0	0.8916629999999999	0.321895	-0.31831	0.0	0.21845599999999998	0.309897	0.925333	0.0	0.396503	-0.8946219999999999	0.206004	0.0	-3.0545	-3.56109	-1.6335	0.115276	-0.186291	0.9668549999999999	-0.174604	0.0	0.011444200000000002	-0.175567	-0.984401	0.0	-0.9824280000000001	-0.185383	0.0216416	0.0	2.60125	1.8766200000000002	1.7912099999999997	0.2988	
0	0.8869319999999999	0.312646	-0.340005	0.0	0.242628	0.311023	0.91891	0.0	0.393043	-0.8975059999999999	0.2	0.0	-3.08974	-3.5498300000000005	-1.55548	0.11530499999999999	-0.18270899999999998	0.9671200000000001	-0.17690899999999998	0.0	0.00837803	-0.1784	-0.983922	0.0	-0.983131	-0.181254	0.024492700000000003	0.0	2.58847	1.8828900000000002	1.79037	0.298703	
