0	0.314226	0.947206	-0.063747	0.0	0.43292600000000003	-0.08321160000000001	0.897581	0.0	0.8448889999999999	-0.309641	-0.436217	0.0	-2.73717	1.99003	1.34301	0.0	-0.178351	0.929998	-0.321394	0.0	0.26679400000000003	-0.26869	-0.925542	0.0	-0.9471069999999999	-0.250817	-0.200197	0.0	2.60448	2.04409	1.51081	0.0	
0	0.196358	0.9785370000000001	0.0625174	0.0	0.310598	-0.122548	0.942609	0.0	0.930039	-0.165671	-0.327995	0.0	-2.68427	1.59666	1.15697	0.09719939999999999	-0.241162	0.9506459999999999	-0.19522899999999999	0.0	0.220863	-0.142126	-0.964894	0.0	-0.945019	-0.275814	-0.17568699999999998	0.0	2.4110099999999997	2.00661	1.48292	0.110778	
0	0.24526199999999998	0.968332	0.046685000000000004	0.0	0.23115500000000003	-0.105179	0.9672149999999999	0.0	0.9414959999999999	-0.22643000000000002	-0.24963200000000002	0.0	-2.41037	1.36861	1.15543	0.05003080000000001	-0.3301	0.933999	-0.136674	0.0	0.171826	-0.08291699999999999	-0.981632	0.0	-0.928176	-0.347521	-0.133115	0.0	2.18843	1.76879	1.5665799999999999	0.246135	
0	0.143483	0.9893139999999999	0.025909500000000002	0.0	0.182178	-0.052136800000000004	0.981883	0.0	0.972741	-0.136163	-0.187712	0.0	-2.43341	1.35917	1.25321	0.0604836	-0.241484	0.9628459999999999	-0.12089100000000001	0.0	0.13375399999999998	-0.0903635	-0.986886	0.0	-0.9611430000000001	-0.254486	-0.106964	0.0	2.1836900000000004	1.84907	1.69976	0.00772911	
0	0.11884600000000001	0.992707	0.020207299999999997	0.0	0.200876	-0.0439695	0.9786299999999999	0.0	0.9723809999999999	-0.112247	-0.20463599999999998	0.0	-2.42	1.45157	1.3261399999999999	0.333929	-0.207254	0.9744879999999999	-0.0861317	0.0	0.126817	-0.06053819999999999	-0.9900770000000001	0.0	-0.970033	-0.21611999999999998	-0.111035	0.0	2.18244	1.9749	1.7961599999999998	0.351893	
0	0.142148	0.989603	0.021930099999999998	0.0	0.191105	-0.0491754	0.9803370000000001	0.0	0.9712219999999999	-0.13516199999999998	-0.196108	0.0	-2.37058	1.4540899999999999	1.4210200000000002	0.343009	-0.21175	0.9748450000000001	-0.0695586	0.0	0.118243	-0.0450959	-0.9919600000000001	0.0	-0.970145	-0.218273	-0.10571900000000001	0.0	2.1099099999999997	1.9617900000000001	1.83477	0.354034	
0	0.20759499999999997	0.9776969999999999	0.0318195	0.0	0.167927	-0.06766380000000001	0.983475	0.0	0.963693	-0.198821	-0.178229	0.0	-2.3511900000000003	1.39949	1.52051	0.340742	-0.22016799999999997	0.973158	-0.06700779999999999	0.0	0.115721	-0.0421511	-0.9923870000000001	0.0	-0.9685729999999999	-0.226246	-0.103334	0.0	2.0855799999999998	1.93166	1.85349	0.35629	
0	0.31901599999999997	0.9475790000000001	0.0180053	0.0	0.13761400000000001	-0.0651099	0.988344	0.0	0.9377049999999999	-0.31282	-0.151172	0.0	-2.35073	1.26363	1.5935700000000002	0.33969699999999997	-0.225266	0.9725239999999999	-0.0587538	0.0	0.11306400000000001	-0.0338026	-0.9930129999999999	0.0	-0.967715	-0.230334	-0.10234299999999999	0.0	2.07833	1.9129099999999999	1.8569200000000001	0.356191	
0	0.45472299999999993	0.8906270000000001	-0.00319698	0.0	0.110114	-0.0526576	0.9925229999999999	0.0	0.8838	-0.451675	-0.12201500000000001	0.0	-2.36326	0.952001	1.54145	0.340405	-0.24020500000000003	0.9694020000000001	-0.050606	0.0	0.11647	-0.022974599999999998	-0.9929290000000001	0.0	-0.9637100000000001	-0.2444	-0.10738699999999998	0.0	2.0739	1.8913799999999998	1.8566200000000002	0.35629299999999997	
0	0.542629	0.8388629999999999	-0.0431497	0.0	0.09861669999999999	-0.012608	0.9950459999999999	0.0	0.8341629999999999	-0.544196	-0.08956739999999999	0.0	-2.4219999999999997	0.6496460000000001	1.3887399999999999	0.341723	-0.24275300000000002	0.9689040000000001	-0.0479079	0.0	0.112908	-0.020830099999999997	-0.9933870000000001	0.0	-0.9634950000000001	-0.24655700000000003	-0.104341	0.0	2.06873	1.88412	1.86097	0.35657300000000003	
0	0.557804	0.828304	-0.0526006	0.0	0.0655529	0.019210400000000002	0.997664	0.0	0.8273799999999999	-0.559949	-0.0435821	0.0	-2.44918	0.49228299999999997	1.2399	0.341764	-0.25135799999999997	0.967133	-0.038379	0.0	0.110545	-0.0107072	-0.993814	0.0	-0.9615610000000001	-0.254046	-0.10422100000000001	0.0	2.05295	1.88231	1.87152	0.356668	
0	0.576254	0.813988	-0.073174	0.0	0.033377	0.0660203	0.99726	0.0	0.816589	-0.577117	0.0108759	0.0	-2.41547	0.378696	1.07849	0.343011	-0.275016	0.9612629999999999	-0.0184499	0.0	0.108955	0.0120943	-0.993973	0.0	-0.9552459999999999	-0.27536900000000003	-0.10806099999999999	0.0	2.0497799999999997	1.8808900000000002	1.87887	0.356664	
0	0.633884	0.770705	-0.0648437	0.0	0.00702286	0.0781003	0.996921	0.0	0.773396	-0.6323880000000001	0.044094	0.0	-2.36572	0.205353	0.811758	0.343534	-0.289312	0.9572139999999999	-0.00638425	0.0	0.10993399999999999	0.026599900000000003	-0.993583	0.0	-0.950901	-0.288157	-0.112925	0.0	2.06053	1.8742	1.88045	0.356607	
0	0.664485	0.744895	-0.0599229	0.0	-0.00592774	0.0854369	0.996326	0.0	0.747278	-0.6616890000000001	0.0611871	0.0	-2.35115	0.046307999999999995	0.578856	0.343262	-0.296066	0.955166	-0.00168937	0.0	0.11274100000000001	0.0331892	-0.9930700000000001	0.0	-0.948491	-0.294205	-0.117513	0.0	2.08609	1.8565	1.8802299999999998	0.356768	
0	0.7018220000000001	0.710403	-0.052663800000000004	0.0	-0.009446	0.08320369999999999	0.9964879999999999	0.0	0.71229	-0.698859	0.0651046	0.0	-2.3477099999999997	-0.155797	0.352973	0.339593	-0.29652	0.955026	0.000486284	0.0	0.113193	0.0356503	-0.992933	0.0	-0.9482950000000001	-0.29436999999999997	-0.118674	0.0	2.10707	1.8386	1.87953	0.356771	
0	0.732703	0.6776909999999999	-0.062296000000000004	0.0	-0.0131778	0.105649	0.994316	0.0	0.680421	-0.727718	0.0863396	0.0	-2.32151	-0.40560999999999997	0.190027	0.33369	-0.29440700000000003	0.95568	0.00061056	0.0	0.11300999999999999	0.035448099999999996	-0.9929610000000001	0.0	-0.948975	-0.29226599999999997	-0.11843800000000002	0.0	2.10935	1.83423	1.8764299999999998	0.35705	
0	0.766886	0.637934	-0.0701797	0.0	-0.00841179	0.119333	0.992819	0.0	0.641728	-0.760789	0.0968808	0.0	-2.36147	-0.695497	-0.00207934	0.328915	-0.293059	0.956094	-0.000458717	0.0	0.112907	0.034131199999999993	-0.9930190000000001	0.0	-0.9494040000000001	-0.291065	-0.117952	0.0	2.08029	1.8308900000000001	1.87632	0.357222	
0	0.787447	0.610908	-0.081968	0.0	0.000451535	0.132411	0.991195	0.0	0.616382	-0.780551	0.10399100000000001	0.0	-2.4060900000000003	-0.9872569999999999	-0.172455	0.32617399999999996	-0.29044200000000003	0.956892	-0.00109753	0.0	0.11015899999999999	0.032296899999999996	-0.993389	0.0	-0.9505309999999999	-0.288643	-0.114791	0.0	2.06358	1.8246200000000001	1.87884	0.357408	
0	0.799629	0.594296	-0.0860592	0.0	0.00353748	0.138649	0.9903350000000001	0.0	0.600484	-0.792205	0.108766	0.0	-2.46738	-1.19214	-0.32249	0.32512199999999997	-0.290495	0.9568770000000001	-0.00026440599999999996	0.0	0.109752	0.033044699999999996	-0.99341	0.0	-0.9505620000000001	-0.288609	-0.114619	0.0	2.0474799999999997	1.81417	1.88418	0.35749000000000003	
0	0.815329	0.572222	-0.0883251	0.0	0.00786123	0.141594	0.989894	0.0	0.5789449999999999	-0.807783	0.110947	0.0	-2.51326	-1.37709	-0.437504	0.324239	-0.292743	0.95619	0.000976712	0.0	0.111044	0.035011400000000005	-0.9931989999999999	0.0	-0.9497209999999999	-0.290644	-0.116428	0.0	2.0423299999999998	1.80601	1.8803599999999998	0.357665	
0	0.8315469999999999	0.548756	-0.0860008	0.0	0.014816	0.13286199999999998	0.991024	0.0	0.5552560000000001	-0.825358	0.102351	0.0	-2.56633	-1.55209	-0.552076	0.323903	-0.29285900000000004	0.9561559999999999	-0.000173062	0.0	0.11174500000000001	0.0340465	-0.9931540000000001	0.0	-0.9496030000000001	-0.29087399999999997	-0.116817	0.0	2.04034	1.79955	1.8822	0.357656	
0	0.83586	0.5415800000000001	-0.0896068	0.0	0.026781	0.12280899999999999	0.9920690000000001	0.0	0.548289	-0.83163	0.0881472	0.0	-2.6076099999999998	-1.70521	-0.6958	0.324096	-0.29179299999999997	0.9564799999999999	-0.00181869	0.0	0.108929	0.0313416	-0.993555	0.0	-0.950259	-0.29011	-0.11333399999999999	0.0	2.03878	1.7944799999999999	1.8882599999999998	0.357643	
0	0.8421190000000001	0.53082	-0.09521560000000001	0.0	0.032646	0.126056	0.9914860000000001	0.0	0.538303	-0.838058	0.0888251	0.0	-2.61662	-1.79273	-0.763512	0.32359499999999997	-0.292674	0.956209	-0.00258085	0.0	0.107396	0.030188999999999997	-0.993758	0.0	-0.9501620000000001	-0.291124	-0.111528	0.0	2.0344900000000004	1.7929599999999999	1.8929200000000002	0.35765	
0	0.8429610000000001	0.527619	-0.10505199999999999	0.0	0.036007199999999996	0.139501	0.989567	0.0	0.5367689999999999	-0.8379489999999999	0.09859580000000001	0.0	-2.65845	-1.92572	-0.834784	0.323421	-0.29792399999999997	0.9545870000000001	-0.00227347	0.0	0.10463099999999999	0.030287599999999998	-0.99405	0.0	-0.948838	-0.296389	-0.108903	0.0	2.0198	1.77627	1.9016	0.357931	
0	0.8515590000000001	0.5136069999999999	-0.105147	0.0	0.0382765	0.13911800000000002	0.9895360000000001	0.0	0.52286	-0.846673	0.098808	0.0	-2.7185599999999996	-2.05265	-0.9317059999999999	0.320052	-0.298939	0.9542709999999999	-0.00146085	0.0	0.10516600000000001	0.031423	-0.993958	0.0	-0.9484600000000001	-0.297286	-0.10975	0.0	2.01479	1.77165	1.9058099999999998	0.35789099999999996	
0	0.8572850000000001	0.502845	-0.11049400000000001	0.0	0.0418206	0.145893	0.988416	0.0	0.513141	-0.851975	0.10404200000000001	0.0	-2.75599	-2.17751	-1.0319399999999999	0.31695999999999996	-0.30148400000000003	0.953471	-0.000413626	0.0	0.10470299999999999	0.032675499999999996	-0.993967	0.0	-0.9477049999999999	-0.299708	-0.10968199999999999	0.0	2.01268	1.77161	1.9060700000000002	0.35785	
0	0.85844	0.49947700000000006	-0.116632	0.0	0.0439629	0.15490299999999999	0.986951	0.0	0.511026	-0.852366	0.111016	0.0	-2.7561400000000003	-2.27153	-1.02787	0.31512399999999996	-0.303849	0.9527200000000001	-0.0007369519999999999	0.0	0.10354400000000001	0.0322538	-0.994102	0.0	-0.9470770000000001	-0.302133	-0.108449	0.0	2.00924	1.76709	1.9111	0.35780500000000004	
0	0.869084	0.48096400000000006	-0.11561700000000001	0.0	0.0446098	0.15657000000000001	0.9866590000000001	0.0	0.49265	-0.8626469999999999	0.11461600000000001	0.0	-2.7644900000000003	-2.3679099999999997	-1.08479	0.315866	-0.303644	0.952785	-0.000838608	0.0	0.102161	0.0316827	-0.9942629999999999	0.0	-0.947293	-0.30198800000000003	-0.106958	0.0	2.00399	1.7659900000000002	1.9182400000000002	0.357896	
0	0.871223	0.474875	-0.12435399999999999	0.0	0.0515707	0.16338	0.9852139999999999	0.0	0.488171	-0.8647549999999999	0.117851	0.0	-2.8329400000000002	-2.4879700000000002	-1.16857	0.315837	-0.304298	0.952576	-0.0013763	0.0	0.101757	0.0310691	-0.994324	0.0	-0.947127	-0.30271	-0.106385	0.0	2.00173	1.7701900000000002	1.9289599999999998	0.358029	
0	0.8708239999999999	0.47436300000000003	-0.12901400000000002	0.0	0.0535847	0.169281	0.98411	0.0	0.48866499999999996	-0.8639	0.121995	0.0	-2.90778	-2.59442	-1.2432299999999998	0.315279	-0.30456	0.952492	-0.00146511	0.0	0.101403	0.0308942	-0.994366	0.0	-0.9470799999999999	-0.302992	-0.105994	0.0	2.00094	1.77066	1.93177	0.357858	
0	0.863671	0.48456800000000005	-0.138801	0.0	0.053600699999999994	0.18551700000000002	0.9811780000000001	0.0	0.501197	-0.854856	0.134252	0.0	-2.9753700000000003	-2.67762	-1.32006	0.31259699999999996	-0.305068	0.9523299999999999	-0.00139776	0.0	0.10155499999999999	0.0310724	-0.994345	0.0	-0.9469	-0.30348400000000003	-0.10619300000000001	0.0	2.00049	1.7698200000000002	1.9342700000000002	0.358004	
0	0.8596809999999999	0.491518	-0.139138	0.0	0.0454621	0.197678	0.9792120000000001	0.0	0.5088050000000001	-0.8481350000000001	0.147595	0.0	-2.98659	-2.75123	-1.35785	0.299295	-0.304564	0.952492	-0.000272423	0.0	0.100787	0.031942700000000004	-0.994395	0.0	-0.9471450000000001	-0.302885	-0.105727	0.0	1.99975	1.7643400000000002	1.93515	0.358084	
0	0.8563709999999999	0.497547	-0.13811400000000001	0.0	0.039628	0.20335999999999999	0.978302	0.0	0.514838	-0.8432629999999999	0.154435	0.0	-2.97243	-2.7720700000000003	-1.3973799999999998	0.276443	-0.30545300000000003	0.952207	-0.000980049	0.0	0.0994391	0.030874799999999997	-0.9945649999999999	0.0	-0.947001	-0.30389	-0.104117	0.0	1.9976900000000002	1.7631599999999998	1.9396200000000001	0.358156	
0	0.8540469999999999	0.5006149999999999	-0.141376	0.0	0.0415984	0.20518000000000003	0.9778399999999999	0.0	0.518529	-0.8410030000000001	0.154409	0.0	-2.96968	-2.7737	-1.4132	0.271801	-0.30640500000000004	0.951901	-0.000357866	0.0	0.0986803	0.031390100000000004	-0.994624	0.0	-0.946772	-0.304794	-0.10355199999999999	0.0	1.9969299999999999	1.7619099999999999	1.9425700000000001	0.35820799999999997	
0	0.8525590000000001	0.500887	-0.14918199999999998	0.0	0.048357599999999994	0.208616	0.976801	0.0	0.520389	-0.839995	0.153636	0.0	-2.9691	-2.7764900000000003	-1.40487	0.27742	-0.307044	0.9516950000000001	0.000785619	0.0	0.0987566	0.032682499999999996	-0.994575	0.0	-0.946558	-0.3053	-0.104021	0.0	1.9960900000000001	1.7622	1.94354	0.358286	
0	0.8527870000000001	0.49931899999999996	-0.153083	0.0	0.050412900000000004	0.21304499999999998	0.975741	0.0	0.51982	-0.839817	0.15650999999999998	0.0	-2.97398	-2.77895	-1.39872	0.287781	-0.30725	0.9516290000000001	0.000604659	0.0	0.0982911	0.032366900000000004	-0.9946309999999999	0.0	-0.9465389999999999	-0.305541	-0.10348099999999999	0.0	1.99555	1.7606099999999998	1.9435	0.35825100000000004	
0	0.8533790000000001	0.497621	-0.15529500000000002	0.0	0.0513019	0.216288	0.974981	0.0	0.51876	-0.839996	0.159047	0.0	-2.9893099999999997	-2.78083	-1.38005	0.294267	-0.308286	0.951293	0.00139853	0.0	0.0962994	0.032670199999999996	-0.994816	0.0	-0.946407	-0.306553	-0.101681	0.0	1.9928299999999999	1.75715	1.9470299999999998	0.358319	
0	0.8538110000000001	0.494304	-0.16331099999999998	0.0	0.05710830000000001	0.222879	0.9731719999999999	0.0	0.517441	-0.840231	0.16206800000000002	0.0	-2.99358	-2.78313	-1.3506200000000002	0.300125	-0.312372	0.949959	0.00162938	0.0	0.0935642	0.032473	-0.995084	0.0	-0.945341	-0.310684	-0.099026	0.0	1.9891	1.75593	1.95849	0.358327	
0	0.853877	0.49412	-0.163522	0.0	0.057624400000000006	0.22249699999999997	0.9732290000000001	0.0	0.517275	-0.840441	0.161511	0.0	-2.9915	-2.78268	-1.3517299999999999	0.299612	-0.312335	0.9499709999999999	0.00164464	0.0	0.09360360000000001	0.032498	-0.995079	0.0	-0.945349	-0.31064400000000003	-0.099071	0.0	1.9887599999999999	1.75568	1.9587299999999999	0.358325	
0	0.853878	0.494121	-0.16351400000000002	0.0	0.057618600000000006	0.222492	0.973231	0.0	0.517274	-0.840442	0.16151	0.0	-2.99152	-2.78268	-1.35179	0.299612	-0.312334	0.9499709999999999	0.0016436	0.0	0.0936056	0.0324973	-0.995079	0.0	-0.94535	-0.310643	-0.0990728	0.0	1.9887700000000001	1.75568	1.9587	0.358325	
0	0.853878	0.494121	-0.16351400000000002	0.0	0.057618600000000006	0.222492	0.9732299999999999	0.0	0.517274	-0.840442	0.16151	0.0	-2.99152	-2.78268	-1.35179	0.299611	-0.31233299999999997	0.9499709999999999	0.00164363	0.0	0.0936057	0.032497500000000006	-0.995079	0.0	-0.94535	-0.310643	-0.0990728	0.0	1.9887700000000001	1.75568	1.9587	0.358325	
0	0.853878	0.494121	-0.16351400000000002	0.0	0.057618600000000006	0.222492	0.9732299999999999	0.0	0.517274	-0.840442	0.16151	0.0	-2.99152	-2.78268	-1.35179	0.299611	-0.312334	0.9499709999999999	0.00164366	0.0	0.0936055	0.032497399999999996	-0.995079	0.0	-0.94535	-0.310643	-0.0990728	0.0	1.9887700000000001	1.75568	1.9587	0.358325	
0	0.853878	0.494121	-0.16351400000000002	0.0	0.057618600000000006	0.222492	0.9732299999999999	0.0	0.517274	-0.840442	0.16151	0.0	-2.99152	-2.78268	-1.35179	0.299611	-0.312334	0.9499709999999999	0.00164366	0.0	0.0936055	0.032497399999999996	-0.995079	0.0	-0.94535	-0.310643	-0.0990728	0.0	1.9887700000000001	1.75568	1.9587	0.35832600000000003	
0	0.853878	0.494121	-0.16351400000000002	0.0	0.057618600000000006	0.222492	0.9732299999999999	0.0	0.517274	-0.840442	0.16151	0.0	-2.99152	-2.78268	-1.35179	0.299611	-0.312334	0.9499709999999999	0.00164366	0.0	0.0936055	0.0324973	-0.995079	0.0	-0.94535	-0.310643	-0.0990727	0.0	1.9887700000000001	1.75568	1.9587	0.35832600000000003	
0	0.853878	0.494121	-0.16351400000000002	0.0	0.057618600000000006	0.222492	0.9732299999999999	0.0	0.517274	-0.840442	0.16151	0.0	-2.99152	-2.78268	-1.35179	0.299611	-0.312334	0.9499709999999999	0.00164357	0.0	0.0936056	0.0324973	-0.995079	0.0	-0.94535	-0.310643	-0.0990728	0.0	1.9887700000000001	1.75568	1.9587	0.358325	
0	0.853878	0.494121	-0.16351400000000002	0.0	0.057618600000000006	0.222492	0.9732299999999999	0.0	0.517274	-0.840442	0.16151	0.0	-2.99152	-2.78268	-1.35179	0.299611	-0.312334	0.9499709999999999	0.00164363	0.0	0.0936055	0.0324973	-0.995079	0.0	-0.94535	-0.310643	-0.0990728	0.0	1.9887700000000001	1.75568	1.9587	0.35832600000000003	
0	0.853878	0.494121	-0.16351400000000002	0.0	0.057618600000000006	0.222492	0.9732299999999999	0.0	0.517274	-0.840442	0.16151	0.0	-2.99152	-2.78268	-1.35179	0.299611	-0.312334	0.9499709999999999	0.00164354	0.0	0.0936055	0.0324973	-0.995079	0.0	-0.94535	-0.310643	-0.09907250000000001	0.0	1.9887700000000001	1.75568	1.9587	0.35832600000000003	
0	0.853878	0.494121	-0.16351400000000002	0.0	0.057618600000000006	0.222492	0.9732299999999999	0.0	0.517274	-0.840442	0.16151	0.0	-2.99152	-2.78268	-1.35179	0.299611	-0.312334	0.9499709999999999	0.00164366	0.0	0.09360539999999999	0.0324973	-0.995079	0.0	-0.94535	-0.310643	-0.09907250000000001	0.0	1.9887700000000001	1.75568	1.9587	0.358325	
0	0.853878	0.494121	-0.16351400000000002	0.0	0.057618600000000006	0.222492	0.9732299999999999	0.0	0.517274	-0.840442	0.16151	0.0	-2.99152	-2.78268	-1.35179	0.299611	-0.312334	0.9499709999999999	0.0016436	0.0	0.09360539999999999	0.0324973	-0.995079	0.0	-0.94535	-0.310643	-0.09907260000000001	0.0	1.9887700000000001	1.75568	1.9587	0.358325	
0	0.853878	0.494121	-0.16351400000000002	0.0	0.057618600000000006	0.222492	0.9732299999999999	0.0	0.517274	-0.840442	0.16151	0.0	-2.99152	-2.78268	-1.35179	0.299611	-0.31233299999999997	0.9499709999999999	0.0016436	0.0	0.0936055	0.032497399999999996	-0.995079	0.0	-0.94535	-0.310643	-0.09907260000000001	0.0	1.9887700000000001	1.75568	1.9587	0.358325	
0	0.853878	0.494121	-0.16351400000000002	0.0	0.057618600000000006	0.222492	0.9732299999999999	0.0	0.517274	-0.840442	0.16151	0.0	-2.99152	-2.78268	-1.35179	0.299611	-0.31233299999999997	0.9499709999999999	0.0016436	0.0	0.0936055	0.032497399999999996	-0.995079	0.0	-0.94535	-0.310643	-0.09907260000000001	0.0	1.9887700000000001	1.75568	1.9587	0.35832600000000003	
0	0.5791850000000001	0.792613	-0.19055	0.0	0.243329	0.054999099999999995	0.968383	0.0	0.778033	-0.6072390000000001	-0.161011	0.0	-2.96813	-2.80519	-1.40875	0.347197	-0.295261	0.953592	0.05902330000000001	0.0	0.088437	0.0887905	-0.992117	0.0	-0.9513149999999999	-0.28771399999999997	-0.110549	0.0	1.96688	1.7387099999999998	1.99213	0.359195	
0	0.637653	0.758003	-0.137219	0.0	0.215477	-0.00449298	0.976499	0.0	0.7395729999999999	-0.652235	-0.166197	0.0	-2.9752099999999997	-2.88124	-1.4171200000000002	0.348368	-0.293982	0.953441	0.0672604	0.0	0.0859489	0.0964549	-0.9916200000000001	0.0	-0.951939	-0.285738	-0.110303	0.0	1.9651	1.71407	1.9834900000000002	0.35939	
0	0.705663	0.701317	-0.10096799999999999	0.0	0.174601	-0.0340104	0.984052	0.0	0.6866979999999999	-0.7120380000000001	-0.14645	0.0	-2.9981400000000002	-3.06168	-1.46246	0.34841700000000003	-0.293199	0.953263	0.07296649999999999	0.0	0.0851597	0.10205800000000001	-0.9911270000000001	0.0	-0.9522510000000001	-0.284384	-0.111103	0.0	1.95976	1.69492	1.97852	0.359317	
0	0.755743	0.645305	-0.11151099999999999	0.0	0.14195	0.00480865	0.9898620000000001	0.0	0.639299	-0.7639100000000001	-0.0879671	0.0	-3.033	-3.3271	-1.53247	0.24690900000000002	-0.292079	0.9536379999999999	0.0725599	0.0	0.0829543	0.10084299999999999	-0.9914379999999999	0.0	-0.9527899999999999	-0.28356	-0.108563	0.0	1.9534900000000002	1.67262	1.97518	0.359367	
0	0.7773760000000001	0.619475	-0.10925599999999999	0.0	0.12024100000000001	0.0241483	0.992451	0.0	0.617437	-0.784645	-0.0557138	0.0	-3.14118	-3.48098	-1.6404599999999998	0.0	-0.289719	0.954393	0.0720914	0.0	0.0807031	0.09941289999999998	-0.991768	0.0	-0.9537040000000001	-0.281516	-0.105824	0.0	1.9492900000000002	1.6697099999999998	1.9765400000000002	0.359504	
0	0.766133	0.635888	-0.0932029	0.0	0.106217	0.0177457	0.994185	0.0	0.633844	-0.7715770000000001	-0.0539467	0.0	-3.17662	-3.53435	-1.70977	0.053871800000000004	-0.289881	0.9543379999999999	0.0721659	0.0	0.0808783	0.0995609	-0.9917389999999999	0.0	-0.9536389999999999	-0.281649	-0.106046	0.0	1.94745	1.66914	1.97623	0.359588	
0	0.768505	0.632737	-0.0950991	0.0	0.12246199999999999	0.000427604	0.9924729999999999	0.0	0.628015	-0.774367	-0.0771576	0.0	-3.12683	-3.6310599999999997	-1.63531	0.320203	-0.289641	0.954384	0.07251619999999999	0.0	0.0806096	0.0998179	-0.991735	0.0	-0.953735	-0.281402	-0.10584400000000001	0.0	1.94534	1.6651900000000002	1.97889	0.359589	
0	0.7804949999999999	0.618142	-0.0934263	0.0	0.11341400000000001	0.00695991	0.993524	0.0	0.614789	-0.786036	-0.0646738	0.0	-3.05555	-3.74506	-1.6381299999999999	0.344565	-0.288484	0.954868	0.0707377	0.0	0.0768051	0.0967181	-0.992344	0.0	-0.954399	-0.280842	-0.10124	0.0	1.93586	1.6573	1.98239	0.359623	
0	0.800397	0.590072	-0.10573900000000001	0.0	0.110921	0.027564099999999998	0.993447	0.0	0.58912	-0.80688	-0.0433892	0.0	-3.02601	-3.75262	-1.6560099999999998	0.347115	-0.288405	0.954974	0.0696212	0.0	0.0752391	0.0950883	-0.9926209999999999	0.0	-0.954548	-0.281039	-0.09927530000000001	0.0	1.9266	1.6556	1.9939900000000002	0.359734	
0	0.817723	0.564707	-0.11151400000000002	0.0	0.11095999999999999	0.0354525	0.993192	0.0	0.564816	-0.8245299999999999	-0.0336694	0.0	-3.00507	-3.7374699999999996	-1.6639099999999998	0.347526	-0.28817800000000005	0.9549559999999999	0.0707941	0.0	0.07471489999999999	0.0961287	-0.992561	0.0	-0.954658	-0.28074499999999997	-0.0990515	0.0	1.92208	1.6518	1.9974599999999998	0.35979	
0	0.827048	0.5509149999999999	-0.11173499999999999	0.0	0.102652	0.047412199999999995	0.9935870000000001	0.0	0.552679	-0.8332139999999999	-0.0173403	0.0	-2.99677	-3.7276199999999995	-1.67688	0.347746	-0.29032199999999997	0.954253	0.0715242	0.0	0.0738754	0.0968705	-0.992552	0.0	-0.954073	-0.282876	-0.0986196	0.0	1.91995	1.63883	2.00636	0.359848	
0	0.8317030000000001	0.54402	-0.11096199999999999	0.0	0.10550999999999999	0.0413481	0.9935579999999999	0.0	0.545103	-0.838053	-0.0230101	0.0	-2.98925	-3.72606	-1.67315	0.346698	-0.291744	0.953976	0.0693934	0.0	0.071949	0.0942316	-0.9929469999999999	0.0	-0.953786	-0.284694	-0.09612910000000001	0.0	1.91822	1.63067	2.00883	0.359809	
0	0.8485389999999999	0.508208	-0.14733	0.0	0.116092	0.0928456	0.9888899999999999	0.0	0.5162399999999999	-0.856215	0.0197844	0.0	-2.99495	-3.67525	-1.83035	0.195304	-0.295568	0.953008	0.0664526	0.0	0.0704666	0.09111989999999999	-0.993344	0.0	-0.9527190000000001	-0.288918	-0.0940875	0.0	1.9143	1.61172	2.02064	0.359771	
0	0.862922	0.48084799999999994	-0.155405	0.0	0.0862062	0.162946	0.9828620000000001	0.0	0.49793000000000004	-0.8615299999999999	0.0991572	0.0	-3.00272	-3.65461	-1.8438599999999998	0.12904000000000002	-0.303825	0.950493	0.0652196	0.0	0.0698255	0.0904864	-0.993447	0.0	-0.950166	-0.29728000000000004	-0.0938609	0.0	1.91008	1.58943	2.03963	0.359858	
0	0.8618110000000001	0.475587	-0.176352	0.0	0.11567899999999999	0.154231	0.98124	0.0	0.493863	-0.866043	0.07790239999999998	0.0	-3.0087	-3.6540800000000004	-1.8471799999999998	0.12833	-0.350236	0.9349219999999999	0.057051199999999996	0.0	0.071823	0.08753580000000001	-0.993569	0.0	-0.9339040000000001	-0.343886	-0.0978073	0.0	1.91698	1.5791	2.05335	0.36028899999999997	
0	0.857708	0.477416	-0.19081900000000002	0.0	0.158417	0.10768299999999999	0.981483	0.0	0.489123	-0.8720540000000001	0.0167296	0.0	-3.01328	-3.6539	-1.83067	0.12814	-0.41571499999999995	0.906799	0.0699774	0.0	0.0621689	0.105093	-0.992517	0.0	-0.9073680000000001	-0.408254	-0.100064	0.0	1.93963	1.57538	2.06071	0.360417	
0	0.849273	0.48126199999999997	-0.21707800000000002	0.0	0.18420599999999998	0.115221	0.9761110000000001	0.0	0.494777	-0.8689709999999999	0.00920294	0.0	-3.0098700000000003	-3.65545	-1.79778	0.128073	-0.47439899999999996	0.876718	0.0794497	0.0	0.061428199999999995	0.12300000000000001	-0.990504	0.0	-0.878164	-0.465013	-0.11220699999999999	0.0	2.0093799999999997	1.65048	2.01005	0.360104	
0	0.845575	0.486099	-0.22070399999999998	0.0	0.19338699999999998	0.106432	0.975333	0.0	0.49759799999999993	-0.867398	-0.00400923	0.0	-3.01182	-3.6584	-1.7897	0.128326	-0.502578	0.8593959999999999	0.09410110000000001	0.0	0.057584	0.141881	-0.988207	0.0	-0.862612	-0.49123199999999995	-0.120794	0.0	2.05479	1.70028	1.94985	0.35978499999999997	
0	0.8187909999999999	0.534242	-0.21016100000000001	0.0	0.20568899999999998	0.06877439999999999	0.976198	0.0	0.535979	-0.8425299999999999	-0.05357580000000001	0.0	-3.0249	-3.6701	-1.73815	0.128181	-0.5521	0.818813	0.15725999999999998	0.0	0.034063	0.21060399999999999	-0.976978	0.0	-0.833082	-0.534033	-0.14416600000000002	0.0	2.11813	1.77285	1.73625	0.360021	
0	0.775417	0.613517	-0.149417	0.0	0.214838	-0.033819	0.9760639999999999	0.0	0.593778	-0.788957	-0.158031	0.0	-2.98352	-3.59982	-1.76368	0.12823199999999998	-0.617188	0.752728	0.229086	0.0	0.016136400000000002	0.303203	-0.952789	0.0	-0.786651	-0.584353	-0.19927999999999998	0.0	2.09538	1.8517700000000001	1.37153	0.359948	
0	0.752736	0.6476569999999999	-0.11802	0.0	0.227523	-0.08771160000000001	0.969815	0.0	0.617755	-0.756867	-0.21338000000000001	0.0	-2.93138	-3.3818	-1.7736	0.12798299999999999	-0.628526	0.728051	0.273675	0.0	-0.00603405	0.347288	-0.937739	0.0	-0.777766	-0.591044	-0.21388600000000002	0.0	2.0298599999999998	1.85981	1.2438799999999999	0.360217	
0	0.724368	0.684605	-0.0812771	0.0	0.248664	-0.14949300000000001	0.9569840000000001	0.0	0.6430060000000001	-0.7134199999999999	-0.278524	0.0	-2.94849	-3.1876700000000002	-1.73135	0.12825899999999998	-0.625143	0.709577	0.325113	0.0	-0.026891500000000002	0.39671	-0.91755	0.0	-0.780048	-0.582342	-0.228919	0.0	1.8902599999999998	1.84221	1.08734	0.360149	
0	0.684004	0.728179	-0.0435167	0.0	0.265017	-0.192475	0.944838	0.0	0.679636	-0.657806	-0.32463400000000003	0.0	-2.96912	-2.8809400000000003	-1.68245	0.128418	-0.602036	0.701905	0.380633	0.0	-0.0444686	0.44648999999999994	-0.893683	0.0	-0.79723	-0.554955	-0.23759	0.0	1.68763	1.78837	0.9316120000000001	0.360037	
0	0.655582	0.754606	-0.0279751	0.0	0.27360300000000004	-0.202844	0.940211	0.0	0.703814	-0.624039	-0.339443	0.0	-2.96924	-2.71427	-1.6599	0.128511	-0.614908	0.6713859999999999	0.413678	0.0	-0.06477569999999999	0.479799	-0.874984	0.0	-0.785935	-0.56483	-0.25154299999999996	0.0	1.56413	1.732	0.8901389999999999	0.359862	
0	0.596861	0.802298	-0.0086554	0.0	0.263252	-0.18563	0.9467	0.0	0.7579279999999999	-0.567327	-0.322002	0.0	-2.71995	-2.37974	-1.80699	0.128523	-0.6351220000000001	0.635394	0.439198	0.0	-0.0790707	0.512135	-0.8552569999999999	0.0	-0.768354	-0.577921	-0.275028	0.0	1.49027	1.66977	0.861381	0.35985500000000004	
0	0.546063	0.837743	-0.00157544	0.0	0.24655100000000002	-0.158911	0.9560120000000001	0.0	0.800642	-0.5224310000000001	-0.29332199999999997	0.0	-2.60188	-2.2903599999999997	-1.80486	0.128179	-0.632899	0.624261	0.45797	0.0	-0.0859602	0.5312	-0.842875	0.0	-0.7694479999999999	-0.572822	-0.282534	0.0	1.4602600000000001	1.64979	0.8488549999999999	0.36033699999999996	
1	0.353337	0.935163	-0.0249588	0.0	0.1673	-0.0369168	0.985215	0.0	0.920415	-0.352288	-0.169496	0.0	-2.3338099999999997	-2.14472	-1.6708	0.128527	-0.6210439999999999	0.586408	0.520029	0.0	-0.117986	0.5859850000000001	-0.801686	0.0	-0.774844	-0.559239	-0.29473499999999997	0.0	1.3564200000000002	1.57483	0.814527	0.360246	
1	0.22329200000000002	0.970093	-0.095186	0.0	0.101883	0.07388910000000001	0.992049	0.0	0.969413	-0.23121399999999998	-0.0823375	0.0	-2.09747	-2.06766	-1.5813700000000002	0.128529	-0.61644	0.536196	0.576624	0.0	-0.159718	0.631941	-0.75838	0.0	-0.771033	-0.5595939999999999	-0.30391399999999996	0.0	1.276	1.53166	0.813426	0.36030999999999996	
1	0.11836300000000001	0.975575	-0.185052	0.0	0.025281099999999997	0.183341	0.9827239999999999	0.0	0.992649	-0.120996	-0.00296289	0.0	-1.8817	-1.99712	-1.47225	0.12831199999999998	-0.5997560000000001	0.48123599999999994	0.639301	0.0	-0.20606999999999998	0.679106	-0.704522	0.0	-0.7731939999999999	-0.554281	-0.308129	0.0	1.19635	1.5006	0.81443	0.360406	
1	0.0503196	0.9582729999999999	-0.28139200000000003	0.0	-0.0467936	0.283702	0.9577700000000001	0.0	0.9976360000000001	-0.0350272	0.059116800000000004	0.0	-1.73521	-1.9272200000000002	-1.38599	0.128484	-0.5877979999999999	0.42012	0.6913699999999999	0.0	-0.252255	0.716808	-0.650042	0.0	-0.768675	-0.5564939999999999	-0.315361	0.0	1.1221700000000001	1.485	0.8193159999999999	0.360298	
1	-0.018883900000000002	0.914408	-0.404353	0.0	-0.15041	0.39722399999999997	0.9053120000000001	0.0	0.9884430000000001	0.0779143	0.13003499999999998	0.0	-1.5492700000000001	-1.80355	-1.24463	0.12831199999999998	-0.573485	0.330255	0.749698	0.0	-0.312321	0.757884	-0.5727720000000001	0.0	-0.7573439999999999	-0.5626220000000001	-0.331489	0.0	1.0182799999999999	1.45567	0.796966	0.360237	
1	-0.04405680000000001	0.8953700000000001	-0.443139	0.0	-0.183678	0.428749	0.884555	0.0	0.981999	0.12036600000000001	0.145571	0.0	-1.50187	-1.7547400000000002	-1.20526	0.128227	-0.567733	0.288095	0.771155	0.0	-0.340764	0.770492	-0.538722	0.0	-0.749372	-0.5686329999999999	-0.33926100000000003	0.0	0.9700190000000001	1.43803	0.779435	0.36023299999999997	
1	-0.07259960000000001	0.840145	-0.5374800000000001	0.0	-0.261329	0.50405	0.823189	0.0	0.962516	0.200222	0.18295999999999998	0.0	-1.43851	-1.62371	-1.11369	0.12825	-0.551941	0.198455	0.809924	0.0	-0.410203	0.7810090000000001	-0.470913	0.0	-0.726013	-0.5921489999999999	-0.349664	0.0	0.860295	1.3455700000000002	0.748677	0.35990500000000003	
1	-0.0738199	0.840512	-0.536741	0.0	-0.26224899999999995	0.502907	0.8235959999999999	0.0	0.962173	0.201557	0.183299	0.0	-1.43365	-1.59429	-1.0878	0.12825699999999998	-0.547721	0.175571	0.818032	0.0	-0.429709	0.7798930000000001	-0.45510100000000003	0.0	-0.7178800000000001	-0.600784	-0.35172	0.0	0.823074	1.32467	0.744685	0.359786	
1	-0.0640608	0.815964	-0.574542	0.0	-0.279657	0.537978	0.795218	0.0	0.95796	0.211617	0.193727	0.0	-1.43557	-1.5795700000000001	-1.03072	0.12802	-0.528791	0.102125	0.8425860000000001	0.0	-0.494807	0.76949	-0.40379699999999996	0.0	-0.689599	-0.630441	-0.356367	0.0	0.74649	1.21261	0.716882	0.359939	
1	-0.054176199999999994	0.793636	-0.605975	0.0	-0.29979	0.5659420000000001	0.768008	0.0	0.952466	0.223273	0.20726399999999998	0.0	-1.4552399999999999	-1.56616	-1.0211	0.127899	-0.514731	0.07132480000000001	0.8543799999999999	0.0	-0.524787	0.761826	-0.379762	0.0	-0.677975	-0.643843	-0.354705	0.0	0.7241569999999999	1.16711	0.712855	0.359766	
1	-0.0290268	0.783504	-0.620708	0.0	-0.296985	0.5861689999999999	0.753794	0.0	0.954441	0.20622100000000002	0.215675	0.0	-1.54625	-1.6070200000000001	-0.9806370000000001	0.127904	-0.482828	-0.00308007	0.87571	0.0	-0.5905060000000001	0.739587	-0.32297800000000004	0.0	-0.646668	-0.673054	-0.358912	0.0	0.674205	1.0984	0.693102	0.35972800000000005	
1	-0.0107695	0.771887	-0.6356689999999999	0.0	-0.301369	0.603642	0.738101	0.0	0.9534469999999999	0.19952	0.226122	0.0	-1.62788	-1.66083	-0.9684299999999999	0.12786	-0.454237	-0.046326	0.889676	0.0	-0.630005	0.7227899999999999	-0.284022	0.0	-0.629891	-0.689513	-0.357503	0.0	0.5869840000000001	1.04081	0.646768	0.359412	
1	-0.00146741	0.769564	-0.638568	0.0	-0.29922600000000005	0.608973	0.734585	0.0	0.954181	0.192154	0.22938000000000003	0.0	-1.66353	-1.68537	-0.943593	0.127945	-0.43831800000000004	-0.0678174	0.896258	0.0	-0.651223	0.7112390000000001	-0.264665	0.0	-0.619505	-0.699671	-0.35591300000000003	0.0	0.529551	0.996505	0.5999399999999999	0.359348	
1	0.00552899	0.764844	-0.644192	0.0	-0.30180100000000004	0.6154390000000001	0.728115	0.0	0.953355	0.190392	0.234233	0.0	-1.6880700000000002	-1.7229700000000001	-0.90623	0.12792699999999999	-0.41677	-0.0967427	0.90385	0.0	-0.680246	0.692746	-0.239517	0.0	-0.602967	-0.714663	-0.354525	0.0	0.425562	0.9318850000000001	0.524201	0.35873499999999997	
1	0.0201614	0.768706	-0.639284	0.0	-0.308404	0.613015	0.7273930000000001	0.0	0.951042	0.18249300000000002	0.24943099999999999	0.0	-1.68596	-1.78485	-0.8543069999999999	0.12792699999999999	-0.402621	-0.104928	0.909333	0.0	-0.6951649999999999	0.681341	-0.229175	0.0	-0.5955189999999999	-0.724407	-0.347265	0.0	0.220338	0.86105	0.396794	0.358503	
1	0.0240838	0.7706529999999999	-0.636799	0.0	-0.312731	0.610823	0.7273890000000001	0.0	0.949536	0.18162899999999998	0.255718	0.0	-1.6789	-1.8411799999999998	-0.825642	0.12784500000000001	-0.390412	-0.101222	0.9150590000000001	0.0	-0.7053229999999999	0.6716840000000001	-0.22662800000000002	0.0	-0.591691	-0.7338899999999999	-0.33362800000000004	0.0	0.0755747	0.802569	0.334453	0.358107	
1	0.0265663	0.770875	-0.636432	0.0	-0.313033	0.611052	0.727067	0.0	0.949371	0.17990899999999999	0.25754299999999997	0.0	-1.6730900000000002	-1.85179	-0.798057	0.127919	-0.375919	-0.0948797	0.921782	0.0	-0.716793	0.660203	-0.22436599999999998	0.0	-0.587275	-0.745071	-0.31619200000000003	0.0	-0.10220900000000001	0.68372	0.270498	0.357625	
1	0.0265747	0.769517	-0.638073	0.0	-0.313967	0.612424	0.725508	0.0	0.9490620000000001	0.181054	0.257878	0.0	-1.67195	-1.85817	-0.7914439999999999	0.12784700000000002	-0.361769	-0.0880013	0.928105	0.0	-0.733596	0.641204	-0.22515300000000002	0.0	-0.575291	-0.762307	-0.296525	0.0	-0.249746	0.5806979999999999	0.286455	0.35718	
1	0.0274113	0.768839	-0.6388550000000001	0.0	-0.31328	0.613506	0.7248899999999999	0.0	0.9492649999999999	0.18027	0.257679	0.0	-1.67271	-1.8546200000000002	-0.791802	0.127914	-0.358946	-0.0927403	0.92874	0.0	-0.742356	0.631504	-0.22385100000000002	0.0	-0.565743	-0.769806	-0.295522	0.0	-0.315369	0.509907	0.268092	0.356856	
1	0.027149	0.765774	-0.642536	0.0	-0.31249299999999997	0.61706	0.722208	0.0	0.9495319999999999	0.18118099999999998	0.256052	0.0	-1.67245	-1.8531	-0.7854939999999999	0.127853	-0.34486999999999995	-0.0936914	0.9339629999999999	0.0	-0.773778	0.591627	-0.226372	0.0	-0.531349	-0.8007489999999999	-0.27653099999999997	0.0	-0.466617	0.297697	0.23604499999999998	0.35619	
1	0.027020799999999998	0.763936	-0.644727	0.0	-0.31301999999999996	0.618992	0.720324	0.0	0.949362	0.182349	0.255853	0.0	-1.67403	-1.8538	-0.7840239999999999	0.127843	-0.344094	-0.09485239999999999	0.934132	0.0	-0.7889189999999999	0.5686680000000001	-0.232861	0.0	-0.509124	-0.81708	-0.27050599999999997	0.0	-0.5038520000000001	0.216155	0.23010799999999998	0.355973	
1	0.025353599999999997	0.761108	-0.64813	0.0	-0.315271	0.62134	0.7173149999999999	0.0	0.9486629999999999	0.18615	0.255708	0.0	-1.68553	-1.8391400000000002	-0.786441	0.127863	-0.348591	-0.114106	0.9303030000000001	0.0	-0.824965	0.508473	-0.246754	0.0	-0.444878	-0.853484	-0.271383	0.0	-0.575155	-0.0605518	0.170843	0.355876	
1	0.0246241	0.761972	-0.647142	0.0	-0.323914	0.6184970000000001	0.71592	0.0	0.945766	0.19198900000000002	0.26204299999999997	0.0	-1.69733	-1.81703	-0.7780699999999999	0.12776400000000002	-0.36709400000000003	-0.137087	0.920027	0.0	-0.839108	0.47564399999999996	-0.263934	0.0	-0.401424	-0.8688899999999999	-0.289637	0.0	-0.57667	-0.215813	0.07698660000000002	0.35539	
1	0.0225815	0.767506	-0.640644	0.0	-0.328176	0.6109899999999999	0.7204109999999999	0.0	0.9443469999999999	0.193976	0.26567399999999997	0.0	-1.7098799999999998	-1.79007	-0.750059	0.12767	-0.385318	-0.154099	0.909826	0.0	-0.853925	0.43326400000000004	-0.288261	0.0	-0.349774	-0.8879950000000001	-0.298533	0.0	-0.571129	-0.344575	-0.00572764	0.35529299999999997	
1	0.0211992	0.7704479999999999	-0.637151	0.0	-0.325652	0.6078600000000001	0.724194	0.0	0.9452520000000001	0.192137	0.263784	0.0	-1.72577	-1.7846	-0.738591	0.127753	-0.39710700000000004	-0.158937	0.903906	0.0	-0.857366	0.41565	-0.303576	0.0	-0.327459	-0.8955299999999999	-0.301325	0.0	-0.564868	-0.409406	-0.0537433	0.355071	
1	0.0190042	0.774429	-0.632375	0.0	-0.325731	0.6027779999999999	0.728394	0.0	0.9452709999999999	0.192142	0.26371100000000003	0.0	-1.74928	-1.79033	-0.7188760000000001	0.127684	-0.4049	-0.16881	0.8986430000000001	0.0	-0.8600969999999999	0.403852	-0.31166900000000003	0.0	-0.31030599999999997	-0.899114	-0.308713	0.0	-0.544197	-0.48985	-0.138443	0.35504600000000003	
1	0.020664099999999998	0.774786	-0.631886	0.0	-0.326384	0.602622	0.72823	0.0	0.945011	0.191189	0.26533	0.0	-1.77207	-1.7871700000000001	-0.688419	0.12773900000000002	-0.42063500000000004	-0.186651	0.8878219999999999	0.0	-0.8583620000000001	0.39872399999999997	-0.322852	0.0	-0.29373499999999997	-0.897876	-0.327931	0.0	-0.523703	-0.535976	-0.22565700000000002	0.354903	
1	0.023475599999999996	0.7736649999999999	-0.6331600000000001	0.0	-0.32848299999999997	0.60414	0.7260260000000001	0.0	0.944218	0.19093800000000002	0.268318	0.0	-1.7743799999999998	-1.7764400000000002	-0.663557	0.12773099999999998	-0.42421899999999996	-0.19386099999999998	0.884566	0.0	-0.857614	0.39963699999999996	-0.323709	0.0	-0.29075100000000004	-0.89594	-0.33579200000000003	0.0	-0.527335	-0.552951	-0.297603	0.354772	
1	0.0311863	0.7726770000000001	-0.634033	0.0	-0.330937	0.606545	0.7229	0.0	0.9431370000000001	0.187281	0.274623	0.0	-1.78017	-1.7628099999999998	-0.619346	0.12767799999999999	-0.430492	-0.204956	0.879016	0.0	-0.856557	0.39982399999999996	-0.326268	0.0	-0.284581	-0.893383	-0.34767800000000004	0.0	-0.541361	-0.584041	-0.405401	0.354502	
1	0.0441338	0.774582	-0.6309319999999999	0.0	-0.337479	0.605981	0.720344	0.0	0.940298	0.181135	0.288149	0.0	-1.8037299999999998	-1.78102	-0.526352	0.127668	-0.43836099999999995	-0.213639	0.8730399999999999	0.0	-0.8539049999999999	0.402142	-0.330345	0.0	-0.280511	-0.8903030000000001	-0.358711	0.0	-0.558361	-0.615157	-0.485854	0.351771	
1	0.048532099999999995	0.77675	-0.627937	0.0	-0.340765	0.603835	0.720599	0.0	0.938895	0.179006	0.29399400000000003	0.0	-1.82055	-1.78815	-0.482264	0.12772	-0.444082	-0.196511	0.8741709999999999	0.0	-0.855298	0.38364899999999996	-0.34825100000000003	0.0	-0.266939	-0.902329	-0.338447	0.0	-0.587598	-0.667783	-0.501164	0.337449	
1	0.0481723	0.776396	-0.628402	0.0	-0.341837	0.603956	0.719989	0.0	0.938524	0.180128	0.294495	0.0	-1.8440900000000002	-1.79183	-0.444797	0.127371	-0.46800699999999995	-0.1349	0.873368	0.0	-0.851569	0.333007	-0.40489	0.0	-0.23621799999999998	-0.933225	-0.270726	0.0	-0.597765	-0.75759	-0.474941	0.199113	
1	0.05837819999999999	0.762026	-0.6449090000000001	0.0	-0.353655	0.6199020000000001	0.7004640000000001	0.0	0.9335530000000001	0.187183	0.305683	0.0	-1.85645	-1.8023799999999999	-0.41487700000000005	0.127527	-0.5149050000000001	-0.09053789999999999	0.852453	0.0	-0.8243370000000001	0.325182	-0.46338500000000005	0.0	-0.235248	-0.941307	-0.242071	0.0	-0.566051	-0.8096369999999999	-0.437812	0.130394	
1	0.06437419999999999	0.756772	-0.650501	0.0	-0.358164	0.625943	0.692758	0.0	0.9314370000000001	0.18839	0.311343	0.0	-1.8579	-1.80617	-0.406677	0.127583	-0.520983	-0.0819161	0.849627	0.0	-0.820392	0.322865	-0.47192700000000004	0.0	-0.235657	-0.942893	-0.235411	0.0	-0.564909	-0.8182520000000001	-0.43023900000000004	0.130399	
1	0.0925291	0.725703	-0.681757	0.0	-0.383459	0.657856	0.648217	0.0	0.918911	0.20144700000000001	0.339148	0.0	-1.87337	-1.87995	-0.311836	0.128429	-0.557244	-0.0348297	0.8296180000000001	0.0	-0.797154	0.302118	-0.5227539999999999	0.0	-0.232435	-0.952634	-0.19611800000000001	0.0	-0.570994	-0.894114	-0.345047	0.130709	
1	0.09610830000000001	0.716541	-0.6908920000000001	0.0	-0.38295300000000004	0.667296	0.638798	0.0	0.9187549999999999	0.203185	0.338534	0.0	-1.87385	-1.89832	-0.285033	0.128485	-0.562508	-0.0222945	0.826491	0.0	-0.794028	0.293185	-0.532505	0.0	-0.23044299999999998	-0.9557959999999999	-0.182621	0.0	-0.572276	-0.9124469999999999	-0.326917	0.13085	
1	0.105871	0.700451	-0.705804	0.0	-0.382135	0.683948	0.621441	0.0	0.9180219999999999	0.20392000000000002	0.340077	0.0	-1.8643599999999998	-1.9054900000000001	-0.22195700000000002	0.128366	-0.5716100000000001	0.00314841	0.820519	0.0	-0.78773	0.277785	-0.549834	0.0	-0.229659	-0.9606379999999999	-0.156305	0.0	-0.5623819999999999	-0.9318219999999999	-0.274465	0.131018	
