0	0.593133	0.516197	-0.617846	0.0	0.685427	0.0788196	0.723862	0.0	0.422354	-0.852835	-0.30706500000000003	0.0	-2.7396700000000003	2.0	1.46191	0.0	-0.515115	0.718464	-0.467404	0.0	0.5880340000000001	-0.100517	-0.802566	0.0	-0.6235970000000001	-0.688263	-0.370704	0.0	2.6238900000000003	2.02347	1.53823	-2.16179e-05	
0	0.243177	0.9110149999999999	-0.333041	0.0	0.21796	0.28324499999999997	0.933952	0.0	0.945176	-0.299705	-0.129686	0.0	-2.75904	2.01705	1.43564	0.0	-0.11479500000000001	0.9590989999999999	-0.258748	0.0	0.12240799999999999	-0.24482800000000002	-0.961808	0.0	-0.985819	-0.142083	-0.089296	0.0	2.76136	2.10081	1.53215	0.0	
0	0.18439	0.944526	-0.271791	0.0	0.168245	0.24211799999999997	0.955548	0.0	0.9683459999999999	-0.221921	-0.11426800000000001	0.0	-2.7591	2.02799	1.37811	0.00034526699999999996	-0.06667669999999999	0.9624969999999999	-0.262973	0.0	0.112223	-0.254653	-0.960499	0.0	-0.9914440000000001	-0.0935546	-0.09103489999999999	0.0	2.8216799999999997	2.17035	1.4522700000000002	0.0	
0	0.111982	0.9689209999999999	-0.220572	0.0	0.159576	0.20155399999999998	0.966391	0.0	0.980814	-0.14341600000000002	-0.132046	0.0	-2.79533	2.0646400000000003	1.29871	0.14815	-0.054161400000000005	0.9681719999999999	-0.24435500000000002	0.0	0.12334200000000001	-0.236353	-0.963807	0.0	-0.990885	-0.0823403	-0.10661500000000002	0.0	2.89565	2.1943	1.42554	0.16203900000000002	
0	0.0995128	0.984577	-0.143896	0.0	0.14518599999999998	0.128698	0.9809979999999999	0.0	0.9843870000000001	-0.11851400000000001	-0.13014	0.0	-2.72542	2.05127	1.27641	0.350627	-0.053794299999999996	0.968117	-0.244655	0.0	0.10653599999999999	-0.23804699999999998	-0.9653930000000001	0.0	-0.9928530000000001	-0.077997	-0.0903338	0.0	2.8755	2.16672	1.38763	0.358246	
0	0.0894562	0.986454	-0.137501	0.0	0.141421	0.124075	0.982143	0.0	0.9859	-0.107304	-0.128406	0.0	-2.62986	2.0232	1.3027	0.351725	-0.04901180000000001	0.966814	-0.250735	0.0	0.10506800000000001	-0.24465399999999998	-0.963901	0.0	-0.993257	-0.07358669999999999	-0.0895904	0.0	2.8287299999999997	2.15024	1.40019	0.355128	
0	0.105744	0.986424	-0.125643	0.0	0.129597	0.11160199999999999	0.985266	0.0	0.9859120000000001	-0.120469	-0.11603599999999999	0.0	-2.60157	1.9778099999999998	1.3285799999999999	0.35139899999999996	-0.053142999999999996	0.967199	-0.2484	0.0	0.0976457	-0.24252600000000002	-0.965218	0.0	-0.993801	-0.07554989999999999	-0.0815542	0.0	2.81561	2.13501	1.4211	0.352623	
0	0.11568900000000001	0.986662	-0.11451700000000001	0.0	0.136129	0.0984541	0.9857870000000001	0.0	0.9839129999999999	-0.129634	-0.122923	0.0	-2.59709	1.94105	1.31649	0.3503	-0.0649141	0.9681879999999999	-0.24165599999999998	0.0	0.0884506	-0.235631	-0.967809	0.0	-0.9939629999999999	-0.0841989	-0.0703413	0.0	2.79128	2.11272	1.4381700000000002	0.33200999999999997	
0	0.168961	0.974168	-0.149828	0.0	0.12330899999999999	0.12992599999999999	0.983826	0.0	0.977879	-0.184703	-0.09817100000000001	0.0	-2.5817099999999997	1.8378900000000002	1.35027	0.23390100000000003	-0.162679	0.9632059999999999	-0.21393800000000002	0.0	0.055505	-0.20754899999999998	-0.976649	0.0	-0.985117	-0.170755	-0.019698900000000002	0.0	2.7683	2.0463	1.5168700000000002	0.197284	
0	0.24193	0.9467049999999999	-0.21265	0.0	0.08786260000000001	0.196885	0.976482	0.0	0.9663069999999999	-0.254924	-0.0355474	0.0	-2.63496	1.70924	1.46328	0.0	-0.29689899999999997	0.9326409999999999	-0.205017	0.0	0.039181400000000005	-0.202619	-0.9784729999999999	0.0	-0.954105	-0.298541	0.0236154	0.0	2.81123	2.00428	1.63056	0.0581339	
0	0.256952	0.936147	-0.240008	0.0	0.08587589999999999	0.22524699999999998	0.97051	0.0	0.962601	-0.269985	-0.0225149	0.0	-2.66903	1.77289	1.5318100000000001	0.0	-0.37238699999999997	0.913183	-0.165603	0.0	-0.025518700000000002	-0.188445	-0.9817520000000001	0.0	-0.9277270000000001	-0.361365	0.09347739999999999	0.0	2.7981599999999998	2.02005	1.7515599999999998	0.0828398	
0	0.295678	0.934509	-0.198163	0.0	0.0506249	0.19181800000000002	0.980124	0.0	0.953946	-0.299833	0.00940675	0.0	-2.6708	1.8368400000000003	1.64398	0.355337	-0.326204	0.940209	-0.0979643	0.0	-0.045891	-0.11926199999999999	-0.9918020000000001	0.0	-0.944185	-0.31903400000000004	0.0820509	0.0	2.69556	2.08167	1.6675400000000002	0.313381	
0	0.332385	0.924775	-0.18523299999999998	0.0	-0.03904319999999999	0.209723	0.976981	0.0	0.942335	-0.317502	0.105815	0.0	-2.59518	1.76065	1.6613799999999999	0.349934	-0.315434	0.944816	-0.0884529	0.0	-0.0509596	-0.10994300000000001	-0.9926309999999999	0.0	-0.947578	-0.308602	0.082827	0.0	2.58615	1.90638	1.54575	0.32869299999999996	
0	0.392971	0.902007	-0.178764	0.0	-0.125609	0.24523699999999998	0.961291	0.0	0.9109309999999999	-0.35530500000000004	0.209671	0.0	-2.58842	1.6316899999999999	1.60554	0.348186	-0.29092399999999996	0.9500559999999999	-0.11294900000000001	0.0	-0.0467167	-0.13202	-0.9901459999999999	0.0	-0.9556049999999999	-0.282781	0.0827914	0.0	2.57119	1.84162	1.52998	0.328813	
0	0.40855199999999997	0.887431	-0.213428	0.0	-0.197899	0.314397	0.928435	0.0	0.891023	-0.337077	0.304069	0.0	-2.57735	1.5064899999999999	1.50689	0.347473	-0.271986	0.95314	-0.132464	0.0	-0.029846800000000003	-0.14594300000000002	-0.988843	0.0	-0.961838	-0.264998	0.0681427	0.0	2.58838	1.8714	1.49926	0.328104	
0	0.46699399999999996	0.852867	-0.233525	0.0	-0.216362	0.366271	0.9050040000000001	0.0	0.857382	-0.372106	0.355574	0.0	-2.58688	1.27562	1.41885	0.344583	-0.254108	0.955512	-0.149753	0.0	-0.020015400000000003	-0.159998	-0.986915	0.0	-0.9669690000000001	-0.24778499999999998	0.059781299999999996	0.0	2.62797	1.90336	1.46756	0.327251	
0	0.455132	0.817194	-0.353623	0.0	-0.246786	0.49735	0.831709	0.0	0.855542	-0.29126799999999997	0.42803199999999997	0.0	-2.60352	1.0270299999999999	1.32901	0.309799	-0.216594	0.958551	-0.185112	0.0	-0.00715607	-0.191167	-0.9815309999999999	0.0	-0.9762360000000001	-0.211269	0.0482651	0.0	2.6705099999999997	1.9387400000000001	1.4157600000000001	0.323968	
0	0.31471	0.756667	-0.5730729999999999	0.0	-0.180491	0.64044	0.746498	0.0	0.9318700000000001	-0.131496	0.338125	0.0	-2.61289	0.993505	1.12979	0.306965	-0.193945	0.960751	-0.198351	0.0	-0.00424892	-0.203011	-0.979167	0.0	-0.9810030000000001	-0.18906099999999998	0.043454900000000005	0.0	2.68804	1.9626099999999997	1.3617299999999999	0.31816300000000003	
0	0.172496	0.685796	-0.707056	0.0	-0.11446700000000001	0.726909	0.677127	0.0	0.9783370000000001	-0.035867	0.20389000000000002	0.0	-2.5526400000000002	1.11215	0.838873	0.350016	-0.155058	0.9595969999999999	-0.234798	0.0	-0.00327024	-0.23817	-0.971218	0.0	-0.9879	-0.149827	0.040068099999999995	0.0	2.69469	1.9754599999999998	1.29401	0.302075	
0	0.13128399999999998	0.678661	-0.7226229999999999	0.0	-0.17410599999999998	0.733387	0.657138	0.0	0.975936	0.0395408	0.214441	0.0	-2.53756	1.23138	0.7808930000000001	0.335804	-0.137515	0.9594229999999999	-0.246167	0.0	-0.00444335	-0.249123	-0.968462	0.0	-0.99049	-0.13208499999999998	0.0385211	0.0	2.7012	1.9957799999999999	1.26492	0.296661	
0	0.13686199999999998	0.704569	-0.696313	0.0	-0.14463399999999998	0.709607	0.689593	0.0	0.979975	0.00633097	0.199023	0.0	-2.5461	1.2623799999999998	0.790603	0.343459	-0.13256600000000002	0.958908	-0.250843	0.0	-0.00870737	-0.25419400000000003	-0.9671139999999999	0.0	-0.991136	-0.126022	0.042047	0.0	2.7015700000000002	1.99748	1.26062	0.29583200000000004	
0	0.191371	0.743421	-0.640861	0.0	-0.113929	0.665339	0.737796	0.0	0.9748829999999999	-0.0681799	0.212024	0.0	-2.5538	1.1489	0.808338	0.345423	-0.128442	0.9588209999999999	-0.253308	0.0	-0.0109726	-0.256782	-0.966407	0.0	-0.991656	-0.121347	0.043502099999999995	0.0	2.70349	2.00205	1.27334	0.296037	
0	0.22079400000000002	0.755297	-0.6170720000000001	0.0	-0.085089	0.645191	0.759269	0.0	0.9716020000000001	-0.11513599999999999	0.206722	0.0	-2.5613200000000003	1.0398	0.8239479999999999	0.34579299999999996	-0.12411400000000002	0.9580879999999999	-0.25819200000000003	0.0	-0.0144245	-0.261919	-0.964982	0.0	-0.9921629999999999	-0.11604400000000001	0.0463278	0.0	2.70369	1.99652	1.28211	0.29635900000000004	
0	0.229532	0.7551180000000001	-0.6140939999999999	0.0	-0.07501260000000001	0.642787	0.762363	0.0	0.970406	-0.128922	0.204183	0.0	-2.60721	0.983849	0.8106800000000001	0.345506	-0.123911	0.9583809999999999	-0.257202	0.0	-0.017494	-0.26126900000000003	-0.965108	0.0	-0.992139	-0.11508800000000001	0.049139800000000004	0.0	2.70218	1.9912900000000002	1.28958	0.296662	
0	0.226701	0.749419	-0.622075	0.0	-0.0656117	0.649004	0.75795	0.0	0.9717520000000001	-0.13101300000000002	0.196301	0.0	-2.65795	0.992726	0.7801359999999999	0.345267	-0.122467	0.9580219999999999	-0.25922	0.0	-0.017410299999999997	-0.263219	-0.9645790000000001	0.0	-0.9923200000000001	-0.11361600000000001	0.0489153	0.0	2.70158	1.98839	1.29162	0.29654	
0	0.225253	0.744606	-0.62835	0.0	-0.06800369999999999	0.655367	0.752243	0.0	0.971924	-0.12671400000000002	0.198259	0.0	-2.676	1.00447	0.762252	0.345062	-0.122174	0.9581149999999999	-0.259015	0.0	-0.0170887	-0.262962	-0.9646549999999999	0.0	-0.9923620000000001	-0.11342999999999999	0.04850019999999999	0.0	2.70096	1.98317	1.28798	0.296394	
0	0.22316	0.740522	-0.633898	0.0	-0.0680572	0.660547	0.747694	0.0	0.972403	-0.123714	0.19780599999999998	0.0	-2.6762599999999996	1.04025	0.771414	0.345171	-0.122281	0.9587459999999999	-0.25661999999999996	0.0	-0.0170439	-0.26055100000000003	-0.96531	0.0	-0.9923489999999999	-0.11366500000000002	0.0482008	0.0	2.7000599999999997	1.9841799999999998	1.2909899999999999	0.296651	
0	0.22220900000000002	0.7386229999999999	-0.636442	0.0	-0.0695775	0.6631100000000001	0.7452810000000001	0.0	0.972513	-0.121326	0.198741	0.0	-2.67306	1.0766200000000001	0.794294	0.345394	-0.121395	0.9582649999999999	-0.258827	0.0	-0.017830900000000004	-0.262819	-0.9646809999999999	0.0	-0.9924440000000001	-0.11249200000000001	0.0489914	0.0	2.6956900000000004	1.96816	1.2856	0.296925	
0	0.22179200000000002	0.739318	-0.635781	0.0	-0.0701455	0.662428	0.745834	0.0	0.972568	-0.120823	0.19878099999999999	0.0	-2.67333	1.07711	0.79445	0.345418	-0.121456	0.9583010000000001	-0.25866500000000003	0.0	-0.017934099999999998	-0.26266999999999996	-0.9647190000000001	0.0	-0.9924350000000001	-0.112532	0.0490891	0.0	2.69655	1.96973	1.28491	0.29690500000000003	
0	0.221796	0.739313	-0.635785	0.0	-0.070141	0.662432	0.745831	0.0	0.972567	-0.120827	0.19878099999999999	0.0	-2.67333	1.0770600000000001	0.7944319999999999	0.34541700000000003	-0.121456	0.9583010000000001	-0.25866500000000003	0.0	-0.0179333	-0.262671	-0.9647190000000001	0.0	-0.9924350000000001	-0.112532	0.04908819999999999	0.0	2.69655	1.96973	1.28492	0.296906	
0	0.221796	0.739313	-0.635785	0.0	-0.0701409	0.6624329999999999	0.745831	0.0	0.972567	-0.120827	0.19878099999999999	0.0	-2.67333	1.0770600000000001	0.7944319999999999	0.34541700000000003	-0.121456	0.9583010000000001	-0.25866500000000003	0.0	-0.0179334	-0.262671	-0.9647190000000001	0.0	-0.9924350000000001	-0.112532	0.0490885	0.0	2.69655	1.96973	1.28492	0.296904	
0	0.221796	0.739313	-0.635785	0.0	-0.0701409	0.6624329999999999	0.745831	0.0	0.972567	-0.120827	0.19878099999999999	0.0	-2.67333	1.0770600000000001	0.7944319999999999	0.345418	-0.121456	0.9583010000000001	-0.25866500000000003	0.0	-0.0179334	-0.262671	-0.9647190000000001	0.0	-0.9924350000000001	-0.112532	0.0490885	0.0	2.69655	1.96973	1.28492	0.296904	
0	0.221796	0.739313	-0.635785	0.0	-0.0701409	0.6624329999999999	0.745831	0.0	0.972567	-0.120827	0.19878099999999999	0.0	-2.67333	1.0770600000000001	0.7944319999999999	0.345418	-0.121456	0.9583010000000001	-0.25866500000000003	0.0	-0.0179335	-0.262671	-0.9647190000000001	0.0	-0.9924350000000001	-0.112532	0.0490885	0.0	2.69655	1.96973	1.28492	0.29690500000000003	
0	0.221796	0.739313	-0.635785	0.0	-0.0701409	0.6624329999999999	0.745831	0.0	0.972567	-0.120827	0.19878099999999999	0.0	-2.67333	1.0770600000000001	0.7944319999999999	0.345418	-0.121456	0.9583010000000001	-0.25866500000000003	0.0	-0.0179334	-0.262671	-0.9647190000000001	0.0	-0.9924350000000001	-0.112532	0.0490885	0.0	2.69655	1.96973	1.28492	0.296904	
0	0.221796	0.739313	-0.635785	0.0	-0.0701408	0.6624329999999999	0.745831	0.0	0.972567	-0.12082799999999999	0.19878099999999999	0.0	-2.67333	1.0770600000000001	0.7944319999999999	0.34541700000000003	-0.121456	0.9583010000000001	-0.25866500000000003	0.0	-0.0179333	-0.262671	-0.9647190000000001	0.0	-0.9924350000000001	-0.112532	0.0490883	0.0	2.69655	1.96973	1.28492	0.29690500000000003	
0	0.221796	0.739313	-0.635785	0.0	-0.0701409	0.6624329999999999	0.745831	0.0	0.972567	-0.120827	0.19878099999999999	0.0	-2.67333	1.0770600000000001	0.7944319999999999	0.345418	-0.121456	0.9583010000000001	-0.25866500000000003	0.0	-0.0179333	-0.262671	-0.9647190000000001	0.0	-0.9924350000000001	-0.112532	0.04908819999999999	0.0	2.69655	1.96973	1.28492	0.29690500000000003	
0	0.221796	0.739313	-0.635785	0.0	-0.0701408	0.6624329999999999	0.745831	0.0	0.972567	-0.12082799999999999	0.19878099999999999	0.0	-2.67333	1.0770600000000001	0.7944319999999999	0.34541700000000003	-0.121456	0.9583010000000001	-0.25866500000000003	0.0	-0.0179333	-0.262671	-0.9647190000000001	0.0	-0.9924350000000001	-0.112532	0.0490883	0.0	2.69655	1.96973	1.28492	0.29690500000000003	
0	0.221796	0.739313	-0.635785	0.0	-0.0701408	0.6624329999999999	0.745831	0.0	0.972567	-0.12082799999999999	0.19878099999999999	0.0	-2.67333	1.0770600000000001	0.7944319999999999	0.34541700000000003	-0.121456	0.9583010000000001	-0.25866500000000003	0.0	-0.0179333	-0.262671	-0.9647190000000001	0.0	-0.9924350000000001	-0.112532	0.0490883	0.0	2.69655	1.96973	1.28492	0.29690500000000003	
0	0.221796	0.739313	-0.635785	0.0	-0.0701408	0.6624329999999999	0.745831	0.0	0.972567	-0.12082799999999999	0.19878099999999999	0.0	-2.67333	1.0770600000000001	0.7944319999999999	0.345418	-0.121456	0.9583010000000001	-0.258666	0.0	-0.0179334	-0.262671	-0.9647190000000001	0.0	-0.9924350000000001	-0.112532	0.049088400000000004	0.0	2.69655	1.96973	1.28492	0.296906	
0	0.221796	0.739313	-0.635785	0.0	-0.0701409	0.6624329999999999	0.745831	0.0	0.972567	-0.120827	0.19878099999999999	0.0	-2.67333	1.0770600000000001	0.7944319999999999	0.345418	-0.121456	0.9583010000000001	-0.25866500000000003	0.0	-0.0179334	-0.262671	-0.9647190000000001	0.0	-0.9924350000000001	-0.112532	0.0490885	0.0	2.69655	1.96973	1.28491	0.29690500000000003	
0	0.221796	0.739313	-0.635785	0.0	-0.070141	0.6624329999999999	0.745831	0.0	0.972567	-0.120827	0.19878099999999999	0.0	-2.67333	1.0770600000000001	0.7944319999999999	0.345418	-0.121456	0.9583010000000001	-0.25866500000000003	0.0	-0.0179332	-0.262671	-0.9647190000000001	0.0	-0.9924350000000001	-0.112532	0.0490883	0.0	2.69655	1.96973	1.28492	0.296904	
0	0.221796	0.739313	-0.635785	0.0	-0.0701409	0.6624329999999999	0.745831	0.0	0.972567	-0.120827	0.19878099999999999	0.0	-2.67333	1.0770600000000001	0.7944319999999999	0.345418	-0.121456	0.9583010000000001	-0.25866500000000003	0.0	-0.0179333	-0.262671	-0.9647190000000001	0.0	-0.9924350000000001	-0.112532	0.049088400000000004	0.0	2.69655	1.96973	1.28492	0.29690500000000003	
0	0.221796	0.739313	-0.635785	0.0	-0.070141	0.6624329999999999	0.745831	0.0	0.972567	-0.120827	0.19878099999999999	0.0	-2.67333	1.0770600000000001	0.794431	0.345418	-0.121456	0.9583010000000001	-0.25866500000000003	0.0	-0.0179334	-0.262671	-0.9647190000000001	0.0	-0.9924350000000001	-0.112532	0.049088400000000004	0.0	2.69655	1.96973	1.28491	0.29690500000000003	
0	0.221796	0.739313	-0.635785	0.0	-0.07014069999999999	0.662432	0.745831	0.0	0.972567	-0.12082799999999999	0.19878099999999999	0.0	-2.67333	1.0770600000000001	0.7944319999999999	0.345418	-0.121456	0.9583010000000001	-0.25866500000000003	0.0	-0.0179333	-0.262671	-0.9647190000000001	0.0	-0.9924350000000001	-0.112532	0.049088400000000004	0.0	2.69655	1.96973	1.28492	0.29690500000000003	
0	0.221796	0.739313	-0.635785	0.0	-0.07014060000000001	0.6624329999999999	0.745831	0.0	0.972567	-0.12082799999999999	0.19878099999999999	0.0	-2.67333	1.0770600000000001	0.7944319999999999	0.34541700000000003	-0.121456	0.9583010000000001	-0.25866500000000003	0.0	-0.0179333	-0.262671	-0.9647190000000001	0.0	-0.9924350000000001	-0.112532	0.0490883	0.0	2.69655	1.96973	1.28492	0.29690500000000003	
0	0.221796	0.739313	-0.635785	0.0	-0.0701408	0.6624329999999999	0.745831	0.0	0.972567	-0.12082799999999999	0.19878099999999999	0.0	-2.67333	1.0770600000000001	0.7944319999999999	0.34541700000000003	-0.121456	0.9583010000000001	-0.25866500000000003	0.0	-0.0179334	-0.262671	-0.9647190000000001	0.0	-0.9924350000000001	-0.112532	0.0490883	0.0	2.69655	1.96973	1.28492	0.296906	
0	0.0196708	0.915112	-0.402719	0.0	0.00651988	0.402671	0.915322	0.0	0.999785	-0.020630900000000004	0.00195438	0.0	-2.68032	0.990555	0.7404430000000001	0.339345	-0.0949134	0.929167	-0.357268	0.0	-0.0581645	-0.363451	-0.929796	0.0	-0.993785	-0.0674697	0.0885408	0.0	2.68617	1.9853299999999998	1.32554	0.357532	
0	0.0461301	0.932398	-0.358478	0.0	0.0102484	0.35839899999999997	0.9335120000000001	0.0	0.998883	-0.046736900000000005	0.00697732	0.0	-2.6943599999999996	0.963598	0.6939270000000001	0.337522	-0.09011770000000001	0.9288549999999999	-0.35931399999999997	0.0	-0.0601149	-0.365197	-0.9289870000000001	0.0	-0.994115	-0.06211799999999999	0.0887487	0.0	2.6882599999999996	1.9832599999999998	1.314	0.357319	
0	0.19404200000000002	0.959684	-0.20335799999999998	0.0	0.06348430000000001	0.194579	0.97883	0.0	0.9789370000000001	-0.202844	-0.023168599999999998	0.0	-2.7995	0.8611840000000001	0.615492	0.33673200000000003	-0.0868302	0.9287110000000001	-0.360494	0.0	-0.0594231	-0.366045	-0.9286979999999999	0.0	-0.994449	-0.059217099999999995	0.08697039999999999	0.0	2.6876700000000002	1.97997	1.3024799999999999	0.356565	
0	0.335529	0.935816	-0.10802	0.0	0.10348299999999999	0.0773576	0.991618	0.0	0.9363290000000001	-0.343895	-0.0708857	0.0	-2.8797099999999998	0.729073	0.413404	0.340036	-0.0849516	0.9289639999999999	-0.36029	0.0	-0.0626051	-0.36586	-0.9285620000000001	0.0	-0.994416	-0.0563268	0.08923819999999999	0.0	2.6861099999999998	1.9765099999999998	1.29351	0.356488	
0	0.498121	0.8653770000000001	-0.054747800000000006	0.0	0.13131400000000001	-0.0128743	0.9912569999999999	0.0	0.857107	-0.5009560000000001	-0.120049	0.0	-2.89983	0.520142	0.135755	0.346565	-0.0841832	0.929451	-0.359214	0.0	-0.0619693	-0.364679	-0.929069	0.0	-0.9945209999999999	-0.0559518	0.08829719999999999	0.0	2.68066	1.96935	1.28752	0.356475	
0	0.664369	0.747197	-0.0176122	0.0	0.111872	-0.0761169	0.9908030000000001	0.0	0.738985	-0.660229	-0.134161	0.0	-2.89823	0.216777	-0.150671	0.3476	-0.082222	0.9301229999999999	-0.357925	0.0	-0.0612826	-0.36318	-0.929702	0.0	-0.9947280000000001	-0.0545072	0.08686160000000001	0.0	2.68072	1.96173	1.2687	0.355392	
0	0.765814	0.643035	-0.00591993	0.0	0.063398	-0.0663357	0.9957809999999999	0.0	0.639929	-0.762959	-0.0915679	0.0	-2.8799900000000003	-0.11598699999999999	-0.385848	0.34821599999999997	-0.0808038	0.93035	-0.35766	0.0	-0.0615174	-0.362804	-0.929833	0.0	-0.9948299999999999	-0.0531316	0.0865484	0.0	2.68057	1.95786	1.2571299999999999	0.355245	
0	0.8233159999999999	0.567492	0.0101986	0.0	0.000422925	-0.018581900000000002	0.999827	0.0	0.567584	-0.823169	-0.0155388	0.0	-2.82311	-0.527489	-0.6211270000000001	0.347991	-0.07745830000000001	0.9296620000000001	-0.36018	0.0	-0.060342200000000006	-0.36497399999999997	-0.92906	0.0	-0.995168	-0.0502293	0.0843681	0.0	2.67945	1.9505299999999999	1.23694	0.353227	
0	0.8668959999999999	0.49797600000000003	0.0226011	0.0	-0.052846699999999996	0.046724800000000004	0.997509	0.0	0.49568	-0.8659309999999999	0.06682189999999999	0.0	-2.71788	-0.965957	-0.828865	0.34736999999999996	-0.07652569999999999	0.9283620000000001	-0.363715	0.0	-0.062467499999999995	-0.368532	-0.927514	0.0	-0.995109	-0.048258300000000004	0.0861946	0.0	2.67748	1.94725	1.2428	0.35275700000000004	
0	0.8821319999999999	0.47078100000000006	0.014424000000000001	0.0	-0.0730596	0.10651500000000001	0.991624	0.0	0.465301	-0.8757969999999999	0.128355	0.0	-2.6564799999999997	-1.36951	-0.973029	0.3489	-0.075312	0.9287690000000001	-0.362927	0.0	-0.0618981	-0.367613	-0.927917	0.0	-0.995237	-0.047418699999999994	0.0851746	0.0	2.6772099999999996	1.95419	1.24361	0.35189000000000004	
0	0.8990540000000001	0.437564	0.015459899999999999	0.0	-0.09373189999999999	0.157858	0.9830030000000001	0.0	0.42768599999999996	-0.885223	0.182937	0.0	-2.64519	-1.7068900000000002	-1.0872700000000002	0.34693	-0.0727193	0.930464	-0.359094	0.0	-0.0615681	-0.36354899999999996	-0.929538	0.0	-0.99545	-0.045486599999999995	0.0837238	0.0	2.67557	1.94163	1.23117	0.35067	
0	0.907425	0.420213	0.00112535	0.0	-0.09658380000000001	0.205959	0.973783	0.0	0.408964	-0.8837430000000001	0.227478	0.0	-2.63705	-2.00715	-1.19141	0.346867	-0.07064110000000001	0.9315040000000001	-0.356806	0.0	-0.062927	-0.361149	-0.930383	0.0	-0.9955149999999999	-0.0432704	0.08412860000000001	0.0	2.67315	1.92858	1.22175	0.35070999999999997	
0	0.9179999999999999	0.396313	-0.014533100000000002	0.0	-0.0919046	0.248246	0.9643280000000001	0.0	0.385784	-0.883917	0.264313	0.0	-2.65965	-2.28545	-1.30803	0.346445	-0.06934739999999999	0.930632	-0.359325	0.0	-0.0648606	-0.363636	-0.9292799999999999	0.0	-0.995482	-0.041137099999999996	0.0855787	0.0	2.67092	1.91914	1.21769	0.350759	
0	0.9287920000000001	0.368816	-0.0363297	0.0	-0.07053910000000001	0.272169	0.9596610000000001	0.0	0.36382600000000004	-0.888763	0.278805	0.0	-2.71523	-2.5665299999999998	-1.40473	0.34618499999999996	-0.06899630000000001	0.932032	-0.355747	0.0	-0.0637576	-0.359987	-0.930776	0.0	-0.995577	-0.0415385	0.08426189999999999	0.0	2.6691700000000003	1.9166	1.2201	0.35041700000000003	
0	0.929316	0.366254	-0.0472158	0.0	-0.05685459999999999	0.268235	0.961674	0.0	0.36488200000000004	-0.891015	0.270099	0.0	-2.76716	-2.71846	-1.46258	0.34552	-0.0657123	0.937311	-0.342244	0.0	-0.06398150000000001	-0.34623699999999996	-0.9359629999999999	0.0	-0.995785	-0.039606999999999996	0.08272260000000001	0.0	2.66597	1.8922700000000001	1.19326	0.350323	
0	0.9252670000000001	0.37352199999999997	-0.0660445	0.0	-0.041029199999999995	0.27164699999999997	0.961522	0.0	0.377091	-0.8869549999999999	0.266671	0.0	-2.8380099999999997	-2.89458	-1.5316	0.346389	-0.0563644	0.939507	-0.33786	0.0	-0.05241130000000001	-0.340715	-0.9387049999999999	0.0	-0.997034	-0.0352016	0.0684448	0.0	2.6541200000000003	1.85558	1.1052799999999998	0.348867	
0	0.924321	0.37469600000000003	-0.07235	0.0	-0.0339616	0.26960300000000004	0.9623719999999999	0.0	0.380103	-0.887084	0.261925	0.0	-2.85548	-2.9565200000000003	-1.4963600000000001	0.346521	-0.0580965	0.9393440000000001	-0.338019	0.0	-0.03486	-0.340294	-0.939673	0.0	-0.9977020000000001	-0.0428082	0.052515099999999995	0.0	2.6498	1.8189400000000002	1.0232	0.34799	
0	0.919148	0.38503899999999996	-0.0831431	0.0	-0.0251782	0.268065	0.9630719999999999	0.0	0.393108	-0.8831120000000001	0.25608600000000004	0.0	-2.87625	-2.98331	-1.50874	0.3461	-0.059761800000000004	0.9384680000000001	-0.34015700000000004	0.0	-0.0281166	-0.34221399999999996	-0.9392010000000001	0.0	-0.997817	-0.0465643	0.046837699999999996	0.0	2.65373	1.79808	0.9867229999999999	0.347729	
0	0.911969	0.397687	-0.100784	0.0	-0.0123652	0.27219299999999996	0.9621629999999999	0.0	0.41007200000000005	-0.876217	0.25314899999999996	0.0	-2.89073	-3.01764	-1.55952	0.346296	-0.0591341	0.9384319999999999	-0.34036500000000003	0.0	-0.027360900000000004	-0.342358	-0.9391709999999999	0.0	-0.997875	-0.04622419999999999	0.045921300000000005	0.0	2.6579	1.7922900000000002	0.972613	0.347683	
0	0.913784	0.393714	-0.0999395	0.0	-0.00876731	0.26509499999999997	0.964182	0.0	0.406105	-0.880179	0.245691	0.0	-2.90055	-3.04047	-1.59103	0.346283	-0.059568499999999996	0.937578	-0.34263499999999997	0.0	-0.027833899999999998	-0.344672	-0.938311	0.0	-0.9978360000000001	-0.0463569	0.0466281	0.0	2.65735	1.7913299999999999	0.9712	0.347747	
0	0.9142950000000001	0.393273	-0.0969564	0.0	-0.00875185	0.258495	0.965973	0.0	0.404953	-0.882336	0.239783	0.0	-2.91128	-3.05818	-1.61398	0.346085	-0.06003530000000001	0.937918	-0.341622	0.0	-0.0275658	-0.34366599999999997	-0.938687	0.0	-0.997816	-0.04693730000000001	0.046486599999999996	0.0	2.65747	1.7936900000000002	0.9712299999999999	0.34775	
0	0.911999	0.394125	-0.113684	0.0	0.00540365	0.26558000000000004	0.964074	0.0	0.41015799999999997	-0.879848	0.240079	0.0	-2.93282	-3.10757	-1.6357700000000002	0.34510799999999997	-0.058478699999999995	0.939084	-0.33867600000000003	0.0	-0.0262514	-0.340586	-0.939847	0.0	-0.997944	-0.0460702	0.044569199999999996	0.0	2.65529	1.77847	0.967807	0.347825	
0	0.9148629999999999	0.38216700000000003	-0.130281	0.0	0.0221201	0.274742	0.9612639999999999	0.0	0.40315700000000004	-0.882307	0.24289699999999997	0.0	-2.9704099999999998	-3.18571	-1.6828400000000001	0.344588	-0.05737280000000001	0.940066	-0.336133	0.0	-0.028072000000000003	-0.338074	-0.940701	0.0	-0.997958	-0.0445346	0.0457855	0.0	2.6513400000000003	1.7611400000000001	0.965774	0.34782199999999996	
0	0.9167559999999999	0.373474	-0.141691	0.0	0.0321986	0.28447100000000003	0.958144	0.0	0.398148	-0.8829459999999999	0.24876500000000001	0.0	-3.01011	-3.26533	-1.7064	0.34038	-0.058217	0.9397690000000001	-0.336816	0.0	-0.0277421	-0.338781	-0.940456	0.0	-0.9979180000000001	-0.0454065	0.0457938	0.0	2.6459200000000003	1.75223	0.9644440000000001	0.347911	
0	0.915416	0.375811	-0.144147	0.0	0.034404699999999996	0.283756	0.9582790000000001	0.0	0.401035	-0.882184	0.246825	0.0	-3.03008	-3.29776	-1.73849	0.340819	-0.058611800000000006	0.9393379999999999	-0.337949	0.0	-0.0271597	-0.339906	-0.940067	0.0	-0.9979110000000001	-0.0459204	0.0454345	0.0	2.6438	1.75016	0.967318	0.347821	
0	0.913935	0.371146	-0.164235	0.0	0.0500333	0.29854200000000003	0.953084	0.0	0.402764	-0.879274	0.254279	0.0	-3.01516	-3.4158199999999996	-1.83033	0.340924	-0.056924800000000005	0.938217	-0.341332	0.0	-0.0289272	-0.34329299999999996	-0.938783	0.0	-0.997959	-0.0435663	0.0466818	0.0	2.63976	1.74617	0.971017	0.347771	
0	0.910314	0.37604099999999996	-0.172977	0.0	0.0532052	0.308129	0.9498559999999999	0.0	0.410484	-0.87387	0.26048699999999997	0.0	-3.04393	-3.4826699999999997	-1.82683	0.33791	-0.056194799999999996	0.937737	-0.342771	0.0	-0.0301949	-0.34475300000000003	-0.938208	0.0	-0.9979629999999999	-0.0423725	0.04768819999999999	0.0	2.63321	1.74673	0.974009	0.347931	
0	0.906909	0.376619	-0.188875	0.0	0.062403499999999994	0.323272	0.9442459999999999	0.0	0.416679	-0.868132	0.269676	0.0	-3.0573599999999996	-3.5226	-1.8454099999999998	0.301844	-0.0556785	0.938084	-0.341904	0.0	-0.029681799999999998	-0.343839	-0.9385600000000001	0.0	-0.998008	-0.042109	0.046988199999999994	0.0	2.63135	1.74663	0.975068	0.347866	
0	0.9081110000000001	0.373085	-0.190111	0.0	0.0644376	0.324096	0.9438270000000001	0.0	0.413742	-0.86935	0.270275	0.0	-3.05566	-3.5293900000000002	-1.85762	0.24469899999999997	-0.05520750000000001	0.937356	-0.343972	0.0	-0.031087	-0.34594400000000003	-0.93774	0.0	-0.997991	-0.0410772	0.048238300000000005	0.0	2.6310700000000002	1.7523799999999998	0.977492	0.347875	
0	0.913624	0.354958	-0.198231	0.0	0.0748341	0.332427	0.940155	0.0	0.399613	-0.873783	0.27715100000000004	0.0	-3.0533900000000003	-3.5455900000000002	-1.84474	0.181924	-0.05461669999999999	0.936616	-0.346075	0.0	-0.0318747	-0.348051	-0.936933	0.0	-0.997999	-0.040141199999999995	0.048863699999999996	0.0	2.62532	1.74902	0.981965	0.348139	
0	0.9121229999999999	0.35331999999999997	-0.20783800000000002	0.0	0.0825656	0.33828	0.9374170000000001	0.0	0.401516	-0.872199	0.279381	0.0	-3.0865299999999998	-3.57695	-1.83516	0.161202	-0.054211	0.936552	-0.34631	0.0	-0.0318784	-0.348267	-0.936853	0.0	-0.99802	-0.039748	0.0487358	0.0	2.62265	1.74965	0.982516	0.348052	
0	0.9127049999999999	0.34626	-0.21696500000000002	0.0	0.0926288	0.341825	0.9351879999999999	0.0	0.397982	-0.873648	0.279912	0.0	-3.08969	-3.5803199999999995	-1.8305099999999999	0.10756199999999999	-0.0536491	0.9359770000000001	-0.34794899999999995	0.0	-0.033374400000000005	-0.349937	-0.9361790000000001	0.0	-0.9980020000000001	-0.0386125	0.0500115	0.0	2.6171900000000003	1.74845	0.9837879999999999	0.348112	
0	0.91094	0.345893	-0.224827	0.0	0.10042100000000001	0.34267	0.9340729999999999	0.0	0.400131	-0.8734620000000001	0.277417	0.0	-3.08692	-3.58025	-1.8271700000000002	0.107182	-0.0541369	0.935853	-0.348207	0.0	-0.03290030000000001	-0.35020100000000004	-0.936097	0.0	-0.997991	-0.0392213	0.0497485	0.0	2.61732	1.7538099999999999	0.985424	0.348129	
0	0.909158	0.346103	-0.23161500000000002	0.0	0.10702300000000001	0.34331	0.933105	0.0	0.402466	-0.8731270000000001	0.275082	0.0	-3.08852	-3.58034	-1.82132	0.10723599999999998	-0.054088699999999997	0.935441	-0.34932199999999997	0.0	-0.0332654	-0.35132800000000003	-0.9356620000000001	0.0	-0.9979819999999999	-0.038988199999999994	0.0501204	0.0	2.6172	1.7551700000000001	0.98493	0.348199	
0	0.909018	0.343113	-0.236556	0.0	0.108646	0.35288400000000003	0.9293379999999999	0.0	0.402345	-0.8704860000000001	0.2835	0.0	-3.08573	-3.57226	-1.8201900000000002	0.107201	-0.05333430000000001	0.935551	-0.349142	0.0	-0.033391500000000005	-0.351115	-0.935737	0.0	-0.9980180000000001	-0.0382484	0.0499659	0.0	2.6171900000000003	1.75473	0.986333	0.348221	
0	0.9047370000000001	0.31705700000000003	-0.284475	0.0	0.158736	0.36878299999999997	0.915861	0.0	0.39529000000000003	-0.87377	0.283323	0.0	-3.12582	-3.53841	-1.7796900000000002	0.107206	-0.0525438	0.935514	-0.34936100000000003	0.0	-0.0336768	-0.351306	-0.9356549999999999	0.0	-0.998051	-0.0373975	0.049964	0.0	2.61607	1.75542	0.985885	0.347783	
0	0.904314	0.312402	-0.290896	0.0	0.166487	0.36937600000000004	0.9142450000000001	0.0	0.39306199999999997	-0.8751950000000001	0.282021	0.0	-3.13124	-3.5340599999999998	-1.7751299999999999	0.10724600000000001	-0.052588300000000004	0.9354379999999999	-0.349557	0.0	-0.033595	-0.3515	-0.935585	0.0	-0.998051	-0.037457300000000006	0.0499106	0.0	2.6152900000000003	1.75378	0.98674	0.347747	
0	0.8984489999999999	0.286007	-0.333152	0.0	0.22124699999999997	0.36049499999999995	0.906142	0.0	0.379262	-0.8878309999999999	0.260608	0.0	-3.2008099999999997	-3.42034	-1.80902	0.107134	-0.050529199999999996	0.939213	-0.339597	0.0	-0.03295119999999999	-0.341414	-0.939335	0.0	-0.998179	-0.0362737	0.0481994	0.0	2.6139099999999997	1.7527099999999998	0.9768319999999999	0.340188	
0	0.8952049999999999	0.287432	-0.340573	0.0	0.233665	0.348012	0.907903	0.0	0.379484	-0.8923399999999999	0.24437899999999999	0.0	-3.2475099999999997	-3.32763	-1.7989700000000002	0.107228	-0.0525644	0.947943	-0.314073	0.0	-0.034409800000000004	-0.31604099999999996	-0.9481219999999999	0.0	-0.998025	-0.0390301	0.049230800000000005	0.0	2.61142	1.75063	0.969658	0.33728800000000003	
0	0.871908	0.31621	-0.373881	0.0	0.262177	0.343411	0.901849	0.0	0.41356899999999996	-0.8843530000000001	0.21652	0.0	-3.2906400000000002	-3.03829	-1.71495	0.10723099999999999	-0.148848	0.982555	-0.11148599999999999	0.0	-0.0299163	-0.117165	-0.992662	0.0	-0.9884069999999999	-0.14442	0.046834100000000004	0.0	2.54999	1.6751599999999998	0.858002	0.338611	
0	0.8408110000000001	0.366725	-0.39818200000000004	0.0	0.28381799999999996	0.32771100000000003	0.9011399999999999	0.0	0.460959	-0.8707	0.17146	0.0	-3.27938	-2.71663	-1.70488	0.107232	-0.323024	0.940842	0.102329	0.0	-0.07643630000000001	0.0818363	-0.99371	0.0	-0.943299	-0.328814	0.0454794	0.0	2.4969099999999997	1.60814	0.667443	0.344123	
0	0.8376040000000001	0.37140100000000004	-0.4006	0.0	0.285618	0.327367	0.9006959999999999	0.0	0.465663	-0.8688450000000001	0.168125	0.0	-3.2821	-2.67837	-1.69385	0.107232	-0.340929	0.9321200000000001	0.122146	0.0	-0.0849415	0.0988549	-0.9914700000000001	0.0	-0.9362440000000001	-0.348396	0.0454731	0.0	2.49205	1.60165	0.6333840000000001	0.346898	
0	0.788554	0.4431	-0.426433	0.0	0.291852	0.340715	0.8937200000000001	0.0	0.5413	-0.829202	0.139353	0.0	-3.24255	-2.3393900000000003	-1.65957	0.10718699999999999	-0.476155	0.839355	0.26222199999999996	0.0	-0.140225	0.22190500000000002	-0.964933	0.0	-0.868109	-0.49622799999999995	0.012037	0.0	2.3942200000000002	1.5459	0.254249	0.358526	
0	0.7711640000000001	0.46290699999999996	-0.437062	0.0	0.294177	0.349729	0.889466	0.0	0.564593	-0.8144979999999999	0.133522	0.0	-3.20539	-2.2422400000000002	-1.6385299999999998	0.107188	-0.494281	0.8172560000000001	0.29627600000000004	0.0	-0.157059	0.251255	-0.955094	0.0	-0.8549969999999999	-0.518617	0.00416684	0.0	2.3355099999999998	1.5271700000000001	0.135575	0.358865	
0	0.7240449999999999	0.5212060000000001	-0.451779	0.0	0.28529	0.37004000000000004	0.884127	0.0	0.627988	-0.769035	0.11922999999999999	0.0	-3.05003	-1.95575	-1.57213	0.10723099999999999	-0.499461	0.781816	0.373233	0.0	-0.201383	0.314242	-0.927737	0.0	-0.8426049999999999	-0.5385310000000001	0.000493348	0.0	2.09924	1.4564	-0.14338499999999998	0.358562	
0	0.69017	0.557184	-0.46174799999999994	0.0	0.27578	0.387414	0.879691	0.0	0.669038	-0.734477	0.113722	0.0	-2.94602	-1.77393	-1.51166	0.107234	-0.484501	0.7549100000000001	0.442007	0.0	-0.23651999999999998	0.373408	-0.8970090000000001	0.0	-0.84221	-0.539145	-0.00236577	0.0	1.9010099999999999	1.4415200000000001	-0.26920700000000003	0.358236	
0	0.643443	0.601441	-0.47355	0.0	0.26242600000000005	0.40782199999999996	0.8745370000000001	0.0	0.719106	-0.686986	0.104576	0.0	-2.8307	-1.5547799999999998	-1.47641	0.107189	-0.466472	0.716283	0.518983	0.0	-0.286306	0.43287700000000007	-0.8547790000000001	0.0	-0.8369190000000001	-0.5473180000000001	0.00315082	0.0	1.67335	1.39147	-0.341217	0.35802399999999995	
0	0.5708409999999999	0.652439	-0.498461	0.0	0.23814200000000002	0.449432	0.8609870000000001	0.0	0.785767	-0.610191	0.101181	0.0	-2.6781900000000003	-1.30481	-1.45989	0.107234	-0.45556800000000003	0.66519	0.591591	0.0	-0.33308000000000004	0.48891599999999996	-0.806238	0.0	-0.8255399999999999	-0.564343	-0.00117338	0.0	1.4097600000000001	1.33855	-0.378133	0.357683	
0	0.521931	0.681851	-0.51251	0.0	0.217865	0.47435	0.852952	0.0	0.8246959999999999	-0.55684	0.0990262	0.0	-2.60184	-1.15353	-1.4169	0.107188	-0.45320699999999997	0.631564	0.629071	0.0	-0.361306	0.514991	-0.77733	0.0	-0.8149	-0.579579	-0.00520915	0.0	1.2793	1.2888600000000001	-0.402387	0.357333	
1	0.385862	0.744161	-0.545284	0.0	0.141328	0.536401	0.832046	0.0	0.911667	-0.39811799999999997	0.101806	0.0	-2.35491	-0.786612	-1.3785	0.107135	-0.43426899999999996	0.552239	0.711648	0.0	-0.43251000000000006	0.565174	-0.702505	0.0	-0.7901560000000001	-0.612871	-0.0065887	0.0	0.9982549999999999	1.1569399999999999	-0.401159	0.356527	
1	0.375092	0.747163	-0.548683	0.0	0.13392	0.542013	0.8296309999999999	0.0	0.9172629999999999	-0.384667	0.103244	0.0	-2.32931	-0.7535970000000001	-1.37774	0.10713099999999999	-0.43073599999999995	0.54709	0.717745	0.0	-0.43842299999999995	0.568303	-0.696288	0.0	-0.788829	-0.6145930000000001	-0.00493175	0.0	0.9757049999999999	1.14389	-0.3929	0.356414	
1	0.277889	0.756447	-0.5920850000000001	0.0	0.040427199999999996	0.606607	0.793974	0.0	0.9597620000000001	-0.244573	0.137988	0.0	-1.99278	-0.426856	-1.29235	0.107234	-0.403364	0.48926899999999995	0.7732479999999999	0.0	-0.49798400000000004	0.591566	-0.634083	0.0	-0.7676649999999999	-0.640831	0.0050317	0.0	0.7337	1.0077399999999999	-0.291613	0.355511	
1	0.252054	0.750304	-0.611157	0.0	0.00668746	0.630182	0.776419	0.0	0.9676899999999999	-0.199787	0.15382200000000001	0.0	-1.9363700000000001	-0.388915	-1.23939	0.10723099999999999	-0.403459	0.46616	0.787347	0.0	-0.516057	0.594644	-0.61651	0.0	-0.755583	-0.6550520000000001	0.000650764	0.0	0.6814819999999999	0.972161	-0.275239	0.35523299999999997	
1	0.220181	0.721164	-0.6568430000000001	0.0	-0.06568589999999999	0.682801	0.727645	0.0	0.973245	-0.117068	0.19771	0.0	-1.7646700000000002	-0.30794699999999997	-1.15513	0.107201	-0.40339	0.42611000000000004	0.809757	0.0	-0.534596	0.6084609999999999	-0.5865	0.0	-0.7426189999999999	-0.669481	-0.0176502	0.0	0.596899	0.864502	-0.28169	0.355	
1	0.21779	0.699466	-0.680673	0.0	-0.0943091	0.709232	0.698638	0.0	0.9714290000000001	-0.08796260000000002	0.22042899999999999	0.0	-1.7120099999999998	-0.288193	-1.09309	0.107098	-0.403106	0.410041	0.8181510000000001	0.0	-0.540572	0.614684	-0.5744090000000001	0.0	-0.738436	-0.673818	-0.026126499999999997	0.0	0.575907	0.840391	-0.294906	0.355223	
1	0.23295500000000002	0.663424	-0.711056	0.0	-0.14097200000000001	0.746486	0.650296	0.0	0.962216	-0.0512506	0.267422	0.0	-1.6072899999999999	-0.27810999999999997	-0.933091	0.10709400000000001	-0.393178	0.381992	0.836358	0.0	-0.535352	0.644423	-0.5460010000000001	0.0	-0.747536	-0.662421	-0.0488732	0.0	0.52536	0.821624	-0.360969	0.355559	
1	0.250806	0.640225	-0.7260909999999999	0.0	-0.157303	0.767051	0.622004	0.0	0.9551709999999999	-0.041786699999999996	0.29309	0.0	-1.57384	-0.29189699999999996	-0.833016	0.10719400000000001	-0.386752	0.36044499999999996	0.848824	0.0	-0.529514	0.66679	-0.52441	0.0	-0.755009	-0.652281	-0.0670215	0.0	0.47175	0.838676	-0.41501499999999997	0.355657	
1	0.269701	0.623748	-0.733621	0.0	-0.167005	0.780606	0.602299	0.0	0.9483520000000001	-0.0399222	0.31469899999999995	0.0	-1.54023	-0.32634	-0.754908	0.107089	-0.385258	0.338798	0.858366	0.0	-0.522618	0.686517	-0.505534	0.0	-0.7605569999999999	-0.643358	-0.0874239	0.0	0.388114	0.8795850000000001	-0.45261899999999994	0.356012	
1	0.276903	0.616085	-0.737404	0.0	-0.17187	0.786791	0.592808	0.0	0.9454030000000001	-0.0374128	0.323751	0.0	-1.53262	-0.366116	-0.722166	0.10708699999999999	-0.384131	0.333169	0.8610700000000001	0.0	-0.519645	0.692866	-0.49990500000000004	0.0	-0.7631600000000001	-0.63948	-0.0930213	0.0	0.35677600000000004	0.895446	-0.462898	0.35613	
1	0.293542	0.594912	-0.748273	0.0	-0.194727	0.803557	0.562475	0.0	0.935903	-0.0194007	0.351723	0.0	-1.508	-0.39719099999999996	-0.661724	0.107207	-0.384604	0.316263	0.8672129999999999	0.0	-0.52051	0.701566	-0.48669700000000005	0.0	-0.7623310000000001	-0.638578	-0.105208	0.0	0.313093	0.909854	-0.479934	0.35620999999999997	
1	0.300799	0.586316	-0.752166	0.0	-0.202714	0.8099770000000001	0.550313	0.0	0.931894	-0.013059399999999999	0.36249499999999996	0.0	-1.50003	-0.396925	-0.627843	0.107279	-0.385446	0.30696100000000004	0.8701760000000001	0.0	-0.524861	0.702688	-0.48036599999999996	0.0	-0.758916	-0.641876	-0.10973599999999999	0.0	0.295406	0.909587	-0.47727200000000003	0.356205	
1	0.30462100000000003	0.579501	-0.7559	0.0	-0.21809499999999998	0.814971	0.536896	0.0	0.927168	0.00130799	0.37464400000000003	0.0	-1.48979	-0.37497600000000003	-0.5672010000000001	0.107248	-0.386317	0.284041	0.877542	0.0	-0.539249	0.702317	-0.46471599999999996	0.0	-0.748311	-0.652741	-0.118148	0.0	0.246988	0.882916	-0.482575	0.356273	
1	0.305177	0.574327	-0.759616	0.0	-0.238785	0.818335	0.522791	0.0	0.9218719999999999	0.0218412	0.38687699999999997	0.0	-1.48433	-0.31311500000000003	-0.512563	0.107109	-0.385885	0.229767	0.893476	0.0	-0.585438	0.687507	-0.42964600000000003	0.0	-0.71299	-0.688869	-0.13078399999999998	0.0	0.172905	0.791284	-0.46110100000000004	0.356254	
1	0.304114	0.571051	-0.762506	0.0	-0.24689099999999997	0.820315	0.515876	0.0	0.9200870000000001	0.0313711	0.390457	0.0	-1.49268	-0.310247	-0.506245	0.10707	-0.38504	0.186815	0.9037940000000001	0.0	-0.61948	0.673586	-0.403145	0.0	-0.6840970000000001	-0.71511	-0.14363	0.0	0.14198	0.727154	-0.45779	0.356416	
1	0.300555	0.567868	-0.766285	0.0	-0.26055700000000004	0.821757	0.506779	0.0	0.917484	0.0473464	0.394945	0.0	-1.48537	-0.276989	-0.50003	0.10718	-0.382319	0.160361	0.9100090000000001	0.0	-0.640103	0.664292	-0.38598499999999997	0.0	-0.666409	-0.730069	-0.15132400000000001	0.0	0.11078299999999999	0.655977	-0.466164	0.356205	
1	0.291648	0.560117	-0.775378	0.0	-0.282073	0.824933	0.489816	0.0	0.9139889999999999	0.07585889999999999	0.398584	0.0	-1.48421	-0.23399099999999998	-0.497292	0.10720199999999999	-0.376087	0.102185	0.920932	0.0	-0.684014	0.639838	-0.350331	0.0	-0.625046	-0.761686	-0.170739	0.0	0.104093	0.514582	-0.512465	0.35646300000000003	
