0	-0.145318	0.945677	-0.29082399999999997	0.0	0.0970752	0.306154	0.9470200000000001	0.0	0.984611	0.10938699999999998	-0.136291	0.0	-2.76862	2.02144	1.40093	0.00364828	-0.593133	0.516197	-0.617846	0.0	0.751396	0.07932539999999999	-0.655066	0.0	-0.289132	-0.8527879999999999	-0.43491899999999994	0.0	2.66032	2.0	1.53809	0.0	
0	-0.067014	0.9913280000000001	-0.11303699999999998	0.0	0.172046	0.123076	0.9773700000000001	0.0	0.982807	0.046049900000000005	-0.178801	0.0	-2.86023	1.96337	1.5392700000000001	-0.000109739	-0.593133	0.516197	-0.617847	0.0	0.7514430000000001	0.0794615	-0.654996	0.0	-0.289012	-0.852776	-0.43502399999999997	0.0	2.66032	2.0	1.53809	0.0	
0	0.0259296	0.997977	0.058054800000000004	0.0	0.274426	-0.0629493	0.9595459999999999	0.0	0.961259	-0.00894898	-0.275503	0.0	-2.96883	1.90353	1.55178	0.318853	-0.593133	0.516197	-0.617846	0.0	0.751512	0.0796658	-0.654892	0.0	-0.28883200000000003	-0.852757	-0.43518100000000004	0.0	2.66032	2.0	1.53809	0.0	
0	0.0355443	0.997541	0.060407100000000005	0.0	0.281042	-0.0679835	0.957285	0.0	0.959037	-0.0170492	-0.282767	0.0	-2.8763099999999997	1.90245	1.5919299999999998	0.35336300000000004	-0.593133	0.516197	-0.617847	0.0	0.751575	0.07985369999999999	-0.654796	0.0	-0.288667	-0.8527389999999999	-0.435325	0.0	2.66032	2.0	1.53809	0.0	
0	0.0417436	0.996309	0.07499960000000001	0.0	0.268355	-0.083487	0.9596950000000001	0.0	0.9624149999999999	-0.019934599999999997	-0.27085	0.0	-2.8378799999999997	1.8917099999999998	1.56352	0.35129099999999996	-0.593133	0.516197	-0.617846	0.0	0.75164	0.0800461	-0.654698	0.0	-0.288497	-0.852721	-0.43547299999999994	0.0	2.66032	2.0	1.53809	0.0	
0	0.013475799999999998	0.998859	0.0458262	0.0	0.252886	-0.0477451	0.966317	0.0	0.9674020000000001	-0.00143322	-0.253241	0.0	-2.86654	1.90182	1.5380200000000002	0.349481	-0.5914020000000001	0.531567	-0.606366	0.0	0.746704	0.07711849999999999	-0.660671	0.0	-0.304429	-0.843498	-0.44253100000000006	0.0	2.6493	1.99785	1.55279	0.0060427	
0	-0.00296149	0.9995299999999999	0.0305308	0.0	0.233893	-0.028991900000000004	0.97183	0.0	0.972258	0.010018899999999999	-0.233697	0.0	-2.85071	1.8820400000000002	1.54154	0.34971599999999997	-0.0494779	0.9933290000000001	-0.10415999999999999	0.0	0.0597952	-0.101154	-0.993072	0.0	-0.996984	-0.055363199999999994	-0.05439159999999999	0.0	2.71952	2.00563	1.6185100000000001	0.0	
0	0.00571653	0.9999450000000001	0.00882506	0.0	0.202827	-0.00980118	0.979166	0.0	0.9791979999999999	-0.00380746	-0.202872	0.0	-2.83163	1.8076400000000001	1.57334	0.34879099999999996	-0.0520649	0.9945950000000001	-0.08982860000000001	0.0	0.00925085	-0.0894663	-0.9959469999999999	0.0	-0.9986010000000001	-0.05268490000000001	-0.00454283	0.0	2.70911	1.95609	1.63188	0.0	
0	0.0246571	0.999676	-0.00635687	0.0	0.169995	0.00207335	0.9854430000000001	0.0	0.985137	-0.025378900000000003	-0.169889	0.0	-2.75557	1.74855	1.6556	0.349711	-0.0500885	0.995999	-0.0740148	0.0	0.00890794	-0.0736594	-0.997244	0.0	-0.998705	-0.0506096	-0.00518289	0.0	2.71216	1.94278	1.64924	0.162142	
0	0.103049	0.99455	-0.0158501	0.0	0.137741	0.001513	0.990467	0.0	0.985093	-0.10425	-0.13683499999999998	0.0	-2.7011700000000003	1.6411099999999998	1.73144	0.349585	-0.103254	0.994654	-0.00149247	0.0	0.0199501	0.000570595	-0.999801	0.0	-0.994455	-0.10326300000000001	-0.019902700000000002	0.0	2.6703900000000003	1.90242	1.63401	0.359148	
0	0.14593499999999998	0.9891209999999999	-0.018518599999999996	0.0	0.118502	0.0011064999999999998	0.9929530000000001	0.0	0.9821709999999999	-0.147101	-0.117051	0.0	-2.67342	1.5916	1.76625	0.349613	-0.194215	0.979867	0.046270099999999995	0.0	0.00605372	0.0483644	-0.998811	0.0	-0.9809399999999999	-0.193704	-0.015325100000000001	0.0	2.62391	1.84982	1.6508099999999999	0.358817	
0	0.236127	0.971616	-0.014363599999999999	0.0	0.070562	-0.00240231	0.997505	0.0	0.9691569999999999	-0.23655199999999998	-0.0691265	0.0	-2.65385	1.54851	1.8182	0.349136	-0.35699200000000003	0.928318	0.10383800000000001	0.0	-0.0254477	0.10145599999999999	-0.9945149999999999	0.0	-0.9337610000000001	-0.35767600000000005	-0.012595499999999999	0.0	2.64835	1.7259	1.6568599999999998	0.35881599999999997	
0	0.353284	0.935284	0.02085	0.0	0.0435639	-0.0387101	0.9983	0.0	0.934501	-0.351775	-0.0544201	0.0	-2.64017	1.4606	1.8464200000000002	0.34884	-0.445524	0.8852180000000001	0.13378099999999998	0.0	-0.040911	0.129145	-0.9907819999999999	0.0	-0.894335	-0.44688999999999995	-0.021322099999999997	0.0	2.70078	1.6882599999999999	1.5569899999999999	0.358702	
0	0.44676800000000005	0.892726	0.0586432	0.0	-0.00919145	-0.060965099999999994	0.9980979999999999	0.0	0.894603	-0.446457	-0.019031799999999998	0.0	-2.6297	1.3220100000000001	1.8128099999999998	0.348362	-0.48343800000000003	0.8632270000000001	0.145351	0.0	-0.038916	0.14468599999999998	-0.988712	0.0	-0.8745129999999999	-0.483638	-0.0363536	0.0	2.7499700000000002	1.7094799999999999	1.41272	0.35857100000000003	
0	0.498825	0.860776	0.101188	0.0	-0.0960582	-0.0611234	0.993497	0.0	0.8613629999999999	-0.505301	0.0521946	0.0	-2.57117	1.09637	1.7385099999999998	0.347152	-0.488975	0.8567229999999999	0.164105	0.0	-0.00652906	0.184529	-0.9828049999999999	0.0	-0.872274	-0.481638	-0.0846367	0.0	2.7638	1.82092	1.21492	0.358707	
0	0.5164569999999999	0.84801	0.118957	0.0	-0.12731099999999998	-0.0613351	0.989965	0.0	0.8467959999999999	-0.526419	0.07628439999999999	0.0	-2.51673	0.9694799999999999	1.61886	0.344616	-0.477688	0.859208	0.183238	0.0	0.0165894	0.217358	-0.975951	0.0	-0.878373	-0.46316	-0.118083	0.0	2.74465	1.8499299999999999	1.1089799999999999	0.358889	
0	0.54738	0.8273940000000001	0.12568	0.0	-0.160019	-0.0439289	0.986136	0.0	0.8214440000000001	-0.559902	0.10835299999999999	0.0	-2.4716	0.8338770000000001	1.49147	0.336072	-0.454744	0.8686790000000001	0.196479	0.0	0.0361587	0.238434	-0.970485	0.0	-0.8898879999999999	-0.43421800000000005	-0.139837	0.0	2.70194	1.83283	1.04221	0.35880300000000004	
0	0.588862	0.79564	0.142123	0.0	-0.191949	-0.0331416	0.9808450000000001	0.0	0.7851100000000001	-0.604863	0.133207	0.0	-2.4527	0.6433939999999999	1.34839	0.319664	-0.444927	0.873732	0.196551	0.0	0.0511698	0.24391500000000002	-0.9684459999999999	0.0	-0.8941040000000001	-0.42083000000000004	-0.15323299999999998	0.0	2.67795	1.78994	1.0037	0.358827	
0	0.607819	0.7815840000000001	0.140295	0.0	-0.213284	-0.00949606	0.976944	0.0	0.764896	-0.623728	0.160927	0.0	-2.48657	0.381267	1.12399	0.302715	-0.44470299999999996	0.875611	0.18853499999999998	0.0	0.0642004	0.241114	-0.9683709999999999	0.0	-0.893374	-0.418533	-0.163439	0.0	2.70025	1.7788	1.0014	0.358541	
0	0.580553	0.808138	0.0993551	0.0	-0.2021	0.0248177	0.97905	0.0	0.788742	-0.5884699999999999	0.177733	0.0	-2.51779	0.2265	0.911975	0.287129	-0.41963599999999995	0.888317	0.18654300000000001	0.0	0.0738245	0.238234	-0.968398	0.0	-0.9046850000000001	-0.39260300000000004	-0.165551	0.0	2.71583	1.80818	0.99466	0.358513	
0	0.5311239999999999	0.846829	0.0280832	0.0	-0.18468199999999999	0.083356	0.9792569999999999	0.0	0.8269219999999999	-0.525293	0.200666	0.0	-2.50057	0.09199349999999999	0.705084	0.281104	-0.41736999999999996	0.8897940000000001	0.184576	0.0	0.0796941	0.23817	-0.9679479999999999	0.0	-0.905235	-0.389283	-0.170316	0.0	2.72031	1.81823	0.9948290000000001	0.358381	
0	0.5124479999999999	0.8586379999999999	-0.0117024	0.0	-0.176535	0.118676	0.9771139999999999	0.0	0.840376	-0.498655	0.21239499999999997	0.0	-2.46604	-0.0172543	0.5592229999999999	0.285537	-0.412774	0.8918870000000001	0.18481	0.0	0.0804841	0.23782399999999998	-0.967968	0.0	-0.9072709999999999	-0.384678	-0.16995	0.0	2.72473	1.82138	0.9912120000000001	0.358454	
0	0.534377	0.845109	-0.015218700000000002	0.0	-0.167498	0.123525	0.9781030000000001	0.0	0.828484	-0.520127	0.207563	0.0	-2.4834	-0.21292199999999997	0.40726100000000004	0.287519	-0.40569299999999997	0.8950790000000001	0.185058	0.0	0.0782613	0.235742	-0.968659	0.0	-0.910653	-0.37849499999999997	-0.165689	0.0	2.7116700000000002	1.8158900000000002	1.00062	0.358655	
0	0.544733	0.838576	-0.00746369	0.0	-0.171299	0.119978	0.977886	0.0	0.8209280000000001	-0.531408	0.209004	0.0	-2.51925	-0.389446	0.257587	0.288015	-0.402807	0.89623	0.185791	0.0	0.07598939999999998	0.23503200000000002	-0.9690129999999999	0.0	-0.912125	-0.376207	-0.162776	0.0	2.6886	1.80587	1.00775	0.35885100000000003	
0	0.576191	0.81722	-0.012464200000000002	0.0	-0.177756	0.140185	0.974039	0.0	0.797751	-0.559017	0.226039	0.0	-2.51947	-0.645057	0.12246199999999999	0.289093	-0.403381	0.896574	0.182862	0.0	0.07909580000000001	0.23325900000000002	-0.969192	0.0	-0.911607	-0.37649	-0.165008	0.0	2.68277	1.80886	1.02027	0.35868	
0	0.611394	0.791321	-0.00297299	0.0	-0.178563	0.14162	0.973683	0.0	0.770917	-0.594773	0.227886	0.0	-2.51539	-0.828683	0.0172704	0.295979	-0.40281	0.8961950000000001	0.185955	0.0	0.0780348	0.236053	-0.9686020000000001	0.0	-0.9119510000000001	-0.375652	-0.165019	0.0	2.68152	1.79682	1.02265	0.35889	
0	0.650089	0.759858	-0.00108624	0.0	-0.165138	0.142677	0.9758959999999999	0.0	0.741697	-0.634239	0.218234	0.0	-2.53848	-1.03987	-0.101549	0.31080399999999997	-0.401981	0.8964059999999999	0.186728	0.0	0.078942	0.23709899999999998	-0.9682729999999999	0.0	-0.9122389999999999	-0.374486	-0.166073	0.0	2.67829	1.78498	1.01895	0.358989	
0	0.686685	0.726858	-0.0119187	0.0	-0.14726199999999998	0.155141	0.9768549999999999	0.0	0.711884	-0.669036	0.213571	0.0	-2.6015200000000003	-1.2443899999999999	-0.226266	0.318402	-0.401221	0.896559	0.187624	0.0	0.07727780000000001	0.237236	-0.968374	0.0	-0.912716	-0.37403200000000003	-0.164468	0.0	2.66751	1.7819099999999999	1.02098	0.35920799999999997	
0	0.7122	0.701792	-0.0160995	0.0	-0.13754	0.161996	0.977159	0.0	0.688371	-0.6937180000000001	0.21189899999999998	0.0	-2.68534	-1.42164	-0.33466399999999996	0.318772	-0.40289200000000003	0.8958280000000001	0.187539	0.0	0.07841260000000001	0.237936	-0.968111	0.0	-0.911883	-0.375339	-0.166107	0.0	2.66165	1.7614599999999998	1.0165600000000001	0.359241	
0	0.723856	0.689517	-0.024469	0.0	-0.12068599999999999	0.161454	0.9794729999999999	0.0	0.6793140000000001	-0.706045	0.20008499999999999	0.0	-2.8202	-1.5900299999999998	-0.43751899999999994	0.318502	-0.402549	0.8955790000000001	0.18945499999999998	0.0	0.0789041	0.240142	-0.967526	0.0	-0.911992	-0.374527	-0.16733399999999998	0.0	2.66243	1.7492	1.0117399999999999	0.35933200000000004	
0	0.733588	0.679351	-0.0181975	0.0	-0.11247	0.14777	0.982606	0.0	0.6702239999999999	-0.718781	0.184809	0.0	-2.88761	-1.68156	-0.562103	0.319402	-0.40103	0.89559	0.192597	0.0	0.0783484	0.243006	-0.9668559999999999	0.0	-0.912709	-0.372648	-0.167621	0.0	2.6601	1.74673	1.0116399999999999	0.359448	
0	0.742433	0.669917	-0.00201327	0.0	-0.109606	0.12443499999999999	0.9861549999999999	0.0	0.6608930000000001	-0.731934	0.165812	0.0	-2.95985	-1.73917	-0.692684	0.319797	-0.39988	0.8962110000000001	0.192102	0.0	0.07793510000000001	0.242075	-0.967123	0.0	-0.913248	-0.371761	-0.166647	0.0	2.65719	1.73845	1.01673	0.35942199999999996	
0	0.7442	0.667805	0.014209000000000001	0.0	-0.105393	0.0963907	0.989748	0.0	0.659589	-0.738069	0.14211600000000002	0.0	-3.00837	-1.7731	-0.809501	0.320281	-0.399871	0.8964120000000001	0.191176	0.0	0.0792057	0.241592	-0.96714	0.0	-0.913143	-0.371589	-0.167607	0.0	2.65555	1.7385400000000002	1.0401200000000002	0.35949699999999996	
0	0.7418020000000001	0.6696979999999999	0.0351298	0.0	-0.09826510000000001	0.056727599999999996	0.993542	0.0	0.66338	-0.740464	0.10788900000000001	0.0	-3.03845	-1.78476	-0.9203399999999999	0.320782	-0.39879699999999996	0.8968219999999999	0.191497	0.0	0.0784444	0.24141700000000002	-0.9672459999999999	0.0	-0.9136780000000001	-0.370712	-0.166627	0.0	2.65003	1.73639	1.0512	0.359573	
0	0.74158	0.6685770000000001	0.055357	0.0	-0.10045	0.0290742	0.994517	0.0	0.663301	-0.743075	0.0887195	0.0	-3.02725	-1.8059599999999998	-1.02114	0.32114899999999996	-0.399499	0.896337	0.192302	0.0	0.0785514	0.24246700000000002	-0.966974	0.0	-0.9133620000000001	-0.371199	-0.167274	0.0	2.64719	1.7340099999999998	1.05235	0.359495	
0	0.746811	0.6608350000000001	0.0746283	0.0	-0.11277899999999999	0.015255100000000002	0.993503	0.0	0.655403	-0.750376	0.0859209	0.0	-2.97304	-1.86533	-1.07196	0.325908	-0.39933	0.896235	0.193129	0.0	0.0776839	0.24297399999999997	-0.966917	0.0	-0.91351	-0.371116	-0.16665	0.0	2.64527	1.72879	1.05208	0.359561	
0	0.759216	0.643524	0.09730119999999999	0.0	-0.13053800000000002	0.00410044	0.9914350000000001	0.0	0.637613	-0.765415	0.0871175	0.0	-2.90688	-1.92878	-1.0634	0.335654	-0.399294	0.8964200000000001	0.192342	0.0	0.07783960000000001	0.24218	-0.9671040000000001	0.0	-0.9135120000000001	-0.371187	-0.166478	0.0	2.64551	1.7274599999999998	1.05396	0.359553	
0	0.7836390000000001	0.605019	0.14093599999999998	0.0	-0.156922	-0.026723700000000003	0.9872489999999999	0.0	0.601071	-0.795763	0.0739992	0.0	-2.8843	-1.9724	-1.0752899999999999	0.33825700000000003	-0.398962	0.8967360000000001	0.191556	0.0	0.0784075	0.241498	-0.9672290000000001	0.0	-0.913609	-0.370868	-0.16666	0.0	2.64614	1.73242	1.0577	0.359493	
0	0.794143	0.5835020000000001	0.16989	0.0	-0.17263900000000001	-0.051432000000000005	0.983642	0.0	0.582695	-0.8104819999999999	0.059891	0.0	-2.8756	-2.0072799999999997	-0.9927379999999999	0.341697	-0.39834400000000003	0.897379	0.189822	0.0	0.0797221	0.24004	-0.967484	0.0	-0.9137649999999999	-0.370258	-0.167159	0.0	2.6457200000000003	1.7357099999999999	1.06041	0.359646	
0	0.803846	0.566505	0.181396	0.0	-0.174728	-0.06662230000000001	0.98236	0.0	0.568597	-0.821361	0.04543	0.0	-2.86996	-2.0047599999999997	-0.9729	0.346964	-0.395706	0.898352	0.19074000000000002	0.0	0.0792054	0.24030100000000001	-0.967462	0.0	-0.914956	-0.367722	-0.166243	0.0	2.6309099999999996	1.7344700000000002	1.06314	0.359576	
0	0.807084	0.561177	0.183565	0.0	-0.170349	-0.0763603	0.9824209999999999	0.0	0.565329	-0.824166	0.033966699999999996	0.0	-2.89616	-1.99689	-0.956917	0.34807	-0.391181	0.899531	0.19447799999999998	0.0	0.0765377	0.24238200000000001	-0.9671569999999999	0.0	-0.917126	-0.363448	-0.163663	0.0	2.61178	1.72843	1.0654700000000001	0.359534	
0	0.805581	0.564022	0.18143199999999998	0.0	-0.16345	-0.0827778	0.983073	0.0	0.569494	-0.8216	0.0255051	0.0	-2.95268	-1.98742	-0.94475	0.347934	-0.38829400000000003	0.899344	0.201019	0.0	0.0721705	0.247142	-0.9662879999999999	0.0	-0.9187049999999999	-0.360696	-0.16087	0.0	2.59858	1.7242099999999998	1.06237	0.359727	
0	0.8067880000000001	0.5634170000000001	0.17791400000000002	0.0	-0.155844	-0.0875298	0.9838959999999999	0.0	0.569917	-0.821523	0.0171875	0.0	-2.99894	-1.95304	-0.947235	0.348004	-0.386866	0.8998889999999999	0.20133399999999999	0.0	0.0683712	0.245725	-0.966925	0.0	-0.9195979999999999	-0.36030500000000004	-0.156589	0.0	2.5874599999999996	1.72059	1.05835	0.359624	
0	0.809801	0.561088	0.17147	0.0	-0.150353	-0.0840348	0.9850540000000001	0.0	0.567112	-0.8234790000000001	0.0163099	0.0	-3.02638	-1.90448	-0.967793	0.346668	-0.388666	0.899277	0.200599	0.0	0.0656392	0.244187	-0.9675040000000001	0.0	-0.9190379999999999	-0.362869	-0.153935	0.0	2.5691599999999997	1.70138	1.05585	0.35967899999999997	
0	0.805558	0.572557	0.152496	0.0	-0.13686900000000002	-0.0705962	0.9880700000000001	0.0	0.576492	-0.81682	0.0214962	0.0	-3.02862	-1.8427200000000001	-0.927693	0.344715	-0.393444	0.8966790000000001	0.202903	0.0	0.0640493	0.246901	-0.966922	0.0	-0.917115	-0.36743400000000004	-0.154574	0.0	2.56298	1.6785700000000001	1.07244	0.359746	
0	0.794847	0.595326	0.117498	0.0	-0.112603	-0.0455653	0.9925950000000001	0.0	0.596271	-0.802191	0.030817900000000002	0.0	-3.00943	-1.73815	-0.86821	0.34262800000000004	-0.400452	0.892767	0.206411	0.0	0.06770319999999999	0.253473	-0.9649700000000001	0.0	-0.9138129999999999	-0.37245	-0.161947	0.0	2.57422	1.65693	1.06292	0.359734	
0	0.780483	0.622959	0.0526064	0.0	-0.0736215	0.00802352	0.9972540000000001	0.0	0.620827	-0.782213	0.0521254	0.0	-2.98342	-1.56483	-0.740452	0.337994	-0.402962	0.891243	0.20810399999999998	0.0	0.06779260000000001	0.255824	-0.9643430000000001	0.0	-0.912703	-0.374485	-0.16350699999999999	0.0	2.58567	1.64137	1.04346	0.359742	
0	0.780511	0.622887	0.053056500000000006	0.0	-0.073778	0.00750394	0.9972469999999999	0.0	0.6207729999999999	-0.782276	0.051812199999999996	0.0	-2.98298	-1.55996	-0.740771	0.33816399999999996	-0.40295	0.891266	0.20802800000000002	0.0	0.06779439999999999	0.255741	-0.9643649999999999	0.0	-0.912708	-0.374488	-0.163474	0.0	2.5853900000000003	1.64117	1.04433	0.35974	
0	0.780516	0.622879	0.0530685	0.0	-0.07378689999999999	0.00749661	0.997246	0.0	0.620766	-0.7822819999999999	0.0518115	0.0	-2.9830099999999997	-1.5601	-0.740876	0.338163	-0.40295	0.891266	0.20802800000000002	0.0	0.0677948	0.255741	-0.9643649999999999	0.0	-0.912708	-0.374488	-0.163474	0.0	2.5853900000000003	1.6411799999999999	1.04434	0.35974	
0	0.780516	0.622879	0.0530685	0.0	-0.07378689999999999	0.00749658	0.997246	0.0	0.620766	-0.7822819999999999	0.0518115	0.0	-2.9830099999999997	-1.5601	-0.740875	0.33816399999999996	-0.40295	0.891266	0.20802800000000002	0.0	0.0677948	0.255741	-0.9643649999999999	0.0	-0.912708	-0.374488	-0.163474	0.0	2.5853900000000003	1.6411799999999999	1.04434	0.35974	
0	0.780516	0.622879	0.0530685	0.0	-0.07378689999999999	0.00749661	0.997246	0.0	0.620766	-0.7822819999999999	0.0518115	0.0	-2.9830099999999997	-1.5601	-0.740875	0.338163	-0.40295	0.891266	0.20802800000000002	0.0	0.0677947	0.255741	-0.9643649999999999	0.0	-0.912708	-0.374488	-0.163474	0.0	2.5853900000000003	1.6411799999999999	1.04434	0.35974	
0	0.780516	0.622879	0.0530685	0.0	-0.07378689999999999	0.00749658	0.997246	0.0	0.620766	-0.7822819999999999	0.0518115	0.0	-2.9830099999999997	-1.5601	-0.740875	0.338163	-0.40295	0.891266	0.20802800000000002	0.0	0.0677947	0.255741	-0.9643649999999999	0.0	-0.912708	-0.374488	-0.163474	0.0	2.5853900000000003	1.6411799999999999	1.04434	0.35974	
0	0.780516	0.622879	0.0530685	0.0	-0.07378689999999999	0.00749661	0.997246	0.0	0.620766	-0.7822819999999999	0.0518115	0.0	-2.9830099999999997	-1.5601	-0.740875	0.338163	-0.40295	0.891266	0.20802800000000002	0.0	0.0677948	0.255741	-0.9643649999999999	0.0	-0.912708	-0.374487	-0.163474	0.0	2.5853900000000003	1.6411799999999999	1.04434	0.359739	
0	0.780516	0.622879	0.0530685	0.0	-0.07378689999999999	0.00749658	0.997246	0.0	0.620766	-0.7822819999999999	0.0518115	0.0	-2.9830099999999997	-1.5601	-0.740875	0.338163	-0.40295	0.891266	0.208029	0.0	0.0677947	0.255741	-0.9643649999999999	0.0	-0.912708	-0.374488	-0.163474	0.0	2.5853900000000003	1.6411799999999999	1.04434	0.359739	
0	0.780516	0.622879	0.0530685	0.0	-0.07378689999999999	0.00749661	0.997246	0.0	0.620766	-0.7822819999999999	0.0518115	0.0	-2.9830099999999997	-1.5601	-0.740875	0.338163	-0.40295	0.891266	0.20802800000000002	0.0	0.0677948	0.255741	-0.9643649999999999	0.0	-0.912708	-0.374487	-0.163474	0.0	2.5853900000000003	1.6411799999999999	1.04434	0.359739	
0	0.780516	0.622879	0.0530685	0.0	-0.07378689999999999	0.00749661	0.997246	0.0	0.620766	-0.7822819999999999	0.0518115	0.0	-2.9830099999999997	-1.5601	-0.740875	0.338163	-0.40295	0.891266	0.208029	0.0	0.0677947	0.255741	-0.9643649999999999	0.0	-0.912708	-0.374488	-0.163474	0.0	2.5853900000000003	1.6411799999999999	1.04434	0.35974	
0	0.780516	0.622879	0.0530685	0.0	-0.07378689999999999	0.00749661	0.997246	0.0	0.620766	-0.7822819999999999	0.0518115	0.0	-2.9830099999999997	-1.5601	-0.740875	0.338163	-0.40295	0.891266	0.20802800000000002	0.0	0.0677947	0.255741	-0.9643649999999999	0.0	-0.912708	-0.374488	-0.163474	0.0	2.5853900000000003	1.6411799999999999	1.04434	0.359739	
0	0.780516	0.622879	0.0530685	0.0	-0.07378689999999999	0.00749658	0.997246	0.0	0.620766	-0.7822819999999999	0.0518115	0.0	-2.9830099999999997	-1.5601	-0.740875	0.33816399999999996	-0.40295	0.891266	0.20802800000000002	0.0	0.0677948	0.255741	-0.9643649999999999	0.0	-0.912708	-0.374487	-0.163474	0.0	2.5853900000000003	1.6411799999999999	1.04434	0.35974	
0	0.780516	0.622879	0.0530685	0.0	-0.07378689999999999	0.00749661	0.997246	0.0	0.620766	-0.7822819999999999	0.0518115	0.0	-2.9830099999999997	-1.5601	-0.740875	0.338163	-0.40295	0.891266	0.20802800000000002	0.0	0.0677948	0.255741	-0.9643649999999999	0.0	-0.912708	-0.374488	-0.163474	0.0	2.5853900000000003	1.6411799999999999	1.04434	0.359739	
0	0.238125	0.9496690000000001	-0.203533	0.0	0.0436517	0.19888499999999998	0.97905	0.0	0.970253	-0.24202100000000001	0.0059047	0.0	-2.95713	-1.5303799999999999	-0.8426959999999999	0.329925	-0.329708	0.937776	0.10894200000000001	0.0	0.058105	0.13533199999999998	-0.9890950000000001	0.0	-0.942293	-0.319782	-0.0991097	0.0	2.5525	1.62011	1.0959299999999998	0.346072	
0	0.160969	0.96006	-0.22885100000000003	0.0	0.0438221	0.224694	0.9734440000000001	0.0	0.985986	-0.166724	-0.00590312	0.0	-2.94638	-1.52024	-0.760965	0.328252	-0.323994	0.9409879999999999	0.097826	0.0	0.049668199999999996	0.120179	-0.991509	0.0	-0.9447549999999999	-0.316384	-0.0856746	0.0	2.53399	1.6012600000000001	1.10519	0.346752	
0	0.177069	0.962151	-0.207155	0.0	0.053400300000000005	0.20077899999999999	0.9781799999999999	0.0	0.982749	-0.18426700000000001	-0.0158276	0.0	-2.95821	-1.5465200000000001	-0.708212	0.329332	-0.327023	0.9409270000000001	0.0878216	0.0	0.043876099999999994	0.107949	-0.993188	0.0	-0.943997	-0.320942	-0.07658580000000001	0.0	2.52405	1.59018	1.12684	0.347249	
0	0.266538	0.957456	-0.11061099999999999	0.0	0.0837927	0.0913084	0.992291	0.0	0.960175	-0.273752	-0.055890699999999995	0.0	-2.9807200000000003	-1.62421	-0.669125	0.345316	-0.33515100000000003	0.9392879999999999	0.07356180000000001	0.0	0.0318217	0.08931789999999999	-0.995495	0.0	-0.941627	-0.3313	-0.0598251	0.0	2.51388	1.53483	1.1420299999999999	0.347427	
0	0.423659	0.897309	-0.123896	0.0	0.06484540000000001	0.10638199999999999	0.992209	0.0	0.9034979999999999	-0.428392	-0.013116599999999999	0.0	-2.96022	-1.8644	-0.649303	0.027065600000000002	-0.351498	0.9361889999999999	-6.84857e-05	0.0	0.0268996	0.0100266	-0.9995879999999999	0.0	-0.935802	-0.35135500000000003	-0.028707299999999998	0.0	2.46779	1.4559600000000001	1.19718	0.0274999	
0	0.549813	0.826607	-0.12011600000000001	0.0	0.12768	0.058941999999999994	0.9900629999999999	0.0	0.825472	-0.559685	-0.0731342	0.0	-3.13287	-1.99551	-0.675666	0.0	-0.36669	0.930322	0.00624722	0.0	0.04706180000000001	0.025255	-0.9985729999999999	0.0	-0.9291520000000001	-0.365872	-0.0530434	0.0	2.54452	1.43724	1.2168299999999999	0.0	
0	0.63867	0.765626	-0.0769194	0.0	0.10054099999999999	0.0160742	0.9948030000000001	0.0	0.762884	-0.643085	-0.06671110000000001	0.0	-3.1953400000000003	-2.2402599999999997	-0.7844270000000001	0.0	-0.35725300000000004	0.934006	-0.00159752	0.0	0.0192136	0.00563902	-0.9998	0.0	-0.93381	-0.357212	-0.0199602	0.0	2.52886	1.40159	1.2382799999999998	0.0	
0	0.7148140000000001	0.698922	-0.023448300000000002	0.0	0.0603135	-0.028210200000000005	0.9977809999999999	0.0	0.696709	-0.714642	-0.0623194	0.0	-3.21545	-2.54957	-0.8921379999999999	0.268353	-0.361716	0.932105	0.018500799999999998	0.0	0.047484399999999996	0.0382383	-0.9981399999999999	0.0	-0.9310780000000001	-0.360165	-0.058092	0.0	2.5533099999999997	1.4409	1.2208700000000001	0.269835	
0	0.761367	0.647992	-0.020656599999999997	0.0	0.0498134	-0.026701999999999997	0.998402	0.0	0.646405	-0.761179	-0.0526087	0.0	-3.22677	-2.8117400000000004	-1.05792	0.283154	-0.373096	0.9273290000000001	0.029348900000000004	0.0	0.0637451	0.05717919999999999	-0.9963270000000001	0.0	-0.925601	-0.36985500000000004	-0.08044630000000001	0.0	2.54904	1.43129	1.1536	0.336136	
0	0.7780779999999999	0.628166	-0.00177392	0.0	0.0317847	-0.0365496	0.998826	0.0	0.627363	-0.777221	-0.0484045	0.0	-3.22762	-3.02776	-1.21874	0.316204	-0.372576	0.927524	0.0297939	0.0	0.06441759999999999	0.0578769	-0.996243	0.0	-0.9257629999999999	-0.369257	-0.08131260000000001	0.0	2.54858	1.4250200000000002	1.15582	0.339993	
0	0.789003	0.614384	0.00260186	0.0	0.0261	-0.0377486	0.9989459999999999	0.0	0.613835	-0.788104	-0.0458192	0.0	-3.21165	-3.13733	-1.29962	0.338808	-0.37295100000000003	0.927383	0.0294726	0.0	0.065571	0.058027699999999995	-0.996159	0.0	-0.925532	-0.369586	-0.08245119999999999	0.0	2.5488299999999997	1.42846	1.16215	0.34182399999999996	
0	0.815121	0.5786789999999999	0.0266195	0.0	-0.0076116	-0.035249	0.99935	0.0	0.579241	-0.814793	-0.024327500000000002	0.0	-3.1726	-3.4011699999999996	-1.4908299999999999	0.34934499999999996	-0.37932	0.9244690000000001	0.0383884	0.0	0.0683054	0.0693541	-0.995251	0.0	-0.922741	-0.374896	-0.08945360000000001	0.0	2.5481599999999998	1.44351	1.1475899999999999	0.346321	
0	0.822932	0.567178	0.0330324	0.0	-0.014200899999999999	-0.0375886	0.999192	0.0	0.567962	-0.822737	-0.0228785	0.0	-3.16609	-3.4692800000000004	-1.53078	0.349475	-0.379996	0.924119	0.040085699999999995	0.0	0.0679032	0.07108869999999999	-0.9951559999999999	0.0	-0.922493	-0.375433	-0.08976410000000001	0.0	2.54793	1.44097	1.13996	0.347657	
0	0.835976	0.547042	0.04346830000000001	0.0	-0.026793400000000002	-0.038428500000000004	0.9989020000000001	0.0	0.548112	-0.8362229999999999	-0.017468200000000003	0.0	-3.10633	-3.60906	-1.6479700000000002	0.349033	-0.384855	0.9218780000000001	0.0450375	0.0	0.0677798	0.07689249999999999	-0.994733	0.0	-0.920485	-0.379775	-0.09207739999999999	0.0	2.54292	1.4319600000000001	1.1370200000000001	0.348995	
0	0.839873	0.540737	0.0470874	0.0	-0.0332051	-0.035403199999999996	0.998821	0.0	0.541767	-0.8404459999999999	-0.011779000000000001	0.0	-3.10226	-3.62655	-1.6569200000000002	0.346974	-0.385146	0.9217120000000001	0.0459188	0.0	0.0673563	0.07770039999999999	-0.994699	0.0	-0.920394	-0.380011	-0.0920091	0.0	2.54345	1.4349299999999998	1.1416600000000001	0.349258	
0	0.8550629999999999	0.516885	0.0412081	0.0	-0.034410199999999995	-0.0227327	0.999149	0.0	0.517382	-0.8557530000000001	-0.00165172	0.0	-3.0806400000000003	-3.68296	-1.6654099999999998	0.344375	-0.386178	0.921259	0.046357199999999994	0.0	0.0677803	0.07846080000000001	-0.99461	0.0	-0.9199309999999999	-0.38095500000000004	-0.09274299999999999	0.0	2.54232	1.4343	1.1446	0.35026799999999997	
0	0.865282	0.500318	0.031130200000000004	0.0	-0.0306668	-0.00915192	0.9994879999999999	0.0	0.500346	-0.8657940000000001	0.00742415	0.0	-3.05389	-3.71561	-1.6738	0.34366399999999997	-0.386846	0.920985	0.046234	0.0	0.0677302	0.07837960000000001	-0.9946200000000001	0.0	-0.9196540000000001	-0.381633	-0.0926993	0.0	2.54403	1.4368	1.15911	0.350275	
0	0.878892	0.47701899999999997	0.00133151	0.0	-0.0174941	0.0294426	0.9994129999999999	0.0	0.4767	-0.8784	0.0342219	0.0	-3.03335	-3.6909	-1.73184	0.303214	-0.388087	0.920374	0.0479633	0.0	0.0672768	0.0801945	-0.994506	0.0	-0.919164	-0.382728	-0.0930423	0.0	2.54333	1.43781	1.17088	0.350909	
0	0.8969280000000001	0.43328199999999994	-0.0882441	0.0	0.035223199999999996	0.128922	0.991029	0.0	0.44077200000000005	-0.89199	0.100372	0.0	-2.98758	-3.60859	-1.8358900000000002	0.110697	-0.388909	0.9200010000000001	0.04846040000000001	0.0	0.0667227	0.0805905	-0.9945120000000001	0.0	-0.9188569999999999	-0.38354099999999997	-0.0927275	0.0	2.54251	1.43902	1.17497	0.351487	
0	0.892473	0.43375	-0.12390599999999999	0.0	0.07688400000000001	0.12439700000000001	0.9892489999999999	0.0	0.4445	-0.8924049999999999	0.0776722	0.0	-2.95902	-3.58074	-1.8104	0.110606	-0.390063	0.919477	0.0491228	0.0	0.06720910000000001	0.08163680000000001	-0.9943930000000001	0.0	-0.9183319999999999	-0.38457399999999997	-0.0936407	0.0	2.54221	1.4419899999999999	1.17676	0.35131399999999996	
0	0.882642	0.435854	-0.175993	0.0	0.134461	0.124648	0.9830479999999999	0.0	0.450403	-0.891344	0.0514141	0.0	-2.94501	-3.56049	-1.79581	0.110392	-0.393742	0.9176540000000001	0.053654099999999996	0.0	0.06586710000000001	0.0863844	-0.994082	0.0	-0.916858	-0.387878	-0.0944567	0.0	2.53955	1.43957	1.1810200000000002	0.351445	
0	0.870194	0.44162299999999993	-0.21847800000000003	0.0	0.163956	0.158607	0.973634	0.0	0.464631	-0.8830709999999999	0.06561189999999999	0.0	-2.93356	-3.5352099999999997	-1.7843	0.109706	-0.401196	0.9138959999999999	0.061934	0.0	0.06551810000000001	0.0960715	-0.993216	0.0	-0.913646	-0.394416	-0.0984203	0.0	2.53947	1.45094	1.1802700000000002	0.351538	
0	0.8613209999999999	0.44723500000000005	-0.241056	0.0	0.179817	0.175403	0.967936	0.0	0.47517600000000004	-0.877049	0.0706581	0.0	-2.92678	-3.52282	-1.7888099999999998	0.11038800000000001	-0.400032	0.914341	0.0628865	0.0	0.0653472	0.0968965	-0.9931469999999999	0.0	-0.914169	-0.393181	-0.09851139999999999	0.0	2.54101	1.45731	1.1595799999999998	0.351393	
0	0.8345379999999999	0.470351	-0.286907	0.0	0.21535900000000002	0.20083	0.9556610000000001	0.0	0.507116	-0.859324	0.0663062	0.0	-2.95161	-3.49919	-1.6837799999999998	0.11048800000000002	-0.43177200000000004	0.8977629999999999	0.08715389999999999	0.0	0.053676699999999994	0.122028	-0.991074	0.0	-0.900385	-0.42323999999999995	-0.100877	0.0	2.53156	1.49433	1.12794	0.354017	
0	0.809697	0.513642	-0.28383600000000003	0.0	0.21235900000000002	0.194434	0.9576530000000001	0.0	0.547078	-0.835684	0.0483565	0.0	-2.90957	-3.40942	-1.50405	0.109867	-0.488241	0.863893	0.123733	0.0	0.0313766	0.159065	-0.986769	0.0	-0.8721450000000001	-0.47789899999999996	-0.104768	0.0	2.5365	1.55941	1.12089	0.358966	
0	0.794628	0.541658	-0.27417600000000003	0.0	0.21228899999999998	0.17519400000000002	0.961374	0.0	0.56877	-0.82214	0.0242262	0.0	-2.88355	-3.21112	-1.46065	0.109856	-0.507938	0.850124	0.138878	0.0	0.020673300000000002	0.173209	-0.984668	0.0	-0.861145	-0.49727899999999997	-0.105555	0.0	2.5557	1.59085	1.0804799999999999	0.358879	
0	0.761161	0.608021	-0.225708	0.0	0.205619	0.103827	0.973109	0.0	0.615106	-0.7871020000000001	-0.045991500000000005	0.0	-2.8772	-2.72283	-1.37553	0.10987100000000001	-0.535679	0.8245950000000001	0.18191	0.0	0.00376749	0.217757	-0.9759959999999999	0.0	-0.8444139999999999	-0.522135	-0.119754	0.0	2.60985	1.70205	0.938177	0.35917899999999997	
0	0.763782	0.632037	-0.13101600000000002	0.0	0.18970499999999998	-0.0257914	0.9815020000000001	0.0	0.616967	-0.774509	-0.1396	0.0	-2.77731	-2.1438599999999997	-1.31561	0.109866	-0.5616300000000001	0.802756	0.20038499999999998	0.0	-0.00602123	0.23821799999999999	-0.9711930000000001	0.0	-0.827367	-0.546657	-0.128957	0.0	2.6186700000000003	1.7478900000000002	0.816294	0.359584	
0	0.763614	0.640501	-0.0815633	0.0	0.180081	-0.0899589	0.9795299999999999	0.0	0.620052	-0.762671	-0.18403599999999998	0.0	-2.77362	-1.90356	-1.30552	0.110443	-0.562257	0.7999970000000001	0.20945500000000003	0.0	-0.0109365	0.246067	-0.969191	0.0	-0.82689	-0.547225	-0.129604	0.0	2.60616	1.76765	0.77015	0.359684	
0	0.7324069999999999	0.680602	0.0189945	0.0	0.172458	-0.21242800000000003	0.961838	0.0	0.658664	-0.701182	-0.272959	0.0	-2.7412	-1.37174	-1.2892700000000001	0.109839	-0.534676	0.810024	0.240796	0.0	-0.024641	0.269881	-0.962578	0.0	-0.844698	-0.520601	-0.124339	0.0	2.4926	1.81207	0.673059	0.35985700000000004	
0	0.664613	0.744459	0.0637983	0.0	0.157917	-0.223408	0.9618479999999999	0.0	0.73031	-0.629181	-0.266043	0.0	-2.66368	-1.15088	-1.27837	0.10986300000000002	-0.508047	0.817419	0.271505	0.0	-0.038513900000000004	0.293342	-0.9552309999999999	0.0	-0.860468	-0.495759	-0.11755	0.0	2.34345	1.7942900000000002	0.6209520000000001	0.35993600000000003	
1	0.539168	0.840102	0.0593874	0.0	0.12232799999999999	-0.147885	0.98141	0.0	0.833267	-0.52188	-0.182503	0.0	-2.52828	-1.1224	-1.28583	0.109856	-0.49578	0.814804	0.30049499999999996	0.0	-0.049455400000000004	0.318963	-0.946476	0.0	-0.8670389999999999	-0.484104	-0.11783900000000001	0.0	2.20218	1.79129	0.591817	0.359727	
1	0.465275	0.884639	0.030538799999999998	0.0	0.0956964	-0.08457	0.991812	0.0	0.879978	-0.458542	-0.12400499999999999	0.0	-2.41898	-1.1629	-1.26491	0.109859	-0.4912	0.808192	0.324882	0.0	-0.065818	0.337474	-0.939031	0.0	-0.868556	-0.48263500000000004	-0.11257400000000001	0.0	2.14375	1.7698599999999998	0.5687989999999999	0.359637	
1	0.302581	0.9477690000000001	-0.10089400000000001	0.0	0.013547499999999999	0.101569	0.9947360000000001	0.0	0.9530270000000001	-0.30235500000000004	0.0178929	0.0	-2.06308	-1.37306	-1.23508	0.10986199999999999	-0.45988599999999996	0.777999	0.428044	0.0	-0.131274	0.417181	-0.899293	0.0	-0.8782209999999999	-0.469763	-0.0897251	0.0	2.01366	1.6965400000000002	0.521226	0.359454	
1	0.20585900000000001	0.948067	-0.242468	0.0	-0.047655300000000005	0.257193	0.965184	0.0	0.9774209999999999	-0.187137	0.0981257	0.0	-1.83749	-1.46306	-1.1882700000000002	0.110449	-0.450992	0.729775	0.513844	0.0	-0.180514	0.48923900000000003	-0.8532639999999999	0.0	-0.8740829999999999	-0.477571	-0.08890830000000001	0.0	1.9230200000000002	1.63778	0.521093	0.359444	
1	0.168349	0.9377540000000001	-0.30377	0.0	-0.0828727	0.320542	0.943602	0.0	0.9822379999999999	-0.133681	0.131677	0.0	-1.7104599999999999	-1.48694	-1.14455	0.109866	-0.444931	0.692385	0.568013	0.0	-0.21302100000000002	0.534225	-0.818062	0.0	-0.8698610000000001	-0.48498	-0.090201	0.0	1.85781	1.6120700000000001	0.532028	0.359319	
1	0.0830131	0.893091	-0.44215	0.0	-0.155003	0.44985299999999995	0.879549	0.0	0.9844200000000001	-0.00447929	0.175776	0.0	-1.50451	-1.4559799999999998	-1.1109	0.110455	-0.424533	0.5831930000000001	0.692574	0.0	-0.301098	0.630454	-0.71545	0.0	-0.853881	-0.512264	-0.09205010000000001	0.0	1.70501	1.50595	0.558363	0.359209	
1	0.0442925	0.866864	-0.49657399999999996	0.0	-0.18729500000000002	0.495453	0.848202	0.0	0.9813049999999999	0.0554367	0.184304	0.0	-1.40676	-1.3666399999999999	-1.08965	0.110678	-0.418523	0.48574399999999995	0.767393	0.0	-0.36764	0.682021	-0.632209	0.0	-0.83047	-0.546718	-0.10686300000000001	0.0	1.5881299999999998	1.43052	0.584896	0.35894699999999996	
1	0.0182433	0.843192	-0.537304	0.0	-0.223077	0.5272789999999999	0.819886	0.0	0.9746299999999999	0.104903	0.197716	0.0	-1.3589200000000001	-1.3182200000000002	-1.08799	0.110448	-0.41645600000000005	0.449011	0.7905399999999999	0.0	-0.399944	0.690398	-0.602823	0.0	-0.816462	-0.567221	-0.10794100000000001	0.0	1.52191	1.36531	0.6081270000000001	0.35914	
1	-0.0135023	0.79967	-0.6002890000000001	0.0	-0.27229899999999996	0.574713	0.771724	0.0	0.962118	0.173878	0.20998899999999998	0.0	-1.2888	-1.1807	-1.00599	0.110635	-0.410529	0.380393	0.828714	0.0	-0.451043	0.705146	-0.547111	0.0	-0.792481	-0.59839	-0.11790899999999999	0.0	1.3716700000000002	1.21356	0.617004	0.359121	
1	-0.015842500000000002	0.785003	-0.619289	0.0	-0.295185	0.5880890000000001	0.753005	0.0	0.955309	0.194734	0.222404	0.0	-1.26187	-1.1333799999999998	-0.968715	0.110616	-0.412546	0.36045	0.8365889999999999	0.0	-0.46257200000000004	0.708272	-0.533271	0.0	-0.784751	-0.606981	-0.125462	0.0	1.33833	1.17698	0.613739	0.359241	
1	0.00780708	0.733935	-0.679175	0.0	-0.387117	0.628454	0.674675	0.0	0.921998	0.257653	0.289025	0.0	-1.2207299999999999	-1.0633	-0.834233	0.10978199999999999	-0.401285	0.31548200000000004	0.859908	0.0	-0.498015	0.712769	-0.493904	0.0	-0.768734	-0.6264430000000001	-0.128909	0.0	1.2391299999999998	1.05721	0.570731	0.359541	
1	0.0238994	0.721414	-0.692091	0.0	-0.405837	0.63968	0.652768	0.0	0.913633	0.265276	0.30806500000000003	0.0	-1.19675	-1.04186	-0.749606	0.109753	-0.395383	0.30692800000000003	0.865718	0.0	-0.501352	0.717618	-0.48339499999999996	0.0	-0.769622	-0.625155	-0.129855	0.0	1.2043	1.03837	0.559405	0.359589	
1	0.0352103	0.7115630000000001	-0.701739	0.0	-0.410757	0.650428	0.6389229999999999	0.0	0.911065	0.26574699999999996	0.315181	0.0	-1.17323	-1.02619	-0.683484	0.109633	-0.38895799999999997	0.298763	0.871466	0.0	-0.50834	0.7193069999999999	-0.473484	0.0	-0.768311	-0.627166	-0.127907	0.0	1.1567100000000001	1.03662	0.560305	0.359566	
1	0.153899	0.7081770000000001	-0.689058	0.0	-0.42929799999999996	0.676029	0.598905	0.0	0.8899540000000001	0.20364000000000002	0.408059	0.0	-1.09517	-1.1751	-0.35477800000000004	0.109785	-0.387538	0.277368	0.8791370000000001	0.0	-0.519523	0.7220810000000001	-0.45683100000000004	0.0	-0.761519	-0.633771	-0.135735	0.0	0.9723569999999999	0.9863219999999999	0.4686	0.35982	
1	0.21736399999999997	0.7055140000000001	-0.674539	0.0	-0.451621	0.685335	0.571274	0.0	0.8653270000000001	0.18046199999999998	0.467592	0.0	-1.0594	-1.29639	-0.192473	0.109747	-0.38953499999999996	0.275582	0.8788159999999999	0.0	-0.520872	0.721017	-0.456975	0.0	-0.759576	-0.635758	-0.137318	0.0	0.90815	0.9675030000000001	0.43286099999999994	0.36001	
1	0.24763000000000002	0.7004	-0.669417	0.0	-0.454801	0.694113	0.557999	0.0	0.855474	0.166275	0.49042600000000003	0.0	-1.04062	-1.34596	-0.08865060000000001	0.109162	-0.388608	0.275897	0.879127	0.0	-0.51968	0.722252	-0.456383	0.0	-0.7608659999999999	-0.634219	-0.137295	0.0	0.876713	0.9575879999999999	0.414732	0.360211	
1	0.277015	0.680723	-0.678144	0.0	-0.46193900000000004	0.713201	0.527216	0.0	0.842541	0.167214	0.51202	0.0	-1.04765	-1.41163	0.0827025	0.109598	-0.38811100000000004	0.279895	0.8780819999999999	0.0	-0.527468	0.71383	-0.460678	0.0	-0.755743	-0.641954	-0.12941	0.0	0.7985329999999999	0.929069	0.40918499999999997	0.360829	
1	0.272832	0.6894560000000001	-0.670979	0.0	-0.464373	0.7051890000000001	0.535786	0.0	0.842568	0.165405	0.512563	0.0	-1.06731	-1.41665	0.10494500000000001	0.109607	-0.38468	0.281543	0.879065	0.0	-0.533425	0.7094159999999999	-0.46063699999999996	0.0	-0.753312	-0.646113	-0.122716	0.0	0.7438779999999999	0.875677	0.422835	0.360579	
1	0.274039	0.6908350000000001	-0.6690659999999999	0.0	-0.46546400000000004	0.7040609999999999	0.5363220000000001	0.0	0.8415729999999999	0.164453	0.5145	0.0	-1.0665200000000001	-1.41957	0.11025	0.10959200000000001	-0.384996	0.283991	0.878138	0.0	-0.542617	0.700009	-0.464279	0.0	-0.746556	-0.655238	-0.115402	0.0	0.717651	0.8367459999999999	0.42897299999999994	0.360321	
1	0.267271	0.7186560000000001	-0.64195	0.0	-0.4793	0.677076	0.558426	0.0	0.835965	0.158435	0.525415	0.0	-1.05525	-1.4209200000000002	0.117895	0.109608	-0.38389	0.301297	0.87284	0.0	-0.564207	0.671746	-0.480029	0.0	-0.730957	-0.676741	-0.0878822	0.0	0.671721	0.7103	0.490068	0.360012	
1	0.24073699999999998	0.768301	-0.593092	0.0	-0.500222	0.621871	0.60254	0.0	0.831759	0.151624	0.534029	0.0	-1.05166	-1.41346	0.124325	0.10969300000000001	-0.37457199999999996	0.326397	0.867848	0.0	-0.591054	0.637108	-0.494721	0.0	-0.714388	-0.698254	-0.0457246	0.0	0.645728	0.607594	0.5550510000000001	0.360211	
1	0.205738	0.808232	-0.551754	0.0	-0.514373	0.568962	0.64164	0.0	0.832522	0.151798	0.53279	0.0	-1.05711	-1.3940299999999999	0.124545	0.10968800000000001	-0.369261	0.362181	0.8558450000000001	0.0	-0.616338	0.593813	-0.517217	0.0	-0.695538	-0.718478	0.00395381	0.0	0.625988	0.45061	0.669014	0.35972600000000005	
1	0.19830899999999999	0.814942	-0.544557	0.0	-0.516353	0.559106	0.6486770000000001	0.0	0.8330989999999999	0.15254500000000001	0.531673	0.0	-1.0591899999999999	-1.37941	0.122873	0.109694	-0.360793	0.406145	0.839568	0.0	-0.6207050000000001	0.5673159999999999	-0.5411819999999999	0.0	-0.696099	-0.716379	0.047412300000000004	0.0	0.636521	0.391874	0.744891	0.359528	
1	0.199011	0.8167760000000001	-0.5415449999999999	0.0	-0.518019	0.556763	0.649362	0.0	0.8318959999999999	0.151301	0.5339079999999999	0.0	-1.0585	-1.38069	0.122832	0.109678	-0.355033	0.46664399999999995	0.810059	0.0	-0.616959	0.534057	-0.578052	0.0	-0.702362	-0.705001	0.09829199999999999	0.0	0.652468	0.36470199999999997	0.797246	0.359319	
1	0.197581	0.818856	-0.538922	0.0	-0.519592	0.553661	0.650756	0.0	0.831255	0.151443	0.534864	0.0	-1.04866	-1.3766200000000002	0.126038	0.10968599999999999	-0.341124	0.536874	0.771622	0.0	-0.631985	0.476671	-0.6110479999999999	0.0	-0.695866	-0.6960970000000001	0.17669300000000002	0.0	0.680269	0.322325	0.962522	0.35893800000000003	
1	0.197755	0.8195399999999999	-0.537818	0.0	-0.5199090000000001	0.552814	0.6512220000000001	0.0	0.831016	0.150834	0.535408	0.0	-1.0521399999999999	-1.37867	0.126388	0.10968900000000001	-0.34481	0.545188	0.7641180000000001	0.0	-0.6418159999999999	0.457088	-0.615746	0.0	-0.684966	-0.702738	0.192302	0.0	0.697459	0.297186	1.08241	0.358581	
