0	0.2164	0.9678979999999999	-0.12784700000000002	0.0	0.420838	0.0256829	0.9067719999999999	0.0	0.8809469999999999	-0.25002800000000003	-0.40176999999999996	0.0	-2.80937	1.90993	1.47748	0.0	-0.17741700000000002	0.9677540000000001	-0.178817	0.0	0.234875	-0.134811	-0.9626319999999999	0.0	-0.9556969999999999	-0.21278699999999998	-0.20338399999999998	0.0	2.65467	2.02178	1.55778	0.0	
0	0.173824	0.9693649999999999	-0.173542	0.0	0.381407	0.09620160000000001	0.9193879999999999	0.0	0.907917	-0.226002	-0.353001	0.0	-2.7707599999999997	1.86432	1.54201	0.0	-0.155319	0.970074	-0.186637	0.0	0.168363	-0.160172	-0.972625	0.0	-0.973412	-0.182489	-0.13844700000000001	0.0	2.6475	2.01804	1.55807	0.0	
0	0.16386099999999998	0.978621	-0.124301	0.0	0.347546	0.0606557	0.935699	0.0	0.923234	-0.196525	-0.330177	0.0	-2.69027	1.8621599999999998	1.55792	0.0	-0.13930399999999998	0.973989	-0.17871800000000002	0.0	0.135605	-0.16001400000000002	-0.977756	0.0	-0.9809209999999999	-0.160441	-0.10978800000000001	0.0	2.60324	2.02261	1.58281	0.0377406	
0	0.153288	0.987655	0.0322647	0.0	0.323276	-0.0809743	0.9428340000000001	0.0	0.9338069999999999	-0.134095	-0.33169699999999996	0.0	-2.78039	1.93629	1.49409	0.34865	-0.175386	0.97457	-0.139478	0.0	0.180315	-0.10747899999999999	-0.977719	0.0	-0.9678459999999999	-0.196628	-0.15688	0.0	2.62754	2.0485700000000002	1.58669	0.361064	
0	0.13403900000000002	0.990291	0.0368461	0.0	0.309664	-0.07717560000000001	0.947709	0.0	0.941351	-0.11562	-0.317002	0.0	-2.75293	1.96626	1.48726	0.34860599999999997	-0.167629	0.976133	-0.13808	0.0	0.172895	-0.10878299999999999	-0.978915	0.0	-0.970571	-0.187968	-0.150534	0.0	2.60518	2.03756	1.58281	0.360716	
0	0.177372	0.9825440000000001	0.056084	0.0	0.28765	-0.10625799999999999	0.951823	0.0	0.941168	-0.152694	-0.301476	0.0	-2.7391799999999997	1.9481099999999998	1.5305600000000001	0.346508	-0.192079	0.9740219999999999	-0.11994500000000001	0.0	0.163201	-0.0888163	-0.9825870000000001	0.0	-0.967714	-0.20831	-0.141902	0.0	2.58575	1.9915900000000002	1.60679	0.36034499999999997	
0	0.28360100000000005	0.9586959999999999	0.021726	0.0	0.22332800000000003	-0.0880643	0.970757	0.0	0.932575	-0.270456	-0.23907899999999999	0.0	-2.72345	1.73633	1.61932	0.207697	-0.233658	0.9691350000000001	-0.0786268	0.0	0.147545	-0.044588300000000004	-0.98805	0.0	-0.961059	-0.24246700000000002	-0.132573	0.0	2.5788900000000003	1.91083	1.59982	0.337961	
0	0.307552	0.950784	-0.0377045	0.0	0.20640799999999998	-0.027981	0.978066	0.0	0.928874	-0.308589	-0.204855	0.0	-2.7497	1.53257	1.68402	0.0	-0.26760300000000004	0.9632200000000001	-0.0244333	0.0	0.0906704	-7.170439999999999e-05	-0.9958809999999999	0.0	-0.959254	-0.268716	-0.08731649999999999	0.0	2.6010299999999997	1.79615	1.58206	0.0009432210000000001	
0	0.315108	0.9489920000000001	-0.0110141	0.0	0.18002	-0.048372399999999996	0.9824729999999999	0.0	0.931826	-0.31156799999999996	-0.18608	0.0	-2.7725	1.43858	1.68354	0.0	-0.344432	0.93881	-0.00170037	0.0	0.0418518	0.0135452	-0.9990319999999999	0.0	-0.9378780000000001	-0.34417	-0.043956300000000004	0.0	2.68528	1.63616	1.5317100000000001	0.0116773	
0	0.37136399999999997	0.9265450000000001	0.060025999999999996	0.0	0.160601	-0.127775	0.978714	0.0	0.914493	-0.353819	-0.19625499999999999	0.0	-2.80383	1.39219	1.65704	0.21354800000000002	-0.445641	0.8932030000000001	0.0599327	0.0	0.0457905	0.089604	-0.994924	0.0	-0.89404	-0.44063500000000005	-0.0808316	0.0	2.73014	1.50088	1.47058	0.323971	
0	0.427558	0.8985479999999999	0.09902799999999999	0.0	0.0854668	-0.14923499999999998	0.985101	0.0	0.8999389999999999	-0.412724	-0.140603	0.0	-2.79794	1.21288	1.62087	0.346857	-0.517063	0.852658	0.07496839999999999	0.0	0.00904909	0.09302569999999999	-0.9956229999999999	0.0	-0.855899	-0.5141220000000001	-0.055816099999999993	0.0	2.64292	1.33297	1.3694600000000001	0.35933000000000004	
0	0.46507299999999996	0.878611	0.10839700000000001	0.0	0.0285681	-0.137276	0.9901209999999999	0.0	0.884812	-0.45738100000000004	-0.0889435	0.0	-2.76553	1.04902	1.61542	0.347644	-0.5341239999999999	0.8403229999999999	0.0925663	0.0	-0.0164298	0.0991547	-0.994936	0.0	-0.845247	-0.53294	-0.0391546	0.0	2.5829299999999997	1.29332	1.32521	0.359683	
0	0.506502	0.853145	0.124902	0.0	-0.0433531	-0.119477	0.9918899999999999	0.0	0.8611489999999999	-0.5078090000000001	-0.0235287	0.0	-2.73333	0.8092520000000001	1.60499	0.34678600000000004	-0.526088	0.843477	0.108528	0.0	-0.0194727	0.11563499999999999	-0.993101	0.0	-0.8502069999999999	-0.524572	-0.044409500000000005	0.0	2.49362	1.3159399999999999	1.23109	0.359676	
0	0.5497340000000001	0.827382	0.11502799999999999	0.0	-0.102302	-0.0699826	0.992289	0.0	0.829052	-0.5572630000000001	0.046171	0.0	-2.69613	0.5032770000000001	1.5739100000000001	0.347265	-0.521049	0.844499	0.12381400000000001	0.0	-0.0110302	0.138388	-0.990317	0.0	-0.853456	-0.517369	-0.06279169999999999	0.0	2.42613	1.32054	1.14686	0.360078	
0	0.630919	0.767517	0.1134	0.0	-0.13667200000000002	-0.0339287	0.990035	0.0	0.763716	-0.64013	0.0834918	0.0	-2.73211	0.152016	1.5164600000000001	0.346312	-0.5232060000000001	0.840208	0.142502	0.0	-0.007922199999999999	0.162412	-0.986691	0.0	-0.8521700000000001	-0.517371	-0.0783188	0.0	2.38718	1.27749	1.08364	0.360363	
0	0.678547	0.724827	0.11916800000000001	0.0	-0.15442899999999998	-0.017841	0.987843	0.0	0.718141	-0.6887	0.0998281	0.0	-2.7866299999999997	-0.141578	1.4174	0.346975	-0.530964	0.8334459999999999	0.153121	0.0	-0.00484616	0.177707	-0.984072	0.0	-0.8473809999999999	-0.5232479999999999	-0.09031710000000001	0.0	2.37784	1.23262	1.05429	0.360456	
0	0.711899	0.693235	0.11235899999999999	0.0	-0.167444	0.0121744	0.985806	0.0	0.682028	-0.720608	0.12474500000000001	0.0	-2.81472	-0.409547	1.28375	0.347671	-0.538197	0.828003	0.157338	0.0	0.00286379	0.188476	-0.982074	0.0	-0.842814	-0.528099	-0.103809	0.0	2.4010599999999998	1.21682	1.0372	0.360494	
0	0.733004	0.671531	0.108402	0.0	-0.181733	0.039762099999999995	0.9825440000000001	0.0	0.6554979999999999	-0.739909	0.15118499999999999	0.0	-2.83204	-0.6173390000000001	1.13656	0.347538	-0.5348229999999999	0.829893	0.158877	0.0	0.0153715	0.197553	-0.9801719999999999	0.0	-0.844824	-0.521777	-0.118413	0.0	2.41843	1.21353	0.9849180000000001	0.360476	
0	0.731216	0.672257	0.11573	0.0	-0.199702	0.0487423	0.9786440000000001	0.0	0.652259	-0.738712	0.16989200000000002	0.0	-2.79752	-0.748252	0.991835	0.34616199999999997	-0.5256029999999999	0.8348120000000001	0.163802	0.0	0.026085300000000002	0.208267	-0.9777239999999999	0.0	-0.8503299999999999	-0.509622	-0.131242	0.0	2.42607	1.20813	0.929543	0.36032	
0	0.723378	0.682423	0.10498900000000001	0.0	-0.202347	0.0641499	0.977211	0.0	0.660136	-0.728137	0.18449100000000002	0.0	-2.73526	-0.810705	0.8412649999999999	0.340429	-0.519476	0.8382799999999999	0.165624	0.0	0.034925599999999994	0.214497	-0.9761	0.0	-0.853771	-0.501276	-0.140704	0.0	2.42834	1.21456	0.897458	0.360423	
0	0.695064	0.714986	0.0753701	0.0	-0.194771	0.08634960000000001	0.9770399999999999	0.0	0.692062	-0.693786	0.199277	0.0	-2.68721	-0.8128270000000001	0.682477	0.33383	-0.51259	0.842333	0.166511	0.0	0.0401471	0.21722600000000003	-0.975295	0.0	-0.8576940000000001	-0.493242	-0.14516500000000002	0.0	2.42568	1.22916	0.889813	0.360296	
0	0.672763	0.7376149999999999	0.0575612	0.0	-0.183122	0.0906313	0.9789040000000001	0.0	0.716837	-0.669111	0.196047	0.0	-2.64479	-0.7977270000000001	0.512173	0.330517	-0.512131	0.8424459999999999	0.167352	0.0	0.0390581	0.217484	-0.975282	0.0	-0.8580190000000001	-0.492936	-0.144285	0.0	2.4138599999999997	1.22433	0.8888389999999999	0.36037399999999997	
0	0.666775	0.743835	0.0460482	0.0	-0.17793399999999998	0.09888989999999999	0.9790610000000001	0.0	0.7237060000000001	-0.661007	0.19829000000000002	0.0	-2.61574	-0.825116	0.32959299999999997	0.330077	-0.512566	0.842475	0.165866	0.0	0.041161800000000005	0.21705700000000003	-0.975291	0.0	-0.857661	-0.493073	-0.14593399999999998	0.0	2.41146	1.22939	0.8947219999999999	0.36035300000000003	
0	0.665258	0.745915	0.0322946	0.0	-0.174757	0.113515	0.9780459999999999	0.0	0.725874	-0.656296	0.20586999999999997	0.0	-2.5651	-0.867236	0.170932	0.329273	-0.511088	0.843298	0.166246	0.0	0.0413429	0.21731	-0.9752270000000001	0.0	-0.858534	-0.49155299999999996	-0.145929	0.0	2.40703	1.22605	0.9012959999999999	0.360281	
0	0.668583	0.7431939999999999	0.025666700000000004	0.0	-0.178534	0.126913	0.975714	0.0	0.721888	-0.656928	0.217538	0.0	-2.5121700000000002	-0.9142049999999999	0.042674699999999996	0.32945599999999997	-0.510285	0.8433649999999999	0.16835999999999998	0.0	0.038995800000000004	0.218255	-0.9751120000000001	0.0	-0.8591209999999999	-0.49101999999999996	-0.14426	0.0	2.3985	1.21941	0.9089520000000001	0.360304	
0	0.6857989999999999	0.7275659999999999	0.018085	0.0	-0.192774	0.157633	0.968499	0.0	0.701796	-0.667682	0.24836100000000003	0.0	-2.44232	-0.992094	-0.033747000000000006	0.328835	-0.511667	0.842874	0.166613	0.0	0.039135	0.21658200000000002	-0.9754799999999999	0.0	-0.858292	-0.4926	-0.143804	0.0	2.38928	1.21295	0.913565	0.360227	
0	0.6931470000000001	0.720676	0.0131625	0.0	-0.20052999999999999	0.175266	0.963883	0.0	0.69234	-0.670752	0.266002	0.0	-2.3858099999999998	-1.05803	-0.11923900000000001	0.32948	-0.512944	0.84221	0.166046	0.0	0.038824300000000006	0.21599400000000002	-0.9756229999999999	0.0	-0.8575440000000001	-0.493993	-0.143491	0.0	2.39134	1.21231	0.919673	0.36031599999999997	
0	0.703097	0.710825	0.0195318	0.0	-0.211619	0.18293800000000002	0.9600790000000001	0.0	0.678875	-0.679162	0.279047	0.0	-2.28335	-1.14398	-0.22577600000000003	0.328868	-0.515223	0.8408690000000001	0.165785	0.0	0.0397641	0.21668	-0.975433	0.0	-0.856133	-0.49597299999999994	-0.145075	0.0	2.40338	1.21423	0.928359	0.36034099999999997	
0	0.721802	0.691774	0.021215099999999997	0.0	-0.21359899999999998	0.19350499999999998	0.957565	0.0	0.6583140000000001	-0.695704	0.287435	0.0	-2.22341	-1.2685600000000001	-0.31502199999999997	0.328759	-0.515865	0.840516	0.165582	0.0	0.0403678	0.216921	-0.975354	0.0	-0.855719	-0.49646599999999996	-0.145832	0.0	2.4070099999999996	1.21719	0.937132	0.360483	
0	0.734881	0.677851	0.0216514	0.0	-0.21153000000000002	0.198761	0.9569479999999999	0.0	0.644364	-0.707823	0.289451	0.0	-2.18655	-1.39656	-0.43804499999999996	0.328571	-0.5164380000000001	0.839901	0.166908	0.0	0.0396507	0.21815700000000002	-0.975108	0.0	-0.855406	-0.496965	-0.145967	0.0	2.40505	1.2125700000000001	0.9453090000000001	0.360427	
0	0.7449560000000001	0.666909	0.0165283	0.0	-0.202307	0.202235	0.9582139999999999	0.0	0.635699	-0.717171	0.285576	0.0	-2.1773599999999997	-1.52948	-0.537133	0.328203	-0.5170819999999999	0.839239	0.168239	0.0	0.039721	0.219871	-0.97472	0.0	-0.8550139999999999	-0.497327	-0.147027	0.0	2.4045400000000003	1.21899	0.9553370000000001	0.360263	
0	0.756099	0.654211	0.0179629	0.0	-0.19323900000000002	0.196942	0.961183	0.0	0.625279	-0.73022	0.275327	0.0	-2.20064	-1.6317700000000002	-0.618269	0.326244	-0.517458	0.838844	0.169052	0.0	0.0397221	0.220892	-0.9744889999999999	0.0	-0.854786	-0.497542	-0.147623	0.0	2.40393	1.22581	0.97325	0.36044899999999996	
0	0.765706	0.6429590000000001	0.0172648	0.0	-0.185607	0.195181	0.963045	0.0	0.6158279999999999	-0.740614	0.268789	0.0	-2.24254	-1.7255900000000002	-0.6875100000000001	0.323847	-0.517373	0.838498	0.171015	0.0	0.0385472	0.22247199999999998	-0.9741770000000001	0.0	-0.854892	-0.497421	-0.147423	0.0	2.40568	1.22684	0.97598	0.360464	
0	0.780648	0.6247189999999999	0.0177616	0.0	-0.173739	0.189628	0.966362	0.0	0.600336	-0.757475	0.256571	0.0	-2.32218	-1.82338	-0.741953	0.324265	-0.5192439999999999	0.8367889999999999	0.17369500000000002	0.0	0.0383711	0.22586199999999998	-0.973403	0.0	-0.853764	-0.49876899999999996	-0.149386	0.0	2.40488	1.2244	0.9784459999999999	0.360558	
0	0.80215	0.596723	0.0218494	0.0	-0.15604200000000001	0.17415999999999998	0.972275	0.0	0.5763729999999999	-0.78332	0.232816	0.0	-2.45858	-1.8999400000000002	-0.780209	0.32527399999999995	-0.519602	0.836435	0.174327	0.0	0.0381359	0.22653299999999998	-0.9732569999999999	0.0	-0.853557	-0.499058	-0.149606	0.0	2.40397	1.21561	0.975339	0.360609	
0	0.818793	0.573713	0.020788400000000002	0.0	-0.14061600000000002	0.16531300000000002	0.976165	0.0	0.556602	-0.8022	0.21603000000000003	0.0	-2.61395	-1.9455	-0.855467	0.32526	-0.520044	0.835775	0.17616800000000002	0.0	0.0373316	0.228296	-0.9728760000000001	0.0	-0.8533229999999999	-0.499362	-0.149925	0.0	2.40282	1.20764	0.983985	0.36048	
0	0.835993	0.548463	0.017431099999999998	0.0	-0.12035699999999999	0.152276	0.980982	0.0	0.535378	-0.822192	0.193313	0.0	-2.86635	-1.9657099999999998	-0.9406549999999999	0.32500100000000004	-0.520659	0.8349409999999999	0.178294	0.0	0.0369301	0.23066199999999998	-0.972333	0.0	-0.852966	-0.499669	-0.15093099999999998	0.0	2.40122	1.19506	0.983979	0.36054	
0	0.83926	0.543665	0.0083926	0.0	-0.09775700000000001	0.135689	0.985917	0.0	0.53487	-0.828261	0.167025	0.0	-3.07667	-1.96613	-1.0089700000000001	0.324682	-0.520935	0.8347700000000001	0.178285	0.0	0.035818199999999994	0.230057	-0.972518	0.0	-0.8528450000000001	-0.500233	-0.14974500000000002	0.0	2.40102	1.18628	0.9809610000000001	0.360468	
0	0.838311	0.54519	0.00141883	0.0	-0.08296419999999999	0.124997	0.988682	0.0	0.5388430000000001	-0.828941	0.150017	0.0	-3.18839	-1.97635	-1.07065	0.324902	-0.5208050000000001	0.834773	0.178651	0.0	0.03434790000000001	0.229594	-0.9726799999999999	0.0	-0.852984	-0.500441	-0.14824600000000002	0.0	2.3978900000000003	1.1833200000000001	0.978564	0.360591	
0	0.8388950000000001	0.544293	-0.000630796	0.0	-0.0792251	0.123253	0.989208	0.0	0.538496	-0.829792	0.146518	0.0	-3.23772	-2.00103	-1.09461	0.325302	-0.521393	0.8346379999999999	0.177563	0.0	0.033214999999999995	0.227778	-0.973147	0.0	-0.85267	-0.501494	-0.146485	0.0	2.3907599999999998	1.17919	0.977583	0.360608	
0	0.837808	0.545949	-0.00426653	0.0	-0.0778966	0.12726700000000002	0.9888049999999999	0.0	0.54038	-0.8280959999999999	0.149152	0.0	-3.25413	-2.0095400000000003	-1.08754	0.325549	-0.521776	0.8347549999999999	0.17588299999999998	0.0	0.030581	0.22434400000000002	-0.97403	0.0	-0.852535	-0.502846	-0.142585	0.0	2.38364	1.15951	0.982331	0.360695	
0	0.834583	0.5508609999999999	-0.00478235	0.0	-0.0780161	0.12678299999999998	0.988858	0.0	0.54533	-0.8249110000000001	0.148787	0.0	-3.2553900000000002	-2.01167	-1.0838	0.325425	-0.521288	0.83521	0.17516800000000002	0.0	0.030269900000000002	0.22323099999999998	-0.974295	0.0	-0.852844	-0.502586	-0.141649	0.0	2.3744	1.15031	0.983092	0.360659	
0	0.826802	0.5624899999999999	-0.00197771	0.0	-0.08080180000000001	0.122248	0.9892049999999999	0.0	0.55666	-0.817717	0.146525	0.0	-3.23541	-2.03445	-1.07282	0.32547600000000004	-0.521368	0.8352120000000001	0.17491900000000002	0.0	0.029160400000000003	0.222302	-0.974542	0.0	-0.852834	-0.5029939999999999	-0.140256	0.0	2.37259	1.14542	0.9828809999999999	0.360643	
0	0.8292860000000001	0.55874	0.00967863	0.0	-0.090423	0.117075	0.9889979999999999	0.0	0.5514600000000001	-0.8210379999999999	0.147612	0.0	-3.17635	-2.09908	-1.09766	0.325381	-0.523241	0.834432	0.173034	0.0	0.0271449	0.21926500000000002	-0.9752879999999999	0.0	-0.8517520000000001	-0.505614	-0.137379	0.0	2.36896	1.13626	0.988547	0.360566	
0	0.825628	0.564207	0.00287047	0.0	-0.0837897	0.117579	0.9895219999999999	0.0	0.557958	-0.817218	0.144351	0.0	-3.16439	-2.1971700000000003	-1.1478899999999999	0.325024	-0.52469	0.8338409999999999	0.171492	0.0	0.0263493	0.217259	-0.975758	0.0	-0.850886	-0.507452	-0.135965	0.0	2.3681200000000002	1.12814	0.986669	0.360705	
0	0.828335	0.560196	-0.00645462	0.0	-0.0751551	0.12253	0.9896149999999999	0.0	0.5551699999999999	-0.819247	0.143598	0.0	-3.13573	-2.3519	-1.24435	0.32469899999999996	-0.524998	0.8337209999999999	0.17113	0.0	0.025866900000000005	0.216606	-0.975916	0.0	-0.8507100000000001	-0.5079279999999999	-0.135283	0.0	2.3670299999999997	1.124	0.989117	0.360618	
0	0.800192	0.598035	-0.0452519	0.0	-0.07136920000000001	0.16986700000000002	0.9828790000000001	0.0	0.595483	-0.783262	0.178607	0.0	-3.13714	-2.52544	-1.31348	0.312677	-0.5248430000000001	0.8338610000000001	0.170927	0.0	0.0251856	0.215932	-0.9760840000000001	0.0	-0.850827	-0.5079859999999999	-0.134332	0.0	2.3659	1.12534	0.9878950000000001	0.360716	
0	0.778543	0.624042	-0.0666597	0.0	-0.0517687	0.16971	0.984133	0.0	0.6254529999999999	-0.7627390000000001	0.164432	0.0	-3.07976	-2.56228	-1.4386	0.317234	-0.525319	0.8333520000000001	0.17194700000000002	0.0	0.023747	0.216354	-0.9760260000000001	0.0	-0.8505739999999999	-0.508641	-0.133444	0.0	2.3650900000000004	1.11716	0.9861969999999999	0.360634	
0	0.79035	0.607796	-0.07701160000000001	0.0	-0.0550673	0.195668	0.979123	0.0	0.610175	-0.769609	0.188116	0.0	-3.03955	-2.6143400000000003	-1.47601	0.316021	-0.5283399999999999	0.8314290000000001	0.171995	0.0	0.022525999999999997	0.21623299999999998	-0.976082	0.0	-0.848734	-0.511829	-0.132973	0.0	2.36269	1.10626	0.986085	0.360694	
0	0.794204	0.603013	-0.0749299	0.0	-0.05983719999999999	0.200322	0.977901	0.0	0.604697	-0.77217	0.195179	0.0	-3.00762	-2.6701	-1.50878	0.314121	-0.529899	0.8305440000000001	0.171474	0.0	0.023787400000000004	0.21667199999999998	-0.9759549999999999	0.0	-0.847727	-0.5130779999999999	-0.134571	0.0	2.36593	1.09626	0.9861549999999999	0.360862	
0	0.7901520000000001	0.607338	-0.08245930000000001	0.0	-0.050778	0.198942	0.9786950000000001	0.0	0.610803	-0.769131	0.18803399999999998	0.0	-2.99578	-2.69568	-1.52532	0.317512	-0.5288970000000001	0.831427	0.17028800000000002	0.0	0.023980599999999998	0.215209	-0.976274	0.0	-0.848347	-0.512264	-0.133762	0.0	2.36859	1.10271	0.9861850000000001	0.36072600000000005	
0	0.78755	0.609633	-0.0900685	0.0	-0.039726199999999996	0.196075	0.979784	0.0	0.614969	-0.768051	0.178637	0.0	-2.99599	-2.69217	-1.5271299999999999	0.325156	-0.528115	0.8318549999999999	0.170624	0.0	0.0234751	0.21515399999999998	-0.976298	0.0	-0.8488479999999999	-0.511592	-0.133154	0.0	2.36953	1.10849	0.985951	0.360648	
0	0.788388	0.6069680000000001	-0.100172	0.0	-0.0352654	0.20715799999999998	0.977672	0.0	0.614167	-0.767252	0.184726	0.0	-2.98923	-2.69552	-1.49461	0.33158699999999997	-0.528724	0.8316530000000001	0.169719	0.0	0.0234579	0.214194	-0.976509	0.0	-0.8484700000000001	-0.512323	-0.132759	0.0	2.36805	1.1055	0.9848889999999999	0.360709	
0	0.794212	0.5951380000000001	-0.12262999999999999	0.0	-0.012237600000000001	0.21743800000000002	0.9759969999999999	0.0	0.607518	-0.773648	0.179975	0.0	-3.0268	-2.6631099999999996	-1.4267299999999998	0.347132	-0.529071	0.831463	0.169572	0.0	0.023796200000000003	0.21428899999999998	-0.9764799999999999	0.0	-0.848244	-0.512592	-0.13316	0.0	2.3662	1.0983399999999999	1.00106	0.360743	
0	0.807984	0.572978	-0.137323	0.0	-0.00382093	0.238156	0.971219	0.0	0.589192	-0.784205	0.194615	0.0	-3.0129900000000003	-2.6165	-1.36175	0.346312	-0.528736	0.8317899999999999	0.169009	0.0	0.023553400000000002	0.21341999999999997	-0.976677	0.0	-0.848459	-0.512424	-0.132435	0.0	2.36651	1.10324	1.0185899999999999	0.360702	
0	0.8180430000000001	0.5473	-0.176827	0.0	0.04021280000000001	0.252265	0.966822	0.0	0.573749	-0.798014	0.184355	0.0	-3.14391	-2.46665	-1.30568	0.346513	-0.528698	0.8316379999999999	0.169876	0.0	0.023078400000000002	0.214144	-0.9765299999999999	0.0	-0.8484959999999999	-0.512369	-0.13241	0.0	2.3656200000000003	1.08659	1.02535	0.36080100000000004	
0	0.805924	0.549984	-0.2191	0.0	0.100749	0.237277	0.966203	0.0	0.583384	-0.80076	0.13581700000000002	0.0	-3.2898099999999997	-2.16832	-1.21838	0.34596	-0.527257	0.832583	0.169721	0.0	0.0232227	0.213786	-0.976605	0.0	-0.8493879999999999	-0.510981	-0.132055	0.0	2.36237	1.08114	1.0281799999999999	0.360716	
0	0.8058649999999999	0.550026	-0.21921	0.0	0.101021	0.23707399999999998	0.966225	0.0	0.583418	-0.8007920000000001	0.135485	0.0	-3.28672	-2.17972	-1.22122	0.345904	-0.52727	0.832568	0.169756	0.0	0.0232509	0.213846	-0.976591	0.0	-0.8493799999999999	-0.51098	-0.132113	0.0	2.36246	1.08141	1.02804	0.360722	
0	0.80584	0.550054	-0.219232	0.0	0.10104500000000001	0.23706999999999998	0.9662229999999999	0.0	0.583448	-0.800774	0.13546	0.0	-3.28652	-2.1804200000000002	-1.22139	0.345909	-0.527265	0.832571	0.169756	0.0	0.0232496	0.21384499999999998	-0.976591	0.0	-0.849383	-0.510975	-0.13210999999999998	0.0	2.36247	1.08143	1.0280200000000002	0.360722	
0	0.80584	0.550054	-0.219232	0.0	0.10104500000000001	0.23706999999999998	0.9662229999999999	0.0	0.583449	-0.800774	0.13546	0.0	-3.28652	-2.1804200000000002	-1.22139	0.345909	-0.527265	0.832571	0.169756	0.0	0.0232497	0.213844	-0.976591	0.0	-0.849383	-0.510975	-0.13210999999999998	0.0	2.36247	1.08143	1.0280200000000002	0.360723	
0	0.80584	0.550054	-0.219232	0.0	0.10104500000000001	0.23706999999999998	0.9662229999999999	0.0	0.583449	-0.800774	0.13546	0.0	-3.28652	-2.1804200000000002	-1.22139	0.345909	-0.527265	0.832571	0.169756	0.0	0.0232496	0.213844	-0.976591	0.0	-0.849383	-0.510975	-0.13210999999999998	0.0	2.36247	1.08143	1.0280200000000002	0.360723	
0	0.80584	0.550054	-0.219232	0.0	0.10104500000000001	0.23706999999999998	0.9662229999999999	0.0	0.583449	-0.800774	0.13546	0.0	-3.28652	-2.1804200000000002	-1.22139	0.345909	-0.527265	0.832571	0.169756	0.0	0.0232496	0.213844	-0.976591	0.0	-0.849383	-0.510975	-0.13210999999999998	0.0	2.36247	1.08143	1.0280200000000002	0.360723	
0	0.80584	0.550054	-0.219232	0.0	0.10104500000000001	0.23706999999999998	0.9662229999999999	0.0	0.583448	-0.800774	0.13546	0.0	-3.28652	-2.1804200000000002	-1.22139	0.345909	-0.527265	0.832571	0.169756	0.0	0.0232496	0.21384499999999998	-0.976591	0.0	-0.849383	-0.510975	-0.13210999999999998	0.0	2.36247	1.08143	1.0280200000000002	0.360722	
0	0.80584	0.550054	-0.219232	0.0	0.10104500000000001	0.23706999999999998	0.966224	0.0	0.583449	-0.800774	0.13546	0.0	-3.28652	-2.1804200000000002	-1.22139	0.345909	-0.527265	0.832571	0.169756	0.0	0.0232497	0.213844	-0.976591	0.0	-0.849383	-0.510975	-0.13210999999999998	0.0	2.36247	1.08143	1.0280200000000002	0.360723	
0	0.80584	0.550054	-0.219232	0.0	0.10104500000000001	0.23706999999999998	0.9662229999999999	0.0	0.583449	-0.800774	0.13546	0.0	-3.28652	-2.1804200000000002	-1.22139	0.345909	-0.527265	0.832571	0.169756	0.0	0.0232496	0.21384499999999998	-0.976591	0.0	-0.849383	-0.510975	-0.13210999999999998	0.0	2.36247	1.08143	1.0280200000000002	0.360722	
0	0.80584	0.550054	-0.219232	0.0	0.10104500000000001	0.23706999999999998	0.9662229999999999	0.0	0.583448	-0.800774	0.13546	0.0	-3.28652	-2.1804200000000002	-1.22139	0.345909	-0.527265	0.832571	0.169756	0.0	0.0232497	0.213844	-0.976591	0.0	-0.849383	-0.510975	-0.13210999999999998	0.0	2.36247	1.08143	1.0280200000000002	0.360723	
0	0.80584	0.550054	-0.219232	0.0	0.10104500000000001	0.23706999999999998	0.9662229999999999	0.0	0.583448	-0.800774	0.13546	0.0	-3.28652	-2.1804200000000002	-1.22139	0.345909	-0.527265	0.832571	0.169756	0.0	0.0232497	0.213844	-0.976591	0.0	-0.849383	-0.510975	-0.13210999999999998	0.0	2.36247	1.08143	1.0280200000000002	0.360723	
0	0.80584	0.550054	-0.219232	0.0	0.10104500000000001	0.23706999999999998	0.9662229999999999	0.0	0.583449	-0.800774	0.13546	0.0	-3.28652	-2.1804200000000002	-1.22139	0.345909	-0.527265	0.832571	0.169756	0.0	0.0232497	0.213844	-0.976591	0.0	-0.849383	-0.510975	-0.13210999999999998	0.0	2.36247	1.08143	1.0280200000000002	0.360723	
0	0.80584	0.550054	-0.219232	0.0	0.10104500000000001	0.23706999999999998	0.9662229999999999	0.0	0.583448	-0.800774	0.13546	0.0	-3.28652	-2.1804200000000002	-1.22139	0.345909	-0.527265	0.832571	0.169756	0.0	0.0232497	0.213844	-0.976591	0.0	-0.849383	-0.510975	-0.13210999999999998	0.0	2.36247	1.08143	1.0280200000000002	0.360723	
0	0.80584	0.550054	-0.219232	0.0	0.10104500000000001	0.23706999999999998	0.9662229999999999	0.0	0.583449	-0.800774	0.13546	0.0	-3.28652	-2.1804200000000002	-1.22139	0.345909	-0.527265	0.832571	0.169756	0.0	0.0232496	0.213844	-0.976591	0.0	-0.849383	-0.510975	-0.13210999999999998	0.0	2.36247	1.08143	1.0280200000000002	0.360723	
0	0.443729	0.8797159999999999	-0.17089300000000002	0.0	0.174509	0.10222200000000001	0.9793350000000001	0.0	0.879006	-0.46438100000000004	-0.10815999999999999	0.0	-3.2400700000000002	-2.16772	-1.2903799999999999	0.34280900000000003	-0.302637	0.9473739999999999	0.104379	0.0	0.08178869999999999	0.134924	-0.987475	0.0	-0.9495899999999999	-0.29030900000000004	-0.118318	0.0	2.3287	1.07998	1.0618	0.326468	
0	0.265104	0.959038	-0.09982719999999999	0.0	0.221203	0.0402795	0.9743959999999999	0.0	0.9385040000000001	-0.280398	-0.201463	0.0	-3.24261	-2.18152	-1.24217	0.334485	-0.212508	0.9766950000000001	0.0301385	0.0	0.0864345	0.0495103	-0.995027	0.0	-0.9733290000000001	-0.208846	-0.0949416	0.0	2.32607	1.09651	1.1008799999999999	0.20629	
0	0.287227	0.9535469999999999	-0.0908287	0.0	0.198331	0.0335653	0.97956	0.0	0.937105	-0.29936999999999997	-0.179477	0.0	-3.18642	-2.24761	-1.25047	0.0961827	-0.186827	0.9823709999999999	0.00652066	0.0	0.0685684	0.019661099999999997	-0.997453	0.0	-0.9799969999999999	-0.18590399999999999	-0.0710328	0.0	2.30972	1.10588	1.12799	-0.008470299999999998	
0	0.317985	0.9466530000000001	-0.0522841	0.0	0.180099	-0.0061698000000000005	0.9836290000000001	0.0	0.930833	-0.322196	-0.172453	0.0	-3.34677	-2.33071	-1.32628	0.0	-0.125917	0.991246	0.039712	0.0	0.05670309999999999	0.0471565	-0.9972770000000001	0.0	-0.990419	-0.123322	-0.0621446	0.0	2.40663	1.16402	1.10016	0.0	
0	0.32959	0.9436399999999999	-0.0302469	0.0	0.163046	-0.025334	0.986293	0.0	0.929939	-0.330004	-0.162207	0.0	-3.36959	-2.3748099999999996	-1.35335	0.0	-0.114309	0.993059	0.027704200000000002	0.0	0.026485400000000003	0.0309233	-0.9991709999999999	0.0	-0.993092	-0.11348	-0.029836500000000002	0.0	2.41512	1.1563700000000001	1.11756	0.0	
0	0.385935	0.922299	-0.020456400000000003	0.0	0.17948499999999998	-0.0533177	0.9823149999999999	0.0	0.904897	-0.382782	-0.186116	0.0	-3.39519	-2.44833	-1.36076	0.254094	-0.103274	0.994384	0.0231109	0.0	0.0423225	0.027607299999999998	-0.9987219999999999	0.0	-0.9937520000000001	-0.102164	-0.0449359	0.0	2.4259	1.1851200000000002	1.13547	0.068641	
0	0.45391899999999996	0.8908950000000001	-0.0162635	0.0	0.145681	-0.0561944	0.987734	0.0	0.8790540000000001	-0.45072	-0.15529400000000002	0.0	-3.28312	-2.62715	-1.3538	0.347549	-0.135871	0.9897379999999999	0.044241199999999994	0.0	0.049474800000000006	0.0513778	-0.997453	0.0	-0.989491	-0.13333599999999998	-0.055948000000000005	0.0	2.39089	1.16644	1.15673	0.350427	
0	0.517716	0.8554430000000001	-0.013731899999999998	0.0	0.103681	-0.0467995	0.993509	0.0	0.849247	-0.515779	-0.11292200000000001	0.0	-3.2531	-2.81794	-1.3656	0.23372199999999999	-0.18277000000000002	0.9821979999999999	0.0433833	0.0	0.0238215	0.048537699999999996	-0.9985370000000001	0.0	-0.982867	-0.18146900000000002	-0.032268700000000004	0.0	2.28479	1.03762	1.1718600000000001	0.30383000000000004	
0	0.575807	0.817585	0.000643909	0.0	0.07800660000000001	-0.05572230000000001	0.995394	0.0	0.813856	-0.573105	-0.09586239999999999	0.0	-3.34871	-2.9630799999999997	-1.4308	-0.00034526699999999996	-0.22905599999999998	0.9720489999999999	0.0515269	0.0	-0.015012200000000002	0.0494003	-0.9986659999999999	0.0	-0.973297	-0.22952399999999998	0.00327706	0.0	2.28098	0.9199649999999999	1.22412	0.00252056	
0	0.609167	0.792853	0.0173085	0.0	0.052621900000000006	-0.0621889	0.996676	0.0	0.7912939999999999	-0.606232	-0.079605	0.0	-3.43155	-3.11769	-1.5228899999999999	0.0	-0.24126	0.968534	0.0611207	0.0	-0.0230412	0.057246500000000006	-0.998094	0.0	-0.9701870000000001	-0.24220799999999998	0.00850481	0.0	2.3532	0.842778	1.19803	0.0	
0	0.664662	0.747067	0.0107363	0.0	0.049173400000000006	-0.058079	0.9971	0.0	0.745524	-0.662207	-0.0753388	0.0	-3.4534300000000004	-3.3405699999999996	-1.557	0.32645799999999997	-0.245781	0.967081	0.06592739999999998	0.0	0.013066	0.07131280000000001	-0.9973690000000001	0.0	-0.9692370000000001	-0.244273	-0.0301632	0.0	2.39237	0.845096	1.17743	0.26344	
0	0.68861	0.72513	-0.00175163	0.0	0.019696400000000003	-0.016289500000000002	0.9996729999999999	0.0	0.7248640000000001	-0.688419	-0.0254995	0.0	-3.42485	-3.5335400000000003	-1.58213	0.34868499999999997	-0.274142	0.95919	0.06929049999999999	0.0	0.0302394	0.080613	-0.996287	0.0	-0.9612139999999999	-0.271029	-0.051104699999999996	0.0	2.36821	0.8308620000000001	1.14821	0.337127	
0	0.724412	0.689221	0.014218100000000001	0.0	-0.0162093	-0.00358947	0.999862	0.0	0.689177	-0.724543	0.00857154	0.0	-3.4237900000000003	-3.82216	-1.65277	0.348796	-0.276208	0.95873	0.0674312	0.0	0.0319	0.0792669	-0.996343	0.0	-0.960568	-0.273047	-0.052477699999999995	0.0	2.32812	0.818401	1.15206	0.346089	
0	0.745163	0.666654	0.0174679	0.0	-0.0307257	0.00815499	0.999495	0.0	0.6661739999999999	-0.745323	0.026560200000000003	0.0	-3.4075	-3.8043099999999996	-1.67566	0.347831	-0.278075	0.9582440000000001	0.06665900000000001	0.0	0.032900099999999995	0.0788566	-0.996343	0.0	-0.959996	-0.274864	-0.0534544	0.0	2.32103	0.814329	1.17203	0.34799800000000003	
0	0.758691	0.6511640000000001	0.0193038	0.0	-0.0400151	0.017005700000000002	0.9990540000000001	0.0	0.65022	-0.758746	0.0389584	0.0	-3.39665	-3.79101	-1.68862	0.34734699999999996	-0.281132	0.9571719999999999	0.0691828	0.0	0.0319748	0.0813927	-0.9961690000000001	0.0	-0.9591360000000001	-0.277843	-0.05348769999999999	0.0	2.31898	0.8174600000000001	1.1808	0.34906	
0	0.788449	0.614559	0.0257849	0.0	-0.0568149	0.031021899999999998	0.9979030000000001	0.0	0.61247	-0.788261	0.059375300000000006	0.0	-3.3723699999999996	-3.7633400000000004	-1.7206400000000002	0.344833	-0.28410799999999997	0.956103	0.0717576	0.0	0.0327524	0.08447589999999999	-0.9958870000000001	0.0	-0.958233	-0.28059	-0.0553149	0.0	2.319	0.8268709999999999	1.1850399999999999	0.35022800000000004	
0	0.798186	0.601595	0.0313453	0.0	-0.06286030000000001	0.03142709999999999	0.9975280000000001	0.0	0.599123	-0.798183	0.0629011	0.0	-3.36476	-3.7550199999999996	-1.7288700000000001	0.342987	-0.28522	0.955674	0.0730532	0.0	0.032889499999999995	0.0859331	-0.995758	0.0	-0.9578979999999999	-0.281607	-0.0559415	0.0	2.31833	0.819367	1.1863700000000001	0.350022	
0	0.808424	0.588236	0.0207245	0.0	-0.0565922	0.0426326	0.9974870000000001	0.0	0.585874	-0.807565	0.0677547	0.0	-3.3513800000000002	-3.7430000000000003	-1.74197	0.338335	-0.28765100000000005	0.9547049999999999	0.0761358	0.0	0.0317668	0.08896269999999999	-0.9955280000000001	0.0	-0.957209	-0.283946	-0.055918100000000005	0.0	2.31585	0.811156	1.18554	0.350091	
0	0.831536	0.555215	-0.016841400000000003	0.0	-0.0398264	0.0898334	0.99516	0.0	0.554041	-0.8268409999999999	0.09681189999999999	0.0	-3.3279400000000003	-3.70415	-1.83585	0.26921300000000004	-0.288787	0.9541440000000001	0.0788184	0.0	0.029240499999999996	0.09107760000000001	-0.9954139999999999	0.0	-0.9569469999999999	-0.28515799999999997	-0.05420169999999999	0.0	2.30723	0.789354	1.18496	0.350272	
0	0.858366	0.5106890000000001	-0.0490253	0.0	-0.0347551	0.153222	0.9875799999999999	0.0	0.511858	-0.846002	0.14927	0.0	-3.2969999999999997	-3.6713400000000003	-1.97537	0.160001	-0.296591	0.951225	0.0848828	0.0	0.0284298	0.0976371	-0.994816	0.0	-0.9545809999999999	-0.29264	-0.056001300000000004	0.0	2.29537	0.769799	1.18595	0.351659	
0	0.8605700000000001	0.50688	-0.0499314	0.0	-0.0344054	0.15566	0.9872110000000001	0.0	0.50817	-0.8478459999999999	0.151396	0.0	-3.2972	-3.66643	-1.9778099999999998	0.160044	-0.299661	0.950059	0.0871325	0.0	0.028214	0.100114	-0.994576	0.0	-0.9536290000000001	-0.295577	-0.056805499999999995	0.0	2.29277	0.761131	1.18626	0.351643	
0	0.864649	0.498967	-0.0584352	0.0	-0.027682	0.163461	0.9861610000000001	0.0	0.501613	-0.851066	0.155149	0.0	-3.28881	-3.64839	-1.98364	0.159274	-0.299526	0.950059	0.0875862	0.0	0.028443200000000002	0.10065199999999999	-0.9945149999999999	0.0	-0.953664	-0.295392	-0.0571707	0.0	2.29028	0.753054	1.18486	0.352553	
0	0.8695139999999999	0.48802799999999996	-0.0759839	0.0	-0.014033000000000002	0.17819100000000002	0.9838959999999999	0.0	0.493708	-0.8544450000000001	0.16178800000000002	0.0	-3.2709200000000003	-3.6257800000000002	-1.98348	0.159709	-0.302607	0.948907	0.0894653	0.0	0.0280182	0.102682	-0.9943200000000001	0.0	-0.9527030000000001	-0.29838200000000004	-0.057658900000000006	0.0	2.2875	0.749995	1.18652	0.353831	
0	0.8711399999999999	0.482857	-0.08924689999999999	0.0	-0.0020559000000000003	0.185338	0.9826729999999999	0.0	0.49103100000000005	-0.8558620000000001	0.162448	0.0	-3.26214	-3.61395	-1.96721	0.159297	-0.305559	0.947837	0.0907669	0.0	0.0259605	0.103584	-0.994282	0.0	-0.9518190000000001	-0.301456	-0.0562572	0.0	2.2749900000000003	0.7418140000000001	1.2020600000000001	0.35449400000000003	
0	0.868343	0.485062	-0.10341800000000001	0.0	0.0127001	0.186704	0.982334	0.0	0.49580100000000005	-0.854317	0.15596300000000002	0.0	-3.25792	-3.6153800000000005	-1.94623	0.159282	-0.305834	0.947674	0.0915404	0.0	0.024968200000000003	0.10409700000000001	-0.9942540000000001	0.0	-0.951757	-0.301791	-0.0554985	0.0	2.27218	0.739291	1.2107700000000001	0.354466	
0	0.856125	0.496795	-0.142281	0.0	0.0538141	0.188125	0.98067	0.0	0.513959	-0.847233	0.134324	0.0	-3.25145	-3.62428	-1.90262	0.159636	-0.325833	0.939421	0.106403	0.0	0.024853999999999998	0.121018	-0.992339	0.0	-0.945101	-0.320693	-0.06277999999999999	0.0	2.26309	0.742282	1.22013	0.354887	
0	0.8456530000000001	0.5119819999999999	-0.150813	0.0	0.069838	0.17399	0.982268	0.0	0.529144	-0.841191	0.11137999999999999	0.0	-3.2424	-3.64964	-1.8787200000000002	0.159462	-0.36061	0.9230149999999999	0.134176	0.0	0.0115014	0.14824500000000002	-0.988884	0.0	-0.9326459999999999	-0.355058	-0.0640746	0.0	2.25653	0.740804	1.2273100000000001	0.359056	
0	0.832656	0.52903	-0.16373900000000002	0.0	0.09113489999999999	0.16073800000000002	0.9827809999999999	0.0	0.54624	-0.833241	0.0856267	0.0	-3.2359299999999998	-3.66606	-1.8661299999999998	0.15975699999999998	-0.393409	0.9055549999999999	0.158742	0.0	-0.00367379	0.17111500000000002	-0.985244	0.0	-0.919356	-0.388187	-0.0639916	0.0	2.24963	0.766286	1.24274	0.359561	
0	0.8207610000000001	0.546424	-0.166652	0.0	0.10152	0.147566	0.983828	0.0	0.56218	-0.824406	0.06564400000000001	0.0	-3.24627	-3.6717199999999997	-1.8574599999999999	0.15970499999999999	-0.408344	0.896849	0.17005	0.0	-0.011150100000000001	0.181375	-0.983351	0.0	-0.91276	-0.403442	-0.0640634	0.0	2.2504	0.798767	1.24779	0.359631	
0	0.789799	0.593166	-0.156113	0.0	0.121093	0.0987189	0.98772	0.0	0.6012930000000001	-0.799005	0.00613961	0.0	-3.36545	-3.6406300000000003	-1.8486599999999997	0.159656	-0.429278	0.882592	0.191708	0.0	-0.024740599999999998	0.20069	-0.979342	0.0	-0.902833	-0.42515299999999995	-0.0643159	0.0	2.26118	0.812516	1.16995	0.359608	
0	0.7679050000000001	0.624532	-0.142413	0.0	0.133654	0.06121669999999999	0.989136	0.0	0.6264649999999999	-0.778597	-0.036462699999999994	0.0	-3.3695	-3.3211	-1.80614	0.15976600000000002	-0.44331000000000004	0.8731620000000001	0.202645	0.0	-0.0265743	0.213171	-0.9766530000000001	0.0	-0.895975	-0.438345	-0.07129730000000001	0.0	2.2800599999999998	0.809337	1.08735	0.35949200000000003	
0	0.758996	0.6382439999999999	-0.128723	0.0	0.143349	0.0290443	0.989246	0.0	0.635119	-0.7692859999999999	-0.06944700000000001	0.0	-3.3359199999999998	-3.04013	-1.7680799999999999	0.159655	-0.45133500000000004	0.866915	0.21155500000000002	0.0	-0.026576	0.223912	-0.974247	0.0	-0.8919590000000001	-0.445334	-0.0780203	0.0	2.28992	0.845989	1.02939	0.359358	
0	0.7462979999999999	0.6552279999999999	-0.11711400000000001	0.0	0.140152	0.017315	0.989979	0.0	0.65069	-0.755233	-0.0789097	0.0	-3.33911	-2.85106	-1.73432	0.159659	-0.45925900000000003	0.860226	0.22156900000000002	0.0	-0.031370999999999996	0.23356799999999997	-0.971834	0.0	-0.887748	-0.453275	-0.080282	0.0	2.2917099999999997	0.8536739999999999	0.9942790000000001	0.359535	
0	0.718244	0.6885560000000001	-0.100087	0.0	0.133241	0.0050732	0.9910709999999999	0.0	0.6829149999999999	-0.725166	-0.0881003	0.0	-3.31176	-2.60033	-1.6765400000000001	0.159663	-0.46698100000000003	0.8545659999999999	0.22725700000000001	0.0	-0.0379718	0.237384	-0.9706739999999999	0.0	-0.883452	-0.46191499999999996	-0.0784042	0.0	2.28193	0.843	0.966673	0.35943400000000003	
0	0.696507	0.71128	-0.0946538	0.0	0.12618800000000002	0.00843974	0.9919709999999999	0.0	0.706367	-0.702859	-0.08387649999999999	0.0	-3.2937199999999995	-2.49864	-1.6515099999999998	0.15966	-0.47173699999999996	0.850865	0.23128600000000002	0.0	-0.0425299	0.240044	-0.96983	0.0	-0.880713	-0.467341	-0.07705060000000001	0.0	2.2795900000000002	0.8430200000000001	0.968442	0.35935900000000004	
0	0.6365689999999999	0.766971	-0.0808432	0.0	0.09943810000000002	0.022325499999999998	0.994793	0.0	0.764782	-0.6412939999999999	-0.062054399999999996	0.0	-3.2313099999999997	-2.32815	-1.58344	0.159661	-0.49444399999999994	0.829184	0.260729	0.0	-0.0550445	0.269489	-0.9614290000000001	0.0	-0.8674649999999999	-0.489725	-0.08760549999999999	0.0	2.27259	0.8616950000000001	0.9536180000000001	0.359639	
0	0.605322	0.7923359999999999	-0.0760895	0.0	0.08473989999999999	0.030901599999999998	0.995924	0.0	0.791457	-0.609302	-0.0484371	0.0	-3.19945	-2.27806	-1.5709600000000001	0.159815	-0.509578	0.81284	0.282174	0.0	-0.0668835	0.289535	-0.954828	0.0	-0.857821	-0.505432	-0.0931752	0.0	2.26087	0.861562	0.94211	0.359514	
0	0.49771000000000004	0.863516	-0.0813888	0.0	0.0383079	0.0718598	0.9966790000000001	0.0	0.866497	-0.499175	0.00268579	0.0	-3.0689599999999997	-2.16317	-1.53929	0.159661	-0.525188	0.780967	0.338036	0.0	-0.105002	0.334723	-0.936448	0.0	-0.844483	-0.527306	-0.0937901	0.0	2.201	0.866775	0.897906	0.35984299999999997	
0	0.407125	0.9074049999999999	-0.10423900000000001	0.0	0.00811136	0.110529	0.99384	0.0	0.913336	-0.405463	0.0376387	0.0	-2.99637	-2.11373	-1.55205	0.159657	-0.526567	0.7585149999999999	0.383903	0.0	-0.131174	0.37368	-0.918236	0.0	-0.8399530000000001	-0.533871	-0.0972703	0.0	2.14796	0.8827889999999999	0.8275889999999999	0.35989699999999997	
0	0.35029499999999997	0.9297340000000001	-0.11353099999999999	0.0	-0.0246614	0.130324	0.991165	0.0	0.936315	-0.3444	0.0685803	0.0	-2.92545	-2.1132299999999997	-1.59114	0.159659	-0.511699	0.737128	0.44136899999999996	0.0	-0.152935	0.427367	-0.891049	0.0	-0.8454440000000001	-0.52345	-0.105951	0.0	2.07045	0.907151	0.731338	0.360006	
0	0.32210300000000003	0.9389209999999999	-0.121149	0.0	-0.0484559	0.144152	0.988369	0.0	0.945464	-0.312486	0.09192789999999999	0.0	-2.85945	-2.14889	-1.63109	0.15982000000000002	-0.493918	0.727317	0.47650299999999995	0.0	-0.158471	0.463538	-0.871791	0.0	-0.8549459999999999	-0.506105	-0.11369100000000001	0.0	2.0015400000000003	0.949961	0.672337	0.359915	
1	0.253745	0.9448549999999999	-0.20703200000000002	0.0	-0.108215	0.240423	0.9646170000000001	0.0	0.961199	-0.222363	0.163254	0.0	-2.5802400000000003	-2.30361	-1.7964900000000001	0.159664	-0.4299	0.698986	0.571493	0.0	-0.185594	0.5510390000000001	-0.8135789999999999	0.0	-0.883595	-0.45582399999999995	-0.10716400000000001	0.0	1.7541900000000001	1.01403	0.5298229999999999	0.359412	
1	0.225169	0.9377989999999999	-0.26426	0.0	-0.14793800000000001	0.300987	0.942083	0.0	0.963023	-0.173034	0.20650900000000003	0.0	-2.3442	-2.45075	-1.90107	0.15966	-0.381889	0.672905	0.633529	0.0	-0.20373	0.607329	-0.767884	0.0	-0.901473	-0.42231599999999997	-0.09484110000000001	0.0	1.54814	1.0195299999999998	0.439029	0.359323	
1	0.21220999999999998	0.927434	-0.30795100000000003	0.0	-0.166018	0.344762	0.923892	0.0	0.9630190000000001	-0.14493399999999998	0.227133	0.0	-2.2201	-2.54795	-1.9618200000000001	0.159661	-0.361592	0.660853	0.657667	0.0	-0.204246	0.6321140000000001	-0.7474729999999999	0.0	-0.909689	-0.404606	-0.0935909	0.0	1.43123	1.01239	0.369858	0.35883899999999996	
1	0.18149400000000002	0.884883	-0.42900200000000005	0.0	-0.20765	0.460895	0.862819	0.0	0.961219	-0.0675145	0.267396	0.0	-1.9699	-2.7510000000000003	-2.11135	0.159669	-0.359967	0.61897	0.6980689999999999	0.0	-0.23093200000000003	0.66583	-0.7094659999999999	0.0	-0.903933	-0.416591	-0.0967373	0.0	1.17315	0.966939	0.238129	0.358182	
