0	0.09057430000000001	0.9515170000000001	-0.29396	0.0	0.39360500000000004	0.236938	0.8882209999999999	0.0	0.9148069999999999	-0.196154	-0.353061	0.0	-2.77188	1.9724700000000002	1.46367	-1.90735e-05	-0.455632	0.767343	-0.451204	0.0	0.577979	-0.13047999999999998	-0.805553	0.0	-0.6770079999999999	-0.627822	-0.38405700000000004	0.0	2.62533	2.01663	1.5492299999999999	0.00825237	
0	0.03428080000000001	0.944448	-0.326868	0.0	0.33603	0.297127	0.893756	0.0	0.941227	-0.140476	-0.307177	0.0	-2.79189	2.02508	1.54134	0.0	-0.0759475	0.970115	-0.23045300000000002	0.0	0.131408	-0.219367	-0.9667530000000001	0.0	-0.9884149999999999	-0.10370599999999999	-0.110821	0.0	2.68384	2.0194	1.59559	0.0	
0	0.0200699	0.9386540000000001	-0.344277	0.0	0.347124	0.316384	0.88284	0.0	0.9376049999999999	-0.137225	-0.319479	0.0	-2.77656	2.08685	1.57714	0.0	-0.0682003	0.9761190000000001	-0.20625300000000002	0.0	0.08859299999999999	-0.199992	-0.975784	0.0	-0.9937309999999999	-0.0848211	-0.0728379	0.0	2.6961	2.00953	1.6141	0.0	
0	0.03732340000000001	0.9638030000000001	-0.263992	0.0	0.362626	0.233106	0.9023110000000001	0.0	0.9311870000000001	-0.129408	-0.34079899999999996	0.0	-2.78641	2.19729	1.58564	0.237263	-0.0887013	0.9783149999999999	-0.187166	0.0	0.119153	-0.17613499999999999	-0.9771280000000001	0.0	-0.988906	-0.108974	-0.10094500000000001	0.0	2.76139	2.02331	1.62989	0.37154299999999996	
0	0.035999800000000005	0.9678559999999999	-0.248917	0.0	0.35757	0.220113	0.907576	0.0	0.933192	-0.121678	-0.33815300000000004	0.0	-2.75315	2.2609	1.5781399999999999	0.34783000000000003	-0.0771817	0.9801059999999999	-0.182852	0.0	0.103145	-0.174566	-0.9792280000000001	0.0	-0.991667	-0.0944388	-0.08762	0.0	2.71101	1.99985	1.6348	0.36007	
0	0.06889010000000001	0.9657040000000001	-0.250339	0.0	0.330461	0.214678	0.9190809999999999	0.0	0.9413020000000001	-0.146043	-0.304338	0.0	-2.68444	2.2297599999999997	1.64559	0.30858800000000003	-0.10475	0.981303	-0.161467	0.0	0.055656	-0.15632100000000002	-0.986137	0.0	-0.9929399999999999	-0.112284	-0.0382409	0.0	2.64595	1.88973	1.68308	0.320856	
0	0.154629	0.946958	-0.281708	0.0	0.28846700000000003	0.22943899999999998	0.929594	0.0	0.9449219999999999	-0.22500599999999998	-0.237688	0.0	-2.68035	2.04914	1.75085	0.0	-0.136052	0.9795889999999999	-0.147975	0.0	0.035577199999999996	-0.14443599999999998	-0.988874	0.0	-0.9900629999999999	-0.139802	-0.0152004	0.0	2.67964	1.8199	1.67481	0.0	
0	0.205963	0.947699	-0.24381599999999998	0.0	0.279839	0.18171099999999998	0.942694	0.0	0.937694	-0.262389	-0.227778	0.0	-2.70993	2.00959	1.7749599999999999	0.312434	-0.176297	0.981275	-0.0775757	0.0	0.0771279	-0.0647972	-0.9949129999999999	0.0	-0.981311	-0.181384	-0.06426040000000001	0.0	2.76175	1.8133099999999998	1.6414900000000001	0.334986	
0	0.241287	0.948925	-0.20327699999999999	0.0	0.23815799999999998	0.14515999999999998	0.960317	0.0	0.9407770000000001	-0.280125	-0.190969	0.0	-2.6111	1.9747400000000002	1.7760099999999999	0.317596	-0.20067100000000002	0.978709	-0.0431199	0.0	0.0454554	-0.034665800000000004	-0.998365	0.0	-0.9786040000000001	-0.202303	-0.037531199999999994	0.0	2.64621	1.69259	1.6657	0.360249	
0	0.284873	0.9410799999999999	-0.182252	0.0	0.20264000000000001	0.12671	0.9710209999999999	0.0	0.936901	-0.31355	-0.154604	0.0	-2.5855200000000003	1.89505	1.73133	0.31688099999999997	-0.212207	0.976683	-0.0325323	0.0	0.0371445	-0.025205099999999998	-0.998992	0.0	-0.976519	-0.21320100000000003	-0.030929900000000003	0.0	2.59891	1.66979	1.6843	0.360605	
0	0.307896	0.9348799999999999	-0.17663199999999998	0.0	0.185661	0.12304200000000001	0.97488	0.0	0.9331290000000001	-0.332955	-0.135687	0.0	-2.58355	1.8436700000000001	1.6707599999999998	0.316098	-0.23327399999999998	0.9723860000000001	-0.00696373	0.0	0.0359842	0.00147551	-0.999351	0.0	-0.9717450000000001	-0.233373	-0.0353349	0.0	2.59171	1.6866	1.66189	0.359929	
0	0.37915	0.898028	-0.223138	0.0	0.133487	0.185539	0.9735280000000001	0.0	0.9156569999999999	-0.398899	-0.0495276	0.0	-2.56847	1.6880700000000002	1.57559	-0.00138107	-0.296713	0.952313	0.0711437	0.0	-0.00325879	0.0734883	-0.997291	0.0	-0.9549610000000001	-0.296141	-0.018701699999999998	0.0	2.60029	1.6748599999999998	1.57352	0.256227	
0	0.398448	0.898523	-0.184106	0.0	0.10953199999999999	0.152677	0.982188	0.0	0.9106270000000001	-0.411516	-0.0375832	0.0	-2.63844	1.62534	1.45709	0.0	-0.340039	0.935473	0.0962508	0.0	-0.0208729	0.0948166	-0.995276	0.0	-0.9401799999999999	-0.340442	-0.0127154	0.0	2.6552	1.6338700000000002	1.47306	0.117579	
0	0.395939	0.9064719999999999	-0.146766	0.0	0.0939887	0.11898299999999999	0.9884379999999999	0.0	0.9134540000000001	-0.40515500000000004	-0.038088	0.0	-2.6745200000000002	1.5692	1.30271	0.0831041	-0.344382	0.93327	0.102021	0.0	-0.0254226	0.09935830000000001	-0.994727	0.0	-0.938486	-0.34515999999999997	-0.0104914	0.0	2.71943	1.6500299999999999	1.37924	0.129493	
0	0.431295	0.894913	-0.114522	0.0	0.07791160000000001	0.0895172	0.992933	0.0	0.898841	-0.43717	-0.0311159	0.0	-2.7004799999999998	1.47806	1.18505	0.28882199999999997	-0.352171	0.9313629999999999	0.09240369999999999	0.0	-0.00982791	0.09504320000000001	-0.995425	0.0	-0.935884	-0.351468	-0.0243182	0.0	2.75356	1.6244100000000001	1.31633	0.30138200000000004	
0	0.448686	0.887392	-0.10590999999999999	0.0	0.0567034	0.090002	0.994326	0.0	0.8918889999999999	-0.452146	-0.00993562	0.0	-2.67991	1.3907100000000001	1.15083	0.31760700000000003	-0.37356999999999996	0.923061	0.0916798	0.0	-0.014185399999999999	0.09313880000000001	-0.995552	0.0	-0.927494	-0.373209	-0.0217	0.0	2.72308	1.5677	1.31063	0.326908	
0	0.518996	0.8509260000000001	-0.0810407	0.0	0.0119877	0.08755399999999999	0.996088	0.0	0.854693	-0.517937	0.0352395	0.0	-2.6816	1.09401	1.06849	0.34541	-0.438587	0.894492	0.0867467	0.0	-0.0117998	0.0907858	-0.995801	0.0	-0.898611	-0.43776899999999996	-0.029262700000000003	0.0	2.6412400000000003	1.40018	1.28673	0.35825300000000004	
0	0.5337850000000001	0.842802	-0.0689748	0.0	-0.00710449	0.0860339	0.996267	0.0	0.84559	-0.531303	0.0519114	0.0	-2.7054400000000003	0.9361430000000001	0.987892	0.345447	-0.45785699999999996	0.885317	0.081122	0.0	-0.0163788	0.0828325	-0.9964290000000001	0.0	-0.888875	-0.45755	-0.0234252	0.0	2.6374400000000002	1.30047	1.23151	0.35788200000000003	
0	0.5802390000000001	0.812141	-0.0612381	0.0	-0.0142454	0.0852985	0.9962540000000001	0.0	0.814322	-0.5771930000000001	0.06106280000000001	0.0	-2.7370799999999997	0.7385550000000001	0.9091540000000001	0.345422	-0.47968299999999997	0.874373	0.073322	0.0	-0.0226799	0.0711799	-0.9972059999999999	0.0	-0.877149	-0.480005	-0.0143132	0.0	2.6406400000000003	1.2533100000000001	1.18776	0.358043	
0	0.623197	0.779924	-0.0578275	0.0	-0.029193900000000002	0.0970904	0.9948469999999999	0.0	0.78152	-0.6182979999999999	0.0832755	0.0	-2.7658	0.513159	0.827472	0.345021	-0.5107659999999999	0.857376	0.0634466	0.0	-0.030997800000000002	0.055385300000000005	-0.997984	0.0	-0.8591610000000001	-0.511702	-0.00171226	0.0	2.6441	1.2163700000000002	1.1298700000000002	0.358139	
0	0.636947	0.7691600000000001	-0.05188480000000001	0.0	-0.047675199999999994	0.106476	0.9931719999999999	0.0	0.769432	-0.630124	0.10448900000000001	0.0	-2.78531	0.32047600000000004	0.740861	0.34530900000000003	-0.5177470000000001	0.8534129999999999	0.0602125	0.0	-0.032133	0.0509324	-0.998185	0.0	-0.854931	-0.518742	0.00105244	0.0	2.65532	1.24029	1.04785	0.358127	
0	0.646613	0.760977	-0.0529695	0.0	-0.050308099999999994	0.111829	0.992453	0.0	0.761158	-0.6390680000000001	0.11059400000000001	0.0	-2.7801	0.159803	0.6564909999999999	0.345469	-0.5111399999999999	0.857292	0.0615315	0.0	-0.0249232	0.05677619999999999	-0.9980760000000001	0.0	-0.859136	-0.51169	-0.00765425	0.0	2.6319	1.24416	0.9219649999999999	0.358015	
0	0.650169	0.7585689999999999	-0.0430472	0.0	-0.05289259999999999	0.101708	0.9934069999999999	0.0	0.757946	-0.643606	0.10625	0.0	-2.76384	0.0640582	0.6038640000000001	0.345496	-0.50542	0.86024	0.0673681	0.0	-0.0206625	0.06598580000000001	-0.997607	0.0	-0.862626	-0.505602	-0.015576	0.0	2.59636	1.24179	0.84824	0.35807	
0	0.656485	0.752984	-0.0451978	0.0	-0.0476101	0.10115700000000001	0.9937309999999999	0.0	0.752835	-0.650217	0.102258	0.0	-2.75592	0.0333358	0.5846060000000001	0.345537	-0.502618	0.860751	0.0805157	0.0	-0.0275111	0.07716210000000001	-0.9966389999999999	0.0	-0.8640709999999999	-0.5031439999999999	-0.015103	0.0	2.5579	1.22935	0.8365799999999999	0.358481	
0	0.661518	0.74837	-0.048332	0.0	-0.037181099999999995	0.09709889999999999	0.9945799999999999	0.0	0.749007	-0.6561359999999999	0.0920579	0.0	-2.78337	0.0304473	0.581256	0.34518499999999996	-0.506487	0.8582709999999999	0.0827188	0.0	-0.0264918	0.08039910000000001	-0.996411	0.0	-0.8618399999999999	-0.506861	-0.017984	0.0	2.52833	1.18153	0.8391700000000001	0.358486	
0	0.657403	0.75112	-0.0603321	0.0	-0.0215746	0.09879389999999999	0.9948739999999999	0.0	0.7532310000000001	-0.6527310000000001	0.0811525	0.0	-2.80875	0.0375412	0.573497	0.344868	-0.508165	0.85711	0.0844437	0.0	-0.0240615	0.0838799	-0.996185	0.0	-0.860924	-0.508258	-0.0220015	0.0	2.521	1.15446	0.833335	0.358452	
0	0.641452	0.762055	-0.08838330000000001	0.0	-0.00251642	0.117297	0.993094	0.0	0.767159	-0.636799	0.07715810000000001	0.0	-2.82619	0.0559314	0.56314	0.34387199999999996	-0.50767	0.857769	0.0806423	0.0	-0.0202247	0.08171030000000001	-0.996451	0.0	-0.8613139999999999	-0.507499	-0.024133900000000003	0.0	2.52385	1.1513200000000001	0.826305	0.358456	
0	0.640412	0.7628229999999999	-0.0892981	0.0	-0.00193062	0.11786700000000001	0.993028	0.0	0.768029	-0.635775	0.0769563	0.0	-2.82634	0.058541300000000004	0.563898	0.343451	-0.507584	0.857835	0.08048580000000001	0.0	-0.0204365	0.08140089999999998	-0.9964719999999999	0.0	-0.86136	-0.5074380000000001	-0.023786900000000003	0.0	2.52325	1.15152	0.827501	0.35844899999999996	
0	0.640409	0.762825	-0.08929939999999999	0.0	-0.00193	0.117868	0.993027	0.0	0.768031	-0.635772	0.076956	0.0	-2.82634	0.0585356	0.563897	0.343451	-0.507584	0.857835	0.0804854	0.0	-0.020436900000000004	0.08140019999999999	-0.9964719999999999	0.0	-0.86136	-0.5074380000000001	-0.023786	0.0	2.52325	1.15152	0.827501	0.35844899999999996	
0	0.640409	0.762825	-0.08929930000000001	0.0	-0.00193003	0.117868	0.993027	0.0	0.768031	-0.635772	0.0769559	0.0	-2.82634	0.058535500000000004	0.563897	0.343451	-0.507584	0.857835	0.08048530000000001	0.0	-0.020436900000000004	0.08140019999999999	-0.9964719999999999	0.0	-0.86136	-0.5074380000000001	-0.023785900000000002	0.0	2.52325	1.15152	0.827501	0.358448	
0	0.640409	0.762825	-0.08929930000000001	0.0	-0.00192994	0.117868	0.993027	0.0	0.768031	-0.635772	0.0769559	0.0	-2.82634	0.058535500000000004	0.563897	0.343451	-0.507584	0.857835	0.0804854	0.0	-0.020436900000000004	0.08140019999999999	-0.9964719999999999	0.0	-0.86136	-0.5074380000000001	-0.023786099999999998	0.0	2.52325	1.15151	0.827501	0.35844899999999996	
0	0.640409	0.762825	-0.08929930000000001	0.0	-0.00192997	0.117868	0.993027	0.0	0.768031	-0.635772	0.0769559	0.0	-2.82634	0.058535500000000004	0.563897	0.343451	-0.507584	0.857835	0.0804854	0.0	-0.020436900000000004	0.08140019999999999	-0.9964719999999999	0.0	-0.86136	-0.5074380000000001	-0.023786099999999998	0.0	2.52325	1.15151	0.8275	0.35844899999999996	
0	0.640409	0.762825	-0.08929930000000001	0.0	-0.00193	0.117868	0.993027	0.0	0.768031	-0.635772	0.0769559	0.0	-2.82634	0.0585354	0.563897	0.343451	-0.507584	0.857835	0.0804854	0.0	-0.020436900000000004	0.08140019999999999	-0.9964719999999999	0.0	-0.86136	-0.5074380000000001	-0.023786099999999998	0.0	2.52325	1.15151	0.8275	0.35844899999999996	
0	0.640409	0.762825	-0.08929939999999999	0.0	-0.00192994	0.117868	0.993027	0.0	0.768031	-0.635772	0.0769559	0.0	-2.82634	0.0585361	0.563897	0.34345	-0.507584	0.857835	0.0804854	0.0	-0.020436900000000004	0.08140019999999999	-0.9964719999999999	0.0	-0.86136	-0.5074380000000001	-0.023786099999999998	0.0	2.52325	1.15151	0.8275	0.35844899999999996	
0	0.640409	0.762825	-0.08929930000000001	0.0	-0.00193	0.117868	0.993027	0.0	0.768031	-0.635772	0.0769559	0.0	-2.82634	0.058535500000000004	0.563898	0.343451	-0.507584	0.857835	0.08048530000000001	0.0	-0.020436900000000004	0.08140019999999999	-0.9964719999999999	0.0	-0.86136	-0.5074380000000001	-0.023786099999999998	0.0	2.52325	1.15152	0.827501	0.35844899999999996	
0	0.640409	0.762825	-0.08929930000000001	0.0	-0.00192994	0.117868	0.993027	0.0	0.768031	-0.635772	0.0769559	0.0	-2.82634	0.0585359	0.563897	0.343451	-0.507584	0.857835	0.0804854	0.0	-0.020436900000000004	0.08140019999999999	-0.9964719999999999	0.0	-0.86136	-0.5074380000000001	-0.023786099999999998	0.0	2.52325	1.15151	0.827501	0.35844899999999996	
0	0.640409	0.762825	-0.08929930000000001	0.0	-0.00193	0.117868	0.993027	0.0	0.768031	-0.635772	0.0769559	0.0	-2.82634	0.0585361	0.563898	0.343451	-0.507584	0.857835	0.08048530000000001	0.0	-0.020436799999999998	0.08140019999999999	-0.9964719999999999	0.0	-0.86136	-0.5074380000000001	-0.023786099999999998	0.0	2.52325	1.15152	0.8275	0.35844899999999996	
0	0.640409	0.762825	-0.08929930000000001	0.0	-0.00193	0.117868	0.993027	0.0	0.768031	-0.635772	0.0769559	0.0	-2.82634	0.0585356	0.563897	0.343451	-0.507584	0.857835	0.0804855	0.0	-0.020436900000000004	0.08140019999999999	-0.9964719999999999	0.0	-0.86136	-0.5074380000000001	-0.023786099999999998	0.0	2.52325	1.15151	0.827501	0.35844899999999996	
0	0.640409	0.762825	-0.08929930000000001	0.0	-0.00193003	0.117868	0.993027	0.0	0.768031	-0.635772	0.0769559	0.0	-2.82634	0.058536000000000005	0.563898	0.343451	-0.507584	0.857835	0.08048530000000001	0.0	-0.020436900000000004	0.08140019999999999	-0.9964719999999999	0.0	-0.86136	-0.5074380000000001	-0.023786099999999998	0.0	2.52325	1.15152	0.8275	0.35844899999999996	
0	0.640409	0.762825	-0.08929930000000001	0.0	-0.00192994	0.117868	0.993027	0.0	0.768031	-0.635772	0.0769559	0.0	-2.82634	0.0585359	0.563898	0.343451	-0.507584	0.857835	0.0804854	0.0	-0.020436900000000004	0.08140019999999999	-0.9964719999999999	0.0	-0.86136	-0.5074380000000001	-0.023786099999999998	0.0	2.52325	1.15152	0.827501	0.35844899999999996	
0	-0.0250528	0.9632959999999999	-0.267271	0.0	0.040116399999999997	0.268108	0.9625530000000001	0.0	0.9988809999999999	0.013392600000000001	-0.0453609	0.0	-2.83526	0.053853	0.445226	0.289133	-0.10913099999999999	0.993016	-0.044818300000000005	0.0	-0.0145495	-0.046678500000000005	-0.9988040000000001	0.0	-0.9939209999999999	-0.108349	0.0195419	0.0	2.50623	1.16642	0.8363659999999999	0.35825300000000004	
0	-0.00726521	0.977728	-0.209749	0.0	0.0501134	0.20984699999999998	0.976449	0.0	0.998717	-0.00341713	-0.0505219	0.0	-2.8071900000000003	0.00433156	0.538499	0.28568699999999997	-0.124043	0.99167	-0.0346914	0.0	-0.017105900000000004	-0.0370933	-0.999165	0.0	-0.992129	-0.123347	0.0215646	0.0	2.49848	1.13671	0.861841	0.357987	
0	0.105867	0.9885959999999999	-0.107098	0.0	0.054192899999999995	0.10180800000000001	0.9933270000000001	0.0	0.9929020000000001	-0.11096500000000001	-0.0427968	0.0	-2.82497	-0.126833	0.5481779999999999	0.266342	-0.125633	0.9917889999999999	-0.023913	0.0	-0.0200813	-0.0266413	-0.9994430000000001	0.0	-0.991874	-0.125083	0.0232634	0.0	2.4998299999999998	1.11735	0.839772	0.357711	
0	0.293584	0.955933	-0.00016433	0.0	0.0656942	-0.020004400000000002	0.9976389999999999	0.0	0.953673	-0.292901	-0.0686723	0.0	-2.85015	-0.347997	0.494278	0.267731	-0.13286199999999998	0.991084	-0.0100475	0.0	-0.016437200000000003	-0.0123393	-0.9997889999999999	0.0	-0.9909979999999999	-0.132668	0.01793	0.0	2.50635	1.09809	0.803161	0.357478	
0	0.487836	0.870526	0.0648126	0.0	0.0686317	-0.112266	0.9913049999999999	0.0	0.870233	-0.479146	-0.11451300000000002	0.0	-2.87277	-0.716054	0.318651	0.283582	-0.138552	0.990331	0.0069792000000000005	0.0	-0.0158972	0.00482213	-0.999862	0.0	-0.9902280000000001	-0.13864400000000002	0.015075299999999998	0.0	2.52065	1.05172	0.72843	0.35731999999999997	
0	0.575198	0.814606	0.07459650000000001	0.0	0.0447401	-0.12238399999999999	0.991474	0.0	0.81679	-0.566956	-0.106841	0.0	-2.92597	-1.14324	0.0467756	0.299222	-0.147426	0.989031	0.0091427	0.0	-0.0100843	0.00774008	-0.999919	0.0	-0.989022	-0.147506	0.00883251	0.0	2.52756	0.98261	0.6500100000000001	0.35693600000000003	
0	0.5972810000000001	0.799834	0.0593408	0.0	0.016482	-0.08621310000000001	0.9961399999999999	0.0	0.801863	-0.593997	-0.0646763	0.0	-2.96666	-1.5358	-0.253502	0.304388	-0.159281	0.9871219999999999	0.0148315	0.0	-0.00578228	0.014090100000000001	-0.999884	0.0	-0.987216	-0.159348	0.00346345	0.0	2.52753	0.8856440000000001	0.548928	0.356558	
0	0.629179	0.775926	0.0455211	0.0	0.0104131	-0.0669757	0.9977	0.0	0.777191	-0.627258	-0.0502195	0.0	-2.9544599999999996	-1.75813	-0.439655	0.31658800000000004	-0.195324	0.980377	0.026626999999999998	0.0	0.00656852	0.028457099999999996	-0.9995729999999999	0.0	-0.9807170000000001	-0.19506600000000002	-0.0119979	0.0	2.53591	0.811823	0.452896	0.356354	
0	0.649508	0.759116	0.043382300000000006	0.0	-0.013735399999999998	-0.0453321	0.998878	0.0	0.760231	-0.649375	-0.0190168	0.0	-2.89147	-1.98836	-0.573583	0.330414	-0.236738	0.970757	0.03982430000000001	0.0	0.00167295	0.041396800000000004	-0.999141	0.0	-0.9715719999999999	-0.23646799999999998	-0.0114242	0.0	2.55706	0.7015640000000001	0.32731	0.357929	
0	0.677429	0.7342380000000001	0.0445546	0.0	-0.030205900000000004	-0.0327524	0.999007	0.0	0.7349680000000001	-0.6781020000000001	-9.07481e-06	0.0	-2.82884	-2.18071	-0.678463	0.33497	-0.315895	0.947048	0.05753200000000001	0.0	0.0092698	0.0637145	-0.997925	0.0	-0.948749	-0.314707	-0.0289063	0.0	2.5786599999999997	0.5752079999999999	0.188336	0.358709	
0	0.7071770000000001	0.705902	0.0400394	0.0	-0.0381086	-0.0184928	0.9991030000000001	0.0	0.706009	-0.708068	0.0138233	0.0	-2.78392	-2.35796	-0.8200200000000001	0.34161199999999997	-0.370788	0.9268049999999999	0.059574	0.0	0.030289499999999997	0.0761805	-0.996634	0.0	-0.9282239999999999	-0.367735	-0.0563192	0.0	2.61123	0.458542	0.0342724	0.358638	
0	0.729734	0.682279	0.044538999999999995	0.0	-0.0462438	-0.015741599999999998	0.998806	0.0	0.6821649999999999	-0.730923	0.020064	0.0	-2.71933	-2.52485	-0.963968	0.34378800000000004	-0.382313	0.922	0.061259100000000004	0.0	0.0351543	0.0807602	-0.9961129999999999	0.0	-0.923364	-0.378673	-0.06328790000000001	0.0	2.6351400000000003	0.385429	-0.0751054	0.358781	
0	0.7590979999999999	0.649896	0.037494599999999996	0.0	-0.0492663	-7.87079e-05	0.9987860000000001	0.0	0.649109	-0.760024	0.0319582	0.0	-2.67687	-2.69037	-1.05641	0.34662600000000005	-0.381353	0.922322	0.062394000000000005	0.0	0.031753199999999995	0.080524	-0.9962469999999999	0.0	-0.923884	-0.37794	-0.0599948	0.0	2.60984	0.333783	-0.107222	0.35923299999999997	
0	0.779129	0.6258729999999999	0.0352161	0.0	-0.0508779	0.00714339	0.9986790000000001	0.0	0.624795	-0.779892	0.0374088	0.0	-2.6741200000000003	-2.85208	-1.11754	0.346109	-0.387995	0.9194610000000001	0.0636503	0.0	0.0332099	0.0829625	-0.995999	0.0	-0.921063	-0.384329	-0.0627245	0.0	2.5916900000000003	0.296734	-0.10233099999999999	0.359299	
0	0.796747	0.603221	0.036326800000000006	0.0	-0.0484385	0.00382823	0.998819	0.0	0.6023689999999999	-0.797565	0.0322692	0.0	-2.68689	-2.96161	-1.19303	0.346086	-0.391352	0.917716	0.068123	0.0	0.033001199999999994	0.08797560000000001	-0.995576	0.0	-0.9196489999999999	-0.387373	-0.0647151	0.0	2.59045	0.27744800000000003	-0.10264300000000001	0.35939899999999997	
0	0.813257	0.580839	0.035212099999999996	0.0	-0.044195599999999995	0.00131657	0.999022	0.0	0.580225	-0.814018	0.026741200000000003	0.0	-2.69804	-3.05387	-1.2838399999999999	0.34598	-0.395392	0.915659	0.07234439999999999	0.0	0.035820099999999994	0.0940742	-0.9949209999999999	0.0	-0.9178139999999999	-0.39079200000000003	-0.0699952	0.0	2.60197	0.26769899999999996	-0.113504	0.359227	
0	0.8308719999999999	0.555254	0.036686500000000004	0.0	-0.0386328	-0.00821069	0.9992200000000001	0.0	0.555122	-0.831641	0.014629	0.0	-2.74797	-3.14927	-1.39089	0.345984	-0.396467	0.9151379999999999	0.0730532	0.0	0.0386187	0.09612860000000001	-0.9946200000000001	0.0	-0.9172370000000001	-0.391513	-0.07345349999999999	0.0	2.60817	0.26026900000000003	-0.121823	0.359311	
0	0.8441639999999999	0.534813	0.036918900000000004	0.0	-0.0342327	-0.014949500000000001	0.999302	0.0	0.534992	-0.8448379999999999	0.00568822	0.0	-2.79872	-3.19446	-1.4421899999999999	0.346277	-0.396507	0.9150590000000001	0.0738191	0.0	0.039974800000000005	0.0975432	-0.9944280000000001	0.0	-0.917161	-0.391346	-0.0752562	0.0	2.60893	0.250619	-0.12578699999999998	0.359308	
0	0.878466	0.47661899999999996	0.033632	0.0	-0.0134156	-0.045756599999999994	0.998863	0.0	0.477616	-0.877918	-0.0338015	0.0	-3.00631	-3.3461	-1.5931	0.346227	-0.39574299999999996	0.915559	0.07169210000000001	0.0	0.0391923	0.0948313	-0.9947219999999999	0.0	-0.917525	-0.390844	-0.0734118	0.0	2.58685	0.181417	-0.140483	0.359383	
0	0.89033	0.454396	0.0289168	0.0	-0.0060073999999999995	-0.0517806	0.99864	0.0	0.455276	-0.889294	-0.043372100000000004	0.0	-3.06914	-3.40861	-1.63647	0.343789	-0.395719	0.9158040000000001	0.0686225	0.0	0.0405156	0.09205819999999999	-0.9949290000000001	0.0	-0.9174770000000001	-0.390932	-0.0735336	0.0	2.5810299999999997	0.167991	-0.14230299999999999	0.35931599999999997	
0	0.8948780000000001	0.44609899999999997	0.0137365	0.0	0.00255814	-0.0359043	0.999352	0.0	0.44630299999999995	-0.8942629999999999	-0.0332712	0.0	-3.14361	-3.47231	-1.64523	0.34486500000000003	-0.39395399999999997	0.9168620000000001	0.0645405	0.0	0.037089	0.0860195	-0.995603	0.0	-0.9183819999999999	-0.389827	-0.0678933	0.0	2.5697200000000002	0.15546	-0.133631	0.359371	
0	0.900064	0.435746	-0.00336745	0.0	0.0107755	-0.0145308	0.9998360000000001	0.0	0.435625	-0.8999530000000001	-0.017774	0.0	-3.1605	-3.57025	-1.6475099999999998	0.344995	-0.395424	0.916344	0.06287240000000001	0.0	0.0363789	0.08402230000000001	-0.9958	0.0	-0.9177780000000001	-0.39147600000000005	-0.0665602	0.0	2.55612	0.15481099999999998	-0.119895	0.359331	
0	0.901784	0.431825	-0.0176702	0.0	0.015902700000000002	0.00770369	0.9998440000000001	0.0	0.43189399999999994	-0.901924	7.987390000000001e-05	0.0	-3.15333	-3.65825	-1.58376	0.341067	-0.397976	0.915316	0.061736599999999996	0.0	0.0364662	0.08302580000000001	-0.9958799999999999	0.0	-0.9166709999999999	-0.394085	-0.06642039999999999	0.0	2.55625	0.151612	-0.10736099999999998	0.359429	
0	0.909485	0.41417299999999996	-0.0360295	0.0	0.029771	0.0215581	0.999324	0.0	0.41467	-0.9099430000000001	0.00727642	0.0	-3.14264	-3.67628	-1.54588	0.32914699999999997	-0.400821	0.9143319999999999	0.0577918	0.0	0.0357602	0.07864650000000001	-0.9962610000000001	0.0	-0.915458	-0.397256	-0.06422	0.0	2.56222	0.151306	-0.0860015	0.35954	
0	0.91533	0.399038	-0.0542187	0.0	0.0410159	0.041557800000000006	0.998294	0.0	0.400611	-0.915992	0.021672099999999996	0.0	-3.1369	-3.6605800000000004	-1.55485	0.291941	-0.401944	0.913904	0.056747900000000004	0.0	0.0347387	0.07714960000000001	-0.9964139999999999	0.0	-0.915005	-0.39853099999999997	-0.0627577	0.0	2.56406	0.145647	-0.0768377	0.359565	
0	0.928026	0.3592	-0.0987065	0.0	0.0656682	0.103075	0.992504	0.0	0.366682	-0.927551	0.07206860000000001	0.0	-3.08474	-3.62448	-1.56664	0.184479	-0.403127	0.9134209999999999	0.0561275	0.0	0.0339456	0.0762148	-0.9965129999999999	0.0	-0.9145139999999999	-0.399816	-0.0617309	0.0	2.56449	0.132601	-0.0763216	0.35956	
0	0.933401	0.336399	-0.12488900000000001	0.0	0.0889211	0.12034600000000001	0.988742	0.0	0.347642	-0.933998	0.0824177	0.0	-3.07025	-3.61226	-1.57283	0.127599	-0.404351	0.912926	0.055379	0.0	0.0332316	0.0751747	-0.996616	0.0	-0.914	-0.40114299999999997	-0.0607349	0.0	2.5664599999999997	0.12493399999999999	-0.0804955	0.35955	
0	0.93626	0.31981	-0.14539000000000002	0.0	0.10921900000000001	0.128367	0.9856940000000001	0.0	0.333899	-0.9387459999999999	0.0852554	0.0	-3.0573	-3.6076599999999996	-1.55631	0.127624	-0.40572199999999997	0.912269	0.0561602	0.0	0.0340957	0.07650839999999999	-0.9964860000000001	0.0	-0.9133600000000001	-0.402382	-0.0621456	0.0	2.5661099999999997	0.126084	-0.0782177	0.359634	
0	0.934359	0.302558	-0.18823299999999998	0.0	0.14816500000000002	0.150539	0.9774379999999999	0.0	0.32406799999999997	-0.941168	0.09582919999999999	0.0	-3.05613	-3.6030300000000004	-1.44876	0.127433	-0.41265	0.909069	0.057561	0.0	0.03281780000000001	0.07798830000000001	-0.9964139999999999	0.0	-0.9102979999999999	-0.40928200000000003	-0.062015499999999994	0.0	2.5712900000000003	0.13151600000000002	-0.102447	0.359554	
0	0.9253950000000001	0.315312	-0.210292	0.0	0.170027	0.150509	0.973878	0.0	0.338726	-0.9369770000000001	0.0856685	0.0	-3.04862	-3.6082	-1.43645	0.127524	-0.43428900000000004	0.89802	0.0703857	0.0	0.023956099999999998	0.089626	-0.9956870000000001	0.0	-0.9004549999999999	-0.43073	-0.060436699999999996	0.0	2.57033	0.145924	-0.109455	0.359504	
0	0.898524	0.380878	-0.218142	0.0	0.188135	0.11482200000000001	0.9754079999999999	0.0	0.396559	-0.9174680000000001	0.031513400000000004	0.0	-3.0097099999999997	-3.3633599999999997	-1.38221	0.127636	-0.495932	0.8616229999999999	0.10796900000000001	0.0	0.00124937	0.12504400000000002	-0.99215	0.0	-0.868361	-0.491904	-0.0630897	0.0	2.58528	0.244536	-0.136918	0.359502	
0	0.872035	0.442856	-0.208406	0.0	0.19577999999999998	0.0746367	0.9778040000000001	0.0	0.44858100000000006	-0.893481	-0.0216164	0.0	-2.98409	-3.0258599999999998	-1.3391600000000001	0.12768800000000002	-0.545895	0.829834	0.115649	0.0	-0.045667	0.108356	-0.9930629999999999	0.0	-0.836608	-0.547389	-0.0212548	0.0	2.56406	0.24251399999999998	-0.162664	0.36020399999999997	
0	0.8266319999999999	0.5352680000000001	-0.173689	0.0	0.21950300000000003	-0.022493400000000004	0.975353	0.0	0.5181680000000001	-0.844383	-0.13608699999999999	0.0	-2.99879	-2.33985	-1.1573	0.12758	-0.600202	0.781025	0.172507	0.0	-0.113499	0.130327	-0.9849530000000001	0.0	-0.791755	-0.61075	0.0104227	0.0	2.47365	0.1933	-0.244731	0.36072	
0	0.807241	0.5705899999999999	-0.15095899999999998	0.0	0.22718200000000002	-0.0643191	0.971726	0.0	0.544747	-0.818713	-0.181549	0.0	-2.98578	-2.1375	-1.1745	0.127567	-0.600061	0.776303	0.19308	0.0	-0.121188	0.15036	-0.981176	0.0	-0.790721	-0.612164	0.00385284	0.0	2.43779	0.204738	-0.322706	0.360721	
0	0.741922	0.660521	-0.115165	0.0	0.25254699999999997	-0.11618900000000001	0.960583	0.0	0.621105	-0.7417630000000001	-0.25301599999999996	0.0	-2.93978	-1.66513	-1.21822	0.127573	-0.5769340000000001	0.776021	0.254832	0.0	-0.116382	0.23070500000000002	-0.966038	0.0	-0.808457	-0.5869979999999999	-0.0427867	0.0	2.32051	0.32259	-0.606584	0.36039699999999997	
0	0.6500739999999999	0.751851	-0.11010299999999999	0.0	0.24796500000000002	-0.07293200000000001	0.9660200000000001	0.0	0.7182729999999999	-0.6552859999999999	-0.233844	0.0	-2.8563099999999997	-1.53435	-1.2136	0.127571	-0.554453	0.7727970000000001	0.308817	0.0	-0.122829	0.291024	-0.9487979999999999	0.0	-0.823101	-0.563995	-0.06643710000000001	0.0	2.20412	0.363675	-0.738494	0.360212	
0	0.523334	0.840851	-0.13817100000000002	0.0	0.229293	0.0172109	0.9732049999999999	0.0	0.820699	-0.5409930000000001	-0.18379500000000001	0.0	-2.71437	-1.46127	-1.19403	0.127451	-0.547381	0.745872	0.37954	0.0	-0.144859	0.36222600000000005	-0.920765	0.0	-0.8242520000000001	-0.558988	-0.09022949999999999	0.0	2.06197	0.344353	-0.847627	0.360219	
0	0.457106	0.8751129999999999	-0.158841	0.0	0.204802	0.0702278	0.976281	0.0	0.865511	-0.47879499999999997	-0.147124	0.0	-2.59933	-1.42341	-1.1697600000000001	0.12745499999999998	-0.5383060000000001	0.722938	0.43311400000000005	0.0	-0.174833	0.40695	-0.8965629999999999	0.0	-0.824415	-0.558348	-0.0926706	0.0	1.98645	0.33460100000000004	-0.8861690000000001	0.359929	
1	0.33373200000000003	0.909259	-0.24873800000000001	0.0	0.132023	0.216182	0.9673860000000001	0.0	0.933377	-0.355687	-0.047896	0.0	-2.30971	-1.41587	-1.05705	0.127451	-0.46488599999999997	0.708376	0.531116	0.0	-0.235269	0.479475	-0.8454299999999999	0.0	-0.8535389999999999	-0.517984	-0.056242499999999994	0.0	1.7473900000000002	0.332964	-0.9259129999999999	0.359761	
1	0.323376	0.9103040000000001	-0.258409	0.0	0.124652	0.229723	0.965241	0.0	0.938024	-0.34434699999999996	-0.0391839	0.0	-2.28352	-1.41925	-1.0499399999999999	0.127451	-0.456884	0.70636	0.54066	0.0	-0.24046199999999998	0.48710200000000003	-0.8395889999999999	0.0	-0.856409	-0.513602	-0.0526965	0.0	1.7211900000000002	0.33769499999999997	-0.925264	0.35974	
1	0.171899	0.8933639999999999	-0.415154	0.0	0.035097500000000004	0.415605	0.908868	0.0	0.984489	-0.17080399999999998	0.040087199999999996	0.0	-2.02924	-1.42326	-0.9656680000000001	0.12756900000000002	-0.384943	0.644613	0.660525	0.0	-0.30204899999999996	0.588275	-0.7501329999999999	0.0	-0.872116	-0.48826899999999995	-0.0317481	0.0	1.43711	0.40244	-0.901275	0.35925799999999997	
1	0.0808528	0.857972	-0.5072939999999999	0.0	-0.029827199999999998	0.510815	0.859173	0.0	0.9962799999999999	-0.0543355	0.06689160000000001	0.0	-1.95239	-1.33466	-0.9401299999999999	0.127572	-0.360848	0.598204	0.715501	0.0	-0.334561	0.633097	-0.698038	0.0	-0.87055	-0.49126400000000003	-0.028315800000000002	0.0	1.29471	0.411833	-0.8661639999999999	0.35894899999999996	
1	0.037166500000000005	0.8328	-0.552325	0.0	-0.06877689999999999	0.553528	0.8299860000000001	0.0	0.9969399999999999	0.0071395	0.0778501	0.0	-1.9139	-1.2914	-0.9356899999999999	0.127451	-0.355871	0.571203	0.7396510000000001	0.0	-0.35483200000000004	0.6496069999999999	-0.672388	0.0	-0.8645520000000001	-0.501734	-0.0284954	0.0	1.24184	0.39511199999999996	-0.8478209999999999	0.358772	
1	-0.042485	0.75366	-0.65589	0.0	-0.176399	0.6405109999999999	0.7474149999999999	0.0	0.983402	0.147452	0.105733	0.0	-1.8497700000000001	-1.13819	-0.904742	0.127631	-0.353581	0.507134	0.7859999999999999	0.0	-0.407519	0.672829	-0.617437	0.0	-0.841967	-0.538624	-0.031232799999999998	0.0	1.11525	0.243695	-0.799612	0.358662	
1	-0.062150300000000006	0.707383	-0.7040930000000001	0.0	-0.22811399999999998	0.676716	0.700014	0.0	0.971649	0.204119	0.119306	0.0	-1.8367900000000001	-1.0735299999999999	-0.886591	0.127458	-0.356104	0.484484	0.79904	0.0	-0.425996	0.6769	-0.600278	0.0	-0.8316950000000001	-0.55415	-0.034658499999999995	0.0	1.08617	0.19469	-0.7782359999999999	0.358709	
1	-0.0537499	0.593116	-0.803321	0.0	-0.319792	0.751889	0.576539	0.0	0.9459620000000001	0.28788400000000003	0.149259	0.0	-1.8074299999999999	-0.9305370000000001	-0.790181	0.12652	-0.353646	0.420523	0.835521	0.0	-0.486695	0.680079	-0.548288	0.0	-0.798788	-0.600544	-0.0358405	0.0	0.996924	0.0168011	-0.738793	0.358688	
1	-0.041853800000000004	0.55115	-0.833356	0.0	-0.344275	0.77505	0.529879	0.0	0.9379350000000001	0.309081	0.157308	0.0	-1.78263	-0.8854139999999999	-0.733286	0.126356	-0.350837	0.400235	0.8465969999999999	0.0	-0.504885	0.680562	-0.5309689999999999	0.0	-0.788673	-0.613717	-0.036693699999999996	0.0	0.9677629999999999	-0.0463607	-0.724146	0.359137	
1	-0.023861900000000002	0.493795	-0.869251	0.0	-0.351585	0.809808	0.469679	0.0	0.935852	0.316823	0.154288	0.0	-1.73023	-0.8298969999999999	-0.651438	0.12608	-0.33314299999999997	0.386365	0.86008	0.0	-0.517346	0.68771	-0.509321	0.0	-0.78827	-0.614636	-0.029220799999999998	0.0	0.914273	-0.112669	-0.7227060000000001	0.359057	
1	0.00914602	0.42618999999999996	-0.904588	0.0	-0.357123	0.846359	0.39514499999999997	0.0	0.9340129999999999	0.31943499999999997	0.159943	0.0	-1.685	-0.8171609999999999	-0.567999	0.12578599999999998	-0.32211599999999996	0.383011	0.865762	0.0	-0.514467	0.696864	-0.499704	0.0	-0.794711	-0.6063689999999999	-0.0274244	0.0	0.86159	-0.10381300000000002	-0.7285550000000001	0.35920100000000005	
1	0.0331161	0.40070100000000003	-0.91561	0.0	-0.36544499999999996	0.8575299999999999	0.362066	0.0	0.9302440000000001	0.322615	0.174832	0.0	-1.66723	-0.816362	-0.509945	0.12569	-0.317857	0.380409	0.8684790000000001	0.0	-0.5124380000000001	0.70175	-0.494928	0.0	-0.79773	-0.602358	-0.028120299999999997	0.0	0.8439049999999999	-0.0936596	-0.74717	0.359113	
1	0.131968	0.407066	-0.9038149999999999	0.0	-0.356488	0.870275	0.339908	0.0	0.924933	0.277343	0.25996199999999997	0.0	-1.64418	-0.9188930000000001	-0.361827	0.125832	-0.319573	0.376824	0.8694120000000001	0.0	-0.506781	0.7073050000000001	-0.492842	0.0	-0.800654	-0.5981	-0.035068199999999994	0.0	0.794691	-0.08265310000000001	-0.783395	0.359196	
1	0.214491	0.44025600000000004	-0.871876	0.0	-0.347407	0.8686659999999999	0.353169	0.0	0.912854	0.227144	0.339269	0.0	-1.6077700000000001	-1.08617	-0.21077100000000001	0.126083	-0.315846	0.377085	0.87066	0.0	-0.50298	0.71154	-0.490634	0.0	-0.80452	-0.592889	-0.035070699999999996	0.0	0.7378020000000001	-0.0764227	-0.800133	0.359297	
1	0.353396	0.492795	-0.795151	0.0	-0.35397199999999995	0.85724	0.37395500000000004	0.0	0.8659180000000001	0.149307	0.47738100000000006	0.0	-1.5588799999999998	-1.36754	0.0337347	0.126501	-0.30964200000000003	0.386308	0.868843	0.0	-0.494091	0.715332	-0.49413999999999997	0.0	-0.8124020000000001	-0.582294	-0.0306255	0.0	0.679517	-0.0711604	-0.8242940000000001	0.359633	
1	0.376573	0.504616	-0.776888	0.0	-0.357396	0.852835	0.38071	0.0	0.85467	0.134292	0.5015029999999999	0.0	-1.54661	-1.4707	0.126095	0.126635	-0.300683	0.403533	0.8641479999999999	0.0	-0.48748199999999997	0.713746	-0.50292	0.0	-0.8197270000000001	-0.572475	-0.017896400000000003	0.0	0.636263	-0.053812599999999995	-0.821723	0.359576	
1	0.376458	0.519456	-0.767101	0.0	-0.344826	0.847088	0.404396	0.0	0.8598690000000001	0.112278	0.498015	0.0	-1.53452	-1.4876	0.14863099999999999	0.12673299999999998	-0.29633200000000004	0.41531	0.8600610000000001	0.0	-0.488766	0.707713	-0.510147	0.0	-0.8205450000000001	-0.571542	-0.00672859	0.0	0.6125970000000001	-0.0572581	-0.806825	0.35937800000000003	
1	0.332217	0.607194	-0.721766	0.0	-0.36526	0.788342	0.49507799999999996	0.0	0.869607	0.099159	0.48368500000000003	0.0	-1.49401	-1.45814	0.143621	0.126804	-0.290204	0.456164	0.841247	0.0	-0.508364	0.671295	-0.539378	0.0	-0.81077	-0.5841890000000001	0.0370851	0.0	0.5328189999999999	-0.12395999999999999	-0.7277680000000001	0.35898800000000003	
1	0.28483600000000003	0.667103	-0.688362	0.0	-0.375665	0.738351	0.560102	0.0	0.881898	0.09905610000000001	0.46091499999999996	0.0	-1.49573	-1.41866	0.0840202	0.126921	-0.285506	0.48940600000000006	0.823995	0.0	-0.546732	0.622977	-0.55945	0.0	-0.7871279999999999	-0.61023	0.0897102	0.0	0.48303900000000005	-0.260468	-0.624659	0.358819	
1	0.262889	0.689723	-0.674664	0.0	-0.37838299999999997	0.7169439999999999	0.5855060000000001	0.0	0.887534	0.101358	0.449456	0.0	-1.49824	-1.39629	0.06601439999999999	0.126866	-0.284788	0.49965299999999996	0.8180729999999999	0.0	-0.561895	0.604414	-0.564764	0.0	-0.77664	-0.620508	0.108623	0.0	0.47897399999999996	-0.33384899999999995	-0.584286	0.358647	
1	0.24426199999999998	0.705596	-0.665185	0.0	-0.380741	0.700661	0.6034149999999999	0.0	0.8918360000000001	0.10587200000000001	0.43979399999999996	0.0	-1.4988	-1.35271	0.0394691	0.126891	-0.292664	0.512895	0.8070229999999999	0.0	-0.593408	0.56438	-0.573883	0.0	-0.7498100000000001	-0.646849	0.139182	0.0	0.470333	-0.469501	-0.49531400000000003	0.358556	
1	0.24213800000000002	0.709594	-0.6616989999999999	0.0	-0.386115	0.696138	0.605233	0.0	0.8901040000000001	0.10894200000000001	0.442546	0.0	-1.49973	-1.33031	0.038669300000000004	0.126946	-0.298088	0.514306	0.804135	0.0	-0.603845	0.550841	-0.5761470000000001	0.0	-0.739267	-0.657315	0.146362	0.0	0.456337	-0.5525329999999999	-0.474541	0.358638	
1	0.24279099999999998	0.707442	-0.6637609999999999	0.0	-0.388297	0.6979	0.6017979999999999	0.0	0.888976	0.111625	0.444141	0.0	-1.49431	-1.31349	0.046426	0.126912	-0.297879	0.513785	0.804545	0.0	-0.608259	0.547404	-0.574779	0.0	-0.7357239999999999	-0.660586	0.149454	0.0	0.440119	-0.619326	-0.48007700000000003	0.358722	
1	0.24279499999999998	0.710316	-0.660684	0.0	-0.390442	0.695017	0.603744	0.0	0.888035	0.111372	0.446083	0.0	-1.48851	-1.30376	0.0586434	0.126909	-0.296819	0.5134340000000001	0.805161	0.0	-0.607484	0.549028	-0.574049	0.0	-0.736792	-0.659511	0.14894100000000002	0.0	0.43299499999999996	-0.634127	-0.482652	0.35849200000000003	
1	0.244704	0.713113	-0.6569550000000001	0.0	-0.396502	0.691909	0.603364	0.0	0.88482	0.11283800000000001	0.452064	0.0	-1.4793	-1.28488	0.0770558	0.126769	-0.29612	0.5110319999999999	0.806945	0.0	-0.605216	0.553204	-0.572433	0.0	-0.738937	-0.657884	0.14547000000000002	0.0	0.42458199999999996	-0.64583	-0.471919	0.358755	
1	0.24752	0.715114	-0.653717	0.0	-0.400873	0.68984	0.602845	0.0	0.8820629999999999	0.11284200000000001	0.45741899999999996	0.0	-1.46189	-1.27807	0.08928939999999999	0.126751	-0.297696	0.507392	0.80866	0.0	-0.601282	0.558283	-0.571647	0.0	-0.74151	-0.656409	0.13888699999999998	0.0	0.41771199999999997	-0.645211	-0.474617	0.35886999999999997	
1	0.253754	0.7195779999999999	-0.6463869999999999	0.0	-0.404846	0.685922	0.604658	0.0	0.878469	0.108253	0.46537399999999995	0.0	-1.4456	-1.2765799999999998	0.120719	0.126863	-0.293435	0.507337	0.81025	0.0	-0.5982390000000001	0.563641	-0.569578	0.0	-0.745658	-0.651857	0.13811700000000002	0.0	0.41121599999999997	-0.641362	-0.480171	0.358966	
1	0.256815	0.7215560000000001	-0.642965	0.0	-0.407237	0.684125	0.605088	0.0	0.876473	0.10644300000000001	0.469538	0.0	-1.4285	-1.27739	0.152817	0.126779	-0.288204	0.5101359999999999	0.81037	0.0	-0.595444	0.567291	-0.568882	0.0	-0.7499239999999999	-0.6464840000000001	0.140262	0.0	0.364246	-0.62407	-0.47677600000000003	0.35891799999999996	
1	0.259337	0.7223069999999999	-0.641105	0.0	-0.408829	0.683512	0.604707	0.0	0.8749879999999999	0.105279	0.47256000000000004	0.0	-1.4244	-1.2805799999999998	0.174348	0.126782	-0.282009	0.514672	0.8096810000000001	0.0	-0.5930300000000001	0.5698949999999999	-0.568802	0.0	-0.7541800000000001	-0.640572	0.1445	0.0	0.287613	-0.601531	-0.460945	0.358686	
1	0.260245	0.7231890000000001	-0.6397430000000001	0.0	-0.410811	0.6825439999999999	0.604457	0.0	0.8737889999999999	0.10550699999999999	0.47472200000000003	0.0	-1.42272	-1.2778399999999999	0.179843	0.12677	-0.28075700000000003	0.514845	0.8100069999999999	0.0	-0.592141	0.5712729999999999	-0.568346	0.0	-0.7553449999999999	-0.639205	0.144472	0.0	0.262937	-0.606064	-0.46586700000000003	0.35848	
1	0.26025	0.72344	-0.639456	0.0	-0.41229499999999997	0.682127	0.603917	0.0	0.873088	0.106475	0.47579399999999994	0.0	-1.42208	-1.27261	0.190348	0.126807	-0.27978600000000003	0.526687	0.802696	0.0	-0.592797	0.562897	-0.575967	0.0	-0.7551899999999999	-0.636983	0.154727	0.0	0.163625	-0.614188	-0.45737799999999995	0.358466	
1	0.260185	0.722249	-0.640828	0.0	-0.410362	0.683479	0.603705	0.0	0.8740180000000001	0.105897	0.474214	0.0	-1.4236799999999998	-1.27084	0.19153499999999998	0.12677	-0.275401	0.548088	0.7897810000000001	0.0	-0.607384	0.537593	-0.584874	0.0	-0.7451439999999999	-0.640775	0.184846	0.0	0.11511700000000001	-0.6408119999999999	-0.418275	0.357518	
1	0.26022199999999995	0.7226319999999999	-0.6403810000000001	0.0	-0.409591	0.683214	0.604527	0.0	0.874368	0.10498299999999999	0.473771	0.0	-1.4270200000000002	-1.2707600000000001	0.196771	0.126883	-0.281018	0.57021	0.771939	0.0	-0.6198100000000001	0.506271	-0.599605	0.0	-0.732711	-0.6469550000000001	0.21115	0.0	0.0977772	-0.6684220000000001	-0.366985	0.341077	
1	0.256546	0.7235699999999999	-0.6408050000000001	0.0	-0.4083	0.682064	0.606695	0.0	0.876057	0.105996	0.47041499999999997	0.0	-1.43794	-1.2640799999999999	0.187683	0.126782	-0.28260599999999997	0.600063	0.74837	0.0	-0.6426729999999999	0.460736	-0.612122	0.0	-0.712113	-0.6539470000000001	0.255438	0.0	0.09083560000000002	-0.699472	-0.34975100000000003	0.20311099999999999	
1	0.255606	0.712853	-0.653075	0.0	-0.42223	0.689997	0.587899	0.0	0.869705	0.125477	0.47735500000000003	0.0	-1.40141	-1.27641	0.196257	0.127655	-0.280165	0.616699	0.7356560000000001	0.0	-0.642238	0.44915900000000003	-0.621117	0.0	-0.7134689999999999	-0.6464810000000001	0.270229	0.0	0.13658399999999998	-0.726761	-0.343627	0.17928	
