3	0.47969300000000004	0.860369	-0.17222200000000001	0.0	0.400828	-0.0402674	0.9152680000000001	0.0	0.780533	-0.508079	-0.364176	0.0	-2.7006900000000003	2.05328	1.3782	0.0	-0.49758800000000003	0.8301370000000001	-0.251553	0.0	0.43846499999999994	-0.00951123	-0.898698	0.0	-0.7484350000000001	-0.557479	-0.35925300000000004	0.0	2.5558	2.07724	1.5374299999999999	-8.40425e-06	
3	0.306471	0.950572	0.049886400000000004	0.0	0.21250100000000002	-0.11940899999999999	0.9698379999999999	0.0	0.9278569999999999	-0.28662600000000005	-0.23859299999999997	0.0	-2.98631	1.85382	1.3983	0.0	-0.11681199999999999	0.990605	0.0711071	0.0	0.015622899999999999	0.07342119999999999	-0.997179	0.0	-0.993031	-0.115371	-0.024052599999999997	0.0	2.6577599999999997	2.10438	1.74606	0.0	
3	0.266817	0.961673	0.0631908	0.0	0.229622	-0.127114	0.964943	0.0	0.9359930000000001	-0.24295300000000003	-0.254738	0.0	-2.98718	1.90219	1.3426200000000001	0.00138099	-0.0794034	0.990883	0.10884100000000001	0.0	-0.016992300000000002	0.107824	-0.994025	0.0	-0.996698	-0.0807784	0.00827581	0.0	2.66771	2.1393299999999997	1.77682	0.127367	
3	0.284997	0.9525319999999999	0.107047	0.0	0.22202600000000003	-0.174243	0.9593459999999999	0.0	0.9324600000000001	-0.249644	-0.261146	0.0	-3.02644	1.9490299999999998	1.33949	0.356682	-0.12373699999999999	0.9761799999999999	0.17821700000000001	0.0	0.0293334	0.183117	-0.9826530000000001	0.0	-0.9918809999999999	-0.11636300000000001	-0.0512931	0.0	2.68962	2.1928799999999997	1.7687700000000002	0.372137	
3	0.265665	0.95391	0.139567	0.0	0.19214900000000001	-0.19425699999999999	0.9619479999999999	0.0	0.944723	-0.22873800000000002	-0.2349	0.0	-2.91308	1.98615	1.34626	0.351563	-0.12148800000000001	0.975158	0.185222	0.0	-0.014687200000000001	0.184817	-0.982663	0.0	-0.992484	-0.122102	-0.00813079	0.0	2.58122	2.0891	1.7766400000000002	0.36135700000000004	
3	0.287934	0.945892	0.149609	0.0	0.1841	-0.207984	0.960651	0.0	0.939788	-0.249061	-0.23402399999999998	0.0	-2.8937	2.0023400000000002	1.36859	0.351091	-0.128554	0.9729690000000001	0.191848	0.0	-0.029426	0.189625	-0.981416	0.0	-0.991266	-0.13180999999999998	0.00425339	0.0	2.54357	2.06547	1.7894599999999998	0.351775	
3	0.37857199999999996	0.9212020000000001	0.08983139999999999	0.0	0.12213099999999999	-0.145924	0.981728	0.0	0.917479	-0.360683	-0.16775	0.0	-2.9001200000000003	1.8574099999999998	1.4727700000000001	0.00152408	-0.194716	0.9618479999999999	0.192183	0.0	0.00499809	0.196904	-0.98041	0.0	-0.9808469999999999	-0.189941	-0.0431479	0.0	2.56302	2.02178	1.76967	0.0	
3	0.407373	0.906012	0.114849	0.0	0.08711039999999999	-0.163732	0.982651	0.0	0.909098	-0.390301	-0.145623	0.0	-2.98525	1.7571	1.50332	0.0	-0.216225	0.94937	0.227911	0.0	-0.00562313	0.23221799999999998	-0.9726469999999999	0.0	-0.9763270000000001	-0.21159299999999998	-0.0448731	0.0	2.6524	1.92956	1.6554900000000001	0.0	
3	0.38172	0.913402	0.141375	0.0	0.0549693	-0.175122	0.9830110000000001	0.0	0.922642	-0.367463	-0.117057	0.0	-2.96773	1.7054099999999999	1.51683	0.361589	-0.22538699999999998	0.937989	0.263397	0.0	0.0371902	0.278439	-0.959734	0.0	-0.9735590000000001	-0.20651599999999998	-0.0976407	0.0	2.7263599999999997	1.8969200000000002	1.54165	0.29981399999999997	
3	0.38217199999999996	0.9086790000000001	0.168069	0.0	-0.0128641	-0.176626	0.984194	0.0	0.924002	-0.378294	-0.055812400000000005	0.0	-2.78445	1.63668	1.59323	0.35144200000000003	-0.23962600000000003	0.931632	0.27320500000000003	0.0	0.055613199999999995	0.294113	-0.954151	0.0	-0.9692709999999999	-0.21344499999999997	-0.12228800000000001	0.0	2.69786	1.83935	1.44182	0.358547	
3	0.443921	0.878217	0.17795999999999998	0.0	-0.0872706	-0.155284	0.984007	0.0	0.891806	-0.45235200000000003	0.00770874	0.0	-2.70317	1.51098	1.67408	0.350971	-0.24285	0.930861	0.272987	0.0	0.0455909	0.292052	-0.9553149999999999	0.0	-0.968992	-0.219552	-0.113364	0.0	2.67064	1.79598	1.43892	0.358588	
3	0.534936	0.8227639999999999	0.192103	0.0	-0.171737	-0.116737	0.978202	0.0	0.827254	-0.556267	0.07885260000000001	0.0	-2.6414299999999997	1.2156	1.6691099999999999	0.34986	-0.252166	0.9295399999999999	0.269012	0.0	0.0439761	0.288717	-0.956404	0.0	-0.966684	-0.22934200000000002	-0.11368199999999999	0.0	2.64779	1.7478200000000002	1.45621	0.358821	
3	0.577153	0.79006	0.20664000000000002	0.0	-0.19304100000000002	-0.113876	0.97456	0.0	0.793492	-0.60236	0.0867904	0.0	-2.63085	1.10507	1.6105200000000002	0.34983000000000003	-0.25211	0.929902	0.267812	0.0	0.0440041	0.287482	-0.956775	0.0	-0.966698	-0.22942800000000002	-0.113397	0.0	2.64595	1.7420799999999999	1.45966	0.358915	
3	0.6555979999999999	0.718945	0.230888	0.0	-0.240048	-0.0914745	0.966442	0.0	0.715939	-0.689021	0.11261099999999999	0.0	-2.58383	0.763914	1.37699	0.348654	-0.256423	0.928272	0.269367	0.0	0.0449613	0.289838	-0.9560190000000001	0.0	-0.965518	-0.23303400000000002	-0.116057	0.0	2.65193	1.7461	1.48843	0.358979	
3	0.673578	0.698806	0.240756	0.0	-0.254292	-0.0867456	0.9632290000000001	0.0	0.693995	-0.710032	0.119271	0.0	-2.56195	0.632429	1.28061	0.348063	-0.25847800000000004	0.927117	0.271374	0.0	0.0452261	0.29222600000000004	-0.9552790000000001	0.0	-0.964958	-0.234645	-0.11746400000000001	0.0	2.6566	1.7407099999999998	1.4852299999999998	0.359134	
3	0.704177	0.663043	0.253985	0.0	-0.26147600000000004	-0.09040989999999999	0.960966	0.0	0.660125	-0.743102	0.109705	0.0	-2.50599	0.38440599999999997	0.97941	0.347246	-0.264772	0.924108	0.275538	0.0	0.050158499999999995	0.298547	-0.953076	0.0	-0.9630059999999999	-0.238527	-0.125399	0.0	2.66108	1.74048	1.46069	0.359107	
3	0.71128	0.657795	0.24776199999999998	0.0	-0.263969	-0.0767125	0.961476	0.0	0.65146	-0.7492810000000001	0.119074	0.0	-2.45994	0.21179499999999998	0.762177	0.34675100000000003	-0.26366999999999996	0.9235760000000001	0.278361	0.0	0.0488836	0.300996	-0.9523719999999999	0.0	-0.963374	-0.23750500000000002	-0.124511	0.0	2.65822	1.7129900000000002	1.4494	0.359075	
3	0.711206	0.660652	0.24026	0.0	-0.26701199999999997	-0.0622915	0.961678	0.0	0.650301	-0.748104	0.1321	0.0	-2.369	0.025610400000000005	0.6077819999999999	0.346351	-0.266206	0.9219299999999999	0.28139000000000003	0.0	0.04916740000000001	0.30453	-0.951233	0.0	-0.9626620000000001	-0.239389	-0.126397	0.0	2.6545900000000002	1.68366	1.4457799999999998	0.359105	
3	0.717913	0.654215	0.23791500000000002	0.0	-0.269413	-0.0540225	0.961508	0.0	0.641886	-0.7543770000000001	0.137471	0.0	-2.33187	-0.0537217	0.551121	0.346331	-0.26800799999999997	0.9212549999999999	0.281888	0.0	0.0489023	0.305223	-0.951024	0.0	-0.962175	-0.24109699999999998	-0.126854	0.0	2.65327	1.67577	1.44564	0.359	
3	0.738192	0.6338020000000001	0.231014	0.0	-0.27321799999999996	-0.0322063	0.961413	0.0	0.616785	-0.772825	0.149391	0.0	-2.23367	-0.31998000000000004	0.348041	0.34563299999999997	-0.269838	0.9203479999999999	0.283104	0.0	0.0498956	0.306979	-0.950407	0.0	-0.9616120000000001	-0.24233000000000002	-0.12875599999999998	0.0	2.65375	1.6734200000000001	1.44745	0.35913	
3	0.74967	0.624359	0.21948	0.0	-0.270323	-0.013828299999999998	0.96267	0.0	0.604087	-0.781015	0.158412	0.0	-2.2134	-0.432263	0.254631	0.34565300000000004	-0.269498	0.920199	0.28391	0.0	0.0493397	0.307625	-0.950227	0.0	-0.961736	-0.242077	-0.128307	0.0	2.65366	1.67429	1.44746	0.359269	
3	0.7704770000000001	0.605645	0.198898	0.0	-0.253693	0.00507981	0.9672709999999999	0.0	0.584813	-0.795719	0.15756199999999998	0.0	-2.20225	-0.636836	0.059233100000000004	0.344758	-0.27064499999999997	0.919309	0.285697	0.0	0.047949900000000004	0.309277	-0.9497620000000001	0.0	-0.961485	-0.24334899999999998	-0.12778499999999998	0.0	2.65053	1.6656900000000001	1.44818	0.359227	
3	0.7675350000000001	0.619271	0.165511	0.0	-0.232542	0.0283868	0.9721719999999999	0.0	0.59734	-0.784664	0.165794	0.0	-2.22646	-0.784216	-0.0729046	0.34258299999999997	-0.27121	0.9191389999999999	0.285707	0.0	0.0477824	0.309324	-0.9497559999999999	0.0	-0.961333	-0.243932	-0.12780999999999998	0.0	2.64894	1.6579700000000002	1.4504299999999999	0.359437	
3	0.767357	0.620505	0.161667	0.0	-0.229834	0.030788599999999996	0.972743	0.0	0.598614	-0.7835979999999999	0.166239	0.0	-2.23089	-0.7879729999999999	-0.07282960000000001	0.342617	-0.271073	0.919161	0.285767	0.0	0.0478494	0.309383	-0.9497329999999999	0.0	-0.961369	-0.243773	-0.12784700000000002	0.0	2.6492	1.65734	1.45024	0.359448	
3	0.739233	0.67028	0.06526889999999999	0.0	-0.168596	0.09036160000000001	0.981535	0.0	0.6520050000000001	-0.736587	0.179804	0.0	-2.33584	-0.649803	0.0468477	0.343127	-0.274049	0.9180879999999999	0.286377	0.0	0.045553300000000005	0.30983499999999997	-0.9496979999999999	0.0	-0.960636	-0.247219	-0.12673199999999998	0.0	2.64335	1.65831	1.4511100000000001	0.35933000000000004	
3	0.702751	0.711344	0.011436499999999999	0.0	-0.13764200000000001	0.120173	0.983165	0.0	0.697994	-0.692495	0.182363	0.0	-2.3658099999999997	-0.459009	0.209504	0.343248	-0.274183	0.917535	0.288014	0.0	0.0440075	0.31114899999999995	-0.949342	0.0	-0.96067	-0.247619	-0.12569	0.0	2.63805	1.65956	1.4633399999999999	0.35938200000000003	
3	0.639918	0.768196	-0.019464	0.0	-0.0990588	0.107582	0.9892489999999999	0.0	0.762031	-0.631111	0.14494	0.0	-2.4981299999999997	0.0701298	0.439242	0.343779	-0.28428200000000003	0.9136040000000001	0.29070799999999997	0.0	0.0395913	0.314146	-0.948549	0.0	-0.957923	-0.258146	-0.125477	0.0	2.6261799999999997	1.6506	1.47547	0.359259	
3	0.615405	0.787532	-0.0327251	0.0	-0.0789039	0.102862	0.991561	0.0	0.7842520000000001	-0.607629	0.125441	0.0	-2.53225	0.310391	0.552873	0.344504	-0.287551	0.9125700000000001	0.290742	0.0	0.0362619	0.313718	-0.948824	0.0	-0.9570790000000001	-0.262292	-0.123301	0.0	2.6162099999999997	1.63486	1.4626299999999999	0.359178	
3	0.575965	0.816038	-0.048429	0.0	-0.043311	0.08962080000000001	0.995034	0.0	0.816326	-0.5710069999999999	0.0869619	0.0	-2.62745	0.699434	0.804478	0.344986	-0.284242	0.9145	0.28791700000000003	0.0	0.028511500000000002	0.308234	-0.950883	0.0	-0.9583280000000001	-0.26207199999999997	-0.11368699999999998	0.0	2.58397	1.60275	1.45272	0.359241	
3	0.559702	0.826944	-0.053828999999999995	0.0	-0.0313873	0.0860642	0.9957950000000001	0.0	0.828099	-0.555659	0.0741259	0.0	-2.68276	0.8290290000000001	0.8892399999999999	0.345048	-0.28377800000000003	0.914933	0.286998	0.0	0.025633799999999998	0.306433	-0.9515469999999999	0.0	-0.9585469999999999	-0.262671	-0.11041199999999998	0.0	2.5636099999999997	1.58246	1.46105	0.35935300000000003	
3	0.549375	0.833593	-0.05752569999999999	0.0	-0.023730200000000003	0.0843828	0.996151	0.0	0.835239	-0.545896	0.0661391	0.0	-2.72206	0.9122600000000001	0.957033	0.34523200000000004	-0.286403	0.9144129999999999	0.286046	0.0	0.021830099999999998	0.304703	-0.952197	0.0	-0.9578610000000001	-0.266467	-0.10722999999999999	0.0	2.55207	1.56977	1.48262	0.359308	
3	0.549393	0.8335819999999999	-0.057519600000000004	0.0	-0.0237446	0.08438680000000001	0.99615	0.0	0.835227	-0.545912	0.06615460000000001	0.0	-2.7219599999999997	0.9120450000000001	0.956852	0.345233	-0.28639899999999996	0.914415	0.286044	0.0	0.021834700000000002	0.304701	-0.952198	0.0	-0.9578620000000001	-0.266462	-0.107232	0.0	2.5521	1.5698	1.48256	0.359308	
3	0.549393	0.8335819999999999	-0.057519600000000004	0.0	-0.0237447	0.08438680000000001	0.99615	0.0	0.835227	-0.545912	0.06615460000000001	0.0	-2.7219599999999997	0.9120450000000001	0.956852	0.345233	-0.28639899999999996	0.914415	0.286044	0.0	0.021834700000000002	0.304701	-0.952198	0.0	-0.9578620000000001	-0.266462	-0.107232	0.0	2.5521	1.5698	1.48256	0.359308	
3	0.549393	0.8335819999999999	-0.057519600000000004	0.0	-0.0237446	0.08438680000000001	0.99615	0.0	0.835227	-0.545912	0.06615460000000001	0.0	-2.7219599999999997	0.9120440000000001	0.956852	0.345233	-0.28639899999999996	0.914415	0.286044	0.0	0.0218346	0.304701	-0.952198	0.0	-0.9578620000000001	-0.266463	-0.107232	0.0	2.5521	1.5698	1.48256	0.359308	
3	0.549393	0.8335819999999999	-0.057519600000000004	0.0	-0.0237447	0.0843867	0.99615	0.0	0.835227	-0.545912	0.06615460000000001	0.0	-2.7219599999999997	0.9120440000000001	0.956852	0.345233	-0.28639899999999996	0.914415	0.286044	0.0	0.0218346	0.304701	-0.952198	0.0	-0.9578620000000001	-0.266463	-0.107232	0.0	2.5521	1.5698	1.48256	0.359308	
3	0.549393	0.8335819999999999	-0.057519600000000004	0.0	-0.0237446	0.08438680000000001	0.99615	0.0	0.835227	-0.545912	0.06615460000000001	0.0	-2.7219599999999997	0.9120450000000001	0.956852	0.345233	-0.28639899999999996	0.914415	0.286044	0.0	0.0218346	0.304701	-0.952198	0.0	-0.9578620000000001	-0.266463	-0.107232	0.0	2.5521	1.5698	1.48256	0.359308	
3	0.549393	0.8335819999999999	-0.057519600000000004	0.0	-0.0237446	0.08438680000000001	0.99615	0.0	0.835227	-0.545912	0.06615460000000001	0.0	-2.7219599999999997	0.9120440000000001	0.956852	0.345233	-0.28639899999999996	0.914415	0.286044	0.0	0.021834799999999998	0.304701	-0.952198	0.0	-0.9578620000000001	-0.266462	-0.107232	0.0	2.5521	1.5698	1.48256	0.359308	
3	0.549393	0.8335819999999999	-0.057519600000000004	0.0	-0.0237446	0.08438680000000001	0.99615	0.0	0.835227	-0.545912	0.06615460000000001	0.0	-2.7219599999999997	0.9120450000000001	0.956852	0.345233	-0.28639899999999996	0.914415	0.286044	0.0	0.0218346	0.304701	-0.952198	0.0	-0.9578620000000001	-0.266462	-0.107232	0.0	2.5521	1.5698	1.48256	0.359309	
3	0.549393	0.8335819999999999	-0.057519600000000004	0.0	-0.0237446	0.08438680000000001	0.99615	0.0	0.835226	-0.545912	0.06615460000000001	0.0	-2.7219599999999997	0.9120450000000001	0.956852	0.345233	-0.28639899999999996	0.914415	0.286044	0.0	0.0218346	0.304701	-0.952198	0.0	-0.9578620000000001	-0.266463	-0.107232	0.0	2.5521	1.5698	1.48256	0.359308	
3	0.549393	0.8335819999999999	-0.057519600000000004	0.0	-0.0237447	0.08438680000000001	0.99615	0.0	0.835227	-0.545912	0.06615460000000001	0.0	-2.7219599999999997	0.9120440000000001	0.956852	0.345233	-0.28639899999999996	0.914415	0.286044	0.0	0.021834700000000002	0.304701	-0.952198	0.0	-0.9578620000000001	-0.266463	-0.107232	0.0	2.5521	1.5698	1.48256	0.359308	
3	0.549393	0.8335819999999999	-0.057519600000000004	0.0	-0.023744799999999996	0.08438689999999999	0.99615	0.0	0.835226	-0.545912	0.0661548	0.0	-2.7219599999999997	0.9120440000000001	0.956852	0.345233	-0.28639899999999996	0.914415	0.286044	0.0	0.021834799999999998	0.304701	-0.952198	0.0	-0.9578620000000001	-0.266462	-0.107232	0.0	2.5521	1.5698	1.48256	0.359308	
3	0.549393	0.8335819999999999	-0.057519600000000004	0.0	-0.023744799999999996	0.08438689999999999	0.99615	0.0	0.835227	-0.545912	0.0661548	0.0	-2.7219599999999997	0.9120440000000001	0.956852	0.345233	-0.28639899999999996	0.914415	0.286044	0.0	0.0218346	0.304701	-0.952198	0.0	-0.9578620000000001	-0.266463	-0.107232	0.0	2.5521	1.5698	1.48256	0.359308	
3	0.549393	0.8335819999999999	-0.057519600000000004	0.0	-0.0237447	0.0843867	0.99615	0.0	0.835227	-0.545913	0.06615460000000001	0.0	-2.7219599999999997	0.9120450000000001	0.956852	0.345233	-0.28639899999999996	0.914415	0.286044	0.0	0.0218346	0.304701	-0.952198	0.0	-0.9578620000000001	-0.266463	-0.107232	0.0	2.5521	1.5698	1.48256	0.359308	
3	0.316031	0.947241	0.053460099999999997	0.0	0.114347	-0.0939664	0.9889870000000001	0.0	0.941833	-0.306438	-0.138011	0.0	-2.7261599999999997	0.835182	0.885167	0.00048828099999999997	-0.0904212	0.983237	0.158332	0.0	-0.00772268	0.15828599999999998	-0.9873629999999999	0.0	-0.9958739999999999	-0.09050119999999999	-0.00671923	0.0	2.52388	1.52467	1.53463	0.00201225	
3	0.318723	0.945277	0.0697573	0.0	0.100213	-0.10678900000000001	0.9892190000000001	0.0	0.942535	-0.308297	-0.12876500000000002	0.0	-2.7964900000000004	0.7905310000000001	0.812296	0.0	-0.10396300000000001	0.981878	0.15845399999999998	0.0	-0.0112735	0.158143	-0.987352	0.0	-0.994517	-0.10443499999999999	-0.00537181	0.0	2.57718	1.50171	1.544	0.0	
3	0.31861999999999996	0.944099	0.08461030000000001	0.0	0.0975541	-0.121449	0.987792	0.0	0.9428489999999999	-0.306476	-0.130797	0.0	-2.81271	0.804189	0.748257	0.0	-0.08832330000000001	0.9816879999999999	0.168781	0.0	-0.0656603	0.16333599999999998	-0.984383	0.0	-0.993925	-0.0980261	0.0500315	0.0	2.53495	1.47619	1.5790600000000001	0.0	
3	0.364589	0.926687	0.09125169999999999	0.0	0.0935962	-0.133971	0.986555	0.0	0.9264530000000001	-0.351146	-0.135579	0.0	-2.87549	0.723117	0.710747	0.113946	-0.08341180000000001	0.980664	0.177034	0.0	-0.0570557	0.17266099999999998	-0.9833270000000001	0.0	-0.9948799999999999	-0.0921218	0.0415505	0.0	2.5436400000000003	1.5006700000000002	1.57991	0.115631	
3	0.42382600000000004	0.9023899999999999	0.0778733	0.0	0.11012899999999999	-0.136681	0.984474	0.0	0.8990229999999999	-0.40867	-0.157308	0.0	-2.8884	0.652174	0.676424	0.337008	-0.0919068	0.9731270000000001	0.211133	0.0	-0.00946432	0.211168	-0.977404	0.0	-0.9957229999999999	-0.0918283	-0.0101978	0.0	2.55344	1.52684	1.54918	0.33731700000000003	
3	0.496601	0.863977	0.0832553	0.0	0.0670191	-0.133799	0.98874	0.0	0.8653870000000001	-0.48543000000000003	-0.124348	0.0	-2.80508	0.457085	0.630155	0.34844	-0.10227699999999999	0.968491	0.227079	0.0	-0.00175217	0.22810100000000003	-0.9736360000000001	0.0	-0.9947540000000001	-0.0999789	-0.0216325	0.0	2.50432	1.5033299999999998	1.49386	0.361213	
3	0.6068939999999999	0.788093	0.102897	0.0	0.00784886	-0.135403	0.9907600000000001	0.0	0.794744	-0.600479	-0.088361	0.0	-2.78713	0.15962300000000001	0.538401	0.346962	-0.120171	0.965609	0.230562	0.0	-0.00253624	0.231946	-0.972725	0.0	-0.99275	-0.117478	-0.025424099999999998	0.0	2.4673700000000003	1.42415	1.45652	0.361381	
3	0.717514	0.690021	0.09510189999999999	0.0	-0.0355409	-0.100088	0.994344	0.0	0.6956359999999999	-0.7168359999999999	-0.0472906	0.0	-2.8252900000000003	-0.324243	0.300811	0.348713	-0.127872	0.9642040000000001	0.23229299999999997	0.0	-0.0052287	0.23355700000000001	-0.9723290000000001	0.0	-0.991777	-0.125548	-0.0248238	0.0	2.46728	1.37906	1.42489	0.361624	
3	0.744811	0.6597310000000001	0.100062	0.0	-0.0572633	-0.0862091	0.9946299999999999	0.0	0.664814	-0.746541	-0.026431	0.0	-2.84075	-0.517196	0.174845	0.348632	-0.130359	0.963828	0.232471	0.0	-0.00452203	0.233891	-0.972252	0.0	-0.9914569999999999	-0.12779300000000002	-0.0261313	0.0	2.4651099999999997	1.36964	1.42238	0.361547	
3	0.798249	0.595784	0.0885452	0.0	-0.087653	-0.030538	0.995683	0.0	0.595916	-0.802564	0.027845299999999996	0.0	-2.83217	-1.02532	-0.181038	0.34889499999999996	-0.13185	0.9634149999999999	0.23334000000000002	0.0	-0.00294128	0.235014	-0.971988	0.0	-0.991265	-0.128843	-0.028152899999999998	0.0	2.46529	1.36747	1.41575	0.361521	
3	0.8136260000000001	0.573876	0.0931569	0.0	-0.0996339	-0.020230099999999997	0.994819	0.0	0.5727869999999999	-0.818692	0.040717699999999996	0.0	-2.82422	-1.18671	-0.30628299999999997	0.348665	-0.136768	0.962902	0.23262600000000003	0.0	-0.00315675	0.234408	-0.972133	0.0	-0.990598	-0.133691	-0.0290199	0.0	2.46418	1.3618299999999999	1.4163	0.361654	
3	0.841667	0.53283	0.0876923	0.0	-0.114718	0.0177445	0.99324	0.0	0.527672	-0.846036	0.0760601	0.0	-2.80865	-1.57548	-0.615567	0.34720100000000004	-0.143674	0.962714	0.22921599999999998	0.0	-0.00369725	0.231095	-0.972924	0.0	-0.989618	-0.140632	-0.0296431	0.0	2.45255	1.3416700000000001	1.42206	0.361309	
3	0.8515790000000001	0.517171	0.085711	0.0	-0.123753	0.039445999999999995	0.9915290000000001	0.0	0.509409	-0.854972	0.0975928	0.0	-2.77324	-1.80567	-0.826457	0.34672600000000003	-0.142698	0.9631860000000001	0.227841	0.0	-0.00695103	0.229215	-0.9733510000000001	0.0	-0.989742	-0.140479	-0.026013599999999998	0.0	2.44101	1.33178	1.43813	0.361568	
3	0.8678030000000001	0.489518	0.0853841	0.0	-0.12701700000000002	0.052401199999999995	0.9905149999999999	0.0	0.480401	-0.870417	0.107651	0.0	-2.76282	-1.98122	-0.97424	0.345975	-0.144394	0.962825	0.22829499999999997	0.0	-0.00671068	0.22975500000000001	-0.973226	0.0	-0.989498	-0.14206	-0.026714099999999998	0.0	2.43458	1.31835	1.46261	0.361646	
3	0.879245	0.46896400000000005	0.0836787	0.0	-0.128139	0.0636457	0.989712	0.0	0.458813	-0.880921	0.116053	0.0	-2.75807	-2.17703	-1.11732	0.345119	-0.15015	0.9617110000000001	0.229273	0.0	-0.0104409	0.23034699999999997	-0.9730530000000001	0.0	-0.988608	-0.148498	-0.024545400000000002	0.0	2.42843	1.2811	1.48274	0.36149699999999996	
3	0.881915	0.464841	0.07840810000000001	0.0	-0.129442	0.07885419999999999	0.988447	0.0	0.453288	-0.881876	0.12971300000000002	0.0	-2.75432	-2.2608900000000003	-1.1737799999999998	0.343978	-0.151703	0.9616180000000001	0.22864	0.0	-0.0101219	0.229793	-0.9731870000000001	0.0	-0.988374	-0.14995	-0.0251268	0.0	2.42842	1.27667	1.48536	0.361491	
3	0.888294	0.453183	0.074555	0.0	-0.129582	0.0915659	0.987332	0.0	0.440616	-0.886702	0.140062	0.0	-2.72783	-2.3852900000000004	-1.2390700000000001	0.343382	-0.153839	0.961772	0.226557	0.0	-0.012032799999999998	0.227446	-0.973716	0.0	-0.988023	-0.152522	-0.0234174	0.0	2.427	1.27274	1.4899	0.361589	
3	0.903307	0.424455	0.06224299999999999	0.0	-0.12131099999999999	0.11356600000000001	0.9860969999999999	0.0	0.41148500000000005	-0.898299	0.154076	0.0	-2.77231	-2.5937799999999998	-1.37395	0.342196	-0.157338	0.961569	0.225012	0.0	-0.014148599999999999	0.22563200000000003	-0.97411	0.0	-0.9874440000000001	-0.156448	-0.021895599999999998	0.0	2.4230099999999997	1.26779	1.4978	0.361724	
3	0.9060389999999999	0.419918	0.052548000000000004	0.0	-0.11516199999999999	0.125165	0.9854299999999999	0.0	0.407223	-0.89889	0.16176300000000002	0.0	-2.79716	-2.66922	-1.40167	0.341298	-0.15732100000000002	0.96141	0.225704	0.0	-0.014251499999999999	0.226316	-0.97395	0.0	-0.9874450000000001	-0.15643900000000002	-0.021902900000000003	0.0	2.4228099999999997	1.26484	1.49825	0.361712	
3	0.9028440000000001	0.429781	0.012709999999999999	0.0	-0.0834463	0.146145	0.9857379999999999	0.0	0.42179399999999995	-0.891028	0.16780899999999999	0.0	-2.8719	-2.827	-1.5002799999999998	0.34103	-0.16022899999999998	0.96125	0.224332	0.0	-0.0159037	0.22472399999999998	-0.9742930000000001	0.0	-0.986952	-0.15967699999999999	-0.020719900000000003	0.0	2.4215400000000002	1.26035	1.5065	0.361652	
3	0.9063899999999999	0.42229700000000003	-0.011015100000000002	0.0	-0.0610614	0.15677	0.9857459999999999	0.0	0.418005	-0.892798	0.167881	0.0	-2.96024	-2.99431	-1.59475	0.34075	-0.160948	0.961269	0.22373800000000002	0.0	-0.017125	0.223939	-0.974453	0.0	-0.986814	-0.160667	-0.019580900000000002	0.0	2.42168	1.26042	1.51378	0.361829	
3	0.9059959999999999	0.422929	-0.0174058	0.0	-0.053256399999999995	0.154686	0.986527	0.0	0.41992299999999994	-0.892862	0.162669	0.0	-3.02693	-3.0937900000000003	-1.61129	0.341992	-0.161873	0.961032	0.224086	0.0	-0.0170702	0.22432	-0.974366	0.0	-0.986664	-0.161548	-0.019906200000000002	0.0	2.4210700000000003	1.25995	1.5167	0.361767	
3	0.9094450000000001	0.41444899999999996	-0.0337995	0.0	-0.0396855	0.16742100000000001	0.985087	0.0	0.41392700000000004	-0.89454	0.168707	0.0	-3.10513	-3.20233	-1.67692	0.34254	-0.16685899999999998	0.961302	0.219217	0.0	-0.0205292	0.21889899999999998	-0.975532	0.0	-0.9857670000000001	-0.167276	-0.016790400000000004	0.0	2.41866	1.25377	1.52334	0.36184099999999997	
3	0.910855	0.41096099999999997	-0.038143800000000005	0.0	-0.0346946	0.16833199999999998	0.9851200000000001	0.0	0.411267	-0.895977	0.16758399999999998	0.0	-3.1417599999999997	-3.2540400000000003	-1.6724	0.34225500000000003	-0.165424	0.961791	0.21815900000000002	0.0	-0.022573	0.21745599999999998	-0.975809	0.0	-0.985964	-0.166347	-0.014262	0.0	2.41891	1.25586	1.52823	0.36191599999999996	
3	0.912731	0.405077	-0.053232	0.0	-0.0239275	0.183067	0.982809	0.0	0.407859	-0.895767	0.176783	0.0	-3.22266	-3.3548400000000003	-1.72538	0.341578	-0.165129	0.9622229999999999	0.216469	0.0	-0.0243298	0.215441	-0.9762139999999999	0.0	-0.985972	-0.166468	-0.012165	0.0	2.40522	1.25962	1.54525	0.362025	
3	0.902325	0.42499499999999996	-0.07203739999999999	0.0	-0.016656099999999997	0.201369	0.979374	0.0	0.43073500000000003	-0.8825129999999999	0.188779	0.0	-3.30007	-3.4289099999999997	-1.77463	0.33863200000000004	-0.165218	0.962299	0.216065	0.0	-0.0244704	0.215009	-0.976305	0.0	-0.9859540000000001	-0.16659100000000002	-0.0119756	0.0	2.3995	1.26521	1.55555	0.36207	
3	0.9015110000000001	0.426425	-0.0737509	0.0	-0.0155975	0.202328	0.979193	0.0	0.43247399999999997	-0.881604	0.189052	0.0	-3.30076	-3.43949	-1.78243	0.337059	-0.165784	0.962319	0.21554099999999998	0.0	-0.025434599999999998	0.21431999999999998	-0.976432	0.0	-0.985834	-0.16735899999999998	-0.011054600000000001	0.0	2.3988099999999997	1.26334	1.55667	0.362072	
3	0.9009719999999999	0.425705	-0.08381419999999999	0.0	-0.0111279	0.215784	0.9763780000000001	0.0	0.433734	-0.878756	0.199152	0.0	-3.31235	-3.4744099999999998	-1.7901099999999999	0.32511799999999996	-0.16910899999999998	0.9622200000000001	0.21339	0.0	-0.028186700000000002	0.211698	-0.976929	0.0	-0.985194	-0.171222	-0.00867832	0.0	2.3974599999999997	1.25617	1.56371	0.362124	
3	0.9016959999999999	0.42292799999999997	-0.08986369999999999	0.0	-0.00906497	0.22628600000000001	0.9740190000000001	0.0	0.432275	-0.8774540000000001	0.207875	0.0	-3.30968	-3.48969	-1.8127799999999998	0.31049899999999997	-0.168287	0.962577	0.212427	0.0	-0.029247000000000002	0.21053000000000002	-0.97715	0.0	-0.9853040000000001	-0.170654	-0.00727689	0.0	2.39582	1.25587	1.5646	0.36212	
3	0.903784	0.41779099999999997	-0.09287469999999999	0.0	-0.012452	0.24257800000000002	0.970052	0.0	0.427809	-0.875561	0.22444099999999997	0.0	-3.29336	-3.50339	-1.82844	0.25360900000000003	-0.167844	0.9625459999999999	0.212917	0.0	-0.030105299999999998	0.21087600000000004	-0.977049	0.0	-0.9853540000000001	-0.170402	-0.00641668	0.0	2.3914299999999997	1.25138	1.5691899999999999	0.362056	
3	0.910634	0.40194	-0.0958672	0.0	-0.0181674	0.270723	0.9624860000000001	0.0	0.412815	-0.8747299999999999	0.253832	0.0	-3.28133	-3.46507	-1.86817	0.0134293	-0.169269	0.96244	0.212269	0.0	-0.030776099999999997	0.21011	-0.977193	0.0	-0.9850899999999999	-0.171941	-0.00594497	0.0	2.3917	1.2516100000000001	1.57233	0.362187	
3	0.9119870000000001	0.398497	-0.0973652	0.0	-0.0182588	0.276546	0.9608270000000001	0.0	0.40981300000000004	-0.874484	0.259483	0.0	-3.28948	-3.45689	-1.85402	0.0	-0.17002799999999998	0.962266	0.21245	0.0	-0.030839	0.210288	-0.977153	0.0	-0.984957	-0.17269500000000002	-0.00607949	0.0	2.39055	1.2458799999999999	1.57413	0.3622	
3	0.9168129999999999	0.388788	-0.0910953	0.0	-0.0229037	0.278951	0.960032	0.0	0.39866	-0.878083	0.26465	0.0	-3.28484	-3.45209	-1.84874	0.0	-0.169986	0.962209	0.21273899999999998	0.0	-0.0309942	0.21055300000000002	-0.9770909999999999	0.0	-0.984959	-0.17268599999999998	-0.00596833	0.0	2.3908400000000003	1.24614	1.57749	0.362196	
0	0.9266340000000001	0.36832	-0.0754341	0.0	-0.039997500000000005	0.296079	0.954326	0.0	0.373832	-0.881293	0.289088	0.0	-3.2794199999999996	-3.44329	-1.8382	-0.00034523	-0.170417	0.96224	0.21225700000000003	0.0	-0.0313016	0.210013	-0.977198	0.0	-0.984875	-0.173175	-0.00567019	0.0	2.3908400000000003	1.24234	1.5780299999999998	0.362149	
0	0.929668	0.361429	-0.0713225	0.0	-0.0439845	0.301113	0.952574	0.0	0.365764	-0.88244	0.29583200000000004	0.0	-3.27221	-3.4426900000000002	-1.8440400000000001	0.0	-0.17061400000000002	0.962282	0.21190599999999998	0.0	-0.0315468	0.209614	-0.977275	0.0	-0.984833	-0.173422	-0.00540632	0.0	2.39032	1.23965	1.57802	0.362056	
0	0.9317120000000001	0.357473	-0.0642345	0.0	-0.055337	0.314511	0.9476399999999999	0.0	0.358958	-0.8793719999999999	0.312815	0.0	-3.27295	-3.4378	-1.82706	0.00129187	-0.172127	0.9618709999999999	0.21254800000000001	0.0	-0.0326688	0.210075	-0.977139	0.0	-0.984533	-0.175136	-0.00473648	0.0	2.38853	1.22939	1.58103	0.362005	
0	0.928048	0.370562	-0.03755719999999999	0.0	-0.0856215	0.310388	0.9467459999999999	0.0	0.36248600000000003	-0.87541	0.319783	0.0	-3.27883	-3.4401599999999997	-1.83	0.00150498	-0.173157	0.96175	0.21225700000000003	0.0	-0.03358819999999999	0.209621	-0.9772059999999999	0.0	-0.9843209999999999	-0.17634	-0.00399399	0.0	2.38517	1.20624	1.58199	0.36207	
0	0.916156	0.40078600000000003	-0.005388800000000001	0.0	-0.12676800000000002	0.302479	0.944688	0.0	0.380248	-0.864799	0.327925	0.0	-3.29631	-3.44446	-1.82613	0.00221079	-0.173299	0.9616120000000001	0.212769	0.0	-0.0330702	0.21023499999999998	-0.977092	0.0	-0.9843139999999999	-0.176366	-0.00463289	0.0	2.38436	1.19495	1.57823	0.362002	
0	0.9109719999999999	0.41235200000000005	-0.00982785	0.0	-0.120145	0.288068	0.9500430000000001	0.0	0.394583	-0.864282	0.31196399999999996	0.0	-3.29273	-3.4737400000000003	-1.70192	0.292047	-0.173956	0.9615790000000001	0.21237899999999998	0.0	-0.0342602	0.20962600000000003	-0.977181	0.0	-0.984157	-0.177263	-0.0035221	0.0	2.38429	1.19195	1.5769799999999998	0.362228	
0	0.9097700000000001	0.414678	-0.019012099999999997	0.0	-0.11025	0.285527	0.952008	0.0	0.40020500000000003	-0.8640120000000001	0.30548200000000003	0.0	-3.29996	-3.5343199999999997	-1.7140900000000001	0.30894699999999997	-0.175466	0.9613700000000001	0.212085	0.0	-0.0354206	0.209123	-0.977248	0.0	-0.983848	-0.17898599999999998	-0.0026418	0.0	2.3827700000000003	1.18531	1.57817	0.362071	
0	0.9075850000000001	0.419096	-0.0254639	0.0	-0.10391199999999999	0.282963	0.953485	0.0	0.40680700000000003	-0.8627229999999999	0.30036199999999996	0.0	-3.31745	-3.56333	-1.70261	0.3174	-0.17664000000000002	0.961255	0.21163	0.0	-0.0359977	0.208558	-0.977348	0.0	-0.983617	-0.180257	-0.0022369	0.0	2.38231	1.18231	1.57959	0.362018	
0	0.907388	0.419519	-0.025519999999999998	0.0	-0.10349900000000001	0.281885	0.953849	0.0	0.407351	-0.86287	0.299199	0.0	-3.33411	-3.57669	-1.6986599999999998	0.31099299999999996	-0.177502	0.9611219999999999	0.211515	0.0	-0.0361482	0.20841500000000002	-0.9773719999999999	0.0	-0.983456	-0.181132	-0.00225139	0.0	2.3811299999999997	1.1784700000000001	1.57949	0.362056	
0	0.9071969999999999	0.419941	-0.0253655	0.0	-0.10388199999999999	0.282026	0.953766	0.0	0.407679	-0.862619	0.299478	0.0	-3.3342199999999997	-3.57754	-1.69955	0.313657	-0.177518	0.96111	0.21155300000000002	0.0	-0.0364338	0.20840100000000003	-0.9773649999999999	0.0	-0.9834430000000001	-0.181207	-0.00197828	0.0	2.38069	1.17699	1.5786200000000001	0.362078	
0	0.9040229999999999	0.426933	-0.0217168	0.0	-0.112169	0.285925	0.951664	0.0	0.41250600000000004	-0.8578899999999999	0.306371	0.0	-3.3395	-3.58296	-1.71095	0.309616	-0.179277	0.9608620000000001	0.211196	0.0	-0.0375456	0.20783600000000002	-0.9774430000000001	0.0	-0.983082	-0.18316300000000002	-0.00118423	0.0	2.3809299999999998	1.17731	1.57487	0.362073	
0	0.901806	0.43131899999999995	-0.026648900000000003	0.0	-0.11701099999999999	0.303081	0.9457540000000001	0.0	0.415998	-0.849769	0.323789	0.0	-3.33587	-3.5926699999999996	-1.7354	0.26326700000000003	-0.180516	0.960893	0.20999600000000002	0.0	-0.0383693	0.20646199999999998	-0.9777020000000001	0.0	-0.982824	-0.184548	-0.00040102	0.0	2.37954	1.1732	1.57497	0.36201	
0	0.900874	0.433014	-0.030416900000000004	0.0	-0.12086400000000001	0.317521	0.940517	0.0	0.416915	-0.8436110000000001	0.338382	0.0	-3.32557	-3.59035	-1.77167	0.12065999999999999	-0.18061	0.960991	0.209465	0.0	-0.0391162	0.205781	-0.977816	0.0	-0.982777	-0.184797	0.000424147	0.0	2.37454	1.17	1.57794	0.36223299999999997	
0	0.901467	0.43149099999999996	-0.03425809999999999	0.0	-0.120029	0.325234	0.9379850000000001	0.0	0.41587399999999997	-0.84145	0.344979	0.0	-3.3191	-3.57781	-1.7888099999999998	0.116126	-0.182514	0.960609	0.209569	0.0	-0.0397478	0.20576599999999998	-0.977794	0.0	-0.9824	-0.186791	0.000626862	0.0	2.37147	1.16883	1.58223	0.362208	
0	0.9044270000000001	0.425332	-0.0332422	0.0	-0.122155	0.33283	0.935041	0.0	0.408767	-0.841616	0.352977	0.0	-3.3144099999999996	-3.56725	-1.8011	0.11618599999999998	-0.182677	0.960791	0.208592	0.0	-0.0397272	0.204775	-0.9780030000000001	0.0	-0.9823700000000001	-0.186945	0.0007616880000000001	0.0	2.3721099999999997	1.16734	1.58084	0.362195	
0	0.9084479999999999	0.41673999999999994	-0.032387200000000005	0.0	-0.118941	0.33200100000000005	0.93575	0.0	0.400717	-0.8462280000000001	0.351174	0.0	-3.30482	-3.55735	-1.7982200000000002	0.116092	-0.183129	0.960759	0.208342	0.0	-0.040255599999999996	0.20442000000000002	-0.9780549999999999	0.0	-0.9822639999999999	-0.187497	0.00124067	0.0	2.37269	1.16876	1.58394	0.362085	
0	0.9103319999999999	0.412699	-0.0312298	0.0	-0.11824200000000001	0.33164499999999997	0.9359649999999999	0.0	0.396629	-0.8483459999999999	0.350706	0.0	-3.30133	-3.5528199999999996	-1.7982099999999999	0.116098	-0.183219	0.960724	0.20842399999999997	0.0	-0.0402668	0.204501	-0.978038	0.0	-0.982247	-0.187588	0.00121665	0.0	2.37285	1.1702	1.5857	0.362072	
0	0.9227360000000001	0.385375	-0.0067033	0.0	-0.127648	0.321956	0.93811	0.0	0.363682	-0.864772	0.346273	0.0	-3.2755	-3.5215400000000003	-1.80289	0.116126	-0.183568	0.9605549999999999	0.208893	0.0	-0.040452800000000004	0.204943	-0.977938	0.0	-0.982174	-0.187968	0.0012362	0.0	2.37263	1.1732799999999999	1.59238	0.362202	
0	0.924033	0.382228	-0.00806808	0.0	-0.123169	0.317606	0.9401889999999999	0.0	0.361929	-0.867772	0.34055799999999997	0.0	-3.26516	-3.5172	-1.7848700000000002	0.116129	-0.18395799999999998	0.960434	0.209106	0.0	-0.040602	0.205131	-0.977892	0.0	-0.982095	-0.188381	0.00125998	0.0	2.37175	1.16844	1.58978	0.362151	
0	0.921272	0.388461	-0.0188352	0.0	-0.111668	0.310602	0.943958	0.0	0.372542	-0.867539	0.32952800000000004	0.0	-3.2841099999999996	-3.4362199999999996	-1.75941	0.116194	-0.184763	0.960116	0.209858	0.0	-0.0409604	0.205826	-0.9777309999999999	0.0	-0.981929	-0.189244	0.00129777	0.0	2.37063	1.16393	1.59579	0.362141	
0	0.9120729999999999	0.407749	-0.0431684	0.0	-0.0899385	0.301667	0.9491620000000001	0.0	0.400042	-0.861822	0.311814	0.0	-3.28038	-3.29164	-1.75853	0.11619700000000001	-0.185676	0.959391	0.21235	0.0	-0.040295	0.208492	-0.977194	0.0	-0.981785	-0.189998	-5.3405799999999996e-05	0.0	2.3740099999999997	1.16064	1.59752	0.36206	
0	0.9017540000000001	0.425568	-0.0757141	0.0	-0.057989599999999995	0.292685	0.954449	0.0	0.42834300000000003	-0.8562870000000001	0.288609	0.0	-3.2894300000000003	-3.06704	-1.75607	0.11619700000000001	-0.186644	0.9588700000000001	0.21384899999999998	0.0	-0.0413691	0.20981	-0.976867	0.0	-0.981556	-0.191173	0.000507891	0.0	2.37526	1.14801	1.5905799999999999	0.362071	
0	0.8940620000000001	0.434174	-0.11021199999999999	0.0	-0.0234182	0.291006	0.956435	0.0	0.44733199999999995	-0.8525299999999999	0.270345	0.0	-3.3220099999999997	-2.7809	-1.67335	0.116126	-0.191696	0.9579770000000001	0.213383	0.0	-0.0437826	0.208852	-0.976967	0.0	-0.980477	-0.196623	0.00190669	0.0	2.37742	1.1536600000000001	1.58546	0.362072	
0	0.887861	0.442698	-0.125382	0.0	-0.00659728	0.284724	0.9585870000000001	0.0	0.46006400000000003	-0.8502649999999999	0.255716	0.0	-3.3526599999999998	-2.64526	-1.62535	0.11620599999999999	-0.20593000000000003	0.9541799999999999	0.2171	0.0	-0.0463924	0.212087	-0.9761489999999999	0.0	-0.977466	-0.21109	0.000591874	0.0	2.37392	1.15971	1.59394	0.362195	
0	0.868949	0.470055	-0.154844	0.0	0.0242803	0.27201	0.961988	0.0	0.494306	-0.839678	0.22495	0.0	-3.4498800000000003	-2.3465700000000003	-1.58351	0.116127	-0.25911300000000004	0.934572	0.24379499999999998	0.0	-0.0708991	0.23333	-0.9698100000000001	0.0	-0.963241	-0.268575	0.00580138	0.0	2.37275	1.1728399999999999	1.61487	0.362156	
0	0.848777	0.496242	-0.182543	0.0	0.0478742	0.271692	0.9611930000000001	0.0	0.52658	-0.824577	0.20684899999999998	0.0	-3.50043	-2.12095	-1.57008	0.116126	-0.30801799999999996	0.9119290000000001	0.271129	0.0	-0.09172380000000001	0.255193	-0.9625299999999999	0.0	-0.9469489999999999	-0.321345	0.00504178	0.0	2.3999200000000003	1.2026299999999999	1.57596	0.361593	
0	0.839398	0.508192	-0.192747	0.0	0.05487090000000001	0.273584	0.960282	0.0	0.54074	-0.816635	0.201761	0.0	-3.4986699999999997	-2.0016700000000003	-1.53072	0.116126	-0.340717	0.893028	0.29396100000000003	0.0	-0.104149	0.274893	-0.955817	0.0	-0.9343790000000001	-0.356279	-0.00065279	0.0	2.42535	1.22244	1.5373700000000001	0.361217	
0	0.794813	0.569679	-0.20913299999999999	0.0	0.0592771	0.27009	0.961009	0.0	0.603952	-0.776219	0.180902	0.0	-3.41776	-1.6413	-1.37737	0.116131	-0.409174	0.8270879999999999	0.385362	0.0	-0.129574	0.365385	-0.921794	0.0	-0.9032100000000001	-0.42710600000000004	-0.04233680000000001	0.0	2.5280299999999998	1.3278	1.2283899999999999	0.360574	
0	0.77404	0.596621	-0.21190900000000001	0.0	0.0579948	0.266478	0.962095	0.0	0.630475	-0.756989	0.171663	0.0	-3.3693	-1.50842	-1.33692	0.116125	-0.42353999999999997	0.799408	0.426099	0.0	-0.134352	0.40973699999999996	-0.902256	0.0	-0.895859	-0.43938900000000003	-0.06613780000000001	0.0	2.54828	1.35029	1.0646200000000001	0.360567	
0	0.6944739999999999	0.675871	-0.24679	0.0	0.06752589999999999	0.280258	0.9575469999999999	0.0	0.7163430000000001	-0.681656	0.14899300000000001	0.0	-3.17896	-1.15701	-1.2627700000000002	0.11619700000000001	-0.429379	0.74944	0.503958	0.0	-0.13911500000000002	0.496471	-0.856834	0.0	-0.8923459999999999	-0.438015	-0.10891600000000001	0.0	2.5240400000000003	1.4098899999999999	0.641796	0.360674	
0	0.657407	0.707278	-0.25995100000000004	0.0	0.0607096	0.29414	0.953832	0.0	0.7510859999999999	-0.642837	0.15043099999999998	0.0	-3.08113	-1.01739	-1.22886	0.11613	-0.419446	0.7300810000000001	0.539488	0.0	-0.145474	0.5325529999999999	-0.833801	0.0	-0.896048	-0.428216	-0.11717000000000001	0.0	2.4563200000000003	1.41709	0.501525	0.360543	
0	0.5614520000000001	0.767155	-0.310234	0.0	0.03393669999999999	0.35323899999999997	0.934918	0.0	0.8268129999999999	-0.535439	0.172292	0.0	-2.82101	-0.778533	-1.13945	0.116201	-0.390436	0.684128	0.616059	0.0	-0.149532	0.61316	-0.7756770000000001	0.0	-0.9084049999999999	-0.394973	-0.137101	0.0	2.1890099999999997	1.43387	0.234765	0.36037800000000003	
1	0.518312	0.786211	-0.336488	0.0	0.0232687	0.380355	0.9245479999999999	0.0	0.854875	-0.487034	0.178849	0.0	-2.71085	-0.7048	-1.10202	0.1162	-0.39215500000000003	0.6532020000000001	0.647721	0.0	-0.156326	0.646558	-0.746676	0.0	-0.9065190000000001	-0.394068	-0.15143900000000002	0.0	2.07747	1.4260700000000002	0.158495	0.360031	
1	0.424396	0.809036	-0.406632	0.0	-0.0173916	0.45628100000000005	0.889666	0.0	0.9053100000000001	-0.37049899999999997	0.20771399999999998	0.0	-2.3799	-0.525696	-1.02731	0.116199	-0.3858	0.581097	0.7165779999999999	0.0	-0.19901	0.706006	-0.679669	0.0	-0.900862	-0.404823	-0.15673299999999998	0.0	1.7794599999999998	1.36176	0.039875400000000005	0.35954200000000003	
1	0.38216	0.807401	-0.449508	0.0	-0.0421302	0.501147	0.8643360000000001	0.0	0.923135	-0.311377	0.225534	0.0	-2.2265200000000003	-0.45078199999999996	-0.979767	0.11613599999999999	-0.372154	0.543503	0.7524	0.0	-0.231289	0.730753	-0.642266	0.0	-0.898892	-0.41304399999999997	-0.14624600000000001	0.0	1.63754	1.31198	0.019657900000000002	0.358641	
1	0.339183	0.785496	-0.51764	0.0	-0.06858689999999999	0.569443	0.8191649999999999	0.0	0.938217	-0.24234299999999998	0.24702	0.0	-1.9932900000000002	-0.314664	-0.8794270000000001	0.116203	-0.36342199999999997	0.504945	0.782914	0.0	-0.26371100000000003	0.750247	-0.6062890000000001	0.0	-0.8935209999999999	-0.42680200000000007	-0.139497	0.0	1.4228	1.21996	-0.00278948	0.35841999999999996	
1	0.311041	0.772725	-0.553307	0.0	-0.0963075	0.604816	0.790521	0.0	0.9455040000000001	-0.19259600000000002	0.26254099999999997	0.0	-1.88999	-0.24685	-0.8134	0.116202	-0.356365	0.482675	0.800018	0.0	-0.28225700000000004	0.7606149999999999	-0.584633	0.0	-0.8906930000000001	-0.43415299999999996	-0.134819	0.0	1.2920399999999999	1.20337	0.0129672	0.357836	
1	0.301872	0.763402	-0.571044	0.0	-0.112876	0.623395	0.773717	0.0	0.946643	-0.169106	0.274355	0.0	-1.8315	-0.20405	-0.781158	0.116127	-0.353051	0.470384	0.808761	0.0	-0.293365	0.765176	-0.573099	0.0	-0.8884209999999999	-0.439596	-0.132152	0.0	1.2212	1.16971	0.027920900000000002	0.357662	
1	0.28942199999999996	0.7379439999999999	-0.609651	0.0	-0.139595	0.66264	0.735813	0.0	0.946968	-0.127857	0.294796	0.0	-1.7540900000000001	-0.15398	-0.713631	0.116203	-0.347412	0.44749399999999995	0.824048	0.0	-0.324975	0.766867	-0.553449	0.0	-0.8796	-0.46007	-0.120994	0.0	1.1232600000000001	1.10913	0.0518592	0.357362	
