3	0.593132	0.516197	-0.617847	0.0	0.6853279999999999	0.0790206	0.723935	0.0	0.422516	-0.852817	-0.306895	0.0	-2.73968	2.0	1.46191	-1.2889500000000002e-06	-0.593133	0.516197	-0.617846	0.0	0.7510680000000001	0.0783597	-0.655558	0.0	-0.289983	-0.852878	-0.43417700000000004	0.0	2.66032	2.0	1.53809	0.0	
3	0.41737799999999997	0.81845	-0.394887	0.0	0.512025	0.14719400000000002	0.8462649999999999	0.0	0.75075	-0.555405	-0.357632	0.0	-2.7802599999999997	1.99718	1.3907	-3.67165e-05	-0.285952	0.886539	-0.363705	0.0	0.32456	-0.267515	-0.9072469999999999	0.0	-0.9016059999999999	-0.377473	-0.21123899999999998	0.0	2.6288	2.00765	1.59144	-7.70297e-06	
3	0.0732114	0.991976	-0.103073	0.0	0.163616	0.090004	0.98241	0.0	0.9838040000000001	-0.088788	-0.15571300000000002	0.0	-2.90917	1.9025	1.3552799999999998	0.0	-0.127397	0.9553530000000001	-0.26659	0.0	0.0932385	-0.25605500000000003	-0.962155	0.0	-0.98746	-0.147432	-0.056455	0.0	2.68342	2.01132	1.5861299999999998	0.0	
3	0.0663469	0.997017	0.039435000000000005	0.0	0.18549000000000002	-0.0511573	0.9813129999999999	0.0	0.980404	-0.0577922	-0.188331	0.0	-3.0281700000000003	1.98091	1.24987	0.366113	-0.13686500000000001	0.967385	-0.213155	0.0	0.106366	-0.19958399999999998	-0.974091	0.0	-0.9848629999999999	-0.15599100000000002	-0.0755813	0.0	2.73022	2.06042	1.56505	0.21008800000000002	
3	0.137691	0.990353	-0.0156025	0.0	0.07748200000000001	0.00493428	0.9969819999999999	0.0	0.98744	-0.138484	-0.0760551	0.0	-2.87826	1.8353700000000002	1.3015	0.13436700000000001	-0.22039899999999998	0.968683	-0.114356	0.0	0.0795995	-0.09898610000000001	-0.9919	0.0	-0.9721569999999999	-0.22771599999999997	-0.0552903	0.0	2.66665	1.97088	1.57166	0.21954	
3	0.194271	0.9802290000000001	-0.037539499999999996	0.0	0.087858	0.020727799999999998	0.995917	0.0	0.9770059999999999	-0.196776	-0.0820942	0.0	-2.91391	1.70435	1.34184	0.0	-0.22668899999999997	0.968816	-0.100039	0.0	0.0686729	-0.08655800000000001	-0.993877	0.0	-0.971543	-0.23217100000000002	-0.0469097	0.0	2.64207	1.9130900000000002	1.57197	0.0	
3	0.183501	0.982592	-0.0289892	0.0	0.061127999999999995	0.018027099999999997	0.997967	0.0	0.981117	-0.1849	-0.0567558	0.0	-2.99055	1.59069	1.33439	0.00585431	-0.235748	0.968514	-0.0800254	0.0	0.0690822	-0.0654367	-0.9954629999999999	0.0	-0.969356	-0.240207	-0.0514806	0.0	2.6720900000000003	1.90556	1.53732	0.0532243	
3	0.289798	0.952069	0.0978865	0.0	0.0390003	-0.11393699999999998	0.9927219999999999	0.0	0.9562930000000001	-0.283871	-0.0701498	0.0	-2.8805400000000003	1.43998	1.26194	0.34971199999999997	-0.356048	0.934371	0.0134722	0.0	0.104952	0.054309800000000005	-0.992993	0.0	-0.9285549999999999	-0.352139	-0.117401	0.0	2.63185	1.81987	1.479	0.359078	
3	0.49357	0.8610180000000001	0.122626	0.0	-0.02452	-0.127164	0.9915790000000001	0.0	0.86936	-0.492421	-0.041652499999999995	0.0	-2.81758	0.975117	1.18402	0.347378	-0.387198	0.921673	0.0244428	0.0	0.100863	0.0686947	-0.992526	0.0	-0.9164629999999999	-0.381839	-0.11956099999999999	0.0	2.5855900000000003	1.68619	1.4032	0.35979099999999997	
3	0.5684859999999999	0.817338	0.09371189999999999	0.0	-0.0676584	-0.0670747	0.995451	0.0	0.8199059999999999	-0.57224	0.017168799999999998	0.0	-2.82365	0.541891	0.965735	0.346974	-0.397995	0.9166610000000001	0.0364945	0.0	0.11032	0.0873154	-0.9900530000000001	0.0	-0.9107299999999999	-0.39000999999999997	-0.135878	0.0	2.57937	1.6473799999999998	1.32806	0.360163	
3	0.624189	0.776316	0.08787060000000001	0.0	-0.112104	-0.0223113	0.9934459999999999	0.0	0.773189	-0.629949	0.07310180000000001	0.0	-2.76511	0.182347	0.788801	0.34727199999999997	-0.420097	0.90605	0.05091969999999999	0.0	0.12410999999999998	0.112947	-0.985819	0.0	-0.8989530000000001	-0.407819	-0.159899	0.0	2.56143	1.60239	1.23106	0.360048	
3	0.667244	0.740165	0.08331430000000001	0.0	-0.153173	0.026889999999999997	0.987833	0.0	0.728919	-0.671888	0.13131500000000002	0.0	-2.6621	-0.21405500000000002	0.550586	0.347813	-0.445004	0.8940959999999999	0.05063959999999999	0.0	0.143137	0.126833	-0.981542	0.0	-0.884016	-0.429541	-0.184419	0.0	2.545	1.56326	1.16165	0.360455	
3	0.69711	0.71363	0.0690641	0.0	-0.163773	0.0647151	0.9843729999999999	0.0	0.698009	-0.697527	0.161987	0.0	-2.56688	-0.43696899999999994	0.404095	0.34726999999999997	-0.44510500000000003	0.8940319999999999	0.0508679	0.0	0.142986	0.12703399999999998	-0.9815379999999999	0.0	-0.8839889999999999	-0.42961499999999997	-0.18437699999999999	0.0	2.5433	1.5384200000000001	1.14297	0.360344	
3	0.7225520000000001	0.688177	0.0658133	0.0	-0.16452999999999998	0.0787184	0.983226	0.0	0.671453	-0.72126	0.170104	0.0	-2.51098	-0.607614	0.300504	0.34660100000000005	-0.444057	0.894352	0.0542932	0.0	0.142261	0.13020199999999998	-0.9812290000000001	0.0	-0.884633	-0.42799799999999993	-0.185049	0.0	2.5293099999999997	1.53151	1.14844	0.360273	
3	0.740425	0.669647	0.05782040000000001	0.0	-0.16966099999999998	0.102967	0.980109	0.0	0.650373	-0.735507	0.189852	0.0	-2.4576700000000002	-0.780263	0.18545	0.345569	-0.445912	0.893533	0.052546800000000005	0.0	0.146546	0.130795	-0.980519	0.0	-0.882999	-0.429525	-0.18926600000000002	0.0	2.51403	1.5287600000000001	1.1563700000000001	0.360401	
3	0.752888	0.656648	0.0444098	0.0	-0.1661	0.12428399999999999	0.978246	0.0	0.636844	-0.7438859999999999	0.20264100000000002	0.0	-2.4194299999999997	-0.941924	0.0519215	0.345088	-0.443851	0.894648	0.0510097	0.0	0.145742	0.128237	-0.9809760000000001	0.0	-0.8841700000000001	-0.427972	-0.187306	0.0	2.4977400000000003	1.52409	1.1592799999999999	0.360475	
3	0.777475	0.6274	0.0435994	0.0	-0.153862	0.122531	0.9804649999999999	0.0	0.6098020000000001	-0.768996	0.191798	0.0	-2.41718	-1.0964200000000002	-0.152684	0.341721	-0.444508	0.894367	0.0502141	0.0	0.146572	0.12792	-0.980894	0.0	-0.8837020000000001	-0.428655	-0.18795	0.0	2.4845900000000003	1.52675	1.1638700000000002	0.360551	
3	0.7891229999999999	0.613382	0.032355	0.0	-0.143394	0.132746	0.980722	0.0	0.597263	-0.77855	0.192709	0.0	-2.4164	-1.2567700000000002	-0.367981	0.34021	-0.44493699999999997	0.894076	0.0515717	0.0	0.147022	0.129727	-0.9805889999999999	0.0	-0.8834110000000001	-0.42871800000000004	-0.189169	0.0	2.48453	1.52322	1.16745	0.360643	
3	0.8041	0.5933390000000001	0.0370532	0.0	-0.135649	0.12243599999999999	0.9831629999999999	0.0	0.578812	-0.795587	0.17893599999999998	0.0	-2.4281900000000003	-1.39754	-0.5917180000000001	0.339148	-0.444801	0.894128	0.0518326	0.0	0.146615	0.12978399999999998	-0.980643	0.0	-0.883547	-0.428591	-0.18882100000000002	0.0	2.48126	1.51316	1.16721	0.36081599999999997	
3	0.820367	0.571167	0.0276759	0.0	-0.122451	0.128189	0.9841610000000001	0.0	0.558573	-0.810762	0.175102	0.0	-2.4531400000000003	-1.51821	-0.781818	0.337661	-0.444838	0.8940670000000001	0.052574	0.0	0.146093	0.130353	-0.9806450000000001	0.0	-0.8836149999999999	-0.42854799999999993	-0.188603	0.0	2.47642	1.5093299999999998	1.17009	0.360715	
3	0.8296389999999999	0.55813	0.013749200000000001	0.0	-0.104077	0.130418	0.985981	0.0	0.548513	-0.81944	0.16628800000000002	0.0	-2.49036	-1.63158	-0.925182	0.33768400000000004	-0.443641	0.894609	0.053448300000000004	0.0	0.14599600000000001	0.130984	-0.980576	0.0	-0.884233	-0.427221	-0.188719	0.0	2.47242	1.50305	1.17614	0.360829	
3	0.841194	0.540705	-0.00555763	0.0	-0.08422110000000001	0.141165	0.986397	0.0	0.534134	-0.829283	0.164286	0.0	-2.55991	-1.75025	-1.0355	0.337562	-0.440949	0.8960790000000001	0.0510567	0.0	0.145963	0.127723	-0.9810110000000001	0.0	-0.885584	-0.425123	-0.187114	0.0	2.45819	1.49965	1.18051	0.360698	
3	0.843327	0.53615	-0.0366574	0.0	-0.0659368	0.170928	0.983075	0.0	0.533341	-0.826636	0.179501	0.0	-2.6661099999999998	-1.85105	-1.06671	0.332744	-0.43644799999999995	0.8982969999999999	0.0507514	0.0	0.143044	0.12496800000000001	-0.9817950000000001	0.0	-0.888286	-0.421242	-0.183038	0.0	2.44963	1.50052	1.18674	0.360968	
3	0.8351559999999999	0.547014	-0.0573663	0.0	-0.0509385	0.180776	0.9822040000000001	0.0	0.54765	-0.817371	0.17884	0.0	-2.76249	-1.9323099999999998	-1.11228	0.332874	-0.435316	0.898819	0.051228499999999996	0.0	0.142312	0.12488900000000001	-0.9819120000000001	0.0	-0.888959	-0.420151	-0.182279	0.0	2.44119	1.5076	1.21138	0.361035	
3	0.8728450000000001	0.481921	-0.0767747	0.0	-0.018240299999999997	0.189435	0.9817239999999999	0.0	0.48765699999999995	-0.855492	0.174137	0.0	-2.87153	-2.02498	-1.14619	0.335093	-0.44007399999999997	0.896644	0.048629	0.0	0.14035699999999998	0.122175	-0.982534	0.0	-0.8869239999999999	-0.425563	-0.179616	0.0	2.43503	1.50845	1.2255200000000002	0.36097199999999996	
3	0.8817729999999999	0.464394	-0.08255139999999998	0.0	-0.004850800000000001	0.183937	0.982926	0.0	0.471649	-0.866317	0.164443	0.0	-3.05606	-2.17883	-1.22666	0.351109	-0.43836	0.897491	0.0484783	0.0	0.139337	0.121143	-0.982807	0.0	-0.887933	-0.42406800000000006	-0.17815799999999998	0.0	2.42535	1.51173	1.23213	0.361085	
3	0.8874200000000001	0.45123100000000005	-0.09421	0.0	-5.23925e-05	0.204476	0.9788709999999999	0.0	0.46096099999999995	-0.8686649999999999	0.18148	0.0	-3.24609	-2.32802	-1.26468	0.345993	-0.43920699999999996	0.897008	0.049736199999999994	0.0	0.137388	0.12177400000000001	-0.9830030000000001	0.0	-0.887819	-0.42490900000000004	-0.176722	0.0	2.4173	1.51062	1.24096	0.361083	
3	0.890207	0.447553	-0.08501950000000001	0.0	-0.0037569	0.19383399999999998	0.9810270000000001	0.0	0.455541	-0.8729979999999999	0.174233	0.0	-3.4035300000000004	-2.43436	-1.31236	0.345612	-0.440179	0.8965930000000001	0.048612199999999994	0.0	0.137633	0.12087200000000001	-0.98308	0.0	-0.887299	-0.426041	-0.17660599999999999	0.0	2.41303	1.5128	1.24349	0.361212	
3	0.889509	0.449524	-0.0818673	0.0	-0.0060501999999999995	0.190745	0.981621	0.0	0.45687799999999995	-0.8726649999999999	0.17238900000000001	0.0	-3.48716	-2.51302	-1.36618	0.345629	-0.43998000000000004	0.896703	0.0483924	0.0	0.137497	0.120522	-0.983143	0.0	-0.8874190000000001	-0.42590900000000004	-0.176321	0.0	2.41336	1.50928	1.2424899999999999	0.36123	
3	0.890215	0.448474	-0.0799221	0.0	-0.0103188	0.195252	0.980699	0.0	0.45542299999999997	-0.872208	0.17844400000000002	0.0	-3.56967	-2.59464	-1.43284	0.342935	-0.44063800000000003	0.8963559999999999	0.0488365	0.0	0.137212	0.12101500000000001	-0.9831219999999999	0.0	-0.8871370000000001	-0.42649899999999996	-0.176315	0.0	2.41229	1.5152299999999999	1.24684	0.361212	
3	0.8876809999999999	0.453603	-0.07916849999999999	0.0	-0.013199	0.196929	0.9803290000000001	0.0	0.46026999999999996	-0.869174	0.180797	0.0	-3.5622300000000005	-2.63103	-1.47648	0.340806	-0.440355	0.8964770000000001	0.0491539	0.0	0.136787	0.121098	-0.9831709999999999	0.0	-0.887342	-0.426221	-0.175952	0.0	2.4113	1.5172700000000001	1.24791	0.36128699999999997	
3	0.887656	0.45099700000000004	-0.0931042	0.0	0.0027779	0.19693	0.9804139999999999	0.0	0.460499	-0.8705290000000001	0.17355299999999999	0.0	-3.5461699999999996	-2.63414	-1.49329	0.340331	-0.44018199999999996	0.8965690000000001	0.0490409	0.0	0.13636500000000001	0.120733	-0.983274	0.0	-0.887494	-0.42613199999999996	-0.175405	0.0	2.40856	1.5116	1.24668	0.361306	
3	0.8924989999999999	0.420501	-0.163169	0.0	0.056305499999999994	0.25505700000000003	0.9652850000000001	0.0	0.447521	-0.870704	0.20396199999999998	0.0	-3.5263199999999997	-2.61848	-1.4139	0.335154	-0.44138900000000003	0.895917	0.0500846	0.0	0.135614	0.121779	-0.9832489999999999	0.0	-0.887009	-0.427203	-0.175251	0.0	2.40762	1.51023	1.24243	0.361335	
3	0.8762469999999999	0.405855	-0.259756	0.0	0.116423	0.344781	0.931435	0.0	0.46758599999999995	-0.846409	0.254862	0.0	-3.5036699999999996	-2.4631	-1.16895	0.34541700000000003	-0.445654	0.893667	0.052455600000000005	0.0	0.135374	0.125199	-0.9828530000000001	0.0	-0.884911	-0.430911	-0.176775	0.0	2.41379	1.51245	1.24336	0.36133899999999997	
3	0.85631	0.41186000000000006	-0.311614	0.0	0.157099	0.367054	0.9168379999999999	0.0	0.49198800000000004	-0.834052	0.24960900000000003	0.0	-3.51266	-2.12217	-0.9067120000000001	0.345391	-0.44846499999999995	0.892343	0.05102519999999999	0.0	0.136251	0.124673	-0.982798	0.0	-0.8833540000000001	-0.43379799999999996	-0.177494	0.0	2.42742	1.50485	1.2444899999999999	0.36128899999999997	
3	0.8426799999999999	0.41843800000000003	-0.338821	0.0	0.179857	0.374373	0.909668	0.0	0.5074850000000001	-0.827499	0.240218	0.0	-3.5603	-1.84952	-0.717539	0.34633400000000003	-0.445463	0.8939739999999999	0.04871	0.0	0.13505799999999998	0.12088399999999999	-0.9834360000000001	0.0	-0.8850549999999999	-0.43150600000000006	-0.17458800000000002	0.0	2.42943	1.49958	1.24288	0.361277	
3	0.825382	0.434564	-0.36041599999999996	0.0	0.19968	0.372424	0.906327	0.0	0.528085	-0.820033	0.22061799999999998	0.0	-3.6243800000000004	-1.61111	-0.535767	0.34671	-0.441276	0.89615	0.0468133	0.0	0.133412	0.117103	-0.984118	0.0	-0.8873989999999999	-0.428022	-0.171232	0.0	2.4165400000000004	1.51229	1.24771	0.36140300000000003	
3	0.801056	0.462765	-0.379681	0.0	0.21478200000000003	0.369845	0.903927	0.0	0.558729	-0.8056439999999999	0.196873	0.0	-3.71297	-1.39068	-0.43888299999999997	0.346448	-0.44201899999999994	0.8957299999999999	0.047835	0.0	0.132339	0.11786400000000001	-0.9841719999999999	0.0	-0.8871899999999999	-0.428692	-0.170638	0.0	2.40341	1.50531	1.25658	0.361336	
3	0.79943	0.46437	-0.38114499999999996	0.0	0.21602600000000002	0.369799	0.9036489999999999	0.0	0.560575	-0.804742	0.19531300000000001	0.0	-3.71268	-1.38319	-0.434546	0.34646	-0.44201599999999996	0.895734	0.0477785	0.0	0.13231400000000001	0.117789	-0.9841840000000001	0.0	-0.8871950000000001	-0.428703	-0.17058299999999998	0.0	2.4047400000000003	1.5078200000000002	1.25519	0.36133699999999996	
3	0.799429	0.46437399999999995	-0.381142	0.0	0.216018	0.369805	0.9036489999999999	0.0	0.560579	-0.804737	0.19532	0.0	-3.71259	-1.38355	-0.43468	0.346462	-0.442015	0.895734	0.0477788	0.0	0.13231400000000001	0.117789	-0.9841840000000001	0.0	-0.8871950000000001	-0.428703	-0.17058199999999998	0.0	2.4047400000000003	1.50781	1.25519	0.36133699999999996	
3	0.79943	0.464373	-0.381142	0.0	0.216018	0.369805	0.903648	0.0	0.560579	-0.804737	0.19532	0.0	-3.71259	-1.38355	-0.43468	0.346462	-0.442015	0.895734	0.0477787	0.0	0.13231400000000001	0.117789	-0.9841840000000001	0.0	-0.8871950000000001	-0.428703	-0.17058299999999998	0.0	2.4047400000000003	1.50781	1.25519	0.36133699999999996	
3	0.79943	0.464373	-0.381142	0.0	0.216018	0.369805	0.903648	0.0	0.560579	-0.804737	0.19532	0.0	-3.71259	-1.38355	-0.43468	0.346462	-0.442015	0.895734	0.0477788	0.0	0.13231400000000001	0.117789	-0.9841850000000001	0.0	-0.8871959999999999	-0.428703	-0.17058299999999998	0.0	2.4047400000000003	1.50781	1.25519	0.36133699999999996	
3	0.79943	0.464373	-0.381142	0.0	0.216018	0.369805	0.9036489999999999	0.0	0.560579	-0.804737	0.19532	0.0	-3.71259	-1.38355	-0.43468	0.346462	-0.442015	0.895734	0.0477788	0.0	0.13231400000000001	0.117789	-0.9841850000000001	0.0	-0.8871950000000001	-0.428703	-0.17058199999999998	0.0	2.4047400000000003	1.50781	1.25519	0.36133699999999996	
3	0.79943	0.464373	-0.381142	0.0	0.216018	0.369805	0.903648	0.0	0.560579	-0.804737	0.19532	0.0	-3.71259	-1.38355	-0.43468	0.346462	-0.442015	0.895734	0.0477789	0.0	0.13231300000000001	0.117789	-0.9841840000000001	0.0	-0.8871950000000001	-0.428703	-0.17058199999999998	0.0	2.4047400000000003	1.50781	1.25519	0.361338	
3	0.79943	0.464373	-0.381142	0.0	0.216018	0.369805	0.903648	0.0	0.560579	-0.804737	0.19532	0.0	-3.71259	-1.38355	-0.43468	0.346462	-0.442015	0.895734	0.0477788	0.0	0.13231400000000001	0.117789	-0.9841850000000001	0.0	-0.8871950000000001	-0.428703	-0.17058199999999998	0.0	2.4047400000000003	1.50781	1.25519	0.36133699999999996	
3	0.79943	0.464373	-0.381142	0.0	0.216018	0.369805	0.903648	0.0	0.560579	-0.804737	0.19532	0.0	-3.71259	-1.38355	-0.43468	0.346462	-0.442015	0.895734	0.0477789	0.0	0.13231300000000001	0.117789	-0.9841840000000001	0.0	-0.8871950000000001	-0.428703	-0.17058199999999998	0.0	2.4047400000000003	1.50781	1.25519	0.361338	
3	0.79943	0.464373	-0.381142	0.0	0.216018	0.369805	0.903648	0.0	0.560579	-0.804737	0.19532	0.0	-3.71259	-1.38355	-0.43468	0.346462	-0.442015	0.895734	0.0477788	0.0	0.13231300000000001	0.117789	-0.9841850000000001	0.0	-0.8871950000000001	-0.428703	-0.17058199999999998	0.0	2.4047400000000003	1.50781	1.25519	0.36133699999999996	
3	0.79943	0.464373	-0.381142	0.0	0.216018	0.369805	0.903648	0.0	0.560579	-0.804737	0.19532	0.0	-3.71259	-1.38355	-0.43468	0.346462	-0.442015	0.895734	0.0477789	0.0	0.13231300000000001	0.117789	-0.9841840000000001	0.0	-0.8871950000000001	-0.428703	-0.17058199999999998	0.0	2.4047400000000003	1.50781	1.25519	0.36133699999999996	
3	0.79943	0.464373	-0.381142	0.0	0.216018	0.369805	0.903648	0.0	0.560579	-0.804737	0.19532	0.0	-3.71259	-1.38355	-0.43468	0.346462	-0.442015	0.895734	0.0477788	0.0	0.13231300000000001	0.117789	-0.9841850000000001	0.0	-0.8871950000000001	-0.428703	-0.17058199999999998	0.0	2.4047400000000003	1.50781	1.25519	0.36133699999999996	
3	0.545254	0.8287260000000001	-0.126141	0.0	0.137259	0.06018330000000001	0.988705	0.0	0.8269569999999999	-0.5564100000000001	-0.0809348	0.0	-3.7056699999999996	-1.54562	-0.615095	0.341991	-0.433536	0.9002290000000001	0.0404346	0.0	0.132399	0.108017	-0.985293	0.0	-0.891357	-0.421806	-0.166019	0.0	2.3811299999999997	1.4921799999999998	1.3014700000000001	0.36114	
3	0.6139180000000001	0.782913	-0.100757	0.0	0.11427999999999999	0.0381455	0.9927159999999999	0.0	0.781054	-0.6209600000000001	-0.0660533	0.0	-3.76629	-1.73935	-0.771703	0.342334	-0.433831	0.90005	0.041233099999999995	0.0	0.132251	0.10888099999999999	-0.985218	0.0	-0.891235	-0.421965	-0.166269	0.0	2.38214	1.49101	1.30067	0.361216	
3	0.657964	0.74843	-0.08328039999999999	0.0	0.0880777	0.0333474	0.995555	0.0	0.747881	-0.662375	-0.0439786	0.0	-3.79529	-1.99095	-0.937464	0.345428	-0.43257700000000004	0.900661	0.0410658	0.0	0.133144	0.10886300000000002	-0.9851	0.0	-0.8917120000000001	-0.42066400000000004	-0.167009	0.0	2.38313	1.49222	1.2982799999999999	0.361228	
3	0.6934859999999999	0.717125	-0.06934	0.0	0.062207000000000005	0.0362841	0.9974040000000001	0.0	0.717779	-0.6959989999999999	-0.019447700000000002	0.0	-3.76001	-2.2711099999999997	-1.1110799999999998	0.34773899999999996	-0.42888699999999996	0.902382	0.0419832	0.0	0.130975	0.108099	-0.985475	0.0	-0.893813	-0.417158	-0.164552	0.0	2.3744	1.48924	1.29596	0.3614	
3	0.720861	0.6910810000000001	-0.0525943	0.0	0.0395736	0.0347199	0.998613	0.0	0.6919489999999999	-0.721943	-0.00232038	0.0	-3.66984	-2.55057	-1.30111	0.348071	-0.42633699999999997	0.903652	0.0406211	0.0	0.129619	0.105474	-0.9859379999999999	0.0	-0.895229	-0.41507700000000003	-0.162098	0.0	2.3633599999999997	1.48973	1.2994299999999999	0.36142399999999997	
3	0.735521	0.676545	-0.035999	0.0	0.014122200000000001	0.037813400000000004	0.999185	0.0	0.677355	-0.73543	0.018258299999999998	0.0	-3.5943300000000002	-2.77831	-1.41923	0.348231	-0.42692299999999994	0.903408	0.039897	0.0	0.129716	0.104844	-0.985993	0.0	-0.8949360000000001	-0.415767	-0.161947	0.0	2.35617	1.49268	1.30185	0.361361	
3	0.752659	0.657881	-0.0263966	0.0	-0.00773627	0.0489251	0.9987729999999999	0.0	0.658365	-0.7515310000000001	0.0419134	0.0	-3.4796400000000003	-3.0049	-1.5495	0.347503	-0.42750699999999997	0.90309	0.0408097	0.0	0.13001400000000002	0.10609400000000001	-0.98582	0.0	-0.8946139999999999	-0.41613900000000004	-0.16277	0.0	2.35564	1.48999	1.3034700000000001	0.361585	
3	0.76118	0.648432	-0.0118291	0.0	-0.0273796	0.0503529	0.9983559999999999	0.0	0.647962	-0.759605	0.056081500000000006	0.0	-3.3586099999999997	-3.19355	-1.6354600000000001	0.347149	-0.42639799999999994	0.9036290000000001	0.040498	0.0	0.129803	0.10543599999999999	-0.9859180000000001	0.0	-0.895174	-0.415137	-0.162251	0.0	2.3561400000000003	1.49231	1.30148	0.36154200000000003	
3	0.7740560000000001	0.6331060000000001	-0.00381061	0.0	-0.043653500000000005	0.059374699999999996	0.997281	0.0	0.6316109999999999	-0.771785	0.0735967	0.0	-3.25717	-3.3607400000000003	-1.7313	0.34581	-0.42650200000000005	0.903518	0.0418378	0.0	0.128949	0.106523	-0.9859129999999999	0.0	-0.8952479999999999	-0.415099	-0.16194	0.0	2.3536599999999996	1.49473	1.29988	0.36146500000000004	
3	0.793474	0.608603	0.00118643	0.0	-0.059895699999999996	0.0761495	0.995296	0.0	0.605649	-0.789813	0.0968753	0.0	-3.16282	-3.5077199999999995	-1.75204	0.345048	-0.427437	0.903069	0.041994800000000006	0.0	0.127865	0.106375	-0.9860709999999999	0.0	-0.894957	-0.416113	-0.160939	0.0	2.34826	1.49383	1.29964	0.361456	
3	0.812882	0.582428	0.000231206	0.0	-0.0759188	0.105564	0.99151	0.0	0.5774590000000001	-0.805999	0.130029	0.0	-3.08872	-3.7151099999999997	-1.7914599999999998	0.345202	-0.42872299999999997	0.9024260000000001	0.042704900000000004	0.0	0.12675899999999998	0.10688800000000001	-0.986158	0.0	-0.8944989999999999	-0.417375	-0.160216	0.0	2.3433	1.4936200000000002	1.30207	0.361455	
3	0.833577	0.552401	-0.00133127	0.0	-0.0823124	0.126592	0.988534	0.0	0.5462359999999999	-0.82391	0.15099400000000002	0.0	-3.0611200000000003	-3.70954	-1.8075700000000001	0.347671	-0.431911	0.9008520000000001	0.043802600000000004	0.0	0.12390999999999999	0.107374	-0.986467	0.0	-0.8933639999999999	-0.42063900000000004	-0.158001	0.0	2.3418400000000004	1.4927	1.30272	0.361503	
3	0.830483	0.557032	-0.00374293	0.0	-0.0810707	0.12751099999999999	0.988518	0.0	0.551113	-0.820644	0.151055	0.0	-3.0651900000000003	-3.7113300000000002	-1.8094299999999999	0.34581799999999996	-0.434906	0.8993549999999999	0.0449129	0.0	0.120902	0.10774500000000001	-0.9868	0.0	-0.892323	-0.42373500000000003	-0.155592	0.0	2.33538	1.49241	1.30826	0.36152	
3	0.8290620000000001	0.559055	-0.0106605	0.0	-0.07563560000000001	0.13101500000000002	0.988491	0.0	0.554017	-0.818714	0.15090399999999998	0.0	-3.06617	-3.7117400000000003	-1.80922	0.346184	-0.4378	0.897706	0.0495543	0.0	0.11263900000000002	0.109449	-0.98759	0.0	-0.8919889999999999	-0.426785	-0.149034	0.0	2.3268	1.49206	1.3175	0.361741	
3	0.830305	0.5570430000000001	-0.0172113	0.0	-0.07083060000000001	0.13610899999999998	0.988159	0.0	0.55279	-0.819254	0.15246800000000002	0.0	-3.0638900000000002	-3.7095300000000004	-1.8125799999999999	0.344442	-0.44416000000000005	0.8943610000000001	0.0533006	0.0	0.10605999999999999	0.11155799999999999	-0.988082	0.0	-0.889648	-0.433213	-0.144405	0.0	2.31735	1.50091	1.3266	0.361674	
3	0.857815	0.508467	-0.074931	0.0	-0.0582136	0.24097600000000002	0.968784	0.0	0.5106510000000001	-0.826675	0.23631300000000002	0.0	-3.07477	-3.66575	-1.84545	0.11273399999999999	-0.460329	0.8857780000000001	0.059112	0.0	0.0990605	0.117423	-0.988129	0.0	-0.8822040000000001	-0.449009	-0.141799	0.0	2.31336	1.53495	1.32475	0.361685	
3	0.866232	0.48948	-0.100258	0.0	-0.0246917	0.242351	0.969874	0.0	0.499032	-0.8376610000000001	0.222018	0.0	-3.07829	-3.6589300000000002	-1.84877	0.11156600000000001	-0.477671	0.8762700000000001	0.0631036	0.0	0.0939929	0.12238800000000001	-0.9880209999999999	0.0	-0.8734959999999999	-0.46601800000000004	-0.140824	0.0	2.3205400000000003	1.5951600000000001	1.2846600000000001	0.36135700000000004	
3	0.873842	0.46404399999999996	-0.145129	0.0	0.0132023	0.275735	0.9611430000000001	0.0	0.48603	-0.8418030000000001	0.234823	0.0	-3.08301	-3.6531599999999997	-1.8408099999999998	0.111044	-0.498644	0.8639030000000001	0.0708887	0.0	0.0876535	0.131617	-0.987418	0.0	-0.8623639999999999	-0.48615600000000003	-0.141354	0.0	2.35046	1.65477	1.23861	0.361047	
3	0.879207	0.439428	-0.184117	0.0	0.042094900000000005	0.313285	0.9487260000000001	0.0	0.474578	-0.8418760000000001	0.256944	0.0	-3.08144	-3.64486	-1.84007	0.10963099999999999	-0.524576	0.8471860000000001	0.0842431	0.0	0.0863534	0.151386	-0.9846959999999999	0.0	-0.846974	-0.5092720000000001	-0.152571	0.0	2.4129400000000003	1.7687099999999998	1.1059299999999999	0.360478	
3	0.879397	0.424674	-0.215204	0.0	0.0688453	0.333841	0.9401120000000001	0.0	0.47108500000000003	-0.8415469999999999	0.264342	0.0	-3.16396	-3.6290400000000003	-1.76227	0.10685599999999999	-0.541465	0.8345040000000001	0.10207100000000001	0.0	0.0811664	0.172729	-0.981619	0.0	-0.8367959999999999	-0.523228	-0.161261	0.0	2.4657400000000003	1.8690900000000001	0.931475	0.360185	
3	0.873424	0.418023	-0.24977600000000003	0.0	0.10913699999999998	0.331841	0.937001	0.0	0.474574	-0.845659	0.244216	0.0	-3.28223	-3.60276	-1.63416	0.10606600000000001	-0.572789	0.808646	0.134181	0.0	0.0655467	0.20835599999999999	-0.9758540000000001	0.0	-0.817078	-0.550164	-0.172348	0.0	2.49289	1.96928	0.760452	0.359888	
3	0.8547040000000001	0.444251	-0.268556	0.0	0.131998	0.314342	0.9400879999999999	0.0	0.502054	-0.8389459999999999	0.210029	0.0	-3.34325	-3.48829	-1.6128200000000001	0.105663	-0.570461	0.8058649999999999	0.158607	0.0	0.049612699999999996	0.226569	-0.9727309999999999	0.0	-0.819825	-0.547036	-0.16923	0.0	2.4822599999999997	2.0619400000000003	0.640671	0.35962	
3	0.822367	0.499213	-0.272945	0.0	0.145404	0.27939400000000003	0.949103	0.0	0.550064	-0.820198	0.157177	0.0	-3.3319300000000003	-3.12954	-1.6101299999999998	0.10263	-0.565565	0.799268	0.203241	0.0	0.0172405	0.257845	-0.966032	0.0	-0.8245239999999999	-0.54285	-0.159608	0.0	2.40466	2.10299	0.521513	0.359545	
3	0.780304	0.567233	-0.263385	0.0	0.176214	0.204672	0.9628389999999999	0.0	0.600062	-0.797719	0.059751599999999995	0.0	-3.39404	-2.4738	-1.45445	-0.00048828099999999997	-0.5609310000000001	0.787887	0.25414499999999995	0.0	-0.013043299999999999	0.298541	-0.954308	0.0	-0.82776	-0.538616	-0.157184	0.0	2.29434	2.12154	0.41161499999999995	0.359428	
3	0.674096	0.704511	-0.221946	0.0	0.195301	0.11978599999999999	0.9734010000000001	0.0	0.712357	-0.699512	-0.056844000000000006	0.0	-3.33946	-1.5793	-1.44292	0.0	-0.5281899999999999	0.7741239999999999	0.348923	0.0	-0.0666967	0.371827	-0.925903	0.0	-0.8465030000000001	-0.512325	-0.144764	0.0	2.0446400000000002	2.10887	0.246211	0.358808	
3	0.6283380000000001	0.746711	-0.218207	0.0	0.196125	0.11938299999999999	0.973284	0.0	0.7528130000000001	-0.654347	-0.071436	0.0	-3.2757	-1.37958	-1.43623	0.0	-0.5212180000000001	0.75605	0.39588	0.0	-0.0902595	0.41243599999999997	-0.9065040000000001	0.0	-0.8486379999999999	-0.5082180000000001	-0.146728	0.0	1.9621400000000002	2.09424	0.183045	0.358627	
3	0.589318	0.7808189999999999	-0.20742800000000003	0.0	0.188081	0.117099	0.9751479999999999	0.0	0.785704	-0.613685	-0.0778489	0.0	-3.1802200000000003	-1.2207299999999999	-1.41698	0.0	-0.510857	0.7348399999999999	0.446133	0.0	-0.121556	0.45200100000000004	-0.883697	0.0	-0.8510280000000001	-0.5056729999999999	-0.141584	0.0	1.8285900000000002	2.0386900000000003	0.10254500000000001	0.35847399999999996	
3	0.581939	0.78814	-0.200457	0.0	0.177239	0.11765199999999999	0.97711	0.0	0.793683	-0.604147	-0.0712233	0.0	-3.09563	-1.1824700000000001	-1.3867	0.0	-0.499362	0.719942	0.481998	0.0	-0.136927	0.483755	-0.864426	0.0	-0.855505	-0.49766000000000005	-0.14299	0.0	1.66812	1.95197	0.022888400000000003	0.358078	
3	0.58544	0.7861	-0.19826	0.0	0.175715	0.1157	0.977618	0.0	0.7914439999999999	-0.607174	-0.0703944	0.0	-3.08607	-1.18425	-1.38339	0.0	-0.49886099999999994	0.7181310000000001	0.48520699999999994	0.0	-0.136883	0.487533	-0.862308	0.0	-0.8558040000000001	-0.49658800000000003	-0.14491099999999998	0.0	1.65074	1.94353	0.012190600000000001	0.358072	
3	0.6684329999999999	0.738117	-0.09154839999999999	0.0	0.047117599999999996	0.0808164	0.9956149999999999	0.0	0.742279	-0.6698149999999999	0.019242	0.0	-3.0917	-1.4897	-1.3242	0.0419681	-0.514324	0.704279	0.48934799999999995	0.0	-0.149162	0.488443	-0.8597520000000001	0.0	-0.8445239999999999	-0.515184	-0.14616700000000002	0.0	1.55805	1.81666	-0.00131407	0.35842399999999996	
3	0.688236	0.718634	-0.0994807	0.0	0.0503495	0.0894787	0.994715	0.0	0.723738	-0.689607	0.025399500000000002	0.0	-3.12141	-1.7195	-1.27471	0.288162	-0.5214439999999999	0.701244	0.486162	0.0	-0.149364	0.485943	-0.861133	0.0	-0.840111	-0.521648	-0.148651	0.0	1.55234	1.78329	0.00156751	0.35851900000000003	
3	0.763774	0.6309670000000001	-0.136125	0.0	0.0458866	0.157279	0.9864879999999999	0.0	0.64385	-0.7597	0.091173	0.0	-3.1439	-2.2336400000000003	-1.2199	0.347906	-0.52808	0.697876	0.483839	0.0	-0.15069200000000002	0.483709	-0.862159	0.0	-0.835717	-0.5282	-0.150273	0.0	1.56954	1.72488	0.0205772	0.358982	
3	0.793734	0.5897560000000001	-0.14891300000000002	0.0	0.0483036	0.182928	0.9819389999999999	0.0	0.606344	-0.786591	0.116709	0.0	-3.23014	-2.52317	-1.2514299999999998	0.347645	-0.5317029999999999	0.696336	0.482088	0.0	-0.149007	0.483425	-0.862611	0.0	-0.8337200000000001	-0.530487	-0.153279	0.0	1.57697	1.70301	0.056857200000000004	0.359004	
3	0.811409	0.564867	-0.150137	0.0	0.0565721	0.179765	0.982081	0.0	0.581735	-0.805363	0.113907	0.0	-3.3501199999999995	-2.77256	-1.3234299999999999	0.347882	-0.5310600000000001	0.696975	0.481872	0.0	-0.149669	0.482592	-0.8629629999999999	0.0	-0.8340110000000001	-0.530406	-0.15197	0.0	1.5746200000000001	1.66457	0.05780269999999999	0.35917899999999997	
3	0.823573	0.545197	-0.156486	0.0	0.0695189	0.176785	0.981791	0.0	0.562934	-0.819456	0.10769400000000001	0.0	-3.47084	-3.05152	-1.44557	0.347783	-0.53214	0.696296	0.481662	0.0	-0.14928	0.48282299999999995	-0.8629	0.0	-0.833392	-0.531087	-0.15298699999999998	0.0	1.5736	1.6493	0.07302610000000001	0.359128	
3	0.827206	0.539207	-0.15806800000000001	0.0	0.0747972	0.17314100000000002	0.9820530000000001	0.0	0.556898	-0.824183	0.10289200000000001	0.0	-3.5054	-3.15745	-1.49092	0.34795	-0.531698	0.6960890000000001	0.48245	0.0	-0.14920799999999998	0.48374399999999995	-0.862397	0.0	-0.8336870000000001	-0.53052	-0.153344	0.0	1.5722399999999999	1.64357	0.07512039999999999	0.359131	
3	0.8333889999999999	0.526656	-0.167622	0.0	0.0879883	0.17299	0.980986	0.0	0.545639	-0.832291	0.0978281	0.0	-3.5527300000000004	-3.43338	-1.6336600000000001	0.34712600000000005	-0.5329520000000001	0.6962010000000001	0.480901	0.0	-0.15179700000000002	0.480455	-0.863783	0.0	-0.832418	-0.533354	-0.15037799999999998	0.0	1.56928	1.62942	0.0864596	0.359176	
3	0.8307030000000001	0.5316310000000001	-0.165231	0.0	0.09098110000000001	0.163165	0.982395	0.0	0.5492319999999999	-0.831111	0.08717319999999999	0.0	-3.5364800000000005	-3.4981	-1.68235	0.34665300000000004	-0.53315	0.695688	0.481425	0.0	-0.152121	0.480942	-0.863455	0.0	-0.832232	-0.533586	-0.150585	0.0	1.56803	1.62069	0.08929780000000001	0.359165	
3	0.829024	0.529271	-0.180534	0.0	0.0989574	0.178894	0.978879	0.0	0.550388	-0.8293790000000001	0.0959318	0.0	-3.50754	-3.6327300000000005	-1.7548599999999999	0.348401	-0.5343829999999999	0.6943779999999999	0.48194799999999993	0.0	-0.154057	0.480624	-0.863289	0.0	-0.8310850000000001	-0.535574	-0.14986300000000002	0.0	1.56015	1.59655	0.09777330000000001	0.359125	
3	0.8359790000000001	0.515961	-0.186875	0.0	0.10249100000000001	0.187747	0.976856	0.0	0.5391050000000001	-0.835784	0.104071	0.0	-3.50346	-3.68059	-1.73413	0.350854	-0.535296	0.694124	0.48130100000000003	0.0	-0.155797	0.47889799999999993	-0.863935	0.0	-0.8301719999999999	-0.537446	-0.14820999999999998	0.0	1.54915	1.56302	0.086074	0.359193	
3	0.8377600000000001	0.512953	-0.187183	0.0	0.10344300000000001	0.187504	0.9768020000000001	0.0	0.5361520000000001	-0.8376879999999999	0.104022	0.0	-3.5011099999999997	-3.68086	-1.7382099999999998	0.346319	-0.536092	0.693355	0.481523	0.0	-0.157218	0.47843	-0.8639370000000001	0.0	-0.82939	-0.5388539999999999	-0.147475	0.0	1.54606	1.55073	0.0820883	0.359177	
3	0.84372	0.500386	-0.194296	0.0	0.10703800000000001	0.19785899999999998	0.974369	0.0	0.526004	-0.842891	0.11337799999999999	0.0	-3.4916	-3.6739	-1.75122	0.34375100000000003	-0.537119	0.692311	0.48188100000000006	0.0	-0.157972	0.47861499999999996	-0.8636969999999999	0.0	-0.8285819999999999	-0.540032	-0.147707	0.0	1.54145	1.53624	0.0745075	0.359125	
3	0.856676	0.467445	-0.21817899999999998	0.0	0.116823	0.236157	0.964667	0.0	0.502454	-0.8518950000000001	0.147702	0.0	-3.46616	-3.6571599999999997	-1.7798200000000002	0.34456	-0.5411520000000001	0.688567	0.48273299999999997	0.0	-0.162466	0.477627	-0.86341	0.0	-0.825082	-0.545664	-0.146599	0.0	1.53764	1.52224	0.0893966	0.359146	
3	0.8606219999999999	0.453417	-0.23182600000000003	0.0	0.12360499999999999	0.255629	0.9588409999999999	0.0	0.494016	-0.8538540000000001	0.163955	0.0	-3.45906	-3.6497900000000003	-1.8052599999999999	0.332331	-0.542237	0.687959	0.48238100000000006	0.0	-0.163191	0.476947	-0.86365	0.0	-0.824226	-0.5470229999999999	-0.14635	0.0	1.53635	1.51346	0.091245	0.359171	
3	0.8715360000000001	0.422508	-0.248819	0.0	0.130049	0.290096	0.9481200000000001	0.0	0.47276999999999997	-0.8586799999999999	0.197882	0.0	-3.4451300000000002	-3.63576	-1.84923	0.301139	-0.543798	0.687688	0.481008	0.0	-0.164526	0.474681	-0.8646440000000001	0.0	-0.822931	-0.54933	-0.144988	0.0	1.53	1.50122	0.089021	0.359167	
3	0.87918	0.401008	-0.257363	0.0	0.13572599999999999	0.30698800000000004	0.9419860000000001	0.0	0.456751	-0.8631059999999999	0.21547	0.0	-3.44801	-3.62532	-1.92298	0.223543	-0.544744	0.687504	0.48020100000000004	0.0	-0.165653	0.47312	-0.865284	0.0	-0.8220790000000001	-0.550905	-0.143842	0.0	1.53129	1.50243	0.0936153	0.359185	
3	0.8916540000000001	0.352653	-0.283882	0.0	0.142743	0.376078	0.9155270000000001	0.0	0.429625	-0.856856	0.284993	0.0	-3.34677	-3.6298199999999996	-1.82981	0.107655	-0.548457	0.684806	0.479829	0.0	-0.169627	0.470786	-0.8657870000000001	0.0	-0.818793	-0.556239	-0.142045	0.0	1.52854	1.49444	0.097988	0.359188	
3	0.890322	0.351256	-0.28973499999999996	0.0	0.143724	0.386992	0.9108129999999999	0.0	0.432054	-0.8525590000000001	0.294063	0.0	-3.34636	-3.62834	-1.8150700000000002	0.108303	-0.54897	0.684048	0.48032299999999994	0.0	-0.170016	0.471258	-0.8654540000000001	0.0	-0.818368	-0.556771	-0.14240799999999998	0.0	1.52816	1.49466	0.0894017	0.35935900000000004	
3	0.883093	0.341941	-0.321285	0.0	0.16338699999999998	0.417785	0.893734	0.0	0.43983199999999995	-0.841744	0.31307399999999996	0.0	-3.34185	-3.6324300000000003	-1.8268900000000001	0.107373	-0.560177	0.678349	0.475441	0.0	-0.17704	0.462646	-0.8686860000000001	0.0	-0.809233	-0.5707899999999999	-0.139068	0.0	1.5185899999999999	1.49522	0.06833	0.359184	
3	0.880525	0.318617	-0.350939	0.0	0.197547	0.42633999999999994	0.8827290000000001	0.0	0.43087200000000003	-0.846592	0.312461	0.0	-3.32635	-3.6142199999999995	-1.82188	0.10612	-0.57302	0.66974	0.47233100000000006	0.0	-0.189978	0.452085	-0.871509	0.0	-0.797218	-0.589124	-0.13181700000000002	0.0	1.5089299999999999	1.49223	0.0523938	0.359123	
3	0.8704299999999999	0.328189	-0.366938	0.0	0.21693	0.41339799999999993	0.884332	0.0	0.44191899999999995	-0.849349	0.28864	0.0	-3.3307	-3.60175	-1.79647	0.106552	-0.582963	0.666441	0.46476999999999996	0.0	-0.18863	0.44538500000000003	-0.875243	0.0	-0.790299	-0.597904	-0.133932	0.0	1.50112	1.50611	-0.0294336	0.358989	
3	0.860216	0.33905100000000005	-0.380885	0.0	0.232057	0.404827	0.8844569999999999	0.0	0.454068	-0.849211	0.26955999999999997	0.0	-3.34741	-3.5601300000000005	-1.7802200000000001	0.10550799999999999	-0.581681	0.6682560000000001	0.463768	0.0	-0.186316	0.44553100000000007	-0.8756649999999999	0.0	-0.791791	-0.595765	-0.13465	0.0	1.50989	1.5330000000000001	-0.0500932	0.358881	
3	0.822213	0.402998	-0.401942	0.0	0.24351799999999998	0.38921300000000003	0.888376	0.0	0.514455	-0.8283149999999999	0.22187800000000002	0.0	-3.36231	-3.24235	-1.72636	0.100988	-0.576465	0.671359	0.46579499999999996	0.0	-0.18248599999999998	0.44987200000000005	-0.874251	0.0	-0.796484	-0.588976	-0.136822	0.0	1.51425	1.59627	-0.10628699999999999	0.358869	
3	0.7632399999999999	0.497086	-0.41276	0.0	0.26341	0.343944	0.9012870000000001	0.0	0.589983	-0.796623	0.131574	0.0	-3.54236	-2.56167	-1.36127	0.0	-0.572626	0.671461	0.470362	0.0	-0.18224500000000002	0.455125	-0.8715780000000001	0.0	-0.799304	-0.584809	-0.138246	0.0	1.4641	1.6163100000000001	-0.146506	0.358743	
3	0.7196130000000001	0.560525	-0.40984	0.0	0.267104	0.321361	0.9085059999999999	0.0	0.640947	-0.763243	0.08153719999999999	0.0	-3.52699	-2.2004200000000003	-1.39805	0.0	-0.567832	0.673111	0.473803	0.0	-0.180492	0.45977799999999996	-0.869498	0.0	-0.803113	-0.579246	-0.139586	0.0	1.44404	1.63234	-0.166761	0.358658	
0	0.675593	0.615557	-0.40578800000000004	0.0	0.26802	0.307683	0.91296	0.0	0.686833	-0.725549	0.042887	0.0	-3.49402	-1.90736	-1.41651	0.0	-0.558578	0.6723520000000001	0.48573	0.0	-0.185589	0.469447	-0.863236	0.0	-0.808423	-0.57233	-0.137442	0.0	1.38857	1.63331	-0.17818299999999998	0.358349	
0	0.642039	0.657994	-0.393484	0.0	0.255875	0.299904	0.919013	0.0	0.722713	-0.6907260000000001	0.024185599999999998	0.0	-3.44971	-1.67662	-1.40822	0.0	-0.558192	0.658713	0.504498	0.0	-0.20252799999999999	0.48147700000000004	-0.8527379999999999	0.0	-0.804614	-0.578167	-0.135349	0.0	1.30419	1.58779	-0.185177	0.358216	
0	0.622472	0.678329	-0.390381	0.0	0.253552	0.297114	0.9205620000000001	0.0	0.740432	-0.672006	0.0129533	0.0	-3.4159300000000004	-1.57675	-1.39601	0.0	-0.5616720000000001	0.648088	0.514302	0.0	-0.21405100000000002	0.48662700000000003	-0.846981	0.0	-0.799191	-0.585813	-0.134601	0.0	1.27141	1.56518	-0.167855	0.35827600000000004	
0	0.636097	0.6854640000000001	-0.35428699999999996	0.0	0.223181	0.27608299999999997	0.9348629999999999	0.0	0.738628	-0.673734	0.0226331	0.0	-3.35734	-1.49447	-1.3739	0.0	-0.563524	0.6382369999999999	0.5244939999999999	0.0	-0.22963899999999998	0.488856	-0.8415969999999999	0.0	-0.7935409999999999	-0.594705	-0.128918	0.0	1.20451	1.50594	-0.146583	0.35806	
0	0.651814	0.694286	-0.305132	0.0	0.18503599999999998	0.24459299999999998	0.951807	0.0	0.735459	-0.6768609999999999	0.0309618	0.0	-3.3515900000000003	-1.54263	-1.37566	0.0	-0.562813	0.638893	0.524459	0.0	-0.22910300000000003	0.489059	-0.841626	0.0	-0.7942	-0.5938329999999999	-0.128877	0.0	1.19195	1.4877799999999999	-0.144676	0.358051	
0	0.694435	0.681998	-0.229429	0.0	0.130667	0.194024	0.9722559999999999	0.0	0.707592	-0.705148	0.0456219	0.0	-3.30303	-1.91143	-1.35781	0.342773	-0.5649770000000001	0.6363770000000001	0.5251899999999999	0.0	-0.22970900000000002	0.49003599999999997	-0.840892	0.0	-0.7924859999999999	-0.595725	-0.130678	0.0	1.18224	1.45915	-0.122026	0.35831999999999997	
0	0.7477729999999999	0.62511	-0.223769	0.0	0.115027	0.209959	0.9709200000000001	0.0	0.6539149999999999	-0.751768	0.0850973	0.0	-3.2700099999999996	-2.31428	-1.33181	0.34522800000000003	-0.566296	0.635415	0.524935	0.0	-0.22950500000000001	0.490141	-0.840886	0.0	-0.791604	-0.596666	-0.131734	0.0	1.1753200000000001	1.43311	-0.11189600000000001	0.358435	
0	0.766825	0.6029180000000001	-0.220158	0.0	0.110823	0.213482	0.970641	0.0	0.632217	-0.76871	0.0968854	0.0	-3.34982	-2.59295	-1.38211	0.344657	-0.567112	0.634941	0.5246270000000001	0.0	-0.229237	0.49011499999999997	-0.840974	0.0	-0.791097	-0.59719	-0.13239800000000002	0.0	1.16913	1.40972	-0.106728	0.358367	
0	0.783615	0.576204	-0.23224099999999998	0.0	0.11368900000000001	0.234512	0.965443	0.0	0.610755	-0.782939	0.11825899999999999	0.0	-3.43749	-2.9044	-1.4616200000000001	0.344502	-0.567937	0.634265	0.524554	0.0	-0.230089	0.48955699999999996	-0.841067	0.0	-0.790258	-0.598366	-0.1321	0.0	1.16221	1.39262	-0.101189	0.358635	
0	0.794988	0.558236	-0.23741700000000002	0.0	0.113473	0.24761999999999998	0.962189	0.0	0.595917	-0.79187	0.13351	0.0	-3.4761	-3.06455	-1.49088	0.344965	-0.567679	0.634188	0.524925	0.0	-0.230461	0.48971099999999995	-0.840875	0.0	-0.790334	-0.598322	-0.13184300000000002	0.0	1.1610200000000002	1.38542	-0.101017	0.358575	
0	0.807326	0.540884	-0.23594400000000001	0.0	0.11713499999999999	0.244991	0.9624229999999999	0.0	0.578364	-0.8046270000000001	0.134432	0.0	-3.5487599999999997	-3.3052900000000003	-1.54698	0.34502	-0.568868	0.632428	0.5257609999999999	0.0	-0.23039899999999996	0.49113199999999996	-0.8400629999999999	0.0	-0.789497	-0.59902	-0.133679	0.0	1.15716	1.37974	-0.09650800000000001	0.35878699999999997	
0	0.809643	0.5368310000000001	-0.23725900000000003	0.0	0.120952	0.24295500000000003	0.962467	0.0	0.574325	-0.807952	0.131776	0.0	-3.5735	-3.3823	-1.5851600000000001	0.344993	-0.5690149999999999	0.632274	0.525787	0.0	-0.230352	0.49123500000000003	-0.840015	0.0	-0.789405	-0.5990979999999999	-0.133874	0.0	1.15496	1.37155	-0.09546929999999999	0.35864	
