0	0.0802812	0.757214	-0.6482140000000001	0.0	0.306667	0.600008	0.7388819999999999	0.0	0.948425	-0.258104	-0.184043	0.0	-2.75672	1.9598799999999998	1.3518700000000001	0.0129898	-0.11201400000000002	0.711549	-0.693651	0.0	0.27591	-0.6483270000000001	-0.7096100000000001	0.0	-0.954634	-0.27087100000000003	-0.12370199999999999	0.0	2.68424	1.9796599999999998	1.5156100000000001	3.94611e-05	
0	-0.101901	0.734536	-0.670875	0.0	0.0893922	0.678419	0.729217	0.0	0.99077	0.0143369	-0.134793	0.0	-2.79716	1.8681299999999998	1.41981	-0.00034526699999999996	-0.045032499999999996	0.685768	-0.726425	0.0	0.176285	-0.7102970000000001	-0.681471	0.0	-0.983309	-0.158746	-0.0889048	0.0	2.75568	1.9259	1.50627	0.0	
0	-0.0897658	0.740627	-0.6658930000000001	0.0	0.08841130000000001	0.671878	0.735366	0.0	0.992031	0.00713828	-0.12579100000000001	0.0	-2.82308	1.81213	1.43285	0.0	-0.0351343	0.669195	-0.742256	0.0	0.14611300000000002	-0.731294	-0.6662279999999999	0.0	-0.9886440000000001	-0.13186099999999998	-0.0720848	0.0	2.7608	1.91146	1.50294	0.0	
0	-0.054231100000000004	0.780403	-0.6229210000000001	0.0	0.129996	0.624047	0.770497	0.0	0.99003	-0.0391926	-0.135292	0.0	-2.8350400000000002	1.75814	1.4511	0.031644599999999995	0.00768179	0.617629	-0.786432	0.0	0.107156	-0.782435	-0.613444	0.0	-0.9942129999999999	-0.07955880000000001	-0.0721935	0.0	2.72988	1.9781900000000001	1.50108	0.118877	
0	-0.039443599999999995	0.797801	-0.601629	0.0	0.14394300000000002	0.6003539999999999	0.786674	0.0	0.9888	-0.05557080000000001	-0.138518	0.0	-2.82555	1.72485	1.4425700000000001	0.35584299999999996	0.0213614	0.617945	-0.785931	0.0	0.0951405	-0.7838	-0.613683	0.0	-0.9952350000000001	-0.061664699999999996	-0.07553480000000001	0.0	2.70133	2.02916	1.49173	0.362073	
0	-0.0417385	0.80371	-0.593555	0.0	0.148094	0.592487	0.79185	0.0	0.988092	-0.054851699999999996	-0.143755	0.0	-2.7581900000000004	1.71215	1.4400899999999999	0.36039499999999997	0.0235146	0.622635	-0.782159	0.0	0.107373	-0.779423	-0.617229	0.0	-0.993941	-0.0694692	-0.0851823	0.0	2.6851	2.0381	1.4759200000000001	0.36246799999999996	
0	-0.041849199999999996	0.806987	-0.589084	0.0	0.157172	0.587577	0.7937569999999999	0.0	0.986684	-0.059369399999999996	-0.151425	0.0	-2.7415	1.6905700000000001	1.42234	0.360075	0.0247246	0.627289	-0.7783939999999999	0.0	0.114477	-0.775287	-0.621149	0.0	-0.9931180000000001	-0.0737505	-0.09097910000000001	0.0	2.7008400000000004	2.0327900000000003	1.44969	0.362254	
0	-0.0445968	0.81025	-0.584386	0.0	0.168174	0.582708	0.79509	0.0	0.984748	-0.0628198	-0.16225	0.0	-2.75929	1.70878	1.39595	0.358783	0.0185798	0.63057	-0.77591	0.0	0.116585	-0.772117	-0.624695	0.0	-0.993007	-0.07885310000000001	-0.0878612	0.0	2.69787	2.01801	1.4499799999999998	0.36307399999999995	
0	-0.0364519	0.8112189999999999	-0.5836060000000001	0.0	0.20383199999999999	0.577752	0.790351	0.0	0.9783270000000001	-0.090148	-0.18641300000000002	0.0	-2.79127	1.7387700000000001	1.36535	0.358066	0.0138721	0.611953	-0.790772	0.0	0.164455	-0.781475	-0.601873	0.0	-0.986287	-0.121697	-0.11148	0.0	2.70507	2.0029	1.40963	0.362491	
0	0.059091399999999995	0.823433	-0.5643279999999999	0.0	0.35437199999999996	0.511193	0.783008	0.0	0.9332360000000001	-0.24625100000000003	-0.261594	0.0	-2.80943	1.7202	1.31461	0.35463	-0.05550990000000001	0.5863	-0.80819	0.0	0.283038	-0.766994	-0.575855	0.0	-0.957501	-0.260714	-0.12337000000000001	0.0	2.7149799999999997	1.94199	1.34735	0.361838	
0	0.16759100000000002	0.814602	-0.555281	0.0	0.5140279999999999	0.408422	0.7542989999999999	0.0	0.841242	-0.411843	-0.350281	0.0	-2.9039599999999997	1.55819	1.0953600000000001	0.352461	-0.171751	0.583863	-0.7934770000000001	0.0	0.42104600000000003	-0.684669	-0.594936	0.0	-0.8906299999999999	-0.436271	-0.12824000000000002	0.0	2.73758	1.7387099999999998	1.18662	0.361652	
0	0.20488299999999998	0.7427010000000001	-0.63751	0.0	0.688138	0.353883	0.633429	0.0	0.696052	-0.5684739999999999	-0.438576	0.0	-3.08081	1.37883	0.692997	0.35113	-0.285817	0.543725	-0.789096	0.0	0.58033	-0.557068	-0.594047	0.0	-0.762578	-0.627725	-0.15632000000000001	0.0	2.85144	1.41489	0.744414	0.363345	
0	0.187353	0.639691	-0.745449	0.0	0.8291290000000001	0.30395	0.46921199999999996	0.0	0.52673	-0.705982	-0.47343999999999997	0.0	-3.26038	1.10188	0.28486999999999996	0.350274	-0.199212	0.492829	-0.847015	0.0	0.723969	-0.5085069999999999	-0.46614300000000003	0.0	-0.660442	-0.706074	-0.255492	0.0	3.0030900000000003	1.1498	0.031785200000000007	0.363031	
0	0.172513	0.5977279999999999	-0.782918	0.0	0.8901870000000001	0.245653	0.383696	0.0	0.42167200000000005	-0.763135	-0.48971099999999995	0.0	-3.36772	0.8510989999999999	-0.13905499999999998	0.35039000000000003	-0.112997	0.44978500000000005	-0.8859600000000001	0.0	0.83111	-0.445863	-0.332358	0.0	-0.544506	-0.773886	-0.32344	0.0	3.19095	0.8259350000000001	-0.666821	0.361615	
0	0.142844	0.5837	-0.7993060000000001	0.0	0.936629	0.181286	0.299771	0.0	0.31987899999999997	-0.791473	-0.520814	0.0	-3.43454	0.684553	-0.624696	0.35085700000000003	-0.048920599999999995	0.39653	-0.916718	0.0	0.908545	-0.363603	-0.205763	0.0	-0.414912	-0.842945	-0.342478	0.0	3.3881900000000003	0.40062600000000004	-1.31398	0.36051300000000003	
0	0.127125	0.595936	-0.792906	0.0	0.9571559999999999	0.135979	0.255659	0.0	0.260175	-0.7914359999999999	-0.553117	0.0	-3.48679	0.61317	-1.0413700000000001	0.350531	-0.00382173	0.352907	-0.935651	0.0	0.940235	-0.31732899999999997	-0.12353	0.0	-0.340504	-0.8802040000000001	-0.33060300000000004	0.0	3.58816	0.0150916	-1.7925	0.360086	
0	0.09466669999999999	0.595507	-0.7977529999999999	0.0	0.9761610000000001	0.101694	0.191751	0.0	0.19531600000000002	-0.796888	-0.5716829999999999	0.0	-3.5445	0.5285880000000001	-1.40391	0.349972	-0.00664076	0.319395	-0.947599	0.0	0.9544739999999999	-0.280582	-0.101261	0.0	-0.298221	-0.9051309999999999	-0.302991	0.0	3.71863	-0.276506	-2.01911	0.35985500000000004	
0	0.0914993	0.5903470000000001	-0.8019470000000001	0.0	0.985542	0.0616374	0.15782100000000002	0.0	0.142599	-0.804793	-0.576172	0.0	-3.64	0.37498000000000004	-1.6677799999999998	0.34925900000000004	-0.018537599999999998	0.30817100000000003	-0.95115	0.0	0.956752	-0.270759	-0.10637200000000001	0.0	-0.29031399999999996	-0.9119870000000001	-0.28982399999999997	0.0	3.76723	-0.48013199999999995	-2.07298	0.35996999999999996	
0	0.0914014	0.5725	-0.8147939999999999	0.0	0.989411	0.04042659999999999	0.139395	0.0	0.11274300000000001	-0.8189069999999999	-0.562743	0.0	-3.7452199999999998	0.18981800000000001	-1.8336599999999998	0.348302	-0.0220711	0.303709	-0.952509	0.0	0.957096	-0.268925	-0.107924	0.0	-0.288931	-0.914024	-0.284744	0.0	3.7909	-0.6559	-2.05965	0.35993	
0	0.09662589999999999	0.572336	-0.814307	0.0	0.9894729999999999	0.033317900000000004	0.140829	0.0	0.107733	-0.819342	-0.563092	0.0	-3.8271	0.049862699999999996	-1.8820400000000002	0.34818699999999997	-0.017164	0.291902	-0.9562940000000001	0.0	0.953983	-0.28159	-0.103075	0.0	-0.299371	-0.914057	-0.273636	0.0	3.84915	-0.7697109999999999	-2.02874	0.359495	
0	0.116059	0.5629770000000001	-0.818283	0.0	0.9882559999999999	0.016996999999999998	0.151861	0.0	0.0994027	-0.826298	-0.554393	0.0	-3.88065	-0.0643715	-1.89037	0.347929	-0.014468100000000001	0.301423	-0.9533809999999999	0.0	0.952159	-0.286938	-0.10516800000000001	0.0	-0.305261	-0.909292	-0.282851	0.0	3.8742099999999997	-0.795852	-2.03896	0.35972800000000005	
0	0.11932100000000001	0.571643	-0.8117800000000001	0.0	0.987657	0.0152185	0.15589	0.0	0.10146799999999999	-0.820362	-0.562771	0.0	-3.9281	-0.07889600000000001	-1.9203700000000001	0.348012	-0.013644299999999998	0.308816	-0.951024	0.0	0.950565	-0.291082	-0.10815699999999999	0.0	-0.310226	-0.905486	-0.289578	0.0	3.89298	-0.793948	-2.0746700000000002	0.3595	
0	0.127046	0.5825859999999999	-0.802778	0.0	0.98636	0.011194299999999999	0.164223	0.0	0.10466099999999999	-0.812692	-0.573217	0.0	-3.97519	-0.0694882	-1.9677900000000002	0.348073	-0.010439299999999999	0.30530300000000005	-0.952198	0.0	0.9496870000000001	-0.29507	-0.10502	0.0	-0.313027	-0.905386	-0.286862	0.0	3.89598	-0.7844949999999999	-2.1324799999999997	0.359247	
0	0.148756	0.5881970000000001	-0.7949189999999999	0.0	0.9841409999999999	-0.00950368	0.17713399999999999	0.0	0.0966354	-0.808662	-0.580283	0.0	-4.02072	-0.08107339999999999	-1.9920900000000001	0.347855	-0.00594604	0.30086399999999996	-0.9536479999999999	0.0	0.947559	-0.30303	-0.10151	0.0	-0.319525	-0.904242	-0.283285	0.0	3.8990400000000003	-0.77035	-2.1734	0.358919	
0	0.157441	0.59277	-0.789833	0.0	0.9828100000000001	-0.0159607	0.18392999999999998	0.0	0.0964217	-0.805214	-0.585093	0.0	-4.062880000000001	-0.082717	-2.01032	0.347806	-0.00310057	0.299794	-0.9539989999999999	0.0	0.945333	-0.310216	-0.10055700000000001	0.0	-0.326092	-0.902159	-0.282443	0.0	3.8951	-0.75361	-2.2149799999999997	0.358271	
0	0.16304000000000002	0.59616	-0.786137	0.0	0.981986	-0.0209212	0.18779300000000002	0.0	0.09550750000000001	-0.802593	-0.588831	0.0	-4.0983	-0.07481	-2.01078	0.347908	-0.00133252	0.296792	-0.954941	0.0	0.9445969999999999	-0.313067	-0.0986181	0.0	-0.32823	-0.902166	-0.279932	0.0	3.85037	-0.7541359999999999	-2.20696	0.35475999999999996	
0	0.165734	0.599188	-0.783266	0.0	0.981232	-0.0208086	0.19170399999999999	0.0	0.0985681	-0.800338	-0.591392	0.0	-4.1168	-0.0716253	-2.0062599999999997	0.34788800000000003	-0.00106311	0.292427	-0.9562870000000001	0.0	0.9435979999999999	-0.316326	-0.0977794	0.0	-0.33109099999999997	-0.9024549999999999	-0.275597	0.0	3.8283	-0.756915	-2.20775	0.354099	
0	0.17190999999999998	0.604342	-0.777957	0.0	0.9788450000000001	-0.0158523	0.203987	0.0	0.110945	-0.796567	-0.594283	0.0	-4.15129	-0.0707345	-1.99091	0.347996	0.000280321	0.29236799999999996	-0.956306	0.0	0.938441	-0.330422	-0.100744	0.0	-0.345439	-0.897408	-0.274463	0.0	3.7408699999999997	-0.726356	-2.18721	0.354497	
0	0.177953	0.6027640000000001	-0.777822	0.0	0.9769950000000001	-0.013814600000000002	0.212815	0.0	0.117532	-0.7978	-0.591356	0.0	-4.16025	-0.08616950000000001	-1.9689400000000001	0.348041	0.0037474000000000006	0.298147	-0.954513	0.0	0.937774	-0.332484	-0.10017100000000001	0.0	-0.347225	-0.894742	-0.28084000000000003	0.0	3.71429	-0.688066	-2.2244099999999998	0.35451	
0	0.178269	0.602711	-0.777791	0.0	0.976924	-0.0139077	0.213133	0.0	0.11764000000000001	-0.797838	-0.591282	0.0	-4.16295	-0.08629210000000001	-1.9690299999999998	0.348061	0.00351179	0.298215	-0.954492	0.0	0.9378200000000001	-0.332295	-0.10037	0.0	-0.347105	-0.894789	-0.280839	0.0	3.71155	-0.689292	-2.22335	0.354576	
0	0.178266	0.602712	-0.777792	0.0	0.976925	-0.0139072	0.21312899999999999	0.0	0.11763900000000001	-0.797838	-0.591283	0.0	-4.16293	-0.086281	-1.9690400000000001	0.34806	0.00351381	0.298215	-0.954492	0.0	0.9378200000000001	-0.33229699999999995	-0.100368	0.0	-0.34710599999999997	-0.894789	-0.28084000000000003	0.0	3.71158	-0.6893090000000001	-2.22333	0.354577	
0	0.178266	0.602712	-0.777792	0.0	0.976925	-0.0139072	0.21312899999999999	0.0	0.11763900000000001	-0.797838	-0.591283	0.0	-4.16293	-0.0862812	-1.9690400000000001	0.348061	0.00351369	0.298215	-0.954492	0.0	0.9378200000000001	-0.33229699999999995	-0.100368	0.0	-0.34710599999999997	-0.894789	-0.28084000000000003	0.0	3.71158	-0.6893090000000001	-2.22333	0.354576	
0	0.178266	0.602712	-0.777792	0.0	0.976925	-0.013907399999999999	0.21312899999999999	0.0	0.11763900000000001	-0.797838	-0.591284	0.0	-4.16293	-0.0862811	-1.9690400000000001	0.34806	0.00351393	0.298215	-0.954492	0.0	0.9378190000000001	-0.33229699999999995	-0.100368	0.0	-0.34710599999999997	-0.894789	-0.280839	0.0	3.71158	-0.6893090000000001	-2.22333	0.354576	
0	0.178266	0.602712	-0.777792	0.0	0.976925	-0.013907399999999999	0.21312899999999999	0.0	0.11763900000000001	-0.797838	-0.591284	0.0	-4.16293	-0.0862813	-1.9690400000000001	0.348061	0.00351393	0.298215	-0.954492	0.0	0.9378190000000001	-0.33229699999999995	-0.100368	0.0	-0.34710599999999997	-0.894789	-0.280839	0.0	3.71158	-0.6893090000000001	-2.22333	0.354576	
0	0.178266	0.602712	-0.777792	0.0	0.976925	-0.0139072	0.21312899999999999	0.0	0.11763900000000001	-0.797838	-0.591283	0.0	-4.16293	-0.086281	-1.9690400000000001	0.34806	0.00351393	0.298215	-0.954492	0.0	0.9378190000000001	-0.33229699999999995	-0.100368	0.0	-0.34710599999999997	-0.894789	-0.280839	0.0	3.71158	-0.6893090000000001	-2.22333	0.354576	
0	0.178266	0.602712	-0.777792	0.0	0.976925	-0.0139072	0.21313000000000001	0.0	0.11763900000000001	-0.797838	-0.591283	0.0	-4.16293	-0.086281	-1.9690400000000001	0.348061	0.00351393	0.298215	-0.954492	0.0	0.9378190000000001	-0.33229699999999995	-0.100368	0.0	-0.34710599999999997	-0.894789	-0.280839	0.0	3.71158	-0.6893090000000001	-2.22333	0.354576	
0	0.178266	0.602712	-0.777792	0.0	0.976925	-0.0139072	0.21312899999999999	0.0	0.11763900000000001	-0.797838	-0.591283	0.0	-4.16293	-0.0862807	-1.9690400000000001	0.348061	0.00351393	0.298215	-0.954492	0.0	0.9378190000000001	-0.33229699999999995	-0.100368	0.0	-0.34710599999999997	-0.894789	-0.280839	0.0	3.71158	-0.6893090000000001	-2.22333	0.354576	
0	0.178266	0.602712	-0.777792	0.0	0.976925	-0.0139072	0.21313000000000001	0.0	0.11763900000000001	-0.797838	-0.591283	0.0	-4.16293	-0.086281	-1.9690400000000001	0.34806	0.00351393	0.298215	-0.954492	0.0	0.9378190000000001	-0.33229699999999995	-0.100368	0.0	-0.34710599999999997	-0.894789	-0.280839	0.0	3.71158	-0.6893090000000001	-2.22333	0.354576	
0	0.178266	0.602712	-0.777792	0.0	0.976925	-0.0139072	0.21312899999999999	0.0	0.11763900000000001	-0.797838	-0.591283	0.0	-4.16293	-0.0862811	-1.9690400000000001	0.348061	0.00351393	0.298215	-0.954492	0.0	0.9378190000000001	-0.33229699999999995	-0.100368	0.0	-0.34710599999999997	-0.894789	-0.280839	0.0	3.71158	-0.6893090000000001	-2.22333	0.354576	
0	0.178266	0.602712	-0.777792	0.0	0.976925	-0.0139072	0.21312899999999999	0.0	0.11763900000000001	-0.797838	-0.591283	0.0	-4.16293	-0.0862808	-1.9690400000000001	0.348061	0.00351393	0.298215	-0.954492	0.0	0.9378190000000001	-0.33229699999999995	-0.100368	0.0	-0.34710599999999997	-0.894789	-0.280839	0.0	3.71158	-0.6893090000000001	-2.22333	0.354576	
0	0.178266	0.602712	-0.777792	0.0	0.976925	-0.0139072	0.21312899999999999	0.0	0.11763900000000001	-0.797838	-0.591283	0.0	-4.16293	-0.0862809	-1.9690400000000001	0.34806	0.00351393	0.298215	-0.954492	0.0	0.9378190000000001	-0.33229699999999995	-0.100368	0.0	-0.34710599999999997	-0.894789	-0.280839	0.0	3.71158	-0.6893090000000001	-2.22333	0.354576	
0	0.178266	0.602712	-0.777792	0.0	0.976925	-0.0139072	0.21312899999999999	0.0	0.11763900000000001	-0.797838	-0.591283	0.0	-4.16293	-0.0862808	-1.9690400000000001	0.348061	0.00351393	0.298215	-0.954492	0.0	0.9378190000000001	-0.33229699999999995	-0.100368	0.0	-0.34710599999999997	-0.894789	-0.280839	0.0	3.71158	-0.6893090000000001	-2.22333	0.354576	
0	0.178266	0.602712	-0.777792	0.0	0.976925	-0.0139072	0.21313000000000001	0.0	0.11763900000000001	-0.797838	-0.591283	0.0	-4.16293	-0.0862807	-1.9690400000000001	0.348061	0.00351393	0.298215	-0.954492	0.0	0.9378190000000001	-0.33229699999999995	-0.100368	0.0	-0.34710599999999997	-0.894789	-0.280839	0.0	3.71158	-0.6893090000000001	-2.22333	0.354576	
0	0.178266	0.602712	-0.777792	0.0	0.976925	-0.013907399999999999	0.21312899999999999	0.0	0.11763900000000001	-0.797838	-0.591284	0.0	-4.16293	-0.0862813	-1.9690400000000001	0.348061	0.00351393	0.298215	-0.954492	0.0	0.9378190000000001	-0.33229699999999995	-0.100368	0.0	-0.34710599999999997	-0.894789	-0.280839	0.0	3.71158	-0.6893090000000001	-2.22333	0.354576	
0	0.178266	0.602712	-0.777792	0.0	0.976925	-0.013907399999999999	0.21312899999999999	0.0	0.11763900000000001	-0.797838	-0.591284	0.0	-4.16293	-0.0862808	-1.9690400000000001	0.348061	0.00351393	0.298215	-0.954492	0.0	0.9378190000000001	-0.33229699999999995	-0.100368	0.0	-0.34710599999999997	-0.894789	-0.280839	0.0	3.71158	-0.6893090000000001	-2.22333	0.354576	
0	0.178266	0.602712	-0.777792	0.0	0.976925	-0.013907399999999999	0.21313000000000001	0.0	0.11763900000000001	-0.797838	-0.591284	0.0	-4.16293	-0.0862808	-1.9690400000000001	0.348061	0.00351393	0.298215	-0.954492	0.0	0.9378190000000001	-0.33229699999999995	-0.100368	0.0	-0.34710599999999997	-0.894789	-0.280839	0.0	3.71158	-0.6893090000000001	-2.22333	0.354576	
0	0.174032	0.611023	-0.772246	0.0	0.972633	0.0159374	0.23180100000000003	0.0	0.153943	-0.791452	-0.5915279999999999	0.0	-4.21126	-0.102914	-1.9951299999999998	0.351174	0.003694	0.309102	-0.9510219999999999	0.0	0.9323530000000001	-0.344893	-0.108476	0.0	-0.361531	-0.886287	-0.289466	0.0	3.6535599999999997	-0.68882	-2.22341	0.353528	
0	0.15366400000000002	0.641983	-0.751162	0.0	0.925097	0.173681	0.337683	0.0	0.34725	-0.746788	-0.567209	0.0	-4.1348199999999995	-0.264712	-2.11369	0.352114	-0.00304538	0.37719	-0.9261309999999999	0.0	0.8915219999999999	-0.418487	-0.173371	0.0	-0.45296800000000004	-0.8261940000000001	-0.334999	0.0	3.52227	-0.6607970000000001	-2.28267	0.353504	
0	0.17258199999999999	0.616368	-0.768314	0.0	0.923057	0.171032	0.344549	0.0	0.343775	-0.76866	-0.5394260000000001	0.0	-4.09781	-0.476578	-2.23815	0.35330700000000004	-0.0210777	0.38410700000000003	-0.923048	0.0	0.883985	-0.42413199999999995	-0.196679	0.0	-0.46703999999999996	-0.8201069999999999	-0.33060500000000004	0.0	3.4395	-0.691299	-2.3900200000000003	0.353688	
0	0.187462	0.570525	-0.7996	0.0	0.9229379999999999	0.176327	0.34219	0.0	0.336219	-0.802129	-0.493505	0.0	-4.02997	-0.716616	-2.41045	0.353978	-0.030762900000000003	0.391949	-0.919473	0.0	0.86805	-0.445575	-0.21898	0.0	-0.49552299999999994	-0.8048850000000001	-0.326524	0.0	3.31475	-0.709704	-2.55035	0.35382199999999997	
0	0.213254	0.512595	-0.831727	0.0	0.9261510000000001	0.164993	0.33915	0.0	0.311075	-0.8426290000000001	-0.43955500000000003	0.0	-3.92686	-0.9631049999999999	-2.62901	0.353932	-0.0469177	0.417908	-0.907277	0.0	0.850836	-0.459136	-0.255485	0.0	-0.523333	-0.783931	-0.33403	0.0	3.17397	-0.730301	-2.78534	0.353865	
0	0.23233800000000002	0.443618	-0.865577	0.0	0.9337280000000001	0.147456	0.326204	0.0	0.272345	-0.8840020000000001	-0.379959	0.0	-3.8284800000000003	-1.23055	-2.82823	0.353555	-0.061127	0.419882	-0.905518	0.0	0.8310350000000001	-0.48108500000000004	-0.279175	0.0	-0.552852	-0.769582	-0.319529	0.0	3.0135099999999997	-0.813222	-2.99458	0.354206	
0	0.263826	0.378163	-0.88735	0.0	0.942903	0.09278389999999999	0.319885	0.0	0.2033	-0.9210780000000001	-0.332092	0.0	-3.7507300000000003	-1.50014	-3.02501	0.352853	-0.064054	0.411422	-0.909192	0.0	0.8113239999999999	-0.5090180000000001	-0.28749600000000003	0.0	-0.5810770000000001	-0.7560640000000001	-0.301192	0.0	2.81861	-0.912121	-3.16178	0.354636	
0	0.285669	0.306605	-0.907957	0.0	0.9492889999999999	0.039287199999999994	0.31194	0.0	0.13131400000000001	-0.951026	-0.279834	0.0	-3.71705	-1.7947	-3.23017	0.352017	-0.0691367	0.407621	-0.910531	0.0	0.799242	-0.523584	-0.295081	0.0	-0.59702	-0.748135	-0.289589	0.0	2.66826	-0.9916370000000001	-3.3313900000000003	0.35476599999999997	
0	0.310332	0.24951700000000002	-0.917298	0.0	0.947525	-0.00328475	0.31966500000000003	0.0	0.0767487	-0.9683649999999999	-0.237443	0.0	-3.6256199999999996	-1.9793	-3.36424	0.3518	-0.07139989999999999	0.404605	-0.9117	0.0	0.793728	-0.530504	-0.297594	0.0	-0.604068	-0.7448899999999999	-0.283269	0.0	2.57702	-1.03177	-3.44211	0.35461	
0	0.354989	0.155695	-0.9218149999999999	0.0	0.934866	-0.0623477	0.349484	0.0	-0.00305977	-0.985836	-0.167687	0.0	-3.5644699999999996	-2.18973	-3.42124	0.350821	-0.0724365	0.402999	-0.9123290000000001	0.0	0.786982	-0.538846	-0.300506	0.0	-0.6127090000000001	-0.739754	-0.278121	0.0	2.5136700000000003	-1.05233	-3.53681	0.354572	
0	0.378004	0.073744	-0.9228620000000001	0.0	0.9238040000000001	-0.0955271	0.370757	0.0	-0.0608172	-0.992692	-0.104235	0.0	-3.5143800000000005	-2.38841	-3.48504	0.350288	-0.07128419999999999	0.401914	-0.912899	0.0	0.778738	-0.549479	-0.302722	0.0	-0.623287	-0.732488	-0.27381700000000003	0.0	2.4369099999999997	-1.04148	-3.58808	0.354508	
0	0.40782399999999996	0.00641623	-0.9130379999999999	0.0	0.9080879999999999	-0.107071	0.404861	0.0	-0.095162	-0.994231	-0.0494926	0.0	-3.49591	-2.55381	-3.50293	0.34975500000000004	-0.0707595	0.404095	-0.911976	0.0	0.774514	-0.553884	-0.305519	0.0	-0.628587	-0.727956	-0.273784	0.0	2.40288	-1.0304200000000001	-3.6181400000000004	0.354604	
0	0.46454799999999996	-0.110703	-0.8786010000000001	0.0	0.870909	-0.12254000000000001	0.475922	0.0	-0.16035	-0.9862700000000001	0.039486099999999996	0.0	-3.4820699999999998	-2.74039	-3.46982	0.348773	-0.062791	0.412049	-0.9089959999999999	0.0	0.772026	-0.557146	-0.305884	0.0	-0.632482	-0.720975	-0.28312800000000005	0.0	2.38015	-1.02187	-3.6636800000000003	0.354227	
0	0.486512	-0.18340399999999998	-0.8542059999999999	0.0	0.852281	-0.115406	0.5101939999999999	0.0	-0.192153	-0.97624	0.100165	0.0	-3.5222300000000004	-2.87368	-3.42755	0.348368	-0.0592649	0.413401	-0.908618	0.0	0.767642	-0.5629890000000001	-0.306217	0.0	-0.638133	-0.715641	-0.283979	0.0	2.36076	-1.0221200000000001	-3.7013599999999998	0.354452	
0	0.481073	-0.237431	-0.843917	0.0	0.856806	-0.0764757	0.509937	0.0	-0.185614	-0.96839	0.166642	0.0	-3.53985	-2.94913	-3.3280800000000004	0.34788600000000003	-0.05749119999999999	0.415138	-0.90794	0.0	0.76422	-0.5668850000000001	-0.30758800000000003	0.0	-0.642389	-0.711549	-0.284666	0.0	2.3370599999999997	-1.0313	-3.7211199999999995	0.35459	
0	0.48437600000000003	-0.26556399999999997	-0.8335799999999999	0.0	0.8589469999999999	-0.0365476	0.510759	0.0	-0.166104	-0.9634	0.210402	0.0	-3.5625199999999997	-2.97513	-3.2269099999999997	0.348074	-0.0574802	0.415472	-0.9077879999999999	0.0	0.76044	-0.5709380000000001	-0.309454	0.0	-0.64686	-0.708106	-0.283124	0.0	2.32599	-1.03169	-3.76476	0.354523	
0	0.48416800000000004	-0.308083	-0.8189420000000001	0.0	0.8645379999999999	0.024308700000000003	0.50198	0.0	-0.134744	-0.951049	0.278119	0.0	-3.56072	-3.00575	-3.10544	0.348036	-0.057388	0.41598100000000005	-0.9075610000000001	0.0	0.758013	-0.573445	-0.31077	0.0	-0.64971	-0.7057770000000001	-0.28241	0.0	2.32415	-1.03421	-3.8213	0.354664	
0	0.484591	-0.318287	-0.814779	0.0	0.86941	0.07257860000000001	0.488731	0.0	-0.0964212	-0.945212	0.311893	0.0	-3.5497199999999998	-2.9721900000000003	-2.96431	0.348254	-0.056877699999999996	0.414278	-0.9083709999999999	0.0	0.755839	-0.57657	-0.310281	0.0	-0.6522819999999999	-0.704231	-0.280334	0.0	2.31493	-1.0374299999999999	-3.8515900000000003	0.35465599999999997	
0	0.479605	-0.31904899999999997	-0.817427	0.0	0.8760049999999999	0.120012	0.467133	0.0	-0.0509374	-0.940109	0.337047	0.0	-3.49914	-2.88314	-2.8429900000000004	0.348729	-0.056075099999999996	0.41349300000000005	-0.9087790000000001	0.0	0.753214	-0.579956	-0.310355	0.0	-0.655381	-0.701908	-0.278928	0.0	2.2845	-1.0479	-3.87186	0.354592	
0	0.47565	-0.32105500000000003	-0.818951	0.0	0.878857	0.134299	0.457793	0.0	-0.036992000000000004	-0.9374899999999999	0.346041	0.0	-3.4906699999999997	-2.8677799999999998	-2.82195	0.348669	-0.0561227	0.41305299999999995	-0.908976	0.0	0.752397	-0.580962	-0.31045300000000003	0.0	-0.6563140000000001	-0.701335	-0.278175	0.0	2.2781	-1.0504	-3.87592	0.354637	
0	0.46026300000000003	-0.312023	-0.8311440000000001	0.0	0.8876299999999999	0.179078	0.42431499999999994	0.0	0.0164432	-0.9330450000000001	0.35938400000000004	0.0	-3.4503199999999996	-2.70853	-2.7049	0.34879699999999997	-0.054457500000000006	0.40992399999999996	-0.910493	0.0	0.747943	-0.587359	-0.309177	0.0	-0.6615260000000001	-0.697833	-0.27461399999999997	0.0	2.24572	-1.06049	-3.90107	0.354698	
0	0.453272	-0.299888	-0.839411	0.0	0.887856	0.235458	0.395311	0.0	0.07909730000000001	-0.9244600000000001	0.37298400000000004	0.0	-3.5057300000000002	-2.61505	-2.6042	0.349025	-0.052646000000000005	0.40624499999999997	-0.9122459999999999	0.0	0.744926	-0.5924149999999999	-0.306807	0.0	-0.665067	-0.695708	-0.271434	0.0	2.20085	-1.0717	-3.9165900000000002	0.35465599999999997	
0	0.440967	-0.28568000000000005	-0.850844	0.0	0.892496	0.23976599999999998	0.38205100000000003	0.0	0.0948591	-0.927847	0.360697	0.0	-3.50369	-2.59871	-2.53823	0.349256	-0.0494906	0.403697	-0.9135530000000001	0.0	0.743041	-0.596334	-0.303772	0.0	-0.6674140000000001	-0.6938409999999999	-0.27045	0.0	2.16292	-1.06675	-3.9228699999999996	0.354523	
0	0.43688699999999997	-0.282022	-0.8541620000000001	0.0	0.893407	0.246527	0.37556300000000004	0.0	0.104657	-0.9271940000000001	0.359665	0.0	-3.5961	-2.7042900000000003	-2.50736	0.349298	-0.049893900000000005	0.399522	-0.915365	0.0	0.740112	-0.6006130000000001	-0.30248600000000003	0.0	-0.6706300000000001	-0.692565	-0.26572399999999996	0.0	2.13414	-1.072	-3.9346400000000004	0.354616	
0	0.430443	-0.273887	-0.8600610000000001	0.0	0.8955850000000001	0.248308	0.369149	0.0	0.112455	-0.929155	0.352172	0.0	-3.6478800000000002	-2.8696900000000003	-2.4710400000000003	0.349122	-0.04843	0.39467199999999997	-0.917545	0.0	0.7373310000000001	-0.6055619999999999	-0.299394	0.0	-0.673793	-0.691034	-0.261677	0.0	2.10987	-1.0659100000000001	-3.9302900000000003	0.35451	
0	0.42721400000000004	-0.272662	-0.862058	0.0	0.89613	0.254406	0.363633	0.0	0.120164	-0.9278649999999999	0.353026	0.0	-3.6914599999999997	-3.05789	-2.43665	0.349206	-0.0476216	0.393541	-0.9180729999999999	0.0	0.736707	-0.6068399999999999	-0.298342	0.0	-0.6745329999999999	-0.690558	-0.26102600000000004	0.0	2.09882	-1.0646799999999998	-3.91879	0.354444	
0	0.42721099999999995	-0.261732	-0.865441	0.0	0.894165	0.264175	0.36149699999999996	0.0	0.13401300000000002	-0.9282819999999999	0.34689000000000003	0.0	-3.70614	-3.23184	-2.4173	0.34915799999999997	-0.0479091	0.39323	-0.918191	0.0	0.735448	-0.608133	-0.29881599999999997	0.0	-0.6758850000000001	-0.6895979999999999	-0.260065	0.0	2.09507	-1.06713	-3.9193300000000004	0.35454600000000003	
0	0.430228	-0.246202	-0.868498	0.0	0.891264	0.268638	0.36535300000000004	0.0	0.14336	-0.9312459999999999	0.335007	0.0	-3.71032	-3.3778699999999997	-2.4262799999999998	0.349518	-0.047771499999999995	0.393911	-0.917906	0.0	0.7336739999999999	-0.609761	-0.29985700000000004	0.0	-0.677821	-0.687768	-0.259873	0.0	2.08934	-1.07364	-3.9079	0.354398	
0	0.4266	-0.22832	-0.8751469999999999	0.0	0.888126	0.288707	0.357605	0.0	0.171013	-0.929795	0.325939	0.0	-3.6707199999999998	-3.46365	-2.47059	0.349727	-0.0503838	0.39452600000000004	-0.9175030000000001	0.0	0.732627	-0.6097520000000001	-0.302425	0.0	-0.678763	-0.6874239999999999	-0.258319	0.0	2.07392	-1.08169	-3.90814	0.354571	
0	0.417996	-0.202207	-0.885659	0.0	0.886969	0.301589	0.349758	0.0	0.196381	-0.9317489999999999	0.30541399999999996	0.0	-3.60008	-3.51539	-2.5156	0.350135	-0.054424900000000005	0.392326	-0.918215	0.0	0.731513	-0.610255	-0.304102	0.0	-0.679652	-0.688237	-0.253778	0.0	2.06393	-1.10154	-3.9123900000000003	0.354469	
0	0.410772	-0.183996	-0.8929790000000001	0.0	0.886805	0.308116	0.344445	0.0	0.21176399999999998	-0.933386	0.289734	0.0	-3.5209699999999997	-3.54981	-2.5535	0.350464	-0.053386	0.391597	-0.918587	0.0	0.73132	-0.611039	-0.30299	0.0	-0.679942	-0.687956	-0.253762	0.0	2.05743	-1.10388	-3.9063800000000004	0.35433000000000003	
0	0.396242	-0.16681400000000002	-0.9028649999999999	0.0	0.8866700000000001	0.324797	0.329125	0.0	0.23834499999999997	-0.9309569999999999	0.276607	0.0	-3.4554099999999996	-3.57829	-2.57881	0.350633	-0.0530577	0.392419	-0.9182549999999999	0.0	0.73095	-0.61125	-0.303454	0.0	-0.680365	-0.6873	-0.254407	0.0	2.0515	-1.10938	-3.8986099999999997	0.354376	
0	0.393964	-0.145952	-0.9074639999999999	0.0	0.8862549999999999	0.322002	0.332967	0.0	0.243608	-0.935421	0.256208	0.0	-3.45085	-3.5803199999999995	-2.59164	0.349667	-0.054649300000000005	0.392152	-0.918276	0.0	0.728788	-0.612987	-0.30515	0.0	-0.682556	-0.685904	-0.252296	0.0	2.0508900000000003	-1.12534	-3.8787300000000005	0.354389	
0	0.393901	-0.143351	-0.907905	0.0	0.8859020000000001	0.322486	0.333437	0.0	0.244988	-0.935657	0.25402199999999997	0.0	-3.4494800000000003	-3.58687	-2.59852	0.349594	-0.0544668	0.392755	-0.9180290000000001	0.0	0.728804	-0.612831	-0.305424	0.0	-0.682553	-0.6856979999999999	-0.252863	0.0	2.04981	-1.1282	-3.8727199999999997	0.354373	
0	0.400941	-0.13604000000000002	-0.905947	0.0	0.882925	0.321114	0.342533	0.0	0.24431399999999998	-0.937219	0.248861	0.0	-3.4506099999999997	-3.5874699999999997	-2.6021099999999997	0.349448	-0.055028999999999995	0.389896	-0.919214	0.0	0.725597	-0.616803	-0.30506300000000003	0.0	-0.685916	-0.683766	-0.24896500000000002	0.0	2.04793	-1.1604299999999999	-3.8383	0.354469	
0	0.406641	-0.132306	-0.903957	0.0	0.8845959999999999	0.304309	0.353392	0.0	0.22832600000000003	-0.943341	0.24078200000000002	0.0	-3.43729	-3.58684	-2.59462	0.349535	-0.0551023	0.388086	-0.919975	0.0	0.724699	-0.618273	-0.304221	0.0	-0.686859	-0.6834680000000001	-0.247178	0.0	2.0292	-1.16469	-3.83373	0.354272	
0	0.41448500000000005	-0.116753	-0.902536	0.0	0.892589	0.245525	0.378156	0.0	0.17744400000000002	-0.962334	0.205979	0.0	-3.39985	-3.59056	-2.56148	0.34374299999999997	-0.055525599999999994	0.388808	-0.919644	0.0	0.723942	-0.6186470000000001	-0.305261	0.0	-0.687623	-0.682719	-0.24712399999999998	0.0	2.01569	-1.16841	-3.83382	0.354114	
0	0.42977600000000005	-0.11618699999999998	-0.8954290000000001	0.0	0.888935	0.228404	0.397022	0.0	0.158391	-0.966608	0.20144600000000001	0.0	-3.38867	-3.59289	-2.5573200000000003	0.342999	-0.0560273	0.388937	-0.919559	0.0	0.72251	-0.619857	-0.306196	0.0	-0.689086	-0.681546	-0.24628200000000003	0.0	2.01415	-1.18214	-3.8395599999999996	0.354134	
0	0.45275299999999996	-0.108476	-0.8850129999999999	0.0	0.882325	0.197578	0.42716099999999996	0.0	0.128522	-0.974267	0.185165	0.0	-3.3668699999999996	-3.59631	-2.53823	0.343937	-0.0562888	0.39114499999999996	-0.9186059999999999	0.0	0.722542	-0.619002	-0.307847	0.0	-0.689032	-0.68106	-0.24777600000000002	0.0	2.01668	-1.19214	-3.8436	0.354243	
0	0.490314	-0.09278739999999999	-0.866592	0.0	0.8651110000000001	0.172413	0.471016	0.0	0.105708	-0.9806450000000001	0.16480799999999998	0.0	-3.35353	-3.6013599999999997	-2.50637	0.34478600000000004	-0.0562823	0.391759	-0.9183450000000001	0.0	0.721854	-0.619477	-0.308504	0.0	-0.689753	-0.6802739999999999	-0.247927	0.0	2.01898	-1.20133	-3.8461	0.35426199999999997	
0	0.518562	-0.0917923	-0.8500979999999999	0.0	0.8506520000000001	0.15598299999999998	0.502057	0.0	0.086516	-0.983485	0.15897	0.0	-3.38217	-3.5959	-2.51701	0.287644	-0.056611199999999993	0.389891	-0.919119	0.0	0.720086	-0.621736	-0.308093	0.0	-0.6915720000000001	-0.679286	-0.245558	0.0	2.01883	-1.2056799999999999	-3.84205	0.35426399999999997	
0	0.53784	-0.094138	-0.837774	0.0	0.841094	0.12750799999999998	0.525644	0.0	0.0573395	-0.98736	0.147758	0.0	-3.40844	-3.58595	-2.55036	0.158121	-0.0548729	0.387775	-0.920119	0.0	0.718136	-0.624921	-0.306194	0.0	-0.693736	-0.677573	-0.244184	0.0	2.0167	-1.21109	-3.8375800000000004	0.35417600000000005	
0	0.544385	-0.0901193	-0.833981	0.0	0.837182	0.120774	0.533423	0.0	0.052651800000000006	-0.9885809999999999	0.14119400000000001	0.0	-3.40556	-3.58574	-2.54408	0.157778	-0.053377999999999995	0.387691	-0.920243	0.0	0.716996	-0.626545	-0.30554699999999996	0.0	-0.6950310000000001	-0.6761189999999999	-0.244529	0.0	2.01093	-1.21495	-3.83209	0.35413	
0	0.552605	-0.06655470000000001	-0.830782	0.0	0.8309489999999999	0.12105899999999999	0.543018	0.0	0.0644329	-0.9904120000000001	0.122201	0.0	-3.4085	-3.5794599999999996	-2.53135	0.157681	-0.053372	0.387261	-0.920424	0.0	0.714917	-0.628706	-0.305978	0.0	-0.6971689999999999	-0.674357	-0.243304	0.0	2.00391	-1.22233	-3.83339	0.35422800000000004	
0	0.545137	-0.050127	-0.8368469999999999	0.0	0.8345229999999999	0.127683	0.535974	0.0	0.07998430000000001	-0.990548	0.111437	0.0	-3.40374	-3.57596	-2.55203	0.157533	-0.0534851	0.385778	-0.92104	0.0	0.7140479999999999	-0.630001	-0.305342	0.0	-0.698051	-0.673998	-0.241769	0.0	2.0034799999999997	-1.22642	-3.82916	0.35435700000000003	
0	0.54581	-0.031993	-0.837298	0.0	0.831434	0.144672	0.536459	0.0	0.10397100000000001	-0.9889620000000001	0.105564	0.0	-3.37201	-3.5733800000000002	-2.59605	0.15747	-0.053825599999999994	0.387982	-0.9200940000000001	0.0	0.714187	-0.629025	-0.307025	0.0	-0.697882	-0.6736449999999999	-0.243234	0.0	2.00318	-1.2272100000000001	-3.8315599999999996	0.354483	
0	0.5518149999999999	-0.00805461	-0.8339280000000001	0.0	0.822709	0.169009	0.542759	0.0	0.13657	-0.985582	0.09988810000000001	0.0	-3.3462	-3.57195	-2.62165	0.15748499999999999	-0.0542484	0.386284	-0.920784	0.0	0.714175	-0.629467	-0.306147	0.0	-0.697862	-0.674208	-0.241727	0.0	2.00179	-1.22946	-3.8298300000000003	0.35432600000000003	
0	0.537003	0.026450599999999998	-0.843166	0.0	0.8261459999999999	0.185665	0.531988	0.0	0.17061800000000002	-0.9822569999999999	0.0778506	0.0	-3.2450200000000002	-3.56788	-2.6797400000000002	0.157556	-0.05585319999999999	0.379458	-0.923522	0.0	0.712383	-0.63294	-0.303147	0.0	-0.699565	-0.674832	-0.23496799999999998	0.0	1.99993	-1.23527	-3.8214	0.354566	
0	0.528621	0.027604200000000002	-0.848409	0.0	0.831926	0.181779	0.524266	0.0	0.168695	-0.982952	0.0731274	0.0	-3.1846799999999997	-3.5603800000000003	-2.71235	0.157699	-0.057835500000000005	0.377342	-0.924266	0.0	0.711759	-0.633608	-0.303216	0.0	-0.7000390000000001	-0.675391	-0.23193200000000003	0.0	1.98574	-1.24481	-3.80007	0.354402	
0	0.522556	0.0346763	-0.8519	0.0	0.8359770000000001	0.175534	0.519934	0.0	0.167567	-0.9838629999999999	0.0627375	0.0	-3.2200900000000003	-3.3622099999999997	-2.72288	0.157805	-0.0611196	0.375603	-0.9247629999999999	0.0	0.710789	-0.634074	-0.304514	0.0	-0.700745	-0.6759229999999999	-0.22821999999999998	0.0	1.9777900000000002	-1.2496	-3.7967400000000002	0.354568	
0	0.517192	0.0400341	-0.8549329999999999	0.0	0.843146	0.14777	0.516981	0.0	0.14703	-0.9882110000000001	0.0426708	0.0	-3.26966	-3.03107	-2.74392	0.15781199999999998	-0.0634319	0.372897	-0.925702	0.0	0.710282	-0.63472	-0.304352	0.0	-0.701054	-0.6768149999999999	-0.2246	0.0	1.9536900000000001	-1.26538	-3.7934	0.354719	
0	0.5156149999999999	0.047439499999999996	-0.855506	0.0	0.8467610000000001	0.12433599999999999	0.517239	0.0	0.130907	-0.9911059999999999	0.0239394	0.0	-3.32931	-2.68729	-2.7499	0.157726	-0.06292769999999999	0.35767600000000005	-0.931723	0.0	0.712495	-0.6376229999999999	-0.292896	0.0	-0.69885	-0.68228	-0.214718	0.0	1.91294	-1.32502	-3.81737	0.355039	
0	0.517334	0.049051	-0.854377	0.0	0.847208	0.111624	0.519402	0.0	0.12084600000000001	-0.992539	0.016190299999999998	0.0	-3.36901	-2.55038	-2.74653	0.15773299999999998	-0.06287190000000001	0.352754	-0.933602	0.0	0.711921	-0.639737	-0.289663	0.0	-0.699439	-0.682862	-0.210912	0.0	1.9006	-1.3498299999999999	-3.82551	0.355009	
0	0.517574	0.0537034	-0.853952	0.0	0.849341	0.08861820000000001	0.520353	0.0	0.10362	-0.994617	0.00025391599999999997	0.0	-3.52124	-2.28726	-2.7382	0.157814	-0.0664112	0.342378	-0.937212	0.0	0.708968	-0.644746	-0.285773	0.0	-0.702106	-0.6834319999999999	-0.199916	0.0	1.8473099999999998	-1.39331	-3.8197400000000004	0.355383	
1	0.50903	0.0804732	-0.856979	0.0	0.856216	0.0546999	0.513713	0.0	0.0882169	-0.9952549999999999	-0.0410587	0.0	-3.81946	-1.83863	-2.6223799999999997	0.157817	-0.0820909	0.32457199999999997	-0.942292	0.0	0.703067	-0.651262	-0.285577	0.0	-0.7063689999999999	-0.685938	-0.174733	0.0	1.7128900000000002	-1.43909	-3.80418	0.35570100000000004	
1	0.519563	0.127063	-0.844931	0.0	0.8458979999999999	0.0629209	0.52962	0.0	0.120459	-0.9898969999999999	-0.0747908	0.0	-3.90215	-1.60317	-2.5547400000000002	0.157814	-0.08213510000000002	0.314971	-0.945541	0.0	0.702836	-0.654346	-0.279023	0.0	-0.706595	-0.687477	-0.167628	0.0	1.6438099999999998	-1.45154	-3.8168900000000003	0.355919	
1	0.524709	0.199242	-0.8276370000000001	0.0	0.8361219999999999	0.0620386	0.5450229999999999	0.0	0.159937	-0.977985	-0.13403900000000002	0.0	-3.9327199999999998	-1.3858	-2.60279	0.15782000000000002	-0.07501569999999999	0.301158	-0.9506190000000001	0.0	0.696974	-0.6659470000000001	-0.265973	0.0	-0.713162	-0.682509	-0.159943	0.0	1.5683799999999999	-1.46581	-3.84515	0.355867	
1	0.5206069999999999	0.25138699999999997	-0.8159489999999999	0.0	0.83065	0.07188660000000001	0.552135	0.0	0.197455	-0.9652129999999999	-0.17139000000000001	0.0	-3.93005	-1.27807	-2.6478099999999998	0.157817	-0.0385783	0.232848	-0.971748	0.0	0.665298	-0.719611	-0.198844	0.0	-0.745581	-0.654173	-0.127152	0.0	1.4876	-1.50135	-3.8847400000000003	0.355304	
1	0.5179020000000001	0.30443000000000003	-0.799437	0.0	0.81968	0.0907722	0.565583	0.0	0.244747	-0.9482	-0.202524	0.0	-3.8916800000000005	-1.3032299999999999	-2.73862	0.15782100000000002	0.024920400000000002	0.0751528	-0.9968610000000001	0.0	0.566667	-0.822557	-0.047846	0.0	-0.82357	-0.563695	-0.0630852	0.0	1.35238	-1.5332	-3.90538	0.35441100000000003	
1	0.509243	0.358939	-0.782198	0.0	0.795074	0.151693	0.587236	0.0	0.329436	-0.920952	-0.208134	0.0	-3.73299	-1.5241799999999999	-2.81181	0.157818	0.0770252	-0.0776012	-0.9940049999999999	0.0	0.472919	-0.874834	0.10494400000000001	0.0	-0.877733	-0.478167	-0.0306851	0.0	1.18286	-1.5713	-3.91446	0.353459	
1	0.522725	0.38484	-0.760695	0.0	0.771433	0.166248	0.61421	0.0	0.362836	-0.9078879999999999	-0.20997600000000002	0.0	-3.5962	-1.7206400000000002	-2.8519099999999997	0.15770599999999999	0.07614850000000001	-0.101609	-0.991906	0.0	0.457553	-0.880309	0.125303	0.0	-0.885916	-0.463391	-0.020543099999999998	0.0	1.08213	-1.6569900000000002	-3.90942	0.345341	
1	0.530717	0.399837	-0.747309	0.0	0.755065	0.177466	0.6311760000000001	0.0	0.38498899999999997	-0.899242	-0.20771900000000001	0.0	-3.52189	-1.83028	-2.88954	0.157822	0.0787258	-0.120806	-0.98955	0.0	0.445384	-0.883793	0.143328	0.0	-0.8918719999999999	-0.452013	-0.0157725	0.0	1.03295	-1.70533	-3.90889	0.34565	
1	0.529509	0.432126	-0.729992	0.0	0.728743	0.20877199999999999	0.652187	0.0	0.434229	-0.877315	-0.204362	0.0	-3.3472699999999995	-2.06796	-3.02455	0.15771500000000002	0.06653560000000001	-0.123521	-0.990109	0.0	0.43225699999999995	-0.8907889999999999	0.140178	0.0	-0.899293	-0.437308	-0.00587684	0.0	0.862682	-1.7436900000000002	-3.85239	0.345991	
1	0.5279119999999999	0.444766	-0.723527	0.0	0.715871	0.225365	0.660862	0.0	0.456987	-0.8668299999999999	-0.19942200000000002	0.0	-3.19037	-2.21846	-3.13983	0.15782100000000002	0.0399086	-0.104869	-0.993685	0.0	0.441321	-0.8903709999999999	0.11169000000000001	0.0	-0.8964610000000001	-0.442992	0.0107473	0.0	0.724404	-1.78046	-3.8080300000000005	0.345828	
1	0.524972	0.444672	-0.725721	0.0	0.70904	0.243181	0.66191	0.0	0.470815	-0.86205	-0.187627	0.0	-3.06603	-2.30864	-3.21328	0.157711	-0.0042026	-0.0630051	-0.9980040000000001	0.0	0.461308	-0.885597	0.053966099999999996	0.0	-0.88723	-0.46016	0.0327866	0.0	0.622147	-1.83516	-3.73069	0.34576599999999996	
1	0.509679	0.451992	-0.732073	0.0	0.70943	0.260613	0.654821	0.0	0.486762	-0.8531030000000001	-0.187828	0.0	-2.97578	-2.36691	-3.30652	0.157717	-0.06248630000000001	-0.00261231	-0.998042	0.0	0.470301	-0.8820889999999999	-0.027136200000000003	0.0	-0.8802909999999999	-0.471076	0.056346900000000005	0.0	0.5410050000000001	-1.91274	-3.6292699999999996	0.345124	
1	0.489989	0.447633	-0.748021	0.0	0.717279	0.280619	0.637781	0.0	0.49540100000000004	-0.849045	-0.183577	0.0	-2.88611	-2.41997	-3.4093400000000003	0.15782100000000002	-0.159308	0.0924538	-0.9828899999999999	0.0	0.46941700000000003	-0.868761	-0.157802	0.0	-0.8684860000000001	-0.486525	0.0950011	0.0	0.45485200000000003	-2.00358	-3.4693400000000003	0.345219	
1	0.47479099999999996	0.430795	-0.767457	0.0	0.724508	0.303754	0.618726	0.0	0.499662	-0.849794	-0.16789500000000002	0.0	-2.8172099999999998	-2.4588	-3.5037800000000003	0.157813	-0.236893	0.181649	-0.9544030000000001	0.0	0.453322	-0.848202	-0.273955	0.0	-0.859291	-0.49755	0.11858800000000001	0.0	0.364737	-2.05618	-3.25704	0.34536	
1	0.475473	0.409592	-0.778562	0.0	0.7240880000000001	0.32040599999999997	0.6107670000000001	0.0	0.499622	-0.854151	-0.144236	0.0	-2.73941	-2.4722	-3.5151199999999996	0.15781199999999998	-0.25907800000000003	0.223737	-0.939585	0.0	0.442358	-0.837289	-0.32135199999999997	0.0	-0.8586020000000001	-0.498888	0.117951	0.0	0.310183	-2.03801	-3.0911299999999997	0.34673699999999996	
