0	0.328561	0.700655	-0.6333489999999999	0.0	0.5923579999999999	0.369429	0.715985	0.0	0.735636	-0.610413	-0.293659	0.0	-2.7818	1.96928	1.35283	0.0	-0.178321	0.723547	-0.666845	0.0	0.45169499999999996	-0.541887	-0.708752	0.0	-0.8741700000000001	-0.427596	-0.23019299999999998	0.0	2.6974099999999996	1.93386	1.4744	2.3120999999999998e-05	
0	-0.0342651	0.748093	-0.662708	0.0	0.28670300000000004	0.6425850000000001	0.710553	0.0	0.957407	-0.165653	-0.236498	0.0	-2.93226	1.71308	1.30456	0.00034523	-0.0488775	0.697349	-0.715064	0.0	0.387892	-0.646474	-0.656972	0.0	-0.920408	-0.30947800000000003	-0.238898	0.0	2.91793	1.7706099999999998	1.32061	0.0	
0	-0.0841534	0.75035	-0.655662	0.0	0.273931	0.650065	0.7087859999999999	0.0	0.958061	-0.11996	-0.26025	0.0	-2.9918	1.6574200000000001	1.17792	0.0	0.036051599999999996	0.662154	-0.748501	0.0	0.31714200000000003	-0.717852	-0.619766	0.0	-0.947693	-0.21503699999999998	-0.235877	0.0	2.9245	1.8696099999999998	1.23448	0.199296	
0	-0.0200595	0.809319	-0.587026	0.0	0.32140799999999997	0.561198	0.762728	0.0	0.946728	-0.173375	-0.271379	0.0	-2.9515700000000002	1.63717	1.12706	0.35133600000000004	0.0382959	0.6827949999999999	-0.7296060000000001	0.0	0.31973	-0.70013	-0.638428	0.0	-0.946735	-0.20882699999999998	-0.24512199999999998	0.0	2.83798	1.95138	1.1622299999999999	0.364029	
0	-0.013262799999999998	0.8094520000000001	-0.587036	0.0	0.35063	0.553573	0.75539	0.0	0.93642	-0.19581400000000002	-0.291161	0.0	-2.93102	1.60722	1.09195	0.354937	0.05071969999999999	0.687602	-0.724314	0.0	0.33818899999999996	-0.694225	-0.635357	0.0	-0.93971	-0.21273000000000003	-0.267751	0.0	2.8934	1.9547700000000001	1.04985	0.363979	
0	-0.0106932	0.8051510000000001	-0.592973	0.0	0.362263	0.5558420000000001	0.748201	0.0	0.9320149999999999	-0.20681100000000002	-0.29762	0.0	-2.94618	1.5399200000000002	1.07056	0.353657	0.05257390000000001	0.677718	-0.73344	0.0	0.35788000000000003	-0.698458	-0.61974	0.0	-0.9322860000000001	-0.22990100000000002	-0.279263	0.0	2.90519	1.93965	1.0114	0.363571	
0	-0.00652874	0.796982	-0.603967	0.0	0.366279	0.5639109999999999	0.740165	0.0	0.9304819999999999	-0.21638800000000002	-0.2956	0.0	-2.9579400000000002	1.48749	1.06384	0.35396500000000003	0.034965300000000005	0.6572359999999999	-0.7528739999999999	0.0	0.383822	-0.704392	-0.597087	0.0	-0.922745	-0.268092	-0.276891	0.0	2.90869	1.8297	0.9908319999999999	0.36348	
0	-0.00424562	0.797088	-0.603849	0.0	0.37955500000000003	0.559951	0.736474	0.0	0.92516	-0.22606700000000002	-0.30491599999999996	0.0	-2.9605099999999998	1.48075	1.05635	0.354241	0.0402692	0.650416	-0.75851	0.0	0.40322600000000003	-0.705146	-0.583249	0.0	-0.914214	-0.282364	-0.29066	0.0	2.91967	1.76935	0.949667	0.363981	
0	0.0254997	0.7603840000000001	-0.6489729999999999	0.0	0.466028	0.565285	0.6806399999999999	0.0	0.884403	-0.319796	-0.339945	0.0	-2.97422	1.42079	1.0135100000000001	0.35882800000000004	0.02065	0.622973	-0.781971	0.0	0.441428	-0.7074550000000001	-0.551951	0.0	-0.897059	-0.333786	-0.289607	0.0	2.92847	1.71334	0.923407	0.363978	
0	0.0905575	0.729581	-0.677872	0.0	0.527989	0.5419619999999999	0.653838	0.0	0.844409	-0.41711899999999996	-0.33613200000000004	0.0	-2.96643	1.3080399999999999	0.9897530000000001	0.364008	-0.0378019	0.620531	-0.783271	0.0	0.462887	-0.683793	-0.56406	0.0	-0.885611	-0.383888	-0.261387	0.0	2.89245	1.65114	0.9226260000000001	0.36396999999999996	
0	0.10854000000000001	0.700278	-0.705571	0.0	0.519953	0.564945	0.640692	0.0	0.8472709999999999	-0.436404	-0.302793	0.0	-2.91027	1.31596	0.934378	0.36066	-0.043908800000000005	0.616798	-0.785896	0.0	0.44534399999999996	-0.692086	-0.568055	0.0	-0.8942829999999999	-0.374936	-0.244299	0.0	2.85907	1.6924700000000001	0.8375969999999999	0.36395900000000003	
0	0.148824	0.680597	-0.717384	0.0	0.572607	0.532149	0.62365	0.0	0.8062090000000001	-0.5035930000000001	-0.31051799999999996	0.0	-2.89912	1.3339299999999998	0.8115899999999999	0.359216	-0.109234	0.612765	-0.78268	0.0	0.49932600000000005	-0.647012	-0.576237	0.0	-0.8595010000000001	-0.45375699999999997	-0.235294	0.0	2.82836	1.60838	0.748487	0.36398600000000003	
0	0.204362	0.661382	-0.721672	0.0	0.6025119999999999	0.49605200000000005	0.625229	0.0	0.771502	-0.5625899999999999	-0.297116	0.0	-2.9134700000000002	1.23599	0.593584	0.357169	-0.18133	0.584234	-0.7910689999999999	0.0	0.550397	-0.606329	-0.573959	0.0	-0.814974	-0.539478	-0.211615	0.0	2.84028	1.38812	0.515259	0.36398400000000003	
0	0.21834099999999998	0.6410819999999999	-0.735759	0.0	0.640878	0.47438100000000005	0.603522	0.0	0.735937	-0.603305	-0.307278	0.0	-2.88977	1.12747	0.27536700000000003	0.35533000000000003	-0.18127200000000002	0.569711	-0.801604	0.0	0.598952	-0.5825359999999999	-0.549462	0.0	-0.779998	-0.579725	-0.235632	0.0	2.84527	1.1979899999999999	0.0877162	0.363973	
0	0.233158	0.558109	-0.796337	0.0	0.7107399999999999	0.46110100000000004	0.531257	0.0	0.663691	-0.689855	-0.289161	0.0	-2.82107	0.882657	-0.10688299999999999	0.353139	-0.182088	0.540033	-0.8217110000000001	0.0	0.660208	-0.552147	-0.509174	0.0	-0.728676	-0.635215	-0.255995	0.0	2.84164	0.939099	-0.405502	0.362777	
0	0.25510900000000003	0.48508	-0.8364309999999999	0.0	0.7880590000000001	0.396924	0.47054700000000005	0.0	0.5602520000000001	-0.779198	-0.281013	0.0	-2.7477400000000003	0.5234439999999999	-0.485098	0.351745	-0.207161	0.513798	-0.8325239999999999	0.0	0.715086	-0.501219	-0.48726899999999995	0.0	-0.6676350000000001	-0.6962689999999999	-0.263577	0.0	2.7989599999999997	0.580972	-0.961559	0.362577	
0	0.262183	0.47437299999999993	-0.840375	0.0	0.821464	0.34728400000000004	0.452317	0.0	0.506416	-0.808928	-0.298628	0.0	-2.65121	0.295526	-0.815756	0.351124	-0.217015	0.497342	-0.839973	0.0	0.759938	-0.45401	-0.465154	0.0	-0.612697	-0.739273	-0.279422	0.0	2.75717	0.286912	-1.34841	0.362325	
0	0.261585	0.46066999999999997	-0.8481489999999999	0.0	0.857202	0.292988	0.423512	0.0	0.443597	-0.8378200000000001	-0.31824600000000003	0.0	-2.60299	0.0987718	-1.15731	0.35026	-0.226615	0.49632	-0.838041	0.0	0.804187	-0.39007	-0.448474	0.0	-0.549481	-0.775572	-0.310738	0.0	2.80625	0.018190599999999998	-1.7708700000000002	0.362068	
0	0.258841	0.45648299999999997	-0.851249	0.0	0.87115	0.270368	0.40987799999999996	0.0	0.41725200000000007	-0.847658	-0.327683	0.0	-2.60296	0.0142411	-1.3401299999999998	0.34974299999999997	-0.223519	0.48855600000000005	-0.843417	0.0	0.824382	-0.366912	-0.431011	0.0	-0.520033	-0.791637	-0.320745	0.0	2.86638	-0.10301700000000001	-1.94124	0.361521	
0	0.23087600000000003	0.467405	-0.8533629999999999	0.0	0.8990229999999999	0.23293200000000003	0.370811	0.0	0.372095	-0.8528040000000001	-0.36643000000000003	0.0	-2.68362	-0.171092	-1.83538	0.348952	-0.199195	0.48383100000000007	-0.852191	0.0	0.878044	-0.298039	-0.374449	0.0	-0.43515600000000004	-0.8228489999999999	-0.365458	0.0	3.1886099999999997	-0.423825	-2.33098	0.36081199999999997	
0	0.21927399999999997	0.46741000000000005	-0.8564149999999999	0.0	0.9005549999999999	0.24076999999999998	0.361982	0.0	0.375392	-0.850622	-0.368133	0.0	-2.75208	-0.2745	-1.9519900000000001	0.34894899999999995	-0.17848	0.47045299999999995	-0.864187	0.0	0.888668	-0.29996100000000003	-0.346831	0.0	-0.42239	-0.8298780000000001	-0.36454000000000003	0.0	3.36416	-0.623067	-2.35253	0.36106900000000003	
0	0.212626	0.47676599999999997	-0.852927	0.0	0.899623	0.245198	0.361327	0.0	0.381404	-0.84414	-0.376775	0.0	-2.83786	-0.361969	-2.03019	0.349208	-0.16653800000000002	0.45202200000000003	-0.8763219999999999	0.0	0.8898209999999999	-0.31401599999999996	-0.331079	0.0	-0.424834	-0.834907	-0.349923	0.0	3.5453300000000003	-0.8095640000000001	-2.3167299999999997	0.36083000000000004	
0	0.208298	0.47816800000000004	-0.85321	0.0	0.897667	0.252898	0.36088400000000004	0.0	0.388338	-0.8410700000000001	-0.37655700000000003	0.0	-2.87663	-0.407591	-2.03499	0.349025	-0.151819	0.439665	-0.885238	0.0	0.8878590000000001	-0.332911	-0.31761300000000003	0.0	-0.43434799999999996	-0.8341850000000001	-0.339819	0.0	3.59467	-0.8728600000000001	-2.2949200000000003	0.360858	
0	0.208006	0.48046400000000006	-0.8519899999999999	0.0	0.8970629999999999	0.25349499999999997	0.361964	0.0	0.389886	-0.8395799999999999	-0.378278	0.0	-2.8893299999999997	-0.417471	-2.03576	0.348982	-0.150963	0.4359	-0.887244	0.0	0.8881389999999999	-0.334304	-0.31535799999999997	0.0	-0.43407399999999996	-0.8356030000000001	-0.33667199999999997	0.0	3.58825	-0.882555	-2.27635	0.36054400000000003	
0	0.20807199999999998	0.480314	-0.852059	0.0	0.897	0.253633	0.362023	0.0	0.389995	-0.8396239999999999	-0.37806799999999996	0.0	-2.88807	-0.41625200000000007	-2.03562	0.348983	-0.15099400000000002	0.43620299999999995	-0.8870889999999999	0.0	0.8881040000000001	-0.33424299999999996	-0.315521	0.0	-0.43413500000000005	-0.835469	-0.336925	0.0	3.5883800000000003	-0.881239	-2.27806	0.360538	
0	0.20807199999999998	0.480314	-0.852059	0.0	0.897	0.253633	0.362023	0.0	0.389995	-0.8396239999999999	-0.37806799999999996	0.0	-2.88807	-0.41625	-2.03562	0.348983	-0.15099300000000002	0.436204	-0.8870889999999999	0.0	0.8881030000000001	-0.33424299999999996	-0.31552199999999997	0.0	-0.43413500000000005	-0.835468	-0.336926	0.0	3.5883800000000003	-0.881237	-2.27806	0.360538	
0	0.20807199999999998	0.480314	-0.852059	0.0	0.897	0.253633	0.362023	0.0	0.389995	-0.8396239999999999	-0.37806799999999996	0.0	-2.88807	-0.41625	-2.03562	0.348982	-0.15099300000000002	0.436204	-0.8870889999999999	0.0	0.8881030000000001	-0.33424299999999996	-0.31552199999999997	0.0	-0.43413500000000005	-0.835468	-0.336926	0.0	3.5883800000000003	-0.881237	-2.27806	0.360538	
0	0.20807199999999998	0.480314	-0.852059	0.0	0.897	0.253633	0.362023	0.0	0.389995	-0.8396239999999999	-0.37806799999999996	0.0	-2.88807	-0.41625	-2.03562	0.348983	-0.15099300000000002	0.436204	-0.8870889999999999	0.0	0.8881030000000001	-0.33424299999999996	-0.31552199999999997	0.0	-0.43413500000000005	-0.835468	-0.336926	0.0	3.5883800000000003	-0.881237	-2.27806	0.360538	
0	0.20807199999999998	0.480314	-0.852059	0.0	0.897	0.253633	0.362023	0.0	0.389995	-0.8396239999999999	-0.37806799999999996	0.0	-2.88807	-0.41625	-2.03562	0.348983	-0.15099300000000002	0.436204	-0.8870889999999999	0.0	0.8881030000000001	-0.33424299999999996	-0.31552199999999997	0.0	-0.43413500000000005	-0.835468	-0.336926	0.0	3.5883800000000003	-0.881237	-2.27806	0.360538	
0	0.20807199999999998	0.480314	-0.852059	0.0	0.897	0.253633	0.362023	0.0	0.389995	-0.8396239999999999	-0.37806799999999996	0.0	-2.88807	-0.41625	-2.03562	0.348983	-0.15099300000000002	0.436204	-0.8870889999999999	0.0	0.8881030000000001	-0.33424299999999996	-0.31552199999999997	0.0	-0.43413500000000005	-0.835468	-0.336926	0.0	3.5883800000000003	-0.881237	-2.27806	0.360538	
0	0.20807199999999998	0.480314	-0.852059	0.0	0.897	0.253633	0.362023	0.0	0.389995	-0.8396239999999999	-0.37806799999999996	0.0	-2.88807	-0.41625	-2.03562	0.348983	-0.15099300000000002	0.436204	-0.8870889999999999	0.0	0.8881030000000001	-0.33424299999999996	-0.31552199999999997	0.0	-0.43413500000000005	-0.835468	-0.336926	0.0	3.5883800000000003	-0.881237	-2.27806	0.360538	
0	0.20807199999999998	0.480314	-0.852059	0.0	0.897	0.253633	0.362023	0.0	0.389995	-0.8396239999999999	-0.37806799999999996	0.0	-2.88807	-0.41625	-2.03562	0.348983	-0.15099300000000002	0.436204	-0.8870889999999999	0.0	0.8881030000000001	-0.33424299999999996	-0.31552199999999997	0.0	-0.43413500000000005	-0.835468	-0.336926	0.0	3.5883800000000003	-0.881237	-2.27806	0.360538	
0	0.20807199999999998	0.480314	-0.852059	0.0	0.897	0.253633	0.362023	0.0	0.389995	-0.8396239999999999	-0.37806799999999996	0.0	-2.88807	-0.41625	-2.03562	0.348983	-0.15099300000000002	0.436204	-0.8870889999999999	0.0	0.8881030000000001	-0.33424299999999996	-0.31552199999999997	0.0	-0.43413500000000005	-0.835468	-0.336926	0.0	3.5883800000000003	-0.881237	-2.27806	0.360538	
0	0.20807199999999998	0.480314	-0.852059	0.0	0.897	0.253633	0.362023	0.0	0.389995	-0.8396239999999999	-0.37806799999999996	0.0	-2.88807	-0.41625	-2.03562	0.348983	-0.15099300000000002	0.436204	-0.8870889999999999	0.0	0.8881030000000001	-0.33424299999999996	-0.31552199999999997	0.0	-0.43413500000000005	-0.835468	-0.336926	0.0	3.5883800000000003	-0.881237	-2.27806	0.360538	
0	0.20807199999999998	0.480314	-0.852059	0.0	0.897	0.253633	0.362023	0.0	0.389995	-0.8396239999999999	-0.37806799999999996	0.0	-2.88807	-0.41625	-2.03562	0.348983	-0.15099300000000002	0.436204	-0.8870889999999999	0.0	0.8881030000000001	-0.33424299999999996	-0.31552199999999997	0.0	-0.43413500000000005	-0.835468	-0.336926	0.0	3.5883800000000003	-0.881237	-2.27806	0.360538	
0	0.20807199999999998	0.480314	-0.852059	0.0	0.897	0.253633	0.362023	0.0	0.389995	-0.8396239999999999	-0.37806799999999996	0.0	-2.88807	-0.41625	-2.03562	0.348983	-0.15099300000000002	0.436204	-0.8870889999999999	0.0	0.8881030000000001	-0.33424299999999996	-0.31552199999999997	0.0	-0.43413500000000005	-0.835468	-0.336926	0.0	3.5883800000000003	-0.881237	-2.27806	0.360538	
0	0.20807199999999998	0.480314	-0.852059	0.0	0.897	0.253633	0.362023	0.0	0.389995	-0.8396239999999999	-0.37806799999999996	0.0	-2.88807	-0.416249	-2.03562	0.348983	-0.15099300000000002	0.436204	-0.8870889999999999	0.0	0.8881030000000001	-0.33424299999999996	-0.31552199999999997	0.0	-0.43413500000000005	-0.835468	-0.336926	0.0	3.5883800000000003	-0.881237	-2.27806	0.360538	
0	0.20807199999999998	0.480314	-0.852059	0.0	0.897	0.253633	0.362023	0.0	0.389995	-0.8396239999999999	-0.37806799999999996	0.0	-2.88807	-0.416249	-2.03562	0.348983	-0.15099300000000002	0.436204	-0.8870889999999999	0.0	0.8881030000000001	-0.33424299999999996	-0.31552199999999997	0.0	-0.43413500000000005	-0.835468	-0.336926	0.0	3.5883800000000003	-0.881237	-2.27806	0.360538	
0	0.20807199999999998	0.480314	-0.852059	0.0	0.897	0.253633	0.362023	0.0	0.389995	-0.8396239999999999	-0.37806799999999996	0.0	-2.88807	-0.41625	-2.03562	0.348983	-0.15099300000000002	0.436204	-0.8870889999999999	0.0	0.8881030000000001	-0.33424299999999996	-0.31552199999999997	0.0	-0.43413500000000005	-0.835468	-0.336926	0.0	3.5883800000000003	-0.881237	-2.27806	0.360538	
0	0.20807199999999998	0.480314	-0.852059	0.0	0.897	0.253633	0.362023	0.0	0.389995	-0.8396239999999999	-0.37806799999999996	0.0	-2.88807	-0.41625	-2.03562	0.348983	-0.15099300000000002	0.436204	-0.8870889999999999	0.0	0.8881030000000001	-0.33424299999999996	-0.31552199999999997	0.0	-0.43413500000000005	-0.835468	-0.336926	0.0	3.5883800000000003	-0.881237	-2.27806	0.360538	
0	0.20807199999999998	0.480314	-0.852059	0.0	0.8968959999999999	0.253858	0.362124	0.0	0.390235	-0.839556	-0.377971	0.0	-2.9272299999999998	-0.44461000000000006	-2.06117	0.348983	-0.15099300000000002	0.436204	-0.8870889999999999	0.0	0.8881030000000001	-0.33424299999999996	-0.31552199999999997	0.0	-0.43413500000000005	-0.835468	-0.336926	0.0	3.5883800000000003	-0.881237	-2.27806	0.360538	
0	0.20807199999999998	0.480314	-0.852059	0.0	0.8968959999999999	0.253859	0.362124	0.0	0.390236	-0.839556	-0.377971	0.0	-2.92722	-0.44460299999999997	-2.06117	0.348983	-0.15096199999999999	0.436201	-0.8870959999999999	0.0	0.8889440000000001	-0.33264499999999997	-0.314844	0.0	-0.43242299999999995	-0.836108	-0.337541	0.0	3.5779400000000003	-0.880863	-2.2761	0.360613	
0	0.20807199999999998	0.480314	-0.852059	0.0	0.8968959999999999	0.253859	0.362124	0.0	0.390236	-0.839556	-0.377971	0.0	-2.92722	-0.44460299999999997	-2.06117	0.348983	-0.15099400000000002	0.436204	-0.8870889999999999	0.0	0.8882129999999999	-0.33403299999999997	-0.31543699999999997	0.0	-0.43391199999999996	-0.8355530000000001	-0.337005	0.0	3.53465	-0.879769	-2.26819	0.360538	
0	0.20807199999999998	0.480314	-0.852059	0.0	0.8968959999999999	0.253859	0.362124	0.0	0.390236	-0.839556	-0.377971	0.0	-2.92722	-0.44460299999999997	-2.06117	0.348983	-0.15099400000000002	0.436204	-0.8870889999999999	0.0	0.8882120000000001	-0.33403299999999997	-0.31543699999999997	0.0	-0.43391199999999996	-0.8355520000000001	-0.337005	0.0	3.53465	-0.879769	-2.26819	0.360538	
0	0.20807199999999998	0.480314	-0.852059	0.0	0.8968959999999999	0.253859	0.362124	0.0	0.390236	-0.839556	-0.377971	0.0	-2.92722	-0.44460299999999997	-2.06117	0.348983	-0.15099400000000002	0.436204	-0.8870889999999999	0.0	0.8882120000000001	-0.33403299999999997	-0.31543699999999997	0.0	-0.43391199999999996	-0.8355520000000001	-0.337005	0.0	3.53465	-0.879769	-2.26819	0.360538	
0	0.20807199999999998	0.480314	-0.852059	0.0	0.8968959999999999	0.253859	0.362124	0.0	0.390236	-0.839556	-0.377971	0.0	-2.92722	-0.44460299999999997	-2.06117	0.348983	-0.15099400000000002	0.436204	-0.8870889999999999	0.0	0.8882120000000001	-0.33403299999999997	-0.31543699999999997	0.0	-0.43391199999999996	-0.8355520000000001	-0.337005	0.0	3.53465	-0.879769	-2.26819	0.360538	
0	0.20807199999999998	0.480314	-0.852059	0.0	0.8968959999999999	0.253859	0.362124	0.0	0.390236	-0.839556	-0.377971	0.0	-2.92722	-0.44460299999999997	-2.06117	0.348983	-0.15099400000000002	0.436204	-0.8870889999999999	0.0	0.8882120000000001	-0.33403299999999997	-0.31543699999999997	0.0	-0.43391199999999996	-0.8355520000000001	-0.337005	0.0	3.53465	-0.879769	-2.26819	0.360538	
0	0.20807199999999998	0.480314	-0.852059	0.0	0.8968959999999999	0.253859	0.362124	0.0	0.390236	-0.839556	-0.377971	0.0	-2.92722	-0.44460299999999997	-2.06117	0.348982	-0.15099400000000002	0.436204	-0.8870889999999999	0.0	0.8882120000000001	-0.33403299999999997	-0.31543699999999997	0.0	-0.43391199999999996	-0.8355520000000001	-0.337005	0.0	3.53465	-0.879769	-2.26819	0.360538	
0	0.20807199999999998	0.480314	-0.852059	0.0	0.8968959999999999	0.253859	0.362124	0.0	0.390236	-0.839556	-0.377971	0.0	-2.92722	-0.44460299999999997	-2.06117	0.348983	-0.15099400000000002	0.436204	-0.8870889999999999	0.0	0.8882120000000001	-0.33403299999999997	-0.31543699999999997	0.0	-0.43391199999999996	-0.8355520000000001	-0.337005	0.0	3.53465	-0.879769	-2.26819	0.360538	
0	0.20807199999999998	0.480314	-0.852059	0.0	0.8968959999999999	0.253859	0.362124	0.0	0.390236	-0.839556	-0.377971	0.0	-2.92722	-0.44460299999999997	-2.06117	0.348983	-0.15099400000000002	0.436204	-0.8870889999999999	0.0	0.8882120000000001	-0.33403299999999997	-0.31543699999999997	0.0	-0.43391199999999996	-0.8355520000000001	-0.337005	0.0	3.53465	-0.879769	-2.26819	0.360538	
0	0.20807199999999998	0.480314	-0.852059	0.0	0.8968959999999999	0.253859	0.362124	0.0	0.390236	-0.839556	-0.377971	0.0	-2.92722	-0.44460299999999997	-2.06117	0.348983	-0.15099400000000002	0.436204	-0.8870889999999999	0.0	0.8882120000000001	-0.33403299999999997	-0.31543699999999997	0.0	-0.43391199999999996	-0.8355520000000001	-0.337005	0.0	3.53465	-0.879769	-2.26819	0.360538	
0	0.20807199999999998	0.480314	-0.852059	0.0	0.8968959999999999	0.253859	0.362124	0.0	0.390236	-0.839556	-0.377971	0.0	-2.92722	-0.44460299999999997	-2.06117	0.348983	-0.15099400000000002	0.436204	-0.8870889999999999	0.0	0.8882120000000001	-0.33403299999999997	-0.31543699999999997	0.0	-0.43391199999999996	-0.8355520000000001	-0.337005	0.0	3.53465	-0.879769	-2.26819	0.360538	
0	0.20807199999999998	0.480314	-0.852059	0.0	0.8968959999999999	0.253859	0.362124	0.0	0.390236	-0.839556	-0.377971	0.0	-2.92722	-0.44460299999999997	-2.06117	0.348983	-0.15099400000000002	0.436204	-0.8870889999999999	0.0	0.8882120000000001	-0.33403299999999997	-0.31543699999999997	0.0	-0.43391199999999996	-0.8355520000000001	-0.337005	0.0	3.53465	-0.879769	-2.26819	0.360538	
0	0.20807199999999998	0.480314	-0.852059	0.0	0.8968959999999999	0.253859	0.362124	0.0	0.390236	-0.839556	-0.377971	0.0	-2.92722	-0.44460299999999997	-2.06117	0.348983	-0.15099400000000002	0.436204	-0.8870889999999999	0.0	0.8882120000000001	-0.33403299999999997	-0.31543699999999997	0.0	-0.43391199999999996	-0.8355520000000001	-0.337005	0.0	3.53465	-0.879769	-2.26819	0.360538	
0	0.20807199999999998	0.480314	-0.852059	0.0	0.8968959999999999	0.253859	0.362124	0.0	0.390236	-0.839556	-0.377971	0.0	-2.92722	-0.44460299999999997	-2.06117	0.348983	-0.15099400000000002	0.436204	-0.8870889999999999	0.0	0.8882120000000001	-0.33403299999999997	-0.31543699999999997	0.0	-0.43391199999999996	-0.8355520000000001	-0.337005	0.0	3.53465	-0.879769	-2.26819	0.360538	
0	0.20807199999999998	0.480314	-0.852059	0.0	0.8968959999999999	0.253859	0.362124	0.0	0.390236	-0.839556	-0.377971	0.0	-2.92722	-0.44460299999999997	-2.06117	0.348983	-0.15099400000000002	0.436204	-0.8870889999999999	0.0	0.8882120000000001	-0.33403299999999997	-0.31543699999999997	0.0	-0.43391199999999996	-0.8355520000000001	-0.337005	0.0	3.53465	-0.879769	-2.26819	0.360538	
0	0.20807199999999998	0.480314	-0.852059	0.0	0.8968959999999999	0.253859	0.362124	0.0	0.390236	-0.839556	-0.377971	0.0	-2.92722	-0.44460299999999997	-2.06117	0.348983	-0.15099400000000002	0.436204	-0.8870889999999999	0.0	0.8882120000000001	-0.33403299999999997	-0.31543699999999997	0.0	-0.43391199999999996	-0.8355520000000001	-0.337005	0.0	3.53465	-0.879769	-2.26819	0.360538	
0	0.20807199999999998	0.480314	-0.852059	0.0	0.8968959999999999	0.253859	0.362124	0.0	0.390236	-0.839556	-0.377971	0.0	-2.92722	-0.44460299999999997	-2.06117	0.348983	-0.15099400000000002	0.436204	-0.8870889999999999	0.0	0.8882120000000001	-0.33403299999999997	-0.31543699999999997	0.0	-0.43391199999999996	-0.8355520000000001	-0.337005	0.0	3.53465	-0.879769	-2.26819	0.360538	
0	0.20807199999999998	0.480314	-0.852059	0.0	0.8968959999999999	0.253859	0.362124	0.0	0.390236	-0.839556	-0.377971	0.0	-2.92722	-0.44460299999999997	-2.06117	0.348983	-0.15099400000000002	0.436204	-0.8870889999999999	0.0	0.8882120000000001	-0.33403299999999997	-0.31543699999999997	0.0	-0.43391199999999996	-0.8355520000000001	-0.337005	0.0	3.53465	-0.879769	-2.26819	0.360538	
0	0.20807199999999998	0.480314	-0.852059	0.0	0.8968959999999999	0.253859	0.362124	0.0	0.390236	-0.839556	-0.377971	0.0	-2.92722	-0.44460299999999997	-2.06117	0.348983	-0.15099400000000002	0.436204	-0.8870889999999999	0.0	0.8882120000000001	-0.33403299999999997	-0.31543699999999997	0.0	-0.43391199999999996	-0.8355520000000001	-0.337005	0.0	3.53465	-0.879769	-2.26819	0.360538	
0	0.20807199999999998	0.480314	-0.852059	0.0	0.8968959999999999	0.253859	0.362124	0.0	0.390236	-0.839556	-0.377971	0.0	-2.92722	-0.44460299999999997	-2.06117	0.348983	-0.15099400000000002	0.436204	-0.8870889999999999	0.0	0.8882120000000001	-0.33403299999999997	-0.31543699999999997	0.0	-0.43391199999999996	-0.8355520000000001	-0.337005	0.0	3.53465	-0.879769	-2.26819	0.360538	
0	0.20807199999999998	0.480314	-0.852059	0.0	0.8968959999999999	0.253859	0.362124	0.0	0.390236	-0.839556	-0.377971	0.0	-2.92722	-0.44460299999999997	-2.06117	0.348983	-0.15099400000000002	0.436204	-0.8870889999999999	0.0	0.8882120000000001	-0.33403299999999997	-0.31543699999999997	0.0	-0.43391199999999996	-0.8355520000000001	-0.337005	0.0	3.53465	-0.879769	-2.26819	0.360538	
0	0.208092	0.48031999999999997	-0.852051	0.0	0.8961469999999999	0.255444	0.362861	0.0	0.391941	-0.8390709999999999	-0.377282	0.0	-2.9348799999999997	-0.44973900000000006	-2.06592	0.350479	-0.15096199999999999	0.436201	-0.8870959999999999	0.0	0.8890530000000001	-0.332433	-0.314758	0.0	-0.43219799999999997	-0.836192	-0.337621	0.0	3.52428	-0.8792700000000001	-2.26618	0.358929	
0	0.09170410000000001	0.5615680000000001	-0.822333	0.0	0.765285	0.48862799999999995	0.41902399999999995	0.0	0.637126	-0.667745	-0.38495	0.0	-2.96388	-0.459265	-2.05595	0.36070399999999997	-0.17802300000000001	0.5340239999999999	-0.826514	0.0	0.8585370000000001	-0.32615	-0.39565100000000003	0.0	-0.48085500000000003	-0.7800279999999999	-0.400418	0.0	3.5418	-0.8560709999999999	-2.12607	0.34810599999999997	
0	0.0961618	0.569533	-0.8163239999999999	0.0	0.768972	0.478232	0.424237	0.0	0.632009	-0.6685260000000001	-0.391967	0.0	-3.00031	-0.369307	-2.02193	0.36096300000000003	-0.171156	0.529958	-0.830572	0.0	0.861226	-0.32897600000000005	-0.387381	0.0	-0.478534	-0.781613	-0.400108	0.0	3.5204199999999997	-0.8447459999999999	-2.03475	0.34770100000000004	
0	0.09639539999999999	0.575056	-0.812416	0.0	0.770509	0.473591	0.426647	0.0	0.6300979999999999	-0.6671	-0.397434	0.0	-3.0594200000000003	-0.2635	-1.9894900000000002	0.360508	-0.167633	0.5312899999999999	-0.83044	0.0	0.8593540000000001	-0.33405799999999997	-0.38719000000000003	0.0	-0.483125	-0.778547	-0.400567	0.0	3.47908	-0.832525	-1.9597099999999998	0.347198	
0	0.07649600000000001	0.570496	-0.8177300000000001	0.0	0.778211	0.47855200000000003	0.406665	0.0	0.6233270000000001	-0.667475	-0.407359	0.0	-3.10435	-0.16329000000000002	-1.9696099999999999	0.357867	-0.17236700000000002	0.52198	-0.83536	0.0	0.862009	-0.330467	-0.38436	0.0	-0.47668699999999997	-0.786339	-0.39299	0.0	3.4220300000000003	-0.847319	-1.9106	0.344856	
0	0.0420108	0.552453	-0.832485	0.0	0.7782	0.504472	0.37404899999999996	0.0	0.626609	-0.663554	-0.40872600000000003	0.0	-3.1148	-0.141559	-1.97068	0.317444	-0.186748	0.49288000000000004	-0.84982	0.0	0.873566	-0.31244299999999997	-0.373178	0.0	-0.449452	-0.8120649999999999	-0.372215	0.0	3.3593	-0.895064	-1.87822	0.32629600000000003	
0	0.00964312	0.505196	-0.862951	0.0	0.796589	0.5177729999999999	0.312021	0.0	0.604444	-0.690426	-0.397441	0.0	-3.19263	-0.19811600000000001	-1.95576	0.0	-0.15573900000000002	0.457755	-0.875332	0.0	0.905723	-0.287478	-0.311483	0.0	-0.39422199999999996	-0.841319	-0.36982800000000005	0.0	3.30986	-0.982661	-1.95743	-0.00048828099999999997	
0	0.030258499999999997	0.48538400000000004	-0.873777	0.0	0.813167	0.496388	0.303904	0.0	0.5812430000000001	-0.719723	-0.379679	0.0	-3.18772	-0.31346999999999997	-2.00952	0.0	-0.155378	0.45045100000000005	-0.8791770000000001	0.0	0.887791	-0.32663200000000003	-0.324252	0.0	-0.43322700000000003	-0.830907	-0.349155	0.0	3.24693	-1.01106	-2.0373200000000002	0.0266462	
0	0.0670245	0.456363	-0.887266	0.0	0.8395020000000001	0.45478500000000005	0.297334	0.0	0.539207	-0.76479	-0.352636	0.0	-3.1471299999999998	-0.510328	-2.03381	0.214993	-0.162666	0.439274	-0.883503	0.0	0.857964	-0.379239	-0.34652	0.0	-0.48727600000000004	-0.814381	-0.315191	0.0	3.13138	-1.0619100000000001	-2.16127	0.35841100000000004	
0	0.0930433	0.390491	-0.9158930000000001	0.0	0.8550690000000001	0.43993699999999997	0.274431	0.0	0.5100979999999999	-0.808686	-0.29296300000000003	0.0	-3.0226	-0.730533	-2.0910900000000003	0.350287	-0.203482	0.43933	-0.874977	0.0	0.8567170000000001	-0.352715	-0.376335	0.0	-0.47395299999999996	-0.8261850000000001	-0.304611	0.0	3.0283700000000002	-1.10851	-2.31678	0.359028	
0	0.11236700000000001	0.339991	-0.933692	0.0	0.878767	0.404614	0.253091	0.0	0.463834	-0.848937	-0.253307	0.0	-2.9968	-0.8119930000000001	-2.09559	0.350502	-0.233267	0.46163699999999996	-0.855849	0.0	0.8521569999999999	-0.32692	-0.408598	0.0	-0.46841800000000006	-0.82463	-0.317128	0.0	3.0001	-1.12449	-2.4235900000000004	0.359553	
0	0.186799	0.27457	-0.943248	0.0	0.9180440000000001	0.293007	0.267099	0.0	0.34971599999999997	-0.9158370000000001	-0.19733399999999998	0.0	-3.0262	-0.981142	-2.22783	0.351004	-0.272393	0.49986499999999995	-0.822154	0.0	0.845354	-0.283767	-0.452607	0.0	-0.45954300000000003	-0.818298	-0.345267	0.0	2.98358	-1.17367	-2.79264	0.360175	
0	0.210738	0.217621	-0.9530120000000001	0.0	0.93714	0.232409	0.260299	0.0	0.27813499999999997	-0.94796	-0.15496400000000002	0.0	-3.0554900000000003	-1.09901	-2.37375	0.351046	-0.28505199999999997	0.517817	-0.806605	0.0	0.8457100000000001	-0.26019699999999996	-0.46591000000000005	0.0	-0.451132	-0.814962	-0.363753	0.0	2.98487	-1.2836100000000001	-3.07803	0.36041100000000004	
0	0.248942	0.16831	-0.953781	0.0	0.952657	0.134939	0.272461	0.0	0.17456	-0.976454	-0.12675	0.0	-3.04993	-1.2002899999999999	-2.4891400000000004	0.35096900000000003	-0.290012	0.5224439999999999	-0.8018390000000001	0.0	0.8429620000000001	-0.257235	-0.472488	0.0	-0.45310900000000004	-0.812947	-0.365799	0.0	2.96651	-1.3899299999999999	-3.29394	0.360518	
0	0.287025	0.10733599999999999	-0.9518909999999999	0.0	0.9550549999999999	0.0447704	0.293028	0.0	0.0740689	-0.9932139999999999	-0.0896612	0.0	-3.10926	-1.29415	-2.59554	0.350672	-0.28455	0.519859	-0.805467	0.0	0.840569	-0.26869499999999996	-0.470369	0.0	-0.460951	-0.810894	-0.36052	0.0	2.94164	-1.46462	-3.4472400000000003	0.36057	
0	0.337582	0.047950099999999996	-0.940074	0.0	0.9411729999999999	-0.0333255	0.336277	0.0	-0.0152039	-0.998294	-0.0563795	0.0	-3.18966	-1.3614600000000001	-2.66329	0.349813	-0.284679	0.5236390000000001	-0.8029689999999999	0.0	0.83611	-0.274096	-0.475175	0.0	-0.46891099999999997	-0.806643	-0.35979099999999997	0.0	2.93489	-1.48443	-3.54866	0.36064	
0	0.377185	-0.014132800000000001	-0.9260299999999999	0.0	0.923185	-0.0740517	0.377156	0.0	-0.0739043	-0.9971540000000001	-0.014884	0.0	-3.3321199999999997	-1.4472200000000002	-2.70118	0.34936500000000004	-0.280539	0.523783	-0.8043319999999999	0.0	0.834458	-0.28101	-0.47403999999999996	0.0	-0.47431899999999994	-0.804167	-0.358241	0.0	2.8976900000000003	-1.49336	-3.6322699999999997	0.360425	
0	0.399879	-0.0627301	-0.9144190000000001	0.0	0.912761	-0.0635786	0.403516	0.0	-0.08345	-0.9960030000000001	0.0318337	0.0	-3.43422	-1.55837	-2.72218	0.348931	-0.276708	0.5257729999999999	-0.804361	0.0	0.8326629999999999	-0.286655	-0.47381599999999996	0.0	-0.47969300000000004	-0.80087	-0.35847199999999996	0.0	2.86033	-1.47648	-3.6610699999999996	0.360279	
0	0.41598500000000005	-0.09785060000000001	-0.904092	0.0	0.906877	-0.028957599999999997	0.4204	0.0	-0.0673167	-0.9947799999999999	0.0766925	0.0	-3.43549	-1.7422799999999998	-2.7315400000000003	0.348481	-0.271821	0.528001	-0.804567	0.0	0.8295170000000001	-0.29528699999999997	-0.474034	0.0	-0.487868	-0.796254	-0.357721	0.0	2.82887	-1.45445	-3.71809	0.360412	
0	0.42307799999999995	-0.12029200000000001	-0.898073	0.0	0.903331	-0.021341	0.428413	0.0	-0.0707004	-0.992509	0.09963469999999999	0.0	-3.4260300000000004	-1.8406200000000001	-2.72074	0.348389	-0.268899	0.52863	-0.805136	0.0	0.828354	-0.299598	-0.473361	0.0	-0.49145	-0.7942229999999999	-0.357331	0.0	2.80726	-1.45565	-3.73175	0.360246	
0	0.454558	-0.13890999999999998	-0.879819	0.0	0.889774	0.025365900000000004	0.455697	0.0	-0.0409835	-0.98998	0.135129	0.0	-3.3866	-2.19503	-2.6835299999999997	0.34805	-0.249369	0.529055	-0.81112	0.0	0.8279620000000001	-0.317957	-0.461934	0.0	-0.50229	-0.7867689999999999	-0.358748	0.0	2.74341	-1.45662	-3.7548800000000004	0.360147	
0	0.451161	-0.15676500000000002	-0.878566	0.0	0.8923610000000001	0.0925719	0.44172700000000004	0.0	0.012083	-0.9832879999999999	0.18165599999999998	0.0	-3.27458	-2.4826900000000003	-2.61579	0.34783200000000003	-0.238021	0.53238	-0.812353	0.0	0.8257	-0.32950300000000005	-0.457872	0.0	-0.5114350000000001	-0.7797430000000001	-0.361158	0.0	2.7143200000000003	-1.44049	-3.75339	0.360166	
0	0.45540699999999995	-0.150087	-0.877541	0.0	0.8902709999999999	0.0819118	0.448004	0.0	0.00464159	-0.985274	0.17092100000000002	0.0	-3.23743	-2.67338	-2.61942	0.347213	-0.23460100000000003	0.533193	-0.812815	0.0	0.824116	-0.334366	-0.457201	0.0	-0.515554	-0.777113	-0.36096999999999996	0.0	2.69056	-1.45793	-3.77178	0.360185	
0	0.45766599999999996	-0.168549	-0.8730030000000001	0.0	0.8890299999999999	0.0724334	0.452083	0.0	-0.0129637	-0.983028	0.182995	0.0	-3.22736	-2.9357599999999997	-2.61967	0.345567	-0.23041399999999998	0.530676	-0.815655	0.0	0.821965	-0.34251	-0.455038	0.0	-0.520848	-0.775287	-0.35727800000000004	0.0	2.67786	-1.45931	-3.77566	0.360232	
0	0.455391	-0.170998	-0.8737159999999999	0.0	0.8902760000000001	0.0815673	0.44805900000000004	0.0	-0.00535047	-0.9818889999999999	0.189381	0.0	-3.24851	-3.13299	-2.59478	0.3459	-0.226084	0.52713	-0.8191579999999999	0.0	0.8227129999999999	-0.34693	-0.45031499999999997	0.0	-0.521565	-0.775741	-0.355241	0.0	2.66286	-1.4481899999999999	-3.7723199999999997	0.359969	
0	0.457978	-0.169191	-0.872714	0.0	0.888854	0.07178179999999999	0.452532	0.0	-0.013919200000000001	-0.982966	0.18325999999999998	0.0	-3.24246	-3.32974	-2.58982	0.347077	-0.192695	0.51764	-0.833617	0.0	0.8210120000000001	-0.380218	-0.42588000000000004	0.0	-0.537408	-0.766475	-0.351723	0.0	2.6614400000000002	-1.42759	-3.7735199999999995	0.35987199999999997	
0	0.460884	-0.16997400000000001	-0.871031	0.0	0.8872680000000001	0.06778789999999998	0.456247	0.0	-0.0185047	-0.9831139999999999	0.182055	0.0	-3.28215	-3.49232	-2.62629	0.347292	-0.16051400000000002	0.504303	-0.848477	0.0	0.8146	-0.41773999999999994	-0.40239400000000003	0.0	-0.557371	-0.7557590000000001	-0.343752	0.0	2.60871	-1.3724100000000001	-3.7274	0.359813	
0	0.460424	-0.180351	-0.869185	0.0	0.887494	0.07249560000000001	0.45508000000000004	0.0	-0.019062	-0.980927	0.193439	0.0	-3.31768	-3.61554	-2.59421	0.347009	-0.13781500000000002	0.48531899999999994	-0.8634069999999999	0.0	0.805197	-0.45273199999999997	-0.383004	0.0	-0.576771	-0.747997	-0.328384	0.0	2.52168	-1.34273	-3.66042	0.359741	
0	0.46223400000000003	-0.17699700000000002	-0.868914	0.0	0.8864780000000001	0.0676227	0.45780299999999996	0.0	-0.0222713	-0.981886	0.188162	0.0	-3.31886	-3.62718	-2.5805599999999997	0.34695	-0.125798	0.471095	-0.873066	0.0	0.797466	-0.47546499999999997	-0.37145900000000004	0.0	-0.590104	-0.742969	-0.31587	0.0	2.45307	-1.3328	-3.6147400000000003	0.359775	
0	0.463762	-0.180532	-0.8673709999999999	0.0	0.8857709999999999	0.07428710000000001	0.458139	0.0	-0.0182739	-0.9807600000000001	0.19436099999999998	0.0	-3.32173	-3.6260000000000003	-2.58524	0.347475	-0.11774000000000001	0.46551099999999995	-0.8771760000000001	0.0	0.786362	-0.495729	-0.36863	0.0	-0.6064430000000001	-0.73318	-0.307692	0.0	2.3692599999999997	-1.31431	-3.53829	0.35989099999999996	
0	0.467958	-0.181695	-0.864871	0.0	0.883617	0.0791528	0.46147200000000005	0.0	-0.015390200000000001	-0.9801639999999999	0.19758900000000001	0.0	-3.32481	-3.6249599999999997	-2.5869	0.34739699999999996	-0.10614100000000001	0.454191	-0.884559	0.0	0.773514	-0.521281	-0.360476	0.0	-0.6248279999999999	-0.72248	-0.295994	0.0	2.29048	-1.27516	-3.4643	0.35971	
0	0.469161	-0.182306	-0.8640909999999999	0.0	0.8829879999999999	0.08039260000000001	0.46246000000000004	0.0	-0.014842600000000001	-0.97995	0.198691	0.0	-3.3254599999999996	-3.62468	-2.58779	0.347172	-0.0963988	0.43800100000000003	-0.893791	0.0	0.7568090000000001	-0.550992	-0.351638	0.0	-0.646489	-0.710326	-0.27836900000000003	0.0	2.18093	-1.21259	-3.3630699999999996	0.359797	
0	0.46909399999999996	-0.182502	-0.864085	0.0	0.883	0.078987	0.46268000000000004	0.0	-0.0161887	-0.980028	0.198202	0.0	-3.3245699999999996	-3.6249	-2.5878200000000002	0.346423	-0.098412	0.436389	-0.89436	0.0	0.751356	-0.55671	-0.35431399999999996	0.0	-0.652518	-0.706851	-0.273096	0.0	2.13862	-1.18631	-3.3270800000000005	0.359525	
0	0.46295299999999995	-0.186272	-0.8665889999999999	0.0	0.886117	0.07330439999999999	0.457629	0.0	-0.0217185	-0.9797600000000001	0.198995	0.0	-3.35255	-3.6160400000000004	-2.61081	0.299299	-0.0995299	0.433871	-0.8954610000000001	0.0	0.742301	-0.566924	-0.357193	0.0	-0.6626340000000001	-0.700253	-0.265637	0.0	2.0706599999999997	-1.12735	-3.26815	0.359196	
0	0.45431800000000006	-0.18374400000000002	-0.871684	0.0	0.8907799999999999	0.08233380000000001	0.44691499999999995	0.0	-0.0103488	-0.9795200000000001	0.20108099999999998	0.0	-3.3880199999999996	-3.58734	-2.68894	0.13025	-0.101315	0.436904	-0.893784	0.0	0.73483	-0.572761	-0.36327600000000004	0.0	-0.6706409999999999	-0.693585	-0.263021	0.0	1.9957599999999998	-1.07378	-3.22064	0.359207	
0	0.457412	-0.180788	-0.870684	0.0	0.889078	0.11251099999999999	0.44371400000000005	0.0	0.0177433	-0.977066	0.212198	0.0	-3.4168300000000005	-3.5884	-2.7077400000000003	0.12987	-0.103754	0.436672	-0.893618	0.0	0.728526	-0.5783010000000001	-0.367176	0.0	-0.6771149999999999	-0.68912	-0.258125	0.0	1.9246599999999998	-1.0562	-3.15708	0.35923499999999997	
0	0.45632799999999996	-0.175786	-0.872275	0.0	0.8892469999999999	0.12501400000000001	0.440013	0.0	0.0316981	-0.976458	0.213365	0.0	-3.4074199999999997	-3.58779	-2.71184	0.12956900000000002	-0.10596099999999999	0.43533900000000003	-0.894009	0.0	0.724205	-0.5823050000000001	-0.36938899999999997	0.0	-0.681395	-0.686587	-0.253573	0.0	1.90422	-1.05948	-3.12501	0.359394	
0	0.47026599999999996	-0.14774500000000002	-0.8700700000000001	0.0	0.8804790000000001	0.14562999999999998	0.45116300000000004	0.0	0.06005069999999999	-0.978245	0.198571	0.0	-3.33848	-3.53669	-2.76687	0.129972	-0.111428	0.439497	-0.8913059999999999	0.0	0.7225189999999999	-0.579967	-0.376305	0.0	-0.682312	-0.685916	-0.25292	0.0	1.87506	-1.08152	-3.09295	0.359489	
0	0.476318	-0.132226	-0.869274	0.0	0.8760709999999999	0.155658	0.456366	0.0	0.0749658	-0.978922	0.18998199999999998	0.0	-3.3267900000000004	-3.39698	-2.7694900000000002	0.129974	-0.11037899999999999	0.4439	-0.889252	0.0	0.721	-0.580067	-0.379054	0.0	-0.684087	-0.68299	-0.256025	0.0	1.8728	-1.09956	-3.09925	0.359498	
0	0.47713199999999995	-0.12099000000000001	-0.8704639999999999	0.0	0.875509	0.15149	0.458841	0.0	0.0763517	-0.9810260000000001	0.178208	0.0	-3.3186	-3.22	-2.75086	0.129671	-0.109624	0.444799	-0.8888959999999999	0.0	0.716687	-0.58428	-0.380757	0.0	-0.688725	-0.678801	-0.254731	0.0	1.86444	-1.11338	-3.10378	0.359541	
0	0.47743599999999997	-0.102075	-0.872717	0.0	0.874735	0.149071	0.461104	0.0	0.0830292	-0.9835440000000001	0.16046	0.0	-3.4005400000000003	-2.96992	-2.75852	0.129985	-0.10500899999999999	0.442292	-0.890703	0.0	0.707712	-0.5959949999999999	-0.379385	0.0	-0.698654	-0.6702	-0.25043000000000004	0.0	1.82645	-1.1325	-3.1132	0.359625	
0	0.47761400000000004	-0.0892659	-0.874023	0.0	0.8748879999999999	0.13930399999999998	0.46386000000000005	0.0	0.0803481	-0.986218	0.14463099999999998	0.0	-3.47135	-2.77753	-2.7850200000000003	0.129661	-0.106531	0.439036	-0.8921309999999999	0.0	0.702205	-0.602014	-0.38011500000000004	0.0	-0.703959	-0.666954	-0.24416100000000002	0.0	1.80444	-1.15136	-3.10181	0.35985500000000004	
0	0.46906899999999996	-0.0855982	-0.8790040000000001	0.0	0.88087	0.116993	0.458672	0.0	0.0635754	-0.9894370000000001	0.130279	0.0	-3.60229	-2.45578	-2.75399	0.129663	-0.11758800000000001	0.42976099999999995	-0.8952530000000001	0.0	0.695561	-0.607791	-0.383126	0.0	-0.708779	-0.667754	-0.227456	0.0	1.7213599999999998	-1.2099799999999998	-3.0868900000000004	0.35989099999999996	
0	0.45874	-0.0896632	-0.884035	0.0	0.886703	0.11065799999999999	0.448902	0.0	0.0575756	-0.989806	0.130268	0.0	-3.7328099999999997	-2.1346700000000003	-2.64042	0.129665	-0.120452	0.428062	-0.8956860000000001	0.0	0.688912	-0.613588	-0.385888	0.0	-0.714767	-0.6635300000000001	-0.220989	0.0	1.67973	-1.27136	-3.10609	0.360105	
0	0.454747	-0.07904789999999999	-0.8871049999999999	0.0	0.8881709999999999	0.11406600000000001	0.44513	0.0	0.06600189999999999	-0.990323	0.122079	0.0	-3.76969	-1.9181	-2.548	0.129976	-0.119504	0.426839	-0.8963969999999999	0.0	0.683906	-0.619108	-0.38597800000000004	0.0	-0.719716	-0.659177	-0.21793200000000001	0.0	1.6336899999999999	-1.29105	-3.12838	0.360109	
1	0.46038999999999997	-0.0456014	-0.886545	0.0	0.884177	0.11265499999999999	0.453366	0.0	0.0792	-0.9925870000000001	0.0921852	0.0	-3.77071	-1.7184	-2.47022	0.129986	-0.110347	0.419309	-0.9011129999999999	0.0	0.672441	-0.636138	-0.378354	0.0	-0.731879	-0.647695	-0.211765	0.0	1.58091	-1.30932	-3.1486	0.36023499999999997	
1	0.463674	0.000709772	-0.886006	0.0	0.879652	0.11918	0.46044399999999996	0.0	0.105921	-0.992872	0.0546364	0.0	-3.7605199999999996	-1.4720600000000001	-2.4407099999999997	0.12966	-0.07712419999999999	0.369327	-0.9260940000000001	0.0	0.649822	-0.6858479999999999	-0.32763400000000004	0.0	-0.7561640000000001	-0.6270640000000001	-0.187101	0.0	1.52498	-1.34271	-3.15217	0.360295	
1	0.455284	0.0462424	-0.8891450000000001	0.0	0.879519	0.131912	0.457215	0.0	0.138431	-0.990182	0.0193861	0.0	-3.7259800000000003	-1.3688	-2.42699	0.12997999999999998	-0.0497003	0.323365	-0.944968	0.0	0.629	-0.7248020000000001	-0.281107	0.0	-0.7758149999999999	-0.608356	-0.167373	0.0	1.46548	-1.36968	-3.12302	0.360512	
