3	0.21916300000000002	0.806883	-0.548551	0.0	0.571182	0.349707	0.7426010000000001	0.0	0.791024	-0.47607299999999997	-0.384234	0.0	-2.84131	1.9218099999999998	1.33533	0.0	-0.395083	0.73265	-0.554197	0.0	0.685775	-0.166189	-0.7085859999999999	0.0	-0.611247	-0.660004	-0.436774	0.0	2.63806	1.97652	1.54477	0.013127400000000001	
3	0.0744192	0.8219290000000001	-0.564707	0.0	0.50363	0.45777799999999996	0.732664	0.0	0.8607090000000001	-0.338928	-0.37988099999999997	0.0	-3.11406	1.68071	1.28312	0.0	-0.189693	0.8185319999999999	-0.542238	0.0	0.6069220000000001	-0.336362	-0.720074	0.0	-0.771792	-0.465689	-0.43298000000000003	0.0	2.84857	1.7298200000000001	1.48488	0.0	
3	0.0621629	0.8154140000000001	-0.57553	0.0	0.503582	0.472238	0.7234619999999999	0.0	0.861708	-0.33479899999999996	-0.381272	0.0	-3.13225	1.62081	1.25284	0.0	-0.116022	0.779612	-0.615422	0.0	0.594641	-0.441775	-0.671741	0.0	-0.7955760000000001	-0.443892	-0.41233400000000003	0.0	2.87515	1.68301	1.42003	0.0	
3	0.0375347	0.81394	-0.5797359999999999	0.0	0.49449	0.489008	0.718576	0.0	0.868373	-0.313645	-0.38413	0.0	-3.09789	1.60564	1.20696	0.181285	-0.03503219999999999	0.727206	-0.685525	0.0	0.53342	-0.5664600000000001	-0.628161	0.0	-0.845125	-0.387679	-0.368062	0.0	2.88522	1.68389	1.3769999999999998	0.33647699999999997	
3	0.03472430000000001	0.805952	-0.590961	0.0	0.493565	0.5003449999999999	0.711371	0.0	0.869015	-0.31638	-0.380416	0.0	-2.9983299999999997	1.59499	1.2073399999999999	0.354184	-0.027805	0.685906	-0.727159	0.0	0.517776	-0.612366	-0.597425	0.0	-0.8550639999999999	-0.393117	-0.338119	0.0	2.7239299999999997	1.6513400000000003	1.4274799999999999	0.353916	
3	0.03575469999999999	0.807747	-0.588444	0.0	0.49890500000000004	0.49576899999999996	0.710849	0.0	0.8659190000000001	-0.318994	-0.385263	0.0	-2.9779299999999997	1.58968	1.1915	0.35394899999999996	-0.0271402	0.680315	-0.732418	0.0	0.510174	-0.6206550000000001	-0.595407	0.0	-0.859643	-0.38982	-0.330235	0.0	2.69007	1.6568900000000002	1.44482	0.353619	
3	0.0363539	0.803994	-0.593525	0.0	0.5079140000000001	0.496623	0.703839	0.0	0.86064	-0.327047	-0.390306	0.0	-2.98832	1.57497	1.1887	0.354118	-0.029805400000000003	0.679066	-0.733472	0.0	0.516638	-0.617713	-0.592888	0.0	-0.855685	-0.396611	-0.33242	0.0	2.68863	1.64762	1.4480600000000001	0.35289299999999996	
3	0.03824469999999999	0.802379	-0.595587	0.0	0.514023	0.495324	0.70031	0.0	0.856923	-0.332929	-0.393498	0.0	-2.99769	1.54443	1.18534	0.353865	-0.04441780000000001	0.6711689999999999	-0.739973	0.0	0.525776	-0.614117	-0.588575	0.0	-0.849463	-0.415203	-0.32560700000000004	0.0	2.69171	1.6027799999999999	1.466	0.352637	
3	0.038829	0.798752	-0.600407	0.0	0.516691	0.498249	0.696261	0.0	0.855291	-0.33726	-0.393361	0.0	-3.00779	1.50708	1.17841	0.353939	-0.049701199999999994	0.6686449999999999	-0.741919	0.0	0.522034	-0.615899	-0.590042	0.0	-0.851475	-0.416633	-0.318445	0.0	2.6788	1.56781	1.48088	0.35279	
3	0.0383744	0.797084	-0.602649	0.0	0.515325	0.5009239999999999	0.695353	0.0	0.8561350000000001	-0.337244	-0.39153499999999997	0.0	-3.00311	1.49217	1.18169	0.354044	-0.053060199999999995	0.6680560000000001	-0.742217	0.0	0.521915	-0.615115	-0.590964	0.0	-0.8513459999999999	-0.418731	-0.316031	0.0	2.66292	1.55835	1.50099	0.352654	
3	0.03683669999999999	0.795866	-0.604351	0.0	0.5147109999999999	0.503263	0.694117	0.0	0.8565719999999999	-0.336635	-0.39110300000000003	0.0	-3.00427	1.48899	1.1855799999999999	0.354081	-0.052800099999999996	0.667926	-0.7423529999999999	0.0	0.5223899999999999	-0.615086	-0.5905739999999999	0.0	-0.8510700000000001	-0.41898	-0.316441	0.0	2.65769	1.5562799999999999	1.51065	0.352358	
3	0.036738599999999996	0.795772	-0.604481	0.0	0.513375	0.5039399999999999	0.694615	0.0	0.8573770000000001	-0.335845	-0.390016	0.0	-2.99874	1.49108	1.19531	0.354288	-0.0552161	0.666396	-0.7435510000000001	0.0	0.52213	-0.615483	-0.590391	0.0	-0.8510770000000001	-0.420829	-0.313961	0.0	2.65225	1.55701	1.5303	0.352567	
3	0.0344371	0.793211	-0.6079720000000001	0.0	0.5118050000000001	0.508513	0.692438	0.0	0.858411	-0.335009	-0.38845799999999997	0.0	-2.99615	1.49112	1.20189	0.354321	-0.055013599999999996	0.666453	-0.7435149999999999	0.0	0.522274	-0.615446	-0.5903010000000001	0.0	-0.851001	-0.42079300000000003	-0.314213	0.0	2.65282	1.56227	1.5326799999999998	0.352225	
3	0.033986	0.792954	-0.608333	0.0	0.511085	0.509286	0.692401	0.0	0.858858	-0.334442	-0.387959	0.0	-2.99645	1.49062	1.20228	0.354425	-0.055101800000000006	0.665208	-0.744622	0.0	0.520455	-0.617297	-0.589975	0.0	-0.852109	-0.420051	-0.312197	0.0	2.6503799999999997	1.56146	1.5399399999999999	0.35246	
3	0.0327003	0.7917649999999999	-0.60995	0.0	0.5105649999999999	0.511407	0.691221	0.0	0.859217	-0.334022	-0.387524	0.0	-2.9935099999999997	1.4861	1.21046	0.354055	-0.059540699999999995	0.659926	-0.7489680000000001	0.0	0.518077	-0.620909	-0.588277	0.0	-0.85326	-0.42304899999999995	-0.304923	0.0	2.62688	1.55013	1.55962	0.352733	
3	0.031577499999999994	0.786401	-0.616908	0.0	0.5095569999999999	0.518316	0.686804	0.0	0.859857	-0.336038	-0.38435	0.0	-2.98394	1.48526	1.2167299999999999	0.354286	-0.05932280000000001	0.6607810000000001	-0.7482300000000001	0.0	0.518143	-0.6202880000000001	-0.5888720000000001	0.0	-0.853234	-0.422624	-0.305582	0.0	2.62164	1.54417	1.56112	0.352463	
3	0.029990499999999996	0.7827890000000001	-0.621564	0.0	0.511466	0.522249	0.682392	0.0	0.8587799999999999	-0.33837399999999995	-0.384708	0.0	-2.9765200000000003	1.48491	1.2209999999999999	0.354138	-0.06099740000000001	0.656984	-0.751433	0.0	0.516731	-0.623314	-0.586915	0.0	-0.853972	-0.42408900000000005	-0.301464	0.0	2.6198799999999998	1.53566	1.56111	0.352557	
3	0.029510900000000003	0.777684	-0.627963	0.0	0.513196	0.527325	0.6771689999999999	0.0	0.857764	-0.342252	-0.383542	0.0	-2.9758400000000003	1.48292	1.22869	0.353684	-0.0602942	0.657894	-0.750694	0.0	0.517734	-0.622378	-0.587024	0.0	-0.8534139999999999	-0.424054	-0.303089	0.0	2.6181200000000002	1.53498	1.56271	0.352507	
3	0.0288084	0.774961	-0.631352	0.0	0.514249	0.530127	0.674176	0.0	0.857157	-0.344094	-0.383251	0.0	-2.97594	1.4807	1.23482	0.353248	-0.060734699999999996	0.65815	-0.750433	0.0	0.518491	-0.62163	-0.587149	0.0	-0.852924	-0.424753	-0.30349	0.0	2.6173900000000003	1.53128	1.56441	0.35265599999999997	
3	0.0284422	0.776438	-0.629551	0.0	0.512985	0.529208	0.675859	0.0	0.857926	-0.342173	-0.38324899999999995	0.0	-2.97607	1.48272	1.2309299999999999	0.352511	-0.0604165	0.656013	-0.7523270000000001	0.0	0.5166850000000001	-0.624319	-0.585886	0.0	-0.8540409999999999	-0.424113	-0.301233	0.0	2.61728	1.53237	1.56529	0.35247399999999995	
3	0.027710400000000003	0.769767	-0.6377229999999999	0.0	0.5220899999999999	0.5328930000000001	0.665918	0.0	0.85244	-0.351402	-0.387121	0.0	-2.97538	1.4819799999999999	1.22843	0.35258	-0.0603952	0.655604	-0.752685	0.0	0.517091	-0.624444	-0.585395	0.0	-0.8537969999999999	-0.424562	-0.301293	0.0	2.61349	1.5346799999999998	1.56918	0.352484	
3	0.0314085	0.762367	-0.646382	0.0	0.533575	0.534053	0.655809	0.0	0.8451700000000001	-0.365491	-0.390006	0.0	-2.9750799999999997	1.46969	1.2058799999999998	0.353085	-0.0602029	0.652697	-0.755224	0.0	0.514295	-0.62816	-0.5838800000000001	0.0	-0.855498	-0.423559	-0.297862	0.0	2.6110599999999997	1.5368700000000002	1.57051	0.352338	
3	0.052960900000000005	0.753909	-0.654841	0.0	0.5684899999999999	0.516363	0.640459	0.0	0.820983	-0.40619	-0.40124299999999996	0.0	-2.98135	1.43395	1.16945	0.353623	-0.06026519999999999	0.651356	-0.756375	0.0	0.5126689999999999	-0.629975	-0.583354	0.0	-0.856469	-0.422926	-0.29596500000000003	0.0	2.6103400000000003	1.54105	1.57221	0.352302	
3	0.164017	0.729212	-0.6643399999999999	0.0	0.649147	0.427307	0.6292989999999999	0.0	0.7427699999999999	-0.53447	-0.40328	0.0	-3.0331799999999998	1.30008	1.09881	0.35320300000000004	-0.0576728	0.64641	-0.760808	0.0	0.507258	-0.6373989999999999	-0.58001	0.0	-0.8598620000000001	-0.41937700000000006	-0.291136	0.0	2.60968	1.5330000000000001	1.5732	0.352517	
3	0.317198	0.684625	-0.656258	0.0	0.698675	0.29922600000000005	0.649859	0.0	0.641279	-0.6646449999999999	-0.383416	0.0	-3.1478	1.0784200000000002	0.940783	0.35139499999999996	-0.057164599999999996	0.641309	-0.76515	0.0	0.5034489999999999	-0.643306	-0.5767979999999999	0.0	-0.862132	-0.41818599999999995	-0.286092	0.0	2.6103099999999997	1.52319	1.5819299999999998	0.352837	
3	0.446467	0.6084189999999999	-0.65612	0.0	0.722605	0.187309	0.6654	0.0	0.5277390000000001	-0.771195	-0.35602	0.0	-3.31969	0.796044	0.6295729999999999	0.349465	-0.059081600000000005	0.6388590000000001	-0.7670520000000001	0.0	0.50268	-0.6448229999999999	-0.575775	0.0	-0.862452	-0.419599	-0.283044	0.0	2.6040900000000002	1.52065	1.59408	0.352998	
3	0.478879	0.571695	-0.666213	0.0	0.742197	0.14164100000000002	0.655043	0.0	0.46884799999999993	-0.808148	-0.356482	0.0	-3.37011	0.587245	0.271015	0.347785	-0.0588521	0.6381560000000001	-0.767655	0.0	0.504441	-0.644575	-0.574512	0.0	-0.861439	-0.421047	-0.283977	0.0	2.60332	1.5289	1.60063	0.352632	
3	0.49670200000000003	0.540895	-0.678763	0.0	0.756862	0.112826	0.643762	0.0	0.42478999999999995	-0.8334889999999999	-0.353342	0.0	-3.31546	0.48419799999999996	0.06775189999999999	0.345583	-0.0588259	0.638075	-0.7677229999999999	0.0	0.505579	-0.644087	-0.5740569999999999	0.0	-0.860773	-0.421914	-0.284708	0.0	2.60238	1.53633	1.60287	0.352491	
3	0.537523	0.47875200000000007	-0.694166	0.0	0.7831	0.0219259	0.62151	0.0	0.312769	-0.877676	-0.363125	0.0	-3.18308	0.247892	-0.43780699999999995	0.33046	-0.0533077	0.63265	-0.772601	0.0	0.50008	-0.652778	-0.569036	0.0	-0.8643370000000001	-0.416696	-0.281578	0.0	2.60403	1.53979	1.60049	0.352434	
3	0.554025	0.451209	-0.699619	0.0	0.787257	-0.0106865	0.616533	0.0	0.27070900000000003	-0.8923540000000001	-0.361138	0.0	-3.10882	0.0479277	-0.787025	0.33131	-0.05421669999999999	0.632887	-0.7723439999999999	0.0	0.49991800000000003	-0.652358	-0.569659	0.0	-0.864374	-0.416994	-0.281023	0.0	2.6044	1.54321	1.6003100000000001	0.352529	
3	0.586596	0.41522600000000004	-0.695336	0.0	0.780672	-0.0614064	0.621917	0.0	0.215538	-0.907643	-0.360176	0.0	-3.09511	-0.186102	-1.03347	0.331311	-0.053810300000000005	0.630233	-0.77454	0.0	0.499212	-0.654794	-0.567479	0.0	-0.864807	-0.417196	-0.279385	0.0	2.6034200000000003	1.54362	1.60142	0.352446	
3	0.61248	0.372143	-0.697408	0.0	0.772307	-0.0935927	0.628317	0.0	0.168551	-0.9234450000000001	-0.34473200000000004	0.0	-3.1245	-0.408516	-1.2071	0.330985	-0.0531706	0.628772	-0.77577	0.0	0.499436	-0.655979	-0.5659109999999999	0.0	-0.864718	-0.417537	-0.279152	0.0	2.60373	1.5467799999999998	1.60524	0.351985	
3	0.6190939999999999	0.35895	-0.6984819999999999	0.0	0.769544	-0.09992539999999998	0.630727	0.0	0.156603	-0.9279930000000001	-0.338091	0.0	-3.1699900000000003	-0.49887	-1.29008	0.329065	-0.0517202	0.627103	-0.777217	0.0	0.498504	-0.6581520000000001	-0.564207	0.0	-0.8653430000000001	-0.416627	-0.278574	0.0	2.6036200000000003	1.54782	1.60416	0.351981	
3	0.627549	0.357619	-0.691585	0.0	0.764969	-0.11786500000000001	0.633191	0.0	0.144928	-0.9264	-0.347534	0.0	-3.2268	-0.598442	-1.3829	0.320686	-0.050361800000000005	0.626472	-0.7778149999999999	0.0	0.49709899999999996	-0.6597569999999999	-0.563571	0.0	-0.866231	-0.415034	-0.278192	0.0	2.60268	1.5504799999999999	1.6069200000000001	0.352077	
3	0.6369	0.360796	-0.681311	0.0	0.757199	-0.126604	0.6407970000000001	0.0	0.14494100000000001	-0.9240120000000001	-0.35382800000000003	0.0	-3.25652	-0.62188	-1.41431	0.319511	-0.0507099	0.625417	-0.778641	0.0	0.493598	-0.6620729999999999	-0.563934	0.0	-0.8682110000000001	-0.412933	-0.27513200000000004	0.0	2.60224	1.55011	1.60998	0.35243	
3	0.6387010000000001	0.361082	-0.679471	0.0	0.755347	-0.125906	0.643116	0.0	0.146668	-0.9239959999999999	-0.35315799999999997	0.0	-3.25841	-0.625156	-1.41283	0.324814	-0.0500396	0.626429	-0.777871	0.0	0.49626400000000004	-0.6603	-0.5636720000000001	0.0	-0.866728	-0.414235	-0.277833	0.0	2.6009	1.54498	1.6038700000000001	0.352378	
3	0.638835	0.361719	-0.679006	0.0	0.755179	-0.126252	0.643246	0.0	0.146948	-0.9236989999999999	-0.353817	0.0	-3.25965	-0.623983	-1.4126	0.333448	-0.049328	0.6234649999999999	-0.7802939999999999	0.0	0.49599399999999993	-0.662814	-0.560952	0.0	-0.866924	-0.414692	-0.276539	0.0	2.60108	1.5533299999999999	1.61006	0.3525	
3	0.644634	0.372319	-0.667702	0.0	0.747108	-0.12161500000000001	0.653483	0.0	0.162102	-0.9201030000000001	-0.356559	0.0	-3.2641	-0.62243	-1.42531	0.332801	-0.0504343	0.62421	-0.7796270000000001	0.0	0.502722	-0.6586489999999999	-0.559869	0.0	-0.8629760000000001	-0.42017200000000005	-0.280586	0.0	2.59925	1.55843	1.6147799999999999	0.352431	
3	0.647772	0.380301	-0.6601229999999999	0.0	0.7444529999999999	-0.131949	0.654508	0.0	0.16180799999999998	-0.915402	-0.368589	0.0	-3.2806699999999998	-0.622398	-1.42286	0.33528800000000003	-0.048588	0.6207159999999999	-0.782529	0.0	0.502713	-0.661792	-0.556158	0.0	-0.863087	-0.42041000000000006	-0.279887	0.0	2.59843	1.56217	1.61515	0.352421	
3	0.645798	0.390898	-0.655853	0.0	0.744492	-0.131876	0.654478	0.0	0.169343	-0.9109379999999999	-0.376186	0.0	-3.3237400000000004	-0.605351	-1.4549	0.335354	-0.047712199999999996	0.617135	-0.785409	0.0	0.499875	-0.666006	-0.5536800000000001	0.0	-0.8647819999999999	-0.41902399999999995	-0.27671399999999996	0.0	2.59776	1.5602200000000002	1.6199299999999999	0.35235900000000003	
3	0.641915	0.397086	-0.655948	0.0	0.746546	-0.128446	0.652818	0.0	0.17497100000000002	-0.908749	-0.378895	0.0	-3.3448	-0.597267	-1.47043	0.337329	-0.0465689	0.614484	-0.787553	0.0	0.49747600000000003	-0.669416	-0.551724	0.0	-0.8662270000000001	-0.41748199999999996	-0.274517	0.0	2.57464	1.56587	1.6413200000000001	0.352358	
3	0.639462	0.395898	-0.659054	0.0	0.748459	-0.124577	0.651375	0.0	0.175775	-0.909805	-0.37597600000000003	0.0	-3.34816	-0.597807	-1.46004	0.341907	-0.048512	0.617661	-0.7849470000000001	0.0	0.497511	-0.666504	-0.555208	0.0	-0.8661	-0.417454	-0.27496	0.0	2.56671	1.57092	1.6467900000000002	0.352668	
3	0.638074	0.40277199999999996	-0.656229	0.0	0.7473529999999999	-0.118896	0.6537029999999999	0.0	0.18527000000000002	-0.907546	-0.376877	0.0	-3.34706	-0.598399	-1.4415799999999999	0.343884	-0.0478166	0.619428	-0.783596	0.0	0.50131	-0.663654	-0.5552050000000001	0.0	-0.8639459999999999	-0.41937299999999994	-0.278792	0.0	2.58264	1.56576	1.62208	0.352451	
3	0.636108	0.406723	-0.6557	0.0	0.7467739999999999	-0.11068900000000001	0.655802	0.0	0.194151	-0.9068209999999999	-0.374141	0.0	-3.3582099999999997	-0.600256	-1.43981	0.343817	-0.0477406	0.62056	-0.782704	0.0	0.500764	-0.663141	-0.556309	0.0	-0.864267	-0.418508	-0.279095	0.0	2.59185	1.56605	1.61398	0.35278899999999996	
3	0.636096	0.406702	-0.655725	0.0	0.746785	-0.110659	0.655795	0.0	0.194151	-0.906834	-0.374109	0.0	-3.35649	-0.600116	-1.44215	0.343819	-0.0476849	0.620583	-0.78269	0.0	0.500765	-0.663144	-0.556305	0.0	-0.8642690000000001	-0.418471	-0.279145	0.0	2.59213	1.56683	1.61317	0.352794	
3	0.636097	0.40670100000000003	-0.655725	0.0	0.746785	-0.11066300000000001	0.655794	0.0	0.19414800000000002	-0.906834	-0.37411	0.0	-3.3565	-0.600116	-1.44212	0.34381999999999996	-0.0476856	0.620582	-0.78269	0.0	0.500764	-0.663144	-0.556305	0.0	-0.8642690000000001	-0.418471	-0.279143	0.0	2.59212	1.56683	1.61319	0.352794	
3	0.636097	0.40670100000000003	-0.655725	0.0	0.746785	-0.11066300000000001	0.655794	0.0	0.19414800000000002	-0.906834	-0.37411	0.0	-3.3565	-0.600116	-1.44212	0.34381999999999996	-0.0476856	0.620582	-0.78269	0.0	0.500764	-0.663144	-0.556305	0.0	-0.8642690000000001	-0.418471	-0.279143	0.0	2.59212	1.56683	1.61319	0.352794	
3	0.636097	0.40670100000000003	-0.655725	0.0	0.746785	-0.11066300000000001	0.655794	0.0	0.19414800000000002	-0.906834	-0.37411	0.0	-3.3565	-0.600116	-1.44212	0.34381999999999996	-0.0476857	0.620583	-0.78269	0.0	0.500764	-0.663144	-0.556305	0.0	-0.8642690000000001	-0.418471	-0.279143	0.0	2.59212	1.56683	1.61319	0.352794	
3	0.636097	0.40670100000000003	-0.655725	0.0	0.746785	-0.11066300000000001	0.655794	0.0	0.19414800000000002	-0.906834	-0.37411	0.0	-3.3565	-0.600116	-1.44212	0.34381999999999996	-0.0476856	0.620582	-0.78269	0.0	0.500764	-0.663144	-0.556305	0.0	-0.8642690000000001	-0.418471	-0.279143	0.0	2.59212	1.56683	1.61319	0.352794	
3	0.636097	0.40670100000000003	-0.655725	0.0	0.746785	-0.11066300000000001	0.655794	0.0	0.19414800000000002	-0.906834	-0.37411	0.0	-3.3565	-0.600116	-1.44212	0.34381999999999996	-0.0476856	0.620582	-0.78269	0.0	0.500764	-0.663144	-0.556305	0.0	-0.8642690000000001	-0.418471	-0.279143	0.0	2.59212	1.56683	1.61319	0.352794	
3	0.636097	0.40670100000000003	-0.655725	0.0	0.746785	-0.11066300000000001	0.655794	0.0	0.19414800000000002	-0.906834	-0.37411	0.0	-3.3565	-0.600116	-1.44212	0.34381999999999996	-0.0476856	0.620582	-0.78269	0.0	0.500764	-0.663144	-0.556305	0.0	-0.8642690000000001	-0.418471	-0.279143	0.0	2.59212	1.56683	1.61319	0.352794	
3	0.636096	0.40670100000000003	-0.655725	0.0	0.746785	-0.11066300000000001	0.655794	0.0	0.19414800000000002	-0.906834	-0.37411	0.0	-3.3565	-0.600116	-1.44212	0.343819	-0.0476856	0.620582	-0.78269	0.0	0.500764	-0.663144	-0.556305	0.0	-0.8642690000000001	-0.418471	-0.279143	0.0	2.59212	1.56683	1.61319	0.352794	
3	0.636097	0.40670100000000003	-0.655725	0.0	0.746785	-0.11066300000000001	0.655794	0.0	0.19414800000000002	-0.906834	-0.37411	0.0	-3.3565	-0.600116	-1.44212	0.34381999999999996	-0.0476856	0.620582	-0.78269	0.0	0.500764	-0.663144	-0.556305	0.0	-0.8642690000000001	-0.418471	-0.279143	0.0	2.59212	1.56683	1.61319	0.352794	
3	0.636097	0.40670100000000003	-0.655725	0.0	0.746785	-0.11066300000000001	0.655794	0.0	0.19414700000000001	-0.906834	-0.37411	0.0	-3.3565	-0.600116	-1.44212	0.34381999999999996	-0.0476856	0.620582	-0.78269	0.0	0.500764	-0.663144	-0.556305	0.0	-0.8642690000000001	-0.418471	-0.279143	0.0	2.59212	1.56683	1.61319	0.352794	
3	0.636096	0.40670100000000003	-0.655725	0.0	0.746785	-0.11066300000000001	0.655794	0.0	0.19414800000000002	-0.906834	-0.37411	0.0	-3.3565	-0.600116	-1.44212	0.343819	-0.0476856	0.620582	-0.78269	0.0	0.500764	-0.663144	-0.556305	0.0	-0.8642690000000001	-0.418471	-0.279143	0.0	2.59212	1.56683	1.61319	0.352794	
3	0.636096	0.40670100000000003	-0.655725	0.0	0.746785	-0.11066300000000001	0.655794	0.0	0.19414800000000002	-0.906834	-0.37411	0.0	-3.3565	-0.600116	-1.44212	0.343819	-0.0476856	0.620582	-0.78269	0.0	0.500764	-0.663144	-0.556305	0.0	-0.8642690000000001	-0.418471	-0.279143	0.0	2.59212	1.56683	1.61319	0.352794	
3	0.636097	0.40670100000000003	-0.655725	0.0	0.746785	-0.11066300000000001	0.655794	0.0	0.19414800000000002	-0.906834	-0.37411	0.0	-3.3565	-0.600116	-1.44212	0.34381999999999996	-0.0476856	0.620582	-0.78269	0.0	0.500764	-0.663144	-0.556305	0.0	-0.8642690000000001	-0.418471	-0.279143	0.0	2.59212	1.56683	1.61319	0.352794	
3	0.636096	0.40670100000000003	-0.655725	0.0	0.746785	-0.11066300000000001	0.655794	0.0	0.19414800000000002	-0.906834	-0.37411	0.0	-3.3565	-0.600116	-1.44212	0.343819	-0.0476856	0.620582	-0.78269	0.0	0.500764	-0.663144	-0.556305	0.0	-0.8642690000000001	-0.418471	-0.279143	0.0	2.59212	1.56683	1.61319	0.352794	
3	0.636097	0.40670100000000003	-0.655725	0.0	0.746785	-0.11066300000000001	0.655794	0.0	0.19414700000000001	-0.906834	-0.37411	0.0	-3.3565	-0.600116	-1.44212	0.34381999999999996	-0.0476856	0.620582	-0.78269	0.0	0.500764	-0.663144	-0.556305	0.0	-0.8642690000000001	-0.418471	-0.279143	0.0	2.59212	1.56683	1.61319	0.352794	
3	0.636096	0.40670100000000003	-0.655725	0.0	0.746785	-0.11066300000000001	0.655794	0.0	0.19414800000000002	-0.906834	-0.37411	0.0	-3.3565	-0.600116	-1.44212	0.343819	-0.0476857	0.620582	-0.78269	0.0	0.500764	-0.663144	-0.556305	0.0	-0.8642690000000001	-0.418471	-0.279143	0.0	2.59212	1.56683	1.61319	0.35279299999999997	
3	0.636097	0.40670100000000003	-0.655725	0.0	0.746785	-0.11066300000000001	0.655794	0.0	0.19414800000000002	-0.906834	-0.37411	0.0	-3.3565	-0.600116	-1.44212	0.34381999999999996	-0.0476856	0.620582	-0.78269	0.0	0.500764	-0.663144	-0.556305	0.0	-0.8642690000000001	-0.418471	-0.279143	0.0	2.59212	1.56683	1.61319	0.352794	
3	0.636097	0.40670100000000003	-0.655725	0.0	0.746785	-0.11066300000000001	0.655794	0.0	0.19414800000000002	-0.906834	-0.37411	0.0	-3.3565	-0.600116	-1.44212	0.34381999999999996	-0.0476856	0.620582	-0.78269	0.0	0.500764	-0.663144	-0.556305	0.0	-0.8642690000000001	-0.418471	-0.279143	0.0	2.59212	1.56683	1.61319	0.352794	
3	0.636096	0.40670100000000003	-0.655725	0.0	0.746785	-0.11066300000000001	0.655794	0.0	0.19414800000000002	-0.906834	-0.37411	0.0	-3.3565	-0.600116	-1.44212	0.343819	-0.0476856	0.620582	-0.78269	0.0	0.500764	-0.663144	-0.556305	0.0	-0.8642690000000001	-0.418471	-0.279143	0.0	2.59212	1.56683	1.61319	0.352794	
3	0.636096	0.40670100000000003	-0.655725	0.0	0.746785	-0.11066300000000001	0.655794	0.0	0.19414800000000002	-0.906834	-0.37411	0.0	-3.3565	-0.600116	-1.44212	0.343819	-0.0476857	0.620583	-0.78269	0.0	0.500764	-0.663144	-0.556305	0.0	-0.8642690000000001	-0.418471	-0.279143	0.0	2.59212	1.56683	1.61319	0.352794	
3	0.636096	0.40670100000000003	-0.655725	0.0	0.746785	-0.11066300000000001	0.655794	0.0	0.19414800000000002	-0.906834	-0.37411	0.0	-3.3565	-0.600116	-1.44212	0.343819	-0.0476857	0.620582	-0.78269	0.0	0.500764	-0.663144	-0.556305	0.0	-0.8642690000000001	-0.418471	-0.279143	0.0	2.59212	1.56683	1.61319	0.352794	
3	0.636097	0.40670100000000003	-0.655725	0.0	0.746785	-0.11066300000000001	0.655794	0.0	0.19414800000000002	-0.906834	-0.37411	0.0	-3.3565	-0.600116	-1.44212	0.34381999999999996	-0.0476857	0.620583	-0.78269	0.0	0.500764	-0.663144	-0.556305	0.0	-0.8642690000000001	-0.418471	-0.279143	0.0	2.59212	1.56683	1.61319	0.352794	
3	0.636096	0.40670100000000003	-0.655725	0.0	0.746785	-0.11066300000000001	0.655794	0.0	0.19414800000000002	-0.906834	-0.37411	0.0	-3.3565	-0.600116	-1.44212	0.343819	-0.0476857	0.620583	-0.78269	0.0	0.500764	-0.663144	-0.556305	0.0	-0.8642690000000001	-0.418471	-0.279143	0.0	2.59212	1.56683	1.61319	0.352794	
3	0.636097	0.40670100000000003	-0.655725	0.0	0.746785	-0.11066300000000001	0.655794	0.0	0.19414800000000002	-0.906834	-0.37411	0.0	-3.3565	-0.600116	-1.44212	0.34381999999999996	-0.0476857	0.620582	-0.78269	0.0	0.500764	-0.663144	-0.556305	0.0	-0.8642690000000001	-0.418471	-0.279143	0.0	2.59212	1.56683	1.61319	0.352794	
3	0.518175	0.504753	-0.690448	0.0	0.756182	0.106804	0.645586	0.0	0.399604	-0.8566309999999999	-0.326342	0.0	-3.35756	-0.650926	-1.52261	0.350992	-0.0557828	0.580422	-0.812403	0.0	0.509799	-0.683053	-0.5230130000000001	0.0	-0.858483	-0.443337	-0.257796	0.0	2.5435	1.58884	1.64678	0.353544	
3	0.540891	0.49159200000000003	-0.682476	0.0	0.752145	0.08046669999999999	0.654067	0.0	0.37645100000000004	-0.8671	-0.326225	0.0	-3.33831	-0.7461909999999999	-1.69891	0.350515	-0.05748330000000001	0.572851	-0.817641	0.0	0.5096729999999999	-0.687389	-0.5174270000000001	0.0	-0.8584459999999999	-0.44647299999999995	-0.252454	0.0	2.54146	1.59056	1.6560599999999999	0.353483	
3	0.554489	0.455039	-0.696765	0.0	0.753627	0.0805548	0.6523479999999999	0.0	0.35297199999999995	-0.8868209999999999	-0.298263	0.0	-3.3313900000000003	-0.9090239999999999	-1.8276700000000001	0.349833	-0.057178599999999996	0.574534	-0.816481	0.0	0.5147970000000001	-0.6837439999999999	-0.517183	0.0	-0.855403	-0.44989399999999996	-0.256673	0.0	2.53917	1.6028799999999999	1.6630599999999998	0.353069	
3	0.559589	0.403947	-0.7236630000000001	0.0	0.764514	0.08551089999999999	0.6389100000000001	0.0	0.319967	-0.9107770000000001	-0.260972	0.0	-3.30955	-1.1337899999999999	-1.9589299999999998	0.34868000000000005	-0.054022	0.5710810000000001	-0.819114	0.0	0.5130359999999999	-0.687886	-0.513426	0.0	-0.856665	-0.44797200000000004	-0.255824	0.0	2.54032	1.6145399999999999	1.65753	0.352941	
3	0.559671	0.32373	-0.762868	0.0	0.782988	0.0949908	0.614742	0.0	0.271476	-0.941369	-0.20031300000000002	0.0	-3.2652799999999997	-1.47535	-2.11554	0.346961	-0.051735500000000004	0.570799	-0.819459	0.0	0.5116	-0.689559	-0.5126149999999999	0.0	-0.857665	-0.445755	-0.256346	0.0	2.54351	1.61533	1.6465900000000002	0.352944	
3	0.575172	0.290029	-0.764892	0.0	0.782258	0.0784877	0.617991	0.0	0.23926999999999998	-0.953794	-0.18173399999999998	0.0	-3.20641	-1.7471400000000001	-2.25276	0.34683800000000004	-0.0530567	0.570086	-0.8198700000000001	0.0	0.509842	-0.690488	-0.513116	0.0	-0.8586299999999999	-0.44522799999999996	-0.254019	0.0	2.54469	1.61306	1.64717	0.353032	
3	0.593586	0.23763299999999998	-0.768886	0.0	0.779054	0.0699206	0.623046	0.0	0.201817	-0.968835	-0.143626	0.0	-3.03297	-2.0319599999999998	-2.42161	0.34617800000000004	-0.051809100000000004	0.566473	-0.82245	0.0	0.50934	-0.6934020000000001	-0.509674	0.0	-0.8590049999999999	-0.445312	-0.252603	0.0	2.54312	1.62378	1.6569599999999998	0.352738	
3	0.61269	0.18676900000000002	-0.767938	0.0	0.7730600000000001	0.0603557	0.631455	0.0	0.164285	-0.980548	-0.107404	0.0	-2.87661	-2.2233400000000003	-2.5238	0.346088	-0.0473436	0.564858	-0.823829	0.0	0.5082399999999999	-0.696391	-0.506687	0.0	-0.8599129999999999	-0.442691	-0.254114	0.0	2.54497	1.6283100000000001	1.6544299999999998	0.352445	
3	0.646458	0.11883800000000001	-0.753637	0.0	0.75426	0.0491092	0.654737	0.0	0.114818	-0.991699	-0.0578876	0.0	-2.74435	-2.4079099999999998	-2.6032599999999997	0.345206	-0.0475336	0.565656	-0.8232700000000001	0.0	0.506698	-0.696631	-0.5079	0.0	-0.8608120000000001	-0.441291	-0.253504	0.0	2.54562	1.62887	1.6510799999999999	0.352709	
3	0.6844600000000001	0.049018	-0.7274	0.0	0.7270949999999999	0.0271246	0.686001	0.0	0.0533569	-0.9984299999999999	-0.0170751	0.0	-2.57463	-2.59042	-2.6712	0.344406	-0.048083	0.562067	-0.825693	0.0	0.504826	-0.699624	-0.5056470000000001	0.0	-0.8618809999999999	-0.441144	-0.250106	0.0	2.54491	1.62801	1.65851	0.352546	
3	0.700591	0.0150644	-0.713404	0.0	0.713217	0.0163417	0.700753	0.0	0.022214599999999998	-0.9997530000000001	0.0007047360000000001	0.0	-2.47661	-2.71624	-2.71745	0.3449	-0.0414392	0.559996	-0.8274590000000001	0.0	0.504947	-0.702887	-0.5009779999999999	0.0	-0.8621549999999999	-0.438583	-0.253641	0.0	2.55039	1.64093	1.6474799999999998	0.35213	
3	0.7128479999999999	-0.00784039	-0.701275	0.0	0.7013149999999999	0.0113823	0.712761	0.0	0.00239381	-0.9999049999999999	0.0136124	0.0	-2.43779	-2.78325	-2.73447	0.344429	-0.034593599999999995	0.566962	-0.823017	0.0	0.50548	-0.700484	-0.503797	0.0	-0.862145	-0.433447	-0.262355	0.0	2.58219	1.6565	1.59067	0.351914	
3	0.716951	-0.0224914	-0.69676	0.0	0.696673	-0.01281	0.717275	0.0	-0.025058	-0.9996649999999999	0.00648497	0.0	-2.42752	-2.79981	-2.75966	0.344009	-0.034735699999999994	0.565344	-0.824124	0.0	0.504463	-0.70194	-0.50279	0.0	-0.862735	-0.433204	-0.260813	0.0	2.60495	1.64116	1.5318200000000002	0.352616	
3	0.711971	-0.0366794	-0.70125	0.0	0.70009	-0.0404446	0.712909	0.0	-0.054510699999999995	-0.998508	-0.00311658	0.0	-2.5011400000000004	-2.77432	-2.80408	0.344084	-0.038463800000000006	0.550447	-0.8339840000000001	0.0	0.5038590000000001	-0.710052	-0.491888	0.0	-0.8629290000000001	-0.43913	-0.25003600000000004	0.0	2.5787	1.6085	1.51544	0.353174	
3	0.7116060000000001	-0.0457791	-0.701086	0.0	0.698597	-0.05998380000000001	0.712997	0.0	-0.0746941	-0.997149	-0.0107037	0.0	-2.64906	-2.73025	-2.79763	0.34383	-0.036728699999999996	0.54376	-0.8384370000000001	0.0	0.50344	-0.7146899999999999	-0.485559	0.0	-0.8632489999999999	-0.439936	-0.24750100000000003	0.0	2.56373	1.6046	1.53509	0.352774	
3	0.712376	-0.0542817	-0.699695	0.0	0.6951229999999999	-0.08259839999999999	0.71413	0.0	-0.0965578	-0.9951040000000001	-0.0211088	0.0	-2.79986	-2.75109	-2.82458	0.344353	-0.0326998	0.54	-0.8410299999999999	0.0	0.5019779999999999	-0.718775	-0.481021	0.0	-0.8642620000000001	-0.437907	-0.24756399999999998	0.0	2.55797	1.61572	1.5533700000000001	0.352377	
3	0.7159949999999999	-0.06930599999999999	-0.694656	0.0	0.687755	-0.10068300000000001	0.7189270000000001	0.0	-0.11976600000000001	-0.992502	-0.0244231	0.0	-2.94129	-2.76119	-2.80225	0.344368	-0.030251	0.541378	-0.8402350000000001	0.0	0.501235	-0.719069	-0.48135500000000003	0.0	-0.8647819999999999	-0.435717	-0.24960500000000002	0.0	2.55793	1.62467	1.56454	0.352456	
3	0.719134	-0.0989434	-0.6877909999999999	0.0	0.680254	-0.10171000000000001	0.7258859999999999	0.0	-0.141777	-0.9898819999999999	-0.00583662	0.0	-3.07727	-2.80367	-2.77009	0.344052	-0.030420999999999997	0.543333	-0.838966	0.0	0.500116	-0.71846	-0.48342399999999996	0.0	-0.865424	-0.434287	-0.249873	0.0	2.55829	1.6229200000000001	1.56864	0.352607	
3	0.719136	-0.11350899999999998	-0.685535	0.0	0.679029	-0.094652	0.727984	0.0	-0.14752	-0.9890180000000001	0.00900853	0.0	-3.14949	-2.80609	-2.7472	0.344065	-0.030955400000000004	0.544108	-0.8384440000000001	0.0	0.499274	-0.71828	-0.48456099999999996	0.0	-0.865891	-0.433613	-0.249425	0.0	2.5588599999999997	1.62163	1.57017	0.353035	
3	0.705918	-0.135796	-0.695155	0.0	0.6949810000000001	-0.05659840000000001	0.716797	0.0	-0.136683	-0.9891190000000001	0.054422000000000005	0.0	-3.2951300000000003	-2.78083	-2.71746	0.343956	-0.031354599999999996	0.54361	-0.838752	0.0	0.49858900000000006	-0.718795	-0.48450200000000004	0.0	-0.8662709999999999	-0.433384	-0.2485	0.0	2.55812	1.61625	1.5705799999999999	0.352971	
3	0.695757	-0.151144	-0.702195	0.0	0.705454	-0.0401092	0.70762	0.0	-0.13511700000000001	-0.987698	0.0787192	0.0	-3.35471	-2.7593900000000002	-2.67123	0.34408099999999997	-0.0312471	0.542375	-0.8395549999999999	0.0	0.497849	-0.719909	-0.483609	0.0	-0.866701	-0.433083	-0.24752600000000002	0.0	2.5552099999999998	1.61781	1.57302	0.352813	
3	0.684396	-0.170742	-0.708836	0.0	0.716548	-0.0221827	0.697185	0.0	-0.13476300000000002	-0.985066	0.10716300000000001	0.0	-3.38085	-2.74951	-2.61329	0.343779	-0.031503300000000005	0.541509	-0.8401040000000001	0.0	0.49783	-0.7203430000000001	-0.48298199999999997	0.0	-0.8667020000000001	-0.43344499999999997	-0.246887	0.0	2.55179	1.62076	1.5809	0.352848	
3	0.677649	-0.167051	-0.7161609999999999	0.0	0.726226	-0.00121346	0.687455	0.0	-0.11570899999999999	-0.9859479999999999	0.120494	0.0	-3.4069800000000003	-2.75465	-2.5972299999999997	0.344019	-0.0313474	0.540931	-0.840483	0.0	0.498276	-0.720497	-0.482293	0.0	-0.866452	-0.433911	-0.24694699999999997	0.0	2.55254	1.6201	1.5799299999999998	0.35265599999999997	
3	0.659646	-0.180902	-0.729481	0.0	0.7444970000000001	0.024369799999999997	0.667181	0.0	-0.10291700000000001	-0.9831989999999999	0.150757	0.0	-3.3968300000000005	-2.78512	-2.55877	0.344059	-0.0318246	0.541272	-0.840245	0.0	0.49896899999999994	-0.719816	-0.48259300000000005	0.0	-0.866036	-0.43461400000000006	-0.24716999999999997	0.0	2.55439	1.62227	1.58217	0.352585	
3	0.65628	-0.18337699999999998	-0.731895	0.0	0.7499680000000001	0.052178800000000004	0.659413	0.0	-0.0827317	-0.981657	0.171771	0.0	-3.3866	-2.85233	-2.51531	0.34442	-0.031038200000000002	0.541223	-0.840306	0.0	0.49863100000000005	-0.72024	-0.482308	0.0	-0.866259	-0.433972	-0.247515	0.0	2.55381	1.6235600000000001	1.58006	0.35254	
3	0.6471439999999999	-0.18720499999999998	-0.7390260000000001	0.0	0.759938	0.08107260000000001	0.6449189999999999	0.0	-0.0608172	-0.9789700000000001	0.19473	0.0	-3.34692	-2.9357	-2.48634	0.34376799999999996	-0.0309046	0.5402710000000001	-0.840923	0.0	0.49746599999999996	-0.721407	-0.481767	0.0	-0.866933	-0.43322	-0.24647199999999997	0.0	2.55373	1.6224	1.58755	0.352489	
3	0.643726	-0.18623900000000002	-0.7422479999999999	0.0	0.762792	0.07838099999999999	0.641876	0.0	-0.061364300000000004	-0.9793729999999999	0.192517	0.0	-3.35164	-2.97339	-2.48588	0.34415500000000004	-0.0306942	0.5410229999999999	-0.840448	0.0	0.49751899999999993	-0.72101	-0.482307	0.0	-0.8669100000000001	-0.432942	-0.247038	0.0	2.55199	1.62506	1.5886799999999999	0.352535	
3	0.624484	-0.191558	-0.757182	0.0	0.780974	0.140809	0.608483	0.0	-0.009942	-0.9713280000000001	0.237535	0.0	-3.3784099999999997	-3.10756	-2.4511	0.344015	-0.0307877	0.540736	-0.8406290000000001	0.0	0.49789799999999995	-0.720958	-0.481993	0.0	-0.8666889999999999	-0.43338699999999997	-0.247035	0.0	2.55219	1.6210200000000001	1.58594	0.352615	
3	0.614578	-0.18778	-0.766181	0.0	0.788851	0.14995899999999998	0.596009	0.0	0.00297734	-0.9706959999999999	0.24029099999999998	0.0	-3.37721	-3.16838	-2.4488	0.344328	-0.030922700000000004	0.540246	-0.840939	0.0	0.498051	-0.721124	-0.481587	0.0	-0.8665959999999999	-0.43372200000000005	-0.246771	0.0	2.55088	1.62164	1.58844	0.35260199999999997	
3	0.613679	-0.186605	-0.767188	0.0	0.789554	0.146831	0.595856	0.0	0.00145712	-0.9714010000000001	0.23744099999999999	0.0	-3.3881300000000003	-3.19143	-2.4511700000000003	0.344496	-0.0301777	0.540099	-0.84106	0.0	0.49852299999999994	-0.7211850000000001	-0.48100600000000004	0.0	-0.866351	-0.433803	-0.247488	0.0	2.5511	1.62147	1.58588	0.35254800000000003	
3	0.603506	-0.194128	-0.773366	0.0	0.7973520000000001	0.15068399999999998	0.5844	0.0	0.00308526	-0.969334	0.24572800000000003	0.0	-3.49451	-3.35284	-2.4491400000000003	0.344866	-0.030395	0.540247	-0.840958	0.0	0.497558	-0.721521	-0.48150200000000004	0.0	-0.866898	-0.43306000000000006	-0.24687399999999998	0.0	2.55199	1.62507	1.59176	0.352665	
3	0.60004	-0.188744	-0.777386	0.0	0.799801	0.161551	0.578118	0.0	0.0164715	-0.9686469999999999	0.247894	0.0	-3.5157599999999998	-3.4836699999999996	-2.42577	0.344902	-0.0300858	0.539868	-0.8412120000000001	0.0	0.49728	-0.721965	-0.48112299999999997	0.0	-0.8670680000000001	-0.43279300000000004	-0.246745	0.0	2.55315	1.62467	1.58897	0.35255	
3	0.5926	-0.18501900000000002	-0.78396	0.0	0.8049069999999999	0.173261	0.567543	0.0	0.030823200000000002	-0.967341	0.251598	0.0	-3.5324400000000002	-3.51959	-2.41768	0.34645	-0.0299312	0.539363	-0.841542	0.0	0.497137	-0.7223689999999999	-0.48066400000000004	0.0	-0.8671559999999999	-0.43274799999999997	-0.24651599999999999	0.0	2.5518099999999997	1.62515	1.59123	0.352612	
3	0.575955	-0.173284	-0.798904	0.0	0.814851	0.200022	0.544067	0.0	0.0655204	-0.9643459999999999	0.256405	0.0	-3.5652	-3.5333099999999997	-2.41519	0.34925900000000004	-0.0298675	0.539091	-0.8417180000000001	0.0	0.49636499999999995	-0.722928	-0.48062200000000005	0.0	-0.8676	-0.432154	-0.24599400000000002	0.0	2.5516	1.62466	1.59105	0.352851	
3	0.562288	-0.16195	-0.810928	0.0	0.8227389999999999	0.20830300000000002	0.528877	0.0	0.0832675	-0.964563	0.250369	0.0	-3.5822300000000005	-3.5363800000000003	-2.40552	0.35015999999999997	-0.0299971	0.539578	-0.8414010000000001	0.0	0.49613599999999997	-0.722726	-0.48116099999999995	0.0	-0.867726	-0.431883	-0.246025	0.0	2.55218	1.62283	1.59281	0.35279499999999997	
3	0.553253	-0.159629	-0.817576	0.0	0.8276870000000001	0.216153	0.517892	0.0	0.09405110000000001	-0.9632219999999999	0.25171	0.0	-3.5920300000000003	-3.5400099999999997	-2.40262	0.350094	-0.0297772	0.538813	-0.841899	0.0	0.49629700000000004	-0.7231449999999999	-0.480364	0.0	-0.867642	-0.43213599999999996	-0.245878	0.0	2.55188	1.62405	1.5951	0.352759	
3	0.53179	-0.14393	-0.834556	0.0	0.8369190000000001	0.239992	0.49190500000000004	0.0	0.129486	-0.960046	0.248083	0.0	-3.6214800000000005	-3.5507199999999997	-2.3871900000000004	0.350475	-0.0301414	0.538676	-0.841974	0.0	0.49524799999999997	-0.723642	-0.480699	0.0	-0.8682280000000001	-0.431475	-0.24496700000000002	0.0	2.54909	1.62666	1.60134	0.35289499999999996	
3	0.462925	-0.138325	-0.8755379999999999	0.0	0.8627729999999999	0.296838	0.409279	0.0	0.203279	-0.944857	0.256756	0.0	-3.68937	-3.5837199999999996	-2.3673900000000003	0.35080700000000004	-0.030010000000000002	0.539768	-0.8412790000000001	0.0	0.49670600000000004	-0.72233	-0.48116800000000004	0.0	-0.8674	-0.43230799999999997	-0.246429	0.0	2.54672	1.62615	1.60435	0.352966	
0	0.41105	-0.139026	-0.900949	0.0	0.876833	0.33068000000000003	0.34902	0.0	0.249403	-0.9334469999999999	0.257828	0.0	-3.71677	-3.5877199999999996	-2.3719900000000003	0.35234699999999997	-0.0298072	0.54	-0.8411370000000001	0.0	0.49712	-0.7220479999999999	-0.481163	0.0	-0.8671690000000001	-0.432488	-0.246923	0.0	2.54631	1.62506	1.60645	0.352995	
0	0.383818	-0.138127	-0.91302	0.0	0.878	0.360833	0.314508	0.0	0.286006	-0.9223450000000001	0.259769	0.0	-3.74117	-3.5852	-2.38321	0.354517	-0.029919400000000002	0.5394399999999999	-0.841493	0.0	0.496229	-0.722781	-0.480983	0.0	-0.867676	-0.431964	-0.24606	0.0	2.54604	1.62517	1.60684	0.35282800000000003	
0	0.32001	-0.136638	-0.937509	0.0	0.866992	0.44121499999999997	0.231634	0.0	0.381994	-0.8869379999999999	0.259658	0.0	-3.8052699999999997	-3.5810800000000005	-2.4068400000000003	0.36536	-0.0298347	0.539251	-0.8416170000000001	0.0	0.49519300000000005	-0.723428	-0.48107799999999995	0.0	-0.8682709999999999	-0.43111499999999997	-0.24545	0.0	2.54712	1.62915	1.61548	0.35309	
0	0.25922199999999995	-0.111801	-0.959325	0.0	0.8470719999999999	0.5034850000000001	0.170213	0.0	0.463976	-0.85674	0.22521799999999997	0.0	-3.74497	-3.58321	-2.29772	0.361122	-0.0312427	0.5401189999999999	-0.841008	0.0	0.49520299999999995	-0.722525	-0.482422	0.0	-0.868215	-0.431542	-0.24489499999999997	0.0	2.54529	1.62735	1.6241	0.353313	
0	0.24977800000000003	-0.10903199999999999	-0.962145	0.0	0.830943	0.534281	0.155171	0.0	0.497137	-0.8382459999999999	0.22405100000000003	0.0	-3.72154	-3.58431	-2.2834	0.359265	-0.0310228	0.540199	-0.840965	0.0	0.49537700000000007	-0.722456	-0.48234799999999994	0.0	-0.868124	-0.431558	-0.24519000000000002	0.0	2.54345	1.6245	1.6252799999999998	0.353464	
0	0.241393	-0.08912189999999999	-0.966326	0.0	0.800133	0.5817260000000001	0.146226	0.0	0.5491050000000001	-0.808488	0.211734	0.0	-3.63553	-3.59289	-2.22376	0.357674	-0.031493799999999995	0.5405409999999999	-0.840728	0.0	0.49513	-0.722248	-0.48291300000000004	0.0	-0.8682479999999999	-0.431478	-0.244892	0.0	2.54374	1.62295	1.6245	0.353453	
0	0.240625	-0.08650060000000001	-0.966756	0.0	0.7952199999999999	0.5886640000000001	0.145259	0.0	0.55653	-0.803736	0.210434	0.0	-3.59056	-3.5941699999999996	-2.2025900000000003	0.357794	-0.0314775	0.540076	-0.8410270000000001	0.0	0.494674	-0.722746	-0.48263500000000004	0.0	-0.868509	-0.431226	-0.24441100000000002	0.0	2.5432900000000003	1.62127	1.6255	0.35354	
0	0.25466500000000003	-0.0632955	-0.9649559999999999	0.0	0.7843680000000001	0.597159	0.16783499999999998	0.0	0.565609	-0.799622	0.201722	0.0	-3.5099	-3.59435	-2.1717400000000002	0.357309	-0.0324738	0.540157	-0.840937	0.0	0.495251	-0.722128	-0.482968	0.0	-0.868143	-0.432159	-0.244063	0.0	2.54203	1.6216700000000002	1.62368	0.353713	
0	0.323232	-0.025156900000000003	-0.9459850000000001	0.0	0.807376	0.528772	0.261809	0.0	0.493625	-0.848391	0.191227	0.0	-3.39561	-3.5874900000000003	-2.14121	0.356802	-0.032414099999999994	0.539768	-0.84119	0.0	0.494987	-0.7225	-0.48268199999999994	0.0	-0.868296	-0.43202399999999996	-0.243759	0.0	2.54395	1.62196	1.61865	0.353599	
0	0.36637	-0.014688	-0.9303530000000001	0.0	0.8533430000000001	0.403888	0.329667	0.0	0.370917	-0.91469	0.16050599999999998	0.0	-3.3106199999999997	-3.58376	-2.1095599999999997	0.34325700000000003	-0.032255599999999995	0.540337	-0.84083	0.0	0.496123	-0.721653	-0.482783	0.0	-0.8676530000000001	-0.432728	-0.244797	0.0	2.54418	1.61909	1.61171	0.353661	
0	0.38111799999999996	-0.0218004	-0.924269	0.0	0.8635809999999999	0.365359	0.347476	0.0	0.330115	-0.9306110000000001	0.15807100000000002	0.0	-3.3184	-3.5850400000000002	-2.1175900000000003	0.346221	-0.0325617	0.540048	-0.8410040000000001	0.0	0.496015	-0.721785	-0.48269700000000004	0.0	-0.8677030000000001	-0.43286800000000003	-0.24436999999999998	0.0	2.54334	1.6192799999999998	1.6115899999999999	0.35372	
0	0.436301	-0.0494142	-0.898443	0.0	0.8901889999999999	0.169257	0.422984	0.0	0.131167	-0.984332	0.117835	0.0	-3.3090800000000002	-3.59997	-2.25106	0.34019699999999997	-0.0325024	0.5391130000000001	-0.841606	0.0	0.495767	-0.7224619999999999	-0.48193800000000003	0.0	-0.8678469999999999	-0.43290500000000004	-0.24379299999999998	0.0	2.5434799999999997	1.6166200000000002	1.6057299999999999	0.353456	
