3	0.126524	0.8457620000000001	-0.5183409999999999	0.0	0.33148299999999997	0.456453	0.825694	0.0	0.934939	-0.276292	-0.222604	0.0	-3.05591	1.7166599999999999	1.33806	0.0	-0.0256024	0.641323	-0.766844	0.0	0.388571	-0.700391	-0.59872	0.0	-0.921063	-0.313302	-0.23126799999999997	0.0	2.80842	1.82825	1.44001	0.0	
3	0.0602878	0.821313	-0.567283	0.0	0.335074	0.518688	0.786567	0.0	0.940261	-0.237502	-0.24393	0.0	-3.1138	1.7317099999999999	1.2819399999999999	0.0	0.030466399999999998	0.627711	-0.77785	0.0	0.297611	-0.7486119999999999	-0.59246	0.0	-0.9542010000000001	-0.21344699999999997	-0.20962199999999998	0.0	2.8273	1.86825	1.3675899999999999	0.0	
3	0.016947	0.819413	-0.572954	0.0	0.34465999999999997	0.533127	0.772648	0.0	0.938575	-0.21056799999999998	-0.273384	0.0	-3.10727	1.8351099999999998	1.24315	0.26715300000000003	0.038180599999999995	0.687443	-0.725234	0.0	0.24231999999999998	-0.7104699999999999	-0.660691	0.0	-0.9694450000000001	-0.150513	-0.193708	0.0	2.76286	1.9406900000000002	1.31202	0.359869	
3	0.00699393	0.8141550000000001	-0.5806060000000001	0.0	0.331752	0.545846	0.769411	0.0	0.943341	-0.197998	-0.26628	0.0	-2.92639	1.83295	1.22591	0.346828	0.034199400000000005	0.692861	-0.720259	0.0	0.25243000000000004	-0.703303	-0.664564	0.0	-0.9670110000000001	-0.159088	-0.198952	0.0	2.70085	1.95175	1.32843	0.360431	
3	0.0210196	0.818657	-0.5738979999999999	0.0	0.343393	0.533191	0.7731680000000001	0.0	0.9389569999999999	-0.21332399999999999	-0.269914	0.0	-2.88243	1.8246900000000001	1.23632	0.347554	0.0283736	0.692394	-0.720962	0.0	0.258207	-0.701851	-0.663879	0.0	-0.965673	-0.16732	-0.198695	0.0	2.69837	1.93753	1.3325	0.36043800000000004	
3	0.0115051	0.810982	-0.584958	0.0	0.361568	0.542039	0.758592	0.0	0.932275	-0.22023	-0.286989	0.0	-2.8877599999999997	1.8261599999999998	1.2187299999999999	0.34783800000000004	0.0158726	0.686759	-0.726712	0.0	0.271748	-0.7024090000000001	-0.657856	0.0	-0.9622370000000001	-0.187041	-0.197774	0.0	2.6984	1.9141599999999999	1.3266	0.360811	
3	0.0175845	0.789346	-0.613697	0.0	0.41280600000000006	0.553303	0.723496	0.0	0.9106489999999999	-0.26605999999999996	-0.316117	0.0	-2.90417	1.8346200000000001	1.19177	0.350273	0.00973445	0.656903	-0.753912	0.0	0.327648	-0.714421	-0.618263	0.0	-0.94475	-0.240999	-0.22218800000000002	0.0	2.69727	1.91068	1.31522	0.361363	
3	0.0687886	0.721435	-0.6890569999999999	0.0	0.519768	0.563628	0.642	0.0	0.851533	-0.40231300000000003	-0.336208	0.0	-2.91011	1.7610400000000002	1.23224	0.35073699999999997	-0.041856800000000007	0.616628	-0.786141	0.0	0.477624	-0.6787529999999999	-0.557826	0.0	-0.877567	-0.398828	-0.266106	0.0	2.6964	1.8282	1.2312299999999998	0.362297	
3	0.115265	0.609262	-0.784547	0.0	0.6567310000000001	0.5458270000000001	0.520363	0.0	0.745264	-0.5752149999999999	-0.337206	0.0	-2.9884	1.63725	1.23038	0.351585	-0.13408599999999998	0.582214	-0.8019029999999999	0.0	0.621171	-0.581121	-0.525782	0.0	-0.772119	-0.5686180000000001	-0.28373400000000004	0.0	2.76297	1.6045	0.994434	0.363261	
3	0.142894	0.500371	-0.853938	0.0	0.751134	0.507008	0.42277600000000004	0.0	0.6444989999999999	-0.701835	-0.303397	0.0	-3.13702	1.4670100000000001	1.1579899999999999	0.353662	-0.16932	0.571923	-0.802643	0.0	0.680793	-0.521003	-0.5148560000000001	0.0	-0.712638	-0.633609	-0.301144	0.0	2.89078	1.47163	0.629562	0.362504	
3	0.158031	0.453434	-0.8771680000000001	0.0	0.787105	0.478545	0.389179	0.0	0.596232	-0.751926	-0.281275	0.0	-3.23402	1.32139	1.0419399999999999	0.354661	-0.17469	0.553908	-0.814045	0.0	0.704623	-0.50715	-0.49629300000000004	0.0	-0.687743	-0.660292	-0.301702	0.0	2.95815	1.3854600000000001	0.393969	0.362672	
3	0.17762999999999998	0.334853	-0.925376	0.0	0.865022	0.395242	0.309066	0.0	0.469239	-0.8553700000000001	-0.219448	0.0	-3.4956	0.901223	0.6406109999999999	0.355194	-0.184834	0.490971	-0.8513430000000001	0.0	0.764598	-0.47240200000000004	-0.438436	0.0	-0.6174350000000001	-0.731973	-0.288079	0.0	3.10872	1.00803	-0.285381	0.36196	
3	0.184212	0.278875	-0.942494	0.0	0.8951129999999999	0.348498	0.278069	0.0	0.406004	-0.894862	-0.185427	0.0	-3.51245	0.609651	0.236443	0.35481399999999996	-0.201253	0.41341400000000006	-0.8880239999999999	0.0	0.80173	-0.45134300000000005	-0.391816	0.0	-0.5627850000000001	-0.790809	-0.240612	0.0	3.1718900000000003	0.462755	-0.821207	0.361573	
3	0.186818	0.21402600000000002	-0.9587969999999999	0.0	0.918108	0.309218	0.247915	0.0	0.349538	-0.926594	-0.138731	0.0	-3.45276	0.46704799999999996	0.07845650000000001	0.354104	-0.21033600000000002	0.37599499999999997	-0.9024340000000001	0.0	0.8240620000000001	-0.42846999999999996	-0.370589	0.0	-0.5260050000000001	-0.821609	-0.219721	0.0	3.17428	0.163109	-1.1059	0.361234	
3	0.192376	0.193913	-0.9619719999999999	0.0	0.92376	0.295012	0.24420300000000003	0.0	0.331148	-0.93561	-0.122376	0.0	-3.3849400000000003	0.370182	-0.118568	0.352752	-0.21030900000000002	0.33567600000000003	-0.918201	0.0	0.8406319999999999	-0.41739799999999994	-0.34513499999999997	0.0	-0.499108	-0.8444530000000001	-0.19439700000000001	0.0	3.17309	-0.140679	-1.32942	0.360954	
3	0.18356	0.198271	-0.9628049999999999	0.0	0.934261	0.269421	0.2336	0.0	0.305716	-0.942391	-0.13578199999999999	0.0	-3.30994	0.21590399999999998	-0.457137	0.352046	-0.204898	0.302604	-0.930832	0.0	0.856237	-0.405337	-0.320249	0.0	-0.474209	-0.8626309999999999	-0.176048	0.0	3.15427	-0.5175350000000001	-1.47366	0.360494	
3	0.20180499999999998	0.21339699999999998	-0.955896	0.0	0.9326629999999999	0.256098	0.25407199999999996	0.0	0.29902199999999995	-0.942802	-0.147346	0.0	-3.2975	0.0584236	-0.6487930000000001	0.35070500000000004	-0.202066	0.296147	-0.933524	0.0	0.852181	-0.41658500000000004	-0.316614	0.0	-0.48265600000000003	-0.8595079999999999	-0.168193	0.0	3.1812099999999996	-0.7119949999999999	-1.5002	0.360155	
3	0.233204	0.245069	-0.941041	0.0	0.931824	0.220401	0.28831799999999996	0.0	0.278064	-0.9441209999999999	-0.17696199999999998	0.0	-3.31395	-0.13475499999999999	-0.891599	0.349654	-0.195404	0.297639	-0.934467	0.0	0.8498290000000001	-0.424191	-0.312815	0.0	-0.48949799999999993	-0.8552620000000001	-0.17005399999999998	0.0	3.19908	-0.842116	-1.51758	0.359802	
3	0.244523	0.281225	-0.927966	0.0	0.9320719999999999	0.195651	0.304898	0.0	0.267302	-0.939486	-0.214281	0.0	-3.38256	-0.250788	-1.06101	0.349047	-0.187878	0.297555	-0.9360360000000001	0.0	0.844884	-0.437029	-0.30850900000000003	0.0	-0.5008729999999999	-0.8488030000000001	-0.169291	0.0	3.1680599999999997	-0.8913270000000001	-1.51823	0.35975	
3	0.25073	0.300917	-0.9201	0.0	0.9318129999999999	0.18262	0.313648	0.0	0.26241	-0.936002	-0.23460999999999999	0.0	-3.4346300000000003	-0.30649899999999997	-1.20025	0.34891700000000003	-0.18434	0.29856900000000003	-0.936416	0.0	0.8435469999999999	-0.440909	-0.306639	0.0	-0.5044270000000001	-0.8464370000000001	-0.17057999999999998	0.0	3.1135099999999998	-0.925676	-1.5231299999999999	0.360109	
3	0.25204	0.321187	-0.912861	0.0	0.9312469999999999	0.176026	0.31905	0.0	0.263162	-0.9305129999999999	-0.254739	0.0	-3.4826900000000003	-0.32921	-1.30114	0.348342	-0.180089	0.300649	-0.936578	0.0	0.8405469999999999	-0.44753000000000004	-0.305284	0.0	-0.51093	-0.842216	-0.17211500000000002	0.0	3.09765	-0.9421440000000001	-1.51262	0.35993200000000003	
3	0.25178	0.323481	-0.912122	0.0	0.930425	0.178431	0.32011300000000004	0.0	0.266302	-0.9292590000000001	-0.25604899999999997	0.0	-3.5022800000000003	-0.342577	-1.34419	0.348436	-0.174713	0.296354	-0.9389620000000001	0.0	0.839541	-0.453408	-0.299318	0.0	-0.514437	-0.840592	-0.16958499999999999	0.0	3.09436	-0.9485399999999999	-1.5317100000000001	0.35997199999999996	
3	0.258081	0.327882	-0.908783	0.0	0.927588	0.178921	0.327975	0.0	0.270138	-0.9276209999999999	-0.257963	0.0	-3.4927099999999998	-0.336826	-1.3463200000000002	0.34842399999999996	-0.17315899999999998	0.288525	-0.941684	0.0	0.840709	-0.454769	-0.293929	0.0	-0.513054	-0.8425790000000001	-0.16381800000000002	0.0	3.09286	-0.946092	-1.548	0.359808	
3	0.259475	0.327588	-0.908493	0.0	0.925216	0.185355	0.33108699999999996	0.0	0.276854	-0.9264610000000001	-0.25499499999999997	0.0	-3.4248300000000005	-0.33158899999999997	-1.3092	0.348602	-0.170372	0.27725	-0.945572	0.0	0.841686	-0.458034	-0.285954	0.0	-0.5123850000000001	-0.844593	-0.15532200000000002	0.0	3.09175	-0.9286479999999999	-1.55467	0.359723	
3	0.260444	0.332367	-0.9064770000000001	0.0	0.924665	0.18426099999999998	0.333231	0.0	0.277783	-0.924976	-0.259338	0.0	-3.4030699999999996	-0.331811	-1.31312	0.348525	-0.170209	0.276356	-0.9458629999999999	0.0	0.841791	-0.45821300000000004	-0.28535900000000003	0.0	-0.512267	-0.8447889999999999	-0.154642	0.0	3.0937099999999997	-0.91755	-1.5490000000000002	0.359699	
3	0.257396	0.34286	-0.903435	0.0	0.924908	0.183308	0.333081	0.0	0.27980700000000003	-0.921328	-0.269932	0.0	-3.3868099999999997	-0.334269	-1.33879	0.348473	-0.16638699999999998	0.274429	-0.947103	0.0	0.8391049999999999	-0.465063	-0.282169	0.0	-0.517898	-0.8416680000000001	-0.152894	0.0	3.0950900000000003	-0.9120879999999999	-1.5487600000000001	0.35962	
3	0.256291	0.346196	-0.9024760000000001	0.0	0.9247360000000001	0.183981	0.333189	0.0	0.281387	-0.9199450000000001	-0.272988	0.0	-3.3941199999999996	-0.339386	-1.36568	0.348556	-0.165675	0.274406	-0.947234	0.0	0.838915	-0.465722	-0.281646	0.0	-0.518433	-0.841311	-0.15304500000000001	0.0	3.09922	-0.906673	-1.56072	0.359429	
3	0.24876500000000001	0.351982	-0.902344	0.0	0.921665	0.200363	0.332248	0.0	0.297742	-0.9143100000000001	-0.274567	0.0	-3.37036	-0.347889	-1.38116	0.34936300000000003	-0.163221	0.271503	-0.9484959999999999	0.0	0.837443	-0.470132	-0.278684	0.0	-0.521582	-0.839799	-0.150633	0.0	3.09322	-0.9025	-1.58191	0.35976199999999997	
3	0.249279	0.354098	-0.901374	0.0	0.9187219999999999	0.207902	0.33574899999999996	0.0	0.306285	-0.9118069999999999	-0.273492	0.0	-3.3459199999999996	-0.353108	-1.3726200000000002	0.34996	-0.163365	0.270027	-0.948893	0.0	0.8374459999999999	-0.47049300000000005	-0.278066	0.0	-0.521533	-0.840073	-0.14927100000000001	0.0	3.0860000000000003	-0.8973620000000001	-1.58505	0.359958	
3	0.249852	0.354627	-0.901007	0.0	0.916956	0.212285	0.337828	0.0	0.311073	-0.91059	-0.272138	0.0	-3.33676	-0.351747	-1.36056	0.35009	-0.163225	0.270042	-0.9489129999999999	0.0	0.8374309999999999	-0.47057899999999997	-0.277966	0.0	-0.521601	-0.8400200000000001	-0.149332	0.0	3.08718	-0.89487	-1.59104	0.359862	
3	0.24985300000000002	0.354632	-0.901005	0.0	0.916961	0.212265	0.337825	0.0	0.311055	-0.910593	-0.272148	0.0	-3.3369699999999995	-0.351798	-1.36085	0.35009	-0.163219	0.270044	-0.9489129999999999	0.0	0.8374360000000001	-0.47057200000000005	-0.277961	0.0	-0.5215930000000001	-0.840023	-0.149338	0.0	3.08707	-0.8949469999999999	-1.5909	0.359862	
3	0.24985300000000002	0.354631	-0.901005	0.0	0.916963	0.21226199999999998	0.337823	0.0	0.311052	-0.910594	-0.272149	0.0	-3.33699	-0.35180100000000003	-1.36087	0.350089	-0.163219	0.270044	-0.9489129999999999	0.0	0.8374370000000001	-0.470571	-0.277961	0.0	-0.5215930000000001	-0.840023	-0.149339	0.0	3.0870599999999997	-0.8949540000000001	-1.59089	0.359862	
3	0.24985300000000002	0.354631	-0.901005	0.0	0.916963	0.21226199999999998	0.337823	0.0	0.311051	-0.910594	-0.272149	0.0	-3.33699	-0.35180100000000003	-1.36087	0.350089	-0.163219	0.270044	-0.9489129999999999	0.0	0.8374370000000001	-0.470571	-0.277961	0.0	-0.5215930000000001	-0.840023	-0.149339	0.0	3.0870599999999997	-0.894955	-1.59089	0.359862	
3	0.24985300000000002	0.354631	-0.901005	0.0	0.916963	0.21226199999999998	0.337823	0.0	0.311052	-0.910594	-0.272149	0.0	-3.33699	-0.351802	-1.36087	0.350089	-0.163219	0.270044	-0.9489129999999999	0.0	0.8374370000000001	-0.470571	-0.277961	0.0	-0.5215930000000001	-0.840023	-0.149339	0.0	3.0870599999999997	-0.8949540000000001	-1.59089	0.359862	
3	0.24985300000000002	0.354631	-0.901005	0.0	0.916963	0.21226199999999998	0.337823	0.0	0.311051	-0.910594	-0.272149	0.0	-3.33699	-0.35180100000000003	-1.36087	0.350089	-0.163219	0.270044	-0.9489129999999999	0.0	0.8374370000000001	-0.470571	-0.277961	0.0	-0.5215930000000001	-0.840023	-0.149339	0.0	3.0870599999999997	-0.8949540000000001	-1.59089	0.359862	
3	0.24985300000000002	0.354631	-0.901005	0.0	0.916963	0.21226199999999998	0.337823	0.0	0.311052	-0.910594	-0.272149	0.0	-3.33699	-0.35180100000000003	-1.36087	0.350089	-0.163219	0.270044	-0.9489129999999999	0.0	0.8374370000000001	-0.470571	-0.277961	0.0	-0.5215920000000001	-0.840023	-0.149339	0.0	3.0870599999999997	-0.8949540000000001	-1.59089	0.359862	
3	0.24985300000000002	0.354631	-0.901005	0.0	0.916963	0.21226199999999998	0.337823	0.0	0.311052	-0.910594	-0.272149	0.0	-3.33699	-0.35180100000000003	-1.36087	0.350089	-0.163219	0.270044	-0.9489129999999999	0.0	0.8374370000000001	-0.470571	-0.277961	0.0	-0.5215920000000001	-0.840023	-0.149339	0.0	3.0870599999999997	-0.8949540000000001	-1.59089	0.359862	
3	0.24985300000000002	0.354631	-0.901005	0.0	0.916963	0.21226199999999998	0.337823	0.0	0.311052	-0.910594	-0.272149	0.0	-3.33699	-0.35180100000000003	-1.36087	0.350089	-0.163219	0.270044	-0.9489129999999999	0.0	0.8374370000000001	-0.470571	-0.277961	0.0	-0.5215930000000001	-0.840023	-0.149339	0.0	3.0870599999999997	-0.8949540000000001	-1.59089	0.359862	
3	0.24985300000000002	0.354631	-0.901005	0.0	0.916963	0.21226199999999998	0.337823	0.0	0.311052	-0.910594	-0.272149	0.0	-3.33699	-0.351802	-1.36087	0.350089	-0.163219	0.270044	-0.9489129999999999	0.0	0.8374370000000001	-0.470571	-0.277961	0.0	-0.5215930000000001	-0.840023	-0.149339	0.0	3.0870599999999997	-0.8949540000000001	-1.59089	0.359862	
3	0.24985300000000002	0.354631	-0.901005	0.0	0.916963	0.21226199999999998	0.337823	0.0	0.311052	-0.910594	-0.272149	0.0	-3.33699	-0.351802	-1.36087	0.350089	-0.163219	0.270044	-0.9489129999999999	0.0	0.8374370000000001	-0.470571	-0.277961	0.0	-0.5215920000000001	-0.840023	-0.149339	0.0	3.0870599999999997	-0.8949540000000001	-1.59089	0.359862	
3	0.24985300000000002	0.354631	-0.901005	0.0	0.916963	0.21226199999999998	0.337823	0.0	0.311052	-0.910594	-0.272149	0.0	-3.33699	-0.351802	-1.36087	0.350089	-0.163219	0.270044	-0.9489129999999999	0.0	0.8374370000000001	-0.470571	-0.277961	0.0	-0.5215920000000001	-0.840023	-0.149339	0.0	3.0870599999999997	-0.8949540000000001	-1.59089	0.359862	
3	0.24985300000000002	0.354631	-0.901005	0.0	0.916963	0.21226199999999998	0.337823	0.0	0.311052	-0.910594	-0.272149	0.0	-3.33699	-0.351802	-1.36087	0.350089	-0.163219	0.270044	-0.9489129999999999	0.0	0.8374370000000001	-0.470571	-0.277961	0.0	-0.5215930000000001	-0.840023	-0.149339	0.0	3.0870599999999997	-0.8949540000000001	-1.59089	0.359862	
3	0.24985300000000002	0.354631	-0.901005	0.0	0.916963	0.21226199999999998	0.337823	0.0	0.311052	-0.910594	-0.272149	0.0	-3.33699	-0.351802	-1.36087	0.350089	-0.163219	0.270044	-0.9489129999999999	0.0	0.8374370000000001	-0.470571	-0.277961	0.0	-0.5215920000000001	-0.840023	-0.149339	0.0	3.0870599999999997	-0.8949540000000001	-1.59089	0.359862	
3	0.24985300000000002	0.354631	-0.901005	0.0	0.916963	0.21226199999999998	0.337823	0.0	0.311052	-0.910594	-0.272149	0.0	-3.33699	-0.351802	-1.36087	0.350089	-0.163219	0.270044	-0.9489129999999999	0.0	0.8374370000000001	-0.470571	-0.277961	0.0	-0.5215920000000001	-0.840023	-0.149339	0.0	3.0870599999999997	-0.8949540000000001	-1.59089	0.359862	
3	0.24985300000000002	0.354631	-0.901005	0.0	0.916963	0.21226199999999998	0.337823	0.0	0.311052	-0.910594	-0.272149	0.0	-3.33699	-0.351802	-1.36087	0.350089	-0.163219	0.270044	-0.9489129999999999	0.0	0.8374370000000001	-0.470571	-0.277961	0.0	-0.5215930000000001	-0.840023	-0.149339	0.0	3.0870599999999997	-0.8949540000000001	-1.59089	0.359862	
3	0.24985300000000002	0.354631	-0.901005	0.0	0.916963	0.21226199999999998	0.337823	0.0	0.311052	-0.910594	-0.272149	0.0	-3.33699	-0.351802	-1.36087	0.350089	-0.163219	0.270044	-0.9489129999999999	0.0	0.8374370000000001	-0.470571	-0.277961	0.0	-0.5215920000000001	-0.840023	-0.149339	0.0	3.0870599999999997	-0.8949540000000001	-1.59089	0.359862	
3	0.24985300000000002	0.354631	-0.901005	0.0	0.916963	0.21226199999999998	0.337823	0.0	0.311052	-0.910594	-0.272149	0.0	-3.33699	-0.351802	-1.36087	0.350089	-0.163219	0.270044	-0.9489129999999999	0.0	0.8374370000000001	-0.470571	-0.277961	0.0	-0.5215920000000001	-0.840023	-0.149339	0.0	3.0870599999999997	-0.8949540000000001	-1.59089	0.359862	
3	0.24985300000000002	0.354631	-0.901005	0.0	0.916963	0.21226199999999998	0.337823	0.0	0.311052	-0.910594	-0.272149	0.0	-3.33699	-0.351802	-1.36087	0.350089	-0.163219	0.270044	-0.9489129999999999	0.0	0.8374370000000001	-0.470571	-0.277961	0.0	-0.5215920000000001	-0.840023	-0.149339	0.0	3.0870599999999997	-0.8949540000000001	-1.59089	0.359862	
3	0.24985300000000002	0.354631	-0.901005	0.0	0.916963	0.21226199999999998	0.337823	0.0	0.311052	-0.910594	-0.272149	0.0	-3.33699	-0.351802	-1.36087	0.350089	-0.163219	0.270044	-0.9489129999999999	0.0	0.8374370000000001	-0.470571	-0.277961	0.0	-0.5215930000000001	-0.840023	-0.149339	0.0	3.0870599999999997	-0.8949540000000001	-1.59089	0.359862	
3	0.24985300000000002	0.354631	-0.901005	0.0	0.916963	0.21226199999999998	0.337823	0.0	0.311052	-0.910594	-0.272149	0.0	-3.33699	-0.351802	-1.36087	0.350089	-0.163219	0.270044	-0.9489129999999999	0.0	0.8374370000000001	-0.470571	-0.277961	0.0	-0.5215920000000001	-0.840023	-0.149339	0.0	3.0870599999999997	-0.8949540000000001	-1.59089	0.359862	
3	0.24985300000000002	0.354631	-0.901005	0.0	0.916963	0.21226199999999998	0.337823	0.0	0.311052	-0.910594	-0.272149	0.0	-3.33699	-0.351802	-1.36087	0.350089	-0.163219	0.270044	-0.9489129999999999	0.0	0.8374370000000001	-0.470571	-0.277961	0.0	-0.5215920000000001	-0.840023	-0.149339	0.0	3.0870599999999997	-0.8949540000000001	-1.59089	0.359862	
3	0.24985300000000002	0.354631	-0.901005	0.0	0.916963	0.21226199999999998	0.337823	0.0	0.311052	-0.910594	-0.272149	0.0	-3.33699	-0.351802	-1.36087	0.350089	-0.163219	0.270044	-0.9489129999999999	0.0	0.8374370000000001	-0.470571	-0.277961	0.0	-0.5215920000000001	-0.840023	-0.149339	0.0	3.0870599999999997	-0.8949540000000001	-1.59089	0.359862	
3	0.24985300000000002	0.354631	-0.901005	0.0	0.916963	0.21226199999999998	0.337823	0.0	0.311052	-0.910594	-0.272149	0.0	-3.33699	-0.351802	-1.36087	0.350089	-0.163219	0.270044	-0.9489129999999999	0.0	0.8374370000000001	-0.470571	-0.277961	0.0	-0.5215920000000001	-0.840023	-0.149339	0.0	3.0870599999999997	-0.8949540000000001	-1.59089	0.359862	
3	-0.192245	0.398163	-0.8969440000000001	0.0	0.665068	0.724947	0.179266	0.0	0.721614	-0.5620649999999999	-0.404173	0.0	-3.3159199999999998	-0.336983	-1.35614	0.36031199999999997	-0.07150260000000001	0.39010500000000004	-0.91799	0.0	0.76097	-0.573659	-0.303052	0.0	-0.644835	-0.7202310000000001	-0.25584	0.0	3.0189	-0.88007	-1.52535	0.359714	
3	-0.184412	0.418469	-0.8893120000000001	0.0	0.680728	0.70705	0.191546	0.0	0.7089439999999999	-0.5700569999999999	-0.41525200000000007	0.0	-3.3374099999999998	-0.2927	-1.3558700000000001	0.359969	-0.06978229999999999	0.393554	-0.9166489999999999	0.0	0.760317	-0.5738800000000001	-0.30427	0.0	-0.6457930000000001	-0.718176	-0.259179	0.0	2.97342	-0.872843	-1.52616	0.359546	
3	-0.164733	0.428759	-0.888273	0.0	0.70175	0.6837979999999999	0.19992000000000001	0.0	0.693116	-0.5904119999999999	-0.413526	0.0	-3.3637300000000003	-0.287225	-1.36742	0.359933	-0.0749682	0.396206	-0.9150959999999999	0.0	0.761682	-0.5695319999999999	-0.308988	0.0	-0.643599	-0.7201770000000001	-0.25908600000000004	0.0	2.9462200000000003	-0.8638520000000001	-1.54315	0.359794	
3	-0.08865880000000001	0.392015	-0.9156770000000001	0.0	0.754546	0.626551	0.195178	0.0	0.650231	-0.673616	-0.351342	0.0	-3.41854	-0.434928	-1.37601	0.359727	-0.0995095	0.408677	-0.9072379999999999	0.0	0.781992	-0.531682	-0.325275	0.0	-0.615294	-0.741821	-0.266675	0.0	2.89574	-0.832707	-1.72531	0.360553	
3	-0.027652	0.369336	-0.928884	0.0	0.7942239999999999	0.572377	0.203941	0.0	0.606995	-0.732103	-0.309163	0.0	-3.41322	-0.618296	-1.43212	0.35972	-0.11435	0.411084	-0.9043969999999999	0.0	0.79178	-0.512121	-0.33289	0.0	-0.600006	-0.75415	-0.266927	0.0	2.8868400000000003	-0.84541	-1.90935	0.36077600000000004	
3	0.0636909	0.337434	-0.939192	0.0	0.830485	0.503934	0.237373	0.0	0.553388	-0.795103	-0.248138	0.0	-3.4170800000000003	-0.836678	-1.5090700000000001	0.360038	-0.130244	0.40589400000000003	-0.9045920000000001	0.0	0.794734	-0.5027739999999999	-0.340023	0.0	-0.592819	-0.763196	-0.25709499999999996	0.0	2.86332	-0.8814850000000001	-2.07828	0.361082	
3	0.14876099999999998	0.308234	-0.939607	0.0	0.8661040000000001	0.41793	0.27422399999999997	0.0	0.47721499999999994	-0.854591	-0.204791	0.0	-3.4235300000000004	-1.0434	-1.6433400000000002	0.36023299999999997	-0.156164	0.396402	-0.904698	0.0	0.7963279999999999	-0.491354	-0.352749	0.0	-0.584358	-0.775523	-0.23893499999999998	0.0	2.85588	-0.971882	-2.2831799999999998	0.361394	
3	0.228392	0.262702	-0.937457	0.0	0.8867879999999999	0.341267	0.31168	0.0	0.401802	-0.90251	-0.15501900000000002	0.0	-3.43583	-1.18344	-1.80615	0.359985	-0.185675	0.37972399999999995	-0.906275	0.0	0.802561	-0.47354300000000005	-0.36283899999999997	0.0	-0.5669390000000001	-0.794711	-0.216827	0.0	2.8424099999999997	-1.09713	-2.50152	0.361537	
3	0.277115	0.225267	-0.934057	0.0	0.8965129999999999	0.289089	0.33569699999999997	0.0	0.345647	-0.93042	-0.121843	0.0	-3.4106699999999996	-1.27075	-1.94885	0.35964	-0.202369	0.361145	-0.910286	0.0	0.806884	-0.46525900000000003	-0.363967	0.0	-0.554964	-0.8081510000000001	-0.197248	0.0	2.8526599999999998	-1.19983	-2.64812	0.36145900000000003	
3	0.32890199999999997	0.173158	-0.9283530000000001	0.0	0.903325	0.228962	0.362741	0.0	0.27536900000000003	-0.9579110000000001	-0.0811121	0.0	-3.3826199999999997	-1.40839	-2.13177	0.359083	-0.21164499999999997	0.343352	-0.91505	0.0	0.8023710000000001	-0.473538	-0.363267	0.0	-0.5580390000000001	-0.8110930000000001	-0.175274	0.0	2.83616	-1.31454	-2.82288	0.36157399999999995	
3	0.39261799999999997	0.12884400000000001	-0.910632	0.0	0.8975350000000001	0.162399	0.40994899999999995	0.0	0.200705	-0.9782770000000001	-0.0518813	0.0	-3.35196	-1.52863	-2.3097	0.35607300000000003	-0.208375	0.330906	-0.92037	0.0	0.795914	-0.48953199999999997	-0.356202	0.0	-0.56842	-0.806759	-0.161366	0.0	2.81332	-1.40594	-2.99057	0.361686	
3	0.43358500000000005	0.0998658	-0.8955620000000001	0.0	0.8919309999999999	0.09394680000000001	0.442304	0.0	0.128306	-0.990556	-0.0483395	0.0	-3.3207	-1.6024200000000002	-2.5032	0.35475999999999996	-0.19075799999999998	0.319729	-0.928108	0.0	0.785241	-0.5176689999999999	-0.33972800000000003	0.0	-0.589074	-0.7935939999999999	-0.152315	0.0	2.75525	-1.45444	-3.13262	0.36189699999999997	
3	0.49217	0.0512496	-0.8689889999999999	0.0	0.8694649999999999	0.019699099999999997	0.49360200000000004	0.0	0.042415100000000004	-0.998492	-0.034864400000000004	0.0	-3.26665	-1.66927	-2.69686	0.348833	-0.159956	0.311868	-0.936564	0.0	0.775927	-0.54678	-0.314594	0.0	-0.6102069999999999	-0.777026	-0.154526	0.0	2.6857900000000003	-1.45482	-3.28779	0.361835	
3	0.535671	0.0129381	-0.8443280000000001	0.0	0.8440030000000001	-0.039860900000000005	0.534855	0.0	-0.0267357	-0.9991209999999999	-0.0322721	0.0	-3.26765	-1.71418	-2.89953	0.348119	-0.123075	0.301299	-0.9455540000000001	0.0	0.763207	-0.580277	-0.284244	0.0	-0.634325	-0.756636	-0.15853599999999998	0.0	2.6493700000000002	-1.41269	-3.4304	0.361394	
3	0.581488	-0.041487800000000005	-0.812497	0.0	0.809511	-0.0699509	0.582923	0.0	-0.0810191	-0.9966870000000001	-0.00709075	0.0	-3.2826	-1.7650700000000001	-3.10207	0.347149	-0.0833141	0.28891	-0.953724	0.0	0.74667	-0.615718	-0.251745	0.0	-0.659956	-0.7330909999999999	-0.164423	0.0	2.59475	-1.34136	-3.54454	0.361203	
3	0.6248859999999999	-0.13542200000000001	-0.768881	0.0	0.766753	-0.07897480000000001	0.637066	0.0	-0.14699500000000001	-0.987635	0.0544852	0.0	-3.2899300000000005	-1.90867	-3.24368	0.346196	-0.045364499999999995	0.279095	-0.959192	0.0	0.729763	-0.6464449999999999	-0.222609	0.0	-0.682193	-0.7100810000000001	-0.174348	0.0	2.55188	-1.26578	-3.6978699999999995	0.361109	
3	0.629473	-0.202042	-0.7502949999999999	0.0	0.7587619999999999	-0.0482719	0.649576	0.0	-0.16746	-0.9781860000000001	0.12291600000000001	0.0	-3.27027	-2.0551	-3.2498299999999998	0.345613	-0.04269919999999999	0.273785	-0.960843	0.0	0.724534	-0.6537	-0.21846500000000002	0.0	-0.687916	-0.705491	-0.170454	0.0	2.5160099999999996	-1.2293100000000001	-3.73199	0.361059	
3	0.610139	-0.233224	-0.7571899999999999	0.0	0.775566	-0.0195387	0.6309640000000001	0.0	-0.161951	-0.9722270000000001	0.168959	0.0	-3.25478	-2.19638	-3.15924	0.347099	-0.0379218	0.26603899999999997	-0.963216	0.0	0.720741	-0.660385	-0.210772	0.0	-0.692167	-0.702222	-0.166702	0.0	2.46798	-1.19648	-3.7425	0.361014	
3	0.56158	-0.23785799999999999	-0.792497	0.0	0.8209780000000001	0.04087709999999999	0.569494	0.0	-0.10306400000000002	-0.9704389999999999	0.218232	0.0	-3.25611	-2.3483400000000003	-3.02772	0.349644	-0.033001499999999996	0.261523	-0.964633	0.0	0.7179	-0.665299	-0.204931	0.0	-0.695364	-0.6992729999999999	-0.16579100000000002	0.0	2.41643	-1.17898	-3.73757	0.36086	
3	0.524597	-0.278976	-0.804345	0.0	0.849332	0.106476	0.517009	0.0	-0.058589999999999996	-0.954377	0.2928	0.0	-3.25303	-2.49762	-2.85392	0.349549	-0.032870800000000006	0.263493	-0.964101	0.0	0.716182	-0.666629	-0.20661100000000002	0.0	-0.6971390000000001	-0.697264	-0.166796	0.0	2.40152	-1.17587	-3.7316599999999998	0.360902	
3	0.482774	-0.303458	-0.8214879999999999	0.0	0.8754120000000001	0.141377	0.46224	0.0	-0.0241311	-0.942298	0.333904	0.0	-3.27426	-2.61583	-2.72415	0.348926	-0.0307505	0.26937300000000003	-0.9625450000000001	0.0	0.713902	-0.668086	-0.209774	0.0	-0.69957	-0.693613	-0.171762	0.0	2.39929	-1.17303	-3.73241	0.36088899999999996	
3	0.447891	-0.304075	-0.840793	0.0	0.8939860000000001	0.16654000000000002	0.415997	0.0	0.013531799999999998	-0.9379780000000001	0.34643	0.0	-3.3603099999999997	-2.74131	-2.6529700000000003	0.349733	-0.029019599999999996	0.274046	-0.9612790000000001	0.0	0.7132609999999999	-0.668071	-0.21198899999999998	0.0	-0.7002970000000001	-0.6917949999999999	-0.17607899999999999	0.0	2.4083799999999997	-1.17426	-3.73967	0.36091100000000004	
3	0.408275	-0.309734	-0.858707	0.0	0.910925	0.199443	0.361163	0.0	0.05939830000000001	-0.9296709999999999	0.363572	0.0	-3.52144	-2.9073	-2.63128	0.350259	-0.0256608	0.278031	-0.9602290000000001	0.0	0.712086	-0.669079	-0.212759	0.0	-0.701623	-0.689226	-0.180813	0.0	2.42612	-1.1746	-3.75555	0.360797	
3	0.39837100000000003	-0.310703	-0.8629979999999999	0.0	0.912349	0.231107	0.337947	0.0	0.0944439	-0.921983	0.37553600000000004	0.0	-3.63323	-3.0390900000000003	-2.58549	0.35119	-0.0224683	0.27895	-0.960043	0.0	0.710701	-0.670925	-0.21157600000000001	0.0	-0.703136	-0.6870569999999999	-0.183176	0.0	2.43146	-1.17261	-3.76385	0.360867	
3	0.387948	-0.30793000000000004	-0.868721	0.0	0.9158950000000001	0.23424099999999998	0.325986	0.0	0.10310899999999999	-0.9221229999999999	0.37290500000000004	0.0	-3.71927	-3.15253	-2.55768	0.352428	-0.022409000000000002	0.279941	-0.9597559999999999	0.0	0.708712	-0.672656	-0.212747	0.0	-0.705142	-0.684958	-0.18332400000000001	0.0	2.4260200000000003	-1.1778	-3.7644900000000003	0.36116	
3	0.386747	-0.295348	-0.873611	0.0	0.915092	0.240186	0.323909	0.0	0.11416300000000001	-0.9247059999999999	0.363162	0.0	-3.79049	-3.24399	-2.55061	0.353206	-0.0217785	0.279256	-0.9599700000000001	0.0	0.706337	-0.675242	-0.21245300000000003	0.0	-0.707541	-0.682689	-0.182543	0.0	2.4074299999999997	-1.18021	-3.7678800000000003	0.36102	
3	0.386536	-0.29047399999999995	-0.875337	0.0	0.9143950000000001	0.244502	0.32264699999999996	0.0	0.12030199999999999	-0.925118	0.360117	0.0	-3.8217199999999996	-3.2920599999999998	-2.5741	0.353788	-0.0213763	0.278988	-0.9600569999999999	0.0	0.705919	-0.67579	-0.21209899999999998	0.0	-0.70797	-0.6822560000000001	-0.182497	0.0	2.3963400000000004	-1.1823299999999999	-3.77086	0.361158	
3	0.388259	-0.27929899999999996	-0.878207	0.0	0.910006	0.26656199999999997	0.317542	0.0	0.14540699999999998	-0.9224620000000001	0.357659	0.0	-3.85503	-3.37296	-2.5808400000000002	0.35423699999999997	-0.0207577	0.277773	-0.9604229999999999	0.0	0.70477	-0.677294	-0.211119	0.0	-0.709132	-0.6812600000000001	-0.181707	0.0	2.3896900000000003	-1.1760899999999999	-3.7753400000000004	0.361093	
3	0.398044	-0.26458000000000004	-0.878384	0.0	0.901416	0.290581	0.320954	0.0	0.170324	-0.919543	0.354161	0.0	-3.82325	-3.40751	-2.6244099999999997	0.35475500000000004	-0.0209803	0.276156	-0.960884	0.0	0.704257	-0.678095	-0.21026	0.0	-0.709635	-0.681121	-0.180258	0.0	2.38477	-1.17649	-3.78379	0.361032	
3	0.409733	-0.244481	-0.878834	0.0	0.891453	0.311646	0.32892	0.0	0.193471	-0.918208	0.34563499999999997	0.0	-3.78884	-3.4477300000000004	-2.7029900000000002	0.35573699999999997	-0.0215116	0.277521	-0.9604790000000001	0.0	0.7038300000000001	-0.678092	-0.21169200000000002	0.0	-0.7100420000000001	-0.6805680000000001	-0.180741	0.0	2.3828400000000003	-1.1753799999999999	-3.7917300000000003	0.361053	
3	0.43395500000000004	-0.218596	-0.8740129999999999	0.0	0.872058	0.345561	0.346557	0.0	0.226269	-0.91258	0.340587	0.0	-3.7920599999999998	-3.4626	-2.73369	0.356302	-0.0217679	0.279917	-0.959777	0.0	0.703623	-0.677706	-0.21361	0.0	-0.71024	-0.679971	-0.182204	0.0	2.38266	-1.17711	-3.7893	0.361088	
3	0.443983	-0.20508600000000002	-0.8722489999999999	0.0	0.860516	0.368954	0.351261	0.0	0.249781	-0.906539	0.340289	0.0	-3.7445199999999996	-3.48885	-2.76995	0.356663	-0.022628299999999997	0.282167	-0.9590989999999999	0.0	0.703613	-0.677028	-0.21578200000000003	0.0	-0.7102229999999999	-0.679717	-0.18321600000000002	0.0	2.38455	-1.19475	-3.79121	0.361116	
3	0.446083	-0.197439	-0.872942	0.0	0.856246	0.378027	0.35205	0.0	0.26048699999999997	-0.904496	0.337688	0.0	-3.72054	-3.4947199999999996	-2.792	0.363097	-0.0218152	0.282094	-0.959139	0.0	0.703737	-0.6771	-0.21515	0.0	-0.710126	-0.679675	-0.183749	0.0	2.39277	-1.23185	-3.8028800000000005	0.361037	
3	0.45586499999999996	-0.177886	-0.872091	0.0	0.8446440000000001	0.395416	0.360863	0.0	0.280647	-0.9011120000000001	0.330507	0.0	-3.70414	-3.4992099999999997	-2.8037	0.363725	-0.020646099999999997	0.27969099999999997	-0.959868	0.0	0.703116	-0.67848	-0.21282199999999998	0.0	-0.710775	-0.679293	-0.182648	0.0	2.39436	-1.25671	-3.81063	0.361008	
3	0.47207299999999996	-0.159297	-0.8670479999999999	0.0	0.825522	0.42495	0.37139099999999997	0.0	0.30929	-0.891091	0.33211	0.0	-3.6663	-3.5180599999999997	-2.7991200000000003	0.363979	-0.019655799999999998	0.279721	-0.95988	0.0	0.701641	-0.680089	-0.212554	0.0	-0.71226	-0.677669	-0.182896	0.0	2.38761	-1.27092	-3.81817	0.360984	
3	0.479782	-0.15120699999999998	-0.86426	0.0	0.818023	0.43326499999999996	0.378312	0.0	0.31725	-0.8884920000000001	0.33156399999999997	0.0	-3.62169	-3.5377300000000003	-2.7645	0.363969	-0.0182048	0.27876100000000004	-0.9601879999999999	0.0	0.699342	-0.6827850000000001	-0.21148499999999998	0.0	-0.7145560000000001	-0.675349	-0.18252000000000002	0.0	2.37814	-1.2778399999999999	-3.81984	0.360892	
3	0.489122	-0.14585599999999999	-0.859934	0.0	0.8093600000000001	0.443391	0.385151	0.0	0.32511100000000004	-0.884381	0.334922	0.0	-3.5566800000000005	-3.5626300000000004	-2.74258	0.36398	-0.0166799	0.27549	-0.961159	0.0	0.696627	-0.686371	-0.208819	0.0	-0.71724	-0.6730520000000001	-0.18046500000000001	0.0	2.35155	-1.28183	-3.8271	0.36092199999999997	
3	0.511622	-0.15050999999999998	-0.845925	0.0	0.793489	0.46041000000000004	0.397991	0.0	0.329571	-0.8748540000000001	0.354984	0.0	-3.5088699999999995	-3.58296	-2.74463	0.364442	-0.016965900000000003	0.273832	-0.961628	0.0	0.693782	-0.689333	-0.20853400000000002	0.0	-0.719985	-0.6706979999999999	-0.178285	0.0	2.30287	-1.29132	-3.82668	0.360954	
3	0.528425	-0.156342	-0.8344600000000001	0.0	0.779939	0.47765	0.404408	0.0	0.335355	-0.864527	0.37434	0.0	-3.4978	-3.5839300000000005	-2.7452900000000002	0.363786	-0.0172023	0.274801	-0.961348	0.0	0.694228	-0.68866	-0.209275	0.0	-0.71955	-0.670994	-0.178928	0.0	2.26689	-1.30332	-3.8226699999999996	0.36107	
3	0.547898	-0.164758	-0.820161	0.0	0.767562	0.488871	0.41455299999999995	0.0	0.332652	-0.856656	0.394313	0.0	-3.4973199999999998	-3.5832900000000003	-2.73632	0.362067	-0.017089700000000003	0.27550399999999997	-0.961148	0.0	0.694087	-0.688661	-0.20973899999999998	0.0	-0.719689	-0.670704	-0.179455	0.0	2.2539599999999997	-1.31055	-3.81826	0.36096999999999996	
3	0.565868	-0.14621199999999998	-0.8114279999999999	0.0	0.745165	0.5119020000000001	0.427418	0.0	0.352878	-0.84651	0.398621	0.0	-3.51531	-3.5838900000000002	-2.72027	0.359613	-0.0157271	0.27387399999999995	-0.9616370000000001	0.0	0.69284	-0.69045	-0.20797100000000002	0.0	-0.72092	-0.669531	-0.178892	0.0	2.24402	-1.32352	-3.81956	0.36085	
3	0.567211	-0.135751	-0.812307	0.0	0.746113	0.502301	0.437046	0.0	0.348693	-0.8539700000000001	0.38619699999999996	0.0	-3.5207	-3.5784	-2.68918	0.361175	-0.0155611	0.27458499999999997	-0.9614370000000001	0.0	0.6906180000000001	-0.692386	-0.20892199999999997	0.0	-0.723052	-0.667237	-0.178859	0.0	2.2418299999999998	-1.32579	-3.8152800000000004	0.36086	
3	0.57228	-0.133798	-0.80907	0.0	0.744232	0.49908500000000006	0.44388299999999997	0.0	0.344404	-0.8561620000000001	0.385193	0.0	-3.5087699999999997	-3.5834599999999996	-2.64058	0.362579	-0.014679399999999999	0.274117	-0.961584	0.0	0.687883	-0.695178	-0.20867399999999997	0.0	-0.7256729999999999	-0.664521	-0.178356	0.0	2.2254099999999997	-1.3312	-3.81166	0.360892	
3	0.576329	-0.134997	-0.805991	0.0	0.7424	0.498745	0.44732200000000005	0.0	0.341597	-0.8561719999999999	0.38766300000000004	0.0	-3.4858300000000004	-3.5841	-2.58691	0.353049	-0.014107399999999999	0.271432	-0.962355	0.0	0.68501	-0.698492	-0.207051	0.0	-0.7283970000000001	-0.662143	-0.17608	0.0	2.21522	-1.33118	-3.81145	0.360777	
3	0.585334	-0.141518	-0.798346	0.0	0.744509	0.48373900000000003	0.46011199999999997	0.0	0.321077	-0.8636950000000001	0.38850999999999997	0.0	-3.4393	-3.58362	-2.55864	0.35236300000000004	-0.013787	0.26919499999999996	-0.962987	0.0	0.683355	-0.700535	-0.20561300000000002	0.0	-0.729956	-0.6608970000000001	-0.174298	0.0	2.20857	-1.33314	-3.81785	0.360771	
3	0.591309	-0.14313199999999998	-0.793642	0.0	0.743899	0.476814	0.46825500000000003	0.0	0.311398	-0.8672719999999999	0.38842	0.0	-3.4066300000000003	-3.5842199999999997	-2.54281	0.335635	-0.0137394	0.2674	-0.9634879999999999	0.0	0.68274	-0.701483	-0.204421	0.0	-0.730533	-0.66062	-0.172927	0.0	2.2046	-1.32897	-3.81866	0.36073099999999997	
3	0.595029	-0.143824	-0.7907310000000001	0.0	0.741572	0.477562	0.471174	0.0	0.309857	-0.8667469999999999	0.390819	0.0	-3.404	-3.58439	-2.54556	0.333202	-0.0132249	0.266459	-0.963756	0.0	0.683186	-0.701377	-0.203291	0.0	-0.730125	-0.6611130000000001	-0.172765	0.0	2.20287	-1.32276	-3.82082	0.360736	
3	0.599762	-0.13309300000000002	-0.789032	0.0	0.738264	0.472366	0.481494	0.0	0.308628	-0.871296	0.381565	0.0	-3.3679099999999997	-3.59386	-2.5327599999999997	0.22955100000000003	-0.0132486	0.266189	-0.96383	0.0	0.6829069999999999	-0.7016819999999999	-0.203176	0.0	-0.730386	-0.660898	-0.172486	0.0	2.2027200000000002	-1.3205200000000001	-3.82326	0.360734	
3	0.605437	-0.11812	-0.78708	0.0	0.735654	0.460463	0.496776	0.0	0.303742	-0.879785	0.365676	0.0	-3.3364	-3.5870699999999998	-2.48995	0.265347	-0.0127035	0.264467	-0.964311	0.0	0.682424	-0.702584	-0.201677	0.0	-0.730846	-0.6606310000000001	-0.17155399999999998	0.0	2.20198	-1.3211899999999999	-3.81189	0.360614	
3	0.6040220000000001	-0.11541199999999999	-0.788566	0.0	0.739746	0.449346	0.5008630000000001	0.0	0.296534	-0.885871	0.35679099999999997	0.0	-3.32845	-3.58276	-2.47843	0.272392	-0.012943999999999999	0.263011	-0.964706	0.0	0.681972	-0.7032510000000001	-0.20088	0.0	-0.731264	-0.660502	-0.170264	0.0	2.19855	-1.32497	-3.80131	0.36047399999999996	
3	0.595737	-0.131434	-0.7923520000000001	0.0	0.7586229999999999	0.41608999999999996	0.501358	0.0	0.263795	-0.899774	0.347589	0.0	-3.2805	-3.56808	-2.46263	0.164234	-0.011669200000000001	0.262074	-0.9649770000000001	0.0	0.681183	-0.704396	-0.199541	0.0	-0.732021	-0.659654	-0.1703	0.0	2.19905	-1.32639	-3.80131	0.360375	
3	0.589911	-0.134133	-0.796249	0.0	0.7645850000000001	0.409875	0.497406	0.0	0.259644	-0.902225	0.344346	0.0	-3.2753400000000004	-3.55229	-2.46359	0.153575	-0.0111097	0.263018	-0.964727	0.0	0.680447	-0.704967	-0.200034	0.0	-0.7327140000000001	-0.658668	-0.171138	0.0	2.1987200000000002	-1.32712	-3.80024	0.360347	
3	0.592587	-0.137049	-0.793762	0.0	0.7628050000000001	0.41206099999999996	0.498331	0.0	0.258783	-0.90079	0.348723	0.0	-3.27407	-3.5541699999999996	-2.46732	0.15356	-0.010741200000000001	0.263891	-0.964493	0.0	0.679172	-0.7059979999999999	-0.200729	0.0	-0.7339	-0.657213	-0.171645	0.0	2.20082	-1.32474	-3.80252	0.36049899999999996	
3	0.5890489999999999	-0.136755	-0.796442	0.0	0.764564	0.41343599999999997	0.494482	0.0	0.261655	-0.9002049999999999	0.348092	0.0	-3.27705	-3.55481	-2.46608	0.153514	-0.0107192	0.263495	-0.964601	0.0	0.6791560000000001	-0.706099	-0.200428	0.0	-0.733915	-0.657263	-0.17138599999999998	0.0	2.20003	-1.325	-3.79777	0.36051	
3	0.586464	-0.135235	-0.798606	0.0	0.765387	0.415146	0.49176899999999996	0.0	0.265034	-0.899647	0.346975	0.0	-3.2804300000000004	-3.55524	-2.46353	0.153497	-0.0114439	0.262994	-0.96473	0.0	0.679128	-0.7060930000000001	-0.200544	0.0	-0.733931	-0.65747	-0.170527	0.0	2.20195	-1.3249799999999998	-3.8008	0.360581	
3	0.58233	-0.13359000000000001	-0.801901	0.0	0.767656	0.415026	0.48832200000000003	0.0	0.267575	-0.899949	0.344233	0.0	-3.2828199999999996	-3.55455	-2.4603200000000003	0.153503	-0.0111256	0.263266	-0.964659	0.0	0.6792779999999999	-0.705962	-0.200499	0.0	-0.733797	-0.657502	-0.170976	0.0	2.1975700000000002	-1.3267	-3.79924	0.360583	
3	0.573234	-0.137405	-0.8077880000000001	0.0	0.778295	0.399599	0.484333	0.0	0.256242	-0.9063329999999999	0.33600599999999997	0.0	-3.27789	-3.54515	-2.4546799999999998	0.153647	-0.011739399999999999	0.264425	-0.964335	0.0	0.678474	-0.706325	-0.20193699999999998	0.0	-0.734531	-0.656647	-0.17111400000000002	0.0	2.19557	-1.3308799999999998	-3.80695	0.360665	
3	0.577937	-0.12468900000000001	-0.8065	0.0	0.789041	0.33766599999999997	0.513221	0.0	0.20833400000000002	-0.9329709999999999	0.293535	0.0	-3.23695	-3.4579	-2.4227	0.153973	-0.0114595	0.263839	-0.964499	0.0	0.678389	-0.706575	-0.201344	0.0	-0.734613	-0.656613	-0.170889	0.0	2.18588	-1.3280299999999998	-3.80525	0.36052	
3	0.573361	-0.125404	-0.809649	0.0	0.7978569999999999	0.31009000000000003	0.516981	0.0	0.18623299999999998	-0.9424	0.277848	0.0	-3.2264	-3.43075	-2.41487	0.15381	-0.011248399999999999	0.264087	-0.964433	0.0	0.6784479999999999	-0.706511	-0.201374	0.0	-0.734563	-0.656583	-0.171222	0.0	2.18643	-1.32586	-3.80451	0.360594	
3	0.592939	-0.12548099999999998	-0.795411	0.0	0.799293	0.211617	0.562449	0.0	0.0977459	-0.9692639999999999	0.22577199999999997	0.0	-3.31996	-3.3110000000000004	-2.56823	0.153704	-0.0104195	0.262461	-0.964886	0.0	0.6776409999999999	-0.707723	-0.199827	0.0	-0.735319	-0.655929	-0.17048	0.0	2.18313	-1.32334	-3.8046900000000003	0.360541	
3	0.5927680000000001	-0.125868	-0.795477	0.0	0.7994220000000001	0.211813	0.562192	0.0	0.0977309	-0.9691709999999999	0.22617800000000002	0.0	-3.3380699999999996	-3.31229	-2.5815099999999997	0.153366	-0.010425499999999999	0.262341	-0.9649190000000001	0.0	0.677649	-0.707739	-0.199741	0.0	-0.7353109999999999	-0.6559590000000001	-0.170396	0.0	2.18191	-1.32409	-3.8038800000000004	0.360583	
3	0.585713	-0.142099	-0.7979649999999999	0.0	0.804621	0.220494	0.551333	0.0	0.09760260000000001	-0.964982	0.243481	0.0	-3.4316	-3.2873099999999997	-2.68044	0.154057	-0.00915158	0.26056799999999997	-0.965412	0.0	0.676559	-0.70931	-0.19785899999999998	0.0	-0.736332	-0.6549689999999999	-0.169798	0.0	2.15904	-1.32785	-3.8042	0.360441	
3	0.584192	-0.14332899999999998	-0.79886	0.0	0.8061119999999999	0.21689499999999998	0.550581	0.0	0.0943548	-0.965616	0.242248	0.0	-3.45595	-3.2824	-2.69745	0.1541	-0.00918251	0.258048	-0.966089	0.0	0.67562	-0.710653	-0.196241	0.0	-0.737193	-0.65451	-0.167817	0.0	2.15311	-1.32895	-3.8008900000000003	0.36052199999999995	
