3	0.508933	0.589403	-0.627369	0.0	0.7156	0.115388	0.688914	0.0	0.47843900000000006	-0.799556	-0.363052	0.0	-2.7789900000000003	1.99165	1.42911	1.0967300000000001e-05	-0.593133	0.516197	-0.617846	0.0	0.749984	0.07518369999999999	-0.65717	0.0	-0.292777	-0.8531629999999999	-0.431733	0.0	2.66032	2.0	1.53809	0.0	
3	0.0522783	0.75932	-0.648614	0.0	0.538664	0.525471	0.658575	0.0	0.8408969999999999	-0.383814	-0.381548	0.0	-2.8508299999999998	1.9070599999999998	1.42075	0.0	-0.309849	0.6713720000000001	-0.673241	0.0	0.660881	-0.356983	-0.6601520000000001	0.0	-0.683543	-0.649479	-0.333086	0.0	2.63475	1.9784700000000002	1.55756	0.0166812	
3	0.0547566	0.752358	-0.656475	0.0	0.505972	0.5458930000000001	0.6678270000000001	0.0	0.8608100000000001	-0.368726	-0.350781	0.0	-2.895	1.7315200000000002	1.49613	0.0	-0.193923	0.673379	-0.713411	0.0	0.612466	-0.484976	-0.624246	0.0	-0.7663409999999999	-0.557996	-0.318374	0.0	2.80768	1.81444	1.5568799999999998	0.0	
3	0.0398249	0.757606	-0.651497	0.0	0.506486	0.5467380000000001	0.666745	0.0	0.8613280000000001	-0.356527	-0.36194299999999996	0.0	-2.88945	1.74327	1.44826	0.0	-0.141799	0.648414	-0.747966	0.0	0.589579	-0.5516409999999999	-0.5899909999999999	0.0	-0.795167	-0.524645	-0.304069	0.0	2.83268	1.8061900000000002	1.52973	0.0102307	
3	0.010576299999999999	0.7702899999999999	-0.6376069999999999	0.0	0.510554	0.544103	0.665798	0.0	0.8597809999999999	-0.332574	-0.38752	0.0	-2.95227	1.8055299999999999	1.38037	0.368202	-0.0936956	0.601056	-0.793696	0.0	0.5492600000000001	-0.6337020000000001	-0.544734	0.0	-0.830382	-0.48698500000000006	-0.27076100000000003	0.0	2.77419	1.82211	1.5595299999999999	0.362981	
3	-0.0282719	0.757627	-0.652076	0.0	0.504031	0.574141	0.645224	0.0	0.863223	-0.310425	-0.3981	0.0	-2.90824	1.84857	1.29902	0.36181399999999997	-0.0872529	0.585391	-0.8060430000000001	0.0	0.548701	-0.647087	-0.529345	0.0	-0.8314530000000001	-0.48846300000000004	-0.264744	0.0	2.67463	1.82188	1.58901	0.363606	
3	-0.0533096	0.74953	-0.65982	0.0	0.501288	0.5915560000000001	0.631484	0.0	0.8636370000000001	-0.297096	-0.40726599999999996	0.0	-2.89854	1.88862	1.26003	0.361869	-0.0873315	0.5797640000000001	-0.810091	0.0	0.543834	-0.6535810000000001	-0.526381	0.0	-0.834636	-0.486525	-0.25821700000000003	0.0	2.6558900000000003	1.8344099999999999	1.59979	0.363333	
3	-0.0913106	0.7315149999999999	-0.675683	0.0	0.49327600000000005	0.6226510000000001	0.607441	0.0	0.865067	-0.277833	-0.41769399999999995	0.0	-2.89075	1.9215799999999998	1.2342	0.361489	-0.08428789999999999	0.571982	-0.815924	0.0	0.5359229999999999	-0.6642979999999999	-0.5210520000000001	0.0	-0.8400489999999999	-0.481191	-0.250546	0.0	2.65	1.8419	1.60615	0.363174	
3	-0.09990310000000001	0.718457	-0.688359	0.0	0.46715500000000004	0.644698	0.605088	0.0	0.8785129999999999	-0.26111999999999996	-0.400038	0.0	-2.8831	1.91546	1.23761	0.361189	-0.083862	0.568787	-0.818199	0.0	0.531924	-0.668768	-0.519428	0.0	-0.8426290000000001	-0.47878000000000004	-0.24646700000000002	0.0	2.6414299999999997	1.84779	1.61017	0.362883	
3	-0.101219	0.70272	-0.70423	0.0	0.43267	0.66851	0.6048899999999999	0.0	0.895853	-0.243473	-0.371712	0.0	-2.87926	1.90245	1.23185	0.35982800000000004	-0.0780653	0.551904	-0.8302450000000001	0.0	0.509684	-0.6936329999999999	-0.509015	0.0	-0.8568129999999999	-0.462899	-0.227148	0.0	2.64957	1.86149	1.6094600000000001	0.361192	
3	-0.04979430000000001	0.720483	-0.691683	0.0	0.406037	0.647332	0.645055	0.0	0.912499	-0.24872800000000003	-0.324776	0.0	-2.90938	1.83912	1.2408	0.358212	-0.08477960000000001	0.541746	-0.836256	0.0	0.47510600000000003	-0.715745	-0.511843	0.0	-0.875835	-0.440704	-0.196707	0.0	2.65951	1.8642599999999998	1.61311	0.360825	
3	-0.010326799999999999	0.768389	-0.639899	0.0	0.38167399999999996	0.594512	0.7077289999999999	0.0	0.92424	-0.23692399999999997	-0.299413	0.0	-2.9574599999999998	1.81513	1.21327	0.35751900000000003	-0.12686	0.5428069999999999	-0.8302209999999999	0.0	0.451007	-0.7138979999999999	-0.53567	0.0	-0.883458	-0.442391	-0.154245	0.0	2.65952	1.83053	1.63565	0.359387	
3	-0.00789838	0.794067	-0.6077779999999999	0.0	0.35435700000000003	0.570578	0.740859	0.0	0.935077	-0.209519	-0.28589000000000003	0.0	-2.98569	1.85808	1.20497	0.357601	-0.146536	0.543909	-0.8262510000000001	0.0	0.42894	-0.7177180000000001	-0.5485359999999999	0.0	-0.8913690000000001	-0.434792	-0.128133	0.0	2.68546	1.7950099999999998	1.62883	0.35789899999999997	
3	-0.00674874	0.816807	-0.576872	0.0	0.33417399999999997	0.545561	0.768564	0.0	0.9424870000000001	-0.187589	-0.27663699999999997	0.0	-3.01788	1.8967200000000002	1.1649399999999999	0.35720599999999997	-0.173709	0.554531	-0.8138310000000001	0.0	0.40475700000000003	-0.713166	-0.572334	0.0	-0.8977729999999999	-0.42882299999999995	-0.10056699999999999	0.0	2.7302400000000002	1.7844799999999998	1.63355	0.357006	
3	-0.00880428	0.833557	-0.552363	0.0	0.30682800000000005	0.52799	0.7918850000000001	0.0	0.951724	-0.162509	-0.260407	0.0	-3.03673	1.90378	1.14445	0.354905	-0.178813	0.55356	-0.813387	0.0	0.389881	-0.719166	-0.5751470000000001	0.0	-0.903338	-0.41996700000000003	-0.08722669999999999	0.0	2.74803	1.78486	1.6419	0.356538	
3	-0.0116464	0.83836	-0.5449930000000001	0.0	0.293744	0.52385	0.799559	0.0	0.9558129999999999	-0.150776	-0.252364	0.0	-3.03065	1.8891900000000001	1.15993	0.352466	-0.17970999999999998	0.55079	-0.815068	0.0	0.384405	-0.723359	-0.573572	0.0	-0.9055040000000001	-0.416393	-0.0817317	0.0	2.73398	1.78477	1.66657	0.357553	
3	-0.00428581	0.841384	-0.54042	0.0	0.300827	0.516476	0.80172	0.0	0.9536690000000001	-0.159137	-0.255325	0.0	-3.01852	1.85717	1.16816	0.350699	-0.181573	0.559854	-0.8084520000000001	0.0	0.381123	-0.717799	-0.582674	0.0	-0.9065190000000001	-0.413918	-0.0830405	0.0	2.71465	1.77509	1.69137	0.35803	
3	0.034063300000000005	0.868766	-0.49405	0.0	0.34579299999999996	0.45356	0.821408	0.0	0.937693	-0.198819	-0.284963	0.0	-3.05722	1.8535700000000002	1.17939	0.347789	-0.16381800000000002	0.584015	-0.795041	0.0	0.376576	-0.7078770000000001	-0.59758	0.0	-0.9117860000000001	-0.39728800000000003	-0.10396300000000001	0.0	2.7235	1.7854299999999999	1.67153	0.357858	
3	0.0787988	0.889777	-0.449542	0.0	0.385483	0.388669	0.8368629999999999	0.0	0.919344	-0.239234	-0.312367	0.0	-3.07471	1.86706	1.1792200000000002	0.349393	-0.137826	0.614637	-0.776676	0.0	0.370227	-0.695347	-0.615975	0.0	-0.91866	-0.372444	-0.131718	0.0	2.74214	1.82837	1.63479	0.35736100000000004	
3	0.11225299999999999	0.881323	-0.458987	0.0	0.41914399999999996	0.376808	0.8260350000000001	0.0	0.900954	-0.285107	-0.327104	0.0	-3.09452	1.8296400000000002	1.1894	0.34939699999999996	-0.127387	0.626999	-0.7685350000000001	0.0	0.376187	-0.686411	-0.6223529999999999	0.0	-0.917745	-0.368392	-0.148429	0.0	2.75493	1.86332	1.60827	0.355984	
3	0.10145499999999999	0.8527450000000001	-0.512379	0.0	0.44885200000000003	0.42039899999999997	0.7885409999999999	0.0	0.8878280000000001	-0.30998400000000004	-0.340105	0.0	-3.10298	1.8227	1.20415	0.343401	-0.11617000000000001	0.62659	-0.770642	0.0	0.382847	-0.6876899999999999	-0.6168560000000001	0.0	-0.916478	-0.366698	-0.16	0.0	2.76125	1.8817700000000002	1.5935700000000002	0.355085	
3	0.05580369999999999	0.812128	-0.580805	0.0	0.472261	0.491055	0.732008	0.0	0.879691	-0.31514000000000003	-0.356133	0.0	-3.1204099999999997	1.8633	1.17242	0.334773	-0.107846	0.6163310000000001	-0.780067	0.0	0.385142	-0.697471	-0.604318	0.0	-0.916534	-0.36561	-0.162156	0.0	2.76186	1.88618	1.58679	0.352998	
3	-0.044435699999999995	0.716355	-0.6963199999999999	0.0	0.47696000000000005	0.6276520000000001	0.615274	0.0	0.877801	-0.30477600000000005	-0.36956300000000003	0.0	-3.11344	1.9219	1.1653	0.301006	-0.0936283	0.602731	-0.7924329999999999	0.0	0.396098	-0.707677	-0.585065	0.0	-0.913423	-0.368659	-0.172482	0.0	2.75691	1.9163	1.5785200000000001	0.353184	
3	-0.0800625	0.662297	-0.7449520000000001	0.0	0.43620600000000004	0.6952699999999999	0.5712470000000001	0.0	0.896278	-0.279217	-0.344563	0.0	-3.07234	1.97492	1.18393	0.21081999999999998	-0.0868079	0.598123	-0.796689	0.0	0.39984000000000003	-0.7115520000000001	-0.5777720000000001	0.0	-0.912465	-0.368704	-0.177385	0.0	2.75244	1.9563400000000002	1.56145	0.353591	
3	-0.0963852	0.641282	-0.761228	0.0	0.44533100000000003	0.711755	0.543218	0.0	0.8901629999999999	-0.28664	-0.35418499999999997	0.0	-3.03326	1.97612	1.20517	0.211732	-0.118473	0.600919	-0.790481	0.0	0.40424699999999997	-0.69794	-0.591156	0.0	-0.9069450000000001	-0.389586	-0.160233	0.0	2.74763	1.94366	1.59085	0.35543600000000003	
3	-0.101283	0.633171	-0.767357	0.0	0.441867	0.719699	0.535525	0.0	0.891345	-0.28483	-0.35267	0.0	-3.02714	1.9790599999999998	1.2057799999999999	0.339332	-0.12776600000000002	0.592063	-0.7956989999999999	0.0	0.407348	-0.70016	-0.586382	0.0	-0.904292	-0.399046	-0.15172	0.0	2.74035	1.94491	1.62275	0.35443	
3	-0.0979164	0.624516	-0.77485	0.0	0.46178	0.7182109999999999	0.520512	0.0	0.8815729999999999	-0.306844	-0.358714	0.0	-2.92728	1.93118	1.24248	0.36049499999999995	-0.12653499999999998	0.5802729999999999	-0.804532	0.0	0.41162600000000005	-0.7072109999999999	-0.574819	0.0	-0.902526	-0.403901	-0.149368	0.0	2.72548	1.96697	1.65353	0.343157	
3	-0.08215510000000001	0.588914	-0.80401	0.0	0.471743	0.7336159999999999	0.489149	0.0	0.877901	-0.3391	-0.338086	0.0	-2.84107	1.8767	1.24381	0.361962	-0.121296	0.566388	-0.815164	0.0	0.403675	-0.722104	-0.5617949999999999	0.0	-0.906826	-0.397204	-0.141049	0.0	2.71675	1.97038	1.6643700000000001	0.344011	
3	-0.052677499999999995	0.5658569999999999	-0.8228190000000001	0.0	0.49982200000000004	0.728267	0.46883400000000003	0.0	0.864525	-0.38656599999999997	-0.321191	0.0	-2.7296	1.81971	1.21474	0.363505	-0.11674000000000001	0.558535	-0.821225	0.0	0.399989	-0.730412	-0.5536310000000001	0.0	-0.909055	-0.39311199999999996	-0.138139	0.0	2.6878599999999997	1.9785700000000002	1.68612	0.345684	
3	0.0743975	0.564014	-0.822407	0.0	0.5888899999999999	0.640694	0.492666	0.0	0.804782	-0.5209600000000001	-0.284476	0.0	-2.68234	1.63703	1.15733	0.363684	-0.107353	0.552208	-0.826766	0.0	0.405142	-0.735099	-0.543589	0.0	-0.9079290000000001	-0.393313	-0.144808	0.0	2.67687	1.9851	1.69003	0.346484	
3	0.14491700000000002	0.538984	-0.8297559999999999	0.0	0.632556	0.594384	0.496569	0.0	0.760836	-0.596828	-0.254802	0.0	-2.69916	1.48966	1.12178	0.363435	-0.104049	0.549545	-0.82896	0.0	0.408495	-0.736323	-0.539407	0.0	-0.906811	-0.394751	-0.147873	0.0	2.67508	1.9856200000000002	1.69222	0.34659	
3	0.29388600000000004	0.447718	-0.8445	0.0	0.709068	0.490361	0.506724	0.0	0.640979	-0.747726	-0.173352	0.0	-2.76703	1.10458	1.01737	0.361989	-0.100412	0.548117	-0.8303520000000001	0.0	0.408023	-0.738478	-0.536812	0.0	-0.907433	-0.392705	-0.149492	0.0	2.67912	1.98832	1.69405	0.347132	
3	0.433159	0.302718	-0.8489610000000001	0.0	0.792194	0.32137899999999997	0.518791	0.0	0.429885	-0.8972610000000001	-0.100603	0.0	-2.93207	0.750868	0.93276	0.358567	-0.0977622	0.5469	-0.83147	0.0	0.4065	-0.740657	-0.534963	0.0	-0.9084049999999999	-0.39029200000000003	-0.14990699999999998	0.0	2.67159	1.98785	1.7058799999999998	0.347026	
3	0.45099799999999995	0.20208800000000002	-0.869345	0.0	0.8422620000000001	0.22589	0.489458	0.0	0.29529	-0.9529610000000001	-0.06833489999999999	0.0	-3.07124	0.582296	0.6907409999999999	0.357084	-0.097295	0.5437109999999999	-0.833614	0.0	0.404633	-0.74363	-0.532247	0.0	-0.9092889999999999	-0.389092	-0.147652	0.0	2.64628	1.98985	1.7289900000000002	0.34712800000000005	
3	0.45513000000000003	0.114718	-0.8830040000000001	0.0	0.8684850000000001	0.16158599999999998	0.46863999999999995	0.0	0.196442	-0.980168	-0.0260879	0.0	-3.2227799999999998	0.465405	0.365596	0.356926	-0.0930032	0.541712	-0.8354030000000001	0.0	0.40391900000000003	-0.746369	-0.528945	0.0	-0.910055	-0.386629	-0.149393	0.0	2.6429400000000003	1.9908299999999999	1.7431400000000001	0.346947	
3	0.446795	0.0921457	-0.8898780000000001	0.0	0.873865	0.16814500000000002	0.45616599999999996	0.0	0.191662	-0.9814459999999999	-0.00539669	0.0	-3.35279	0.378211	0.114473	0.357364	-0.09179780000000001	0.53877	-0.8374360000000001	0.0	0.399541	-0.750395	-0.526568	0.0	-0.912108	-0.38292800000000005	-0.146376	0.0	2.63163	1.9926700000000002	1.7679099999999999	0.34694200000000003	
3	0.400622	0.073162	-0.9133180000000001	0.0	0.8768879999999999	0.258391	0.405341	0.0	0.26564899999999997	-0.963266	0.039362	0.0	-3.3319900000000002	0.211509	-0.173302	0.357105	-0.0883196	0.533988	-0.840867	0.0	0.397801	-0.755017	-0.521252	0.0	-0.9132110000000001	-0.38053400000000004	-0.145738	0.0	2.62135	2.0058	1.80325	0.346483	
3	0.387194	0.063347	-0.9198200000000001	0.0	0.878424	0.27772600000000003	0.388895	0.0	0.280093	-0.958569	0.0518884	0.0	-3.2808599999999997	0.0471815	-0.37337800000000004	0.357011	-0.0880724	0.534501	-0.840567	0.0	0.397392	-0.754933	-0.521686	0.0	-0.9134129999999999	-0.379981	-0.14591800000000002	0.0	2.6168299999999998	2.00687	1.8104799999999999	0.346708	
3	0.363408	0.044527199999999996	-0.930566	0.0	0.874871	0.327007	0.35730500000000004	0.0	0.320211	-0.9439719999999999	0.0798813	0.0	-3.12514	-0.19346300000000002	-0.531028	0.35573699999999997	-0.08632310000000001	0.53246	-0.842042	0.0	0.396548	-0.756996	-0.519333	0.0	-0.9139459999999999	-0.378741	-0.1458	0.0	2.61745	2.00326	1.80795	0.347032	
3	0.369297	0.0327717	-0.928733	0.0	0.874135	0.326981	0.359125	0.0	0.315447	-0.9444629999999999	0.0921062	0.0	-3.0308200000000003	-0.33724899999999997	-0.597888	0.355354	-0.0825809	0.528176	-0.84511	0.0	0.396681	-0.760513	-0.514067	0.0	-0.914235	-0.377691	-0.146714	0.0	2.6173599999999997	2.00852	1.80607	0.34680900000000003	
3	0.37035799999999997	0.015599600000000002	-0.928758	0.0	0.879208	0.316725	0.355919	0.0	0.299713	-0.9483889999999999	0.10358599999999998	0.0	-2.98714	-0.44640799999999997	-0.686289	0.354245	-0.08125360000000001	0.527369	-0.845742	0.0	0.395929	-0.761646	-0.512968	0.0	-0.9146790000000001	-0.37653400000000004	-0.14691400000000002	0.0	2.61636	2.00719	1.8077400000000001	0.346893	
3	0.378039	-0.0146686	-0.925674	0.0	0.8836870000000001	0.303821	0.356077	0.0	0.276016	-0.952616	0.12781900000000002	0.0	-2.9605200000000003	-0.520361	-0.717467	0.352492	-0.0809352	0.525219	-0.84711	0.0	0.395566	-0.763175	-0.510971	0.0	-0.9148639999999999	-0.376444	-0.145991	0.0	2.61922	2.00445	1.8024900000000001	0.347083	
3	0.382035	-0.0022175000000000003	-0.9241450000000001	0.0	0.881951	0.299597	0.363874	0.0	0.276065	-0.9540629999999999	0.11641199999999999	0.0	-2.92294	-0.534193	-0.752504	0.352486	-0.07977100000000001	0.524311	-0.8477819999999999	0.0	0.395411	-0.764074	-0.5097470000000001	0.0	-0.915034	-0.37588499999999997	-0.146367	0.0	2.6183799999999997	2.00276	1.7975900000000002	0.3471	
3	0.387374	-0.00321928	-0.921917	0.0	0.8816930000000001	0.293473	0.36944699999999997	0.0	0.269369	-0.9559620000000001	0.116522	0.0	-2.92556	-0.572105	-0.80996	0.352533	-0.07874760000000001	0.521131	-0.849836	0.0	0.39436	-0.76666	-0.5066689999999999	0.0	-0.9155760000000001	-0.37504	-0.14514100000000002	0.0	2.6146700000000003	2.00536	1.8001099999999999	0.347023	
3	0.38914699999999997	-0.0029617	-0.921171	0.0	0.880235	0.296004	0.370902	0.0	0.271572	-0.955182	0.117796	0.0	-2.89505	-0.614456	-0.823838	0.351516	-0.0778728	0.521071	-0.8499540000000001	0.0	0.39269499999999996	-0.7675890000000001	-0.506555	0.0	-0.916366	-0.373219	-0.144848	0.0	2.59875	2.00437	1.7978599999999998	0.34735	
3	0.388827	-0.00363407	-0.9213040000000001	0.0	0.878639	0.302273	0.369628	0.0	0.277142	-0.9532139999999999	0.120725	0.0	-2.88299	-0.6263770000000001	-0.831067	0.352159	-0.07806039999999999	0.520035	-0.85057	0.0	0.393489	-0.767836	-0.505563	0.0	-0.916009	-0.374155	-0.14469100000000001	0.0	2.59507	2.00192	1.79025	0.347333	
3	0.38437899999999997	0.00376138	-0.923168	0.0	0.878181	0.30689299999999997	0.366898	0.0	0.284694	-0.951737	0.11465999999999998	0.0	-2.88295	-0.625382	-0.840276	0.352802	-0.0758842	0.51781	-0.852123	0.0	0.39319499999999996	-0.769799	-0.502799	0.0	-0.9163180000000001	-0.373205	-0.14518499999999998	0.0	2.59234	2.00057	1.78257	0.347204	
3	0.37748000000000004	0.010229299999999998	-0.925961	0.0	0.879102	0.310285	0.36180500000000004	0.0	0.291013	-0.9505879999999999	0.108134	0.0	-2.88844	-0.6247739999999999	-0.838591	0.353358	-0.0744561	0.514745	-0.8541040000000001	0.0	0.389656	-0.773374	-0.5000600000000001	0.0	-0.9179459999999999	-0.37004000000000004	-0.142991	0.0	2.5775900000000003	2.0011099999999997	1.7911700000000002	0.347404	
3	0.378397	0.0113495	-0.925574	0.0	0.8774370000000001	0.31408400000000003	0.362568	0.0	0.294823	-0.949327	0.10889000000000001	0.0	-2.89128	-0.626965	-0.834097	0.353419	-0.0762206	0.514207	-0.854273	0.0	0.39132	-0.7725989999999999	-0.49996	0.0	-0.917093	-0.37240100000000004	-0.142332	0.0	2.55715	2.00495	1.8074599999999998	0.347004	
3	0.377273	0.013729399999999998	-0.9259999999999999	0.0	0.8761709999999999	0.318592	0.361695	0.0	0.299982	-0.947793	0.10816700000000001	0.0	-2.8922	-0.6273270000000001	-0.83741	0.35326199999999996	-0.0755447	0.51212	-0.855585	0.0	0.391487	-0.7739090000000001	-0.49779799999999996	0.0	-0.9170780000000001	-0.372556	-0.142024	0.0	2.57019	2.00544	1.8020599999999998	0.346698	
3	0.37501599999999996	0.0185389	-0.926833	0.0	0.87665	0.31798200000000004	0.36107100000000003	0.0	0.30141	-0.947916	0.102996	0.0	-2.8965799999999997	-0.6236229999999999	-0.8371270000000001	0.35347	-0.0741227	0.5100899999999999	-0.8569209999999999	0.0	0.387922	-0.7768609999999999	-0.495988	0.0	-0.9187069999999999	-0.369182	-0.140292	0.0	2.57286	2.00834	1.8091700000000002	0.346603	
3	0.369473	0.0278663	-0.928824	0.0	0.876249	0.322273	0.35822800000000005	0.0	0.309318	-0.9462360000000001	0.0946533	0.0	-2.9005799999999997	-0.618704	-0.838433	0.353346	-0.0705904	0.507185	-0.858941	0.0	0.382725	-0.781415	-0.492861	0.0	-0.921162	-0.363529	-0.138952	0.0	2.55898	2.00999	1.81201	0.346699	
3	0.364359	0.036944599999999994	-0.930525	0.0	0.8730190000000001	0.33426300000000003	0.355113	0.0	0.32416	-0.9417549999999999	0.08953839999999999	0.0	-2.9093299999999997	-0.615939	-0.842893	0.353628	-0.07309249999999999	0.504857	-0.8601030000000001	0.0	0.37855300000000003	-0.783826	-0.492255	0.0	-0.922689	-0.36157399999999995	-0.133823	0.0	2.5487599999999997	2.00733	1.8207200000000001	0.347495	
3	0.35679	0.0352848	-0.9335180000000001	0.0	0.869626	0.352486	0.345694	0.0	0.34124899999999997	-0.9351520000000001	0.0950786	0.0	-2.9264099999999997	-0.62062	-0.8418690000000001	0.352513	-0.07442610000000001	0.505297	-0.8597299999999999	0.0	0.382168	-0.781848	-0.49260699999999996	0.0	-0.921091	-0.365224	-0.134919	0.0	2.5442299999999998	2.0053099999999997	1.8254299999999999	0.347512	
3	0.355421	0.0256415	-0.9343549999999999	0.0	0.8657370000000001	0.367829	0.339414	0.0	0.352385	-0.9295399999999999	0.10853499999999999	0.0	-2.92754	-0.630236	-0.8458829999999999	0.350247	-0.07263789999999999	0.504111	-0.8605790000000001	0.0	0.38456999999999997	-0.781977	-0.49052799999999996	0.0	-0.920233	-0.366584	-0.13706500000000002	0.0	2.54624	2.00675	1.82214	0.347217	
3	0.358838	0.0224375	-0.9331299999999999	0.0	0.862776	0.37349499999999997	0.34076300000000004	0.0	0.356165	-0.9273610000000001	0.114666	0.0	-2.92693	-0.63565	-0.8452860000000001	0.346482	-0.0742068	0.505524	-0.8596159999999999	0.0	0.384168	-0.7809729999999999	-0.492439	0.0	-0.920276	-0.366779	-0.13625299999999999	0.0	2.55016	2.00652	1.814	0.34755199999999997	
3	0.35877600000000004	0.0223988	-0.933155	0.0	0.8628049999999999	0.37349	0.340694	0.0	0.356155	-0.927364	0.114674	0.0	-2.9245200000000002	-0.635624	-0.84659	0.346585	-0.074173	0.505494	-0.8596360000000001	0.0	0.384292	-0.780948	-0.492381	0.0	-0.920227	-0.366873	-0.13633199999999998	0.0	2.54982	2.00576	1.8132099999999998	0.347569	
3	0.358775	0.022400299999999998	-0.933155	0.0	0.8628049999999999	0.37349099999999996	0.34069299999999997	0.0	0.356157	-0.9273629999999999	0.114672	0.0	-2.92453	-0.635621	-0.8465870000000001	0.346586	-0.07417339999999999	0.5054930000000001	-0.8596370000000001	0.0	0.38429	-0.78095	-0.492381	0.0	-0.920228	-0.366871	-0.136331	0.0	2.54981	2.00577	1.81322	0.347569	
3	0.358775	0.022400299999999998	-0.933155	0.0	0.8628049999999999	0.37349099999999996	0.34069299999999997	0.0	0.356157	-0.9273629999999999	0.114672	0.0	-2.92453	-0.635621	-0.8465860000000001	0.346586	-0.07417330000000001	0.5054930000000001	-0.8596370000000001	0.0	0.38429	-0.78095	-0.492381	0.0	-0.920228	-0.366871	-0.136331	0.0	2.54981	2.00577	1.81322	0.347569	
3	0.358775	0.022400299999999998	-0.933155	0.0	0.8628049999999999	0.37349099999999996	0.34069299999999997	0.0	0.356157	-0.9273629999999999	0.114672	0.0	-2.92453	-0.635621	-0.8465860000000001	0.346586	-0.07417330000000001	0.5054930000000001	-0.8596360000000001	0.0	0.38429	-0.78095	-0.492381	0.0	-0.920228	-0.366871	-0.136331	0.0	2.54981	2.00577	1.81322	0.347569	
3	0.358775	0.022400299999999998	-0.933155	0.0	0.8628049999999999	0.37349099999999996	0.34069299999999997	0.0	0.356157	-0.9273629999999999	0.114672	0.0	-2.92453	-0.635621	-0.8465870000000001	0.346586	-0.07417330000000001	0.5054930000000001	-0.8596370000000001	0.0	0.38429	-0.78095	-0.492381	0.0	-0.920228	-0.366871	-0.136331	0.0	2.54981	2.00577	1.81322	0.347569	
3	0.358775	0.0224004	-0.933155	0.0	0.8628049999999999	0.37349099999999996	0.34069299999999997	0.0	0.356157	-0.9273629999999999	0.114672	0.0	-2.92453	-0.635621	-0.8465860000000001	0.346586	-0.07417339999999999	0.5054930000000001	-0.8596370000000001	0.0	0.38429	-0.78095	-0.492381	0.0	-0.920228	-0.366871	-0.136331	0.0	2.54981	2.00577	1.81322	0.347569	
3	0.358775	0.022400299999999998	-0.933155	0.0	0.8628049999999999	0.37349099999999996	0.34069299999999997	0.0	0.356157	-0.9273629999999999	0.114672	0.0	-2.92453	-0.635621	-0.8465870000000001	0.346586	-0.07417339999999999	0.5054930000000001	-0.8596370000000001	0.0	0.38429	-0.78095	-0.492381	0.0	-0.920228	-0.366871	-0.136331	0.0	2.54981	2.00577	1.81322	0.347569	
3	0.358775	0.0224004	-0.933155	0.0	0.8628049999999999	0.37349099999999996	0.34069299999999997	0.0	0.356157	-0.9273629999999999	0.114672	0.0	-2.92453	-0.635621	-0.8465870000000001	0.346586	-0.0741735	0.5054930000000001	-0.8596370000000001	0.0	0.38429	-0.78095	-0.492381	0.0	-0.920228	-0.366871	-0.136331	0.0	2.54981	2.00577	1.81322	0.347569	
3	0.358775	0.0224004	-0.933155	0.0	0.8628049999999999	0.37349099999999996	0.34069299999999997	0.0	0.356157	-0.9273629999999999	0.114672	0.0	-2.92453	-0.635621	-0.8465870000000001	0.346586	-0.07417339999999999	0.5054930000000001	-0.8596370000000001	0.0	0.38429	-0.78095	-0.492381	0.0	-0.920228	-0.366871	-0.136331	0.0	2.54981	2.00577	1.81322	0.347569	
3	0.358775	0.022400299999999998	-0.933155	0.0	0.8628049999999999	0.37349099999999996	0.34069299999999997	0.0	0.356157	-0.9273629999999999	0.114672	0.0	-2.92453	-0.635621	-0.8465860000000001	0.346586	-0.07417339999999999	0.5054930000000001	-0.8596370000000001	0.0	0.38429	-0.78095	-0.492381	0.0	-0.920228	-0.366871	-0.136331	0.0	2.54981	2.00577	1.81322	0.347569	
3	0.358775	0.022400299999999998	-0.933155	0.0	0.8628049999999999	0.37349099999999996	0.34069299999999997	0.0	0.356157	-0.9273629999999999	0.114672	0.0	-2.92453	-0.635621	-0.8465860000000001	0.346586	-0.07417339999999999	0.5054930000000001	-0.8596370000000001	0.0	0.38429	-0.78095	-0.492381	0.0	-0.920228	-0.366871	-0.136331	0.0	2.54981	2.00577	1.81322	0.347569	
3	0.35877600000000004	0.022400299999999998	-0.933155	0.0	0.8628049999999999	0.37349099999999996	0.34069299999999997	0.0	0.356156	-0.9273629999999999	0.114672	0.0	-2.92453	-0.635621	-0.8465870000000001	0.346586	-0.07417339999999999	0.5054930000000001	-0.8596370000000001	0.0	0.38429	-0.78095	-0.492381	0.0	-0.920228	-0.366871	-0.136331	0.0	2.54981	2.00577	1.81322	0.347569	
3	0.358775	0.022400299999999998	-0.933155	0.0	0.8628049999999999	0.37349099999999996	0.34069299999999997	0.0	0.356157	-0.927364	0.114672	0.0	-2.92453	-0.635621	-0.8465870000000001	0.346586	-0.07417339999999999	0.5054930000000001	-0.8596370000000001	0.0	0.38429	-0.78095	-0.492381	0.0	-0.920228	-0.366871	-0.136331	0.0	2.54981	2.00577	1.81322	0.347569	
3	0.358775	0.022400299999999998	-0.933155	0.0	0.8628049999999999	0.37349099999999996	0.34069299999999997	0.0	0.356157	-0.9273629999999999	0.114672	0.0	-2.92453	-0.635621	-0.8465870000000001	0.346586	-0.07417339999999999	0.5054930000000001	-0.8596370000000001	0.0	0.38429	-0.78095	-0.492381	0.0	-0.920228	-0.366871	-0.136331	0.0	2.54981	2.00577	1.81322	0.347569	
3	0.358775	0.0224004	-0.933155	0.0	0.8628049999999999	0.37349099999999996	0.34069299999999997	0.0	0.356157	-0.927364	0.114672	0.0	-2.92453	-0.635621	-0.8465860000000001	0.346586	-0.0741735	0.5054930000000001	-0.8596370000000001	0.0	0.38429	-0.78095	-0.492381	0.0	-0.920228	-0.366871	-0.136331	0.0	2.54981	2.00577	1.81322	0.347569	
3	0.358775	0.0224004	-0.933155	0.0	0.8628049999999999	0.37349099999999996	0.34069299999999997	0.0	0.356157	-0.9273629999999999	0.114672	0.0	-2.92453	-0.635621	-0.8465870000000001	0.346586	-0.0741735	0.5054930000000001	-0.8596370000000001	0.0	0.38429	-0.78095	-0.492381	0.0	-0.920228	-0.366871	-0.136331	0.0	2.54981	2.00577	1.81322	0.347569	
3	0.358775	0.022400299999999998	-0.933155	0.0	0.8628049999999999	0.37349099999999996	0.34069299999999997	0.0	0.356157	-0.9273629999999999	0.114672	0.0	-2.92453	-0.635621	-0.8465860000000001	0.346586	-0.0741735	0.5054930000000001	-0.8596370000000001	0.0	0.38429	-0.78095	-0.492381	0.0	-0.920228	-0.366871	-0.136331	0.0	2.54981	2.00577	1.81322	0.347569	
3	0.358775	0.022400299999999998	-0.933155	0.0	0.8628049999999999	0.37349099999999996	0.34069299999999997	0.0	0.356157	-0.9273629999999999	0.114672	0.0	-2.92453	-0.635621	-0.8465870000000001	0.346586	-0.0741735	0.5054930000000001	-0.8596370000000001	0.0	0.38429	-0.78095	-0.492381	0.0	-0.920228	-0.366871	-0.136331	0.0	2.54981	2.00577	1.81322	0.347569	
3	0.358775	0.0224004	-0.933155	0.0	0.8628049999999999	0.37349099999999996	0.34069299999999997	0.0	0.356157	-0.9273629999999999	0.114672	0.0	-2.92453	-0.635621	-0.8465870000000001	0.346586	-0.0741735	0.5054930000000001	-0.8596370000000001	0.0	0.38429	-0.78095	-0.492381	0.0	-0.920228	-0.366871	-0.136331	0.0	2.54981	2.00577	1.81322	0.347569	
3	0.358775	0.022400299999999998	-0.933155	0.0	0.8628049999999999	0.37349099999999996	0.34069299999999997	0.0	0.356157	-0.9273629999999999	0.114672	0.0	-2.92453	-0.635621	-0.8465870000000001	0.346586	-0.0741735	0.5054930000000001	-0.8596370000000001	0.0	0.38429	-0.78095	-0.492381	0.0	-0.920228	-0.366871	-0.136331	0.0	2.54981	2.00577	1.81322	0.347569	
3	0.358775	0.022400299999999998	-0.933155	0.0	0.8628049999999999	0.37349099999999996	0.34069299999999997	0.0	0.356157	-0.9273629999999999	0.114672	0.0	-2.92453	-0.635621	-0.8465870000000001	0.346586	-0.0741735	0.5054930000000001	-0.8596370000000001	0.0	0.38429	-0.78095	-0.492381	0.0	-0.920228	-0.366871	-0.136331	0.0	2.54981	2.00577	1.81322	0.347569	
3	0.358775	0.022400299999999998	-0.933155	0.0	0.8628049999999999	0.37349099999999996	0.34069299999999997	0.0	0.356157	-0.9273629999999999	0.114672	0.0	-2.92453	-0.635621	-0.8465870000000001	0.346586	-0.0741735	0.5054930000000001	-0.8596370000000001	0.0	0.38429	-0.78095	-0.492381	0.0	-0.920228	-0.366871	-0.136331	0.0	2.54981	2.00577	1.81322	0.347569	
3	0.358775	0.0224004	-0.933155	0.0	0.8628049999999999	0.37349099999999996	0.34069299999999997	0.0	0.356157	-0.9273629999999999	0.114672	0.0	-2.92453	-0.635621	-0.8465870000000001	0.346586	-0.0741735	0.5054930000000001	-0.8596370000000001	0.0	0.38429	-0.78095	-0.492381	0.0	-0.920228	-0.366871	-0.136331	0.0	2.54981	2.00577	1.81322	0.347569	
3	0.358775	0.022400299999999998	-0.933155	0.0	0.8628049999999999	0.37349099999999996	0.34069299999999997	0.0	0.356157	-0.9273629999999999	0.114672	0.0	-2.92453	-0.635621	-0.8465870000000001	0.346586	-0.0741735	0.5054930000000001	-0.8596370000000001	0.0	0.38429	-0.78095	-0.492381	0.0	-0.920228	-0.366871	-0.136331	0.0	2.54981	2.00577	1.81322	0.347569	
3	0.358775	0.0224004	-0.933155	0.0	0.8628049999999999	0.37349099999999996	0.34069299999999997	0.0	0.356157	-0.9273629999999999	0.114672	0.0	-2.92453	-0.635621	-0.8465860000000001	0.346586	-0.0741735	0.5054930000000001	-0.8596370000000001	0.0	0.38429	-0.78095	-0.492381	0.0	-0.920228	-0.366871	-0.136331	0.0	2.54981	2.00577	1.81322	0.347569	
3	0.358775	0.0224004	-0.933155	0.0	0.8628049999999999	0.37349099999999996	0.34069299999999997	0.0	0.356157	-0.9273629999999999	0.114672	0.0	-2.92453	-0.635621	-0.8465870000000001	0.346586	-0.0741735	0.5054930000000001	-0.8596370000000001	0.0	0.38429	-0.78095	-0.492381	0.0	-0.920228	-0.366871	-0.136331	0.0	2.54981	2.00577	1.81322	0.347569	
3	0.358775	0.0224004	-0.933155	0.0	0.8628049999999999	0.37349099999999996	0.34069299999999997	0.0	0.356157	-0.9273629999999999	0.114672	0.0	-2.92453	-0.635621	-0.8465860000000001	0.346586	-0.0741735	0.5054930000000001	-0.8596370000000001	0.0	0.38429	-0.78095	-0.492381	0.0	-0.920228	-0.366871	-0.136331	0.0	2.54981	2.00577	1.81322	0.347569	
3	0.358775	0.0224004	-0.933155	0.0	0.8628049999999999	0.37349099999999996	0.34069299999999997	0.0	0.356157	-0.9273629999999999	0.114672	0.0	-2.92453	-0.635621	-0.8465870000000001	0.346586	-0.0741735	0.5054930000000001	-0.8596370000000001	0.0	0.38429	-0.78095	-0.492381	0.0	-0.920228	-0.366871	-0.136331	0.0	2.54981	2.00577	1.81322	0.347569	
3	0.358775	0.0224004	-0.933155	0.0	0.8628049999999999	0.37349099999999996	0.34069299999999997	0.0	0.356157	-0.9273629999999999	0.114672	0.0	-2.92453	-0.635621	-0.8465870000000001	0.346586	-0.0741735	0.5054930000000001	-0.8596370000000001	0.0	0.38429	-0.78095	-0.492381	0.0	-0.920228	-0.366871	-0.136331	0.0	2.54981	2.00577	1.81322	0.347569	
3	0.358775	0.0224004	-0.933155	0.0	0.8628049999999999	0.37349099999999996	0.34069299999999997	0.0	0.356157	-0.9273629999999999	0.114672	0.0	-2.92453	-0.635621	-0.8465870000000001	0.346586	-0.0741735	0.5054930000000001	-0.8596370000000001	0.0	0.38429	-0.78095	-0.492381	0.0	-0.920228	-0.366871	-0.136331	0.0	2.54981	2.00577	1.81322	0.347569	
3	0.358775	0.022400299999999998	-0.933155	0.0	0.8628049999999999	0.37349099999999996	0.34069299999999997	0.0	0.356157	-0.9273629999999999	0.114672	0.0	-2.92453	-0.635621	-0.8465860000000001	0.346586	-0.0741735	0.5054930000000001	-0.8596370000000001	0.0	0.38429	-0.78095	-0.492381	0.0	-0.920228	-0.366871	-0.136331	0.0	2.54981	2.00577	1.81322	0.347569	
3	0.358775	0.0224004	-0.933155	0.0	0.8628049999999999	0.37349099999999996	0.34069299999999997	0.0	0.356157	-0.9273629999999999	0.114672	0.0	-2.92453	-0.635621	-0.8465870000000001	0.346586	-0.0741735	0.5054930000000001	-0.8596370000000001	0.0	0.38429	-0.78095	-0.492381	0.0	-0.920228	-0.366871	-0.136331	0.0	2.54981	2.00577	1.81322	0.347569	
3	0.216221	0.42185500000000004	-0.8805040000000001	0.0	0.8344309999999999	0.388397	0.39099	0.0	0.506926	-0.81926	-0.268029	0.0	-2.95925	-0.675729	-0.873389	0.355674	-0.07469719999999999	0.498383	-0.863733	0.0	0.371996	-0.789704	-0.487839	0.0	-0.9252239999999999	-0.357746	-0.126408	0.0	2.51	2.04408	1.8383599999999998	0.346804	
3	0.223769	0.418725	-0.8801120000000001	0.0	0.8320700000000001	0.388156	0.396225	0.0	0.50753	-0.8209780000000001	-0.26155100000000003	0.0	-2.95801	-0.677814	-0.8769469999999999	0.355489	-0.0740403	0.497667	-0.864203	0.0	0.370031	-0.791009	-0.48721899999999996	0.0	-0.9260649999999999	-0.35585500000000003	-0.125586	0.0	2.51215	2.0453799999999998	1.83275	0.346783	
3	0.234316	0.421703	-0.875935	0.0	0.826779	0.38753699999999996	0.40774	0.0	0.511402	-0.8197450000000001	-0.257849	0.0	-2.9552400000000003	-0.6997439999999999	-0.8852030000000001	0.355158	-0.07403739999999999	0.497225	-0.8644569999999999	0.0	0.37101100000000004	-0.7908810000000001	-0.48668100000000003	0.0	-0.925673	-0.35675500000000004	-0.125921	0.0	2.5103400000000002	2.04677	1.8327	0.346957	
3	0.265369	0.415092	-0.870217	0.0	0.837073	0.348681	0.42158199999999996	0.0	0.47842399999999996	-0.84031	-0.25493299999999997	0.0	-2.93004	-0.785852	-0.928955	0.354542	-0.07485089999999998	0.498151	-0.8638540000000001	0.0	0.373712	-0.789136	-0.487446	0.0	-0.9245200000000001	-0.35931799999999997	-0.127098	0.0	2.51245	2.04544	1.8331	0.347139	
3	0.28715999999999997	0.406602	-0.867303	0.0	0.846086	0.31683	0.42866899999999997	0.0	0.449085	-0.856909	-0.253039	0.0	-2.90711	-0.9433309999999999	-1.01462	0.354532	-0.07485839999999999	0.497567	-0.864189	0.0	0.375224	-0.788875	-0.48670699999999995	0.0	-0.9239069999999999	-0.360698	-0.127645	0.0	2.5138599999999998	2.0516	1.83828	0.346639	
3	0.316027	0.368185	-0.874395	0.0	0.850038	0.299455	0.433316	0.0	0.421382	-0.880208	-0.218336	0.0	-2.85915	-1.24514	-1.1551	0.354114	-0.0751483	0.497453	-0.8642299999999999	0.0	0.375621	-0.78872	-0.486651	0.0	-0.9237219999999999	-0.361194	-0.127583	0.0	2.51499	2.05274	1.84105	0.346574	
3	0.36039099999999996	0.32088099999999997	-0.8758729999999999	0.0	0.856826	0.257302	0.44681800000000005	0.0	0.368739	-0.9115	-0.18220999999999998	0.0	-2.75244	-1.62796	-1.27901	0.353082	-0.0754714	0.496961	-0.8644850000000001	0.0	0.376697	-0.788504	-0.48616899999999996	0.0	-0.923257	-0.36234099999999997	-0.127695	0.0	2.51556	2.05037	1.8407	0.346215	
3	0.411423	0.262585	-0.8728	0.0	0.862542	0.197283	0.465941	0.0	0.294538	-0.944526	-0.145324	0.0	-2.6392700000000002	-1.95655	-1.38234	0.35193800000000003	-0.07569980000000001	0.49874399999999997	-0.8634379999999999	0.0	0.37643499999999996	-0.787552	-0.487913	0.0	-0.9233450000000001	-0.36196300000000003	-0.128127	0.0	2.51671	2.0512099999999998	1.84275	0.34638800000000003	
3	0.46498	0.20738600000000001	-0.8606879999999999	0.0	0.8620979999999999	0.115147	0.493487	0.0	0.201448	-0.971459	-0.125246	0.0	-2.56928	-2.3039400000000003	-1.5403200000000001	0.35134299999999996	-0.07355139999999999	0.49846999999999997	-0.8637809999999999	0.0	0.375716	-0.788462	-0.486997	0.0	-0.9238120000000001	-0.36035500000000004	-0.12929100000000002	0.0	2.52045	2.0494	1.8403599999999998	0.346509	
3	0.517442	0.10169500000000001	-0.8496540000000001	0.0	0.8524139999999999	0.0259168	0.522225	0.0	0.0751279	-0.9944780000000001	-0.0732757	0.0	-2.49867	-2.73211	-1.71869	0.350444	-0.07405160000000001	0.49878999999999996	-0.863554	0.0	0.374227	-0.788751	-0.487674	0.0	-0.924376	-0.359279	-0.128253	0.0	2.52069	2.04628	1.83713	0.346711	
3	0.516907	0.0479711	-0.8546959999999999	0.0	0.8558110000000001	-0.00579157	0.517256	0.0	0.0198634	-0.9988319999999999	-0.044048000000000004	0.0	-2.5001	-2.86345	-1.77003	0.34889699999999996	-0.0737941	0.49921000000000004	-0.863333	0.0	0.374772	-0.788358	-0.48789099999999996	0.0	-0.924176	-0.359556	-0.128914	0.0	2.51956	2.04727	1.8385799999999999	0.346596	
3	0.528402	-0.00882813	-0.8489479999999999	0.0	0.848469	-0.029698000000000002	0.528412	0.0	-0.0298769	-0.9995200000000001	-0.00820211	0.0	-2.54343	-2.96603	-1.84139	0.348611	-0.0737818	0.49849499999999997	-0.8637469999999999	0.0	0.37400300000000003	-0.789064	-0.48733999999999994	0.0	-0.9244879999999999	-0.359001	-0.128221	0.0	2.51987	2.04337	1.83645	0.346652	
3	0.5153989999999999	-0.052643899999999993	-0.855332	0.0	0.855184	-0.0324486	0.517308	0.0	-0.054987400000000006	-0.998086	0.0282962	0.0	-2.67446	-2.97189	-1.8636599999999999	0.349339	-0.0741044	0.498395	-0.863777	0.0	0.373975	-0.78906	-0.487367	0.0	-0.924473	-0.359147	-0.127915	0.0	2.52345	2.04487	1.8353400000000002	0.346521	
3	0.503973	-0.061400800000000005	-0.861534	0.0	0.861243	-0.03976180000000001	0.506636	0.0	-0.065364	-0.9973209999999999	0.032842199999999995	0.0	-2.7631799999999997	-2.89377	-1.8365599999999997	0.349433	-0.0739092	0.498246	-0.86388	0.0	0.37427699999999997	-0.7890699999999999	-0.48712	0.0	-0.924367	-0.359333	-0.128162	0.0	2.5222700000000002	2.04221	1.835	0.34656	
3	0.49660200000000004	-0.0638555	-0.865626	0.0	0.864901	-0.0475015	0.49968999999999997	0.0	-0.0730265	-0.996828	0.0316394	0.0	-2.84456	-2.80662	-1.81748	0.34965100000000005	-0.07338839999999999	0.49755900000000003	-0.8643200000000001	0.0	0.374062	-0.789654	-0.486338	0.0	-0.9244950000000001	-0.359001	-0.128167	0.0	2.5219	2.0422599999999997	1.83493	0.346462	
3	0.48577600000000004	-0.05432719999999999	-0.872393	0.0	0.8704559999999999	-0.0607616	0.48848100000000005	0.0	-0.07954580000000001	-0.9966729999999999	0.0177729	0.0	-2.98224	-2.65726	-1.7833900000000003	0.34995	-0.0731195	0.49713199999999996	-0.8645889999999999	0.0	0.373531	-0.7901590000000001	-0.485925	0.0	-0.924732	-0.358481	-0.127919	0.0	2.52061	2.0434799999999997	1.83582	0.346546	
3	0.481728	-0.03533630000000001	-0.8756079999999999	0.0	0.87389	-0.0549995	0.48300200000000004	0.0	-0.0652255	-0.9978610000000001	0.00438523	0.0	-3.15557	-2.5343299999999997	-1.7431	0.34960399999999997	-0.0722428	0.49513900000000005	-0.8658049999999999	0.0	0.372584	-0.791833	-0.48392299999999994	0.0	-0.925182	-0.357545	-0.127276	0.0	2.51988	2.04509	1.83805	0.346412	
3	0.479175	-0.03306869999999999	-0.8770959999999999	0.0	0.8754049999999999	-0.0545191	0.480307	0.0	-0.0637015	-0.997965	0.0028242	0.0	-3.20796	-2.54662	-1.76405	0.349585	-0.07294910000000002	0.494738	-0.865975	0.0	0.37195100000000003	-0.792149	-0.483893	0.0	-0.9253809999999999	-0.3574	-0.12623199999999998	0.0	2.52008	2.04323	1.83503	0.346475	
3	0.48347700000000005	-0.0266714	-0.874951	0.0	0.874167	-0.0373996	0.484184	0.0	-0.0456365	-0.9989450000000001	0.00523339	0.0	-3.2719099999999997	-2.6158099999999997	-1.7930599999999999	0.349497	-0.0730717	0.49346999999999996	-0.8666879999999999	0.0	0.37243200000000004	-0.792644	-0.482712	0.0	-0.9251790000000001	-0.358054	-0.125864	0.0	2.52013	2.0449200000000003	1.8361	0.346327	
3	0.48113	-0.0304485	-0.8761200000000001	0.0	0.8764940000000001	-0.0020799	0.481408	0.0	-0.0164804	-0.999534	0.0256873	0.0	-3.28685	-2.85796	-1.8364	0.34987399999999996	-0.0727882	0.492724	-0.867136	0.0	0.373573	-0.792678	-0.48177299999999995	0.0	-0.924741	-0.359006	-0.126371	0.0	2.52083	2.0506	1.83435	0.346088	
3	0.480228	-0.0230303	-0.876841	0.0	0.877127	0.00642976	0.480216	0.0	-0.0054217	-0.999714	0.023288299999999998	0.0	-3.27736	-2.93077	-1.8660599999999998	0.349866	-0.0708261	0.49195600000000006	-0.867734	0.0	0.37300500000000003	-0.793745	-0.480454	0.0	-0.9251219999999999	-0.357698	-0.12728399999999998	0.0	2.52071	2.05091	1.83413	0.345945	
3	0.476495	-0.0192789	-0.878966	0.0	0.8791770000000001	0.00945124	0.47640200000000005	0.0	-0.000877053	-0.99977	0.021452900000000004	0.0	-3.24517	-3.0664599999999997	-1.94406	0.350022	-0.0705393	0.49275399999999997	-0.8673049999999999	0.0	0.373127	-0.793317	-0.481066	0.0	-0.9250950000000001	-0.357549	-0.1279	0.0	2.5215099999999997	2.05116	1.83228	0.34621399999999997	
3	0.468858	-0.00919646	-0.8832260000000001	0.0	0.8830530000000001	0.027233999999999998	0.468483	0.0	0.019745500000000003	-0.9995870000000001	0.0208898	0.0	-3.21563	-3.17002	-1.98433	0.349973	-0.0701717	0.491705	-0.86793	0.0	0.372342	-0.79428	-0.480084	0.0	-0.9254389999999999	-0.35685500000000003	-0.12734600000000001	0.0	2.5222599999999997	2.05203	1.82873	0.34621399999999997	
3	0.466649	-0.00735906	-0.8844120000000001	0.0	0.884281	0.022977900000000002	0.46638900000000005	0.0	0.0168898	-0.9997090000000001	0.017230000000000002	0.0	-3.18653	-3.2250900000000002	-2.02157	0.349994	-0.0699365	0.491791	-0.8679	0.0	0.372762	-0.794121	-0.480022	0.0	-0.9252879999999999	-0.357091	-0.12778299999999998	0.0	2.52272	2.05076	1.82916	0.346235	
3	0.464462	-0.00941089	-0.8855430000000001	0.0	0.8855879999999999	0.0085153	0.464394	0.0	0.00317031	-0.999919	0.012289200000000002	0.0	-3.25432	-3.3355599999999996	-2.05674	0.349504	-0.0701059	0.491374	-0.868123	0.0	0.372635	-0.7943640000000001	-0.47971800000000003	0.0	-0.925326	-0.357124	-0.127414	0.0	2.52371	2.05495	1.83038	0.346104	
3	0.462059	-0.00903004	-0.8868030000000001	0.0	0.886849	0.00547519	0.462028	0.0	0.000683427	-0.999944	0.0105381	0.0	-3.28199	-3.3973699999999996	-2.03689	0.348955	-0.0700654	0.49079799999999996	-0.868452	0.0	0.37301100000000004	-0.794546	-0.479124	0.0	-0.9251780000000001	-0.357512	-0.127403	0.0	2.52231	2.0538	1.83391	0.34609	
