3	0.593133	0.516197	-0.617846	0.0	0.687198	0.0752317	0.722564	0.0	0.41946700000000003	-0.853159	-0.310107	0.0	-2.73968	2.0	1.46191	0.0	-0.593133	0.516197	-0.617847	0.0	0.7497510000000001	0.07450599999999999	-0.657513	0.0	-0.293373	-0.853223	-0.43121099999999996	0.0	2.66032	2.0	1.53809	0.0	
3	0.0903157	0.762097	-0.641133	0.0	0.513269	0.516065	0.685735	0.0	0.853462	-0.391006	-0.344552	0.0	-2.93854	1.81407	1.3574700000000002	0.0	-0.386594	0.679186	-0.6239	0.0	0.731951	-0.18559900000000001	-0.655592	0.0	-0.561064	-0.710112	-0.42538000000000004	0.0	2.6286	2.01074	1.51979	-4.40329e-06	
3	0.09750729999999999	0.7509359999999999	-0.653137	0.0	0.495666	0.5324399999999999	0.6861649999999999	0.0	0.863023	-0.390644	-0.320296	0.0	-3.12772	1.5874700000000002	1.31723	0.0	0.0304127	0.736892	-0.675326	0.0	0.52765	-0.585663	-0.6152920000000001	0.0	-0.8489180000000001	-0.337623	-0.406632	0.0	2.84274	1.74747	1.45744	0.0	
3	0.0791442	0.757463	-0.6480630000000001	0.0	0.483263	0.5394479999999999	0.689531	0.0	0.871891	-0.367757	-0.32336	0.0	-3.1063099999999997	1.51613	1.27213	0.0	0.0435815	0.690512	-0.722007	0.0	0.514406	-0.635042	-0.576289	0.0	-0.856439	-0.346289	-0.38287899999999997	0.0	2.81407	1.6313600000000001	1.4572100000000001	0.09270969999999999	
3	0.13862	0.77123	-0.621279	0.0	0.518915	0.47776	0.708853	0.0	0.843512	-0.420653	-0.333976	0.0	-3.06641	1.44393	1.25674	0.353463	0.0201355	0.68628	-0.727059	0.0	0.507027	-0.633767	-0.584178	0.0	-0.8616950000000001	-0.356876	-0.360724	0.0	2.71371	1.57461	1.45443	0.362392	
3	0.14707	0.76945	-0.621544	0.0	0.544944	0.46138	0.700118	0.0	0.8254739999999999	-0.441673	-0.351452	0.0	-3.03975	1.3602299999999998	1.2122600000000001	0.359199	-0.015748500000000002	0.6787350000000001	-0.734215	0.0	0.542266	-0.611139	-0.5765899999999999	0.0	-0.840059	-0.40721999999999997	-0.35843	0.0	2.66748	1.4897799999999999	1.4631	0.361235	
3	0.15121099999999998	0.763687	-0.627629	0.0	0.546978	0.464225	0.696642	0.0	0.823377	-0.448639	-0.347524	0.0	-3.06684	1.2671700000000001	1.163	0.359711	-0.0380095	0.661678	-0.748825	0.0	0.558372	-0.6074	-0.565054	0.0	-0.8287190000000001	-0.4396	-0.346375	0.0	2.65751	1.3669799999999999	1.5205	0.36225999999999997	
3	0.150314	0.758361	-0.634266	0.0	0.537904	0.47555	0.696068	0.0	0.8294969999999999	-0.44580299999999995	-0.336444	0.0	-3.05143	1.23224	1.18398	0.360831	-0.048157900000000003	0.653436	-0.7554489999999999	0.0	0.558992	-0.609162	-0.562538	0.0	-0.827773	-0.44938	-0.335929	0.0	2.6607	1.30616	1.53637	0.362612	
3	0.153919	0.748967	-0.644482	0.0	0.530552	0.487605	0.693366	0.0	0.8335610000000001	-0.448654	-0.322314	0.0	-3.03645	1.196	1.21424	0.36175	-0.0581793	0.650246	-0.757492	0.0	0.5591659999999999	-0.6073569999999999	-0.564314	0.0	-0.8270120000000001	-0.456396	-0.32826	0.0	2.6569599999999998	1.26811	1.54546	0.363383	
3	0.151823	0.7410359999999999	-0.654076	0.0	0.522494	0.501558	0.6895220000000001	0.0	0.839017	-0.44643599999999994	-0.311039	0.0	-3.02387	1.17323	1.24558	0.36173099999999997	-0.0678043	0.646261	-0.7600979999999999	0.0	0.5590430000000001	-0.6064069999999999	-0.565457	0.0	-0.826361	-0.463268	-0.320171	0.0	2.62891	1.22478	1.57261	0.363469	
3	0.149326	0.738859	-0.657107	0.0	0.523772	0.504558	0.6863560000000001	0.0	0.838669	-0.446665	-0.31165	0.0	-3.02743	1.17336	1.25286	0.360425	-0.07415980000000001	0.639556	-0.765159	0.0	0.555959	-0.61046	-0.564135	0.0	-0.827895	-0.467233	-0.310295	0.0	2.6144	1.24275	1.5993600000000001	0.363691	
3	0.148075	0.741699	-0.654184	0.0	0.530954	0.498443	0.685305	0.0	0.834363	-0.44881800000000005	-0.320002	0.0	-3.04122	1.21621	1.21335	0.358069	-0.0794902	0.642328	-0.762297	0.0	0.566491	-0.600123	-0.564749	0.0	-0.820225	-0.47672600000000004	-0.31617	0.0	2.6291	1.29115	1.58877	0.362807	
3	0.11735799999999999	0.702487	-0.701954	0.0	0.615781	0.503074	0.606408	0.0	0.7791279999999999	-0.503417	-0.373539	0.0	-3.0623	1.2708899999999999	1.15403	0.35744000000000004	-0.0750247	0.641205	-0.7636930000000001	0.0	0.601964	-0.581444	-0.547323	0.0	-0.794991	-0.500778	-0.34236	0.0	2.68623	1.32405	1.4887700000000001	0.36243400000000003	
3	0.202448	0.613517	-0.7632899999999999	0.0	0.696194	0.45798900000000003	0.552775	0.0	0.688715	-0.643306	-0.334408	0.0	-3.1575900000000003	1.2007700000000001	1.0566799999999998	0.356604	-0.146397	0.609731	-0.778971	0.0	0.6770510000000001	-0.512362	-0.528287	0.0	-0.721228	-0.604743	-0.33781100000000003	0.0	2.7974	1.31358	1.33536	0.362676	
3	0.258711	0.537666	-0.8024859999999999	0.0	0.7382489999999999	0.425705	0.523225	0.0	0.622942	-0.727798	-0.28679699999999997	0.0	-3.20115	1.11284	0.9562510000000001	0.35523899999999997	-0.201953	0.599799	-0.774246	0.0	0.698172	-0.46624	-0.543301	0.0	-0.686856	-0.650278	-0.324604	0.0	2.87512	1.2685	1.09138	0.36246100000000003	
3	0.341363	0.465164	-0.816758	0.0	0.768904	0.361588	0.527295	0.0	0.540609	-0.808008	-0.23423400000000003	0.0	-3.2865599999999997	0.910248	0.724705	0.35415100000000005	-0.300996	0.542643	-0.784181	0.0	0.7408140000000001	-0.384757	-0.550597	0.0	-0.6004970000000001	-0.74666	-0.286188	0.0	2.91198	1.02785	0.7699819999999999	0.36170599999999997	
3	0.382777	0.415975	-0.824892	0.0	0.7929390000000001	0.310246	0.5244	0.0	0.47405699999999995	-0.854817	-0.211087	0.0	-3.29441	0.698372	0.493201	0.353111	-0.34083	0.49143400000000004	-0.801454	0.0	0.761434	-0.355715	-0.541927	0.0	-0.5514100000000001	-0.794959	-0.252956	0.0	2.9178599999999997	0.668583	0.399448	0.361496	
3	0.399326	0.373012	-0.8374969999999999	0.0	0.8299559999999999	0.241015	0.503076	0.0	0.38950300000000004	-0.895977	-0.21334	0.0	-3.29544	0.506784	0.10223	0.351659	-0.352988	0.44263500000000006	-0.8243020000000001	0.0	0.807257	-0.301316	-0.5074890000000001	0.0	-0.473008	-0.844561	-0.250959	0.0	2.9125799999999997	0.29627	-0.0413689	0.36031599999999997	
3	0.37549299999999997	0.361077	-0.8535969999999999	0.0	0.8610040000000001	0.20498400000000003	0.46546099999999996	0.0	0.343041	-0.9097280000000001	-0.233918	0.0	-3.28325	0.38952800000000004	-0.278527	0.350319	-0.355414	0.409482	-0.840241	0.0	0.83893	-0.25664000000000003	-0.47993	0.0	-0.412162	-0.8754770000000001	-0.252314	0.0	2.9297400000000002	-0.0296928	-0.38303200000000004	0.359898	
3	0.31895500000000004	0.33237300000000003	-0.8875790000000001	0.0	0.9010319999999999	0.184117	0.39273600000000003	0.0	0.293953	-0.925002	-0.240754	0.0	-3.30076	0.267971	-0.653395	0.349071	-0.346777	0.33102800000000004	-0.877591	0.0	0.8745229999999999	-0.22411	-0.43009899999999995	0.0	-0.33905100000000005	-0.9166219999999999	-0.21177600000000002	0.0	2.98926	-0.37291199999999997	-0.574041	0.3592	
3	0.27736	0.301089	-0.9123690000000001	0.0	0.918216	0.196408	0.343954	0.0	0.28275700000000004	-0.93315	-0.221989	0.0	-3.34191	0.12354100000000001	-0.911099	0.34873000000000004	-0.320785	0.305696	-0.8964639999999999	0.0	0.897785	-0.203442	-0.39063200000000003	0.0	-0.301793	-0.930141	-0.209188	0.0	3.12784	-0.652828	-0.747213	0.3593	
3	0.24012600000000003	0.270994	-0.932149	0.0	0.932001	0.204207	0.299455	0.0	0.271502	-0.9406709999999999	-0.203531	0.0	-3.32525	0.0349739	-1.0249700000000002	0.34809	-0.301969	0.29473499999999997	-0.9066120000000001	0.0	0.9109290000000001	-0.191222	-0.36557199999999995	0.0	-0.281111	-0.936251	-0.21074	0.0	3.2400700000000002	-0.775079	-0.8486030000000001	0.359153	
3	0.16710899999999998	0.23594400000000001	-0.957291	0.0	0.9528049999999999	0.210948	0.218319	0.0	0.253449	-0.948594	-0.189557	0.0	-3.34934	-0.105875	-1.28883	0.347719	-0.21075	0.269583	-0.9396329999999999	0.0	0.93996	-0.20807399999999998	-0.27052	0.0	-0.268441	-0.9402290000000001	-0.20954499999999998	0.0	3.4549800000000004	-0.951623	-1.10589	0.35918	
3	0.117798	0.176199	-0.977281	0.0	0.96431	0.214705	0.154945	0.0	0.23712800000000003	-0.9606540000000001	-0.144619	0.0	-3.32354	-0.21168800000000002	-1.36138	0.347404	-0.164052	0.235591	-0.9579059999999999	0.0	0.9499350000000001	-0.22403499999999998	-0.21778699999999998	0.0	-0.265913	-0.945677	-0.18704300000000001	0.0	3.48795	-1.02263	-1.2382	0.358797	
3	0.10018300000000001	0.16158599999999998	-0.9817600000000001	0.0	0.967275	0.21536599999999997	0.134151	0.0	0.233114	-0.9630719999999999	-0.134722	0.0	-3.2798199999999995	-0.240815	-1.37812	0.347057	-0.150565	0.22901799999999997	-0.961707	0.0	0.948218	-0.241742	-0.20601999999999998	0.0	-0.279667	-0.9429270000000001	-0.18076099999999998	0.0	3.4782699999999998	-1.03393	-1.26301	0.3589	
3	0.09228910000000001	0.145723	-0.9850110000000001	0.0	0.969928	0.21059	0.122031	0.0	0.22521599999999997	-0.9666520000000001	-0.121906	0.0	-3.23398	-0.282804	-1.4276799999999998	0.346967	-0.136017	0.22649899999999998	-0.964468	0.0	0.9439700000000001	-0.265851	-0.19555899999999998	0.0	-0.300698	-0.9370280000000001	-0.177648	0.0	3.40769	-1.0583200000000001	-1.26397	0.358976	
3	0.0978122	0.126619	-0.987117	0.0	0.9713799999999999	0.203585	0.122367	0.0	0.21645599999999998	-0.970835	-0.103082	0.0	-3.1961	-0.286988	-1.40246	0.347325	-0.133044	0.22381199999999998	-0.9655090000000001	0.0	0.9422889999999999	-0.273417	-0.193224	0.0	-0.307232	-0.9354950000000001	-0.17452	0.0	3.36885	-1.06565	-1.27643	0.35868099999999997	
3	0.102931	0.123697	-0.986967	0.0	0.973786	0.189814	0.125346	0.0	0.202846	-0.9739969999999999	-0.10091699999999999	0.0	-3.19885	-0.24661799999999998	-1.41238	0.347589	-0.12598	0.217304	-0.9679399999999999	0.0	0.941016	-0.282692	-0.185941	0.0	-0.314035	-0.9342719999999999	-0.168873	0.0	3.3338900000000002	-1.0733	-1.28559	0.358573	
3	0.103779	0.12327	-0.9869319999999999	0.0	0.974275	0.18698299999999998	0.125802	0.0	0.200047	-0.974598	-0.100694	0.0	-3.20768	-0.231785	-1.39901	0.347575	-0.124828	0.21530500000000002	-0.9685360000000001	0.0	0.9405950000000001	-0.284976	-0.184578	0.0	-0.31575	-0.934041	-0.166942	0.0	3.32652	-1.07471	-1.29114	0.358651	
3	0.0985212	0.12041800000000001	-0.987822	0.0	0.9755870000000001	0.184098	0.119743	0.0	0.196275	-0.975504	-0.0993403	0.0	-3.2817800000000004	-0.20318699999999998	-1.37929	0.34789899999999996	-0.12485999999999998	0.21388000000000001	-0.9688469999999999	0.0	0.938873	-0.290281	-0.185079	0.0	-0.320822	-0.9327340000000001	-0.16456199999999999	0.0	3.2851199999999996	-1.0824	-1.29473	0.358513	
3	0.10222200000000001	0.12935	-0.986316	0.0	0.9738680000000001	0.189136	0.125736	0.0	0.202812	-0.9733940000000001	-0.106636	0.0	-3.32139	-0.19075699999999998	-1.3736700000000002	0.34870100000000004	-0.12526800000000002	0.20880700000000002	-0.969901	0.0	0.9374620000000001	-0.295101	-0.18461	0.0	-0.324766	-0.932371	-0.158782	0.0	3.2488099999999998	-1.09264	-1.29047	0.358588	
3	0.105901	0.134903	-0.985183	0.0	0.971877	0.195524	0.131244	0.0	0.210333	-0.971376	-0.110403	0.0	-3.3506099999999996	-0.183197	-1.36179	0.349111	-0.125879	0.208912	-0.969799	0.0	0.9361940000000001	-0.29836799999999997	-0.18579	0.0	-0.328171	-0.931307	-0.158024	0.0	3.2329	-1.09865	-1.27646	0.35858	
3	0.106031	0.135244	-0.9851219999999999	0.0	0.9718600000000001	0.19547799999999999	0.13144	0.0	0.21034699999999998	-0.9713379999999999	-0.11071199999999999	0.0	-3.35221	-0.183249	-1.36055	0.349105	-0.1259	0.208932	-0.969792	0.0	0.936134	-0.298521	-0.185844	0.0	-0.328332	-0.9312530000000001	-0.158005	0.0	3.2328799999999998	-1.09885	-1.27554	0.358572	
3	0.106029	0.135238	-0.985124	0.0	0.9718610000000001	0.195477	0.131437	0.0	0.210344	-0.971339	-0.110707	0.0	-3.35218	-0.183256	-1.36056	0.34910599999999997	-0.1259	0.208931	-0.969792	0.0	0.936135	-0.298519	-0.185843	0.0	-0.32833	-0.9312540000000001	-0.158004	0.0	3.2328900000000003	-1.09884	-1.27555	0.358572	
3	0.106029	0.135239	-0.985124	0.0	0.9718610000000001	0.195477	0.131437	0.0	0.210344	-0.971339	-0.110707	0.0	-3.35218	-0.183256	-1.36056	0.34910599999999997	-0.1259	0.208931	-0.969792	0.0	0.936135	-0.298519	-0.185843	0.0	-0.32833	-0.9312540000000001	-0.158004	0.0	3.2328900000000003	-1.09884	-1.27555	0.35857100000000003	
3	0.106029	0.135239	-0.985124	0.0	0.9718610000000001	0.195477	0.131437	0.0	0.210344	-0.971339	-0.110707	0.0	-3.35218	-0.183256	-1.36056	0.34910599999999997	-0.1259	0.208931	-0.969792	0.0	0.936135	-0.298519	-0.185843	0.0	-0.32833	-0.9312540000000001	-0.158004	0.0	3.2328900000000003	-1.09884	-1.27555	0.35857100000000003	
3	0.106029	0.135239	-0.985124	0.0	0.9718610000000001	0.195477	0.131437	0.0	0.210344	-0.971339	-0.110707	0.0	-3.35218	-0.183256	-1.36056	0.34910599999999997	-0.1259	0.208931	-0.969792	0.0	0.936135	-0.298519	-0.185843	0.0	-0.32833	-0.9312540000000001	-0.158004	0.0	3.2328900000000003	-1.09884	-1.27555	0.35857100000000003	
3	0.106029	0.135239	-0.985124	0.0	0.9718610000000001	0.195477	0.131437	0.0	0.210344	-0.971339	-0.110707	0.0	-3.35218	-0.183256	-1.36056	0.34910599999999997	-0.1259	0.208931	-0.969792	0.0	0.936135	-0.298519	-0.185843	0.0	-0.32833	-0.9312540000000001	-0.158005	0.0	3.2328900000000003	-1.09884	-1.27555	0.358572	
3	0.106029	0.135239	-0.985124	0.0	0.9718610000000001	0.195477	0.131437	0.0	0.210344	-0.971339	-0.110707	0.0	-3.35218	-0.183256	-1.36056	0.34910599999999997	-0.1259	0.208931	-0.969792	0.0	0.936135	-0.298519	-0.185843	0.0	-0.32833	-0.9312540000000001	-0.158005	0.0	3.2328900000000003	-1.09884	-1.27555	0.358572	
3	0.106029	0.135239	-0.985124	0.0	0.9718610000000001	0.195477	0.131437	0.0	0.210344	-0.971339	-0.110707	0.0	-3.35218	-0.183256	-1.36056	0.34910599999999997	-0.1259	0.208931	-0.969792	0.0	0.936135	-0.298519	-0.185843	0.0	-0.32833	-0.9312540000000001	-0.158005	0.0	3.2328900000000003	-1.09884	-1.27555	0.358572	
3	0.106029	0.135239	-0.985124	0.0	0.9718610000000001	0.195477	0.131437	0.0	0.210344	-0.971339	-0.110707	0.0	-3.35218	-0.183256	-1.36056	0.34910599999999997	-0.1259	0.208931	-0.969792	0.0	0.936135	-0.298519	-0.185843	0.0	-0.32833	-0.9312540000000001	-0.158005	0.0	3.2328900000000003	-1.09884	-1.27555	0.358572	
3	0.106029	0.135239	-0.985124	0.0	0.9718610000000001	0.195477	0.131437	0.0	0.210344	-0.971339	-0.110707	0.0	-3.35218	-0.183256	-1.36056	0.34910599999999997	-0.1259	0.208931	-0.969792	0.0	0.936135	-0.298519	-0.185843	0.0	-0.32833	-0.9312540000000001	-0.158004	0.0	3.2328900000000003	-1.09884	-1.27555	0.35857100000000003	
3	0.106029	0.135239	-0.985124	0.0	0.9718610000000001	0.195477	0.131437	0.0	0.210344	-0.971339	-0.110707	0.0	-3.35218	-0.183256	-1.36056	0.34910599999999997	-0.1259	0.208931	-0.969792	0.0	0.936135	-0.298519	-0.185843	0.0	-0.32833	-0.9312540000000001	-0.158004	0.0	3.2328900000000003	-1.09884	-1.27555	0.35857100000000003	
3	0.106029	0.135239	-0.985124	0.0	0.9718610000000001	0.195477	0.131437	0.0	0.210344	-0.971339	-0.110707	0.0	-3.35218	-0.183256	-1.36056	0.349105	-0.1259	0.208931	-0.969792	0.0	0.936135	-0.298519	-0.185843	0.0	-0.32833	-0.9312540000000001	-0.158004	0.0	3.2328900000000003	-1.09884	-1.27555	0.358572	
3	0.106029	0.135239	-0.985124	0.0	0.9718610000000001	0.195477	0.131437	0.0	0.210344	-0.971339	-0.110707	0.0	-3.35218	-0.183256	-1.36056	0.34910599999999997	-0.1259	0.208931	-0.969792	0.0	0.936135	-0.298519	-0.185843	0.0	-0.32833	-0.9312540000000001	-0.158005	0.0	3.2328900000000003	-1.09884	-1.27555	0.358572	
3	0.106029	0.135239	-0.985124	0.0	0.9718610000000001	0.195477	0.131437	0.0	0.210344	-0.971339	-0.110707	0.0	-3.35218	-0.183256	-1.36056	0.349105	-0.1259	0.208931	-0.969792	0.0	0.936135	-0.298519	-0.185843	0.0	-0.32833	-0.9312540000000001	-0.158005	0.0	3.2328900000000003	-1.09884	-1.27555	0.358572	
3	0.106029	0.135239	-0.985124	0.0	0.9718610000000001	0.195477	0.131437	0.0	0.210344	-0.971339	-0.110707	0.0	-3.35218	-0.183256	-1.36056	0.34910599999999997	-0.1259	0.208931	-0.969792	0.0	0.936135	-0.298519	-0.185843	0.0	-0.32833	-0.9312540000000001	-0.158004	0.0	3.2328900000000003	-1.09884	-1.27555	0.35857100000000003	
3	0.106029	0.135239	-0.985124	0.0	0.9718610000000001	0.195477	0.131437	0.0	0.210344	-0.971339	-0.110707	0.0	-3.35218	-0.183256	-1.36056	0.34910599999999997	-0.1259	0.208931	-0.969792	0.0	0.936135	-0.298519	-0.185843	0.0	-0.32833	-0.9312540000000001	-0.158004	0.0	3.2328900000000003	-1.09884	-1.27555	0.35857100000000003	
3	0.106029	0.135239	-0.985124	0.0	0.9718610000000001	0.195477	0.131437	0.0	0.210344	-0.971339	-0.110707	0.0	-3.35218	-0.183256	-1.36056	0.34910599999999997	-0.1259	0.208931	-0.969792	0.0	0.936135	-0.298519	-0.185843	0.0	-0.32833	-0.9312540000000001	-0.158004	0.0	3.2328900000000003	-1.09884	-1.27555	0.35857100000000003	
3	0.14341199999999998	0.44760500000000003	-0.882657	0.0	0.938729	0.220912	0.26455	0.0	0.31340300000000004	-0.8665149999999999	-0.388498	0.0	-3.3394800000000004	-0.290989	-1.4211200000000002	0.352032	-0.0879942	0.330764	-0.939602	0.0	0.8649129999999999	-0.44255600000000006	-0.23679	0.0	-0.494148	-0.8335100000000001	-0.24714	0.0	3.1217900000000003	-1.12609	-1.28785	0.357027	
3	0.199165	0.417784	-0.8864479999999999	0.0	0.9298290000000001	0.205067	0.30556	0.0	0.30943899999999996	-0.885101	-0.347625	0.0	-3.23486	-0.5599649999999999	-1.57663	0.35276599999999997	-0.10755	0.341974	-0.933535	0.0	0.86192	-0.435913	-0.258984	0.0	-0.49550600000000006	-0.8324860000000001	-0.24787199999999998	0.0	2.99715	-1.2243899999999999	-1.43944	0.357125	
3	0.217673	0.40507	-0.8879959999999999	0.0	0.9249850000000001	0.204737	0.32013400000000003	0.0	0.31148200000000004	-0.8910680000000001	-0.33011799999999997	0.0	-3.1943799999999998	-0.700936	-1.6513799999999998	0.352864	-0.113791	0.34141	-0.933001	0.0	0.8582059999999999	-0.43934700000000004	-0.265437	0.0	-0.500534	-0.8309110000000001	-0.243006	0.0	2.9096900000000003	-1.26948	-1.51184	0.357288	
3	0.24831799999999998	0.32174899999999995	-0.913683	0.0	0.9278209999999999	0.192048	0.319789	0.0	0.278363	-0.9271440000000001	-0.250837	0.0	-3.04262	-1.24909	-1.929	0.352358	-0.119324	0.33634899999999995	-0.934147	0.0	0.8352860000000001	-0.4746	-0.277581	0.0	-0.5367109999999999	-0.813403	-0.22431700000000002	0.0	2.5615799999999997	-1.46916	-1.8167	0.357158	
3	0.276256	0.24818800000000002	-0.928486	0.0	0.9346709999999999	0.155554	0.319676	0.0	0.223769	-0.956141	-0.189001	0.0	-2.99281	-1.65245	-2.11334	0.351957	-0.134245	0.322293	-0.9370729999999999	0.0	0.817098	-0.499011	-0.28868499999999997	0.0	-0.560651	-0.804435	-0.196355	0.0	2.27794	-1.65015	-2.01903	0.357165	
3	0.290905	0.189146	-0.9378690000000001	0.0	0.942214	0.113597	0.315163	0.0	0.166151	-0.975356	-0.14517	0.0	-2.9855	-1.9980099999999998	-2.3037900000000002	0.351418	-0.141401	0.300533	-0.943232	0.0	0.800599	-0.525712	-0.287521	0.0	-0.582278	-0.795806	-0.16627	0.0	2.04386	-1.8131099999999998	-2.19571	0.357076	
3	0.296466	0.11921199999999998	-0.947574	0.0	0.950145	0.0635484	0.305265	0.0	0.09660830000000001	-0.990833	-0.0944291	0.0	-3.0144599999999997	-2.29569	-2.43608	0.350971	-0.14747000000000002	0.285883	-0.9468489999999999	0.0	0.7844899999999999	-0.549207	-0.288006	0.0	-0.602352	-0.785266	-0.143281	0.0	1.83097	-1.94324	-2.33311	0.357239	
3	0.311733	0.050665800000000004	-0.948818	0.0	0.949699	0.0148079	0.312813	0.0	0.029898900000000003	-0.998606	-0.0435012	0.0	-3.0219	-2.45348	-2.52779	0.355034	-0.151316	0.281447	-0.9475709999999999	0.0	0.7770020000000001	-0.558707	-0.290024	0.0	-0.611041	-0.78015	-0.134144	0.0	1.6921400000000002	-2.01492	-2.42875	0.357113	
3	0.33077199999999995	-0.00970399	-0.9436610000000001	0.0	0.942413	-0.0490291	0.330839	0.0	-0.049477099999999996	-0.99875	-0.00707242	0.0	-2.96853	-2.44161	-2.57012	0.36336	-0.158078	0.282408	-0.9461799999999999	0.0	0.771334	-0.56294	-0.296889	0.0	-0.616486	-0.776753	-0.128842	0.0	1.6507900000000002	-2.05303	-2.52062	0.357217	
3	0.367158	-0.0786732	-0.926826	0.0	0.9220309999999999	-0.100651	0.373803	0.0	-0.12269400000000001	-0.991807	0.0355841	0.0	-2.9217400000000002	-2.43668	-2.62471	0.370753	-0.162024	0.28695	-0.9441440000000001	0.0	0.769496	-0.562236	-0.30293000000000003	0.0	-0.617757	-0.775597	-0.129711	0.0	1.6554099999999998	-2.06918	-2.59631	0.35704400000000003	
3	0.38864099999999996	-0.112348	-0.9145139999999999	0.0	0.90925	-0.113822	0.400387	0.0	-0.149074	-0.987129	0.0579164	0.0	-2.96778	-2.43982	-2.64719	0.372733	-0.16269	0.291095	-0.94276	0.0	0.767569	-0.56304	-0.306307	0.0	-0.619975	-0.773467	-0.13183499999999998	0.0	1.6641	-2.07252	-2.62458	0.357188	
3	0.391355	-0.12781700000000001	-0.91132	0.0	0.9086110000000001	-0.103271	0.404675	0.0	-0.145837	-0.9864069999999999	0.0757203	0.0	-3.0484299999999998	-2.4611	-2.6650400000000003	0.371265	-0.16034500000000002	0.289917	-0.943524	0.0	0.762783	-0.570283	-0.30485999999999996	0.0	-0.626459	-0.768587	-0.129702	0.0	1.6754200000000001	-2.0792599999999997	-2.6528400000000003	0.357148	
3	0.407332	-0.14364100000000002	-0.901913	0.0	0.8969379999999999	-0.12306600000000001	0.42468500000000003	0.0	-0.171997	-0.9819479999999999	0.0787081	0.0	-3.5113	-2.95415	-2.67733	0.34847100000000003	-0.159729	0.287527	-0.9443600000000001	0.0	0.7592810000000001	-0.5755680000000001	-0.303667	0.0	-0.6308560000000001	-0.7655390000000001	-0.126379	0.0	1.6489599999999998	-2.0941400000000003	-2.6606400000000003	0.357223	
3	0.42736599999999997	-0.165752	-0.888755	0.0	0.8759120000000001	-0.16755899999999999	0.45243999999999995	0.0	-0.223912	-0.971828	0.0735746	0.0	-3.57648	-2.98753	-2.7331	0.348527	-0.15676800000000002	0.284172	-0.9458700000000001	0.0	0.756246	-0.581444	-0.300025	0.0	-0.635229	-0.7623449999999999	-0.123752	0.0	1.62624	-2.10012	-2.64622	0.35691999999999996	
3	0.426209	-0.166484	-0.889173	0.0	0.8764120000000001	-0.167571	0.451467	0.0	-0.224162	-0.971701	0.07448869999999999	0.0	-3.62099	-2.97676	-2.76018	0.349184	-0.156335	0.28267800000000004	-0.9463889999999999	0.0	0.755302	-0.583212	-0.298969	0.0	-0.636458	-0.761549	-0.122331	0.0	1.61895	-2.10328	-2.6442200000000002	0.35681999999999997	
3	0.399776	-0.188138	-0.8970969999999999	0.0	0.89289	-0.141291	0.42753199999999997	0.0	-0.20718699999999998	-0.9719260000000001	0.111502	0.0	-3.7606300000000004	-2.87422	-2.74188	0.349231	-0.156886	0.278131	-0.9476450000000001	0.0	0.752058	-0.588302	-0.297171	0.0	-0.640153	-0.759305	-0.116874	0.0	1.59643	-2.11104	-2.63673	0.357034	
3	0.38798699999999997	-0.178134	-0.904286	0.0	0.9060739999999999	-0.105978	0.409631	0.0	-0.168804	-0.978282	0.12028499999999999	0.0	-3.8075	-2.82013	-2.70948	0.349769	-0.15672	0.282713	-0.946315	0.0	0.751579	-0.587486	-0.299982	0.0	-0.640756	-0.758243	-0.12041099999999999	0.0	1.5973600000000001	-2.1097799999999998	-2.64065	0.356815	
3	0.348982	-0.167151	-0.9221020000000001	0.0	0.9285370000000001	-0.07126310000000001	0.364336	0.0	-0.126611	-0.983353	0.13033599999999998	0.0	-3.7351	-2.75979	-2.63199	0.350122	-0.156802	0.286094	-0.945285	0.0	0.746229	-0.5926560000000001	-0.303153	0.0	-0.6469590000000001	-0.752934	-0.12056199999999999	0.0	1.5971899999999999	-2.1139900000000003	-2.6475	0.35704400000000003	
3	0.318221	-0.17565799999999998	-0.931601	0.0	0.941351	-0.057779	0.332446	0.0	-0.112224	-0.9827540000000001	0.14696900000000002	0.0	-3.6930699999999996	-2.73965	-2.59233	0.350231	-0.155936	0.284973	-0.945766	0.0	0.74512	-0.594625	-0.302023	0.0	-0.6484449999999999	-0.7518050000000001	-0.11961600000000001	0.0	1.5853700000000002	-2.1217200000000003	-2.65938	0.357186	
3	0.273809	-0.20180599999999999	-0.9403739999999999	0.0	0.961097	0.0204518	0.275454	0.0	-0.036355599999999995	-0.9792120000000001	0.19955499999999998	0.0	-3.63153	-2.71185	-2.51381	0.350015	-0.154835	0.278024	-0.9480129999999999	0.0	0.742372	-0.6004	-0.29732800000000004	0.0	-0.6518520000000001	-0.749815	-0.113434	0.0	1.54809	-2.13462	-2.6703200000000002	0.357159	
3	0.255477	-0.20291700000000001	-0.9452809999999999	0.0	0.966815	0.053417	0.249831	0.0	-0.000200897	-0.9777379999999999	0.20983000000000002	0.0	-3.51865	-2.63249	-2.43697	0.350409	-0.15476800000000002	0.275672	-0.9487110000000001	0.0	0.742494	-0.60102	-0.295768	0.0	-0.651729	-0.7501869999999999	-0.111666	0.0	1.5290700000000002	-2.14242	-2.66919	0.35729099999999997	
3	0.21668400000000002	-0.236566	-0.9471459999999999	0.0	0.970305	0.159023	0.182263	0.0	0.1075	-0.958514	0.263999	0.0	-3.3695199999999996	-2.5230599999999996	-2.32667	0.350003	-0.156046	0.279316	-0.947435	0.0	0.7410869999999999	-0.6010310000000001	-0.29925100000000004	0.0	-0.6530229999999999	-0.7488279999999999	-0.11320899999999999	0.0	1.51986	-2.14568	-2.6705400000000004	0.357244	
3	0.23939000000000002	-0.221067	-0.945422	0.0	0.968249	0.126588	0.21556999999999998	0.0	0.07202339999999999	-0.967008	0.244351	0.0	-3.26093	-2.4001799999999998	-2.2469200000000003	0.350304	-0.155805	0.278955	-0.9475809999999999	0.0	0.7397739999999999	-0.6027359999999999	-0.299073	0.0	-0.654568	-0.747592	-0.112454	0.0	1.51514	-2.1461900000000003	-2.6684799999999997	0.357279	
3	0.24545799999999998	-0.230805	-0.94153	0.0	0.965707	0.142992	0.21670799999999998	0.0	0.084614	-0.9624360000000001	0.25798899999999997	0.0	-3.2830800000000004	-2.37578	-2.2067200000000002	0.35013099999999997	-0.155171	0.27798	-0.9479709999999999	0.0	0.737642	-0.605697	-0.29835500000000004	0.0	-0.6571199999999999	-0.745559	-0.11106300000000001	0.0	1.50966	-2.15073	-2.66853	0.35723499999999997	
3	0.263753	-0.21310900000000002	-0.9407540000000001	0.0	0.9619770000000001	0.12986	0.240286	0.0	0.0709592	-0.96836	0.23925700000000003	0.0	-3.26056	-2.38482	-2.16621	0.35042399999999996	-0.15374200000000002	0.275794	-0.948842	0.0	0.7348939999999999	-0.609992	-0.29637800000000003	0.0	-0.660525	-0.7428640000000001	-0.10889800000000001	0.0	1.49834	-2.15327	-2.67069	0.357273	
3	0.280974	-0.221992	-0.933688	0.0	0.957201	0.135194	0.255907	0.0	0.06941939999999999	-0.9656309999999999	0.250477	0.0	-3.25604	-2.47288	-2.14342	0.350054	-0.152719	0.272809	-0.9498700000000001	0.0	0.732827	-0.613594	-0.294052	0.0	-0.663054	-0.7409979999999999	-0.10621400000000002	0.0	1.47681	-2.15944	-2.67423	0.357212	
3	0.302551	-0.21195100000000003	-0.929268	0.0	0.952142	0.111671	0.284528	0.0	0.0434663	-0.970879	0.235594	0.0	-3.22916	-2.53423	-2.146	0.349867	-0.15290499999999999	0.270783	-0.950419	0.0	0.731839	-0.615259	-0.293032	0.0	-0.6641020000000001	-0.74036	-0.104093	0.0	1.47074	-2.158	-2.67339	0.357112	
3	0.322855	-0.21229099999999998	-0.922333	0.0	0.9460930000000001	0.0991182	0.30835799999999997	0.0	0.0259584	-0.972167	0.232848	0.0	-3.24658	-2.62862	-2.16508	0.349995	-0.152542	0.269487	-0.9508459999999999	0.0	0.731923	-0.615689	-0.291918	0.0	-0.664093	-0.740476	-0.103326	0.0	1.4692	-2.15951	-2.67498	0.356916	
3	0.347289	-0.207814	-0.914442	0.0	0.9374680000000001	0.101189	0.333038	0.0	0.023321400000000003	-0.9729200000000001	0.22996100000000003	0.0	-3.14636	-2.72981	-2.11979	0.349302	-0.15315	0.27060100000000004	-0.9504319999999999	0.0	0.732187	-0.614843	-0.293037	0.0	-0.663662	-0.740772	-0.103967	0.0	1.46936	-2.16126	-2.66858	0.357028	
3	0.36286799999999997	-0.214479	-0.9068219999999999	0.0	0.9312450000000001	0.118246	0.344674	0.0	0.033303	-0.9695450000000001	0.24264000000000002	0.0	-3.1118099999999997	-2.83658	-2.10506	0.349223	-0.15421400000000002	0.272183	-0.949807	0.0	0.730571	-0.615786	-0.295082	0.0	-0.665195	-0.739408	-0.10388599999999999	0.0	1.47056	-2.16777	-2.65772	0.35685500000000003	
3	0.381218	-0.20571799999999998	-0.9013059999999999	0.0	0.924351	0.101392	0.367824	0.0	0.015717	-0.9733450000000001	0.22880799999999998	0.0	-2.98239	-2.94292	-2.06054	0.348735	-0.153102	0.27141	-0.950209	0.0	0.728011	-0.619242	-0.294175	0.0	-0.668251	-0.736801	-0.102783	0.0	1.4687299999999999	-2.17791	-2.6444799999999997	0.356774	
3	0.391205	-0.20197	-0.897868	0.0	0.9202819999999999	0.09250950000000001	0.380161	0.0	0.00628009	-0.9750129999999999	0.22205999999999998	0.0	-2.9618900000000004	-2.98062	-2.05366	0.349139	-0.153341	0.271406	-0.9501709999999999	0.0	0.726431	-0.6209	-0.294587	0.0	-0.669914	-0.735406	-0.101949	0.0	1.4647700000000001	-2.18203	-2.63824	0.356912	
3	0.417245	-0.17515899999999998	-0.891755	0.0	0.908789	0.083763	0.408763	0.0	0.00309783	-0.9809709999999999	0.194132	0.0	-2.9414	-3.07793	-2.0169900000000003	0.348684	-0.152814	0.26873600000000003	-0.9510149999999999	0.0	0.720962	-0.6278600000000001	-0.293267	0.0	-0.675916	-0.7304609999999999	-0.0978026	0.0	1.43135	-2.19065	-2.62378	0.356998	
3	0.429763	-0.164891	-0.887758	0.0	0.90294	0.0768749	0.422835	0.0	-0.00147521	-0.983311	0.181925	0.0	-2.93349	-3.1118799999999998	-2.00433	0.348965	-0.153071	0.26592	-0.951765	0.0	0.71702	-0.632879	-0.292142	0.0	-0.680038	-0.7271529999999999	-0.0937945	0.0	1.40309	-2.19807	-2.6059400000000004	0.35683400000000004	
3	0.43935	-0.16046	-0.883869	0.0	0.8982370000000001	0.0653864	0.434621	0.0	-0.0119463	-0.984874	0.17285799999999998	0.0	-2.93284	-3.11475	-2.0038400000000003	0.349008	-0.15253	0.265796	-0.951886	0.0	0.715535	-0.634678	-0.291879	0.0	-0.681721	-0.725629	-0.0933788	0.0	1.38774	-2.1995400000000003	-2.60513	0.356901	
3	0.451326	-0.155724	-0.878667	0.0	0.8911629999999999	0.0276937	0.452837	0.0	-0.0461837	-0.9874129999999999	0.151274	0.0	-2.93316	-3.11717	-2.0034099999999997	0.349563	-0.156319	0.26155	-0.9524469999999999	0.0	0.71027	-0.640323	-0.29241100000000003	0.0	-0.686354	-0.722204	-0.0856765	0.0	1.33523	-2.2152	-2.59594	0.35708	
3	0.464808	-0.141045	-0.8741049999999999	0.0	0.883432	0.00789833	0.46849300000000005	0.0	-0.0591746	-0.989972	0.128275	0.0	-2.93967	-3.1213900000000003	-2.00129	0.35024	-0.158443	0.260531	-0.952376	0.0	0.7086020000000001	-0.641702	-0.293431	0.0	-0.687589	-0.721348	-0.08294019999999999	0.0	1.32093	-2.22625	-2.5950599999999997	0.35685	
3	0.465333	-0.137497	-0.874391	0.0	0.8832030000000001	0.00688055	0.468941	0.0	-0.058461400000000004	-0.9904780000000001	0.12463900000000001	0.0	-2.94223	-3.1221900000000002	-2.0013099999999997	0.350015	-0.161073	0.26007199999999997	-0.95206	0.0	0.707775	-0.6418590000000001	-0.295079	0.0	-0.68783	-0.721374	-0.08068639999999999	0.0	1.31514	-2.22971	-2.588	0.356848	
3	0.467496	-0.129322	-0.874484	0.0	0.882044	0.00254795	0.47116099999999994	0.0	-0.0587035	-0.991599	0.11525899999999999	0.0	-2.94443	-3.12394	-2.0007	0.350731	-0.161018	0.260515	-0.9519479999999999	0.0	0.7077399999999999	-0.641777	-0.29534299999999997	0.0	-0.687879	-0.721287	-0.08103889999999998	0.0	1.31979	-2.2399299999999998	-2.59389	0.356806	
3	0.46157600000000004	-0.128032	-0.877813	0.0	0.885074	-0.00038495699999999995	0.46545	0.0	-0.059930399999999995	-0.99177	0.11314	0.0	-2.94962	-3.12561	-2.0007099999999998	0.35038400000000003	-0.162548	0.25956599999999996	-0.951947	0.0	0.705272	-0.644155	-0.296068	0.0	-0.690051	-0.719507	-0.0783592	0.0	1.32732	-2.27259	-2.58974	0.356729	
3	0.447376	-0.12229200000000001	-0.8859450000000001	0.0	0.892926	0.00527921	0.45017299999999993	0.0	-0.050375300000000005	-0.9924799999999999	0.11155899999999999	0.0	-2.95043	-3.12744	-1.9982099999999998	0.35042199999999996	-0.164552	0.25809699999999997	-0.952003	0.0	0.7027	-0.646638	-0.29677	0.0	-0.692196	-0.717806	-0.07496	0.0	1.32336	-2.29129	-2.57734	0.356698	
3	0.428404	-0.12139000000000001	-0.8953959999999999	0.0	0.902209	0.0027511999999999997	0.431291	0.0	-0.0498908	-0.9926010000000001	0.110697	0.0	-2.94781	-3.1274599999999997	-1.9949700000000001	0.350502	-0.16642200000000001	0.255678	-0.9523299999999999	0.0	0.701246	-0.6482939999999999	-0.296596	0.0	-0.6932229999999999	-0.717178	-0.0714029	0.0	1.3064200000000001	-2.30937	-2.57025	0.356657	
3	0.417343	-0.12339100000000001	-0.9003329999999999	0.0	0.9076879999999999	0.00873834	0.419554	0.0	-0.0439019	-0.9923200000000001	0.115647	0.0	-2.94731	-3.12775	-1.9939200000000001	0.350794	-0.169347	0.25358600000000003	-0.9523739999999999	0.0	0.700615	-0.648656	-0.297296	0.0	-0.693153	-0.717593	-0.0678181	0.0	1.29132	-2.3095	-2.56042	0.356794	
3	0.402281	-0.131554	-0.906015	0.0	0.9143600000000001	0.00801069	0.40482399999999996	0.0	-0.0459983	-0.9912770000000001	0.12351	0.0	-2.94525	-3.12653	-1.99288	0.35086300000000004	-0.170599	0.252755	-0.952371	0.0	0.6992619999999999	-0.64991	-0.297742	0.0	-0.694211	-0.716751	-0.06586739999999999	0.0	1.28271	-2.31252	-2.5528	0.356667	
3	0.392777	-0.161348	-0.9053690000000001	0.0	0.9171459999999999	-0.00364107	0.398535	0.0	-0.06759939999999999	-0.986891	0.146549	0.0	-2.94106	-3.1208400000000003	-1.9954900000000002	0.349517	-0.17162	0.250975	-0.952658	0.0	0.695867	-0.653628	-0.297556	0.0	-0.697364	-0.71399	-0.0624692	0.0	1.26801	-2.3227700000000002	-2.54905	0.356527	
3	0.399876	-0.174999	-0.899708	0.0	0.913357	-0.00603473	0.407116	0.0	-0.07667439999999999	-0.98455	0.157424	0.0	-2.94327	-3.1172299999999997	-2.00152	0.348142	-0.172665	0.249542	-0.9528459999999999	0.0	0.694973	-0.6546569999999999	-0.297385	0.0	-0.697997	-0.71355	-0.060389	0.0	1.2613	-2.33983	-2.55445	0.35653	
3	0.4042	-0.211844	-0.8898	0.0	0.910324	-0.00155279	0.413893	0.0	-0.08906230000000001	-0.977302	0.192219	0.0	-2.95428	-3.10852	-2.01245	0.34678400000000004	-0.173576	0.248112	-0.9530540000000001	0.0	0.694419	-0.655378	-0.297088	0.0	-0.698322	-0.713386	-0.058535800000000006	0.0	1.24695	-2.3474	-2.5182700000000002	0.35654	
3	0.399183	-0.228341	-0.887983	0.0	0.9085409999999999	-0.031742200000000005	0.416587	0.0	-0.12331099999999999	-0.9730639999999999	0.194787	0.0	-2.9653	-3.1040400000000004	-2.0322299999999998	0.345666	-0.175091	0.248627	-0.952643	0.0	0.694574	-0.654575	-0.298494	0.0	-0.6977899999999999	-0.7139439999999999	-0.05807919999999999	0.0	1.24074	-2.35205	-2.50085	0.356554	
3	0.411793	-0.261506	-0.87295	0.0	0.8949090000000001	-0.0646999	0.441533	0.0	-0.171943	-0.963031	0.20738099999999998	0.0	-2.97361	-3.09617	-2.04529	0.344982	-0.175508	0.25310900000000003	-0.951385	0.0	0.6954279999999999	-0.6521520000000001	-0.30179	0.0	-0.6968340000000001	-0.7145859999999999	-0.0615614	0.0	1.2485	-2.35376	-2.51009	0.356485	
3	0.42032299999999995	-0.262218	-0.86866	0.0	0.895265	-0.036033800000000005	0.44407399999999997	0.0	-0.14774500000000002	-0.9643360000000001	0.21960900000000003	0.0	-2.97591	-3.09615	-2.0462700000000003	0.344711	-0.176397	0.254968	-0.950724	0.0	0.692052	-0.654718	-0.303987	0.0	-0.699963	-0.711573	-0.060960900000000005	0.0	1.25714	-2.36178	-2.5252	0.35668099999999997	
3	0.41151800000000005	-0.269733	-0.8705729999999999	0.0	0.901056	-0.023111000000000003	0.433087	0.0	-0.13693699999999998	-0.962658	0.233533	0.0	-2.97764	-3.09437	-2.04413	0.344966	-0.176698	0.25519000000000003	-0.950608	0.0	0.6894399999999999	-0.657196	-0.304576	0.0	-0.702461	-0.709205	-0.05981330000000001	0.0	1.25914	-2.36902	-2.53435	0.35670100000000005	
3	0.384114	-0.258968	-0.886223	0.0	0.911809	-0.0444745	0.4082	0.0	-0.145125	-0.9648620000000001	0.219046	0.0	-2.98379	-3.09688	-2.03113	0.34476100000000004	-0.176697	0.255238	-0.9505950000000001	0.0	0.686638	-0.659999	-0.304844	0.0	-0.7052	-0.70658	-0.058636400000000005	0.0	1.2533100000000001	-2.37636	-2.53569	0.35673499999999997	
3	0.328364	-0.2207	-0.9184049999999999	0.0	0.93558	-0.0577	0.34836999999999996	0.0	-0.129877	-0.973634	0.18753599999999998	0.0	-3.00427	-3.10393	-2.0207200000000003	0.344844	-0.17729	0.25552600000000003	-0.950408	0.0	0.685343	-0.661011	-0.305564	0.0	-0.706309	-0.705529	-0.0579326	0.0	1.24211	-2.38289	-2.5266	0.356725	
3	0.257721	-0.237139	-0.936667	0.0	0.955727	-0.0799093	0.283196	0.0	-0.142005	-0.968184	0.206046	0.0	-3.31651	-3.43001	-2.01594	0.36243800000000004	-0.178422	0.253236	-0.950809	0.0	0.6830510000000001	-0.663669	-0.30493600000000004	0.0	-0.7082430000000001	-0.703858	-0.054559699999999996	0.0	1.23916	-2.39478	-2.5378700000000003	0.35697199999999996	
3	0.20132	-0.22933	-0.9523010000000001	0.0	0.964612	-0.122591	0.23344499999999999	0.0	-0.17027899999999999	-0.965598	0.196535	0.0	-3.33926	-3.42334	-1.9826599999999999	0.364804	-0.178011	0.250702	-0.951557	0.0	0.6825939999999999	-0.665063	-0.30291599999999996	0.0	-0.708787	-0.703449	-0.052739499999999995	0.0	1.23587	-2.40067	-2.54032	0.356892	
3	0.103282	-0.229865	-0.967727	0.0	0.984891	-0.11233399999999999	0.131796	0.0	-0.139004	-0.9667180000000001	0.21479	0.0	-3.5198699999999996	-3.48006	-1.8124900000000002	0.363769	-0.179046	0.244817	-0.952894	0.0	0.681424	-0.66776	-0.299598	0.0	-0.709651	-0.702966	-0.0472648	0.0	1.22157	-2.38976	-2.53093	0.35680500000000004	
3	0.030139999999999997	-0.24777	-0.96835	0.0	0.995172	-0.0830908	0.052235199999999996	0.0	-0.09340319999999999	-0.965249	0.244069	0.0	-3.5881300000000005	-3.6354599999999997	-1.7613599999999998	0.36135100000000003	-0.18062999999999999	0.24109499999999998	-0.9535440000000001	0.0	0.679515	-0.670323	-0.298205	0.0	-0.711078	-0.701812	-0.0427473	0.0	1.20656	-2.3874	-2.5239	0.356671	
3	0.020682	-0.250789	-0.9678209999999999	0.0	0.997994	-0.0527601	0.034998400000000006	0.0	-0.0598395	-0.9666030000000001	0.24919499999999997	0.0	-3.61636	-3.64417	-1.75993	0.36196100000000003	-0.18040799999999999	0.241657	-0.9534440000000001	0.0	0.6791470000000001	-0.670578	-0.298469	0.0	-0.711486	-0.701375	-0.043142599999999996	0.0	1.19631	-2.38793	-2.5148599999999997	0.356734	
3	0.0218093	-0.247306	-0.968692	0.0	0.999137	-0.0288639	0.0298638	0.0	-0.0353456	-0.968508	0.24646300000000002	0.0	-3.63657	-3.6505699999999996	-1.7557200000000002	0.36236199999999996	-0.181306	0.24124	-0.9533790000000001	0.0	0.6787350000000001	-0.670838	-0.298823	0.0	-0.711651	-0.70127	-0.042111	0.0	1.18246	-2.39122	-2.51556	0.356666	
0	0.024484	-0.260996	-0.9650290000000001	0.0	0.999697	0.00390583	0.0243072	0.0	-0.00257483	-0.965332	0.261013	0.0	-3.65878	-3.66125	-1.7670299999999999	0.360976	-0.185245	0.238188	-0.9533889999999999	0.0	0.6782590000000001	-0.671046	-0.29943600000000004	0.0	-0.71109	-0.702114	-0.0372459	0.0	1.16111	-2.39148	-2.5121	0.35673299999999997	
0	0.0242144	-0.26084	-0.9650780000000001	0.0	0.999684	0.0127739	0.021630299999999998	0.0	0.00668585	-0.965298	0.261067	0.0	-3.6583900000000003	-3.66132	-1.7664900000000001	0.357429	-0.18750999999999998	0.236864	-0.953276	0.0	0.678135	-0.6708810000000001	-0.300086	0.0	-0.710615	-0.702719	-0.0348288	0.0	1.15157	-2.39058	-2.508	0.35667600000000005	
0	0.0233309	-0.268243	-0.9630690000000001	0.0	0.999661	0.017411199999999998	0.0193679	0.0	0.0115729	-0.9631940000000001	0.268558	0.0	-3.6622800000000004	-3.66394	-1.7728099999999998	0.357375	-0.188971	0.238777	-0.9525100000000001	0.0	0.678453	-0.669505	-0.30243200000000003	0.0	-0.709924	-0.703384	-0.035482099999999996	0.0	1.14652	-2.3942200000000002	-2.50742	0.356915	
0	0.0301202	-0.272368	-0.961722	0.0	0.99926	0.031217500000000002	0.0224548	0.0	0.0239064	-0.9616870000000001	0.273107	0.0	-3.66963	-3.66794	-1.77781	0.354527	-0.19049100000000002	0.243281	-0.951067	0.0	0.678474	-0.667561	-0.306653	0.0	-0.709498	-0.703688	-0.0378955	0.0	1.15067	-2.40327	-2.52257	0.356892	
0	0.0347823	-0.27369	-0.961189	0.0	0.99926	0.0253523	0.0289411	0.0	0.0164475	-0.961484	0.27436900000000003	0.0	-3.66405	-3.6663099999999997	-1.7809599999999999	0.353842	-0.191115	0.24289699999999997	-0.951039	0.0	0.678782	-0.6671779999999999	-0.306803	0.0	-0.709034	-0.704183	-0.0373666	0.0	1.15124	-2.4062799999999998	-2.5282299999999998	0.35696500000000003	
0	0.0372926	-0.268391	-0.9625879999999999	0.0	0.999294	0.014492600000000001	0.0346739	0.0	0.00464436	-0.963201	0.268741	0.0	-3.66034	-3.66361	-1.7787400000000002	0.353223	-0.191734	0.24073899999999998	-0.951464	0.0	0.67935	-0.667111	-0.305691	0.0	-0.7083229999999999	-0.7049880000000001	-0.035637800000000004	0.0	1.15601	-2.4217299999999997	-2.5739900000000002	0.357011	
0	0.0281839	-0.272635	-0.9617049999999999	0.0	0.999574	0.0149347	0.02506	0.0	0.00753051	-0.962002	0.27294	0.0	-3.6616199999999997	-3.66471	-1.7877900000000002	0.35038	-0.19309500000000002	0.24106999999999998	-0.951105	0.0	0.679075	-0.6668430000000001	-0.306886	0.0	-0.708218	-0.705129	-0.0349408	0.0	1.15024	-2.41702	-2.5840799999999997	0.357215	
0	0.0218078	-0.27434899999999995	-0.961383	0.0	0.999078	0.0415423	0.010808100000000001	0.0	0.0369728	-0.9607319999999999	0.275002	0.0	-3.6839699999999995	-3.5274699999999997	-1.8288799999999998	0.349411	-0.192132	0.240587	-0.951422	0.0	0.6764760000000001	-0.669882	-0.306003	0.0	-0.710961	-0.702407	-0.0340459	0.0	1.14526	-2.4164	-2.59879	0.357222	
0	0.0182712	-0.269515	-0.962823	0.0	0.9981709999999999	0.06042240000000001	0.00202847	0.0	0.0576293	-0.9610989999999999	0.27012600000000003	0.0	-3.67847	-3.3887400000000003	-1.8376599999999998	0.349468	-0.19157000000000002	0.24011799999999997	-0.9516530000000001	0.0	0.674633	-0.672027	-0.305369	0.0	-0.712861	-0.700516	-0.0332516	0.0	1.1258700000000001	-2.41942	-2.60263	0.357225	
