0	0.586479	0.5266890000000001	-0.615338	0.0	0.681902	0.0889085	0.726021	0.0	0.437096	-0.8453959999999999	-0.30700700000000003	0.0	-2.75963	1.9970299999999999	1.44567	1.72481e-06	-0.5261	0.556133	-0.6433770000000001	0.0	0.761526	-0.028674900000000003	-0.6474989999999999	0.0	-0.37854499999999996	-0.830598	-0.40842399999999995	0.0	2.65089	1.9923099999999998	1.55161	1.33552e-05	
0	0.586479	0.5266890000000001	-0.615338	0.0	0.681902	0.0889085	0.726021	0.0	0.437096	-0.8453959999999999	-0.30700700000000003	0.0	-2.75963	1.9970299999999999	1.44567	1.72481e-06	-0.5261	0.556133	-0.6433770000000001	0.0	0.761526	-0.028674900000000003	-0.6474989999999999	0.0	-0.37854499999999996	-0.830598	-0.40842399999999995	0.0	2.65089	1.9923099999999998	1.55161	1.33552e-05	
0	0.176367	0.8342510000000001	-0.522417	0.0	0.34625500000000003	0.444234	0.8262950000000001	0.0	0.9214129999999999	-0.326621	-0.21051599999999998	0.0	-3.04997	1.56358	1.29146	0.0	-0.0172279	0.5693229999999999	-0.821934	0.0	0.531825	-0.6909029999999999	-0.489709	0.0	-0.8466790000000001	-0.445562	-0.290878	0.0	2.92727	1.69704	1.37821	0.0	
0	0.10629100000000001	0.8367979999999999	-0.537095	0.0	0.366506	0.46915200000000007	0.803474	0.0	0.9243239999999999	-0.28225	-0.256825	0.0	-3.0937900000000003	1.55844	1.15914	0.0	0.082225	0.619618	-0.7805850000000001	0.0	0.420283	-0.731743	-0.5365770000000001	0.0	-0.90366	-0.283947	-0.320583	0.0	3.03219	1.79617	1.09361	0.142327	
0	0.08484169999999999	0.8291040000000001	-0.55262	0.0	0.404889	0.47807700000000003	0.7794270000000001	0.0	0.9104209999999999	-0.289878	-0.295134	0.0	-3.0896	1.59291	1.0524	0.349783	0.046873000000000005	0.657647	-0.751867	0.0	0.42022200000000004	-0.695832	-0.582436	0.0	-0.9062100000000001	-0.28865100000000005	-0.30897399999999997	0.0	2.9293400000000003	1.8007799999999998	0.972118	0.35192399999999996	
0	0.060002599999999996	0.7975899999999999	-0.600209	0.0	0.44788199999999995	0.5158550000000001	0.730271	0.0	0.892077	-0.312641	-0.326273	0.0	-2.96601	1.5197100000000001	0.965615	0.362165	0.00977069	0.6719510000000001	-0.740532	0.0	0.46379799999999993	-0.6591359999999999	-0.591973	0.0	-0.8858870000000001	-0.337673	-0.31809	0.0	2.89257	1.7629	0.936739	0.353233	
0	0.0664565	0.7613409999999999	-0.644937	0.0	0.46122299999999994	0.5497270000000001	0.696472	0.0	0.884792	-0.34374499999999997	-0.31461500000000003	0.0	-2.87086	1.4515200000000001	0.973557	0.363981	-0.0113068	0.662199	-0.749243	0.0	0.49051000000000006	-0.6492720000000001	-0.581245	0.0	-0.8713620000000001	-0.374083	-0.317474	0.0	2.86289	1.6815900000000001	0.9251719999999999	0.35296900000000003	
0	0.0942841	0.717547	-0.6901	0.0	0.526551	0.5523520000000001	0.646259	0.0	0.844899	-0.42430500000000004	-0.32574699999999995	0.0	-2.84384	1.38742	0.9309069999999999	0.363894	-0.0759023	0.64761	-0.7581829999999999	0.0	0.514025	-0.6261399999999999	-0.586283	0.0	-0.854411	-0.434225	-0.285362	0.0	2.7997099999999997	1.58218	0.945233	0.354039	
0	0.10157200000000001	0.665675	-0.739296	0.0	0.601366	0.550909	0.57867	0.0	0.792491	-0.503365	-0.344358	0.0	-2.87871	1.30867	0.827227	0.362644	-0.141548	0.6367189999999999	-0.757993	0.0	0.553071	-0.584187	-0.594002	0.0	-0.8210209999999999	-0.503304	-0.26946	0.0	2.75055	1.5341200000000002	0.904842	0.354618	
0	0.07536749999999999	0.573198	-0.815944	0.0	0.711888	0.5420470000000001	0.446543	0.0	0.698238	-0.6145149999999999	-0.3672	0.0	-2.9220200000000003	1.2121	0.61556	0.36093200000000003	-0.21181	0.63354	-0.744153	0.0	0.6067899999999999	-0.511641	-0.608301	0.0	-0.7661220000000001	-0.580388	-0.276055	0.0	2.74443	1.41154	0.587483	0.352852	
0	0.0566942	0.448003	-0.8922329999999999	0.0	0.811329	0.500132	0.302677	0.0	0.581834	-0.741054	-0.335123	0.0	-2.95434	1.05744	0.408068	0.359663	-0.271667	0.5873109999999999	-0.762406	0.0	0.643502	-0.47820799999999997	-0.597681	0.0	-0.715613	-0.65298	-0.248022	0.0	2.7537	1.20038	0.203261	0.352516	
0	0.05321409999999999	0.418504	-0.9066549999999999	0.0	0.870768	0.42499	0.24728000000000003	0.0	0.488807	-0.8026439999999999	-0.341804	0.0	-2.99316	0.867957	0.120611	0.359067	-0.30705	0.539201	-0.784208	0.0	0.6733899999999999	-0.45919099999999996	-0.579387	0.0	-0.672507	-0.705979	-0.222099	0.0	2.72779	0.9207	-0.179649	0.35184899999999997	
0	0.048901599999999996	0.390577	-0.91927	0.0	0.909474	0.363041	0.202628	0.0	0.412875	-0.8459610000000001	-0.337467	0.0	-2.98753	0.681477	-0.198697	0.359581	-0.347198	0.492212	-0.798236	0.0	0.6986640000000001	-0.43202299999999993	-0.570284	0.0	-0.6255569999999999	-0.7557010000000001	-0.193893	0.0	2.7276599999999998	0.547369	-0.551565	0.35130900000000004	
0	0.105795	0.38138099999999997	-0.918344	0.0	0.924399	0.302628	0.23217100000000002	0.0	0.366462	-0.8734790000000001	-0.32053200000000004	0.0	-2.9497	0.5190819999999999	-0.45216000000000006	0.358892	-0.365739	0.453657	-0.812669	0.0	0.727715	-0.404962	-0.5535680000000001	0.0	-0.58023	-0.793852	-0.182023	0.0	2.67645	0.165838	-0.8697159999999999	0.351564	
0	0.17971900000000002	0.361567	-0.914861	0.0	0.930638	0.238871	0.27722399999999997	0.0	0.318769	-0.901227	-0.293558	0.0	-2.90132	0.364041	-0.573534	0.357625	-0.370802	0.433648	-0.8212520000000001	0.0	0.753195	-0.376921	-0.5391	0.0	-0.543327	-0.818462	-0.186859	0.0	2.68721	-0.122124	-1.11017	0.35129699999999997	
0	0.249223	0.333499	-0.9092120000000001	0.0	0.9297690000000001	0.180276	0.320983	0.0	0.270957	-0.9253540000000001	-0.265148	0.0	-2.92797	0.197911	-0.660619	0.356698	-0.373824	0.426072	-0.823844	0.0	0.7668050000000001	-0.357732	-0.5329520000000001	0.0	-0.521791	-0.830958	-0.192985	0.0	2.73834	-0.351244	-1.26359	0.350873	
0	0.324739	0.295646	-0.898409	0.0	0.9137049999999999	0.1473	0.378742	0.0	0.24430900000000003	-0.943873	-0.22229899999999997	0.0	-2.96006	0.00043441	-0.7205060000000001	0.35542399999999996	-0.372203	0.40813499999999997	-0.833601	0.0	0.780935	-0.34767	-0.5189090000000001	0.0	-0.501603	-0.8441280000000001	-0.189323	0.0	2.80464	-0.5720029999999999	-1.37523	0.35030900000000004	
0	0.416379	0.247112	-0.874965	0.0	0.886812	0.10182100000000001	0.450773	0.0	0.200481	-0.963623	-0.17674600000000001	0.0	-3.00537	-0.189275	-0.747117	0.35483600000000004	-0.372784	0.392671	-0.8407389999999999	0.0	0.789834	-0.34126999999999996	-0.509605	0.0	-0.487026	-0.854017	-0.182925	0.0	2.88711	-0.79175	-1.43435	0.35024	
0	0.471814	0.268585	-0.839794	0.0	0.860883	0.0654079	0.504582	0.0	0.190452	-0.961033	-0.20035999999999998	0.0	-3.05799	-0.252359	-0.8507379999999999	0.354131	-0.361115	0.38202600000000003	-0.850678	0.0	0.791691	-0.356453	-0.49615200000000004	0.0	-0.49277	-0.852641	-0.173727	0.0	2.9697299999999998	-0.956844	-1.41686	0.35034899999999997	
0	0.503297	0.302572	-0.809409	0.0	0.8390340000000001	0.0529183	0.541499	0.0	0.206675	-0.951656	-0.227235	0.0	-3.0708	-0.27108000000000004	-0.940214	0.354617	-0.350689	0.37631	-0.85756	0.0	0.79296	-0.36785500000000004	-0.485692	0.0	-0.498229	-0.8503370000000001	-0.169397	0.0	2.99737	-1.01985	-1.39859	0.35036100000000003	
0	0.530904	0.308023	-0.78947	0.0	0.8236389999999999	0.0316481	0.56623	0.0	0.199397	-0.950852	-0.236898	0.0	-3.02692	-0.268144	-0.93015	0.354567	-0.34885700000000003	0.373744	-0.859427	0.0	0.794227	-0.36890300000000004	-0.482818	0.0	-0.497496	-0.8510139999999999	-0.16814300000000001	0.0	3.0020700000000002	-1.0284799999999998	-1.40268	0.35023899999999997	
0	0.542776	0.329888	-0.772378	0.0	0.815558	0.012683799999999999	0.578537	0.0	0.200649	-0.9439350000000001	-0.26215900000000003	0.0	-2.99468	-0.198741	-0.99179	0.35449	-0.337179	0.367593	-0.8667100000000001	0.0	0.79537	-0.381317	-0.47115100000000004	0.0	-0.503683	-0.848217	-0.163801	0.0	2.99654	-1.00716	-1.40567	0.350099	
0	0.545936	0.340352	-0.7655810000000001	0.0	0.8150069999999999	-0.00392237	0.579438	0.0	0.19421	-0.94029	-0.279531	0.0	-2.97319	-0.134378	-0.997599	0.35452100000000003	-0.32397	0.363252	-0.873551	0.0	0.7972859999999999	-0.392233	-0.45879	0.0	-0.509292	-0.8451040000000001	-0.162544	0.0	2.98699	-0.973297	-1.46901	0.350141	
0	0.549523	0.351128	-0.758112	0.0	0.811555	-0.00874739	0.58421	0.0	0.198501	-0.9362860000000001	-0.289767	0.0	-2.97506	-0.108801	-1.00039	0.354553	-0.31240100000000004	0.361856	-0.878332	0.0	0.796927	-0.40339899999999995	-0.44964	0.0	-0.517023	-0.840434	-0.16235	0.0	2.9746099999999998	-0.943802	-1.48676	0.350342	
0	0.554307	0.36580799999999997	-0.7476149999999999	0.0	0.806778	-0.015362299999999999	0.590655	0.0	0.20458099999999999	-0.930564	-0.303641	0.0	-2.9938	-0.12001400000000001	-1.0575700000000001	0.354902	-0.302537	0.354827	-0.8846290000000001	0.0	0.79476	-0.41842399999999996	-0.439633	0.0	-0.526144	-0.836074	-0.155414	0.0	2.95812	-0.912687	-1.48122	0.351026	
0	0.5572819999999999	0.375838	-0.7403930000000001	0.0	0.803199	-0.0179573	0.59544	0.0	0.21049400000000001	-0.9265110000000001	-0.31188	0.0	-2.96614	-0.153782	-1.13324	0.35466	-0.298831	0.34520300000000004	-0.889683	0.0	0.791133	-0.431745	-0.433249	0.0	-0.533675	-0.833325	-0.144083	0.0	2.8998	-0.8847209999999999	-1.48129	0.35134499999999996	
0	0.559394	0.385955	-0.7335649999999999	0.0	0.8000079999999999	-0.0197604	0.5996640000000001	0.0	0.216948	-0.922306	-0.319821	0.0	-2.95282	-0.172818	-1.17307	0.354261	-0.29948800000000003	0.338873	-0.891892	0.0	0.782046	-0.4483	-0.432933	0.0	-0.546545	-0.827159	-0.130754	0.0	2.84267	-0.8577969999999999	-1.4657200000000001	0.351337	
0	0.5583140000000001	0.380438	-0.73726	0.0	0.8021189999999999	-0.0205868	0.596809	0.0	0.211871	-0.9245770000000001	-0.316651	0.0	-2.95057	-0.175009	-1.17424	0.354473	-0.301437	0.334656	-0.8928280000000001	0.0	0.781022	-0.45046499999999995	-0.43253500000000006	0.0	-0.546938	-0.8277	-0.12558699999999998	0.0	2.8058799999999997	-0.837197	-1.40848	0.35119	
0	0.5568350000000001	0.37896599999999997	-0.7391340000000001	0.0	0.80392	-0.022065500000000002	0.594328	0.0	0.208921	-0.9251469999999999	-0.316945	0.0	-2.96238	-0.163497	-1.17078	0.354152	-0.302794	0.336486	-0.8916799999999999	0.0	0.778917	-0.451755	-0.43497700000000006	0.0	-0.549185	-0.826253	-0.125306	0.0	2.77982	-0.814214	-1.35286	0.351069	
0	0.5562159999999999	0.381015	-0.7385470000000001	0.0	0.802945	-0.0172783	0.595802	0.0	0.21424899999999997	-0.924408	-0.31554499999999996	0.0	-2.97423	-0.156641	-1.16629	0.354333	-0.299735	0.342273	-0.89051	0.0	0.775872	-0.45570200000000005	-0.436301	0.0	-0.555142	-0.8216959999999999	-0.12897	0.0	2.7631799999999997	-0.775921	-1.36168	0.350882	
0	0.556819	0.381946	-0.737611	0.0	0.8014560000000001	-0.01375	0.597896	0.0	0.21822199999999997	-0.924083	-0.313769	0.0	-2.9781299999999997	-0.155801	-1.16909	0.354702	-0.299937	0.344177	-0.8897079999999999	0.0	0.774167	-0.457137	-0.43782600000000005	0.0	-0.557408	-0.820103	-0.129338	0.0	2.7459	-0.745645	-1.3615	0.350896	
0	0.559098	0.38947	-0.731931	0.0	0.7958390000000001	-0.00455392	0.605492	0.0	0.232487	-0.9210280000000001	-0.31250100000000003	0.0	-2.97498	-0.156836	-1.16004	0.354716	-0.301603	0.342816	-0.8896700000000001	0.0	0.7738430000000001	-0.45707600000000004	-0.43846199999999996	0.0	-0.556959	-0.8207059999999999	-0.12743	0.0	2.74189	-0.742157	-1.35553	0.35076999999999997	
0	0.558866	0.38852600000000004	-0.7326090000000001	0.0	0.7964979999999999	-0.00563663	0.604614	0.0	0.23077899999999998	-0.9214200000000001	-0.312611	0.0	-2.97531	-0.15748299999999998	-1.15925	0.3547	-0.301179	0.343042	-0.889727	0.0	0.774113	-0.456876	-0.438195	0.0	-0.556814	-0.820724	-0.127952	0.0	2.74186	-0.741463	-1.355	0.35076599999999997	
0	0.558865	0.388511	-0.732618	0.0	0.796505	-0.0056488	0.6046050000000001	0.0	0.23075700000000002	-0.921427	-0.312608	0.0	-2.97533	-0.157474	-1.15927	0.354699	-0.301175	0.343045	-0.889727	0.0	0.7741140000000001	-0.456875	-0.43819300000000005	0.0	-0.556814	-0.820723	-0.127957	0.0	2.74186	-0.741472	-1.3550200000000001	0.350765	
0	0.558865	0.388511	-0.732618	0.0	0.796506	-0.00564902	0.6046050000000001	0.0	0.23075700000000002	-0.921427	-0.312608	0.0	-2.97533	-0.157473	-1.15927	0.354699	-0.301175	0.343045	-0.889727	0.0	0.7741140000000001	-0.456875	-0.43819300000000005	0.0	-0.556814	-0.820722	-0.127957	0.0	2.74186	-0.741472	-1.3550200000000001	0.35076599999999997	
0	0.558865	0.388511	-0.732618	0.0	0.796505	-0.00564882	0.6046050000000001	0.0	0.23075700000000002	-0.921427	-0.312608	0.0	-2.97533	-0.157474	-1.15927	0.354699	-0.301175	0.343045	-0.889727	0.0	0.7741140000000001	-0.456875	-0.43819300000000005	0.0	-0.556814	-0.820723	-0.127957	0.0	2.74186	-0.741472	-1.3550200000000001	0.350765	
0	0.558865	0.388511	-0.732618	0.0	0.796505	-0.00564883	0.6046050000000001	0.0	0.23075700000000002	-0.921427	-0.312608	0.0	-2.97533	-0.157473	-1.15927	0.354699	-0.301175	0.343045	-0.889727	0.0	0.7741140000000001	-0.456875	-0.43819300000000005	0.0	-0.556814	-0.820723	-0.127957	0.0	2.74186	-0.741472	-1.3550200000000001	0.350765	
0	0.558865	0.388511	-0.732618	0.0	0.796505	-0.00564882	0.6046050000000001	0.0	0.23075700000000002	-0.921427	-0.312608	0.0	-2.97533	-0.157473	-1.15927	0.354699	-0.301175	0.343045	-0.889727	0.0	0.7741140000000001	-0.456875	-0.43819300000000005	0.0	-0.556814	-0.820722	-0.127957	0.0	2.74186	-0.741472	-1.3550200000000001	0.35076599999999997	
0	0.558865	0.388511	-0.732618	0.0	0.796505	-0.00564883	0.6046050000000001	0.0	0.23075700000000002	-0.921427	-0.312608	0.0	-2.97533	-0.157474	-1.15927	0.354699	-0.301175	0.343045	-0.889727	0.0	0.7741140000000001	-0.456875	-0.43819300000000005	0.0	-0.556814	-0.820723	-0.127957	0.0	2.74186	-0.741472	-1.3550200000000001	0.350765	
0	0.558865	0.388511	-0.732618	0.0	0.796505	-0.00564883	0.6046050000000001	0.0	0.23075700000000002	-0.921427	-0.312608	0.0	-2.97533	-0.157473	-1.15927	0.354699	-0.301175	0.343045	-0.889727	0.0	0.7741140000000001	-0.456875	-0.43819300000000005	0.0	-0.556814	-0.820722	-0.127957	0.0	2.74186	-0.741472	-1.3550200000000001	0.35076599999999997	
0	0.558865	0.388511	-0.732618	0.0	0.796505	-0.00564883	0.6046050000000001	0.0	0.23075700000000002	-0.921427	-0.312608	0.0	-2.97533	-0.157473	-1.15927	0.354699	-0.301175	0.343045	-0.889727	0.0	0.7741140000000001	-0.456875	-0.43819300000000005	0.0	-0.556814	-0.820722	-0.127957	0.0	2.74186	-0.741472	-1.3550200000000001	0.35076599999999997	
0	0.558865	0.388511	-0.732618	0.0	0.796505	-0.00564881	0.6046050000000001	0.0	0.23075700000000002	-0.921427	-0.312608	0.0	-2.97533	-0.157473	-1.15927	0.354699	-0.301175	0.343045	-0.889727	0.0	0.7741140000000001	-0.456875	-0.43819300000000005	0.0	-0.556814	-0.820723	-0.127957	0.0	2.74186	-0.741472	-1.3550200000000001	0.350765	
0	0.558865	0.388511	-0.732618	0.0	0.796505	-0.00564878	0.6046050000000001	0.0	0.23075700000000002	-0.921427	-0.312608	0.0	-2.97533	-0.157474	-1.15927	0.354699	-0.301175	0.343045	-0.889727	0.0	0.7741140000000001	-0.456875	-0.43819300000000005	0.0	-0.556814	-0.820722	-0.127957	0.0	2.74186	-0.741472	-1.3550200000000001	0.350765	
0	0.558865	0.388511	-0.732618	0.0	0.796505	-0.00564883	0.6046050000000001	0.0	0.23075700000000002	-0.921427	-0.312608	0.0	-2.97533	-0.157473	-1.15927	0.354699	-0.301175	0.343045	-0.889727	0.0	0.7741140000000001	-0.456875	-0.43819300000000005	0.0	-0.556814	-0.820722	-0.127957	0.0	2.74186	-0.741472	-1.3550200000000001	0.35076599999999997	
0	0.558865	0.388511	-0.732618	0.0	0.796505	-0.00564882	0.6046050000000001	0.0	0.23075700000000002	-0.921427	-0.312608	0.0	-2.97533	-0.157474	-1.15927	0.3547	-0.301175	0.343045	-0.889727	0.0	0.7741140000000001	-0.456875	-0.43819300000000005	0.0	-0.556814	-0.820723	-0.127957	0.0	2.74186	-0.741472	-1.3550200000000001	0.350765	
0	0.558865	0.388511	-0.732618	0.0	0.796505	-0.00564883	0.6046050000000001	0.0	0.23075700000000002	-0.921427	-0.312608	0.0	-2.97533	-0.157474	-1.15927	0.3547	-0.301175	0.343045	-0.889727	0.0	0.774113	-0.456875	-0.43819300000000005	0.0	-0.556814	-0.820722	-0.127957	0.0	2.74186	-0.741472	-1.3550200000000001	0.350765	
0	0.558865	0.388511	-0.732618	0.0	0.796505	-0.00564882	0.6046050000000001	0.0	0.23075700000000002	-0.921427	-0.312608	0.0	-2.97533	-0.157473	-1.15927	0.354699	-0.301175	0.343045	-0.889727	0.0	0.7741140000000001	-0.456875	-0.43819300000000005	0.0	-0.556814	-0.820723	-0.127957	0.0	2.74186	-0.741471	-1.3550200000000001	0.350765	
0	0.558865	0.388511	-0.732618	0.0	0.796505	-0.00564878	0.6046050000000001	0.0	0.23075700000000002	-0.921427	-0.312608	0.0	-2.97533	-0.157474	-1.15927	0.354699	-0.301175	0.343045	-0.889727	0.0	0.7741140000000001	-0.456875	-0.43819300000000005	0.0	-0.556814	-0.820722	-0.127957	0.0	2.74186	-0.741472	-1.3550200000000001	0.35076599999999997	
0	0.558865	0.388511	-0.732618	0.0	0.796506	-0.00564882	0.6046050000000001	0.0	0.23075700000000002	-0.921427	-0.312608	0.0	-2.97533	-0.157473	-1.15927	0.354699	-0.301175	0.343045	-0.889727	0.0	0.774113	-0.456875	-0.43819300000000005	0.0	-0.556814	-0.820722	-0.127957	0.0	2.74186	-0.741472	-1.3550200000000001	0.350765	
0	0.558865	0.388511	-0.732618	0.0	0.796505	-0.00564881	0.6046050000000001	0.0	0.23075700000000002	-0.921427	-0.312608	0.0	-2.97533	-0.157473	-1.15927	0.354699	-0.301175	0.343045	-0.889727	0.0	0.774113	-0.456875	-0.43819300000000005	0.0	-0.556814	-0.820722	-0.127957	0.0	2.74186	-0.741472	-1.3550200000000001	0.350765	
0	0.558865	0.388511	-0.732618	0.0	0.796505	-0.00564881	0.6046050000000001	0.0	0.23075700000000002	-0.921427	-0.312608	0.0	-2.97533	-0.157473	-1.15927	0.354699	-0.301175	0.343045	-0.889727	0.0	0.7741140000000001	-0.456875	-0.43819300000000005	0.0	-0.556814	-0.820722	-0.127957	0.0	2.74186	-0.741472	-1.3550200000000001	0.35076599999999997	
0	0.558865	0.388511	-0.732618	0.0	0.796505	-0.00564881	0.6046050000000001	0.0	0.23075700000000002	-0.921427	-0.312608	0.0	-2.97533	-0.157473	-1.15927	0.354699	-0.301175	0.343045	-0.889727	0.0	0.7741140000000001	-0.456875	-0.43819300000000005	0.0	-0.556814	-0.820722	-0.127957	0.0	2.74186	-0.741472	-1.3550200000000001	0.35076599999999997	
0	0.558865	0.388511	-0.732618	0.0	0.796505	-0.00564882	0.6046050000000001	0.0	0.23075700000000002	-0.921427	-0.312608	0.0	-2.97533	-0.157474	-1.15927	0.354699	-0.301175	0.343045	-0.889727	0.0	0.7741140000000001	-0.456875	-0.43819300000000005	0.0	-0.556814	-0.820722	-0.127957	0.0	2.74186	-0.741472	-1.3550200000000001	0.35076599999999997	
0	0.558865	0.388511	-0.732618	0.0	0.796505	-0.00564882	0.6046050000000001	0.0	0.23075700000000002	-0.921427	-0.312608	0.0	-2.97533	-0.157473	-1.15927	0.354699	-0.301175	0.343045	-0.889727	0.0	0.774113	-0.456875	-0.43819300000000005	0.0	-0.556814	-0.820722	-0.127957	0.0	2.74186	-0.741472	-1.3550200000000001	0.350765	
0	0.38947600000000004	0.432993	-0.812912	0.0	0.826642	0.224886	0.515839	0.0	0.406167	-0.8728940000000001	-0.270342	0.0	-2.9794099999999997	-0.213815	-1.23114	0.35449400000000003	-0.326467	0.373908	-0.868109	0.0	0.795447	-0.387425	-0.46601099999999995	0.0	-0.510572	-0.842672	-0.170943	0.0	2.65364	-0.76626	-1.36251	0.34936799999999996	
0	0.364227	0.407852	-0.837255	0.0	0.8485309999999999	0.225198	0.478833	0.0	0.383841	-0.88484	-0.264052	0.0	-2.92302	-0.330163	-1.35917	0.35420300000000005	-0.337437	0.383309	-0.8597739999999999	0.0	0.7860149999999999	-0.387854	-0.481404	0.0	-0.517993	-0.8382379999999999	-0.17040999999999998	0.0	2.60819	-0.8246879999999999	-1.4958200000000001	0.349285	
0	0.315875	0.357072	-0.8790459999999999	0.0	0.8879950000000001	0.21507600000000002	0.406455	0.0	0.334196	-0.9089780000000001	-0.24914099999999997	0.0	-2.88898	-0.51756	-1.47422	0.35430300000000003	-0.348675	0.386799	-0.8537049999999999	0.0	0.777683	-0.388981	-0.49386599999999997	0.0	-0.523101	-0.836111	-0.165179	0.0	2.5344	-0.8951540000000001	-1.65885	0.349456	
0	0.293806	0.302919	-0.906597	0.0	0.909848	0.20211199999999999	0.36239	0.0	0.293009	-0.9313379999999999	-0.21622800000000003	0.0	-2.84533	-0.720233	-1.6113899999999999	0.354694	-0.365442	0.396545	-0.8421420000000001	0.0	0.764153	-0.388811	-0.514681	0.0	-0.531529	-0.8316120000000001	-0.160933	0.0	2.44841	-0.9781139999999999	-1.84969	0.34974099999999997	
0	0.29176599999999997	0.248559	-0.923629	0.0	0.922114	0.183462	0.340659	0.0	0.254125	-0.951084	-0.175672	0.0	-2.77066	-0.974118	-1.76273	0.354722	-0.379474	0.413304	-0.8277549999999999	0.0	0.744104	-0.395347	-0.538525	0.0	-0.549825	-0.820293	-0.15751700000000002	0.0	2.33814	-1.08439	-2.10302	0.350081	
0	0.290919	0.196476	-0.936356	0.0	0.934592	0.151039	0.32206399999999996	0.0	0.204704	-0.968806	-0.139685	0.0	-2.7035299999999998	-1.2287299999999999	-1.9269	0.354887	-0.400041	0.42823100000000003	-0.8103	0.0	0.7317279999999999	-0.383127	-0.5637270000000001	0.0	-0.5518529999999999	-0.818433	-0.160083	0.0	2.20687	-1.20979	-2.3349900000000003	0.35024299999999997	
0	0.282451	0.145013	-0.948258	0.0	0.946679	0.117567	0.29996	0.0	0.15498199999999998	-0.9824200000000001	-0.104074	0.0	-2.65048	-1.44171	-2.05476	0.355211	-0.405869	0.43557399999999996	-0.803459	0.0	0.727276	-0.378472	-0.572563	0.0	-0.55348	-0.8167220000000001	-0.163173	0.0	2.11145	-1.33443	-2.54779	0.350441	
0	0.282344	0.09898889999999999	-0.9541930000000001	0.0	0.9524610000000001	0.0897487	0.291142	0.0	0.11445699999999999	-0.9910329999999999	-0.06894310000000001	0.0	-2.6049599999999997	-1.60481	-2.195	0.35509	-0.405814	0.43894700000000003	-0.801649	0.0	0.719909	-0.386854	-0.576259	0.0	-0.5630689999999999	-0.810968	-0.15901099999999999	0.0	2.0191	-1.4461	-2.71096	0.350622	
0	0.26960500000000004	0.027246299999999998	-0.962585	0.0	0.9623120000000001	0.0293564	0.27036	0.0	0.035624300000000005	-0.9991979999999999	-0.0183048	0.0	-2.60216	-1.7529299999999999	-2.28386	0.354324	-0.403495	0.436061	-0.8043899999999999	0.0	0.715703	-0.397303	-0.574386	0.0	-0.570054	-0.807466	-0.15178	0.0	1.92547	-1.5353700000000001	-2.8082700000000003	0.3507	
0	0.282928	-0.0450355	-0.958083	0.0	0.957522	-0.044747699999999994	0.284866	0.0	-0.055701	-0.997983	0.030462	0.0	-2.69873	-1.8624	-2.3138799999999997	0.353425	-0.399893	0.4344	-0.807083	0.0	0.711534	-0.40793	-0.572112	0.0	-0.577759	-0.80305	-0.14596199999999998	0.0	1.8676700000000002	-1.58691	-2.8462400000000003	0.350637	
0	0.28179	-0.0853266	-0.955675	0.0	0.952348	-0.09631089999999999	0.289408	0.0	-0.11673599999999999	-0.9916870000000001	0.05412130000000001	0.0	-2.87209	-1.9072900000000002	-2.34623	0.35280100000000003	-0.39669299999999996	0.43121000000000004	-0.810366	0.0	0.7094050000000001	-0.416242	-0.56876	0.0	-0.582563	-0.800501	-0.140783	0.0	1.8475099999999998	-1.6294	-2.85787	0.350817	
0	0.263737	-0.11165699999999999	-0.95811	0.0	0.9505399999999999	-0.13885899999999998	0.277836	0.0	-0.16406500000000002	-0.9839969999999999	0.06951239999999999	0.0	-3.07825	-1.90188	-2.41776	0.35237199999999996	-0.39248299999999997	0.427991	-0.814114	0.0	0.710133	-0.421513	-0.563949	0.0	-0.584525	-0.799469	-0.138494	0.0	1.8289900000000001	-1.6571799999999999	-2.8275	0.350724	
0	0.26045	-0.120486	-0.95794	0.0	0.947105	-0.160807	0.27773000000000003	0.0	-0.187506	-0.9796040000000001	0.07223020000000001	0.0	-3.24572	-1.9215	-2.46476	0.352036	-0.389974	0.42630500000000005	-0.8162010000000001	0.0	0.7111689999999999	-0.423626	-0.561052	0.0	-0.584943	-0.799253	-0.137972	0.0	1.8234400000000002	-1.6606900000000002	-2.78572	0.35063099999999997	
0	0.268837	-0.118501	-0.955868	0.0	0.9474799999999999	-0.145946	0.284571	0.0	-0.173227	-0.9821700000000001	0.0730413	0.0	-3.37894	-1.98741	-2.47808	0.351943	-0.38619000000000003	0.425129	-0.8186100000000001	0.0	0.7122470000000001	-0.426493	-0.557502	0.0	-0.586142	-0.798354	-0.13809000000000002	0.0	1.82663	-1.65914	-2.7682599999999997	0.350519	
0	0.269475	-0.12651600000000002	-0.9546610000000001	0.0	0.948095	-0.138929	0.286033	0.0	-0.168818	-0.982188	0.0825114	0.0	-3.43034	-2.06002	-2.48322	0.35182800000000003	-0.383862	0.423295	-0.8206530000000001	0.0	0.711665	-0.430674	-0.555025	0.0	-0.588374	-0.797083	-0.135925	0.0	1.82187	-1.65705	-2.7586	0.350643	
0	0.286506	-0.137449	-0.948168	0.0	0.94921	-0.0936217	0.300392	0.0	-0.13005799999999998	-0.986074	0.103645	0.0	-3.47988	-2.25955	-2.41627	0.352009	-0.37561100000000003	0.42053599999999997	-0.825873	0.0	0.710612	-0.441362	-0.547932	0.0	-0.594934	-0.7926850000000001	-0.13305699999999998	0.0	1.79775	-1.6263100000000001	-2.75858	0.35078000000000004	
0	0.293396	-0.149027	-0.944304	0.0	0.949262	-0.07157530000000001	0.306232	0.0	-0.113226	-0.986239	0.120466	0.0	-3.46372	-2.39698	-2.36686	0.351998	-0.36328299999999997	0.41959799999999997	-0.831843	0.0	0.710005	-0.453428	-0.538792	0.0	-0.603256	-0.786347	-0.133194	0.0	1.7788400000000002	-1.5944200000000002	-2.7801099999999996	0.350628	
0	0.30144899999999997	-0.15292999999999998	-0.9411379999999999	0.0	0.9480879999999999	-0.056770600000000004	0.3129	0.0	-0.101281	-0.986605	0.127878	0.0	-3.4374800000000003	-2.55023	-2.29277	0.352194	-0.344978	0.417311	-0.8407389999999999	0.0	0.705229	-0.47584899999999997	-0.525567	0.0	-0.61939	-0.7742220000000001	-0.130143	0.0	1.72174	-1.55536	-2.80361	0.350535	
0	0.306058	-0.162215	-0.938091	0.0	0.947941	-0.039112400000000005	0.316035	0.0	-0.0879565	-0.98598	0.1418	0.0	-3.43986	-2.72444	-2.23969	0.352232	-0.31705300000000003	0.41404799999999997	-0.8532540000000001	0.0	0.697623	-0.507663	-0.50557	0.0	-0.6424949999999999	-0.755542	-0.127893	0.0	1.62043	-1.5065899999999999	-2.81682	0.350267	
0	0.30638699999999996	-0.159807	-0.9383969999999999	0.0	0.94996	-0.0116896	0.312154	0.0	-0.0608538	-0.987079	0.148229	0.0	-3.4229	-2.90369	-2.25287	0.35203	-0.296023	0.40970500000000004	-0.862851	0.0	0.686513	-0.536827	-0.490425	0.0	-0.664132	-0.737535	-0.12235499999999999	0.0	1.50615	-1.45418	-2.82197	0.350353	
0	0.30690100000000003	-0.158254	-0.938492	0.0	0.950117	-0.00663781	0.311822	0.0	-0.0555765	-0.987376	0.148323	0.0	-3.44524	-3.05662	-2.28485	0.352143	-0.291813	0.406393	-0.8658469999999999	0.0	0.676048	-0.552737	-0.487278	0.0	-0.676612	-0.727548	-0.113445	0.0	1.40893	-1.44353	-2.81161	0.350507	
0	0.306585	-0.158387	-0.938573	0.0	0.950942	0.00805655	0.309266	0.0	-0.0414219	-0.987344	0.153087	0.0	-3.4303	-3.1878	-2.30277	0.35184299999999996	-0.292369	0.40413499999999997	-0.866715	0.0	0.670037	-0.560091	-0.487184	0.0	-0.6823279999999999	-0.723169	-0.10703299999999999	0.0	1.315	-1.45331	-2.80662	0.350601	
0	0.30785100000000004	-0.148341	-0.9397989999999999	0.0	0.9511629999999999	0.024389400000000002	0.307724	0.0	-0.0227268	-0.9886360000000001	0.14860399999999999	0.0	-3.4053400000000003	-3.2852900000000003	-2.33304	0.351935	-0.290698	0.401569	-0.868468	0.0	0.6666920000000001	-0.566042	-0.48489	0.0	-0.6863060000000001	-0.719958	-0.103176	0.0	1.26649	-1.45652	-2.79333	0.35049600000000003	
0	0.309349	-0.131347	-0.9418340000000001	0.0	0.950945	0.0453504	0.306017	0.0	0.002518	-0.9902989999999999	0.138933	0.0	-3.3394800000000004	-3.40133	-2.3731400000000002	0.35177600000000003	-0.289561	0.401939	-0.868677	0.0	0.664383	-0.568913	-0.4847	0.0	-0.689021	-0.717484	-0.10230700000000001	0.0	1.2327700000000001	-1.46428	-2.79389	0.35044699999999995	
0	0.307029	-0.12886	-0.9429360000000001	0.0	0.9516629999999999	0.0503572	0.302989	0.0	0.00844079	-0.990384	0.13809200000000002	0.0	-3.3488900000000004	-3.48234	-2.3911700000000002	0.35192199999999996	-0.289443	0.402215	-0.8685889999999999	0.0	0.6637	-0.569537	-0.484901	0.0	-0.689728	-0.716834	-0.102101	0.0	1.2238799999999999	-1.4656	-2.783	0.350585	
0	0.301946	-0.11983699999999999	-0.9457629999999999	0.0	0.952327	0.0833021	0.293486	0.0	0.043613400000000004	-0.989293	0.139277	0.0	-3.33639	-3.5718699999999997	-2.45411	0.352153	-0.288434	0.40231500000000003	-0.868878	0.0	0.662049	-0.5717770000000001	-0.48452399999999995	0.0	-0.691735	-0.714993	-0.10143300000000001	0.0	1.21938	-1.46431	-2.77996	0.350535	
0	0.298188	-0.108578	-0.948312	0.0	0.95224	0.102276	0.287713	0.0	0.0657503	-0.9888129999999999	0.13389	0.0	-3.3223300000000004	-3.6115199999999996	-2.4807200000000003	0.35176999999999997	-0.28737199999999996	0.400831	-0.869915	0.0	0.660378	-0.5749340000000001	-0.48306499999999997	0.0	-0.693771	-0.713292	-0.0994793	0.0	1.18151	-1.47116	-2.77799	0.350723	
0	0.302346	-0.0995578	-0.9479850000000001	0.0	0.951266	0.094817	0.293435	0.0	0.0606715	-0.990504	0.123373	0.0	-3.3130599999999997	-3.6193400000000002	-2.49854	0.352506	-0.285188	0.398016	-0.871924	0.0	0.659519	-0.5786100000000001	-0.479839	0.0	-0.695487	-0.711895	-0.09748639999999999	0.0	1.15172	-1.47365	-2.76304	0.350526	
0	0.30545300000000003	-0.09286810000000001	-0.9476680000000001	0.0	0.950377	0.091402	0.297369	0.0	0.059002599999999995	-0.991474	0.11617899999999999	0.0	-3.31167	-3.62028	-2.49096	0.352649	-0.28394	0.395953	-0.8732690000000001	0.0	0.656358	-0.583661	-0.47805299999999995	0.0	-0.69898	-0.708915	-0.0941622	0.0	1.11343	-1.47874	-2.74019	0.350561	
0	0.316305	-0.10666199999999999	-0.942642	0.0	0.9474440000000001	0.08576489999999999	0.308212	0.0	0.0479713	-0.99059	0.128184	0.0	-3.30427	-3.6217	-2.49819	0.352081	-0.285032	0.393833	-0.873872	0.0	0.654766	-0.585828	-0.47758500000000004	0.0	-0.700028	-0.7083079999999999	-0.090889	0.0	1.09426	-1.4818200000000001	-2.73217	0.350497	
0	0.33991	-0.12328099999999999	-0.932343	0.0	0.939941	0.07738869999999999	0.332447	0.0	0.031168500000000002	-0.98935	0.142182	0.0	-3.2957099999999997	-3.62374	-2.50366	0.35069	-0.283889	0.39186	-0.87513	0.0	0.653654	-0.5886560000000001	-0.475628	0.0	-0.70153	-0.7070569999999999	-0.0890279	0.0	1.0819299999999998	-1.48094	-2.72635	0.350344	
0	0.355104	-0.134537	-0.9250950000000001	0.0	0.934585	0.0735838	0.348045	0.0	0.021247099999999998	-0.988173	0.151866	0.0	-3.2912199999999996	-3.62475	-2.50802	0.349583	-0.283491	0.39009699999999997	-0.8760459999999999	0.0	0.6535310000000001	-0.589953	-0.47418699999999997	0.0	-0.701805	-0.706951	-0.0876942	0.0	1.07438	-1.48102	-2.71719	0.35031999999999996	
0	0.374077	-0.149998	-0.9151870000000001	0.0	0.9273309999999999	0.07234810000000001	0.367183	0.0	0.011135299999999999	-0.986036	0.16616199999999998	0.0	-3.2875699999999997	-3.62479	-2.5157	0.347954	-0.283001	0.38744	-0.877383	0.0	0.652918	-0.592271	-0.472137	0.0	-0.702573	-0.706475	-0.0853536	0.0	1.07084	-1.4780200000000001	-2.70293	0.35020999999999997	
0	0.394504	-0.1631	-0.9043040000000001	0.0	0.918891	0.0728365	0.387731	0.0	0.00262743	-0.983917	0.17860499999999999	0.0	-3.28765	-3.6244099999999997	-2.52189	0.343773	-0.282925	0.386871	-0.8776579999999999	0.0	0.6523909999999999	-0.593147	-0.47176599999999996	0.0	-0.7030930000000001	-0.706051	-0.0845755	0.0	1.0669600000000001	-1.4773399999999999	-2.6882	0.350161	
0	0.408068	-0.182279	-0.8945700000000001	0.0	0.91289	0.07008049999999999	0.402146	0.0	-0.010610600000000001	-0.9807459999999999	0.194998	0.0	-3.3314699999999995	-3.6111800000000005	-2.56026	0.272351	-0.283045	0.386173	-0.877927	0.0	0.6527189999999999	-0.593128	-0.471336	0.0	-0.7027399999999999	-0.706449	-0.08418049999999999	0.0	1.06589	-1.4798799999999999	-2.6789099999999997	0.350113	
0	0.414725	-0.195569	-0.888682	0.0	0.9097860000000001	0.0707318	0.409007	0.0	-0.0171309	-0.978136	0.20726	0.0	-3.34285	-3.59415	-2.6236900000000003	0.138874	-0.283067	0.387129	-0.877499	0.0	0.652508	-0.5928140000000001	-0.47202299999999997	0.0	-0.7029270000000001	-0.7061890000000001	-0.08479860000000002	0.0	1.06625	-1.4773	-2.67414	0.350029	
0	0.424479	-0.20633600000000002	-0.8816139999999999	0.0	0.9049950000000001	0.0662439	0.42023299999999997	0.0	-0.0283074	-0.9762360000000001	0.214852	0.0	-3.3306	-3.5956599999999996	-2.62859	0.138958	-0.283731	0.389744	-0.8761260000000001	0.0	0.653051	-0.590496	-0.474171	0.0	-0.702154	-0.706692	-0.0869812	0.0	1.06912	-1.4747299999999999	-2.67037	0.350005	
0	0.42500600000000005	-0.20830100000000001	-0.880898	0.0	0.904805	0.0693592	0.42013900000000004	0.0	-0.026417000000000003	-0.9756020000000001	0.21795	0.0	-3.3324800000000003	-3.59575	-2.63153	0.138988	-0.284578	0.391187	-0.875208	0.0	0.653308	-0.588993	-0.475685	0.0	-0.701573	-0.707149	-0.08795130000000001	0.0	1.07838	-1.47476	-2.6644099999999997	0.349933	
0	0.422651	-0.209342	-0.881784	0.0	0.9059790000000001	0.07197970000000001	0.417159	0.0	-0.023858400000000002	-0.97519	0.22008200000000003	0.0	-3.3328800000000003	-3.59588	-2.63312	0.13899	-0.284612	0.391449	-0.875079	0.0	0.652918	-0.589225	-0.475934	0.0	-0.701922	-0.706811	-0.087884	0.0	1.08641	-1.48159	-2.6517	0.350115	
0	0.426558	-0.203512	-0.881267	0.0	0.90427	0.07596019999999999	0.42015	0.0	-0.0185645	-0.9761209999999999	0.216432	0.0	-3.3339199999999996	-3.59476	-2.63112	0.138966	-0.282913	0.392042	-0.875365	0.0	0.6535310000000001	-0.589214	-0.47510399999999997	0.0	-0.702038	-0.706491	-0.0895159	0.0	1.09283	-1.49078	-2.64642	0.349934	
0	0.425062	-0.20261300000000002	-0.8821959999999999	0.0	0.905116	0.08504060000000001	0.416574	0.0	-0.00938094	-0.9755590000000001	0.219536	0.0	-3.33379	-3.59229	-2.6360900000000003	0.1389	-0.281831	0.392796	-0.875376	0.0	0.652465	-0.5904659999999999	-0.475016	0.0	-0.7034630000000001	-0.705026	-0.0898747	0.0	1.09546	-1.50175	-2.64967	0.350101	
0	0.42768900000000004	-0.18606099999999998	-0.8845700000000001	0.0	0.9038799999999999	0.097951	0.416422	0.0	0.00916481	-0.9776440000000001	0.210069	0.0	-3.31736	-3.59007	-2.63806	0.13880699999999999	-0.281206	0.39281900000000003	-0.875567	0.0	0.650199	-0.593055	-0.474896	0.0	-0.705808	-0.702836	-0.08863969999999999	0.0	1.09619	-1.51111	-2.64043	0.3503	
0	0.420271	-0.16755	-0.8917950000000001	0.0	0.9071469999999999	0.100744	0.408578	0.0	0.0213853	-0.9807030000000001	0.194332	0.0	-3.23909	-3.4026099999999997	-2.63774	0.138823	-0.28224699999999997	0.39169499999999996	-0.875735	0.0	0.648234	-0.595057	-0.475079	0.0	-0.707198	-0.701771	-0.0859573	0.0	1.08427	-1.5122200000000001	-2.63729	0.350198	
0	0.418509	-0.148293	-0.8960239999999999	0.0	0.90807	0.08578580000000001	0.409938	0.0	0.016075299999999997	-0.985216	0.170562	0.0	-3.26173	-3.1623900000000003	-2.61361	0.138808	-0.28375	0.39311599999999997	-0.8746120000000001	0.0	0.646403	-0.595288	-0.477279	0.0	-0.708272	-0.700779	-0.0851984	0.0	1.07523	-1.51241	-2.63556	0.350458	
0	0.416512	-0.134388	-0.899143	0.0	0.908964	0.0804672	0.409035	0.0	0.0173822	-0.987656	0.155669	0.0	-3.3324	-2.9154400000000003	-2.59507	0.138823	-0.283431	0.394962	-0.873883	0.0	0.64403	-0.596791	-0.478608	0.0	-0.710557	-0.6984600000000001	-0.08521799999999999	0.0	1.0739299999999998	-1.5157	-2.63706	0.350682	
0	0.413767	-0.12269400000000001	-0.902077	0.0	0.910005	0.0842904	0.405939	0.0	0.026230200000000002	-0.988859	0.146529	0.0	-3.42081	-2.67712	-2.60222	0.13881300000000002	-0.282073	0.397554	-0.8731469999999999	0.0	0.640614	-0.599437	-0.479883	0.0	-0.714176	-0.694713	-0.0855934	0.0	1.07036	-1.51805	-2.63675	0.350668	
0	0.408573	-0.114042	-0.905573	0.0	0.912609	0.0668885	0.40332399999999996	0.0	0.0145767	-0.9912219999999999	0.131404	0.0	-3.50676	-2.44908	-2.5865299999999998	0.138817	-0.282659	0.398027	-0.872742	0.0	0.637003	-0.602363	-0.481026	0.0	-0.717169	-0.691906	-0.0832812	0.0	1.05005	-1.53295	-2.6371599999999997	0.350959	
0	0.410792	-0.10236100000000001	-0.9059649999999999	0.0	0.9114610000000001	0.0701963	0.405353	0.0	0.022103099999999997	-0.992267	0.12213399999999999	0.0	-3.57704	-2.27847	-2.55516	0.13881300000000002	-0.284321	0.393835	-0.8741030000000001	0.0	0.633283	-0.607367	-0.47964399999999996	0.0	-0.719802	-0.6899270000000001	-0.07672230000000001	0.0	1.01381	-1.56388	-2.65129	0.351106	
0	0.41315799999999997	-0.0733198	-0.907703	0.0	0.90976	0.07751439999999998	0.407833	0.0	0.0404579	-0.994292	0.0987291	0.0	-3.5845800000000003	-1.98262	-2.45339	0.138929	-0.284233	0.386386	-0.87745	0.0	0.631484	-0.613193	-0.474577	0.0	-0.721416	-0.6889850000000001	-0.0697069	0.0	0.978627	-1.6068799999999999	-2.65942	0.351391	
0	0.420784	-0.0335936	-0.906539	0.0	0.904892	0.0861812	0.41682600000000003	0.0	0.0641239	-0.995713	0.06666219999999999	0.0	-3.57239	-1.7251299999999998	-2.38571	0.13882	-0.271515	0.373427	-0.887036	0.0	0.630023	-0.627778	-0.457129	0.0	-0.727565	-0.68297	-0.06481659999999999	0.0	0.938206	-1.6397400000000002	-2.65079	0.351698	
0	0.44666999999999996	0.08552539999999999	-0.890602	0.0	0.8814290000000001	0.12874000000000002	0.45443199999999995	0.0	0.153521	-0.987984	-0.0178806	0.0	-3.41667	-1.34297	-2.32543	0.138803	-0.166189	0.27056199999999997	-0.94825	0.0	0.58527	-0.746866	-0.315675	0.0	-0.793625	-0.607444	-0.034231199999999996	0.0	0.8318639999999999	-1.72953	-2.5948599999999997	0.352454	
1	0.44580600000000004	0.125023	-0.8863559999999999	0.0	0.8744290000000001	0.150892	0.461091	0.0	0.191391	-0.980612	-0.0420551	0.0	-3.35014	-1.3136	-2.31013	0.138933	-0.147828	0.22240900000000002	-0.9636809999999999	0.0	0.560096	-0.78425	-0.266916	0.0	-0.815132	-0.5792109999999999	-0.00863631	0.0	0.709807	-1.7962	-2.49705	0.353104	
1	0.44819899999999996	0.144428	-0.8821889999999999	0.0	0.869143	0.160394	0.46783	0.0	0.20906599999999997	-0.9764290000000001	-0.0536405	0.0	-3.30001	-1.33046	-2.30267	0.138818	-0.138486	0.20261099999999999	-0.969418	0.0	0.5473020000000001	-0.800145	-0.245417	0.0	-0.825399	-0.564551	-8.07494e-05	0.0	0.6279710000000001	-1.82188	-2.43161	0.353081	
1	0.45583999999999997	0.18693099999999999	-0.8702110000000001	0.0	0.8527899999999999	0.18824000000000002	0.48715	0.0	0.254872	-0.964169	-0.0736052	0.0	-3.17331	-1.50811	-2.29825	0.138938	-0.100966	0.135195	-0.985661	0.0	0.514538	-0.840841	-0.16803800000000002	0.0	-0.8515020000000001	-0.524127	0.0153334	0.0	0.469372	-1.8635099999999998	-2.29882	0.353114	
1	0.46384	0.19561900000000002	-0.864052	0.0	0.8451049999999999	0.194921	0.497799	0.0	0.265801	-0.9611139999999999	-0.0749068	0.0	-3.14695	-1.60325	-2.30452	0.138935	-0.07663239999999999	0.09647760000000001	-0.992381	0.0	0.49112700000000004	-0.862534	-0.121779	0.0	-0.867711	-0.496717	0.018715400000000004	0.0	0.426521	-1.84927	-2.26415	0.352709	
1	0.480149	0.21036300000000002	-0.85159	0.0	0.8234299999999999	0.226541	0.520233	0.0	0.30235700000000004	-0.9510139999999999	-0.06444580000000001	0.0	-3.07325	-1.91704	-2.33822	0.138935	0.010581700000000001	-0.0133252	-0.9998549999999999	0.0	0.414076	-0.910092	0.0165112	0.0	-0.9101809999999999	-0.414191	-0.00411275	0.0	0.333646	-1.73132	-2.2397	0.35139000000000004	
1	0.48883000000000004	0.214421	-0.845618	0.0	0.813335	0.238527	0.530651	0.0	0.315486	-0.947169	-0.057797	0.0	-3.03205	-2.0661	-2.39069	0.138817	0.0447251	-0.0586562	-0.997276	0.0	0.35715	-0.9313600000000001	0.0707965	0.0	-0.932976	-0.359344	-0.0207062	0.0	0.25538299999999997	-1.59845	-2.26622	0.350992	
1	0.494299	0.217509	-0.8416399999999999	0.0	0.805634	0.249056	0.537517	0.0	0.326531	-0.9437479999999999	-0.052124199999999996	0.0	-3.0093900000000002	-2.1564900000000002	-2.42073	0.13881500000000002	0.0716864	-0.062388599999999995	-0.995474	0.0	0.322102	-0.9431209999999999	0.0823028	0.0	-0.9439870000000001	-0.326544	-0.04751369999999999	0.0	0.193438	-1.46	-2.27224	0.350444	
1	0.5022939999999999	0.2244	-0.8350719999999999	0.0	0.794978	0.26006799999999997	0.548064	0.0	0.340161	-0.939153	-0.047762099999999995	0.0	-2.93587	-2.23695	-2.49241	0.138935	0.0768332	-0.0664866	-0.994825	0.0	0.295919	-0.9512950000000001	0.0864321	0.0	-0.952118	-0.301028	-0.0534165	0.0	0.0999347	-1.36666	-2.28251	0.350674	
1	0.50422	0.229052	-0.8326450000000001	0.0	0.7899390000000001	0.267256	0.551879	0.0	0.348939	-0.9360069999999999	-0.046181400000000004	0.0	-2.90857	-2.25873	-2.51963	0.138818	0.0747665	-0.0658802	-0.995023	0.0	0.289645	-0.953363	0.084886	0.0	-0.95421	-0.29455	-0.052198	0.0	0.05370169999999999	-1.3378700000000001	-2.2724599999999997	0.350665	
1	0.5028520000000001	0.23212600000000003	-0.8326209999999999	0.0	0.783734	0.28382199999999996	0.552454	0.0	0.364556	-0.930356	-0.0392048	0.0	-2.83223	-2.28632	-2.55972	0.13880599999999998	0.054992599999999996	-0.0503666	-0.997216	0.0	0.29615199999999997	-0.9529629999999999	0.0644632	0.0	-0.953556	-0.298873	-0.037489800000000004	0.0	-0.0439052	-1.34525	-2.23096	0.351025	
1	0.492505	0.236571	-0.83754	0.0	0.778523	0.31040999999999996	0.545479	0.0	0.38902600000000004	-0.920695	-0.031297700000000005	0.0	-2.71372	-2.23532	-2.60073	0.138819	0.0277308	-0.0536059	-0.9981770000000001	0.0	0.294986	-0.9536530000000001	0.0594099	0.0	-0.955099	-0.296096	-0.0106326	0.0	-0.18776600000000002	-1.33797	-2.11618	0.35087199999999996	
