0	0.10988599999999998	0.803682	-0.584825	0.0	0.4961	0.46551000000000003	0.73293	0.0	0.861284	-0.37067	-0.347554	0.0	-3.11993	1.72892	1.29546	0.0	-0.218045	0.722378	-0.656221	0.0	0.5799850000000001	-0.444867	-0.68243	0.0	-0.784904	-0.5293979999999999	-0.321968	0.0	2.80439	1.88868	1.46797	0.0	
0	0.10196000000000001	0.798862	-0.592811	0.0	0.49489799999999995	0.47620500000000004	0.726846	0.0	0.862949	-0.36749	-0.346801	0.0	-3.1760099999999998	1.6813200000000001	1.26474	0.0	-0.190129	0.691716	-0.696692	0.0	0.5912189999999999	-0.485862	-0.643737	0.0	-0.78378	-0.534291	-0.31658000000000003	0.0	2.86381	1.78007	1.3942	0.0	
0	0.091681	0.7966340000000001	-0.597468	0.0	0.484986	0.488303	0.725499	0.0	0.8697030000000001	-0.35627800000000004	-0.341588	0.0	-3.14545	1.62988	1.24978	0.0	-0.155592	0.669488	-0.726345	0.0	0.5947399999999999	-0.523605	-0.6100180000000001	0.0	-0.788718	-0.5269	-0.316702	0.0	2.88048	1.7392599999999998	1.36535	0.011145100000000002	
0	0.028111900000000002	0.7827970000000001	-0.621641	0.0	0.484572	0.533259	0.693415	0.0	0.8742989999999999	-0.32072399999999995	-0.364331	0.0	-3.10363	1.63135	1.20682	0.352041	-0.0433173	0.61802	-0.784968	0.0	0.5615680000000001	-0.6347729999999999	-0.530758	0.0	-0.8262959999999999	-0.463804	-0.319564	0.0	2.84534	1.7974400000000001	1.35307	0.357917	
0	-0.0169033	0.757879	-0.652176	0.0	0.47200600000000004	0.581063	0.6630050000000001	0.0	0.881433	-0.296625	-0.36754499999999996	0.0	-3.04284	1.60696	1.17371	0.352023	-0.0455524	0.596861	-0.8010510000000001	0.0	0.552936	-0.652778	-0.517826	0.0	-0.8319780000000001	-0.46651800000000004	-0.300291	0.0	2.7476700000000003	1.7825	1.3796	0.35984499999999997	
0	-0.0670669	0.728012	-0.682276	0.0	0.46806000000000003	0.626859	0.62287	0.0	0.8811479999999999	-0.277572	-0.382795	0.0	-3.01761	1.63695	1.15254	0.35191100000000003	-0.032157	0.5826520000000001	-0.8120850000000001	0.0	0.542036	-0.67248	-0.5039520000000001	0.0	-0.8397399999999999	-0.45638500000000004	-0.294194	0.0	2.73152	1.79023	1.3701299999999998	0.359973	
0	-0.0996314	0.714607	-0.692395	0.0	0.457527	0.650833	0.605876	0.0	0.883597	-0.256425	-0.391795	0.0	-3.02457	1.67392	1.08141	0.352045	-0.0267775	0.570389	-0.820938	0.0	0.529062	-0.688701	-0.495767	0.0	-0.848161	-0.447603	-0.28333	0.0	2.72165	1.79834	1.3968200000000002	0.359725	
0	-0.09659	0.715588	-0.691812	0.0	0.456988	0.649354	0.607866	0.0	0.8842129999999999	-0.257436	-0.389737	0.0	-3.02886	1.68746	1.0678299999999998	0.352085	-0.0253049	0.569372	-0.8216899999999999	0.0	0.528432	-0.690114	-0.49447299999999994	0.0	-0.848599	-0.44672	-0.283411	0.0	2.70866	1.8033299999999999	1.40575	0.360073	
0	-0.0923444	0.719438	-0.688391	0.0	0.46035600000000004	0.643867	0.611152	0.0	0.882918	-0.260468	-0.39065500000000003	0.0	-3.0345299999999997	1.6917400000000002	1.0469899999999999	0.35162	-0.023986	0.566558	-0.823673	0.0	0.527532	-0.6926899999999999	-0.491824	0.0	-0.849197	-0.44631099999999996	-0.282263	0.0	2.71023	1.8036599999999998	1.40753	0.360162	
0	-0.0932028	0.72239	-0.685176	0.0	0.46774399999999994	0.6392720000000001	0.610367	0.0	0.878936	-0.26359899999999997	-0.397475	0.0	-3.04088	1.6925400000000002	1.02368	0.35067600000000004	-0.025249900000000002	0.565232	-0.8245459999999999	0.0	0.5283140000000001	-0.6926720000000001	-0.49100900000000003	0.0	-0.8486739999999999	-0.448017	-0.28113	0.0	2.7105900000000003	1.8045400000000003	1.41238	0.360248	
0	-0.0819237	0.722259	-0.686753	0.0	0.48057799999999995	0.6322949999999999	0.607657	0.0	0.873117	-0.28025700000000003	-0.398902	0.0	-3.0495	1.67185	1.0170700000000001	0.350452	-0.0247669	0.566789	-0.823491	0.0	0.53022	-0.6908880000000001	-0.491468	0.0	-0.847499	-0.44880299999999995	-0.283411	0.0	2.71266	1.80677	1.4123	0.359748	
0	-0.0411594	0.721409	-0.691286	0.0	0.514396	0.6084350000000001	0.604321	0.0	0.8565649999999999	-0.330721	-0.39613200000000004	0.0	-3.0606400000000002	1.5953	1.08637	0.35015799999999997	-0.0270303	0.568326	-0.8223600000000001	0.0	0.535097	-0.6866479999999999	-0.492125	0.0	-0.8443579999999999	-0.45334399999999997	-0.285549	0.0	2.71694	1.7944	1.40834	0.360047	
0	-0.022286900000000002	0.7179770000000001	-0.69571	0.0	0.534958	0.596442	0.598395	0.0	0.844585	-0.35883899999999996	-0.39738	0.0	-3.0857	1.50014	1.0955700000000002	0.351224	-0.026829200000000004	0.562828	-0.826139	0.0	0.536759	-0.689081	-0.486885	0.0	-0.843309	-0.4565	-0.283615	0.0	2.7183900000000003	1.7856599999999998	1.41829	0.360196	
0	-0.0149245	0.705067	-0.7089840000000001	0.0	0.53495	0.604679	0.590078	0.0	0.8447520000000001	-0.370465	-0.3862	0.0	-3.10307	1.40119	1.0762	0.352383	-0.028228800000000002	0.557962	-0.8293860000000001	0.0	0.533542	-0.693231	-0.484525	0.0	-0.845303	-0.45619	-0.278127	0.0	2.67049	1.7760200000000002	1.4592	0.36030300000000004	
0	-0.0123139	0.6916680000000001	-0.722111	0.0	0.518547	0.621887	0.5868270000000001	0.0	0.85496	-0.367222	-0.36632	0.0	-3.07694	1.32931	1.05693	0.353131	-0.027674200000000003	0.551603	-0.833648	0.0	0.534079	-0.6967979999999999	-0.478782	0.0	-0.844981	-0.458484	-0.275316	0.0	2.65122	1.7775400000000001	1.4909	0.359666	
0	-0.012901499999999998	0.679218	-0.733823	0.0	0.508804	0.636229	0.57994	0.0	0.860786	-0.36589	-0.353797	0.0	-3.05824	1.30585	1.08691	0.35352	-0.0230572	0.54772	-0.8363440000000001	0.0	0.524362	-0.705635	-0.476575	0.0	-0.851183	-0.449536	-0.270934	0.0	2.64678	1.79378	1.50878	0.35908	
0	-0.014895400000000001	0.679338	-0.733675	0.0	0.5110979999999999	0.635828	0.578361	0.0	0.8593930000000001	-0.366365	-0.356679	0.0	-3.05667	1.3064799999999999	1.09429	0.353505	-0.024774599999999997	0.546621	-0.8370139999999999	0.0	0.525595	-0.70509	-0.476024	0.0	-0.850374	-0.45172299999999993	-0.269833	0.0	2.64106	1.7999599999999998	1.51548	0.35906	
0	-0.0173648	0.6801470000000001	-0.73287	0.0	0.516713	0.633617	0.575792	0.0	0.8559829999999999	-0.368685	-0.362444	0.0	-3.0676099999999997	1.3189899999999999	1.0981	0.352978	-0.0241019	0.546417	-0.837166	0.0	0.525147	-0.705646	-0.47569300000000003	0.0	-0.85067	-0.45110100000000003	-0.269942	0.0	2.64119	1.80477	1.51788	0.35887199999999997	
0	-0.0181785	0.68681	-0.7266090000000001	0.0	0.522365	0.626184	0.578817	0.0	0.8525280000000001	-0.36903400000000003	-0.370149	0.0	-3.07442	1.38032	1.06017	0.351377	-0.0185891	0.536366	-0.843781	0.0	0.5146930000000001	-0.718382	-0.46799300000000005	0.0	-0.857173	-0.442988	-0.26271	0.0	2.63049	1.8137400000000001	1.5230299999999999	0.358567	
0	-0.000156225	0.653609	-0.756832	0.0	0.580855	0.6161260000000001	0.531974	0.0	0.8140069999999999	-0.43952700000000006	-0.379748	0.0	-3.10356	1.3352600000000001	0.993324	0.35405	-0.018761	0.532935	-0.845949	0.0	0.512299	-0.7214649999999999	-0.465873	0.0	-0.8586020000000001	-0.442119	-0.25948699999999997	0.0	2.61708	1.8189400000000002	1.5268	0.358621	
0	0.199786	0.6178130000000001	-0.760522	0.0	0.661864	0.48723900000000003	0.56968	0.0	0.722511	-0.6171760000000001	-0.311564	0.0	-3.17753	1.0836	0.9954200000000001	0.354003	-0.013156600000000001	0.530246	-0.847742	0.0	0.509406	-0.7259909999999999	-0.461999	0.0	-0.860426	-0.43792299999999995	-0.26055900000000004	0.0	2.6250400000000003	1.8352099999999998	1.5287	0.358269	
0	0.289174	0.550203	-0.783362	0.0	0.692231	0.445043	0.568114	0.0	0.661207	-0.706551	-0.252172	0.0	-3.26995	0.902651	0.8139890000000001	0.352875	-0.00379175	0.522092	-0.852881	0.0	0.502966	-0.736158	-0.452876	0.0	-0.864298	-0.430687	-0.259804	0.0	2.64928	1.86035	1.5317399999999999	0.358159	
0	0.385261	0.497724	-0.7770739999999999	0.0	0.716284	0.369627	0.591873	0.0	0.581817	-0.784632	-0.21410900000000002	0.0	-3.24877	0.784258	0.613846	0.353306	-0.00386685	0.524242	-0.851561	0.0	0.504871	-0.734043	-0.454187	0.0	-0.863186	-0.43168500000000004	-0.261836	0.0	2.6413	1.8711099999999998	1.5293299999999999	0.35843400000000003	
0	0.46884899999999996	0.44182	-0.764837	0.0	0.7134560000000001	0.32106	0.622817	0.0	0.520732	-0.837685	-0.16469	0.0	-3.13537	0.655523	0.445121	0.351905	0.00480574	0.522733	-0.852483	0.0	0.501938	-0.738582	-0.450061	0.0	-0.8648899999999999	-0.425731	-0.26592899999999997	0.0	2.66763	1.89211	1.52142	0.358128	
0	0.543409	0.397696	-0.739286	0.0	0.712622	0.24694000000000002	0.656651	0.0	0.44370699999999996	-0.8836620000000001	-0.14921700000000002	0.0	-2.89456	0.5083489999999999	0.18415399999999998	0.351222	0.014974200000000002	0.530097	-0.8478049999999999	0.0	0.500944	-0.73779	-0.452462	0.0	-0.86535	-0.41792799999999997	-0.276597	0.0	2.69696	1.9206299999999998	1.48539	0.357668	
0	0.589216	0.36680999999999997	-0.719913	0.0	0.712454	0.184387	0.67706	0.0	0.38109499999999996	-0.91184	-0.152692	0.0	-2.78779	0.41061000000000003	-0.0840403	0.350581	0.0169452	0.53341	-0.8456870000000001	0.0	0.5024850000000001	-0.7357819999999999	-0.45402	0.0	-0.8644200000000001	-0.41725200000000007	-0.280499	0.0	2.71941	1.9272900000000002	1.4582700000000002	0.35787800000000003	
0	0.616037	0.336469	-0.712241	0.0	0.7119800000000001	0.149015	0.686207	0.0	0.337022	-0.9298299999999999	-0.14776	0.0	-2.73805	0.259291	-0.40867	0.349485	0.0176657	0.53055	-0.8474700000000001	0.0	0.500351	-0.738526	-0.451917	0.0	-0.865643	-0.416049	-0.278508	0.0	2.72632	1.9287400000000001	1.4496799999999999	0.35784099999999996	
0	0.634165	0.281122	-0.720282	0.0	0.71316	0.14724500000000001	0.685363	0.0	0.298728	-0.9483090000000001	-0.107107	0.0	-2.75178	0.011286299999999999	-0.71741	0.348315	0.0174042	0.532271	-0.8463950000000001	0.0	0.49945500000000004	-0.737969	-0.45381499999999997	0.0	-0.866165	-0.414838	-0.27868899999999996	0.0	2.7254099999999997	1.9247299999999998	1.44477	0.357959	
0	0.64332	0.264547	-0.718439	0.0	0.710596	0.142934	0.688929	0.0	0.28494400000000003	-0.953722	-0.09603389999999999	0.0	-2.76515	-0.0984192	-0.8372440000000001	0.34802	0.0168623	0.5312979999999999	-0.847017	0.0	0.499567	-0.738296	-0.453157	0.0	-0.8661110000000001	-0.4155	-0.277868	0.0	2.7229900000000002	1.9241099999999998	1.4451	0.358043	
0	0.662798	0.22403499999999998	-0.714498	0.0	0.706095	0.130632	0.695963	0.0	0.249256	-0.9657870000000001	-0.0716072	0.0	-2.7915900000000002	-0.296694	-1.0433700000000001	0.347813	0.0179998	0.532315	-0.846355	0.0	0.500344	-0.737672	-0.45331800000000005	0.0	-0.86564	-0.41530900000000004	-0.279619	0.0	2.72713	1.92852	1.43928	0.357887	
0	0.69296	0.170874	-0.700434	0.0	0.6930069999999999	0.110108	0.7124729999999999	0.0	0.19886700000000002	-0.9791209999999999	-0.0421159	0.0	-2.8096900000000002	-0.469384	-1.12152	0.346447	0.0244235	0.5303979999999999	-0.847397	0.0	0.499716	-0.74063	-0.449168	0.0	-0.8658450000000001	-0.412488	-0.28313699999999997	0.0	2.73483	1.9368400000000001	1.40937	0.357783	
0	0.714681	0.06331669999999999	-0.6965779999999999	0.0	0.689992	0.09940089999999999	0.716959	0.0	0.11463599999999999	-0.993031	0.027351900000000002	0.0	-2.8317	-0.671028	-1.15069	0.345217	0.0245172	0.531514	-0.8466950000000001	0.0	0.499567	-0.740132	-0.45015299999999997	0.0	-0.865928	-0.411944	-0.283673	0.0	2.72792	1.93903	1.4069999999999998	0.358168	
0	0.7109489999999999	0.0342446	-0.7024100000000001	0.0	0.697954	0.0879186	0.710725	0.0	0.08609349999999999	-0.995539	0.038604400000000004	0.0	-2.93625	-0.719856	-1.18472	0.345724	0.025512599999999996	0.531341	-0.846774	0.0	0.49886800000000003	-0.740807	-0.44981800000000005	0.0	-0.866303	-0.41095200000000004	-0.283969	0.0	2.73224	1.93658	1.39993	0.358196	
0	0.702268	0.0180925	-0.711683	0.0	0.706657	0.10354000000000001	0.69994	0.0	0.0863514	-0.994461	0.0599276	0.0	-2.96635	-0.745301	-1.1667100000000001	0.346512	0.026392900000000004	0.531011	-0.8469540000000001	0.0	0.49954399999999993	-0.740883	-0.448942	0.0	-0.8658870000000001	-0.41124099999999997	-0.28481799999999996	0.0	2.73124	1.93828	1.39711	0.358086	
0	0.689552	-0.00810778	-0.72419	0.0	0.7200439999999999	0.115101	0.684316	0.0	0.0778068	-0.9933209999999999	0.0852062	0.0	-2.98815	-0.736236	-1.13114	0.34641	0.029619299999999998	0.528237	-0.8485799999999999	0.0	0.500522	-0.742689	-0.444849	0.0	-0.865217	-0.41155699999999995	-0.286392	0.0	2.7354	1.94215	1.39753	0.357937	
0	0.680856	-0.015591899999999999	-0.732251	0.0	0.729266	0.107072	0.675801	0.0	0.0678664	-0.994129	0.0842711	0.0	-3.02851	-0.7197	-1.13713	0.34633600000000003	0.0329531	0.526619	-0.849462	0.0	0.500365	-0.7444350000000001	-0.44209799999999994	0.0	-0.865187	-0.410473	-0.288034	0.0	2.7296400000000003	1.95973	1.40727	0.357652	
0	0.676048	-0.0265916	-0.7363770000000001	0.0	0.73439	0.106028	0.670395	0.0	0.0602499	-0.994007	0.0912088	0.0	-3.11579	-0.718287	-1.1132799999999998	0.346072	0.0339555	0.523207	-0.8515290000000001	0.0	0.495824	-0.748594	-0.44018900000000005	0.0	-0.8677590000000001	-0.40726100000000004	-0.284837	0.0	2.73028	1.9617	1.40724	0.357729	
0	0.673491	-0.0346879	-0.7383810000000001	0.0	0.737168	0.105448	0.667431	0.0	0.054708900000000005	-0.99382	0.09658889999999999	0.0	-3.13173	-0.733328	-1.05872	0.34615300000000004	0.034895999999999996	0.524057	-0.8509680000000001	0.0	0.49431499999999995	-0.749088	-0.44104499999999996	0.0	-0.868582	-0.40525500000000003	-0.28518899999999997	0.0	2.7213700000000003	1.9636099999999999	1.4073200000000001	0.358022	
0	0.6733319999999999	-0.037518800000000005	-0.738387	0.0	0.737534	0.10385499999999999	0.667277	0.0	0.05164969999999999	-0.993885	0.0976	0.0	-3.16141	-0.735382	-1.01178	0.34630900000000003	0.0374048	0.519806	-0.8534649999999999	0.0	0.49022200000000005	-0.753779	-0.43760699999999997	0.0	-0.8707950000000001	-0.402019	-0.283016	0.0	2.70126	1.97095	1.40573	0.358058	
0	0.6745369999999999	-0.0379142	-0.737266	0.0	0.7363770000000001	0.10546400000000002	0.668301	0.0	0.052416899999999995	-0.9937	0.09905839999999999	0.0	-3.16785	-0.729931	-0.967081	0.346369	0.0383222	0.519019	-0.8539030000000001	0.0	0.48821899999999996	-0.755321	-0.437188	0.0	-0.8718799999999999	-0.400138	-0.282341	0.0	2.69545	1.97118	1.4043	0.357953	
0	0.6731779999999999	-0.0396005	-0.7384189999999999	0.0	0.737701	0.10518499999999999	0.666883	0.0	0.0512618	-0.993664	0.100022	0.0	-3.17905	-0.721725	-0.9321879999999999	0.34643	0.0393494	0.517744	-0.8546299999999999	0.0	0.487099	-0.756726	-0.43600600000000006	0.0	-0.87246	-0.399133	-0.28197	0.0	2.68031	1.97295	1.40434	0.358199	
0	0.673691	-0.03817430000000001	-0.738027	0.0	0.737118	0.10618599999999999	0.667369	0.0	0.0528916	-0.993613	0.09967530000000001	0.0	-3.19761	-0.716669	-0.9126190000000001	0.346801	0.0405269	0.513374	-0.8572069999999999	0.0	0.48789799999999994	-0.758847	-0.4314	0.0	-0.871959	-0.40074699999999996	-0.28122800000000003	0.0	2.66871	1.9826099999999998	1.4078700000000002	0.358005	
0	0.674929	-0.0368223	-0.736963	0.0	0.735942	0.10597100000000001	0.6687	0.0	0.05347380000000001	-0.9936870000000001	0.0986221	0.0	-3.2044900000000003	-0.715267	-0.906943	0.34676799999999997	0.0419015	0.511977	-0.857977	0.0	0.48753599999999997	-0.7600319999999999	-0.429721	0.0	-0.8720969999999999	-0.400289	-0.281454	0.0	2.67362	1.98928	1.41315	0.358018	
0	0.674934	-0.0368162	-0.736959	0.0	0.735937	0.105977	0.668704	0.0	0.05348150000000001	-0.9936870000000001	0.09862180000000001	0.0	-3.20427	-0.71533	-0.907151	0.34676999999999997	0.0419219	0.5119630000000001	-0.857984	0.0	0.487533	-0.760045	-0.429701	0.0	-0.8720979999999999	-0.400281	-0.281461	0.0	2.67351	1.98908	1.41301	0.358018	
0	0.674934	-0.036816	-0.736959	0.0	0.735937	0.105977	0.668704	0.0	0.0534817	-0.9936870000000001	0.09862169999999999	0.0	-3.20427	-0.715331	-0.9071520000000001	0.34676999999999997	0.0419222	0.5119630000000001	-0.857984	0.0	0.487533	-0.760045	-0.429701	0.0	-0.8720979999999999	-0.400281	-0.281462	0.0	2.67351	1.98908	1.41301	0.358018	
0	0.674934	-0.0368161	-0.736959	0.0	0.735937	0.105977	0.668704	0.0	0.053481600000000004	-0.9936870000000001	0.09862180000000001	0.0	-3.20427	-0.715331	-0.9071520000000001	0.34676999999999997	0.0419222	0.5119630000000001	-0.857984	0.0	0.487533	-0.760045	-0.429701	0.0	-0.8720979999999999	-0.400281	-0.281462	0.0	2.67351	1.98908	1.41301	0.358018	
0	0.674934	-0.0368161	-0.736959	0.0	0.735937	0.105977	0.668704	0.0	0.0534817	-0.9936870000000001	0.09862180000000001	0.0	-3.20427	-0.715331	-0.9071520000000001	0.34676999999999997	0.0419222	0.5119630000000001	-0.857984	0.0	0.487533	-0.760045	-0.429701	0.0	-0.8720979999999999	-0.400281	-0.281462	0.0	2.67351	1.98908	1.41301	0.358018	
0	0.674934	-0.0368161	-0.736959	0.0	0.735937	0.105977	0.668704	0.0	0.0534817	-0.9936870000000001	0.09862180000000001	0.0	-3.20427	-0.715331	-0.9071520000000001	0.34676999999999997	0.041922	0.5119630000000001	-0.857984	0.0	0.487533	-0.760045	-0.429701	0.0	-0.8720979999999999	-0.400281	-0.281462	0.0	2.67351	1.98908	1.41301	0.358018	
0	0.674934	-0.036816	-0.736959	0.0	0.735937	0.105977	0.668704	0.0	0.0534817	-0.9936870000000001	0.09862180000000001	0.0	-3.20427	-0.71533	-0.9071520000000001	0.34676999999999997	0.041922	0.5119630000000001	-0.857984	0.0	0.487533	-0.760045	-0.429701	0.0	-0.8720979999999999	-0.400281	-0.281462	0.0	2.67351	1.98908	1.41301	0.358018	
0	0.674934	-0.0368161	-0.736959	0.0	0.735937	0.105977	0.668704	0.0	0.0534817	-0.9936870000000001	0.09862180000000001	0.0	-3.20427	-0.715331	-0.9071520000000001	0.34676999999999997	0.041922	0.5119630000000001	-0.857984	0.0	0.487533	-0.760045	-0.429701	0.0	-0.8720979999999999	-0.400281	-0.281462	0.0	2.67351	1.98908	1.41301	0.358018	
0	0.674934	-0.036816	-0.736959	0.0	0.735937	0.105977	0.668704	0.0	0.0534817	-0.9936870000000001	0.09862169999999999	0.0	-3.20427	-0.71533	-0.9071520000000001	0.34676999999999997	0.041922	0.5119630000000001	-0.857984	0.0	0.487533	-0.760045	-0.429701	0.0	-0.8720979999999999	-0.400281	-0.281462	0.0	2.67351	1.98908	1.41301	0.358018	
0	0.674934	-0.0368161	-0.736959	0.0	0.735937	0.105977	0.668704	0.0	0.0534817	-0.9936870000000001	0.09862180000000001	0.0	-3.20427	-0.715331	-0.9071520000000001	0.34676999999999997	0.0419222	0.5119630000000001	-0.857984	0.0	0.487533	-0.760045	-0.429701	0.0	-0.8720979999999999	-0.400281	-0.281462	0.0	2.67351	1.98908	1.41301	0.358018	
0	0.674934	-0.0368161	-0.736959	0.0	0.735937	0.105977	0.668704	0.0	0.0534817	-0.9936870000000001	0.09862180000000001	0.0	-3.20427	-0.71533	-0.9071520000000001	0.34676999999999997	0.0419222	0.5119630000000001	-0.857984	0.0	0.487533	-0.760045	-0.429701	0.0	-0.8720979999999999	-0.400281	-0.281462	0.0	2.67351	1.98908	1.41301	0.358018	
0	0.674934	-0.036816	-0.736959	0.0	0.735937	0.105977	0.668704	0.0	0.0534817	-0.9936870000000001	0.09862169999999999	0.0	-3.20427	-0.715331	-0.9071520000000001	0.34676999999999997	0.0419222	0.5119630000000001	-0.857984	0.0	0.487533	-0.760045	-0.429701	0.0	-0.8720979999999999	-0.400281	-0.281462	0.0	2.67351	1.98908	1.41301	0.358018	
0	0.674934	-0.036816	-0.736959	0.0	0.735937	0.105977	0.668704	0.0	0.0534817	-0.9936870000000001	0.09862169999999999	0.0	-3.20427	-0.715331	-0.9071520000000001	0.34676999999999997	0.0419222	0.5119630000000001	-0.857984	0.0	0.487533	-0.760045	-0.429701	0.0	-0.8720979999999999	-0.400281	-0.281462	0.0	2.67351	1.98908	1.41301	0.358018	
0	0.674934	-0.036816	-0.736959	0.0	0.735937	0.105977	0.668704	0.0	0.0534817	-0.9936870000000001	0.09862169999999999	0.0	-3.20427	-0.71533	-0.9071520000000001	0.34676999999999997	0.0419219	0.5119630000000001	-0.857984	0.0	0.487533	-0.760045	-0.429701	0.0	-0.8720979999999999	-0.400281	-0.281462	0.0	2.67351	1.98908	1.41301	0.358018	
0	0.674934	-0.0368161	-0.736959	0.0	0.735937	0.105977	0.668704	0.0	0.0534817	-0.9936870000000001	0.09862180000000001	0.0	-3.20427	-0.715331	-0.9071520000000001	0.34676999999999997	0.041922	0.5119630000000001	-0.857984	0.0	0.487533	-0.760045	-0.429701	0.0	-0.8720979999999999	-0.400281	-0.281462	0.0	2.67351	1.98908	1.41301	0.358018	
0	0.674934	-0.0368161	-0.736959	0.0	0.735937	0.105977	0.668704	0.0	0.0534817	-0.9936870000000001	0.09862180000000001	0.0	-3.20427	-0.715331	-0.9071520000000001	0.34676999999999997	0.041922	0.5119630000000001	-0.857984	0.0	0.487533	-0.760045	-0.429701	0.0	-0.8720979999999999	-0.400281	-0.281462	0.0	2.67351	1.98908	1.41301	0.358018	
0	0.674934	-0.036816	-0.736959	0.0	0.735937	0.105977	0.668704	0.0	0.053481799999999996	-0.9936870000000001	0.09862169999999999	0.0	-3.20427	-0.71533	-0.9071520000000001	0.34676999999999997	0.041922	0.5119630000000001	-0.857984	0.0	0.487533	-0.760045	-0.429701	0.0	-0.8720979999999999	-0.400281	-0.281462	0.0	2.67351	1.98908	1.41301	0.358018	
0	0.674934	-0.036816	-0.736959	0.0	0.735937	0.105977	0.668704	0.0	0.0534817	-0.9936870000000001	0.09862180000000001	0.0	-3.20427	-0.715331	-0.9071520000000001	0.34676999999999997	0.041922	0.5119630000000001	-0.857984	0.0	0.487533	-0.760045	-0.429701	0.0	-0.8720979999999999	-0.400281	-0.281462	0.0	2.67351	1.98908	1.41301	0.358018	
0	0.674934	-0.036816	-0.736959	0.0	0.735937	0.105977	0.668704	0.0	0.0534817	-0.9936870000000001	0.09862169999999999	0.0	-3.20427	-0.71533	-0.9071520000000001	0.34676999999999997	0.041922	0.5119630000000001	-0.857984	0.0	0.487533	-0.760045	-0.429701	0.0	-0.8720979999999999	-0.400281	-0.281462	0.0	2.67351	1.98908	1.41301	0.358018	
0	0.674934	-0.036816	-0.736959	0.0	0.735937	0.105977	0.668704	0.0	0.053481799999999996	-0.9936870000000001	0.09862169999999999	0.0	-3.20427	-0.71533	-0.9071520000000001	0.34676999999999997	0.041922	0.5119630000000001	-0.857984	0.0	0.487533	-0.760045	-0.429701	0.0	-0.8720979999999999	-0.400281	-0.281462	0.0	2.67351	1.98908	1.41301	0.358018	
0	0.674934	-0.036816	-0.736959	0.0	0.735937	0.105977	0.668704	0.0	0.0534817	-0.9936870000000001	0.09862180000000001	0.0	-3.20427	-0.71533	-0.9071520000000001	0.34676999999999997	0.0419222	0.5119630000000001	-0.857984	0.0	0.487533	-0.760045	-0.429701	0.0	-0.8720979999999999	-0.400281	-0.281462	0.0	2.67351	1.98908	1.41301	0.358018	
0	0.674934	-0.036816	-0.736959	0.0	0.735937	0.105977	0.668704	0.0	0.0534817	-0.9936870000000001	0.09862169999999999	0.0	-3.20427	-0.715331	-0.9071520000000001	0.34676999999999997	0.0419222	0.5119630000000001	-0.857984	0.0	0.487533	-0.760045	-0.429701	0.0	-0.8720979999999999	-0.400281	-0.281462	0.0	2.67351	1.98908	1.41301	0.358018	
0	0.674934	-0.0368161	-0.736959	0.0	0.735937	0.105977	0.668704	0.0	0.0534817	-0.9936870000000001	0.09862180000000001	0.0	-3.20427	-0.715331	-0.9071520000000001	0.34676999999999997	0.041922	0.5119630000000001	-0.857984	0.0	0.487533	-0.760045	-0.429701	0.0	-0.8720979999999999	-0.400281	-0.281462	0.0	2.67351	1.98908	1.41301	0.358018	
0	0.674934	-0.036816	-0.736959	0.0	0.735937	0.105977	0.668704	0.0	0.0534817	-0.9936870000000001	0.09862180000000001	0.0	-3.20427	-0.715331	-0.9071520000000001	0.34676999999999997	0.041922	0.5119630000000001	-0.857984	0.0	0.487533	-0.760045	-0.429701	0.0	-0.8720979999999999	-0.400281	-0.281462	0.0	2.67351	1.98908	1.41301	0.358018	
0	0.38113800000000003	0.371046	-0.846793	0.0	0.786852	0.35068699999999997	0.507822	0.0	0.485385	-0.859851	-0.158298	0.0	-3.21588	-0.738354	-0.9852700000000001	0.352925	0.049906099999999995	0.508107	-0.8598469999999999	0.0	0.48092399999999996	-0.766764	-0.425188	0.0	-0.875341	-0.392302	-0.282627	0.0	2.61702	2.0237700000000003	1.43305	0.356661	
0	0.39665500000000004	0.379723	-0.8357479999999999	0.0	0.786795	0.32837	0.522616	0.0	0.472884	-0.8648610000000001	-0.168515	0.0	-3.21263	-0.780166	-1.1011	0.35290900000000003	0.0457582	0.5082899999999999	-0.8599690000000001	0.0	0.48089	-0.7657649999999999	-0.42702299999999993	0.0	-0.8755860000000001	-0.394011	-0.279472	0.0	2.5953	2.0156	1.42426	0.356858	
0	0.392594	0.372357	-0.8409639999999999	0.0	0.790257	0.331189	0.5155649999999999	0.0	0.47049300000000005	-0.866985	-0.164235	0.0	-3.1314900000000003	-0.9859559999999999	-1.28054	0.352777	0.0467781	0.510419	-0.8586530000000001	0.0	0.482626	-0.764153	-0.427951	0.0	-0.874577	-0.394389	-0.282087	0.0	2.61383	2.0318	1.4322700000000002	0.356612	
0	0.392302	0.369367	-0.842418	0.0	0.795227	0.32409	0.512426	0.0	0.462292	-0.8709389999999999	-0.16658900000000001	0.0	-3.07266	-1.20866	-1.41865	0.35181599999999996	0.0468482	0.512117	-0.8576370000000001	0.0	0.48453599999999997	-0.762458	-0.428816	0.0	-0.873516	-0.395466	-0.28385900000000003	0.0	2.62647	2.03697	1.43408	0.356616	
0	0.385374	0.366184	-0.846993	0.0	0.81038	0.304695	0.5004460000000001	0.0	0.44133	-0.879244	-0.17932599999999999	0.0	-3.04363	-1.4999799999999999	-1.58123	0.352137	0.0464334	0.5134	-0.856892	0.0	0.485329	-0.761362	-0.42986499999999994	0.0	-0.8730979999999999	-0.395915	-0.284521	0.0	2.62794	2.03724	1.43625	0.35651700000000003	
0	0.390509	0.304176	-0.8688959999999999	0.0	0.8298979999999999	0.292205	0.475275	0.0	0.398463	-0.906694	-0.138327	0.0	-3.0040400000000003	-1.7830400000000002	-1.60607	0.351497	0.0459711	0.51221	-0.8576290000000001	0.0	0.485059	-0.761975	-0.42908199999999996	0.0	-0.8732719999999999	-0.396275	-0.283481	0.0	2.6306	2.02848	1.43445	0.35649000000000003	
0	0.42834799999999995	0.25651799999999997	-0.866439	0.0	0.838471	0.244637	0.48694899999999997	0.0	0.33687399999999995	-0.935067	-0.110293	0.0	-3.01957	-2.09069	-1.60808	0.35102300000000003	0.046265	0.514271	-0.8563790000000001	0.0	0.48589899999999997	-0.760628	-0.43051999999999996	0.0	-0.87279	-0.396196	-0.285075	0.0	2.6358599999999996	2.02768	1.43066	0.356211	
0	0.47712200000000005	0.197906	-0.8562639999999999	0.0	0.8411780000000001	0.179319	0.510161	0.0	0.254508	-0.96368	-0.0809171	0.0	-3.06415	-2.23846	-1.65915	0.351198	0.0481172	0.5142369999999999	-0.856297	0.0	0.485041	-0.761455	-0.430025	0.0	-0.873167	-0.39464699999999997	-0.286065	0.0	2.63994	2.03654	1.4319899999999999	0.356164	
0	0.5244479999999999	0.119734	-0.842982	0.0	0.835117	0.12061	0.536686	0.0	0.165932	-0.985453	-0.036738	0.0	-3.15265	-2.3731400000000002	-1.73385	0.350813	0.0488315	0.5119779999999999	-0.8576090000000001	0.0	0.48138400000000003	-0.764393	-0.42891999999999997	0.0	-0.8751479999999999	-0.391895	-0.283785	0.0	2.63963	2.03429	1.42566	0.356184	
0	0.533027	0.09891710000000001	-0.8402959999999999	0.0	0.8338120000000001	0.107221	0.541536	0.0	0.14366400000000001	-0.989302	-0.0253267	0.0	-3.21735	-2.39972	-1.81525	0.350594	0.04882569999999999	0.511097	-0.858135	0.0	0.48001099999999997	-0.765446	-0.42858100000000005	0.0	-0.8759030000000001	-0.390989	-0.282706	0.0	2.63462	2.03328	1.43496	0.356177	
0	0.549899	0.0639488	-0.832779	0.0	0.8286889999999999	0.0827702	0.553555	0.0	0.10432899999999999	-0.9945149999999999	-0.00747845	0.0	-3.2867800000000003	-2.41181	-1.9593200000000002	0.350329	0.0491025	0.5121680000000001	-0.8574799999999999	0.0	0.480817	-0.764612	-0.42916499999999996	0.0	-0.875445	-0.391218	-0.283804	0.0	2.6278900000000003	2.04047	1.45443	0.355908	
0	0.556122	0.0560216	-0.829211	0.0	0.8266049999999999	0.06635360000000001	0.5588569999999999	0.0	0.0863293	-0.9962219999999999	-0.00940707	0.0	-3.29152	-2.41362	-2.0811	0.35026199999999996	0.0490301	0.510649	-0.85839	0.0	0.479072	-0.766134	-0.42840200000000006	0.0	-0.8764049999999999	-0.390226	-0.28220100000000004	0.0	2.6301200000000002	2.03974	1.4530399999999999	0.356104	
0	0.5605640000000001	0.0561568	-0.826205	0.0	0.824678	0.052888	0.563124	0.0	0.0753196	-0.99702	-0.0166642	0.0	-3.2981300000000005	-2.42559	-2.1591099999999996	0.350062	0.0492911	0.512317	-0.857381	0.0	0.480312	-0.764806	-0.42938699999999996	0.0	-0.875712	-0.39064499999999996	-0.28376999999999997	0.0	2.63068	2.04406	1.45346	0.356105	
0	0.5688840000000001	0.0617111	-0.820099	0.0	0.818407	0.05588390000000001	0.571915	0.0	0.0811239	-0.9965290000000001	-0.0187134	0.0	-3.26705	-2.47357	-2.22922	0.34989000000000003	0.050239	0.512369	-0.857295	0.0	0.479436	-0.765382	-0.42933999999999994	0.0	-0.876138	-0.389448	-0.2841	0.0	2.6331700000000002	2.04542	1.44845	0.355993	
0	0.570384	0.054554700000000005	-0.819564	0.0	0.817752	0.0559308	0.572846	0.0	0.0770904	-0.996943	-0.0127102	0.0	-3.25268	-2.5303	-2.25833	0.350211	0.050957800000000004	0.512827	-0.856978	0.0	0.478731	-0.765624	-0.42969300000000005	0.0	-0.876482	-0.388366	-0.284521	0.0	2.63369	2.04181	1.44134	0.356199	
0	0.577153	0.040055	-0.815653	0.0	0.8133819999999999	0.0608802	0.578535	0.0	0.07283049999999999	-0.997341	0.00255705	0.0	-3.2502299999999997	-2.6236200000000003	-2.27734	0.349517	0.050514300000000005	0.512465	-0.8572209999999999	0.0	0.47738	-0.766305	-0.429982	0.0	-0.877244	-0.3875	-0.28335	0.0	2.63362	2.03937	1.4321700000000002	0.356381	
0	0.599681	0.0194825	-0.800002	0.0	0.7977569999999999	0.064121	0.59956	0.0	0.0629778	-0.9977520000000001	0.022909799999999998	0.0	-3.2478599999999997	-2.72187	-2.31425	0.350169	0.050080400000000004	0.513283	-0.856757	0.0	0.47813900000000004	-0.765463	-0.43063900000000005	0.0	-0.8768549999999999	-0.38808200000000004	-0.28375500000000003	0.0	2.63185	2.03899	1.42946	0.356502	
0	0.6177600000000001	0.00389853	-0.786357	0.0	0.784249	0.07028480000000001	0.616453	0.0	0.05767230000000001	-0.997519	0.04036169999999999	0.0	-3.2399	-2.77549	-2.33675	0.349691	0.0510603	0.513452	-0.856598	0.0	0.478746	-0.7653270000000001	-0.43020600000000003	0.0	-0.876468	-0.388126	-0.284891	0.0	2.63328	2.03991	1.42709	0.356481	
0	0.6353479999999999	-0.015877799999999997	-0.772063	0.0	0.770695	0.07597739999999999	0.632659	0.0	0.04861409999999999	-0.996983	0.060509	0.0	-3.22487	-2.8092599999999996	-2.35712	0.350069	0.0509164	0.51352	-0.8565659999999999	0.0	0.47806499999999996	-0.765562	-0.430544	0.0	-0.8768469999999999	-0.38757199999999997	-0.284476	0.0	2.63249	2.04583	1.42854	0.35645	
0	0.6485529999999999	-0.0297346	-0.760588	0.0	0.759955	0.08172330000000001	0.644818	0.0	0.0429845	-0.9962120000000001	0.0755989	0.0	-3.2168799999999997	-2.82712	-2.37422	0.350596	0.050836900000000004	0.513782	-0.8564129999999999	0.0	0.47831899999999994	-0.7653	-0.430728	0.0	-0.876713	-0.38774200000000003	-0.284657	0.0	2.63481	2.0413900000000003	1.4292799999999999	0.356415	
0	0.6557850000000001	-0.0384535	-0.7539680000000001	0.0	0.753688	0.0910087	0.6509010000000001	0.0	0.0435883	-0.995108	0.08866410000000001	0.0	-3.21468	-2.8567400000000003	-2.38619	0.351078	0.0510561	0.5143770000000001	-0.856043	0.0	0.47926499999999994	-0.7646310000000001	-0.43086499999999994	0.0	-0.876184	-0.388273	-0.285562	0.0	2.63461	2.04052	1.42899	0.356369	
0	0.662261	-0.049932	-0.747607	0.0	0.748171	0.098152	0.6562060000000001	0.0	0.0406135	-0.9939180000000001	0.10236	0.0	-3.2103	-2.89925	-2.39701	0.3517	0.051219100000000004	0.513096	-0.8568020000000001	0.0	0.47821	-0.765778	-0.42999899999999996	0.0	-0.8767510000000001	-0.387707	-0.28459	0.0	2.6334299999999997	2.03872	1.4289	0.356509	
0	0.670582	-0.0568507	-0.739654	0.0	0.740851	0.102654	0.663778	0.0	0.0381923	-0.993091	0.110956	0.0	-3.19733	-3.02963	-2.39636	0.347846	0.0515409	0.513282	-0.856671	0.0	0.47777700000000006	-0.765948	-0.430179	0.0	-0.8769680000000001	-0.387126	-0.28471199999999997	0.0	2.63385	2.0402099999999996	1.43198	0.356545	
0	0.67423	-0.0644456	-0.735704	0.0	0.737572	0.109252	0.6663720000000001	0.0	0.0374328	-0.991923	0.12119500000000001	0.0	-3.18684	-3.14393	-2.39348	0.34891700000000003	0.051701	0.5133979999999999	-0.856592	0.0	0.477549	-0.766026	-0.43029300000000004	0.0	-0.877083	-0.386818	-0.284777	0.0	2.6324799999999997	2.03988	1.43355	0.356483	
0	0.696569	-0.0692326	-0.714142	0.0	0.710443	0.20571599999999998	0.673017	0.0	0.100316	-0.97616	0.19248099999999999	0.0	-3.1802200000000003	-3.2181900000000003	-2.40401	0.350314	0.0515531	0.512729	-0.857002	0.0	0.47694899999999996	-0.7665930000000001	-0.42994799999999994	0.0	-0.877418	-0.386581	-0.284065	0.0	2.63634	2.03737	1.4299	0.35641300000000004	
0	0.71591	-0.093363	-0.691922	0.0	0.6787479999999999	0.32532300000000003	0.658382	0.0	0.163629	-0.940983	0.296272	0.0	-3.17936	-3.27811	-2.43549	0.347602	0.05121130000000001	0.513065	-0.8568209999999999	0.0	0.47780900000000004	-0.765969	-0.430105	0.0	-0.87697	-0.38737	-0.28437399999999996	0.0	2.63358	2.04163	1.4332799999999999	0.356541	
0	0.706749	-0.142657	-0.692932	0.0	0.707464	0.143738	0.691979	0.0	0.000884861	-0.9792790000000001	0.202512	0.0	-3.16787	-3.32	-2.48156	0.34886500000000004	0.052342200000000005	0.512943	-0.856825	0.0	0.477612	-0.766368	-0.429613	0.0	-0.8770100000000001	-0.386743	-0.28510100000000005	0.0	2.63294	2.04183	1.43484	0.356491	
0	0.705882	-0.16109	-0.689768	0.0	0.708232	0.14438099999999998	0.691058	0.0	-0.011733	-0.9763219999999999	0.216006	0.0	-3.1838900000000003	-3.3706199999999997	-2.51799	0.348099	0.0526313	0.512671	-0.8569700000000001	0.0	0.47780200000000006	-0.766484	-0.429195	0.0	-0.87689	-0.386873	-0.285296	0.0	2.63269	2.03935	1.43198	0.356532	
0	0.705749	-0.174197	-0.686712	0.0	0.7079449999999999	0.13636600000000001	0.692978	0.0	-0.0270699	-0.975223	0.21956199999999998	0.0	-3.24289	-3.6099900000000003	-2.6205700000000003	0.348481	0.0526633	0.511256	-0.857814	0.0	0.476871	-0.767609	-0.42821800000000004	0.0	-0.877394	-0.386515	-0.28422800000000004	0.0	2.63173	2.0405599999999997	1.43307	0.356466	
0	0.70414	-0.17719100000000002	-0.6875979999999999	0.0	0.708651	0.11436099999999999	0.696229	0.0	-0.044730900000000004	-0.97751	0.20609299999999997	0.0	-3.25394	-3.61321	-2.62922	0.34452699999999997	0.053992599999999995	0.5096109999999999	-0.8587090000000001	0.0	0.47545200000000004	-0.769343	-0.42668100000000003	0.0	-0.878083	-0.385237	-0.283835	0.0	2.63214	2.0449900000000003	1.43713	0.35634699999999997	
0	0.702481	-0.179568	-0.6886770000000001	0.0	0.7104600000000001	0.119777	0.69347	0.0	-0.0420377	-0.976427	0.21171700000000002	0.0	-3.2530799999999997	-3.61309	-2.63103	0.347679	0.054698699999999996	0.509664	-0.858633	0.0	0.475921	-0.769265	-0.426299	0.0	-0.8777860000000001	-0.385323	-0.284638	0.0	2.63283	2.0447900000000003	1.43574	0.356302	
0	0.69508	-0.172204	-0.698005	0.0	0.717388	0.10251400000000001	0.68909	0.0	-0.0471085	-0.979713	0.19479200000000002	0.0	-3.25248	-3.6147	-2.6242400000000004	0.3473	0.056037300000000005	0.508463	-0.859258	0.0	0.475578	-0.770301	-0.424808	0.0	-0.8778870000000001	-0.384839	-0.284979	0.0	2.6335599999999997	2.04346	1.43353	0.35637800000000003	
0	0.6891470000000001	-0.171069	-0.7041390000000001	0.0	0.723689	0.113202	0.680779	0.0	-0.036749800000000006	-0.978734	0.20181300000000002	0.0	-3.25342	-3.6141	-2.62555	0.351731	0.05601230000000001	0.5075890000000001	-0.859777	0.0	0.474842	-0.771051	-0.42427200000000004	0.0	-0.878287	-0.384494	-0.284213	0.0	2.63234	2.04181	1.43305	0.356215	
0	0.650142	-0.13463599999999998	-0.747789	0.0	0.7587119999999999	0.168006	0.6293890000000001	0.0	0.0408943	-0.976549	0.211377	0.0	-3.28081	-3.6076099999999998	-2.62384	0.36475100000000005	0.05850639999999999	0.506007	-0.8605430000000001	0.0	0.47427299999999994	-0.772613	-0.422059	0.0	-0.878431	-0.383439	-0.28518899999999997	0.0	2.6332299999999997	2.04146	1.42991	0.356229	
0	0.6399819999999999	-0.125374	-0.758093	0.0	0.766227	0.17811	0.617392	0.0	0.057619000000000004	-0.9759909999999999	0.210052	0.0	-3.29273	-3.60481	-2.62716	0.36285300000000004	0.0585682	0.506038	-0.8605209999999999	0.0	0.473969	-0.772744	-0.42216099999999995	0.0	-0.878592	-0.383135	-0.285104	0.0	2.63335	2.04425	1.43531	0.356213	
0	0.639103	-0.12351	-0.759139	0.0	0.766865	0.177871	0.6166689999999999	0.0	0.0588643	-0.9762719999999999	0.208394	0.0	-3.2935800000000004	-3.60465	-2.6263099999999997	0.36239299999999997	0.0584567	0.505591	-0.860791	0.0	0.473631	-0.773087	-0.42191300000000004	0.0	-0.8787809999999999	-0.38303400000000004	-0.284656	0.0	2.63501	2.04371	1.43203	0.356286	
0	0.626225	-0.154305	-0.76422	0.0	0.778748	0.170732	0.603657	0.0	0.037329900000000006	-0.97316	0.227082	0.0	-3.31895	-3.5844400000000003	-2.70792	0.135165	0.058451699999999995	0.506355	-0.860342	0.0	0.47490299999999996	-0.7721560000000001	-0.422188	0.0	-0.8780950000000001	-0.38390100000000005	-0.285603	0.0	2.6337200000000003	2.04347	1.4312799999999999	0.356202	
0	0.628791	-0.15326900000000002	-0.762319	0.0	0.777566	0.11953499999999999	0.6173350000000001	0.0	-0.00349489	-0.980928	0.194339	0.0	-3.3190800000000005	-3.5843800000000003	-2.70624	0.12238399999999999	0.0614989	0.503762	-0.8616510000000001	0.0	0.47310699999999994	-0.7748550000000001	-0.419249	0.0	-0.878856	-0.381869	-0.285986	0.0	2.63941	2.04474	1.42803	0.35628899999999997	
0	0.6295270000000001	-0.154704	-0.761421	0.0	0.776978	0.126304	0.616727	0.0	0.000760138	-0.9798540000000001	0.199713	0.0	-3.31805	-3.58448	-2.70589	0.12226600000000001	0.0629462	0.504358	-0.8611969999999999	0.0	0.47289799999999993	-0.774961	-0.419289	0.0	-0.878866	-0.380866	-0.28729099999999996	0.0	2.64637	2.0406400000000002	1.42121	0.356362	
0	0.628796	-0.159077	-0.761124	0.0	0.777529	0.13868699999999998	0.613363	0.0	0.00798592	-0.977477	0.210892	0.0	-3.3207800000000005	-3.58448	-2.71349	0.12247999999999999	0.0629215	0.503799	-0.861526	0.0	0.472063	-0.7755890000000001	-0.41906800000000005	0.0	-0.879316	-0.380326	-0.28662600000000005	0.0	2.64431	2.0451900000000003	1.41854	0.356431	
0	0.6272989999999999	-0.16162	-0.7618229999999999	0.0	0.778736	0.14033099999999998	0.611455	0.0	0.00808382	-0.976825	0.213889	0.0	-3.31891	-3.5851599999999997	-2.71505	0.122531	0.0630835	0.504855	-0.8608959999999999	0.0	0.47266	-0.7748510000000001	-0.41976099999999994	0.0	-0.878984	-0.380431	-0.287505	0.0	2.64377	2.04123	1.41457	0.35657	
0	0.63457	-0.152366	-0.757698	0.0	0.772791	0.1387	0.619319	0.0	0.0107296	-0.978543	0.205761	0.0	-3.32815	-3.5836699999999997	-2.7112	0.12269400000000001	0.0626338	0.5055470000000001	-0.8605229999999999	0.0	0.47300699999999996	-0.7742680000000001	-0.42044499999999996	0.0	-0.8788290000000001	-0.38069899999999995	-0.287623	0.0	2.64207	2.0432900000000003	1.41567	0.356493	
0	0.6443270000000001	-0.13592100000000001	-0.752574	0.0	0.764306	0.147963	0.627649	0.0	0.026041900000000003	-0.979608	0.199222	0.0	-3.3391300000000004	-3.582	-2.7031400000000003	0.1229	0.062127800000000004	0.506718	-0.8598709999999999	0.0	0.47298100000000004	-0.7735989999999999	-0.421704	0.0	-0.8788799999999999	-0.38050300000000004	-0.28773000000000004	0.0	2.64267	2.04007	1.4126100000000001	0.356645	
0	0.649035	-0.126196	-0.750219	0.0	0.759915	0.153981	0.631521	0.0	0.0358246	-0.979982	0.19583699999999998	0.0	-3.34502	-3.5815	-2.69202	0.122637	0.0618297	0.5066649999999999	-0.859923	0.0	0.473185	-0.773473	-0.421706	0.0	-0.878791	-0.380829	-0.28757	0.0	2.64284	2.03903	1.40935	0.356738	
0	0.649595	-0.125599	-0.749834	0.0	0.759428	0.15387	0.632133	0.0	0.03598130000000001	-0.9800760000000001	0.19533699999999998	0.0	-3.33785	-3.5815900000000003	-2.6767	0.12271099999999999	0.0609388	0.5065470000000001	-0.8600559999999999	0.0	0.474631	-0.772713	-0.421475	0.0	-0.878073	-0.382525	-0.287511	0.0	2.64109	2.04182	1.41301	0.356714	
0	0.6482479999999999	-0.11748900000000001	-0.75231	0.0	0.7590600000000001	0.177601	0.626328	0.0	0.060024400000000006	-0.9770639999999999	0.204311	0.0	-3.23711	-3.5803599999999998	-2.56527	0.12243699999999999	0.06002090000000001	0.505367	-0.860815	0.0	0.476012	-0.772491	-0.42032299999999995	0.0	-0.877388	-0.38453000000000004	-0.286927	0.0	2.64283	2.0413200000000002	1.41056	0.356869	
0	0.647247	-0.10350999999999999	-0.75522	0.0	0.758777	0.182358	0.625302	0.0	0.072996	-0.9777680000000001	0.196572	0.0	-3.23522	-3.57745	-2.5598	0.12258499999999999	0.059162	0.504707	-0.861261	0.0	0.47670100000000004	-0.7723260000000001	-0.41984399999999994	0.0	-0.877072	-0.385725	-0.286287	0.0	2.64066	2.03895	1.41055	0.35693800000000003	
0	0.647942	-0.09012560000000001	-0.756339	0.0	0.756817	0.18831900000000001	0.625911	0.0	0.08602280000000001	-0.9779639999999999	0.190229	0.0	-3.19761	-3.4753300000000005	-2.5237700000000003	0.122575	0.0588876	0.504065	-0.861656	0.0	0.477875	-0.772062	-0.418993	0.0	-0.876452	-0.38709099999999996	-0.28634499999999996	0.0	2.63901	2.03295	1.41156	0.35685500000000003	
0	0.6481279999999999	-0.0818816	-0.757117	0.0	0.757803	0.167601	0.63059	0.0	0.0752597	-0.982449	0.170677	0.0	-3.17365	-3.3696800000000002	-2.47047	0.122688	0.057666999999999996	0.502546	-0.862625	0.0	0.477971	-0.7724949999999999	-0.41808599999999996	0.0	-0.876481	-0.3882	-0.28475	0.0	2.63682	2.02545	1.4142299999999999	0.35681799999999997	
0	0.649552	-0.0734393	-0.7567619999999999	0.0	0.755962	0.168762	0.632488	0.0	0.08126330000000001	-0.982917	0.16513699999999998	0.0	-3.17857	-3.28493	-2.4613	0.122545	0.058164999999999994	0.50254	-0.8625950000000001	0.0	0.47914799999999996	-0.772083	-0.4175	0.0	-0.875805	-0.38902600000000004	-0.2857	0.0	2.63722	2.01874	1.4150200000000002	0.356815	
