0	0.593133	0.516197	-0.617846	0.0	0.687105	0.0754197	0.722633	0.0	0.41961899999999996	-0.853143	-0.309948	0.0	-2.73968	2.0	1.46191	0.0	-0.43328199999999994	0.65942	-0.614355	0.0	0.653926	-0.239067	-0.7177939999999999	0.0	-0.620199	-0.71275	-0.327629	0.0	2.63482	1.9985099999999998	1.5238399999999999	2.0991999999999997e-06	
0	0.593133	0.516197	-0.617846	0.0	0.687105	0.0754197	0.722633	0.0	0.41961899999999996	-0.853143	-0.309948	0.0	-2.73968	2.0	1.46191	0.0	-0.43328199999999994	0.65942	-0.614355	0.0	0.653926	-0.239067	-0.7177939999999999	0.0	-0.620199	-0.71275	-0.327629	0.0	2.63482	1.9985099999999998	1.5238399999999999	2.0991999999999997e-06	
0	0.11640999999999999	0.855513	-0.504525	0.0	0.19363	0.47868299999999997	0.8563700000000001	0.0	0.974144	-0.197381	-0.10993	0.0	-2.8810000000000002	1.9198	1.36286	0.0	-0.10268800000000002	0.727506	-0.678374	0.0	0.336914	-0.6162310000000001	-0.711863	0.0	-0.9359190000000001	-0.301653	-0.181827	0.0	2.8809400000000003	1.8711900000000001	1.38829	0.0	
0	0.11008	0.855883	-0.505318	0.0	0.198773	0.47918	0.8549129999999999	0.0	0.973844	-0.194552	-0.117379	0.0	-2.97224	1.8869599999999997	1.2902799999999999	0.0	-0.084034	0.714838	-0.694222	0.0	0.321207	-0.640066	-0.697955	0.0	-0.9432729999999999	-0.281641	-0.175824	0.0	2.88214	1.8493400000000002	1.34802	0.0	
0	0.0916049	0.8564229999999999	-0.508084	0.0	0.193046	0.48527600000000004	0.852784	0.0	0.9769040000000001	-0.176203	-0.120875	0.0	-2.97595	1.87989	1.25935	0.0193713	-0.0387186	0.70598	-0.7071729999999999	0.0	0.264437	-0.675234	-0.688573	0.0	-0.963626	-0.21366300000000002	-0.16054300000000002	0.0	2.87564	1.8773900000000001	1.3266799999999999	0.263474	
0	0.0889054	0.849707	-0.519705	0.0	0.20535599999999998	0.494924	0.8443219999999999	0.0	0.974641	-0.18179	-0.130491	0.0	-2.96672	1.8979099999999998	1.24065	0.346124	-0.040887900000000005	0.702281	-0.710725	0.0	0.234823	-0.684642	-0.690017	0.0	-0.9711780000000001	-0.195108	-0.136918	0.0	2.76645	1.8711400000000002	1.32165	0.357666	
0	0.09441319999999999	0.8540469999999999	-0.5115569999999999	0.0	0.219507	0.483347	0.847462	0.0	0.971032	-0.192302	-0.141835	0.0	-2.8728700000000003	1.8820700000000001	1.22706	0.345921	-0.0422429	0.704195	-0.708749	0.0	0.233157	-0.682848	-0.6923560000000001	0.0	-0.971521	-0.194497	-0.13534300000000002	0.0	2.7335700000000003	1.88383	1.3353899999999999	0.358713	
0	0.100938	0.8546100000000001	-0.509365	0.0	0.216745	0.480793	0.8496229999999999	0.0	0.9709959999999999	-0.19616199999999998	-0.136702	0.0	-2.85283	1.8605099999999999	1.21546	0.34687199999999996	-0.0403491	0.711754	-0.7012689999999999	0.0	0.239625	-0.674466	-0.698338	0.0	-0.9700270000000001	-0.196219	-0.14334000000000002	0.0	2.7305900000000003	1.88185	1.3148600000000001	0.358759	
0	0.0921465	0.8454299999999999	-0.526077	0.0	0.21634499999999998	0.49870600000000004	0.8393370000000001	0.0	0.971959	-0.191156	-0.13695	0.0	-2.82218	1.8464200000000002	1.20173	0.348375	-0.045822800000000004	0.7105	-0.702204	0.0	0.237686	-0.675	-0.698485	0.0	-0.970261	-0.19891099999999998	-0.137946	0.0	2.7311	1.8659299999999999	1.30456	0.359671	
0	0.0782678	0.827299	-0.556283	0.0	0.20888099999999998	0.5320010000000001	0.820575	0.0	0.9748040000000001	-0.180422	-0.131168	0.0	-2.8071099999999998	1.8370799999999998	1.2070100000000001	0.350163	-0.0501763	0.7088180000000001	-0.703605	0.0	0.24015100000000003	-0.6752600000000001	-0.697389	0.0	-0.9694379999999999	-0.203964	-0.13634200000000002	0.0	2.72706	1.8474	1.30535	0.359655	
0	0.0647177	0.815619	-0.574958	0.0	0.20661999999999997	0.552728	0.807342	0.0	0.9762790000000001	-0.171047	-0.132752	0.0	-2.80425	1.83447	1.20244	0.3515	-0.047214	0.705034	-0.7076	0.0	0.240898	-0.6794439999999999	-0.693054	0.0	-0.9694010000000001	-0.203181	-0.137762	0.0	2.7271799999999997	1.84162	1.30066	0.359331	
0	0.0525765	0.7998430000000001	-0.597903	0.0	0.19969	0.578217	0.791068	0.0	0.978448	-0.160987	-0.12932000000000002	0.0	-2.78927	1.80457	1.20268	0.35299899999999995	-0.0503899	0.702372	-0.710024	0.0	0.245232	-0.680461	-0.6905319999999999	0.0	-0.9681540000000001	-0.208916	-0.137956	0.0	2.72726	1.82365	1.30062	0.359531	
0	0.0171521	0.7791279999999999	-0.62663	0.0	0.17948599999999998	0.614142	0.768514	0.0	0.983611	-0.125653	-0.12930899999999998	0.0	-2.77647	1.78286	1.16864	0.35536599999999996	-0.0570207	0.6981069999999999	-0.713719	0.0	0.251168	-0.681859	-0.68701	0.0	-0.9662629999999999	-0.218437	-0.136462	0.0	2.7263900000000003	1.8106099999999998	1.3047	0.359725	
0	-0.0009413360000000001	0.773638	-0.633628	0.0	0.179779	0.6234350000000001	0.760926	0.0	0.983707	-0.113197	-0.13967100000000002	0.0	-2.77299	1.80939	1.1321	0.356057	-0.0499702	0.68853	-0.723485	0.0	0.255878	-0.691387	-0.675656	0.0	-0.965417	-0.21888600000000002	-0.141631	0.0	2.7290099999999997	1.80272	1.2851	0.359718	
0	-0.014518399999999999	0.766062	-0.6426029999999999	0.0	0.199076	0.632019	0.748947	0.0	0.979877	-0.11705299999999999	-0.16168	0.0	-2.77901	1.8249900000000001	1.09546	0.357157	-0.0484067	0.680998	-0.730683	0.0	0.263783	-0.696853	-0.666944	0.0	-0.963367	-0.225027	-0.145904	0.0	2.73018	1.7999900000000002	1.2649299999999999	0.360051	
0	-0.032980199999999994	0.724391	-0.688601	0.0	0.317562	0.660867	0.6800069999999999	0.0	0.947664	-0.196247	-0.251835	0.0	-2.80009	1.86378	1.00874	0.35936	-0.0790052	0.667359	-0.740534	0.0	0.330963	-0.683161	-0.650964	0.0	-0.9403309999999999	-0.29651900000000003	-0.166898	0.0	2.73191	1.7833599999999998	1.1994200000000002	0.36098800000000003	
0	-0.013005200000000001	0.6814	-0.731796	0.0	0.43808	0.661762	0.608405	0.0	0.898842	-0.312673	-0.307114	0.0	-2.85125	1.86445	0.917908	0.357743	-0.10629200000000001	0.668724	-0.735874	0.0	0.414612	-0.642853	-0.6440779999999999	0.0	-0.9037700000000001	-0.373562	-0.20893	0.0	2.7610799999999998	1.74668	0.9745860000000001	0.361559	
0	0.00526713	0.621239	-0.783604	0.0	0.58782	0.632009	0.505007	0.0	0.808974	-0.46327799999999997	-0.361848	0.0	-2.96468	1.8381900000000002	0.695327	0.3572	-0.166651	0.6678270000000001	-0.725421	0.0	0.550675	-0.547243	-0.630303	0.0	-0.817915	-0.504512	-0.276557	0.0	2.7961400000000003	1.6110200000000001	0.473613	0.361813	
0	0.0216575	0.510738	-0.8594639999999999	0.0	0.7129989999999999	0.59473	0.37138699999999997	0.0	0.7008300000000001	-0.62084	-0.35127600000000003	0.0	-3.06756	1.6114600000000001	0.542054	0.356921	-0.230321	0.627361	-0.743889	0.0	0.650177	-0.46956099999999995	-0.597312	0.0	-0.7240310000000001	-0.621233	-0.299746	0.0	2.8169299999999997	1.36594	0.059290499999999996	0.361215	
0	0.0378414	0.38151599999999997	-0.923587	0.0	0.800809	0.541263	0.256396	0.0	0.597723	-0.74932	-0.28504	0.0	-3.12392	1.23143	0.333396	0.357047	-0.27210300000000004	0.5801729999999999	-0.7676970000000001	0.0	0.7031970000000001	-0.424709	-0.570207	0.0	-0.656867	-0.694998	-0.292412	0.0	2.8206700000000002	1.06154	-0.376026	0.36098800000000003	
0	0.0636138	0.36227	-0.9299	0.0	0.8362459999999999	0.48918	0.24778200000000003	0.0	0.5446529999999999	-0.793387	-0.271828	0.0	-3.1000400000000004	0.957392	0.0697301	0.357304	-0.276427	0.529091	-0.8022779999999999	0.0	0.736161	-0.42006400000000005	-0.530672	0.0	-0.6177819999999999	-0.7372989999999999	-0.27338	0.0	2.79562	0.7422479999999999	-0.757033	0.360572	
0	0.0772142	0.357587	-0.930682	0.0	0.8650549999999999	0.44007700000000005	0.240856	0.0	0.495699	-0.8236889999999999	-0.275353	0.0	-3.0371900000000003	0.754053	-0.23711300000000002	0.356948	-0.279681	0.484217	-0.829043	0.0	0.76574	-0.40838800000000003	-0.49685200000000007	0.0	-0.579156	-0.773791	-0.25656599999999996	0.0	2.71698	0.409761	-1.10742	0.360186	
0	0.10169	0.362624	-0.9263709999999999	0.0	0.882884	0.39623400000000003	0.25201999999999997	0.0	0.45844799999999997	-0.843506	-0.279862	0.0	-2.9466	0.578397	-0.554873	0.356129	-0.29267	0.428741	-0.854708	0.0	0.798185	-0.38266	-0.465267	0.0	-0.526541	-0.818384	-0.23022199999999998	0.0	2.6558	0.0361911	-1.43928	0.3598	
0	0.11566900000000001	0.398884	-0.9096770000000001	0.0	0.8954120000000001	0.354548	0.26932	0.0	0.42995200000000006	-0.8456879999999999	-0.316155	0.0	-2.9300599999999997	0.473178	-0.9243889999999999	0.35479499999999997	-0.292263	0.411546	-0.8632569999999999	0.0	0.820156	-0.356396	-0.447578	0.0	-0.49186	-0.838816	-0.23337	0.0	2.65539	-0.280445	-1.6842099999999998	0.359261	
0	0.128195	0.422415	-0.897291	0.0	0.902518	0.32537699999999997	0.282119	0.0	0.411129	-0.845988	-0.339526	0.0	-2.9039900000000003	0.36190900000000004	-1.19828	0.353299	-0.294317	0.399163	-0.868359	0.0	0.826829	-0.34933000000000003	-0.44082	0.0	-0.47930200000000006	-0.847725	-0.227226	0.0	2.6647	-0.546466	-1.8004200000000001	0.358504	
0	0.14563099999999998	0.421479	-0.895068	0.0	0.911917	0.293661	0.286655	0.0	0.383666	-0.857974	-0.341587	0.0	-2.87175	0.170177	-1.39123	0.35228200000000004	-0.277156	0.388646	-0.8787149999999999	0.0	0.830617	-0.36279	-0.422443	0.0	-0.48296999999999995	-0.846958	-0.22226700000000002	0.0	2.68951	-0.773917	-1.85548	0.358586	
0	0.162525	0.46747299999999997	-0.8689389999999999	0.0	0.916974	0.253621	0.30795300000000003	0.0	0.36434	-0.846844	-0.387441	0.0	-2.90823	-0.09274760000000001	-1.70069	0.351088	-0.273043	0.373759	-0.8864270000000001	0.0	0.8300040000000001	-0.374322	-0.413494	0.0	-0.48635600000000007	-0.8486389999999999	-0.208015	0.0	2.69405	-0.919734	-1.85017	0.358025	
0	0.160382	0.46993	-0.8680110000000001	0.0	0.9182389999999999	0.25156999999999996	0.30585999999999997	0.0	0.362099	-0.846096	-0.39116	0.0	-2.9285400000000004	-0.129114	-1.7794400000000001	0.350667	-0.26966	0.365469	-0.890907	0.0	0.8299120000000001	-0.381033	-0.407506	0.0	-0.488396	-0.8492620000000001	-0.200558	0.0	2.67845	-0.917983	-1.81044	0.358189	
0	0.159378	0.468542	-0.8689459999999999	0.0	0.9184770000000001	0.252326	0.304518	0.0	0.36193800000000004	-0.84664	-0.39013000000000003	0.0	-2.93503	-0.139638	-1.7843900000000001	0.35073899999999997	-0.267946	0.365575	-0.891381	0.0	0.8297899999999999	-0.382554	-0.406326	0.0	-0.489544	-0.848532	-0.200847	0.0	2.66012	-0.902825	-1.80224	0.358234	
0	0.158727	0.47070200000000006	-0.867898	0.0	0.917665	0.25399099999999997	0.30558	0.0	0.364275	-0.844943	-0.391631	0.0	-2.9499299999999997	-0.129197	-1.8003	0.351323	-0.259626	0.381712	-0.8870680000000001	0.0	0.831666	-0.378504	-0.40628400000000003	0.0	-0.490842	-0.843226	-0.21918800000000002	0.0	2.6145	-0.8142590000000001	-1.8507	0.35832800000000004	
0	0.151838	0.46883400000000003	-0.870138	0.0	0.9188219999999999	0.257517	0.299085	0.0	0.364297	-0.8449139999999999	-0.39167399999999997	0.0	-2.96278	-0.124867	-1.80244	0.351646	-0.255698	0.383871	-0.8872770000000001	0.0	0.832694	-0.378831	-0.403866	0.0	-0.49116000000000004	-0.8420989999999999	-0.222781	0.0	2.61121	-0.788988	-1.8754099999999998	0.359161	
0	0.143749	0.471112	-0.870282	0.0	0.9181309999999999	0.264673	0.294929	0.0	0.369285	-0.8414290000000001	-0.394496	0.0	-3.02293	-0.12147100000000001	-1.77642	0.352108	-0.248072	0.386126	-0.8884629999999999	0.0	0.833521	-0.382286	-0.398873	0.0	-0.493663	-0.8395020000000001	-0.22701	0.0	2.6189999999999998	-0.779157	-1.89175	0.359671	
0	0.139764	0.472459	-0.8702	0.0	0.916384	0.271206	0.294428	0.0	0.375109	-0.8385879999999999	-0.395049	0.0	-3.0480099999999997	-0.119747	-1.7699	0.35226199999999996	-0.24599899999999997	0.386384	-0.888928	0.0	0.833149	-0.38437899999999997	-0.397638	0.0	-0.49532600000000004	-0.838427	-0.227358	0.0	2.6344	-0.767111	-1.9321	0.359798	
0	0.138795	0.469764	-0.871813	0.0	0.9162100000000001	0.273235	0.293092	0.0	0.375893	-0.839443	-0.392479	0.0	-3.05597	-0.117479	-1.75794	0.352181	-0.24579600000000001	0.385875	-0.8892049999999999	0.0	0.8310559999999999	-0.388287	-0.398221	0.0	-0.49893000000000004	-0.83686	-0.225244	0.0	2.62871	-0.770256	-1.92481	0.359809	
0	0.136687	0.467517	-0.873352	0.0	0.915364	0.277441	0.29178000000000004	0.0	0.378716	-0.839318	-0.39002600000000004	0.0	-3.0519	-0.112375	-1.74958	0.35224	-0.245979	0.385013	-0.8895280000000001	0.0	0.830205	-0.38996	-0.39836	0.0	-0.500253	-0.8364790000000001	-0.22371799999999997	0.0	2.62023	-0.7752020000000001	-1.906	0.359862	
0	0.136727	0.46755699999999994	-0.873325	0.0	0.915375	0.27737399999999995	0.29181	0.0	0.378675	-0.839318	-0.390065	0.0	-3.05205	-0.112548	-1.7497099999999999	0.35224099999999997	-0.245979	0.38502800000000004	-0.8895209999999999	0.0	0.8302149999999999	-0.389937	-0.398362	0.0	-0.500238	-0.836483	-0.22374000000000002	0.0	2.62048	-0.775077	-1.90647	0.359862	
0	0.136727	0.46755699999999994	-0.873325	0.0	0.915375	0.27737399999999995	0.29181	0.0	0.378675	-0.839318	-0.390065	0.0	-3.05205	-0.112549	-1.7497099999999999	0.35224099999999997	-0.245979	0.38502800000000004	-0.8895209999999999	0.0	0.8302149999999999	-0.389937	-0.398362	0.0	-0.500238	-0.836482	-0.22374000000000002	0.0	2.62048	-0.775076	-1.90648	0.359862	
0	0.136727	0.46755699999999994	-0.873325	0.0	0.915375	0.27737399999999995	0.29181	0.0	0.378675	-0.839318	-0.390065	0.0	-3.05205	-0.112549	-1.7497099999999999	0.35224099999999997	-0.245979	0.38502800000000004	-0.8895209999999999	0.0	0.8302149999999999	-0.389937	-0.398362	0.0	-0.500238	-0.836482	-0.22374000000000002	0.0	2.62048	-0.775076	-1.90648	0.359862	
0	0.136727	0.46755699999999994	-0.873325	0.0	0.915375	0.27737399999999995	0.29181	0.0	0.378675	-0.839318	-0.390065	0.0	-3.05205	-0.112549	-1.7497099999999999	0.35224099999999997	-0.245979	0.38502800000000004	-0.8895209999999999	0.0	0.8302149999999999	-0.389937	-0.398362	0.0	-0.500238	-0.836482	-0.22374000000000002	0.0	2.62048	-0.775076	-1.90648	0.359862	
0	0.136727	0.46755699999999994	-0.873325	0.0	0.915375	0.27737399999999995	0.29181	0.0	0.378675	-0.839318	-0.390065	0.0	-3.05205	-0.112549	-1.7497099999999999	0.35224099999999997	-0.245979	0.38502800000000004	-0.8895209999999999	0.0	0.8302149999999999	-0.389937	-0.398362	0.0	-0.500238	-0.836482	-0.22374000000000002	0.0	2.62048	-0.775076	-1.90648	0.359862	
0	0.136727	0.46755699999999994	-0.873325	0.0	0.915375	0.27737399999999995	0.29181	0.0	0.378675	-0.839318	-0.390065	0.0	-3.05205	-0.112549	-1.7497099999999999	0.35224099999999997	-0.245979	0.38502800000000004	-0.8895209999999999	0.0	0.8302149999999999	-0.389937	-0.398362	0.0	-0.500238	-0.836482	-0.22374000000000002	0.0	2.62048	-0.775076	-1.90648	0.359862	
0	0.136727	0.46755699999999994	-0.873325	0.0	0.915375	0.27737399999999995	0.29181	0.0	0.378675	-0.839318	-0.390065	0.0	-3.05205	-0.112549	-1.7497099999999999	0.35224099999999997	-0.245979	0.38502800000000004	-0.8895209999999999	0.0	0.8302149999999999	-0.389937	-0.398362	0.0	-0.500238	-0.836483	-0.22374000000000002	0.0	2.62048	-0.775076	-1.90648	0.359862	
0	0.136727	0.46755699999999994	-0.873325	0.0	0.915375	0.27737399999999995	0.29181	0.0	0.378675	-0.839318	-0.390065	0.0	-3.05205	-0.112549	-1.7497099999999999	0.35224099999999997	-0.245979	0.38502800000000004	-0.8895209999999999	0.0	0.8302149999999999	-0.389937	-0.398362	0.0	-0.500238	-0.836482	-0.22374000000000002	0.0	2.62048	-0.775076	-1.90648	0.359862	
0	0.136727	0.46755699999999994	-0.873325	0.0	0.915375	0.27737399999999995	0.29181	0.0	0.378675	-0.839318	-0.390065	0.0	-3.05205	-0.112549	-1.7497099999999999	0.35224099999999997	-0.24597800000000003	0.38502800000000004	-0.8895209999999999	0.0	0.8302149999999999	-0.389937	-0.398362	0.0	-0.500237	-0.836482	-0.22374000000000002	0.0	2.62048	-0.775076	-1.90648	0.359862	
0	0.136727	0.46755699999999994	-0.873325	0.0	0.915375	0.27737399999999995	0.29181	0.0	0.378675	-0.839318	-0.390065	0.0	-3.05205	-0.112549	-1.7497099999999999	0.35224099999999997	-0.24597800000000003	0.38502800000000004	-0.8895209999999999	0.0	0.8302149999999999	-0.389937	-0.398362	0.0	-0.500237	-0.836482	-0.22374000000000002	0.0	2.62048	-0.775076	-1.90648	0.359862	
0	0.136727	0.46755699999999994	-0.873325	0.0	0.915375	0.27737399999999995	0.29181	0.0	0.378675	-0.839318	-0.390065	0.0	-3.05205	-0.112548	-1.7497099999999999	0.35224099999999997	-0.24597800000000003	0.38502800000000004	-0.8895209999999999	0.0	0.8302149999999999	-0.389937	-0.398362	0.0	-0.500237	-0.836482	-0.22374000000000002	0.0	2.62048	-0.775076	-1.90648	0.359862	
0	0.136727	0.46755699999999994	-0.873325	0.0	0.915375	0.27737399999999995	0.29181	0.0	0.378675	-0.839318	-0.390065	0.0	-3.05205	-0.112549	-1.7497099999999999	0.35224099999999997	-0.245979	0.38502800000000004	-0.8895209999999999	0.0	0.8302149999999999	-0.389937	-0.398362	0.0	-0.500238	-0.836483	-0.22374000000000002	0.0	2.62048	-0.775076	-1.90648	0.359862	
0	0.136727	0.46755699999999994	-0.873325	0.0	0.915375	0.27737399999999995	0.29181	0.0	0.378675	-0.839318	-0.390065	0.0	-3.05205	-0.112549	-1.7497099999999999	0.35224099999999997	-0.245979	0.38502800000000004	-0.8895209999999999	0.0	0.8302149999999999	-0.389937	-0.398362	0.0	-0.500237	-0.836483	-0.22374000000000002	0.0	2.62048	-0.775076	-1.90648	0.359862	
0	0.136727	0.46755699999999994	-0.873325	0.0	0.915375	0.27737399999999995	0.29181	0.0	0.378675	-0.839318	-0.390065	0.0	-3.05205	-0.112549	-1.7497099999999999	0.35224099999999997	-0.245979	0.38502800000000004	-0.8895209999999999	0.0	0.8302149999999999	-0.389937	-0.398362	0.0	-0.500237	-0.836483	-0.22374000000000002	0.0	2.62048	-0.775076	-1.90648	0.359862	
0	0.136727	0.46755699999999994	-0.873325	0.0	0.915375	0.27737399999999995	0.29181	0.0	0.378675	-0.839318	-0.390065	0.0	-3.05205	-0.112549	-1.7497099999999999	0.35224099999999997	-0.245979	0.38502800000000004	-0.8895209999999999	0.0	0.8302149999999999	-0.389937	-0.398362	0.0	-0.500237	-0.836483	-0.22374000000000002	0.0	2.62048	-0.775076	-1.90648	0.359862	
0	0.136727	0.46755699999999994	-0.873325	0.0	0.915375	0.27737399999999995	0.29181	0.0	0.378675	-0.839318	-0.390065	0.0	-3.05205	-0.112549	-1.7497099999999999	0.35224099999999997	-0.245979	0.38502800000000004	-0.8895209999999999	0.0	0.8302149999999999	-0.389937	-0.398362	0.0	-0.500237	-0.836483	-0.22374000000000002	0.0	2.62048	-0.775076	-1.90648	0.359862	
0	0.136727	0.46755699999999994	-0.873325	0.0	0.915375	0.27737399999999995	0.29181	0.0	0.378675	-0.839318	-0.390065	0.0	-3.05205	-0.112549	-1.7497099999999999	0.35224099999999997	-0.245979	0.38502800000000004	-0.8895209999999999	0.0	0.8302149999999999	-0.389937	-0.398362	0.0	-0.500237	-0.836483	-0.22374000000000002	0.0	2.62048	-0.775076	-1.90648	0.359862	
0	0.136727	0.46755699999999994	-0.873325	0.0	0.915375	0.27737399999999995	0.29181	0.0	0.378675	-0.839318	-0.390065	0.0	-3.05205	-0.112549	-1.7497099999999999	0.35224099999999997	-0.245979	0.38502800000000004	-0.8895209999999999	0.0	0.8302149999999999	-0.389937	-0.398362	0.0	-0.500237	-0.836483	-0.22374000000000002	0.0	2.62048	-0.775076	-1.90648	0.359862	
0	0.136727	0.46755699999999994	-0.873325	0.0	0.915375	0.27737399999999995	0.29181	0.0	0.378675	-0.839318	-0.390065	0.0	-3.05205	-0.112549	-1.7497099999999999	0.35224099999999997	-0.245979	0.38502800000000004	-0.8895209999999999	0.0	0.8302149999999999	-0.389937	-0.398362	0.0	-0.500237	-0.836483	-0.22374000000000002	0.0	2.62048	-0.775076	-1.90648	0.359862	
0	0.136727	0.46755699999999994	-0.873325	0.0	0.915375	0.27737399999999995	0.29181	0.0	0.378675	-0.839318	-0.390065	0.0	-3.05205	-0.112549	-1.7497099999999999	0.35224099999999997	-0.245979	0.38502800000000004	-0.8895209999999999	0.0	0.8302149999999999	-0.389937	-0.398362	0.0	-0.500237	-0.836483	-0.22374000000000002	0.0	2.62048	-0.775076	-1.90648	0.359862	
0	0.189506	0.471919	-0.861034	0.0	0.844143	0.369596	0.388358	0.0	0.501508	-0.8004319999999999	-0.328327	0.0	-2.9822599999999997	-0.32261	-1.90073	0.353509	-0.180533	0.48865299999999995	-0.8535959999999999	0.0	0.876733	-0.31341399999999997	-0.364844	0.0	-0.44581099999999996	-0.814242	-0.371836	0.0	2.4287	-0.911267	-2.12137	0.35939	
0	0.200318	0.46822700000000006	-0.8606020000000001	0.0	0.840368	0.369437	0.39660700000000004	0.0	0.50364	-0.80267	-0.319479	0.0	-2.90225	-0.45182100000000003	-1.99805	0.353912	-0.189343	0.484166	-0.854244	0.0	0.869309	-0.321865	-0.375107	0.0	-0.45656499999999994	-0.8136260000000001	-0.35994699999999996	0.0	2.2807	-1.0487	-2.28355	0.359883	
0	0.221902	0.446305	-0.8669319999999999	0.0	0.8359260000000001	0.37065	0.40478000000000003	0.0	0.501984	-0.814512	-0.29083000000000003	0.0	-2.7804	-0.615695	-2.13121	0.353887	-0.218919	0.485365	-0.846461	0.0	0.8559899999999999	-0.320867	-0.40537	0.0	-0.468354	-0.8133050000000001	-0.345224	0.0	2.0592	-1.18865	-2.4799599999999997	0.36022600000000005	
0	0.24790700000000002	0.41968599999999995	-0.873158	0.0	0.8328139999999999	0.368134	0.413397	0.0	0.494937	-0.8296629999999999	-0.258258	0.0	-2.68054	-0.769929	-2.2858099999999997	0.353659	-0.23940799999999998	0.48899	-0.838792	0.0	0.842126	-0.32539	-0.43005200000000005	0.0	-0.48322600000000004	-0.809327	-0.33389	0.0	1.8445200000000002	-1.34944	-2.6995299999999998	0.360687	
0	0.26328	0.404839	-0.8756649999999999	0.0	0.8361040000000001	0.357059	0.41646099999999997	0.0	0.481264	-0.841792	-0.244481	0.0	-2.64863	-0.853043	-2.3312	0.353543	-0.249033	0.48658599999999996	-0.8373870000000001	0.0	0.842002	-0.31845500000000004	-0.435453	0.0	-0.478555	-0.813524	-0.3304	0.0	1.78295	-1.43103	-2.7858400000000003	0.360444	
0	0.28826399999999996	0.375357	-0.880915	0.0	0.840194	0.342145	0.420727	0.0	0.459323	-0.8614200000000001	-0.216744	0.0	-2.62296	-1.04015	-2.4344099999999997	0.35343800000000003	-0.277102	0.469976	-0.8380559999999999	0.0	0.83693	-0.310382	-0.45078999999999997	0.0	-0.47197700000000004	-0.826309	-0.30733	0.0	1.6523	-1.61066	-2.92086	0.36078000000000005	
0	0.295533	0.330866	-0.896208	0.0	0.856993	0.322737	0.401751	0.0	0.42216499999999996	-0.886775	-0.18817	0.0	-2.5849599999999997	-1.2528700000000002	-2.5539	0.35335900000000003	-0.283981	0.457879	-0.8424379999999999	0.0	0.8266040000000001	-0.32832100000000003	-0.45709099999999997	0.0	-0.485882	-0.826167	-0.285247	0.0	1.53698	-1.74911	-3.04966	0.36093800000000004	
0	0.298279	0.240186	-0.9237639999999999	0.0	0.9042180000000001	0.23881100000000002	0.354061	0.0	0.305645	-0.940893	-0.145948	0.0	-2.52827	-1.49706	-2.66826	0.35347399999999995	-0.28833600000000004	0.44755100000000003	-0.846499	0.0	0.820184	-0.34076799999999996	-0.45953900000000003	0.0	-0.49412700000000004	-0.826786	-0.26881900000000003	0.0	1.4318	-1.87877	-3.2215599999999998	0.360566	
0	0.321193	0.175597	-0.930592	0.0	0.928642	0.134219	0.345846	0.0	0.185633	-0.9752700000000001	-0.119957	0.0	-2.60545	-1.6974599999999997	-2.80105	0.35367	-0.288319	0.44487200000000005	-0.847916	0.0	0.815864	-0.349405	-0.460741	0.0	-0.501237	-0.824624	-0.26221500000000003	0.0	1.35828	-1.92718	-3.302	0.36089899999999997	
0	0.345981	0.124261	-0.929977	0.0	0.935053	0.0359877	0.35267800000000005	0.0	0.077292	-0.991597	-0.10374000000000001	0.0	-2.7437400000000003	-1.85015	-2.9445	0.35340900000000003	-0.287007	0.439337	-0.85124	0.0	0.813782	-0.35697399999999996	-0.458617	0.0	-0.505358	-0.82435	-0.255071	0.0	1.30351	-1.92592	-3.3211	0.360874	
0	0.391513	0.0712393	-0.9174110000000001	0.0	0.92015	-0.0233043	0.390873	0.0	0.00646606	-0.997187	-0.0746748	0.0	-2.97495	-1.95662	-3.12201	0.353214	-0.285825	0.434721	-0.8540040000000001	0.0	0.812651	-0.362323	-0.456421	0.0	-0.507841	-0.824464	-0.24971500000000002	0.0	1.25276	-1.91705	-3.31535	0.360695	
0	0.42457700000000004	0.019555200000000002	-0.9051809999999999	0.0	0.904806	-0.045144300000000005	0.423426	0.0	-0.0325835	-0.9987889999999999	-0.036861	0.0	-3.1463200000000002	-2.00692	-3.22523	0.352802	-0.28731799999999996	0.43200299999999997	-0.854881	0.0	0.810685	-0.365668	-0.45724899999999996	0.0	-0.5101359999999999	-0.824415	-0.24515599999999999	0.0	1.23997	-1.91494	-3.30893	0.3607	
0	0.459844	-0.0287406	-0.8875350000000001	0.0	0.8852120000000001	-0.0642982	0.46072299999999994	0.0	-0.0703081	-0.997517	-0.0041256999999999995	0.0	-3.3443300000000002	-2.01306	-3.26583	0.352331	-0.290584	0.43573599999999996	-0.851877	0.0	0.809059	-0.36344299999999996	-0.461879	0.0	-0.510867	-0.823434	-0.24692600000000003	0.0	1.25027	-1.89199	-3.2888599999999997	0.360627	
0	0.46796499999999996	-0.048398800000000006	-0.8824209999999999	0.0	0.881663	-0.0429701	0.46992	0.0	-0.060661099999999996	-0.9979030000000001	0.0225629	0.0	-3.45053	-2.01512	-3.26706	0.35204	-0.290684	0.440125	-0.849584	0.0	0.807812	-0.36296999999999996	-0.46442700000000003	0.0	-0.51278	-0.821305	-0.250029	0.0	1.27449	-1.8690200000000001	-3.31627	0.360592	
0	0.47819700000000004	-0.0652053	-0.875828	0.0	0.8773200000000001	-0.010476799999999998	0.479792	0.0	-0.0404608	-0.997817	0.0521959	0.0	-3.49365	-2.05627	-3.23961	0.352022	-0.287951	0.44276000000000004	-0.849146	0.0	0.806033	-0.366741	-0.464556	0.0	-0.517103	-0.818208	-0.251275	0.0	1.29044	-1.8566099999999999	-3.3531800000000005	0.360476	
0	0.488196	-0.0818014	-0.868892	0.0	0.8723069999999999	0.014593700000000001	0.488741	0.0	-0.0272993	-0.996542	0.0784805	0.0	-3.4955300000000005	-2.14158	-3.21752	0.351963	-0.285954	0.444537	-0.848892	0.0	0.8014979999999999	-0.37458	-0.46614399999999995	0.0	-0.525196	-0.813681	-0.24918200000000001	0.0	1.28185	-1.84323	-3.3928199999999995	0.360579	
0	0.503352	-0.10732699999999999	-0.85739	0.0	0.863992	0.0482506	0.501188	0.0	-0.0124211	-0.993052	0.11701600000000001	0.0	-3.4428	-2.28274	-3.13974	0.35249899999999995	-0.286197	0.45049799999999995	-0.8456610000000001	0.0	0.793666	-0.38301999999999997	-0.472641	0.0	-0.536829	-0.806441	-0.24792600000000004	0.0	1.2380799999999998	-1.8316700000000001	-3.45011	0.36052199999999995	
0	0.504722	-0.128577	-0.8536530000000001	0.0	0.863275	0.0789437	0.498521	0.0	0.00329202	-0.9885520000000001	0.150842	0.0	-3.3917800000000002	-2.39527	-3.09428	0.352296	-0.288406	0.449895	-0.845232	0.0	0.787219	-0.39110300000000003	-0.476785	0.0	-0.545076	-0.80289	-0.241369	0.0	1.17582	-1.8066200000000001	-3.4802400000000002	0.360675	
0	0.513371	-0.142825	-0.846198	0.0	0.858167	0.0847555	0.506326	0.0	-0.000595927	-0.9861120000000001	0.166079	0.0	-3.36723	-2.48868	-3.06372	0.352104	-0.29171199999999997	0.449657	-0.844223	0.0	0.780706	-0.398009	-0.48175500000000004	0.0	-0.552633	-0.799624	-0.23494600000000002	0.0	1.1134	-1.7769099999999998	-3.5298599999999998	0.360494	
0	0.513832	-0.15727	-0.843352	0.0	0.857751	0.0764403	0.50835	0.0	-0.0154821	-0.984593	0.174176	0.0	-3.3830199999999997	-2.58957	-3.1084400000000003	0.352059	-0.292643	0.45145799999999997	-0.842938	0.0	0.777453	-0.400891	-0.484617	0.0	-0.55671	-0.797165	-0.23366900000000002	0.0	1.05336	-1.76273	-3.5882699999999996	0.360621	
0	0.521343	-0.176592	-0.834875	0.0	0.853022	0.08083969999999999	0.515576	0.0	-0.0235554	-0.980959	0.19278199999999998	0.0	-3.36045	-2.70205	-3.09921	0.351748	-0.294482	0.452371	-0.841808	0.0	0.7739159999999999	-0.403893	-0.487775	0.0	-0.560655	-0.79513	-0.231158	0.0	1.00124	-1.7215099999999999	-3.60449	0.360496	
0	0.5287850000000001	-0.195418	-0.825953	0.0	0.8477549999999999	0.0743587	0.52515	0.0	-0.0412068	-0.9778969999999999	0.204986	0.0	-3.33924	-2.8021	-3.1193299999999997	0.351454	-0.295231	0.454403	-0.84045	0.0	0.771989	-0.40481999999999996	-0.490055	0.0	-0.562914	-0.7934979999999999	-0.23127899999999998	0.0	0.971397	-1.69887	-3.6225300000000002	0.360487	
0	0.538625	-0.21643400000000002	-0.8142729999999999	0.0	0.839778	0.0596327	0.5396449999999999	0.0	-0.06824060000000001	-0.974474	0.213877	0.0	-3.3402800000000004	-2.8591900000000003	-3.14452	0.351369	-0.295946	0.453714	-0.840571	0.0	0.77023	-0.407109	-0.49092600000000003	0.0	-0.564944	-0.792721	-0.22898200000000002	0.0	0.96421	-1.68965	-3.63553	0.360417	
0	0.557446	-0.234315	-0.796461	0.0	0.826716	0.0687086	0.558408	0.0	-0.07611960000000001	-0.96973	0.23201300000000002	0.0	-3.31204	-2.9356	-3.18454	0.351373	-0.29886599999999997	0.456625	-0.837957	0.0	0.768203	-0.40583600000000003	-0.495138	0.0	-0.566166	-0.791701	-0.22949	0.0	0.961975	-1.6791599999999998	-3.64164	0.36043400000000003	
0	0.584257	-0.262873	-0.7678159999999999	0.0	0.806096	0.0782884	0.586583	0.0	-0.0940861	-0.961649	0.257642	0.0	-3.3190199999999996	-3.00857	-3.21652	0.351335	-0.302059	0.464009	-0.8327399999999999	0.0	0.7659999999999999	-0.401845	-0.501761	0.0	-0.567454	-0.7894399999999999	-0.23405	0.0	0.9668700000000001	-1.67989	-3.66338	0.36044499999999996	
0	0.631855	-0.29112899999999997	-0.718334	0.0	0.766586	0.0978428	0.634644	0.0	-0.114479	-0.951667	0.28499800000000003	0.0	-3.3404	-3.0697	-3.2375700000000003	0.351135	-0.303569	0.467368	-0.830309	0.0	0.7659239999999999	-0.398648	-0.504421	0.0	-0.566751	-0.78908	-0.23695100000000002	0.0	0.975606	-1.67284	-3.68373	0.36031599999999997	
0	0.646103	-0.31464200000000003	-0.695379	0.0	0.752678	0.111541	0.648872	0.0	-0.126599	-0.942634	0.30889099999999997	0.0	-3.3447199999999997	-3.1141799999999997	-3.20683	0.35085900000000003	-0.304593	0.469326	-0.8288280000000001	0.0	0.764183	-0.399005	-0.5067729999999999	0.0	-0.5685479999999999	-0.787737	-0.237117	0.0	0.9800270000000001	-1.66687	-3.71181	0.36036399999999996	
0	0.657037	-0.334688	-0.675489	0.0	0.744128	0.144438	0.6522359999999999	0.0	-0.120729	-0.9311940000000001	0.343952	0.0	-3.33785	-3.1485	-3.1722	0.350891	-0.305506	0.471976	-0.8269860000000001	0.0	0.762358	-0.39912600000000004	-0.509419	0.0	-0.570505	-0.78609	-0.237879	0.0	0.98415	-1.6620400000000002	-3.72661	0.360282	
0	0.68221	-0.345179	-0.644547	0.0	0.719805	0.16233699999999998	0.674928	0.0	-0.12833699999999998	-0.924391	0.35921	0.0	-3.34715	-3.15365	-3.17049	0.35065100000000005	-0.305852	0.47459700000000005	-0.825356	0.0	0.758548	-0.402429	-0.5125	0.0	-0.575378	-0.782821	-0.236921	0.0	0.9910370000000001	-1.6630099999999999	-3.74249	0.360464	
0	0.686766	-0.358618	-0.632254	0.0	0.716665	0.18876600000000002	0.6713859999999999	0.0	-0.121423	-0.914199	0.38664699999999996	0.0	-3.4091	-3.1383099999999997	-3.14488	0.35065999999999997	-0.305277	0.475788	-0.824883	0.0	0.756364	-0.405132	-0.513597	0.0	-0.57855	-0.780701	-0.236192	0.0	0.979833	-1.6623299999999999	-3.74989	0.36039699999999997	
0	0.689265	-0.35844499999999996	-0.629628	0.0	0.717028	0.212921	0.663729	0.0	-0.10385	-0.9089459999999999	0.40377399999999997	0.0	-3.44726	-3.13235	-3.15268	0.350662	-0.304193	0.476891	-0.8246469999999999	0.0	0.754339	-0.408074	-0.514246	0.0	-0.581756	-0.778493	-0.235604	0.0	0.9588200000000001	-1.6681400000000002	-3.76495	0.36048600000000003	
0	0.680443	-0.36055	-0.6379670000000001	0.0	0.729427	0.24979899999999997	0.636818	0.0	-0.07024069999999999	-0.898668	0.43296899999999994	0.0	-3.5069	-3.09117	-3.1857599999999997	0.350919	-0.304188	0.477861	-0.8240860000000001	0.0	0.750853	-0.41211000000000003	-0.516126	0.0	-0.586251	-0.775767	-0.23344499999999999	0.0	0.925601	-1.67783	-3.78295	0.360573	
0	0.669676	-0.356969	-0.6512359999999999	0.0	0.742312	0.295164	0.60154	0.0	-0.022509900000000003	-0.886257	0.462646	0.0	-3.5403800000000003	-3.01766	-3.14974	0.35092199999999996	-0.304796	0.477185	-0.824254	0.0	0.748444	-0.415209	-0.517139	0.0	-0.589009	-0.77453	-0.23059200000000002	0.0	0.907803	-1.68808	-3.79031	0.36054899999999995	
0	0.65785	-0.357653	-0.6628109999999999	0.0	0.752677	0.34336	0.561766	0.0	0.0266656	-0.868441	0.495076	0.0	-3.57646	-2.95378	-3.09248	0.350667	-0.304709	0.47789499999999996	-0.823874	0.0	0.747658	-0.415867	-0.517748	0.0	-0.590051	-0.773738	-0.230584	0.0	0.880307	-1.69392	-3.8083099999999996	0.36061	
0	0.6474949999999999	-0.354993	-0.674337	0.0	0.757139	0.40016599999999997	0.5163399999999999	0.0	0.08654939999999998	-0.8448950000000001	0.527884	0.0	-3.60552	-2.9151	-3.0529	0.35069	-0.307586	0.47466899999999995	-0.8246700000000001	0.0	0.745791	-0.417971	-0.518745	0.0	-0.59092	-0.77459	-0.225442	0.0	0.8597049999999999	-1.7004599999999999	-3.8182300000000002	0.360404	
0	0.634894	-0.354878	-0.6862729999999999	0.0	0.758414	0.455701	0.465987	0.0	0.147366	-0.816332	0.558467	0.0	-3.6454	-2.8973299999999997	-3.00014	0.35003	-0.307109	0.47371800000000003	-0.8253950000000001	0.0	0.74356	-0.421875	-0.518787	0.0	-0.593972	-0.773055	-0.222676	0.0	0.849823	-1.6959799999999998	-3.8271300000000004	0.36041799999999996	
0	0.610296	-0.35939699999999997	-0.705955	0.0	0.769419	0.480987	0.420293	0.0	0.188503	-0.799678	0.570071	0.0	-3.69752	-2.93338	-2.9493	0.349456	-0.307424	0.47337299999999993	-0.8254739999999999	0.0	0.741482	-0.42453199999999996	-0.519594	0.0	-0.5964020000000001	-0.77181	-0.220487	0.0	0.812438	-1.67209	-3.82363	0.36036999999999997	
0	0.5876560000000001	-0.356958	-0.726114	0.0	0.774386	0.508217	0.37688499999999997	0.0	0.23449099999999998	-0.783771	0.57508	0.0	-3.77196	-3.04167	-2.92795	0.349532	-0.30783499999999997	0.47147100000000003	-0.8264100000000001	0.0	0.739074	-0.42850200000000005	-0.5197649999999999	0.0	-0.599172	-0.77078	-0.21654299999999999	0.0	0.778169	-1.6685299999999998	-3.82571	0.36039499999999997	
0	0.5788770000000001	-0.342997	-0.739766	0.0	0.770211	0.5278689999999999	0.357951	0.0	0.26772399999999996	-0.776986	0.569752	0.0	-3.82292	-3.17171	-2.91972	0.349557	-0.308127	0.471675	-0.826184	0.0	0.7376159999999999	-0.43000900000000003	-0.520591	0.0	-0.600817	-0.769814	-0.21541799999999997	0.0	0.755372	-1.66802	-3.8210300000000004	0.36041999999999996	
0	0.5744630000000001	-0.334281	-0.74716	0.0	0.763188	0.548687	0.341303	0.0	0.29586599999999996	-0.766289	0.5703199999999999	0.0	-3.8255	-3.31494	-2.91391	0.349339	-0.30804699999999996	0.47282399999999997	-0.825557	0.0	0.736848	-0.430332	-0.521411	0.0	-0.601799	-0.768929	-0.215837	0.0	0.747097	-1.67173	-3.8193099999999998	0.360502	
0	0.556488	-0.313707	-0.769356	0.0	0.760853	0.56443	0.32019000000000003	0.0	0.333802	-0.763549	0.552783	0.0	-3.7338	-3.4362199999999996	-2.88675	0.34947399999999995	-0.307601	0.473211	-0.8255020000000001	0.0	0.736279	-0.431172	-0.52152	0.0	-0.602723	-0.76822	-0.215786	0.0	0.744282	-1.6773	-3.8262300000000002	0.36040500000000003	
0	0.562427	-0.293443	-0.773025	0.0	0.763843	0.5423399999999999	0.34987199999999996	0.0	0.316575	-0.787247	0.5291710000000001	0.0	-3.64775	-3.5352900000000003	-2.82092	0.349407	-0.306361	0.47361000000000003	-0.825734	0.0	0.735404	-0.433029	-0.521217	0.0	-0.60442	-0.7669279999999999	-0.21563200000000002	0.0	0.7384390000000001	-1.6739400000000002	-3.82275	0.360342	
0	0.518592	-0.272905	-0.8103	0.0	0.801696	0.48464700000000005	0.34985900000000003	0.0	0.29723099999999997	-0.831048	0.470121	0.0	-3.56754	-3.59671	-2.77355	0.350425	-0.30508	0.47438400000000003	-0.8257639999999999	0.0	0.733359	-0.436148	-0.5214979999999999	0.0	-0.607545	-0.76468	-0.21483400000000002	0.0	0.73274	-1.67589	-3.82516	0.360347	
0	0.453716	-0.24795	-0.855957	0.0	0.855929	0.388604	0.341132	0.0	0.248045	-0.887416	0.388544	0.0	-3.4413400000000003	-3.5928699999999996	-2.73006	0.351258	-0.303992	0.474904	-0.825866	0.0	0.730982	-0.439659	-0.521887	0.0	-0.610946	-0.762342	-0.21349400000000002	0.0	0.726132	-1.6801	-3.8212599999999997	0.360354	
0	0.40577199999999997	-0.198054	-0.892258	0.0	0.9047850000000001	0.225134	0.361496	0.0	0.12928199999999998	-0.9539860000000001	0.27055	0.0	-3.30629	-3.591	-2.75924	0.34889899999999996	-0.302402	0.475628	-0.826033	0.0	0.728725	-0.443254	-0.522003	0.0	-0.614421	-0.7598060000000001	-0.212561	0.0	0.716004	-1.6917400000000002	-3.8243	0.360194	
0	0.39958699999999997	-0.182052	-0.898436	0.0	0.9127649999999999	0.169672	0.371579	0.0	0.0847922	-0.9685389999999999	0.23396999999999998	0.0	-3.26748	-3.5652199999999996	-2.7435099999999997	0.346572	-0.300267	0.473767	-0.8278790000000001	0.0	0.726402	-0.448942	-0.5203760000000001	0.0	-0.618207	-0.757625	-0.20934299999999997	0.0	0.6909770000000001	-1.6873	-3.8277699999999997	0.360162	
0	0.419533	-0.16955399999999998	-0.8917639999999999	0.0	0.906856	0.121628	0.403508	0.0	0.040047	-0.977987	0.204788	0.0	-3.2250900000000002	-3.5404199999999997	-2.7343	0.345812	-0.297605	0.46985699999999997	-0.8310629999999999	0.0	0.723875	-0.456502	-0.517312	0.0	-0.622444	-0.75554	-0.20426	0.0	0.6658029999999999	-1.68367	-3.82208	0.360106	
0	0.473054	-0.185441	-0.861296	0.0	0.879116	0.0348895	0.475329	0.0	-0.0580952	-0.982036	0.179529	0.0	-3.13072	-3.5315	-2.73278	0.34462	-0.293644	0.46617600000000003	-0.8345379999999999	0.0	0.719925	-0.46649300000000005	-0.5139	0.0	-0.6288739999999999	-0.751708	-0.198629	0.0	0.631379	-1.6846299999999998	-3.79725	0.359967	
0	0.49736400000000003	-0.18417	-0.8477680000000001	0.0	0.863999	0.0169358	0.503208	0.0	-0.078318	-0.982749	0.167546	0.0	-3.10961	-3.5546300000000004	-2.71956	0.340804	-0.292738	0.46538500000000005	-0.835297	0.0	0.719014	-0.46873100000000006	-0.513138	0.0	-0.630336	-0.7508050000000001	-0.197403	0.0	0.6192300000000001	-1.6877	-3.77923	0.36001700000000003	
0	0.523921	-0.202049	-0.827456	0.0	0.8465809999999999	0.016493599999999997	0.532004	0.0	-0.093843	-0.9792360000000001	0.17969200000000002	0.0	-3.0866599999999997	-3.56112	-2.7362	0.337889	-0.29302	0.46550600000000003	-0.835131	0.0	0.719104	-0.468343	-0.513366	0.0	-0.630103	-0.750972	-0.19751400000000002	0.0	0.612901	-1.6852	-3.77211	0.359877	
0	0.53523	-0.20799600000000001	-0.8186979999999999	0.0	0.8407	0.036881699999999996	0.540244	0.0	-0.0821735	-0.977434	0.194602	0.0	-3.09428	-3.5723	-2.74987	0.337521	-0.29239299999999996	0.46554700000000004	-0.8353280000000001	0.0	0.71968	-0.46808999999999995	-0.512789	0.0	-0.629735	-0.751105	-0.198178	0.0	0.612617	-1.68156	-3.7730900000000003	0.359954	
0	0.556176	-0.226056	-0.79973	0.0	0.8291639999999999	0.08588789999999999	0.552369	0.0	-0.0561789	-0.9703209999999999	0.235206	0.0	-3.10278	-3.59378	-2.78104	0.324077	-0.293161	0.465265	-0.835216	0.0	0.718091	-0.46959300000000004	-0.513641	0.0	-0.631191	-0.75034	-0.196437	0.0	0.6110909999999999	-1.68127	-3.76651	0.359473	
0	0.560408	-0.236931	-0.793603	0.0	0.825937	0.08883660000000002	0.556719	0.0	-0.06140269999999999	-0.967456	0.245475	0.0	-3.0483	-3.59165	-2.7492900000000002	0.242777	-0.293398	0.465398	-0.835058	0.0	0.718607	-0.468724	-0.513714	0.0	-0.6304930000000001	-0.750801	-0.196916	0.0	0.609223	-1.6844700000000001	-3.76225	0.35944499999999996	
0	0.545736	-0.30743200000000004	-0.779524	0.0	0.83562	0.130233	0.533647	0.0	-0.06254019999999999	-0.942616	0.327969	0.0	-3.0672	-3.60161	-2.70768	0.122313	-0.29573699999999997	0.466322	-0.833717	0.0	0.720513	-0.46415100000000004	-0.5151939999999999	0.0	-0.627216	-0.753066	-0.198725	0.0	0.621322	-1.6949599999999998	-3.76217	0.35927800000000004	
0	0.5489189999999999	-0.30679	-0.77754	0.0	0.8336100000000001	0.132473	0.536233	0.0	-0.0615081	-0.9425129999999999	0.32846	0.0	-3.0708900000000003	-3.60149	-2.7067	0.12206700000000001	-0.29583899999999996	0.467574	-0.8329790000000001	0.0	0.721739	-0.461826	-0.515567	0.0	-0.625757	-0.753718	-0.20084000000000002	0.0	0.62867	-1.69795	-3.7591099999999997	0.359281	
0	0.5575640000000001	-0.298523	-0.774601	0.0	0.830045	0.186829	0.525472	0.0	-0.012146899999999999	-0.9359379999999999	0.351956	0.0	-3.10122	-3.60034	-2.6773599999999997	0.122003	-0.297247	0.468429	-0.831997	0.0	0.722424	-0.459417	-0.51676	0.0	-0.6242979999999999	-0.754659	-0.201844	0.0	0.649948	-1.7180799999999998	-3.76062	0.35941999999999996	
0	0.574332	-0.285031	-0.7673979999999999	0.0	0.818588	0.20859499999999997	0.535166	0.0	0.00753677	-0.9355450000000001	0.353126	0.0	-3.10604	-3.5978	-2.67708	0.121898	-0.29808	0.470283	-0.8306520000000001	0.0	0.722474	-0.457575	-0.518321	0.0	-0.623843	-0.754625	-0.203373	0.0	0.660424	-1.7422099999999998	-3.76356	0.359468	
0	0.594586	-0.266399	-0.758616	0.0	0.8036399999999999	0.226374	0.55038	0.0	0.02511	-0.936903	0.348688	0.0	-3.1133900000000003	-3.59524	-2.67962	0.12193599999999999	-0.298185	0.471408	-0.829976	0.0	0.721843	-0.457556	-0.519217	0.0	-0.6245229999999999	-0.753935	-0.203846	0.0	0.6636529999999999	-1.757	-3.7597400000000003	0.35954	
0	0.6026090000000001	-0.246718	-0.758942	0.0	0.797046	0.23343000000000003	0.5569810000000001	0.0	0.0397422	-0.9405530000000001	0.337312	0.0	-3.12719	-3.5885199999999995	-2.66648	0.12191800000000001	-0.297202	0.471976	-0.8300059999999999	0.0	0.720959	-0.459005	-0.519165	0.0	-0.6260100000000001	-0.7526970000000001	-0.20385699999999998	0.0	0.666149	-1.7661799999999999	-3.7587	0.359646	
0	0.60282	-0.23993499999999998	-0.760946	0.0	0.796452	0.23793000000000003	0.555925	0.0	0.0476659	-0.9411799999999999	0.33452600000000005	0.0	-3.13274	-3.583	-2.65868	0.121867	-0.297103	0.471466	-0.8303309999999999	0.0	0.7199	-0.46066999999999997	-0.5191600000000001	0.0	-0.627275	-0.751999	-0.202542	0.0	0.661737	-1.76705	-3.75489	0.35970799999999997	
