0	-0.0196065	0.6907979999999999	-0.7227819999999999	0.0	0.479563	0.64083	0.599463	0.0	0.877289	-0.334866	-0.34384499999999996	0.0	-3.14253	1.6535900000000001	1.34376	0.0	0.146171	0.588591	-0.7951060000000001	0.0	0.384126	-0.774443	-0.502678	0.0	-0.911637	-0.231944	-0.33929499999999996	0.0	2.76666	1.75535	1.50816	0.0	
0	-0.027645799999999998	0.6838770000000001	-0.729074	0.0	0.46482799999999996	0.654496	0.5962970000000001	0.0	0.884969	-0.322409	-0.33597899999999997	0.0	-3.19815	1.61301	1.32194	0.0	0.150316	0.574001	-0.80494	0.0	0.36239699999999997	-0.789509	-0.49532299999999996	0.0	-0.919823	-0.21725300000000003	-0.326692	0.0	2.7801099999999996	1.6979099999999998	1.50071	0.0	
0	-0.027142400000000004	0.6831189999999999	-0.729803	0.0	0.45987700000000004	0.65676	0.597645	0.0	0.887568	-0.319398	-0.331977	0.0	-3.1964	1.58141	1.30528	0.0	0.162004	0.565	-0.80903	0.0	0.327808	-0.804114	-0.495925	0.0	-0.930751	-0.184865	-0.315481	0.0	2.7511400000000004	1.6410799999999999	1.4838200000000001	0.09182699999999999	
0	0.029400299999999997	0.7403029999999999	-0.6716310000000001	0.0	0.5087079999999999	0.567314	0.647588	0.0	0.8604370000000001	-0.360703	-0.359919	0.0	-3.1545400000000003	1.55005	1.20543	0.352781	0.123696	0.607172	-0.784883	0.0	0.346564	-0.7675850000000001	-0.5391729999999999	0.0	-0.9298350000000001	-0.20531799999999997	-0.305371	0.0	2.6366	1.59596	1.45444	0.359101	
0	0.0433541	0.746546	-0.66392	0.0	0.5196270000000001	0.5507350000000001	0.653207	0.0	0.853292	-0.37331	-0.36404899999999996	0.0	-3.0910599999999997	1.48682	1.15505	0.359116	0.113945	0.621715	-0.774911	0.0	0.370195	-0.7503890000000001	-0.547606	0.0	-0.92194	-0.224471	-0.315659	0.0	2.6192	1.57374	1.42498	0.358682	
0	0.042203500000000005	0.746092	-0.664505	0.0	0.517361	0.552663	0.6533770000000001	0.0	0.854726	-0.37136399999999997	-0.362675	0.0	-3.05999	1.47325	1.12932	0.358121	0.117176	0.6149180000000001	-0.779837	0.0	0.369218	-0.755935	-0.5405939999999999	0.0	-0.921927	-0.22458499999999998	-0.315616	0.0	2.64578	1.60656	1.39852	0.357214	
0	0.04782619999999999	0.737838	-0.673281	0.0	0.5314770000000001	0.551916	0.6425890000000001	0.0	0.845721	-0.38856599999999997	-0.365748	0.0	-3.04966	1.46225	1.12671	0.359596	0.11330699999999999	0.614105	-0.781048	0.0	0.382037	-0.752603	-0.5363180000000001	0.0	-0.917175	-0.237621	-0.319886	0.0	2.6513400000000003	1.62859	1.37642	0.358022	
0	0.07252560000000001	0.703183	-0.7073	0.0	0.580645	0.546828	0.603184	0.0	0.81092	-0.454437	-0.368641	0.0	-3.05075	1.3821	1.12465	0.361917	0.07563919999999999	0.592503	-0.802009	0.0	0.443032	-0.740534	-0.505304	0.0	-0.893309	-0.31709499999999996	-0.318511	0.0	2.65172	1.59952	1.3301	0.359752	
0	0.167831	0.650727	-0.740532	0.0	0.62503	0.510664	0.59039	0.0	0.7623449999999999	-0.56194	-0.321019	0.0	-3.0662700000000003	1.26114	1.13021	0.362651	-0.0549632	0.589042	-0.806232	0.0	0.530983	-0.666571	-0.523203	0.0	-0.845598	-0.45685200000000004	-0.276134	0.0	2.65752	1.46928	1.27391	0.360538	
0	0.25303600000000004	0.601454	-0.757777	0.0	0.641415	0.48208100000000004	0.596812	0.0	0.7242649999999999	-0.637065	-0.263798	0.0	-3.08968	1.15357	1.05562	0.360404	-0.121813	0.591508	-0.797045	0.0	0.579799	-0.609367	-0.5408390000000001	0.0	-0.805602	-0.528007	-0.268727	0.0	2.70133	1.40845	0.9954799999999999	0.361496	
0	0.364746	0.512368	-0.777457	0.0	0.675186	0.429422	0.5997680000000001	0.0	0.641159	-0.743691	-0.189314	0.0	-3.08334	0.9128870000000001	0.8323959999999999	0.35823699999999997	-0.213546	0.56635	-0.7960189999999999	0.0	0.6147199999999999	-0.5553899999999999	-0.560056	0.0	-0.759288	-0.608926	-0.22954499999999997	0.0	2.70254	1.16382	0.531501	0.362035	
0	0.401525	0.46574099999999996	-0.788583	0.0	0.706232	0.390757	0.590377	0.0	0.583108	-0.7939729999999999	-0.172023	0.0	-3.1021799999999997	0.759306	0.718489	0.357371	-0.262339	0.531459	-0.805438	0.0	0.630085	-0.537837	-0.5601109999999999	0.0	-0.73087	-0.654433	-0.193769	0.0	2.68123	0.984352	0.376313	0.361536	
0	0.45128900000000005	0.358471	-0.8172119999999999	0.0	0.773725	0.299095	0.558473	0.0	0.444621	-0.884331	-0.142379	0.0	-3.16511	0.19988	0.216783	0.35433899999999996	-0.328781	0.43179700000000004	-0.8399139999999999	0.0	0.677715	-0.5115149999999999	-0.528257	0.0	-0.657728	-0.7429020000000001	-0.12445899999999999	0.0	2.61928	0.178866	-0.20913299999999999	0.361123	
0	0.45699700000000004	0.332669	-0.824915	0.0	0.803427	0.243552	0.543312	0.0	0.381653	-0.911051	-0.155972	0.0	-3.17199	-0.00057723	0.0332536	0.354016	-0.362427	0.394423	-0.8444389999999999	0.0	0.7033699999999999	-0.478696	-0.525472	0.0	-0.611487	-0.784399	-0.103933	0.0	2.6192900000000003	-0.15108	-0.36401700000000003	0.360508	
0	0.445697	0.318377	-0.8366540000000001	0.0	0.831593	0.198714	0.5186189999999999	0.0	0.331371	-0.926903	-0.17619400000000002	0.0	-3.2096	-0.220942	-0.263816	0.352145	-0.376029	0.386644	-0.8420860000000001	0.0	0.728491	-0.43825600000000003	-0.526529	0.0	-0.572628	-0.811443	-0.11687	0.0	2.64376	-0.44615	-0.47763100000000003	0.360387	
0	0.421318	0.293561	-0.858087	0.0	0.8616870000000001	0.165482	0.479699	0.0	0.282819	-0.941508	-0.18323699999999998	0.0	-3.2858300000000003	-0.391701	-0.515305	0.351299	-0.36694499999999997	0.34320300000000004	-0.864617	0.0	0.761337	-0.42327299999999995	-0.49112700000000004	0.0	-0.534525	-0.838482	-0.105976	0.0	2.73739	-0.730279	-0.522671	0.359919	
0	0.372834	0.289636	-0.8815360000000001	0.0	0.886333	0.169993	0.430716	0.0	0.274606	-0.9419200000000001	-0.19333399999999998	0.0	-3.29463	-0.496173	-0.624101	0.350456	-0.34172399999999997	0.30256	-0.8897649999999999	0.0	0.7964479999999999	-0.409356	-0.445083	0.0	-0.498895	-0.8607469999999999	-0.101087	0.0	2.8369	-0.9465450000000001	-0.5313140000000001	0.359844	
0	0.27273600000000003	0.295385	-0.9156219999999999	0.0	0.9327690000000001	0.151977	0.326872	0.0	0.23570700000000003	-0.943213	-0.23407600000000003	0.0	-3.30033	-0.5378149999999999	-0.758146	0.349321	-0.23865	0.25061	-0.938212	0.0	0.8474959999999999	-0.41795	-0.32721500000000003	0.0	-0.474129	-0.8732200000000001	-0.112648	0.0	2.90771	-1.04895	-0.5905050000000001	0.359031	
0	0.225316	0.31237	-0.922853	0.0	0.947415	0.150679	0.282315	0.0	0.227242	-0.937934	-0.261994	0.0	-3.26893	-0.542534	-0.819276	0.348963	-0.18759800000000001	0.21700500000000003	-0.957975	0.0	0.8724459999999999	-0.411262	-0.26400999999999997	0.0	-0.45127	-0.885309	-0.112173	0.0	2.91701	-1.05456	-0.5889909999999999	0.35865199999999997	
0	0.20293	0.314854	-0.927193	0.0	0.956461	0.13911099999999998	0.256575	0.0	0.209767	-0.93889	-0.272916	0.0	-3.26437	-0.553566	-0.867843	0.349244	-0.09756569999999999	0.189334	-0.9770540000000001	0.0	0.89076	-0.42124799999999996	-0.170578	0.0	-0.443878	-0.886963	-0.127552	0.0	2.9447200000000002	-0.998948	-0.635302	0.357714	
0	0.188166	0.31977300000000003	-0.928622	0.0	0.9608770000000001	0.13572599999999999	0.24144000000000002	0.0	0.203244	-0.937723	-0.281724	0.0	-3.27677	-0.520003	-0.9600350000000001	0.349505	-0.073042	0.179679	-0.98101	0.0	0.885518	-0.44084399999999996	-0.146676	0.0	-0.45882700000000004	-0.879416	-0.126909	0.0	2.93643	-0.95499	-0.6933239999999999	0.358001	
0	0.17976199999999998	0.32059499999999996	-0.930003	0.0	0.962882	0.13617100000000001	0.23305900000000002	0.0	0.20135699999999998	-0.937378	-0.28421599999999997	0.0	-3.32312	-0.4842	-0.978173	0.349925	-0.029311400000000005	0.158859	-0.986866	0.0	0.8741180000000001	-0.47479899999999997	-0.102392	0.0	-0.484829	-0.8656389999999999	-0.124944	0.0	2.88468	-0.910755	-0.6961689999999999	0.35775999999999997	
0	0.173285	0.317177	-0.932401	0.0	0.963383	0.142094	0.22738000000000003	0.0	0.20460899999999999	-0.9376610000000001	-0.28094	0.0	-3.34481	-0.46415500000000004	-0.9531790000000001	0.350696	0.0188195	0.17433800000000002	-0.984506	0.0	0.8538	-0.515183	-0.07490830000000001	0.0	-0.5202600000000001	-0.8391620000000001	-0.158545	0.0	2.83869	-0.780996	-0.764834	0.35836399999999996	
0	0.170699	0.315065	-0.933593	0.0	0.9623200000000001	0.15023	0.22665100000000002	0.0	0.211664	-0.937105	-0.277549	0.0	-3.34968	-0.46140600000000004	-0.916085	0.35128200000000004	0.05035030000000001	0.183121	-0.9818	0.0	0.8389540000000001	-0.541114	-0.0579014	0.0	-0.5418689999999999	-0.8207700000000001	-0.180876	0.0	2.8102400000000003	-0.6777529999999999	-0.8693489999999999	0.358632	
0	0.16952	0.31401100000000004	-0.934163	0.0	0.9617459999999999	0.15426099999999998	0.226379	0.0	0.215191	-0.936803	-0.27584899999999996	0.0	-3.3443	-0.463995	-0.904898	0.351543	0.06000830000000001	0.185655	-0.9807809999999999	0.0	0.8336180000000001	-0.549786	-0.053066300000000004	0.0	-0.549072	-0.814412	-0.187757	0.0	2.79877	-0.636215	-0.894323	0.358634	
0	0.169214	0.312668	-0.9346690000000001	0.0	0.958981	0.166598	0.22934699999999997	0.0	0.22742300000000001	-0.9351389999999999	-0.271652	0.0	-3.3170300000000004	-0.475521	-0.88335	0.352038	0.0735452	0.1855	-0.9798879999999999	0.0	0.830334	-0.555616	-0.0428616	0.0	-0.552392	-0.8104819999999999	-0.19489	0.0	2.77616	-0.5648920000000001	-0.91999	0.358746	
0	0.169196	0.312587	-0.934699	0.0	0.958865	0.16711600000000001	0.229458	0.0	0.227929	-0.9350729999999999	-0.271453	0.0	-3.3183300000000004	-0.47466499999999995	-0.885497	0.352056	0.0735085	0.185646	-0.9798629999999999	0.0	0.83031	-0.555643	-0.0429833	0.0	-0.552434	-0.81043	-0.19498800000000002	0.0	2.77773	-0.571009	-0.9174379999999999	0.358817	
0	0.169196	0.31258800000000003	-0.9346979999999999	0.0	0.958866	0.16710899999999998	0.22945700000000002	0.0	0.22792199999999999	-0.935074	-0.271456	0.0	-3.31837	-0.474656	-0.885516	0.352056	0.0735002	0.185645	-0.979864	0.0	0.830312	-0.5556399999999999	-0.042989099999999995	0.0	-0.5524319999999999	-0.810433	-0.194983	0.0	2.77776	-0.571074	-0.9174120000000001	0.358817	
0	0.169196	0.31258800000000003	-0.9346979999999999	0.0	0.958866	0.16710899999999998	0.22945700000000002	0.0	0.22792199999999999	-0.935074	-0.271456	0.0	-3.31837	-0.474656	-0.885517	0.352056	0.0735002	0.185645	-0.979864	0.0	0.830311	-0.555639	-0.0429892	0.0	-0.5524319999999999	-0.810433	-0.194983	0.0	2.77776	-0.571074	-0.9174120000000001	0.35881599999999997	
0	0.16919700000000001	0.31258800000000003	-0.9346979999999999	0.0	0.958866	0.16710899999999998	0.22945700000000002	0.0	0.22792199999999999	-0.935074	-0.271456	0.0	-3.31837	-0.474656	-0.885517	0.352056	0.0735002	0.185645	-0.979864	0.0	0.830311	-0.555639	-0.0429892	0.0	-0.5524319999999999	-0.810433	-0.194983	0.0	2.77776	-0.571074	-0.9174120000000001	0.35881599999999997	
0	0.169196	0.31258800000000003	-0.9346979999999999	0.0	0.958866	0.16710899999999998	0.22945700000000002	0.0	0.22792199999999999	-0.935074	-0.271456	0.0	-3.31837	-0.474656	-0.885517	0.352056	0.0735002	0.185645	-0.979864	0.0	0.830311	-0.555639	-0.0429892	0.0	-0.5524319999999999	-0.810433	-0.194983	0.0	2.77776	-0.571074	-0.9174120000000001	0.35881599999999997	
0	0.16919700000000001	0.31258800000000003	-0.9346979999999999	0.0	0.958866	0.16710899999999998	0.22945700000000002	0.0	0.22792199999999999	-0.935074	-0.271456	0.0	-3.31837	-0.474656	-0.885516	0.352056	0.0735002	0.185645	-0.979864	0.0	0.830311	-0.555639	-0.0429892	0.0	-0.5524319999999999	-0.810433	-0.194983	0.0	2.77776	-0.571074	-0.9174120000000001	0.35881599999999997	
0	0.16919700000000001	0.31258800000000003	-0.9346979999999999	0.0	0.958866	0.16710899999999998	0.22945700000000002	0.0	0.22792199999999999	-0.935074	-0.271456	0.0	-3.31837	-0.474656	-0.885517	0.352056	0.0735002	0.185645	-0.979864	0.0	0.830311	-0.555639	-0.0429892	0.0	-0.5524319999999999	-0.810433	-0.194983	0.0	2.77776	-0.571074	-0.9174120000000001	0.35881599999999997	
0	0.16919700000000001	0.31258800000000003	-0.9346979999999999	0.0	0.958866	0.16710899999999998	0.22945700000000002	0.0	0.22792199999999999	-0.935074	-0.271456	0.0	-3.31837	-0.474656	-0.885517	0.352056	0.0735002	0.185645	-0.979864	0.0	0.830311	-0.555639	-0.0429892	0.0	-0.5524319999999999	-0.810433	-0.194983	0.0	2.77776	-0.571075	-0.9174120000000001	0.35881599999999997	
0	0.16919700000000001	0.31258800000000003	-0.9346979999999999	0.0	0.958866	0.16710899999999998	0.22945700000000002	0.0	0.22792199999999999	-0.935074	-0.271456	0.0	-3.31837	-0.474656	-0.885517	0.352056	0.0735002	0.185645	-0.979864	0.0	0.830311	-0.555639	-0.0429892	0.0	-0.5524319999999999	-0.810433	-0.194983	0.0	2.77776	-0.571074	-0.9174120000000001	0.35881599999999997	
0	0.16919700000000001	0.31258800000000003	-0.9346979999999999	0.0	0.958866	0.16710899999999998	0.22945700000000002	0.0	0.22792199999999999	-0.935074	-0.271456	0.0	-3.31837	-0.474656	-0.885517	0.352056	0.0735002	0.185645	-0.979864	0.0	0.830311	-0.555639	-0.0429892	0.0	-0.5524319999999999	-0.810433	-0.194983	0.0	2.77776	-0.571074	-0.9174110000000001	0.35881599999999997	
0	0.16919700000000001	0.31258800000000003	-0.9346979999999999	0.0	0.958866	0.16710899999999998	0.22945700000000002	0.0	0.22792199999999999	-0.935074	-0.271456	0.0	-3.31837	-0.474656	-0.885517	0.352056	0.0735002	0.185645	-0.979864	0.0	0.830312	-0.555639	-0.042989099999999995	0.0	-0.5524319999999999	-0.810433	-0.194983	0.0	2.77776	-0.571074	-0.9174120000000001	0.358817	
0	0.16919700000000001	0.31258800000000003	-0.9346979999999999	0.0	0.958866	0.16710899999999998	0.22945700000000002	0.0	0.22792199999999999	-0.935074	-0.271456	0.0	-3.31837	-0.474656	-0.885517	0.352056	0.0735002	0.185645	-0.979864	0.0	0.830311	-0.555639	-0.0429892	0.0	-0.5524319999999999	-0.810433	-0.194983	0.0	2.77776	-0.571075	-0.9174120000000001	0.35881599999999997	
0	0.16919700000000001	0.31258800000000003	-0.9346979999999999	0.0	0.958866	0.16710899999999998	0.22945700000000002	0.0	0.22792199999999999	-0.935074	-0.271456	0.0	-3.31837	-0.474656	-0.885517	0.352056	0.0735003	0.185645	-0.979864	0.0	0.830311	-0.555639	-0.0429892	0.0	-0.5524319999999999	-0.8104319999999999	-0.194983	0.0	2.77776	-0.571074	-0.9174120000000001	0.35881599999999997	
0	0.16919700000000001	0.31258800000000003	-0.9346979999999999	0.0	0.958866	0.16710899999999998	0.22945700000000002	0.0	0.22792199999999999	-0.935074	-0.271456	0.0	-3.31837	-0.474656	-0.885517	0.352056	0.0735003	0.185645	-0.979864	0.0	0.830311	-0.555639	-0.0429892	0.0	-0.5524319999999999	-0.810433	-0.194983	0.0	2.77776	-0.571074	-0.9174120000000001	0.35881599999999997	
0	0.16919700000000001	0.31258800000000003	-0.9346979999999999	0.0	0.958866	0.16710899999999998	0.22945700000000002	0.0	0.22792199999999999	-0.935074	-0.271456	0.0	-3.31837	-0.474656	-0.885517	0.352056	0.0735002	0.185645	-0.979864	0.0	0.830311	-0.555639	-0.0429892	0.0	-0.5524319999999999	-0.810433	-0.194983	0.0	2.77776	-0.571074	-0.9174120000000001	0.35881599999999997	
0	0.16919700000000001	0.31258800000000003	-0.9346979999999999	0.0	0.958866	0.16710899999999998	0.22945700000000002	0.0	0.22792199999999999	-0.935074	-0.271456	0.0	-3.31837	-0.474656	-0.885517	0.352056	0.0735002	0.185645	-0.979864	0.0	0.830311	-0.555639	-0.0429892	0.0	-0.5524319999999999	-0.810433	-0.194983	0.0	2.77776	-0.571074	-0.9174120000000001	0.35881599999999997	
0	0.16919700000000001	0.31258800000000003	-0.9346979999999999	0.0	0.958866	0.16710899999999998	0.22945700000000002	0.0	0.22792199999999999	-0.935074	-0.271456	0.0	-3.31837	-0.474656	-0.885517	0.352056	0.0735002	0.185645	-0.979864	0.0	0.830311	-0.555639	-0.0429892	0.0	-0.5524319999999999	-0.810433	-0.194983	0.0	2.77776	-0.571074	-0.9174120000000001	0.35881599999999997	
0	0.16919700000000001	0.31258800000000003	-0.9346979999999999	0.0	0.958866	0.16710899999999998	0.22945700000000002	0.0	0.22792199999999999	-0.935074	-0.271456	0.0	-3.31837	-0.474656	-0.885517	0.352056	0.0735002	0.185645	-0.979864	0.0	0.830311	-0.555639	-0.0429892	0.0	-0.5524319999999999	-0.810433	-0.194983	0.0	2.77776	-0.571074	-0.9174120000000001	0.35881599999999997	
0	0.16919700000000001	0.31258800000000003	-0.9346979999999999	0.0	0.958866	0.16710899999999998	0.22945700000000002	0.0	0.22792199999999999	-0.935074	-0.271456	0.0	-3.31837	-0.474656	-0.885517	0.352056	0.0735002	0.185645	-0.979864	0.0	0.830311	-0.555639	-0.0429892	0.0	-0.5524319999999999	-0.810433	-0.194983	0.0	2.77776	-0.571074	-0.9174120000000001	0.35881599999999997	
0	0.16919700000000001	0.31258800000000003	-0.9346979999999999	0.0	0.958866	0.16710899999999998	0.22945700000000002	0.0	0.22792199999999999	-0.935074	-0.271456	0.0	-3.31837	-0.474656	-0.885517	0.352056	0.0735002	0.185645	-0.979864	0.0	0.830311	-0.555639	-0.0429892	0.0	-0.5524319999999999	-0.810433	-0.194983	0.0	2.77776	-0.571074	-0.9174120000000001	0.35881599999999997	
0	0.11047699999999999	0.34266399999999997	-0.93294	0.0	0.8790549999999999	0.404301	0.25259299999999996	0.0	0.463743	-0.8480110000000001	-0.256554	0.0	-3.25959	-0.633975	-1.0053	0.353008	-0.0107374	0.325907	-0.945341	0.0	0.735908	-0.637491	-0.228134	0.0	-0.676996	-0.698134	-0.23299299999999998	0.0	2.62458	-0.6166699999999999	-0.987476	0.35733200000000004	
0	0.11938900000000001	0.320265	-0.939775	0.0	0.884763	0.395162	0.247067	0.0	0.450491	-0.860975	-0.236181	0.0	-3.16728	-0.732154	-1.11989	0.352615	-0.0152782	0.321427	-0.9468110000000001	0.0	0.728312	-0.645211	-0.230791	0.0	-0.685075	-0.6931	-0.224242	0.0	2.50343	-0.703858	-1.0488899999999999	0.35748	
0	0.133884	0.30988699999999997	-0.9413	0.0	0.8958079999999999	0.36835500000000004	0.24868099999999999	0.0	0.423796	-0.876518	-0.22828299999999999	0.0	-3.09137	-0.8286	-1.2312100000000001	0.352598	-0.0283738	0.325683	-0.945053	0.0	0.728694	-0.640437	-0.24258400000000002	0.0	-0.6842520000000001	-0.695537	-0.219151	0.0	2.3897	-0.786849	-1.13084	0.357594	
0	0.15725899999999998	0.293007	-0.943089	0.0	0.9025	0.345083	0.257704	0.0	0.400953	-0.8916639999999999	-0.210171	0.0	-3.0280299999999998	-0.9950120000000001	-1.38168	0.352116	-0.0406194	0.335566	-0.941141	0.0	0.723965	-0.6392939999999999	-0.25918800000000003	0.0	-0.6886399999999999	-0.69188	-0.21696999999999997	0.0	2.24344	-0.879192	-1.2649299999999999	0.357315	
0	0.19131700000000001	0.257494	-0.9471510000000001	0.0	0.90907	0.317394	0.269913	0.0	0.370121	-0.912665	-0.17335699999999998	0.0	-2.9685599999999996	-1.23635	-1.54796	0.35186799999999996	-0.0547832	0.335545	-0.9404299999999999	0.0	0.709779	-0.649357	-0.273037	0.0	-0.702291	-0.6824560000000001	-0.20258900000000002	0.0	2.07309	-0.9826469999999999	-1.4938	0.357489	
0	0.22128	0.22085300000000002	-0.949873	0.0	0.91979	0.276408	0.27854	0.0	0.324069	-0.93532	-0.141975	0.0	-2.93581	-1.4574200000000002	-1.69687	0.35171399999999997	-0.0750864	0.34239899999999995	-0.93655	0.0	0.6984779999999999	-0.652245	-0.294457	0.0	-0.711681	-0.676269	-0.190183	0.0	1.93235	-1.07785	-1.6807400000000001	0.35787199999999997	
0	0.249237	0.15448900000000002	-0.956041	0.0	0.942157	0.18976099999999999	0.276281	0.0	0.224102	-0.9696	-0.0982571	0.0	-2.9283799999999998	-1.7367400000000002	-1.85022	0.351014	-0.08279260000000001	0.342306	-0.935934	0.0	0.686037	-0.661624	-0.302667	0.0	-0.722841	-0.667144	-0.180057	0.0	1.79008	-1.19156	-1.89565	0.358092	
0	0.27870300000000003	0.0939995	-0.955766	0.0	0.953483	0.09195249999999999	0.287081	0.0	0.114871	-0.991317	-0.0639994	0.0	-2.95899	-1.9839900000000001	-2.00889	0.35128000000000004	-0.09159930000000001	0.341596	-0.935373	0.0	0.680122	-0.664642	-0.309329	0.0	-0.727354	-0.664502	-0.17144700000000002	0.0	1.70196	-1.2781799999999999	-2.04277	0.358335	
0	0.29933699999999996	0.0297955	-0.9536819999999999	0.0	0.95319	0.0354397	0.300289	0.0	0.0427455	-0.998928	-0.0177923	0.0	-3.08074	-2.2031400000000003	-2.1402099999999997	0.351231	-0.103147	0.3386	-0.9352600000000001	0.0	0.6789930000000001	-0.663147	-0.314969	0.0	-0.726863	-0.667523	-0.16150499999999998	0.0	1.6646	-1.36485	-2.15865	0.358377	
0	0.319589	-0.023213499999999998	-0.9472719999999999	0.0	0.9474030000000001	-0.0101398	0.31988099999999997	0.0	-0.0170305	-0.9996790000000001	0.018751900000000002	0.0	-3.16194	-2.3329400000000002	-2.22569	0.351159	-0.10762100000000001	0.342916	-0.9331809999999999	0.0	0.676195	-0.6628430000000001	-0.321558	0.0	-0.72882	-0.665619	-0.16054200000000002	0.0	1.6490099999999999	-1.4137600000000001	-2.23864	0.358455	
0	0.34917600000000004	-0.0706314	-0.934391	0.0	0.934694	-0.044526199999999995	0.352655	0.0	-0.0665133	-0.996508	0.0504711	0.0	-3.25143	-2.4186400000000003	-2.31488	0.350398	-0.11193499999999999	0.348526	-0.930591	0.0	0.6795979999999999	-0.6563859999999999	-0.327575	0.0	-0.724995	-0.669095	-0.163385	0.0	1.65363	-1.42616	-2.29155	0.358227	
0	0.361219	-0.0912795	-0.928003	0.0	0.9277780000000001	-0.0646452	0.367491	0.0	-0.09353510000000001	-0.993725	0.061335900000000006	0.0	-3.28024	-2.43698	-2.38466	0.350392	-0.113876	0.35073699999999997	-0.929525	0.0	0.6792779999999999	-0.6552640000000001	-0.330469	0.0	-0.724992	-0.669038	-0.163629	0.0	1.68182	-1.41924	-2.32143	0.358522	
0	0.383741	-0.101858	-0.9178059999999999	0.0	0.9161040000000001	-0.0830453	0.392246	0.0	-0.116173	-0.9913270000000001	0.061444399999999996	0.0	-3.32845	-2.45791	-2.46417	0.349962	-0.11056600000000001	0.34949	-0.930393	0.0	0.6778029999999999	-0.658141	-0.327771	0.0	-0.726883	-0.666863	-0.164117	0.0	1.7033599999999998	-1.4181	-2.3425700000000003	0.358346	
0	0.397941	-0.09668760000000001	-0.9123020000000001	0.0	0.91035	-0.0815271	0.40573000000000004	0.0	-0.113606	-0.99197	0.0555765	0.0	-3.3508699999999996	-2.4693400000000003	-2.49274	0.350003	-0.10848	0.347961	-0.931212	0.0	0.675711	-0.661261	-0.325805	0.0	-0.729141	-0.664573	-0.16338699999999998	0.0	1.7112599999999998	-1.4219600000000001	-2.34852	0.358408	
0	0.420204	-0.10855799999999999	-0.900913	0.0	0.9017069999999999	-0.061372800000000005	0.42796999999999996	0.0	-0.101751	-0.992194	0.07209839999999999	0.0	-3.3451	-2.5712	-2.58632	0.3502	-0.10743699999999999	0.347466	-0.931517	0.0	0.67285	-0.664361	-0.325418	0.0	-0.7319359999999999	-0.661734	-0.162415	0.0	1.7022	-1.43381	-2.3272	0.358426	
0	0.42689399999999994	-0.11115599999999999	-0.897444	0.0	0.899383	-0.0511789	0.434155	0.0	-0.09418939999999999	-0.992484	0.07812430000000001	0.0	-3.305	-2.64913	-2.6278599999999996	0.350583	-0.105841	0.346373	-0.932107	0.0	0.671475	-0.666485	-0.323913	0.0	-0.73343	-0.66017	-0.16203900000000002	0.0	1.6908400000000001	-1.4380899999999999	-2.32215	0.358306	
0	0.440439	-0.12032000000000001	-0.889683	0.0	0.8929549999999999	-0.0439246	0.447999	0.0	-0.09298200000000001	-0.991763	0.0880938	0.0	-3.25094	-2.73274	-2.63119	0.350495	-0.102362	0.34157600000000005	-0.934263	0.0	0.66857	-0.671814	-0.318873	0.0	-0.736571	-0.657261	-0.1596	0.0	1.6665900000000002	-1.43802	-2.33427	0.358067	
0	0.456614	-0.126574	-0.8806149999999999	0.0	0.8849969999999999	-0.0366436	0.464153	0.0	-0.09101870000000001	-0.9912799999999999	0.095286	0.0	-3.2119400000000002	-2.8059	-2.64405	0.350459	-0.09737430000000001	0.337231	-0.936373	0.0	0.665554	-0.677457	-0.313195	0.0	-0.739971	-0.6537029999999999	-0.158479	0.0	1.63897	-1.3993200000000001	-2.34455	0.358158	
0	0.476893	-0.134479	-0.868613	0.0	0.8736309999999999	-0.0361533	0.485245	0.0	-0.0966581	-0.9902569999999999	0.100243	0.0	-3.19614	-2.8789599999999997	-2.67443	0.350455	-0.09312949999999999	0.335364	-0.937474	0.0	0.661199	-0.683138	-0.310064	0.0	-0.744408	-0.648733	-0.158122	0.0	1.6232600000000001	-1.36543	-2.38523	0.358221	
0	0.5053380000000001	-0.162753	-0.847435	0.0	0.855195	-0.036666500000000005	0.517007	0.0	-0.11521700000000001	-0.985985	0.120657	0.0	-3.17821	-2.97154	-2.72817	0.349927	-0.094118	0.336968	-0.9368	0.0	0.657173	-0.68581	-0.312711	0.0	-0.74784	-0.645072	-0.1569	0.0	1.5836700000000001	-1.30825	-2.40789	0.35837199999999997	
0	0.525079	-0.174793	-0.83291	0.0	0.8415370000000001	-0.0393147	0.538768	0.0	-0.126918	-0.98382	0.126451	0.0	-3.15815	-3.00513	-2.74165	0.34973000000000004	-0.09461489999999999	0.334439	-0.9376559999999999	0.0	0.651613	-0.691275	-0.312312	0.0	-0.752628	-0.640538	-0.15252000000000002	0.0	1.5502200000000002	-1.28808	-2.44141	0.358423	
0	0.543829	-0.187244	-0.81804	0.0	0.8278260000000001	-0.040218800000000006	0.559541	0.0	-0.13767100000000002	-0.98149	0.133133	0.0	-3.1192	-3.0636099999999997	-2.7673200000000002	0.34960399999999997	-0.0965568	0.33260500000000004	-0.93811	0.0	0.6474439999999999	-0.69487	-0.313004	0.0	-0.755972	-0.6375970000000001	-0.148248	0.0	1.49031	-1.27693	-2.45471	0.358486	
0	0.568491	-0.20753600000000003	-0.796082	0.0	0.8091520000000001	-0.0337651	0.5866279999999999	0.0	-0.148626	-0.9776440000000001	0.148733	0.0	-3.07482	-3.12317	-2.78497	0.34974099999999997	-0.0966693	0.331452	-0.938507	0.0	0.64391	-0.698191	-0.31290500000000004	0.0	-0.75897	-0.634562	-0.145932	0.0	1.43345	-1.26591	-2.4645200000000003	0.358435	
0	0.606758	-0.22471300000000002	-0.762462	0.0	0.779816	-0.0176208	0.625762	0.0	-0.154052	-0.974266	0.164543	0.0	-3.0722400000000003	-3.16165	-2.79944	0.34958	-0.0978816	0.330842	-0.9385959999999999	0.0	0.6409600000000001	-0.700516	-0.313765	0.0	-0.761308	-0.632314	-0.143489	0.0	1.41119	-1.25575	-2.47267	0.35848	
0	0.639951	-0.236636	-0.731072	0.0	0.753021	0.00363821	0.657987	0.0	-0.153044	-0.971592	0.18052	0.0	-3.07609	-3.19463	-2.80749	0.34981999999999996	-0.099189	0.33164899999999997	-0.938174	0.0	0.63958	-0.701026	-0.315436	0.0	-0.7622979999999999	-0.631325	-0.142583	0.0	1.3993799999999998	-1.24937	-2.4904900000000003	0.358451	
0	0.658766	-0.254997	-0.707816	0.0	0.736911	0.029091900000000004	0.6753640000000001	0.0	-0.151624	-0.9665040000000001	0.207075	0.0	-3.07092	-3.22447	-2.78622	0.349508	-0.100327	0.33378800000000003	-0.9372940000000001	0.0	0.638613	-0.700786	-0.31792	0.0	-0.7629600000000001	-0.630464	-0.142854	0.0	1.39304	-1.2494299999999998	-2.51171	0.358541	
0	0.682361	-0.277508	-0.676293	0.0	0.713427	0.0510856	0.698865	0.0	-0.159392	-0.959364	0.23284000000000002	0.0	-3.09154	-3.25631	-2.7939599999999998	0.349524	-0.100698	0.335465	-0.9366549999999999	0.0	0.638418	-0.7002729999999999	-0.319439	0.0	-0.763075	-0.6301439999999999	-0.143651	0.0	1.39525	-1.24864	-2.53266	0.358498	
0	0.706006	-0.29831399999999997	-0.642312	0.0	0.688583	0.0771278	0.7210449999999999	0.0	-0.16555699999999998	-0.9513469999999999	0.259866	0.0	-3.1519999999999997	-3.28482	-2.74682	0.34933600000000004	-0.100886	0.337127	-0.9360379999999999	0.0	0.637354	-0.7005279999999999	-0.320999	0.0	-0.763939	-0.628972	-0.144196	0.0	1.39396	-1.24984	-2.54094	0.358597	
0	0.717823	-0.31555900000000003	-0.620607	0.0	0.675195	0.09808560000000001	0.731089	0.0	-0.169829	-0.943823	0.283472	0.0	-3.21844	-3.30606	-2.71318	0.349219	-0.0998576	0.33637	-0.936421	0.0	0.635401	-0.70268	-0.320166	0.0	-0.765698	-0.626974	-0.143562	0.0	1.39198	-1.2534100000000001	-2.54892	0.358522	
0	0.72239	-0.33369299999999996	-0.605642	0.0	0.670133	0.12186199999999998	0.732169	0.0	-0.170514	-0.9347719999999999	0.311651	0.0	-3.29831	-3.3348400000000002	-2.65076	0.348982	-0.0984671	0.336487	-0.936526	0.0	0.633696	-0.704421	-0.31972	0.0	-0.7672899999999999	-0.624955	-0.143868	0.0	1.37489	-1.25322	-2.54901	0.358511	
0	0.707545	-0.348428	-0.614799	0.0	0.68939	0.149126	0.708874	0.0	-0.155309	-0.9253969999999999	0.34571599999999997	0.0	-3.3710000000000004	-3.39413	-2.59266	0.348903	-0.0985462	0.33514499999999997	-0.936999	0.0	0.631101	-0.706963	-0.319241	0.0	-0.769416	-0.6228	-0.141842	0.0	1.36237	-1.24968	-2.5539099999999997	0.358628	
0	0.694689	-0.350192	-0.62831	0.0	0.707496	0.17498699999999998	0.684711	0.0	-0.129834	-0.9201879999999999	0.369321	0.0	-3.3977699999999995	-3.4319300000000004	-2.53357	0.34879	-0.0965292	0.334014	-0.9376120000000001	0.0	0.630409	-0.708461	-0.317283	0.0	-0.770238	-0.6217060000000001	-0.142179	0.0	1.35905	-1.24568	-2.56252	0.35848	
0	0.641636	-0.33758499999999997	-0.688723	0.0	0.7656069999999999	0.227602	0.601701	0.0	-0.0463704	-0.913364	0.404495	0.0	-3.40809	-3.49644	-2.45404	0.34878400000000004	-0.0961954	0.331243	-0.938629	0.0	0.626344	-0.71275	-0.31572100000000003	0.0	-0.7735890000000001	-0.618276	-0.138909	0.0	1.3407799999999999	-1.23587	-2.57117	0.358552	
0	0.610624	-0.329348	-0.720186	0.0	0.791836	0.24067	0.561314	0.0	-0.011540799999999999	-0.9130209999999999	0.407749	0.0	-3.3921900000000003	-3.5214	-2.42576	0.348985	-0.0975712	0.329702	-0.9390299999999999	0.0	0.625518	-0.713559	-0.315533	0.0	-0.774085	-0.618167	-0.13661199999999998	0.0	1.3280299999999998	-1.23604	-2.56334	0.358482	
0	0.5796140000000001	-0.324891	-0.747324	0.0	0.8144819999999999	0.26003000000000004	0.518656	0.0	0.0258204	-0.909302	0.415335	0.0	-3.3808599999999998	-3.5476400000000003	-2.40377	0.349304	-0.098071	0.33022199999999996	-0.938795	0.0	0.625993	-0.71287	-0.31614699999999996	0.0	-0.773637	-0.618684	-0.13680499999999998	0.0	1.32197	-1.23401	-2.5615200000000002	0.358513	
0	0.553268	-0.318861	-0.76956	0.0	0.831744	0.262248	0.489314	0.0	0.0457925	-0.910798	0.410304	0.0	-3.3778599999999996	-3.5554	-2.38972	0.349223	-0.0978927	0.32915700000000003	-0.9391870000000001	0.0	0.624905	-0.714145	-0.315421	0.0	-0.774539	-0.61778	-0.13578199999999999	0.0	1.32323	-1.23403	-2.5688400000000002	0.358437	
0	0.468475	-0.29484099999999996	-0.8328270000000001	0.0	0.8800110000000001	0.23915	0.41035200000000005	0.0	0.0781824	-0.9251360000000001	0.37149899999999997	0.0	-3.4005099999999997	-3.53471	-2.38738	0.349921	-0.0960821	0.32756399999999997	-0.939931	0.0	0.621725	-0.717685	-0.313666	0.0	-0.77732	-0.614516	-0.134698	0.0	1.31408	-1.23737	-2.55976	0.35848800000000003	
0	0.394754	-0.3052	-0.8666149999999999	0.0	0.9136920000000001	0.229596	0.33534	0.0	0.0966257	-0.9241959999999999	0.36949299999999996	0.0	-3.43022	-3.55441	-2.36835	0.349972	-0.09388010000000001	0.324403	-0.941249	0.0	0.620174	-0.720533	-0.310189	0.0	-0.778827	-0.612859	-0.133543	0.0	1.30236	-1.2403600000000001	-2.5605	0.358394	
0	0.279517	-0.314546	-0.9071549999999999	0.0	0.953094	0.205159	0.22253499999999998	0.0	0.11611400000000001	-0.9268069999999999	0.357137	0.0	-3.47476	-3.59082	-2.3349	0.34983800000000004	-0.0924675	0.321044	-0.9425399999999999	0.0	0.617121	-0.7243890000000001	-0.30728099999999997	0.0	-0.781416	-0.610075	-0.131141	0.0	1.26912	-1.245	-2.5544599999999997	0.358425	
0	0.140232	-0.330529	-0.93332	0.0	0.982583	0.16253900000000002	0.0900715	0.0	0.12193	-0.929695	0.347565	0.0	-3.51608	-3.6070300000000004	-2.3022	0.35039699999999996	-0.0917187	0.318092	-0.9436129999999999	0.0	0.613581	-0.7282890000000001	-0.30514600000000003	0.0	-0.784287	-0.606971	-0.128378	0.0	1.2457200000000002	-1.24719	-2.53641	0.35834699999999997	
0	0.0697567	-0.323323	-0.9437139999999999	0.0	0.989078	0.145546	0.023244900000000002	0.0	0.129839	-0.9350290000000001	0.329944	0.0	-3.51928	-3.62203	-2.28294	0.351566	-0.09121180000000001	0.318344	-0.943577	0.0	0.612757	-0.728971	-0.305173	0.0	-0.78499	-0.606019	-0.128577	0.0	1.23347	-1.2522	-2.52812	0.35835100000000003	
0	-0.00606728	-0.33512	-0.942156	0.0	0.992088	0.11613	-0.0476956	0.0	0.125396	-0.934991	0.331764	0.0	-3.5167900000000003	-3.6374400000000002	-2.30931	0.346885	-0.09134439999999999	0.319205	-0.9432729999999999	0.0	0.611426	-0.729685	-0.306135	0.0	-0.786012	-0.604705	-0.128518	0.0	1.2277200000000001	-1.2567700000000002	-2.52621	0.35836799999999996	
0	-0.044666500000000005	-0.338339	-0.9399639999999999	0.0	0.992441	0.092627	-0.0805011	0.0	0.114303	-0.9364540000000001	0.33164499999999997	0.0	-3.5068099999999998	-3.64302	-2.3191900000000003	0.345959	-0.09152610000000001	0.319983	-0.942992	0.0	0.6086739999999999	-0.731496	-0.307294	0.0	-0.7881239999999999	-0.6021	-0.127814	0.0	1.2282799999999998	-1.262	-2.52779	0.358439	
0	-0.0832308	-0.3158	-0.945168	0.0	0.986424	0.10862999999999999	-0.12315899999999999	0.0	0.141567	-0.9425870000000001	0.302471	0.0	-3.52777	-3.6348300000000004	-2.30761	0.346717	-0.0904262	0.318268	-0.943678	0.0	0.60606	-0.734316	-0.305732	0.0	-0.790263	-0.599572	-0.12648800000000002	0.0	1.2175	-1.2721200000000001	-2.51999	0.35832800000000004	
0	-0.0942707	-0.30745100000000003	-0.946883	0.0	0.9842299999999999	0.114219	-0.135076	0.0	0.14968099999999998	-0.944684	0.291835	0.0	-3.5320199999999997	-3.63248	-2.30251	0.348003	-0.08943179999999999	0.316714	-0.9442959999999999	0.0	0.6039939999999999	-0.736624	-0.304264	0.0	-0.791956	-0.5975600000000001	-0.125416	0.0	1.19433	-1.28635	-2.51416	0.35838400000000004	
0	-0.105308	-0.291296	-0.9508190000000001	0.0	0.9827	0.115997	-0.144377	0.0	0.152349	-0.949574	0.274041	0.0	-3.52999	-3.6299699999999997	-2.29008	0.350199	-0.0902088	0.31594	-0.9444809999999999	0.0	0.602399	-0.737887	-0.30436799999999997	0.0	-0.793082	-0.5964109999999999	-0.12375799999999999	0.0	1.1838	-1.2911	-2.51004	0.358375	
0	-0.136005	-0.255538	-0.9571850000000001	0.0	0.9784459999999999	0.116895	-0.170233	0.0	0.155391	-0.959706	0.234132	0.0	-3.52105	-3.62598	-2.26505	0.35428699999999996	-0.08954830000000001	0.31361500000000003	-0.945319	0.0	0.600598	-0.7401439999999999	-0.30244	0.0	-0.794521	-0.594839	-0.12207799999999999	0.0	1.1558899999999999	-1.3049	-2.48164	0.358231	
0	-0.147782	-0.230985	-0.961669	0.0	0.9801559999999999	0.0956811	-0.173605	0.0	0.132113	-0.968241	0.212261	0.0	-3.49854	-3.6282300000000003	-2.24697	0.35468299999999997	-0.08946389999999999	0.312131	-0.945817	0.0	0.6005510000000001	-0.740672	-0.301236	0.0	-0.794566	-0.594961	-0.12118699999999999	0.0	1.13929	-1.30534	-2.46497	0.358218	
0	-0.152505	-0.217484	-0.964076	0.0	0.979037	0.10002	-0.17743499999999998	0.0	0.135017	-0.9709260000000001	0.197671	0.0	-3.49625	-3.6268599999999998	-2.23642	0.357252	-0.0890577	0.31046999999999997	-0.9464020000000001	0.0	0.5999869999999999	-0.741718	-0.29978299999999997	0.0	-0.795037	-0.594527	-0.12022200000000001	0.0	1.135	-1.30625	-2.46298	0.358092	
0	-0.154648	-0.197249	-0.9680790000000001	0.0	0.978974	0.10133400000000001	-0.177035	0.0	0.13302	-0.975102	0.17743	0.0	-3.47761	-3.62535	-2.22105	0.359904	-0.0881315	0.30969	-0.9467450000000001	0.0	0.599468	-0.742572	-0.29870599999999997	0.0	-0.795532	-0.5938680000000001	-0.12020499999999999	0.0	1.12689	-1.30924	-2.4614599999999998	0.358034	
0	-0.146893	-0.17617	-0.9733379999999999	0.0	0.9784229999999999	0.118663	-0.169138	0.0	0.145296	-0.977182	0.154937	0.0	-3.46349	-3.62069	-2.1994700000000003	0.362556	-0.0877627	0.31009200000000003	-0.9466469999999999	0.0	0.5974109999999999	-0.744063	-0.299117	0.0	-0.7971189999999999	-0.591788	-0.119951	0.0	1.11853	-1.31395	-2.45748	0.358212	
0	-0.12408499999999999	-0.160313	-0.9792360000000001	0.0	0.978836	0.142072	-0.147294	0.0	0.162735	-0.9767879999999999	0.139292	0.0	-3.4570300000000005	-3.61611	-2.17751	0.36704000000000003	-0.0889791	0.309167	-0.946836	0.0	0.591629	-0.7483350000000001	-0.29994899999999997	0.0	-0.801285	-0.586865	-0.116326	0.0	1.09755	-1.31933	-2.4548900000000002	0.358217	
0	-0.110506	-0.152732	-0.9820700000000001	0.0	0.978569	0.15603	-0.134378	0.0	0.173757	-0.975873	0.132216	0.0	-3.45559	-3.6132800000000005	-2.1686099999999997	0.368373	-0.0910255	0.309027	-0.9466870000000001	0.0	0.589212	-0.749671	-0.301369	0.0	-0.8028350000000001	-0.5852310000000001	-0.113843	0.0	1.08751	-1.31891	-2.4502599999999997	0.358136	
0	-0.0946813	-0.141274	-0.985433	0.0	0.980231	0.159519	-0.11705	0.0	0.173731	-0.9770340000000001	0.123378	0.0	-3.45641	-3.60795	-2.15473	0.345969	-0.09389910000000001	0.309479	-0.946259	0.0	0.586234	-0.751023	-0.303799	0.0	-0.8046810000000001	-0.583256	-0.11090699999999999	0.0	1.0699	-1.32256	-2.4491400000000003	0.358195	
0	-0.066637	-0.145327	-0.987137	0.0	0.986866	0.13630899999999999	-0.08668619999999999	0.0	0.147153	-0.979949	0.13433499999999998	0.0	-3.3965	-3.58815	-2.16142	0.160755	-0.094316	0.31169	-0.945491	0.0	0.584414	-0.75153	-0.306046	0.0	-0.805956	-0.5814229999999999	-0.111275	0.0	1.0591	-1.3274700000000001	-2.46142	0.358135	
0	-0.054098	-0.15331199999999998	-0.9866959999999999	0.0	0.9932190000000001	0.0935686	-0.0689942	0.0	0.102902	-0.9837379999999999	0.14721099999999998	0.0	-3.3831800000000003	-3.5881300000000005	-2.1751400000000003	0.149791	-0.0944122	0.313298	-0.94495	0.0	0.58278	-0.752161	-0.307606	0.0	-0.807127	-0.5797399999999999	-0.111571	0.0	1.05586	-1.32877	-2.4695	0.357975	
0	-0.05058030000000001	-0.15121300000000001	-0.9872059999999999	0.0	0.992816	0.0997071	-0.0661402	0.0	0.10843299999999999	-0.98346	0.145084	0.0	-3.3761099999999997	-3.58796	-2.17942	0.149869	-0.097331	0.316294	-0.9436549999999999	0.0	0.581921	-0.751108	-0.31177699999999997	0.0	-0.8074	-0.5794779999999999	-0.110952	0.0	1.0468600000000001	-1.34104	-2.4599599999999997	0.358299	
0	-0.045769199999999996	-0.137492	-0.989445	0.0	0.9925149999999999	0.106003	-0.060641099999999996	0.0	0.113222	-0.984814	0.13161099999999998	0.0	-3.3822099999999997	-3.58583	-2.16905	0.15021199999999998	-0.0981207	0.316587	-0.943475	0.0	0.580943	-0.751525	-0.31259499999999996	0.0	-0.808009	-0.5787770000000001	-0.110179	0.0	1.0474700000000001	-1.34774	-2.46235	0.358123	
0	-0.0444407	-0.135157	-0.989827	0.0	0.992908	0.103381	-0.0586953	0.0	0.11026300000000001	-0.985416	0.129604	0.0	-3.37227	-3.5862199999999995	-2.17502	0.150179	-0.0997562	0.31787	-0.9428719999999999	0.0	0.580909	-0.750733	-0.314554	0.0	-0.807832	-0.579102	-0.10976300000000001	0.0	1.04728	-1.3603399999999999	-2.46513	0.358079	
0	-0.0377816	-0.13532	-0.990081	0.0	0.990643	0.124958	-0.0548819	0.0	0.131145	-0.9828899999999999	0.129333	0.0	-3.37804	-3.5843800000000003	-2.18092	0.149828	-0.10478	0.319995	-0.941607	0.0	0.581275	-0.748542	-0.319067	0.0	-0.806933	-0.580765	-0.107572	0.0	1.03806	-1.3796899999999999	-2.47701	0.357964	
0	-0.0130109	-0.12019200000000001	-0.9926659999999999	0.0	0.989583	0.14080299999999998	-0.030018700000000002	0.0	0.143378	-0.982715	0.11710699999999999	0.0	-3.31996	-3.5836099999999997	-2.17892	0.150095	-0.11123399999999999	0.320662	-0.9406399999999999	0.0	0.58029	-0.747437	-0.323421	0.0	-0.806778	-0.581819	-0.10293699999999999	0.0	1.0182200000000001	-1.4043299999999999	-2.48064	0.358036	
0	-0.00279284	-0.11406	-0.9934700000000001	0.0	0.990432	0.136761	-0.0184857	0.0	0.137976	-0.984016	0.11258699999999999	0.0	-3.25097	-3.58354	-2.18277	0.149812	-0.11309200000000001	0.32104	-0.9402889999999999	0.0	0.58	-0.747055	-0.32482300000000003	0.0	-0.806729	-0.582102	-0.10171799999999999	0.0	1.0144799999999998	-1.4147100000000001	-2.4816	0.358127	
0	0.029907599999999996	-0.0944654	-0.995079	0.0	0.9884799999999999	0.150562	0.0154161	0.0	0.148365	-0.9840770000000001	0.0978801	0.0	-3.24182	-3.5762300000000002	-2.1819	0.149154	-0.11311500000000001	0.322673	-0.9397270000000001	0.0	0.575535	-0.749686	-0.326696	0.0	-0.809916	-0.5778	-0.100909	0.0	1.0135	-1.42916	-2.49027	0.358092	
0	0.0422976	-0.0845815	-0.995518	0.0	0.9887600000000001	0.146563	0.0295582	0.0	0.143406	-0.9855790000000001	0.08983	0.0	-3.2406599999999997	-3.56394	-2.18444	0.149624	-0.11216199999999998	0.322303	-0.939968	0.0	0.5732	-0.75171	-0.32614899999999997	0.0	-0.811703	-0.575372	-0.10043099999999999	0.0	1.0121200000000001	-1.43309	-2.4929799999999998	0.35792199999999996	
0	0.0611877	-0.061931799999999995	-0.9962030000000001	0.0	0.989584	0.13406400000000002	0.0524467	0.0	0.130307	-0.989036	0.06948969999999999	0.0	-3.24027	-3.17728	-2.39419	0.149669	-0.11121900000000001	0.32351399999999997	-0.9396639999999999	0.0	0.567678	-0.755406	-0.32726700000000003	0.0	-0.815704	-0.569825	-0.09963630000000001	0.0	0.994508	-1.4442700000000002	-2.49368	0.358152	
0	0.0714674	-0.0525861	-0.9960559999999999	0.0	0.98998	0.125671	0.0643968	0.0	0.12178900000000001	-0.990677	0.061040599999999993	0.0	-3.23178	-3.0180599999999997	-2.40898	0.149677	-0.11267200000000001	0.322508	-0.939837	0.0	0.5661069999999999	-0.756499	-0.327462	0.0	-0.816595	-0.568945	-0.0973377	0.0	0.981607	-1.45706	-2.4898	0.358212	
0	0.09834810000000001	-0.045644800000000006	-0.9941049999999999	0.0	0.9900969999999999	0.10505199999999999	0.0931281	0.0	0.10018200000000001	-0.993419	0.0555244	0.0	-3.20743	-2.79514	-2.42991	0.149636	-0.11208599999999999	0.322267	-0.93999	0.0	0.566858	-0.756202	-0.32685	0.0	-0.816155	-0.569476	-0.0979201	0.0	0.960074	-1.46822	-2.48905	0.358169	
0	0.115254	-0.0375775	-0.992625	0.0	0.98949	0.0921945	0.1114	0.0	0.0873284	-0.9950319999999999	0.0478084	0.0	-3.2073400000000003	-2.48483	-2.34045	0.149647	-0.11299200000000001	0.319448	-0.940843	0.0	0.567712	-0.756363	-0.32499	0.0	-0.8154359999999999	-0.5708489999999999	-0.09589210000000001	0.0	0.952569	-1.46753	-2.48558	0.358137	
