0	0.0459884	0.722162	-0.6901930000000001	0.0	0.366204	0.6306350000000001	0.684247	0.0	0.929398	-0.284219	-0.23545700000000003	0.0	-2.8837200000000003	1.89183	1.34532	-0.00136999	-0.217923	0.8075260000000001	-0.548098	0.0	0.55035	-0.36211	-0.752324	0.0	-0.8059930000000001	-0.46559399999999995	-0.36551	0.0	2.8053	1.84778	1.32311	5.60284e-05	
0	0.0562639	0.7243890000000001	-0.687092	0.0	0.367933	0.6247050000000001	0.6887439999999999	0.0	0.928149	-0.291555	-0.23137800000000003	0.0	-2.94753	1.8448200000000001	1.32703	0.0	-0.23221999999999998	0.7990149999999999	-0.554662	0.0	0.570382	-0.350045	-0.743057	0.0	-0.78787	-0.488922	-0.374456	0.0	2.8954	1.7593400000000001	1.20692	0.0	
0	0.06113480000000001	0.72153	-0.689679	0.0	0.372963	0.624408	0.686304	0.0	0.9258299999999999	-0.299182	-0.230931	0.0	-2.99079	1.80644	1.30443	0.0	-0.23559499999999997	0.786701	-0.570611	0.0	0.575425	-0.360239	-0.734244	0.0	-0.7831859999999999	-0.501328	-0.367817	0.0	2.91983	1.6149	1.05338	0.0	
0	0.05319109999999999	0.736372	-0.6744829999999999	0.0	0.41988000000000003	0.596336	0.684167	0.0	0.906019	-0.319594	-0.277468	0.0	-3.02858	1.7638900000000002	1.2284700000000002	0.0	-0.209725	0.763822	-0.610402	0.0	0.588791	-0.399744	-0.702516	0.0	-0.780602	-0.506735	-0.365896	0.0	2.95922	1.51623	0.9248299999999999	0.0	
0	0.0677722	0.757918	-0.64882	0.0	0.427125	0.565666	0.705398	0.0	0.9016489999999999	-0.32493299999999997	-0.285389	0.0	-3.0897099999999997	1.70869	1.18234	0.328142	-0.212403	0.763783	-0.609526	0.0	0.523205	-0.43792700000000007	-0.731079	0.0	-0.825313	-0.47418999999999994	-0.306598	0.0	2.9481599999999997	1.4530100000000001	0.859999	0.357975	
0	0.0757759	0.780562	-0.6204689999999999	0.0	0.440766	0.531942	0.723023	0.0	0.894418	-0.32826900000000003	-0.303737	0.0	-3.00696	1.58217	1.11673	0.356697	-0.193484	0.783963	-0.5898869999999999	0.0	0.551321	-0.41046000000000005	-0.7263390000000001	0.0	-0.8115479999999999	-0.46575200000000005	-0.352798	0.0	2.86485	1.44859	0.8044279999999999	0.361028	
0	0.08688560000000001	0.7506109999999999	-0.655007	0.0	0.47875500000000004	0.545132	0.688204	0.0	0.8736389999999999	-0.373383	-0.31199499999999997	0.0	-2.96211	1.4169100000000001	1.10161	0.358423	-0.20997800000000003	0.789008	-0.577387	0.0	0.582853	-0.373125	-0.721845	0.0	-0.784979	-0.48810299999999995	-0.38152800000000003	0.0	2.82733	1.38273	0.729924	0.360761	
0	0.10322200000000001	0.701889	-0.704767	0.0	0.505655	0.573132	0.6448510000000001	0.0	0.8565389999999999	-0.422932	-0.295754	0.0	-2.8972	1.2508700000000001	1.11299	0.358633	-0.20895999999999998	0.7692399999999999	-0.603826	0.0	0.6005550000000001	-0.386368	-0.700038	0.0	-0.771796	-0.508911	-0.381235	0.0	2.81802	1.2536	0.681072	0.358646	
0	0.155476	0.646403	-0.746987	0.0	0.541566	0.576639	0.6117130000000001	0.0	0.826156	-0.49965	-0.260417	0.0	-2.8766599999999998	1.107	1.17131	0.35854400000000003	-0.2126	0.753374	-0.622278	0.0	0.5938260000000001	-0.406131	-0.694571	0.0	-0.775997	-0.5171899999999999	-0.361029	0.0	2.77115	1.12981	0.733577	0.359724	
0	0.240121	0.575206	-0.781972	0.0	0.589275	0.553772	0.588296	0.0	0.7714260000000001	-0.602058	-0.20598200000000003	0.0	-2.83224	0.970261	1.2131399999999999	0.357271	-0.215202	0.738872	-0.638558	0.0	0.588465	-0.42371800000000004	-0.688601	0.0	-0.779357	-0.523958	-0.343615	0.0	2.71169	1.07123	0.94209	0.359495	
0	0.27016399999999996	0.56391	-0.780395	0.0	0.611594	0.5254939999999999	0.5914470000000001	0.0	0.7436159999999999	-0.637072	-0.202914	0.0	-2.79223	1.0094100000000001	1.12384	0.355969	-0.213975	0.731045	-0.64791	0.0	0.580455	-0.43831800000000004	-0.686257	0.0	-0.785676	-0.522925	-0.33055	0.0	2.6969	1.0579100000000001	1.06902	0.359581	
0	0.263921	0.5593199999999999	-0.785816	0.0	0.609648	0.5345979999999999	0.5852649999999999	0.0	0.747446	-0.633534	-0.199897	0.0	-2.72988	1.07515	1.13899	0.35603	-0.206895	0.724521	-0.657468	0.0	0.5681229999999999	-0.45813100000000007	-0.683632	0.0	-0.796512	-0.5149630000000001	-0.316832	0.0	2.6835299999999997	1.07484	1.11094	0.360068	
0	0.263382	0.5499729999999999	-0.792565	0.0	0.608023	0.5432060000000001	0.5789949999999999	0.0	0.748958	-0.6343949999999999	-0.191326	0.0	-2.71293	1.0800100000000001	1.2222899999999999	0.357121	-0.201101	0.7174189999999999	-0.666984	0.0	0.561281	-0.473646	-0.678692	0.0	-0.802821	-0.510851	-0.307423	0.0	2.6379	1.08419	1.14059	0.360442	
0	0.238591	0.559816	-0.793524	0.0	0.605155	0.5533640000000001	0.572342	0.0	0.759514	-0.616761	-0.20674800000000002	0.0	-2.7443400000000002	1.16215	1.3276299999999999	0.357224	-0.200496	0.715036	-0.669721	0.0	0.550192	-0.48344	-0.680863	0.0	-0.810611	-0.504985	-0.296479	0.0	2.5327900000000003	1.09715	1.16596	0.36061	
0	0.229753	0.566603	-0.791312	0.0	0.60124	0.5567310000000001	0.573203	0.0	0.7653260000000001	-0.607463	-0.212754	0.0	-2.77624	1.21201	1.35633	0.35696300000000003	-0.200848	0.713584	-0.671162	0.0	0.54515	-0.48782200000000003	-0.681793	0.0	-0.813924	-0.5028199999999999	-0.291033	0.0	2.52153	1.09816	1.19086	0.360455	
0	0.229915	0.578461	-0.7826380000000001	0.0	0.6007319999999999	0.548338	0.581762	0.0	0.765677	-0.603911	-0.221429	0.0	-2.81941	1.21468	1.35451	0.356906	-0.19813599999999998	0.713336	-0.672231	0.0	0.547265	-0.488464	-0.679635	0.0	-0.813168	-0.502549	-0.293602	0.0	2.51476	1.1044	1.20611	0.36036799999999997	
0	0.23388299999999998	0.593707	-0.769942	0.0	0.599033	0.535752	0.5950880000000001	0.0	0.765806	-0.600402	-0.23034699999999997	0.0	-2.86774	1.18945	1.2848	0.356269	-0.19786700000000002	0.713086	-0.672575	0.0	0.542413	-0.491868	-0.6810689999999999	0.0	-0.8164779999999999	-0.49957399999999996	-0.289464	0.0	2.50311	1.10293	1.21241	0.36064	
0	0.246982	0.597708	-0.762722	0.0	0.604046	0.520504	0.6034930000000001	0.0	0.757713	-0.609771	-0.232488	0.0	-2.9066799999999997	1.14595	1.1417899999999999	0.355515	-0.193367	0.711278	-0.675791	0.0	0.5362020000000001	-0.500214	-0.6799069999999999	0.0	-0.821642	-0.493832	-0.284664	0.0	2.49074	1.10103	1.20845	0.36046999999999996	
0	0.27310500000000004	0.585675	-0.76315	0.0	0.6052890000000001	0.511969	0.6095189999999999	0.0	0.747689	-0.6283890000000001	-0.21468099999999998	0.0	-2.90382	1.09438	0.9265450000000001	0.355367	-0.190197	0.707955	-0.6801659999999999	0.0	0.5277270000000001	-0.51048	-0.6789069999999999	0.0	-0.8278459999999999	-0.488068	-0.276515	0.0	2.46513	1.10389	1.21689	0.3606	
0	0.305176	0.573405	-0.760312	0.0	0.603299	0.501329	0.6202409999999999	0.0	0.736816	-0.6479779999999999	-0.192941	0.0	-2.8820900000000003	1.05026	0.760478	0.354252	-0.189225	0.704802	-0.683701	0.0	0.525486	-0.515502	-0.676848	0.0	-0.829493	-0.48735200000000006	-0.272818	0.0	2.43981	1.1252	1.23512	0.360662	
0	0.355131	0.544525	-0.7598520000000001	0.0	0.622521	0.46863299999999997	0.626778	0.0	0.697388	-0.695612	-0.172552	0.0	-2.8195200000000002	0.952216	0.600244	0.353758	-0.18923900000000002	0.703773	-0.684757	0.0	0.521201	-0.51902	-0.6774720000000001	0.0	-0.832189	-0.4851	-0.26858899999999997	0.0	2.43233	1.16024	1.24609	0.36057100000000003	
0	0.41422299999999995	0.495356	-0.763572	0.0	0.6445810000000001	0.432645	0.6303449999999999	0.0	0.6426	-0.753287	-0.140085	0.0	-2.80081	0.732999	0.444671	0.353498	-0.186169	0.703377	-0.686004	0.0	0.519679	-0.522055	-0.676308	0.0	-0.833831	-0.48240900000000003	-0.26834	0.0	2.4329099999999997	1.17173	1.24815	0.360699	
0	0.455475	0.457912	-0.7634529999999999	0.0	0.663557	0.39708699999999997	0.634046	0.0	0.593494	-0.7953859999999999	-0.12298699999999999	0.0	-2.78495	0.49426000000000003	0.236706	0.35280100000000003	-0.181917	0.701627	-0.6889310000000001	0.0	0.514737	-0.529012	-0.6746800000000001	0.0	-0.8378260000000001	-0.47735299999999997	-0.264917	0.0	2.43001	1.18371	1.2862	0.36084299999999997	
0	0.473566	0.414091	-0.7773439999999999	0.0	0.694257	0.367602	0.6187699999999999	0.0	0.54198	-0.8327049999999999	-0.113401	0.0	-2.7731	0.28221599999999997	-0.0679079	0.35229299999999997	-0.179944	0.69852	-0.692596	0.0	0.51068	-0.535434	-0.672693	0.0	-0.84073	-0.474742	-0.260372	0.0	2.42156	1.19289	1.3179100000000001	0.361177	
0	0.487955	0.37547600000000003	-0.787984	0.0	0.7210770000000001	0.335323	0.606306	0.0	0.491882	-0.8640469999999999	-0.107124	0.0	-2.77589	0.132457	-0.353131	0.351594	-0.175326	0.696001	-0.696307	0.0	0.507038	-0.542417	-0.669848	0.0	-0.8439040000000001	-0.470496	-0.257799	0.0	2.41667	1.20617	1.33046	0.361062	
0	0.487343	0.32045300000000004	-0.812285	0.0	0.7459319999999999	0.330826	0.578048	0.0	0.453963	-0.887617	-0.07781030000000001	0.0	-2.7913200000000002	-0.018466	-0.565341	0.351179	-0.172777	0.6948840000000001	-0.6980569999999999	0.0	0.504307	-0.546363	-0.668701	0.0	-0.8460629999999999	-0.46757200000000004	-0.256036	0.0	2.4168	1.2183899999999999	1.33409	0.36106	
0	0.481178	0.283012	-0.8296819999999999	0.0	0.767492	0.32132	0.554716	0.0	0.42358500000000004	-0.903691	-0.06259740000000001	0.0	-2.7875099999999997	-0.152594	-0.7232529999999999	0.350451	-0.170721	0.694311	-0.699133	0.0	0.5029779999999999	-0.548728	-0.667766	0.0	-0.8472709999999999	-0.46565	-0.255544	0.0	2.41645	1.2259799999999998	1.3371	0.36104899999999995	
0	0.47688100000000005	0.239696	-0.8456540000000001	0.0	0.79515	0.292377	0.531274	0.0	0.374594	-0.925776	-0.0511646	0.0	-2.78772	-0.291182	-0.8265379999999999	0.34981999999999996	-0.170271	0.6940270000000001	-0.699525	0.0	0.500688	-0.5504899999999999	-0.668036	0.0	-0.848717	-0.46398999999999996	-0.253758	0.0	2.4165799999999997	1.2231	1.34291	0.361294	
0	0.471583	0.206517	-0.857298	0.0	0.8148920000000001	0.269464	0.5131680000000001	0.0	0.336989	-0.9406059999999999	-0.0412141	0.0	-2.79658	-0.40583600000000003	-0.951534	0.349113	-0.168154	0.692563	-0.701484	0.0	0.498453	-0.554201	-0.6666380000000001	0.0	-0.8504520000000001	-0.461755	-0.252019	0.0	2.41781	1.22118	1.34665	0.36111	
0	0.47152299999999997	0.15598299999999998	-0.867949	0.0	0.8325790000000001	0.245651	0.49645500000000004	0.0	0.29065100000000005	-0.9567260000000001	-0.0140377	0.0	-2.85166	-0.5962390000000001	-1.0820299999999998	0.348682	-0.165913	0.690595	-0.703954	0.0	0.49471800000000005	-0.559231	-0.665218	0.0	-0.8530690000000001	-0.45862700000000006	-0.248867	0.0	2.41703	1.2178	1.3634700000000002	0.361518	
0	0.476783	0.144011	-0.867144	0.0	0.831925	0.244641	0.498047	0.0	0.283864	-0.958859	-0.00316536	0.0	-2.88516	-0.669771	-1.13289	0.348505	-0.166171	0.691075	-0.703422	0.0	0.49462799999999996	-0.5586949999999999	-0.6657350000000001	0.0	-0.8530709999999999	-0.45855799999999997	-0.248986	0.0	2.41532	1.21593	1.36415	0.361604	
0	0.485961	0.138695	-0.8629049999999999	0.0	0.8259790000000001	0.24982100000000002	0.505319	0.0	0.285657	-0.9583079999999999	0.00684416	0.0	-2.93568	-0.76315	-1.19436	0.348674	-0.166006	0.690287	-0.704234	0.0	0.49382200000000004	-0.559956	-0.665274	0.0	-0.85357	-0.45820600000000006	-0.247923	0.0	2.41667	1.21214	1.36719	0.361715	
0	0.48833000000000004	0.135283	-0.862109	0.0	0.823426	0.255702	0.506544	0.0	0.28897	-0.9572430000000001	0.013471	0.0	-2.9287799999999997	-0.776834	-1.19177	0.348738	-0.166358	0.6907439999999999	-0.703703	0.0	0.494914	-0.558759	-0.665469	0.0	-0.8528690000000001	-0.458978	-0.248906	0.0	2.41684	1.21171	1.36868	0.36146	
0	0.488299	0.13533399999999998	-0.8621190000000001	0.0	0.8234520000000001	0.255648	0.506529	0.0	0.28895	-0.9572510000000001	0.013392099999999999	0.0	-2.92892	-0.776488	-1.1918600000000001	0.34873699999999996	-0.166352	0.6907439999999999	-0.703704	0.0	0.49491199999999996	-0.558763	-0.665467	0.0	-0.8528709999999999	-0.45897299999999996	-0.248906	0.0	2.41684	1.21175	1.3686399999999999	0.36146	
0	0.48829799999999995	0.13533399999999998	-0.8621190000000001	0.0	0.8234520000000001	0.255648	0.506529	0.0	0.28895	-0.9572510000000001	0.013392	0.0	-2.92892	-0.776488	-1.1918600000000001	0.34873699999999996	-0.166352	0.6907439999999999	-0.703704	0.0	0.49491199999999996	-0.558763	-0.665467	0.0	-0.8528709999999999	-0.45897299999999996	-0.248906	0.0	2.41684	1.21175	1.3686399999999999	0.36146	
0	0.488299	0.13533299999999998	-0.8621190000000001	0.0	0.8234520000000001	0.255648	0.506529	0.0	0.28895	-0.9572510000000001	0.0133922	0.0	-2.92892	-0.776488	-1.1918600000000001	0.34873699999999996	-0.166352	0.6907439999999999	-0.703704	0.0	0.49491199999999996	-0.558763	-0.665467	0.0	-0.8528709999999999	-0.45897299999999996	-0.248906	0.0	2.41684	1.21175	1.3686399999999999	0.36146	
0	0.48829799999999995	0.13533399999999998	-0.8621190000000001	0.0	0.8234520000000001	0.255648	0.506529	0.0	0.28895	-0.9572510000000001	0.013392	0.0	-2.92892	-0.776488	-1.1918600000000001	0.34873699999999996	-0.166352	0.6907439999999999	-0.703704	0.0	0.49491199999999996	-0.558763	-0.665467	0.0	-0.8528709999999999	-0.45897299999999996	-0.248906	0.0	2.41684	1.21175	1.3686399999999999	0.36146	
0	0.48829799999999995	0.13533399999999998	-0.8621190000000001	0.0	0.8234520000000001	0.255648	0.506529	0.0	0.28895	-0.9572510000000001	0.013392099999999999	0.0	-2.92892	-0.776488	-1.1918600000000001	0.34873699999999996	-0.166352	0.6907439999999999	-0.703704	0.0	0.49491199999999996	-0.558763	-0.665467	0.0	-0.8528709999999999	-0.45897299999999996	-0.248906	0.0	2.41684	1.21175	1.3686399999999999	0.36146	
0	0.488299	0.13533399999999998	-0.8621190000000001	0.0	0.8234520000000001	0.255648	0.506529	0.0	0.28895	-0.9572510000000001	0.0133922	0.0	-2.92892	-0.776488	-1.1918600000000001	0.34873699999999996	-0.166352	0.6907439999999999	-0.703704	0.0	0.49491199999999996	-0.558763	-0.665467	0.0	-0.8528709999999999	-0.45897299999999996	-0.248906	0.0	2.41684	1.21175	1.3686399999999999	0.36146	
0	0.488299	0.13533399999999998	-0.8621190000000001	0.0	0.8234520000000001	0.255648	0.506529	0.0	0.28895	-0.9572510000000001	0.013392099999999999	0.0	-2.92892	-0.776488	-1.1918600000000001	0.34873699999999996	-0.166352	0.6907439999999999	-0.703704	0.0	0.49491199999999996	-0.558763	-0.665467	0.0	-0.8528709999999999	-0.45897299999999996	-0.248906	0.0	2.41684	1.21175	1.3686399999999999	0.36146	
0	0.488299	0.13533399999999998	-0.8621190000000001	0.0	0.8234520000000001	0.255648	0.506529	0.0	0.28895	-0.9572510000000001	0.0133922	0.0	-2.92892	-0.776488	-1.1918600000000001	0.34873699999999996	-0.166352	0.6907439999999999	-0.703704	0.0	0.49491199999999996	-0.558763	-0.665467	0.0	-0.8528709999999999	-0.45897299999999996	-0.248906	0.0	2.41684	1.21175	1.3686399999999999	0.36146	
0	0.48829799999999995	0.13533399999999998	-0.8621190000000001	0.0	0.8234520000000001	0.255648	0.506529	0.0	0.28895	-0.9572510000000001	0.013392099999999999	0.0	-2.92892	-0.776488	-1.1918600000000001	0.34873699999999996	-0.166352	0.6907439999999999	-0.703704	0.0	0.49491199999999996	-0.558763	-0.665467	0.0	-0.8528709999999999	-0.45897299999999996	-0.248906	0.0	2.41684	1.21175	1.3686399999999999	0.36146	
0	0.48829799999999995	0.13533399999999998	-0.8621190000000001	0.0	0.8234520000000001	0.255648	0.506529	0.0	0.28895	-0.9572510000000001	0.013392	0.0	-2.92892	-0.776488	-1.1918600000000001	0.34873699999999996	-0.166352	0.6907439999999999	-0.703704	0.0	0.49491199999999996	-0.558763	-0.665467	0.0	-0.8528709999999999	-0.45897299999999996	-0.248906	0.0	2.41684	1.21175	1.3686399999999999	0.36146	
0	0.488299	0.13533399999999998	-0.8621190000000001	0.0	0.8234520000000001	0.255648	0.506529	0.0	0.28895	-0.9572510000000001	0.013392099999999999	0.0	-2.92892	-0.776488	-1.1918600000000001	0.34873699999999996	-0.166352	0.6907439999999999	-0.703704	0.0	0.49491199999999996	-0.558763	-0.665467	0.0	-0.8528709999999999	-0.45897299999999996	-0.248906	0.0	2.41684	1.21175	1.3686399999999999	0.36146	
0	0.48829799999999995	0.13533399999999998	-0.8621190000000001	0.0	0.8234520000000001	0.255648	0.506529	0.0	0.28895	-0.9572510000000001	0.013392099999999999	0.0	-2.92892	-0.776488	-1.1918600000000001	0.34873699999999996	-0.166352	0.6907439999999999	-0.703704	0.0	0.49491199999999996	-0.558763	-0.665467	0.0	-0.8528709999999999	-0.45897299999999996	-0.248906	0.0	2.41684	1.21175	1.3686399999999999	0.36146	
0	0.48829799999999995	0.13533399999999998	-0.8621190000000001	0.0	0.8234520000000001	0.255648	0.506529	0.0	0.28895	-0.9572510000000001	0.013392099999999999	0.0	-2.92892	-0.776488	-1.1918600000000001	0.34873699999999996	-0.166352	0.6907439999999999	-0.703704	0.0	0.49491199999999996	-0.558763	-0.665467	0.0	-0.8528709999999999	-0.45897299999999996	-0.248906	0.0	2.41684	1.21175	1.3686399999999999	0.36146	
0	0.488299	0.13533399999999998	-0.8621190000000001	0.0	0.8234520000000001	0.25564899999999996	0.506529	0.0	0.28895	-0.9572510000000001	0.0133923	0.0	-2.92892	-0.776488	-1.1918600000000001	0.34873699999999996	-0.166352	0.6907439999999999	-0.703704	0.0	0.49491199999999996	-0.558763	-0.665467	0.0	-0.8528709999999999	-0.45897299999999996	-0.248906	0.0	2.41684	1.21175	1.3686399999999999	0.36146	
0	0.488299	0.13533399999999998	-0.8621190000000001	0.0	0.8234520000000001	0.255648	0.506529	0.0	0.28895	-0.9572510000000001	0.013392099999999999	0.0	-2.92892	-0.776488	-1.1918600000000001	0.34873699999999996	-0.166352	0.6907439999999999	-0.703704	0.0	0.49491199999999996	-0.558763	-0.665467	0.0	-0.8528709999999999	-0.45897299999999996	-0.248906	0.0	2.41684	1.21175	1.3686399999999999	0.36146	
0	0.488299	0.13533299999999998	-0.8621190000000001	0.0	0.8234520000000001	0.255648	0.506529	0.0	0.28895	-0.9572510000000001	0.0133922	0.0	-2.92892	-0.776488	-1.1918600000000001	0.34873699999999996	-0.166352	0.6907439999999999	-0.703704	0.0	0.49491199999999996	-0.558763	-0.665467	0.0	-0.8528709999999999	-0.45897299999999996	-0.248906	0.0	2.41684	1.21175	1.3686399999999999	0.36146	
0	0.48829799999999995	0.13533399999999998	-0.8621190000000001	0.0	0.8234520000000001	0.255648	0.506529	0.0	0.28895	-0.9572510000000001	0.013392	0.0	-2.92892	-0.776488	-1.1918600000000001	0.34873699999999996	-0.166352	0.6907439999999999	-0.703704	0.0	0.49491199999999996	-0.558763	-0.665467	0.0	-0.8528709999999999	-0.45897299999999996	-0.248906	0.0	2.41684	1.21175	1.3686399999999999	0.36146	
0	0.48829799999999995	0.13533399999999998	-0.8621190000000001	0.0	0.8234520000000001	0.255648	0.506529	0.0	0.28895	-0.9572510000000001	0.013392099999999999	0.0	-2.92892	-0.776488	-1.1918600000000001	0.34873699999999996	-0.166352	0.6907439999999999	-0.703704	0.0	0.49491199999999996	-0.558763	-0.665467	0.0	-0.8528709999999999	-0.45897299999999996	-0.248906	0.0	2.41684	1.21175	1.3686399999999999	0.36146	
0	0.488299	0.13533399999999998	-0.8621190000000001	0.0	0.8234520000000001	0.25564899999999996	0.506529	0.0	0.28895	-0.9572510000000001	0.0133923	0.0	-2.92892	-0.776488	-1.1918600000000001	0.34873699999999996	-0.166352	0.6907439999999999	-0.703704	0.0	0.49491199999999996	-0.558763	-0.665467	0.0	-0.8528709999999999	-0.45897299999999996	-0.248906	0.0	2.41684	1.21175	1.3686399999999999	0.36146	
0	0.36830799999999997	0.48536599999999996	-0.79295	0.0	0.713356	0.399428	0.5758300000000001	0.0	0.596214	-0.7777390000000001	-0.199126	0.0	-2.91269	-0.9150860000000001	-1.27865	0.350976	-0.172862	0.656451	-0.734296	0.0	0.47593599999999997	-0.597035	-0.645782	0.0	-0.862325	-0.461109	-0.209225	0.0	2.3822400000000004	1.23577	1.40852	0.36249499999999996	
0	0.402429	0.46198999999999996	-0.790326	0.0	0.730893	0.357687	0.581254	0.0	0.5512229999999999	-0.811557	-0.193722	0.0	-2.80757	-1.1273799999999998	-1.42811	0.350543	-0.172928	0.654565	-0.735962	0.0	0.472016	-0.600748	-0.645215	0.0	-0.8644629999999999	-0.458962	-0.20507899999999998	0.0	2.39265	1.23569	1.41381	0.362933	
0	0.411969	0.442431	-0.796578	0.0	0.742418	0.34387199999999996	0.574951	0.0	0.528297	-0.828255	-0.186804	0.0	-2.7414099999999997	-1.3573	-1.58474	0.34987399999999996	-0.170941	0.652594	-0.738174	0.0	0.46950200000000003	-0.60472	-0.643336	0.0	-0.866226	-0.45654700000000004	-0.203023	0.0	2.386	1.2461799999999998	1.41584	0.362511	
0	0.424393	0.411836	-0.8064	0.0	0.7510760000000001	0.337311	0.567545	0.0	0.505743	-0.8465299999999999	-0.166168	0.0	-2.6539	-1.59395	-1.71366	0.349092	-0.17161600000000002	0.652307	-0.73827	0.0	0.468121	-0.605387	-0.6437149999999999	0.0	-0.8668389999999999	-0.45607200000000003	-0.201465	0.0	2.37297	1.2443600000000001	1.4152799999999999	0.362759	
0	0.42520699999999995	0.367244	-0.8272430000000001	0.0	0.768225	0.33683	0.544404	0.0	0.47856899999999997	-0.866993	-0.138904	0.0	-2.5601	-1.85224	-1.82971	0.348693	-0.17397200000000002	0.654792	-0.7355149999999999	0.0	0.468866	-0.6017319999999999	-0.646594	0.0	-0.865967	-0.457347	-0.202325	0.0	2.36839	1.2384600000000001	1.42085	0.362694	
0	0.43920600000000004	0.314697	-0.841465	0.0	0.787582	0.31574800000000003	0.529167	0.0	0.43221899999999996	-0.895136	-0.109171	0.0	-2.4721900000000003	-2.13543	-1.92592	0.348001	-0.172989	0.654633	-0.735888	0.0	0.46691099999999996	-0.6033569999999999	-0.646494	0.0	-0.8672190000000001	-0.45543100000000003	-0.201281	0.0	2.36927	1.225	1.42721	0.36275300000000005	
0	0.44749300000000003	0.258997	-0.8559620000000001	0.0	0.8212969999999999	0.259716	0.507955	0.0	0.35386599999999996	-0.9303049999999999	-0.09649239999999999	0.0	-2.42797	-2.3636	-1.99565	0.348055	-0.17413299999999998	0.6537310000000001	-0.73642	0.0	0.46604300000000004	-0.604078	-0.6464479999999999	0.0	-0.8674569999999999	-0.455771	-0.199477	0.0	2.36864	1.21255	1.43963	0.362742	
0	0.469267	0.215518	-0.856353	0.0	0.8344030000000001	0.209231	0.509896	0.0	0.289068	-0.9538209999999999	-0.08164339999999999	0.0	-2.41348	-2.4091	-2.02037	0.344416	-0.173611	0.65164	-0.7383930000000001	0.0	0.464837	-0.60678	-0.644783	0.0	-0.868209	-0.45517299999999994	-0.19756300000000002	0.0	2.3708299999999998	1.209	1.44106	0.36275999999999997	
0	0.46890600000000004	0.202422	-0.85974	0.0	0.8496739999999999	0.162446	0.501663	0.0	0.241209	-0.9657309999999999	-0.0958212	0.0	-2.6310000000000002	-2.4076	-2.15544	0.348979	-0.173756	0.6478149999999999	-0.741717	0.0	0.460847	-0.6121260000000001	-0.64259	0.0	-0.8703040000000001	-0.45347200000000004	-0.192183	0.0	2.37135	1.19793	1.4391399999999999	0.363035	
0	0.455291	0.197996	-0.8680479999999999	0.0	0.865143	0.131934	0.48386	0.0	0.21032800000000001	-0.971283	-0.11122699999999999	0.0	-2.87145	-2.30203	-2.25703	0.34944000000000003	-0.17793	0.6430560000000001	-0.744862	0.0	0.457375	-0.616167	-0.641207	0.0	-0.871292	-0.454771	-0.18448399999999998	0.0	2.36888	1.18036	1.46892	0.363207	
0	0.43502299999999994	0.19919800000000001	-0.878109	0.0	0.878453	0.120208	0.462462	0.0	0.197677	-0.9725590000000001	-0.12269200000000001	0.0	-3.18796	-2.1157	-2.3616200000000003	0.349855	-0.180507	0.640844	-0.7461479999999999	0.0	0.457059	-0.6170760000000001	-0.640558	0.0	-0.870928	-0.456658	-0.181517	0.0	2.36115	1.17038	1.51433	0.363426	
0	0.408974	0.182186	-0.894175	0.0	0.890824	0.13281600000000002	0.43450200000000005	0.0	0.197921	-0.974253	-0.107977	0.0	-3.4034	-1.9973599999999998	-2.32211	0.35020999999999997	-0.18068199999999998	0.641038	-0.745939	0.0	0.456996	-0.616863	-0.640808	0.0	-0.870924	-0.45667399999999997	-0.181496	0.0	2.36013	1.1715200000000001	1.51379	0.36335300000000004	
0	0.391837	0.171062	-0.903992	0.0	0.9002379999999999	0.131443	0.415083	0.0	0.189829	-0.976453	-0.102493	0.0	-3.65032	-1.8651	-2.26262	0.350246	-0.18068299999999998	0.640612	-0.746304	0.0	0.455276	-0.618129	-0.640813	0.0	-0.8718239999999999	-0.455558	-0.17997	0.0	2.36068	1.1727100000000001	1.51579	0.3634	
0	0.378336	0.168244	-0.91025	0.0	0.9056719999999999	0.13601	0.401573	0.0	0.191365	-0.976317	-0.10091599999999999	0.0	-3.8236800000000004	-1.82245	-2.2229799999999997	0.350458	-0.18246500000000002	0.640201	-0.746224	0.0	0.454804	-0.6179279999999999	-0.6413409999999999	0.0	-0.871699	-0.456408	-0.17841600000000002	0.0	2.3565400000000003	1.16516	1.51826	0.36349499999999996	
0	0.374267	0.148566	-0.915343	0.0	0.9016959999999999	0.17214000000000002	0.396627	0.0	0.21649200000000002	-0.9738049999999999	-0.069535	0.0	-3.9173199999999997	-1.8887	-2.16978	0.35069	-0.183253	0.640209	-0.746024	0.0	0.454672	-0.617636	-0.641716	0.0	-0.871603	-0.45679200000000003	-0.177902	0.0	2.34275	1.1671200000000002	1.52267	0.363537	
0	0.379246	0.12145399999999999	-0.9172899999999999	0.0	0.8897370000000001	0.22431700000000002	0.397555	0.0	0.25404899999999997	-0.966918	-0.022991	0.0	-3.86746	-2.02648	-2.07947	0.350159	-0.184847	0.640066	-0.745753	0.0	0.455168	-0.6167779999999999	-0.6421899999999999	0.0	-0.871007	-0.458149	-0.177329	0.0	2.33865	1.16844	1.5262200000000001	0.36343400000000003	
0	0.389973	0.12038199999999999	-0.912924	0.0	0.881699	0.23711500000000002	0.407902	0.0	0.265572	-0.963994	-0.013671899999999999	0.0	-3.77734	-2.18228	-2.0526400000000002	0.350392	-0.186152	0.640354	-0.7451800000000001	0.0	0.456041	-0.615476	-0.6428189999999999	0.0	-0.8702719999999999	-0.459495	-0.177456	0.0	2.33905	1.16767	1.52139	0.36336399999999996	
0	0.399068	0.10836400000000002	-0.9104959999999999	0.0	0.8786139999999999	0.238831	0.41351899999999997	0.0	0.262265	-0.964996	0.000100017	0.0	-3.69955	-2.3288	-2.07605	0.350174	-0.185919	0.641018	-0.744668	0.0	0.458042	-0.613952	-0.642854	0.0	-0.8692709999999999	-0.460608	-0.17946700000000002	0.0	2.35399	1.16547	1.5064799999999998	0.363137	
0	0.405444	0.0884422	-0.909832	0.0	0.8768299999999999	0.24375300000000003	0.41443199999999997	0.0	0.258427	-0.9657959999999999	0.0212792	0.0	-3.6013800000000002	-2.49441	-2.10072	0.350035	-0.18543800000000002	0.641476	-0.744394	0.0	0.457873	-0.613866	-0.6430560000000001	0.0	-0.8694620000000001	-0.460085	-0.17987999999999998	0.0	2.3589	1.16051	1.49621	0.363044	
0	0.41650200000000004	0.07268229999999999	-0.906225	0.0	0.874843	0.239144	0.421259	0.0	0.247337	-0.96826	0.0360183	0.0	-3.4630900000000002	-2.66648	-2.17428	0.349531	-0.185949	0.64154	-0.744211	0.0	0.456592	-0.614254	-0.6435960000000001	0.0	-0.870027	-0.459477	-0.178702	0.0	2.3595900000000003	1.15675	1.49956	0.363118	
0	0.418983	0.0582308	-0.906125	0.0	0.881708	0.21229099999999998	0.421336	0.0	0.21689699999999998	-0.9754700000000001	0.0376037	0.0	-3.4227300000000005	-2.74673	-2.25517	0.349074	-0.186246	0.641735	-0.7439680000000001	0.0	0.45670200000000005	-0.613891	-0.643864	0.0	-0.869906	-0.459688	-0.178747	0.0	2.35921	1.15525	1.50548	0.36304200000000003	
0	0.427962	0.0376948	-0.9030100000000001	0.0	0.881912	0.20112	0.426359	0.0	0.197685	-0.978841	0.05282819999999999	0.0	-3.41591	-2.80671	-2.3183	0.34822600000000004	-0.185395	0.639396	-0.746192	0.0	0.45573800000000003	-0.6168060000000001	-0.6417579999999999	0.0	-0.8705930000000001	-0.459046	-0.177044	0.0	2.3612	1.15608	1.50575	0.36301300000000003	
0	0.43938999999999995	0.021794400000000002	-0.8980319999999999	0.0	0.8819610000000001	0.179318	0.435879	0.0	0.170533	-0.98355	0.059568499999999996	0.0	-3.39793	-2.83319	-2.32678	0.34739000000000003	-0.18459	0.637927	-0.7476470000000001	0.0	0.454967	-0.618837	-0.640349	0.0	-0.871167	-0.45835600000000004	-0.176005	0.0	2.3624099999999997	1.15927	1.50335	0.36294899999999997	
0	0.46888199999999997	-0.011210799999999998	-0.8831899999999999	0.0	0.8732629999999999	0.15590199999999999	0.461634	0.0	0.132516	-0.9877090000000001	0.0828898	0.0	-3.3683099999999997	-2.9622599999999997	-2.38205	0.347351	-0.18373599999999998	0.636696	-0.748905	0.0	0.45369899999999996	-0.620938	-0.639213	0.0	-0.872008	-0.45722399999999996	-0.17478	0.0	2.3618900000000003	1.163	1.51187	0.363089	
0	0.48089399999999993	-0.0199539	-0.876552	0.0	0.8669370000000001	0.160195	0.471973	0.0	0.131002	-0.986884	0.0943356	0.0	-3.3698699999999997	-2.99418	-2.39812	0.34689200000000003	-0.183342	0.635888	-0.749689	0.0	0.453643	-0.621833	-0.638382	0.0	-0.8721200000000001	-0.457133	-0.174459	0.0	2.3620200000000002	1.16354	1.51452	0.36314	
0	0.509695	-0.054114800000000005	-0.8586520000000001	0.0	0.85234	0.16767200000000002	0.495381	0.0	0.117165	-0.9843569999999999	0.13158599999999998	0.0	-3.3522300000000005	-3.12268	-2.43091	0.34644400000000003	-0.182739	0.635764	-0.7499399999999999	0.0	0.45338599999999996	-0.622341	-0.638069	0.0	-0.8723799999999999	-0.456613	-0.174521	0.0	2.3601099999999997	1.16483	1.51819	0.36309600000000003	
0	0.533229	-0.061445400000000004	-0.8437370000000001	0.0	0.8384469999999999	0.17110999999999998	0.517425	0.0	0.112578	-0.983334	0.142759	0.0	-3.33925	-3.21297	-2.44352	0.346362	-0.182782	0.636262	-0.7495069999999999	0.0	0.45394399999999996	-0.621607	-0.638389	0.0	-0.872081	-0.45692	-0.175209	0.0	2.36002	1.1632	1.5159	0.363054	
0	0.554717	-0.0818959	-0.8279989999999999	0.0	0.825643	0.177337	0.5355989999999999	0.0	0.10297200000000001	-0.9807370000000001	0.165989	0.0	-3.32016	-3.3057199999999995	-2.44676	0.344864	-0.182354	0.635416	-0.750329	0.0	0.45317799999999997	-0.6229180000000001	-0.637655	0.0	-0.872569	-0.456312	-0.17436500000000002	0.0	2.36108	1.16467	1.51332	0.36289	
0	0.574238	-0.0989743	-0.812684	0.0	0.812966	0.186097	0.551773	0.0	0.0966266	-0.977534	0.187327	0.0	-3.27339	-3.4270099999999997	-2.42313	0.346056	-0.181904	0.634944	-0.750837	0.0	0.45314899999999997	-0.623533	-0.637073	0.0	-0.8726780000000001	-0.456128	-0.17430199999999998	0.0	2.3622900000000002	1.16434	1.50936	0.36297399999999996	
0	0.578752	-0.102674	-0.809014	0.0	0.809836	0.18912	0.555338	0.0	0.0959826	-0.976571	0.192603	0.0	-3.24884	-3.45971	-2.4044	0.348819	-0.181171	0.634521	-0.751373	0.0	0.452977	-0.624307	-0.6364380000000001	0.0	-0.87292	-0.45565900000000004	-0.174317	0.0	2.36156	1.17068	1.50969	0.362824	
0	0.586996	-0.104486	-0.802819	0.0	0.803661	0.194995	0.562233	0.0	0.0977999	-0.975223	0.198433	0.0	-3.24865	-3.4691400000000003	-2.41039	0.351198	-0.181264	0.6330520000000001	-0.752588	0.0	0.45224200000000003	-0.625891	-0.6354029999999999	0.0	-0.873281	-0.455528	-0.172841	0.0	2.35902	1.17995	1.5125899999999999	0.362958	
0	0.589067	-0.104465	-0.801304	0.0	0.803111	0.185525	0.566209	0.0	0.0895128	-0.9770709999999999	0.193183	0.0	-3.24822	-3.4803300000000004	-2.41646	0.34831	-0.180338	0.631505	-0.754109	0.0	0.452	-0.627727	-0.6337619999999999	0.0	-0.873598	-0.45514899999999997	-0.172237	0.0	2.35865	1.18736	1.51435	0.362877	
0	0.590575	-0.10888699999999998	-0.799603	0.0	0.8026260000000001	0.182077	0.568013	0.0	0.0837398	-0.9772370000000001	0.194926	0.0	-3.25908	-3.5223199999999997	-2.43275	0.348871	-0.180094	0.631049	-0.754548	0.0	0.452064	-0.628183	-0.633264	0.0	-0.873616	-0.45515200000000006	-0.17214300000000002	0.0	2.35931	1.18923	1.51542	0.362873	
0	0.595889	-0.11097	-0.795363	0.0	0.7997890000000001	0.171403	0.57529	0.0	0.0724878	-0.978932	0.190889	0.0	-3.28208	-3.60149	-2.45837	0.347004	-0.178681	0.6293989999999999	-0.756261	0.0	0.45006999999999997	-0.631216	-0.631667	0.0	-0.874934	-0.453237	-0.170487	0.0	2.36127	1.19536	1.52251	0.36287600000000003	
0	0.597705	-0.11128699999999998	-0.793955	0.0	0.79897	0.164581	0.578411	0.0	0.06630069999999999	-0.980065	0.18728599999999998	0.0	-3.2814099999999997	-3.60174	-2.45807	0.34448	-0.179092	0.62841	-0.7569859999999999	0.0	0.448201	-0.632831	-0.6313810000000001	0.0	-0.8758100000000001	-0.45235600000000004	-0.168319	0.0	2.35448	1.19621	1.5291700000000001	0.36302399999999996	
0	0.6008640000000001	-0.109457	-0.791822	0.0	0.797845	0.14291500000000001	0.585679	0.0	0.049056300000000004	-0.983664	0.173202	0.0	-3.27995	-3.6027699999999996	-2.45384	0.338107	-0.177761	0.627004	-0.758464	0.0	0.44744399999999995	-0.634963	-0.629775	0.0	-0.876468	-0.45131899999999997	-0.167678	0.0	2.34482	1.2002899999999999	1.53049	0.362993	
0	0.601237	-0.11523299999999999	-0.790718	0.0	0.798163	0.133743	0.587408	0.0	0.038064	-0.984294	0.17238599999999998	0.0	-3.2795900000000002	-3.6039199999999996	-2.45495	0.33466599999999996	-0.176809	0.626325	-0.759247	0.0	0.447378	-0.635966	-0.6288090000000001	0.0	-0.8766940000000001	-0.450849	-0.167759	0.0	2.34318	1.2025299999999999	1.53302	0.362933	
0	0.593581	-0.133601	-0.793608	0.0	0.804773	0.0968556	0.585627	0.0	-0.00137496	-0.986291	0.16501	0.0	-3.31639	-3.5923800000000004	-2.5110200000000003	0.178946	-0.176174	0.6260479999999999	-0.759622	0.0	0.44721099999999997	-0.63655	-0.628336	0.0	-0.876907	-0.450408	-0.16783199999999998	0.0	2.34098	1.20691	1.5364	0.36294099999999996	
0	0.584545	-0.138225	-0.799501	0.0	0.811037	0.0716877	0.5805859999999999	0.0	-0.0229371	-0.9878030000000001	0.15400999999999998	0.0	-3.30554	-3.5918400000000004	-2.50982	0.180687	-0.176446	0.625268	-0.760202	0.0	0.44605500000000003	-0.637674	-0.628019	0.0	-0.87744	-0.44990399999999997	-0.166389	0.0	2.34097	1.2068	1.53739	0.362935	
0	0.578839	-0.136186	-0.80399	0.0	0.815235	0.07443380000000001	0.574327	0.0	-0.018371400000000003	-0.987883	0.154109	0.0	-3.3068199999999996	-3.59175	-2.50889	0.180644	-0.17613199999999998	0.625008	-0.760488	0.0	0.446417	-0.637835	-0.6275970000000001	0.0	-0.8773190000000001	-0.450035	-0.166671	0.0	2.34062	1.20491	1.53439	0.362789	
0	0.564332	-0.127566	-0.815632	0.0	0.8255450000000001	0.0897363	0.557156	0.0	0.00211775	-0.987762	0.155952	0.0	-3.3185800000000003	-3.59073	-2.5089900000000003	0.18054800000000001	-0.175949	0.624826	-0.760681	0.0	0.445729	-0.638416	-0.627496	0.0	-0.877706	-0.44946400000000003	-0.166174	0.0	2.34096	1.2060799999999998	1.53987	0.36286199999999996	
0	0.555415	-0.118708	-0.8230569999999999	0.0	0.831457	0.0958606	0.547257	0.0	0.0139351	-0.988291	0.151943	0.0	-3.3268400000000002	-3.5903699999999996	-2.50696	0.18037	-0.175963	0.6252300000000001	-0.7603449999999999	0.0	0.44583900000000004	-0.63802	-0.6278199999999999	0.0	-0.877647	-0.44946499999999995	-0.166484	0.0	2.33892	1.20686	1.54818	0.362849	
0	0.548374	-0.111195	-0.828808	0.0	0.835857	0.10263900000000001	0.539267	0.0	0.0251041	-0.988484	0.149228	0.0	-3.33495	-3.58958	-2.5051400000000004	0.18031	-0.176033	0.6258199999999999	-0.759844	0.0	0.445935	-0.6374529999999999	-0.6283270000000001	0.0	-0.877584	-0.44944700000000004	-0.16686199999999998	0.0	2.33933	1.20451	1.54529	0.36285100000000003	
0	0.537517	-0.09421489999999999	-0.837973	0.0	0.841942	0.11535999999999999	0.527092	0.0	0.047008600000000005	-0.9888459999999999	0.14133099999999998	0.0	-3.35298	-3.5871699999999995	-2.49662	0.18019000000000002	-0.17741700000000002	0.6275850000000001	-0.7580640000000001	0.0	0.446062	-0.635336	-0.630378	0.0	-0.8772409999999999	-0.44998299999999997	-0.167223	0.0	2.3411	1.17697	1.53709	0.362994	
0	0.534168	-0.0823173	-0.841361	0.0	0.843175	0.12368599999999999	0.5232180000000001	0.0	0.060994900000000005	-0.988901	0.135477	0.0	-3.3336699999999997	-3.58279	-2.47612	0.18026199999999998	-0.18021199999999998	0.6264430000000001	-0.7583489999999999	0.0	0.448438	-0.6338630000000001	-0.6301760000000001	0.0	-0.875458	-0.453637	-0.166691	0.0	2.34205	1.1641	1.53596	0.36313	
0	0.53567	-0.0634474	-0.84204	0.0	0.8425159999999999	0.10721800000000001	0.527894	0.0	0.0567884	-0.992209	0.11088900000000002	0.0	-3.32386	-3.5725599999999997	-2.45402	0.180482	-0.181023	0.6267	-0.757943	0.0	0.448615	-0.633207	-0.630708	0.0	-0.8752	-0.45419799999999994	-0.166522	0.0	2.34242	1.15891	1.53678	0.362977	
0	0.537406	-0.0513971	-0.841756	0.0	0.841144	0.10438800000000001	0.530641	0.0	0.060596000000000004	-0.993208	0.09933099999999999	0.0	-3.32964	-3.5664300000000004	-2.44616	0.18035199999999998	-0.183962	0.624387	-0.7591439999999999	0.0	0.450434	-0.632908	-0.6297119999999999	0.0	-0.8736520000000001	-0.457787	-0.16481400000000002	0.0	2.34139	1.15159	1.5369	0.362914	
0	0.5384	-0.013665700000000001	-0.842578	0.0	0.8388610000000001	0.10389300000000001	0.5343399999999999	0.0	0.0802357	-0.994495	0.0673996	0.0	-3.34369	-3.32712	-2.48117	0.180536	-0.184043	0.622963	-0.760293	0.0	0.44998299999999997	-0.634288	-0.628644	0.0	-0.8738670000000001	-0.45781700000000003	-0.16358599999999998	0.0	2.33886	1.15098	1.54356	0.363085	
0	0.5404800000000001	0.0239728	-0.841015	0.0	0.8358959999999999	0.0984013	0.539995	0.0	0.0957023	-0.994858	0.0331451	0.0	-3.3201	-3.0117	-2.4655	0.180328	-0.184978	0.622671	-0.760306	0.0	0.449615	-0.634318	-0.6288779999999999	0.0	-0.873859	-0.45817299999999994	-0.162628	0.0	2.33367	1.14757	1.54975	0.363311	
0	0.5425369999999999	0.0432586	-0.838918	0.0	0.833895	0.0927636	0.544072	0.0	0.101357	-0.994748	0.0142546	0.0	-3.31492	-2.83188	-2.45811	0.180535	-0.184399	0.623365	-0.759877	0.0	0.450867	-0.633337	-0.62897	0.0	-0.8733360000000001	-0.458585	-0.164267	0.0	2.3346	1.1451	1.5492700000000001	0.363134	
0	0.536717	0.072482	-0.840643	0.0	0.83695	0.0806163	0.5413100000000001	0.0	0.10700499999999999	-0.9941059999999999	-0.0173957	0.0	-3.3468400000000003	-2.48394	-2.39804	0.180533	-0.187219	0.622228	-0.76012	0.0	0.449834	-0.633595	-0.62945	0.0	-0.8732690000000001	-0.459772	-0.161278	0.0	2.3368599999999997	1.12842	1.56064	0.363214	
0	0.538307	0.0845279	-0.838499	0.0	0.8351299999999999	0.0799777	0.544207	0.0	0.113062	-0.9932059999999999	-0.027539299999999996	0.0	-3.36321	-2.35257	-2.34964	0.180529	-0.18948399999999999	0.620846	-0.760688	0.0	0.44976400000000005	-0.633786	-0.629307	0.0	-0.872817	-0.46137399999999995	-0.159142	0.0	2.33569	1.11617	1.56697	0.363375	
0	0.5277729999999999	0.0921317	-0.844374	0.0	0.842083	0.0733169	0.534341	0.0	0.11113699999999999	-0.993044	-0.0388879	0.0	-3.4266099999999997	-2.12945	-2.21205	0.180331	-0.190196	0.6204069999999999	-0.760868	0.0	0.45045	-0.633474	-0.629131	0.0	-0.872308	-0.462391	-0.158978	0.0	2.32796	1.11287	1.5745799999999999	0.363234	
0	0.524253	0.09744760000000001	-0.8459690000000001	0.0	0.8441709999999999	0.0711363	0.5313329999999999	0.0	0.111956	-0.9926950000000001	-0.0449691	0.0	-3.44066	-2.03062	-2.14751	0.180326	-0.190602	0.620495	-0.760695	0.0	0.452049	-0.632374	-0.6290899999999999	0.0	-0.871391	-0.46377799999999997	-0.15996300000000002	0.0	2.32498	1.10986	1.57297	0.363318	
0	0.527038	0.129712	-0.839885	0.0	0.8392370000000001	0.0761996	0.5384	0.0	0.13383599999999998	-0.988619	-0.0686994	0.0	-3.4950099999999997	-1.78938	-1.9965700000000002	0.18054	-0.193623	0.620138	-0.760223	0.0	0.45506899999999995	-0.6297149999999999	-0.62958	0.0	-0.869151	-0.467855	-0.160278	0.0	2.32662	1.09733	1.56938	0.363289	
0	0.526066	0.156328	-0.835952	0.0	0.835096	0.0909464	0.542535	0.0	0.160841	-0.983509	-0.0827055	0.0	-3.50103	-1.63752	-1.91753	0.180326	-0.195296	0.62011	-0.759818	0.0	0.459171	-0.626767	-0.6295430000000001	0.0	-0.8666149999999999	-0.47183400000000003	-0.162331	0.0	2.32448	1.08994	1.5591899999999999	0.363302	
0	0.522686	0.17696800000000001	-0.8339549999999999	0.0	0.831572	0.10971099999999999	0.544474	0.0	0.187849	-0.978083	-0.08981710000000001	0.0	-3.49569	-1.57857	-1.87615	0.180532	-0.197456	0.622266	-0.7574930000000001	0.0	0.47116099999999994	-0.617367	-0.629973	0.0	-0.859662	-0.481293	-0.171285	0.0	2.32785	1.08725	1.5289700000000002	0.363006	
0	0.513559	0.21553000000000003	-0.8305440000000001	0.0	0.8267639999999999	0.134714	0.54618	0.0	0.22960500000000003	-0.96716	-0.109009	0.0	-3.46631	-1.5382	-1.7742799999999999	0.180534	-0.234192	0.614799	-0.753111	0.0	0.531842	-0.567441	-0.628613	0.0	-0.813817	-0.547752	-0.19408499999999998	0.0	2.3326599999999997	1.0298	1.39185	0.360647	
0	0.514199	0.241298	-0.8230280000000001	0.0	0.8164020000000001	0.15638	0.5559069999999999	0.0	0.262844	-0.9577690000000001	-0.116586	0.0	-3.4012800000000003	-1.57586	-1.69764	0.180329	-0.231438	0.584045	-0.7780279999999999	0.0	0.579791	-0.559391	-0.592389	0.0	-0.781203	-0.588195	-0.209159	0.0	2.3231	0.9870059999999999	1.14734	0.35846300000000003	
0	0.499353	0.3126	-0.80804	0.0	0.7929970000000001	0.210781	0.5716	0.0	0.349002	-0.9262030000000001	-0.14263699999999999	0.0	-3.24492	-1.70622	-1.6671900000000002	0.180327	-0.233334	0.552233	-0.800371	0.0	0.6292939999999999	-0.541733	-0.557239	0.0	-0.741313	-0.633692	-0.22111199999999998	0.0	2.12256	1.0023799999999998	0.45066999999999996	0.35519	
0	0.48173999999999995	0.360452	-0.7987489999999999	0.0	0.77674	0.24635700000000002	0.5796399999999999	0.0	0.40571	-0.8996569999999999	-0.161298	0.0	-3.10187	-1.78452	-1.6944400000000002	0.180329	-0.227897	0.526881	-0.818816	0.0	0.6440239999999999	-0.549148	-0.5326069999999999	0.0	-0.730271	-0.648717	-0.214175	0.0	1.85065	0.957627	0.0567474	0.354552	
0	0.46163999999999994	0.40939000000000003	-0.786949	0.0	0.759304	0.276305	0.589163	0.0	0.458635	-0.8695149999999999	-0.183298	0.0	-2.99514	-1.8130099999999998	-1.73448	0.180332	-0.21572399999999997	0.48366099999999995	-0.8482540000000001	0.0	0.659985	-0.5680109999999999	-0.49171499999999996	0.0	-0.719641	-0.66591	-0.196675	0.0	1.55017	0.78923	-0.24389299999999997	0.353829	
