3	-0.0491384	0.7920729999999999	-0.608445	0.0	0.348911	0.584414	0.732612	0.0	0.935867	-0.176294	-0.30508	0.0	-2.9546799999999998	1.81892	1.27681	0.0	-0.235672	0.7220340000000001	-0.650482	0.0	0.674291	-0.360525	-0.644479	0.0	-0.69985	-0.5905	-0.401895	0.0	2.62933	1.9921200000000001	1.46056	-8.25524e-06	
3	-0.047157599999999994	0.762089	-0.645753	0.0	0.37298400000000004	0.613147	0.696372	0.0	0.926639	-0.20801599999999998	-0.313161	0.0	-3.19785	1.66923	1.19482	0.0	0.118778	0.7115229999999999	-0.692551	0.0	0.4432	-0.662142	-0.604269	0.0	-0.8885190000000001	-0.235165	-0.393995	0.0	2.77477	1.84664	1.3804299999999998	0.0	
3	-0.0620315	0.725035	-0.685913	0.0	0.354319	0.658471	0.663984	0.0	0.9330649999999999	-0.201844	-0.297739	0.0	-3.2652099999999997	1.5919299999999998	1.14405	0.0	0.143673	0.684925	-0.714309	0.0	0.41776	-0.696308	-0.583638	0.0	-0.897126	-0.21455700000000003	-0.386175	0.0	2.8218	1.7681	1.33493	0.0	
3	-0.00850552	0.739916	-0.672646	0.0	0.40875300000000003	0.616477	0.672962	0.0	0.9126059999999999	-0.26922199999999996	-0.307686	0.0	-3.19585	1.46236	1.15351	0.07443469999999999	0.150225	0.656135	-0.73954	0.0	0.33676100000000003	-0.737256	-0.585701	0.0	-0.929529	-0.16106099999999998	-0.331715	0.0	2.7088900000000002	1.7269700000000001	1.33775	0.371194	
3	0.046279900000000006	0.758434	-0.650105	0.0	0.44526899999999997	0.566908	0.6930729999999999	0.0	0.8942	-0.32154699999999997	-0.311471	0.0	-3.11308	1.33396	1.11061	0.35203	0.11584900000000001	0.667058	-0.7359439999999999	0.0	0.366874	-0.717275	-0.592385	0.0	-0.9230290000000001	-0.201371	-0.327822	0.0	2.56426	1.65598	1.3991	0.361172	
3	0.047583999999999994	0.7594609999999999	-0.64881	0.0	0.469796	0.5562020000000001	0.685515	0.0	0.881491	-0.337428	-0.330326	0.0	-3.0985	1.27855	1.07105	0.354152	0.113872	0.664338	-0.738707	0.0	0.36899099999999996	-0.718638	-0.58941	0.0	-0.922431	-0.205459	-0.326968	0.0	2.569	1.6261299999999999	1.36747	0.361125	
3	0.0564644	0.736819	-0.673729	0.0	0.516044	0.556139	0.651466	0.0	0.854699	-0.384459	-0.348829	0.0	-3.11449	1.19268	1.04801	0.355137	0.09743289999999999	0.664381	-0.741016	0.0	0.388463	-0.7108869999999999	-0.58629	0.0	-0.916299	-0.230733	-0.327351	0.0	2.58452	1.60134	1.34362	0.361099	
3	0.06333330000000001	0.681227	-0.729328	0.0	0.594791	0.561058	0.575706	0.0	0.8013819999999999	-0.47025900000000004	-0.369654	0.0	-3.18288	1.0842100000000001	1.02718	0.3566	0.038247199999999995	0.661732	-0.748764	0.0	0.47998100000000005	-0.669378	-0.567056	0.0	-0.876445	-0.337704	-0.343221	0.0	2.62787	1.5271	1.3004	0.36070599999999997	
3	0.05656569999999999	0.5959810000000001	-0.801004	0.0	0.675362	0.5680390000000001	0.47033800000000003	0.0	0.735314	-0.5675720000000001	-0.370371	0.0	-3.27472	0.964392	0.9698459999999999	0.357377	-0.0378533	0.64417	-0.763945	0.0	0.589056	-0.603161	-0.537782	0.0	-0.8072050000000001	-0.47036300000000003	-0.356621	0.0	2.74341	1.37544	1.0969200000000001	0.36123	
3	0.0557543	0.502376	-0.86285	0.0	0.733057	0.566134	0.376988	0.0	0.677879	-0.653536	-0.336706	0.0	-3.43658	0.851716	0.80048	0.35691799999999996	-0.108573	0.641882	-0.7590779999999999	0.0	0.665813	-0.520063	-0.5350020000000001	0.0	-0.738176	-0.563491	-0.370909	0.0	2.93952	1.17327	0.7073659999999999	0.361923	
3	0.0756603	0.3939	-0.916034	0.0	0.802685	0.520972	0.290319	0.0	0.591585	-0.757252	-0.27676100000000003	0.0	-3.52315	0.628866	0.5150939999999999	0.35586599999999996	-0.197954	0.607997	-0.7688649999999999	0.0	0.709214	-0.45261599999999996	-0.540513	0.0	-0.6766310000000001	-0.6522859999999999	-0.34160300000000005	0.0	3.10215	0.8147300000000001	0.229258	0.361989	
3	0.0853645	0.353858	-0.9313950000000001	0.0	0.842515	0.47337700000000005	0.257065	0.0	0.531866	-0.806659	-0.257721	0.0	-3.57255	0.38384	0.197825	0.355448	-0.193342	0.558125	-0.806917	0.0	0.727925	-0.46983	-0.499385	0.0	-0.657833	-0.6839270000000001	-0.31543499999999997	0.0	3.13347	0.466796	-0.188915	0.361766	
3	0.0992373	0.309138	-0.945825	0.0	0.8674709999999999	0.43878999999999996	0.23443200000000003	0.0	0.48749	-0.8437399999999999	-0.224624	0.0	-3.5311	0.127408	-0.0907349	0.355506	-0.186103	0.48652799999999996	-0.853614	0.0	0.744019	-0.497648	-0.44585	0.0	-0.641717	-0.718079	-0.269372	0.0	3.0977200000000003	0.0582783	-0.579183	0.361348	
3	0.128301	0.286652	-0.9494049999999999	0.0	0.883034	0.402744	0.240932	0.0	0.45143	-0.8692690000000001	-0.201451	0.0	-3.40182	-0.103256	-0.368159	0.354721	-0.202008	0.426775	-0.881508	0.0	0.766699	-0.49113199999999996	-0.413475	0.0	-0.609398	-0.7593770000000001	-0.227996	0.0	3.02667	-0.352369	-0.8819870000000001	0.361196	
3	0.187946	0.262396	-0.9464799999999999	0.0	0.891202	0.35949000000000003	0.276632	0.0	0.41283800000000004	-0.895497	-0.166283	0.0	-3.26818	-0.312961	-0.589248	0.353516	-0.19501500000000002	0.383363	-0.902775	0.0	0.783982	-0.492163	-0.37835	0.0	-0.589357	-0.781543	-0.20457	0.0	2.98177	-0.679567	-1.12265	0.360848	
3	0.20325	0.270755	-0.940947	0.0	0.8933139999999999	0.34215300000000004	0.291414	0.0	0.40085	-0.899791	-0.172326	0.0	-3.21558	-0.390111	-0.7259899999999999	0.35286300000000004	-0.19228	0.375816	-0.9065270000000001	0.0	0.7928229999999999	-0.48490500000000003	-0.369188	0.0	-0.578326	-0.789702	-0.204718	0.0	2.94486	-0.794574	-1.21491	0.360772	
3	0.25435	0.276983	-0.9266	0.0	0.905344	0.268726	0.328844	0.0	0.340086	-0.922533	-0.18241500000000002	0.0	-3.19177	-0.633692	-1.09869	0.351056	-0.17013399999999998	0.342495	-0.9239870000000001	0.0	0.812553	-0.481724	-0.328176	0.0	-0.557505	-0.8066220000000001	-0.196338	0.0	2.91323	-1.08897	-1.46091	0.359709	
3	0.264891	0.292429	-0.918868	0.0	0.910883	0.23681	0.337954	0.0	0.316425	-0.926502	-0.20364000000000002	0.0	-3.21791	-0.746351	-1.32749	0.349503	-0.158985	0.337145	-0.927932	0.0	0.81648	-0.483508	-0.31556300000000004	0.0	-0.555053	-0.807808	-0.198401	0.0	2.7938099999999997	-1.21979	-1.6178299999999999	0.35947199999999996	
3	0.275362	0.33723400000000003	-0.900249	0.0	0.912043	0.20438499999999998	0.355533	0.0	0.30389499999999997	-0.918967	-0.251292	0.0	-3.22345	-0.786764	-1.5008299999999999	0.34871399999999997	-0.15484	0.357858	-0.920849	0.0	0.807234	-0.491533	-0.326754	0.0	-0.569559	-0.7939350000000001	-0.21276599999999998	0.0	2.69901	-1.25515	-1.7537900000000002	0.359471	
3	0.281711	0.372125	-0.8843989999999999	0.0	0.913257	0.178704	0.366096	0.0	0.294279	-0.910817	-0.289503	0.0	-3.2836800000000004	-0.829976	-1.63604	0.34778600000000004	-0.139847	0.36689299999999997	-0.919691	0.0	0.803683	-0.500494	-0.32187	0.0	-0.578391	-0.784153	-0.224873	0.0	2.56794	-1.27521	-1.8891	0.359481	
3	0.304189	0.37919	-0.873891	0.0	0.911874	0.149496	0.382278	0.0	0.275599	-0.913163	-0.300299	0.0	-3.34815	-0.894051	-1.69333	0.347233	-0.14610599999999999	0.370388	-0.917315	0.0	0.808593	-0.489505	-0.326438	0.0	-0.5699390000000001	-0.789429	-0.22797399999999998	0.0	2.46978	-1.28691	-1.94199	0.35939299999999996	
3	0.309678	0.383561	-0.8700469999999999	0.0	0.912267	0.138132	0.385601	0.0	0.26808200000000004	-0.913127	-0.307133	0.0	-3.36752	-0.915488	-1.6792599999999998	0.34694	-0.146988	0.37152399999999997	-0.9167139999999999	0.0	0.808683	-0.48854	-0.32766100000000004	0.0	-0.569585	-0.789493	-0.22863499999999998	0.0	2.45646	-1.28875	-1.9568400000000001	0.359036	
3	0.322963	0.3853	-0.8644299999999999	0.0	0.9144209999999999	0.10843	0.38997	0.0	0.24398499999999998	-0.916399	-0.317307	0.0	-3.39836	-0.912259	-1.74017	0.347177	-0.16584200000000002	0.380892	-0.909625	0.0	0.8122729999999999	-0.47029099999999996	-0.34502	0.0	-0.559204	-0.796083	-0.231395	0.0	2.45851	-1.32501	-1.92687	0.359241	
3	0.326148	0.39129	-0.860534	0.0	0.914816	0.0987321	0.39161599999999996	0.0	0.238198	-0.914956	-0.325757	0.0	-3.42035	-0.884921	-1.7772599999999998	0.34733200000000003	-0.174425	0.378965	-0.908824	0.0	0.812968	-0.46533500000000005	-0.350065	0.0	-0.55557	-0.799906	-0.22691999999999998	0.0	2.4626	-1.31805	-1.94724	0.359129	
3	0.326207	0.407199	-0.8530989999999999	0.0	0.916444	0.08504600000000001	0.391022	0.0	0.231777	-0.9093709999999999	-0.345433	0.0	-3.48915	-0.831053	-1.84372	0.347147	-0.173059	0.370028	-0.91276	0.0	0.815526	-0.46578800000000004	-0.343451	0.0	-0.552239	-0.803817	-0.221158	0.0	2.51558	-1.25239	-2.03266	0.359003	
3	0.326198	0.40644	-0.8534639999999999	0.0	0.9170590000000001	0.0829805	0.390021	0.0	0.229341	-0.909902	-0.34566199999999997	0.0	-3.50354	-0.829944	-1.8513400000000002	0.34720500000000004	-0.172744	0.369012	-0.9132299999999999	0.0	0.8135640000000001	-0.46918699999999997	-0.343478	0.0	-0.5552229999999999	-0.802305	-0.219165	0.0	2.52516	-1.22664	-2.01409	0.359045	
3	0.322287	0.40212800000000004	-0.856985	0.0	0.9182950000000001	0.0870751	0.386203	0.0	0.229925	-0.9114329999999999	-0.34120900000000004	0.0	-3.5222300000000004	-0.826268	-1.83693	0.347457	-0.176231	0.36822	-0.912884	0.0	0.810072	-0.47261400000000003	-0.347016	0.0	-0.5592189999999999	-0.800656	-0.214996	0.0	2.52201	-1.21271	-2.0160400000000003	0.359245	
3	0.310793	0.404352	-0.8601790000000001	0.0	0.9192020000000001	0.10238	0.38024600000000003	0.0	0.24181799999999998	-0.908855	-0.339862	0.0	-3.54547	-0.824151	-1.8239599999999998	0.348087	-0.18071099999999998	0.366371	-0.912752	0.0	0.805571	-0.477289	-0.351071	0.0	-0.5642689999999999	-0.798729	-0.20888600000000002	0.0	2.49773	-1.20024	-2.02183	0.359329	
3	0.309782	0.402125	-0.8615860000000001	0.0	0.9183950000000001	0.10803299999999999	0.380629	0.0	0.24614	-0.9091889999999999	-0.335843	0.0	-3.54872	-0.8267389999999999	-1.81486	0.34830900000000004	-0.18656199999999998	0.368622	-0.910666	0.0	0.803291	-0.47642399999999996	-0.35741300000000004	0.0	-0.565613	-0.7982090000000001	-0.20722800000000002	0.0	2.48774	-1.19351	-2.0051900000000002	0.35949899999999996	
3	0.306879	0.402017	-0.862675	0.0	0.9181600000000001	0.113626	0.37956799999999996	0.0	0.25061500000000003	-0.9085549999999999	-0.334246	0.0	-3.5451599999999996	-0.8233739999999999	-1.78903	0.348364	-0.192884	0.36938699999999997	-0.9090370000000001	0.0	0.800812	-0.47608500000000004	-0.363377	0.0	-0.567006	-0.798058	-0.203981	0.0	2.48504	-1.2053	-1.9846	0.359525	
3	0.30394	0.405275	-0.862191	0.0	0.9190780000000001	0.11354000000000002	0.377364	0.0	0.25082899999999997	-0.9071170000000001	-0.33797	0.0	-3.5491	-0.807	-1.8084799999999999	0.348774	-0.19732	0.368576	-0.9084139999999999	0.0	0.800592	-0.474209	-0.36630300000000005	0.0	-0.565789	-0.7995479999999999	-0.201508	0.0	2.4829	-1.2088299999999998	-1.96797	0.359581	
3	0.29846300000000003	0.409843	-0.861944	0.0	0.9183969999999999	0.12245	0.376234	0.0	0.25974200000000003	-0.9039	-0.339852	0.0	-3.5672300000000003	-0.80111	-1.83667	0.348602	-0.198438	0.369516	-0.907789	0.0	0.801291	-0.47220100000000004	-0.367368	0.0	-0.564407	-0.8003020000000001	-0.20238699999999998	0.0	2.48676	-1.20656	-1.9616799999999999	0.359563	
3	0.296167	0.41017299999999995	-0.8625799999999999	0.0	0.9165479999999999	0.132056	0.37749299999999997	0.0	0.268746	-0.9023969999999999	-0.336832	0.0	-3.5773800000000002	-0.810811	-1.8303599999999998	0.348679	-0.199345	0.369465	-0.9076110000000001	0.0	0.800621	-0.47265100000000004	-0.368249	0.0	-0.565038	-0.800061	-0.20158099999999998	0.0	2.5041599999999997	-1.20666	-1.9603099999999998	0.359618	
3	0.295665	0.41083400000000003	-0.8624370000000001	0.0	0.91519	0.137012	0.37901799999999997	0.0	0.273877	-0.9013559999999999	-0.335482	0.0	-3.57869	-0.82384	-1.81057	0.348547	-0.199963	0.37051	-0.907049	0.0	0.8001050000000001	-0.4726	-0.36943400000000004	0.0	-0.56555	-0.799608	-0.201945	0.0	2.50895	-1.20492	-1.9633900000000002	0.359625	
3	0.295133	0.406528	-0.864657	0.0	0.914869	0.140722	0.378434	0.0	0.27552	-0.9027360000000001	-0.330388	0.0	-3.5666	-0.833982	-1.80065	0.34865100000000004	-0.199792	0.37099299999999996	-0.906889	0.0	0.799725	-0.47303999999999996	-0.369695	0.0	-0.566148	-0.799124	-0.202183	0.0	2.50867	-1.20604	-1.9575900000000002	0.359602	
3	0.295518	0.406235	-0.864663	0.0	0.914168	0.142587	0.37942800000000004	0.0	0.277426	-0.902575	-0.32923	0.0	-3.5631800000000005	-0.832749	-1.80056	0.34891300000000003	-0.199399	0.3694	-0.907625	0.0	0.799077	-0.474826	-0.368804	0.0	-0.5672	-0.798801	-0.2005	0.0	2.51016	-1.20624	-1.9608	0.359892	
3	0.29531799999999997	0.407507	-0.864133	0.0	0.913769	0.14360699999999998	0.380004	0.0	0.27895	-0.90184	-0.329958	0.0	-3.56334	-0.8326889999999999	-1.8002	0.34897	-0.20363299999999998	0.365849	-0.9081229999999999	0.0	0.799995	-0.47253599999999996	-0.36975399999999997	0.0	-0.564395	-0.8017880000000001	-0.196453	0.0	2.50779	-1.20763	-1.9502	0.359734	
3	0.296831	0.407688	-0.8635290000000001	0.0	0.911327	0.14919200000000002	0.383698	0.0	0.285261	-0.9008510000000001	-0.327252	0.0	-3.56658	-0.8411069999999999	-1.7798	0.349041	-0.203309	0.365724	-0.9082469999999999	0.0	0.800682	-0.47179799999999994	-0.369209	0.0	-0.563537	-0.80228	-0.196908	0.0	2.50581	-1.2007	-1.9716200000000002	0.359661	
3	0.297365	0.40678800000000004	-0.863769	0.0	0.910953	0.150023	0.384262	0.0	0.28589899999999996	-0.901119	-0.325954	0.0	-3.56255	-0.845259	-1.7704099999999998	0.349184	-0.2036	0.366952	-0.9076860000000001	0.0	0.7992100000000001	-0.473218	-0.370577	0.0	-0.565517	-0.8008810000000001	-0.196924	0.0	2.50622	-1.2002700000000002	-1.97537	0.359749	
3	0.29584	0.405846	-0.8647360000000001	0.0	0.908588	0.159885	0.385881	0.0	0.29486599999999996	-0.899848	-0.321447	0.0	-3.5669800000000005	-0.852403	-1.7599200000000002	0.349033	-0.20529099999999997	0.366104	-0.907647	0.0	0.7979539999999999	-0.474364	-0.371818	0.0	-0.566679	-0.800592	-0.194752	0.0	2.50755	-1.2098799999999998	-1.9450599999999998	0.35991300000000004	
3	0.295792	0.405844	-0.8647530000000001	0.0	0.90854	0.16009600000000002	0.38590599999999997	0.0	0.295062	-0.899811	-0.321371	0.0	-3.56809	-0.852514	-1.7593299999999998	0.349044	-0.20523000000000002	0.36612	-0.9076549999999999	0.0	0.798003	-0.47432299999999994	-0.371764	0.0	-0.566632	-0.800608	-0.19482	0.0	2.5093799999999997	-1.20917	-1.9470299999999998	0.35992399999999997	
3	0.295792	0.405844	-0.8647530000000001	0.0	0.90854	0.160099	0.385907	0.0	0.295064	-0.899811	-0.32137	0.0	-3.56809	-0.852512	-1.7593400000000001	0.349044	-0.205231	0.36612	-0.9076540000000001	0.0	0.798003	-0.47432299999999994	-0.371765	0.0	-0.566632	-0.800608	-0.194819	0.0	2.5093799999999997	-1.20917	-1.9470299999999998	0.359923	
3	0.295792	0.405844	-0.8647530000000001	0.0	0.90854	0.160099	0.385907	0.0	0.295064	-0.899811	-0.32137	0.0	-3.56809	-0.852511	-1.7593400000000001	0.349044	-0.205231	0.36612	-0.9076549999999999	0.0	0.798003	-0.47432299999999994	-0.371765	0.0	-0.566632	-0.800609	-0.194819	0.0	2.5093799999999997	-1.20917	-1.9470299999999998	0.359923	
3	0.295792	0.405844	-0.8647530000000001	0.0	0.90854	0.160099	0.385907	0.0	0.295064	-0.899811	-0.32137	0.0	-3.56809	-0.852512	-1.7593400000000001	0.349044	-0.205231	0.36612	-0.9076549999999999	0.0	0.798003	-0.47432299999999994	-0.371765	0.0	-0.566632	-0.800609	-0.194819	0.0	2.5093799999999997	-1.20917	-1.9470299999999998	0.359923	
3	0.295792	0.405844	-0.8647530000000001	0.0	0.90854	0.160099	0.385907	0.0	0.295064	-0.899811	-0.32137	0.0	-3.56809	-0.852512	-1.7593400000000001	0.349044	-0.205231	0.36612	-0.9076549999999999	0.0	0.798003	-0.47432299999999994	-0.371765	0.0	-0.566632	-0.800608	-0.194819	0.0	2.5093799999999997	-1.20917	-1.9470299999999998	0.359923	
3	0.295792	0.405844	-0.8647530000000001	0.0	0.90854	0.160099	0.385907	0.0	0.295064	-0.899811	-0.321369	0.0	-3.56809	-0.852512	-1.7593400000000001	0.349044	-0.205231	0.36612	-0.9076549999999999	0.0	0.798003	-0.47432299999999994	-0.371765	0.0	-0.566632	-0.800609	-0.194819	0.0	2.5093799999999997	-1.20917	-1.9470299999999998	0.359923	
3	0.295792	0.405844	-0.8647530000000001	0.0	0.90854	0.160099	0.38590599999999997	0.0	0.295064	-0.899811	-0.321369	0.0	-3.56809	-0.852512	-1.7593400000000001	0.349044	-0.205231	0.36612	-0.9076549999999999	0.0	0.798003	-0.47432299999999994	-0.371765	0.0	-0.566632	-0.800609	-0.194819	0.0	2.5093799999999997	-1.20917	-1.9470299999999998	0.35992399999999997	
3	0.295792	0.405844	-0.8647530000000001	0.0	0.90854	0.160099	0.38590599999999997	0.0	0.295064	-0.899811	-0.321369	0.0	-3.56809	-0.852512	-1.7593400000000001	0.349044	-0.205231	0.36612	-0.9076549999999999	0.0	0.798003	-0.47432299999999994	-0.371764	0.0	-0.566632	-0.800608	-0.194819	0.0	2.5093799999999997	-1.20917	-1.9470299999999998	0.35992399999999997	
3	0.295792	0.405844	-0.8647530000000001	0.0	0.90854	0.160099	0.385907	0.0	0.295064	-0.899811	-0.321369	0.0	-3.56809	-0.852512	-1.7593400000000001	0.349044	-0.205231	0.36612	-0.9076549999999999	0.0	0.798003	-0.47432299999999994	-0.371765	0.0	-0.566632	-0.800609	-0.194819	0.0	2.5093799999999997	-1.20917	-1.9470299999999998	0.359923	
3	0.295792	0.405844	-0.8647530000000001	0.0	0.90854	0.160099	0.385907	0.0	0.295064	-0.899811	-0.321369	0.0	-3.56809	-0.852511	-1.7593400000000001	0.349044	-0.205231	0.36612	-0.9076540000000001	0.0	0.798003	-0.47432299999999994	-0.371765	0.0	-0.566632	-0.800608	-0.194819	0.0	2.5093799999999997	-1.20917	-1.9470299999999998	0.359923	
3	0.295792	0.405844	-0.8647530000000001	0.0	0.90854	0.160099	0.38590599999999997	0.0	0.295064	-0.899811	-0.321369	0.0	-3.56809	-0.852512	-1.7593400000000001	0.349044	-0.205231	0.36612	-0.9076549999999999	0.0	0.798003	-0.47432299999999994	-0.371765	0.0	-0.566632	-0.800609	-0.194819	0.0	2.5093799999999997	-1.20917	-1.9470299999999998	0.35992399999999997	
3	0.295792	0.405844	-0.8647530000000001	0.0	0.90854	0.160099	0.385907	0.0	0.295064	-0.899811	-0.32137	0.0	-3.56809	-0.852512	-1.7593400000000001	0.349044	-0.205231	0.36612	-0.9076549999999999	0.0	0.798003	-0.47432299999999994	-0.371764	0.0	-0.566632	-0.800609	-0.194819	0.0	2.5093799999999997	-1.20917	-1.9470299999999998	0.35992399999999997	
3	0.295792	0.405844	-0.8647530000000001	0.0	0.90854	0.160099	0.385907	0.0	0.295064	-0.899811	-0.32137	0.0	-3.56809	-0.852512	-1.7593400000000001	0.349044	-0.205231	0.36612	-0.9076549999999999	0.0	0.798003	-0.47432299999999994	-0.371765	0.0	-0.566632	-0.800609	-0.194819	0.0	2.5093799999999997	-1.20917	-1.9470299999999998	0.35992399999999997	
3	0.295792	0.405844	-0.8647530000000001	0.0	0.90854	0.160099	0.385907	0.0	0.295064	-0.899811	-0.32137	0.0	-3.56809	-0.852512	-1.7593400000000001	0.349044	-0.205231	0.36612	-0.9076549999999999	0.0	0.798003	-0.47432299999999994	-0.371764	0.0	-0.566632	-0.800609	-0.194819	0.0	2.5093799999999997	-1.20917	-1.9470299999999998	0.35992399999999997	
3	0.295792	0.405844	-0.8647530000000001	0.0	0.90854	0.160099	0.385907	0.0	0.295064	-0.899811	-0.32137	0.0	-3.56809	-0.852512	-1.7593400000000001	0.349044	-0.205231	0.36612	-0.9076549999999999	0.0	0.798003	-0.47432299999999994	-0.371764	0.0	-0.566632	-0.800609	-0.194819	0.0	2.5093799999999997	-1.20917	-1.9470299999999998	0.359923	
3	0.295792	0.405844	-0.8647530000000001	0.0	0.90854	0.160099	0.38590599999999997	0.0	0.295064	-0.899811	-0.321369	0.0	-3.56809	-0.852512	-1.7593400000000001	0.349044	-0.205231	0.36612	-0.9076549999999999	0.0	0.798003	-0.47432299999999994	-0.371765	0.0	-0.566632	-0.800609	-0.194819	0.0	2.5093799999999997	-1.20917	-1.9470299999999998	0.35992399999999997	
3	0.295792	0.405844	-0.8647530000000001	0.0	0.90854	0.160099	0.385907	0.0	0.295064	-0.899811	-0.321369	0.0	-3.56809	-0.852512	-1.7593400000000001	0.349044	-0.205231	0.36612	-0.9076549999999999	0.0	0.798003	-0.47432299999999994	-0.371764	0.0	-0.566632	-0.800609	-0.194819	0.0	2.5093799999999997	-1.20917	-1.9470299999999998	0.359923	
3	0.295792	0.405844	-0.8647530000000001	0.0	0.90854	0.160099	0.385907	0.0	0.295064	-0.899811	-0.32137	0.0	-3.56809	-0.852512	-1.7593400000000001	0.349044	-0.205231	0.36612	-0.9076549999999999	0.0	0.798003	-0.47432299999999994	-0.371764	0.0	-0.566632	-0.800609	-0.194819	0.0	2.5093799999999997	-1.20917	-1.9470299999999998	0.359923	
3	0.295792	0.405844	-0.8647530000000001	0.0	0.90854	0.160099	0.385907	0.0	0.295064	-0.899811	-0.32137	0.0	-3.56809	-0.852512	-1.7593400000000001	0.349044	-0.205231	0.36612	-0.9076549999999999	0.0	0.798003	-0.47432299999999994	-0.371764	0.0	-0.566632	-0.800609	-0.194819	0.0	2.5093799999999997	-1.20917	-1.9470299999999998	0.35992399999999997	
3	0.18448599999999998	0.432806	-0.882408	0.0	0.879774	0.32751399999999997	0.34457600000000005	0.0	0.43813599999999997	-0.839889	-0.32035	0.0	-3.6399800000000004	-0.896252	-1.76985	0.353519	-0.170513	0.366343	-0.914723	0.0	0.8421379999999999	-0.4278	-0.328314	0.0	-0.511594	-0.826305	-0.235566	0.0	2.45218	-1.1983	-1.95586	0.361333	
3	0.180403	0.445033	-0.8771549999999999	0.0	0.891266	0.303257	0.337165	0.0	0.41605299999999995	-0.8426040000000001	-0.341935	0.0	-3.77337	-0.939306	-1.8003200000000001	0.353222	-0.159524	0.381363	-0.910557	0.0	0.8514780000000001	-0.41358100000000003	-0.322391	0.0	-0.499537	-0.826749	-0.258746	0.0	2.4908799999999998	-1.17388	-1.99873	0.361521	
3	0.170516	0.44318500000000005	-0.8800629999999999	0.0	0.900644	0.29220100000000004	0.321652	0.0	0.39970700000000003	-0.8474700000000001	-0.349327	0.0	-3.93287	-1.0075399999999999	-1.8521299999999998	0.35329499999999997	-0.16253599999999999	0.394024	-0.9046139999999999	0.0	0.859884	-0.39307800000000004	-0.32571300000000003	0.0	-0.48392299999999994	-0.8308040000000001	-0.274926	0.0	2.61639	-1.15371	-2.05773	0.361404	
3	0.16078	0.433561	-0.8866649999999999	0.0	0.9066559999999999	0.290125	0.30627	0.0	0.390031	-0.853143	-0.34644400000000003	0.0	-4.06621	-1.09395	-1.8886	0.353432	-0.163327	0.397811	-0.9028120000000001	0.0	0.8710549999999999	-0.371531	-0.321292	0.0	-0.463236	-0.838875	-0.285835	0.0	2.74135	-1.17466	-2.09639	0.36151	
3	0.15845499999999998	0.413786	-0.8964780000000001	0.0	0.915019	0.27960799999999997	0.29079099999999997	0.0	0.370988	-0.8663719999999999	-0.33431700000000003	0.0	-4.1912400000000005	-1.2654	-1.92905	0.353484	-0.156757	0.401335	-0.902418	0.0	0.878396	-0.361047	-0.313153	0.0	-0.45149399999999995	-0.8417690000000001	-0.295935	0.0	2.87112	-1.17816	-2.12093	0.361527	
3	0.167906	0.404832	-0.8988430000000001	0.0	0.917054	0.270389	0.293089	0.0	0.361689	-0.8735	-0.325853	0.0	-4.27384	-1.39254	-1.95715	0.353606	-0.15026099999999998	0.401956	-0.9032459999999999	0.0	0.884026	-0.35441100000000003	-0.30478	0.0	-0.44262799999999997	-0.84429	-0.302086	0.0	2.9628	-1.20066	-2.15142	0.36170599999999997	
3	0.17398	0.399316	-0.9001540000000001	0.0	0.9209379999999999	0.257722	0.292324	0.0	0.348719	-0.8798450000000001	-0.322907	0.0	-4.36181	-1.4792299999999998	-1.9776900000000002	0.353636	-0.151631	0.405829	-0.901283	0.0	0.888682	-0.34321399999999996	-0.304053	0.0	-0.43272700000000003	-0.847058	-0.308611	0.0	3.06047	-1.22604	-2.17987	0.36159600000000003	
3	0.17399	0.39361	-0.9026620000000001	0.0	0.922163	0.256443	0.289572	0.0	0.34546	-0.882784	-0.318355	0.0	-4.43962	-1.515	-2.01838	0.353711	-0.152279	0.406877	-0.900701	0.0	0.891392	-0.33708299999999997	-0.302977	0.0	-0.426885	-0.849015	-0.311356	0.0	3.13837	-1.2453100000000001	-2.19346	0.361672	
3	0.171194	0.395464	-0.902386	0.0	0.921767	0.259135	0.288435	0.0	0.347905	-0.8811680000000001	-0.32016300000000003	0.0	-4.48789	-1.50892	-2.07077	0.353525	-0.150928	0.406052	-0.9013	0.0	0.8961049999999999	-0.328768	-0.298174	0.0	-0.417392	-0.852663	-0.314245	0.0	3.19403	-1.27091	-2.15658	0.361502	
3	0.158186	0.37347800000000003	-0.9140520000000001	0.0	0.9237299999999999	0.271083	0.270625	0.0	0.348856	-0.8871459999999999	-0.302111	0.0	-4.50114	-1.50958	-2.10353	0.353586	-0.144775	0.406789	-0.901977	0.0	0.90048	-0.32364699999999996	-0.29049899999999995	0.0	-0.41009399999999996	-0.8542690000000001	-0.319449	0.0	3.2479400000000003	-1.27641	-2.0954900000000003	0.361689	
3	0.152252	0.340501	-0.9278350000000001	0.0	0.9270149999999999	0.276343	0.253531	0.0	0.34272800000000003	-0.898718	-0.273575	0.0	-4.468319999999999	-1.58187	-2.12931	0.353232	-0.139247	0.404816	-0.903734	0.0	0.9083110000000001	-0.311301	-0.279395	0.0	-0.394437	-0.859776	-0.324351	0.0	3.3000800000000003	-1.31843	-2.0811	0.361962	
3	0.16006199999999998	0.31075	-0.936917	0.0	0.927327	0.277952	0.25061300000000003	0.0	0.338296	-0.9089430000000001	-0.24367800000000003	0.0	-4.45447	-1.73341	-2.16738	0.352837	-0.131665	0.401807	-0.9062100000000001	0.0	0.910183	-0.313166	-0.271098	0.0	-0.392723	-0.860511	-0.32448499999999997	0.0	3.2936099999999997	-1.37821	-2.1172400000000002	0.361799	
3	0.168469	0.285159	-0.943558	0.0	0.9232239999999999	0.289742	0.25240300000000004	0.0	0.345364	-0.913638	-0.21445300000000003	0.0	-4.48535	-1.91698	-2.24012	0.352692	-0.138763	0.40101	-0.9055030000000001	0.0	0.9117219999999999	-0.305269	-0.274906	0.0	-0.386662	-0.863714	-0.32325	0.0	3.21715	-1.46583	-2.19468	0.361633	
3	0.171149	0.25061100000000003	-0.952839	0.0	0.924003	0.294824	0.24351199999999998	0.0	0.341946	-0.9221030000000001	-0.181106	0.0	-4.4433300000000004	-2.1301900000000002	-2.34672	0.352721	-0.15173299999999998	0.40297	-0.9025479999999999	0.0	0.908335	-0.303209	-0.288083	0.0	-0.38974899999999996	-0.863527	-0.320025	0.0	3.11996	-1.53684	-2.3268	0.361594	
3	0.188944	0.210571	-0.9591459999999999	0.0	0.9194319999999999	0.305105	0.248104	0.0	0.344884	-0.928747	-0.135958	0.0	-4.3466	-2.3919900000000003	-2.4759	0.352068	-0.174626	0.405458	-0.897279	0.0	0.895558	-0.313354	-0.315888	0.0	-0.409246	-0.858728	-0.30839099999999997	0.0	2.93233	-1.62645	-2.54449	0.361375	
3	0.205537	0.18908599999999998	-0.960209	0.0	0.913924	0.313808	0.257425	0.0	0.349997	-0.9304680000000001	-0.10831199999999999	0.0	-4.16704	-2.6236200000000003	-2.63173	0.35278200000000004	-0.184444	0.400984	-0.897325	0.0	0.88175	-0.335796	-0.33129899999999995	0.0	-0.43416400000000005	-0.8523219999999999	-0.291632	0.0	2.70362	-1.6983599999999999	-2.71939	0.361802	
3	0.21649899999999997	0.175045	-0.960462	0.0	0.9112450000000001	0.316838	0.263148	0.0	0.35037399999999996	-0.9321870000000001	-0.090914	0.0	-4.07854	-2.71483	-2.6939599999999997	0.352618	-0.187326	0.403821	-0.8954540000000001	0.0	0.874875	-0.34591900000000003	-0.33902	0.0	-0.446658	-0.846917	-0.288493	0.0	2.60275	-1.7201400000000002	-2.79438	0.361786	
3	0.278832	0.14205399999999999	-0.949775	0.0	0.896596	0.315807	0.310454	0.0	0.344047	-0.9381290000000001	-0.039307999999999996	0.0	-3.6794	-3.03435	-2.9513599999999998	0.352561	-0.200896	0.40269299999999997	-0.8930170000000001	0.0	0.8497950000000001	-0.381857	-0.36336599999999997	0.0	-0.48733000000000004	-0.83188	-0.265493	0.0	2.22947	-1.7692	-3.03175	0.36184099999999997	
3	0.330034	0.125399	-0.9356030000000001	0.0	0.882885	0.30974	0.352952	0.0	0.334054	-0.942516	-0.00848782	0.0	-3.3976599999999997	-3.21007	-3.09082	0.352599	-0.212459	0.396608	-0.893064	0.0	0.836123	-0.39921100000000004	-0.376202	0.0	-0.505726	-0.8266389999999999	-0.246797	0.0	2.0175	-1.79561	-3.12303	0.361794	
3	0.388192	0.103795	-0.915715	0.0	0.869618	0.287675	0.401258	0.0	0.305076	-0.9520870000000001	0.0214111	0.0	-3.11741	-3.37598	-3.1935700000000002	0.352546	-0.215687	0.389925	-0.895231	0.0	0.827254	-0.41411800000000004	-0.379682	0.0	-0.518778	-0.822475	-0.23324699999999998	0.0	1.83438	-1.8072599999999999	-3.1804099999999997	0.36177800000000004	
3	0.432141	0.0806317	-0.898194	0.0	0.861066	0.259089	0.437537	0.0	0.267991	-0.962482	0.042533600000000005	0.0	-2.97021	-3.49755	-3.2231	0.352281	-0.21670999999999999	0.384463	-0.897343	0.0	0.824759	-0.41968599999999995	-0.37899299999999997	0.0	-0.522312	-0.8222229999999999	-0.22614	0.0	1.7559099999999999	-1.80112	-3.2183599999999997	0.361821	
3	0.467275	0.0526374	-0.8825430000000001	0.0	0.8544799999999999	0.229382	0.46609799999999996	0.0	0.226973	-0.9719120000000001	0.0622068	0.0	-2.90484	-3.5835	-3.25786	0.352566	-0.21921	0.383131	-0.8973059999999999	0.0	0.825175	-0.417925	-0.380033	0.0	-0.520609	-0.823741	-0.224537	0.0	1.72711	-1.7902799999999999	-3.2356599999999998	0.36169	
3	0.520279	-0.024853999999999998	-0.853635	0.0	0.845291	0.157346	0.510613	0.0	0.121625	-0.987231	0.102873	0.0	-2.83169	-3.60665	-3.28831	0.35020500000000004	-0.224698	0.387292	-0.894156	0.0	0.825248	-0.41230600000000006	-0.385967	0.0	-0.5181479999999999	-0.824626	-0.226967	0.0	1.72679	-1.77603	-3.2333	0.361597	
3	0.532111	-0.0759508	-0.843261	0.0	0.8442379999999999	0.12310499999999999	0.52164	0.0	0.0641906	-0.989483	0.129626	0.0	-2.91436	-3.61206	-3.3004300000000004	0.350045	-0.22714600000000001	0.390231	-0.892258	0.0	0.8253020000000001	-0.409252	-0.389088	0.0	-0.516993	-0.8247620000000001	-0.229098	0.0	1.7685099999999998	-1.77131	-3.2294099999999997	0.361656	
3	0.533927	-0.0789284	-0.841838	0.0	0.843989	0.10983399999999999	0.524994	0.0	0.051026	-0.9908110000000001	0.12525799999999998	0.0	-3.01713	-3.58049	-3.22782	0.34963099999999997	-0.226235	0.391565	-0.891905	0.0	0.825744	-0.408599	-0.388837	0.0	-0.516686	-0.8244540000000001	-0.230893	0.0	1.8017	-1.7685099999999998	-3.19753	0.36151	
3	0.539884	-0.090613	-0.8368479999999999	0.0	0.841043	0.0984944	0.531926	0.0	0.0342254	-0.9910040000000001	0.129385	0.0	-3.09897	-3.52756	-3.2069099999999997	0.34975300000000004	-0.22608899999999998	0.394656	-0.8905790000000001	0.0	0.8256110000000001	-0.407562	-0.390205	0.0	-0.5169630000000001	-0.823492	-0.23368699999999998	0.0	1.80952	-1.77338	-3.17177	0.361564	
3	0.5491550000000001	-0.0996714	-0.8297559999999999	0.0	0.835209	0.10019299999999999	0.540728	0.0	0.0292409	-0.9899629999999999	0.138268	0.0	-3.16913	-3.4738599999999997	-3.16883	0.349907	-0.225235	0.395946	-0.890223	0.0	0.82478	-0.408912	-0.390549	0.0	-0.518659	-0.822203	-0.234467	0.0	1.82308	-1.7983	-3.1653700000000002	0.361628	
0	0.550125	-0.0750654	-0.831702	0.0	0.8342809999999999	0.093033	0.543434	0.0	0.0365826	-0.9928290000000001	0.11380499999999999	0.0	-3.28136	-3.3248699999999998	-3.1829	0.349785	-0.22465500000000002	0.397913	-0.8894920000000001	0.0	0.823816	-0.409974	-0.391469	0.0	-0.520439	-0.820723	-0.23570500000000003	0.0	1.8297700000000001	-1.8129	-3.15967	0.361641	
0	0.5358850000000001	-0.0363293	-0.8435090000000001	0.0	0.842781	0.0827405	0.531859	0.0	0.0504703	-0.995909	0.07495700000000001	0.0	-3.37811	-3.11975	-3.25655	0.35037199999999996	-0.224318	0.399042	-0.889071	0.0	0.8217120000000001	-0.413012	-0.392696	0.0	-0.523899	-0.818649	-0.235252	0.0	1.8273400000000002	-1.8173400000000002	-3.15353	0.361784	
0	0.5095029999999999	0.000728369	-0.860469	0.0	0.858132	0.0732243	0.508181	0.0	0.0633773	-0.997315	0.036683	0.0	-3.47977	-2.8387599999999997	-3.3670400000000003	0.35117600000000004	-0.223613	0.401354	-0.888207	0.0	0.8192020000000001	-0.41637299999999994	-0.394387	0.0	-0.528115	-0.815812	-0.235684	0.0	1.8227200000000001	-1.81958	-3.16683	0.361757	
0	0.47850200000000004	-0.021434599999999998	-0.877825	0.0	0.8754540000000001	0.0889987	0.47503599999999996	0.0	0.0679431	-0.995801	0.0613511	0.0	-3.52926	-2.6522	-3.33468	0.351152	-0.22223299999999999	0.40197	-0.888275	0.0	0.8168310000000001	-0.42068500000000003	-0.39473	0.0	-0.532353	-0.813293	-0.234852	0.0	1.79679	-1.8278400000000001	-3.18255	0.361919	
0	0.45575600000000005	-0.0407709	-0.8891709999999999	0.0	0.8868159999999999	0.106591	0.449662	0.0	0.0764441	-0.993467	0.0847355	0.0	-3.55424	-2.55071	-3.1960900000000003	0.350966	-0.221602	0.400416	-0.889134	0.0	0.8145640000000001	-0.42524700000000004	-0.394525	0.0	-0.536076	-0.811684	-0.231929	0.0	1.7709700000000002	-1.84031	-3.19401	0.36175100000000004	
0	0.44318199999999996	-0.050332199999999994	-0.8950170000000001	0.0	0.8935799999999999	0.104376	0.436601	0.0	0.07144360000000001	-0.9932629999999999	0.0912336	0.0	-3.56219	-2.51992	-3.10207	0.350943	-0.220912	0.400573	-0.889235	0.0	0.814247	-0.426121	-0.394237	0.0	-0.536842	-0.811149	-0.23203000000000001	0.0	1.75673	-1.8422	-3.19708	0.3617	
0	0.452745	-0.10344500000000001	-0.885619	0.0	0.890602	0.100382	0.443567	0.0	0.0430156	-0.989557	0.137576	0.0	-3.5609699999999997	-2.56947	-2.7657700000000003	0.350544	-0.21885700000000002	0.39936900000000003	-0.890284	0.0	0.8107949999999999	-0.433195	-0.393642	0.0	-0.542875	-0.8079890000000001	-0.22899899999999998	0.0	1.73426	-1.84833	-3.20968	0.361642	
0	0.469208	-0.143005	-0.871432	0.0	0.8826430000000001	0.10725699999999999	0.457643	0.0	0.028021800000000003	-0.983893	0.176548	0.0	-3.61329	-2.72432	-2.58491	0.3499	-0.217489	0.39831300000000003	-0.891092	0.0	0.808669	-0.43770699999999996	-0.393024	0.0	-0.5465840000000001	-0.806077	-0.22690700000000003	0.0	1.7067400000000001	-1.8597299999999999	-3.21558	0.361625	
0	0.471078	-0.148471	-0.8695069999999999	0.0	0.881425	0.117552	0.457463	0.0	0.0342926	-0.9819049999999999	0.18624200000000002	0.0	-3.61887	-2.77405	-2.51664	0.3499	-0.217227	0.39772399999999997	-0.8914190000000001	0.0	0.808059	-0.43903500000000006	-0.392797	0.0	-0.547589	-0.805645	-0.226014	0.0	1.69547	-1.8643299999999998	-3.2156599999999997	0.361688	
0	0.481537	-0.155197	-0.862576	0.0	0.8753299999999999	0.134363	0.46448199999999995	0.0	0.043812199999999996	-0.9787040000000001	0.200549	0.0	-3.5941300000000003	-2.93017	-2.42129	0.350238	-0.219458	0.398173	-0.8906719999999999	0.0	0.807986	-0.437492	-0.394665	0.0	-0.5468069999999999	-0.806262	-0.22570700000000002	0.0	1.6855	-1.87493	-3.21793	0.361578	
0	0.48439799999999994	-0.17185699999999998	-0.8578020000000001	0.0	0.8738549999999999	0.141755	0.465063	0.0	0.0416735	-0.9748700000000001	0.21884299999999998	0.0	-3.57228	-3.0417400000000003	-2.39515	0.35011	-0.22266599999999998	0.399492	-0.889284	0.0	0.808992	-0.433304	-0.397215	0.0	-0.544014	-0.80787	-0.226704	0.0	1.6816400000000002	-1.88304	-3.19581	0.36135	
0	0.493641	-0.166326	-0.853613	0.0	0.868526	0.144534	0.474103	0.0	0.0445205	-0.9754209999999999	0.215806	0.0	-3.5268	-3.14342	-2.40556	0.35017	-0.22099699999999997	0.398507	-0.890142	0.0	0.81075	-0.43223199999999995	-0.39479200000000003	0.0	-0.542075	-0.80893	-0.227568	0.0	1.72213	-1.8983	-3.1994599999999997	0.361502	
0	0.502311	-0.16050699999999998	-0.8496600000000001	0.0	0.8627729999999999	0.15838	0.48014399999999996	0.0	0.0575023	-0.974245	0.21803699999999998	0.0	-3.44642	-3.2271099999999997	-2.38604	0.350294	-0.220944	0.399181	-0.8898530000000001	0.0	0.811964	-0.43015299999999995	-0.394567	0.0	-0.540277	-0.809706	-0.229081	0.0	1.7488299999999999	-1.9122700000000001	-3.1937900000000004	0.361545	
0	0.5080100000000001	-0.157708	-0.8467899999999999	0.0	0.858799	0.16836099999999998	0.48385900000000004	0.0	0.0662583	-0.9730280000000001	0.22096799999999997	0.0	-3.39644	-3.2842300000000004	-2.39557	0.350162	-0.22100999999999998	0.39979699999999996	-0.88956	0.0	0.811942	-0.42986800000000003	-0.394922	0.0	-0.540283	-0.809553	-0.229607	0.0	1.76823	-1.92592	-3.1856299999999997	0.361539	
0	0.5101140000000001	-0.159393	-0.845209	0.0	0.8574149999999999	0.171927	0.485058	0.0	0.0679992	-0.9721290000000001	0.22436799999999998	0.0	-3.3571	-3.3552	-2.41514	0.350124	-0.220547	0.396386	-0.8912	0.0	0.811509	-0.432334	-0.39311799999999997	0.0	-0.541122	-0.809918	-0.226321	0.0	1.78361	-1.94697	-3.18423	0.361605	
0	0.511605	-0.165261	-0.8431780000000001	0.0	0.8568819999999999	0.170497	0.48650299999999996	0.0	0.0633592	-0.9714010000000001	0.228836	0.0	-3.3331699999999995	-3.44679	-2.43076	0.35021599999999997	-0.21963400000000002	0.395814	-0.8916790000000001	0.0	0.8118029999999999	-0.432746	-0.392054	0.0	-0.5410510000000001	-0.8099770000000001	-0.226278	0.0	1.79583	-1.96412	-3.18243	0.361498	
0	0.51147	-0.17351	-0.841601	0.0	0.857066	0.173602	0.48507799999999995	0.0	0.061938	-0.969411	0.237502	0.0	-3.30071	-3.53505	-2.38813	0.350091	-0.218171	0.394527	-0.892608	0.0	0.81181	-0.43426000000000003	-0.390362	0.0	-0.541632	-0.8097949999999999	-0.22553800000000002	0.0	1.80523	-1.9677900000000002	-3.18051	0.361536	
0	0.515459	-0.178304	-0.838158	0.0	0.8549629999999999	0.172984	0.488994	0.0	0.0577986	-0.968651	0.24161	0.0	-3.30896	-3.60531	-2.4007	0.349946	-0.217442	0.394872	-0.892634	0.0	0.811505	-0.435042	-0.390127	0.0	-0.542383	-0.809207	-0.22584400000000002	0.0	1.8094	-1.97125	-3.1779599999999997	0.361453	
0	0.525227	-0.178848	-0.8319559999999999	0.0	0.849618	0.165157	0.500872	0.0	0.04782380000000001	-0.969916	0.238697	0.0	-3.3049699999999995	-3.60641	-2.39759	0.34887199999999996	-0.216279	0.39464299999999997	-0.893018	0.0	0.8103670000000001	-0.437591	-0.389642	0.0	-0.544545	-0.8079430000000001	-0.22516399999999998	0.0	1.8161	-1.97565	-3.17903	0.361335	
0	0.53781	-0.18846500000000002	-0.821731	0.0	0.842161	0.165243	0.513283	0.0	0.03904969999999999	-0.9680780000000001	0.247588	0.0	-3.3071	-3.6062800000000004	-2.40535	0.34567	-0.21497399999999997	0.39352600000000004	-0.893825	0.0	0.809445	-0.44028199999999995	-0.388523	0.0	-0.5464289999999999	-0.807025	-0.223888	0.0	1.8135599999999998	-1.98145	-3.17347	0.361413	
0	0.5503279999999999	-0.183282	-0.814584	0.0	0.8344379999999999	0.15482200000000002	0.528907	0.0	0.029176099999999996	-0.970792	0.23814000000000002	0.0	-3.30749	-3.60696	-2.4081200000000003	0.343484	-0.213419	0.391395	-0.895133	0.0	0.808575	-0.44348000000000004	-0.386693	0.0	-0.548323	-0.8063100000000001	-0.221825	0.0	1.7915599999999998	-1.99248	-3.13435	0.36132	
0	0.555208	-0.180976	-0.811783	0.0	0.831376	0.148476	0.535508	0.0	0.023615999999999998	-0.9722149999999999	0.23289400000000002	0.0	-3.30986	-3.60711	-2.40864	0.34144	-0.21291500000000002	0.39064099999999996	-0.895581	0.0	0.808399	-0.444383	-0.386023	0.0	-0.548778	-0.806178	-0.221178	0.0	1.7828400000000002	-1.99722	-3.10832	0.361255	
0	0.564051	-0.181324	-0.805585	0.0	0.825365	0.15318900000000002	0.54342	0.0	0.0248713	-0.971419	0.236065	0.0	-3.31267	-3.60667	-2.41149	0.34108	-0.212784	0.391002	-0.8954549999999999	0.0	0.808139	-0.444693	-0.386212	0.0	-0.549212	-0.805832	-0.221361	0.0	1.7803400000000003	-2.00137	-3.09294	0.361171	
0	0.569341	-0.19050999999999998	-0.799723	0.0	0.8220299999999999	0.119128	0.556843	0.0	-0.0108149	-0.9744299999999999	0.22443000000000002	0.0	-3.32191	-3.6048199999999997	-2.42549	0.28865599999999997	-0.21168299999999998	0.39111599999999996	-0.895666	0.0	0.8076409999999999	-0.44606899999999994	-0.385667	0.0	-0.55037	-0.805016	-0.221456	0.0	1.7800599999999998	-2.00731	-3.09191	0.360831	
0	0.501085	-0.207827	-0.840073	0.0	0.865108	0.0951551	0.49247700000000005	0.0	-0.0224127	-0.973526	0.227473	0.0	-3.41114	-3.59104	-2.52315	0.11848099999999999	-0.209355	0.388662	-0.897281	0.0	0.806721	-0.44992	-0.38311	0.0	-0.552605	-0.8040609999999999	-0.219349	0.0	1.77565	-2.01065	-3.09055	0.360808	
0	0.491483	-0.20740100000000003	-0.845831	0.0	0.8707	0.0968569	0.482183	0.0	-0.0180805	-0.973449	0.228187	0.0	-3.4160199999999996	-3.5909699999999996	-2.5251900000000003	0.11845	-0.20871599999999998	0.38757600000000003	-0.897899	0.0	0.8058529999999999	-0.452039	-0.382441	0.0	-0.55411	-0.803397	-0.217982	0.0	1.77075	-2.00999	-3.08795	0.3609	
0	0.483337	-0.205425	-0.8509909999999999	0.0	0.8753620000000001	0.100892	0.47282399999999997	0.0	-0.0112713	-0.973459	0.228586	0.0	-3.41966	-3.59101	-2.5266900000000003	0.11888699999999999	-0.208829	0.385779	-0.898646	0.0	0.804559	-0.454607	-0.38212199999999996	0.0	-0.555946	-0.802812	-0.21544699999999997	0.0	1.7641799999999999	-2.0155	-3.07955	0.360887	
0	0.478524	-0.19409200000000001	-0.8563540000000001	0.0	0.8779680000000001	0.120965	0.463185	0.0	0.0136887	-0.973497	0.228292	0.0	-3.4555599999999997	-3.5886400000000003	-2.53419	0.118546	-0.208394	0.385123	-0.8990290000000001	0.0	0.802983	-0.45742200000000005	-0.382079	0.0	-0.5583819999999999	-0.801527	-0.213923	0.0	1.7504099999999998	-2.02353	-3.07084	0.361043	
0	0.48256000000000004	-0.186504	-0.855776	0.0	0.875558	0.12850599999999998	0.46570900000000004	0.0	0.0231163	-0.9740139999999999	0.225307	0.0	-3.46271	-3.5872900000000003	-2.5316	0.118583	-0.208071	0.38609699999999997	-0.8986860000000001	0.0	0.8024	-0.45803900000000003	-0.382562	0.0	-0.559339	-0.800705	-0.2145	0.0	1.7424	-2.03341	-3.07325	0.360992	
0	0.48406800000000005	-0.16325599999999998	-0.8596659999999999	0.0	0.8735299999999999	0.147661	0.463833	0.0	0.051215699999999996	-0.9754709999999999	0.214087	0.0	-3.44677	-3.5811900000000003	-2.55495	0.118692	-0.210294	0.383886	-0.899115	0.0	0.79885	-0.462689	-0.384392	0.0	-0.563573	-0.799094	-0.209367	0.0	1.71858	-2.06113	-3.0787299999999997	0.361214	
