3	0.593133	0.516197	-0.617846	0.0	0.6866909999999999	0.0762607	0.722938	0.0	0.420296	-0.853068	-0.309235	0.0	-2.7396700000000003	2.0	1.46191	0.0	-0.593132	0.516197	-0.617846	0.0	0.7501479999999999	0.0756643	-0.656926	0.0	-0.29235500000000003	-0.8531209999999999	-0.43210299999999996	0.0	2.66032	2.0	1.53809	0.0	
3	0.165907	0.669717	-0.723846	0.0	0.532496	0.556967	0.637366	0.0	0.8300139999999999	-0.49118900000000004	-0.264217	0.0	-2.79582	1.7853	1.29615	0.0	-0.593132	0.516197	-0.617846	0.0	0.7501800000000001	0.07575599999999999	-0.65688	0.0	-0.292274	-0.8531129999999999	-0.432174	0.0	2.66032	2.0	1.53809	0.0	
3	0.19864600000000002	0.6226229999999999	-0.756888	0.0	0.590784	0.540126	0.5993649999999999	0.0	0.781994	-0.5662189999999999	-0.260542	0.0	-2.78511	1.41913	1.02359	0.0	-0.352839	0.756219	-0.551034	0.0	0.452083	-0.377832	-0.8079999999999999	0.0	-0.8192229999999999	-0.534207	-0.20856	0.0	2.6667	1.79358	1.30749	0.0	
3	0.17932599999999999	0.620791	-0.763191	0.0	0.640826	0.5149	0.5694020000000001	0.0	0.746447	-0.591182	-0.30548400000000003	0.0	-2.80585	1.1952200000000002	0.859743	0.034688699999999996	-0.302217	0.732962	-0.609452	0.0	0.5062800000000001	-0.4183	-0.7541260000000001	0.0	-0.807679	-0.536463	-0.244667	0.0	2.68654	1.6446	1.1679700000000002	0.0	
3	0.12803499999999998	0.615825	-0.77741	0.0	0.638408	0.548692	0.5397890000000001	0.0	0.7589739999999999	-0.5654170000000001	-0.322896	0.0	-2.7458099999999996	1.06227	0.795266	0.358156	-0.231791	0.695577	-0.680034	0.0	0.515177	-0.505209	-0.6923560000000001	0.0	-0.8251459999999999	-0.5108189999999999	-0.24124299999999999	0.0	2.6581900000000003	1.49597	1.11786	0.340794	
3	0.0922895	0.5598569999999999	-0.823433	0.0	0.683261	0.565945	0.461369	0.0	0.7243189999999999	-0.6051989999999999	-0.330298	0.0	-2.6886400000000004	0.946041	0.788988	0.362506	-0.21176599999999998	0.668799	-0.712645	0.0	0.511359	-0.545582	-0.663967	0.0	-0.832867	-0.505023	-0.22646	0.0	2.5518	1.40018	1.11087	0.361302	
3	0.125709	0.518166	-0.845992	0.0	0.720276	0.538733	0.43700000000000006	0.0	0.6822020000000001	-0.664283	-0.30549899999999997	0.0	-2.7124900000000003	0.8223299999999999	0.785628	0.362026	-0.20886500000000002	0.6632170000000001	-0.718692	0.0	0.504534	-0.556469	-0.660143	0.0	-0.8377479999999999	-0.5004850000000001	-0.218389	0.0	2.4978700000000003	1.39241	1.15296	0.361168	
3	0.23439000000000002	0.46463699999999997	-0.853917	0.0	0.7756689999999999	0.440101	0.45238199999999995	0.0	0.5860029999999999	-0.76839	-0.257249	0.0	-2.80714	0.695979	0.728672	0.359668	-0.205204	0.654519	-0.727665	0.0	0.491935	-0.573769	-0.65482	0.0	-0.846103	-0.49233599999999994	-0.204241	0.0	2.42117	1.3695700000000002	1.2343899999999999	0.361537	
3	0.282792	0.41655299999999995	-0.8640100000000001	0.0	0.8074979999999999	0.382754	0.44882799999999995	0.0	0.517664	-0.8246110000000001	-0.22812600000000002	0.0	-2.8778599999999996	0.59302	0.59115	0.35822800000000005	-0.207132	0.650483	-0.730731	0.0	0.484709	-0.580573	-0.654211	0.0	-0.8497959999999999	-0.4897	-0.19504000000000002	0.0	2.38508	1.365	1.26195	0.361748	
3	0.35226799999999997	0.316727	-0.880676	0.0	0.841101	0.30553	0.44631899999999997	0.0	0.410434	-0.897962	-0.158771	0.0	-2.9618900000000004	0.45281000000000005	0.439013	0.35694000000000004	-0.205566	0.647588	-0.733739	0.0	0.48086599999999996	-0.586163	-0.652059	0.0	-0.852356	-0.486871	-0.190908	0.0	2.3712400000000002	1.3692799999999998	1.2899399999999999	0.361551	
3	0.40326	0.281904	-0.8705809999999999	0.0	0.8513879999999999	0.233158	0.469868	0.0	0.335441	-0.930681	-0.14598599999999998	0.0	-3.0725	0.405949	0.216587	0.355488	-0.204921	0.644256	-0.736846	0.0	0.473711	-0.593497	-0.6506609999999999	0.0	-0.856508	-0.482386	-0.183571	0.0	2.3619	1.3664	1.33471	0.36183899999999997	
3	0.421958	0.27676	-0.863339	0.0	0.860241	0.17843699999999998	0.477646	0.0	0.28624499999999997	-0.944227	-0.162787	0.0	-3.1942	0.444453	-0.156972	0.354365	-0.203629	0.639274	-0.741528	0.0	0.466053	-0.6027859999999999	-0.647645	0.0	-0.8610049999999999	-0.477471	-0.175191	0.0	2.35328	1.3808200000000002	1.3983	0.362119	
3	0.44708000000000003	0.26208400000000004	-0.8552379999999999	0.0	0.858426	0.143055	0.49258500000000005	0.0	0.251445	-0.954383	-0.161023	0.0	-3.3004	0.430501	-0.446155	0.35364	-0.20308900000000002	0.636975	-0.7436520000000001	0.0	0.46046899999999996	-0.608128	-0.646644	0.0	-0.864132	-0.47375500000000004	-0.169803	0.0	2.34707	1.40638	1.43087	0.362154	
3	0.446508	0.258813	-0.856532	0.0	0.8644569999999999	0.12231500000000001	0.487599	0.0	0.23096399999999997	-0.958152	-0.16911800000000002	0.0	-3.3713699999999998	0.369079	-0.7984979999999999	0.352878	-0.201632	0.6372869999999999	-0.743781	0.0	0.45698500000000003	-0.610449	-0.646929	0.0	-0.8663200000000001	-0.47033800000000003	-0.16814500000000002	0.0	2.33772	1.4259899999999999	1.44951	0.362205	
3	0.44000600000000006	0.24464499999999997	-0.864027	0.0	0.868201	0.129893	0.47891000000000006	0.0	0.22939400000000001	-0.960873	-0.155248	0.0	-3.36516	0.28273400000000004	-0.9618459999999999	0.352577	-0.202272	0.637966	-0.743025	0.0	0.45383100000000004	-0.611263	-0.648379	0.0	-0.867827	-0.46835699999999997	-0.165888	0.0	2.3283099999999997	1.42818	1.4512399999999999	0.362268	
3	0.44156599999999996	0.208236	-0.8727299999999999	0.0	0.870151	0.137775	0.47313500000000003	0.0	0.218764	-0.968326	-0.12036	0.0	-3.37055	0.0434332	-1.2614100000000001	0.351901	-0.203237	0.638447	-0.742348	0.0	0.448954	-0.613009	-0.6501239999999999	0.0	-0.870135	-0.465409	-0.162048	0.0	2.30878	1.43915	1.47115	0.362168	
3	0.46156400000000003	0.12085	-0.8788370000000001	0.0	0.8665069999999999	0.150836	0.47583000000000003	0.0	0.190064	-0.981144	-0.035097199999999995	0.0	-3.31275	-0.38302800000000004	-1.46119	0.35036799999999996	-0.20369600000000002	0.64156	-0.739533	0.0	0.445033	-0.612143	-0.653626	0.0	-0.8720399999999999	-0.462257	-0.160824	0.0	2.29892	1.45985	1.48556	0.362067	
3	0.482994	0.0757188	-0.872344	0.0	0.857958	0.158187	0.48876000000000003	0.0	0.175002	-0.984502	0.0114397	0.0	-3.2269200000000002	-0.598899	-1.45394	0.349547	-0.202889	0.640987	-0.740251	0.0	0.441762	-0.6147520000000001	-0.653396	0.0	-0.8738889999999999	-0.459582	-0.158437	0.0	2.29936	1.4806	1.499	0.362154	
3	0.509692	0.050327699999999996	-0.858884	0.0	0.848281	0.137275	0.511444	0.0	0.143643	-0.9892540000000001	0.0272758	0.0	-3.1453900000000004	-0.702047	-1.46602	0.348773	-0.19777999999999998	0.647636	-0.735833	0.0	0.434155	-0.6151449999999999	-0.658108	0.0	-0.8788590000000001	-0.449626	-0.159511	0.0	2.3007	1.54156	1.50839	0.36206	
3	0.5239020000000001	0.031099599999999998	-0.85121	0.0	0.8420860000000001	0.131414	0.523088	0.0	0.128129	-0.9908399999999999	0.042659699999999995	0.0	-3.12058	-0.7397050000000001	-1.47671	0.348627	-0.196728	0.65341	-0.730995	0.0	0.427836	-0.613627	-0.66364	0.0	-0.882187	-0.44330299999999995	-0.158835	0.0	2.29703	1.5743	1.51631	0.361929	
3	0.529199	0.017643799999999998	-0.8483139999999999	0.0	0.839881	0.13122999999999999	0.526667	0.0	0.120617	-0.991195	0.0546279	0.0	-3.09449	-0.748102	-1.4496200000000001	0.348632	-0.197433	0.658601	-0.72613	0.0	0.418865	-0.6130180000000001	-0.6698970000000001	0.0	-0.8863260000000001	-0.43641	-0.154835	0.0	2.29471	1.6147799999999999	1.53515	0.362072	
3	0.530676	0.00830141	-0.847534	0.0	0.8392200000000001	0.134911	0.526792	0.0	0.11871500000000001	-0.990823	0.0646273	0.0	-3.0874	-0.754153	-1.42666	0.348246	-0.193166	0.668633	-0.718065	0.0	0.41089499999999995	-0.609455	-0.678034	0.0	-0.890984	-0.426022	-0.15701199999999998	0.0	2.30019	1.68167	1.55986	0.361887	
3	0.5296609999999999	0.00749975	-0.848176	0.0	0.8398530000000001	0.135383	0.52566	0.0	0.118771	-0.990765	0.0654083	0.0	-3.0826599999999997	-0.753893	-1.43002	0.348507	-0.187998	0.673661	-0.714729	0.0	0.408851	-0.60798	-0.680589	0.0	-0.893027	-0.420167	-0.161128	0.0	2.30877	1.7254599999999998	1.5704	0.361741	
3	0.532417	-0.00136945	-0.8464809999999999	0.0	0.839199	0.131754	0.527623	0.0	0.110805	-0.991281	0.0712975	0.0	-3.0766	-0.7596149999999999	-1.42638	0.348446	-0.174862	0.677216	-0.714704	0.0	0.390115	-0.6188239999999999	-0.681812	0.0	-0.9040100000000001	-0.39804	-0.15598399999999998	0.0	2.32671	1.8111700000000002	1.58418	0.361363	
3	0.53301	0.00166091	-0.8461069999999999	0.0	0.839098	0.127432	0.528844	0.0	0.1087	-0.9918459999999999	0.06652899999999999	0.0	-3.07992	-0.7648119999999999	-1.43527	0.348437	-0.167497	0.681341	-0.712544	0.0	0.38298000000000004	-0.621023	-0.683855	0.0	-0.908444	-0.38743299999999997	-0.156921	0.0	2.3216099999999997	1.8661299999999998	1.5719	0.361136	
3	0.533177	-0.00427377	-0.845993	0.0	0.838515	0.135424	0.5277810000000001	0.0	0.112312	-0.9907790000000001	0.0757887	0.0	-3.0645	-0.774134	-1.3814600000000001	0.348951	-0.16395	0.680076	-0.714575	0.0	0.374983	-0.6270359999999999	-0.6827979999999999	0.0	-0.9124190000000001	-0.379899	-0.15221500000000002	0.0	2.2797	1.8856700000000002	1.56962	0.361222	
3	0.533247	-0.00418574	-0.84595	0.0	0.8384659999999999	0.13542	0.527859	0.0	0.112349	-0.9907790000000001	0.075722	0.0	-3.06292	-0.773598	-1.3845100000000001	0.34892199999999995	-0.163965	0.679942	-0.714699	0.0	0.37501799999999996	-0.6271439999999999	-0.6826800000000001	0.0	-0.912402	-0.37995999999999996	-0.152161	0.0	2.2803299999999997	1.8849099999999999	1.5704799999999999	0.361214	
3	0.533247	-0.00418353	-0.845949	0.0	0.8384659999999999	0.135417	0.5278609999999999	0.0	0.112348	-0.9907799999999999	0.0757186	0.0	-3.06295	-0.7735989999999999	-1.3845399999999999	0.348921	-0.163966	0.679941	-0.7147	0.0	0.37501999999999996	-0.6271439999999999	-0.682679	0.0	-0.912401	-0.379963	-0.152161	0.0	2.28037	1.8848900000000002	1.57045	0.361214	
3	0.533247	-0.0041835	-0.845949	0.0	0.8384659999999999	0.135417	0.5278609999999999	0.0	0.112348	-0.9907799999999999	0.0757186	0.0	-3.06295	-0.7735989999999999	-1.3845399999999999	0.348921	-0.163966	0.679941	-0.7147	0.0	0.375019	-0.6271439999999999	-0.682679	0.0	-0.912401	-0.379963	-0.152161	0.0	2.28037	1.8848900000000002	1.57045	0.361214	
3	0.533247	-0.0041835	-0.845949	0.0	0.8384659999999999	0.135417	0.5278609999999999	0.0	0.112348	-0.9907799999999999	0.0757186	0.0	-3.06295	-0.7735989999999999	-1.3845399999999999	0.348921	-0.163966	0.679941	-0.7147	0.0	0.37501999999999996	-0.6271439999999999	-0.682679	0.0	-0.912401	-0.379963	-0.152161	0.0	2.28037	1.8848900000000002	1.57045	0.361214	
3	0.533247	-0.0041835	-0.845949	0.0	0.8384659999999999	0.135417	0.5278609999999999	0.0	0.112348	-0.9907799999999999	0.0757186	0.0	-3.06295	-0.773598	-1.3845399999999999	0.348921	-0.163966	0.679941	-0.7147	0.0	0.375019	-0.6271439999999999	-0.682679	0.0	-0.912401	-0.379963	-0.152161	0.0	2.28037	1.8848900000000002	1.57045	0.361214	
3	0.533247	-0.0041835	-0.845949	0.0	0.8384659999999999	0.135417	0.5278609999999999	0.0	0.112348	-0.9907799999999999	0.0757186	0.0	-3.06295	-0.7735989999999999	-1.3845399999999999	0.348921	-0.163966	0.67994	-0.7147	0.0	0.37501999999999996	-0.6271439999999999	-0.682679	0.0	-0.912401	-0.379963	-0.152161	0.0	2.28036	1.8848900000000002	1.57045	0.361214	
3	0.533247	-0.0041835	-0.845949	0.0	0.8384659999999999	0.135418	0.5278609999999999	0.0	0.112348	-0.9907799999999999	0.0757188	0.0	-3.06295	-0.7735989999999999	-1.3845399999999999	0.348921	-0.163966	0.679941	-0.7147	0.0	0.375019	-0.6271439999999999	-0.682679	0.0	-0.912401	-0.379963	-0.152161	0.0	2.28037	1.8848900000000002	1.57045	0.361214	
3	0.533247	-0.0041835	-0.845949	0.0	0.8384659999999999	0.135418	0.5278609999999999	0.0	0.112348	-0.9907799999999999	0.0757188	0.0	-3.06295	-0.7735989999999999	-1.3845399999999999	0.348921	-0.163966	0.679941	-0.7147	0.0	0.375019	-0.6271439999999999	-0.682679	0.0	-0.912401	-0.379963	-0.152161	0.0	2.28037	1.8848900000000002	1.57045	0.361214	
3	0.533247	-0.00418347	-0.845949	0.0	0.8384659999999999	0.135418	0.5278609999999999	0.0	0.112348	-0.9907799999999999	0.0757187	0.0	-3.06295	-0.7735989999999999	-1.3845399999999999	0.348921	-0.163966	0.67994	-0.7147	0.0	0.37501999999999996	-0.6271439999999999	-0.682679	0.0	-0.912401	-0.379963	-0.152161	0.0	2.28036	1.8848900000000002	1.57045	0.361214	
3	0.533247	-0.00418344	-0.845949	0.0	0.8384659999999999	0.135418	0.5278609999999999	0.0	0.112348	-0.9907799999999999	0.0757187	0.0	-3.06295	-0.7735989999999999	-1.3845399999999999	0.348921	-0.163966	0.67994	-0.7147	0.0	0.375019	-0.6271439999999999	-0.682679	0.0	-0.912401	-0.37996199999999997	-0.15216	0.0	2.28036	1.8848900000000002	1.57045	0.361214	
3	0.533247	-0.00418344	-0.845949	0.0	0.8384659999999999	0.135418	0.5278609999999999	0.0	0.112348	-0.9907799999999999	0.0757187	0.0	-3.06295	-0.7735989999999999	-1.3845399999999999	0.348921	-0.163966	0.679941	-0.7147	0.0	0.375019	-0.6271439999999999	-0.682679	0.0	-0.912401	-0.379963	-0.152161	0.0	2.28037	1.8848900000000002	1.57045	0.361214	
3	0.533247	-0.00418344	-0.845949	0.0	0.8384659999999999	0.135418	0.5278609999999999	0.0	0.112348	-0.9907799999999999	0.0757187	0.0	-3.06295	-0.7735989999999999	-1.3845399999999999	0.348921	-0.163966	0.679941	-0.7147	0.0	0.375019	-0.6271439999999999	-0.682679	0.0	-0.912401	-0.379963	-0.152161	0.0	2.28036	1.8848900000000002	1.57045	0.361214	
3	0.533247	-0.00418347	-0.845949	0.0	0.8384659999999999	0.135418	0.5278609999999999	0.0	0.112348	-0.9907799999999999	0.0757187	0.0	-3.06295	-0.7735989999999999	-1.3845399999999999	0.348921	-0.163966	0.679941	-0.7147	0.0	0.375019	-0.6271439999999999	-0.682679	0.0	-0.912401	-0.379963	-0.152161	0.0	2.28037	1.8848900000000002	1.57045	0.361214	
3	0.533247	-0.00418344	-0.845949	0.0	0.8384659999999999	0.135418	0.5278609999999999	0.0	0.112348	-0.9907799999999999	0.0757187	0.0	-3.06295	-0.7735989999999999	-1.3845399999999999	0.348921	-0.163966	0.67994	-0.7147	0.0	0.375019	-0.6271439999999999	-0.682679	0.0	-0.912401	-0.37996199999999997	-0.152161	0.0	2.28036	1.8848900000000002	1.57045	0.361214	
3	0.533247	-0.00418347	-0.845949	0.0	0.8384659999999999	0.135418	0.5278609999999999	0.0	0.112348	-0.9907799999999999	0.0757187	0.0	-3.06295	-0.7735989999999999	-1.3845399999999999	0.348921	-0.163966	0.679941	-0.7147	0.0	0.375019	-0.6271439999999999	-0.682679	0.0	-0.912401	-0.379963	-0.152161	0.0	2.28037	1.8848900000000002	1.57045	0.361214	
3	0.533247	-0.0041835	-0.845949	0.0	0.8384659999999999	0.135418	0.5278609999999999	0.0	0.112348	-0.9907799999999999	0.0757188	0.0	-3.06295	-0.7735989999999999	-1.3845399999999999	0.348921	-0.163966	0.679941	-0.7147	0.0	0.375019	-0.6271439999999999	-0.682679	0.0	-0.912401	-0.379963	-0.152161	0.0	2.28036	1.8848900000000002	1.57045	0.361214	
3	0.481426	0.35191	-0.8027380000000001	0.0	0.797099	0.20509000000000002	0.567954	0.0	0.364502	-0.9132889999999999	-0.181772	0.0	-3.05013	-0.8912629999999999	-1.45727	0.350662	-0.202691	0.6663899999999999	-0.7175239999999999	0.0	0.350877	-0.6346569999999999	-0.688546	0.0	-0.914222	-0.391325	-0.105182	0.0	2.21338	1.9027599999999998	1.6654400000000003	0.36279	
3	0.495158	0.332399	-0.802701	0.0	0.7969390000000001	0.194161	0.572006	0.0	0.345988	-0.9229370000000001	-0.168762	0.0	-2.99365	-1.07066	-1.5147700000000002	0.350306	-0.20425	0.663804	-0.719476	0.0	0.349806	-0.6369520000000001	-0.68697	0.0	-0.914285	-0.391991	-0.10210599999999999	0.0	2.18171	1.90325	1.69477	0.362684	
3	0.50025	0.29144899999999996	-0.815357	0.0	0.80329	0.195301	0.562657	0.0	0.323226	-0.9364370000000001	-0.136419	0.0	-2.94228	-1.31916	-1.561	0.349802	-0.204517	0.662263	-0.720819	0.0	0.346044	-0.6399189999999999	-0.686117	0.0	-0.9156559999999999	-0.389757	-0.0982978	0.0	2.16525	1.91155	1.7061	0.362848	
3	0.510627	0.25246599999999997	-0.821901	0.0	0.8088420000000001	0.18315599999999999	0.558774	0.0	0.291608	-0.9501129999999999	-0.11068099999999999	0.0	-2.8887099999999997	-1.59556	-1.61758	0.34894200000000003	-0.205513	0.662075	-0.720709	0.0	0.347122	-0.639234	-0.686212	0.0	-0.915025	-0.39119899999999996	-0.09845010000000001	0.0	2.1556	1.9164299999999999	1.7107700000000001	0.362804	
3	0.516962	0.21630100000000002	-0.8282299999999999	0.0	0.818471	0.158479	0.552259	0.0	0.250711	-0.9633790000000001	-0.0951081	0.0	-2.82652	-1.88808	-1.6860099999999998	0.348236	-0.203906	0.6664979999999999	-0.717079	0.0	0.347104	-0.6356649999999999	-0.689528	0.0	-0.915391	-0.3895	-0.101729	0.0	2.15332	1.9099	1.7035200000000001	0.362624	
3	0.525652	0.18541	-0.830249	0.0	0.8285239999999999	0.109806	0.549082	0.0	0.192971	-0.976507	-0.095897	0.0	-2.81575	-2.10261	-1.7971099999999998	0.347713	-0.206733	0.667038	-0.715767	0.0	0.345044	-0.634862	-0.6913	0.0	-0.915536	-0.389885	-0.09891110000000002	0.0	2.1505	1.89163	1.7193200000000002	0.363007	
3	0.532524	0.16378900000000002	-0.830417	0.0	0.82936	0.0949876	0.550581	0.0	0.16905799999999999	-0.9819120000000001	-0.0852568	0.0	-2.81209	-2.18689	-1.8433099999999998	0.347613	-0.207825	0.667443	-0.715072	0.0	0.345398	-0.6338689999999999	-0.692033	0.0	-0.9151549999999999	-0.390806	-0.0988	0.0	2.14982	1.88657	1.71632	0.36285300000000004	
3	0.548455	0.100883	-0.8300719999999999	0.0	0.830485	0.0499452	0.5547979999999999	0.0	0.0974281	-0.9936440000000001	-0.056389499999999995	0.0	-2.81853	-2.4	-1.96973	0.34761	-0.20885599999999999	0.66279	-0.719089	0.0	0.34579899999999997	-0.6377510000000001	-0.6882560000000001	0.0	-0.914769	-0.392407	-0.0959937	0.0	2.15062	1.89009	1.70613	0.362508	
3	0.570208	0.0413305	-0.8204600000000001	0.0	0.8213379999999999	-0.00879063	0.570375	0.0	0.0163616	-0.999107	-0.0389588	0.0	-2.8407	-2.52231	-2.05252	0.347344	-0.209592	0.661958	-0.719641	0.0	0.344136	-0.638958	-0.68797	0.0	-0.915228	-0.391847	-0.09388289999999999	0.0	2.15143	1.89042	1.72327	0.36268	
3	0.575701	0.016926	-0.817485	0.0	0.817283	-0.0422921	0.5746829999999999	0.0	-0.0248461	-0.9989620000000001	-0.038181	0.0	-2.85007	-2.5805	-2.10791	0.34613299999999997	-0.210537	0.660496	-0.720708	0.0	0.34344600000000003	-0.640263	-0.6871010000000001	0.0	-0.91527	-0.39218400000000003	-0.09204580000000001	0.0	2.15362	1.89126	1.74072	0.362769	
3	0.567408	-0.0211586	-0.8231649999999999	0.0	0.820773	-0.0658129	0.567451	0.0	-0.0661813	-0.9976079999999999	-0.019976400000000002	0.0	-2.85626	-2.62935	-2.14454	0.34689699999999996	-0.21038600000000002	0.660111	-0.721105	0.0	0.344105	-0.640409	-0.686635	0.0	-0.915057	-0.392594	-0.09241410000000001	0.0	2.16539	1.8983700000000001	1.7307299999999999	0.362516	
3	0.5647449999999999	-0.051031900000000005	-0.823686	0.0	0.8195889999999999	-0.08217560000000002	0.567028	0.0	-0.0966234	-0.9953110000000001	-0.00458314	0.0	-2.8433200000000003	-2.6358099999999998	-2.15129	0.349079	-0.209862	0.65998	-0.721377	0.0	0.342791	-0.64131	-0.6864520000000001	0.0	-0.9156709999999999	-0.391341	-0.09164839999999999	0.0	2.17083	1.9060099999999998	1.72355	0.362594	
3	0.553558	-0.0842378	-0.8285399999999999	0.0	0.8258280000000001	-0.0730413	0.559172	0.0	-0.10762100000000001	-0.993765	0.029133299999999997	0.0	-2.87482	-2.6524799999999997	-2.15682	0.349196	-0.210742	0.659363	-0.721684	0.0	0.342369	-0.6417189999999999	-0.68628	0.0	-0.915626	-0.39171100000000003	-0.0905086	0.0	2.17918	1.9066900000000002	1.7173200000000002	0.362642	
3	0.5407569999999999	-0.102471	-0.8349139999999999	0.0	0.8325799999999999	-0.0763583	0.548617	0.0	-0.11997000000000001	-0.991801	0.0440241	0.0	-3.0147	-2.71522	-2.20473	0.346018	-0.20968299999999998	0.659101	-0.722232	0.0	0.342057	-0.642532	-0.6856760000000001	0.0	-0.9159860000000001	-0.390819	-0.0907221	0.0	2.18372	1.90969	1.71655	0.362523	
3	0.532039	-0.12558	-0.837355	0.0	0.83609	-0.07829610000000001	0.542977	0.0	-0.133749	-0.9889889999999999	0.0633398	0.0	-3.09366	-2.78194	-2.24919	0.345578	-0.209813	0.6591359999999999	-0.722163	0.0	0.34211199999999997	-0.642423	-0.68575	0.0	-0.9159360000000001	-0.390939	-0.0907099	0.0	2.18478	1.9086400000000001	1.71597	0.362575	
3	0.533688	-0.130496	-0.8355520000000001	0.0	0.834923	-0.075793	0.5451239999999999	0.0	-0.134465	-0.988548	0.06850410000000001	0.0	-3.12695	-2.82091	-2.2629599999999996	0.345478	-0.20957399999999998	0.6591279999999999	-0.7222390000000001	0.0	0.342012	-0.64257	-0.685662	0.0	-0.9160280000000001	-0.39071100000000003	-0.09076369999999999	0.0	2.18577	1.9113099999999998	1.7145700000000001	0.362439	
3	0.523718	-0.166511	-0.8354600000000001	0.0	0.8413219999999999	-0.0529082	0.537938	0.0	-0.133775	-0.984619	0.11238	0.0	-3.2908699999999995	-2.9669	-2.24685	0.345129	-0.21051799999999998	0.660037	-0.721133	0.0	0.341382	-0.64159	-0.6868920000000001	0.0	-0.9160459999999999	-0.390785	-0.090259	0.0	2.18781	1.90788	1.70603	0.362554	
3	0.51869	-0.168256	-0.8382430000000001	0.0	0.84515	-0.0472099	0.5324399999999999	0.0	-0.12916	-0.984612	0.11771400000000001	0.0	-3.3370300000000004	-3.0175799999999997	-2.24152	0.345161	-0.210502	0.659177	-0.721924	0.0	0.342254	-0.642043	-0.6860350000000001	0.0	-0.915725	-0.391493	-0.0904553	0.0	2.18854	1.9109599999999998	1.7037400000000003	0.362487	
3	0.512965	-0.17511600000000002	-0.8403579999999999	0.0	0.8485950000000001	-0.0441656	0.527196	0.0	-0.129435	-0.983557	0.125947	0.0	-3.3853400000000002	-3.12794	-2.22383	0.345883	-0.20973200000000003	0.659277	-0.722058	0.0	0.342023	-0.642359	-0.6858529999999999	0.0	-0.9159870000000001	-0.390806	-0.0907646	0.0	2.19674	1.91386	1.70377	0.362469	
3	0.496532	-0.179651	-0.849224	0.0	0.86345	0.00197625	0.5044310000000001	0.0	-0.0889432	-0.9837290000000001	0.156101	0.0	-3.36041	-3.3203	-2.1812400000000003	0.345936	-0.20880700000000002	0.659103	-0.722484	0.0	0.3407	-0.643461	-0.685479	0.0	-0.9166920000000001	-0.389283	-0.0901974	0.0	2.20003	1.92229	1.70935	0.36259600000000003	
3	0.48913199999999996	-0.177213	-0.854017	0.0	0.869023	0.015393100000000002	0.49453199999999997	0.0	-0.0744914	-0.984052	0.161531	0.0	-3.36235	-3.438	-2.1589	0.346196	-0.20914699999999997	0.6588189999999999	-0.722645	0.0	0.341965	-0.643055	-0.68523	0.0	-0.916143	-0.390433	-0.09079989999999999	0.0	2.1998900000000003	1.9215400000000002	1.70953	0.362453	
3	0.483181	-0.180854	-0.8566379999999999	0.0	0.8730530000000001	0.0261295	0.48692399999999997	0.0	-0.0656784	-0.9831629999999999	0.17052	0.0	-3.3671	-3.4588900000000002	-2.14373	0.346649	-0.208956	0.659808	-0.721797	0.0	0.342134	-0.642121	-0.686021	0.0	-0.9161229999999999	-0.39029899999999995	-0.0915671	0.0	2.20244	1.92124	1.70832	0.36246100000000003	
3	0.481784	-0.177878	-0.8580459999999999	0.0	0.873609	0.0209581	0.486178	0.0	-0.06849730000000001	-0.9838290000000001	0.165493	0.0	-3.36311	-3.45935	-2.14785	0.348011	-0.208563	0.6611130000000001	-0.720716	0.0	0.340775	-0.641616	-0.6871689999999999	0.0	-0.9167190000000001	-0.388919	-0.0914734	0.0	2.20435	1.91841	1.70502	0.362766	
3	0.47411899999999996	-0.172833	-0.863331	0.0	0.8780190000000001	0.019832699999999998	0.47821499999999995	0.0	-0.0655289	-0.9847520000000001	0.161153	0.0	-3.3813199999999997	-3.4577400000000003	-2.1385099999999997	0.349598	-0.208804	0.65963	-0.722003	0.0	0.340737	-0.642946	-0.685944	0.0	-0.9166780000000001	-0.389241	-0.0905108	0.0	2.20397	1.9207400000000001	1.7053200000000002	0.362761	
3	0.46518400000000004	-0.166469	-0.8694209999999999	0.0	0.883498	0.0261746	0.467704	0.0	-0.0551015	-0.985699	0.159251	0.0	-3.3975	-3.4583699999999995	-2.13183	0.34988600000000003	-0.209326	0.6598109999999999	-0.721687	0.0	0.34113899999999997	-0.642392	-0.686263	0.0	-0.9164100000000001	-0.38984800000000003	-0.09061799999999999	0.0	2.20467	1.9223599999999998	1.70822	0.36282600000000004	
3	0.41552	-0.155412	-0.896209	0.0	0.9094540000000001	0.05432769999999999	0.41224099999999997	0.0	-0.015378200000000002	-0.986355	0.163914	0.0	-3.4244	-3.46878	-2.1251599999999997	0.349539	-0.20880900000000002	0.659591	-0.722038	0.0	0.341552	-0.6426350000000001	-0.68583	0.0	-0.916374	-0.38982100000000003	-0.0910963	0.0	2.20336	1.92298	1.70829	0.36275799999999997	
3	0.385157	-0.15165499999999998	-0.9103049999999999	0.0	0.922848	0.0658197	0.379498	0.0	0.00236347	-0.98624	0.165305	0.0	-3.44181	-3.4723	-2.11557	0.348989	-0.208765	0.659794	-0.721865	0.0	0.341352	-0.642545	-0.686014	0.0	-0.916458	-0.38962600000000003	-0.091081	0.0	2.2029099999999997	1.9205400000000001	1.70605	0.36281199999999997	
3	0.339041	-0.152311	-0.9283600000000001	0.0	0.94048	0.07946410000000001	0.33043	0.0	0.0234435	-0.985133	0.17018699999999998	0.0	-3.46363	-3.4773099999999997	-2.10602	0.34871399999999997	-0.208579	0.660421	-0.721345	0.0	0.341408	-0.642	-0.686496	0.0	-0.91648	-0.389462	-0.0915655	0.0	2.20336	1.9159700000000002	1.7005700000000001	0.362762	
3	0.314666	-0.15374100000000002	-0.9366690000000001	0.0	0.948392	0.0916807	0.303556	0.0	0.0392056	-0.983849	0.174655	0.0	-3.4795	-3.48245	-2.10175	0.348912	-0.208735	0.659669	-0.721988	0.0	0.341346	-0.642678	-0.6858920000000001	0.0	-0.9164680000000001	-0.389617	-0.09102589999999999	0.0	2.20445	1.9180599999999999	1.70187	0.362822	
0	0.23125900000000002	-0.163721	-0.959018	0.0	0.965577	0.15928	0.20564899999999997	0.0	0.119083	-0.973563	0.19492	0.0	-3.55024	-3.5121900000000004	-2.08705	0.347599	-0.20821900000000002	0.660508	-0.7213689999999999	0.0	0.34114099999999997	-0.642176	-0.6864640000000001	0.0	-0.9166610000000001	-0.389024	-0.0916131	0.0	2.20473	1.91618	1.70192	0.36278499999999997	
0	0.203269	-0.161166	-0.9657680000000001	0.0	0.968726	0.176464	0.17444300000000001	0.0	0.142309	-0.971023	0.191996	0.0	-3.56901	-3.5190599999999996	-2.0745	0.347632	-0.20868899999999999	0.66027	-0.7214520000000001	0.0	0.341054	-0.642249	-0.686439	0.0	-0.916587	-0.389306	-0.0911579	0.0	2.20479	1.9141700000000001	1.7033900000000002	0.362854	
0	0.146532	-0.171725	-0.9741860000000001	0.0	0.965045	0.241148	0.102649	0.0	0.217295	-0.955175	0.201058	0.0	-3.62004	-3.5580800000000004	-2.0657400000000004	0.347926	-0.20909699999999998	0.6610729999999999	-0.720598	0.0	0.342219	-0.640824	-0.687191	0.0	-0.9160590000000001	-0.39029200000000003	-0.092237	0.0	2.20333	1.91203	1.69956	0.362923	
0	0.1122	-0.17190899999999998	-0.9787030000000001	0.0	0.957528	0.281977	0.0602436	0.0	0.265615	-0.943894	0.196245	0.0	-3.6444699999999997	-3.5822	-2.0626700000000002	0.34786100000000003	-0.20854699999999998	0.662249	-0.719677	0.0	0.341778	-0.640112	-0.6880729999999999	0.0	-0.916349	-0.389465	-0.0928491	0.0	2.20284	1.91481	1.7016200000000001	0.362863	
0	0.08797460000000001	-0.16192	-0.982875	0.0	0.94894	0.313699	0.0332579	0.0	0.302942	-0.935615	0.18125	0.0	-3.6580800000000004	-3.5436099999999997	-2.09915	0.348279	-0.20856999999999998	0.6628229999999999	-0.7191420000000001	0.0	0.342002	-0.639459	-0.688569	0.0	-0.9162610000000001	-0.38956199999999996	-0.0933148	0.0	2.20255	1.9101099999999998	1.69816	0.363023	
0	0.0692059	-0.15924100000000002	-0.9848110000000001	0.0	0.939443	0.34254	0.01063	0.0	0.33564499999999997	-0.92591	0.17330399999999999	0.0	-3.6765800000000004	-3.5056199999999995	-2.14587	0.348937	-0.20892	0.665489	-0.7165729999999999	0.0	0.342001	-0.636753	-0.691072	0.0	-0.9161809999999999	-0.389448	-0.0945675	0.0	2.2027	1.90714	1.69756	0.363079	
0	0.0557663	-0.157823	-0.985892	0.0	0.9275450000000001	0.373641	-0.00734681	0.0	0.369529	-0.914049	0.167224	0.0	-3.6466300000000005	-3.44984	-2.1030900000000003	0.356741	-0.208664	0.6663220000000001	-0.715873	0.0	0.342208	-0.635966	-0.6916939999999999	0.0	-0.916162	-0.389309	-0.0953177	0.0	2.20261	1.9074799999999998	1.6976200000000001	0.362948	
0	0.0523773	-0.14799400000000001	-0.9876	0.0	0.914027	0.405468	-0.0122848	0.0	0.40225900000000003	-0.90205	0.156507	0.0	-3.6382199999999996	-3.37736	-2.13804	0.35691100000000003	-0.213394	0.665413	-0.715324	0.0	0.344271	-0.634005	-0.69247	0.0	-0.9142979999999999	-0.394034	-0.0937899	0.0	2.20024	1.89011	1.6933200000000002	0.363114	
0	0.0513543	-0.140036	-0.988814	0.0	0.915834	0.401449	-0.00928923	0.0	0.39825900000000003	-0.905113	0.148866	0.0	-3.6270800000000003	-3.34151	-2.1537900000000003	0.356941	-0.213916	0.664303	-0.7162	0.0	0.344704	-0.634674	-0.691641	0.0	-0.914013	-0.39483	-0.0932213	0.0	2.19928	1.88425	1.69282	0.362991	
0	0.05940700000000001	-0.14156400000000002	-0.988145	0.0	0.909874	0.414858	-0.0047323999999999995	0.0	0.41061000000000003	-0.898806	0.153451	0.0	-3.60814	-3.35756	-2.14308	0.357164	-0.21418600000000002	0.6649689999999999	-0.7155	0.0	0.344526	-0.633994	-0.692353	0.0	-0.914017	-0.394801	-0.0933068	0.0	2.1984	1.8792200000000001	1.6952599999999998	0.363037	
0	0.0714482	-0.131903	-0.988684	0.0	0.908407	0.41797	0.00988451	0.0	0.411937	-0.898834	0.14968499999999998	0.0	-3.58061	-3.41981	-2.11847	0.35720599999999997	-0.21373699999999998	0.6650020000000001	-0.715604	0.0	0.344507	-0.634158	-0.692213	0.0	-0.9141290000000001	-0.394482	-0.0935554	0.0	2.20003	1.8839299999999999	1.69346	0.362998	
0	0.07969960000000001	-0.129381	-0.9883870000000001	0.0	0.907101	0.42052399999999995	0.018098	0.0	0.41329899999999997	-0.8980090000000001	0.150877	0.0	-3.5623099999999996	-3.5013199999999998	-2.17996	0.357302	-0.214002	0.663696	-0.7167359999999999	0.0	0.34405	-0.635506	-0.691203	0.0	-0.9142389999999999	-0.394512	-0.0923457	0.0	2.19935	1.8840700000000001	1.6958	0.36299699999999996	
0	0.100036	-0.149997	-0.983613	0.0	0.913166	0.406415	0.0308945	0.0	0.395121	-0.901292	0.177628	0.0	-3.52871	-3.58224	-2.1850099999999997	0.357148	-0.21472399999999997	0.664253	-0.716004	0.0	0.344517	-0.634466	-0.691926	0.0	-0.9138940000000001	-0.39524899999999996	-0.0926115	0.0	2.20001	1.8829799999999999	1.69705	0.36299499999999996	
0	0.11685699999999999	-0.15302000000000002	-0.98129	0.0	0.92395	0.37911	0.0509111	0.0	0.364227	-0.9126120000000001	0.185684	0.0	-3.4944900000000003	-3.58409	-2.19236	0.35826399999999997	-0.214448	0.6641779999999999	-0.716156	0.0	0.344179	-0.634799	-0.691788	0.0	-0.9140860000000001	-0.394838	-0.0924645	0.0	2.19863	1.88389	1.6973900000000002	0.363077	
0	0.132142	-0.16605799999999998	-0.9772219999999999	0.0	0.9286690000000001	0.365437	0.0634781	0.0	0.346572	-0.915904	0.202503	0.0	-3.4779	-3.58601	-2.20123	0.358714	-0.214763	0.664007	-0.71622	0.0	0.34384000000000003	-0.634979	-0.691792	0.0	-0.91414	-0.394836	-0.0919423	0.0	2.19988	1.8816	1.69448	0.363071	
0	0.12253	-0.190876	-0.973937	0.0	0.9516450000000001	0.301142	0.060706899999999994	0.0	0.281706	-0.9342799999999999	0.218545	0.0	-3.42041	-3.59125	-2.21012	0.35441100000000003	-0.214662	0.663693	-0.716541	0.0	0.34321599999999997	-0.635594	-0.691537	0.0	-0.9143979999999999	-0.394375	-0.0913528	0.0	2.2006200000000002	1.88142	1.6961099999999998	0.363065	
0	0.11038900000000001	-0.221156	-0.9689709999999999	0.0	0.9623309999999999	0.267507	0.0485774	0.0	0.24846300000000002	-0.937833	0.24235500000000001	0.0	-3.38469	-3.5960099999999997	-2.22097	0.354387	-0.21445300000000003	0.663705	-0.716593	0.0	0.343483	-0.635555	-0.6914399999999999	0.0	-0.9143459999999999	-0.394419	-0.0916753	0.0	2.20002	1.88162	1.6954099999999999	0.36290700000000004	
0	0.10311700000000001	-0.220187	-0.969992	0.0	0.9702649999999999	0.23696199999999998	0.049356	0.0	0.21898299999999998	-0.9462379999999999	0.23807399999999998	0.0	-3.34994	-3.5996300000000003	-2.21221	0.35420300000000005	-0.21430100000000002	0.6629510000000001	-0.717337	0.0	0.343084	-0.636517	-0.690753	0.0	-0.914532	-0.394135	-0.0910416	0.0	2.2000900000000003	1.88012	1.6964599999999999	0.36292199999999997	
0	0.0942707	-0.227427	-0.9692209999999999	0.0	0.976792	0.209209	0.0459162	0.0	0.192327	-0.9510559999999999	0.24187199999999998	0.0	-3.3236	-3.6036900000000003	-2.21326	0.35352100000000003	-0.21461599999999997	0.660832	-0.719195	0.0	0.341803	-0.6389729999999999	-0.689118	0.0	-0.9149370000000001	-0.393719	-0.0887408	0.0	2.19817	1.8840700000000001	1.71035	0.36298600000000003	
0	0.100411	-0.221636	-0.9699459999999999	0.0	0.9783440000000001	0.19934000000000002	0.0557309	0.0	0.180997	-0.9545370000000001	0.236852	0.0	-3.3082199999999995	-3.6061099999999997	-2.2067	0.354986	-0.215432	0.659213	-0.720436	0.0	0.34023600000000004	-0.64086	-0.688141	0.0	-0.91533	-0.393366	-0.0862264	0.0	2.1969	1.8934900000000001	1.73786	0.363005	
0	0.10516800000000001	-0.223701	-0.968968	0.0	0.9785510000000001	0.19684200000000002	0.060764	0.0	0.17714100000000002	-0.954574	0.23960399999999998	0.0	-3.2999	-3.6080400000000004	-2.20796	0.358493	-0.215133	0.657615	-0.721984	0.0	0.339005	-0.643034	-0.686719	0.0	-0.9158569999999999	-0.392492	-0.084597	0.0	2.1972	1.9036	1.7532400000000001	0.362877	
0	0.136349	-0.191609	-0.9719540000000001	0.0	0.971073	0.21998600000000001	0.09285800000000001	0.0	0.196024	-0.9565	0.216061	0.0	-3.2966	-3.6036599999999996	-2.18499	0.369431	-0.21429299999999998	0.657374	-0.722453	0.0	0.336925	-0.644494	-0.6863739999999999	0.0	-0.9168209999999999	-0.390498	-0.0833755	0.0	2.1993400000000003	1.91393	1.76092	0.362859	
0	0.146329	-0.17596099999999998	-0.973461	0.0	0.968909	0.22395500000000002	0.105163	0.0	0.199507	-0.958583	0.203262	0.0	-3.2991099999999998	-3.6021099999999997	-2.16971	0.37055	-0.21435700000000002	0.657496	-0.7223229999999999	0.0	0.336863	-0.6443770000000001	-0.6865140000000001	0.0	-0.9168280000000001	-0.39048299999999997	-0.0833594	0.0	2.19767	1.91618	1.76458	0.362813	
0	0.156131	-0.17614000000000002	-0.9719040000000001	0.0	0.9694959999999999	0.21555300000000002	0.11667899999999999	0.0	0.188945	-0.960475	0.204421	0.0	-3.2972099999999998	-3.6024	-2.16729	0.364156	-0.21433000000000002	0.6569510000000001	-0.722827	0.0	0.336769	-0.644947	-0.686025	0.0	-0.9168700000000001	-0.390461	-0.0830089	0.0	2.19723	1.91668	1.7718900000000002	0.36277	
0	0.157443	-0.196011	-0.96788	0.0	0.9770969999999999	0.172999	0.12390699999999999	0.0	0.143155	-0.9652209999999999	0.218759	0.0	-3.3379800000000004	-3.5902	-2.23083	0.189986	-0.214773	0.657732	-0.721984	0.0	0.337152	-0.643861	-0.686856	0.0	-0.916625	-0.390937	-0.0834717	0.0	2.1962200000000003	1.9185900000000002	1.7754400000000001	0.362796	
0	0.168607	-0.191245	-0.966952	0.0	0.976435	0.166474	0.13733499999999998	0.0	0.134707	-0.9673219999999999	0.21480700000000003	0.0	-3.3260199999999998	-3.5892800000000005	-2.23774	0.18588	-0.214863	0.658736	-0.721042	0.0	0.338861	-0.642138	-0.687628	0.0	-0.9159729999999999	-0.392079	-0.0852487	0.0	2.1981599999999997	1.91491	1.76173	0.362587	
0	0.168325	-0.180873	-0.968995	0.0	0.976133	0.167438	0.13831	0.0	0.13723	-0.9691489999999999	0.20474	0.0	-3.3335199999999996	-3.58848	-2.23203	0.186356	-0.213905	0.659512	-0.720617	0.0	0.337778	-0.64225	-0.688055	0.0	-0.9165969999999999	-0.39058699999999996	-0.0853883	0.0	2.20073	1.91003	1.75153	0.362695	
0	0.16826300000000002	-0.178635	-0.9694209999999999	0.0	0.975742	0.16991099999999998	0.138051	0.0	0.14005399999999998	-0.969134	0.20289100000000002	0.0	-3.33714	-3.5878699999999997	-2.23007	0.186218	-0.213817	0.660147	-0.720062	0.0	0.33805599999999997	-0.6415609999999999	-0.688562	0.0	-0.916515	-0.390648	-0.08599019999999999	0.0	2.19949	1.90786	1.75069	0.362786	
0	0.17718399999999998	-0.16634300000000002	-0.970018	0.0	0.973584	0.173851	0.14802300000000002	0.0	0.144016	-0.970621	0.192753	0.0	-3.3409	-3.5864800000000003	-2.22352	0.186521	-0.214455	0.661162	-0.7189399999999999	0.0	0.337564	-0.6405390000000001	-0.689754	0.0	-0.9165479999999999	-0.39060900000000004	-0.08581799999999999	0.0	2.2002599999999997	1.90767	1.7519	0.362693	
0	0.186416	-0.157883	-0.9697020000000001	0.0	0.9701870000000001	0.185172	0.15636	0.0	0.154875	-0.9699409999999999	0.187694	0.0	-3.3534699999999997	-3.585	-2.21779	0.18673	-0.21458899999999997	0.662136	-0.718003	0.0	0.338477	-0.639159	-0.690587	0.0	-0.9161799999999999	-0.391219	-0.0869617	0.0	2.19838	1.9003700000000001	1.74725	0.36296300000000004	
0	0.193466	-0.150704	-0.969463	0.0	0.968578	0.186753	0.164258	0.0	0.15629500000000002	-0.9707790000000001	0.182099	0.0	-3.36265	-3.5839999999999996	-2.21417	0.187137	-0.214375	0.662978	-0.7172890000000001	0.0	0.33917800000000004	-0.6381359999999999	-0.691188	0.0	-0.9159700000000001	-0.391462	-0.0880674	0.0	2.19889	1.89297	1.73207	0.362926	
0	0.20640300000000003	-0.133932	-0.969258	0.0	0.964101	0.196964	0.178089	0.0	0.16705699999999998	-0.9712200000000001	0.169777	0.0	-3.36341	-3.5824800000000003	-2.20595	0.187064	-0.215206	0.663979	-0.716114	0.0	0.339379	-0.636741	-0.692375	0.0	-0.915701	-0.39203699999999997	-0.0883096	0.0	2.19825	1.8880599999999998	1.71838	0.36290100000000003	
0	0.21540399999999998	-0.115452	-0.969676	0.0	0.9590559999999999	0.211995	0.187804	0.0	0.183884	-0.970427	0.156389	0.0	-3.33466	-3.5812699999999995	-2.27473	0.186506	-0.215169	0.662725	-0.7172850000000001	0.0	0.338901	-0.638171	-0.691291	0.0	-0.9158870000000001	-0.391833	-0.0872839	0.0	2.19938	1.8810799999999999	1.70469	0.362937	
0	0.22194899999999998	-0.109207	-0.968923	0.0	0.954219	0.228675	0.192807	0.0	0.20051300000000002	-0.9673579999999999	0.154962	0.0	-3.3294300000000003	-3.5813099999999998	-2.30305	0.186348	-0.214838	0.6614800000000001	-0.718532	0.0	0.339388	-0.639296	-0.690012	0.0	-0.915784	-0.392102	-0.087153	0.0	2.2	1.8859299999999999	1.70343	0.362952	
0	0.234579	-0.0866951	-0.968223	0.0	0.947873	0.241366	0.208037	0.0	0.21566	-0.9665540000000001	0.138795	0.0	-3.3444199999999995	-3.58019	-2.30306	0.18597	-0.21504600000000001	0.6620119999999999	-0.7179800000000001	0.0	0.34008499999999997	-0.638401	-0.690497	0.0	-0.9154760000000001	-0.392663	-0.0878548	0.0	2.199	1.89264	1.70566	0.36290700000000004	
0	0.24145100000000003	-0.0772535	-0.967333	0.0	0.9435120000000001	0.251772	0.215398	0.0	0.22690700000000003	-0.9646979999999999	0.13368	0.0	-3.35165	-3.5808199999999997	-2.30364	0.186002	-0.21547199999999997	0.662608	-0.717302	0.0	0.33915100000000004	-0.6380520000000001	-0.691279	0.0	-0.915723	-0.392225	-0.0872422	0.0	2.1997	1.88835	1.70386	0.36286999999999997	
0	0.243524	-0.0387125	-0.9691219999999999	0.0	0.938342	0.26219499999999996	0.225316	0.0	0.245377	-0.9642379999999999	0.100176	0.0	-3.34332	-3.5699699999999996	-2.45962	0.18629300000000001	-0.21570999999999999	0.663453	-0.716449	0.0	0.339704	-0.636901	-0.692068	0.0	-0.9154620000000001	-0.392667	-0.0879916	0.0	2.1983200000000003	1.8857	1.6995	0.36293200000000003	
0	0.239617	-0.035028	-0.9702350000000001	0.0	0.942434	0.248477	0.22378	0.0	0.233242	-0.9680040000000001	0.0925507	0.0	-3.33949	-3.53935	-2.45268	0.18625	-0.216054	0.6642	-0.715653	0.0	0.34029899999999996	-0.635781	-0.692806	0.0	-0.9151600000000001	-0.393219	-0.0886645	0.0	2.19995	1.88589	1.69618	0.362993	
0	0.23438299999999998	-0.0459499	-0.971058	0.0	0.9461860000000001	0.240073	0.21702	0.0	0.22315300000000002	-0.9696670000000001	0.099746	0.0	-3.33474	-3.53325	-2.45704	0.186228	-0.21601900000000002	0.6644680000000001	-0.7154149999999999	0.0	0.341131	-0.635178	-0.6929489999999999	0.0	-0.914858	-0.39374000000000003	-0.08946069999999999	0.0	2.2009	1.88907	1.6983	0.36299000000000003	
0	0.22812	-0.054120600000000005	-0.9721280000000001	0.0	0.9480930000000001	0.23954	0.209144	0.0	0.221545	-0.969377	0.105955	0.0	-3.32745	-3.3717900000000003	-2.4579299999999997	0.186264	-0.215038	0.666549	-0.7137720000000001	0.0	0.34173200000000004	-0.633309	-0.6943630000000001	0.0	-0.9148649999999999	-0.39323400000000003	-0.0915959	0.0	2.20133	1.88178	1.6926599999999998	0.362919	
0	0.22604499999999997	-0.0643284	-0.9719909999999999	0.0	0.9513469999999999	0.22905799999999998	0.206085	0.0	0.209385	-0.9712850000000001	0.112976	0.0	-3.31775	-3.2757400000000003	-2.46438	0.186282	-0.219336	0.664117	-0.714731	0.0	0.341754	-0.6338590000000001	-0.6938489999999999	0.0	-0.9138360000000001	-0.396448	-0.08793680000000001	0.0	2.19824	1.86447	1.6969299999999998	0.362921	
0	0.23425	-0.0795815	-0.9689139999999999	0.0	0.952617	0.217705	0.212429	0.0	0.19403199999999998	-0.972765	0.126808	0.0	-3.30435	-3.19352	-2.4773400000000003	0.18629600000000002	-0.221201	0.664266	-0.714017	0.0	0.342764	-0.632486	-0.694603	0.0	-0.913007	-0.398387	-0.0877797	0.0	2.19287	1.85643	1.70167	0.363056	
0	0.240058	-0.098466	-0.965752	0.0	0.954105	0.20741700000000002	0.216015	0.0	0.179043	-0.9732850000000001	0.143739	0.0	-3.32311	-3.07212	-2.44485	0.18632	-0.22154899999999997	0.663996	-0.7141609999999999	0.0	0.34663099999999997	-0.6309060000000001	-0.694122	0.0	-0.9114620000000001	-0.401332	-0.09038539999999999	0.0	2.19557	1.85595	1.68797	0.362759	
0	0.23610799999999998	-0.10469400000000001	-0.9660709999999999	0.0	0.9562799999999999	0.201598	0.211867	0.0	0.172577	-0.973857	0.14771600000000001	0.0	-3.33029	-2.98888	-2.40484	0.186057	-0.220951	0.665561	-0.712888	0.0	0.34584299999999996	-0.629985	-0.69535	0.0	-0.911907	-0.400185	-0.09098350000000001	0.0	2.20067	1.85738	1.68239	0.362815	
