3	0.566654	0.540323	-0.622057	0.0	0.690325	0.100845	0.716437	0.0	0.449838	-0.835393	-0.315854	0.0	-2.76233	1.9956599999999998	1.44602	0.0	-0.593133	0.516197	-0.617847	0.0	0.750055	0.0753918	-0.657064	0.0	-0.292594	-0.853145	-0.43189399999999994	0.0	2.66032	2.0	1.53809	0.0	
3	0.14375	0.7306520000000001	-0.667445	0.0	0.607692	0.467138	0.642257	0.0	0.781055	-0.497925	-0.37686	0.0	-3.04887	1.7255599999999998	1.3818700000000002	0.0	-0.0982187	0.6975	-0.7098220000000001	0.0	0.616535	-0.517249	-0.593581	0.0	-0.781177	-0.49593100000000007	-0.37923	0.0	2.76749	1.78443	1.55525	0.0	
3	0.133491	0.7348020000000001	-0.6650159999999999	0.0	0.605352	0.470839	0.641763	0.0	0.784684	-0.488238	-0.381961	0.0	-3.0815599999999996	1.6691799999999999	1.34586	0.0	-0.0928221	0.678918	-0.7283229999999999	0.0	0.6087640000000001	-0.540138	-0.581083	0.0	-0.787903	-0.49731400000000003	-0.363164	0.0	2.78471	1.6534799999999998	1.57043	0.0	
3	0.09616160000000001	0.7337640000000001	-0.672565	0.0	0.590026	0.502164	0.6322180000000001	0.0	0.801637	-0.45762600000000003	-0.384651	0.0	-3.09777	1.67057	1.30244	0.294038	-0.0636171	0.65822	-0.7501329999999999	0.0	0.5822	-0.586016	-0.5635859999999999	0.0	-0.810553	-0.47258100000000003	-0.345935	0.0	2.77148	1.6374799999999998	1.61048	0.27703	
3	0.07287769999999999	0.728598	-0.681053	0.0	0.5870529999999999	0.520701	0.619871	0.0	0.806262	-0.444989	-0.389778	0.0	-2.9881	1.66357	1.26537	0.356973	-0.0582895	0.632893	-0.772042	0.0	0.556158	-0.621641	-0.5515899999999999	0.0	-0.8290299999999999	-0.461529	-0.315753	0.0	2.60635	1.6028200000000001	1.6214	0.354784	
3	0.05651669999999999	0.727567	-0.683705	0.0	0.588533	0.528894	0.611474	0.0	0.806496	-0.436942	-0.398306	0.0	-2.97078	1.6813200000000001	1.2522	0.356777	-0.0642309	0.637632	-0.767659	0.0	0.558348	-0.6146119999999999	-0.557225	0.0	-0.827117	-0.464412	-0.31654299999999996	0.0	2.57088	1.60953	1.64225	0.35492199999999996	
3	0.05238380000000001	0.7267399999999999	-0.684912	0.0	0.586527	0.532702	0.6100939999999999	0.0	0.808234	-0.433679	-0.398348	0.0	-2.95928	1.6776900000000001	1.2415399999999999	0.356605	-0.0619976	0.64013	-0.7657609999999999	0.0	0.561301	-0.612049	-0.557079	0.0	-0.8252860000000001	-0.46436000000000005	-0.32136	0.0	2.60743	1.61538	1.6433900000000001	0.354589	
3	0.051551599999999996	0.719577	-0.692497	0.0	0.5830029999999999	0.541311	0.605879	0.0	0.810833	-0.434962	-0.39161	0.0	-2.9336	1.6461700000000001	1.26433	0.356969	-0.0664659	0.6414529999999999	-0.764278	0.0	0.561082	-0.609367	-0.560232	0.0	-0.8250879999999999	-0.466058	-0.319405	0.0	2.59921	1.61005	1.64851	0.354772	
3	0.0504812	0.714238	-0.69808	0.0	0.582568	0.546679	0.6014609999999999	0.0	0.811212	-0.437042	-0.388496	0.0	-2.93056	1.61798	1.27682	0.357209	-0.0654672	0.6412140000000001	-0.764564	0.0	0.559446	-0.610876	-0.5602239999999999	0.0	-0.826277	-0.464408	-0.318732	0.0	2.57952	1.60686	1.64975	0.354475	
3	0.051154000000000005	0.712815	-0.699484	0.0	0.583542	0.547064	0.600166	0.0	0.81047	-0.43888	-0.387974	0.0	-2.92765	1.60169	1.2845600000000001	0.35722800000000005	-0.0652156	0.639917	-0.765672	0.0	0.558395	-0.6125189999999999	-0.5594779999999999	0.0	-0.827008	-0.464034	-0.31738099999999997	0.0	2.5696	1.60243	1.64993	0.35454	
3	0.0509842	0.7106560000000001	-0.701691	0.0	0.582758	0.549416	0.5987779999999999	0.0	0.811045	-0.43944399999999995	-0.386128	0.0	-2.92502	1.58513	1.29627	0.357018	-0.0651854	0.638292	-0.76703	0.0	0.5579350000000001	-0.613974	-0.558341	0.0	-0.8273209999999999	-0.464348	-0.316103	0.0	2.55796	1.60337	1.65583	0.354401	
3	0.0505595	0.705942	-0.7064630000000001	0.0	0.579994	0.555107	0.5962069999999999	0.0	0.81305	-0.43988900000000003	-0.381377	0.0	-2.91719	1.5759	1.3262399999999999	0.357207	-0.06300019999999999	0.634311	-0.770506	0.0	0.556879	-0.618334	-0.55457	0.0	-0.8282010000000001	-0.464017	-0.31428	0.0	2.53405	1.61022	1.68389	0.354041	
3	0.05320169999999999	0.7005239999999999	-0.711643	0.0	0.57645	0.560375	0.5947140000000001	0.0	0.815399	-0.441866	-0.374004	0.0	-2.89045	1.56935	1.3763100000000001	0.357165	-0.0645572	0.6308239999999999	-0.7732359999999999	0.0	0.5515100000000001	-0.623212	-0.554476	0.0	-0.831666	-0.462243	-0.307673	0.0	2.51779	1.61321	1.70313	0.354035	
3	0.0354103	0.691551	-0.721459	0.0	0.577304	0.575122	0.579616	0.0	0.815761	-0.437026	-0.37887	0.0	-2.91635	1.57922	1.28712	0.354699	-0.06254349999999999	0.6300819999999999	-0.7740060000000001	0.0	0.5453020000000001	-0.627962	-0.555257	0.0	-0.8359030000000001	-0.456795	-0.30430999999999997	0.0	2.51572	1.62025	1.70602	0.353503	
3	0.0239895	0.6560060000000001	-0.754375	0.0	0.62739	0.577616	0.522247	0.0	0.7783359999999999	-0.48581599999999997	-0.397715	0.0	-2.93054	1.60774	1.23381	0.35524	-0.0636197	0.629433	-0.774447	0.0	0.540977	-0.630361	-0.556767	0.0	-0.838628	-0.454379	-0.30040500000000003	0.0	2.50779	1.6239	1.7150900000000002	0.353392	
3	0.0778685	0.624835	-0.776864	0.0	0.669841	0.544354	0.504967	0.0	0.7384109999999999	-0.559696	-0.376152	0.0	-2.9504900000000003	1.5806	1.21243	0.355831	-0.0622005	0.6253310000000001	-0.777877	0.0	0.534878	-0.637128	-0.554954	0.0	-0.8426370000000001	-0.450587	-0.294846	0.0	2.50559	1.62428	1.72974	0.352699	
3	0.162134	0.609368	-0.776133	0.0	0.6980430000000001	0.48510699999999995	0.526694	0.0	0.697459	-0.627169	-0.346713	0.0	-3.00431	1.5495700000000001	1.08694	0.354427	-0.062097400000000004	0.622123	-0.780453	0.0	0.5298430000000001	-0.642129	-0.554018	0.0	-0.8458190000000001	-0.447921	-0.28975300000000004	0.0	2.50069	1.62392	1.75922	0.352786	
3	0.260685	0.565224	-0.782666	0.0	0.7262149999999999	0.419368	0.544741	0.0	0.636126	-0.710389	-0.301151	0.0	-3.05632	1.42675	0.865434	0.353752	-0.0610061	0.6174229999999999	-0.784262	0.0	0.524239	-0.6488079999999999	-0.551563	0.0	-0.849383	-0.44478900000000005	-0.284096	0.0	2.48773	1.62335	1.7701900000000002	0.352729	
3	0.349423	0.48610200000000003	-0.801005	0.0	0.752113	0.364313	0.549183	0.0	0.558775	-0.794343	-0.238304	0.0	-3.12632	1.14795	0.563172	0.352738	-0.0635477	0.614296	-0.786513	0.0	0.5225770000000001	-0.650939	-0.550629	0.0	-0.8502209999999999	-0.44600500000000004	-0.27965100000000004	0.0	2.47667	1.62694	1.7844400000000002	0.35274	
3	0.41067600000000004	0.43463900000000005	-0.80152	0.0	0.769574	0.306204	0.5603520000000001	0.0	0.488979	-0.8469530000000001	-0.208736	0.0	-3.1490099999999996	0.867396	0.267547	0.352597	-0.0633661	0.6138899999999999	-0.786844	0.0	0.5255569999999999	-0.6497189999999999	-0.549231	0.0	-0.8483950000000001	-0.448334	-0.281465	0.0	2.47847	1.6337	1.79008	0.352352	
3	0.448395	0.354135	-0.8206889999999999	0.0	0.8072560000000001	0.23377199999999998	0.541931	0.0	0.38377100000000003	-0.9055049999999999	-0.181056	0.0	-3.1289700000000003	0.505361	-0.14516800000000002	0.35164	-0.06174640000000001	0.612598	-0.78798	0.0	0.523332	-0.6523869999999999	-0.548193	0.0	-0.8498889999999999	-0.446223	-0.28031	0.0	2.48665	1.6443900000000002	1.7911	0.352292	
3	0.490305	0.274022	-0.8273530000000001	0.0	0.804022	0.22416799999999998	0.550724	0.0	0.336377	-0.935233	-0.110409	0.0	-3.1480599999999996	0.138238	-0.44164	0.348771	-0.06216519999999999	0.612118	-0.78832	0.0	0.522871	-0.65281	-0.548129	0.0	-0.850142	-0.44626400000000005	-0.279476	0.0	2.4875599999999998	1.6487	1.7894400000000001	0.352175	
3	0.512854	0.21990300000000002	-0.829834	0.0	0.7983520000000001	0.23321599999999998	0.555198	0.0	0.31561999999999996	-0.947235	-0.0559545	0.0	-3.14166	-0.085133	-0.569358	0.347587	-0.0614788	0.611474	-0.7888729999999999	0.0	0.524558	-0.65262	-0.546741	0.0	-0.849152	-0.44742200000000004	-0.280631	0.0	2.48723	1.65793	1.79195	0.352209	
3	0.517257	0.179128	-0.836875	0.0	0.7982239999999999	0.251715	0.547245	0.0	0.30868	-0.9510799999999999	-0.0127829	0.0	-3.0666	-0.21352800000000002	-0.669647	0.346823	-0.0570899	0.6068680000000001	-0.79275	0.0	0.522666	-0.658369	-0.541637	0.0	-0.8506239999999999	-0.44526499999999997	-0.27960300000000005	0.0	2.4895099999999997	1.6623900000000003	1.7868700000000002	0.35193	
3	0.528518	0.143019	-0.8367879999999999	0.0	0.7935409999999999	0.266963	0.5468310000000001	0.0	0.30159899999999995	-0.9530350000000001	0.027603199999999998	0.0	-3.01059	-0.295576	-0.673546	0.34637199999999996	-0.054195900000000005	0.603774	-0.795312	0.0	0.520981	-0.662381	-0.538359	0.0	-0.8518459999999999	-0.44351899999999994	-0.27865700000000004	0.0	2.49175	1.6704400000000001	1.7763099999999998	0.351865	
3	0.557297	0.1281	-0.8203719999999999	0.0	0.7827850000000001	0.248427	0.570554	0.0	0.27689	-0.9601430000000001	0.0381727	0.0	-2.9826200000000003	-0.333363	-0.6864399999999999	0.34462600000000004	-0.05264540000000001	0.602433	-0.7964319999999999	0.0	0.519305	-0.664701	-0.537117	0.0	-0.852966	-0.44186800000000004	-0.277853	0.0	2.4910200000000002	1.68088	1.77174	0.351928	
3	0.560212	0.126675	-0.8186060000000001	0.0	0.7831899999999999	0.240839	0.573245	0.0	0.269768	-0.9622629999999999	0.0357105	0.0	-2.97782	-0.335167	-0.694591	0.34383600000000003	-0.05275409999999999	0.600803	-0.797655	0.0	0.518392	-0.666234	-0.536099	0.0	-0.853514	-0.441779	-0.276304	0.0	2.48734	1.6829599999999998	1.7746	0.351873	
3	0.5620729999999999	0.131022	-0.8166439999999999	0.0	0.787994	0.21513800000000002	0.576871	0.0	0.251274	-0.9677549999999999	0.0176792	0.0	-3.0160099999999996	-0.32000300000000004	-0.7115090000000001	0.34378800000000004	-0.0482114	0.595967	-0.80156	0.0	0.516473	-0.672013	-0.530712	0.0	-0.8549450000000001	-0.439571	-0.275403	0.0	2.48108	1.6964	1.79194	0.351313	
3	0.568074	0.145096	-0.810086	0.0	0.790071	0.179412	0.586174	0.0	0.23039	-0.973015	-0.012717200000000001	0.0	-3.1549400000000003	-0.31859899999999997	-0.833625	0.342225	-0.0441612	0.5933689999999999	-0.803718	0.0	0.513736	-0.676492	-0.5276689999999999	0.0	-0.8568110000000001	-0.436201	-0.274961	0.0	2.47574	1.7159799999999998	1.8042200000000002	0.35142199999999996	
3	0.567891	0.14694000000000002	-0.809882	0.0	0.7889689999999999	0.18324100000000001	0.5864729999999999	0.0	0.23458	-0.972024	-0.0118699	0.0	-3.18343	-0.32456799999999997	-0.867834	0.342227	-0.043660500000000005	0.591246	-0.805309	0.0	0.511905	-0.67898	-0.526251	0.0	-0.8579319999999999	-0.43521800000000005	-0.273017	0.0	2.46794	1.7167400000000002	1.80443	0.35163099999999997	
3	0.570131	0.156958	-0.806421	0.0	0.785267	0.18439	0.591064	0.0	0.241468	-0.970239	-0.0181273	0.0	-3.18293	-0.334478	-0.9162520000000001	0.34223400000000004	-0.0408096	0.588623	-0.807377	0.0	0.51031	-0.682433	-0.5233260000000001	0.0	-0.859022	-0.43336899999999995	-0.27253099999999997	0.0	2.45607	1.72918	1.8089400000000002	0.352312	
3	0.569037	0.155404	-0.8074939999999999	0.0	0.784191	0.192967	0.589752	0.0	0.24747	-0.9688209999999999	-0.012061	0.0	-3.14483	-0.351986	-0.917984	0.34525300000000003	-0.0417205	0.5865779999999999	-0.808817	0.0	0.509999	-0.683615	-0.522084	0.0	-0.8591629999999999	-0.434278	-0.27063400000000004	0.0	2.45132	1.7318200000000001	1.80552	0.352632	
3	0.564821	0.158121	-0.809923	0.0	0.785433	0.198046	0.586407	0.0	0.253125	-0.967355	-0.0123333	0.0	-3.1451	-0.358018	-0.9039950000000001	0.345354	-0.040569	0.584992	-0.810024	0.0	0.513129	-0.683423	-0.519261	0.0	-0.857352	-0.436713	-0.272451	0.0	2.4554	1.7290900000000002	1.78413	0.352732	
3	0.562875	0.158789	-0.811146	0.0	0.786217	0.199929	0.5847140000000001	0.0	0.255019	-0.966858	-0.012307799999999999	0.0	-3.14795	-0.357591	-0.90628	0.34541700000000003	-0.041028300000000004	0.5847600000000001	-0.810168	0.0	0.5134810000000001	-0.683242	-0.519151	0.0	-0.8571200000000001	-0.43730600000000003	-0.272231	0.0	2.45181	1.7300400000000002	1.7838	0.35304	
3	0.5628770000000001	0.158789	-0.811145	0.0	0.786217	0.199926	0.584716	0.0	0.25501599999999996	-0.966859	-0.012309100000000002	0.0	-3.14794	-0.357595	-0.906265	0.345418	-0.0410284	0.584758	-0.8101689999999999	0.0	0.5134810000000001	-0.683243	-0.51915	0.0	-0.8571200000000001	-0.43730600000000003	-0.27223	0.0	2.4518299999999997	1.7300400000000002	1.7838	0.35304	
3	0.5628770000000001	0.158789	-0.811145	0.0	0.786217	0.199926	0.584716	0.0	0.25501599999999996	-0.966859	-0.012309100000000002	0.0	-3.14794	-0.357594	-0.906265	0.345418	-0.0410284	0.584758	-0.8101689999999999	0.0	0.5134810000000001	-0.683243	-0.51915	0.0	-0.8571200000000001	-0.43730600000000003	-0.27223	0.0	2.4518299999999997	1.7300400000000002	1.7838	0.35304	
3	0.562876	0.158789	-0.811145	0.0	0.786217	0.199926	0.584716	0.0	0.25501599999999996	-0.966859	-0.012309100000000002	0.0	-3.14794	-0.357594	-0.906265	0.345418	-0.0410284	0.584758	-0.8101689999999999	0.0	0.5134810000000001	-0.683243	-0.51915	0.0	-0.8571200000000001	-0.43730600000000003	-0.27223	0.0	2.4518299999999997	1.7300400000000002	1.7838	0.35304	
3	0.5628770000000001	0.158789	-0.811145	0.0	0.786217	0.199926	0.584716	0.0	0.25501599999999996	-0.966859	-0.012309100000000002	0.0	-3.14794	-0.357595	-0.906265	0.345418	-0.0410284	0.584758	-0.8101689999999999	0.0	0.5134810000000001	-0.683243	-0.51915	0.0	-0.8571200000000001	-0.43730600000000003	-0.27223	0.0	2.4518299999999997	1.7300400000000002	1.7838	0.35304	
3	0.5628770000000001	0.158789	-0.811145	0.0	0.786217	0.199926	0.584716	0.0	0.25501599999999996	-0.966859	-0.012309100000000002	0.0	-3.14794	-0.357594	-0.906265	0.345418	-0.0410286	0.584758	-0.81017	0.0	0.5134810000000001	-0.683243	-0.51915	0.0	-0.8571200000000001	-0.43730600000000003	-0.27223	0.0	2.4518299999999997	1.7300400000000002	1.7838	0.35304	
3	0.5628770000000001	0.158789	-0.811145	0.0	0.786217	0.199926	0.584716	0.0	0.25501599999999996	-0.966859	-0.012309100000000002	0.0	-3.14794	-0.357595	-0.906265	0.345418	-0.0410284	0.584758	-0.8101689999999999	0.0	0.5134810000000001	-0.683243	-0.51915	0.0	-0.8571200000000001	-0.43730600000000003	-0.27223	0.0	2.4518299999999997	1.7300400000000002	1.7838	0.35304	
3	0.5628770000000001	0.158789	-0.811145	0.0	0.786217	0.199926	0.584716	0.0	0.25501599999999996	-0.966859	-0.012309100000000002	0.0	-3.14794	-0.357595	-0.906265	0.345418	-0.0410284	0.584758	-0.8101689999999999	0.0	0.5134810000000001	-0.683243	-0.51915	0.0	-0.8571200000000001	-0.43730600000000003	-0.27223	0.0	2.4518299999999997	1.7300400000000002	1.7838	0.35304	
3	0.5628770000000001	0.15879000000000001	-0.811145	0.0	0.786217	0.199926	0.584716	0.0	0.25501599999999996	-0.966859	-0.012309100000000002	0.0	-3.14794	-0.357594	-0.906265	0.34541700000000003	-0.0410284	0.584758	-0.8101689999999999	0.0	0.5134810000000001	-0.683243	-0.51915	0.0	-0.8571200000000001	-0.43730600000000003	-0.27223	0.0	2.4518299999999997	1.7300400000000002	1.7838	0.35304	
3	0.562876	0.158789	-0.811145	0.0	0.786217	0.199926	0.584716	0.0	0.25501599999999996	-0.966859	-0.012309100000000002	0.0	-3.14794	-0.357594	-0.906265	0.345418	-0.041028699999999994	0.584758	-0.81017	0.0	0.5134810000000001	-0.683243	-0.51915	0.0	-0.8571200000000001	-0.43730600000000003	-0.27223	0.0	2.4518299999999997	1.7300400000000002	1.7838	0.35304	
3	0.5628770000000001	0.158789	-0.811145	0.0	0.786217	0.199926	0.584716	0.0	0.25501599999999996	-0.966859	-0.012309100000000002	0.0	-3.14794	-0.357594	-0.906265	0.34541700000000003	-0.0410286	0.584758	-0.8101689999999999	0.0	0.5134810000000001	-0.683243	-0.51915	0.0	-0.8571200000000001	-0.43730600000000003	-0.27223	0.0	2.4518299999999997	1.7300400000000002	1.7838	0.35304	
3	0.5628770000000001	0.158789	-0.811145	0.0	0.786217	0.199926	0.584716	0.0	0.25501599999999996	-0.966859	-0.012309100000000002	0.0	-3.14794	-0.357594	-0.906265	0.345418	-0.0410284	0.584758	-0.8101689999999999	0.0	0.5134810000000001	-0.683243	-0.51915	0.0	-0.8571200000000001	-0.43730600000000003	-0.27223	0.0	2.4518299999999997	1.7300400000000002	1.7838	0.35304	
3	0.562876	0.158789	-0.811145	0.0	0.786217	0.199926	0.584716	0.0	0.25501599999999996	-0.966859	-0.012309100000000002	0.0	-3.14794	-0.357595	-0.906266	0.345418	-0.0410284	0.584758	-0.8101689999999999	0.0	0.5134810000000001	-0.683243	-0.51915	0.0	-0.8571200000000001	-0.43730600000000003	-0.27223	0.0	2.4518299999999997	1.7300400000000002	1.7838	0.35304	
3	0.5628770000000001	0.158789	-0.811145	0.0	0.786217	0.199926	0.584716	0.0	0.25501599999999996	-0.966859	-0.012309100000000002	0.0	-3.14794	-0.357595	-0.906265	0.345418	-0.0410284	0.584758	-0.8101689999999999	0.0	0.5134810000000001	-0.683243	-0.51915	0.0	-0.8571200000000001	-0.43730600000000003	-0.27223	0.0	2.4518299999999997	1.7300400000000002	1.7838	0.35304	
3	0.5628770000000001	0.158789	-0.811145	0.0	0.786217	0.199926	0.584716	0.0	0.25501599999999996	-0.966859	-0.012309100000000002	0.0	-3.14794	-0.357595	-0.906265	0.345418	-0.0410286	0.584758	-0.8101689999999999	0.0	0.5134810000000001	-0.683243	-0.51915	0.0	-0.8571200000000001	-0.43730600000000003	-0.27223	0.0	2.4518299999999997	1.7300400000000002	1.7838	0.35304	
3	0.562876	0.158789	-0.811145	0.0	0.786217	0.199926	0.584716	0.0	0.25501599999999996	-0.966859	-0.012309100000000002	0.0	-3.14794	-0.357594	-0.906265	0.345418	-0.0410284	0.584758	-0.8101689999999999	0.0	0.5134810000000001	-0.683243	-0.51915	0.0	-0.8571200000000001	-0.43730600000000003	-0.27223	0.0	2.4518299999999997	1.7300400000000002	1.7838	0.35304	
3	0.562876	0.158789	-0.811145	0.0	0.786217	0.199926	0.584716	0.0	0.25501599999999996	-0.966859	-0.012309100000000002	0.0	-3.14794	-0.357595	-0.906265	0.345418	-0.0410284	0.584758	-0.8101689999999999	0.0	0.5134810000000001	-0.683243	-0.51915	0.0	-0.8571200000000001	-0.43730600000000003	-0.27223	0.0	2.4518299999999997	1.7300400000000002	1.7838	0.35304	
3	0.562876	0.158789	-0.811145	0.0	0.786217	0.199926	0.584716	0.0	0.25501599999999996	-0.966859	-0.012309100000000002	0.0	-3.14794	-0.357594	-0.906265	0.345418	-0.0410284	0.584758	-0.8101689999999999	0.0	0.5134810000000001	-0.683243	-0.51915	0.0	-0.8571200000000001	-0.43730600000000003	-0.27223	0.0	2.4518299999999997	1.7300400000000002	1.7838	0.35304	
3	0.5628770000000001	0.158789	-0.811145	0.0	0.786217	0.199926	0.584716	0.0	0.25501599999999996	-0.966859	-0.012309100000000002	0.0	-3.14795	-0.357595	-0.906265	0.345418	-0.0410284	0.584758	-0.8101689999999999	0.0	0.5134810000000001	-0.683243	-0.51915	0.0	-0.8571200000000001	-0.43730600000000003	-0.27223	0.0	2.4518299999999997	1.7300400000000002	1.7838	0.35304	
3	0.5628770000000001	0.158789	-0.811145	0.0	0.786217	0.199926	0.584716	0.0	0.25501599999999996	-0.966859	-0.012309100000000002	0.0	-3.14794	-0.357594	-0.906265	0.345418	-0.0410284	0.584758	-0.8101689999999999	0.0	0.5134810000000001	-0.683243	-0.51915	0.0	-0.8571200000000001	-0.43730600000000003	-0.27223	0.0	2.4518299999999997	1.7300400000000002	1.7838	0.35304	
3	0.562933	0.158802	-0.811103	0.0	0.785672	0.201824	0.584797	0.0	0.256567	-0.966462	-0.0111526	0.0	-3.15521	-0.362477	-0.9122120000000001	0.346193	-0.041081400000000004	0.584779	-0.8101520000000001	0.0	0.515117	-0.682376	-0.5186689999999999	0.0	-0.8561350000000001	-0.43863	-0.27319699999999997	0.0	2.44372	1.7349400000000001	1.78777	0.352939	
3	0.608058	0.285213	-0.740891	0.0	0.707857	0.22776300000000002	0.6686270000000001	0.0	0.359448	-0.931009	-0.0633968	0.0	-3.13151	-0.447053	-1.01434	0.35029499999999997	-0.030307799999999996	0.570585	-0.82068	0.0	0.512575	-0.6960069999999999	-0.502834	0.0	-0.858107	-0.4359	-0.271373	0.0	2.4039	1.7666	1.8143200000000002	0.35130700000000004	
3	0.6166510000000001	0.28019299999999997	-0.735686	0.0	0.7053689999999999	0.21831199999999998	0.674385	0.0	0.349567	-0.93479	-0.0630173	0.0	-3.05748	-0.529981	-1.11772	0.34972800000000004	-0.028354200000000003	0.565537	-0.8242360000000001	0.0	0.505289	-0.703353	-0.499978	0.0	-0.8624850000000001	-0.43065299999999995	-0.265816	0.0	2.40453	1.7727099999999998	1.81923	0.351005	
3	0.61803	0.24682199999999999	-0.7464029999999999	0.0	0.7229909999999999	0.19442	0.662936	0.0	0.308743	-0.949358	-0.0582923	0.0	-3.01237	-0.7268319999999999	-1.25483	0.348916	-0.028335900000000004	0.566188	-0.823789	0.0	0.50192	-0.704638	-0.50156	0.0	-0.86445	-0.427688	-0.264214	0.0	2.4001200000000003	1.78965	1.82991	0.35083600000000004	
3	0.599508	0.203146	-0.774159	0.0	0.752204	0.187469	0.6317	0.0	0.273458	-0.961034	-0.040417699999999994	0.0	-2.9519	-1.0195299999999998	-1.41464	0.347482	-0.026901799999999997	0.566079	-0.8239120000000001	0.0	0.501302	-0.705441	-0.50105	0.0	-0.8648540000000001	-0.42650699999999997	-0.26479899999999995	0.0	2.39893	1.7955900000000002	1.82638	0.350539	
3	0.573782	0.15039	-0.805082	0.0	0.790795	0.154055	0.592377	0.0	0.213115	-0.97655	-0.0305341	0.0	-2.88429	-1.31524	-1.58158	0.346715	-0.0256513	0.56488	-0.824774	0.0	0.501188	-0.706598	-0.49953000000000003	0.0	-0.864958	-0.42618100000000003	-0.264986	0.0	2.39927	1.7981900000000002	1.8255299999999999	0.35029699999999997	
3	0.568186	0.107806	-0.815808	0.0	0.808474	0.111686	0.5778369999999999	0.0	0.153409	-0.9878790000000001	-0.023699599999999998	0.0	-2.85583	-1.60982	-1.7677900000000002	0.347006	-0.0209273	0.560454	-0.8279209999999999	0.0	0.49661000000000005	-0.712892	-0.49513999999999997	0.0	-0.8677219999999999	-0.421516	-0.263408	0.0	2.40129	1.80194	1.82149	0.34996	
3	0.570224	0.06850010000000001	-0.818628	0.0	0.814281	0.084592	0.574274	0.0	0.10858699999999999	-0.994058	-0.00754201	0.0	-2.8568599999999997	-1.8651200000000001	-1.94402	0.346958	-0.0199016	0.560549	-0.827882	0.0	0.49752799999999997	-0.712688	-0.494512	0.0	-0.8672200000000001	-0.42173599999999994	-0.264705	0.0	2.4021	1.80246	1.82096	0.349742	
3	0.585314	0.0348295	-0.810058	0.0	0.808467	0.0507625	0.586348	0.0	0.0615429	-0.9981030000000001	0.00155345	0.0	-2.86081	-2.05015	-2.08177	0.347008	-0.016189600000000002	0.558855	-0.829108	0.0	0.49465600000000004	-0.716156	-0.492379	0.0	-0.8689379999999999	-0.418095	-0.264847	0.0	2.40633	1.80594	1.8052400000000002	0.34974099999999997	
3	0.6197020000000001	-0.0354385	-0.784037	0.0	0.784747	0.012844799999999998	0.619683	0.0	-0.011889799999999999	-0.999289	0.0357701	0.0	-2.85465	-2.2347099999999998	-2.14229	0.34689699999999996	-0.016052200000000003	0.558697	-0.829216	0.0	0.493737	-0.71673	-0.49246599999999996	0.0	-0.8694629999999999	-0.41731999999999997	-0.264344	0.0	2.40886	1.80607	1.79867	0.349918	
3	0.643451	-0.0766048	-0.761644	0.0	0.762709	-0.020531999999999998	0.646416	0.0	-0.0651567	-0.99685	0.045215899999999996	0.0	-2.8895299999999997	-2.3879	-2.2485	0.34608099999999997	-0.016066	0.559024	-0.828996	0.0	0.49363	-0.716583	-0.49278599999999995	0.0	-0.869524	-0.417134	-0.264438	0.0	2.4095400000000002	1.80477	1.79895	0.349842	
3	0.663343	-0.141996	-0.7347199999999999	0.0	0.736323	-0.051216399999999995	0.674689	0.0	-0.133433	-0.988541	0.0705807	0.0	-2.86235	-2.43297	-2.30619	0.351404	-0.0163576	0.5588609999999999	-0.8291	0.0	0.493792	-0.7165189999999999	-0.492717	0.0	-0.869426	-0.417462	-0.264241	0.0	2.40897	1.79995	1.7976400000000001	0.34978400000000004	
3	0.676779	-0.187775	-0.7118359999999999	0.0	0.71906	-0.0387444	0.693867	0.0	-0.15787	-0.981448	0.1088	0.0	-2.8526599999999998	-2.4395700000000002	-2.34805	0.354606	-0.0162891	0.559647	-0.828571	0.0	0.495072	-0.7154560000000001	-0.49297700000000005	0.0	-0.868699	-0.418232	-0.265411	0.0	2.40769	1.80235	1.7990400000000002	0.349894	
3	0.679705	-0.22841799999999998	-0.697013	0.0	0.715716	-0.00136404	0.69839	0.0	-0.160476	-0.973562	0.162555	0.0	-2.89373	-2.4687900000000003	-2.3856599999999997	0.354507	-0.016653	0.558887	-0.8290770000000001	0.0	0.49493100000000007	-0.7158720000000001	-0.492516	0.0	-0.8687729999999999	-0.418537	-0.264689	0.0	2.40803	1.80413	1.8006400000000002	0.349576	
3	0.6788489999999999	-0.236353	-0.695199	0.0	0.717195	0.010392700000000001	0.6967949999999999	0.0	-0.15746400000000002	-0.971612	0.176566	0.0	-3.12113	-2.9342	-2.43622	0.346063	-0.017052099999999997	0.558812	-0.829119	0.0	0.49521499999999996	-0.715665	-0.49253	0.0	-0.868603	-0.418991	-0.264529	0.0	2.4095299999999997	1.8027	1.80102	0.349711	
3	0.674461	-0.24466500000000002	-0.696592	0.0	0.721761	0.019852099999999998	0.691858	0.0	-0.155444	-0.969404	0.189979	0.0	-3.15007	-3.0443	-2.4012700000000002	0.345482	-0.0161165	0.5588069999999999	-0.829141	0.0	0.495888	-0.715611	-0.491932	0.0	-0.868237	-0.41908900000000004	-0.265573	0.0	2.40915	1.80362	1.80256	0.349475	
3	0.6723279999999999	-0.24691100000000002	-0.697861	0.0	0.724258	0.0244916	0.689094	0.0	-0.153053	-0.9687290000000001	0.195294	0.0	-3.1762799999999998	-3.14248	-2.3835	0.34578000000000003	-0.0166659	0.559057	-0.8289620000000001	0.0	0.495307	-0.715585	-0.49255299999999996	0.0	-0.8685579999999999	-0.4188	-0.264979	0.0	2.40955	1.8037	1.8025400000000003	0.349479	
3	0.671229	-0.233983	-0.7033510000000001	0.0	0.728367	0.0320577	0.684437	0.0	-0.137599	-0.9717120000000001	0.191944	0.0	-3.21101	-3.20971	-2.36833	0.34673699999999996	-0.016425400000000003	0.558772	-0.829159	0.0	0.495572	-0.715696	-0.492126	0.0	-0.8684120000000001	-0.418991	-0.265156	0.0	2.4119900000000003	1.79918	1.8013700000000001	0.349569	
3	0.663798	-0.23227899999999999	-0.710928	0.0	0.737581	0.0458644	0.6736989999999999	0.0	-0.12387999999999999	-0.971567	0.201769	0.0	-3.23334	-3.23577	-2.36468	0.34717800000000004	-0.015397999999999998	0.558473	-0.8293799999999999	0.0	0.49497299999999994	-0.7164550000000001	-0.491623	0.0	-0.868772	-0.418091	-0.265397	0.0	2.41004	1.80245	1.8027099999999998	0.349599	
3	0.6535	-0.232404	-0.720366	0.0	0.750095	0.07126299999999999	0.657479	0.0	-0.101465	-0.9700049999999999	0.22089499999999998	0.0	-3.26614	-3.28001	-2.36286	0.34670300000000004	-0.0154555	0.558153	-0.829594	0.0	0.494608	-0.716805	-0.491482	0.0	-0.8689790000000001	-0.41791999999999996	-0.264989	0.0	2.40978	1.80381	1.8035700000000001	0.349387	
3	0.635358	-0.23329499999999997	-0.7361340000000001	0.0	0.7689630000000001	0.10370599999999999	0.630826	0.0	-0.07082689999999998	-0.96686	0.245286	0.0	-3.26726	-3.2880800000000003	-2.3469	0.346777	-0.0153391	0.557358	-0.8301299999999999	0.0	0.49433599999999994	-0.717439	-0.49083000000000004	0.0	-0.869136	-0.417892	-0.264517	0.0	2.41098	1.8056	1.80425	0.349575	
3	0.6208	-0.23168699999999998	-0.7489520000000001	0.0	0.781377	0.10524100000000002	0.615121	0.0	-0.063695	-0.967081	0.246369	0.0	-3.26852	-3.2956300000000005	-2.3334	0.346585	-0.015360200000000001	0.558818	-0.829148	0.0	0.49498400000000004	-0.716256	-0.491903	0.0	-0.868766	-0.417971	-0.265604	0.0	2.4096599999999997	1.80595	1.80329	0.349504	
3	0.599992	-0.227287	-0.7670399999999999	0.0	0.7989649999999999	0.12134400000000001	0.589008	0.0	-0.0407977	-0.9662379999999999	0.2544	0.0	-3.29483	-3.3285699999999996	-2.31435	0.346594	-0.015338599999999999	0.5583739999999999	-0.829448	0.0	0.493936	-0.7170300000000001	-0.491829	0.0	-0.8693629999999999	-0.417238	-0.264803	0.0	2.4123	1.7993299999999999	1.8016900000000002	0.34970999999999997	
3	0.556705	-0.211076	-0.803447	0.0	0.8305600000000001	0.123057	0.5431630000000001	0.0	-0.0157789	-0.969693	0.24381799999999998	0.0	-3.38079	-3.4636400000000003	-2.26737	0.346883	-0.015309799999999998	0.558435	-0.829407	0.0	0.49413900000000005	-0.716904	-0.49180799999999997	0.0	-0.8692479999999999	-0.417372	-0.264969	0.0	2.4093400000000003	1.79634	1.80245	0.349752	
3	0.51888	-0.20621799999999998	-0.829601	0.0	0.854823	0.132456	0.50173	0.0	0.00641984	-0.9695	0.245009	0.0	-3.4045300000000003	-3.51025	-2.2319400000000003	0.34720300000000004	-0.0155219	0.5589430000000001	-0.829061	0.0	0.494042	-0.716588	-0.49236499999999994	0.0	-0.8692989999999999	-0.41723299999999997	-0.265019	0.0	2.41033	1.7991400000000002	1.8048400000000002	0.34980500000000003	
3	0.46762700000000007	-0.209129	-0.85883	0.0	0.8834040000000001	0.143957	0.445953	0.0	0.030372900000000005	-0.967234	0.252064	0.0	-3.4389199999999995	-3.51379	-2.20864	0.348046	-0.0149708	0.558951	-0.829066	0.0	0.494183	-0.716673	-0.4921	0.0	-0.8692290000000001	-0.41707700000000003	-0.265495	0.0	2.40916	1.80152	1.80345	0.34972	
3	0.406378	-0.219889	-0.8868520000000001	0.0	0.9116559999999999	0.16254000000000002	0.377443	0.0	0.0611535	-0.961889	0.266515	0.0	-3.4838400000000003	-3.5171099999999997	-2.1495	0.348885	-0.0150076	0.559134	-0.828942	0.0	0.49359200000000003	-0.716838	-0.492454	0.0	-0.8695639999999999	-0.41655	-0.265226	0.0	2.41152	1.80023	1.79955	0.34984	
3	0.33816399999999996	-0.22819899999999999	-0.9130010000000001	0.0	0.935533	0.18676099999999998	0.29983000000000004	0.0	0.102092	-0.955534	0.276643	0.0	-3.53841	-3.5239	-2.056	0.351144	-0.014668700000000002	0.558653	-0.8292719999999999	0.0	0.493496	-0.717266	-0.49192700000000006	0.0	-0.869624	-0.416458	-0.265171	0.0	2.40963	1.80035	1.80182	0.349912	
3	0.293877	-0.225483	-0.928867	0.0	0.9465110000000001	0.204112	0.24991100000000002	0.0	0.133242	-0.952626	0.273406	0.0	-3.56892	-3.5336300000000005	-2.03809	0.35312	-0.0150215	0.558179	-0.829584	0.0	0.49188999999999994	-0.718214	-0.49215200000000003	0.0	-0.8705280000000001	-0.41545699999999997	-0.26377399999999995	0.0	2.40967	1.7997	1.80732	0.3499	
3	0.240745	-0.22469899999999998	-0.9442200000000001	0.0	0.95349	0.236551	0.186816	0.0	0.18137899999999998	-0.9452799999999999	0.27119699999999997	0.0	-3.5956900000000003	-3.5535900000000002	-2.02935	0.352932	-0.0148144	0.5584600000000001	-0.829399	0.0	0.49241899999999994	-0.717854	-0.492148	0.0	-0.870232	-0.415703	-0.264362	0.0	2.4064900000000002	1.8004900000000001	1.8063900000000002	0.349815	
0	0.184282	-0.21350500000000003	-0.959404	0.0	0.9568	0.262311	0.125408	0.0	0.22488699999999998	-0.941068	0.252621	0.0	-3.6180199999999996	-3.56964	-2.01158	0.353434	-0.0149761	0.5593359999999999	-0.8288059999999999	0.0	0.49189099999999997	-0.717539	-0.493134	0.0	-0.8705280000000001	-0.415067	-0.264387	0.0	2.41015	1.7963	1.80315	0.350028	
0	0.165678	-0.199738	-0.965741	0.0	0.9568139999999999	0.269751	0.108356	0.0	0.238866	-0.9419870000000001	0.23580399999999999	0.0	-3.6219099999999997	-3.5737699999999997	-2.00227	0.353984	-0.014817400000000001	0.559582	-0.828643	0.0	0.491922	-0.7174229999999999	-0.49327200000000004	0.0	-0.8705129999999999	-0.41493599999999997	-0.26464	0.0	2.40944	1.7957599999999998	1.8020900000000002	0.35015999999999997	
0	0.158208	-0.19456600000000002	-0.9680469999999999	0.0	0.952598	0.288091	0.0977803	0.0	0.259861	-0.937629	0.23092100000000002	0.0	-3.6552300000000004	-3.57855	-1.96285	0.35419	-0.0150042	0.559395	-0.828765	0.0	0.491805	-0.717537	-0.49322299999999997	0.0	-0.870576	-0.414991	-0.264347	0.0	2.40784	1.79643	1.80393	0.350269	
0	0.15933599999999998	-0.18018599999999999	-0.970641	0.0	0.947945	0.302506	0.0994545	0.0	0.275704	-0.935961	0.219007	0.0	-3.6753	-3.57631	-1.9148900000000002	0.350761	-0.0151041	0.557141	-0.8302809999999999	0.0	0.493691	-0.7179439999999999	-0.490741	0.0	-0.869506	-0.417314	-0.26421100000000003	0.0	2.40924	1.79067	1.8005900000000001	0.35076999999999997	
0	0.16006199999999998	-0.161891	-0.973741	0.0	0.9408139999999999	0.323571	0.100854	0.0	0.298747	-0.9322520000000001	0.204101	0.0	-3.7020800000000005	-3.56661	-1.91845	0.349441	-0.021430599999999998	0.55395	-0.832274	0.0	0.496497	-0.716661	-0.489784	0.0	-0.8677739999999999	-0.42371800000000004	-0.259676	0.0	2.40402	1.7852	1.81665	0.35099600000000003	
0	0.157721	-0.142201	-0.977191	0.0	0.929681	0.35498	0.0983962	0.0	0.332892	-0.9239959999999999	0.18819	0.0	-3.6956300000000004	-3.43661	-1.9654	0.349779	-0.023130500000000002	0.552978	-0.832875	0.0	0.498399	-0.7158100000000001	-0.489095	0.0	-0.8666389999999999	-0.426417	-0.259046	0.0	2.40137	1.7751099999999997	1.82195	0.35138600000000003	
0	0.152876	-0.12777	-0.979951	0.0	0.919731	0.381181	0.0937819	0.0	0.361557	-0.9156290000000001	0.175788	0.0	-3.67766	-3.30444	-1.98768	0.35330700000000004	-0.0258278	0.550704	-0.8343010000000001	0.0	0.504224	-0.713462	-0.48655	0.0	-0.863187	-0.433241	-0.259251	0.0	2.40653	1.7487599999999999	1.8132599999999999	0.351675	
0	0.157299	-0.10374000000000001	-0.982087	0.0	0.910723	0.399803	0.10363599999999999	0.0	0.38189	-0.9107120000000001	0.157367	0.0	-3.6556599999999997	-3.19367	-2.0173400000000004	0.356987	-0.028210000000000002	0.548276	-0.8358209999999999	0.0	0.507943	-0.7122930000000001	-0.484389	0.0	-0.860929	-0.43821400000000005	-0.2584	0.0	2.4087	1.7268700000000001	1.81455	0.352067	
0	0.161496	-0.08606849999999999	-0.9831129999999999	0.0	0.90391	0.412703	0.112354	0.0	0.39606399999999997	-0.90679	0.144448	0.0	-3.65657	-3.1012	-2.04395	0.358121	-0.0334477	0.545559	-0.837404	0.0	0.509301	-0.7116180000000001	-0.483954	0.0	-0.8599379999999999	-0.44267799999999996	-0.254052	0.0	2.40224	1.69957	1.8214599999999999	0.352497	
0	0.16645	-0.0701118	-0.983554	0.0	0.88946	0.44122799999999995	0.119074	0.0	0.425623	-0.894652	0.135804	0.0	-3.67536	-3.01423	-2.06067	0.357942	-0.03804280000000001	0.54333	-0.838657	0.0	0.5184300000000001	-0.706749	-0.48139	0.0	-0.854273	-0.45309799999999995	-0.254792	0.0	2.3867700000000003	1.6777400000000002	1.8234599999999999	0.352978	
0	0.172325	-0.0523092	-0.98365	0.0	0.880566	0.455737	0.13003	0.0	0.441484	-0.888576	0.124596	0.0	-3.6775300000000004	-2.94503	-2.08813	0.358274	-0.0387221	0.5426340000000001	-0.839076	0.0	0.517433	-0.7074699999999999	-0.48140299999999997	0.0	-0.8548469999999999	-0.45280600000000004	-0.253382	0.0	2.38123	1.6689900000000002	1.82339	0.352853	
0	0.194018	-0.034872	-0.9803780000000001	0.0	0.875293	0.45741499999999996	0.156951	0.0	0.442967	-0.888569	0.11927	0.0	-3.6130400000000003	-2.95497	-2.09157	0.358106	-0.0390052	0.541684	-0.839677	0.0	0.517519	-0.707883	-0.480703	0.0	-0.854783	-0.453298	-0.25272100000000003	0.0	2.38096	1.65926	1.82237	0.353052	
0	0.220094	-0.024945099999999998	-0.97516	0.0	0.871556	0.45401400000000003	0.185097	0.0	0.438119	-0.890645	0.12166700000000001	0.0	-3.58885	-3.0270099999999998	-2.07335	0.358	-0.039469	0.540783	-0.8402360000000001	0.0	0.517163	-0.708447	-0.48025500000000004	0.0	-0.8549760000000001	-0.45349399999999995	-0.251711	0.0	2.38212	1.65867	1.8272599999999999	0.35281799999999996	
0	0.24835900000000002	-0.017819400000000003	-0.9685040000000001	0.0	0.8632049999999999	0.45775	0.21293499999999999	0.0	0.439539	-0.8889020000000001	0.12906800000000002	0.0	-3.56923	-3.12344	-2.0720099999999997	0.358271	-0.039622199999999996	0.54028	-0.8405520000000001	0.0	0.5170819999999999	-0.708731	-0.47992399999999996	0.0	-0.8550180000000001	-0.45365	-0.251288	0.0	2.38116	1.65785	1.8293700000000002	0.352749	
0	0.274727	-0.00560936	-0.961506	0.0	0.8563280000000001	0.456215	0.242013	0.0	0.437296	-0.8898520000000001	0.130138	0.0	-3.5062	-3.2473099999999997	-2.12873	0.358151	-0.0399336	0.539473	-0.8410559999999999	0.0	0.516688	-0.709306	-0.479498	0.0	-0.8552420000000001	-0.453711	-0.25041399999999997	0.0	2.37859	1.6605	1.8314700000000002	0.352454	
0	0.28949400000000003	-0.0323117	-0.956635	0.0	0.8679209999999999	0.430295	0.24811399999999997	0.0	0.403618	-0.9021100000000001	0.152611	0.0	-3.46158	-3.33365	-2.13948	0.357734	-0.0391839	0.537576	-0.842305	0.0	0.516048	-0.710951	-0.477749	0.0	-0.855663	-0.45338900000000004	-0.24955700000000003	0.0	2.37967	1.66218	1.83292	0.352329	
0	0.30119	-0.04352469999999999	-0.95257	0.0	0.8724879999999999	0.415667	0.256877	0.0	0.384772	-0.908475	0.16317	0.0	-3.4305	-3.3703300000000005	-2.11622	0.357631	-0.0386268	0.535654	-0.8435530000000001	0.0	0.514452	-0.7130489999999999	-0.47634099999999996	0.0	-0.856649	-0.452367	-0.24802600000000002	0.0	2.37918	1.66419	1.83585	0.35228899999999996	
0	0.30654899999999996	-0.0560552	-0.950203	0.0	0.8922059999999999	0.36475	0.26632	0.0	0.331658	-0.929417	0.161826	0.0	-3.36786	-3.3822900000000002	-2.10561	0.35846100000000003	-0.037484300000000005	0.5334810000000001	-0.844981	0.0	0.5136149999999999	-0.7150529999999999	-0.474235	0.0	-0.857202	-0.451771	-0.2472	0.0	2.37711	1.6701099999999998	1.8401900000000002	0.35220100000000004	
0	0.315386	-0.060624800000000006	-0.947025	0.0	0.902536	0.327492	0.279605	0.0	0.293192	-0.9429069999999999	0.158002	0.0	-3.33075	-3.38306	-2.09918	0.358869	-0.0377339	0.533109	-0.8452049999999999	0.0	0.513139	-0.715439	-0.47416800000000003	0.0	-0.857476	-0.4516	-0.246563	0.0	2.37637	1.67088	1.8419400000000001	0.352192	
0	0.34081300000000003	-0.050597699999999995	-0.9387690000000001	0.0	0.9214950000000001	0.21581599999999998	0.32291	0.0	0.186263	-0.9751219999999999	0.120178	0.0	-3.24828	-3.39155	-2.09713	0.355129	-0.0347896	0.527662	-0.848742	0.0	0.51039	-0.720775	-0.469026	0.0	-0.859239	-0.449506	-0.244238	0.0	2.38008	1.6729900000000002	1.8446200000000001	0.351879	
0	0.358214	-0.0472347	-0.932444	0.0	0.9213969999999999	0.179085	0.34489899999999996	0.0	0.150696	-0.982699	0.107673	0.0	-3.25306	-3.39975	-2.1200900000000003	0.3561	-0.034853300000000004	0.526864	-0.8492350000000001	0.0	0.509071	-0.7218859999999999	-0.46875	0.0	-0.8600180000000001	-0.448658	-0.24305100000000002	0.0	2.37814	1.6743	1.84883	0.351724	
0	0.38621	-0.0352972	-0.9217350000000001	0.0	0.918751	0.103646	0.38099	0.0	0.0820863	-0.9939879999999999	0.07245839999999999	0.0	-3.25958	-3.4408300000000005	-2.1863900000000003	0.352189	-0.03427380000000001	0.52473	-0.8505790000000001	0.0	0.507333	-0.724133	-0.467167	0.0	-0.8610680000000001	-0.447538	-0.241394	0.0	2.37692	1.6765599999999998	1.85595	0.35163099999999997	
0	0.398266	-0.044011800000000004	-0.9162129999999999	0.0	0.9151959999999999	0.0862016	0.393683	0.0	0.0616524	-0.9953049999999999	0.07461060000000001	0.0	-3.31071	-3.6209300000000004	-2.29565	0.34918699999999997	-0.03446880000000001	0.522935	-0.851675	0.0	0.5051760000000001	-0.7261810000000001	-0.466325	0.0	-0.8623280000000001	-0.44631899999999997	-0.239144	0.0	2.37537	1.6788299999999998	1.85673	0.35126999999999997	
0	0.38374899999999995	-0.0601711	-0.921475	0.0	0.922666	0.0657789	0.379949	0.0	0.0377517	-0.9960180000000001	0.0807604	0.0	-3.29224	-3.6243300000000005	-2.29523	0.34776599999999996	-0.0343587	0.522939	-0.851677	0.0	0.5049560000000001	-0.7263229999999999	-0.466341	0.0	-0.862461	-0.446083	-0.23910599999999999	0.0	2.37637	1.67785	1.85424	0.35126599999999997	
0	0.37788499999999997	-0.0648111	-0.923581	0.0	0.925466	0.05527130000000001	0.374778	0.0	0.026757799999999998	-0.996366	0.08086660000000001	0.0	-3.2841199999999997	-3.62702	-2.2932	0.347615	-0.034427099999999995	0.521882	-0.8523229999999999	0.0	0.5041800000000001	-0.727284	-0.465684	0.0	-0.8629120000000001	-0.44575600000000004	-0.23808400000000002	0.0	2.3769400000000003	1.6773099999999999	1.85611	0.351088	
0	0.356415	-0.0755465	-0.931269	0.0	0.93432	0.024688599999999998	0.35558	0.0	-0.00387108	-0.9968370000000001	0.07938400000000001	0.0	-3.26269	-3.63424	-2.29724	0.345688	-0.0341951	0.520029	-0.8534639999999999	0.0	0.502351	-0.729302	-0.464503	0.0	-0.8639879999999999	-0.444622	-0.23629899999999998	0.0	2.37709	1.6784299999999999	1.85674	0.351004	
0	0.353133	-0.07483530000000001	-0.932575	0.0	0.935542	0.0201857	0.352637	0.0	-0.00756508	-0.996992	0.07713989999999998	0.0	-3.26005	-3.6353	-2.29631	0.345132	-0.0335245	0.5199590000000001	-0.853533	0.0	0.501768	-0.729827	-0.46430699999999997	0.0	-0.864353	-0.443841	-0.236432	0.0	2.37838	1.6841700000000002	1.85885	0.35083000000000003	
0	0.35299200000000003	-0.07946610000000001	-0.9322459999999999	0.0	0.935579	0.0199761	0.352552	0.0	-0.00939322	-0.9966379999999999	0.08139810000000001	0.0	-3.26194	-3.63504	-2.3012099999999998	0.34313299999999997	-0.0332471	0.520201	-0.853397	0.0	0.501416	-0.729954	-0.46448900000000004	0.0	-0.864567	-0.44335	-0.23656799999999997	0.0	2.37741	1.68268	1.85972	0.350794	
0	0.35315799999999997	-0.0807273	-0.932075	0.0	0.935515	0.0202326	0.352709	0.0	-0.0096148	-0.996531	0.0826668	0.0	-3.26186	-3.6350599999999997	-2.30228	0.343263	-0.0334039	0.52018	-0.853403	0.0	0.501206	-0.730029	-0.46459700000000004	0.0	-0.864683	-0.443251	-0.23633200000000001	0.0	2.37777	1.68287	1.8589	0.350837	
0	0.358562	-0.0948054	-0.928679	0.0	0.933465	0.02707	0.357647	0.0	-0.00876743	-0.995128	0.09820380000000001	0.0	-3.26209	-3.6340199999999996	-2.3148	0.344566	-0.033493199999999994	0.519617	-0.853743	0.0	0.499567	-0.7311489999999999	-0.46460100000000004	0.0	-0.8656280000000001	-0.442063	-0.23509499999999997	0.0	2.3763900000000002	1.6832799999999999	1.8606599999999998	0.350759	
0	0.362706	-0.09737330000000001	-0.926802	0.0	0.931901	0.035437	0.360979	0.0	-0.00230637	-0.994617	0.103595	0.0	-3.26408	-3.63257	-2.31805	0.347394	-0.033556800000000005	0.5202939999999999	-0.8533280000000001	0.0	0.499776	-0.7306560000000001	-0.46515100000000004	0.0	-0.865504	-0.442082	-0.235512	0.0	2.3738799999999998	1.6882099999999998	1.86243	0.350748	
