0	0.593132	0.516197	-0.617847	0.0	0.687118	0.0753949	0.7226239999999999	0.0	0.419599	-0.853145	-0.309969	0.0	-2.7396700000000003	2.0	1.46191	0.0	-0.593132	0.516197	-0.617846	0.0	0.7498090000000001	0.0746762	-0.6574260000000001	0.0	-0.293223	-0.853208	-0.431342	0.0	2.66032	2.0	1.53809	0.0	
0	0.166579	0.763486	-0.623972	0.0	0.648139	0.392111	0.652814	0.0	0.74308	-0.513165	-0.42952700000000005	0.0	-2.9403799999999998	1.84906	1.31504	0.0	-0.06860169999999999	0.245995	-0.9668399999999999	0.0	0.6157520000000001	-0.7520680000000001	-0.23504099999999997	0.0	-0.784948	-0.611458	-0.099879	0.0	2.66756	1.9465299999999999	1.57703	0.000144038	
0	0.052882900000000004	0.7489279999999999	-0.660538	0.0	0.6547270000000001	0.473448	0.5892189999999999	0.0	0.754013	-0.463632	-0.46530600000000005	0.0	-3.29419	1.61087	1.22705	0.0	0.07990989999999999	-0.8835	-0.46156499999999995	0.0	-0.262496	-0.465354	0.845306	0.0	-0.961619	0.0536104	-0.26910100000000003	0.0	2.90983	1.78007	1.30266	0.0	
0	0.04070019999999999	0.768171	-0.63895	0.0	0.669014	0.45402200000000004	0.5884590000000001	0.0	0.742135	-0.451417	-0.495438	0.0	-3.3715300000000004	1.55931	1.07374	0.09043739999999999	0.0432019	-0.914186	-0.402986	0.0	-0.24459299999999998	-0.400766	0.882928	0.0	-0.9686629999999999	0.060423199999999996	-0.240918	0.0	2.9714	1.68504	1.20655	0.178791	
0	0.0709993	0.776807	-0.6257229999999999	0.0	0.646004	0.442165	0.622229	0.0	0.760025	-0.44839799999999996	-0.47042700000000004	0.0	-3.26171	1.45092	1.05883	0.36444699999999997	0.041985800000000004	-0.933226	-0.35682800000000003	0.0	-0.229819	-0.356587	0.9055540000000001	0.0	-0.972327	0.043985500000000004	-0.22944499999999998	0.0	2.83295	1.6706599999999998	1.2085299999999999	0.351209	
0	0.0822839	0.768461	-0.634584	0.0	0.6474449999999999	0.442856	0.620236	0.0	0.757657	-0.46189399999999997	-0.46109700000000003	0.0	-3.18989	1.3713	1.04494	0.363976	0.0528675	-0.934737	-0.351385	0.0	-0.22340300000000002	-0.354029	0.9081600000000001	0.0	-0.973292	0.030488	-0.22754000000000002	0.0	2.7892	1.6804599999999998	1.2611	0.3503	
0	0.0816372	0.7471909999999999	-0.659576	0.0	0.661116	0.45463400000000004	0.596853	0.0	0.745829	-0.484782	-0.45686499999999997	0.0	-3.1583900000000003	1.30336	1.02799	0.363965	0.0547952	-0.9359219999999999	-0.347919	0.0	-0.223863	-0.351088	0.9091879999999999	0.0	-0.9730790000000001	0.028067099999999998	-0.228756	0.0	2.77431	1.67452	1.29102	0.349575	
0	0.0957171	0.725082	-0.681979	0.0	0.657666	0.46822299999999994	0.590121	0.0	0.747204	-0.504999	-0.43204499999999996	0.0	-3.0908599999999997	1.25559	1.0413	0.36399899999999996	0.06574060000000001	-0.9337280000000001	-0.35189499999999996	0.0	-0.227054	-0.35740500000000003	0.9059299999999999	0.0	-0.9716610000000001	0.0203428	-0.23550300000000002	0.0	2.7683299999999997	1.6496	1.32277	0.34975300000000004	
0	0.113449	0.705292	-0.699781	0.0	0.67124	0.464868	0.5773510000000001	0.0	0.732507	-0.5352210000000001	-0.420681	0.0	-2.9999700000000002	1.20183	1.06952	0.363982	0.0686857	-0.935031	-0.34785	0.0	-0.225611	-0.354199	0.9075479999999999	0.0	-0.971793	0.0161431	-0.23528200000000002	0.0	2.76746	1.63071	1.33009	0.349448	
0	0.12875799999999998	0.691499	-0.71081	0.0	0.684634	0.456564	0.568178	0.0	0.717425	-0.559802	-0.414637	0.0	-2.97514	1.1819	1.09097	0.363969	0.06939400000000001	-0.934976	-0.347858	0.0	-0.22671999999999998	-0.35435500000000003	0.9072110000000001	0.0	-0.971485	0.015911099999999997	-0.23656799999999997	0.0	2.76504	1.63231	1.3419299999999998	0.34944899999999995	
0	0.128171	0.683349	-0.718754	0.0	0.691646	0.457813	0.5586	0.0	0.710773	-0.568719	-0.41395699999999996	0.0	-2.97634	1.1929299999999998	1.1098299999999999	0.363964	0.0690952	-0.935961	-0.345258	0.0	-0.22607	-0.351772	0.908377	0.0	-0.971657	0.0152881	-0.23589899999999997	0.0	2.76455	1.6360700000000001	1.34655	0.34915999999999997	
0	0.126412	0.670147	-0.731384	0.0	0.69843	0.463445	0.545357	0.0	0.704426	-0.57976	-0.409466	0.0	-2.9896599999999998	1.29636	1.14426	0.36391999999999997	0.0705283	-0.9362940000000001	-0.344062	0.0	-0.22382600000000002	-0.350981	0.9092389999999999	0.0	-0.972074	0.012882900000000001	-0.234321	0.0	2.76055	1.639	1.3645200000000002	0.349644	
0	0.189436	0.645203	-0.740154	0.0	0.740748	0.400893	0.5390520000000001	0.0	0.64452	-0.650383	-0.401989	0.0	-3.04031	1.40424	1.1094600000000001	0.36396999999999996	0.07220850000000001	-0.9379040000000001	-0.33929699999999996	0.0	-0.22212800000000002	-0.34676399999999996	0.9112709999999999	0.0	-0.97234	0.00956592	-0.23337399999999997	0.0	2.76035	1.6405599999999998	1.37523	0.348975	
0	0.21921999999999997	0.5410699999999999	-0.8119029999999999	0.0	0.816851	0.353296	0.456	0.0	0.53357	-0.7631680000000001	-0.36452399999999996	0.0	-3.06316	1.31684	1.10422	0.36180300000000004	0.0730586	-0.9385690000000001	-0.33726799999999996	0.0	-0.22115500000000002	-0.344999	0.912177	0.0	-0.972498	0.00794616	-0.232775	0.0	2.75529	1.64495	1.39376	0.348966	
0	0.260347	0.451525	-0.8534309999999999	0.0	0.8648899999999999	0.28383200000000003	0.41401000000000004	0.0	0.429167	-0.84591	-0.316625	0.0	-3.12515	1.1146200000000002	1.0367600000000001	0.342473	0.0739431	-0.939675	-0.333981	0.0	-0.220694	-0.342013	0.9134120000000001	0.0	-0.9725360000000001	0.00616708	-0.23267	0.0	2.75273	1.6551	1.41085	0.349004	
0	0.312512	0.406971	-0.858319	0.0	0.8726229999999999	0.23401599999999997	0.428679	0.0	0.37532	-0.882956	-0.281999	0.0	-3.12818	0.932858	0.9164190000000001	0.34747	0.07321749999999999	-0.940941	-0.330559	0.0	-0.22038899999999997	-0.33852	0.9147860000000001	0.0	-0.9726600000000001	0.00587311	-0.232159	0.0	2.75088	1.67057	1.419	0.348597	
0	0.37056100000000003	0.377531	-0.84862	0.0	0.865611	0.190888	0.46290299999999995	0.0	0.336751	-0.906109	-0.25605900000000004	0.0	-3.03114	0.745664	0.740341	0.359244	0.0707348	-0.9422200000000001	-0.327442	0.0	-0.21660100000000002	-0.33494	0.917005	0.0	-0.9736940000000001	0.00606015	-0.227778	0.0	2.74805	1.6825	1.42226	0.34875100000000003	
0	0.41862299999999997	0.346431	-0.8394879999999999	0.0	0.859165	0.148444	0.48969399999999996	0.0	0.29426199999999997	-0.926256	-0.23549899999999999	0.0	-2.96053	0.609834	0.5902430000000001	0.358222	0.07200160000000001	-0.94286	-0.325315	0.0	-0.21266300000000002	-0.33317399999999997	0.9185690000000001	0.0	-0.974469	0.0030441	-0.22450100000000003	0.0	2.74471	1.6846700000000001	1.4314	0.349099	
0	0.459555	0.326025	-0.8261459999999999	0.0	0.852541	0.0988166	0.513234	0.0	0.248964	-0.940183	-0.23253800000000002	0.0	-2.89566	0.48800699999999997	0.42232200000000003	0.357908	0.07170119999999999	-0.942416	-0.32666799999999996	0.0	-0.21476900000000002	-0.334416	0.9176280000000001	0.0	-0.974029	0.0043630000000000006	-0.22638000000000003	0.0	2.74282	1.6808599999999998	1.4308299999999998	0.349209	
0	0.48630500000000004	0.325402	-0.810938	0.0	0.842332	0.0721958	0.534101	0.0	0.232344	-0.942816	-0.23898699999999998	0.0	-2.89865	0.373075	0.181392	0.357308	0.07247569999999999	-0.9432360000000001	-0.324119	0.0	-0.21180700000000002	-0.332117	0.91915	0.0	-0.974621	0.00203452	-0.22385500000000003	0.0	2.74083	1.6834099999999999	1.43984	0.34912600000000005	
0	0.485209	0.327355	-0.810809	0.0	0.8410129999999999	0.0790671	0.5352060000000001	0.0	0.23931100000000002	-0.9415879999999999	-0.236946	0.0	-2.88394	0.353744	0.131101	0.356912	0.0814467	-0.940032	-0.33121999999999996	0.0	-0.21259	-0.341062	0.915687	0.0	-0.973741	-0.00416559	-0.22762	0.0	2.7465900000000003	1.66179	1.41405	0.350231	
0	0.48271099999999995	0.325919	-0.812876	0.0	0.8422299999999999	0.0816857	0.532894	0.0	0.240081	-0.9418620000000001	-0.23506799999999997	0.0	-2.8707	0.344973	0.08747200000000001	0.35689699999999996	0.178483	-0.936233	-0.302674	0.0	-0.26476900000000003	-0.341967	0.901641	0.0	-0.94765	-0.0807884	-0.308921	0.0	2.7577	1.58595	1.37515	0.351812	
0	0.48201000000000005	0.32978	-0.811733	0.0	0.8438450000000001	0.0745821	0.531379	0.0	0.235779	-0.9411069999999999	-0.24233400000000002	0.0	-2.87875	0.347827	0.0469561	0.356783	0.336462	-0.870334	-0.359599	0.0	-0.350233	-0.47012299999999996	0.810136	0.0	-0.8741450000000001	-0.146637	-0.462999	0.0	2.78818	1.42359	1.23086	0.353279	
0	0.48122600000000004	0.332491	-0.811092	0.0	0.845007	0.0702043	0.530127	0.0	0.23320500000000002	-0.9404899999999999	-0.247173	0.0	-2.91487	0.346029	-0.0399208	0.356683	0.41124799999999995	-0.838369	-0.357788	0.0	-0.38262399999999996	-0.515034	0.767033	0.0	-0.8273299999999999	-0.178543	-0.532587	0.0	2.9133	1.20099	0.9326629999999999	0.351617	
0	0.482044	0.317762	-0.816493	0.0	0.847959	0.0652823	0.526027	0.0	0.22045399999999998	-0.9459200000000001	-0.237981	0.0	-2.91399	0.30004899999999995	-0.133406	0.356279	0.46991400000000005	-0.8141149999999999	-0.341171	0.0	-0.418793	-0.545854	0.7257100000000001	0.0	-0.777041	-0.198141	-0.59745	0.0	3.10626	0.884395	0.394259	0.34939000000000003	
0	0.48160600000000003	0.318369	-0.816515	0.0	0.850404	0.055420699999999996	0.523203	0.0	0.21182399999999998	-0.9463459999999999	-0.24405100000000002	0.0	-2.9081099999999998	0.265152	-0.23985399999999998	0.35585100000000003	0.44623599999999997	-0.8248469999999999	-0.347132	0.0	-0.433659	-0.538615	0.72238	0.0	-0.782824	-0.171815	-0.598052	0.0	3.2211	0.6583359999999999	-0.13400499999999999	0.348037	
0	0.476858	0.324183	-0.817014	0.0	0.8533540000000001	0.052063599999999995	0.518726	0.0	0.21069899999999997	-0.9445610000000001	-0.251816	0.0	-2.89201	0.212567	-0.41195	0.354959	0.44697600000000004	-0.843456	-0.297985	0.0	-0.471933	-0.505326	0.722444	0.0	-0.759929	-0.18228699999999998	-0.623923	0.0	3.29664	0.383606	-0.5378729999999999	0.34821399999999997	
0	0.476976	0.339667	-0.810629	0.0	0.8543540000000001	0.03733909999999999	0.518349	0.0	0.20633400000000002	-0.9398040000000001	-0.272386	0.0	-2.8982200000000002	0.161269	-0.561339	0.354749	0.45934300000000006	-0.851197	-0.253905	0.0	-0.505375	-0.48551099999999997	0.7133550000000001	0.0	-0.730479	-0.19935799999999998	-0.653189	0.0	3.36875	0.137939	-0.704401	0.34765300000000005	
0	0.480624	0.358583	-0.800262	0.0	0.850354	0.0323716	0.5252140000000001	0.0	0.214238	-0.9329370000000001	-0.289364	0.0	-2.9207	0.1132	-0.684808	0.35444200000000003	0.46375600000000006	-0.856146	-0.22791399999999998	0.0	-0.5178659999999999	-0.470679	0.714336	0.0	-0.71885	-0.21324899999999997	-0.6616489999999999	0.0	3.43859	-0.0406431	-0.7585810000000001	0.347858	
0	0.48158500000000004	0.368026	-0.7953819999999999	0.0	0.8484079999999999	0.0317672	0.528389	0.0	0.219728	-0.9292729999999999	-0.296937	0.0	-2.9220900000000003	0.0873074	-0.723114	0.354462	0.46871599999999997	-0.8544870000000001	-0.223958	0.0	-0.522374	-0.47257299999999997	0.709789	0.0	-0.712342	-0.2157	-0.667864	0.0	3.47275	-0.12364100000000001	-0.777195	0.347925	
0	0.49543100000000007	0.370286	-0.785771	0.0	0.8428030000000001	0.014105700000000002	0.538037	0.0	0.21031100000000003	-0.928811	-0.30509000000000003	0.0	-2.9696	-0.00901485	-0.779978	0.35425500000000004	0.473641	-0.8548209999999999	-0.21200100000000002	0.0	-0.537676	-0.471304	0.699126	0.0	-0.697545	-0.21714699999999998	-0.682846	0.0	3.52808	-0.306763	-0.921426	0.34781100000000004	
0	0.501983	0.36816	-0.782606	0.0	0.839399	0.0106319	0.543413	0.0	0.208384	-0.929702	-0.303696	0.0	-2.98838	-0.0461179	-0.782878	0.354137	0.468638	-0.8584139999999999	-0.208578	0.0	-0.535175	-0.463732	0.706074	0.0	-0.702828	-0.21926700000000002	-0.676723	0.0	3.46575	-0.358879	-0.9882639999999999	0.347867	
0	0.5104390000000001	0.367886	-0.777246	0.0	0.8352950000000001	0.00260731	0.549796	0.0	0.204289	-0.929868	-0.305962	0.0	-3.01254	-0.075138	-0.809642	0.353927	0.46278400000000003	-0.8628100000000001	-0.20344600000000002	0.0	-0.5324770000000001	-0.454046	0.71436	0.0	-0.708731	-0.22226500000000002	-0.669551	0.0	3.41886	-0.38199099999999997	-1.0512700000000001	0.347575	
0	0.5121640000000001	0.372286	-0.7740100000000001	0.0	0.8357629999999999	-0.008311	0.549029	0.0	0.197963	-0.9280809999999999	-0.315399	0.0	-3.02925	-0.08528789999999999	-0.829513	0.353675	0.45891099999999996	-0.8666530000000001	-0.19573800000000002	0.0	-0.530605	-0.444035	0.722005	0.0	-0.712642	-0.22747699999999998	-0.663623	0.0	3.3906400000000003	-0.39179400000000003	-1.07429	0.347621	
0	0.524524	0.378225	-0.762771	0.0	0.831938	-0.0372519	0.553616	0.0	0.180977	-0.9249639999999999	-0.3342	0.0	-3.04527	-0.0760508	-0.851126	0.346936	0.45394300000000004	-0.870401	-0.190626	0.0	-0.531945	-0.43636	0.725689	0.0	-0.7148220000000001	-0.228019	-0.661088	0.0	3.3827599999999998	-0.392557	-1.1141	0.347641	
0	0.541674	0.38627	-0.746582	0.0	0.8249629999999999	-0.0738282	0.560345	0.0	0.161326	-0.9194260000000001	-0.358649	0.0	-3.10699	-0.08319460000000001	-0.9478850000000001	0.346896	0.44969899999999996	-0.874375	-0.182315	0.0	-0.53796	-0.42809200000000003	0.726179	0.0	-0.713001	-0.22848400000000002	-0.662892	0.0	3.38366	-0.37424	-1.13686	0.346985	
0	0.545297	0.384044	-0.745092	0.0	0.822248	-0.0722452	0.564526	0.0	0.162973	-0.920484	-0.355174	0.0	-3.1128	-0.120002	-0.859459	0.34727800000000003	0.44118199999999996	-0.880878	-0.171502	0.0	-0.5415369999999999	-0.41371	0.731834	0.0	-0.715609	-0.22999699999999998	-0.6595489999999999	0.0	3.3792199999999997	-0.345188	-1.12049	0.34702	
0	0.5495909999999999	0.377289	-0.745388	0.0	0.82005	-0.0731994	0.567591	0.0	0.159584	-0.923198	-0.34962600000000005	0.0	-3.10324	-0.135876	-0.820931	0.34741700000000003	0.43215299999999995	-0.8850309999999999	-0.1731	0.0	-0.542925	-0.408602	0.7336739999999999	0.0	-0.7200529999999999	-0.22308000000000003	-0.657084	0.0	3.37647	-0.329572	-1.14303	0.346815	
0	0.550535	0.376996	-0.744839	0.0	0.81886	-0.07028150000000001	0.569674	0.0	0.162416	-0.9235450000000001	-0.34739899999999996	0.0	-3.11301	-0.14030399999999998	-0.8010229999999999	0.347578	0.428316	-0.887149	-0.171792	0.0	-0.544367	-0.405066	0.7345649999999999	0.0	-0.721256	-0.221108	-0.656431	0.0	3.37355	-0.32148499999999997	-1.16818	0.347156	
0	0.550553	0.377035	-0.7448060000000001	0.0	0.81884	-0.0702753	0.569704	0.0	0.162457	-0.923529	-0.34742199999999995	0.0	-3.11125	-0.14006300000000002	-0.803092	0.347569	0.42807399999999995	-0.887282	-0.171706	0.0	-0.544375	-0.40481500000000004	0.734698	0.0	-0.7213930000000001	-0.22103299999999998	-0.656305	0.0	3.3723300000000003	-0.32213800000000004	-1.16707	0.347262	
0	0.550553	0.37703400000000004	-0.7448060000000001	0.0	0.8188409999999999	-0.07027660000000001	0.569703	0.0	0.162455	-0.923529	-0.34742199999999995	0.0	-3.11125	-0.14006	-0.8030930000000001	0.347569	0.428079	-0.88728	-0.171707	0.0	-0.544373	-0.404818	0.734697	0.0	-0.721392	-0.221036	-0.6563060000000001	0.0	3.3723400000000003	-0.322141	-1.16705	0.347262	
0	0.550553	0.37703400000000004	-0.7448060000000001	0.0	0.81884	-0.07027649999999999	0.569703	0.0	0.162455	-0.923529	-0.34742199999999995	0.0	-3.11125	-0.14006	-0.8030930000000001	0.347569	0.428079	-0.88728	-0.171707	0.0	-0.544374	-0.404819	0.734697	0.0	-0.721392	-0.221036	-0.6563060000000001	0.0	3.3723400000000003	-0.322141	-1.16705	0.347262	
0	0.550553	0.37703400000000004	-0.7448060000000001	0.0	0.81884	-0.07027649999999999	0.569703	0.0	0.162455	-0.923529	-0.34742199999999995	0.0	-3.11125	-0.14006	-0.8030930000000001	0.347569	0.428079	-0.88728	-0.171707	0.0	-0.544373	-0.404819	0.734697	0.0	-0.721392	-0.221036	-0.6563060000000001	0.0	3.3723400000000003	-0.322141	-1.16705	0.347262	
0	0.550553	0.37703400000000004	-0.7448060000000001	0.0	0.81884	-0.07027649999999999	0.569703	0.0	0.162455	-0.923529	-0.34742199999999995	0.0	-3.11125	-0.14006	-0.8030930000000001	0.347569	0.428079	-0.88728	-0.171707	0.0	-0.544373	-0.404819	0.734697	0.0	-0.721392	-0.221036	-0.6563060000000001	0.0	3.3723400000000003	-0.322141	-1.16705	0.347262	
0	0.550553	0.37703400000000004	-0.7448060000000001	0.0	0.81884	-0.07027660000000001	0.569703	0.0	0.162455	-0.923529	-0.34742199999999995	0.0	-3.11125	-0.14006	-0.8030930000000001	0.347569	0.428079	-0.88728	-0.171707	0.0	-0.544374	-0.404819	0.734697	0.0	-0.721392	-0.221036	-0.6563060000000001	0.0	3.3723400000000003	-0.322141	-1.16705	0.347262	
0	0.550553	0.37703400000000004	-0.7448060000000001	0.0	0.81884	-0.07027660000000001	0.569703	0.0	0.162455	-0.923529	-0.34742199999999995	0.0	-3.11125	-0.14006	-0.8030930000000001	0.347569	0.428079	-0.88728	-0.171707	0.0	-0.544373	-0.404819	0.734697	0.0	-0.721392	-0.221036	-0.6563060000000001	0.0	3.3723400000000003	-0.322141	-1.16705	0.347262	
0	0.550553	0.37703400000000004	-0.7448060000000001	0.0	0.81884	-0.07027660000000001	0.569703	0.0	0.162455	-0.923529	-0.34742199999999995	0.0	-3.11125	-0.14006	-0.8030930000000001	0.347569	0.428079	-0.88728	-0.171707	0.0	-0.544373	-0.404819	0.734697	0.0	-0.721392	-0.221036	-0.6563060000000001	0.0	3.3723400000000003	-0.322141	-1.16705	0.347262	
0	0.550553	0.37703400000000004	-0.7448060000000001	0.0	0.81884	-0.07027660000000001	0.569703	0.0	0.162455	-0.923529	-0.34742199999999995	0.0	-3.11125	-0.140059	-0.8030930000000001	0.347569	0.428079	-0.88728	-0.171707	0.0	-0.544373	-0.404819	0.734697	0.0	-0.721392	-0.221036	-0.6563060000000001	0.0	3.3723400000000003	-0.322141	-1.16705	0.347262	
0	0.550553	0.37703400000000004	-0.7448060000000001	0.0	0.81884	-0.07027660000000001	0.569703	0.0	0.162455	-0.923529	-0.34742199999999995	0.0	-3.11125	-0.14006	-0.8030930000000001	0.347569	0.428079	-0.88728	-0.171707	0.0	-0.544373	-0.404819	0.734697	0.0	-0.721392	-0.221036	-0.6563060000000001	0.0	3.3723400000000003	-0.322141	-1.16705	0.347262	
0	0.550553	0.37703400000000004	-0.7448060000000001	0.0	0.8188409999999999	-0.0702768	0.569703	0.0	0.162455	-0.923529	-0.34742199999999995	0.0	-3.11125	-0.140059	-0.8030930000000001	0.347569	0.428079	-0.88728	-0.171707	0.0	-0.544373	-0.404819	0.734697	0.0	-0.721392	-0.221036	-0.6563060000000001	0.0	3.3723400000000003	-0.322141	-1.16705	0.347262	
0	0.550553	0.37703400000000004	-0.7448060000000001	0.0	0.8188409999999999	-0.0702768	0.569703	0.0	0.162455	-0.923529	-0.34742199999999995	0.0	-3.11125	-0.14006	-0.8030930000000001	0.347569	0.428079	-0.88728	-0.171707	0.0	-0.544373	-0.404819	0.734697	0.0	-0.721392	-0.221036	-0.6563060000000001	0.0	3.3723400000000003	-0.322141	-1.16705	0.347262	
0	0.550553	0.37703400000000004	-0.7448060000000001	0.0	0.8188409999999999	-0.0702768	0.569703	0.0	0.162455	-0.923529	-0.34742199999999995	0.0	-3.11125	-0.14006	-0.8030930000000001	0.347569	0.428079	-0.88728	-0.171707	0.0	-0.544373	-0.404818	0.734697	0.0	-0.721392	-0.221036	-0.6563060000000001	0.0	3.3723400000000003	-0.322141	-1.16705	0.347261	
0	0.550553	0.37703400000000004	-0.7448060000000001	0.0	0.8188409999999999	-0.0702768	0.569703	0.0	0.162455	-0.923529	-0.34742199999999995	0.0	-3.11125	-0.14006	-0.8030930000000001	0.347569	0.428079	-0.88728	-0.171707	0.0	-0.544373	-0.404818	0.734697	0.0	-0.721392	-0.221036	-0.6563060000000001	0.0	3.3723400000000003	-0.322141	-1.16705	0.347261	
0	0.550553	0.37703400000000004	-0.7448060000000001	0.0	0.8188409999999999	-0.0702768	0.569703	0.0	0.162455	-0.923529	-0.34742199999999995	0.0	-3.11125	-0.14006	-0.8030930000000001	0.347569	0.428079	-0.88728	-0.171707	0.0	-0.544373	-0.404819	0.734697	0.0	-0.721392	-0.221036	-0.6563060000000001	0.0	3.3723400000000003	-0.322141	-1.16705	0.347262	
0	0.550553	0.37703400000000004	-0.7448060000000001	0.0	0.8188409999999999	-0.0702768	0.569703	0.0	0.162455	-0.923529	-0.34742199999999995	0.0	-3.11125	-0.140059	-0.8030930000000001	0.347569	0.428079	-0.88728	-0.171707	0.0	-0.544374	-0.404819	0.734697	0.0	-0.721392	-0.221036	-0.6563060000000001	0.0	3.3723400000000003	-0.322141	-1.16705	0.347262	
0	0.550553	0.37703400000000004	-0.7448060000000001	0.0	0.8188409999999999	-0.0702768	0.569703	0.0	0.162455	-0.923529	-0.34742199999999995	0.0	-3.11125	-0.14006	-0.8030930000000001	0.347569	0.428079	-0.88728	-0.171707	0.0	-0.544374	-0.404819	0.734697	0.0	-0.721392	-0.221036	-0.6563060000000001	0.0	3.3723400000000003	-0.322141	-1.16705	0.347261	
0	0.550553	0.37703400000000004	-0.7448060000000001	0.0	0.8188409999999999	-0.0702768	0.569703	0.0	0.162455	-0.923529	-0.34742199999999995	0.0	-3.11125	-0.14006	-0.8030930000000001	0.347569	0.428079	-0.88728	-0.171707	0.0	-0.544373	-0.404818	0.734697	0.0	-0.721392	-0.221036	-0.6563060000000001	0.0	3.3723400000000003	-0.322141	-1.16705	0.347261	
0	0.550553	0.37703400000000004	-0.7448060000000001	0.0	0.8188409999999999	-0.0702768	0.569703	0.0	0.162455	-0.923529	-0.34742199999999995	0.0	-3.11125	-0.140059	-0.8030930000000001	0.347569	0.428079	-0.88728	-0.171707	0.0	-0.544373	-0.404819	0.734697	0.0	-0.721392	-0.221036	-0.6563060000000001	0.0	3.3723400000000003	-0.322141	-1.16705	0.347261	
0	0.550553	0.37703400000000004	-0.7448060000000001	0.0	0.8188409999999999	-0.0702768	0.569703	0.0	0.162455	-0.923529	-0.34742199999999995	0.0	-3.11125	-0.140059	-0.8030930000000001	0.347569	0.428079	-0.88728	-0.171707	0.0	-0.544374	-0.404818	0.734697	0.0	-0.721392	-0.221036	-0.6563060000000001	0.0	3.3723400000000003	-0.322141	-1.16705	0.347262	
0	0.550553	0.37703400000000004	-0.7448060000000001	0.0	0.81884	-0.07027660000000001	0.569703	0.0	0.162455	-0.923529	-0.34742199999999995	0.0	-3.11125	-0.140059	-0.8030930000000001	0.347569	0.428079	-0.88728	-0.171707	0.0	-0.544373	-0.404819	0.734697	0.0	-0.721392	-0.221036	-0.6563060000000001	0.0	3.3723400000000003	-0.322141	-1.16705	0.347262	
0	0.550553	0.37703400000000004	-0.7448060000000001	0.0	0.8188409999999999	-0.0702768	0.569703	0.0	0.162455	-0.923529	-0.34742199999999995	0.0	-3.11125	-0.14006	-0.8030930000000001	0.347569	0.428079	-0.88728	-0.171707	0.0	-0.544373	-0.404819	0.734697	0.0	-0.721392	-0.221036	-0.6563060000000001	0.0	3.3723400000000003	-0.322141	-1.16705	0.347262	
0	0.550553	0.37703400000000004	-0.7448060000000001	0.0	0.8188409999999999	-0.0702768	0.569703	0.0	0.162455	-0.923529	-0.34742199999999995	0.0	-3.11125	-0.14006	-0.8030930000000001	0.347569	0.428079	-0.88728	-0.171707	0.0	-0.544373	-0.404819	0.734697	0.0	-0.721392	-0.221036	-0.6563060000000001	0.0	3.3723400000000003	-0.322141	-1.16705	0.347261	
0	0.550553	0.37703400000000004	-0.7448060000000001	0.0	0.8188409999999999	-0.0702768	0.569703	0.0	0.162455	-0.923529	-0.34742199999999995	0.0	-3.11125	-0.14006	-0.8030930000000001	0.347569	0.428079	-0.88728	-0.171707	0.0	-0.544373	-0.404819	0.734697	0.0	-0.721392	-0.221036	-0.6563060000000001	0.0	3.3723400000000003	-0.322141	-1.16705	0.347262	
0	0.336944	0.607648	-0.7191890000000001	0.0	0.845038	0.141665	0.515598	0.0	0.41518599999999994	-0.78147	-0.465753	0.0	-3.10683	-0.22801300000000002	-0.8949940000000001	0.350443	0.252724	-0.939435	-0.231501	0.0	-0.5967779999999999	-0.339685	0.726959	0.0	-0.7615689999999999	-0.0455647	-0.6464810000000001	0.0	3.35039	-0.346289	-1.2223600000000001	0.345238	
0	0.35001	0.5950409999999999	-0.723477	0.0	0.8424950000000001	0.137667	0.520816	0.0	0.409506	-0.791817	-0.45313400000000004	0.0	-3.07288	-0.30478299999999997	-0.945924	0.350731	0.24360300000000001	-0.9419270000000001	-0.23115300000000003	0.0	-0.5928829999999999	-0.33324000000000004	0.733104	0.0	-0.767559	-0.0415398	-0.6396310000000001	0.0	3.3103	-0.38235	-1.2332	0.34526599999999996	
0	0.396991	0.528339	-0.750504	0.0	0.8476799999999999	0.10245699999999999	0.520521	0.0	0.351906	-0.842829	-0.407188	0.0	-2.9336900000000004	-0.638821	-1.1532200000000001	0.34952	0.230602	-0.944932	-0.232221	0.0	-0.577432	-0.32498	0.748973	0.0	-0.783196	-0.0386231	-0.620575	0.0	3.10535	-0.46996899999999997	-1.29033	0.3449	
0	0.415017	0.47263900000000003	-0.777414	0.0	0.856089	0.08641360000000001	0.509554	0.0	0.308014	-0.877009	-0.368758	0.0	-2.81308	-0.888544	-1.29659	0.348691	0.20681599999999997	-0.947623	-0.24338600000000002	0.0	-0.561717	-0.318686	0.763488	0.0	-0.801063	-0.021187099999999997	-0.598205	0.0	2.9388900000000002	-0.47976499999999994	-1.40791	0.345594	
0	0.458975	0.40413899999999997	-0.7912100000000001	0.0	0.855981	0.0374014	0.515653	0.0	0.23798699999999998	-0.913933	-0.328769	0.0	-2.7341	-1.13631	-1.46538	0.348873	0.19847	-0.945627	-0.257681	0.0	-0.5471050000000001	-0.32502800000000004	0.7713840000000001	0.0	-0.813195	-0.0121175	-0.581866	0.0	2.78227	-0.49259200000000003	-1.5440399999999999	0.345351	
0	0.484829	0.348948	-0.801983	0.0	0.8535459999999999	0.01125	0.520896	0.0	0.190788	-0.937075	-0.29238800000000004	0.0	-2.67888	-1.3927399999999999	-1.65327	0.34828200000000004	0.20976	-0.9415450000000001	-0.263615	0.0	-0.5278	-0.335994	0.780087	0.0	-0.82306	-0.0244954	-0.567426	0.0	2.5385	-0.539384	-1.68992	0.345559	
0	0.497854	0.289281	-0.817593	0.0	0.857036	-0.0197701	0.514877	0.0	0.13278	-0.95704	-0.257767	0.0	-2.6314	-1.61816	-1.8547	0.348489	0.21919499999999997	-0.9429770000000001	-0.25049499999999997	0.0	-0.49964	-0.329007	0.801321	0.0	-0.838042	-0.050488599999999995	-0.543265	0.0	2.30182	-0.598619	-1.7775900000000002	0.345591	
0	0.518012	0.208225	-0.829642	0.0	0.853693	-0.0650788	0.516695	0.0	0.05359680000000001	-0.975914	-0.211472	0.0	-2.60491	-1.8033299999999999	-2.0040299999999998	0.347831	0.24334	-0.9382159999999999	-0.24604099999999998	0.0	-0.47945699999999997	-0.33686	0.810338	0.0	-0.843153	-0.0792212	-0.531805	0.0	2.1189299999999998	-0.634644	-1.8163900000000002	0.34581100000000004	
0	0.529888	0.1259	-0.83867	0.0	0.846672	-0.135247	0.514641	0.0	-0.048634	-0.9827809999999999	-0.17826199999999998	0.0	-2.6167	-1.89775	-2.09976	0.347597	0.24450999999999998	-0.938838	-0.242484	0.0	-0.465028	-0.332977	0.82029	0.0	-0.8508610000000001	-0.0878066	-0.5180020000000001	0.0	1.9768	-0.656077	-1.84739	0.34564	
0	0.533406	0.0917828	-0.840865	0.0	0.8409540000000001	-0.164442	0.515514	0.0	-0.0909581	-0.982107	-0.164899	0.0	-2.65211	-1.92108	-2.12449	0.347107	0.253661	-0.93571	-0.24516	0.0	-0.461075	-0.33976799999999996	0.819737	0.0	-0.850333	-0.0948984	-0.517618	0.0	1.9490299999999998	-0.6560060000000001	-1.85725	0.345842	
0	0.543226	-0.008093600000000001	-0.8395469999999999	0.0	0.816292	-0.228823	0.530385	0.0	-0.196401	-0.973434	-0.11769600000000001	0.0	-2.7984299999999998	-1.95156	-2.19723	0.346492	0.261921	-0.932174	-0.249898	0.0	-0.450137	-0.347045	0.8227610000000001	0.0	-0.8536819999999999	-0.10301099999999999	-0.510505	0.0	1.89411	-0.679222	-1.8966	0.34607899999999997	
0	0.538756	-0.038232499999999996	-0.8415940000000001	0.0	0.8114239999999999	-0.24511100000000002	0.5305770000000001	0.0	-0.226569	-0.968741	-0.10103200000000001	0.0	-2.85105	-1.93757	-2.21712	0.346401	0.26300300000000004	-0.9316040000000001	-0.250886	0.0	-0.448309	-0.348267	0.8232430000000001	0.0	-0.8543120000000001	-0.10404100000000001	-0.509242	0.0	1.8938400000000002	-0.687611	-1.91238	0.346089	
0	0.52446	-0.0899324	-0.846672	0.0	0.806113	-0.267665	0.527767	0.0	-0.274088	-0.959306	-0.06788419999999999	0.0	-3.07551	-1.8526799999999999	-2.28477	0.346455	0.262166	-0.9311309999999999	-0.253502	0.0	-0.44316400000000006	-0.349519	0.8254959999999999	0.0	-0.8572489999999999	-0.104074	-0.5042760000000001	0.0	1.8982	-0.701099	-1.94743	0.346098	
0	0.5129	-0.107953	-0.851634	0.0	0.817333	-0.24193299999999998	0.52291	0.0	-0.262488	-0.964269	-0.035854500000000004	0.0	-3.18765	-1.84381	-2.33271	0.346073	0.260898	-0.931527	-0.25335799999999997	0.0	-0.438507	-0.348165	0.828549	0.0	-0.8600260000000001	-0.10506800000000001	-0.499316	0.0	1.88662	-0.717813	-1.9564599999999999	0.345959	
0	0.500672	-0.131673	-0.855564	0.0	0.826989	-0.219273	0.517696	0.0	-0.255768	-0.9667379999999999	-0.00089182	0.0	-3.27923	-1.91674	-2.34708	0.346084	0.260318	-0.932624	-0.24989499999999998	0.0	-0.43042600000000003	-0.343771	0.834598	0.0	-0.864273	-0.1097	-0.490915	0.0	1.86683	-0.739679	-1.9441099999999998	0.345891	
0	0.491335	-0.13883099999999998	-0.859835	0.0	0.838974	-0.189685	0.510041	0.0	-0.233908	-0.97198	0.0232767	0.0	-3.3334699999999997	-2.02218	-2.3092799999999998	0.345883	0.257681	-0.9328989999999999	-0.251594	0.0	-0.431327	-0.344065	0.8340120000000001	0.0	-0.864614	-0.10639000000000001	-0.491044	0.0	1.8566900000000002	-0.736031	-1.9522099999999998	0.345997	
0	0.478857	-0.148733	-0.865202	0.0	0.8543	-0.147997	0.49826499999999996	0.0	-0.202156	-0.9777399999999999	0.0561936	0.0	-3.3483400000000003	-2.16935	-2.24095	0.34591	0.25656100000000004	-0.934053	-0.248437	0.0	-0.42837299999999995	-0.340306	0.8370719999999999	0.0	-0.8664139999999999	-0.10833599999999999	-0.487433	0.0	1.8438599999999998	-0.715108	-1.9636099999999999	0.346047	
0	0.444146	-0.144467	-0.884231	0.0	0.8803790000000001	-0.11285099999999999	0.460649	0.0	-0.16633499999999998	-0.9830530000000001	0.07706299999999999	0.0	-3.29304	-2.36156	-2.1994599999999997	0.345911	0.257127	-0.93419	-0.247335	0.0	-0.425378	-0.339223	0.839036	0.0	-0.867721	-0.110528	-0.48460699999999995	0.0	1.8345	-0.703379	-1.98882	0.34583	
0	0.425092	-0.14862899999999998	-0.892864	0.0	0.8940049999999999	-0.0853767	0.43984700000000004	0.0	-0.141604	-0.985201	0.0965817	0.0	-3.29735	-2.4889	-2.1895	0.345549	0.257757	-0.9337549999999999	-0.24831999999999999	0.0	-0.42436899999999994	-0.34029499999999996	0.8391129999999999	0.0	-0.868028	-0.11090799999999999	-0.483971	0.0	1.82013	-0.6907310000000001	-1.99338	0.34586	
0	0.394302	-0.152556	-0.90623	0.0	0.9118120000000001	-0.057985300000000004	0.406492	0.0	-0.114561	-0.986593	0.11623800000000001	0.0	-3.3092099999999998	-2.73882	-2.1579599999999997	0.345369	0.25796399999999997	-0.933089	-0.25059699999999996	0.0	-0.418156	-0.341652	0.841677	0.0	-0.870976	-0.11233399999999999	-0.478311	0.0	1.75007	-0.690358	-2.00789	0.345829	
0	0.378075	-0.155381	-0.912642	0.0	0.9219510000000001	-0.0263197	0.386412	0.0	-0.0840617	-0.987504	0.133303	0.0	-3.31019	-2.87673	-2.13936	0.34520500000000004	0.258186	-0.9335129999999999	-0.248786	0.0	-0.41356800000000005	-0.339525	0.8447979999999999	0.0	-0.873099	-0.115226	-0.473732	0.0	1.72413	-0.691986	-2.01021	0.345943	
0	0.368423	-0.141583	-0.9188139999999999	0.0	0.9249809999999999	-0.043193	0.377551	0.0	-0.0931412	-0.988984	0.115049	0.0	-3.3255199999999996	-2.9737	-2.15852	0.344923	0.258799	-0.933218	-0.249254	0.0	-0.41114700000000004	-0.339929	0.845817	0.0	-0.8740600000000001	-0.116416	-0.471663	0.0	1.70554	-0.69987	-2.0110200000000003	0.345945	
0	0.367686	-0.138208	-0.919623	0.0	0.9251370000000001	-0.0461221	0.376822	0.0	-0.0944948	-0.9893290000000001	0.110903	0.0	-3.3443099999999997	-3.02368	-2.1416	0.34534499999999996	0.259183	-0.9333100000000001	-0.248509	0.0	-0.41085600000000005	-0.339403	0.8461700000000001	0.0	-0.8740829999999999	-0.117211	-0.471423	0.0	1.70225	-0.6978979999999999	-2.0125900000000003	0.345913	
0	0.354892	-0.125375	-0.9264620000000001	0.0	0.930625	-0.0473624	0.362896	0.0	-0.0893775	-0.990978	0.0998683	0.0	-3.37244	-3.17646	-2.20621	0.34551	0.260346	-0.93245	-0.25051100000000004	0.0	-0.40982299999999994	-0.341648	0.845767	0.0	-0.874223	-0.11752699999999999	-0.47108599999999995	0.0	1.69366	-0.697531	-2.00695	0.34571399999999997	
0	0.3588	-0.121544	-0.925467	0.0	0.929811	-0.040494699999999995	0.36580300000000004	0.0	-0.0819375	-0.9917600000000001	0.0984831	0.0	-3.37765	-3.22411	-2.22385	0.345761	0.261318	-0.9321370000000001	-0.250666	0.0	-0.408387	-0.342069	0.846291	0.0	-0.874605	-0.11878299999999999	-0.47006099999999995	0.0	1.6885299999999999	-0.699134	-1.9939799999999999	0.346051	
0	0.355028	-0.10666800000000001	-0.92875	0.0	0.932908	-0.0236637	0.359335	0.0	-0.060307400000000004	-0.9940129999999999	0.09111060000000001	0.0	-3.3311	-3.35985	-2.28	0.34618899999999997	0.261318	-0.9320620000000001	-0.250945	0.0	-0.40538	-0.341913	0.847799	0.0	-0.8760020000000001	-0.119817	-0.467188	0.0	1.6813799999999999	-0.7134550000000001	-1.9728400000000001	0.34584499999999996	
0	0.334966	-0.0958947	-0.9373379999999999	0.0	0.941946	0.00965938	0.335625	0.0	-0.0231304	-0.995345	0.0935632	0.0	-3.3233300000000003	-3.43284	-2.28628	0.34631	0.26153699999999996	-0.931578	-0.25251	0.0	-0.405305	-0.343432	0.8472200000000001	0.0	-0.8759709999999999	-0.119236	-0.467394	0.0	1.6755200000000001	-0.724123	-1.96502	0.345935	
0	0.32960500000000004	-0.0885092	-0.939961	0.0	0.9439379999999999	0.0113772	0.329928	0.0	-0.0185074	-0.9960110000000001	0.0872971	0.0	-3.30442	-3.47745	-2.32634	0.346655	0.261602	-0.931557	-0.25251799999999996	0.0	-0.404142	-0.34331300000000003	0.847824	0.0	-0.87649	-0.11974000000000001	-0.466293	0.0	1.67229	-0.728388	-1.9631900000000002	0.34583800000000003	
0	0.328083	-0.08274429999999999	-0.941018	0.0	0.944583	0.0169701	0.327834	0.0	-0.0111571	-0.996426	0.08372639999999999	0.0	-3.3034800000000004	-3.53232	-2.37689	0.346821	0.262305	-0.9315459999999999	-0.251832	0.0	-0.402041	-0.342738	0.8490540000000001	0.0	-0.877245	-0.121465	-0.464422	0.0	1.66765	-0.730997	-1.95816	0.345905	
0	0.310965	-0.069618	-0.947868	0.0	0.949782	0.059351	0.307233	0.0	0.0348681	-0.995807	0.084578	0.0	-3.3060199999999997	-3.6134800000000005	-2.40805	0.346612	0.26659	-0.929208	-0.25593499999999997	0.0	-0.397935	-0.347972	0.8488600000000001	0.0	-0.877825	-0.124452	-0.46253	0.0	1.66107	-0.734734	-1.95009	0.34576999999999997	
0	0.307703	-0.0667442	-0.949139	0.0	0.9505969999999999	0.064601	0.303633	0.0	0.041049699999999995	-0.995677	0.08332460000000001	0.0	-3.30955	-3.62581	-2.41292	0.347073	0.267384	-0.9282090000000001	-0.258716	0.0	-0.395451	-0.350544	0.8489620000000001	0.0	-0.878706	-0.12469000000000001	-0.460791	0.0	1.6588599999999998	-0.755517	-1.9536799999999999	0.34582199999999996	
0	0.310758	-0.056593399999999995	-0.9488030000000001	0.0	0.949506	0.06386649999999999	0.307179	0.0	0.043212400000000005	-0.996352	0.0735828	0.0	-3.31221	-3.62564	-2.40496	0.347515	0.26744	-0.928492	-0.257642	0.0	-0.393289	-0.349279	0.8504870000000001	0.0	-0.879659	-0.126126	-0.45857700000000007	0.0	1.64047	-0.762737	-1.92885	0.345988	
0	0.31456300000000004	-0.058896000000000004	-0.947408	0.0	0.948147	0.0673122	0.31062399999999996	0.0	0.045477699999999996	-0.995992	0.0770159	0.0	-3.31452	-3.6253900000000003	-2.4066099999999997	0.347578	0.269547	-0.928473	-0.25550300000000004	0.0	-0.392097	-0.34815100000000004	0.851499	0.0	-0.879548	-0.129338	-0.457895	0.0	1.63093	-0.7598550000000001	-1.9109	0.345738	
0	0.328801	-0.044276199999999995	-0.943361	0.0	0.943163	0.06649769999999999	0.32561100000000004	0.0	0.0483146	-0.9968040000000001	0.0636241	0.0	-3.3195699999999997	-3.6255300000000004	-2.39112	0.348074	0.27077399999999996	-0.928003	-0.255912	0.0	-0.394345	-0.349445	0.84993	0.0	-0.878165	-0.129221	-0.460574	0.0	1.62931	-0.7602949999999999	-1.9098400000000002	0.345544	
0	0.352618	-0.062475300000000004	-0.933679	0.0	0.9350139999999999	0.0635575	0.348869	0.0	0.0375466	-0.9960209999999999	0.0808268	0.0	-3.31256	-3.62636	-2.3980799999999998	0.349418	0.27210500000000004	-0.9272809999999999	-0.257116	0.0	-0.392809	-0.350959	0.850017	0.0	-0.8784420000000001	-0.130296	-0.459742	0.0	1.62565	-0.762778	-1.9022700000000001	0.34539000000000003	
0	0.381755	-0.08552749999999999	-0.920298	0.0	0.9242030000000001	0.0467164	0.37903400000000004	0.0	0.010575200000000002	-0.99524	0.0968789	0.0	-3.31043	-3.62449	-2.4108099999999997	0.322556	0.27220700000000003	-0.9276610000000001	-0.255632	0.0	-0.391303	-0.349423	0.8513440000000001	0.0	-0.8790819999999999	-0.131712	-0.45811199999999996	0.0	1.62267	-0.757794	-1.8987	0.34534699999999996	
0	0.386997	-0.0921319	-0.917467	0.0	0.9214180000000001	0.000919938	0.388571	0.0	-0.0349557	-0.9957459999999999	0.085248	0.0	-3.3912	-3.5974199999999996	-2.46171	0.15196600000000002	0.271275	-0.927366	-0.257686	0.0	-0.392517	-0.351041	0.850118	0.0	-0.8788290000000001	-0.129469	-0.45923500000000006	0.0	1.62091	-0.756548	-1.89888	0.345281	
0	0.386734	-0.09195249999999999	-0.917596	0.0	0.9217360000000001	0.00728565	0.38774899999999995	0.0	-0.028969099999999998	-0.9957370000000001	0.0875734	0.0	-3.39545	-3.5979	-2.46303	0.152178	0.271075	-0.9273290000000001	-0.25803000000000004	0.0	-0.389965	-0.350885	0.851356	0.0	-0.880026	-0.130158	-0.456742	0.0	1.62391	-0.759915	-1.8997700000000002	0.345325	
0	0.391349	-0.08882480000000001	-0.9159450000000001	0.0	0.9200280000000001	0.0162783	0.391515	0.0	-0.0198662	-0.995914	0.0880917	0.0	-3.4003400000000004	-3.59778	-2.46109	0.15196700000000002	0.270187	-0.927342	-0.258914	0.0	-0.387925	-0.35097399999999995	0.852251	0.0	-0.8812	-0.129828	-0.454567	0.0	1.62681	-0.761784	-1.9019599999999999	0.345246	
0	0.398268	-0.07833330000000001	-0.913918	0.0	0.9171879999999999	0.0208046	0.39791	0.0	-0.012155899999999999	-0.99671	0.0801322	0.0	-3.4155300000000004	-3.5952300000000004	-2.46011	0.152081	0.26906199999999997	-0.9273629999999999	-0.26000700000000004	0.0	-0.384081	-0.350881	0.8540280000000001	0.0	-0.8832260000000001	-0.129923	-0.45059099999999996	0.0	1.6142	-0.769375	-1.90117	0.345482	
0	0.42575	-0.0497791	-0.9034700000000001	0.0	0.904508	0.050485	0.423458	0.0	0.024532400000000003	-0.997484	0.0665196	0.0	-3.42256	-3.5895099999999998	-2.4814	0.151804	0.270376	-0.926135	-0.263004	0.0	-0.379634	-0.353603	0.854894	0.0	-0.8847459999999999	-0.131297	-0.44719799999999993	0.0	1.5906799999999999	-0.7857569999999999	-1.90778	0.345657	
0	0.437299	-0.029527499999999998	-0.8988309999999999	0.0	0.8978799999999999	0.070796	0.434511	0.0	0.0508037	-0.9970540000000001	0.057471100000000004	0.0	-3.39974	-3.58509	-2.51096	0.15174200000000002	0.27355	-0.9252309999999999	-0.26290399999999997	0.0	-0.378224	-0.354781	0.855031	0.0	-0.884374	-0.134457	-0.44699399999999995	0.0	1.57551	-0.798795	-1.91362	0.34567	
0	0.443054	0.00263622	-0.896491	0.0	0.893882	0.07499220000000001	0.441985	0.0	0.06839500000000001	-0.997181	0.030869099999999997	0.0	-3.1886400000000004	-3.56776	-2.53766	0.152288	0.275838	-0.924171	-0.264237	0.0	-0.377632	-0.35699200000000003	0.8543719999999999	0.0	-0.883916	-0.135884	-0.44746800000000003	0.0	1.55898	-0.801995	-1.91747	0.345609	
0	0.448608	0.0211329	-0.8934790000000001	0.0	0.891144	0.0653914	0.44898299999999997	0.0	0.0679142	-0.9976360000000001	0.0105026	0.0	-3.13432	-3.3412599999999997	-2.5209200000000003	0.15229	0.280113	-0.9226280000000001	-0.26513200000000003	0.0	-0.374746	-0.359371	0.8546450000000001	0.0	-0.8838	-0.14004	-0.446416	0.0	1.53624	-0.813769	-1.93772	0.345737	
0	0.45307600000000003	0.0372912	-0.890691	0.0	0.8888299999999999	0.057964199999999994	0.454556	0.0	0.06857919999999999	-0.9976219999999999	-0.00688335	0.0	-3.1371	-3.1681	-2.51595	0.152061	0.281641	-0.9222020000000001	-0.264995	0.0	-0.373551	-0.359768	0.855001	0.0	-0.88382	-0.14181400000000002	-0.44581499999999996	0.0	1.53231	-0.8224739999999999	-1.9630299999999998	0.345654	
0	0.455474	0.05948440000000001	-0.88826	0.0	0.888172	0.037756	0.45795699999999995	0.0	0.0607785	-0.9975149999999999	-0.035635599999999996	0.0	-3.17176	-2.82918	-2.4917	0.152302	0.285062	-0.9219299999999999	-0.26227	0.0	-0.36756300000000003	-0.35784699999999997	0.8583959999999999	0.0	-0.885233	-0.148295	-0.44087600000000005	0.0	1.4943	-0.843791	-1.9889599999999998	0.345775	
0	0.456	0.07664750000000001	-0.8866729999999999	0.0	0.888281	0.022333900000000004	0.45875699999999997	0.0	0.054965599999999996	-0.996808	-0.057900400000000005	0.0	-3.2250400000000004	-2.41019	-2.41405	0.152292	0.292986	-0.92025	-0.259422	0.0	-0.357927	-0.357166	0.862741	0.0	-0.8865930000000001	-0.159917	-0.43402700000000005	0.0	1.4024	-0.8935360000000001	-2.03977	0.346039	
0	0.459991	0.0832195	-0.884015	0.0	0.8866629999999999	0.00998692	0.462309	0.0	0.0473017	-0.996481	-0.0691937	0.0	-3.25509	-2.2443	-2.3674	0.152059	0.300603	-0.918427	-0.257156	0.0	-0.352983	-0.357614	0.86459	0.0	-0.886025	-0.169127	-0.43168900000000004	0.0	1.3451600000000001	-0.91585	-2.05516	0.346092	
0	0.466739	0.0786234	-0.880893	0.0	0.8839309999999999	-0.00920889	0.467526	0.0	0.0286465	-0.996862	-0.0737959	0.0	-3.33658	-1.92685	-2.1684400000000004	0.152058	0.309147	-0.9157959999999999	-0.256409	0.0	-0.341457	-0.358525	0.8688309999999999	0.0	-0.887601	-0.181044	-0.42354200000000003	0.0	1.23525	-0.932737	-2.09273	0.346298	
0	0.47692299999999993	0.080468	-0.8752540000000001	0.0	0.878709	-0.020583599999999997	0.47691300000000003	0.0	0.020360299999999998	-0.9965450000000001	-0.08052480000000001	0.0	-3.3660099999999997	-1.79495	-2.06597	0.152284	0.313748	-0.9140459999999999	-0.257063	0.0	-0.33510700000000004	-0.35990700000000003	0.8707299999999999	0.0	-0.8884059999999999	-0.187046	-0.419224	0.0	1.18404	-0.928265	-2.10927	0.34626999999999997	
