0	0.41318599999999994	0.546122	-0.728716	0.0	0.740912	0.26364899999999997	0.617688	0.0	0.529459	-0.795135	-0.295692	0.0	-2.80353	1.9461400000000002	1.39249	0.0	-0.551541	0.598019	-0.581529	0.0	0.691379	-0.062306600000000004	-0.7198	0.0	-0.46668699999999996	-0.799056	-0.379094	0.0	2.63848	1.9953599999999998	1.555	0.00863481	
0	0.348381	0.5186890000000001	-0.780764	0.0	0.745077	0.352177	0.56642	0.0	0.568763	-0.7790600000000001	-0.263772	0.0	-2.96365	1.6833799999999999	1.28664	0.0	-0.40385	0.6736800000000001	-0.618919	0.0	0.594429	-0.32101999999999997	-0.737293	0.0	-0.695385	-0.665659	-0.270811	0.0	2.7629799999999998	1.7783	1.54223	0.0	
0	0.343752	0.515598	-0.784853	0.0	0.73344	0.374523	0.567272	0.0	0.58643	-0.7706430000000001	-0.249417	0.0	-2.9708	1.6265399999999999	1.28926	0.0	-0.347081	0.666153	-0.6601319999999999	0.0	0.571714	-0.407684	-0.7119949999999999	0.0	-0.743424	-0.624527	-0.23935	0.0	2.7629599999999996	1.78352	1.5609600000000001	0.0	
0	0.320218	0.518487	-0.792863	0.0	0.7137060000000001	0.418324	0.561808	0.0	0.6229640000000001	-0.745772	-0.236093	0.0	-2.96112	1.61061	1.38667	0.306251	-0.30801	0.6715300000000001	-0.673926	0.0	0.531013	-0.46641400000000005	-0.707449	0.0	-0.789402	-0.575765	-0.21293099999999998	0.0	2.7347599999999996	1.82306	1.63071	0.348195	
0	0.291216	0.512925	-0.807528	0.0	0.681484	0.48118500000000003	0.5514	0.0	0.671397	-0.710893	-0.209421	0.0	-2.8846700000000003	1.65468	1.43249	0.363173	-0.291211	0.6413310000000001	-0.709853	0.0	0.505306	-0.526942	-0.683373	0.0	-0.812319	-0.5576979999999999	-0.17061700000000002	0.0	2.61832	1.83769	1.7506099999999998	0.352319	
0	0.268931	0.523417	-0.808524	0.0	0.658452	0.512736	0.550946	0.0	0.7029340000000001	-0.680541	-0.20675500000000002	0.0	-2.8673900000000003	1.84843	1.54496	0.364169	-0.28755	0.6356189999999999	-0.7164520000000001	0.0	0.495304	-0.541563	-0.679253	0.0	-0.81975	-0.55018	-0.159098	0.0	2.55628	1.88402	1.86343	0.352648	
0	0.25340799999999997	0.5101600000000001	-0.821901	0.0	0.6630189999999999	0.5270859999999999	0.5315880000000001	0.0	0.704407	-0.6796449999999999	-0.204678	0.0	-2.89087	2.02239	1.63196	0.364002	-0.287972	0.6368189999999999	-0.715216	0.0	0.49870699999999996	-0.537862	-0.679703	0.0	-0.817535	-0.552419	-0.162697	0.0	2.5386599999999997	1.90593	1.8647	0.352166	
0	0.251256	0.506025	-0.8251120000000001	0.0	0.670619	0.523687	0.525378	0.0	0.697954	-0.68534	-0.207771	0.0	-2.96046	2.1236099999999998	1.70445	0.36397199999999996	-0.28277399999999997	0.631672	-0.721824	0.0	0.49770699999999995	-0.546675	-0.673375	0.0	-0.8199549999999999	-0.54967	-0.159802	0.0	2.54332	1.90936	1.8339900000000002	0.351688	
0	0.279675	0.5089859999999999	-0.8140729999999999	0.0	0.685764	0.487526	0.540412	0.0	0.671944	-0.709403	-0.212695	0.0	-3.09433	2.14075	1.7274900000000002	0.363979	-0.278258	0.627938	-0.72682	0.0	0.49448100000000006	-0.555074	-0.668866	0.0	-0.8234450000000001	-0.545515	-0.15605	0.0	2.55516	1.92698	1.83254	0.351051	
0	0.325973	0.492374	-0.807038	0.0	0.713444	0.431978	0.551718	0.0	0.620274	-0.755621	-0.210468	0.0	-3.25158	2.02486	1.64697	0.362712	-0.270203	0.62331	-0.733808	0.0	0.487859	-0.568434	-0.6624770000000001	0.0	-0.83005	-0.536999	-0.15049500000000002	0.0	2.56263	1.97955	1.86231	0.351454	
0	0.360915	0.488616	-0.7943520000000001	0.0	0.72501	0.388752	0.5685359999999999	0.0	0.586601	-0.7811060000000001	-0.21394499999999997	0.0	-3.3769400000000003	1.8562900000000002	1.46739	0.362052	-0.256366	0.620448	-0.741162	0.0	0.48470799999999997	-0.580885	-0.653935	0.0	-0.8362620000000001	-0.526894	-0.151817	0.0	2.6080799999999997	2.04604	1.92815	0.351584	
0	0.398536	0.467301	-0.789176	0.0	0.7342489999999999	0.353054	0.579854	0.0	0.549588	-0.810545	-0.20241099999999998	0.0	-3.4357699999999998	1.67442	1.23491	0.361385	-0.21160900000000002	0.6308699999999999	-0.746475	0.0	0.484729	-0.595474	-0.640663	0.0	-0.8486809999999999	-0.497408	-0.179793	0.0	2.69908	2.21485	2.00033	0.350527	
0	0.42750699999999997	0.452108	-0.7828390000000001	0.0	0.741942	0.319276	0.5895630000000001	0.0	0.5164880000000001	-0.8328629999999999	-0.198945	0.0	-3.4417199999999997	1.4732100000000001	0.891283	0.360521	-0.15193299999999998	0.639107	-0.753962	0.0	0.48316499999999996	-0.617437	-0.620744	0.0	-0.862246	-0.458599	-0.214986	0.0	2.8564599999999998	2.37627	2.08818	0.349508	
0	0.450046	0.43539300000000003	-0.779674	0.0	0.742997	0.30177800000000005	0.597398	0.0	0.495392	-0.848152	-0.187682	0.0	-3.38865	1.22255	0.43676400000000004	0.358865	-0.08104839999999999	0.6409020000000001	-0.763332	0.0	0.47497799999999996	-0.648463	-0.594888	0.0	-0.876257	-0.41078100000000006	-0.251857	0.0	3.02978	2.50457	2.32393	0.347183	
0	0.450792	0.434565	-0.779706	0.0	0.742559	0.302187	0.597737	0.0	0.49537200000000003	-0.848432	-0.186467	0.0	-3.3820900000000003	1.20226	0.39918000000000003	0.358677	-0.07613930000000001	0.6407470000000001	-0.7639670000000001	0.0	0.474595	-0.650544	-0.5929180000000001	0.0	-0.8769049999999999	-0.407719	-0.254564	0.0	3.04148	2.50801	2.3414900000000003	0.34723899999999996	
0	0.46353500000000003	0.391912	-0.7946949999999999	0.0	0.750792	0.302592	0.5871529999999999	0.0	0.470581	-0.8688170000000001	-0.15398199999999998	0.0	-3.2315099999999997	0.8754549999999999	-0.131663	0.356051	0.0169051	0.640339	-0.767907	0.0	0.45631700000000003	-0.6883090000000001	-0.563919	0.0	-0.8896569999999999	-0.340876	-0.303834	0.0	3.18227	2.6104700000000003	2.6851	0.34113699999999997	
0	0.482142	0.33402	-0.80992	0.0	0.752552	0.31542600000000004	0.578076	0.0	0.44855900000000004	-0.8882209999999999	-0.0992869	0.0	-3.05629	0.6103	-0.410817	0.353358	0.0594369	0.6429020000000001	-0.7636390000000001	0.0	0.437274	-0.704458	-0.559044	0.0	-0.8973620000000001	-0.300692	-0.322996	0.0	3.2484	2.66886	2.88378	0.33532399999999996	
0	0.496303	0.282544	-0.8208850000000001	0.0	0.746714	0.343388	0.569652	0.0	0.442834	-0.8956860000000001	-0.040554900000000005	0.0	-2.9066	0.34591	-0.569796	0.344521	0.100384	0.637776	-0.763653	0.0	0.416652	-0.7239359999999999	-0.5498350000000001	0.0	-0.903507	-0.262982	-0.338402	0.0	3.2806900000000003	2.6883	3.0070900000000003	0.33174699999999996	
0	0.5315489999999999	0.10750699999999999	-0.8401770000000001	0.0	0.775725	0.336554	0.533838	0.0	0.340156	-0.935507	0.09549869999999999	0.0	-2.68	0.0762807	-0.7152350000000001	0.321536	0.117526	0.652512	-0.748609	0.0	0.40855199999999997	-0.718853	-0.562437	0.0	-0.9051370000000001	-0.23974499999999999	-0.351069	0.0	3.3145300000000004	2.67164	3.1154900000000003	0.328385	
0	0.564955	-0.00779387	-0.8250850000000001	0.0	0.78765	0.30301500000000003	0.53646	0.0	0.24583200000000002	-0.9529540000000001	0.17732799999999999	0.0	-2.5996	-0.0173349	-0.7511220000000001	0.287829	0.16148099999999999	0.651197	-0.74153	0.0	0.392872	-0.731703	-0.557012	0.0	-0.9053040000000001	-0.201379	-0.37399299999999996	0.0	3.3711900000000004	2.75311	3.10426	0.329867	
0	0.59099	-0.0597975	-0.8044600000000001	0.0	0.78325	0.28113699999999997	0.5545100000000001	0.0	0.19300499999999998	-0.9578030000000001	0.21298499999999998	0.0	-2.56302	-0.049661199999999996	-0.756386	0.300774	0.166354	0.648528	-0.742791	0.0	0.379546	-0.737363	-0.558786	0.0	-0.9100940000000001	-0.188967	-0.368809	0.0	3.39721	2.80091	3.1017	0.330469	
0	0.6113810000000001	-0.08297769999999999	-0.786974	0.0	0.774882	0.264517	0.5740970000000001	0.0	0.160531	-0.9608049999999999	0.226019	0.0	-2.54308	-0.0610206	-0.7518050000000001	0.328096	0.16730599999999998	0.648068	-0.742978	0.0	0.374774	-0.738834	-0.5600609999999999	0.0	-0.9118950000000001	-0.184747	-0.366491	0.0	3.38602	2.80068	3.09839	0.3303	
0	0.609033	-0.08377639999999999	-0.788708	0.0	0.7781279999999999	0.25569899999999995	0.573703	0.0	0.153609	-0.9631200000000001	0.22091799999999998	0.0	-2.5375099999999997	-0.059673699999999996	-0.746328	0.339213	0.165616	0.6469550000000001	-0.744326	0.0	0.366741	-0.741023	-0.562483	0.0	-0.9154629999999999	-0.179819	-0.35999000000000003	0.0	3.37046	2.7924	3.09026	0.33008699999999996	
0	0.605931	-0.0808605	-0.791397	0.0	0.781752	0.244788	0.573535	0.0	0.147348	-0.966199	0.211537	0.0	-2.5359700000000003	-0.059042	-0.724554	0.339419	0.162832	0.644722	-0.746873	0.0	0.36087600000000003	-0.7434430000000001	-0.563083	0.0	-0.9182889999999999	-0.17784	-0.353721	0.0	3.3714199999999996	2.77018	3.09065	0.328958	
0	0.604676	-0.08733439999999999	-0.791669	0.0	0.782365	0.251371	0.56984	0.0	0.14923599999999998	-0.963943	0.220325	0.0	-2.53035	-0.0684551	-0.662285	0.339526	0.162937	0.64662	-0.745208	0.0	0.35534699999999997	-0.743073	-0.567072	0.0	-0.920424	-0.17241099999999998	-0.35084899999999997	0.0	3.37448	2.75812	3.10447	0.328704	
0	0.605	-0.0920695	-0.790884	0.0	0.782532	0.252176	0.5692550000000001	0.0	0.147031	-0.963291	0.22461399999999998	0.0	-2.52159	-0.0695594	-0.6367689999999999	0.340177	0.160908	0.645069	-0.7469899999999999	0.0	0.35032399999999997	-0.7449	-0.567801	0.0	-0.9227040000000001	-0.170325	-0.345844	0.0	3.3785199999999995	2.7436599999999998	3.12319	0.327996	
0	0.6033270000000001	-0.112376	-0.789537	0.0	0.785499	0.254797	0.563976	0.0	0.137794	-0.960443	0.241997	0.0	-2.52782	-0.06282280000000001	-0.593921	0.339654	0.16031199999999998	0.649122	-0.7436	0.0	0.352611	-0.741296	-0.571092	0.0	-0.9219360000000001	-0.170648	-0.34772600000000004	0.0	3.3645099999999997	2.75033	3.15741	0.327639	
0	0.603305	-0.11155799999999999	-0.78967	0.0	0.7853060000000001	0.25566700000000003	0.563852	0.0	0.13899	-0.960307	0.241852	0.0	-2.54137	-0.0477806	-0.605079	0.339987	0.161721	0.645015	-0.746861	0.0	0.349901	-0.745133	-0.567756	0.0	-0.9227219999999999	-0.169509	-0.346196	0.0	3.36576	2.75208	3.16736	0.327887	
0	0.602428	-0.10714000000000001	-0.790949	0.0	0.7860729999999999	0.25153000000000003	0.564643	0.0	0.138452	-0.961901	0.235749	0.0	-2.55494	-0.0438126	-0.603178	0.340196	0.163054	0.645299	-0.746326	0.0	0.350674	-0.744961	-0.567505	0.0	-0.9221940000000001	-0.169183	-0.34775900000000004	0.0	3.3565199999999997	2.75756	3.1749400000000003	0.327759	
0	0.602808	-0.10783599999999999	-0.790566	0.0	0.7857069999999999	0.252687	0.5646359999999999	0.0	0.138878	-0.96152	0.23704899999999998	0.0	-2.55675	-0.0466093	-0.5990880000000001	0.340046	0.161072	0.6442640000000001	-0.74765	0.0	0.34886999999999996	-0.7458020000000001	-0.567512	0.0	-0.923226	-0.169422	-0.34489200000000003	0.0	3.35296	2.75583	3.17825	0.327736	
0	0.603521	-0.106482	-0.790205	0.0	0.785198	0.251712	0.565778	0.0	0.138659	-0.9619270000000001	0.235523	0.0	-2.5563700000000003	-0.0644565	-0.537613	0.339882	0.15701800000000002	0.6499560000000001	-0.743575	0.0	0.356953	-0.739364	-0.5708989999999999	0.0	-0.920831	-0.17578	-0.348097	0.0	3.34944	2.75559	3.18153	0.32798499999999997	
0	0.603049	-0.11008699999999999	-0.790071	0.0	0.784881	0.258758	0.563033	0.0	0.142454	-0.959649	0.24244899999999997	0.0	-2.55819	-0.0719825	-0.520545	0.340047	0.155364	0.651716	-0.74238	0.0	0.359674	-0.737243	-0.571934	0.0	-0.9200530000000001	-0.17815599999999998	-0.348947	0.0	3.34887	2.7511099999999997	3.18393	0.327828	
0	0.600851	-0.110799	-0.7916449999999999	0.0	0.784957	0.268942	0.558133	0.0	0.151066	-0.9567620000000001	0.248567	0.0	-2.56893	-0.0780585	-0.531614	0.339958	0.153193	0.655095	-0.739853	0.0	0.364626	-0.733332	-0.573822	0.0	-0.918466	-0.181864	-0.351206	0.0	3.3479300000000003	2.74956	3.18432	0.327903	
0	0.5992689999999999	-0.110953	-0.792822	0.0	0.7852100000000001	0.274397	0.555114	0.0	0.15595599999999998	-0.9551940000000001	0.25155900000000003	0.0	-2.57611	-0.08028760000000001	-0.5406449999999999	0.340008	0.151763	0.655664	-0.739643	0.0	0.36576	-0.732444	-0.574234	0.0	-0.9182520000000001	-0.183385	-0.35097399999999995	0.0	3.34436	2.74705	3.1821	0.328019	
0	0.5992689999999999	-0.110952	-0.792822	0.0	0.7852100000000001	0.274399	0.555114	0.0	0.155959	-0.9551940000000001	0.25155900000000003	0.0	-2.57611	-0.0802891	-0.540628	0.340008	0.151763	0.655664	-0.739643	0.0	0.365761	-0.732444	-0.574234	0.0	-0.9182520000000001	-0.183385	-0.35097399999999995	0.0	3.3443699999999996	2.74705	3.1821	0.32802	
0	0.5992689999999999	-0.110952	-0.792822	0.0	0.7852100000000001	0.274399	0.555114	0.0	0.155959	-0.9551940000000001	0.25155900000000003	0.0	-2.57611	-0.0802886	-0.540628	0.340008	0.151763	0.655664	-0.739643	0.0	0.365761	-0.732444	-0.574234	0.0	-0.9182520000000001	-0.183385	-0.35097399999999995	0.0	3.3443699999999996	2.74705	3.1821	0.32802	
0	0.5992689999999999	-0.110952	-0.792822	0.0	0.7852100000000001	0.274399	0.555114	0.0	0.155959	-0.9551940000000001	0.25155900000000003	0.0	-2.57611	-0.0802886	-0.540628	0.340008	0.151763	0.655664	-0.739643	0.0	0.365761	-0.732444	-0.574234	0.0	-0.9182520000000001	-0.183385	-0.35097399999999995	0.0	3.3443699999999996	2.74705	3.1821	0.32802	
0	0.5992689999999999	-0.110952	-0.792822	0.0	0.7852100000000001	0.274399	0.555114	0.0	0.155959	-0.9551940000000001	0.25155900000000003	0.0	-2.57611	-0.08028869999999999	-0.540628	0.340008	0.151763	0.655664	-0.739644	0.0	0.365761	-0.732444	-0.574234	0.0	-0.9182520000000001	-0.183385	-0.35097399999999995	0.0	3.3443699999999996	2.74706	3.1821	0.32802	
0	0.5992689999999999	-0.110952	-0.792822	0.0	0.7852100000000001	0.274399	0.555114	0.0	0.155959	-0.9551940000000001	0.25155900000000003	0.0	-2.57611	-0.0802889	-0.540628	0.340008	0.151763	0.655664	-0.739643	0.0	0.365761	-0.732444	-0.574234	0.0	-0.9182520000000001	-0.183385	-0.35097399999999995	0.0	3.3443699999999996	2.74705	3.1821	0.32802	
0	0.5992689999999999	-0.110952	-0.792822	0.0	0.7852100000000001	0.274399	0.555114	0.0	0.155959	-0.9551940000000001	0.25155900000000003	0.0	-2.57611	-0.08028880000000001	-0.540628	0.340008	0.151763	0.655664	-0.739643	0.0	0.365761	-0.732444	-0.574234	0.0	-0.9182520000000001	-0.183385	-0.35097399999999995	0.0	3.3443699999999996	2.74705	3.1821	0.32802	
0	0.5992689999999999	-0.110952	-0.792822	0.0	0.7852100000000001	0.274399	0.555114	0.0	0.155959	-0.9551940000000001	0.25155900000000003	0.0	-2.57611	-0.08028880000000001	-0.540628	0.340008	0.151763	0.655664	-0.739643	0.0	0.365761	-0.732444	-0.574234	0.0	-0.9182520000000001	-0.183385	-0.35097399999999995	0.0	3.3443699999999996	2.74705	3.1821	0.32802	
0	0.5992689999999999	-0.110952	-0.792822	0.0	0.7852100000000001	0.274399	0.555114	0.0	0.155959	-0.9551940000000001	0.25155900000000003	0.0	-2.57611	-0.0802889	-0.540628	0.340008	0.151763	0.655664	-0.739644	0.0	0.365761	-0.732444	-0.574234	0.0	-0.9182520000000001	-0.183385	-0.35097399999999995	0.0	3.3443699999999996	2.74705	3.1821	0.328019	
0	0.5992689999999999	-0.110952	-0.792822	0.0	0.7852100000000001	0.274399	0.555114	0.0	0.155959	-0.9551940000000001	0.25155900000000003	0.0	-2.57611	-0.0802889	-0.540628	0.340008	0.151763	0.655664	-0.739643	0.0	0.365761	-0.732444	-0.574234	0.0	-0.9182520000000001	-0.183385	-0.35097399999999995	0.0	3.3443699999999996	2.74705	3.1821	0.32802	
0	0.5992689999999999	-0.110952	-0.792822	0.0	0.7852100000000001	0.274399	0.555114	0.0	0.155959	-0.9551940000000001	0.25155900000000003	0.0	-2.57611	-0.08028880000000001	-0.540628	0.340008	0.151763	0.655664	-0.739643	0.0	0.365761	-0.732444	-0.574234	0.0	-0.9182520000000001	-0.183385	-0.35097399999999995	0.0	3.3443699999999996	2.74705	3.1821	0.32802	
0	0.5992689999999999	-0.110952	-0.792822	0.0	0.7852100000000001	0.274399	0.555114	0.0	0.155959	-0.9551940000000001	0.25155900000000003	0.0	-2.57611	-0.0802889	-0.540628	0.340008	0.151763	0.655664	-0.739643	0.0	0.365761	-0.732444	-0.574234	0.0	-0.9182520000000001	-0.183385	-0.35097399999999995	0.0	3.3443699999999996	2.74705	3.1821	0.32802	
0	0.5992689999999999	-0.110952	-0.792822	0.0	0.7852100000000001	0.274399	0.555114	0.0	0.155959	-0.9551940000000001	0.25155900000000003	0.0	-2.57611	-0.0802889	-0.540628	0.340008	0.151763	0.655664	-0.739643	0.0	0.365761	-0.732444	-0.574234	0.0	-0.9182520000000001	-0.183385	-0.35097399999999995	0.0	3.3443699999999996	2.74705	3.1821	0.32802	
0	0.5992689999999999	-0.110952	-0.792822	0.0	0.7852100000000001	0.274399	0.555114	0.0	0.155959	-0.9551940000000001	0.25155900000000003	0.0	-2.57611	-0.08028869999999999	-0.540628	0.340008	0.151763	0.655664	-0.739643	0.0	0.365761	-0.732444	-0.574234	0.0	-0.9182520000000001	-0.183385	-0.35097399999999995	0.0	3.3443699999999996	2.74705	3.1821	0.32802	
0	0.5992689999999999	-0.110952	-0.792822	0.0	0.7852100000000001	0.274399	0.555114	0.0	0.155959	-0.9551940000000001	0.25155900000000003	0.0	-2.57611	-0.08028880000000001	-0.540628	0.340008	0.151763	0.655664	-0.739643	0.0	0.365761	-0.732444	-0.574234	0.0	-0.9182520000000001	-0.183385	-0.35097399999999995	0.0	3.3443699999999996	2.74705	3.1821	0.32802	
0	0.5992689999999999	-0.110952	-0.792822	0.0	0.7852100000000001	0.274399	0.555114	0.0	0.155959	-0.9551940000000001	0.25155900000000003	0.0	-2.57611	-0.08028869999999999	-0.540628	0.340008	0.151763	0.655664	-0.739643	0.0	0.365761	-0.732444	-0.574234	0.0	-0.9182520000000001	-0.183385	-0.35097399999999995	0.0	3.3443699999999996	2.74705	3.1821	0.32802	
0	0.514296	0.332475	-0.7905439999999999	0.0	0.773273	0.218858	0.595105	0.0	0.370875	-0.917366	-0.144536	0.0	-2.59096	-0.157459	-0.63537	0.351165	0.143062	0.655075	-0.741897	0.0	0.36694	-0.73129	-0.574952	0.0	-0.919178	-0.189978	-0.344993	0.0	3.3071699999999997	2.78105	3.22397	0.326309	
0	0.5205390000000001	0.292625	-0.802129	0.0	0.785403	0.204414	0.584257	0.0	0.334935	-0.9341229999999999	-0.123423	0.0	-2.6134	-0.260808	-0.835476	0.350054	0.146629	0.6590560000000001	-0.737662	0.0	0.368684	-0.728402	-0.577497	0.0	-0.917917	-0.18728699999999998	-0.349788	0.0	3.3223	2.78195	3.2381599999999997	0.325919	
0	0.521878	0.277432	-0.8066439999999999	0.0	0.791181	0.19605799999999998	0.5793050000000001	0.0	0.318867	-0.940528	-0.11717999999999999	0.0	-2.6099200000000002	-0.29034699999999997	-0.880157	0.349858	0.147034	0.658979	-0.73765	0.0	0.368293	-0.7286060000000001	-0.577488	0.0	-0.918009	-0.18676099999999998	-0.349827	0.0	3.32599	2.78255	3.23965	0.326244	
0	0.5068050000000001	0.218283	-0.833967	0.0	0.825536	0.155724	0.5424399999999999	0.0	0.24827399999999997	-0.9633809999999999	-0.101279	0.0	-2.5861099999999997	-0.592725	-1.20413	0.348923	0.14869200000000002	0.658812	-0.737467	0.0	0.36882800000000004	-0.728892	-0.576786	0.0	-0.9175270000000001	-0.18623499999999998	-0.351369	0.0	3.3264099999999996	2.81126	3.2497	0.327379	
0	0.522976	0.192177	-0.8304	0.0	0.8216620000000001	0.145392	0.5511199999999999	0.0	0.22664600000000001	-0.9705309999999999	-0.0818683	0.0	-2.51202	-0.881969	-1.40073	0.348686	0.14760399999999999	0.663574	-0.733405	0.0	0.37503000000000003	-0.7237020000000001	-0.579317	0.0	-0.915186	-0.18954000000000001	-0.35568099999999997	0.0	3.3249699999999995	2.8199799999999997	3.24748	0.327308	
0	0.5362560000000001	0.15420699999999998	-0.829849	0.0	0.8211379999999999	0.132237	0.555199	0.0	0.195353	-0.9791489999999999	-0.0557121	0.0	-2.42483	-1.16895	-1.53534	0.347785	0.146456	0.66322	-0.733955	0.0	0.372515	-0.724314	-0.580174	0.0	-0.9163969999999999	-0.18843900000000002	-0.35314	0.0	3.3271800000000002	2.81561	3.2451	0.327346	
0	0.54069	0.0935057	-0.836009	0.0	0.8291959999999999	0.108196	0.5483859999999999	0.0	0.14173	-0.9897219999999999	-0.0190338	0.0	-2.2873799999999997	-1.5378399999999999	-1.73012	0.34779	0.145222	0.664148	-0.7333609999999999	0.0	0.373449	-0.723186	-0.5809810000000001	0.0	-0.9162129999999999	-0.189501	-0.353047	0.0	3.33063	2.80914	3.2458400000000003	0.32716100000000004	
0	0.552433	0.0256628	-0.8331620000000001	0.0	0.830153	0.0733086	0.552696	0.0	0.0752617	-0.9969790000000001	0.019194	0.0	-2.24148	-1.7659599999999998	-1.8439299999999998	0.34751	0.145308	0.665099	-0.732482	0.0	0.37596799999999997	-0.721923	-0.5809270000000001	0.0	-0.915169	-0.190977	-0.354957	0.0	3.3366800000000003	2.80362	3.2448599999999996	0.32715500000000003	
0	0.556437	-0.0792668	-0.8271	0.0	0.830449	0.0206099	0.556714	0.0	-0.0270824	-0.99664	0.077295	0.0	-2.27331	-2.02188	-1.94718	0.346945	0.145836	0.664417	-0.732995	0.0	0.373771	-0.723006	-0.580997	0.0	-0.915984	-0.189242	-0.35378000000000004	0.0	3.3394800000000004	2.80125	3.24775	0.326911	
0	0.5479569999999999	-0.13685899999999998	-0.825235	0.0	0.831476	-0.0189149	0.555239	0.0	-0.09159869999999999	-0.99041	0.10343	0.0	-2.35839	-2.18266	-2.03887	0.34625	0.14576	0.663165	-0.734143	0.0	0.371727	-0.724405	-0.580565	0.0	-0.9168280000000001	-0.188277	-0.352106	0.0	3.3421800000000004	2.80005	3.24703	0.326807	
0	0.542335	-0.18579500000000002	-0.819362	0.0	0.8274819999999999	-0.050679300000000004	0.5592010000000001	0.0	-0.145421	-0.981281	0.126256	0.0	-2.4687200000000002	-2.31639	-2.1594700000000002	0.34571399999999997	0.145929	0.663308	-0.73398	0.0	0.373058	-0.724046	-0.58016	0.0	-0.9162600000000001	-0.189155	-0.353112	0.0	3.3398	2.8048900000000003	3.24939	0.326786	
0	0.518139	-0.234436	-0.8225399999999999	0.0	0.8390110000000001	-0.0474592	0.542041	0.0	-0.16611099999999998	-0.970972	0.172104	0.0	-2.5592200000000003	-2.41615	-2.24198	0.34518899999999997	0.145714	0.6630659999999999	-0.7342420000000001	0.0	0.372465	-0.724325	-0.5801930000000001	0.0	-0.916536	-0.188937	-0.352513	0.0	3.3406	2.80514	3.25051	0.326914	
0	0.503888	-0.259993	-0.8237120000000001	0.0	0.84621	-0.0427202	0.531135	0.0	-0.17328	-0.964665	0.198482	0.0	-2.64357	-2.45625	-2.29407	0.344982	0.147075	0.662996	-0.734033	0.0	0.372078	-0.72468	-0.579997	0.0	-0.916475	-0.187815	-0.353269	0.0	3.33965	2.80702	3.2503599999999997	0.326906	
0	0.48743400000000003	-0.268219	-0.830943	0.0	0.8553440000000001	-0.0445848	0.516139	0.0	-0.175485	-0.962326	0.20768699999999998	0.0	-2.76355	-2.44917	-2.37843	0.349271	0.147019	0.662621	-0.734384	0.0	0.370163	-0.725359	-0.580374	0.0	-0.917259	-0.18651500000000001	-0.351919	0.0	3.3428699999999996	2.8018	3.24782	0.32681	
0	0.470359	-0.289625	-0.8335940000000001	0.0	0.8651559999999999	-0.034886099999999996	0.500289	0.0	-0.173977	-0.9565040000000001	0.234161	0.0	-2.7753400000000004	-2.4561	-2.39365	0.353617	0.149275	0.662827	-0.733742	0.0	0.369238	-0.725744	-0.5804819999999999	0.0	-0.9172680000000001	-0.184274	-0.353076	0.0	3.35088	2.80303	3.24542	0.326926	
0	0.461292	-0.307634	-0.832209	0.0	0.867871	-0.0385124	0.495296	0.0	-0.18442	-0.950725	0.249221	0.0	-2.93972	-2.4771099999999997	-2.36717	0.344599	0.15008	0.661744	-0.7345550000000001	0.0	0.36853600000000003	-0.726867	-0.579521	0.0	-0.9174190000000001	-0.18373499999999998	-0.35296500000000003	0.0	3.3532300000000004	2.80813	3.24342	0.32710900000000004	
0	0.45330299999999996	-0.320444	-0.831764	0.0	0.871624	-0.035905599999999996	0.488859	0.0	-0.18651700000000002	-0.9465870000000001	0.26303000000000004	0.0	-3.16819	-2.5234400000000003	-2.38923	0.344938	0.149539	0.662646	-0.733851	0.0	0.368733	-0.7260300000000001	-0.580446	0.0	-0.917428	-0.18379600000000001	-0.35291	0.0	3.3497800000000004	2.81487	3.23841	0.327241	
0	0.438303	-0.320439	-0.8397680000000001	0.0	0.887224	0.00460124	0.461316	0.0	-0.14396	-0.947258	0.28631799999999996	0.0	-3.26308	-2.57839	-2.31521	0.344831	0.15101099999999998	0.662196	-0.733956	0.0	0.36948400000000003	-0.726468	-0.5794189999999999	0.0	-0.9168850000000001	-0.183686	-0.354376	0.0	3.35501	2.82556	3.23984	0.327423	
0	0.420328	-0.343814	-0.8397120000000001	0.0	0.89956	0.0367221	0.43525	0.0	-0.118809	-0.938319	0.32471700000000003	0.0	-3.3120199999999995	-2.68466	-2.19501	0.344975	0.15173599999999998	0.662208	-0.733796	0.0	0.369924	-0.726485	-0.579117	0.0	-0.916588	-0.183576	-0.3552	0.0	3.3664	2.8264	3.23564	0.32765900000000003	
0	0.395329	-0.35573699999999997	-0.846857	0.0	0.9160389999999999	0.084709	0.392041	0.0	-0.06772719999999999	-0.930739	0.35935700000000004	0.0	-3.3507599999999997	-2.80761	-2.04209	0.34480500000000003	0.151946	0.662903	-0.733125	0.0	0.368992	-0.726155	-0.580124	0.0	-0.9169280000000001	-0.182369	-0.354943	0.0	3.37092	2.82451	3.2269799999999997	0.32771	
0	0.36352199999999996	-0.346182	-0.864875	0.0	0.93145	0.119219	0.343785	0.0	-0.015902700000000002	-0.9305610000000001	0.36579	0.0	-3.39475	-2.91102	-1.95305	0.345978	0.1523	0.6624869999999999	-0.733427	0.0	0.367123	-0.726909	-0.5803649999999999	0.0	-0.9176190000000001	-0.180869	-0.35392199999999996	0.0	3.36744	2.82175	3.21535	0.327909	
0	0.321666	-0.338472	-0.884289	0.0	0.9456389999999999	0.16212000000000001	0.28193	0.0	0.0479355	-0.9269059999999999	0.372221	0.0	-3.38729	-3.02055	-1.93075	0.346098	0.152258	0.661425	-0.734394	0.0	0.36664	-0.727838	-0.579507	0.0	-0.9178200000000001	-0.181023	-0.35332399999999997	0.0	3.35994	2.8205	3.20696	0.328179	
0	0.312125	-0.338764	-0.88759	0.0	0.947839	0.174609	0.266669	0.0	0.06464310000000001	-0.9245270000000001	0.375594	0.0	-3.3815699999999995	-3.06009	-1.91008	0.346165	0.151872	0.660934	-0.734915	0.0	0.368374	-0.72782	-0.5784279999999999	0.0	-0.9171889999999999	-0.182877	-0.354007	0.0	3.35669	2.82166	3.20527	0.32819899999999996	
0	0.291404	-0.314821	-0.9033110000000001	0.0	0.9525959999999999	0.181813	0.24393800000000002	0.0	0.0874364	-0.931575	0.352878	0.0	-3.3675599999999997	-3.13288	-1.87172	0.34633800000000003	0.152228	0.660535	-0.735201	0.0	0.370595	-0.727745	-0.5771029999999999	0.0	-0.916235	-0.184611	-0.355574	0.0	3.35382	2.82065	3.20318	0.32813400000000004	
0	0.282933	-0.308593	-0.908141	0.0	0.9542229999999999	0.186314	0.233979	0.0	0.0969954	-0.9327690000000001	0.347181	0.0	-3.3893199999999997	-3.15437	-1.88995	0.346549	0.152239	0.659355	-0.7362569999999999	0.0	0.370669	-0.7286560000000001	-0.575904	0.0	-0.9162030000000001	-0.18523199999999998	-0.35533200000000004	0.0	3.35466	2.81853	3.2022	0.327947	
0	0.242862	-0.281185	-0.928414	0.0	0.961076	0.199703	0.190923	0.0	0.131722	-0.9386450000000001	0.31874	0.0	-3.38933	-3.2143599999999997	-1.8949	0.34675700000000004	0.151865	0.656456	-0.73892	0.0	0.371736	-0.730637	-0.572697	0.0	-0.915833	-0.18771	-0.354986	0.0	3.3505199999999995	2.8130900000000003	3.20037	0.327872	
0	0.210875	-0.261447	-0.941901	0.0	0.9658399999999999	0.20419500000000002	0.159556	0.0	0.150616	-0.943372	0.295576	0.0	-3.44127	-3.23407	-1.92212	0.346642	0.151456	0.656874	-0.738633	0.0	0.374801	-0.729615	-0.572002	0.0	-0.914651	-0.190207	-0.356702	0.0	3.3500099999999997	2.8073599999999996	3.19907	0.327623	
0	0.181872	-0.232841	-0.955357	0.0	0.9696110000000001	0.204144	0.134832	0.0	0.163636	-0.9508469999999999	0.262893	0.0	-3.48699	-3.23473	-1.9486599999999998	0.34666399999999997	0.151845	0.655713	-0.739583	0.0	0.373019	-0.730945	-0.571469	0.0	-0.915314	-0.189104	-0.355583	0.0	3.34761	2.8039099999999997	3.19821	0.327856	
0	0.157551	-0.197311	-0.967598	0.0	0.9699909999999999	0.214671	0.114165	0.0	0.18519000000000002	-0.956548	0.22521100000000002	0.0	-3.51775	-3.2551799999999997	-1.9980900000000001	0.346891	0.151899	0.65487	-0.740319	0.0	0.372839	-0.731641	-0.570695	0.0	-0.915379	-0.189332	-0.355296	0.0	3.3426400000000003	2.80504	3.19775	0.327778	
0	0.140062	-0.16595	-0.976137	0.0	0.968915	0.226014	0.100602	0.0	0.203926	-0.959885	0.192448	0.0	-3.49589	-3.29585	-2.06682	0.347254	0.152293	0.6554180000000001	-0.739753	0.0	0.37305	-0.731238	-0.571074	0.0	-0.915227	-0.188995	-0.35586599999999996	0.0	3.3416	2.8047400000000002	3.19598	0.327573	
0	0.136406	-0.15093199999999998	-0.979088	0.0	0.966751	0.23607399999999998	0.0982946	0.0	0.216302	-0.959942	0.178115	0.0	-3.5075	-3.3167699999999996	-2.10364	0.347296	0.151729	0.655089	-0.74016	0.0	0.373017	-0.731409	-0.5708770000000001	0.0	-0.915334	-0.189473	-0.355335	0.0	3.3365699999999996	2.80113	3.1930099999999997	0.327594	
0	0.124715	-0.13681	-0.982715	0.0	0.9642790000000001	0.249995	0.087572	0.0	0.23369299999999998	-0.958533	0.163101	0.0	-3.4738	-3.34774	-2.19635	0.347433	0.151647	0.654624	-0.740588	0.0	0.37217	-0.731929	-0.570762	0.0	-0.9156920000000001	-0.18907000000000002	-0.354627	0.0	3.32865	2.80076	3.1961	0.32750999999999997	
0	0.119327	-0.121029	-0.9854510000000001	0.0	0.960498	0.2654	0.08371039999999999	0.0	0.251407	-0.956512	0.147918	0.0	-3.4566	-3.3637599999999996	-2.22945	0.346472	0.151857	0.654515	-0.740641	0.0	0.37238499999999997	-0.732002	-0.570529	0.0	-0.9155700000000001	-0.189165	-0.354892	0.0	3.3260699999999996	2.7999	3.19749	0.327531	
0	0.12373599999999998	-0.10616099999999999	-0.98662	0.0	0.9614010000000001	0.259067	0.0926971	0.0	0.24575999999999998	-0.9600069999999999	0.13411900000000002	0.0	-3.45306	-3.3607099999999996	-2.2217599999999997	0.345978	0.152041	0.654116	-0.7409560000000001	0.0	0.371867	-0.732445	-0.570297	0.0	-0.91575	-0.188829	-0.354606	0.0	3.32438	2.80198	3.2014099999999996	0.327523	
0	0.130183	-0.0916934	-0.987241	0.0	0.963302	0.24743600000000002	0.10404400000000001	0.0	0.23473899999999998	-0.964556	0.12054000000000001	0.0	-3.4621699999999995	-3.4199	-2.2770099999999998	0.344521	0.15244000000000002	0.653234	-0.7416520000000001	0.0	0.371228	-0.7333189999999999	-0.569591	0.0	-0.9159430000000001	-0.188494	-0.354286	0.0	3.3212800000000002	2.80422	3.2034700000000003	0.327463	
0	0.139471	-0.08566280000000001	-0.9865139999999999	0.0	0.9665520000000001	0.228318	0.116823	0.0	0.215231	-0.9698110000000001	0.114641	0.0	-3.4536	-3.43919	-2.2835099999999997	0.3444	0.15295699999999998	0.652709	-0.742007	0.0	0.371108	-0.7338279999999999	-0.569013	0.0	-0.915906	-0.18833	-0.35447	0.0	3.31725	2.8069900000000003	3.20594	0.327531	
0	0.175232	-0.0890339	-0.9804930000000001	0.0	0.97303	0.167419	0.158696	0.0	0.150024	-0.981858	0.11597	0.0	-3.39549	-3.52726	-2.38686	0.344091	0.153417	0.652118	-0.742432	0.0	0.370702	-0.734436	-0.568493	0.0	-0.9159930000000001	-0.188005	-0.354416	0.0	3.31526	2.8127299999999997	3.2124900000000003	0.327324	
0	0.223836	-0.101111	-0.969368	0.0	0.9709639999999999	0.10928299999999999	0.212806	0.0	0.08441860000000001	-0.9888549999999999	0.122636	0.0	-3.33376	-3.61386	-2.4573099999999997	0.34625900000000004	0.154136	0.650717	-0.7435109999999999	0.0	0.371187	-0.73552	-0.566773	0.0	-0.915676	-0.188621	-0.354908	0.0	3.3128800000000003	2.81685	3.21679	0.32747800000000005	
0	0.242292	-0.107189	-0.9642639999999999	0.0	0.966641	0.111758	0.23046599999999998	0.0	0.0830603	-0.9879379999999999	0.130692	0.0	-3.33304	-3.61306	-2.46713	0.34621199999999996	0.15475899999999998	0.650662	-0.74343	0.0	0.371357	-0.735624	-0.566526	0.0	-0.915502	-0.188403	-0.35547199999999995	0.0	3.3075699999999997	2.82668	3.22962	0.327239	
0	0.275627	-0.12278599999999999	-0.95339	0.0	0.960206	0.0817065	0.267075	0.0	0.0451052	-0.9890639999999999	0.14042000000000002	0.0	-3.2960599999999998	-3.6192599999999997	-2.49868	0.343482	0.15482100000000001	0.6519550000000001	-0.742284	0.0	0.371881	-0.73454	-0.567588	0.0	-0.9152790000000001	-0.188166	-0.356172	0.0	3.3040199999999995	2.8319799999999997	3.23888	0.327292	
0	0.30777899999999997	-0.134796	-0.9418610000000001	0.0	0.950789	0.080695	0.299148	0.0	0.035679699999999995	-0.987582	0.152998	0.0	-3.28681	-3.62054	-2.52212	0.3438	0.155021	0.651729	-0.742441	0.0	0.370626	-0.735001	-0.567812	0.0	-0.9157540000000001	-0.187145	-0.355488	0.0	3.30499	2.8321400000000003	3.24192	0.327334	
0	0.356426	-0.15878399999999998	-0.920733	0.0	0.934261	0.0491311	0.35319	0.0	-0.010844	-0.9860899999999999	0.165857	0.0	-3.2427799999999998	-3.6295800000000003	-2.55776	0.34207	0.155196	0.651154	-0.742908	0.0	0.369817	-0.735632	-0.567521	0.0	-0.9160510000000001	-0.18666300000000002	-0.354975	0.0	3.3043	2.82891	3.24035	0.32729400000000003	
0	0.38523	-0.171337	-0.906775	0.0	0.921942	0.028595299999999997	0.38627	0.0	-0.040252699999999995	-0.9847969999999999	0.168978	0.0	-3.21446	-3.6357699999999995	-2.57072	0.341889	0.15498699999999999	0.6510630000000001	-0.743031	0.0	0.369138	-0.735808	-0.567736	0.0	-0.9163600000000001	-0.186289	-0.354373	0.0	3.3017800000000004	2.83202	3.24174	0.32719299999999996	
0	0.408556	-0.195188	-0.891619	0.0	0.9104030000000001	0.0173922	0.41335600000000006	0.0	-0.065175	-0.980612	0.184806	0.0	-3.19275	-3.64095	-2.58892	0.340922	0.154784	0.6516609999999999	-0.742549	0.0	0.369114	-0.735324	-0.5683779999999999	0.0	-0.9164040000000001	-0.186109	-0.354354	0.0	3.3040800000000004	2.82769	3.2391	0.327075	
0	0.431835	-0.20950700000000003	-0.877283	0.0	0.898021	0.00914872	0.439859	0.0	-0.0841273	-0.977764	0.192092	0.0	-3.1772	-3.6443	-2.5996	0.340646	0.154288	0.651837	-0.742499	0.0	0.36979	-0.734975	-0.56839	0.0	-0.916215	-0.186872	-0.354441	0.0	3.30386	2.82788	3.24027	0.326979	
0	0.472372	-0.239181	-0.848326	0.0	0.875149	0.012850299999999999	0.483684	0.0	-0.10478699999999999	-0.9708899999999999	0.215389	0.0	-3.16865	-3.64719	-2.60395	0.333977	0.154185	0.654099	-0.740528	0.0	0.369122	-0.7333569999999999	-0.570909	0.0	-0.916502	-0.185319	-0.354515	0.0	3.30534	2.82825	3.24123	0.32685	
0	0.49276499999999995	-0.24263200000000001	-0.835651	0.0	0.8633290000000001	0.016200799999999998	0.504382	0.0	-0.10884100000000001	-0.969983	0.217454	0.0	-3.23582	-3.62344	-2.6469400000000003	0.23268200000000003	0.149769	0.657682	-0.7382569999999999	0.0	0.370237	-0.729658	-0.574913	0.0	-0.9167850000000001	-0.187226	-0.35277800000000004	0.0	3.3071699999999997	2.8249299999999997	3.23885	0.326732	
0	0.513249	-0.238156	-0.824535	0.0	0.851942	0.0251996	0.52303	0.0	-0.10378499999999999	-0.9709	0.21582800000000002	0.0	-3.2732200000000002	-3.61206	-2.66341	0.191399	0.12801700000000002	0.6461279999999999	-0.752416	0.0	0.37304499999999996	-0.734316	-0.567114	0.0	-0.918939	-0.208085	-0.33504	0.0	3.30894	2.81338	3.21961	0.327791	
0	0.536201	-0.21970900000000002	-0.814995	0.0	0.838801	0.030769499999999998	0.543568	0.0	-0.09435	-0.97508	0.200791	0.0	-3.3263800000000003	-3.5979099999999997	-2.6895	0.135158	0.045406199999999994	0.650673	-0.758	0.0	0.381137	-0.712669	-0.588929	0.0	-0.9234030000000001	-0.26216100000000003	-0.280355	0.0	3.21164	2.83937	3.17138	0.33458000000000004	
0	0.53504	-0.215419	-0.816901	0.0	0.840075	0.033252	0.54145	0.0	-0.08947480000000001	-0.9759559999999999	0.198759	0.0	-3.3329699999999995	-3.5968	-2.69009	0.13514500000000002	0.0218398	0.653331	-0.756757	0.0	0.374446	-0.707188	-0.59973	0.0	-0.926992	-0.27026700000000003	-0.26008200000000004	0.0	3.14772	2.8565099999999997	3.1230700000000002	0.3373	
0	0.532612	-0.21150500000000003	-0.819506	0.0	0.8425389999999999	0.0405985	0.537104	0.0	-0.0803291	-0.976534	0.199824	0.0	-3.3401	-3.59576	-2.69132	0.135123	0.016821700000000002	0.6576069999999999	-0.753173	0.0	0.377297	-0.701765	-0.604295	0.0	-0.92594	-0.274005	-0.259918	0.0	3.12977	2.87705	3.10011	0.338192	
0	0.530556	-0.19173900000000002	-0.825679	0.0	0.8464959999999999	0.0690442	0.527899	0.0	-0.0442105	-0.9790139999999999	0.198939	0.0	-3.34891	-3.5913	-2.6889	0.134653	0.0148644	0.659158	-0.751858	0.0	0.371952	-0.701624	-0.607763	0.0	-0.928133	-0.270621	-0.255604	0.0	3.0834599999999996	2.90329	3.06604	0.339483	
0	0.519766	-0.163422	-0.838533	0.0	0.854267	0.10914700000000001	0.508247	0.0	0.008464900000000001	-0.9805	0.19633699999999998	0.0	-3.3384400000000003	-3.58722	-2.69103	0.134372	0.013463299999999997	0.662328	-0.749093	0.0	0.370392	-0.69917	-0.611531	0.0	-0.9287780000000001	-0.269225	-0.254734	0.0	3.0571	2.89157	3.05284	0.340059	
0	0.515258	-0.156133	-0.842693	0.0	0.856701	0.121273	0.501354	0.0	0.023918400000000003	-0.9802629999999999	0.196247	0.0	-3.3074199999999996	-3.58641	-2.6909099999999997	0.13460899999999998	0.00984299	0.664904	-0.7468640000000001	0.0	0.37284	-0.69548	-0.614246	0.0	-0.9278430000000001	-0.272415	-0.254749	0.0	3.05476	2.86177	3.03918	0.340225	
0	0.515279	-0.124671	-0.8479059999999999	0.0	0.8538690000000001	0.159475	0.49545500000000003	0.0	0.0734512	-0.979298	0.188627	0.0	-3.17537	-3.5807900000000004	-2.67286	0.13460899999999998	0.00727248	0.6620199999999999	-0.749451	0.0	0.381352	-0.694667	-0.609925	0.0	-0.924401	-0.281369	-0.257515	0.0	3.05188	2.76817	3.01313	0.33939400000000003	
0	0.5151789999999999	-0.114898	-0.8493459999999999	0.0	0.8527040000000001	0.168759	0.494386	0.0	0.0865309	-0.978938	0.184915	0.0	-3.14433	-3.5779699999999997	-2.66582	0.13467300000000001	0.010340799999999999	0.657101	-0.753732	0.0	0.381945	-0.6992149999999999	-0.604332	0.0	-0.9241280000000001	-0.28163499999999997	-0.258207	0.0	3.05388	2.74018	3.00453	0.33861399999999997	
0	0.501787	-0.106485	-0.8584120000000001	0.0	0.860756	0.159556	0.483364	0.0	0.0854934	-0.9814290000000001	0.171721	0.0	-3.09865	-3.57105	-2.6583	0.134635	0.010101700000000002	0.6458729999999999	-0.763378	0.0	0.38656	-0.706588	-0.592709	0.0	-0.9222090000000001	-0.28910399999999997	-0.256806	0.0	3.04335	2.58652	3.00048	0.336478	
0	0.504566	-0.102627	-0.857252	0.0	0.8598389999999999	0.149478	0.48819300000000004	0.0	0.07803860000000001	-0.983425	0.163665	0.0	-3.09346	-3.5665199999999997	-2.6783099999999997	0.134639	0.015774700000000003	0.640771	-0.76757	0.0	0.381934	-0.7133149999999999	-0.587629	0.0	-0.924055	-0.283891	-0.255985	0.0	3.04277	2.5623099999999996	2.99609	0.336034	
0	0.505161	-0.103243	-0.856827	0.0	0.8618709999999999	0.11167200000000001	0.494679	0.0	0.0446115	-0.988367	0.145395	0.0	-3.04294	-3.33435	-2.6608	0.135078	0.0173196	0.641663	-0.766791	0.0	0.381251	-0.713204	-0.588208	0.0	-0.924309	-0.282152	-0.25698699999999997	0.0	3.0451200000000003	2.5366299999999997	3.00427	0.33575	
0	0.507456	-0.09908099999999999	-0.8559620000000001	0.0	0.861233	0.09023710000000001	0.5001359999999999	0.0	0.027685700000000004	-0.99098	0.131123	0.0	-3.05306	-3.02294	-2.61347	0.13508	0.017981599999999997	0.6430859999999999	-0.765583	0.0	0.382189	-0.711979	-0.589083	0.0	-0.923909	-0.282004	-0.258583	0.0	3.0406299999999997	2.5314099999999997	3.0099099999999996	0.335464	
0	0.510358	-0.09898839999999999	-0.854246	0.0	0.859762	0.0801558	0.504365	0.0	0.018546599999999996	-0.9918549999999999	0.12601500000000002	0.0	-3.06372	-2.88592	-2.58167	0.135079	0.0176432	0.641242	-0.7671359999999999	0.0	0.37939	-0.7141689999999999	-0.588241	0.0	-0.925069	-0.280665	-0.25588099999999997	0.0	3.03462	2.5331	3.01281	0.33516799999999997	
0	0.514834	-0.09559119999999999	-0.851944	0.0	0.8572639999999999	0.06506990000000001	0.510748	0.0	0.00661293	-0.993292	0.11544700000000001	0.0	-3.0894	-2.5803	-2.5087	0.13505	0.016709599999999998	0.641333	-0.76708	0.0	0.380468	-0.7135520000000001	-0.588292	0.0	-0.924643	-0.282019	-0.25593	0.0	3.01819	2.5355	3.02671	0.334909	
0	0.522428	-0.09124650000000001	-0.8477870000000001	0.0	0.8526440000000001	0.06551230000000001	0.51837	0.0	0.00824109	-0.9936709999999999	0.112026	0.0	-3.08609	-2.36825	-2.42125	0.134643	0.0160097	0.643309	-0.765439	0.0	0.383684	-0.710884	-0.589433	0.0	-0.923326	-0.28425	-0.258208	0.0	3.01954	2.54051	3.03782	0.334568	
0	0.52579	-0.07700789999999999	-0.8471209999999999	0.0	0.8505360000000001	0.0611471	0.52235	0.0	0.0115739	-0.9951540000000001	0.0976485	0.0	-3.07186	-2.08577	-2.30737	0.13464500000000001	0.0150211	0.6445489999999999	-0.764416	0.0	0.383671	-0.709696	-0.59087	0.0	-0.923348	-0.284409	-0.25795500000000005	0.0	3.03802	2.54122	3.03926	0.334169	
0	0.529522	-0.06592310000000001	-0.8457309999999999	0.0	0.848161	0.0589201	0.526451	0.0	0.015125299999999998	-0.996084	0.0871129	0.0	-3.07797	-1.94134	-2.27143	0.134955	0.015104300000000001	0.646767	-0.762538	0.0	0.38563600000000003	-0.707391	-0.592354	0.0	-0.9225270000000001	-0.285115	-0.260101	0.0	3.04199	2.54261	3.03971	0.33416799999999997	
0	0.525818	-0.046288699999999995	-0.8493370000000001	0.0	0.850567	0.037124199999999996	0.524556	0.0	0.00724998	-0.998238	0.058892200000000006	0.0	-3.1015200000000003	-1.60963	-2.14837	0.134657	0.0149031	0.647004	-0.7623409999999999	0.0	0.38777399999999995	-0.706495	-0.5920270000000001	0.0	-0.9216340000000001	-0.28679299999999996	-0.26142	0.0	3.0459099999999997	2.54005	3.02967	0.334567	
0	0.531944	-0.00178987	-0.846777	0.0	0.8463639999999999	0.032445	0.531616	0.0	0.0265222	-0.9994719999999999	0.0187738	0.0	-3.16013	-1.3611	-2.07355	0.13464	0.0133934	0.645489	-0.763652	0.0	0.391716	-0.7060649999999999	-0.589942	0.0	-0.919989	-0.291233	-0.262305	0.0	3.0468	2.53287	3.02157	0.334933	
0	0.5319550000000001	0.00666177	-0.8467459999999999	0.0	0.846225	0.0317688	0.531878	0.0	0.030443500000000002	-0.999473	0.011262200000000002	0.0	-3.16682	-1.32725	-2.0643599999999998	0.13463599999999998	0.0130148	0.6457350000000001	-0.763451	0.0	0.392542	-0.70552	-0.5900449999999999	0.0	-0.919642	-0.292007	-0.26266100000000003	0.0	3.0459400000000003	2.5347299999999997	3.02093	0.335086	
