0	0.0860945	0.791982	-0.6044430000000001	0.0	0.41018000000000004	0.524714	0.745941	0.0	0.907932	-0.312152	-0.27968000000000004	0.0	-2.84977	1.86904	1.38398	0.0	-0.052603	0.814102	-0.578335	0.0	0.43285100000000004	-0.503317	-0.747872	0.0	-0.8999299999999999	-0.289673	-0.325909	0.0	2.78008	1.86065	1.50591	0.0	
0	0.0873152	0.784227	-0.6143	0.0	0.390984	0.540196	0.7451979999999999	0.0	0.9162469999999999	-0.305248	-0.25945300000000004	0.0	-2.91787	1.76997	1.41734	0.0	-0.0456102	0.805028	-0.591481	0.0	0.428159	-0.519202	-0.7396689999999999	0.0	-0.902552	-0.286984	-0.320999	0.0	2.85507	1.7633400000000001	1.47403	0.0	
0	0.06975239999999999	0.777122	-0.625473	0.0	0.380995	0.558716	0.736668	0.0	0.921942	-0.289687	-0.257108	0.0	-2.8950400000000003	1.76036	1.4413200000000002	0.0	-0.0262235	0.784259	-0.619879	0.0	0.373281	-0.567557	-0.733853	0.0	-0.927348	-0.250633	-0.277866	0.0	2.8094	1.71642	1.5066899999999999	0.0	
0	0.059426599999999996	0.781675	-0.620849	0.0	0.37703000000000003	0.558304	0.739017	0.0	0.924293	-0.277996	-0.261536	0.0	-2.8796	1.78846	1.44813	0.13813	-0.0270582	0.778392	-0.627195	0.0	0.335367	-0.583993	-0.739244	0.0	-0.941699	-0.230343	-0.245245	0.0	2.7416	1.7156799999999999	1.57374	0.364856	
0	0.055100300000000005	0.76822	-0.63781	0.0	0.381351	0.574164	0.7245050000000001	0.0	0.9227870000000001	-0.28315	-0.261325	0.0	-2.82065	1.78394	1.4403	0.34514	-0.04241369999999999	0.7803640000000001	-0.6238859999999999	0.0	0.353731	-0.572272	-0.739851	0.0	-0.934385	-0.25206799999999996	-0.251767	0.0	2.63757	1.67277	1.60971	0.35582600000000003	
0	0.06096649999999999	0.766722	-0.639079	0.0	0.379411	0.574408	0.725329	0.0	0.923218	-0.286694	-0.25588299999999997	0.0	-2.71555	1.7352400000000001	1.4838200000000001	0.351013	-0.0530556	0.779678	-0.623929	0.0	0.356375	-0.568883	-0.7411949999999999	0.0	-0.9328360000000001	-0.261677	-0.247675	0.0	2.6265400000000003	1.64198	1.61299	0.355919	
0	0.0698401	0.7603810000000001	-0.6457109999999999	0.0	0.402957	0.570628	0.715548	0.0	0.91255	-0.310168	-0.266549	0.0	-2.69411	1.7020400000000002	1.49088	0.353274	-0.052263	0.7818149999999999	-0.621317	0.0	0.360261	-0.565511	-0.741896	0.0	-0.931386	-0.26261	-0.252102	0.0	2.62264	1.6389200000000002	1.61114	0.356854	
0	0.0768316	0.7409979999999999	-0.667097	0.0	0.44476000000000004	0.573346	0.688086	0.0	0.8923479999999999	-0.349565	-0.285515	0.0	-2.70145	1.66562	1.4533399999999999	0.355716	-0.054367700000000005	0.778976	-0.624693	0.0	0.365562	-0.566656	-0.738421	0.0	-0.929198	-0.26850999999999997	-0.253956	0.0	2.62165	1.64084	1.59893	0.357994	
0	0.101515	0.702921	-0.703987	0.0	0.498733	0.576336	0.6473810000000001	0.0	0.860791	-0.41681999999999997	-0.292063	0.0	-2.71392	1.60297	1.4509	0.356946	-0.059224599999999995	0.7717689999999999	-0.633139	0.0	0.38574899999999995	-0.56729	-0.727585	0.0	-0.920701	-0.28732399999999997	-0.264112	0.0	2.61844	1.63716	1.59487	0.359028	
0	0.117681	0.661991	-0.740216	0.0	0.55256	0.575696	0.602704	0.0	0.825124	-0.47994	-0.298041	0.0	-2.7668	1.5619299999999998	1.39959	0.35523000000000005	-0.07426920000000001	0.747556	-0.660034	0.0	0.44164899999999996	-0.568759	-0.693873	0.0	-0.894109	-0.343036	-0.287916	0.0	2.6102	1.61971	1.57111	0.36099699999999996	
0	0.163383	0.607666	-0.7772060000000001	0.0	0.611197	0.556055	0.563242	0.0	0.774432	-0.56705	-0.280553	0.0	-2.83644	1.54873	1.34364	0.3535	-0.120754	0.72054	-0.682818	0.0	0.523157	-0.538383	-0.660644	0.0	-0.8436379999999999	-0.436997	-0.311944	0.0	2.60121	1.56607	1.48027	0.3626	
0	0.199606	0.5374359999999999	-0.819341	0.0	0.671933	0.533535	0.51366	0.0	0.7132069999999999	-0.653072	-0.25462399999999996	0.0	-2.90115	1.5104600000000001	1.22061	0.35349899999999995	-0.159987	0.699821	-0.696171	0.0	0.567595	-0.511788	-0.64491	0.0	-0.807614	-0.498321	-0.315336	0.0	2.63421	1.50931	1.25114	0.36270399999999997	
0	0.22257	0.43852299999999994	-0.8707239999999999	0.0	0.743803	0.500999	0.442445	0.0	0.630254	-0.7461220000000001	-0.21466799999999997	0.0	-2.9468	1.39791	1.02132	0.353815	-0.19761700000000001	0.655428	-0.728946	0.0	0.615665	-0.495674	-0.612589	0.0	-0.762827	-0.5698439999999999	-0.30557	0.0	2.67117	1.3729	0.9091600000000001	0.36265	
0	0.221898	0.335093	-0.915682	0.0	0.820887	0.442604	0.360896	0.0	0.5262180000000001	-0.8317540000000001	-0.17686	0.0	-2.9699299999999997	1.19448	0.8413889999999999	0.35432800000000003	-0.209546	0.607164	-0.7664479999999999	0.0	0.660347	-0.49022	-0.5688810000000001	0.0	-0.721132	-0.625329	-0.298216	0.0	2.69645	1.16628	0.6056239999999999	0.36243600000000004	
0	0.191382	0.248883	-0.9494370000000001	0.0	0.889136	0.36572899999999997	0.275098	0.0	0.415704	-0.8968280000000001	-0.15129700000000001	0.0	-2.99242	0.9769120000000001	0.671663	0.35513	-0.197176	0.529637	-0.824989	0.0	0.7198359999999999	-0.493068	-0.488591	0.0	-0.665551	-0.690195	-0.284031	0.0	2.70416	0.8804770000000001	0.318218	0.362458	
0	0.18002200000000002	0.182525	-0.9665799999999999	0.0	0.923534	0.306922	0.229963	0.0	0.33863899999999997	-0.934068	-0.11331600000000001	0.0	-3.00583	0.769208	0.492745	0.354023	-0.149543	0.45436800000000005	-0.878173	0.0	0.790442	-0.47863199999999995	-0.382248	0.0	-0.594003	-0.751306	-0.287575	0.0	2.7229	0.5745060000000001	0.075434	0.36254000000000003	
0	0.18026199999999998	0.16073199999999999	-0.970397	0.0	0.944768	0.246238	0.21628699999999998	0.0	0.273713	-0.9557889999999999	-0.10746700000000001	0.0	-2.98549	0.642229	0.309075	0.354079	-0.10981500000000001	0.411764	-0.90465	0.0	0.8484809999999999	-0.435225	-0.30109600000000003	0.0	-0.5177069999999999	-0.800643	-0.301579	0.0	2.76516	0.277267	-0.180042	0.362151	
0	0.196793	0.141622	-0.9701629999999999	0.0	0.948105	0.224561	0.22509899999999997	0.0	0.24974000000000002	-0.9641139999999999	-0.09008010000000001	0.0	-2.97136	0.529148	0.172773	0.35397399999999996	-0.0854347	0.396386	-0.914101	0.0	0.879015	-0.40195	-0.25645500000000004	0.0	-0.469078	-0.825418	-0.31408800000000003	0.0	2.8035200000000002	0.0846177	-0.348046	0.361639	
0	0.224046	0.12397999999999999	-0.9666600000000001	0.0	0.9499209999999999	0.193921	0.245038	0.0	0.217836	-0.973151	-0.0743239	0.0	-2.97188	0.40097	0.019098300000000002	0.35324	-0.0552722	0.384203	-0.921593	0.0	0.8814350000000001	-0.41483100000000006	-0.22580300000000003	0.0	-0.46906000000000003	-0.8248049999999999	-0.31572100000000003	0.0	2.87004	-0.0715133	-0.5469069999999999	0.361123	
0	0.23769	0.116709	-0.964304	0.0	0.951151	0.17339200000000002	0.25543299999999997	0.0	0.19701400000000002	-0.9779129999999999	-0.0697946	0.0	-2.98198	0.308636	-0.0826138	0.352575	-0.043207199999999994	0.3807	-0.923689	0.0	0.880186	-0.422901	-0.21547199999999997	0.0	-0.472659	-0.822327	-0.316815	0.0	2.8942099999999997	-0.17366199999999998	-0.648475	0.360827	
0	0.25642600000000004	0.109702	-0.960318	0.0	0.951938	0.143524	0.270583	0.0	0.16751300000000002	-0.983548	-0.0676262	0.0	-3.00287	0.198932	-0.16685899999999998	0.352039	-0.0339358	0.36965	-0.928551	0.0	0.876884	-0.43474399999999996	-0.205116	0.0	-0.47950299999999996	-0.8211930000000001	-0.30938699999999997	0.0	2.88847	-0.278935	-0.688592	0.360237	
0	0.268995	0.0749826	-0.960219	0.0	0.955103	0.107771	0.275978	0.0	0.124177	-0.991344	-0.0426264	0.0	-3.06585	0.0248975	-0.27362	0.351707	-0.0181083	0.347352	-0.9375600000000001	0.0	0.8751110000000001	-0.448031	-0.182891	0.0	-0.483583	-0.823781	-0.29585900000000004	0.0	2.84976	-0.468681	-0.803457	0.35943200000000003	
0	0.270725	0.053387199999999996	-0.961175	0.0	0.956901	0.09410110000000001	0.274748	0.0	0.10511600000000001	-0.99413	-0.0256108	0.0	-3.14119	-0.0911067	-0.318008	0.351294	0.0044874	0.33079000000000003	-0.943694	0.0	0.869251	-0.467816	-0.159848	0.0	-0.49435100000000004	-0.8195889999999999	-0.289638	0.0	2.83871	-0.590861	-0.9052100000000001	0.359194	
0	0.264763	0.040230300000000004	-0.9634739999999999	0.0	0.959432	0.0894154	0.267386	0.0	0.09690639999999999	-0.995182	-0.0149243	0.0	-3.21412	-0.186278	-0.412775	0.351075	0.0408748	0.30899	-0.9501870000000001	0.0	0.8603059999999999	-0.494517	-0.123803	0.0	-0.508137	-0.812391	-0.286039	0.0	2.8375	-0.7121029999999999	-1.05182	0.359057	
0	0.263302	0.037063	-0.964001	0.0	0.9595549999999999	0.0931336	0.26566799999999996	0.0	0.0996273	-0.994964	-0.0110417	0.0	-3.26165	-0.232936	-0.49483299999999997	0.350781	0.0793201	0.297161	-0.951527	0.0	0.8408540000000001	-0.5326350000000001	-0.09624730000000001	0.0	-0.5354180000000001	-0.792461	-0.292118	0.0	2.85946	-0.809596	-1.11955	0.35897199999999996	
0	0.26448699999999997	0.0385101	-0.96362	0.0	0.958144	0.103038	0.26710100000000003	0.0	0.109575	-0.9939319999999999	-0.00964606	0.0	-3.27659	-0.271192	-0.5653239999999999	0.35070300000000004	0.11315599999999999	0.286989	-0.951227	0.0	0.8260190000000001	-0.559221	-0.0704575	0.0	-0.552167	-0.777759	-0.30033699999999997	0.0	2.8656099999999998	-0.909949	-1.2310299999999998	0.359178	
0	0.26477399999999995	0.048430900000000006	-0.963094	0.0	0.953943	0.1329	0.268942	0.0	0.14102	-0.9899459999999999	-0.011012000000000001	0.0	-3.25042	-0.316178	-0.671945	0.350273	0.15622	0.278022	-0.947786	0.0	0.802569	-0.59506	-0.04226919999999999	0.0	-0.575742	-0.754061	-0.31609299999999996	0.0	2.8887	-1.0177200000000002	-1.4220700000000002	0.35904400000000003	
0	0.254604	0.05573009999999999	-0.9654379999999999	0.0	0.951358	0.16466	0.260395	0.0	0.173481	-0.984775	-0.0110964	0.0	-3.25946	-0.335962	-0.735542	0.350269	0.184319	0.264009	-0.9467450000000001	0.0	0.789466	-0.613549	-0.0173953	0.0	-0.5854659999999999	-0.744216	-0.321515	0.0	2.88956	-1.03554	-1.50145	0.359298	
0	0.241443	0.0618193	-0.9684440000000001	0.0	0.949716	0.189971	0.2489	0.0	0.199363	-0.979842	-0.012843700000000001	0.0	-3.25962	-0.34615300000000004	-0.8002670000000001	0.350406	0.190323	0.258847	-0.946982	0.0	0.787119	-0.616714	-0.0103778	0.0	-0.586704	-0.743412	-0.321119	0.0	2.90501	-1.04072	-1.51413	0.359177	
0	0.231715	0.07414839999999999	-0.9699540000000001	0.0	0.947731	0.20762199999999997	0.24227800000000002	0.0	0.219349	-0.9753950000000001	-0.0221635	0.0	-3.2693	-0.341588	-0.832256	0.350578	0.195099	0.253314	-0.947506	0.0	0.784393	-0.62025	-0.004310100000000001	0.0	-0.5887819999999999	-0.742376	-0.319708	0.0	2.93035	-1.04368	-1.49492	0.35904200000000003	
0	0.199914	0.101752	-0.9745159999999999	0.0	0.944159	0.24585900000000002	0.219358	0.0	0.261914	-0.96395	-0.046919699999999995	0.0	-3.26963	-0.308949	-0.985964	0.350543	0.19711900000000002	0.251281	-0.94763	0.0	0.7826649999999999	-0.6224390000000001	-0.00224701	0.0	-0.590407	-0.7412340000000001	-0.319363	0.0	2.95371	-1.04621	-1.47623	0.358738	
0	0.18531199999999998	0.112879	-0.976175	0.0	0.948183	0.24035700000000002	0.207792	0.0	0.25808600000000004	-0.9640989999999999	-0.062488999999999996	0.0	-3.2786699999999995	-0.296958	-1.04559	0.35054	0.192224	0.24375300000000003	-0.9505969999999999	0.0	0.785288	-0.619131	3.85046e-05	0.0	-0.588534	-0.7465	-0.310429	0.0	2.93877	-1.04919	-1.4568299999999998	0.354373	
0	0.178697	0.1203	-0.9765219999999999	0.0	0.9531379999999999	0.225086	0.202147	0.0	0.24411999999999998	-0.966884	-0.0744407	0.0	-3.3582	-0.260456	-1.04277	0.351045	0.188643	0.223201	-0.9563450000000001	0.0	0.787894	-0.615699	0.0117174	0.0	-0.586205	-0.755709	-0.292006	0.0	2.89106	-1.04653	-1.42828	0.346541	
0	0.16600299999999998	0.142758	-0.9757370000000001	0.0	0.9530280000000001	0.230971	0.195933	0.0	0.253338	-0.9624309999999999	-0.09771039999999999	0.0	-3.46615	-0.20361700000000002	-1.1128	0.351012	0.19306099999999998	0.20885599999999999	-0.958701	0.0	0.783782	-0.620624	0.022631799999999997	0.0	-0.5902649999999999	-0.755782	-0.283516	0.0	2.8544	-1.01973	-1.4170399999999999	0.346605	
0	0.161978	0.14835399999999999	-0.9755790000000001	0.0	0.952074	0.236447	0.19403099999999998	0.0	0.259459	-0.960252	-0.10294500000000001	0.0	-3.49819	-0.191616	-1.13313	0.351011	0.192102	0.20600300000000002	-0.9595100000000001	0.0	0.784471	-0.6197	0.0240102	0.0	-0.589662	-0.75732	-0.280649	0.0	2.84065	-1.00947	-1.40634	0.346765	
0	0.164622	0.14946500000000001	-0.974967	0.0	0.9466040000000001	0.25385	0.198749	0.0	0.27720100000000003	-0.955626	-0.09969460000000001	0.0	-3.4675800000000003	-0.23480399999999998	-1.09689	0.35096	0.19557	0.196168	-0.9608700000000001	0.0	0.778356	-0.627087	0.0303981	0.0	-0.596586	-0.753844	-0.275328	0.0	2.8037900000000002	-0.9814799999999999	-1.37322	0.346964	
0	0.166769	0.147231	-0.974941	0.0	0.9433879999999999	0.263702	0.201195	0.0	0.286717	-0.9533020000000001	-0.0949189	0.0	-3.4430400000000003	-0.252067	-1.07873	0.35128899999999996	0.189314	0.188749	-0.9636049999999999	0.0	0.776909	-0.628925	0.029442000000000003	0.0	-0.600478	-0.754207	-0.265705	0.0	2.73371	-0.9805200000000001	-1.36661	0.347107	
0	0.173368	0.153407	-0.972836	0.0	0.938718	0.273061	0.21034699999999998	0.0	0.297913	-0.949686	-0.096666	0.0	-3.40591	-0.270534	-1.02778	0.3512	0.192627	0.18192	-0.964261	0.0	0.7708510000000001	-0.636108	0.033980699999999996	0.0	-0.607193	-0.749848	-0.262765	0.0	2.67861	-0.9158	-1.32876	0.347095	
0	0.173568	0.153029	-0.9728600000000001	0.0	0.9372940000000001	0.277512	0.210875	0.0	0.30225	-0.948456	-0.0952663	0.0	-3.40885	-0.27731500000000003	-1.00332	0.35129299999999997	0.193874	0.183477	-0.963716	0.0	0.7689239999999999	-0.638482	0.03313	0.0	-0.609237	-0.747447	-0.264865	0.0	2.65895	-0.8792620000000001	-1.31589	0.34728400000000004	
0	0.177721	0.161552	-0.97073	0.0	0.9355479999999999	0.27822399999999997	0.217583	0.0	0.305231	-0.946833	-0.101694	0.0	-3.40449	-0.280377	-0.996886	0.351136	0.194232	0.18623800000000001	-0.9631139999999999	0.0	0.7681439999999999	-0.639515	0.031249000000000002	0.0	-0.610106	-0.74588	-0.26727199999999995	0.0	2.65361	-0.8749389999999999	-1.30706	0.347326	
0	0.177724	0.161603	-0.970721	0.0	0.9355389999999999	0.278238	0.21760300000000002	0.0	0.305257	-0.9468200000000001	-0.10173600000000001	0.0	-3.40456	-0.28015999999999996	-0.9974299999999999	0.351134	0.194233	0.186255	-0.963111	0.0	0.768131	-0.6395310000000001	0.0312333	0.0	-0.610122	-0.745862	-0.267287	0.0	2.65388	-0.8749959999999999	-1.30725	0.347323	
0	0.177724	0.161604	-0.970721	0.0	0.9355389999999999	0.278238	0.21760300000000002	0.0	0.305257	-0.9468200000000001	-0.101737	0.0	-3.40456	-0.280159	-0.997433	0.351134	0.194233	0.186255	-0.963111	0.0	0.768131	-0.6395310000000001	0.0312332	0.0	-0.610122	-0.745862	-0.267287	0.0	2.65388	-0.8749959999999999	-1.30725	0.347323	
0	0.177724	0.161604	-0.970721	0.0	0.9355389999999999	0.278237	0.21760300000000002	0.0	0.305257	-0.9468200000000001	-0.101738	0.0	-3.40456	-0.28015999999999996	-0.997433	0.351134	0.194234	0.186255	-0.963111	0.0	0.768131	-0.6395310000000001	0.0312334	0.0	-0.610122	-0.745862	-0.267287	0.0	2.65388	-0.8749959999999999	-1.30725	0.347323	
0	0.177724	0.161604	-0.970721	0.0	0.9355389999999999	0.278237	0.21760300000000002	0.0	0.30525599999999997	-0.9468200000000001	-0.101738	0.0	-3.40456	-0.280159	-0.997434	0.351134	0.194234	0.186255	-0.963111	0.0	0.768131	-0.6395310000000001	0.0312333	0.0	-0.610122	-0.745862	-0.267286	0.0	2.65388	-0.8749959999999999	-1.30725	0.34732399999999997	
0	0.177724	0.161604	-0.970721	0.0	0.9355389999999999	0.278238	0.21760300000000002	0.0	0.30525599999999997	-0.9468200000000001	-0.101737	0.0	-3.40456	-0.280159	-0.997433	0.351134	0.194234	0.186255	-0.963111	0.0	0.768131	-0.6395310000000001	0.0312333	0.0	-0.610122	-0.745862	-0.267287	0.0	2.65388	-0.8749959999999999	-1.30725	0.347323	
0	0.177724	0.161604	-0.970721	0.0	0.9355389999999999	0.278238	0.21760300000000002	0.0	0.30525599999999997	-0.9468200000000001	-0.101737	0.0	-3.40456	-0.28015999999999996	-0.997434	0.351134	0.194234	0.186255	-0.963111	0.0	0.768131	-0.6395310000000001	0.0312334	0.0	-0.610122	-0.745862	-0.267287	0.0	2.65388	-0.8749959999999999	-1.30725	0.347323	
0	0.177724	0.161604	-0.970721	0.0	0.9355389999999999	0.278238	0.21760300000000002	0.0	0.30525599999999997	-0.9468200000000001	-0.101737	0.0	-3.40456	-0.280159	-0.997434	0.351134	0.194233	0.186255	-0.963111	0.0	0.768131	-0.6395310000000001	0.0312332	0.0	-0.610122	-0.745862	-0.267287	0.0	2.65388	-0.8749959999999999	-1.30725	0.347323	
0	0.177724	0.161604	-0.970721	0.0	0.9355389999999999	0.278237	0.21760300000000002	0.0	0.305257	-0.9468200000000001	-0.101738	0.0	-3.40456	-0.28015999999999996	-0.997433	0.351134	0.194234	0.186255	-0.963111	0.0	0.768131	-0.6395310000000001	0.0312334	0.0	-0.610122	-0.745862	-0.267287	0.0	2.65388	-0.8749959999999999	-1.30725	0.347323	
0	0.177724	0.161604	-0.970721	0.0	0.9355389999999999	0.278238	0.21760300000000002	0.0	0.30525599999999997	-0.9468200000000001	-0.101737	0.0	-3.40456	-0.28015999999999996	-0.997433	0.351134	0.194234	0.186255	-0.963111	0.0	0.768131	-0.6395310000000001	0.0312333	0.0	-0.610122	-0.745862	-0.267287	0.0	2.65388	-0.8749959999999999	-1.30725	0.347323	
0	0.177724	0.161604	-0.970721	0.0	0.9355389999999999	0.278238	0.21760300000000002	0.0	0.30525599999999997	-0.9468200000000001	-0.101737	0.0	-3.40456	-0.28015999999999996	-0.997433	0.351134	0.194234	0.186255	-0.963111	0.0	0.768131	-0.6395310000000001	0.0312333	0.0	-0.610122	-0.745862	-0.267286	0.0	2.65388	-0.8749959999999999	-1.30725	0.34732399999999997	
0	0.177724	0.161604	-0.970721	0.0	0.9355389999999999	0.278237	0.21760300000000002	0.0	0.30525599999999997	-0.9468200000000001	-0.101737	0.0	-3.40456	-0.28015999999999996	-0.997434	0.351134	0.194234	0.186255	-0.963111	0.0	0.768131	-0.6395310000000001	0.0312333	0.0	-0.610122	-0.745862	-0.267286	0.0	2.65388	-0.8749959999999999	-1.30725	0.347323	
0	0.177724	0.161604	-0.970721	0.0	0.9355389999999999	0.278237	0.21760300000000002	0.0	0.30525599999999997	-0.9468200000000001	-0.101737	0.0	-3.40456	-0.280159	-0.997433	0.351134	0.194233	0.186255	-0.963111	0.0	0.768131	-0.6395310000000001	0.0312333	0.0	-0.610122	-0.745862	-0.267287	0.0	2.65388	-0.8749950000000001	-1.30725	0.347323	
0	0.177724	0.161604	-0.970721	0.0	0.9355389999999999	0.278237	0.21760300000000002	0.0	0.30525599999999997	-0.9468200000000001	-0.101737	0.0	-3.40456	-0.28015999999999996	-0.997433	0.351134	0.194234	0.186255	-0.963111	0.0	0.768131	-0.6395310000000001	0.0312333	0.0	-0.610122	-0.745862	-0.267286	0.0	2.65388	-0.8749950000000001	-1.30725	0.347323	
0	0.177724	0.161604	-0.970721	0.0	0.9355389999999999	0.278237	0.21760300000000002	0.0	0.30525599999999997	-0.9468200000000001	-0.101737	0.0	-3.40456	-0.280159	-0.997434	0.351134	0.194234	0.186255	-0.963111	0.0	0.768131	-0.6395310000000001	0.0312334	0.0	-0.610122	-0.745862	-0.267287	0.0	2.65388	-0.8749959999999999	-1.30725	0.347323	
0	0.177724	0.161604	-0.970721	0.0	0.9355389999999999	0.278237	0.21760300000000002	0.0	0.30525599999999997	-0.9468200000000001	-0.101738	0.0	-3.40456	-0.280159	-0.997434	0.351134	0.194234	0.186255	-0.963111	0.0	0.768131	-0.6395310000000001	0.0312333	0.0	-0.610122	-0.745862	-0.267287	0.0	2.65388	-0.8749959999999999	-1.30725	0.347323	
0	0.177724	0.161604	-0.970721	0.0	0.9355389999999999	0.278237	0.21760300000000002	0.0	0.30525599999999997	-0.9468200000000001	-0.101738	0.0	-3.40456	-0.280159	-0.997433	0.351134	0.194234	0.186255	-0.963111	0.0	0.768131	-0.6395310000000001	0.0312333	0.0	-0.610122	-0.745862	-0.267287	0.0	2.65388	-0.8749950000000001	-1.30725	0.347323	
0	0.177724	0.161604	-0.970721	0.0	0.9355389999999999	0.278237	0.21760300000000002	0.0	0.30525599999999997	-0.9468200000000001	-0.101738	0.0	-3.40456	-0.280159	-0.997434	0.351134	0.194234	0.186255	-0.963111	0.0	0.768131	-0.6395310000000001	0.0312333	0.0	-0.610122	-0.745862	-0.267287	0.0	2.65388	-0.8749959999999999	-1.30725	0.347323	
0	0.177724	0.161604	-0.970721	0.0	0.9355389999999999	0.278237	0.21760300000000002	0.0	0.30525599999999997	-0.9468200000000001	-0.101738	0.0	-3.40456	-0.28015999999999996	-0.997434	0.351134	0.194234	0.186255	-0.963111	0.0	0.768131	-0.6395310000000001	0.0312333	0.0	-0.610122	-0.745862	-0.267287	0.0	2.65388	-0.8749950000000001	-1.30725	0.347323	
0	0.177724	0.161604	-0.970721	0.0	0.9355389999999999	0.278237	0.21760300000000002	0.0	0.30525599999999997	-0.9468200000000001	-0.101738	0.0	-3.40456	-0.280159	-0.997433	0.351134	0.194234	0.186255	-0.963111	0.0	0.768131	-0.6395310000000001	0.0312333	0.0	-0.610122	-0.745862	-0.267286	0.0	2.65388	-0.8749959999999999	-1.30725	0.347323	
0	0.177724	0.161604	-0.970721	0.0	0.9355389999999999	0.278237	0.21760300000000002	0.0	0.30525599999999997	-0.9468200000000001	-0.101738	0.0	-3.40456	-0.28015999999999996	-0.997434	0.351134	0.194234	0.186255	-0.963111	0.0	0.768131	-0.6395310000000001	0.0312333	0.0	-0.610122	-0.745861	-0.267286	0.0	2.65388	-0.8749959999999999	-1.30725	0.347323	
0	0.177724	0.161604	-0.970721	0.0	0.9355389999999999	0.278237	0.21760300000000002	0.0	0.30525599999999997	-0.9468200000000001	-0.101738	0.0	-3.40456	-0.28015999999999996	-0.997434	0.351134	0.194233	0.186255	-0.963111	0.0	0.768131	-0.6395310000000001	0.0312333	0.0	-0.610122	-0.745862	-0.267287	0.0	2.65388	-0.8749959999999999	-1.30725	0.34732399999999997	
0	0.177724	0.161604	-0.970721	0.0	0.9355389999999999	0.278237	0.21760300000000002	0.0	0.30525599999999997	-0.9468200000000001	-0.101738	0.0	-3.40456	-0.28015999999999996	-0.997434	0.351134	0.194234	0.186255	-0.963111	0.0	0.768131	-0.6395310000000001	0.0312334	0.0	-0.610122	-0.745862	-0.267286	0.0	2.65388	-0.8749950000000001	-1.30725	0.347323	
0	0.177724	0.161604	-0.970721	0.0	0.9355389999999999	0.278237	0.21760300000000002	0.0	0.30525599999999997	-0.9468200000000001	-0.101738	0.0	-3.40456	-0.280159	-0.997434	0.351134	0.194233	0.186255	-0.963111	0.0	0.768131	-0.6395310000000001	0.0312333	0.0	-0.610122	-0.745862	-0.267287	0.0	2.65388	-0.8749959999999999	-1.30725	0.347323	
0	0.09074689999999999	0.41963	-0.903148	0.0	0.8822469999999999	0.386806	0.268369	0.0	0.461959	-0.821153	-0.335115	0.0	-3.4019699999999995	-0.416425	-1.07588	0.352149	-0.036183099999999996	0.52531	-0.850141	0.0	0.834608	-0.45201199999999997	-0.314824	0.0	-0.549654	-0.7209260000000001	-0.422073	0.0	2.56051	-0.893026	-1.3322100000000001	0.348985	
0	0.10263900000000001	0.398988	-0.9111940000000001	0.0	0.889608	0.373019	0.26354299999999997	0.0	0.445043	-0.8376540000000001	-0.316657	0.0	-3.32586	-0.674937	-1.2193200000000002	0.351693	-0.0327291	0.524638	-0.8506959999999999	0.0	0.831609	-0.45783500000000005	-0.314348	0.0	-0.554397	-0.717735	-0.421309	0.0	2.464	-0.989027	-1.3831799999999999	0.348985	
0	0.10500999999999999	0.348098	-0.931558	0.0	0.9028719999999999	0.359313	0.236042	0.0	0.416887	-0.865865	-0.27655599999999997	0.0	-3.20697	-1.05793	-1.38006	0.350594	-0.060155600000000004	0.533317	-0.843773	0.0	0.829593	-0.443384	-0.339391	0.0	-0.5551189999999999	-0.7204050000000001	-0.415764	0.0	2.3328900000000004	-1.09778	-1.46389	0.348854	
0	0.12323900000000002	0.312171	-0.941999	0.0	0.9098809999999999	0.343376	0.232829	0.0	0.396142	-0.8858	-0.241722	0.0	-3.10129	-1.4110200000000002	-1.49927	0.3513	-0.0780487	0.534103	-0.841809	0.0	0.8292379999999999	-0.433949	-0.352211	0.0	-0.553419	-0.72555	-0.40903	0.0	2.19359	-1.18004	-1.58555	0.349166	
0	0.138849	0.277663	-0.950592	0.0	0.9150299999999999	0.33113000000000004	0.23037600000000003	0.0	0.378736	-0.901807	-0.20809299999999997	0.0	-2.98759	-1.6831599999999998	-1.6201299999999998	0.351194	-0.0965794	0.536607	-0.8382870000000001	0.0	0.822688	-0.431017	-0.370686	0.0	-0.560229	-0.72545	-0.399833	0.0	2.05361	-1.24524	-1.68098	0.349371	
0	0.164983	0.23832199999999998	-0.9570700000000001	0.0	0.9218280000000001	0.30780799999999997	0.235556	0.0	0.350733	-0.921117	-0.168909	0.0	-2.84497	-1.9851299999999998	-1.75606	0.35102300000000003	-0.113851	0.535442	-0.8368629999999999	0.0	0.81203	-0.435162	-0.388898	0.0	-0.572403	-0.723834	-0.385252	0.0	1.8762599999999998	-1.34255	-1.80647	0.349472	
0	0.17413299999999998	0.186594	-0.966882	0.0	0.939859	0.261502	0.219732	0.0	0.29384299999999997	-0.946995	-0.12983599999999998	0.0	-2.70329	-2.26962	-1.88323	0.350698	-0.12631900000000001	0.5322979999999999	-0.8370799999999999	0.0	0.798845	-0.445705	-0.403973	0.0	-0.588125	-0.719726	-0.36892199999999997	0.0	1.69977	-1.44201	-1.9397900000000001	0.34968	
0	0.175775	0.162253	-0.970967	0.0	0.949569	0.232212	0.21070500000000003	0.0	0.259658	-0.959037	-0.11325299999999999	0.0	-2.63941	-2.36437	-1.92915	0.350697	-0.128871	0.530732	-0.837685	0.0	0.793007	-0.452049	-0.408402	0.0	-0.595426	-0.716921	-0.362619	0.0	1.63099	-1.48404	-1.9959	0.349605	
0	0.19939500000000002	0.107494	-0.9740059999999999	0.0	0.971775	0.10619100000000001	0.21065799999999998	0.0	0.126075	-0.988519	-0.08328580000000001	0.0	-2.51686	-2.4193	-1.9825599999999999	0.350113	-0.13331500000000002	0.519838	-0.843799	0.0	0.780834	-0.469237	-0.41244899999999995	0.0	-0.610348	-0.713852	-0.343351	0.0	1.4541600000000001	-1.58303	-2.09463	0.349465	
0	0.22581500000000002	0.068913	-0.97173	0.0	0.973792	0.0118367	0.227134	0.0	0.0271545	-0.997552	-0.0644339	0.0	-2.44508	-2.44145	-2.01971	0.348833	-0.137534	0.515674	-0.8456739999999999	0.0	0.776363	-0.474077	-0.41534399999999994	0.0	-0.615097	-0.713675	-0.335149	0.0	1.38632	-1.63405	-2.1097799999999998	0.3494	
0	0.23781999999999998	0.0318437	-0.9707870000000001	0.0	0.9708200000000001	-0.039516	0.23653200000000002	0.0	-0.030829400000000003	-0.998712	-0.0403123	0.0	-2.45665	-2.45755	-2.1221799999999997	0.34822800000000004	-0.143064	0.518382	-0.843097	0.0	0.774993	-0.47114799999999996	-0.421195	0.0	-0.615563	-0.713653	-0.334339	0.0	1.3789799999999999	-1.67796	-2.11993	0.34933600000000004	
0	0.230221	0.00197783	-0.973137	0.0	0.970831	-0.0692885	0.229535	0.0	-0.066973	-0.9975950000000001	-0.017871900000000003	0.0	-2.61552	-2.4818700000000002	-2.25687	0.351484	-0.14671700000000001	0.520405	-0.8412209999999999	0.0	0.775459	-0.46746099999999996	-0.424433	0.0	-0.614115	-0.714604	-0.334968	0.0	1.39657	-1.72835	-2.14173	0.34937199999999996	
0	0.223373	-0.0114755	-0.974666	0.0	0.969108	-0.10465799999999999	0.223331	0.0	-0.10456900000000001	-0.994442	-0.012256900000000001	0.0	-2.80317	-2.33888	-2.30176	0.351337	-0.147137	0.52269	-0.83973	0.0	0.77456	-0.467102	-0.426465	0.0	-0.615149	-0.71317	-0.336127	0.0	1.41514	-1.75387	-2.15978	0.34935700000000003	
0	0.22679699999999997	-0.0214632	-0.973706	0.0	0.966923	-0.114849	0.22774899999999998	0.0	-0.116717	-0.993151	-0.00529447	0.0	-2.89601	-2.26428	-2.2957	0.351457	-0.147312	0.523883	-0.8389559999999999	0.0	0.774038	-0.46699700000000005	-0.42752700000000005	0.0	-0.615764	-0.712363	-0.33671100000000004	0.0	1.42324	-1.76469	-2.16635	0.34942199999999995	
0	0.21170999999999998	-0.0517753	-0.97596	0.0	0.969691	-0.113506	0.216371	0.0	-0.12197999999999999	-0.992187	0.0261755	0.0	-3.2355	-2.05107	-2.25209	0.35139000000000004	-0.145306	0.524813	-0.838724	0.0	0.7691680000000001	-0.47328100000000006	-0.42940100000000003	0.0	-0.6223069999999999	-0.7075140000000001	-0.334899	0.0	1.40446	-1.7917900000000002	-2.15568	0.349553	
0	0.190379	-0.05547390000000001	-0.980142	0.0	0.9750059999999999	-0.105805	0.19537000000000002	0.0	-0.114542	-0.9928379999999999	0.033944300000000004	0.0	-3.40467	-1.93222	-2.2010099999999997	0.35157	-0.143507	0.5246850000000001	-0.8391129999999999	0.0	0.764877	-0.479231	-0.430467	0.0	-0.627989	-0.703593	-0.332547	0.0	1.36901	-1.80603	-2.14359	0.349571	
0	0.19526500000000002	-0.042630400000000006	-0.979824	0.0	0.975927	-0.0905192	0.198427	0.0	-0.0971517	-0.9949819999999999	0.023928900000000003	0.0	-3.4859699999999996	-1.88325	-2.15731	0.351404	-0.14222	0.520821	-0.841735	0.0	0.760945	-0.48632200000000003	-0.42948000000000003	0.0	-0.633037	-0.701595	-0.327152	0.0	1.33854	-1.8155	-2.14217	0.349602	
0	0.191884	-0.0468057	-0.980301	0.0	0.97849	-0.06797339999999999	0.194775	0.0	-0.075751	-0.996589	0.032755900000000004	0.0	-3.54705	-1.95105	-2.11555	0.351488	-0.141163	0.517658	-0.8438620000000001	0.0	0.759965	-0.48961000000000005	-0.427475	0.0	-0.6344489999999999	-0.701649	-0.324287	0.0	1.30128	-1.8287900000000001	-2.14978	0.349581	
0	0.19983099999999998	-0.061310500000000004	-0.9779100000000001	0.0	0.9790270000000001	-0.0279212	0.20181	0.0	-0.0396774	-0.9977280000000001	0.05444500000000001	0.0	-3.57166	-2.13361	-2.01274	0.351094	-0.141095	0.5115529999999999	-0.8475879999999999	0.0	0.757875	-0.49503400000000003	-0.424933	0.0	-0.6369600000000001	-0.702321	-0.317847	0.0	1.25847	-1.8447900000000002	-2.15889	0.349546	
0	0.197435	-0.0637416	-0.978241	0.0	0.9802870000000001	0.00513825	0.19751300000000002	0.0	-0.00756338	-0.9979530000000001	0.0634996	0.0	-3.53966	-2.30071	-1.9851299999999998	0.351198	-0.141093	0.509228	-0.848987	0.0	0.7587619999999999	-0.495216	-0.423133	0.0	-0.635904	-0.7038800000000001	-0.316511	0.0	1.24475	-1.84864	-2.16247	0.349594	
0	0.193459	-0.06872819999999999	-0.978698	0.0	0.98103	0.026139	0.192084	0.0	0.0123807	-0.997293	0.0724812	0.0	-3.48044	-2.5117700000000003	-1.99744	0.35149600000000003	-0.141394	0.507051	-0.850239	0.0	0.758342	-0.49659899999999996	-0.42226499999999995	0.0	-0.636338	-0.7044779999999999	-0.314302	0.0	1.23282	-1.8532400000000002	-2.15599	0.34963099999999997	
0	0.179008	-0.07117430000000001	-0.9812700000000001	0.0	0.982669	0.0617388	0.174785	0.0	0.0481421	-0.9955510000000001	0.0809926	0.0	-3.4239699999999997	-2.73031	-2.0409900000000003	0.351261	-0.14311	0.5080899999999999	-0.849332	0.0	0.7592260000000001	-0.494154	-0.42354200000000003	0.0	-0.634898	-0.705447	-0.315037	0.0	1.2266700000000001	-1.8539700000000001	-2.15475	0.349538	
0	0.17919300000000002	-0.0725177	-0.981138	0.0	0.982384	0.0669358	0.174474	0.0	0.0530209	-0.9951190000000001	0.0832346	0.0	-3.3617	-2.90884	-2.0869999999999997	0.351261	-0.146559	0.5118	-0.846511	0.0	0.760652	-0.48877600000000004	-0.427208	0.0	-0.6324	-0.706511	-0.31766700000000003	0.0	1.22262	-1.85195	-2.13401	0.349433	
0	0.18998900000000002	-0.0606393	-0.9799120000000001	0.0	0.979858	0.0742328	0.185385	0.0	0.0615	-0.995396	0.07352130000000001	0.0	-3.30911	-3.02564	-2.13813	0.35124099999999997	-0.148635	0.5137619999999999	-0.844959	0.0	0.761054	-0.48615699999999995	-0.42947399999999997	0.0	-0.6314310000000001	-0.7068939999999999	-0.318741	0.0	1.23688	-1.87915	-2.13077	0.34926399999999996	
0	0.19067699999999999	-0.0535124	-0.980193	0.0	0.98067	0.055052699999999996	0.18776400000000001	0.0	0.043914800000000004	-0.997049	0.06297509999999999	0.0	-3.30806	-3.13024	-2.21469	0.350938	-0.148334	0.512625	-0.8457030000000001	0.0	0.7615970000000001	-0.48629799999999995	-0.42835200000000007	0.0	-0.630847	-0.707623	-0.318279	0.0	1.24831	-1.8881599999999998	-2.12353	0.34939000000000003	
0	0.196894	-0.0518952	-0.979051	0.0	0.979366	0.0568163	0.193945	0.0	0.045561300000000006	-0.997035	0.0620111	0.0	-3.3162300000000005	-3.16033	-2.2315400000000003	0.34931999999999996	-0.146847	0.510893	-0.847009	0.0	0.762175	-0.48736499999999994	-0.426105	0.0	-0.6304960000000001	-0.708141	-0.317822	0.0	1.2498799999999999	-1.8895400000000002	-2.11675	0.349143	
0	0.20214000000000001	-0.0503582	-0.9780610000000001	0.0	0.978683	0.047422399999999997	0.199827	0.0	0.036319	-0.997605	0.0588707	0.0	-3.31671	-3.24725	-2.27526	0.34911	-0.14472100000000002	0.508446	-0.8488450000000001	0.0	0.760935	-0.491175	-0.42394	0.0	-0.632482	-0.7072689999999999	-0.315811	0.0	1.25004	-1.8934799999999998	-2.11387	0.349181	
0	0.208654	-0.046082099999999994	-0.9769030000000001	0.0	0.977409	0.0442331	0.206675	0.0	0.0336874	-0.997958	0.054270500000000006	0.0	-3.31365	-3.3370699999999998	-2.32564	0.347937	-0.143704	0.506907	-0.849938	0.0	0.76045	-0.49305	-0.42263100000000003	0.0	-0.633297	-0.707069	-0.314625	0.0	1.25264	-1.89753	-2.11267	0.34904	
0	0.21609899999999999	-0.0482787	-0.9751770000000001	0.0	0.9760540000000001	0.0361406	0.214504	0.0	0.0248876	-0.99818	0.0549325	0.0	-3.30425	-3.3452	-2.33724	0.34746900000000003	-0.143546	0.505095	-0.851043	0.0	0.760203	-0.494313	-0.421599	0.0	-0.633629	-0.707484	-0.31301799999999996	0.0	1.2570000000000001	-1.89877	-2.10068	0.349041	
0	0.229156	-0.047933800000000006	-0.972209	0.0	0.9730139999999999	0.0390241	0.22742199999999999	0.0	0.027038299999999998	-0.998088	0.055582900000000005	0.0	-3.30248	-3.37899	-2.35025	0.346075	-0.143715	0.5049779999999999	-0.8510840000000001	0.0	0.760942	-0.49345200000000006	-0.42127600000000004	0.0	-0.632704	-0.7081689999999999	-0.313342	0.0	1.25771	-1.8959	-2.07252	0.34898	
0	0.2474	-0.0516239	-0.9675370000000001	0.0	0.968592	0.0388929	0.24559499999999998	0.0	0.0249518	-0.997909	0.0596246	0.0	-3.29927	-3.39875	-2.3649	0.346602	-0.14415799999999998	0.506123	-0.8503290000000001	0.0	0.760972	-0.492604	-0.422212	0.0	-0.632566	-0.7079409999999999	-0.314132	0.0	1.2685	-1.9113900000000001	-2.0495900000000002	0.348835	
0	0.25959899999999997	-0.0493346	-0.964456	0.0	0.965501	0.0343419	0.25812399999999996	0.0	0.0203868	-0.998192	0.0565477	0.0	-3.29385	-3.4159800000000002	-2.36987	0.346227	-0.144479	0.50673	-0.8499120000000001	0.0	0.760518	-0.49263199999999996	-0.422997	0.0	-0.633039	-0.707487	-0.314202	0.0	1.2709	-1.92612	-2.03441	0.348926	
0	0.314494	-0.065884	-0.9469700000000001	0.0	0.9490290000000001	-0.000154465	0.315188	0.0	-0.0209121	-0.997827	0.0624772	0.0	-3.24548	-3.57427	-2.43486	0.3427	-0.14483900000000002	0.507271	-0.8495280000000001	0.0	0.759753	-0.493016	-0.42392299999999994	0.0	-0.633875	-0.706832	-0.31399299999999997	0.0	1.27235	-1.94225	-2.0144	0.348837	
0	0.354978	-0.0859532	-0.9309149999999999	0.0	0.933874	-0.0134537	0.35734899999999997	0.0	-0.0432394	-0.996208	0.0754937	0.0	-3.21782	-3.6387099999999997	-2.48495	0.345112	-0.14483800000000002	0.506881	-0.8497610000000001	0.0	0.759258	-0.493763	-0.423941	0.0	-0.634468	-0.7065899999999999	-0.313338	0.0	1.26955	-1.945	-2.00916	0.348837	
0	0.388689	-0.09901130000000001	-0.916034	0.0	0.9198040000000001	-0.0162222	0.392042	0.0	-0.053676800000000004	-0.9949540000000001	0.08476560000000001	0.0	-3.20712	-3.6378800000000004	-2.50448	0.345884	-0.145515	0.507328	-0.8493780000000001	0.0	0.758231	-0.494305	-0.425145	0.0	-0.63554	-0.70589	-0.312743	0.0	1.2658	-1.94592	-2.00828	0.348871	
0	0.426679	-0.11096800000000001	-0.8975700000000001	0.0	0.901805	-0.0229678	0.43153199999999997	0.0	-0.06850110000000001	-0.993559	0.0902711	0.0	-3.19164	-3.63606	-2.52292	0.34610100000000005	-0.145755	0.507221	-0.849402	0.0	0.756289	-0.49637700000000007	-0.42618900000000004	0.0	-0.637795	-0.704512	-0.311256	0.0	1.25759	-1.94911	-2.0074799999999997	0.34883000000000003	
0	0.49465600000000004	-0.130885	-0.8591770000000001	0.0	0.8655379999999999	-0.015077200000000002	0.500616	0.0	-0.07847689999999999	-0.991283	0.10582799999999999	0.0	-3.18424	-3.6412	-2.56395	0.35490900000000003	-0.14568	0.506123	-0.8500690000000001	0.0	0.754739	-0.49867799999999995	-0.42625100000000005	0.0	-0.639646	-0.703676	-0.309344	0.0	1.24328	-1.95665	-2.00715	0.34901	
0	0.505188	-0.134706	-0.852432	0.0	0.858621	-0.0210299	0.512179	0.0	-0.0869204	-0.990662	0.105038	0.0	-3.1817599999999997	-3.64114	-2.5697799999999997	0.357862	-0.145034	0.506402	-0.8500129999999999	0.0	0.754875	-0.498745	-0.425932	0.0	-0.639632	-0.7034279999999999	-0.309936	0.0	1.24281	-1.95687	-2.00601	0.348769	
0	0.5213810000000001	-0.15440299999999998	-0.839239	0.0	0.847658	-0.0194345	0.530187	0.0	-0.0981728	-0.9878170000000001	0.12074800000000001	0.0	-3.17544	-3.64394	-2.59101	0.358617	-0.145571	0.507274	-0.8494010000000001	0.0	0.754738	-0.498162	-0.426856	0.0	-0.639672	-0.703213	-0.310341	0.0	1.24466	-1.96285	-2.00696	0.348719	
0	0.521976	-0.16003199999999998	-0.8378129999999999	0.0	0.846944	-0.0192117	0.531334	0.0	-0.101126	-0.986925	0.12550999999999998	0.0	-3.17371	-3.6448099999999997	-2.59585	0.35743800000000003	-0.145625	0.50735	-0.849347	0.0	0.75466	-0.498179	-0.42697299999999994	0.0	-0.6397510000000001	-0.703146	-0.310329	0.0	1.24621	-1.96469	-2.00878	0.348674	
0	0.48704200000000003	-0.199977	-0.850176	0.0	0.863207	-0.0379157	0.503425	0.0	-0.132909	-0.979067	0.154155	0.0	-3.1522900000000003	-3.6031800000000005	-2.57928	0.12819	-0.146537	0.507141	-0.8493149999999999	0.0	0.75278	-0.499842	-0.428346	0.0	-0.641755	-0.702116	-0.30851999999999996	0.0	1.25265	-1.97669	-2.01072	0.348775	
0	0.47793100000000005	-0.196696	-0.8560909999999999	0.0	0.871959	-0.0115426	0.489442	0.0	-0.106153	-0.980397	0.165994	0.0	-3.15666	-3.60181	-2.57606	0.127879	-0.146285	0.507776	-0.848979	0.0	0.7528819999999999	-0.49955	-0.428508	0.0	-0.6416930000000001	-0.701864	-0.309219	0.0	1.24642	-1.9797099999999999	-2.0077	0.348762	
0	0.474541	-0.194894	-0.8583860000000001	0.0	0.874015	-0.011384700000000001	0.485766	0.0	-0.10444500000000001	-0.980758	0.164938	0.0	-3.15835	-3.60103	-2.57433	0.128066	-0.146226	0.507645	-0.849067	0.0	0.752602	-0.499953	-0.42852799999999996	0.0	-0.642034	-0.7016720000000001	-0.308949	0.0	1.24571	-1.9819099999999998	-2.00707	0.348812	
0	0.442254	-0.195328	-0.8753620000000001	0.0	0.892451	-0.00114661	0.45114399999999993	0.0	-0.08912460000000001	-0.9807370000000001	0.17381300000000002	0.0	-3.1756900000000003	-3.59939	-2.58776	0.12746400000000002	-0.14613800000000002	0.5079229999999999	-0.848916	0.0	0.751484	-0.5010819999999999	-0.42917299999999997	0.0	-0.643363	-0.700665	-0.308469	0.0	1.24221	-1.9825099999999998	-2.0089900000000003	0.34879099999999996	
0	0.43523599999999996	-0.183145	-0.881492	0.0	0.897252	0.007515999999999999	0.44145500000000004	0.0	-0.0742249	-0.983057	0.167598	0.0	-3.18934	-3.59628	-2.58352	0.127695	-0.145843	0.507941	-0.8489559999999999	0.0	0.7509999999999999	-0.501762	-0.429225	0.0	-0.643994	-0.7001649999999999	-0.308286	0.0	1.2404899999999999	-1.9812	-2.0079700000000003	0.34873699999999996	
0	0.43016099999999996	-0.181488	-0.8843209999999999	0.0	0.900332	0.0145618	0.43496	0.0	-0.0660625	-0.9832860000000001	0.169663	0.0	-3.1945099999999997	-3.59571	-2.58525	0.127647	-0.145419	0.507918	-0.849042	0.0	0.750775	-0.50225	-0.429047	0.0	-0.644352	-0.699832	-0.308296	0.0	1.2395399999999999	-1.982	-2.00752	0.34885	
0	0.419465	-0.16229200000000002	-0.8931459999999999	0.0	0.9071610000000001	0.0388589	0.41898599999999997	0.0	-0.0332914	-0.985977	0.163525	0.0	-3.22243	-3.5919199999999996	-2.5788599999999997	0.127498	-0.145926	0.507653	-0.8491129999999999	0.0	0.751109	-0.501743	-0.42905600000000005	0.0	-0.643848	-0.700387	-0.308086	0.0	1.2353	-1.98585	-2.00946	0.348869	
0	0.41539799999999993	-0.153129	-0.896658	0.0	0.909085	0.0354716	0.41509700000000005	0.0	-0.0317577	-0.987569	0.153942	0.0	-3.22591	-3.5906	-2.56557	0.127262	-0.145922	0.5072979999999999	-0.849326	0.0	0.751678	-0.501305	-0.428572	0.0	-0.643185	-0.700958	-0.308174	0.0	1.23326	-1.9834200000000002	-2.00768	0.34873699999999996	
0	0.412523	-0.14575	-0.8992120000000001	0.0	0.909853	0.0175571	0.414559	0.0	-0.0446347	-0.989166	0.139854	0.0	-3.22971	-3.58241	-2.54041	0.127476	-0.14582799999999999	0.506652	-0.849728	0.0	0.751675	-0.501686	-0.42813100000000004	0.0	-0.6432100000000001	-0.701153	-0.307677	0.0	1.2334100000000001	-1.98343	-2.00733	0.34876399999999996	
0	0.415759	-0.14463399999999998	-0.8979010000000001	0.0	0.907848	0.006972399999999999	0.419242	0.0	-0.054376	-0.989461	0.134204	0.0	-3.3437099999999997	-3.57924	-2.41215	0.127529	-0.145744	0.5070399999999999	-0.849511	0.0	0.751339	-0.5019020000000001	-0.428467	0.0	-0.643621	-0.7007180000000001	-0.30781	0.0	1.23365	-1.9808	-2.00791	0.34879699999999997	
0	0.41348900000000005	-0.126735	-0.901646	0.0	0.909099	0.00236845	0.416574	0.0	-0.0506591	-0.991934	0.116194	0.0	-3.5487900000000003	-3.3851	-2.3772	0.12744	-0.14330199999999998	0.507704	-0.8495299999999999	0.0	0.747684	-0.506853	-0.42903199999999997	0.0	-0.648408	-0.696661	-0.30696999999999997	0.0	1.2331	-1.9826	-2.0129900000000003	0.348734	
0	0.411264	-0.10921700000000001	-0.90495	0.0	0.909407	-0.0183417	0.41550299999999996	0.0	-0.0619783	-0.993849	0.0917794	0.0	-3.54829	-3.06599	-2.3656200000000003	0.127443	-0.14161500000000002	0.5062220000000001	-0.8506969999999999	0.0	0.741971	-0.514595	-0.429734	0.0	-0.655305	-0.692049	-0.302728	0.0	1.19959	-1.98607	-2.01818	0.34901	
0	0.412637	-0.09743310000000001	-0.9056690000000001	0.0	0.908608	-0.0263841	0.416815	0.0	-0.0645068	-0.994892	0.0776414	0.0	-3.5468699999999997	-2.9412700000000003	-2.35949	0.127776	-0.141905	0.505735	-0.850938	0.0	0.739599	-0.517184	-0.430713	0.0	-0.657918	-0.690473	-0.30065	0.0	1.1799899999999999	-1.99368	-2.01938	0.348964	
