3	-0.315292	0.476638	-0.820614	0.0	-0.303448	0.7686850000000001	0.563066	0.0	0.899172	0.426543	-0.09772560000000001	0.0	-2.63203	1.89983	1.31269	-0.00932837	-0.593132	0.516197	-0.617846	0.0	0.750516	0.07673769999999999	-0.656382	0.0	-0.29141100000000003	-0.853025	-0.43293000000000004	0.0	2.66032	2.0	1.53809	0.0	
3	-0.334284	0.48766800000000005	-0.806495	0.0	-0.289614	0.761167	0.5803010000000001	0.0	0.8968709999999999	0.427558	-0.11320999999999999	0.0	-2.63301	1.8232700000000002	1.26524	-0.00157189	-0.593133	0.516197	-0.617847	0.0	0.750544	0.0768207	-0.6563399999999999	0.0	-0.291337	-0.853018	-0.43299399999999993	0.0	2.66032	2.0	1.53809	0.0	
3	-0.294299	0.454217	-0.8408770000000001	0.0	-0.248627	0.8131619999999999	0.526263	0.0	0.9228069999999999	0.36394299999999996	-0.126383	0.0	-2.6505900000000002	1.78424	1.2170299999999998	0.311757	-0.593133	0.516197	-0.617847	0.0	0.750588	0.0769485	-0.656275	0.0	-0.291225	-0.8530059999999999	-0.43309200000000003	0.0	2.66032	2.0	1.53809	0.0	
3	-0.22978099999999999	0.435672	-0.870282	0.0	-0.0759614	0.883453	0.462322	0.0	0.9702729999999999	0.17234100000000002	-0.169906	0.0	-2.59268	1.67861	1.2975299999999999	0.34034899999999996	-0.593133	0.516197	-0.617846	0.0	0.750629	0.0770686	-0.6562140000000001	0.0	-0.291119	-0.8529950000000001	-0.43318500000000004	0.0	2.66032	2.0	1.53809	0.0	
3	-0.194243	0.437518	-0.8779790000000001	0.0	0.039756599999999996	0.897802	0.438601	0.0	0.9801479999999999	0.0502896	-0.19178599999999998	0.0	-2.56806	1.51404	1.34542	0.35517600000000005	-0.593133	0.516197	-0.617847	0.0	0.75067	0.077189	-0.656153	0.0	-0.291013	-0.852984	-0.433277	0.0	2.66032	2.0	1.53809	0.0	
3	-0.184616	0.420336	-0.888389	0.0	0.0210824	0.9054120000000001	0.42401000000000005	0.0	0.982585	0.0595495	-0.176015	0.0	-2.47675	1.42979	1.30873	0.353076	-0.593133	0.516197	-0.617846	0.0	0.750713	0.077317	-0.656088	0.0	-0.290901	-0.852973	-0.433375	0.0	2.66032	2.0	1.53809	0.0	
3	-0.181746	0.333823	-0.924949	0.0	0.022606400000000002	0.9417840000000001	0.335457	0.0	0.983086	0.0400582	-0.17871199999999998	0.0	-2.41637	1.37258	1.28219	0.351648	-0.593133	0.516197	-0.617847	0.0	0.750757	0.077444	-0.6560239999999999	0.0	-0.29078899999999996	-0.8529610000000001	-0.43347299999999994	0.0	2.66032	2.0	1.53809	0.0	
3	-0.22715900000000003	0.30246100000000004	-0.9256979999999999	0.0	0.00468166	0.950875	0.30953800000000004	0.0	0.9738459999999999	0.0659806	-0.217416	0.0	-2.40886	1.37255	1.17025	0.353037	-0.593133	0.516197	-0.617846	0.0	0.750796	0.07755930000000001	-0.6559649999999999	0.0	-0.290687	-0.852951	-0.433562	0.0	2.66032	2.0	1.53809	0.0	
3	-0.209419	0.38159299999999996	-0.9002950000000001	0.0	0.016364	0.921949	0.386965	0.0	0.9776889999999999	0.0663053	-0.199318	0.0	-2.4077	1.3202200000000002	1.12896	0.332982	-0.593133	0.516197	-0.617847	0.0	0.750838	0.0776809	-0.655903	0.0	-0.29058	-0.8529399999999999	-0.43365600000000004	0.0	2.66032	2.0	1.53809	0.0	
3	-0.0727066	0.484947	-0.871516	0.0	0.0206926	0.874374	0.484811	0.0	0.9971389999999999	0.0172149	-0.0736076	0.0	-2.41013	1.07627	1.24599	-0.00856666	-0.522546	0.566515	-0.6371859999999999	0.0	0.73209	-0.08493660000000001	-0.675892	0.0	-0.43702299999999994	-0.8196629999999999	-0.370357	0.0	2.6503400000000004	1.99505	1.5455	1.1123699999999998e-05	
3	-0.0822075	0.529967	-0.844025	0.0	0.08028099999999999	0.8476600000000001	0.5244300000000001	0.0	0.9933770000000001	-0.024647099999999998	-0.11223	0.0	-2.52724	0.8829290000000001	1.2702200000000001	-3.23384e-05	-0.074273	0.51305	-0.855139	0.0	0.213646	-0.829412	-0.516171	0.0	-0.9740840000000001	-0.221034	-0.0480082	0.0	2.83359	1.81001	1.5556	-4.93526e-05	
3	-0.11350899999999998	0.506169	-0.854932	0.0	0.0944155	0.8620950000000001	0.497874	0.0	0.989041	-0.024206000000000002	-0.145645	0.0	-2.58723	0.81113	1.25301	0.0	-0.00635374	0.369148	-0.929349	0.0	0.196075	-0.910867	-0.363147	0.0	-0.980568	-0.184529	-0.0665934	0.0	2.84862	1.74373	1.4441899999999999	0.0	
3	-0.165422	0.484591	-0.858957	0.0	0.117237	0.8744430000000001	0.47075	0.0	0.9792299999999999	-0.0228292	-0.201464	0.0	-2.62712	0.8442049999999999	1.17089	0.0	0.00881439	0.418393	-0.908224	0.0	0.182507	-0.893676	-0.40992	0.0	-0.983165	-0.162144	-0.0842368	0.0	2.8018400000000003	1.6863400000000002	1.34579	0.0	
3	-0.195848	0.490321	-0.849252	0.0	0.193633	0.868308	0.45666899999999994	0.0	0.961327	-0.0750059	-0.264999	0.0	-2.6196900000000003	0.903998	0.991698	0.368601	-0.0136858	0.43160299999999996	-0.90196	0.0	0.139043	-0.892459	-0.429166	0.0	-0.990192	-0.13128499999999999	-0.0477973	0.0	2.5880099999999997	1.5966200000000002	1.21671	0.27128800000000003	
3	-0.211761	0.46557	-0.8593040000000001	0.0	0.17106400000000002	0.8833270000000001	0.43643000000000004	0.0	0.962234	-0.0545769	-0.266696	0.0	-2.5436400000000003	0.882641	0.8808959999999999	0.357687	-0.0747615	0.42016000000000003	-0.904365	0.0	0.203208	-0.8814549999999999	-0.42631499999999994	0.0	-0.9762770000000001	-0.215646	-0.019481099999999998	0.0	2.48647	1.4010200000000002	1.19706	-0.00048828099999999997	
3	-0.255864	0.41910299999999995	-0.8711409999999999	0.0	0.178782	0.906107	0.383414	0.0	0.9500370000000001	-0.0576423	-0.306768	0.0	-2.50428	0.83205	0.783738	0.35783200000000004	-0.0383217	0.424023	-0.90484	0.0	0.173301	-0.888963	-0.42392299999999994	0.0	-0.984123	-0.173056	-0.0394172	0.0	2.37487	1.28272	1.02268	0.0	
3	-0.263179	0.40983400000000003	-0.8733690000000001	0.0	0.218987	0.9070299999999999	0.359641	0.0	0.939565	-0.0966062	-0.328459	0.0	-2.48329	0.7933520000000001	0.7229260000000001	0.359478	0.0423911	0.458354	-0.887758	0.0	0.192189	-0.875704	-0.442953	0.0	-0.980442	-0.15184	-0.12521300000000002	0.0	2.27455	1.2908	0.858334	0.248797	
3	-0.268074	0.431539	-0.8613430000000001	0.0	0.266489	0.8923969999999999	0.364159	0.0	0.925808	-0.131917	-0.35422800000000004	0.0	-2.4756099999999996	0.705109	0.640405	0.359627	0.078159	0.44350100000000003	-0.89286	0.0	0.177726	-0.887452	-0.425257	0.0	-0.9809709999999999	-0.125446	-0.14818399999999998	0.0	2.14889	1.2366	0.69117	0.335276	
3	-0.233778	0.383826	-0.893323	0.0	0.337425	0.8937069999999999	0.295689	0.0	0.9118620000000001	-0.23230399999999998	-0.338441	0.0	-2.5436	0.45123800000000003	0.577851	0.360304	0.0967581	0.42714300000000005	-0.898992	0.0	0.169281	-0.897133	-0.40804	0.0	-0.980807	-0.112701	-0.15911199999999998	0.0	2.08417	1.11125	0.5838479999999999	0.33582399999999996	
3	-0.229598	0.401726	-0.886511	0.0	0.373294	0.877533	0.300978	0.0	0.898853	-0.261825	-0.35144200000000003	0.0	-2.6305099999999997	0.16862	0.46323800000000004	0.360064	0.0744597	0.433587	-0.8980299999999999	0.0	0.21222800000000003	-0.88679	-0.41056400000000004	0.0	-0.9743790000000001	-0.16001600000000002	-0.158049	0.0	2.04663	0.926665	0.5814739999999999	0.336106	
3	-0.07530189999999999	0.509925	-0.856917	0.0	0.462941	0.7790090000000001	0.42288400000000004	0.0	0.883185	-0.364858	-0.29472600000000004	0.0	-2.6776	-0.270162	0.405611	0.359346	-0.19413699999999998	0.567327	-0.8002819999999999	0.0	0.337025	-0.727572	-0.597539	0.0	-0.9212629999999999	-0.385719	-0.049955099999999995	0.0	2.10073	0.418662	0.821141	0.335989	
3	0.126058	0.579046	-0.805491	0.0	0.532984	0.6452899999999999	0.547293	0.0	0.836683	-0.49830399999999997	-0.227278	0.0	-2.78507	-0.655783	0.45509099999999997	0.358205	-0.3068	0.593729	-0.7438819999999999	0.0	0.42488100000000006	-0.613939	-0.665249	0.0	-0.851675	-0.520159	-0.0639074	0.0	2.3079400000000003	0.0708872	0.822348	0.338505	
3	0.24610700000000002	0.568366	-0.7851060000000001	0.0	0.562434	0.5759489999999999	0.593255	0.0	0.789367	-0.587575	-0.177923	0.0	-2.88588	-0.8236620000000001	0.507925	0.358802	-0.35073899999999997	0.5934520000000001	-0.724429	0.0	0.454714	-0.568336	-0.685733	0.0	-0.8186680000000001	-0.569921	-0.07051349999999999	0.0	2.43007	-0.012332700000000002	0.786243	0.33957600000000004	
3	0.353799	0.5385770000000001	-0.7646970000000001	0.0	0.614312	0.482706	0.624192	0.0	0.705299	-0.690601	-0.160073	0.0	-3.08078	-0.86285	0.413149	0.359506	-0.379668	0.591383	-0.7114199999999999	0.0	0.472772	-0.536972	-0.6986760000000001	0.0	-0.795198	-0.601604	-0.0757186	0.0	2.47213	0.029153600000000002	0.764824	0.33950199999999997	
3	0.431288	0.560992	-0.706596	0.0	0.6332979999999999	0.369571	0.679964	0.0	0.642592	-0.740746	-0.195883	0.0	-3.2904699999999996	-0.8838010000000001	0.090686	0.361875	-0.387309	0.587882	-0.710202	0.0	0.46943999999999997	-0.537237	-0.700716	0.0	-0.793485	-0.604791	-0.06789880000000001	0.0	2.47949	0.101614	0.780043	0.339677	
3	0.46971	0.555346	-0.686268	0.0	0.6381100000000001	0.32362199999999997	0.698631	0.0	0.610073	-0.7660680000000001	-0.20236300000000002	0.0	-3.4384	-0.937298	-0.151311	0.363166	-0.392986	0.585132	-0.709354	0.0	0.46864700000000004	-0.536267	-0.7019890000000001	0.0	-0.7911590000000001	-0.608308	-0.0634749	0.0	2.48678	0.15549100000000002	0.840599	0.339584	
3	0.485834	0.55214	-0.677574	0.0	0.648062	0.292625	0.703126	0.0	0.586499	-0.780712	-0.21565399999999998	0.0	-3.5270099999999998	-0.997758	-0.34108	0.36380300000000004	-0.391689	0.5861890000000001	-0.709198	0.0	0.46885299999999996	-0.536049	-0.702018	0.0	-0.79168	-0.607482	-0.06487240000000001	0.0	2.4931799999999997	0.206693	0.8768360000000001	0.339672	
3	0.491537	0.543794	-0.6802060000000001	0.0	0.66081	0.275828	0.698033	0.0	0.5672050000000001	-0.7925949999999999	-0.223764	0.0	-3.55801	-1.07559	-0.5018100000000001	0.363733	-0.39206599999999997	0.584641	-0.710267	0.0	0.467855	-0.538058	-0.701146	0.0	-0.792083	-0.607197	-0.06257330000000001	0.0	2.49442	0.23754899999999998	0.871584	0.33976999999999996	
3	0.502844	0.542251	-0.673136	0.0	0.666752	0.252263	0.701288	0.0	0.550081	-0.801453	-0.234698	0.0	-3.52581	-1.14354	-0.6965779999999999	0.363281	-0.390676	0.584937	-0.710789	0.0	0.46999799999999997	-0.537173	-0.70039	0.0	-0.791501	-0.607696	-0.0650585	0.0	2.49323	0.264743	0.859089	0.33970300000000003	
3	0.516964	0.534592	-0.66855	0.0	0.67451	0.226476	0.702669	0.0	0.5270520000000001	-0.814199	-0.24350700000000003	0.0	-3.48348	-1.23041	-0.8415440000000001	0.362732	-0.392925	0.5791470000000001	-0.714282	0.0	0.4637	-0.545984	-0.69777	0.0	-0.794098	-0.605384	-0.05401990000000001	0.0	2.49546	0.288335	0.8787889999999999	0.33975700000000003	
3	0.54193	0.519958	-0.660269	0.0	0.6735300000000001	0.201193	0.711252	0.0	0.502663	-0.83016	-0.24117399999999997	0.0	-3.47706	-1.35416	-0.939256	0.361804	-0.39621100000000004	0.576973	-0.714226	0.0	0.45859099999999997	-0.549553	-0.698345	0.0	-0.795431	-0.60423	-0.04685569999999999	0.0	2.49169	0.31843299999999997	0.912443	0.339766	
3	0.5625479999999999	0.517135	-0.6450670000000001	0.0	0.673884	0.165215	0.720128	0.0	0.47897799999999996	-0.839807	-0.255548	0.0	-3.45048	-1.47286	-1.02091	0.361062	-0.399748	0.578052	-0.711377	0.0	0.455776	-0.547994	-0.7014060000000001	0.0	-0.79528	-0.604615	-0.0444026	0.0	2.48144	0.350606	0.942887	0.339949	
3	0.599941	0.494725	-0.628743	0.0	0.6674439999999999	0.12381700000000001	0.734294	0.0	0.44112299999999993	-0.8601840000000001	-0.255918	0.0	-3.4100800000000002	-1.61537	-1.0905200000000002	0.35941999999999996	-0.40070900000000004	0.579296	-0.709823	0.0	0.45131499999999997	-0.549426	-0.7031689999999999	0.0	-0.797338	-0.602119	-0.04128540000000001	0.0	2.47867	0.403545	1.0121	0.339956	
3	0.641243	0.48430500000000004	-0.595195	0.0	0.63395	0.10265899999999999	0.76653	0.0	0.43233599999999994	-0.868856	-0.241196	0.0	-3.38164	-1.74842	-1.1847	0.343563	-0.40288	0.5788439999999999	-0.708962	0.0	0.44871099999999997	-0.5502130000000001	-0.7042189999999999	0.0	-0.797713	-0.601835	-0.0380638	0.0	2.46095	0.45041800000000004	1.06085	0.339943	
3	0.72172	0.447929	-0.527712	0.0	0.590071	0.000407862	0.8073520000000001	0.0	0.36185100000000003	-0.894069	-0.264015	0.0	-3.2926599999999997	-1.7408700000000001	-1.21541	0.34624699999999997	-0.403962	0.577178	-0.709704	0.0	0.44510600000000006	-0.553772	-0.703717	0.0	-0.799184	-0.600168	-0.0332024	0.0	2.45109	0.46841400000000005	1.07938	0.340013	
3	0.757758	0.419907	-0.49948100000000006	0.0	0.561045	-0.0283798	0.827298	0.0	0.33321300000000004	-0.9071229999999999	-0.257092	0.0	-3.2256099999999996	-1.7490400000000002	-1.21929	0.346722	-0.404594	0.576411	-0.709968	0.0	0.442575	-0.55596	-0.703588	0.0	-0.800269	-0.598882	-0.030167400000000004	0.0	2.44765	0.48068599999999995	1.0951899999999999	0.340013	
3	0.759889	0.42226	-0.49423100000000003	0.0	0.553492	-0.0215696	0.832575	0.0	0.340903	-0.9062180000000001	-0.250108	0.0	-3.15157	-1.7627099999999998	-1.21107	0.346612	-0.40579499999999996	0.576537	-0.70918	0.0	0.441125	-0.556028	-0.704444	0.0	-0.800462	-0.598697	-0.0286915	0.0	2.44313	0.5200600000000001	1.1193	0.34000199999999997	
3	0.763169	0.41970100000000005	-0.49135	0.0	0.5484319999999999	-0.018544	0.835989	0.0	0.341754	-0.907473	-0.24433000000000002	0.0	-3.06601	-1.77262	-1.20112	0.347285	-0.40278800000000003	0.582033	-0.706399	0.0	0.43644700000000003	-0.556249	-0.707179	0.0	-0.804535	-0.5931489999999999	-0.029976299999999997	0.0	2.43642	0.5880449999999999	1.1181299999999998	0.340021	
3	0.763722	0.424731	-0.48613900000000004	0.0	0.548581	-0.030058299999999996	0.835557	0.0	0.340275	-0.9048200000000001	-0.255956	0.0	-3.05278	-1.7615900000000002	-1.21181	0.346748	-0.40149	0.585477	-0.704289	0.0	0.43238000000000004	-0.5567300000000001	-0.709295	0.0	-0.807375	-0.589295	-0.029627499999999998	0.0	2.42698	0.643037	1.12212	0.339988	
3	0.765146	0.42484799999999995	-0.48379300000000003	0.0	0.548516	-0.036634	0.8353370000000001	0.0	0.33716799999999997	-0.904523	-0.26106599999999996	0.0	-3.09084	-1.7546599999999999	-1.2181899999999999	0.34723699999999996	-0.40046	0.596119	-0.6958979999999999	0.0	0.43515299999999996	-0.5446300000000001	-0.716952	0.0	-0.806396	-0.589932	-0.0413005	0.0	2.41803	0.6474850000000001	1.10046	0.33974899999999997	
3	0.7622720000000001	0.424569	-0.48855200000000004	0.0	0.552891	-0.0346668	0.8325319999999999	0.0	0.33653099999999997	-0.904731	-0.261166	0.0	-3.13638	-1.7530299999999999	-1.21315	0.347192	-0.40167800000000004	0.591809	-0.698868	0.0	0.437971	-0.546064	-0.7141390000000001	0.0	-0.804261	-0.592939	-0.0398529	0.0	2.41138	0.6268640000000001	1.09396	0.339645	
3	0.761029	0.426733	-0.488604	0.0	0.555492	-0.039657300000000006	0.830576	0.0	0.33505799999999997	-0.903508	-0.267227	0.0	-3.15135	-1.74515	-1.22147	0.34713099999999997	-0.403949	0.5787909999999999	-0.708398	0.0	0.433699	-0.560655	-0.705387	0.0	-0.805438	-0.592171	-0.0245449	0.0	2.42262	0.640046	1.13105	0.339982	
3	0.758596	0.428642	-0.490712	0.0	0.558589	-0.0401323	0.8284729999999999	0.0	0.335425	-0.902583	-0.269879	0.0	-3.16852	-1.74059	-1.23118	0.347263	-0.400385	0.583059	-0.706919	0.0	0.427591	-0.563439	-0.706897	0.0	-0.8104680000000001	-0.585303	-0.0237189	0.0	2.43328	0.6743979999999999	1.1556600000000001	0.339952	
3	0.7565850000000001	0.42564700000000005	-0.49638999999999994	0.0	0.5612229999999999	-0.033121	0.827002	0.0	0.33557	-0.904283	-0.263942	0.0	-3.19428	-1.7440200000000001	-1.22361	0.347569	-0.396339	0.583368	-0.7089409999999999	0.0	0.42636999999999997	-0.566908	-0.704858	0.0	-0.813095	-0.581634	-0.0240429	0.0	2.42848	0.706954	1.1526299999999998	0.339953	
3	0.753999	0.429842	-0.49671000000000004	0.0	0.56325	-0.0339973	0.8255870000000001	0.0	0.337985	-0.902264	-0.267743	0.0	-3.22268	-1.7470700000000001	-1.20999	0.347408	-0.396615	0.582088	-0.709839	0.0	0.423878	-0.569762	-0.704058	0.0	-0.814263	-0.580125	-0.0207583	0.0	2.39525	0.7170449999999999	1.1871	0.340017	
3	0.753807	0.429922	-0.496933	0.0	0.563388	-0.033644	0.825507	0.0	0.338185	-0.9022389999999999	-0.267574	0.0	-3.2217700000000002	-1.74727	-1.2100799999999998	0.347384	-0.39661199999999996	0.582134	-0.709802	0.0	0.423778	-0.56979	-0.704097	0.0	-0.814317	-0.580052	-0.020711	0.0	2.39443	0.7168899999999999	1.1865700000000001	0.340008	
3	0.753811	0.429917	-0.49693100000000007	0.0	0.5633859999999999	-0.0336478	0.825509	0.0	0.33818000000000004	-0.902241	-0.267573	0.0	-3.22175	-1.7472599999999998	-1.2100799999999998	0.347385	-0.39661199999999996	0.582133	-0.709803	0.0	0.423779	-0.56979	-0.704096	0.0	-0.814316	-0.5800529999999999	-0.0207105	0.0	2.39447	0.716879	1.18654	0.340008	
3	0.753811	0.429917	-0.49693100000000007	0.0	0.5633859999999999	-0.0336478	0.825509	0.0	0.33818000000000004	-0.902241	-0.267573	0.0	-3.22175	-1.7472599999999998	-1.2100799999999998	0.347385	-0.39661199999999996	0.582133	-0.709803	0.0	0.423779	-0.56979	-0.704096	0.0	-0.814316	-0.5800529999999999	-0.0207105	0.0	2.39447	0.7168800000000001	1.18654	0.340008	
3	0.753811	0.429917	-0.49693100000000007	0.0	0.5633859999999999	-0.0336478	0.825509	0.0	0.33818000000000004	-0.902241	-0.267573	0.0	-3.22175	-1.7472599999999998	-1.2100799999999998	0.347385	-0.39661199999999996	0.582133	-0.709803	0.0	0.423779	-0.56979	-0.704096	0.0	-0.814316	-0.5800529999999999	-0.0207105	0.0	2.39447	0.7168800000000001	1.18654	0.340008	
3	0.753811	0.429917	-0.49693100000000007	0.0	0.5633859999999999	-0.0336478	0.825509	0.0	0.33818000000000004	-0.902241	-0.267573	0.0	-3.22175	-1.74727	-1.2100799999999998	0.347385	-0.39661199999999996	0.582133	-0.709803	0.0	0.423779	-0.56979	-0.704096	0.0	-0.814316	-0.5800529999999999	-0.0207104	0.0	2.39447	0.716878	1.18654	0.340008	
3	0.753811	0.429917	-0.49693100000000007	0.0	0.5633859999999999	-0.0336478	0.825509	0.0	0.33818000000000004	-0.902241	-0.267573	0.0	-3.22175	-1.7472599999999998	-1.2100799999999998	0.347385	-0.39661199999999996	0.582133	-0.709803	0.0	0.423779	-0.56979	-0.704096	0.0	-0.814316	-0.5800529999999999	-0.0207105	0.0	2.39447	0.716879	1.18654	0.340008	
3	0.753811	0.429917	-0.49693100000000007	0.0	0.5633859999999999	-0.0336478	0.825509	0.0	0.33818000000000004	-0.902241	-0.267573	0.0	-3.22175	-1.7472599999999998	-1.2100799999999998	0.347385	-0.39661199999999996	0.582133	-0.709803	0.0	0.423779	-0.56979	-0.704096	0.0	-0.814316	-0.5800529999999999	-0.0207104	0.0	2.39447	0.7168800000000001	1.18654	0.340008	
3	0.753811	0.429917	-0.49693100000000007	0.0	0.5633859999999999	-0.0336478	0.825509	0.0	0.33818000000000004	-0.902241	-0.267573	0.0	-3.22175	-1.7472599999999998	-1.2100799999999998	0.347385	-0.39661199999999996	0.582133	-0.709803	0.0	0.423779	-0.56979	-0.704096	0.0	-0.814316	-0.5800529999999999	-0.0207105	0.0	2.39447	0.7168800000000001	1.18654	0.340008	
3	0.753811	0.429917	-0.49693100000000007	0.0	0.5633859999999999	-0.0336478	0.825509	0.0	0.33818000000000004	-0.902241	-0.267573	0.0	-3.22175	-1.7472599999999998	-1.2100799999999998	0.347385	-0.39661199999999996	0.582133	-0.709803	0.0	0.423779	-0.56979	-0.704096	0.0	-0.814316	-0.5800529999999999	-0.0207105	0.0	2.39447	0.7168800000000001	1.18654	0.340008	
3	0.753811	0.429917	-0.49693100000000007	0.0	0.5633859999999999	-0.0336478	0.825509	0.0	0.33818000000000004	-0.902241	-0.267573	0.0	-3.22175	-1.7472599999999998	-1.2100799999999998	0.347385	-0.39661199999999996	0.582133	-0.709803	0.0	0.423779	-0.56979	-0.704096	0.0	-0.814316	-0.5800529999999999	-0.0207105	0.0	2.39447	0.7168800000000001	1.18654	0.340008	
3	0.753811	0.429917	-0.49693100000000007	0.0	0.5633859999999999	-0.0336478	0.825509	0.0	0.33818000000000004	-0.902241	-0.267573	0.0	-3.22175	-1.74727	-1.2100799999999998	0.347385	-0.39661199999999996	0.582133	-0.709803	0.0	0.423779	-0.56979	-0.704096	0.0	-0.814316	-0.5800529999999999	-0.0207105	0.0	2.39447	0.7168800000000001	1.18654	0.340008	
3	0.753811	0.429917	-0.49693100000000007	0.0	0.5633859999999999	-0.0336478	0.825509	0.0	0.33818000000000004	-0.902241	-0.267573	0.0	-3.22175	-1.7472599999999998	-1.2100799999999998	0.347385	-0.39661199999999996	0.582133	-0.709803	0.0	0.423779	-0.56979	-0.704096	0.0	-0.814316	-0.5800529999999999	-0.0207105	0.0	2.39447	0.7168800000000001	1.18654	0.340008	
3	0.226931	0.72741	-0.647593	0.0	0.582529	0.431501	0.688816	0.0	0.780488	-0.533555	-0.325817	0.0	-3.22067	-1.7621	-1.2773299999999999	0.35131	-0.17540899999999998	0.722507	-0.6687420000000001	0.0	0.260393	-0.621035	-0.739264	0.0	-0.949435	-0.30380999999999997	-0.0792008	0.0	2.35095	0.74221	1.23223	0.338523	
3	0.26771300000000003	0.7356199999999999	-0.6222489999999999	0.0	0.591382	0.384404	0.708874	0.0	0.760656	-0.557761	-0.332122	0.0	-3.23203	-1.8030599999999999	-1.30271	0.35055	-0.184567	0.715875	-0.673393	0.0	0.267464	-0.6227199999999999	-0.735312	0.0	-0.9457260000000001	-0.315823	-0.07653739999999999	0.0	2.36123	0.745677	1.22326	0.339032	
3	0.354348	0.7256640000000001	-0.589787	0.0	0.604175	0.30373	0.736696	0.0	0.71373	-0.6173810000000001	-0.330802	0.0	-3.27909	-1.9137	-1.42156	0.34931	-0.185203	0.718092	-0.6708529999999999	0.0	0.27269499999999997	-0.6182989999999999	-0.737119	0.0	-0.9441069999999999	-0.31945500000000004	-0.0813097	0.0	2.3514	0.7402810000000001	1.19905	0.339912	
3	0.409492	0.705662	-0.578236	0.0	0.608305	0.26116500000000004	0.749505	0.0	0.679913	-0.65866	-0.322313	0.0	-3.37075	-2.08839	-1.63582	0.35044200000000003	-0.185972	0.718865	-0.6698109999999999	0.0	0.278343	-0.6152340000000001	-0.737572	0.0	-0.942306	-0.32360500000000003	-0.0856751	0.0	2.33942	0.722438	1.16293	0.340552	
3	0.450157	0.646095	-0.6163770000000001	0.0	0.606414	0.285486	0.742132	0.0	0.655455	-0.707855	-0.263288	0.0	-3.5095699999999996	-2.4298599999999997	-1.96872	0.354311	-0.186083	0.71635	-0.67247	0.0	0.282208	-0.616617	-0.7349439999999999	0.0	-0.941133	-0.32653699999999997	-0.087418	0.0	2.34548	0.711879	1.13781	0.341613	
3	0.471346	0.616742	-0.630447	0.0	0.6055159999999999	0.29343400000000003	0.739762	0.0	0.6412359999999999	-0.730429	-0.235138	0.0	-3.60241	-2.76708	-2.2126099999999997	0.356036	-0.188129	0.714052	-0.674342	0.0	0.281956	-0.6184350000000001	-0.7335119999999999	0.0	-0.940802	-0.328129	-0.08498560000000001	0.0	2.36746	0.712561	1.13995	0.342004	
3	0.502721	0.590094	-0.6317119999999999	0.0	0.57952	0.312177	0.752796	0.0	0.641426	-0.744537	-0.185033	0.0	-3.63602	-2.80419	-2.30973	0.370148	-0.188717	0.712761	-0.675542	0.0	0.284453	-0.618738	-0.732291	0.0	-0.939932	-0.330356	-0.0859804	0.0	2.38158	0.712307	1.13154	0.34219299999999997	
3	0.531331	0.5677300000000001	-0.628785	0.0	0.575559	0.302709	0.759671	0.0	0.621626	-0.7655390000000001	-0.165924	0.0	-3.70545	-3.33788	-2.63027	0.357649	-0.18838	0.7136680000000001	-0.674679	0.0	0.288572	-0.61643	-0.732626	0.0	-0.938743	-0.332706	-0.08982180000000001	0.0	2.39237	0.712361	1.1215600000000001	0.342154	
3	0.566343	0.542962	-0.620038	0.0	0.552044	0.308702	0.774565	0.0	0.611967	-0.780958	-0.12490699999999999	0.0	-3.7166	-3.54728	-2.72695	0.357699	-0.187838	0.712715	-0.675836	0.0	0.29178899999999997	-0.616528	-0.731268	0.0	-0.9378569999999999	-0.334561	-0.0921551	0.0	2.39745	0.710395	1.10507	0.342233	
3	0.583465	0.5305300000000001	-0.614904	0.0	0.542521	0.308812	0.781221	0.0	0.604351	-0.789413	-0.107643	0.0	-3.71406	-3.6797	-2.79793	0.357691	-0.18828	0.7119949999999999	-0.676471	0.0	0.292103	-0.617023	-0.730725	0.0	-0.9376709999999999	-0.33518000000000003	-0.09180260000000001	0.0	2.40025	0.7106319999999999	1.08829	0.342353	
3	0.60716	0.507192	-0.611647	0.0	0.5213760000000001	0.32658000000000004	0.7883600000000001	0.0	0.5996020000000001	-0.79756	-0.0661515	0.0	-3.7124800000000002	-3.66804	-2.82789	0.359685	-0.187658	0.710149	-0.678581	0.0	0.293804	-0.618642	-0.728671	0.0	-0.937264	-0.336111	-0.0925513	0.0	2.40335	0.7161350000000001	1.07576	0.34231	
3	0.631737	0.48403100000000004	-0.605494	0.0	0.499309	0.343403	0.795465	0.0	0.592958	-0.8048529999999999	-0.0247405	0.0	-3.70972	-3.6574199999999997	-2.85623	0.361498	-0.18650799999999998	0.71065	-0.678374	0.0	0.295616	-0.617897	-0.7285699999999999	0.0	-0.936924	-0.336423	-0.0948365	0.0	2.40665	0.722853	1.07256	0.34234000000000003	
3	0.6554479999999999	0.469812	-0.591324	0.0	0.482835	0.341385	0.8064279999999999	0.0	0.580739	-0.814084	-0.00308117	0.0	-3.6976699999999996	-3.65257	-2.8622099999999997	0.366181	-0.186574	0.711205	-0.677774	0.0	0.297371	-0.616643	-0.7289180000000001	0.0	-0.9363549999999999	-0.337547	-0.0964419	0.0	2.40568	0.723673	1.06752	0.342386	
3	0.67673	0.45362600000000003	-0.5798800000000001	0.0	0.47072299999999995	0.339018	0.814547	0.0	0.5660890000000001	-0.824191	0.015891299999999997	0.0	-3.6856800000000005	-3.6471199999999997	-2.87078	0.367199	-0.18723	0.7125670000000001	-0.676161	0.0	0.30086	-0.613657	-0.730006	0.0	-0.935109	-0.340109	-0.0994883	0.0	2.40325	0.724345	1.06375	0.342479	
3	0.684912	0.44363800000000003	-0.577998	0.0	0.469699	0.337621	0.815718	0.0	0.557027	-0.8301790000000001	0.0228646	0.0	-3.67614	-3.6439800000000004	-2.87416	0.368175	-0.190135	0.717885	-0.669694	0.0	0.316234	-0.600999	-0.734028	0.0	-0.929433	-0.351344	-0.112749	0.0	2.39014	0.7095100000000001	1.03677	0.342832	
3	0.692546	0.432784	-0.577129	0.0	0.465654	0.342831	0.815864	0.0	0.55095	-0.833766	0.03589880000000001	0.0	-3.6715699999999996	-3.6398900000000003	-2.88397	0.368419	-0.191426	0.722705	-0.664119	0.0	0.342513	-0.584908	-0.735233	0.0	-0.9198049999999999	-0.368212	-0.135569	0.0	2.40314	0.653416	0.9417	0.34220700000000004	
3	0.694955	0.429475	-0.576705	0.0	0.463471	0.345657	0.815915	0.0	0.5497569999999999	-0.83431	0.0411664	0.0	-3.6709400000000003	-3.63856	-2.88814	0.3684	-0.194848	0.716306	-0.67003	0.0	0.35126999999999997	-0.58685	-0.729532	0.0	-0.915775	-0.37750900000000004	-0.137271	0.0	2.40468	0.5974109999999999	0.895805	0.341982	
3	0.713171	0.407556	-0.570337	0.0	0.447826	0.361052	0.8179810000000001	0.0	0.539295	-0.838772	0.0749778	0.0	-3.65915	-3.63109	-2.90502	0.37451	-0.202592	0.699116	-0.685707	0.0	0.381307	-0.588645	-0.712813	0.0	-0.901976	-0.405875	-0.147323	0.0	2.43257	0.430047	0.792149	0.34166599999999997	
3	0.720777	0.38759	-0.574678	0.0	0.44052700000000006	0.383965	0.811484	0.0	0.535179	-0.83806	0.10601	0.0	-3.6551699999999996	-3.62365	-2.93019	0.37585999999999997	-0.201511	0.699979	-0.685144	0.0	0.386227	-0.586032	-0.712317	0.0	-0.900123	-0.408161	-0.152259	0.0	2.4517700000000002	0.37558800000000003	0.725039	0.34184499999999995	
3	0.72456	0.373336	-0.579338	0.0	0.42558900000000005	0.418817	0.802164	0.0	0.542113	-0.8277760000000001	0.144571	0.0	-3.66356	-3.61789	-2.96216	0.37762199999999996	-0.201521	0.6989489999999999	-0.686192	0.0	0.393374	-0.5838300000000001	-0.7102109999999999	0.0	-0.897021	-0.41305299999999995	-0.15729400000000002	0.0	2.4641900000000003	0.359308	0.690833	0.34176599999999996	
3	0.729454	0.35984	-0.5817319999999999	0.0	0.409492	0.45149799999999995	0.792758	0.0	0.547917	-0.816495	0.18199500000000002	0.0	-3.6192300000000004	-3.6135800000000002	-2.83636	0.366935	-0.20111700000000002	0.6993159999999999	-0.685937	0.0	0.396675	-0.5821189999999999	-0.709779	0.0	-0.8956569999999999	-0.414843	-0.160327	0.0	2.47007	0.355376	0.675016	0.34160999999999997	
3	0.731795	0.345947	-0.587194	0.0	0.396762	0.484275	0.7797810000000001	0.0	0.554125	-0.803616	0.217131	0.0	-3.56411	-3.61104	-2.6815599999999997	0.369367	-0.200427	0.698749	-0.686716	0.0	0.400173	-0.581411	-0.708395	0.0	-0.8942540000000001	-0.416786	-0.16309	0.0	2.46643	0.35202100000000003	0.65371	0.341595	
3	0.734029	0.33986500000000003	-0.587956	0.0	0.390637	0.49689700000000003	0.774917	0.0	0.555521	-0.798489	0.231973	0.0	-3.53499	-3.61026	-2.6019799999999997	0.36899099999999996	-0.199972	0.698531	-0.68707	0.0	0.401378	-0.581292	-0.70781	0.0	-0.8938159999999999	-0.417317	-0.164133	0.0	2.46087	0.346553	0.6312800000000001	0.341614	
3	0.73993	0.32902600000000004	-0.586724	0.0	0.386153	0.506428	0.770984	0.0	0.5508069999999999	-0.79704	0.247667	0.0	-3.4889900000000003	-3.60826	-2.49899	0.368775	-0.200577	0.69798	-0.687454	0.0	0.403454	-0.580596	-0.707201	0.0	-0.8927450000000001	-0.419205	-0.165148	0.0	2.4573400000000003	0.344943	0.62278	0.34165999999999996	
3	0.745395	0.317477	-0.58617	0.0	0.37969200000000003	0.520546	0.7647649999999999	0.0	0.547924	-0.792616	0.267469	0.0	-3.4620599999999997	-3.60742	-2.4068400000000003	0.367277	-0.201048	0.696867	-0.688445	0.0	0.408224	-0.5792579999999999	-0.705558	0.0	-0.890468	-0.42289099999999996	-0.168019	0.0	2.45971	0.335633	0.618467	0.341638	
3	0.748062	0.313215	-0.585063	0.0	0.380206	0.520302	0.764676	0.0	0.543918	-0.79447	0.270133	0.0	-3.45509	-3.6055800000000002	-2.4034	0.369927	-0.20083900000000002	0.696507	-0.68887	0.0	0.409401	-0.579168	-0.70495	0.0	-0.8899739999999999	-0.42360600000000004	-0.16883099999999998	0.0	2.47963	0.328061	0.611401	0.341649	
3	0.771055	0.290055	-0.56687	0.0	0.37954299999999996	0.505466	0.774888	0.0	0.5112939999999999	-0.8126329999999999	0.279654	0.0	-3.4182900000000003	-3.60164	-2.36918	0.336488	-0.199877	0.695303	-0.690364	0.0	0.40978000000000003	-0.580685	-0.703481	0.0	-0.8900170000000001	-0.42350699999999997	-0.168855	0.0	2.49559	0.33043	0.605017	0.341602	
3	0.827267	0.221556	-0.516278	0.0	0.368151	0.480368	0.79606	0.0	0.424375	-0.848622	0.315827	0.0	-3.41669	-3.6025099999999997	-2.5021400000000003	0.20265	-0.200079	0.6923189999999999	-0.693299	0.0	0.408928	-0.584024	-0.70121	0.0	-0.8903629999999999	-0.423806	-0.166258	0.0	2.50421	0.33673600000000004	0.6118560000000001	0.341673	
3	0.8325530000000001	0.218415	-0.5090680000000001	0.0	0.36722	0.470425	0.802403	0.0	0.414736	-0.8549829999999999	0.311447	0.0	-3.4129199999999997	-3.59995	-2.50811	0.203233	-0.20102799999999998	0.691221	-0.69412	0.0	0.409682	-0.5843149999999999	-0.700526	0.0	-0.8898020000000001	-0.42519399999999996	-0.165717	0.0	2.5055099999999997	0.338925	0.613059	0.34207	
3	0.8206030000000001	0.20822600000000002	-0.5322140000000001	0.0	0.38952800000000004	0.47764799999999996	0.7874770000000001	0.0	0.418184	-0.853519	0.31085	0.0	-3.4144699999999997	-3.57341	-2.47297	0.20385699999999998	-0.201069	0.68986	-0.6954600000000001	0.0	0.41128400000000004	-0.5849	-0.699098	0.0	-0.8890540000000001	-0.426598	-0.166123	0.0	2.50959	0.345555	0.612332	0.342024	
3	0.802551	0.21101799999999998	-0.558018	0.0	0.416024	0.472447	0.776992	0.0	0.42759300000000006	-0.855725	0.29137399999999997	0.0	-3.41799	-3.5581199999999997	-2.44195	0.204148	-0.20030599999999998	0.68855	-0.696976	0.0	0.41248199999999996	-0.586005	-0.697465	0.0	-0.8886709999999999	-0.42719700000000005	-0.16663499999999998	0.0	2.51397	0.355719	0.610663	0.342003	
3	0.798348	0.215574	-0.562289	0.0	0.411891	0.485678	0.7710140000000001	0.0	0.439302	-0.847139	0.298946	0.0	-3.42096	-3.55806	-2.43567	0.20422	-0.200445	0.687815	-0.697662	0.0	0.41384099999999996	-0.586019	-0.6966479999999999	0.0	-0.888008	-0.428361	-0.167181	0.0	2.51491	0.361651	0.612255	0.342114	
3	0.784051	0.228435	-0.577133	0.0	0.43241499999999994	0.466025	0.7719050000000001	0.0	0.44528900000000005	-0.8547739999999999	0.266608	0.0	-3.4326800000000004	-3.56271	-2.41328	0.203699	-0.20080599999999998	0.6871229999999999	-0.69824	0.0	0.41492399999999996	-0.586011	-0.696009	0.0	-0.8874200000000001	-0.429479	-0.16743	0.0	2.51457	0.362674	0.607524	0.342179	
3	0.7656430000000001	0.23706999999999998	-0.597988	0.0	0.45266899999999993	0.461917	0.7627079999999999	0.0	0.45703599999999994	-0.8546520000000001	0.24634899999999998	0.0	-3.4401900000000003	-3.56109	-2.3870400000000003	0.20339100000000002	-0.200015	0.687171	-0.6984199999999999	0.0	0.41710600000000003	-0.5852890000000001	-0.695313	0.0	-0.886576	-0.430388	-0.16955699999999999	0.0	2.5106	0.361423	0.599006	0.342129	
3	0.726074	0.23957399999999998	-0.6445310000000001	0.0	0.537266	0.387335	0.749211	0.0	0.429141	-0.890267	0.15251900000000002	0.0	-3.3980900000000003	-3.58981	-2.16318	0.296643	-0.199942	0.687508	-0.698109	0.0	0.41768	-0.5847100000000001	-0.6954560000000001	0.0	-0.8863219999999999	-0.430637	-0.17025	0.0	2.50773	0.358133	0.5901810000000001	0.34213899999999997	
3	0.699573	0.222845	-0.678924	0.0	0.560863	0.41747	0.7149479999999999	0.0	0.44275299999999995	-0.880942	0.16706600000000002	0.0	-3.3523699999999996	-3.58877	-2.1390599999999997	0.370444	-0.199483	0.687299	-0.698445	0.0	0.41875	-0.5846180000000001	-0.6948880000000001	0.0	-0.88592	-0.431093	-0.171185	0.0	2.5058	0.35428899999999997	0.589004	0.34208299999999997	
3	0.651866	0.177326	-0.73731	0.0	0.621162	0.43286899999999995	0.653285	0.0	0.435004	-0.8838440000000001	0.172024	0.0	-3.3180699999999996	-3.58414	-2.16667	0.37569600000000003	-0.199455	0.6859350000000001	-0.699793	0.0	0.419867	-0.585442	-0.69352	0.0	-0.8853979999999999	-0.43214600000000003	-0.171232	0.0	2.50758	0.355017	0.587979	0.342184	
3	0.5795560000000001	0.13949	-0.802906	0.0	0.6766449999999999	0.466713	0.5695	0.0	0.45416599999999996	-0.873339	0.176101	0.0	-3.3200199999999995	-3.5817900000000003	-2.13904	0.373053	-0.199493	0.684385	-0.701299	0.0	0.419663	-0.5870569999999999	-0.692277	0.0	-0.8854860000000001	-0.432413	-0.170098	0.0	2.5114099999999997	0.36506500000000003	0.5896140000000001	0.34209	
3	0.5515220000000001	0.102352	-0.827857	0.0	0.703117	0.47695699999999996	0.527388	0.0	0.44883100000000004	-0.8729469999999999	0.19108699999999998	0.0	-3.32024	-3.5815300000000003	-2.1118799999999998	0.366931	-0.200073	0.682127	-0.70333	0.0	0.420462	-0.5886100000000001	-0.690472	0.0	-0.884976	-0.43386899999999995	-0.169044	0.0	2.5160099999999996	0.37507399999999996	0.599317	0.342159	
3	0.520678	0.0807815	-0.849923	0.0	0.7269680000000001	0.48005699999999996	0.49098100000000006	0.0	0.44767399999999996	-0.87351	0.191229	0.0	-3.3171699999999995	-3.5816800000000004	-2.0880099999999997	0.36591399999999996	-0.199621	0.6813939999999999	-0.7041689999999999	0.0	0.42113599999999995	-0.5892149999999999	-0.6895439999999999	0.0	-0.884758	-0.434198	-0.16934000000000002	0.0	2.52055	0.386326	0.604143	0.342227	
3	0.42371400000000004	0.025811900000000002	-0.905428	0.0	0.791399	0.475709	0.383913	0.0	0.44063	-0.879224	0.181137	0.0	-3.29861	-3.58386	-2.02584	0.363656	-0.19884000000000002	0.679906	-0.7058260000000001	0.0	0.421042	-0.5910890000000001	-0.687995	0.0	-0.884978	-0.433983	-0.168736	0.0	2.5278400000000003	0.400978	0.6147600000000001	0.342251	
3	0.380643	0.00823277	-0.924686	0.0	0.825664	0.447255	0.34386300000000003	0.0	0.416401	-0.8943690000000001	0.163447	0.0	-3.2856400000000003	-3.5849800000000003	-2.01825	0.350817	-0.19887	0.6785800000000001	-0.7070930000000001	0.0	0.42069700000000004	-0.592535	-0.686962	0.0	-0.885136	-0.43408800000000003	-0.167639	0.0	2.52842	0.398888	0.612263	0.342387	
3	0.34353	0.00111818	-0.939141	0.0	0.851247	0.42202799999999996	0.311882	0.0	0.396692	-0.906582	0.144027	0.0	-3.2747900000000003	-3.5854699999999995	-2.00984	0.34342399999999995	-0.198984	0.677519	-0.708078	0.0	0.420559	-0.5935779999999999	-0.686146	0.0	-0.8851760000000001	-0.43432	-0.166825	0.0	2.52975	0.400348	0.613386	0.342291	
3	0.286831	-0.0281764	-0.9575670000000001	0.0	0.9075719999999999	0.327967	0.262205	0.0	0.306663	-0.944269	0.11964300000000001	0.0	-3.2471900000000002	-3.5859400000000003	-1.9753900000000002	0.32906599999999997	-0.19803199999999999	0.675875	-0.709913	0.0	0.42107799999999995	-0.595363	-0.6842779999999999	0.0	-0.885142	-0.434438	-0.166695	0.0	2.53198	0.407825	0.6134890000000001	0.342333	
3	0.279977	-0.028758999999999996	-0.959576	0.0	0.9213870000000001	0.288707	0.260182	0.0	0.26955300000000004	-0.956986	0.107329	0.0	-3.23858	-3.5872800000000002	-1.96593	0.325023	-0.197901	0.675473	-0.710332	0.0	0.421022	-0.5958399999999999	-0.683897	0.0	-0.8851979999999999	-0.434409	-0.166472	0.0	2.53253	0.41203	0.614648	0.342303	
3	0.266252	-0.125632	-0.955681	0.0	0.93737	0.264777	0.226343	0.0	0.224606	-0.956091	0.18826099999999998	0.0	-3.24222	-3.5758	-1.8955	0.373303	-0.197668	0.6748430000000001	-0.7109949999999999	0.0	0.422279	-0.595938	-0.683036	0.0	-0.8846510000000001	-0.435253	-0.167175	0.0	2.5335400000000003	0.41850200000000004	0.6130359999999999	0.34228800000000004	
3	0.26386	-0.135719	-0.954965	0.0	0.946692	0.22612800000000002	0.229437	0.0	0.184805	-0.9645969999999999	0.18815	0.0	-3.23981	-3.56316	-1.88648	0.371255	-0.197195	0.6747920000000001	-0.711175	0.0	0.423209	-0.595753	-0.6826220000000001	0.0	-0.8843120000000001	-0.43558500000000006	-0.168099	0.0	2.53329	0.42024399999999995	0.609372	0.342278	
3	0.23697600000000002	-0.15784700000000002	-0.958607	0.0	0.9647100000000001	0.154817	0.21299200000000001	0.0	0.11478900000000002	-0.975252	0.18896500000000002	0.0	-3.22923	-3.5388300000000004	-1.88018	0.35485	-0.196168	0.674996	-0.711266	0.0	0.42342299999999994	-0.5959369999999999	-0.682329	0.0	-0.884438	-0.435017	-0.168905	0.0	2.53675	0.428104	0.607847	0.34236300000000003	
3	0.235206	-0.155364	-0.959448	0.0	0.966166	0.144862	0.213396	0.0	0.105833	-0.9771780000000001	0.18417999999999998	0.0	-3.20777	-3.4820900000000004	-1.87315	0.258921	-0.19600399999999998	0.674532	-0.711751	0.0	0.42343400000000003	-0.596453	-0.68187	0.0	-0.8844690000000001	-0.435029	-0.168712	0.0	2.5379400000000003	0.43494799999999995	0.612267	0.342225	
3	0.22856100000000001	-0.133668	-0.96431	0.0	0.9658190000000001	0.155553	0.207357	0.0	0.12228499999999999	-0.978742	0.164652	0.0	-3.16267	-3.43298	-1.83857	0.132696	-0.19586900000000002	0.674912	-0.711428	0.0	0.42524700000000004	-0.59526	-0.6817850000000001	0.0	-0.8836290000000001	-0.43607299999999993	-0.17041199999999998	0.0	2.5417799999999997	0.446213	0.617167	0.34221799999999997	
3	0.22894	-0.13713399999999998	-0.963733	0.0	0.9629040000000001	0.177172	0.203533	0.0	0.142835	-0.9745790000000001	0.17260799999999998	0.0	-3.13028	-3.3933800000000005	-1.8117299999999998	0.014566899999999999	-0.1954	0.676895	-0.70967	0.0	0.428162	-0.592136	-0.6826800000000001	0.0	-0.882324	-0.437249	-0.174117	0.0	2.5436	0.45790200000000003	0.620518	0.341964	
3	0.21358200000000002	-0.144083	-0.966242	0.0	0.9642649999999999	0.189808	0.184841	0.0	0.15676800000000002	-0.971192	0.179473	0.0	-3.1302	-3.39316	-1.8102200000000002	0.00868678	-0.195366	0.677041	-0.709541	0.0	0.429174	-0.591511	-0.6825859999999999	0.0	-0.88184	-0.437871	-0.175008	0.0	2.54161	0.45707299999999995	0.611092	0.341907	
3	0.176001	-0.139266	-0.9744889999999999	0.0	0.9598459999999999	0.243957	0.138492	0.0	0.21844699999999997	-0.959734	0.176611	0.0	-3.1179200000000002	-3.4007099999999997	-1.7982099999999999	-0.00692684	-0.194947	0.677896	-0.708839	0.0	0.42933999999999994	-0.590806	-0.6830930000000001	0.0	-0.8818520000000001	-0.4375	-0.175872	0.0	2.54305	0.45932399999999995	0.610734	0.342093	
3	0.168706	-0.13661800000000002	-0.976153	0.0	0.9570629999999999	0.25955300000000003	0.129081	0.0	0.235729	-0.956017	0.17454	0.0	-3.11492	-3.40361	-1.7962200000000001	-0.0103235	-0.194526	0.6786409999999999	-0.708242	0.0	0.429004	-0.5904550000000001	-0.683607	0.0	-0.882108	-0.43681800000000004	-0.176282	0.0	2.54147	0.458342	0.607322	0.341893	
3	0.167441	-0.126413	-0.9777440000000001	0.0	0.9537969999999999	0.271723	0.128209	0.0	0.249468	-0.9540370000000001	0.16607	0.0	-3.1093599999999997	-3.4055800000000005	-1.7915400000000001	-0.010528399999999999	-0.193172	0.6805680000000001	-0.706762	0.0	0.42951300000000003	-0.588988	-0.684553	0.0	-0.882159	-0.435799	-0.178537	0.0	2.5395	0.45472399999999996	0.603132	0.34186500000000003	
0	0.16988699999999998	-0.125077	-0.9774940000000001	0.0	0.9538139999999999	0.270237	0.131193	0.0	0.247746	-0.954635	0.16521	0.0	-3.1154599999999997	-3.40625	-1.79787	-0.010495200000000001	-0.193052	0.67966	-0.7076680000000001	0.0	0.428832	-0.59026	-0.683884	0.0	-0.882516	-0.43549499999999997	-0.17751	0.0	2.54068	0.458362	0.606632	0.341888	
0	0.190106	-0.11389	-0.9751350000000001	0.0	0.939464	0.30951100000000004	0.147003	0.0	0.285073	-0.944051	0.16583599999999998	0.0	-3.13575	-3.41371	-1.8167900000000001	-0.0101686	-0.19314	0.679806	-0.707504	0.0	0.42915600000000004	-0.589917	-0.683976	0.0	-0.882339	-0.43573199999999995	-0.177807	0.0	2.54051	0.456296	0.60722	0.341787	
0	0.26164299999999996	-0.06566219999999999	-0.962929	0.0	0.9300290000000001	0.28389699999999995	0.23334499999999997	0.0	0.25805100000000003	-0.9566040000000001	0.135347	0.0	-3.12965	-3.41281	-1.8162099999999999	0.102305	-0.192557	0.680434	-0.707058	0.0	0.429515	-0.58941	-0.684188	0.0	-0.882292	-0.435438	-0.17876199999999998	0.0	2.54275	0.45998	0.607625	0.341846	
0	0.2841	-0.0352374	-0.958147	0.0	0.9056559999999999	0.33793	0.256108	0.0	0.314762	-0.9405110000000001	0.127919	0.0	-3.24024	-3.58863	-1.8817	0.369935	-0.192834	0.680955	-0.706481	0.0	0.429724	-0.58867	-0.684693	0.0	-0.88213	-0.435623	-0.179107	0.0	2.54186	0.457337	0.60515	0.341907	
