3	0.0483677	0.518447	-0.853741	0.0	-0.0665365	0.8545149999999999	0.5151479999999999	0.0	0.996611	0.0318883	0.07582660000000001	0.0	-2.60986	1.9049900000000002	1.49458	0.0	-0.09601760000000001	0.481192	-0.871341	0.0	0.202343	-0.847672	-0.490418	0.0	-0.9745969999999999	-0.223398	-0.0159743	0.0	2.58107	1.9233099999999999	1.7223400000000002	0.0	
3	-0.09746669999999999	0.437671	-0.8938370000000001	0.0	-0.15757000000000002	0.879999	0.44807700000000006	0.0	0.9826860000000001	0.184515	-0.016806799999999997	0.0	-2.42394	1.9442599999999999	1.3854600000000001	0.0	-0.0797651	0.495963	-0.8646729999999999	0.0	0.164961	-0.848909	-0.502138	0.0	-0.9830690000000001	-0.18269100000000002	-0.014101599999999999	0.0	2.3929	1.87382	1.7148400000000001	0.0	
3	-0.37913600000000003	0.193813	-0.904817	0.0	-0.320498	0.889791	0.324889	0.0	0.868065	0.41316899999999995	-0.275235	0.0	-2.20607	2.38265	0.967384	0.18420899999999998	-0.0316056	0.48184099999999996	-0.8756889999999999	0.0	0.194134	-0.856482	-0.478279	0.0	-0.980466	-0.185117	-0.06647239999999999	0.0	2.14012	1.92067	1.7683799999999998	0.338914	
3	-0.228821	0.23989000000000002	-0.943448	0.0	-0.32239	0.8957959999999999	0.305965	0.0	0.918534	0.37417	-0.127639	0.0	-2.13153	2.32744	1.15733	0.0	-0.0823163	0.43676400000000004	-0.8958020000000001	0.0	0.226802	-0.867058	-0.44359	0.0	-0.970456	-0.23968499999999998	-0.0276863	0.0	1.9488	1.84727	1.9139599999999999	0.042180800000000004	
3	-0.293631	-0.168596	-0.940934	0.0	-0.49570699999999995	0.868489	-0.000923067	0.0	0.817346	0.466157	-0.338589	0.0	-2.10371	2.4165900000000002	1.10632	9.25064e-05	-0.0673021	0.43176099999999995	-0.899474	0.0	0.197598	-0.877893	-0.436187	0.0	-0.9779700000000001	-0.207091	-0.0262315	0.0	2.06917	1.7156799999999999	2.00928	0.0	
3	-0.41401499999999997	-0.16780499999999998	-0.894669	0.0	-0.544334	0.833406	0.0955804	0.0	0.729583	0.52657	-0.436385	0.0	-2.09342	2.60796	0.928264	0.16939	-0.0227463	0.474671	-0.87987	0.0	0.234015	-0.8531190000000001	-0.466289	0.0	-0.971967	-0.216509	-0.0916752	0.0	2.00687	1.7093200000000002	2.0458	0.31849	
3	-0.48983999999999994	-0.181421	-0.852727	0.0	-0.61346	0.766708	0.189276	0.0	0.619454	0.615829	-0.48685900000000004	0.0	-2.0047	2.7758599999999998	0.737207	0.291545	-0.0220239	0.458185	-0.888584	0.0	0.236911	-0.861093	-0.44988100000000003	0.0	-0.971282	-0.22042399999999998	-0.0895846	0.0	1.9047599999999998	1.65672	2.04963	0.339377	
3	-0.536044	0.302161	-0.788261	0.0	-0.356714	0.765219	0.535906	0.0	0.7651220000000001	0.568453	-0.302406	0.0	-2.0815	2.70724	0.773116	0.26397800000000005	-0.00663412	0.435698	-0.900069	0.0	0.241891	-0.872658	-0.424212	0.0	-0.970281	-0.22053299999999998	-0.0996024	0.0	1.8775	1.6566599999999998	2.09407	0.339436	
3	-0.49996599999999997	0.395613	-0.770405	0.0	-0.308542	0.749831	0.585282	0.0	0.8092189999999999	0.530324	-0.252827	0.0	-2.17092	2.64522	0.810142	0.282534	0.00158083	0.429234	-0.903192	0.0	0.230616	-0.8790040000000001	-0.417335	0.0	-0.973044	-0.20763099999999998	-0.100378	0.0	1.86858	1.65705	2.10308	0.340013	
3	-0.358513	0.17102699999999998	-0.917725	0.0	-0.292165	0.9131319999999999	0.284306	0.0	0.8866280000000001	0.370054	-0.277401	0.0	-2.36999	2.45844	0.854675	0.302217	-0.00205857	0.413666	-0.9104270000000001	0.0	0.246719	-0.882074	-0.401341	0.0	-0.9690850000000001	-0.225446	-0.100244	0.0	1.84972	1.59762	2.18879	0.340199	
3	-0.324615	-0.0818668	-0.9422969999999999	0.0	-0.264293	0.9644149999999999	0.00725883	0.0	0.908171	0.251399	-0.334701	0.0	-2.39832	2.43142	0.901967	0.350901	-0.00514346	0.39613400000000004	-0.918178	0.0	0.257413	-0.8867229999999999	-0.38400500000000004	0.0	-0.9662879999999999	-0.238327	-0.0974094	0.0	1.8607799999999999	1.54287	2.2098299999999997	0.340177	
3	-0.300053	0.09938380000000001	-0.948731	0.0	-0.11056099999999999	0.984232	0.13807	0.0	0.9474940000000001	0.146321	-0.284333	0.0	-2.4027700000000003	2.30727	1.02225	0.3629	-0.00951022	0.402669	-0.9152959999999999	0.0	0.260386	-0.882763	-0.39106199999999997	0.0	-0.965458	-0.242049	-0.0964541	0.0	1.8768099999999999	1.48726	2.1653	0.339754	
3	-0.16785899999999998	0.288039	-0.942792	0.0	0.101387	0.956335	0.274125	0.0	0.980584	-0.0495728	-0.18973299999999998	0.0	-2.34996	2.07075	1.26052	0.364129	-0.015996200000000002	0.408138	-0.9127799999999999	0.0	0.27576999999999996	-0.8756879999999999	-0.396385	0.0	-0.961091	-0.258058	-0.09854450000000001	0.0	1.8908099999999999	1.43555	2.12494	0.33881700000000003	
3	-0.0284741	0.37906599999999996	-0.924932	0.0	0.26818400000000003	0.894279	0.358248	0.0	0.9629469999999999	-0.23785100000000003	-0.127123	0.0	-2.36761	1.76633	1.50368	0.364139	-0.020167599999999997	0.41019700000000003	-0.911774	0.0	0.281981	-0.872603	-0.398812	0.0	-0.959208	-0.265146	-0.0980697	0.0	1.9161700000000002	1.39497	2.10836	0.33835	
3	0.0601448	0.429108	-0.901249	0.0	0.385893	0.8226889999999999	0.41745600000000005	0.0	0.920581	-0.372893	-0.11610899999999999	0.0	-2.3891299999999998	1.4491	1.66028	0.363978	-0.0314747	0.41191300000000003	-0.9106790000000001	0.0	0.2889	-0.868491	-0.40281500000000003	0.0	-0.956842	-0.275773	-0.0916658	0.0	1.9699	1.33921	2.11306	0.338471	
3	0.10476300000000001	0.363771	-0.925579	0.0	0.458586	0.8081729999999999	0.36953400000000003	0.0	0.882453	-0.463171	-0.0821534	0.0	-2.44448	1.25728	1.72269	0.362008	-0.0417981	0.412842	-0.9098430000000001	0.0	0.292023	-0.865826	-0.406285	0.0	-0.955498	-0.282677	-0.0843698	0.0	2.01173	1.30732	2.11119	0.338595	
3	0.10723699999999999	0.308595	-0.9451290000000001	0.0	0.49875200000000003	0.805651	0.319644	0.0	0.860085	-0.505663	-0.0675168	0.0	-2.551	1.1083399999999999	1.67562	0.36254000000000003	-0.0452418	0.41396499999999997	-0.909168	0.0	0.291312	-0.8650770000000001	-0.408386	0.0	-0.955558	-0.283328	-0.0814559	0.0	2.0353	1.3154700000000001	2.11315	0.33889400000000003	
3	0.0240792	0.245383	-0.9691270000000001	0.0	0.501039	0.8359059999999999	0.2241	0.0	0.8650899999999999	-0.490967	-0.102818	0.0	-2.65678	1.0577	1.4782	0.363479	-0.046899300000000005	0.41239899999999996	-0.909795	0.0	0.29120100000000004	-0.865592	-0.407373	0.0	-0.955512	-0.284039	-0.07949550000000001	0.0	2.04189	1.32283	2.08941	0.338932	
3	-0.0823077	0.19984000000000002	-0.976366	0.0	0.49794799999999995	0.856884	0.133407	0.0	0.8632920000000001	-0.475199	-0.17003800000000002	0.0	-2.73458	1.0392	1.2860200000000002	0.363363	-0.0549957	0.40936999999999996	-0.910709	0.0	0.291533	-0.865763	-0.40677199999999997	0.0	-0.9549790000000001	-0.28787199999999996	-0.0717317	0.0	2.05138	1.32125	2.11809	0.339018	
3	-0.131147	0.233771	-0.963406	0.0	0.35804600000000003	0.917374	0.173861	0.0	0.9244479999999999	-0.322142	-0.204012	0.0	-2.79468	1.01106	0.9715719999999999	0.362008	-0.06322430000000001	0.408713	-0.9104709999999999	0.0	0.29401700000000003	-0.8641790000000001	-0.40834899999999996	0.0	-0.953707	-0.293511	-0.06553139999999999	0.0	2.05389	1.31979	2.14146	0.33888	
3	-0.11296600000000001	0.23950500000000002	-0.9643010000000001	0.0	0.28536500000000004	0.9374459999999999	0.199405	0.0	0.951738	-0.252652	-0.174246	0.0	-2.80923	0.9099959999999999	0.822516	0.36154200000000003	-0.0642166	0.406032	-0.9116	0.0	0.292943	-0.8655709999999999	-0.40616599999999997	0.0	-0.9539709999999999	-0.293129	-0.0633601	0.0	2.0607	1.32679	2.15462	0.338973	
3	-0.13833900000000002	0.255639	-0.956823	0.0	0.196128	0.954051	0.22654200000000002	0.0	0.9707709999999999	-0.15632000000000001	-0.182121	0.0	-2.81776	0.8632340000000001	0.690207	0.35912	-0.06458430000000001	0.40465500000000004	-0.912186	0.0	0.292714	-0.8662040000000001	-0.404981	0.0	-0.954017	-0.293165	-0.06250499999999999	0.0	2.06264	1.3309600000000001	2.16673	0.33871599999999996	
3	-0.269492	0.202768	-0.941414	0.0	0.0387469	0.979073	0.19978800000000002	0.0	0.9622229999999999	0.017364400000000002	-0.27170900000000003	0.0	-2.7751799999999998	0.9545399999999999	0.415279	0.355051	-0.0685096	0.410235	-0.9094030000000001	0.0	0.294196	-0.8627020000000001	-0.41133100000000006	0.0	-0.9532860000000001	-0.295723	-0.061586300000000004	0.0	2.05966	1.31375	2.16697	0.338594	
3	-0.278794	0.209458	-0.9372309999999999	0.0	0.0826624	0.9775370000000001	0.193876	0.0	0.956787	-0.023422099999999998	-0.289846	0.0	-2.8022	0.976044	0.40315	0.351432	-0.07626310000000001	0.41579799999999995	-0.9062540000000001	0.0	0.296012	-0.858482	-0.41878999999999994	0.0	-0.9521350000000001	-0.3002	-0.057611	0.0	2.05395	1.28995	2.1756599999999997	0.338683	
3	-0.207564	0.197194	-0.95814	0.0	0.182855	0.9700280000000001	0.160029	0.0	0.96098	-0.141984	-0.2374	0.0	-2.82527	0.9476950000000001	0.48954200000000003	0.33408499999999997	-0.0815872	0.418688	-0.904458	0.0	0.296059	-0.85634	-0.42312	0.0	-0.951679	-0.302294	-0.0540904	0.0	2.0495400000000004	1.27201	2.18253	0.338597	
3	-0.12170399999999999	0.19162300000000002	-0.973894	0.0	0.301385	0.9419959999999999	0.14768299999999998	0.0	0.9457030000000001	-0.275544	-0.172397	0.0	-2.81986	0.8816129999999999	0.665058	0.33509099999999997	-0.0860656	0.420763	-0.9030790000000001	0.0	0.297031	-0.854383	-0.426382	0.0	-0.950981	-0.30494	-0.05144680000000001	0.0	2.05001	1.26247	2.19188	0.338595	
3	-0.030351099999999995	0.21039699999999997	-0.977145	0.0	0.412412	0.8931389999999999	0.179499	0.0	0.910492	-0.397538	-0.113878	0.0	-2.79622	0.764486	0.799497	0.360001	-0.0908921	0.42197700000000005	-0.9020389999999999	0.0	0.298016	-0.8527530000000001	-0.42895	0.0	-0.950224	-0.30781	-0.048247500000000006	0.0	2.0509	1.26355	2.2015	0.33855	
3	0.0850427	0.281092	-0.9559049999999999	0.0	0.517331	0.807474	0.283469	0.0	0.85155	-0.518626	-0.0767478	0.0	-2.82785	0.563083	0.850899	0.360241	-0.0955095	0.42348500000000006	-0.900854	0.0	0.29920599999999997	-0.850928	-0.431737	0.0	-0.9493969999999999	-0.310776	-0.045437599999999995	0.0	2.05251	1.26534	2.20487	0.338801	
3	0.12750799999999998	0.328762	-0.935766	0.0	0.593498	0.730625	0.337561	0.0	0.794671	-0.598416	-0.10195900000000001	0.0	-2.8498799999999997	0.413079	0.807946	0.359188	-0.0993456	0.42385100000000003	-0.900267	0.0	0.299537	-0.850039	-0.43325699999999995	0.0	-0.9488979999999999	-0.312706	-0.0425116	0.0	2.05436	1.26994	2.20969	0.339035	
3	0.269859	0.358856	-0.893532	0.0	0.659117	0.60764	0.4431	0.0	0.701955	-0.708517	-0.072551	0.0	-2.89388	0.19875299999999999	0.757202	0.358659	-0.10383599999999998	0.426617	-0.898452	0.0	0.302637	-0.846949	-0.437137	0.0	-0.947433	-0.317295	-0.0411661	0.0	2.0552	1.26817	2.219	0.339481	
3	0.33516599999999996	0.381749	-0.8613540000000001	0.0	0.694159	0.518091	0.499725	0.0	0.63703	-0.765408	-0.09134810000000002	0.0	-2.91575	0.0626432	0.673962	0.357885	-0.10603299999999999	0.42731199999999997	-0.8978649999999999	0.0	0.30281399999999997	-0.846191	-0.43848000000000004	0.0	-0.947133	-0.318379	-0.039671899999999996	0.0	2.05172	1.26121	2.2166200000000003	0.339557	
3	0.423178	0.39409099999999997	-0.815851	0.0	0.719051	0.401779	0.567044	0.0	0.551259	-0.826599	-0.113347	0.0	-2.9579299999999997	-0.14183199999999999	0.5205310000000001	0.35933000000000004	-0.111793	0.42864399999999997	-0.896531	0.0	0.30403600000000003	-0.8441690000000001	-0.441521	0.0	-0.9460790000000001	-0.321937	-0.03595159999999999	0.0	2.05231	1.26072	2.23153	0.339836	
3	0.436766	0.414354	-0.798465	0.0	0.732286	0.35176599999999997	0.58311	0.0	0.522487	-0.8393879999999999	-0.149786	0.0	-3.00961	-0.32085	0.32149099999999997	0.362175	-0.11524000000000001	0.427671	-0.896559	0.0	0.304805	-0.843806	-0.44168599999999997	0.0	-0.945417	-0.324175	-0.0331164	0.0	2.05845	1.27778	2.25203	0.339839	
3	0.450917	0.43249399999999993	-0.780783	0.0	0.7331489999999999	0.319461	0.6003649999999999	0.0	0.509084	-0.843145	-0.173032	0.0	-3.04428	-0.450425	0.11616099999999999	0.363906	-0.12022200000000001	0.430505	-0.894546	0.0	0.30534	-0.841366	-0.44594799999999996	0.0	-0.944624	-0.326754	-0.0303	0.0	2.0642099999999997	1.29361	2.27117	0.339931	
3	0.456665	0.452621	-0.765893	0.0	0.7406520000000001	0.283494	0.609152	0.0	0.492841	-0.8454379999999999	-0.205773	0.0	-3.05457	-0.514067	-0.104326	0.363979	-0.12377	0.434317	-0.892217	0.0	0.306184	-0.838543	-0.45066300000000004	0.0	-0.943892	-0.328961	-0.029194799999999996	0.0	2.0704599999999997	1.30844	2.2824	0.339951	
3	0.46577700000000005	0.462321	-0.7545270000000001	0.0	0.74328	0.2583	0.617103	0.0	0.48019399999999995	-0.8482569999999999	-0.22332399999999997	0.0	-3.06495	-0.557633	-0.304842	0.363982	-0.12497799999999999	0.436067	-0.891194	0.0	0.305316	-0.8377450000000001	-0.45273100000000005	0.0	-0.9440139999999999	-0.328677	-0.0284387	0.0	2.07308	1.31236	2.28412	0.33974499999999996	
3	0.49759899999999996	0.46585699999999997	-0.731691	0.0	0.7358520000000001	0.219906	0.64044	0.0	0.45925699999999997	-0.8570989999999999	-0.233377	0.0	-3.0814	-0.6099319999999999	-0.476362	0.36381399999999997	-0.12682100000000002	0.43467	-0.891616	0.0	0.303786	-0.8386610000000001	-0.452064	0.0	-0.944262	-0.328191	-0.025687	0.0	2.06838	1.31439	2.28768	0.33979899999999996	
3	0.50445	0.49621099999999996	-0.706615	0.0	0.737193	0.178552	0.651664	0.0	0.44953000000000004	-0.849643	-0.275733	0.0	-3.08201	-0.640319	-0.6026130000000001	0.362541	-0.131245	0.43449099999999996	-0.8910629999999999	0.0	0.299243	-0.8395469999999999	-0.45344700000000004	0.0	-0.945108	-0.32615700000000003	-0.0198315	0.0	2.06501	1.32501	2.30255	0.339769	
3	0.511962	0.5432819999999999	-0.665387	0.0	0.7338899999999999	0.125933	0.667492	0.0	0.446431	-0.830052	-0.33423600000000003	0.0	-3.05555	-0.690973	-0.7606970000000001	0.361404	-0.144393	0.441961	-0.885337	0.0	0.294722	-0.8348979999999999	-0.46484899999999996	0.0	-0.9446110000000001	-0.32805	-0.00970252	0.0	2.03892	1.34181	2.3565	0.339937	
3	0.532251	0.557457	-0.637143	0.0	0.726495	0.0856314	0.681815	0.0	0.43464200000000003	-0.825778	-0.359412	0.0	-3.11554	-0.797794	-0.9099309999999999	0.36086799999999997	-0.157902	0.448837	-0.879552	0.0	0.295067	-0.828583	-0.4758	0.0	-0.9423389999999999	-0.334656	-0.00160293	0.0	2.00882	1.34097	2.40007	0.33986900000000003	
3	0.549456	0.565148	-0.61539	0.0	0.712172	0.0683801	0.698667	0.0	0.436931	-0.8221510000000001	-0.364911	0.0	-3.12993	-0.907766	-1.00987	0.358908	-0.170622	0.45410500000000004	-0.874458	0.0	0.293783	-0.8236620000000001	-0.48504899999999995	0.0	-0.9405209999999999	-0.339661	0.00712669	0.0	1.9706	1.33689	2.46159	0.33982199999999996	
3	0.565667	0.599745	-0.565974	0.0	0.68358	0.04285	0.7286159999999999	0.0	0.461236	-0.7990430000000001	-0.385735	0.0	-3.13634	-0.932366	-1.09016	0.350636	-0.175288	0.45641099999999996	-0.872332	0.0	0.293599	-0.8215	-0.48881199999999997	0.0	-0.9397200000000001	-0.34179899999999996	0.00999655	0.0	1.9580400000000002	1.32885	2.50182	0.33962	
3	0.6099979999999999	0.596722	-0.521369	0.0	0.653133	-0.00606492	0.757219	0.0	0.448687	-0.802425	-0.393438	0.0	-3.08577	-0.928682	-1.1191	0.350199	-0.179804	0.457793	-0.8706870000000001	0.0	0.294852	-0.8193360000000001	-0.49168199999999995	0.0	-0.938474	-0.34513	0.0123383	0.0	1.9506299999999999	1.3326200000000001	2.5173200000000002	0.339794	
3	0.629083	0.576706	-0.5212140000000001	0.0	0.644071	-0.0112817	0.764883	0.0	0.435233	-0.816874	-0.378537	0.0	-3.0472900000000003	-0.937449	-1.1154600000000001	0.350519	-0.183956	0.460035	-0.8686360000000001	0.0	0.294929	-0.817166	-0.49523500000000004	0.0	-0.9376450000000001	-0.347287	0.014644799999999998	0.0	1.95092	1.34734	2.5124	0.339562	
3	0.629051	0.569736	-0.528863	0.0	0.644903	-0.00261232	0.76426	0.0	0.43404499999999996	-0.821824	-0.369068	0.0	-3.0522299999999998	-0.940552	-1.09614	0.350736	-0.191838	0.466347	-0.86355	0.0	0.295005	-0.8118	-0.5039359999999999	0.0	-0.936039	-0.351426	0.0181595	0.0	1.94881	1.37789	2.49762	0.33965700000000004	
3	0.629559	0.571267	-0.526602	0.0	0.6431979999999999	-0.00300406	0.765694	0.0	0.43583299999999997	-0.820759	-0.369329	0.0	-3.08879	-0.9485709999999999	-1.05637	0.350862	-0.197601	0.470815	-0.8598180000000001	0.0	0.29611	-0.807473	-0.510203	0.0	-0.934491	-0.355417	0.0201445	0.0	1.95475	1.42486	2.5149	0.33963899999999997	
3	0.624012	0.585069	-0.517979	0.0	0.640066	-0.00245745	0.768316	0.0	0.448245	-0.81098	-0.376017	0.0	-3.10184	-0.9479629999999999	-1.064	0.35054	-0.198701	0.47814399999999996	-0.855509	0.0	0.29547399999999996	-0.8030729999999999	-0.517464	0.0	-0.934459	-0.355601	0.0182926	0.0	1.94603	1.44611	2.4969200000000003	0.339853	
3	0.624029	0.584274	-0.5188560000000001	0.0	0.639069	0.00047917699999999996	0.769149	0.0	0.449642	-0.811557	-0.37309200000000003	0.0	-3.10238	-0.9492940000000001	-1.07247	0.35076399999999996	-0.20109000000000002	0.47671899999999995	-0.8557469999999999	0.0	0.297043	-0.802783	-0.517015	0.0	-0.93345	-0.35816	0.019825400000000003	0.0	1.93638	1.4488299999999998	2.4759700000000002	0.33977199999999996	
3	0.618795	0.59018	-0.51844	0.0	0.638491	0.00660322	0.769601	0.0	0.45762700000000006	-0.807245	-0.372739	0.0	-3.10987	-0.952649	-1.05382	0.34994400000000003	-0.203977	0.469053	-0.8592920000000001	0.0	0.297266	-0.8066260000000001	-0.5108699999999999	0.0	-0.932752	-0.359644	0.025099700000000003	0.0	1.9435	1.45038	2.4950900000000003	0.339753	
3	0.613637	0.592372	-0.522059	0.0	0.640251	0.013645500000000001	0.768045	0.0	0.462092	-0.805549	-0.370893	0.0	-3.12659	-0.955216	-1.07175	0.349285	-0.202925	0.467654	-0.860303	0.0	0.29505	-0.808547	-0.509115	0.0	-0.933685	-0.357144	0.026092700000000003	0.0	1.95985	1.45167	2.51818	0.33964	
3	0.611682	0.587051	-0.530299	0.0	0.646197	0.0159325	0.763004	0.0	0.456371	-0.809393	-0.369605	0.0	-3.11903	-0.9537030000000001	-1.0811600000000001	0.349864	-0.20293599999999998	0.46778400000000003	-0.8602299999999999	0.0	0.288166	-0.811075	-0.5090359999999999	0.0	-0.9358299999999999	-0.351191	0.0297967	0.0	1.98462	1.46495	2.53556	0.339713	
3	0.608668	0.5938260000000001	-0.526207	0.0	0.648191	0.0103138	0.761408	0.0	0.457571	-0.804527	-0.378635	0.0	-3.12049	-0.9471360000000001	-1.09204	0.350427	-0.203596	0.47063999999999995	-0.8585139999999999	0.0	0.284152	-0.810732	-0.511832	0.0	-0.9369129999999999	-0.348156	0.031327600000000004	0.0	1.99728	1.48115	2.5513	0.339754	
3	0.60963	0.590496	-0.528835	0.0	0.648069	0.012887799999999998	0.761472	0.0	0.456462	-0.806938	-0.374825	0.0	-3.11925	-0.949067	-1.08791	0.35084099999999996	-0.20269	0.47332299999999994	-0.857252	0.0	0.283199	-0.809682	-0.514018	0.0	-0.937398	-0.346959	0.0300699	0.0	2.00259	1.47548	2.58161	0.33971799999999996	
3	0.609582	0.5905090000000001	-0.528875	0.0	0.6480670000000001	0.012994799999999997	0.761472	0.0	0.456529	-0.806926	-0.374768	0.0	-3.1207700000000003	-0.9501809999999999	-1.08315	0.350827	-0.202825	0.47349399999999997	-0.857126	0.0	0.283211	-0.809545	-0.5142260000000001	0.0	-0.937365	-0.347046	0.0300978	0.0	2.0028200000000003	1.4752100000000001	2.58115	0.339762	
3	0.609581	0.590512	-0.5288729999999999	0.0	0.648068	0.012992700000000003	0.761472	0.0	0.45653	-0.806924	-0.374771	0.0	-3.1207599999999998	-0.9501620000000001	-1.08322	0.350827	-0.202826	0.473497	-0.857125	0.0	0.28321	-0.809543	-0.514229	0.0	-0.937365	-0.347045	0.030097000000000002	0.0	2.0028200000000003	1.4752299999999998	2.5811	0.339762	
3	0.609581	0.590512	-0.5288729999999999	0.0	0.648068	0.0129929	0.761472	0.0	0.45653	-0.806925	-0.374771	0.0	-3.1207599999999998	-0.9501620000000001	-1.08322	0.350827	-0.202826	0.473497	-0.857125	0.0	0.28321	-0.809543	-0.514229	0.0	-0.937365	-0.347045	0.0300969	0.0	2.0028200000000003	1.4752299999999998	2.5811	0.339762	
3	0.609581	0.590512	-0.5288729999999999	0.0	0.648068	0.0129929	0.761472	0.0	0.45653	-0.806925	-0.374771	0.0	-3.1207599999999998	-0.9501620000000001	-1.08322	0.350827	-0.202826	0.473497	-0.857125	0.0	0.28321	-0.809543	-0.514229	0.0	-0.937365	-0.347045	0.0300969	0.0	2.0028200000000003	1.4752299999999998	2.5811	0.339762	
3	0.609581	0.590512	-0.5288729999999999	0.0	0.6480670000000001	0.0129931	0.761472	0.0	0.45653	-0.806925	-0.374771	0.0	-3.1207599999999998	-0.9501620000000001	-1.08322	0.350827	-0.202826	0.473497	-0.857125	0.0	0.28321	-0.809543	-0.514229	0.0	-0.937365	-0.347045	0.0300969	0.0	2.0028200000000003	1.4752299999999998	2.5811	0.339762	
3	0.609581	0.590512	-0.5288729999999999	0.0	0.6480670000000001	0.0129931	0.761472	0.0	0.45653	-0.806925	-0.374771	0.0	-3.1207599999999998	-0.950161	-1.08322	0.350827	-0.202826	0.473497	-0.857125	0.0	0.28321	-0.809543	-0.514229	0.0	-0.937365	-0.347045	0.0300969	0.0	2.0028200000000003	1.4752299999999998	2.5811	0.339762	
3	0.609581	0.590512	-0.5288729999999999	0.0	0.648068	0.0129929	0.761472	0.0	0.45653	-0.806925	-0.374771	0.0	-3.1207599999999998	-0.9501620000000001	-1.08322	0.350827	-0.202826	0.473497	-0.857125	0.0	0.28321	-0.809543	-0.514229	0.0	-0.937365	-0.347045	0.0300969	0.0	2.0028200000000003	1.4752299999999998	2.5811	0.339762	
3	0.609581	0.590512	-0.5288729999999999	0.0	0.6480670000000001	0.0129931	0.761472	0.0	0.45653	-0.806924	-0.374771	0.0	-3.1207599999999998	-0.9501620000000001	-1.08322	0.350827	-0.202826	0.473497	-0.857125	0.0	0.28321	-0.809543	-0.514229	0.0	-0.937365	-0.347045	0.0300969	0.0	2.0028200000000003	1.4752299999999998	2.5811	0.339762	
3	0.609581	0.590512	-0.5288729999999999	0.0	0.648068	0.0129929	0.761472	0.0	0.45653	-0.806925	-0.374771	0.0	-3.1207599999999998	-0.9501620000000001	-1.08322	0.350827	-0.202826	0.473497	-0.857125	0.0	0.28321	-0.809543	-0.514229	0.0	-0.937366	-0.347045	0.0300969	0.0	2.0028200000000003	1.4752299999999998	2.5811	0.33976300000000004	
3	0.609581	0.590512	-0.5288729999999999	0.0	0.648068	0.0129929	0.761472	0.0	0.45653	-0.806925	-0.374771	0.0	-3.1207599999999998	-0.950161	-1.08322	0.350827	-0.202826	0.473497	-0.857125	0.0	0.28321	-0.809543	-0.514229	0.0	-0.937365	-0.347045	0.0300969	0.0	2.0028200000000003	1.4752299999999998	2.5811	0.339762	
3	0.609581	0.590512	-0.5288729999999999	0.0	0.648068	0.0129929	0.761472	0.0	0.45653	-0.806925	-0.374771	0.0	-3.1207599999999998	-0.9501620000000001	-1.08322	0.350827	-0.202826	0.473497	-0.857125	0.0	0.28321	-0.809543	-0.514229	0.0	-0.937366	-0.347045	0.0300969	0.0	2.0028200000000003	1.4752299999999998	2.5811	0.339762	
3	0.609581	0.590512	-0.5288729999999999	0.0	0.648068	0.0129929	0.761472	0.0	0.45653	-0.806925	-0.374771	0.0	-3.1207599999999998	-0.9501620000000001	-1.08322	0.350827	-0.202826	0.473497	-0.857125	0.0	0.28321	-0.809543	-0.514229	0.0	-0.937365	-0.347045	0.0300969	0.0	2.0028200000000003	1.4752299999999998	2.5811	0.339762	
3	0.609581	0.590512	-0.5288729999999999	0.0	0.648068	0.0129929	0.761472	0.0	0.45653	-0.806925	-0.374771	0.0	-3.1207599999999998	-0.950161	-1.08322	0.350827	-0.202826	0.473497	-0.857125	0.0	0.28321	-0.809543	-0.514229	0.0	-0.937366	-0.347045	0.0300969	0.0	2.0028200000000003	1.4752299999999998	2.5811	0.339762	
3	0.609581	0.590512	-0.5288729999999999	0.0	0.648068	0.0129929	0.761472	0.0	0.45653	-0.806925	-0.374771	0.0	-3.1207599999999998	-0.9501620000000001	-1.08322	0.350827	-0.202826	0.473497	-0.857125	0.0	0.28321	-0.809543	-0.514229	0.0	-0.937365	-0.347045	0.0300969	0.0	2.0028200000000003	1.4752299999999998	2.5811	0.339762	
3	0.609581	0.590512	-0.5288729999999999	0.0	0.648068	0.0129929	0.761472	0.0	0.45653	-0.806925	-0.374771	0.0	-3.1207599999999998	-0.9501620000000001	-1.08322	0.350827	-0.202826	0.473497	-0.857125	0.0	0.28321	-0.809543	-0.514229	0.0	-0.937365	-0.347045	0.0300969	0.0	2.0028200000000003	1.4752299999999998	2.5811	0.339762	
3	0.22093000000000002	0.576453	-0.786697	0.0	0.654562	0.5103340000000001	0.55777	0.0	0.723006	-0.63817	-0.26457600000000003	0.0	-3.10563	-0.981399	-1.08881	0.355245	-0.327752	0.535445	-0.778381	0.0	0.336623	-0.703633	-0.625768	0.0	-0.882759	-0.46711800000000003	0.050374	0.0	1.992	1.49415	2.57308	0.335226	
3	0.23063000000000003	0.578624	-0.782307	0.0	0.6546	0.5025890000000001	0.564715	0.0	0.7199369999999999	-0.642338	-0.262855	0.0	-3.09388	-0.9842719999999999	-1.09877	0.354997	-0.325891	0.533849	-0.780257	0.0	0.33884899999999996	-0.7045239999999999	-0.6235609999999999	0.0	-0.8825959999999999	-0.467602	0.048703300000000005	0.0	2.01153	1.51026	2.57085	0.335623	
3	0.31206999999999996	0.590128	-0.744554	0.0	0.6717489999999999	0.417133	0.612171	0.0	0.671838	-0.691194	-0.266244	0.0	-3.08363	-0.974191	-1.1705	0.355284	-0.320538	0.5383979999999999	-0.7793479999999999	0.0	0.341281	-0.701863	-0.625233	0.0	-0.883619	-0.466388	0.0412287	0.0	2.04142	1.56354	2.51273	0.33674699999999996	
3	0.35904200000000003	0.589335	-0.723722	0.0	0.675447	0.371058	0.63725	0.0	0.644096	-0.717635	-0.26484	0.0	-3.11383	-0.9937540000000001	-1.24209	0.355479	-0.319062	0.53908	-0.779482	0.0	0.344102	-0.70045	-0.625272	0.0	-0.883059	-0.467722	0.0379888	0.0	2.0511	1.57674	2.49728	0.337208	
3	0.503452	0.520913	-0.689337	0.0	0.661656	0.280641	0.695307	0.0	0.555651	-0.806158	-0.203376	0.0	-3.2812	-1.29501	-1.48616	0.356765	-0.320519	0.538463	-0.7793100000000001	0.0	0.34587399999999996	-0.699381	-0.62549	0.0	-0.8818379999999999	-0.470025	0.0379247	0.0	2.0556799999999997	1.57158	2.46984	0.338781	
3	0.5462520000000001	0.49809899999999996	-0.673428	0.0	0.646021	0.261219	0.717232	0.0	0.533165	-0.826838	-0.179091	0.0	-3.3522	-1.4520600000000001	-1.58798	0.35720799999999997	-0.32081	0.538179	-0.7793869999999999	0.0	0.347589	-0.698569	-0.625447	0.0	-0.881058	-0.47155600000000003	0.0370426	0.0	2.06373	1.5696	2.4767799999999998	0.339281	
3	0.622803	0.465218	-0.629038	0.0	0.606368	0.22105300000000003	0.763842	0.0	0.494404	-0.857151	-0.144421	0.0	-3.44414	-1.7542400000000002	-1.84828	0.358041	-0.31856100000000004	0.538446	-0.780125	0.0	0.35673499999999997	-0.694394	-0.624946	0.0	-0.8782129999999999	-0.477382	0.029124599999999997	0.0	2.1242799999999997	1.56135	2.4581	0.339457	
3	0.675334	0.44048100000000007	-0.5915239999999999	0.0	0.571098	0.195164	0.797345	0.0	0.466659	-0.876292	-0.119756	0.0	-3.4669300000000005	-1.9700799999999998	-1.9877200000000002	0.359176	-0.31384	0.539694	-0.781176	0.0	0.361225	-0.693008	-0.623904	0.0	-0.878078	-0.47798599999999997	0.0225423	0.0	2.14831	1.55185	2.40746	0.339674	
3	0.691419	0.434359	-0.5772970000000001	0.0	0.559248	0.18408	0.808304	0.0	0.457362	-0.8817299999999999	-0.115638	0.0	-3.4683800000000002	-2.0859	-2.06032	0.35946100000000003	-0.310697	0.5406810000000001	-0.781749	0.0	0.360854	-0.693783	-0.623258	0.0	-0.879347	-0.475742	0.0204498	0.0	2.15981	1.55479	2.3944	0.33964099999999997	
3	0.7259359999999999	0.4151	-0.548369	0.0	0.535317	0.159563	0.829443	0.0	0.43180100000000005	-0.895674	-0.106378	0.0	-3.46214	-2.30602	-2.19549	0.359507	-0.305481	0.5410659999999999	-0.783536	0.0	0.360867	-0.695703	-0.621106	0.0	-0.881167	-0.47248900000000005	0.0172707	0.0	2.17047	1.5742	2.3658900000000003	0.339929	
3	0.7341310000000001	0.415104	-0.537345	0.0	0.5267149999999999	0.151277	0.8364729999999999	0.0	0.428511	-0.897109	-0.10758499999999999	0.0	-3.4679599999999997	-2.4619400000000002	-2.2756	0.359774	-0.30424	0.5422640000000001	-0.783191	0.0	0.363044	-0.694112	-0.621617	0.0	-0.8807020000000001	-0.473454	0.0143114	0.0	2.17162	1.58489	2.35359	0.340217	
3	0.73595	0.413925	-0.5357649999999999	0.0	0.5255449999999999	0.149621	0.837506	0.0	0.42682600000000004	-0.8979309999999999	-0.107423	0.0	-3.46371	-2.54733	-2.31576	0.35996500000000003	-0.304757	0.5427310000000001	-0.782666	0.0	0.36344299999999996	-0.6933050000000001	-0.6222840000000001	0.0	-0.880359	-0.4741	0.014038	0.0	2.16987	1.58627	2.34423	0.340303	
3	0.742977	0.405918	-0.53218	0.0	0.5215029999999999	0.147317	0.8404360000000001	0.0	0.419548	-0.901958	-0.102234	0.0	-3.4273599999999997	-2.60779	-2.31823	0.361656	-0.2996	0.544878	-0.783165	0.0	0.366863	-0.691964	-0.6217699999999999	0.0	-0.880711	-0.473596	0.00741678	0.0	2.1619099999999998	1.5876700000000001	2.31242	0.340553	
3	0.74711	0.394783	-0.5347649999999999	0.0	0.519849	0.154328	0.840202	0.0	0.41422700000000007	-0.9057200000000001	-0.0899279	0.0	-3.42339	-2.60698	-2.3289299999999997	0.36409899999999995	-0.29875300000000005	0.5450020000000001	-0.783403	0.0	0.367216	-0.692037	-0.621479	0.0	-0.880851	-0.473347	0.00661483	0.0	2.1614	1.5923	2.3010200000000003	0.34062	
3	0.751213	0.385887	-0.53551	0.0	0.51593	0.16275499999999998	0.8410270000000001	0.0	0.41169799999999995	-0.908076	-0.07682739999999999	0.0	-3.4229199999999995	-2.61271	-2.32709	0.36475599999999997	-0.297404	0.5452319999999999	-0.783756	0.0	0.369271	-0.691325	-0.621055	0.0	-0.8804489999999999	-0.47412200000000004	0.00426432	0.0	2.16286	1.59859	2.30021	0.34065	
3	0.752797	0.377197	-0.539461	0.0	0.5112979999999999	0.181079	0.84011	0.0	0.41457200000000005	-0.908258	-0.0565442	0.0	-3.4249199999999997	-2.61883	-2.34386	0.367603	-0.297646	0.546655	-0.782672	0.0	0.370204	-0.689589	-0.622428	0.0	-0.879975	-0.47501099999999996	0.00287932	0.0	2.16091	1.59636	2.29435	0.340986	
3	0.757722	0.368277	-0.538729	0.0	0.506828	0.187918	0.841316	0.0	0.411074	-0.9105270000000001	-0.044264	0.0	-3.4207	-2.61899	-2.35227	0.367591	-0.297705	0.546696	-0.782621	0.0	0.370793	-0.689213	-0.622494	0.0	-0.879707	-0.47551000000000004	0.00247094	0.0	2.1622	1.5941100000000001	2.28778	0.34085	
3	0.762969	0.363271	-0.534708	0.0	0.5023850000000001	0.18732000000000001	0.844109	0.0	0.406802	-0.912658	-0.0395833	0.0	-3.41604	-2.6164400000000003	-2.35158	0.367248	-0.296786	0.545751	-0.783629	0.0	0.371746	-0.689842	-0.6212270000000001	0.0	-0.8796149999999999	-0.475682	0.00185412	0.0	2.1636	1.59792	2.28764	0.340814	
3	0.767251	0.360742	-0.530274	0.0	0.498488	0.184791	0.846972	0.0	0.403528	-0.914176	-0.03804419999999999	0.0	-3.4123699999999997	-2.61464	-2.35546	0.367526	-0.29727	0.545545	-0.783589	0.0	0.370879	-0.690267	-0.621274	0.0	-0.879818	-0.47530200000000006	0.00286442	0.0	2.16598	1.60043	2.29089	0.340951	
3	0.7732720000000001	0.358795	-0.522796	0.0	0.49252399999999996	0.179387	0.851611	0.0	0.399337	-0.9160159999999999	-0.03799980000000001	0.0	-3.40838	-2.61944	-2.35629	0.36835999999999997	-0.296167	0.544026	-0.785061	0.0	0.370516	-0.6921350000000001	-0.619409	0.0	-0.880343	-0.474326	0.00341687	0.0	2.1725	1.6120299999999999	2.29535	0.341084	
3	0.777406	0.359496	-0.516142	0.0	0.484307	0.18149200000000001	0.855866	0.0	0.401356	-0.915327	-0.0330131	0.0	-3.40925	-2.62117	-2.36037	0.368814	-0.29522	0.54393	-0.785484	0.0	0.371214	-0.692237	-0.618877	0.0	-0.880367	-0.474287	0.00244722	0.0	2.1768099999999997	1.6205100000000001	2.29984	0.341007	
3	0.792285	0.338066	-0.507933	0.0	0.45304099999999997	0.23167600000000002	0.8608600000000001	0.0	0.408704	-0.9121610000000001	0.0303954	0.0	-3.3557900000000003	-3.40775	-2.34878	0.33913699999999997	-0.29445	0.5444760000000001	-0.785395	0.0	0.37141	-0.692028	-0.618993	0.0	-0.880542	-0.47396499999999997	0.0015434000000000001	0.0	2.18208	1.63411	2.29908	0.340943	
3	0.8240139999999999	0.350013	-0.445524	0.0	0.365037	0.273406	0.889942	0.0	0.43330100000000005	-0.895958	0.09752260000000001	0.0	-3.39813	-3.4066	-2.39463	0.327404	-0.294631	0.543717	-0.785852	0.0	0.371246	-0.692637	-0.61841	0.0	-0.880551	-0.473947	0.00221926	0.0	2.18925	1.6485599999999998	2.30451	0.340877	
3	0.868966	0.383333	-0.312975	0.0	0.21830500000000003	0.27064	0.937602	0.0	0.444118	-0.8830680000000001	0.15149400000000002	0.0	-3.4531099999999997	-3.41604	-2.41742	0.326021	-0.294026	0.54415	-0.785779	0.0	0.37164400000000003	-0.692338	-0.618506	0.0	-0.8805850000000001	-0.473887	0.00133511	0.0	2.1926900000000002	1.65693	2.3071200000000003	0.340945	
3	0.8697290000000001	0.402379	-0.285767	0.0	0.185455	0.27013000000000004	0.944794	0.0	0.457359	-0.874712	0.16031600000000001	0.0	-3.47649	-3.42118	-2.4262599999999996	0.318155	-0.294396	0.5448310000000001	-0.785169	0.0	0.371795	-0.6915640000000001	-0.6192810000000001	0.0	-0.8803979999999999	-0.474235	0.00102815	0.0	2.19277	1.65867	2.30815	0.340935	
3	0.8988290000000001	0.38300700000000004	-0.2131	0.0	0.13586199999999998	0.218782	0.966269	0.0	0.41671	-0.8974629999999999	0.144611	0.0	-3.5074199999999998	-3.42349	-2.42088	0.338067	-0.293258	0.546037	-0.7847569999999999	0.0	0.373606	-0.69012	-0.6198020000000001	0.0	-0.8800110000000001	-0.474951	-0.00161988	0.0	2.19024	1.6436	2.29819	0.340923	
3	0.8976639999999999	0.381917	-0.219862	0.0	0.14573	0.213579	0.965995	0.0	0.41588800000000004	-0.89918	0.13606600000000002	0.0	-3.54086	-3.4301199999999996	-2.44194	0.337624	-0.292498	0.5469649999999999	-0.7843939999999999	0.0	0.37446599999999997	-0.689246	-0.620254	0.0	-0.879898	-0.475152	-0.00321665	0.0	2.1872700000000003	1.6311799999999999	2.29018	0.340928	
3	0.8973899999999999	0.381879	-0.22104400000000002	0.0	0.147241	0.213075	0.9658770000000001	0.0	0.415947	-0.899315	0.134983	0.0	-3.5408800000000005	-3.4304300000000003	-2.44325	0.33673600000000004	-0.291902	0.5470229999999999	-0.784576	0.0	0.374218	-0.689588	-0.620023	0.0	-0.880201	-0.47458900000000004	-0.00341395	0.0	2.1857900000000003	1.62808	2.28893	0.340783	
3	0.897768	0.37788299999999997	-0.22631199999999999	0.0	0.153724	0.21269000000000002	0.964952	0.0	0.41277299999999995	-0.901092	0.132857	0.0	-3.56415	-3.43911	-2.48064	0.308762	-0.291118	0.5459069999999999	-0.785644	0.0	0.373783	-0.691036	-0.618672	0.0	-0.8806459999999999	-0.473767	-0.00287798	0.0	2.1874	1.63085	2.28955	0.340942	
3	0.899117	0.367825	-0.237261	0.0	0.164055	0.219349	0.9617549999999999	0.0	0.4058	-0.9036540000000001	0.136877	0.0	-3.5869400000000002	-3.4434400000000003	-2.52861	0.266751	-0.29161	0.545467	-0.785767	0.0	0.373102	-0.691541	-0.61852	0.0	-0.8807719999999999	-0.473538	-0.00185528	0.0	2.19006	1.6349799999999999	2.29495	0.340967	
3	0.899711	0.329056	-0.286779	0.0	0.216007	0.235262	0.947625	0.0	0.37929	-0.914535	0.14059000000000002	0.0	-3.5713199999999996	-3.4338599999999997	-2.62144	0.0761877	-0.290632	0.544538	-0.786773	0.0	0.374652	-0.69185	-0.617236	0.0	-0.880437	-0.474154	-0.00293845	0.0	2.2000599999999997	1.65167	2.3127299999999997	0.340937	
3	0.9001459999999999	0.326542	-0.28828400000000004	0.0	0.217002	0.237679	0.946794	0.0	0.377687	-0.914811	0.143086	0.0	-3.5722400000000003	-3.43243	-2.61701	0.07915269999999999	-0.290071	0.5445770000000001	-0.786953	0.0	0.37557199999999996	-0.691561	-0.617001	0.0	-0.88023	-0.47453100000000004	-0.00392619	0.0	2.20289	1.65667	2.31542	0.340976	
3	0.8973389999999999	0.329652	-0.29344899999999996	0.0	0.223698	0.233442	0.94629	0.0	0.38045	-0.9147870000000001	0.135734	0.0	-3.60446	-3.43704	-2.57599	0.14388900000000002	-0.288976	0.5456310000000001	-0.786626	0.0	0.375715	-0.6911189999999999	-0.6174069999999999	0.0	-0.8805290000000001	-0.473963	-0.00528476	0.0	2.20649	1.66577	2.30914	0.340981	
3	0.88964	0.310371	-0.33498	0.0	0.272417	0.22803400000000001	0.934767	0.0	0.36651100000000003	-0.92286	0.118318	0.0	-3.6000199999999998	-3.4468099999999997	-2.50597	0.260527	-0.288286	0.545767	-0.7867850000000001	0.0	0.375066	-0.691653	-0.617205	0.0	-0.8810319999999999	-0.47302700000000003	-0.00530481	0.0	2.2023900000000003	1.65865	2.3025700000000002	0.340976	
3	0.878807	0.298745	-0.37208800000000003	0.0	0.31548400000000004	0.22126700000000002	0.922773	0.0	0.358005	-0.928328	0.100201	0.0	-3.57285	-3.45011	-2.46273	0.30644299999999997	-0.288951	0.544705	-0.787276	0.0	0.375139	-0.692166	-0.616585	0.0	-0.880783	-0.473501	-0.00433797	0.0	2.20113	1.6553	2.30804	0.340929	
3	0.870768	0.288096	-0.398452	0.0	0.347155	0.21365399999999998	0.9131459999999999	0.0	0.348204	-0.9334629999999999	0.0860285	0.0	-3.55501	-3.4473599999999998	-2.45123	0.309008	-0.289223	0.54379	-0.787809	0.0	0.375008	-0.692839	-0.615909	0.0	-0.880749	-0.47357	-0.00354055	0.0	2.20349	1.66052	2.3137	0.341052	
3	0.866785	0.240346	-0.43693999999999994	0.0	0.396949	0.197824	0.8962680000000001	0.0	0.301852	-0.9503149999999999	0.07606569999999999	0.0	-3.50275	-3.43831	-2.43933	0.320844	-0.288119	0.5420229999999999	-0.789429	0.0	0.373659	-0.6954	-0.613838	0.0	-0.881684	-0.471836	-0.00217381	0.0	2.21171	1.67182	2.32143	0.34092	
3	0.866	0.223622	-0.447255	0.0	0.40881999999999996	0.19841199999999998	0.890785	0.0	0.28794000000000003	-0.954267	0.0804032	0.0	-3.5014199999999995	-3.4465	-2.44615	0.32195999999999997	-0.287865	0.5418	-0.789676	0.0	0.373008	-0.696029	-0.613522	0.0	-0.882043	-0.471166	-0.00173369	0.0	2.2136400000000003	1.6765900000000002	2.32117	0.340998	
3	0.8619319999999999	0.197243	-0.46708599999999995	0.0	0.42767	0.212004	0.8787219999999999	0.0	0.272346	-0.9571569999999999	0.0983784	0.0	-3.51985	-3.59785	-2.46907	0.329421	-0.287943	0.54092	-0.79025	0.0	0.373111	-0.696624	-0.612784	0.0	-0.881973	-0.47129799999999994	-0.00123551	0.0	2.2134	1.6771900000000002	2.3233	0.340962	
3	0.8345040000000001	0.19355799999999998	-0.515887	0.0	0.47158599999999995	0.23333600000000002	0.850389	0.0	0.284974	-0.952937	0.103441	0.0	-3.51266	-3.5966099999999996	-2.47621	0.343237	-0.288211	0.539715	-0.790976	0.0	0.37406500000000004	-0.6969350000000001	-0.611847	0.0	-0.881481	-0.472218	-0.00102425	0.0	2.21375	1.6774799999999999	2.32412	0.340999	
3	0.8259920000000001	0.20167100000000002	-0.526371	0.0	0.48468500000000003	0.22264299999999998	0.845879	0.0	0.28778200000000004	-0.9538129999999999	0.0861543	0.0	-3.5259400000000003	-3.59556	-2.4847200000000003	0.315913	-0.287465	0.540238	-0.79089	0.0	0.373501	-0.697141	-0.611957	0.0	-0.881964	-0.471314	-0.00137657	0.0	2.21495	1.6822	2.3239400000000003	0.341013	
3	0.797215	0.19079100000000002	-0.572755	0.0	0.522678	0.256612	0.812994	0.0	0.302088	-0.9474959999999999	0.104852	0.0	-3.47886	-3.55548	-2.53575	0.113973	-0.286568	0.540007	-0.791373	0.0	0.373252	-0.697822	-0.611332	0.0	-0.8823610000000001	-0.47057	-0.00158477	0.0	2.21305	1.68315	2.31263	0.340926	
3	0.776266	0.168071	-0.607589	0.0	0.557945	0.265467	0.786273	0.0	0.293444	-0.949358	0.112298	0.0	-3.48314	-3.5542199999999995	-2.5630900000000003	0.11368900000000001	-0.285007	0.540764	-0.79142	0.0	0.374322	-0.697311	-0.611262	0.0	-0.8824139999999999	-0.47046000000000004	-0.00368166	0.0	2.21367	1.6870900000000002	2.31277	0.340945	
3	0.7064229999999999	0.139558	-0.6938949999999999	0.0	0.638493	0.297417	0.709838	0.0	0.30544	-0.944493	0.120996	0.0	-3.5022300000000004	-3.56265	-2.58181	0.113726	-0.28173400000000004	0.541696	-0.791954	0.0	0.375232	-0.6974520000000001	-0.6105430000000001	0.0	-0.883078	-0.46917700000000007	-0.00676551	0.0	2.21963	1.69855	2.30838	0.341069	
3	0.691446	0.154395	-0.705737	0.0	0.641897	0.316923	0.698232	0.0	0.331468	-0.9358	0.12003	0.0	-3.52308	-3.56595	-2.5775	0.11364	-0.281009	0.542272	-0.791818	0.0	0.37551799999999996	-0.697152	-0.6107090000000001	0.0	-0.883188	-0.46895600000000004	-0.00772718	0.0	2.22242	1.70432	2.30905	0.341052	
3	0.672551	0.17682	-0.7186170000000001	0.0	0.641609	0.344593	0.6852689999999999	0.0	0.368799	-0.921949	0.118307	0.0	-3.56031	-3.5698	-2.57408	0.11320999999999999	-0.280735	0.544434	-0.79043	0.0	0.376429	-0.695109	-0.612475	0.0	-0.8828870000000001	-0.469484	-0.00979942	0.0	2.22297	1.7104400000000002	2.30248	0.340968	
3	0.671095	0.172932	-0.72092	0.0	0.6405810000000001	0.35426399999999997	0.681288	0.0	0.373213	-0.919017	0.126968	0.0	-3.5631800000000005	-3.5691699999999997	-2.5810000000000004	0.11248399999999999	-0.280393	0.544929	-0.7902100000000001	0.0	0.3772	-0.6944560000000001	-0.612741	0.0	-0.882666	-0.469876	-0.010826899999999999	0.0	2.21953	1.70868	2.2953200000000002	0.340902	
3	0.650455	0.154447	-0.743677	0.0	0.666588	0.353274	0.6563979999999999	0.0	0.364101	-0.922683	0.12683599999999998	0.0	-3.60411	-3.44326	-2.58595	0.0148389	-0.28081999999999996	0.543928	-0.790748	0.0	0.379525	-0.693814	-0.612032	0.0	-0.881533	-0.47198	-0.011597399999999999	0.0	2.2191099999999997	1.7044	2.28298	0.34105599999999997	
3	0.6455930000000001	0.150882	-0.748628	0.0	0.669625	0.359468	0.6499119999999999	0.0	0.367168	-0.9208780000000001	0.13103599999999999	0.0	-3.5784300000000004	-3.4356	-2.55163	0.0	-0.28096	0.544093	-0.790585	0.0	0.379799	-0.693481	-0.612239	0.0	-0.8813709999999999	-0.472278	-0.0118051	0.0	2.22339	1.71101	2.27855	0.340943	
3	0.645066	0.161529	-0.746859	0.0	0.663285	0.36692600000000003	0.652241	0.0	0.379398	-0.916119	0.129552	0.0	-3.5613900000000003	-3.4115900000000003	-2.43438	0.0	-0.279658	0.546701	-0.789246	0.0	0.380865	-0.6914279999999999	-0.613897	0.0	-0.881325	-0.47227700000000006	-0.014855799999999999	0.0	2.22302	1.7062599999999999	2.26959	0.341131	
3	0.669402	0.197947	-0.716043	0.0	0.6229779999999999	0.375519	0.68621	0.0	0.404721	-0.90543	0.128056	0.0	-3.4845599999999997	-3.0891599999999997	-2.33541	0.0	-0.278361	0.5505140000000001	-0.7870510000000001	0.0	0.382316	-0.6882149999999999	-0.616599	0.0	-0.881107	-0.47253900000000004	-0.0188977	0.0	2.2109	1.6913799999999999	2.23854	0.340936	
