3	0.16445	0.734599	-0.658271	0.0	0.601601	0.454167	0.657121	0.0	0.781686	-0.50408	-0.367248	0.0	-2.758	1.98843	1.35905	1.26362e-05	-0.228057	0.625146	-0.746447	0.0	0.5510550000000001	-0.5491729999999999	-0.62829	0.0	-0.802701	-0.554619	-0.21924699999999997	0.0	2.62541	2.01126	1.5323200000000001	1.78926e-05	
3	-0.314256	0.6641239999999999	-0.678367	0.0	0.19348900000000002	0.744376	0.639113	0.0	0.9294110000000001	0.0695883	-0.362426	0.0	-2.76263	1.8319999999999999	1.4862	0.0	0.010445200000000002	0.594013	-0.804388	0.0	0.229449	-0.784392	-0.576267	0.0	-0.9732649999999999	-0.178547	-0.144489	0.0	2.78627	2.0080299999999998	1.5387600000000001	0.0	
3	-0.341145	0.674301	-0.654934	0.0	0.185328	0.731302	0.656393	0.0	0.9215610000000001	0.102548	-0.374447	0.0	-2.74031	1.86736	1.48375	0.0	0.0904284	0.6228060000000001	-0.777133	0.0	0.14338	-0.780342	-0.608694	0.0	-0.9855280000000001	-0.056381799999999996	-0.159863	0.0	2.84858	2.05188	1.4318	0.0530201	
3	-0.161519	0.738816	-0.654265	0.0	0.20686300000000002	0.673588	0.709568	0.0	0.964945	-0.0207346	-0.261631	0.0	-2.60641	1.77885	1.54492	-0.00746549	0.0204213	0.653057	-0.757034	0.0	0.24017800000000003	-0.738223	-0.63035	0.0	-0.970514	-0.16895	-0.171925	0.0	2.79723	2.01805	1.4642	-0.00682297	
3	-0.25082	0.6750510000000001	-0.6938270000000001	0.0	0.191254	0.737166	0.64808	0.0	0.948953	0.0298538	-0.314002	0.0	-2.61003	1.82122	1.2595399999999999	0.0	0.09822339999999999	0.651804	-0.752	0.0	0.164503	-0.755893	-0.633691	0.0	-0.981474	-0.061462699999999995	-0.18147	0.0	2.8832400000000002	2.03441	1.4059	0.0	
3	-0.325729	0.63029	-0.704724	0.0	0.18677	0.773582	0.605548	0.0	0.926832	0.0656234	-0.369697	0.0	-2.43569	2.0129	1.2438799999999999	0.358229	0.178181	0.63866	-0.748576	0.0	0.138199	-0.769451	-0.623575	0.0	-0.974245	0.0076572	-0.22536399999999998	0.0	2.9081200000000003	2.20914	1.4348100000000001	0.34341700000000003	
3	-0.31946399999999997	0.653091	-0.686596	0.0	0.241858	0.756763	0.607301	0.0	0.916214	0.027951499999999997	-0.399714	0.0	-2.3269	2.10035	1.44197	0.354518	0.146317	0.64986	-0.745837	0.0	0.126707	-0.760053	-0.63739	0.0	-0.98109	-0.00124151	-0.19355	0.0	2.7884599999999997	2.2304	1.6143	0.35120300000000004	
3	-0.35751700000000003	0.648911	-0.671637	0.0	0.24352600000000002	0.759065	0.603751	0.0	0.901597	0.0522908	-0.42940500000000004	0.0	-2.46139	2.06465	1.32839	0.355403	0.128733	0.669327	-0.73173	0.0	0.134495	-0.7428359999999999	-0.655824	0.0	-0.982517	-0.013987600000000001	-0.185649	0.0	2.71087	2.25546	1.6487	0.351719	
3	-0.42558100000000004	0.58525	-0.690191	0.0	0.214612	0.806225	0.5513100000000001	0.0	0.8791040000000001	0.0865034	-0.46871599999999997	0.0	-2.5465400000000002	1.9637200000000001	1.1824	0.356475	0.104706	0.689637	-0.716545	0.0	0.159619	-0.722819	-0.67235	0.0	-0.98161	-0.0439756	-0.185763	0.0	2.68127	2.22402	1.65725	0.352383	
3	-0.41635500000000003	0.583167	-0.697542	0.0	0.215815	0.808666	0.547251	0.0	0.883217	0.0773105	-0.46254799999999996	0.0	-2.60031	1.9033799999999998	1.1252	0.356698	-0.021687599999999998	0.744712	-0.667033	0.0	0.205089	-0.649687	-0.732014	0.0	-0.978503	-0.152677	-0.13864300000000002	0.0	2.70148	2.04759	1.70435	0.325271	
3	-0.404001	0.5890310000000001	-0.699875	0.0	0.22801999999999997	0.8057880000000001	0.546546	0.0	0.885884	0.061219600000000006	-0.45985	0.0	-2.61232	1.8913900000000001	1.12296	0.358096	-0.0630814	0.748326	-0.660325	0.0	0.21240100000000003	-0.636418	-0.741524	0.0	-0.975144	-0.18703	-0.118799	0.0	2.7450799999999997	1.95375	1.71423	0.318404	
3	-0.381867	0.587769	-0.713236	0.0	0.231915	0.807967	0.541668	0.0	0.894647	0.041435599999999996	-0.444849	0.0	-2.62915	1.87799	1.1489	0.360291	-0.0682467	0.725446	-0.684887	0.0	0.243394	-0.6536390000000001	-0.716601	0.0	-0.9675239999999999	-0.21560300000000002	-0.131961	0.0	2.78658	1.9625400000000002	1.6819099999999998	0.32001399999999997	
3	-0.330658	0.567547	-0.754026	0.0	0.248187	0.823139	0.510731	0.0	0.910532	-0.018261799999999998	-0.41303500000000004	0.0	-2.6539099999999998	1.85729	1.21291	0.360177	-0.0674	0.672038	-0.7374430000000001	0.0	0.281224	-0.6963590000000001	-0.660301	0.0	-0.9572719999999999	-0.251891	-0.142059	0.0	2.79175	1.97787	1.65357	0.337276	
3	-0.265024	0.5555760000000001	-0.788098	0.0	0.281831	0.8262639999999999	0.487708	0.0	0.9221360000000001	-0.09285589999999999	-0.375558	0.0	-2.67564	1.80434	1.26746	0.35923	-0.076423	0.640714	-0.7639670000000001	0.0	0.311758	-0.712436	-0.628683	0.0	-0.947083	-0.286219	-0.14530099999999999	0.0	2.7400700000000002	1.9970599999999998	1.64368	0.340069	
3	-0.17646900000000001	0.543725	-0.820501	0.0	0.348312	0.814142	0.46459799999999996	0.0	0.920618	-0.20380299999999998	-0.333057	0.0	-2.68895	1.6599700000000002	1.33996	0.359722	-0.12550999999999998	0.61515	-0.778356	0.0	0.334938	-0.7122229999999999	-0.616892	0.0	-0.933844	-0.338127	-0.116646	0.0	2.64981	1.98928	1.62879	0.34862	
3	-0.10688900000000001	0.535397	-0.837809	0.0	0.390004	0.7976840000000001	0.45999700000000004	0.0	0.914588	-0.27758	-0.294071	0.0	-2.7256099999999996	1.43062	1.33352	0.36048	-0.152112	0.612355	-0.7758109999999999	0.0	0.34342399999999995	-0.703291	-0.622449	0.0	-0.926781	-0.361114	-0.10331900000000001	0.0	2.5560099999999997	1.9769900000000002	1.6055	0.351286	
3	0.0196555	0.542684	-0.839707	0.0	0.483202	0.730113	0.483167	0.0	0.875288	-0.415245	-0.247876	0.0	-2.75462	1.14055	1.29701	0.362989	-0.1758	0.6204569999999999	-0.764282	0.0	0.347485	-0.687288	-0.63788	0.0	-0.921059	-0.377716	-0.09477469999999999	0.0	2.4649400000000004	1.96175	1.5586799999999998	0.35165799999999997	
3	0.118572	0.557596	-0.8216	0.0	0.561759	0.6446149999999999	0.518554	0.0	0.818759	-0.5230279999999999	-0.23680199999999998	0.0	-2.77897	0.876717	1.17659	0.364003	-0.173241	0.629504	-0.7574380000000001	0.0	0.339984	-0.683566	-0.645871	0.0	-0.9243370000000001	-0.369408	-0.0955997	0.0	2.41153	1.96123	1.5157399999999999	0.351565	
3	0.197712	0.5564439999999999	-0.80702	0.0	0.616866	0.5691970000000001	0.54359	0.0	0.761831	-0.605298	-0.23071399999999997	0.0	-2.82902	0.6076020000000001	0.9712069999999999	0.363981	-0.174741	0.631161	-0.7557119999999999	0.0	0.340996	-0.68123	-0.647802	0.0	-0.923681	-0.370892	-0.09618510000000001	0.0	2.3540400000000004	1.95475	1.51639	0.351647	
3	0.273368	0.5260229999999999	-0.805339	0.0	0.67686	0.489688	0.549605	0.0	0.683469	-0.695346	-0.222179	0.0	-2.9378900000000003	0.31755700000000003	0.717554	0.363856	-0.180937	0.6291869999999999	-0.755901	0.0	0.34607899999999997	-0.6786979999999999	-0.6477649999999999	0.0	-0.920593	-0.378806	-0.0949472	0.0	2.33576	1.9336200000000001	1.5494	0.351128	
3	0.32554	0.497086	-0.804319	0.0	0.737341	0.399054	0.5450550000000001	0.0	0.591906	-0.7704949999999999	-0.236614	0.0	-3.07158	0.032678700000000005	0.408636	0.362777	-0.18423399999999998	0.623908	-0.759471	0.0	0.356229	-0.677776	-0.643211	0.0	-0.916056	-0.389047	-0.097385	0.0	2.36512	1.9053900000000001	1.58645	0.35025300000000004	
3	0.359607	0.475504	-0.8028569999999999	0.0	0.7875310000000001	0.30682600000000004	0.534465	0.0	0.500478	-0.824472	-0.264137	0.0	-3.19817	-0.191949	0.0930793	0.362058	-0.188093	0.61725	-0.763953	0.0	0.365712	-0.6778850000000001	-0.6377510000000001	0.0	-0.911524	-0.399343	-0.0982308	0.0	2.4058200000000003	1.8920299999999999	1.61095	0.346749	
3	0.375078	0.461934	-0.8037	0.0	0.80955	0.25914699999999996	0.526755	0.0	0.451603	-0.84821	-0.27675900000000003	0.0	-3.27415	-0.34316599999999997	-0.129324	0.36126199999999997	-0.18705	0.610698	-0.769455	0.0	0.372585	-0.680651	-0.630789	0.0	-0.9089520000000001	-0.40467600000000004	-0.100222	0.0	2.45851	1.895	1.63804	0.341654	
3	0.386925	0.45969099999999996	-0.799358	0.0	0.814864	0.235301	0.529746	0.0	0.431609	-0.85634	-0.283542	0.0	-3.29831	-0.401778	-0.22306700000000002	0.360917	-0.187567	0.608472	-0.7710899999999999	0.0	0.37211700000000003	-0.682491	-0.629075	0.0	-0.9090370000000001	-0.404929	-0.09841	0.0	2.47365	1.8918599999999999	1.6439700000000002	0.34118200000000004	
3	0.411297	0.47144300000000006	-0.7801130000000001	0.0	0.821204	0.17974600000000002	0.541586	0.0	0.395549	-0.8633850000000001	-0.313221	0.0	-3.33906	-0.576533	-0.508321	0.360784	-0.182326	0.601927	-0.777458	0.0	0.36949	-0.690812	-0.621495	0.0	-0.911172	-0.400577	-0.096453	0.0	2.49769	1.9008099999999999	1.6555099999999998	0.34124899999999997	
3	0.42526899999999995	0.46608299999999997	-0.775831	0.0	0.8187770000000001	0.167166	0.549235	0.0	0.385682	-0.8688049999999999	-0.310528	0.0	-3.29222	-0.725776	-0.665369	0.360921	-0.179178	0.596697	-0.782207	0.0	0.36697399999999997	-0.697155	-0.6158779999999999	0.0	-0.9128120000000001	-0.397401	-0.0940578	0.0	2.5095099999999997	1.91891	1.6793099999999999	0.341491	
3	0.43431400000000003	0.46854700000000005	-0.769308	0.0	0.8139	0.16178599999999999	0.558025	0.0	0.385925	-0.868498	-0.311085	0.0	-3.25067	-0.8520270000000001	-0.776651	0.36091100000000004	-0.175846	0.5958359999999999	-0.783618	0.0	0.364245	-0.700145	-0.614103	0.0	-0.914551	-0.393417	-0.0939124	0.0	2.51143	1.9530900000000002	1.7018400000000002	0.34155100000000005	
3	0.44440799999999997	0.468621	-0.763476	0.0	0.810871	0.151827	0.565187	0.0	0.380775	-0.8702549999999999	-0.312519	0.0	-3.2139900000000003	-0.9224180000000001	-0.828248	0.360641	-0.175746	0.593553	-0.785371	0.0	0.363262	-0.702385	-0.612124	0.0	-0.914961	-0.392874	-0.0921742	0.0	2.51368	1.9644099999999998	1.7177099999999998	0.34157600000000005	
3	0.502089	0.457247	-0.734052	0.0	0.789724	0.10353599999999999	0.604662	0.0	0.352481	-0.883292	-0.30911500000000003	0.0	-3.13665	-1.20835	-0.884811	0.359246	-0.175509	0.5927680000000001	-0.786017	0.0	0.36037399999999997	-0.7043119999999999	-0.611618	0.0	-0.916148	-0.39060500000000004	-0.0900047	0.0	2.49185	1.97947	1.76807	0.34168699999999996	
3	0.55373	0.446854	-0.702641	0.0	0.764151	0.0625694	0.641996	0.0	0.330843	-0.892416	-0.306818	0.0	-3.19488	-1.3754600000000001	-0.953385	0.357887	-0.17572000000000002	0.592164	-0.786425	0.0	0.360738	-0.7045560000000001	-0.611121	0.0	-0.9159639999999999	-0.391079	-0.08981130000000001	0.0	2.48601	1.98701	1.78158	0.34167800000000004	
3	0.586924	0.485972	-0.647574	0.0	0.721816	0.0482246	0.690403	0.0	0.366746	-0.8726430000000001	-0.322479	0.0	-3.26855	-1.56105	-1.09192	0.343529	-0.17657799999999998	0.590464	-0.78751	0.0	0.36104899999999995	-0.705457	-0.609897	0.0	-0.9156770000000001	-0.392024	-0.0886191	0.0	2.48435	1.9930400000000001	1.79607	0.341602	
3	0.6358550000000001	0.46746899999999997	-0.614135	0.0	0.695293	-0.00152281	0.718725	0.0	0.335046	-0.884008	-0.325996	0.0	-3.20075	-1.57433	-1.13032	0.34586500000000003	-0.17644200000000002	0.590719	-0.78735	0.0	0.361543	-0.7050930000000001	-0.610025	0.0	-0.915508	-0.39229400000000003	-0.0891625	0.0	2.48374	1.99036	1.8036900000000002	0.34168200000000004	
3	0.657323	0.47253	-0.587062	0.0	0.674262	-0.0208219	0.7381989999999999	0.0	0.336597	-0.8810690000000001	-0.332295	0.0	-3.15706	-1.57838	-1.1403	0.345495	-0.17613	0.590116	-0.787871	0.0	0.36088600000000004	-0.7059439999999999	-0.60943	0.0	-0.9158270000000001	-0.391671	-0.08862669999999999	0.0	2.4849799999999997	1.9910900000000002	1.80515	0.341654	
3	0.658712	0.47614700000000004	-0.582566	0.0	0.668849	-0.0159613	0.7432270000000001	0.0	0.344587	-0.8792209999999999	-0.328984	0.0	-3.0705400000000003	-1.5898299999999999	-1.13781	0.34541	-0.177017	0.5893430000000001	-0.7882520000000001	0.0	0.362739	-0.705454	-0.6088979999999999	0.0	-0.914924	-0.393714	-0.0889005	0.0	2.4821	1.99963	1.8053599999999999	0.34166799999999997	
3	0.6604720000000001	0.479162	-0.578083	0.0	0.6645800000000001	-0.014749000000000002	0.7470720000000001	0.0	0.34944200000000003	-0.877603	-0.328183	0.0	-3.0303299999999997	-1.59695	-1.1288799999999999	0.344913	-0.17313299999999998	0.5933510000000001	-0.786104	0.0	0.360898	-0.704421	-0.6111810000000001	0.0	-0.916394	-0.389519	-0.0921809	0.0	2.48848	2.07007	1.8196	0.341715	
3	0.664101	0.47709399999999996	-0.575631	0.0	0.662705	-0.019213	0.748634	0.0	0.346109	-0.878642	-0.328932	0.0	-2.9985	-1.5954700000000002	-1.1346100000000001	0.345909	-0.166537	0.599209	-0.78308	0.0	0.356187	-0.703987	-0.614438	0.0	-0.9194540000000001	-0.38125	-0.09619069999999999	0.0	2.47837	2.1410299999999998	1.8191400000000002	0.341796	
3	0.663983	0.47901800000000005	-0.574168	0.0	0.663804	-0.024118599999999997	0.747518	0.0	0.344227	-0.877474	-0.333988	0.0	-2.9936599999999998	-1.58487	-1.15662	0.345634	-0.167453	0.6002350000000001	-0.782098	0.0	0.352542	-0.704389	-0.6160770000000001	0.0	-0.920692	-0.378886	-0.0936559	0.0	2.46521	2.2155099999999996	1.8447099999999998	0.34235	
3	0.663118	0.475628	-0.577973	0.0	0.664407	-0.0184004	0.7471439999999999	0.0	0.34472800000000003	-0.8794540000000001	-0.328212	0.0	-2.98657	-1.58693	-1.1607	0.34610100000000005	-0.16972	0.604078	-0.778643	0.0	0.354052	-0.69998	-0.620222	0.0	-0.919697	-0.380944	-0.0950747	0.0	2.4517900000000004	2.21774	1.8657400000000002	0.342396	
3	0.663216	0.475951	-0.5775939999999999	0.0	0.6628430000000001	-0.0151651	0.748605	0.0	0.34754	-0.879341	-0.32553899999999997	0.0	-2.95885	-1.5944200000000002	-1.14842	0.345967	-0.174749	0.609926	-0.772951	0.0	0.364106	-0.6893520000000001	-0.626276	0.0	-0.914817	-0.390877	-0.101615	0.0	2.43656	2.16472	1.87582	0.342493	
3	0.657698	0.484151	-0.577088	0.0	0.6651060000000001	-0.013570400000000002	0.746625	0.0	0.353648	-0.8748790000000001	-0.330937	0.0	-2.96015	-1.59176	-1.15086	0.345402	-0.173268	0.612842	-0.770976	0.0	0.371334	-0.684392	-0.62747	0.0	-0.9121889999999999	-0.39501	-0.10898499999999998	0.0	2.4703	2.13143	1.8657400000000002	0.340711	
3	0.65263	0.48808	-0.579527	0.0	0.668288	-0.010398399999999999	0.74383	0.0	0.357022	-0.8727370000000001	-0.332964	0.0	-2.9609400000000003	-1.58699	-1.16267	0.34571799999999997	-0.17206300000000002	0.615893	-0.768811	0.0	0.372736	-0.681719	-0.629544	0.0	-0.9118450000000001	-0.394885	-0.112267	0.0	2.48697	2.08185	1.8418700000000001	0.338373	
3	0.652696	0.48811800000000005	-0.579421	0.0	0.6682020000000001	-0.0104438	0.7439060000000001	0.0	0.357063	-0.872715	-0.332978	0.0	-2.96195	-1.58718	-1.16221	0.345724	-0.172086	0.615855	-0.768836	0.0	0.372748	-0.681737	-0.629518	0.0	-0.9118360000000001	-0.394914	-0.11224100000000001	0.0	2.48621	2.0798900000000002	1.8418400000000001	0.338471	
3	0.652697	0.48811800000000005	-0.5794199999999999	0.0	0.6682020000000001	-0.0104461	0.743907	0.0	0.357062	-0.872715	-0.33297899999999997	0.0	-2.96195	-1.58718	-1.16219	0.345725	-0.172087	0.615857	-0.768834	0.0	0.372751	-0.6817340000000001	-0.62952	0.0	-0.9118350000000001	-0.394916	-0.11224400000000001	0.0	2.4862	2.07998	1.84188	0.338471	
3	0.652697	0.48811800000000005	-0.5794199999999999	0.0	0.668201	-0.0104461	0.743907	0.0	0.357062	-0.872715	-0.33297899999999997	0.0	-2.96195	-1.58718	-1.16219	0.345725	-0.172087	0.615857	-0.768834	0.0	0.372751	-0.6817340000000001	-0.62952	0.0	-0.9118350000000001	-0.394916	-0.11224400000000001	0.0	2.4862	2.07998	1.84188	0.338471	
3	0.652697	0.48811800000000005	-0.5794199999999999	0.0	0.668201	-0.0104461	0.743907	0.0	0.357062	-0.872715	-0.33297899999999997	0.0	-2.96195	-1.58718	-1.16219	0.345725	-0.172087	0.615857	-0.768834	0.0	0.372751	-0.6817340000000001	-0.62952	0.0	-0.9118350000000001	-0.394916	-0.11224400000000001	0.0	2.4862	2.07998	1.84188	0.338471	
3	0.652697	0.48811800000000005	-0.5794199999999999	0.0	0.6682020000000001	-0.0104461	0.743907	0.0	0.357062	-0.872715	-0.33297899999999997	0.0	-2.96195	-1.58718	-1.16219	0.345725	-0.172087	0.615857	-0.768834	0.0	0.372751	-0.6817340000000001	-0.62952	0.0	-0.9118350000000001	-0.394916	-0.11224400000000001	0.0	2.4862	2.07998	1.84188	0.338471	
3	0.652697	0.48811800000000005	-0.5794199999999999	0.0	0.6682020000000001	-0.0104461	0.743907	0.0	0.357062	-0.872715	-0.33297899999999997	0.0	-2.96195	-1.58718	-1.16219	0.345725	-0.172087	0.615857	-0.768834	0.0	0.372751	-0.6817340000000001	-0.62952	0.0	-0.9118350000000001	-0.394916	-0.11224400000000001	0.0	2.4862	2.07998	1.84188	0.338472	
3	0.652697	0.48811800000000005	-0.5794199999999999	0.0	0.6682020000000001	-0.0104461	0.743907	0.0	0.357062	-0.872715	-0.33297899999999997	0.0	-2.96195	-1.58718	-1.16219	0.345725	-0.172087	0.615857	-0.768834	0.0	0.372751	-0.6817340000000001	-0.62952	0.0	-0.9118350000000001	-0.394916	-0.11224400000000001	0.0	2.4862	2.07998	1.84188	0.338471	
3	0.652697	0.48811800000000005	-0.5794199999999999	0.0	0.6682020000000001	-0.0104461	0.743907	0.0	0.357062	-0.872715	-0.33297899999999997	0.0	-2.96195	-1.58718	-1.16219	0.345725	-0.172087	0.615857	-0.768834	0.0	0.372751	-0.6817340000000001	-0.62952	0.0	-0.9118350000000001	-0.394916	-0.11224400000000001	0.0	2.4862	2.07998	1.84188	0.338471	
3	0.652697	0.48811800000000005	-0.5794199999999999	0.0	0.6682020000000001	-0.0104461	0.743907	0.0	0.357062	-0.872715	-0.33297899999999997	0.0	-2.96195	-1.58718	-1.16219	0.345725	-0.172087	0.615857	-0.768834	0.0	0.372751	-0.6817340000000001	-0.62952	0.0	-0.9118350000000001	-0.394916	-0.11224400000000001	0.0	2.4862	2.07998	1.84188	0.338472	
3	0.652697	0.48811800000000005	-0.5794199999999999	0.0	0.6682020000000001	-0.0104461	0.743907	0.0	0.357062	-0.872715	-0.33297899999999997	0.0	-2.96195	-1.58718	-1.16219	0.345725	-0.172087	0.615857	-0.768834	0.0	0.372751	-0.6817340000000001	-0.62952	0.0	-0.9118350000000001	-0.394916	-0.11224400000000001	0.0	2.4862	2.07998	1.84188	0.338471	
3	0.652697	0.48811800000000005	-0.5794199999999999	0.0	0.6682020000000001	-0.0104461	0.743907	0.0	0.357062	-0.872715	-0.33297899999999997	0.0	-2.96195	-1.58718	-1.16219	0.345725	-0.172087	0.615857	-0.768834	0.0	0.372751	-0.6817340000000001	-0.62952	0.0	-0.9118350000000001	-0.394916	-0.11224400000000001	0.0	2.4862	2.07998	1.84188	0.338471	
3	0.652697	0.48811800000000005	-0.5794199999999999	0.0	0.6682020000000001	-0.0104461	0.743907	0.0	0.357062	-0.872715	-0.33297899999999997	0.0	-2.96195	-1.58718	-1.16219	0.345725	-0.172087	0.615857	-0.768834	0.0	0.372751	-0.6817340000000001	-0.62952	0.0	-0.9118350000000001	-0.394916	-0.11224400000000001	0.0	2.4862	2.07998	1.84188	0.338472	
3	0.652697	0.48811800000000005	-0.5794199999999999	0.0	0.6682020000000001	-0.0104461	0.743907	0.0	0.357062	-0.872715	-0.33297899999999997	0.0	-2.96195	-1.58718	-1.16219	0.345725	-0.172087	0.615857	-0.768834	0.0	0.372751	-0.6817340000000001	-0.62952	0.0	-0.9118350000000001	-0.394916	-0.11224400000000001	0.0	2.4862	2.07998	1.84188	0.338472	
3	0.652697	0.48811800000000005	-0.5794199999999999	0.0	0.6682020000000001	-0.0104461	0.743907	0.0	0.357062	-0.872715	-0.33297899999999997	0.0	-2.96195	-1.58718	-1.16219	0.345725	-0.172087	0.615857	-0.768834	0.0	0.372751	-0.6817340000000001	-0.62952	0.0	-0.9118350000000001	-0.394916	-0.11224400000000001	0.0	2.4862	2.07998	1.84188	0.338472	
3	0.411157	0.53241	-0.739925	0.0	0.747838	0.26713000000000003	0.607766	0.0	0.5212359999999999	-0.803232	-0.28832399999999997	0.0	-2.98145	-1.60551	-1.21846	0.35210199999999997	-0.208736	0.6042489999999999	-0.768969	0.0	0.380762	-0.674034	-0.633007	0.0	-0.900805	-0.424925	-0.0893798	0.0	2.4513700000000003	2.10684	1.87316	0.340913	
3	0.45633	0.5305310000000001	-0.714353	0.0	0.739727	0.22000100000000003	0.6359279999999999	0.0	0.49453800000000003	-0.818619	-0.292055	0.0	-2.99112	-1.63106	-1.28235	0.353351	-0.208211	0.603649	-0.769582	0.0	0.38350300000000004	-0.673435	-0.631989	0.0	-0.8997629999999999	-0.426724	-0.09128439999999999	0.0	2.4624200000000003	2.1194	1.8712799999999998	0.341107	
3	0.509216	0.521543	-0.684611	0.0	0.7271850000000001	0.164737	0.666381	0.0	0.46032700000000004	-0.8371709999999999	-0.295371	0.0	-3.03174	-1.7135799999999999	-1.3552799999999998	0.354942	-0.209105	0.6028819999999999	-0.769941	0.0	0.38404099999999997	-0.6734600000000001	-0.631636	0.0	-0.8993260000000001	-0.427767	-0.0907079	0.0	2.48018	2.1273	1.87411	0.341106	
3	0.5287609999999999	0.514012	-0.675428	0.0	0.720651	0.148534	0.6772	0.0	0.448413	-0.844825	-0.29188400000000003	0.0	-3.05531	-1.77013	-1.3986	0.355367	-0.209213	0.6038789999999999	-0.76913	0.0	0.384252	-0.672499	-0.6325310000000001	0.0	-0.8992110000000001	-0.42787299999999995	-0.0913465	0.0	2.48447	2.12035	1.8699599999999998	0.341254	
3	0.55714	0.49754499999999996	-0.664864	0.0	0.706327	0.137099	0.694483	0.0	0.43668900000000005	-0.8565360000000001	-0.275045	0.0	-3.13958	-1.97157	-1.54903	0.355786	-0.21035500000000001	0.605598	-0.767464	0.0	0.384964	-0.670293	-0.634437	0.0	-0.89864	-0.428903	-0.09213389999999999	0.0	2.4889799999999997	2.1002400000000003	1.85697	0.34121999999999997	
3	0.591249	0.47419300000000003	-0.652354	0.0	0.689863	0.121621	0.713651	0.0	0.41774799999999995	-0.87198	-0.25522	0.0	-3.21317	-2.1067	-1.63139	0.35535	-0.211403	0.603748	-0.768633	0.0	0.386255	-0.670788	-0.633127	0.0	-0.8978389999999999	-0.430734	-0.0913945	0.0	2.4967599999999996	2.11062	1.8638099999999997	0.341262	
3	0.615962	0.463474	-0.637011	0.0	0.676892	0.10228	0.728942	0.0	0.402999	-0.880188	-0.250721	0.0	-3.2629900000000003	-2.21596	-1.7578799999999999	0.35538800000000004	-0.21122	0.60237	-0.769764	0.0	0.387858	-0.6712229999999999	-0.631685	0.0	-0.897192	-0.431983	-0.0918582	0.0	2.50095	2.11979	1.85712	0.34130900000000003	
3	0.640954	0.443774	-0.626293	0.0	0.66408	0.0885858	0.742395	0.0	0.384937	-0.891749	-0.23792199999999997	0.0	-3.33299	-2.35195	-1.86267	0.35542399999999996	-0.21105	0.6014189999999999	-0.770554	0.0	0.38798299999999997	-0.67201	-0.630771	0.0	-0.897178	-0.43208599999999997	-0.091513	0.0	2.49842	2.12358	1.8336	0.34115700000000004	
3	0.65884	0.434428	-0.614168	0.0	0.650418	0.0812751	0.755216	0.0	0.378004	-0.8970319999999999	-0.22901300000000002	0.0	-3.37815	-2.4730000000000003	-1.94163	0.355417	-0.21126799999999998	0.600446	-0.771253	0.0	0.38766999999999996	-0.672871	-0.630045	0.0	-0.8972610000000001	-0.4321	-0.0906187	0.0	2.4982	2.12784	1.82223	0.341312	
3	0.671341	0.42694499999999996	-0.605822	0.0	0.63942	0.07967080000000001	0.7647189999999999	0.0	0.374759	-0.900761	-0.219511	0.0	-3.38579	-2.62147	-1.9919200000000001	0.35531999999999997	-0.21159	0.599172	-0.772154	0.0	0.38810500000000003	-0.673573	-0.629026	0.0	-0.8969969999999999	-0.43277200000000005	-0.0900203	0.0	2.50052	2.13042	1.81715	0.341378	
3	0.6782279999999999	0.41913	-0.603603	0.0	0.637864	0.07207039999999999	0.76677	0.0	0.36487800000000004	-0.905061	-0.218468	0.0	-3.3700900000000003	-2.77074	-2.02488	0.355509	-0.211623	0.598512	-0.7726569999999999	0.0	0.388452	-0.67393	-0.628429	0.0	-0.8968389999999999	-0.43313100000000004	-0.0898745	0.0	2.50697	2.13128	1.80865	0.341345	
3	0.681719	0.40838800000000003	-0.607024	0.0	0.639597	0.0701583	0.765502	0.0	0.35520999999999997	-0.910108	-0.213376	0.0	-3.36795	-2.94486	-2.07458	0.355996	-0.21160700000000002	0.597313	-0.7735890000000001	0.0	0.387712	-0.6752670000000001	-0.62745	0.0	-0.8971629999999999	-0.43270200000000003	-0.0886937	0.0	2.51221	2.13593	1.80981	0.341491	
3	0.686092	0.399947	-0.6077170000000001	0.0	0.637988	0.0706987	0.766794	0.0	0.349641	-0.913808	-0.206655	0.0	-3.29504	-3.12954	-2.0906	0.356925	-0.212154	0.5949949999999999	-0.775223	0.0	0.386889	-0.677326	-0.625737	0.0	-0.8973899999999999	-0.43267799999999995	-0.0864992	0.0	2.5150799999999998	2.14094	1.81523	0.34141900000000003	
3	0.692995	0.396068	-0.602402	0.0	0.634232	0.062373000000000005	0.770622	0.0	0.342792	-0.916101	-0.207975	0.0	-3.27177	-3.24431	-2.10237	0.357473	-0.212325	0.5944159999999999	-0.775621	0.0	0.386666	-0.677834	-0.625324	0.0	-0.897445	-0.432679	-0.0859191	0.0	2.51867	2.15502	1.82063	0.341519	
3	0.706379	0.38208200000000003	-0.595854	0.0	0.630733	0.042292500000000004	0.7748470000000001	0.0	0.321256	-0.9231600000000001	-0.211117	0.0	-3.25227	-3.35485	-2.10301	0.360573	-0.212063	0.593536	-0.776366	0.0	0.384755	-0.6795640000000001	-0.624625	0.0	-0.898328	-0.43117	-0.0842554	0.0	2.5294	2.1816299999999997	1.828	0.341485	
3	0.718647	0.362626	-0.593338	0.0	0.628861	0.025255700000000002	0.777108	0.0	0.29678499999999997	-0.931593	-0.209891	0.0	-3.24856	-3.4615699999999996	-2.11102	0.361137	-0.21191100000000002	0.594072	-0.775998	0.0	0.382648	-0.6802	-0.6252270000000001	0.0	-0.899264	-0.42942600000000003	-0.0831788	0.0	2.53523	2.1962599999999997	1.8306900000000002	0.341546	
3	0.732539	0.339481	-0.5900340000000001	0.0	0.628564	-0.0045699	0.777745	0.0	0.261333	-0.940602	-0.21673299999999998	0.0	-3.24476	-3.4716699999999996	-2.11793	0.36845	-0.21230500000000002	0.595362	-0.7749010000000001	0.0	0.381033	-0.6797770000000001	-0.626672	0.0	-0.899856	-0.42830799999999997	-0.0825322	0.0	2.54193	2.21674	1.8416400000000002	0.341497	
3	0.735032	0.33924699999999997	-0.58706	0.0	0.627743	-0.013258700000000002	0.778307	0.0	0.256255	-0.9406040000000001	-0.222706	0.0	-3.2448599999999996	-3.4734800000000003	-2.11535	0.367969	-0.212752	0.596549	-0.773864	0.0	0.381272	-0.678529	-0.6278779999999999	0.0	-0.899649	-0.42863500000000004	-0.0830899	0.0	2.54292	2.21801	1.84342	0.34158299999999997	
3	0.7310220000000001	0.340827	-0.591138	0.0	0.630708	-0.0068805	0.77599	0.0	0.260411	-0.9401010000000001	-0.21999200000000002	0.0	-3.2528	-3.47597	-2.1210400000000003	0.371985	-0.213418	0.598554	-0.772131	0.0	0.381155	-0.6766949999999999	-0.6299239999999999	0.0	-0.899541	-0.42873900000000004	-0.0837228	0.0	2.5396	2.2147900000000003	1.83175	0.341617	
3	0.72526	0.325545	-0.606645	0.0	0.637989	0.013409899999999999	0.769929	0.0	0.258782	-0.9454309999999999	-0.197969	0.0	-3.25765	-3.47004	-2.13616	0.372579	-0.21375500000000003	0.599749	-0.7711100000000001	0.0	0.382443	-0.674972	-0.630991	0.0	-0.898914	-0.42978299999999997	-0.085091	0.0	2.5374	2.2107	1.8208099999999998	0.341522	
3	0.723246	0.34318200000000004	-0.599284	0.0	0.633223	0.0167332	0.773788	0.0	0.27557800000000005	-0.9391200000000001	-0.205209	0.0	-3.2848	-3.47011	-2.13237	0.367462	-0.21385	0.601333	-0.769849	0.0	0.383083	-0.67333	-0.632356	0.0	-0.8986190000000001	-0.430145	-0.08636920000000001	0.0	2.54084	2.21319	1.81887	0.34160100000000004	
3	0.726773	0.34518899999999997	-0.5938399999999999	0.0	0.6295149999999999	0.011137600000000001	0.776909	0.0	0.274794	-0.938467	-0.209207	0.0	-3.39759	-3.45336	-2.23787	0.354024	-0.21311599999999997	0.602471	-0.769162	0.0	0.383817	-0.6723319999999999	-0.632972	0.0	-0.89848	-0.43011400000000005	-0.0879533	0.0	2.53917	2.21081	1.81175	0.341674	
3	0.730012	0.359782	-0.581068	0.0	0.63052	-0.026518700000000003	0.77572	0.0	0.263681	-0.932659	-0.246209	0.0	-3.5066599999999997	-3.23073	-2.4195	0.354429	-0.21309899999999998	0.604372	-0.767674	0.0	0.384651	-0.6703720000000001	-0.6345430000000001	0.0	-0.898127	-0.430507	-0.0896161	0.0	2.53686	2.20887	1.8103	0.34176799999999996	
3	0.723912	0.366711	-0.584358	0.0	0.63957	-0.0391594	0.7677350000000001	0.0	0.258654	-0.9295100000000001	-0.262886	0.0	-3.53513	-3.14538	-2.47922	0.355129	-0.21364699999999998	0.604215	-0.767646	0.0	0.384748	-0.670238	-0.634626	0.0	-0.897956	-0.430936	-0.0892763	0.0	2.5361599999999997	2.2082599999999997	1.8132099999999998	0.34160300000000005	
3	0.6965819999999999	0.402471	-0.593962	0.0	0.6706270000000001	-0.0709899	0.73839	0.0	0.255015	-0.912676	-0.319358	0.0	-3.5986800000000003	-2.84868	-2.51205	0.355554	-0.21390399999999998	0.6054109999999999	-0.7666310000000001	0.0	0.38597600000000004	-0.668555	-0.6356539999999999	0.0	-0.897367	-0.43187	-0.0906672	0.0	2.53702	2.2095	1.81149	0.341617	
0	0.687751	0.42026800000000003	-0.591924	0.0	0.6811619999999999	-0.09163660000000001	0.726375	0.0	0.25103000000000003	-0.902761	-0.349294	0.0	-3.6128099999999996	-2.69034	-2.51227	0.355502	-0.21422	0.606474	-0.765702	0.0	0.386318	-0.667381	-0.636679	0.0	-0.897144	-0.43219399999999997	-0.0913258	0.0	2.53658	2.20787	1.80938	0.341674	
0	0.687635	0.42938000000000004	-0.585484	0.0	0.687982	-0.127628	0.714417	0.0	0.232033	-0.8940600000000001	-0.383167	0.0	-3.62335	-2.46067	-2.53717	0.355758	-0.213387	0.606391	-0.7659999999999999	0.0	0.385785	-0.66804	-0.636312	0.0	-0.8975719999999999	-0.431292	-0.09138589999999999	0.0	2.5366400000000002	2.2030000000000003	1.80083	0.341484	
0	0.686874	0.422109	-0.5916319999999999	0.0	0.691832	-0.130367	0.710192	0.0	0.22264899999999999	-0.897122	-0.38157399999999997	0.0	-3.62952	-2.48897	-2.54453	0.356504	-0.21303000000000002	0.6048939999999999	-0.767282	0.0	0.385276	-0.669668	-0.634908	0.0	-0.897876	-0.43087	-0.090392	0.0	2.53775	2.20784	1.8050599999999999	0.341495	
0	0.657751	0.397525	-0.639795	0.0	0.711274	-0.0482514	0.701257	0.0	0.247896	-0.916322	-0.314487	0.0	-3.64646	-2.82749	-2.5523599999999997	0.35735300000000003	-0.213581	0.601475	-0.7698119999999999	0.0	0.38506	-0.672371	-0.632175	0.0	-0.8978370000000001	-0.43144499999999997	-0.0879988	0.0	2.54074	2.2157	1.81503	0.34162800000000004	
0	0.648637	0.386536	-0.655637	0.0	0.715642	-0.016504400000000002	0.698272	0.0	0.25908600000000004	-0.922127	-0.287327	0.0	-3.62304	-2.99021	-2.5347	0.357743	-0.21379299999999998	0.600888	-0.770212	0.0	0.38551599999999997	-0.672551	-0.631707	0.0	-0.897591	-0.43198400000000003	-0.0878654	0.0	2.5411	2.21845	1.8187	0.34159	
0	0.651261	0.369017	-0.663088	0.0	0.7106399999999999	0.00992059	0.703486	0.0	0.266177	-0.92937	-0.255777	0.0	-3.57525	-3.20987	-2.44371	0.35780100000000004	-0.213991	0.602108	-0.769203	0.0	0.385949	-0.671261	-0.632813	0.0	-0.897358	-0.43228900000000003	-0.0887389	0.0	2.5399700000000003	2.21473	1.8144099999999999	0.341675	
0	0.6555479999999999	0.361712	-0.6628890000000001	0.0	0.7068840000000001	0.014875999999999999	0.7071729999999999	0.0	0.265654	-0.9321709999999999	-0.24593600000000002	0.0	-3.56607	-3.28044	-2.4165	0.35757	-0.21410700000000002	0.602446	-0.768907	0.0	0.38584	-0.670991	-0.633166	0.0	-0.8973770000000001	-0.43223999999999996	-0.0887841	0.0	2.54071	2.2130400000000003	1.81195	0.341661	
0	0.66332	0.349477	-0.661719	0.0	0.7011890000000001	0.0186448	0.7127319999999999	0.0	0.261421	-0.93676	-0.232681	0.0	-3.5185699999999995	-3.4287	-2.40394	0.357529	-0.21406	0.600854	-0.7701640000000001	0.0	0.385887	-0.672294	-0.631753	0.0	-0.897368	-0.432429	-0.08795039999999998	0.0	2.54186	2.21231	1.815	0.34165700000000004	
0	0.6653939999999999	0.343237	-0.662902	0.0	0.6998	0.0223257	0.71399	0.0	0.259868	-0.938983	-0.22534200000000001	0.0	-3.5184300000000004	-3.4773699999999996	-2.38794	0.357224	-0.21392399999999998	0.5999270000000001	-0.7709239999999999	0.0	0.38552800000000004	-0.67328	-0.630922	0.0	-0.8975549999999999	-0.43218199999999996	-0.0872579	0.0	2.54418	2.2156700000000003	1.82218	0.341527	
0	0.666806	0.342171	-0.662034	0.0	0.697725	0.02546	0.715913	0.0	0.26182	-0.939293	-0.22176500000000002	0.0	-3.50463	-3.5810400000000002	-2.3967400000000003	0.356844	-0.21312199999999998	0.599172	-0.771734	0.0	0.384993	-0.674471	-0.629976	0.0	-0.897975	-0.431374	-0.08693250000000001	0.0	2.54363	2.21627	1.8238900000000002	0.341694	
0	0.662014	0.336227	-0.669842	0.0	0.704071	0.027407400000000002	0.7096	0.0	0.256946	-0.9413819999999999	-0.21858400000000003	0.0	-3.4872	-3.66459	-2.3786	0.357209	-0.212995	0.598392	-0.772373	0.0	0.38454099999999997	-0.675373	-0.629286	0.0	-0.898199	-0.431043	-0.0862552	0.0	2.54388	2.21614	1.8256400000000002	0.341665	
0	0.659886	0.334877	-0.672613	0.0	0.707122	0.025862599999999996	0.706619	0.0	0.25402600000000003	-0.9419069999999999	-0.21973299999999998	0.0	-3.4809900000000003	-3.6652199999999997	-2.3801099999999997	0.35841300000000004	-0.21291100000000002	0.5973649999999999	-0.7731899999999999	0.0	0.38466999999999996	-0.676179	-0.62834	0.0	-0.898164	-0.431204	-0.0858224	0.0	2.54293	2.2162	1.8292400000000002	0.34165700000000004	
0	0.661597	0.323204	-0.6766300000000001	0.0	0.7063050000000001	0.0344501	0.707069	0.0	0.251838	-0.945702	-0.20548899999999998	0.0	-3.4780599999999997	-3.6605300000000005	-2.39187	0.35898	-0.214377	0.597467	-0.7727069999999999	0.0	0.384867	-0.675428	-0.629026	0.0	-0.8977299999999999	-0.432238	-0.0851487	0.0	2.54398	2.22056	1.8325900000000002	0.341673	
0	0.6707	0.295619	-0.680272	0.0	0.704908	0.0313355	0.708607	0.0	0.230794	-0.954792	-0.187367	0.0	-3.4599900000000003	-3.6559800000000005	-2.40607	0.357336	-0.214709	0.597113	-0.772888	0.0	0.385069	-0.675489	-0.628838	0.0	-0.8975639999999999	-0.43263199999999996	-0.08489630000000001	0.0	2.5446400000000002	2.22135	1.83075	0.341548	
0	0.6940609999999999	0.21751199999999998	-0.686271	0.0	0.695803	0.041977099999999996	0.717005	0.0	0.184765	-0.9751549999999999	-0.12221099999999999	0.0	-3.5358300000000003	-3.60131	-2.56142	0.16553900000000002	-0.214698	0.595033	-0.7744939999999999	0.0	0.384907	-0.6772600000000001	-0.627029	0.0	-0.8976370000000001	-0.43273	-0.08362560000000001	0.0	2.54555	2.22329	1.8478900000000003	0.341312	
0	0.703067	0.192462	-0.684584	0.0	0.689956	0.0485168	0.722223	0.0	0.172214	-0.9801049999999999	-0.0986796	0.0	-3.5276300000000003	-3.5962	-2.57484	0.16564600000000002	-0.21436100000000002	0.593808	-0.775526	0.0	0.385094	-0.67829	-0.625799	0.0	-0.8976370000000001	-0.43279799999999996	-0.0832735	0.0	2.55041	2.22877	1.8710099999999998	0.340278	
0	0.6550060000000001	0.23389899999999997	-0.718511	0.0	0.72685	0.0648731	0.6837260000000001	0.0	0.206535	-0.970094	-0.12751700000000002	0.0	-3.5529	-3.60149	-2.5307	0.166363	-0.214544	0.5929770000000001	-0.776111	0.0	0.384964	-0.678952	-0.625161	0.0	-0.897649	-0.432899	-0.0826099	0.0	2.55	2.22802	1.87552	0.340319	
0	0.656929	0.24210399999999999	-0.714023	0.0	0.7206229999999999	0.07683889999999999	0.689056	0.0	0.22168800000000002	-0.967203	-0.12398800000000001	0.0	-3.5616199999999996	-3.5996699999999997	-2.54215	0.166383	-0.215056	0.592626	-0.776238	0.0	0.384977	-0.679029	-0.625069	0.0	-0.8975209999999999	-0.433259	-0.0821184	0.0	2.55189	2.22947	1.8880700000000001	0.339967	
0	0.6569010000000001	0.245966	-0.712729	0.0	0.719178	0.0794623	0.690267	0.0	0.226417	-0.966016	-0.124694	0.0	-3.56649	-3.59976	-2.54077	0.166326	-0.215182	0.592571	-0.776245	0.0	0.38505300000000003	-0.678988	-0.625067	0.0	-0.897458	-0.433399	-0.08206569999999999	0.0	2.55222	2.22968	1.8897400000000002	0.339942	
0	0.611083	0.25053000000000003	-0.7508739999999999	0.0	0.755102	0.100096	0.647921	0.0	0.237483	-0.9629200000000001	-0.12800899999999998	0.0	-3.5491800000000002	-3.59991	-2.4918400000000003	0.166301	-0.21516	0.5934149999999999	-0.775606	0.0	0.385182	-0.678255	-0.625784	0.0	-0.897408	-0.43339300000000003	-0.08263989999999999	0.0	2.55239	2.2233	1.8914	0.339819	
0	0.5934149999999999	0.248954	-0.765428	0.0	0.766407	0.11578699999999999	0.631833	0.0	0.24592399999999998	-0.961569	-0.12209	0.0	-3.5559199999999995	-3.5985199999999997	-2.49919	0.166321	-0.21512699999999998	0.593962	-0.775196	0.0	0.385389	-0.677725	-0.6262300000000001	0.0	-0.8973270000000001	-0.433471	-0.08311	0.0	2.55067	2.22011	1.89085	0.339932	
0	0.571804	0.254418	-0.779943	0.0	0.7641560000000001	0.180746	0.61919	0.0	0.298505	-0.9500540000000001	-0.0910635	0.0	-3.53692	-3.5937900000000003	-2.42353	0.166269	-0.21544699999999997	0.595741	-0.773741	0.0	0.386096	-0.675818	-0.627853	0.0	-0.8969459999999999	-0.434008	-0.08441010000000002	0.0	2.549	2.221	1.8810200000000001	0.339896	
0	0.575229	0.266707	-0.773291	0.0	0.745143	0.219142	0.629872	0.0	0.337452	-0.938533	-0.07267799999999999	0.0	-3.4188699999999996	-3.59365	-2.26439	0.165958	-0.21497	0.596767	-0.773083	0.0	0.386506	-0.674974	-0.628509	0.0	-0.896884	-0.43391199999999996	-0.08555449999999999	0.0	2.54617	2.2177599999999997	1.86811	0.339808	
0	0.56497	0.289079	-0.772814	0.0	0.7198399999999999	0.285102	0.632888	0.0	0.40328600000000003	-0.913866	-0.0470168	0.0	-3.41431	-3.39465	-2.17504	0.166141	-0.214214	0.60047	-0.770421	0.0	0.386984	-0.6720189999999999	-0.631375	0.0	-0.896859	-0.43338999999999994	-0.0884165	0.0	2.54487	2.21779	1.85933	0.339468	
0	0.568483	0.297719	-0.766936	0.0	0.710437	0.29243600000000003	0.640126	0.0	0.414857	-0.90876	-0.0452654	0.0	-3.4180900000000003	-3.27855	-2.17813	0.166165	-0.214391	0.602283	-0.768955	0.0	0.387135	-0.6703859999999999	-0.633015	0.0	-0.8967510000000001	-0.433403	-0.08943960000000001	0.0	2.5434	2.21185	1.8653400000000002	0.339465	
0	0.577559	0.33252600000000004	-0.745555	0.0	0.684878	0.299641	0.664197	0.0	0.44426099999999996	-0.894227	-0.05467919999999999	0.0	-3.4428400000000003	-2.80416	-2.17884	0.166171	-0.215462	0.6050979999999999	-0.766441	0.0	0.388735	-0.666856	-0.635758	0.0	-0.8958020000000001	-0.434924	-0.091541	0.0	2.54086	2.20077	1.8771900000000001	0.338754	
0	0.581387	0.366559	-0.726378	0.0	0.661634	0.306589	0.684283	0.0	0.473529	-0.8784290000000001	-0.06428099999999999	0.0	-3.23295	-2.24989	-2.0777799999999997	0.166266	-0.217219	0.606741	-0.764645	0.0	0.390475	-0.66393	-0.63775	0.0	-0.8946200000000001	-0.43710600000000005	-0.0926993	0.0	2.52976	2.17401	1.86853	0.33863699999999997	
0	0.5854060000000001	0.376986	-0.717761	0.0	0.660334	0.291941	0.6919029999999999	0.0	0.47038199999999997	-0.879006	-0.0780322	0.0	-3.1697900000000003	-1.8385799999999999	-2.06236	0.166201	-0.218989	0.6059220000000001	-0.76479	0.0	0.392045	-0.663121	-0.63763	0.0	-0.893502	-0.43946499999999994	-0.0923324	0.0	2.51651	2.13605	1.85275	0.338023	
0	0.591969	0.389824	-0.705415	0.0	0.6542180000000001	0.278765	0.7030569999999999	0.0	0.470713	-0.877683	-0.0900098	0.0	-3.2076	-1.58204	-2.06576	0.166215	-0.22065900000000002	0.604055	-0.765786	0.0	0.392248	-0.66389	-0.636704	0.0	-0.893001	-0.44087299999999996	-0.0904459	0.0	2.51572	2.1232	1.8610799999999998	0.337484	
0	0.5888770000000001	0.40465300000000004	-0.699629	0.0	0.643927	0.288247	0.708711	0.0	0.48844799999999994	-0.8678540000000001	-0.0908247	0.0	-3.2236700000000003	-1.4243700000000001	-2.05117	0.166261	-0.22223400000000001	0.603404	-0.765843	0.0	0.392561	-0.663628	-0.636784	0.0	-0.892473	-0.442155	-0.0893924	0.0	2.51454	2.11522	1.86848	0.337267	
0	0.5686100000000001	0.452991	-0.686645	0.0	0.620405	0.31196599999999997	0.719566	0.0	0.540167	-0.835151	-0.103651	0.0	-3.18254	-1.28082	-2.05346	0.166209	-0.22227399999999997	0.6038140000000001	-0.765509	0.0	0.393097	-0.6630050000000001	-0.6371020000000001	0.0	-0.892227	-0.44253000000000003	-0.0899891	0.0	2.50641	2.09104	1.86342	0.337039	
4	0.515062	0.546197	-0.66059	0.0	0.579665	0.34576799999999996	0.737857	0.0	0.631426	-0.7629640000000001	-0.13852	0.0	-3.02673	-1.11058	-2.1095099999999998	0.166265	-0.217954	0.608172	-0.763297	0.0	0.391397	-0.661983	-0.639208	0.0	-0.8940379999999999	-0.43806999999999996	-0.09375499999999999	0.0	2.4926	2.056	1.85128	0.335902	
4	0.46647	0.616138	-0.634649	0.0	0.53392	0.375909	0.757379	0.0	0.70522	-0.692146	-0.153618	0.0	-2.78126	-1.06818	-2.1651	0.166259	-0.201121	0.6117100000000001	-0.765089	0.0	0.37813800000000003	-0.672026	-0.636705	0.0	-0.9036379999999999	-0.417364	-0.0961525	0.0	2.45866	2.04549	1.84128	0.33516	
4	0.441625	0.65203	-0.6162979999999999	0.0	0.499801	0.39166999999999996	0.772524	0.0	0.745095	-0.649193	-0.15291400000000002	0.0	-2.55088	-1.1334600000000001	-2.21185	0.166252	-0.160974	0.6050449999999999	-0.779748	0.0	0.35384	-0.702153	-0.617883	0.0	-0.921349	-0.375369	-0.10106	0.0	2.40168	2.04415	1.82485	0.335206	
4	0.438838	0.654235	-0.615953	0.0	0.49181899999999995	0.398809	0.773994	0.0	0.752021	-0.642595	-0.146753	0.0	-2.3075200000000002	-1.24724	-2.24397	0.16626300000000002	-0.12305799999999999	0.603906	-0.787499	0.0	0.325428	-0.725096	-0.606904	0.0	-0.937525	-0.330959	-0.1073	0.0	2.28874	2.05045	1.78757	0.341437	
4	0.447042	0.650777	-0.613712	0.0	0.48390200000000005	0.401088	0.7777970000000001	0.0	0.752325	-0.6446850000000001	-0.13560899999999998	0.0	-2.182	-1.2966	-2.25372	0.166262	-0.101265	0.604943	-0.7898029999999999	0.0	0.307512	-0.735974	-0.603141	0.0	-0.94614	-0.303952	-0.111499	0.0	2.17635	2.04202	1.76283	0.347249	
4	0.45353999999999994	0.642415	-0.617742	0.0	0.46719799999999995	0.41888500000000006	0.778628	0.0	0.758965	-0.641746	-0.110154	0.0	-1.98239	-1.32826	-2.25048	0.166262	-0.0684089	0.598607	-0.7981159999999999	0.0	0.27878400000000003	-0.756652	-0.591403	0.0	-0.9579139999999999	-0.262959	-0.115121	0.0	1.89064	1.99154	1.6482900000000003	0.34664	
4	0.451628	0.644062	-0.617428	0.0	0.462872	0.42247299999999993	0.779273	0.0	0.762746	-0.637731	-0.10731800000000001	0.0	-1.93185	-1.3125	-2.24363	0.166268	-0.0692847	0.592371	-0.8026810000000001	0.0	0.271909	-0.762937	-0.5865100000000001	0.0	-0.9598260000000001	-0.258892	-0.10821099999999999	0.0	1.81802	1.94607	1.58982	0.346385	
