0	0.34730500000000003	0.606788	-0.714974	0.0	0.6701550000000001	0.372716	0.641853	0.0	0.6559510000000001	-0.702062	-0.27719499999999997	0.0	-2.77982	1.98377	1.3887399999999999	1.57356e-05	-0.580232	0.522579	-0.624693	0.0	0.758559	0.0675064	-0.648098	0.0	-0.296512	-0.849914	-0.435576	0.0	2.64195	1.99848	1.5577	-1.6205000000000002e-06	
0	-0.026723400000000005	0.551057	-0.83404	0.0	0.38219000000000003	0.776583	0.500849	0.0	0.9236969999999999	-0.305377	-0.231361	0.0	-2.79388	1.93438	1.41431	4.81606e-05	-0.042872	0.45816	-0.887835	0.0	0.552149	-0.729746	-0.40324099999999996	0.0	-0.832643	-0.507505	-0.221687	0.0	2.67904	1.93813	1.5852600000000001	3.76469e-05	
0	-0.0630336	0.534199	-0.8430049999999999	0.0	0.341866	0.805139	0.484642	0.0	0.9376329999999999	-0.257646	-0.233375	0.0	-2.83873	1.91698	1.42261	0.0	0.00933868	0.395959	-0.918221	0.0	0.47273699999999996	-0.810913	-0.344877	0.0	-0.8811540000000001	-0.430856	-0.19475699999999999	0.0	2.75135	1.84768	1.60214	0.0	
0	-0.115149	0.535569	-0.8366040000000001	0.0	0.337354	0.813234	0.47417600000000004	0.0	0.9343090000000001	-0.227631	-0.27432	0.0	-2.87135	2.03899	1.41008	0.0	0.033118800000000004	0.395173	-0.91801	0.0	0.424221	-0.837226	-0.345094	0.0	-0.9049530000000001	-0.37801	-0.19536900000000001	0.0	2.77007	1.8332	1.60535	0.0	
0	-0.11361099999999999	0.571613	-0.81262	0.0	0.34934899999999997	0.788668	0.505923	0.0	0.9300799999999999	-0.22640900000000003	-0.289294	0.0	-2.85043	2.17519	1.4122299999999999	0.0	0.0789665	0.426859	-0.9008639999999999	0.0	0.387726	-0.845684	-0.366726	0.0	-0.918386	-0.320329	-0.232285	0.0	2.72258	1.9542700000000002	1.59932	0.0	
0	-0.0648182	0.526515	-0.847692	0.0	0.287546	0.8233020000000001	0.489379	0.0	0.955571	-0.21203000000000002	-0.204762	0.0	-2.80187	2.17758	1.49801	0.0118885	0.0563684	0.406038	-0.912116	0.0	0.40473600000000004	-0.8444299999999999	-0.35089499999999996	0.0	-0.912695	-0.349387	-0.211937	0.0	2.67662	2.01241	1.65947	0.0	
0	-0.0512913	0.5631729999999999	-0.8247459999999999	0.0	0.315324	0.79272	0.521694	0.0	0.9475969999999999	-0.23330399999999998	-0.218241	0.0	-2.81042	2.1480200000000003	1.5752700000000002	0.0	0.07590380000000001	0.387889	-0.918575	0.0	0.394444	-0.857768	-0.32961799999999997	0.0	-0.9157799999999999	-0.337307	-0.218108	0.0	2.6593299999999997	2.08699	1.66882	0.0	
0	-0.0358162	0.5809770000000001	-0.813132	0.0	0.357081	0.7673810000000001	0.53256	0.0	0.9333870000000001	-0.27128	-0.23494	0.0	-2.81757	2.14988	1.55776	0.0	0.0719603	0.399479	-0.9139139999999999	0.0	0.413504	-0.845784	-0.33714099999999997	0.0	-0.9076540000000001	-0.353646	-0.22604899999999997	0.0	2.5770299999999997	2.20498	1.6396400000000002	0.0	
0	-0.0027194000000000003	0.554638	-0.8320870000000001	0.0	0.42584700000000003	0.753513	0.500872	0.0	0.904791	-0.352979	-0.23824	0.0	-2.78904	2.08914	1.4936	0.0666672	0.049396300000000004	0.413983	-0.9089430000000001	0.0	0.44309499999999996	-0.82468	-0.351525	0.0	-0.8951129999999999	-0.385384	-0.22416999999999998	0.0	2.4784	2.28156	1.5874	0.0	
0	0.042714800000000004	0.5137550000000001	-0.856873	0.0	0.46874899999999997	0.7470939999999999	0.471301	0.0	0.8822979999999999	-0.42178999999999994	-0.20890999999999998	0.0	-2.73769	1.93797	1.41937	0.361246	0.036443199999999995	0.444771	-0.8949030000000001	0.0	0.46455	-0.8004	-0.378884	0.0	-0.884797	-0.401919	-0.235787	0.0	2.36406	2.2909	1.5126899999999999	0.0	
0	0.045580199999999994	0.444659	-0.89454	0.0	0.49285	0.768892	0.407314	0.0	0.86892	-0.45943900000000004	-0.184104	0.0	-2.66312	1.74905	1.32445	0.360511	0.0290341	0.448366	-0.8933780000000001	0.0	0.479292	-0.790555	-0.381185	0.0	-0.877175	-0.41712200000000005	-0.237852	0.0	2.29055	2.24159	1.4393799999999999	0.25171	
0	0.0781058	0.41935200000000006	-0.904458	0.0	0.49431899999999995	0.771564	0.40042300000000003	0.0	0.865765	-0.47836599999999996	-0.14703	0.0	-2.62966	1.5649600000000001	1.21072	0.360756	0.0282142	0.45023500000000005	-0.8924639999999999	0.0	0.489728	-0.784556	-0.380315	0.0	-0.871419	-0.426334	-0.242628	0.0	2.20845	2.17295	1.37027	0.300051	
0	0.155137	0.349304	-0.9240780000000001	0.0	0.535813	0.756112	0.375766	0.0	0.8299620000000001	-0.5534279999999999	-0.0698608	0.0	-2.65159	1.25215	1.04572	0.361029	0.0272589	0.4438	-0.895711	0.0	0.49328299999999997	-0.78532	-0.374092	0.0	-0.869442	-0.431642	-0.240326	0.0	2.17893	2.07681	1.35205	0.31640100000000004	
0	0.199939	0.337904	-0.9196989999999999	0.0	0.573418	0.720765	0.389473	0.0	0.794491	-0.605243	-0.049651	0.0	-2.67083	1.13877	0.9804579999999999	0.36132600000000004	0.025904200000000002	0.440846	-0.897209	0.0	0.49513900000000005	-0.785342	-0.371584	0.0	-0.8684280000000001	-0.434618	-0.23862399999999998	0.0	2.18284	2.0531	1.3628	0.316433	
0	0.255762	0.338095	-0.905692	0.0	0.647245	0.636008	0.4202	0.0	0.7180949999999999	-0.6936760000000001	-0.0561635	0.0	-2.73406	0.958744	0.766884	0.360875	0.0243987	0.43156000000000005	-0.9017540000000001	0.0	0.497274	-0.787752	-0.363546	0.0	-0.86725	-0.43954899999999997	-0.23382399999999998	0.0	2.1943	2.01845	1.40893	0.31619	
0	0.36070399999999997	0.350409	-0.864353	0.0	0.713232	0.49353400000000003	0.49771899999999997	0.0	0.600993	-0.796014	-0.0719035	0.0	-2.81038	0.76726	0.531513	0.36123299999999997	0.019203400000000002	0.420572	-0.907056	0.0	0.496173	-0.7916340000000001	-0.35655	0.0	-0.8680110000000001	-0.44321000000000005	-0.223879	0.0	2.20943	1.99882	1.47612	0.31642	
0	0.445441	0.363192	-0.818336	0.0	0.71497	0.405851	0.5693	0.0	0.538888	-0.838676	-0.078889	0.0	-2.9281	0.578539	0.329171	0.36224	0.0180916	0.413113	-0.9105	0.0	0.491354	-0.796771	-0.351748	0.0	-0.8707719999999999	-0.441014	-0.21739899999999998	0.0	2.24134	1.98642	1.52188	0.316354	
0	0.486692	0.370582	-0.791075	0.0	0.7240810000000001	0.335475	0.60263	0.0	0.488709	-0.8660979999999999	-0.10505899999999999	0.0	-3.0217099999999997	0.43727	0.107357	0.362877	0.015197899999999999	0.404401	-0.9144559999999999	0.0	0.48521000000000003	-0.8026449999999999	-0.34689000000000003	0.0	-0.874266	-0.438431	-0.208418	0.0	2.26114	1.99965	1.56265	0.31698200000000004	
0	0.5428	0.365143	-0.756333	0.0	0.712346	0.27688	0.644904	0.0	0.444896	-0.888824	-0.10981700000000001	0.0	-3.1894299999999998	0.286049	-0.213781	0.361799	0.0140447	0.393918	-0.9190379999999999	0.0	0.475184	-0.811335	-0.340493	0.0	-0.879775	-0.43193000000000004	-0.198579	0.0	2.28019	2.03241	1.6316700000000002	0.31725	
0	0.5852689999999999	0.348946	-0.731913	0.0	0.707847	0.22039899999999998	0.6711020000000001	0.0	0.395491	-0.9108569999999999	-0.11800799999999999	0.0	-3.3261	0.156104	-0.41093599999999997	0.360813	0.010878200000000001	0.388993	-0.921176	0.0	0.46350600000000003	-0.818246	-0.340054	0.0	-0.886027	-0.42327200000000004	-0.189202	0.0	2.25838	2.06042	1.68914	0.317587	
0	0.581084	0.34381	-0.7376560000000001	0.0	0.707282	0.235052	0.6667109999999999	0.0	0.402609	-0.9091450000000001	-0.10658599999999999	0.0	-3.3523699999999996	0.102702	-0.4537	0.360094	0.00522786	0.383702	-0.923442	0.0	0.46094300000000005	-0.8204229999999999	-0.338287	0.0	-0.887415	-0.423885	-0.181154	0.0	2.23368	2.0724099999999996	1.7239099999999998	0.317531	
0	0.573408	0.345254	-0.742969	0.0	0.709137	0.244984	0.661141	0.0	0.41027700000000006	-0.9059709999999999	-0.10435699999999999	0.0	-3.28609	0.130749	-0.450953	0.360902	0.00103575	0.385683	-0.922631	0.0	0.457978	-0.820369	-0.34242100000000003	0.0	-0.888963	-0.42218999999999995	-0.177484	0.0	2.22781	2.11603	1.73255	0.317406	
0	0.554863	0.355602	-0.752113	0.0	0.716979	0.254159	0.649111	0.0	0.42198100000000005	-0.899417	-0.113936	0.0	-3.22071	0.17243599999999998	-0.42428	0.361041	-0.000520825	0.384407	-0.923164	0.0	0.461006	-0.819121	-0.341343	0.0	-0.8873969999999999	-0.425762	-0.176788	0.0	2.22655	2.1215900000000003	1.7292599999999998	0.317474	
0	0.551345	0.363663	-0.750845	0.0	0.716271	0.25511300000000003	0.649518	0.0	0.427756	-0.895917	-0.119826	0.0	-3.21932	0.20154	-0.443191	0.36134099999999997	0.00121021	0.38648899999999997	-0.922293	0.0	0.46217700000000006	-0.818095	-0.34221799999999997	0.0	-0.8867870000000001	-0.425849	-0.179616	0.0	2.23081	2.11947	1.7330900000000002	0.31765	
0	0.5462670000000001	0.370332	-0.751297	0.0	0.718585	0.253673	0.647523	0.0	0.430382	-0.893591	-0.12754200000000002	0.0	-3.2275099999999997	0.207118	-0.441183	0.361398	0.00124139	0.387173	-0.922006	0.0	0.461987	-0.817938	-0.34285	0.0	-0.8868860000000001	-0.425529	-0.179885	0.0	2.23043	2.11557	1.72373	0.317558	
0	0.5409689999999999	0.371664	-0.754466	0.0	0.719421	0.260171	0.6440060000000001	0.0	0.435645	-0.891166	-0.126639	0.0	-3.24188	0.19536199999999998	-0.425421	0.361254	0.0007652039999999999	0.385472	-0.9227190000000001	0.0	0.460635	-0.819132	-0.341816	0.0	-0.887589	-0.424775	-0.17818900000000001	0.0	2.2345900000000003	2.1167599999999998	1.7306099999999998	0.317565	
0	0.53582	0.37097399999999997	-0.758469	0.0	0.721212	0.266004	0.639605	0.0	0.439033	-0.8897299999999999	-0.125021	0.0	-3.2389799999999997	0.196355	-0.427914	0.36103	0.000990868	0.38528	-0.9228	0.0	0.460607	-0.819257	-0.341555	0.0	-0.8876040000000001	-0.424709	-0.178274	0.0	2.23385	2.11503	1.73187	0.317628	
0	0.5358729999999999	0.37098600000000004	-0.758426	0.0	0.721192	0.265945	0.639653	0.0	0.43900200000000006	-0.8897430000000001	-0.125039	0.0	-3.23901	0.196353	-0.427899	0.36103	0.00098294	0.385287	-0.922796	0.0	0.460607	-0.8192530000000001	-0.341565	0.0	-0.8876040000000001	-0.42471099999999995	-0.178271	0.0	2.23387	2.1150900000000004	1.73194	0.317629	
0	0.5358729999999999	0.37098600000000004	-0.758426	0.0	0.721192	0.265945	0.639652	0.0	0.43900200000000006	-0.8897430000000001	-0.125039	0.0	-3.23901	0.196354	-0.427899	0.36103	0.000982821	0.385287	-0.922796	0.0	0.460607	-0.8192530000000001	-0.341565	0.0	-0.8876040000000001	-0.42471099999999995	-0.178271	0.0	2.23387	2.1150900000000004	1.73194	0.317629	
0	0.5358729999999999	0.37098600000000004	-0.758426	0.0	0.721192	0.265945	0.639652	0.0	0.43900200000000006	-0.8897430000000001	-0.125039	0.0	-3.23901	0.196354	-0.427899	0.36103	0.000982821	0.385287	-0.922796	0.0	0.460607	-0.8192530000000001	-0.341565	0.0	-0.8876040000000001	-0.42471099999999995	-0.178271	0.0	2.23387	2.1150900000000004	1.73194	0.317629	
0	0.5358729999999999	0.37098600000000004	-0.758426	0.0	0.721192	0.265945	0.639652	0.0	0.43900200000000006	-0.8897430000000001	-0.125039	0.0	-3.23901	0.196354	-0.427899	0.36103	0.000982821	0.385287	-0.922796	0.0	0.460607	-0.8192530000000001	-0.341565	0.0	-0.8876040000000001	-0.42471099999999995	-0.178271	0.0	2.23387	2.1150900000000004	1.73194	0.317629	
0	0.5358729999999999	0.37098600000000004	-0.758426	0.0	0.721192	0.265945	0.639652	0.0	0.43900200000000006	-0.8897430000000001	-0.125039	0.0	-3.23901	0.196354	-0.427899	0.36103	0.000982821	0.385287	-0.922796	0.0	0.460607	-0.8192530000000001	-0.341565	0.0	-0.8876040000000001	-0.42471099999999995	-0.178271	0.0	2.23387	2.1150900000000004	1.73194	0.317629	
0	0.5358729999999999	0.37098600000000004	-0.758426	0.0	0.721192	0.265945	0.639652	0.0	0.43900200000000006	-0.8897430000000001	-0.125039	0.0	-3.23901	0.196355	-0.427899	0.36103	0.000982821	0.385287	-0.922796	0.0	0.460607	-0.8192530000000001	-0.341565	0.0	-0.8876040000000001	-0.42471099999999995	-0.178271	0.0	2.23387	2.1150900000000004	1.73194	0.317629	
0	0.5358729999999999	0.37098600000000004	-0.758426	0.0	0.721192	0.265945	0.639652	0.0	0.43900200000000006	-0.8897430000000001	-0.125039	0.0	-3.23901	0.196354	-0.427899	0.36103	0.000982821	0.385287	-0.922796	0.0	0.460607	-0.8192530000000001	-0.341565	0.0	-0.8876040000000001	-0.42471099999999995	-0.178271	0.0	2.23387	2.1150900000000004	1.73194	0.317629	
0	0.5358729999999999	0.37098600000000004	-0.758426	0.0	0.721192	0.265945	0.639652	0.0	0.43900200000000006	-0.8897430000000001	-0.125039	0.0	-3.23901	0.196354	-0.427899	0.36103	0.000982821	0.385287	-0.922796	0.0	0.460607	-0.8192530000000001	-0.341565	0.0	-0.8876040000000001	-0.42471099999999995	-0.178271	0.0	2.23387	2.1150900000000004	1.73194	0.317629	
0	0.5358729999999999	0.37098600000000004	-0.758426	0.0	0.721192	0.265945	0.639652	0.0	0.43900200000000006	-0.8897430000000001	-0.125039	0.0	-3.23901	0.196355	-0.427899	0.36103	0.000982821	0.385287	-0.922796	0.0	0.460607	-0.8192530000000001	-0.341565	0.0	-0.8876040000000001	-0.42471099999999995	-0.178271	0.0	2.23387	2.1150900000000004	1.73194	0.317629	
0	0.5358729999999999	0.37098600000000004	-0.758426	0.0	0.721192	0.265945	0.639652	0.0	0.43900200000000006	-0.8897430000000001	-0.125039	0.0	-3.23901	0.196354	-0.427899	0.36103	0.000982821	0.385287	-0.922796	0.0	0.460607	-0.8192530000000001	-0.341565	0.0	-0.8876040000000001	-0.42471099999999995	-0.178271	0.0	2.23387	2.1150900000000004	1.73194	0.317629	
0	0.5358729999999999	0.37098600000000004	-0.758426	0.0	0.721192	0.265945	0.639652	0.0	0.43900200000000006	-0.8897430000000001	-0.125039	0.0	-3.23901	0.196354	-0.427899	0.36103	0.000982821	0.385287	-0.922796	0.0	0.460607	-0.8192530000000001	-0.341565	0.0	-0.8876040000000001	-0.42471099999999995	-0.178271	0.0	2.23387	2.1150900000000004	1.73194	0.317629	
0	0.5358729999999999	0.37098600000000004	-0.758426	0.0	0.721192	0.265945	0.639652	0.0	0.43900200000000006	-0.8897430000000001	-0.125039	0.0	-3.23901	0.196354	-0.427899	0.36103	0.000982821	0.385287	-0.922796	0.0	0.460607	-0.8192530000000001	-0.341565	0.0	-0.8876040000000001	-0.42471099999999995	-0.178271	0.0	2.23387	2.1150900000000004	1.73194	0.317629	
0	0.188744	0.505524	-0.841915	0.0	0.578001	0.635907	0.511407	0.0	0.793908	-0.5831529999999999	-0.17217000000000002	0.0	-3.2563299999999997	0.156582	-0.450329	0.357935	-0.023601900000000002	0.324957	-0.945434	0.0	0.361125	-0.879072	-0.311162	0.0	-0.932219	-0.34876399999999996	-0.0966022	0.0	2.1985900000000003	2.1520099999999998	1.74502	0.30938000000000004	
0	0.205287	0.515788	-0.831757	0.0	0.602274	0.603306	0.52277	0.0	0.771442	-0.608264	-0.18679500000000002	0.0	-3.2886	0.148677	-0.487388	0.358555	-0.0246238	0.331371	-0.9431790000000001	0.0	0.364912	-0.8753860000000001	-0.317079	0.0	-0.930716	-0.351985	-0.099366	0.0	2.19829	2.15253	1.7444	0.312261	
0	0.24752600000000002	0.5166649999999999	-0.819627	0.0	0.668966	0.520807	0.530325	0.0	0.700868	-0.6795720000000001	-0.216718	0.0	-3.45655	0.109503	-0.6033430000000001	0.36020399999999997	-0.0237393	0.36867	-0.929257	0.0	0.388327	-0.8531290000000001	-0.34838800000000003	0.0	-0.921216	-0.369126	-0.122912	0.0	2.16731	2.14069	1.6758099999999998	0.337073	
0	0.254023	0.540194	-0.8022859999999999	0.0	0.691864	0.478153	0.541011	0.0	0.675867	-0.6925020000000001	-0.252279	0.0	-3.63015	0.108383	-0.820023	0.360577	-0.043775699999999994	0.383706	-0.922417	0.0	0.38698899999999997	-0.844706	-0.369745	0.0	-0.9210450000000001	-0.373151	-0.11151300000000001	0.0	2.11255	2.0934	1.5467899999999999	0.335804	
0	0.270328	0.551271	-0.7893180000000001	0.0	0.707221	0.44258800000000004	0.551321	0.0	0.65327	-0.707259	-0.270226	0.0	-3.7990800000000005	0.09776169999999999	-1.07255	0.360788	-0.0853159	0.42499499999999996	-0.901166	0.0	0.387852	-0.818956	-0.422944	0.0	-0.9177649999999999	-0.38560300000000003	-0.0949653	0.0	2.06582	1.97775	1.32718	0.329019	
0	0.296302	0.530699	-0.794081	0.0	0.723588	0.41793900000000006	0.549315	0.0	0.623398	-0.73735	-0.260171	0.0	-3.93305	0.00611269	-1.22684	0.36078499999999997	-0.12318599999999999	0.454086	-0.882401	0.0	0.406702	-0.787972	-0.46226999999999996	0.0	-0.905217	-0.41581999999999997	-0.0876108	0.0	1.92229	1.78079	1.0776700000000001	0.327891	
0	0.327834	0.5030560000000001	-0.799662	0.0	0.733429	0.398009	0.551063	0.0	0.595489	-0.767153	-0.238475	0.0	-4.05218	-0.14709	-1.31395	0.360562	-0.140344	0.447043	-0.883434	0.0	0.42635100000000004	-0.778015	-0.461429	0.0	-0.8936040000000001	-0.44141199999999997	-0.08140789999999999	0.0	1.77167	1.58233	0.8762629999999999	0.33029400000000003	
0	0.372834	0.477758	-0.795451	0.0	0.73553	0.370446	0.567243	0.0	0.5656770000000001	-0.796566	-0.21329099999999998	0.0	-4.1276	-0.34263299999999997	-1.39949	0.359664	-0.163512	0.43583500000000003	-0.885049	0.0	0.43403800000000003	-0.7738520000000001	-0.461264	0.0	-0.8859319999999999	-0.459567	-0.06263540000000001	0.0	1.5566	1.3736899999999999	0.6902590000000001	0.332158	
0	0.399538	0.45904399999999995	-0.793503	0.0	0.737066	0.35381399999999996	0.575804	0.0	0.545072	-0.81492	-0.196984	0.0	-4.21129	-0.5325840000000001	-1.45563	0.358693	-0.18193	0.443166	-0.877785	0.0	0.442213	-0.760444	-0.475577	0.0	-0.878265	-0.474689	-0.05762659999999999	0.0	1.32761	1.2266700000000001	0.566396	0.331369	
0	0.41260399999999997	0.43770200000000004	-0.798859	0.0	0.738727	0.352323	0.574588	0.0	0.5329550000000001	-0.8272149999999999	-0.177972	0.0	-4.269340000000001	-0.741158	-1.53967	0.35751700000000003	-0.19915	0.45381499999999997	-0.868557	0.0	0.45392	-0.742779	-0.492175	0.0	-0.868502	-0.49227200000000004	-0.0580714	0.0	1.10096	1.12075	0.432133	0.330948	
0	0.423706	0.420872	-0.802085	0.0	0.733895	0.359508	0.576326	0.0	0.5309149999999999	-0.832839	-0.15655	0.0	-4.29019	-0.923336	-1.60985	0.356437	-0.20985399999999998	0.469646	-0.8575510000000001	0.0	0.470278	-0.720477	-0.509659	0.0	-0.8572049999999999	-0.510241	-0.0696701	0.0	0.922616	1.02121	0.27618899999999996	0.329855	
0	0.433192	0.404306	-0.805532	0.0	0.727394	0.370915	0.577339	0.0	0.532205	-0.836038	-0.133412	0.0	-4.26037	-1.08938	-1.67945	0.355679	-0.216771	0.47977600000000004	-0.850191	0.0	0.487422	-0.701383	-0.5200779999999999	0.0	-0.845831	-0.5271399999999999	-0.08181419999999999	0.0	0.771001	0.912633	0.0885395	0.329024	
0	0.444775	0.39619899999999997	-0.803244	0.0	0.715381	0.382458	0.58477	0.0	0.5388930000000001	-0.834717	-0.113326	0.0	-4.18534	-1.26563	-1.72265	0.35634699999999997	-0.22401100000000002	0.497032	-0.838319	0.0	0.517452	-0.6682640000000001	-0.534478	0.0	-0.8258709999999999	-0.5535180000000001	-0.107492	0.0	0.597688	0.7442989999999999	-0.154722	0.32714099999999996	
0	0.442	0.39697899999999997	-0.8043899999999999	0.0	0.7103550000000001	0.39268000000000003	0.584122	0.0	0.547752	-0.829585	-0.108431	0.0	-4.1488	-1.33365	-1.7622400000000003	0.358475	-0.22535	0.503005	-0.8343879999999999	0.0	0.538367	-0.6494989999999999	-0.5369470000000001	0.0	-0.812021	-0.570208	-0.12443699999999999	0.0	0.503877	0.621722	-0.320065	0.325914	
0	0.441097	0.398346	-0.8042100000000001	0.0	0.705389	0.400124	0.585088	0.0	0.554851	-0.825361	-0.104496	0.0	-4.06987	-1.39907	-1.77942	0.361159	-0.24312399999999998	0.509204	-0.825592	0.0	0.563342	-0.6187560000000001	-0.547528	0.0	-0.789643	-0.598208	-0.13642100000000001	0.0	0.436224	0.48348800000000003	-0.45673800000000003	0.325375	
0	0.44247700000000006	0.397248	-0.803995	0.0	0.699911	0.40753	0.586553	0.0	0.560659	-0.822261	-0.0977156	0.0	-3.99704	-1.44634	-1.78703	0.362967	-0.247763	0.516887	-0.819416	0.0	0.585869	-0.593679	-0.551638	0.0	-0.771604	-0.616745	-0.155737	0.0	0.393922	0.372789	-0.601092	0.326463	
0	0.44718100000000005	0.391865	-0.804034	0.0	0.698351	0.408704	0.587594	0.0	0.55887	-0.824259	-0.0908945	0.0	-3.9343800000000004	-1.48166	-1.75797	0.363939	-0.25122	0.517555	-0.81794	0.0	0.604414	-0.576159	-0.550205	0.0	-0.756024	-0.6325970000000001	-0.168075	0.0	0.417071	0.258651	-0.745501	0.327619	
0	0.44966999999999996	0.388853	-0.804108	0.0	0.697641	0.40926599999999996	0.588046	0.0	0.557758	-0.825406	-0.0872449	0.0	-3.91085	-1.51216	-1.7679099999999999	0.363991	-0.252109	0.517292	-0.817833	0.0	0.611849	-0.569553	-0.548863	0.0	-0.749721	-0.638764	-0.172915	0.0	0.430088	0.207521	-0.8204549999999999	0.328646	
0	0.45509799999999995	0.378646	-0.805924	0.0	0.694462	0.41555600000000004	0.5873970000000001	0.0	0.557322	-0.8270069999999999	-0.0738369	0.0	-3.88047	-1.58094	-1.79767	0.36397199999999996	-0.249048	0.520702	-0.816605	0.0	0.6349739999999999	-0.548875	-0.54364	0.0	-0.7312890000000001	-0.6539149999999999	-0.193936	0.0	0.501764	0.107704	-1.02311	0.330355	
0	0.451323	0.376853	-0.808882	0.0	0.6916939999999999	0.424961	0.583924	0.0	0.563797	-0.8230370000000001	-0.0688717	0.0	-3.86783	-1.6028799999999999	-1.7865099999999998	0.363989	-0.24655300000000002	0.521439	-0.8168920000000001	0.0	0.645651	-0.54023	-0.539709	0.0	-0.7227359999999999	-0.6604939999999999	-0.20347200000000001	0.0	0.537587	0.07635850000000001	-1.09499	0.331115	
0	0.462776	0.37538299999999997	-0.8030729999999999	0.0	0.690041	0.416154	0.5921649999999999	0.0	0.556491	-0.8281930000000001	-0.0664433	0.0	-3.8249	-1.64494	-1.75243	0.36397399999999996	-0.244233	0.5209020000000001	-0.8179310000000001	0.0	0.652267	-0.535902	-0.536057	0.0	-0.717564	-0.6644329999999999	-0.208882	0.0	0.571923	0.0437974	-1.1858799999999998	0.331757	
0	0.470028	0.37859	-0.797335	0.0	0.687341	0.409732	0.599735	0.0	0.5537479999999999	-0.829933	-0.0676354	0.0	-3.8073300000000003	-1.71233	-1.72292	0.363993	-0.24330500000000002	0.520573	-0.8184170000000001	0.0	0.65475	-0.5343760000000001	-0.534551	0.0	-0.715615	-0.665917	-0.210829	0.0	0.603292	0.0222475	-1.22814	0.33200599999999997	
0	0.486725	0.373055	-0.789892	0.0	0.6804319999999999	0.405154	0.610625	0.0	0.547824	-0.834674	-0.0566399	0.0	-3.7821300000000004	-1.83171	-1.6666	0.363992	-0.243838	0.520155	-0.818524	0.0	0.6552680000000001	-0.5338430000000001	-0.534449	0.0	-0.71496	-0.666671	-0.21066999999999997	0.0	0.620266	0.013002200000000002	-1.24875	0.332469	
0	0.5036729999999999	0.370488	-0.7804180000000001	0.0	0.6756770000000001	0.393962	0.623101	0.0	0.5383060000000001	-0.84115	-0.051902	0.0	-3.76314	-1.93307	-1.62747	0.363976	-0.244207	0.52095	-0.817909	0.0	0.655658	-0.532734	-0.535077	0.0	-0.714475	-0.666938	-0.21146700000000002	0.0	0.626747	0.010160299999999999	-1.25506	0.33269099999999996	
0	0.524401	0.36662100000000003	-0.7685	0.0	0.671985	0.37609000000000004	0.6379600000000001	0.0	0.522915	-0.850967	-0.0491413	0.0	-3.7548800000000004	-2.03517	-1.6294	0.36397399999999996	-0.244946	0.519331	-0.818717	0.0	0.6565340000000001	-0.532521	-0.5342140000000001	0.0	-0.713418	-0.668369	-0.210519	0.0	0.626102	0.0180215	-1.26871	0.332689	
0	0.533317	0.36121	-0.764918	0.0	0.668823	0.373589	0.642734	0.0	0.517927	-0.854376	-0.042344599999999996	0.0	-3.7482699999999998	-2.15259	-1.6736799999999998	0.36398400000000003	-0.245794	0.516942	-0.819974	0.0	0.657561	-0.5325949999999999	-0.532876	0.0	-0.71218	-0.6701600000000001	-0.20901199999999998	0.0	0.628069	0.0306275	-1.2780799999999999	0.332823	
0	0.535142	0.36697199999999996	-0.76089	0.0	0.664806	0.37278	0.647355	0.0	0.5212060000000001	-0.8522709999999999	-0.0444753	0.0	-3.7162900000000003	-2.25065	-1.74856	0.363976	-0.247232	0.514886	-0.8208340000000001	0.0	0.658463	-0.532197	-0.532159	0.0	-0.710846	-0.672056	-0.207457	0.0	0.633267	0.033235400000000005	-1.26983	0.33278	
0	0.541641	0.369587	-0.755004	0.0	0.6615810000000001	0.366673	0.654112	0.0	0.518591	-0.8537889999999999	-0.045906699999999995	0.0	-3.68626	-2.3444	-1.79913	0.363971	-0.247955	0.5136189999999999	-0.8214100000000001	0.0	0.660611	-0.530537	-0.531153	0.0	-0.708598	-0.674335	-0.20775300000000002	0.0	0.637335	0.0332355	-1.25732	0.33281700000000003	
0	0.5569890000000001	0.366564	-0.7452479999999999	0.0	0.663654	0.343048	0.664742	0.0	0.499327	-0.8648399999999999	-0.0521976	0.0	-3.6437199999999996	-2.52422	-1.91324	0.363838	-0.248491	0.511231	-0.822737	0.0	0.662313	-0.530122	-0.5294449999999999	0.0	-0.706819	-0.6764720000000001	-0.206864	0.0	0.657864	0.028642	-1.25855	0.333117	
0	0.558952	0.373675	-0.740229	0.0	0.664966	0.331309	0.669369	0.0	0.495371	-0.866373	-0.0632954	0.0	-3.6368	-2.5904	-1.97308	0.36338899999999996	-0.248824	0.5097079999999999	-0.82358	0.0	0.662334	-0.530876	-0.528663	0.0	-0.706683	-0.677029	-0.20550300000000002	0.0	0.666946	0.0278973	-1.2506	0.33325	
0	0.555478	0.36696799999999996	-0.7461760000000001	0.0	0.6805979999999999	0.314906	0.6615300000000001	0.0	0.477735	-0.8753110000000001	-0.0748344	0.0	-3.61524	-2.64725	-2.0525700000000002	0.36196799999999996	-0.250137	0.506657	-0.8250639999999999	0.0	0.6612979999999999	-0.5330189999999999	-0.527804	0.0	-0.70719	-0.677636	-0.20172400000000001	0.0	0.674964	0.0289125	-1.24104	0.33313899999999996	
0	0.5652149999999999	0.364153	-0.740219	0.0	0.681291	0.299904	0.6677569999999999	0.0	0.465161	-0.8817309999999999	-0.0785844	0.0	-3.6125199999999995	-2.70647	-2.15137	0.36072	-0.25191399999999997	0.504478	-0.825858	0.0	0.659181	-0.53535	-0.528092	0.0	-0.708534	-0.677424	-0.19768	0.0	0.67771	0.0316527	-1.2286299999999999	0.333525	
0	0.571896	0.359154	-0.737525	0.0	0.681215	0.292978	0.670903	0.0	0.45703599999999994	-0.8861	-0.0771082	0.0	-3.60771	-2.7713200000000002	-2.19575	0.36035900000000004	-0.25255500000000003	0.5031680000000001	-0.8264610000000001	0.0	0.6588149999999999	-0.536145	-0.527742	0.0	-0.708645	-0.677769	-0.196089	0.0	0.677802	0.0367658	-1.2320799999999998	0.33367399999999997	
0	0.587199	0.34873899999999997	-0.730464	0.0	0.677783	0.281496	0.679242	0.0	0.44250200000000006	-0.8939469999999999	-0.071075	0.0	-3.61639	-2.86193	-2.31168	0.359392	-0.25450300000000003	0.500155	-0.827691	0.0	0.658742	-0.536946	-0.527018	0.0	-0.708017	-0.679363	-0.19281900000000002	0.0	0.67977	0.0415623	-1.2155200000000002	0.334285	
0	0.600641	0.34016399999999997	-0.723546	0.0	0.672864	0.27373400000000003	0.6872590000000001	0.0	0.43183900000000003	-0.899644	-0.0644683	0.0	-3.62835	-2.90872	-2.29236	0.358896	-0.255558	0.49848100000000006	-0.828376	0.0	0.659079	-0.537043	-0.5264979999999999	0.0	-0.707322	-0.680516	-0.19129300000000002	0.0	0.680286	0.0500091	-1.21228	0.334488	
0	0.632432	0.32495999999999997	-0.703158	0.0	0.651223	0.268493	0.709803	0.0	0.41945	-0.9068149999999999	-0.0418178	0.0	-3.6026	-2.9887	-2.29632	0.35851700000000003	-0.256554	0.496043	-0.8295299999999999	0.0	0.659592	-0.537485	-0.525402	0.0	-0.706483	-0.681946	-0.18929200000000002	0.0	0.68262	0.057476599999999996	-1.21589	0.334975	
0	0.66427	0.279332	-0.693339	0.0	0.630506	0.28884099999999996	0.72044	0.0	0.401507	-0.9157209999999999	0.0157477	0.0	-3.59729	-3.16198	-2.27906	0.359001	-0.256046	0.49358199999999997	-0.8311540000000001	0.0	0.661262	-0.5377350000000001	-0.523043	0.0	-0.705105	-0.683534	-0.188703	0.0	0.703491	0.0524136	-1.22116	0.33574899999999996	
0	0.667892	0.266748	-0.694814	0.0	0.626164	0.303223	0.718314	0.0	0.402292	-0.9148229999999999	0.035492699999999995	0.0	-3.6376199999999996	-3.3102199999999997	-2.31793	0.36025	-0.255038	0.492536	-0.832084	0.0	0.663111	-0.5372100000000001	-0.521238	0.0	-0.7037329999999999	-0.684699	-0.18959700000000002	0.0	0.720197	0.049145	-1.22889	0.33610500000000004	
0	0.671185	0.257643	-0.695076	0.0	0.6200899999999999	0.318668	0.716896	0.0	0.406202	-0.9121790000000001	0.0541229	0.0	-3.66618	-3.37888	-2.30965	0.360321	-0.254281	0.492576	-0.832292	0.0	0.6647930000000001	-0.536008	-0.520333	0.0	-0.7024189999999999	-0.685612	-0.191165	0.0	0.7274619999999999	0.049195300000000004	-1.2419799999999999	0.33619499999999997	
0	0.679679	0.243865	-0.691785	0.0	0.61375	0.32739	0.71842	0.0	0.401681	-0.9128780000000001	0.07284810000000001	0.0	-3.66225	-3.40315	-2.31346	0.360008	-0.253065	0.492859	-0.8324950000000001	0.0	0.66713	-0.534287	-0.519109	0.0	-0.700639	-0.686751	-0.19359200000000001	0.0	0.729118	0.0488313	-1.24708	0.336173	
0	0.68319	0.2398	-0.6897449999999999	0.0	0.61197	0.32734	0.719959	0.0	0.398427	-0.9139719999999999	0.07688510000000001	0.0	-3.66189	-3.41645	-2.3165	0.359498	-0.253266	0.491571	-0.833195	0.0	0.6669189999999999	-0.5351739999999999	-0.518467	0.0	-0.7007680000000001	-0.686984	-0.192297	0.0	0.733333	0.048575400000000005	-1.25334	0.33619099999999996	
0	0.677077	0.232552	-0.698202	0.0	0.621466	0.32745	0.711728	0.0	0.39414	-0.915803	0.077186	0.0	-3.64045	-3.4519300000000004	-2.3605	0.359631	-0.252791	0.48850699999999997	-0.83514	0.0	0.6671020000000001	-0.537184	-0.5161479999999999	0.0	-0.700765	-0.687601	-0.190089	0.0	0.73885	0.0536984	-1.24264	0.336319	
0	0.659165	0.252357	-0.708391	0.0	0.632025	0.324536	0.703719	0.0	0.407487	-0.911588	0.054426800000000004	0.0	-3.5829400000000002	-3.4534800000000003	-2.41889	0.357982	-0.25169899999999995	0.486205	-0.8368110000000001	0.0	0.668355	-0.538032	-0.513638	0.0	-0.699964	-0.6885680000000001	-0.18953599999999998	0.0	0.745474	0.06635360000000001	-1.20055	0.336306	
0	0.619492	0.253757	-0.742857	0.0	0.678243	0.303438	0.669262	0.0	0.395241	-0.918441	0.015868	0.0	-3.5294	-3.43758	-2.441	0.35442399999999996	-0.250662	0.484253	-0.838253	0.0	0.670257	-0.537976	-0.511212	0.0	-0.698515	-0.689987	-0.189724	0.0	0.751487	0.0819803	-1.17636	0.336378	
0	0.603438	0.250293	-0.7571100000000001	0.0	0.707495	0.269941	0.653133	0.0	0.36785	-0.9297770000000001	-0.0141888	0.0	-3.5158400000000003	-3.41134	-2.41008	0.346009	-0.249704	0.483242	-0.8391219999999999	0.0	0.671362	-0.538076	-0.509655	0.0	-0.6977979999999999	-0.690617	-0.190071	0.0	0.754536	0.08758939999999998	-1.16585	0.336426	
0	0.602962	0.23880500000000002	-0.761189	0.0	0.733684	0.208698	0.646648	0.0	0.313281	-0.948376	-0.0493708	0.0	-3.48314	-3.37685	-2.40024	0.346532	-0.249295	0.478815	-0.841777	0.0	0.672891	-0.539479	-0.506143	0.0	-0.69647	-0.692603	-0.187701	0.0	0.748527	0.11460999999999999	-1.2073399999999999	0.336351	
0	0.601128	0.21835500000000002	-0.768744	0.0	0.748648	0.18268	0.637303	0.0	0.279593	-0.9586180000000001	-0.053656899999999993	0.0	-3.44965	-3.38161	-2.43633	0.3439	-0.24756	0.47643500000000005	-0.8436379999999999	0.0	0.673696	-0.541138	-0.503293	0.0	-0.696311	-0.69295	-0.18700899999999998	0.0	0.754321	0.126322	-1.1924	0.336487	
0	0.634274	0.19484100000000001	-0.748153	0.0	0.734421	0.15044000000000002	0.6618109999999999	0.0	0.24150100000000002	-0.9692290000000001	-0.047675199999999994	0.0	-3.3993300000000004	-3.3865800000000004	-2.44706	0.319166	-0.24583899999999997	0.476063	-0.8443510000000001	0.0	0.675545	-0.5405369999999999	-0.501456	0.0	-0.695127	-0.693674	-0.188717	0.0	0.764187	0.14612999999999998	-1.1612799999999999	0.336467	
0	0.6474479999999999	0.185917	-0.739085	0.0	0.730141	0.126615	0.671463	0.0	0.218416	-0.9743729999999999	-0.053768399999999994	0.0	-3.37753	-3.38398	-2.44523	0.300076	-0.24525300000000003	0.475787	-0.844676	0.0	0.675868	-0.540725	-0.500818	0.0	-0.69502	-0.693717	-0.18895399999999998	0.0	0.76636	0.154118	-1.16642	0.336499	
0	0.674158	0.160906	-0.720847	0.0	0.7218140000000001	0.0632783	0.689188	0.0	0.15650799999999998	-0.9849389999999999	-0.0734847	0.0	-3.33659	-3.37649	-2.4394099999999996	0.291932	-0.244763	0.47347700000000004	-0.846115	0.0	0.676609	-0.54164	-0.498825	0.0	-0.694472	-0.694583	-0.18778599999999998	0.0	0.771757	0.165365	-1.1695200000000001	0.336573	
0	0.682461	0.154077	-0.714498	0.0	0.716002	0.055572	0.695882	0.0	0.146926	-0.9864950000000001	-0.0723941	0.0	-3.3262400000000003	-3.37592	-2.43424	0.30609000000000003	-0.244256	0.47267200000000004	-0.8467120000000001	0.0	0.676863	-0.542158	-0.49791599999999997	0.0	-0.6944020000000001	-0.6947270000000001	-0.18750899999999998	0.0	0.77556	0.17115	-1.16343	0.336565	
0	0.685738	0.151338	-0.7119409999999999	0.0	0.713613	0.0527153	0.698554	0.0	0.14324800000000001	-0.9870760000000001	-0.07184750000000001	0.0	-3.3231599999999997	-3.37756	-2.42733	0.319162	-0.242839	0.472084	-0.847447	0.0	0.677268	-0.542931	-0.496522	0.0	-0.694505	-0.694524	-0.187883	0.0	0.785672	0.177532	-1.14396	0.336618	
0	0.685628	0.154358	-0.711399	0.0	0.713491	0.0513299	0.698782	0.0	0.144379	-0.9866809999999999	-0.0749402	0.0	-3.3231599999999997	-3.3766800000000003	-2.42388	0.31787	-0.241921	0.47086000000000006	-0.848389	0.0	0.676299	-0.54515	-0.49541	0.0	-0.695769	-0.693615	-0.186559	0.0	0.790555	0.180356	-1.13558	0.33662600000000004	
0	0.685658	0.154359	-0.71137	0.0	0.713464	0.0513082	0.69881	0.0	0.144367	-0.986682	-0.07494980000000001	0.0	-3.3231300000000004	-3.37665	-2.42391	0.317871	-0.24191300000000002	0.47084899999999996	-0.848398	0.0	0.676316	-0.545144	-0.49539300000000003	0.0	-0.695755	-0.693628	-0.186565	0.0	0.79057	0.18013800000000002	-1.13598	0.336627	
0	0.685659	0.154358	-0.7113689999999999	0.0	0.713464	0.051308000000000006	0.698811	0.0	0.144366	-0.986682	-0.074949	0.0	-3.32312	-3.37665	-2.42392	0.31787	-0.24191300000000002	0.47084899999999996	-0.848398	0.0	0.6763140000000001	-0.545147	-0.49539399999999995	0.0	-0.695757	-0.693625	-0.186564	0.0	0.79057	0.180121	-1.13601	0.33662800000000004	
0	0.685659	0.154358	-0.7113689999999999	0.0	0.713464	0.051308000000000006	0.698811	0.0	0.144366	-0.986682	-0.074949	0.0	-3.32312	-3.37665	-2.42392	0.31787	-0.24191300000000002	0.47084899999999996	-0.848398	0.0	0.6763140000000001	-0.545147	-0.49539399999999995	0.0	-0.695757	-0.693625	-0.186564	0.0	0.79057	0.180121	-1.13601	0.336627	
0	0.685659	0.154358	-0.7113689999999999	0.0	0.713464	0.051308000000000006	0.698811	0.0	0.144366	-0.986682	-0.074949	0.0	-3.32312	-3.37665	-2.42392	0.31787	-0.24191300000000002	0.47084899999999996	-0.848398	0.0	0.6763140000000001	-0.545147	-0.49539399999999995	0.0	-0.695757	-0.693625	-0.186564	0.0	0.79057	0.180121	-1.13601	0.336627	
0	0.685659	0.154358	-0.7113689999999999	0.0	0.713464	0.051308000000000006	0.698811	0.0	0.144366	-0.986682	-0.074949	0.0	-3.32312	-3.37664	-2.42392	0.31787	-0.24191300000000002	0.47084899999999996	-0.848398	0.0	0.6763140000000001	-0.545147	-0.49539399999999995	0.0	-0.695757	-0.693625	-0.186564	0.0	0.79057	0.180121	-1.13601	0.336627	
0	0.685659	0.154358	-0.7113689999999999	0.0	0.713464	0.051308000000000006	0.698811	0.0	0.144366	-0.986682	-0.074949	0.0	-3.32312	-3.37664	-2.42392	0.31787	-0.24191300000000002	0.47084899999999996	-0.848398	0.0	0.6763140000000001	-0.545147	-0.49539399999999995	0.0	-0.695757	-0.693625	-0.186564	0.0	0.79057	0.180121	-1.13601	0.336627	
0	0.685659	0.154358	-0.7113689999999999	0.0	0.713464	0.051308000000000006	0.698811	0.0	0.144366	-0.986682	-0.074949	0.0	-3.32312	-3.37665	-2.42392	0.31787	-0.24191300000000002	0.47084899999999996	-0.848398	0.0	0.6763140000000001	-0.545147	-0.49539399999999995	0.0	-0.695757	-0.693625	-0.186564	0.0	0.79057	0.180121	-1.13601	0.336627	
0	0.685659	0.154358	-0.7113689999999999	0.0	0.713464	0.051308000000000006	0.698811	0.0	0.144366	-0.986682	-0.074949	0.0	-3.32312	-3.37664	-2.42392	0.31787	-0.24191300000000002	0.47084899999999996	-0.848398	0.0	0.6763140000000001	-0.545147	-0.49539399999999995	0.0	-0.695757	-0.693625	-0.186564	0.0	0.79057	0.180121	-1.13601	0.336627	
0	0.685659	0.154358	-0.7113689999999999	0.0	0.713464	0.051308000000000006	0.698811	0.0	0.144366	-0.986682	-0.074949	0.0	-3.32312	-3.37664	-2.42392	0.31787	-0.24191300000000002	0.47084899999999996	-0.848398	0.0	0.6763140000000001	-0.545147	-0.49539399999999995	0.0	-0.695757	-0.693625	-0.186564	0.0	0.79057	0.180121	-1.13601	0.336627	
0	0.685659	0.154358	-0.7113689999999999	0.0	0.713464	0.051308000000000006	0.698811	0.0	0.144366	-0.986682	-0.074949	0.0	-3.32312	-3.37664	-2.42392	0.31787	-0.24191300000000002	0.47084899999999996	-0.848398	0.0	0.6763140000000001	-0.545147	-0.49539399999999995	0.0	-0.695757	-0.693625	-0.186564	0.0	0.79057	0.180121	-1.13601	0.336627	
0	0.685659	0.154358	-0.7113689999999999	0.0	0.713464	0.051308000000000006	0.698811	0.0	0.144366	-0.986682	-0.074949	0.0	-3.32312	-3.37665	-2.42392	0.31787	-0.24191300000000002	0.47084899999999996	-0.848398	0.0	0.6763140000000001	-0.545147	-0.49539399999999995	0.0	-0.695757	-0.693625	-0.186564	0.0	0.79057	0.180121	-1.13601	0.33662800000000004	
0	0.685659	0.154358	-0.7113689999999999	0.0	0.713464	0.051308000000000006	0.698811	0.0	0.144366	-0.986682	-0.074949	0.0	-3.32312	-3.37664	-2.42392	0.31787	-0.24191300000000002	0.47084899999999996	-0.848398	0.0	0.6763140000000001	-0.545147	-0.49539399999999995	0.0	-0.695757	-0.693625	-0.186564	0.0	0.79057	0.180121	-1.13601	0.336627	
0	0.685659	0.154358	-0.7113689999999999	0.0	0.713464	0.051308000000000006	0.698811	0.0	0.144366	-0.986682	-0.074949	0.0	-3.32312	-3.37665	-2.42392	0.31787	-0.24191300000000002	0.47084899999999996	-0.848398	0.0	0.6763140000000001	-0.545147	-0.49539399999999995	0.0	-0.695757	-0.693625	-0.186564	0.0	0.79057	0.180121	-1.13601	0.336627	
0	0.636196	0.24527100000000002	-0.731503	0.0	0.682974	0.261999	0.681838	0.0	0.358888	-0.9333799999999999	-0.000831664	0.0	-3.49612	-3.50613	-2.50159	0.346452	-0.194554	0.451058	-0.871031	0.0	0.66982	-0.5876279999999999	-0.45391099999999995	0.0	-0.7165819999999999	-0.671744	-0.187802	0.0	0.736352	0.202514	-1.11111	0.334368	
0	0.657692	0.247035	-0.7116279999999999	0.0	0.673032	0.23159899999999997	0.702418	0.0	0.338334	-0.940923	-0.013941899999999998	0.0	-3.46582	-3.5143400000000002	-2.5564	0.35134899999999997	-0.191576	0.45231800000000005	-0.8710379999999999	0.0	0.669929	-0.58832	-0.452851	0.0	-0.717282	-0.670289	-0.19031199999999998	0.0	0.733862	0.20549800000000001	-1.10714	0.33412600000000003	
0	0.66546	0.247569	-0.704183	0.0	0.671181	0.21434299999999998	0.709629	0.0	0.326619	-0.9448629999999999	-0.0235268	0.0	-3.32789	-3.60581	-2.68341	0.352532	-0.190922	0.452056	-0.871318	0.0	0.67093	-0.587839	-0.451995	0.0	-0.716521	-0.6708890000000001	-0.191066	0.0	0.729169	0.20600300000000002	-1.1166	0.333971	
0	0.67513	0.235783	-0.699004	0.0	0.661944	0.224625	0.715104	0.0	0.32562199999999997	-0.9454899999999999	-0.00442407	0.0	-3.32551	-3.60474	-2.69666	0.354901	-0.191052	0.45162399999999997	-0.8715129999999999	0.0	0.670039	-0.588834	-0.45202200000000003	0.0	-0.71732	-0.670307	-0.190108	0.0	0.729683	0.204004	-1.10696	0.333924	
0	0.680786	0.229686	-0.695539	0.0	0.6547029999999999	0.235012	0.718424	0.0	0.328472	-0.944465	0.00961709	0.0	-3.3285699999999996	-3.6029	-2.70587	0.356054	-0.191298	0.451783	-0.8713770000000001	0.0	0.669516	-0.58912	-0.45242299999999996	0.0	-0.717742	-0.669948	-0.189778	0.0	0.730899	0.207438	-1.10806	0.333948	
0	0.6785140000000001	0.234343	-0.696206	0.0	0.657183	0.229819	0.7178399999999999	0.0	0.328221	-0.944599	0.00192904	0.0	-3.32985	-3.60322	-2.70256	0.354697	-0.191659	0.452229	-0.871066	0.0	0.66932	-0.588895	-0.453004	0.0	-0.717828	-0.669844	-0.18981900000000002	0.0	0.725062	0.227149	-1.1440299999999999	0.33405999999999997	
0	0.67593	0.223298	-0.702322	0.0	0.6623439999999999	0.233794	0.711787	0.0	0.323139	-0.9462969999999999	0.0101282	0.0	-3.32352	-3.60225	-2.71068	0.354468	-0.191621	0.452618	-0.870873	0.0	0.669222	-0.588804	-0.453269	0.0	-0.7179300000000001	-0.669663	-0.190075	0.0	0.7229220000000001	0.247916	-1.17719	0.333851	
0	0.6786479999999999	0.216527	-0.701821	0.0	0.660171	0.238948	0.712094	0.0	0.321886	-0.946583	0.0192168	0.0	-3.32168	-3.6009599999999997	-2.71791	0.354848	-0.191772	0.45227	-0.8710200000000001	0.0	0.669049	-0.589072	-0.453175	0.0	-0.718051	-0.669662	-0.189623	0.0	0.72515	0.257037	-1.1776	0.334007	
0	0.691549	0.187838	-0.697479	0.0	0.6575810000000001	0.235866	0.7155100000000001	0.0	0.298912	-0.9534590000000001	0.039594199999999996	0.0	-3.3022	-3.5975300000000003	-2.73441	0.35473000000000005	-0.191343	0.452934	-0.870769	0.0	0.6677810000000001	-0.590115	-0.453689	0.0	-0.719345	-0.668293	-0.189546	0.0	0.728173	0.27612	-1.18333	0.334365	
0	0.701414	0.16597	-0.6931609999999999	0.0	0.656371	0.22868899999999998	0.718943	0.0	0.277841	-0.959247	0.0514673	0.0	-3.2844900000000004	-3.5966199999999997	-2.74415	0.353403	-0.190669	0.45385200000000003	-0.870439	0.0	0.667909	-0.5898439999999999	-0.45385299999999995	0.0	-0.7194050000000001	-0.66791	-0.190667	0.0	0.728923	0.282763	-1.18452	0.334412	
0	0.757877	0.10785299999999999	-0.643421	0.0	0.609735	0.233692	0.757371	0.0	0.23204699999999998	-0.96631	0.111348	0.0	-3.3486300000000004	-3.5797	-2.8855299999999997	0.16463699999999998	-0.19001600000000002	0.454741	-0.870117	0.0	0.667484	-0.59009	-0.454158	0.0	-0.719971	-0.667087	-0.191406	0.0	0.739745	0.302508	-1.14815	0.334665	
0	0.7855270000000001	0.0892322	-0.61236	0.0	0.589727	0.191939	0.784463	0.0	0.18753499999999998	-0.977342	0.0981507	0.0	-3.29282	-3.5787699999999996	-2.88457	0.121847	-0.188836	0.455883	-0.869777	0.0	0.667948	-0.589634	-0.454067	0.0	-0.719851	-0.66671	-0.193163	0.0	0.744454	0.310531	-1.13533	0.334904	
0	0.792859	0.113718	-0.598701	0.0	0.577414	0.17394400000000002	0.7977069999999999	0.0	0.194854	-0.978168	0.07225110000000001	0.0	-3.30576	-3.57935	-2.86184	0.122334	-0.189005	0.45541000000000004	-0.8699879999999999	0.0	0.6681729999999999	-0.589591	-0.45379200000000003	0.0	-0.719599	-0.667071	-0.192858	0.0	0.745736	0.3151	-1.1361	0.334926	
