0	0.00249695	0.572124	-0.820163	0.0	0.36694699999999997	0.762428	0.532967	0.0	0.9302389999999999	-0.302287	-0.208035	0.0	-2.7511900000000002	1.9125400000000001	1.44594	3.55244e-05	-0.155779	0.565908	-0.8096180000000001	0.0	0.520822	-0.649383	-0.554118	0.0	-0.839332	-0.507987	-0.193577	0.0	2.6501099999999997	2.0093799999999997	1.5605200000000001	3.9611e-05	
0	-0.12480999999999999	0.438353	-0.8900950000000001	0.0	0.0850948	0.898534	0.43057700000000004	0.0	0.988525	-0.0220023	-0.149447	0.0	-2.68701	1.8461400000000001	1.6201299999999998	0.0	0.0793616	0.42736199999999996	-0.900591	0.0	0.112898	-0.901481	-0.417835	0.0	-0.990432	-0.0685147	-0.11979100000000001	0.0	2.7741599999999997	2.0220599999999997	1.62652	0.0	
0	-0.163642	0.42172200000000004	-0.8918360000000001	0.0	0.050567	0.9064200000000001	0.419339	0.0	0.985223	0.023524	-0.169653	0.0	-2.6047	1.8939	1.7249	0.0	0.11466199999999999	0.436737	-0.892252	0.0	0.0887678	-0.8990879999999999	-0.428675	0.0	-0.989431	-0.0300505	-0.14185999999999999	0.0	2.80191	2.04792	1.61217	0.0	
0	-0.169691	0.49474399999999996	-0.852311	0.0	0.115347	0.8688799999999999	0.481397	0.0	0.9787239999999999	-0.016623	-0.204509	0.0	-2.56514	1.9831400000000001	1.78698	0.105675	0.17186300000000002	0.441094	-0.8808520000000001	0.0	0.074016	-0.8974110000000001	-0.43494499999999997	0.0	-0.9823370000000001	0.0095537	-0.18688	0.0	2.81527	2.15495	1.59756	0.08011	
0	-0.201389	0.501916	-0.841144	0.0	0.0685818	0.863856	0.49904899999999996	0.0	0.977107	0.0428157	-0.208393	0.0	-2.46831	2.06874	1.75879	0.362131	0.21297800000000003	0.390596	-0.8955860000000001	0.0	0.0253812	-0.9185190000000001	-0.39456199999999997	0.0	-0.976727	0.0613019	-0.205538	0.0	2.67005	2.26565	1.5557299999999998	0.339253	
0	-0.323507	0.418649	-0.8485729999999999	0.0	0.00351506	0.897323	0.44136000000000003	0.0	0.946219	0.1398	-0.29176199999999997	0.0	-2.4488	2.2090400000000003	1.6482599999999998	0.36044	0.222058	0.387895	-0.8945549999999999	0.0	-0.00239183	-0.917241	-0.398326	0.0	-0.975031	0.0905912	-0.202754	0.0	2.6061099999999997	2.29731	1.58575	0.338738	
0	-0.380202	0.386631	-0.840216	0.0	-0.0129363	0.906125	0.422813	0.0	0.9248129999999999	0.171624	-0.339509	0.0	-2.4988200000000003	2.3102400000000003	1.5453700000000001	0.36023099999999997	0.217127	0.38669000000000003	-0.896285	0.0	-0.022520500000000002	-0.915961	-0.40063499999999996	0.0	-0.975884	0.107174	-0.190172	0.0	2.55136	2.2983599999999997	1.59439	0.33864	
0	-0.400973	0.372512	-0.836932	0.0	-0.025626299999999998	0.908673	0.416721	0.0	0.915732	0.18854100000000001	-0.35480700000000004	0.0	-2.5295900000000002	2.39367	1.46258	0.359682	0.218703	0.398712	-0.890617	0.0	-0.037202099999999995	-0.908641	-0.415917	0.0	-0.975082	0.12409500000000001	-0.183889	0.0	2.5177	2.29705	1.56039	0.338158	
0	-0.369575	0.350484	-0.860567	0.0	-0.0250563	0.922041	0.386281	0.0	0.9288629999999999	0.164322	-0.33198099999999997	0.0	-2.46379	2.34638	1.47715	0.3605	0.155273	0.378783	-0.912367	0.0	0.00100332	-0.923629	-0.383288	0.0	-0.9878709999999999	0.058599	-0.143795	0.0	2.41443	2.16031	1.55124	0.33772800000000003	
0	-0.260913	0.328304	-0.9078219999999999	0.0	0.0422136	0.943376	0.329029	0.0	0.9644389999999999	0.0475255	-0.259998	0.0	-2.3229	2.11796	1.5418	0.361581	0.0629591	0.35252100000000003	-0.9336840000000001	0.0	0.0624962	-0.9350959999999999	-0.34884	0.0	-0.996058	-0.036389099999999994	-0.0809041	0.0	2.30472	1.8925	1.5436299999999998	0.336882	
0	-0.171649	0.339104	-0.9249569999999999	0.0	0.120023	0.9390959999999999	0.32201399999999997	0.0	0.97782	-0.0557429	-0.201895	0.0	-2.21	1.8055299999999999	1.6218	0.36199899999999996	0.00107777	0.37895100000000004	-0.925416	0.0	0.110722	-0.9197719999999999	-0.37651100000000004	0.0	-0.993851	-0.10205800000000001	-0.0429496	0.0	2.19841	1.6762	1.56759	0.3376	
0	-0.053677800000000005	0.37700300000000003	-0.9246549999999999	0.0	0.23484000000000002	0.904784	0.355268	0.0	0.970551	-0.198076	-0.137102	0.0	-2.1457599999999997	1.31621	1.6351	0.361989	-0.09699819999999999	0.4416	-0.8919540000000001	0.0	0.172678	-0.875122	-0.452045	0.0	-0.980191	-0.19786800000000002	0.00863055	0.0	2.10964	1.41229	1.6314799999999998	0.337956	
0	0.0367844	0.404969	-0.91359	0.0	0.342138	0.8538549999999999	0.392266	0.0	0.9389290000000001	-0.327004	-0.107147	0.0	-2.23181	0.973772	1.58184	0.36239	-0.179423	0.481678	-0.857785	0.0	0.22177600000000003	-0.829685	-0.512288	0.0	-0.958448	-0.282152	0.0420398	0.0	2.09623	1.26384	1.75437	0.338683	
0	0.12029300000000001	0.327099	-0.9373030000000001	0.0	0.447883	0.8247260000000001	0.34529299999999996	0.0	0.885963	-0.461338	-0.047293	0.0	-2.46559	0.489842	1.55853	0.362976	-0.24635300000000002	0.50339	-0.8281959999999999	0.0	0.279848	-0.781188	-0.55806	0.0	-0.927899	-0.369248	0.0515754	0.0	2.18453	1.02201	1.92205	0.339667	
0	0.132511	0.287459	-0.9485819999999999	0.0	0.533778	0.785698	0.312665	0.0	0.8351780000000001	-0.547764	-0.0493256	0.0	-2.66202	0.260849	1.53987	0.363215	-0.276427	0.49871400000000005	-0.821507	0.0	0.315707	-0.76025	-0.567758	0.0	-0.907699	-0.416299	0.0527059	0.0	2.26064	0.87355	2.0018599999999998	0.340133	
0	0.158029	0.256793	-0.9534590000000001	0.0	0.588113	0.751167	0.299786	0.0	0.79319	-0.608116	-0.0323175	0.0	-2.8572900000000003	0.119625	1.5545799999999999	0.36333899999999997	-0.276646	0.49936099999999994	-0.82104	0.0	0.319488	-0.7579899999999999	-0.5686640000000001	0.0	-0.906308	-0.41963	0.050155	0.0	2.32085	0.809519	2.00572	0.340336	
0	0.161018	0.24971500000000002	-0.954838	0.0	0.6008479999999999	0.742714	0.295563	0.0	0.782978	-0.621304	-0.0304502	0.0	-2.92003	0.1017	1.54132	0.363122	-0.276014	0.49779300000000004	-0.822203	0.0	0.316552	-0.760628	-0.5667800000000001	0.0	-0.90753	-0.416709	0.0523664	0.0	2.33513	0.806171	2.0209099999999998	0.340397	
0	0.160999	0.26667399999999997	-0.9502440000000001	0.0	0.61451	0.7263229999999999	0.307949	0.0	0.772307	-0.633514	-0.04693680000000001	0.0	-3.05422	0.182373	1.41835	0.363563	-0.28062800000000004	0.48868	-0.826099	0.0	0.307608	-0.7694949999999999	-0.5596909999999999	0.0	-0.9091899999999999	-0.411179	0.06562029999999999	0.0	2.31866	0.830724	2.05385	0.340317	
0	0.147605	0.29423699999999997	-0.9442649999999999	0.0	0.607643	0.726314	0.321308	0.0	0.780374	-0.621203	-0.07158350000000001	0.0	-3.15807	0.33361799999999997	1.27798	0.363437	-0.278427	0.496613	-0.822103	0.0	0.301592	-0.767451	-0.5657399999999999	0.0	-0.9118780000000001	-0.405457	0.0639042	0.0	2.31351	0.8592860000000001	2.07219	0.34025500000000003	
0	0.128709	0.320297	-0.938533	0.0	0.5995550000000001	0.728718	0.330914	0.0	0.789916	-0.605294	-0.0982432	0.0	-3.22107	0.44738599999999995	1.2219	0.36356	-0.27570100000000003	0.500891	-0.820425	0.0	0.299668	-0.7661819999999999	-0.568476	0.0	-0.9133389999999999	-0.40258499999999997	0.0611366	0.0	2.31374	0.885885	2.05691	0.340174	
0	0.10770999999999999	0.318372	-0.9418270000000001	0.0	0.581214	0.748421	0.319463	0.0	0.806591	-0.581812	-0.10443	0.0	-3.2398599999999997	0.518379	1.1564	0.363565	-0.273472	0.505364	-0.818425	0.0	0.296824	-0.764997	-0.571555	0.0	-0.9149370000000001	-0.39923200000000003	0.0592009	0.0	2.31428	0.899209	2.0442	0.34005799999999997	
0	0.09412589999999998	0.313934	-0.944768	0.0	0.569692	0.761266	0.309717	0.0	0.81645	-0.567379	-0.10719100000000001	0.0	-3.2253700000000003	0.543453	1.1586	0.363551	-0.274431	0.505811	-0.817828	0.0	0.296131	-0.764695	-0.5723189999999999	0.0	-0.914874	-0.39924699999999996	0.060069700000000004	0.0	2.31356	0.8980469999999999	2.0424900000000004	0.34000199999999997	
0	0.0725802	0.308981	-0.9482950000000001	0.0	0.5353859999999999	0.79013	0.298423	0.0	0.841483	-0.5293640000000001	-0.108076	0.0	-3.1513400000000003	0.591913	1.18977	0.36351300000000003	-0.274897	0.5017199999999999	-0.8201879999999999	0.0	0.294968	-0.7679090000000001	-0.568603	0.0	-0.9151100000000001	-0.39823600000000003	0.063105	0.0	2.3128599999999997	0.9080860000000001	2.04967	0.339781	
0	0.07223660000000001	0.302562	-0.9503879999999999	0.0	0.526628	0.797652	0.29396500000000003	0.0	0.8470209999999999	-0.521736	-0.10171799999999999	0.0	-3.10668	0.637486	1.25589	0.363719	-0.265229	0.507151	-0.820032	0.0	0.28292399999999995	-0.772116	-0.569026	0.0	-0.9217420000000001	-0.382929	0.0613026	0.0	2.31988	0.945091	2.01335	0.33963499999999996	
0	0.0600817	0.306317	-0.950032	0.0	0.494921	0.817385	0.294848	0.0	0.866858	-0.48790500000000003	-0.102493	0.0	-3.04148	0.7585310000000001	1.33481	0.36385100000000004	-0.26668800000000004	0.512679	-0.816112	0.0	0.27216	-0.772256	-0.5740649999999999	0.0	-0.924558	-0.375209	0.0664206	0.0	2.3311	1.0246600000000001	2.01436	0.33960300000000004	
0	0.0424473	0.325341	-0.944643	0.0	0.481666	0.8217	0.304642	0.0	0.875326	-0.467934	-0.121827	0.0	-3.00258	0.940275	1.38975	0.363546	-0.267776	0.518692	-0.811945	0.0	0.260818	-0.772231	-0.579339	0.0	-0.927507	-0.36690300000000003	0.0715005	0.0	2.33497	1.10721	2.04818	0.33971799999999996	
0	0.024950999999999997	0.354532	-0.9347110000000001	0.0	0.465595	0.823283	0.324696	0.0	0.8846459999999999	-0.44329799999999997	-0.144526	0.0	-2.9749	1.08099	1.42636	0.363359	-0.273712	0.52489	-0.80596	0.0	0.25318	-0.769088	-0.586859	0.0	-0.927891	-0.364683	0.0776168	0.0	2.3258099999999997	1.17872	2.09314	0.33957	
0	0.011684	0.379148	-0.925262	0.0	0.45738900000000005	0.8208200000000001	0.342127	0.0	0.8891899999999999	-0.427202	-0.163828	0.0	-2.95995	1.14087	1.44052	0.36330300000000004	-0.273739	0.525012	-0.805872	0.0	0.249915	-0.770269	-0.586709	0.0	-0.928768	-0.362005	0.0796442	0.0	2.3214799999999998	1.21444	2.11521	0.339446	
0	0.000400697	0.394095	-0.91907	0.0	0.446589	0.822257	0.352777	0.0	0.894739	-0.410588	-0.175669	0.0	-2.94988	1.20327	1.45134	0.36354200000000003	-0.275002	0.5194310000000001	-0.809052	0.0	0.24991799999999997	-0.77395	-0.5818439999999999	0.0	-0.928394	-0.362205	0.08302260000000002	0.0	2.32136	1.23009	2.1306	0.339341	
0	-0.0153105	0.40518000000000004	-0.9141090000000001	0.0	0.42628599999999994	0.8296129999999999	0.360587	0.0	0.904459	-0.384151	-0.185424	0.0	-2.94797	1.29624	1.4369399999999999	0.36398600000000003	-0.271681	0.51132	-0.815317	0.0	0.24809099999999998	-0.781338	-0.57268	0.0	-0.92986	-0.35785900000000004	0.08542029999999999	0.0	2.3282700000000003	1.25655	2.14003	0.339321	
0	-0.0151042	0.408907	-0.912451	0.0	0.424046	0.829046	0.36451	0.0	0.905515	-0.381416	-0.185917	0.0	-2.93648	1.35713	1.43792	0.36393600000000004	-0.274954	0.513065	-0.81312	0.0	0.245061	-0.7803859999999999	-0.575277	0.0	-0.929702	-0.357439	0.088838	0.0	2.3294	1.2944	2.14998	0.339336	
0	-0.016434	0.412228	-0.910933	0.0	0.41755200000000003	0.8306389999999999	0.36835999999999997	0.0	0.9085040000000001	-0.374309	-0.185778	0.0	-2.9443900000000003	1.41131	1.46449	0.363982	-0.279215	0.5134029999999999	-0.811453	0.0	0.24157399999999998	-0.780324	-0.576832	0.0	-0.9293440000000001	-0.357087	0.0938533	0.0	2.32858	1.33968	2.1760200000000003	0.339654	
0	-0.0201985	0.41830600000000007	-0.9080809999999999	0.0	0.409602	0.8320069999999999	0.374152	0.0	0.912041	-0.36439499999999997	-0.188145	0.0	-2.9464900000000003	1.46682	1.49861	0.363836	-0.284156	0.520522	-0.805178	0.0	0.23981	-0.774518	-0.585332	0.0	-0.9283030000000001	-0.35941599999999996	0.0952577	0.0	2.3391599999999997	1.41651	2.2286200000000003	0.339766	
0	-0.0194141	0.419444	-0.907574	0.0	0.405983	0.8328469999999999	0.376223	0.0	0.913674	-0.361155	-0.18645599999999998	0.0	-2.94273	1.47558	1.5085600000000001	0.363976	-0.287044	0.526614	-0.800177	0.0	0.239735	-0.769254	-0.592263	0.0	-0.927433	-0.361836	0.09456200000000001	0.0	2.3383700000000003	1.43318	2.23635	0.339837	
0	0.00071594	0.421652	-0.9067569999999999	0.0	0.39721300000000004	0.8320350000000001	0.387219	0.0	0.917726	-0.360453	-0.16689	0.0	-2.9034299999999997	1.4417799999999998	1.5606200000000001	0.363824	-0.294935	0.536779	-0.790495	0.0	0.23928000000000002	-0.759445	-0.604971	0.0	-0.9250719999999999	-0.367576	0.0955466	0.0	2.30694	1.45569	2.25395	0.33984699999999995	
0	0.00506057	0.41006899999999996	-0.912041	0.0	0.395839	0.8367319999999999	0.378405	0.0	0.918306	-0.362937	-0.15808699999999998	0.0	-2.89641	1.41839	1.6273799999999998	0.363981	-0.296644	0.5445770000000001	-0.7844979999999999	0.0	0.23535100000000003	-0.75445	-0.612712	0.0	-0.925534	-0.36639	0.09563619999999999	0.0	2.27758	1.4618200000000001	2.25241	0.339967	
0	0.00396737	0.398434	-0.9171889999999999	0.0	0.387538	0.8449059999999999	0.36871	0.0	0.921845	-0.35690900000000003	-0.151056	0.0	-2.89602	1.43879	1.6610599999999998	0.363982	-0.296901	0.545243	-0.783939	0.0	0.230331	-0.755826	-0.612923	0.0	-0.9267129999999999	-0.362543	0.0988194	0.0	2.26094	1.46523	2.25444	0.339848	
0	0.00260414	0.380697	-0.924696	0.0	0.374886	0.8568899999999999	0.353837	0.0	0.927067	-0.347577	-0.140487	0.0	-2.8693299999999997	1.5054	1.7255200000000002	0.36397399999999996	-0.2979	0.5394329999999999	-0.787571	0.0	0.228946	-0.760576	-0.607543	0.0	-0.926736	-0.361298	0.103075	0.0	2.25117	1.46327	2.26258	0.339864	
0	0.00236779	0.381058	-0.9245479999999999	0.0	0.359484	0.8624209999999999	0.356373	0.0	0.933148	-0.333204	-0.134942	0.0	-2.8153599999999996	1.58385	1.7809	0.363982	-0.296867	0.537896	-0.789011	0.0	0.22823000000000002	-0.762347	-0.60559	0.0	-0.9272440000000001	-0.359856	0.103551	0.0	2.25027	1.46833	2.27064	0.339871	
0	0.00402561	0.38306599999999996	-0.9237120000000001	0.0	0.352881	0.86375	0.359738	0.0	0.93566	-0.327409	-0.1317	0.0	-2.79583	1.6031	1.80418	0.363989	-0.297136	0.5391859999999999	-0.788028	0.0	0.22895700000000002	-0.760992	-0.6070180000000001	0.0	-0.9269780000000001	-0.360792	0.10266700000000001	0.0	2.2504	1.47009	2.26757	0.33986700000000003	
0	0.0139023	0.386752	-0.9220790000000001	0.0	0.343915	0.8640559999999999	0.3676	0.0	0.938898	-0.322227	-0.12099700000000001	0.0	-2.72018	1.6263299999999998	1.8966	0.363983	-0.29799499999999995	0.542794	-0.785222	0.0	0.233302	-0.756234	-0.611295	0.0	-0.925618	-0.365356	0.0987188	0.0	2.25475	1.46884	2.2842700000000002	0.339591	
0	0.0198872	0.39157600000000004	-0.9199309999999999	0.0	0.342873	0.861643	0.374178	0.0	0.9391709999999999	-0.322861	-0.117125	0.0	-2.70704	1.6248799999999999	1.91545	0.363985	-0.29791	0.54137	-0.786237	0.0	0.23400900000000002	-0.757088	-0.609966	0.0	-0.925467	-0.365701	0.0988584	0.0	2.25602	1.46885	2.2915400000000004	0.33963699999999997	
0	0.0210409	0.397785	-0.9172370000000001	0.0	0.345335	0.858082	0.380052	0.0	0.9382440000000001	-0.324751	-0.119314	0.0	-2.69708	1.6249200000000001	1.9195	0.363979	-0.29839099999999996	0.540004	-0.786994	0.0	0.232944	-0.758419	-0.608718	0.0	-0.925581	-0.36496100000000004	0.100515	0.0	2.25787	1.4699200000000001	2.2962700000000003	0.33953	
0	0.0208115	0.40326599999999996	-0.9148459999999999	0.0	0.349961	0.854217	0.38450100000000004	0.0	0.936533	-0.32816300000000004	-0.12335	0.0	-2.6996	1.62103	1.9189	0.363981	-0.300367	0.539166	-0.786816	0.0	0.23363299999999998	-0.7581899999999999	-0.608739	0.0	-0.924768	-0.366672	0.101768	0.0	2.25793	1.46832	2.3102099999999997	0.339439	
0	0.020253200000000002	0.407677	-0.912902	0.0	0.35220300000000004	0.8516469999999999	0.388137	0.0	0.9357049999999999	-0.329387	-0.126336	0.0	-2.70571	1.60867	1.90936	0.363977	-0.300216	0.540193	-0.786169	0.0	0.235537	-0.756684	-0.609879	0.0	-0.924334	-0.368267	0.0999326	0.0	2.25572	1.46243	2.3143	0.339449	
0	0.020241	0.407827	-0.9128350000000001	0.0	0.35229699999999997	0.8515530000000001	0.388259	0.0	0.9356700000000001	-0.329447	-0.12644	0.0	-2.70497	1.6086799999999999	1.90785	0.363981	-0.300223	0.540219	-0.786149	0.0	0.235474	-0.756687	-0.609899	0.0	-0.924348	-0.368223	0.09996669999999999	0.0	2.25704	1.46325	2.31459	0.339453	
0	0.0202418	0.407803	-0.9128459999999999	0.0	0.352294	0.851564	0.388238	0.0	0.9356709999999999	-0.329448	-0.12642899999999999	0.0	-2.70493	1.6089200000000001	1.90809	0.36398	-0.300223	0.5402140000000001	-0.7861520000000001	0.0	0.235461	-0.756696	-0.609893	0.0	-0.924351	-0.368212	0.0999781	0.0	2.25699	1.46328	2.3146	0.339455	
0	0.0202422	0.407803	-0.9128459999999999	0.0	0.352294	0.851564	0.388238	0.0	0.9356709999999999	-0.329448	-0.12642899999999999	0.0	-2.70493	1.6089200000000001	1.90809	0.36398	-0.300223	0.5402140000000001	-0.7861520000000001	0.0	0.235461	-0.756696	-0.609893	0.0	-0.924351	-0.368212	0.099978	0.0	2.25699	1.46328	2.3146	0.339455	
0	0.0202422	0.407803	-0.9128459999999999	0.0	0.352294	0.851564	0.388238	0.0	0.9356709999999999	-0.329448	-0.12642899999999999	0.0	-2.70493	1.6089200000000001	1.90809	0.36398	-0.300223	0.5402140000000001	-0.7861520000000001	0.0	0.235461	-0.756696	-0.609893	0.0	-0.924351	-0.368212	0.099978	0.0	2.25699	1.46328	2.3146	0.339455	
0	0.0202422	0.407803	-0.9128459999999999	0.0	0.352294	0.851564	0.388238	0.0	0.9356709999999999	-0.329448	-0.12642899999999999	0.0	-2.70493	1.6089200000000001	1.90809	0.36398	-0.300223	0.5402140000000001	-0.7861520000000001	0.0	0.235461	-0.756696	-0.609893	0.0	-0.924351	-0.368212	0.099978	0.0	2.25699	1.46328	2.3146	0.339455	
0	0.0202422	0.407803	-0.9128459999999999	0.0	0.352294	0.851564	0.388238	0.0	0.9356709999999999	-0.329448	-0.12642899999999999	0.0	-2.70493	1.6089200000000001	1.90809	0.36398	-0.300223	0.5402140000000001	-0.7861520000000001	0.0	0.235461	-0.756696	-0.609893	0.0	-0.924351	-0.368212	0.099978	0.0	2.25699	1.46328	2.3146	0.339455	
0	0.0202422	0.407803	-0.9128459999999999	0.0	0.352294	0.851564	0.388238	0.0	0.9356709999999999	-0.329448	-0.12642899999999999	0.0	-2.70493	1.6089200000000001	1.90809	0.36398	-0.300223	0.5402140000000001	-0.7861520000000001	0.0	0.235461	-0.756696	-0.609893	0.0	-0.924351	-0.368212	0.0999779	0.0	2.25699	1.46328	2.3146	0.339455	
0	0.0202422	0.407803	-0.9128459999999999	0.0	0.352294	0.851564	0.388238	0.0	0.9356709999999999	-0.329448	-0.12642899999999999	0.0	-2.70493	1.6089200000000001	1.90809	0.36398	-0.300223	0.5402140000000001	-0.7861520000000001	0.0	0.235461	-0.756696	-0.609893	0.0	-0.924351	-0.368212	0.0999779	0.0	2.25699	1.46328	2.3146	0.339456	
0	0.0202422	0.407803	-0.9128459999999999	0.0	0.352294	0.851564	0.388238	0.0	0.9356709999999999	-0.329448	-0.12642899999999999	0.0	-2.70493	1.6089200000000001	1.90809	0.36398	-0.300223	0.5402140000000001	-0.7861520000000001	0.0	0.235461	-0.756696	-0.609893	0.0	-0.924351	-0.368212	0.099978	0.0	2.25699	1.46328	2.3146	0.339455	
0	0.0202422	0.407803	-0.9128459999999999	0.0	0.352294	0.851564	0.388238	0.0	0.9356709999999999	-0.329448	-0.12642899999999999	0.0	-2.70493	1.6089200000000001	1.90809	0.36398	-0.300223	0.5402140000000001	-0.7861520000000001	0.0	0.235461	-0.756696	-0.609893	0.0	-0.924351	-0.368212	0.0999781	0.0	2.25699	1.46328	2.3146	0.339455	
0	0.0202422	0.407803	-0.9128459999999999	0.0	0.352294	0.851564	0.388238	0.0	0.9356709999999999	-0.329448	-0.12642899999999999	0.0	-2.70493	1.6089200000000001	1.90809	0.36398	-0.300223	0.5402140000000001	-0.7861520000000001	0.0	0.235461	-0.756696	-0.609893	0.0	-0.924351	-0.368212	0.0999779	0.0	2.25699	1.46328	2.3146	0.339455	
0	0.0202422	0.407803	-0.9128459999999999	0.0	0.352294	0.851564	0.388238	0.0	0.9356709999999999	-0.329448	-0.12642899999999999	0.0	-2.70493	1.6089200000000001	1.90809	0.36398	-0.300223	0.5402140000000001	-0.7861520000000001	0.0	0.235461	-0.756696	-0.609893	0.0	-0.924351	-0.368212	0.0999779	0.0	2.25699	1.46328	2.3146	0.339456	
0	0.0202422	0.407803	-0.9128459999999999	0.0	0.352294	0.851564	0.388238	0.0	0.9356709999999999	-0.329448	-0.12642899999999999	0.0	-2.70493	1.6089200000000001	1.90809	0.36398	-0.300223	0.5402140000000001	-0.7861520000000001	0.0	0.235461	-0.756696	-0.609893	0.0	-0.924351	-0.368212	0.099978	0.0	2.25699	1.46328	2.3146	0.339455	
0	0.0202422	0.407803	-0.9128459999999999	0.0	0.352294	0.851564	0.388238	0.0	0.9356709999999999	-0.329448	-0.12642899999999999	0.0	-2.70493	1.6089200000000001	1.90809	0.36398	-0.300223	0.5402140000000001	-0.7861520000000001	0.0	0.235461	-0.756696	-0.609893	0.0	-0.924351	-0.368212	0.099978	0.0	2.25699	1.46328	2.3146	0.339455	
0	0.0202422	0.407803	-0.9128459999999999	0.0	0.352294	0.851564	0.388238	0.0	0.9356709999999999	-0.329448	-0.12642899999999999	0.0	-2.70493	1.6089200000000001	1.90809	0.36398	-0.300223	0.5402140000000001	-0.7861520000000001	0.0	0.235461	-0.756696	-0.609893	0.0	-0.924351	-0.368212	0.0999779	0.0	2.25699	1.46328	2.3146	0.339456	
0	0.0202422	0.407803	-0.9128459999999999	0.0	0.352294	0.851564	0.388238	0.0	0.9356709999999999	-0.329448	-0.12642899999999999	0.0	-2.70493	1.6089200000000001	1.90809	0.36398	-0.300223	0.5402140000000001	-0.7861520000000001	0.0	0.235461	-0.756696	-0.609893	0.0	-0.924351	-0.368212	0.0999779	0.0	2.25699	1.46328	2.3146	0.339456	
0	0.0202422	0.407803	-0.9128459999999999	0.0	0.352294	0.851564	0.388238	0.0	0.9356709999999999	-0.329448	-0.12642899999999999	0.0	-2.70493	1.6089200000000001	1.90809	0.36398	-0.300223	0.5402140000000001	-0.7861520000000001	0.0	0.235461	-0.756696	-0.609893	0.0	-0.924351	-0.368212	0.0999781	0.0	2.25699	1.46328	2.3146	0.339455	
0	0.0202422	0.407803	-0.9128459999999999	0.0	0.352294	0.851564	0.388238	0.0	0.9356709999999999	-0.329448	-0.12642899999999999	0.0	-2.70493	1.6089200000000001	1.90809	0.36398	-0.300223	0.5402140000000001	-0.7861520000000001	0.0	0.235461	-0.756696	-0.609893	0.0	-0.924351	-0.368212	0.0999779	0.0	2.25699	1.46328	2.3146	0.339455	
0	0.0202422	0.407803	-0.9128459999999999	0.0	0.352294	0.851564	0.388238	0.0	0.9356709999999999	-0.329448	-0.12642899999999999	0.0	-2.70493	1.6089200000000001	1.90809	0.36398	-0.300223	0.5402140000000001	-0.7861520000000001	0.0	0.235461	-0.756696	-0.609893	0.0	-0.924351	-0.368212	0.0999781	0.0	2.25699	1.46328	2.3146	0.339455	
0	0.0202422	0.407803	-0.9128459999999999	0.0	0.352294	0.851564	0.388238	0.0	0.9356709999999999	-0.329448	-0.12642899999999999	0.0	-2.70493	1.6089200000000001	1.90809	0.36398	-0.300223	0.5402140000000001	-0.7861520000000001	0.0	0.235461	-0.756696	-0.609893	0.0	-0.924351	-0.368212	0.0999781	0.0	2.25699	1.46328	2.3146	0.339455	
0	0.0202422	0.407803	-0.9128459999999999	0.0	0.352294	0.851564	0.388238	0.0	0.9356709999999999	-0.329448	-0.12642899999999999	0.0	-2.70493	1.6089200000000001	1.90809	0.36398	-0.300223	0.5402140000000001	-0.7861520000000001	0.0	0.235461	-0.756696	-0.609893	0.0	-0.924351	-0.368212	0.0999779	0.0	2.25699	1.46328	2.3146	0.339455	
0	0.0202422	0.407803	-0.9128459999999999	0.0	0.352294	0.851564	0.388238	0.0	0.9356709999999999	-0.329448	-0.12642899999999999	0.0	-2.70493	1.6089200000000001	1.90809	0.36398	-0.300223	0.5402140000000001	-0.7861520000000001	0.0	0.235461	-0.756696	-0.609893	0.0	-0.924351	-0.368212	0.0999779	0.0	2.25699	1.46328	2.3146	0.339455	
0	0.0202422	0.407803	-0.9128459999999999	0.0	0.352294	0.851564	0.388238	0.0	0.9356709999999999	-0.329448	-0.12642899999999999	0.0	-2.70493	1.6089200000000001	1.90809	0.36398	-0.300223	0.5402140000000001	-0.7861520000000001	0.0	0.235461	-0.756696	-0.609893	0.0	-0.924351	-0.368212	0.0999779	0.0	2.25699	1.46328	2.3146	0.339455	
0	0.0202422	0.407803	-0.9128459999999999	0.0	0.352294	0.851564	0.388238	0.0	0.9356709999999999	-0.329448	-0.12642899999999999	0.0	-2.70493	1.6089200000000001	1.90809	0.36398	-0.300223	0.5402140000000001	-0.7861520000000001	0.0	0.235461	-0.756696	-0.609893	0.0	-0.924351	-0.368212	0.0999779	0.0	2.25699	1.46328	2.3146	0.339455	
0	-0.120902	0.39110700000000004	-0.9123700000000001	0.0	0.08085650000000001	0.9199379999999999	0.38363600000000003	0.0	0.989366	-0.027388799999999998	-0.142846	0.0	-2.69393	1.56618	1.8848900000000002	0.351298	-0.203447	0.6010770000000001	-0.7728619999999999	0.0	0.0973985	-0.77303	-0.626847	0.0	-0.9742290000000001	-0.202806	0.0987265	0.0	2.2439400000000003	1.50963	2.3660900000000002	0.33214299999999997	
0	-0.121522	0.38895799999999997	-0.913206	0.0	0.0762953	0.9209620000000001	0.38210900000000003	0.0	0.9896520000000001	-0.0232389	-0.141593	0.0	-2.6945	1.56054	1.87096	0.351042	-0.20543899999999998	0.600318	-0.772925	0.0	0.0979953	-0.773184	-0.6265649999999999	0.0	-0.973751	-0.204464	0.10001399999999999	0.0	2.2476599999999998	1.51044	2.37447	0.332334	
0	-0.10771300000000002	0.41719399999999995	-0.9024120000000001	0.0	0.125781	0.906118	0.403893	0.0	0.986193	-0.0700023	-0.150076	0.0	-2.71595	1.5494299999999999	1.84224	0.351353	-0.20970500000000003	0.607159	-0.766409	0.0	0.12488800000000001	-0.760784	-0.636875	0.0	-0.969756	-0.229271	0.08371369999999999	0.0	2.2269400000000004	1.47976	2.35141	0.333323	
0	-0.0993244	0.474922	-0.8744049999999999	0.0	0.228422	0.866166	0.4445	0.0	0.968482	-0.155584	-0.19451400000000002	0.0	-2.82939	1.35664	1.60047	0.352923	-0.19684100000000002	0.58924	-0.783613	0.0	0.17593699999999998	-0.765047	-0.619475	0.0	-0.96452	-0.259805	0.046923400000000004	0.0	2.228	1.35565	2.20709	0.334757	
0	-0.0889775	0.48077	-0.8723209999999999	0.0	0.291667	0.84998	0.43870699999999996	0.0	0.9523729999999999	-0.215392	-0.215854	0.0	-2.97653	1.09778	1.2997	0.354493	-0.189406	0.5717409999999999	-0.798272	0.0	0.203761	-0.772404	-0.6015590000000001	0.0	-0.960525	-0.276595	0.029799000000000003	0.0	2.2381900000000003	1.2001700000000002	2.05818	0.336113	
0	-0.0849043	0.473797	-0.876532	0.0	0.324231	0.844967	0.425329	0.0	0.94216	-0.248087	-0.225361	0.0	-3.09923	0.915911	1.09839	0.355824	-0.193185	0.563412	-0.8032729999999999	0.0	0.21503200000000003	-0.7744800000000001	-0.594931	0.0	-0.957309	-0.287661	0.028465699999999997	0.0	2.23767	1.12401	1.9943400000000002	0.336721	
0	-0.0611776	0.43599399999999994	-0.897868	0.0	0.40783800000000003	0.831951	0.376198	0.0	0.9110020000000001	-0.34317	-0.228712	0.0	-3.42544	0.33563000000000004	0.541257	0.360243	-0.206763	0.5516340000000001	-0.808052	0.0	0.24601599999999998	-0.770051	-0.588642	0.0	-0.9469559999999999	-0.32050300000000004	0.023507499999999997	0.0	2.2172099999999997	0.925308	1.84139	0.338345	
0	-0.0323345	0.402289	-0.914942	0.0	0.460111	0.818643	0.34368699999999996	0.0	0.887272	-0.409862	-0.21156799999999998	0.0	-3.60109	-0.0874521	0.203571	0.36104	-0.21039499999999997	0.5501699999999999	-0.808113	0.0	0.25958400000000004	-0.765504	-0.588745	0.0	-0.942523	-0.333642	0.0182429	0.0	2.17847	0.805686	1.7302799999999998	0.338778	
0	-0.0189893	0.37749699999999997	-0.925816	0.0	0.48715699999999995	0.812122	0.32114699999999996	0.0	0.873108	-0.44491899999999995	-0.199322	0.0	-3.67679	-0.299819	0.0360892	0.361604	-0.21240100000000003	0.548194	-0.8089310000000001	0.0	0.264422	-0.7646930000000001	-0.5876439999999999	0.0	-0.9407270000000001	-0.338715	0.0174674	0.0	2.15938	0.765208	1.67491	0.33871399999999996	
0	0.0293274	0.322325	-0.946175	0.0	0.567507	0.773857	0.28121399999999996	0.0	0.822846	-0.545208	-0.160227	0.0	-3.85164	-0.775435	-0.305906	0.362135	-0.21634	0.540948	-0.812756	0.0	0.26953299999999997	-0.767026	-0.582256	0.0	-0.938375	-0.34503	0.0201355	0.0	2.11856	0.684916	1.58883	0.339095	
0	0.0370492	0.311123	-0.9496469999999999	0.0	0.58425	0.764219	0.273167	0.0	0.8107270000000001	-0.564952	-0.15345999999999999	0.0	-3.87816	-0.870343	-0.42189799999999994	0.3623	-0.217094	0.540367	-0.812941	0.0	0.270892	-0.7667430000000001	-0.5820000000000001	0.0	-0.93781	-0.346568	0.020074500000000002	0.0	2.11343	0.662129	1.5986799999999999	0.339161	
0	0.0443165	0.32410100000000003	-0.944984	0.0	0.613035	0.738059	0.281881	0.0	0.788812	-0.5918	-0.16597699999999999	0.0	-3.8976900000000003	-0.990891	-0.687394	0.361835	-0.21917199999999998	0.53794	-0.8139930000000001	0.0	0.273276	-0.7670399999999999	-0.580491	0.0	-0.936634	-0.349672	0.0211082	0.0	2.10508	0.633441	1.60848	0.33935	
0	0.056773199999999996	0.319713	-0.9458120000000001	0.0	0.6540819999999999	0.703812	0.277172	0.0	0.75429	-0.634375	-0.16916099999999998	0.0	-3.8635300000000004	-1.18505	-1.09528	0.36181199999999997	-0.21587199999999998	0.5367529999999999	-0.815657	0.0	0.27464099999999997	-0.76825	-0.5782430000000001	0.0	-0.937001	-0.348839	0.018429400000000002	0.0	2.10537	0.6162880000000001	1.5975700000000002	0.339496	
0	0.0641092	0.328033	-0.9424889999999999	0.0	0.668281	0.687288	0.284668	0.0	0.7411409999999999	-0.648097	-0.175157	0.0	-3.8434	-1.25756	-1.2083	0.361493	-0.214529	0.5358649999999999	-0.8165939999999999	0.0	0.27478600000000003	-0.769178	-0.576939	0.0	-0.937267	-0.348159	0.0177628	0.0	2.10891	0.611689	1.59361	0.339457	
0	0.0639798	0.33814299999999997	-0.938917	0.0	0.681846	0.672182	0.288543	0.0	0.728692	-0.658658	-0.187556	0.0	-3.73487	-1.39445	-1.49786	0.361199	-0.21369000000000002	0.534104	-0.817967	0.0	0.27692	-0.769845	-0.575026	0.0	-0.936831	-0.349389	0.0166039	0.0	2.11053	0.582879	1.59467	0.339572	
0	0.06639289999999999	0.342623	-0.937124	0.0	0.6894640000000001	0.663159	0.29130500000000004	0.0	0.72127	-0.665454	-0.192197	0.0	-3.61994	-1.44649	-1.6484	0.360783	-0.21409499999999998	0.5330550000000001	-0.818545	0.0	0.279498	-0.76951	-0.574226	0.0	-0.9359729999999999	-0.35172	0.0157601	0.0	2.12059	0.56091	1.61458	0.339495	
0	0.0814508	0.34374	-0.935526	0.0	0.70972	0.639012	0.296583	0.0	0.69976	-0.688118	-0.191911	0.0	-3.5225400000000002	-1.5061799999999999	-1.7555900000000002	0.360321	-0.213146	0.5335300000000001	-0.818483	0.0	0.27993	-0.7692640000000001	-0.574344	0.0	-0.93606	-0.351537	0.0146141	0.0	2.12586	0.549425	1.6067799999999999	0.339506	
0	0.120922	0.341482	-0.932077	0.0	0.734625	0.6007140000000001	0.315387	0.0	0.667611	-0.7228640000000001	-0.178221	0.0	-3.4934300000000005	-1.60071	-1.8207900000000001	0.35949699999999996	-0.21175500000000003	0.53396	-0.8185640000000001	0.0	0.278621	-0.769818	-0.57424	0.0	-0.936766	-0.349667	0.0142398	0.0	2.1284	0.546585	1.60758	0.339575	
0	0.137786	0.34826599999999996	-0.927214	0.0	0.7476649999999999	0.577426	0.327989	0.0	0.649625	-0.738438	-0.180825	0.0	-3.46973	-1.63182	-1.86835	0.35897199999999996	-0.211215	0.533669	-0.818893	0.0	0.278194	-0.770323	-0.573769	0.0	-0.9370149999999999	-0.349	0.0142406	0.0	2.13057	0.549659	1.6134899999999999	0.339478	
0	0.185817	0.349695	-0.918251	0.0	0.762343	0.538295	0.359265	0.0	0.619923	-0.76678	-0.16656300000000002	0.0	-3.37565	-1.6529200000000002	-1.9384099999999997	0.34820300000000004	-0.21217199999999997	0.532358	-0.819499	0.0	0.27970700000000004	-0.770425	-0.572896	0.0	-0.936348	-0.350772	0.0145584	0.0	2.1246099999999997	0.537412	1.6167200000000002	0.339533	
0	0.23256999999999997	0.349989	-0.907424	0.0	0.769854	0.503908	0.39166599999999996	0.0	0.594337	-0.789673	-0.152246	0.0	-3.3525300000000002	-1.6570099999999999	-1.9312799999999999	0.34836300000000003	-0.21352800000000002	0.531687	-0.8195819999999999	0.0	0.281053	-0.770031	-0.572766	0.0	-0.935636	-0.352648	0.0149906	0.0	2.12276	0.52833	1.61798	0.339447	
0	0.287333	0.332074	-0.898425	0.0	0.768183	0.48038000000000003	0.423237	0.0	0.5721310000000001	-0.811765	-0.11706400000000002	0.0	-3.3429699999999998	-1.6904599999999999	-1.88975	0.349821	-0.21447199999999997	0.531384	-0.8195319999999999	0.0	0.28236100000000003	-0.7695	-0.572837	0.0	-0.935026	-0.35426199999999997	0.014994	0.0	2.12089	0.514678	1.63174	0.339462	
0	0.29282600000000003	0.336871	-0.894858	0.0	0.764191	0.480042	0.43078	0.0	0.5746859999999999	-0.809986	-0.11686600000000001	0.0	-3.33669	-1.6978799999999998	-1.8725	0.349097	-0.216389	0.526962	-0.8218799999999999	0.0	0.282709	-0.771938	-0.5693739999999999	0.0	-0.9344790000000001	-0.355559	0.018061900000000002	0.0	2.13	0.523691	1.65724	0.339598	
0	0.29361	0.34218699999999996	-0.892581	0.0	0.7606729999999999	0.48186599999999996	0.43495100000000003	0.0	0.578939	-0.806668	-0.11881199999999999	0.0	-3.3447	-1.7021	-1.8638099999999997	0.349436	-0.21641999999999997	0.526517	-0.8221569999999999	0.0	0.28310100000000005	-0.772089	-0.568975	0.0	-0.9343530000000001	-0.355891	0.0180382	0.0	2.13152	0.527571	1.66176	0.339574	
0	0.294118	0.352337	-0.8884559999999999	0.0	0.755912	0.48310200000000003	0.441825	0.0	0.584886	-0.801543	-0.124247	0.0	-3.35581	-1.70787	-1.84732	0.349171	-0.21550100000000003	0.529405	-0.820543	0.0	0.28315	-0.770309	-0.5713590000000001	0.0	-0.934551	-0.35546500000000003	0.0161018	0.0	2.12512	0.5139239999999999	1.6529099999999999	0.339535	
0	0.28730100000000003	0.355619	-0.8893780000000001	0.0	0.754247	0.488335	0.43891	0.0	0.590399	-0.79691	-0.127925	0.0	-3.38913	-1.7122700000000002	-1.83906	0.349246	-0.214575	0.52966	-0.8206209999999999	0.0	0.282449	-0.770642	-0.571256	0.0	-0.934976	-0.35436	0.0157588	0.0	2.12374	0.5067050000000001	1.64888	0.339598	
0	0.281034	0.357346	-0.8906870000000001	0.0	0.752862	0.493471	0.43552799999999997	0.0	0.595163	-0.792963	-0.13035	0.0	-3.3965300000000003	-1.7107599999999998	-1.84274	0.348773	-0.21443299999999998	0.528886	-0.821157	0.0	0.282001	-0.771388	-0.570471	0.0	-0.9351440000000001	-0.353894	0.0162642	0.0	2.12359	0.507466	1.6532200000000001	0.339512	
0	0.279591	0.357763	-0.8909739999999999	0.0	0.752162	0.49513599999999997	0.434849	0.0	0.596726	-0.791736	-0.13066	0.0	-3.3999900000000003	-1.7111599999999998	-1.84302	0.348707	-0.214612	0.528733	-0.8212079999999999	0.0	0.281954	-0.771464	-0.570391	0.0	-0.935117	-0.353956	0.016486900000000002	0.0	2.1234599999999997	0.507965	1.6545	0.339589	
0	0.27957600000000005	0.357797	-0.890965	0.0	0.752178	0.49510600000000005	0.434853	0.0	0.596712	-0.7917390000000001	-0.130707	0.0	-3.4014699999999998	-1.7118	-1.8416700000000001	0.348675	-0.21458899999999997	0.528744	-0.821207	0.0	0.281953	-0.771463	-0.570392	0.0	-0.9351219999999999	-0.35394200000000003	0.0164666	0.0	2.1228700000000003	0.5077510000000001	1.65467	0.33957800000000005	
0	0.27957600000000005	0.357797	-0.890965	0.0	0.752179	0.49510600000000005	0.434853	0.0	0.596711	-0.7917390000000001	-0.130708	0.0	-3.4014699999999998	-1.7118	-1.8416700000000001	0.348675	-0.21458899999999997	0.528744	-0.821207	0.0	0.281953	-0.771463	-0.570393	0.0	-0.9351219999999999	-0.35394200000000003	0.0164665	0.0	2.1228700000000003	0.5077510000000001	1.65467	0.33957800000000005	
0	0.27957600000000005	0.357797	-0.890965	0.0	0.752179	0.49510600000000005	0.434853	0.0	0.596711	-0.7917390000000001	-0.130708	0.0	-3.4014699999999998	-1.7118	-1.8416700000000001	0.348675	-0.21459	0.528744	-0.821207	0.0	0.281953	-0.771463	-0.570393	0.0	-0.9351219999999999	-0.35394200000000003	0.0164665	0.0	2.1228700000000003	0.5077520000000001	1.65467	0.33957800000000005	
0	0.27957600000000005	0.357797	-0.890965	0.0	0.752179	0.49510600000000005	0.434853	0.0	0.596711	-0.7917390000000001	-0.130708	0.0	-3.4014699999999998	-1.7118	-1.8416700000000001	0.348675	-0.21459	0.528744	-0.821207	0.0	0.281953	-0.771463	-0.570393	0.0	-0.9351219999999999	-0.35394200000000003	0.0164665	0.0	2.1228700000000003	0.50775	1.65467	0.33957800000000005	
0	0.27957600000000005	0.357797	-0.890965	0.0	0.752179	0.49510600000000005	0.434853	0.0	0.596711	-0.7917390000000001	-0.130708	0.0	-3.4014699999999998	-1.7118	-1.8416700000000001	0.348675	-0.21459	0.528744	-0.821207	0.0	0.281953	-0.771463	-0.570393	0.0	-0.9351219999999999	-0.35394200000000003	0.0164665	0.0	2.1228700000000003	0.5077510000000001	1.65467	0.33957800000000005	
0	0.27957600000000005	0.357797	-0.890965	0.0	0.752179	0.49510600000000005	0.434853	0.0	0.596711	-0.7917390000000001	-0.130708	0.0	-3.4014699999999998	-1.7118	-1.8416700000000001	0.348675	-0.21459	0.528744	-0.821207	0.0	0.281953	-0.771463	-0.570393	0.0	-0.9351219999999999	-0.35394200000000003	0.0164665	0.0	2.1228700000000003	0.5077510000000001	1.65467	0.33957800000000005	
0	0.27957600000000005	0.357797	-0.890965	0.0	0.752179	0.49510600000000005	0.434853	0.0	0.596711	-0.7917390000000001	-0.130708	0.0	-3.4014699999999998	-1.7118	-1.8416700000000001	0.34867600000000004	-0.21459	0.528744	-0.821207	0.0	0.281953	-0.771463	-0.570393	0.0	-0.9351219999999999	-0.35394200000000003	0.0164665	0.0	2.1228700000000003	0.5077510000000001	1.65467	0.33957800000000005	
0	0.27957600000000005	0.357797	-0.890965	0.0	0.752179	0.49510600000000005	0.434853	0.0	0.596711	-0.7917390000000001	-0.130708	0.0	-3.4014699999999998	-1.7118	-1.8416700000000001	0.348675	-0.21459	0.528744	-0.821207	0.0	0.281953	-0.771463	-0.570393	0.0	-0.9351219999999999	-0.35394200000000003	0.0164666	0.0	2.1228700000000003	0.5077510000000001	1.65467	0.33957800000000005	
0	0.27957600000000005	0.357797	-0.890965	0.0	0.752179	0.49510600000000005	0.434853	0.0	0.596711	-0.7917390000000001	-0.130708	0.0	-3.4014699999999998	-1.7118	-1.8416700000000001	0.348675	-0.21458899999999997	0.528744	-0.821207	0.0	0.281953	-0.771463	-0.570393	0.0	-0.9351219999999999	-0.35394200000000003	0.0164665	0.0	2.1228700000000003	0.5077510000000001	1.65467	0.33957800000000005	
0	0.27957600000000005	0.357797	-0.890965	0.0	0.752179	0.49510600000000005	0.434853	0.0	0.596711	-0.7917390000000001	-0.130708	0.0	-3.4014699999999998	-1.7118	-1.8416700000000001	0.348675	-0.21459	0.528744	-0.821207	0.0	0.281953	-0.771463	-0.570393	0.0	-0.9351219999999999	-0.35394200000000003	0.0164665	0.0	2.1228700000000003	0.5077510000000001	1.65467	0.33957800000000005	
0	0.27957600000000005	0.357797	-0.890965	0.0	0.752179	0.49510600000000005	0.434853	0.0	0.596711	-0.7917390000000001	-0.130708	0.0	-3.4014699999999998	-1.7118	-1.8416700000000001	0.348675	-0.21459	0.528744	-0.821207	0.0	0.281953	-0.771463	-0.570393	0.0	-0.9351219999999999	-0.35394200000000003	0.0164665	0.0	2.1228700000000003	0.50775	1.65467	0.33957800000000005	
0	0.27957600000000005	0.357797	-0.890965	0.0	0.752179	0.49510600000000005	0.434853	0.0	0.596711	-0.7917390000000001	-0.130708	0.0	-3.4014699999999998	-1.7118	-1.8416700000000001	0.348675	-0.21459	0.528744	-0.821207	0.0	0.281953	-0.771463	-0.570393	0.0	-0.9351219999999999	-0.35394200000000003	0.0164665	0.0	2.1228700000000003	0.5077510000000001	1.65467	0.33957800000000005	
0	0.27957600000000005	0.357797	-0.890965	0.0	0.752179	0.49510600000000005	0.434853	0.0	0.596711	-0.7917390000000001	-0.130708	0.0	-3.4014699999999998	-1.7118	-1.8416700000000001	0.348675	-0.21459	0.528744	-0.821207	0.0	0.281953	-0.771463	-0.570393	0.0	-0.9351219999999999	-0.35394200000000003	0.0164666	0.0	2.1228700000000003	0.5077510000000001	1.65467	0.33957800000000005	
0	0.27957600000000005	0.357797	-0.890965	0.0	0.752179	0.49510600000000005	0.434853	0.0	0.596711	-0.7917390000000001	-0.130708	0.0	-3.4014699999999998	-1.7118	-1.8416700000000001	0.348675	-0.21459	0.528744	-0.821207	0.0	0.281953	-0.771463	-0.570393	0.0	-0.9351219999999999	-0.35394200000000003	0.0164666	0.0	2.1228700000000003	0.5077510000000001	1.65467	0.33957800000000005	
0	0.27957600000000005	0.357797	-0.890965	0.0	0.752179	0.49510600000000005	0.434853	0.0	0.596711	-0.7917390000000001	-0.130708	0.0	-3.4014699999999998	-1.7118	-1.8416700000000001	0.348675	-0.21459	0.528744	-0.821207	0.0	0.281953	-0.771463	-0.570393	0.0	-0.9351219999999999	-0.35394200000000003	0.0164666	0.0	2.1228700000000003	0.5077510000000001	1.65467	0.33957800000000005	
0	0.27957600000000005	0.357797	-0.890965	0.0	0.752179	0.49510600000000005	0.434853	0.0	0.596711	-0.7917390000000001	-0.130708	0.0	-3.4014699999999998	-1.7118	-1.8416700000000001	0.348675	-0.21459	0.528744	-0.821207	0.0	0.281953	-0.771463	-0.570393	0.0	-0.9351219999999999	-0.35394200000000003	0.0164665	0.0	2.1228700000000003	0.5077510000000001	1.65467	0.33957800000000005	
0	0.27957600000000005	0.357797	-0.890965	0.0	0.752179	0.49510600000000005	0.434853	0.0	0.596711	-0.7917390000000001	-0.130708	0.0	-3.4014699999999998	-1.7118	-1.8416700000000001	0.348675	-0.21458899999999997	0.528744	-0.821207	0.0	0.281953	-0.771463	-0.570392	0.0	-0.9351219999999999	-0.35394200000000003	0.0164665	0.0	2.1228700000000003	0.5077510000000001	1.65467	0.33957800000000005	
0	0.27957600000000005	0.357797	-0.890965	0.0	0.752179	0.49510600000000005	0.434853	0.0	0.596711	-0.7917390000000001	-0.130708	0.0	-3.4014699999999998	-1.7118	-1.8416700000000001	0.348675	-0.21459	0.528744	-0.821207	0.0	0.281953	-0.771463	-0.570393	0.0	-0.9351219999999999	-0.35394200000000003	0.0164665	0.0	2.1228700000000003	0.5077510000000001	1.65467	0.33957800000000005	
0	0.27957600000000005	0.357797	-0.890965	0.0	0.752179	0.49510600000000005	0.434853	0.0	0.596711	-0.7917390000000001	-0.130708	0.0	-3.4014699999999998	-1.7118	-1.8416700000000001	0.348675	-0.21459	0.528744	-0.821207	0.0	0.281953	-0.771463	-0.570393	0.0	-0.9351219999999999	-0.35394200000000003	0.0164665	0.0	2.1228700000000003	0.5077510000000001	1.65467	0.33957800000000005	
