0	0.207725	0.6926829999999999	-0.690682	0.0	0.568371	0.489192	0.6615479999999999	0.0	0.7961189999999999	-0.529983	-0.292083	0.0	-2.7375	1.95417	1.35438	1.7166099999999998e-05	-0.371291	0.549004	-0.7488239999999999	0.0	0.648857	-0.423465	-0.632189	0.0	-0.664175	-0.720605	-0.198997	0.0	2.6322400000000004	1.96242	1.54556	2.3853e-05	
0	-0.21875999999999998	0.613698	-0.758629	0.0	0.168708	0.7895399999999999	0.590055	0.0	0.961084	0.00109398	-0.27625500000000003	0.0	-2.6767	1.77321	1.40462	0.0	-0.23977600000000002	0.46958199999999994	-0.849706	0.0	0.45862700000000006	-0.716629	-0.525457	0.0	-0.855669	-0.51569	-0.04353219999999999	0.0	2.6594	1.85897	1.54488	0.0	
0	-0.20888099999999998	0.614197	-0.761007	0.0	0.191462	0.788797	0.584074	0.0	0.959016	-0.023702200000000003	-0.28236	0.0	-2.63943	1.63365	1.41764	0.0	-0.240076	0.470788	-0.8489540000000001	0.0	0.45405	-0.718515	-0.526854	0.0	-0.858022	-0.511953	-0.0412634	0.0	2.67414	1.74432	1.50521	0.0	
0	-0.20550900000000002	0.634861	-0.744793	0.0	0.21395799999999998	0.7717729999999999	0.5988220000000001	0.0	0.954981	-0.0362911	-0.294441	0.0	-2.58149	1.4013200000000001	1.39175	0.0	-0.162547	0.476879	-0.863809	0.0	0.439247	-0.748948	-0.49612399999999995	0.0	-0.883539	-0.46006899999999995	-0.0877288	0.0	2.65332	1.6555	1.40559	0.1064	
0	-0.15531099999999998	0.6711050000000001	-0.724911	0.0	0.274319	0.734254	0.620983	0.0	0.9490139999999999	-0.10241099999999999	-0.298135	0.0	-2.61386	1.25377	1.35143	0.365695	-0.172725	0.439877	-0.8812909999999999	0.0	0.458892	-0.755764	-0.467161	0.0	-0.871541	-0.485108	-0.07131649999999999	0.0	2.51923	1.62545	1.3873799999999998	0.25917199999999996	
0	-0.10923599999999999	0.6235	-0.774154	0.0	0.268991	0.7682979999999999	0.580828	0.0	0.9569280000000001	-0.144793	-0.25164200000000003	0.0	-2.62977	1.04172	1.38271	0.00213748	-0.190749	0.46209300000000003	-0.866075	0.0	0.47330500000000003	-0.7296520000000001	-0.49354799999999993	0.0	-0.8599979999999999	-0.504062	-0.0795302	0.0	2.5253799999999997	1.58084	1.36261	-0.000690497	
0	-0.202224	0.615953	-0.7613850000000001	0.0	0.23671399999999998	0.785138	0.572298	0.0	0.9503010000000001	-0.0644981	-0.304578	0.0	-2.6873099999999996	1.00345	1.2506	0.0	-0.108661	0.504372	-0.8566219999999999	0.0	0.419757	-0.757853	-0.499463	0.0	-0.901109	-0.41384499999999996	-0.129365	0.0	2.5727	1.58861	1.30845	0.0	
0	-0.245443	0.6524	-0.7170300000000001	0.0	0.249467	0.757252	0.603603	0.0	0.9367629999999999	-0.030725	-0.348615	0.0	-2.69814	1.11768	1.1622700000000001	0.269681	-0.016789	0.470466	-0.882258	0.0	0.461221	-0.7792520000000001	-0.424314	0.0	-0.887127	-0.41403999999999996	-0.203906	0.0	2.6010400000000002	1.5835	1.2783799999999998	0.33415700000000004	
0	-0.253347	0.666808	-0.7008439999999999	0.0	0.260002	0.744757	0.6146020000000001	0.0	0.9317799999999999	-0.0265132	-0.362054	0.0	-2.61877	1.1803299999999999	1.12429	0.362906	0.00533581	0.454176	-0.8908959999999999	0.0	0.46706899999999996	-0.7888890000000001	-0.399376	0.0	-0.8842049999999999	-0.413979	-0.21634099999999998	0.0	2.61625	1.51652	1.3257299999999999	0.336911	
0	-0.25350100000000003	0.673188	-0.694662	0.0	0.28970500000000005	0.737992	0.6094569999999999	0.0	0.9229350000000001	-0.0467491	-0.382108	0.0	-2.64494	1.1864	1.14557	0.36406	0.00683868	0.450963	-0.892517	0.0	0.48025100000000004	-0.7843479999999999	-0.392629	0.0	-0.8771049999999999	-0.425946	-0.221939	0.0	2.6240900000000003	1.4594	1.38265	0.338187	
0	-0.240544	0.667082	-0.7050810000000001	0.0	0.33734699999999995	0.738582	0.583689	0.0	0.9101290000000001	-0.097454	-0.4027	0.0	-2.69739	1.15586	1.1989	0.364	4.17233e-05	0.46032700000000004	-0.887749	0.0	0.5214880000000001	-0.75749	-0.392759	0.0	-0.853259	-0.46293500000000004	-0.240087	0.0	2.60296	1.41161	1.42405	0.33816399999999996	
0	-0.212152	0.661328	-0.7194689999999999	0.0	0.35777600000000004	0.737676	0.572565	0.0	0.9093889999999999	-0.135938	-0.39310700000000004	0.0	-2.73548	1.1157700000000002	1.2536200000000002	0.363962	-0.00748956	0.450219	-0.8928870000000001	0.0	0.535856	-0.752078	-0.383714	0.0	-0.844276	-0.481332	-0.23561999999999997	0.0	2.57219	1.33804	1.43698	0.33864099999999997	
0	-0.18016600000000002	0.670928	-0.719303	0.0	0.359012	0.7256739999999999	0.5869479999999999	0.0	0.9157790000000001	-0.15249000000000001	-0.371612	0.0	-2.7389900000000003	1.10038	1.2902799999999999	0.364001	-0.0204103	0.44391800000000003	-0.895835	0.0	0.556822	-0.7391479999999999	-0.37895999999999996	0.0	-0.8303809999999999	-0.506555	-0.23209699999999997	0.0	2.53627	1.19303	1.43074	0.338346	
0	0.0676054	0.694736	-0.71608	0.0	0.455304	0.617147	0.641738	0.0	0.8877659999999999	-0.369419	-0.274594	0.0	-2.76039	0.8959219999999999	1.40544	0.363239	-0.018884	0.438133	-0.8987120000000001	0.0	0.557269	-0.74169	-0.373292	0.0	-0.830117	-0.5078739999999999	-0.230152	0.0	2.53848	1.15124	1.43197	0.338627	
0	0.355191	0.623746	-0.6962619999999999	0.0	0.55308	0.460247	0.6944600000000001	0.0	0.7536189999999999	-0.6317550000000001	-0.181505	0.0	-2.93718	0.491752	1.34102	0.362433	-0.0204583	0.41937299999999994	-0.907583	0.0	0.5453	-0.756185	-0.361707	0.0	-0.8379909999999999	-0.502305	-0.213214	0.0	2.53112	1.2235	1.4701600000000001	0.339171	
0	0.46005799999999997	0.613043	-0.642281	0.0	0.6373340000000001	0.27563699999999997	0.719604	0.0	0.6181840000000001	-0.7404069999999999	-0.26390399999999997	0.0	-3.1642200000000003	0.225136	0.854197	0.361728	-0.028285400000000006	0.404544	-0.9140809999999999	0.0	0.538812	-0.764058	-0.354821	0.0	-0.841951	-0.502554	-0.19636199999999998	0.0	2.4838299999999998	1.2657399999999999	1.58764	0.33975900000000003	
0	0.342683	0.621718	-0.704298	0.0	0.642062	0.392283	0.6586890000000001	0.0	0.6858029999999999	-0.677924	-0.264752	0.0	-3.27345	0.030197	0.384307	0.36056	-0.03775119999999999	0.376631	-0.925594	0.0	0.5249689999999999	-0.780666	-0.33907	0.0	-0.850284	-0.498709	-0.168248	0.0	2.41019	1.36016	1.7236599999999997	0.33972600000000003	
0	0.135528	0.5915050000000001	-0.79483	0.0	0.55612	0.618522	0.5551229999999999	0.0	0.8199780000000001	-0.517255	-0.245121	0.0	-3.10319	0.24996500000000002	0.43102799999999997	0.36020599999999997	-0.0314047	0.362641	-0.9314	0.0	0.5105	-0.795326	-0.326873	0.0	-0.8593040000000001	-0.485745	-0.160151	0.0	2.4085	1.46774	1.7824900000000001	0.33887399999999995	
0	-0.0401529	0.596577	-0.801551	0.0	0.464617	0.721345	0.513608	0.0	0.884601	-0.35179099999999996	-0.306144	0.0	-2.93683	0.698864	0.624007	0.359749	-0.0190524	0.360646	-0.932508	0.0	0.49505299999999997	-0.806918	-0.322189	0.0	-0.868654	-0.46778000000000003	-0.163166	0.0	2.40835	1.56941	1.8121099999999999	0.33770700000000003	
0	-0.162497	0.6096699999999999	-0.775821	0.0	0.41402700000000003	0.755833	0.507245	0.0	0.8956430000000001	-0.23878600000000003	-0.37524	0.0	-2.79621	1.19957	0.936991	0.359222	-0.012298700000000001	0.3597	-0.9329870000000001	0.0	0.48374700000000004	-0.8144600000000001	-0.32038099999999997	0.0	-0.8751209999999999	-0.45527	-0.163987	0.0	2.38836	1.6653099999999998	1.8224799999999999	0.336638	
0	-0.24436100000000002	0.627228	-0.739509	0.0	0.389836	0.761829	0.517343	0.0	0.8878719999999999	-0.161869	-0.43067700000000003	0.0	-2.7356700000000003	1.60765	1.18288	0.359361	-0.0140263	0.361249	-0.932364	0.0	0.47092700000000004	-0.820177	-0.324866	0.0	-0.8820610000000001	-0.44363199999999997	-0.158618	0.0	2.35417	1.7455599999999998	1.8630200000000001	0.336174	
0	-0.312854	0.621143	-0.718543	0.0	0.36356900000000003	0.777217	0.513566	0.0	0.8774620000000001	-0.100569	-0.468984	0.0	-2.71045	1.83128	1.26722	0.35937199999999997	-0.013228499999999999	0.362651	-0.931831	0.0	0.46551899999999996	-0.822525	-0.32671999999999995	0.0	-0.8849389999999999	-0.43810699999999997	-0.15794	0.0	2.33492	1.7857900000000002	1.8839700000000001	0.335878	
0	-0.368463	0.613113	-0.698805	0.0	0.343102	0.7883100000000001	0.510734	0.0	0.8640120000000001	-0.051575199999999995	-0.5008229999999999	0.0	-2.7006900000000003	1.99495	1.28423	0.359658	-0.0145358	0.36239099999999996	-0.9319129999999999	0.0	0.46128100000000005	-0.824477	-0.327807	0.0	-0.887135	-0.43463900000000005	-0.15517999999999998	0.0	2.31985	1.78615	1.8928900000000002	0.336129	
0	-0.384806	0.607607	-0.6947939999999999	0.0	0.326009	0.793713	0.513555	0.0	0.863506	-0.028889599999999994	-0.5035109999999999	0.0	-2.66883	2.05649	1.29993	0.359642	-0.016108	0.362831	-0.931716	0.0	0.456959	-0.8261569999999999	-0.329625	0.0	-0.889342	-0.431066	-0.15249200000000002	0.0	2.29763	1.78492	1.89897	0.335933	
0	-0.390509	0.6066	-0.692488	0.0	0.326967	0.794562	0.511629	0.0	0.8605780000000001	-0.0266247	-0.508622	0.0	-2.65468	2.04838	1.31958	0.360055	-0.020934599999999998	0.37078099999999997	-0.928484	0.0	0.45595	-0.8229489999999999	-0.338916	0.0	-0.889759	-0.430438	-0.151829	0.0	2.27756	1.76988	1.9069200000000002	0.33521999999999996	
0	-0.383263	0.601509	-0.700926	0.0	0.31167399999999995	0.7985869999999999	0.514896	0.0	0.8694649999999999	-0.02112	-0.493544	0.0	-2.62771	2.01722	1.3784399999999999	0.35988200000000004	-0.0316072	0.370925	-0.928125	0.0	0.45891899999999997	-0.819535	-0.34315500000000004	0.0	-0.887916	-0.43678	-0.144321	0.0	2.2675	1.74995	1.9385299999999999	0.334642	
0	-0.384326	0.595947	-0.705082	0.0	0.305716	0.8028029999999999	0.511903	0.0	0.871109	-0.0188174	-0.49072899999999997	0.0	-2.5737200000000002	1.97983	1.43719	0.359761	-0.0350038	0.363807	-0.930816	0.0	0.45898599999999995	-0.8214969999999999	-0.338341	0.0	-0.887754	-0.439075	-0.138227	0.0	2.27392	1.7521900000000001	1.97987	0.334606	
0	-0.383979	0.593418	-0.7074	0.0	0.301971	0.804708	0.511135	0.0	0.872567	-0.0173495	-0.48818599999999995	0.0	-2.50581	1.96623	1.45966	0.359021	-0.034587400000000004	0.366702	-0.929695	0.0	0.458315	-0.8208469999999999	-0.340819	0.0	-0.888117	-0.437881	-0.139674	0.0	2.28178	1.76604	2.00542	0.334473	
0	-0.381623	0.593264	-0.708803	0.0	0.30091599999999996	0.804806	0.511602	0.0	0.873964	-0.0180513	-0.485655	0.0	-2.49373	1.95417	1.47347	0.358608	-0.036824800000000005	0.367587	-0.9292600000000001	0.0	0.454244	-0.8221149999999999	-0.34320500000000004	0.0	-0.890116	-0.434749	-0.1367	0.0	2.25298	1.7831299999999999	2.02442	0.334276	
0	-0.38002800000000003	0.593884	-0.709141	0.0	0.301041	0.804331	0.5122760000000001	0.0	0.874616	-0.018800900000000002	-0.48445200000000005	0.0	-2.48983	1.9525	1.47251	0.35846100000000003	-0.04201130000000001	0.36842199999999997	-0.928709	0.0	0.455147	-0.82042	-0.34605199999999997	0.0	-0.889425	-0.437237	-0.133219	0.0	2.22486	1.78277	2.06685	0.334198	
0	-0.380975	0.593443	-0.709002	0.0	0.30098400000000003	0.804665	0.511784	0.0	0.874224	-0.0184219	-0.485174	0.0	-2.4887900000000003	1.9536	1.47228	0.358511	-0.0408775	0.368182	-0.9288549999999999	0.0	0.455132	-0.820724	-0.345351	0.0	-0.8894850000000001	-0.43686899999999995	-0.134023	0.0	2.22528	1.7834400000000001	2.0674200000000003	0.334229	
0	-0.380986	0.593439	-0.7089989999999999	0.0	0.30098400000000003	0.804668	0.51178	0.0	0.8742190000000001	-0.018416599999999998	-0.485183	0.0	-2.4888	1.9536	1.47228	0.35851	-0.040863	0.368185	-0.9288540000000001	0.0	0.45513000000000003	-0.8207270000000001	-0.34534699999999996	0.0	-0.889487	-0.43686099999999994	-0.134035	0.0	2.22532	1.78345	2.06731	0.334229	
0	-0.380985	0.593439	-0.7089989999999999	0.0	0.30098400000000003	0.804668	0.511779	0.0	0.8742190000000001	-0.018416599999999998	-0.48518199999999995	0.0	-2.4888	1.9536	1.47228	0.35851	-0.040862800000000005	0.368185	-0.9288540000000001	0.0	0.45513000000000003	-0.8207270000000001	-0.34534699999999996	0.0	-0.889487	-0.43686099999999994	-0.134035	0.0	2.22532	1.78345	2.06731	0.334229	
0	-0.380985	0.593439	-0.7089989999999999	0.0	0.30098400000000003	0.804668	0.511779	0.0	0.8742190000000001	-0.018416599999999998	-0.48518199999999995	0.0	-2.4888	1.9536	1.47228	0.358511	-0.0408629	0.368185	-0.9288540000000001	0.0	0.45513000000000003	-0.8207270000000001	-0.34534699999999996	0.0	-0.889487	-0.43686099999999994	-0.134035	0.0	2.22532	1.78345	2.06731	0.334229	
0	-0.380986	0.593439	-0.7089989999999999	0.0	0.30098400000000003	0.804668	0.51178	0.0	0.8742190000000001	-0.018416599999999998	-0.485183	0.0	-2.4888	1.9536	1.47228	0.35851	-0.040862800000000005	0.368185	-0.9288540000000001	0.0	0.45513000000000003	-0.8207270000000001	-0.34534699999999996	0.0	-0.889487	-0.43686099999999994	-0.134035	0.0	2.22532	1.78345	2.06731	0.334229	
0	-0.380985	0.593439	-0.7089989999999999	0.0	0.30098400000000003	0.804668	0.511779	0.0	0.8742190000000001	-0.018416599999999998	-0.48518199999999995	0.0	-2.4888	1.9536	1.47228	0.358511	-0.040862800000000005	0.368185	-0.9288540000000001	0.0	0.45513000000000003	-0.8207270000000001	-0.34534699999999996	0.0	-0.889487	-0.43686099999999994	-0.134035	0.0	2.22532	1.78345	2.06731	0.334229	
0	-0.380986	0.593439	-0.7089989999999999	0.0	0.30098400000000003	0.804668	0.51178	0.0	0.8742190000000001	-0.018416599999999998	-0.485183	0.0	-2.4888	1.9536	1.47228	0.35851	-0.0408629	0.368185	-0.9288540000000001	0.0	0.45513000000000003	-0.8207270000000001	-0.34534699999999996	0.0	-0.889487	-0.43686099999999994	-0.134035	0.0	2.22532	1.78345	2.06731	0.334229	
0	-0.380985	0.593439	-0.7089989999999999	0.0	0.30098400000000003	0.804668	0.511779	0.0	0.8742190000000001	-0.018416599999999998	-0.48518199999999995	0.0	-2.4888	1.9536	1.47228	0.358511	-0.0408629	0.368185	-0.9288540000000001	0.0	0.45513000000000003	-0.8207270000000001	-0.34534699999999996	0.0	-0.889487	-0.43686099999999994	-0.134035	0.0	2.22532	1.78345	2.06731	0.334229	
0	-0.380986	0.593439	-0.7089989999999999	0.0	0.30098400000000003	0.804668	0.51178	0.0	0.8742190000000001	-0.018416599999999998	-0.485183	0.0	-2.4888	1.9536	1.47228	0.35851	-0.0408629	0.368185	-0.9288540000000001	0.0	0.45513000000000003	-0.8207270000000001	-0.34534699999999996	0.0	-0.889487	-0.43686099999999994	-0.134035	0.0	2.22532	1.78345	2.06731	0.334229	
0	-0.380986	0.593439	-0.7089989999999999	0.0	0.30098400000000003	0.804668	0.511779	0.0	0.8742190000000001	-0.018416599999999998	-0.485183	0.0	-2.4888	1.9536	1.47228	0.35851	-0.0408629	0.368185	-0.9288540000000001	0.0	0.45513000000000003	-0.8207270000000001	-0.34534699999999996	0.0	-0.889487	-0.43686099999999994	-0.134035	0.0	2.22532	1.78345	2.06731	0.334229	
0	-0.380986	0.593439	-0.7089989999999999	0.0	0.30098400000000003	0.804668	0.51178	0.0	0.8742190000000001	-0.018416599999999998	-0.485183	0.0	-2.4888	1.9536	1.47228	0.358511	-0.0408629	0.368185	-0.9288540000000001	0.0	0.45513000000000003	-0.8207270000000001	-0.34534699999999996	0.0	-0.889487	-0.43686099999999994	-0.134035	0.0	2.22532	1.78345	2.06731	0.334229	
0	-0.380986	0.593439	-0.7089989999999999	0.0	0.30098400000000003	0.804668	0.51178	0.0	0.8742190000000001	-0.018416599999999998	-0.485183	0.0	-2.4888	1.9536	1.47228	0.35851	-0.040862800000000005	0.368185	-0.9288540000000001	0.0	0.45513000000000003	-0.8207270000000001	-0.34534699999999996	0.0	-0.889487	-0.43686099999999994	-0.134035	0.0	2.22532	1.78345	2.06731	0.334229	
0	-0.380986	0.593439	-0.7089989999999999	0.0	0.30098400000000003	0.804668	0.51178	0.0	0.8742190000000001	-0.018416599999999998	-0.485183	0.0	-2.4888	1.9536	1.47228	0.35851	-0.0408629	0.368185	-0.9288540000000001	0.0	0.45513000000000003	-0.8207270000000001	-0.34534699999999996	0.0	-0.889487	-0.43686099999999994	-0.134035	0.0	2.22532	1.78345	2.06731	0.334229	
0	-0.380985	0.593439	-0.7089989999999999	0.0	0.30098400000000003	0.804668	0.511779	0.0	0.8742190000000001	-0.018416599999999998	-0.48518199999999995	0.0	-2.4888	1.9536	1.47228	0.358511	-0.0408629	0.368185	-0.9288540000000001	0.0	0.45513000000000003	-0.8207270000000001	-0.34534699999999996	0.0	-0.889487	-0.43686099999999994	-0.134035	0.0	2.22532	1.78345	2.06731	0.334229	
0	-0.380986	0.593439	-0.7089989999999999	0.0	0.30098400000000003	0.804668	0.51178	0.0	0.8742190000000001	-0.018416599999999998	-0.485183	0.0	-2.4888	1.9536	1.47228	0.35851	-0.040862800000000005	0.368185	-0.9288540000000001	0.0	0.45513000000000003	-0.8207270000000001	-0.34534699999999996	0.0	-0.889487	-0.43686099999999994	-0.134035	0.0	2.22532	1.78345	2.06731	0.334229	
0	-0.380985	0.593439	-0.7089989999999999	0.0	0.30098400000000003	0.804668	0.511779	0.0	0.8742190000000001	-0.018416599999999998	-0.48518199999999995	0.0	-2.4888	1.9536	1.47228	0.358511	-0.040862800000000005	0.368185	-0.9288540000000001	0.0	0.45513000000000003	-0.8207270000000001	-0.34534699999999996	0.0	-0.889487	-0.43686099999999994	-0.134035	0.0	2.22532	1.78345	2.06731	0.334229	
0	-0.380985	0.593439	-0.7089989999999999	0.0	0.30098400000000003	0.804668	0.511779	0.0	0.8742190000000001	-0.0184165	-0.48518199999999995	0.0	-2.4888	1.9536	1.47228	0.358511	-0.040862800000000005	0.368185	-0.9288540000000001	0.0	0.45513000000000003	-0.8207270000000001	-0.34534699999999996	0.0	-0.889487	-0.43686099999999994	-0.134035	0.0	2.22532	1.78345	2.06731	0.334229	
0	-0.380986	0.593439	-0.7089989999999999	0.0	0.30098400000000003	0.804668	0.51178	0.0	0.8742190000000001	-0.018416599999999998	-0.485183	0.0	-2.4888	1.9536	1.47228	0.35851	-0.040862800000000005	0.368185	-0.9288540000000001	0.0	0.45513000000000003	-0.8207270000000001	-0.34534699999999996	0.0	-0.889487	-0.43686099999999994	-0.134035	0.0	2.22532	1.78345	2.06731	0.334229	
0	-0.380986	0.593439	-0.7089989999999999	0.0	0.30098400000000003	0.804668	0.51178	0.0	0.8742190000000001	-0.018416599999999998	-0.485183	0.0	-2.4888	1.9536	1.47228	0.358511	-0.040862800000000005	0.368185	-0.9288540000000001	0.0	0.45513000000000003	-0.8207270000000001	-0.34534699999999996	0.0	-0.889487	-0.43686099999999994	-0.134035	0.0	2.22532	1.78345	2.06731	0.334229	
0	-0.380986	0.593439	-0.7089989999999999	0.0	0.30098400000000003	0.804668	0.51178	0.0	0.8742190000000001	-0.018416599999999998	-0.485183	0.0	-2.4888	1.9536	1.47228	0.358511	-0.040862800000000005	0.368185	-0.9288540000000001	0.0	0.45513000000000003	-0.8207270000000001	-0.34534699999999996	0.0	-0.889487	-0.43686099999999994	-0.134035	0.0	2.22532	1.78345	2.06731	0.334229	
0	-0.43906300000000004	0.5192220000000001	-0.733234	0.0	0.125493	0.8435450000000001	0.522191	0.0	0.889649	0.137259	-0.43552799999999997	0.0	-2.48	1.9231900000000002	1.43153	0.33634000000000003	-0.038552300000000005	0.35891799999999996	-0.932573	0.0	0.287748	-0.889748	-0.354331	0.0	-0.95693	-0.282007	-0.0689765	0.0	2.1911400000000003	1.82918	2.08478	0.326127	
0	-0.404866	0.569764	-0.715159	0.0	0.190959	0.8175680000000001	0.543247	0.0	0.894214	0.0833757	-0.43980699999999995	0.0	-2.50082	1.9095400000000002	1.41299	0.342456	-0.0464653	0.353955	-0.9341079999999999	0.0	0.329004	-0.8775200000000001	-0.348878	0.0	-0.943185	-0.323536	-0.07567860000000001	0.0	2.14902	1.8066	2.05492	0.336077	
0	-0.335782	0.609111	-0.718495	0.0	0.287869	0.792647	0.537441	0.0	0.896874	-0.026369999999999998	-0.4415	0.0	-2.5384599999999997	1.84485	1.31551	0.35026999999999997	-0.036777699999999997	0.367475	-0.929306	0.0	0.36539299999999997	-0.860598	-0.35476599999999997	0.0	-0.930127	-0.352609	-0.102622	0.0	2.07061	1.7490400000000002	1.92485	0.33704	
0	-0.292817	0.623394	-0.725009	0.0	0.391843	0.769885	0.503722	0.0	0.8721909999999999	-0.13659100000000002	-0.469708	0.0	-2.68925	1.68022	1.03267	0.353376	-0.144709	0.380641	-0.91333	0.0	0.353367	-0.8422959999999999	-0.407025	0.0	-0.924225	-0.381641	-0.0126176	0.0	2.00018	1.66483	1.8159	0.342808	
0	-0.253135	0.624836	-0.738582	0.0	0.436597	0.755063	0.489145	0.0	0.863311	-0.19864300000000001	-0.463934	0.0	-2.86709	1.52511	0.729349	0.355324	-0.162636	0.274971	-0.9475969999999999	0.0	0.29686999999999997	-0.9022459999999999	-0.312763	0.0	-0.940966	-0.33218000000000003	0.0651069	0.0	2.00802	1.5785799999999999	1.6707299999999998	0.333489	
0	-0.21114499999999997	0.610739	-0.763162	0.0	0.459765	0.7510560000000001	0.473847	0.0	0.862574	-0.250825	-0.439378	0.0	-2.97456	1.36206	0.479171	0.35518099999999997	-0.204402	0.331395	-0.921085	0.0	0.286111	-0.8796360000000001	-0.379975	0.0	-0.936141	-0.3412	0.0849832	0.0	1.94511	1.4052799999999999	1.46771	0.3266	
0	-0.166037	0.604591	-0.779039	0.0	0.504777	0.730766	0.45954399999999995	0.0	0.847132	-0.31693899999999997	-0.426518	0.0	-3.03483	1.17718	0.327016	0.354952	-0.176965	0.331629	-0.9266639999999999	0.0	0.403125	-0.834501	-0.375631	0.0	-0.8978719999999999	-0.44003400000000004	0.013988800000000001	0.0	1.8805599999999998	1.1120700000000001	1.1742299999999999	0.33192699999999997	
0	-0.11461500000000001	0.594065	-0.7962100000000001	0.0	0.550409	0.705199	0.446928	0.0	0.82699	-0.387017	-0.40780500000000003	0.0	-3.04094	0.958097	0.23988299999999999	0.354466	-0.17871800000000002	0.345004	-0.92143	0.0	0.45429200000000003	-0.801768	-0.388313	0.0	-0.872742	-0.487997	-0.013442500000000001	0.0	1.78131	0.837201	0.925869	0.334036	
0	-0.085647	0.589292	-0.8033680000000001	0.0	0.597076	0.675859	0.43210600000000005	0.0	0.7976	-0.44266300000000003	-0.40973699999999996	0.0	-3.0470599999999997	0.695519	0.0990493	0.353118	-0.16633599999999998	0.3297	-0.9293170000000001	0.0	0.49981099999999995	-0.784219	-0.367682	0.0	-0.8500129999999999	-0.525641	-0.034344400000000004	0.0	1.54911	0.6661819999999999	0.698577	0.333627	
0	-0.0285501	0.583505	-0.811608	0.0	0.666694	0.616082	0.419479	0.0	0.744785	-0.529118	-0.40660799999999997	0.0	-3.08186	0.298879	-0.10445499999999999	0.350306	-0.21244200000000002	0.354555	-0.910582	0.0	0.5533640000000001	-0.724388	-0.41115799999999997	0.0	-0.805393	-0.59123	-0.0423079	0.0	1.13477	0.47809399999999996	0.418571	0.333192	
0	0.0263788	0.57553	-0.817355	0.0	0.7042390000000001	0.569596	0.42380200000000007	0.0	0.7094729999999999	-0.586792	-0.390286	0.0	-3.1663200000000002	0.031624099999999995	-0.278413	0.34818499999999997	-0.238723	0.37594299999999997	-0.895365	0.0	0.5900770000000001	-0.676121	-0.44121400000000005	0.0	-0.771246	-0.633662	-0.0604293	0.0	0.87666	0.318571	0.206506	0.332125	
0	0.07174760000000001	0.5662189999999999	-0.821126	0.0	0.737707	0.523948	0.425754	0.0	0.671298	-0.6362979999999999	-0.380112	0.0	-3.24246	-0.235471	-0.529662	0.346959	-0.257073	0.395368	-0.881815	0.0	0.61808	-0.634185	-0.46452899999999997	0.0	-0.742893	-0.66445	-0.08133760000000001	0.0	0.626925	0.15041	-0.0809124	0.330737	
0	0.113764	0.563153	-0.818484	0.0	0.762614	0.478523	0.43524300000000005	0.0	0.636772	-0.6737029999999999	-0.375029	0.0	-3.3271800000000002	-0.464837	-0.818166	0.344658	-0.26474899999999996	0.41931199999999996	-0.868381	0.0	0.639786	-0.597398	-0.483519	0.0	-0.721514	-0.683589	-0.11010999999999999	0.0	0.367551	0.00432043	-0.41294	0.330764	
0	0.149313	0.563922	-0.812218	0.0	0.794976	0.41999200000000003	0.43774399999999997	0.0	0.587979	-0.711054	-0.385594	0.0	-3.4176800000000003	-0.6267560000000001	-1.00414	0.353423	-0.275454	0.42218999999999995	-0.8636440000000001	0.0	0.653466	-0.576681	-0.490328	0.0	-0.705059	-0.699425	-0.11703800000000002	0.0	0.166217	-0.151541	-0.662432	0.329511	
0	0.17740699999999998	0.582961	-0.792895	0.0	0.784355	0.402859	0.47168999999999994	0.0	0.5944020000000001	-0.705593	-0.385779	0.0	-3.58874	-0.7927029999999999	-1.24299	0.35139699999999996	-0.290067	0.469947	-0.833674	0.0	0.659473	-0.533121	-0.529979	0.0	-0.693511	-0.7035140000000001	-0.155276	0.0	-0.00151337	-0.346543	-0.9441579999999999	0.328326	
0	0.195659	0.580701	-0.7902560000000001	0.0	0.782021	0.393854	0.48303500000000005	0.0	0.591745	-0.7125060000000001	-0.37705900000000003	0.0	-3.76421	-1.00539	-1.45767	0.35120300000000004	-0.276946	0.48898	-0.8271639999999999	0.0	0.655482	-0.533301	-0.5347270000000001	0.0	-0.702598	-0.690281	-0.172822	0.0	-0.117176	-0.643926	-1.24596	0.328021	
0	0.196078	0.601973	-0.774068	0.0	0.786719	0.374639	0.49063	0.0	0.5853430000000001	-0.705176	-0.40012600000000004	0.0	-3.86446	-1.1367200000000002	-1.60616	0.350931	-0.267899	0.498123	-0.824684	0.0	0.64599	-0.542184	-0.537339	0.0	-0.714791	-0.67669	-0.176532	0.0	-0.135722	-0.880699	-1.3644100000000001	0.32866100000000004	
0	0.20983800000000002	0.609607	-0.764426	0.0	0.799068	0.343618	0.49337299999999995	0.0	0.563435	-0.714357	-0.415013	0.0	-3.9308699999999996	-1.23599	-1.74765	0.348454	-0.27071	0.487357	-0.8301799999999999	0.0	0.635289	-0.5574859999999999	-0.534431	0.0	-0.7232729999999999	-0.67208	-0.158696	0.0	-0.160867	-0.971043	-1.40059	0.33310300000000004	
0	0.20590799999999998	0.624672	-0.753251	0.0	0.8008850000000001	0.33473400000000003	0.49652399999999997	0.0	0.562303	-0.7055060000000001	-0.43136599999999997	0.0	-3.98831	-1.31122	-1.82985	0.347432	-0.275748	0.486587	-0.828973	0.0	0.6458659999999999	-0.544932	-0.534702	0.0	-0.711913	-0.682848	-0.16400599999999999	0.0	-0.19159500000000002	-0.972353	-1.4078600000000001	0.332401	
0	0.205008	0.625017	-0.753211	0.0	0.801146	0.334924	0.49597600000000003	0.0	0.562261	-0.70511	-0.432068	0.0	-3.9950300000000003	-1.31893	-1.8436400000000002	0.347446	-0.27676799999999996	0.48603900000000005	-0.8289540000000001	0.0	0.648195	-0.542411	-0.5344479999999999	0.0	-0.709396	-0.685242	-0.164926	0.0	-0.195078	-0.973134	-1.4028	0.332569	
0	0.205002	0.6250180000000001	-0.753211	0.0	0.801148	0.334925	0.495971	0.0	0.56226	-0.705108	-0.432072	0.0	-3.99488	-1.31873	-1.84335	0.347445	-0.276769	0.486038	-0.8289549999999999	0.0	0.6482020000000001	-0.542405	-0.534445	0.0	-0.70939	-0.685248	-0.16493	0.0	-0.195008	-0.973109	-1.40288	0.33257	
0	0.205002	0.6250180000000001	-0.753211	0.0	0.801148	0.334925	0.495971	0.0	0.56226	-0.705108	-0.432072	0.0	-3.99488	-1.31873	-1.84335	0.347446	-0.276769	0.486038	-0.8289549999999999	0.0	0.6482020000000001	-0.542405	-0.534445	0.0	-0.70939	-0.685248	-0.16493	0.0	-0.19500699999999999	-0.973109	-1.40288	0.332569	
0	0.205002	0.6250180000000001	-0.753211	0.0	0.801148	0.334925	0.495971	0.0	0.56226	-0.705108	-0.432072	0.0	-3.9948699999999997	-1.31873	-1.84335	0.347446	-0.276769	0.486038	-0.8289549999999999	0.0	0.6482020000000001	-0.542405	-0.534445	0.0	-0.70939	-0.685248	-0.16493	0.0	-0.19500699999999999	-0.973109	-1.40288	0.332569	
0	0.205002	0.6250180000000001	-0.753211	0.0	0.801148	0.334925	0.495971	0.0	0.56226	-0.705108	-0.432072	0.0	-3.9948699999999997	-1.31873	-1.84335	0.347446	-0.276769	0.486038	-0.8289549999999999	0.0	0.6482020000000001	-0.542405	-0.534445	0.0	-0.70939	-0.685248	-0.16493	0.0	-0.19500699999999999	-0.973109	-1.40288	0.33257	
0	0.205002	0.6250180000000001	-0.753211	0.0	0.801148	0.334925	0.495971	0.0	0.56226	-0.705108	-0.432072	0.0	-3.99488	-1.31873	-1.84335	0.347446	-0.276769	0.486038	-0.8289549999999999	0.0	0.6482020000000001	-0.542405	-0.534445	0.0	-0.70939	-0.685248	-0.16493	0.0	-0.19500699999999999	-0.973109	-1.40288	0.33257	
0	0.205002	0.6250180000000001	-0.753211	0.0	0.801148	0.334925	0.495971	0.0	0.56226	-0.705108	-0.432072	0.0	-3.99488	-1.31873	-1.84335	0.347446	-0.276769	0.486038	-0.8289549999999999	0.0	0.6482020000000001	-0.542405	-0.534445	0.0	-0.70939	-0.685248	-0.16493	0.0	-0.19500699999999999	-0.973109	-1.40288	0.332569	
0	0.205002	0.6250180000000001	-0.753211	0.0	0.801148	0.334925	0.495971	0.0	0.56226	-0.705108	-0.432072	0.0	-3.99488	-1.31873	-1.84335	0.347446	-0.276769	0.486038	-0.8289549999999999	0.0	0.6482020000000001	-0.542405	-0.534445	0.0	-0.70939	-0.685248	-0.16493	0.0	-0.19500699999999999	-0.973109	-1.40288	0.332569	
0	0.205002	0.6250180000000001	-0.753211	0.0	0.801148	0.334925	0.495971	0.0	0.56226	-0.705108	-0.432072	0.0	-3.99488	-1.31873	-1.84335	0.347446	-0.276769	0.486038	-0.8289549999999999	0.0	0.6482020000000001	-0.542405	-0.534445	0.0	-0.70939	-0.685248	-0.16493	0.0	-0.19500699999999999	-0.973109	-1.40288	0.33257	
0	0.205002	0.6250180000000001	-0.753211	0.0	0.801148	0.334925	0.495971	0.0	0.56226	-0.705108	-0.432072	0.0	-3.9948699999999997	-1.31873	-1.84335	0.347446	-0.276769	0.486038	-0.8289549999999999	0.0	0.6482020000000001	-0.542405	-0.534445	0.0	-0.70939	-0.685248	-0.164929	0.0	-0.19500699999999999	-0.973109	-1.40288	0.332569	
0	0.205002	0.6250180000000001	-0.753211	0.0	0.801148	0.334925	0.495971	0.0	0.56226	-0.705108	-0.432072	0.0	-3.9948699999999997	-1.31873	-1.84335	0.347446	-0.276769	0.486038	-0.8289549999999999	0.0	0.6482020000000001	-0.542405	-0.534445	0.0	-0.70939	-0.685248	-0.164929	0.0	-0.19500699999999999	-0.973109	-1.40288	0.332569	
0	0.205002	0.6250180000000001	-0.753211	0.0	0.801148	0.334925	0.495971	0.0	0.56226	-0.705108	-0.432072	0.0	-3.9948699999999997	-1.31873	-1.84335	0.347446	-0.276769	0.486038	-0.8289549999999999	0.0	0.6482020000000001	-0.542405	-0.534445	0.0	-0.70939	-0.685248	-0.16493	0.0	-0.195008	-0.973109	-1.40288	0.332569	
0	0.153755	0.759446	-0.6321399999999999	0.0	0.654045	0.40131999999999995	0.641223	0.0	0.740665	-0.512039	-0.435007	0.0	-4.02065	-1.3466200000000002	-1.8901	0.335255	-0.184335	0.46477700000000005	-0.866027	0.0	0.5085310000000001	-0.708919	-0.488702	0.0	-0.841081	-0.530487	-0.105675	0.0	-0.222581	-0.9503520000000001	-1.36755	0.33671100000000004	
0	0.12905999999999998	0.797798	-0.58895	0.0	0.5971029999999999	0.411657	0.6884819999999999	0.0	0.791715	-0.44051899999999994	-0.42323900000000003	0.0	-4.00128	-1.33218	-1.88332	0.332804	-0.161992	0.461416	-0.8722690000000001	0.0	0.473145	-0.73939	-0.478995	0.0	-0.8659629999999999	-0.490303	-0.0985418	0.0	-0.179988	-0.9360209999999999	-1.32461	0.338244	
0	0.132936	0.798125	-0.587643	0.0	0.601349	0.406352	0.687937	0.0	0.78785	-0.44483	-0.425933	0.0	-3.9855400000000003	-1.34774	-1.88002	0.333604	-0.160874	0.475455	-0.864906	0.0	0.476362	-0.730089	-0.48994799999999994	0.0	-0.8644069999999999	-0.490828	-0.109037	0.0	-0.167854	-0.9402780000000001	-1.29151	0.338464	
0	0.19331800000000002	0.800972	-0.566632	0.0	0.59972	0.360608	0.7143510000000001	0.0	0.776508	-0.477917	-0.41064700000000004	0.0	-3.98299	-1.36005	-1.84595	0.333867	-0.161359	0.48048	-0.862034	0.0	0.47726599999999997	-0.7265550000000001	-0.494303	0.0	-0.8638170000000001	-0.49118	-0.112081	0.0	-0.178891	-0.9432440000000001	-1.31092	0.33874099999999996	
0	0.302562	0.775246	-0.5544819999999999	0.0	0.614372	0.286138	0.735304	0.0	0.7287	-0.563133	-0.38971500000000003	0.0	-4.0293	-1.51793	-1.80529	0.351066	-0.159329	0.48850200000000005	-0.857893	0.0	0.488175	-0.716329	-0.498557	0.0	-0.858079	-0.498237	-0.12434200000000001	0.0	-0.191722	-0.987392	-1.36722	0.338857	
0	0.352812	0.764936	-0.538884	0.0	0.6189899999999999	0.24109	0.7474810000000001	0.0	0.7016939999999999	-0.597284	-0.38842899999999997	0.0	-4.07627	-1.59479	-1.8390400000000002	0.352272	-0.159822	0.49152299999999993	-0.856074	0.0	0.491358	-0.712545	-0.500847	0.0	-0.856168	-0.500685	-0.127634	0.0	-0.19661199999999998	-1.00749	-1.38083	0.33938	
0	0.474339	0.709476	-0.521197	0.0	0.581834	0.191649	0.790405	0.0	0.66066	-0.6781699999999999	-0.32189	0.0	-4.17885	-1.95525	-1.9436900000000001	0.356109	-0.1605	0.49287200000000003	-0.8551700000000001	0.0	0.49631400000000003	-0.708605	-0.501549	0.0	-0.8531780000000001	-0.5049319999999999	-0.130888	0.0	-0.19708699999999998	-1.0348600000000001	-1.3953799999999998	0.33975900000000003	
0	0.522604	0.678834	-0.51582	0.0	0.551619	0.19209500000000002	0.811675	0.0	0.650079	-0.70872	-0.274068	0.0	-4.1997800000000005	-2.14003	-1.98553	0.356743	-0.160132	0.49228599999999995	-0.855577	0.0	0.499366	-0.707264	-0.500412	0.0	-0.8514639999999999	-0.507378	-0.132576	0.0	-0.196702	-1.0399100000000001	-1.39974	0.339951	
0	0.6065119999999999	0.615733	-0.503008	0.0	0.48765600000000003	0.211589	0.847008	0.0	0.627961	-0.759015	-0.171935	0.0	-4.25588	-2.57002	-2.1346700000000003	0.35706	-0.158737	0.49441499999999994	-0.8546090000000001	0.0	0.504973	-0.703148	-0.5005850000000001	0.0	-0.848413	-0.511016	-0.13805	0.0	-0.183412	-1.04362	-1.41125	0.340027	
0	0.6211720000000001	0.601234	-0.502656	0.0	0.47348	0.22317800000000002	0.8520620000000001	0.0	0.62447	-0.767274	-0.14604	0.0	-4.246580000000001	-2.68722	-2.19125	0.357165	-0.15751099999999998	0.494904	-0.8545530000000001	0.0	0.50621	-0.702549	-0.5001770000000001	0.0	-0.8479040000000001	-0.511367	-0.13986600000000002	0.0	-0.1783	-1.0463200000000001	-1.41475	0.34007600000000004	
0	0.6106159999999999	0.5772079999999999	-0.542199	0.0	0.49810200000000004	0.252342	0.8295889999999999	0.0	0.615665	-0.77663	-0.133424	0.0	-4.20731	-2.95628	-2.36499	0.357653	-0.156526	0.49275	-0.8559770000000001	0.0	0.506247	-0.70413	-0.497911	0.0	-0.848065	-0.5112720000000001	-0.139239	0.0	-0.169269	-1.0457100000000001	-1.4155	0.34019699999999997	
0	0.576542	0.561527	-0.593537	0.0	0.54323	0.279186	0.791806	0.0	0.610328	-0.778937	-0.144076	0.0	-4.187069999999999	-3.1257599999999996	-2.50829	0.35783899999999996	-0.157055	0.49184799999999995	-0.8564	0.0	0.50684	-0.7041109999999999	-0.497334	0.0	-0.847613	-0.512167	-0.138705	0.0	-0.168638	-1.04506	-1.41249	0.340504	
0	0.526465	0.551024	-0.647462	0.0	0.580795	0.323062	0.7472	0.0	0.620896	-0.769417	-0.149951	0.0	-4.12451	-3.2991800000000002	-2.66698	0.35775	-0.156994	0.49095500000000003	-0.856923	0.0	0.507732	-0.7041109999999999	-0.496424	0.0	-0.84709	-0.513022	-0.138732	0.0	-0.16886400000000001	-1.04444	-1.41374	0.340571	
0	0.47929799999999995	0.537866	-0.693523	0.0	0.593252	0.383784	0.707646	0.0	0.646781	-0.750607	-0.135143	0.0	-4.09077	-3.41776	-2.77893	0.357898	-0.156906	0.49034099999999997	-0.85729	0.0	0.51007	-0.7030770000000001	-0.495492	0.0	-0.845701	-0.5150239999999999	-0.139791	0.0	-0.170694	-1.04882	-1.41543	0.340661	
0	0.448883	0.492148	-0.745851	0.0	0.573429	0.481497	0.662827	0.0	0.685334	-0.725225	-0.0660768	0.0	-4.03372	-3.5532	-2.85717	0.357215	-0.156808	0.490259	-0.857355	0.0	0.511844	-0.7020770000000001	-0.49508100000000005	0.0	-0.8446459999999999	-0.516464	-0.140844	0.0	-0.165987	-1.05316	-1.4187299999999998	0.3406	
0	0.4488	0.475077	-0.756889	0.0	0.55978	0.510758	0.652512	0.0	0.696581	-0.716539	-0.036710599999999996	0.0	-4.00191	-3.6608699999999996	-2.88313	0.35805	-0.156866	0.489044	-0.858038	0.0	0.513867	-0.701516	-0.493777	0.0	-0.843406	-0.518374	-0.14126	0.0	-0.14894000000000002	-1.0499	-1.42622	0.340686	
0	0.45906	0.457086	-0.761798	0.0	0.547271	0.529979	0.647778	0.0	0.699828	-0.714279	-0.00685787	0.0	-4.0042599999999995	-3.65938	-2.9	0.35927600000000004	-0.156399	0.488695	-0.8583219999999999	0.0	0.513893	-0.701865	-0.49325399999999997	0.0	-0.843477	-0.51823	-0.14136600000000002	0.0	-0.143096	-1.04864	-1.42679	0.34060799999999997	
0	0.47603100000000004	0.427092	-0.768757	0.0	0.532995	0.5552	0.63849	0.0	0.699508	-0.713685	0.036654400000000004	0.0	-3.9866900000000003	-3.6481199999999996	-2.88223	0.36135500000000004	-0.15623800000000002	0.48955600000000005	-0.8578600000000001	0.0	0.517688	-0.699086	-0.49323199999999995	0.0	-0.841183	-0.521165	-0.144214	0.0	-0.149082	-1.05887	-1.44282	0.34074299999999996	
0	0.494281	0.411684	-0.7656390000000001	0.0	0.5249520000000001	0.56067	0.640371	0.0	0.692901	-0.7184470000000001	0.06101469999999999	0.0	-3.9633199999999995	-3.64605	-2.85308	0.362523	-0.157187	0.48958900000000005	-0.857668	0.0	0.520076	-0.6972430000000001	-0.493328	0.0	-0.839532	-0.523598	-0.145026	0.0	-0.14596900000000002	-1.06256	-1.44608	0.340493	
0	0.499547	0.40739200000000003	-0.764516	0.0	0.5199739999999999	0.5648529999999999	0.640756	0.0	0.692878	-0.717616	0.0703375	0.0	-3.96363	-3.6450400000000003	-2.85865	0.363386	-0.157271	0.48965699999999995	-0.857614	0.0	0.519944	-0.697257	-0.49344799999999994	0.0	-0.839598	-0.523516	-0.14493599999999998	0.0	-0.142812	-1.06074	-1.4477200000000001	0.340614	
0	0.512574	0.377942	-0.770991	0.0	0.491154	0.607459	0.624309	0.0	0.704298	-0.69868	0.12574000000000002	0.0	-3.95496	-3.64534	-2.82596	0.362502	-0.156699	0.492287	-0.8562120000000001	0.0	0.52349	-0.693728	-0.494671	0.0	-0.837499	-0.525733	-0.149001	0.0	-0.141138	-1.05825	-1.45484	0.340542	
0	0.515717	0.36666	-0.7743359999999999	0.0	0.481732	0.6232989999999999	0.615981	0.0	0.708498	-0.690695	0.144815	0.0	-3.94415	-3.6429099999999996	-2.77995	0.36194299999999996	-0.156522	0.49368	-0.855442	0.0	0.525026	-0.692021	-0.49543400000000004	0.0	-0.83657	-0.526676	-0.15087799999999998	0.0	-0.143506	-1.06282	-1.45658	0.340565	
0	0.5289119999999999	0.337174	-0.7788229999999999	0.0	0.44972799999999996	0.666894	0.594136	0.0	0.719719	-0.664505	0.20109100000000002	0.0	-3.8656300000000003	-3.6501300000000003	-2.60847	0.357352	-0.15770499999999998	0.495462	-0.854193	0.0	0.528564	-0.688315	-0.49683299999999997	0.0	-0.834116	-0.529849	-0.153333	0.0	-0.143523	-1.0715	-1.4575799999999999	0.340248	
0	0.525382	0.327619	-0.7852640000000001	0.0	0.444621	0.681163	0.581661	0.0	0.725456	-0.6547390000000001	0.212204	0.0	-3.82776	-3.65361	-2.5319599999999998	0.358894	-0.157842	0.49506000000000006	-0.8544010000000001	0.0	0.529772	-0.687729	-0.496357	0.0	-0.8333229999999999	-0.530984	-0.15371600000000002	0.0	-0.142578	-1.0772899999999999	-1.45891	0.34017800000000004	
0	0.5288069999999999	0.32107199999999997	-0.785669	0.0	0.43143400000000004	0.695484	0.574601	0.0	0.730909	-0.642817	0.22925500000000001	0.0	-3.80245	-3.6581699999999997	-2.46543	0.358565	-0.157932	0.495594	-0.854075	0.0	0.530371	-0.687004	-0.496721	0.0	-0.832925	-0.531425	-0.15434900000000001	0.0	-0.140847	-1.07635	-1.46017	0.34013899999999997	
0	0.528993	0.31997600000000004	-0.785991	0.0	0.4242	0.702475	0.571475	0.0	0.734997	-0.635724	0.235871	0.0	-3.75786	-3.6644099999999997	-2.39442	0.357561	-0.158252	0.49610699999999996	-0.853718	0.0	0.531416	-0.685919	-0.497104	0.0	-0.832198	-0.532347	-0.155091	0.0	-0.141799	-1.07912	-1.46333	0.340057	
0	0.539887	0.338419	-0.77071	0.0	0.423195	0.6823520000000001	0.596072	0.0	0.727618	-0.6479729999999999	0.22517600000000002	0.0	-3.676	-3.6585400000000003	-2.23393	0.35497	-0.15950599999999998	0.49608199999999997	-0.853499	0.0	0.533101	-0.684384	-0.49741499999999994	0.0	-0.83088	-0.534342	-0.155299	0.0	-0.142002	-1.09036	-1.4672100000000001	0.339864	
0	0.560887	0.376187	-0.7374890000000001	0.0	0.46047	0.59855	0.655519	0.0	0.688021	-0.707263	0.162496	0.0	-3.6078099999999997	-3.64183	-2.1329	0.354958	-0.160451	0.4934	-0.854876	0.0	0.533285	-0.685471	-0.49571800000000005	0.0	-0.8305799999999999	-0.535431	-0.15313800000000002	0.0	-0.14047300000000001	-1.09263	-1.4533200000000002	0.33984899999999996	
0	0.588489	0.393456	-0.706309	0.0	0.488688	0.5228550000000001	0.698431	0.0	0.6441	-0.756184	0.115418	0.0	-3.5601300000000005	-3.6317699999999995	-2.07742	0.352375	-0.16293	0.491562	-0.8554649999999999	0.0	0.53405	-0.685114	-0.495389	0.0	-0.829606	-0.537574	-0.150894	0.0	-0.136403	-1.09206	-1.4382	0.339996	
0	0.60916	0.40465	-0.6820430000000001	0.0	0.506215	0.463625	0.7271850000000001	0.0	0.610467	-0.788233	0.07758179999999999	0.0	-3.52541	-3.6288699999999996	-2.0364	0.35025700000000004	-0.164547	0.490325	-0.855865	0.0	0.534075	-0.6852060000000001	-0.495234	0.0	-0.829269	-0.538586	-0.149122	0.0	-0.133876	-1.0920100000000001	-1.4278899999999999	0.340115	
0	0.618831	0.408624	-0.670876	0.0	0.5192899999999999	0.42800200000000005	0.739697	0.0	0.589395	-0.806127	0.0526663	0.0	-3.4997800000000003	-3.62811	-2.0098599999999998	0.351624	-0.165947	0.490316	-0.8556	0.0	0.535508	-0.68375	-0.49569799999999997	0.0	-0.828066	-0.5404399999999999	-0.14910199999999998	0.0	-0.13514	-1.09241	-1.4280000000000002	0.34020900000000004	
0	0.6222880000000001	0.405052	-0.669844	0.0	0.525122	0.41859399999999997	0.740963	0.0	0.580522	-0.812842	0.0477846	0.0	-3.4881800000000003	-3.62675	-2.00292	0.353443	-0.166522	0.490011	-0.855664	0.0	0.5358930000000001	-0.683459	-0.49568500000000004	0.0	-0.827702	-0.541086	-0.148783	0.0	-0.13434000000000001	-1.09303	-1.42335	0.340275	
0	0.614816	0.396982	-0.681474	0.0	0.545025	0.410683	0.73095	0.0	0.570044	-0.8208200000000001	0.036129900000000006	0.0	-3.47074	-3.62416	-1.9981099999999998	0.353876	-0.16731300000000002	0.48949799999999993	-0.8558030000000001	0.0	0.536177	-0.683269	-0.495638	0.0	-0.827357	-0.5417890000000001	-0.14813800000000002	0.0	-0.132427	-1.0909799999999998	-1.42051	0.34037	
0	0.5975	0.371746	-0.710492	0.0	0.599308	0.38165	0.7036859999999999	0.0	0.532752	-0.8462559999999999	0.00524497	0.0	-3.41839	-3.61964	-1.9872299999999998	0.35422600000000004	-0.16994	0.487766	-0.856274	0.0	0.5374680000000001	-0.682425	-0.495403	0.0	-0.825984	-0.544409	-0.14618699999999998	0.0	-0.130299	-1.0866799999999999	-1.41412	0.340396	
