0	-0.126754	0.598109	-0.791327	0.0	0.137398	0.800658	0.5831529999999999	0.0	0.9823719999999999	-0.0348096	-0.183666	0.0	-2.85668	1.7671700000000001	1.50905	0.0	0.0253503	0.589176	-0.807607	0.0	0.279621	-0.7798	-0.5601119999999999	0.0	-0.9597760000000001	-0.211625	-0.184514	0.0	2.7819	1.9828700000000001	1.65124	0.000202179	
0	-0.148626	0.610367	-0.77805	0.0	0.13313599999999998	0.791976	0.5958600000000001	0.0	0.9798899999999999	-0.015026300000000001	-0.19897	0.0	-2.90236	1.7581200000000001	1.50299	0.0	0.0531581	0.59795	-0.799769	0.0	0.257856	-0.781959	-0.567496	0.0	-0.96472	-0.176058	-0.195753	0.0	2.81692	1.97522	1.6268	0.0	
0	-0.232436	0.607197	-0.759793	0.0	0.127029	0.793449	0.595233	0.0	0.9642799999999999	0.0418385	-0.261558	0.0	-2.95796	1.8419	1.42054	0.0	0.111123	0.605581	-0.787987	0.0	0.22355500000000003	-0.787808	-0.573918	0.0	-0.9683360000000001	-0.112383	-0.22292399999999998	0.0	2.81507	2.01375	1.58605	0.0	
0	-0.23035999999999998	0.60712	-0.760487	0.0	0.113607	0.79294	0.598615	0.0	0.9664510000000001	0.0515	-0.251635	0.0	-3.00047	1.8878599999999999	1.34966	0.0943393	0.150858	0.615962	-0.773197	0.0	0.219417	-0.783503	-0.581361	0.0	-0.9638979999999999	-0.08194960000000001	-0.25335	0.0	2.83313	2.11504	1.5526	0.319205	
0	-0.186502	0.5637409999999999	-0.80462	0.0	0.0467189	0.823152	0.565896	0.0	0.9813430000000001	0.06794960000000001	-0.179857	0.0	-2.96405	1.8608099999999999	1.44661	0.00274004	0.043809100000000004	0.5192939999999999	-0.8534719999999999	0.0	0.276388	-0.827249	-0.489151	0.0	-0.960047	-0.21445999999999998	-0.179768	0.0	2.69295	1.96145	1.68065	0.00193745	
0	-0.201009	0.5571550000000001	-0.805713	0.0	0.044467900000000005	0.826843	0.560673	0.0	0.9785799999999999	0.076872	-0.190978	0.0	-2.96228	1.84065	1.4978	0.0	0.06095980000000001	0.534558	-0.842931	0.0	0.279589	-0.819839	-0.49969399999999997	0.0	-0.958183	-0.205213	-0.199434	0.0	2.66513	1.9304599999999998	1.66071	0.0	
0	-0.261237	0.520334	-0.813024	0.0	0.0625584	0.849627	0.52366	0.0	0.9632459999999999	0.08593780000000001	-0.25450500000000004	0.0	-2.8954	1.91818	1.46723	0.0	0.0983464	0.560836	-0.8220649999999999	0.0	0.253644	-0.812914	-0.5242479999999999	0.0	-0.9622850000000001	-0.156954	-0.2222	0.0	2.51022	2.00102	1.5497100000000001	0.012609899999999999	
0	-0.262275	0.505113	-0.8222360000000001	0.0	0.082863	0.860706	0.502314	0.0	0.9614290000000001	0.0636115	-0.267597	0.0	-2.7498400000000003	2.00795	1.4394200000000001	0.118744	0.12120399999999999	0.559154	-0.820156	0.0	0.29325999999999997	-0.8095359999999999	-0.508576	0.0	-0.948319	-0.178877	-0.262096	0.0	2.34407	2.1251599999999997	1.47128	0.33847	
0	-0.281486	0.45047	-0.8472559999999999	0.0	0.00153235	0.8831680000000001	0.469055	0.0	0.959564	0.130734	-0.24929	0.0	-2.57792	2.02752	1.37545	0.284582	0.12041400000000001	0.549244	-0.826941	0.0	0.29520100000000005	-0.815132	-0.498414	0.0	-0.947817	-0.184098	-0.260291	0.0	2.20451	2.13358	1.43523	0.339868	
0	-0.273574	0.44759899999999997	-0.851359	0.0	0.0361571	0.889286	0.45592	0.0	0.9611709999999999	0.0939453	-0.25947	0.0	-2.498	1.9344400000000002	1.38998	0.272663	0.113139	0.552921	-0.8255170000000001	0.0	0.301556	-0.810769	-0.501714	0.0	-0.9467120000000001	-0.192177	-0.258466	0.0	2.14363	2.09439	1.43993	0.33962800000000004	
0	-0.274063	0.44891000000000003	-0.850511	0.0	0.0345171	0.888394	0.45778199999999997	0.0	0.9610920000000001	0.09610410000000001	-0.258971	0.0	-2.46653	1.85643	1.35945	0.281339	0.10799500000000001	0.5553600000000001	-0.8245680000000001	0.0	0.311766	-0.8064979999999999	-0.5023569999999999	0.0	-0.944002	-0.20282	-0.260241	0.0	2.12862	2.05036	1.46631	0.339262	
0	-0.309089	0.402517	-0.8616520000000001	0.0	-0.0462103	0.89859	0.436349	0.0	0.94991	0.174688	-0.259144	0.0	-2.42367	1.7808400000000002	1.28709	0.28515300000000005	0.09987639999999999	0.56557	-0.818631	0.0	0.32062399999999996	-0.7971520000000001	-0.511613	0.0	-0.941926	-0.211375	-0.260952	0.0	2.16142	1.9585099999999998	1.5271700000000001	0.33905799999999997	
0	-0.336876	0.38672	-0.8584649999999999	0.0	-0.105217	0.8905850000000001	0.442479	0.0	0.935652	0.23938600000000002	-0.259327	0.0	-2.42406	1.7710700000000001	1.23431	0.343403	0.0884029	0.5801890000000001	-0.80967	0.0	0.317253	-0.786922	-0.529249	0.0	-0.944212	-0.210083	-0.253633	0.0	2.26798	1.8107	1.56141	0.339102	
0	-0.356694	0.406806	-0.8409979999999999	0.0	-0.09067889999999999	0.8808860000000001	0.46456099999999995	0.0	0.92981	0.24196700000000002	-0.277318	0.0	-2.50564	1.82505	1.19831	0.352041	0.0870051	0.587272	-0.8047	0.0	0.310297	-0.783555	-0.538291	0.0	-0.94665	-0.202862	-0.250402	0.0	2.31378	1.7844200000000001	1.57034	0.339335	
0	-0.301766	0.40105100000000005	-0.864925	0.0	-0.0334368	0.902208	0.430004	0.0	0.9527959999999999	0.158681	-0.258846	0.0	-2.62224	1.82965	1.26068	0.352383	0.0858155	0.5900350000000001	-0.802804	0.0	0.29826199999999997	-0.784037	-0.544359	0.0	-0.9506190000000001	-0.19273099999999999	-0.243267	0.0	2.34251	1.82307	1.55011	0.339471	
0	-0.26377	0.415966	-0.870286	0.0	-0.00424568	0.9017290000000001	0.432281	0.0	0.964576	0.117718	-0.236083	0.0	-2.66363	1.78446	1.31116	0.357707	0.0811737	0.597193	-0.797979	0.0	0.300093	-0.7781140000000001	-0.5518	0.0	-0.95045	-0.194676	-0.242376	0.0	2.34753	1.8403599999999998	1.55031	0.339515	
0	-0.187607	0.48787600000000003	-0.852514	0.0	0.159057	0.871559	0.46377299999999994	0.0	0.9692799999999999	-0.0485918	-0.24111100000000002	0.0	-2.7250799999999997	1.642	1.4284700000000001	0.358836	0.062317	0.621676	-0.780791	0.0	0.31639	-0.754268	-0.5753060000000001	0.0	-0.94658	-0.211184	-0.243696	0.0	2.34945	1.8354099999999998	1.55663	0.339765	
0	-0.08883719999999999	0.551085	-0.829707	0.0	0.263746	0.816281	0.513929	0.0	0.960492	-0.173176	-0.217863	0.0	-2.71711	1.54288	1.49185	0.359713	0.052264	0.63457	-0.771096	0.0	0.326854	-0.740492	-0.58723	0.0	-0.943629	-0.221345	-0.246113	0.0	2.35217	1.82677	1.55815	0.33955799999999997	
0	0.148349	0.5994729999999999	-0.7865270000000001	0.0	0.463692	0.6603180000000001	0.590737	0.0	0.873489	-0.452341	-0.180013	0.0	-2.76105	1.19607	1.6484	0.36105	0.0210206	0.661844	-0.749347	0.0	0.349017	-0.707217	-0.614843	0.0	-0.936881	-0.24861	-0.24586100000000002	0.0	2.3751700000000002	1.7482900000000001	1.5618299999999998	0.34031100000000003	
0	0.19959100000000002	0.571955	-0.795632	0.0	0.5032760000000001	0.636853	0.584065	0.0	0.8407600000000001	-0.516997	-0.160742	0.0	-2.80152	1.08365	1.7058400000000002	0.361155	0.010776299999999999	0.670493	-0.741838	0.0	0.358755	-0.695082	-0.6230220000000001	0.0	-0.93337	-0.259424	-0.248033	0.0	2.3766599999999998	1.7239799999999998	1.5664799999999999	0.340318	
0	0.27095	0.530115	-0.80347	0.0	0.594032	0.564713	0.572909	0.0	0.7574380000000001	-0.632517	-0.161897	0.0	-2.87564	0.9056780000000001	1.72491	0.360678	-0.00370306	0.676362	-0.73656	0.0	0.371665	-0.682871	-0.628929	0.0	-0.9283600000000001	-0.27608299999999997	-0.24885100000000002	0.0	2.3566	1.62658	1.53108	0.340432	
0	0.291516	0.5047550000000001	-0.812552	0.0	0.631739	0.536254	0.559766	0.0	0.718279	-0.676501	-0.162546	0.0	-2.91578	0.849527	1.6509599999999998	0.359592	-0.010898399999999999	0.6723	-0.7401979999999999	0.0	0.370846	-0.684735	-0.6273850000000001	0.0	-0.928631	-0.281337	-0.24185700000000002	0.0	2.35125	1.59064	1.54729	0.340523	
0	0.332461	0.47616099999999995	-0.8140890000000001	0.0	0.6562520000000001	0.5031479999999999	0.562294	0.0	0.67735	-0.721188	-0.145205	0.0	-2.87563	0.8132199999999999	1.59422	0.359177	-0.0228813	0.66938	-0.742568	0.0	0.36852399999999996	-0.68481	-0.62867	0.0	-0.9293370000000001	-0.288038	-0.23101300000000002	0.0	2.34826	1.5725200000000001	1.5733700000000002	0.340494	
0	0.380212	0.451985	-0.806938	0.0	0.669321	0.46766599999999997	0.5773199999999999	0.0	0.638317	-0.759604	-0.12471099999999999	0.0	-2.8439200000000002	0.730254	1.50457	0.35963	-0.0277789	0.665999	-0.7454350000000001	0.0	0.365582	-0.687294	-0.627677	0.0	-0.930365	-0.289954	-0.224385	0.0	2.34383	1.57758	1.61137	0.340475	
0	0.402798	0.44208400000000003	-0.801446	0.0	0.671521	0.45225200000000004	0.586965	0.0	0.621943	-0.774616	-0.114703	0.0	-2.82281	0.6260359999999999	1.3004799999999999	0.359537	-0.0347263	0.661729	-0.748938	0.0	0.362342	-0.690066	-0.626513	0.0	-0.931398	-0.293128	-0.215809	0.0	2.3229599999999997	1.5851	1.64864	0.34067800000000004	
0	0.394904	0.44610600000000006	-0.803144	0.0	0.6746310000000001	0.45260500000000004	0.583114	0.0	0.623638	-0.772099	-0.122222	0.0	-2.82428	0.549863	1.11753	0.36	-0.0377286	0.661259	-0.749208	0.0	0.361967	-0.689785	-0.627039	0.0	-0.931427	-0.294846	-0.213329	0.0	2.30901	1.5900100000000001	1.66878	0.34066799999999997	
0	0.39831700000000003	0.438309	-0.8057479999999999	0.0	0.678702	0.450074	0.580343	0.0	0.617015	-0.7780229999999999	-0.118209	0.0	-2.80205	0.481835	0.9350370000000001	0.360153	-0.0385492	0.65869	-0.751426	0.0	0.359846	-0.692383	-0.625394	0.0	-0.932215	-0.294506	-0.21033600000000002	0.0	2.3053	1.60066	1.68189	0.340555	
0	0.408868	0.440104	-0.799459	0.0	0.69458	0.41814399999999996	0.585418	0.0	0.591934	-0.794647	-0.134722	0.0	-2.79181	0.382834	0.76686	0.360257	-0.040494	0.658845	-0.751188	0.0	0.359969	-0.691702	-0.6260760000000001	0.0	-0.932085	-0.295756	-0.209154	0.0	2.30208	1.60952	1.6902700000000002	0.34082399999999996	
0	0.415451	0.43885100000000005	-0.79675	0.0	0.711457	0.38900300000000004	0.585241	0.0	0.566771	-0.809992	-0.150612	0.0	-2.80373	0.254755	0.596689	0.36081799999999997	-0.040376199999999994	0.6584810000000001	-0.751514	0.0	0.358148	-0.692613	-0.6261140000000001	0.0	-0.932792	-0.294433	-0.207869	0.0	2.29928	1.60958	1.69088	0.34089899999999995	
0	0.424225	0.43481499999999995	-0.7943359999999999	0.0	0.717743	0.373404	0.58772	0.0	0.552158	-0.8194540000000001	-0.153678	0.0	-2.8515200000000003	0.0906725	0.407965	0.360983	-0.039889	0.658238	-0.751753	0.0	0.357203	-0.693241	-0.625958	0.0	-0.933175	-0.29349699999999995	-0.207472	0.0	2.29528	1.60358	1.68705	0.340968	
0	0.436029	0.443326	-0.783161	0.0	0.7260300000000001	0.340919	0.597206	0.0	0.531751	-0.828997	-0.173217	0.0	-2.87454	-0.0248106	0.219796	0.360977	-0.0402969	0.656701	-0.753074	0.0	0.356614	-0.694596	-0.62479	0.0	-0.9333819999999999	-0.293734	-0.20619899999999997	0.0	2.2934900000000003	1.60205	1.7029299999999998	0.340919	
0	0.458293	0.44654499999999997	-0.768482	0.0	0.724563	0.313053	0.614008	0.0	0.514759	-0.838209	-0.18008	0.0	-2.8959599999999996	-0.146216	0.028854599999999998	0.361127	-0.0415795	0.653679	-0.755629	0.0	0.354297	-0.697491	-0.622881	0.0	-0.934208	-0.293616	-0.202595	0.0	2.2909900000000003	1.6134899999999999	1.7235099999999999	0.34118200000000004	
0	0.481425	0.435403	-0.7606930000000001	0.0	0.715793	0.305568	0.627908	0.0	0.505837	-0.8467899999999999	-0.16455	0.0	-2.92075	-0.249416	-0.12679400000000002	0.36094699999999996	-0.0453608	0.650606	-0.7580600000000001	0.0	0.349976	-0.700399	-0.6220600000000001	0.0	-0.93566	-0.29352	-0.195926	0.0	2.30064	1.6532900000000001	1.7646700000000002	0.34128600000000003	
0	0.48786499999999994	0.438589	-0.754737	0.0	0.720498	0.285808	0.6318199999999999	0.0	0.49281899999999995	-0.852029	-0.176567	0.0	-2.9604	-0.300182	-0.191961	0.360669	-0.0471354	0.651903	-0.756836	0.0	0.349756	-0.698942	-0.623819	0.0	-0.9356540000000001	-0.294112	-0.19506199999999999	0.0	2.3081099999999997	1.68068	1.7875599999999998	0.341147	
0	0.48876899999999995	0.436672	-0.755263	0.0	0.72638	0.275792	0.629533	0.0	0.483195	-0.8563040000000001	-0.182391	0.0	-3.04815	-0.34006	-0.26156399999999996	0.360588	-0.0473216	0.653369	-0.75556	0.0	0.34767600000000004	-0.698335	-0.625659	0.0	-0.93642	-0.292297	-0.194114	0.0	2.31347	1.69218	1.8021599999999998	0.341292	
0	0.486641	0.43543000000000004	-0.757351	0.0	0.727263	0.278391	0.627365	0.0	0.484013	-0.856096	-0.181195	0.0	-3.1000799999999997	-0.354798	-0.289366	0.360714	-0.0464484	0.653547	-0.755459	0.0	0.347331	-0.69852	-0.625645	0.0	-0.936592	-0.291454	-0.194552	0.0	2.31061	1.6851099999999999	1.80309	0.34124099999999996	
0	0.450568	0.43182299999999996	-0.781356	0.0	0.718779	0.343619	0.604387	0.0	0.5294770000000001	-0.83394	-0.15556099999999998	0.0	-3.18506	-0.34067600000000003	-0.23410599999999998	0.360786	-0.0464399	0.649838	-0.758653	0.0	0.34279699999999996	-0.702986	-0.623139	0.0	-0.938261	-0.289002	-0.190116	0.0	2.2853	1.67477	1.8190099999999998	0.341129	
0	0.40218000000000004	0.452304	-0.796036	0.0	0.698719	0.410221	0.586098	0.0	0.591645	-0.791922	-0.151051	0.0	-3.12564	-0.168579	-0.0608975	0.360603	-0.0460048	0.64604	-0.761916	0.0	0.34042100000000003	-0.7069300000000001	-0.619971	0.0	-0.939147	-0.287894	-0.187404	0.0	2.25848	1.6917099999999998	1.83733	0.340884	
0	0.369424	0.499463	-0.783622	0.0	0.68797	0.41987399999999997	0.591949	0.0	0.624679	-0.757788	-0.188503	0.0	-3.00798	0.15620599999999998	0.11863900000000001	0.360553	-0.045129699999999995	0.645544	-0.7623880000000001	0.0	0.337615	-0.7084060000000001	-0.6198199999999999	0.0	-0.9402020000000001	-0.285366	-0.185976	0.0	2.25201	1.7013200000000002	1.84887	0.340919	
0	0.35940500000000003	0.525363	-0.771247	0.0	0.6736850000000001	0.425824	0.604006	0.0	0.645738	-0.73666	-0.20088599999999998	0.0	-2.91751	0.39541	0.28355	0.360586	-0.0464353	0.645678	-0.762197	0.0	0.335314	-0.708673	-0.620764	0.0	-0.940961	-0.2844	-0.183597	0.0	2.24946	1.7058900000000001	1.8545200000000002	0.340845	
0	0.35639	0.535101	-0.765932	0.0	0.661687	0.43422299999999997	0.6112449999999999	0.0	0.659663	-0.724649	-0.199317	0.0	-2.8418900000000002	0.489896	0.374735	0.360675	-0.0476295	0.6427930000000001	-0.764558	0.0	0.33260500000000004	-0.71154	-0.618939	0.0	-0.9418629999999999	-0.283775	-0.17990599999999998	0.0	2.23849	1.70633	1.85896	0.340852	
0	0.359642	0.537288	-0.762876	0.0	0.65594	0.435896	0.616228	0.0	0.663626	-0.722023	-0.195662	0.0	-2.7761	0.50158	0.439381	0.36090900000000004	-0.054238	0.646652	-0.760854	0.0	0.333108	-0.706609	-0.6242939999999999	0.0	-0.941327	-0.28730700000000003	-0.17708	0.0	2.2145599999999996	1.7096200000000001	1.8647799999999999	0.340805	
0	0.360769	0.5388689999999999	-0.7612270000000001	0.0	0.65463	0.43504799999999993	0.618218	0.0	0.664309	-0.721355	-0.19580799999999998	0.0	-2.75442	0.496953	0.46725200000000006	0.361178	-0.055713	0.649255	-0.758528	0.0	0.33298099999999997	-0.704133	-0.627153	0.0	-0.9412860000000001	-0.287515	-0.17695999999999998	0.0	2.20516	1.70207	1.8621	0.340805	
0	0.361194	0.536602	-0.762625	0.0	0.651878	0.43949399999999994	0.61798	0.0	0.666779	-0.720349	-0.191057	0.0	-2.72743	0.43223100000000003	0.520153	0.361412	-0.0672975	0.64778	-0.75885	0.0	0.331507	-0.702847	-0.629373	0.0	-0.941049	-0.293919	-0.167444	0.0	2.1669099999999997	1.6573	1.8877400000000002	0.340547	
0	0.36179	0.539395	-0.760369	0.0	0.648844	0.43996499999999994	0.620831	0.0	0.669409	-0.717972	-0.19080899999999998	0.0	-2.7227200000000003	0.421842	0.5360199999999999	0.36107399999999995	-0.07249019999999999	0.6434300000000001	-0.762065	0.0	0.327967	-0.706206	-0.627464	0.0	-0.9419040000000001	-0.295417	-0.159831	0.0	2.1718900000000003	1.6680599999999999	1.92822	0.34070500000000004	
0	0.36156900000000003	0.550752	-0.75229	0.0	0.648994	0.43063100000000004	0.627188	0.0	0.669384	-0.7150029999999999	-0.201731	0.0	-2.73565	0.42517299999999997	0.5295989999999999	0.36133899999999997	-0.07370689999999999	0.642343	-0.762865	0.0	0.32579	-0.707469	-0.6271760000000001	0.0	-0.942565	-0.294761	-0.157124	0.0	2.1747400000000003	1.6843599999999999	1.95039	0.340619	
0	0.36216	0.553793	-0.7497689999999999	0.0	0.649515	0.42700200000000005	0.6291260000000001	0.0	0.668559	-0.71483	-0.205054	0.0	-2.73705	0.424896	0.524675	0.361462	-0.0749459	0.6428149999999999	-0.762346	0.0	0.325263	-0.706926	-0.6280600000000001	0.0	-0.942649	-0.295034	-0.156103	0.0	2.1737599999999997	1.68058	1.9510299999999998	0.34074699999999997	
0	0.362156	0.553761	-0.749795	0.0	0.649507	0.42704200000000003	0.629107	0.0	0.668569	-0.714832	-0.20501599999999998	0.0	-2.73695	0.42495900000000003	0.524818	0.36146	-0.0749311	0.64281	-0.762352	0.0	0.325263	-0.7069340000000001	-0.628051	0.0	-0.94265	-0.295026	-0.156111	0.0	2.17375	1.6806299999999998	1.95098	0.340746	
0	0.362156	0.55376	-0.749795	0.0	0.649507	0.42704200000000003	0.629107	0.0	0.668569	-0.714832	-0.205015	0.0	-2.73695	0.42495900000000003	0.524818	0.36146100000000003	-0.074931	0.64281	-0.762353	0.0	0.325263	-0.7069340000000001	-0.628051	0.0	-0.94265	-0.295026	-0.156111	0.0	2.17375	1.6806299999999998	1.95098	0.340746	
0	0.362156	0.55376	-0.749795	0.0	0.649507	0.42704200000000003	0.629107	0.0	0.668569	-0.714832	-0.205015	0.0	-2.73695	0.42495900000000003	0.5248189999999999	0.36146	-0.074931	0.64281	-0.762353	0.0	0.325263	-0.7069340000000001	-0.628051	0.0	-0.94265	-0.295026	-0.156111	0.0	2.1737599999999997	1.6806299999999998	1.95098	0.340746	
0	0.362156	0.55376	-0.749795	0.0	0.649507	0.42704200000000003	0.629107	0.0	0.668569	-0.714832	-0.205015	0.0	-2.73695	0.42495900000000003	0.5248189999999999	0.36146	-0.074931	0.64281	-0.762353	0.0	0.325263	-0.7069340000000001	-0.628051	0.0	-0.94265	-0.295026	-0.156111	0.0	2.17375	1.6806299999999998	1.95098	0.340746	
0	0.362156	0.55376	-0.749795	0.0	0.649507	0.42704200000000003	0.629107	0.0	0.668568	-0.714832	-0.205015	0.0	-2.73695	0.424958	0.524818	0.36146	-0.074931	0.64281	-0.762353	0.0	0.325263	-0.7069340000000001	-0.628051	0.0	-0.94265	-0.295026	-0.156111	0.0	2.1737599999999997	1.6806299999999998	1.95098	0.340746	
0	0.362156	0.55376	-0.749795	0.0	0.649507	0.42704200000000003	0.629107	0.0	0.668569	-0.714832	-0.205015	0.0	-2.73695	0.42495900000000003	0.524818	0.36146	-0.074931	0.64281	-0.762353	0.0	0.325263	-0.7069340000000001	-0.628051	0.0	-0.94265	-0.295026	-0.156111	0.0	2.17375	1.6806299999999998	1.95098	0.340746	
0	0.362156	0.55376	-0.749795	0.0	0.649507	0.42704200000000003	0.629108	0.0	0.668569	-0.714832	-0.20501599999999998	0.0	-2.73695	0.42495900000000003	0.524818	0.36146	-0.074931	0.64281	-0.762353	0.0	0.325263	-0.7069340000000001	-0.628051	0.0	-0.94265	-0.295026	-0.156111	0.0	2.17375	1.6806299999999998	1.95098	0.340746	
0	0.362156	0.55376	-0.749795	0.0	0.649507	0.42704200000000003	0.629108	0.0	0.668569	-0.714832	-0.20501599999999998	0.0	-2.73695	0.42495900000000003	0.524818	0.36146	-0.0749309	0.64281	-0.762353	0.0	0.325263	-0.7069340000000001	-0.628051	0.0	-0.94265	-0.295026	-0.156111	0.0	2.17375	1.6806299999999998	1.95098	0.340746	
0	0.362156	0.55376	-0.749795	0.0	0.649507	0.42704200000000003	0.629108	0.0	0.668568	-0.714832	-0.20501599999999998	0.0	-2.73695	0.42495900000000003	0.5248189999999999	0.36146	-0.074931	0.64281	-0.762353	0.0	0.325263	-0.7069340000000001	-0.628051	0.0	-0.94265	-0.295026	-0.156111	0.0	2.17375	1.6806299999999998	1.95098	0.340746	
0	0.362156	0.55376	-0.749795	0.0	0.649507	0.42704200000000003	0.629108	0.0	0.668569	-0.714832	-0.20501599999999998	0.0	-2.73695	0.42495900000000003	0.524818	0.36146	-0.0749309	0.64281	-0.762353	0.0	0.325263	-0.7069340000000001	-0.628051	0.0	-0.94265	-0.295026	-0.156111	0.0	2.17375	1.6806299999999998	1.95098	0.340746	
0	0.362156	0.55376	-0.749795	0.0	0.649507	0.42704200000000003	0.629108	0.0	0.668569	-0.714832	-0.20501599999999998	0.0	-2.73695	0.42495900000000003	0.5248189999999999	0.36146	-0.0749309	0.64281	-0.762353	0.0	0.325263	-0.7069340000000001	-0.628051	0.0	-0.94265	-0.295026	-0.156111	0.0	2.17375	1.6806299999999998	1.95098	0.340746	
0	0.362156	0.55376	-0.749795	0.0	0.649507	0.42704200000000003	0.629108	0.0	0.668568	-0.714832	-0.205015	0.0	-2.73695	0.42496000000000006	0.5248189999999999	0.36146	-0.074931	0.64281	-0.762353	0.0	0.325263	-0.7069340000000001	-0.628051	0.0	-0.94265	-0.295026	-0.156111	0.0	2.1737599999999997	1.6806299999999998	1.95098	0.340746	
0	0.362156	0.55376	-0.749795	0.0	0.649507	0.42704200000000003	0.629108	0.0	0.668568	-0.714832	-0.205015	0.0	-2.73695	0.42495900000000003	0.5248189999999999	0.36146	-0.0749309	0.64281	-0.762353	0.0	0.325263	-0.7069340000000001	-0.628051	0.0	-0.94265	-0.295025	-0.156111	0.0	2.17375	1.6806299999999998	1.95098	0.340746	
0	0.362156	0.553761	-0.749795	0.0	0.649507	0.427041	0.629108	0.0	0.668569	-0.714832	-0.20501599999999998	0.0	-2.73695	0.42495900000000003	0.5248189999999999	0.36146	-0.0749309	0.64281	-0.762353	0.0	0.325263	-0.7069340000000001	-0.628051	0.0	-0.94265	-0.295026	-0.156111	0.0	2.17375	1.6806299999999998	1.95098	0.340746	
0	0.362156	0.55376	-0.749795	0.0	0.649507	0.42704200000000003	0.629108	0.0	0.668569	-0.714832	-0.20501599999999998	0.0	-2.73695	0.42495900000000003	0.5248189999999999	0.36146	-0.0749309	0.64281	-0.762353	0.0	0.325263	-0.7069340000000001	-0.628051	0.0	-0.94265	-0.295026	-0.156111	0.0	2.1737599999999997	1.6806299999999998	1.95098	0.340746	
0	0.362156	0.55376	-0.749795	0.0	0.649507	0.42704200000000003	0.629108	0.0	0.668569	-0.714832	-0.20501599999999998	0.0	-2.73695	0.42495900000000003	0.524818	0.36146	-0.0749309	0.64281	-0.762353	0.0	0.325263	-0.7069340000000001	-0.628051	0.0	-0.94265	-0.295026	-0.156111	0.0	2.17375	1.6806299999999998	1.95098	0.340746	
0	0.362156	0.553761	-0.749795	0.0	0.649507	0.427041	0.629108	0.0	0.668569	-0.714832	-0.20501599999999998	0.0	-2.73695	0.42495900000000003	0.524818	0.36146	-0.0749309	0.64281	-0.762353	0.0	0.325263	-0.7069340000000001	-0.628051	0.0	-0.94265	-0.295025	-0.156111	0.0	2.17375	1.6806299999999998	1.95098	0.340746	
0	0.230857	0.6013649999999999	-0.764895	0.0	0.398258	0.6588579999999999	0.6381979999999999	0.0	0.887748	-0.45195799999999997	-0.0873967	0.0	-2.7465900000000003	0.390694	0.477904	0.358381	-0.151294	0.601248	-0.784609	0.0	0.24355900000000003	-0.7466	-0.6190859999999999	0.0	-0.9580129999999999	-0.284762	-0.033483099999999995	0.0	2.13996	1.71154	1.97773	0.335857	
0	0.192401	0.595645	-0.7798649999999999	0.0	0.380169	0.6874100000000001	0.618821	0.0	0.904684	-0.415542	-0.0941873	0.0	-2.75665	0.395548	0.437486	0.359099	-0.151349	0.602366	-0.78374	0.0	0.243416	-0.745746	-0.620171	0.0	-0.958041	-0.284637	-0.0337577	0.0	2.13364	1.70586	1.96564	0.335807	
0	0.142647	0.587721	-0.7963899999999999	0.0	0.376379	0.711962	0.592831	0.0	0.9154180000000001	-0.38431	-0.119646	0.0	-2.76304	0.410404	0.272165	0.35938600000000004	-0.15170799999999998	0.6033350000000001	-0.782925	0.0	0.245496	-0.744273	-0.621119	0.0	-0.9574530000000001	-0.286434	-0.0352041	0.0	2.1238799999999998	1.6978400000000002	1.94009	0.336082	
0	0.142995	0.5950840000000001	-0.79084	0.0	0.42001099999999997	0.687045	0.592925	0.0	0.896183	-0.416947	-0.151698	0.0	-2.85105	0.358516	0.0775441	0.35973	-0.151697	0.603029	-0.7831640000000001	0.0	0.24731599999999998	-0.743974	-0.620757	0.0	-0.956987	-0.287855	-0.036280400000000004	0.0	2.1303099999999997	1.6962700000000002	1.9343400000000002	0.336764	
0	0.17230499999999999	0.614793	-0.769637	0.0	0.44914899999999996	0.646339	0.6168560000000001	0.0	0.876685	-0.45196899999999995	-0.164767	0.0	-2.95234	0.262536	-0.145116	0.35984099999999997	-0.15225999999999998	0.602422	-0.783521	0.0	0.246948	-0.74443	-0.620355	0.0	-0.956992	-0.287944	-0.0354203	0.0	2.1362900000000002	1.69072	1.9315	0.33771999999999996	
0	0.2222	0.606014	-0.763789	0.0	0.46511	0.6226109999999999	0.629308	0.0	0.8569129999999999	-0.49507799999999996	-0.143519	0.0	-3.05512	0.0858678	-0.328633	0.360128	-0.152982	0.6018359999999999	-0.78383	0.0	0.24724899999999997	-0.744631	-0.619995	0.0	-0.956799	-0.288649	-0.034888699999999995	0.0	2.13964	1.6904099999999997	1.9328400000000001	0.338674	
0	0.31453000000000003	0.605495	-0.731059	0.0	0.485254	0.55935	0.672053	0.0	0.815843	-0.56613	-0.11788699999999999	0.0	-3.15525	-0.160487	-0.48357100000000003	0.361043	-0.153357	0.6022609999999999	-0.7834300000000001	0.0	0.24877600000000002	-0.743743	-0.62045	0.0	-0.956343	-0.290049	-0.0357699	0.0	2.14668	1.6946700000000001	1.9322599999999999	0.33932199999999996	
0	0.361338	0.595038	-0.717889	0.0	0.48284099999999996	0.539238	0.689991	0.0	0.797683	-0.595946	-0.0924621	0.0	-3.20293	-0.315841	-0.5555760000000001	0.361732	-0.15314	0.602438	-0.783337	0.0	0.249477	-0.743442	-0.620528	0.0	-0.9561950000000001	-0.290452	-0.036444	0.0	2.1543	1.68897	1.92903	0.3396	
0	0.45196099999999995	0.5845899999999999	-0.6737850000000001	0.0	0.470246	0.485717	0.73685	0.0	0.758024	-0.649872	-0.0553759	0.0	-3.2534799999999997	-0.569098	-0.6647529999999999	0.362588	-0.153246	0.6024619999999999	-0.7832979999999999	0.0	0.250056	-0.743222	-0.620559	0.0	-0.9560270000000001	-0.29096700000000003	-0.0367532	0.0	2.16182	1.6924700000000001	1.9252	0.340079	
0	0.547288	0.5521	-0.629017	0.0	0.449666	0.43990799999999997	0.777356	0.0	0.705887	-0.708285	-0.00750428	0.0	-3.3107	-0.9268430000000001	-0.843036	0.362967	-0.154086	0.601996	-0.7834909999999999	0.0	0.249627	-0.7435189999999999	-0.620376	0.0	-0.9560040000000001	-0.291172	-0.0357085	0.0	2.1703099999999997	1.69629	1.92518	0.340453	
0	0.565847	0.55085	-0.613499	0.0	0.445639	0.421704	0.789666	0.0	0.693702	-0.720229	-0.0068607	0.0	-3.32595	-1.00805	-0.912658	0.36245900000000003	-0.15368199999999999	0.602195	-0.7834180000000001	0.0	0.24991100000000002	-0.743372	-0.620437	0.0	-0.955995	-0.291135	-0.0362518	0.0	2.17092	1.6956099999999998	1.9252900000000002	0.340504	
0	0.625617	0.537733	-0.565195	0.0	0.45745600000000003	0.333994	0.824125	0.0	0.631931	-0.774139	-0.03703680000000001	0.0	-3.35713	-1.16171	-1.10637	0.36025300000000005	-0.151722	0.604105	-0.7823289999999999	0.0	0.248797	-0.742667	-0.621729	0.0	-0.956598	-0.288971	-0.0376209	0.0	2.16432	1.67613	1.9175900000000001	0.34076	
0	0.64225	0.523994	-0.559415	0.0	0.47350299999999995	0.302695	0.8271459999999999	0.0	0.6027520000000001	-0.7961189999999999	-0.0537073	0.0	-3.3829800000000003	-1.30879	-1.31661	0.36054	-0.150291	0.603917	-0.78275	0.0	0.249556	-0.74293	-0.62111	0.0	-0.956627	-0.28868699999999997	-0.039055900000000005	0.0	2.16154	1.6700700000000002	1.9151900000000002	0.341	
0	0.649177	0.5145109999999999	-0.560221	0.0	0.48346400000000006	0.289497	0.826108	0.0	0.5872229999999999	-0.807137	-0.060812599999999994	0.0	-3.38398	-1.4281700000000002	-1.4224700000000001	0.361128	-0.15074300000000002	0.602937	-0.7834180000000001	0.0	0.249428	-0.743637	-0.620314	0.0	-0.9565889999999999	-0.28891500000000003	-0.0382916	0.0	2.16308	1.66825	1.9211	0.340928	
0	0.652407	0.502621	-0.5672189999999999	0.0	0.501772	0.274435	0.820311	0.0	0.56797	-0.8197909999999999	-0.0731578	0.0	-3.3732	-1.54043	-1.53224	0.361179	-0.150788	0.602013	-0.7841199999999999	0.0	0.24949000000000002	-0.744338	-0.619448	0.0	-0.956566	-0.289035	-0.0379595	0.0	2.16607	1.66995	1.9248	0.340981	
0	0.655486	0.483019	-0.580543	0.0	0.524768	0.26150100000000004	0.810084	0.0	0.543099	-0.835649	-0.0820623	0.0	-3.3637699999999997	-1.6748599999999998	-1.6449799999999999	0.361543	-0.151168	0.600631	-0.7851060000000001	0.0	0.249425	-0.7453569999999999	-0.618247	0.0	-0.9565229999999999	-0.28928400000000004	-0.0371385	0.0	2.16878	1.67182	1.92648	0.340996	
0	0.6550520000000001	0.473807	-0.588569	0.0	0.532805	0.262667	0.804441	0.0	0.535747	-0.840543	-0.08038610000000002	0.0	-3.36593	-1.76679	-1.72344	0.36180100000000004	-0.151059	0.599525	-0.785971	0.0	0.249352	-0.746275	-0.617169	0.0	-0.956559	-0.28921199999999997	-0.036761699999999994	0.0	2.16931	1.6728299999999998	1.92753	0.34096	
0	0.6640520000000001	0.445376	-0.600562	0.0	0.543883	0.26343	0.796741	0.0	0.513055	-0.855713	-0.0673011	0.0	-3.37499	-2.01375	-1.8800299999999999	0.361658	-0.151064	0.5988899999999999	-0.786454	0.0	0.249292	-0.74679	-0.61657	0.0	-0.9565739999999999	-0.289198	-0.0364859	0.0	2.16757	1.66891	1.92996	0.340861	
0	0.679854	0.428521	-0.595121	0.0	0.5415810000000001	0.25378	0.801427	0.0	0.494458	-0.867159	-0.059545600000000004	0.0	-3.3851699999999996	-2.17276	-1.97907	0.361518	-0.151085	0.59853	-0.786724	0.0	0.249371	-0.747043	-0.6162310000000001	0.0	-0.95655	-0.28929	-0.036389099999999994	0.0	2.16858	1.66986	1.93182	0.340845	
0	0.701167	0.407717	-0.58492	0.0	0.533996	0.24330900000000003	0.809721	0.0	0.472454	-0.8800950000000001	-0.0471193	0.0	-3.3915300000000004	-2.31705	-2.00132	0.36107399999999995	-0.150923	0.598611	-0.786694	0.0	0.24948499999999998	-0.746984	-0.6162569999999999	0.0	-0.9565459999999999	-0.289275	-0.0366074	0.0	2.17017	1.6722099999999998	1.9298099999999998	0.340855	
0	0.722022	0.388548	-0.5724640000000001	0.0	0.524308	0.23258800000000002	0.819149	0.0	0.451427	-0.891591	-0.0357853	0.0	-3.42332	-2.46043	-2.03037	0.360573	-0.15096700000000002	0.597912	-0.7872170000000001	0.0	0.249585	-0.747491	-0.6156020000000001	0.0	-0.956513	-0.28941300000000003	-0.0363836	0.0	2.1695599999999997	1.67196	1.9292200000000002	0.34086700000000003	
0	0.733707	0.369123	-0.570459	0.0	0.520939	0.233425	0.8210569999999999	0.0	0.43623	-0.89959	-0.0210247	0.0	-3.49934	-2.5939799999999997	-2.03844	0.36041999999999996	-0.151364	0.596675	-0.788079	0.0	0.24963600000000002	-0.748347	-0.61454	0.0	-0.9564370000000001	-0.289752	-0.0356787	0.0	2.17303	1.67555	1.9330200000000002	0.340858	
0	0.739401	0.360817	-0.568416	0.0	0.520514	0.229129	0.822536	0.0	0.427026	-0.9040520000000001	-0.018391900000000003	0.0	-3.54187	-2.6802099999999998	-2.0225299999999997	0.35996999999999996	-0.151253	0.5963510000000001	-0.788345	0.0	0.249286	-0.748732	-0.614213	0.0	-0.9565450000000001	-0.289425	-0.0354146	0.0	2.17824	1.67997	1.94288	0.340805	
0	0.739694	0.358745	-0.569347	0.0	0.522917	0.226113	0.821846	0.0	0.423569	-0.9056350000000001	-0.0203394	0.0	-3.60105	-2.75278	-2.02688	0.360074	-0.151041	0.5961609999999999	-0.7885300000000001	0.0	0.249194	-0.748958	-0.613975	0.0	-0.9566030000000001	-0.289232	-0.035437	0.0	2.17998	1.6826299999999998	1.94428	0.34074	
0	0.738011	0.35923099999999997	-0.571221	0.0	0.526261	0.22344099999999997	0.820441	0.0	0.422362	-0.906106	-0.024147599999999998	0.0	-3.6469099999999997	-2.78409	-2.0870900000000003	0.360177	-0.15095899999999998	0.595625	-0.78895	0.0	0.24955500000000003	-0.7492840000000001	-0.613429	0.0	-0.956522	-0.289489	-0.0355307	0.0	2.17964	1.6805599999999998	1.94842	0.340754	
0	0.73377	0.361915	-0.574978	0.0	0.5298229999999999	0.224944	0.817734	0.0	0.425288	-0.9046649999999999	-0.0266942	0.0	-3.66554	-2.84198	-2.1246400000000003	0.360078	-0.151078	0.594093	-0.790082	0.0	0.249252	-0.750538	-0.612019	0.0	-0.9565819999999999	-0.289392	-0.0346895	0.0	2.18649	1.68835	1.9571	0.340552	
0	0.726826	0.361275	-0.5841270000000001	0.0	0.535524	0.23441700000000001	0.811334	0.0	0.43004499999999996	-0.9025120000000001	-0.0230909	0.0	-3.64034	-2.87247	-2.13828	0.360048	-0.150901	0.592957	-0.790968	0.0	0.24894899999999998	-0.751548	-0.6109	0.0	-0.9566889999999999	-0.289096	-0.0342069	0.0	2.18867	1.69025	1.95818	0.34060799999999997	
0	0.7021149999999999	0.36447199999999996	-0.611715	0.0	0.554042	0.26001399999999997	0.790841	0.0	0.44729300000000005	-0.894177	-0.019373400000000002	0.0	-3.6316300000000004	-2.93135	-2.14121	0.360146	-0.151002	0.5919220000000001	-0.791724	0.0	0.24885100000000002	-0.7523529999999999	-0.609949	0.0	-0.956699	-0.289125	-0.033694	0.0	2.1924099999999997	1.69612	1.96078	0.34071399999999996	
0	0.638468	0.369709	-0.675037	0.0	0.600229	0.309808	0.73739	0.0	0.48175100000000004	-0.875976	-0.0241072	0.0	-3.5579400000000003	-2.9891900000000002	-2.11828	0.36041999999999996	-0.150295	0.591561	-0.7921279999999999	0.0	0.24849699999999997	-0.752903	-0.609416	0.0	-0.956902	-0.288434	-0.03384380000000001	0.0	2.1939599999999997	1.6956099999999998	1.9648299999999999	0.34055100000000005	
0	0.603954	0.372226	-0.70476	0.0	0.621414	0.33378800000000003	0.708823	0.0	0.499083	-0.8660450000000001	-0.0297135	0.0	-3.5513800000000004	-3.00941	-2.11884	0.360425	-0.149989	0.592134	-0.791758	0.0	0.248056	-0.7526649999999999	-0.609888	0.0	-0.9570639999999999	-0.287876	-0.033991	0.0	2.19602	1.6985700000000001	1.96701	0.340564	
0	0.567449	0.36578499999999997	-0.737701	0.0	0.6376470000000001	0.371631	0.6747569999999999	0.0	0.520969	-0.853283	-0.022360599999999998	0.0	-3.49681	-3.0849599999999997	-2.10195	0.36036799999999997	-0.149508	0.59248	-0.79159	0.0	0.24833400000000003	-0.752426	-0.61007	0.0	-0.957067	-0.28778899999999996	-0.0346391	0.0	2.19417	1.6997	1.96327	0.340509	
0	0.560058	0.368888	-0.741792	0.0	0.642908	0.37119	0.66999	0.0	0.522497	-0.852138	-0.0292736	0.0	-3.47419	-3.14646	-2.11428	0.359914	-0.14893900000000002	0.5921529999999999	-0.791942	0.0	0.24830700000000003	-0.752818	-0.609598	0.0	-0.9571629999999999	-0.287437	-0.0349115	0.0	2.1946	1.7003400000000002	1.96196	0.340575	
0	0.558998	0.36737800000000004	-0.74334	0.0	0.647465	0.366643	0.668104	0.0	0.517987	-0.8547549999999999	-0.032912199999999996	0.0	-3.4729099999999997	-3.17801	-2.1451700000000002	0.359766	-0.148874	0.5920479999999999	-0.792033	0.0	0.24808899999999998	-0.752979	-0.609487	0.0	-0.9572299999999999	-0.287231	-0.034781599999999996	0.0	2.19425	1.69915	1.96164	0.340567	
0	0.571749	0.353905	-0.740172	0.0	0.653792	0.348487	0.6716489999999999	0.0	0.495641	-0.867933	-0.032133	0.0	-3.4927	-3.28349	-2.1972099999999997	0.35930700000000004	-0.1478	0.5930449999999999	-0.791488	0.0	0.247322	-0.752688	-0.610157	0.0	-0.9575950000000001	-0.285933	-0.0354263	0.0	2.19118	1.6995200000000001	1.9554900000000002	0.340519	
0	0.6015659999999999	0.349396	-0.71836	0.0	0.654486	0.300018	0.6940000000000001	0.0	0.458002	-0.8876440000000001	-0.0481943	0.0	-3.50275	-3.3561400000000003	-2.2378099999999996	0.35865	-0.147559	0.5928859999999999	-0.791652	0.0	0.247061	-0.752944	-0.6099479999999999	0.0	-0.957699	-0.28559	-0.0353754	0.0	2.19067	1.6992900000000002	1.95507	0.340436	
0	0.6102310000000001	0.346564	-0.712398	0.0	0.6535	0.288123	0.6999449999999999	0.0	0.447834	-0.892681	-0.050658	0.0	-3.5050800000000004	-3.37305	-2.2406	0.358715	-0.147694	0.592765	-0.791717	0.0	0.246993	-0.753026	-0.609874	0.0	-0.9576959999999999	-0.285623	-0.0351911	0.0	2.19099	1.70038	1.9558400000000002	0.340441	
0	0.638072	0.326926	-0.697125	0.0	0.636817	0.28486100000000003	0.716462	0.0	0.43281400000000003	-0.9010959999999999	-0.026430099999999998	0.0	-3.5705199999999997	-3.51809	-2.26918	0.34886100000000003	-0.148332	0.590028	-0.79364	0.0	0.246214	-0.755214	-0.607478	0.0	-0.9577979999999999	-0.285514	-0.033251300000000004	0.0	2.19282	1.70197	1.9565400000000002	0.340517	
0	0.653705	0.339455	-0.676343	0.0	0.6143029999999999	0.283898	0.73623	0.0	0.441929	-0.896756	-0.0229428	0.0	-3.5804699999999996	-3.53266	-2.27447	0.34967800000000004	-0.148284	0.5893649999999999	-0.794142	0.0	0.245896	-0.7558279999999999	-0.6068439999999999	0.0	-0.957887	-0.285261	-0.032845	0.0	2.19587	1.7039099999999998	1.96055	0.340351	
0	0.6599689999999999	0.34086	-0.669519	0.0	0.60692	0.28336999999999996	0.742529	0.0	0.44282	-0.8963909999999999	-0.0198595	0.0	-3.5840099999999997	-3.54389	-2.2945599999999997	0.350244	-0.148292	0.588424	-0.794838	0.0	0.24561100000000002	-0.756629	-0.605961	0.0	-0.957959	-0.28508	-0.0323214	0.0	2.19735	1.7078799999999998	1.9628400000000001	0.34039	
0	0.675499	0.326896	-0.660939	0.0	0.6004520000000001	0.276387	0.750378	0.0	0.427971	-0.903742	-0.00958624	0.0	-3.57334	-3.57035	-2.2442599999999997	0.348767	-0.148741	0.587317	-0.7955720000000001	0.0	0.245085	-0.757526	-0.605052	0.0	-0.958024	-0.284979	-0.0312677	0.0	2.2008400000000004	1.7110299999999998	1.9697799999999999	0.34031500000000003	
0	0.6811119999999999	0.315735	-0.660604	0.0	0.5997640000000001	0.276914	0.750734	0.0	0.41996400000000006	-0.9075409999999999	-0.000757128	0.0	-3.5699099999999997	-3.58765	-2.2317099999999996	0.348192	-0.149081	0.5876899999999999	-0.795233	0.0	0.245125	-0.757154	-0.6055020000000001	0.0	-0.9579610000000001	-0.2852	-0.0311806	0.0	2.19909	1.71048	1.97043	0.340306	
0	0.708486	0.2729	-0.650825	0.0	0.594195	0.266892	0.75875	0.0	0.380763	-0.9242799999999999	0.026933299999999997	0.0	-3.5566400000000002	-3.5926199999999997	-2.24154	0.32215	-0.14896900000000002	0.588392	-0.7947350000000001	0.0	0.245153	-0.756636	-0.6061380000000001	0.0	-0.9579709999999999	-0.285127	-0.0315308	0.0	2.20038	1.71555	1.97193	0.34041	
0	0.720956	0.24562399999999998	-0.64799	0.0	0.5934689999999999	0.263948	0.760346	0.0	0.357795	-0.932738	0.0445245	0.0	-3.53764	-3.59781	-2.23245	0.320182	-0.149132	0.58843	-0.794676	0.0	0.245137	-0.756575	-0.60622	0.0	-0.95795	-0.28521199999999997	-0.0314164	0.0	2.1989	1.7148599999999998	1.97203	0.34047	
0	0.738679	0.21693400000000002	-0.638195	0.0	0.582364	0.271365	0.766299	0.0	0.33942	-0.93771	0.074117	0.0	-3.53784	-3.59277	-2.25877	0.29834	-0.14886300000000002	0.589537	-0.793906	0.0	0.24575	-0.755608	-0.6071770000000001	0.0	-0.957834	-0.285489	-0.0323966	0.0	2.19487	1.71107	1.9691	0.340487	
0	0.739625	0.22087600000000002	-0.635742	0.0	0.579466	0.271448	0.768463	0.0	0.342306	-0.936766	0.0727794	0.0	-3.54414	-3.5929300000000004	-2.2511400000000004	0.28802	-0.14870999999999998	0.589721	-0.793798	0.0	0.245542	-0.755564	-0.607316	0.0	-0.9579120000000001	-0.285225	-0.032441500000000005	0.0	2.1917299999999997	1.7069900000000002	1.9663	0.34051	
0	0.740019	0.21867899999999998	-0.636043	0.0	0.579553	0.272559	0.768004	0.0	0.341305	-0.936959	0.07496289999999999	0.0	-3.54855	-3.5922	-2.2589599999999996	0.274783	-0.148616	0.589237	-0.7941739999999999	0.0	0.245482	-0.755973	-0.606831	0.0	-0.957942	-0.28514	-0.0322974	0.0	2.19104	1.70567	1.9671900000000002	0.34058299999999997	
0	0.745591	0.195729	-0.637012	0.0	0.583276	0.270652	0.765857	0.0	0.322309	-0.94257	0.0876315	0.0	-3.5507199999999997	-3.58615	-2.28848	0.24981199999999998	-0.148841	0.58823	-0.794879	0.0	0.245017	-0.756829	-0.605952	0.0	-0.958026	-0.28494899999999995	-0.031479	0.0	2.19678	1.7119099999999998	1.97176	0.34037	
0	0.746254	0.195885	-0.636187	0.0	0.583727	0.266796	0.7668659999999999	0.0	0.31995	-0.943636	0.0847538	0.0	-3.54914	-3.58624	-2.28361	0.24978000000000003	-0.14886300000000002	0.588488	-0.7946840000000001	0.0	0.245004	-0.756631	-0.606204	0.0	-0.958026	-0.28494200000000003	-0.0315478	0.0	2.19581	1.71117	1.9726099999999998	0.340402	
0	0.745106	0.185558	-0.640614	0.0	0.5888909999999999	0.267862	0.762534	0.0	0.31309000000000003	-0.94542	0.0903123	0.0	-3.5381400000000003	-3.5856	-2.26594	0.24979400000000002	-0.149105	0.588485	-0.79464	0.0	0.24505	-0.7565649999999999	-0.606268	0.0	-0.957976	-0.285124	-0.0314014	0.0	2.19653	1.7133200000000002	1.97137	0.340472	
0	0.745152	0.191719	-0.6387430000000001	0.0	0.586803	0.266604	0.7645810000000001	0.0	0.31687600000000005	-0.9445459999999999	0.0861592	0.0	-3.54304	-3.58609	-2.25901	0.249756	-0.149273	0.5884020000000001	-0.79467	0.0	0.24490399999999998	-0.756633	-0.606241	0.0	-0.957987	-0.285114	-0.0311573	0.0	2.19691	1.71348	1.97232	0.340403	
0	0.733176	0.200819	-0.6497109999999999	0.0	0.595909	0.27057800000000004	0.756095	0.0	0.32763600000000004	-0.94152	0.0787115	0.0	-3.54884	-3.5865400000000003	-2.24211	0.249798	-0.14886	0.58915	-0.794193	0.0	0.245011	-0.756124	-0.606833	0.0	-0.958024	-0.28492	-0.0317914	0.0	2.19487	1.7100099999999998	1.97291	0.340442	
0	0.729544	0.20331400000000002	-0.653015	0.0	0.598183	0.27320900000000004	0.7533489999999999	0.0	0.33157600000000004	-0.940224	0.0776995	0.0	-3.5505699999999996	-3.5865699999999996	-2.22923	0.24979899999999997	-0.14891300000000002	0.589641	-0.7938189999999999	0.0	0.24507600000000002	-0.755717	-0.607314	0.0	-0.9579989999999999	-0.284983	-0.031971299999999994	0.0	2.19488	1.7099900000000001	1.97367	0.340526	
0	0.707882	0.210972	-0.674087	0.0	0.607212	0.305764	0.73335	0.0	0.36082800000000004	-0.9284389999999999	0.08834	0.0	-3.50555	-3.5861099999999997	-2.09456	0.24965700000000002	-0.148347	0.5909810000000001	-0.792928	0.0	0.245639	-0.754652	-0.60841	0.0	-0.957943	-0.28503	-0.033217500000000004	0.0	2.19338	1.70843	1.97174	0.34049	
0	0.67816	0.186308	-0.710907	0.0	0.6494439999999999	0.300838	0.6983689999999999	0.0	0.34398	-0.9353	0.0830199	0.0	-3.46615	-3.57091	-2.0609900000000003	0.24941	-0.148362	0.59242	-0.791851	0.0	0.246421	-0.75331	-0.609755	0.0	-0.9577399999999999	-0.285593	-0.0342226	0.0	2.18986	1.70609	1.9678	0.34049	
0	0.686107	0.180383	-0.704784	0.0	0.641357	0.307302	0.703012	0.0	0.343393	-0.934359	0.095152	0.0	-3.4691400000000003	-3.5597199999999996	-2.07335	0.24954099999999999	-0.148695	0.593704	-0.790826	0.0	0.24711599999999997	-0.752035	-0.611046	0.0	-0.957509	-0.286285	-0.034889699999999996	0.0	2.1884900000000003	1.70259	1.9666400000000002	0.340573	
