3	-0.134411	0.785822	-0.6036699999999999	0.0	0.155856	0.6183810000000001	0.770269	0.0	0.978592	0.00944656	-0.205592	0.0	-2.77972	1.9207900000000002	1.35656	2.88486e-05	-0.179325	0.703926	-0.687263	0.0	0.16776	-0.666475	-0.726407	0.0	-0.9693809999999999	-0.245558	0.00142455	0.0	2.64399	2.01717	1.5626	4.7625e-05	
3	-0.22529200000000002	0.725528	-0.650271	0.0	0.06976289999999999	0.677729	0.731995	0.0	0.9717899999999999	0.119548	-0.203302	0.0	-2.81006	1.86663	1.43422	0.0	-0.100437	0.6957409999999999	-0.711236	0.0	0.0583874	-0.709497	-0.702285	0.0	-0.9932290000000001	-0.11206300000000001	0.0306375	0.0	2.7337700000000003	1.9822099999999998	1.5822399999999999	0.0	
3	-0.250492	0.6889350000000001	-0.680164	0.0	0.00680801	0.7037979999999999	0.710367	0.0	0.968095	0.173311	-0.18098599999999998	0.0	-2.78935	1.85828	1.4504	0.0	-0.05952040000000001	0.685301	-0.725824	0.0	0.024334900000000003	-0.725901	-0.687369	0.0	-0.9979299999999999	-0.058575199999999994	0.0265291	0.0	2.78032	1.9929400000000002	1.5574	0.0	
3	-0.273429	0.720685	-0.637063	0.0	0.0336973	0.6690729999999999	0.742433	0.0	0.961302	0.181536	-0.207229	0.0	-2.7844599999999997	1.97718	1.48961	0.0	-0.000544012	0.6989479999999999	-0.715173	0.0	-0.026216500000000004	-0.7149369999999999	-0.698697	0.0	-0.999656	0.018369299999999998	0.018712799999999998	0.0	2.7865900000000003	2.11747	1.54645	0.0	
3	-0.179655	0.835683	-0.518997	0.0	0.121656	0.542405	0.8312620000000001	0.0	0.9761780000000001	0.0862005	-0.19911199999999998	0.0	-2.77352	2.03609	1.56721	0.34218699999999996	-0.0493413	0.7590020000000001	-0.649216	0.0	-0.030338099999999996	-0.6508470000000001	-0.758602	0.0	-0.9983209999999999	-0.0177345	0.0551403	0.0	2.72447	2.17358	1.62923	0.3177	
3	-0.11301900000000001	0.787292	-0.6061340000000001	0.0	0.0743628	0.615034	0.784986	0.0	0.990806	0.043644699999999995	-0.128056	0.0	-2.68749	1.9381099999999998	1.71243	-0.00681678	-0.113764	0.751406	-0.6499590000000001	0.0	0.0442643	-0.6497229999999999	-0.758881	0.0	-0.9925209999999999	-0.115103	0.04065440000000001	0.0	2.58181	2.11179	1.7347299999999999	0.00261964	
3	-0.141699	0.7677149999999999	-0.624929	0.0	0.0612566	0.636889	0.768518	0.0	0.9880129999999999	0.0706175	-0.137274	0.0	-2.78898	1.88375	1.70818	0.0	-0.09935089999999999	0.7549239999999999	-0.648243	0.0	0.0288053	-0.649011	-0.760234	0.0	-0.9946360000000001	-0.09420260000000001	0.0427339	0.0	2.6821	2.0436	1.7181	0.0	
3	-0.203452	0.750265	-0.629054	0.0	0.0330559	0.647389	0.761442	0.0	0.978527	0.134123	-0.156513	0.0	-2.75854	1.9735900000000002	1.6816799999999998	0.0	-0.058542	0.782496	-0.619898	0.0	-0.00895992	-0.62135	-0.783482	0.0	-0.998245	-0.0403123	0.043385900000000005	0.0	2.6073	2.05893	1.6896	0.0	
3	-0.205531	0.767879	-0.6067279999999999	0.0	0.067351	0.629592	0.774001	0.0	0.9763299999999999	0.118217	-0.181118	0.0	-2.78793	2.04047	1.66935	0.25606100000000004	-0.0280623	0.808396	-0.58797	0.0	0.0228488	-0.58753	-0.80888	0.0	-0.999345	-0.0361334	-0.00198358	0.0	2.63862	2.09687	1.6463599999999998	0.345882	
3	-0.192923	0.777104	-0.599075	0.0	0.0367798	0.615843	0.78701	0.0	0.980525	0.129798	-0.147392	0.0	-2.68145	2.06521	1.6687	0.35063	-0.0344316	0.819162	-0.572527	0.0	0.0272614	-0.5718840000000001	-0.819881	0.0	-0.999035	-0.0438376	-0.00264083	0.0	2.55482	2.07667	1.63115	0.354482	
3	-0.201904	0.788138	-0.581441	0.0	0.0648129	0.603118	0.7950149999999999	0.0	0.977259	0.122831	-0.172853	0.0	-2.6503200000000002	2.06664	1.6732799999999999	0.351626	-0.0405709	0.828518	-0.558491	0.0	0.048759	-0.556643	-0.8293200000000001	0.0	-0.997986	-0.0608776	-0.0178143	0.0	2.51693	2.0098700000000003	1.62266	0.354135	
3	-0.192679	0.789778	-0.582345	0.0	0.057976400000000004	0.601591	0.796697	0.0	0.979548	0.119745	-0.16170299999999999	0.0	-2.63959	2.0314900000000002	1.66976	0.350536	-0.051236699999999996	0.828778	-0.557227	0.0	0.061798900000000004	-0.5542590000000001	-0.830047	0.0	-0.9967729999999999	-0.0769648	-0.022819299999999997	0.0	2.49369	1.96433	1.60561	0.354317	
3	-0.18600000000000003	0.784049	-0.592175	0.0	0.0665012	0.611356	0.788557	0.0	0.980297	0.10729100000000001	-0.165852	0.0	-2.62601	1.9735	1.66567	0.349529	-0.060726300000000004	0.83019	-0.554164	0.0	0.077254	-0.549614	-0.831839	0.0	-0.99516	-0.09332589999999999	-0.030759500000000002	0.0	2.48293	1.9192599999999997	1.58776	0.354139	
3	-0.182035	0.780638	-0.5978859999999999	0.0	0.08088300000000001	0.617872	0.782108	0.0	0.97996	0.0940124	-0.17561500000000002	0.0	-2.64578	1.95515	1.64973	0.348128	-0.071492	0.831535	-0.550852	0.0	0.0990199	-0.543621	-0.83347	0.0	-0.9925139999999999	-0.114132	-0.0434742	0.0	2.49273	1.88045	1.55702	0.353933	
3	-0.187946	0.7719659999999999	-0.607243	0.0	0.07999049999999999	0.628238	0.773898	0.0	0.978917	0.0968777	-0.179825	0.0	-2.65	1.94513	1.63747	0.34815999999999997	-0.07487010000000001	0.833009	-0.548171	0.0	0.10544300000000001	-0.5400189999999999	-0.8350219999999999	0.0	-0.991603	-0.12031900000000001	-0.0474038	0.0	2.51684	1.85759	1.52367	0.353851	
3	-0.206215	0.754151	-0.623483	0.0	0.0666516	0.646524	0.759976	0.0	0.976234	0.11516199999999999	-0.183588	0.0	-2.65268	1.9435900000000002	1.6189	0.349348	-0.0719306	0.8315670000000001	-0.550747	0.0	0.10746700000000001	-0.542501	-0.833152	0.0	-0.991603	-0.11911600000000001	-0.0503438	0.0	2.5385	1.84844	1.50175	0.353711	
3	-0.235227	0.7195779999999999	-0.653357	0.0	0.0316024	0.6775260000000001	0.734819	0.0	0.971426	0.152202	-0.182113	0.0	-2.6459	1.9683700000000002	1.60128	0.350125	-0.0719733	0.825241	-0.560176	0.0	0.10410799999999999	-0.552349	-0.8270870000000001	0.0	-0.991958	-0.11784700000000001	-0.04616	0.0	2.58206	1.8617599999999999	1.48718	0.353964	
3	-0.24696300000000002	0.701684	-0.6683180000000001	0.0	0.016445599999999998	0.692617	0.721118	0.0	0.968885	0.167099	-0.18259	0.0	-2.62602	2.01593	1.60979	0.349256	-0.06977639999999999	0.8200049999999999	-0.568088	0.0	0.102046	-0.560621	-0.8217610000000001	0.0	-0.9923299999999999	-0.115311	-0.044560699999999995	0.0	2.60115	1.8895400000000002	1.50209	0.353813	
3	-0.253735	0.693264	-0.6745399999999999	0.0	0.00352269	0.698019	0.71607	0.0	0.967267	0.179316	-0.179554	0.0	-2.60222	2.04501	1.62049	0.348138	-0.0676278	0.8209770000000001	-0.5669420000000001	0.0	0.09864400000000001	-0.559956	-0.822629	0.0	-0.992822	-0.11155799999999999	-0.0431159	0.0	2.59855	1.90238	1.5170700000000001	0.353727	
3	-0.252652	0.701108	-0.666794	0.0	0.00809094	0.690659	0.7231350000000001	0.0	0.9675229999999999	0.177307	-0.180169	0.0	-2.5954900000000003	2.0521700000000003	1.62886	0.348553	-0.0698372	0.82424	-0.561918	0.0	0.103691	-0.554244	-0.8258709999999999	0.0	-0.9921549999999999	-0.115942	-0.0467597	0.0	2.57423	1.89743	1.52388	0.353583	
3	-0.251714	0.7065600000000001	-0.6613720000000001	0.0	0.017602700000000002	0.686605	0.726817	0.0	0.967642	0.171308	-0.185265	0.0	-2.59985	2.04177	1.6266	0.349511	-0.0688505	0.82596	-0.559509	0.0	0.10348099999999999	-0.551902	-0.827464	0.0	-0.992246	-0.11487	-0.0474723	0.0	2.56294	1.8849200000000002	1.52136	0.353566	
3	-0.24880500000000003	0.709361	-0.6594720000000001	0.0	0.0192252	0.684366	0.728885	0.0	0.968363	0.16867100000000002	-0.183911	0.0	-2.58704	2.00211	1.6089200000000001	0.34971199999999997	-0.07005750000000001	0.8261069999999999	-0.559142	0.0	0.1059	-0.551192	-0.82763	0.0	-0.991906	-0.11719500000000001	-0.0488691	0.0	2.5598099999999997	1.88297	1.52308	0.353511	
3	-0.246173	0.705725	-0.664343	0.0	0.0198648	0.688966	0.724522	0.0	0.969023	0.16516	-0.183624	0.0	-2.57345	1.95092	1.60832	0.35015300000000005	-0.07121210000000001	0.8259049999999999	-0.559294	0.0	0.106964	-0.551162	-0.827514	0.0	-0.9917100000000001	-0.118753	-0.049093	0.0	2.55985	1.88345	1.52243	0.353458	
3	-0.247102	0.7030890000000001	-0.666788	0.0	0.016628099999999996	0.691102	0.7225659999999999	0.0	0.9688469999999999	0.16746	-0.18246400000000002	0.0	-2.56886	1.9425400000000002	1.6133899999999999	0.349812	-0.0709463	0.8274790000000001	-0.5569970000000001	0.0	0.106975	-0.548872	-0.829033	0.0	-0.991727	-0.118402	-0.0495795	0.0	2.5586	1.8839599999999999	1.51925	0.353525	
3	-0.24649200000000002	0.698833	-0.6714720000000001	0.0	0.0123757	0.695063	0.718842	0.0	0.969066	0.168879	-0.179976	0.0	-2.55861	1.9309	1.62405	0.349487	-0.0727711	0.828734	-0.554892	0.0	0.11123399999999999	-0.5461520000000001	-0.830268	0.0	-0.9911260000000001	-0.122142	-0.0524395	0.0	2.54712	1.8645900000000002	1.51362	0.35341300000000003	
3	-0.24800999999999998	0.6987909999999999	-0.670956	0.0	0.017134	0.69565	0.718176	0.0	0.968606	0.16661900000000002	-0.184502	0.0	-2.5636799999999997	1.9431599999999998	1.61784	0.349893	-0.0720735	0.827522	-0.5567880000000001	0.0	0.111457	-0.548061	-0.8289790000000001	0.0	-0.991152	-0.121805	-0.0527327	0.0	2.54891	1.8659599999999998	1.51547	0.35336100000000004	
3	-0.24820599999999998	0.695483	-0.674313	0.0	0.0157428	0.6989	0.715047	0.0	0.9685799999999999	0.166863	-0.18442	0.0	-2.56829	1.94725	1.61527	0.349654	-0.0728499	0.8236610000000001	-0.562384	0.0	0.110626	-0.55373	-0.8253159999999999	0.0	-0.991189	-0.12233800000000002	-0.0507794	0.0	2.55585	1.87822	1.52217	0.35325500000000004	
3	-0.249575	0.692439	-0.6769350000000001	0.0	0.010212100000000002	0.7008989999999999	0.713187	0.0	0.968302	0.17108099999999998	-0.181998	0.0	-2.56917	1.95032	1.61839	0.349157	-0.07221380000000001	0.8211299999999999	-0.566155	0.0	0.108248	-0.5578310000000001	-0.822865	0.0	-0.991498	-0.120707	-0.0486028	0.0	2.5663099999999996	1.8962	1.53122	0.35331599999999996	
3	-0.2636	0.670017	-0.693969	0.0	-0.024094900000000002	0.714615	0.699103	0.0	0.9643309999999999	0.201004	-0.172228	0.0	-2.54255	1.9626	1.61392	0.344564	-0.0710505	0.820127	-0.567754	0.0	0.105702	-0.559797	-0.8218610000000001	0.0	-0.991856	-0.118406	-0.0469152	0.0	2.57259	1.9089200000000002	1.53811	0.353987	
3	-0.264766	0.661989	-0.701192	0.0	-0.027649599999999996	0.721631	0.6917260000000001	0.0	0.963916	0.202533	-0.172759	0.0	-2.53105	1.9608	1.61699	0.343699	-0.0574052	0.81328	-0.579033	0.0	0.09660149999999999	-0.5727439999999999	-0.8140229999999999	0.0	-0.9936659999999999	-0.102665	-0.0456856	0.0	2.5731599999999997	1.90865	1.5289	0.354948	
3	-0.26464499999999996	0.662007	-0.701221	0.0	-0.0274039	0.7216899999999999	0.691674	0.0	0.963957	0.202264	-0.17285	0.0	-2.53156	1.9609999999999999	1.6169200000000001	0.343835	-0.0573378	0.81325	-0.579082	0.0	0.09663530000000001	-0.572792	-0.8139850000000001	0.0	-0.993667	-0.10263199999999999	-0.0457462	0.0	2.5732	1.9084900000000002	1.5293	0.35494499999999995	
3	-0.26464499999999996	0.662007	-0.701221	0.0	-0.0274036	0.7216899999999999	0.691674	0.0	0.963957	0.202264	-0.17285	0.0	-2.53156	1.9609999999999999	1.6169200000000001	0.34383600000000003	-0.0573369	0.81325	-0.579083	0.0	0.0966352	-0.572792	-0.813984	0.0	-0.993667	-0.102631	-0.045746499999999996	0.0	2.5732	1.9084900000000002	1.52931	0.35494499999999995	
3	-0.26464499999999996	0.662007	-0.701221	0.0	-0.027403700000000003	0.7216899999999999	0.691674	0.0	0.963957	0.202264	-0.17285	0.0	-2.53156	1.9609999999999999	1.6169200000000001	0.343835	-0.0573367	0.81325	-0.579083	0.0	0.0966352	-0.572792	-0.813984	0.0	-0.993667	-0.102631	-0.045746499999999996	0.0	2.5732	1.9084900000000002	1.52931	0.35494499999999995	
3	-0.26464499999999996	0.662007	-0.701221	0.0	-0.0274036	0.7216899999999999	0.691674	0.0	0.963957	0.202264	-0.17285	0.0	-2.53156	1.96101	1.6169200000000001	0.343835	-0.0573367	0.81325	-0.579083	0.0	0.0966352	-0.572792	-0.813984	0.0	-0.993667	-0.102631	-0.045746499999999996	0.0	2.5732	1.9084900000000002	1.5293	0.35494499999999995	
3	-0.26464499999999996	0.662007	-0.701221	0.0	-0.027403700000000003	0.7216899999999999	0.691674	0.0	0.963957	0.202264	-0.17285	0.0	-2.53156	1.9609999999999999	1.6169200000000001	0.34383400000000003	-0.0573367	0.81325	-0.579083	0.0	0.09663530000000001	-0.572792	-0.813984	0.0	-0.993667	-0.102631	-0.045746499999999996	0.0	2.5732	1.9084900000000002	1.5293	0.35494499999999995	
3	-0.26464499999999996	0.662007	-0.701221	0.0	-0.0274035	0.7216899999999999	0.691674	0.0	0.963957	0.202264	-0.17285	0.0	-2.53156	1.9609999999999999	1.6169200000000001	0.343835	-0.0573367	0.81325	-0.579083	0.0	0.09663530000000001	-0.572792	-0.813984	0.0	-0.993667	-0.102631	-0.0457466	0.0	2.5732	1.9084900000000002	1.5293	0.354944	
3	-0.26464499999999996	0.662007	-0.701221	0.0	-0.0274036	0.7216899999999999	0.691674	0.0	0.963957	0.202264	-0.17285	0.0	-2.53156	1.9609999999999999	1.6169200000000001	0.343835	-0.0573367	0.81325	-0.579083	0.0	0.09663530000000001	-0.572792	-0.813984	0.0	-0.993667	-0.102631	-0.0457466	0.0	2.5732	1.9084900000000002	1.52931	0.354944	
3	-0.26464499999999996	0.662007	-0.701221	0.0	-0.027403399999999998	0.7216899999999999	0.691674	0.0	0.963957	0.202264	-0.17285	0.0	-2.53156	1.9609999999999999	1.6169200000000001	0.343835	-0.0573367	0.81325	-0.579083	0.0	0.09663530000000001	-0.572792	-0.813984	0.0	-0.993667	-0.102631	-0.045746499999999996	0.0	2.5732	1.9084900000000002	1.5293	0.354946	
3	-0.26464499999999996	0.662007	-0.701221	0.0	-0.0274035	0.7216899999999999	0.691674	0.0	0.963957	0.202264	-0.17285	0.0	-2.53156	1.9609999999999999	1.6169200000000001	0.343835	-0.0573367	0.81325	-0.579083	0.0	0.0966352	-0.572792	-0.813984	0.0	-0.993667	-0.102631	-0.045746499999999996	0.0	2.5732	1.9084900000000002	1.52931	0.35494499999999995	
3	-0.26464499999999996	0.662007	-0.701221	0.0	-0.0274035	0.7216899999999999	0.691674	0.0	0.963957	0.202264	-0.17285	0.0	-2.53156	1.9609999999999999	1.6169200000000001	0.343835	-0.0573367	0.81325	-0.579083	0.0	0.09663530000000001	-0.572792	-0.813984	0.0	-0.993667	-0.102631	-0.0457466	0.0	2.5732	1.9084900000000002	1.52931	0.35494499999999995	
3	-0.26464499999999996	0.662007	-0.701221	0.0	-0.0274035	0.7216899999999999	0.691674	0.0	0.963957	0.202264	-0.17285	0.0	-2.53156	1.9609999999999999	1.6169200000000001	0.343835	-0.0573367	0.81325	-0.579083	0.0	0.09663530000000001	-0.572792	-0.813984	0.0	-0.993667	-0.102631	-0.045746499999999996	0.0	2.5732	1.9084900000000002	1.52931	0.35494499999999995	
3	-0.26464499999999996	0.662007	-0.701221	0.0	-0.027403399999999998	0.7216899999999999	0.691674	0.0	0.963957	0.202264	-0.17285	0.0	-2.53156	1.9609999999999999	1.6169200000000001	0.343835	-0.0573367	0.81325	-0.579083	0.0	0.09663530000000001	-0.572792	-0.813984	0.0	-0.993667	-0.102631	-0.045746499999999996	0.0	2.5732	1.9084900000000002	1.5293	0.354946	
3	-0.26464499999999996	0.662007	-0.701221	0.0	-0.0274036	0.7216899999999999	0.691674	0.0	0.963957	0.202264	-0.17285	0.0	-2.53156	1.9609999999999999	1.6169200000000001	0.343835	-0.0573367	0.81325	-0.579083	0.0	0.09663530000000001	-0.572792	-0.813984	0.0	-0.993667	-0.102631	-0.0457466	0.0	2.5732	1.9084900000000002	1.5293	0.354944	
3	-0.26464499999999996	0.662007	-0.701221	0.0	-0.027403399999999998	0.7216899999999999	0.691674	0.0	0.963957	0.202264	-0.17285	0.0	-2.53156	1.9609999999999999	1.6169200000000001	0.343835	-0.0573367	0.81325	-0.579083	0.0	0.09663530000000001	-0.572792	-0.813984	0.0	-0.993667	-0.102631	-0.045746800000000004	0.0	2.5732	1.9084900000000002	1.5293	0.35494499999999995	
3	-0.26464499999999996	0.662007	-0.701221	0.0	-0.0274036	0.7216899999999999	0.691674	0.0	0.963957	0.202264	-0.17285	0.0	-2.53156	1.9609999999999999	1.6169200000000001	0.343835	-0.0573367	0.81325	-0.579083	0.0	0.0966352	-0.572792	-0.813984	0.0	-0.993667	-0.102631	-0.045746499999999996	0.0	2.5732	1.9084900000000002	1.5293	0.35494499999999995	
3	-0.264644	0.662007	-0.701221	0.0	-0.027403399999999998	0.7216899999999999	0.691674	0.0	0.963957	0.202264	-0.17285	0.0	-2.53156	1.9609999999999999	1.6169200000000001	0.343835	-0.0573367	0.81325	-0.579083	0.0	0.09663530000000001	-0.572792	-0.813984	0.0	-0.993667	-0.102631	-0.0457467	0.0	2.5732	1.9084900000000002	1.52931	0.354946	
3	-0.26464499999999996	0.662007	-0.701221	0.0	-0.027403399999999998	0.7216899999999999	0.691674	0.0	0.963957	0.202264	-0.17285	0.0	-2.53156	1.9609999999999999	1.6169200000000001	0.343835	-0.0573367	0.81325	-0.579083	0.0	0.09663530000000001	-0.572792	-0.813984	0.0	-0.993667	-0.102631	-0.0457466	0.0	2.5732	1.9084900000000002	1.5293	0.35494499999999995	
3	-0.26464499999999996	0.662007	-0.701221	0.0	-0.0274036	0.7216899999999999	0.691674	0.0	0.963957	0.202264	-0.17285	0.0	-2.53156	1.9609999999999999	1.6169200000000001	0.343835	-0.0573367	0.81325	-0.579083	0.0	0.09663530000000001	-0.572792	-0.813984	0.0	-0.993667	-0.102631	-0.045746499999999996	0.0	2.5732	1.9084900000000002	1.52931	0.35494499999999995	
3	-0.26464499999999996	0.662007	-0.701221	0.0	-0.027403399999999998	0.7216899999999999	0.691674	0.0	0.963957	0.202264	-0.17285	0.0	-2.53156	1.96101	1.6169200000000001	0.343835	-0.0573367	0.81325	-0.579083	0.0	0.09663530000000001	-0.572792	-0.813984	0.0	-0.993667	-0.102631	-0.0457466	0.0	2.5732	1.9084900000000002	1.5293	0.35494499999999995	
3	-0.26464499999999996	0.662007	-0.701221	0.0	-0.027403399999999998	0.7216899999999999	0.691674	0.0	0.963957	0.202264	-0.17285	0.0	-2.53156	1.96101	1.6169200000000001	0.343835	-0.0573367	0.81325	-0.579083	0.0	0.0966352	-0.572792	-0.813984	0.0	-0.993667	-0.102631	-0.045746499999999996	0.0	2.5732	1.9084900000000002	1.5293	0.35494499999999995	
3	-0.26464499999999996	0.662007	-0.701221	0.0	-0.0274036	0.7216899999999999	0.691674	0.0	0.963957	0.202264	-0.17285	0.0	-2.53156	1.96101	1.6169200000000001	0.343835	-0.0573367	0.81325	-0.579083	0.0	0.09663530000000001	-0.572792	-0.813984	0.0	-0.993667	-0.102631	-0.045746499999999996	0.0	2.5732	1.9084900000000002	1.5293	0.35494499999999995	
3	-0.359546	0.358663	-0.8614450000000001	0.0	-0.11036900000000001	0.9003549999999999	0.42092799999999997	0.0	0.9265770000000001	0.24641999999999997	-0.284134	0.0	-2.48857	1.9256799999999998	1.5966	0.344038	-0.09211799999999999	0.641779	-0.761337	0.0	0.0458634	-0.761042	-0.647079	0.0	-0.994691	-0.094525	0.040671399999999996	0.0	2.55417	1.9514200000000002	1.56703	0.32228	
3	-0.339314	0.38049299999999997	-0.8602850000000001	0.0	-0.0377292	0.908301	0.416612	0.0	0.939916	0.17382	-0.293844	0.0	-2.4987	1.8795	1.62775	0.353631	-0.0972719	0.643649	-0.7591140000000001	0.0	0.05573959999999999	-0.758011	-0.649856	0.0	-0.9936959999999999	-0.105525	0.03785619999999999	0.0	2.5585400000000003	1.9337400000000002	1.58131	0.322187	
3	-0.260921	0.38304	-0.886115	0.0	0.0970218	0.9236690000000001	0.370705	0.0	0.9604719999999999	0.0107522	-0.27816799999999997	0.0	-2.5644299999999998	1.75905	1.6461599999999998	0.359504	-0.09775729999999999	0.658266	-0.7464109999999999	0.0	0.07996030000000001	-0.742383	-0.665187	0.0	-0.991993	-0.12470999999999999	0.019938	0.0	2.5772	1.9182700000000001	1.55592	0.323034	
3	-0.158072	0.389206	-0.907487	0.0	0.240468	0.906545	0.346916	0.0	0.9577	-0.163384	-0.236891	0.0	-2.67361	1.58131	1.58455	0.36239699999999997	-0.0999326	0.6657	-0.739498	0.0	0.09431289999999999	-0.733535	-0.673077	0.0	-0.9905139999999999	-0.137006	0.0105198	0.0	2.57882	1.8870900000000002	1.51585	0.32527399999999995	
3	-0.0880081	0.381073	-0.9203459999999999	0.0	0.383944	0.865519	0.321657	0.0	0.9191520000000001	-0.32505300000000004	-0.22248400000000002	0.0	-2.85659	1.34264	1.4426	0.363956	-0.102782	0.66746	-0.7375189999999999	0.0	0.0991962	-0.7308720000000001	-0.675268	0.0	-0.9897459999999999	-0.142564	0.00891088	0.0	2.57342	1.8555700000000002	1.48614	0.32803499999999997	
3	-0.05685740000000001	0.360602	-0.9309850000000001	0.0	0.489257	0.8229129999999999	0.28886300000000004	0.0	0.8702850000000001	-0.439067	-0.223216	0.0	-3.04213	1.09402	1.21789	0.36396999999999996	-0.105919	0.666745	-0.737721	0.0	0.102519	-0.7306189999999999	-0.675045	0.0	-0.9890760000000001	-0.14713099999999998	0.00903161	0.0	2.5634	1.8302	1.4815200000000002	0.329832	
3	-0.036237	0.359862	-0.9323020000000001	0.0	0.535391	0.794726	0.28594899999999995	0.0	0.8438260000000001	-0.488784	-0.221466	0.0	-3.14615	0.9190389999999999	1.06272	0.363979	-0.10776500000000001	0.6661739999999999	-0.73797	0.0	0.103208	-0.7307859999999999	-0.67476	0.0	-0.9888049999999999	-0.14887999999999998	0.00999908	0.0	2.56537	1.8249900000000001	1.49328	0.330584	
3	0.0082268	0.3397	-0.940498	0.0	0.653381	0.710164	0.262221	0.0	0.756984	-0.616661	-0.21611100000000003	0.0	-3.39278	0.362306	0.604773	0.363993	-0.111175	0.664825	-0.73868	0.0	0.108402	-0.73074	-0.673994	0.0	-0.9878709999999999	-0.155006	0.00917166	0.0	2.57495	1.81611	1.5182799999999999	0.331773	
3	0.0326082	0.341579	-0.9392870000000001	0.0	0.668994	0.690752	0.274422	0.0	0.742552	-0.6373260000000001	-0.20599	0.0	-3.50699	-0.0835193	0.215398	0.363981	-0.112751	0.662716	-0.740334	0.0	0.11040799999999999	-0.732116	-0.6721739999999999	0.0	-0.9874700000000001	-0.157527	0.00937763	0.0	2.58629	1.8203200000000002	1.51757	0.331543	
3	0.0719785	0.349783	-0.9340620000000001	0.0	0.6942189999999999	0.654848	0.29872	0.0	0.716156	-0.669945	-0.195691	0.0	-3.5484699999999996	-0.427019	-0.06449529999999999	0.363977	-0.113199	0.660149	-0.742556	0.0	0.111273	-0.7342350000000001	-0.669714	0.0	-0.9873219999999999	-0.158437	0.00965786	0.0	2.60121	1.8308099999999998	1.5121200000000001	0.331329	
3	0.127348	0.373754	-0.918744	0.0	0.735572	0.585793	0.340265	0.0	0.665369	-0.7191350000000001	-0.200323	0.0	-3.55991	-0.82501	-0.382963	0.36398400000000003	-0.113724	0.658011	-0.744371	0.0	0.11049	-0.736208	-0.667675	0.0	-0.987349	-0.158176	0.0110206	0.0	2.61824	1.8492	1.5158	0.331403	
3	0.16484300000000002	0.403485	-0.900015	0.0	0.7474970000000001	0.544219	0.380886	0.0	0.643487	-0.735545	-0.21189299999999997	0.0	-3.4811900000000002	-1.00594	-0.5703010000000001	0.36239	-0.11383199999999999	0.658234	-0.744157	0.0	0.10994100000000001	-0.7360800000000001	-0.6679069999999999	0.0	-0.987398	-0.157842	0.011422499999999999	0.0	2.62342	1.85805	1.51819	0.331424	
3	0.244128	0.44460500000000003	-0.861817	0.0	0.775457	0.444133	0.44878999999999997	0.0	0.582295	-0.777864	-0.23634699999999997	0.0	-3.35647	-1.2186	-0.9332959999999999	0.36080300000000004	-0.115496	0.6581359999999999	-0.743988	0.0	0.111693	-0.735645	-0.668095	0.0	-0.987008	-0.160261	0.011455	0.0	2.6261900000000002	1.86391	1.5232299999999999	0.33133	
3	0.295584	0.46948500000000004	-0.831994	0.0	0.781827	0.38159	0.493088	0.0	0.548978	-0.7962239999999999	-0.254264	0.0	-3.25241	-1.38484	-1.1429200000000002	0.359711	-0.118067	0.657572	-0.7440829999999999	0.0	0.11335899999999999	-0.7355	-0.667974	0.0	-0.9865139999999999	-0.163214	0.012297	0.0	2.63505	1.87104	1.54063	0.330828	
3	0.332009	0.498907	-0.800539	0.0	0.7819520000000001	0.329084	0.529391	0.0	0.527562	-0.8017449999999999	-0.28086300000000003	0.0	-3.19798	-1.45482	-1.2989	0.35901900000000003	-0.119256	0.657987	-0.743526	0.0	0.11208499999999999	-0.735161	-0.668562	0.0	-0.986517	-0.16306800000000002	0.0139215	0.0	2.64445	1.8830099999999999	1.54964	0.330677	
3	0.399096	0.521133	-0.754416	0.0	0.771675	0.253479	0.583324	0.0	0.495217	-0.814966	-0.300983	0.0	-3.12856	-1.5277	-1.4847700000000001	0.357662	-0.120332	0.657986	-0.743354	0.0	0.10993699999999999	-0.7353569999999999	-0.668704	0.0	-0.9866280000000001	-0.162189	0.0161499	0.0	2.65047	1.8897099999999998	1.55654	0.33013200000000004	
3	0.485782	0.543683	-0.684415	0.0	0.7336229999999999	0.17208299999999999	0.657408	0.0	0.47519799999999995	-0.821459	-0.315264	0.0	-3.1114599999999997	-1.60901	-1.6581400000000002	0.35203	-0.12103399999999999	0.659756	-0.7416689999999999	0.0	0.10905799999999999	-0.733801	-0.670554	0.0	-0.9866389999999999	-0.162045	0.016862799999999997	0.0	2.65455	1.89605	1.56285	0.33008200000000004	
3	0.49325399999999997	0.5936239999999999	-0.6358550000000001	0.0	0.696583	0.168276	0.697463	0.0	0.52103	-0.7869520000000001	-0.330506	0.0	-3.13634	-1.6166399999999999	-1.78092	0.337418	-0.121573	0.659578	-0.741739	0.0	0.108128	-0.734035	-0.670449	0.0	-0.986676	-0.161711	0.017919900000000002	0.0	2.65442	1.8953400000000002	1.56582	0.330044	
3	0.606008	0.596166	-0.5266310000000001	0.0	0.612561	0.0726053	0.787082	0.0	0.507467	-0.7995720000000001	-0.32118800000000003	0.0	-3.04737	-1.57968	-1.919	0.34366599999999997	-0.121749	0.660384	-0.740993	0.0	0.10798699999999999	-0.733302	-0.671273	0.0	-0.986669	-0.161745	0.017965900000000003	0.0	2.65496	1.8997400000000002	1.56453	0.329863	
3	0.664391	0.5662010000000001	-0.487854	0.0	0.553826	0.0653356	0.8300649999999999	0.0	0.501857	-0.821674	-0.27016799999999996	0.0	-2.99658	-1.61859	-1.8890900000000002	0.344021	-0.12172100000000001	0.661329	-0.740155	0.0	0.108162	-0.732421	-0.6722060000000001	0.0	-0.9866540000000001	-0.161878	0.0176196	0.0	2.65695	1.9043	1.56219	0.329997	
3	0.6724720000000001	0.5586399999999999	-0.48549200000000003	0.0	0.54888	0.0636185	0.833476	0.0	0.4965	-0.826967	-0.263845	0.0	-2.98199	-1.62822	-1.8718	0.344377	-0.12205999999999999	0.661155	-0.740254	0.0	0.10848599999999999	-0.732475	-0.672095	0.0	-0.986576	-0.16234300000000002	0.0176792	0.0	2.6560200000000003	1.9030799999999999	1.56034	0.329883	
3	0.6753140000000001	0.556358	-0.484166	0.0	0.5440619999999999	0.067422	0.836332	0.0	0.49794399999999994	-0.828203	-0.257162	0.0	-2.9815	-1.65969	-1.8086	0.344455	-0.122054	0.660136	-0.741164	0.0	0.108176	-0.7334510000000001	-0.67108	0.0	-0.986611	-0.16208399999999998	0.0181093	0.0	2.65866	1.9078	1.56063	0.329798	
3	0.67547	0.55712	-0.48307100000000003	0.0	0.542612	0.06806219999999999	0.8372219999999999	0.0	0.499312	-0.8276379999999999	-0.256326	0.0	-2.9797599999999997	-1.6699599999999999	-1.78571	0.344339	-0.121753	0.6605439999999999	-0.740849	0.0	0.10757	-0.733225	-0.671424	0.0	-0.986714	-0.161441	0.0182176	0.0	2.65965	1.90857	1.5626799999999998	0.330018	
3	0.675818	0.5601689999999999	-0.47904300000000005	0.0	0.53998	0.06609789999999999	0.8390780000000001	0.0	0.501689	-0.825738	-0.25781	0.0	-2.98717	-1.68052	-1.76055	0.344256	-0.12063	0.661193	-0.740454	0.0	0.1066	-0.7329600000000001	-0.671868	0.0	-0.986957	-0.15997999999999998	0.0179337	0.0	2.65342	1.9058	1.5604200000000001	0.329856	
3	0.675876	0.560029	-0.47912299999999997	0.0	0.540026	0.06609830000000001	0.8390489999999999	0.0	0.5015609999999999	-0.825832	-0.257756	0.0	-2.9868	-1.6803599999999999	-1.761	0.34425	-0.12063099999999999	0.661229	-0.740422	0.0	0.10655	-0.7329359999999999	-0.671902	0.0	-0.9869629999999999	-0.159944	0.0179604	0.0	2.65374	1.90598	1.56043	0.329865	
3	0.6758770000000001	0.560029	-0.47912299999999997	0.0	0.540026	0.066098	0.8390489999999999	0.0	0.5015609999999999	-0.825832	-0.257756	0.0	-2.9868	-1.68035	-1.76101	0.34425	-0.12063099999999999	0.661229	-0.740422	0.0	0.10655	-0.7329359999999999	-0.671903	0.0	-0.9869629999999999	-0.159944	0.0179604	0.0	2.65374	1.90598	1.56043	0.329865	
3	0.675876	0.560029	-0.47912299999999997	0.0	0.540026	0.066098	0.8390489999999999	0.0	0.5015609999999999	-0.825832	-0.257756	0.0	-2.9868	-1.68035	-1.76101	0.34425	-0.12063099999999999	0.661229	-0.740422	0.0	0.10655	-0.7329359999999999	-0.671903	0.0	-0.9869629999999999	-0.159944	0.0179604	0.0	2.65374	1.90598	1.56043	0.329864	
3	0.675876	0.560029	-0.47912299999999997	0.0	0.540026	0.066098	0.8390489999999999	0.0	0.5015609999999999	-0.825832	-0.257756	0.0	-2.9868	-1.68035	-1.76101	0.34425	-0.12063	0.661229	-0.740422	0.0	0.10655	-0.732935	-0.671902	0.0	-0.9869629999999999	-0.159944	0.0179604	0.0	2.65374	1.90598	1.56043	0.329865	
3	0.675876	0.560029	-0.47912299999999997	0.0	0.540026	0.066098	0.8390489999999999	0.0	0.5015609999999999	-0.825832	-0.257756	0.0	-2.9868	-1.68035	-1.76101	0.34425	-0.12063	0.661229	-0.740422	0.0	0.10655	-0.732935	-0.671903	0.0	-0.9869629999999999	-0.159944	0.0179604	0.0	2.65374	1.90598	1.56043	0.329864	
3	0.675876	0.560029	-0.47912299999999997	0.0	0.540026	0.066098	0.8390489999999999	0.0	0.5015609999999999	-0.825832	-0.257756	0.0	-2.9868	-1.68035	-1.76101	0.34425	-0.12063	0.661229	-0.740422	0.0	0.10655	-0.7329359999999999	-0.671903	0.0	-0.9869629999999999	-0.159943	0.017960499999999997	0.0	2.65374	1.90598	1.56043	0.329865	
3	0.675876	0.560029	-0.47912299999999997	0.0	0.540026	0.066098	0.8390489999999999	0.0	0.5015609999999999	-0.825832	-0.257756	0.0	-2.9868	-1.68035	-1.76101	0.34425	-0.12063	0.661229	-0.740422	0.0	0.10655	-0.7329359999999999	-0.671903	0.0	-0.9869629999999999	-0.159943	0.017960499999999997	0.0	2.65374	1.90598	1.56043	0.329865	
3	0.675876	0.560029	-0.47912299999999997	0.0	0.540026	0.066098	0.8390489999999999	0.0	0.5015609999999999	-0.825832	-0.257756	0.0	-2.9868	-1.68035	-1.76101	0.34425	-0.12063	0.661229	-0.740422	0.0	0.10655	-0.7329359999999999	-0.671903	0.0	-0.9869629999999999	-0.159943	0.017960499999999997	0.0	2.65374	1.90598	1.56043	0.329865	
3	0.6758770000000001	0.560029	-0.47912299999999997	0.0	0.540026	0.066098	0.8390489999999999	0.0	0.5015609999999999	-0.825832	-0.257756	0.0	-2.9868	-1.68035	-1.76101	0.34424899999999997	-0.12063	0.661229	-0.740422	0.0	0.10655	-0.7329359999999999	-0.671903	0.0	-0.9869629999999999	-0.159943	0.017960499999999997	0.0	2.65374	1.90598	1.56043	0.329865	
3	0.675876	0.560029	-0.47912299999999997	0.0	0.540026	0.066098	0.8390489999999999	0.0	0.5015609999999999	-0.825832	-0.257756	0.0	-2.9868	-1.68035	-1.76101	0.34424899999999997	-0.12063099999999999	0.661229	-0.740422	0.0	0.10655	-0.7329359999999999	-0.671903	0.0	-0.9869629999999999	-0.159944	0.0179604	0.0	2.65374	1.90598	1.56043	0.329865	
3	0.675876	0.560029	-0.47912299999999997	0.0	0.540026	0.066098	0.8390489999999999	0.0	0.5015609999999999	-0.825832	-0.257756	0.0	-2.9868	-1.68035	-1.76101	0.34424899999999997	-0.12063	0.661229	-0.740422	0.0	0.10655	-0.732935	-0.671902	0.0	-0.9869629999999999	-0.159944	0.017960499999999997	0.0	2.65374	1.90598	1.56043	0.329864	
3	0.675876	0.560029	-0.47912299999999997	0.0	0.540026	0.066098	0.8390489999999999	0.0	0.5015609999999999	-0.825832	-0.257756	0.0	-2.9868	-1.68035	-1.76101	0.34425	-0.12063	0.661229	-0.740422	0.0	0.10655	-0.732935	-0.671903	0.0	-0.9869629999999999	-0.159943	0.0179604	0.0	2.65374	1.90598	1.56043	0.329864	
3	0.675876	0.560029	-0.47912299999999997	0.0	0.540026	0.066098	0.8390489999999999	0.0	0.5015609999999999	-0.825832	-0.257756	0.0	-2.9868	-1.68035	-1.76101	0.34424899999999997	-0.12063	0.661229	-0.740422	0.0	0.10655	-0.732935	-0.671902	0.0	-0.9869629999999999	-0.159944	0.0179604	0.0	2.65374	1.90598	1.56043	0.329865	
3	0.41348100000000004	0.5899810000000001	-0.693509	0.0	0.6295149999999999	0.365059	0.6858890000000001	0.0	0.657833	-0.720176	-0.22045700000000001	0.0	-3.0125900000000003	-1.71233	-1.81655	0.350472	-0.145558	0.680172	-0.7184560000000001	0.0	0.126848	-0.7073659999999999	-0.6953729999999999	0.0	-0.9811840000000001	-0.192352	0.0166842	0.0	2.63118	1.9467299999999998	1.60364	0.328347	
3	0.32159899999999997	0.58109	-0.7476010000000001	0.0	0.640649	0.447854	0.623695	0.0	0.697239	-0.67953	-0.228246	0.0	-3.03603	-1.7032599999999998	-1.86595	0.351473	-0.14285699999999998	0.677469	-0.721545	0.0	0.12488099999999999	-0.710858	-0.69216	0.0	-0.981833	-0.18898800000000002	0.016947900000000002	0.0	2.63357	1.95367	1.5832899999999999	0.328399	
3	0.331129	0.579961	-0.744311	0.0	0.6420779999999999	0.43953400000000004	0.62813	0.0	0.691441	-0.685897	-0.226838	0.0	-3.0497	-1.70973	-1.90376	0.35138800000000003	-0.143377	0.677667	-0.721256	0.0	0.125305	-0.71049	-0.692461	0.0	-0.9817040000000001	-0.18966	0.016953299999999998	0.0	2.63426	1.95695	1.58112	0.328362	
3	0.4026	0.568153	-0.717715	0.0	0.637965	0.388119	0.6651050000000001	0.0	0.6564409999999999	-0.725648	-0.20620500000000003	0.0	-3.11559	-1.76902	-1.9865599999999999	0.349141	-0.14330299999999999	0.6788310000000001	-0.720176	0.0	0.125526	-0.7093430000000001	-0.693597	0.0	-0.9816860000000001	-0.189795	0.0164399	0.0	2.63416	1.95767	1.58122	0.328698	
3	0.44709799999999994	0.55014	-0.7053010000000001	0.0	0.6429020000000001	0.350586	0.6810039999999999	0.0	0.621916	-0.757915	-0.19694	0.0	-3.18701	-1.8630900000000001	-2.07477	0.350022	-0.14318	0.67879	-0.7202390000000001	0.0	0.124623	-0.709579	-0.6935180000000001	0.0	-0.981819	-0.189056	0.017005000000000003	0.0	2.63278	1.95445	1.57969	0.328999	
3	0.460934	0.54222	-0.702522	0.0	0.641572	0.34333400000000003	0.685936	0.0	0.6131270000000001	-0.766889	-0.189619	0.0	-3.2636700000000003	-1.9334900000000002	-2.14679	0.350273	-0.143197	0.67808	-0.720904	0.0	0.125003	-0.710186	-0.692828	0.0	-0.981768	-0.189326	0.0169342	0.0	2.63357	1.9547	1.57787	0.32900300000000005	
3	0.48926099999999995	0.5272680000000001	-0.694703	0.0	0.630848	0.336059	0.699353	0.0	0.602208	-0.7804180000000001	-0.168206	0.0	-3.3481300000000003	-2.0635	-2.26432	0.350448	-0.143691	0.6778	-0.721069	0.0	0.12472000000000001	-0.710417	-0.692642	0.0	-0.9817319999999999	-0.189458	0.0175453	0.0	2.6364400000000003	1.95872	1.58145	0.329259	
3	0.5046930000000001	0.522349	-0.68734	0.0	0.625154	0.32795	0.708259	0.0	0.595371	-0.787147	-0.16103499999999998	0.0	-3.3701	-2.10818	-2.30612	0.350724	-0.143425	0.678204	-0.720742	0.0	0.125115	-0.7100029999999999	-0.692995	0.0	-0.981721	-0.18956900000000002	0.0169785	0.0	2.63747	1.9608299999999999	1.58313	0.329323	
3	0.553778	0.4985	-0.666954	0.0	0.601808	0.31395300000000004	0.734344	0.0	0.5754630000000001	-0.808042	-0.126141	0.0	-3.44905	-2.27688	-2.38452	0.35125300000000004	-0.143932	0.6779430000000001	-0.7208859999999999	0.0	0.125329	-0.710117	-0.69284	0.0	-0.981619	-0.19007000000000002	0.0172423	0.0	2.63421	1.9573900000000002	1.57826	0.32960700000000004	
3	0.5723739999999999	0.48795600000000006	-0.659004	0.0	0.591346	0.311128	0.7439819999999999	0.0	0.568066	-0.815535	-0.11046900000000001	0.0	-3.4831	-2.36098	-2.38998	0.351189	-0.14448	0.6771590000000001	-0.721514	0.0	0.12493399999999999	-0.710845	-0.692164	0.0	-0.9815889999999999	-0.190145	0.018102700000000003	0.0	2.63265	1.95602	1.57764	0.329554	
3	0.621985	0.469157	-0.626919	0.0	0.550558	0.307285	0.776184	0.0	0.5567949999999999	-0.8279299999999999	-0.0671718	0.0	-3.53685	-2.58816	-2.42295	0.351541	-0.145323	0.676117	-0.72232	0.0	0.124517	-0.711767	-0.691291	0.0	-0.981518	-0.190402	0.019247900000000002	0.0	2.63462	1.96055	1.57544	0.329681	
3	0.6584810000000001	0.46470500000000003	-0.59199	0.0	0.510062	0.302827	0.805067	0.0	0.553389	-0.832073	-0.0376233	0.0	-3.54461	-2.71055	-2.4514099999999996	0.35337199999999996	-0.146265	0.676453	-0.721815	0.0	0.125342	-0.711109	-0.691819	0.0	-0.981273	-0.191663	0.019222200000000002	0.0	2.6381099999999997	1.9645400000000002	1.57833	0.329704	
3	0.675128	0.462829	-0.574449	0.0	0.478625	0.31774	0.8185100000000001	0.0	0.5613560000000001	-0.8275450000000001	-0.0070062	0.0	-3.5486400000000002	-2.7248	-2.48122	0.356143	-0.146758	0.67594	-0.722196	0.0	0.125301	-0.711517	-0.691407	0.0	-0.9812040000000001	-0.191962	0.0197245	0.0	2.6385	1.96373	1.5772	0.329729	
3	0.695921	0.455463	-0.5552010000000001	0.0	0.433335	0.350164	0.830426	0.0	0.572639	-0.818498	0.0463181	0.0	-3.55935	-2.75323	-2.50861	0.358823	-0.14786400000000002	0.676589	-0.721362	0.0	0.12516	-0.7107140000000001	-0.692258	0.0	-0.9810559999999999	-0.192646	0.0204063	0.0	2.64035	1.9681799999999998	1.5762399999999999	0.329852	
3	0.704231	0.45125299999999996	-0.548115	0.0	0.422249	0.354435	0.8343149999999999	0.0	0.570758	-0.818991	0.0590626	0.0	-3.555	-2.75435	-2.51819	0.360699	-0.148243	0.676906	-0.720987	0.0	0.124761	-0.710417	-0.692635	0.0	-0.98105	-0.192629	0.0208623	0.0	2.6402799999999997	1.9684	1.57697	0.329899	
3	0.742557	0.42721099999999995	-0.515849	0.0	0.405196	0.326721	0.8538549999999999	0.0	0.533316	-0.8430559999999999	0.0695048	0.0	-3.50737	-3.06103	-2.44897	0.350526	-0.148531	0.678042	-0.719859	0.0	0.124796	-0.709263	-0.69381	0.0	-0.981002	-0.192888	0.0207306	0.0	2.6402	1.97095	1.57451	0.32976300000000003	
3	0.745645	0.42765299999999995	-0.5110060000000001	0.0	0.399889	0.326245	0.8565360000000001	0.0	0.533013	-0.843017	0.0722492	0.0	-3.4735199999999997	-3.4284800000000004	-2.38265	0.353515	-0.148305	0.677904	-0.720036	0.0	0.125385	-0.709322	-0.693643	0.0	-0.9809610000000001	-0.193153	0.020197200000000002	0.0	2.63958	1.97017	1.5757299999999999	0.329919	
3	0.768461	0.406405	-0.49427	0.0	0.388937	0.316718	0.8651120000000001	0.0	0.5081289999999999	-0.8570450000000001	0.0853197	0.0	-3.45515	-3.42289	-2.38924	0.35381399999999996	-0.148673	0.676236	-0.721527	0.0	0.124798	-0.710972	-0.692058	0.0	-0.98098	-0.192936	0.0213095	0.0	2.64241	1.97216	1.57597	0.329936	
3	0.779017	0.395043	-0.486903	0.0	0.384875	0.311761	0.868721	0.0	0.494979	-0.864145	0.09082539999999999	0.0	-3.4479300000000004	-3.42023	-2.39914	0.352418	-0.149393	0.676241	-0.721374	0.0	0.12464000000000001	-0.710863	-0.692199	0.0	-0.980891	-0.193322	0.0219115	0.0	2.64542	1.9771	1.5789799999999998	0.330018	
3	0.7943939999999999	0.375215	-0.477652	0.0	0.377504	0.311073	0.872195	0.0	0.47584499999999996	-0.873182	0.10547000000000001	0.0	-3.43075	-3.4158800000000005	-2.40286	0.353902	-0.149839	0.6774100000000001	-0.720183	0.0	0.124153	-0.70975	-0.693427	0.0	-0.980884	-0.19331600000000002	0.0222455	0.0	2.66602	2.01079	1.58735	0.329963	
3	0.7976310000000001	0.36593200000000004	-0.47945600000000005	0.0	0.379479	0.313402	0.870503	0.0	0.468807	-0.8762840000000001	0.111116	0.0	-3.4228199999999998	-3.4140800000000002	-2.40977	0.352609	-0.150107	0.677801	-0.719759	0.0	0.123596	-0.709432	-0.693852	0.0	-0.980914	-0.19311099999999998	0.0227173	0.0	2.66819	2.0148	1.59055	0.329929	
3	0.798489	0.36098600000000003	-0.48177299999999995	0.0	0.384232	0.31048000000000003	0.8694639999999999	0.0	0.463445	-0.8793700000000001	0.109213	0.0	-3.41244	-3.41325	-2.40345	0.353076	-0.15009	0.677377	-0.720162	0.0	0.12307	-0.709947	-0.693419	0.0	-0.9809829999999999	-0.192706	0.023190799999999998	0.0	2.67246	2.01822	1.60255	0.329796	
3	0.802936	0.341652	-0.48843400000000003	0.0	0.39369	0.311291	0.8649309999999999	0.0	0.44755	-0.886776	0.115442	0.0	-3.39121	-3.40898	-2.41628	0.352115	-0.15044200000000002	0.67633	-0.721072	0.0	0.12268	-0.710964	-0.692445	0.0	-0.9809770000000001	-0.192634	0.023986599999999997	0.0	2.67921	2.02105	1.61684	0.329811	
3	0.805511	0.33450100000000005	-0.48914300000000005	0.0	0.395221	0.311783	0.8640549999999999	0.0	0.44153400000000004	-0.8893260000000001	0.11894300000000001	0.0	-3.38593	-3.40685	-2.42247	0.351592	-0.150679	0.675442	-0.721855	0.0	0.122459	-0.711815	-0.691609	0.0	-0.9809690000000001	-0.192609	0.0245415	0.0	2.6806799999999997	2.02406	1.6193899999999999	0.329744	
3	0.810732	0.326903	-0.485642	0.0	0.398121	0.300321	0.8667799999999999	0.0	0.42920200000000003	-0.89607	0.11333299999999999	0.0	-3.4388300000000003	-3.46147	-2.50546	0.35845	-0.151419	0.6751149999999999	-0.722005	0.0	0.122202	-0.712039	-0.6914239999999999	0.0	-0.9808870000000001	-0.192925	0.0253158	0.0	2.68532	2.0295799999999997	1.62396	0.329602	
3	0.816571	0.310778	-0.48644499999999996	0.0	0.403914	0.294417	0.866125	0.0	0.41239	-0.9037350000000001	0.11488399999999999	0.0	-3.46063	-3.6089	-2.559	0.358755	-0.151774	0.6752779999999999	-0.721779	0.0	0.12050899999999999	-0.712149	-0.691608	0.0	-0.9810409999999999	-0.191949	0.0267085	0.0	2.67951	2.0333799999999997	1.6287200000000002	0.329776	
3	0.816615	0.30696100000000004	-0.48878900000000003	0.0	0.404758	0.299165	0.864101	0.0	0.41147399999999995	-0.90348	0.120058	0.0	-3.4597900000000004	-3.60779	-2.5647	0.358352	-0.152385	0.675363	-0.7215699999999999	0.0	0.120439	-0.711966	-0.691809	0.0	-0.9809549999999999	-0.192326	0.027152999999999997	0.0	2.67824	2.0354200000000002	1.63285	0.329795	
3	0.803783	0.316374	-0.503826	0.0	0.41944899999999996	0.299203	0.8570530000000001	0.0	0.42189499999999996	-0.900214	0.10779200000000001	0.0	-3.4678	-3.6096800000000004	-2.55985	0.35573499999999997	-0.15319000000000002	0.67548	-0.721291	0.0	0.12085	-0.711622	-0.692091	0.0	-0.9807790000000001	-0.193189	0.027381700000000002	0.0	2.67607	2.03457	1.63973	0.329815	
3	0.793305	0.332367	-0.510097	0.0	0.43170699999999995	0.283692	0.85624	0.0	0.42929700000000004	-0.8994719999999999	0.0815693	0.0	-3.4711300000000005	-3.6139099999999997	-2.54097	0.354174	-0.15303599999999998	0.676355	-0.720503	0.0	0.121174	-0.710747	-0.692933	0.0	-0.980764	-0.193349	0.026813099999999996	0.0	2.6755299999999997	2.03492	1.63485	0.329777	
3	0.786913	0.348702	-0.509092	0.0	0.438557	0.264343	0.8589469999999999	0.0	0.43409200000000003	-0.899183	0.0550895	0.0	-3.4747199999999996	-3.61887	-2.52135	0.352197	-0.152867	0.6761020000000001	-0.720776	0.0	0.12103399999999999	-0.7110489999999999	-0.692647	0.0	-0.980807	-0.19312100000000001	0.026864299999999997	0.0	2.67562	2.03547	1.63468	0.32968000000000003	
