0	-0.307452	0.27296	-0.911573	0.0	0.123828	0.961305	0.246088	0.0	0.943472	-0.0372178	-0.329355	0.0	-2.80171	1.7486700000000002	1.40665	0.0	-0.048795	0.43269799999999997	-0.900217	0.0	0.33460300000000004	-0.8421299999999999	-0.422915	0.0	-0.9410950000000001	-0.32185199999999997	-0.10369	0.0	2.6724	1.9098099999999998	1.58873	0.0	
0	-0.272564	0.381465	-0.883286	0.0	0.15906800000000001	0.923278	0.34965100000000005	0.0	0.9488969999999999	-0.045199800000000005	-0.31233099999999997	0.0	-2.8163099999999996	1.62184	1.42224	0.0	-0.0229135	0.445783	-0.894848	0.0	0.32914	-0.8418190000000001	-0.42779399999999995	0.0	-0.944003	-0.304332	-0.127436	0.0	2.67135	1.88327	1.5532700000000002	0.0	
0	-0.270367	0.440065	-0.856297	0.0	0.21661100000000003	0.8944219999999999	0.391266	0.0	0.9380729999999999	-0.0796977	-0.337145	0.0	-2.84673	1.53411	1.41939	0.0	0.0583576	0.449387	-0.8914290000000001	0.0	0.305881	-0.858051	-0.41253599999999996	0.0	-0.9502799999999999	-0.24859699999999998	-0.187533	0.0	2.5787299999999997	1.8508200000000001	1.4378	0.0	
0	-0.19183699999999998	0.5407689999999999	-0.819004	0.0	0.409404	0.8025220000000001	0.43399	0.0	0.891957	-0.252048	-0.375346	0.0	-2.90286	1.4880799999999998	1.45913	0.18748099999999998	0.124759	0.46557200000000004	-0.876172	0.0	0.342669	-0.848952	-0.402316	0.0	-0.931135	-0.250044	-0.265452	0.0	2.5229	1.8829099999999999	1.3764399999999999	0.268519	
0	-0.137272	0.6064510000000001	-0.7831819999999999	0.0	0.44418500000000005	0.7444	0.498566	0.0	0.8853559999999999	-0.279439	-0.371562	0.0	-2.89224	1.4485700000000001	1.42268	0.36386799999999997	0.12268499999999999	0.456214	-0.881373	0.0	0.347352	-0.85165	-0.392478	0.0	-0.929675	-0.257995	-0.26295100000000005	0.0	2.3843099999999997	1.8235299999999999	1.3582299999999998	0.340283	
0	-0.120278	0.590839	-0.797774	0.0	0.5271359999999999	0.71897	0.45300100000000004	0.0	0.841226	-0.36604899999999996	-0.397929	0.0	-2.94408	1.32033	1.3731799999999998	0.364002	0.10462300000000001	0.43788599999999994	-0.8929219999999999	0.0	0.38976500000000003	-0.8440770000000001	-0.368263	0.0	-0.9149520000000001	-0.309501	-0.258983	0.0	2.30849	1.71786	1.35341	0.340067	
0	-0.0885161	0.533671	-0.841047	0.0	0.5760689999999999	0.716254	0.393858	0.0	0.8125939999999999	-0.449639	-0.370832	0.0	-3.00713	1.1185	1.35693	0.351166	0.054397900000000006	0.40358499999999997	-0.913324	0.0	0.45770900000000003	-0.823001	-0.336411	0.0	-0.887437	-0.39973600000000004	-0.22949499999999998	0.0	2.25082	1.5828200000000001	1.3591600000000001	0.33354	
0	-0.155472	0.473554	-0.866934	0.0	0.489109	0.799383	0.348941	0.0	0.8582549999999999	-0.369775	-0.355901	0.0	-3.1713	0.9096049999999999	1.20079	0.0	-0.0296427	0.362317	-0.931584	0.0	0.495551	-0.804067	-0.32849	0.0	-0.868073	-0.471384	-0.155712	0.0	2.25393	1.34285	1.35863	0.00193534	
0	-0.12215999999999999	0.525606	-0.8419110000000001	0.0	0.425691	0.794027	0.43394499999999997	0.0	0.8965850000000001	-0.305383	-0.320745	0.0	-3.18644	0.866352	1.17099	0.0	-0.030302	0.391665	-0.919609	0.0	0.462442	-0.81015	-0.360284	0.0	-0.8861319999999999	-0.436183	-0.156573	0.0	2.28154	1.3001	1.30106	0.0	
0	-0.057926599999999995	0.584068	-0.809635	0.0	0.465793	0.733124	0.495547	0.0	0.8829959999999999	-0.34841700000000003	-0.31452199999999997	0.0	-3.08186	0.919895	1.2032200000000002	0.0	-0.0197718	0.462257	-0.886526	0.0	0.470347	-0.7781520000000001	-0.416238	0.0	-0.88226	-0.42520399999999997	-0.202036	0.0	2.26678	1.23301	1.15919	0.0	
0	0.0504352	0.599123	-0.799067	0.0	0.550392	0.6509520000000001	0.52281	0.0	0.833382	-0.466168	-0.29692199999999996	0.0	-3.03937	0.859467	1.2214	0.375071	-0.0320194	0.46778400000000003	-0.8832620000000001	0.0	0.49071899999999996	-0.762514	-0.421624	0.0	-0.8707290000000001	-0.446934	-0.20513499999999998	0.0	2.2542400000000002	1.1856	1.10091	0.335675	
0	0.034573900000000005	0.540718	-0.840493	0.0	0.534473	0.700624	0.472721	0.0	0.8444780000000001	-0.46556400000000003	-0.264776	0.0	-2.92378	0.800987	1.18591	0.363965	-0.027705200000000003	0.455108	-0.8900049999999999	0.0	0.500391	-0.7644489999999999	-0.406481	0.0	-0.8653559999999999	-0.45661199999999996	-0.20655300000000001	0.0	2.20034	1.17849	1.07076	0.339053	
0	0.06843760000000002	0.519849	-0.851513	0.0	0.530784	0.7037180000000001	0.47228000000000003	0.0	0.8447389999999999	-0.48429099999999997	-0.227767	0.0	-2.86293	0.723647	1.16489	0.36321	-0.029177699999999997	0.435407	-0.899761	0.0	0.515126	-0.764858	-0.386831	0.0	-0.856618	-0.47477600000000003	-0.201973	0.0	2.18466	1.1755200000000001	1.0817299999999999	0.339202	
0	0.00511812	0.41249300000000005	-0.9109459999999999	0.0	0.416253	0.827407	0.377004	0.0	0.909235	-0.38111300000000004	-0.167467	0.0	-2.85372	0.6089220000000001	1.08046	0.34826399999999996	-0.0305945	0.422825	-0.905695	0.0	0.516116	-0.769293	-0.37658	0.0	-0.855972	-0.478965	-0.19469	0.0	2.18317	1.16215	1.1264399999999999	0.33874099999999996	
0	-0.09167810000000001	0.42340900000000004	-0.9012879999999999	0.0	0.32552600000000004	0.868115	0.374713	0.0	0.9410780000000001	-0.25904	-0.21741799999999997	0.0	-2.79447	0.668363	0.942781	0.334487	-0.0183398	0.41022600000000004	-0.9118	0.0	0.5071859999999999	-0.782092	-0.36207	0.0	-0.861641	-0.469092	-0.193717	0.0	2.19205	1.18261	1.16356	0.33866	
0	-0.16982	0.347451	-0.922192	0.0	0.214723	0.9263469999999999	0.30947600000000003	0.0	0.9617979999999999	-0.14546099999999998	-0.23191799999999999	0.0	-2.8161099999999997	0.676812	0.660978	0.331482	-0.0213503	0.386454	-0.922062	0.0	0.493266	-0.798134	-0.345935	0.0	-0.869617	-0.462207	-0.173585	0.0	2.19637	1.24299	1.29663	0.33799	
0	-0.214131	0.372324	-0.903063	0.0	0.20924099999999998	0.920531	0.329911	0.0	0.954131	-0.11831400000000002	-0.27502	0.0	-2.8671599999999997	0.7260340000000001	0.398393	0.318238	-0.0272101	0.372462	-0.927649	0.0	0.489703	-0.804045	-0.337198	0.0	-0.8714639999999999	-0.46344799999999997	-0.160518	0.0	2.20208	1.25332	1.37094	0.337892	
0	0.0274837	0.46358900000000003	-0.885624	0.0	0.509517	0.755735	0.411409	0.0	0.860022	-0.46254700000000004	-0.21543600000000002	0.0	-3.02583	0.549103	0.22331700000000002	0.343696	-0.0347335	0.328876	-0.943734	0.0	0.491442	-0.816625	-0.302668	0.0	-0.870218	-0.474303	-0.133259	0.0	2.24638	1.27655	1.52986	0.33833	
0	0.153462	0.45146400000000003	-0.878994	0.0	0.64294	0.6298729999999999	0.435762	0.0	0.7503850000000001	-0.632013	-0.193603	0.0	-3.17132	0.356214	0.029337000000000002	0.360908	-0.04181459999999999	0.31709299999999996	-0.947472	0.0	0.495447	-0.816916	-0.295265	0.0	-0.8676309999999999	-0.48176800000000003	-0.12294400000000001	0.0	2.31418	1.2816299999999998	1.63935	0.338392	
0	0.29308	0.43609799999999993	-0.850836	0.0	0.751159	0.44552700000000006	0.4871	0.0	0.591494	-0.7818729999999999	-0.19700299999999998	0.0	-3.2980699999999996	0.09839400000000001	-0.24275500000000003	0.360412	-0.0532799	0.320981	-0.945586	0.0	0.5032949999999999	-0.80923	-0.303053	0.0	-0.8624709999999999	-0.492055	-0.118432	0.0	2.38095	1.28424	1.80797	0.338433	
0	0.351587	0.40771799999999997	-0.8427049999999999	0.0	0.761286	0.39936	0.510837	0.0	0.544821	-0.8211440000000001	-0.16998	0.0	-3.33775	-0.0789555	-0.43700900000000004	0.36073	-0.0618665	0.324889	-0.9437270000000001	0.0	0.5100359999999999	-0.802467	-0.309694	0.0	-0.857925	-0.500495	-0.11606	0.0	2.4104	1.2857	1.8702299999999998	0.338544	
0	0.36430999999999997	0.410706	-0.835822	0.0	0.768993	0.373569	0.518745	0.0	0.525289	-0.831725	-0.17973499999999998	0.0	-3.31796	-0.177534	-0.6118680000000001	0.360507	-0.0669163	0.32683	-0.9427110000000001	0.0	0.509804	-0.800986	-0.31388299999999997	0.0	-0.857684	-0.501602	-0.11302100000000001	0.0	2.4295400000000003	1.2972299999999999	1.91677	0.338584	
0	0.367533	0.444101	-0.817125	0.0	0.7778649999999999	0.334789	0.531829	0.0	0.5097510000000001	-0.8310780000000001	-0.22240500000000002	0.0	-3.26487	-0.24258000000000002	-0.812059	0.360496	-0.07350110000000001	0.327234	-0.9420799999999999	0.0	0.510153	-0.7993520000000001	-0.317459	0.0	-0.8569370000000001	-0.503939	-0.10818599999999999	0.0	2.45377	1.31778	2.0012	0.33858499999999997	
0	0.371148	0.47895699999999997	-0.795519	0.0	0.792733	0.282697	0.5400520000000001	0.0	0.48355299999999996	-0.831073	-0.274762	0.0	-3.1791400000000003	-0.330119	-0.981067	0.360892	-0.0789883	0.326479	-0.9418979999999999	0.0	0.5064890000000001	-0.800668	-0.32	0.0	-0.858621	-0.5023380000000001	-0.102115	0.0	2.4848	1.34375	2.09491	0.33863899999999997	
0	0.37791199999999997	0.5165649999999999	-0.768338	0.0	0.7964	0.24184299999999997	0.554309	0.0	0.472154	-0.821385	-0.319997	0.0	-3.11741	-0.388206	-1.09229	0.36075	-0.0833971	0.328031	-0.9409790000000001	0.0	0.50107	-0.802412	-0.32413400000000003	0.0	-0.8613790000000001	-0.49852799999999997	-0.09744760000000001	0.0	2.50563	1.36944	2.15231	0.33855100000000005	
0	0.415401	0.536483	-0.734594	0.0	0.780844	0.20394600000000002	0.590499	0.0	0.46661	-0.818897	-0.33419	0.0	-3.09215	-0.48455600000000004	-1.16232	0.360272	-0.0918517	0.330507	-0.9393229999999999	0.0	0.499512	-0.800747	-0.33059299999999997	0.0	-0.861424	-0.499569	-0.09154230000000001	0.0	2.51016	1.40794	2.23312	0.338607	
0	0.46776599999999996	0.562682	-0.681604	0.0	0.728553	0.191143	0.65778	0.0	0.500405	-0.804272	-0.320533	0.0	-3.08059	-0.7095739999999999	-1.24258	0.333599	-0.0980699	0.33076	-0.9386059999999999	0.0	0.49418	-0.802465	-0.334419	0.0	-0.8638100000000001	-0.496637	-0.0847574	0.0	2.50932	1.4411100000000001	2.31632	0.33852600000000005	
0	0.46507	0.5802	-0.668639	0.0	0.729097	0.177367	0.661028	0.0	0.502123	-0.794927	-0.340534	0.0	-3.0285900000000003	-0.71154	-1.29057	0.345868	-0.10210599999999999	0.330316	-0.9383309999999999	0.0	0.493964	-0.801918	-0.336046	0.0	-0.863466	-0.49781400000000003	-0.0812838	0.0	2.5016700000000003	1.44753	2.35433	0.33866999999999997	
0	0.504786	0.577871	-0.641293	0.0	0.717692	0.131878	0.683759	0.0	0.47969700000000004	-0.805403	-0.348163	0.0	-2.9121799999999998	-0.727125	-1.28735	0.347223	-0.10411	0.331461	-0.937707	0.0	0.494457	-0.800806	-0.337967	0.0	-0.862944	-0.498842	-0.0805217	0.0	2.4965599999999997	1.44979	2.47031	0.33871	
0	0.508338	0.5739920000000001	-0.6419699999999999	0.0	0.7161420000000001	0.132244	0.685312	0.0	0.47826	-0.8081119999999999	-0.343835	0.0	-2.83723	-0.760512	-1.2162600000000001	0.347521	-0.10331199999999999	0.331952	-0.937622	0.0	0.49429300000000004	-0.800891	-0.338008	0.0	-0.863135	-0.49838000000000005	-0.08133989999999999	0.0	2.49725	1.45316	2.48628	0.338706	
0	0.509486	0.573753	-0.641273	0.0	0.714874	0.13256800000000002	0.6865720000000001	0.0	0.47893500000000006	-0.808228	-0.34262	0.0	-2.82953	-0.766725	-1.20337	0.347771	-0.10376400000000001	0.330548	-0.938068	0.0	0.492817	-0.802153	-0.337169	0.0	-0.863924	-0.49728199999999995	-0.0796655	0.0	2.50163	1.4609	2.4927	0.33865100000000004	
0	0.51048	0.569585	-0.644192	0.0	0.716468	0.13251300000000002	0.684919	0.0	0.475483	-0.81118	-0.340444	0.0	-2.89676	-0.776313	-1.18974	0.348077	-0.112286	0.34366599999999997	-0.9323549999999999	0.0	0.482013	-0.801667	-0.353545	0.0	-0.8689389999999999	-0.489105	-0.0756352	0.0	2.49947	1.5410700000000002	2.46116	0.338481	
0	0.510509	0.564248	-0.648849	0.0	0.718069	0.13536099999999998	0.682682	0.0	0.47303100000000003	-0.814434	-0.336065	0.0	-2.92627	-0.772975	-1.19835	0.348641	-0.119851	0.362141	-0.924386	0.0	0.47765799999999997	-0.7952140000000001	-0.373467	0.0	-0.870332	-0.48630100000000004	-0.0776728	0.0	2.45001	1.6547599999999998	2.4532	0.338751	
0	0.510301	0.565608	-0.647828	0.0	0.7194659999999999	0.13189700000000001	0.681888	0.0	0.471128	-0.814058	-0.33962800000000004	0.0	-2.93077	-0.741476	-1.25299	0.34879899999999997	-0.11705	0.374915	-0.91964	0.0	0.47047700000000003	-0.794571	-0.383809	0.0	-0.8746149999999999	-0.47759399999999996	-0.0833846	0.0	2.38979	1.8130000000000002	2.43931	0.338987	
0	0.5084029999999999	0.565094	-0.649766	0.0	0.721633	0.132133	0.679549	0.0	0.469865	-0.814377	-0.340613	0.0	-2.93401	-0.734496	-1.25275	0.348856	-0.118798	0.376317	-0.9188430000000001	0.0	0.46757	-0.795168	-0.386117	0.0	-0.8759370000000001	-0.47549399999999997	-0.0814903	0.0	2.33487	1.89261	2.4353700000000003	0.339095	
0	0.496734	0.564705	-0.659062	0.0	0.727793	0.14268	0.67079	0.0	0.47283400000000003	-0.812865	-0.340115	0.0	-2.9537	-0.7259	-1.25749	0.348976	-0.119852	0.377325	-0.918293	0.0	0.469188	-0.793622	-0.387334	0.0	-0.874928	-0.477274	-0.0819193	0.0	2.3199799999999997	1.91365	2.4573400000000003	0.339106	
0	0.48746000000000006	0.567196	-0.6638310000000001	0.0	0.729626	0.153008	0.666509	0.0	0.479613	-0.809245	-0.33925500000000003	0.0	-2.95657	-0.722234	-1.24955	0.349188	-0.12	0.379393	-0.9174209999999999	0.0	0.470898	-0.791778	-0.38902800000000004	0.0	-0.8739879999999999	-0.478695	-0.0836427	0.0	2.31738	1.9158400000000002	2.47058	0.339077	
0	0.484518	0.5685979999999999	-0.664784	0.0	0.7327899999999999	0.15123399999999998	0.6634359999999999	0.0	0.47776599999999997	-0.8085939999999999	-0.343387	0.0	-2.9681	-0.7118939999999999	-1.2558799999999999	0.348904	-0.120147	0.385296	-0.9149379999999999	0.0	0.476616	-0.7860689999999999	-0.393615	0.0	-0.8708629999999999	-0.48336599999999996	-0.0891937	0.0	2.31644	1.91937	2.46046	0.338958	
0	0.481996	0.562258	-0.671971	0.0	0.736664	0.15515299999999999	0.6582210000000001	0.0	0.47434799999999994	-0.812276	-0.339412	0.0	-2.97872	-0.711531	-1.27101	0.34922600000000004	-0.11765199999999999	0.386785	-0.9146340000000001	0.0	0.47809799999999997	-0.7852020000000001	-0.393548	0.0	-0.870391	-0.48358599999999996	-0.0925409	0.0	2.34002	1.91495	2.43305	0.338918	
0	0.481559	0.557883	-0.67592	0.0	0.7373569999999999	0.158962	0.656533	0.0	0.473714	-0.814554	-0.33481	0.0	-2.9727200000000003	-0.720873	-1.2210299999999998	0.34917600000000004	-0.116427	0.381685	-0.9169299999999999	0.0	0.479979	-0.786623	-0.388388	0.0	-0.8695200000000001	-0.48532600000000004	-0.0916168	0.0	2.36797	1.90767	2.44141	0.338981	
0	0.47880100000000003	0.560996	-0.6753020000000001	0.0	0.73932	0.157167	0.654755	0.0	0.473451	-0.812762	-0.339504	0.0	-3.02441	-0.715857	-1.2239799999999998	0.34896900000000003	-0.114418	0.380161	-0.917816	0.0	0.48227700000000007	-0.786455	-0.385873	0.0	-0.8685149999999999	-0.486792	-0.0933589	0.0	2.38385	1.9052799999999999	2.4572599999999998	0.33900399999999997	
0	0.475058	0.56077	-0.678127	0.0	0.7395149999999999	0.163235	0.653048	0.0	0.476904	-0.811721	-0.337152	0.0	-3.04514	-0.716364	-1.2349700000000001	0.348983	-0.113907	0.385156	-0.915795	0.0	0.483465	-0.7837970000000001	-0.389775	0.0	-0.8679209999999999	-0.48715200000000003	-0.0969301	0.0	2.39031	1.89267	2.46208	0.338966	
0	0.47516800000000003	0.556291	-0.6817300000000001	0.0	0.738492	0.169096	0.652714	0.0	0.47837700000000005	-0.813601	-0.330468	0.0	-3.03627	-0.725058	-1.20773	0.349046	-0.11308900000000001	0.386996	-0.91512	0.0	0.48390200000000005	-0.782963	-0.390907	0.0	-0.867784	-0.48703599999999997	-0.098724	0.0	2.37938	1.84126	2.44004	0.339036	
0	0.47516400000000003	0.556329	-0.681702	0.0	0.7385079999999999	0.16903900000000002	0.6527109999999999	0.0	0.478357	-0.813587	-0.330532	0.0	-3.0356099999999997	-0.7244970000000001	-1.20936	0.349044	-0.11315399999999999	0.387074	-0.9150790000000001	0.0	0.48383999999999994	-0.782949	-0.39101199999999997	0.0	-0.8678110000000001	-0.486997	-0.0986878	0.0	2.37938	1.84253	2.44115	0.339025	
0	0.47516400000000003	0.556331	-0.6817	0.0	0.738509	0.169037	0.6527109999999999	0.0	0.47835600000000006	-0.8135859999999999	-0.33053499999999997	0.0	-3.0356400000000003	-0.72449	-1.20938	0.349044	-0.11315499999999999	0.38707600000000003	-0.9150780000000001	0.0	0.48384099999999997	-0.7829470000000001	-0.391015	0.0	-0.8678100000000001	-0.48699799999999993	-0.098689	0.0	2.3793900000000003	1.8425799999999999	2.44116	0.339024	
0	0.47516400000000003	0.556331	-0.6817	0.0	0.738509	0.169037	0.6527109999999999	0.0	0.47835600000000006	-0.8135859999999999	-0.33053499999999997	0.0	-3.0356400000000003	-0.724489	-1.20938	0.349044	-0.11315499999999999	0.38707600000000003	-0.9150780000000001	0.0	0.48384099999999997	-0.7829470000000001	-0.391015	0.0	-0.8678100000000001	-0.48699799999999993	-0.0986889	0.0	2.3793900000000003	1.8425799999999999	2.44116	0.339024	
0	0.47516400000000003	0.556331	-0.6817	0.0	0.7385079999999999	0.169037	0.6527109999999999	0.0	0.47835600000000006	-0.8135859999999999	-0.33053499999999997	0.0	-3.0356400000000003	-0.72449	-1.20938	0.349044	-0.11315499999999999	0.38707600000000003	-0.9150780000000001	0.0	0.48384099999999997	-0.7829470000000001	-0.391014	0.0	-0.8678100000000001	-0.48699799999999993	-0.0986889	0.0	2.3793900000000003	1.8425799999999999	2.44116	0.339025	
0	0.47516400000000003	0.556331	-0.6817	0.0	0.738509	0.169037	0.6527109999999999	0.0	0.47835600000000006	-0.8135859999999999	-0.33053499999999997	0.0	-3.0356400000000003	-0.724489	-1.20938	0.349044	-0.11315499999999999	0.38707600000000003	-0.9150780000000001	0.0	0.48384099999999997	-0.7829470000000001	-0.391014	0.0	-0.8678100000000001	-0.48699799999999993	-0.0986889	0.0	2.3793900000000003	1.8425799999999999	2.44116	0.339025	
0	0.47516400000000003	0.556331	-0.6817	0.0	0.738509	0.169037	0.6527109999999999	0.0	0.47835600000000006	-0.8135859999999999	-0.33053499999999997	0.0	-3.0356400000000003	-0.72449	-1.20938	0.349044	-0.11315499999999999	0.38707600000000003	-0.9150780000000001	0.0	0.48384099999999997	-0.7829470000000001	-0.391014	0.0	-0.8678100000000001	-0.48699799999999993	-0.0986889	0.0	2.3793900000000003	1.8425799999999999	2.44116	0.339025	
0	0.47516400000000003	0.556331	-0.6817	0.0	0.738509	0.169037	0.6527109999999999	0.0	0.47835600000000006	-0.8135859999999999	-0.33053499999999997	0.0	-3.0356400000000003	-0.724489	-1.20938	0.349044	-0.11315499999999999	0.38707600000000003	-0.9150780000000001	0.0	0.48384099999999997	-0.7829470000000001	-0.391014	0.0	-0.8678100000000001	-0.48699799999999993	-0.09868880000000001	0.0	2.3793900000000003	1.8425799999999999	2.44116	0.339024	
0	0.47516400000000003	0.556331	-0.6817	0.0	0.7385079999999999	0.169037	0.6527109999999999	0.0	0.47835600000000006	-0.8135859999999999	-0.33053499999999997	0.0	-3.0356400000000003	-0.724489	-1.20938	0.349044	-0.11315499999999999	0.38707600000000003	-0.9150780000000001	0.0	0.48384099999999997	-0.7829470000000001	-0.391014	0.0	-0.8678100000000001	-0.48699799999999993	-0.0986889	0.0	2.3793900000000003	1.8425799999999999	2.44116	0.339025	
0	0.47516400000000003	0.556331	-0.6817	0.0	0.7385079999999999	0.169037	0.6527109999999999	0.0	0.47835600000000006	-0.8135859999999999	-0.33053499999999997	0.0	-3.0356400000000003	-0.724489	-1.20938	0.349044	-0.11315499999999999	0.38707600000000003	-0.9150780000000001	0.0	0.48384099999999997	-0.7829470000000001	-0.391015	0.0	-0.8678100000000001	-0.48699799999999993	-0.0986889	0.0	2.3793900000000003	1.8425799999999999	2.44116	0.339024	
0	0.47516400000000003	0.556331	-0.6817	0.0	0.7385079999999999	0.169037	0.6527109999999999	0.0	0.47835600000000006	-0.8135859999999999	-0.33053499999999997	0.0	-3.0356400000000003	-0.724489	-1.20938	0.349044	-0.11315499999999999	0.38707600000000003	-0.9150780000000001	0.0	0.48384099999999997	-0.7829470000000001	-0.391014	0.0	-0.8678100000000001	-0.48699799999999993	-0.0986889	0.0	2.3793900000000003	1.8425799999999999	2.44116	0.339025	
0	0.47516400000000003	0.556331	-0.6817	0.0	0.7385079999999999	0.169037	0.6527109999999999	0.0	0.47835600000000006	-0.8135859999999999	-0.33053499999999997	0.0	-3.0356400000000003	-0.72449	-1.20938	0.349044	-0.11315499999999999	0.38707600000000003	-0.9150780000000001	0.0	0.48384099999999997	-0.7829470000000001	-0.391014	0.0	-0.8678100000000001	-0.48699799999999993	-0.0986889	0.0	2.3793900000000003	1.8425799999999999	2.44116	0.339024	
0	0.47516400000000003	0.556331	-0.6817	0.0	0.7385079999999999	0.169037	0.6527109999999999	0.0	0.47835600000000006	-0.8135859999999999	-0.33053499999999997	0.0	-3.0356400000000003	-0.724489	-1.20938	0.349044	-0.11315499999999999	0.38707600000000003	-0.9150780000000001	0.0	0.48384099999999997	-0.7829470000000001	-0.391014	0.0	-0.8678100000000001	-0.48699799999999993	-0.0986889	0.0	2.3793900000000003	1.8425799999999999	2.44116	0.339025	
0	0.47516400000000003	0.556331	-0.6817	0.0	0.7385079999999999	0.169037	0.6527109999999999	0.0	0.47835600000000006	-0.8135859999999999	-0.33053499999999997	0.0	-3.0356400000000003	-0.72449	-1.20938	0.349044	-0.11315499999999999	0.38707600000000003	-0.9150780000000001	0.0	0.48384099999999997	-0.7829470000000001	-0.391014	0.0	-0.8678100000000001	-0.48699799999999993	-0.0986889	0.0	2.3793900000000003	1.8425799999999999	2.44116	0.339025	
0	0.47516400000000003	0.556331	-0.6817	0.0	0.7385079999999999	0.169037	0.6527109999999999	0.0	0.47835600000000006	-0.8135859999999999	-0.33053499999999997	0.0	-3.0356400000000003	-0.724489	-1.20938	0.349044	-0.11315499999999999	0.38707600000000003	-0.9150780000000001	0.0	0.48384099999999997	-0.7829470000000001	-0.391014	0.0	-0.8678100000000001	-0.48699799999999993	-0.0986889	0.0	2.3793900000000003	1.8425799999999999	2.44116	0.339025	
0	0.47516400000000003	0.556331	-0.6817	0.0	0.7385079999999999	0.169037	0.6527109999999999	0.0	0.47835600000000006	-0.8135859999999999	-0.33053499999999997	0.0	-3.0356400000000003	-0.72449	-1.20938	0.349044	-0.11315499999999999	0.38707600000000003	-0.9150780000000001	0.0	0.48384099999999997	-0.7829470000000001	-0.391014	0.0	-0.8678100000000001	-0.48699799999999993	-0.0986889	0.0	2.3793900000000003	1.8425799999999999	2.44116	0.339025	
0	0.47516400000000003	0.556331	-0.6817	0.0	0.7385079999999999	0.169037	0.6527109999999999	0.0	0.47835600000000006	-0.8135859999999999	-0.33053499999999997	0.0	-3.0356400000000003	-0.72449	-1.20938	0.349044	-0.11315499999999999	0.38707600000000003	-0.9150780000000001	0.0	0.48384099999999997	-0.7829470000000001	-0.391014	0.0	-0.8678100000000001	-0.48699799999999993	-0.0986889	0.0	2.3793900000000003	1.8425799999999999	2.44116	0.339025	
0	0.47516400000000003	0.556331	-0.6817	0.0	0.7385079999999999	0.169037	0.6527109999999999	0.0	0.47835600000000006	-0.8135859999999999	-0.33053499999999997	0.0	-3.0356400000000003	-0.724489	-1.20938	0.349044	-0.11315499999999999	0.38707600000000003	-0.9150780000000001	0.0	0.48384099999999997	-0.7829470000000001	-0.391014	0.0	-0.8678100000000001	-0.48699799999999993	-0.0986889	0.0	2.3793900000000003	1.8425799999999999	2.44116	0.339025	
0	0.47516400000000003	0.556331	-0.6817	0.0	0.7385079999999999	0.169037	0.6527109999999999	0.0	0.47835600000000006	-0.8135859999999999	-0.33053499999999997	0.0	-3.0356400000000003	-0.724489	-1.20938	0.349044	-0.11315499999999999	0.38707600000000003	-0.9150780000000001	0.0	0.48384099999999997	-0.7829470000000001	-0.391014	0.0	-0.8678100000000001	-0.48699799999999993	-0.0986889	0.0	2.3793900000000003	1.8425799999999999	2.44116	0.339025	
0	0.47516400000000003	0.556331	-0.6817	0.0	0.7385079999999999	0.169037	0.6527109999999999	0.0	0.47835600000000006	-0.8135859999999999	-0.33053499999999997	0.0	-3.0356400000000003	-0.72449	-1.20938	0.349044	-0.11315499999999999	0.38707600000000003	-0.9150780000000001	0.0	0.48384099999999997	-0.7829470000000001	-0.391014	0.0	-0.8678100000000001	-0.48699799999999993	-0.0986889	0.0	2.3793900000000003	1.8425799999999999	2.44116	0.339025	
0	0.117193	0.662924	-0.7394569999999999	0.0	0.567943	0.5660729999999999	0.597496	0.0	0.814682	-0.489992	-0.310163	0.0	-3.0532	-0.749046	-1.2224899999999999	0.354508	-0.15755999999999998	0.398509	-0.9035290000000001	0.0	0.478134	-0.7697729999999999	-0.422893	0.0	-0.8640389999999999	-0.49863900000000005	-0.0692553	0.0	2.33451	1.8761900000000002	2.48197	0.31482899999999997	
0	0.11768599999999999	0.663796	-0.7385970000000001	0.0	0.569857	0.563975	0.597658	0.0	0.8132729999999999	-0.49123100000000003	-0.311897	0.0	-3.0592200000000003	-0.735965	-1.1894799999999999	0.354518	-0.159163	0.401173	-0.902069	0.0	0.483108	-0.765193	-0.42554200000000003	0.0	-0.860973	-0.5035270000000001	-0.0720195	0.0	2.32992	1.87208	2.4994400000000003	0.315177	
0	0.122206	0.667311	-0.734685	0.0	0.577055	0.554488	0.599626	0.0	0.807511	-0.49723100000000003	-0.317314	0.0	-3.06288	-0.733172	-1.2072200000000002	0.354189	-0.161469	0.401766	-0.9013950000000001	0.0	0.490979	-0.759617	-0.42652299999999993	0.0	-0.8560770000000001	-0.511436	-0.0746043	0.0	2.3197900000000002	1.86747	2.49055	0.315499	
0	0.13906	0.685064	-0.715087	0.0	0.597973	0.5175029999999999	0.612061	0.0	0.789361	-0.512716	-0.337686	0.0	-3.0767599999999997	-0.734664	-1.27209	0.353243	-0.17440799999999998	0.407052	-0.8966	0.0	0.512757	-0.739812	-0.43561300000000003	0.0	-0.8406319999999999	-0.535712	-0.0796899	0.0	2.28776	1.8478900000000003	2.4619400000000002	0.31763600000000003	
0	0.181402	0.688307	-0.702372	0.0	0.6230600000000001	0.47213900000000003	0.623603	0.0	0.760848	-0.550743	-0.34321	0.0	-3.14775	-0.816995	-1.43185	0.353242	-0.208355	0.40518000000000004	-0.890179	0.0	0.545243	-0.707483	-0.449642	0.0	-0.811972	-0.579048	-0.0735138	0.0	2.21957	1.75962	2.3810700000000002	0.319313	
0	0.246738	0.678815	-0.6916140000000001	0.0	0.640538	0.421313	0.642033	0.0	0.727208	-0.6014189999999999	-0.330853	0.0	-3.26158	-1.00367	-1.62811	0.352983	-0.22736199999999998	0.409603	-0.8834770000000001	0.0	0.5732470000000001	-0.677095	-0.46144300000000005	0.0	-0.7872060000000001	-0.611366	-0.0808578	0.0	2.16072	1.62483	2.20955	0.31933	
0	0.317157	0.67028	-0.670922	0.0	0.6551680000000001	0.356638	0.666006	0.0	0.685686	-0.650795	-0.326036	0.0	-3.42613	-1.30308	-1.92382	0.35284099999999996	-0.239668	0.409401	-0.8803120000000001	0.0	0.599113	-0.651133	-0.465929	0.0	-0.7639520000000001	-0.639075	-0.0892221	0.0	2.05108	1.42182	1.9179099999999998	0.319497	
0	0.396417	0.638213	-0.659953	0.0	0.654777	0.30733299999999997	0.690517	0.0	0.643522	-0.705855	-0.296055	0.0	-3.56945	-1.71019	-2.20099	0.353346	-0.24743600000000002	0.399185	-0.882851	0.0	0.617588	-0.637113	-0.461164	0.0	-0.746566	-0.659347	-0.088887	0.0	1.96827	1.20218	1.62621	0.31946199999999997	
0	0.46509799999999996	0.609005	-0.642492	0.0	0.633175	0.278373	0.722218	0.0	0.618687	-0.742712	-0.25613600000000003	0.0	-3.69257	-2.14614	-2.47217	0.353434	-0.250204	0.389022	-0.8866	0.0	0.629927	-0.629997	-0.45419899999999996	0.0	-0.7352479999999999	-0.672136	-0.08742799999999999	0.0	1.87674	1.02698	1.41134	0.319319	
0	0.524419	0.582907	-0.6206470000000001	0.0	0.608298	0.25355300000000003	0.75212	0.0	0.595784	-0.771965	-0.221613	0.0	-3.79121	-2.5598400000000003	-2.69385	0.353716	-0.25145100000000004	0.392479	-0.8847219999999999	0.0	0.6365350000000001	-0.6215350000000001	-0.456637	0.0	-0.729106	-0.677978	-0.0935415	0.0	1.7923799999999999	0.910233	1.21133	0.319635	
0	0.551018	0.573364	-0.606328	0.0	0.594835	0.239729	0.767269	0.0	0.585279	-0.7834439999999999	-0.208961	0.0	-3.82429	-2.74655	-2.81458	0.354093	-0.250101	0.395339	-0.8838299999999999	0.0	0.6397430000000001	-0.617715	-0.45733599999999996	0.0	-0.726759	-0.679805	-0.0984243	0.0	1.7604099999999998	0.8777229999999999	1.11628	0.31964000000000004	
0	0.5953930000000001	0.56533	-0.5708850000000001	0.0	0.540284	0.244175	0.8052779999999999	0.0	0.594643	-0.787896	-0.160058	0.0	-3.80842	-3.10917	-3.0606	0.353075	-0.249511	0.396943	-0.8832780000000001	0.0	0.648938	-0.608479	-0.45676300000000003	0.0	-0.718766	-0.68716	-0.105769	0.0	1.7199799999999998	0.807024	0.9721780000000001	0.319952	
0	0.62735	0.559335	-0.541828	0.0	0.49390100000000003	0.25215	0.832155	0.0	0.602075	-0.789662	-0.11807000000000001	0.0	-3.7611800000000004	-3.25399	-3.14456	0.353138	-0.248879	0.394016	-0.8847659999999999	0.0	0.6568689999999999	-0.602643	-0.45315	0.0	-0.711746	-0.693954	-0.108832	0.0	1.7325400000000002	0.770692	0.9371229999999999	0.319889	
0	0.6558430000000001	0.5464	-0.520882	0.0	0.462075	0.255073	0.849367	0.0	0.596957	-0.797737	-0.0851901	0.0	-3.6764	-3.35744	-3.18189	0.352837	-0.24777600000000002	0.391544	-0.886172	0.0	0.662388	-0.599038	-0.449884	0.0	-0.7070000000000001	-0.6984600000000001	-0.110927	0.0	1.7616599999999998	0.742274	0.913048	0.31971900000000003	
0	0.680134	0.532197	-0.504167	0.0	0.43664200000000003	0.258341	0.8617450000000001	0.0	0.588865	-0.806242	-0.05667280000000001	0.0	-3.59911	-3.44633	-3.1783200000000003	0.352833	-0.247248	0.388385	-0.8877079999999999	0.0	0.6655449999999999	-0.59777	-0.446902	0.0	-0.7042149999999999	-0.7013050000000001	-0.11069000000000001	0.0	1.78194	0.734568	0.91871	0.319736	
0	0.697788	0.5151720000000001	-0.497684	0.0	0.403618	0.291213	0.867345	0.0	0.5917640000000001	-0.8060970000000001	-0.00472787	0.0	-3.5186599999999997	-3.52905	-3.10643	0.352304	-0.24723299999999998	0.386181	-0.8886729999999999	0.0	0.6673720000000001	-0.597059	-0.44512299999999994	0.0	-0.702489	-0.703125	-0.110114	0.0	1.80952	0.7306739999999999	0.9174950000000001	0.32003000000000004	
0	0.708374	0.507076	-0.49099899999999996	0.0	0.384548	0.306071	0.8708870000000001	0.0	0.5918859999999999	-0.805726	0.0218174	0.0	-3.4677599999999997	-3.5549800000000005	-3.07745	0.35229499999999997	-0.24755100000000002	0.385383	-0.8889309999999999	0.0	0.667543	-0.597129	-0.444774	0.0	-0.7022149999999999	-0.703503	-0.10944000000000001	0.0	1.82405	0.7265159999999999	0.91266	0.320088	
0	0.715555	0.497679	-0.490201	0.0	0.311369	0.40094	0.861567	0.0	0.625325	-0.7691319999999999	0.131932	0.0	-3.40535	-3.5885300000000004	-2.9234400000000003	0.352589	-0.24778000000000003	0.38555900000000004	-0.888791	0.0	0.667722	-0.596746	-0.44501899999999994	0.0	-0.701963	-0.703732	-0.10958499999999999	0.0	1.8414599999999999	0.72502	0.909093	0.319903	
0	0.711206	0.502376	-0.491737	0.0	0.268882	0.45191099999999995	0.850576	0.0	0.64953	-0.737153	0.18632200000000002	0.0	-3.4260800000000002	-3.55179	-2.90503	0.348353	-0.247652	0.386009	-0.888631	0.0	0.6684859999999999	-0.5958180000000001	-0.445115	0.0	-0.701281	-0.704271	-0.11048699999999999	0.0	1.84066	0.717904	0.9070809999999999	0.319531	
0	0.7100569999999999	0.499842	-0.495961	0.0	0.240871	0.489435	0.8381139999999999	0.0	0.661665	-0.714571	0.227129	0.0	-3.4579699999999995	-3.46826	-2.9057	0.346939	-0.24808200000000002	0.384875	-0.8890030000000001	0.0	0.6684180000000001	-0.596237	-0.444655	0.0	-0.701194	-0.704537	-0.10934200000000001	0.0	1.83745	0.70907	0.90838	0.319544	
0	0.729507	0.492062	-0.47507299999999997	0.0	0.22308899999999998	0.485414	0.8453430000000001	0.0	0.646568	-0.7226670000000001	0.244339	0.0	-3.50495	-3.40732	-2.87093	0.348405	-0.248427	0.384171	-0.8892110000000001	0.0	0.668035	-0.596801	-0.444474	0.0	-0.701437	-0.704443	-0.108378	0.0	1.8419999999999999	0.7159220000000001	0.921966	0.31961	
0	0.739559	0.487806	-0.463787	0.0	0.22169	0.47406499999999996	0.852125	0.0	0.635537	-0.733013	0.242457	0.0	-3.5388300000000004	-3.38064	-2.82356	0.34926599999999997	-0.248468	0.383461	-0.8895059999999999	0.0	0.6676479999999999	-0.597525	-0.44408500000000006	0.0	-0.7017909999999999	-0.704218	-0.107551	0.0	1.84443	0.7191569999999999	0.924165	0.319737	
0	0.773882	0.46198100000000003	-0.43322	0.0	0.223316	0.441053	0.8692540000000001	0.0	0.5926520000000001	-0.7694449999999999	0.238156	0.0	-3.47106	-3.43724	-2.54575	0.354877	-0.249401	0.380833	-0.890374	0.0	0.666639	-0.59938	-0.44309899999999997	0.0	-0.7024189999999999	-0.704067	-0.10439200000000001	0.0	1.84585	0.720774	0.921675	0.320286	
0	0.802435	0.43938599999999994	-0.403781	0.0	0.22126300000000002	0.409337	0.8851479999999999	0.0	0.554203	-0.799615	0.231246	0.0	-3.43605	-3.4281	-2.51468	0.35689	-0.249599	0.37942800000000004	-0.890918	0.0	0.665946	-0.6006729999999999	-0.442388	0.0	-0.703005	-0.703723	-0.102752	0.0	1.8444900000000002	0.722267	0.9214899999999999	0.32074	
0	0.812942	0.430671	-0.391979	0.0	0.21743200000000001	0.399951	0.8903719999999999	0.0	0.54023	-0.80905	0.23149499999999998	0.0	-3.42455	-3.4307	-2.4979400000000003	0.35844499999999996	-0.249968	0.37903000000000003	-0.890984	0.0	0.665933	-0.6007	-0.442371	0.0	-0.702886	-0.703914	-0.102253	0.0	1.84112	0.723358	0.926293	0.32105300000000003	
0	0.8492	0.39314699999999997	-0.352556	0.0	0.223054	0.3381	0.9142950000000001	0.0	0.47865100000000005	-0.855058	0.19942100000000001	0.0	-3.33394	-3.6261300000000003	-2.28905	0.35387199999999996	-0.251105	0.376121	-0.8918969999999999	0.0	0.664139	-0.6033729999999999	-0.44143000000000004	0.0	-0.704177	-0.7031890000000001	-0.0982869	0.0	1.81923	0.733865	0.9447129999999999	0.321748	
0	0.8671479999999999	0.371219	-0.332042	0.0	0.230753	0.29136	0.928365	0.0	0.441371	-0.881649	0.166992	0.0	-3.29958	-3.62477	-2.2566900000000003	0.353016	-0.25196399999999997	0.374745	-0.8922329999999999	0.0	0.662917	-0.604849	-0.441247	0.0	-0.705021	-0.702655	-0.0960254	0.0	1.8087099999999998	0.7402479999999999	0.947327	0.32214899999999996	
0	0.8801680000000001	0.34824499999999997	-0.322538	0.0	0.241456	0.256536	0.935889	0.0	0.408661	-0.901618	0.141709	0.0	-3.26926	-3.62091	-2.23588	0.35180500000000003	-0.25307399999999997	0.372657	-0.8927940000000001	0.0	0.6614359999999999	-0.606809	-0.44077799999999995	0.0	-0.706014	-0.702075	-0.09292189999999999	0.0	1.80578	0.744988	0.9535540000000001	0.322427	
0	0.889626	0.328407	-0.31735599999999997	0.0	0.24962199999999998	0.23224099999999998	0.9400809999999999	0.0	0.382432	-0.9155399999999999	0.12462999999999999	0.0	-3.24852	-3.61626	-2.2349200000000002	0.356198	-0.254393	0.369772	-0.893618	0.0	0.660654	-0.608362	-0.439809	0.0	-0.706272	-0.702257	-0.08952919999999999	0.0	1.80804	0.753328	0.9682940000000001	0.322945	
0	0.891808	0.32668400000000003	-0.31297800000000003	0.0	0.24879400000000002	0.223663	0.942378	0.0	0.377862	-0.9182879999999999	0.11818699999999999	0.0	-3.24812	-3.6193800000000005	-2.24042	0.360511	-0.255243	0.36864600000000003	-0.89384	0.0	0.660583	-0.6085699999999999	-0.43962700000000005	0.0	-0.7060310000000001	-0.7026680000000001	-0.0881882	0.0	1.80882	0.759321	0.9711110000000001	0.32305100000000003	
0	0.898561	0.33365700000000004	-0.285064	0.0	0.22048	0.21840900000000002	0.950624	0.0	0.379443	-0.9170440000000001	0.122689	0.0	-3.25172	-3.6215900000000003	-2.2612799999999997	0.355823	-0.255372	0.369252	-0.8935540000000001	0.0	0.662463	-0.606333	-0.43988900000000003	0.0	-0.704221	-0.704282	-0.0897752	0.0	1.80558	0.7610020000000001	0.973023	0.323184	
0	0.9087620000000001	0.338287	-0.244364	0.0	0.17385699999999998	0.22542600000000002	0.958623	0.0	0.37937600000000005	-0.913644	0.146045	0.0	-3.25136	-3.62244	-2.27737	0.355767	-0.254388	0.371371	-0.892956	0.0	0.663441	-0.604795	-0.440532	0.0	-0.7036560000000001	-0.70449	-0.0925303	0.0	1.80603	0.757837	0.968525	0.32414899999999996	
0	0.912324	0.348747	-0.21456999999999998	0.0	0.102809	0.312138	0.944458	0.0	0.396352	-0.883711	0.248916	0.0	-3.2861800000000003	-3.6165599999999998	-2.3344400000000003	0.35985300000000003	-0.253143	0.373835	-0.892281	0.0	0.664219	-0.603416	-0.441251	0.0	-0.703372	-0.7043699999999999	-0.0955577	0.0	1.8042799999999999	0.7499600000000001	0.956923	0.32702800000000004	
0	0.907078	0.362942	-0.213267	0.0	0.0799107	0.34894899999999995	0.9337280000000001	0.0	0.413308	-0.864007	0.287521	0.0	-3.30709	-3.6201	-2.36135	0.36238000000000004	-0.252675	0.37371	-0.892466	0.0	0.663833	-0.6040949999999999	-0.440902	0.0	-0.703904	-0.703854	-0.095441	0.0	1.80525	0.7482479999999999	0.95629	0.32716799999999996	
0	0.8896209999999999	0.385914	-0.24422199999999997	0.0	0.0535026	0.44300500000000004	0.894921	0.0	0.453554	-0.809207	0.37346	0.0	-3.32701	-3.62169	-2.1629400000000003	0.357141	-0.252986	0.373158	-0.892609	0.0	0.6634399999999999	-0.604607	-0.440792	0.0	-0.704163	-0.703707	-0.09461080000000001	0.0	1.80385	0.7443489999999999	0.9536549999999999	0.32759299999999997	
0	0.8822040000000001	0.396609	-0.253805	0.0	0.04362630000000001	0.467851	0.8827299999999999	0.0	0.468841	-0.789821	0.395438	0.0	-3.3361	-3.62589	-2.12197	0.355428	-0.25304899999999997	0.37257199999999996	-0.8928360000000001	0.0	0.663323	-0.604982	-0.440453	0.0	-0.70425	-0.703695	-0.0940454	0.0	1.80285	0.741222	0.955161	0.327727	
0	0.864757	0.419781	-0.275645	0.0	0.020800299999999997	0.518474	0.8548399999999999	0.0	0.50176	-0.744962	0.439622	0.0	-3.31011	-3.6401199999999996	-2.01511	0.352007	-0.253909	0.37139099999999997	-0.893084	0.0	0.664383	-0.604079	-0.440096	0.0	-0.702941	-0.705094	-0.0933648	0.0	1.8064	0.740315	0.973823	0.328386	
0	0.8629760000000001	0.422429	-0.27717600000000003	0.0	0.0181143	0.5223760000000001	0.8525229999999999	0.0	0.50492	-0.7407279999999999	0.443146	0.0	-3.30849	-3.64171	-2.01258	0.352641	-0.253784	0.371269	-0.89317	0.0	0.66464	-0.603943	-0.43989399999999995	0.0	-0.702743	-0.705275	-0.09348989999999999	0.0	1.80585	0.740201	0.974549	0.328361	
0	0.8541549999999999	0.436435	-0.282744	0.0	-0.00799078	0.55467	0.832032	0.0	0.519958	-0.708425	0.47726199999999996	0.0	-3.236	-3.5904800000000003	-1.8583599999999998	0.352475	-0.253338	0.373114	-0.8925280000000001	0.0	0.6658069999999999	-0.602082	-0.44068	0.0	-0.701799	-0.705892	-0.09589160000000001	0.0	1.8041099999999999	0.738288	0.9663149999999999	0.328963	
0	0.8555799999999999	0.439464	-0.273596	0.0	-0.019302200000000002	0.5552279999999999	0.8314739999999999	0.0	0.517311	-0.706112	0.48352399999999995	0.0	-3.20282	-3.57919	-1.7574900000000002	0.352479	-0.252893	0.374289	-0.8921620000000001	0.0	0.66606	-0.601467	-0.441136	0.0	-0.701719	-0.7057939999999999	-0.0971924	0.0	1.80325	0.7386229999999999	0.957778	0.329125	
0	0.8899450000000001	0.43462700000000004	-0.138193	0.0	-0.0673431	0.42491999999999996	0.9027229999999999	0.0	0.451068	-0.794067	0.40742399999999995	0.0	-3.09674	-3.63688	-1.54767	0.349149	-0.253114	0.37148200000000003	-0.893272	0.0	0.66428	-0.604529	-0.43963199999999997	0.0	-0.703324	-0.7046600000000001	-0.0937535	0.0	1.80929	0.739202	0.953048	0.32955100000000004	
0	0.9056120000000001	0.419955	-0.059195500000000005	0.0	-0.09617519999999999	0.33929699999999996	0.93575	0.0	0.413058	-0.841733	0.347661	0.0	-3.07631	-3.63341	-1.4879200000000001	0.34615799999999997	-0.254954	0.366799	-0.894683	0.0	0.663407	-0.606798	-0.437821	0.0	-0.703484	-0.705163	-0.0886315	0.0	1.81205	0.744304	0.9625819999999999	0.329952	
0	0.9130969999999999	0.407304	-0.018915500000000002	0.0	-0.115071	0.301917	0.946364	0.0	0.39116799999999996	-0.8619450000000001	0.322548	0.0	-3.0647900000000003	-3.6324699999999996	-1.4595799999999999	0.346889	-0.255927	0.364742	-0.8952459999999999	0.0	0.6637	-0.607033	-0.43705200000000005	0.0	-0.702855	-0.7060270000000001	-0.08672300000000001	0.0	1.8183900000000002	0.754265	0.9815020000000001	0.330542	
0	0.922076	0.383243	0.05386319999999999	0.0	-0.14007999999999998	0.20076	0.9695739999999999	0.0	0.360769	-0.901565	0.238801	0.0	-3.04663	-3.63329	-1.3795600000000001	0.343972	-0.255849	0.364722	-0.8952760000000001	0.0	0.663714	-0.607066	-0.436983	0.0	-0.702869	-0.706009	-0.08675369999999999	0.0	1.82575	0.7662399999999999	0.9963139999999999	0.33129200000000003	
0	0.9217069999999999	0.381231	0.0715516	0.0	-0.14846900000000002	0.176323	0.9730709999999999	0.0	0.358348	-0.90751	0.21911799999999998	0.0	-3.04757	-3.6358599999999996	-1.36316	0.342464	-0.255924	0.364607	-0.895302	0.0	0.663235	-0.607567	-0.437015	0.0	-0.703294	-0.705638	-0.08632949999999999	0.0	1.8280299999999998	0.7684989999999999	0.998324	0.331549	
0	0.9210200000000001	0.375992	0.10174	0.0	-0.15531099999999998	0.114954	0.9811549999999999	0.0	0.357211	-0.919465	0.164271	0.0	-3.0482299999999998	-3.6433199999999997	-1.32464	0.33358899999999997	-0.25651799999999997	0.361779	-0.896278	0.0	0.662171	-0.6097199999999999	-0.43562700000000004	0.0	-0.704079	-0.705236	-0.0831557	0.0	1.8332400000000002	0.775412	1.00783	0.331849	
0	0.9217360000000001	0.37408800000000003	0.102278	0.0	-0.154997	0.113594	0.9813629999999999	0.0	0.355497	-0.9204100000000001	0.162686	0.0	-3.04586	-3.63875	-1.3451600000000001	0.309228	-0.25666300000000003	0.360506	-0.896749	0.0	0.661942	-0.6104970000000001	-0.434886	0.0	-0.704242	-0.705216	-0.0819424	0.0	1.8364	0.781162	1.0125600000000001	0.33203699999999997	
0	0.93525	0.346188	0.07390110000000001	0.0	-0.133723	0.15221700000000002	0.979259	0.0	0.327759	-0.9257340000000001	0.188654	0.0	-3.00832	-3.61255	-1.51833	0.138133	-0.256979	0.35994299999999996	-0.896885	0.0	0.66178	-0.610779	-0.434737	0.0	-0.704279	-0.705259	-0.0812462	0.0	1.8405200000000002	0.789799	1.02136	0.333219	
