0	0.593132	0.516197	-0.617847	0.0	0.683923	0.081848	0.7249479999999999	0.0	0.42478599999999994	-0.85255	-0.30449299999999996	0.0	-2.7396700000000003	2.0	1.46191	0.0	-0.593133	0.516197	-0.617846	0.0	0.752043	0.08123739999999999	-0.654089	0.0	-0.287446	-0.852608	-0.43638699999999997	0.0	2.66032	2.0	1.53809	0.0	
0	0.0437302	0.739449	-0.671791	0.0	0.224086	0.648041	0.727893	0.0	0.9735879999999999	-0.18237	-0.13736099999999998	0.0	-2.74035	1.9505400000000002	1.3799299999999999	2.0504000000000002e-05	-0.06393380000000001	0.549812	-0.832838	0.0	0.368793	-0.762452	-0.531656	0.0	-0.9273100000000001	-0.34113499999999997	-0.15402000000000002	0.0	2.67576	1.99445	1.58556	3.8034299999999996e-05	
0	-0.151346	0.693405	-0.704475	0.0	-0.0979816	0.698651	0.7087220000000001	0.0	0.983613	0.176288	-0.037797500000000005	0.0	-2.7928599999999997	1.79971	1.5455299999999998	0.0	-0.0231893	0.527881	-0.849002	0.0	0.25761300000000004	-0.817396	-0.515266	0.0	-0.9659700000000001	-0.23066199999999998	-0.11703399999999999	0.0	2.76635	1.85827	1.6395400000000002	0.0	
0	-0.170794	0.692866	-0.700547	0.0	-0.114001	0.6923229999999999	0.712526	0.0	0.97869	0.201558	-0.03925669999999999	0.0	-2.82366	1.7430400000000001	1.54849	0.0	-0.0186205	0.522762	-0.852275	0.0	0.26373800000000003	-0.819664	-0.508521	0.0	-0.9644149999999999	-0.234246	-0.12261	0.0	2.76262	1.82854	1.7008900000000002	0.0	
0	-0.214344	0.6343300000000001	-0.742753	0.0	-0.0869664	0.745013	0.661357	0.0	0.972879	0.206352	-0.104523	0.0	-2.83423	1.7589400000000002	1.49037	0.0	-0.0242727	0.514844	-0.8569399999999999	0.0	0.282067	-0.8188380000000001	-0.499943	0.0	-0.9590879999999999	-0.253849	-0.125345	0.0	2.67873	1.79699	1.7465099999999998	0.0	
0	-0.24688600000000002	0.6101	-0.7528779999999999	0.0	-0.08826569999999999	0.75954	0.6444439999999999	0.0	0.965016	0.225557	-0.133669	0.0	-2.8313	1.84392	1.40673	0.0244273	0.00541359	0.547249	-0.836952	0.0	0.26711	-0.807345	-0.526162	0.0	-0.963651	-0.22071	-0.150546	0.0	2.61476	1.8235400000000002	1.7292599999999998	0.0	
0	-0.31685599999999997	0.556085	-0.768357	0.0	-0.135629	0.775208	0.616974	0.0	0.9387260000000001	0.29970399999999997	-0.170208	0.0	-2.77906	1.9680400000000002	1.25657	0.304613	0.025688	0.538867	-0.8419989999999999	0.0	0.231595	-0.82257	-0.519367	0.0	-0.9724729999999999	-0.181661	-0.145929	0.0	2.48295	1.8741599999999998	1.67583	0.339983	
0	-0.339507	0.55456	-0.759736	0.0	-0.160245	0.7618020000000001	0.627677	0.0	0.926853	0.334845	-0.169772	0.0	-2.66782	2.03085	1.15816	0.319625	0.0172039	0.53022	-0.847686	0.0	0.224487	-0.8282149999999999	-0.5134850000000001	0.0	-0.974325	-0.18146099999999998	-0.133276	0.0	2.24355	1.8946599999999998	1.70137	0.340021	
0	-0.301706	0.581375	-0.75563	0.0	-0.10369300000000001	0.7678520000000001	0.63218	0.0	0.9477450000000001	0.26908699999999997	-0.171381	0.0	-2.59872	1.9492200000000002	1.15384	0.32910900000000004	-0.029270099999999997	0.527694	-0.84893	0.0	0.23053099999999999	-0.822835	-0.519421	0.0	-0.972625	-0.21090799999999998	-0.0975655	0.0	2.08016	1.81805	1.74193	0.339089	
0	-0.241358	0.6453939999999999	-0.724715	0.0	0.00859177	0.748185	0.663434	0.0	0.970398	0.153899	-0.18612599999999999	0.0	-2.5586599999999997	1.78952	1.16886	0.3468	-0.041372000000000006	0.5013	-0.864284	0.0	0.263851	-0.828836	-0.49337	0.0	-0.963676	-0.248454	-0.09797819999999999	0.0	1.96285	1.73505	1.7216799999999999	0.336843	
0	-0.186675	0.6835220000000001	-0.7056560000000001	0.0	0.0787542	0.726382	0.682765	0.0	0.97926	0.0718813	-0.189427	0.0	-2.5583299999999998	1.57438	1.1322299999999998	0.350248	-0.0600979	0.478591	-0.8759790000000001	0.0	0.310212	-0.8251569999999999	-0.47210699999999994	0.0	-0.948766	-0.300112	-0.09887439999999999	0.0	1.8743	1.6248200000000002	1.68071	0.335723	
0	-0.136677	0.70981	-0.691005	0.0	0.182799	0.7036439999999999	0.6866359999999999	0.0	0.9736030000000001	-0.0324675	-0.225925	0.0	-2.58303	1.3612600000000001	1.04419	0.350896	-0.0525389	0.478574	-0.876474	0.0	0.352916	-0.8121510000000001	-0.46460799999999997	0.0	-0.9341790000000001	-0.33373200000000003	-0.126227	0.0	1.8166400000000003	1.51754	1.5981	0.336037	
0	-0.0736545	0.726869	-0.682815	0.0	0.295683	0.669806	0.681125	0.0	0.952442	-0.151729	-0.264257	0.0	-2.64035	1.13116	0.930148	0.351269	-0.0506255	0.48498900000000006	-0.8730540000000001	0.0	0.405694	-0.7888149999999999	-0.461718	0.0	-0.9126059999999999	-0.37756799999999996	-0.156823	0.0	1.8197299999999998	1.38694	1.50411	0.336319	
0	-0.018384599999999997	0.712755	-0.701172	0.0	0.415191	0.643408	0.643151	0.0	0.9095489999999999	-0.279296	-0.307758	0.0	-2.73862	0.889926	0.790008	0.35199	-0.0446355	0.49626400000000004	-0.867024	0.0	0.46686700000000003	-0.7569229999999999	-0.457279	0.0	-0.883201	-0.425195	-0.197904	0.0	1.9363599999999999	1.24329	1.38486	0.337735	
0	0.0195703	0.689715	-0.723817	0.0	0.5067020000000001	0.617254	0.601873	0.0	0.861899	-0.378538	-0.3374	0.0	-2.8484599999999998	0.697769	0.7108949999999999	0.352613	-0.0259661	0.502632	-0.8641110000000001	0.0	0.533046	-0.724299	-0.437325	0.0	-0.8456879999999999	-0.471966	-0.249119	0.0	2.08752	1.1281299999999999	1.26728	0.338446	
0	0.0283332	0.671525	-0.74044	0.0	0.5742010000000001	0.595399	0.561955	0.0	0.818224	-0.441083	-0.368721	0.0	-2.95162	0.574172	0.624428	0.35328899999999996	-0.013541899999999999	0.511494	-0.8591799999999999	0.0	0.587572	-0.691184	-0.420742	0.0	-0.809059	-0.510528	-0.29118	0.0	2.22363	1.04226	1.12165	0.339654	
0	0.023944200000000002	0.6420939999999999	-0.766252	0.0	0.617016	0.593577	0.516679	0.0	0.786587	-0.48516099999999995	-0.38197	0.0	-3.02173	0.48081999999999997	0.552359	0.354692	-0.018113499999999998	0.540189	-0.841349	0.0	0.653421	-0.630528	-0.41889799999999994	0.0	-0.756778	-0.557343	-0.34155	0.0	2.35949	0.9564590000000001	0.995022	0.34020300000000003	
0	-0.0181628	0.62708	-0.7787430000000001	0.0	0.6547850000000001	0.596071	0.464712	0.0	0.7555970000000001	-0.5014689999999999	-0.42142799999999997	0.0	-3.09317	0.437954	0.453683	0.355265	-0.022494999999999998	0.561393	-0.8272430000000001	0.0	0.700332	-0.581657	-0.413775	0.0	-0.713462	-0.588653	-0.380078	0.0	2.4853	0.8877729999999999	0.889917	0.341578	
0	-0.0267728	0.625663	-0.779634	0.0	0.680193	0.582928	0.444446	0.0	0.732544	-0.518403	-0.44117799999999996	0.0	-3.1451599999999997	0.38998	0.396973	0.35523299999999997	-0.0608628	0.610224	-0.789888	0.0	0.7603479999999999	-0.484342	-0.432763	0.0	-0.646658	-0.626929	-0.43450500000000003	0.0	2.55756	0.868132	0.8292700000000001	0.342042	
0	-0.029004000000000002	0.6267050000000001	-0.778717	0.0	0.707412	0.563267	0.426965	0.0	0.706206	-0.5384899999999999	-0.45967600000000003	0.0	-3.19782	0.303663	0.33624	0.355173	-0.0717579	0.623681	-0.778379	0.0	0.789884	-0.44098699999999996	-0.426162	0.0	-0.6090439999999999	-0.645409	-0.460992	0.0	2.6996	0.831161	0.760393	0.342645	
0	-0.019594999999999998	0.6316069999999999	-0.775041	0.0	0.719296	0.547322	0.427846	0.0	0.6944279999999999	-0.5491	-0.465037	0.0	-3.23895	0.254391	0.331052	0.355057	-0.0635608	0.621479	-0.780848	0.0	0.7946770000000001	-0.441788	-0.416307	0.0	-0.603696	-0.646983	-0.46579499999999996	0.0	2.7568099999999998	0.8223469999999999	0.738078	0.34254	
0	-0.0156262	0.6364850000000001	-0.771131	0.0	0.723441	0.539568	0.430696	0.0	0.690209	-0.551138	-0.468891	0.0	-3.27507	0.21658899999999998	0.302886	0.354986	-0.0555177	0.6194	-0.7831100000000001	0.0	0.801007	-0.44060600000000005	-0.405283	0.0	-0.596075	-0.649777	-0.471682	0.0	2.77475	0.814809	0.726869	0.342966	
0	-0.0153519	0.644209	-0.764695	0.0	0.723225	0.5352560000000001	0.43640100000000004	0.0	0.690442	-0.546347	-0.47412600000000005	0.0	-3.28904	0.193759	0.280948	0.355132	-0.05252230000000001	0.621025	-0.782029	0.0	0.810013	-0.431517	-0.397079	0.0	-0.584055	-0.654309	-0.48037399999999997	0.0	2.77035	0.792502	0.7227979999999999	0.342975	
0	-0.0160135	0.6572279999999999	-0.753522	0.0	0.717812	0.5321819999999999	0.44891899999999996	0.0	0.6960529999999999	-0.533698	-0.480288	0.0	-3.30039	0.184367	0.25516700000000003	0.355482	-0.051841099999999994	0.625009	-0.778895	0.0	0.817894	-0.42096000000000006	-0.392227	0.0	-0.573029	-0.6573869999999999	-0.489368	0.0	2.77858	0.761425	0.699225	0.34280900000000003	
0	-0.017031	0.671771	-0.740563	0.0	0.713271	0.527212	0.46183500000000005	0.0	0.7006819999999999	-0.520356	-0.488134	0.0	-3.3282300000000005	0.18415499999999999	0.223896	0.355385	-0.0471867	0.625842	-0.778521	0.0	0.829586	-0.409568	-0.37952800000000003	0.0	-0.5563819999999999	-0.663759	-0.49986400000000003	0.0	2.8271	0.689746	0.613089	0.342532	
0	-0.0147042	0.686679	-0.726812	0.0	0.710525	0.518612	0.475601	0.0	0.703519	-0.509425	-0.49552799999999997	0.0	-3.3419800000000004	0.195664	0.195881	0.35525100000000004	-0.040178	0.617854	-0.785266	0.0	0.838628	-0.406411	-0.362676	0.0	-0.543221	-0.673117	-0.501821	0.0	2.8839599999999996	0.595996	0.535142	0.34191	
0	-0.011981499999999999	0.696002	-0.7179399999999999	0.0	0.706896	0.513707	0.486213	0.0	0.7072149999999999	-0.501683	-0.49815600000000004	0.0	-3.36131	0.226456	0.13809200000000002	0.354781	-0.02737	0.606593	-0.7945409999999999	0.0	0.84026	-0.4166	-0.346999	0.0	-0.541493	-0.677118	-0.49829399999999996	0.0	2.91277	0.531542	0.49568100000000004	0.34174699999999997	
0	0.00640833	0.6997869999999999	-0.714322	0.0	0.708795	0.500714	0.496884	0.0	0.705385	-0.509493	-0.49279700000000004	0.0	-3.3834	0.263077	0.12468	0.35451	-0.024444099999999996	0.604513	-0.7962199999999999	0.0	0.841618	-0.41739	-0.34273200000000004	0.0	-0.539521	-0.6784899999999999	-0.498566	0.0	2.9399	0.48493400000000003	0.437921	0.341644	
0	0.12203599999999999	0.699361	-0.704274	0.0	0.7272930000000001	0.419839	0.542936	0.0	0.6753899999999999	-0.578471	-0.457405	0.0	-3.4042800000000004	0.2259	0.16926300000000002	0.354504	-0.0223975	0.602035	-0.7981550000000001	0.0	0.844781	-0.415546	-0.337145	0.0	-0.534643	-0.681818	-0.49928100000000003	0.0	2.95872	0.466693	0.384262	0.341725	
0	0.189163	0.6918529999999999	-0.696819	0.0	0.735627	0.370211	0.567271	0.0	0.650438	-0.6199060000000001	-0.43891499999999994	0.0	-3.43951	0.132486	0.151027	0.355434	-0.0219706	0.599508	-0.800068	0.0	0.845001	-0.416559	-0.33534	0.0	-0.5343140000000001	-0.683425	-0.497433	0.0	2.97401	0.45231000000000005	0.40181999999999995	0.341723	
0	0.243117	0.660872	-0.71003	0.0	0.741084	0.34573899999999996	0.5755520000000001	0.0	0.625851	-0.666118	-0.405706	0.0	-3.45475	0.000130169	0.114346	0.35635700000000003	-0.019946099999999998	0.594775	-0.8036449999999999	0.0	0.8473809999999999	-0.41653500000000004	-0.329308	0.0	-0.53061	-0.687562	-0.49569300000000005	0.0	2.9778599999999997	0.45008100000000006	0.43561099999999997	0.341912	
0	0.24891300000000002	0.647658	-0.720126	0.0	0.739742	0.35279699999999997	0.572988	0.0	0.625159	-0.6753319999999999	-0.391284	0.0	-3.43016	-0.0882425	0.0571243	0.356675	-0.00922212	0.587426	-0.809226	0.0	0.858123	-0.410812	-0.307992	0.0	-0.513362	-0.6972550000000001	-0.5002949999999999	0.0	2.98182	0.459556	0.44544700000000004	0.342233	
0	0.247452	0.657395	-0.711758	0.0	0.735919	0.35030700000000004	0.579403	0.0	0.6302300000000001	-0.667171	-0.39710500000000004	0.0	-3.3518800000000004	-0.120433	-0.035114400000000004	0.35583200000000004	0.0208793	0.584126	-0.811395	0.0	0.8768219999999999	-0.400631	-0.265853	0.0	-0.480361	-0.7058979999999999	-0.5205390000000001	0.0	2.9771	0.463871	0.350202	0.341942	
0	0.240314	0.671419	-0.701032	0.0	0.7308439999999999	0.350145	0.585889	0.0	0.638839	-0.653142	-0.406558	0.0	-3.26743	-0.121456	-0.163525	0.355017	0.038687	0.5761539999999999	-0.816425	0.0	0.883768	-0.401018	-0.241121	0.0	-0.46632399999999996	-0.712202	-0.5247	0.0	2.97233	0.434389	0.25814699999999996	0.341758	
0	0.22707800000000003	0.68299	-0.694234	0.0	0.722267	0.360074	0.590489	0.0	0.653273	-0.635509	-0.411537	0.0	-3.19834	-0.103894	-0.279308	0.354538	0.03284430000000001	0.5686770000000001	-0.8219049999999999	0.0	0.881072	-0.40470100000000003	-0.24480500000000002	0.0	-0.471841	-0.716117	-0.514338	0.0	2.9020900000000003	0.373167	0.21506199999999998	0.34176799999999996	
0	0.198811	0.693775	-0.692207	0.0	0.7130810000000001	0.38211999999999996	0.587792	0.0	0.6723020000000001	-0.610459	-0.418749	0.0	-3.1470599999999997	-0.0730538	-0.356958	0.354216	0.0211502	0.563136	-0.8260930000000001	0.0	0.879387	-0.403575	-0.25259699999999996	0.0	-0.475637	-0.721114	-0.50375	0.0	2.7826299999999997	0.311618	0.174511	0.341496	
0	0.169071	0.708559	-0.685098	0.0	0.708518	0.39582399999999995	0.5842310000000001	0.0	0.68514	-0.5841810000000001	-0.435104	0.0	-3.10975	-0.0196311	-0.386475	0.35420799999999997	0.0204831	0.558763	-0.829075	0.0	0.8772110000000001	-0.40789200000000003	-0.25323	0.0	-0.47966800000000004	-0.722086	-0.498508	0.0	2.68237	0.320422	0.0584174	0.341334	
0	0.170207	0.697774	-0.695802	0.0	0.7065020000000001	0.40582199999999996	0.579796	0.0	0.686938	-0.590271	-0.42390500000000003	0.0	-3.09824	-0.010485799999999998	-0.368578	0.35430500000000004	0.0187326	0.5438850000000001	-0.838951	0.0	0.877446	-0.41120100000000004	-0.246986	0.0	-0.47930900000000004	-0.731507	-0.484933	0.0	2.64636	0.349536	0.0846821	0.341269	
0	0.159633	0.69915	-0.6969270000000001	0.0	0.701854	0.416079	0.578168	0.0	0.694203	-0.581436	-0.424282	0.0	-3.10235	0.042567400000000005	-0.360349	0.354471	0.024243099999999997	0.539443	-0.841673	0.0	0.875682	-0.41762	-0.24243699999999999	0.0	-0.48228000000000004	-0.73116	-0.482505	0.0	2.6595	0.384067	0.139708	0.340991	
0	0.136622	0.71358	-0.6871229999999999	0.0	0.698901	0.42213599999999996	0.577354	0.0	0.702048	-0.5591109999999999	-0.44104899999999997	0.0	-3.10189	0.126898	-0.353172	0.354444	0.0331256	0.538131	-0.84221	0.0	0.8759	-0.42147799999999996	-0.234853	0.0	-0.48135500000000003	-0.729912	-0.485311	0.0	2.68368	0.417487	0.186298	0.341117	
0	0.10560399999999999	0.725789	-0.679763	0.0	0.698574	0.43234799999999995	0.570148	0.0	0.707702	-0.535075	-0.46136000000000005	0.0	-3.11029	0.193852	-0.32870900000000003	0.354587	0.0388151	0.531963	-0.845878	0.0	0.870368	-0.433841	-0.23289899999999997	0.0	-0.49087	-0.7271850000000001	-0.479843	0.0	2.70602	0.43199399999999993	0.22431900000000002	0.340904	
0	0.0856045	0.7327779999999999	-0.6750619999999999	0.0	0.696238	0.440663	0.566629	0.0	0.712688	-0.51851	-0.47246499999999997	0.0	-3.12758	0.22378499999999998	-0.314015	0.354757	0.0468499	0.532051	-0.845416	0.0	0.865611	-0.444009	-0.231462	0.0	-0.498521	-0.720957	-0.48135100000000003	0.0	2.71177	0.46843500000000005	0.251843	0.340933	
0	0.069073	0.743412	-0.665257	0.0	0.690715	0.44552299999999995	0.56958	0.0	0.71982	-0.498846	-0.482713	0.0	-3.14553	0.28078600000000004	-0.295489	0.355103	0.0485721	0.530503	-0.84629	0.0	0.863625	-0.44797	-0.231246	0.0	-0.50179	-0.719645	-0.479914	0.0	2.69845	0.49749	0.26887	0.34105599999999997	
0	0.054898699999999995	0.745434	-0.664315	0.0	0.683272	0.45710200000000006	0.569383	0.0	0.728097	-0.485166	-0.48423999999999995	0.0	-3.15224	0.345619	-0.275949	0.355376	0.0498086	0.5333859999999999	-0.844404	0.0	0.8610329999999999	-0.451351	-0.234316	0.0	-0.506104	-0.715389	-0.48174399999999995	0.0	2.6784	0.5236609999999999	0.295037	0.341254	
0	0.038041900000000003	0.748063	-0.662536	0.0	0.675261	0.46948500000000004	0.568864	0.0	0.7365970000000001	-0.469026	-0.487278	0.0	-3.15633	0.402041	-0.281816	0.355533	0.051804199999999995	0.534233	-0.8437479999999999	0.0	0.8596600000000001	-0.45383100000000004	-0.234569	0.0	-0.508234	-0.7131850000000001	-0.48276899999999995	0.0	2.6444400000000003	0.544788	0.309162	0.341333	
0	0.0287573	0.749513	-0.661365	0.0	0.670984	0.475945	0.5685560000000001	0.0	0.7409140000000001	-0.46011599999999997	-0.489225	0.0	-3.15747	0.461268	-0.228012	0.35592199999999996	0.0528145	0.531033	-0.8457040000000001	0.0	0.858237	-0.45710100000000004	-0.233425	0.0	-0.510529	-0.713486	-0.479894	0.0	2.63124	0.547791	0.347681	0.34113699999999997	
0	0.0210896	0.75052	-0.660511	0.0	0.6637390000000001	0.483551	0.570639	0.0	0.747667	-0.450441	-0.48795200000000005	0.0	-3.14319	0.52288	-0.19578099999999998	0.355817	0.0542201	0.5322680000000001	-0.8448379999999999	0.0	0.857302	-0.45860500000000004	-0.23391199999999998	0.0	-0.51195	-0.711598	-0.48118	0.0	2.63076	0.560904	0.402501	0.34125900000000003	
0	0.0155065	0.753242	-0.657561	0.0	0.658412	0.48723999999999995	0.5736640000000001	0.0	0.752498	-0.441842	-0.488388	0.0	-3.12244	0.577274	-0.140862	0.35585500000000003	0.0554539	0.532153	-0.84483	0.0	0.856477	-0.46025600000000005	-0.23369299999999998	0.0	-0.513199	-0.7106180000000001	-0.481299	0.0	2.63237	0.57035	0.417055	0.341238	
0	0.014697899999999998	0.757971	-0.652122	0.0	0.652804	0.48673900000000003	0.580458	0.0	0.7573840000000001	-0.43423999999999996	-0.48765299999999995	0.0	-3.10661	0.6027359999999999	-0.115639	0.35588000000000003	0.05895740000000001	0.536887	-0.841592	0.0	0.8544719999999999	-0.463037	-0.235531	0.0	-0.516142	-0.70523	-0.486054	0.0	2.63538	0.581887	0.418383	0.341169	
0	0.014308100000000002	0.758654	-0.6513359999999999	0.0	0.64505	0.490724	0.5857479999999999	0.0	0.7640060000000001	-0.428526	-0.48234799999999994	0.0	-3.0904599999999998	0.615216	-0.0979525	0.355916	0.0613048	0.536305	-0.8417950000000001	0.0	0.853541	-0.46536099999999997	-0.23431999999999997	0.0	-0.517406	-0.704142	-0.48628699999999997	0.0	2.64073	0.600433	0.444828	0.341239	
0	0.0120095	0.761462	-0.648098	0.0	0.639776	0.492263	0.590224	0.0	0.768468	-0.42172600000000005	-0.481253	0.0	-3.05575	0.641625	-0.0914398	0.355786	0.0640783	0.537553	-0.840792	0.0	0.8517129999999999	-0.468537	-0.234645	0.0	-0.520076	-0.7010770000000001	-0.487864	0.0	2.64759	0.631957	0.489094	0.34124099999999996	
0	0.010458	0.762814	-0.646534	0.0	0.6372399999999999	0.49318500000000004	0.592194	0.0	0.770594	-0.41818999999999995	-0.48093800000000003	0.0	-3.03249	0.665821	-0.0776375	0.35581	0.0638302	0.541062	-0.838557	0.0	0.852295	-0.466675	-0.236237	0.0	-0.519153	-0.699619	-0.490932	0.0	2.6489599999999998	0.6315649999999999	0.47217	0.341382	
0	0.0100277	0.763877	-0.645284	0.0	0.637054	0.49252399999999996	0.592943	0.0	0.770754	-0.41702700000000004	-0.48169300000000004	0.0	-3.02812	0.6736850000000001	-0.0757081	0.355929	0.0635414	0.542618	-0.8375729999999999	0.0	0.8529610000000001	-0.465229	-0.23668699999999998	0.0	-0.518093	-0.6993779999999999	-0.492393	0.0	2.65132	0.621225	0.451823	0.341363	
0	0.0100281	0.7638739999999999	-0.645288	0.0	0.6370560000000001	0.49252700000000005	0.592939	0.0	0.770752	-0.41703100000000004	-0.481691	0.0	-3.02821	0.673535	-0.0757721	0.355929	0.0635401	0.542614	-0.837576	0.0	0.852957	-0.46523400000000004	-0.23669	0.0	-0.5181	-0.699377	-0.49238699999999996	0.0	2.65125	0.621374	0.452147	0.34136	
0	0.0117157	0.767608	-0.640813	0.0	0.636987	0.48826800000000004	0.596525	0.0	0.770785	-0.415178	-0.48323599999999994	0.0	-3.03605	0.628216	-0.11865099999999999	0.356006	0.06649479999999999	0.536367	-0.841361	0.0	0.851404	-0.47018699999999997	-0.23245500000000002	0.0	-0.520278	-0.700882	-0.48793000000000003	0.0	2.60328	0.649408	0.483538	0.341351	
0	0.0128943	0.768221	-0.640055	0.0	0.6374449999999999	0.486857	0.597188	0.0	0.770388	-0.4157	-0.483421	0.0	-3.03297	0.619031	-0.106342	0.355933	0.06757080000000001	0.536592	-0.841132	0.0	0.85024	-0.472087	-0.232861	0.0	-0.522039	-0.69943	-0.48813100000000004	0.0	2.6019	0.656891	0.49240100000000003	0.341364	
0	0.0153444	0.766383	-0.642201	0.0	0.641305	0.48522600000000005	0.594377	0.0	0.767133	-0.420967	-0.48403900000000005	0.0	-3.03012	0.5841689999999999	-0.11485	0.35531799999999997	0.0683984	0.534698	-0.8422700000000001	0.0	0.846583	-0.477783	-0.234562	0.0	-0.5278430000000001	-0.697008	-0.485346	0.0	2.5909400000000002	0.645011	0.486417	0.3413	
0	0.015392	0.766275	-0.642328	0.0	0.641307	0.4853	0.594314	0.0	0.76713	-0.42107700000000003	-0.48394799999999993	0.0	-3.0301400000000003	0.585088	-0.113979	0.355315	0.06841889999999999	0.5346270000000001	-0.8423139999999999	0.0	0.846506	-0.47791300000000003	-0.234578	0.0	-0.527965	-0.696974	-0.485263	0.0	2.59118	0.645329	0.48663199999999995	0.34129899999999996	
0	0.015402100000000002	0.766258	-0.6423479999999999	0.0	0.641309	0.48531	0.5943039999999999	0.0	0.767129	-0.421097	-0.483933	0.0	-3.0301400000000003	0.585147	-0.113916	0.355313	0.0684179	0.534624	-0.842316	0.0	0.846505	-0.477915	-0.234578	0.0	-0.5279659999999999	-0.696976	-0.48526	0.0	2.59119	0.645353	0.48664399999999997	0.34129899999999996	
0	0.015402200000000001	0.766258	-0.6423479999999999	0.0	0.641309	0.48531	0.5943039999999999	0.0	0.7671279999999999	-0.421097	-0.483933	0.0	-3.0301400000000003	0.585148	-0.113916	0.35531399999999996	0.0684178	0.534624	-0.842316	0.0	0.846505	-0.477915	-0.234577	0.0	-0.5279659999999999	-0.696976	-0.48526	0.0	2.59119	0.645354	0.48664399999999997	0.34129899999999996	
0	0.015402100000000002	0.766258	-0.6423479999999999	0.0	0.641309	0.48531	0.5943039999999999	0.0	0.7671279999999999	-0.421097	-0.483933	0.0	-3.0301400000000003	0.585147	-0.113916	0.35531399999999996	0.0684179	0.534624	-0.842316	0.0	0.846505	-0.477914	-0.234577	0.0	-0.5279659999999999	-0.696976	-0.48526	0.0	2.59119	0.645354	0.48664399999999997	0.34129899999999996	
0	0.015402100000000002	0.766258	-0.6423479999999999	0.0	0.641309	0.48531	0.5943039999999999	0.0	0.7671279999999999	-0.421097	-0.483933	0.0	-3.0301400000000003	0.585148	-0.113916	0.35531399999999996	0.06841760000000001	0.534624	-0.842316	0.0	0.846505	-0.477915	-0.234578	0.0	-0.5279659999999999	-0.696976	-0.48526	0.0	2.59119	0.645354	0.48664399999999997	0.34129899999999996	
0	0.015402100000000002	0.766258	-0.6423479999999999	0.0	0.641309	0.48531	0.5943039999999999	0.0	0.7671279999999999	-0.421097	-0.483933	0.0	-3.0301400000000003	0.585148	-0.113915	0.35531399999999996	0.06841760000000001	0.534624	-0.842316	0.0	0.846505	-0.477915	-0.234578	0.0	-0.5279659999999999	-0.696976	-0.48526	0.0	2.59119	0.645354	0.48664399999999997	0.34129899999999996	
0	0.015402100000000002	0.766258	-0.6423479999999999	0.0	0.641309	0.48531	0.5943039999999999	0.0	0.7671279999999999	-0.421097	-0.483933	0.0	-3.0301400000000003	0.585147	-0.113916	0.35531399999999996	0.0684179	0.534624	-0.842316	0.0	0.846505	-0.477915	-0.234578	0.0	-0.5279659999999999	-0.696975	-0.48526	0.0	2.59119	0.645354	0.48664399999999997	0.34129899999999996	
0	0.015402100000000002	0.766258	-0.6423479999999999	0.0	0.641309	0.48531	0.5943039999999999	0.0	0.7671279999999999	-0.421097	-0.483933	0.0	-3.0301400000000003	0.585147	-0.113916	0.35531399999999996	0.0684179	0.534624	-0.842316	0.0	0.846505	-0.477915	-0.234578	0.0	-0.5279659999999999	-0.696976	-0.48526	0.0	2.59119	0.645354	0.48664399999999997	0.34129899999999996	
0	0.015402100000000002	0.766258	-0.6423479999999999	0.0	0.641309	0.48531	0.5943039999999999	0.0	0.7671279999999999	-0.421097	-0.483933	0.0	-3.0301400000000003	0.585148	-0.113915	0.35531399999999996	0.0684179	0.534624	-0.842316	0.0	0.846505	-0.477915	-0.234578	0.0	-0.5279659999999999	-0.696976	-0.48526	0.0	2.59119	0.645354	0.48664399999999997	0.34129899999999996	
0	0.015402100000000002	0.766258	-0.6423479999999999	0.0	0.641309	0.48531	0.5943039999999999	0.0	0.7671279999999999	-0.421097	-0.483933	0.0	-3.0301400000000003	0.585148	-0.113915	0.35531399999999996	0.0684177	0.534624	-0.842316	0.0	0.846505	-0.477915	-0.234578	0.0	-0.5279659999999999	-0.696976	-0.48526	0.0	2.59119	0.645354	0.48664399999999997	0.34129899999999996	
0	0.015402100000000002	0.766258	-0.6423479999999999	0.0	0.641309	0.48531	0.5943039999999999	0.0	0.7671279999999999	-0.421097	-0.483933	0.0	-3.0301400000000003	0.585148	-0.113915	0.35531399999999996	0.0684179	0.534624	-0.842316	0.0	0.846505	-0.477915	-0.234578	0.0	-0.5279659999999999	-0.696976	-0.48526	0.0	2.59119	0.645354	0.48664399999999997	0.34129899999999996	
0	0.015402100000000002	0.766258	-0.6423479999999999	0.0	0.641309	0.48531	0.5943039999999999	0.0	0.7671279999999999	-0.421097	-0.483933	0.0	-3.0301400000000003	0.585148	-0.113915	0.35531399999999996	0.0684179	0.534624	-0.842316	0.0	0.846505	-0.477915	-0.234578	0.0	-0.5279659999999999	-0.696976	-0.48526	0.0	2.59119	0.645354	0.48664399999999997	0.34129899999999996	
0	0.015402100000000002	0.766258	-0.6423479999999999	0.0	0.641309	0.48531	0.5943039999999999	0.0	0.7671279999999999	-0.421097	-0.483933	0.0	-3.0301400000000003	0.585148	-0.113915	0.35531399999999996	0.0684179	0.534624	-0.842316	0.0	0.846505	-0.477915	-0.234578	0.0	-0.5279659999999999	-0.696976	-0.48526	0.0	2.59119	0.645354	0.48664399999999997	0.34129899999999996	
0	0.015402100000000002	0.766258	-0.6423479999999999	0.0	0.641309	0.48531	0.5943039999999999	0.0	0.7671279999999999	-0.421097	-0.483933	0.0	-3.0301400000000003	0.585148	-0.113915	0.35531399999999996	0.0684179	0.534624	-0.842316	0.0	0.846505	-0.477915	-0.234578	0.0	-0.5279659999999999	-0.696976	-0.48526	0.0	2.59119	0.645354	0.48664399999999997	0.34129899999999996	
0	0.015402100000000002	0.766258	-0.6423479999999999	0.0	0.641309	0.48531	0.5943039999999999	0.0	0.7671279999999999	-0.421097	-0.483933	0.0	-3.0301400000000003	0.585148	-0.113915	0.35531399999999996	0.0684179	0.534624	-0.842316	0.0	0.846505	-0.477915	-0.234578	0.0	-0.5279659999999999	-0.696976	-0.48526	0.0	2.59119	0.645354	0.48664399999999997	0.34129899999999996	
0	0.015402100000000002	0.766258	-0.6423479999999999	0.0	0.641309	0.48531	0.5943039999999999	0.0	0.7671279999999999	-0.421097	-0.483933	0.0	-3.0301400000000003	0.585148	-0.113915	0.35531399999999996	0.0684179	0.534624	-0.842316	0.0	0.846505	-0.477915	-0.234578	0.0	-0.5279659999999999	-0.696976	-0.48526	0.0	2.59119	0.645354	0.48664399999999997	0.34129899999999996	
0	0.015402100000000002	0.766258	-0.6423479999999999	0.0	0.641309	0.48531	0.5943039999999999	0.0	0.7671279999999999	-0.421097	-0.483933	0.0	-3.0301400000000003	0.585148	-0.113915	0.35531399999999996	0.0684179	0.534624	-0.842316	0.0	0.846505	-0.477915	-0.234578	0.0	-0.5279659999999999	-0.696976	-0.48526	0.0	2.59119	0.645354	0.48664399999999997	0.34129899999999996	
0	0.09967530000000001	0.69465	-0.7124090000000001	0.0	0.447597	0.608142	0.6556069999999999	0.0	0.8886629999999999	-0.38422	-0.250306	0.0	-3.0405	0.547556	-0.15237799999999999	0.359494	-0.0997378	0.44543599999999994	-0.889741	0.0	0.608738	-0.6800149999999999	-0.40867800000000004	0.0	-0.787077	-0.58238	-0.20332999999999998	0.0	2.53512	0.672547	0.502549	0.33316999999999997	
0	0.129279	0.6969609999999999	-0.70536	0.0	0.5262319999999999	0.5546800000000001	0.644523	0.0	0.840457	-0.454506	-0.295055	0.0	-3.1036799999999998	0.5215920000000001	-0.178821	0.358459	-0.0949467	0.45015900000000003	-0.8878860000000001	0.0	0.612383	-0.676775	-0.408611	0.0	-0.7848390000000001	-0.5825229999999999	-0.21141300000000002	0.0	2.54871	0.6709510000000001	0.497409	0.333924	
0	0.181142	0.6908	-0.699988	0.0	0.579939	0.49980600000000003	0.643323	0.0	0.794266	-0.522483	-0.31008600000000003	0.0	-3.1926900000000002	0.412217	-0.304911	0.359005	-0.0926135	0.45173100000000005	-0.8873340000000001	0.0	0.614367	-0.675375	-0.407948	0.0	-0.783566	-0.5829300000000001	-0.21498	0.0	2.54799	0.668425	0.485551	0.335805	
0	0.24695300000000003	0.681471	-0.688921	0.0	0.612618	0.441047	0.655879	0.0	0.7508090000000001	-0.584017	-0.30856300000000003	0.0	-3.28358	0.260995	-0.43586800000000003	0.35937199999999997	-0.09351519999999999	0.453783	-0.886192	0.0	0.6157239999999999	-0.673108	-0.409646	0.0	-0.782393	-0.583957	-0.216459	0.0	2.5477	0.665556	0.48429700000000003	0.337624	
0	0.38958899999999996	0.6678729999999999	-0.634165	0.0	0.611452	0.327356	0.720392	0.0	0.688729	-0.6684180000000001	-0.28083800000000003	0.0	-3.48409	-0.07831160000000001	-0.695292	0.36030300000000004	-0.09273239999999999	0.45762600000000003	-0.8842959999999999	0.0	0.619024	-0.669128	-0.41118999999999994	0.0	-0.779878	-0.585531	-0.22123099999999998	0.0	2.54541	0.663927	0.47227299999999994	0.339524	
0	0.448783	0.659062	-0.6035159999999999	0.0	0.60749	0.270305	0.7469210000000001	0.0	0.6554	-0.701835	-0.279066	0.0	-3.5348	-0.200003	-0.799562	0.360335	-0.09174639999999999	0.459808	-0.883267	0.0	0.621696	-0.666447	-0.411513	0.0	-0.777867	-0.586878	-0.224717	0.0	2.54745	0.6574800000000001	0.46566899999999994	0.340012	
0	0.5429390000000001	0.636421	-0.547892	0.0	0.5716140000000001	0.197883	0.796304	0.0	0.6152029999999999	-0.745527	-0.256349	0.0	-3.6489300000000005	-0.644049	-1.1283299999999998	0.36044299999999996	-0.08881010000000002	0.465502	-0.8805799999999999	0.0	0.627075	-0.66075	-0.41253599999999996	0.0	-0.77388	-0.588827	-0.233224	0.0	2.5642400000000003	0.617456	0.42112799999999995	0.340711	
0	0.562509	0.6176520000000001	-0.5496270000000001	0.0	0.570589	0.191084	0.798696	0.0	0.598341	-0.762885	-0.244939	0.0	-3.6842599999999996	-0.956469	-1.30098	0.361634	-0.0866627	0.46643900000000005	-0.8802979999999999	0.0	0.629258	-0.6594140000000001	-0.41134899999999996	0.0	-0.77235	-0.589583	-0.236364	0.0	2.5983099999999997	0.60139	0.388056	0.341019	
0	0.562646	0.607957	-0.560194	0.0	0.574433	0.19980799999999999	0.793791	0.0	0.594522	-0.768417	-0.23681	0.0	-3.70744	-1.17361	-1.43899	0.3625	-0.08630850000000001	0.46703599999999995	-0.880016	0.0	0.631287	-0.657709	-0.410969	0.0	-0.770732	-0.591013	-0.23806799999999997	0.0	2.61037	0.603403	0.370749	0.341034	
0	0.561994	0.606592	-0.562325	0.0	0.566769	0.21274899999999997	0.795934	0.0	0.602441	-0.766018	-0.22423400000000002	0.0	-3.68532	-1.4573200000000002	-1.61161	0.363503	-0.08454760000000001	0.470934	-0.878108	0.0	0.634139	-0.6543260000000001	-0.411976	0.0	-0.768583	-0.591674	-0.24331599999999998	0.0	2.62466	0.6015010000000001	0.347021	0.34116199999999997	
0	0.5685020000000001	0.606559	-0.5557810000000001	0.0	0.560597	0.20881999999999998	0.801327	0.0	0.60211	-0.767125	-0.22132	0.0	-3.6426800000000004	-1.60401	-1.67671	0.363978	-0.0829666	0.47475900000000004	-0.8761969999999999	0.0	0.637199	-0.650741	-0.412934	0.0	-0.766221	-0.592571	-0.24852600000000002	0.0	2.6188	0.588669	0.319206	0.34110100000000004	
0	0.578647	0.597852	-0.554744	0.0	0.55588	0.208616	0.804659	0.0	0.596795	-0.773985	-0.211619	0.0	-3.63279	-1.69208	-1.6748299999999998	0.363965	-0.082773	0.476038	-0.8755209999999999	0.0	0.63878	-0.648984	-0.413257	0.0	-0.764925	-0.593471	-0.250365	0.0	2.61168	0.580296	0.29054	0.341038	
0	0.59919	0.589978	-0.541199	0.0	0.54605	0.193198	0.815171	0.0	0.585492	-0.7839649999999999	-0.206396	0.0	-3.5863699999999996	-1.8842299999999998	-1.6904400000000002	0.36399000000000004	-0.0819216	0.474408	-0.8764850000000001	0.0	0.6414880000000001	-0.647954	-0.41067	0.0	-0.7627470000000001	-0.595897	-0.251246	0.0	2.62387	0.590098	0.279368	0.341006	
0	0.613494	0.584344	-0.531195	0.0	0.5381229999999999	0.18296600000000002	0.822768	0.0	0.57797	-0.790611	-0.2022	0.0	-3.5353	-2.02752	-1.69502	0.36395500000000003	-0.0820757	0.47293	-0.8772690000000001	0.0	0.641599	-0.648502	-0.40963	0.0	-0.762637	-0.596475	-0.250205	0.0	2.63512	0.59702	0.279546	0.341053	
0	0.6319100000000001	0.579681	-0.51445	0.0	0.534419	0.154843	0.830915	0.0	0.561325	-0.799996	-0.211946	0.0	-3.52386	-2.16066	-1.6954900000000002	0.36396999999999996	-0.0822772	0.47281899999999993	-0.87731	0.0	0.641113	-0.64886	-0.40982299999999994	0.0	-0.763023	-0.596174	-0.249744	0.0	2.63828	0.597327	0.27851	0.341039	
0	0.6395890000000001	0.5871	-0.496225	0.0	0.534249	0.12465699999999999	0.8360850000000001	0.0	0.552724	-0.799859	-0.233929	0.0	-3.53401	-2.2800599999999998	-1.76275	0.36397199999999996	-0.0825564	0.47309399999999996	-0.877135	0.0	0.64188	-0.648029	-0.409937	0.0	-0.7623479999999999	-0.596859	-0.250171	0.0	2.63658	0.5943609999999999	0.276858	0.341023	
0	0.640204	0.58921	-0.49291999999999997	0.0	0.538658	0.113173	0.834889	0.0	0.54771	-0.8000149999999999	-0.244928	0.0	-3.5474	-2.3586099999999997	-1.80938	0.36396999999999996	-0.0831295	0.471708	-0.877827	0.0	0.6426649999999999	-0.6478510000000001	-0.408988	0.0	-0.761624	-0.5981479999999999	-0.249295	0.0	2.6381	0.594069	0.282904	0.341114	
0	0.637397	0.596007	-0.48836599999999997	0.0	0.540751	0.10551400000000001	0.8345389999999999	0.0	0.548921	-0.796016	-0.255037	0.0	-3.5603800000000003	-2.38442	-1.8571900000000001	0.36398400000000003	-0.0825937	0.4709	-0.8783120000000001	0.0	0.643157	-0.648036	-0.40792	0.0	-0.761267	-0.598584	-0.24933899999999998	0.0	2.64325	0.595162	0.283371	0.340992	
0	0.636833	0.597449	-0.487338	0.0	0.543729	0.100122	0.833267	0.0	0.546628	-0.795632	-0.26108899999999996	0.0	-3.5658800000000004	-2.40084	-1.89605	0.363973	-0.0821869	0.471071	-0.878258	0.0	0.643215	-0.648059	-0.40779099999999996	0.0	-0.761262	-0.598424	-0.24973800000000002	0.0	2.6451599999999997	0.59785	0.283966	0.340929	
0	0.6182479999999999	0.600603	-0.506996	0.0	0.557923	0.118997	0.821317	0.0	0.553617	-0.790642	-0.26152	0.0	-3.60106	-2.50038	-1.96395	0.362811	-0.0816187	0.47265799999999997	-0.877458	0.0	0.643263	-0.647491	-0.408617	0.0	-0.761283	-0.597787	-0.25119600000000003	0.0	2.64405	0.591707	0.28179299999999996	0.34105599999999997	
0	0.59825	0.617244	-0.5109859999999999	0.0	0.573601	0.115407	0.810964	0.0	0.559534	-0.778262	-0.28501	0.0	-3.63193	-2.5508599999999997	-2.0819	0.362099	-0.0815959	0.473979	-0.876748	0.0	0.6432100000000001	-0.646925	-0.409596	0.0	-0.7613300000000001	-0.597354	-0.252081	0.0	2.64105	0.58409	0.278748	0.340935	
0	0.587241	0.614893	-0.52636	0.0	0.5902069999999999	0.119716	0.798326	0.0	0.553899	-0.779471	-0.292612	0.0	-3.7092300000000002	-2.62236	-2.15627	0.362143	-0.07857389999999999	0.47661099999999995	-0.8755959999999999	0.0	0.6450020000000001	-0.645397	-0.409188	0.0	-0.76013	-0.596913	-0.256704	0.0	2.6406099999999997	0.563873	0.268567	0.340857	
0	0.5787359999999999	0.6190760000000001	-0.5308579999999999	0.0	0.591136	0.12997899999999998	0.79603	0.0	0.5618029999999999	-0.7745	-0.290734	0.0	-3.82185	-2.71887	-2.2173599999999998	0.361887	-0.077317	0.478412	-0.874725	0.0	0.645047	-0.644981	-0.40977299999999994	0.0	-0.760221	-0.5959220000000001	-0.25873	0.0	2.66154	0.52396	0.24528899999999998	0.340949	
0	0.577783	0.6191220000000001	-0.531841	0.0	0.585547	0.139517	0.798542	0.0	0.568596	-0.772802	-0.281914	0.0	-3.85569	-2.76626	-2.24534	0.361874	-0.07592	0.477412	-0.875393	0.0	0.6455420000000001	-0.645571	-0.40806	0.0	-0.759942	-0.5960840000000001	-0.259178	0.0	2.6649599999999998	0.5107	0.236927	0.340831	
0	0.5815640000000001	0.627099	-0.518199	0.0	0.5509430000000001	0.16505799999999998	0.8180569999999999	0.0	0.598536	-0.761251	-0.249505	0.0	-3.8131	-2.88245	-2.25457	0.361566	-0.0780961	0.475315	-0.876343	0.0	0.6448510000000001	-0.646295	-0.408007	0.0	-0.760308	-0.596975	-0.25603400000000004	0.0	2.682	0.49742	0.257834	0.34071999999999997	
0	0.59765	0.6202880000000001	-0.507993	0.0	0.538406	0.158979	0.8275540000000001	0.0	0.594082	-0.7680939999999999	-0.23895300000000003	0.0	-3.8090900000000003	-2.9441200000000003	-2.3084700000000002	0.361254	-0.08369650000000001	0.471703	-0.877776	0.0	0.639882	-0.649825	-0.410218	0.0	-0.7639020000000001	-0.596007	-0.247446	0.0	2.70191	0.514401	0.24949899999999997	0.34091	
0	0.6129640000000001	0.622764	-0.48625100000000004	0.0	0.514508	0.152444	0.8438260000000001	0.0	0.59963	-0.767415	-0.226975	0.0	-3.81694	-2.9791	-2.33448	0.361423	-0.08344739999999999	0.470724	-0.878325	0.0	0.638498	-0.65145	-0.409796	0.0	-0.7650859999999999	-0.595005	-0.246194	0.0	2.7199400000000002	0.538037	0.251844	0.340737	
0	0.6593220000000001	0.640143	-0.39435	0.0	0.43200500000000003	0.106732	0.895533	0.0	0.615359	-0.7608060000000001	-0.20617399999999997	0.0	-3.76686	-3.04346	-2.4108400000000003	0.362059	-0.0784735	0.482655	-0.872288	0.0	0.639213	-0.647088	-0.41555299999999995	0.0	-0.765015	-0.590188	-0.25774	0.0	2.74857	0.55753	0.201318	0.34073000000000003	
0	0.668076	0.633867	-0.389727	0.0	0.42686599999999997	0.102521	0.8984850000000001	0.0	0.609475	-0.766618	-0.20208399999999999	0.0	-3.7596	-3.08344	-2.3984400000000003	0.36246799999999996	-0.0790383	0.48413500000000004	-0.871417	0.0	0.639263	-0.646135	-0.41695600000000005	0.0	-0.764916	-0.59002	-0.25842	0.0	2.7491	0.5521739999999999	0.189583	0.340883	
0	0.68002	0.630185	-0.374753	0.0	0.395163	0.115521	0.9113180000000001	0.0	0.617591	-0.767803	-0.170469	0.0	-3.7598800000000003	-3.16578	-2.4142900000000003	0.362725	-0.08553889999999999	0.475117	-0.875755	0.0	0.646343	-0.642463	-0.411682	0.0	-0.758238	-0.6012529999999999	-0.252133	0.0	2.74663	0.46590699999999996	0.204753	0.341008	
0	0.6861229999999999	0.6238	-0.374311	0.0	0.387388	0.122222	0.9137790000000001	0.0	0.615764	-0.7719689999999999	-0.15779400000000002	0.0	-3.72165	-3.17728	-2.4186799999999997	0.362555	-0.08785280000000001	0.47460600000000003	-0.8758030000000001	0.0	0.647103	-0.641235	-0.41240299999999996	0.0	-0.757324	-0.602966	-0.250785	0.0	2.7429099999999997	0.427604	0.21292199999999997	0.341138	
0	0.691094	0.613921	-0.381431	0.0	0.38167399999999996	0.138164	0.9139120000000001	0.0	0.6137699999999999	-0.7771819999999999	-0.13883299999999998	0.0	-3.66457	-3.19246	-2.41011	0.362885	-0.0906498	0.474042	-0.8758229999999999	0.0	0.649343	-0.638656	-0.412883	0.0	-0.755074	-0.606137	-0.24992199999999998	0.0	2.73678	0.392625	0.22052	0.341152	
0	0.691431	0.611593	-0.384549	0.0	0.382603	0.141522	0.91301	0.0	0.612812	-0.778412	-0.13614500000000002	0.0	-3.6553	-3.19663	-2.39804	0.363046	-0.09046019999999999	0.47443599999999997	-0.8756299999999999	0.0	0.65118	-0.637065	-0.41244899999999995	0.0	-0.753513	-0.607503	-0.251315	0.0	2.73794	0.39057600000000003	0.2182	0.341208	
0	0.690288	0.604376	-0.397783	0.0	0.38584	0.157594	0.909006	0.0	0.61207	-0.780957	-0.12440699999999999	0.0	-3.64035	-3.21565	-2.34116	0.36394899999999997	-0.08874989999999999	0.475483	-0.875237	0.0	0.656022	-0.6333	-0.41056899999999996	0.0	-0.749506	-0.610612	-0.255722	0.0	2.74784	0.38143699999999997	0.213704	0.341292	
0	0.6869430000000001	0.58065	-0.43698400000000004	0.0	0.396065	0.20501999999999998	0.895042	0.0	0.609296	-0.787917	-0.08913789999999999	0.0	-3.60696	-3.23699	-2.31243	0.363576	-0.0882202	0.476365	-0.874811	0.0	0.65815	-0.631352	-0.41016400000000003	0.0	-0.7477010000000001	-0.611941	-0.257822	0.0	2.74512	0.374254	0.21034099999999997	0.341337	
0	0.686353	0.57523	-0.445006	0.0	0.39717199999999997	0.216115	0.891935	0.0	0.609241	-0.788926	-0.0801341	0.0	-3.6068599999999997	-3.24243	-2.30725	0.36343000000000003	-0.0880432	0.47641000000000006	-0.8748040000000001	0.0	0.658575	-0.63105	-0.409945	0.0	-0.747347	-0.612217	-0.25819200000000003	0.0	2.74398	0.372933	0.20961300000000002	0.341444	
0	0.6864640000000001	0.54924	-0.47655299999999995	0.0	0.385888	0.280312	0.8789290000000001	0.0	0.616326	-0.787249	-0.0195207	0.0	-3.64638	-3.27555	-2.2115	0.362989	-0.08715980000000001	0.47566400000000003	-0.8752979999999999	0.0	0.66178	-0.629102	-0.407771	0.0	-0.744614	-0.614796	-0.259952	0.0	2.7354700000000003	0.361982	0.20149	0.341171	
0	0.686005	0.549034	-0.477451	0.0	0.387575	0.279616	0.878408	0.0	0.615779	-0.78764	-0.0209741	0.0	-3.65045	-3.2729	-2.20247	0.363202	-0.0864471	0.474724	-0.8758790000000001	0.0	0.6622779999999999	-0.629402	-0.406499	0.0	-0.744255	-0.615216	-0.25999	0.0	2.73965	0.36913	0.201823	0.341181	
0	0.688796	0.541316	-0.482221	0.0	0.39865500000000004	0.27274899999999996	0.875604	0.0	0.605503	-0.795353	-0.027929700000000002	0.0	-3.64509	-3.2665900000000003	-2.19692	0.352601	-0.0862801	0.472904	-0.8768799999999999	0.0	0.663501	-0.629296	-0.404665	0.0	-0.7431840000000001	-0.616725	-0.25947600000000004	0.0	2.74281	0.378651	0.20722800000000002	0.341105	
0	0.689141	0.542405	-0.4805	0.0	0.397373	0.271622	0.8765360000000001	0.0	0.605953	-0.794995	-0.028351299999999996	0.0	-3.6381	-3.26647	-2.20601	0.33399999999999996	-0.08627919999999999	0.47232299999999994	-0.877193	0.0	0.663887	-0.629242	-0.404113	0.0	-0.742839	-0.617224	-0.259279	0.0	2.74392	0.38206599999999996	0.20731799999999997	0.34110999999999997	
0	0.688904	0.5430189999999999	-0.48014799999999996	0.0	0.39784400000000003	0.270455	0.876684	0.0	0.6059140000000001	-0.794975	-0.0297191	0.0	-3.6284699999999996	-3.26594	-2.2175	0.29997199999999996	-0.0862006	0.471192	-0.877808	0.0	0.664651	-0.629157	-0.402989	0.0	-0.742165	-0.618174	-0.258944	0.0	2.74372	0.38183	0.209423	0.340978	
