0	0.48034099999999996	0.607382	-0.63274	0.0	0.674896	0.20479	0.7089260000000001	0.0	0.560168	-0.76756	-0.311551	0.0	-2.77878	1.9816	1.40511	3.3617e-05	-0.526428	0.550762	-0.647714	0.0	0.755571	-0.0462671	-0.6534300000000001	0.0	-0.389853	-0.8333790000000001	-0.391784	0.0	2.6572299999999998	1.9984	1.54261	0.00387135	
0	0.0694794	0.662296	-0.7460140000000001	0.0	0.11306400000000001	0.737775	0.665511	0.0	0.9911559999999999	-0.13058599999999998	-0.023621400000000004	0.0	-2.7204599999999997	1.7806400000000002	1.3390600000000001	0.0	-0.118548	0.493804	-0.861454	0.0	0.303381	-0.8080729999999999	-0.504954	0.0	-0.945466	-0.321211	-0.0540154	0.0	2.55578	1.98141	1.5608	-0.00048828099999999997	
0	0.056719900000000004	0.681285	-0.729817	0.0	0.0701485	0.726468	0.683611	0.0	0.995923	-0.08996989999999999	-0.0065859	0.0	-2.50842	1.68717	1.24504	0.0	-0.08843250000000001	0.538458	-0.8379989999999999	0.0	0.248279	-0.8028270000000001	-0.542058	0.0	-0.9646440000000001	-0.25599299999999997	-0.062692	0.0	2.3414200000000003	1.9275900000000001	1.39476	0.0	
0	0.030468900000000004	0.7494069999999999	-0.661408	0.0	0.126922	0.653458	0.746246	0.0	0.991445	-0.10668499999999999	-0.07520639999999999	0.0	-2.2293	1.7451299999999998	1.13099	0.353652	-0.0229532	0.5345439999999999	-0.844829	0.0	0.21669000000000002	-0.8223030000000001	-0.5261779999999999	0.0	-0.9759709999999999	-0.195143	-0.0969556	0.0	2.04847	1.9401	1.34602	0.33768000000000004	
0	0.030569	0.754039	-0.656118	0.0	0.133932	0.647415	0.7502770000000001	0.0	0.990519	-0.11080999999999999	-0.08119900000000001	0.0	-2.08854	1.72538	1.1131799999999998	0.35167600000000004	-0.0267673	0.504675	-0.8628950000000001	0.0	0.222581	-0.838525	-0.497327	0.0	-0.9745469999999999	-0.20537600000000003	-0.0898862	0.0	1.86468	1.9173	1.39772	0.336894	
0	0.0250579	0.749883	-0.661095	0.0	0.150175	0.650975	0.744096	0.0	0.988342	-0.117925	-0.0963013	0.0	-2.09373	1.6320299999999999	1.08061	0.351446	-0.0324198	0.503257	-0.8635280000000001	0.0	0.222953	-0.838571	-0.497083	0.0	-0.97429	-0.208642	-0.0850168	0.0	1.82133	1.88855	1.43134	0.33670100000000003	
0	-0.0389346	0.715557	-0.697468	0.0	0.13070199999999998	0.6956479999999999	0.706393	0.0	0.990657	-0.0636574	-0.12061	0.0	-2.15978	1.58674	0.9992559999999999	0.352493	-0.019328599999999998	0.505379	-0.8626809999999999	0.0	0.255094	-0.831793	-0.49299899999999997	0.0	-0.966723	-0.229594	-0.11284200000000001	0.0	1.8246900000000001	1.8588099999999999	1.4608299999999999	0.336739	
0	-0.06887389999999999	0.707491	-0.703358	0.0	0.163881	0.7034779999999999	0.691565	0.0	0.984073	-0.0676362	-0.16439600000000001	0.0	-2.21529	1.56431	0.9659559999999999	0.3533	-0.026372700000000002	0.521833	-0.85264	0.0	0.305867	-0.807817	-0.503862	0.0	-0.951709	-0.274082	-0.13830699999999999	0.0	1.85605	1.73195	1.4531100000000001	0.337341	
0	-0.0701485	0.716853	-0.6936869999999999	0.0	0.187263	0.6925	0.6966899999999999	0.0	0.9798020000000001	-0.0810302	-0.182818	0.0	-2.22775	1.54599	0.977242	0.35473299999999997	-0.0645669	0.5516449999999999	-0.831576	0.0	0.37449899999999997	-0.7590140000000001	-0.532587	0.0	-0.924977	-0.345812	-0.157584	0.0	1.91838	1.56483	1.4582	0.338032	
0	-0.013310800000000001	0.706756	-0.707332	0.0	0.26098299999999997	0.68533	0.6798609999999999	0.0	0.965252	-0.17555199999999999	-0.193574	0.0	-2.22911	1.41828	1.0217399999999999	0.35502399999999995	-0.122526	0.568629	-0.813418	0.0	0.44020600000000004	-0.7034229999999999	-0.558045	0.0	-0.889497	-0.426447	-0.164126	0.0	1.93528	1.37611	1.4443700000000002	0.33981500000000003	
0	0.0268289	0.6709470000000001	-0.74102	0.0	0.337856	0.6915789999999999	0.638414	0.0	0.940815	-0.267486	-0.208129	0.0	-2.3016099999999997	1.22712	1.05168	0.354824	-0.11394800000000001	0.531092	-0.839618	0.0	0.48815	-0.7061390000000001	-0.5129100000000001	0.0	-0.865289	-0.468305	-0.178789	0.0	1.95527	1.2588700000000002	1.41953	0.340806	
0	-0.00145398	0.643	-0.765865	0.0	0.42849799999999993	0.692392	0.580501	0.0	0.903542	-0.327328	-0.27653099999999997	0.0	-2.38787	1.0910600000000001	0.993251	0.35339	-0.06872	0.478887	-0.875182	0.0	0.567534	-0.702709	-0.429076	0.0	-0.820477	-0.526181	-0.22349499999999997	0.0	1.98033	1.16018	1.38021	0.341644	
0	-0.032862699999999995	0.6250220000000001	-0.7799149999999999	0.0	0.522994	0.6757270000000001	0.51949	0.0	0.8517020000000001	-0.390819	-0.349089	0.0	-2.53646	0.9809629999999999	0.9327850000000001	0.353008	-0.0743322	0.43362	-0.898025	0.0	0.6746340000000001	-0.641309	-0.365503	0.0	-0.734401	-0.6330060000000001	-0.244865	0.0	2.0287	1.03863	1.38733	0.342673	
0	-0.172959	0.601276	-0.780098	0.0	0.557826	0.712561	0.425543	0.0	0.811736	-0.361558	-0.45865100000000003	0.0	-2.76051	0.8915299999999999	0.752297	0.354394	-0.108294	0.438622	-0.892123	0.0	0.773788	-0.526207	-0.352645	0.0	-0.624119	-0.728503	-0.282415	0.0	2.14653	0.8997290000000001	1.3706399999999999	0.343107	
0	-0.232141	0.57324	-0.785816	0.0	0.5234979999999999	0.7545310000000001	0.395769	0.0	0.819793	-0.319499	-0.47524799999999995	0.0	-2.88286	0.836628	0.656927	0.35386100000000004	-0.11271400000000001	0.43671800000000005	-0.89251	0.0	0.803963	-0.487759	-0.340199	0.0	-0.5839	-0.75589	-0.296127	0.0	2.21771	0.8598690000000001	1.35058	0.343118	
0	-0.242995	0.559742	-0.792239	0.0	0.45200500000000005	0.7879689999999999	0.418087	0.0	0.8582799999999999	-0.25650300000000004	-0.444479	0.0	-2.9297400000000002	0.800446	0.611691	0.353984	-0.109082	0.441713	-0.8905	0.0	0.8196389999999999	-0.46688	-0.331987	0.0	-0.5624	-0.7661020000000001	-0.311118	0.0	2.3008900000000003	0.8294309999999999	1.30328	0.342889	
0	-0.21705500000000003	0.5337270000000001	-0.817327	0.0	0.353772	0.823378	0.44372799999999996	0.0	0.909798	-0.192834	-0.367535	0.0	-2.853	0.7998770000000001	0.649771	0.358697	-0.11054000000000001	0.45884300000000006	-0.8816139999999999	0.0	0.813796	-0.46743199999999996	-0.345316	0.0	-0.570541	-0.755626	-0.321735	0.0	2.37112	0.804322	1.2372	0.341802	
0	-0.188617	0.497327	-0.8468120000000001	0.0	0.174845	0.865519	0.469368	0.0	0.966361	-0.0595303	-0.250207	0.0	-2.68471	0.860844	0.7140569999999999	0.356356	-0.12483699999999999	0.493704	-0.8606229999999999	0.0	0.7752100000000001	-0.492839	-0.395169	0.0	-0.619246	-0.716495	-0.3212	0.0	2.41091	0.814516	1.18601	0.341675	
0	-0.315658	0.417137	-0.852266	0.0	0.065877	0.9056540000000001	0.41886899999999994	0.0	0.946583	0.0760746	-0.313357	0.0	-2.50602	1.11766	0.647	0.36038400000000004	-0.148054	0.531304	-0.834144	0.0	0.686286	-0.5521149999999999	-0.47347700000000004	0.0	-0.712104	-0.6425609999999999	-0.282884	0.0	2.41039	0.8323860000000001	1.1645	0.341138	
0	-0.325452	0.390764	-0.861037	0.0	0.07265049999999999	0.9182540000000001	0.389271	0.0	0.9427629999999999	0.0641343	-0.327237	0.0	-2.4689900000000002	1.25843	0.6255069999999999	0.360163	-0.141376	0.522675	-0.840728	0.0	0.645749	-0.595014	-0.478505	0.0	-0.7503479999999999	-0.610548	-0.253396	0.0	2.37153	0.885742	1.18412	0.340694	
0	-0.220928	0.429451	-0.87565	0.0	0.20808000000000001	0.897918	0.387873	0.0	0.952835	-0.0965131	-0.287735	0.0	-2.49237	1.20163	0.737009	0.363383	-0.130197	0.512987	-0.8484649999999999	0.0	0.637322	-0.612237	-0.467959	0.0	-0.7595189999999999	-0.6016729999999999	-0.247227	0.0	2.38204	0.910272	1.1708	0.340868	
0	-0.17738199999999998	0.422731	-0.888726	0.0	0.292171	0.8849530000000001	0.362621	0.0	0.9397719999999999	-0.19533699999999998	-0.280485	0.0	-2.56898	1.07587	0.7872279999999999	0.363987	-0.0873666	0.500741	-0.8611770000000001	0.0	0.622484	-0.647482	-0.439637	0.0	-0.777741	-0.5744779999999999	-0.255135	0.0	2.43139	0.966201	1.13357	0.341221	
0	-0.177198	0.40639899999999995	-0.8963479999999999	0.0	0.303942	0.8888379999999999	0.342908	0.0	0.936066	-0.211675	-0.281022	0.0	-2.59171	0.990298	0.800867	0.363982	-0.0101748	0.475185	-0.879827	0.0	0.598954	-0.701671	-0.385891	0.0	-0.800719	-0.5309020000000001	-0.277474	0.0	2.4730000000000003	1.02206	1.0883200000000002	0.341314	
0	-0.180891	0.394821	-0.900775	0.0	0.28793	0.897015	0.335352	0.0	0.940412	-0.198698	-0.275942	0.0	-2.5939900000000002	0.9838040000000001	0.772464	0.363987	0.0451328	0.454128	-0.8897930000000001	0.0	0.587367	-0.732538	-0.34407600000000005	0.0	-0.8080609999999999	-0.5071060000000001	-0.299802	0.0	2.4897299999999998	1.05523	1.0361799999999999	0.34124499999999997	
0	-0.181589	0.39485	-0.9006219999999999	0.0	0.287353	0.89718	0.335403	0.0	0.9404540000000001	-0.197891	-0.27638	0.0	-2.58011	1.01065	0.7751560000000001	0.363983	0.0962967	0.440513	-0.892566	0.0	0.565407	-0.7622180000000001	-0.315181	0.0	-0.819172	-0.474312	-0.322468	0.0	2.49905	1.08041	0.9858290000000001	0.341091	
0	-0.17440999999999998	0.410782	-0.8948959999999999	0.0	0.30499899999999996	0.886666	0.347562	0.0	0.9362459999999999	-0.21232399999999998	-0.279932	0.0	-2.56645	1.01896	0.7853439999999999	0.363973	0.10763199999999999	0.442042	-0.8905129999999999	0.0	0.562893	-0.765417	-0.311911	0.0	-0.819492	-0.467692	-0.331206	0.0	2.48747	1.0787	0.96931	0.340961	
0	-0.147525	0.444891	-0.883351	0.0	0.339887	0.861534	0.377141	0.0	0.928824	-0.24460199999999999	-0.27831100000000003	0.0	-2.58073	0.9901049999999999	0.8197840000000001	0.363969	0.106707	0.44334300000000004	-0.889978	0.0	0.564249	-0.763999	-0.312934	0.0	-0.81868	-0.46877700000000005	-0.33168000000000003	0.0	2.48644	1.07027	0.9654219999999999	0.340856	
0	-0.140257	0.495447	-0.85724	0.0	0.38108800000000004	0.826111	0.415104	0.0	0.9138379999999999	-0.268463	-0.304677	0.0	-2.58168	0.9976860000000001	0.814213	0.363572	0.103209	0.43847600000000003	-0.892797	0.0	0.580024	-0.75571	-0.304097	0.0	-0.8080350000000001	-0.486458	-0.332323	0.0	2.47609	1.0750899999999999	0.9778870000000001	0.340881	
0	-0.156027	0.513053	-0.844057	0.0	0.42916400000000005	0.804862	0.409897	0.0	0.889649	-0.298284	-0.34576399999999996	0.0	-2.57495	1.0204799999999998	0.790385	0.36359600000000003	0.0750036	0.45046	-0.889641	0.0	0.627857	-0.714442	-0.308817	0.0	-0.774706	-0.535405	-0.336411	0.0	2.46295	1.07863	1.0132	0.341621	
0	-0.188024	0.48792700000000006	-0.8523940000000001	0.0	0.47306400000000004	0.80556	0.356769	0.0	0.8607309999999999	-0.336156	-0.382285	0.0	-2.5754200000000003	1.06152	0.760321	0.363965	0.00355679	0.49316400000000005	-0.8699290000000001	0.0	0.69625	-0.625656	-0.351839	0.0	-0.717791	-0.604437	-0.345591	0.0	2.46818	1.07654	1.05825	0.34216399999999997	
0	-0.192966	0.5008060000000001	-0.843776	0.0	0.538193	0.773058	0.335752	0.0	0.820434	-0.389326	-0.418705	0.0	-2.63993	1.12325	0.719057	0.363964	-0.0384952	0.509547	-0.859582	0.0	0.743488	-0.560138	-0.36533699999999997	0.0	-0.66764	-0.6531520000000001	-0.357279	0.0	2.4754400000000003	1.13244	1.1064200000000002	0.343639	
0	-0.197204	0.49473199999999995	-0.846375	0.0	0.584397	0.752496	0.303694	0.0	0.787141	-0.43473	-0.437515	0.0	-2.67979	1.22563	0.707924	0.363979	-0.0365217	0.500567	-0.864927	0.0	0.76331	-0.54465	-0.347441	0.0	-0.645	-0.672896	-0.362196	0.0	2.48009	1.2619200000000002	1.13145	0.344265	
0	-0.14665899999999998	0.507681	-0.8489709999999999	0.0	0.654487	0.693336	0.30155	0.0	0.741713	-0.511416	-0.433954	0.0	-2.6945099999999997	1.27262	0.744571	0.363993	-0.0373676	0.503462	-0.863209	0.0	0.784369	-0.520442	-0.337499	0.0	-0.619168	-0.689686	-0.375452	0.0	2.4758	1.38467	1.14246	0.344075	
0	-0.08746910000000001	0.520339	-0.849468	0.0	0.739971	0.6048399999999999	0.294299	0.0	0.666928	-0.602839	-0.43794099999999997	0.0	-2.74615	1.30641	0.72964	0.363985	-0.0321887	0.50292	-0.863733	0.0	0.794511	-0.511432	-0.327397	0.0	-0.606396	-0.6967840000000001	-0.383114	0.0	2.47865	1.4981200000000001	1.12517	0.34374699999999997	
0	0.039587300000000006	0.49921400000000005	-0.865574	0.0	0.814116	0.48614399999999997	0.31761500000000004	0.0	0.5793520000000001	-0.717251	-0.387173	0.0	-2.8767	1.2450299999999999	0.727219	0.363967	-0.029240600000000002	0.503152	-0.8637030000000001	0.0	0.800014	-0.506253	-0.322002	0.0	-0.599268	-0.700391	-0.387725	0.0	2.4845200000000003	1.58556	1.12162	0.34376799999999996	
0	0.149076	0.47448999999999997	-0.8675459999999999	0.0	0.839133	0.40342100000000003	0.364838	0.0	0.523099	-0.782375	-0.33802	0.0	-2.96683	1.07168	0.6648649999999999	0.363912	-0.0304736	0.505253	-0.862433	0.0	0.8025479999999999	-0.501955	-0.32242600000000005	0.0	-0.595809	-0.701969	-0.39019299999999996	0.0	2.49011	1.60514	1.10877	0.343545	
0	0.205042	0.501313	-0.84062	0.0	0.835476	0.357744	0.41713199999999995	0.0	0.509841	-0.787848	-0.345483	0.0	-3.0146599999999997	0.909219	0.49168	0.363998	-0.031149700000000002	0.506718	-0.861549	0.0	0.8030930000000001	-0.5004649999999999	-0.323384	0.0	-0.595039	-0.7019770000000001	-0.391353	0.0	2.4902	1.58531	1.10989	0.343356	
0	0.33355300000000004	0.48918900000000004	-0.805876	0.0	0.798512	0.307791	0.517343	0.0	0.50112	-0.816063	-0.287959	0.0	-3.05698	0.6225	0.36934	0.363985	-0.033832999999999995	0.509912	-0.859561	0.0	0.7998460000000001	-0.501869	-0.329203	0.0	-0.599251	-0.698654	-0.390871	0.0	2.49761	1.55159	1.0966200000000002	0.34319299999999997	
0	0.32058000000000003	0.528417	-0.7861319999999999	0.0	0.7679630000000001	0.340839	0.542275	0.0	0.554492	-0.777563	-0.296539	0.0	-3.07518	0.47676899999999994	0.258468	0.363966	-0.034022199999999996	0.514016	-0.8571059999999999	0.0	0.7924	-0.508753	-0.336559	0.0	-0.609052	-0.690621	-0.389998	0.0	2.50966	1.56732	1.11414	0.343389	
0	0.25845999999999997	0.570325	-0.779697	0.0	0.73064	0.412592	0.5439970000000001	0.0	0.6319520000000001	-0.710279	-0.310064	0.0	-3.00832	0.473897	0.122851	0.363964	-0.0352535	0.518613	-0.854282	0.0	0.7871	-0.512328	-0.343502	0.0	-0.6158170000000001	-0.684515	-0.390139	0.0	2.52021	1.58922	1.12903	0.343317	
0	0.17215999999999998	0.6177600000000001	-0.7672899999999999	0.0	0.695106	0.475733	0.538986	0.0	0.6979890000000001	-0.626139	-0.347506	0.0	-2.86872	0.624704	0.030063	0.363966	-0.0358423	0.518069	-0.8545879999999999	0.0	0.783267	-0.516521	-0.345977	0.0	-0.6206520000000001	-0.681771	-0.387273	0.0	2.51838	1.60073	1.13139	0.342932	
0	0.08530700000000001	0.658658	-0.747591	0.0	0.663853	0.521944	0.535606	0.0	0.7429819999999999	-0.541982	-0.392726	0.0	-2.7263900000000003	0.8693200000000001	0.0356824	0.363971	-0.0355983	0.510257	-0.8592850000000001	0.0	0.774716	-0.529071	-0.346265	0.0	-0.631307	-0.678028	-0.376471	0.0	2.51615	1.61707	1.13747	0.342667	
0	0.017282299999999997	0.6877439999999999	-0.725747	0.0	0.633091	0.554285	0.540337	0.0	0.773884	-0.46880200000000005	-0.42582600000000004	0.0	-2.57451	1.15743	0.12723800000000002	0.36396300000000004	-0.037869	0.5140680000000001	-0.8569129999999999	0.0	0.7701319999999999	-0.531417	-0.352835	0.0	-0.63676	-0.673298	-0.375776	0.0	2.5045599999999997	1.65116	1.15146	0.342685	
0	-0.00337395	0.702639	-0.711539	0.0	0.610923	0.564768	0.5548069999999999	0.0	0.791683	-0.432824	-0.431163	0.0	-2.47879	1.3553899999999999	0.261944	0.36398800000000003	-0.039884699999999995	0.514868	-0.856341	0.0	0.770564	-0.529749	-0.354396	0.0	-0.636113	-0.6740010000000001	-0.37561	0.0	2.49776	1.65287	1.15646	0.342553	
0	-0.00570239	0.7029	-0.7112649999999999	0.0	0.598751	0.572082	0.560553	0.0	0.8009149999999999	-0.422674	-0.424125	0.0	-2.39941	1.4617200000000001	0.368745	0.363989	-0.0406041	0.515999	-0.855627	0.0	0.77275	-0.526641	-0.35427	0.0	-0.633411	-0.67557	-0.377355	0.0	2.50259	1.64346	1.17654	0.342531	
0	-0.00229963	0.708075	-0.706134	0.0	0.5834600000000001	0.574431	0.5741109999999999	0.0	0.812139	-0.410681	-0.414454	0.0	-2.3319	1.55341	0.46414799999999995	0.36402399999999996	-0.041592699999999996	0.515308	-0.8559959999999999	0.0	0.771491	-0.527832	-0.35524	0.0	-0.63488	-0.675168	-0.375601	0.0	2.52037	1.66255	1.21462	0.34263299999999997	
0	-0.00329811	0.704915	-0.709284	0.0	0.579669	0.57931	0.573047	0.0	0.8148449999999999	-0.40926	-0.41052799999999995	0.0	-2.3099	1.5931	0.511532	0.36398800000000003	-0.042374699999999994	0.524364	-0.850439	0.0	0.770099	-0.52515	-0.362168	0.0	-0.6365149999999999	-0.670269	-0.38155900000000004	0.0	2.52618	1.6846	1.20013	0.342206	
0	-0.00586284	0.706177	-0.708011	0.0	0.5794590000000001	0.579434	0.5731350000000001	0.0	0.8149810000000001	-0.406903	-0.41259799999999996	0.0	-2.30515	1.6090799999999998	0.510592	0.363975	-0.04335	0.5315949999999999	-0.8458889999999999	0.0	0.771741	-0.5198729999999999	-0.366262	0.0	-0.634458	-0.6686840000000001	-0.387718	0.0	2.52034	1.66987	1.17905	0.341895	
0	-0.00565129	0.708553	-0.705635	0.0	0.576862	0.578707	0.576479	0.0	0.816822	-0.40379699999999996	-0.412008	0.0	-2.31015	1.62324	0.500028	0.363971	-0.047131099999999995	0.532208	-0.845301	0.0	0.773205	-0.5163220000000001	-0.368192	0.0	-0.632402	-0.670944	-0.387171	0.0	2.5218700000000003	1.62889	1.1782299999999999	0.34174499999999997	
0	-0.0091314	0.707125	-0.707029	0.0	0.572079	0.583611	0.5763020000000001	0.0	0.820148	-0.399214	-0.40986000000000006	0.0	-2.32681	1.6336700000000002	0.5077050000000001	0.363973	-0.048709300000000004	0.529821	-0.846709	0.0	0.771848	-0.518072	-0.368582	0.0	-0.633939	-0.671484	-0.383707	0.0	2.5261	1.59744	1.2100600000000001	0.34184200000000003	
0	-0.008870000000000001	0.7040000000000001	-0.710144	0.0	0.5717899999999999	0.5861850000000001	0.573972	0.0	0.8203520000000001	-0.400962	-0.40774	0.0	-2.32157	1.6408200000000002	0.5338890000000001	0.36399000000000004	-0.04706130000000001	0.525051	-0.849769	0.0	0.769781	-0.523076	-0.365827	0.0	-0.636572	-0.6713520000000001	-0.37955700000000003	0.0	2.52881	1.5924200000000002	1.22351	0.341851	
0	-0.00828119	0.700051	-0.7140449999999999	0.0	0.57026	0.589879	0.571705	0.0	0.8214229999999999	-0.402456	-0.404096	0.0	-2.31477	1.6404	0.568188	0.363977	-0.0470346	0.51831	-0.8538979999999999	0.0	0.767022	-0.528877	-0.363273	0.0	-0.639895	-0.672045	-0.37268	0.0	2.52683	1.59002	1.24767	0.34193	
0	-0.00850794	0.6970649999999999	-0.716958	0.0	0.564308	0.5952529999999999	0.57204	0.0	0.82552	-0.39971799999999996	-0.398424	0.0	-2.31109	1.64745	0.5903109999999999	0.363985	-0.048308699999999996	0.51362	-0.856657	0.0	0.766948	-0.530373	-0.361242	0.0	-0.639889	-0.674462	-0.368298	0.0	2.52535	1.5966	1.27756	0.341904	
0	-0.00730798	0.695674	-0.718321	0.0	0.559673	0.598137	0.573585	0.0	0.8286819999999999	-0.397833	-0.393721	0.0	-2.28896	1.6466	0.607309	0.363976	-0.0485488	0.513554	-0.856683	0.0	0.7679630000000001	-0.529222	-0.360772	0.0	-0.638651	-0.675416	-0.368698	0.0	2.5225299999999997	1.5851600000000001	1.29996	0.34170700000000004	
0	-0.00586058	0.697838	-0.716232	0.0	0.558956	0.5961890000000001	0.576304	0.0	0.829177	-0.396964	-0.393554	0.0	-2.2548	1.63884	0.628406	0.363982	-0.047192000000000005	0.511945	-0.857721	0.0	0.7683439999999999	-0.530097	-0.358671	0.0	-0.638295	-0.675951	-0.36833299999999997	0.0	2.52049	1.5781100000000001	1.31094	0.341884	
0	-0.00479254	0.6967220000000001	-0.717326	0.0	0.5579529999999999	0.597156	0.576276	0.0	0.829859	-0.397472	-0.3916	0.0	-2.23938	1.6276700000000002	0.651692	0.363989	-0.047606199999999994	0.509621	-0.859081	0.0	0.766892	-0.53242	-0.358338	0.0	-0.640008	-0.6758810000000001	-0.365477	0.0	2.52258	1.5746	1.32561	0.341783	
0	-0.00501923	0.695817	-0.718201	0.0	0.55516	0.599302	0.5767439999999999	0.0	0.831729	-0.395822	-0.389298	0.0	-2.2346	1.6250200000000001	0.658766	0.363976	-0.0491039	0.51185	-0.857671	0.0	0.7649699999999999	-0.5328470000000001	-0.361794	0.0	-0.642191	-0.673858	-0.365385	0.0	2.51525	1.5726	1.32806	0.34177199999999996	
0	-0.00570705	0.695448	-0.718554	0.0	0.554086	0.600371	0.576666	0.0	0.83244	-0.394849	-0.388765	0.0	-2.23569	1.62691	0.652032	0.363975	-0.0510994	0.514312	-0.856079	0.0	0.765051	-0.53083	-0.364576	0.0	-0.641939	-0.673574	-0.36635	0.0	2.50425	1.56833	1.3334	0.341862	
0	-0.00664849	0.696691	-0.71734	0.0	0.5511	0.601137	0.578725	0.0	0.834413	-0.391479	-0.387943	0.0	-2.23248	1.6369799999999999	0.6403260000000001	0.363981	-0.057152800000000004	0.5153270000000001	-0.855086	0.0	0.76757	-0.5250060000000001	-0.367704	0.0	-0.638413	-0.677353	-0.365544	0.0	2.49411	1.5328	1.31469	0.34171599999999996	
0	-0.00524756	0.6966829999999999	-0.71736	0.0	0.5536939999999999	0.59939	0.578062	0.0	0.8327040000000001	-0.394164	-0.388894	0.0	-2.2315	1.63499	0.658624	0.36398400000000003	-0.06718500000000001	0.5140640000000001	-0.855117	0.0	0.769509	-0.518844	-0.372368	0.0	-0.635093	-0.683037	-0.360718	0.0	2.488	1.50294	1.3208	0.341457	
0	-0.00515372	0.69615	-0.717878	0.0	0.55724	0.5980949999999999	0.5759920000000001	0.0	0.8303360000000001	-0.397061	-0.391005	0.0	-2.23141	1.62544	0.653614	0.36398	-0.0680972	0.51367	-0.855281	0.0	0.7692060000000001	-0.518913	-0.372896	0.0	-0.635362	-0.683281	-0.359781	0.0	2.48922	1.49698	1.32812	0.34136	
0	-0.00306149	0.692145	-0.7217520000000001	0.0	0.548396	0.6047060000000001	0.577575	0.0	0.8362129999999999	-0.394038	-0.381421	0.0	-2.17657	1.59045	0.704298	0.36398400000000003	-0.0640032	0.491159	-0.868715	0.0	0.775779	-0.523092	-0.352905	0.0	-0.62775	-0.6965180000000001	-0.347551	0.0	2.48901	1.5043600000000001	1.37067	0.34142100000000003	
0	-0.00305323	0.6921510000000001	-0.721746	0.0	0.548389	0.604701	0.5775859999999999	0.0	0.836218	-0.394034	-0.381415	0.0	-2.1772400000000003	1.59057	0.703627	0.36398	-0.0640623	0.491317	-0.8686209999999999	0.0	0.775682	-0.523109	-0.353093	0.0	-0.627865	-0.696394	-0.347594	0.0	2.4891900000000002	1.50425	1.36985	0.341422	
0	-0.00305306	0.6921510000000001	-0.721746	0.0	0.548389	0.604701	0.5775859999999999	0.0	0.836218	-0.394034	-0.381414	0.0	-2.17725	1.5905799999999999	0.703627	0.36398	-0.0640621	0.49131800000000003	-0.8686209999999999	0.0	0.775682	-0.523109	-0.353093	0.0	-0.627865	-0.696394	-0.347595	0.0	2.4891900000000002	1.50425	1.36985	0.341422	
0	-0.00305305	0.6921510000000001	-0.721746	0.0	0.548389	0.604701	0.5775859999999999	0.0	0.836218	-0.394034	-0.381414	0.0	-2.17725	1.59057	0.703627	0.36398	-0.0640621	0.49131800000000003	-0.8686209999999999	0.0	0.775682	-0.523109	-0.353093	0.0	-0.627865	-0.696394	-0.347595	0.0	2.4891900000000002	1.50425	1.36985	0.341422	
0	-0.00305306	0.6921510000000001	-0.721746	0.0	0.548389	0.604701	0.5775859999999999	0.0	0.836218	-0.394034	-0.381414	0.0	-2.17725	1.5905799999999999	0.7036279999999999	0.36398	-0.0640621	0.49131800000000003	-0.8686209999999999	0.0	0.775682	-0.523109	-0.353093	0.0	-0.627865	-0.696394	-0.347595	0.0	2.4891900000000002	1.50425	1.36985	0.341422	
0	-0.00305305	0.6921510000000001	-0.721746	0.0	0.548389	0.604701	0.5775859999999999	0.0	0.836218	-0.394034	-0.381414	0.0	-2.1772400000000003	1.5905799999999999	0.703627	0.36398	-0.0640621	0.49131800000000003	-0.8686209999999999	0.0	0.775682	-0.523109	-0.353093	0.0	-0.627865	-0.696394	-0.347595	0.0	2.4891900000000002	1.50425	1.36985	0.341422	
0	-0.00305306	0.6921510000000001	-0.721746	0.0	0.548389	0.604701	0.5775859999999999	0.0	0.836218	-0.394034	-0.381414	0.0	-2.1772400000000003	1.59057	0.703627	0.36398	-0.0640621	0.49131800000000003	-0.8686209999999999	0.0	0.775682	-0.523109	-0.353093	0.0	-0.627865	-0.696394	-0.347595	0.0	2.4891900000000002	1.50425	1.36985	0.341422	
0	-0.00305306	0.6921510000000001	-0.721746	0.0	0.548389	0.604701	0.5775859999999999	0.0	0.836218	-0.394034	-0.381414	0.0	-2.1772400000000003	1.59057	0.703627	0.36398	-0.0640621	0.49131800000000003	-0.8686209999999999	0.0	0.775682	-0.523109	-0.353093	0.0	-0.627865	-0.696394	-0.347595	0.0	2.4891900000000002	1.50425	1.36985	0.341422	
0	-0.00305305	0.6921510000000001	-0.721746	0.0	0.548389	0.604701	0.5775859999999999	0.0	0.836218	-0.394034	-0.381414	0.0	-2.1772400000000003	1.59057	0.703627	0.36398	-0.0640621	0.49131800000000003	-0.8686209999999999	0.0	0.775682	-0.523109	-0.353093	0.0	-0.627865	-0.696394	-0.347595	0.0	2.4891900000000002	1.50425	1.36985	0.341422	
0	-0.00305305	0.6921510000000001	-0.721746	0.0	0.548389	0.604701	0.5775859999999999	0.0	0.836218	-0.394034	-0.381414	0.0	-2.17725	1.59057	0.703627	0.36398	-0.0640621	0.49131800000000003	-0.8686209999999999	0.0	0.775682	-0.523109	-0.353093	0.0	-0.627865	-0.696394	-0.347595	0.0	2.4891900000000002	1.50425	1.36985	0.341422	
0	-0.00305306	0.6921510000000001	-0.721746	0.0	0.548389	0.604701	0.5775859999999999	0.0	0.836218	-0.394034	-0.381414	0.0	-2.17725	1.59057	0.703627	0.36398	-0.0640621	0.49131800000000003	-0.8686209999999999	0.0	0.775682	-0.523109	-0.353093	0.0	-0.627865	-0.696394	-0.347595	0.0	2.4891900000000002	1.50425	1.36985	0.341422	
0	-0.00305305	0.6921510000000001	-0.721746	0.0	0.548389	0.604701	0.5775859999999999	0.0	0.836218	-0.394034	-0.381414	0.0	-2.17725	1.5905799999999999	0.703627	0.36398	-0.0640621	0.49131800000000003	-0.8686209999999999	0.0	0.775682	-0.523109	-0.353093	0.0	-0.627865	-0.696394	-0.347595	0.0	2.4891900000000002	1.50425	1.36985	0.341422	
0	-0.00305305	0.6921510000000001	-0.721746	0.0	0.548389	0.604701	0.5775859999999999	0.0	0.836218	-0.394034	-0.381414	0.0	-2.17725	1.5905799999999999	0.7036279999999999	0.36398	-0.0640621	0.49131800000000003	-0.8686209999999999	0.0	0.775682	-0.523109	-0.353093	0.0	-0.627865	-0.696394	-0.347595	0.0	2.4891900000000002	1.50425	1.36985	0.341422	
0	-0.00305305	0.6921510000000001	-0.721746	0.0	0.548389	0.604701	0.5775859999999999	0.0	0.836218	-0.394034	-0.381414	0.0	-2.17725	1.5905799999999999	0.7036279999999999	0.36398	-0.0640621	0.49131800000000003	-0.8686209999999999	0.0	0.775682	-0.523109	-0.353093	0.0	-0.627865	-0.696394	-0.347595	0.0	2.4891900000000002	1.50425	1.36985	0.341422	
0	-0.00305305	0.6921510000000001	-0.721746	0.0	0.548389	0.604701	0.5775859999999999	0.0	0.836218	-0.394034	-0.381414	0.0	-2.17725	1.59057	0.703627	0.36398	-0.0640621	0.49131800000000003	-0.8686209999999999	0.0	0.775682	-0.523109	-0.353093	0.0	-0.627865	-0.696394	-0.347595	0.0	2.4891900000000002	1.50425	1.36985	0.341422	
0	-0.00305305	0.6921510000000001	-0.721746	0.0	0.548389	0.604701	0.5775859999999999	0.0	0.836218	-0.394034	-0.381414	0.0	-2.1772400000000003	1.59057	0.703627	0.36398	-0.0640621	0.49131800000000003	-0.8686209999999999	0.0	0.775682	-0.523109	-0.353093	0.0	-0.627865	-0.696394	-0.347595	0.0	2.4891900000000002	1.50425	1.36985	0.341422	
0	-0.00305325	0.6921510000000001	-0.721746	0.0	0.548389	0.604701	0.5775859999999999	0.0	0.836218	-0.394034	-0.381415	0.0	-2.17725	1.59057	0.703627	0.36398	-0.0640621	0.49131800000000003	-0.8686209999999999	0.0	0.775682	-0.523109	-0.353093	0.0	-0.627865	-0.696394	-0.347595	0.0	2.4891900000000002	1.50425	1.36985	0.341422	
0	-0.00305324	0.6921510000000001	-0.721746	0.0	0.548389	0.604701	0.5775859999999999	0.0	0.836218	-0.394034	-0.381415	0.0	-2.1772400000000003	1.59057	0.703627	0.36398	-0.0640621	0.49131800000000003	-0.8686209999999999	0.0	0.775682	-0.523109	-0.353093	0.0	-0.627865	-0.696394	-0.347595	0.0	2.4891900000000002	1.50425	1.36985	0.341422	
0	-0.00305325	0.6921510000000001	-0.721746	0.0	0.548389	0.604701	0.5775859999999999	0.0	0.836218	-0.394034	-0.381415	0.0	-2.1772400000000003	1.59057	0.703627	0.36398	-0.0640621	0.49131800000000003	-0.8686209999999999	0.0	0.775682	-0.523109	-0.353093	0.0	-0.627865	-0.696394	-0.347595	0.0	2.4891900000000002	1.50425	1.36985	0.341422	
0	-0.00305325	0.6921510000000001	-0.721746	0.0	0.548389	0.604701	0.5775859999999999	0.0	0.836218	-0.394034	-0.381415	0.0	-2.1772400000000003	1.59057	0.703627	0.36398	-0.0640621	0.49131800000000003	-0.8686209999999999	0.0	0.775682	-0.523109	-0.353093	0.0	-0.627865	-0.696394	-0.347595	0.0	2.4891900000000002	1.50425	1.36985	0.341422	
0	-0.00305308	0.6921510000000001	-0.721746	0.0	0.548389	0.604701	0.5775859999999999	0.0	0.836218	-0.394034	-0.381414	0.0	-2.1772400000000003	1.59057	0.703627	0.36398	-0.0640621	0.49131800000000003	-0.8686209999999999	0.0	0.775682	-0.523109	-0.353093	0.0	-0.627865	-0.696394	-0.347595	0.0	2.4891900000000002	1.50425	1.36985	0.341422	
0	-0.00305307	0.6921510000000001	-0.721746	0.0	0.548389	0.604701	0.5775859999999999	0.0	0.836218	-0.394034	-0.381414	0.0	-2.1772400000000003	1.59057	0.703627	0.36398	-0.0640621	0.49131800000000003	-0.8686209999999999	0.0	0.775682	-0.523109	-0.353093	0.0	-0.627865	-0.696394	-0.347595	0.0	2.4891900000000002	1.50425	1.36985	0.341422	
0	-0.00305308	0.6921510000000001	-0.721746	0.0	0.548389	0.604701	0.5775859999999999	0.0	0.836218	-0.394034	-0.381414	0.0	-2.17725	1.59057	0.703627	0.36398	-0.0640621	0.49131800000000003	-0.8686209999999999	0.0	0.775682	-0.523109	-0.353093	0.0	-0.627865	-0.696394	-0.347595	0.0	2.4891900000000002	1.50425	1.36985	0.341422	
0	-0.00305307	0.6921510000000001	-0.721746	0.0	0.548389	0.604701	0.5775859999999999	0.0	0.836218	-0.394034	-0.381414	0.0	-2.1772400000000003	1.59057	0.703627	0.36398	-0.0640621	0.49131800000000003	-0.8686209999999999	0.0	0.775682	-0.523109	-0.353093	0.0	-0.627865	-0.696394	-0.347595	0.0	2.4891900000000002	1.50425	1.36985	0.341422	
0	-0.00305325	0.6921510000000001	-0.721746	0.0	0.548389	0.604701	0.5775859999999999	0.0	0.836218	-0.394034	-0.381415	0.0	-2.1772400000000003	1.59057	0.703627	0.36398	-0.0640621	0.49131800000000003	-0.8686209999999999	0.0	0.775682	-0.523109	-0.353093	0.0	-0.627865	-0.696394	-0.347595	0.0	2.4891900000000002	1.50425	1.36985	0.341422	
0	-0.00305324	0.6921510000000001	-0.721746	0.0	0.548389	0.604701	0.5775859999999999	0.0	0.836218	-0.394034	-0.381415	0.0	-2.17725	1.5905799999999999	0.7036279999999999	0.36398	-0.0640621	0.49131800000000003	-0.8686209999999999	0.0	0.775682	-0.523109	-0.353093	0.0	-0.627865	-0.696394	-0.347595	0.0	2.4891900000000002	1.50425	1.36985	0.341422	
0	-0.00305307	0.6921510000000001	-0.721746	0.0	0.548389	0.604701	0.5775859999999999	0.0	0.836218	-0.394034	-0.381414	0.0	-2.17725	1.59057	0.703627	0.36398	-0.0640621	0.49131800000000003	-0.8686209999999999	0.0	0.775682	-0.523109	-0.353093	0.0	-0.627865	-0.696394	-0.347595	0.0	2.4891900000000002	1.50425	1.36985	0.341422	
0	-0.00305307	0.6921510000000001	-0.721746	0.0	0.548389	0.604701	0.5775859999999999	0.0	0.836218	-0.394034	-0.381414	0.0	-2.17725	1.59057	0.703627	0.36398	-0.0640621	0.49131800000000003	-0.8686209999999999	0.0	0.775682	-0.523109	-0.353093	0.0	-0.627865	-0.696394	-0.347595	0.0	2.4891900000000002	1.50425	1.36985	0.341422	
0	-0.13428900000000002	0.678586	-0.722141	0.0	0.21586999999999998	0.731273	0.6470239999999999	0.0	0.967144	-0.0689997	-0.24468800000000002	0.0	-2.16751	1.5503200000000001	0.6619970000000001	0.264189	-0.039110400000000003	0.49636099999999994	-0.8672350000000001	0.0	0.551357	-0.7131	-0.43300600000000006	0.0	-0.8333520000000001	-0.495091	-0.24578200000000003	0.0	2.4379	1.53567	1.38647	0.327345	
0	-0.11577899999999999	0.708458	-0.696191	0.0	0.217306	0.7019920000000001	0.6782229999999999	0.0	0.9692129999999999	-0.0727625	-0.23522800000000002	0.0	-2.16939	1.56082	0.673098	0.255158	-0.044048000000000004	0.497313	-0.866453	0.0	0.566294	-0.70207	-0.431751	0.0	-0.823026	-0.509685	-0.250701	0.0	2.44712	1.53319	1.39439	0.326488	
0	-0.10945	0.7177399999999999	-0.687655	0.0	0.22043800000000002	0.6921109999999999	0.6873060000000001	0.0	0.969241	-0.0763596	-0.233969	0.0	-2.16971	1.55435	0.666552	0.262996	-0.0454865	0.49865299999999996	-0.865607	0.0	0.56781	-0.700014	-0.433097	0.0	-0.821902	-0.5112	-0.251299	0.0	2.4476400000000003	1.53569	1.39588	0.326754	
0	-0.0919792	0.7550819999999999	-0.649147	0.0	0.24482199999999998	0.649048	0.7202770000000001	0.0	0.965195	-0.0926747	-0.24455900000000003	0.0	-2.18742	1.52519	0.527042	0.284812	-0.0513225	0.511604	-0.8576879999999999	0.0	0.594059	-0.674716	-0.43801	0.0	-0.802783	-0.531997	-0.269295	0.0	2.4213	1.5266899999999999	1.33302	0.328817	
0	-0.00833925	0.754031	-0.656786	0.0	0.30158	0.628123	0.717294	0.0	0.9534040000000001	-0.192092	-0.23263899999999998	0.0	-2.2713900000000002	1.33659	0.394816	0.321915	-0.0507064	0.5086890000000001	-0.859456	0.0	0.617432	-0.6604359999999999	-0.427321	0.0	-0.784989	-0.552323	-0.280592	0.0	2.4306799999999997	1.4273799999999999	1.2063	0.33079400000000003	
0	0.0378108	0.745681	-0.665229	0.0	0.371294	0.607563	0.702145	0.0	0.927745	-0.273545	-0.253895	0.0	-2.37755	1.1093600000000001	0.22483699999999998	0.34620100000000004	-0.0537341	0.512922	-0.8567520000000001	0.0	0.637253	-0.642946	-0.424887	0.0	-0.768779	-0.5687989999999999	-0.292313	0.0	2.45452	1.3506799999999999	1.08049	0.334106	
0	0.0942568	0.687334	-0.7202	0.0	0.451245	0.615344	0.64632	0.0	0.887409	-0.385907	-0.252155	0.0	-2.66215	0.482022	-0.242946	0.35978000000000004	-0.0549285	0.515025	-0.8554139999999999	0.0	0.682401	-0.606045	-0.408704	0.0	-0.728912	-0.6061850000000001	-0.318164	0.0	2.50826	1.1526100000000001	0.728274	0.3385	
0	0.09763430000000001	0.656455	-0.748021	0.0	0.480522	0.627103	0.613059	0.0	0.871531	-0.419295	-0.254214	0.0	-2.78741	0.257959	-0.421742	0.360429	-0.053762199999999996	0.511914	-0.857353	0.0	0.701454	-0.591712	-0.39729000000000003	0.0	-0.710684	-0.6227520000000001	-0.327273	0.0	2.54303	1.06863	0.582658	0.339212	
0	0.125123	0.612362	-0.780614	0.0	0.553581	0.6098439999999999	0.567132	0.0	0.823342	-0.503095	-0.26268600000000003	0.0	-3.12957	-0.310699	-0.9221530000000001	0.36181399999999997	-0.0534179	0.4894	-0.8704219999999999	0.0	0.7473	-0.558569	-0.359921	0.0	-0.6623359999999999	-0.669693	-0.335891	0.0	2.6958599999999997	0.72287	0.16609200000000002	0.339616	
0	0.13889	0.600612	-0.787385	0.0	0.5762149999999999	0.597629	0.557509	0.0	0.8054100000000001	-0.531135	-0.263077	0.0	-3.23842	-0.48173999999999995	-1.10982	0.361773	-0.055145299999999994	0.478703	-0.876244	0.0	0.761991	-0.546932	-0.34675	0.0	-0.6452359999999999	-0.686811	-0.334606	0.0	2.74743	0.585227	0.0327349	0.33979299999999996	
0	0.21781199999999998	0.572084	-0.790746	0.0	0.6333409999999999	0.5335949999999999	0.560496	0.0	0.742589	-0.622894	-0.24610100000000001	0.0	-3.46545	-0.826636	-1.39655	0.361788	-0.06186180000000001	0.46278	-0.8843120000000001	0.0	0.788092	-0.521021	-0.32779200000000003	0.0	-0.612441	-0.717197	-0.332482	0.0	2.8656900000000003	0.266252	-0.275127	0.340165	
0	0.307866	0.532825	-0.7882359999999999	0.0	0.658213	0.478944	0.580834	0.0	0.687004	-0.697646	-0.203261	0.0	-3.588	-1.0478	-1.53141	0.361386	-0.0617049	0.456784	-0.8874350000000001	0.0	0.798936	-0.510325	-0.318228	0.0	-0.598242	-0.72864	-0.33345199999999997	0.0	2.89392	0.100569	-0.45042	0.34013499999999997	
0	0.395573	0.518297	-0.758215	0.0	0.658929	0.41493100000000005	0.6274109999999999	0.0	0.639792	-0.747797	-0.177386	0.0	-3.73124	-1.25991	-1.65045	0.360535	-0.063937	0.457183	-0.887072	0.0	0.805508	-0.5011	-0.316317	0.0	-0.589126	-0.7347670000000001	-0.336226	0.0	2.94786	-0.021942	-0.5916239999999999	0.340013	
0	0.543579	0.484479	-0.6854210000000001	0.0	0.6048140000000001	0.34013899999999997	0.720074	0.0	0.5819989999999999	-0.8059689999999999	-0.108128	0.0	-3.80401	-1.4879	-1.7551299999999999	0.36014	-0.0640631	0.45546800000000004	-0.8879450000000001	0.0	0.807187	-0.49955200000000005	-0.31448000000000004	0.0	-0.58681	-0.736883	-0.33564499999999997	0.0	2.97916	-0.0924355	-0.673913	0.340256	
0	0.658287	0.45078999999999997	-0.602866	0.0	0.537818	0.27870500000000004	0.79566	0.0	0.526697	-0.8480049999999999	-0.058975	0.0	-3.7472300000000005	-1.63836	-1.7937900000000002	0.358536	-0.0645598	0.45210900000000004	-0.8896229999999999	0.0	0.807326	-0.500342	-0.312863	0.0	-0.5865630000000001	-0.738414	-0.332698	0.0	2.98925	-0.09999279999999999	-0.680856	0.340323	
0	0.710503	0.43608500000000006	-0.5522819999999999	0.0	0.49833299999999997	0.242317	0.832434	0.0	0.49683900000000003	-0.866668	-0.0451485	0.0	-3.70152	-1.67488	-1.80805	0.358021	-0.06532400000000001	0.450108	-0.890582	0.0	0.807547	-0.5004270000000001	-0.312154	0.0	-0.586174	-0.739578	-0.33079400000000003	0.0	2.99043	-0.09994019999999999	-0.672214	0.340308	
0	0.755571	0.42163100000000003	-0.5013380000000001	0.0	0.46214099999999997	0.199311	0.8641190000000001	0.0	0.464261	-0.884592	-0.0442595	0.0	-3.59157	-1.73515	-1.85617	0.35744899999999996	-0.0659099	0.446784	-0.8922110000000001	0.0	0.808326	-0.500344	-0.310266	0.0	-0.585034	-0.7416470000000001	-0.32816999999999996	0.0	3.0011	-0.09608799999999999	-0.6452439999999999	0.340368	
0	0.785245	0.396569	-0.475524	0.0	0.446521	0.16936600000000002	0.878598	0.0	0.428962	-0.9022459999999999	-0.0440824	0.0	-3.53343	-1.7652299999999999	-1.8513700000000002	0.35746300000000003	-0.0656041	0.44523500000000005	-0.893007	0.0	0.808629	-0.500631	-0.30901	0.0	-0.584649	-0.742384	-0.327187	0.0	3.00928	-0.09153760000000001	-0.634691	0.34039	
0	0.810816	0.353396	-0.466571	0.0	0.44159	0.153842	0.8839290000000001	0.0	0.384156	-0.922737	-0.0313181	0.0	-3.4930000000000003	-1.82412	-1.8612799999999998	0.346034	-0.066071	0.442338	-0.8944120000000001	0.0	0.808425	-0.501686	-0.307831	0.0	-0.584879	-0.743404	-0.32445	0.0	3.01693	-0.081193	-0.610943	0.340465	
0	0.812779	0.333325	-0.477792	0.0	0.45408000000000004	0.151329	0.878015	0.0	0.364969	-0.930588	-0.0283591	0.0	-3.46801	-1.8499400000000001	-1.8818400000000002	0.345509	-0.0657794	0.43903000000000003	-0.8960610000000001	0.0	0.8080890000000001	-0.503374	-0.305952	0.0	-0.585376	-0.744223	-0.321664	0.0	3.02695	-0.07434349999999999	-0.5973689999999999	0.34033	
0	0.81083	0.34429299999999996	-0.473304	0.0	0.44947600000000004	0.151652	0.880325	0.0	0.374867	-0.9265329999999999	-0.0317875	0.0	-3.4614800000000003	-1.88947	-1.8722400000000001	0.34675300000000003	-0.0653701	0.436583	-0.897286	0.0	0.807424	-0.505229	-0.304647	0.0	-0.586339	-0.744405	-0.319481	0.0	3.02818	-0.0654976	-0.590988	0.34022199999999997	
0	0.811407	0.349443	-0.46851800000000005	0.0	0.44469200000000003	0.151104	0.8828459999999999	0.0	0.379299	-0.924693	-0.0327876	0.0	-3.4577400000000003	-1.8939400000000002	-1.8754400000000002	0.347659	-0.06574980000000001	0.43533999999999995	-0.897862	0.0	0.806578	-0.5065609999999999	-0.304678	0.0	-0.58746	-0.744228	-0.31783	0.0	3.0295	-0.0656703	-0.583434	0.340305	
0	0.8134819999999999	0.34383400000000003	-0.46906800000000004	0.0	0.447704	0.144587	0.882415	0.0	0.371225	-0.927832	-0.036317199999999994	0.0	-3.4649699999999997	-1.90514	-1.89513	0.345763	-0.0666664	0.43281899999999995	-0.899012	0.0	0.806318	-0.507351	-0.304051	0.0	-0.587713	-0.74516	-0.31516700000000003	0.0	3.0268599999999997	-0.07102989999999999	-0.5700770000000001	0.340366	
0	0.815322	0.340275	-0.46846899999999997	0.0	0.45078999999999997	0.134718	0.8824059999999999	0.0	0.363372	-0.9306260000000001	-0.043554199999999994	0.0	-3.4741699999999995	-1.92278	-1.8690099999999998	0.346476	-0.06682880000000001	0.43234700000000004	-0.899227	0.0	0.806791	-0.50684	-0.303647	0.0	-0.5870449999999999	-0.745781	-0.314942	0.0	3.02276	-0.0714219	-0.571969	0.34035	
0	0.814294	0.343958	-0.467566	0.0	0.45267799999999997	0.127899	0.8824540000000001	0.0	0.36332800000000004	-0.930234	-0.0515544	0.0	-3.4961599999999997	-1.94118	-1.91651	0.345469	-0.0668736	0.432145	-0.8993209999999999	0.0	0.80694	-0.5067	-0.303485	0.0	-0.586835	-0.7459939999999999	-0.31483	0.0	3.02241	-0.07402	-0.551092	0.340451	
0	0.8153779999999999	0.34142	-0.467537	0.0	0.45162399999999997	0.130148	0.8826649999999999	0.0	0.362209	-0.9308559999999999	-0.0480739	0.0	-3.50391	-1.94917	-1.9315	0.346357	-0.0672019	0.43046599999999996	-0.9001020000000001	0.0	0.806595	-0.5075649999999999	-0.30295900000000003	0.0	-0.5872729999999999	-0.7463770000000001	-0.313102	0.0	3.02296	-0.072991	-0.534293	0.34045	
0	0.81602	0.34057600000000005	-0.46703199999999995	0.0	0.451495	0.128949	0.882907	0.0	0.36091999999999996	-0.9313319999999999	-0.0485434	0.0	-3.51329	-1.95105	-1.9311200000000002	0.34612	-0.0669032	0.429209	-0.900724	0.0	0.806126	-0.508709	-0.302284	0.0	-0.58795	-0.746321	-0.31196199999999996	0.0	3.02375	-0.071771	-0.532112	0.340357	
0	0.817467	0.33469699999999997	-0.46875	0.0	0.45243	0.13051500000000002	0.8821979999999999	0.0	0.35644699999999996	-0.9332440000000001	-0.0447351	0.0	-3.5019099999999996	-1.95295	-1.93415	0.34578600000000004	-0.06755010000000002	0.42710699999999996	-0.901675	0.0	0.8050430000000001	-0.510512	-0.302131	0.0	-0.5893579999999999	-0.746296	-0.309354	0.0	3.01804	-0.07134760000000001	-0.525547	0.340378	
0	0.817462	0.33464	-0.46879899999999997	0.0	0.452467	0.13055	0.882173	0.0	0.356412	-0.9332590000000001	-0.044694	0.0	-3.50211	-1.95288	-1.93415	0.345787	-0.0675682	0.42710200000000004	-0.901675	0.0	0.805036	-0.5105149999999999	-0.302145	0.0	-0.589366	-0.746296	-0.309338	0.0	3.01831	-0.07147250000000001	-0.526154	0.340377	
