0	0.029286799999999998	0.865094	-0.5007550000000001	0.0	0.210783	0.48436	0.8490979999999999	0.0	0.977094	-0.130418	-0.16816099999999998	0.0	-2.7338400000000003	2.0061299999999997	1.3824299999999998	0.00010421	-0.24756599999999998	0.9153450000000001	-0.317577	0.0	0.408146	-0.198749	-0.89102	0.0	-0.878708	-0.35020300000000004	-0.324391	0.0	2.63939	1.9839200000000001	1.59093	0.00391829	
0	0.0481093	0.8575309999999999	-0.512177	0.0	0.225347	0.49023199999999995	0.841957	0.0	0.97309	-0.155924	-0.169658	0.0	-2.7450799999999997	1.9927400000000002	1.36319	0.0	-0.182733	0.937032	-0.297624	0.0	0.381458	-0.21143499999999998	-0.8998809999999999	0.0	-0.9061450000000001	-0.277969	-0.318802	0.0	2.67584	1.95825	1.5595299999999999	0.0	
0	0.0433084	0.848857	-0.526845	0.0	0.221762	0.506017	0.833528	0.0	0.974138	-0.15293299999999999	-0.16633	0.0	-2.73256	2.00732	1.3524399999999999	0.0	-0.155414	0.934752	-0.31950700000000004	0.0	0.392148	-0.23848200000000003	-0.888452	0.0	-0.9066790000000001	-0.263372	-0.329498	0.0	2.6758900000000003	1.9459099999999998	1.5155100000000001	0.0	
0	0.0306263	0.839037	-0.543212	0.0	0.230825	0.52284	0.820584	0.0	0.972513	-0.15051900000000001	-0.17765799999999998	0.0	-2.7281	2.03537	1.35824	0.0	-0.15700999999999998	0.933889	-0.321247	0.0	0.402152	-0.23663299999999998	-0.884465	0.0	-0.9020090000000001	-0.26805999999999996	-0.338412	0.0	2.67021	1.9638099999999998	1.5166600000000001	0.0	
0	-0.011006100000000001	0.834706	-0.550586	0.0	0.232379	0.537679	0.810495	0.0	0.972563	-0.119024	-0.19988599999999998	0.0	-2.72856	2.13901	1.3562299999999998	0.049504900000000004	-0.131242	0.9370059999999999	-0.323723	0.0	0.382828	-0.253314	-0.8884120000000001	0.0	-0.91445	-0.240527	-0.325467	0.0	2.73635	2.0648	1.5239200000000002	0.239523	
0	-0.00730966	0.84549	-0.533942	0.0	0.218984	0.522349	0.8241350000000001	0.0	0.975701	-0.110901	-0.188967	0.0	-2.6766400000000004	2.25541	1.35037	0.348802	-0.144123	0.9431889999999999	-0.29937199999999997	0.0	0.376226	-0.22758499999999998	-0.898142	0.0	-0.91525	-0.24207399999999998	-0.32205300000000003	0.0	2.68076	2.13335	1.49136	0.36156900000000003	
0	-0.00622283	0.8526440000000001	-0.522455	0.0	0.248955	0.5073350000000001	0.8250040000000001	0.0	0.9684950000000001	-0.12493399999999999	-0.215428	0.0	-2.64763	2.32005	1.3306200000000001	0.347983	-0.129029	0.92894	-0.347019	0.0	0.405634	-0.269886	-0.873283	0.0	-0.904883	-0.253442	-0.341987	0.0	2.72625	2.19937	1.4442700000000002	0.360033	
0	0.0227497	0.843558	-0.536557	0.0	0.286945	0.508604	0.811779	0.0	0.957677	-0.17243	-0.23048400000000002	0.0	-2.69068	2.35929	1.28494	0.347655	-0.08875939999999999	0.8720899999999999	-0.481229	0.0	0.45819399999999993	-0.39323400000000003	-0.797135	0.0	-0.884409	-0.29125	-0.364683	0.0	2.7452900000000002	2.24863	1.3688200000000001	0.359743	
0	0.07323939999999998	0.812554	-0.578266	0.0	0.336802	0.525608	0.7812180000000001	0.0	0.938723	-0.251977	-0.235175	0.0	-2.69109	2.3925099999999997	1.22002	0.34649800000000003	-0.0295505	0.778284	-0.627217	0.0	0.498778	-0.532305	-0.6840109999999999	0.0	-0.866226	-0.33305500000000005	-0.372461	0.0	2.7474	2.25703	1.24709	0.35945	
0	0.16259300000000002	0.745406	-0.646478	0.0	0.44341099999999994	0.5301100000000001	0.722751	0.0	0.881448	-0.40417	-0.244329	0.0	-2.66825	2.27579	1.0986200000000002	0.34841500000000003	-0.0456286	0.7022010000000001	-0.710515	0.0	0.578096	-0.5614979999999999	-0.592052	0.0	-0.814692	-0.43776000000000004	-0.380319	0.0	2.67739	2.12731	1.0425	0.358633	
0	0.197634	0.6774859999999999	-0.708486	0.0	0.49774700000000005	0.553286	0.667924	0.0	0.844505	-0.484652	-0.22786900000000002	0.0	-2.68598	2.0315	0.860984	0.348852	-0.0596461	0.637517	-0.768124	0.0	0.617146	-0.581259	-0.5303479999999999	0.0	-0.7845840000000001	-0.505678	-0.358772	0.0	2.5628900000000003	1.8815099999999998	0.7829149999999999	0.358322	
0	0.22775900000000002	0.6466350000000001	-0.728004	0.0	0.537138	0.5401699999999999	0.647842	0.0	0.812163	-0.53859	-0.224304	0.0	-2.67829	1.8296	0.690214	0.348718	-0.0705766	0.592603	-0.802397	0.0	0.624423	-0.601056	-0.498827	0.0	-0.777892	-0.5362399999999999	-0.327615	0.0	2.465	1.6798799999999998	0.620674	0.357683	
0	0.218948	0.5403600000000001	-0.812449	0.0	0.6339899999999999	0.5541510000000001	0.53942	0.0	0.7417	-0.633189	-0.221252	0.0	-2.6943599999999996	1.1092	0.0462773	0.350906	-0.104941	0.517081	-0.8494790000000001	0.0	0.666411	-0.597472	-0.446009	0.0	-0.738163	-0.6129060000000001	-0.281889	0.0	2.11266	1.0009700000000001	0.127144	0.357781	
0	0.217123	0.470142	-0.855467	0.0	0.678323	0.557538	0.478571	0.0	0.701951	-0.684192	-0.197853	0.0	-2.7465200000000003	0.595087	-0.35284899999999997	0.35132399999999997	-0.134722	0.492684	-0.859717	0.0	0.69262	-0.573642	-0.437278	0.0	-0.708609	-0.6543680000000001	-0.263961	0.0	1.9206400000000001	0.529619	-0.182303	0.356979	
0	0.202842	0.44506999999999997	-0.8722200000000001	0.0	0.710533	0.546016	0.44385699999999995	0.0	0.673794	-0.709774	-0.20548200000000003	0.0	-2.80646	0.185205	-0.718779	0.351504	-0.139267	0.462501	-0.875613	0.0	0.72217	-0.55757	-0.40937199999999996	0.0	-0.677551	-0.689354	-0.256353	0.0	1.74142	0.07645779999999999	-0.511532	0.352553	
0	0.173851	0.422834	-0.889375	0.0	0.7316159999999999	0.549068	0.40405599999999997	0.0	0.659176	-0.7209270000000001	-0.213896	0.0	-2.8415	-0.15682100000000002	-1.16926	0.351265	-0.12068499999999999	0.424925	-0.897148	0.0	0.736328	-0.567808	-0.36798800000000004	0.0	-0.665775	-0.705006	-0.244358	0.0	1.6116	-0.403579	-0.9309	0.342316	
0	0.132396	0.383431	-0.9140309999999999	0.0	0.764092	0.547912	0.340523	0.0	0.631375	-0.743488	-0.220435	0.0	-2.87215	-0.517831	-1.54409	0.350962	-0.0909031	0.39614	-0.9136790000000001	0.0	0.759555	-0.565787	-0.320875	0.0	-0.644059	-0.723158	-0.24945799999999999	0.0	1.53352	-0.862741	-1.3603100000000001	0.341523	
0	0.13131600000000002	0.37643499999999996	-0.9170889999999999	0.0	0.778113	0.5340630000000001	0.33063200000000004	0.0	0.6142449999999999	-0.757016	-0.22277800000000003	0.0	-2.94076	-0.800204	-1.7987900000000001	0.35146	-0.098591	0.393895	-0.913853	0.0	0.7753140000000001	-0.545283	-0.318676	0.0	-0.623833	-0.739942	-0.251632	0.0	1.5337399999999999	-1.2146299999999999	-1.63485	0.341924	
0	0.120547	0.391125	-0.912409	0.0	0.7820010000000001	0.528759	0.329982	0.0	0.611509	-0.753283	-0.24211999999999997	0.0	-3.01499	-0.996432	-2.05012	0.35026799999999997	-0.10324000000000001	0.398352	-0.9114040000000001	0.0	0.7869729999999999	-0.527655	-0.31977	0.0	-0.608288	-0.750264	-0.259017	0.0	1.56399	-1.49452	-1.86349	0.34207600000000005	
0	0.11896300000000001	0.387842	-0.914017	0.0	0.797746	0.510735	0.320548	0.0	0.591143	-0.7672859999999999	-0.24864099999999997	0.0	-3.0802400000000003	-1.2091399999999999	-2.225	0.349709	-0.102401	0.400452	-0.9105780000000001	0.0	0.790197	-0.523289	-0.318994	0.0	-0.604237	-0.752202	-0.262851	0.0	1.63975	-1.78677	-2.0132	0.342418	
0	0.120808	0.380498	-0.9168569999999999	0.0	0.812351	0.492937	0.311608	0.0	0.570519	-0.782454	-0.249547	0.0	-3.26095	-1.5193299999999998	-2.36568	0.34789899999999996	-0.053603899999999996	0.363992	-0.929858	0.0	0.723195	-0.627957	-0.287503	0.0	-0.6885600000000001	-0.6878810000000001	-0.22957600000000003	0.0	1.8309900000000001	-2.04471	-2.1417599999999997	0.357696	
0	0.0670452	0.37254299999999996	-0.9255899999999999	0.0	0.755583	0.586892	0.29095	0.0	0.651613	-0.718867	-0.242139	0.0	-3.3698	-1.73132	-2.51464	0.339052	-0.0166762	0.36582800000000004	-0.9305329999999999	0.0	0.69486	-0.664955	-0.27387100000000003	0.0	-0.718952	-0.651157	-0.24311	0.0	1.8479299999999999	-2.02046	-2.27323	0.35629299999999997	
0	0.0522584	0.388406	-0.920005	0.0	0.725845	0.617959	0.302119	0.0	0.685871	-0.683569	-0.249629	0.0	-3.32556	-1.76735	-2.5634	0.31819899999999995	-0.00672388	0.36716	-0.930134	0.0	0.674847	-0.684736	-0.27516999999999997	0.0	-0.737927	-0.629548	-0.243173	0.0	1.7949599999999999	-2.00391	-2.32635	0.356196	
0	0.05093	0.398638	-0.915693	0.0	0.711133	0.629288	0.31350700000000004	0.0	0.7012109999999999	-0.667146	-0.25143499999999996	0.0	-3.27923	-1.7924200000000001	-2.54543	0.31683	-0.0067206	0.365606	-0.930746	0.0	0.671409	-0.688117	-0.275147	0.0	-0.741057	-0.62676	-0.24084699999999998	0.0	1.77573	-2.0140000000000002	-2.30136	0.35581799999999997	
0	0.0476302	0.398769	-0.9158139999999999	0.0	0.708198	0.633089	0.312496	0.0	0.7044060000000001	-0.663462	-0.252253	0.0	-3.2697700000000003	-1.7998599999999998	-2.5354	0.319763	-0.004834000000000001	0.366846	-0.930269	0.0	0.6711699999999999	-0.688423	-0.274963	0.0	-0.7412880000000001	-0.625698	-0.24288800000000002	0.0	1.7628400000000002	-2.0158099999999997	-2.29129	0.355502	
0	0.0476329	0.398767	-0.9158149999999999	0.0	0.708212	0.633076	0.31249099999999996	0.0	0.704391	-0.6634760000000001	-0.252256	0.0	-3.2694	-1.79968	-2.53598	0.319781	-0.00489712	0.36683699999999997	-0.930272	0.0	0.671288	-0.6883100000000001	-0.274957	0.0	-0.7411800000000001	-0.625827	-0.242883	0.0	1.76315	-2.0157599999999998	-2.29148	0.35549899999999995	
0	0.0476329	0.398767	-0.9158149999999999	0.0	0.708212	0.633076	0.31249099999999996	0.0	0.704391	-0.6634760000000001	-0.252256	0.0	-3.2694	-1.79968	-2.53598	0.319781	-0.00489712	0.36683699999999997	-0.930272	0.0	0.671288	-0.6883100000000001	-0.274957	0.0	-0.7411800000000001	-0.625827	-0.242883	0.0	1.76315	-2.0157599999999998	-2.29148	0.355498	
0	0.0476329	0.398767	-0.9158149999999999	0.0	0.708212	0.633076	0.31249099999999996	0.0	0.704391	-0.6634760000000001	-0.252256	0.0	-3.26939	-1.79968	-2.53598	0.319781	-0.00489706	0.36683699999999997	-0.930272	0.0	0.671288	-0.6883100000000001	-0.274957	0.0	-0.7411800000000001	-0.625827	-0.242883	0.0	1.76315	-2.0157599999999998	-2.29148	0.355498	
0	0.0476329	0.398767	-0.9158149999999999	0.0	0.708212	0.633076	0.31249099999999996	0.0	0.704391	-0.6634760000000001	-0.252256	0.0	-3.26939	-1.79968	-2.53598	0.319781	-0.00489712	0.36683699999999997	-0.930272	0.0	0.671288	-0.6883100000000001	-0.274957	0.0	-0.7411800000000001	-0.625827	-0.242883	0.0	1.76315	-2.0157599999999998	-2.29148	0.355498	
0	0.0476329	0.398767	-0.9158149999999999	0.0	0.708212	0.633076	0.31249099999999996	0.0	0.704391	-0.6634760000000001	-0.252256	0.0	-3.2694	-1.79968	-2.53598	0.319781	-0.00489712	0.36683699999999997	-0.930272	0.0	0.671288	-0.6883100000000001	-0.274957	0.0	-0.7411800000000001	-0.625827	-0.242883	0.0	1.76315	-2.0157599999999998	-2.29148	0.355498	
0	0.0476329	0.398767	-0.9158149999999999	0.0	0.708212	0.633076	0.31249099999999996	0.0	0.704391	-0.6634760000000001	-0.252256	0.0	-3.2694	-1.79968	-2.53598	0.319781	-0.00489706	0.36683699999999997	-0.930272	0.0	0.671288	-0.6883100000000001	-0.274957	0.0	-0.7411800000000001	-0.625827	-0.242883	0.0	1.76315	-2.0157599999999998	-2.29148	0.355498	
0	0.0476329	0.398767	-0.9158149999999999	0.0	0.708212	0.633076	0.31249099999999996	0.0	0.704391	-0.6634760000000001	-0.252256	0.0	-3.2694	-1.79968	-2.53598	0.319781	-0.00489706	0.36683699999999997	-0.930272	0.0	0.671288	-0.6883100000000001	-0.274957	0.0	-0.7411800000000001	-0.625827	-0.242883	0.0	1.76315	-2.0157599999999998	-2.29148	0.355498	
0	0.0476329	0.398767	-0.9158149999999999	0.0	0.708212	0.633076	0.31249099999999996	0.0	0.704391	-0.6634760000000001	-0.252256	0.0	-3.2694	-1.79968	-2.53598	0.319781	-0.00489712	0.36683699999999997	-0.930272	0.0	0.671288	-0.6883100000000001	-0.274957	0.0	-0.7411800000000001	-0.625827	-0.242883	0.0	1.76315	-2.0157599999999998	-2.29148	0.355498	
0	0.0476329	0.398767	-0.9158149999999999	0.0	0.708212	0.633076	0.31249099999999996	0.0	0.704391	-0.6634760000000001	-0.252256	0.0	-3.2694	-1.79968	-2.53598	0.319781	-0.00489712	0.36683699999999997	-0.930272	0.0	0.671288	-0.6883100000000001	-0.274957	0.0	-0.7411800000000001	-0.625827	-0.242883	0.0	1.76315	-2.0157599999999998	-2.29148	0.355498	
0	0.0476329	0.398767	-0.9158149999999999	0.0	0.708212	0.633076	0.31249099999999996	0.0	0.704391	-0.6634760000000001	-0.252256	0.0	-3.2694	-1.79968	-2.53598	0.319781	-0.00489706	0.36683699999999997	-0.930272	0.0	0.671288	-0.6883100000000001	-0.274957	0.0	-0.7411800000000001	-0.625827	-0.242883	0.0	1.76315	-2.0157599999999998	-2.29148	0.355498	
0	0.0476329	0.398767	-0.9158149999999999	0.0	0.708212	0.633076	0.31249099999999996	0.0	0.704391	-0.6634760000000001	-0.252256	0.0	-3.2694	-1.79968	-2.53598	0.319781	-0.00489712	0.36683699999999997	-0.930272	0.0	0.671288	-0.6883100000000001	-0.274957	0.0	-0.7411800000000001	-0.625827	-0.242883	0.0	1.76315	-2.0157599999999998	-2.29148	0.355498	
0	0.0476329	0.398767	-0.9158149999999999	0.0	0.708212	0.633076	0.31249099999999996	0.0	0.704391	-0.6634760000000001	-0.252256	0.0	-3.26939	-1.79968	-2.53598	0.319781	-0.00489712	0.36683699999999997	-0.930272	0.0	0.671288	-0.6883100000000001	-0.274957	0.0	-0.7411800000000001	-0.625827	-0.242883	0.0	1.76315	-2.0157599999999998	-2.29148	0.355498	
0	0.0476495	0.39878	-0.915808	0.0	0.706916	0.6342840000000001	0.312974	0.0	0.705691	-0.662312	-0.251681	0.0	-3.27419	-1.80771	-2.5397	0.325008	-0.00486678	0.366825	-0.930277	0.0	0.672705	-0.6871229999999999	-0.274464	0.0	-0.739895	-0.627138	-0.243421	0.0	1.7536900000000002	-2.0112099999999997	-2.2896400000000003	0.353598	
0	0.105176	0.47717600000000004	-0.872491	0.0	0.682726	0.603278	0.41223999999999994	0.0	0.723065	-0.63903	-0.26233	0.0	-3.27947	-1.91245	-2.63305	0.35739699999999996	0.04241690000000001	0.433676	-0.90007	0.0	0.627237	-0.712781	-0.31387600000000004	0.0	-0.777673	-0.551243	-0.30225100000000005	0.0	1.65513	-2.04787	-2.35901	0.341223	
0	0.189749	0.450754	-0.8722479999999999	0.0	0.73646	0.522183	0.43006000000000005	0.0	0.649324	-0.723979	-0.232879	0.0	-3.35684	-2.1031400000000002	-2.75714	0.35675300000000004	0.00905186	0.42800299999999997	-0.903732	0.0	0.640147	-0.696783	-0.323581	0.0	-0.768199	-0.575592	-0.280292	0.0	1.53935	-2.17333	-2.49441	0.34222800000000003	
0	0.255894	0.391243	-0.8839950000000001	0.0	0.784687	0.45002	0.42631899999999995	0.0	0.5646100000000001	-0.802752	-0.19184600000000002	0.0	-3.5179300000000002	-2.39256	-2.99085	0.358704	-0.014844799999999998	0.421955	-0.906495	0.0	0.656454	-0.6797350000000001	-0.327153	0.0	-0.75422	-0.599929	-0.266903	0.0	1.41275	-2.33866	-2.71707	0.342568	
0	0.336095	0.292381	-0.8952950000000001	0.0	0.815393	0.385409	0.431965	0.0	0.47135299999999997	-0.875199	-0.108872	0.0	-3.71895	-2.75746	-3.19902	0.3593	-0.0323406	0.411182	-0.9109799999999999	0.0	0.668333	-0.668814	-0.325604	0.0	-0.743159	-0.619368	-0.253177	0.0	1.30854	-2.5630900000000003	-2.91771	0.342884	
0	0.376931	0.24012600000000003	-0.894574	0.0	0.8267329999999999	0.34827600000000003	0.441833	0.0	0.417655	-0.906114	-0.06724429999999999	0.0	-3.82115	-2.93894	-3.28133	0.359769	-0.039786800000000004	0.40629299999999996	-0.912876	0.0	0.6714479999999999	-0.665713	-0.325552	0.0	-0.739983	-0.6259020000000001	-0.24631799999999998	0.0	1.24805	-2.64778	-2.99297	0.342839	
0	0.482004	0.112604	-0.8689030000000001	0.0	0.8209850000000001	0.28834299999999996	0.49278999999999995	0.0	0.306032	-0.950883	0.046535900000000005	0.0	-4.08649	-3.3732900000000003	-3.4997	0.359982	-0.0525211	0.397814	-0.915962	0.0	0.67586	-0.661077	-0.325868	0.0	-0.735156	-0.636177	-0.234146	0.0	1.10814	-2.8855	-3.1558	0.342927	
0	0.5378649999999999	0.0390411	-0.842126	0.0	0.798042	0.29838400000000004	0.523541	0.0	0.271717	-0.9536469999999999	0.129334	0.0	-4.14539	-3.5563599999999997	-3.49994	0.35981799999999997	-0.055181600000000004	0.39095	-0.9187559999999999	0.0	0.676269	-0.6623319999999999	-0.322454	0.0	-0.734585	-0.639119	-0.22783899999999999	0.0	1.05687	-2.9706900000000003	-3.1802900000000003	0.343043	
0	0.575008	-0.0113382	-0.8180689999999999	0.0	0.777285	0.319626	0.5419109999999999	0.0	0.255332	-0.947476	0.1926	0.0	-4.1329	-3.5903300000000002	-3.513	0.363859	-0.058464499999999996	0.38948699999999997	-0.9191739999999999	0.0	0.679191	-0.659283	-0.322562	0.0	-0.731629	-0.643153	-0.225991	0.0	1.01588	-3.04136	-3.18895	0.34305599999999997	
0	0.625426	-0.0448398	-0.778994	0.0	0.744139	0.334608	0.578182	0.0	0.23473200000000002	-0.94129	0.24264000000000002	0.0	-3.99712	-3.5876300000000003	-3.41586	0.364607	-0.0612711	0.388381	-0.91946	0.0	0.68281	-0.6556	-0.322427	0.0	-0.7280220000000001	-0.647572	-0.225021	0.0	1.00904	-3.0996	-3.19142	0.342948	
0	0.639009	-0.044617800000000006	-0.767904	0.0	0.726139	0.364325	0.583086	0.0	0.25375	-0.9302030000000001	0.265206	0.0	-3.8620699999999997	-3.5858800000000004	-3.27552	0.36314	-0.0610415	0.387981	-0.919644	0.0	0.685203	-0.653676	-0.321254	0.0	-0.725789	-0.649753	-0.225944	0.0	1.02823	-3.14085	-3.20777	0.342698	
0	0.636104	-0.032638400000000005	-0.770913	0.0	0.715823	0.397934	0.5738	0.0	0.288045	-0.916833	0.276491	0.0	-3.56247	-3.53447	-3.20417	0.362551	-0.0600736	0.387169	-0.92005	0.0	0.685697	-0.653818	-0.319907	0.0	-0.725403	-0.650094	-0.226204	0.0	1.05003	-3.1609599999999998	-3.20991	0.34277199999999997	
0	0.649877	-0.0152296	-0.759887	0.0	0.699008	0.404518	0.5897060000000001	0.0	0.29840700000000003	-0.9144030000000001	0.273532	0.0	-3.36575	-3.4079800000000002	-3.17755	0.363288	-0.0621183	0.382556	-0.921842	0.0	0.6863279999999999	-0.6542140000000001	-0.317741	0.0	-0.724635	-0.652423	-0.221921	0.0	1.0695299999999999	-3.19013	-3.1676599999999997	0.34276100000000004	
0	0.6430560000000001	-0.020757400000000002	-0.765538	0.0	0.701735	0.41627299999999995	0.578174	0.0	0.306671	-0.9090030000000001	0.28225300000000003	0.0	-3.25045	-3.30396	-3.15205	0.36375100000000005	-0.0622876	0.382779	-0.921738	0.0	0.6875319999999999	-0.652998	-0.31763800000000003	0.0	-0.723478	-0.653509	-0.22249899999999997	0.0	1.09346	-3.2335700000000003	-3.1480599999999996	0.342808	
0	0.6480100000000001	-0.017937900000000003	-0.76142	0.0	0.697906	0.41429799999999994	0.584196	0.0	0.304975	-0.9099649999999999	0.280988	0.0	-3.2113099999999997	-3.26503	-3.13861	0.363657	-0.06439249999999999	0.380299	-0.9226200000000001	0.0	0.687185	-0.653511	-0.317334	0.0	-0.7236229999999999	-0.6544439999999999	-0.219254	0.0	1.10114	-3.2559099999999996	-3.13963	0.342713	
0	0.661385	-0.0238916	-0.7496659999999999	0.0	0.695391	0.394081	0.600942	0.0	0.281072	-0.9187649999999999	0.277253	0.0	-3.17238	-3.1959299999999997	-3.1716900000000003	0.36356	-0.0652484	0.378345	-0.9233620000000001	0.0	0.6869390000000001	-0.654138	-0.31657199999999996	0.0	-0.72378	-0.65495	-0.217218	0.0	1.1049200000000001	-3.2858400000000003	-3.11691	0.342648	
0	0.6725180000000001	-0.032367900000000005	-0.739372	0.0	0.69147	0.383583	0.612155	0.0	0.26379600000000003	-0.922939	0.280348	0.0	-3.15682	-3.20705	-3.14834	0.36348	-0.0658129	0.378519	-0.923251	0.0	0.6860310000000001	-0.654724	-0.31732899999999997	0.0	-0.724589	-0.654263	-0.216587	0.0	1.10425	-3.28948	-3.1077	0.34260999999999997	
0	0.712374	-0.0856841	-0.69655	0.0	0.6773600000000001	0.343595	0.6504810000000001	0.0	0.183596	-0.9352010000000001	0.302807	0.0	-3.16913	-3.3955699999999998	-3.0686	0.362262	-0.0657439	0.378352	-0.923324	0.0	0.685539	-0.655247	-0.317314	0.0	-0.725062	-0.653836	-0.216297	0.0	1.10162	-3.30289	-3.094	0.342591	
0	0.7358	-0.11901800000000001	-0.666659	0.0	0.666796	0.299224	0.682531	0.0	0.118247	-0.946731	0.29953	0.0	-3.20573	-3.58829	-2.99831	0.361719	-0.0643788	0.37458600000000003	-0.924954	0.0	0.684091	-0.658257	-0.31419400000000003	0.0	-0.72655	-0.65298	-0.213873	0.0	1.1044	-3.32151	-3.08378	0.342553	
0	0.7523920000000001	-0.134785	-0.644778	0.0	0.651633	0.29544899999999996	0.698631	0.0	0.0963339	-0.9458030000000001	0.31012399999999996	0.0	-3.19309	-3.58909	-3.00144	0.36281399999999997	-0.06470880000000001	0.375702	-0.924479	0.0	0.6835829999999999	-0.6582319999999999	-0.315348	0.0	-0.726999	-0.652364	-0.21423000000000003	0.0	1.10836	-3.35925	-3.0829	0.34258299999999997	
0	0.762213	-0.14693599999999998	-0.63043	0.0	0.643292	0.280509	0.712384	0.0	0.0721663	-0.9485379999999999	0.30833	0.0	-3.1753400000000003	-3.5909800000000005	-2.99478	0.364406	-0.0645761	0.374836	-0.92484	0.0	0.683669	-0.6584909999999999	-0.31462199999999996	0.0	-0.72693	-0.652601	-0.213741	0.0	1.10819	-3.3682300000000005	-3.07483	0.34263699999999997	
0	0.793596	-0.172546	-0.583466	0.0	0.607631	0.274321	0.74534	0.0	0.0314519	-0.946032	0.322544	0.0	-3.1536	-3.59344	-2.99437	0.367223	-0.0631614	0.371316	-0.926356	0.0	0.684048	-0.65977	-0.31109899999999996	0.0	-0.726698	-0.653321	-0.21232600000000001	0.0	1.10204	-3.3722	-3.05985	0.342441	
0	0.803009	-0.176069	-0.569365	0.0	0.595723	0.264433	0.758412	0.0	0.017026200000000002	-0.9481950000000001	0.317231	0.0	-3.14712	-3.59465	-2.98727	0.366215	-0.0623817	0.370975	-0.9265450000000001	0.0	0.683928	-0.660227	-0.310392	0.0	-0.726878	-0.653053	-0.212534	0.0	1.09731	-3.3618099999999997	-3.0501099999999997	0.34248	
0	0.8317700000000001	-0.190607	-0.521371	0.0	0.554412	0.237801	0.797545	0.0	-0.028035700000000004	-0.952428	0.30346999999999996	0.0	-3.15179	-3.5933300000000004	-3.00818	0.313359	-0.0595201	0.363298	-0.9297700000000001	0.0	0.682706	-0.6647109999999999	-0.303433	0.0	-0.7282649999999999	-0.65282	-0.208463	0.0	1.0835299999999999	-3.33604	-3.02212	0.342277	
0	0.8404870000000001	-0.21055	-0.49925	0.0	0.5395800000000001	0.241321	0.806609	0.0	-0.0493519	-0.9473290000000001	0.316436	0.0	-3.13701	-3.5854	-3.05717	0.148702	-0.0588813	0.361344	-0.930572	0.0	0.682308	-0.66589	-0.30174	0.0	-0.72869	-0.6527029999999999	-0.20734	0.0	1.07819	-3.3297199999999996	-3.00711	0.342122	
0	0.874653	-0.187329	-0.44709	0.0	0.483908	0.283127	0.828053	0.0	-0.028534800000000003	-0.9406100000000001	0.33828800000000003	0.0	-3.19811	-3.5862800000000004	-3.11184	0.12388900000000001	-0.058939	0.35881799999999997	-0.9315450000000001	0.0	0.681867	-0.667085	-0.300093	0.0	-0.7290979999999999	-0.652876	-0.20534899999999998	0.0	1.0699299999999998	-3.31964	-2.97594	0.34205100000000005	
0	0.877202	-0.175118	-0.447046	0.0	0.48001000000000005	0.299788	0.82445	0.0	-0.0103568	-0.937796	0.347033	0.0	-3.2141599999999997	-3.5860800000000004	-3.1181	0.123823	-0.057689199999999996	0.359398	-0.931399	0.0	0.683171	-0.666089	-0.29933699999999996	0.0	-0.7279760000000001	-0.653574	-0.207105	0.0	1.07469	-3.3100300000000002	-2.9735099999999997	0.34179899999999996	
0	0.8696299999999999	-0.16606600000000002	-0.46493599999999996	0.0	0.493126	0.337725	0.801729	0.0	0.0238805	-0.926479	0.375587	0.0	-3.24202	-3.5890699999999995	-3.1465799999999997	0.12375	-0.056807500000000004	0.360578	-0.930998	0.0	0.6808420000000001	-0.6680470000000001	-0.300279	0.0	-0.730224	-0.650921	-0.20754699999999998	0.0	1.07965	-3.3125199999999997	-2.9696	0.34162	
0	0.8616379999999999	-0.154967	-0.483286	0.0	0.505646	0.343955	0.791213	0.0	0.0436162	-0.92611	0.37472300000000003	0.0	-3.25602	-3.5889699999999998	-3.14533	0.12377	-0.0573961	0.361097	-0.93076	0.0	0.679425	-0.66897	-0.301431	0.0	-0.731496	-0.649683	-0.206943	0.0	1.0834	-3.3357	-2.96788	0.341667	
0	0.8430549999999999	-0.133768	-0.520926	0.0	0.530605	0.36506	0.764977	0.0	0.0878404	-0.921324	0.378744	0.0	-3.28847	-3.5911699999999995	-3.15203	0.12348900000000002	-0.05817959999999999	0.363832	-0.9296459999999999	0.0	0.6760520000000001	-0.670836	-0.30485100000000004	0.0	-0.734554	-0.646225	-0.20694	0.0	1.07945	-3.3764	-2.9814700000000003	0.341731	
0	0.818704	-0.10791400000000001	-0.563984	0.0	0.5610470000000001	0.359476	0.745656	0.0	0.122272	-0.9268930000000001	0.35484899999999997	0.0	-3.3214099999999998	-3.5912900000000003	-3.1221200000000002	0.12349700000000001	-0.0590783	0.367338	-0.9282090000000001	0.0	0.671878	-0.673067	-0.309129	0.0	-0.738302	-0.6419060000000001	-0.20704299999999998	0.0	1.05325	-3.40785	-2.9805099999999998	0.341907	
0	0.792402	-0.0659854	-0.60642	0.0	0.586669	0.35475	0.727992	0.0	0.16709100000000002	-0.93263	0.319816	0.0	-3.466	-3.4304699999999997	-3.0380700000000003	0.123796	-0.0602081	0.370262	-0.926974	0.0	0.6682680000000001	-0.674883	-0.312973	0.0	-0.7414810000000001	-0.63831	-0.206801	0.0	1.03122	-3.42964	-2.98374	0.342161	
0	0.779399	-0.0284536	-0.625881	0.0	0.591787	0.36146100000000003	0.72051	0.0	0.205731	-0.931953	0.298561	0.0	-3.49692	-3.03884	-3.00811	0.123751	-0.0603577	0.37303600000000003	-0.925852	0.0	0.664718	-0.676938	-0.31608	0.0	-0.744653	-0.634508	-0.20710599999999998	0.0	1.01851	-3.43641	-2.98939	0.34222199999999997	
0	0.768342	-0.00556132	-0.640016	0.0	0.593448	0.380731	0.709129	0.0	0.23973000000000003	-0.9246690000000001	0.29583200000000004	0.0	-3.5420199999999995	-2.5808299999999997	-3.02466	0.123527	-0.0454131	0.378287	-0.924574	0.0	0.66232	-0.6814640000000001	-0.31135100000000004	0.0	-0.747844	-0.6265029999999999	-0.2196	0.0	1.0061799999999999	-3.4380800000000002	-3.01383	0.34267	
0	0.764323	0.015638299999999997	-0.644644	0.0	0.593771	0.372821	0.71305	0.0	0.251488	-0.9277709999999999	0.27566999999999997	0.0	-3.54291	-2.28437	-3.0082299999999997	0.12352	-0.00222176	0.377277	-0.926098	0.0	0.658673	-0.696271	-0.28523000000000004	0.0	-0.752426	-0.61063	-0.246955	0.0	0.991051	-3.4096300000000004	-3.06767	0.343113	
1	0.7576510000000001	0.0641768	-0.649497	0.0	0.5908260000000001	0.35536100000000004	0.7243229999999999	0.0	0.27729000000000004	-0.932524	0.23132199999999997	0.0	-3.54529	-1.9488900000000002	-3.0302700000000002	0.12353099999999999	0.0401043	0.368217	-0.928875	0.0	0.646728	-0.718197	-0.256779	0.0	-0.761666	-0.590431	-0.266939	0.0	1.0056100000000001	-3.33375	-3.1278900000000003	0.34270100000000003	
1	0.746402	0.09447280000000001	-0.658756	0.0	0.5943890000000001	0.350561	0.723746	0.0	0.299308	-0.9317629999999999	0.205506	0.0	-3.5476199999999998	-1.76623	-3.04946	0.123798	0.07835299999999999	0.360268	-0.929552	0.0	0.6265	-0.7430899999999999	-0.235192	0.0	-0.775473	-0.563936	-0.283931	0.0	1.02558	-3.27832	-3.17046	0.342685	
1	0.7135	0.16056600000000001	-0.682009	0.0	0.591123	0.384623	0.70897	0.0	0.376154	-0.9090010000000001	0.179514	0.0	-3.40385	-1.4176799999999998	-3.08238	0.123803	0.177703	0.316998	-0.93163	0.0	0.535139	-0.825615	-0.17885	0.0	-0.8258620000000001	-0.46676899999999993	-0.316352	0.0	1.03223	-3.05062	-3.25007	0.341819	
1	0.7119840000000001	0.185	-0.677388	0.0	0.577032	0.395568	0.714535	0.0	0.400142	-0.8996120000000001	0.174887	0.0	-3.3235699999999997	-1.3821700000000001	-3.1008299999999998	0.123545	0.199256	0.297336	-0.93375	0.0	0.498438	-0.851142	-0.164668	0.0	-0.843716	-0.43260600000000005	-0.317799	0.0	1.01064	-2.99232	-3.26745	0.341697	
1	0.7192930000000001	0.21538800000000002	-0.660473	0.0	0.5373899999999999	0.429997	0.725475	0.0	0.44026099999999996	-0.876761	0.193546	0.0	-2.9092700000000002	-1.51922	-3.1996700000000002	0.12381800000000001	0.23745500000000003	0.223816	-0.945263	0.0	0.360931	-0.923759	-0.128057	0.0	-0.901856	-0.310767	-0.300134	0.0	0.84775	-2.7662	-3.25115	0.341404	
1	0.729441	0.225439	-0.645828	0.0	0.519753	0.43114600000000003	0.7375430000000001	0.0	0.44471700000000003	-0.8736649999999999	0.197323	0.0	-2.52002	-1.80552	-3.30799	0.123528	0.23684000000000002	0.165771	-0.9573020000000001	0.0	0.271221	-0.9574440000000001	-0.0986947	0.0	-0.932923	-0.236265	-0.27172199999999996	0.0	0.701023	-2.5781400000000003	-3.19257	0.341523	
1	0.73868	0.235077	-0.631737	0.0	0.517088	0.403594	0.7548050000000001	0.0	0.432403	-0.884223	0.176572	0.0	-2.23409	-1.97002	-3.3986199999999998	0.123801	0.227611	0.126119	-0.96555	0.0	0.22053699999999998	-0.9724879999999999	-0.0750377	0.0	-0.94845	-0.19585999999999998	-0.24916300000000002	0.0	0.549715	-2.43775	-3.1042	0.34128400000000003	
1	0.760046	0.229307	-0.60807	0.0	0.518536	0.350025	0.780131	0.0	0.391728	-0.908241	0.14713099999999998	0.0	-1.93396	-2.12052	-3.5398099999999997	0.12353299999999999	0.20655300000000001	0.08632519999999999	-0.97462	0.0	0.167458	-0.9845219999999999	-0.0517126	0.0	-0.9639989999999999	-0.152527	-0.21781199999999998	0.0	0.40425700000000003	-2.2722599999999997	-3.0259099999999997	0.34125500000000003	
1	0.7701100000000001	0.223942	-0.597312	0.0	0.515784	0.332384	0.789612	0.0	0.375364	-0.916172	0.140467	0.0	-1.78662	-2.1941200000000003	-3.60244	0.123804	0.19632	0.0710221	-0.9779639999999999	0.0	0.144538	-0.988574	-0.042777499999999996	0.0	-0.969828	-0.132955	-0.204342	0.0	0.344496	-2.1890099999999997	-2.9845200000000003	0.34108499999999997	
1	0.780805	0.222349	-0.58387	0.0	0.5048	0.326129	0.799261	0.0	0.368132	-0.9188040000000001	0.142401	0.0	-1.63639	-2.2289	-3.64212	0.123801	0.18503	0.06286280000000001	-0.98072	0.0	0.13131700000000002	-0.990584	-0.0387199	0.0	-0.9739200000000001	-0.121621	-0.19154300000000002	0.0	0.298792	-2.11623	-2.94149	0.341514	
1	0.793797	0.21149600000000002	-0.570224	0.0	0.499312	0.308678	0.809571	0.0	0.34723699999999996	-0.9273549999999999	0.139426	0.0	-1.6235700000000002	-2.2145200000000003	-3.6543699999999997	0.123873	0.17256	0.0588137	-0.9832420000000001	0.0	0.126851	-0.9912299999999999	-0.0370292	0.0	-0.9767969999999999	-0.118335	-0.178507	0.0	0.332708	-2.11279	-2.9046	0.344534	
1	0.801801	0.20703600000000003	-0.560581	0.0	0.48907700000000004	0.311697	0.814646	0.0	0.343393	-0.927351	0.148662	0.0	-1.62202	-2.2264	-3.6692699999999996	0.12346099999999999	0.161744	0.0604571	-0.984979	0.0	0.123492	-0.9915149999999999	-0.040579699999999996	0.0	-0.979075	-0.11507300000000001	-0.167837	0.0	0.333865	-2.11984	-2.86475	0.34619	
1	0.806052	0.201882	-0.556349	0.0	0.486162	0.310247	0.8169420000000001	0.0	0.337532	-0.9289729999999999	0.151928	0.0	-1.5969	-2.22536	-3.67065	0.123451	0.14614000000000002	0.07006939999999999	-0.9867790000000001	0.0	0.128161	-0.9904229999999999	-0.051347699999999996	0.0	-0.980927	-0.11896300000000001	-0.153721	0.0	0.30551100000000003	-2.1446099999999997	-2.83773	0.346765	
1	0.806959	0.20514000000000002	-0.553836	0.0	0.479807	0.31909699999999996	0.817289	0.0	0.344386	-0.9252540000000001	0.159071	0.0	-1.60054	-2.24978	-3.6734400000000003	0.123581	0.134957	0.0830826	-0.9873620000000001	0.0	0.14107999999999998	-0.9879379999999999	-0.0638476	0.0	-0.980757	-0.13068	-0.14505	0.0	0.270754	-2.16627	-2.79639	0.344829	
1	0.802629	0.213756	-0.556862	0.0	0.47976199999999997	0.323378	0.815632	0.0	0.354423	-0.921811	0.157001	0.0	-1.4820200000000001	-2.1974099999999996	-3.65875	0.123574	0.128409	0.09136389999999998	-0.987504	0.0	0.14908	-0.9862110000000001	-0.07185880000000001	0.0	-0.980452	-0.13799	-0.140259	0.0	0.146505	-2.2330200000000002	-2.79419	0.33467600000000003	
1	0.7951699999999999	0.226125	-0.5626479999999999	0.0	0.46965200000000007	0.35727600000000004	0.80733	0.0	0.38357800000000003	-0.9062129999999999	0.177894	0.0	-1.44744	-2.21053	-3.65297	0.1249	0.126554	0.114975	-0.985274	0.0	0.182339	-0.979032	-0.0908262	0.0	-0.975057	-0.168159	-0.14486500000000002	0.0	0.120689	-2.29069	-2.7446900000000003	0.207717	
1	0.795949	0.230125	-0.559918	0.0	0.46801400000000004	0.35273000000000004	0.8102739999999999	0.0	0.38396399999999997	-0.9069860000000001	0.17305299999999998	0.0	-1.4140700000000002	-2.2093599999999998	-3.6375300000000004	0.124898	0.12803299999999998	0.12148699999999998	-0.984301	0.0	0.184978	-0.977979	-0.0966453	0.0	-0.974367	-0.1697	-0.14768699999999998	0.0	0.152833	-2.29514	-2.72741	0.20756999999999998	
1	0.7946850000000001	0.233884	-0.5601550000000001	0.0	0.468588	0.350245	0.81102	0.0	0.385876	-0.9069879999999999	0.16874	0.0	-1.4155	-2.21619	-3.62805	0.12491400000000001	0.12627	0.126122	-0.9839459999999999	0.0	0.187505	-0.9770399999999999	-0.101174	0.0	-0.9741139999999999	-0.171719	-0.147019	0.0	0.152621	-2.30235	-2.72055	0.207506	
1	0.7939229999999999	0.286391	-0.536345	0.0	0.43908800000000003	0.340125	0.831575	0.0	0.42058	-0.895709	0.144282	0.0	-1.3957	-2.24373	-3.64742	0.124825	0.13634300000000002	0.167536	-0.976392	0.0	0.23032199999999997	-0.96395	-0.133239	0.0	-0.963516	-0.20671799999999999	-0.170016	0.0	0.158843	-2.2976900000000002	-2.7147900000000003	0.20750100000000002	
1	0.792258	0.302288	-0.530046	0.0	0.43324300000000004	0.333024	0.8374940000000001	0.0	0.42968199999999995	-0.89315	0.132877	0.0	-1.3413700000000002	-2.10811	-3.63501	0.281922	0.124787	0.214456	-0.96873	0.0	0.290963	-0.9413440000000001	-0.170913	0.0	-0.9485610000000001	-0.26053699999999996	-0.179866	0.0	0.120172	-2.43845	-2.71025	0.20761500000000002	
1	0.725194	0.407341	-0.555128	0.0	0.40865100000000004	0.394258	0.8231430000000001	0.0	0.554164	-0.823792	0.119453	0.0	-1.3321399999999999	-1.9452200000000002	-3.66945	0.347455	0.16252	0.296255	-0.9411799999999999	0.0	0.320886	-0.9178799999999999	-0.23351100000000002	0.0	-0.9330700000000001	-0.26406199999999996	-0.244238	0.0	0.290126	-2.5657	-2.8433200000000003	0.20761	
1	0.646686	0.480415	-0.5924510000000001	0.0	0.408826	0.43742	0.800952	0.0	0.64394	-0.760174	0.0864671	0.0	-1.4016	-1.81597	-3.7358599999999997	0.34968899999999997	0.238802	0.326446	-0.9145530000000001	0.0	0.302605	-0.9199219999999999	-0.24934800000000001	0.0	-0.922715	-0.217204	-0.318463	0.0	0.622609	-2.5036	-2.97947	0.207646	
1	0.57619	0.551442	-0.603256	0.0	0.388859	0.464242	0.7957810000000001	0.0	0.718884	-0.693102	0.053058400000000006	0.0	-1.56465	-1.7103599999999999	-3.7937199999999995	0.350595	0.33879899999999996	0.306417	-0.8895639999999999	0.0	0.235335	-0.943026	-0.235202	0.0	-0.9109510000000001	-0.12966	-0.39160700000000004	0.0	1.04721	-2.43135	-3.06655	0.20763800000000002	
2	0.44218100000000005	0.620576	-0.6475810000000001	0.0	0.364958	0.535041	0.76193	0.0	0.819317	-0.5732510000000001	0.010100399999999999	0.0	-1.75361	-1.62446	-3.8283099999999997	0.349771	0.446117	0.260338	-0.856273	0.0	0.136215	-0.965362	-0.22253699999999998	0.0	-0.884548	-0.0173599	-0.46612700000000007	0.0	1.5846799999999999	-2.4090700000000003	-3.08451	0.20760399999999998	
2	0.373216	0.64475	-0.667088	0.0	0.347181	0.569735	0.744894	0.0	0.860334	-0.5096069999999999	-0.0112107	0.0	-1.8355599999999999	-1.60389	-3.8119300000000003	0.34891300000000003	0.48418199999999995	0.236551	-0.842384	0.0	0.08900069999999999	-0.971082	-0.221536	0.0	-0.8704290000000001	0.0322907	-0.491234	0.0	1.7987099999999998	-2.4346400000000004	-3.04128	0.20760599999999998	
2	0.24455900000000003	0.6627069999999999	-0.707821	0.0	0.318626	0.634524	0.704171	0.0	0.915789	-0.397741	-0.055977599999999995	0.0	-2.02142	-1.70895	-3.7053800000000003	0.349047	0.544341	0.14514200000000002	-0.8262120000000001	0.0	-0.051586599999999996	-0.9772620000000001	-0.20566500000000001	0.0	-0.837276	0.154573	-0.5244770000000001	0.0	2.24065	-2.53388	-2.84515	0.207691	
2	0.172718	0.653449	-0.737003	0.0	0.293043	0.680275	0.6718270000000001	0.0	0.94037	-0.33200999999999997	-0.0739928	0.0	-2.07003	-1.9165299999999998	-3.56061	0.347978	0.566159	0.07935039999999999	-0.820468	0.0	-0.139783	-0.9716969999999999	-0.190433	0.0	-0.812357	0.222503	-0.539044	0.0	2.49588	-2.61882	-2.67331	0.207683	
2	0.145169	0.649055	-0.746762	0.0	0.282566	0.696125	0.659974	0.0	0.9482	-0.306818	-0.0823449	0.0	-2.09591	-2.12201	-3.4026300000000003	0.347756	0.577955	0.0405247	-0.815062	0.0	-0.18294000000000002	-0.9669139999999999	-0.177796	0.0	-0.795299	0.251866	-0.551419	0.0	2.69711	-2.7332	-2.48217	0.20769	
2	0.0819831	0.65013	-0.755387	0.0	0.269059	0.7153579999999999	0.64488	0.0	0.959628	-0.25611300000000004	-0.116276	0.0	-2.1177900000000003	-2.30508	-3.23916	0.347041	0.589519	-0.00927965	-0.807701	0.0	-0.224556	-0.9624	-0.15284	0.0	-0.775913	0.271476	-0.569438	0.0	2.8635099999999998	-2.87126	-2.2629200000000003	0.207682	
2	0.0545221	0.6459020000000001	-0.761471	0.0	0.258963	0.7273649999999999	0.635514	0.0	0.964347	-0.23184200000000002	-0.127607	0.0	-2.1435299999999997	-2.42556	-3.1170299999999997	0.346152	0.597734	-0.048202999999999996	-0.800244	0.0	-0.246944	-0.960727	-0.126583	0.0	-0.762714	0.273279	-0.586163	0.0	2.99114	-2.9893	-2.08452	0.20766500000000002	
2	0.0411876	0.6431979999999999	-0.764592	0.0	0.25557399999999997	0.733001	0.63039	0.0	0.9659120000000001	-0.221374	-0.134194	0.0	-2.1473	-2.47611	-3.06827	0.345955	0.6005560000000001	-0.0606735	-0.7972779999999999	0.0	-0.24820799999999998	-0.9620049999999999	-0.113755	0.0	-0.760083	0.266207	-0.592797	0.0	3.0544	-3.0471	-1.99551	0.207654	
2	0.0318559	0.646972	-0.761848	0.0	0.25595999999999997	0.731536	0.631933	0.0	0.9661620000000001	-0.215133	-0.142295	0.0	-2.18939	-2.58755	-2.98928	0.344679	0.602276	-0.07396749999999999	-0.794854	0.0	-0.22786900000000002	-0.970201	-0.0823758	0.0	-0.765075	0.23073600000000002	-0.601184	0.0	3.19729	-3.20134	-1.82529	0.207643	
2	0.0318285	0.6466069999999999	-0.762159	0.0	0.254677	0.732129	0.6317649999999999	0.0	0.9665020000000001	-0.21421199999999999	-0.141373	0.0	-2.1937900000000004	-2.60262	-2.98326	0.344698	0.6037	-0.0735885	-0.793808	0.0	-0.222493	-0.9717180000000001	-0.0791273	0.0	-0.765534	0.224386	-0.603	0.0	3.21273	-3.20348	-1.81004	0.20767199999999997	
2	0.0310933	0.649133	-0.760039	0.0	0.264162	0.728032	0.6326039999999999	0.0	0.9639770000000001	-0.22044299999999997	-0.148839	0.0	-2.22211	-2.6591400000000003	-2.95185	0.343901	0.612916	-0.0704779	-0.786998	0.0	-0.181662	-0.981902	-0.053546699999999996	0.0	-0.768981	0.175787	-0.614627	0.0	3.36939	-3.1674599999999997	-1.69943	0.207573	
2	0.0290268	0.647402	-0.761595	0.0	0.261282	0.730513	0.630938	0.0	0.9648260000000001	-0.21730500000000003	-0.14795	0.0	-2.2391799999999997	-2.66729	-2.94587	0.343379	0.6144149999999999	-0.0754859	-0.7853640000000001	0.0	-0.15690199999999999	-0.9872209999999999	-0.0278615	0.0	-0.773224	0.140343	-0.6184069999999999	0.0	3.40763	-3.13687	-1.67884	0.20755500000000002	
2	0.028854	0.6494	-0.759899	0.0	0.261515	0.728833	0.632781	0.0	0.9647680000000001	-0.216984	-0.148798	0.0	-2.24241	-2.6712599999999997	-2.94552	0.34339200000000003	0.615012	-0.07318780000000001	-0.785114	0.0	-0.140413	-0.989935	-0.01771	0.0	-0.7759149999999999	0.12113199999999999	-0.6190979999999999	0.0	3.4258699999999997	-3.1181799999999997	-1.67032	0.20755	
2	0.030998400000000002	0.653737	-0.756087	0.0	0.259709	0.725201	0.637679	0.0	0.965189	-0.216129	-0.147301	0.0	-2.24612	-2.69029	-2.95287	0.34271399999999996	0.6165470000000001	-0.0582576	-0.785159	0.0	-0.06770570000000001	-0.9974879999999999	0.020846	0.0	-0.784401	0.040307300000000004	-0.618943	0.0	3.45185	-3.05173	-1.6588	0.20745100000000002	
2	0.030375599999999996	0.6545	-0.755452	0.0	0.257889	0.7250800000000001	0.638555	0.0	0.9656969999999999	-0.214219	-0.146763	0.0	-2.24404	-2.70268	-2.96343	0.342523	0.617201	-0.0445305	-0.7855439999999999	0.0	-0.0103098	-0.998769	0.0485173	0.0	-0.786738	-0.021846099999999997	-0.616901	0.0	3.4391800000000003	-3.00048	-1.66661	0.20738600000000001	
2	0.031777099999999996	0.653401	-0.7563439999999999	0.0	0.258698	0.725563	0.637679	0.0	0.965435	-0.215928	-0.145977	0.0	-2.24306	-2.70687	-2.96347	0.342526	0.618201	-0.04460019999999999	-0.784754	0.0	-0.00415468	-0.998561	0.05347869999999999	0.0	-0.7860090000000001	-0.029800200000000002	-0.617496	0.0	3.4377	-2.9936	-1.66677	0.207375	
2	0.036075199999999995	0.64777	-0.7609819999999999	0.0	0.264884	0.728043	0.632289	0.0	0.9636049999999999	-0.22438200000000003	-0.145319	0.0	-2.22506	-2.74173	-2.93778	0.343851	0.6123310000000001	-0.0308255	-0.79	0.0	0.0737136	-0.992661	0.09586889999999999	0.0	-0.787158	-0.11693699999999999	-0.6055649999999999	0.0	3.4176800000000003	-2.91967	-1.6867	0.207294	
2	0.0341114	0.645578	-0.7629319999999999	0.0	0.266219	0.7299260000000001	0.629552	0.0	0.963309	-0.224582	-0.146966	0.0	-2.2216299999999998	-2.74885	-2.92936	0.34436100000000003	0.597268	-0.00562316	-0.802022	0.0	0.155602	-0.9801639999999999	0.122749	0.0	-0.7868029999999999	-0.19811099999999998	-0.584546	0.0	3.39647	-2.85775	-1.7090599999999998	0.20725700000000002	
2	0.0368454	0.642324	-0.765548	0.0	0.269571	0.73128	0.6265470000000001	0.0	0.962276	-0.22945500000000002	-0.146208	0.0	-2.2103900000000003	-2.7515400000000003	-2.90703	0.34541900000000003	0.567297	0.0210028	-0.8232450000000001	0.0	0.270003	-0.94916	0.16184300000000001	0.0	-0.777993	-0.314092	-0.544127	0.0	3.35929	-2.7667900000000003	-1.75194	0.207169	
2	0.037380199999999995	0.6418470000000001	-0.765921	0.0	0.27363000000000004	0.730589	0.6255930000000001	0.0	0.961108	-0.232963	-0.148319	0.0	-2.20432	-2.7579	-2.88482	0.345647	0.563177	0.0146841	-0.826206	0.0	0.34607899999999997	-0.912121	0.219691	0.0	-0.750374	-0.40965799999999997	-0.518768	0.0	3.32277	-2.6997	-1.7828099999999998	0.20807399999999998	
