3	0.137897	0.922761	-0.35985700000000004	0.0	0.22047399999999998	0.325614	0.9194379999999999	0.0	0.9655959999999999	-0.206127	-0.15854400000000002	0.0	-2.78341	1.91746	1.43511	0.0	-0.06081	0.887017	-0.457716	0.0	0.265879	-0.42760200000000004	-0.8639819999999999	0.0	-0.962087	-0.174236	-0.209837	0.0	2.71422	2.08759	1.61836	2.6559e-05	
3	0.14568	0.925934	-0.348459	0.0	0.2061	0.31608600000000003	0.926074	0.0	0.967626	-0.20672800000000002	-0.144788	0.0	-2.80227	1.83834	1.4104700000000001	0.0	-0.026468900000000004	0.8879959999999999	-0.459089	0.0	0.281519	-0.434041	-0.855778	0.0	-0.959191	-0.151894	-0.238499	0.0	2.7982299999999998	2.16195	1.6416099999999998	0.0	
3	0.12223900000000001	0.9301360000000001	-0.34627199999999997	0.0	0.185886	0.321259	0.9285680000000001	0.0	0.974938	-0.177875	-0.133629	0.0	-2.7678700000000003	1.82922	1.41307	0.0	-0.0259663	0.904423	-0.425846	0.0	0.28536300000000003	-0.40155799999999997	-0.8702409999999999	0.0	-0.958068	-0.144118	-0.247662	0.0	2.7862400000000003	2.22384	1.6429	0.0	
3	0.0982043	0.926055	-0.364387	0.0	0.187412	0.342395	0.920675	0.0	0.97736	-0.15870499999999998	-0.139929	0.0	-2.72149	1.86958	1.4241	0.0	-0.0472087	0.959777	-0.276766	0.0	0.249692	-0.25694	-0.9336139999999999	0.0	-0.967174	-0.11318099999999999	-0.227519	0.0	2.77296	2.26188	1.6332	0.0	
3	0.00347897	0.94011	-0.340853	0.0	0.155934	0.336175	0.928801	0.0	0.9877610000000001	-0.0563817	-0.145425	0.0	-2.5990599999999997	2.0758400000000004	1.3742299999999998	0.344844	-0.136549	0.9688899999999999	-0.20641199999999998	0.0	0.22215900000000002	-0.17310599999999998	-0.95952	0.0	-0.9654010000000001	-0.176878	-0.19161	0.0	2.65239	2.18905	1.63669	0.357664	
3	0.0258347	0.9462	-0.322548	0.0	0.177853	0.313158	0.9328989999999999	0.0	0.983718	-0.0814674	-0.160194	0.0	-2.56961	2.09816	1.38325	0.344989	-0.171631	0.9607889999999999	-0.21778000000000003	0.0	0.226233	-0.176714	-0.95791	0.0	-0.958833	-0.21367600000000003	-0.187033	0.0	2.6089700000000002	2.1221099999999997	1.6446	0.356877	
3	0.109221	0.948307	-0.297969	0.0	0.205352	0.271769	0.940198	0.0	0.972575	-0.163878	-0.165054	0.0	-2.58196	2.00272	1.3612	0.344072	-0.19522	0.954052	-0.227319	0.0	0.240948	-0.17802	-0.9540719999999999	0.0	-0.950702	-0.24102600000000002	-0.195124	0.0	2.57285	2.02516	1.6017700000000001	0.357288	
3	0.176302	0.931392	-0.318474	0.0	0.250125	0.270532	0.92965	0.0	0.9520270000000001	-0.243558	-0.18527000000000002	0.0	-2.5853900000000003	1.88383	1.32935	0.343233	-0.20999099999999998	0.942688	-0.259314	0.0	0.264757	-0.20049	-0.943243	0.0	-0.941174	-0.266727	-0.20748200000000003	0.0	2.53953	1.91265	1.55861	0.357903	
3	0.21179800000000001	0.918593	-0.33365900000000004	0.0	0.276093	0.27126	0.922058	0.0	0.9375040000000001	-0.287411	-0.196165	0.0	-2.60534	1.8064799999999999	1.3323	0.34208299999999997	-0.21683200000000002	0.9335629999999999	-0.285383	0.0	0.28388	-0.21940500000000002	-0.933421	0.0	-0.9340219999999999	-0.28341	-0.217446	0.0	2.54236	1.8271099999999998	1.5171	0.357991	
3	0.27853	0.876872	-0.391812	0.0	0.341428	0.290905	0.893757	0.0	0.897691	-0.382714	-0.218363	0.0	-2.6520599999999996	1.75337	1.3562	0.336892	-0.218111	0.92475	-0.311874	0.0	0.310541	-0.237193	-0.920491	0.0	-0.925198	-0.297619	-0.23543899999999998	0.0	2.5609	1.7608	1.47679	0.358076	
3	0.33138	0.815492	-0.47451000000000004	0.0	0.413312	0.32663200000000003	0.8499909999999999	0.0	0.848151	-0.47779099999999997	-0.22881300000000002	0.0	-2.72324	1.65556	1.30708	0.334394	-0.21719699999999997	0.913327	-0.34447	0.0	0.34412600000000004	-0.25859299999999996	-0.9026120000000001	0.0	-0.913457	-0.314585	-0.25813400000000003	0.0	2.5991	1.71925	1.41603	0.358207	
3	0.40312800000000004	0.7013159999999999	-0.587915	0.0	0.49068900000000004	0.376627	0.785733	0.0	0.772472	-0.6052350000000001	-0.192299	0.0	-2.80016	1.47261	1.2679799999999999	0.339553	-0.21183200000000002	0.898027	-0.38558400000000004	0.0	0.378106	-0.288507	-0.879659	0.0	-0.901201	-0.33213200000000004	-0.278434	0.0	2.6343799999999997	1.6256899999999999	1.3507200000000001	0.358068	
3	0.484521	0.537551	-0.690129	0.0	0.581214	0.39179	0.713225	0.0	0.6537810000000001	-0.746686	-0.122602	0.0	-2.9241099999999998	1.04751	1.24957	0.348029	-0.221056	0.877972	-0.424616	0.0	0.397029	-0.31666	-0.861449	0.0	-0.8907870000000001	-0.359014	-0.27858099999999997	0.0	2.64575	1.4758799999999999	1.28891	0.357873	
3	0.5221779999999999	0.433354	-0.73453	0.0	0.630916	0.383213	0.674606	0.0	0.573825	-0.8156909999999999	-0.073305	0.0	-3.03769	0.633211	1.12879	0.348089	-0.221029	0.869559	-0.441604	0.0	0.400584	-0.331898	-0.854035	0.0	-0.889201	-0.365666	-0.274973	0.0	2.65061	1.41517	1.2771	0.358005	
3	0.5092	0.316384	-0.800385	0.0	0.712886	0.365985	0.598204	0.0	0.482192	-0.875189	-0.0391862	0.0	-3.13809	0.159324	0.866324	0.35019	-0.21895	0.8557540000000001	-0.468771	0.0	0.406244	-0.356858	-0.8412	0.0	-0.8871450000000001	-0.374616	-0.269511	0.0	2.64195	1.32444	1.28376	0.358205	
3	0.41156099999999995	0.179122	-0.8936069999999999	0.0	0.814697	0.36719	0.448821	0.0	0.408518	-0.9127360000000001	0.00519073	0.0	-3.1520799999999998	-0.330018	0.579001	0.34983800000000004	-0.227935	0.8355090000000001	-0.499971	0.0	0.420336	-0.378739	-0.8245450000000001	0.0	-0.878273	-0.398098	-0.264867	0.0	2.62465	1.22793	1.3108600000000001	0.358058	
3	0.26639	0.11615199999999999	-0.9568409999999999	0.0	0.880539	0.374435	0.2906	0.0	0.392029	-0.919949	-0.00253063	0.0	-3.13715	-0.696628	0.114398	0.35386599999999996	-0.231204	0.8191229999999999	-0.52496	0.0	0.420887	-0.402264	-0.813042	0.0	-0.8771540000000001	-0.408927	-0.251754	0.0	2.61512	1.1671799999999999	1.34354	0.35836399999999996	
3	0.12250599999999999	0.0792474	-0.9892989999999999	0.0	0.904225	0.401985	0.144172	0.0	0.409109	-0.9122100000000001	-0.022412099999999997	0.0	-3.22261	-0.940316	-0.31351599999999996	0.354692	-0.233837	0.805239	-0.544895	0.0	0.42630500000000005	-0.418775	-0.801805	0.0	-0.873833	-0.419784	-0.245352	0.0	2.60566	1.10825	1.35963	0.358451	
3	0.0144403	0.0550847	-0.9983770000000001	0.0	0.920241	0.38979899999999995	0.0348171	0.0	0.391085	-0.919251	-0.0450624	0.0	-3.30059	-1.20835	-0.683208	0.354486	-0.23696599999999998	0.795628	-0.557516	0.0	0.42812700000000004	-0.42961499999999997	-0.795072	0.0	-0.8720979999999999	-0.427092	-0.238825	0.0	2.59649	1.04551	1.39022	0.358525	
3	-0.0318818	0.027311400000000003	-0.9991180000000001	0.0	0.933759	0.357342	-0.020028099999999997	0.0	0.35648	-0.933574	-0.0368949	0.0	-3.4247199999999998	-1.48773	-0.903267	0.353073	-0.24139499999999997	0.790144	-0.563383	0.0	0.42924700000000005	-0.43373100000000003	-0.7922279999999999	0.0	-0.870331	-0.43306999999999995	-0.234467	0.0	2.5948	1.0099799999999999	1.39832	0.358752	
3	-0.0342934	-0.00558275	-0.999396	0.0	0.945599	0.323527	-0.034254599999999996	0.0	0.323523	-0.9462020000000001	-0.00581586	0.0	-3.51725	-1.7792700000000001	-0.9971979999999999	0.351175	-0.24668099999999998	0.783261	-0.570658	0.0	0.435889	-0.43625	-0.7872020000000001	0.0	-0.865534	-0.442932	-0.2338	0.0	2.5941799999999997	0.9895700000000001	1.41436	0.358599	
3	-0.0297976	0.00949532	-0.999511	0.0	0.9223610000000001	0.385594	-0.023834400000000002	0.0	0.385179	-0.9226200000000001	-0.020247900000000003	0.0	-3.5960199999999998	-1.9856200000000002	-1.17323	0.346092	-0.248092	0.780799	-0.573414	0.0	0.436899	-0.438121	-0.785601	0.0	-0.8646209999999999	-0.445425	-0.232436	0.0	2.59377	0.966799	1.40765	0.35869	
3	-0.0549214	0.01941	-0.998302	0.0	0.9137639999999999	0.404025	-0.042414999999999994	0.0	0.402516	-0.914542	-0.039925800000000004	0.0	-3.5457300000000003	-2.0354400000000004	-1.2794	0.343111	-0.250727	0.7752399999999999	-0.579775	0.0	0.43825600000000003	-0.443117	-0.782035	0.0	-0.863173	-0.450167	-0.228652	0.0	2.59077	0.925917	1.4046299999999998	0.358774	
3	-0.022290099999999997	-0.008499799999999998	-0.9997149999999999	0.0	0.908825	0.416497	-0.0238046	0.0	0.41658100000000003	-0.9090969999999999	-0.00155896	0.0	-3.4342699999999997	-2.0886099999999996	-1.3140399999999999	0.341937	-0.25699299999999997	0.770306	-0.583596	0.0	0.438468	-0.445208	-0.780728	0.0	-0.8612200000000001	-0.456529	-0.22333899999999998	0.0	2.58429	0.89291	1.42372	0.358698	
3	0.0154784	-0.0233414	-0.9996079999999999	0.0	0.907531	0.41996300000000003	0.00424635	0.0	0.419699	-0.907241	0.0276834	0.0	-3.3362	-2.1369599999999997	-1.28401	0.339889	-0.260785	0.766918	-0.5863689999999999	0.0	0.440662	-0.44585600000000003	-0.779121	0.0	-0.858958	-0.461574	-0.22168000000000002	0.0	2.58241	0.8725860000000001	1.42749	0.35881599999999997	
3	0.042580099999999996	-0.0237492	-0.998811	0.0	0.9083459999999999	0.41722600000000004	0.028803	0.0	0.416046	-0.908492	0.0393379	0.0	-3.3025300000000004	-2.1613599999999997	-1.2441	0.339408	-0.267968	0.761343	-0.590382	0.0	0.447906	-0.444093	-0.775991	0.0	-0.85298	-0.472376	-0.222007	0.0	2.59758	0.8617360000000001	1.4273	0.35895	
3	0.0502233	-0.0264365	-0.9983879999999999	0.0	0.902611	0.429108	0.0340429	0.0	0.427517	-0.902866	0.0454131	0.0	-3.2891	-2.1724900000000003	-1.2344600000000001	0.33755300000000005	-0.267629	0.759771	-0.5925560000000001	0.0	0.456165	-0.44178999999999996	-0.772487	0.0	-0.848698	-0.47704300000000005	-0.228345	0.0	2.62299	0.8543729999999999	1.39294	0.35873499999999997	
3	0.0674661	-0.0353351	-0.9970959999999999	0.0	0.898331	0.43697700000000006	0.0452979	0.0	0.434108	-0.8987780000000001	0.0612237	0.0	-3.25601	-2.19464	-1.2148299999999999	0.33574699999999996	-0.273264	0.750835	-0.60131	0.0	0.470084	-0.441144	-0.76447	0.0	-0.839255	-0.491568	-0.23240700000000003	0.0	2.63897	0.799077	1.34497	0.358711	
3	0.07736230000000001	-0.0346795	-0.9964	0.0	0.897049	0.438571	0.0543842	0.0	0.43510600000000005	-0.898027	0.065038	0.0	-3.2278599999999997	-2.20064	-1.21748	0.334485	-0.275043	0.74955	-0.602102	0.0	0.472183	-0.440213	-0.763712	0.0	-0.837493	-0.494356	-0.23284699999999997	0.0	2.64811	0.759529	1.31946	0.358721	
3	0.0878683	-0.0424144	-0.9952290000000001	0.0	0.89402	0.44398999999999994	0.0600108	0.0	0.439326	-0.895027	0.076932	0.0	-3.19235	-2.21207	-1.22252	0.33439800000000003	-0.275731	0.746656	-0.605374	0.0	0.474654	-0.44188900000000003	-0.761209	0.0	-0.8358690000000001	-0.49723100000000003	-0.23256100000000002	0.0	2.6642	0.744798	1.31105	0.35889699999999997	
3	0.09864869999999999	-0.0492111	-0.9939049999999999	0.0	0.891957	0.44722	0.06638680000000001	0.0	0.44122700000000004	-0.893069	0.08801189999999999	0.0	-3.16712	-2.23616	-1.1755200000000001	0.333766	-0.276893	0.744478	-0.607522	0.0	0.47444200000000003	-0.443879	-0.760182	0.0	-0.8356049999999999	-0.49872299999999997	-0.230305	0.0	2.6705200000000002	0.734881	1.3194299999999999	0.35896300000000003	
3	0.0989234	-0.052823800000000004	-0.993692	0.0	0.892482	0.446358	0.06511990000000001	0.0	0.44010299999999997	-0.893294	0.0912995	0.0	-3.1858299999999997	-2.2452900000000002	-1.1399299999999999	0.333313	-0.276316	0.740507	-0.612617	0.0	0.473448	-0.44983900000000004	-0.757292	0.0	-0.836359	-0.49929399999999996	-0.226294	0.0	2.68054	0.71954	1.33791	0.35884	
3	0.100978	-0.05862130000000001	-0.99316	0.0	0.892877	0.445661	0.0644763	0.0	0.438833	-0.89328	0.0973433	0.0	-3.2060299999999997	-2.25077	-1.1232600000000001	0.332903	-0.275513	0.739422	-0.614287	0.0	0.473289	-0.451863	-0.7561859999999999	0.0	-0.836714	-0.49907399999999996	-0.22546599999999997	0.0	2.68566	0.716288	1.3514899999999999	0.358811	
3	0.104476	-0.062353599999999995	-0.9925709999999999	0.0	0.89274	0.44571700000000003	0.0659677	0.0	0.438292	-0.893	0.102232	0.0	-3.2128400000000004	-2.26179	-1.09047	0.33172199999999996	-0.27558499999999997	0.73787	-0.616118	0.0	0.471645	-0.45469799999999994	-0.755514	0.0	-0.837619	-0.49879700000000005	-0.22270399999999999	0.0	2.68452	0.711916	1.35538	0.358948	
3	0.11231400000000001	-0.0647033	-0.9915639999999999	0.0	0.892156	0.44596	0.0719533	0.0	0.437542	-0.892711	0.107813	0.0	-3.2103200000000003	-2.27972	-1.0366799999999998	0.330791	-0.271606	0.74157	-0.613436	0.0	0.472504	-0.45253999999999994	-0.756272	0.0	-0.838433	-0.495259	-0.22748200000000002	0.0	2.6827900000000002	0.710851	1.3524399999999999	0.358831	
3	0.12126400000000001	-0.0668682	-0.990366	0.0	0.8910680000000001	0.446955	0.0789275	0.0	0.43737200000000004	-0.8920540000000001	0.113784	0.0	-3.20986	-2.29703	-0.9846809999999999	0.32818600000000003	-0.274537	0.735476	-0.6194390000000001	0.0	0.471317	-0.458579	-0.75337	0.0	-0.838147	-0.49878	-0.22074499999999997	0.0	2.64689	0.692842	1.34369	0.359	
3	0.127445	-0.0653077	-0.989693	0.0	0.889186	0.449612	0.084834	0.0	0.439438	-0.890833	0.115372	0.0	-3.20514	-2.30088	-0.978759	0.32652800000000004	-0.274673	0.734097	-0.621013	0.0	0.473095	-0.459092	-0.751941	0.0	-0.8370989999999999	-0.500336	-0.22119699999999998	0.0	2.62589	0.690533	1.34297	0.359107	
3	0.132999	-0.06882510000000001	-0.9887239999999999	0.0	0.888913	0.449489	0.088284	0.0	0.43834399999999996	-0.890631	0.12096099999999999	0.0	-3.2031400000000003	-2.3050599999999997	-0.9745229999999999	0.329328	-0.275368	0.732245	-0.622889	0.0	0.473444	-0.46061899999999995	-0.750787	0.0	-0.836674	-0.501645	-0.21983699999999998	0.0	2.61991	0.690999	1.34976	0.359111	
3	0.139121	-0.0678825	-0.9879459999999999	0.0	0.887914	0.450283	0.0940951	0.0	0.438468	-0.890302	0.12291700000000001	0.0	-3.2029799999999997	-2.3063700000000003	-0.975225	0.33088	-0.277611	0.7329180000000001	-0.621099	0.0	0.47406400000000004	-0.457804	-0.752116	0.0	-0.8355809999999999	-0.503236	-0.22035900000000003	0.0	2.61859	0.69285	1.3708200000000001	0.359131	
3	0.146596	-0.060555399999999995	-0.987341	0.0	0.8877659999999999	0.44831899999999997	0.104315	0.0	0.436327	-0.8918200000000001	0.11948099999999999	0.0	-3.21129	-2.30472	-0.9684389999999999	0.332728	-0.279729	0.732487	-0.620657	0.0	0.476376	-0.45537700000000003	-0.752129	0.0	-0.833557	-0.506058	-0.221557	0.0	2.6315	0.688235	1.35874	0.35883200000000004	
3	0.149676	-0.0584328	-0.987007	0.0	0.887151	0.448671	0.107971	0.0	0.436533	-0.891785	0.118994	0.0	-3.20492	-2.30417	-0.9717110000000001	0.334014	-0.27952	0.7306600000000001	-0.6229	0.0	0.47635600000000006	-0.45775	-0.7507	0.0	-0.8336389999999999	-0.506558	-0.220104	0.0	2.65334	0.685922	1.3917	0.3589	
3	0.1499	-0.05855269999999999	-0.986966	0.0	0.887092	0.448754	0.108109	0.0	0.436575	-0.891735	0.11921	0.0	-3.20411	-2.3047299999999997	-0.9711549999999999	0.333983	-0.279442	0.7305689999999999	-0.623042	0.0	0.47615799999999997	-0.458038	-0.75065	0.0	-0.833778	-0.50643	-0.219871	0.0	2.65408	0.687442	1.3917899999999999	0.358939	
3	0.149898	-0.058551099999999995	-0.986966	0.0	0.887092	0.448754	0.108108	0.0	0.436575	-0.891735	0.119208	0.0	-3.20412	-2.3047299999999997	-0.971152	0.333983	-0.279443	0.7305699999999999	-0.623041	0.0	0.476159	-0.458035	-0.7506510000000001	0.0	-0.833777	-0.50643	-0.219873	0.0	2.65407	0.6874359999999999	1.39175	0.35894000000000004	
3	0.149898	-0.058551099999999995	-0.986966	0.0	0.887092	0.448754	0.108108	0.0	0.436575	-0.891735	0.119208	0.0	-3.20412	-2.3047299999999997	-0.971152	0.333983	-0.279443	0.7305699999999999	-0.623041	0.0	0.476159	-0.458035	-0.7506510000000001	0.0	-0.833777	-0.50643	-0.219873	0.0	2.65407	0.6874359999999999	1.39175	0.35894000000000004	
3	0.149898	-0.058551	-0.986966	0.0	0.887092	0.448754	0.108108	0.0	0.436575	-0.891735	0.119208	0.0	-3.20412	-2.3047299999999997	-0.971152	0.333983	-0.279443	0.7305699999999999	-0.623041	0.0	0.476159	-0.458035	-0.7506510000000001	0.0	-0.833777	-0.50643	-0.219873	0.0	2.65407	0.687435	1.39175	0.35894000000000004	
3	0.149898	-0.058551	-0.986966	0.0	0.887092	0.448754	0.108108	0.0	0.436575	-0.891735	0.119208	0.0	-3.20412	-2.3047299999999997	-0.971152	0.333983	-0.279443	0.7305699999999999	-0.623041	0.0	0.476159	-0.458035	-0.7506510000000001	0.0	-0.833777	-0.50643	-0.219873	0.0	2.65407	0.687435	1.39175	0.35894000000000004	
3	0.149898	-0.058551	-0.986966	0.0	0.887092	0.448754	0.108108	0.0	0.436575	-0.891735	0.119208	0.0	-3.20412	-2.3047299999999997	-0.971152	0.333983	-0.279443	0.7305699999999999	-0.623041	0.0	0.476159	-0.458035	-0.7506510000000001	0.0	-0.833777	-0.50643	-0.219873	0.0	2.65407	0.6874359999999999	1.39175	0.35894000000000004	
3	0.149898	-0.058551	-0.986966	0.0	0.887092	0.448754	0.108108	0.0	0.436575	-0.891735	0.119208	0.0	-3.20412	-2.3047299999999997	-0.971152	0.333983	-0.279443	0.7305699999999999	-0.623041	0.0	0.476159	-0.458035	-0.7506510000000001	0.0	-0.833778	-0.50643	-0.219873	0.0	2.65407	0.687435	1.39175	0.35894000000000004	
3	0.149898	-0.058551	-0.986966	0.0	0.887092	0.448754	0.108108	0.0	0.436575	-0.891735	0.119208	0.0	-3.20412	-2.3047299999999997	-0.971152	0.333983	-0.279443	0.7305699999999999	-0.623041	0.0	0.476159	-0.458035	-0.7506510000000001	0.0	-0.833777	-0.50643	-0.219873	0.0	2.65407	0.6874359999999999	1.39175	0.35894000000000004	
3	0.149898	-0.058551	-0.986966	0.0	0.887092	0.448754	0.108108	0.0	0.436575	-0.891735	0.119208	0.0	-3.20412	-2.3047299999999997	-0.971152	0.333983	-0.279443	0.7305699999999999	-0.623041	0.0	0.476159	-0.458035	-0.7506510000000001	0.0	-0.833777	-0.50643	-0.219873	0.0	2.65407	0.6874359999999999	1.39175	0.35894000000000004	
3	0.149898	-0.058551	-0.986966	0.0	0.887092	0.448754	0.108108	0.0	0.436575	-0.891735	0.119208	0.0	-3.20412	-2.3047299999999997	-0.971152	0.333983	-0.279443	0.7305699999999999	-0.623041	0.0	0.476159	-0.458035	-0.7506510000000001	0.0	-0.833778	-0.50643	-0.219873	0.0	2.65407	0.687435	1.39175	0.35894000000000004	
3	0.149898	-0.058551	-0.986966	0.0	0.887092	0.448754	0.108108	0.0	0.436575	-0.891735	0.119208	0.0	-3.20412	-2.3047299999999997	-0.971152	0.333983	-0.279443	0.7305699999999999	-0.623041	0.0	0.476159	-0.458035	-0.7506510000000001	0.0	-0.833777	-0.50643	-0.219873	0.0	2.65406	0.687435	1.39175	0.35894000000000004	
3	0.149898	-0.058551	-0.986966	0.0	0.887092	0.448754	0.108108	0.0	0.436575	-0.891735	0.119208	0.0	-3.20412	-2.3047299999999997	-0.971152	0.333983	-0.279443	0.7305699999999999	-0.623041	0.0	0.476159	-0.458035	-0.7506510000000001	0.0	-0.833777	-0.50643	-0.219873	0.0	2.65407	0.687435	1.39175	0.35894000000000004	
3	0.149898	-0.058551	-0.986966	0.0	0.887092	0.448754	0.108108	0.0	0.436575	-0.891735	0.119208	0.0	-3.20412	-2.3047299999999997	-0.971152	0.333983	-0.279443	0.7305699999999999	-0.623041	0.0	0.476159	-0.458035	-0.7506510000000001	0.0	-0.833778	-0.50643	-0.219873	0.0	2.65406	0.6874359999999999	1.39175	0.35894000000000004	
3	0.149898	-0.058551	-0.986966	0.0	0.887092	0.448754	0.108108	0.0	0.436575	-0.891735	0.119208	0.0	-3.20412	-2.3047299999999997	-0.971152	0.333983	-0.279443	0.7305699999999999	-0.623041	0.0	0.476159	-0.458035	-0.7506510000000001	0.0	-0.833778	-0.50643	-0.219873	0.0	2.65407	0.687435	1.39175	0.35894000000000004	
3	0.149898	-0.058551	-0.986966	0.0	0.887092	0.448754	0.108108	0.0	0.436575	-0.891735	0.119208	0.0	-3.20412	-2.3047299999999997	-0.971152	0.333983	-0.279443	0.7305699999999999	-0.623041	0.0	0.476159	-0.458035	-0.7506510000000001	0.0	-0.833778	-0.50643	-0.219873	0.0	2.65406	0.687435	1.39175	0.35894000000000004	
3	0.12163	0.367241	-0.9221389999999999	0.0	0.825786	0.47801899999999997	0.299292	0.0	0.550713	-0.797892	-0.245121	0.0	-3.22011	-2.3761900000000002	-1.07289	0.347496	-0.29885100000000003	0.7104199999999999	-0.637175	0.0	0.487576	-0.46029200000000003	-0.7418899999999999	0.0	-0.82034	-0.5323859999999999	-0.208825	0.0	2.6168400000000003	0.675916	1.42075	0.359084	
3	0.138851	0.348047	-0.9271379999999999	0.0	0.8400559999999999	0.45438100000000003	0.29638400000000004	0.0	0.524429	-0.820001	-0.22928800000000002	0.0	-3.19837	-2.47023	-1.1889299999999998	0.348258	-0.301167	0.7097939999999999	-0.636783	0.0	0.488277	-0.45881099999999997	-0.742347	0.0	-0.819076	-0.534496	-0.20839699999999997	0.0	2.62038	0.6679999999999999	1.42612	0.359057	
3	0.16305	0.32037899999999997	-0.9331510000000001	0.0	0.8570700000000001	0.42251000000000005	0.294817	0.0	0.48871899999999996	-0.8478459999999999	-0.205697	0.0	-3.19408	-2.6644900000000002	-1.3832200000000001	0.349117	-0.30134	0.709188	-0.637374	0.0	0.491421	-0.457325	-0.741188	0.0	-0.817129	-0.536569	-0.21069899999999997	0.0	2.62705	0.663844	1.42521	0.358928	
3	0.156154	0.268851	-0.95044	0.0	0.882871	0.393473	0.256355	0.0	0.44289399999999995	-0.8791459999999999	-0.17591800000000002	0.0	-3.22986	-2.93986	-1.61317	0.35043	-0.301126	0.7072649999999999	-0.639608	0.0	0.49072200000000005	-0.46017700000000006	-0.739884	0.0	-0.817628	-0.536668	-0.208499	0.0	2.63085	0.662999	1.45746	0.35896100000000003	
3	0.122438	0.205054	-0.9710620000000001	0.0	0.9049360000000001	0.378717	0.194072	0.0	0.407553	-0.9025110000000001	-0.139191	0.0	-3.2572099999999997	-3.2663	-1.8965	0.350177	-0.302469	0.707396	-0.63883	0.0	0.490663	-0.459042	-0.740628	0.0	-0.817167	-0.537467	-0.208247	0.0	2.62981	0.65984	1.4600600000000001	0.359064	
3	0.124706	0.174374	-0.976751	0.0	0.913384	0.364321	0.18165599999999998	0.0	0.387527	-0.914803	-0.113837	0.0	-3.25915	-3.37535	-1.9527	0.355674	-0.30378099999999997	0.705196	-0.640638	0.0	0.491307	-0.460163	-0.739505	0.0	-0.816293	-0.539397	-0.206679	0.0	2.63485	0.655913	1.46096	0.358971	
3	0.132726	0.14314300000000002	-0.9807620000000001	0.0	0.926689	0.333111	0.174026	0.0	0.351613	-0.931959	-0.0884367	0.0	-3.24167	-3.3739999999999997	-1.9687700000000001	0.356739	-0.304421	0.703371	-0.642338	0.0	0.492766	-0.46081099999999997	-0.7381300000000001	0.0	-0.815175	-0.5412239999999999	-0.206317	0.0	2.6513299999999997	0.6554180000000001	1.46407	0.358968	
3	0.131194	0.12349500000000001	-0.983635	0.0	0.9415709999999999	0.294958	0.162615	0.0	0.310214	-0.9474959999999999	-0.0775827	0.0	-3.22552	-3.37434	-1.97527	0.35714	-0.30391399999999996	0.703079	-0.642897	0.0	0.492633	-0.46162	-0.737712	0.0	-0.815444	-0.540914	-0.206067	0.0	2.65714	0.657217	1.46828	0.359093	
3	0.15925799999999998	0.09432560000000001	-0.98272	0.0	0.9537899999999999	0.24220799999999998	0.177818	0.0	0.254796	-0.965628	-0.051393100000000004	0.0	-3.2114	-3.3778	-1.99978	0.356622	-0.30388899999999996	0.701659	-0.644458	0.0	0.49183000000000004	-0.463797	-0.7368819999999999	0.0	-0.815938	-0.540894	-0.204154	0.0	2.65987	0.6606920000000001	1.4699200000000001	0.358941	
3	0.16983800000000002	0.079651	-0.982248	0.0	0.96016	0.211081	0.183135	0.0	0.221921	-0.974218	-0.040628199999999996	0.0	-3.2387200000000003	-3.3826099999999997	-2.01262	0.362748	-0.304079	0.700728	-0.6453800000000001	0.0	0.491845	-0.464707	-0.7362989999999999	0.0	-0.815858	-0.54132	-0.203342	0.0	2.65979	0.665215	1.47748	0.359045	
3	0.195464	0.054902599999999996	-0.979173	0.0	0.9665790000000001	0.158102	0.20181500000000002	0.0	0.165889	-0.9858950000000001	-0.0221645	0.0	-3.2542	-3.3991300000000004	-2.04777	0.36133200000000004	-0.304834	0.7004	-0.6453810000000001	0.0	0.490976	-0.46508599999999994	-0.736639	0.0	-0.8161	-0.541419	-0.202106	0.0	2.65842	0.652443	1.47499	0.35894000000000004	
3	0.204317	0.0397486	-0.9780969999999999	0.0	0.9683280000000001	0.138277	0.20789499999999997	0.0	0.143512	-0.9895959999999999	-0.010237399999999999	0.0	-3.25369	-3.4009300000000002	-2.06354	0.357054	-0.304557	0.699565	-0.646417	0.0	0.48935200000000006	-0.46732399999999996	-0.736304	0.0	-0.817178	-0.540572	-0.200007	0.0	2.65849	0.648564	1.47605	0.358995	
3	0.20960700000000002	0.0308003	-0.977301	0.0	0.969809	0.12086	0.21180900000000003	0.0	0.124641	-0.992192	-0.00453743	0.0	-3.2477099999999997	-3.40202	-2.07135	0.354178	-0.305332	0.699693	-0.645913	0.0	0.489149	-0.466729	-0.736816	0.0	-0.8170109999999999	-0.540921	-0.199747	0.0	2.65703	0.6408739999999999	1.47442	0.359074	
3	0.214863	0.00689852	-0.97662	0.0	0.9683940000000001	0.128196	0.213959	0.0	0.126675	-0.991725	0.0208641	0.0	-3.39391	-3.61061	-2.17967	0.34186	-0.305786	0.698936	-0.646516	0.0	0.488874	-0.46743	-0.736554	0.0	-0.817005	-0.541293	-0.198759	0.0	2.6589	0.632217	1.46954	0.359067	
3	0.231895	0.00556195	-0.972725	0.0	0.965391	0.121379	0.230841	0.0	0.119353	-0.992591	0.022777900000000004	0.0	-3.38867	-3.61195	-2.17592	0.340805	-0.30522	0.697816	-0.647991	0.0	0.487834	-0.469817	-0.7357239999999999	0.0	-0.817837	-0.54067	-0.197021	0.0	2.6600200000000003	0.630121	1.47195	0.359009	
3	0.264444	-0.0133409	-0.964309	0.0	0.960356	0.09513060000000001	0.262044	0.0	0.0882395	-0.995375	0.037968699999999994	0.0	-3.3854	-3.61206	-2.18487	0.317758	-0.30493200000000004	0.696446	-0.6496	0.0	0.48584700000000003	-0.47289799999999993	-0.735065	0.0	-0.819127	-0.539751	-0.194164	0.0	2.64414	0.62903	1.49064	0.359062	
3	0.299137	-0.0382841	-0.953442	0.0	0.9523290000000001	0.07468949999999999	0.29578899999999997	0.0	0.059888199999999996	-0.9964719999999999	0.058801400000000004	0.0	-3.47375	-3.5939900000000002	-2.22923	0.18744	-0.305261	0.695747	-0.6501939999999999	0.0	0.48557799999999995	-0.47362	-0.734777	0.0	-0.819164	-0.5400189999999999	-0.193262	0.0	2.63307	0.628173	1.50299	0.359149	
3	0.318832	-0.0511324	-0.9464309999999999	0.0	0.946549	0.0686993	0.31516	0.0	0.0489043	-0.996326	0.0703028	0.0	-3.4902900000000003	-3.58984	-2.2456099999999997	0.15693	-0.307352	0.694867	-0.65015	0.0	0.48506099999999996	-0.473396	-0.735263	0.0	-0.818689	-0.541347	-0.191554	0.0	2.6299200000000003	0.628166	1.5154	0.359207	
0	0.335294	-0.0458222	-0.940999	0.0	0.940182	0.0801975	0.331098	0.0	0.0602942	-0.995725	0.06997080000000001	0.0	-3.50365	-3.5893800000000002	-2.24484	0.156954	-0.308083	0.693325	-0.651449	0.0	0.485291	-0.474438	-0.7344390000000001	0.0	-0.818277	-0.542411	-0.190298	0.0	2.63142	0.625941	1.52072	0.358982	
0	0.33381500000000003	-0.0384599	-0.9418540000000001	0.0	0.938961	0.101737	0.32863600000000004	0.0	0.08318239999999999	-0.9940680000000001	0.0700738	0.0	-3.5170199999999996	-3.5893300000000004	-2.24263	0.157057	-0.30743400000000004	0.691462	-0.6537310000000001	0.0	0.485572	-0.476829	-0.732703	0.0	-0.818354	-0.542691	-0.189161	0.0	2.63213	0.6291939999999999	1.52386	0.35901900000000003	
0	0.328364	-0.0430089	-0.943572	0.0	0.937975	0.132524	0.320375	0.0	0.111267	-0.990246	0.0838571	0.0	-3.53444	-3.5884	-2.25556	0.156806	-0.307785	0.691823	-0.653184	0.0	0.485789	-0.47602	-0.733086	0.0	-0.818094	-0.542942	-0.18956900000000002	0.0	2.63151	0.632346	1.52993	0.358996	
0	0.31964699999999996	-0.037420300000000004	-0.9467979999999999	0.0	0.935941	0.16831600000000002	0.309329	0.0	0.147787	-0.985023	0.088825	0.0	-3.56886	-3.58765	-2.26242	0.156586	-0.307633	0.692183	-0.652874	0.0	0.48557100000000003	-0.47587399999999996	-0.733325	0.0	-0.818281	-0.542611	-0.189709	0.0	2.62984	0.628328	1.53147	0.358928	
0	0.306767	-0.00456256	-0.951774	0.0	0.9312950000000001	0.207817	0.29917	0.0	0.19643	-0.9781569999999999	0.0680005	0.0	-3.61346	-3.58655	-2.24784	0.156662	-0.309919	0.691024	-0.653021	0.0	0.485901	-0.475249	-0.7335119999999999	0.0	-0.817221	-0.544633	-0.18848	0.0	2.62722	0.624826	1.5364200000000001	0.358993	
0	0.292971	0.0229468	-0.9558459999999999	0.0	0.926625	0.239585	0.28976599999999997	0.0	0.235656	-0.9706040000000001	0.0489285	0.0	-3.6508300000000005	-3.58267	-2.23618	0.156943	-0.311163	0.690357	-0.653135	0.0	0.486754	-0.47449600000000003	-0.733434	0.0	-0.816241	-0.546133	-0.188389	0.0	2.62798	0.62489	1.53586	0.358914	
0	0.294153	0.04677340000000001	-0.9546129999999999	0.0	0.9126790000000001	0.28273899999999996	0.295085	0.0	0.283708	-0.9580559999999999	0.040479400000000006	0.0	-3.67486	-3.5823699999999996	-2.32449	0.15676199999999998	-0.312159	0.689512	-0.653551	0.0	0.48697700000000005	-0.474545	-0.7332529999999999	0.0	-0.8157270000000001	-0.5471560000000001	-0.187643	0.0	2.6299099999999997	0.6238	1.53795	0.35883699999999996	
0	0.291041	0.0911862	-0.952355	0.0	0.903573	0.30093600000000004	0.30494699999999997	0.0	0.31440500000000005	-0.949275	0.00519139	0.0	-3.64813	-3.33319	-2.34239	0.15695699999999999	-0.312778	0.6899430000000001	-0.6528	0.0	0.487288	-0.473386	-0.733796	0.0	-0.815304	-0.547617	-0.188136	0.0	2.6299799999999998	0.625897	1.54105	0.358856	
0	0.286837	0.10940899999999999	-0.9517110000000001	0.0	0.9025780000000001	0.302082	0.306756	0.0	0.32105700000000004	-0.946983	-0.012102	0.0	-3.69084	-3.1609599999999998	-2.31692	0.156953	-0.31249299999999997	0.6902050000000001	-0.65266	0.0	0.487849	-0.472929	-0.733717	0.0	-0.815077	-0.5476810000000001	-0.18892899999999999	0.0	2.6333599999999997	0.626384	1.53872	0.35891100000000004	
0	0.271165	0.141066	-0.95214	0.0	0.8980969999999999	0.318768	0.303001	0.0	0.34625500000000003	-0.937277	-0.0402521	0.0	-3.8048300000000004	-2.75254	-2.25668	0.156702	-0.311275	0.690155	-0.6532939999999999	0.0	0.486379	-0.47488800000000003	-0.733428	0.0	-0.816421	-0.5460470000000001	-0.187856	0.0	2.63455	0.6247659999999999	1.53403	0.358935	
0	0.270487	0.164926	-0.948492	0.0	0.8915290000000001	0.328914	0.311435	0.0	0.363336	-0.929847	-0.0580692	0.0	-3.85586	-2.4714400000000003	-2.22053	0.156949	-0.311308	0.690106	-0.653331	0.0	0.48631	-0.474966	-0.733424	0.0	-0.81645	-0.546042	-0.187745	0.0	2.63233	0.62549	1.53821	0.35881399999999997	
0	0.27641	0.174594	-0.945047	0.0	0.882339	0.343629	0.32155300000000003	0.0	0.380887	-0.922733	-0.059069	0.0	-3.8694699999999997	-2.34497	-2.19502	0.156699	-0.311698	0.690098	-0.653153	0.0	0.486253	-0.47472	-0.733621	0.0	-0.816335	-0.546265	-0.187593	0.0	2.6306599999999998	0.626034	1.53801	0.3588	
0	0.295431	0.181119	-0.938039	0.0	0.852615	0.392979	0.344405	0.0	0.431008	-0.9015340000000001	-0.0383267	0.0	-3.88705	-2.1238	-2.15179	0.156699	-0.31194	0.689837	-0.653313	0.0	0.48568999999999996	-0.475207	-0.7336779999999999	0.0	-0.816577	-0.546172	-0.18681099999999998	0.0	2.6268	0.623676	1.5376100000000001	0.35881199999999996	
1	0.303313	0.194708	-0.932786	0.0	0.8347459999999999	0.417817	0.358648	0.0	0.459566	-0.8874219999999999	-0.0358023	0.0	-3.87451	-2.0261299999999998	-2.10988	0.15668900000000002	-0.30995	0.688944	-0.655201	0.0	0.484642	-0.478396	-0.732298	0.0	-0.8179569999999999	-0.544513	-0.185613	0.0	2.62935	0.626026	1.5349	0.35871	
1	0.295605	0.235445	-0.925842	0.0	0.7790239999999999	0.50154	0.376272	0.0	0.552938	-0.8324799999999999	-0.035160000000000004	0.0	-3.84835	-1.7498099999999999	-2.0386599999999997	0.15695699999999999	-0.26283	0.669561	-0.6947	0.0	0.47028500000000006	-0.5397890000000001	-0.698183	0.0	-0.842468	-0.51021	-0.173012	0.0	2.64413	0.666762	1.49874	0.358586	
1	0.283427	0.276938	-0.9181360000000001	0.0	0.7480479999999999	0.535234	0.392364	0.0	0.600078	-0.798017	-0.05546280000000001	0.0	-3.74025	-1.6216899999999999	-2.04261	0.156687	-0.16363699999999998	0.641767	-0.749239	0.0	0.446633	-0.628988	-0.636312	0.0	-0.879626	-0.438759	-0.18370899999999998	0.0	2.66004	0.7886529999999999	1.4457	0.357403	
1	0.28458	0.296824	-0.911543	0.0	0.708052	0.5759449999999999	0.408595	0.0	0.646279	-0.761698	-0.0462645	0.0	-3.4859400000000003	-1.6438700000000002	-2.10889	0.156694	-0.025238800000000002	0.590536	-0.806617	0.0	0.393761	-0.735773	-0.550991	0.0	-0.918867	-0.33152	-0.21395999999999998	0.0	2.64893	1.03154	1.3431600000000001	0.355885	
1	0.307767	0.31203400000000003	-0.89884	0.0	0.6866180000000001	0.5811390000000001	0.436845	0.0	0.6586609999999999	-0.751607	-0.0353928	0.0	-3.12757	-1.7185599999999999	-2.19227	0.156959	0.101421	0.546171	-0.8315110000000001	0.0	0.36562	-0.7977920000000001	-0.47942700000000005	0.0	-0.925222	-0.255393	-0.280604	0.0	2.5848400000000002	1.32265	1.1684	0.355383	
1	0.323544	0.31854899999999997	-0.8909799999999999	0.0	0.678106	0.5786600000000001	0.453128	0.0	0.659918	-0.750786	-0.0287883	0.0	-2.9505	-1.7522	-2.2286200000000003	0.1567	0.131511	0.528872	-0.83845	0.0	0.36592600000000003	-0.811963	-0.454769	0.0	-0.9213049999999999	-0.247004	-0.30030999999999997	0.0	2.54621	1.44697	1.09341	0.355063	
1	0.36263	0.326285	-0.872948	0.0	0.682606	0.544722	0.487163	0.0	0.634468	-0.7725390000000001	-0.0251913	0.0	-2.51857	-1.8827	-2.32913	0.15671300000000002	0.154405	0.48057	-0.8632559999999999	0.0	0.391891	-0.831852	-0.392993	0.0	-0.906962	-0.277622	-0.316774	0.0	2.3464099999999997	1.6049200000000001	0.9035719999999999	0.35428899999999997	
1	0.389823	0.31327699999999997	-0.865965	0.0	0.679821	0.5364260000000001	0.5000899999999999	0.0	0.621193	-0.783648	-0.00386113	0.0	-2.2538400000000003	-2.05134	-2.41803	0.156701	0.154554	0.45273900000000006	-0.8781459999999999	0.0	0.410496	-0.837901	-0.359742	0.0	-0.898669	-0.30487600000000004	-0.315349	0.0	2.13382	1.6906599999999998	0.8079310000000001	0.354001	
1	0.400055	0.309438	-0.8626729999999999	0.0	0.6828649999999999	0.527161	0.505763	0.0	0.61127	-0.7914220000000001	-0.000410676	0.0	-2.10825	-2.14173	-2.47285	0.156709	0.147344	0.43896499999999994	-0.8863409999999999	0.0	0.423645	-0.8377690000000001	-0.344483	0.0	-0.8937639999999999	-0.324736	-0.30940500000000004	0.0	2.01532	1.6956900000000001	0.744314	0.354088	
1	0.427202	0.292506	-0.855534	0.0	0.691488	0.503938	0.517582	0.0	0.5825319999999999	-0.812703	0.0130189	0.0	-1.80998	-2.33879	-2.60656	0.156953	0.0998555	0.40363000000000004	-0.909457	0.0	0.48196700000000003	-0.81926	-0.310681	0.0	-0.870481	-0.407304	-0.276344	0.0	1.69755	1.59364	0.662365	0.35336599999999996	
1	0.442953	0.28251	-0.8508709999999999	0.0	0.693253	0.49386899999999995	0.524875	0.0	0.568501	-0.822364	0.022909799999999998	0.0	-1.6418700000000002	-2.4718299999999997	-2.67472	0.156701	0.00703186	0.366628	-0.930341	0.0	0.538773	-0.785168	-0.305346	0.0	-0.8424219999999999	-0.49909499999999996	-0.203051	0.0	1.50945	1.32761	0.648942	0.352035	
1	0.45950799999999997	0.27475	-0.844609	0.0	0.695199	0.480575	0.534552	0.0	0.552766	-0.8328030000000001	0.029822300000000003	0.0	-1.55388	-2.51896	-2.70949	0.156942	-0.0422937	0.331127	-0.9426379999999999	0.0	0.590746	-0.752602	-0.290877	0.0	-0.8057489999999999	-0.569162	-0.16378199999999998	0.0	1.33135	0.945032	0.617501	0.35120500000000004	
1	0.46658999999999995	0.27279499999999995	-0.841354	0.0	0.6940970000000001	0.476653	0.539473	0.0	0.5482	-0.835694	0.0330552	0.0	-1.5421	-2.51526	-2.71516	0.156924	-0.0590534	0.321774	-0.944973	0.0	0.616687	-0.732631	-0.288007	0.0	-0.78499	-0.599761	-0.155169	0.0	1.2647700000000002	0.763311	0.563334	0.35139499999999996	
1	0.47840200000000005	0.268784	-0.835995	0.0	0.6919930000000001	0.470711	0.547337	0.0	0.5406270000000001	-0.840349	0.0391925	0.0	-1.5182	-2.51032	-2.7276599999999998	0.156569	-0.06832719999999999	0.296725	-0.952516	0.0	0.6594979999999999	-0.702959	-0.26629200000000003	0.0	-0.748595	-0.6463770000000001	-0.14765799999999998	0.0	1.18048	0.368189	0.374552	0.351256	
1	0.48283999999999994	0.27014699999999997	-0.8329979999999999	0.0	0.691656	0.465775	0.551966	0.0	0.537101	-0.842659	0.0380462	0.0	-1.4921	-2.50559	-2.7322	0.15658	-0.0705791	0.287883	-0.955061	0.0	0.679059	-0.687474	-0.257407	0.0	-0.730683	-0.66671	-0.14696800000000002	0.0	1.12371	0.14604	0.194734	0.351152	
1	0.48879399999999995	0.270269	-0.8294790000000001	0.0	0.693457	0.456541	0.557394	0.0	0.529337	-0.847659	0.0357345	0.0	-1.4723700000000002	-2.49943	-2.73712	0.156828	-0.06275610000000001	0.279658	-0.958047	0.0	0.700535	-0.67138	-0.241867	0.0	-0.710853	-0.6863239999999999	-0.153777	0.0	1.0618	-0.0977885	-0.0402036	0.350556	
1	0.498775	0.266069	-0.824882	0.0	0.692966	0.449226	0.56391	0.0	0.520598	-0.852879	0.0396853	0.0	-1.45997	-2.49472	-2.74067	0.156887	-0.0615497	0.284145	-0.9568040000000001	0.0	0.718056	-0.653229	-0.24018299999999998	0.0	-0.693258	-0.7018220000000001	-0.163826	0.0	1.01788	-0.305144	-0.237152	0.351152	
1	0.5061680000000001	0.262226	-0.8216030000000001	0.0	0.693579	0.44243699999999997	0.568505	0.0	0.512584	-0.857606	0.0420728	0.0	-1.43828	-2.4900599999999997	-2.74579	0.15651500000000002	-0.027786599999999998	0.295041	-0.9550799999999999	0.0	0.738202	-0.6381720000000001	-0.218619	0.0	-0.674007	-0.711117	-0.200067	0.0	1.0136	-0.44088299999999997	-0.47997700000000004	0.350615	
1	0.511282	0.261387	-0.818699	0.0	0.691032	0.441327	0.5724560000000001	0.0	0.510947	-0.858433	0.0450158	0.0	-1.43482	-2.4894	-2.7478599999999997	0.15651500000000002	-0.0031031999999999995	0.298503	-0.9544040000000001	0.0	0.7418779999999999	-0.639273	-0.202354	0.0	-0.670528	-0.708679	-0.21946999999999997	0.0	1.0348700000000002	-0.490026	-0.612288	0.350644	
1	0.5129520000000001	0.257585	-0.818859	0.0	0.6930189999999999	0.438654	0.572108	0.0	0.506562	-0.860949	0.0464974	0.0	-1.4293	-2.48766	-2.7494400000000003	0.156505	0.040336000000000004	0.313671	-0.948675	0.0	0.7673800000000001	-0.617793	-0.17164000000000001	0.0	-0.6399229999999999	-0.721071	-0.26562399999999997	0.0	1.15651	-0.633845	-0.9063829999999999	0.348039	
1	0.513189	0.257812	-0.818639	0.0	0.691133	0.441409	0.5722689999999999	0.0	0.508893	-0.8594709999999999	0.048343800000000006	0.0	-1.43045	-2.48915	-2.75183	0.156866	0.0660344	0.313136	-0.9474100000000001	0.0	0.7679	-0.62224	-0.152139	0.0	-0.637157	-0.7174699999999999	-0.281547	0.0	1.20387	-0.695519	-1.0319399999999999	0.343143	
1	0.514632	0.255868	-0.818343	0.0	0.690086	0.442833	0.572433	0.0	0.5088560000000001	-0.8593200000000001	0.051324800000000004	0.0	-1.43044	-2.4904599999999997	-2.7536	0.15651099999999998	0.110248	0.309769	-0.944399	0.0	0.7675270000000001	-0.630228	-0.117119	0.0	-0.631466	-0.711939	-0.307237	0.0	1.2918399999999999	-0.879956	-1.2947799999999998	0.342843	
1	0.516821	0.254889	-0.817268	0.0	0.690049	0.440983	0.573905	0.0	0.506684	-0.860561	0.0520237	0.0	-1.42735	-2.48913	-2.75433	0.156864	0.10275	0.294105	-0.950234	0.0	0.770949	-0.627193	-0.110757	0.0	-0.628554	-0.721202	-0.291184	0.0	1.34816	-1.07754	-1.4521	0.341516	
1	0.51875	0.251637	-0.817054	0.0	0.6891079999999999	0.442563	0.573818	0.0	0.505992	-0.860707	0.0561745	0.0	-1.42674	-2.49085	-2.75833	0.15652	0.0909913	0.272755	-0.9577709999999999	0.0	0.7691680000000001	-0.630131	-0.106376	0.0	-0.6325350000000001	-0.727007	-0.267131	0.0	1.39221	-1.30036	-1.46696	0.34158	
1	0.519828	0.251287	-0.816476	0.0	0.686409	0.4461	0.574314	0.0	0.508548	-0.858982	0.0594099	0.0	-1.42798	-2.4929	-2.76152	0.15651099999999998	0.0916357	0.271807	-0.9579790000000001	0.0	0.761889	-0.638588	-0.10830799999999999	0.0	-0.641192	-0.719949	-0.26560500000000004	0.0	1.42146	-1.48984	-1.4728299999999999	0.342047	
1	0.522423	0.249927	-0.815237	0.0	0.6842090000000001	0.447686	0.575704	0.0	0.508854	-0.858554	0.0628788	0.0	-1.42641	-2.49352	-2.76389	0.15648199999999998	0.105646	0.270414	-0.95693	0.0	0.74216	-0.661928	-0.10511600000000001	0.0	-0.661844	-0.69909	-0.27061999999999997	0.0	1.45377	-1.59962	-1.54713	0.34221	
1	0.5251060000000001	0.250338	-0.813385	0.0	0.682018	0.44788500000000003	0.578145	0.0	0.509034	-0.8583299999999999	0.0644517	0.0	-1.4245700000000001	-2.49341	-2.76591	0.156814	0.10684400000000001	0.264202	-0.9585309999999999	0.0	0.7026279999999999	-0.702167	-0.11522	0.0	-0.70349	-0.66118	-0.260658	0.0	1.43346	-1.68373	-1.5641	0.35629299999999997	
1	0.526364	0.24969899999999998	-0.812768	0.0	0.680309	0.449709	0.578742	0.0	0.51002	-0.857562	0.066838	0.0	-1.42514	-2.49491	-2.76789	0.156468	0.120004	0.25166700000000003	-0.9603450000000001	0.0	0.675768	-0.729352	-0.10669000000000001	0.0	-0.72728	-0.636167	-0.257594	0.0	1.4042700000000001	-1.6952099999999999	-1.5844200000000002	0.35590700000000003	
1	0.530892	0.248441	-0.810204	0.0	0.675319	0.453546	0.581584	0.0	0.511954	-0.8559049999999999	0.0730074	0.0	-1.4248299999999998	-2.49739	-2.77265	0.156473	0.117376	0.252288	-0.960507	0.0	0.653502	-0.747893	-0.11658299999999999	0.0	-0.7477689999999999	-0.614009	-0.252655	0.0	1.2135200000000002	-1.66799	-1.6193799999999998	0.355998	
1	0.5316	0.249259	-0.809488	0.0	0.6729689999999999	0.45602700000000007	0.582367	0.0	0.514309	-0.854347	0.07468	0.0	-1.42645	-2.49896	-2.77393	0.156472	0.110134	0.254823	-0.9606950000000001	0.0	0.6456	-0.7532449999999999	-0.12578599999999998	0.0	-0.755692	-0.606372	-0.24747199999999997	0.0	1.15151	-1.65767	-1.62776	0.355991	
1	0.5362399999999999	0.246625	-0.807231	0.0	0.66594	0.46400399999999997	0.584144	0.0	0.518623	-0.850809	0.0845796	0.0	-1.40649	-2.50312	-2.7868	0.15673199999999998	0.10548800000000001	0.25858200000000003	-0.9602120000000001	0.0	0.638682	-0.757732	-0.13389	0.0	-0.762205	-0.599147	-0.245083	0.0	1.03765	-1.63436	-1.6369999999999998	0.356031	
1	0.535904	0.246365	-0.807534	0.0	0.664754	0.46653199999999995	0.583482	0.0	0.52049	-0.8495010000000001	0.086244	0.0	-1.40794	-2.50508	-2.7886	0.156722	0.106299	0.260021	-0.959734	0.0	0.6375649999999999	-0.758497	-0.134884	0.0	-0.7630279999999999	-0.597554	-0.246408	0.0	1.02986	-1.6297700000000002	-1.6450200000000001	0.356259	
