0	0.545442	0.587937	-0.5973470000000001	0.0	0.665475	0.129491	0.735102	0.0	0.509544	-0.798475	-0.320627	0.0	-2.77881	1.9948099999999998	1.4274200000000001	0.00687386	-0.593133	0.516197	-0.617847	0.0	0.753336	0.08509560000000001	-0.652107	0.0	-0.28404	-0.852232	-0.43934300000000004	0.0	2.65109	1.9999	1.54687	-5.46873e-06	
0	0.032539900000000004	0.8727	-0.487171	0.0	0.25096	0.46468000000000004	0.8491709999999999	0.0	0.96745	-0.149893	-0.20389200000000002	0.0	-2.83696	1.88442	1.3633600000000001	-0.00034526699999999996	-0.0642773	0.9064959999999999	-0.41729399999999994	0.0	0.31211700000000003	-0.378919	-0.871208	0.0	-0.947867	-0.18624300000000002	-0.258577	0.0	2.7147099999999997	1.9401	1.5265	0.0	
0	-0.0209009	0.838432	-0.544606	0.0	0.25098400000000004	0.531682	0.808902	0.0	0.967766	-0.119781	-0.221546	0.0	-2.81753	1.87225	1.30548	0.0	-0.0170366	0.906084	-0.422754	0.0	0.321977	-0.395321	-0.8602629999999999	0.0	-0.946594	-0.150773	-0.285004	0.0	2.6966900000000003	1.92563	1.40735	0.0	
0	-0.0649804	0.822845	-0.564539	0.0	0.257864	0.560366	0.787081	0.0	0.963994	-0.0944298	-0.24859499999999998	0.0	-2.79313	1.9608400000000001	1.29513	0.0	0.023581	0.949417	-0.313131	0.0	0.24966999999999998	-0.308886	-0.917744	0.0	-0.968044	-0.056538099999999994	-0.244325	0.0	2.76028	2.0087200000000003	1.35646	0.171565	
0	-0.08259780000000001	0.8360350000000001	-0.542424	0.0	0.263513	0.543234	0.7971560000000001	0.0	0.9611129999999999	-0.07709260000000001	-0.265176	0.0	-2.7256	2.21183	1.29839	0.346873	-0.0247167	0.945142	-0.325723	0.0	0.28116399999999997	-0.306098	-0.909533	0.0	-0.959341	-0.11406199999999998	-0.25817399999999996	0.0	2.6231400000000002	2.1395	1.42572	0.35797399999999996	
0	-0.057369500000000004	0.8459909999999999	-0.5301020000000001	0.0	0.290145	0.5221859999999999	0.801958	0.0	0.955261	-0.107799	-0.275418	0.0	-2.747	2.2418400000000003	1.2959100000000001	0.34524499999999997	-0.038014099999999995	0.9226489999999999	-0.383762	0.0	0.321302	-0.35236100000000004	-0.8789809999999999	0.0	-0.946213	-0.156717	-0.283055	0.0	2.62253	2.18031	1.44458	0.359083	
0	0.105294	0.794292	-0.598342	0.0	0.455029	0.496521	0.7391989999999999	0.0	0.88423	-0.350096	-0.309145	0.0	-2.82211	1.96405	0.998424	0.347925	-0.0525184	0.8185140000000001	-0.5720810000000001	0.0	0.5080140000000001	-0.47130600000000006	-0.720966	0.0	-0.8597459999999999	-0.328489	-0.391065	0.0	2.57768	2.06126	1.1174899999999999	0.357736	
0	0.19584300000000002	0.634555	-0.747653	0.0	0.588561	0.53377	0.6071949999999999	0.0	0.784374	-0.558954	-0.26894	0.0	-2.82471	1.28654	0.40020700000000003	0.350723	-0.12351300000000001	0.68001	-0.722725	0.0	0.608769	-0.5232319999999999	-0.596346	0.0	-0.783674	-0.513629	-0.34934299999999996	0.0	2.3169299999999997	1.4447	0.46716199999999997	0.357538	
0	0.183033	0.580378	-0.793512	0.0	0.651942	0.532487	0.539842	0.0	0.735847	-0.616132	-0.280909	0.0	-2.81871	0.9490879999999999	-0.076718	0.351219	-0.15196500000000002	0.624849	-0.765814	0.0	0.6690560000000001	-0.5052760000000001	-0.545033	0.0	-0.72751	-0.595198	-0.34127399999999997	0.0	2.1278	1.05429	0.0194708	0.357639	
0	0.153141	0.5230670000000001	-0.8384209999999999	0.0	0.700902	0.540597	0.465286	0.0	0.696624	-0.658905	-0.283831	0.0	-2.8038	0.645396	-0.546195	0.352299	-0.139849	0.604789	-0.78401	0.0	0.7296560000000001	-0.47231000000000006	-0.49449499999999996	0.0	-0.669361	-0.641213	-0.375236	0.0	2.00453	0.709867	-0.46796899999999997	0.356004	
0	0.121725	0.49181499999999995	-0.8621489999999999	0.0	0.735152	0.538929	0.41122700000000006	0.0	0.6668850000000001	-0.683867	-0.295958	0.0	-2.7516	0.374492	-1.0006700000000002	0.352463	-0.0865923	0.55272	-0.8288559999999999	0.0	0.770368	-0.490389	-0.407496	0.0	-0.6316930000000001	-0.67381	-0.383333	0.0	1.89336	0.376979	-0.89807	0.34111199999999997	
0	0.087635	0.470084	-0.87826	0.0	0.743555	0.555843	0.371706	0.0	0.6629079999999999	-0.685609	-0.300822	0.0	-2.73621	0.208127	-1.24758	0.352959	-0.0640961	0.530857	-0.8450340000000001	0.0	0.7782020000000001	-0.503513	-0.375337	0.0	-0.624735	-0.681665	-0.380841	0.0	1.82965	0.182652	-1.12066	0.341979	
0	0.022937	0.422048	-0.906283	0.0	0.777539	0.562292	0.281533	0.0	0.628417	-0.711128	-0.315261	0.0	-2.7079299999999997	-0.26568200000000003	-1.9365599999999998	0.352908	-0.022233799999999998	0.49208100000000005	-0.870266	0.0	0.812319	-0.498541	-0.302647	0.0	-0.582789	-0.713663	-0.388642	0.0	1.70422	-0.33302	-1.70564	0.34136500000000003	
0	0.00506471	0.427063	-0.904208	0.0	0.787384	0.555703	0.266872	0.0	0.616442	-0.7133109999999999	-0.333448	0.0	-2.70897	-0.40612600000000004	-2.13748	0.352615	-0.0164658	0.490303	-0.871396	0.0	0.824984	-0.485737	-0.28889499999999996	0.0	-0.564916	-0.723645	-0.396495	0.0	1.6834099999999999	-0.48992700000000006	-1.9045299999999998	0.340981	
0	-0.030916900000000004	0.421903	-0.906114	0.0	0.815757	0.5344939999999999	0.221036	0.0	0.5775680000000001	-0.7323350000000001	-0.360695	0.0	-2.73559	-0.814555	-2.72837	0.350982	0.00230265	0.478959	-0.877834	0.0	0.8394159999999999	-0.47801800000000005	-0.25861100000000004	0.0	-0.543484	-0.736273	-0.403147	0.0	1.7236200000000002	-0.8951969999999999	-2.3935299999999997	0.340783	
0	-0.0204807	0.395834	-0.9180940000000001	0.0	0.824997	0.525417	0.208128	0.0	0.564766	-0.753162	-0.33732199999999996	0.0	-2.7385	-1.16181	-2.96569	0.349858	0.00223249	0.443669	-0.8961879999999999	0.0	0.849842	-0.47316499999999995	-0.232129	0.0	-0.527033	-0.7611	-0.378105	0.0	1.82212	-1.2078799999999998	-2.64719	0.340746	
0	0.016527299999999998	0.345693	-0.9382020000000001	0.0	0.789676	0.571045	0.22432	0.0	0.613302	-0.744583	-0.263548	0.0	-2.82226	-1.5433299999999999	-3.0471	0.34139200000000003	0.00523895	0.426913	-0.904277	0.0	0.8475	-0.481872	-0.222584	0.0	-0.5307689999999999	-0.765209	-0.364334	0.0	1.94403	-1.5202799999999999	-2.7433099999999997	0.341941	
0	-0.0345305	0.355674	-0.9339719999999999	0.0	0.764672	0.611125	0.204456	0.0	0.643493	-0.707123	-0.293076	0.0	-2.72171	-1.58684	-3.11708	0.33984699999999995	0.0331836	0.382077	-0.923535	0.0	0.806231	-0.556338	-0.201194	0.0	-0.590669	-0.7379060000000001	-0.326504	0.0	2.01119	-1.69182	-2.73976	0.356223	
0	-0.0191863	0.353451	-0.935256	0.0	0.742291	0.631703	0.223505	0.0	0.669802	-0.689944	-0.274484	0.0	-2.61286	-1.63965	-3.1031	0.337552	0.0605894	0.375224	-0.924952	0.0	0.782616	-0.593023	-0.189305	0.0	-0.619549	-0.7124119999999999	-0.32958699999999996	0.0	2.001	-1.7137900000000001	-2.7610799999999998	0.35499	
0	-0.013119399999999998	0.35783400000000004	-0.933693	0.0	0.7388100000000001	0.632686	0.232094	0.0	0.673786	-0.6867770000000001	-0.27267199999999997	0.0	-2.53009	-1.6788599999999998	-3.04527	0.337096	0.059633900000000004	0.375234	-0.92501	0.0	0.7818649999999999	-0.593659	-0.190414	0.0	-0.62059	-0.7118770000000001	-0.328785	0.0	1.96195	-1.72222	-2.7536400000000003	0.354567	
0	-0.010187700000000001	0.361919	-0.932154	0.0	0.7423350000000001	0.6273	0.23544299999999999	0.0	0.6699510000000001	-0.6895720000000001	-0.27505599999999997	0.0	-2.49497	-1.6866700000000001	-3.03043	0.339363	0.0551388	0.370054	-0.927372	0.0	0.774898	-0.601585	-0.193981	0.0	-0.629677	-0.707923	-0.319925	0.0	1.94405	-1.7486700000000002	-2.70463	0.354199	
0	-0.0122598	0.36241100000000004	-0.9319379999999999	0.0	0.74551	0.624432	0.233021	0.0	0.6663819999999999	-0.691912	-0.277837	0.0	-2.51003	-1.6619700000000002	-3.0758	0.340039	0.05449349999999999	0.369581	-0.927599	0.0	0.77491	-0.6015189999999999	-0.194138	0.0	-0.629718	-0.708226	-0.319171	0.0	1.91235	-1.7632900000000002	-2.66546	0.353943	
0	-0.0124988	0.36295700000000003	-0.9317219999999999	0.0	0.74528	0.6245970000000001	0.233317	0.0	0.6666340000000001	-0.6914779999999999	-0.27831100000000003	0.0	-2.5073	-1.6605900000000002	-3.0788	0.339885	0.05455019999999999	0.369634	-0.927575	0.0	0.774895	-0.601538	-0.194139	0.0	-0.629732	-0.708183	-0.319242	0.0	1.91065	-1.7636599999999998	-2.66416	0.353962	
0	-0.0125039	0.362966	-0.931718	0.0	0.7452770000000001	0.624599	0.233321	0.0	0.6666380000000001	-0.6914710000000001	-0.27831999999999996	0.0	-2.50731	-1.6606299999999998	-3.07872	0.339885	0.0545492	0.369636	-0.927574	0.0	0.774894	-0.601539	-0.194142	0.0	-0.629734	-0.7081810000000001	-0.319243	0.0	1.91072	-1.76363	-2.66424	0.353962	
0	-0.0125039	0.362966	-0.931718	0.0	0.7452770000000001	0.624599	0.233321	0.0	0.6666380000000001	-0.6914710000000001	-0.27831999999999996	0.0	-2.50731	-1.6606299999999998	-3.07872	0.339885	0.0545492	0.369636	-0.927574	0.0	0.774894	-0.601539	-0.194142	0.0	-0.629734	-0.7081810000000001	-0.319243	0.0	1.91072	-1.76363	-2.66424	0.353962	
0	-0.0125039	0.362966	-0.931718	0.0	0.7452770000000001	0.624599	0.233321	0.0	0.6666380000000001	-0.6914710000000001	-0.27831999999999996	0.0	-2.50731	-1.6606299999999998	-3.07872	0.339885	0.054549400000000005	0.369636	-0.927574	0.0	0.774894	-0.601539	-0.194142	0.0	-0.629734	-0.7081810000000001	-0.319242	0.0	1.91072	-1.76363	-2.66424	0.353962	
0	-0.0125039	0.362966	-0.931718	0.0	0.7452770000000001	0.624599	0.233321	0.0	0.6666380000000001	-0.6914710000000001	-0.27831999999999996	0.0	-2.50731	-1.6606299999999998	-3.07872	0.339885	0.054549400000000005	0.369636	-0.927574	0.0	0.774893	-0.601539	-0.194142	0.0	-0.629734	-0.7081810000000001	-0.319242	0.0	1.91072	-1.76363	-2.66424	0.353962	
0	-0.0125039	0.362966	-0.931718	0.0	0.7452770000000001	0.624599	0.233321	0.0	0.6666380000000001	-0.6914710000000001	-0.27831999999999996	0.0	-2.50731	-1.6606299999999998	-3.07872	0.339885	0.054549400000000005	0.369636	-0.927574	0.0	0.774893	-0.601539	-0.194142	0.0	-0.629734	-0.7081810000000001	-0.319242	0.0	1.91072	-1.76363	-2.66424	0.353962	
0	-0.0125039	0.362966	-0.9317190000000001	0.0	0.7452770000000001	0.624599	0.233321	0.0	0.6666380000000001	-0.6914710000000001	-0.27831999999999996	0.0	-2.50731	-1.6606299999999998	-3.07872	0.339886	0.0545493	0.369636	-0.927574	0.0	0.774894	-0.601539	-0.194142	0.0	-0.629734	-0.7081810000000001	-0.319242	0.0	1.91072	-1.76363	-2.66424	0.353962	
0	-0.012504099999999999	0.362966	-0.9317190000000001	0.0	0.7452770000000001	0.624599	0.233321	0.0	0.6666380000000001	-0.6914710000000001	-0.27831999999999996	0.0	-2.50731	-1.6606299999999998	-3.07872	0.339885	0.054549400000000005	0.369636	-0.927574	0.0	0.774893	-0.601539	-0.194142	0.0	-0.629734	-0.7081810000000001	-0.319242	0.0	1.91072	-1.76363	-2.66424	0.353961	
0	-0.012504000000000001	0.362966	-0.931718	0.0	0.7452770000000001	0.624599	0.233321	0.0	0.6666380000000001	-0.6914710000000001	-0.27831999999999996	0.0	-2.50731	-1.6606299999999998	-3.07872	0.339885	0.0545492	0.369636	-0.927574	0.0	0.774894	-0.601539	-0.194142	0.0	-0.629734	-0.7081810000000001	-0.319243	0.0	1.91072	-1.76363	-2.66424	0.353962	
0	-0.012504000000000001	0.362966	-0.931718	0.0	0.7452770000000001	0.624599	0.233321	0.0	0.6666380000000001	-0.6914710000000001	-0.27831999999999996	0.0	-2.50731	-1.6606299999999998	-3.07872	0.339885	0.0545492	0.369636	-0.927574	0.0	0.774894	-0.601539	-0.194142	0.0	-0.629734	-0.7081810000000001	-0.319243	0.0	1.91072	-1.76363	-2.66424	0.353961	
0	-0.012504000000000001	0.362966	-0.931718	0.0	0.7452770000000001	0.624599	0.233321	0.0	0.6666380000000001	-0.6914710000000001	-0.27831999999999996	0.0	-2.50731	-1.6606299999999998	-3.07872	0.339885	0.0545492	0.369636	-0.927574	0.0	0.774894	-0.601539	-0.194142	0.0	-0.629734	-0.7081810000000001	-0.319243	0.0	1.91072	-1.76363	-2.66424	0.353962	
0	-0.012504000000000001	0.362966	-0.931718	0.0	0.7452770000000001	0.624599	0.233321	0.0	0.6666380000000001	-0.6914710000000001	-0.27831999999999996	0.0	-2.50731	-1.6606299999999998	-3.07872	0.339885	0.0545492	0.369636	-0.927574	0.0	0.774894	-0.601539	-0.194142	0.0	-0.629734	-0.7081810000000001	-0.319243	0.0	1.91072	-1.76363	-2.66424	0.353962	
0	-0.012504000000000001	0.362966	-0.931718	0.0	0.7452770000000001	0.624599	0.233321	0.0	0.6666380000000001	-0.6914710000000001	-0.27831999999999996	0.0	-2.50731	-1.6606299999999998	-3.07872	0.339885	0.0545492	0.369636	-0.927574	0.0	0.774894	-0.601539	-0.194142	0.0	-0.629734	-0.7081810000000001	-0.319243	0.0	1.91072	-1.76363	-2.66424	0.353962	
0	-0.012504000000000001	0.362966	-0.931718	0.0	0.7452770000000001	0.624599	0.233321	0.0	0.6666380000000001	-0.6914710000000001	-0.27831999999999996	0.0	-2.50731	-1.6606299999999998	-3.07872	0.339885	0.0545492	0.369636	-0.927574	0.0	0.774894	-0.601539	-0.194142	0.0	-0.629734	-0.7081810000000001	-0.319243	0.0	1.91072	-1.76363	-2.66424	0.353962	
0	-0.012504000000000001	0.362966	-0.931718	0.0	0.7452770000000001	0.624599	0.233321	0.0	0.6666380000000001	-0.6914710000000001	-0.27831999999999996	0.0	-2.50731	-1.6606299999999998	-3.07872	0.339885	0.0545492	0.369636	-0.927574	0.0	0.774894	-0.601539	-0.194142	0.0	-0.629734	-0.7081810000000001	-0.319243	0.0	1.91072	-1.76363	-2.66424	0.353962	
0	-0.00129962	0.528946	-0.8486549999999999	0.0	0.683556	0.619901	0.385323	0.0	0.729897	-0.5796020000000001	-0.36236999999999997	0.0	-2.52244	-1.83215	-3.1865200000000002	0.360464	0.08675369999999999	0.523759	-0.8474379999999999	0.0	0.639484	-0.681539	-0.35575999999999997	0.0	-0.763894	-0.511059	-0.394061	0.0	1.75868	-1.77656	-2.77177	0.340129	
0	0.0702888	0.516389	-0.8534639999999999	0.0	0.727374	0.558962	0.39810500000000004	0.0	0.682632	-0.648771	-0.33632	0.0	-2.54644	-2.08351	-3.3568	0.36089	0.052885400000000006	0.525221	-0.8493209999999999	0.0	0.662519	-0.654826	-0.363692	0.0	-0.7471760000000001	-0.543457	-0.3826	0.0	1.60951	-1.86817	-2.97791	0.34108299999999997	
0	0.160475	0.46299799999999997	-0.871711	0.0	0.751741	0.514985	0.41191700000000003	0.0	0.6396350000000001	-0.721403	-0.265413	0.0	-2.57971	-2.43647	-3.5587699999999995	0.362551	0.0153167	0.507901	-0.8612790000000001	0.0	0.6824600000000001	-0.634848	-0.362237	0.0	-0.730762	-0.58224	-0.356346	0.0	1.41324	-2.0198	-3.2568799999999998	0.342248	
0	0.239878	0.39974899999999997	-0.8846809999999999	0.0	0.7740670000000001	0.47122299999999995	0.422811	0.0	0.5859	-0.786225	-0.19639600000000002	0.0	-2.65835	-2.75356	-3.7378	0.36312300000000003	-0.0131406	0.503278	-0.864025	0.0	0.714965	-0.59936	-0.35999000000000003	0.0	-0.699037	-0.6224770000000001	-0.35195	0.0	1.24601	-2.21022	-3.58906	0.342017	
0	0.309519	0.336569	-0.889336	0.0	0.795453	0.42080200000000006	0.436097	0.0	0.521011	-0.842405	-0.137478	0.0	-2.79793	-3.0114400000000003	-3.9106199999999998	0.36348600000000003	-0.050654199999999996	0.477079	-0.8774	0.0	0.740362	-0.5716939999999999	-0.353596	0.0	-0.670297	-0.667504	-0.324252	0.0	1.10128	-2.43437	-3.88444	0.342127	
0	0.37426	0.284092	-0.882735	0.0	0.806467	0.370181	0.46106	0.0	0.457755	-0.884453	-0.0905668	0.0	-2.92932	-3.16447	-4.02464	0.363545	-0.07575549999999999	0.45961499999999994	-0.8848809999999999	0.0	0.750229	-0.558294	-0.35420999999999997	0.0	-0.656824	-0.690697	-0.302523	0.0	0.976182	-2.6167	-4.07819	0.342208	
0	0.45208000000000004	0.21379299999999998	-0.865977	0.0	0.808654	0.311487	0.499054	0.0	0.37643499999999996	-0.9258879999999999	-0.0320674	0.0	-3.10187	-3.2999400000000003	-4.10688	0.363291	-0.10177	0.446121	-0.8891680000000001	0.0	0.754918	-0.5474640000000001	-0.361083	0.0	-0.647874	-0.707997	-0.281069	0.0	0.844073	-2.82353	-4.24218	0.342674	
0	0.520533	0.15163	-0.8402700000000001	0.0	0.795329	0.271927	0.541763	0.0	0.31064	-0.950297	0.0209512	0.0	-3.29765	-3.33081	-4.1281	0.36396300000000004	-0.11291300000000001	0.43445600000000006	-0.8935879999999999	0.0	0.762798	-0.538395	-0.358149	0.0	-0.636703	-0.722066	-0.27061	0.0	0.696684	-3.00506	-4.36977	0.34313	
0	0.570242	0.0933707	-0.816153	0.0	0.777475	0.259456	0.572901	0.0	0.26524699999999996	-0.961231	0.0753591	0.0	-3.44361	-3.3585	-4.1407099999999994	0.36362300000000003	-0.126083	0.42860200000000004	-0.894653	0.0	0.76368	-0.533676	-0.363293	0.0	-0.633163	-0.729034	-0.260027	0.0	0.619464	-3.11104	-4.39231	0.343263	
0	0.61942	0.016913099999999997	-0.784877	0.0	0.7506229999999999	0.2801	0.5984229999999999	0.0	0.229965	-0.959822	0.160804	0.0	-3.5584	-3.2928300000000004	-4.040019999999999	0.363921	-0.13941099999999998	0.42100000000000004	-0.8962829999999999	0.0	0.7633220000000001	-0.53089	-0.368098	0.0	-0.630797	-0.7354689999999999	-0.24734699999999998	0.0	0.49468900000000005	-3.24115	-4.4059800000000005	0.343567	
0	0.651193	-0.0117727	-0.758821	0.0	0.726984	0.296646	0.619269	0.0	0.217811	-0.954915	0.201732	0.0	-3.57231	-3.2335599999999998	-3.9603099999999998	0.363998	-0.143766	0.41929700000000003	-0.896394	0.0	0.7639630000000001	-0.528744	-0.369852	0.0	-0.6290399999999999	-0.737984	-0.244312	0.0	0.47354399999999996	-3.2980199999999997	-4.40854	0.343673	
0	0.697203	-0.034848699999999996	-0.7160270000000001	0.0	0.681992	0.34002	0.647514	0.0	0.22089899999999998	-0.9397719999999999	0.260829	0.0	-3.53787	-3.10933	-3.8057300000000005	0.363975	-0.153559	0.418872	-0.894967	0.0	0.7660170000000001	-0.5216770000000001	-0.37559499999999996	0.0	-0.62421	-0.743236	-0.24075500000000002	0.0	0.45835699999999996	-3.36343	-4.39416	0.34386300000000003	
0	0.734137	-0.0658836	-0.675798	0.0	0.649183	0.35981199999999997	0.670146	0.0	0.199009	-0.930696	0.306922	0.0	-3.4911800000000004	-3.00579	-3.68775	0.363946	-0.15528699999999998	0.422604	-0.892912	0.0	0.768491	-0.5162760000000001	-0.377996	0.0	-0.620732	-0.744892	-0.244596	0.0	0.45678500000000005	-3.4062900000000003	-4.38314	0.34367800000000004	
0	0.751159	-0.0854983	-0.654561	0.0	0.6306109999999999	0.386101	0.673242	0.0	0.195166	-0.918486	0.343939	0.0	-3.4406800000000004	-2.94808	-3.5736	0.36397199999999996	-0.158121	0.41993800000000003	-0.8936719999999999	0.0	0.767602	-0.5170319999999999	-0.378769	0.0	-0.621116	-0.745876	-0.240592	0.0	0.460462	-3.4431199999999995	-4.38049	0.34389000000000003	
0	0.766541	-0.100065	-0.634351	0.0	0.608595	0.428515	0.6678229999999999	0.0	0.20500300000000002	-0.897977	0.389373	0.0	-3.3924800000000004	-2.92035	-3.4400699999999995	0.36396799999999996	-0.161125	0.422515	-0.891919	0.0	0.767461	-0.514564	-0.382398	0.0	-0.6205189999999999	-0.7461270000000001	-0.24135500000000001	0.0	0.46443500000000004	-3.48156	-4.39025	0.343913	
0	0.775085	-0.12651400000000002	-0.619062	0.0	0.6035159999999999	0.43836899999999995	0.666034	0.0	0.187115	-0.8898459999999999	0.416127	0.0	-3.33345	-2.91782	-3.3157099999999997	0.363992	-0.162806	0.42031899999999994	-0.892651	0.0	0.766784	-0.5154529999999999	-0.38255900000000004	0.0	-0.620917	-0.746753	-0.238375	0.0	0.466992	-3.5083800000000003	-4.3889	0.34389899999999995	
0	0.774978	-0.15851400000000002	-0.611787	0.0	0.6049329999999999	0.466268	0.6454850000000001	0.0	0.18293800000000002	-0.870326	0.457237	0.0	-3.31406	-2.96006	-3.15895	0.36399499999999996	-0.164099	0.42213199999999995	-0.891559	0.0	0.766514	-0.514329	-0.384606	0.0	-0.620909	-0.746506	-0.23917	0.0	0.464405	-3.51959	-4.3874	0.343949	
0	0.77113	-0.17406300000000002	-0.612422	0.0	0.6135510000000001	0.46006099999999994	0.641794	0.0	0.17003900000000002	-0.870659	0.461563	0.0	-3.3004599999999997	-3.0196	-3.03165	0.364026	-0.166203	0.425367	-0.8896290000000001	0.0	0.766597	-0.511728	-0.387895	0.0	-0.620246	-0.746456	-0.241035	0.0	0.470149	-3.53439	-4.40268	0.344197	
0	0.764388	-0.18853599999999998	-0.616576	0.0	0.6235109999999999	0.459617	0.632444	0.0	0.164151	-0.867875	0.46888	0.0	-3.3196199999999996	-3.15385	-2.91213	0.36344299999999996	-0.16708699999999999	0.422789	-0.890692	0.0	0.766411	-0.512612	-0.38709699999999997	0.0	-0.62024	-0.747314	-0.238379	0.0	0.47353199999999995	-3.55475	-4.4146	0.343962	
0	0.760758	-0.207946	-0.614822	0.0	0.633246	0.44549300000000003	0.632879	0.0	0.142295	-0.870801	0.47059300000000004	0.0	-3.3205199999999997	-3.29095	-2.8223599999999998	0.363998	-0.167244	0.422167	-0.890957	0.0	0.765705	-0.51365	-0.38711799999999996	0.0	-0.6210680000000001	-0.746953	-0.23735	0.0	0.47462299999999996	-3.56026	-4.4051599999999995	0.343932	
0	0.7552770000000001	-0.22051700000000002	-0.6171939999999999	0.0	0.642645	0.434091	0.631326	0.0	0.128701	-0.8734629999999999	0.46957299999999996	0.0	-3.33474	-3.4729900000000002	-2.72303	0.363966	-0.166579	0.42153100000000004	-0.891383	0.0	0.765311	-0.514746	-0.38644	0.0	-0.621732	-0.7465579999999999	-0.236857	0.0	0.473405	-3.5604400000000003	-4.40195	0.343947	
0	0.749053	-0.227278	-0.622306	0.0	0.652701	0.41420100000000004	0.634365	0.0	0.11358199999999999	-0.881353	0.458603	0.0	-3.31143	-3.58855	-2.6476	0.36320399999999997	-0.166189	0.41726199999999997	-0.8934620000000001	0.0	0.765091	-0.517055	-0.383785	0.0	-0.622107	-0.74736	-0.23331500000000002	0.0	0.472372	-3.55314	-4.38964	0.344007	
0	0.732913	-0.22971100000000003	-0.640368	0.0	0.671818	0.39274499999999996	0.6280220000000001	0.0	0.10723800000000001	-0.890496	0.442172	0.0	-3.30079	-3.58954	-2.63875	0.362374	-0.166027	0.41530600000000006	-0.8944030000000001	0.0	0.764012	-0.519271	-0.382941	0.0	-0.623475	-0.746913	-0.231086	0.0	0.470008	-3.54187	-4.37897	0.344011	
0	0.715507	-0.23074899999999998	-0.659397	0.0	0.69213	0.362361	0.62422	0.0	0.09490139999999998	-0.9030219999999999	0.41898	0.0	-3.29694	-3.5925599999999998	-2.62928	0.356358	-0.165301	0.41266899999999995	-0.895757	0.0	0.764302	-0.52042	-0.380797	0.0	-0.623313	-0.747574	-0.22937800000000003	0.0	0.46496000000000004	-3.53364	-4.36512	0.343884	
0	0.703657	-0.23299	-0.671255	0.0	0.706202	0.333556	0.6245149999999999	0.0	0.078395	-0.913486	0.39924699999999996	0.0	-3.2922800000000003	-3.59263	-2.62383	0.352433	-0.16519	0.410344	-0.8968450000000001	0.0	0.764079	-0.52173	-0.379449	0.0	-0.623616	-0.747941	-0.22735	0.0	0.463029	-3.5304800000000003	-4.35665	0.343953	
0	0.662429	-0.247502	-0.7070569999999999	0.0	0.746442	0.29788200000000004	0.595055	0.0	0.0633422	-0.921959	0.38207199999999997	0.0	-3.25786	-3.5968699999999996	-2.6147099999999996	0.349169	-0.164614	0.408516	-0.897785	0.0	0.7638050000000001	-0.523122	-0.37808200000000003	0.0	-0.624103	-0.74797	-0.225913	0.0	0.462604	-3.5243800000000003	-4.35335	0.343832	
0	0.6241369999999999	-0.282015	-0.728643	0.0	0.7809699999999999	0.25290799999999997	0.5710729999999999	0.0	0.0232286	-0.9254760000000001	0.378094	0.0	-3.23902	-3.60756	-2.61227	0.35341999999999996	-0.163569	0.40368000000000004	-0.9001600000000001	0.0	0.763441	-0.5261060000000001	-0.37466	0.0	-0.624822	-0.748502	-0.22213200000000002	0.0	0.463685	-3.5184699999999998	-4.3491599999999995	0.343599	
0	0.604429	-0.31601599999999996	-0.7313	0.0	0.796416	0.217036	0.564462	0.0	-0.0196606	-0.9235959999999999	0.382863	0.0	-3.2174099999999997	-3.6152699999999998	-2.62558	0.347674	-0.164295	0.40159	-0.900962	0.0	0.761687	-0.528712	-0.374562	0.0	-0.6267699999999999	-0.74779	-0.219021	0.0	0.463495	-3.51139	-4.34277	0.34369299999999997	
0	0.615084	-0.332548	-0.714901	0.0	0.786198	0.190019	0.588036	0.0	-0.059704999999999994	-0.923745	0.378326	0.0	-3.2471799999999997	-3.61394	-2.66977	0.261666	-0.16453399999999999	0.402571	-0.900481	0.0	0.761472	-0.528442	-0.375381	0.0	-0.626969	-0.7474529999999999	-0.2196	0.0	0.460416	-3.51195	-4.338080000000001	0.343711	
0	0.626718	-0.357898	-0.692195	0.0	0.773169	0.174878	0.609613	0.0	-0.09712989999999999	-0.9172389999999999	0.386314	0.0	-3.3077400000000003	-3.6136800000000004	-2.75673	0.127795	-0.165304	0.40123400000000004	-0.9009360000000001	0.0	0.759911	-0.530474	-0.375676	0.0	-0.628657	-0.746732	-0.21721300000000002	0.0	0.461412	-3.5021400000000003	-4.33099	0.343619	
0	0.657994	-0.36659	-0.657766	0.0	0.74842	0.22193800000000002	0.624988	0.0	-0.083131	-0.903524	0.42039799999999994	0.0	-3.3360000000000003	-3.61562	-2.79047	0.125771	-0.166169	0.40176100000000003	-0.900542	0.0	0.757894	-0.532215	-0.377285	0.0	-0.630861	-0.745209	-0.216054	0.0	0.45949300000000004	-3.47393	-4.30739	0.343756	
0	0.6588470000000001	-0.36654699999999996	-0.656935	0.0	0.7484729999999999	0.23169099999999998	0.621376	0.0	-0.0755576	-0.90109	0.42699899999999996	0.0	-3.3473800000000002	-3.61553	-2.79604	0.125987	-0.166621	0.40401	-0.899451	0.0	0.756633	-0.532532	-0.379364	0.0	-0.632253	-0.743765	-0.21695599999999998	0.0	0.458996	-3.45785	-4.29619	0.343685	
0	0.6648850000000001	-0.35378000000000004	-0.65785	0.0	0.7439180000000001	0.234418	0.625808	0.0	-0.0671862	-0.9054770000000001	0.41904399999999997	0.0	-3.35949	-3.61237	-2.7928900000000003	0.125777	-0.166983	0.40360300000000005	-0.899567	0.0	0.754907	-0.5345489999999999	-0.37996399999999997	0.0	-0.634217	-0.742537	-0.21542199999999997	0.0	0.459866	-3.46204	-4.28416	0.34374299999999997	
0	0.678316	-0.31138000000000005	-0.6655300000000001	0.0	0.73375	0.239323	0.6358739999999999	0.0	-0.0387221	-0.9196559999999999	0.390811	0.0	-3.3954400000000002	-3.6017300000000003	-2.78343	0.12649200000000002	-0.167028	0.405947	-0.8985040000000001	0.0	0.7549640000000001	-0.533469	-0.381367	0.0	-0.634138	-0.742037	-0.21737199999999998	0.0	0.457747	-3.4695199999999997	-4.27725	0.343609	
0	0.678859	-0.27713899999999997	-0.679959	0.0	0.734258	0.251298	0.630646	0.0	-0.00390458	-0.927385	0.374087	0.0	-3.4251699999999996	-3.59499	-2.77893	0.125301	-0.167711	0.406112	-0.898302	0.0	0.7543850000000001	-0.5337350000000001	-0.38213800000000003	0.0	-0.634646	-0.741754	-0.216852	0.0	0.45831700000000003	-3.4699699999999996	-4.277430000000001	0.343512	
0	0.679129	-0.24834099999999998	-0.6907310000000001	0.0	0.733719	0.25654099999999996	0.62916	0.0	0.020954900000000002	-0.934084	0.35643800000000003	0.0	-3.44867	-3.5872699999999997	-2.77034	0.125111	-0.167695	0.40787399999999996	-0.8975059999999999	0.0	0.754251	-0.53315	-0.38322	0.0	-0.63481	-0.741209	-0.21823299999999998	0.0	0.45973	-3.4691400000000003	-4.2815199999999995	0.343631	
0	0.667609	-0.181814	-0.721971	0.0	0.74238	0.23590500000000003	0.627073	0.0	0.056306100000000005	-0.954616	0.29246700000000003	0.0	-3.51635	-3.52841	-2.92076	0.12494200000000001	-0.168227	0.411233	-0.8958719999999999	0.0	0.752955	-0.5329520000000001	-0.38603200000000004	0.0	-0.636207	-0.739492	-0.21998299999999998	0.0	0.46545699999999995	-3.48726	-4.30494	0.343442	
0	0.666218	-0.151834	-0.730137	0.0	0.742743	0.22303	0.6313409999999999	0.0	0.0669835	-0.9629139999999999	0.26136	0.0	-3.49128	-3.21731	-2.98102	0.12475699999999999	-0.17053800000000002	0.41284	-0.8946959999999999	0.0	0.7526079999999999	-0.5314989999999999	-0.388704	0.0	-0.6360020000000001	-0.739643	-0.22006599999999998	0.0	0.466897	-3.5077	-4.31511	0.343632	
0	0.661008	-0.133511	-0.738406	0.0	0.745312	0.23097199999999998	0.625429	0.0	0.08704989999999999	-0.963757	0.252182	0.0	-3.48565	-3.01874	-3.01773	0.12534	-0.170823	0.414685	-0.8937870000000001	0.0	0.753209	-0.5298510000000001	-0.389787	0.0	-0.635213	-0.739793	-0.221834	0.0	0.46715	-3.51283	-4.3179099999999995	0.343696	
0	0.661316	-0.10537	-0.7426699999999999	0.0	0.740721	0.247875	0.624412	0.0	0.11829500000000001	-0.963045	0.24197399999999997	0.0	-3.50095	-2.63781	-3.0666	0.125421	-0.17199	0.41754399999999997	-0.892231	0.0	0.752624	-0.5286850000000001	-0.392491	0.0	-0.635592	-0.739019	-0.22332600000000002	0.0	0.46701000000000004	-3.5193	-4.32295	0.343645	
0	0.666737	-0.0632414	-0.7426050000000001	0.0	0.726096	0.279808	0.6280859999999999	0.0	0.16806600000000002	-0.9579709999999999	0.23247800000000002	0.0	-3.50365	-2.18287	-3.1193400000000002	0.124973	-0.172425	0.41549200000000003	-0.8931049999999999	0.0	0.751688	-0.530452	-0.3919	0.0	-0.6365810000000001	-0.7389100000000001	-0.220858	0.0	0.468095	-3.5288	-4.31998	0.343696	
0	0.666733	-0.0499709	-0.74362	0.0	0.722353	0.288989	0.6282449999999999	0.0	0.183504	-0.9560280000000001	0.228775	0.0	-3.49635	-2.04697	-3.12162	0.124973	-0.172618	0.416259	-0.89271	0.0	0.752103	-0.5295340000000001	-0.392345	0.0	-0.636037	-0.739136	-0.221663	0.0	0.46871499999999994	-3.52921	-4.3190800000000005	0.34374099999999996	
1	0.668113	-0.00256342	-0.744055	0.0	0.703907	0.32623800000000003	0.630939	0.0	0.24112199999999998	-0.945284	0.219768	0.0	-3.4946599999999997	-1.7608	-3.1246400000000003	0.12541300000000002	-0.172751	0.41516899999999995	-0.893192	0.0	0.752804	-0.529129	-0.391546	0.0	-0.6351720000000001	-0.740038	-0.22113400000000002	0.0	0.470894	-3.5321300000000004	-4.3224	0.343686	
1	0.6456310000000001	0.08454	-0.7589560000000001	0.0	0.671624	0.410127	0.617023	0.0	0.363431	-0.9081020000000001	0.208011	0.0	-3.38418	-1.51478	-3.14662	0.125422	-0.172818	0.415047	-0.893236	0.0	0.755783	-0.525662	-0.39047600000000005	0.0	-0.631606	-0.742574	-0.222842	0.0	0.470566	-3.5190699999999997	-4.31728	0.34344	
1	0.637001	0.11478499999999998	-0.762269	0.0	0.657518	0.43524700000000005	0.615005	0.0	0.40236900000000003	-0.892964	0.20178	0.0	-3.2956199999999995	-1.4396200000000001	-3.16242	0.125433	-0.161715	0.418807	-0.89356	0.0	0.755525	-0.529964	-0.385125	0.0	-0.634847	-0.737387	-0.23071599999999998	0.0	0.501395	-3.48892	-4.3167	0.34326799999999996	
1	0.5869260000000001	0.23299	-0.775393	0.0	0.631011	0.468422	0.6183890000000001	0.0	0.50729	-0.8522299999999999	0.12791	0.0	-3.03962	-1.42212	-3.29849	0.125434	-0.0603143	0.41565	-0.907523	0.0	0.713647	-0.617721	-0.330348	0.0	-0.697904	-0.667575	-0.25937	0.0	0.6245729999999999	-3.30016	-4.33914	0.342526	
1	0.5243680000000001	0.309758	-0.793151	0.0	0.634459	0.479105	0.606564	0.0	0.567891	-0.821284	0.0546984	0.0	-2.79866	-1.51373	-3.4845	0.12497899999999999	0.021109299999999998	0.400983	-0.915842	0.0	0.617582	-0.725608	-0.303458	0.0	-0.786223	-0.5592020000000001	-0.262957	0.0	0.70465	-3.07937	-4.358169999999999	0.341262	
1	0.495597	0.355417	-0.792504	0.0	0.622413	0.491076	0.609464	0.0	0.605793	-0.7953140000000001	0.022159799999999997	0.0	-2.4910799999999997	-1.69335	-3.66342	0.125421	0.0960352	0.37300300000000003	-0.922847	0.0	0.5147430000000001	-0.8121470000000001	-0.274694	0.0	-0.851949	-0.44864899999999996	-0.269996	0.0	0.738858	-2.80076	-4.35334	0.341404	
1	0.47184899999999996	0.390594	-0.7904399999999999	0.0	0.616532	0.49471000000000004	0.612496	0.0	0.630275	-0.7763369999999999	-0.00738525	0.0	-2.13171	-1.9052900000000002	-3.84381	0.12546	0.133356	0.35654	-0.9247139999999999	0.0	0.44772700000000004	-0.854081	-0.26473800000000003	0.0	-0.8841700000000001	-0.378714	-0.27353	0.0	0.781203	-2.54796	-4.26532	0.340569	
1	0.472055	0.40274099999999996	-0.784196	0.0	0.613644	0.488546	0.620293	0.0	0.632934	-0.77403	-0.0165194	0.0	-1.84218	-2.07159	-3.9682800000000005	0.12495099999999999	0.165097	0.336975	-0.926925	0.0	0.41526499999999994	-0.876207	-0.244573	0.0	-0.894594	-0.344541	-0.284593	0.0	0.8254379999999999	-2.35581	-4.18489	0.340547	
1	0.475416	0.397996	-0.7845880000000001	0.0	0.626434	0.47302799999999995	0.619536	0.0	0.6177050000000001	-0.78603	-0.0244331	0.0	-1.6490200000000002	-2.17512	-4.07731	0.12499500000000001	0.178817	0.319804	-0.930457	0.0	0.39564099999999996	-0.889242	-0.22960300000000003	0.0	-0.9008290000000001	-0.32706999999999997	-0.285539	0.0	0.855118	-2.23319	-4.11457	0.340777	
1	0.48661099999999996	0.378921	-0.787165	0.0	0.62775	0.47497799999999996	0.6167060000000001	0.0	0.6075689999999999	-0.794239	-0.0067381	0.0	-1.4863	-2.26056	-4.15688	0.12546500000000002	0.186362	0.2959	-0.9368629999999999	0.0	0.380021	-0.901057	-0.208997	0.0	-0.9060090000000001	-0.317079	-0.280371	0.0	0.8562040000000001	-2.16986	-4.03303	0.341063	
1	0.492912	0.374889	-0.785173	0.0	0.633969	0.46331999999999995	0.619207	0.0	0.59592	-0.80299	-0.00929242	0.0	-1.40753	-2.2875099999999997	-4.19045	0.12493800000000001	0.178385	0.287992	-0.9408719999999999	0.0	0.374724	-0.9040370000000001	-0.20567	0.0	-0.9098139999999999	-0.31587800000000005	-0.269185	0.0	0.8517680000000001	-2.15236	-3.9862300000000004	0.341733	
1	0.506039	0.34911	-0.7887	0.0	0.649261	0.44778100000000004	0.614779	0.0	0.56779	-0.823174	-6.89328e-05	0.0	-1.29034	-2.34312	-4.26352	0.12544	0.148759	0.306789	-0.9400799999999999	0.0	0.387289	-0.89279	-0.23007199999999997	0.0	-0.9098780000000001	-0.329857	-0.251626	0.0	0.779725	-2.09396	-3.8587	0.342117	
1	0.5107430000000001	0.339055	-0.790053	0.0	0.652016	0.446212	0.613001	0.0	0.560372	-0.8282129999999999	0.00682989	0.0	-1.26617	-2.36033	-4.27053	0.125454	0.13785	0.309294	-0.9409219999999999	0.0	0.38769499999999996	-0.8910389999999999	-0.236098	0.0	-0.911422	-0.33224499999999996	-0.242742	0.0	0.750784	-2.07681	-3.8147300000000004	0.342351	
1	0.520898	0.32548699999999997	-0.789129	0.0	0.662272	0.429167	0.614176	0.0	0.538574	-0.842541	0.00799119	0.0	-1.23652	-2.36748	-4.28479	0.12546400000000002	0.11085	0.31583	-0.942318	0.0	0.393377	-0.884669	-0.250233	0.0	-0.9126700000000001	-0.342948	-0.222306	0.0	0.6728890000000001	-2.06581	-3.7269300000000003	0.342895	
1	0.523704	0.321904	-0.788741	0.0	0.668026	0.41937399999999997	0.6147090000000001	0.0	0.528655	-0.848825	0.00458717	0.0	-1.2476200000000002	-2.3668299999999998	-4.28531	0.124998	0.09436019999999999	0.315336	-0.944277	0.0	0.398212	-0.88128	-0.254506	0.0	-0.9124270000000001	-0.352008	-0.208729	0.0	0.6560159999999999	-2.06909	-3.69539	0.34320700000000004	
1	0.5209560000000001	0.31811999999999996	-0.792088	0.0	0.66892	0.424285	0.610351	0.0	0.5302359999999999	-0.8478100000000001	0.00823706	0.0	-1.29687	-2.35277	-4.32404	0.125079	0.073746	0.331419	-0.9405969999999999	0.0	0.41208100000000003	-0.869008	-0.273886	0.0	-0.908158	-0.367404	-0.200658	0.0	0.609628	-2.06523	-3.6290400000000003	0.34407	
1	0.521967	0.314943	-0.792692	0.0	0.669788	0.424091	0.609533	0.0	0.528142	-0.849092	0.0104163	0.0	-1.30374	-2.33717	-4.32924	0.125222	0.060214	0.341447	-0.9379700000000001	0.0	0.4141	-0.8635450000000001	-0.287771	0.0	-0.9082379999999999	-0.371085	-0.193391	0.0	0.58245	-2.07835	-3.6034300000000004	0.34379499999999996	
1	0.523347	0.314998	-0.79176	0.0	0.667726	0.425654	0.610705	0.0	0.5293859999999999	-0.84829	0.0124324	0.0	-1.29091	-2.31902	-4.33174	0.12504400000000002	0.0530264	0.352466	-0.934321	0.0	0.420259	-0.8566219999999999	-0.29930300000000004	0.0	-0.905854	-0.376786	-0.193551	0.0	0.557272	-2.0953	-3.59845	0.338988	
1	0.525479	0.316981	-0.789554	0.0	0.6647069999999999	0.42630500000000005	0.613537	0.0	0.531071	-0.847223	0.0133144	0.0	-1.32781	-2.2911599999999996	-4.33139	0.12599000000000002	0.0491226	0.37174	-0.9270360000000001	0.0	0.420671	-0.849518	-0.318364	0.0	-0.905882	-0.374338	-0.19811099999999998	0.0	0.5627310000000001	-2.1865099999999997	-3.61265	0.15783	
1	0.5267729999999999	0.31604899999999997	-0.789065	0.0	0.6634439999999999	0.42744	0.614115	0.0	0.5313680000000001	-0.846999	0.015483199999999999	0.0	-1.31574	-2.2844	-4.33511	0.125998	0.0512783	0.370708	-0.927333	0.0	0.4211	-0.849999	-0.31650700000000004	0.0	-0.9055629999999999	-0.37427	-0.199692	0.0	0.573494	-2.17994	-3.6131599999999997	0.157795	
1	0.531237	0.327251	-0.781469	0.0	0.65479	0.42672899999999997	0.623821	0.0	0.537621	-0.843095	0.0124131	0.0	-1.27929	-2.29046	-4.35977	0.125664	0.057348699999999996	0.379968	-0.92322	0.0	0.436888	-0.8410479999999999	-0.31901	0.0	-0.8976860000000001	-0.385049	-0.214236	0.0	0.599607	-2.1669400000000003	-3.61387	0.15757000000000002	
1	0.53036	0.32678	-0.782262	0.0	0.65501	0.427856	0.622817	0.0	0.53822	-0.842706	0.0128732	0.0	-1.27355	-2.29441	-4.35611	0.126208	0.0559767	0.37805	-0.924092	0.0	0.43818599999999996	-0.8409469999999999	-0.317492	0.0	-0.8971399999999999	-0.387151	-0.21273000000000003	0.0	0.606116	-2.16653	-3.6099099999999997	0.157437	
1	0.5409010000000001	0.375958	-0.752384	0.0	0.63074	0.41046000000000005	0.658552	0.0	0.556411	-0.8307700000000001	-0.0151132	0.0	-1.1989	-2.2585599999999997	-4.40105	0.125817	0.0712859	0.42326400000000003	-0.9031969999999999	0.0	0.464613	-0.8153600000000001	-0.345431	0.0	-0.88264	-0.395013	-0.254778	0.0	0.658933	-2.12951	-3.60545	0.157471	
1	0.526737	0.40513499999999997	-0.747271	0.0	0.621871	0.415666	0.6637	0.0	0.579504	-0.8143020000000001	-0.03299559999999999	0.0	-1.17632	-2.24051	-4.40279	0.212198	0.113061	0.443039	-0.889345	0.0	0.472132	-0.81153	-0.344254	0.0	-0.8742479999999999	-0.38096599999999997	-0.300925	0.0	0.6888380000000001	-2.11809	-3.6261699999999997	0.15752	
1	0.49014300000000005	0.47270100000000004	-0.7323350000000001	0.0	0.56834	0.46369799999999994	0.679687	0.0	0.660871	-0.749359	-0.0413769	0.0	-1.1536600000000001	-2.18672	-4.28568	0.353603	0.20587800000000003	0.438508	-0.8748290000000001	0.0	0.488432	-0.820708	-0.296435	0.0	-0.847967	-0.366265	-0.38314699999999996	0.0	1.04102	-2.10527	-3.8359300000000003	0.157526	
1	0.44776499999999997	0.50576	-0.7373689999999999	0.0	0.550281	0.494125	0.673076	0.0	0.7047680000000001	-0.70714	-0.05705790000000001	0.0	-1.2339799999999999	-2.1451599999999997	-4.25619	0.354155	0.295489	0.389412	-0.8723790000000001	0.0	0.45688900000000005	-0.859559	-0.22893400000000003	0.0	-0.8390110000000001	-0.330933	-0.431908	0.0	1.39024	-2.10537	-3.84968	0.157526	
1	0.39656199999999997	0.53242	-0.747843	0.0	0.535569	0.527453	0.659514	0.0	0.74559	-0.66206	-0.07598010000000001	0.0	-1.29726	-2.10734	-4.25225	0.35381999999999997	0.340566	0.366638	-0.86579	0.0	0.439529	-0.876108	-0.198114	0.0	-0.831161	-0.31306799999999996	-0.459521	0.0	1.60113	-2.12277	-3.83017	0.157526	
2	0.229881	0.609142	-0.759013	0.0	0.476267	0.609718	0.633572	0.0	0.848719	-0.507139	-0.149952	0.0	-1.51407	-1.9458799999999998	-4.22058	0.352559	0.451798	0.28547	-0.8452129999999999	0.0	0.36659899999999995	-0.923141	-0.115829	0.0	-0.813317	-0.257523	-0.521726	0.0	2.16392	-2.21837	-3.6130699999999996	0.157528	
2	0.108268	0.629717	-0.769243	0.0	0.407911	0.677512	0.612035	0.0	0.9065799999999999	-0.38004699999999997	-0.183516	0.0	-1.61683	-1.87611	-4.12181	0.352035	0.5072770000000001	0.21454099999999998	-0.834651	0.0	0.292876	-0.9537889999999999	-0.06716219999999999	0.0	-0.810489	-0.21037899999999998	-0.546669	0.0	2.51764	-2.31101	-3.32781	0.157528	
2	0.0438028	0.629587	-0.775695	0.0	0.364369	0.712889	0.599187	0.0	0.9302239999999999	-0.30888499999999997	-0.198175	0.0	-1.6195700000000002	-1.8610799999999998	-4.010330000000001	0.352074	0.527159	0.111444	-0.842427	0.0	0.174311	-0.9844629999999999	-0.0211568	0.0	-0.8316959999999999	-0.135691	-0.538395	0.0	2.74526	-2.32113	-3.10407	0.157528	
2	0.0257666	0.633317	-0.773463	0.0	0.348671	0.719438	0.600697	0.0	0.936891	-0.28516199999999997	-0.202282	0.0	-1.61267	-1.8783900000000002	-3.93014	0.352302	0.527212	0.07277439999999999	-0.846612	0.0	0.120493	-0.992661	-0.010293700000000001	0.0	-0.841148	-0.0965841	-0.532111	0.0	2.8650599999999997	-2.29522	-2.94394	0.157525	
2	-0.00304034	0.637624	-0.770342	0.0	0.33332	0.726938	0.600382	0.0	0.942809	-0.254945	-0.214743	0.0	-1.62124	-1.95843	-3.7911900000000003	0.352004	0.5189010000000001	0.023900499999999998	-0.8545	0.0	0.0437991	-0.9990399999999999	-0.00134606	0.0	-0.853712	-0.036727800000000005	-0.5194489999999999	0.0	3.15073	-2.35145	-2.60705	0.15753	
2	-0.013674500000000001	0.6334029999999999	-0.773701	0.0	0.32049	0.735727	0.59665	0.0	0.947153	-0.23980500000000002	-0.21306	0.0	-1.65123	-2.0463	-3.72455	0.351615	0.515336	-0.00454135	-0.8569760000000001	0.0	0.00266229	-0.999973	0.00690007	0.0	-0.856984	-0.00583738	-0.51531	0.0	3.3683	-2.40709	-2.38972	0.157525	
2	-0.0243959	0.634518	-0.772523	0.0	0.31395500000000004	0.7385189999999999	0.596675	0.0	0.949124	-0.227981	-0.217227	0.0	-1.67428	-2.13138	-3.68062	0.350972	0.522365	-0.0233264	-0.852403	0.0	-0.00251653	-0.999664	0.025814099999999996	0.0	-0.852719	-0.011339299999999998	-0.5222479999999999	0.0	3.56362	-2.49569	-2.2130900000000002	0.157521	
2	-0.0280833	0.633659	-0.7731020000000001	0.0	0.313417	0.7399899999999999	0.595134	0.0	0.9492	-0.22559	-0.219381	0.0	-1.6967599999999998	-2.2025	-3.65271	0.350419	0.533692	-0.028425400000000003	-0.845201	0.0	0.027479200000000002	-0.998324	0.050926599999999995	0.0	-0.845232	-0.0504046	-0.532017	0.0	3.7145099999999998	-2.5978	-2.05115	0.157526	
2	-0.030764499999999997	0.6323	-0.774113	0.0	0.31243699999999996	0.741753	0.5934520000000001	0.0	0.94944	-0.22360500000000003	-0.220374	0.0	-1.70508	-2.22217	-3.63495	0.350137	0.5411239999999999	-0.027403399999999998	-0.8404959999999999	0.0	0.0590961	-0.9957590000000001	0.0705125	0.0	-0.8388639999999999	-0.0878261	-0.5372100000000001	0.0	3.78934	-2.66518	-1.99112	0.157523	
2	-0.0324145	0.632015	-0.774278	0.0	0.312315	0.742297	0.5928359999999999	0.0	0.949426	-0.222602	-0.22144899999999998	0.0	-1.7273	-2.27363	-3.62	0.35015300000000005	0.541092	-0.0254469	-0.840578	0.0	0.148725	-0.980891	0.125431	0.0	-0.827708	-0.192885	-0.526968	0.0	3.8788300000000002	-2.7712	-1.89054	0.157447	
