3	0.177678	0.862533	-0.47378000000000003	0.0	0.372492	0.38667199999999996	0.843643	0.0	0.910868	-0.326376	-0.25258400000000003	0.0	-2.74442	1.8913200000000001	1.28711	0.0	-0.208204	0.881841	-0.42309300000000005	0.0	0.5355310000000001	-0.259191	-0.803758	0.0	-0.818449	-0.393925	-0.418289	0.0	2.7310000000000003	1.92799	1.48464	0.0	
3	0.177678	0.862533	-0.47378000000000003	0.0	0.372492	0.38667199999999996	0.843643	0.0	0.910868	-0.326376	-0.25258400000000003	0.0	-2.74442	1.8913200000000001	1.28711	0.0	-0.208204	0.881841	-0.42309300000000005	0.0	0.5355310000000001	-0.259191	-0.803758	0.0	-0.818449	-0.393925	-0.418289	0.0	2.7310000000000003	1.92799	1.48464	0.0	
3	0.168382	0.8529700000000001	-0.494054	0.0	0.363294	0.41222700000000007	0.835515	0.0	0.9163319999999999	-0.320173	-0.240468	0.0	-2.6316900000000003	1.8735099999999998	1.30922	0.0	-0.21183200000000002	0.878001	-0.429233	0.0	0.554126	-0.25387600000000005	-0.792774	0.0	-0.805029	-0.40578400000000003	-0.432745	0.0	2.70147	1.90337	1.47729	0.0	
3	0.179196	0.854517	-0.48753500000000005	0.0	0.384254	0.395403	0.834269	0.0	0.9056700000000001	-0.336835	-0.257497	0.0	-2.60262	1.90767	1.32354	0.0	-0.24207199999999998	0.877876	-0.4132	0.0	0.540408	-0.23170500000000002	-0.808871	0.0	-0.805829	-0.41910200000000003	-0.418322	0.0	2.7539999999999996	1.9335799999999999	1.4956200000000002	0.174509	
3	0.203523	0.860806	-0.466467	0.0	0.391889	0.364985	0.844517	0.0	0.8972190000000001	-0.354682	-0.263058	0.0	-2.6015200000000003	1.9795	1.3142	0.345817	-0.264907	0.875124	-0.404948	0.0	0.529027	-0.21920900000000001	-0.8198030000000001	0.0	-0.806198	-0.4314	-0.404895	0.0	2.71198	1.98531	1.47728	0.360912	
3	0.20425	0.848269	-0.488591	0.0	0.42497299999999993	0.372792	0.8248790000000001	0.0	0.881862	-0.37611999999999995	-0.284348	0.0	-2.5444299999999997	2.11022	1.3153299999999999	0.348792	-0.261246	0.8680629999999999	-0.42215699999999995	0.0	0.5681649999999999	-0.21527399999999997	-0.794258	0.0	-0.780346	-0.447352	-0.436963	0.0	2.74383	2.1266599999999998	1.41111	0.35999899999999996	
3	0.263448	0.78676	-0.558215	0.0	0.49355200000000005	0.387259	0.778741	0.0	0.8288559999999999	-0.480666	-0.28628400000000004	0.0	-2.5905299999999998	2.15178	1.2974299999999999	0.34881599999999996	-0.21957600000000002	0.8254469999999999	-0.520022	0.0	0.6426689999999999	-0.27865	-0.713674	0.0	-0.734004	-0.490908	-0.469305	0.0	2.7788	2.22644	1.29148	0.35997399999999996	
3	0.275318	0.707006	-0.651416	0.0	0.575167	0.42181	0.7008989999999999	0.0	0.770313	-0.567643	-0.290514	0.0	-2.61882	2.15521	1.166	0.346547	-0.153881	0.745114	-0.648942	0.0	0.703912	-0.378235	-0.601204	0.0	-0.693418	-0.549312	-0.466292	0.0	2.7673900000000002	2.27998	1.11406	0.359635	
3	0.334068	0.635077	-0.6964739999999999	0.0	0.632338	0.396953	0.665265	0.0	0.698962	-0.66265	-0.268974	0.0	-2.6395299999999997	1.9585400000000002	0.9639280000000001	0.351162	-0.175834	0.657163	-0.732953	0.0	0.7383890000000001	-0.404368	-0.539693	0.0	-0.651049	-0.6361	-0.41413999999999995	0.0	2.6415900000000003	2.0521700000000003	0.918062	0.360061	
3	0.35386999999999996	0.577376	-0.735808	0.0	0.67814	0.383413	0.6269939999999999	0.0	0.644129	-0.720855	-0.255863	0.0	-2.68541	1.6136700000000002	0.657454	0.351605	-0.180177	0.58759	-0.788844	0.0	0.7632869999999999	-0.422321	-0.488915	0.0	-0.6204270000000001	-0.6902050000000001	-0.37240700000000004	0.0	2.52218	1.75423	0.67645	0.35940300000000003	
3	0.34117800000000004	0.47748500000000005	-0.8096949999999999	0.0	0.727745	0.41103100000000004	0.549036	0.0	0.594966	-0.77657	-0.20725300000000002	0.0	-2.74337	1.0148700000000002	0.188917	0.35284299999999996	-0.155925	0.51375	-0.843651	0.0	0.784665	-0.45437299999999997	-0.42171800000000004	0.0	-0.5999899999999999	-0.7277399999999999	-0.33227399999999996	0.0	2.3228	1.28621	0.29180100000000003	0.359389	
3	0.335926	0.42147799999999996	-0.842325	0.0	0.739611	0.435698	0.512975	0.0	0.583206	-0.7953140000000001	-0.16536800000000001	0.0	-2.74985	0.6326470000000001	-0.038782800000000006	0.352619	-0.148806	0.474376	-0.867654	0.0	0.792654	-0.46738199999999996	-0.391477	0.0	-0.591233	-0.746004	-0.306467	0.0	2.1745900000000002	0.987715	0.120255	0.35894899999999996	
3	0.306423	0.36675	-0.8784069999999999	0.0	0.770407	0.44644700000000004	0.455147	0.0	0.559087	-0.816198	-0.14574600000000001	0.0	-2.71746	0.12456300000000001	-0.350858	0.352772	-0.154475	0.425317	-0.8917639999999999	0.0	0.802815	-0.472058	-0.36421	0.0	-0.575869	-0.772183	-0.268529	0.0	1.94134	0.513089	-0.0939143	0.358739	
3	0.288622	0.35596700000000003	-0.888811	0.0	0.7935	0.43054499999999996	0.430104	0.0	0.535776	-0.8294090000000001	-0.158195	0.0	-2.70397	-0.306398	-0.6836720000000001	0.35176399999999997	-0.156637	0.40360799999999997	-0.901424	0.0	0.825779	-0.447162	-0.34370700000000004	0.0	-0.541806	-0.798215	-0.26324899999999996	0.0	1.74036	0.036055199999999996	-0.33705	0.358106	
3	0.26903699999999997	0.337572	-0.902033	0.0	0.817933	0.41442399999999996	0.399046	0.0	0.5085310000000001	-0.845161	-0.164615	0.0	-2.70356	-0.646195	-0.986318	0.351632	-0.144198	0.38767399999999996	-0.9104479999999999	0.0	0.839924	-0.438507	-0.319747	0.0	-0.523196	-0.810815	-0.262385	0.0	1.57699	-0.42248199999999997	-0.6706	0.35791999999999996	
3	0.238021	0.33088	-0.913162	0.0	0.8293799999999999	0.42003	0.368379	0.0	0.505445	-0.84504	-0.174449	0.0	-2.70082	-0.9231600000000001	-1.28596	0.351364	-0.124793	0.367512	-0.921608	0.0	0.8470719999999999	-0.44418900000000006	-0.291831	0.0	-0.5166189999999999	-0.817087	-0.255877	0.0	1.46817	-0.855931	-1.00946	0.35648	
3	0.231017	0.318498	-0.919342	0.0	0.843622	0.40515500000000004	0.352351	0.0	0.484699	-0.856977	-0.175094	0.0	-2.7667	-1.18195	-1.54836	0.35088	-0.11890999999999999	0.347045	-0.9302799999999999	0.0	0.8640969999999999	-0.425335	-0.269123	0.0	-0.48907799999999996	-0.8358530000000001	-0.249304	0.0	1.44927	-1.24062	-1.27331	0.355642	
3	0.21833699999999998	0.32455500000000004	-0.920322	0.0	0.856665	0.387938	0.340043	0.0	0.46738999999999997	-0.8626520000000001	-0.19333399999999998	0.0	-2.84119	-1.37822	-1.71088	0.350024	-0.109523	0.342773	-0.9330120000000001	0.0	0.8699049999999999	-0.421084	-0.256814	0.0	-0.480905	-0.839759	-0.25206100000000004	0.0	1.4852	-1.5423	-1.4872100000000001	0.35426599999999997	
3	0.207946	0.309989	-0.9277200000000001	0.0	0.864547	0.385377	0.322556	0.0	0.45751099999999995	-0.869133	-0.187862	0.0	-2.91103	-1.5852700000000002	-1.8451	0.349102	-0.103626	0.322968	-0.9407200000000001	0.0	0.8678379999999999	-0.43271800000000005	-0.244158	0.0	-0.485921	-0.841693	-0.23544299999999999	0.0	1.54273	-1.8797400000000002	-1.55971	0.354056	
3	0.210972	0.311488	-0.926534	0.0	0.875136	0.362077	0.320994	0.0	0.435462	-0.8785649999999999	-0.196206	0.0	-3.02953	-1.7836400000000001	-1.94337	0.34789200000000003	-0.0652685	0.27984499999999995	-0.957824	0.0	0.8332229999999999	-0.512879	-0.20662399999999997	0.0	-0.549071	-0.811567	-0.19969800000000001	0.0	1.6624400000000001	-2.0856	-1.5573299999999999	0.358481	
3	0.183151	0.296964	-0.93716	0.0	0.8526879999999999	0.426446	0.301774	0.0	0.48926400000000003	-0.854375	-0.17511300000000002	0.0	-3.09585	-1.9071799999999999	-2.05423	0.343036	-0.0517783	0.277527	-0.9593209999999999	0.0	0.8218620000000001	-0.5338729999999999	-0.19880599999999998	0.0	-0.56733	-0.798723	-0.200446	0.0	1.62164	-2.10124	-1.58197	0.358745	
3	0.178261	0.301182	-0.9367559999999999	0.0	0.847807	0.43620200000000003	0.301581	0.0	0.499446	-0.847949	-0.177586	0.0	-3.05798	-1.9337099999999998	-2.0847599999999997	0.342478	-0.0528759	0.27819299999999997	-0.9590690000000001	0.0	0.8190430000000001	-0.537362	-0.201026	0.0	-0.571291	-0.796148	-0.199438	0.0	1.57059	-2.10221	-1.5872899999999999	0.358354	
3	0.182148	0.30039899999999997	-0.93626	0.0	0.843751	0.44117	0.3057	0.0	0.5048819999999999	-0.8456530000000001	-0.173104	0.0	-2.98329	-1.94964	-2.10242	0.343298	-0.055052	0.274955	-0.95988	0.0	0.817945	-0.538934	-0.20128800000000002	0.0	-0.572656	-0.7962100000000001	-0.19522799999999998	0.0	1.53295	-2.10318	-1.5845200000000002	0.358157	
3	0.1821	0.30147199999999996	-0.935924	0.0	0.844208	0.44008100000000006	0.30601	0.0	0.5041359999999999	-0.8458389999999999	-0.174367	0.0	-2.9565599999999996	-1.95475	-2.10292	0.343238	-0.05553380000000001	0.275769	-0.959619	0.0	0.8167909999999999	-0.540223	-0.202514	0.0	-0.5742550000000001	-0.795054	-0.195245	0.0	1.51852	-2.10481	-1.57795	0.358277	
3	0.182056	0.303888	-0.9351510000000001	0.0	0.8449260000000001	0.43810699999999997	0.306859	0.0	0.502947	-0.845999	-0.177002	0.0	-2.94853	-1.9531599999999998	-2.10622	0.342925	-0.0554283	0.279566	-0.958525	0.0	0.817651	-0.538257	-0.204271	0.0	-0.57304	-0.7950619999999999	-0.19875299999999999	0.0	1.51705	-2.10668	-1.56559	0.358266	
3	0.181626	0.303965	-0.93521	0.0	0.8455600000000001	0.43725200000000003	0.306332	0.0	0.5020359999999999	-0.8464139999999999	-0.17760399999999998	0.0	-2.95097	-1.95363	-2.1031299999999997	0.343329	-0.055082000000000006	0.280455	-0.958285	0.0	0.8204520000000001	-0.5342640000000001	-0.203519	0.0	-0.569056	-0.797438	-0.200672	0.0	1.5201	-2.10357	-1.5728600000000001	0.35783400000000004	
3	0.181635	0.30396100000000004	-0.9352090000000001	0.0	0.845549	0.437266	0.306342	0.0	0.502051	-0.8464079999999999	-0.177591	0.0	-2.95082	-1.95364	-2.10323	0.343328	-0.0550935	0.28044600000000003	-0.9582870000000001	0.0	0.8204290000000001	-0.534295	-0.203531	0.0	-0.569088	-0.79742	-0.20065	0.0	1.51997	-2.1036099999999998	-1.57271	0.35783400000000004	
3	0.181635	0.30396100000000004	-0.9352090000000001	0.0	0.845549	0.437266	0.306342	0.0	0.502051	-0.8464079999999999	-0.177591	0.0	-2.95082	-1.95364	-2.10324	0.343327	-0.0550938	0.28044600000000003	-0.9582870000000001	0.0	0.8204290000000001	-0.534295	-0.203531	0.0	-0.569088	-0.79742	-0.20065	0.0	1.51997	-2.1036099999999998	-1.57271	0.35783400000000004	
3	0.181635	0.30396100000000004	-0.9352090000000001	0.0	0.845549	0.437266	0.306342	0.0	0.502051	-0.8464079999999999	-0.177591	0.0	-2.95082	-1.95364	-2.10324	0.343327	-0.0550938	0.28044600000000003	-0.9582870000000001	0.0	0.8204290000000001	-0.534295	-0.203531	0.0	-0.569088	-0.79742	-0.20065	0.0	1.51997	-2.1036099999999998	-1.57271	0.35783400000000004	
3	0.181635	0.30396100000000004	-0.9352090000000001	0.0	0.845549	0.437266	0.306342	0.0	0.502051	-0.8464079999999999	-0.177591	0.0	-2.95082	-1.95364	-2.10324	0.343327	-0.0550938	0.28044600000000003	-0.9582870000000001	0.0	0.8204290000000001	-0.534295	-0.203531	0.0	-0.569088	-0.79742	-0.20065	0.0	1.51997	-2.1036099999999998	-1.57271	0.35783400000000004	
3	0.181635	0.30396100000000004	-0.9352090000000001	0.0	0.845549	0.437266	0.306342	0.0	0.502051	-0.8464079999999999	-0.177591	0.0	-2.95082	-1.95364	-2.10324	0.343327	-0.0550938	0.28044600000000003	-0.9582870000000001	0.0	0.8204290000000001	-0.534295	-0.203531	0.0	-0.569088	-0.79742	-0.20065	0.0	1.51997	-2.1036099999999998	-1.57271	0.35783400000000004	
3	0.181635	0.30396100000000004	-0.9352090000000001	0.0	0.845549	0.437266	0.306342	0.0	0.502051	-0.8464079999999999	-0.177591	0.0	-2.95082	-1.95364	-2.10324	0.343327	-0.0550938	0.28044600000000003	-0.9582870000000001	0.0	0.8204290000000001	-0.534295	-0.203531	0.0	-0.569088	-0.79742	-0.20065	0.0	1.51997	-2.1036099999999998	-1.57271	0.35783400000000004	
3	0.181635	0.30396100000000004	-0.9352090000000001	0.0	0.845549	0.437266	0.306342	0.0	0.502051	-0.8464079999999999	-0.177591	0.0	-2.95082	-1.95364	-2.10324	0.343327	-0.0550938	0.28044600000000003	-0.9582870000000001	0.0	0.8204290000000001	-0.534295	-0.203531	0.0	-0.569088	-0.79742	-0.20065	0.0	1.51997	-2.1036099999999998	-1.57271	0.35783400000000004	
3	0.181635	0.30396100000000004	-0.9352090000000001	0.0	0.845549	0.437266	0.306342	0.0	0.502051	-0.8464079999999999	-0.177591	0.0	-2.95082	-1.95364	-2.10324	0.343327	-0.0550938	0.28044600000000003	-0.9582870000000001	0.0	0.8204290000000001	-0.534295	-0.203531	0.0	-0.569088	-0.79742	-0.20065	0.0	1.51997	-2.1036099999999998	-1.57271	0.35783400000000004	
3	0.181635	0.30396100000000004	-0.9352090000000001	0.0	0.845549	0.437266	0.306342	0.0	0.502051	-0.8464079999999999	-0.177591	0.0	-2.95082	-1.95364	-2.10324	0.343327	-0.055093899999999994	0.28044600000000003	-0.9582870000000001	0.0	0.8204290000000001	-0.534295	-0.203531	0.0	-0.569088	-0.79742	-0.20065	0.0	1.51997	-2.1036099999999998	-1.57271	0.35783400000000004	
3	0.181635	0.30396100000000004	-0.9352090000000001	0.0	0.845549	0.437266	0.306342	0.0	0.502051	-0.8464079999999999	-0.177591	0.0	-2.95082	-1.95364	-2.10324	0.343327	-0.0550938	0.28044600000000003	-0.9582870000000001	0.0	0.8204290000000001	-0.534295	-0.203531	0.0	-0.569088	-0.79742	-0.20065	0.0	1.51997	-2.1036099999999998	-1.57271	0.35783400000000004	
3	0.181635	0.30396100000000004	-0.9352090000000001	0.0	0.845549	0.437266	0.306342	0.0	0.502051	-0.8464079999999999	-0.177591	0.0	-2.95082	-1.95364	-2.10324	0.343327	-0.0550938	0.28044600000000003	-0.9582870000000001	0.0	0.8204290000000001	-0.534295	-0.203531	0.0	-0.569088	-0.79742	-0.20065	0.0	1.51997	-2.1036099999999998	-1.57271	0.35783400000000004	
3	0.133204	0.538992	-0.8317120000000001	0.0	0.815717	0.417009	0.400885	0.0	0.562905	-0.731841	-0.38411799999999996	0.0	-2.9946599999999997	-1.9971700000000001	-2.1791099999999997	0.35793600000000003	0.0556009	0.515908	-0.8548379999999999	0.0	0.749169	-0.587535	-0.305858	0.0	-0.660041	-0.623412	-0.41917	0.0	1.41285	-2.08508	-1.63199	0.341697	
3	0.16751	0.5165569999999999	-0.839708	0.0	0.8389850000000001	0.3726	0.39657600000000004	0.0	0.51773	-0.770933	-0.37096999999999997	0.0	-3.0548599999999997	-2.03682	-2.31407	0.35887199999999997	0.042573599999999996	0.5197	-0.8532879999999999	0.0	0.7586149999999999	-0.572585	-0.310886	0.0	-0.650147	-0.634081	-0.418629	0.0	1.3048799999999998	-2.07366	-1.83788	0.342981	
3	0.209121	0.47868599999999994	-0.852718	0.0	0.853524	0.336221	0.39806199999999997	0.0	0.47724799999999995	-0.811058	-0.33825900000000003	0.0	-3.1349400000000003	-2.14947	-2.49042	0.359183	0.0362353	0.528963	-0.8478709999999999	0.0	0.769183	-0.556416	-0.31426	0.0	-0.638001	-0.64078	-0.42703199999999997	0.0	1.15825	-2.04366	-2.11584	0.34370100000000003	
3	0.253853	0.418382	-0.872075	0.0	0.867433	0.300413	0.39662600000000003	0.0	0.42792399999999997	-0.857152	-0.286657	0.0	-3.2673799999999997	-2.28852	-2.66213	0.35923099999999997	0.0204881	0.52328	-0.851914	0.0	0.779576	-0.54186	-0.31408400000000003	0.0	-0.625972	-0.657697	-0.41903900000000005	0.0	0.9855299999999999	-2.07366	-2.4385	0.344966	
3	0.297414	0.35727	-0.885383	0.0	0.8672489999999999	0.286727	0.407023	0.0	0.39928	-0.8889020000000001	-0.224566	0.0	-3.3478800000000004	-2.44644	-2.78896	0.359288	0.0072068	0.520674	-0.853725	0.0	0.797196	-0.5183939999999999	-0.309431	0.0	-0.6036779999999999	-0.6783560000000001	-0.41881499999999994	0.0	0.831733	-2.18988	-2.7724599999999997	0.344835	
3	0.33809	0.306329	-0.889864	0.0	0.8634709999999999	0.27510999999999997	0.422767	0.0	0.374317	-0.9113049999999999	-0.171494	0.0	-3.45369	-2.62723	-2.91538	0.36023299999999997	-0.00534457	0.49611400000000005	-0.868241	0.0	0.810345	-0.5065930000000001	-0.294456	0.0	-0.585929	-0.705149	-0.399316	0.0	0.6870069999999999	-2.38125	-3.09158	0.344524	
3	0.409141	0.220902	-0.8853280000000001	0.0	0.840456	0.286566	0.45990600000000004	0.0	0.355299	-0.9322459999999999	-0.0684126	0.0	-3.54671	-2.92844	-3.0148900000000003	0.360178	-0.0323512	0.46090299999999995	-0.886861	0.0	0.813995	-0.502741	-0.29096900000000003	0.0	-0.57997	-0.731314	-0.35890900000000003	0.0	0.512355	-2.63078	-3.28709	0.344509	
3	0.452758	0.147475	-0.879353	0.0	0.8282139999999999	0.295738	0.476026	0.0	0.33026	-0.943817	0.0117573	0.0	-3.5988800000000003	-3.20266	-3.0439999999999996	0.359915	-0.046951099999999996	0.440468	-0.89654	0.0	0.813385	-0.504129	-0.290274	0.0	-0.579828	-0.7428600000000001	-0.33460100000000004	0.0	0.385247	-2.81511	-3.3687400000000003	0.34471	
3	0.473934	0.08591019999999999	-0.87636	0.0	0.823716	0.308533	0.47571	0.0	0.311254	-0.947326	0.0754584	0.0	-3.6756699999999998	-3.4758199999999997	-3.0825400000000003	0.359942	-0.0552908	0.42520699999999995	-0.9034059999999999	0.0	0.813533	-0.505387	-0.287661	0.0	-0.578885	-0.750855	-0.317977	0.0	0.240006	-3.0011200000000002	-3.4303800000000004	0.344669	
3	0.493291	0.00869876	-0.869821	0.0	0.817444	0.337246	0.466959	0.0	0.297406	-0.941376	0.15925	0.0	-3.67549	-3.5897	-3.15769	0.361077	-0.06281569999999999	0.41742299999999993	-0.906539	0.0	0.812768	-0.505744	-0.289191	0.0	-0.579191	-0.754972	-0.30749899999999997	0.0	0.13813599999999998	-3.14102	-3.4513599999999998	0.344828	
3	0.540933	-0.03742	-0.840233	0.0	0.793195	0.35492399999999996	0.49484399999999995	0.0	0.279702	-0.9341459999999999	0.22167199999999998	0.0	-3.6726099999999997	-3.58719	-3.19979	0.36088200000000004	-0.07766289999999999	0.407719	-0.909799	0.0	0.8112189999999999	-0.504641	-0.29539899999999997	0.0	-0.579562	-0.760988	-0.291558	0.0	0.0610182	-3.2286200000000003	-3.4096900000000003	0.344684	
3	0.560289	-0.054762599999999995	-0.826485	0.0	0.7751100000000001	0.38645799999999997	0.499855	0.0	0.292028	-0.9206799999999999	0.258975	0.0	-3.6857900000000003	-3.58397	-3.22611	0.365633	-0.0786773	0.40692399999999995	-0.910068	0.0	0.810181	-0.505829	-0.296216	0.0	-0.5808760000000001	-0.760625	-0.289885	0.0	0.0168672	-3.2862199999999997	-3.38765	0.34486999999999995	
3	0.6007939999999999	-0.0637644	-0.7968569999999999	0.0	0.74739	0.398494	0.531611	0.0	0.283645	-0.9149520000000001	0.28707	0.0	-3.68583	-3.5833699999999995	-3.2333	0.370938	-0.080131	0.40891900000000003	-0.9090459999999999	0.0	0.809847	-0.504992	-0.29854899999999995	0.0	-0.5811430000000001	-0.760111	-0.290697	0.0	0.00286215	-3.33111	-3.38001	0.344832	
3	0.637984	-0.0803273	-0.765848	0.0	0.725571	0.395821	0.5629149999999999	0.0	0.257921	-0.914808	0.31081	0.0	-3.67034	-3.58376	-3.2370900000000002	0.37542	-0.08015839999999999	0.408598	-0.9091879999999999	0.0	0.8097949999999999	-0.505154	-0.29841599999999996	0.0	-0.581212	-0.7601760000000001	-0.29038800000000003	0.0	-0.00168318	-3.3460400000000003	-3.3831599999999997	0.34474899999999997	
3	0.6770010000000001	-0.11103099999999999	-0.7275590000000001	0.0	0.703427	0.388376	0.5952770000000001	0.0	0.216473	-0.9147870000000001	0.341033	0.0	-3.64321	-3.58494	-3.2457700000000003	0.380114	-0.0797827	0.40520300000000004	-0.910739	0.0	0.809329	-0.5070319999999999	-0.296486	0.0	-0.581911	-0.760742	-0.287491	0.0	-0.00412994	-3.33998	-3.3771400000000003	0.34463299999999997	
3	0.706546	-0.127143	-0.696152	0.0	0.673525	0.422684	0.606384	0.0	0.21715500000000001	-0.897314	0.38428	0.0	-3.6398800000000002	-3.58313	-3.26599	0.387924	-0.0816734	0.411813	-0.907601	0.0	0.810869	-0.5020319999999999	-0.300759	0.0	-0.579501	-0.760509	-0.29292399999999996	0.0	-0.0031651	-3.34166	-3.3839900000000003	0.34469299999999997	
3	0.722186	-0.0953349	-0.6850970000000001	0.0	0.646999	0.44338299999999997	0.620326	0.0	0.24462199999999998	-0.8912479999999999	0.381887	0.0	-3.6581699999999997	-3.58176	-3.24827	0.39085	-0.08219889999999999	0.41333000000000003	-0.9068639999999999	0.0	0.8105680000000001	-0.501694	-0.302132	0.0	-0.5798479999999999	-0.7599100000000001	-0.29379299999999997	0.0	-0.00081078	-3.34841	-3.3859800000000004	0.344563	
3	0.73921	-0.0440952	-0.67203	0.0	0.612987	0.45736400000000005	0.644256	0.0	0.278953	-0.888186	0.365118	0.0	-3.18376	-3.58161	-3.04906	0.37040100000000004	-0.0837547	0.41453100000000004	-0.906173	0.0	0.808812	-0.502904	-0.304811	0.0	-0.582072	-0.7584529999999999	-0.293157	0.0	0.00484935	-3.3606199999999995	-3.3917800000000002	0.344785	
3	0.742131	-0.0355541	-0.669311	0.0	0.6050800000000001	0.465075	0.646207	0.0	0.28830500000000003	-0.8845569999999999	0.36666	0.0	-3.17021	-3.58169	-3.04297	0.363158	-0.0839289	0.41589	-0.9055340000000001	0.0	0.8095899999999999	-0.5013569999999999	-0.305297	0.0	-0.580965	-0.758734	-0.294622	0.0	0.00428475	-3.36944	-3.38974	0.34468200000000004	
3	0.746375	-0.0161291	-0.66533	0.0	0.591806	0.473409	0.652418	0.0	0.30445	-0.8806950000000001	0.362886	0.0	-3.15525	-3.5834699999999997	-3.04283	0.35615	-0.0846161	0.414231	-0.90623	0.0	0.808478	-0.5030640000000001	-0.305436	0.0	-0.582412	-0.7585109999999999	-0.292329	0.0	0.00855901	-3.37584	-3.39244	0.344624	
3	0.743609	-0.00546706	-0.668592	0.0	0.5872	0.483555	0.649131	0.0	0.319752	-0.8752969999999999	0.362786	0.0	-3.14499	-3.58463	-3.04573	0.352236	-0.08683869999999999	0.417414	-0.904558	0.0	0.80853	-0.500934	-0.30877899999999997	0.0	-0.582012	-0.7581760000000001	-0.293991	0.0	0.0157405	-3.3912699999999996	-3.3916699999999995	0.344548	
3	0.745892	0.0199117	-0.6657689999999999	0.0	0.580626	0.47034	0.66457	0.0	0.326371	-0.88226	0.339262	0.0	-2.8656200000000003	-3.57225	-2.95072	0.36175300000000005	-0.0887493	0.415892	-0.9050729999999999	0.0	0.807623	-0.501784	-0.30977	0.0	-0.582982	-0.75845	-0.291351	0.0	0.0156547	-3.40922	-3.37281	0.344746	
3	0.7561479999999999	0.0135153	-0.654262	0.0	0.576717	0.458712	0.676004	0.0	0.309254	-0.888483	0.339059	0.0	-2.85625	-3.56563	-2.9527400000000004	0.361886	-0.0884423	0.41322600000000004	-0.906324	0.0	0.807373	-0.503156	-0.308193	0.0	-0.583375	-0.758999	-0.289127	0.0	0.0129316	-3.41299	-3.36426	0.344615	
3	0.757984	-0.0008739230000000001	-0.6522720000000001	0.0	0.575878	0.470497	0.668579	0.0	0.30630799999999997	-0.882401	0.357133	0.0	-2.7835400000000003	-3.5678099999999997	-2.98457	0.361481	-0.08813510000000001	0.41432399999999997	-0.905852	0.0	0.8072010000000001	-0.503142	-0.308667	0.0	-0.5836600000000001	-0.758409	-0.290098	0.0	0.0138219	-3.41091	-3.3756699999999995	0.344507	
3	0.772486	0.00408226	-0.6350180000000001	0.0	0.5668479999999999	0.446349	0.6924279999999999	0.0	0.28626599999999996	-0.89485	0.342484	0.0	-2.76905	-3.5560699999999996	-2.9878400000000003	0.361667	-0.0887949	0.41437399999999996	-0.9057649999999999	0.0	0.806078	-0.504289	-0.309727	0.0	-0.58511	-0.7576189999999999	-0.28923899999999997	0.0	0.00861807	-3.4117300000000004	-3.3713699999999998	0.344589	
3	0.7904680000000001	0.00905952	-0.612437	0.0	0.549171	0.43230799999999997	0.7152069999999999	0.0	0.271241	-0.901681	0.33675	0.0	-2.47693	-3.5839199999999996	-2.8511900000000003	0.362678	-0.08876339999999999	0.411369	-0.9071370000000001	0.0	0.804415	-0.5074770000000001	-0.308843	0.0	-0.587399	-0.757128	-0.285866	0.0	0.00770166	-3.41344	-3.3652699999999998	0.344611	
3	0.818198	0.00989929	-0.574852	0.0	0.521604	0.407776	0.749432	0.0	0.241829	-0.9130280000000001	0.32847800000000005	0.0	-2.44983	-3.5839199999999996	-2.84088	0.35725500000000004	-0.0882649	0.411254	-0.9072370000000001	0.0	0.8038890000000001	-0.508411	-0.308675	0.0	-0.588194	-0.756563	-0.28572800000000004	0.0	0.00412323	-3.41123	-3.36297	0.344492	
3	0.8538319999999999	-0.00292043	-0.52054	0.0	0.489684	0.343719	0.801291	0.0	0.17657899999999999	-0.939068	0.294908	0.0	-2.41147	-3.5867199999999997	-2.82123	0.329788	-0.08899989999999999	0.411732	-0.906949	0.0	0.804244	-0.50747	-0.309299	0.0	-0.587597	-0.7569359999999999	-0.285968	0.0	0.00336225	-3.4135400000000002	-3.36465	0.34442	
3	0.8765360000000001	0.0195284	-0.48094	0.0	0.44870699999999997	0.328465	0.8311270000000001	0.0	0.174202	-0.944314	0.279149	0.0	-2.3729299999999998	-3.4628400000000004	-2.79078	0.0940418	-0.0910051	0.412409	-0.906442	0.0	0.803342	-0.5075149999999999	-0.31156100000000003	0.0	-0.5885239999999999	-0.756536	-0.285119	0.0	0.0047779	-3.41733	-3.3616300000000003	0.34441	
3	0.8977809999999999	0.023834599999999997	-0.439796	0.0	0.408663	0.327332	0.8519680000000001	0.0	0.16426500000000002	-0.944609	0.284132	0.0	-2.42042	-3.45094	-2.83823	-0.00034526699999999996	-0.09067180000000001	0.41318299999999997	-0.906123	0.0	0.803022	-0.507807	-0.31190999999999997	0.0	-0.589011	-0.755918	-0.28575100000000003	0.0	0.00550129	-3.4174300000000004	-3.36597	0.344183	
3	0.9288069999999999	0.0395569	-0.36844699999999997	0.0	0.336174	0.328359	0.882705	0.0	0.1559	-0.943724	0.291684	0.0	-2.3925	-3.45773	-2.8483400000000003	-0.000262444	-0.09058989999999999	0.41225900000000004	-0.906552	0.0	0.80225	-0.50915	-0.311706	0.0	-0.590074	-0.7555189999999999	-0.284611	0.0	0.00594138	-3.4146400000000003	-3.3637599999999996	0.344139	
3	0.957368	0.078902	-0.277886	0.0	0.23805500000000002	0.329423	0.9136790000000001	0.0	0.163633	-0.9408799999999999	0.296596	0.0	-2.35589	-3.4703800000000005	-2.87321	0.00125086	-0.09071030000000001	0.413579	-0.9059379999999999	0.0	0.8020079999999999	-0.5089520000000001	-0.312651	0.0	-0.590385	-0.754931	-0.285527	0.0	0.00613198	-3.41247	-3.3692900000000003	0.343991	
3	0.9719030000000001	0.121019	-0.201889	0.0	0.159926	0.28982800000000003	0.943623	0.0	0.172709	-0.9493969999999999	0.26233	0.0	-2.33695	-3.5931699999999998	-2.9648	-0.000450264	-0.0911798	0.414959	-0.9052600000000001	0.0	0.80132	-0.509147	-0.31409699999999996	0.0	-0.5912470000000001	-0.754042	-0.286091	0.0	0.00888281	-3.41775	-3.3627	0.343862	
3	0.9782350000000001	0.147129	-0.146323	0.0	0.10336	0.265954	0.9584290000000001	0.0	0.179927	-0.952692	0.24495799999999998	0.0	-2.31062	-3.5737099999999997	-2.96678	-0.000346396	-0.092487	0.416236	-0.904541	0.0	0.800633	-0.508997	-0.31608400000000003	0.0	-0.591973	-0.7534390000000001	-0.286177	0.0	0.00245036	-3.42228	-3.3556199999999996	0.343995	
3	0.980663	0.1941	-0.0250067	0.0	-0.022461900000000003	0.23856599999999997	0.970867	0.0	0.194411	-0.9515309999999999	0.238313	0.0	-2.2744	-3.5474900000000003	-2.99499	-0.00022291599999999998	-0.0976216	0.416685	-0.9037940000000001	0.0	0.799582	-0.507876	-0.32051599999999997	0.0	-0.592569	-0.753947	-0.283594	0.0	-0.019485099999999998	-3.43985	-3.34197	0.344023	
3	0.9625809999999999	0.255258	0.0910034	0.0	-0.143439	0.194999	0.970258	0.0	0.22992100000000001	-0.9470049999999999	0.22431700000000002	0.0	-2.63881	-3.5954099999999998	-3.03821	-0.00069046	-0.098772	0.416283	-0.903854	0.0	0.7991590000000001	-0.508037	-0.321314	0.0	-0.592949	-0.754061	-0.282496	0.0	-0.029339099999999996	-3.44624	-3.33061	0.344055	
3	0.945472	0.297668	0.132202	0.0	-0.186276	0.161227	0.9691780000000001	0.0	0.267179	-0.9409569999999999	0.207884	0.0	-2.5885	-3.53989	-3.01689	0.0	-0.09875260000000001	0.417008	-0.9035219999999999	0.0	0.798686	-0.508389	-0.321934	0.0	-0.59359	-0.753422	-0.282853	0.0	-0.033820300000000005	-3.4491199999999997	-3.33132	0.344018	
3	0.9424950000000001	0.320031	0.0963493	0.0	-0.164689	0.193852	0.967108	0.0	0.29082800000000003	-0.9273629999999999	0.23540999999999998	0.0	-2.50501	-3.39879	-2.95217	0.0314668	-0.10351600000000001	0.41969799999999996	-0.901742	0.0	0.798243	-0.50581	-0.327054	0.0	-0.593374	-0.753664	-0.28266199999999997	0.0	-0.0406913	-3.45393	-3.33667	0.344107	
3	0.9350459999999999	0.342146	0.0928684	0.0	-0.16854	0.19853800000000002	0.965493	0.0	0.311902	-0.9184329999999999	0.24330700000000002	0.0	-2.48771	-3.3633800000000003	-2.93078	0.346916	-0.106879	0.419616	-0.901387	0.0	0.79899	-0.50333	-0.329049	0.0	-0.59177	-0.755368	-0.28147300000000003	0.0	-0.0416225	-3.46195	-3.3406599999999997	0.344229	
3	0.9121959999999999	0.377963	0.158245	0.0	-0.24948299999999998	0.20595300000000002	0.946225	0.0	0.325047	-0.9026219999999999	0.282165	0.0	-2.37134	-3.1766099999999997	-2.7518599999999998	0.355448	-0.107446	0.421677	-0.900358	0.0	0.799972	-0.5010560000000001	-0.33013200000000004	0.0	-0.5903390000000001	-0.755732	-0.283493	0.0	-0.033308	-3.48014	-3.35963	0.344017	
3	0.8909889999999999	0.411937	0.190911	0.0	-0.2894	0.19128199999999998	0.937901	0.0	0.34983800000000004	-0.8909090000000001	0.289645	0.0	-2.23877	-2.99205	-2.5571099999999998	0.356541	-0.10862899999999999	0.42363599999999996	-0.8992959999999999	0.0	0.7993100000000001	-0.500625	-0.332384	0.0	-0.591019	-0.754922	-0.28423400000000004	0.0	-0.025662599999999997	-3.5010000000000003	-3.37817	0.343998	
3	0.8692110000000001	0.43530100000000005	0.234487	0.0	-0.342017	0.186857	0.9209280000000001	0.0	0.357065	-0.8806799999999999	0.311299	0.0	-2.1717400000000002	-2.8685099999999997	-2.53963	0.356454	-0.111322	0.42205699999999996	-0.899708	0.0	0.798063	-0.501528	-0.334014	0.0	-0.592202	-0.755207	-0.280997	0.0	-0.022074299999999998	-3.51379	-3.3839599999999996	0.34405399999999997	
3	0.845448	0.461747	0.268343	0.0	-0.396671	0.20649699999999999	0.8944340000000001	0.0	0.35759	-0.86264	0.357744	0.0	-2.1189299999999998	-2.8193099999999998	-2.5129599999999996	0.357007	-0.113498	0.422087	-0.899423	0.0	0.7981590000000001	-0.500361	-0.335532	0.0	-0.591659	-0.7559640000000001	-0.280102	0.0	-0.025278099999999998	-3.5252800000000004	-3.3737699999999995	0.344172	
3	0.8254020000000001	0.479199	0.298462	0.0	-0.446617	0.230888	0.8644209999999999	0.0	0.34531799999999996	-0.846793	0.404594	0.0	-2.02643	-2.7912	-2.4226	0.35617600000000005	-0.114376	0.42289399999999994	-0.898932	0.0	0.799508	-0.497911	-0.335964	0.0	-0.589665	-0.7571289999999999	-0.281158	0.0	-0.0192819	-3.53844	-3.38985	0.343941	
3	0.815033	0.483389	0.31946199999999997	0.0	-0.477346	0.24766100000000002	0.843092	0.0	0.328423	-0.839642	0.432596	0.0	-1.92677	-2.7443400000000002	-2.33967	0.357009	-0.11595499999999999	0.423975	-0.89822	0.0	0.800477	-0.49549799999999994	-0.33721999999999996	0.0	-0.58804	-0.758107	-0.281927	0.0	-0.000155061	-3.5524400000000003	-3.4057699999999995	0.343948	
3	0.8101430000000001	0.46389300000000006	0.358429	0.0	-0.510957	0.259029	0.819651	0.0	0.287387	-0.847176	0.44688	0.0	-1.8665	-2.7320900000000004	-2.28068	0.355741	-0.117757	0.42384499999999997	-0.8980469999999999	0.0	0.800354	-0.494832	-0.338489	0.0	-0.587849	-0.7586149999999999	-0.280956	0.0	0.0201261	-3.5652199999999996	-3.4175	0.343875	
3	0.810865	0.444449	0.38074	0.0	-0.528159	0.275514	0.803207	0.0	0.252085	-0.852383	0.45814399999999994	0.0	-1.81792	-2.73569	-2.21495	0.355004	-0.117995	0.423417	-0.8982180000000001	0.0	0.801295	-0.49366000000000004	-0.337973	0.0	-0.586518	-0.759617	-0.281033	0.0	0.0300075	-3.5712599999999997	-3.42141	0.343842	
3	0.806084	0.42206499999999997	0.414836	0.0	-0.558372	0.310158	0.7694310000000001	0.0	0.19608499999999998	-0.851859	0.48568199999999995	0.0	-1.7809	-2.82563	-2.1062	0.35394699999999996	-0.11871	0.42224300000000003	-0.8986770000000001	0.0	0.8006479999999999	-0.49459200000000003	-0.338144	0.0	-0.5872569999999999	-0.759664	-0.279355	0.0	0.0360886	-3.5753	-3.415	0.34376100000000004	
3	0.799778	0.387755	0.458259	0.0	-0.581344	0.30999499999999997	0.752292	0.0	0.149647	-0.868072	0.473346	0.0	-1.73107	-2.88896	-2.01947	0.354071	-0.11813399999999999	0.42198500000000005	-0.8988729999999999	0.0	0.800658	-0.49495600000000006	-0.337588	0.0	-0.58736	-0.759571	-0.27939400000000003	0.0	0.0384949	-3.5718900000000002	-3.4179699999999995	0.343773	
3	0.802326	0.35930500000000004	0.476626	0.0	-0.5860529999999999	0.322767	0.743212	0.0	0.1132	-0.875626	0.46953599999999995	0.0	-1.69996	-2.94528	-1.9722400000000002	0.354035	-0.11906300000000002	0.421584	-0.8989389999999999	0.0	0.799962	-0.495554	-0.338359	0.0	-0.588119	-0.7594029999999999	-0.27825	0.0	0.0384802	-3.565	-3.41245	0.343649	
3	0.8230360000000001	0.285648	0.49093400000000004	0.0	-0.565631	0.333516	0.754208	0.0	0.05170399999999999	-0.8984280000000001	0.436067	0.0	-1.77823	-2.94733	-1.9251900000000002	0.353811	-0.11909700000000001	0.422922	-0.8983059999999999	0.0	0.799955	-0.495043	-0.339123	0.0	-0.588123	-0.758992	-0.27936	0.0	0.041891500000000005	-3.5684199999999997	-3.4119699999999997	0.343697	
3	0.8271290000000001	0.254793	0.500937	0.0	-0.561443	0.334524	0.756885	0.0	0.0252732	-0.9072889999999999	0.41974700000000004	0.0	-1.85043	-2.90082	-1.90209	0.35335	-0.11951099999999999	0.424314	-0.897594	0.0	0.7993180000000001	-0.49513500000000005	-0.340488	0.0	-0.588904	-0.758155	-0.279988	0.0	0.042676099999999995	-3.5746	-3.41635	0.343643	
3	0.819509	0.242839	0.519071	0.0	-0.572915	0.326315	0.7518560000000001	0.0	0.013199100000000002	-0.913536	0.406544	0.0	-1.8672400000000002	-2.87689	-1.87084	0.353716	-0.119362	0.423684	-0.897911	0.0	0.798077	-0.497042	-0.340622	0.0	-0.590615	-0.757259	-0.278805	0.0	0.0431311	-3.57905	-3.4191800000000003	0.343667	
3	0.829873	0.216917	0.5140600000000001	0.0	-0.5578770000000001	0.33773200000000003	0.758096	0.0	-0.00917059	-0.915906	0.40128800000000003	0.0	-1.87363	-2.85354	-1.8258299999999998	0.355567	-0.11949800000000001	0.421347	-0.898992	0.0	0.7973779999999999	-0.49875600000000003	-0.339752	0.0	-0.591531	-0.757436	-0.276372	0.0	0.0379851	-3.57668	-3.4093400000000003	0.343629	
3	0.9315040000000001	0.0879921	0.352927	0.0	-0.362252	0.31183299999999997	0.8783700000000001	0.0	-0.0327648	-0.9460540000000001	0.322349	0.0	-1.9383299999999999	-2.79013	-1.76816	0.351997	-0.11969500000000001	0.42040200000000005	-0.899408	0.0	0.798058	-0.498145	-0.33905100000000005	0.0	-0.5905729999999999	-0.758362	-0.27588	0.0	0.0345216	-3.5741099999999997	-3.3989199999999995	0.343697	
3	0.9953930000000001	0.0933105	-0.022023400000000002	0.0	-0.00195391	0.24940700000000002	0.968397	0.0	0.09585439999999999	-0.963893	0.24844000000000002	0.0	-1.96302	-2.6870700000000003	-1.72948	0.352124	-0.12051600000000001	0.42269700000000004	-0.898223	0.0	0.800211	-0.494105	-0.339887	0.0	-0.587485	-0.759729	-0.2787	0.0	0.037126400000000004	-3.58435	-3.4041900000000003	0.343572	
3	0.9447190000000001	0.0964674	-0.31337	0.0	0.289056	0.2061	0.9348639999999999	0.0	0.15476900000000002	-0.973764	0.166822	0.0	-1.8708599999999997	-2.546	-1.72584	0.35278400000000004	-0.12026700000000001	0.42419300000000004	-0.89755	0.0	0.800812	-0.492882	-0.34024699999999997	0.0	-0.586716	-0.7596890000000001	-0.280422	0.0	0.04647009999999999	-3.59295	-3.40886	0.343533	
3	0.85231	0.0239008	-0.522491	0.0	0.5107430000000001	0.17729	0.841255	0.0	0.112739	-0.9838680000000001	0.138899	0.0	-1.7821799999999999	-2.4348099999999997	-1.66828	0.351511	-0.11946300000000001	0.42277200000000004	-0.898328	0.0	0.799617	-0.49535799999999997	-0.339462	0.0	-0.588508	-0.758871	-0.278879	0.0	0.0489481	-3.59361	-3.4033900000000004	0.343459	
3	0.669503	-0.06695620000000001	-0.739785	0.0	0.734472	0.20847	0.645826	0.0	0.110981	-0.975734	0.188749	0.0	-1.6962099999999998	-2.3546	-1.53758	0.34875700000000004	-0.12071199999999999	0.42177200000000004	-0.898631	0.0	0.798796	-0.496184	-0.340185	0.0	-0.589367	-0.758887	-0.277014	0.0	0.043853699999999995	-3.5926099999999996	-3.40371	0.343475	
3	0.603895	-0.0966241	-0.791185	0.0	0.789312	0.21059299999999997	0.576747	0.0	0.110891	-0.9727870000000001	0.203443	0.0	-1.66565	-2.3563099999999997	-1.4964600000000001	0.346208	-0.122057	0.421242	-0.898697	0.0	0.798508	-0.4961	-0.340985	0.0	-0.589481	-0.759236	-0.27581300000000003	0.0	0.043506699999999995	-3.5969599999999997	-3.4032400000000003	0.34334899999999996	
3	0.46797700000000003	-0.173997	-0.8664430000000001	0.0	0.881891	0.155349	0.44512399999999996	0.0	0.057151	-0.9724149999999999	0.226146	0.0	-1.6638700000000002	-2.5249900000000003	-1.41773	0.345021	-0.123644	0.418167	-0.8999159999999999	0.0	0.797782	-0.497425	-0.340752	0.0	-0.590132	-0.7600680000000001	-0.27210300000000004	0.0	0.0383895	-3.60373	-3.38881	0.34333600000000003	
3	0.42903100000000005	-0.196992	-0.881548	0.0	0.902224	0.140852	0.407618	0.0	0.043870400000000004	-0.9702350000000001	0.238161	0.0	-1.6801599999999999	-2.60928	-1.3879299999999999	0.344901	-0.12428499999999999	0.41798	-0.899914	0.0	0.797729	-0.497252	-0.341129	0.0	-0.59007	-0.760285	-0.27163400000000004	0.0	0.0374298	-3.6058199999999996	-3.3858699999999997	0.343316	
3	0.391714	-0.211851	-0.895365	0.0	0.9200790000000001	0.08622010000000001	0.382126	0.0	-0.00375524	-0.973491	0.22869299999999998	0.0	-1.73745	-2.74629	-1.38444	0.344816	-0.12459400000000001	0.415626	-0.900961	0.0	0.797725	-0.497997	-0.34005	0.0	-0.59001	-0.761087	-0.26950799999999997	0.0	0.034002	-3.61266	-3.3583199999999995	0.34315500000000004	
3	0.390523	-0.220612	-0.893769	0.0	0.919273	0.0414815	0.391428	0.0	-0.0492789	-0.9744790000000001	0.21900300000000003	0.0	-1.7986799999999998	-2.84959	-1.43927	0.34557899999999997	-0.124624	0.41376	-0.901816	0.0	0.7982020000000001	-0.498068	-0.338823	0.0	-0.589357	-0.762057	-0.268192	0.0	0.0337399	-3.6123	-3.34481	0.343413	
3	0.385811	-0.23069800000000001	-0.8932680000000001	0.0	0.918969	0.0105421	0.39418800000000004	0.0	-0.0815216	-0.972968	0.216072	0.0	-1.87842	-2.9397900000000003	-1.46804	0.346029	-0.12501199999999998	0.41281599999999996	-0.9021950000000001	0.0	0.798408	-0.497968	-0.338485	0.0	-0.588996	-0.762634	-0.267344	0.0	0.0343336	-3.61091	-3.32948	0.34319299999999997	
3	0.401634	-0.22383000000000003	-0.888026	0.0	0.9111469999999999	3.73721e-05	0.41208100000000003	0.0	-0.0922028	-0.974628	0.203957	0.0	-1.9123700000000001	-2.99721	-1.48306	0.346097	-0.12456600000000001	0.41213	-0.9025700000000001	0.0	0.7984439999999999	-0.498396	-0.33777199999999996	0.0	-0.589043	-0.762726	-0.26698	0.0	0.037894300000000006	-3.611	-3.3254699999999997	0.343129	
3	0.43195500000000003	-0.234571	-0.870857	0.0	0.8918889999999999	-0.0323322	0.451097	0.0	-0.133971	-0.971561	0.195245	0.0	-1.97527	-3.13635	-1.53003	0.341987	-0.124626	0.409248	-0.9038719999999999	0.0	0.797148	-0.5011180000000001	-0.336804	0.0	-0.5907819999999999	-0.762494	-0.263779	0.0	0.037714300000000006	-3.6103400000000003	-3.29579	0.343064	
3	0.44523199999999996	-0.24923499999999998	-0.860029	0.0	0.88155	-0.04636319999999999	0.46980900000000003	0.0	-0.156967	-0.967332	0.199071	0.0	-2.00552	-3.24822	-1.52138	0.305396	-0.124048	0.40783	-0.9045920000000001	0.0	0.79608	-0.503297	-0.336077	0.0	-0.592341	-0.761818	-0.262233	0.0	0.035765899999999996	-3.60644	-3.2856699999999996	0.343073	
3	0.461954	-0.27469299999999996	-0.843292	0.0	0.869202	-0.048800300000000005	0.492044	0.0	-0.176314	-0.9602930000000001	0.21622	0.0	-2.03654	-3.33678	-1.5176	0.223289	-0.125123	0.40674	-0.904935	0.0	0.795086	-0.504467	-0.336677	0.0	-0.593449	-0.761627	-0.260273	0.0	0.033702499999999996	-3.6037800000000004	-3.27604	0.343177	
3	0.489226	-0.30836199999999997	-0.815825	0.0	0.8542959999999999	-0.018909799999999997	0.519443	0.0	-0.175604	-0.951081	0.254181	0.0	-2.14114	-3.3968	-1.55453	0.0006905339999999999	-0.126025	0.406262	-0.9050239999999999	0.0	0.793497	-0.506249	-0.33774899999999997	0.0	-0.595382	-0.760699	-0.25856799999999996	0.0	0.0342068	-3.59534	-3.2677	0.343195	
3	0.5057520000000001	-0.32928	-0.7973640000000001	0.0	0.851375	0.04137469999999999	0.5229239999999999	0.0	-0.13919700000000002	-0.943325	0.301266	0.0	-2.16731	-3.3992400000000003	-1.58986	0.00487059	-0.126414	0.404065	-0.9059530000000001	0.0	0.7917	-0.509174	-0.337568	0.0	-0.597688	-0.759917	-0.255531	0.0	0.0330607	-3.5882699999999996	-3.26234	0.343062	
3	0.504877	-0.341767	-0.792651	0.0	0.854932	0.071257	0.5138229999999999	0.0	-0.119126	-0.9370799999999999	0.32816300000000004	0.0	-2.18403	-3.40165	-1.61009	0.00509781	-0.12679400000000002	0.402408	-0.9066379999999999	0.0	0.79085	-0.510692	-0.337269	0.0	-0.5987319999999999	-0.759778	-0.253492	0.0	0.0280108	-3.5784599999999998	-3.25041	0.343195	
3	0.513469	-0.343074	-0.786543	0.0	0.8554309999999999	0.132302	0.500734	0.0	-0.0677278	-0.9299440000000001	0.36140900000000004	0.0	-2.23837	-3.4019999999999997	-1.6359	0.00231612	-0.127716	0.40188	-0.906742	0.0	0.789502	-0.512161	-0.33819899999999997	0.0	-0.600313	-0.7590680000000001	-0.251874	0.0	0.0231092	-3.56395	-3.2307099999999997	0.343144	
3	0.512568	-0.338179	-0.789246	0.0	0.858559	0.18870499999999998	0.476725	0.0	-0.012283200000000001	-0.921968	0.387071	0.0	-2.29041	-3.40374	-1.66235	0.00168432	-0.12783	0.403071	-0.9061969999999999	0.0	0.788826	-0.512516	-0.339237	0.0	-0.6011770000000001	-0.758196	-0.252438	0.0	0.0245887	-3.56065	-3.23548	0.34313899999999997	
3	0.517614	-0.327479	-0.790464	0.0	0.8555200000000001	0.211759	0.47248599999999996	0.0	0.0126589	-0.920824	0.38977399999999995	0.0	-2.31094	-3.40266	-1.6642700000000001	0.00182698	-0.127608	0.40379299999999996	-0.905907	0.0	0.788281	-0.5130359999999999	-0.33971599999999996	0.0	-0.6019369999999999	-0.75746	-0.252835	0.0	0.025692400000000004	-3.55881	-3.23763	0.343171	
3	0.554084	-0.291003	-0.779941	0.0	0.831226	0.24441999999999997	0.49932200000000004	0.0	0.0453287	-0.924974	0.377318	0.0	-2.32912	-3.39665	-1.65094	0.00300997	-0.127551	0.404014	-0.905816	0.0	0.787036	-0.5145430000000001	-0.340323	0.0	-0.603577	-0.756318	-0.252343	0.0	0.0237355	-3.55968	-3.23378	0.34313299999999997	
