0	0.207143	0.837052	-0.506396	0.0	0.359264	0.416371	0.835203	0.0	0.909957	-0.35493600000000003	-0.21447399999999997	0.0	-2.75981	2.01742	1.3368	0.0	-0.331972	0.803442	-0.494242	0.0	0.5250520000000001	-0.27789899999999995	-0.80442	0.0	-0.783655	-0.5265479999999999	-0.329594	0.0	2.64679	2.0164299999999997	1.55315	-1.63782e-05	
0	0.055116099999999994	0.8679040000000001	-0.49366499999999996	0.0	0.22018000000000001	0.471681	0.8538370000000001	0.0	0.973901	-0.155755	-0.165098	0.0	-2.82742	2.0449	1.27027	0.0	-0.12116600000000001	0.874231	-0.470149	0.0	0.370793	-0.399491	-0.8384030000000001	0.0	-0.9207780000000001	-0.275914	-0.275754	0.0	2.73939	2.0312099999999997	1.45335	0.0	
0	0.032486900000000006	0.858979	-0.51098	0.0	0.21345	0.493492	0.843152	0.0	0.9764139999999999	-0.13646	-0.167317	0.0	-2.80863	2.05402	1.24158	0.0	-0.106768	0.880239	-0.46236400000000005	0.0	0.38309299999999996	-0.392701	-0.8360780000000001	0.0	-0.9175190000000001	-0.266395	-0.29528499999999996	0.0	2.73274	2.0571099999999998	1.40024	0.0	
0	0.0201023	0.8497979999999999	-0.526726	0.0	0.219642	0.510208	0.8315319999999999	0.0	0.975374	-0.132407	-0.176395	0.0	-2.78781	2.09842	1.24285	0.0	-0.10045599999999999	0.878374	-0.46729899999999996	0.0	0.37306999999999996	-0.402152	-0.836118	0.0	-0.922349	-0.258329	-0.28729699999999997	0.0	2.77157	2.0705299999999998	1.37934	0.0	
0	-0.00449264	0.8328840000000001	-0.553429	0.0	0.22564099999999998	0.540006	0.810851	0.0	0.9742	-0.121233	-0.190359	0.0	-2.7822	2.17813	1.2468	0.357715	-0.13378199999999998	0.911374	-0.389231	0.0	0.342402	-0.326065	-0.88116	0.0	-0.9299799999999999	-0.251157	-0.268435	0.0	2.7803299999999997	2.13492	1.39688	0.362799	
0	0.0281437	0.847433	-0.5301560000000001	0.0	0.239317	0.509229	0.8266879999999999	0.0	0.970533	-0.150142	-0.188474	0.0	-2.63632	2.2452900000000002	1.27231	0.34770300000000004	-0.148517	0.912918	-0.380162	0.0	0.371799	-0.304675	-0.876892	0.0	-0.916356	-0.271577	-0.294173	0.0	2.69988	2.18887	1.36564	0.359189	
0	0.048955599999999995	0.851582	-0.521931	0.0	0.273284	0.49119700000000005	0.827068	0.0	0.9606870000000001	-0.183125	-0.208677	0.0	-2.62354	2.30625	1.26857	0.347912	-0.172324	0.8905420000000001	-0.42099899999999996	0.0	0.402424	-0.326452	-0.855268	0.0	-0.8990879999999999	-0.316803	-0.30212	0.0	2.72827	2.2284599999999997	1.3238299999999998	0.358901	
0	0.0841107	0.8520979999999999	-0.51658	0.0	0.284754	0.476245	0.8319290000000001	0.0	0.9549030000000001	-0.217073	-0.20258099999999998	0.0	-2.6288	2.34523	1.2630700000000001	0.34670500000000004	-0.151162	0.8611840000000001	-0.485296	0.0	0.44071499999999997	-0.380731	-0.812904	0.0	-0.8848280000000001	-0.336758	-0.32198499999999997	0.0	2.7133	2.31346	1.26152	0.359325	
0	0.12855	0.8242790000000001	-0.5513979999999999	0.0	0.335018	0.487228	0.8064560000000001	0.0	0.933401	-0.28839899999999996	-0.213515	0.0	-2.64091	2.35252	1.199	0.344893	-0.148599	0.774694	-0.614629	0.0	0.515386	-0.469775	-0.716721	0.0	-0.8439760000000001	-0.423275	-0.329458	0.0	2.67944	2.2798599999999998	1.1954200000000001	0.358747	
0	0.27128	0.739136	-0.6165109999999999	0.0	0.422871	0.48387299999999994	0.7661899999999999	0.0	0.8646309999999999	-0.46855600000000003	-0.181294	0.0	-2.62958	2.0032900000000002	0.9956889999999999	0.34676599999999996	-0.21139699999999997	0.69962	-0.682527	0.0	0.592055	-0.463955	-0.6589510000000001	0.0	-0.7776770000000001	-0.5433939999999999	-0.316135	0.0	2.54003	1.9853599999999998	0.98731	0.358779	
0	0.361379	0.611687	-0.7037359999999999	0.0	0.496409	0.512675	0.70053	0.0	0.789293	-0.602498	-0.118377	0.0	-2.62458	1.38429	0.627981	0.349261	-0.25291399999999997	0.6311220000000001	-0.733294	0.0	0.64662	-0.45352299999999995	-0.613352	0.0	-0.719665	-0.629288	-0.293394	0.0	2.3263700000000003	1.49696	0.568662	0.359204	
0	0.41922299999999996	0.521035	-0.743488	0.0	0.548229	0.507479	0.664764	0.0	0.72367	-0.686286	-0.0728995	0.0	-2.67985	0.819133	0.274381	0.34872	-0.269461	0.5828369999999999	-0.7666109999999999	0.0	0.7076	-0.42013900000000004	-0.568142	0.0	-0.653217	-0.695546	-0.29920399999999997	0.0	2.2197400000000003	1.06549	0.122796	0.35876199999999997	
0	0.40591700000000003	0.42854899999999996	-0.807203	0.0	0.60527	0.535709	0.5887819999999999	0.0	0.6847479999999999	-0.7275729999999999	-0.0419338	0.0	-2.7771	0.315463	-0.129441	0.349932	-0.26153699999999996	0.5328189999999999	-0.8048	0.0	0.745865	-0.41765399999999997	-0.518893	0.0	-0.612604	-0.735982	-0.288179	0.0	2.1712	0.628286	-0.313477	0.358222	
0	0.371696	0.375952	-0.848824	0.0	0.655583	0.541082	0.5267270000000001	0.0	0.657308	-0.752257	-0.0453501	0.0	-2.86044	-0.0935031	-0.546711	0.34965799999999997	-0.244387	0.499942	-0.8308629999999999	0.0	0.770841	-0.41966800000000004	-0.47925200000000007	0.0	-0.5882850000000001	-0.757586	-0.282815	0.0	2.11939	0.224412	-0.7124560000000001	0.35779099999999997	
0	0.324967	0.35677	-0.875849	0.0	0.697237	0.535319	0.476754	0.0	0.638951	-0.7656029999999999	-0.0747924	0.0	-2.97877	-0.41881899999999994	-1.02945	0.350122	-0.216821	0.467767	-0.856844	0.0	0.788369	-0.433742	-0.43628199999999995	0.0	-0.575728	-0.770105	-0.274729	0.0	2.05885	-0.15583	-1.10626	0.357319	
0	0.295128	0.35430700000000004	-0.887337	0.0	0.728055	0.518018	0.448992	0.0	0.618737	-0.77854	-0.105073	0.0	-3.04376	-0.634245	-1.30185	0.35033400000000003	-0.209709	0.46495	-0.8601409999999999	0.0	0.803201	-0.419738	-0.422716	0.0	-0.5575760000000001	-0.779514	-0.285426	0.0	1.9940099999999998	-0.41638000000000003	-1.3925299999999998	0.356788	
0	0.272121	0.36040500000000003	-0.8922209999999999	0.0	0.746021	0.506629	0.43218	0.0	0.607785	-0.7832210000000001	-0.13100599999999998	0.0	-3.0663400000000003	-0.8255610000000001	-1.5669600000000001	0.34965999999999997	-0.201126	0.455143	-0.8674059999999999	0.0	0.8207780000000001	-0.405026	-0.40283800000000003	0.0	-0.534671	-0.7929689999999999	-0.29211	0.0	1.9679099999999998	-0.645807	-1.6375899999999999	0.356155	
0	0.252274	0.382971	-0.8886459999999999	0.0	0.76412	0.484605	0.42576800000000004	0.0	0.593699	-0.786442	-0.17038299999999998	0.0	-3.1188	-0.989108	-1.8268400000000002	0.349066	-0.175584	0.43871000000000004	-0.881308	0.0	0.8294360000000001	-0.41629099999999997	-0.37247600000000003	0.0	-0.530289	-0.796389	-0.290788	0.0	1.9791900000000002	-0.880808	-1.8416700000000001	0.347156	
0	0.23200300000000001	0.402895	-0.8853530000000001	0.0	0.7719199999999999	0.47756899999999997	0.419604	0.0	0.591874	-0.780771	-0.200205	0.0	-3.14701	-1.16155	-2.0280099999999996	0.348747	-0.16855499999999998	0.439247	-0.8824120000000001	0.0	0.835606	-0.41116899999999995	-0.36428499999999997	0.0	-0.522831	-0.798751	-0.29773299999999997	0.0	1.99752	-1.11325	-2.0119700000000003	0.347087	
0	0.217007	0.43473100000000003	-0.874024	0.0	0.7903180000000001	0.447304	0.418709	0.0	0.572979	-0.781619	-0.246507	0.0	-3.21145	-1.35835	-2.26212	0.348143	-0.145351	0.41383400000000004	-0.8986729999999999	0.0	0.832933	-0.439014	-0.336882	0.0	-0.5339430000000001	-0.797501	-0.280885	0.0	2.0828	-1.51576	-2.14652	0.34684699999999996	
0	0.20785	0.464359	-0.8609120000000001	0.0	0.8006260000000001	0.42487700000000006	0.422466	0.0	0.5619569999999999	-0.7770779999999999	-0.283467	0.0	-3.30384	-1.48911	-2.37678	0.34666399999999997	-0.125601	0.403378	-0.906372	0.0	0.811001	-0.48445699999999997	-0.327991	0.0	-0.571403	-0.776265	-0.26629200000000003	0.0	2.22487	-1.80522	-2.14063	0.356846	
0	0.17288900000000001	0.478469	-0.860916	0.0	0.764329	0.48612	0.423662	0.0	0.621218	-0.731269	-0.281663	0.0	-3.4241	-1.6631	-2.5583299999999998	0.341001	-0.04784890000000001	0.373434	-0.926422	0.0	0.7596609999999999	-0.588611	-0.276501	0.0	-0.648556	-0.716997	-0.255519	0.0	2.27069	-1.9196099999999998	-2.1501900000000003	0.358846	
0	0.0805712	0.524945	-0.8473139999999999	0.0	0.758812	0.5189	0.393635	0.0	0.646307	-0.674667	-0.356526	0.0	-3.42847	-1.64211	-2.7247	0.341099	-0.048105699999999994	0.372227	-0.926894	0.0	0.756966	-0.591855	-0.276966	0.0	-0.6516810000000001	-0.714951	-0.253292	0.0	2.25183	-1.93825	-2.1585	0.35783000000000004	
0	0.08299119999999999	0.522235	-0.8487540000000001	0.0	0.757606	0.5202439999999999	0.394183	0.0	0.647415	-0.6757340000000001	-0.352473	0.0	-3.39509	-1.64877	-2.76145	0.341851	-0.047843000000000004	0.37356	-0.9263709999999999	0.0	0.7568590000000001	-0.591659	-0.27767600000000003	0.0	-0.651825	-0.714417	-0.25442600000000004	0.0	2.23736	-1.94075	-2.1606099999999997	0.358073	
0	0.0842283	0.522705	-0.848342	0.0	0.756638	0.5204340000000001	0.39578800000000003	0.0	0.6483869999999999	-0.6752239999999999	-0.351663	0.0	-3.38046	-1.65504	-2.76328	0.34195	-0.048469099999999994	0.36844099999999996	-0.9283870000000001	0.0	0.757797	-0.591949	-0.274484	0.0	-0.650688	-0.716832	-0.250512	0.0	2.22953	-1.95055	-2.13855	0.357637	
0	0.0830515	0.522835	-0.8483790000000001	0.0	0.756558	0.5210279999999999	0.39515900000000004	0.0	0.648632	-0.674666	-0.35228200000000004	0.0	-3.38121	-1.65567	-2.76347	0.341758	-0.048042400000000006	0.37023	-0.9276969999999999	0.0	0.754692	-0.594959	-0.276522	0.0	-0.6543180000000001	-0.71341	-0.250827	0.0	2.2302299999999997	-1.95507	-2.12696	0.357957	
0	0.0838949	0.526292	-0.8461549999999999	0.0	0.757021	0.518518	0.397565	0.0	0.647982	-0.6739109999999999	-0.35491300000000003	0.0	-3.40714	-1.65252	-2.7568799999999998	0.341959	-0.048708600000000005	0.37239099999999997	-0.926797	0.0	0.752786	-0.596166	-0.279105	0.0	-0.656461	-0.711275	-0.251293	0.0	2.22863	-1.95809	-2.11599	0.358026	
0	0.0843193	0.5218020000000001	-0.8488889999999999	0.0	0.7584770000000001	0.518888	0.394293	0.0	0.6462220000000001	-0.677109	-0.352023	0.0	-3.43875	-1.66345	-2.71863	0.34333800000000003	-0.0520038	0.37106300000000003	-0.92715	0.0	0.757451	-0.590386	-0.278769	0.0	-0.650818	-0.7167680000000001	-0.25035999999999997	0.0	2.22338	-1.95754	-2.11652	0.35797399999999996	
0	0.0842877	0.5219229999999999	-0.8488180000000001	0.0	0.758464	0.518861	0.394354	0.0	0.646241	-0.677037	-0.352126	0.0	-3.4384	-1.6633799999999999	-2.7192	0.34326599999999996	-0.051863099999999995	0.371067	-0.927157	0.0	0.7573479999999999	-0.590546	-0.278713	0.0	-0.650949	-0.716635	-0.2504	0.0	2.22474	-1.9569599999999998	-2.11848	0.357957	
0	0.0842859	0.521928	-0.848815	0.0	0.758463	0.518861	0.394356	0.0	0.646243	-0.677034	-0.35213	0.0	-3.43837	-1.66337	-2.71924	0.34326599999999996	-0.0518615	0.371069	-0.927156	0.0	0.7573449999999999	-0.590548	-0.27871399999999996	0.0	-0.6509520000000001	-0.7166319999999999	-0.2504	0.0	2.22473	-1.95697	-2.11847	0.357957	
0	0.0842859	0.521928	-0.848815	0.0	0.758463	0.518861	0.394356	0.0	0.646243	-0.677034	-0.35213	0.0	-3.43837	-1.66337	-2.71924	0.34326599999999996	-0.0518615	0.371069	-0.927156	0.0	0.7573449999999999	-0.590548	-0.27871399999999996	0.0	-0.6509520000000001	-0.7166319999999999	-0.2504	0.0	2.22473	-1.95697	-2.11847	0.357957	
0	0.084286	0.521928	-0.848815	0.0	0.758463	0.518861	0.394356	0.0	0.646243	-0.677034	-0.35213	0.0	-3.43837	-1.66337	-2.71924	0.34326599999999996	-0.0518615	0.371069	-0.927156	0.0	0.7573449999999999	-0.590548	-0.27871399999999996	0.0	-0.6509520000000001	-0.7166319999999999	-0.2504	0.0	2.22473	-1.95697	-2.11847	0.357957	
0	0.0842859	0.521928	-0.848815	0.0	0.758463	0.518861	0.394356	0.0	0.646243	-0.677034	-0.35213	0.0	-3.43837	-1.66337	-2.71924	0.34326599999999996	-0.0518615	0.371069	-0.927156	0.0	0.7573449999999999	-0.590548	-0.27871399999999996	0.0	-0.6509520000000001	-0.7166319999999999	-0.2504	0.0	2.22473	-1.95697	-2.11847	0.357957	
0	0.0842859	0.521928	-0.848815	0.0	0.758463	0.518861	0.394356	0.0	0.646243	-0.677034	-0.35213	0.0	-3.43837	-1.66337	-2.71924	0.34326599999999996	-0.0518615	0.371069	-0.927156	0.0	0.7573449999999999	-0.590548	-0.27871399999999996	0.0	-0.6509520000000001	-0.7166319999999999	-0.2504	0.0	2.22473	-1.95697	-2.11847	0.357957	
0	0.0842859	0.521928	-0.848815	0.0	0.758463	0.518861	0.394356	0.0	0.646243	-0.677034	-0.35213	0.0	-3.43837	-1.66337	-2.71924	0.34326599999999996	-0.0518615	0.371069	-0.927156	0.0	0.7573449999999999	-0.590548	-0.27871399999999996	0.0	-0.6509520000000001	-0.7166319999999999	-0.2504	0.0	2.22473	-1.95697	-2.11847	0.357957	
0	0.084286	0.521928	-0.848815	0.0	0.758463	0.518861	0.394356	0.0	0.646243	-0.677034	-0.35213	0.0	-3.43837	-1.66337	-2.71924	0.34326599999999996	-0.0518615	0.371069	-0.927156	0.0	0.7573449999999999	-0.590548	-0.27871399999999996	0.0	-0.6509520000000001	-0.7166319999999999	-0.2504	0.0	2.22473	-1.95697	-2.11847	0.357957	
0	0.084286	0.521928	-0.848815	0.0	0.758463	0.518861	0.394357	0.0	0.646243	-0.677034	-0.35213	0.0	-3.43837	-1.66337	-2.71924	0.34326599999999996	-0.0518615	0.371069	-0.927156	0.0	0.7573449999999999	-0.590548	-0.27871399999999996	0.0	-0.6509520000000001	-0.7166319999999999	-0.2504	0.0	2.22473	-1.95697	-2.11847	0.357957	
0	0.084286	0.521928	-0.848815	0.0	0.758463	0.518861	0.394357	0.0	0.646243	-0.677034	-0.35213	0.0	-3.43837	-1.66337	-2.71924	0.34326599999999996	-0.0518615	0.371069	-0.927156	0.0	0.7573449999999999	-0.590548	-0.27871399999999996	0.0	-0.6509520000000001	-0.7166319999999999	-0.2504	0.0	2.22473	-1.95697	-2.11847	0.357957	
0	0.084286	0.521928	-0.848815	0.0	0.758463	0.518861	0.394357	0.0	0.646243	-0.677034	-0.35213	0.0	-3.43837	-1.66337	-2.71924	0.34326599999999996	-0.0518615	0.371069	-0.927156	0.0	0.7573449999999999	-0.590548	-0.27871399999999996	0.0	-0.6509520000000001	-0.7166319999999999	-0.2504	0.0	2.22473	-1.95697	-2.11847	0.357957	
0	0.084286	0.521928	-0.848815	0.0	0.758463	0.518861	0.394356	0.0	0.646243	-0.677034	-0.35213	0.0	-3.43837	-1.66337	-2.71924	0.34326599999999996	-0.0518615	0.371069	-0.927156	0.0	0.7573449999999999	-0.590548	-0.27871399999999996	0.0	-0.6509520000000001	-0.7166319999999999	-0.2504	0.0	2.22473	-1.95697	-2.11847	0.357957	
0	0.084286	0.521928	-0.848815	0.0	0.758463	0.518861	0.394356	0.0	0.646243	-0.677034	-0.35213	0.0	-3.43837	-1.66337	-2.71924	0.34326599999999996	-0.0518615	0.371069	-0.927156	0.0	0.7573449999999999	-0.590548	-0.27871399999999996	0.0	-0.6509520000000001	-0.7166319999999999	-0.2504	0.0	2.22473	-1.95697	-2.11847	0.357957	
0	-0.0345683	0.532342	-0.845823	0.0	0.6526069999999999	0.653	0.384312	0.0	0.756908	-0.538705	-0.369983	0.0	-3.45451	-1.7057099999999998	-2.75096	0.356171	0.06736510000000001	0.47484499999999996	-0.8774879999999999	0.0	0.657587	-0.682565	-0.31888099999999997	0.0	-0.750361	-0.555543	-0.35823299999999997	0.0	2.17216	-1.92504	-2.11012	0.338907	
0	-0.0333665	0.535926	-0.8436049999999999	0.0	0.6494449999999999	0.653207	0.389283	0.0	0.759676	-0.534886	-0.36985	0.0	-3.44766	-1.71128	-2.76497	0.355551	0.0658818	0.472938	-0.8786290000000001	0.0	0.654469	-0.685161	-0.319727	0.0	-0.753213	-0.553971	-0.354662	0.0	2.17789	-1.93242	-2.11251	0.33969699999999997	
0	-0.00506149	0.554794	-0.8319719999999999	0.0	0.657064	0.629017	0.41545699999999997	0.0	0.753818	-0.544556	-0.367719	0.0	-3.42844	-1.77435	-2.8622799999999997	0.349587	0.045602	0.47909799999999997	-0.876576	0.0	0.657497	-0.675021	-0.33473200000000003	0.0	-0.752076	-0.561081	-0.345788	0.0	2.1357	-1.9716200000000002	-2.2017900000000004	0.340988	
0	0.0455837	0.547447	-0.835598	0.0	0.6862699999999999	0.590676	0.42442299999999994	0.0	0.725917	-0.592793	-0.348771	0.0	-3.3633699999999997	-2.00759	-3.07613	0.349785	0.014185	0.484967	-0.874417	0.0	0.670412	-0.653433	-0.35153	0.0	-0.741853	-0.581234	-0.334397	0.0	1.99911	-2.08906	-2.42005	0.34619	
0	0.07889689999999999	0.524116	-0.847984	0.0	0.712715	0.5650930000000001	0.41558	0.0	0.697002	-0.637159	-0.328962	0.0	-3.3321099999999997	-2.3249	-3.3614900000000003	0.351527	-0.00487304	0.476497	-0.8791629999999999	0.0	0.6849770000000001	-0.638938	-0.350094	0.0	-0.728549	-0.603912	-0.323276	0.0	1.8134099999999997	-2.22789	-2.73474	0.348625	
0	0.126608	0.47767200000000004	-0.869368	0.0	0.736417	0.5419109999999999	0.404997	0.0	0.6645760000000001	-0.691493	-0.28315500000000005	0.0	-3.3649	-2.64624	-3.6559699999999995	0.352281	-0.0331496	0.46197200000000005	-0.886275	0.0	0.712116	-0.6112920000000001	-0.34527199999999997	0.0	-0.701279	-0.642576	-0.308714	0.0	1.6410200000000001	-2.42368	-3.09279	0.349128	
0	0.17945999999999998	0.412537	-0.8930889999999999	0.0	0.75334	0.5262060000000001	0.394444	0.0	0.632671	-0.743587	-0.216348	0.0	-3.49033	-2.94377	-3.86473	0.353599	-0.055145900000000005	0.437316	-0.897616	0.0	0.728617	-0.5970439999999999	-0.335642	0.0	-0.682697	-0.672528	-0.285711	0.0	1.5142799999999998	-2.61199	-3.4032400000000003	0.348438	
0	0.28677600000000003	0.33826300000000004	-0.896291	0.0	0.756142	0.494542	0.428576	0.0	0.588225	-0.800629	-0.113952	0.0	-3.615	-3.19143	-3.92404	0.354433	-0.0673054	0.41488800000000003	-0.90738	0.0	0.729928	-0.599535	-0.328273	0.0	-0.6802020000000001	-0.684417	-0.26248699999999997	0.0	1.42874	-2.7427599999999996	-3.55939	0.348615	
0	0.399213	0.261915	-0.878652	0.0	0.755323	0.44928500000000005	0.477105	0.0	0.519727	-0.854133	-0.0184696	0.0	-3.8189599999999997	-3.4209	-3.96191	0.354174	-0.077002	0.403073	-0.9119229999999999	0.0	0.727484	-0.602735	-0.327839	0.0	-0.68179	-0.688653	-0.24681799999999998	0.0	1.31508	-2.86781	-3.67975	0.348729	
0	0.470894	0.22918000000000002	-0.851901	0.0	0.742399	0.418699	0.523005	0.0	0.47655299999999995	-0.8787309999999999	0.0270193	0.0	-4.0035099999999995	-3.52679	-4.02842	0.355781	-0.0810883	0.394836	-0.915166	0.0	0.7252430000000001	-0.6064689999999999	-0.325912	0.0	-0.683702	-0.690145	-0.23717399999999997	0.0	1.22326	-2.9657400000000003	-3.7547800000000002	0.348792	
0	0.559767	0.174171	-0.810139	0.0	0.695329	0.433083	0.573547	0.0	0.45075299999999996	-0.884366	0.12132000000000001	0.0	-4.1490800000000005	-3.5806699999999996	-4.03343	0.356211	-0.0848312	0.393329	-0.9154760000000001	0.0	0.7215739999999999	-0.609351	-0.32866799999999996	0.0	-0.687121	-0.688465	-0.23212399999999997	0.0	1.15868	-3.01085	-3.7774300000000003	0.348981	
0	0.6282310000000001	0.141097	-0.765125	0.0	0.6312220000000001	0.48248599999999997	0.6072609999999999	0.0	0.454845	-0.8644639999999999	0.21405	0.0	-4.22412	-3.58344	-3.9742	0.35631399999999996	-0.0880817	0.388047	-0.9174209999999999	0.0	0.7207279999999999	-0.610924	-0.32760300000000003	0.0	-0.687599	-0.690067	-0.225865	0.0	1.10994	-3.06122	-3.8040599999999998	0.34880500000000003	
0	0.685706	0.124349	-0.717178	0.0	0.569659	0.521656	0.635109	0.0	0.45309499999999997	-0.844045	0.286866	0.0	-4.19644	-3.51539	-3.80285	0.356072	-0.0913047	0.388202	-0.917041	0.0	0.719272	-0.611169	-0.330334	0.0	-0.688703	-0.689763	-0.22341999999999998	0.0	1.08293	-3.11944	-3.8321	0.348767	
0	0.721278	0.115444	-0.6829569999999999	0.0	0.530775	0.541373	0.652068	0.0	0.44501199999999996	-0.8328200000000001	0.329206	0.0	-4.14326	-3.3987	-3.63407	0.35634699999999997	-0.093959	0.383139	-0.9189	0.0	0.7181529999999999	-0.613153	-0.32908899999999996	0.0	-0.689513	-0.6908310000000001	-0.21754099999999998	0.0	1.0664200000000001	-3.1629	-3.84312	0.348622	
0	0.736358	0.111116	-0.667405	0.0	0.5065569999999999	0.56338	0.6526890000000001	0.0	0.44852700000000006	-0.818692	0.358562	0.0	-4.03475	-3.2985800000000003	-3.4932800000000004	0.35722600000000004	-0.09463669999999999	0.379556	-0.920316	0.0	0.717903	-0.61444	-0.327229	0.0	-0.6896800000000001	-0.691665	-0.21433600000000003	0.0	1.04905	-3.19487	-3.8433900000000003	0.348485	
0	0.734544	0.0905574	-0.672492	0.0	0.49433999999999995	0.607491	0.621758	0.0	0.464837	-0.789148	0.401462	0.0	-3.89232	-3.2337599999999997	-3.3286300000000004	0.35741300000000004	-0.09644760000000001	0.379368	-0.9202049999999999	0.0	0.7176680000000001	-0.614096	-0.328389	0.0	-0.689674	-0.692074	-0.213033	0.0	1.04198	-3.2089	-3.8009199999999996	0.348258	
0	0.746862	0.06815239999999999	-0.661478	0.0	0.48471400000000003	0.625204	0.611696	0.0	0.455247	-0.7774800000000001	0.433906	0.0	-3.74125	-3.21865	-3.17183	0.35763	-0.0965825	0.38163	-0.9192549999999999	0.0	0.717279	-0.613628	-0.33011	0.0	-0.69006	-0.691245	-0.214469	0.0	1.0386799999999998	-3.22209	-3.7678300000000005	0.34831599999999996	
0	0.736748	0.047880400000000004	-0.67447	0.0	0.48335600000000006	0.6602319999999999	0.574857	0.0	0.47283100000000006	-0.749534	0.46328100000000005	0.0	-3.59458	-3.22467	-3.04695	0.358052	-0.0979818	0.38052199999999997	-0.919567	0.0	0.7171029999999999	-0.613698	-0.33036	0.0	-0.690045	-0.6917939999999999	-0.21274200000000001	0.0	1.04149	-3.23263	-3.7613300000000005	0.348265	
0	0.7398710000000001	-0.0018702999999999999	-0.672746	0.0	0.510035	0.653654	0.559107	0.0	0.438698	-0.756791	0.484573	0.0	-3.44551	-3.25055	-2.94937	0.358719	-0.09940039999999999	0.380653	-0.9193600000000001	0.0	0.716518	-0.613725	-0.331577	0.0	-0.69045	-0.691697	-0.21174	0.0	1.03683	-3.24423	-3.76735	0.348294	
0	0.738708	-0.0535807	-0.6718930000000001	0.0	0.543705	0.636524	0.5470119999999999	0.0	0.398367	-0.769393	0.499338	0.0	-3.43099	-3.25095	-2.9573	0.35882	-0.09943810000000002	0.379875	-0.9196780000000001	0.0	0.7172	-0.613308	-0.33087300000000003	0.0	-0.689736	-0.692495	-0.21145999999999998	0.0	1.03116	-3.25969	-3.7730900000000003	0.348387	
0	0.737865	-0.08035919999999999	-0.670148	0.0	0.571168	0.603355	0.556534	0.0	0.359615	-0.7934140000000001	0.491093	0.0	-3.40953	-3.3225300000000004	-2.95959	0.361175	-0.09863530000000001	0.37601	-0.921351	0.0	0.716765	-0.615416	-0.327889	0.0	-0.690304	-0.692734	-0.20880900000000002	0.0	1.02674	-3.25926	-3.7607199999999996	0.348077	
0	0.735848	-0.09765360000000001	-0.6700689999999999	0.0	0.581212	0.598827	0.550998	0.0	0.347448	-0.794903	0.497403	0.0	-3.4070199999999997	-3.4393199999999995	-2.95878	0.359836	-0.09928780000000001	0.376319	-0.921155	0.0	0.715634	-0.616206	-0.328874	0.0	-0.6913819999999999	-0.691863	-0.20812600000000003	0.0	1.0267600000000001	-3.26463	-3.75665	0.34803	
0	0.7340979999999999	-0.104957	-0.670883	0.0	0.595914	0.573249	0.562381	0.0	0.32555700000000004	-0.812631	0.48336599999999996	0.0	-3.42861	-3.59021	-2.91105	0.35368	-0.0974678	0.37477	-0.9219799999999999	0.0	0.7153510000000001	-0.617688	-0.326704	0.0	-0.6919350000000001	-0.691383	-0.207887	0.0	1.02453	-3.25577	-3.7470199999999996	0.34774	
0	0.735681	-0.11843800000000002	-0.6668930000000001	0.0	0.605192	0.557087	0.568679	0.0	0.304164	-0.821965	0.481516	0.0	-3.4151599999999998	-3.58851	-2.91005	0.35015799999999997	-0.0971422	0.370393	-0.923782	0.0	0.7132970000000001	-0.621394	-0.324158	0.0	-0.694098	-0.69042	-0.203837	0.0	1.0211700000000001	-3.25013	-3.7354199999999995	0.347887	
0	0.737947	-0.138155	-0.660566	0.0	0.61157	0.550756	0.568022	0.0	0.28533600000000003	-0.823153	0.49091999999999997	0.0	-3.40194	-3.5885	-2.91805	0.349508	-0.0965778	0.370312	-0.9238729999999999	0.0	0.71243	-0.622479	-0.32398000000000005	0.0	-0.695066	-0.689484	-0.203704	0.0	1.0169	-3.24641	-3.72988	0.347746	
0	0.741109	-0.148979	-0.654647	0.0	0.614885	0.54213	0.572723	0.0	0.26958000000000004	-0.826983	0.493382	0.0	-3.3907	-3.5881800000000004	-2.92156	0.347175	-0.09718330000000001	0.369856	-0.9239930000000001	0.0	0.71112	-0.623727	-0.324459	0.0	-0.696321	-0.688602	-0.202397	0.0	1.011	-3.24612	-3.72455	0.34776399999999996	
0	0.746372	-0.15599100000000002	-0.646989	0.0	0.6188140000000001	0.5204529999999999	0.588386	0.0	0.24494499999999997	-0.839521	0.48498100000000005	0.0	-3.3711300000000004	-3.5860800000000004	-2.9108099999999997	0.344611	-0.0988249	0.367516	-0.924752	0.0	0.708559	-0.626505	-0.324708	0.0	-0.698697	-0.687331	-0.198493	0.0	1.00878	-3.24992	-3.72339	0.347902	
0	0.751111	-0.164998	-0.639224	0.0	0.619644	0.510247	0.5963970000000001	0.0	0.227758	-0.844052	0.485493	0.0	-3.3581800000000004	-3.58596	-2.90924	0.343007	-0.101768	0.366698	-0.9247569999999999	0.0	0.707588	-0.626729	-0.326389	0.0	-0.699259	-0.687563	-0.19569	0.0	0.999383	-3.2576099999999997	-3.7206900000000003	0.347761	
0	0.760815	-0.16648	-0.627251	0.0	0.614679	0.494879	0.614219	0.0	0.20815799999999998	-0.852865	0.47884399999999994	0.0	-3.34374	-3.5849900000000003	-2.89626	0.341121	-0.103149	0.363552	-0.925846	0.0	0.707267	-0.627675	-0.325266	0.0	-0.699381	-0.688371	-0.192384	0.0	0.996868	-3.25745	-3.7148800000000004	0.34767800000000004	
0	0.778985	-0.186641	-0.598621	0.0	0.605438	0.47231599999999996	0.640595	0.0	0.163177	-0.861442	0.48092700000000005	0.0	-3.38795	-3.60005	-2.98418	0.199231	-0.10325	0.363521	-0.925847	0.0	0.708834	-0.626105	-0.32488	0.0	-0.697778	-0.689816	-0.19303199999999998	0.0	0.9955219999999999	-3.25366	-3.70605	0.347435	
0	0.78401	-0.198768	-0.588064	0.0	0.600141	0.484783	0.636252	0.0	0.158617	-0.85175	0.499363	0.0	-3.37756	-3.6205300000000005	-2.97757	0.11874100000000001	-0.103076	0.363939	-0.925702	0.0	0.708955	-0.625899	-0.325013	0.0	-0.697681	-0.6897810000000001	-0.193502	0.0	0.9980209999999999	-3.2587	-3.7106199999999996	0.34731799999999996	
0	0.786316	-0.19586900000000002	-0.585955	0.0	0.596075	0.489943	0.6361220000000001	0.0	0.16248800000000002	-0.8494649999999999	0.502003	0.0	-3.38154	-3.622	-2.98002	0.11876500000000001	-0.10323800000000001	0.363686	-0.925783	0.0	0.7089850000000001	-0.6259020000000001	-0.324942	0.0	-0.697626	-0.689913	-0.19323099999999999	0.0	0.998742	-3.26115	-3.71326	0.347146	
0	0.792516	-0.183829	-0.581486	0.0	0.584278	0.502093	0.637591	0.0	0.174752	-0.84505	0.505324	0.0	-3.3957300000000004	-3.6266	-2.98292	0.118797	-0.10343800000000002	0.36580100000000004	-0.924927	0.0	0.709583	-0.624496	-0.326338	0.0	-0.696988	-0.690068	-0.19497	0.0	0.999994	-3.26146	-3.71377	0.346853	
0	0.804662	-0.141321	-0.576669	0.0	0.5552239999999999	0.523199	0.646521	0.0	0.21034499999999998	-0.840412	0.499463	0.0	-3.43342	-3.62296	-2.97682	0.11881099999999999	-0.10378499999999999	0.366433	-0.924638	0.0	0.709403	-0.62433	-0.327047	0.0	-0.69712	-0.689884	-0.195152	0.0	1.00329	-3.26496	-3.71465	0.346624	
0	0.815575	-0.100589	-0.569842	0.0	0.524984	0.5428069999999999	0.655556	0.0	0.243373	-0.8338120000000001	0.495507	0.0	-3.46519	-3.62205	-2.97395	0.11911400000000001	-0.103754	0.366841	-0.92448	0.0	0.708959	-0.624636	-0.327426	0.0	-0.697576	-0.68939	-0.195266	0.0	1.00619	-3.28229	-3.71406	0.34603	
0	0.8123630000000001	-0.0740377	-0.578433	0.0	0.518942	0.5442640000000001	0.659148	0.0	0.266019	-0.835641	0.48056099999999996	0.0	-3.4922199999999997	-3.6109199999999997	-2.9614	0.11895499999999999	-0.103973	0.367911	-0.9240299999999999	0.0	0.7082970000000001	-0.624833	-0.32848099999999997	0.0	-0.698216	-0.688641	-0.195625	0.0	1.00663	-3.3007400000000002	-3.7115699999999996	0.345505	
0	0.807422	-0.0265668	-0.589377	0.0	0.504953	0.547754	0.667074	0.0	0.305112	-0.836217	0.45568400000000003	0.0	-3.5411	-3.59564	-2.94761	0.118993	-0.104465	0.368219	-0.923852	0.0	0.708307	-0.624541	-0.329015	0.0	-0.698132	-0.6887409999999999	-0.195569	0.0	1.00416	-3.31092	-3.7160800000000003	0.345458	
0	0.792373	0.017454900000000002	-0.609787	0.0	0.507946	0.534697	0.6753439999999999	0.0	0.33784000000000003	-0.8448629999999999	0.414814	0.0	-3.6070599999999997	-3.5649900000000003	-3.00395	0.11893599999999999	-0.10426400000000001	0.368717	-0.923675	0.0	0.708943	-0.623805	-0.32903899999999997	0.0	-0.697516	-0.68914	-0.19635899999999998	0.0	1.00203	-3.3149300000000004	-3.7179900000000004	0.345437	
0	0.778093	0.0433647	-0.62665	0.0	0.5110319999999999	0.536405	0.671652	0.0	0.365264	-0.8428459999999999	0.395212	0.0	-3.71553	-3.33915	-3.1831	0.119048	-0.10404100000000001	0.36961700000000003	-0.923341	0.0	0.708233	-0.624264	-0.329698	0.0	-0.69827	-0.688243	-0.196826	0.0	1.00153	-3.31302	-3.7169300000000005	0.345457	
0	0.769071	0.05943009999999999	-0.636394	0.0	0.5109279999999999	0.5410729999999999	0.667976	0.0	0.38403400000000004	-0.838873	0.385759	0.0	-3.77421	-3.1169599999999997	-3.14621	0.119052	-0.107476	0.369192	-0.923118	0.0	0.706856	-0.62456	-0.332084	0.0	-0.699145	-0.6882020000000001	-0.19384	0.0	1.00265	-3.32084	-3.7151	0.34536	
0	0.763532	0.0777793	-0.641069	0.0	0.506217	0.5442819999999999	0.668956	0.0	0.400953	-0.835289	0.376203	0.0	-3.7996300000000005	-2.8619	-3.12982	0.118707	-0.10911199999999999	0.370469	-0.922414	0.0	0.705933	-0.624425	-0.334293	0.0	-0.699823	-0.687638	-0.193394	0.0	1.0032	-3.33031	-3.71694	0.345279	
0	0.754815	0.0965758	-0.6487890000000001	0.0	0.495237	0.564664	0.660223	0.0	0.43011000000000005	-0.819651	0.378389	0.0	-3.8302199999999997	-2.60852	-3.18604	0.119396	-0.11008599999999999	0.370733	-0.922192	0.0	0.704339	-0.625546	-0.335557	0.0	-0.701276	-0.686476	-0.19225799999999998	0.0	0.9853120000000001	-3.3404300000000005	-3.72188	0.345217	
0	0.753124	0.109866	-0.64864	0.0	0.48856099999999997	0.566894	0.663279	0.0	0.440582	-0.8164319999999999	0.373266	0.0	-3.8883300000000003	-2.41405	-3.29037	0.1194	-0.110607	0.369919	-0.922457	0.0	0.703397	-0.626579	-0.335608	0.0	-0.7021390000000001	-0.685974	-0.190896	0.0	0.975397	-3.3404599999999998	-3.72379	0.34529	
4	0.7456050000000001	0.133207	-0.652939	0.0	0.472786	0.584765	0.659183	0.0	0.469624	-0.800191	0.373025	0.0	-3.89919	-2.13642	-3.3247699999999996	0.118853	-0.11038800000000001	0.37092600000000003	-0.9220780000000001	0.0	0.702991	-0.626686	-0.33625700000000003	0.0	-0.70258	-0.6853319999999999	-0.19158	0.0	0.960506	-3.33766	-3.71936	0.345359	
4	0.7278439999999999	0.15428599999999998	-0.668161	0.0	0.44882799999999995	0.629484	0.634274	0.0	0.518456	-0.761542	0.388918	0.0	-3.8620099999999997	-1.9837599999999997	-3.3282800000000003	0.1194	-0.106652	0.370221	-0.922801	0.0	0.694418	-0.636509	-0.33562	0.0	-0.7116239999999999	-0.676604	-0.189203	0.0	0.960017	-3.31169	-3.7111400000000003	0.343156	
4	0.700092	0.201518	-0.685027	0.0	0.407015	0.67562	0.614717	0.0	0.5866939999999999	-0.709175	0.390975	0.0	-3.7783599999999997	-1.83886	-3.3294300000000003	0.119084	-0.0672061	0.35997399999999996	-0.9305389999999999	0.0	0.64691	-0.694322	-0.315317	0.0	-0.759599	-0.623166	-0.18620899999999999	0.0	0.978268	-3.23201	-3.7360300000000004	0.34278600000000004	
4	0.67382	0.25945799999999997	-0.691844	0.0	0.369228	0.692805	0.619428	0.0	0.640029	-0.672832	0.371027	0.0	-3.62491	-1.68557	-3.3909	0.119093	0.00457412	0.321324	-0.946958	0.0	0.578767	-0.773093	-0.25953200000000004	0.0	-0.81548	-0.5468810000000001	-0.18950799999999998	0.0	0.9911040000000001	-3.0432799999999998	-3.77399	0.342173	
4	0.64658	0.29343	-0.704154	0.0	0.36946999999999997	0.687116	0.625591	0.0	0.667402	-0.664659	0.335862	0.0	-3.46311	-1.66293	-3.51948	0.11908900000000001	0.07800750000000001	0.282715	-0.9560270000000001	0.0	0.500412	-0.8405	-0.20772	0.0	-0.862266	-0.462204	-0.20704	0.0	1.01061	-2.8134200000000003	-3.7967800000000005	0.341518	
4	0.614958	0.323924	-0.718958	0.0	0.395974	0.6616029999999999	0.636778	0.0	0.681932	-0.67628	0.278593	0.0	-3.2412099999999997	-1.6804700000000001	-3.6691300000000004	0.118802	0.157966	0.22618200000000002	-0.961191	0.0	0.379823	-0.912438	-0.152288	0.0	-0.911472	-0.341026	-0.230044	0.0	1.05306	-2.54969	-3.8479099999999997	0.340199	
4	0.600938	0.332796	-0.726719	0.0	0.401609	0.66038	0.6345149999999999	0.0	0.691074	-0.673161	0.263193	0.0	-2.8972700000000002	-1.7842900000000002	-3.83239	0.118817	0.190894	0.164012	-0.9678120000000001	0.0	0.284674	-0.9528209999999999	-0.105322	0.0	-0.939425	-0.255406	-0.22857800000000003	0.0	1.10141	-2.2652900000000002	-3.8518800000000004	0.33984000000000003	
4	0.592278	0.345025	-0.728124	0.0	0.405773	0.652992	0.6394920000000001	0.0	0.6961	-0.6742100000000001	0.24675100000000003	0.0	-2.6338	-1.87926	-3.91868	0.119091	0.178801	0.13834200000000002	-0.9741110000000001	0.0	0.23226799999999997	-0.968017	-0.0948436	0.0	-0.9560770000000001	-0.20929699999999998	-0.205215	0.0	1.1043100000000001	-2.1480799999999998	-3.79541	0.33952899999999997	
4	0.595784	0.355921	-0.719973	0.0	0.39871599999999996	0.6471	0.649836	0.0	0.697185	-0.674227	0.243621	0.0	-2.39312	-1.95112	-3.98466	0.11882100000000001	0.145251	0.12618900000000002	-0.9813149999999999	0.0	0.206697	-0.9738180000000001	-0.0946299	0.0	-0.967563	-0.18909	-0.16753099999999999	0.0	1.06884	-2.11028	-3.7057599999999997	0.339104	
4	0.603202	0.35172800000000004	-0.715846	0.0	0.402071	0.6410319999999999	0.653771	0.0	0.68883	-0.682177	0.245252	0.0	-2.13522	-2.06299	-4.06704	0.119084	0.108575	0.115677	-0.9873350000000001	0.0	0.169916	-0.98075	-0.0962207	0.0	-0.979459	-0.157317	-0.12614	0.0	0.9886389999999999	-2.0648	-3.56871	0.340016	
4	0.602607	0.35488200000000003	-0.714789	0.0	0.39702	0.64366	0.654277	0.0	0.692272	-0.678057	0.246979	0.0	-2.0543299999999998	-2.10957	-4.09426	0.118817	0.0821127	0.129504	-0.988173	0.0	0.166155	-0.979424	-0.114551	0.0	-0.982675	-0.154784	-0.10194099999999999	0.0	0.9601930000000001	-2.05442	-3.4847	0.33963699999999997	
4	0.606456	0.356242	-0.710847	0.0	0.391967	0.64389	0.65709	0.0	0.69179	-0.677125	0.25085599999999997	0.0	-1.9477200000000001	-2.14767	-4.119669999999999	0.11907999999999999	0.05132280000000001	0.154776	-0.9866159999999999	0.0	0.147386	-0.978274	-0.145801	0.0	-0.9877459999999999	-0.137931	-0.0730195	0.0	0.8941040000000001	-2.01594	-3.3603	0.339831	
4	0.611638	0.352584	-0.708226	0.0	0.392779	0.6417470000000001	0.6587	0.0	0.6867489999999999	-0.681062	0.254029	0.0	-1.86747	-2.1767	-4.13305	0.11889300000000001	0.020303400000000003	0.184867	-0.982554	0.0	0.152835	-0.97178	-0.17968199999999998	0.0	-0.988043	-0.14652	-0.0479846	0.0	0.784411	-2.00108	-3.23504	0.340188	
4	0.618042	0.347903	-0.704973	0.0	0.388806	0.644124	0.658737	0.0	0.683267	-0.681225	0.262829	0.0	-1.8082599999999998	-2.2118700000000002	-4.13764	0.118817	0.00734425	0.21050100000000002	-0.9775659999999999	0.0	0.154612	-0.966076	-0.20686500000000002	0.0	-0.9879479999999999	-0.149624	-0.0396411	0.0	0.706255	-1.97784	-3.15849	0.34031500000000003	
4	0.622574	0.342619	-0.703572	0.0	0.392741	0.640845	0.6596	0.0	0.676872	-0.686971	0.264413	0.0	-1.8035599999999998	-2.231	-4.13771	0.11913599999999999	-0.00299132	0.22576999999999997	-0.974176	0.0	0.15324100000000002	-0.96257	-0.22355100000000003	0.0	-0.9881840000000001	-0.149953	-0.031718	0.0	0.645426	-1.9437799999999998	-3.0777099999999997	0.340906	
4	0.623315	0.332712	-0.707659	0.0	0.395715	0.646332	0.6524300000000001	0.0	0.674454	-0.686701	0.27120900000000003	0.0	-1.79863	-2.26145	-4.12324	0.11887	-0.00945598	0.2388	-0.971023	0.0	0.14920999999999998	-0.959858	-0.237508	0.0	-0.9887600000000001	-0.14713199999999999	-0.026555099999999998	0.0	0.616318	-1.9086599999999998	-3.04671	0.340909	
4	0.618595	0.328594	-0.713699	0.0	0.400336	0.64978	0.646155	0.0	0.67607	-0.6854279999999999	0.270402	0.0	-1.79128	-2.28325	-4.10364	0.11911500000000001	-0.0151106	0.245468	-0.9692870000000001	0.0	0.139654	-0.9593780000000001	-0.245135	0.0	-0.990085	-0.139069	-0.0197837	0.0	0.55953	-1.8812099999999998	-3.02432	0.340098	
4	0.619193	0.32756	-0.713655	0.0	0.395974	0.654572	0.644003	0.0	0.678088	-0.6813520000000001	0.27560100000000004	0.0	-1.76794	-2.27979	-4.09497	0.119094	-0.0195827	0.269694	-0.9627469999999999	0.0	0.147047	-0.951683	-0.26958499999999996	0.0	-0.988936	-0.146848	-0.021021099999999997	0.0	0.465772	-1.8935799999999998	-3.0203900000000004	0.338055	
4	0.617675	0.323726	-0.7167140000000001	0.0	0.395351	0.6599970000000001	0.638828	0.0	0.6798350000000001	-0.677942	0.27967800000000004	0.0	-1.76068	-2.2760599999999998	-4.09057	0.11908699999999998	-0.0256606	0.282248	-0.9589979999999999	0.0	0.150326	-0.9473159999999999	-0.28283200000000003	0.0	-0.988303	-0.15142	-0.0181208	0.0	0.42720600000000003	-1.9242599999999999	-3.02903	0.297333	
4	0.616671	0.32305	-0.717882	0.0	0.393239	0.663582	0.636413	0.0	0.681967	-0.6747569999999999	0.28217600000000004	0.0	-1.74995	-2.25829	-4.06944	0.11908099999999999	-0.0215164	0.30138000000000004	-0.953261	0.0	0.162916	-0.939681	-0.300764	0.0	-0.986405	-0.161773	-0.028881200000000003	0.0	0.3868	-1.9692	-3.0560400000000003	0.11476800000000001	
4	0.618271	0.319048	-0.718296	0.0	0.398984	0.659989	0.636574	0.0	0.677165	-0.680164	0.28075700000000003	0.0	-1.72043	-2.28298	-4.06315	0.119269	-0.041723500000000004	0.3084	-0.950341	0.0	0.204122	-0.928477	-0.310267	0.0	-0.9780559999999999	-0.206931	-0.024212099999999997	0.0	0.38301999999999997	-1.9757200000000001	-3.02124	0.253889	
4	0.619689	0.319668	-0.716797	0.0	0.399969	0.657176	0.638862	0.0	0.6752859999999999	-0.682592	0.279388	0.0	-1.70518	-2.33174	-4.05699	0.11907000000000001	-0.0672258	0.316878	-0.946081	0.0	0.203396	-0.9239620000000001	-0.323922	0.0	-0.976786	-0.214205	-0.00233784	0.0	0.358883	-1.9754200000000002	-3.00232	0.338554	
4	0.6261869999999999	0.316373	-0.7126	0.0	0.410037	0.643741	0.646117	0.0	0.663144	-0.696782	0.273377	0.0	-1.73079	-2.3197099999999997	-4.046869999999999	0.118769	-0.0690182	0.323352	-0.943758	0.0	0.22301300000000002	-0.9170729999999999	-0.330519	0.0	-0.972369	-0.23328200000000002	-0.00881724	0.0	0.324545	-1.9837799999999999	-2.9753	0.336617	
1	0.6281680000000001	0.31536	-0.711303	0.0	0.419706	0.6324420000000001	0.651048	0.0	0.655173	-0.7075060000000001	0.264922	0.0	-1.7330299999999998	-2.2832	-4.07437	0.118769	-0.0622309	0.336581	-0.9395959999999999	0.0	0.223082	-0.9129120000000001	-0.341798	0.0	-0.9728110000000001	-0.230877	-0.0182737	0.0	0.353431	-1.95918	-2.98719	0.336864	
1	0.628102	0.311619	-0.713009	0.0	0.42768199999999995	0.627243	0.650888	0.0	0.650058	-0.713765	0.26069899999999996	0.0	-1.7844	-2.2713099999999997	-4.12515	0.11876800000000001	-0.0544155	0.345945	-0.9366760000000001	0.0	0.22791599999999998	-0.908999	-0.348964	0.0	-0.972159	-0.232473	-0.0293829	0.0	0.451762	-1.905	-2.9860700000000002	0.337285	
1	0.630938	0.30855	-0.711839	0.0	0.423782	0.631482	0.649338	0.0	0.649867	-0.711356	0.26766799999999996	0.0	-1.9107900000000002	-2.1976299999999998	-4.1034	0.119091	-0.0540163	0.35233600000000004	-0.934313	0.0	0.24911599999999998	-0.901338	-0.35430300000000003	0.0	-0.966966	-0.251891	-0.039085699999999994	0.0	0.612768	-1.9685099999999998	-3.03076	0.343998	
1	0.6309020000000001	0.308006	-0.712106	0.0	0.424555	0.6311680000000001	0.649139	0.0	0.649397	-0.711871	0.267439	0.0	-1.91526	-2.19496	-4.10142	0.118816	-0.054326099999999995	0.35437199999999996	-0.933525	0.0	0.252182	-0.8997299999999999	-0.356218	0.0	-0.9661540000000001	-0.25477	-0.0404875	0.0	0.6228899999999999	-1.9699799999999998	-3.0329200000000003	0.343955	
1	0.633127	0.305266	-0.7113109999999999	0.0	0.428975	0.6265430000000001	0.6507109999999999	0.0	0.644306	-0.717117	0.26573	0.0	-1.9609299999999998	-2.18379	-4.09388	0.118817	-0.06813150000000001	0.37585799999999997	-0.92417	0.0	0.294952	-0.8773270000000001	-0.378551	0.0	-0.9530799999999999	-0.298377	-0.0510865	0.0	0.6845399999999999	-2.0145299999999997	-3.05767	0.345303	
1	0.633649	0.303129	-0.711759	0.0	0.42723	0.629903	0.648612	0.0	0.6449520000000001	-0.7150770000000001	0.269631	0.0	-1.99108	-2.1638900000000003	-4.08709	0.118815	-0.0697881	0.383685	-0.920823	0.0	0.318017	-0.8663549999999999	-0.38509099999999996	0.0	-0.9455129999999999	-0.319712	-0.0615568	0.0	0.738694	-2.03999	-3.09868	0.345096	
1	0.63176	0.30380799999999997	-0.713148	0.0	0.42691599999999996	0.631532	0.647233	0.0	0.6470100000000001	-0.71335	0.269276	0.0	-2.00425	-2.1514599999999997	-4.07951	0.118816	-0.06718339999999999	0.38445799999999997	-0.920695	0.0	0.317967	-0.866416	-0.384995	0.0	-0.9457190000000001	-0.318615	-0.06403640000000001	0.0	0.7508630000000001	-2.03829	-3.11273	0.34509	
1	0.628563	0.304514	-0.7156680000000001	0.0	0.41374399999999995	0.648246	0.639213	0.0	0.658578	-0.697889	0.28147300000000003	0.0	-1.9902900000000001	-2.10909	-4.03562	0.118817	-0.06389109999999999	0.385318	-0.9205690000000001	0.0	0.30146999999999996	-0.8719049999999999	-0.385872	0.0	-0.951333	-0.302178	-0.0604553	0.0	0.7300989999999999	-2.04462	-3.11753	0.345304	
1	0.632062	0.309123	-0.710591	0.0	0.39106199999999997	0.664419	0.636882	0.0	0.6690050000000001	-0.680434	0.299068	0.0	-1.9445700000000001	-2.08317	-3.96875	0.11908900000000001	-0.067086	0.389751	-0.918473	0.0	0.296439	-0.871193	-0.39134	0.0	-0.952693	-0.298525	-0.05709259999999999	0.0	0.6527270000000001	-2.0506	-3.1006	0.345493	
1	0.634542	0.31543899999999997	-0.705589	0.0	0.375013	0.672601	0.637944	0.0	0.675812	-0.669407	0.3085	0.0	-1.8759	-2.05363	-3.91301	0.11908699999999998	-0.07076310000000001	0.394328	-0.916241	0.0	0.296365	-0.8687540000000001	-0.39678	0.0	-0.95245	-0.299619	-0.0553895	0.0	0.578897	-2.04853	-3.10328	0.345578	
