3	0.593132	0.516197	-0.617846	0.0	0.686787	0.07606569999999999	0.722867	0.0	0.42013900000000004	-0.853085	-0.30940100000000004	0.0	-2.7396700000000003	2.0	1.46191	0.0	-0.593133	0.516197	-0.617847	0.0	0.750045	0.07536210000000002	-0.657079	0.0	-0.29262	-0.8531479999999999	-0.431871	0.0	2.66032	2.0	1.53809	0.0	
3	0.0595476	0.9005489999999999	-0.43065600000000004	0.0	0.206702	0.410947	0.887917	0.0	0.97659	-0.14189100000000002	-0.161674	0.0	-2.85964	1.98328	1.27824	0.0	-0.028453899999999997	0.8607879999999999	-0.5081680000000001	0.0	0.37725	-0.461532	-0.802914	0.0	-0.925674	-0.214552	-0.3116	0.0	2.64479	1.96819	1.5094299999999998	0.0	
3	0.0250416	0.8850290000000001	-0.464862	0.0	0.191247	0.45217799999999997	0.871183	0.0	0.9812219999999999	-0.11071900000000001	-0.157936	0.0	-2.8117799999999997	1.9714	1.24927	0.0	-0.0123188	0.8501190000000001	-0.526446	0.0	0.388819	-0.48098	-0.785798	0.0	-0.9212319999999999	-0.21437199999999998	-0.32461799999999996	0.0	2.61832	1.9893	1.5049299999999999	0.0	
3	0.00823449	0.8775280000000001	-0.479455	0.0	0.206267	0.46766899999999995	0.8595	0.0	0.978461	-0.105973	-0.177154	0.0	-2.75924	2.02204	1.25735	0.0	-0.015141899999999998	0.848979	-0.5282100000000001	0.0	0.403019	-0.47827600000000003	-0.780275	0.0	-0.9150659999999999	-0.22469299999999998	-0.334913	0.0	2.62434	2.0055	1.5185799999999998	0.0	
3	-0.00996368	0.872468	-0.488569	0.0	0.218013	0.478735	0.850461	0.0	0.9758950000000001	-0.0980406	-0.19497899999999999	0.0	-2.75496	2.12197	1.26576	0.311195	-0.061679	0.897523	-0.436633	0.0	0.379749	-0.38346199999999997	-0.8418709999999999	0.0	-0.9230309999999999	-0.21773699999999999	-0.317182	0.0	2.65679	2.0758099999999997	1.54483	0.359252	
3	0.016667400000000002	0.889215	-0.457187	0.0	0.221058	0.442658	0.869015	0.0	0.975118	-0.115549	-0.18919	0.0	-2.61148	2.18795	1.3007600000000001	0.346607	-0.09552580000000001	0.907557	-0.40892	0.0	0.383265	-0.345595	-0.856547	0.0	-0.9186850000000001	-0.23854699999999998	-0.314822	0.0	2.57936	2.08525	1.54291	0.359136	
3	0.030902199999999998	0.8981889999999999	-0.43852299999999994	0.0	0.256206	0.41695600000000005	0.8720700000000001	0.0	0.9661280000000001	-0.139301	-0.217236	0.0	-2.6004099999999997	2.2118900000000004	1.29305	0.346367	-0.12263099999999999	0.905199	-0.406911	0.0	0.398937	-0.330463	-0.8553620000000001	0.0	-0.908742	-0.267226	-0.320592	0.0	2.58944	2.08212	1.51726	0.358186	
3	0.0757147	0.898158	-0.433105	0.0	0.282522	0.397229	0.87315	0.0	0.956268	-0.188472	-0.22367399999999998	0.0	-2.62672	2.20772	1.25502	0.345931	-0.11286199999999999	0.873684	-0.473221	0.0	0.442717	-0.382158	-0.811145	0.0	-0.8895299999999999	-0.30105	-0.343665	0.0	2.58831	2.0758	1.44849	0.358806	
3	0.159676	0.8589120000000001	-0.48659300000000005	0.0	0.333806	0.41690299999999997	0.8454379999999999	0.0	0.929019	-0.29742399999999997	-0.22014099999999998	0.0	-2.63947	2.10032	1.24082	0.346139	-0.0662442	0.803235	-0.591967	0.0	0.494845	-0.48872600000000005	-0.7185229999999999	0.0	-0.866453	-0.34053	-0.365102	0.0	2.58162	2.05557	1.36145	0.359023	
3	0.21981900000000001	0.81886	-0.530234	0.0	0.402403	0.419023	0.813936	0.0	0.8886799999999999	-0.392286	-0.237402	0.0	-2.66852	1.9321	1.12434	0.346217	-0.0676998	0.7522939999999999	-0.655341	0.0	0.553431	-0.518212	-0.65205	0.0	-0.830139	-0.40683	-0.38126	0.0	2.56097	1.94193	1.20753	0.358933	
3	0.289207	0.7500479999999999	-0.5948	0.0	0.47005600000000003	0.430012	0.770803	0.0	0.8339110000000001	-0.5025109999999999	-0.228202	0.0	-2.71296	1.65757	0.922272	0.346314	-0.102199	0.6960770000000001	-0.7106560000000001	0.0	0.603612	-0.524454	-0.6005	0.0	-0.790701	-0.490331	-0.366562	0.0	2.46382	1.73163	0.96591	0.358867	
3	0.29954899999999995	0.706557	-0.64113	0.0	0.5449649999999999	0.42486599999999997	0.722843	0.0	0.7831239999999999	-0.56592	-0.257781	0.0	-2.7502299999999997	1.39086	0.537207	0.34782199999999996	-0.10726400000000001	0.650384	-0.7519939999999999	0.0	0.6337619999999999	-0.538046	-0.5557449999999999	0.0	-0.766055	-0.536197	-0.354476	0.0	2.3050900000000003	1.5101	0.6087859999999999	0.359338	
3	0.269237	0.6490130000000001	-0.711544	0.0	0.613794	0.45369799999999993	0.646077	0.0	0.742138	-0.610689	-0.276208	0.0	-2.76431	1.0022	0.010821299999999999	0.348959	-0.154158	0.60212	-0.783382	0.0	0.70167	-0.49149	-0.515846	0.0	-0.695625	-0.629197	-0.346723	0.0	2.1178	1.11027	0.15317999999999998	0.358236	
3	0.28386500000000003	0.605477	-0.743518	0.0	0.659231	0.43985	0.609874	0.0	0.6963010000000001	-0.663272	-0.274292	0.0	-2.7989	0.5665600000000001	-0.483467	0.350588	-0.161526	0.574339	-0.802524	0.0	0.732532	-0.475142	-0.48748100000000005	0.0	-0.661292	-0.666615	-0.343974	0.0	1.99232	0.6594760000000001	-0.33284	0.35865	
3	0.275889	0.5959300000000001	-0.754157	0.0	0.690947	0.42247799999999996	0.586604	0.0	0.66819	-0.68292	-0.295199	0.0	-2.84892	0.2566	-0.9556610000000001	0.351139	-0.141429	0.540863	-0.8291350000000001	0.0	0.755814	-0.481915	-0.443287	0.0	-0.6393300000000001	-0.689365	-0.34063499999999997	0.0	1.90126	0.266131	-0.734885	0.35842399999999996	
3	0.22845700000000002	0.57231	-0.787571	0.0	0.724446	0.440486	0.530237	0.0	0.650374	-0.691689	-0.31397600000000003	0.0	-2.8759799999999998	-0.0331287	-1.46275	0.351102	-0.12512	0.507346	-0.852611	0.0	0.781658	-0.478847	-0.399646	0.0	-0.611029	-0.716453	-0.33665700000000004	0.0	1.8370799999999998	-0.13758199999999998	-1.20002	0.35778699999999997	
3	0.213524	0.559975	-0.8005220000000001	0.0	0.759884	0.41979399999999994	0.49633599999999994	0.0	0.6139899999999999	-0.714284	-0.33588	0.0	-2.82438	-0.315916	-1.87868	0.351045	-0.107118	0.485965	-0.867389	0.0	0.798872	-0.477287	-0.366062	0.0	-0.5918869999999999	-0.7321449999999999	-0.337097	0.0	1.8194	-0.49759200000000003	-1.62418	0.356819	
3	0.19968699999999998	0.559144	-0.804663	0.0	0.772752	0.415062	0.48018599999999995	0.0	0.602478	-0.717692	-0.349197	0.0	-2.8333	-0.539751	-2.20542	0.351085	-0.102774	0.47696400000000005	-0.8728940000000001	0.0	0.817916	-0.458884	-0.347043	0.0	-0.566083	-0.749621	-0.342955	0.0	1.8022599999999998	-0.749422	-1.92855	0.356822	
3	0.18161300000000002	0.544155	-0.819092	0.0	0.790007	0.41527	0.45104399999999994	0.0	0.5855819999999999	-0.729004	-0.354468	0.0	-2.86614	-0.813381	-2.5306	0.350903	-0.09691160000000001	0.455535	-0.884927	0.0	0.831183	-0.452039	-0.32372199999999995	0.0	-0.547488	-0.7669090000000001	-0.334826	0.0	1.81625	-1.03681	-2.19105	0.35631599999999997	
3	0.189139	0.52085	-0.8324309999999999	0.0	0.805222	0.402916	0.43506000000000006	0.0	0.562	-0.752579	-0.343192	0.0	-2.90935	-1.21948	-2.9035	0.349876	-0.09223350000000001	0.440591	-0.892957	0.0	0.8486940000000001	-0.43423900000000004	-0.30191799999999996	0.0	-0.520779	-0.785695	-0.333875	0.0	1.90956	-1.4558799999999998	-2.54711	0.355985	
3	0.18266	0.5276890000000001	-0.829566	0.0	0.808813	0.399064	0.431937	0.0	0.558978	-0.749861	-0.35390900000000003	0.0	-2.95578	-1.49322	-3.08723	0.347988	-0.073753	0.455442	-0.8872049999999999	0.0	0.8455950000000001	-0.44307700000000005	-0.297745	0.0	-0.528706	-0.772176	-0.352441	0.0	2.0382	-1.6977099999999998	-2.73765	0.35627	
3	0.115328	0.516127	-0.8487120000000001	0.0	0.75454	0.510175	0.41278400000000004	0.0	0.64604	-0.6879930000000001	-0.33060100000000003	0.0	-2.92171	-1.64257	-3.19482	0.343553	0.00360906	0.405436	-0.914116	0.0	0.792399	-0.558771	-0.244702	0.0	-0.609992	-0.7234619999999999	-0.323283	0.0	2.20309	-1.9100400000000002	-2.78896	0.359614	
3	0.11601900000000001	0.521623	-0.845251	0.0	0.742316	0.51988	0.42272	0.0	0.659929	-0.676487	-0.326893	0.0	-2.8848700000000003	-1.68337	-3.19144	0.338429	0.036724	0.401969	-0.914917	0.0	0.768641	-0.59644	-0.23119299999999998	0.0	-0.638625	-0.694752	-0.33087300000000003	0.0	2.17227	-1.9126299999999998	-2.85721	0.36032	
3	0.132468	0.5160100000000001	-0.8462780000000001	0.0	0.741746	0.514731	0.429958	0.0	0.657468	-0.684679	-0.31456300000000004	0.0	-2.7970900000000003	-1.71416	-3.17026	0.342404	0.019658099999999998	0.398536	-0.916942	0.0	0.774092	-0.586503	-0.23831999999999998	0.0	-0.632768	-0.705112	-0.320033	0.0	2.10107	-1.94471	-2.80896	0.359317	
3	0.13586600000000001	0.5152899999999999	-0.8461780000000001	0.0	0.744092	0.510834	0.43055299999999996	0.0	0.654116	-0.688132	-0.31401799999999996	0.0	-2.73295	-1.73344	-3.1441	0.34160799999999997	0.009543600000000001	0.394282	-0.91894	0.0	0.779471	-0.578579	-0.24015100000000003	0.0	-0.626366	-0.7139949999999999	-0.31285300000000005	0.0	2.0697200000000002	-1.96452	-2.77136	0.358543	
3	0.13396	0.519674	-0.8437969999999999	0.0	0.7451220000000001	0.508537	0.43149099999999996	0.0	0.6533359999999999	-0.686534	-0.31909699999999996	0.0	-2.77642	-1.72602	-3.14681	0.341864	0.0101835	0.396859	-0.9178229999999999	0.0	0.774501	-0.583705	-0.243796	0.0	-0.632491	-0.7083729999999999	-0.313312	0.0	2.0694	-1.9745599999999999	-2.75068	0.35880100000000004	
3	0.129093	0.524972	-0.8412729999999999	0.0	0.743402	0.510223	0.432465	0.0	0.656269	-0.681232	-0.324399	0.0	-2.7981599999999998	-1.7155099999999999	-3.1623	0.340754	0.00860786	0.396406	-0.918035	0.0	0.77749	-0.57999	-0.24314899999999998	0.0	-0.628836	-0.71167	-0.31319400000000003	0.0	2.06778	-1.9738200000000001	-2.75133	0.35836999999999997	
3	0.131117	0.521618	-0.843044	0.0	0.74488	0.509321	0.430983	0.0	0.654188	-0.684476	-0.321763	0.0	-2.8031599999999997	-1.71679	-3.15948	0.34123600000000004	0.00700235	0.396689	-0.917926	0.0	0.779833	-0.576769	-0.243306	0.0	-0.625948	-0.714126	-0.31339	0.0	2.06696	-1.97475	-2.74732	0.35826399999999997	
3	0.131105	0.5216310000000001	-0.843038	0.0	0.744877	0.509324	0.43098500000000006	0.0	0.6541939999999999	-0.684463	-0.321776	0.0	-2.80305	-1.71678	-3.15951	0.341237	0.00700623	0.3967	-0.9179219999999999	0.0	0.779825	-0.5767770000000001	-0.24331399999999997	0.0	-0.625959	-0.714113	-0.313398	0.0	2.06695	-1.97472	-2.74737	0.35826399999999997	
3	0.131105	0.5216310000000001	-0.843038	0.0	0.744877	0.509324	0.43098500000000006	0.0	0.6541939999999999	-0.6844640000000001	-0.321776	0.0	-2.80305	-1.71678	-3.15951	0.341237	0.00700647	0.3967	-0.9179219999999999	0.0	0.779825	-0.5767770000000001	-0.24331399999999997	0.0	-0.625959	-0.714113	-0.313398	0.0	2.06695	-1.97472	-2.74737	0.35826399999999997	
3	0.131105	0.5216310000000001	-0.843038	0.0	0.744877	0.509324	0.43098500000000006	0.0	0.6541939999999999	-0.6844640000000001	-0.321776	0.0	-2.80305	-1.71678	-3.15951	0.341238	0.00700647	0.3967	-0.9179219999999999	0.0	0.779825	-0.5767770000000001	-0.24331399999999997	0.0	-0.625959	-0.714113	-0.313398	0.0	2.06695	-1.97472	-2.74737	0.35826399999999997	
3	0.131105	0.5216310000000001	-0.843038	0.0	0.744877	0.509324	0.43098500000000006	0.0	0.6541939999999999	-0.6844640000000001	-0.321776	0.0	-2.80305	-1.71678	-3.15951	0.341238	0.00700647	0.3967	-0.9179219999999999	0.0	0.779825	-0.5767770000000001	-0.24331399999999997	0.0	-0.625959	-0.714113	-0.313398	0.0	2.06695	-1.97472	-2.74737	0.35826399999999997	
3	0.131105	0.5216310000000001	-0.843038	0.0	0.744877	0.509324	0.43098500000000006	0.0	0.6541939999999999	-0.6844640000000001	-0.321776	0.0	-2.80305	-1.71678	-3.15951	0.341238	0.00700647	0.3967	-0.9179219999999999	0.0	0.779825	-0.5767770000000001	-0.24331399999999997	0.0	-0.625959	-0.714113	-0.313398	0.0	2.06695	-1.97472	-2.74737	0.35826399999999997	
3	0.131105	0.5216310000000001	-0.843038	0.0	0.744877	0.509324	0.43098500000000006	0.0	0.6541939999999999	-0.6844640000000001	-0.321776	0.0	-2.80305	-1.71678	-3.15951	0.341238	0.00700647	0.3967	-0.9179219999999999	0.0	0.779825	-0.5767770000000001	-0.24331399999999997	0.0	-0.625959	-0.714113	-0.313398	0.0	2.06695	-1.97472	-2.74737	0.35826399999999997	
3	0.131105	0.5216310000000001	-0.843038	0.0	0.744877	0.509324	0.43098500000000006	0.0	0.6541939999999999	-0.6844640000000001	-0.321776	0.0	-2.80305	-1.71678	-3.15951	0.341237	0.00700647	0.3967	-0.9179219999999999	0.0	0.779825	-0.5767770000000001	-0.24331399999999997	0.0	-0.625959	-0.714113	-0.313398	0.0	2.06695	-1.97472	-2.74737	0.35826399999999997	
3	0.131105	0.5216310000000001	-0.843038	0.0	0.744877	0.509324	0.43098500000000006	0.0	0.6541939999999999	-0.6844640000000001	-0.321776	0.0	-2.80305	-1.71678	-3.15951	0.341237	0.00700647	0.3967	-0.9179219999999999	0.0	0.779825	-0.5767770000000001	-0.24331399999999997	0.0	-0.625959	-0.714114	-0.313398	0.0	2.06695	-1.97472	-2.74737	0.35826399999999997	
3	0.131105	0.5216310000000001	-0.843038	0.0	0.744877	0.509324	0.43098500000000006	0.0	0.6541939999999999	-0.6844640000000001	-0.321776	0.0	-2.80305	-1.71678	-3.15951	0.341237	0.00700647	0.3967	-0.9179219999999999	0.0	0.779825	-0.5767770000000001	-0.24331399999999997	0.0	-0.625959	-0.714113	-0.313398	0.0	2.06695	-1.97472	-2.74737	0.35826399999999997	
3	0.131105	0.5216310000000001	-0.843038	0.0	0.744877	0.509324	0.43098500000000006	0.0	0.6541939999999999	-0.6844640000000001	-0.321776	0.0	-2.80305	-1.71678	-3.15951	0.341237	0.00700647	0.3967	-0.9179219999999999	0.0	0.779825	-0.5767770000000001	-0.24331399999999997	0.0	-0.625959	-0.714113	-0.313398	0.0	2.06695	-1.97472	-2.74737	0.35826399999999997	
3	0.048062400000000005	0.5331199999999999	-0.8446739999999999	0.0	0.7221069999999999	0.5657220000000001	0.398147	0.0	0.69011	-0.62908	-0.357779	0.0	-2.81823	-1.75416	-3.18624	0.356116	0.0568991	0.48918100000000003	-0.870324	0.0	0.7402350000000001	-0.605626	-0.292009	0.0	-0.669936	-0.62763	-0.396569	0.0	2.00698	-1.9457200000000001	-2.72606	0.339746	
3	0.075427	0.5517340000000001	-0.8306020000000001	0.0	0.723941	0.542525	0.42611800000000005	0.0	0.6857260000000001	-0.633448	-0.358502	0.0	-2.83365	-1.74492	-3.22923	0.353439	0.0450245	0.49913	-0.8653569999999999	0.0	0.7384149999999999	-0.60006	-0.307689	0.0	-0.672842	-0.625138	-0.395582	0.0	2.0053099999999997	-1.94412	-2.73751	0.34017	
3	0.198757	0.533153	-0.82234	0.0	0.749308	0.458161	0.47814799999999996	0.0	0.631691	-0.711222	-0.308433	0.0	-2.8822099999999997	-1.86654	-3.27789	0.347965	0.00816584	0.489784	-0.871806	0.0	0.745567	-0.583975	-0.321096	0.0	-0.66638	-0.647368	-0.369935	0.0	1.9540400000000002	-1.99488	-2.79628	0.343262	
3	0.320341	0.47206099999999995	-0.821304	0.0	0.7615390000000001	0.387324	0.519652	0.0	0.563418	-0.791921	-0.23541700000000002	0.0	-2.96115	-2.13872	-3.38694	0.349117	-0.0388111	0.48134	-0.875674	0.0	0.760313	-0.554415	-0.338449	0.0	-0.648396	-0.678922	-0.344452	0.0	1.84513	-2.12043	-2.94617	0.35594000000000003	
3	0.41931599999999997	0.392041	-0.8188270000000001	0.0	0.759652	0.34235	0.552924	0.0	0.497095	-0.853874	-0.15426199999999998	0.0	-3.04785	-2.44906	-3.5391800000000004	0.350594	-0.0660162	0.472292	-0.878967	0.0	0.778694	-0.526421	-0.341345	0.0	-0.6239210000000001	-0.7069810000000001	-0.333018	0.0	1.74249	-2.30097	-3.20198	0.355798	
3	0.49541499999999994	0.33955100000000005	-0.799543	0.0	0.760626	0.274976	0.588079	0.0	0.419538	-0.899496	-0.122044	0.0	-3.2444900000000003	-2.6654299999999997	-3.7570300000000003	0.35136999999999996	-0.0865517	0.450108	-0.8887700000000001	0.0	0.779995	-0.5243760000000001	-0.341523	0.0	-0.619772	-0.722795	-0.305696	0.0	1.61544	-2.4691400000000003	-3.3969199999999997	0.35618	
3	0.554237	0.283986	-0.782415	0.0	0.743219	0.254382	0.6188020000000001	0.0	0.374763	-0.9244680000000001	-0.07007580000000001	0.0	-3.41129	-2.82925	-3.9117300000000004	0.35270999999999997	-0.0963063	0.43881800000000004	-0.8934	0.0	0.7785890000000001	-0.5259729999999999	-0.342276	0.0	-0.620101	-0.7285550000000001	-0.291005	0.0	1.52213	-2.6107099999999996	-3.51369	0.356175	
3	0.656493	0.18187799999999998	-0.7320770000000001	0.0	0.6907	0.245193	0.680304	0.0	0.303233	-0.952261	0.03534469999999999	0.0	-3.60131	-3.0861	-4.06533	0.353033	-0.102207	0.427388	-0.898273	0.0	0.773083	-0.534143	-0.342102	0.0	-0.626016	-0.729405	-0.27581300000000003	0.0	1.40904	-2.73382	-3.59029	0.356045	
3	0.713064	0.122656	-0.690287	0.0	0.6544840000000001	0.236565	0.718114	0.0	0.25137800000000005	-0.963843	0.0884095	0.0	-3.7086099999999997	-3.28056	-4.09614	0.35275	-0.106798	0.419365	-0.9015139999999999	0.0	0.771836	-0.536611	-0.341055	0.0	-0.626788	-0.732245	-0.266372	0.0	1.34256	-2.79319	-3.5919	0.35647199999999996	
3	0.748081	0.095694	-0.656672	0.0	0.6263529999999999	0.22507399999999997	0.74634	0.0	0.21921999999999997	-0.9696309999999999	0.10843599999999999	0.0	-3.7943	-3.40027	-4.14164	0.354631	-0.11840099999999999	0.415897	-0.9016709999999999	0.0	0.76953	-0.535447	-0.348025	0.0	-0.6275390000000001	-0.735069	-0.256648	0.0	1.29084	-2.85112	-3.58658	0.356609	
3	0.785939	0.034532	-0.61734	0.0	0.588484	0.264556	0.764001	0.0	0.189703	-0.963752	0.187603	0.0	-3.82999	-3.5546900000000003	-4.12573	0.35494499999999995	-0.126004	0.41253199999999995	-0.9021870000000001	0.0	0.7697390000000001	-0.533039	-0.351242	0.0	-0.625799	-0.7387060000000001	-0.250377	0.0	1.24722	-2.89965	-3.58279	0.35649200000000003	
3	0.80711	0.000608176	-0.5904010000000001	0.0	0.557916	0.326346	0.763038	0.0	0.193139	-0.94525	0.263058	0.0	-3.8337199999999996	-3.5908300000000004	-4.12668	0.36189699999999997	-0.1317	0.410071	-0.902495	0.0	0.768918	-0.5323399999999999	-0.354089	0.0	-0.625636	-0.740578	-0.245202	0.0	1.22316	-2.93394	-3.5843199999999995	0.356644	
3	0.8234040000000001	0.00038051599999999996	-0.5674560000000001	0.0	0.5214439999999999	0.393949	0.7569020000000001	0.0	0.22383699999999998	-0.919133	0.32418	0.0	-3.70994	-3.58661	-3.98096	0.362321	-0.14468599999999998	0.409482	-0.9007719999999999	0.0	0.7682770000000001	-0.527197	-0.363062	0.0	-0.623552	-0.744572	-0.23831799999999997	0.0	1.21299	-2.99818	-3.5960400000000003	0.356761	
3	0.838309	-0.00132988	-0.545194	0.0	0.488005	0.447693	0.7492810000000001	0.0	0.243083	-0.8941870000000001	0.375954	0.0	-3.5361599999999997	-3.5844300000000002	-3.82205	0.360668	-0.15323299999999998	0.405489	-0.901165	0.0	0.7681640000000001	-0.524799	-0.366757	0.0	-0.6216470000000001	-0.748441	-0.231066	0.0	1.18326	-3.05107	-3.55315	0.356598	
3	0.835275	0.000982463	-0.549832	0.0	0.476971	0.49616899999999997	0.725476	0.0	0.273522	-0.868226	0.413969	0.0	-3.3311300000000004	-3.5855900000000003	-3.66618	0.35934699999999997	-0.15643800000000002	0.404009	-0.901279	0.0	0.7666970000000001	-0.525595	-0.368682	0.0	-0.622658	-0.748684	-0.227529	0.0	1.1748	-3.10174	-3.54733	0.356555	
3	0.83337	-0.00010450200000000001	-0.552715	0.0	0.46387	0.543867	0.6993090000000001	0.0	0.300531	-0.8391709999999999	0.453291	0.0	-3.1573700000000002	-3.5898	-3.4973199999999998	0.35779099999999997	-0.15978399999999998	0.40686700000000003	-0.8994040000000001	0.0	0.765709	-0.523948	-0.373053	0.0	-0.623024	-0.74829	-0.22782399999999997	0.0	1.17529	-3.13077	-3.5514900000000003	0.356512	
3	0.831039	-0.007611799999999999	-0.556163	0.0	0.462392	0.5651970000000001	0.683188	0.0	0.309141	-0.8249209999999999	0.47322	0.0	-3.07768	-3.56658	-3.39479	0.35683000000000004	-0.16170299999999999	0.40475900000000004	-0.900012	0.0	0.76575	-0.5238149999999999	-0.373154	0.0	-0.622478	-0.749525	-0.225242	0.0	1.17474	-3.14681	-3.5514	0.35635700000000003	
3	0.8343209999999999	-0.0154952	-0.5510609999999999	0.0	0.46429799999999993	0.558671	0.6872510000000001	0.0	0.297213	-0.8292440000000001	0.47330600000000006	0.0	-3.0077599999999998	-3.5390900000000003	-3.3212099999999998	0.35728699999999997	-0.165248	0.402055	-0.9005799999999999	0.0	0.764777	-0.5243369999999999	-0.37441399999999997	0.0	-0.622743	-0.7506149999999999	-0.22083699999999998	0.0	1.17478	-3.1621099999999998	-3.5451300000000003	0.356405	
3	0.8498889999999999	-0.041230699999999995	-0.525347	0.0	0.45639700000000005	0.555946	0.694712	0.0	0.263421	-0.8301950000000001	0.49131	0.0	-3.03439	-3.5898800000000004	-3.2807699999999995	0.35796	-0.167992	0.40281	-0.8997350000000001	0.0	0.765696	-0.521529	-0.37645300000000004	0.0	-0.620877	-0.752165	-0.220817	0.0	1.16951	-3.17184	-3.52408	0.356165	
3	0.855223	-0.05667919999999999	-0.515152	0.0	0.453614	0.562609	0.6911619999999999	0.0	0.250655	-0.824778	0.506867	0.0	-3.02835	-3.5886099999999996	-3.27462	0.357964	-0.16708599999999998	0.398702	-0.901731	0.0	0.76522	-0.524273	-0.37359899999999996	0.0	-0.621708	-0.752446	-0.217496	0.0	1.1831200000000002	-3.1823099999999998	-3.5156199999999997	0.356252	
3	0.866334	-0.06940249999999999	-0.494619	0.0	0.449572	0.539795	0.711692	0.0	0.2176	-0.838931	0.49884399999999995	0.0	-3.0059099999999996	-3.58549	-3.26162	0.357027	-0.168104	0.398067	-0.9018219999999999	0.0	0.765029	-0.524256	-0.374013	0.0	-0.621668	-0.752794	-0.21640399999999999	0.0	1.18961	-3.18768	-3.50334	0.356102	
3	0.872403	-0.07577310000000001	-0.482878	0.0	0.441964	0.5442229999999999	0.7130850000000001	0.0	0.208761	-0.835512	0.508271	0.0	-3.00315	-3.5859900000000002	-3.27027	0.356219	-0.168062	0.396625	-0.902465	0.0	0.763402	-0.52684	-0.373706	0.0	-0.623676	-0.75175	-0.214243	0.0	1.1933200000000002	-3.19905	-3.4957300000000004	0.356128	
3	0.887858	-0.083381	-0.4525	0.0	0.429221	0.5043920000000001	0.749238	0.0	0.165765	-0.859439	0.483617	0.0	-2.97845	-3.58253	-3.2421599999999997	0.352312	-0.167669	0.392286	-0.904433	0.0	0.76315	-0.529129	-0.370979	0.0	-0.624091	-0.752419	-0.210654	0.0	1.19773	-3.21835	-3.4721599999999997	0.356029	
3	0.8988860000000001	-0.0832525	-0.4302	0.0	0.41390299999999997	0.483588	0.77125	0.0	0.143831	-0.8713280000000001	0.469149	0.0	-2.9711	-3.58161	-3.22969	0.347709	-0.16812	0.392286	-0.904349	0.0	0.76117	-0.5312859999999999	-0.371962	0.0	-0.626384	-0.750898	-0.209277	0.0	1.1905299999999999	-3.23348	-3.45356	0.356044	
3	0.909839	-0.08470710000000001	-0.406225	0.0	0.39663000000000004	0.465282	0.791327	0.0	0.121978	-0.8811	0.456929	0.0	-2.96679	-3.58114	-3.222	0.340079	-0.1689	0.389424	-0.9054399999999999	0.0	0.759323	-0.534287	-0.37143699999999996	0.0	-0.6284109999999999	-0.750258	-0.205458	0.0	1.1743299999999999	-3.23181	-3.43543	0.356179	
3	0.9270719999999999	-0.0836837	-0.365425	0.0	0.359996	0.470708	0.805504	0.0	0.104601	-0.8783120000000001	0.46650600000000003	0.0	-2.98188	-3.5838300000000003	-3.2604	0.298536	-0.168037	0.383915	-0.90795	0.0	0.758165	-0.538334	-0.367944	0.0	-0.6300399999999999	-0.750203	-0.20061099999999998	0.0	1.16193	-3.2174099999999997	-3.41794	0.356022	
3	0.9332219999999999	-0.07918610000000001	-0.350465	0.0	0.343922	0.479178	0.807531	0.0	0.10399000000000001	-0.874138	0.47441400000000006	0.0	-3.03982	-3.5990699999999998	-3.34655	0.17993699999999999	-0.16883299999999998	0.38406799999999996	-0.9077370000000001	0.0	0.757894	-0.5382100000000001	-0.368682	0.0	-0.630153	-0.750214	-0.200216	0.0	1.15544	-3.21327	-3.41123	0.35593	
3	0.94673	-0.0531005	-0.317621	0.0	0.302807	0.48245600000000005	0.821915	0.0	0.10959400000000001	-0.874309	0.47283400000000003	0.0	-3.3112199999999996	-3.5703199999999997	-3.3486	0.019390599999999997	-0.16732	0.380639	-0.90946	0.0	0.757868	-0.540354	-0.365586	0.0	-0.630587	-0.750421	-0.198062	0.0	1.14497	-3.20589	-3.40176	0.355863	
3	0.9500379999999999	-0.00999725	-0.311973	0.0	0.277383	0.485358	0.829148	0.0	0.14313	-0.874258	0.46388199999999996	0.0	-3.4241099999999998	-3.65886	-3.3807699999999996	-0.0110237	-0.166655	0.37873	-0.910379	0.0	0.757547	-0.5418189999999999	-0.364081	0.0	-0.631149	-0.7503310000000001	-0.19660999999999998	0.0	1.14561	-3.2052400000000003	-3.3989300000000005	0.35532800000000003	
3	0.9447909999999999	0.0233117	-0.326843	0.0	0.276819	0.47694200000000003	0.834205	0.0	0.175332	-0.878626	0.444158	0.0	-3.4537	-3.6549400000000003	-3.36469	-0.0110777	-0.167399	0.38055300000000003	-0.909482	0.0	0.75634	-0.542166	-0.366069	0.0	-0.6323989999999999	-0.749157	-0.19707	0.0	1.14392	-3.21904	-3.3799699999999997	0.355258	
3	0.9349049999999999	0.0549113	-0.350625	0.0	0.286641	0.46570100000000003	0.837233	0.0	0.20926	-0.883237	0.419646	0.0	-3.4829199999999996	-3.64885	-3.34481	-0.011096700000000001	-0.169483	0.381909	-0.9085270000000001	0.0	0.755273	-0.541883	-0.36868	0.0	-0.6331180000000001	-0.748671	-0.196606	0.0	1.15114	-3.26329	-3.3914400000000002	0.355148	
3	0.92271	0.0869168	-0.375569	0.0	0.29961	0.45134799999999997	0.8405469999999999	0.0	0.24256999999999998	-0.8881049999999999	0.390422	0.0	-3.5108599999999996	-3.64216	-3.31976	-0.009577200000000001	-0.171298	0.386396	-0.9062870000000001	0.0	0.75457	-0.5400050000000001	-0.37285300000000005	0.0	-0.633468	-0.747725	-0.199061	0.0	1.15483	-3.2842599999999997	-3.3925400000000003	0.35504600000000003	
3	0.9070790000000001	0.131917	-0.39975700000000003	0.0	0.310679	0.431001	0.847181	0.0	0.284053	-0.8926569999999999	0.349968	0.0	-3.54691	-3.6348300000000004	-3.2831099999999998	-0.00556374	-0.173281	0.391071	-0.9039010000000001	0.0	0.75262	-0.5393939999999999	-0.37764699999999995	0.0	-0.635245	-0.745734	-0.20086099999999998	0.0	1.15244	-3.29927	-3.3942300000000003	0.355067	
3	0.900416	0.152263	-0.407512	0.0	0.31264899999999995	0.42485900000000004	0.849556	0.0	0.302491	-0.8923629999999999	0.334945	0.0	-3.4918099999999996	-3.6326300000000002	-3.3277300000000003	-0.00159005	-0.174229	0.39182100000000003	-0.903394	0.0	0.751541	-0.53988	-0.37909899999999996	0.0	-0.636263	-0.744988	-0.200408	0.0	1.155	-3.30641	-3.39822	0.354952	
3	0.8884040000000001	0.16283399999999998	-0.429212	0.0	0.325442	0.436018	0.839033	0.0	0.323767	-0.885084	0.334367	0.0	-3.3872699999999996	-3.4906599999999997	-3.38945	0.0	-0.174594	0.394148	-0.9023110000000001	0.0	0.749609	-0.540975	-0.381355	0.0	-0.6384380000000001	-0.742963	-0.201006	0.0	1.13968	-3.32211	-3.4027300000000005	0.355013	
0	0.8784040000000001	0.118789	-0.46292	0.0	0.366485	0.454275	0.811987	0.0	0.306748	-0.882906	0.355503	0.0	-3.33181	-3.4857	-3.3146	0.0	-0.174739	0.393585	-0.9025280000000001	0.0	0.748798	-0.542085	-0.381374	0.0	-0.63935	-0.742452	-0.199992	0.0	1.12944	-3.32385	-3.40403	0.355042	
0	0.790378	0.030997300000000002	-0.611835	0.0	0.543401	0.42568100000000003	0.72354	0.0	0.282875	-0.904342	0.31960500000000003	0.0	-3.30191	-3.5072400000000004	-3.19367	0.0	-0.176458	0.39350100000000005	-0.90223	0.0	0.748842	-0.541223	-0.382509	0.0	-0.638825	-0.743125	-0.199167	0.0	1.12913	-3.33998	-3.40561	0.355128	
0	0.711275	-0.0189031	-0.7026600000000001	0.0	0.637786	0.437589	0.633833	0.0	0.295495	-0.898977	0.323302	0.0	-3.22713	-3.5668699999999998	-3.05701	0.351286	-0.181869	0.390574	-0.9024280000000001	0.0	0.7467699999999999	-0.5422020000000001	-0.38516500000000004	0.0	-0.639733	-0.743955	-0.19305999999999998	0.0	1.1278700000000002	-3.3565	-3.39459	0.355459	
0	0.700852	-0.0340236	-0.712495	0.0	0.648963	0.444999	0.617108	0.0	0.296063	-0.894885	0.333958	0.0	-3.1516900000000003	-3.50193	-3.02063	0.351141	-0.185727	0.386364	-0.9034540000000001	0.0	0.74542	-0.5436529999999999	-0.385733	0.0	-0.640199	-0.7450939999999999	-0.187033	0.0	1.12811	-3.3684800000000004	-3.37468	0.355454	
0	0.704467	-0.0490246	-0.708041	0.0	0.6488649999999999	0.44870699999999997	0.614522	0.0	0.287576	-0.892334	0.34791	0.0	-3.19633	-3.42012	-3.02869	0.352508	-0.18464	0.385571	-0.904015	0.0	0.745138	-0.544858	-0.384577	0.0	-0.640841	-0.744624	-0.186701	0.0	1.1235600000000001	-3.36882	-3.3454699999999997	0.355439	
0	0.7202649999999999	-0.0679284	-0.690365	0.0	0.636142	0.461581	0.6182770000000001	0.0	0.276661	-0.884494	0.375673	0.0	-3.23933	-3.3708400000000003	-3.0234099999999997	0.352556	-0.18490299999999998	0.38490599999999997	-0.904244	0.0	0.742963	-0.547531	-0.38498899999999997	0.0	-0.6432859999999999	-0.743006	-0.184731	0.0	1.11291	-3.3688599999999997	-3.33092	0.355352	
0	0.726904	-0.0935997	-0.68033	0.0	0.635846	0.465996	0.615263	0.0	0.259443	-0.8798219999999999	0.39824899999999996	0.0	-3.23733	-3.3700900000000003	-3.0064599999999997	0.352423	-0.185334	0.384182	-0.9044639999999999	0.0	0.742398	-0.548279	-0.385013	0.0	-0.643814	-0.742829	-0.183602	0.0	1.10471	-3.37114	-3.32176	0.355578	
0	0.744337	-0.138676	-0.653247	0.0	0.6353	0.448513	0.6286729999999999	0.0	0.205808	-0.8829520000000001	0.421946	0.0	-3.2155099999999996	-3.44834	-3.01084	0.35176799999999997	-0.187998	0.382931	-0.904445	0.0	0.740115	-0.550133	-0.38676	0.0	-0.645667	-0.742103	-0.179989	0.0	1.10049	-3.3788699999999996	-3.3064	0.355391	
0	0.755472	-0.174876	-0.631412	0.0	0.637984	0.415705	0.6482020000000001	0.0	0.149126	-0.8925290000000001	0.425622	0.0	-3.21683	-3.5827400000000003	-2.97824	0.351152	-0.188773	0.381067	-0.905071	0.0	0.7391770000000001	-0.5516270000000001	-0.38642600000000005	0.0	-0.646515	-0.741954	-0.177544	0.0	1.09205	-3.38493	-3.3029900000000003	0.35538000000000003	
0	0.763022	-0.19911099999999998	-0.614941	0.0	0.636092	0.400307	0.659652	0.0	0.114821	-0.894488	0.432096	0.0	-3.19417	-3.5851599999999997	-2.9836400000000003	0.348485	-0.1896	0.377017	-0.906593	0.0	0.739186	-0.552936	-0.384534	0.0	-0.646263	-0.7430479999999999	-0.173849	0.0	1.07368	-3.3940599999999996	-3.29523	0.355348	
0	0.7684810000000001	-0.22368600000000002	-0.5995010000000001	0.0	0.633544	0.397428	0.663832	0.0	0.0897684	-0.8899520000000001	0.447132	0.0	-3.17778	-3.5878099999999997	-2.9971400000000004	0.345973	-0.19208599999999998	0.37418	-0.907244	0.0	0.740309	-0.5516270000000001	-0.384252	0.0	-0.6442399999999999	-0.745451	-0.171049	0.0	1.07352	-3.39201	-3.2799400000000003	0.35533400000000004	
0	0.7854899999999999	-0.22843000000000002	-0.575174	0.0	0.616041	0.37743699999999997	0.691401	0.0	0.059155099999999995	-0.8974190000000001	0.43719600000000003	0.0	-3.16364	-3.5894	-2.98155	0.343321	-0.191548	0.371676	-0.9083870000000001	0.0	0.741961	-0.551031	-0.381914	0.0	-0.642497	-0.747143	-0.17022	0.0	1.0864200000000002	-3.38009	-3.27415	0.355205	
0	0.793916	-0.228527	-0.563447	0.0	0.605834	0.37595700000000004	0.7011569999999999	0.0	0.0515981	-0.898016	0.436928	0.0	-3.2124599999999996	-3.58925	-3.0472200000000003	0.238623	-0.191715	0.368794	-0.909525	0.0	0.742532	-0.551492	-0.380134	0.0	-0.641788	-0.748229	-0.16811199999999998	0.0	1.0915700000000002	-3.37635	-3.26666	0.355038	
0	0.811105	-0.233548	-0.536249	0.0	0.582991	0.396832	0.708975	0.0	0.0472211	-0.887682	0.458029	0.0	-3.22827	-3.60269	-3.0384	0.134758	-0.189633	0.36735	-0.910546	0.0	0.743116	-0.552423	-0.377633	0.0	-0.64173	-0.748253	-0.168226	0.0	1.09241	-3.3728300000000004	-3.25327	0.35489899999999996	
0	0.836103	-0.20814499999999997	-0.50755	0.0	0.54314	0.44397600000000004	0.7126600000000001	0.0	0.0770039	-0.8715280000000001	0.48426199999999997	0.0	-3.26646	-3.60836	-3.0543	0.13476400000000002	-0.189107	0.363749	-0.9121	0.0	0.742224	-0.555203	-0.375303	0.0	-0.642917	-0.747955	-0.164991	0.0	1.09381	-3.37644	-3.23156	0.35475999999999996	
0	0.849417	-0.172041	-0.498891	0.0	0.516853	0.462092	0.720648	0.0	0.106552	-0.869984	0.481429	0.0	-3.3008300000000004	-3.6088199999999997	-3.05363	0.134748	-0.188414	0.361648	-0.9130780000000001	0.0	0.74244	-0.556145	-0.37347800000000003	0.0	-0.642871	-0.748274	-0.163717	0.0	1.09779	-3.37411	-3.22312	0.354557	
0	0.85044	-0.146561	-0.5052439999999999	0.0	0.508465	0.475387	0.717962	0.0	0.134961	-0.867483	0.47881	0.0	-3.3363199999999997	-3.6089900000000004	-3.04858	0.13460899999999998	-0.187906	0.363806	-0.912325	0.0	0.741758	-0.556295	-0.374608	0.0	-0.643807	-0.747115	-0.165325	0.0	1.1110799999999998	-3.37036	-3.21913	0.35467600000000005	
0	0.833341	-0.12444000000000001	-0.538569	0.0	0.525962	0.478196	0.703344	0.0	0.170018	-0.8693930000000001	0.463951	0.0	-3.3846199999999995	-3.6022800000000004	-3.04003	0.13463699999999998	-0.188826	0.365699	-0.911377	0.0	0.740981	-0.555976	-0.37661300000000003	0.0	-0.6444310000000001	-0.746428	-0.165993	0.0	1.11437	-3.37711	-3.21411	0.354574	
0	0.823235	-0.0862975	-0.561103	0.0	0.529556	0.472919	0.7042149999999999	0.0	0.204584	-0.87687	0.435022	0.0	-3.4186900000000002	-3.5839800000000004	-3.01133	0.135148	-0.190864	0.37140100000000004	-0.908643	0.0	0.739846	-0.5539310000000001	-0.381823	0.0	-0.645135	-0.745132	-0.169054	0.0	1.10917	-3.38251	-3.2111	0.354614	
0	0.798992	-0.0339552	-0.600383	0.0	0.547132	0.45532100000000003	0.7023739999999999	0.0	0.24951700000000002	-0.8896799999999999	0.38237600000000005	0.0	-3.48685	-3.5478699999999996	-2.97587	0.134828	-0.191408	0.382477	-0.9039209999999999	0.0	0.73758	-0.551556	-0.389565	0.0	-0.647563	-0.74128	-0.176536	0.0	1.10945	-3.3870199999999997	-3.2371	0.354877	
0	0.780546	0.00907883	-0.6250319999999999	0.0	0.564303	0.419901	0.710806	0.0	0.268905	-0.907525	0.322629	0.0	-3.60419	-3.2797199999999997	-3.12885	0.134743	-0.176146	0.396746	-0.900869	0.0	0.732143	-0.558932	-0.38931	0.0	-0.657981	-0.72814	-0.192021	0.0	1.10586	-3.37246	-3.27668	0.35565	
0	0.7731359999999999	0.045825199999999996	-0.632583	0.0	0.561088	0.41559799999999997	0.715862	0.0	0.295705	-0.908393	0.295602	0.0	-3.64514	-2.7593	-3.12626	0.1346	-0.145124	0.413204	-0.899001	0.0	0.7304109999999999	-0.568171	-0.37905500000000003	0.0	-0.667413	-0.711649	-0.21935300000000002	0.0	1.0786799999999999	-3.35065	-3.3443099999999997	0.356058	
0	0.761684	0.0759895	-0.643478	0.0	0.562738	0.414704	0.715086	0.0	0.32119200000000003	-0.9067780000000001	0.273111	0.0	-3.6698699999999995	-2.3181	-3.2861800000000003	0.134692	-0.119148	0.425846	-0.8969159999999999	0.0	0.727846	-0.576958	-0.370622	0.0	-0.6753100000000001	-0.696976	-0.241207	0.0	1.07976	-3.3377199999999996	-3.4118800000000005	0.356295	
0	0.746637	0.11578800000000002	-0.655077	0.0	0.557855	0.42746999999999996	0.711384	0.0	0.362396	-0.896584	0.25457199999999996	0.0	-3.657	-1.9439400000000002	-3.3205	0.134736	-0.07722260000000002	0.441154	-0.8941030000000001	0.0	0.7035939999999999	-0.611265	-0.362369	0.0	-0.706394	-0.657068	-0.263189	0.0	1.0924200000000002	-3.3093800000000004	-3.47906	0.356538	
1	0.724074	0.147565	-0.673752	0.0	0.552739	0.460139	0.694803	0.0	0.412549	-0.875498	0.25161	0.0	-3.6078	-1.81128	-3.30836	0.134731	-0.0218234	0.447083	-0.8942260000000001	0.0	0.6662710000000001	-0.660361	-0.346418	0.0	-0.74539	-0.6033569999999999	-0.283467	0.0	1.08027	-3.25304	-3.5033	0.35616	
1	0.6944739999999999	0.197935	-0.691757	0.0	0.5276109999999999	0.513599	0.6766409999999999	0.0	0.489217	-0.834888	0.252248	0.0	-3.49214	-1.77971	-3.29324	0.134732	0.0484809	0.431695	-0.900716	0.0	0.614241	-0.723986	-0.31393000000000004	0.0	-0.787628	-0.538037	-0.300265	0.0	1.0299	-3.1629099999999997	-3.5269999999999997	0.355781	
1	0.631324	0.29414	-0.7175739999999999	0.0	0.477238	0.5819850000000001	0.658436	0.0	0.6112890000000001	-0.758139	0.22704699999999997	0.0	-3.08985	-1.8125799999999999	-3.3658699999999997	0.134687	0.151857	0.408078	-0.9002290000000001	0.0	0.515497	-0.809808	-0.280132	0.0	-0.8433280000000001	-0.421525	-0.333338	0.0	0.886719	-2.90932	-3.53957	0.355811	
1	0.6097859999999999	0.32114000000000004	-0.724589	0.0	0.461164	0.5997680000000001	0.6539159999999999	0.0	0.644584	-0.732904	0.21763200000000002	0.0	-2.93595	-1.87832	-3.3977800000000005	0.134686	0.169433	0.39003899999999997	-0.905076	0.0	0.491145	-0.829607	-0.265572	0.0	-0.854441	-0.399527	-0.33212800000000003	0.0	0.85569	-2.85707	-3.53249	0.349492	
1	0.568684	0.370567	-0.734356	0.0	0.45747299999999996	0.599476	0.656771	0.0	0.683606	-0.709443	0.171388	0.0	-2.51767	-2.0350599999999996	-3.5085900000000003	0.134731	0.21030300000000002	0.31472	-0.925594	0.0	0.370678	-0.9017430000000001	-0.22238899999999998	0.0	-0.904639	-0.29632800000000004	-0.306299	0.0	0.7240800000000001	-2.6999	-3.49445	0.345659	
1	0.554658	0.394915	-0.732391	0.0	0.464855	0.582958	0.6663859999999999	0.0	0.6901189999999999	-0.710072	0.139764	0.0	-2.3456200000000003	-2.10336	-3.5767599999999997	0.134686	0.230012	0.267488	-0.9357059999999999	0.0	0.289042	-0.936876	-0.196771	0.0	-0.9292729999999999	-0.22519899999999998	-0.292808	0.0	0.654262	-2.54965	-3.4701199999999996	0.345368	
1	0.544673	0.403384	-0.735264	0.0	0.46874399999999994	0.5805640000000001	0.665751	0.0	0.695421	-0.707267	0.127133	0.0	-2.26593	-2.13232	-3.6272	0.134735	0.23396799999999998	0.24698299999999998	-0.94035	0.0	0.26046199999999997	-0.947765	-0.184125	0.0	-0.9367059999999999	-0.201846	-0.286076	0.0	0.617256	-2.4660599999999997	-3.4497800000000005	0.345368	
1	0.54643	0.401379	-0.735057	0.0	0.46141899999999997	0.588175	0.6641859999999999	0.0	0.698932	-0.702101	0.136193	0.0	-2.09102	-2.22463	-3.7068	0.134734	0.212577	0.217795	-0.9525629999999999	0.0	0.21465399999999998	-0.96144	-0.171922	0.0	-0.953276	-0.167925	-0.25113	0.0	0.52849	-2.3301	-3.36901	0.345536	
1	0.54855	0.398658	-0.734959	0.0	0.46249399999999996	0.58762	0.663929	0.0	0.696558	-0.704113	0.137962	0.0	-2.05123	-2.24327	-3.72795	0.134689	0.205346	0.22035700000000003	-0.9535600000000001	0.0	0.21642399999999998	-0.960426	-0.175337	0.0	-0.9544600000000001	-0.170369	-0.24491100000000002	0.0	0.5079819999999999	-2.2964599999999997	-3.3385800000000003	0.345989	
1	0.562107	0.384844	-0.732073	0.0	0.47389499999999996	0.575569	0.666441	0.0	0.677834	-0.721537	0.141156	0.0	-1.9992900000000002	-2.27276	-3.7915300000000003	0.134731	0.192564	0.219052	-0.956522	0.0	0.21290599999999998	-0.960872	-0.17718599999999998	0.0	-0.957909	-0.16953	-0.231667	0.0	0.47601899999999997	-2.2469	-3.29564	0.346139	
1	0.5667449999999999	0.37751799999999996	-0.732312	0.0	0.476567	0.574842	0.665162	0.0	0.672074	-0.725973	0.145877	0.0	-1.9840400000000002	-2.2823	-3.80625	0.134688	0.189615	0.218937	-0.9571379999999999	0.0	0.212227	-0.960917	-0.177758	0.0	-0.958648	-0.169424	-0.228669	0.0	0.469841	-2.2286799999999998	-3.27257	0.34620700000000004	
1	0.566796	0.37032600000000004	-0.735935	0.0	0.475688	0.582228	0.659342	0.0	0.672654	-0.723788	0.153845	0.0	-1.955	-2.32119	-3.82934	0.134686	0.167766	0.23184200000000002	-0.9581770000000001	0.0	0.212878	-0.957542	-0.194416	0.0	-0.962568	-0.17135899999999998	-0.209997	0.0	0.40998	-2.22703	-3.19265	0.346223	
1	0.566862	0.356578	-0.742643	0.0	0.486717	0.5823550000000001	0.651129	0.0	0.664661	-0.730558	0.15656199999999998	0.0	-1.91715	-2.33255	-3.82651	0.134732	0.150059	0.249279	-0.956735	0.0	0.221532	-0.951565	-0.21318600000000001	0.0	-0.9635379999999999	-0.179957	-0.19801400000000002	0.0	0.35825999999999997	-2.25541	-3.1455599999999997	0.34636100000000003	
1	0.5769340000000001	0.34488800000000003	-0.740405	0.0	0.493584	0.5750350000000001	0.652464	0.0	0.650786	-0.741881	0.161526	0.0	-1.88788	-2.3485400000000003	-3.7917199999999998	0.134732	0.130089	0.255836	-0.9579270000000001	0.0	0.222154	-0.949095	-0.223308	0.0	-0.9662940000000001	-0.183758	-0.180302	0.0	0.297457	-2.29086	-3.09072	0.346702	
1	0.577851	0.338554	-0.74261	0.0	0.499327	0.573079	0.64981	0.0	0.64557	-0.7462979999999999	0.162105	0.0	-1.87916	-2.36042	-3.7903599999999997	0.134689	0.118719	0.254527	-0.959751	0.0	0.21897399999999997	-0.9495	-0.224721	0.0	-0.9684809999999999	-0.183482	-0.168459	0.0	0.24545	-2.29774	-3.06175	0.346969	
1	0.576539	0.32906599999999997	-0.747876	0.0	0.49982600000000005	0.582034	0.641413	0.0	0.646356	-0.743607	0.17108900000000002	0.0	-1.8692099999999998	-2.38263	-3.7899599999999998	0.134707	0.10372	0.266077	-0.958355	0.0	0.216833	-0.946425	-0.239298	0.0	-0.970683	-0.18298299999999998	-0.155858	0.0	0.17868	-2.2814900000000002	-2.99963	0.34723000000000004	
1	0.576425	0.324996	-0.749741	0.0	0.5020819999999999	0.583024	0.638746	0.0	0.6447069999999999	-0.744621	0.172895	0.0	-1.8737700000000002	-2.38192	-3.7871300000000003	0.134719	0.0993834	0.27017399999999997	-0.9576690000000001	0.0	0.214887	-0.94555	-0.244455	0.0	-0.971569	-0.18149500000000002	-0.152029	0.0	0.167638	-2.29353	-2.98244	0.347249	
1	0.579079	0.322308	-0.7488560000000001	0.0	0.49949499999999997	0.585692	0.6383340000000001	0.0	0.644339	-0.743695	0.178171	0.0	-1.85327	-2.3757099999999998	-3.7707300000000004	0.134687	0.0769235	0.304678	-0.9493440000000001	0.0	0.23728600000000002	-0.9304020000000001	-0.279371	0.0	-0.96839	-0.203775	-0.14386600000000002	0.0	0.0967255	-2.33894	-2.96076	0.331156	
1	0.5851430000000001	0.329262	-0.7410760000000001	0.0	0.496292	0.577328	0.648373	0.0	0.641329	-0.7471810000000001	0.17440899999999998	0.0	-1.8880599999999998	-2.37985	-3.7743900000000004	0.13529000000000002	0.06390660000000001	0.316916	-0.946298	0.0	0.24030900000000002	-0.925221	-0.293628	0.0	-0.96859	-0.208639	-0.135286	0.0	0.0876529	-2.39074	-2.9558299999999997	0.201771	
1	0.59077	0.329781	-0.736367	0.0	0.492917	0.575024	0.652979	0.0	0.638768	-0.748727	0.177152	0.0	-1.86473	-2.42044	-3.83057	0.13564	0.0713138	0.314633	-0.9465309999999999	0.0	0.248998	-0.9245190000000001	-0.288556	0.0	-0.965875	-0.215106	-0.144274	0.0	0.105371	-2.43367	-2.99741	0.200689	
