3	0.593132	0.516197	-0.617846	0.0	0.68614	0.0773797	0.7233430000000001	0.0	0.421196	-0.852967	-0.308287	0.0	-2.73968	2.0	1.46191	0.0	-0.593133	0.516197	-0.617846	0.0	0.750506	0.0767095	-0.656397	0.0	-0.291435	-0.8530280000000001	-0.432908	0.0	2.66032	2.0	1.53809	0.0	
3	0.192183	0.832752	-0.51922	0.0	0.294642	0.45571000000000006	0.839949	0.0	0.936083	-0.31440799999999997	-0.15778399999999998	0.0	-2.75973	1.9927700000000002	1.37527	0.0	-0.202681	0.8259540000000001	-0.526043	0.0	0.35081100000000004	-0.44029399999999996	-0.826483	0.0	-0.91425	-0.352054	-0.200514	0.0	2.6744	2.01573	1.5798	1.83508e-05	
3	0.11961500000000001	0.849139	-0.514446	0.0	0.214719	0.48377700000000007	0.8484430000000001	0.0	0.969324	-0.211948	-0.12445899999999999	0.0	-2.77763	1.99994	1.36729	0.0	-0.101647	0.823578	-0.558022	0.0	0.312279	-0.50616	-0.803918	0.0	-0.9445370000000001	-0.255974	-0.20573699999999998	0.0	2.74574	2.0497099999999997	1.54146	0.0	
3	0.10354400000000001	0.8480129999999999	-0.5197609999999999	0.0	0.223802	0.48930500000000005	0.842908	0.0	0.9691190000000001	-0.203602	-0.139122	0.0	-2.77066	2.0537900000000002	1.35913	0.0	-0.0940164	0.8325629999999999	-0.545894	0.0	0.327469	-0.491951	-0.80669	0.0	-0.9401729999999999	-0.254605	-0.22638699999999998	0.0	2.75481	2.10697	1.50074	0.0	
3	0.0886138	0.84559	-0.5264270000000001	0.0	0.225456	0.497762	0.837498	0.0	0.9702149999999999	-0.1929	-0.146535	0.0	-2.77603	2.12627	1.33725	0.0	-0.0668715	0.855024	-0.514259	0.0	0.30178	-0.473941	-0.8272299999999999	0.0	-0.9510299999999999	-0.210511	-0.226336	0.0	2.8080700000000003	2.14174	1.41959	0.0951613	
3	0.06714769999999999	0.8423879999999999	-0.534671	0.0	0.23533099999999998	0.507389	0.82896	0.0	0.969593	-0.18148699999999998	-0.16417	0.0	-2.81659	2.2151400000000003	1.34956	0.343927	-0.0862961	0.877289	-0.47213999999999995	0.0	0.290401	-0.43117799999999995	-0.8542559999999999	0.0	-0.9530059999999999	-0.210829	-0.21755700000000003	0.0	2.8159	2.20091	1.3731	0.357616	
3	0.074339	0.850635	-0.520474	0.0	0.225831	0.494	0.839622	0.0	0.971326	-0.179956	-0.155376	0.0	-2.71178	2.2567	1.3725100000000001	0.347655	-0.09117439999999999	0.87982	-0.46648	0.0	0.295026	-0.423538	-0.85649	0.0	-0.9511299999999999	-0.215714	-0.22095399999999998	0.0	2.7551200000000002	2.19611	1.3551600000000001	0.357756	
3	0.091856	0.854512	-0.511245	0.0	0.255941	0.47590699999999997	0.841432	0.0	0.962319	-0.208139	-0.17499	0.0	-2.70655	2.25953	1.37315	0.349001	-0.117399	0.865965	-0.48613	0.0	0.309178	-0.43331499999999995	-0.84655	0.0	-0.94373	-0.249685	-0.216867	0.0	2.75563	2.1492299999999998	1.371	0.357978	
3	0.10528900000000001	0.842449	-0.528388	0.0	0.26808200000000004	0.487624	0.8308760000000001	0.0	0.957626	-0.229133	-0.174504	0.0	-2.71549	2.24273	1.34738	0.348654	-0.10724600000000001	0.8392149999999999	-0.5331199999999999	0.0	0.329728	-0.47584499999999996	-0.815384	0.0	-0.9379649999999999	-0.263231	-0.22568000000000002	0.0	2.74572	2.14035	1.3637299999999999	0.358813	
3	0.153774	0.791262	-0.5918260000000001	0.0	0.339773	0.520083	0.783625	0.0	0.927851	-0.321588	-0.188875	0.0	-2.7004200000000003	2.19128	1.30019	0.34887399999999996	-0.0749761	0.759208	-0.646515	0.0	0.412484	-0.56666	-0.71327	0.0	-0.907874	-0.320155	-0.270676	0.0	2.73693	2.12814	1.28099	0.358757	
3	0.214204	0.69311	-0.6882699999999999	0.0	0.444561	0.558241	0.700523	0.0	0.8697600000000001	-0.45603299999999997	-0.188552	0.0	-2.6726400000000003	1.99052	1.21854	0.350846	-0.0637714	0.68085	-0.729641	0.0	0.509764	-0.6063270000000001	-0.6103350000000001	0.0	-0.8579479999999999	-0.410867	-0.30840700000000004	0.0	2.71733	2.00026	1.08585	0.358901	
3	0.251573	0.629595	-0.735066	0.0	0.50989	0.559327	0.653579	0.0	0.8226319999999999	-0.539225	-0.180312	0.0	-2.6715	1.73416	1.01762	0.350881	-0.0676544	0.601442	-0.7960470000000001	0.0	0.593329	-0.617201	-0.5167430000000001	0.0	-0.8021119999999999	-0.507278	-0.31509699999999996	0.0	2.69922	1.7389599999999998	0.8136939999999999	0.358792	
3	0.28834099999999996	0.5681149999999999	-0.770782	0.0	0.5581699999999999	0.5543319999999999	0.617383	0.0	0.778014	-0.608245	-0.15726800000000002	0.0	-2.63328	1.4537799999999999	0.746169	0.350905	-0.0500705	0.531975	-0.8452780000000001	0.0	0.634979	-0.636311	-0.438075	0.0	-0.7709050000000001	-0.558669	-0.305933	0.0	2.6886900000000002	1.46859	0.477188	0.358964	
3	0.29486100000000004	0.489129	-0.820859	0.0	0.613115	0.56205	0.555148	0.0	0.732903	-0.6669729999999999	-0.134166	0.0	-2.58195	1.10156	0.429148	0.351856	-0.0348936	0.47042399999999995	-0.88175	0.0	0.690736	-0.626282	-0.36146300000000003	0.0	-0.7222649999999999	-0.6216689999999999	-0.303086	0.0	2.6349099999999996	1.1511	0.127022	0.358757	
3	0.286281	0.446079	-0.847972	0.0	0.652091	0.55772	0.513542	0.0	0.702012	-0.699972	-0.13122	0.0	-2.57405	0.8044	0.12238399999999999	0.35165100000000005	-0.0389431	0.43031400000000003	-0.901839	0.0	0.733834	-0.600251	-0.31809899999999997	0.0	-0.678212	-0.674187	-0.292404	0.0	2.60777	0.8313969999999999	-0.137138	0.358954	
3	0.26979899999999996	0.43365299999999996	-0.859741	0.0	0.703755	0.520594	0.483436	0.0	0.657219	-0.735477	-0.164729	0.0	-2.5910900000000003	0.516126	-0.24369200000000002	0.351572	-0.0260647	0.40473200000000004	-0.914064	0.0	0.757541	-0.588623	-0.282233	0.0	-0.652267	-0.699797	-0.291258	0.0	2.6002400000000003	0.5087010000000001	-0.444842	0.358458	
3	0.23168699999999998	0.42713	-0.8740030000000001	0.0	0.739715	0.506142	0.44344399999999995	0.0	0.631778	-0.749253	-0.198687	0.0	-2.6263099999999997	0.315163	-0.595813	0.351436	-0.00684541	0.396201	-0.9181379999999999	0.0	0.772231	-0.581231	-0.25657399999999997	0.0	-0.635305	-0.7107720000000001	-0.30198	0.0	2.57825	0.279981	-0.7337100000000001	0.358452	
3	0.193617	0.436004	-0.87887	0.0	0.774277	0.482235	0.40981000000000006	0.0	0.6025	-0.759835	-0.24422	0.0	-2.69265	0.0820066	-1.03441	0.351462	0.00408924	0.396582	-0.91799	0.0	0.782938	-0.572349	-0.243773	0.0	-0.622087	-0.7177319999999999	-0.31284	0.0	2.56862	0.03741919999999999	-1.05742	0.357692	
3	0.16836099999999998	0.445391	-0.8793639999999999	0.0	0.797251	0.463107	0.38719899999999996	0.0	0.5796939999999999	-0.766263	-0.277119	0.0	-2.72819	-0.132464	-1.44366	0.350984	0.00633383	0.387314	-0.921926	0.0	0.80088	-0.554029	-0.227253	0.0	-0.598792	-0.736913	-0.313701	0.0	2.54667	-0.20775500000000002	-1.3161200000000002	0.357401	
3	0.128425	0.45087700000000003	-0.883299	0.0	0.810036	0.466158	0.355722	0.0	0.572144	-0.761188	-0.305361	0.0	-2.7985	-0.32266500000000004	-1.82687	0.350561	0.0211737	0.38097	-0.9243450000000001	0.0	0.806281	-0.553182	-0.209525	0.0	-0.591154	-0.740845	-0.318882	0.0	2.54517	-0.44553999999999994	-1.59655	0.35728200000000004	
3	0.112061	0.449809	-0.886067	0.0	0.824675	0.45538100000000004	0.335469	0.0	0.554395	-0.76831	-0.319916	0.0	-2.8757599999999996	-0.511328	-2.10255	0.349955	0.0238286	0.372082	-0.927894	0.0	0.81376	-0.546365	-0.198193	0.0	-0.580713	-0.75036	-0.315805	0.0	2.5790900000000003	-0.655637	-1.8012099999999998	0.356795	
3	0.099492	0.431996	-0.8963709999999999	0.0	0.8305290000000001	0.460085	0.313917	0.0	0.548018	-0.775694	-0.31301	0.0	-2.95208	-0.941624	-2.49179	0.34887199999999996	0.0228362	0.346479	-0.93778	0.0	0.8353010000000001	-0.522022	-0.172529	0.0	-0.549319	-0.779388	-0.30133499999999996	0.0	2.6670700000000003	-1.0988200000000001	-2.11754	0.35645	
3	0.09515760000000001	0.457132	-0.884294	0.0	0.8226370000000001	0.464107	0.328441	0.0	0.5605479999999999	-0.758706	-0.331891	0.0	-2.94754	-1.29236	-2.7328	0.346578	0.033254	0.34336300000000003	-0.938614	0.0	0.832385	-0.52933	-0.164148	0.0	-0.553199	-0.77583	-0.303413	0.0	2.78797	-1.5388899999999999	-2.20588	0.357074	
3	0.0385999	0.448729	-0.892834	0.0	0.7617659999999999	0.565044	0.316919	0.0	0.646701	-0.692364	-0.32001599999999997	0.0	-2.80674	-1.43415	-2.8296200000000002	0.33769299999999997	0.0893683	0.335227	-0.937889	0.0	0.784169	-0.6042569999999999	-0.141257	0.0	-0.614079	-0.722839	-0.316877	0.0	2.8524	-1.6437599999999999	-2.29026	0.36083699999999996	
3	0.0443376	0.45611599999999997	-0.8888149999999999	0.0	0.754745	0.5675979999999999	0.328926	0.0	0.654518	-0.685412	-0.31908600000000004	0.0	-2.6106700000000003	-1.45774	-2.84058	0.336859	0.0853779	0.336459	-0.9378200000000001	0.0	0.785089	-0.602267	-0.1446	0.0	-0.61347	-0.7239270000000001	-0.315571	0.0	2.83914	-1.63802	-2.34375	0.36027800000000004	
3	0.0469949	0.46845299999999995	-0.882238	0.0	0.751933	0.56482	0.339963	0.0	0.657562	-0.679361	-0.325702	0.0	-2.5724	-1.4441	-2.87411	0.337215	0.0830206	0.342387	-0.935884	0.0	0.7807350000000001	-0.6059829999999999	-0.152437	0.0	-0.619322	-0.718022	-0.317623	0.0	2.85665	-1.64173	-2.33264	0.360166	
3	0.050362	0.465268	-0.8837360000000001	0.0	0.756268	0.560179	0.33802	0.0	0.652321	-0.685365	-0.323656	0.0	-2.5931	-1.44656	-2.8633	0.339075	0.08173710000000001	0.342332	-0.936017	0.0	0.7828890000000001	-0.603243	-0.15226099999999998	0.0	-0.6167699999999999	-0.720352	-0.317316	0.0	2.86412	-1.6461700000000001	-2.3178900000000002	0.359759	
3	0.05203869999999999	0.46109399999999995	-0.885824	0.0	0.759764	0.557393	0.33476999999999996	0.0	0.648113	-0.690439	-0.321316	0.0	-2.66264	-1.44985	-2.84427	0.340545	0.08169030000000001	0.34261199999999997	-0.9359190000000001	0.0	0.783646	-0.6023029999999999	-0.152086	0.0	-0.615813	-0.721005	-0.317689	0.0	2.87105	-1.6501599999999998	-2.3033200000000003	0.359683	
3	0.051766	0.46029799999999993	-0.8862540000000001	0.0	0.760267	0.557267	0.333838	0.0	0.647545	-0.691071	-0.321102	0.0	-2.6968900000000002	-1.4531	-2.83162	0.34099	0.0817609	0.343142	-0.935718	0.0	0.7831779999999999	-0.602777	-0.152615	0.0	-0.616398	-0.720356	-0.318025	0.0	2.87683	-1.65041	-2.3023599999999997	0.359555	
3	0.051768299999999996	0.46030600000000005	-0.88625	0.0	0.760263	0.557268	0.333846	0.0	0.64755	-0.6910649999999999	-0.32110500000000003	0.0	-2.69639	-1.45308	-2.83181	0.340991	0.0817568	0.34314	-0.9357190000000001	0.0	0.783179	-0.602776	-0.152617	0.0	-0.616398	-0.7203579999999999	-0.318021	0.0	2.8767	-1.65042	-2.3023599999999997	0.359555	
3	0.0517682	0.46030600000000005	-0.88625	0.0	0.760263	0.557267	0.333847	0.0	0.64755	-0.6910649999999999	-0.32110500000000003	0.0	-2.69638	-1.45307	-2.83181	0.340991	0.0817568	0.34314	-0.9357190000000001	0.0	0.783179	-0.602776	-0.152617	0.0	-0.616398	-0.7203579999999999	-0.318021	0.0	2.8767	-1.65042	-2.3023599999999997	0.359555	
3	0.0517682	0.46030600000000005	-0.88625	0.0	0.760263	0.557267	0.333846	0.0	0.64755	-0.6910649999999999	-0.32110500000000003	0.0	-2.69638	-1.45307	-2.83181	0.340991	0.0817569	0.34314	-0.9357190000000001	0.0	0.783179	-0.602776	-0.152617	0.0	-0.616398	-0.7203579999999999	-0.318021	0.0	2.8767	-1.65042	-2.3023599999999997	0.359555	
3	0.0517682	0.46030600000000005	-0.88625	0.0	0.760263	0.557267	0.333846	0.0	0.64755	-0.6910649999999999	-0.32110500000000003	0.0	-2.69638	-1.45307	-2.83181	0.340991	0.0817569	0.34314	-0.9357190000000001	0.0	0.783179	-0.602776	-0.152617	0.0	-0.616398	-0.7203579999999999	-0.318021	0.0	2.8767	-1.65042	-2.3023599999999997	0.359555	
3	0.0517682	0.46030600000000005	-0.88625	0.0	0.760263	0.557267	0.333846	0.0	0.64755	-0.6910649999999999	-0.32110500000000003	0.0	-2.69638	-1.45307	-2.83181	0.340991	0.0817569	0.34314	-0.9357190000000001	0.0	0.783179	-0.602776	-0.152617	0.0	-0.616398	-0.7203579999999999	-0.318021	0.0	2.8767	-1.65042	-2.3023599999999997	0.359555	
3	0.0517684	0.46030600000000005	-0.886249	0.0	0.760263	0.557267	0.333847	0.0	0.64755	-0.6910649999999999	-0.32110500000000003	0.0	-2.69638	-1.45307	-2.83181	0.340991	0.0817569	0.34314	-0.9357190000000001	0.0	0.783179	-0.602776	-0.152617	0.0	-0.616398	-0.7203579999999999	-0.318021	0.0	2.8767	-1.65042	-2.3023599999999997	0.359555	
3	0.0517682	0.46030600000000005	-0.88625	0.0	0.760263	0.557267	0.333847	0.0	0.64755	-0.6910649999999999	-0.32110500000000003	0.0	-2.69638	-1.45307	-2.83181	0.340991	0.0817569	0.34314	-0.9357190000000001	0.0	0.783179	-0.602776	-0.152617	0.0	-0.616398	-0.7203579999999999	-0.318021	0.0	2.8767	-1.65042	-2.3023599999999997	0.359555	
3	0.0517682	0.46030600000000005	-0.88625	0.0	0.760263	0.557267	0.333846	0.0	0.64755	-0.6910649999999999	-0.32110500000000003	0.0	-2.69638	-1.45307	-2.83181	0.340991	0.0817569	0.34314	-0.9357190000000001	0.0	0.783179	-0.602776	-0.152617	0.0	-0.616398	-0.7203579999999999	-0.318021	0.0	2.8767	-1.65042	-2.3023599999999997	0.359555	
3	0.0517682	0.46030600000000005	-0.88625	0.0	0.760263	0.557267	0.333846	0.0	0.64755	-0.6910649999999999	-0.32110500000000003	0.0	-2.69638	-1.45307	-2.83181	0.340991	0.0817569	0.34314	-0.9357190000000001	0.0	0.783179	-0.602776	-0.152617	0.0	-0.616398	-0.7203579999999999	-0.318021	0.0	2.8767	-1.65042	-2.3023599999999997	0.359555	
3	0.0517682	0.46030600000000005	-0.88625	0.0	0.760263	0.557267	0.333847	0.0	0.64755	-0.6910649999999999	-0.32110500000000003	0.0	-2.69638	-1.45307	-2.83181	0.340991	0.0817569	0.34314	-0.9357190000000001	0.0	0.783179	-0.602776	-0.152617	0.0	-0.616398	-0.7203579999999999	-0.318021	0.0	2.8767	-1.65042	-2.3023599999999997	0.359555	
3	0.0517682	0.46030600000000005	-0.88625	0.0	0.760263	0.557267	0.333846	0.0	0.64755	-0.6910649999999999	-0.32110500000000003	0.0	-2.69638	-1.45307	-2.83181	0.340991	0.0817569	0.34314	-0.9357190000000001	0.0	0.783179	-0.602776	-0.152617	0.0	-0.616398	-0.7203579999999999	-0.318021	0.0	2.8767	-1.65042	-2.3023599999999997	0.359555	
3	0.0517682	0.46030600000000005	-0.88625	0.0	0.760263	0.557267	0.333847	0.0	0.64755	-0.6910649999999999	-0.32110500000000003	0.0	-2.69638	-1.45307	-2.83181	0.340991	0.0817569	0.34314	-0.9357190000000001	0.0	0.783179	-0.602776	-0.152617	0.0	-0.616398	-0.7203579999999999	-0.318021	0.0	2.8767	-1.65042	-2.3023599999999997	0.359555	
3	0.0517682	0.46030600000000005	-0.88625	0.0	0.760263	0.557267	0.333847	0.0	0.64755	-0.6910649999999999	-0.32110500000000003	0.0	-2.69638	-1.45307	-2.83181	0.340991	0.0817569	0.34314	-0.9357190000000001	0.0	0.783179	-0.602776	-0.152617	0.0	-0.616398	-0.7203579999999999	-0.318021	0.0	2.8767	-1.65042	-2.3023599999999997	0.359555	
3	0.0517684	0.46030600000000005	-0.886249	0.0	0.760263	0.557267	0.333847	0.0	0.64755	-0.6910649999999999	-0.32110500000000003	0.0	-2.69638	-1.45307	-2.83181	0.340991	0.08175700000000001	0.34314	-0.9357190000000001	0.0	0.783179	-0.602776	-0.152617	0.0	-0.616398	-0.7203579999999999	-0.318021	0.0	2.8767	-1.65042	-2.3023599999999997	0.359555	
3	0.0517682	0.46030600000000005	-0.88625	0.0	0.760263	0.557267	0.333847	0.0	0.64755	-0.6910649999999999	-0.32110500000000003	0.0	-2.69638	-1.45307	-2.83181	0.340991	0.0817569	0.34314	-0.9357190000000001	0.0	0.783179	-0.602776	-0.152617	0.0	-0.616398	-0.7203579999999999	-0.318021	0.0	2.8767	-1.65042	-2.3023599999999997	0.359555	
3	0.0517682	0.46030600000000005	-0.88625	0.0	0.760263	0.557267	0.333846	0.0	0.64755	-0.6910649999999999	-0.32110500000000003	0.0	-2.69638	-1.45307	-2.83181	0.340991	0.0817568	0.34314	-0.9357190000000001	0.0	0.783179	-0.602776	-0.152617	0.0	-0.616398	-0.7203579999999999	-0.31802199999999997	0.0	2.8767	-1.65042	-2.3023599999999997	0.359555	
3	-0.0229236	0.542978	-0.839434	0.0	0.706576	0.6028140000000001	0.370628	0.0	0.707266	-0.5846279999999999	-0.397474	0.0	-2.69632	-1.58873	-2.98802	0.356663	0.13664400000000002	0.448013	-0.883523	0.0	0.6776300000000001	-0.692851	-0.246527	0.0	-0.722597	-0.5650149999999999	-0.398262	0.0	2.68893	-1.66705	-2.41723	0.339973	
3	0.044522900000000004	0.525559	-0.849592	0.0	0.722013	0.5708340000000001	0.39095599999999997	0.0	0.690446	-0.630822	-0.354045	0.0	-2.63702	-1.79371	-3.18305	0.357817	0.109671	0.449187	-0.8866809999999999	0.0	0.678424	-0.685789	-0.263504	0.0	-0.7264390000000001	-0.572647	-0.37995	0.0	2.51175	-1.74118	-2.61714	0.340767	
3	0.13267	0.48597700000000005	-0.8638440000000001	0.0	0.747664	0.523096	0.40910799999999997	0.0	0.65069	-0.700141	-0.293948	0.0	-2.59235	-2.11338	-3.41629	0.358594	0.0779637	0.433489	-0.8977799999999999	0.0	0.6868489999999999	-0.676064	-0.266788	0.0	-0.7226060000000001	-0.5958399999999999	-0.35045	0.0	2.3147599999999997	-1.8735	-2.8999	0.341386	
3	0.18854100000000001	0.41298599999999996	-0.891008	0.0	0.766219	0.505656	0.396509	0.0	0.614296	-0.757466	-0.22110100000000002	0.0	-2.65941	-2.48197	-3.6635800000000005	0.359097	0.0549077	0.425476	-0.9033030000000001	0.0	0.696623	-0.6644399999999999	-0.270621	0.0	-0.715333	-0.614402	-0.332879	0.0	2.12727	-2.03251	-3.2236599999999997	0.3418	
3	0.22545700000000002	0.34836500000000004	-0.909841	0.0	0.793858	0.475674	0.378845	0.0	0.564764	-0.8076979999999999	-0.169308	0.0	-2.7433	-2.7884	-3.8635900000000003	0.359072	0.040921	0.422753	-0.9053209999999999	0.0	0.69893	-0.659612	-0.276424	0.0	-0.714019	-0.621444	-0.322467	0.0	1.92955	-2.17771	-3.5320400000000003	0.342317	
3	0.268136	0.270214	-0.924709	0.0	0.813693	0.450349	0.367544	0.0	0.5157579999999999	-0.850982	-0.09911610000000001	0.0	-2.88821	-3.06031	-4.032780000000001	0.35891100000000004	0.025141800000000002	0.41859799999999997	-0.907824	0.0	0.700655	-0.655118	-0.282671	0.0	-0.7130569999999999	-0.6289640000000001	-0.309764	0.0	1.7563400000000002	-2.30845	-3.7645199999999996	0.34222199999999997	
3	0.317787	0.208497	-0.924954	0.0	0.8328059999999999	0.404963	0.377411	0.0	0.45326099999999997	-0.890244	-0.044946	0.0	-3.02916	-3.28855	-4.16125	0.358721	-0.00272369	0.411329	-0.911483	0.0	0.704385	-0.6461979999999999	-0.293717	0.0	-0.709813	-0.642835	-0.28797399999999995	0.0	1.5395299999999998	-2.41413	-3.93554	0.342645	
3	0.360491	0.158559	-0.9191879999999999	0.0	0.8468100000000001	0.357558	0.393784	0.0	0.39110100000000003	-0.9203319999999999	-0.00537324	0.0	-3.17022	-3.42242	-4.26384	0.35836799999999996	-0.025840199999999997	0.40013000000000004	-0.9160940000000001	0.0	0.7044199999999999	-0.642943	-0.300693	0.0	-0.709313	-0.653085	-0.265246	0.0	1.3201399999999999	-2.49931	-4.0212699999999995	0.34279899999999996	
3	0.407715	0.0998563	-0.907633	0.0	0.8463879999999999	0.33165500000000003	0.416692	0.0	0.342631	-0.9381010000000001	0.0507038	0.0	-3.3207400000000002	-3.4908	-4.31251	0.357902	-0.040207400000000004	0.390435	-0.919752	0.0	0.698871	-0.646885	-0.305154	0.0	-0.714117	-0.655057	-0.246854	0.0	1.15246	-2.56873	-4.0507599999999995	0.34313699999999997	
3	0.460966	0.016449599999999998	-0.887265	0.0	0.8327889999999999	0.337363	0.43891800000000003	0.0	0.306551	-0.9412309999999999	0.14181400000000002	0.0	-3.4852199999999995	-3.49935	-4.24453	0.358061	-0.050968	0.385857	-0.921149	0.0	0.694762	-0.648884	-0.31025	0.0	-0.717431	-0.6557930000000001	-0.23500700000000002	0.0	1.00118	-2.68458	-4.09813	0.343418	
3	0.485872	-0.032521299999999996	-0.873425	0.0	0.821101	0.359453	0.443381	0.0	0.299536	-0.9325969999999999	0.201351	0.0	-3.5906800000000003	-3.46204	-4.17252	0.35833899999999996	-0.0589486	0.380131	-0.923053	0.0	0.694592	-0.648504	-0.311425	0.0	-0.716985	-0.659502	-0.225807	0.0	0.9597389999999999	-2.73968	-4.08	0.343523	
3	0.533171	-0.07315039999999999	-0.8428389999999999	0.0	0.788343	0.404473	0.463592	0.0	0.306994	-0.9116200000000001	0.273321	0.0	-3.64876	-3.4292800000000003	-4.03399	0.358599	-0.064123	0.381807	-0.9220149999999999	0.0	0.694431	-0.646462	-0.31599499999999997	0.0	-0.716697	-0.660538	-0.22368600000000002	0.0	0.941363	-2.7936400000000003	-4.07523	0.343304	
3	0.589634	-0.11303800000000001	-0.799721	0.0	0.746758	0.453532	0.48647799999999997	0.0	0.307709	-0.884042	0.35183000000000003	0.0	-3.6004699999999996	-3.4240699999999995	-3.8580400000000004	0.358819	-0.06794789999999999	0.378369	-0.923158	0.0	0.693163	-0.6476	-0.316447	0.0	-0.717571	-0.661401	-0.21826900000000002	0.0	0.939785	-2.84669	-4.056030000000001	0.343369	
3	0.623067	-0.129111	-0.771439	0.0	0.715532	0.49244099999999996	0.49549499999999996	0.0	0.315914	-0.860716	0.39920700000000003	0.0	-3.5794699999999997	-3.42389	-3.6859599999999997	0.35843800000000003	-0.0721518	0.37553400000000003	-0.9239959999999999	0.0	0.690905	-0.649324	-0.317851	0.0	-0.719336	-0.661327	-0.212608	0.0	0.9386399999999999	-2.88556	-4.01958	0.343462	
3	0.6561779999999999	-0.12372799999999999	-0.7443930000000001	0.0	0.674172	0.5392859999999999	0.504642	0.0	0.339002	-0.8329840000000001	0.43728100000000003	0.0	-3.48412	-3.4317	-3.5189999999999997	0.359222	-0.07452389999999999	0.378653	-0.922534	0.0	0.688725	-0.6494880000000001	-0.322218	0.0	-0.721183	-0.659385	-0.212385	0.0	0.9322729999999999	-2.9100599999999996	-4.0130300000000005	0.343506	
3	0.69647	-0.130248	-0.705666	0.0	0.636777	0.5655439999999999	0.524094	0.0	0.330823	-0.814368	0.47682299999999994	0.0	-3.41446	-3.46525	-3.37676	0.359107	-0.0759636	0.376411	-0.923334	0.0	0.6841010000000001	-0.654018	-0.322902	0.0	-0.725421	-0.656183	-0.20782199999999998	0.0	0.9161879999999999	-2.94128	-4.02257	0.343698	
3	0.717627	-0.130078	-0.684172	0.0	0.6158279999999999	0.577288	0.536185	0.0	0.325219	-0.806113	0.494383	0.0	-3.3610900000000004	-3.49557	-3.2598599999999998	0.359856	-0.0755812	0.37506799999999996	-0.923911	0.0	0.680045	-0.658258	-0.322856	0.0	-0.7292649999999999	-0.652702	-0.20531100000000002	0.0	0.9031879999999999	-2.94987	-4.023680000000001	0.343776	
3	0.747713	-0.146021	-0.647768	0.0	0.590835	0.591517	0.548655	0.0	0.30305	-0.79296	0.528559	0.0	-3.32376	-3.59449	-3.12767	0.359508	-0.076681	0.37237	-0.924911	0.0	0.675525	-0.662882	-0.322882	0.0	-0.7333390000000001	-0.64956	-0.200715	0.0	0.8602620000000001	-2.95588	-4.02643	0.343876	
3	0.767155	-0.157131	-0.6219180000000001	0.0	0.5774520000000001	0.591352	0.562896	0.0	0.27932399999999996	-0.790957	0.544395	0.0	-3.30994	-3.5972699999999995	-3.0895200000000003	0.36004200000000003	-0.0771239	0.36930999999999997	-0.9261010000000001	0.0	0.674754	-0.6644939999999999	-0.321178	0.0	-0.734003	-0.64966	-0.197945	0.0	0.830817	-2.95784	-4.01353	0.34381999999999996	
3	0.790535	-0.15651199999999998	-0.59208	0.0	0.5529350000000001	0.59804	0.580182	0.0	0.263282	-0.786036	0.559312	0.0	-3.3117199999999998	-3.59845	-3.06606	0.360419	-0.0782017	0.368004	-0.92653	0.0	0.673507	-0.665718	-0.32126	0.0	-0.735033	-0.649147	-0.195793	0.0	0.821098	-2.96323	-3.99614	0.343884	
3	0.810578	-0.155467	-0.5646180000000001	0.0	0.535914	0.585661	0.60811	0.0	0.236134	-0.795507	0.558041	0.0	-3.3002800000000003	-3.5963	-3.05743	0.358556	-0.0780449	0.365667	-0.9274680000000001	0.0	0.672237	-0.6676949999999999	-0.319815	0.0	-0.736211	-0.648438	-0.193705	0.0	0.817945	-2.9693	-3.98196	0.343846	
3	0.8271850000000001	-0.154863	-0.540169	0.0	0.525208	0.554869	0.645196	0.0	0.19980599999999998	-0.817397	0.5403140000000001	0.0	-3.2800800000000003	-3.59185	-3.0350900000000003	0.353686	-0.07714299999999999	0.362356	-0.9288420000000001	0.0	0.670404	-0.670713	-0.317335	0.0	-0.737975	-0.64718	-0.191184	0.0	0.814707	-2.95434	-3.9675800000000003	0.34375	
3	0.838425	-0.151176	-0.5236310000000001	0.0	0.516871	0.525308	0.675941	0.0	0.172881	-0.837375	0.51857	0.0	-3.26884	-3.5887800000000003	-3.01511	0.346386	-0.07707280000000001	0.36070100000000005	-0.929492	0.0	0.667176	-0.6741189999999999	-0.316922	0.0	-0.7409020000000001	-0.6445609999999999	-0.188695	0.0	0.814372	-2.94319	-3.9551199999999995	0.343721	
3	0.8451860000000001	-0.14444400000000002	-0.5145850000000001	0.0	0.510749	0.5019399999999999	0.697991	0.0	0.15747	-0.852756	0.498007	0.0	-3.33629	-3.60931	-3.1097200000000003	0.185247	-0.07720980000000001	0.359529	-0.929934	0.0	0.66609	-0.6754220000000001	-0.316433	0.0	-0.7418640000000001	-0.6438520000000001	-0.18733	0.0	0.81057	-2.93202	-3.9409699999999996	0.34368200000000004	
3	0.847582	-0.152909	-0.508158	0.0	0.50781	0.51171	0.693024	0.0	0.15406	-0.845442	0.511364	0.0	-3.4005199999999998	-3.53169	-3.1493	0.052199199999999994	-0.07703120000000001	0.362007	-0.9289870000000001	0.0	0.665928	-0.674769	-0.318162	0.0	-0.742029	-0.643147	-0.189092	0.0	0.811595	-2.92443	-3.9389300000000005	0.343512	
3	0.857049	-0.15079800000000002	-0.49267299999999997	0.0	0.49631499999999995	0.49837200000000004	0.710842	0.0	0.13834000000000002	-0.853748	0.501973	0.0	-3.4529199999999998	-3.5310099999999998	-3.17083	0.0177	-0.0768525	0.36294099999999996	-0.928638	0.0	0.6649109999999999	-0.6753819999999999	-0.31898699999999997	0.0	-0.742958	-0.641976	-0.189419	0.0	0.815167	-2.92223	-3.9390699999999996	0.34366199999999997	
3	0.8603559999999999	-0.131906	-0.49233000000000005	0.0	0.48378000000000004	0.515408	0.707327	0.0	0.16045	-0.8467319999999999	0.5072479999999999	0.0	-3.5417	-3.58595	-3.18492	0.014631700000000001	-0.0764092	0.36181599999999997	-0.929113	0.0	0.664193	-0.6765180000000001	-0.31807199999999997	0.0	-0.743646	-0.641415	-0.188623	0.0	0.8134359999999999	-2.9232099999999996	-3.93509	0.343488	
3	0.866252	-0.10846099999999999	-0.48769300000000004	0.0	0.46456899999999995	0.53399	0.706421	0.0	0.183804	-0.838505	0.512957	0.0	-3.62016	-3.67795	-3.21145	-0.0108928	-0.0762153	0.3609	-0.929485	0.0	0.6625340000000001	-0.6783170000000001	-0.317702	0.0	-0.7451439999999999	-0.64003	-0.187411	0.0	0.807669	-2.92143	-3.9384300000000003	0.343456	
3	0.871389	-0.0958975	-0.481129	0.0	0.45367399999999997	0.530758	0.715875	0.0	0.186712	-0.842081	0.506003	0.0	-3.62439	-3.6760599999999997	-3.20491	-0.0104958	-0.07595089999999999	0.361279	-0.9293600000000001	0.0	0.661432	-0.6792100000000001	-0.318091	0.0	-0.74615	-0.638867	-0.187375	0.0	0.800845	-2.93098	-3.9378900000000003	0.343227	
3	0.8719809999999999	-0.0769957	-0.483446	0.0	0.450212	0.513943	0.730186	0.0	0.192243	-0.8543620000000001	0.482813	0.0	-3.6276599999999997	-3.66684	-3.18055	-0.00739689	-0.0763317	0.361086	-0.9294030000000001	0.0	0.660196	-0.680222	-0.318497	0.0	-0.747205	-0.6379	-0.18646500000000002	0.0	0.793918	-2.93551	-3.9345199999999996	0.34319099999999997	
3	0.8728600000000001	-0.0487116	-0.485533	0.0	0.439129	0.512314	0.738038	0.0	0.212794	-0.857416	0.46856899999999996	0.0	-3.63686	-3.6675699999999996	-3.16529	-0.00335234	-0.0773584	0.363248	-0.928475	0.0	0.65997	-0.679369	-0.320777	0.0	-0.7472989999999999	-0.6375810000000001	-0.187178	0.0	0.7901699999999999	-2.93908	-3.93853	0.34339000000000003	
3	0.8725459999999999	-0.0292498	-0.487655	0.0	0.432093	0.511962	0.742422	0.0	0.22794499999999998	-0.85851	0.45934899999999995	0.0	-3.56041	-3.66537	-3.15916	-0.0016334	-0.0770394	0.36373	-0.9283129999999999	0.0	0.660421	-0.6789109999999999	-0.320817	0.0	-0.746933	-0.637794	-0.187912	0.0	0.786482	-2.94297	-3.9400699999999995	0.343386	
3	0.852345	0.00501868	-0.522957	0.0	0.45801000000000003	0.475545	0.751055	0.0	0.252459	-0.879677	0.40302899999999997	0.0	-3.4984599999999997	-3.653	-3.1345099999999997	-0.00350273	-0.0765725	0.361829	-0.9290950000000001	0.0	0.659473	-0.680512	-0.319372	0.0	-0.747818	-0.6371680000000001	-0.18650799999999998	0.0	0.787686	-2.9401	-3.9382	0.343375	
3	0.736618	-0.0834936	-0.671135	0.0	0.635992	0.42302399999999996	0.645419	0.0	0.23001799999999997	-0.9022629999999999	0.364709	0.0	-3.3289199999999997	-3.58509	-3.06675	0.225575	-0.07711219999999999	0.361263	-0.92927	0.0	0.65855	-0.681335	-0.319523	0.0	-0.748576	-0.63661	-0.185371	0.0	0.786608	-2.94172	-3.93612	0.343466	
3	0.622989	-0.11317999999999999	-0.773999	0.0	0.738662	0.410735	0.534485	0.0	0.257416	-0.904703	0.339485	0.0	-3.27678	-3.58172	-3.07274	0.345652	-0.0770192	0.36033699999999996	-0.929637	0.0	0.658497	-0.681725	-0.318799	0.0	-0.748632	-0.636717	-0.184775	0.0	0.784888	-2.9386400000000004	-3.92757	0.343644	
3	0.6150680000000001	-0.16097899999999998	-0.771867	0.0	0.757433	0.39260900000000004	0.521684	0.0	0.219061	-0.905508	0.363412	0.0	-3.23427	-3.58434	-3.09373	0.348326	-0.07700739999999999	0.35918	-0.9300860000000001	0.0	0.656959	-0.683431	-0.31832	0.0	-0.749983	-0.635541	-0.183338	0.0	0.787079	-2.9433700000000003	-3.92789	0.343565	
3	0.612348	-0.17413900000000002	-0.771171	0.0	0.762707	0.386885	0.5182640000000001	0.0	0.208105	-0.905536	0.369726	0.0	-3.2231799999999997	-3.58549	-3.10026	0.34827800000000003	-0.07680830000000001	0.358612	-0.930322	0.0	0.6563319999999999	-0.684213	-0.317931	0.0	-0.750552	-0.63502	-0.182815	0.0	0.787828	-2.9437599999999997	-3.9243900000000003	0.343713	
3	0.592651	-0.20874600000000001	-0.77794	0.0	0.784333	0.369319	0.49842200000000003	0.0	0.183264	-0.9055540000000001	0.382603	0.0	-3.1953	-3.5894199999999996	-3.11846	0.347138	-0.0783002	0.35686599999999996	-0.9308690000000001	0.0	0.654634	-0.685814	-0.317984	0.0	-0.75188	-0.6342770000000001	-0.179917	0.0	0.783944	-2.94716	-3.9130300000000005	0.343561	
0	0.592102	-0.218439	-0.7756930000000001	0.0	0.784579	0.376021	0.49299499999999996	0.0	0.18398699999999998	-0.900496	0.39402600000000004	0.0	-3.19533	-3.59016	-3.1289700000000003	0.348548	-0.07998889999999999	0.356916	-0.9307059999999999	0.0	0.655271	-0.68477	-0.318919	0.0	-0.751147	-0.635375	-0.17910299999999998	0.0	0.780895	-2.95939	-3.90217	0.34364	
0	0.593125	-0.22894899999999999	-0.771871	0.0	0.78241	0.389965	0.48555299999999996	0.0	0.189835	-0.891914	0.41043	0.0	-3.20095	-3.5908900000000004	-3.13842	0.350769	-0.0821975	0.358928	-0.929739	0.0	0.655733	-0.6830430000000001	-0.32166300000000003	0.0	-0.750506	-0.6361	-0.17921600000000001	0.0	0.783666	-2.97364	-3.9054599999999997	0.343646	
0	0.632583	-0.222702	-0.741784	0.0	0.748659	0.421133	0.512012	0.0	0.198364	-0.879233	0.433129	0.0	-3.23277	-3.5876900000000003	-3.11935	0.353093	-0.0847238	0.358066	-0.929844	0.0	0.654307	-0.683808	-0.32294	0.0	-0.7514689999999999	-0.635764	-0.176351	0.0	0.787963	-2.9852	-3.89931	0.34365100000000004	
0	0.7358899999999999	-0.209605	-0.643841	0.0	0.650129	0.48443400000000003	0.585368	0.0	0.189202	-0.849347	0.49276099999999995	0.0	-3.33331	-3.5874099999999998	-2.99028	0.352112	-0.08855	0.358925	-0.929157	0.0	0.65259	-0.683829	-0.32635	0.0	-0.7525189999999999	-0.635257	-0.173678	0.0	0.793024	-3.0019099999999996	-3.8984400000000003	0.343832	
0	0.762101	-0.204655	-0.614263	0.0	0.6196470000000001	0.50562	0.600322	0.0	0.187725	-0.838131	0.5121479999999999	0.0	-3.41526	-3.5899199999999998	-2.83524	0.352109	-0.08894989999999998	0.35738000000000003	-0.9297139999999999	0.0	0.651947	-0.6847949999999999	-0.32560900000000004	0.0	-0.75303	-0.6350859999999999	-0.17208099999999998	0.0	0.791937	-3.01495	-3.88191	0.343677	
0	0.763766	-0.212258	-0.609597	0.0	0.618544	0.510695	0.597154	0.0	0.184568	-0.833149	0.521342	0.0	-3.45016	-3.59195	-2.68703	0.35073899999999997	-0.09064080000000001	0.35640900000000003	-0.9299229999999999	0.0	0.650825	-0.685582	-0.326198	0.0	-0.753798	-0.634784	-0.169818	0.0	0.7939930000000001	-3.02577	-3.88064	0.343681	
0	0.75868	-0.22419899999999998	-0.6116689999999999	0.0	0.625088	0.5149819999999999	0.5865640000000001	0.0	0.18349100000000002	-0.827362	0.5308510000000001	0.0	-3.45672	-3.5916699999999997	-2.5908	0.351057	-0.09161269999999999	0.357117	-0.9295559999999999	0.0	0.6500520000000001	-0.6856949999999999	-0.327497	0.0	-0.754347	-0.634263	-0.169327	0.0	0.795327	-3.03249	-3.87495	0.343725	
0	0.716444	-0.26245	-0.646396	0.0	0.6739109999999999	0.499968	0.543944	0.0	0.180419	-0.825319	0.535067	0.0	-3.42889	-3.5962699999999996	-2.52508	0.34995	-0.0935363	0.355783	-0.929876	0.0	0.6483760000000001	-0.687004	-0.328077	0.0	-0.755552	-0.633596	-0.16642200000000001	0.0	0.795393	-3.04074	-3.86025	0.343652	
0	0.677874	-0.284927	-0.677719	0.0	0.710903	0.48897399999999996	0.505491	0.0	0.187359	-0.8244520000000001	0.534018	0.0	-3.42686	-3.5994599999999997	-2.4916099999999997	0.350095	-0.0950658	0.355983	-0.929644	0.0	0.648149	-0.68667	-0.32922199999999996	0.0	-0.755556	-0.633846	-0.165451	0.0	0.794578	-3.04336	-3.8524599999999998	0.34375100000000003	
0	0.623077	-0.306663	-0.719537	0.0	0.7560939999999999	0.471664	0.453712	0.0	0.200243	-0.826735	0.525749	0.0	-3.4136800000000003	-3.6024199999999995	-2.45093	0.352167	-0.09582510000000001	0.35489499999999996	-0.929982	0.0	0.6478970000000001	-0.687041	-0.328944	0.0	-0.755677	-0.634054	-0.1641	0.0	0.7933899999999999	-3.04935	-3.85037	0.34364	
0	0.596528	-0.315552	-0.737958	0.0	0.775512	0.463451	0.428712	0.0	0.20672600000000002	-0.828034	0.521176	0.0	-3.40415	-3.6038	-2.44617	0.35379299999999997	-0.09654639999999999	0.354506	-0.930056	0.0	0.647937	-0.6869310000000001	-0.32909499999999997	0.0	-0.755551	-0.63439	-0.163377	0.0	0.79238	-3.04793	-3.8450800000000003	0.34370700000000004	
0	0.539674	-0.332677	-0.773355	0.0	0.8127340000000001	0.445471	0.375525	0.0	0.219579	-0.8311930000000001	0.510787	0.0	-3.3925	-3.6070599999999997	-2.45035	0.354114	-0.0982165	0.354252	-0.9299780000000001	0.0	0.647401	-0.686974	-0.330058	0.0	-0.755794	-0.634486	-0.16187100000000001	0.0	0.791167	-3.04789	-3.8355900000000003	0.343639	
0	0.49565699999999996	-0.35481399999999996	-0.792737	0.0	0.836248	0.441461	0.325272	0.0	0.234551	-0.824148	0.515525	0.0	-3.38803	-3.61249	-2.46497	0.35418	-0.0995583	0.352649	-0.930444	0.0	0.646702	-0.6877300000000001	-0.329855	0.0	-0.7562180000000001	-0.63456	-0.15959	0.0	0.794678	-3.05579	-3.82798	0.343572	
0	0.477429	-0.36617	-0.798737	0.0	0.8460549999999999	0.43694799999999995	0.305399	0.0	0.23717800000000003	-0.8215809999999999	0.518411	0.0	-3.38194	-3.6153800000000005	-2.4734	0.35572	-0.0993902	0.3517	-0.9308219999999999	0.0	0.646363	-0.688401	-0.32911999999999997	0.0	-0.75653	-0.63436	-0.158905	0.0	0.796265	-3.05559	-3.8296699999999997	0.343449	
0	0.41557799999999995	-0.399987	-0.8168880000000001	0.0	0.880316	0.402777	0.250627	0.0	0.22877600000000003	-0.823275	0.5195	0.0	-3.3553300000000004	-3.62515	-2.49077	0.354937	-0.09985269999999999	0.349756	-0.9315040000000001	0.0	0.646505	-0.68883	-0.32794	0.0	-0.756347	-0.634968	-0.157338	0.0	0.794221	-3.05685	-3.82829	0.3434	
0	0.399728	-0.405562	-0.822032	0.0	0.8951399999999999	0.365777	0.254816	0.0	0.19733699999999998	-0.837691	0.509246	0.0	-3.3266699999999996	-3.62797	-2.48117	0.350941	-0.101342	0.34955	-0.9314209999999999	0.0	0.645834	-0.689025	-0.328852	0.0	-0.756722	-0.6348699999999999	-0.155924	0.0	0.7933819999999999	-3.06206	-3.82259	0.343444	
0	0.369892	-0.41940500000000003	-0.829023	0.0	0.911235	0.337792	0.235684	0.0	0.18119100000000002	-0.842613	0.507123	0.0	-3.3077699999999997	-3.6339599999999996	-2.48673	0.350016	-0.103197	0.34823200000000004	-0.9317110000000001	0.0	0.645383	-0.689319	-0.32911999999999997	0.0	-0.7568560000000001	-0.635275	-0.153608	0.0	0.7921779999999999	-3.06679	-3.8244	0.343451	
0	0.36739499999999997	-0.421515	-0.8290629999999999	0.0	0.9122379999999999	0.337007	0.23291199999999998	0.0	0.181224	-0.841874	0.508337	0.0	-3.30821	-3.6343199999999998	-2.48765	0.348991	-0.102854	0.34791700000000003	-0.931866	0.0	0.645904	-0.689095	-0.32856799999999997	0.0	-0.756458	-0.635691	-0.153844	0.0	0.788858	-3.0619	-3.82102	0.343441	
0	0.375186	-0.41730600000000007	-0.827702	0.0	0.9154399999999999	0.307082	0.26013400000000003	0.0	0.145617	-0.855311	0.49723199999999995	0.0	-3.30005	-3.63385	-2.4790200000000002	0.319141	-0.103452	0.346527	-0.932318	0.0	0.6435069999999999	-0.6914170000000001	-0.328392	0.0	-0.758418	-0.633926	-0.15146400000000002	0.0	0.793092	-3.05812	-3.82269	0.34324299999999996	
0	0.380999	-0.417886	-0.824749	0.0	0.914852	0.29941999999999996	0.270912	0.0	0.133736	-0.857741	0.496382	0.0	-3.35395	-3.63012	-2.50524	0.23165100000000002	-0.10303399999999999	0.344744	-0.933025	0.0	0.6428149999999999	-0.6927439999999999	-0.326949	0.0	-0.759061	-0.6334489999999999	-0.150231	0.0	0.7934760000000001	-3.05702	-3.81857	0.343328	
0	0.393621	-0.42404	-0.81563	0.0	0.909826	0.30657399999999996	0.279694	0.0	0.131449	-0.852175	0.5064770000000001	0.0	-3.2925699999999996	-3.64015	-2.47008	0.113177	-0.102861	0.34187399999999996	-0.9341	0.0	0.642653	-0.6939310000000001	-0.324741	0.0	-0.759221	-0.633705	-0.148328	0.0	0.790704	-3.05527	-3.81186	0.343145	
0	0.40124499999999996	-0.42140500000000003	-0.813277	0.0	0.905382	0.31708000000000003	0.28239000000000003	0.0	0.138873	-0.849634	0.50876	0.0	-3.29965	-3.64066	-2.4714400000000003	0.11314400000000001	-0.10254	0.341258	-0.9343600000000001	0.0	0.642353	-0.694488	-0.32414299999999996	0.0	-0.759518	-0.6334270000000001	-0.14799600000000002	0.0	0.7905310000000001	-3.0529900000000003	-3.80801	0.343152	
0	0.414184	-0.409508	-0.812868	0.0	0.8952700000000001	0.344351	0.28269299999999997	0.0	0.16414700000000002	-0.844823	0.509245	0.0	-3.3226400000000003	-3.6422199999999996	-2.47093	0.113081	-0.103334	0.342993	-0.933637	0.0	0.642456	-0.6935680000000001	-0.325905	0.0	-0.759324	-0.633498	-0.14868900000000002	0.0	0.7891520000000001	-3.05681	-3.79819	0.343124	
0	0.42912799999999995	-0.379573	-0.8196180000000001	0.0	0.8826229999999999	0.369006	0.291225	0.0	0.191903	-0.8483860000000001	0.49337	0.0	-3.36115	-3.6387199999999997	-2.4569400000000003	0.11308199999999999	-0.10310899999999999	0.342549	-0.933825	0.0	0.6424340000000001	-0.693807	-0.32544	0.0	-0.759373	-0.6334770000000001	-0.148528	0.0	0.792113	-3.0601599999999998	-3.79754	0.34305399999999997	
0	0.43781400000000004	-0.364563	-0.821835	0.0	0.872999	0.390899	0.291669	0.0	0.214923	-0.845158	0.489404	0.0	-3.37808	-3.6373300000000004	-2.45059	0.113301	-0.10550999999999999	0.345287	-0.9325469999999999	0.0	0.641069	-0.693282	-0.329228	0.0	-0.760196	-0.632564	-0.148205	0.0	0.79356	-3.06288	-3.79676	0.343063	
0	0.44093699999999997	-0.348058	-0.827303	0.0	0.8672190000000001	0.40276799999999996	0.292761	0.0	0.23131300000000002	-0.846542	0.47943800000000003	0.0	-3.3936599999999997	-3.63527	-2.4405200000000002	0.113299	-0.106503	0.343364	-0.9331440000000001	0.0	0.639844	-0.6946869999999999	-0.328648	0.0	-0.761089	-0.632069	-0.145713	0.0	0.793728	-3.06379	-3.79845	0.343041	
0	0.44481800000000005	-0.340681	-0.8282950000000001	0.0	0.8640690000000001	0.406556	0.296811	0.0	0.235631	-0.8477309999999999	0.47521599999999997	0.0	-3.39707	-3.6342	-2.43776	0.11305	-0.10664000000000001	0.343074	-0.9332360000000001	0.0	0.639155	-0.695322	-0.328648	0.0	-0.761649	-0.631529	-0.145128	0.0	0.792756	-3.06488	-3.7976900000000002	0.343152	
0	0.460025	-0.319594	-0.8283940000000001	0.0	0.850331	0.42711400000000005	0.30742600000000003	0.0	0.255567	-0.845833	0.46824399999999994	0.0	-3.40749	-3.6345	-2.4373	0.11293099999999999	-0.10968299999999999	0.344123	-0.9324959999999999	0.0	0.63846	-0.694634	-0.331441	0.0	-0.7618	-0.6317149999999999	-0.143519	0.0	0.7877850000000001	-3.07052	-3.7944400000000003	0.343172	
0	0.474662	-0.286541	-0.8322200000000001	0.0	0.83447	0.44721000000000005	0.321967	0.0	0.27992100000000003	-0.8472879999999999	0.451383	0.0	-3.42176	-3.6111199999999997	-2.42975	0.113107	-0.110999	0.342499	-0.9329379999999999	0.0	0.6383939999999999	-0.6948770000000001	-0.331057	0.0	-0.761664	-0.6323300000000001	-0.141519	0.0	0.789818	-3.07381	-3.79431	0.343004	
0	0.490799	-0.282546	-0.8241870000000001	0.0	0.828349	0.44457399999999997	0.34086900000000003	0.0	0.27010100000000004	-0.8500129999999999	0.452243	0.0	-3.43535	-3.4762699999999995	-2.43539	0.11310899999999999	-0.110758	0.344509	-0.932227	0.0	0.638782	-0.693911	-0.332332	0.0	-0.761374	-0.6322979999999999	-0.14321	0.0	0.788593	-3.07892	-3.80241	0.343044	
0	0.498975	-0.257335	-0.827528	0.0	0.815571	0.462323	0.347997	0.0	0.293034	-0.848549	0.44056300000000004	0.0	-3.4322699999999995	-3.18853	-2.43329	0.11299200000000001	-0.113508	0.34222800000000003	-0.932736	0.0	0.6366310000000001	-0.695695	-0.33273	0.0	-0.7627689999999999	-0.631576	-0.138906	0.0	0.788389	-3.0957	-3.80381	0.343038	
0	0.498287	-0.254556	-0.828801	0.0	0.815923	0.460971	0.348963	0.0	0.293222	-0.8501219999999999	0.43739399999999995	0.0	-3.4194699999999996	-3.1224	-2.4352400000000003	0.112982	-0.11366	0.341887	-0.9328420000000001	0.0	0.636606	-0.695793	-0.332574	0.0	-0.762768	-0.631653	-0.13856400000000002	0.0	0.786313	-3.09808	-3.8008599999999997	0.342962	
0	0.49200699999999997	-0.214513	-0.84375	0.0	0.808761	0.47134	0.351772	0.0	0.322233	-0.855466	0.40539200000000003	0.0	-3.4665	-2.56615	-2.41098	0.113123	-0.11471500000000001	0.34182399999999996	-0.932736	0.0	0.636342	-0.6957220000000001	-0.333227	0.0	-0.76283	-0.6317649999999999	-0.137708	0.0	0.780111	-3.09975	-3.7889199999999996	0.343099	
0	0.485484	-0.19237	-0.8528180000000001	0.0	0.807049	0.47366099999999994	0.352586	0.0	0.33612	-0.859442	0.385207	0.0	-3.4953800000000004	-2.43227	-2.44908	0.113087	-0.11464500000000001	0.341665	-0.932803	0.0	0.6362	-0.695917	-0.33309	0.0	-0.762959	-0.631636	-0.13758399999999998	0.0	0.781053	-3.10393	-3.78871	0.342939	
