0	0.030168900000000002	0.864669	-0.5014350000000001	0.0	0.227147	0.48260699999999995	0.8458690000000001	0.0	0.9733930000000001	-0.13941800000000001	-0.181847	0.0	-2.79275	2.11135	1.2842	0.0	-0.122195	0.9044049999999999	-0.408804	0.0	0.361663	-0.342996	-0.866922	0.0	-0.9242670000000001	-0.253783	-0.285177	0.0	2.69133	2.07919	1.50619	-0.00109172	
0	0.0417895	0.8542540000000001	-0.518173	0.0	0.241393	0.49463	0.834908	0.0	0.969527	-0.159974	-0.18554	0.0	-2.82477	2.12594	1.23719	0.0	-0.121245	0.896684	-0.425745	0.0	0.38868600000000003	-0.351771	-0.851575	0.0	-0.913358	-0.26873	-0.30587800000000004	0.0	2.7449	2.09571	1.4318	0.0	
0	0.010130799999999999	0.842686	-0.538309	0.0	0.22799499999999998	0.5222100000000001	0.821775	0.0	0.9736100000000001	-0.131057	-0.186838	0.0	-2.80915	2.165	1.15325	0.0	-0.0678296	0.896908	-0.43698400000000004	0.0	0.405454	-0.375413	-0.83347	0.0	-0.911595	-0.233711	-0.33819099999999996	0.0	2.73632	2.1583	1.3481100000000001	0.0	
0	-0.0106994	0.852141	-0.5232020000000001	0.0	0.22288899999999998	0.5121	0.8295020000000001	0.0	0.974785	-0.107741	-0.195412	0.0	-2.78087	2.2216400000000003	1.11271	0.0	-0.0624303	0.9095700000000001	-0.41083400000000003	0.0	0.41480500000000003	-0.350754	-0.8395889999999999	0.0	-0.907766	-0.222831	-0.355396	0.0	2.75978	2.2229799999999997	1.30925	0.0	
0	-0.019408	0.8771260000000001	-0.479868	0.0	0.26764499999999997	0.467	0.84278	0.0	0.9633219999999999	-0.112077	-0.24382199999999998	0.0	-2.78907	2.3272	1.0746799999999999	0.0895296	-0.08681950000000001	0.9269069999999999	-0.365112	0.0	0.395146	-0.30439299999999997	-0.866721	0.0	-0.914507	-0.219521	-0.339836	0.0	2.83225	2.31374	1.29728	0.357392	
0	-0.0241101	0.881243	-0.472049	0.0	0.281671	0.45904399999999995	0.8425790000000001	0.0	0.959208	-0.112648	-0.259288	0.0	-2.72886	2.45497	1.0345	0.343905	-0.103674	0.9225760000000001	-0.37162399999999995	0.0	0.40461199999999997	-0.302203	-0.8631120000000001	0.0	-0.908593	-0.239846	-0.341955	0.0	2.71706	2.33988	1.26991	0.358779	
0	0.0169746	0.888971	-0.45765	0.0	0.299023	0.432253	0.8507299999999999	0.0	0.954095	-0.151289	-0.258486	0.0	-2.65048	2.49954	1.0496299999999998	0.34580500000000003	-0.125032	0.9031239999999999	-0.410772	0.0	0.42716099999999996	-0.324683	-0.8438690000000001	0.0	-0.895489	-0.280976	-0.345184	0.0	2.69354	2.38098	1.26064	0.358594	
0	0.0822552	0.880396	-0.467052	0.0	0.34655	0.414127	0.841666	0.0	0.9344180000000001	-0.23108800000000002	-0.271037	0.0	-2.6431400000000003	2.50546	0.9722149999999999	0.34608099999999997	-0.125904	0.861291	-0.492267	0.0	0.48743000000000003	-0.37848000000000004	-0.786871	0.0	-0.864037	-0.339015	-0.372167	0.0	2.63554	2.4220200000000003	1.14145	0.359103	
0	0.17105	0.838994	-0.5165569999999999	0.0	0.406738	0.417393	0.8126180000000001	0.0	0.897389	-0.349101	-0.269856	0.0	-2.64814	2.4438400000000002	0.861084	0.345495	-0.142744	0.807967	-0.5716760000000001	0.0	0.5365850000000001	-0.42217	-0.730649	0.0	-0.831685	-0.411049	-0.373281	0.0	2.6017	2.37078	0.9838290000000001	0.359021	
0	0.260847	0.764788	-0.589116	0.0	0.513247	0.406988	0.755605	0.0	0.817641	-0.49946	-0.28636300000000003	0.0	-2.6404900000000002	2.20106	0.627324	0.347875	-0.20881799999999998	0.7373609999999999	-0.642412	0.0	0.61335	-0.412894	-0.673291	0.0	-0.761707	-0.534618	-0.366041	0.0	2.50006	2.13313	0.716172	0.358883	
0	0.36347399999999996	0.646008	-0.671238	0.0	0.591676	0.396462	0.7019529999999999	0.0	0.719587	-0.652297	-0.23812399999999997	0.0	-2.6686	1.67071	0.247894	0.348483	-0.242673	0.6276520000000001	-0.7397050000000001	0.0	0.6730079999999999	-0.44024300000000005	-0.594345	0.0	-0.698692	-0.642059	-0.31558	0.0	2.37909	1.6500400000000002	0.23183099999999998	0.358592	
0	0.385892	0.607325	-0.694437	0.0	0.616848	0.389869	0.68374	0.0	0.6859930000000001	-0.6922119999999999	-0.22418000000000002	0.0	-2.67784	1.44297	0.07299	0.34868299999999997	-0.230895	0.5816140000000001	-0.780008	0.0	0.691275	-0.466095	-0.552172	0.0	-0.684709	-0.666694	-0.29443600000000003	0.0	2.33278	1.4504	0.047787800000000005	0.35820100000000005	
0	0.395583	0.541729	-0.741649	0.0	0.6548149999999999	0.39986700000000003	0.6413449999999999	0.0	0.643996	-0.7393489999999999	-0.196552	0.0	-2.71673	1.02352	-0.246738	0.349734	-0.218635	0.52166	-0.824664	0.0	0.728172	-0.475364	-0.493755	0.0	-0.649588	-0.708449	-0.275927	0.0	2.21711	1.0737	-0.27737	0.357885	
0	0.39623800000000003	0.5137010000000001	-0.7609899999999999	0.0	0.667145	0.408352	0.6230289999999999	0.0	0.630803	-0.754559	-0.180909	0.0	-2.7454	0.781257	-0.42667200000000005	0.349379	-0.220203	0.496367	-0.8397209999999999	0.0	0.747157	-0.467606	-0.472336	0.0	-0.6271100000000001	-0.731413	-0.267896	0.0	2.14487	0.854999	-0.44672399999999995	0.357097	
0	0.36349499999999996	0.486836	-0.794268	0.0	0.702706	0.416463	0.576856	0.0	0.611618	-0.767821	-0.190721	0.0	-2.76582	0.200918	-0.992501	0.349061	-0.216696	0.475077	-0.8528450000000001	0.0	0.780933	-0.439875	-0.443456	0.0	-0.585821	-0.7621100000000001	-0.27568400000000004	0.0	1.9787599999999999	0.306663	-0.9504020000000001	0.35680100000000003	
0	0.341787	0.491471	-0.8010229999999999	0.0	0.7296779999999999	0.398366	0.555765	0.0	0.5922430000000001	-0.774442	-0.22245900000000002	0.0	-2.77475	-0.11794	-1.36979	0.348814	-0.210227	0.478121	-0.852764	0.0	0.79459	-0.424625	-0.43396	0.0	-0.569589	-0.768827	-0.290642	0.0	1.89435	-0.0292151	-1.32321	0.356493	
0	0.32926500000000003	0.490098	-0.807087	0.0	0.741316	0.395237	0.542437	0.0	0.584838	-0.7769119999999999	-0.23318000000000003	0.0	-2.78315	-0.256666	-1.54524	0.348781	-0.190807	0.47573699999999997	-0.858643	0.0	0.801334	-0.42973199999999995	-0.416167	0.0	-0.566972	-0.767467	-0.299228	0.0	1.86507	-0.1895	-1.5231	0.356188	
0	0.274194	0.499389	-0.821844	0.0	0.7652140000000001	0.40431300000000003	0.5009779999999999	0.0	0.582465	-0.766252	-0.271279	0.0	-2.8540099999999997	-0.615642	-1.9800400000000002	0.348382	-0.16055	0.468408	-0.8688030000000001	0.0	0.8321129999999999	-0.409182	-0.37437600000000004	0.0	-0.530859	-0.783048	-0.324075	0.0	1.85323	-0.6224850000000001	-1.9942099999999998	0.345983	
0	0.24729299999999999	0.515133	-0.8206610000000001	0.0	0.7853180000000001	0.389554	0.48116800000000004	0.0	0.567558	-0.763469	-0.30821	0.0	-2.9367400000000004	-0.868252	-2.31553	0.347857	-0.151582	0.44084799999999996	-0.88469	0.0	0.838563	-0.416484	-0.351216	0.0	-0.523292	-0.7951060000000001	-0.30654699999999996	0.0	1.93015	-0.975173	-2.2519299999999998	0.344878	
0	0.216238	0.510008	-0.8325459999999999	0.0	0.792974	0.40573000000000004	0.454506	0.0	0.5695899999999999	-0.758469	-0.316689	0.0	-3.0436900000000002	-1.05585	-2.4838400000000003	0.347113	-0.136021	0.42692399999999997	-0.893999	0.0	0.8426889999999999	-0.424638	-0.330997	0.0	-0.520936	-0.7983859999999999	-0.302004	0.0	2.0051	-1.22302	-2.3793599999999997	0.344575	
0	0.21104699999999998	0.515187	-0.8306870000000001	0.0	0.801546	0.39517800000000003	0.44873	0.0	0.559449	-0.760537	-0.329545	0.0	-3.11701	-1.26891	-2.61032	0.346279	-0.12496600000000001	0.422854	-0.89754	0.0	0.8395100000000001	-0.43706300000000003	-0.32279800000000003	0.0	-0.528778	-0.793833	-0.300373	0.0	2.08915	-1.50068	-2.3946400000000003	0.345351	
0	0.190279	0.51062	-0.8384879999999999	0.0	0.791299	0.42575	0.43884300000000004	0.0	0.581068	-0.746997	-0.323042	0.0	-3.18226	-1.4362	-2.72052	0.345426	-0.125002	0.367738	-0.9214899999999999	0.0	0.8026979999999999	-0.508402	-0.311775	0.0	-0.583138	-0.778651	-0.231632	0.0	2.2154599999999998	-1.7522099999999998	-2.35358	0.352459	
0	0.11866600000000001	0.527125	-0.841462	0.0	0.762484	0.494464	0.41728000000000004	0.0	0.6360319999999999	-0.6911189999999999	-0.343248	0.0	-3.14486	-1.51799	-2.76484	0.34069099999999997	-0.073862	0.380779	-0.9217110000000001	0.0	0.785166	-0.547633	-0.289159	0.0	-0.614866	-0.745054	-0.25852600000000003	0.0	2.17272	-1.8007900000000001	-2.35321	0.359023	
0	0.127497	0.523093	-0.842685	0.0	0.7653369999999999	0.48852799999999996	0.41904600000000003	0.0	0.630875	-0.698365	-0.338057	0.0	-3.10337	-1.53719	-2.76405	0.34179499999999996	-0.0774498	0.379684	-0.921869	0.0	0.788226	-0.542871	-0.289811	0.0	-0.6104930000000001	-0.749087	-0.257232	0.0	2.14142	-1.81128	-2.34675	0.358538	
0	0.12683599999999998	0.522863	-0.842928	0.0	0.766288	0.48795299999999997	0.41797799999999996	0.0	0.629854	-0.69894	-0.33877399999999996	0.0	-3.0947299999999998	-1.54354	-2.75845	0.342279	-0.0765416	0.376268	-0.923344	0.0	0.786315	-0.546628	-0.287936	0.0	-0.613067	-0.748078	-0.254025	0.0	2.1353299999999997	-1.8192700000000002	-2.3338099999999997	0.358645	
0	0.12521	0.5234300000000001	-0.8428190000000001	0.0	0.764779	0.49023199999999995	0.418073	0.0	0.632009	-0.696917	-0.338927	0.0	-3.1049700000000002	-1.5447899999999999	-2.75625	0.342629	-0.0768517	0.37790799999999997	-0.9226479999999999	0.0	0.783245	-0.549722	-0.290401	0.0	-0.616945	-0.744978	-0.25374800000000003	0.0	2.13752	-1.82656	-2.31584	0.358479	
0	0.125176	0.523523	-0.842766	0.0	0.7647579999999999	0.490227	0.418117	0.0	0.632041	-0.69685	-0.33900399999999997	0.0	-3.10422	-1.5447600000000001	-2.75653	0.34259	-0.07672539999999999	0.377973	-0.922632	0.0	0.783183	-0.549825	-0.29037399999999997	0.0	-0.617039	-0.744869	-0.253836	0.0	2.1385400000000003	-1.8264200000000002	-2.31638	0.35857100000000003	
0	0.125176	0.523524	-0.842765	0.0	0.7647579999999999	0.490227	0.41811800000000005	0.0	0.632041	-0.69685	-0.33900399999999997	0.0	-3.1042099999999997	-1.5447600000000001	-2.75653	0.34259	-0.0767268	0.37797	-0.922633	0.0	0.783185	-0.549823	-0.290373	0.0	-0.617037	-0.744872	-0.253834	0.0	2.13853	-1.8264200000000002	-2.31639	0.35857100000000003	
0	0.125176	0.523524	-0.842766	0.0	0.7647579999999999	0.490227	0.41811800000000005	0.0	0.632041	-0.69685	-0.33900399999999997	0.0	-3.1042099999999997	-1.5447600000000001	-2.75653	0.342591	-0.0767267	0.37797	-0.922633	0.0	0.783185	-0.549823	-0.290373	0.0	-0.617037	-0.744872	-0.253834	0.0	2.13853	-1.8264200000000002	-2.31639	0.35857100000000003	
0	0.125176	0.523524	-0.842766	0.0	0.7647579999999999	0.490227	0.41811800000000005	0.0	0.632041	-0.69685	-0.33900399999999997	0.0	-3.1042099999999997	-1.5447600000000001	-2.75653	0.342591	-0.0767266	0.37797	-0.922633	0.0	0.783185	-0.549823	-0.290373	0.0	-0.617037	-0.744872	-0.253834	0.0	2.13853	-1.8264200000000002	-2.31639	0.35857100000000003	
0	0.125176	0.523524	-0.842766	0.0	0.7647579999999999	0.490227	0.41811800000000005	0.0	0.632041	-0.69685	-0.33900399999999997	0.0	-3.1042099999999997	-1.5447600000000001	-2.75653	0.342591	-0.0767267	0.37797	-0.922633	0.0	0.783185	-0.549823	-0.290373	0.0	-0.617037	-0.744872	-0.253834	0.0	2.13853	-1.8264200000000002	-2.31639	0.35857100000000003	
0	0.125176	0.523524	-0.842766	0.0	0.7647579999999999	0.490227	0.41811800000000005	0.0	0.632041	-0.69685	-0.33900399999999997	0.0	-3.1042099999999997	-1.5447600000000001	-2.75653	0.342591	-0.0767266	0.37797	-0.922633	0.0	0.783185	-0.549823	-0.290373	0.0	-0.617037	-0.744872	-0.253834	0.0	2.13853	-1.8264200000000002	-2.31639	0.35857100000000003	
0	0.125176	0.523524	-0.842766	0.0	0.7647579999999999	0.490227	0.41811800000000005	0.0	0.632041	-0.69685	-0.33900399999999997	0.0	-3.1042099999999997	-1.5447600000000001	-2.75653	0.342591	-0.0767266	0.37797	-0.922633	0.0	0.783185	-0.549823	-0.290373	0.0	-0.617037	-0.744871	-0.253834	0.0	2.13853	-1.8264200000000002	-2.31639	0.35857100000000003	
0	0.125176	0.523524	-0.842766	0.0	0.7647579999999999	0.490227	0.41811800000000005	0.0	0.632041	-0.69685	-0.33900399999999997	0.0	-3.1042099999999997	-1.5447600000000001	-2.75653	0.34259	-0.0767266	0.37797	-0.922633	0.0	0.783185	-0.549823	-0.290373	0.0	-0.617037	-0.744871	-0.253834	0.0	2.13853	-1.8264200000000002	-2.31639	0.35857100000000003	
0	0.125176	0.523524	-0.842766	0.0	0.7647579999999999	0.490227	0.41811800000000005	0.0	0.632041	-0.69685	-0.33900399999999997	0.0	-3.1042099999999997	-1.5447600000000001	-2.75653	0.342591	-0.0767267	0.37797	-0.922633	0.0	0.783185	-0.549823	-0.290373	0.0	-0.617037	-0.744872	-0.253834	0.0	2.13853	-1.8264200000000002	-2.31639	0.35857100000000003	
0	0.125176	0.523524	-0.842766	0.0	0.7647579999999999	0.490227	0.41811800000000005	0.0	0.632041	-0.69685	-0.33900399999999997	0.0	-3.1042099999999997	-1.5447600000000001	-2.75653	0.342591	-0.0767267	0.37797	-0.922633	0.0	0.783185	-0.549823	-0.290373	0.0	-0.617037	-0.744872	-0.253834	0.0	2.13853	-1.8264200000000002	-2.31639	0.35857100000000003	
0	0.154219	0.587007	-0.7947569999999999	0.0	0.718136	0.48586599999999996	0.498212	0.0	0.678599	-0.647578	-0.346621	0.0	-3.14052	-1.58643	-2.7993799999999998	0.353973	-0.043199699999999994	0.486267	-0.872742	0.0	0.73124	-0.5798409999999999	-0.359266	0.0	-0.680751	-0.653704	-0.33052800000000004	0.0	2.08557	-1.81498	-2.31449	0.346479	
0	0.268416	0.5492279999999999	-0.791392	0.0	0.715083	0.436863	0.545717	0.0	0.6454529999999999	-0.71239	-0.275482	0.0	-3.2044799999999998	-1.63721	-2.85644	0.351382	-0.028226499999999998	0.49929700000000005	-0.8659709999999999	0.0	0.704515	-0.604637	-0.371582	0.0	-0.709128	-0.620578	-0.334696	0.0	2.02944	-1.8533099999999998	-2.35532	0.343859	
0	0.372893	0.48118599999999995	-0.793354	0.0	0.705789	0.407954	0.579168	0.0	0.60234	-0.775908	-0.18749200000000002	0.0	-3.28145	-1.7948099999999998	-2.90053	0.35180900000000004	-0.030039099999999996	0.49152799999999996	-0.870344	0.0	0.6947180000000001	-0.615775	-0.371737	0.0	-0.718655	-0.6158100000000001	-0.32297600000000004	0.0	1.9442599999999999	-1.8898400000000002	-2.37937	0.344377	
0	0.47625	0.385	-0.7905439999999999	0.0	0.698542	0.3804	0.606082	0.0	0.534065	-0.840875	-0.08777280000000001	0.0	-3.36721	-2.04093	-2.96214	0.352517	-0.040048	0.482817	-0.8748049999999999	0.0	0.689005	-0.620725	-0.374129	0.0	-0.723649	-0.6177279999999999	-0.307805	0.0	1.85375	-1.98436	-2.42896	0.344035	
0	0.536447	0.297824	-0.789637	0.0	0.6951039999999999	0.374691	0.613545	0.0	0.47859799999999997	-0.878014	-0.00601664	0.0	-3.46173	-2.3233099999999998	-3.0522099999999996	0.353204	-0.0490704	0.475909	-0.878125	0.0	0.682245	-0.626146	-0.37746999999999997	0.0	-0.729475	-0.6176189999999999	-0.29396100000000003	0.0	1.77525	-2.07258	-2.4590099999999997	0.344244	
0	0.61559	0.176109	-0.768137	0.0	0.672936	0.38979400000000003	0.628663	0.0	0.410129	-0.903906	0.12144300000000001	0.0	-3.63709	-2.76478	-3.22047	0.354378	-0.0607832	0.47002299999999997	-0.880559	0.0	0.6770229999999999	-0.628825	-0.382387	0.0	-0.733448	-0.619401	-0.279994	0.0	1.6575099999999998	-2.18099	-2.4969900000000003	0.344186	
0	0.630894	0.139716	-0.7631859999999999	0.0	0.66977	0.398449	0.6266149999999999	0.0	0.391638	-0.906487	0.157802	0.0	-3.65423	-2.90625	-3.23858	0.35452	-0.0625684	0.46930600000000006	-0.8808159999999999	0.0	0.676269	-0.6291180000000001	-0.383237	0.0	-0.733993	-0.6196470000000001	-0.278014	0.0	1.6394099999999998	-2.2006200000000002	-2.5032400000000004	0.344339	
0	0.667806	0.07814810000000001	-0.740222	0.0	0.658936	0.400444	0.636748	0.0	0.34617800000000004	-0.912983	0.21592399999999998	0.0	-3.7046300000000003	-3.14463	-3.25907	0.354061	-0.0646279	0.46679799999999994	-0.881999	0.0	0.675718	-0.629918	-0.382896	0.0	-0.734322	-0.620728	-0.274713	0.0	1.61246	-2.22078	-2.50696	0.34413699999999997	
0	0.696331	0.040069400000000005	-0.716601	0.0	0.651439	0.38379	0.654472	0.0	0.301249	-0.922551	0.241142	0.0	-3.71691	-3.38814	-3.28079	0.354249	-0.0663757	0.46595699999999995	-0.8823139999999999	0.0	0.6731050000000001	-0.631846	-0.384319	0.0	-0.736563	-0.619399	-0.271698	0.0	1.59732	-2.2471099999999997	-2.5179099999999996	0.344052	
0	0.716151	0.00367105	-0.697936	0.0	0.639093	0.398459	0.657868	0.0	0.280514	-0.9171790000000001	0.28301	0.0	-3.7053300000000005	-3.58555	-3.31244	0.354243	-0.06682130000000001	0.463159	-0.883753	0.0	0.6736449999999999	-0.6324420000000001	-0.382386	0.0	-0.736028	-0.620888	-0.269744	0.0	1.5888799999999998	-2.25656	-2.50997	0.34419	
0	0.719882	-0.00568864	-0.6940729999999999	0.0	0.635534	0.407416	0.655827	0.0	0.279046	-0.913225	0.29690700000000003	0.0	-3.7023099999999998	-3.5861400000000003	-3.32144	0.356856	-0.0676522	0.462143	-0.8842209999999999	0.0	0.67372	-0.6325149999999999	-0.38213400000000003	0.0	-0.735883	-0.62157	-0.26856399999999997	0.0	1.5862	-2.26229	-2.49668	0.344179	
0	0.740675	-0.0383731	-0.670767	0.0	0.6201399999999999	0.423183	0.660562	0.0	0.258509	-0.9052309999999999	0.33723800000000004	0.0	-3.68172	-3.58324	-3.3428	0.363482	-0.0737845	0.460021	-0.8848370000000001	0.0	0.6767479999999999	-0.628602	-0.383239	0.0	-0.732508	-0.627089	-0.264937	0.0	1.587	-2.28908	-2.4786099999999998	0.344121	
0	0.746795	-0.044603	-0.663557	0.0	0.614348	0.42838699999999996	0.662617	0.0	0.254705	-0.902494	0.347319	0.0	-3.67849	-3.5828900000000004	-3.3479300000000003	0.365888	-0.07371319999999999	0.45869899999999997	-0.8855290000000001	0.0	0.6774899999999999	-0.6285649999999999	-0.381988	0.0	-0.73183	-0.6280939999999999	-0.26443	0.0	1.58822	-2.28972	-2.4746099999999998	0.343922	
0	0.748995	-0.0657053	-0.659309	0.0	0.612826	0.446996	0.6516430000000001	0.0	0.251892	-0.89212	0.375064	0.0	-3.6672800000000003	-3.58183	-3.3668	0.369267	-0.07411380000000001	0.45831400000000005	-0.8856950000000001	0.0	0.6793680000000001	-0.626965	-0.381279	0.0	-0.730046	-0.6299710000000001	-0.264897	0.0	1.59558	-2.2932900000000003	-2.46842	0.344004	
0	0.755582	-0.10191599999999999	-0.647077	0.0	0.61297	0.45836000000000005	0.643564	0.0	0.23100500000000002	-0.8829040000000001	0.4088	0.0	-3.63705	-3.5814800000000004	-3.3848300000000004	0.374234	-0.0747418	0.45869399999999994	-0.885445	0.0	0.6759229999999999	-0.629528	-0.383175	0.0	-0.733173	-0.627132	-0.26299	0.0	1.59579	-2.30214	-2.4749	0.344192	
0	0.7595350000000001	-0.135632	-0.6361680000000001	0.0	0.610142	0.48755200000000004	0.624516	0.0	0.22546100000000002	-0.8624950000000001	0.453067	0.0	-3.6122900000000002	-3.58094	-3.40485	0.377607	-0.0768933	0.45735600000000004	-0.8859530000000001	0.0	0.6751149999999999	-0.630001	-0.38382	0.0	-0.733694	-0.627634	-0.260325	0.0	1.58752	-2.30261	-2.46841	0.344267	
0	0.7586510000000001	-0.145054	-0.6351439999999999	0.0	0.60827	0.506901	0.6107859999999999	0.0	0.23335799999999998	-0.8497120000000001	0.472793	0.0	-3.6146800000000003	-3.5816	-3.4207	0.381075	-0.0798325	0.45956499999999995	-0.884549	0.0	0.675967	-0.627214	-0.386874	0.0	-0.732595	-0.628811	-0.260579	0.0	1.58788	-2.30898	-2.47493	0.344202	
0	0.7561260000000001	-0.145501	-0.638046	0.0	0.594902	0.5590930000000001	0.577501	0.0	0.2727	-0.816238	0.509303	0.0	-3.54061	-3.58624	-3.33355	0.367465	-0.0827242	0.456031	-0.8861110000000001	0.0	0.677091	-0.6267010000000001	-0.385738	0.0	-0.7312350000000001	-0.631887	-0.256931	0.0	1.59128	-2.3186400000000003	-2.4840400000000002	0.344122	
0	0.752741	-0.12788	-0.645777	0.0	0.59146	0.562098	0.578118	0.0	0.28906	-0.817125	0.49875	0.0	-3.4184400000000004	-3.5861699999999996	-3.15955	0.369083	-0.08344639999999999	0.455075	-0.886534	0.0	0.67738	-0.626594	-0.385403	0.0	-0.730885	-0.632682	-0.255972	0.0	1.59188	-2.32246	-2.48608	0.344145	
0	0.749819	-0.134847	-0.647756	0.0	0.595954	0.562932	0.572666	0.0	0.28742	-0.815429	0.50246	0.0	-3.2917099999999997	-3.5867400000000003	-3.10228	0.36843400000000004	-0.0845863	0.45381000000000005	-0.887075	0.0	0.676732	-0.627278	-0.385432	0.0	-0.731355	-0.6329140000000001	-0.254048	0.0	1.5932899999999999	-2.3317200000000002	-2.48922	0.344012	
0	0.749256	-0.136165	-0.648131	0.0	0.597376	0.561465	0.572624	0.0	0.285932	-0.81622	0.502023	0.0	-3.24483	-3.5880900000000002	-3.07246	0.360538	-0.0841848	0.45365500000000003	-0.887192	0.0	0.676968	-0.6272909999999999	-0.384994	0.0	-0.731182	-0.633012	-0.254302	0.0	1.59392	-2.3393200000000003	-2.48801	0.343787	
0	0.750811	-0.13836800000000002	-0.6458619999999999	0.0	0.596693	0.561427	0.5733739999999999	0.0	0.283267	-0.815876	0.504089	0.0	-3.24132	-3.5907699999999996	-3.07305	0.35394899999999996	-0.0853503	0.452176	-0.8878360000000001	0.0	0.674404	-0.62971	-0.385544	0.0	-0.733413	-0.631666	-0.251203	0.0	1.60395	-2.37681	-2.50007	0.344005	
0	0.757727	-0.134709	-0.638516	0.0	0.593758	0.5482670000000001	0.5889439999999999	0.0	0.270741	-0.825383	0.495421	0.0	-3.2298400000000003	-3.57914	-3.0721700000000003	0.35027800000000003	-0.08758389999999999	0.45048999999999995	-0.888475	0.0	0.673184	-0.6306579999999999	-0.386127	0.0	-0.73427	-0.631926	-0.248027	0.0	1.60799	-2.4045	-2.50273	0.34392399999999995	
0	0.768023	-0.143699	-0.624092	0.0	0.587453	0.546142	0.597183	0.0	0.25502800000000003	-0.825275	0.503866	0.0	-3.21255	-3.57471	-3.08047	0.347163	-0.0879207	0.44991899999999996	-0.8887309999999999	0.0	0.673732	-0.630307	-0.385743	0.0	-0.733727	-0.632681	-0.24770799999999998	0.0	1.6042299999999998	-2.41475	-2.48532	0.343855	
0	0.783043	-0.142488	-0.605427	0.0	0.5781930000000001	0.5254850000000001	0.624146	0.0	0.22921	-0.8387870000000001	0.49386199999999997	0.0	-3.18942	-3.56072	-3.08356	0.34963	-0.0883267	0.447804	-0.889759	0.0	0.671809	-0.632727	-0.38513400000000003	0.0	-0.7354390000000001	-0.6317659999999999	-0.244952	0.0	1.5917299999999999	-2.4237	-2.46303	0.343802	
0	0.797723	-0.136973	-0.587262	0.0	0.566761	0.502918	0.652576	0.0	0.20596	-0.8534120000000001	0.47881999999999997	0.0	-3.17102	-3.5823099999999997	-3.07815	0.349785	-0.088388	0.44481800000000005	-0.891249	0.0	0.671775	-0.634022	-0.38305900000000004	0.0	-0.735463	-0.6325770000000001	-0.24277800000000002	0.0	1.57704	-2.4314	-2.43207	0.34358099999999997	
0	0.807249	-0.14530099999999999	-0.572047	0.0	0.569889	0.44403400000000004	0.691419	0.0	0.15354500000000001	-0.88415	0.44125200000000003	0.0	-3.13699	-3.57913	-3.04822	0.336449	-0.08852489999999999	0.44164499999999995	-0.892812	0.0	0.6736	-0.633754	-0.380287	0.0	-0.733775	-0.635063	-0.241389	0.0	1.57708	-2.4346099999999997	-2.4032400000000003	0.343685	
0	0.823523	-0.128588	-0.552517	0.0	0.556018	0.37609899999999996	0.741211	0.0	0.11249	-0.9176139999999999	0.381223	0.0	-3.1259900000000003	-3.58109	-2.99727	0.248644	-0.08750210000000001	0.43921099999999996	-0.8941129999999999	0.0	0.67371	-0.6350680000000001	-0.377894	0.0	-0.733797	-0.6354390000000001	-0.240331	0.0	1.59618	-2.43585	-2.3954400000000002	0.343464	
0	0.8297829999999999	-0.124493	-0.5440229999999999	0.0	0.55029	0.344877	0.760422	0.0	0.09295369999999999	-0.930356	0.35468099999999997	0.0	-3.14616	-3.5871800000000005	-3.01166	0.124846	-0.08568769999999999	0.437421	-0.895165	0.0	0.67484	-0.635504	-0.375135	0.0	-0.732973	-0.6362369999999999	-0.240734	0.0	1.6145100000000001	-2.43296	-2.38598	0.34339000000000003	
0	0.834707	-0.124248	-0.5364949999999999	0.0	0.543347	0.344432	0.765599	0.0	0.0896618	-0.9305530000000001	0.35501	0.0	-3.14515	-3.58795	-3.0129200000000003	0.124874	-0.08544299999999999	0.436183	-0.895792	0.0	0.674972	-0.635996	-0.374062	0.0	-0.73288	-0.636595	-0.24006999999999998	0.0	1.6276	-2.42822	-2.38508	0.343317	
0	0.869466	-0.093569	-0.48505	0.0	0.482266	0.373454	0.792434	0.0	0.10699600000000001	-0.922918	0.369831	0.0	-3.1811	-3.59301	-3.03055	0.124997	-0.08450189999999999	0.43673500000000004	-0.8956129999999999	0.0	0.674417	-0.636588	-0.374056	0.0	-0.7335	-0.635624	-0.240748	0.0	1.6269999999999998	-2.4209400000000003	-2.38423	0.34328000000000003	
0	0.883388	-0.0750273	-0.46259799999999995	0.0	0.452787	0.391233	0.8012	0.0	0.12087200000000001	-0.917228	0.37958200000000003	0.0	-3.18835	-3.5941699999999996	-3.01818	0.124642	-0.0836067	0.43661000000000005	-0.8957579999999999	0.0	0.672859	-0.638309	-0.373927	0.0	-0.735031	-0.6339819999999999	-0.24040999999999998	0.0	1.62649	-2.41941	-2.3875	0.343256	
0	0.89271	-0.0375521	-0.449064	0.0	0.421259	0.42343000000000003	0.802027	0.0	0.160029	-0.90515	0.39382	0.0	-3.21371	-3.5858	-2.97824	0.124294	-0.08294800000000001	0.43779399999999996	-0.895241	0.0	0.6686529999999999	-0.641656	-0.375739	0.0	-0.738933	-0.6297729999999999	-0.23950900000000003	0.0	1.60999	-2.42391	-2.39472	0.343356	
0	0.8910530000000001	0.00518538	-0.45386899999999997	0.0	0.40859	0.42633000000000004	0.80703	0.0	0.197683	-0.904553	0.377764	0.0	-3.24493	-3.5666599999999997	-2.9542	0.12441500000000001	-0.0823031	0.439144	-0.894639	0.0	0.664383	-0.644936	-0.37769400000000003	0.0	-0.742847	-0.6254689999999999	-0.23868000000000003	0.0	1.59653	-2.42869	-2.4001799999999998	0.343523	
0	0.885871	0.0468815	-0.461556	0.0	0.405504	0.405085	0.819434	0.0	0.225386	-0.913076	0.339843	0.0	-3.26289	-3.5283300000000004	-2.91555	0.124421	-0.0817341	0.44021800000000005	-0.8941629999999999	0.0	0.661245	-0.647313	-0.379131	0.0	-0.745704	-0.6222489999999999	-0.23818499999999998	0.0	1.57218	-2.4354299999999998	-2.40562	0.343553	
0	0.87497	0.0801793	-0.47749300000000006	0.0	0.41086300000000003	0.398811	0.819842	0.0	0.256164	-0.9135209999999999	0.31600500000000004	0.0	-3.20558	-3.45569	-2.93396	0.12449400000000001	-0.083111	0.442094	-0.8931100000000001	0.0	0.659543	-0.6474439999999999	-0.381864	0.0	-0.747058	-0.620781	-0.23776999999999998	0.0	1.56081	-2.44565	-2.41263	0.34363299999999997	
0	0.862851	0.0959628	-0.496266	0.0	0.418659	0.414446	0.808059	0.0	0.283219	-0.905001	0.317429	0.0	-3.23847	-3.21821	-2.97943	0.124454	-0.0840735	0.442479	-0.8928290000000001	0.0	0.6576960000000001	-0.648468	-0.383308	0.0	-0.748577	-0.619436	-0.236498	0.0	1.5566799999999998	-2.46919	-2.41953	0.343723	
0	0.845467	0.131716	-0.517528	0.0	0.41136000000000006	0.457351	0.788424	0.0	0.34054	-0.8794780000000001	0.332492	0.0	-3.26479	-2.82985	-2.99709	0.124501	-0.0848536	0.44249799999999995	-0.8927459999999999	0.0	0.6549159999999999	-0.650476	-0.38466300000000003	0.0	-0.750923	-0.617314	-0.234604	0.0	1.54144	-2.5061299999999997	-2.43735	0.343503	
0	0.840484	0.141942	-0.522915	0.0	0.415608	0.45031400000000005	0.790245	0.0	0.347645	-0.8815149999999999	0.31949	0.0	-3.25845	-2.55266	-3.0237	0.124497	-0.08551139999999999	0.442862	-0.892503	0.0	0.651048	-0.653251	-0.386522	0.0	-0.754204	-0.614115	-0.23246399999999998	0.0	1.5109299999999999	-2.51546	-2.447	0.34376999999999996	
0	0.836781	0.151305	-0.526217	0.0	0.41165	0.459845	0.786821	0.0	0.361027	-0.875014	0.32250500000000004	0.0	-3.26585	-2.33399	-3.0457099999999997	0.124426	-0.0883349	0.44246199999999997	-0.892426	0.0	0.646951	-0.6557529999999999	-0.38915700000000003	0.0	-0.7573979999999999	-0.6117319999999999	-0.22832600000000003	0.0	1.4755	-2.52782	-2.45435	0.343983	
0	0.8352729999999999	0.15654200000000001	-0.52708	0.0	0.415662	0.447733	0.791682	0.0	0.359923	-0.880358	0.308911	0.0	-3.29094	-2.0705299999999998	-3.05382	0.12443399999999999	-0.08942430000000001	0.44473999999999997	-0.891184	0.0	0.641225	-0.658961	-0.39319299999999996	0.0	-0.762124	-0.606611	-0.22625100000000004	0.0	1.44624	-2.53784	-2.46234	0.34421	
0	0.830052	0.173334	-0.530066	0.0	0.405602	0.46470200000000006	0.787108	0.0	0.382755	-0.8683360000000001	0.315422	0.0	-3.30805	-1.89219	-3.0729599999999997	0.12443599999999999	-0.0867465	0.44775600000000004	-0.8899379999999999	0.0	0.634857	-0.6635800000000001	-0.39575	0.0	-0.767745	-0.599313	-0.22669699999999998	0.0	1.40981	-2.5397	-2.47739	0.34429299999999996	
0	0.819068	0.20058399999999998	-0.537489	0.0	0.398673	0.474696	0.7846810000000001	0.0	0.412538	-0.8569889999999999	0.30884	0.0	-3.27224	-1.6896900000000001	-3.05402	0.12449500000000001	-0.062815	0.454887	-0.888331	0.0	0.6122920000000001	-0.685331	-0.394233	0.0	-0.788133	-0.568681	-0.235474	0.0	1.36821	-2.49438	-2.52792	0.3432	
0	0.810013	0.21927600000000003	-0.543872	0.0	0.392929	0.48551000000000005	0.7809520000000001	0.0	0.435299	-0.8462850000000001	0.30711	0.0	-3.23405	-1.6295	-3.0603	0.12443499999999999	-0.028888	0.45508699999999996	-0.889978	0.0	0.5872689999999999	-0.712757	-0.38352800000000004	0.0	-0.808876	-0.533736	-0.246669	0.0	1.3409200000000001	-2.42613	-2.56137	0.34310300000000005	
1	0.802066	0.273362	-0.531003	0.0	0.357112	0.49313599999999996	0.793277	0.0	0.47870799999999997	-0.825888	0.29790700000000003	0.0	-2.99968	-1.66685	-3.12699	0.124429	0.06477859999999999	0.42312799999999995	-0.903752	0.0	0.503998	-0.795529	-0.336333	0.0	-0.8612719999999999	-0.433701	-0.264789	0.0	1.19202	-2.1987900000000002	-2.67198	0.342344	
1	0.78527	0.313394	-0.533982	0.0	0.35415599999999997	0.48006099999999996	0.8025680000000001	0.0	0.5078630000000001	-0.8193450000000001	0.265987	0.0	-2.7820099999999996	-1.71043	-3.20376	0.12443499999999999	0.11598800000000001	0.404179	-0.9072959999999999	0.0	0.449068	-0.836108	-0.315058	0.0	-0.8859370000000001	-0.370895	-0.278482	0.0	1.09094	-2.0308	-2.74859	0.341652	
1	0.7623449999999999	0.349033	-0.544983	0.0	0.357736	0.47448100000000004	0.804296	0.0	0.539311	-0.8081109999999999	0.23685599999999998	0.0	-2.5428	-1.7916	-3.31564	0.12443299999999999	0.157323	0.365293	-0.917502	0.0	0.38289	-0.8789610000000001	-0.284294	0.0	-0.910299	-0.306577	-0.278148	0.0	0.9575959999999999	-1.8271099999999998	-2.83538	0.33905799999999997	
1	0.7372609999999999	0.378359	-0.559725	0.0	0.372344	0.463747	0.8039270000000001	0.0	0.5637439999999999	-0.801114	0.201023	0.0	-2.37051	-1.83116	-3.41457	0.12448699999999999	0.167265	0.318656	-0.9329959999999999	0.0	0.315623	-0.913832	-0.255527	0.0	-0.934026	-0.251734	-0.25342800000000004	0.0	0.828478	-1.67104	-2.89273	0.339013	
1	0.7390760000000001	0.387736	-0.5508430000000001	0.0	0.35932800000000004	0.46475	0.809253	0.0	0.5697810000000001	-0.796033	0.20416099999999998	0.0	-2.21394	-1.86965	-3.48106	0.12449	0.151004	0.287092	-0.945926	0.0	0.287539	-0.9282799999999999	-0.23583400000000002	0.0	-0.9457899999999999	-0.236379	-0.22272399999999998	0.0	0.6860430000000001	-1.5882399999999999	-2.87291	0.339517	
1	0.7453310000000001	0.386845	-0.542985	0.0	0.360189	0.45170299999999997	0.816228	0.0	0.561022	-0.803937	0.197331	0.0	-2.05172	-1.92491	-3.57418	0.12449600000000001	0.104591	0.27678400000000003	-0.9552229999999999	0.0	0.280271	-0.9297639999999999	-0.23871900000000001	0.0	-0.954206	-0.24275300000000002	-0.17482	0.0	0.49573599999999995	-1.56064	-2.76206	0.340555	
1	0.745937	0.388735	-0.540799	0.0	0.352544	0.45844300000000004	0.815808	0.0	0.565059	-0.799196	0.204923	0.0	-1.99935	-1.95563	-3.6079199999999996	0.124493	0.07510950000000001	0.284008	-0.955875	0.0	0.29308	-0.922533	-0.25107199999999996	0.0	-0.953133	-0.26129	-0.152528	0.0	0.405876	-1.5744200000000002	-2.69902	0.339807	
1	0.7441180000000001	0.390527	-0.5420119999999999	0.0	0.35539	0.45559399999999994	0.8161689999999999	0.0	0.565673	-0.799952	0.200227	0.0	-1.9460400000000002	-1.97438	-3.6375900000000003	0.124493	0.044492199999999996	0.286617	-0.9570120000000001	0.0	0.30138000000000004	-0.9171799999999999	-0.260676	0.0	-0.952466	-0.276826	-0.12718800000000002	0.0	0.318643	-1.6189200000000001	-2.62487	0.340256	
1	0.741618	0.39302600000000004	-0.5436310000000001	0.0	0.352113	0.46171	0.81415	0.0	0.5709810000000001	-0.795207	0.204023	0.0	-1.92894	-1.9699200000000001	-3.64875	0.124527	0.00892121	0.299211	-0.954145	0.0	0.321048	-0.904525	-0.280649	0.0	-0.9470209999999999	-0.303823	-0.104131	0.0	0.24252800000000002	-1.66983	-2.54155	0.339633	
1	0.741646	0.393382	-0.543334	0.0	0.350518	0.46333500000000005	0.8139149999999999	0.0	0.571926	-0.794085	0.20574299999999998	0.0	-1.9316900000000001	-1.9783	-3.62045	0.12448900000000002	0.00149578	0.30189299999999997	-0.953341	0.0	0.325355	-0.9016190000000001	-0.285004	0.0	-0.945591	-0.309748	-0.09957150000000001	0.0	0.23791700000000002	-1.67435	-2.50742	0.340536	
1	0.748419	0.389563	-0.536758	0.0	0.34844899999999995	0.45765600000000006	0.8180069999999999	0.0	0.564315	-0.799245	0.20677600000000002	0.0	-1.94527	-1.9942900000000001	-3.60144	0.12448800000000002	-0.013561799999999999	0.30384	-0.952627	0.0	0.329471	-0.8981530000000001	-0.29115599999999997	0.0	-0.944069	-0.317811	-0.08792589999999999	0.0	0.216044	-1.70042	-2.48623	0.34039	
1	0.747163	0.389841	-0.538304	0.0	0.346575	0.462567	0.816038	0.0	0.567127	-0.796276	0.210504	0.0	-1.95865	-2.0146900000000003	-3.5908800000000003	0.12448900000000002	-0.0213599	0.31227	-0.9497530000000001	0.0	0.334762	-0.8929	-0.301106	0.0	-0.942061	-0.324373	-0.0854644	0.0	0.200356	-1.7084099999999998	-2.4738599999999997	0.340574	
1	0.7467	0.386773	-0.541153	0.0	0.347467	0.46692799999999995	0.8131689999999999	0.0	0.567192	-0.795226	0.21426399999999998	0.0	-1.95908	-2.02593	-3.5835800000000004	0.124483	-0.023291299999999997	0.317107	-0.9481040000000001	0.0	0.336861	-0.8904129999999999	-0.306087	0.0	-0.9412659999999999	-0.326508	-0.086082	0.0	0.199915	-1.71523	-2.4645	0.340377	
1	0.7410909999999999	0.390351	-0.546269	0.0	0.344445	0.47734899999999997	0.808391	0.0	0.576317	-0.787251	0.21930500000000003	0.0	-1.96128	-2.04156	-3.57289	0.124456	-0.0262221	0.324871	-0.9453950000000001	0.0	0.341995	-0.8857389999999999	-0.313857	0.0	-0.9393360000000001	-0.33155	-0.0878786	0.0	0.201579	-1.7087299999999999	-2.4532	0.33967600000000003	
1	0.737592	0.39613000000000004	-0.546845	0.0	0.334377	0.489306	0.805463	0.0	0.586643	-0.7769560000000001	0.228452	0.0	-1.9530299999999998	-2.05924	-3.56481	0.124424	-0.0277089	0.332909	-0.9425520000000001	0.0	0.34925700000000004	-0.880265	-0.321176	0.0	-0.936617	-0.338092	-0.09187970000000001	0.0	0.20977300000000002	-1.7017200000000001	-2.43323	0.339281	
1	0.7348020000000001	0.401244	-0.546872	0.0	0.329804	0.49317799999999995	0.804987	0.0	0.5927020000000001	-0.771867	0.230057	0.0	-1.9505299999999999	-2.06495	-3.54472	0.12440699999999999	-0.0318832	0.338006	-0.9406040000000001	0.0	0.353392	-0.876483	-0.326943	0.0	-0.934932	-0.342826	-0.0915038	0.0	0.214391	-1.69682	-2.41071	0.338742	
1	0.73244	0.40869099999999997	-0.5445220000000001	0.0	0.315347	0.505179	0.803337	0.0	0.603398	-0.760109	0.241133	0.0	-1.9371099999999999	-2.06431	-3.53778	0.12428800000000001	-0.036119	0.339927	-0.939758	0.0	0.35473299999999997	-0.8747729999999999	-0.33005500000000004	0.0	-0.93427	-0.345285	-0.0889878	0.0	0.224915	-1.66372	-2.3900900000000003	0.337884	
1	0.735875	0.414815	-0.535179	0.0	0.315279	0.48956700000000003	0.812972	0.0	0.599238	-0.766977	0.22947800000000002	0.0	-1.9459099999999998	-2.0722400000000003	-3.51175	0.124323	-0.05579630000000001	0.337751	-0.93958	0.0	0.373664	-0.8655959999999999	-0.333345	0.0	-0.9258850000000001	-0.369686	-0.07790839999999999	0.0	0.20722600000000002	-1.6823299999999999	-2.37147	0.33687	
1	0.724887	0.425353	-0.5418609999999999	0.0	0.305964	0.505951	0.806474	0.0	0.6171909999999999	-0.750393	0.23661500000000002	0.0	-1.79895	-1.80473	-3.47902	0.12449500000000001	-0.059975400000000005	0.333978	-0.9406709999999999	0.0	0.382757	-0.862641	-0.330677	0.0	-0.9219	-0.37988099999999997	-0.0760949	0.0	0.0171091	-1.96753	-2.38573	0.34765300000000005	
1	0.7222649999999999	0.42531199999999997	-0.545384	0.0	0.31027	0.505502	0.805109	0.0	0.618115	-0.750718	0.233145	0.0	-1.80818	-1.81089	-3.47666	0.12440899999999999	-0.061040599999999993	0.33564	-0.940011	0.0	0.396179	-0.8562569999999999	-0.331461	0.0	-0.916142	-0.39264499999999997	-0.0807072	0.0	0.0115636	-1.96953	-2.3887	0.348612	
1	0.719159	0.432547	-0.5437960000000001	0.0	0.30662399999999995	0.504737	0.806983	0.0	0.623532	-0.7470899999999999	0.230357	0.0	-1.8095900000000003	-1.81234	-3.4612199999999995	0.124482	-0.0679536	0.335807	-0.939477	0.0	0.399208	-0.853833	-0.33407	0.0	-0.9143389999999999	-0.397748	-0.0760362	0.0	0.011556299999999999	-1.96186	-2.37552	0.34925900000000004	
1	0.720325	0.43387700000000007	-0.541185	0.0	0.310839	0.49557299999999993	0.81104	0.0	0.620089	-0.752434	0.222108	0.0	-1.80932	-1.8043200000000001	-3.4437699999999998	0.12446900000000001	-0.0768173	0.330171	-0.94079	0.0	0.41913	-0.845464	-0.330939	0.0	-0.9046709999999999	-0.419735	-0.0734385	0.0	0.011353700000000001	-1.96147	-2.36222	0.34988400000000003	
1	0.7189220000000001	0.43597299999999994	-0.5413680000000001	0.0	0.30886199999999997	0.49736499999999995	0.8106979999999999	0.0	0.6227	-0.750037	0.22291100000000003	0.0	-1.80772	-1.81112	-3.45053	0.124351	-0.07486699999999999	0.333441	-0.939794	0.0	0.417292	-0.8454780000000001	-0.33321999999999996	0.0	-0.905683	-0.41711499999999996	-0.07584400000000001	0.0	0.0123509	-1.96423	-2.3649299999999998	0.350541	
1	0.718771	0.435888	-0.541637	0.0	0.30893200000000004	0.49768199999999996	0.8104779999999999	0.0	0.62284	-0.749876	0.223059	0.0	-1.80695	-1.81089	-3.45114	0.124431	-0.0747062	0.33366999999999997	-0.939725	0.0	0.416682	-0.8457030000000001	-0.333411	0.0	-0.905977	-0.41647399999999996	-0.0758553	0.0	0.012895600000000002	-1.9628599999999998	-2.3658	0.350641	
1	0.712796	0.43807299999999993	-0.5477350000000001	0.0	0.301582	0.513632	0.8032630000000001	0.0	0.6332220000000001	-0.73775	0.23399899999999998	0.0	-1.78798	-1.82867	-3.44996	0.12443900000000001	-0.0758885	0.338565	-0.9378780000000001	0.0	0.42006800000000005	-0.8421930000000001	-0.338014	0.0	-0.904314	-0.419624	-0.0783078	0.0	0.0339996	-1.94681	-2.36243	0.349312	
1	0.717654	0.43864200000000003	-0.540894	0.0	0.303641	0.501892	0.8098810000000001	0.0	0.626718	-0.745452	0.226996	0.0	-1.78387	-1.86686	-3.4568199999999996	0.124418	-0.0808793	0.33719299999999996	-0.9379549999999999	0.0	0.47041099999999997	-0.8167260000000001	-0.33417399999999997	0.0	-0.878733	-0.468253	-0.0925632	0.0	0.015478	-1.92345	-2.33734	0.186514	
1	0.72634	0.447952	-0.521316	0.0	0.285567	0.493228	0.821692	0.0	0.625206	-0.745698	0.230331	0.0	-1.7606700000000002	-1.88095	-3.5157300000000005	0.124401	-0.0622251	0.339906	-0.938399	0.0	0.430122	-0.8392959999999999	-0.332531	0.0	-0.900624	-0.424317	-0.0939757	0.0	0.0206209	-1.93517	-2.3598	0.187778	
1	0.733068	0.451563	-0.508627	0.0	0.276567	0.485296	0.829457	0.0	0.621387	-0.748718	0.230868	0.0	-1.7321099999999998	-1.8775400000000002	-3.5584599999999997	0.124358	-0.0503156	0.350089	-0.935364	0.0	0.42982	-0.837792	-0.33669	0.0	-0.9015120000000001	-0.418979	-0.108321	0.0	0.0368986	-1.9474799999999999	-2.3822400000000004	0.188073	
1	0.729648	0.46046800000000004	-0.505552	0.0	0.282141	0.470724	0.835952	0.0	0.622905	-0.752588	0.21354499999999998	0.0	-1.72505	-1.8449900000000001	-3.57285	0.12443599999999999	-0.0553154	0.364744	-0.929464	0.0	0.42794	-0.8323940000000001	-0.352119	0.0	-0.9021129999999999	-0.417232	-0.110044	0.0	0.051236699999999996	-1.93425	-2.4090000000000003	0.188075	
1	0.712575	0.484813	-0.507143	0.0	0.26999	0.47768900000000003	0.8360129999999999	0.0	0.647567	-0.732645	0.209495	0.0	-1.70197	-1.84179	-3.5837199999999996	0.12706099999999998	-0.0352666	0.36788899999999997	-0.929201	0.0	0.41844	-0.8389200000000001	-0.348026	0.0	-0.90756	-0.401089	-0.12435399999999999	0.0	0.0807508	-1.93218	-2.40069	0.188054	
1	0.686353	0.497195	-0.53077	0.0	0.28072800000000003	0.492129	0.8240149999999999	0.0	0.670903	-0.714568	0.198197	0.0	-1.66094	-1.47527	-3.3983	0.293623	-0.0099768	0.36706	-0.9301440000000001	0.0	0.45817399999999997	-0.8251219999999999	-0.33053	0.0	-0.888807	-0.429465	-0.159945	0.0	0.102075	-2.26706	-2.57045	0.187946	
1	0.670013	0.504966	-0.544143	0.0	0.29535100000000003	0.49116000000000004	0.819469	0.0	0.681066	-0.7097680000000001	0.17994100000000002	0.0	-1.65907	-1.45276	-3.39077	0.347114	0.012739700000000001	0.372648	-0.9278850000000001	0.0	0.464355	-0.824034	-0.324565	0.0	-0.885558	-0.426733	-0.183539	0.0	0.169061	-2.25791	-2.6233	0.18796300000000002	
5	0.669451	0.5050020000000001	-0.544801	0.0	0.296261	0.49104	0.819213	0.0	0.6812229999999999	-0.7098260000000001	0.179115	0.0	-1.6591099999999999	-1.45173	-3.3918	0.346075	0.0161338	0.375118	-0.9268370000000001	0.0	0.464866	-0.8234959999999999	-0.3252	0.0	-0.885234	-0.425608	-0.187666	0.0	0.181174	-2.25345	-2.63445	0.187943	
5	0.615634	0.5573130000000001	-0.557133	0.0	0.324817	0.46467700000000006	0.8237530000000001	0.0	0.717975	-0.688096	0.105046	0.0	-1.7933	-1.33461	-3.4628	0.348648	0.0994191	0.401817	-0.910307	0.0	0.48223900000000003	-0.81968	-0.309146	0.0	-0.8703799999999999	-0.40825	-0.275264	0.0	0.503887	-2.11306	-2.82133	0.187967	
5	0.567754	0.584476	-0.579692	0.0	0.345519	0.469967	0.812249	0.0	0.7471770000000001	-0.661452	0.06487799999999999	0.0	-1.93851	-1.275	-3.49575	0.348628	0.173812	0.404316	-0.8979520000000001	0.0	0.487957	-0.827384	-0.27809	0.0	-0.8553879999999999	-0.389827	-0.341098	0.0	0.8983979999999999	-2.07138	-2.93317	0.187959	
