0	0.593133	0.516197	-0.617846	0.0	0.686729	0.07618430000000001	0.72291	0.0	0.420234	-0.853075	-0.3093	0.0	-2.7396700000000003	2.0	1.46191	0.0	-0.593132	0.516197	-0.617846	0.0	0.750104	0.07553489999999999	-0.656992	0.0	-0.292468	-0.853132	-0.432004	0.0	2.66032	2.0	1.53809	0.0	
0	0.516323	0.66572	-0.538728	0.0	0.625588	0.13641	0.768135	0.0	0.584851	-0.733628	-0.346035	0.0	-2.78037	2.00374	1.39402	-1.12057e-05	-0.31607399999999997	0.8572219999999999	-0.406532	0.0	0.49762700000000004	-0.215029	-0.8403149999999999	0.0	-0.8077529999999999	-0.46790299999999996	-0.358612	0.0	2.64082	2.02334	1.54354	-5.31692e-06	
0	0.21795100000000003	0.902043	-0.37258	0.0	0.26215	0.313618	0.912645	0.0	0.9400930000000001	-0.296584	-0.16811700000000002	0.0	-2.7647	2.0152799999999997	1.3040399999999999	0.0	-0.20851799999999998	0.8922760000000001	-0.400455	0.0	0.47014700000000004	-0.26759299999999997	-0.841045	0.0	-0.8576030000000001	-0.363645	-0.363703	0.0	2.67123	2.02984	1.42887	0.0	
0	0.195404	0.8985799999999999	-0.392902	0.0	0.24565900000000002	0.343006	0.906641	0.0	0.949457	-0.273681	-0.153719	0.0	-2.6962900000000003	2.03269	1.2617	0.0	-0.189186	0.8926649999999999	-0.409095	0.0	0.47987299999999994	-0.279431	-0.831649	0.0	-0.8566969999999999	-0.35365	-0.37550100000000003	0.0	2.61671	2.04771	1.3825100000000001	0.0	
0	0.182103	0.897634	-0.401363	0.0	0.243592	0.35428000000000004	0.902856	0.0	0.9526290000000001	-0.262182	-0.154141	0.0	-2.67679	2.0686	1.26237	0.0	-0.18907000000000002	0.890753	-0.413293	0.0	0.478473	-0.28397	-0.830918	0.0	-0.857506	-0.354851	-0.37251100000000004	0.0	2.61746	2.06671	1.38456	0.0	
0	0.145307	0.9001600000000001	-0.410606	0.0	0.238069	0.371006	0.897596	0.0	0.960317	-0.228179	-0.16039	0.0	-2.65457	2.17837	1.25759	0.35130300000000003	-0.21982100000000002	0.904021	-0.366642	0.0	0.42775100000000005	-0.248459	-0.869079	0.0	-0.87676	-0.34787199999999996	-0.332079	0.0	2.6499900000000003	2.13801	1.40887	0.36940300000000004	
0	0.135931	0.9002290000000001	-0.413655	0.0	0.259466	0.370608	0.891811	0.0	0.9561379999999999	-0.228554	-0.183202	0.0	-2.54881	2.30024	1.2425899999999999	0.34861	-0.226491	0.899177	-0.374409	0.0	0.44328100000000004	-0.24712399999999998	-0.8616450000000001	0.0	-0.867297	-0.361123	-0.342617	0.0	2.58675	2.22708	1.38084	0.35885	
0	0.137026	0.896517	-0.421284	0.0	0.27766599999999997	0.373483	0.885106	0.0	0.9508549999999999	-0.23825900000000003	-0.197756	0.0	-2.57553	2.3765400000000003	1.2275399999999999	0.347421	-0.22471	0.8822200000000001	-0.41375500000000004	0.0	0.46859399999999996	-0.274457	-0.8396979999999999	0.0	-0.854356	-0.38257199999999997	-0.35173000000000004	0.0	2.60798	2.32346	1.33579	0.359069	
0	0.159799	0.8774	-0.45236400000000004	0.0	0.3008	0.39318000000000003	0.868866	0.0	0.940204	-0.274915	-0.201093	0.0	-2.57254	2.43317	1.23	0.34594400000000003	-0.17488199999999998	0.8362780000000001	-0.5196689999999999	0.0	0.511718	-0.373719	-0.773614	0.0	-0.841166	-0.40121599999999996	-0.362582	0.0	2.57634	2.36876	1.31415	0.359511	
0	0.19256199999999998	0.8307709999999999	-0.5222439999999999	0.0	0.36040900000000003	0.43513199999999996	0.8250850000000001	0.0	0.912702	-0.347102	-0.21562699999999999	0.0	-2.56872	2.38572	1.2397799999999999	0.345999	-0.13061099999999998	0.778223	-0.614256	0.0	0.558251	-0.454284	-0.69425	0.0	-0.819327	-0.43358599999999997	-0.375109	0.0	2.5641	2.33845	1.26468	0.35927	
0	0.194364	0.747903	-0.6347149999999999	0.0	0.465082	0.49944399999999994	0.730927	0.0	0.863667	-0.43726099999999996	-0.250762	0.0	-2.60398	2.3026	1.19856	0.345463	-0.100899	0.690555	-0.7162069999999999	0.0	0.610866	-0.525207	-0.592454	0.0	-0.785279	-0.497284	-0.368844	0.0	2.56127	2.2124200000000003	1.19625	0.35892199999999996	
0	0.24615399999999998	0.661161	-0.708713	0.0	0.5593899999999999	0.500225	0.6609520000000001	0.0	0.791512	-0.5591430000000001	-0.246714	0.0	-2.68378	2.09297	1.0599	0.346483	-0.116193	0.609748	-0.784032	0.0	0.659895	-0.542575	-0.5197609999999999	0.0	-0.742319	-0.577771	-0.339327	0.0	2.51136	1.98565	1.05185	0.35877800000000004	
0	0.287892	0.603309	-0.743732	0.0	0.6118979999999999	0.48152399999999995	0.627468	0.0	0.736681	-0.635731	-0.23053600000000002	0.0	-2.68166	1.8228	0.8371649999999999	0.347298	-0.12032999999999999	0.547142	-0.8283459999999999	0.0	0.693176	-0.5510079999999999	-0.46464799999999995	0.0	-0.710653	-0.6301	-0.312963	0.0	2.40265	1.71213	0.82101	0.35877	
0	0.33148	0.469128	-0.8185600000000001	0.0	0.6736449999999999	0.489756	0.5534819999999999	0.0	0.6605479999999999	-0.7348859999999999	-0.15368199999999999	0.0	-2.67164	1.22565	0.4636	0.350032	-0.117576	0.45439300000000005	-0.883008	0.0	0.73802	-0.554963	-0.38385199999999997	0.0	-0.664456	-0.696809	-0.27010100000000004	0.0	2.1625799999999997	1.21746	0.415759	0.359139	
0	0.358505	0.378429	-0.8533850000000001	0.0	0.713527	0.478383	0.511888	0.0	0.601958	-0.792427	-0.09851710000000001	0.0	-2.7096299999999998	0.722521	0.196233	0.351486	-0.12265999999999999	0.400298	-0.9081389999999999	0.0	0.771795	-0.536794	-0.340858	0.0	-0.623929	-0.742707	-0.24310500000000002	0.0	2.03547	0.816479	0.183028	0.358178	
0	0.35319	0.33821	-0.8722790000000001	0.0	0.752159	0.451794	0.47972700000000007	0.0	0.556339	-0.825528	-0.0948186	0.0	-2.79412	0.260925	-0.104093	0.351402	-0.126218	0.36083000000000004	-0.9240520000000001	0.0	0.7911560000000001	-0.525335	-0.313202	0.0	-0.598449	-0.7706	-0.21916599999999997	0.0	1.9303400000000002	0.419541	-0.0771063	0.357481	
0	0.317296	0.31316900000000003	-0.895125	0.0	0.774197	0.459571	0.435216	0.0	0.54767	-0.831096	-0.0966347	0.0	-2.8824799999999997	-0.125971	-0.49131499999999995	0.35135900000000003	-0.119317	0.362821	-0.9241889999999999	0.0	0.808665	-0.5045470000000001	-0.302479	0.0	-0.576042	-0.78345	-0.2332	0.0	1.8299400000000001	0.08910560000000001	-0.37387	0.357392	
0	0.282014	0.32538	-0.90255	0.0	0.79893	0.441219	0.40870100000000004	0.0	0.531205	-0.836334	-0.135526	0.0	-2.93582	-0.377052	-0.8307540000000001	0.351402	-0.11308	0.347932	-0.930675	0.0	0.8257459999999999	-0.48803500000000005	-0.28278200000000003	0.0	-0.5525909999999999	-0.800478	-0.23211700000000002	0.0	1.75315	-0.230174	-0.689487	0.35649699999999995	
0	0.261401	0.331165	-0.9066420000000001	0.0	0.815281	0.42707399999999995	0.391056	0.0	0.5167069999999999	-0.84139	-0.158355	0.0	-2.99142	-0.619715	-1.11259	0.351485	-0.123752	0.339888	-0.9322879999999999	0.0	0.843233	-0.459255	-0.27936300000000003	0.0	-0.5231100000000001	-0.820708	-0.229771	0.0	1.72374	-0.575942	-0.934509	0.349634	
0	0.24704099999999998	0.356594	-0.901006	0.0	0.828551	0.404418	0.387233	0.0	0.502468	-0.842192	-0.195549	0.0	-3.0181	-0.814275	-1.3458299999999999	0.351137	-0.114871	0.335032	-0.9351780000000001	0.0	0.8517620000000001	-0.451219	-0.266276	0.0	-0.511181	-0.8271370000000001	-0.23353600000000002	0.0	1.70925	-0.849541	-1.12778	0.34837199999999996	
0	0.22987399999999997	0.379413	-0.896216	0.0	0.84383	0.3811	0.377776	0.0	0.48488100000000006	-0.843095	-0.232555	0.0	-3.08858	-1.0730600000000001	-1.6999900000000001	0.350356	-0.0991884	0.341857	-0.9345030000000001	0.0	0.8591780000000001	-0.44433100000000003	-0.253738	0.0	-0.5019710000000001	-0.8280719999999999	-0.249644	0.0	1.72111	-1.16099	-1.37809	0.348393	
0	0.22290700000000002	0.386641	-0.8948860000000001	0.0	0.8545950000000001	0.36416	0.370209	0.0	0.46901899999999996	-0.8472879999999999	-0.249248	0.0	-3.14843	-1.2814299999999998	-1.8319999999999999	0.348671	-0.0913793	0.339065	-0.936314	0.0	0.8583219999999999	-0.449917	-0.24669499999999997	0.0	-0.5049100000000001	-0.826202	-0.249914	0.0	1.73443	-1.3991799999999999	-1.51867	0.34768000000000004	
0	0.233934	0.386046	-0.892325	0.0	0.853741	0.357568	0.378513	0.0	0.46518999999999994	-0.850361	-0.245935	0.0	-3.23488	-1.4951299999999998	-1.9845700000000002	0.347975	-0.09324349999999999	0.350636	-0.931859	0.0	0.8536440000000001	-0.453559	-0.25608000000000003	0.0	-0.512443	-0.8193530000000001	-0.257027	0.0	1.7650700000000001	-1.62765	-1.55529	0.348518	
0	0.174249	0.39158000000000004	-0.903495	0.0	0.820766	0.44917299999999993	0.352968	0.0	0.54404	-0.8030619999999999	-0.243127	0.0	-3.2820300000000002	-1.67163	-2.10874	0.341686	-0.0866098	0.34586999999999996	-0.934277	0.0	0.8436389999999999	-0.473333	-0.25343499999999997	0.0	-0.529879	-0.810142	-0.250794	0.0	1.8686099999999999	-1.8730799999999999	-1.6319	0.348775	
0	0.14901	0.44105500000000003	-0.885023	0.0	0.8120029999999999	0.456192	0.364061	0.0	0.564312	-0.77289	-0.290161	0.0	-3.22142	-1.66346	-2.21919	0.337029	-0.0310522	0.324112	-0.945509	0.0	0.797029	-0.562797	-0.219097	0.0	-0.603142	-0.760402	-0.240851	0.0	1.86874	-1.9449	-1.7241900000000001	0.35868	
0	0.144217	0.454979	-0.878747	0.0	0.804437	0.463243	0.371869	0.0	0.576266	-0.760526	-0.299194	0.0	-3.19572	-1.64432	-2.30459	0.333325	-0.026217	0.32261100000000004	-0.946169	0.0	0.78793	-0.575821	-0.218167	0.0	-0.615207	-0.7512340000000001	-0.23909899999999998	0.0	1.8378900000000002	-1.9496900000000001	-1.76187	0.35835300000000003	
0	0.145272	0.456561	-0.8777520000000001	0.0	0.801683	0.465599	0.374863	0.0	0.579828	-0.7581359999999999	-0.29837800000000003	0.0	-3.12843	-1.6381299999999999	-2.35534	0.334348	-0.027662799999999998	0.323353	-0.945874	0.0	0.786742	-0.576689	-0.220154	0.0	-0.616663	-0.7502479999999999	-0.238443	0.0	1.8114700000000001	-1.9492	-1.77185	0.358779	
0	0.147367	0.45343500000000003	-0.879022	0.0	0.8011729999999999	0.46643100000000004	0.374919	0.0	0.580004	-0.7594989999999999	-0.294543	0.0	-3.09687	-1.6475099999999998	-2.34797	0.335998	-0.029358999999999996	0.32907	-0.9438489999999999	0.0	0.778766	-0.584421	-0.227981	0.0	-0.626627	-0.741731	-0.23911100000000002	0.0	1.81338	-1.9519900000000001	-1.76875	0.358729	
0	0.145327	0.457211	-0.8774049999999999	0.0	0.799326	0.46836000000000005	0.376454	0.0	0.58306	-0.756041	-0.29739499999999996	0.0	-3.08518	-1.6553099999999998	-2.33082	0.335819	-0.027753800000000002	0.330948	-0.943241	0.0	0.7766460000000001	-0.586924	-0.22878099999999998	0.0	-0.629325	-0.7389140000000001	-0.24074	0.0	1.8148	-1.9555900000000002	-1.7561400000000003	0.358573	
0	0.142181	0.462229	-0.875288	0.0	0.792077	0.47718999999999995	0.38066300000000003	0.0	0.5936319999999999	-0.747419	-0.298273	0.0	-3.08907	-1.6640599999999999	-2.31569	0.334681	-0.027963299999999996	0.33193	-0.94289	0.0	0.7786569999999999	-0.5842579999999999	-0.22877199999999998	0.0	-0.626827	-0.740584	-0.24212199999999998	0.0	1.81195	-1.955	-1.75462	0.358203	
0	0.142289	0.461977	-0.875403	0.0	0.7923720000000001	0.476868	0.38045100000000004	0.0	0.593212	-0.747779	-0.298205	0.0	-3.08973	-1.66415	-2.3149900000000003	0.334721	-0.0279185	0.331899	-0.942902	0.0	0.7787069999999999	-0.5842189999999999	-0.22870100000000002	0.0	-0.626767	-0.740629	-0.242142	0.0	1.81266	-1.95469	-1.75583	0.358203	
0	0.142289	0.461978	-0.875403	0.0	0.7923720000000001	0.476868	0.38045100000000004	0.0	0.593212	-0.747779	-0.298205	0.0	-3.08973	-1.66415	-2.3149900000000003	0.334721	-0.0279183	0.331899	-0.942902	0.0	0.7787069999999999	-0.5842189999999999	-0.2287	0.0	-0.626767	-0.740629	-0.242142	0.0	1.81266	-1.95469	-1.75583	0.358203	
0	0.142289	0.461978	-0.875403	0.0	0.7923720000000001	0.476868	0.38045100000000004	0.0	0.593212	-0.747779	-0.298205	0.0	-3.08973	-1.66415	-2.3149900000000003	0.334721	-0.0279183	0.331899	-0.942902	0.0	0.7787069999999999	-0.5842189999999999	-0.2287	0.0	-0.626767	-0.740629	-0.242142	0.0	1.81266	-1.95469	-1.75583	0.358203	
0	0.142289	0.461978	-0.875403	0.0	0.7923720000000001	0.476868	0.38045100000000004	0.0	0.593212	-0.747779	-0.298205	0.0	-3.08973	-1.66415	-2.3149900000000003	0.334721	-0.0279183	0.331899	-0.942902	0.0	0.7787069999999999	-0.5842189999999999	-0.2287	0.0	-0.626767	-0.740629	-0.242142	0.0	1.81266	-1.95469	-1.75583	0.358203	
0	0.142289	0.461978	-0.875403	0.0	0.7923720000000001	0.476868	0.38045100000000004	0.0	0.593212	-0.747779	-0.298205	0.0	-3.08973	-1.66415	-2.3149900000000003	0.334721	-0.0279183	0.331899	-0.942902	0.0	0.7787069999999999	-0.5842189999999999	-0.2287	0.0	-0.626767	-0.740629	-0.242141	0.0	1.81266	-1.95469	-1.75583	0.358203	
0	0.142289	0.461978	-0.875403	0.0	0.7923720000000001	0.476868	0.38045100000000004	0.0	0.593212	-0.747779	-0.298205	0.0	-3.08973	-1.66415	-2.3149900000000003	0.334721	-0.0279183	0.331899	-0.942902	0.0	0.7787069999999999	-0.5842189999999999	-0.2287	0.0	-0.626767	-0.740629	-0.242141	0.0	1.81266	-1.95469	-1.75583	0.358203	
0	0.142289	0.461978	-0.875403	0.0	0.7923720000000001	0.476868	0.38045100000000004	0.0	0.593212	-0.747779	-0.298205	0.0	-3.08973	-1.66415	-2.3149900000000003	0.334721	-0.0279185	0.331899	-0.942902	0.0	0.7787069999999999	-0.5842189999999999	-0.2287	0.0	-0.626767	-0.740629	-0.242142	0.0	1.81266	-1.95469	-1.75583	0.358203	
0	0.142289	0.461978	-0.875403	0.0	0.7923720000000001	0.476868	0.38045100000000004	0.0	0.593212	-0.747779	-0.298205	0.0	-3.08973	-1.66415	-2.3149900000000003	0.334721	-0.0279183	0.331899	-0.942902	0.0	0.7787069999999999	-0.5842189999999999	-0.2287	0.0	-0.626767	-0.740629	-0.242141	0.0	1.81266	-1.95469	-1.75583	0.358203	
0	0.142289	0.461978	-0.875403	0.0	0.7923720000000001	0.476868	0.38045100000000004	0.0	0.593212	-0.747779	-0.298205	0.0	-3.08973	-1.66415	-2.3149900000000003	0.334721	-0.0279183	0.331899	-0.942902	0.0	0.7787069999999999	-0.5842189999999999	-0.2287	0.0	-0.626767	-0.740629	-0.242142	0.0	1.81266	-1.95469	-1.75583	0.358203	
0	0.142289	0.461978	-0.875403	0.0	0.7923720000000001	0.476868	0.38045100000000004	0.0	0.593212	-0.747779	-0.298205	0.0	-3.08973	-1.66415	-2.3149900000000003	0.334721	-0.0279183	0.331899	-0.942902	0.0	0.7787069999999999	-0.5842189999999999	-0.2287	0.0	-0.626767	-0.740629	-0.242141	0.0	1.81266	-1.95469	-1.75583	0.358203	
0	0.142289	0.461978	-0.875403	0.0	0.7923720000000001	0.476868	0.38045100000000004	0.0	0.593212	-0.747779	-0.298205	0.0	-3.08973	-1.66415	-2.3149900000000003	0.334721	-0.0279183	0.331899	-0.942902	0.0	0.7787069999999999	-0.5842189999999999	-0.2287	0.0	-0.626767	-0.740629	-0.242142	0.0	1.81266	-1.95469	-1.75583	0.358203	
0	0.142289	0.461978	-0.875403	0.0	0.7923720000000001	0.476868	0.38045100000000004	0.0	0.593212	-0.747779	-0.298205	0.0	-3.08973	-1.66415	-2.3149900000000003	0.334721	-0.0279183	0.331899	-0.942902	0.0	0.7787069999999999	-0.5842189999999999	-0.2287	0.0	-0.626767	-0.740629	-0.242141	0.0	1.81266	-1.95469	-1.75583	0.358203	
0	0.142289	0.461978	-0.875403	0.0	0.7923720000000001	0.476868	0.38045100000000004	0.0	0.593212	-0.747779	-0.298205	0.0	-3.08973	-1.66415	-2.3149900000000003	0.334721	-0.0279183	0.331899	-0.942902	0.0	0.7787069999999999	-0.5842189999999999	-0.2287	0.0	-0.626767	-0.740629	-0.242142	0.0	1.81266	-1.95469	-1.75583	0.358203	
0	0.142289	0.461978	-0.875403	0.0	0.7923720000000001	0.476868	0.38045100000000004	0.0	0.593212	-0.747779	-0.298205	0.0	-3.08973	-1.66415	-2.3149900000000003	0.334721	-0.0279183	0.331899	-0.942902	0.0	0.7787069999999999	-0.5842189999999999	-0.2287	0.0	-0.626767	-0.740629	-0.242142	0.0	1.81266	-1.95469	-1.75583	0.358203	
0	0.142289	0.461978	-0.875403	0.0	0.7923720000000001	0.476868	0.38045100000000004	0.0	0.593212	-0.747779	-0.298205	0.0	-3.08973	-1.66415	-2.3149900000000003	0.334721	-0.0279183	0.331899	-0.942902	0.0	0.7787069999999999	-0.5842189999999999	-0.2287	0.0	-0.626767	-0.740629	-0.242141	0.0	1.81266	-1.95469	-1.75583	0.358203	
0	0.262703	0.425246	-0.8661139999999999	0.0	0.8087449999999999	0.392517	0.438021	0.0	0.526231	-0.815535	-0.2408	0.0	-3.22238	-1.8422900000000002	-2.48639	0.35341999999999996	0.014719999999999999	0.42763199999999996	-0.903833	0.0	0.718759	-0.632919	-0.287748	0.0	-0.6951039999999999	-0.645403	-0.316681	0.0	1.65993	-2.01218	-1.91441	0.345428	
0	0.329652	0.340683	-0.880491	0.0	0.804884	0.386034	0.45071000000000006	0.0	0.49344899999999997	-0.8572709999999999	-0.146954	0.0	-3.3390800000000005	-2.1047700000000003	-2.63699	0.35407	0.00156993	0.42007	-0.90749	0.0	0.718823	-0.631356	-0.291006	0.0	-0.695192	-0.651868	-0.30294699999999997	0.0	1.54047	-2.15292	-2.10155	0.345887	
0	0.397488	0.248406	-0.883344	0.0	0.810543	0.356213	0.4649	0.0	0.43014300000000005	-0.9007809999999999	-0.0597538	0.0	-3.45359	-2.41004	-2.7017599999999997	0.354367	-0.011888600000000001	0.41129499999999997	-0.911425	0.0	0.722796	-0.626312	-0.292061	0.0	-0.690959	-0.662247	-0.28983600000000004	0.0	1.42218	-2.2841099999999996	-2.24063	0.345914	
0	0.43074300000000004	0.17805	-0.8847370000000001	0.0	0.816625	0.340417	0.46608999999999995	0.0	0.384167	-0.923263	0.00123227	0.0	-3.6427400000000003	-2.66703	-2.7987	0.35454600000000003	-0.0217535	0.408348	-0.912567	0.0	0.7288279999999999	-0.618334	-0.294061	0.0	-0.684351	-0.671502	-0.284165	0.0	1.32441	-2.3867	-2.3385	0.345537	
0	0.45083199999999995	0.136705	-0.882078	0.0	0.8143520000000001	0.341638	0.469164	0.0	0.36548800000000004	-0.9298360000000001	0.042695699999999996	0.0	-3.7902	-2.8214799999999998	-2.8871599999999997	0.3548	-0.0302649	0.401206	-0.915488	0.0	0.730196	-0.61658	-0.29435100000000003	0.0	-0.682567	-0.677395	-0.274298	0.0	1.26334	-2.49611	-2.38793	0.34567	
0	0.487468	0.056072500000000004	-0.871338	0.0	0.7962520000000001	0.380927	0.469975	0.0	0.358269	-0.922903	0.141042	0.0	-3.8496599999999996	-3.07935	-2.9534	0.355454	-0.039038199999999995	0.39852600000000005	-0.916326	0.0	0.731945	-0.612873	-0.297732	0.0	-0.680245	-0.6823229999999999	-0.267773	0.0	1.22458	-2.62336	-2.4189	0.34584899999999996	
0	0.528609	-0.000631124	-0.848865	0.0	0.79303	0.357055	0.49357399999999996	0.0	0.30278	-0.934083	0.189243	0.0	-3.87431	-3.31468	-2.97424	0.354912	-0.042691599999999996	0.398647	-0.916111	0.0	0.732066	-0.6115149999999999	-0.300216	0.0	-0.679895	-0.68347	-0.265729	0.0	1.19472	-2.6838599999999997	-2.43474	0.345867	
0	0.5365270000000001	-0.038023699999999994	-0.843026	0.0	0.7936449999999999	0.362273	0.488759	0.0	0.286821	-0.9312959999999999	0.224546	0.0	-3.90792	-3.5857699999999997	-3.03187	0.35535100000000003	-0.044644	0.398331	-0.9161549999999999	0.0	0.730004	-0.613043	-0.302115	0.0	-0.681984	-0.682284	-0.263414	0.0	1.16435	-2.71362	-2.42671	0.345928	
0	0.542473	-0.072357	-0.836951	0.0	0.791505	0.377868	0.48034899999999997	0.0	0.281501	-0.9230280000000001	0.262254	0.0	-3.90036	-3.5835	-3.06414	0.358933	-0.04783830000000001	0.395269	-0.917319	0.0	0.7288479999999999	-0.614154	-0.302646	0.0	-0.683002	-0.683064	-0.258711	0.0	1.14083	-2.73485	-2.4250700000000003	0.345938	
0	0.542975	-0.101439	-0.833599	0.0	0.784473	0.415472	0.46041800000000005	0.0	0.299633	-0.903932	0.305167	0.0	-3.9106400000000003	-3.5812199999999996	-3.10272	0.363879	-0.050691599999999996	0.393045	-0.918121	0.0	0.728861	-0.613933	-0.30306500000000003	0.0	-0.682783	-0.684545	-0.25535399999999997	0.0	1.13974	-2.78378	-2.4374	0.346113	
0	0.551474	-0.11944300000000001	-0.8255959999999999	0.0	0.7771979999999999	0.43311099999999997	0.45648500000000003	0.0	0.303051	-0.8933909999999999	0.331681	0.0	-3.90933	-3.5810000000000004	-3.12225	0.368653	-0.0517165	0.392302	-0.9183819999999999	0.0	0.729468	-0.613229	-0.303029	0.0	-0.682057	-0.685601	-0.254458	0.0	1.1395	-2.82385	-2.44708	0.34603	
0	0.562933	-0.149114	-0.81294	0.0	0.773025	0.443047	0.454028	0.0	0.292469	-0.8840100000000001	0.364675	0.0	-3.8956800000000005	-3.58189	-3.14616	0.373958	-0.051756899999999995	0.394611	-0.9173889999999999	0.0	0.729902	-0.612015	-0.304435	0.0	-0.6815899999999999	-0.685361	-0.256352	0.0	1.13701	-2.83356	-2.4449	0.34595	
0	0.574419	-0.169282	-0.800866	0.0	0.759705	0.474538	0.444592	0.0	0.304779	-0.8638040000000001	0.401188	0.0	-3.90581	-3.5826300000000004	-3.17696	0.377789	-0.052496400000000006	0.392793	-0.918127	0.0	0.728825	-0.6134539999999999	-0.30412	0.0	-0.682685	-0.6851189999999999	-0.25407399999999997	0.0	1.13676	-2.84396	-2.4318	0.345959	
0	0.5766319999999999	-0.18501099999999998	-0.79578	0.0	0.746637	0.514789	0.421339	0.0	0.331706	-0.837116	0.43498000000000003	0.0	-3.9275900000000004	-3.58463	-3.21107	0.380998	-0.0595187	0.385139	-0.9209370000000001	0.0	0.729247	-0.61322	-0.303581	0.0	-0.681658	-0.689659	-0.244364	0.0	1.1204	-2.8662	-2.39743	0.346008	
0	0.5716100000000001	-0.200152	-0.79574	0.0	0.741071	0.542254	0.395946	0.0	0.352244	-0.8160270000000001	0.458284	0.0	-3.8196199999999996	-3.5901300000000003	-3.22175	0.378758	-0.06402859999999999	0.386865	-0.919911	0.0	0.7313890000000001	-0.608952	-0.30699899999999997	0.0	-0.678949	-0.692469	-0.243959	0.0	1.1235700000000002	-2.88659	-2.3832400000000002	0.346046	
0	0.580533	-0.17638800000000002	-0.794902	0.0	0.7146279999999999	0.578268	0.39359099999999997	0.0	0.390241	-0.796551	0.461755	0.0	-3.50276	-3.5913699999999995	-3.15971	0.36867300000000003	-0.06581139999999999	0.388258	-0.919198	0.0	0.73478	-0.604399	-0.307898	0.0	-0.6751060000000001	-0.695671	-0.245508	0.0	1.1369200000000002	-2.89527	-2.38394	0.345796	
0	0.60193	-0.148971	-0.7845300000000001	0.0	0.682368	0.60627	0.40842399999999995	0.0	0.41479399999999994	-0.781181	0.46658599999999995	0.0	-3.3143599999999998	-3.5960699999999997	-3.03547	0.361426	-0.065727	0.39008400000000004	-0.918431	0.0	0.734532	-0.60407	-0.309132	0.0	-0.675383	-0.6949350000000001	-0.24682600000000002	0.0	1.14649	-2.89984	-2.3988400000000003	0.345794	
0	0.622598	-0.139526	-0.770003	0.0	0.665377	0.61229	0.42705299999999996	0.0	0.41188	-0.778225	0.47404799999999997	0.0	-3.29215	-3.5986800000000003	-3.04962	0.351139	-0.06628010000000001	0.389957	-0.9184450000000001	0.0	0.732113	-0.606402	-0.310302	0.0	-0.677951	-0.692972	-0.2453	0.0	1.14765	-2.90503	-2.39267	0.345715	
0	0.642573	-0.12141600000000001	-0.7565430000000001	0.0	0.653725	0.601904	0.45864499999999997	0.0	0.399679	-0.789284	0.46614099999999997	0.0	-3.25628	-3.5952300000000004	-3.0608	0.35124099999999997	-0.0673296	0.390497	-0.9181389999999999	0.0	0.731117	-0.606873	-0.311726	0.0	-0.678922	-0.6922550000000001	-0.244639	0.0	1.14533	-2.91775	-2.3738599999999996	0.34577600000000003	
0	0.678946	-0.121457	-0.724072	0.0	0.644671	0.5705560000000001	0.508787	0.0	0.35132800000000003	-0.812228	0.46567700000000006	0.0	-3.20922	-3.56461	-3.07795	0.34917600000000004	-0.0690635	0.389067	-0.918617	0.0	0.728866	-0.609049	-0.312752	0.0	-0.6811649999999999	-0.691148	-0.24151399999999998	0.0	1.1540000000000001	-2.94949	-2.37628	0.345815	
0	0.710358	-0.12231900000000001	-0.69313	0.0	0.639355	0.5239229999999999	0.5627880000000001	0.0	0.29430700000000004	-0.842937	0.450379	0.0	-3.1606400000000003	-3.53031	-3.08675	0.351691	-0.0693197	0.387776	-0.919143	0.0	0.721621	-0.61668	-0.31459299999999996	0.0	-0.688809	-0.685081	-0.23708	0.0	1.16056	-2.9365	-2.3813299999999997	0.345742	
0	0.740604	-0.120301	-0.661085	0.0	0.628093	0.47352299999999997	0.617474	0.0	0.23875700000000002	-0.872527	0.426253	0.0	-3.0876	-3.5467	-3.09307	0.35180900000000004	-0.06855189999999999	0.388439	-0.9189209999999999	0.0	0.7220989999999999	-0.616239	-0.314361	0.0	-0.688385	-0.685102	-0.238247	0.0	1.1607399999999999	-2.93648	-2.38063	0.345708	
0	0.781868	-0.11801400000000001	-0.612173	0.0	0.593225	0.44283	0.672298	0.0	0.191748	-0.888805	0.41624399999999995	0.0	-2.9555599999999997	-3.5776199999999996	-3.0775099999999997	0.349473	-0.0677416	0.38736	-0.919436	0.0	0.717025	-0.621897	-0.314835	0.0	-0.693749	-0.6805859999999999	-0.235619	0.0	1.16321	-2.9372599999999998	-2.38156	0.34545	
0	0.825575	-0.10845	-0.553773	0.0	0.545914	0.401911	0.73515	0.0	0.142841	-0.909234	0.39101199999999997	0.0	-2.88481	-3.5784599999999998	-3.0752599999999997	0.34749800000000003	-0.0674419	0.384268	-0.9207549999999999	0.0	0.714711	-0.625316	-0.313319	0.0	-0.6961609999999999	-0.679204	-0.23246799999999998	0.0	1.1644	-2.93771	-2.38309	0.345514	
0	0.859648	-0.10598199999999999	-0.499774	0.0	0.49964899999999995	0.37846199999999997	0.779177	0.0	0.10656700000000001	-0.91953	0.378297	0.0	-2.8348299999999997	-3.5778	-3.07871	0.345576	-0.067679	0.385173	-0.920359	0.0	0.713846	-0.625771	-0.31438	0.0	-0.697024	-0.678272	-0.23260300000000003	0.0	1.16475	-2.93779	-2.3828	0.345482	
0	0.888882	-0.0903901	-0.449132	0.0	0.450545	0.350198	0.8212	0.0	0.0830568	-0.9323040000000001	0.35201	0.0	-2.8389	-3.5802099999999997	-3.06564	0.233681	-0.0682535	0.385287	-0.920269	0.0	0.710775	-0.628518	-0.31585599999999997	0.0	-0.7001	-0.675663	-0.230954	0.0	1.16621	-2.93817	-2.38318	0.34526399999999996	
0	0.8966850000000001	-0.09289700000000001	-0.432813	0.0	0.43770699999999996	0.33207	0.835549	0.0	0.06610419999999999	-0.9386690000000001	0.338424	0.0	-2.83885	-3.58671	-2.9738700000000002	0.12956600000000001	-0.0668648	0.383843	-0.920974	0.0	0.709693	-0.630512	-0.314309	0.0	-0.701331	-0.674625	-0.23025199999999998	0.0	1.16709	-2.9384799999999998	-2.38377	0.34524099999999996	
0	0.9059659999999999	-0.09216569999999999	-0.413195	0.0	0.41922299999999996	0.33124899999999996	0.8452959999999999	0.0	0.0589633	-0.939031	0.338739	0.0	-2.83692	-3.58558	-2.97045	0.129725	-0.0671595	0.38413800000000003	-0.9208299999999999	0.0	0.709295	-0.630698	-0.314837	0.0	-0.701706	-0.674284	-0.23010999999999998	0.0	1.16715	-2.93853	-2.38362	0.344992	
0	0.9285700000000001	-0.07786	-0.36289899999999997	0.0	0.367253	0.334196	0.868008	0.0	0.0536962	-0.939282	0.338918	0.0	-2.84877	-3.5874800000000002	-2.97158	0.12984	-0.0675417	0.382713	-0.9213950000000001	0.0	0.711631	-0.6288050000000001	-0.313347	0.0	-0.6993	-0.6768569999999999	-0.22988000000000003	0.0	1.1659899999999999	-2.9382599999999996	-2.38406	0.345056	
0	0.9409	-0.048405500000000004	-0.33520900000000003	0.0	0.33062800000000003	0.34588	0.8780959999999999	0.0	0.07343739999999999	-0.9370290000000001	0.341443	0.0	-2.85732	-3.57277	-2.9637	0.129833	-0.0698768	0.381506	-0.9217219999999999	0.0	0.714544	-0.62561	-0.313114	0.0	-0.696092	-0.6804899999999999	-0.22888699999999998	0.0	1.16401	-2.93772	-2.38463	0.34472600000000003	
0	0.949253	0.00591986	-0.314459	0.0	0.29530100000000004	0.327326	0.897583	0.0	0.108244	-0.944893	0.308967	0.0	-2.88964	-3.5191	-2.9260200000000003	0.130023	-0.070275	0.387423	-0.91922	0.0	0.721453	-0.616643	-0.315051	0.0	-0.6888890000000001	-0.685314	-0.236173	0.0	1.16068	-2.93662	-2.3811	0.34474699999999997	
0	0.9472299999999999	0.0780679	-0.31090300000000004	0.0	0.274559	0.303001	0.912583	0.0	0.165447	-0.949787	0.265577	0.0	-2.96053	-3.44777	-2.8654599999999997	0.129914	-0.0713308	0.38766300000000004	-0.9190370000000001	0.0	0.722445	-0.615211	-0.315577	0.0	-0.687739	-0.686465	-0.236182	0.0	1.16005	-2.93646	-2.38092	0.344724	
0	0.9212090000000001	0.138932	-0.36341599999999996	0.0	0.311283	0.297162	0.9026620000000001	0.0	0.233402	-0.944666	0.230501	0.0	-3.08716	-3.40315	-2.84769	0.12945299999999998	-0.07476870000000001	0.387545	-0.9188139999999999	0.0	0.739862	-0.596205	-0.311679	0.0	-0.6685909999999999	-0.703099	-0.242153	0.0	1.15078	-2.93392	-2.37964	0.344977	
0	0.887191	0.166344	-0.430374	0.0	0.373934	0.28722600000000004	0.8818590000000001	0.0	0.270306	-0.9433090000000001	0.19262200000000002	0.0	-3.073	-3.2953099999999997	-2.81485	0.129855	-0.07677289999999999	0.382424	-0.920792	0.0	0.7453029999999999	-0.591437	-0.307777	0.0	-0.662291	-0.7098979999999999	-0.23961500000000002	0.0	1.1471	-2.93319	-2.38163	0.345066	
0	0.858339	0.185694	-0.47830100000000003	0.0	0.407923	0.31845500000000004	0.855678	0.0	0.311211	-0.929572	0.197594	0.0	-3.15797	-2.8878	-2.83717	0.12973900000000002	-0.0782186	0.37559699999999996	-0.9234760000000001	0.0	0.745726	-0.592731	-0.304239	0.0	-0.6616449999999999	-0.712458	-0.23373000000000002	0.0	1.1465100000000001	-2.93325	-2.38478	0.34497	
0	0.8213309999999999	0.213477	-0.5290020000000001	0.0	0.436011	0.363053	0.8234610000000001	0.0	0.367846	-0.906984	0.20510799999999998	0.0	-3.23996	-2.50516	-2.88175	0.129745	-0.07960160000000001	0.37361500000000003	-0.924162	0.0	0.755011	-0.5827399999999999	-0.300619	0.0	-0.6508619999999999	-0.721683	-0.23569600000000002	0.0	1.14153	-2.93203	-2.3849400000000003	0.345019	
0	0.798231	0.227742	-0.557638	0.0	0.44982	0.390331	0.803308	0.0	0.400611	-0.8920620000000001	0.20913099999999998	0.0	-3.25048	-2.22325	-2.89847	0.12974000000000002	-0.0801043	0.376107	-0.923107	0.0	0.766119	-0.569225	-0.298404	0.0	-0.637688	-0.731113	-0.24254499999999998	0.0	1.1356899999999999	-2.9306799999999997	-2.38251	0.345194	
0	0.779468	0.245864	-0.576178	0.0	0.449716	0.42068	0.787898	0.0	0.43610200000000005	-0.873258	0.217337	0.0	-3.26688	-1.98127	-2.9154299999999997	0.129749	-0.0805238	0.37867199999999995	-0.9220219999999999	0.0	0.776606	-0.556021	-0.29618099999999997	0.0	-0.624819	-0.739897	-0.249306	0.0	1.1291	-2.92941	-2.38037	0.34526999999999997	
0	0.764083	0.252643	-0.59359	0.0	0.45522799999999997	0.44081000000000004	0.773598	0.0	0.457104	-0.8613120000000001	0.22180500000000003	0.0	-3.2869599999999997	-1.80167	-2.93415	0.129748	-0.08018439999999999	0.379268	-0.9218059999999999	0.0	0.77817	-0.554104	-0.295671	0.0	-0.622915	-0.74103	-0.250705	0.0	1.1284	-2.92922	-2.38007	0.345342	
0	0.7544069999999999	0.25758200000000003	-0.6037560000000001	0.0	0.455977	0.45599799999999996	0.7642979999999999	0.0	0.47218000000000004	-0.851891	0.226557	0.0	-3.29771	-1.72442	-2.9492	0.12938	-0.081506	0.37878	-0.921891	0.0	0.777162	-0.554953	-0.29672600000000005	0.0	-0.624	-0.740644	-0.249142	0.0	1.1286100000000001	-2.9293	-2.38044	0.345323	
1	0.6906329999999999	0.295387	-0.660131	0.0	0.45497299999999996	0.532064	0.714078	0.0	0.562161	-0.793508	0.233068	0.0	-3.27262	-1.45381	-3.01178	0.129378	-0.0763838	0.376314	-0.9233379999999999	0.0	0.770636	-0.565326	-0.29415399999999997	0.0	-0.632681	-0.7340260000000001	-0.246819	0.0	1.12752	-2.93017	-2.3850700000000002	0.34379099999999996	
1	0.655502	0.319656	-0.6842050000000001	0.0	0.43404499999999996	0.58194	0.687715	0.0	0.6179979999999999	-0.7477739999999999	0.242718	0.0	-3.16853	-1.40088	-3.0483599999999997	0.12937	-0.0508611	0.401713	-0.914352	0.0	0.6678810000000001	-0.6670119999999999	-0.330198	0.0	-0.742528	-0.627472	-0.23437199999999997	0.0	0.9777450000000001	-2.93827	-2.39933	0.34433400000000003	
1	0.613532	0.322614	-0.720762	0.0	0.441083	0.617074	0.651664	0.0	0.654999	-0.717733	0.23629499999999998	0.0	-2.90204	-1.4989299999999999	-3.10227	0.129741	-0.00972056	0.402062	-0.9155610000000001	0.0	0.606699	-0.7254510000000001	-0.325018	0.0	-0.794872	-0.558629	-0.236879	0.0	0.8539540000000001	-2.81208	-2.4226	0.344661	
1	0.5905279999999999	0.321525	-0.740201	0.0	0.4638	0.6153890000000001	0.6373270000000001	0.0	0.660428	-0.719665	0.214281	0.0	-2.46939	-1.71478	-3.1641	0.129737	0.10041900000000001	0.37095100000000003	-0.923207	0.0	0.525095	-0.807908	-0.267507	0.0	-0.8450979999999999	-0.457908	-0.275914	0.0	0.7537010000000001	-2.4841	-2.51588	0.343502	
1	0.579493	0.31850900000000004	-0.75016	0.0	0.484389	0.605631	0.6313310000000001	0.0	0.655405	-0.729221	0.196678	0.0	-2.2262	-1.82653	-3.23197	0.129361	0.189538	0.322013	-0.9275680000000001	0.0	0.430447	-0.876325	-0.21626700000000001	0.0	-0.882491	-0.35827800000000004	-0.304707	0.0	0.736492	-2.22709	-2.6221099999999997	0.34279499999999996	
1	0.583322	0.323455	-0.745059	0.0	0.492751	0.588288	0.641181	0.0	0.645702	-0.7411439999999999	0.183779	0.0	-2.00521	-1.93796	-3.32668	0.129736	0.259404	0.256791	-0.931004	0.0	0.335627	-0.9278879999999999	-0.162416	0.0	-0.905574	-0.270339	-0.326884	0.0	0.737576	-1.91283	-2.7068	0.341649	
1	0.607274	0.315448	-0.729186	0.0	0.48999	0.573765	0.656281	0.0	0.6254029999999999	-0.755835	0.193866	0.0	-1.8107	-2.0263400000000003	-3.3849199999999997	0.129747	0.275656	0.226462	-0.9342	0.0	0.30196	-0.943058	-0.139509	0.0	-0.9125969999999999	-0.24363400000000002	-0.328342	0.0	0.745383	-1.71432	-2.75032	0.341334	
1	0.624842	0.311934	-0.71573	0.0	0.5051829999999999	0.5374220000000001	0.675254	0.0	0.595283	-0.783502	0.17822000000000002	0.0	-1.72332	-2.10154	-3.4361300000000004	0.129383	0.27349	0.221398	-0.936048	0.0	0.306031	-0.9426100000000001	-0.133536	0.0	-0.9118930000000001	-0.24994	-0.325549	0.0	0.752007	-1.63589	-2.7497700000000003	0.341102	
1	0.632468	0.305588	-0.711758	0.0	0.515735	0.519459	0.681307	0.0	0.577929	-0.797984	0.17094	0.0	-1.7216	-2.16162	-3.533	0.129381	0.275882	0.21466500000000002	-0.9369139999999999	0.0	0.305695	-0.9437270000000001	-0.126211	0.0	-0.911285	-0.25159000000000004	-0.32598	0.0	0.792185	-1.60251	-2.73999	0.341179	
1	0.628279	0.302374	-0.716823	0.0	0.523235	0.517641	0.676958	0.0	0.575752	-0.8003859999999999	0.16701	0.0	-1.7316	-2.18495	-3.6198099999999998	0.129383	0.27255	0.201578	-0.940789	0.0	0.299223	-0.9470770000000001	-0.11624000000000001	0.0	-0.91443	-0.249824	-0.318443	0.0	0.852816	-1.60693	-2.69794	0.34108	
1	0.6213420000000001	0.306331	-0.7211770000000001	0.0	0.523462	0.522584	0.6729729999999999	0.0	0.583028	-0.795655	0.16435	0.0	-1.71675	-2.16168	-3.63343	0.129744	0.21912600000000002	0.197053	-0.955591	0.0	0.315269	-0.941157	-0.12178199999999999	0.0	-0.923358	-0.27458299999999997	-0.268357	0.0	0.806437	-1.68392	-2.5973599999999997	0.34170300000000003	
1	0.615812	0.309265	-0.724659	0.0	0.525878	0.5235569999999999	0.670329	0.0	0.586709	-0.793879	0.159777	0.0	-1.70512	-2.11394	-3.64935	0.129382	0.180255	0.204882	-0.962046	0.0	0.33855799999999997	-0.931227	-0.13488499999999998	0.0	-0.9235190000000001	-0.30139499999999997	-0.237223	0.0	0.732228	-1.76652	-2.4939299999999998	0.342119	
1	0.615414	0.312465	-0.7236229999999999	0.0	0.520415	0.5284270000000001	0.670771	0.0	0.591974	-0.789387	0.16259	0.0	-1.6901400000000002	-2.08377	-3.6388199999999995	0.129383	0.166975	0.21055	-0.963218	0.0	0.344913	-0.92768	-0.14299	0.0	-0.9236639999999999	-0.30835	-0.227521	0.0	0.692423	-1.81253	-2.46045	0.342393	
1	0.606997	0.317389	-0.7285729999999999	0.0	0.512232	0.54468	0.664035	0.0	0.607596	-0.776265	0.168043	0.0	-1.65513	-2.03435	-3.62733	0.129743	0.152078	0.215548	-0.964578	0.0	0.34923200000000004	-0.924696	-0.15157400000000001	0.0	-0.9246129999999999	-0.31381	-0.215902	0.0	0.585889	-1.89527	-2.42255	0.342685	
1	0.6041489999999999	0.322791	-0.728567	0.0	0.506962	0.549708	0.663935	0.0	0.614812	-0.770472	0.168463	0.0	-1.61263	-1.9986099999999998	-3.6188800000000003	0.129744	0.14799400000000001	0.215809	-0.9651549999999999	0.0	0.34763099999999997	-0.9249780000000001	-0.15352000000000002	0.0	-0.9258780000000001	-0.312798	-0.21191300000000002	0.0	0.534429	-1.92245	-2.4140900000000003	0.34252	
1	0.605823	0.321156	-0.727899	0.0	0.500635	0.557181	0.662506	0.0	0.6183390000000001	-0.7657729999999999	0.176771	0.0	-1.5746	-2.00047	-3.6106599999999998	0.129733	0.13965999999999998	0.217743	-0.9659620000000001	0.0	0.348504	-0.923916	-0.157878	0.0	-0.926844	-0.31459299999999996	-0.204918	0.0	0.502644	-1.9328400000000001	-2.41681	0.342779	
1	0.606288	0.318195	-0.728812	0.0	0.49705900000000003	0.563757	0.659629	0.0	0.620764	-0.762187	0.18363800000000002	0.0	-1.54669	-2.00483	-3.5871800000000005	0.12973900000000002	0.137965	0.224446	-0.964671	0.0	0.35280500000000004	-0.921234	-0.163882	0.0	-0.9254700000000001	-0.317731	-0.20628400000000002	0.0	0.47388500000000006	-1.93707	-2.42663	0.342555	
1	0.603956	0.316391	-0.731528	0.0	0.494546	0.5710069999999999	0.655267	0.0	0.625029	-0.7575270000000001	0.188394	0.0	-1.5354700000000001	-2.0059299999999998	-3.5716	0.129744	0.138491	0.233004	-0.962564	0.0	0.358604	-0.917774	-0.170566	0.0	-0.9231590000000001	-0.321558	-0.21066	0.0	0.45575699999999997	-1.94555	-2.44293	0.34226	
1	0.602087	0.318131	-0.732314	0.0	0.49008599999999997	0.5768270000000001	0.653519	0.0	0.630323	-0.752372	0.191388	0.0	-1.53084	-1.9978900000000002	-3.55116	0.129382	0.137551	0.235114	-0.9621860000000001	0.0	0.35994899999999996	-0.9168709999999999	-0.172584	0.0	-0.9227770000000001	-0.32259899999999997	-0.21074600000000002	0.0	0.448579	-1.96602	-2.45597	0.341906	
1	0.6005739999999999	0.31888099999999997	-0.73323	0.0	0.46911400000000003	0.602083	0.646087	0.0	0.64749	-0.731991	0.212004	0.0	-1.48084	-1.9509999999999998	-3.47175	0.129743	0.136511	0.237252	-0.961809	0.0	0.35377	-0.9185530000000001	-0.176371	0.0	-0.9253170000000001	-0.316183	-0.209326	0.0	0.415071	-2.0004	-2.4725900000000003	0.341543	
1	0.6021	0.32211599999999996	-0.73056	0.0	0.466171	0.601019	0.6492	0.0	0.6481979999999999	-0.731449	0.211713	0.0	-1.45153	-1.9394799999999999	-3.45095	0.129744	0.133792	0.24176599999999998	-0.961067	0.0	0.354588	-0.9172610000000001	-0.181383	0.0	-0.925401	-0.316515	-0.20844899999999997	0.0	0.400391	-2.0108	-2.47238	0.338384	
1	0.613494	0.33258899999999997	-0.716246	0.0	0.44502299999999995	0.603649	0.661485	0.0	0.652364	-0.724564	0.222325	0.0	-1.44939	-2.01208	-3.4685699999999997	0.130497	0.122806	0.26473	-0.956471	0.0	0.39694	-0.8964219999999999	-0.19714500000000001	0.0	-0.909592	-0.355451	-0.21516799999999997	0.0	0.371847	-2.05307	-2.45633	0.212459	
1	0.611925	0.337406	-0.715336	0.0	0.44512799999999997	0.600685	0.664107	0.0	0.6537649999999999	-0.7248	0.217385	0.0	-1.43544	-2.03195	-3.4752	0.13111199999999998	0.120992	0.26827399999999996	-0.955714	0.0	0.40134899999999996	-0.893804	-0.20008499999999999	0.0	-0.907899	-0.35936599999999996	-0.215815	0.0	0.386548	-2.0724099999999996	-2.46313	0.212394	
1	0.615771	0.355682	-0.703076	0.0	0.430957	0.594978	0.678438	0.0	0.659623	-0.720758	0.21308600000000003	0.0	-1.4156	-2.05035	-3.4973199999999998	0.13134300000000002	0.128775	0.282802	-0.9504950000000001	0.0	0.42831800000000003	-0.880324	-0.203894	0.0	-0.8944049999999999	-0.380858	-0.23449299999999998	0.0	0.393858	-2.0819099999999997	-2.4645	0.21213800000000002	
1	0.615298	0.366742	-0.697789	0.0	0.432663	0.5828260000000001	0.6878350000000001	0.0	0.6589470000000001	-0.7251310000000001	0.199936	0.0	-1.4172200000000001	-2.05952	-3.4993199999999995	0.135465	0.13581600000000002	0.284476	-0.9490139999999999	0.0	0.415022	-0.88613	-0.206231	0.0	-0.899617	-0.365852	-0.238414	0.0	0.377279	-2.07451	-2.46548	0.212729	
1	0.582956	0.405672	-0.703983	0.0	0.43663900000000005	0.574274	0.6925	0.0	0.685207	-0.711083	0.157644	0.0	-1.47306	-1.90841	-3.4933400000000003	0.323671	0.17339100000000002	0.26103000000000004	-0.949631	0.0	0.445049	-0.880935	-0.160887	0.0	-0.87856	-0.39473600000000003	-0.268918	0.0	0.460922	-2.2103	-2.4969	0.21272600000000003	
1	0.571476	0.42698500000000006	-0.700784	0.0	0.446238	0.55498	0.7020460000000001	0.0	0.688685	-0.713919	0.126621	0.0	-1.46245	-1.8545	-3.50322	0.35015300000000005	0.23267600000000002	0.295975	-0.926424	0.0	0.466225	-0.869924	-0.16083	0.0	-0.8535200000000001	-0.3945	-0.340401	0.0	0.659482	-2.10282	-2.60454	0.212675	
1	0.535776	0.47798599999999997	-0.696041	0.0	0.44496800000000003	0.54075	0.713858	0.0	0.717598	-0.692184	0.0770324	0.0	-1.5404	-1.77495	-3.5465	0.350504	0.300163	0.313109	-0.9010360000000001	0.0	0.467855	-0.871497	-0.14698699999999998	0.0	-0.8312729999999999	-0.377434	-0.40808099999999997	0.0	0.919035	-2.01067	-2.7250099999999997	0.21267600000000003	
2	0.514053	0.49799899999999997	-0.698389	0.0	0.450887	0.535756	0.713909	0.0	0.729692	-0.681882	0.0508664	0.0	-1.5913700000000002	-1.7257900000000002	-3.57385	0.35191300000000003	0.349964	0.303147	-0.8863559999999999	0.0	0.456667	-0.881353	-0.121128	0.0	-0.817912	-0.362379	-0.44687899999999997	0.0	1.10608	-1.9393599999999998	-2.7766599999999997	0.212706	
2	0.42572600000000005	0.543243	-0.723633	0.0	0.458795	0.559707	0.690098	0.0	0.779913	-0.625792	-0.0109546	0.0	-1.77488	-1.62939	-3.5782800000000003	0.351637	0.495908	0.226951	-0.8381930000000001	0.0	0.343045	-0.937934	-0.0509981	0.0	-0.797744	-0.262248	-0.542984	0.0	1.74144	-1.77541	-2.87553	0.21271700000000002	
2	0.370244	0.562979	-0.7389	0.0	0.45418800000000004	0.584158	0.672661	0.0	0.810329	-0.584648	-0.039417400000000005	0.0	-1.8683299999999998	-1.6256899999999999	-3.5526800000000005	0.351649	0.557022	0.185667	-0.8094779999999999	0.0	0.275345	-0.9608479999999999	-0.0309143	0.0	-0.783525	-0.205666	-0.586336	0.0	2.04259	-1.7427599999999999	-2.8567099999999996	0.212679	
2	0.306132	0.587855	-0.7488060000000001	0.0	0.429546	0.616654	0.659718	0.0	0.8495719999999999	-0.523608	-0.0637333	0.0	-1.95907	-1.67156	-3.4126800000000004	0.350568	0.584314	0.13796	-0.799715	0.0	0.210225	-0.9775370000000001	-0.0150351	0.0	-0.783826	-0.159335	-0.600191	0.0	2.51578	-1.80457	-2.66503	0.212716	
