0	0.209787	0.9245639999999999	-0.31807399999999997	0.0	0.29818	0.24931799999999998	0.921373	0.0	0.93117	-0.288135	-0.223383	0.0	-2.76685	1.91819	1.35684	0.0	-0.219406	0.928797	-0.298657	0.0	0.48396300000000003	-0.162187	-0.859927	0.0	-0.847137	-0.33321300000000004	-0.413919	0.0	2.65918	1.96415	1.56257	0.00034523	
0	0.23464200000000002	0.9079719999999999	-0.347174	0.0	0.34177199999999996	0.257286	0.9038780000000001	0.0	0.910019	-0.330742	-0.24994899999999998	0.0	-2.7880599999999998	1.8696099999999998	1.30674	0.0	-0.21626599999999999	0.911172	-0.350706	0.0	0.5322520000000001	-0.191106	-0.824734	0.0	-0.818497	-0.365025	-0.443643	0.0	2.65414	1.9246900000000002	1.52407	0.0	
0	0.14519200000000002	0.897099	-0.417292	0.0	0.32635	0.354734	0.8761620000000001	0.0	0.934032	-0.263395	-0.24126399999999998	0.0	-2.75533	1.8152400000000002	1.23926	0.0	-0.172465	0.9199700000000001	-0.35201	0.0	0.546324	-0.208023	-0.81133	0.0	-0.8196260000000001	-0.332237	-0.466725	0.0	2.61583	1.9460099999999998	1.47688	0.0	
0	0.114222	0.8920030000000001	-0.43736099999999994	0.0	0.32623800000000003	0.38214899999999996	0.864599	0.0	0.9383610000000001	-0.24144000000000002	-0.247356	0.0	-2.7126200000000003	1.85617	1.25007	0.0472586	-0.16984000000000002	0.9306129999999999	-0.32421300000000003	0.0	0.524571	-0.193136	-0.8291709999999999	0.0	-0.834254	-0.310899	-0.45537	0.0	2.67117	1.9889400000000002	1.44461	0.0	
0	0.0890258	0.9043770000000001	-0.417346	0.0	0.317709	0.371337	0.87245	0.0	0.9440000000000001	-0.210265	-0.25427	0.0	-2.65795	1.96577	1.2470299999999999	0.34886799999999996	-0.208402	0.94015	-0.26960500000000004	0.0	0.490333	-0.13808	-0.860527	0.0	-0.846252	-0.31153200000000003	-0.43221000000000004	0.0	2.67022	2.0793	1.45363	0.35975	
0	0.0900811	0.9060940000000001	-0.413375	0.0	0.33261399999999997	0.36386	0.870042	0.0	0.938751	-0.215869	-0.26860300000000004	0.0	-2.58031	2.02897	1.25915	0.347412	-0.231473	0.929473	-0.28722800000000004	0.0	0.508897	-0.135944	-0.8500260000000001	0.0	-0.8291229999999999	-0.342927	-0.441539	0.0	2.63468	2.11426	1.52395	0.35866	
0	0.111078	0.907674	-0.40470900000000004	0.0	0.35289299999999996	0.344666	0.869869	0.0	0.929047	-0.23944200000000002	-0.28202699999999997	0.0	-2.62185	2.06995	1.2560200000000001	0.346139	-0.2112	0.904256	-0.371101	0.0	0.557071	-0.200613	-0.80587	0.0	-0.80316	-0.376929	-0.461366	0.0	2.64069	2.1662	1.53135	0.359133	
0	0.148538	0.8851	-0.441061	0.0	0.388444	0.35793800000000003	0.8491120000000001	0.0	0.909422	-0.297453	-0.290644	0.0	-2.6423099999999997	2.09632	1.22395	0.344738	-0.0777893	0.809479	-0.581973	0.0	0.607337	-0.42444899999999997	-0.671554	0.0	-0.7906270000000001	-0.40569299999999997	-0.458609	0.0	2.64387	2.15853	1.4982799999999998	0.358838	
0	0.284144	0.7161930000000001	-0.63744	0.0	0.564826	0.412191	0.7148909999999999	0.0	0.7747470000000001	-0.563175	-0.287403	0.0	-2.67709	1.6456	1.08523	0.351034	-0.0490937	0.649936	-0.758401	0.0	0.686427	-0.529625	-0.498313	0.0	-0.72554	-0.5450510000000001	-0.420133	0.0	2.5640400000000003	1.84171	1.30364	0.35909	
0	0.323756	0.483863	-0.813055	0.0	0.702015	0.453271	0.549291	0.0	0.634316	-0.748613	-0.19293	0.0	-2.8060400000000003	0.9293049999999999	0.837983	0.35086100000000003	-0.039481699999999995	0.47153999999999996	-0.8809600000000001	0.0	0.768645	-0.5490010000000001	-0.328305	0.0	-0.6384569999999999	-0.690107	-0.340771	0.0	2.49579	1.18258	0.9091600000000001	0.35814	
0	0.31757199999999997	0.36809899999999995	-0.873871	0.0	0.7654310000000001	0.44445100000000004	0.465379	0.0	0.559699	-0.8166800000000001	-0.14060999999999998	0.0	-2.93701	0.446586	0.552659	0.35236100000000004	0.00413865	0.362094	-0.932132	0.0	0.815295	-0.540966	-0.20652199999999998	0.0	-0.579032	-0.759108	-0.297453	0.0	2.487	0.713811	0.5605140000000001	0.357159	
0	0.299417	0.29879	-0.9061309999999999	0.0	0.7905300000000001	0.45407600000000004	0.410946	0.0	0.5342399999999999	-0.839368	-0.100245	0.0	-3.03455	0.0740423	0.27131900000000003	0.35260199999999997	0.0463298	0.310975	-0.9492879999999999	0.0	0.8496610000000001	-0.511992	-0.126255	0.0	-0.5252899999999999	-0.800724	-0.287944	0.0	2.5325599999999997	0.317339	0.22952899999999998	0.354394	
0	0.272926	0.28532399999999997	-0.91875	0.0	0.817074	0.435382	0.377932	0.0	0.50784	-0.853834	-0.114304	0.0	-3.07631	-0.24775100000000003	-0.0489946	0.353121	0.07548710000000002	0.266061	-0.960996	0.0	0.867402	-0.49289399999999994	-0.0683271	0.0	-0.49184799999999995	-0.828412	-0.267989	0.0	2.57951	-0.121814	-0.08266330000000001	0.343444	
0	0.228872	0.280553	-0.9321520000000001	0.0	0.845783	0.416767	0.33310100000000004	0.0	0.481943	-0.8646360000000001	-0.141901	0.0	-3.13732	-0.574114	-0.430774	0.35232199999999997	0.10364100000000001	0.22983	-0.9676969999999999	0.0	0.864632	-0.501704	-0.0265527	0.0	-0.49159899999999995	-0.83395	-0.250715	0.0	2.56648	-0.539679	-0.41567600000000005	0.344215	
0	0.187836	0.286982	-0.93934	0.0	0.8700760000000001	0.395119	0.29470100000000005	0.0	0.45572399999999996	-0.872653	-0.175479	0.0	-3.22338	-0.819156	-0.790057	0.352112	0.113272	0.23442399999999997	-0.965513	0.0	0.874458	-0.484865	-0.015133700000000002	0.0	-0.47169099999999997	-0.8425860000000001	-0.259916	0.0	2.5752200000000003	-0.813732	-0.681175	0.34475100000000003	
0	0.164398	0.29985500000000004	-0.9397129999999999	0.0	0.88192	0.38201799999999997	0.276187	0.0	0.441803	-0.8741559999999999	-0.201646	0.0	-3.30206	-1.08972	-1.1296899999999999	0.352724	0.11381300000000001	0.256265	-0.959883	0.0	0.884858	-0.465459	-0.0193485	0.0	-0.451745	-0.847158	-0.27973400000000004	0.0	2.59249	-1.07826	-0.9135790000000001	0.344383	
0	0.153935	0.31348200000000004	-0.937034	0.0	0.8879879999999999	0.37201599999999996	0.270335	0.0	0.43333699999999997	-0.87369	-0.221102	0.0	-3.32873	-1.21966	-1.28605	0.352134	0.12138399999999999	0.261277	-0.957601	0.0	0.8893639999999999	-0.45704300000000003	-0.011967799999999999	0.0	-0.440792	-0.8502040000000001	-0.28784699999999996	0.0	2.60562	-1.19908	-1.01563	0.344152	
0	0.12251300000000001	0.30803200000000003	-0.9434549999999999	0.0	0.8959290000000001	0.374639	0.238659	0.0	0.426969	-0.8745069999999999	-0.23007600000000003	0.0	-3.42535	-1.57572	-1.6263299999999998	0.351135	0.139676	0.281543	-0.9493280000000001	0.0	0.8956200000000001	-0.444821	-0.000147104	0.0	-0.42232200000000003	-0.850217	-0.314286	0.0	2.64142	-1.51489	-1.34595	0.344109	
0	0.137654	0.31548899999999996	-0.9388920000000001	0.0	0.902134	0.3514	0.250343	0.0	0.408908	-0.881467	-0.236242	0.0	-3.4586099999999997	-1.81417	-1.72124	0.35031	0.14218599999999998	0.27357	-0.951285	0.0	0.8993260000000001	-0.43719300000000005	0.00869188	0.0	-0.413517	-0.856751	-0.308191	0.0	2.7379599999999997	-1.7762	-1.4996399999999999	0.343711	
0	0.145499	0.326755	-0.9338420000000001	0.0	0.904207	0.339174	0.25956	0.0	0.401548	-0.882152	-0.246104	0.0	-3.5815300000000003	-2.0273	-1.85284	0.347879	0.146304	0.282594	-0.948017	0.0	0.899026	-0.437817	0.0082342	0.0	-0.412731	-0.853497	-0.318114	0.0	2.87626	-2.03621	-1.57859	0.343966	
0	0.08747289999999999	0.316563	-0.94453	0.0	0.86669	0.44326899999999997	0.22882800000000003	0.0	0.49111899999999997	-0.8386299999999999	-0.23558800000000002	0.0	-3.65144	-2.1573	-1.99937	0.342519	0.21494000000000002	0.220797	-0.951341	0.0	0.81277	-0.580529	0.0488975	0.0	-0.541484	-0.783732	-0.304237	0.0	2.93847	-2.17457	-1.64612	0.359569	
0	0.10628399999999999	0.338251	-0.9350350000000001	0.0	0.853817	0.450899	0.260166	0.0	0.509608	-0.826	-0.24088099999999998	0.0	-3.5705699999999996	-2.18005	-2.05478	0.33617800000000003	0.204278	0.219871	-0.953901	0.0	0.812837	-0.5811069999999999	0.0401258	0.0	-0.545496	-0.783563	-0.297426	0.0	2.83567	-2.18967	-1.69514	0.35418299999999997	
0	0.11265	0.34370300000000004	-0.932298	0.0	0.846449	0.458226	0.27120700000000003	0.0	0.520417	-0.819694	-0.239308	0.0	-3.4911300000000005	-2.21208	-2.04441	0.336397	0.195452	0.213128	-0.957275	0.0	0.802707	-0.5955520000000001	0.031299	0.0	-0.5634359999999999	-0.774529	-0.287481	0.0	2.79346	-2.20903	-1.6847599999999998	0.353731	
0	0.118994	0.351973	-0.928416	0.0	0.8421040000000001	0.459608	0.282174	0.0	0.526025	-0.815399	-0.241707	0.0	-3.45306	-2.2337	-2.01634	0.335539	0.189033	0.21396500000000002	-0.958377	0.0	0.7999	-0.599657	0.023896599999999997	0.0	-0.569584	-0.771123	-0.284506	0.0	2.74518	-2.23058	-1.64589	0.353578	
0	0.121199	0.35534299999999996	-0.926845	0.0	0.841512	0.458446	0.28580500000000003	0.0	0.526467	-0.814591	-0.243463	0.0	-3.44489	-2.2382400000000002	-2.0076	0.337337	0.187533	0.214881	-0.958466	0.0	0.800845	-0.598448	0.0225261	0.0	-0.568752	-0.771807	-0.284315	0.0	2.73461	-2.23965	-1.62192	0.353538	
0	0.12198599999999998	0.355956	-0.926507	0.0	0.8428040000000001	0.455876	0.286109	0.0	0.5242140000000001	-0.815765	-0.244391	0.0	-3.44841	-2.23926	-1.9999200000000001	0.33921100000000004	0.1875	0.220371	-0.957226	0.0	0.805682	-0.591957	0.0215365	0.0	-0.56189	-0.775257	-0.288541	0.0	2.7608900000000003	-2.23822	-1.61058	0.35326599999999997	
0	0.12104300000000001	0.355593	-0.9267700000000001	0.0	0.845045	0.45293900000000004	0.28415799999999997	0.0	0.520814	-0.817558	-0.245667	0.0	-3.4689099999999997	-2.23683	-1.9897599999999998	0.342062	0.188155	0.22459099999999999	-0.9561149999999999	0.0	0.810542	-0.585266	0.0220295	0.0	-0.554634	-0.7791170000000001	-0.292161	0.0	2.78003	-2.22381	-1.63561	0.35736799999999996	
0	0.124393	0.347004	-0.929578	0.0	0.848348	0.44870200000000005	0.28102	0.0	0.5146189999999999	-0.8235620000000001	-0.238565	0.0	-3.4752	-2.2418299999999998	-1.9770900000000002	0.34389000000000003	0.184763	0.22544899999999998	-0.956575	0.0	0.819544	-0.5725399999999999	0.0233572	0.0	-0.542412	-0.788271	-0.290549	0.0	2.78058	-2.22102	-1.6394400000000002	0.35685100000000003	
0	0.124326	0.347193	-0.929516	0.0	0.848291	0.448769	0.281086	0.0	0.514729	-0.8234459999999999	-0.238727	0.0	-3.47497	-2.24166	-1.97757	0.343881	0.184815	0.225451	-0.956564	0.0	0.8194379999999999	-0.572692	0.0233447	0.0	-0.542554	-0.7881600000000001	-0.290585	0.0	2.7805400000000002	-2.22103	-1.6395	0.35685100000000003	
0	0.124326	0.347194	-0.929516	0.0	0.848291	0.448769	0.281086	0.0	0.514729	-0.8234459999999999	-0.23872800000000002	0.0	-3.47497	-2.24166	-1.97757	0.343881	0.184815	0.225451	-0.956564	0.0	0.8194379999999999	-0.572692	0.0233445	0.0	-0.542554	-0.788159	-0.290585	0.0	2.7805400000000002	-2.22103	-1.6395	0.35685100000000003	
0	0.124326	0.347194	-0.929516	0.0	0.848291	0.448769	0.281086	0.0	0.514729	-0.8234459999999999	-0.23872800000000002	0.0	-3.47497	-2.24166	-1.97757	0.343881	0.184815	0.225451	-0.956564	0.0	0.8194379999999999	-0.572692	0.0233445	0.0	-0.542554	-0.788159	-0.290585	0.0	2.7805400000000002	-2.22103	-1.6395	0.35685100000000003	
0	0.124326	0.347194	-0.929516	0.0	0.848291	0.448769	0.281086	0.0	0.514729	-0.8234459999999999	-0.23872800000000002	0.0	-3.47497	-2.24166	-1.97757	0.343881	0.184815	0.225451	-0.956564	0.0	0.8194379999999999	-0.572692	0.0233446	0.0	-0.542554	-0.7881600000000001	-0.290585	0.0	2.7805400000000002	-2.22103	-1.6395	0.35685100000000003	
0	0.124326	0.347194	-0.929516	0.0	0.848291	0.448769	0.281086	0.0	0.514729	-0.8234459999999999	-0.23872800000000002	0.0	-3.47497	-2.24166	-1.97757	0.343881	0.184815	0.225451	-0.956564	0.0	0.8194379999999999	-0.572692	0.0233445	0.0	-0.542554	-0.7881600000000001	-0.290585	0.0	2.7805400000000002	-2.22103	-1.6395	0.35685100000000003	
0	0.124326	0.347194	-0.929516	0.0	0.848291	0.448769	0.281086	0.0	0.514729	-0.8234459999999999	-0.23872800000000002	0.0	-3.47497	-2.24166	-1.97757	0.343881	0.184815	0.225451	-0.956564	0.0	0.8194379999999999	-0.572692	0.0233446	0.0	-0.542554	-0.7881600000000001	-0.290585	0.0	2.7805400000000002	-2.22103	-1.6395	0.35685100000000003	
0	0.124326	0.347194	-0.929516	0.0	0.848291	0.448769	0.281086	0.0	0.514729	-0.8234459999999999	-0.23872800000000002	0.0	-3.47497	-2.24166	-1.97757	0.343881	0.184815	0.225451	-0.956564	0.0	0.8194379999999999	-0.572692	0.0233445	0.0	-0.542554	-0.788159	-0.290585	0.0	2.7805400000000002	-2.22103	-1.6395	0.35685100000000003	
0	0.124326	0.347194	-0.929516	0.0	0.848291	0.448769	0.281086	0.0	0.514729	-0.8234459999999999	-0.23872800000000002	0.0	-3.47497	-2.24166	-1.97757	0.343881	0.184815	0.225451	-0.956564	0.0	0.8194379999999999	-0.572692	0.0233445	0.0	-0.542554	-0.788159	-0.290585	0.0	2.7805400000000002	-2.22103	-1.6395	0.35685100000000003	
0	0.124326	0.347194	-0.929516	0.0	0.848291	0.448769	0.281086	0.0	0.514729	-0.8234459999999999	-0.23872800000000002	0.0	-3.47497	-2.24166	-1.97757	0.343881	0.184815	0.225451	-0.956564	0.0	0.8194379999999999	-0.572693	0.0233446	0.0	-0.542554	-0.7881600000000001	-0.290585	0.0	2.7805400000000002	-2.22103	-1.6395	0.35685100000000003	
0	0.124326	0.347194	-0.929516	0.0	0.848291	0.448769	0.281086	0.0	0.514729	-0.8234459999999999	-0.23872800000000002	0.0	-3.47497	-2.24166	-1.97757	0.343881	0.184815	0.225451	-0.956564	0.0	0.8194379999999999	-0.572692	0.0233447	0.0	-0.542554	-0.7881600000000001	-0.290585	0.0	2.7805400000000002	-2.22103	-1.6395	0.35685100000000003	
0	0.124326	0.347194	-0.929516	0.0	0.848291	0.448769	0.281086	0.0	0.514729	-0.8234459999999999	-0.23872800000000002	0.0	-3.47497	-2.24166	-1.97757	0.343881	0.184815	0.225451	-0.956564	0.0	0.8194379999999999	-0.572692	0.0233445	0.0	-0.542554	-0.7881600000000001	-0.290585	0.0	2.7805400000000002	-2.22103	-1.6395	0.35685100000000003	
0	0.124326	0.347194	-0.929516	0.0	0.848291	0.448769	0.281086	0.0	0.514729	-0.8234459999999999	-0.23872800000000002	0.0	-3.47497	-2.24166	-1.97757	0.343881	0.184815	0.225451	-0.956564	0.0	0.8194379999999999	-0.572692	0.0233446	0.0	-0.542554	-0.7881600000000001	-0.290585	0.0	2.7805400000000002	-2.22103	-1.6395	0.35685100000000003	
0	0.124326	0.347194	-0.929516	0.0	0.848291	0.448769	0.281086	0.0	0.514729	-0.8234459999999999	-0.23872800000000002	0.0	-3.47497	-2.24166	-1.97757	0.343881	0.184815	0.225451	-0.956564	0.0	0.8194379999999999	-0.572692	0.0233446	0.0	-0.542554	-0.7881600000000001	-0.290585	0.0	2.7805400000000002	-2.22103	-1.6395	0.35685100000000003	
0	0.124326	0.347194	-0.929516	0.0	0.848291	0.448769	0.281086	0.0	0.514729	-0.8234459999999999	-0.23872800000000002	0.0	-3.47497	-2.24166	-1.97757	0.343881	0.184815	0.225451	-0.956564	0.0	0.8194379999999999	-0.572692	0.0233445	0.0	-0.542554	-0.788159	-0.290585	0.0	2.7805400000000002	-2.22103	-1.6395	0.35685100000000003	
0	0.124326	0.347194	-0.929516	0.0	0.848291	0.448769	0.281086	0.0	0.514729	-0.8234459999999999	-0.23872800000000002	0.0	-3.47497	-2.24166	-1.97757	0.343881	0.184815	0.225451	-0.956564	0.0	0.8194379999999999	-0.572692	0.0233446	0.0	-0.542554	-0.7881600000000001	-0.290585	0.0	2.7805400000000002	-2.22103	-1.6395	0.35685100000000003	
0	0.124326	0.347194	-0.929516	0.0	0.848291	0.448769	0.281086	0.0	0.514729	-0.8234459999999999	-0.23872800000000002	0.0	-3.47497	-2.24166	-1.97757	0.343881	0.184815	0.225451	-0.956564	0.0	0.8194379999999999	-0.572692	0.0233446	0.0	-0.542554	-0.7881600000000001	-0.290585	0.0	2.7805400000000002	-2.22103	-1.6395	0.35685100000000003	
0	0.124326	0.347194	-0.929516	0.0	0.848291	0.448769	0.281086	0.0	0.514729	-0.8234459999999999	-0.23872800000000002	0.0	-3.47497	-2.24166	-1.97757	0.343881	0.184815	0.225451	-0.956564	0.0	0.8194379999999999	-0.572692	0.0233446	0.0	-0.542554	-0.7881600000000001	-0.290585	0.0	2.7805400000000002	-2.22103	-1.6395	0.35685100000000003	
0	0.124326	0.347194	-0.929516	0.0	0.848291	0.448769	0.281086	0.0	0.514729	-0.8234459999999999	-0.23872800000000002	0.0	-3.47497	-2.24166	-1.97757	0.343881	0.184815	0.225451	-0.956564	0.0	0.8194379999999999	-0.572692	0.0233445	0.0	-0.542554	-0.788159	-0.290585	0.0	2.7805400000000002	-2.22103	-1.6395	0.35685100000000003	
0	0.00352123	0.447549	-0.894252	0.0	0.572013	0.732607	0.368902	0.0	0.8202370000000001	-0.5128229999999999	-0.253424	0.0	-3.4948300000000003	-2.1985900000000003	-1.8711099999999998	0.350119	0.0779508	0.362622	-0.9286700000000001	0.0	0.5447569999999999	-0.795638	-0.26495100000000005	0.0	-0.8349629999999999	-0.48524700000000004	-0.259562	0.0	2.86176	-2.1271	-1.4895200000000002	0.338936	
0	0.00179852	0.45711	-0.889409	0.0	0.583387	0.7218939999999999	0.372195	0.0	0.812192	-0.5195390000000001	-0.265373	0.0	-3.51336	-2.10355	-1.71534	0.34972600000000004	0.09144989999999999	0.37965	-0.920599	0.0	0.562056	-0.7828189999999999	-0.266997	0.0	-0.8220280000000001	-0.493012	-0.284974	0.0	3.02223	-2.07225	-1.3296700000000001	0.33873000000000003	
0	0.014881	0.482416	-0.875816	0.0	0.582811	0.707548	0.399633	0.0	0.812472	-0.516382	-0.27062800000000004	0.0	-3.5109800000000004	-2.0687	-1.6659400000000002	0.348132	0.09411939999999999	0.394148	-0.914215	0.0	0.54979	-0.786143	-0.28233	0.0	-0.829984	-0.47605299999999995	-0.29069	0.0	3.08534	-2.04507	-1.2962799999999999	0.340411	
0	0.07419760000000002	0.48958999999999997	-0.86879	0.0	0.623592	0.657075	0.42353900000000005	0.0	0.778221	-0.5731970000000001	-0.25655100000000003	0.0	-3.4698	-2.25105	-1.7588400000000002	0.34867	0.0614477	0.403116	-0.913084	0.0	0.554038	-0.77471	-0.30474	0.0	-0.8302209999999999	-0.48715699999999995	-0.270945	0.0	2.9893400000000003	-2.12299	-1.3951200000000001	0.342364	
0	0.0907132	0.483467	-0.87065	0.0	0.663571	0.62256	0.41484099999999996	0.0	0.7425930000000001	-0.6153689999999999	-0.26434	0.0	-3.43001	-2.53919	-2.00965	0.35075300000000004	0.033425	0.391596	-0.91953	0.0	0.558814	-0.770115	-0.307652	0.0	-0.8286190000000001	-0.503563	-0.244571	0.0	2.70732	-2.29819	-1.6473099999999998	0.343792	
0	0.10563099999999999	0.46266899999999994	-0.880216	0.0	0.682397	0.6101260000000001	0.402593	0.0	0.723309	-0.643183	-0.251275	0.0	-3.4344300000000003	-2.75889	-2.25158	0.351392	0.016927599999999998	0.377317	-0.9259299999999999	0.0	0.575051	-0.7612479999999999	-0.299696	0.0	-0.8179420000000001	-0.527384	-0.229863	0.0	2.3831	-2.46937	-1.92058	0.343855	
0	0.115445	0.433425	-0.8937639999999999	0.0	0.698796	0.604033	0.383183	0.0	0.7059439999999999	-0.668795	-0.233143	0.0	-3.4234699999999996	-2.91546	-2.45027	0.35228899999999996	0.00311059	0.355653	-0.9346129999999999	0.0	0.593933	-0.7525689999999999	-0.284402	0.0	-0.804509	-0.554212	-0.213575	0.0	2.09611	-2.638	-2.18034	0.34278400000000003	
0	0.122222	0.397627	-0.9093700000000001	0.0	0.711407	0.6037939999999999	0.359628	0.0	0.692071	-0.690887	-0.209078	0.0	-3.43656	-3.06752	-2.5821400000000003	0.353122	-0.0100945	0.335181	-0.9421	0.0	0.6068899999999999	-0.74673	-0.272175	0.0	-0.794722	-0.574498	-0.19588	0.0	1.861	-2.76974	-2.36774	0.340807	
0	0.126192	0.346926	-0.929364	0.0	0.733607	0.597993	0.322838	0.0	0.667754	-0.722528	-0.179045	0.0	-3.43971	-3.19182	-2.6517	0.353244	-0.0147738	0.326252	-0.945167	0.0	0.619793	-0.738777	-0.264698	0.0	-0.784626	-0.589719	-0.191294	0.0	1.60501	-2.86083	-2.4977	0.340855	
0	0.167732	0.300294	-0.938983	0.0	0.757406	0.5704279999999999	0.31772399999999995	0.0	0.631033	-0.764484	-0.13176600000000002	0.0	-3.46938	-3.3851400000000003	-2.698	0.353272	-0.0431916	0.31319400000000003	-0.948707	0.0	0.636043	-0.723672	-0.267861	0.0	-0.7704439999999999	-0.614987	-0.16794800000000001	0.0	1.42008	-2.95914	-2.55353	0.340807	
0	0.226417	0.262547	-0.9379790000000001	0.0	0.778197	0.530384	0.336306	0.0	0.5857859999999999	-0.806078	-0.08422510000000001	0.0	-3.48809	-3.5973699999999997	-2.70103	0.353075	-0.0587558	0.31000700000000003	-0.948917	0.0	0.654907	-0.705442	-0.271016	0.0	-0.753422	-0.637376	-0.161577	0.0	1.3326799999999999	-3.0803700000000003	-2.6248099999999996	0.34068899999999996	
0	0.28657	0.23424699999999998	-0.928981	0.0	0.785971	0.49698400000000004	0.367772	0.0	0.5478390000000001	-0.8355450000000001	-0.0416906	0.0	-3.4557599999999997	-3.5918300000000003	-2.7241400000000002	0.348181	-0.0636932	0.302838	-0.9509120000000001	0.0	0.665983	-0.696739	-0.2665	0.0	-0.743243	-0.650265	-0.157308	0.0	1.2977299999999998	-3.21612	-2.6848400000000003	0.340751	
0	0.35599699999999995	0.198283	-0.913209	0.0	0.7945989999999999	0.450078	0.407483	0.0	0.49181199999999997	-0.8706969999999999	0.00267053	0.0	-3.40941	-3.5852800000000005	-2.74573	0.34346	-0.06286080000000001	0.29183899999999996	-0.9544	0.0	0.6710699999999999	-0.695475	-0.256864	0.0	-0.7387239999999999	-0.656616	-0.152126	0.0	1.3334	-3.3554699999999995	-2.7176099999999996	0.340539	
0	0.387933	0.176395	-0.904651	0.0	0.797251	0.42829300000000003	0.42539	0.0	0.462492	-0.8862559999999999	0.025518400000000004	0.0	-3.3852300000000004	-3.5830800000000003	-2.7584400000000002	0.341371	-0.0605217	0.281541	-0.9576389999999999	0.0	0.672061	-0.69786	-0.24764	0.0	-0.7380180000000001	-0.658579	-0.146977	0.0	1.37365	-3.43905	-2.72726	0.340673	
0	0.452503	0.137925	-0.8810319999999999	0.0	0.7854180000000001	0.406246	0.46699300000000005	0.0	0.42232600000000003	-0.903294	0.0754989	0.0	-3.39595	-3.5824	-2.7827599999999997	0.341409	-0.06158240000000001	0.27726	-0.9588190000000001	0.0	0.671573	-0.699152	-0.245306	0.0	-0.738374	-0.6590239999999999	-0.143145	0.0	1.3858700000000002	-3.44311	-2.72152	0.33924	
0	0.479965	0.123049	-0.8686159999999999	0.0	0.77765	0.398623	0.48617	0.0	0.406073	-0.9088229999999999	0.0956358	0.0	-3.3830699999999996	-3.58205	-2.79067	0.341587	-0.0619448	0.277359	-0.958767	0.0	0.671851	-0.698796	-0.245561	0.0	-0.7380909999999999	-0.6593600000000001	-0.143057	0.0	1.38798	-3.44365	-2.72263	0.33872399999999997	
0	0.538929	0.0855838	-0.837992	0.0	0.759717	0.380323	0.5274310000000001	0.0	0.363847	-0.9208850000000001	0.139948	0.0	-3.35525	-3.58165	-2.80537	0.344059	-0.0608274	0.27533	-0.9594239999999999	0.0	0.672099	-0.699346	-0.243306	0.0	-0.737959	-0.6596270000000001	-0.14251	0.0	1.39723	-3.44392	-2.72812	0.337952	
0	0.630302	0.0512807	-0.774655	0.0	0.7131850000000001	0.35599200000000003	0.603852	0.0	0.306737	-0.9330809999999999	0.18781	0.0	-3.33911	-3.58477	-2.80586	0.346671	-0.0598735	0.272689	-0.9602370000000001	0.0	0.671094	-0.701124	-0.24095100000000003	0.0	-0.73895	-0.658836	-0.141021	0.0	1.4117600000000001	-3.4445699999999997	-2.72934	0.337932	
0	0.696466	0.026211599999999998	-0.7171109999999999	0.0	0.6712100000000001	0.32964699999999997	0.663935	0.0	0.253797	-0.9437399999999999	0.211995	0.0	-3.3149	-3.5878300000000003	-2.80183	0.343144	-0.0598264	0.269896	-0.9610290000000001	0.0	0.6678649999999999	-0.704701	-0.239485	0.0	-0.741874	-0.656165	-0.138094	0.0	1.41699	-3.44551	-2.73075	0.337898	
0	0.739482	0.017730000000000003	-0.6729430000000001	0.0	0.632692	0.323137	0.7037640000000001	0.0	0.229931	-0.9461860000000001	0.22773600000000002	0.0	-3.3091699999999995	-3.5883800000000003	-2.80144	0.340891	-0.06116900000000001	0.26708899999999997	-0.9617290000000001	0.0	0.6671050000000001	-0.7057760000000001	-0.238436	0.0	-0.742448	-0.656159	-0.135005	0.0	1.41655	-3.4454599999999997	-2.73116	0.337856	
0	0.7601399999999999	0.009877799999999999	-0.6496850000000001	0.0	0.615416	0.30982600000000005	0.7247560000000001	0.0	0.208448	-0.950742	0.22943200000000002	0.0	-3.3042	-3.58874	-2.79758	0.339949	-0.06139540000000001	0.267803	-0.961516	0.0	0.666237	-0.7063149999999999	-0.239265	0.0	-0.743209	-0.655287	-0.13505599999999998	0.0	1.41707	-3.4455	-2.7292799999999997	0.338333	
0	0.828242	-0.019452599999999997	-0.560033	0.0	0.545136	0.25942800000000005	0.797198	0.0	0.129781	-0.965567	0.225473	0.0	-3.25864	-3.59245	-2.76653	0.346242	-0.062184699999999996	0.266013	-0.9619620000000001	0.0	0.664465	-0.708147	-0.23877800000000002	0.0	-0.744728	-0.654038	-0.13272	0.0	1.41531	-3.44615	-2.71621	0.338383	
0	0.843455	-0.0156721	-0.536971	0.0	0.522729	0.25438099999999997	0.813661	0.0	0.12384300000000001	-0.9669770000000001	0.22275100000000003	0.0	-3.2575	-3.59404	-2.75298	0.352702	-0.0627793	0.26594	-0.961943	0.0	0.66418	-0.708285	-0.23915999999999998	0.0	-0.7449319999999999	-0.653917	-0.132166	0.0	1.41531	-3.44604	-2.71686	0.338378	
0	0.8880629999999999	-0.012570399999999999	-0.45955	0.0	0.451492	0.21215100000000003	0.8666870000000001	0.0	0.0865995	-0.9771559999999999	0.194079	0.0	-3.30381	-3.5880699999999996	-2.81542	0.210965	-0.0634918	0.265459	-0.9620290000000001	0.0	0.661946	-0.710205	-0.239659	0.0	-0.746858	-0.6520279999999999	-0.130627	0.0	1.41883	-3.44716	-2.71591	0.33821599999999996	
0	0.8965700000000001	-0.025347900000000003	-0.442176	0.0	0.438388	0.19296300000000002	0.877827	0.0	0.0630726	-0.9808790000000001	0.184117	0.0	-3.3036800000000004	-3.5849	-2.8371299999999997	0.185532	-0.0638551	0.265494	-0.961996	0.0	0.66138	-0.710611	-0.240017	0.0	-0.747328	-0.651571	-0.130217	0.0	1.41974	-3.44739	-2.7167	0.33808299999999997	
0	0.9122450000000001	-0.01095	-0.40949800000000003	0.0	0.403563	0.195631	0.8937930000000001	0.0	0.0703235	-0.9806159999999999	0.182883	0.0	-3.3178400000000003	-3.5853300000000004	-2.83639	0.185445	-0.0646939	0.267403	-0.961411	0.0	0.6596029999999999	-0.711496	-0.242277	0.0	-0.748825	-0.6498229999999999	-0.130351	0.0	1.4226	-3.44847	-2.7169	0.337819	
0	0.9133379999999999	-0.017320099999999998	-0.40683400000000003	0.0	0.403057	0.180646	0.8971690000000001	0.0	0.057954	-0.9833959999999999	0.171972	0.0	-3.3098	-3.5852800000000005	-2.83193	0.185418	-0.0643879	0.26665300000000003	-0.9616399999999999	0.0	0.659428	-0.711902	-0.241556	0.0	-0.749005	-0.649686	-0.13	0.0	1.4238600000000001	-3.44885	-2.71813	0.337285	
0	0.911781	-0.00840344	-0.410592	0.0	0.40508099999999997	0.182901	0.8958	0.0	0.0675697	-0.9830959999999999	0.17016900000000001	0.0	-3.32044	-3.58509	-2.82723	0.185145	-0.0643374	0.26561399999999996	-0.96193	0.0	0.658447	-0.713024	-0.24092399999999997	0.0	-0.749872	-0.648881	-0.129019	0.0	1.42498	-3.44927	-2.72018	0.337095	
0	0.903159	0.0196196	-0.428857	0.0	0.415522	0.21114899999999998	0.8847360000000001	0.0	0.10791099999999999	-0.9772569999999999	0.182548	0.0	-3.35855	-3.58385	-2.8382099999999997	0.18546300000000002	-0.06453160000000001	0.266963	-0.9615440000000001	0.0	0.658478	-0.7126170000000001	-0.24204299999999998	0.0	-0.7498279999999999	-0.648775	-0.129804	0.0	1.4247	-3.4496800000000003	-2.71924	0.336981	
0	0.884697	0.0448958	-0.463999	0.0	0.44189399999999995	0.236224	0.8654069999999999	0.0	0.14846099999999998	-0.9706610000000001	0.189147	0.0	-3.4041099999999997	-3.5819099999999997	-2.84625	0.185363	-0.0639732	0.26711	-0.96154	0.0	0.657412	-0.713622	-0.241979	0.0	-0.750811	-0.647608	-0.129949	0.0	1.4257600000000001	-3.45025	-2.71976	0.336857	
0	0.8577739999999999	0.0746341	-0.5085810000000001	0.0	0.477225	0.25200700000000004	0.841872	0.0	0.190998	-0.964843	0.18054800000000001	0.0	-3.62008	-3.58149	-2.8435799999999998	0.185476	-0.06497130000000001	0.26855500000000004	-0.9610709999999999	0.0	0.656457	-0.713862	-0.24385500000000002	0.0	-0.75156	-0.646746	-0.129914	0.0	1.4258899999999999	-3.45065	-2.72058	0.337037	
0	0.8322950000000001	0.109855	-0.543339	0.0	0.487717	0.32075	0.8119430000000001	0.0	0.263472	-0.9407719999999999	0.213381	0.0	-3.68761	-3.5720300000000003	-2.7991900000000003	0.18525899999999998	-0.0655331	0.270034	-0.9606180000000001	0.0	0.6567609999999999	-0.713101	-0.24525999999999998	0.0	-0.751246	-0.6469689999999999	-0.130616	0.0	1.42566	-3.4504699999999997	-2.72139	0.337081	
0	0.810858	0.127882	-0.5711	0.0	0.501008	0.352693	0.790316	0.0	0.302491	-0.926959	0.221914	0.0	-3.71544	-3.24951	-2.72253	0.185365	-0.0655052	0.27007800000000004	-0.960608	0.0	0.656926	-0.712954	-0.245246	0.0	-0.751104	-0.647113	-0.130719	0.0	1.42497	-3.4506099999999997	-2.7223	0.337035	
0	0.788916	0.13986600000000002	-0.598372	0.0	0.5138020000000001	0.383996	0.767173	0.0	0.337073	-0.9126799999999999	0.231077	0.0	-3.7525199999999996	-2.93254	-2.71831	0.185382	-0.0657688	0.270959	-0.960342	0.0	0.656565	-0.7129810000000001	-0.246131	0.0	-0.751397	-0.646714	-0.13101	0.0	1.42557	-3.4508199999999998	-2.7216400000000003	0.336973	
0	0.7802520000000001	0.14144400000000001	-0.609262	0.0	0.525977	0.378733	0.761518	0.0	0.33846	-0.9146340000000001	0.221111	0.0	-3.9400699999999995	-2.6512599999999997	-2.807	0.185523	-0.066419	0.271148	-0.9602430000000001	0.0	0.656405	-0.7129270000000001	-0.24671500000000002	0.0	-0.751479	-0.646695	-0.130631	0.0	1.42535	-3.45086	-2.72167	0.33707600000000004	
0	0.748833	0.197527	-0.63264	0.0	0.530288	0.394007	0.7507020000000001	0.0	0.397548	-0.897631	0.190299	0.0	-3.99305	-2.35752	-2.8762	0.185453	-0.06711089999999999	0.2757	-0.9588979999999999	0.0	0.657363	-0.7107680000000001	-0.250366	0.0	-0.75058	-0.647146	-0.133535	0.0	1.42587	-3.4512	-2.71834	0.336508	
4	0.729999	0.225483	-0.6451819999999999	0.0	0.539041	0.390395	0.7463420000000001	0.0	0.420163	-0.892608	0.163443	0.0	-4.04865	-2.0222	-2.93244	0.185526	-0.06822489999999999	0.27731300000000003	-0.958354	0.0	0.656762	-0.710611	-0.25238	0.0	-0.751005	-0.646629	-0.13364700000000002	0.0	1.4274799999999999	-3.4517300000000004	-2.7178	0.33628800000000003	
4	0.7020489999999999	0.26816	-0.65971	0.0	0.5372	0.408715	0.737813	0.0	0.46748500000000004	-0.8723770000000001	0.14288299999999998	0.0	-4.05015	-1.75233	-3.00672	0.18551600000000001	-0.0687927	0.275796	-0.958751	0.0	0.653954	-0.713292	-0.252109	0.0	-0.7534	-0.644323	-0.13128900000000002	0.0	1.43071	-3.4527300000000003	-2.71995	0.336206	
4	0.672872	0.31330399999999997	-0.670138	0.0	0.522525	0.439958	0.730346	0.0	0.523652	-0.841593	0.132326	0.0	-3.9153599999999997	-1.5394700000000001	-3.05183	0.185442	-0.067631	0.278449	-0.958067	0.0	0.641606	-0.723233	-0.25548899999999997	0.0	-0.764047	-0.631981	-0.129742	0.0	1.44379	-3.45842	-2.7177700000000002	0.33665	
4	0.6495029999999999	0.34486	-0.677656	0.0	0.5180779999999999	0.45161999999999997	0.726384	0.0	0.5565439999999999	-0.822868	0.11466400000000002	0.0	-3.70706	-1.56805	-3.11896	0.185524	-0.0687637	0.283306	-0.9565610000000001	0.0	0.610355	-0.746498	-0.264968	0.0	-0.789138	-0.602062	-0.12158599999999999	0.0	1.4659200000000001	-3.47801	-2.69106	0.339885	
4	0.6409699999999999	0.351645	-0.6822779999999999	0.0	0.521748	0.452348	0.723299	0.0	0.562971	-0.8195899999999999	0.10647100000000001	0.0	-3.3757300000000003	-1.7276799999999999	-3.18358	0.18542999999999998	-0.039142699999999996	0.294525	-0.954842	0.0	0.544007	-0.7952640000000001	-0.267604	0.0	-0.838167	-0.5299149999999999	-0.12909500000000002	0.0	1.409	-3.40024	-2.67618	0.34100199999999997	
4	0.655419	0.348342	-0.670137	0.0	0.523782	0.429604	0.73559	0.0	0.54413	-0.833126	0.0991154	0.0	-3.0552599999999996	-1.94367	-3.20517	0.185514	0.000852764	0.30186199999999996	-0.9533510000000001	0.0	0.494173	-0.828937	-0.26202600000000004	0.0	-0.8693629999999999	-0.470897	-0.14987899999999998	0.0	1.39742	-3.17945	-2.70487	0.341508	
4	0.660212	0.352387	-0.6632819999999999	0.0	0.531188	0.405271	0.7440399999999999	0.0	0.530999	-0.843551	0.08038060000000001	0.0	-2.74289	-2.13782	-3.2673799999999997	0.185427	0.0564347	0.293613	-0.954257	0.0	0.425015	-0.87192	-0.24314299999999997	0.0	-0.903425	-0.391852	-0.173996	0.0	1.39104	-2.94949	-2.7518	0.341493	
4	0.676426	0.347169	-0.649555	0.0	0.531445	0.380529	0.756812	0.0	0.509916	-0.85713	0.0728988	0.0	-2.47096	-2.27087	-3.31658	0.185435	0.0966766	0.25947600000000004	-0.960899	0.0	0.36304000000000003	-0.9081020000000001	-0.208693	0.0	-0.926745	-0.328669	-0.18199300000000002	0.0	1.38691	-2.73935	-2.80575	0.341502	
4	0.702646	0.333108	-0.6287510000000001	0.0	0.524692	0.354296	0.774062	0.0	0.48061000000000004	-0.873793	0.07416560000000001	0.0	-2.21771	-2.40733	-3.3876699999999995	0.18542999999999998	0.159328	0.20844400000000002	-0.9649690000000001	0.0	0.262971	-0.951101	-0.162028	0.0	-0.951557	-0.22794299999999998	-0.206352	0.0	1.38583	-2.49891	-2.87042	0.342064	
4	0.7165600000000001	0.332812	-0.613008	0.0	0.514493	0.341244	0.78667	0.0	0.470999	-0.879084	0.073292	0.0	-2.00818	-2.52367	-3.4595599999999997	0.185433	0.18065	0.184564	-0.966075	0.0	0.22668400000000002	-0.9636049999999999	-0.141703	0.0	-0.957068	-0.193395	-0.21591300000000002	0.0	1.40878	-2.2841299999999998	-2.92521	0.341933	
4	0.724525	0.332583	-0.603698	0.0	0.508963	0.332469	0.793991	0.0	0.464779	-0.882526	0.0716091	0.0	-1.8892900000000001	-2.56157	-3.4876	0.18544000000000002	0.180912	0.15845399999999998	-0.970651	0.0	0.19700299999999998	-0.972773	-0.122082	0.0	-0.9635670000000001	-0.16913499999999998	-0.207202	0.0	1.4022	-2.17903	-2.92778	0.341632	
4	0.728704	0.330075	-0.6000340000000001	0.0	0.507849	0.327352	0.796825	0.0	0.45943500000000004	-0.885376	0.0709147	0.0	-1.7809599999999999	-2.58793	-3.5041	0.18552000000000002	0.177553	0.135828	-0.974693	0.0	0.180283	-0.978158	-0.10347	0.0	-0.967457	-0.15735	-0.198163	0.0	1.4073	-2.1011599999999997	-2.89747	0.341566	
4	0.725757	0.341831	-0.597016	0.0	0.506243	0.322253	0.79992	0.0	0.46582700000000005	-0.882783	0.0608278	0.0	-1.72335	-2.58383	-3.57585	0.185521	0.166695	0.117157	-0.979023	0.0	0.17253800000000002	-0.9810620000000001	-0.08802389999999999	0.0	-0.9707950000000001	-0.154245	-0.183753	0.0	1.41688	-2.0767599999999997	-2.8344099999999997	0.341977	
4	0.7237239999999999	0.361277	-0.587965	0.0	0.497935	0.31651399999999996	0.8073899999999999	0.0	0.47779099999999997	-0.8770959999999999	0.0491764	0.0	-1.68583	-2.54547	-3.6901800000000002	0.18551600000000001	0.124931	0.106143	-0.9864719999999999	0.0	0.164046	-0.982786	-0.0849712	0.0	-0.97851	-0.15121199999999999	-0.140193	0.0	1.36449	-2.0918900000000002	-2.6976400000000003	0.342043	
4	0.722567	0.368694	-0.584775	0.0	0.494116	0.31615	0.809875	0.0	0.48347299999999993	-0.874136	0.046262199999999996	0.0	-1.65419	-2.53067	-3.74739	0.185515	0.11303699999999998	0.107998	-0.9877040000000001	0.0	0.161876	-0.9827959999999999	-0.0889354	0.0	-0.980316	-0.149833	-0.128575	0.0	1.31929	-2.0865299999999998	-2.63707	0.342049	
4	0.722562	0.382092	-0.576117	0.0	0.48389499999999996	0.315625	0.816227	0.0	0.49371000000000004	-0.868555	0.043166199999999995	0.0	-1.5619399999999999	-2.45385	-3.8027800000000003	0.18544000000000002	0.0804291	0.126996	-0.9886370000000001	0.0	0.16882	-0.9792559999999999	-0.11205699999999999	0.0	-0.98236	-0.157889	-0.1002	0.0	1.20296	-2.07801	-2.4971	0.342045	
4	0.723479	0.384391	-0.573429	0.0	0.48031999999999997	0.31634	0.81806	0.0	0.495853	-0.8672790000000001	0.044235199999999995	0.0	-1.52072	-2.43705	-3.8177199999999996	0.18551800000000002	0.0696845	0.130458	-0.989002	0.0	0.166934	-0.978957	-0.117371	0.0	-0.983503	-0.156919	-0.0899961	0.0	1.15201	-2.07173	-2.43885	0.341988	
4	0.730031	0.379923	-0.568079	0.0	0.47145200000000004	0.321809	0.8210790000000001	0.0	0.49476000000000003	-0.8672350000000001	0.055814800000000005	0.0	-1.41146	-2.43277	-3.8213	0.18552000000000002	0.05776080000000001	0.13928800000000002	-0.988566	0.0	0.161378	-0.978499	-0.12844	0.0	-0.985201	-0.152114	-0.078997	0.0	1.0395	-2.05309	-2.3603400000000003	0.34176799999999996	
4	0.738912	0.377525	-0.5581079999999999	0.0	0.460346	0.32199099999999997	0.8272870000000001	0.0	0.49202700000000005	-0.868215	0.06413089999999999	0.0	-1.32051	-2.43775	-3.78303	0.18551800000000002	0.056553	0.160124	-0.985476	0.0	0.163331	-0.975242	-0.149088	0.0	-0.984949	-0.152527	-0.0813063	0.0	0.979934	-2.04045	-2.34095	0.341725	
4	0.7417699999999999	0.37388299999999997	-0.556766	0.0	0.45730699999999996	0.32527	0.8276899999999999	0.0	0.490559	-0.868568	0.0702963	0.0	-1.29556	-2.42884	-3.7627099999999998	0.18543900000000002	0.05963240000000001	0.16908099999999998	-0.9837969999999999	0.0	0.16527999999999998	-0.97362	-0.157314	0.0	-0.984442	-0.153221	-0.0860052	0.0	0.9639780000000001	-2.04374	-2.34519	0.341823	
4	0.748896	0.37025399999999997	-0.549606	0.0	0.44859899999999997	0.32719699999999996	0.831686	0.0	0.48776400000000003	-0.869399	0.0789408	0.0	-1.22763	-2.43933	-3.6758	0.185513	0.06106280000000001	0.18334	-0.981151	0.0	0.171929	-0.970225	-0.170598	0.0	-0.983215	-0.158272	-0.0907665	0.0	0.9407200000000001	-2.06013	-2.35391	0.341671	
4	0.751375	0.369458	-0.546751	0.0	0.44503400000000004	0.328049	0.8332639999999999	0.0	0.487217	-0.869416	0.0820664	0.0	-1.19731	-2.43919	-3.638	0.185515	0.063211	0.188582	-0.9800209999999999	0.0	0.17307	-0.9691780000000001	-0.175333	0.0	-0.9828790000000001	-0.15853	-0.09390069999999999	0.0	0.9321950000000001	-2.069	-2.3583	0.34163499999999997	
4	0.754354	0.37043400000000004	-0.541967	0.0	0.43051999999999996	0.34409	0.834419	0.0	0.495583	-0.862775	0.100087	0.0	-1.13751	-2.44225	-3.5676699999999997	0.18543900000000002	0.0659552	0.200771	-0.977416	0.0	0.182326	-0.965482	-0.18601700000000002	0.0	-0.981024	-0.165939	-0.100284	0.0	0.893652	-2.12755	-2.3805099999999997	0.341677	
4	0.7562409999999999	0.374629	-0.5364260000000001	0.0	0.41876499999999994	0.352806	0.836758	0.0	0.502728	-0.857427	0.10992400000000001	0.0	-1.11622	-2.46431	-3.53386	0.185515	0.0654823	0.210864	-0.9753200000000001	0.0	0.195772	-0.9611370000000001	-0.194653	0.0	-0.978461	-0.17819400000000002	-0.104219	0.0	0.90104	-2.1345	-2.34876	0.340746	
4	0.756039	0.380957	-0.532238	0.0	0.406391	0.364218	0.8379690000000001	0.0	0.513081	-0.849834	0.120546	0.0	-1.10385	-2.49076	-3.52121	0.185365	0.0675396	0.21931900000000001	-0.9733129999999999	0.0	0.207529	-0.957291	-0.201308	0.0	-0.9758950000000001	-0.188394	-0.11017	0.0	0.901804	-2.13312	-2.3157099999999997	0.339889	
4	0.7574350000000001	0.38447800000000004	-0.527701	0.0	0.40110500000000004	0.363719	0.840728	0.0	0.515177	-0.84846	0.121278	0.0	-1.08497	-2.4965900000000003	-3.5124699999999995	0.185443	0.0694279	0.226827	-0.971457	0.0	0.221487	-0.9530069999999999	-0.20669	0.0	-0.9726889999999999	-0.20081500000000002	-0.116405	0.0	0.911184	-2.13267	-2.29314	0.33805100000000005	
4	0.757861	0.385877	-0.5260670000000001	0.0	0.400129	0.361973	0.841945	0.0	0.515309	-0.8485719999999999	0.119925	0.0	-1.08017	-2.49043	-3.50516	0.185418	0.0682576	0.22813699999999998	-0.971234	0.0	0.229582	-0.9509700000000001	-0.207242	0.0	-0.970893	-0.20883200000000002	-0.11728699999999999	0.0	0.9118209999999999	-2.12452	-2.2832	0.337409	
4	0.7587020000000001	0.39164499999999997	-0.520563	0.0	0.385549	0.374157	0.8434209999999999	0.0	0.525093	-0.840608	0.132875	0.0	-1.06765	-2.50387	-3.50164	0.185372	0.067587	0.233627	-0.969975	0.0	0.23954699999999998	-0.9475600000000001	-0.211537	0.0	-0.9685299999999999	-0.21805700000000003	-0.12000799999999999	0.0	0.9145200000000001	-2.1125700000000003	-2.25963	0.335646	
4	0.760074	0.392669	-0.517783	0.0	0.387469	0.365809	0.846198	0.0	0.521686	-0.8437979999999999	0.125895	0.0	-1.05895	-2.5000400000000003	-3.4923699999999998	0.185167	0.06253600000000001	0.23472300000000001	-0.9700489999999999	0.0	0.251601	-0.944267	-0.212265	0.0	-0.965809	-0.230791	-0.11810699999999999	0.0	0.917682	-2.1137099999999998	-2.25293	0.335284	
4	0.757059	0.39793	-0.518183	0.0	0.377783	0.380469	0.8441110000000001	0.0	0.53305	-0.8348030000000001	0.137707	0.0	-0.9964620000000001	-2.2357400000000003	-3.3097300000000005	0.18576600000000001	0.059276	0.24479800000000002	-0.9677610000000001	0.0	0.263292	-0.9389700000000001	-0.22138899999999997	0.0	-0.962893	-0.241681	-0.12011199999999998	0.0	0.837717	-2.3451	-2.3999200000000003	0.346058	
4	0.7540789999999999	0.399981	-0.520943	0.0	0.37992800000000004	0.381344	0.8427530000000001	0.0	0.5357430000000001	-0.8334219999999999	0.135599	0.0	-1.01763	-2.23695	-3.30415	0.185374	0.0587187	0.249482	-0.966598	0.0	0.271609	-0.935733	-0.225016	0.0	-0.960615	-0.249323	-0.122707	0.0	0.8214090000000001	-2.3367400000000003	-2.40014	0.345709	
4	0.757432	0.400475	-0.515671	0.0	0.375273	0.379281	0.845764	0.0	0.534291	-0.834126	0.136992	0.0	-1.0279	-2.22479	-3.2974699999999997	0.18533	0.0535014	0.261507	-0.9637180000000001	0.0	0.284997	-0.9289569999999999	-0.23625300000000002	0.0	-0.957034	-0.262017	-0.12423	0.0	0.807407	-2.31811	-2.38755	0.34713	
4	0.753895	0.405617	-0.516834	0.0	0.370535	0.387115	0.844302	0.0	0.542538	-0.8280200000000001	0.141548	0.0	-1.0401	-2.23189	-3.30027	0.18537599999999999	0.0511403	0.270229	-0.9614370000000001	0.0	0.292566	-0.924515	-0.24428899999999998	0.0	-0.9548770000000001	-0.268791	-0.12634	0.0	0.794738	-2.3040700000000003	-2.3891400000000003	0.348717	
4	0.762011	0.407669	-0.503135	0.0	0.3635	0.373726	0.8533440000000001	0.0	0.535916	-0.833148	0.136596	0.0	-1.0352700000000001	-2.22035	-3.2992	0.185284	0.0438269	0.276108	-0.9601270000000001	0.0	0.30553	-0.918709	-0.250251	0.0	-0.9511729999999999	-0.28238	-0.124624	0.0	0.790115	-2.30493	-2.37846	0.350038	
