0	0.161517	0.858353	-0.48697299999999993	0.0	0.282642	0.432546	0.8561639999999999	0.0	0.9455290000000001	-0.275924	-0.172743	0.0	-2.7789900000000003	2.05057	1.32301	0.0	-0.37127	0.809127	-0.455491	0.0	0.532613	-0.216246	-0.818268	0.0	-0.76058	-0.5463979999999999	-0.350666	0.0	2.6433299999999997	2.0354900000000002	1.53985	-2.79825e-05	
0	0.108504	0.885043	-0.45268800000000003	0.0	0.219358	0.422836	0.8792559999999999	0.0	0.969592	-0.194704	-0.14826199999999998	0.0	-2.8758	2.11516	1.2060600000000001	0.0	-0.0568928	0.9245200000000001	-0.376864	0.0	0.293283	-0.34534499999999996	-0.8914719999999999	0.0	-0.954332	-0.161246	-0.251498	0.0	2.78599	2.15023	1.37435	0.0	
0	0.09842680000000001	0.8856790000000001	-0.453744	0.0	0.20291099999999998	0.428518	0.8804540000000001	0.0	0.9742379999999999	-0.17873	-0.137537	0.0	-2.8639099999999997	2.12854	1.1543299999999999	0.0	-0.0391906	0.9173540000000001	-0.39614	0.0	0.30612399999999995	-0.366359	-0.878675	0.0	-0.9511850000000001	-0.155704	-0.266466	0.0	2.77457	2.17564	1.28568	0.0	
0	0.07745369999999999	0.8875569999999999	-0.45414099999999996	0.0	0.184349	0.43490500000000004	0.8814040000000001	0.0	0.9798040000000001	-0.151989	-0.129935	0.0	-2.83754	2.12244	1.13301	0.0	-0.043157	0.917349	-0.39573800000000003	0.0	0.324289	-0.361797	-0.8740370000000001	0.0	-0.944973	-0.166054	-0.28187199999999996	0.0	2.80132	2.18993	1.2683200000000001	0.0	
0	0.0455352	0.8803200000000001	-0.472189	0.0	0.191249	0.456254	0.8690549999999999	0.0	0.980485	-0.129878	-0.147585	0.0	-2.8148	2.16529	1.13468	0.14833	-0.0202171	0.911851	-0.410024	0.0	0.307771	-0.384517	-0.870301	0.0	-0.9512459999999999	-0.143789	-0.272868	0.0	2.85771	2.25965	1.2445700000000002	0.309724	
0	0.018958799999999998	0.859107	-0.511444	0.0	0.180544	0.500185	0.846888	0.0	0.983384	-0.108394	-0.145624	0.0	-2.71453	2.26075	1.15444	0.34809	-0.040255400000000004	0.919568	-0.390865	0.0	0.30503600000000003	-0.361197	-0.881186	0.0	-0.95149	-0.1547	-0.265962	0.0	2.80147	2.28513	1.2227700000000001	0.35975999999999997	
0	0.015541899999999999	0.856606	-0.515737	0.0	0.19553199999999998	0.5032369999999999	0.8417370000000001	0.0	0.980574	-0.113925	-0.159672	0.0	-2.60969	2.34322	1.1729100000000001	0.348155	-0.0327237	0.910653	-0.411875	0.0	0.29638000000000003	-0.384718	-0.874157	0.0	-0.954509	-0.150677	-0.25731	0.0	2.78979	2.34492	1.2449299999999999	0.358746	
0	0.024864400000000002	0.8511690000000001	-0.524303	0.0	0.212639	0.5079600000000001	0.834722	0.0	0.976815	-0.132242	-0.16836099999999998	0.0	-2.5918	2.3861	1.15844	0.34694400000000003	-0.024465999999999998	0.8927790000000001	-0.449829	0.0	0.296385	-0.423256	-0.85616	0.0	-0.9547549999999999	-0.15427000000000002	-0.254251	0.0	2.74665	2.45296	1.25508	0.35981799999999997	
0	0.08248580000000001	0.837317	-0.540459	0.0	0.267405	0.503826	0.8213729999999999	0.0	0.960047	-0.212273	-0.182344	0.0	-2.5918099999999997	2.40564	1.04607	0.346104	-0.0267659	0.849525	-0.52687	0.0	0.347652	-0.48624799999999996	-0.801687	0.0	-0.937242	-0.204625	-0.28232399999999996	0.0	2.70712	2.54244	1.15585	0.35995900000000003	
0	0.18753599999999998	0.809978	-0.555667	0.0	0.35980700000000004	0.469737	0.8061550000000001	0.0	0.913985	-0.351116	-0.203344	0.0	-2.58812	2.28044	0.804558	0.348165	-0.06929210000000001	0.803942	-0.590658	0.0	0.42060299999999995	-0.51334	-0.7480479999999999	0.0	-0.904595	-0.300266	-0.30257	0.0	2.59452	2.4748099999999997	0.916535	0.35995	
0	0.24651399999999998	0.7450180000000001	-0.619822	0.0	0.45025200000000004	0.478304	0.753989	0.0	0.8581979999999999	-0.464945	-0.21753699999999998	0.0	-2.5789	1.9749900000000002	0.364607	0.349812	-0.118527	0.752726	-0.6475770000000001	0.0	0.494246	-0.520918	-0.695964	0.0	-0.8612040000000001	-0.402552	-0.310289	0.0	2.38032	2.18715	0.461333	0.360453	
0	0.290092	0.6642979999999999	-0.68888	0.0	0.5597810000000001	0.46605699999999994	0.685154	0.0	0.776204	-0.58438	-0.236661	0.0	-2.6032599999999997	1.4778	-0.231248	0.35073499999999996	-0.158397	0.6643600000000001	-0.7304350000000001	0.0	0.5787439999999999	-0.5369	-0.613835	0.0	-0.799978	-0.519965	-0.299451	0.0	2.18096	1.6325100000000001	-0.144371	0.358977	
0	0.28424099999999997	0.5580430000000001	-0.779612	0.0	0.650123	0.485462	0.584522	0.0	0.704661	-0.6729890000000001	-0.22480799999999998	0.0	-2.6476	0.876584	-0.818621	0.351653	-0.17570999999999998	0.572894	-0.800574	0.0	0.6512760000000001	-0.542177	-0.530927	0.0	-0.738218	-0.614684	-0.27784699999999996	0.0	2.00694	1.00016	-0.6577810000000001	0.35729	
0	0.26299	0.49963100000000005	-0.8253510000000001	0.0	0.691998	0.498421	0.522221	0.0	0.672291	-0.708481	-0.214664	0.0	-2.72338	0.330389	-1.3062799999999999	0.351876	-0.17816099999999999	0.531347	-0.8282079999999999	0.0	0.6758770000000001	-0.545636	-0.49545200000000006	0.0	-0.7151569999999999	-0.648037	-0.261914	0.0	1.91462	0.44199399999999994	-1.06265	0.35776399999999997	
0	0.228433	0.45390600000000003	-0.8612709999999999	0.0	0.726757	0.509142	0.461084	0.0	0.647798	-0.7312609999999999	-0.213575	0.0	-2.78958	-0.12922899999999998	-1.71438	0.35182399999999997	-0.16755799999999998	0.479013	-0.861668	0.0	0.713675	-0.54405	-0.441224	0.0	-0.680142	-0.6888810000000001	-0.250699	0.0	1.80361	-0.08787560000000001	-1.44265	0.348087	
0	0.199438	0.42150299999999996	-0.884624	0.0	0.748594	0.517003	0.415109	0.0	0.632323	-0.745012	-0.212425	0.0	-2.79858	-0.46475	-1.9928400000000002	0.351498	-0.155971	0.441021	-0.88384	0.0	0.736853	-0.54395	-0.401454	0.0	-0.6578149999999999	-0.7138760000000001	-0.240128	0.0	1.71385	-0.544331	-1.7372	0.345175	
0	0.18370699999999998	0.40229699999999996	-0.8968879999999999	0.0	0.762804	0.517135	0.388203	0.0	0.619985	-0.755466	-0.211873	0.0	-2.78938	-0.76955	-2.1678900000000003	0.350555	-0.155084	0.41617600000000005	-0.895961	0.0	0.758171	-0.531296	-0.378023	0.0	-0.6333449999999999	-0.737917	-0.23313699999999998	0.0	1.6504599999999998	-0.944786	-1.89753	0.343452	
0	0.165877	0.37944	-0.910225	0.0	0.779013	0.5155390000000001	0.356875	0.0	0.604669	-0.768274	-0.21007199999999998	0.0	-2.81402	-1.11406	-2.3184	0.349411	-0.151072	0.401213	-0.9034409999999999	0.0	0.770259	-0.525049	-0.361973	0.0	-0.619579	-0.750568	-0.229717	0.0	1.67547	-1.36904	-2.0401599999999998	0.343346	
0	0.167249	0.365161	-0.915797	0.0	0.785415	0.512124	0.347639	0.0	0.595946	-0.777423	-0.201151	0.0	-2.82634	-1.40153	-2.3437200000000002	0.348677	-0.13833900000000002	0.40266799999999997	-0.904832	0.0	0.7695350000000001	-0.531413	-0.354142	0.0	-0.623441	-0.745292	-0.236352	0.0	1.78413	-1.68727	-2.07843	0.343744	
0	0.17053	0.366033	-0.9148440000000001	0.0	0.7839119999999999	0.512117	0.351024	0.0	0.5969939999999999	-0.777017	-0.199606	0.0	-2.87489	-1.6694799999999999	-2.39905	0.346594	-0.133599	0.365603	-0.921133	0.0	0.725775	-0.596815	-0.342144	0.0	-0.6748350000000001	-0.714245	-0.185612	0.0	1.9107900000000002	-1.93766	-2.1110700000000002	0.359181	
0	0.09575360000000001	0.364274	-0.926356	0.0	0.73645	0.600178	0.312134	0.0	0.6696810000000001	-0.7121029999999999	-0.2108	0.0	-2.94097	-1.78768	-2.4994099999999997	0.341979	-0.082741	0.377812	-0.922178	0.0	0.703213	-0.633549	-0.322657	0.0	-0.706149	-0.675184	-0.21326199999999998	0.0	1.8890200000000001	-1.95219	-2.17414	0.3585	
0	0.0858197	0.39256599999999997	-0.915711	0.0	0.715379	0.615428	0.330879	0.0	0.693447	-0.683476	-0.22801799999999997	0.0	-2.9409099999999997	-1.80047	-2.53855	0.335079	-0.0840707	0.381694	-0.920457	0.0	0.703557	-0.631406	-0.32609	0.0	-0.705649	-0.675009	-0.215461	0.0	1.86735	-1.9533099999999999	-2.19508	0.35846500000000003	
0	0.0876269	0.400944	-0.911902	0.0	0.712457	0.614576	0.33867800000000003	0.0	0.6962229999999999	-0.6793680000000001	-0.231802	0.0	-2.93648	-1.8044099999999998	-2.53799	0.33636900000000003	-0.0834374	0.392886	-0.915794	0.0	0.694878	-0.635772	-0.336063	0.0	-0.714271	-0.664405	-0.21996100000000002	0.0	1.87687	-1.95007	-2.21132	0.35849000000000003	
0	0.0868617	0.40333800000000003	-0.910919	0.0	0.71207	0.6143390000000001	0.339918	0.0	0.696715	-0.678164	-0.233842	0.0	-2.94235	-1.80277	-2.53879	0.33812800000000004	-0.08378769999999999	0.394635	-0.91501	0.0	0.695923	-0.6340359999999999	-0.33718000000000004	0.0	-0.713212	-0.665028	-0.221511	0.0	1.87543	-1.95144	-2.2033	0.35837800000000003	
0	0.0871117	0.40310799999999997	-0.910997	0.0	0.7122029999999999	0.614205	0.339882	0.0	0.696548	-0.6784220000000001	-0.23359000000000002	0.0	-2.94204	-1.80329	-2.53761	0.338471	-0.0836955	0.39454	-0.9150590000000001	0.0	0.696121	-0.633918	-0.336993	0.0	-0.71303	-0.665196	-0.221592	0.0	1.87558	-1.95108	-2.20447	0.358387	
0	0.087112	0.403107	-0.910997	0.0	0.7122029999999999	0.614205	0.339882	0.0	0.696548	-0.678423	-0.233589	0.0	-2.94204	-1.80329	-2.53761	0.338471	-0.08369539999999999	0.39454	-0.9150590000000001	0.0	0.696121	-0.633918	-0.336993	0.0	-0.713029	-0.665196	-0.221592	0.0	1.87558	-1.95108	-2.20447	0.358387	
0	0.087112	0.403107	-0.910997	0.0	0.7122029999999999	0.614205	0.339882	0.0	0.696548	-0.678423	-0.233589	0.0	-2.94204	-1.80329	-2.53761	0.338471	-0.0836955	0.39454	-0.9150590000000001	0.0	0.696121	-0.633918	-0.336993	0.0	-0.71303	-0.665197	-0.221592	0.0	1.87558	-1.95108	-2.20447	0.358387	
0	0.08711210000000001	0.403107	-0.910997	0.0	0.7122029999999999	0.614205	0.339882	0.0	0.696548	-0.678423	-0.233589	0.0	-2.94204	-1.80329	-2.53761	0.338471	-0.0836955	0.39454	-0.9150590000000001	0.0	0.696121	-0.633918	-0.336993	0.0	-0.71303	-0.665197	-0.221592	0.0	1.87558	-1.95108	-2.20447	0.358387	
0	0.08711210000000001	0.403107	-0.910997	0.0	0.7122029999999999	0.614205	0.339882	0.0	0.696548	-0.678423	-0.233589	0.0	-2.94204	-1.80329	-2.53761	0.338471	-0.08369539999999999	0.39454	-0.9150590000000001	0.0	0.696121	-0.633918	-0.336993	0.0	-0.713029	-0.665196	-0.221592	0.0	1.87558	-1.95108	-2.20447	0.358387	
0	0.087112	0.403107	-0.910997	0.0	0.7122029999999999	0.614205	0.339882	0.0	0.696548	-0.678423	-0.233589	0.0	-2.94204	-1.80329	-2.53761	0.338471	-0.08369539999999999	0.39454	-0.9150590000000001	0.0	0.696121	-0.633918	-0.336993	0.0	-0.713029	-0.665196	-0.221592	0.0	1.87558	-1.95108	-2.20447	0.358387	
0	0.08711210000000001	0.403107	-0.910997	0.0	0.7122029999999999	0.614205	0.339882	0.0	0.696548	-0.678423	-0.233589	0.0	-2.94204	-1.80329	-2.53761	0.338471	-0.0836955	0.39454	-0.9150590000000001	0.0	0.696121	-0.633918	-0.336993	0.0	-0.71303	-0.665196	-0.221592	0.0	1.87558	-1.95108	-2.20447	0.358388	
0	0.08711210000000001	0.403107	-0.910997	0.0	0.7122029999999999	0.614205	0.339882	0.0	0.696548	-0.678423	-0.233589	0.0	-2.94204	-1.80329	-2.53761	0.338471	-0.0836955	0.39454	-0.9150590000000001	0.0	0.696121	-0.633918	-0.336993	0.0	-0.71303	-0.665197	-0.221592	0.0	1.87558	-1.95108	-2.20447	0.358387	
0	0.087112	0.403107	-0.910997	0.0	0.7122029999999999	0.614205	0.339882	0.0	0.696548	-0.678423	-0.233589	0.0	-2.94204	-1.80329	-2.53761	0.338471	-0.08369539999999999	0.39454	-0.9150590000000001	0.0	0.696121	-0.633918	-0.336993	0.0	-0.713029	-0.665196	-0.221592	0.0	1.87558	-1.95108	-2.20447	0.358387	
0	0.087112	0.403107	-0.910997	0.0	0.7122029999999999	0.614205	0.339882	0.0	0.696548	-0.678423	-0.233589	0.0	-2.94204	-1.80329	-2.53761	0.338471	-0.0836955	0.39454	-0.9150590000000001	0.0	0.696121	-0.633918	-0.336993	0.0	-0.71303	-0.665196	-0.221592	0.0	1.87558	-1.95108	-2.20447	0.358388	
0	0.0871295	0.403121	-0.91099	0.0	0.7109260000000001	0.6154350000000001	0.34033	0.0	0.6978489999999999	-0.677299	-0.23296599999999998	0.0	-2.94687	-1.8111700000000002	-2.54153	0.341384	-0.0836664	0.39453	-0.9150659999999999	0.0	0.697485	-0.632656	-0.336542	0.0	-0.7116979999999999	-0.666402	-0.22224699999999997	0.0	1.86599	-1.9472099999999999	-2.20194	0.356503	
0	0.22958499999999998	0.472454	-0.850928	0.0	0.8245370000000001	0.370118	0.42796300000000004	0.0	0.517137	-0.799875	-0.304582	0.0	-3.12436	-1.8644900000000002	-2.60482	0.360968	-0.0832321	0.46624099999999996	-0.880734	0.0	0.625329	-0.663701	-0.410444	0.0	-0.775909	-0.584911	-0.23631300000000002	0.0	1.79896	-1.95891	-2.20516	0.344505	
0	0.304196	0.43882299999999996	-0.845518	0.0	0.847773	0.280085	0.450371	0.0	0.43445	-0.853807	-0.286821	0.0	-3.3205	-1.9215799999999998	-2.6876900000000004	0.36228	-0.089496	0.46656800000000004	-0.8799459999999999	0.0	0.624995	-0.6615840000000001	-0.41435299999999997	0.0	-0.775482	-0.5870449999999999	-0.232393	0.0	1.7915599999999998	-2.01942	-2.25218	0.344636	
0	0.38054099999999996	0.371921	-0.846678	0.0	0.862273	0.188147	0.47019799999999995	0.0	0.33417600000000003	-0.9089969999999999	-0.2491	0.0	-3.55862	-2.01179	-2.78746	0.362622	-0.0945466	0.46929399999999993	-0.877966	0.0	0.6251399999999999	-0.658365	-0.419232	0.0	-0.774766	-0.588488	-0.23112800000000003	0.0	1.7818200000000002	-2.06588	-2.2741	0.34457899999999997	
0	0.43046	0.31143899999999997	-0.8471780000000001	0.0	0.8666799999999999	0.119566	0.484324	0.0	0.252131	-0.9427139999999999	-0.21845	0.0	-3.73507	-2.12725	-2.87646	0.362533	-0.0998925	0.469684	-0.877165	0.0	0.625961	-0.6555989999999999	-0.42233000000000004	0.0	-0.7734300000000001	-0.591259	-0.228515	0.0	1.76253	-2.12213	-2.26799	0.34451	
0	0.506045	0.19834000000000002	-0.839392	0.0	0.850634	0.0461519	0.523728	0.0	0.14261600000000002	-0.9790459999999999	-0.14536	0.0	-4.02684	-2.37355	-3.04251	0.363102	-0.106357	0.47027700000000006	-0.8760870000000001	0.0	0.6240479999999999	-0.6543800000000001	-0.427026	0.0	-0.7741140000000001	-0.592137	-0.223877	0.0	1.7467700000000002	-2.19558	-2.25408	0.344667	
0	0.524804	0.173277	-0.8334	0.0	0.840347	0.0505448	0.539687	0.0	0.135639	-0.983575	-0.11908599999999998	0.0	-4.06157	-2.47514	-3.08312	0.363564	-0.107983	0.472721	-0.8745709999999999	0.0	0.623576	-0.652936	-0.42991499999999994	0.0	-0.774269	-0.591785	-0.22427199999999997	0.0	1.74216	-2.21053	-2.2519400000000003	0.344556	
0	0.5684739999999999	0.11255899999999999	-0.8149649999999999	0.0	0.815661	0.0522072	0.57617	0.0	0.107401	-0.992273	-0.06213200000000001	0.0	-4.004630000000001	-2.6806099999999997	-3.10334	0.363976	-0.11106300000000001	0.472303	-0.874411	0.0	0.623929	-0.65171	-0.43126099999999995	0.0	-0.7735489999999999	-0.593468	-0.22230300000000003	0.0	1.72775	-2.23189	-2.25346	0.34469	
0	0.573196	0.0726912	-0.816188	0.0	0.813437	0.0696556	0.577468	0.0	0.0988289	-0.994919	-0.0192035	0.0	-3.9238	-2.80966	-3.06164	0.363975	-0.113372	0.470253	-0.8752190000000001	0.0	0.625336	-0.650762	-0.43065600000000004	0.0	-0.772077	-0.59613	-0.220288	0.0	1.71485	-2.23672	-2.25196	0.34473200000000004	
0	0.562181	0.013326	-0.826907	0.0	0.820106	0.11998199999999999	0.559491	0.0	0.10667	-0.9926870000000001	0.0565229	0.0	-3.7254699999999996	-3.0070900000000003	-2.95865	0.363969	-0.11510999999999999	0.47210100000000005	-0.8739969999999999	0.0	0.625391	-0.6491439999999999	-0.433011	0.0	-0.771775	-0.596434	-0.220525	0.0	1.7102700000000002	-2.24701	-2.25385	0.34491700000000003	
0	0.5461689999999999	-0.015206299999999999	-0.8375370000000001	0.0	0.828569	0.156829	0.537474	0.0	0.123177	-0.987509	0.0982547	0.0	-3.57991	-3.1352	-2.91051	0.364001	-0.116356	0.473732	-0.872948	0.0	0.625908	-0.647454	-0.43478900000000004	0.0	-0.7711680000000001	-0.5969760000000001	-0.221178	0.0	1.70754	-2.25573	-2.25617	0.3448	
0	0.513177	-0.061278	-0.856092	0.0	0.850817	0.16759000000000002	0.49801999999999996	0.0	0.112955	-0.98395	0.13814	0.0	-3.37181	-3.2555099999999997	-2.83371	0.36396300000000004	-0.11847	0.47163	-0.8738020000000001	0.0	0.6252909999999999	-0.6481640000000001	-0.43462	0.0	-0.771347	-0.59787	-0.21811799999999998	0.0	1.71271	-2.29014	-2.26131	0.34472600000000003	
0	0.485705	-0.10486	-0.8678100000000001	0.0	0.869504	0.159874	0.46733500000000006	0.0	0.08973560000000001	-0.9815520000000001	0.168828	0.0	-3.27421	-3.3326	-2.77094	0.363453	-0.120457	0.47351000000000004	-0.8725129999999999	0.0	0.625948	-0.645947	-0.43696999999999997	0.0	-0.770506	-0.598784	-0.21858400000000003	0.0	1.71675	-2.32195	-2.26024	0.344667	
0	0.438032	-0.16226300000000002	-0.884194	0.0	0.897128	0.141653	0.41844499999999996	0.0	0.0573505	-0.976527	0.207619	0.0	-3.2446200000000003	-3.4151	-2.74353	0.36085300000000003	-0.12427200000000001	0.47630100000000003	-0.8704559999999999	0.0	0.6282369999999999	-0.641256	-0.44057700000000005	0.0	-0.768033	-0.601604	-0.21954	0.0	1.7242099999999998	-2.3468299999999997	-2.26825	0.344722	
0	0.43082200000000004	-0.175811	-0.8851459999999999	0.0	0.900914	0.140753	0.41053999999999996	0.0	0.0524094	-0.97431	0.21903000000000003	0.0	-3.24463	-3.46812	-2.7434	0.360412	-0.125584	0.47651099999999996	-0.8701530000000001	0.0	0.62947	-0.6396609999999999	-0.441137	0.0	-0.766809	-0.6031350000000001	-0.219619	0.0	1.74217	-2.36499	-2.2707599999999997	0.344529	
0	0.438738	-0.176326	-0.8811459999999999	0.0	0.897904	0.12501199999999998	0.422066	0.0	0.035732400000000004	-0.976361	0.213171	0.0	-3.2311	-3.53188	-2.73905	0.359317	-0.125452	0.47656899999999996	-0.8701399999999999	0.0	0.628795	-0.640215	-0.441296	0.0	-0.7673840000000001	-0.6025010000000001	-0.219349	0.0	1.75643	-2.38207	-2.27332	0.344428	
0	0.44149799999999995	-0.1928	-0.876303	0.0	0.897258	0.0917707	0.431864	0.0	-0.00284421	-0.976937	0.21350700000000003	0.0	-3.19758	-3.6269699999999996	-2.75172	0.364759	-0.12422899999999999	0.47435299999999997	-0.871526	0.0	0.626383	-0.6437069999999999	-0.43964200000000003	0.0	-0.7695529999999999	-0.600525	-0.21716	0.0	1.76187	-2.3875900000000003	-2.2702299999999997	0.344465	
0	0.459916	-0.207485	-0.863381	0.0	0.887618	0.0803607	0.45351499999999995	0.0	-0.024715599999999997	-0.974932	0.221127	0.0	-3.18647	-3.6307400000000003	-2.75337	0.363277	-0.12331900000000001	0.473321	-0.872215	0.0	0.624772	-0.645838	-0.438808	0.0	-0.771007	-0.59905	-0.216074	0.0	1.74805	-2.3953599999999997	-2.2500400000000003	0.344553	
0	0.474307	-0.216144	-0.8534139999999999	0.0	0.8792709999999999	0.06810980000000001	0.47142700000000004	0.0	-0.043770300000000005	-0.973983	0.222354	0.0	-3.17612	-3.63445	-2.75021	0.36294099999999996	-0.12337000000000001	0.473475	-0.872124	0.0	0.622188	-0.647742	-0.439672	0.0	-0.7730859999999999	-0.5968680000000001	-0.214679	0.0	1.7325400000000002	-2.40693	-2.2454099999999997	0.344411	
0	0.48000600000000004	-0.23589699999999997	-0.8449540000000001	0.0	0.874508	0.0523649	0.482175	0.0	-0.06949780000000001	-0.970366	0.231429	0.0	-3.15841	-3.6405800000000004	-2.75564	0.36248	-0.123221	0.472504	-0.8726719999999999	0.0	0.62144	-0.648867	-0.43907299999999994	0.0	-0.7737109999999999	-0.596416	-0.213679	0.0	1.7191400000000001	-2.41005	-2.2214400000000003	0.344382	
0	0.491017	-0.25367199999999995	-0.833398	0.0	0.86635	0.0419075	0.497676	0.0	-0.0913209	-0.966382	0.240346	0.0	-3.1467099999999997	-3.64497	-2.76039	0.359296	-0.12225	0.471196	-0.873516	0.0	0.620841	-0.65036	-0.437708	0.0	-0.774345	-0.595825	-0.213031	0.0	1.7108400000000001	-2.41315	-2.2002099999999998	0.34428600000000004	
0	0.509795	-0.262884	-0.8191470000000001	0.0	0.8524219999999999	0.025824	0.522216	0.0	-0.116129	-0.964482	0.23725300000000002	0.0	-3.2120599999999997	-3.6233699999999995	-2.80788	0.248658	-0.121047	0.467171	-0.875842	0.0	0.619566	-0.6538069999999999	-0.434367	0.0	-0.775555	-0.59522	-0.210302	0.0	1.706	-2.41598	-2.1907200000000002	0.344222	
0	0.528362	-0.290771	-0.797675	0.0	0.8417629999999999	0.056834800000000005	0.536848	0.0	-0.11076400000000002	-0.955103	0.27479000000000003	0.0	-3.30864	-3.6065300000000002	-2.90177	0.12634700000000001	-0.12004100000000001	0.46335200000000004	-0.878006	0.0	0.62038	-0.655446	-0.43071899999999996	0.0	-0.7750600000000001	-0.5964020000000001	-0.208774	0.0	1.7019099999999998	-2.4141	-2.17767	0.344049	
0	0.542129	-0.296165	-0.786373	0.0	0.838987	0.138571	0.526212	0.0	-0.0468771	-0.945032	0.323602	0.0	-3.36501	-3.6034900000000003	-2.94332	0.12637	-0.11849900000000001	0.46071000000000006	-0.879605	0.0	0.6229060000000001	-0.6553680000000001	-0.427178	0.0	-0.77327	-0.598531	-0.20931799999999998	0.0	1.6956099999999998	-2.40253	-2.15194	0.343887	
0	0.551243	-0.284503	-0.7843399999999999	0.0	0.8343290000000001	0.182113	0.5203180000000001	0.0	-0.00519371	-0.941219	0.33775700000000003	0.0	-3.4051699999999996	-3.5983099999999997	-2.9571099999999997	0.126348	-0.117743	0.458592	-0.880812	0.0	0.621804	-0.657529	-0.42546000000000006	0.0	-0.7742720000000001	-0.597787	-0.207734	0.0	1.69343	-2.4025	-2.13565	0.343889	
0	0.5554319999999999	-0.273791	-0.785197	0.0	0.831025	0.216687	0.512293	0.0	0.029880599999999997	-0.9370620000000001	0.347882	0.0	-3.43959	-3.59539	-2.96902	0.12644	-0.117353	0.45836400000000005	-0.880983	0.0	0.6205350000000001	-0.658762	-0.42540500000000003	0.0	-0.7753479999999999	-0.596604	-0.20712399999999997	0.0	1.6915099999999998	-2.40698	-2.12709	0.344044	
0	0.559271	-0.259062	-0.787466	0.0	0.8267450000000001	0.244096	0.506864	0.0	0.0609081	-0.934507	0.350694	0.0	-3.4704699999999997	-3.59312	-2.9738599999999997	0.12648800000000002	-0.11644700000000001	0.45883999999999997	-0.880856	0.0	0.6188859999999999	-0.660134	-0.42568	0.0	-0.7768010000000001	-0.5947180000000001	-0.20709899999999998	0.0	1.6936799999999999	-2.40912	-2.12787	0.344001	
0	0.551597	-0.23530399999999999	-0.800233	0.0	0.827714	0.273002	0.49026499999999995	0.0	0.103104	-0.932793	0.345351	0.0	-3.5081900000000004	-3.59061	-2.9718400000000003	0.126487	-0.11595699999999999	0.45918000000000003	-0.880743	0.0	0.615867	-0.662452	-0.42645600000000006	0.0	-0.77927	-0.591871	-0.20597800000000002	0.0	1.68543	-2.40345	-2.12569	0.344013	
0	0.543826	-0.178037	-0.820095	0.0	0.8244100000000001	0.29599000000000003	0.48243	0.0	0.15685	-0.9384520000000001	0.307743	0.0	-3.5557	-3.5856199999999996	-2.9384200000000003	0.126412	-0.117371	0.462391	-0.8788739999999999	0.0	0.611205	-0.663888	-0.430908	0.0	-0.782721	-0.5877479999999999	-0.20469400000000001	0.0	1.67884	-2.41417	-2.13385	0.34430700000000003	
0	0.536036	-0.129473	-0.834208	0.0	0.8194040000000001	0.31751599999999996	0.47724300000000003	0.0	0.203084	-0.939372	0.276291	0.0	-3.59692	-3.5842	-2.89971	0.12645	-0.11819600000000001	0.46537399999999995	-0.877187	0.0	0.609163	-0.663643	-0.43416400000000005	0.0	-0.784188	-0.585666	-0.205048	0.0	1.6761599999999999	-2.42407	-2.13855	0.34434000000000003	
0	0.533999	-0.0925571	-0.840404	0.0	0.805295	0.35849699999999995	0.472207	0.0	0.257576	-0.928931	0.265973	0.0	-3.5550900000000003	-3.24725	-2.86997	0.12661	-0.11983800000000001	0.46687799999999996	-0.8761639999999999	0.0	0.6066739999999999	-0.664143	-0.43687700000000007	0.0	-0.785866	-0.583901	-0.203653	0.0	1.67534	-2.42917	-2.14614	0.344426	
0	0.546826	-0.070748	-0.834252	0.0	0.786799	0.384073	0.483151	0.0	0.28623200000000004	-0.920588	0.265685	0.0	-3.4822300000000004	-2.8439	-2.85423	0.126471	-0.12156199999999999	0.47106099999999995	-0.873684	0.0	0.6050479999999999	-0.662607	-0.44143999999999994	0.0	-0.786855	-0.582283	-0.204467	0.0	1.67639	-2.43938	-2.16331	0.344423	
0	0.55521	-0.0465459	-0.830407	0.0	0.771199	0.402681	0.49305200000000005	0.0	0.31144	-0.914156	0.259469	0.0	-3.4559800000000003	-2.48184	-2.84564	0.126605	-0.1226	0.473529	-0.8722040000000001	0.0	0.601001	-0.663946	-0.444942	0.0	-0.7897890000000001	-0.578745	-0.203192	0.0	1.6611799999999999	-2.458	-2.1850400000000003	0.344796	
0	0.559016	-0.023283	-0.82883	0.0	0.75878	0.417382	0.500045	0.0	0.334296	-0.908433	0.25099	0.0	-3.4584	-2.20064	-2.8382099999999997	0.12659600000000001	-0.123002	0.474261	-0.871749	0.0	0.597984	-0.665624	-0.44649700000000003	0.0	-0.792013	-0.576212	-0.201728	0.0	1.6497	-2.4679	-2.20024	0.344925	
0	0.557258	0.00922424	-0.8302879999999999	0.0	0.744954	0.436108	0.50483	0.0	0.366752	-0.899847	0.23615300000000003	0.0	-3.44591	-1.8945900000000002	-2.80495	0.126471	-0.120327	0.476184	-0.871074	0.0	0.5955159999999999	-0.667419	-0.44711599999999996	0.0	-0.794281	-0.572539	-0.203267	0.0	1.64598	-2.46119	-2.21305	0.345129	
4	0.5513399999999999	0.027460200000000004	-0.833829	0.0	0.739255	0.447166	0.503533	0.0	0.386687	-0.8940299999999999	0.22624	0.0	-3.44695	-1.68985	-2.80363	0.126458	-0.07652460000000001	0.46670200000000006	-0.8810979999999999	0.0	0.582561	-0.696235	-0.41938000000000003	0.0	-0.809177	-0.5453859999999999	-0.21860300000000002	0.0	1.65085	-2.41698	-2.27071	0.345486	
4	0.538914	0.055522400000000006	-0.8405290000000001	0.0	0.724748	0.477988	0.496254	0.0	0.429316	-0.87661	0.21735500000000002	0.0	-3.39937	-1.54273	-2.81123	0.126589	-0.00481766	0.45023100000000005	-0.8929	0.0	0.550714	-0.744108	-0.378176	0.0	-0.83468	-0.493554	-0.244364	0.0	1.61838	-2.30214	-2.32576	0.34572600000000003	
4	0.534809	0.0672154	-0.8422950000000001	0.0	0.717072	0.491202	0.494497	0.0	0.446975	-0.868448	0.21450100000000002	0.0	-3.34485	-1.47695	-2.8193	0.12646	0.029953800000000003	0.44113800000000003	-0.89694	0.0	0.526478	-0.769742	-0.36099699999999996	0.0	-0.8496610000000001	-0.461405	-0.255306	0.0	1.57721	-2.23025	-2.34802	0.34571999999999997	
4	0.55699	0.0905844	-0.825565	0.0	0.696168	0.491137	0.523579	0.0	0.45289300000000005	-0.86636	0.21049600000000002	0.0	-3.02925	-1.4778	-2.88868	0.126599	0.134373	0.387635	-0.9119659999999999	0.0	0.410757	-0.8593120000000001	-0.304732	0.0	-0.9017879999999999	-0.333649	-0.274692	0.0	1.4039	-1.91813	-2.4312400000000003	0.34687199999999996	
4	0.576727	0.09500030000000001	-0.811394	0.0	0.681987	0.490816	0.542212	0.0	0.449755	-0.8660690000000001	0.21827800000000003	0.0	-2.73616	-1.58764	-2.97392	0.126602	0.163608	0.33741	-0.9270309999999999	0.0	0.33620700000000003	-0.902509	-0.26914899999999997	0.0	-0.9274680000000001	-0.26764	-0.261098	0.0	1.23437	-1.7187700000000001	-2.44549	0.347611	
4	0.593244	0.0977749	-0.799063	0.0	0.68686	0.456216	0.565765	0.0	0.419863	-0.884481	0.203489	0.0	-2.4121200000000003	-1.70465	-3.07952	0.126589	0.18298399999999998	0.290182	-0.939314	0.0	0.265346	-0.934565	-0.23702399999999998	0.0	-0.94663	-0.205871	-0.248009	0.0	1.07466	-1.52325	-2.45122	0.34776599999999996	
4	0.603003	0.0897964	-0.792669	0.0	0.691645	0.436279	0.575576	0.0	0.39751	-0.8953200000000001	0.200971	0.0	-2.17732	-1.8162900000000002	-3.18824	0.126461	0.180546	0.24181599999999998	-0.953377	0.0	0.21536599999999997	-0.9555040000000001	-0.201571	0.0	-0.9596979999999999	-0.168932	-0.22459099999999999	0.0	0.9384870000000001	-1.40333	-2.40965	0.347854	
4	0.609599	0.0847425	-0.7881670000000001	0.0	0.700191	0.408584	0.585485	0.0	0.371648	-0.9087780000000001	0.189736	0.0	-1.9477900000000001	-1.8983599999999998	-3.30554	0.126458	0.173199	0.22165	-0.959622	0.0	0.18556	-0.964241	-0.189226	0.0	-0.967249	-0.145294	-0.208135	0.0	0.802066	-1.27747	-2.35964	0.348476	
4	0.619807	0.0753059	-0.781133	0.0	0.6985239999999999	0.400685	0.592888	0.0	0.357636	-0.913116	0.195745	0.0	-1.73468	-1.9693200000000002	-3.4147	0.12659700000000002	0.162714	0.216939	-0.9625290000000001	0.0	0.17262	-0.966743	-0.18870699999999999	0.0	-0.971456	-0.135447	-0.194751	0.0	0.69601	-1.21462	-2.3004	0.348927	
4	0.630425	0.0729837	-0.7728119999999999	0.0	0.696615	0.38605	0.604725	0.0	0.342479	-0.919586	0.19253399999999998	0.0	-1.5668600000000001	-2.00557	-3.50768	0.126461	0.141342	0.23745700000000003	-0.96106	0.0	0.18654300000000001	-0.9598030000000001	-0.20971199999999998	0.0	-0.972226	-0.14963800000000002	-0.179957	0.0	0.596525	-1.2012	-2.23528	0.349392	
4	0.637792	0.07233189999999999	-0.7668050000000001	0.0	0.689653	0.389642	0.610375	0.0	0.342929	-0.9181219999999999	0.198626	0.0	-1.44976	-2.0303	-3.5687	0.126461	0.12181800000000001	0.249185	-0.960764	0.0	0.200903	-0.9541270000000001	-0.221991	0.0	-0.972007	-0.165978	-0.166292	0.0	0.512264	-1.25023	-2.18953	0.349448	
4	0.643722	0.0691714	-0.762127	0.0	0.685248	0.391248	0.614296	0.0	0.340673	-0.917682	0.204456	0.0	-1.3222399999999999	-1.9960799999999999	-3.58333	0.126459	0.10391700000000001	0.273594	-0.9562149999999999	0.0	0.226464	-0.942675	-0.24510900000000002	0.0	-0.96846	-0.191078	-0.159919	0.0	0.44796499999999995	-1.31636	-2.1587400000000003	0.349534	
4	0.645309	0.06729600000000001	-0.760951	0.0	0.6845479999999999	0.39119	0.615113	0.0	0.339071	-0.9178459999999999	0.206371	0.0	-1.24235	-1.9498799999999998	-3.5884699999999996	0.126599	0.09532919999999999	0.285476	-0.953633	0.0	0.243511	-0.935578	-0.255729	0.0	-0.965202	-0.207842	-0.15870399999999998	0.0	0.41012200000000004	-1.3739	-2.1468599999999998	0.349437	
4	0.6471439999999999	0.063675	-0.759704	0.0	0.6844210000000001	0.390426	0.61574	0.0	0.33581500000000003	-0.91843	0.209081	0.0	-1.2035	-1.9287400000000001	-3.5849699999999998	0.126462	0.08103510000000001	0.300688	-0.950274	0.0	0.267398	-0.925017	-0.269894	0.0	-0.9601729999999999	-0.23223000000000002	-0.155362	0.0	0.386187	-1.45426	-2.1425099999999997	0.34926199999999996	
4	0.644921	0.0662863	-0.761369	0.0	0.683971	0.394407	0.613699	0.0	0.340969	-0.916542	0.20902300000000001	0.0	-1.19618	-1.90665	-3.5798	0.126598	0.0727664	0.312044	-0.947277	0.0	0.28124	-0.9176700000000001	-0.280688	0.0	-0.956875	-0.24598699999999998	-0.15453499999999998	0.0	0.368323	-1.52906	-2.1444900000000002	0.34934699999999996	
4	0.6457149999999999	0.0612221	-0.76112	0.0	0.685041	0.393865	0.612853	0.0	0.33729899999999996	-0.917127	0.212385	0.0	-1.19126	-1.87915	-3.5557199999999995	0.126461	0.0616268	0.32163800000000003	-0.9448549999999999	0.0	0.29648800000000003	-0.9098229999999999	-0.29037399999999997	0.0	-0.953046	-0.26224400000000003	-0.15143199999999998	0.0	0.357335	-1.57538	-2.141	0.349536	
4	0.651135	0.0595519	-0.756622	0.0	0.686377	0.379243	0.620533	0.0	0.323898	-0.9233790000000001	0.20606300000000002	0.0	-1.2092100000000001	-1.8678700000000001	-3.5427199999999996	0.126617	0.058184900000000005	0.322075	-0.944924	0.0	0.30386199999999997	-0.90733	-0.290551	0.0	-0.950938	-0.270221	-0.15066	0.0	0.353197	-1.5859	-2.13234	0.34886300000000003	
4	0.6528649999999999	0.0522611	-0.7556689999999999	0.0	0.690261	0.369787	0.62193	0.0	0.31193899999999997	-0.9276459999999999	0.20534699999999997	0.0	-1.2533	-1.85277	-3.55326	0.126469	0.0641149	0.329766	-0.941883	0.0	0.30454499999999995	-0.905267	-0.296216	0.0	-0.9503370000000001	-0.267854	-0.15847	0.0	0.3835	-1.56787	-2.1322	0.349313	
1	0.657684	0.0410106	-0.7521770000000001	0.0	0.691565	0.362994	0.624478	0.0	0.298646	-0.930889	0.21037399999999998	0.0	-1.33194	-1.87622	-3.5453	0.126458	0.07883889999999999	0.344981	-0.935293	0.0	0.309067	-0.900442	-0.30607399999999996	0.0	-0.947767	-0.264938	-0.17761300000000002	0.0	0.45970200000000006	-1.52692	-2.16903	0.35029299999999997	
1	0.658079	0.032660800000000004	-0.7522399999999999	0.0	0.695178	0.357425	0.623679	0.0	0.28923899999999997	-0.933371	0.212509	0.0	-1.39624	-1.9027599999999998	-3.54733	0.126598	0.0905122	0.356943	-0.929731	0.0	0.31604099999999996	-0.895602	-0.313073	0.0	-0.944418	-0.265496	-0.19387200000000002	0.0	0.5444439999999999	-1.4635799999999999	-2.20059	0.350015	
1	0.656302	0.027917900000000002	-0.753981	0.0	0.697116	0.359822	0.6201270000000001	0.0	0.288612	-0.9326030000000001	0.21669000000000002	0.0	-1.45459	-1.90447	-3.543	0.12646400000000002	0.0969819	0.367859	-0.92481	0.0	0.32776	-0.889165	-0.319309	0.0	-0.9397700000000001	-0.272148	-0.20680199999999999	0.0	0.614333	-1.44648	-2.24565	0.350007	
1	0.6572319999999999	0.027237400000000002	-0.753196	0.0	0.689684	0.381279	0.615599	0.0	0.30394499999999997	-0.924059	0.231803	0.0	-1.50191	-1.90647	-3.51705	0.126599	0.10256400000000002	0.383849	-0.917682	0.0	0.333742	-0.882352	-0.331771	0.0	-0.937068	-0.272241	-0.218604	0.0	0.659968	-1.4642600000000001	-2.29078	0.350188	
1	0.662423	0.0316356	-0.748462	0.0	0.675829	0.405798	0.615291	0.0	0.32319000000000003	-0.913415	0.24743	0.0	-1.49576	-1.87885	-3.45906	0.126599	0.0992048	0.38451799999999997	-0.9177709999999999	0.0	0.332445	-0.8821319999999999	-0.333652	0.0	-0.937891	-0.27200799999999997	-0.21534299999999998	0.0	0.659121	-1.5145899999999999	-2.31123	0.350459	
1	0.668912	0.0367815	-0.7424310000000001	0.0	0.6605850000000001	0.428573	0.6164029999999999	0.0	0.340858	-0.902758	0.26238	0.0	-1.44882	-1.8252	-3.3882800000000004	0.12646400000000002	0.08755039999999999	0.387862	-0.91755	0.0	0.340587	-0.8772340000000001	-0.33832199999999996	0.0	-0.9361280000000001	-0.282886	-0.20890300000000003	0.0	0.624152	-1.56912	-2.3067	0.350403	
1	0.674556	0.045304500000000004	-0.7368319999999999	0.0	0.64173	0.45738599999999996	0.615614	0.0	0.36490700000000004	-0.888114	0.279459	0.0	-1.39119	-1.7714	-3.34593	0.126599	0.0711225	0.395295	-0.915797	0.0	0.351643	-0.8691139999999999	-0.347835	0.0	-0.9334290000000001	-0.297294	-0.200816	0.0	0.5605899999999999	-1.61916	-2.2826400000000002	0.350378	
1	0.685569	0.0602062	-0.725514	0.0	0.6046520000000001	0.507937	0.613512	0.0	0.405453	-0.8592879999999999	0.311822	0.0	-1.30072	-1.69992	-3.2849699999999995	0.12646500000000002	0.0613039	0.403172	-0.913069	0.0	0.362747	-0.861237	-0.35593	0.0	-0.9298690000000001	-0.309393	-0.199047	0.0	0.497439	-1.6644700000000001	-2.27462	0.351599	
1	0.688769	0.07266449999999999	-0.72133	0.0	0.586346	0.529325	0.6132	0.0	0.42637600000000003	-0.845302	0.32197600000000004	0.0	-1.27425	-1.69333	-3.2697700000000003	0.12646	0.0592424	0.406379	-0.911782	0.0	0.361815	-0.8600200000000001	-0.3598	0.0	-0.930366	-0.308581	-0.197984	0.0	0.514426	-1.62375	-2.25516	0.353513	
1	0.694311	0.07830119999999999	-0.715403	0.0	0.569787	0.547438	0.6129060000000001	0.0	0.43963	-0.833175	0.335477	0.0	-1.23606	-1.6805	-3.25619	0.126444	0.0572519	0.409431	-0.910543	0.0	0.362927	-0.8581770000000001	-0.363064	0.0	-0.930057	-0.309675	-0.197726	0.0	0.537985	-1.5800100000000001	-2.23409	0.355209	
1	0.698244	0.0770575	-0.7117	0.0	0.565175	0.550838	0.6141300000000001	0.0	0.439355	-0.831048	0.341068	0.0	-1.21733	-1.6978799999999998	-3.25457	0.126452	0.05539109999999999	0.41634499999999997	-0.907518	0.0	0.36597399999999997	-0.854123	-0.36951	0.0	-0.928975	-0.311661	-0.199682	0.0	0.54835	-1.58271	-2.2269400000000004	0.354068	
1	0.702333	0.0792737	-0.707421	0.0	0.558565	0.554688	0.6167060000000001	0.0	0.44128599999999996	-0.828274	0.345296	0.0	-1.20046	-1.7259099999999998	-3.24569	0.126447	0.050056699999999996	0.42571800000000004	-0.9034709999999999	0.0	0.36949899999999997	-0.8483139999999999	-0.379255	0.0	-0.927882	-0.314847	-0.199766	0.0	0.5568	-1.59685	-2.2135599999999998	0.35115599999999997	
1	0.7026100000000001	0.0797464	-0.7070930000000001	0.0	0.559628	0.551818	0.618315	0.0	0.43949399999999994	-0.8301430000000001	0.343084	0.0	-1.19795	-1.7611900000000003	-3.24828	0.12654	0.0488364	0.42572200000000004	-0.9035350000000001	0.0	0.371852	-0.8473350000000001	-0.379143	0.0	-0.927007	-0.317465	-0.199686	0.0	0.550225	-1.58212	-2.19433	0.270237	
1	0.70657	0.083651	-0.702681	0.0	0.553715	0.552956	0.622607	0.0	0.440633	-0.829001	0.344384	0.0	-1.1634	-1.8234400000000002	-3.28595	0.126674	0.059171100000000004	0.42225799999999997	-0.904543	0.0	0.37127	-0.8504370000000001	-0.372713	0.0	-0.926638	-0.313776	-0.20709299999999997	0.0	0.574075	-1.59142	-2.1943099999999998	0.17535699999999999	
1	0.705873	0.0859848	-0.7031	0.0	0.555484	0.548716	0.624779	0.0	0.43952399999999997	-0.831576	0.33956	0.0	-1.14782	-1.8264799999999999	-3.2915300000000003	0.126581	0.0586688	0.427839	-0.901949	0.0	0.368591	-0.8489469999999999	-0.378722	0.0	-0.927739	-0.310231	-0.207504	0.0	0.591846	-1.60419	-2.20064	0.175406	
1	0.710246	0.0907823	-0.698075	0.0	0.550887	0.545697	0.631458	0.0	0.438263	-0.833051	0.337568	0.0	-1.13412	-1.8270400000000002	-3.3021	0.126605	0.064475	0.433496	-0.8988459999999999	0.0	0.372824	-0.8459620000000001	-0.381248	0.0	-0.925659	-0.310531	-0.21616100000000002	0.0	0.5989720000000001	-1.60851	-2.19785	0.17528	
1	0.709673	0.11954200000000001	-0.6943159999999999	0.0	0.540575	0.539618	0.645438	0.0	0.451822	-0.8333799999999999	0.318331	0.0	-1.1332	-1.82873	-3.31435	0.126695	0.0597514	0.453212	-0.8893979999999999	0.0	0.38742	-0.831676	-0.397771	0.0	-0.9199649999999999	-0.320803	-0.225277	0.0	0.593063	-1.60769	-2.2023900000000003	0.175353	
1	0.7154510000000001	0.147698	-0.682873	0.0	0.523634	0.533709	0.66405	0.0	0.462534	-0.8326709999999999	0.304503	0.0	-1.11277	-1.8261900000000002	-3.34841	0.126683	0.0628068	0.473261	-0.8786799999999999	0.0	0.404087	-0.817084	-0.41120200000000007	0.0	-0.9125620000000001	-0.329237	-0.24255700000000002	0.0	0.598216	-1.60335	-2.21258	0.175557	
1	0.7014640000000001	0.270773	-0.659265	0.0	0.475091	0.5118699999999999	0.7157359999999999	0.0	0.5312600000000001	-0.8152739999999999	0.23041599999999998	0.0	-1.0737	-1.68035	-3.32268	0.29756	0.0959483	0.494303	-0.863978	0.0	0.41208100000000003	-0.809834	-0.417563	0.0	-0.9060809999999999	-0.315965	-0.281395	0.0	0.676717	-1.7242099999999998	-2.3280000000000003	0.175325	
1	0.6928770000000001	0.298649	-0.656301	0.0	0.456283	0.523179	0.719785	0.0	0.558326	-0.798181	0.22623000000000001	0.0	-1.0164600000000001	-1.45871	-3.24875	0.348067	0.10047400000000001	0.511522	-0.853376	0.0	0.419505	-0.7995260000000001	-0.429853	0.0	-0.902175	-0.314806	-0.29491799999999996	0.0	0.690384	-1.9395900000000001	-2.44577	0.17532999999999999	
1	0.6247060000000001	0.410195	-0.664442	0.0	0.450863	0.505259	0.735823	0.0	0.6375460000000001	-0.759245	0.130697	0.0	-1.05135	-1.3396	-3.3666300000000002	0.352502	0.150776	0.5271899999999999	-0.8362639999999999	0.0	0.409036	-0.8033939999999999	-0.432721	0.0	-0.899976	-0.276818	-0.33677199999999996	0.0	0.910624	-1.9183700000000001	-2.5143299999999997	0.17532799999999998	
1	0.592634	0.436828	-0.676732	0.0	0.44935	0.5179779999999999	0.727862	0.0	0.6684829999999999	-0.735445	0.11068299999999999	0.0	-1.11635	-1.30959	-3.42761	0.352426	0.185194	0.514138	-0.837475	0.0	0.38674000000000003	-0.821578	-0.418858	0.0	-0.903402	-0.246315	-0.350989	0.0	1.03593	-1.89573	-2.53146	0.175283	
2	0.44353400000000004	0.537342	-0.717316	0.0	0.402631	0.59558	0.695106	0.0	0.800729	-0.597117	0.0478093	0.0	-1.3167200000000001	-1.2476399999999999	-3.56256	0.352665	0.29296700000000003	0.456549	-0.8400790000000001	0.0	0.302218	-0.8778020000000001	-0.371656	0.0	-0.9071020000000001	-0.145004	-0.39514499999999997	0.0	1.48699	-1.85673	-2.54402	0.17532799999999998	
2	0.379963	0.563825	-0.7333	0.0	0.380833	0.627097	0.679497	0.0	0.842968	-0.5374479999999999	0.0235505	0.0	-1.3811799999999999	-1.23223	-3.5804099999999996	0.35285900000000003	0.333602	0.427357	-0.840283	0.0	0.253779	-0.899151	-0.356544	0.0	-0.907913	-0.094303	-0.408413	0.0	1.68343	-1.86677	-2.52944	0.175284	
2	0.24664299999999997	0.614086	-0.749711	0.0	0.333537	0.672559	0.660619	0.0	0.9099010000000001	-0.41299300000000005	-0.038937900000000004	0.0	-1.5729600000000001	-1.26811	-3.5516699999999997	0.351125	0.418075	0.383854	-0.8233280000000001	0.0	0.173068	-0.923394	-0.342625	0.0	-0.891774	0.000751466	-0.452481	0.0	2.20098	-2.0108	-2.46944	0.175262	
2	0.210081	0.621052	-0.755089	0.0	0.319144	0.6864560000000001	0.653395	0.0	0.9241280000000001	-0.37824800000000003	-0.0539937	0.0	-1.6393400000000002	-1.33236	-3.52685	0.350756	0.444582	0.36249000000000003	-0.819114	0.0	0.140309	-0.931351	-0.336005	0.0	-0.8846809999999999	0.0344529	-0.464923	0.0	2.39478	-2.08843	-2.42833	0.175321	
2	0.168821	0.619865	-0.766334	0.0	0.278052	0.715964	0.6403760000000001	0.0	0.945614	-0.32119000000000003	-0.051484800000000004	0.0	-1.7103	-1.6167799999999999	-3.34553	0.350511	0.475152	0.298099	-0.8278690000000001	0.0	0.041342500000000004	-0.9473879999999999	-0.317407	0.0	-0.8789319999999999	0.11659100000000001	-0.462478	0.0	2.8348	-2.33825	-2.21797	0.175324	
2	0.148329	0.618371	-0.771762	0.0	0.26264499999999996	0.7277359999999999	0.633575	0.0	0.9534229999999999	-0.296678	-0.05446759999999999	0.0	-1.73348	-1.70538	-3.26372	0.34999600000000003	0.47805	0.280059	-0.8324870000000001	0.0	0.011764299999999998	-0.9497610000000001	-0.312756	0.0	-0.8782540000000001	0.139719	-0.45732799999999996	0.0	2.98021	-2.4358299999999997	-2.11611	0.175285	
2	0.12728599999999998	0.62464	-0.77047	0.0	0.236548	0.7352569999999999	0.635171	0.0	0.9632459999999999	-0.26310100000000003	-0.0541697	0.0	-1.7468099999999998	-1.8539599999999998	-3.1099799999999997	0.348891	0.439374	0.27621100000000004	-0.854785	0.0	-0.027001	-0.9470639999999999	-0.319909	0.0	-0.897898	0.16364	-0.408657	0.0	3.27809	-2.7099900000000003	-1.8968599999999998	0.175335	
