0	0.08395989999999999	0.848924	-0.521804	0.0	0.271566	0.484338	0.831666	0.0	0.958751	-0.211531	-0.18987300000000001	0.0	-2.79675	1.9630599999999998	1.35304	0.0	-0.189453	0.920442	-0.341898	0.0	0.43426800000000004	-0.23375	-0.869927	0.0	-0.8806360000000001	-0.313286	-0.355434	0.0	2.65307	1.95008	1.54365	0.0	
0	0.08395989999999999	0.848924	-0.521804	0.0	0.271566	0.484338	0.831666	0.0	0.958751	-0.211531	-0.18987300000000001	0.0	-2.79675	1.9630599999999998	1.35304	0.0	-0.189453	0.920442	-0.341898	0.0	0.43426800000000004	-0.23375	-0.869927	0.0	-0.8806360000000001	-0.313286	-0.355434	0.0	2.65307	1.95008	1.54365	0.0	
0	0.046757599999999996	0.8348690000000001	-0.5484600000000001	0.0	0.261996	0.519588	0.8132560000000001	0.0	0.963936	-0.181721	-0.194438	0.0	-2.75448	1.99338	1.35064	0.0	-0.162832	0.9255479999999999	-0.341829	0.0	0.44350600000000007	-0.240819	-0.8633129999999999	0.0	-0.8813559999999999	-0.292178	-0.371273	0.0	2.6333900000000003	1.9558	1.52975	0.0	
0	0.019224599999999998	0.830227	-0.5570930000000001	0.0	0.267192	0.5326649999999999	0.803042	0.0	0.9634520000000001	-0.16428900000000002	-0.21159	0.0	-2.73274	2.09469	1.37073	0.0	-0.164963	0.9341200000000001	-0.31655500000000003	0.0	0.417876	-0.22452800000000003	-0.8803219999999999	0.0	-0.893402	-0.277501	-0.353308	0.0	2.6673400000000003	1.97958	1.5324799999999998	0.0	
0	0.032685900000000004	0.8445790000000001	-0.534433	0.0	0.30861500000000003	0.5000600000000001	0.809134	0.0	0.950626	-0.191381	-0.244304	0.0	-2.76094	2.22487	1.39285	0.36396300000000004	-0.177061	0.9455530000000001	-0.273092	0.0	0.378081	-0.190838	-0.9058889999999999	0.0	-0.908683	-0.263648	-0.323705	0.0	2.70756	2.0812	1.56456	0.359013	
0	0.06569680000000001	0.8419409999999999	-0.535556	0.0	0.32035	0.490508	0.810419	0.0	0.945019	-0.224807	-0.23749099999999998	0.0	-2.65593	2.30335	1.44521	0.349893	-0.19178199999999998	0.933298	-0.303601	0.0	0.40997100000000003	-0.20487800000000003	-0.88879	0.0	-0.891708	-0.29492199999999996	-0.343333	0.0	2.6385	2.1261099999999997	1.58435	0.361414	
0	0.139763	0.807609	-0.572917	0.0	0.398541	0.48378000000000004	0.779181	0.0	0.906439	-0.337231	-0.254251	0.0	-2.65223	2.31791	1.47025	0.349068	-0.193985	0.891023	-0.410425	0.0	0.45939399999999997	-0.287155	-0.8405360000000001	0.0	-0.866792	-0.351598	-0.353627	0.0	2.67516	2.14037	1.5787	0.360822	
0	0.20143599999999998	0.753142	-0.62626	0.0	0.49787700000000007	0.471883	0.72763	0.0	0.8435290000000001	-0.458372	-0.279918	0.0	-2.70415	2.27929	1.39783	0.347468	-0.155049	0.827449	-0.5397109999999999	0.0	0.5344760000000001	-0.3892	-0.75024	0.0	-0.8308409999999999	-0.40478600000000003	-0.38190599999999997	0.0	2.65823	2.1425099999999997	1.46184	0.36109600000000003	
0	0.2469	0.673061	-0.6971579999999999	0.0	0.602631	0.456747	0.654384	0.0	0.758865	-0.581696	-0.292837	0.0	-2.77231	2.13243	1.1590200000000002	0.349657	-0.14707	0.734382	-0.662611	0.0	0.620653	-0.453089	-0.639922	0.0	-0.770169	-0.505365	-0.38916100000000003	0.0	2.60011	2.026	1.24013	0.360591	
0	0.284418	0.561327	-0.7771859999999999	0.0	0.679427	0.45391800000000004	0.576487	0.0	0.676377	-0.692005	-0.252278	0.0	-2.84627	1.79975	0.816392	0.350513	-0.11696400000000001	0.635275	-0.763378	0.0	0.688032	-0.502476	-0.523574	0.0	-0.7161930000000001	-0.586467	-0.378318	0.0	2.48231	1.75127	0.851791	0.359604	
0	0.303005	0.444837	-0.8427979999999999	0.0	0.738796	0.448979	0.502591	0.0	0.60197	-0.774943	-0.192601	0.0	-2.87882	1.38083	0.47029	0.350771	-0.119993	0.5353760000000001	-0.836047	0.0	0.744185	-0.508892	-0.43268599999999996	0.0	-0.657107	-0.674093	-0.337355	0.0	2.335	1.3403399999999999	0.46047200000000005	0.35937800000000003	
0	0.299315	0.379922	-0.8752540000000001	0.0	0.764872	0.45285600000000004	0.458139	0.0	0.570422	-0.8065859999999999	-0.15504500000000002	0.0	-2.92407	1.02718	0.16426400000000002	0.350721	-0.124819	0.47780100000000003	-0.869555	0.0	0.790289	-0.482013	-0.378296	0.0	-0.599887	-0.734418	-0.31743699999999997	0.0	2.20003	0.9340299999999999	0.175586	0.35891799999999996	
0	0.295221	0.369615	-0.8810389999999999	0.0	0.7761239999999999	0.445014	0.446759	0.0	0.557203	-0.815688	-0.15548900000000002	0.0	-2.91951	0.856836	-0.009124700000000001	0.351366	-0.125625	0.463708	-0.8770370000000001	0.0	0.803669	-0.47075500000000003	-0.364014	0.0	-0.581665	-0.750577	-0.313529	0.0	2.12177	0.724209	0.0189696	0.358894	
0	0.264984	0.370304	-0.8903139999999999	0.0	0.795128	0.438416	0.41900299999999996	0.0	0.5454859999999999	-0.8189420000000001	-0.178266	0.0	-2.86353	0.448455	-0.49114399999999997	0.351935	-0.106776	0.42550299999999996	-0.8986360000000001	0.0	0.818964	-0.47487700000000005	-0.32216300000000003	0.0	-0.563823	-0.77035	-0.297766	0.0	1.9498799999999998	0.22515700000000002	-0.373368	0.358491	
0	0.23911999999999997	0.363299	-0.9004639999999999	0.0	0.803581	0.446521	0.393544	0.0	0.54505	-0.8177	-0.185168	0.0	-2.8206900000000004	0.158361	-0.8116949999999999	0.351645	-0.112107	0.39666999999999997	-0.91109	0.0	0.8376469999999999	-0.455529	-0.301398	0.0	-0.5345840000000001	-0.7969609999999999	-0.28120100000000003	0.0	1.8264099999999999	-0.12025699999999999	-0.610862	0.358813	
0	0.21209499999999998	0.366026	-0.906113	0.0	0.8189069999999999	0.43942299999999995	0.369188	0.0	0.533299	-0.820325	-0.206542	0.0	-2.79006	-0.187584	-1.18861	0.351732	-0.115745	0.41301499999999997	-0.9033389999999999	0.0	0.853467	-0.42389399999999994	-0.303163	0.0	-0.508131	-0.80606	-0.303431	0.0	1.7815400000000001	-0.523252	-0.97245	0.352615	
0	0.192446	0.371257	-0.9083680000000001	0.0	0.831299	0.430205	0.351946	0.0	0.521447	-0.8228559999999999	-0.225834	0.0	-2.8504099999999997	-0.5176310000000001	-1.5239200000000002	0.351783	-0.110476	0.405505	-0.907392	0.0	0.869324	-0.4031	-0.285983	0.0	-0.48173699999999997	-0.820412	-0.307983	0.0	1.80224	-0.9346479999999999	-1.3530000000000002	0.349591	
0	0.172663	0.356464	-0.918216	0.0	0.8392459999999999	0.43474799999999997	0.326588	0.0	0.51561	-0.8269989999999999	-0.22409600000000002	0.0	-2.91316	-0.784144	-1.8036599999999998	0.35147	-0.0973448	0.40422800000000003	-0.9094639999999999	0.0	0.8773540000000001	-0.396561	-0.270167	0.0	-0.46986700000000003	-0.8242209999999999	-0.31604699999999997	0.0	1.8703299999999998	-1.2517	-1.65484	0.348155	
0	0.166735	0.34670500000000004	-0.9230360000000001	0.0	0.854651	0.41601899999999997	0.310645	0.0	0.491703	-0.840669	-0.22694699999999998	0.0	-3.01163	-1.07007	-2.04847	0.34983800000000004	-0.09706410000000001	0.41234499999999996	-0.905842	0.0	0.877815	-0.39347	-0.273171	0.0	-0.469063	-0.821677	-0.32377100000000003	0.0	2.01499	-1.6	-1.9493599999999998	0.347587	
0	0.170907	0.316327	-0.9331280000000001	0.0	0.860094	0.41411000000000003	0.297912	0.0	0.480655	-0.8534930000000001	-0.201296	0.0	-3.1759	-1.5447600000000001	-2.1823799999999998	0.348576	-0.0293057	0.338935	-0.9403540000000001	0.0	0.8152550000000001	-0.536226	-0.218681	0.0	-0.57836	-0.773037	-0.260604	0.0	2.27726	-2.0077700000000003	-2.1208	0.360502	
0	0.08484889999999999	0.303361	-0.949091	0.0	0.811185	0.532097	0.242596	0.0	0.5786020000000001	-0.7904720000000001	-0.200934	0.0	-3.24214	-1.71815	-2.29786	0.341525	0.000661373	0.352657	-0.935752	0.0	0.796071	-0.566507	-0.212937	0.0	-0.6052029999999999	-0.744784	-0.281115	0.0	2.20621	-2.00736	-2.1894099999999996	0.359869	
0	0.0524761	0.318027	-0.946628	0.0	0.79119	0.565146	0.233725	0.0	0.609314	-0.761228	-0.221964	0.0	-3.18558	-1.7228700000000001	-2.3549900000000004	0.333311	-0.00131935	0.354941	-0.9348879999999999	0.0	0.792044	-0.570345	-0.217656	0.0	-0.610463	-0.7407590000000001	-0.280377	0.0	2.16282	-2.00667	-2.20246	0.35966	
0	0.0581121	0.310733	-0.9487190000000001	0.0	0.787453	0.569867	0.234882	0.0	0.61363	-0.760721	-0.211571	0.0	-3.1189400000000003	-1.74177	-2.36293	0.33612	-0.00287849	0.353586	-0.935398	0.0	0.7914439999999999	-0.570947	-0.218257	0.0	-0.611234	-0.740943	-0.2782	0.0	2.13402	-2.0133099999999997	-2.19029	0.359564	
0	0.0597737	0.310141	-0.94881	0.0	0.7879189999999999	0.568924	0.235604	0.0	0.612871	-0.761668	-0.21035900000000002	0.0	-3.05967	-1.7498599999999997	-2.36462	0.33773200000000003	-0.00507396	0.362543	-0.931953	0.0	0.784998	-0.5758949999999999	-0.228305	0.0	-0.619477	-0.73274	-0.281674	0.0	2.13547	-2.0120400000000003	-2.19361	0.359815	
0	0.0606529	0.30662399999999995	-0.949896	0.0	0.790623	0.5661430000000001	0.233233	0.0	0.6092920000000001	-0.7651560000000001	-0.20808600000000002	0.0	-3.0486299999999997	-1.75413	-2.35735	0.340537	-0.00456077	0.363286	-0.931666	0.0	0.790931	-0.568778	-0.225656	0.0	-0.611889	-0.737913	-0.28474	0.0	2.13512	-2.01116	-2.18966	0.359051	
0	0.044494099999999995	0.247879	-0.9677690000000001	0.0	0.821951	0.5415220000000001	0.176493	0.0	0.567817	-0.803312	-0.17965	0.0	-3.02196	-1.7684400000000002	-2.3269599999999997	0.352641	-0.017575599999999997	0.362846	-0.931683	0.0	0.841211	-0.49828999999999996	-0.209929	0.0	-0.540421	-0.787432	-0.296473	0.0	2.09409	-2.00535	-2.16387	0.333092	
0	0.030785200000000002	0.1967	-0.97998	0.0	0.8402620000000001	0.525879	0.13195	0.0	0.5413060000000001	-0.8275020000000001	-0.14909	0.0	-3.04232	-1.7994700000000001	-2.2309400000000004	0.355439	-0.0182414	0.35333000000000003	-0.935321	0.0	0.846081	-0.492996	-0.202736	0.0	-0.532742	-0.795056	-0.289953	0.0	2.09254	-1.98248	-2.17539	0.29935900000000004	
0	0.030791100000000002	0.196714	-0.9799770000000001	0.0	0.8402639999999999	0.5258729999999999	0.131962	0.0	0.5413020000000001	-0.8275030000000001	-0.1491	0.0	-3.0422	-1.7993299999999999	-2.23136	0.355437	-0.0182436	0.353337	-0.935318	0.0	0.8460790000000001	-0.492997	-0.202744	0.0	-0.532746	-0.7950510000000001	-0.289957	0.0	2.09253	-1.9825700000000002	-2.17535	0.299365	
0	0.0307913	0.196715	-0.9799770000000001	0.0	0.8402639999999999	0.5258729999999999	0.131962	0.0	0.5413020000000001	-0.8275030000000001	-0.1491	0.0	-3.0422	-1.7993299999999999	-2.23137	0.355437	-0.0182435	0.353338	-0.935318	0.0	0.8460790000000001	-0.492997	-0.202744	0.0	-0.532746	-0.7950510000000001	-0.289958	0.0	2.09253	-1.9825700000000002	-2.17535	0.299365	
0	0.0307913	0.196715	-0.9799770000000001	0.0	0.8402639999999999	0.5258729999999999	0.131962	0.0	0.541303	-0.8275030000000001	-0.1491	0.0	-3.0422	-1.7993299999999999	-2.23137	0.355437	-0.0182435	0.353338	-0.935318	0.0	0.8460790000000001	-0.492997	-0.202744	0.0	-0.532746	-0.7950510000000001	-0.289958	0.0	2.09253	-1.9825700000000002	-2.17535	0.299365	
0	0.0307913	0.196715	-0.9799770000000001	0.0	0.8402639999999999	0.5258729999999999	0.131962	0.0	0.5413020000000001	-0.8275030000000001	-0.1491	0.0	-3.0422	-1.7993299999999999	-2.23137	0.355437	-0.018243400000000003	0.353338	-0.935318	0.0	0.8460790000000001	-0.492997	-0.202744	0.0	-0.532746	-0.7950510000000001	-0.289958	0.0	2.09253	-1.9825700000000002	-2.17535	0.299365	
0	0.0307913	0.196715	-0.9799770000000001	0.0	0.8402639999999999	0.5258729999999999	0.131962	0.0	0.5413020000000001	-0.8275030000000001	-0.1491	0.0	-3.0422	-1.7993299999999999	-2.23137	0.355437	-0.0182433	0.353337	-0.935318	0.0	0.8460790000000001	-0.492997	-0.202744	0.0	-0.532746	-0.7950510000000001	-0.289957	0.0	2.09253	-1.9825700000000002	-2.17535	0.299365	
0	0.030791200000000005	0.196715	-0.9799770000000001	0.0	0.8402639999999999	0.5258729999999999	0.131962	0.0	0.5413020000000001	-0.8275030000000001	-0.1491	0.0	-3.0422	-1.7993299999999999	-2.23137	0.355437	-0.0182435	0.353338	-0.935318	0.0	0.8460790000000001	-0.492997	-0.202744	0.0	-0.532746	-0.7950510000000001	-0.289958	0.0	2.09253	-1.9825700000000002	-2.17535	0.29936399999999996	
0	0.0307913	0.196715	-0.9799770000000001	0.0	0.8402639999999999	0.5258729999999999	0.131962	0.0	0.5413020000000001	-0.8275030000000001	-0.1491	0.0	-3.0422	-1.7993299999999999	-2.23137	0.355437	-0.0182436	0.353338	-0.935318	0.0	0.8460790000000001	-0.492997	-0.202744	0.0	-0.532746	-0.7950510000000001	-0.289958	0.0	2.09253	-1.9825700000000002	-2.17535	0.29936399999999996	
0	0.030791200000000005	0.196715	-0.9799770000000001	0.0	0.8402639999999999	0.5258729999999999	0.131962	0.0	0.5413020000000001	-0.8275030000000001	-0.1491	0.0	-3.0422	-1.7993299999999999	-2.23137	0.355437	-0.0182435	0.353338	-0.935318	0.0	0.8460790000000001	-0.492997	-0.202744	0.0	-0.532746	-0.7950510000000001	-0.289958	0.0	2.09253	-1.9825700000000002	-2.17535	0.299365	
0	-0.08610110000000001	0.480783	-0.872602	0.0	0.651849	0.689553	0.315608	0.0	0.753445	-0.5416310000000001	-0.372769	0.0	-3.0617900000000002	-1.8654099999999998	-2.25184	0.36004899999999995	0.138552	0.46537700000000004	-0.874202	0.0	0.622929	-0.727183	-0.28838400000000003	0.0	-0.769911	-0.504609	-0.39064899999999997	0.0	2.02583	-1.9637200000000001	-2.16695	0.341817	
0	0.0706668	0.521038	-0.8506030000000001	0.0	0.717066	0.566245	0.406427	0.0	0.6934130000000001	-0.63866	-0.333604	0.0	-3.12363	-1.98983	-2.28137	0.352598	0.127631	0.464179	-0.876498	0.0	0.619947	-0.7271529999999999	-0.294815	0.0	-0.7741939999999999	-0.505754	-0.38057399999999997	0.0	1.9855200000000002	-2.00347	-2.1872700000000003	0.342339	
0	0.17429	0.5108600000000001	-0.8418110000000001	0.0	0.796776	0.42916000000000004	0.42540600000000006	0.0	0.5785939999999999	-0.744879	-0.332242	0.0	-3.2741700000000002	-2.20919	-2.40095	0.351139	0.116218	0.45915200000000006	-0.8807229999999999	0.0	0.616103	-0.728843	-0.298672	0.0	-0.779045	-0.507905	-0.367589	0.0	1.92687	-2.05884	-2.21398	0.342572	
0	0.24519000000000002	0.451908	-0.857707	0.0	0.827556	0.363293	0.427982	0.0	0.505008	-0.814738	-0.284904	0.0	-3.50094	-2.48561	-2.60433	0.35237399999999997	0.10141599999999999	0.45393100000000003	-0.8852469999999999	0.0	0.615052	-0.72801	-0.302842	0.0	-0.781938	-0.513759	-0.353023	0.0	1.84038	-2.1213	-2.2361299999999997	0.3428	
0	0.317949	0.356795	-0.878411	0.0	0.8464020000000001	0.310656	0.432547	0.0	0.42721499999999996	-0.881016	-0.203219	0.0	-3.68935	-2.77946	-2.74763	0.352854	0.09260239999999999	0.450234	-0.8880959999999999	0.0	0.613854	-0.7280770000000001	-0.305103	0.0	-0.7839689999999999	-0.516908	-0.3438	0.0	1.78367	-2.20954	-2.27005	0.342837	
0	0.361034	0.300811	-0.882704	0.0	0.852916	0.27622399999999997	0.442983	0.0	0.377079	-0.912805	-0.15684	0.0	-3.85934	-3.00749	-2.8765	0.35284099999999996	0.08981760000000001	0.44491099999999995	-0.8910600000000001	0.0	0.609958	-0.731834	-0.303925	0.0	-0.787327	-0.516211	-0.337108	0.0	1.7243	-2.2742	-2.2997799999999997	0.342654	
0	0.41416800000000004	0.239431	-0.878144	0.0	0.8480989999999999	0.248744	0.467819	0.0	0.330444	-0.938509	-0.10004	0.0	-3.91669	-3.1797400000000002	-2.95017	0.353514	0.08558049999999999	0.44251899999999994	-0.892666	0.0	0.610693	-0.731216	-0.30393600000000004	0.0	-0.787229	-0.519134	-0.332821	0.0	1.6813	-2.31872	-2.3123400000000003	0.342558	
0	0.44036499999999995	0.21461799999999998	-0.87179	0.0	0.844474	0.23070500000000002	0.483363	0.0	0.304865	-0.94906	-0.0796447	0.0	-3.93055	-3.24939	-2.95816	0.353001	0.0814026	0.44130699999999995	-0.8936559999999999	0.0	0.610459	-0.730843	-0.3053	0.0	-0.7878539999999999	-0.520688	-0.328892	0.0	1.6637400000000002	-2.3580400000000004	-2.3229	0.342534	
0	0.48394	0.155299	-0.8612110000000001	0.0	0.8332200000000001	0.21903499999999998	0.507709	0.0	0.267482	-0.9632790000000001	-0.0233988	0.0	-3.9400699999999995	-3.32524	-2.9697299999999998	0.353971	0.07602239999999999	0.44027299999999997	-0.89464	0.0	0.612556	-0.728583	-0.3065	0.0	-0.786763	-0.524716	-0.325081	0.0	1.6234600000000001	-2.4232400000000003	-2.33163	0.342517	
0	0.49945900000000004	0.12651800000000002	-0.857049	0.0	0.8222	0.24251599999999998	0.514951	0.0	0.272998	-0.9618620000000001	0.017103599999999997	0.0	-3.89285	-3.3449800000000005	-2.94246	0.355509	0.0728678	0.44008400000000003	-0.8949950000000001	0.0	0.614356	-0.726719	-0.307321	0.0	-0.7856569999999999	-0.527452	-0.323323	0.0	1.62127	-2.4574700000000003	-2.33562	0.342539	
0	0.507363	0.0846469	-0.8575649999999999	0.0	0.814403	0.27817	0.509283	0.0	0.281658	-0.9567950000000001	0.0721962	0.0	-3.79935	-3.34229	-2.8616900000000003	0.35584	0.0689132	0.443825	-0.89346	0.0	0.6189319999999999	-0.721414	-0.31062199999999995	0.0	-0.782416	-0.5315850000000001	-0.324412	0.0	1.62741	-2.50075	-2.3490900000000003	0.342525	
0	0.497975	0.0658977	-0.864684	0.0	0.808217	0.32615900000000003	0.49031199999999997	0.0	0.314335	-0.9430149999999999	0.10915899999999999	0.0	-3.6640699999999997	-3.31089	-2.7791900000000003	0.356879	0.064854	0.443193	-0.894077	0.0	0.620108	-0.719869	-0.311857	0.0	-0.781831	-0.534199	-0.32151399999999997	0.0	1.62942	-2.52555	-2.34309	0.342534	
0	0.502983	0.043970800000000004	-0.8631770000000001	0.0	0.801021	0.351378	0.484663	0.0	0.324613	-0.9352010000000001	0.141516	0.0	-3.51036	-3.25989	-2.70074	0.35775100000000004	0.05970369999999999	0.445381	-0.8933479999999999	0.0	0.624452	-0.714873	-0.314668	0.0	-0.778778	-0.539067	-0.3208	0.0	1.6409900000000002	-2.57234	-2.3507	0.342538	
0	0.502649	0.0306615	-0.8639469999999999	0.0	0.797557	0.369128	0.477124	0.0	0.333536	-0.928873	0.16108699999999998	0.0	-3.4513300000000005	-3.2229900000000002	-2.6644200000000002	0.35283000000000003	0.0545875	0.44799999999999995	-0.892366	0.0	0.626049	-0.711576	-0.31894	0.0	-0.777871	-0.541254	-0.319313	0.0	1.64992	-2.62222	-2.34602	0.342469	
0	0.500595	0.0345047	-0.864994	0.0	0.797107	0.371388	0.47612200000000005	0.0	0.337677	-0.9278370000000001	0.158411	0.0	-3.4528300000000005	-3.19501	-2.66595	0.35042199999999996	0.0502509	0.448612	-0.8923129999999999	0.0	0.6268819999999999	-0.7096899999999999	-0.321495	0.0	-0.777492	-0.543219	-0.316889	0.0	1.65514	-2.65361	-2.3433900000000003	0.342471	
0	0.506617	0.0333884	-0.861524	0.0	0.8001560000000001	0.353917	0.484246	0.0	0.321077	-0.934681	0.152585	0.0	-3.4355	-3.16813	-2.66615	0.349771	0.0476227	0.448809	-0.892358	0.0	0.626538	-0.709196	-0.323252	0.0	-0.777935	-0.543702	-0.31496999999999997	0.0	1.65179	-2.66703	-2.32629	0.342352	
0	0.527716	0.015812299999999998	-0.849274	0.0	0.8059529999999999	0.306421	0.5065029999999999	0.0	0.268244	-0.951765	0.14895899999999998	0.0	-3.39704	-3.13916	-2.67403	0.35278400000000004	0.04642569999999999	0.44836099999999995	-0.8926459999999999	0.0	0.627962	-0.7080569999999999	-0.32298499999999997	0.0	-0.7768579999999999	-0.545553	-0.31442600000000004	0.0	1.65498	-2.67902	-2.31452	0.34213699999999997	
0	0.54715	-0.032755200000000005	-0.836393	0.0	0.8178850000000001	0.233435	0.5259010000000001	0.0	0.178017	-0.9718209999999999	0.154514	0.0	-3.3310699999999995	-3.2682900000000004	-2.69137	0.3548	0.0505472	0.443011	-0.8950899999999999	0.0	0.6273029999999999	-0.7114689999999999	-0.316706	0.0	-0.777134	-0.545484	-0.313865	0.0	1.67389	-2.6863599999999996	-2.31029	0.342019	
0	0.546809	-0.0542985	-0.8354950000000001	0.0	0.8260280000000001	0.19787000000000002	0.527754	0.0	0.136664	-0.978723	0.153049	0.0	-3.3140199999999997	-3.5280199999999997	-2.66494	0.355325	0.0513034	0.44278900000000004	-0.895157	0.0	0.627479	-0.711612	-0.31603600000000004	0.0	-0.776942	-0.545479	-0.314349	0.0	1.6828900000000002	-2.70095	-2.3035400000000004	0.34207	
0	0.550287	-0.0624727	-0.832635	0.0	0.8256290000000001	0.189496	0.531439	0.0	0.124581	-0.979892	0.155856	0.0	-3.30988	-3.6004	-2.65999	0.355044	0.0514374	0.439854	-0.896595	0.0	0.628011	-0.712302	-0.31341399999999997	0.0	-0.776502	-0.5469510000000001	-0.312872	0.0	1.6915799999999999	-2.7196700000000003	-2.29915	0.341958	
0	0.568181	-0.08294510000000001	-0.818713	0.0	0.817194	0.17386500000000002	0.549513	0.0	0.09676610000000001	-0.9812700000000001	0.166569	0.0	-3.29314	-3.6022300000000005	-2.66665	0.352574	0.0518023	0.440247	-0.896381	0.0	0.629225	-0.711398	-0.313031	0.0	-0.7754949999999999	-0.54781	-0.313866	0.0	1.69901	-2.73667	-2.29185	0.341927	
0	0.5895050000000001	-0.10748800000000001	-0.800581	0.0	0.8043020000000001	0.16977799999999998	0.56945	0.0	0.07471230000000001	-0.9796030000000001	0.18653699999999998	0.0	-3.27811	-3.60351	-2.67762	0.353686	0.052047	0.441567	-0.895717	0.0	0.6308630000000001	-0.709838	-0.313276	0.0	-0.774147	-0.54877	-0.31551399999999996	0.0	1.70563	-2.7452799999999997	-2.2861700000000003	0.341887	
0	0.593427	-0.119826	-0.7959189999999999	0.0	0.802506	0.16410999999999998	0.573631	0.0	0.0618823	-0.979137	0.193548	0.0	-3.27051	-3.6030800000000003	-2.68549	0.35188200000000003	0.051892499999999994	0.44085	-0.8960790000000001	0.0	0.6308739999999999	-0.710043	-0.31279	0.0	-0.774148	-0.549081	-0.314967	0.0	1.70702	-2.75073	-2.27898	0.341914	
0	0.599642	-0.124026	-0.7905989999999999	0.0	0.798941	0.149669	0.582489	0.0	0.0460843	-0.9809260000000001	0.18883699999999998	0.0	-3.2584	-3.6061300000000003	-2.6778	0.352031	0.051934400000000006	0.44151599999999996	-0.895749	0.0	0.630501	-0.7100850000000001	-0.313446	0.0	-0.7744489999999999	-0.548492	-0.315254	0.0	1.7078	-2.75044	-2.27885	0.341785	
0	0.619825	-0.14069500000000001	-0.772025	0.0	0.78472	0.118237	0.6084689999999999	0.0	0.00567383	-0.982967	0.183692	0.0	-3.2559099999999996	-3.6063300000000003	-2.68684	0.307963	0.0520577	0.441945	-0.895531	0.0	0.6295390000000001	-0.710645	-0.314108	0.0	-0.775223	-0.54742	-0.315216	0.0	1.7087	-2.76085	-2.2708	0.341856	
0	0.649122	-0.171244	-0.741158	0.0	0.76068	0.142969	0.6331869999999999	0.0	-0.00246665	-0.9748	0.223066	0.0	-3.3201	-3.5851800000000003	-2.77133	0.120402	0.053073800000000004	0.438967	-0.896935	0.0	0.628836	-0.712431	-0.31146	0.0	-0.775725	-0.5474939999999999	-0.31385	0.0	1.70208	-2.76736	-2.2422299999999997	0.34164	
0	0.654307	-0.163386	-0.738368	0.0	0.756154	0.155081	0.6357520000000001	0.0	0.010633700000000001	-0.974297	0.22501500000000002	0.0	-3.3319400000000003	-3.58397	-2.77108	0.12036600000000001	0.05345419999999999	0.43944799999999995	-0.896676	0.0	0.627807	-0.713082	-0.31204499999999996	0.0	-0.7765310000000001	-0.5462600000000001	-0.314006	0.0	1.6980099999999998	-2.77047	-2.2387799999999998	0.341486	
0	0.663194	-0.156703	-0.731859	0.0	0.747807	0.17919200000000002	0.6392770000000001	0.0	0.0309666	-0.9712540000000001	0.236023	0.0	-3.3532599999999997	-3.58236	-2.7802700000000002	0.12038299999999999	0.053305	0.439439	-0.89669	0.0	0.626704	-0.713824	-0.312567	0.0	-0.777432	-0.545297	-0.313448	0.0	1.6836400000000002	-2.7765400000000002	-2.22341	0.341459	
0	0.671035	-0.131076	-0.729747	0.0	0.738471	0.205931	0.642069	0.0	0.0661177	-0.9697479999999999	0.234983	0.0	-3.38593	-3.58054	-2.77882	0.12031199999999999	0.0527981	0.441572	-0.8956709999999999	0.0	0.62364	-0.715091	-0.315782	0.0	-0.779927	-0.5419039999999999	-0.313137	0.0	1.6740400000000002	-2.79357	-2.2212400000000003	0.341371	
0	0.671312	-0.0996065	-0.734452	0.0	0.732288	0.24212600000000004	0.636497	0.0	0.11443099999999999	-0.965118	0.235483	0.0	-3.4304900000000003	-3.57999	-2.7795900000000002	0.12028599999999999	0.0505144	0.444996	-0.894107	0.0	0.620345	-0.715588	-0.3211	0.0	-0.782701	-0.538434	-0.312199	0.0	1.6623299999999999	-2.8109	-2.2299900000000004	0.341568	
0	0.661654	-0.0468374	-0.7483449999999999	0.0	0.73054	0.265083	0.629319	0.0	0.168898	-0.963087	0.20961	0.0	-3.4790900000000002	-3.58174	-2.75705	0.12026700000000001	0.050480800000000006	0.44662399999999997	-0.8932959999999999	0.0	0.61957	-0.715526	-0.322731	0.0	-0.783316	-0.537168	-0.312836	0.0	1.6559099999999998	-2.81935	-2.23076	0.341391	
0	0.6478689999999999	-0.0202957	-0.761482	0.0	0.73668	0.271052	0.6195430000000001	0.0	0.193827	-0.9623510000000001	0.190558	0.0	-3.50107	-3.58325	-2.74057	0.120334	0.051085000000000005	0.44745	-0.892849	0.0	0.618397	-0.71618	-0.323531	0.0	-0.784204	-0.5356069999999999	-0.313288	0.0	1.6539	-2.82156	-2.23201	0.341179	
0	0.619626	0.0375327	-0.783999	0.0	0.751159	0.261349	0.606182	0.0	0.227649	-0.964514	0.133746	0.0	-3.6034900000000003	-3.55681	-2.73496	0.12062300000000001	0.0498134	0.450934	-0.891166	0.0	0.6162989999999999	-0.71602	-0.32786	0.0	-0.785935	-0.5328930000000001	-0.313578	0.0	1.64667	-2.83403	-2.23941	0.341292	
0	0.583747	0.0806464	-0.807921	0.0	0.771473	0.255114	0.582878	0.0	0.253119	-0.963542	0.0867057	0.0	-3.6750800000000003	-3.25516	-2.73411	0.12018	0.049577699999999995	0.45382100000000003	-0.8897129999999999	0.0	0.613753	-0.716611	-0.331325	0.0	-0.78794	-0.529637	-0.314062	0.0	1.6422	-2.8450599999999997	-2.2463599999999997	0.341418	
0	0.5412680000000001	0.152508	-0.8269040000000001	0.0	0.7861199999999999	0.257216	0.5620109999999999	0.0	0.298404	-0.9542440000000001	0.019333000000000003	0.0	-3.7793099999999997	-2.63458	-2.71238	0.120228	0.0611808	0.46274899999999997	-0.884376	0.0	0.606698	-0.720808	-0.33519099999999996	0.0	-0.792575	-0.516041	-0.324848	0.0	1.6494400000000002	-2.84409	-2.2906	0.342378	
0	0.502157	0.23926599999999998	-0.831018	0.0	0.787856	0.26961799999999997	0.553704	0.0	0.35654	-0.9327690000000001	-0.05311669999999999	0.0	-3.8757599999999996	-2.1655	-2.75173	0.120247	0.120199	0.477332	-0.8704629999999999	0.0	0.589657	-0.7397229999999999	-0.32421500000000003	0.0	-0.798659	-0.47430500000000003	-0.37037600000000004	0.0	1.65861	-2.78091	-2.38482	0.34324299999999996	
1	0.47750699999999996	0.291608	-0.8288260000000001	0.0	0.785319	0.281393	0.551445	0.0	0.394031	-0.914212	-0.09463839999999998	0.0	-3.9001300000000003	-1.8095700000000001	-2.7849	0.120626	0.165961	0.479756	-0.861563	0.0	0.566929	-0.761282	-0.314709	0.0	-0.806876	-0.43621499999999996	-0.398332	0.0	1.66671	-2.69132	-2.4646	0.343385	
1	0.444637	0.35739499999999996	-0.82132	0.0	0.778067	0.300153	0.551833	0.0	0.44374399999999997	-0.8844069999999999	-0.144618	0.0	-3.8829599999999997	-1.4919799999999999	-2.83335	0.120234	0.224798	0.47308100000000003	-0.851857	0.0	0.527751	-0.794017	-0.30169	0.0	-0.819113	-0.381749	-0.428162	0.0	1.6756900000000001	-2.60777	-2.5592599999999996	0.34374	
1	0.401161	0.403971	-0.822118	0.0	0.761996	0.350921	0.544258	0.0	0.508363	-0.844785	-0.167048	0.0	-3.81554	-1.25355	-2.89606	0.120625	0.29795900000000003	0.4377	-0.8483149999999999	0.0	0.463599	-0.843191	-0.272223	0.0	-0.8344440000000001	-0.31216700000000003	-0.454154	0.0	1.67177	-2.4619400000000002	-2.64739	0.343744	
1	0.369151	0.4189	-0.829609	0.0	0.739167	0.40875700000000004	0.535304	0.0	0.563347	-0.8108270000000001	-0.158744	0.0	-3.5826	-1.15025	-2.92948	0.120627	0.357364	0.38403400000000004	-0.8513569999999999	0.0	0.386909	-0.8905280000000001	-0.23929499999999998	0.0	-0.8500549999999999	-0.243883	-0.466829	0.0	1.6389599999999998	-2.3107900000000003	-2.7191400000000003	0.343806	
1	0.391795	0.41397700000000004	-0.8216559999999999	0.0	0.7111850000000001	0.430309	0.555922	0.0	0.5837060000000001	-0.802157	-0.12582100000000002	0.0	-3.26285	-1.2017200000000001	-2.98946	0.12063099999999999	0.397368	0.343221	-0.851057	0.0	0.321899	-0.920625	-0.220979	0.0	-0.859349	-0.186144	-0.47630900000000004	0.0	1.56396	-2.13754	-2.75618	0.344302	
1	0.439879	0.38515	-0.8112739999999999	0.0	0.678203	0.449696	0.5812189999999999	0.0	0.588683	-0.805874	-0.06339840000000001	0.0	-2.85786	-1.4399899999999999	-3.0406	0.120624	0.40627199999999997	0.280364	-0.869677	0.0	0.24942899999999998	-0.9496459999999999	-0.189623	0.0	-0.87905	-0.13988399999999998	-0.455746	0.0	1.41497	-1.97943	-2.75464	0.345343	
1	0.46473000000000003	0.372113	-0.803466	0.0	0.665004	0.452449	0.594187	0.0	0.584633	-0.810445	-0.0371902	0.0	-2.52224	-1.62065	-3.09763	0.120249	0.38327	0.257466	-0.887026	0.0	0.223917	-0.957615	-0.181205	0.0	-0.896084	-0.12917	-0.424676	0.0	1.23076	-1.8800700000000001	-2.71263	0.346155	
1	0.49318	0.350952	-0.795994	0.0	0.649558	0.46008999999999994	0.605304	0.0	0.578661	-0.8155680000000001	-0.00105625	0.0	-2.2008	-1.7858900000000002	-3.17368	0.120242	0.344631	0.25814899999999996	-0.902545	0.0	0.22646	-0.9559129999999999	-0.186941	0.0	-0.911013	-0.139965	-0.387898	0.0	1.0392299999999999	-1.82375	-2.66005	0.34637199999999996	
1	0.517425	0.324848	-0.791673	0.0	0.646516	0.45769099999999996	0.6103569999999999	0.0	0.560615	-0.827643	0.026801299999999997	0.0	-1.92705	-1.94165	-3.24323	0.120252	0.31394299999999997	0.276052	-0.908425	0.0	0.24047600000000002	-0.9487200000000001	-0.20519099999999998	0.0	-0.9184829999999999	-0.15403599999999998	-0.364228	0.0	0.8820479999999999	-1.8057400000000001	-2.62646	0.347351	
1	0.536241	0.30102199999999996	-0.788563	0.0	0.6372180000000001	0.468296	0.612088	0.0	0.5535329999999999	-0.8307129999999999	0.0593033	0.0	-1.69983	-2.0716099999999997	-3.2898400000000003	0.120249	0.28634499999999996	0.29699699999999996	-0.910933	0.0	0.258882	-0.939364	-0.22488899999999998	0.0	-0.9224889999999999	-0.171428	-0.34586999999999996	0.0	0.749367	-1.8193700000000002	-2.60071	0.347323	
1	0.552488	0.284371	-0.783512	0.0	0.6335109999999999	0.46762200000000004	0.616436	0.0	0.541684	-0.836937	0.0782029	0.0	-1.51578	-2.1302	-3.32009	0.12024100000000001	0.258992	0.310815	-0.9145040000000001	0.0	0.275194	-0.931312	-0.238592	0.0	-0.925847	-0.189872	-0.326737	0.0	0.61234	-1.8338900000000002	-2.53947	0.347447	
1	0.564768	0.26970700000000003	-0.779933	0.0	0.6293890000000001	0.47050600000000004	0.6184609999999999	0.0	0.533766	-0.840168	0.0959767	0.0	-1.4270399999999999	-2.15213	-3.3657199999999996	0.120651	0.235763	0.326857	-0.9151940000000001	0.0	0.29285500000000003	-0.921859	-0.253795	0.0	-0.926635	-0.208184	-0.313062	0.0	0.545469	-1.86025	-2.49618	0.349062	
1	0.577384	0.25276	-0.776363	0.0	0.629797	0.46725600000000006	0.620506	0.0	0.5196	-0.8472219999999999	0.110599	0.0	-1.41688	-2.14509	-3.3997300000000004	0.12066700000000001	0.23224699999999998	0.327504	-0.9158620000000001	0.0	0.295695	-0.9208149999999999	-0.254292	0.0	-0.9266209999999999	-0.21175700000000003	-0.310697	0.0	0.536391	-1.88095	-2.46474	0.35041700000000003	
1	0.585388	0.24126599999999998	-0.7740229999999999	0.0	0.630592	0.46456499999999995	0.621718	0.0	0.509583	-0.852039	0.11980999999999999	0.0	-1.4101	-2.1430599999999997	-3.4228300000000003	0.12063299999999999	0.22857199999999997	0.32445100000000004	-0.9178709999999999	0.0	0.294713	-0.921651	-0.252396	0.0	-0.927847	-0.21281799999999998	-0.306284	0.0	0.535374	-1.8938400000000002	-2.43357	0.350747	
1	0.589133	0.23441700000000001	-0.7732859999999999	0.0	0.630534	0.465106	0.621372	0.0	0.50532	-0.8536540000000001	0.126201	0.0	-1.38947	-2.1489700000000003	-3.42515	0.120307	0.223521	0.33253699999999997	-0.916219	0.0	0.30022600000000005	-0.9177879999999999	-0.259864	0.0	-0.927309	-0.21698800000000001	-0.304981	0.0	0.525679	-1.91547	-2.41376	0.350561	
1	0.59113	0.234408	-0.771763	0.0	0.625312	0.471185	0.622069	0.0	0.5094609999999999	-0.850316	0.131954	0.0	-1.368	-2.14823	-3.44499	0.120269	0.21377800000000002	0.345532	-0.913732	0.0	0.30733699999999997	-0.9116479999999999	-0.272839	0.0	-0.927277	-0.22249699999999997	-0.301085	0.0	0.5196069999999999	-1.92782	-2.39099	0.34865	
1	0.592806	0.235273	-0.770213	0.0	0.622214	0.47339	0.6235	0.0	0.511304	-0.848851	0.13423800000000002	0.0	-1.33132	-2.13333	-3.45686	0.120275	0.201689	0.360145	-0.910833	0.0	0.316087	-0.904121	-0.287499	0.0	-0.9270440000000001	-0.229917	-0.296189	0.0	0.478887	-1.99728	-2.3895299999999997	0.301565	
1	0.593064	0.23518000000000003	-0.770043	0.0	0.61992	0.47691400000000006	0.623099	0.0	0.513785	-0.846902	0.137048	0.0	-1.3239100000000001	-2.12086	-3.4491300000000003	0.12140899999999999	0.19108499999999998	0.360691	-0.9129010000000001	0.0	0.328221	-0.899983	-0.286885	0.0	-0.9250719999999999	-0.24481399999999998	-0.29035900000000003	0.0	0.43550900000000003	-2.0876099999999997	-2.39459	0.154584	
1	0.595042	0.23708600000000002	-0.76793	0.0	0.610701	0.48776800000000003	0.623801	0.0	0.522466	-0.8401620000000001	0.145454	0.0	-1.25738	-2.17862	-3.43075	0.121313	0.192023	0.35773	-0.913869	0.0	0.344267	-0.8965770000000001	-0.278623	0.0	-0.919025	-0.261113	-0.295319	0.0	0.495821	-2.12033	-2.36597	0.154293	
1	0.5992569999999999	0.25406100000000004	-0.759173	0.0	0.598583	0.487505	0.63564	0.0	0.531592	-0.8353389999999999	0.14006400000000002	0.0	-1.23383	-2.16388	-3.43575	0.121715	0.196429	0.371564	-0.9073899999999999	0.0	0.358103	-0.8886780000000001	-0.286381	0.0	-0.9127860000000001	-0.26868600000000004	-0.307621	0.0	0.509101	-2.09717	-2.35213	0.154359	
1	0.598166	0.271845	-0.753855	0.0	0.590446	0.48652399999999996	0.643948	0.0	0.541822	-0.830298	0.130512	0.0	-1.21617	-2.157	-3.45402	0.12177	0.194495	0.385757	-0.901867	0.0	0.369998	-0.88036	-0.296764	0.0	-0.9084459999999999	-0.27597	-0.31395500000000004	0.0	0.5220560000000001	-2.0815599999999996	-2.36402	0.154279	
1	0.6143689999999999	0.330919	-0.716271	0.0	0.556659	0.461571	0.690712	0.0	0.559179	-0.8230700000000001	0.0993659	0.0	-1.12891	-2.10068	-3.5233	0.12186300000000001	0.216694	0.440312	-0.871303	0.0	0.39866599999999996	-0.8546100000000001	-0.332728	0.0	-0.891128	-0.27525900000000003	-0.36072600000000005	0.0	0.572398	-2.05178	-2.3736	0.154476	
1	0.5964079999999999	0.437621	-0.6728930000000001	0.0	0.46546000000000004	0.494414	0.734099	0.0	0.653945	-0.751028	0.09117739999999999	0.0	-1.1631	-1.90888	-3.3064	0.34719099999999997	0.290578	0.446511	-0.846282	0.0	0.392856	-0.8621340000000001	-0.319984	0.0	-0.872484	-0.239486	-0.42593100000000006	0.0	0.795371	-2.17817	-2.65292	0.15444000000000002	
1	0.481779	0.556683	-0.676751	0.0	0.409524	0.5397310000000001	0.735514	0.0	0.774712	-0.631501	0.032056	0.0	-1.32196	-1.7011599999999998	-3.3203	0.352101	0.409302	0.405541	-0.817318	0.0	0.322456	-0.902277	-0.28621399999999997	0.0	-0.853519	-0.146401	-0.500073	0.0	1.35048	-2.14037	-2.74349	0.154395	
1	0.41034899999999996	0.587745	-0.697259	0.0	0.395221	0.57444	0.716811	0.0	0.821836	-0.569714	0.00343138	0.0	-1.45994	-1.6431200000000001	-3.3456099999999998	0.352582	0.456557	0.377965	-0.8054180000000001	0.0	0.280913	-0.920207	-0.272595	0.0	-0.844182	-0.101797	-0.526302	0.0	1.61069	-2.13282	-2.74302	0.154395	
2	0.159451	0.6526109999999999	-0.740726	0.0	0.321286	0.675172	0.664017	0.0	0.9334620000000001	-0.34386300000000003	-0.102018	0.0	-1.78457	-1.4636200000000001	-3.35673	0.350965	0.571842	0.300715	-0.763261	0.0	0.175991	-0.9537	-0.243891	0.0	-0.8012640000000001	0.00513986	-0.5982890000000001	0.0	2.24923	-2.19712	-2.6454	0.15428499999999998	
2	0.0392492	0.644053	-0.7639739999999999	0.0	0.3083	0.7194560000000001	0.622362	0.0	0.9504790000000001	-0.25995999999999997	-0.170323	0.0	-2.02181	-1.49486	-3.26951	0.34975900000000004	0.627437	0.225989	-0.745152	0.0	0.0869763	-0.97131	-0.221342	0.0	-0.773794	0.0740677	-0.629092	0.0	2.5908599999999997	-2.28936	-2.48807	0.154316	
2	-0.0244989	0.6191180000000001	-0.784916	0.0	0.280888	0.757785	0.588952	0.0	0.9594280000000001	-0.206044	-0.192468	0.0	-2.16328	-1.7245099999999998	-3.11591	0.349025	0.660615	0.147923	-0.736007	0.0	-0.000976563	-0.980226	-0.197882	0.0	-0.750724	0.131443	-0.647408	0.0	2.82097	-2.40479	-2.32004	0.154426	
2	-0.0911565	0.597697	-0.796523	0.0	0.25891	0.786571	0.560599	0.0	0.96159	-0.155125	-0.226451	0.0	-2.26425	-2.05565	-2.93457	0.348122	0.674531	0.0629391	-0.735559	0.0	-0.08890089999999999	-0.9821840000000001	-0.16556700000000002	0.0	-0.732875	0.177072	-0.656918	0.0	2.99733	-2.54183	-2.08157	0.154305	
2	-0.10619100000000001	0.588322	-0.801624	0.0	0.24397	0.796955	0.5525760000000001	0.0	0.963951	-0.13689400000000002	-0.228163	0.0	-2.30868	-2.32024	-2.77921	0.347559	0.679459	0.0220665	-0.7333810000000001	0.0	-0.10993599999999999	-0.985202	-0.131497	0.0	-0.72543	0.169972	-0.666979	0.0	3.08175	-2.66572	-1.87145	0.154333	
2	-0.124069	0.583439	-0.802624	0.0	0.240907	0.802384	0.546026	0.0	0.962586	-0.125613	-0.240105	0.0	-2.33022	-2.41423	-2.70975	0.347394	0.682661	0.015031399999999999	-0.730581	0.0	-0.103723	-0.9876719999999999	-0.11724100000000001	0.0	-0.723337	0.155814	-0.672686	0.0	3.10279	-2.72644	-1.77787	0.154396	
2	-0.179013	0.571062	-0.8011510000000001	0.0	0.231819	0.81586	0.529748	0.0	0.9561459999999999	-0.0908905	-0.278432	0.0	-2.41403	-2.50164	-2.63269	0.346085	0.681643	-0.00680881	-0.731653	0.0	-0.0787594	-0.9948299999999999	-0.0641181	0.0	-0.727434	0.10132999999999999	-0.678655	0.0	3.1410299999999998	-2.8527400000000003	-1.63163	0.154442	
2	-0.17349900000000001	0.5689270000000001	-0.803879	0.0	0.22991199999999998	0.817102	0.528664	0.0	0.9576209999999999	-0.0930985	-0.27257	0.0	-2.44047	-2.6292400000000002	-2.57058	0.346356	0.6764819999999999	-0.00239254	-0.736456	0.0	-0.00868336	-0.999951	-0.00472765	0.0	-0.736408	0.00959308	-0.67647	0.0	3.13708	-3.0152900000000002	-1.5122200000000001	0.154443	
2	-0.174051	0.577434	-0.79767	0.0	0.24100300000000002	0.8103779999999999	0.534047	0.0	0.9547899999999999	-0.0992893	-0.28021	0.0	-2.4457400000000002	-2.69394	-2.54881	0.346091	0.675905	0.0161815	-0.736811	0.0	0.06699069999999999	-0.9969690000000001	0.0395581	0.0	-0.733938	-0.076097	-0.674941	0.0	3.14322	-3.04523	-1.46938	0.15446300000000002	
2	-0.173604	0.5764100000000001	-0.798507	0.0	0.24643099999999998	0.81045	0.531454	0.0	0.953485	-0.10451400000000001	-0.282742	0.0	-2.45803	-2.7368900000000003	-2.5453	0.346271	0.678649	0.045240499999999996	-0.733068	0.0	0.139917	-0.987786	0.06857	0.0	-0.721012	-0.14910299999999999	-0.67669	0.0	3.2154599999999998	-3.2654400000000003	-1.36821	0.15446500000000002	
2	-0.17364300000000002	0.577421	-0.797768	0.0	0.249077	0.8094859999999999	0.5316890000000001	0.0	0.9527899999999999	-0.10638199999999999	-0.284384	0.0	-2.46418	-2.7573	-2.54682	0.346045	0.680384	0.0732653	-0.729184	0.0	0.200901	-0.97552	0.08944010000000001	0.0	-0.704781	-0.207348	-0.678447	0.0	3.27806	-3.3737199999999996	-1.3289799999999998	0.154449	
2	-0.17339300000000002	0.575837	-0.798966	0.0	0.25235599999999997	0.8101470000000001	0.529129	0.0	0.951973	-0.109877	-0.28579	0.0	-2.46814	-2.76859	-2.54608	0.346035	0.681372	0.0809141	-0.7274510000000001	0.0	0.23550100000000002	-0.9652569999999999	0.11321800000000001	0.0	-0.693016	-0.248459	-0.676755	0.0	3.31054	-3.43532	-1.31046	0.15429	
2	-0.170435	0.5758979999999999	-0.799559	0.0	0.257365	0.809281	0.528041	0.0	0.9511649999999999	-0.115782	-0.286146	0.0	-2.46616	-2.7884599999999997	-2.54193	0.345785	0.680524	0.101261	-0.725695	0.0	0.281509	-0.950526	0.131354	0.0	-0.676491	-0.293679	-0.675362	0.0	3.2970900000000003	-3.45465	-1.30446	0.154157	
2	-0.167825	0.5741890000000001	-0.801337	0.0	0.260914	0.809751	0.525574	0.0	0.9506620000000001	-0.120875	-0.28570999999999996	0.0	-2.45823	-2.80362	-2.52124	0.345981	0.676667	0.12313299999999999	-0.725921	0.0	0.314463	-0.9398049999999999	0.133714	0.0	-0.665759	-0.318755	-0.674656	0.0	3.27071	-3.4273300000000004	-1.30667	0.154251	
2	-0.168423	0.574973	-0.80065	0.0	0.264598	0.808813	0.525176	0.0	0.9495379999999999	-0.12339800000000001	-0.28835900000000003	0.0	-2.4530000000000003	-2.8083400000000003	-2.5063	0.346224	0.663033	0.153905	-0.732598	0.0	0.338846	-0.9343440000000001	0.110382	0.0	-0.66751	-0.321425	-0.671652	0.0	3.26812	-3.4329	-1.29903	0.154078	
2	-0.167613	0.5718949999999999	-0.80302	0.0	0.263895	0.810846	0.5223869999999999	0.0	0.9498770000000001	-0.12435399999999999	-0.286829	0.0	-2.45244	-2.8101700000000003	-2.49297	0.34784499999999996	0.6326350000000001	0.175257	-0.754359	0.0	0.394048	-0.9113899999999999	0.118724	0.0	-0.666708	-0.37236199999999997	-0.645636	0.0	3.24779	-3.35773	-1.33641	0.15419000000000002	
2	-0.168034	0.572059	-0.802816	0.0	0.26652	0.81043	0.5217	0.0	0.949069	-0.126303	-0.288645	0.0	-2.45247	-2.80848	-2.4870799999999997	0.348007	0.6450359999999999	0.12876500000000002	-0.753225	0.0	0.386189	-0.905488	0.175925	0.0	-0.659384	-0.40436500000000003	-0.6338	0.0	3.3374900000000003	-3.5156699999999996	-1.3110600000000001	0.346262	
2	-0.165909	0.572339	-0.8030579999999999	0.0	0.26853699999999997	0.80979	0.521659	0.0	0.948874	-0.129103	-0.288046	0.0	-2.4590099999999997	-2.8103	-2.48474	0.347996	0.647369	0.139048	-0.749386	0.0	0.395875	-0.901533	0.174704	0.0	-0.651304	-0.409761	-0.63867	0.0	3.35045	-3.5468699999999997	-1.27903	0.337433	
2	-0.162412	0.573781	-0.802744	0.0	0.27333	0.807871	0.522145	0.0	0.94811	-0.13461099999999998	-0.28804	0.0	-2.46982	-2.83846	-2.48599	0.34776599999999996	0.638938	0.142254	-0.755991	0.0	0.405909	-0.897149	0.174246	0.0	-0.653449	-0.418196	-0.6309640000000001	0.0	3.4243900000000003	-3.5194400000000003	-1.20527	0.33810100000000004	
2	-0.155994	0.576715	-0.801914	0.0	0.27965500000000004	0.804421	0.5241180000000001	0.0	0.947343	-0.1425	-0.28676599999999997	0.0	-2.49427	-2.89394	-2.48921	0.347491	0.641145	0.173957	-0.747444	0.0	0.44713100000000006	-0.876251	0.179606	0.0	-0.6237050000000001	-0.449359	-0.6395850000000001	0.0	3.64716	-3.4513800000000003	-1.1022100000000001	0.339082	
