3	0.434963	0.733934	-0.5216770000000001	0.0	0.574113	0.220279	0.788589	0.0	0.6936869999999999	-0.642509	-0.325548	0.0	-2.79256	1.99898	1.38185	-1.81198e-05	-0.5093770000000001	0.6414449999999999	-0.573657	0.0	0.714183	-0.0567856	-0.697652	0.0	-0.48008100000000004	-0.7650640000000001	-0.429184	0.0	2.6372400000000003	2.00434	1.54718	-1.14068e-05	
3	0.176464	0.878792	-0.443379	0.0	0.338956	0.368644	0.865569	0.0	0.924105	-0.303028	-0.232819	0.0	-2.85502	2.0172	1.2469	0.0	-0.154703	0.849989	-0.5035729999999999	0.0	0.493881	-0.37491599999999997	-0.784551	0.0	-0.855657	-0.370077	-0.361793	0.0	2.67941	1.96701	1.5073	0.0	
3	0.13778800000000002	0.8638680000000001	-0.48450600000000005	0.0	0.331088	0.42086	0.8445459999999999	0.0	0.933485	-0.27678200000000003	-0.228028	0.0	-2.81609	2.00738	1.1788299999999998	0.0	-0.133823	0.841407	-0.52357	0.0	0.503253	-0.397431	-0.767324	0.0	-0.853715	-0.366173	-0.370255	0.0	2.67	1.94754	1.44928	0.0	
3	0.12150599999999999	0.851683	-0.509776	0.0	0.352238	0.443159	0.824342	0.0	0.92799	-0.279725	-0.24614899999999998	0.0	-2.79405	2.05015	1.17162	0.0	-0.159029	0.844269	-0.51178	0.0	0.519137	-0.369417	-0.770732	0.0	-0.839766	-0.388253	-0.379544	0.0	2.6699900000000003	1.9438099999999998	1.43931	0.0	
3	0.08477989999999999	0.840831	-0.534618	0.0	0.356134	0.47553599999999996	0.804384	0.0	0.930581	-0.25859099999999996	-0.25913200000000003	0.0	-2.8077900000000002	2.13445	1.2018	0.31135300000000005	-0.16280799999999998	0.8441069999999999	-0.5108590000000001	0.0	0.5041640000000001	-0.373896	-0.778473	0.0	-0.848123	-0.38429800000000003	-0.364695	0.0	2.71316	1.9800099999999998	1.43246	0.188868	
3	0.10774	0.8429	-0.527174	0.0	0.32931	0.47006899999999996	0.818896	0.0	0.938055	-0.261832	-0.22693000000000002	0.0	-2.64177	2.16703	1.2517200000000002	0.349175	-0.18956800000000001	0.846432	-0.497612	0.0	0.499468	-0.35320100000000004	-0.791064	0.0	-0.8453379999999999	-0.398501	-0.35581	0.0	2.64171	2.06163	1.41593	0.359162	
3	0.147277	0.838784	-0.524167	0.0	0.367347	0.445655	0.816362	0.0	0.91835	-0.312782	-0.24249	0.0	-2.61432	2.17829	1.2752299999999999	0.350636	-0.186693	0.834571	-0.518302	0.0	0.537767	-0.35470300000000005	-0.764848	0.0	-0.8221629999999999	-0.42151700000000003	-0.38258400000000004	0.0	2.6632599999999997	2.1189	1.37152	0.35851700000000003	
3	0.204146	0.8101430000000001	-0.549539	0.0	0.40543	0.440986	0.800724	0.0	0.8910399999999999	-0.386264	-0.23843000000000003	0.0	-2.62755	2.12812	1.24935	0.350433	-0.13843699999999998	0.772698	-0.619494	0.0	0.590788	-0.43760200000000005	-0.677845	0.0	-0.7948609999999999	-0.45982799999999996	-0.395921	0.0	2.68379	2.1348	1.30503	0.359315	
3	0.303113	0.715593	-0.629324	0.0	0.515239	0.43247700000000006	0.739927	0.0	0.801655	-0.548534	-0.237612	0.0	-2.66613	1.76499	1.11015	0.350662	-0.10266800000000001	0.656701	-0.7471300000000001	0.0	0.65025	-0.5240859999999999	-0.5500079999999999	0.0	-0.7527510000000001	-0.5422899999999999	-0.373213	0.0	2.61936	1.93028	1.13183	0.358869	
3	0.357669	0.626762	-0.692274	0.0	0.588842	0.424	0.688106	0.0	0.7248020000000001	-0.653754	-0.217412	0.0	-2.67915	1.27011	0.8407100000000001	0.351454	-0.0980754	0.5674020000000001	-0.81758	0.0	0.702094	-0.542788	-0.46091800000000005	0.0	-0.705298	-0.619223	-0.34513499999999997	0.0	2.46727	1.54244	0.8215309999999999	0.358824	
3	0.372756	0.5499689999999999	-0.747387	0.0	0.637297	0.433701	0.63699	0.0	0.674467	-0.713749	-0.188829	0.0	-2.70643	0.7748079999999999	0.562276	0.352148	-0.0968658	0.505108	-0.8576030000000001	0.0	0.739633	-0.540045	-0.401615	0.0	-0.666003	-0.673214	-0.321283	0.0	2.34575	1.09919	0.48510600000000004	0.35922	
3	0.342423	0.493867	-0.799276	0.0	0.693369	0.44123999999999997	0.5696899999999999	0.0	0.634023	-0.749268	-0.191341	0.0	-2.7663599999999997	0.368398	0.238496	0.353596	-0.058285699999999996	0.44797600000000004	-0.892144	0.0	0.771502	-0.546933	-0.325038	0.0	-0.633552	-0.707236	-0.313737	0.0	2.29548	0.686317	0.133549	0.358661	
3	0.303552	0.437568	-0.846398	0.0	0.73693	0.455275	0.499659	0.0	0.603979	-0.775409	-0.184257	0.0	-2.8039099999999997	0.029308799999999996	-0.046238	0.353385	-0.00814962	0.410886	-0.91165	0.0	0.786646	-0.560211	-0.259522	0.0	-0.617351	-0.7192609999999999	-0.318657	0.0	2.2608900000000003	0.340175	-0.20901199999999998	0.358563	
3	0.23944000000000001	0.390758	-0.888807	0.0	0.7730100000000001	0.477182	0.418034	0.0	0.587472	-0.787151	-0.187804	0.0	-2.85207	-0.258995	-0.34586500000000003	0.353479	0.0163642	0.358155	-0.9335190000000001	0.0	0.8092159999999999	-0.553132	-0.19802999999999998	0.0	-0.587284	-0.7521770000000001	-0.29887600000000003	0.0	2.17499	-0.0317735	-0.501091	0.354996	
3	0.189912	0.373711	-0.9078950000000001	0.0	0.815308	0.455168	0.357903	0.0	0.5469970000000001	-0.808184	-0.21824699999999997	0.0	-2.89215	-0.523392	-0.674071	0.353194	0.026818599999999998	0.332478	-0.94273	0.0	0.829536	-0.533644	-0.164605	0.0	-0.557809	-0.777614	-0.290114	0.0	2.15287	-0.368514	-0.758618	0.353919	
3	0.157157	0.36539699999999997	-0.9174889999999999	0.0	0.8509690000000001	0.421342	0.313565	0.0	0.501152	-0.830034	-0.24472399999999997	0.0	-3.02865	-0.8048810000000001	-1.0356100000000001	0.352665	0.055353099999999995	0.34741700000000003	-0.936076	0.0	0.8494959999999999	-0.5090399999999999	-0.138692	0.0	-0.524684	-0.787515	-0.323306	0.0	2.18812	-0.6541399999999999	-1.0637	0.35380500000000004	
3	0.123404	0.357931	-0.925558	0.0	0.8784549999999999	0.394457	0.26966799999999996	0.0	0.46161499999999994	-0.846339	-0.265748	0.0	-3.19822	-1.04756	-1.35807	0.351929	0.0998672	0.322454	-0.9413020000000001	0.0	0.851716	-0.516786	-0.0866682	0.0	-0.5143979999999999	-0.793067	-0.32624899999999996	0.0	2.2930900000000003	-0.9485979999999999	-1.349	0.353173	
3	0.117004	0.345453	-0.931113	0.0	0.899141	0.361281	0.24702600000000002	0.0	0.421729	-0.8661049999999999	-0.26834	0.0	-3.3693199999999996	-1.30224	-1.5997	0.35131399999999996	0.118817	0.31846599999999997	-0.940459	0.0	0.864467	-0.499121	-0.0598002	0.0	-0.488447	-0.80589	-0.33460700000000004	0.0	2.3857	-1.1931200000000002	-1.53995	0.352177	
3	0.11526900000000001	0.329925	-0.9369430000000001	0.0	0.911423	0.339944	0.23183299999999998	0.0	0.394996	-0.880674	-0.26151599999999997	0.0	-3.5547400000000002	-1.6269999999999998	-1.8162900000000002	0.350202	0.131646	0.318867	-0.9386129999999999	0.0	0.8778739999999999	-0.4773	-0.0390223	0.0	-0.460442	-0.818846	-0.34275900000000004	0.0	2.51379	-1.46017	-1.7741	0.344476	
3	0.11641099999999999	0.23955900000000002	-0.9638770000000001	0.0	0.8829870000000001	0.41936599999999996	0.21086999999999997	0.0	0.454733	-0.875639	-0.162709	0.0	-3.8815800000000005	-2.08081	-1.99603	0.34519099999999997	0.140474	0.320583	-0.936746	0.0	0.8817299999999999	-0.470867	-0.028921299999999997	0.0	-0.450354	-0.821895	-0.348812	0.0	2.71674	-1.75663	-1.9346700000000001	0.345132	
3	0.0632606	0.28486100000000003	-0.9564790000000001	0.0	0.871235	0.451696	0.192148	0.0	0.486774	-0.8454729999999999	-0.219606	0.0	-3.8469800000000003	-2.1439	-2.05631	0.337494	0.144254	0.32098000000000004	-0.9360360000000001	0.0	0.873949	-0.48498800000000003	-0.0316238	0.0	-0.464117	-0.8134859999999999	-0.350482	0.0	2.90282	-1.9743099999999998	-1.9962099999999998	0.34972	
3	0.07440269999999999	0.284427	-0.9558059999999999	0.0	0.868447	0.452633	0.202296	0.0	0.49016800000000005	-0.845118	-0.213333	0.0	-3.8158800000000004	-2.1752599999999997	-2.06727	0.339586	0.183701	0.267323	-0.9459350000000001	0.0	0.815444	-0.578813	-0.00521347	0.0	-0.548913	-0.770399	-0.324315	0.0	3.0154099999999997	-2.0808400000000002	-2.01157	0.36141999999999996	
3	0.0801039	0.293206	-0.9526879999999999	0.0	0.8644440000000001	0.45544399999999996	0.21285500000000002	0.0	0.496306	-0.8405959999999999	-0.21697800000000003	0.0	-3.7794	-2.19144	-2.06312	0.339206	0.182607	0.265469	-0.9466680000000001	0.0	0.81428	-0.580444	-0.00570109	0.0	-0.5510010000000001	-0.7698119999999999	-0.32216	0.0	2.98678	-2.10134	-2.0125599999999997	0.360929	
3	0.0847864	0.30506500000000003	-0.94855	0.0	0.8609559999999999	0.456772	0.22386	0.0	0.501563	-0.8356399999999999	-0.223919	0.0	-3.7713400000000004	-2.1905099999999997	-2.06961	0.338652	0.181841	0.260698	-0.94814	0.0	0.8097489999999999	-0.586745	-0.00603056	0.0	-0.5578890000000001	-0.766659	-0.317795	0.0	2.9624099999999998	-2.11089	-2.016	0.360914	
3	0.0892213	0.31976	-0.9432889999999999	0.0	0.856441	0.458859	0.236553	0.0	0.5084770000000001	-0.8289770000000001	-0.232915	0.0	-3.77808	-2.1828	-2.08137	0.338339	0.178776	0.25864699999999996	-0.949285	0.0	0.805664	-0.592295	-0.00965077	0.0	-0.564752	-0.763079	-0.314271	0.0	2.94027	-2.1249	-1.99289	0.361295	
3	0.0955099	0.341055	-0.9351790000000001	0.0	0.8440280000000001	0.470314	0.257722	0.0	0.527725	-0.813933	-0.24294000000000002	0.0	-3.7916300000000005	-2.17124	-2.10988	0.336239	0.176812	0.257432	-0.949982	0.0	0.80187	-0.5973649999999999	-0.012632299999999999	0.0	-0.570738	-0.759529	-0.31204899999999997	0.0	2.91969	-2.14392	-1.9505	0.360956	
3	0.0961235	0.34378000000000003	-0.934117	0.0	0.8427790000000001	0.47121999999999997	0.260146	0.0	0.529608	-0.812261	-0.24443499999999999	0.0	-3.79713	-2.1692	-2.1113299999999997	0.33632	0.17544200000000001	0.258562	-0.9499299999999999	0.0	0.800642	-0.598952	-0.0151589	0.0	-0.5728810000000001	-0.757894	-0.31209699999999996	0.0	2.91613	-2.14545	-1.94845	0.36090700000000003	
3	0.096113	0.343752	-0.9341290000000001	0.0	0.842793	0.471211	0.26011799999999996	0.0	0.5295880000000001	-0.812277	-0.24442199999999997	0.0	-3.7969999999999997	-2.16925	-2.1113299999999997	0.33632	0.175439	0.25855300000000003	-0.949932	0.0	0.800655	-0.598934	-0.015148400000000001	0.0	-0.572863	-0.757911	-0.312089	0.0	2.91624	-2.1454	-1.94855	0.36090700000000003	
3	0.096113	0.34375300000000003	-0.9341290000000001	0.0	0.842793	0.471211	0.260117	0.0	0.5295880000000001	-0.812278	-0.244423	0.0	-3.7969999999999997	-2.16925	-2.1113299999999997	0.336319	0.175439	0.25855300000000003	-0.949932	0.0	0.800655	-0.598934	-0.015148400000000001	0.0	-0.572863	-0.757911	-0.31208800000000003	0.0	2.91624	-2.1454	-1.94855	0.36090700000000003	
3	0.096113	0.34375300000000003	-0.9341290000000001	0.0	0.842793	0.471211	0.26011799999999996	0.0	0.5295880000000001	-0.812278	-0.244423	0.0	-3.7969999999999997	-2.16925	-2.1113299999999997	0.33632	0.175439	0.25855300000000003	-0.949932	0.0	0.800655	-0.598934	-0.0151483	0.0	-0.572863	-0.757911	-0.312089	0.0	2.91624	-2.1454	-1.94855	0.36090700000000003	
3	0.096113	0.34375300000000003	-0.9341290000000001	0.0	0.842793	0.471211	0.260117	0.0	0.5295880000000001	-0.812277	-0.244423	0.0	-3.7969999999999997	-2.16925	-2.1113299999999997	0.336319	0.175439	0.25855300000000003	-0.949932	0.0	0.800655	-0.598934	-0.0151483	0.0	-0.572863	-0.757911	-0.312089	0.0	2.91624	-2.1454	-1.94855	0.36090700000000003	
3	0.096113	0.34375300000000003	-0.9341290000000001	0.0	0.842793	0.471211	0.260117	0.0	0.5295880000000001	-0.812278	-0.244423	0.0	-3.7969999999999997	-2.16925	-2.1113299999999997	0.33632	0.175439	0.25855300000000003	-0.949932	0.0	0.800656	-0.598934	-0.0151483	0.0	-0.572863	-0.757911	-0.312089	0.0	2.91624	-2.1454	-1.94855	0.36090700000000003	
3	0.096113	0.34375300000000003	-0.9341290000000001	0.0	0.842793	0.471211	0.260117	0.0	0.5295880000000001	-0.812278	-0.244423	0.0	-3.7969999999999997	-2.16925	-2.1113299999999997	0.33632	0.175439	0.25855300000000003	-0.949932	0.0	0.800655	-0.598934	-0.015148400000000001	0.0	-0.572863	-0.757911	-0.312089	0.0	2.91624	-2.1454	-1.94855	0.36090700000000003	
3	0.096113	0.34375300000000003	-0.9341290000000001	0.0	0.842793	0.471211	0.260117	0.0	0.5295880000000001	-0.812277	-0.244423	0.0	-3.7969999999999997	-2.16925	-2.1113299999999997	0.33632	0.175439	0.25855300000000003	-0.949932	0.0	0.800655	-0.598934	-0.0151483	0.0	-0.572863	-0.757911	-0.312089	0.0	2.91624	-2.1454	-1.94855	0.36090700000000003	
3	0.096113	0.343752	-0.9341290000000001	0.0	0.842793	0.471211	0.26011799999999996	0.0	0.5295880000000001	-0.812277	-0.24442199999999997	0.0	-3.7969999999999997	-2.16925	-2.1113299999999997	0.33632	0.175439	0.25855300000000003	-0.949932	0.0	0.800655	-0.598934	-0.0151483	0.0	-0.572863	-0.757911	-0.31208800000000003	0.0	2.91624	-2.1454	-1.94855	0.36090700000000003	
3	0.096113	0.34375300000000003	-0.9341290000000001	0.0	0.842793	0.471211	0.26011799999999996	0.0	0.5295880000000001	-0.812277	-0.24442199999999997	0.0	-3.7969999999999997	-2.16925	-2.1113299999999997	0.33632	0.175439	0.25855300000000003	-0.949932	0.0	0.800655	-0.598934	-0.0151483	0.0	-0.572863	-0.757911	-0.31208800000000003	0.0	2.91624	-2.1454	-1.94855	0.36090700000000003	
3	0.096113	0.343752	-0.9341290000000001	0.0	0.842793	0.471211	0.26011799999999996	0.0	0.5295880000000001	-0.812278	-0.244423	0.0	-3.7969999999999997	-2.16925	-2.1113299999999997	0.33632	0.175439	0.25855300000000003	-0.949932	0.0	0.800655	-0.598934	-0.015148400000000001	0.0	-0.572863	-0.757911	-0.312089	0.0	2.91624	-2.1454	-1.94855	0.36090700000000003	
3	0.096113	0.34375300000000003	-0.9341290000000001	0.0	0.842793	0.471211	0.26011799999999996	0.0	0.5295880000000001	-0.812277	-0.244423	0.0	-3.7969999999999997	-2.16925	-2.1113299999999997	0.33632	0.175439	0.25855300000000003	-0.949932	0.0	0.800656	-0.598934	-0.0151483	0.0	-0.572863	-0.757911	-0.312089	0.0	2.91624	-2.1454	-1.94855	0.36090700000000003	
3	0.096113	0.34375300000000003	-0.9341290000000001	0.0	0.842793	0.471211	0.26011799999999996	0.0	0.5295880000000001	-0.812277	-0.24442199999999997	0.0	-3.7969999999999997	-2.16925	-2.1113299999999997	0.33632	0.175439	0.25855300000000003	-0.949932	0.0	0.800655	-0.598934	-0.015148400000000001	0.0	-0.572863	-0.757911	-0.31208800000000003	0.0	2.91624	-2.1454	-1.94855	0.36090700000000003	
3	-0.021230000000000002	0.5112949999999999	-0.859143	0.0	0.725617	0.59904	0.338572	0.0	0.687771	-0.616221	-0.383722	0.0	-3.78215	-2.27697	-2.16499	0.357252	0.0700472	0.43766099999999997	-0.896407	0.0	0.70962	-0.6534270000000001	-0.263577	0.0	-0.701094	-0.617646	-0.356344	0.0	2.84024	-2.16085	-2.00142	0.3391	
3	0.021115000000000002	0.490019	-0.8714559999999999	0.0	0.747897	0.570709	0.33903099999999997	0.0	0.663479	-0.658918	-0.354433	0.0	-3.78117	-2.41391	-2.2162599999999997	0.35814	0.0638853	0.43470299999999995	-0.8983049999999999	0.0	0.708646	-0.6535569999999999	-0.265868	0.0	-0.702667	-0.619595	-0.34980300000000003	0.0	2.80952	-2.20402	-2.06047	0.33955100000000005	
3	0.0726596	0.43626000000000004	-0.896882	0.0	0.782371	0.532788	0.32254099999999997	0.0	0.61856	-0.72513	-0.302605	0.0	-3.76789	-2.70532	-2.3256900000000003	0.358902	0.0539129	0.430307	-0.901071	0.0	0.7088369999999999	-0.652071	-0.268986	0.0	-0.703309	-0.624211	-0.340173	0.0	2.74749	-2.27747	-2.17371	0.340068	
3	0.11838599999999999	0.381695	-0.916675	0.0	0.822623	0.479332	0.305829	0.0	0.556126	-0.790284	-0.257245	0.0	-3.78975	-3.04861	-2.4776	0.35952	0.034779500000000005	0.417034	-0.908225	0.0	0.709751	-0.6501020000000001	-0.271331	0.0	-0.703593	-0.635177	-0.318601	0.0	2.6827099999999997	-2.38909	-2.31007	0.340447	
3	0.14637999999999998	0.33321	-0.9314209999999999	0.0	0.835501	0.46246899999999996	0.29675100000000004	0.0	0.529634	-0.821641	-0.21070100000000003	0.0	-3.8504199999999997	-3.3334699999999997	-2.64264	0.35930700000000004	0.0230337	0.41763900000000004	-0.9083209999999999	0.0	0.710549	-0.6459729999999999	-0.278995	0.0	-0.70327	-0.63898	-0.311633	0.0	2.63984	-2.4626099999999997	-2.42884	0.34046	
3	0.170906	0.28034000000000003	-0.944564	0.0	0.8443639999999999	0.45238900000000004	0.287043	0.0	0.50778	-0.846613	-0.159393	0.0	-3.86164	-3.5736199999999996	-2.75878	0.35943400000000003	0.016064600000000002	0.413839	-0.910208	0.0	0.712356	-0.643536	-0.28002	0.0	-0.701635	-0.643894	-0.305139	0.0	2.6107400000000003	-2.5469	-2.5874	0.340624	
3	0.252643	0.218263	-0.9426200000000001	0.0	0.8452440000000001	0.424343	0.324801	0.0	0.47088599999999997	-0.8788030000000001	-0.077278	0.0	-3.82729	-3.58715	-2.8117799999999997	0.35841300000000004	0.00728476	0.414184	-0.910164	0.0	0.723716	-0.630285	-0.281028	0.0	-0.69006	-0.6566529999999999	-0.304343	0.0	2.56546	-2.65159	-2.7755	0.340944	
3	0.309992	0.18724000000000002	-0.932119	0.0	0.843267	0.39865300000000004	0.36052199999999995	0.0	0.439096	-0.897785	-0.0343147	0.0	-3.80061	-3.5849300000000004	-2.8324700000000003	0.35676399999999997	0.000272214	0.413233	-0.910625	0.0	0.7270989999999999	-0.625256	-0.283518	0.0	-0.686533	-0.662037	-0.300632	0.0	2.55503	-2.71375	-2.87878	0.341211	
3	0.36916	0.159122	-0.915642	0.0	0.8400190000000001	0.364375	0.401993	0.0	0.39760300000000004	-0.917557	0.00084731	0.0	-3.76756	-3.58503	-2.8456099999999998	0.354964	-0.00158399	0.406599	-0.9136049999999999	0.0	0.722342	-0.631326	-0.282223	0.0	-0.691535	-0.660382	-0.292704	0.0	2.52917	-2.7633	-2.95439	0.34152	
3	0.41058	0.123649	-0.903402	0.0	0.832219	0.35404800000000003	0.426687	0.0	0.372608	-0.927017	0.04246180000000001	0.0	-3.7432300000000005	-3.585	-2.86682	0.358145	-0.00162381	0.401402	-0.9159010000000001	0.0	0.719576	-0.635545	-0.27980900000000003	0.0	-0.694412	-0.659515	-0.287808	0.0	2.4914099999999997	-2.78907	-2.98065	0.341467	
3	0.44355500000000003	0.0941932	-0.891284	0.0	0.827483	0.338971	0.44762700000000005	0.0	0.344283	-0.9360700000000001	0.072409	0.0	-3.7208699999999997	-3.5862	-2.88368	0.356325	-0.00199836	0.39824299999999996	-0.917278	0.0	0.718481	-0.637437	-0.278314	0.0	-0.695543	-0.6596029999999999	-0.284857	0.0	2.4550400000000003	-2.812	-2.9744200000000003	0.34142100000000003	
3	0.495516	0.048163300000000006	-0.8672620000000001	0.0	0.8088489999999999	0.338333	0.48093100000000005	0.0	0.316587	-0.939793	0.128693	0.0	-3.6985900000000003	-3.58745	-2.91555	0.357514	-0.00287527	0.395333	-0.918533	0.0	0.717503	-0.638994	-0.277266	0.0	-0.696549	-0.659848	-0.281816	0.0	2.4340599999999997	-2.83127	-2.9628200000000002	0.341494	
3	0.525084	0.0207669	-0.8507969999999999	0.0	0.7921239999999999	0.353596	0.497504	0.0	0.31117	-0.935168	0.169218	0.0	-3.6921800000000005	-3.5883599999999998	-2.93968	0.360757	-0.00671971	0.40031100000000003	-0.9163549999999999	0.0	0.7181890000000001	-0.6357109999999999	-0.282978	0.0	-0.695816	-0.660017	-0.283227	0.0	2.42715	-2.85981	-2.96041	0.341524	
3	0.5710569999999999	-0.004224	-0.8208989999999999	0.0	0.761596	0.375934	0.5278689999999999	0.0	0.306374	-0.926637	0.21789699999999998	0.0	-3.6856	-3.5885800000000003	-2.96064	0.367773	-0.00856459	0.401487	-0.915825	0.0	0.7180770000000001	-0.6349100000000001	-0.285053	0.0	-0.695911	-0.6600739999999999	-0.28286100000000003	0.0	2.4306799999999997	-2.88352	-2.968	0.34158099999999997	
3	0.6116010000000001	-0.00830355	-0.7911229999999999	0.0	0.735168	0.37546999999999997	0.564403	0.0	0.292356	-0.926798	0.235742	0.0	-3.6777699999999998	-3.58871	-2.95834	0.37099	-0.00948107	0.401525	-0.915799	0.0	0.715758	-0.6368199999999999	-0.286619	0.0	-0.698284	-0.658208	-0.281357	0.0	2.42195	-2.89774	-2.97127	0.341478	
3	0.634494	-0.0236428	-0.772566	0.0	0.721221	0.377552	0.580771	0.0	0.277953	-0.925686	0.256606	0.0	-3.6652699999999996	-3.5880699999999996	-2.9648	0.375301	-0.011679799999999999	0.404932	-0.914272	0.0	0.715047	-0.6357619999999999	-0.290715	0.0	-0.698979	-0.657143	-0.28212	0.0	2.40544	-2.9155599999999997	-2.98422	0.341571	
3	0.6523760000000001	-0.0385912	-0.7569130000000001	0.0	0.706021	0.394075	0.588421	0.0	0.275573	-0.9182680000000001	0.284331	0.0	-3.6677699999999995	-3.5861099999999997	-2.9819299999999997	0.37824800000000003	-0.0125896	0.405125	-0.914175	0.0	0.715224	-0.635262	-0.29137199999999996	0.0	-0.698782	-0.657508	-0.28175700000000004	0.0	2.40023	-2.9232	-2.98508	0.341455	
3	0.686238	-0.0469969	-0.725857	0.0	0.665415	0.443592	0.600374	0.0	0.293769	-0.8949959999999999	0.33568200000000004	0.0	-3.6903300000000003	-3.5834099999999998	-3.00828	0.387914	-0.017150400000000003	0.409804	-0.912013	0.0	0.7176140000000001	-0.630113	-0.296629	0.0	-0.69623	-0.65956	-0.28327399999999997	0.0	2.39226	-2.9321	-2.97617	0.341475	
3	0.696983	-0.037385	-0.716112	0.0	0.647651	0.46151800000000004	0.606258	0.0	0.307834	-0.886343	0.345883	0.0	-3.7021599999999997	-3.58348	-3.00738	0.393673	-0.0201643	0.415216	-0.9095	0.0	0.719004	-0.626077	-0.301765	0.0	-0.694714	-0.660018	-0.285918	0.0	2.39982	-2.9382599999999996	-2.969	0.341479	
3	0.708573	-0.0420593	-0.704383	0.0	0.6383840000000001	0.46352200000000005	0.614503	0.0	0.300651	-0.8850870000000001	0.35528899999999997	0.0	-3.69726	-3.5833800000000005	-3.00768	0.39726300000000003	-0.0215103	0.41691999999999996	-0.908689	0.0	0.719827	-0.6243	-0.303477	0.0	-0.69382	-0.6606270000000001	-0.286681	0.0	2.41598	-2.96125	-2.95938	0.34142	
3	0.712974	-0.046988300000000004	-0.6996140000000001	0.0	0.624466	0.496354	0.603055	0.0	0.31892	-0.866848	0.38323	0.0	-3.70991	-3.5817099999999997	-3.02636	0.40207800000000005	-0.0238466	0.421212	-0.9066489999999999	0.0	0.720421	-0.6215390000000001	-0.307704	0.0	-0.693126	-0.660507	-0.28862899999999997	0.0	2.44219	-3.00265	-2.98415	0.341569	
3	0.714442	-0.0467716	-0.698129	0.0	0.622259	0.498716	0.603387	0.0	0.319947	-0.865503	0.385408	0.0	-3.71127	-3.58169	-3.0274	0.402443	-0.024056	0.42161000000000004	-0.906458	0.0	0.7206520000000001	-0.621117	-0.30801799999999996	0.0	-0.69288	-0.66065	-0.288893	0.0	2.44391	-3.00457	-2.98565	0.341519	
3	0.726485	-0.0294954	-0.686549	0.0	0.5947680000000001	0.527406	0.606708	0.0	0.344195	-0.849101	0.400696	0.0	-3.66069	-3.5834	-2.9712	0.40944899999999995	-0.0254307	0.42123	-0.906597	0.0	0.720723	-0.620732	-0.308626	0.0	-0.692757	-0.661254	-0.28780500000000003	0.0	2.45657	-3.02738	-2.99438	0.341515	
3	0.7262810000000001	-0.0414018	-0.68615	0.0	0.595166	0.537315	0.597553	0.0	0.343939	-0.8423649999999999	0.414882	0.0	-3.6554	-3.5828800000000003	-2.98156	0.41203199999999995	-0.026188799999999998	0.424187	-0.9051959999999999	0.0	0.72037	-0.619809	-0.311293	0.0	-0.693095	-0.6602279999999999	-0.28934	0.0	2.45833	-3.0326299999999997	-2.99642	0.341447	
3	0.717621	-0.053961	-0.69434	0.0	0.593082	0.569971	0.5686720000000001	0.0	0.365068	-0.819891	0.44102600000000003	0.0	-3.50728	-3.5839199999999996	-2.7715400000000003	0.392175	-0.0275062	0.423444	-0.9055049999999999	0.0	0.7200449999999999	-0.619943	-0.311779	0.0	-0.6933819999999999	-0.6605800000000001	-0.28784699999999996	0.0	2.45673	-3.03612	-3.00094	0.34149	
3	0.7146779999999999	-0.040267000000000004	-0.698294	0.0	0.589726	0.5715180000000001	0.570605	0.0	0.37611100000000003	-0.819601	0.43219799999999997	0.0	-3.47706	-3.58445	-2.69933	0.385153	-0.0301222	0.425879	-0.904279	0.0	0.722109	-0.616264	-0.314289	0.0	-0.6911229999999999	-0.662455	-0.288968	0.0	2.4576	-3.04047	-2.99842	0.34171799999999997	
3	0.704276	-0.05055	-0.708124	0.0	0.6003930000000001	0.574697	0.5561050000000001	0.0	0.378846	-0.816804	0.435095	0.0	-3.4771300000000003	-3.58583	-2.68661	0.370949	-0.0323668	0.427932	-0.9032309999999999	0.0	0.723695	-0.61327	-0.316488	0.0	-0.6893600000000001	-0.6639079999999999	-0.28984299999999996	0.0	2.46294	-3.04209	-2.98001	0.341528	
3	0.697497	-0.062020500000000006	-0.713899	0.0	0.620046	0.55165	0.557875	0.0	0.359223	-0.831766	0.42323	0.0	-3.35981	-3.58253	-2.5604400000000003	0.377379	-0.0331213	0.42796899999999993	-0.903186	0.0	0.723154	-0.6135229999999999	-0.317233	0.0	-0.6898920000000001	-0.66365	-0.289167	0.0	2.46488	-3.0551	-2.95493	0.34136	
3	0.706015	-0.0765435	-0.704048	0.0	0.618654	0.55052	0.560531	0.0	0.344688	-0.831305	0.43603000000000003	0.0	-3.34645	-3.5817699999999997	-2.56625	0.379182	-0.036317800000000004	0.43071899999999996	-0.901755	0.0	0.7226020000000001	-0.611993	-0.321419	0.0	-0.6903090000000001	-0.663283	-0.289013	0.0	2.46314	-3.0739900000000002	-2.9377299999999997	0.34143	
3	0.706413	-0.0675428	-0.70457	0.0	0.648885	0.459408	0.606542	0.0	0.282717	-0.885654	0.368359	0.0	-3.3017800000000004	-3.58155	-2.50867	0.364419	-0.038749900000000004	0.428713	-0.90261	0.0	0.722286	-0.612179	-0.321775	0.0	-0.690508	-0.664411	-0.285931	0.0	2.44347	-3.0914099999999998	-2.93223	0.34126999999999996	
3	0.7133079999999999	-0.0720219	-0.69714	0.0	0.668341	0.369343	0.645684	0.0	0.21098000000000003	-0.9264979999999999	0.31159000000000003	0.0	-3.29775	-3.5810699999999995	-2.51044	0.29175	-0.03925580000000001	0.42441599999999996	-0.904616	0.0	0.7215050000000001	-0.614283	-0.319511	0.0	-0.691296	-0.6652279999999999	-0.282104	0.0	2.43186	-3.10683	-2.92306	0.34122199999999997	
3	0.722616	-0.114254	-0.681742	0.0	0.676381	0.320324	0.66325	0.0	0.1426	-0.940393	0.30875	0.0	-3.26191	-3.50302	-2.55103	0.08718560000000002	-0.038621300000000004	0.42449499999999996	-0.9046059999999999	0.0	0.721805	-0.6141810000000001	-0.319027	0.0	-0.691018	-0.6652710000000001	-0.282682	0.0	2.4249	-3.10583	-2.9164	0.340977	
3	0.731274	-0.125722	-0.670397	0.0	0.667666	0.332952	0.665856	0.0	0.139497	-0.934525	0.327419	0.0	-3.24397	-3.4877199999999995	-2.56777	0.07996110000000001	-0.038552800000000005	0.42325799999999997	-0.9051889999999999	0.0	0.721572	-0.614866	-0.318238	0.0	-0.6912659999999999	-0.665427	-0.281706	0.0	2.42187	-3.10487	-2.91718	0.340883	
3	0.729729	-0.12312100000000001	-0.67256	0.0	0.669565	0.327914	0.66645	0.0	0.138488	-0.93665	0.321726	0.0	-3.24499	-3.48898	-2.5648	0.0823395	-0.038287800000000004	0.42420399999999997	-0.9047569999999999	0.0	0.722414	-0.6138100000000001	-0.318362	0.0	-0.6904	-0.665799	-0.28295	0.0	2.4230099999999997	-3.10833	-2.9178	0.340935	
3	0.719813	-0.11005899999999999	-0.685388	0.0	0.6778069999999999	0.32453899999999997	0.659737	0.0	0.149825	-0.9394469999999999	0.308206	0.0	-3.24915	-3.49071	-2.5556799999999997	0.08472710000000001	-0.0376006	0.42542299999999994	-0.9042129999999999	0.0	0.7209720000000001	-0.615001	-0.319332	0.0	-0.691944	-0.6639189999999999	-0.283594	0.0	2.42631	-3.11504	-2.9180900000000003	0.34094800000000003	
3	0.712094	-0.103575	-0.6944020000000001	0.0	0.68417	0.324371	0.653219	0.0	0.15758699999999998	-0.940242	0.301845	0.0	-3.25027	-3.49075	-2.55462	0.08596310000000001	-0.0367881	0.42317299999999997	-0.905302	0.0	0.718129	-0.618786	-0.31842600000000004	0.0	-0.694937	-0.661838	-0.281129	0.0	2.41871	-3.11633	-2.9186900000000002	0.341034	
3	0.707144	-0.08711419999999999	-0.7016819999999999	0.0	0.685262	0.32899999999999996	0.649751	0.0	0.174251	-0.9403030000000001	0.292346	0.0	-3.22492	-3.4811	-2.56655	0.08522769999999999	-0.0368928	0.42150699999999997	-0.9060739999999999	0.0	0.7158439999999999	-0.621506	-0.31827300000000003	0.0	-0.697285	-0.66035	-0.278805	0.0	2.40504	-3.11461	-2.9152299999999998	0.340942	
3	0.690803	-0.047045800000000006	-0.721511	0.0	0.687355	0.35236100000000004	0.635126	0.0	0.22435300000000002	-0.934681	0.27575	0.0	-3.25515	-3.47893	-2.56776	0.07899969999999999	-0.0383835	0.421149	-0.9061790000000001	0.0	0.713893	-0.62298	-0.31977	0.0	-0.699202	-0.659189	-0.27674299999999996	0.0	2.3907	-3.11635	-2.91693	0.341021	
3	0.680181	-0.0235832	-0.732665	0.0	0.685246	0.375459	0.624074	0.0	0.260368	-0.9265389999999999	0.271541	0.0	-3.28484	-3.47928	-2.56858	0.07184249999999999	-0.0379371	0.42161400000000004	-0.905982	0.0	0.711905	-0.624833	-0.320587	0.0	-0.7012510000000001	-0.657135	-0.276445	0.0	2.37603	-3.11789	-2.92437	0.340954	
3	0.6514909999999999	0.034687	-0.7578630000000001	0.0	0.686329	0.398733	0.608247	0.0	0.323284	-0.9164110000000001	0.235965	0.0	-3.2907800000000003	-3.4670300000000003	-2.6381099999999997	0.000597954	-0.0406384	0.42618500000000004	-0.9037229999999999	0.0	0.70678	-0.627062	-0.327498	0.0	-0.7062649999999999	-0.652042	-0.27573600000000004	0.0	2.3599099999999997	-3.12387	-2.95054	0.341631	
3	0.637128	0.0572178	-0.7686310000000001	0.0	0.681403	0.424252	0.596406	0.0	0.360218	-0.9037350000000001	0.23131500000000002	0.0	-3.3205699999999996	-3.48202	-2.64932	0.00114512	-0.039487699999999994	0.429878	-0.9020229999999999	0.0	0.704309	-0.628373	-0.330297	0.0	-0.7087939999999999	-0.648346	-0.277954	0.0	2.34944	-3.13056	-2.96725	0.34160799999999997	
3	0.625213	0.060612099999999995	-0.778097	0.0	0.692742	0.41609700000000005	0.589043	0.0	0.359467	-0.9072979999999999	0.21816100000000002	0.0	-3.3373699999999995	-3.4766199999999996	-2.6132400000000002	0.0	-0.036979000000000005	0.431515	-0.9013479999999999	0.0	0.701862	-0.630839	-0.330805	0.0	-0.711353	-0.644854	-0.279536	0.0	2.33577	-3.13578	-2.9833	0.34214	
3	0.613958	0.07323539999999999	-0.785934	0.0	0.692891	0.426936	0.5810569999999999	0.0	0.378098	-0.9013110000000001	0.211377	0.0	-3.37395	-3.48541	-2.58114	0.0	-0.0314959	0.43226400000000004	-0.9011969999999999	0.0	0.701019	-0.633139	-0.32818800000000004	0.0	-0.712447	-0.642093	-0.283084	0.0	2.33065	-3.1293	-3.00552	0.342385	
3	0.590842	0.108702	-0.799431	0.0	0.7021350000000001	0.41877600000000004	0.575876	0.0	0.397382	-0.90156	0.17110699999999998	0.0	-3.47042	-3.37995	-2.5067	0.0	-0.027351	0.43144899999999997	-0.9017229999999999	0.0	0.7000069999999999	-0.635695	-0.325395	0.0	-0.713612	-0.640113	-0.28463099999999997	0.0	2.3372	-3.12652	-3.05262	0.342323	
3	0.58103	0.126529	-0.803987	0.0	0.70207	0.421785	0.573755	0.0	0.411707	-0.897824	0.15623800000000002	0.0	-3.5747800000000005	-3.17687	-2.52272	0.0	-0.0281844	0.43232600000000004	-0.901277	0.0	0.698635	-0.636336	-0.327086	0.0	-0.714923	-0.638883	-0.284103	0.0	2.3318	-3.1278900000000003	-3.06964	0.342314	
0	0.579883	0.12478199999999999	-0.805087	0.0	0.7011609999999999	0.426771	0.571174	0.0	0.41486000000000006	-0.89571	0.159985	0.0	-3.6450099999999996	-3.07406	-2.51021	0.0	-0.0295632	0.433359	-0.9007360000000001	0.0	0.697047	-0.636929	-0.329315	0.0	-0.7164159999999999	-0.637591	-0.283242	0.0	2.30883	-3.13144	-3.03708	0.34261199999999997	
0	0.558736	0.14165899999999998	-0.8171579999999999	0.0	0.708448	0.430737	0.559076	0.0	0.431179	-0.8912899999999999	0.14031	0.0	-3.6774699999999996	-2.95864	-2.47919	0.0	-0.0194789	0.44021000000000005	-0.897684	0.0	0.702334	-0.632992	-0.32564899999999997	0.0	-0.711581	-0.636817	-0.29684499999999997	0.0	2.3193200000000003	-3.12377	-3.06704	0.34182199999999996	
0	0.550982	0.174594	-0.816049	0.0	0.7017329999999999	0.432304	0.56629	0.0	0.45165200000000005	-0.8846639999999999	0.115673	0.0	-3.74376	-2.7559099999999996	-2.45769	0.0	-0.0170035	0.44465699999999997	-0.895539	0.0	0.7019489999999999	-0.632521	-0.32739	0.0	-0.712024	-0.6341899999999999	-0.301372	0.0	2.34617	-3.11614	-3.08393	0.34186	
0	0.539564	0.196553	-0.81868	0.0	0.691283	0.45165299999999997	0.564037	0.0	0.48062299999999997	-0.870274	0.107822	0.0	-3.7975199999999996	-2.56747	-2.4526	0.0	-0.0141826	0.444007	-0.895911	0.0	0.6979380000000001	-0.6372220000000001	-0.326851	0.0	-0.716018	-0.629926	-0.300852	0.0	2.34134	-3.11777	-3.0838099999999997	0.34214	
0	0.545251	0.203074	-0.813304	0.0	0.669723	0.47797799999999996	0.568339	0.0	0.504156	-0.854575	0.12461400000000002	0.0	-3.78845	-2.5405	-2.44657	0.0	-0.010705899999999999	0.43907799999999997	-0.898385	0.0	0.688348	-0.648439	-0.32512199999999997	0.0	-0.725302	-0.6218819999999999	-0.295297	0.0	2.28939	-3.1297599999999997	-3.04639	0.34306	
0	0.5148729999999999	0.172806	-0.839669	0.0	0.703847	0.473943	0.5291279999999999	0.0	0.489392	-0.863433	0.122392	0.0	-3.6383300000000003	-2.7158	-2.4422200000000003	0.0	-0.010051899999999999	0.43437700000000007	-0.900675	0.0	0.680405	-0.657081	-0.32449	0.0	-0.7327670000000001	-0.616086	-0.288948	0.0	2.2368099999999997	-3.14491	-3.0204400000000002	0.34426	
0	0.517595	0.047970099999999995	-0.8542799999999999	0.0	0.747151	0.461217	0.47858599999999996	0.0	0.416966	-0.8859899999999999	0.20288299999999998	0.0	-3.5039800000000003	-3.0794200000000003	-2.2662	0.141483	-0.011673000000000001	0.4368	-0.899483	0.0	0.6799390000000001	-0.6561020000000001	-0.327435	0.0	-0.733176	-0.6154149999999999	-0.289338	0.0	2.21466	-3.15662	-3.0162	0.344204	
0	0.45051899999999995	-0.00713032	-0.8927379999999999	0.0	0.791984	0.464732	0.395962	0.0	0.41206099999999996	-0.885423	0.215018	0.0	-3.28021	-3.3948099999999997	-2.0842400000000003	0.292178	-0.0136011	0.440754	-0.897525	0.0	0.680532	-0.653561	-0.331261	0.0	-0.732592	-0.6153	-0.291058	0.0	2.20345	-3.17392	-3.01658	0.344301	
0	0.38423	-0.0687129	-0.9206770000000001	0.0	0.8461489999999999	0.42513	0.321399	0.0	0.369323	-0.9025209999999999	0.221489	0.0	-3.3011699999999995	-3.5543699999999996	-1.9727700000000001	0.347117	-0.0157713	0.443467	-0.8961520000000001	0.0	0.680922	-0.6515489999999999	-0.334408	0.0	-0.732186	-0.615484	-0.291691	0.0	2.20323	-3.18703	-3.0228200000000003	0.344375	
0	0.37294099999999997	-0.120081	-0.9200520000000001	0.0	0.8621540000000001	0.411341	0.295786	0.0	0.342937	-0.903537	0.256934	0.0	-3.31572	-3.5811800000000003	-1.96963	0.341988	-0.0167442	0.44318	-0.8962760000000001	0.0	0.679792	-0.652301	-0.335242	0.0	-0.733214	-0.614895	-0.290348	0.0	2.1983	-3.1989799999999997	-3.02774	0.344319	
0	0.333444	-0.134329	-0.9331510000000001	0.0	0.8861399999999999	0.38253400000000004	0.261579	0.0	0.321825	-0.9141239999999999	0.246588	0.0	-3.30294	-3.58269	-1.9597	0.336904	-0.0182492	0.444529	-0.8955780000000001	0.0	0.679875	-0.651251	-0.337109	0.0	-0.733101	-0.6150329999999999	-0.290339	0.0	2.19645	-3.2241299999999997	-3.04346	0.344464	
0	0.275229	-0.15898199999999998	-0.948142	0.0	0.911502	0.35669	0.204784	0.0	0.305636	-0.9205959999999999	0.24308400000000002	0.0	-3.28884	-3.58435	-1.95576	0.334169	-0.021872799999999998	0.44920200000000005	-0.8931620000000001	0.0	0.6825479999999999	-0.64607	-0.341646	0.0	-0.730514	-0.617099	-0.292471	0.0	2.2166200000000003	-3.28208	-3.0628900000000003	0.344321	
0	0.23206500000000002	-0.208468	-0.950098	0.0	0.933796	0.321227	0.157601	0.0	0.27234200000000003	-0.9237719999999999	0.269212	0.0	-3.25658	-3.5904599999999998	-2.0045599999999997	0.33850399999999997	-0.022055	0.448729	-0.893396	0.0	0.6825720000000001	-0.6461720000000001	-0.341405	0.0	-0.730486	-0.617336	-0.292038	0.0	2.23338	-3.31247	-3.0668	0.34432199999999996	
0	0.201627	-0.216338	-0.9552719999999999	0.0	0.9477620000000001	0.289213	0.134545	0.0	0.24716999999999997	-0.932499	0.26335	0.0	-3.23995	-3.59255	-2.01031	0.33643	-0.0205568	0.448371	-0.893611	0.0	0.683085	-0.646358	-0.340025	0.0	-0.73005	-0.617402	-0.292988	0.0	2.24096	-3.3233	-3.0608	0.34430700000000003	
0	0.142827	-0.234823	-0.9614879999999999	0.0	0.958408	0.275338	0.075124	0.0	0.247094	-0.932227	0.264382	0.0	-3.21443	-3.5962400000000003	-2.02832	0.343326	-0.0203634	0.44851599999999997	-0.893543	0.0	0.6844279999999999	-0.645227	-0.339471	0.0	-0.728796	-0.618478	-0.293838	0.0	2.24344	-3.33028	-3.04089	0.34425	
0	0.11288800000000002	-0.252627	-0.9609559999999999	0.0	0.9607549999999999	0.274393	0.0407285	0.0	0.253391	-0.92784	0.273688	0.0	-3.1972	-3.59996	-2.04629	0.35083200000000003	-0.0201072	0.446669	-0.894474	0.0	0.684413	-0.646022	-0.337986	0.0	-0.728817	-0.618985	-0.292716	0.0	2.24753	-3.33639	-3.03715	0.34425700000000004	
0	0.043218599999999996	-0.285482	-0.9574090000000001	0.0	0.96593	0.256698	-0.032939300000000005	0.0	0.255169	-0.923367	0.28684899999999997	0.0	-3.1975	-3.6060000000000003	-2.0844400000000003	0.335784	-0.0207928	0.447088	-0.894249	0.0	0.686176	-0.644142	-0.337999	0.0	-0.7271380000000001	-0.62064	-0.29338800000000004	0.0	2.25672	-3.3366599999999997	-3.03118	0.34408099999999997	
0	0.0189101	-0.29635900000000004	-0.954889	0.0	0.967928	0.244727	-0.056784900000000006	0.0	0.25051599999999996	-0.92319	0.291482	0.0	-3.19932	-3.60817	-2.09672	0.324763	-0.020068400000000004	0.446013	-0.8948020000000001	0.0	0.6861649999999999	-0.644791	-0.33678400000000003	0.0	-0.72717	-0.62074	-0.293098	0.0	2.26844	-3.33374	-3.02705	0.34391	
0	-0.0110664	-0.30588200000000004	-0.9520049999999999	0.0	0.978873	0.191079	-0.07277280000000001	0.0	0.20416800000000002	-0.9326979999999999	0.29730500000000004	0.0	-3.2961199999999997	-3.6040900000000002	-2.10937	0.165297	-0.017703999999999998	0.445484	-0.895115	0.0	0.685783	-0.646071	-0.335102	0.0	-0.727591	-0.619787	-0.294067	0.0	2.2822	-3.32996	-3.01032	0.343817	
0	-0.020358599999999998	-0.32819	-0.944392	0.0	0.986828	0.145028	-0.0716729	0.0	0.160486	-0.9334120000000001	0.320915	0.0	-3.3007400000000002	-3.6080699999999997	-2.13177	0.134458	-0.018474200000000003	0.446082	-0.8948010000000001	0.0	0.685562	-0.6457890000000001	-0.336097	0.0	-0.72778	-0.6196510000000001	-0.29388600000000004	0.0	2.2789099999999998	-3.32948	-2.99011	0.343829	
0	0.0375971	-0.349097	-0.9363319999999999	0.0	0.995439	0.0952941	0.00444168	0.0	0.0876765	-0.9322290000000001	0.351087	0.0	-3.26605	-3.6141400000000004	-2.14966	0.134495	-0.02132	0.445299	-0.895128	0.0	0.688163	-0.642944	-0.33623600000000003	0.0	-0.7252430000000001	-0.623163	-0.292731	0.0	2.27595	-3.34585	-2.96943	0.343539	
0	0.049703199999999996	-0.34084200000000003	-0.9388059999999999	0.0	0.994815	0.100395	0.0162192	0.0	0.0887234	-0.934745	0.344065	0.0	-3.27084	-3.6114599999999997	-2.14177	0.134547	-0.021516900000000002	0.444883	-0.89533	0.0	0.689153	-0.642184	-0.33565900000000004	0.0	-0.724296	-0.624242	-0.292775	0.0	2.27717	-3.3542	-2.97039	0.343506	
0	0.0976506	-0.334356	-0.9373739999999999	0.0	0.983527	0.17638099999999998	0.039544699999999995	0.0	0.152113	-0.925795	0.346072	0.0	-3.30436	-3.60969	-2.13976	0.13445	-0.0214671	0.444676	-0.8954340000000001	0.0	0.689773	-0.641744	-0.335229	0.0	-0.723708	-0.624843	-0.29294899999999996	0.0	2.28915	-3.3669	-2.9801599999999997	0.343433	
0	0.135432	-0.30582600000000004	-0.942406	0.0	0.968059	0.24340599999999998	0.060129300000000004	0.0	0.210998	-0.9204479999999999	0.329023	0.0	-3.34905	-3.6031699999999995	-2.13081	0.13455799999999998	-0.021742400000000002	0.441507	-0.8969940000000001	0.0	0.689014	-0.643492	-0.333433	0.0	-0.724422	-0.6252909999999999	-0.29021399999999997	0.0	2.29241	-3.37733	-2.98868	0.343516	
0	0.150306	-0.25058800000000003	-0.956355	0.0	0.9626530000000001	0.25742800000000005	0.0838435	0.0	0.22518200000000002	-0.93324	0.279922	0.0	-3.37175	-3.59292	-2.09832	0.13392300000000001	-0.021721599999999997	0.438399	-0.898518	0.0	0.686349	-0.646946	-0.332246	0.0	-0.726949	-0.623913	-0.286842	0.0	2.28428	-3.38955	-2.99191	0.343428	
0	0.186081	-0.14315799999999998	-0.9720489999999999	0.0	0.9403520000000001	0.31272	0.133958	0.0	0.284802	-0.938995	0.19280999999999998	0.0	-3.4158199999999996	-3.58452	-2.07002	0.134364	-0.0180854	0.434802	-0.900344	0.0	0.680537	-0.654356	-0.329677	0.0	-0.73249	-0.61868	-0.284065	0.0	2.24559	-3.3934300000000004	-2.99634	0.343474	
0	0.179929	-0.08675419999999999	-0.9798469999999999	0.0	0.9241530000000001	0.356162	0.138167	0.0	0.336997	-0.9303879999999999	0.144258	0.0	-3.4217199999999997	-3.58061	-2.2798	0.13408299999999998	-0.015490799999999999	0.431854	-0.90181	0.0	0.675077	-0.660804	-0.328038	0.0	-0.737585	-0.613873	-0.281298	0.0	2.20598	-3.3749599999999997	-2.99041	0.34381799999999996	
0	0.171845	-0.0531557	-0.9836889999999999	0.0	0.916959	0.373612	0.139999	0.0	0.360076	-0.926061	0.112945	0.0	-3.4517	-3.47842	-2.55675	0.133915	0.000123441	0.43828999999999996	-0.898834	0.0	0.673366	-0.664553	-0.323957	0.0	-0.73931	-0.605204	-0.295212	0.0	2.19366	-3.35525	-3.03937	0.343769	
0	0.18135199999999999	-0.0286238	-0.983002	0.0	0.901264	0.404794	0.15448499999999998	0.0	0.393491	-0.91396	0.0992076	0.0	-3.5580000000000003	-3.1564	-2.57158	0.133888	0.00783545	0.43866000000000005	-0.8986190000000001	0.0	0.6710470000000001	-0.66856	-0.320506	0.0	-0.741374	-0.600504	-0.2996	0.0	2.1953	-3.3514699999999995	-3.09218	0.34398	
0	0.18806900000000001	-0.00513941	-0.982142	0.0	0.8913280000000001	0.420893	0.168477	0.0	0.41251099999999996	-0.9070959999999999	0.0837378	0.0	-3.6352300000000004	-2.87352	-2.5515	0.133909	0.0320241	0.446762	-0.8940799999999999	0.0	0.6642020000000001	-0.6779569999999999	-0.314977	0.0	-0.7468670000000001	-0.583762	-0.31845100000000004	0.0	2.19022	-3.3048599999999997	-3.1166400000000003	0.34408299999999997	
0	0.19454000000000002	0.000378311	-0.980894	0.0	0.882447	0.43657399999999996	0.17518399999999998	0.0	0.4283	-0.899668	0.0845975	0.0	-3.70528	-2.68613	-2.53819	0.13395	0.058773	0.463321	-0.8842399999999999	0.0	0.652254	-0.688376	-0.317339	0.0	-0.7557189999999999	-0.558098	-0.342661	0.0	2.17738	-3.2196700000000003	-3.1494299999999997	0.34421399999999996	
