0	0.0210322	0.890238	-0.45501	0.0	0.21305500000000002	0.440666	0.8720209999999999	0.0	0.976814	-0.115283	-0.180402	0.0	-2.77472	1.98915	1.37897	-0.00034526699999999996	-0.210896	0.878682	-0.428299	0.0	0.388495	-0.326721	-0.861583	0.0	-0.896992	-0.348096	-0.27246	0.0	2.64157	2.02921	1.6072899999999999	0.0	
0	0.0518922	0.882775	-0.46692100000000003	0.0	0.24538800000000002	0.441945	0.862826	0.0	0.9680350000000001	-0.159351	-0.193689	0.0	-2.82167	1.9571599999999998	1.36411	0.0	-0.16569	0.8906370000000001	-0.42345299999999997	0.0	0.374911	-0.340262	-0.86236	0.0	-0.912134	-0.301642	-0.277532	0.0	2.67302	2.03868	1.57346	0.0	
0	0.043916500000000004	0.869956	-0.49117	0.0	0.233325	0.469117	0.851756	0.0	0.971407	-0.152009	-0.18238	0.0	-2.83305	1.92042	1.36093	0.0	-0.122699	0.8869940000000001	-0.44518199999999997	0.0	0.38813400000000003	-0.369956	-0.844088	0.0	-0.913399	-0.276358	-0.298879	0.0	2.7037400000000003	2.05315	1.51205	0.0	
0	0.0335654	0.863447	-0.503321	0.0	0.24276399999999998	0.481479	0.842166	0.0	0.969505	-0.150456	-0.19345299999999999	0.0	-2.81711	1.94051	1.37372	0.0	-0.12003599999999999	0.8754629999999999	-0.468141	0.0	0.40971	-0.385836	-0.8266	0.0	-0.904284	-0.291024	-0.312372	0.0	2.73337	2.0809599999999997	1.50735	-0.00034526699999999996	
0	-0.0087139	0.852925	-0.521961	0.0	0.233217	0.509319	0.8283739999999999	0.0	0.9723860000000001	-0.11451199999999999	-0.203355	0.0	-2.8148299999999997	2.00822	1.3488200000000001	0.09401369999999999	-0.0933096	0.860743	-0.5004149999999999	0.0	0.381431	-0.43335799999999997	-0.816524	0.0	-0.919676	-0.267063	-0.287878	0.0	2.76986	2.16171	1.5154100000000001	0.0896985	
0	-0.021951	0.8520190000000001	-0.5230520000000001	0.0	0.24356799999999998	0.511971	0.8237479999999999	0.0	0.969635	-0.10931700000000001	-0.218763	0.0	-2.75508	2.1303099999999997	1.3268799999999998	0.34537399999999996	-0.103625	0.870733	-0.48071400000000003	0.0	0.369512	-0.41502100000000003	-0.8313959999999999	0.0	-0.92343	-0.263783	-0.27874	0.0	2.73643	2.24788	1.49932	0.35886999999999997	
0	-0.00591999	0.857358	-0.514688	0.0	0.273024	0.49652700000000005	0.823965	0.0	0.961989	-0.13564400000000001	-0.237019	0.0	-2.6937599999999997	2.1975700000000002	1.33101	0.34480500000000003	-0.11759700000000001	0.872934	-0.47345299999999996	0.0	0.41339	-0.390457	-0.8225879999999999	0.0	-0.9029280000000001	-0.292454	-0.314946	0.0	2.72854	2.29772	1.4400600000000001	0.357443	
0	0.0106721	0.855085	-0.518378	0.0	0.29841799999999996	0.49206000000000005	0.817816	0.0	0.954376	-0.163421	-0.24992199999999998	0.0	-2.72054	2.2387799999999998	1.3163	0.344117	-0.13355	0.8449260000000001	-0.517942	0.0	0.44680600000000004	-0.415162	-0.7924680000000001	0.0	-0.8846069999999999	-0.337253	-0.322073	0.0	2.7567	2.28249	1.3904	0.358123	
0	0.046154099999999997	0.843318	-0.5354300000000001	0.0	0.327928	0.49350600000000006	0.805553	0.0	0.943575	-0.21276199999999998	-0.25377	0.0	-2.7256	2.1882099999999998	1.25252	0.34363299999999997	-0.08371100000000001	0.776309	-0.6247689999999999	0.0	0.48058500000000004	-0.517786	-0.707769	0.0	-0.872944	-0.359503	-0.32973800000000003	0.0	2.73122	2.24506	1.30811	0.358806	
0	0.145789	0.803284	-0.5774779999999999	0.0	0.40002	0.48600699999999997	0.777034	0.0	0.9048370000000001	-0.344285	-0.250475	0.0	-2.68034	1.9450900000000002	1.1427200000000002	0.344803	-0.07974819999999999	0.702955	-0.706749	0.0	0.5415810000000001	-0.564679	-0.622758	0.0	-0.836857	-0.43242600000000003	-0.33567600000000003	0.0	2.6933	2.09501	1.17886	0.358079	
0	0.20646799999999998	0.725514	-0.656506	0.0	0.494672	0.5015	0.709787	0.0	0.844198	-0.471304	-0.255348	0.0	-2.6066599999999998	1.40737	0.758784	0.346177	-0.09909689999999999	0.637076	-0.764405	0.0	0.603941	-0.5720149999999999	-0.555027	0.0	-0.790845	-0.5166569999999999	-0.328071	0.0	2.52915	1.71928	0.748091	0.358271	
0	0.215596	0.677004	-0.703693	0.0	0.563098	0.502556	0.656017	0.0	0.797772	-0.537683	-0.27287	0.0	-2.56996	1.03785	0.387351	0.34728400000000004	-0.101625	0.58033	-0.808016	0.0	0.6305029999999999	-0.590688	-0.503541	0.0	-0.769505	-0.560629	-0.305871	0.0	2.3729	1.40163	0.397289	0.357876	
0	0.18671	0.606225	-0.773065	0.0	0.619138	0.538354	0.571702	0.0	0.762763	-0.585377	-0.274821	0.0	-2.5558400000000003	0.567396	-0.129781	0.3482	-0.149437	0.5355260000000001	-0.8311930000000001	0.0	0.6764979999999999	-0.557709	-0.48094799999999993	0.0	-0.721123	-0.634171	-0.27894	0.0	2.1897599999999997	0.951681	-0.00083054	0.35739899999999997	
0	0.182909	0.591789	-0.785067	0.0	0.652884	0.523914	0.5470430000000001	0.0	0.735042	-0.612617	-0.290541	0.0	-2.57103	0.330952	-0.409895	0.348555	-0.16571	0.5226729999999999	-0.8362729999999999	0.0	0.6957409999999999	-0.539028	-0.474757	0.0	-0.698917	-0.660501	-0.274323	0.0	2.11176	0.696856	-0.21957	0.356912	
0	0.13176400000000002	0.586824	-0.798921	0.0	0.707607	0.50874	0.49038400000000004	0.0	0.6942119999999999	-0.629937	-0.348207	0.0	-2.64866	-0.17873699999999998	-1.1792799999999999	0.348341	-0.139745	0.476225	-0.8681479999999999	0.0	0.731119	-0.541658	-0.414815	0.0	-0.6677850000000001	-0.692688	-0.272484	0.0	1.9538400000000002	0.0627318	-0.804277	0.350398	
0	0.106056	0.584681	-0.804301	0.0	0.715386	0.516931	0.47011099999999995	0.0	0.690634	-0.6252439999999999	-0.36344899999999997	0.0	-2.65398	-0.29834099999999997	-1.39896	0.348247	-0.13463	0.471132	-0.8717280000000001	0.0	0.747206	-0.529536	-0.401591	0.0	-0.650814	-0.705426	-0.280742	0.0	1.9176400000000002	-0.13353099999999998	-1.0064600000000001	0.343916	
0	0.050729199999999995	0.592787	-0.80376	0.0	0.758698	0.500486	0.41700200000000004	0.0	0.649465	-0.630965	-0.424357	0.0	-2.68898	-0.619697	-1.97793	0.347125	-0.11693699999999999	0.44326499999999996	-0.8887299999999999	0.0	0.7781060000000001	-0.515195	-0.35934099999999997	0.0	-0.617153	-0.733546	-0.28466199999999997	0.0	1.8251400000000002	-0.7298359999999999	-1.62122	0.342339	
0	0.00809523	0.570418	-0.821315	0.0	0.787539	0.5025	0.356758	0.0	0.616212	-0.649705	-0.445159	0.0	-2.78424	-0.997301	-2.5161	0.346434	-0.12656900000000001	0.43363	-0.892157	0.0	0.8017890000000001	-0.48482600000000003	-0.34939699999999996	0.0	-0.58405	-0.759545	-0.28631599999999996	0.0	1.8902	-1.25516	-2.0099	0.341594	
0	0.013199100000000002	0.52786	-0.8492290000000001	0.0	0.744289	0.561966	0.36087199999999997	0.0	0.6677270000000001	-0.636835	-0.385463	0.0	-3.0075	-1.6151	-2.80199	0.333981	-0.10859500000000001	0.43205	-0.895288	0.0	0.808661	-0.485407	-0.332336	0.0	-0.578164	-0.760075	-0.296669	0.0	2.12508	-1.7403099999999998	-2.2936	0.342125	
0	-0.060065	0.538221	-0.8406610000000001	0.0	0.726942	0.6007359999999999	0.332673	0.0	0.684067	-0.59113	-0.427338	0.0	-2.9577299999999997	-1.68183	-2.8728599999999997	0.318364	-0.0327589	0.40374099999999996	-0.9142870000000001	0.0	0.744563	-0.600395	-0.29180700000000004	0.0	-0.666747	-0.690304	-0.280942	0.0	2.24165	-1.94943	-2.39886	0.357404	
0	-0.0598188	0.54059	-0.8391569999999999	0.0	0.724684	0.6016520000000001	0.33593	0.0	0.68648	-0.588028	-0.42774700000000004	0.0	-2.93973	-1.6937400000000002	-2.87311	0.317477	-0.0307767	0.404606	-0.9139729999999999	0.0	0.7427239999999999	-0.6026699999999999	-0.29180500000000004	0.0	-0.668891	-0.68781	-0.281962	0.0	2.21096	-1.94468	-2.46083	0.357222	
0	-0.0594091	0.5468350000000001	-0.8351299999999999	0.0	0.7244109999999999	0.599219	0.34083	0.0	0.686804	-0.5847289999999999	-0.43173199999999995	0.0	-2.96528	-1.68861	-2.87852	0.31274	-0.027492000000000003	0.404917	-0.91394	0.0	0.7384970000000001	-0.607957	-0.291567	0.0	-0.673697	-0.682958	-0.282316	0.0	2.21104	-1.9448299999999998	-2.46732	0.357319	
0	-0.0598249	0.548451	-0.83404	0.0	0.7273390000000001	0.5962029999999999	0.339883	0.0	0.683666	-0.586296	-0.43457799999999996	0.0	-2.99362	-1.6852599999999998	-2.87297	0.31414899999999996	-0.029627499999999998	0.402673	-0.9148639999999999	0.0	0.741684	-0.6047279999999999	-0.290187	0.0	-0.670094	-0.687138	-0.28073899999999996	0.0	2.2099	-1.95445	-2.4426400000000004	0.35699200000000003	
0	-0.0591303	0.546334	-0.835478	0.0	0.7290989999999999	0.595305	0.337679	0.0	0.6818489999999999	-0.589179	-0.433532	0.0	-3.0023	-1.68639	-2.86717	0.31542600000000004	-0.0295185	0.40123200000000003	-0.915501	0.0	0.741596	-0.60531	-0.289198	0.0	-0.670197	-0.687469	-0.279685	0.0	2.20705	-1.9582400000000002	-2.43316	0.356973	
0	-0.05915259999999999	0.546365	-0.835456	0.0	0.729075	0.59532	0.33770300000000003	0.0	0.681873	-0.589134	-0.43355600000000005	0.0	-3.00209	-1.6863700000000001	-2.8673	0.31541399999999997	-0.0295056	0.40124299999999996	-0.9154959999999999	0.0	0.741591	-0.605316	-0.289198	0.0	-0.670203	-0.687457	-0.279698	0.0	2.20713	-1.95815	-2.43338	0.356973	
0	-0.0591525	0.546365	-0.835456	0.0	0.7290760000000001	0.59532	0.33770300000000003	0.0	0.681872	-0.589134	-0.43355600000000005	0.0	-3.00209	-1.6863700000000001	-2.8673	0.315415	-0.029505700000000003	0.40124299999999996	-0.9154959999999999	0.0	0.741591	-0.605316	-0.289198	0.0	-0.670203	-0.687457	-0.279698	0.0	2.20713	-1.95815	-2.43338	0.356973	
0	-0.0591525	0.546365	-0.835456	0.0	0.7290760000000001	0.59532	0.337702	0.0	0.681872	-0.589134	-0.43355600000000005	0.0	-3.00209	-1.6863700000000001	-2.8673	0.315415	-0.0295056	0.40124299999999996	-0.9154959999999999	0.0	0.741591	-0.605316	-0.289198	0.0	-0.670203	-0.687457	-0.279698	0.0	2.20713	-1.95815	-2.43338	0.356973	
0	-0.05915259999999999	0.546365	-0.835456	0.0	0.7290760000000001	0.59532	0.337702	0.0	0.681872	-0.5891350000000001	-0.43355600000000005	0.0	-3.00209	-1.6863700000000001	-2.8673	0.315415	-0.0295055	0.40124299999999996	-0.9154959999999999	0.0	0.741591	-0.605316	-0.289198	0.0	-0.670203	-0.687457	-0.279698	0.0	2.20713	-1.95815	-2.43338	0.35697399999999996	
0	-0.05915259999999999	0.546365	-0.835456	0.0	0.7290760000000001	0.59532	0.337702	0.0	0.681872	-0.589134	-0.43355600000000005	0.0	-3.00209	-1.6863700000000001	-2.8673	0.315415	-0.0295055	0.40124299999999996	-0.9154959999999999	0.0	0.741591	-0.605316	-0.289198	0.0	-0.670203	-0.687457	-0.279698	0.0	2.20713	-1.95815	-2.43338	0.35697399999999996	
0	-0.05915259999999999	0.546365	-0.835456	0.0	0.7290760000000001	0.59532	0.337702	0.0	0.681872	-0.589134	-0.43355600000000005	0.0	-3.00209	-1.6863700000000001	-2.8673	0.315415	-0.0295056	0.40124299999999996	-0.9154959999999999	0.0	0.741591	-0.605316	-0.289198	0.0	-0.670203	-0.687457	-0.279698	0.0	2.20713	-1.95815	-2.43338	0.35697399999999996	
0	-0.05915259999999999	0.546365	-0.835456	0.0	0.7290760000000001	0.59532	0.337702	0.0	0.681872	-0.589134	-0.43355600000000005	0.0	-3.00209	-1.6863700000000001	-2.8673	0.315415	-0.029505400000000005	0.40124299999999996	-0.9154959999999999	0.0	0.741591	-0.605316	-0.289198	0.0	-0.670203	-0.687457	-0.279698	0.0	2.20713	-1.95815	-2.43338	0.35697399999999996	
0	-0.05915259999999999	0.546365	-0.835456	0.0	0.7290760000000001	0.59532	0.337702	0.0	0.681872	-0.5891350000000001	-0.43355600000000005	0.0	-3.00209	-1.6863700000000001	-2.8673	0.315415	-0.0295056	0.40124299999999996	-0.9154959999999999	0.0	0.741591	-0.605316	-0.289198	0.0	-0.670203	-0.687457	-0.279698	0.0	2.20713	-1.95815	-2.43338	0.35697399999999996	
0	-0.0591525	0.546365	-0.835456	0.0	0.7290760000000001	0.59532	0.33770300000000003	0.0	0.681872	-0.5891350000000001	-0.43355600000000005	0.0	-3.00209	-1.6863700000000001	-2.8673	0.315415	-0.0295056	0.40124299999999996	-0.9154959999999999	0.0	0.741591	-0.605316	-0.289198	0.0	-0.670203	-0.687457	-0.279698	0.0	2.20713	-1.95815	-2.43338	0.35697399999999996	
0	-0.05915259999999999	0.546365	-0.835456	0.0	0.7290760000000001	0.59532	0.337702	0.0	0.681872	-0.5891350000000001	-0.43355600000000005	0.0	-3.00209	-1.6863700000000001	-2.8673	0.31541399999999997	-0.0295055	0.40124299999999996	-0.9154959999999999	0.0	0.741591	-0.605316	-0.289198	0.0	-0.670203	-0.687457	-0.279698	0.0	2.20713	-1.95815	-2.43338	0.356973	
0	-0.0591525	0.546365	-0.835456	0.0	0.7290760000000001	0.59532	0.33770300000000003	0.0	0.681872	-0.589134	-0.43355600000000005	0.0	-3.00209	-1.6863700000000001	-2.8673	0.31541399999999997	-0.029505400000000005	0.40124299999999996	-0.9154959999999999	0.0	0.741591	-0.605316	-0.289198	0.0	-0.670203	-0.687457	-0.279698	0.0	2.20713	-1.95815	-2.43338	0.35697399999999996	
0	-0.059152300000000005	0.546365	-0.835456	0.0	0.729075	0.59532	0.337702	0.0	0.681872	-0.589134	-0.43355600000000005	0.0	-3.00209	-1.6863700000000001	-2.8673	0.315415	-0.0295056	0.40124299999999996	-0.9154959999999999	0.0	0.741591	-0.605316	-0.289198	0.0	-0.670203	-0.687457	-0.279698	0.0	2.20713	-1.95815	-2.43338	0.356973	
0	-0.0591525	0.546365	-0.835456	0.0	0.7290760000000001	0.59532	0.33770300000000003	0.0	0.681872	-0.589134	-0.43355600000000005	0.0	-3.00209	-1.6863700000000001	-2.8673	0.315415	-0.0295056	0.40124299999999996	-0.9154959999999999	0.0	0.741591	-0.605316	-0.289198	0.0	-0.670203	-0.687457	-0.279698	0.0	2.20713	-1.95815	-2.43338	0.35697399999999996	
0	0.24036	0.573557	-0.783109	0.0	0.742306	0.411232	0.529027	0.0	0.625467	-0.7084630000000001	-0.326911	0.0	-3.17353	-1.8601299999999998	-3.05905	0.358094	0.0145771	0.497805	-0.867166	0.0	0.653913	-0.660836	-0.368367	0.0	-0.75643	-0.561681	-0.335154	0.0	2.09042	-1.9862400000000002	-2.57785	0.345184	
0	0.349654	0.498541	-0.793221	0.0	0.758502	0.34633400000000003	0.552021	0.0	0.549925	-0.794676	-0.25704699999999997	0.0	-3.39419	-2.1065400000000003	-3.33227	0.359667	-0.00669944	0.48844099999999996	-0.8725709999999999	0.0	0.64259	-0.666474	-0.378008	0.0	-0.766181	-0.563238	-0.309402	0.0	1.9393900000000002	-2.0716799999999997	-2.75442	0.345556	
0	0.41868999999999995	0.42833000000000004	-0.80077	0.0	0.766546	0.306115	0.5645359999999999	0.0	0.48693500000000006	-0.850193	-0.200167	0.0	-3.545	-2.3629700000000002	-3.5625699999999996	0.361505	-0.0174941	0.47850299999999996	-0.877912	0.0	0.632792	-0.6745220000000001	-0.380256	0.0	-0.7741239999999999	-0.562188	-0.290993	0.0	1.7937599999999998	-2.14717	-2.86976	0.34644	
0	0.5052760000000001	0.304267	-0.807538	0.0	0.775633	0.25006799999999996	0.579535	0.0	0.378272	-0.919178	-0.10964600000000001	0.0	-3.76985	-2.71599	-3.81405	0.361792	-0.0300879	0.46958999999999995	-0.8823719999999999	0.0	0.628916	-0.677234	-0.381863	0.0	-0.776891	-0.566427	-0.274956	0.0	1.6279	-2.23807	-2.98062	0.346462	
0	0.5569890000000001	0.184066	-0.809866	0.0	0.772946	0.241858	0.586566	0.0	0.30383899999999997	-0.952693	-0.00756106	0.0	-3.96443	-3.05589	-3.9941400000000002	0.361649	-0.0351584	0.461713	-0.886332	0.0	0.622761	-0.683512	-0.380762	0.0	-0.781622	-0.5653600000000001	-0.263506	0.0	1.5187899999999999	-2.3151599999999997	-3.0500599999999998	0.346233	
0	0.607491	0.100235	-0.787977	0.0	0.749616	0.25578	0.610453	0.0	0.262737	-0.961525	0.0802461	0.0	-4.07611	-3.3448599999999997	-4.06947	0.362018	-0.0397153	0.459804	-0.8871319999999999	0.0	0.622987	-0.6827489999999999	-0.381762	0.0	-0.781224	-0.567833	-0.259337	0.0	1.44639	-2.36186	-3.04771	0.346571	
0	0.646402	0.031941500000000005	-0.762329	0.0	0.724534	0.287526	0.626402	0.0	0.239198	-0.95724	0.162715	0.0	-4.0686	-3.57959	-4.0446	0.36225599999999997	-0.046452999999999994	0.455847	-0.8888450000000001	0.0	0.627875	-0.678737	-0.38090599999999997	0.0	-0.776927	-0.575778	-0.254686	0.0	1.40993	-2.39359	-3.01932	0.346436	
0	0.680445	-0.0251615	-0.732367	0.0	0.703105	0.304031	0.6428119999999999	0.0	0.206488	-0.9523299999999999	0.224568	0.0	-4.03808	-3.5907400000000003	-4.07489	0.367732	-0.0551719	0.455183	-0.8886870000000001	0.0	0.632467	-0.672782	-0.383863	0.0	-0.77262	-0.5832430000000001	-0.25077	0.0	1.40273	-2.4304900000000003	-3.00486	0.346617	
0	0.691862	-0.07574439999999999	-0.718046	0.0	0.6990000000000001	0.31943299999999997	0.639814	0.0	0.18090499999999998	-0.944577	0.273949	0.0	-3.9981	-3.58879	-4.0900099999999995	0.37602399999999997	-0.056536	0.458066	-0.8871190000000001	0.0	0.6362979999999999	-0.668179	-0.385567	0.0	-0.769369	-0.58627	-0.25369	0.0	1.40846	-2.45948	-2.9876	0.34630700000000003	
0	0.679135	-0.130522	-0.7223149999999999	0.0	0.7086979999999999	0.372811	0.598966	0.0	0.191109	-0.918682	0.34569	0.0	-3.8677099999999998	-3.5865199999999997	-3.9798199999999997	0.385309	-0.0587453	0.457424	-0.8873059999999999	0.0	0.634786	-0.668878	-0.386846	0.0	-0.770452	-0.585975	-0.251073	0.0	1.41855	-2.4868099999999997	-2.9912	0.34649800000000003	
0	0.667144	-0.155282	-0.728564	0.0	0.713337	0.414972	0.564756	0.0	0.214637	-0.8964850000000001	0.387615	0.0	-3.79547	-3.5846400000000003	-3.7294	0.385326	-0.0673928	0.457978	-0.8864059999999999	0.0	0.6365529999999999	-0.664381	-0.39166100000000004	0.0	-0.7682829999999999	-0.590639	-0.246752	0.0	1.41905	-2.52819	-2.9853099999999997	0.346519	
0	0.659706	-0.181805	-0.729202	0.0	0.7116399999999999	0.46301800000000004	0.528378	0.0	0.241571	-0.867503	0.434835	0.0	-3.4588900000000002	-3.5834900000000003	-3.27205	0.368676	-0.0724529	0.45597299999999996	-0.8870399999999999	0.0	0.6373949999999999	-0.662891	-0.392814	0.0	-0.767123	-0.593855	-0.24260700000000002	0.0	1.41711	-2.5710599999999997	-2.97129	0.346547	
0	0.656604	-0.203522	-0.7262569999999999	0.0	0.7133550000000001	0.48028000000000004	0.5103479999999999	0.0	0.24494000000000002	-0.853176	0.460538	0.0	-3.19476	-3.58756	-3.19825	0.36949499999999996	-0.0737936	0.45662700000000006	-0.8865930000000001	0.0	0.637638	-0.6619520000000001	-0.394002	0.0	-0.766794	-0.5944	-0.242315	0.0	1.4166100000000001	-2.58299	-2.97238	0.346491	
0	0.663665	-0.21398899999999998	-0.716769	0.0	0.705331	0.49812399999999996	0.504362	0.0	0.249112	-0.8402870000000001	0.48152	0.0	-3.0171900000000003	-3.5899300000000003	-3.10814	0.365262	-0.07575169999999999	0.458395	-0.8855139999999999	0.0	0.6375649999999999	-0.660543	-0.396477	0.0	-0.766664	-0.5946060000000001	-0.24221900000000002	0.0	1.4163700000000001	-2.59144	-2.9735099999999997	0.346439	
0	0.6623359999999999	-0.215394	-0.717577	0.0	0.7039770000000001	0.50667	0.497697	0.0	0.256373	-0.8348	0.48721800000000004	0.0	-2.91708	-3.5889900000000003	-2.9722	0.36254699999999995	-0.07924529999999999	0.457966	-0.885431	0.0	0.6375569999999999	-0.659524	-0.398183	0.0	-0.766317	-0.596067	-0.23971599999999998	0.0	1.41604	-2.60502	-2.97812	0.34662	
0	0.6692359999999999	-0.212524	-0.712009	0.0	0.6903199999999999	0.532362	0.48994799999999994	0.0	0.274922	-0.8194049999999999	0.502985	0.0	-2.8491	-3.58958	-2.89603	0.36225599999999997	-0.0813594	0.46028	-0.8840379999999999	0.0	0.6371720000000001	-0.658036	-0.40125	0.0	-0.766416	-0.595929	-0.23974	0.0	1.41707	-2.62019	-2.9744599999999997	0.346537	
0	0.686751	-0.21625	-0.69398	0.0	0.6867989999999999	0.505733	0.522054	0.0	0.23807399999999998	-0.835147	0.49583299999999997	0.0	-2.83316	-3.57406	-2.9165200000000002	0.36039299999999996	-0.082384	0.46072700000000005	-0.88371	0.0	0.6353489999999999	-0.658885	-0.402744	0.0	-0.767818	-0.594644	-0.238441	0.0	1.41222	-2.6325	-2.9662599999999997	0.346401	
0	0.704079	-0.23243699999999998	-0.671003	0.0	0.6827449999999999	0.481412	0.549638	0.0	0.195273	-0.8451129999999999	0.497648	0.0	-2.82555	-3.57266	-2.92046	0.360117	-0.08172389999999999	0.455715	-0.886366	0.0	0.6335850000000001	-0.662751	-0.399163	0.0	-0.769345	-0.594209	-0.23457199999999997	0.0	1.41551	-2.65402	-2.9630400000000003	0.34628200000000003	
0	0.717641	-0.233948	-0.655942	0.0	0.675667	0.462084	0.574415	0.0	0.168717	-0.8554219999999999	0.48968100000000003	0.0	-2.80971	-3.56943	-2.9275700000000002	0.362506	-0.0824027	0.456854	-0.885717	0.0	0.633382	-0.662157	-0.400468	0.0	-0.769439	-0.593997	-0.2348	0.0	1.41476	-2.67643	-2.9580900000000003	0.346072	
0	0.7537119999999999	-0.220131	-0.6192409999999999	0.0	0.644212	0.43389399999999995	0.6298630000000001	0.0	0.13003299999999998	-0.873658	0.468842	0.0	-2.77521	-3.56443	-2.94187	0.365591	-0.0872077	0.452586	-0.887447	0.0	0.631236	-0.664067	-0.40069499999999997	0.0	-0.7706729999999999	-0.595132	-0.227777	0.0	1.41695	-2.69722	-2.94602	0.346149	
0	0.790097	-0.216689	-0.573404	0.0	0.607905	0.397124	0.6875640000000001	0.0	0.07872480000000001	-0.891817	0.44549300000000003	0.0	-2.72939	-3.5667699999999996	-2.95242	0.367083	-0.08557669999999999	0.449193	-0.8893270000000001	0.0	0.634617	-0.6635340000000001	-0.39621300000000004	0.0	-0.7680739999999999	-0.598288	-0.228282	0.0	1.41394	-2.69991	-2.93296	0.34593	
0	0.8153699999999999	-0.19558499999999998	-0.544902	0.0	0.575231	0.380052	0.724341	0.0	0.0654209	-0.90405	0.42239	0.0	-2.69854	-3.5839800000000004	-2.94407	0.336107	-0.08469689999999999	0.447171	-0.8904299999999999	0.0	0.634102	-0.665137	-0.394345	0.0	-0.768597	-0.598023	-0.227217	0.0	1.41693	-2.68883	-2.92469	0.345613	
0	0.858181	-0.173709	-0.48306400000000005	0.0	0.5121100000000001	0.355018	0.782116	0.0	0.0356358	-0.918579	0.39362800000000003	0.0	-2.68214	-3.5819	-2.98864	0.23464200000000002	-0.0859808	0.442912	-0.892433	0.0	0.629918	-0.669822	-0.39311999999999997	0.0	-0.771888	-0.59596	-0.22140700000000002	0.0	1.41743	-2.6821599999999997	-2.8925400000000003	0.345503	
0	0.883491	-0.182818	-0.43130100000000005	0.0	0.46816499999999994	0.312585	0.826506	0.0	-0.0162815	-0.9321309999999999	0.361755	0.0	-2.67694	-3.5743199999999997	-2.99505	0.12376	-0.0874634	0.442485	-0.892501	0.0	0.628762	-0.6703979999999999	-0.393988	0.0	-0.772664	-0.59563	-0.21958200000000003	0.0	1.4100700000000002	-2.68361	-2.84629	0.345475	
0	0.903856	-0.173842	-0.390927	0.0	0.427647	0.339832	0.837635	0.0	-0.012767	-0.9242799999999999	0.381502	0.0	-2.67687	-3.58311	-3.0089200000000003	0.124267	-0.0903404	0.445558	-0.890683	0.0	0.629285	-0.667643	-0.397811	0.0	-0.7719060000000001	-0.596432	-0.22006799999999999	0.0	1.41264	-2.6821900000000003	-2.8315599999999996	0.345217	
0	0.941577	-0.10444300000000001	-0.320195	0.0	0.336192	0.34845	0.8749610000000001	0.0	0.020188400000000002	-0.9314899999999999	0.363205	0.0	-2.72945	-3.57553	-3.0108099999999998	0.118278	-0.09297000000000001	0.449284	-0.888539	0.0	0.632309	-0.6627069999999999	-0.401253	0.0	-0.7691180000000001	-0.599136	-0.22247399999999998	0.0	1.44075	-2.68168	-2.8262400000000003	0.34506	
0	0.9573280000000001	-0.061058900000000006	-0.282479	0.0	0.286091	0.338631	0.8963709999999999	0.0	0.040924800000000004	-0.9389360000000001	0.34165	0.0	-2.7545	-3.56514	-3.00458	0.120974	-0.09241569999999999	0.451412	-0.887517	0.0	0.630949	-0.662995	-0.402915	0.0	-0.7703	-0.597214	-0.22354699999999997	0.0	1.46259	-2.67843	-2.82357	0.345005	
0	0.9676959999999999	0.0134878	-0.251759	0.0	0.23229699999999998	0.340414	0.9111290000000001	0.0	0.0979913	-0.9401790000000001	0.326284	0.0	-2.82966	-3.5503699999999996	-2.98835	0.12138299999999999	-0.0903819	0.450427	-0.888227	0.0	0.626516	-0.667569	-0.402281	0.0	-0.77415	-0.592847	-0.22186399999999998	0.0	1.45641	-2.68541	-2.82777	0.345075	
0	0.9654959999999999	0.05967130000000001	-0.25349	0.0	0.21915	0.339665	0.914659	0.0	0.140681	-0.938652	0.314868	0.0	-2.85586	-3.5386800000000003	-2.9896	0.121341	-0.09041160000000001	0.44917299999999993	-0.888858	0.0	0.622251	-0.671376	-0.402564	0.0	-0.777579	-0.58949	-0.21879899999999997	0.0	1.43292	-2.6944	-2.83113	0.345168	
0	0.9605600000000001	0.0864702	-0.264286	0.0	0.222227	0.332592	0.9165139999999999	0.0	0.16715	-0.939098	0.30025799999999997	0.0	-2.87526	-3.5116199999999997	-3.0053400000000003	0.12075599999999999	-0.0905784	0.45164	-0.887591	0.0	0.621657	-0.670647	-0.40469099999999997	0.0	-0.778035	-0.588433	-0.220019	0.0	1.42001	-2.69326	-2.83976	0.345169	
0	0.955099	0.105275	-0.276953	0.0	0.22865700000000003	0.33254	0.91495	0.0	0.188419	-0.9371950000000001	0.293536	0.0	-2.86406	-3.25746	-3.03812	0.120745	-0.090795	0.45239399999999996	-0.887184	0.0	0.620592	-0.671033	-0.405685	0.0	-0.778859	-0.587414	-0.21982600000000002	0.0	1.41549	-2.6988	-2.84099	0.345235	
0	0.951309	0.122339	-0.282921	0.0	0.23393200000000003	0.311134	0.921125	0.0	0.200716	-0.942459	0.267366	0.0	-2.87716	-2.9432400000000003	-3.08101	0.121341	-0.0906312	0.455413	-0.885655	0.0	0.616924	-0.672454	-0.408914	0.0	-0.781787	-0.583442	-0.22000999999999998	0.0	1.4057	-2.70517	-2.8445400000000003	0.34526399999999996	
0	0.941449	0.149821	-0.30204000000000003	0.0	0.245981	0.30745500000000003	0.91922	0.0	0.230582	-0.939694	0.2526	0.0	-2.92069	-2.64394	-3.11364	0.12133800000000002	-0.0931923	0.458154	-0.8839739999999999	0.0	0.614179	-0.672337	-0.41321499999999994	0.0	-0.783644	-0.581427	-0.218732	0.0	1.39968	-2.7177700000000002	-2.85242	0.345582	
0	0.9368479999999999	0.169708	-0.30580300000000005	0.0	0.25136	0.281237	0.926134	0.0	0.24317600000000003	-0.9445129999999999	0.22081900000000002	0.0	-2.94469	-2.31035	-3.12653	0.121341	-0.094044	0.45799799999999996	-0.883965	0.0	0.613793	-0.672401	-0.413684	0.0	-0.783845	-0.581476	-0.217881	0.0	1.38081	-2.72423	-2.85743	0.345636	
0	0.9314129999999999	0.185675	-0.313039	0.0	0.25568	0.27832399999999996	0.925831	0.0	0.25903000000000004	-0.94237	0.211761	0.0	-2.98352	-2.09294	-3.17089	0.120753	-0.0942422	0.45833500000000005	-0.883769	0.0	0.611781	-0.673664	-0.41461000000000003	0.0	-0.785393	-0.579747	-0.216914	0.0	1.37071	-2.72874	-2.86528	0.345527	
0	0.9244459999999999	0.204422	-0.321886	0.0	0.259627	0.28081500000000004	0.9239790000000001	0.0	0.27927199999999996	-0.937739	0.206525	0.0	-3.0192799999999997	-1.92585	-3.18171	0.12073699999999998	-0.0927883	0.457768	-0.884217	0.0	0.6092489999999999	-0.676294	-0.414058	0.0	-0.787532	-0.5771270000000001	-0.21614299999999997	0.0	1.35796	-2.73164	-2.86355	0.345509	
0	0.8966850000000001	0.260189	-0.358132	0.0	0.274721	0.307293	0.911098	0.0	0.347109	-0.9153540000000001	0.204066	0.0	-3.0177400000000003	-1.7626	-3.18533	0.12133699999999999	-0.08894830000000001	0.45475600000000005	-0.8861629999999999	0.0	0.60453	-0.682433	-0.410887	0.0	-0.791601	-0.57226	-0.21421199999999999	0.0	1.32667	-2.73329	-2.85337	0.345536	
1	0.8557870000000001	0.327879	-0.400154	0.0	0.286086	0.344517	0.894127	0.0	0.431025	-0.879661	0.201031	0.0	-2.9476	-1.6159700000000001	-3.19043	0.121331	-0.08203110000000001	0.448463	-0.8900290000000001	0.0	0.596245	-0.6935100000000001	-0.404396	0.0	-0.798601	-0.5638479999999999	-0.210504	0.0	1.2949700000000002	-2.73029	-2.84804	0.345625	
1	0.815485	0.391844	-0.425961	0.0	0.280685	0.37588299999999997	0.883135	0.0	0.506163	-0.8397450000000001	0.196543	0.0	-2.84482	-1.5416100000000001	-3.22654	0.121331	-0.0601446	0.43688	-0.8975069999999999	0.0	0.5893390000000001	-0.710154	-0.385176	0.0	-0.8056439999999999	-0.5521020000000001	-0.214759	0.0	1.27365	-2.6787099999999997	-2.84881	0.34571599999999997	
1	0.758784	0.446292	-0.474415	0.0	0.321828	0.376357	0.8687819999999999	0.0	0.56628	-0.811898	0.14194400000000001	0.0	-2.6811	-1.50495	-3.3201	0.120736	0.0253871	0.40474699999999997	-0.914076	0.0	0.5522640000000001	-0.767854	-0.324662	0.0	-0.833283	-0.496569	-0.24302100000000001	0.0	1.2482	-2.52898	-2.90577	0.345568	
1	0.7002109999999999	0.486026	-0.522957	0.0	0.365944	0.38461999999999996	0.8474389999999999	0.0	0.613017	-0.784759	0.0914568	0.0	-2.47295	-1.5039799999999999	-3.4466300000000003	0.12074800000000001	0.133823	0.345661	-0.928768	0.0	0.47638	-0.844251	-0.24556599999999998	0.0	-0.8689959999999999	-0.409584	-0.277646	0.0	1.24063	-2.32903	-2.99703	0.344518	
1	0.662279	0.495705	-0.561839	0.0	0.416962	0.379184	0.826052	0.0	0.622518	-0.781343	0.0444351	0.0	-2.10585	-1.61869	-3.6062	0.121322	0.242488	0.225802	-0.9435110000000001	0.0	0.352518	-0.9265690000000001	-0.131149	0.0	-0.903842	-0.30080300000000004	-0.30428099999999997	0.0	1.24623	-1.99837	-3.1139	0.340225	
1	0.672262	0.476045	-0.5669609999999999	0.0	0.4506	0.344524	0.823567	0.0	0.587387	-0.809126	0.017105000000000002	0.0	-1.88818	-1.7186700000000001	-3.6878699999999998	0.12133900000000002	0.286775	0.139293	-0.947817	0.0	0.263473	-0.9626879999999999	-0.0617611	0.0	-0.921055	-0.232012	-0.312774	0.0	1.25263	-1.7977	-3.1514900000000003	0.339416	
1	0.681132	0.451643	-0.5762619999999999	0.0	0.484092	0.312672	0.817246	0.0	0.549284	-0.835616	-0.005665600000000001	0.0	-1.7744099999999998	-1.8386799999999999	-3.7987900000000003	0.12074700000000001	0.29834299999999997	0.0831953	-0.9508260000000001	0.0	0.20133800000000002	-0.9792629999999999	-0.022509	0.0	-0.932981	-0.184722	-0.30890700000000004	0.0	1.25346	-1.6605900000000002	-3.15358	0.33871399999999996	
1	0.695743	0.41600000000000004	-0.5855640000000001	0.0	0.538381	0.237632	0.808503	0.0	0.47548599999999996	-0.877767	-0.0586361	0.0	-1.57034	-1.98505	-3.95804	0.121332	0.28473899999999996	0.021439700000000003	-0.9583649999999999	0.0	0.147282	-0.988858	0.0216371	0.0	-0.9472229999999999	-0.147311	-0.284724	0.0	1.17545	-1.52519	-3.05872	0.338831	
1	0.708925	0.404521	-0.5777439999999999	0.0	0.543978	0.207773	0.8129689999999999	0.0	0.448902	-0.8906139999999999	-0.0727552	0.0	-1.4595200000000002	-2.0173799999999997	-4.0031300000000005	0.120754	0.259761	0.0258269	-0.965327	0.0	0.16328800000000002	-0.9864219999999999	0.0175482	0.0	-0.951767	-0.162185	-0.26045100000000004	0.0	1.0999700000000001	-1.5168	-2.97033	0.339273	
1	0.719967	0.391746	-0.572873	0.0	0.544954	0.19201400000000002	0.816184	0.0	0.42973599999999995	-0.8998139999999999	-0.07524	0.0	-1.3770200000000001	-2.03178	-4.0428	0.12133599999999999	0.231667	0.0360124	-0.9721280000000001	0.0	0.182727	-0.983138	0.00712547	0.0	-0.9554799999999999	-0.179285	-0.234342	0.0	1.01232	-1.5212700000000001	-2.8982	0.34019299999999997	
1	0.726805	0.388676	-0.566291	0.0	0.541536	0.18287	0.8205469999999999	0.0	0.42248500000000005	-0.9030450000000001	-0.07757130000000001	0.0	-1.33863	-2.03241	-4.07143	0.120749	0.196922	0.05781030000000001	-0.9787129999999999	0.0	0.21548499999999998	-0.976402	-0.0143171	0.0	-0.9564450000000001	-0.208079	-0.204732	0.0	0.9120809999999999	-1.56199	-2.79284	0.341022	
1	0.727403	0.385798	-0.567491	0.0	0.5420560000000001	0.184069	0.8199360000000001	0.0	0.420786	-0.904035	-0.07523189999999999	0.0	-1.31332	-2.0371	-4.08119	0.120749	0.187422	0.06305169999999999	-0.9802540000000001	0.0	0.22223099999999998	-0.974785	-0.0202098	0.0	-0.95681	-0.21405500000000002	-0.196709	0.0	0.882308	-1.5734	-2.7573	0.34116799999999997	
1	0.728228	0.388762	-0.5644	0.0	0.535671	0.190804	0.8225870000000001	0.0	0.42748100000000006	-0.9013639999999999	-0.0692996	0.0	-1.2411299999999998	-1.9804	-4.04857	0.121334	0.163948	0.0819819	-0.983057	0.0	0.237477	-0.970514	-0.041331	0.0	-0.957458	-0.226677	-0.178583	0.0	0.780837	-1.6325399999999999	-2.7044	0.34124899999999997	
1	0.726974	0.392621	-0.563345	0.0	0.5327810000000001	0.195047	0.823469	0.0	0.433191	-0.8987799999999999	-0.0673871	0.0	-1.21385	-1.95743	-4.02059	0.120744	0.157407	0.08861139999999999	-0.98355	0.0	0.238909	-0.9697979999999999	-0.0491375	0.0	-0.958199	-0.227244	-0.173823	0.0	0.749448	-1.6508	-2.68682	0.341379	
1	0.724999	0.39447	-0.564597	0.0	0.529301	0.205413	0.8231930000000001	0.0	0.4407	-0.8956559999999999	-0.059869500000000006	0.0	-1.1747	-1.8975799999999998	-3.9724800000000005	0.120746	0.142512	0.108981	-0.983775	0.0	0.259284	-0.9633219999999999	-0.0691548	0.0	-0.9552290000000001	-0.24522199999999997	-0.165542	0.0	0.676021	-1.7008400000000001	-2.6602	0.341549	
1	0.72437	0.39410300000000004	-0.565659	0.0	0.5261819999999999	0.214094	0.8229799999999999	0.0	0.44544300000000003	-0.893782	-0.0522872	0.0	-1.14448	-1.87595	-3.9447900000000002	0.121334	0.13813699999999998	0.12754000000000001	-0.982167	0.0	0.27860799999999997	-0.956633	-0.08503939999999999	0.0	-0.950419	-0.261892	-0.16768	0.0	0.638154	-1.73063	-2.67782	0.34133600000000003	
1	0.721255	0.394922	-0.569058	0.0	0.525732	0.222791	0.8209569999999999	0.0	0.450995	-0.891292	-0.046934199999999995	0.0	-1.1478899999999999	-1.87369	-3.94556	0.12079000000000001	0.135355	0.131511	-0.982031	0.0	0.282819	-0.955043	-0.0889152	0.0	-0.949575	-0.265702	-0.166464	0.0	0.642915	-1.7386	-2.6703900000000003	0.341449	
1	0.7192470000000001	0.396675	-0.570379	0.0	0.5235810000000001	0.23015700000000003	0.820299	0.0	0.45666899999999994	-0.8886379999999999	-0.0421513	0.0	-1.15428	-1.8626099999999999	-3.9473599999999998	0.12080899999999999	0.126655	0.139495	-0.98209	0.0	0.295523	-0.950411	-0.0968827	0.0	-0.946903	-0.27796	-0.161599	0.0	0.660593	-1.7702099999999998	-2.65158	0.341936	
1	0.7141350000000001	0.399419	-0.57487	0.0	0.5238520000000001	0.239788	0.817362	0.0	0.464317	-0.8848540000000001	-0.0379958	0.0	-1.16079	-1.86973	-3.95625	0.12078699999999999	0.125125	0.144493	-0.981563	0.0	0.296896	-0.9494549999999999	-0.10192000000000001	0.0	-0.946677	-0.278669	-0.1617	0.0	0.66176	-1.7937400000000001	-2.64728	0.341633	
1	0.716146	0.402712	-0.570051	0.0	0.515863	0.24474200000000002	0.820967	0.0	0.470129	-0.882	-0.032473400000000006	0.0	-1.11011	-1.8187900000000001	-3.88553	0.120781	0.124846	0.165798	-0.978225	0.0	0.31206300000000003	-0.942464	-0.11990999999999999	0.0	-0.941823	-0.290298	-0.169402	0.0	0.616133	-1.8693799999999998	-2.69199	0.33866199999999996	
1	0.718206	0.401335	-0.5684279999999999	0.0	0.5101640000000001	0.25182	0.8223860000000001	0.0	0.47319399999999995	-0.880634	-0.0238884	0.0	-1.12985	-1.78672	-3.85624	0.12083499999999998	0.118931	0.17936400000000002	-0.976568	0.0	0.325806	-0.93614	-0.132261	0.0	-0.937926	-0.302442	-0.169775	0.0	0.6035149999999999	-1.96865	-2.7140299999999997	0.177975	
1	0.717145	0.409597	-0.563856	0.0	0.5078229999999999	0.246986	0.8252959999999999	0.0	0.477303	-0.8781959999999999	-0.0308778	0.0	-1.13707	-1.8029400000000002	-3.8510400000000002	0.122373	0.114284	0.190343	-0.975043	0.0	0.334991	-0.931375	-0.142555	0.0	-0.935265	-0.310339	-0.170205	0.0	0.6102029999999999	-2.00763	-2.70769	0.145532	
1	0.71675	0.40990299999999996	-0.564135	0.0	0.5079100000000001	0.24744000000000002	0.8251069999999999	0.0	0.477803	-0.877925	-0.030841399999999998	0.0	-1.1293799999999998	-1.81804	-3.8475699999999997	0.12232799999999999	0.113896	0.190663	-0.9750260000000001	0.0	0.335723	-0.931066	-0.14285	0.0	-0.93505	-0.311068	-0.17005499999999998	0.0	0.618426	-2.02183	-2.7044599999999996	0.145553	
1	0.715899	0.409193	-0.5657300000000001	0.0	0.509362	0.24809299999999998	0.8240149999999999	0.0	0.477534	-0.878073	-0.0308178	0.0	-1.13099	-1.8218599999999998	-3.8441699999999996	0.122351	0.11203099999999999	0.190401	-0.9752930000000001	0.0	0.334959	-0.931267	-0.14332999999999999	0.0	-0.935549	-0.310626	-0.16810799999999998	0.0	0.61937	-2.0261099999999996	-2.70375	0.145557	
1	0.717672	0.41054799999999997	-0.562492	0.0	0.506357	0.246865	0.826232	0.0	0.47806800000000005	-0.8777860000000001	-0.030715499999999996	0.0	-1.12411	-1.82106	-3.8399099999999997	0.121825	0.11555399999999999	0.192666	-0.9744370000000001	0.0	0.335345	-0.9309780000000001	-0.144306	0.0	-0.934982	-0.31009699999999996	-0.172188	0.0	0.621922	-2.02715	-2.69406	0.145573	
1	0.718793	0.41586999999999996	-0.557125	0.0	0.500675	0.24634	0.829844	0.0	0.48234899999999997	-0.875425	-0.031147700000000004	0.0	-1.1169200000000001	-1.81208	-3.83416	0.122242	0.12021400000000002	0.195689	-0.9732700000000001	0.0	0.340147	-0.929156	-0.144806	0.0	-0.932657	-0.31364699999999995	-0.178261	0.0	0.624169	-2.0141299999999998	-2.67938	0.145655	
1	0.71909	0.43595100000000003	-0.541162	0.0	0.484134	0.24437399999999998	0.840176	0.0	0.498522	-0.866157	-0.0353319	0.0	-1.08514	-1.80415	-3.84867	0.122248	0.129626	0.210779	-0.968901	0.0	0.358817	-0.9208940000000001	-0.15233	0.0	-0.9243629999999999	-0.327912	-0.195003	0.0	0.643025	-1.99062	-2.67253	0.145625	
1	0.706182	0.45947	-0.538697	0.0	0.478825	0.250552	0.841398	0.0	0.521568	-0.8521219999999999	-0.043070300000000006	0.0	-1.08128	-1.6987900000000002	-3.7547099999999998	0.354587	0.15151900000000001	0.266837	-0.9517559999999999	0.0	0.385804	-0.902467	-0.191598	0.0	-0.9100530000000001	-0.338161	-0.239688	0.0	0.684416	-2.12395	-2.7957799999999997	0.14553	
1	0.691024	0.479121	-0.541229	0.0	0.47833000000000003	0.258265	0.8393450000000001	0.0	0.541928	-0.838894	-0.0507106	0.0	-1.04669	-1.6631799999999999	-3.76994	0.34835	0.168113	0.298689	-0.939427	0.0	0.401686	-0.8910389999999999	-0.211421	0.0	-0.900215	-0.341812	-0.26977399999999996	0.0	0.782227	-2.11974	-2.87226	0.145529	
1	0.677412	0.49236800000000003	-0.5465220000000001	0.0	0.497003	0.241385	0.8335	0.0	0.542311	-0.8362459999999999	-0.0811914	0.0	-1.1238	-1.60646	-3.80055	0.34926599999999997	0.19375599999999998	0.309167	-0.931061	0.0	0.405277	-0.8895049999999999	-0.211029	0.0	-0.893426	-0.336449	-0.297646	0.0	0.9382879999999999	-2.0761	-2.94437	0.145501	
1	0.666774	0.503429	-0.54952	0.0	0.5005649999999999	0.243747	0.830676	0.0	0.552131	-0.828943	-0.0894745	0.0	-1.1889	-1.57536	-3.8221800000000004	0.34969	0.21254	0.30025799999999997	-0.9298770000000001	0.0	0.390498	-0.8984270000000001	-0.200848	0.0	-0.895733	-0.320427	-0.308202	0.0	1.05098	-2.04617	-2.99326	0.145529	
1	0.6066630000000001	0.549999	-0.573987	0.0	0.5028600000000001	0.293721	0.812933	0.0	0.6157050000000001	-0.7818109999999999	-0.098383	0.0	-1.32994	-1.48529	-3.8611	0.349825	0.254269	0.268644	-0.929074	0.0	0.357957	-0.918566	-0.16764	0.0	-0.898451	-0.289943	-0.329726	0.0	1.30891	-1.97672	-3.01653	0.14552400000000001	
2	0.52756	0.58899	-0.612186	0.0	0.507376	0.359526	0.783142	0.0	0.681359	-0.723763	-0.109168	0.0	-1.51478	-1.4361700000000002	-3.8658	0.349858	0.317673	0.232841	-0.919168	0.0	0.33873000000000003	-0.933284	-0.119349	0.0	-0.885633	-0.273435	-0.375349	0.0	1.7836	-1.97407	-2.97324	0.145522	
2	0.4527	0.611163	-0.6492640000000001	0.0	0.48772	0.43984700000000004	0.7540979999999999	0.0	0.7464529999999999	-0.658039	-0.0989575	0.0	-1.65698	-1.48118	-3.8447400000000003	0.349697	0.382972	0.159511	-0.909884	0.0	0.27937199999999995	-0.9588540000000001	-0.050507199999999995	0.0	-0.880502	-0.234854	-0.41177700000000006	0.0	2.20818	-2.02707	-2.87236	0.145509	
2	0.42114300000000005	0.62012	-0.661883	0.0	0.475749	0.470272	0.743308	0.0	0.772205	-0.62793	-0.0969696	0.0	-1.6905599999999998	-1.4893299999999998	-3.81561	0.349049	0.411288	0.112161	-0.9045790000000001	0.0	0.23424899999999999	-0.972076	-0.0140237	0.0	-0.880892	-0.20612800000000003	-0.426076	0.0	2.3830400000000003	-2.05539	-2.80429	0.145533	
2	0.370744	0.635667	-0.677109	0.0	0.463416	0.505204	0.7280220000000001	0.0	0.8048569999999999	-0.583692	-0.107277	0.0	-1.78243	-1.56684	-3.76194	0.348848	0.448779	0.012835599999999999	-0.89355	0.0	0.161193	-0.9846590000000001	0.06681360000000001	0.0	-0.878985	-0.174018	-0.443963	0.0	2.73738	-2.19028	-2.5383	0.14552	
2	0.345121	0.640501	-0.6860390000000001	0.0	0.45279899999999995	0.5266350000000001	0.719464	0.0	0.82211	-0.55894	-0.10826500000000001	0.0	-1.8290099999999998	-1.65819	-3.7223599999999997	0.348165	0.467955	-0.0153824	-0.883618	0.0	0.182673	-0.9765719999999999	0.11374200000000001	0.0	-0.864667	-0.214639	-0.454182	0.0	2.90484	-2.37088	-2.33407	0.145513	
2	0.336914	0.639733	-0.690819	0.0	0.44859399999999994	0.5360149999999999	0.715158	0.0	0.8278	-0.550844	-0.10639000000000001	0.0	-1.8481599999999998	-1.71564	-3.6989900000000002	0.347826	0.478745	-0.0366901	-0.877187	0.0	0.193681	-0.970097	0.146282	0.0	-0.856324	-0.239927	-0.457323	0.0	2.97991	-2.47962	-2.2528900000000003	0.145533	
2	0.313933	0.632872	-0.707756	0.0	0.43950900000000004	0.563895	0.699181	0.0	0.841592	-0.530562	-0.101128	0.0	-1.8803	-1.8524	-3.6225099999999997	0.347353	0.495996	-0.0869818	-0.863958	0.0	0.189192	-0.960241	0.20529	0.0	-0.847464	-0.265277	-0.459819	0.0	3.1413	-2.72539	-2.0470599999999997	0.145518	
2	0.307151	0.634071	-0.709657	0.0	0.439233	0.567072	0.6967810000000001	0.0	0.8442350000000001	-0.525722	-0.104328	0.0	-1.88802	-1.86978	-3.59301	0.34665999999999997	0.49563100000000004	-0.108703	-0.8617040000000001	0.0	0.18274100000000001	-0.9568770000000001	0.22581700000000002	0.0	-0.849091	-0.26939	-0.45439399999999996	0.0	3.15283	-2.7816	-1.98632	0.14553	
2	0.306588	0.635253	-0.708842	0.0	0.436305	0.568071	0.697806	0.0	0.8459559999999999	-0.523211	-0.10300000000000001	0.0	-1.91762	-1.9389	-3.5622599999999998	0.346209	0.501462	-0.141467	-0.8535360000000001	0.0	0.200233	-0.940781	0.273567	0.0	-0.841691	-0.308089	-0.443439	0.0	3.14739	-2.8295	-1.93465	0.145518	
2	0.30698400000000003	0.635415	-0.708526	0.0	0.436645	0.567459	0.698091	0.0	0.8456370000000001	-0.5236770000000001	-0.10325	0.0	-1.9184599999999998	-1.94297	-3.55957	0.34621799999999997	0.503188	-0.144272	-0.852049	0.0	0.20378800000000002	-0.938349	0.27923400000000004	0.0	-0.8398049999999999	-0.314144	-0.44276499999999996	0.0	3.1449599999999998	-2.82484	-1.93622	0.145515	
