3	0.475156	0.734957	-0.483803	0.0	0.567588	0.16413599999999998	0.806786	0.0	0.672362	-0.65795	-0.33916199999999996	0.0	-2.78579	2.01537	1.37565	-2.21729e-05	-0.5060899999999999	0.6533140000000001	-0.563075	0.0	0.712164	-0.051724599999999996	-0.700105	0.0	-0.48651300000000003	-0.755318	-0.43909	0.0	2.6381799999999997	2.0101	1.53757	-1.7304000000000002e-05	
3	0.206723	0.9361889999999999	-0.284281	0.0	0.311185	0.212556	0.9262739999999999	0.0	0.927594	-0.27994600000000003	-0.24738800000000002	0.0	-2.87805	2.1957400000000002	1.0641100000000001	0.0	-0.11237	0.8749969999999999	-0.47090699999999996	0.0	0.480613	-0.366927	-0.796477	0.0	-0.869704	-0.315824	-0.379303	0.0	2.73033	2.1886799999999997	1.31964	0.0	
3	0.162547	0.942133	-0.293195	0.0	0.302596	0.235231	0.923635	0.0	0.939156	-0.23885399999999998	-0.24685	0.0	-2.85391	2.26857	0.9440430000000001	0.0	-0.10881600000000001	0.887964	-0.446855	0.0	0.496411	-0.34092100000000003	-0.798341	0.0	-0.86124	-0.308696	-0.403697	0.0	2.70133	2.17762	1.2125700000000001	0.0	
3	0.110082	0.939157	-0.325371	0.0	0.311704	0.278225	0.908533	0.0	0.943781	-0.201433	-0.262112	0.0	-2.7871900000000003	2.35641	0.8946790000000001	0.0	-0.15473599999999998	0.905869	-0.394282	0.0	0.487267	-0.27719699999999997	-0.82809	0.0	-0.8594350000000001	-0.320256	-0.398508	0.0	2.7568799999999998	2.10827	1.12847	0.0	
3	0.0519115	0.9357190000000001	-0.348907	0.0	0.32961599999999996	0.313744	0.890459	0.0	0.942687	-0.16122999999999998	-0.292141	0.0	-2.80016	2.4718299999999997	0.8207690000000001	0.258292	-0.18648199999999998	0.916852	-0.352996	0.0	0.483196	-0.227248	-0.845506	0.0	-0.8554209999999999	-0.32823800000000003	-0.400642	0.0	2.79897	2.145	1.0882399999999999	0.35780300000000004	
3	0.00941224	0.9306120000000001	-0.36588699999999996	0.0	0.332779	0.342131	0.8787510000000001	0.0	0.942958	-0.130031	-0.30646799999999996	0.0	-2.67862	2.6457900000000003	0.758156	0.344542	-0.192395	0.898382	-0.394835	0.0	0.529133	-0.243877	-0.812737	0.0	-0.8264389999999999	-0.365287	-0.428443	0.0	2.75888	2.18831	1.03114	0.360137	
3	0.043569699999999996	0.9234600000000001	-0.381214	0.0	0.37456100000000003	0.338644	0.8631479999999999	0.0	0.9261780000000001	-0.180395	-0.331138	0.0	-2.65751	2.75437	0.707723	0.344638	-0.1947	0.864734	-0.462955	0.0	0.587639	-0.275072	-0.7609319999999999	0.0	-0.785349	-0.420203	-0.45459499999999997	0.0	2.80769	2.22286	0.941765	0.35923	
3	0.136444	0.90105	-0.411695	0.0	0.40724	0.327826	0.852459	0.0	0.903072	-0.28397100000000003	-0.322213	0.0	-2.65072	2.68623	0.642085	0.343437	-0.149231	0.803496	-0.576303	0.0	0.628474	-0.37288499999999997	-0.682625	0.0	-0.7633810000000001	-0.46406000000000003	-0.44933100000000004	0.0	2.7823599999999997	2.20966	0.8361879999999999	0.35933699999999996	
3	0.235091	0.849354	-0.47257899999999997	0.0	0.454254	0.333831	0.8259610000000001	0.0	0.859294	-0.40884699999999996	-0.307342	0.0	-2.59586	2.34425	0.44734300000000005	0.34615	-0.185803	0.723263	-0.665108	0.0	0.664057	-0.406484	-0.627534	0.0	-0.724228	-0.558267	-0.404762	0.0	2.63917	1.95816	0.674565	0.359468	
3	0.353486	0.751452	-0.557106	0.0	0.534803	0.326281	0.7794399999999999	0.0	0.7674850000000001	-0.5734630000000001	-0.286544	0.0	-2.5849	1.76423	0.125301	0.346433	-0.234438	0.642046	-0.729942	0.0	0.697181	-0.412238	-0.586514	0.0	-0.6774789999999999	-0.646403	-0.350978	0.0	2.41252	1.5108700000000002	0.370234	0.36003	
3	0.397282	0.660667	-0.636936	0.0	0.5971390000000001	0.340922	0.726083	0.0	0.6968449999999999	-0.668799	-0.25906799999999996	0.0	-2.68909	1.1113899999999999	-0.336975	0.347403	-0.256656	0.5809840000000001	-0.7723899999999999	0.0	0.737987	-0.398239	-0.544776	0.0	-0.624102	-0.709834	-0.326548	0.0	2.25101	1.0055100000000001	-0.0776525	0.359142	
3	0.392185	0.6101260000000001	-0.688431	0.0	0.632314	0.364747	0.683476	0.0	0.6681090000000001	-0.703353	-0.242743	0.0	-2.75792	0.660351	-0.750476	0.34634699999999996	-0.250399	0.549752	-0.7969149999999999	0.0	0.763943	-0.393448	-0.511459	0.0	-0.59472	-0.736866	-0.32145999999999997	0.0	2.13616	0.636868	-0.48810299999999995	0.358533	
3	0.345507	0.592964	-0.727337	0.0	0.6691520000000001	0.38772399999999996	0.633961	0.0	0.657922	-0.705737	-0.262821	0.0	-2.80818	0.335909	-1.19431	0.346534	-0.246336	0.520949	-0.8172699999999999	0.0	0.7863899999999999	-0.385448	-0.48272299999999996	0.0	-0.566489	-0.761605	-0.31472	0.0	2.0089900000000003	0.252794	-0.897847	0.357745	
3	0.284553	0.582182	-0.7616390000000001	0.0	0.708667	0.407308	0.576101	0.0	0.645617	-0.70368	-0.296672	0.0	-2.78782	0.0835781	-1.6488900000000002	0.346947	-0.238923	0.48234	-0.842772	0.0	0.8038609999999999	-0.388623	-0.45031099999999996	0.0	-0.544723	-0.785061	-0.294883	0.0	1.9071900000000002	-0.15631199999999998	-1.28125	0.35775999999999997	
3	0.261662	0.5708979999999999	-0.778208	0.0	0.734731	0.405027	0.5441729999999999	0.0	0.625862	-0.714163	-0.31347600000000003	0.0	-2.79908	-0.132888	-1.9266400000000001	0.34732399999999997	-0.23369499999999999	0.468311	-0.8520979999999999	0.0	0.816607	-0.381157	-0.43344399999999994	0.0	-0.5277689999999999	-0.7971229999999999	-0.293352	0.0	1.85	-0.43250500000000003	-1.5762	0.356984	
3	0.241752	0.5762470000000001	-0.780702	0.0	0.767722	0.378459	0.51708	0.0	0.593429	-0.724367	-0.350905	0.0	-2.8334799999999998	-0.307469	-2.2192	0.346709	-0.211875	0.45618000000000003	-0.864297	0.0	0.8316049999999999	-0.380398	-0.404636	0.0	-0.513363	-0.8044859999999999	-0.298765	0.0	1.81762	-0.63238	-1.8320900000000002	0.3564	
3	0.211558	0.571876	-0.7925909999999999	0.0	0.7876350000000001	0.380393	0.484699	0.0	0.578683	-0.726815	-0.36995500000000003	0.0	-2.89272	-0.5235989999999999	-2.55491	0.34658	-0.20266800000000001	0.43322200000000005	-0.8782049999999999	0.0	0.8414809999999999	-0.381628	-0.382452	0.0	-0.500834	-0.816504	-0.28720500000000004	0.0	1.8169099999999998	-0.877599	-2.04549	0.35633000000000004	
3	0.199218	0.557719	-0.805768	0.0	0.78888	0.396529	0.469504	0.0	0.5813619999999999	-0.729187	-0.360978	0.0	-2.94738	-0.6459590000000001	-2.66962	0.34636300000000003	-0.20133099999999998	0.425795	-0.882136	0.0	0.8452049999999999	-0.379652	-0.376155	0.0	-0.49506999999999995	-0.821318	-0.28344899999999995	0.0	1.82325	-0.9937739999999999	-2.1198799999999998	0.356582	
3	0.189057	0.534093	-0.824016	0.0	0.801255	0.401202	0.443877	0.0	0.567669	-0.744165	-0.352095	0.0	-3.04451	-1.07381	-2.83575	0.34475500000000003	-0.192966	0.407407	-0.8926280000000001	0.0	0.85777	-0.37169	-0.355074	0.0	-0.476441	-0.8341860000000001	-0.277738	0.0	1.94058	-1.39506	-2.3928700000000003	0.355804	
3	0.11152000000000001	0.548938	-0.82839	0.0	0.756268	0.493899	0.429096	0.0	0.644688	-0.674338	-0.360065	0.0	-3.1447599999999998	-1.33877	-2.95588	0.330415	-0.165098	0.4088	-0.897566	0.0	0.850649	-0.401543	-0.339352	0.0	-0.49913900000000005	-0.8195399999999999	-0.281451	0.0	2.10968	-1.76112	-2.47927	0.356012	
3	0.0896582	0.568307	-0.817917	0.0	0.736817	0.5146970000000001	0.438391	0.0	0.670121	-0.641961	-0.37259200000000003	0.0	-3.06731	-1.3937700000000002	-2.98793	0.287538	-0.053665199999999996	0.390216	-0.919158	0.0	0.795022	-0.540265	-0.275779	0.0	-0.604202	-0.7455510000000001	-0.281236	0.0	2.208	-1.9032	-2.53356	0.351785	
3	0.0874832	0.567298	-0.8188529999999999	0.0	0.73425	0.518798	0.437866	0.0	0.6732199999999999	-0.639548	-0.371152	0.0	-3.0103299999999997	-1.41469	-2.98581	0.281876	-0.067966	0.386297	-0.919867	0.0	0.800346	-0.529373	-0.281444	0.0	-0.5956739999999999	-0.755341	-0.273192	0.0	2.12843	-1.9211099999999999	-2.52713	0.351136	
3	0.09377200000000001	0.5613739999999999	-0.822233	0.0	0.7385510000000001	0.514606	0.43557299999999993	0.0	0.6676449999999999	-0.648105	-0.366347	0.0	-2.97092	-1.43734	-2.94787	0.28633000000000003	-0.08621380000000001	0.378919	-0.9214049999999999	0.0	0.809172	-0.5129100000000001	-0.286642	0.0	-0.581212	-0.770288	-0.262391	0.0	2.0851599999999997	-1.94534	-2.48107	0.357074	
3	0.0903922	0.565362	-0.819875	0.0	0.737955	0.5148	0.436352	0.0	0.668769	-0.644474	-0.370678	0.0	-2.97073	-1.43275	-2.95376	0.294157	-0.0864575	0.379175	-0.921277	0.0	0.809843	-0.511841	-0.286661	0.0	-0.580242	-0.7708729999999999	-0.26282	0.0	2.08189	-1.95682	-2.4485099999999997	0.357221	
3	0.09040060000000001	0.5653600000000001	-0.819876	0.0	0.7379439999999999	0.514808	0.43636199999999997	0.0	0.66878	-0.64447	-0.370665	0.0	-2.97072	-1.4328299999999998	-2.95365	0.294138	-0.08642910000000001	0.379179	-0.921278	0.0	0.809826	-0.5118729999999999	-0.28665	0.0	-0.5802689999999999	-0.77085	-0.262829	0.0	2.08187	-1.9567299999999999	-2.4488	0.357219	
3	0.09040060000000001	0.5653600000000001	-0.819876	0.0	0.7379439999999999	0.514808	0.43636199999999997	0.0	0.66878	-0.64447	-0.370665	0.0	-2.97072	-1.4328299999999998	-2.95365	0.294137	-0.08642910000000001	0.379179	-0.921278	0.0	0.809826	-0.5118729999999999	-0.28665	0.0	-0.5802689999999999	-0.77085	-0.262829	0.0	2.08187	-1.9567299999999999	-2.4488	0.357219	
3	0.09040060000000001	0.5653600000000001	-0.819876	0.0	0.7379439999999999	0.514808	0.43636199999999997	0.0	0.66878	-0.64447	-0.370665	0.0	-2.97072	-1.4328299999999998	-2.95365	0.294137	-0.0864292	0.379179	-0.921278	0.0	0.809826	-0.5118729999999999	-0.28665	0.0	-0.5802689999999999	-0.77085	-0.262829	0.0	2.08187	-1.9567299999999999	-2.4488	0.357219	
3	0.09040060000000001	0.5653600000000001	-0.819876	0.0	0.7379439999999999	0.514808	0.43636199999999997	0.0	0.66878	-0.64447	-0.370665	0.0	-2.97072	-1.4328299999999998	-2.95365	0.294137	-0.0864292	0.379179	-0.921278	0.0	0.809826	-0.5118729999999999	-0.28665	0.0	-0.5802689999999999	-0.77085	-0.262829	0.0	2.08187	-1.9567299999999999	-2.4488	0.357219	
3	0.09040060000000001	0.5653600000000001	-0.819876	0.0	0.7379439999999999	0.514808	0.43636199999999997	0.0	0.66878	-0.64447	-0.370665	0.0	-2.97072	-1.4328299999999998	-2.95365	0.294137	-0.08642910000000001	0.379179	-0.921278	0.0	0.809826	-0.5118729999999999	-0.28665	0.0	-0.5802689999999999	-0.77085	-0.262829	0.0	2.08187	-1.9567299999999999	-2.4488	0.357219	
3	0.09040060000000001	0.5653600000000001	-0.819876	0.0	0.7379439999999999	0.514808	0.43636199999999997	0.0	0.66878	-0.64447	-0.370665	0.0	-2.97072	-1.4328299999999998	-2.95365	0.294137	-0.0864292	0.379179	-0.921278	0.0	0.809826	-0.5118729999999999	-0.28665	0.0	-0.5802689999999999	-0.77085	-0.262829	0.0	2.08187	-1.9567299999999999	-2.4488	0.357219	
3	0.09040060000000001	0.5653600000000001	-0.819876	0.0	0.7379439999999999	0.514808	0.43636199999999997	0.0	0.66878	-0.64447	-0.370665	0.0	-2.97072	-1.4328299999999998	-2.95365	0.294137	-0.08642910000000001	0.379179	-0.921278	0.0	0.809826	-0.5118729999999999	-0.28665	0.0	-0.5802689999999999	-0.77085	-0.262829	0.0	2.08187	-1.9567299999999999	-2.4488	0.357219	
3	0.09040060000000001	0.5653600000000001	-0.819876	0.0	0.7379439999999999	0.514808	0.43636199999999997	0.0	0.66878	-0.64447	-0.370665	0.0	-2.97072	-1.4328299999999998	-2.95365	0.294137	-0.08642910000000001	0.379179	-0.921278	0.0	0.809826	-0.5118729999999999	-0.28665	0.0	-0.5802689999999999	-0.77085	-0.262829	0.0	2.08187	-1.9567299999999999	-2.4488	0.357219	
3	0.09040060000000001	0.5653600000000001	-0.819876	0.0	0.7379439999999999	0.514808	0.43636199999999997	0.0	0.66878	-0.64447	-0.370665	0.0	-2.97072	-1.4328299999999998	-2.95365	0.294137	-0.08642910000000001	0.379179	-0.921278	0.0	0.809826	-0.5118729999999999	-0.28665	0.0	-0.5802689999999999	-0.77085	-0.262829	0.0	2.08187	-1.9567299999999999	-2.4488	0.357219	
3	0.09040060000000001	0.5653600000000001	-0.819876	0.0	0.7379439999999999	0.514808	0.43636199999999997	0.0	0.66878	-0.64447	-0.370665	0.0	-2.97072	-1.4328299999999998	-2.95365	0.294137	-0.08642910000000001	0.379179	-0.921278	0.0	0.809826	-0.5118729999999999	-0.28665	0.0	-0.5802689999999999	-0.77085	-0.262829	0.0	2.08187	-1.9567299999999999	-2.4488	0.357219	
3	0.09040060000000001	0.5653600000000001	-0.819876	0.0	0.7379439999999999	0.514808	0.43636199999999997	0.0	0.66878	-0.64447	-0.370665	0.0	-2.97072	-1.4328299999999998	-2.95365	0.294137	-0.08642910000000001	0.379179	-0.921278	0.0	0.809826	-0.5118729999999999	-0.28665	0.0	-0.5802689999999999	-0.77085	-0.262829	0.0	2.08187	-1.9567299999999999	-2.4488	0.357219	
3	0.09040060000000001	0.5653600000000001	-0.819876	0.0	0.7379439999999999	0.514808	0.43636199999999997	0.0	0.66878	-0.64447	-0.370665	0.0	-2.97072	-1.4328299999999998	-2.95365	0.294137	-0.0864292	0.379179	-0.921278	0.0	0.809826	-0.5118729999999999	-0.28665	0.0	-0.5802689999999999	-0.77085	-0.262829	0.0	2.08187	-1.9567299999999999	-2.4488	0.357219	
3	0.174348	0.5757979999999999	-0.798786	0.0	0.68743	0.5096350000000001	0.517409	0.0	0.705013	-0.639319	-0.306967	0.0	-3.0101	-1.47451	-3.0107	0.34680900000000003	0.0199873	0.440147	-0.8977040000000001	0.0	0.7368399999999999	-0.61337	-0.284331	0.0	-0.675772	-0.6557810000000001	-0.336577	0.0	2.01995	-1.94687	-2.45894	0.345063	
3	0.17577	0.575206	-0.798901	0.0	0.6974520000000001	0.49996	0.51342	0.0	0.6947409999999999	-0.647439	-0.313301	0.0	-3.05477	-1.47114	-3.08435	0.346486	0.0141137	0.439433	-0.898165	0.0	0.733574	-0.614942	-0.289337	0.0	-0.679463	-0.654787	-0.331036	0.0	1.9899900000000001	-1.9731900000000002	-2.51304	0.342765	
3	0.277554	0.531118	-0.800549	0.0	0.72421	0.431861	0.537602	0.0	0.631256	-0.728979	-0.264776	0.0	-3.12255	-1.66777	-3.34404	0.347404	-0.037908199999999996	0.41888800000000004	-0.9072469999999999	0.0	0.75071	-0.587292	-0.302528	0.0	-0.659543	-0.692547	-0.2922	0.0	1.84716	-2.16292	-2.70111	0.345462	
3	0.312446	0.49821000000000004	-0.808804	0.0	0.729583	0.419407	0.540191	0.0	0.608347	-0.7588699999999999	-0.232444	0.0	-3.1722900000000003	-1.8101200000000002	-3.46445	0.347812	-0.0591289	0.4076	-0.911244	0.0	0.755054	-0.57886	-0.307919	0.0	-0.652991	-0.706246	-0.27353299999999997	0.0	1.77167	-2.26533	-2.8006	0.345569	
3	0.42511400000000005	0.37663	-0.82306	0.0	0.738661	0.381183	0.55595	0.0	0.523124	-0.844304	-0.116155	0.0	-3.3035699999999997	-2.32914	-3.7962599999999997	0.348738	-0.10912899999999999	0.378429	-0.919175	0.0	0.773574	-0.548369	-0.31760900000000003	0.0	-0.624239	-0.74571	-0.2329	0.0	1.55211	-2.5794599999999996	-3.1200900000000003	0.346233	
3	0.477954	0.31592800000000004	-0.8196030000000001	0.0	0.732116	0.372294	0.570442	0.0	0.48535200000000006	-0.87269	-0.053356100000000004	0.0	-3.4621	-2.6537599999999997	-4.01126	0.350115	-0.13176300000000002	0.357442	-0.924594	0.0	0.7811899999999999	-0.536742	-0.31882699999999997	0.0	-0.61023	-0.764293	-0.208508	0.0	1.4383299999999999	-2.79894	-3.3322300000000005	0.345937	
3	0.594912	0.212275	-0.775254	0.0	0.684507	0.371788	0.627076	0.0	0.421343	-0.9037219999999999	0.07587730000000001	0.0	-3.5656800000000004	-3.0605900000000004	-4.10102	0.35017	-0.147242	0.340402	-0.92868	0.0	0.77742	-0.5406479999999999	-0.321431	0.0	-0.611505	-0.769302	-0.185029	0.0	1.3276	-2.99565	-3.51307	0.346223	
3	0.690242	0.145292	-0.708842	0.0	0.620033	0.386223	0.682928	0.0	0.37299499999999997	-0.910891	0.176502	0.0	-3.6930199999999997	-3.365	-4.14575	0.35076999999999997	-0.156645	0.325135	-0.9326040000000001	0.0	0.7710560000000001	-0.549823	-0.321196	0.0	-0.6171989999999999	-0.769404	-0.16457	0.0	1.217	-3.13421	-3.58201	0.34663299999999997	
3	0.764914	0.0944431	-0.637171	0.0	0.55204	0.413583	0.724017	0.0	0.331902	-0.9055549999999999	0.264219	0.0	-3.7532699999999997	-3.5805800000000003	-4.09317	0.350938	-0.16530699999999998	0.316387	-0.934116	0.0	0.766486	-0.5548069999999999	-0.32355700000000004	0.0	-0.6206229999999999	-0.769473	-0.150793	0.0	1.0975700000000002	-3.25238	-3.62247	0.346505	
3	0.778423	0.0846035	-0.622012	0.0	0.535939	0.42634799999999995	0.728696	0.0	0.326844	-0.900594	0.286537	0.0	-3.7536199999999997	-3.58039	-4.10158	0.352654	-0.167759	0.315792	-0.9338799999999999	0.0	0.764423	-0.556511	-0.32550300000000004	0.0	-0.622506	-0.768486	-0.148039	0.0	1.06197	-3.27311	-3.6139	0.346534	
3	0.845915	0.033146300000000004	-0.532287	0.0	0.449355	0.49325600000000003	0.744835	0.0	0.287242	-0.869253	0.402358	0.0	-3.7447	-3.5840400000000003	-4.0971	0.35728200000000004	-0.171354	0.318796	-0.932206	0.0	0.760271	-0.559001	-0.330917	0.0	-0.626599	-0.765433	-0.146584	0.0	1.02444	-3.3238300000000005	-3.60184	0.34651	
3	0.8844420000000001	0.00531395	-0.46662	0.0	0.39165500000000003	0.535193	0.748448	0.0	0.253709	-0.8447129999999999	0.47126599999999996	0.0	-3.7325699999999995	-3.5869699999999995	-4.11862	0.36540500000000004	-0.173215	0.317737	-0.9322229999999999	0.0	0.7569060000000001	-0.562666	-0.332417	0.0	-0.630151	-0.763185	-0.143035	0.0	1.00545	-3.34087	-3.60472	0.34658	
3	0.883811	0.0108447	-0.46771899999999994	0.0	0.38310700000000003	0.557038	0.736843	0.0	0.26852800000000004	-0.8304159999999999	0.488162	0.0	-3.7382800000000005	-3.58806	-4.08445	0.36975399999999997	-0.17644	0.313607	-0.933016	0.0	0.755162	-0.5648569999999999	-0.332667	0.0	-0.631347	-0.763274	-0.13716	0.0	0.971359	-3.35826	-3.58457	0.34673000000000004	
3	0.883986	0.013555000000000001	-0.467317	0.0	0.378629	0.565595	0.732628	0.0	0.27424299999999996	-0.824572	0.494845	0.0	-3.73474	-3.5883599999999998	-4.05396	0.37296	-0.180695	0.31656	-0.9312030000000001	0.0	0.755632	-0.561372	-0.337463	0.0	-0.629579	-0.764625	-0.137766	0.0	0.956991	-3.3779	-3.58146	0.346551	
3	0.88738	0.0185149	-0.46066599999999996	0.0	0.359666	0.597322	0.716831	0.0	0.288438	-0.801787	0.523393	0.0	-3.7335199999999995	-3.5927300000000004	-3.99094	0.371138	-0.184846	0.317655	-0.9300139999999999	0.0	0.757071	-0.557373	-0.34084899999999996	0.0	-0.626637	-0.767092	-0.137459	0.0	0.966124	-3.4110400000000003	-3.6040699999999997	0.34665300000000004	
3	0.884272	0.014459999999999999	-0.46674899999999997	0.0	0.345073	0.6531939999999999	0.6739890000000001	0.0	0.31462399999999996	-0.7570520000000001	0.572612	0.0	-3.74303	-3.6044	-3.92199	0.371896	-0.189564	0.31437600000000004	-0.9301790000000001	0.0	0.756256	-0.557454	-0.342524	0.0	-0.626213	-0.7683840000000001	-0.132076	0.0	0.9797870000000001	-3.4418900000000003	-3.60532	0.346679	
3	0.8785370000000001	0.006130399999999999	-0.477634	0.0	0.344864	0.683732	0.643101	0.0	0.330516	-0.729707	0.5985699999999999	0.0	-3.65614	-3.6174199999999996	-3.5532	0.362689	-0.191471	0.314292	-0.929817	0.0	0.7558159999999999	-0.557161	-0.343969	0.0	-0.626164	-0.76863	-0.130867	0.0	0.98695	-3.46591	-3.6068300000000004	0.346641	
3	0.868761	0.0136148	-0.495044	0.0	0.33755799999999997	0.7151529999999999	0.612055	0.0	0.362365	-0.698835	0.6167020000000001	0.0	-3.5181400000000003	-3.6309400000000003	-3.3050300000000004	0.358944	-0.192235	0.312679	-0.9302030000000001	0.0	0.755293	-0.558052	-0.343672	0.0	-0.6265609999999999	-0.768641	-0.128887	0.0	0.993347	-3.4803	-3.61439	0.346646	
3	0.860353	0.0180192	-0.50938	0.0	0.332694	0.737267	0.588007	0.0	0.386144	-0.675361	0.628315	0.0	-3.3500900000000002	-3.6422	-3.1072	0.356954	-0.192255	0.313816	-0.929816	0.0	0.75457	-0.558508	-0.344518	0.0	-0.627425	-0.7678470000000001	-0.129421	0.0	0.9973420000000001	-3.4856199999999995	-3.61769	0.34660599999999997	
3	0.850058	0.018904	-0.52635	0.0	0.327332	0.7639560000000001	0.55608	0.0	0.412621	-0.644991	0.643219	0.0	-3.3575199999999996	-3.6594900000000004	-3.0908599999999997	0.348875	-0.19453299999999998	0.313237	-0.9295370000000001	0.0	0.752983	-0.559629	-0.346168	0.0	-0.628629	-0.767267	-0.126995	0.0	0.994627	-3.4918199999999997	-3.6122199999999998	0.34660100000000005	
3	0.8473129999999999	0.022778299999999998	-0.530605	0.0	0.32406399999999996	0.769357	0.55052	0.0	0.42076499999999994	-0.638413	0.644505	0.0	-3.3625199999999995	-3.6637699999999995	-3.08843	0.34684899999999996	-0.194606	0.31319600000000003	-0.929536	0.0	0.752832	-0.5597949999999999	-0.34622800000000004	0.0	-0.628787	-0.767162	-0.126845	0.0	0.9951040000000001	-3.5	-3.6089900000000004	0.346585	
3	0.848247	0.016535400000000002	-0.529343	0.0	0.33710100000000004	0.7540279999999999	0.563742	0.0	0.408461	-0.656634	0.6340279999999999	0.0	-3.35891	-3.6505199999999998	-3.08605	0.34924299999999997	-0.197525	0.315335	-0.9281959999999999	0.0	0.751536	-0.55924	-0.349921	0.0	-0.629426	-0.766691	-0.126523	0.0	1.00029	-3.51759	-3.6040300000000003	0.346573	
3	0.8505290000000001	0.00410189	-0.525913	0.0	0.35544899999999996	0.732534	0.580561	0.0	0.38763000000000003	-0.680719	0.621583	0.0	-3.3516199999999996	-3.63321	-3.08505	0.35341100000000003	-0.198397	0.31319400000000003	-0.9287350000000001	0.0	0.7500479999999999	-0.561457	-0.349564	0.0	-0.630926	-0.765948	-0.123519	0.0	1.00486	-3.5224699999999998	-3.5984599999999998	0.346586	
3	0.850616	-0.000581041	-0.525787	0.0	0.35987399999999997	0.729704	0.581397	0.0	0.383331	-0.683763	0.620908	0.0	-3.3508199999999997	-3.63418	-3.08563	0.355142	-0.19936099999999998	0.312959	-0.928608	0.0	0.7493890000000001	-0.561904	-0.35025700000000004	0.0	-0.631404	-0.765716	-0.12250599999999999	0.0	1.00745	-3.5246199999999996	-3.59401	0.346641	
3	0.8481690000000001	-0.016267300000000002	-0.5294760000000001	0.0	0.383835	0.7077260000000001	0.593123	0.0	0.365075	-0.7063	0.6065149999999999	0.0	-3.3477	-3.63352	-3.07105	0.352555	-0.200095	0.313295	-0.928336	0.0	0.748993	-0.561921	-0.351076	0.0	-0.631642	-0.765566	-0.12221900000000001	0.0	1.01471	-3.5255300000000003	-3.5857900000000003	0.34671199999999996	
3	0.847385	-0.0167079	-0.530716	0.0	0.38354099999999997	0.710468	0.5900270000000001	0.0	0.367198	-0.703531	0.608448	0.0	-3.34844	-3.63409	-3.07125	0.352443	-0.20035	0.313203	-0.928312	0.0	0.74895	-0.561891	-0.351216	0.0	-0.631612	-0.765626	-0.121999	0.0	1.01506	-3.5247800000000002	-3.58581	0.346794	
3	0.8460639999999999	-0.0234306	-0.532567	0.0	0.380794	0.725701	0.573022	0.0	0.373058	-0.687611	0.622911	0.0	-3.34922	-3.63697	-3.07514	0.349707	-0.200665	0.312746	-0.928398	0.0	0.747211	-0.564022	-0.351503	0.0	-0.633568	-0.7642439999999999	-0.12050799999999999	0.0	1.01722	-3.5271199999999996	-3.5813800000000002	0.346684	
3	0.8473649999999999	-0.0249924	-0.530423	0.0	0.38142600000000004	0.7236100000000001	0.575242	0.0	0.36944299999999997	-0.689757	0.622694	0.0	-3.34688	-3.6359199999999996	-3.07567	0.349499	-0.200712	0.310662	-0.9290879999999999	0.0	0.746975	-0.5650729999999999	-0.350315	0.0	-0.633832	-0.764318	-0.11864000000000001	0.0	1.00607	-3.52527	-3.5809900000000003	0.346699	
3	0.858333	-0.0461915	-0.511009	0.0	0.39364099999999996	0.698094	0.59809	0.0	0.329106	-0.714514	0.61738	0.0	-3.32225	-3.6269199999999997	-3.08299	0.34886	-0.202516	0.312512	-0.928075	0.0	0.746791	-0.563771	-0.352796	0.0	-0.633475	-0.764526	-0.119209	0.0	0.9963059999999999	-3.52995	-3.5596099999999997	0.346748	
3	0.8581549999999999	-0.0585077	-0.510045	0.0	0.404317	0.689264	0.601201	0.0	0.31638099999999997	-0.722144	0.615151	0.0	-3.3199699999999996	-3.6247800000000003	-3.0819	0.351799	-0.204202	0.314542	-0.927019	0.0	0.745898	-0.563297	-0.355434	0.0	-0.6339859999999999	-0.764042	-0.11959000000000002	0.0	0.9992219999999999	-3.5358	-3.55789	0.346624	
3	0.8223290000000001	-0.0777071	-0.563681	0.0	0.475951	0.636841	0.6065510000000001	0.0	0.311842	-0.767069	0.5606770000000001	0.0	-3.3574	-3.60601	-3.01923	0.343113	-0.208927	0.312668	-0.9266	0.0	0.743114	-0.565178	-0.358267	0.0	-0.635713	-0.763421	-0.11426700000000001	0.0	0.9946309999999999	-3.5687699999999998	-3.5409800000000002	0.34686100000000003	
3	0.790063	-0.0882865	-0.606635	0.0	0.52875	0.598879	0.601471	0.0	0.310199	-0.7959579999999999	0.519834	0.0	-3.38565	-3.59565	-2.97368	0.347412	-0.211623	0.310684	-0.9266559999999999	0.0	0.7424430000000001	-0.565499	-0.359151	0.0	-0.635605	-0.763994	-0.11099200000000001	0.0	0.978513	-3.5708800000000003	-3.52926	0.346936	
3	0.788932	-0.0907858	-0.607737	0.0	0.5327430000000001	0.593929	0.602855	0.0	0.306222	-0.799379	0.516935	0.0	-3.38485	-3.59401	-2.9723900000000003	0.34879699999999997	-0.21173000000000003	0.31032600000000005	-0.926752	0.0	0.74271	-0.5652659999999999	-0.358964	0.0	-0.635257	-0.764311	-0.11079800000000001	0.0	0.977658	-3.56848	-3.5287599999999997	0.346941	
3	0.780094	-0.140427	-0.6097	0.0	0.5663630000000001	0.572591	0.592767	0.0	0.265868	-0.807725	0.526207	0.0	-3.3667599999999998	-3.59205	-2.97022	0.344884	-0.21327800000000002	0.307641	-0.927292	0.0	0.7451409999999999	-0.562643	-0.358048	0.0	-0.631884	-0.7673270000000001	-0.10923699999999999	0.0	0.9824790000000001	-3.55137	-3.53186	0.346798	
3	0.783758	-0.166801	-0.598248	0.0	0.572149	0.568627	0.591024	0.0	0.24159699999999998	-0.805507	0.541101	0.0	-3.35311	-3.5934199999999996	-2.9750799999999997	0.342767	-0.212865	0.30740700000000004	-0.927464	0.0	0.744624	-0.563555	-0.35769	0.0	-0.632633	-0.7667510000000001	-0.10894200000000001	0.0	1.01413	-3.5421	-3.54417	0.34662800000000005	
3	0.78276	-0.178317	-0.59623	0.0	0.581483	0.550921	0.598634	0.0	0.221729	-0.815285	0.534927	0.0	-3.34634	-3.591	-2.97086	0.343966	-0.215202	0.31156999999999996	-0.925534	0.0	0.743783	-0.5618569999999999	-0.362084	0.0	-0.632832	-0.766317	-0.110828	0.0	1.02167	-3.56066	-3.5349699999999995	0.346798	
3	0.785991	-0.178583	-0.591884	0.0	0.580838	0.5412359999999999	0.6080220000000001	0.0	0.211767	-0.821688	0.529134	0.0	-3.3359300000000003	-3.5898199999999996	-2.92698	0.345713	-0.21817199999999998	0.313721	-0.924111	0.0	0.742224	-0.561481	-0.365844	0.0	-0.633644	-0.765714	-0.11035299999999999	0.0	1.02349	-3.5863699999999996	-3.5436099999999997	0.34691	
3	0.786918	-0.184442	-0.588847	0.0	0.580158	0.546199	0.604222	0.0	0.210184	-0.8170970000000001	0.5368189999999999	0.0	-3.3332800000000002	-3.59145	-2.9325200000000002	0.345337	-0.22006199999999998	0.313605	-0.923702	0.0	0.741074	-0.56201	-0.36735999999999996	0.0	-0.634336	-0.765374	-0.108727	0.0	1.01724	-3.5992900000000003	-3.55049	0.346828	
3	0.7643810000000001	-0.21999699999999997	-0.606071	0.0	0.613167	0.5386850000000001	0.5777939999999999	0.0	0.19936800000000002	-0.813277	0.546655	0.0	-3.33625	-3.5956	-2.93357	0.340887	-0.221741	0.310341	-0.9244020000000001	0.0	0.738638	-0.5654359999999999	-0.36700900000000003	0.0	-0.636588	-0.76418	-0.103849	0.0	0.986244	-3.6150300000000004	-3.5489900000000003	0.346875	
3	0.761143	-0.23301100000000002	-0.605283	0.0	0.618908	0.5400010000000001	0.570397	0.0	0.193945	-0.808768	0.55523	0.0	-3.3332300000000004	-3.59784	-2.93701	0.33853099999999997	-0.22350599999999998	0.309687	-0.9241969999999999	0.0	0.73897	-0.564455	-0.36785300000000004	0.0	-0.635586	-0.76517	-0.102691	0.0	0.978517	-3.6128199999999997	-3.5481800000000003	0.346808	
3	0.745449	-0.251064	-0.6174729999999999	0.0	0.636179	0.5444720000000001	0.54665	0.0	0.198952	-0.800323	0.5655979999999999	0.0	-3.3350800000000005	-3.60278	-2.95796	0.333354	-0.227082	0.31150900000000004	-0.9227110000000001	0.0	0.741531	-0.558892	-0.371176	0.0	-0.631321	-0.768506	-0.10407899999999999	0.0	1.0018	-3.61545	-3.53989	0.346814	
3	0.7379640000000001	-0.262284	-0.621785	0.0	0.644951	0.5452859999999999	0.535445	0.0	0.19861199999999998	-0.7961600000000001	0.571562	0.0	-3.33574	-3.60534	-2.96463	0.331596	-0.22757800000000003	0.311208	-0.92269	0.0	0.740524	-0.559995	-0.37152399999999997	0.0	-0.632323	-0.767825	-0.10301500000000001	0.0	1.03552	-3.6180800000000004	-3.53139	0.346619	
3	0.7335109999999999	-0.26429899999999995	-0.626185	0.0	0.6505310000000001	0.539904	0.534147	0.0	0.196906	-0.7991550000000001	0.56796	0.0	-3.33641	-3.6046199999999997	-2.96323	0.33110500000000004	-0.227983	0.31017100000000003	-0.92294	0.0	0.739503	-0.561454	-0.371357	0.0	-0.633372	-0.7671789999999999	-0.101371	0.0	1.0412299999999999	-3.6180800000000004	-3.5337400000000003	0.34683	
3	0.69065	-0.30888699999999997	-0.6539050000000001	0.0	0.689032	0.555658	0.46527299999999994	0.0	0.219631	-0.7719020000000001	0.596598	0.0	-3.3219	-3.61668	-3.00243	0.330525	-0.23212199999999997	0.30727899999999997	-0.922875	0.0	0.737695	-0.562787	-0.37293000000000004	0.0	-0.633975	-0.767366	-0.0960431	0.0	1.03026	-3.61447	-3.53166	0.347547	
3	0.669076	-0.33755999999999997	-0.662111	0.0	0.702393	0.578339	0.41493100000000005	0.0	0.24286100000000002	-0.742683	0.624052	0.0	-3.3212099999999998	-3.6267300000000002	-3.0324400000000002	0.339692	-0.23530399999999999	0.305842	-0.9225469999999999	0.0	0.7372	-0.562407	-0.37447800000000003	0.0	-0.633378	-0.7682180000000001	-0.09313010000000001	0.0	1.02833	-3.6141400000000004	-3.5329	0.347234	
3	0.653676	-0.36416	-0.663397	0.0	0.706471	0.607908	0.36241799999999996	0.0	0.271306	-0.705575	0.654643	0.0	-3.3273599999999997	-3.6388599999999998	-3.0643	0.352554	-0.237459	0.304105	-0.9225690000000001	0.0	0.736747	-0.562601	-0.37508	0.0	-0.633101	-0.768766	-0.0904533	0.0	1.02843	-3.6138199999999996	-3.5351800000000004	0.347056	
3	0.6411789999999999	-0.361327	-0.677002	0.0	0.7050960000000001	0.625577	0.333906	0.0	0.30286799999999997	-0.691445	0.655877	0.0	-3.3456699999999997	-3.64456	-3.06265	0.350073	-0.238585	0.304518	-0.922142	0.0	0.7363729999999999	-0.562329	-0.376219	0.0	-0.633113	-0.7688010000000001	-0.090076	0.0	1.0298	-3.61389	-3.5352	0.346933	
3	0.645839	-0.345265	-0.6809430000000001	0.0	0.6909529999999999	0.643727	0.328938	0.0	0.324771	-0.682941	0.654306	0.0	-3.36145	-3.64269	-3.05735	0.356111	-0.23936500000000002	0.304892	-0.921816	0.0	0.734943	-0.563524	-0.377226	0.0	-0.634479	-0.767777	-0.08919099999999999	0.0	1.0311700000000001	-3.6141199999999998	-3.53574	0.34731300000000004	
3	0.659261	-0.31795300000000004	-0.681381	0.0	0.682705	0.632869	0.365227	0.0	0.3151	-0.705962	0.6342939999999999	0.0	-3.3669300000000004	-3.6324099999999997	-3.04153	0.356808	-0.24040100000000003	0.304684	-0.921616	0.0	0.733061	-0.565369	-0.378127	0.0	-0.636262	-0.766502	-0.08743669999999999	0.0	1.03193	-3.61436	-3.5366800000000005	0.34765999999999997	
3	0.6671020000000001	-0.315257	-0.674972	0.0	0.68279	0.621114	0.384727	0.0	0.29794699999999996	-0.7175159999999999	0.6296010000000001	0.0	-3.3584699999999996	-3.62994	-3.04359	0.356796	-0.24282600000000001	0.303305	-0.921434	0.0	0.730792	-0.567465	-0.379377	0.0	-0.637949	-0.7654989999999999	-0.0838575	0.0	1.0066	-3.61726	-3.51515	0.34779099999999996	
3	0.668166	-0.320143	-0.671612	0.0	0.68283	0.6223380000000001	0.38267199999999996	0.0	0.29546	-0.714286	0.634429	0.0	-3.35563	-3.6316300000000004	-3.04707	0.356667	-0.243304	0.302528	-0.9215639999999999	0.0	0.730762	-0.567585	-0.379255	0.0	-0.6378010000000001	-0.765718	-0.08298029999999999	0.0	1.0054299999999998	-3.6171	-3.51586	0.347775	
3	0.686519	-0.33036	-0.64773	0.0	0.6808350000000001	0.6047939999999999	0.413145	0.0	0.255256	-0.724629	0.640123	0.0	-3.3283199999999997	-3.62917	-3.06285	0.357056	-0.24474400000000002	0.30205	-0.9213389999999999	0.0	0.73142	-0.566277	-0.379942	0.0	-0.636495	-0.766874	-0.0823326	0.0	1.00196	-3.614	-3.5258300000000005	0.347177	
3	0.699062	-0.32924200000000003	-0.634754	0.0	0.670899	0.6091260000000001	0.42291899999999993	0.0	0.247402	-0.7215020000000001	0.646704	0.0	-3.32406	-3.6314300000000004	-3.0656	0.354012	-0.24527	0.30164	-0.921334	0.0	0.731341	-0.56628	-0.380089	0.0	-0.636383	-0.767033	-0.08171010000000001	0.0	1.00125	-3.61394	-3.5268300000000004	0.347089	
3	0.75755	-0.28060100000000004	-0.589391	0.0	0.6053069999999999	0.639975	0.47332299999999994	0.0	0.244381	-0.715329	0.654662	0.0	-3.3627300000000004	-3.63809	-3.05175	0.29331199999999996	-0.246746	0.303167	-0.9204389999999999	0.0	0.731121	-0.565177	-0.382148	0.0	-0.636065	-0.767245	-0.0821966	0.0	1.0013299999999998	-3.6141	-3.5259	0.346967	
3	0.781829	-0.24939699999999998	-0.571441	0.0	0.567152	0.665197	0.485645	0.0	0.259002	-0.703785	0.661517	0.0	-3.398	-3.67755	-3.06755	0.188848	-0.24684	0.30349	-0.920307	0.0	0.730617	-0.565603	-0.382482	0.0	-0.6366069999999999	-0.766804	-0.0821214	0.0	1.00322	-3.6144300000000005	-3.52694	0.34630500000000003	
3	0.818293	-0.201551	-0.538307	0.0	0.51041	0.685477	0.519233	0.0	0.264345	-0.699642	0.663795	0.0	-3.3974900000000003	-3.7768800000000002	-3.08066	-0.010030599999999999	-0.246935	0.302616	-0.9205690000000001	0.0	0.729698	-0.567024	-0.382132	0.0	-0.6376229999999999	-0.766099	-0.0808005	0.0	1.00609	-3.6145	-3.5294199999999996	0.346455	
3	0.8357829999999999	-0.17941600000000002	-0.5189189999999999	0.0	0.47892299999999993	0.700419	0.5291939999999999	0.0	0.268515	-0.690813	0.671325	0.0	-3.40751	-3.7867300000000004	-3.08988	-0.0119131	-0.24754099999999998	0.303007	-0.920277	0.0	0.728877	-0.567546	-0.382924	0.0	-0.638328	-0.765558	-0.08036439999999999	0.0	1.00672	-3.6147199999999997	-3.5291900000000003	0.34633800000000003	
3	0.8549120000000001	-0.139909	-0.49955	0.0	0.43599099999999996	0.715615	0.545717	0.0	0.28113499999999997	-0.684339	0.672787	0.0	-3.4179199999999996	-3.79366	-3.08609	-0.0120498	-0.247385	0.305051	-0.919644	0.0	0.728163	-0.567625	-0.38416100000000003	0.0	-0.639202	-0.764686	-0.081705	0.0	1.0070000000000001	-3.61504	-3.5255900000000002	0.346767	
3	0.8804219999999999	-0.0582938	-0.47059399999999996	0.0	0.364334	0.71836	0.592638	0.0	0.303508	-0.693225	0.653698	0.0	-3.44335	-3.7932699999999997	-3.0682	-0.0111814	-0.24643	0.303255	-0.920494	0.0	0.725665	-0.571824	-0.382658	0.0	-0.642403	-0.762269	-0.0791473	0.0	1.00621	-3.61826	-3.5029800000000004	0.34721599999999997	
3	0.876967	-0.0487363	-0.47807299999999997	0.0	0.363627	0.717705	0.593865	0.0	0.314172	-0.6946399999999999	0.647125	0.0	-3.45267	-3.7926	-3.0615	-0.0107699	-0.246704	0.302977	-0.9205120000000001	0.0	0.725197	-0.5723600000000001	-0.382745	0.0	-0.642827	-0.761977	-0.07851489999999998	0.0	1.00534	-3.6153	-3.5013300000000003	0.347364	
3	0.874757	-0.043578399999999996	-0.482599	0.0	0.363379	0.717851	0.593839	0.0	0.320556	-0.6948310000000001	0.643781	0.0	-3.4594099999999997	-3.7929	-3.05855	-0.010967399999999999	-0.247298	0.302863	-0.9203899999999999	0.0	0.725608	-0.571626	-0.38306100000000004	0.0	-0.642134	-0.762573	-0.0783982	0.0	1.0039799999999999	-3.6151	-3.5004800000000005	0.347419	
3	0.8647090000000001	-0.0359173	-0.500988	0.0	0.370471	0.7191310000000001	0.587879	0.0	0.339161	-0.693945	0.635146	0.0	-3.4552699999999996	-3.7982099999999996	-3.0480099999999997	-0.010756700000000001	-0.247955	0.30452399999999996	-0.919665	0.0	0.725716	-0.57048	-0.38456399999999996	0.0	-0.64176	-0.76277	-0.0795448	0.0	1.00393	-3.61534	-3.49831	0.347142	
3	0.844292	-0.048286	-0.5337029999999999	0.0	0.39755300000000005	0.724258	0.563384	0.0	0.359335	-0.687836	0.630682	0.0	-3.4682699999999995	-3.79905	-3.04618	-0.0108568	-0.251013	0.303845	-0.91906	0.0	0.724847	-0.5702729999999999	-0.386504	0.0	-0.6415529999999999	-0.763195	-0.0770957	0.0	1.00367	-3.6150900000000004	-3.49919	0.347194	
3	0.751358	-0.146489	-0.6434300000000001	0.0	0.53632	0.703655	0.466081	0.0	0.384477	-0.695278	0.607262	0.0	-3.40035	-3.7283199999999996	-3.01286	0.10493699999999999	-0.253108	0.303492	-0.918602	0.0	0.725489	-0.568604	-0.387757	0.0	-0.640001	-0.76458	-0.0762622	0.0	1.00356	-3.61493	-3.5001800000000003	0.34631300000000004	
3	0.6855640000000001	-0.224489	-0.6925359999999999	0.0	0.59646	0.718626	0.357509	0.0	0.417417	-0.658165	0.626563	0.0	-3.36594	-3.7022	-2.98129	0.200215	-0.25201599999999996	0.302149	-0.919344	0.0	0.724672	-0.570693	-0.386214	0.0	-0.641357	-0.763555	-0.07513550000000001	0.0	1.0054	-3.6151	-3.50187	0.346049	
3	0.677427	-0.276967	-0.6814560000000001	0.0	0.633725	0.690104	0.349497	0.0	0.373477	-0.668614	0.643016	0.0	-3.34069	-3.69265	-2.9950799999999997	0.204325	-0.252308	0.30099499999999996	-0.919643	0.0	0.723425	-0.5725140000000001	-0.385856	0.0	-0.642649	-0.7626470000000001	-0.07329830000000001	0.0	1.00662	-3.61516	-3.50334	0.346188	
3	0.666886	-0.312394	-0.676515	0.0	0.6621520000000001	0.6648569999999999	0.345717	0.0	0.34178600000000003	-0.678509	0.650237	0.0	-3.3259199999999995	-3.6873	-3.0019299999999998	0.21145	-0.252635	0.30098	-0.919558	0.0	0.72355	-0.5722079999999999	-0.386074	0.0	-0.642379	-0.762882	-0.0732142	0.0	1.00672	-3.6151699999999996	-3.5035800000000004	0.345999	
3	0.652252	-0.339094	-0.677925	0.0	0.6807479999999999	0.655411	0.32713600000000004	0.0	0.33339	-0.674872	0.658331	0.0	-3.33046	-3.6902800000000004	-3.0064900000000003	0.21749899999999997	-0.253184	0.300644	-0.919517	0.0	0.7239329999999999	-0.57162	-0.386227	0.0	-0.641731	-0.763455	-0.07292080000000001	0.0	1.00604	-3.6149699999999996	-3.50369	0.345952	
3	0.643656	-0.35126999999999997	-0.6799390000000001	0.0	0.687247	0.6562180000000001	0.31156	0.0	0.336746	-0.6678229999999999	0.663788	0.0	-3.32956	-3.6915	-3.00822	0.21903499999999998	-0.253855	0.30022	-0.9194700000000001	0.0	0.723897	-0.571507	-0.386464	0.0	-0.641508	-0.763707	-0.07224889999999999	0.0	1.00589	-3.61487	-3.50414	0.34589000000000003	
3	0.63826	-0.346948	-0.6872050000000001	0.0	0.693178	0.6473140000000001	0.317	0.0	0.334855	-0.6786840000000001	0.653652	0.0	-3.33174	-3.6862699999999995	-3.00109	0.219212	-0.25494	0.300025	-0.919234	0.0	0.723214	-0.571857	-0.38722199999999996	0.0	-0.641846	-0.763521	-0.07119310000000001	0.0	1.00739	-3.6150599999999997	-3.5049300000000003	0.34526100000000004	
3	0.6342810000000001	-0.337899	-0.69535	0.0	0.695362	0.642432	0.322108	0.0	0.337875	-0.6878270000000001	0.642444	0.0	-3.3395	-3.6819800000000003	-2.99117	0.219926	-0.25528	0.300682	-0.918925	0.0	0.72265	-0.57208	-0.387945	0.0	-0.642346	-0.763096	-0.0712475	0.0	1.00855	-3.61533	-3.50465	0.345042	
3	0.666417	-0.251303	-0.701952	0.0	0.6701	0.614658	0.416127	0.0	0.326886	-0.747692	0.578016	0.0	-3.34271	-3.6461699999999997	-2.95145	0.228365	-0.255887	0.301415	-0.918516	0.0	0.722979	-0.571075	-0.388813	0.0	-0.641735	-0.763559	-0.0717861	0.0	1.00883	-3.6154	-3.50411	0.344706	
3	0.6896439999999999	-0.24641500000000002	-0.680934	0.0	0.6494310000000001	0.6264529999999999	0.431039	0.0	0.320359	-0.739484	0.592059	0.0	-3.3319099999999997	-3.6478699999999997	-2.96952	0.233211	-0.254709	0.300192	-0.919243	0.0	0.723304	-0.571796	-0.38714499999999996	0.0	-0.641837	-0.763501	-0.07148810000000001	0.0	1.0091700000000001	-3.61536	-3.50503	0.34432199999999996	
3	0.711743	-0.11411800000000001	-0.693108	0.0	0.600538	0.610704	0.516135	0.0	0.36438400000000004	-0.783593	0.503196	0.0	-3.36231	-3.6249300000000004	-2.9165200000000002	0.24071399999999998	-0.25455900000000004	0.3002	-0.919283	0.0	0.723079	-0.572136	-0.387063	0.0	-0.642151	-0.7632439999999999	-0.07142589999999999	0.0	1.00973	-3.6154699999999997	-3.5053199999999998	0.344217	
3	0.719022	0.010826100000000002	-0.6949029999999999	0.0	0.529146	0.639706	0.557478	0.0	0.45056899999999994	-0.768544	0.454234	0.0	-3.4286800000000004	-3.63426	-2.87552	0.248385	-0.254875	0.299184	-0.9195260000000001	0.0	0.723214	-0.572245	-0.38665	0.0	-0.6418729999999999	-0.7635609999999999	-0.0705235	0.0	1.00932	-3.61524	-3.50621	0.34433800000000003	
3	0.776304	0.19058	-0.600859	0.0	0.41997799999999996	0.554455	0.7184699999999999	0.0	0.470075	-0.810098	0.35038600000000003	0.0	-3.3918	-3.6017300000000003	-2.9147	0.29887800000000003	-0.25459	0.29946100000000003	-0.919515	0.0	0.723078	-0.5724319999999999	-0.386627	0.0	-0.642139	-0.763312	-0.07079830000000001	0.0	1.01084	-3.61551	-3.5065800000000005	0.34373899999999996	
3	0.803758	0.307475	-0.5093449999999999	0.0	0.309336	0.515321	0.799222	0.0	0.508217	-0.79994	0.319081	0.0	-3.11769	-3.60713	-3.14189	0.348966	-0.25490100000000004	0.30096799999999996	-0.9189360000000001	0.0	0.7221529999999999	-0.572739	-0.387898	0.0	-0.6430560000000001	-0.762488	-0.07135280000000001	0.0	1.01189	-3.61597	-3.5053699999999997	0.343615	
3	0.807062	0.496598	-0.319438	0.0	0.0854656	0.437051	0.895367	0.0	0.584248	-0.7499180000000001	0.310285	0.0	-2.2412900000000002	-3.66322	-3.36398	0.345321	-0.253913	0.297458	-0.9203520000000001	0.0	0.7196670000000001	-0.577642	-0.38524	0.0	-0.646226	-0.7601640000000001	-0.06740080000000001	0.0	1.01373	-3.61586	-3.50924	0.34479499999999996	
3	0.783804	0.573062	-0.239271	0.0	0.00701338	0.377102	0.9261450000000001	0.0	0.6209680000000001	-0.727595	0.291555	0.0	-2.0115	-3.6981	-3.6403300000000005	0.35341300000000003	-0.25425	0.29693400000000003	-0.920428	0.0	0.7188439999999999	-0.578662	-0.385245	0.0	-0.6470090000000001	-0.7595930000000001	-0.0663247	0.0	1.01219	-3.61559	-3.50929	0.346076	
0	0.7751140000000001	0.609681	-0.165793	0.0	-0.07639069999999999	0.35091100000000003	0.9332879999999999	0.0	0.627186	-0.7107399999999999	0.31856999999999996	0.0	-1.8788200000000002	-3.60969	-3.85368	0.354542	-0.254992	0.296554	-0.9203450000000001	0.0	0.718707	-0.578617	-0.38556799999999997	0.0	-0.6468689999999999	-0.759775	-0.065593	0.0	1.00813	-3.61542	-3.5050800000000004	0.345987	
