0	0.1711	0.8688440000000001	-0.46458	0.0	0.30336599999999997	0.40216599999999997	0.8638469999999999	0.0	0.9373870000000001	-0.288742	-0.194768	0.0	-2.80583	2.04921	1.34804	-9.2514e-05	-0.166506	0.8781180000000001	-0.448536	0.0	0.39064899999999997	-0.35891799999999996	-0.847686	0.0	-0.9053559999999999	-0.316365	-0.28327399999999997	0.0	2.6615	2.0376	1.55021	8.91972e-05	
0	0.195773	0.8583459999999999	-0.47425200000000006	0.0	0.324801	0.399559	0.8572379999999999	0.0	0.925299	-0.321861	-0.200568	0.0	-2.84291	2.0744700000000003	1.30301	0.0	-0.173215	0.8667540000000001	-0.46769099999999997	0.0	0.42392799999999997	-0.363012	-0.8297629999999999	0.0	-0.888978	-0.341995	-0.304562	0.0	2.68413	2.03104	1.4969999999999999	0.0	
0	0.15808599999999998	0.852193	-0.498774	0.0	0.297159	0.44064899999999996	0.847068	0.0	0.94165	-0.282125	-0.183577	0.0	-2.7911099999999998	2.11155	1.26058	0.0	-0.14488499999999999	0.864483	-0.481329	0.0	0.438488	-0.379985	-0.8144560000000001	0.0	-0.8869819999999999	-0.329059	-0.32401199999999997	0.0	2.6923	2.0314200000000002	1.42635	0.0	
0	0.150306	0.8485520000000001	-0.507314	0.0	0.298818	0.45015	0.8414709999999999	0.0	0.942399	-0.278072	-0.185902	0.0	-2.7290099999999997	2.15861	1.26996	0.0	-0.140192	0.868057	-0.476259	0.0	0.44366700000000003	-0.374942	-0.8139890000000001	0.0	-0.885159	-0.325415	-0.332565	0.0	2.72894	2.07065	1.3968200000000002	0.0	
0	0.158077	0.858669	-0.487544	0.0	0.317245	0.42341000000000006	0.848575	0.0	0.935076	-0.28881100000000004	-0.205477	0.0	-2.72811	2.23135	1.26878	0.22531500000000002	-0.169242	0.9031629999999999	-0.394531	0.0	0.41225100000000003	-0.298732	-0.8607020000000001	0.0	-0.8952129999999999	-0.308313	-0.321772	0.0	2.8043400000000003	2.17542	1.38828	0.309868	
0	0.154541	0.870449	-0.467371	0.0	0.28988200000000003	0.412285	0.863707	0.0	0.9445030000000001	-0.268961	-0.188613	0.0	-2.5977200000000003	2.27469	1.27645	0.348735	-0.193351	0.9079969999999999	-0.371696	0.0	0.42501099999999997	-0.263941	-0.8658530000000001	0.0	-0.8842969999999999	-0.325388	-0.334875	0.0	2.75905	2.2458	1.34633	0.359607	
0	0.183395	0.8719819999999999	-0.453887	0.0	0.32657800000000003	0.38145100000000004	0.8647790000000001	0.0	0.927207	-0.306825	-0.21481399999999998	0.0	-2.5896	2.33478	1.2890000000000001	0.349036	-0.23364899999999997	0.8952469999999999	-0.379396	0.0	0.45328500000000005	-0.24491100000000002	-0.85706	0.0	-0.8601979999999999	-0.372226	-0.348578	0.0	2.79953	2.27298	1.3302200000000002	0.358406	
0	0.25043899999999997	0.83672	-0.487012	0.0	0.358311	0.387214	0.849517	0.0	0.899385	-0.387254	-0.20283199999999998	0.0	-2.63024	2.34548	1.2888600000000001	0.348655	-0.21545999999999998	0.846352	-0.4871	0.0	0.50848	-0.32861799999999997	-0.795901	0.0	-0.8336819999999999	-0.41916499999999995	-0.35954899999999995	0.0	2.8290900000000003	2.2694799999999997	1.2685799999999998	0.35921	
0	0.36421	0.7453569999999999	-0.558385	0.0	0.43766000000000005	0.392255	0.809067	0.0	0.8220729999999999	-0.539053	-0.18335	0.0	-2.6842799999999998	2.17579	1.2652	0.349543	-0.207179	0.747781	-0.630794	0.0	0.586226	-0.421307	-0.691983	0.0	-0.783209	-0.513151	-0.351083	0.0	2.82311	2.17181	1.19632	0.35875100000000004	
0	0.480259	0.627119	-0.6132479999999999	0.0	0.489563	0.38847	0.7806529999999999	0.0	0.727791	-0.675139	-0.120448	0.0	-2.7937	1.7976599999999998	1.1260700000000001	0.349896	-0.205125	0.6677489999999999	-0.715566	0.0	0.655213	-0.449425	-0.607217	0.0	-0.727062	-0.593404	-0.345329	0.0	2.7979700000000003	1.9549	0.9966379999999999	0.35854899999999995	
0	0.515069	0.524861	-0.677662	0.0	0.537961	0.41755299999999995	0.7322890000000001	0.0	0.6673100000000001	-0.741735	-0.0672859	0.0	-2.8519400000000004	1.37839	0.8996770000000001	0.34962	-0.169223	0.598759	-0.782849	0.0	0.715757	-0.471384	-0.515256	0.0	-0.6775359999999999	-0.647523	-0.34879699999999997	0.0	2.72825	1.66865	0.659458	0.358933	
0	0.49844799999999995	0.43573900000000004	-0.749454	0.0	0.619085	0.426259	0.659573	0.0	0.6068640000000001	-0.792738	-0.0572919	0.0	-2.90959	1.00718	0.587791	0.35099	-0.132848	0.5331779999999999	-0.835507	0.0	0.7559670000000001	-0.49066400000000004	-0.433317	0.0	-0.640988	-0.689181	-0.337882	0.0	2.67489	1.3393700000000002	0.289664	0.35882	
0	0.46939200000000003	0.393735	-0.7903439999999999	0.0	0.6597930000000001	0.43844099999999997	0.61028	0.0	0.586808	-0.807925	-0.0539827	0.0	-2.96605	0.657864	0.275862	0.35181999999999997	-0.0782164	0.482754	-0.8722559999999999	0.0	0.775758	-0.520065	-0.357396	0.0	-0.626164	-0.7046140000000001	-0.333823	0.0	2.60708	1.0742399999999999	-0.030287099999999997	0.358611	
0	0.402124	0.37524	-0.835159	0.0	0.7088810000000001	0.449701	0.543375	0.0	0.579468	-0.810533	-0.08516510000000001	0.0	-3.00834	0.338983	-0.128761	0.351813	-0.024406900000000002	0.438775	-0.898266	0.0	0.798887	-0.531606	-0.28138	0.0	-0.600986	-0.72448	-0.337557	0.0	2.49456	0.774867	-0.36585700000000004	0.358656	
0	0.306452	0.39163600000000004	-0.8675879999999999	0.0	0.760825	0.44696	0.47050200000000003	0.0	0.5720430000000001	-0.804268	-0.160995	0.0	-3.0007599999999996	0.181726	-0.530717	0.3522	0.00289214	0.39873600000000003	-0.917061	0.0	0.818533	-0.527756	-0.226885	0.0	-0.5744520000000001	-0.749989	-0.327905	0.0	2.40547	0.448891	-0.641472	0.357837	
0	0.241982	0.39270700000000003	-0.887257	0.0	0.797453	0.440424	0.412426	0.0	0.552732	-0.807346	-0.206591	0.0	-3.03557	-0.015014099999999999	-0.947903	0.352054	0.0481603	0.35805	-0.9324600000000001	0.0	0.815511	-0.553127	-0.170272	0.0	-0.576735	-0.7522300000000001	-0.318633	0.0	2.3503	0.125318	-0.903415	0.35332800000000003	
0	0.172422	0.42443400000000003	-0.888891	0.0	0.825306	0.430371	0.365584	0.0	0.537719	-0.7966409999999999	-0.276082	0.0	-3.0783099999999997	-0.16981500000000002	-1.3878700000000002	0.351633	0.0914592	0.343352	-0.934743	0.0	0.817411	-0.5620029999999999	-0.12645699999999999	0.0	-0.5687479999999999	-0.752504	-0.33205999999999997	0.0	2.28369	-0.188935	-1.2328	0.350095	
0	0.1226	0.435564	-0.8917700000000001	0.0	0.8462430000000001	0.423559	0.323218	0.0	0.5184989999999999	-0.794281	-0.31666500000000003	0.0	-3.1710000000000003	-0.339388	-1.8001599999999998	0.35181100000000004	0.0814795	0.31347800000000003	-0.9460930000000001	0.0	0.832815	-0.542883	-0.108155	0.0	-0.5475220000000001	-0.779108	-0.30530300000000005	0.0	2.2199299999999997	-0.547791	-1.5046	0.34636100000000003	
0	0.10169299999999999	0.42031199999999996	-0.9016629999999999	0.0	0.856906	0.4234	0.294014	0.0	0.505342	-0.8025399999999999	-0.31711100000000003	0.0	-3.24275	-0.569984	-2.04556	0.351148	0.0569559	0.30617300000000003	-0.9502700000000001	0.0	0.8481780000000001	-0.516918	-0.115712	0.0	-0.52664	-0.799408	-0.28913099999999997	0.0	2.22283	-0.873207	-1.6803599999999999	0.34375500000000003	
0	0.111171	0.387439	-0.915168	0.0	0.872343	0.403109	0.27662600000000004	0.0	0.476088	-0.8290930000000001	-0.293165	0.0	-3.31719	-0.912379	-2.32512	0.351015	0.0199615	0.30446	-0.9523159999999999	0.0	0.860711	-0.489871	-0.138573	0.0	-0.5087020000000001	-0.8169029999999999	-0.271831	0.0	2.27788	-1.24217	-1.8888099999999999	0.343595	
0	0.12372899999999999	0.357132	-0.925823	0.0	0.8824110000000001	0.38718400000000003	0.267282	0.0	0.45391899999999996	-0.8500270000000001	-0.267231	0.0	-3.39395	-1.2725799999999998	-2.50382	0.349723	0.010182	0.31685	-0.948421	0.0	0.871733	-0.46746899999999997	-0.146814	0.0	-0.489875	-0.825275	-0.280969	0.0	2.3816599999999997	-1.53589	-2.0819099999999997	0.344021	
0	0.14188	0.317754	-0.9374979999999999	0.0	0.884523	0.384484	0.264179	0.0	0.44439799999999996	-0.86672	-0.22651	0.0	-3.52284	-1.6450900000000002	-2.57218	0.347697	0.011958499999999999	0.329305	-0.944148	0.0	0.8715719999999999	-0.466247	-0.151581	0.0	-0.490122	-0.8210799999999999	-0.292588	0.0	2.4747	-1.76373	-2.19368	0.344574	
0	0.093089	0.300931	-0.949092	0.0	0.8473299999999999	0.476621	0.23423200000000002	0.0	0.522845	-0.825998	-0.210619	0.0	-3.56452	-1.8540400000000001	-2.59844	0.340159	0.012589200000000002	0.299775	-0.9539270000000001	0.0	0.844334	-0.514258	-0.15046400000000001	0.0	-0.53567	-0.803538	-0.25958400000000004	0.0	2.58659	-1.94965	-2.28479	0.345852	
0	0.143793	0.311279	-0.939377	0.0	0.835684	0.470238	0.283742	0.0	0.530053	-0.825822	-0.19251400000000002	0.0	-3.4891	-1.92345	-2.5867299999999998	0.334883	0.0555145	0.31209699999999996	-0.948427	0.0	0.821097	-0.55472	-0.134479	0.0	-0.568082	-0.771285	-0.287057	0.0	2.57327	-1.96143	-2.35823	0.35991599999999996	
0	0.163384	0.310689	-0.936364	0.0	0.835001	0.461941	0.29897199999999996	0.0	0.525433	-0.8307120000000001	-0.183952	0.0	-3.39565	-1.9612900000000002	-2.57343	0.337362	0.05223099999999999	0.312859	-0.948362	0.0	0.8247469999999999	-0.548983	-0.135683	0.0	-0.563084	-0.775072	-0.28670300000000004	0.0	2.51258	-1.95091	-2.4188	0.35894699999999996	
0	0.167607	0.30888699999999997	-0.936214	0.0	0.8374	0.456546	0.300546	0.0	0.520259	-0.834359	-0.182142	0.0	-3.37616	-1.9689599999999998	-2.5674799999999998	0.33823600000000004	0.0462295	0.305919	-0.9509350000000001	0.0	0.824577	-0.549027	-0.136537	0.0	-0.5638569999999999	-0.777807	-0.27763499999999997	0.0	2.4769099999999997	-1.9656799999999999	-2.3989	0.35875	
0	0.169699	0.325536	-0.930177	0.0	0.833044	0.456909	0.311884	0.0	0.526536	-0.8278049999999999	-0.193649	0.0	-3.44792	-1.94933	-2.56859	0.337951	0.041881800000000004	0.310783	-0.949558	0.0	0.81501	-0.560371	-0.147458	0.0	-0.577932	-0.7677229999999999	-0.27676100000000003	0.0	2.47075	-1.9907400000000002	-2.33743	0.35924	
0	0.170189	0.327465	-0.9294100000000001	0.0	0.8315739999999999	0.45830600000000005	0.313751	0.0	0.528696	-0.8262700000000001	-0.194313	0.0	-3.4917	-1.9422099999999998	-2.5634799999999998	0.338225	0.0404215	0.307533	-0.950679	0.0	0.816511	-0.558571	-0.145974	0.0	-0.575913	-0.770339	-0.27368200000000004	0.0	2.46925	-2.0030200000000002	-2.30572	0.359045	
0	0.170062	0.327919	-0.9292729999999999	0.0	0.8311370000000001	0.45890200000000003	0.314039	0.0	0.529425	-0.825759	-0.194504	0.0	-3.5025800000000005	-1.9427900000000002	-2.5560400000000003	0.338348	0.0410937	0.308233	-0.9504229999999999	0.0	0.816206	-0.559009	-0.146002	0.0	-0.576298	-0.769741	-0.27455300000000005	0.0	2.47253	-2.00359	-2.30252	0.359125	
0	0.170062	0.327918	-0.9292729999999999	0.0	0.8311370000000001	0.45890200000000003	0.314038	0.0	0.529424	-0.82576	-0.194503	0.0	-3.5025800000000005	-1.94278	-2.5560400000000003	0.338348	0.0410939	0.308233	-0.9504229999999999	0.0	0.816206	-0.559009	-0.146002	0.0	-0.576298	-0.769741	-0.274554	0.0	2.4725200000000003	-2.00359	-2.30252	0.359124	
0	0.170062	0.327918	-0.9292729999999999	0.0	0.8311370000000001	0.45890200000000003	0.314038	0.0	0.529424	-0.82576	-0.194503	0.0	-3.5025800000000005	-1.94278	-2.5560400000000003	0.338348	0.0410939	0.308233	-0.9504229999999999	0.0	0.816206	-0.559009	-0.146002	0.0	-0.576298	-0.769741	-0.274554	0.0	2.4725200000000003	-2.00359	-2.30252	0.359125	
0	0.170062	0.327918	-0.9292729999999999	0.0	0.8311370000000001	0.45890200000000003	0.314038	0.0	0.529424	-0.82576	-0.194503	0.0	-3.5025800000000005	-1.94278	-2.5560400000000003	0.338348	0.0410939	0.308233	-0.9504229999999999	0.0	0.816206	-0.559009	-0.146002	0.0	-0.576298	-0.769741	-0.274554	0.0	2.4725200000000003	-2.00359	-2.30252	0.359125	
0	0.170062	0.327918	-0.9292729999999999	0.0	0.8311370000000001	0.45890200000000003	0.314038	0.0	0.529424	-0.82576	-0.194503	0.0	-3.5025800000000005	-1.94278	-2.5560400000000003	0.338348	0.041094	0.308233	-0.9504229999999999	0.0	0.816206	-0.559009	-0.146002	0.0	-0.576298	-0.769741	-0.274554	0.0	2.4725200000000003	-2.00359	-2.30252	0.359125	
0	0.170062	0.327918	-0.9292729999999999	0.0	0.8311370000000001	0.45890200000000003	0.314038	0.0	0.529424	-0.82576	-0.194503	0.0	-3.5025800000000005	-1.94278	-2.5560400000000003	0.338348	0.041094	0.308233	-0.9504229999999999	0.0	0.816206	-0.559009	-0.146002	0.0	-0.576298	-0.769741	-0.274554	0.0	2.4725200000000003	-2.00359	-2.30252	0.359125	
0	0.170062	0.327918	-0.9292729999999999	0.0	0.8311370000000001	0.45890200000000003	0.314038	0.0	0.529424	-0.82576	-0.194503	0.0	-3.5025800000000005	-1.94278	-2.5560400000000003	0.338348	0.041094	0.308233	-0.9504229999999999	0.0	0.816206	-0.559009	-0.146002	0.0	-0.576298	-0.769741	-0.274554	0.0	2.4725200000000003	-2.00359	-2.30252	0.359125	
0	0.170062	0.327918	-0.9292729999999999	0.0	0.8311370000000001	0.45890200000000003	0.314038	0.0	0.529424	-0.82576	-0.194503	0.0	-3.5025800000000005	-1.94278	-2.5560400000000003	0.338348	0.0410939	0.308233	-0.9504229999999999	0.0	0.816206	-0.559009	-0.146002	0.0	-0.576298	-0.769741	-0.274554	0.0	2.4725200000000003	-2.00359	-2.30252	0.359124	
0	0.170062	0.327918	-0.9292729999999999	0.0	0.8311370000000001	0.45890200000000003	0.314038	0.0	0.529424	-0.82576	-0.194503	0.0	-3.5025800000000005	-1.94278	-2.5560400000000003	0.338348	0.0410936	0.308233	-0.9504229999999999	0.0	0.816206	-0.559009	-0.146003	0.0	-0.576298	-0.769741	-0.274554	0.0	2.4725200000000003	-2.00359	-2.30252	0.359124	
0	0.170062	0.327918	-0.9292729999999999	0.0	0.8311370000000001	0.45890200000000003	0.314038	0.0	0.529424	-0.82576	-0.194503	0.0	-3.5025800000000005	-1.94278	-2.5560400000000003	0.338348	0.0410937	0.308233	-0.9504229999999999	0.0	0.816206	-0.559009	-0.146003	0.0	-0.576298	-0.769741	-0.274554	0.0	2.4725200000000003	-2.00359	-2.30252	0.359124	
0	0.170062	0.327918	-0.9292729999999999	0.0	0.8311370000000001	0.45890200000000003	0.314038	0.0	0.529424	-0.82576	-0.194503	0.0	-3.5025800000000005	-1.94278	-2.5560400000000003	0.33834899999999996	0.04109380000000001	0.308233	-0.9504229999999999	0.0	0.816206	-0.559009	-0.146002	0.0	-0.576298	-0.769741	-0.274554	0.0	2.4725200000000003	-2.00359	-2.30252	0.359125	
0	0.170062	0.327918	-0.9292729999999999	0.0	0.8311370000000001	0.45890200000000003	0.314038	0.0	0.529424	-0.82576	-0.194503	0.0	-3.5025800000000005	-1.94278	-2.5560400000000003	0.338348	0.04109380000000001	0.308233	-0.9504229999999999	0.0	0.816206	-0.559009	-0.146002	0.0	-0.576298	-0.769741	-0.274554	0.0	2.4725200000000003	-2.00359	-2.30252	0.359125	
0	0.170062	0.327918	-0.9292729999999999	0.0	0.8311370000000001	0.45890200000000003	0.314038	0.0	0.529424	-0.82576	-0.194503	0.0	-3.5025800000000005	-1.94278	-2.5560400000000003	0.338348	0.04109380000000001	0.308233	-0.9504229999999999	0.0	0.816206	-0.559009	-0.146002	0.0	-0.576298	-0.769741	-0.274554	0.0	2.4725200000000003	-2.00359	-2.30252	0.359124	
0	0.170062	0.327918	-0.9292729999999999	0.0	0.8311370000000001	0.45890200000000003	0.314038	0.0	0.529424	-0.82576	-0.194503	0.0	-3.5025800000000005	-1.94278	-2.5560400000000003	0.338348	0.0410937	0.308233	-0.9504229999999999	0.0	0.816206	-0.559009	-0.146003	0.0	-0.576298	-0.769741	-0.274554	0.0	2.4725200000000003	-2.00359	-2.30252	0.359125	
0	0.170062	0.327918	-0.9292729999999999	0.0	0.8311370000000001	0.45890200000000003	0.314038	0.0	0.529424	-0.82576	-0.194503	0.0	-3.5025800000000005	-1.94278	-2.5560400000000003	0.338348	0.0410937	0.308233	-0.9504229999999999	0.0	0.816206	-0.559009	-0.146003	0.0	-0.576298	-0.769741	-0.274554	0.0	2.4725200000000003	-2.00359	-2.30252	0.359125	
0	0.142177	0.43709799999999993	-0.8881049999999999	0.0	0.78296	0.499278	0.37107399999999996	0.0	0.605607	-0.748109	-0.27124499999999996	0.0	-3.5312099999999997	-2.12078	-2.76376	0.350925	0.0501835	0.43572799999999995	-0.8986780000000001	0.0	0.743617	-0.616981	-0.257621	0.0	-0.66672	-0.6553439999999999	-0.354977	0.0	2.34103	-2.0427299999999997	-2.49464	0.341138	
0	0.175514	0.378621	-0.908758	0.0	0.803125	0.47880200000000006	0.354598	0.0	0.5693729999999999	-0.792083	-0.220043	0.0	-3.58776	-2.3928700000000003	-3.03004	0.3523	0.030806200000000002	0.42316899999999996	-0.9055270000000001	0.0	0.74352	-0.615172	-0.26218600000000003	0.0	-0.668004	-0.665201	-0.333586	0.0	2.20408	-2.18286	-2.78795	0.341621	
0	0.198954	0.30488200000000004	-0.931378	0.0	0.8282200000000001	0.45574899999999996	0.32610500000000003	0.0	0.523898	-0.8362649999999999	-0.16183699999999998	0.0	-3.70086	-2.66705	-3.23043	0.352894	0.015736	0.403843	-0.914693	0.0	0.745566	-0.6143	-0.258391	0.0	-0.666246	-0.677898	-0.310758	0.0	2.0702700000000003	-2.3351900000000003	-3.0266900000000003	0.341507	
0	0.22212800000000002	0.245046	-0.943722	0.0	0.845298	0.433987	0.31165	0.0	0.485932	-0.8669530000000001	-0.11073599999999999	0.0	-3.8345300000000004	-2.8936900000000003	-3.37239	0.35273899999999997	0.00020146400000000002	0.382302	-0.9240370000000001	0.0	0.746934	-0.614448	-0.25405300000000003	0.0	-0.664898	-0.690144	-0.28567800000000004	0.0	1.95302	-2.4929099999999997	-3.21407	0.341525	
0	0.25242	0.187887	-0.9492010000000001	0.0	0.8548020000000001	0.41638500000000006	0.309736	0.0	0.45342899999999997	-0.8895629999999999	-0.0555021	0.0	-3.97145	-3.12007	-3.49316	0.353032	-0.00769156	0.36959200000000003	-0.929162	0.0	0.745887	-0.616764	-0.251504	0.0	-0.666028	-0.6949850000000001	-0.27093	0.0	1.87864	-2.62946	-3.33799	0.34158099999999997	
0	0.326098	0.1189	-0.9378290000000001	0.0	0.846894	0.404052	0.34570500000000004	0.0	0.42003599999999996	-0.906976	0.031065	0.0	-4.04237	-3.40714	-3.56978	0.352706	-0.0190088	0.35632800000000003	-0.934168	0.0	0.740672	-0.6225930000000001	-0.252552	0.0	-0.6715979999999999	-0.696713	-0.252087	0.0	1.7649099999999998	-2.75367	-3.4240800000000005	0.341925	
0	0.378909	0.061891800000000004	-0.9233620000000001	0.0	0.839676	0.39647899999999997	0.37114400000000003	0.0	0.38906399999999997	-0.915955	0.0982605	0.0	-4.0822	-3.58183	-3.5939699999999997	0.349348	-0.0317836	0.351269	-0.935735	0.0	0.739657	-0.621402	-0.258394	0.0	-0.672233	-0.700336	-0.24006799999999998	0.0	1.6462900000000003	-2.87155	-3.5217	0.342358	
0	0.412992	0.0164972	-0.9105850000000001	0.0	0.8271290000000001	0.411675	0.38259899999999997	0.0	0.381177	-0.9111809999999999	0.156373	0.0	-4.07991	-3.5836699999999997	-3.63679	0.348427	-0.0454995	0.342987	-0.9382379999999999	0.0	0.736088	-0.623447	-0.26360700000000004	0.0	-0.675355	-0.702619	-0.224102	0.0	1.53031	-2.95769	-3.5939400000000004	0.34271599999999997	
0	0.458255	-0.00828877	-0.888782	0.0	0.7998810000000001	0.43985	0.408316	0.0	0.387546	-0.898033	0.20819400000000002	0.0	-4.09049	-3.5839199999999996	-3.6664800000000004	0.351502	-0.060691999999999996	0.335428	-0.940109	0.0	0.732299	-0.625046	-0.27029000000000003	0.0	-0.6782739999999999	-0.7048449999999999	-0.207698	0.0	1.37788	-3.02983	-3.6501300000000003	0.34274299999999996	
0	0.49738699999999997	-0.0297589	-0.8670180000000001	0.0	0.778829	0.45555200000000007	0.431159	0.0	0.382141	-0.8897120000000001	0.249763	0.0	-4.089919999999999	-3.58239	-3.68857	0.3559	-0.0755813	0.32968200000000003	-0.9410620000000001	0.0	0.725338	-0.629426	-0.278762	0.0	-0.684231	-0.703657	-0.191558	0.0	1.2283	-3.0878	-3.6952199999999995	0.342958	
0	0.511568	-0.0523988	-0.8576440000000001	0.0	0.774837	0.45955	0.43409899999999996	0.0	0.371384	-0.886605	0.275692	0.0	-4.07929	-3.58123	-3.7066800000000004	0.358039	-0.08951680000000001	0.327289	-0.940675	0.0	0.720352	-0.630955	-0.288078	0.0	-0.687808	-0.7034050000000001	-0.179283	0.0	1.10142	-3.16059	-3.7405199999999996	0.342978	
0	0.5323859999999999	-0.0824029	-0.842482	0.0	0.765027	0.472862	0.43718999999999997	0.0	0.362352	-0.877275	0.314786	0.0	-4.071000000000001	-3.58051	-3.73481	0.36194499999999996	-0.10899	0.32962600000000003	-0.9378	0.0	0.716588	-0.62779	-0.303942	0.0	-0.688928	-0.7051430000000001	-0.167783	0.0	0.9516290000000001	-3.23412	-3.799	0.343053	
0	0.567289	-0.118173	-0.814996	0.0	0.743793	0.498325	0.44547	0.0	0.35349	-0.858899	0.370591	0.0	-4.06835	-3.58121	-3.7721	0.36644699999999997	-0.132241	0.329726	-0.9347690000000001	0.0	0.7093649999999999	-0.627202	-0.321589	0.0	-0.692325	-0.70562	-0.150954	0.0	0.781478	-3.2785599999999997	-3.82715	0.34382199999999996	
0	0.603075	-0.12898099999999998	-0.787188	0.0	0.708715	0.539542	0.45455100000000004	0.0	0.366093	-0.8320200000000001	0.41679499999999997	0.0	-4.08836	-3.58365	-3.80168	0.372079	-0.152115	0.33299999999999996	-0.9305760000000001	0.0	0.708444	-0.61979	-0.337591	0.0	-0.689179	-0.7106140000000001	-0.14163299999999998	0.0	0.66506	-3.3038300000000005	-3.8317900000000003	0.344094	
0	0.63659	-0.116039	-0.762423	0.0	0.65613	0.601019	0.456366	0.0	0.405275	-0.790766	0.458739	0.0	-4.11161	-3.59015	-3.8087	0.377416	-0.161663	0.33761199999999997	-0.927299	0.0	0.708958	-0.613915	-0.347113	0.0	-0.686472	-0.713531	-0.140105	0.0	0.578788	-3.34069	-3.8602	0.343984	
0	0.666183	-0.09341210000000001	-0.739915	0.0	0.604336	0.648972	0.462183	0.0	0.437011	-0.7550560000000001	0.48878599999999994	0.0	-3.8355699999999997	-3.60145	-3.50181	0.36955	-0.164839	0.341641	-0.925262	0.0	0.707789	-0.612363	-0.352202	0.0	-0.686923	-0.712947	-0.140869	0.0	0.530319	-3.38095	-3.8897800000000005	0.343948	
0	0.6934939999999999	-0.08942710000000001	-0.7148909999999999	0.0	0.567876	0.678496	0.466004	0.0	0.443378	-0.729141	0.521316	0.0	-3.6558699999999997	-3.61121	-3.4433	0.36546799999999996	-0.167552	0.340893	-0.92505	0.0	0.707359	-0.612019	-0.35366	0.0	-0.686709	-0.7136	-0.13858900000000002	0.0	0.5015149999999999	-3.41875	-3.9104	0.34387399999999996	
0	0.712885	-0.104148	-0.693505	0.0	0.5496840000000001	0.6970770000000001	0.46036000000000005	0.0	0.43548100000000006	-0.709392	0.554184	0.0	-3.57329	-3.6192599999999997	-3.2138299999999997	0.36193200000000003	-0.17084000000000002	0.33763899999999997	-0.925642	0.0	0.706231	-0.6131300000000001	-0.353991	0.0	-0.68706	-0.7141930000000001	-0.133704	0.0	0.48899	-3.4494	-3.90029	0.3439	
0	0.722549	-0.104359	-0.683397	0.0	0.534042	0.7120000000000001	0.45591099999999996	0.0	0.43900100000000003	-0.694381	0.570188	0.0	-3.4609300000000003	-3.62687	-2.99536	0.361275	-0.17232999999999998	0.336683	-0.925715	0.0	0.7058840000000001	-0.613264	-0.354451	0.0	-0.687045	-0.71453	-0.131975	0.0	0.483954	-3.48516	-3.8625300000000005	0.34382399999999996	
0	0.731237	-0.0951071	-0.675461	0.0	0.529291	0.70375	0.47390600000000005	0.0	0.430284	-0.7040529999999999	0.564947	0.0	-3.44366	-3.6255	-2.98406	0.35738000000000003	-0.17364300000000002	0.336546	-0.9255190000000001	0.0	0.704913	-0.613803	-0.35545	0.0	-0.687711	-0.7141310000000001	-0.130653	0.0	0.49386499999999994	-3.51002	-3.83377	0.343907	
0	0.745887	-0.0993091	-0.658628	0.0	0.532333	0.683212	0.49984399999999996	0.0	0.400343	-0.723436	0.5624640000000001	0.0	-3.4266400000000004	-3.6225400000000003	-2.99582	0.356863	-0.173596	0.333723	-0.926549	0.0	0.704343	-0.615494	-0.35365100000000005	0.0	-0.688307	-0.714001	-0.128208	0.0	0.509981	-3.52547	-3.8296900000000003	0.343823	
0	0.763672	-0.11090699999999999	-0.636007	0.0	0.538208	0.65345	0.532292	0.0	0.356564	-0.748801	0.558712	0.0	-3.3965400000000003	-3.61085	-3.00065	0.35186	-0.174092	0.33111199999999996	-0.927393	0.0	0.703299	-0.617374	-0.35244899999999996	0.0	-0.689248	-0.713593	-0.125391	0.0	0.516101	-3.5328199999999996	-3.8162599999999998	0.343939	
0	0.7722859999999999	-0.107676	-0.626083	0.0	0.539048	0.632566	0.556136	0.0	0.336156	-0.766985	0.546564	0.0	-3.38741	-3.6076699999999997	-2.99622	0.346837	-0.17363	0.329962	-0.927889	0.0	0.702575	-0.61874	-0.35149600000000003	0.0	-0.690102	-0.712942	-0.124392	0.0	0.518573	-3.5346300000000004	-3.80824	0.34383600000000003	
0	0.780451	-0.11467000000000001	-0.6146119999999999	0.0	0.562463	0.558024	0.610119	0.0	0.273005	-0.8218639999999999	0.500008	0.0	-3.34977	-3.58879	-2.96943	0.341019	-0.172537	0.326853	-0.929192	0.0	0.700811	-0.622156	-0.348979	0.0	-0.692167	-0.7114	-0.121718	0.0	0.523422	-3.5346599999999997	-3.7999	0.34377399999999997	
0	0.794959	-0.13351500000000002	-0.591789	0.0	0.566638	0.5118659999999999	0.64569	0.0	0.216707	-0.848627	0.482567	0.0	-3.31165	-3.5851300000000004	-2.95491	0.318499	-0.173292	0.324881	-0.929743	0.0	0.699133	-0.6243270000000001	-0.348468	0.0	-0.693674	-0.7104010000000001	-0.11894400000000001	0.0	0.5201939999999999	-3.52607	-3.78421	0.343927	
0	0.799952	-0.14089100000000002	-0.58329	0.0	0.569214	0.485832	0.663297	0.0	0.18992799999999999	-0.8626219999999999	0.468839	0.0	-3.2886800000000003	-3.58586	-2.9339999999999997	0.285731	-0.173213	0.32415700000000003	-0.93001	0.0	0.6994199999999999	-0.624333	-0.347879	0.0	-0.693404	-0.710725	-0.11857999999999999	0.0	0.520045	-3.5228900000000003	-3.78142	0.343942	
0	0.819594	-0.144236	-0.554493	0.0	0.546438	0.487745	0.680816	0.0	0.172253	-0.8609879999999999	0.47856899999999997	0.0	-3.2916800000000004	-3.60857	-2.95416	0.132509	-0.172228	0.322716	-0.930695	0.0	0.698475	-0.626215	-0.346393	0.0	-0.694601	-0.709725	-0.117558	0.0	0.518551	-3.5102900000000004	-3.77556	0.34383	
0	0.8240129999999999	-0.14551	-0.547567	0.0	0.541834	0.48484499999999997	0.686543	0.0	0.16558699999999998	-0.86241	0.478361	0.0	-3.2787599999999997	-3.60564	-2.94161	0.132658	-0.172853	0.321992	-0.9308290000000001	0.0	0.697829	-0.6269060000000001	-0.34644400000000003	0.0	-0.695095	-0.709443	-0.11633299999999999	0.0	0.520357	-3.5066300000000004	-3.77136	0.34383	
0	0.833829	-0.12014200000000001	-0.53879	0.0	0.517609	0.5093850000000001	0.6874640000000001	0.0	0.191859	-0.8521110000000001	0.48692700000000005	0.0	-3.26448	-3.6093599999999997	-2.87719	0.13366	-0.172503	0.32111	-0.931199	0.0	0.697869	-0.627326	-0.345603	0.0	-0.695141	-0.7094729999999999	-0.115877	0.0	0.520878	-3.5026300000000004	-3.7675300000000003	0.343577	
0	0.8389280000000001	-0.0900904	-0.536734	0.0	0.503977	0.500872	0.703657	0.0	0.205443	-0.86082	0.465599	0.0	-3.25163	-3.5942300000000005	-2.77555	0.132993	-0.17196	0.320468	-0.9315200000000001	0.0	0.696445	-0.629219	-0.345033	0.0	-0.696702	-0.7080850000000001	-0.114988	0.0	0.5197350000000001	-3.5043300000000004	-3.7694099999999997	0.343646	
0	0.849253	-0.042840699999999995	-0.526245	0.0	0.481966	0.46987700000000004	0.739544	0.0	0.215588	-0.881692	0.419692	0.0	-3.2526	-3.5602	-2.72887	0.132744	-0.171422	0.319628	-0.931908	0.0	0.694674	-0.6315270000000001	-0.344386	0.0	-0.698601	-0.706407	-0.11377999999999999	0.0	0.50176	-3.50279	-3.7624199999999997	0.343642	
0	0.849096	-0.0143792	-0.528043	0.0	0.47702799999999995	0.450241	0.754803	0.0	0.22689299999999998	-0.892791	0.38915700000000003	0.0	-3.26497	-3.5227699999999995	-2.70287	0.132735	-0.170282	0.316682	-0.9331219999999999	0.0	0.693128	-0.634594	-0.341854	0.0	-0.7004130000000001	-0.704984	-0.11144100000000001	0.0	0.48227299999999995	-3.4930199999999996	-3.7514300000000005	0.34336	
0	0.8461790000000001	0.0271437	-0.532207	0.0	0.474387	0.41661000000000004	0.775496	0.0	0.242773	-0.9086799999999999	0.33965	0.0	-3.27604	-3.47015	-2.66582	0.13297899999999999	-0.169874	0.317525	-0.93291	0.0	0.688376	-0.6391859999999999	-0.3429	0.0	-0.705182	-0.700442	-0.10999600000000001	0.0	0.46929899999999997	-3.4734599999999998	-3.74336	0.343358	
0	0.833893	0.0639353	-0.5482100000000001	0.0	0.49034799999999995	0.37009899999999996	0.789041	0.0	0.253339	-0.92679	0.27727199999999996	0.0	-3.2833900000000003	-3.4023	-2.66321	0.132936	-0.17014200000000002	0.318652	-0.932477	0.0	0.684801	-0.642207	-0.34441	0.0	-0.7085899999999999	-0.697159	-0.108947	0.0	0.448661	-3.46657	-3.73984	0.34344	
0	0.8197909999999999	0.08249669999999999	-0.566689	0.0	0.501772	0.373424	0.780243	0.0	0.275983	-0.9239850000000001	0.264735	0.0	-3.27291	-3.2427099999999998	-2.87701	0.133103	-0.170794	0.318281	-0.932484	0.0	0.682349	-0.644513	-0.344968	0.0	-0.710795	-0.695198	-0.1071	0.0	0.437985	-3.46976	-3.73845	0.343538	
0	0.807194	0.07754730000000001	-0.585171	0.0	0.523791	0.363001	0.7706310000000001	0.0	0.27217800000000003	-0.9285559999999999	0.252394	0.0	-3.36285	-2.97967	-2.92884	0.132914	-0.17163	0.319678	-0.931853	0.0	0.680914	-0.645093	-0.346715	0.0	-0.711969	-0.694018	-0.106956	0.0	0.430088	-3.4777199999999997	-3.73506	0.34376799999999996	
0	0.79819	0.09425019999999999	-0.594987	0.0	0.5252399999999999	0.37476	0.763988	0.0	0.294984	-0.922319	0.24962600000000001	0.0	-3.4579800000000005	-2.71644	-2.97053	0.13309400000000002	-0.172272	0.321853	-0.9309850000000001	0.0	0.680401	-0.644547	-0.348731	0.0	-0.712304	-0.69352	-0.10795199999999999	0.0	0.42379700000000003	-3.48205	-3.7364800000000002	0.343697	
0	0.779904	0.13365	-0.611463	0.0	0.532042	0.373001	0.760133	0.0	0.32966799999999996	-0.9181549999999999	0.219797	0.0	-3.4786300000000003	-2.38685	-3.02819	0.133097	-0.17171199999999998	0.32191	-0.931069	0.0	0.677639	-0.647408	-0.34881	0.0	-0.715067	-0.690824	-0.106972	0.0	0.418583	-3.49001	-3.74131	0.343523	
0	0.76081	0.15277000000000002	-0.630737	0.0	0.539211	0.392029	0.745363	0.0	0.361136	-0.9071799999999999	0.21588400000000002	0.0	-3.50399	-2.21101	-3.05989	0.132919	-0.17054	0.320327	-0.9318299999999999	0.0	0.6710010000000001	-0.654775	-0.34789000000000003	0.0	-0.721577	-0.684588	-0.103275	0.0	0.402146	-3.48043	-3.7334	0.343518	
0	0.74133	0.16353	-0.650914	0.0	0.53866	0.43356000000000006	0.722407	0.0	0.400345	-0.8861629999999999	0.23332399999999998	0.0	-3.53546	-2.0918799999999997	-3.07183	0.132916	-0.173009	0.324173	-0.9300430000000001	0.0	0.661141	-0.661696	-0.353626	0.0	-0.7300409999999999	-0.67607	-0.0998442	0.0	0.378361	-3.46432	-3.7010699999999996	0.343659	
0	0.716168	0.18173399999999998	-0.673852	0.0	0.542337	0.46279499999999996	0.701207	0.0	0.43928900000000004	-0.8676370000000001	0.23287800000000003	0.0	-3.52834	-1.94127	-3.0338700000000003	0.132917	-0.168521	0.330428	-0.928665	0.0	0.642671	-0.6775180000000001	-0.357691	0.0	-0.747379	-0.657104	-0.0981801	0.0	0.35271399999999997	-3.42289	-3.69009	0.343258	
0	0.672638	0.215261	-0.707969	0.0	0.539483	0.512193	0.6682939999999999	0.0	0.506474	-0.831457	0.22839099999999998	0.0	-3.51945	-1.7757	-3.06239	0.133101	-0.142592	0.32996	-0.933163	0.0	0.5858270000000001	-0.731788	-0.34827199999999997	0.0	-0.797794	-0.596333	-0.0889527	0.0	0.301141	-3.3062099999999996	-3.67326	0.342791	
1	0.649011	0.236731	-0.72301	0.0	0.523505	0.55061	0.650208	0.0	0.552021	-0.800492	0.233422	0.0	-3.42984	-1.70245	-3.1072599999999997	0.132914	-0.0875582	0.32101999999999997	-0.943016	0.0	0.516243	-0.794991	-0.318562	0.0	-0.8519549999999999	-0.514718	-0.0961162	0.0	0.24508600000000003	-3.09922	-3.69401	0.342911	
1	0.626903	0.251587	-0.737358	0.0	0.519165	0.570779	0.6361439999999999	0.0	0.580914	-0.781611	0.227208	0.0	-3.26004	-1.71416	-3.1856299999999997	0.133107	-0.0208539	0.316195	-0.948465	0.0	0.45633599999999996	-0.841076	-0.290427	0.0	-0.8895629999999999	-0.438875	-0.126751	0.0	0.207313	-2.8445400000000003	-3.7288900000000003	0.342611	
1	0.615701	0.25438	-0.74579	0.0	0.5214989999999999	0.577982	0.627676	0.0	0.590721	-0.775389	0.22320500000000001	0.0	-3.08279	-1.8013700000000001	-3.29083	0.133107	0.0197932	0.30952399999999997	-0.950686	0.0	0.41343199999999997	-0.868301	-0.274094	0.0	-0.91032	-0.38761799999999996	-0.145154	0.0	0.202543	-2.628	-3.76473	0.342161	
1	0.607412	0.256676	-0.751776	0.0	0.523751	0.582138	0.6219319999999999	0.0	0.5972729999999999	-0.771513	0.21916300000000002	0.0	-2.88199	-1.9244400000000002	-3.4149800000000003	0.133102	0.0458179	0.284156	-0.9576819999999999	0.0	0.34938800000000003	-0.902698	-0.251126	0.0	-0.9358569999999999	-0.32309699999999997	-0.14064100000000002	0.0	0.220163	-2.4478	-3.7880199999999995	0.342171	
1	0.596681	0.258781	-0.759608	0.0	0.535369	0.576762	0.617029	0.0	0.597789	-0.77484	0.2056	0.0	-2.7410400000000004	-2.0060599999999997	-3.50161	0.132916	0.0474819	0.261979	-0.9639049999999999	0.0	0.295088	-0.925602	-0.23703200000000002	0.0	-0.9542889999999999	-0.27318200000000004	-0.12125599999999999	0.0	0.198258	-2.32626	-3.74813	0.341931	
1	0.5939909999999999	0.262405	-0.760472	0.0	0.546808	0.56167	0.620909	0.0	0.590064	-0.784647	0.190142	0.0	-2.5996	-2.0611200000000003	-3.5653599999999996	0.132915	0.0379014	0.24772600000000003	-0.968089	0.0	0.266621	-0.9361719999999999	-0.22912	0.0	-0.9630559999999999	-0.24942899999999998	-0.101531	0.0	0.151648	-2.25069	-3.6634	0.341975	
1	0.594521	0.256726	-0.761995	0.0	0.546986	0.5654779999999999	0.6172850000000001	0.0	0.5893649999999999	-0.78379	0.19576300000000002	0.0	-2.47972	-2.12022	-3.61306	0.133107	0.012020900000000001	0.263753	-0.964515	0.0	0.265839	-0.930715	-0.251197	0.0	-0.963943	-0.253386	-0.081304	0.0	0.100383	-2.21214	-3.5773099999999998	0.342269	
1	0.587292	0.26254	-0.765612	0.0	0.559484	0.551855	0.618413	0.0	0.584865	-0.791536	0.177213	0.0	-2.36437	-2.16303	-3.6837400000000002	0.133103	-0.0164887	0.269291	-0.962918	0.0	0.258866	-0.929063	-0.264256	0.0	-0.965773	-0.253623	-0.0543911	0.0	0.038498199999999996	-2.23865	-3.4659800000000005	0.342251	
1	0.5872350000000001	0.262233	-0.76576	0.0	0.55786	0.554355	0.617642	0.0	0.5864699999999999	-0.789888	0.179247	0.0	-2.34275	-2.18053	-3.69319	0.133107	-0.0311834	0.274387	-0.9611139999999999	0.0	0.259779	-0.9263110000000001	-0.27288	0.0	-0.9651649999999999	-0.258187	-0.042394699999999994	0.0	-0.00406221	-2.2595	-3.42099	0.342088	
1	0.586376	0.263353	-0.766035	0.0	0.559504	0.552171	0.618112	0.0	0.5857640000000001	-0.791045	0.176433	0.0	-2.31206	-2.18622	-3.70589	0.132983	-0.0519904	0.283891	-0.9574459999999999	0.0	0.26179600000000003	-0.9213379999999999	-0.287401	0.0	-0.963722	-0.265598	-0.026420999999999997	0.0	-0.0627687	-2.2858099999999997	-3.3378400000000004	0.34204	
1	0.585044	0.263737	-0.7669199999999999	0.0	0.558865	0.554167	0.616903	0.0	0.5877020000000001	-0.78952	0.176819	0.0	-2.31263	-2.1857	-3.71368	0.132983	-0.05846799999999999	0.289157	-0.9554950000000001	0.0	0.263648	-0.9186770000000001	-0.294148	0.0	-0.9628459999999999	-0.26911199999999996	-0.0225227	0.0	-0.0749164	-2.29755	-3.32681	0.341917	
1	0.585599	0.263364	-0.766624	0.0	0.558901	0.553818	0.617183	0.0	0.587114	-0.78989	0.177121	0.0	-2.31067	-2.1859900000000003	-3.72001	0.132917	-0.0636544	0.295128	-0.953335	0.0	0.26631900000000003	-0.9156059999999999	-0.30123	0.0	-0.961781	-0.273065	-0.020315599999999996	0.0	-0.097937	-2.34239	-3.31831	0.340829	
1	0.5824199999999999	0.263454	-0.769012	0.0	0.560317	0.555269	0.614591	0.0	0.588924	-0.78884	0.175782	0.0	-2.31561	-2.18654	-3.72324	0.133108	-0.0678793	0.299356	-0.951724	0.0	0.267158	-0.9136350000000001	-0.30643000000000004	0.0	-0.961259	-0.275061	-0.017958900000000003	0.0	-0.10304200000000001	-2.35837	-3.3101300000000005	0.337149	
1	0.5770390000000001	0.26063000000000003	-0.774014	0.0	0.556856	0.567715	0.606309	0.0	0.597442	-0.780879	0.18245999999999998	0.0	-2.33242	-2.19177	-3.72911	0.134199	-0.0574696	0.315103	-0.9473159999999999	0.0	0.255697	-0.912588	-0.319064	0.0	-0.965047	-0.260562	-0.0281249	0.0	-0.142894	-2.38465	-3.29465	0.179126	
1	0.581262	0.25860700000000003	-0.771529	0.0	0.558076	0.56333	0.60927	0.0	0.592187	-0.784718	0.18312	0.0	-2.31375	-2.18467	-3.7332099999999997	0.13411800000000001	-0.0518786	0.318186	-0.946608	0.0	0.250973	-0.913309	-0.320747	0.0	-0.9666030000000001	-0.254213	-0.0324748	0.0	-0.126411	-2.395	-3.29236	0.179069	
1	0.5875739999999999	0.272477	-0.761914	0.0	0.544604	0.563246	0.621418	0.0	0.598467	-0.780071	0.182557	0.0	-2.2845	-2.1716	-3.7839199999999997	0.133694	-0.0425211	0.326193	-0.9443469999999999	0.0	0.264278	-0.9078620000000001	-0.32549	0.0	-0.9635090000000001	-0.26341	-0.0476024	0.0	-0.101486	-2.36397	-3.31911	0.179258	
1	0.58867	0.284252	-0.756748	0.0	0.538679	0.560064	0.629408	0.0	0.602737	-0.778158	0.176573	0.0	-2.26926	-2.16878	-3.80551	0.134183	-0.0409825	0.33453	-0.941494	0.0	0.271566	-0.903084	-0.332704	0.0	-0.9615469999999999	-0.269312	-0.0538366	0.0	-0.0855688	-2.35183	-3.33345	0.179068	
1	0.594757	0.29951700000000003	-0.746025	0.0	0.532065	0.5490010000000001	0.6445960000000001	0.0	0.602637	-0.780312	0.167159	0.0	-2.24039	-2.14395	-3.83774	0.13450299999999998	-0.0317363	0.350448	-0.9360440000000001	0.0	0.27970700000000004	-0.895983	-0.344933	0.0	-0.9595610000000001	-0.27276500000000004	-0.06958769999999999	0.0	-0.061604	-2.32971	-3.34821	0.178816	
1	0.517281	0.349761	-0.781081	0.0	0.5512779999999999	0.561922	0.616714	0.0	0.654609	-0.749607	0.0978566	0.0	-2.26023	-2.0108	-3.7580199999999997	0.347542	0.0265132	0.361028	-0.9321780000000001	0.0	0.337538	-0.880973	-0.331596	0.0	-0.940939	-0.30585300000000004	-0.145218	0.0	0.127277	-2.35996	-3.47968	0.179004	
1	0.5048739999999999	0.377554	-0.7762439999999999	0.0	0.556703	0.544837	0.627084	0.0	0.659684	-0.748736	0.0648887	0.0	-2.23345	-1.9653	-3.7520800000000003	0.350425	0.0604165	0.377975	-0.9238430000000001	0.0	0.38556799999999997	-0.862534	-0.327676	0.0	-0.9206989999999999	-0.336407	-0.197846	0.0	0.286379	-2.28252	-3.58291	0.17898499999999998	
1	0.47073400000000004	0.43313599999999997	-0.768637	0.0	0.544832	0.542528	0.6393909999999999	0.0	0.69395	-0.719762	0.0193998	0.0	-2.2821	-1.9230599999999998	-3.7626800000000005	0.350319	0.09982010000000001	0.380952	-0.919191	0.0	0.44855100000000003	-0.8418389999999999	-0.300183	0.0	-0.888165	-0.38234	-0.254909	0.0	0.617989	-2.2013700000000003	-3.71369	0.17901	
2	0.41936999999999997	0.48416499999999996	-0.767927	0.0	0.5443899999999999	0.5428109999999999	0.639528	0.0	0.726477	-0.686251	-0.0359364	0.0	-2.35439	-1.89545	-3.7561	0.35073499999999996	0.143268	0.370112	-0.9178729999999999	0.0	0.505518	-0.824694	-0.253635	0.0	-0.8508379999999999	-0.42766400000000004	-0.30525	0.0	0.9968469999999999	-2.18541	-3.7918800000000004	0.179003	
2	0.371727	0.511649	-0.774619	0.0	0.541148	0.558559	0.628626	0.0	0.754306	-0.6528609999999999	-0.0692466	0.0	-2.4274	-1.9639799999999998	-3.70045	0.350573	0.187256	0.353519	-0.916493	0.0	0.559805	-0.805071	-0.19616199999999998	0.0	-0.807189	-0.476325	-0.348656	0.0	1.4036	-2.22248	-3.75558	0.179015	
2	0.303206	0.546135	-0.780898	0.0	0.5376850000000001	0.578513	0.613366	0.0	0.78674	-0.605854	-0.11824000000000001	0.0	-2.48687	-2.0001900000000004	-3.5958099999999997	0.349841	0.23373400000000003	0.33026700000000003	-0.9144899999999999	0.0	0.591719	-0.7946340000000001	-0.135744	0.0	-0.771516	-0.509393	-0.381159	0.0	1.75872	-2.25569	-3.65515	0.179002	
2	0.252318	0.566924	-0.784177	0.0	0.534014	0.594233	0.601429	0.0	0.806948	-0.570512	-0.152809	0.0	-2.4771400000000003	-2.1402900000000002	-3.4772	0.349132	0.284431	0.305012	-0.908882	0.0	0.619156	-0.782253	-0.0687544	0.0	-0.731946	-0.543184	-0.411347	0.0	2.11957	-2.28785	-3.48222	0.178999	
2	0.23217800000000002	0.5732689999999999	-0.785784	0.0	0.525137	0.606126	0.597363	0.0	0.818733	-0.551339	-0.160315	0.0	-2.46726	-2.21959	-3.43011	0.348362	0.311629	0.287906	-0.905537	0.0	0.621682	-0.7824939999999999	-0.0348418	0.0	-0.718609	-0.552099	-0.422834	0.0	2.26709	-2.30609	-3.4055400000000002	0.179005	
2	0.1594	0.593676	-0.788759	0.0	0.521807	0.627577	0.57781	0.0	0.838039	-0.503683	-0.209748	0.0	-2.45613	-2.37662	-3.3242300000000005	0.347288	0.353063	0.244229	-0.9031600000000001	0.0	0.618476	-0.7852520000000001	0.029430400000000002	0.0	-0.702021	-0.568974	-0.42829399999999995	0.0	2.54786	-2.42285	-3.13504	0.179004	
2	0.148609	0.602823	-0.783913	0.0	0.522356	0.6252479999999999	0.579835	0.0	0.839678	-0.495651	-0.221971	0.0	-2.4588200000000002	-2.5	-3.25955	0.34618699999999997	0.371055	0.23234200000000002	-0.899075	0.0	0.624107	-0.779317	0.0561802	0.0	-0.687611	-0.581964	-0.434176	0.0	2.66838	-2.5061	-2.98644	0.179008	
2	0.13695	0.605229	-0.784183	0.0	0.522547	0.628395	0.57625	0.0	0.84154	-0.48868999999999996	-0.230202	0.0	-2.46833	-2.56528	-3.22792	0.345416	0.379236	0.23413	-0.8951889999999999	0.0	0.6340640000000001	-0.770361	0.06713179999999999	0.0	-0.673901	-0.593066	-0.44060200000000005	0.0	2.74765	-2.54502	-2.88863	0.179004	
2	0.132577	0.605833	-0.784468	0.0	0.524588	0.628628	0.574137	0.0	0.8409700000000001	-0.48763999999999996	-0.23447199999999999	0.0	-2.47611	-2.58407	-3.22512	0.345553	0.384181	0.232156	-0.8935930000000001	0.0	0.642119	-0.762633	0.0779324	0.0	-0.663392	-0.603733	-0.442061	0.0	2.81407	-2.5702700000000003	-2.86366	0.179006	
2	0.129298	0.606897	-0.784192	0.0	0.5262359999999999	0.628285	0.573005	0.0	0.8404510000000001	-0.486759	-0.23813499999999999	0.0	-2.50252	-2.63706	-3.18134	0.345065	0.397806	0.207171	-0.8937729999999999	0.0	0.655038	-0.7462340000000001	0.118576	0.0	-0.6423989999999999	-0.632626	-0.432561	0.0	2.93824	-2.63773	-2.7661	0.179001	
2	0.130652	0.608826	-0.782471	0.0	0.5260090000000001	0.626428	0.575242	0.0	0.840384	-0.48674300000000004	-0.238404	0.0	-2.51819	-2.6602799999999998	-3.16908	0.34497	0.40081500000000003	0.20492600000000002	-0.8929459999999999	0.0	0.667692	-0.7327229999999999	0.131549	0.0	-0.627324	-0.64894	-0.430514	0.0	2.9906200000000003	-2.66507	-2.7034	0.179006	
