0	0.562688	0.563806	-0.6045699999999999	0.0	0.6855180000000001	0.09048439999999999	0.7224109999999999	0.0	0.46200399999999997	-0.8209360000000001	-0.33558499999999997	0.0	-2.7748	1.99445	1.43172	-1.4776400000000001e-05	-0.593133	0.516197	-0.617846	0.0	0.7501680000000001	0.0757213	-0.656898	0.0	-0.29230500000000004	-0.853116	-0.432148	0.0	2.66032	2.0	1.53809	0.0	
0	0.042274	0.8724200000000001	-0.486926	0.0	0.157193	0.475484	0.865566	0.0	0.986663	-0.113132	-0.11703800000000002	0.0	-2.81605	1.81843	1.48504	0.0	-0.0455031	0.8447309999999999	-0.533253	0.0	0.241021	-0.508753	-0.826486	0.0	-0.9694530000000001	-0.166133	-0.180448	0.0	2.7338299999999998	1.9684099999999998	1.6026	0.0	
0	0.017537200000000003	0.852651	-0.522187	0.0	0.132598	0.51567	0.846464	0.0	0.991015	-0.08408550000000001	-0.10401600000000001	0.0	-2.77093	1.8113	1.51226	0.0	-0.021902599999999998	0.851992	-0.523096	0.0	0.258602	-0.500587	-0.826158	0.0	-0.965736	-0.153369	-0.20936300000000002	0.0	2.74898	1.97517	1.56693	0.0	
0	0.00235327	0.850292	-0.526306	0.0	0.14998	0.520055	0.8408620000000001	0.0	0.9886860000000001	-0.0809141	-0.126303	0.0	-2.74575	1.8517700000000001	1.52944	0.0	-0.030799599999999996	0.894337	-0.446334	0.0	0.250268	-0.425421	-0.8697030000000001	0.0	-0.9676870000000001	-0.138489	-0.210721	0.0	2.75042	1.98593	1.52749	0.0	
0	-0.0716464	0.858447	-0.5078739999999999	0.0	0.137828	0.5128189999999999	0.847361	0.0	0.9878620000000001	-0.00928882	-0.155059	0.0	-2.7559	2.01173	1.4485	0.356102	-0.0429054	0.918373	-0.393383	0.0	0.22725700000000001	-0.37445300000000004	-0.8989659999999999	0.0	-0.9728889999999999	-0.127969	-0.192641	0.0	2.75267	2.06925	1.52221	0.357601	
0	-0.0645409	0.8628809999999999	-0.501269	0.0	0.16548	0.504616	0.8473370000000001	0.0	0.984099	-0.028262	-0.17535799999999999	0.0	-2.6387400000000003	2.11295	1.4197799999999998	0.346792	-0.054407500000000004	0.907509	-0.416495	0.0	0.256115	-0.39047600000000005	-0.8842700000000001	0.0	-0.9651139999999999	-0.154781	-0.211182	0.0	2.65024	2.10495	1.54844	0.357979	
0	-0.060451599999999994	0.8742190000000001	-0.481754	0.0	0.20291900000000002	0.483321	0.851601	0.0	0.9773280000000001	-0.046276599999999994	-0.206614	0.0	-2.64787	2.18708	1.38319	0.345641	-0.0638653	0.904156	-0.42240200000000006	0.0	0.27405799999999997	-0.39110300000000003	-0.8785959999999999	0.0	-0.9595899999999999	-0.171874	-0.222813	0.0	2.67441	2.1478599999999997	1.54506	0.3582	
0	-0.0164689	0.884424	-0.466393	0.0	0.23772800000000002	0.45654399999999995	0.857352	0.0	0.971192	-0.0967552	-0.217771	0.0	-2.69587	2.18162	1.26556	0.343572	-0.0552759	0.901807	-0.42858900000000005	0.0	0.300203	-0.394374	-0.868532	0.0	-0.9522729999999999	-0.176672	-0.248926	0.0	2.69465	2.18399	1.42991	0.360242	
0	0.0446634	0.8589959999999999	-0.51003	0.0	0.318239	0.471709	0.8223229999999999	0.0	0.946958	-0.19903900000000002	-0.252298	0.0	-2.70946	2.04102	1.01979	0.343154	-0.0724041	0.8748459999999999	-0.478959	0.0	0.383742	-0.418817	-0.8230040000000001	0.0	-0.9205979999999999	-0.243385	-0.30539099999999997	0.0	2.63939	2.11699	1.1579	0.359809	
0	0.090226	0.845053	-0.527014	0.0	0.368446	0.463305	0.805976	0.0	0.9252610000000001	-0.266896	-0.269554	0.0	-2.6931700000000003	1.88743	0.831817	0.34576599999999996	-0.07612200000000001	0.856563	-0.5103979999999999	0.0	0.42326199999999997	-0.435716	-0.7943560000000001	0.0	-0.902804	-0.2765	-0.329383	0.0	2.56792	2.02237	0.93619	0.359929	
0	0.127436	0.737775	-0.662909	0.0	0.513054	0.522962	0.680652	0.0	0.848844	-0.42684700000000003	-0.311874	0.0	-2.67291	1.26609	0.12771500000000002	0.348554	-0.0992087	0.761211	-0.640871	0.0	0.535246	-0.502116	-0.679258	0.0	-0.83885	-0.410412	-0.357621	0.0	2.35046	1.50444	0.187922	0.35916	
0	0.111062	0.686258	-0.718829	0.0	0.548551	0.560808	0.62015	0.0	0.828708	-0.46319	-0.314163	0.0	-2.6993400000000003	1.0151	-0.161628	0.348225	-0.120925	0.7244229999999999	-0.678667	0.0	0.582422	-0.501859	-0.63947	0.0	-0.8038420000000001	-0.47259799999999996	-0.36123299999999997	0.0	2.26842	1.24248	-0.111016	0.35872600000000004	
0	0.124329	0.584114	-0.8020930000000001	0.0	0.653751	0.5598810000000001	0.509061	0.0	0.746426	-0.5876600000000001	-0.312255	0.0	-2.73145	0.38471500000000003	-0.881914	0.349889	-0.133221	0.6113390000000001	-0.780075	0.0	0.670914	-0.523694	-0.524994	0.0	-0.72947	-0.593303	-0.340388	0.0	2.0192799999999997	0.570896	-0.808932	0.35676399999999997	
0	0.14269600000000002	0.547762	-0.824376	0.0	0.6854210000000001	0.5461739999999999	0.48155200000000004	0.0	0.714028	-0.63376	-0.297511	0.0	-2.71352	0.028129	-1.2394	0.350644	-0.118146	0.567368	-0.814945	0.0	0.712056	-0.5236109999999999	-0.46776999999999996	0.0	-0.6921109999999999	-0.635551	-0.342136	0.0	1.8620599999999998	0.16513699999999998	-1.14632	0.35539899999999996	
0	0.11581	0.49776000000000004	-0.859548	0.0	0.7166779999999999	0.557291	0.419285	0.0	0.687722	-0.6645760000000001	-0.292194	0.0	-2.66932	-0.3237	-1.60313	0.349746	-0.09590549999999999	0.49668199999999996	-0.862618	0.0	0.746409	-0.537458	-0.392445	0.0	-0.6585409999999999	-0.681503	-0.319183	0.0	1.6995	-0.25238299999999997	-1.48311	0.35283000000000003	
0	0.11262	0.468983	-0.8759969999999999	0.0	0.748591	0.5396810000000001	0.38516999999999996	0.0	0.6533979999999999	-0.699142	-0.290298	0.0	-2.66729	-0.6507390000000001	-1.92372	0.349867	-0.104275	0.45673500000000006	-0.8834709999999999	0.0	0.776526	-0.5176310000000001	-0.359256	0.0	-0.621396	-0.7235	-0.300691	0.0	1.57213	-0.647366	-1.73922	0.35074	
0	0.107412	0.453858	-0.8845770000000001	0.0	0.760456	0.53563	0.367161	0.0	0.640444	-0.712119	-0.287606	0.0	-2.67015	-0.822577	-2.05151	0.349117	-0.10491500000000001	0.43878900000000004	-0.892445	0.0	0.798287	-0.498013	-0.338704	0.0	-0.593069	-0.747962	-0.298031	0.0	1.54155	-0.854309	-1.87199	0.34735900000000003	
0	0.12026700000000001	0.431022	-0.894291	0.0	0.788643	0.505666	0.34977600000000003	0.0	0.602974	-0.747343	-0.279107	0.0	-2.7654900000000002	-1.28175	-2.3957599999999997	0.348067	-0.108751	0.39758000000000004	-0.9111	0.0	0.823631	-0.477152	-0.306527	0.0	-0.556602	-0.783745	-0.275569	0.0	1.5440200000000002	-1.4028399999999999	-2.11626	0.342032	
0	0.144493	0.409005	-0.90102	0.0	0.804711	0.48131199999999996	0.347533	0.0	0.575814	-0.775277	-0.259585	0.0	-2.8082	-1.6384599999999998	-2.51552	0.347407	-0.117039	0.36911	-0.9219870000000001	0.0	0.8392930000000001	-0.45955	-0.290519	0.0	-0.530933	-0.807819	-0.256006	0.0	1.62989	-1.8055299999999999	-2.2137	0.341777	
0	0.153586	0.400212	-0.9034610000000001	0.0	0.808125	0.475278	0.347916	0.0	0.568635	-0.7835439999999999	-0.250425	0.0	-2.89783	-1.9543	-2.54164	0.346027	-0.11240699999999999	0.35475300000000004	-0.9281780000000001	0.0	0.8360620000000001	-0.471041	-0.28128400000000003	0.0	-0.5369970000000001	-0.807633	-0.243648	0.0	1.74037	-2.1470700000000003	-2.19234	0.342783	
0	0.109351	0.39474899999999996	-0.912259	0.0	0.769837	0.54694	0.328949	0.0	0.628803	-0.738261	-0.244083	0.0	-2.9641599999999997	-2.15829	-2.6333	0.33523800000000004	-0.06427619999999999	0.330448	-0.9416329999999999	0.0	0.795651	-0.552563	-0.248223	0.0	-0.602336	-0.765166	-0.22740500000000002	0.0	1.81217	-2.28753	-2.17375	0.35399200000000003	
0	0.07307319999999999	0.399213	-0.913942	0.0	0.747079	0.585178	0.31534	0.0	0.660706	-0.7058300000000001	-0.255483	0.0	-2.92466	-2.19882	-2.6669099999999997	0.335495	-0.054745	0.332789	-0.9414110000000001	0.0	0.787609	-0.565125	-0.245573	0.0	-0.613739	-0.754907	-0.23117	0.0	1.8115700000000001	-2.3071599999999997	-2.18539	0.349708	
0	0.0777759	0.397773	-0.9141819999999999	0.0	0.7478090000000001	0.583151	0.317358	0.0	0.659342	-0.708316	-0.252103	0.0	-2.86852	-2.21882	-2.66016	0.336856	-0.055821800000000005	0.333449	-0.9411139999999999	0.0	0.786135	-0.566415	-0.247317	0.0	-0.615529	-0.753648	-0.23051799999999997	0.0	1.78434	-2.30627	-2.20105	0.349831	
0	0.081423	0.39700100000000005	-0.914199	0.0	0.751674	0.577867	0.317893	0.0	0.65449	-0.713064	-0.251364	0.0	-2.84295	-2.22142	-2.66377	0.337658	-0.055977400000000004	0.332491	-0.9414440000000001	0.0	0.785798	-0.56703	-0.246981	0.0	-0.615946	-0.75361	-0.22953	0.0	1.7730299999999999	-2.30881	-2.19657	0.349337	
0	0.077664	0.402258	-0.912226	0.0	0.751358	0.577801	0.318758	0.0	0.655308	-0.7101649999999999	-0.257366	0.0	-2.86002	-2.21429	-2.67177	0.338142	-0.057196699999999996	0.333336	-0.9410719999999999	0.0	0.781474	-0.5716680000000001	-0.249986	0.0	-0.62131	-0.749722	-0.227796	0.0	1.7797	-2.31453	-2.18589	0.349903	
0	0.0793734	0.401532	-0.912399	0.0	0.754103	0.574417	0.318394	0.0	0.651942	-0.7133149999999999	-0.257203	0.0	-2.89478	-2.20927	-2.6716900000000003	0.339557	-0.058659699999999995	0.33520700000000003	-0.940317	0.0	0.779523	-0.573045	-0.252909	0.0	-0.623621	-0.747834	-0.227687	0.0	1.76472	-2.3184	-2.1706	0.352675	
0	0.0795307	0.401371	-0.9124559999999999	0.0	0.754378	0.5741109999999999	0.318292	0.0	0.651605	-0.713651	-0.257126	0.0	-2.89607	-2.2101900000000003	-2.66941	0.339455	-0.0587379	0.33516799999999997	-0.940326	0.0	0.7795	-0.573058	-0.25295100000000004	0.0	-0.623642	-0.747842	-0.22760300000000003	0.0	1.7644	-2.31827	-2.17137	0.35261	
0	0.07953239999999999	0.401368	-0.912457	0.0	0.7543810000000001	0.574109	0.318291	0.0	0.651601	-0.713655	-0.25712399999999996	0.0	-2.89603	-2.21018	-2.6694400000000003	0.339455	-0.058738900000000004	0.335167	-0.940326	0.0	0.7795	-0.573059	-0.252952	0.0	-0.6236430000000001	-0.747842	-0.227602	0.0	1.76443	-2.31827	-2.17138	0.352609	
0	0.07953239999999999	0.401368	-0.912457	0.0	0.7543810000000001	0.574109	0.318291	0.0	0.651601	-0.713655	-0.25712399999999996	0.0	-2.89603	-2.21018	-2.6694400000000003	0.339455	-0.0587388	0.335167	-0.940326	0.0	0.7794989999999999	-0.573059	-0.252952	0.0	-0.6236430000000001	-0.747841	-0.227602	0.0	1.76443	-2.31827	-2.17138	0.352609	
0	0.0795325	0.401368	-0.912457	0.0	0.7543810000000001	0.574109	0.318291	0.0	0.651601	-0.713655	-0.25712399999999996	0.0	-2.89603	-2.21018	-2.6694400000000003	0.339455	-0.0587388	0.335167	-0.940326	0.0	0.7794989999999999	-0.573059	-0.252952	0.0	-0.6236430000000001	-0.747841	-0.227602	0.0	1.76443	-2.31827	-2.17138	0.352609	
0	0.0795325	0.401368	-0.912457	0.0	0.7543810000000001	0.574108	0.318291	0.0	0.651601	-0.713655	-0.25712399999999996	0.0	-2.89603	-2.21018	-2.6694400000000003	0.339455	-0.0587388	0.335167	-0.940326	0.0	0.7794989999999999	-0.573059	-0.252952	0.0	-0.6236430000000001	-0.747841	-0.227602	0.0	1.76443	-2.31827	-2.17138	0.352609	
0	0.0795325	0.401368	-0.912457	0.0	0.7543810000000001	0.574108	0.318291	0.0	0.651601	-0.713655	-0.25712399999999996	0.0	-2.89603	-2.21018	-2.6694400000000003	0.339455	-0.0587388	0.335167	-0.940326	0.0	0.7794989999999999	-0.573059	-0.252952	0.0	-0.6236430000000001	-0.747841	-0.227602	0.0	1.76443	-2.31827	-2.17138	0.352609	
0	0.0795325	0.401368	-0.912457	0.0	0.7543810000000001	0.574109	0.318291	0.0	0.651601	-0.713655	-0.25712399999999996	0.0	-2.89603	-2.21018	-2.6694400000000003	0.339455	-0.0587388	0.335167	-0.940326	0.0	0.7794989999999999	-0.573059	-0.252952	0.0	-0.6236430000000001	-0.747841	-0.227602	0.0	1.76443	-2.31827	-2.17138	0.352609	
0	0.0795325	0.401368	-0.912457	0.0	0.7543810000000001	0.574109	0.318291	0.0	0.651601	-0.713655	-0.25712399999999996	0.0	-2.89603	-2.21018	-2.6694400000000003	0.339455	-0.0587388	0.335167	-0.940326	0.0	0.7794989999999999	-0.573059	-0.252952	0.0	-0.6236430000000001	-0.747841	-0.227602	0.0	1.76443	-2.31827	-2.17138	0.352609	
0	0.0795325	0.401368	-0.912457	0.0	0.7543810000000001	0.574108	0.318291	0.0	0.651601	-0.713655	-0.25712399999999996	0.0	-2.89603	-2.21018	-2.6694400000000003	0.339455	-0.0587388	0.335167	-0.940326	0.0	0.7794989999999999	-0.573059	-0.252952	0.0	-0.6236430000000001	-0.747841	-0.227602	0.0	1.76443	-2.31827	-2.17138	0.352609	
0	0.0795325	0.401368	-0.912457	0.0	0.7543810000000001	0.574108	0.318291	0.0	0.651601	-0.713655	-0.25712399999999996	0.0	-2.89603	-2.21018	-2.6694400000000003	0.339455	-0.058738599999999995	0.335167	-0.940326	0.0	0.7794989999999999	-0.573059	-0.252952	0.0	-0.6236430000000001	-0.747841	-0.227602	0.0	1.76443	-2.31827	-2.17138	0.352609	
0	0.0795325	0.401368	-0.912457	0.0	0.7543810000000001	0.574108	0.318291	0.0	0.651601	-0.713655	-0.25712399999999996	0.0	-2.89603	-2.21018	-2.6694400000000003	0.339455	-0.0587388	0.335167	-0.940326	0.0	0.7794989999999999	-0.573059	-0.252952	0.0	-0.6236430000000001	-0.747841	-0.227602	0.0	1.76443	-2.31827	-2.17138	0.352609	
0	0.268405	0.554375	-0.787799	0.0	0.793925	0.335857	0.506836	0.0	0.545565	-0.761491	-0.349986	0.0	-3.0062599999999997	-2.2223599999999997	-2.7629599999999996	0.355427	0.038953800000000004	0.49322299999999997	-0.86903	0.0	0.6884899999999999	-0.643556	-0.334393	0.0	-0.7241989999999999	-0.585292	-0.364648	0.0	1.6893599999999998	-2.30844	-2.19825	0.341857	
0	0.377195	0.524243	-0.763474	0.0	0.801833	0.22766999999999998	0.552477	0.0	0.46345299999999995	-0.82057	-0.33447899999999997	0.0	-3.21017	-2.23205	-2.9405200000000002	0.357881	0.0334671	0.489371	-0.871433	0.0	0.685231	-0.6459630000000001	-0.336437	0.0	-0.7275560000000001	-0.585874	-0.356951	0.0	1.6470799999999999	-2.3496200000000003	-2.27897	0.342119	
0	0.47863100000000003	0.437567	-0.761215	0.0	0.783401	0.17866500000000002	0.595282	0.0	0.396478	-0.881257	-0.257276	0.0	-3.39264	-2.36767	-3.09508	0.35878699999999997	0.027343400000000004	0.48140200000000005	-0.876073	0.0	0.678717	-0.652364	-0.33729000000000003	0.0	-0.733891	-0.585383	-0.344574	0.0	1.57762	-2.40654	-2.33201	0.342524	
0	0.575386	0.341852	-0.743013	0.0	0.752528	0.13456600000000002	0.644666	0.0	0.320364	-0.9300700000000001	-0.17982599999999999	0.0	-3.5644199999999997	-2.55052	-3.2355099999999997	0.35990500000000003	0.024056599999999997	0.477207	-0.878461	0.0	0.674958	-0.6559619999999999	-0.337855	0.0	-0.737464	-0.584797	-0.337875	0.0	1.5087899999999999	-2.49863	-2.3797599999999997	0.342694	
0	0.669623	0.24600300000000003	-0.7007770000000001	0.0	0.696344	0.120179	0.707575	0.0	0.258284	-0.9617899999999999	-0.0908278	0.0	-3.7355199999999997	-2.75658	-3.3393800000000002	0.36004899999999995	0.0199991	0.471653	-0.8815569999999999	0.0	0.672283	-0.658978	-0.33731700000000003	0.0	-0.740024	-0.58591	-0.330264	0.0	1.45449	-2.5714099999999998	-2.41282	0.342543	
0	0.73888	0.184168	-0.648181	0.0	0.62774	0.16153900000000002	0.761478	0.0	0.244946	-0.9695299999999999	0.00374852	0.0	-3.8171800000000005	-2.96033	-3.4011099999999996	0.360527	0.0156994	0.46979399999999993	-0.8826360000000001	0.0	0.675125	-0.6561170000000001	-0.33721799999999996	0.0	-0.737536	-0.590596	-0.327471	0.0	1.4271	-2.62434	-2.42968	0.34241	
0	0.7754810000000001	0.15127000000000002	-0.6129819999999999	0.0	0.584296	0.195914	0.787538	0.0	0.239222	-0.968884	0.0635414	0.0	-3.78652	-3.1320099999999997	-3.37397	0.360757	0.0112614	0.470083	-0.882551	0.0	0.6779810000000001	-0.652341	-0.338812	0.0	-0.734993	-0.594537	-0.326054	0.0	1.4059700000000002	-2.66573	-2.4346400000000004	0.34239	
0	0.797297	0.10986099999999999	-0.593504	0.0	0.556955	0.245074	0.793562	0.0	0.232634	-0.96326	0.134209	0.0	-3.67735	-3.28861	-3.3067699999999998	0.361056	0.00767821	0.466287	-0.8846	0.0	0.6803859999999999	-0.650722	-0.3371	0.0	-0.7328140000000001	-0.5992810000000001	-0.322252	0.0	1.3910200000000001	-2.69457	-2.4213400000000003	0.342453	
0	0.797299	0.0547453	-0.601096	0.0	0.558463	0.310899	0.769065	0.0	0.228983	-0.948865	0.21730700000000003	0.0	-3.5775900000000003	-3.41055	-3.21488	0.361025	0.00502968	0.462869	-0.8864129999999999	0.0	0.6813060000000001	-0.65044	-0.335782	0.0	-0.731982	-0.602229	-0.318627	0.0	1.38998	-2.7259599999999997	-2.42766	0.342326	
0	0.76739	0.013624500000000001	-0.641035	0.0	0.597245	0.348529	0.722376	0.0	0.233262	-0.937199	0.259321	0.0	-3.41991	-3.5045300000000004	-3.11632	0.360221	0.00516605	0.464183	-0.885725	0.0	0.682026	-0.649392	-0.33635	0.0	-0.73131	-0.602349	-0.319939	0.0	1.3855600000000001	-2.7385099999999998	-2.41277	0.342409	
0	0.751011	-0.0236465	-0.659866	0.0	0.6177020000000001	0.378259	0.689467	0.0	0.23329699999999998	-0.9253969999999999	0.298683	0.0	-3.33416	-3.56771	-3.07602	0.360344	0.00138426	0.46050699999999994	-0.887655	0.0	0.6814859999999999	-0.650047	-0.33617600000000003	0.0	-0.731829	-0.604459	-0.314729	0.0	1.37463	-2.7517400000000003	-2.3891	0.342353	
0	0.704639	-0.0927961	-0.703472	0.0	0.6691699999999999	0.41664300000000004	0.615321	0.0	0.23599699999999998	-0.904322	0.355679	0.0	-3.2057700000000002	-3.58152	-2.9984900000000003	0.356283	-0.00614476	0.461776	-0.886975	0.0	0.682229	-0.646568	-0.34134200000000003	0.0	-0.731113	-0.607217	-0.311064	0.0	1.35152	-2.78189	-2.3722	0.342381	
0	0.6684	-0.123778	-0.73343	0.0	0.7056939999999999	0.417104	0.572731	0.0	0.235026	-0.9003909999999999	0.366142	0.0	-3.21935	-3.5821099999999997	-2.99103	0.351933	-0.0105846	0.463862	-0.8858440000000001	0.0	0.684182	-0.642701	-0.34471799999999997	0.0	-0.7292350000000001	-0.609727	-0.31056300000000003	0.0	1.35563	-2.79935	-2.38449	0.342333	
0	0.653908	-0.140423	-0.743429	0.0	0.720302	0.416156	0.554959	0.0	0.23145300000000002	-0.898385	0.373275	0.0	-3.2208900000000003	-3.5811	-2.99019	0.35024099999999997	-0.013783600000000002	0.46267299999999995	-0.8864219999999999	0.0	0.685067	-0.641378	-0.34542399999999995	0.0	-0.72835	-0.612019	-0.308122	0.0	1.36846	-2.8445	-2.38947	0.342289	
0	0.656451	-0.149983	-0.739309	0.0	0.7227210000000001	0.40593	0.559371	0.0	0.21621100000000001	-0.9015129999999999	0.374868	0.0	-3.20887	-3.5748599999999997	-2.99288	0.349452	-0.0147609	0.464417	-0.885493	0.0	0.685829	-0.639734	-0.346956	0.0	-0.7276130000000001	-0.6124189999999999	-0.309068	0.0	1.37604	-2.86521	-2.39473	0.342389	
0	0.686719	-0.175535	-0.705411	0.0	0.709992	0.370184	0.599061	0.0	0.155975	-0.912223	0.378841	0.0	-3.1567	-3.5616	-3.01173	0.354098	-0.0138142	0.46142299999999997	-0.887073	0.0	0.686566	-0.640591	-0.343904	0.0	-0.7269359999999999	-0.613785	-0.307948	0.0	1.38458	-2.87109	-2.39005	0.342224	
0	0.700515	-0.197183	-0.685856	0.0	0.7088800000000001	0.303063	0.636901	0.0	0.0822717	-0.932348	0.352079	0.0	-3.09773	-3.59081	-3.00463	0.35328699999999996	-0.012174500000000001	0.46013999999999994	-0.887763	0.0	0.684774	-0.643131	-0.342735	0.0	-0.728654	-0.612089	-0.307262	0.0	1.3845	-2.87794	-2.3830400000000003	0.34218899999999997	
0	0.7106779999999999	-0.21822399999999997	-0.668817	0.0	0.702245	0.277202	0.655752	0.0	0.042297	-0.935702	0.350248	0.0	-3.0708	-3.59445	-2.99922	0.351001	-0.013088999999999998	0.457429	-0.88915	0.0	0.683148	-0.645245	-0.342007	0.0	-0.730163	-0.611897	-0.304046	0.0	1.36814	-2.89042	-2.37759	0.342225	
0	0.729574	-0.21763200000000002	-0.64835	0.0	0.6838310000000001	0.24575	0.687009	0.0	0.00981686	-0.944586	0.32811599999999996	0.0	-3.05472	-3.59765	-2.9709	0.348339	-0.0118823	0.454262	-0.8907889999999999	0.0	0.684333	-0.6458470000000001	-0.338481	0.0	-0.729073	-0.613618	-0.303193	0.0	1.36112	-2.8904900000000002	-2.3689400000000003	0.342011	
0	0.743467	-0.20784699999999998	-0.6356539999999999	0.0	0.6687609999999999	0.22548400000000002	0.7084600000000001	0.0	-0.00392145	-0.951818	0.30664	0.0	-3.06199	-3.59677	-2.96137	0.325981	-0.013027100000000002	0.45086099999999996	-0.8924989999999999	0.0	0.6819430000000001	-0.648779	-0.337696	0.0	-0.7312890000000001	-0.6130329999999999	-0.29901	0.0	1.35638	-2.88748	-2.35364	0.341925	
0	0.754178	-0.201239	-0.625075	0.0	0.656617	0.21891799999999997	0.721755	0.0	-0.00840524	-0.954766	0.29724	0.0	-3.11983	-3.5905199999999997	-3.01991	0.225731	-0.0132126	0.44928900000000005	-0.8932889999999999	0.0	0.6826770000000001	-0.648699	-0.336367	0.0	-0.7306010000000001	-0.614272	-0.298149	0.0	1.35632	-2.88057	-2.34064	0.341914	
0	0.771706	-0.19580799999999998	-0.605085	0.0	0.635979	0.23762199999999997	0.734212	0.0	1.70469e-05	-0.951417	0.30790500000000004	0.0	-3.11733	-3.5864199999999995	-2.9998099999999996	0.131481	-0.015562000000000001	0.449722	-0.893033	0.0	0.682801	-0.6476850000000001	-0.338065	0.0	-0.7304390000000001	-0.615024	-0.296991	0.0	1.36585	-2.8737	-2.31929	0.341801	
0	0.786976	-0.185101	-0.5885630000000001	0.0	0.616395	0.27752899999999997	0.736909	0.0	0.026941000000000003	-0.942717	0.332504	0.0	-3.14643	-3.58585	-3.01905	0.131379	-0.0163648	0.451705	-0.8920170000000001	0.0	0.682954	-0.646545	-0.339931	0.0	-0.730278	-0.6147699999999999	-0.297913	0.0	1.38094	-2.8639099999999997	-2.3105900000000004	0.34168200000000004	
0	0.805838	-0.148749	-0.573148	0.0	0.587793	0.317958	0.7439100000000001	0.0	0.07158110000000001	-0.936363	0.343657	0.0	-3.1947099999999997	-3.58558	-3.02754	0.13131199999999998	-0.0168109	0.45280200000000004	-0.891453	0.0	0.681656	-0.6470739999999999	-0.341528	0.0	-0.73148	-0.613405	-0.297777	0.0	1.38965	-2.86314	-2.30806	0.341739	
0	0.8095319999999999	-0.121111	-0.574447	0.0	0.576468	0.349148	0.738769	0.0	0.11109400000000001	-0.929208	0.352464	0.0	-3.23441	-3.58757	-3.03775	0.131366	-0.0165568	0.453275	-0.891217	0.0	0.679489	-0.6487850000000001	-0.342597	0.0	-0.733499	-0.6112449999999999	-0.29725300000000004	0.0	1.38665	-2.86794	-2.29927	0.341712	
0	0.811786	-0.0905965	-0.576885	0.0	0.568129	0.350966	0.744348	0.0	0.13503099999999998	-0.931995	0.336379	0.0	-3.25794	-3.58731	-3.02334	0.13137200000000002	-0.0168552	0.454567	-0.890553	0.0	0.6770609999999999	-0.650208	-0.34470100000000004	0.0	-0.735734	-0.608769	-0.29681	0.0	1.37376	-2.87491	-2.2919099999999997	0.34176799999999996	
0	0.805956	-0.05835169999999999	-0.589093	0.0	0.570658	0.34122800000000003	0.7469359999999999	0.0	0.15743	-0.938168	0.308313	0.0	-3.29346	-3.58426	-3.0112	0.131762	-0.0182008	0.45774899999999996	-0.8888950000000001	0.0	0.675363	-0.649936	-0.348522	0.0	-0.7372609999999999	-0.606671	-0.29731799999999997	0.0	1.36335	-2.88081	-2.29449	0.34166199999999997	
0	0.793932	-0.00677571	-0.607969	0.0	0.575082	0.332961	0.747274	0.0	0.19736700000000001	-0.942916	0.26824499999999996	0.0	-3.43859	-3.4723800000000002	-3.1606	0.131625	-0.0201411	0.46160100000000004	-0.8868590000000001	0.0	0.672421	-0.650195	-0.353691	0.0	-0.739895	-0.603466	-0.297295	0.0	1.34364	-2.89074	-2.3028	0.341868	
0	0.783554	0.0363184	-0.620261	0.0	0.570799	0.352242	0.741697	0.0	0.245419	-0.935204	0.25527	0.0	-3.43192	-3.03064	-3.17605	0.131628	-0.021556400000000003	0.46416999999999997	-0.885484	0.0	0.669247	-0.65128	-0.357692	0.0	-0.7427279999999999	-0.600318	-0.296605	0.0	1.33381	-2.90548	-2.31489	0.342073	
0	0.779798	0.0655525	-0.62259	0.0	0.5567529999999999	0.38212199999999996	0.73757	0.0	0.28625500000000004	-0.921784	0.261481	0.0	-3.3709	-2.61032	-3.1692099999999996	0.131632	-0.022992500000000003	0.46723400000000004	-0.883834	0.0	0.666076	-0.6521140000000001	-0.362064	0.0	-0.745529	-0.5970260000000001	-0.29622	0.0	1.33344	-2.9123	-2.3348	0.342174	
0	0.780208	0.0862064	-0.6195510000000001	0.0	0.544326	0.394433	0.740359	0.0	0.308195	-0.9148719999999999	0.260816	0.0	-3.3516800000000004	-2.3103599999999997	-3.13465	0.13163699999999998	-0.0235246	0.46963900000000003	-0.882545	0.0	0.6642239999999999	-0.652428	-0.36488899999999996	0.0	-0.747163	-0.594791	-0.29659800000000003	0.0	1.32894	-2.92158	-2.35248	0.34233800000000003	
0	0.774089	0.12186300000000001	-0.621237	0.0	0.532686	0.40489200000000003	0.743175	0.0	0.3421	-0.906208	0.248507	0.0	-3.33661	-2.06172	-3.1232599999999997	0.13153800000000002	-0.0235096	0.47024399999999994	-0.882223	0.0	0.663068	-0.653101	-0.365786	0.0	-0.7481899999999999	-0.5935739999999999	-0.29644899999999996	0.0	1.31995	-2.92937	-2.3717	0.342314	
1	0.754083	0.177758	-0.632266	0.0	0.518674	0.42938999999999994	0.739326	0.0	0.402909	-0.885453	0.23159699999999997	0.0	-3.3065300000000004	-1.8058299999999998	-3.09923	0.131623	0.00841779	0.475943	-0.8794360000000001	0.0	0.6515989999999999	-0.669725	-0.356212	0.0	-0.758517	-0.570041	-0.315762	0.0	1.32326	-2.90365	-2.40617	0.342566	
1	0.741784	0.21129	-0.6364850000000001	0.0	0.510648	0.437277	0.7402890000000001	0.0	0.43473599999999996	-0.8741540000000001	0.216471	0.0	-3.2662299999999997	-1.6703	-3.09346	0.131632	0.039643300000000006	0.47598199999999996	-0.878561	0.0	0.635904	-0.690234	-0.345258	0.0	-0.770749	-0.5449930000000001	-0.330042	0.0	1.32097	-2.84763	-2.42559	0.342719	
1	0.7099270000000001	0.292758	-0.640544	0.0	0.48666800000000005	0.45350100000000004	0.746654	0.0	0.509076	-0.841801	0.179476	0.0	-3.06601	-1.42516	-3.1192900000000003	0.131632	0.171149	0.437213	-0.8829229999999999	0.0	0.531997	-0.795285	-0.290691	0.0	-0.829269	-0.419961	-0.368708	0.0	1.31293	-2.59545	-2.54285	0.342658	
1	0.7109270000000001	0.319257	-0.626624	0.0	0.46913999999999995	0.448499	0.760761	0.0	0.523918	-0.8348200000000001	0.169074	0.0	-2.94208	-1.40731	-3.1382	0.13153299999999998	0.21354800000000002	0.414444	-0.884666	0.0	0.486335	-0.83047	-0.271658	0.0	-0.847275	-0.372232	-0.37890300000000005	0.0	1.29646	-2.48443	-2.59077	0.34283600000000003	
1	0.697892	0.36089699999999997	-0.618628	0.0	0.467174	0.425311	0.775151	0.0	0.542859	-0.8299780000000001	0.128219	0.0	-2.51051	-1.4374	-3.2340400000000002	0.131537	0.30005	0.330117	-0.8949819999999999	0.0	0.36193200000000003	-0.9074559999999999	-0.213377	0.0	-0.8825959999999999	-0.259899	-0.391762	0.0	1.19685	-2.13365	-2.67192	0.342953	
1	0.702015	0.385311	-0.598925	0.0	0.458449	0.39905799999999997	0.794089	0.0	0.544977	-0.8320379999999999	0.10349900000000001	0.0	-2.19055	-1.55467	-3.36073	0.13153900000000002	0.319329	0.254182	-0.912919	0.0	0.268715	-0.948102	-0.169984	0.0	-0.908747	-0.19103399999999998	-0.371059	0.0	1.0583	-1.9576099999999999	-2.6842	0.342512	
1	0.710719	0.39355300000000004	-0.58309	0.0	0.4468	0.38769000000000003	0.806267	0.0	0.543367	-0.8335540000000001	0.0996987	0.0	-1.9494099999999999	-1.6328	-3.44426	0.13153	0.314626	0.205335	-0.92674	0.0	0.204206	-0.9681040000000001	-0.145172	0.0	-0.92699	-0.143572	-0.346522	0.0	0.9265770000000001	-1.81417	-2.65928	0.342712	
1	0.722751	0.393262	-0.56831	0.0	0.44686499999999996	0.36136999999999997	0.818366	0.0	0.5272020000000001	-0.845433	0.0854457	0.0	-1.7452400000000001	-1.69862	-3.52485	0.13153199999999998	0.283042	0.170689	-0.9437969999999999	0.0	0.166655	-0.97782	-0.126863	0.0	-0.9445180000000001	-0.12138099999999999	-0.30521	0.0	0.7810590000000001	-1.73215	-2.59688	0.34308099999999997	
1	0.730773	0.38701399999999997	-0.562308	0.0	0.455154	0.337652	0.823909	0.0	0.508729	-0.858028	0.07059560000000001	0.0	-1.6204399999999999	-1.74895	-3.60414	0.131629	0.248315	0.166471	-0.954268	0.0	0.161693	-0.978425	-0.12861	0.0	-0.955089	-0.12236199999999998	-0.269875	0.0	0.658762	-1.70088	-2.5081700000000002	0.343878	
1	0.7359180000000001	0.384863	-0.55705	0.0	0.45538999999999996	0.327484	0.827873	0.0	0.501043	-0.862922	0.06573899999999999	0.0	-1.54477	-1.7737599999999998	-3.66026	0.13153199999999998	0.213234	0.16497699999999998	-0.9629709999999999	0.0	0.15648800000000002	-0.9786819999999999	-0.133016	0.0	-0.9643870000000001	-0.12233	-0.23450500000000002	0.0	0.5471189999999999	-1.70114	-2.41419	0.344434	
1	0.739507	0.38251799999999997	-0.553904	0.0	0.45377399999999996	0.324511	0.8299290000000001	0.0	0.49721099999999996	-0.865085	0.0664017	0.0	-1.4869700000000001	-1.7844200000000001	-3.6897	0.13153399999999998	0.203204	0.174569	-0.963449	0.0	0.16464600000000001	-0.976059	-0.142127	0.0	-0.965194	-0.129748	-0.227081	0.0	0.46412700000000007	-1.68363	-2.3334799999999998	0.344663	
1	0.7396010000000001	0.381686	-0.5543520000000001	0.0	0.454214	0.32474699999999995	0.8295959999999999	0.0	0.49666899999999997	-0.8653639999999999	0.06681619999999999	0.0	-1.4679	-1.7863799999999999	-3.7069	0.131633	0.19995	0.179931	-0.9631430000000001	0.0	0.167502	-0.9748	-0.147335	0.0	-0.965382	-0.13186900000000001	-0.22505	0.0	0.44696800000000003	-1.6833799999999999	-2.32018	0.344542	
1	0.7426010000000001	0.378012	-0.5528569999999999	0.0	0.45059099999999996	0.32873	0.830003	0.0	0.49549099999999996	-0.8654729999999999	0.0737865	0.0	-1.44652	-1.79285	-3.72704	0.13164800000000002	0.188389	0.202355	-0.9610209999999999	0.0	0.17802300000000001	-0.969368	-0.169215	0.0	-0.965825	-0.139205	-0.218642	0.0	0.423425	-1.6812200000000002	-2.27866	0.345095	
1	0.7379720000000001	0.375112	-0.56097	0.0	0.448133	0.349115	0.8229799999999999	0.0	0.504553	-0.858725	0.0895373	0.0	-1.45939	-1.8184099999999999	-3.72862	0.131642	0.176762	0.230057	-0.95699	0.0	0.192184	-0.9616520000000001	-0.19568	0.0	-0.965309	-0.149329	-0.21419699999999997	0.0	0.384356	-1.67596	-2.24858	0.34518499999999996	
1	0.73797	0.37548200000000004	-0.5607260000000001	0.0	0.44613800000000003	0.35196500000000003	0.8228489999999999	0.0	0.506321	-0.8574	0.092223	0.0	-1.4564700000000002	-1.8218400000000001	-3.72954	0.131575	0.171533	0.23815799999999998	-0.955959	0.0	0.19833399999999998	-0.958822	-0.203283	0.0	-0.965008	-0.15473	-0.21170500000000003	0.0	0.383602	-1.67165	-2.24517	0.345084	
1	0.736265	0.371849	-0.565369	0.0	0.449597	0.355616	0.81939	0.0	0.505744	-0.857476	0.09464550000000001	0.0	-1.46224	-1.8358400000000001	-3.71831	0.13162100000000002	0.16607	0.254687	-0.952657	0.0	0.215892	-0.952025	-0.21688400000000002	0.0	-0.962191	-0.169653	-0.213088	0.0	0.374731	-1.67667	-2.22934	0.34292	
1	0.734367	0.369514	-0.569354	0.0	0.45079300000000005	0.361584	0.816114	0.0	0.5074350000000001	-0.8559889999999999	0.0989608	0.0	-1.46674	-1.85241	-3.70741	0.131577	0.16062200000000001	0.271938	-0.948815	0.0	0.241446	-0.942917	-0.22937399999999997	0.0	-0.9570290000000001	-0.192245	-0.217112	0.0	0.361215	-1.6732200000000002	-2.2105799999999998	0.343003	
1	0.733287	0.360115	-0.5767220000000001	0.0	0.458143	0.365048	0.810459	0.0	0.50239	-0.8585200000000001	0.102701	0.0	-1.46801	-1.8826200000000002	-3.68954	0.13153900000000002	0.14668599999999998	0.303089	-0.9416049999999999	0.0	0.281673	-0.925292	-0.253959	0.0	-0.948232	-0.22797199999999998	-0.2211	0.0	0.34645	-1.6856099999999998	-2.18436	0.343625	
1	0.736255	0.358272	-0.574082	0.0	0.460704	0.356008	0.813025	0.0	0.495662	-0.863075	0.09705549999999999	0.0	-1.47729	-1.8795	-3.68609	0.131325	0.140842	0.312465	-0.9394299999999999	0.0	0.301779	-0.9172809999999999	-0.259855	0.0	-0.942917	-0.246902	-0.223487	0.0	0.326239	-1.6915900000000001	-2.17847	0.342453	
1	0.7288819999999999	0.36340700000000004	-0.58023	0.0	0.451371	0.382159	0.806362	0.0	0.514777	-0.849641	0.11451700000000001	0.0	-1.35561	-1.63129	-3.58961	0.13153900000000002	0.131548	0.33203699999999997	-0.934048	0.0	0.328511	-0.903596	-0.274945	0.0	-0.9352950000000001	-0.270676	-0.22794499999999998	0.0	0.20851999999999998	-1.90087	-2.2539	0.346609	
1	0.726314	0.36349000000000004	-0.58339	0.0	0.44868100000000005	0.392259	0.803006	0.0	0.520724	-0.84499	0.12181199999999999	0.0	-1.32981	-1.59544	-3.57363	0.131537	0.128132	0.353713	-0.926536	0.0	0.346876	-0.891214	-0.292258	0.0	-0.929117	-0.283946	-0.23688800000000002	0.0	0.205042	-1.93023	-2.26592	0.348636	
1	0.729858	0.366104	-0.5773	0.0	0.441737	0.391917	0.807012	0.0	0.521704	-0.8440190000000001	0.124323	0.0	-1.31931	-1.59865	-3.5630300000000004	0.131518	0.115658	0.371055	-0.92138	0.0	0.367741	-0.8776870000000001	-0.307298	0.0	-0.922708	-0.303287	-0.23796399999999998	0.0	0.20869400000000002	-1.9245700000000001	-2.25006	0.34996700000000003	
1	0.7286100000000001	0.37106300000000003	-0.575709	0.0	0.440225	0.390226	0.808656	0.0	0.5247189999999999	-0.842636	0.120972	0.0	-1.32457	-1.6001	-3.5516300000000003	0.131467	0.104808	0.389323	-0.915119	0.0	0.38578	-0.8640479999999999	-0.323412	0.0	-0.916618	-0.31913800000000003	-0.240752	0.0	0.204275	-1.9161400000000002	-2.2391	0.35175100000000004	
1	0.7274579999999999	0.37161500000000003	-0.576808	0.0	0.43023199999999995	0.40782399999999996	0.805345	0.0	0.534514	-0.834016	0.136795	0.0	-1.3246799999999999	-1.6128200000000001	-3.54625	0.131491	0.0928708	0.415354	-0.904907	0.0	0.40753	-0.8450780000000001	-0.346068	0.0	-0.908457	-0.33663699999999996	-0.247752	0.0	0.200658	-1.8914099999999998	-2.2225200000000003	0.354323	
1	0.730006	0.369357	-0.575036	0.0	0.41761400000000004	0.424964	0.803122	0.0	0.541009	-0.826426	0.155978	0.0	-1.30985	-1.62399	-3.53534	0.13147999999999999	0.09252669999999999	0.420786	-0.902429	0.0	0.40918699999999997	-0.8423200000000001	-0.350804	0.0	-0.907747	-0.336804	-0.250118	0.0	0.204346	-1.8759599999999998	-2.19602	0.354647	
1	0.734429	0.35934499999999997	-0.575747	0.0	0.410962	0.439655	0.798632	0.0	0.540115	-0.823149	0.175219	0.0	-1.28819	-1.63075	-3.52815	0.13149	0.10413299999999999	0.431296	-0.8961809999999999	0.0	0.408933	-0.8399549999999999	-0.35672	0.0	-0.9066040000000001	-0.329331	-0.263838	0.0	0.215128	-1.8667599999999998	-2.17565	0.35493800000000003	
1	0.7418020000000001	0.35299	-0.5702010000000001	0.0	0.40780500000000003	0.43754799999999994	0.801403	0.0	0.532377	-0.8270129999999999	0.180622	0.0	-1.26455	-1.6193899999999999	-3.5521599999999998	0.13150499999999998	0.13863	0.420764	-0.896515	0.0	0.39826	-0.852517	-0.33853099999999997	0.0	-0.9067360000000001	-0.31011500000000003	-0.285758	0.0	0.222766	-1.87365	-2.17994	0.353312	
1	0.747599	0.33474899999999996	-0.57362	0.0	0.40982700000000005	0.44712700000000005	0.795059	0.0	0.522626	-0.82947	0.19708299999999998	0.0	-1.26499	-1.63189	-3.5778	0.13189700000000001	0.175929	0.412583	-0.8937700000000001	0.0	0.390277	-0.8627610000000001	-0.321446	0.0	-0.903733	-0.29226599999999997	-0.312806	0.0	0.21087399999999998	-1.88264	-2.1848799999999997	0.352269	
1	0.7489	0.32003200000000004	-0.580283	0.0	0.415497	0.455395	0.787387	0.0	0.516247	-0.83078	0.208073	0.0	-1.25946	-1.63863	-3.6005800000000003	0.131919	0.208642	0.402762	-0.891208	0.0	0.38350100000000004	-0.871973	-0.304287	0.0	-0.8996639999999999	-0.278292	-0.33639	0.0	0.213154	-1.88543	-2.1947900000000002	0.351914	
1	0.749263	0.31596399999999997	-0.582041	0.0	0.417076	0.45756099999999994	0.785293	0.0	0.514444	-0.8311459999999999	0.21105300000000002	0.0	-1.25829	-1.65135	-3.6075699999999995	0.131572	0.212869	0.40294	-0.890127	0.0	0.38669699999999996	-0.871366	-0.301971	0.0	-0.8973030000000001	-0.27993	-0.341303	0.0	0.214376	-1.8938400000000002	-2.2004599999999996	0.352549	
1	0.751063	0.29796300000000003	-0.589171	0.0	0.424588	0.46538999999999997	0.776619	0.0	0.505599	-0.8334440000000001	0.22302600000000003	0.0	-1.25963	-1.68101	-3.6168699999999996	0.131943	0.22416599999999998	0.398776	-0.889228	0.0	0.385859	-0.8742	-0.294766	0.0	-0.8949090000000001	-0.27704	-0.34983800000000004	0.0	0.212995	-1.9145299999999998	-2.2058	0.35188	
1	0.7485189999999999	0.28285	-0.599762	0.0	0.43357799999999996	0.475577	0.7654	0.0	0.501726	-0.83296	0.233341	0.0	-1.25426	-1.7081099999999998	-3.6223400000000003	0.131599	0.235643	0.406683	-0.882656	0.0	0.396227	-0.8695219999999999	-0.29485	0.0	-0.8873989999999999	-0.28025300000000003	-0.36603600000000003	0.0	0.226333	-1.91925	-2.2118900000000004	0.350224	
1	0.745621	0.280095	-0.604645	0.0	0.434337	0.483868	0.7597510000000001	0.0	0.505372	-0.8291069999999999	0.23912600000000003	0.0	-1.25004	-1.73263	-3.6262199999999996	0.131581	0.23883200000000002	0.410797	-0.8798889999999999	0.0	0.39574000000000004	-0.868627	-0.298122	0.0	-0.886763	-0.277007	-0.370025	0.0	0.23331300000000002	-1.9258099999999998	-2.21435	0.349837	
1	0.741166	0.269083	-0.615035	0.0	0.43798100000000006	0.500499	0.746775	0.0	0.5087689999999999	-0.822858	0.25309899999999996	0.0	-1.25494	-1.79725	-3.6210199999999997	0.131949	0.238389	0.42181	-0.874784	0.0	0.402962	-0.862517	-0.306083	0.0	-0.883625	-0.279538	-0.375589	0.0	0.23322600000000002	-1.9261	-2.2019	0.280408	
1	0.7402810000000001	0.267293	-0.6168779999999999	0.0	0.43512399999999996	0.508973	0.742707	0.0	0.512495	-0.81823	0.26047800000000004	0.0	-1.2516399999999999	-1.8447	-3.6354300000000004	0.132126	0.24212399999999998	0.428918	-0.870291	0.0	0.408866	-0.8585520000000001	-0.309382	0.0	-0.8798889999999999	-0.28092399999999995	-0.38324600000000003	0.0	0.222359	-1.90736	-2.1876599999999997	0.163173	
1	0.740625	0.280955	-0.61036	0.0	0.420942	0.514019	0.74739	0.0	0.5237189999999999	-0.810462	0.262429	0.0	-1.19713	-1.89705	-3.64284	0.132146	0.242366	0.438478	-0.8654459999999999	0.0	0.42348900000000006	-0.8503870000000001	-0.312251	0.0	-0.872878	-0.29082800000000003	-0.391796	0.0	0.26502800000000004	-1.92708	-2.17692	0.163779	
1	0.747412	0.27807800000000005	-0.603364	0.0	0.412206	0.518135	0.7494149999999999	0.0	0.5210199999999999	-0.808832	0.272634	0.0	-1.18004	-1.89658	-3.65809	0.132193	0.254023	0.433	-0.8648600000000001	0.0	0.42762100000000003	-0.8523280000000001	-0.301127	0.0	-0.867533	-0.29333899999999996	-0.401671	0.0	0.26418	-1.91788	-2.17449	0.16372	
1	0.750181	0.278183	-0.599869	0.0	0.40463899999999997	0.524369	0.749203	0.0	0.522968	-0.804768	0.280808	0.0	-1.1613200000000001	-1.91888	-3.65915	0.13234200000000002	0.258902	0.42817	-0.865818	0.0	0.43568199999999996	-0.8517809999999999	-0.290948	0.0	-0.8620620000000001	-0.301894	-0.407073	0.0	0.27028800000000003	-1.92262	-2.16574	0.16355899999999998	
1	0.751729	0.284937	-0.594739	0.0	0.39360500000000004	0.529741	0.7512979999999999	0.0	0.529131	-0.7988649999999999	0.286069	0.0	-1.15178	-1.9241700000000002	-3.6680800000000002	0.13226500000000002	0.262009	0.42921400000000004	-0.8643649999999999	0.0	0.445529	-0.8482940000000001	-0.286184	0.0	-0.8560700000000001	-0.31011700000000003	-0.413488	0.0	0.26966100000000004	-1.91188	-2.16286	0.163626	
1	0.7558010000000001	0.322899	-0.56965	0.0	0.369089	0.508508	0.777942	0.0	0.540868	-0.798221	0.265152	0.0	-1.13725	-1.8867099999999999	-3.70206	0.132327	0.270388	0.46407299999999996	-0.843521	0.0	0.466059	-0.8297459999999999	-0.307101	0.0	-0.842425	-0.310093	-0.44063800000000003	0.0	0.257853	-1.90303	-2.17244	0.16381500000000002	
1	0.722467	0.410181	-0.556591	0.0	0.354576	0.471289	0.807566	0.0	0.5935630000000001	-0.7807930000000001	0.19505	0.0	-1.39703	-1.64884	-3.238	0.352648	0.316305	0.45364399999999994	-0.8331620000000001	0.0	0.498471	-0.826717	-0.260894	0.0	-0.807142	-0.332785	-0.487623	0.0	0.540029	-2.10575	-2.72268	0.164181	
1	0.674795	0.46585299999999996	-0.572392	0.0	0.36936199999999997	0.45828199999999997	0.808424	0.0	0.6389239999999999	-0.75694	0.137178	0.0	-1.3918700000000002	-1.53725	-3.25013	0.35330300000000003	0.325359	0.46385	-0.8240049999999999	0.0	0.5113800000000001	-0.819306	-0.259286	0.0	-0.7953819999999999	-0.337019	-0.503772	0.0	0.656974	-2.12622	-2.80139	0.164165	
2	0.667792	0.492292	-0.558303	0.0	0.389048	0.40860799999999997	0.8256399999999999	0.0	0.634583	-0.768563	0.0813405	0.0	-1.41031	-1.4777799999999999	-3.3111	0.355811	0.34285	0.466178	-0.8155560000000001	0.0	0.517095	-0.818463	-0.250459	0.0	-0.784262	-0.33585	-0.521668	0.0	0.7589359999999999	-2.09525	-2.82626	0.16418	
2	0.6268600000000001	0.55315	-0.5487	0.0	0.417677	0.35592199999999996	0.835982	0.0	0.657718	-0.753223	-0.007924800000000001	0.0	-1.61143	-1.40603	-3.4794699999999996	0.354709	0.400917	0.46904399999999996	-0.786933	0.0	0.527674	-0.820418	-0.22016999999999998	0.0	-0.748884	-0.326974	-0.576422	0.0	1.15234	-1.98595	-2.9124	0.164165	
2	0.548555	0.612819	-0.568806	0.0	0.45250100000000004	0.354468	0.818288	0.0	0.703086	-0.706262	-0.0828563	0.0	-1.7984900000000001	-1.3593600000000001	-3.5662800000000003	0.35465100000000005	0.45476700000000003	0.44683999999999996	-0.770404	0.0	0.518251	-0.8362620000000001	-0.179115	0.0	-0.724295	-0.317807	-0.611879	0.0	1.5683799999999999	-1.94146	-2.90594	0.164172	
2	0.5235989999999999	0.623124	-0.5809989999999999	0.0	0.45922799999999997	0.367979	0.8085180000000001	0.0	0.7176020000000001	-0.6901510000000001	-0.0934829	0.0	-1.86958	-1.39778	-3.5639199999999995	0.35433600000000004	0.477945	0.41137399999999996	-0.7761060000000001	0.0	0.49668900000000005	-0.8553069999999999	-0.147481	0.0	-0.724478	-0.31499499999999997	-0.613115	0.0	1.7499200000000001	-1.9464400000000002	-2.8710000000000004	0.164172	
2	0.44510900000000003	0.667726	-0.5966739999999999	0.0	0.45115299999999997	0.408359	0.793539	0.0	0.773524	-0.6224029999999999	-0.11948299999999999	0.0	-2.00821	-1.58492	-3.4504699999999997	0.353891	0.54133	0.312355	-0.780638	0.0	0.44619200000000003	-0.893641	-0.048160900000000006	0.0	-0.712653	-0.322243	-0.623125	0.0	2.17773	-2.10648	-2.63259	0.164172	
