0	0.561227	0.594761	-0.575573	0.0	0.669249	0.0830463	0.738383	0.0	0.48696000000000006	-0.799602	-0.351435	0.0	-2.7732900000000003	1.9981	1.4227	7.39098e-06	-0.569051	0.567004	-0.5955560000000001	0.0	0.734273	0.024344499999999998	-0.6784180000000001	0.0	-0.370167	-0.823355	-0.43018999999999996	0.0	2.64405	1.99849	1.5535	-4.94346e-06	
0	0.287312	0.8553219999999999	-0.431133	0.0	0.273704	0.35803	0.8926930000000001	0.0	0.917899	-0.37448400000000004	-0.13123900000000002	0.0	-2.81449	1.754	1.2596399999999999	0.0	-0.13463699999999998	0.874649	-0.465685	0.0	0.33456199999999997	-0.40224099999999996	-0.852215	0.0	-0.932707	-0.27054	-0.23846799999999999	0.0	2.71105	1.956	1.4693200000000002	0.0	
0	0.254675	0.83049	-0.495407	0.0	0.272808	0.42978900000000003	0.8607309999999999	0.0	0.9277479999999999	-0.35435700000000003	-0.11710799999999999	0.0	-2.79429	1.67071	1.16944	0.0	-0.11464	0.865125	-0.48828	0.0	0.347087	-0.42566099999999996	-0.8356690000000001	0.0	-0.9308	-0.265277	-0.251475	0.0	2.70644	1.9299400000000002	1.4101700000000001	0.0	
0	0.218523	0.8234239999999999	-0.5236609999999999	0.0	0.259549	0.46825600000000006	0.844613	0.0	0.940682	-0.320483	-0.11139500000000001	0.0	-2.7391900000000002	1.6938099999999998	1.15241	0.0	-0.109598	0.8575530000000001	-0.5025850000000001	0.0	0.366794	-0.43505200000000005	-0.8223090000000001	0.0	-0.923824	-0.274469	-0.266864	0.0	2.70498	1.9499099999999998	1.40086	0.0	
0	0.165986	0.8275299999999999	-0.536324	0.0	0.245354	0.492109	0.8352430000000001	0.0	0.955118	-0.270227	-0.12135399999999999	0.0	-2.75388	1.7783799999999998	1.11649	0.212806	-0.103804	0.861143	-0.49765200000000004	0.0	0.34278400000000003	-0.438725	-0.830674	0.0	-0.9336610000000001	-0.256815	-0.24964499999999998	0.0	2.76744	2.04888	1.41606	0.360713	
0	0.144573	0.817647	-0.557272	0.0	0.261329	0.511641	0.818493	0.0	0.954361	-0.263963	-0.139706	0.0	-2.67625	1.93193	1.1276899999999999	0.346186	-0.10686400000000001	0.851678	-0.513055	0.0	0.354138	-0.44956499999999994	-0.820047	0.0	-0.929067	-0.269326	-0.253569	0.0	2.69587	2.10031	1.40686	0.361001	
0	0.196725	0.769918	-0.607063	0.0	0.355942	0.520838	0.775908	0.0	0.913567	-0.36872	-0.171584	0.0	-2.657	2.0119	1.16934	0.347121	-0.109355	0.7954359999999999	-0.59609	0.0	0.42073900000000003	-0.506275	-0.752771	0.0	-0.900567	-0.333117	-0.279308	0.0	2.7157400000000003	2.13045	1.37971	0.360123	
0	0.236116	0.691537	-0.682661	0.0	0.48342399999999996	0.5258229999999999	0.699865	0.0	0.842942	-0.49526400000000004	-0.21015	0.0	-2.71028	2.00407	1.13467	0.348977	-0.0725154	0.706493	-0.7039949999999999	0.0	0.45572399999999996	-0.6043890000000001	-0.6534760000000001	0.0	-0.8871629999999999	-0.368214	-0.278138	0.0	2.72047	2.1130299999999997	1.28864	0.360819	
0	0.321152	0.519259	-0.791979	0.0	0.692371	0.44183100000000003	0.570446	0.0	0.64613	-0.731543	-0.217625	0.0	-2.8791700000000002	1.7133200000000002	0.881677	0.352099	-0.0817906	0.5796600000000001	-0.8107439999999999	0.0	0.568138	-0.641239	-0.515783	0.0	-0.818859	-0.502801	-0.27688	0.0	2.6715299999999997	1.90757	1.02908	0.360373	
0	0.385766	0.293617	-0.8746280000000001	0.0	0.805815	0.354417	0.47439499999999996	0.0	0.449273	-0.8877940000000001	-0.09987889999999999	0.0	-3.1066599999999998	1.02522	0.534452	0.352481	-0.10563	0.46121899999999993	-0.880976	0.0	0.676732	-0.615791	-0.403528	0.0	-0.728612	-0.63881	-0.24707600000000002	0.0	2.60733	1.38503	0.627696	0.36049699999999996	
0	0.396673	0.181617	-0.8998139999999999	0.0	0.8438610000000001	0.313681	0.43531899999999996	0.0	0.36131599999999997	-0.931998	-0.028831	0.0	-3.25999	0.536738	0.27268400000000004	0.351927	-0.109331	0.400462	-0.909768	0.0	0.728129	-0.5907899999999999	-0.347557	0.0	-0.676665	-0.700427	-0.22699699999999998	0.0	2.57923	0.963025	0.378963	0.360466	
0	0.38396399999999997	0.12725799999999998	-0.914536	0.0	0.864052	0.299695	0.404471	0.0	0.32555500000000004	-0.945509	0.00511459	0.0	-3.3631599999999997	0.187676	0.0393973	0.351636	-0.106906	0.375946	-0.9204540000000001	0.0	0.760683	-0.565218	-0.319204	0.0	-0.64026	-0.734298	-0.22555100000000003	0.0	2.5678099999999997	0.6199939999999999	0.17885	0.360428	
0	0.384575	0.14407999999999999	-0.9117799999999999	0.0	0.8590110000000001	0.305749	0.410632	0.0	0.33794	-0.941148	-0.00618267	0.0	-3.34804	-0.0467971	-0.205248	0.352389	-0.0936196	0.360678	-0.9279799999999999	0.0	0.7808390000000001	-0.551662	-0.293189	0.0	-0.617678	-0.752051	-0.229985	0.0	2.55937	0.314255	0.0009743730000000001	0.36043600000000003	
0	0.386047	0.16409400000000002	-0.907767	0.0	0.8472379999999999	0.326189	0.419271	0.0	0.36490300000000003	-0.930953	-0.013102500000000001	0.0	-3.25757	-0.23811300000000002	-0.451916	0.352426	-0.09055160000000001	0.343524	-0.934768	0.0	0.789362	-0.547539	-0.277685	0.0	-0.607213	-0.763016	-0.221585	0.0	2.51646	0.053792099999999995	-0.207788	0.36046	
0	0.376869	0.18124	-0.9083620000000001	0.0	0.8564649999999999	0.305291	0.41625100000000004	0.0	0.352756	-0.934853	-0.0401711	0.0	-3.20215	-0.422467	-0.711424	0.352996	-0.08836849999999999	0.346798	-0.933768	0.0	0.80702	-0.524568	-0.271196	0.0	-0.583875	-0.7775340000000001	-0.23351799999999998	0.0	2.45993	-0.161091	-0.449899	0.360428	
0	0.357607	0.19053	-0.9142299999999999	0.0	0.8697020000000001	0.28868	0.400352	0.0	0.340199	-0.938276	-0.0624706	0.0	-3.16949	-0.668027	-1.0467600000000001	0.352555	-0.08518780000000001	0.35834299999999997	-0.929695	0.0	0.8288770000000001	-0.492305	-0.265704	0.0	-0.5529069999999999	-0.793238	-0.25508400000000003	0.0	2.44509	-0.47015500000000005	-0.828153	0.360209	
0	0.331982	0.17389300000000002	-0.927119	0.0	0.887465	0.275512	0.36945900000000004	0.0	0.319678	-0.9454389999999999	-0.0628592	0.0	-3.2136	-0.937659	-1.39877	0.351912	-0.0917965	0.333283	-0.9383469999999999	0.0	0.8522190000000001	-0.46112700000000006	-0.24715399999999998	0.0	-0.51507	-0.822365	-0.2417	0.0	2.47519	-0.869216	-1.23945	0.359496	
0	0.323173	0.13614500000000002	-0.9364959999999999	0.0	0.897626	0.269312	0.348912	0.0	0.299712	-0.9533809999999999	-0.0351731	0.0	-3.26545	-1.21089	-1.64745	0.350901	-0.10482899999999999	0.301508	-0.9476829999999999	0.0	0.865799	-0.441173	-0.236132	0.0	-0.489288	-0.8452569999999999	-0.214797	0.0	2.5461400000000003	-1.23758	-1.5338200000000002	0.359452	
0	0.342599	0.0928589	-0.934882	0.0	0.9022309999999999	0.244914	0.35496	0.0	0.261927	-0.965088	0.000127047	0.0	-3.3512800000000005	-1.51794	-1.80571	0.349583	-0.11465399999999999	0.285525	-0.9514879999999999	0.0	0.882015	-0.411422	-0.22974299999999998	0.0	-0.45706	-0.865568	-0.20466600000000001	0.0	2.67836	-1.62087	-1.81296	0.35892199999999996	
0	0.35384899999999997	0.059225599999999996	-0.933426	0.0	0.9054049999999999	0.228625	0.35773299999999997	0.0	0.234592	-0.9717110000000001	0.0272757	0.0	-3.44599	-1.7929099999999998	-1.85327	0.34831999999999996	-0.119332	0.28425100000000003	-0.9512950000000001	0.0	0.8898889999999999	-0.394278	-0.22944099999999998	0.0	-0.44029300000000005	-0.873926	-0.205902	0.0	2.87301	-1.9629900000000002	-2.00508	0.359096	
0	0.362498	-0.00244498	-0.931982	0.0	0.9022459999999999	0.251519	0.350272	0.0	0.233555	-0.967849	0.0933809	0.0	-3.5719800000000004	-2.15638	-1.91881	0.344798	-0.078986	0.24769000000000002	-0.965614	0.0	0.853424	-0.48380500000000004	-0.19391	0.0	-0.5151979999999999	-0.8393950000000001	-0.173171	0.0	3.1431400000000003	-2.28723	-2.09563	0.36093400000000003	
0	0.373107	-0.0412499	-0.9268709999999999	0.0	0.886447	0.310739	0.343005	0.0	0.273866	-0.9496	0.152505	0.0	-3.55589	-2.34234	-1.8747900000000002	0.33677199999999996	-0.050819	0.24883200000000003	-0.9672129999999999	0.0	0.8332700000000001	-0.5232899999999999	-0.17840699999999998	0.0	-0.5505260000000001	-0.8150149999999999	-0.180751	0.0	3.06923	-2.28127	-2.24666	0.361388	
0	0.387448	-0.0534025	-0.920344	0.0	0.882418	0.310485	0.353466	0.0	0.266877	-0.9490770000000001	0.16742	0.0	-3.47272	-2.39788	-1.80739	0.337988	-0.05807330000000001	0.24631599999999998	-0.967448	0.0	0.8347129999999999	-0.519602	-0.182398	0.0	-0.547615	-0.818134	-0.175428	0.0	3.02277	-2.28963	-2.2467099999999998	0.360984	
0	0.389687	-0.050072399999999996	-0.919585	0.0	0.88149	0.309425	0.356695	0.0	0.266683	-0.9496049999999999	0.164717	0.0	-3.46991	-2.39636	-1.8085900000000001	0.338007	-0.0610244	0.24969699999999997	-0.966399	0.0	0.836082	-0.516063	-0.186135	0.0	-0.5452	-0.819348	-0.177275	0.0	3.03607	-2.30098	-2.21086	0.360863	
0	0.390121	-0.0501914	-0.919394	0.0	0.881611	0.308438	0.35725	0.0	0.265646	-0.9499190000000001	0.164578	0.0	-3.48731	-2.38573	-1.82875	0.338102	-0.0608881	0.25013	-0.9662959999999999	0.0	0.837618	-0.513704	-0.185754	0.0	-0.542853	-0.8206969999999999	-0.178235	0.0	3.04725	-2.30099	-2.20683	0.360846	
0	0.39012199999999997	-0.0501916	-0.919394	0.0	0.881611	0.308438	0.35725100000000004	0.0	0.26564499999999996	-0.9499190000000001	0.164578	0.0	-3.4873	-2.38574	-1.82873	0.338102	-0.0608879	0.25013	-0.9662959999999999	0.0	0.837618	-0.513703	-0.185754	0.0	-0.542852	-0.8206969999999999	-0.17823599999999998	0.0	3.04724	-2.30099	-2.20684	0.360846	
0	0.39012199999999997	-0.0501916	-0.919394	0.0	0.881611	0.308438	0.35725100000000004	0.0	0.26564499999999996	-0.9499190000000001	0.164578	0.0	-3.4873	-2.38574	-1.82873	0.33810300000000004	-0.0608879	0.25013	-0.9662959999999999	0.0	0.837618	-0.513703	-0.185754	0.0	-0.542852	-0.8206969999999999	-0.17823599999999998	0.0	3.04724	-2.30099	-2.20684	0.360846	
0	0.39012199999999997	-0.0501916	-0.919394	0.0	0.881611	0.308438	0.35725100000000004	0.0	0.26564499999999996	-0.9499190000000001	0.164578	0.0	-3.4873	-2.38574	-1.82873	0.338102	-0.0608879	0.25013	-0.9662959999999999	0.0	0.837618	-0.513703	-0.185754	0.0	-0.542852	-0.8206969999999999	-0.17823599999999998	0.0	3.04724	-2.30099	-2.20684	0.360846	
0	0.39012199999999997	-0.0501916	-0.919394	0.0	0.881611	0.308438	0.35725100000000004	0.0	0.26564499999999996	-0.9499200000000001	0.164578	0.0	-3.4873	-2.38574	-1.82873	0.33810300000000004	-0.0608879	0.25013	-0.9662959999999999	0.0	0.837618	-0.513703	-0.185754	0.0	-0.542852	-0.8206969999999999	-0.17823599999999998	0.0	3.04724	-2.30099	-2.20684	0.360846	
0	0.39012199999999997	-0.0501916	-0.919394	0.0	0.881611	0.308438	0.35725100000000004	0.0	0.26564499999999996	-0.9499190000000001	0.164578	0.0	-3.4873	-2.38574	-1.82873	0.33810300000000004	-0.0608879	0.25013	-0.9662959999999999	0.0	0.837618	-0.513703	-0.185754	0.0	-0.542852	-0.8206969999999999	-0.17823599999999998	0.0	3.04724	-2.30099	-2.20684	0.360846	
0	0.39012199999999997	-0.0501916	-0.919394	0.0	0.881611	0.308438	0.35725100000000004	0.0	0.26564499999999996	-0.9499190000000001	0.164578	0.0	-3.4873	-2.38574	-1.82873	0.33810300000000004	-0.0608879	0.25013	-0.9662959999999999	0.0	0.837618	-0.513703	-0.185754	0.0	-0.542852	-0.8206969999999999	-0.17823599999999998	0.0	3.04724	-2.30099	-2.20684	0.360846	
0	0.39012199999999997	-0.0501916	-0.919394	0.0	0.881611	0.308438	0.35725100000000004	0.0	0.26564499999999996	-0.9499190000000001	0.164578	0.0	-3.4873	-2.38574	-1.82873	0.338102	-0.0608879	0.25013	-0.9662959999999999	0.0	0.837618	-0.513703	-0.185754	0.0	-0.542852	-0.8206969999999999	-0.17823599999999998	0.0	3.04724	-2.30099	-2.20684	0.360846	
0	0.39012199999999997	-0.0501916	-0.919394	0.0	0.881611	0.308438	0.35725100000000004	0.0	0.26564499999999996	-0.9499190000000001	0.164578	0.0	-3.4873	-2.38574	-1.82873	0.33810300000000004	-0.0608879	0.25013	-0.9662959999999999	0.0	0.837618	-0.513703	-0.185754	0.0	-0.542852	-0.8206969999999999	-0.17823599999999998	0.0	3.04724	-2.30099	-2.20684	0.360846	
0	0.39012199999999997	-0.0501916	-0.919394	0.0	0.881611	0.308438	0.35725100000000004	0.0	0.26564499999999996	-0.9499190000000001	0.164578	0.0	-3.4873	-2.38574	-1.82873	0.33810300000000004	-0.0608879	0.25013	-0.9662959999999999	0.0	0.837618	-0.513703	-0.185754	0.0	-0.542852	-0.8206969999999999	-0.17823599999999998	0.0	3.04724	-2.30099	-2.20684	0.360846	
0	0.39012199999999997	-0.0501916	-0.919394	0.0	0.881611	0.308438	0.35725100000000004	0.0	0.26564499999999996	-0.9499200000000001	0.164578	0.0	-3.4873	-2.38574	-1.82873	0.33810300000000004	-0.0608879	0.25013	-0.9662959999999999	0.0	0.837618	-0.513703	-0.185754	0.0	-0.542852	-0.8206969999999999	-0.17823599999999998	0.0	3.04724	-2.30099	-2.20684	0.360846	
0	0.39012199999999997	-0.0501916	-0.919394	0.0	0.881611	0.308438	0.35725100000000004	0.0	0.26564499999999996	-0.9499190000000001	0.164578	0.0	-3.4873	-2.38574	-1.82873	0.338102	-0.0608879	0.25013	-0.9662959999999999	0.0	0.837618	-0.513703	-0.185754	0.0	-0.542852	-0.8206969999999999	-0.17823599999999998	0.0	3.04724	-2.30099	-2.20684	0.360846	
0	0.39012199999999997	-0.0501916	-0.919394	0.0	0.881611	0.308438	0.35725100000000004	0.0	0.26564499999999996	-0.9499200000000001	0.164578	0.0	-3.4873	-2.38574	-1.82873	0.338102	-0.0608879	0.25013	-0.9662959999999999	0.0	0.837618	-0.513703	-0.185754	0.0	-0.542852	-0.8206969999999999	-0.17823599999999998	0.0	3.04724	-2.30099	-2.20684	0.360846	
0	0.346001	0.349747	-0.870609	0.0	0.855044	0.264453	0.446053	0.0	0.386241	-0.8987450000000001	-0.207548	0.0	-3.5107199999999996	-2.53156	-1.9620400000000002	0.353146	-0.122932	0.372786	-0.9197379999999999	0.0	0.758405	-0.5624560000000001	-0.329341	0.0	-0.6400859999999999	-0.73802	-0.213579	0.0	2.96061	-2.3145700000000002	-2.23679	0.353512	
0	0.353864	0.281855	-0.891817	0.0	0.8724040000000001	0.244281	0.42336599999999996	0.0	0.33718200000000004	-0.927839	-0.159449	0.0	-3.51146	-2.76068	-2.11712	0.354363	-0.13183399999999998	0.369202	-0.9199510000000001	0.0	0.7564770000000001	-0.562268	-0.33406199999999997	0.0	-0.640595	-0.739962	-0.20516700000000002	0.0	2.9118	-2.37417	-2.29555	0.35377800000000004	
0	0.3531	0.22622399999999998	-0.9078229999999999	0.0	0.8857860000000001	0.231519	0.40222199999999997	0.0	0.301171	-0.9461620000000001	-0.11863699999999999	0.0	-3.50999	-3.00575	-2.27525	0.35336100000000004	-0.137356	0.370039	-0.9188059999999999	0.0	0.7528699999999999	-0.5637850000000001	-0.33960799999999997	0.0	-0.643677	-0.7383890000000001	-0.201152	0.0	2.8725	-2.4277	-2.3364599999999998	0.354028	
0	0.357665	0.164052	-0.919327	0.0	0.9031049999999999	0.18976500000000002	0.385216	0.0	0.23765100000000003	-0.9680270000000001	-0.08028439999999999	0.0	-3.44315	-3.4294599999999997	-2.48087	0.354186	-0.143123	0.374311	-0.916192	0.0	0.750784	-0.562105	-0.346932	0.0	-0.644856	-0.737516	-0.200577	0.0	2.87398	-2.47341	-2.3898599999999997	0.353935	
0	0.35557	0.13785899999999998	-0.924427	0.0	0.909632	0.176265	0.376166	0.0	0.214802	-0.974641	-0.0627266	0.0	-3.4513199999999995	-3.6031400000000002	-2.54285	0.353896	-0.145536	0.37449	-0.9157379999999999	0.0	0.7509100000000001	-0.560843	-0.348696	0.0	-0.644169	-0.7383850000000001	-0.19958599999999999	0.0	2.8754	-2.49123	-2.3990299999999998	0.353987	
0	0.375179	0.09991950000000001	-0.921551	0.0	0.9102690000000001	0.148058	0.386639	0.0	0.175076	-0.9839180000000001	-0.0354052	0.0	-3.41715	-3.60724	-2.56355	0.35386300000000004	-0.147178	0.378866	-0.913674	0.0	0.750584	-0.558819	-0.352628	0.0	-0.644176	-0.737687	-0.202125	0.0	2.8767099999999997	-2.49851	-2.3990400000000003	0.35378699999999996	
0	0.389805	0.0608952	-0.918882	0.0	0.90976	0.129251	0.39450100000000005	0.0	0.14279	-0.98974	-0.00501743	0.0	-3.3911599999999997	-3.61111	-2.58815	0.353588	-0.148198	0.378473	-0.9136709999999999	0.0	0.750429	-0.558696	-0.35315	0.0	-0.644122	-0.7379819999999999	-0.20122	0.0	2.8739	-2.50529	-2.38997	0.35381799999999997	
0	0.400505	0.028031999999999998	-0.915866	0.0	0.9092969999999999	0.111135	0.401034	0.0	0.113027	-0.99341	0.0190206	0.0	-3.3667199999999995	-3.6164300000000003	-2.60727	0.35327	-0.148624	0.377713	-0.913917	0.0	0.7515109999999999	-0.557558	-0.352646	0.0	-0.6427609999999999	-0.73923	-0.20099	0.0	2.8744	-2.50961	-2.38263	0.353717	
0	0.42058900000000005	-0.011345200000000001	-0.9071799999999999	0.0	0.9046139999999999	0.08143	0.41838100000000006	0.0	0.06912510000000001	-0.9966149999999999	0.0445115	0.0	-3.33154	-3.6243800000000004	-2.62379	0.352858	-0.149756	0.38014899999999996	-0.9127209999999999	0.0	0.751401	-0.556237	-0.35496	0.0	-0.6426270000000001	-0.738977	-0.202345	0.0	2.8801900000000002	-2.51052	-2.3936599999999997	0.353686	
0	0.44980299999999995	-0.0503551	-0.8917069999999999	0.0	0.892956	0.0449591	0.44789399999999996	0.0	0.017536700000000002	-0.997719	0.0651876	0.0	-3.30786	-3.62664	-2.64083	0.336356	-0.14834	0.376932	-0.914285	0.0	0.751214	-0.5583279999999999	-0.352063	0.0	-0.643175	-0.739049	-0.20033399999999998	0.0	2.87967	-2.5103299999999997	-2.3969	0.35352100000000003	
0	0.475067	-0.111169	-0.872899	0.0	0.8786120000000001	0.00525698	0.47750699999999996	0.0	-0.0484951	-0.9937879999999999	0.100172	0.0	-3.4181	-3.5938800000000004	-2.75611	0.117024	-0.14895799999999998	0.37707399999999996	-0.914126	0.0	0.750816	-0.5584560000000001	-0.352707	0.0	-0.643496	-0.738879	-0.199927	0.0	2.87544	-2.51162	-2.38637	0.353473	
0	0.48613	-0.11835899999999999	-0.865834	0.0	0.872828	0.017026	0.48773	0.0	-0.0429855	-0.992825	0.11158399999999999	0.0	-3.42539	-3.592	-2.76632	0.11664100000000001	-0.150033	0.378608	-0.913316	0.0	0.751081	-0.557081	-0.354315	0.0	-0.642937	-0.739133	-0.200785	0.0	2.87291	-2.5089	-2.38009	0.35335500000000003	
0	0.484108	-0.11513399999999999	-0.8674	0.0	0.8739870000000001	0.0157446	0.48569399999999996	0.0	-0.0422634	-0.993225	0.108248	0.0	-3.42498	-3.5925	-2.76267	0.11675799999999999	-0.150782	0.378807	-0.9131100000000001	0.0	0.751116	-0.556628	-0.354952	0.0	-0.642721	-0.739372	-0.200598	0.0	2.87365	-2.50783	-2.37921	0.35320799999999997	
0	0.511158	-0.0894342	-0.8548209999999999	0.0	0.859469	0.059582	0.507704	0.0	0.00552583	-0.994209	0.107322	0.0	-3.46995	-3.58981	-2.75261	0.11649200000000001	-0.150476	0.381822	-0.911904	0.0	0.748836	-0.5582010000000001	-0.35729099999999997	0.0	-0.645447	-0.73663	-0.201926	0.0	2.88157	-2.49735	-2.40237	0.3531	
0	0.523483	-0.0667344	-0.849419	0.0	0.8519469999999999	0.05539209999999999	0.52069	0.0	0.0123032	-0.996232	0.085851	0.0	-3.4913199999999995	-3.58828	-2.7452	0.116798	-0.15160099999999999	0.384502	-0.910591	0.0	0.744142	-0.561962	-0.361181	0.0	-0.6505920000000001	-0.732364	-0.20093	0.0	2.87242	-2.50379	-2.41515	0.353194	
0	0.5407850000000001	-0.0334274	-0.8404969999999999	0.0	0.8395879999999999	0.08253730000000001	0.536917	0.0	0.0514247	-0.996027	0.0727001	0.0	-3.51611	-3.5872	-2.7343599999999997	0.11684800000000001	-0.15140599999999999	0.390608	-0.908021	0.0	0.739997	-0.56424	-0.366111	0.0	-0.655347	-0.727364	-0.20362	0.0	2.8512	-2.50769	-2.43054	0.353225	
0	0.532461	0.0225284	-0.8461549999999999	0.0	0.836309	0.140309	0.530001	0.0	0.130664	-0.989851	0.055868600000000004	0.0	-3.54984	-3.57671	-2.7035400000000003	0.116603	-0.151753	0.40116	-0.903351	0.0	0.732536	-0.567946	-0.375271	0.0	-0.6635979999999999	-0.718685	-0.207677	0.0	2.8454099999999998	-2.5127200000000003	-2.4622599999999997	0.35334899999999997	
0	0.517049	0.0926926	-0.850922	0.0	0.8352620000000001	0.16263699999999998	0.525249	0.0	0.187078	-0.9823219999999999	0.00666863	0.0	-3.57902	-3.50313	-2.65567	0.11689200000000001	-0.126829	0.414908	-0.9009809999999999	0.0	0.7179220000000001	-0.588382	-0.372014	0.0	-0.6844720000000001	-0.694016	-0.223248	0.0	2.81305	-2.49792	-2.5493200000000003	0.3535	
0	0.493565	0.169749	-0.852982	0.0	0.8169569999999999	0.245885	0.5216529999999999	0.0	0.29828499999999997	-0.9543200000000001	-0.0173174	0.0	-3.65614	-2.91669	-2.6207700000000003	0.11659100000000001	-0.0446908	0.448317	-0.892757	0.0	0.688437	-0.633756	-0.352717	0.0	-0.723919	-0.630369	-0.28031500000000004	0.0	2.75996	-2.36028	-2.6648400000000003	0.353139	
0	0.468578	0.229256	-0.8531569999999999	0.0	0.812388	0.26759299999999997	0.518093	0.0	0.347075	-0.935861	-0.06085700000000001	0.0	-3.7847699999999995	-2.37721	-2.65423	0.116921	0.041438699999999995	0.47015	-0.8816129999999999	0.0	0.635828	-0.693052	-0.33970700000000004	0.0	-0.770718	-0.546478	-0.327654	0.0	2.68622	-2.1914599999999997	-2.79941	0.352852	
0	0.444143	0.285384	-0.84929	0.0	0.801655	0.29673099999999997	0.518941	0.0	0.400108	-0.9113209999999999	-0.09698810000000001	0.0	-3.85256	-1.86415	-2.63795	0.116908	0.0835543	0.459374	-0.8843040000000001	0.0	0.580468	-0.743745	-0.331511	0.0	-0.8099850000000001	-0.48561099999999996	-0.328795	0.0	2.57019	-2.0590200000000003	-2.89482	0.352878	
1	0.43813599999999997	0.312028	-0.843016	0.0	0.7957350000000001	0.301614	0.5252	0.0	0.41814300000000004	-0.900926	-0.11614300000000001	0.0	-3.88075	-1.5825799999999999	-2.6114	0.116915	0.09122580000000001	0.45160900000000004	-0.88754	0.0	0.55448	-0.763354	-0.33142699999999997	0.0	-0.827182	-0.461888	-0.320046	0.0	2.47947	-2.03689	-2.9273700000000002	0.35343600000000003	
1	0.426171	0.34710599999999997	-0.8354020000000001	0.0	0.791166	0.304791	0.5302439999999999	0.0	0.438673	-0.886916	-0.144725	0.0	-3.89005	-1.19379	-2.55178	0.116601	0.09379939999999999	0.43562700000000004	-0.895227	0.0	0.530058	-0.783007	-0.325482	0.0	-0.842758	-0.443992	-0.30435300000000004	0.0	2.32711	-2.02957	-2.95768	0.35379499999999997	
1	0.40531999999999996	0.36951300000000004	-0.836167	0.0	0.773021	0.34973699999999996	0.529265	0.0	0.488009	-0.8608969999999999	-0.143886	0.0	-3.83419	-0.9341	-2.53265	0.116603	0.10513199999999999	0.41968500000000003	-0.9015610000000001	0.0	0.49879300000000004	-0.806554	-0.317294	0.0	-0.8603209999999999	-0.416335	-0.294131	0.0	2.17572	-2.01531	-2.98165	0.35331	
1	0.41027700000000006	0.377198	-0.830298	0.0	0.745905	0.385025	0.5434899999999999	0.0	0.5246890000000001	-0.842305	-0.12338699999999998	0.0	-3.62355	-0.8698520000000001	-2.54563	0.116601	0.12266400000000001	0.391233	-0.9120799999999999	0.0	0.44269	-0.844097	-0.302535	0.0	-0.8882450000000001	-0.366658	-0.276735	0.0	1.9848299999999999	-1.9827099999999998	-3.01726	0.35327600000000003	
1	0.42386499999999994	0.367586	-0.827779	0.0	0.732785	0.397971	0.5519470000000001	0.0	0.53232	-0.840535	-0.100675	0.0	-3.4529699999999997	-0.9550700000000001	-2.56514	0.116628	0.12631199999999998	0.372309	-0.919473	0.0	0.416138	-0.861284	-0.291581	0.0	-0.900486	-0.345798	-0.263723	0.0	1.8495099999999998	-1.97343	-3.0255400000000003	0.353165	
1	0.457092	0.326406	-0.827361	0.0	0.718712	0.412434	0.559778	0.0	0.523946	-0.850504	-0.0460714	0.0	-2.9809	-1.35317	-2.63618	0.116627	0.09292610000000001	0.329994	-0.939398	0.0	0.35640700000000003	-0.8919889999999999	-0.278084	0.0	-0.9296989999999999	-0.30896599999999996	-0.20050199999999999	0.0	1.4286	-1.96213	-2.9438400000000002	0.35370100000000004	
1	0.468524	0.299119	-0.8312719999999999	0.0	0.734758	0.39050999999999997	0.554646	0.0	0.490525	-0.870649	-0.036816699999999994	0.0	-2.69775	-1.63505	-2.6930400000000003	0.11691300000000002	0.07493789999999999	0.323811	-0.94315	0.0	0.336462	-0.8985549999999999	-0.281767	0.0	-0.9387110000000001	-0.296219	-0.176286	0.0	1.1802	-1.9437900000000001	-2.88151	0.353306	
1	0.510566	0.265361	-0.817867	0.0	0.744993	0.338395	0.574868	0.0	0.42931	-0.9028129999999999	-0.024919200000000002	0.0	-2.40499	-1.96711	-2.79394	0.11691300000000002	0.054453800000000004	0.306716	-0.950242	0.0	0.31030399999999997	-0.909733	-0.275859	0.0	-0.9490770000000001	-0.279842	-0.144714	0.0	0.9252870000000001	-1.88494	-2.79698	0.353218	
1	0.5343600000000001	0.2451	-0.808941	0.0	0.74697	0.31097800000000003	0.587646	0.0	0.395595	-0.918269	-0.016908000000000003	0.0	-2.2128099999999997	-2.14235	-2.85834	0.116915	0.0457144	0.289037	-0.956226	0.0	0.283976	-0.9214950000000001	-0.264963	0.0	-0.957741	-0.259432	-0.124205	0.0	0.795866	-1.8144200000000001	-2.73546	0.35336599999999996	
1	0.559371	0.23213499999999998	-0.79575	0.0	0.744743	0.28076	0.6054189999999999	0.0	0.363954	-0.9312819999999999	-0.0158318	0.0	-2.02472	-2.28095	-2.92076	0.11663399999999999	0.040611699999999994	0.282527	-0.958399	0.0	0.270366	-0.926515	-0.261671	0.0	-0.961901	-0.24849200000000002	-0.11401300000000002	0.0	0.697671	-1.77426	-2.69697	0.353098	
1	0.576429	0.220291	-0.786894	0.0	0.742124	0.261936	0.616962	0.0	0.342027	-0.939607	-0.0124956	0.0	-1.8988	-2.34219	-2.9598299999999997	0.116601	0.03514	0.271447	-0.9618120000000001	0.0	0.2528	-0.9335209999999999	-0.254226	0.0	-0.96688	-0.234213	-0.101426	0.0	0.608586	-1.7784099999999998	-2.6636	0.353045	
1	0.592056	0.213854	-0.7770050000000001	0.0	0.737222	0.24574000000000001	0.6293770000000001	0.0	0.325536	-0.945451	-0.012165500000000001	0.0	-1.78253	-2.40988	-3.0102900000000004	0.11691700000000001	0.027558999999999997	0.266422	-0.963462	0.0	0.254168	-0.9340200000000001	-0.25101	0.0	-0.966767	-0.23796399999999998	-0.09345679999999999	0.0	0.5377029999999999	-1.80086	-2.62649	0.352997	
1	0.5986130000000001	0.213944	-0.77194	0.0	0.730738	0.24893200000000001	0.6356539999999999	0.0	0.32815500000000003	-0.9445959999999999	-0.00732258	0.0	-1.6972900000000002	-2.43971	-3.0707299999999997	0.11663299999999999	0.014387200000000001	0.262922	-0.9647100000000001	0.0	0.255772	-0.933679	-0.25065	0.0	-0.9666299999999999	-0.243139	-0.0806813	0.0	0.486407	-1.83742	-2.5829299999999997	0.353022	
1	0.601824	0.21538600000000002	-0.769037	0.0	0.723865	0.25968600000000003	0.639205	0.0	0.337384	-0.941367	0.00037476400000000003	0.0	-1.62935	-2.4405799999999997	-3.0972299999999997	0.11663399999999999	0.00201714	0.26348299999999997	-0.9646620000000001	0.0	0.26572399999999996	-0.930124	-0.253494	0.0	-0.964047	-0.255823	-0.0718903	0.0	0.43082200000000004	-1.8723900000000002	-2.51962	0.353104	
1	0.606943	0.22468600000000002	-0.762323	0.0	0.714336	0.2662	0.647196	0.0	0.348346	-0.937366	0.00106716	0.0	-1.5866200000000001	-2.40875	-3.1081	0.11691199999999999	-0.012403200000000001	0.26478	-0.9642290000000001	0.0	0.271766	-0.927112	-0.25808400000000004	0.0	-0.962283	-0.265246	-0.0604592	0.0	0.36319	-1.9390599999999998	-2.48503	0.35273699999999997	
1	0.613958	0.23335300000000003	-0.754057	0.0	0.707222	0.26164499999999996	0.656794	0.0	0.35056	-0.93653	-0.00439337	0.0	-1.58191	-2.41357	-3.11154	0.116577	-0.023133900000000002	0.263629	-0.964347	0.0	0.277443	-0.9250229999999999	-0.259534	0.0	-0.960464	-0.273555	-0.0517428	0.0	0.35791300000000004	-1.93635	-2.47438	0.35196	
1	0.6155970000000001	0.241517	-0.7501399999999999	0.0	0.704929	0.25677300000000003	0.6611670000000001	0.0	0.352299	-0.935808	-0.0121837	0.0	-1.5852899999999999	-2.4121099999999998	-3.10513	0.116593	-0.033177899999999996	0.263955	-0.9639639999999999	0.0	0.285403	-0.921832	-0.26224200000000003	0.0	-0.957833	-0.283819	-0.0447494	0.0	0.351317	-1.93205	-2.46907	0.351273	
1	0.621654	0.244115	-0.7442810000000001	0.0	0.700367	0.252271	0.667716	0.0	0.35076	-0.936359	-0.014145099999999999	0.0	-1.5824799999999999	-2.40702	-3.09457	0.11658099999999999	-0.04048909999999999	0.266536	-0.962974	0.0	0.292256	-0.918457	-0.26650300000000005	0.0	-0.955483	-0.292225	-0.0407092	0.0	0.349381	-1.92747	-2.45174	0.35008	
1	0.625268	0.246923	-0.740317	0.0	0.700348	0.24099099999999998	0.67189	0.0	0.344314	-0.938591	-0.022247799999999998	0.0	-1.58285	-2.4036299999999997	-3.0865	0.116824	-0.049732099999999994	0.26675	-0.962482	0.0	0.30385700000000004	-0.913953	-0.26900100000000005	0.0	-0.951419	-0.30583499999999997	-0.03560119999999999	0.0	0.34222800000000003	-1.9306900000000002	-2.44307	0.349835	
1	0.625307	0.248543	-0.739742	0.0	0.702824	0.232616	0.6722560000000001	0.0	0.339161	-0.9402739999999999	-0.029225599999999997	0.0	-1.58638	-2.3867700000000003	-3.08105	0.11678599999999999	-0.057762	0.26973800000000003	-0.9612	0.0	0.320343	-0.9068870000000001	-0.27374699999999996	0.0	-0.9455389999999999	-0.323725	-0.034025	0.0	0.332717	-1.9171900000000002	-2.4373299999999998	0.349263	
1	0.6211409999999999	0.25329	-0.741639	0.0	0.706579	0.22837	0.669771	0.0	0.339015	-0.940048	-0.037119400000000004	0.0	-1.599	-2.33698	-3.11998	0.11676099999999999	-0.05853490000000001	0.276549	-0.959216	0.0	0.340088	-0.897863	-0.279614	0.0	-0.9385700000000001	-0.342584	-0.0414949	0.0	0.345746	-1.94633	-2.42272	0.348287	
1	0.619772	0.262079	-0.7397279999999999	0.0	0.696609	0.250366	0.672348	0.0	0.36141100000000004	-0.932004	-0.0273967	0.0	-1.50557	-2.09311	-3.1095200000000003	0.11690999999999999	-0.0612352	0.278852	-0.9583799999999999	0.0	0.345242	-0.8949969999999999	-0.282469	0.0	-0.936514	-0.34817	-0.0414661	0.0	0.272202	-2.1907099999999997	-2.4492700000000003	0.355987	
1	0.6223310000000001	0.276546	-0.732275	0.0	0.684412	0.26173	0.6804979999999999	0.0	0.379848	-0.924673	-0.026388799999999997	0.0	-1.5003	-2.0836	-3.11078	0.11685599999999999	-0.0654005	0.286007	-0.955993	0.0	0.358249	-0.887443	-0.290006	0.0	-0.931333	-0.36145	-0.0444226	0.0	0.263542	-2.15975	-2.4388900000000002	0.360241	
1	0.626243	0.28595	-0.725295	0.0	0.677193	0.26145300000000005	0.6877880000000001	0.0	0.386303	-0.9218870000000001	-0.0299103	0.0	-1.49585	-2.06546	-3.09619	0.117184	-0.068747	0.28593	-0.955781	0.0	0.360546	-0.886173	-0.291039	0.0	-0.930205	-0.364612	-0.042169599999999995	0.0	0.26055900000000004	-2.1373599999999997	-2.4185	0.362208	
1	0.624731	0.289138	-0.7253350000000001	0.0	0.6760189999999999	0.26460900000000004	0.687736	0.0	0.390781	-0.91999	-0.0301534	0.0	-1.50009	-2.0402299999999998	-3.06629	0.116796	-0.07275889999999999	0.288547	-0.9546969999999999	0.0	0.36197399999999996	-0.884325	-0.294864	0.0	-0.9293440000000001	-0.367029	-0.0401038	0.0	0.25450700000000004	-2.10639	-2.39426	0.362865	
1	0.627369	0.29086599999999996	-0.7223609999999999	0.0	0.667971	0.275809	0.69119	0.0	0.400277	-0.916148	-0.0212559	0.0	-1.48504	-2.0426900000000003	-3.05991	0.11683199999999999	-0.0727872	0.291551	-0.953782	0.0	0.35999899999999996	-0.884166	-0.297744	0.0	-0.930109	-0.365032	-0.0406022	0.0	0.264331	-2.09313	-2.38003	0.362046	
1	0.627504	0.294605	-0.720727	0.0	0.664244	0.280386	0.692938	0.0	0.406225	-0.91356	-0.019746299999999998	0.0	-1.47848	-2.05303	-3.05189	0.116819	-0.0704199	0.288337	-0.954936	0.0	0.37504	-0.8794219999999999	-0.293193	0.0	-0.9243299999999999	-0.378786	-0.046209	0.0	0.268389	-2.07363	-2.36042	0.338461	
1	0.638091	0.29581599999999997	-0.710868	0.0	0.6542859999999999	0.278383	0.703145	0.0	0.405895	-0.913781	-0.0159146	0.0	-1.4541899999999999	-2.13414	-3.09758	0.117309	-0.0517616	0.26415900000000003	-0.963089	0.0	0.378481	-0.887251	-0.2637	0.0	-0.92416	-0.378161	-0.054054	0.0	0.26153200000000004	-2.0344700000000002	-2.33885	0.155747	
1	0.646768	0.287543	-0.7064060000000001	0.0	0.644599	0.288972	0.707805	0.0	0.407656	-0.913134	0.00154865	0.0	-1.42973	-2.14742	-3.10604	0.117757	-0.0391602	0.248059	-0.9679530000000001	0.0	0.378992	-0.8926290000000001	-0.244089	0.0	-0.9245709999999999	-0.37640500000000005	-0.0590572	0.0	0.27558299999999997	-2.03531	-2.32557	0.155513	
1	0.648536	0.29170100000000004	-0.703073	0.0	0.639261	0.292693	0.71111	0.0	0.41321599999999997	-0.9106270000000001	0.00334877	0.0	-1.41409	-2.14868	-3.10846	0.11784000000000001	-0.035836900000000005	0.249548	-0.967699	0.0	0.384106	-0.890501	-0.243865	0.0	-0.922593	-0.38043899999999997	-0.0639404	0.0	0.285559	-2.03321	-2.3178900000000002	0.15554500000000002	
1	0.6587	0.297566	-0.691064	0.0	0.6263029999999999	0.292148	0.7227680000000001	0.0	0.41696400000000006	-0.908903	0.00607151	0.0	-1.3987	-2.15548	-3.13032	0.11668699999999999	-0.0206966	0.254051	-0.9669690000000001	0.0	0.399214	-0.884627	-0.24096199999999998	0.0	-0.916624	-0.391015	-0.08311210000000001	0.0	0.290952	-2.0274400000000004	-2.3144	0.15573800000000002	
1	0.676177	0.340631	-0.653265	0.0	0.5869479999999999	0.28685	0.7571060000000001	0.0	0.44528199999999996	-0.8953700000000001	-0.00597125	0.0	-1.35005	-2.1688	-3.21716	0.116349	0.00905842	0.284034	-0.9587709999999999	0.0	0.43905200000000005	-0.862576	-0.251388	0.0	-0.898416	-0.41867299999999996	-0.132519	0.0	0.303712	-2.01858	-2.32914	0.156469	
1	0.6537569999999999	0.389402	-0.64882	0.0	0.574601	0.302454	0.760497	0.0	0.49237700000000006	-0.869993	-0.0260186	0.0	-1.3446799999999999	-2.10045	-3.20423	0.1941	0.035192	0.30031199999999997	-0.953192	0.0	0.42558100000000004	-0.867482	-0.257596	0.0	-0.904236	-0.396595	-0.158335	0.0	0.35137399999999996	-2.07987	-2.35918	0.155616	
1	0.635092	0.47745600000000005	-0.607202	0.0	0.496007	0.350533	0.79442	0.0	0.592145	-0.805706	-0.014200799999999998	0.0	-1.49078	-1.7298799999999999	-2.93827	0.347001	0.094834	0.295	-0.950779	0.0	0.423991	-0.8760959999999999	-0.22953800000000002	0.0	-0.9006870000000001	-0.38135399999999997	-0.208161	0.0	0.766628	-2.37831	-2.8212599999999997	0.155782	
1	0.61558	0.49988900000000003	-0.60924	0.0	0.48921899999999996	0.363683	0.792717	0.0	0.617841	-0.786031	-0.0206789	0.0	-1.55975	-1.7065099999999997	-2.9532700000000003	0.348058	0.134599	0.280308	-0.950427	0.0	0.40135	-0.8923780000000001	-0.20634899999999998	0.0	-0.9059809999999999	-0.353679	-0.23261500000000002	0.0	0.963669	-2.34052	-2.8792	0.155594	
2	0.5132359999999999	0.596963	-0.6166229999999999	0.0	0.412645	0.45833500000000005	0.78718	0.0	0.752538	-0.658455	-0.011099600000000001	0.0	-1.84473	-1.63533	-2.9956	0.349512	0.23877600000000002	0.22386	-0.9449190000000001	0.0	0.30390500000000004	-0.941412	-0.146234	0.0	-0.9222950000000001	-0.252249	-0.292819	0.0	1.6058700000000001	-2.24975	-3.0112900000000002	0.15561	
2	0.383651	0.652788	-0.653208	0.0	0.350936	0.551211	0.7569739999999999	0.0	0.8541989999999999	-0.519648	-0.0176137	0.0	-2.06503	-1.56439	-2.9617299999999998	0.351191	0.323518	0.185853	-0.92779	0.0	0.22144499999999998	-0.9681629999999999	-0.11672300000000001	0.0	-0.9199450000000001	-0.167692	-0.354375	0.0	2.23657	-2.24324	-3.01358	0.15567999999999999	
2	0.34679899999999997	0.659876	-0.666554	0.0	0.335649	0.576283	0.745143	0.0	0.875825	-0.48214300000000004	-0.0216327	0.0	-2.15383	-1.57386	-2.89699	0.351157	0.35736100000000004	0.159546	-0.9202379999999999	0.0	0.172818	-0.979583	-0.10272300000000001	0.0	-0.9178379999999999	-0.122325	-0.37763800000000003	0.0	2.5220700000000003	-2.27331	-2.99682	0.15573	
2	0.273424	0.6748609999999999	-0.6854210000000001	0.0	0.25769699999999995	0.635134	0.728147	0.0	0.926732	-0.375724	-0.000248313	0.0	-2.32629	-1.67143	-2.68177	0.35080700000000004	0.398084	0.09519	-0.9123969999999999	0.0	0.012167	-0.9950620000000001	-0.0985059	0.0	-0.9172680000000001	0.028112400000000003	-0.397276	0.0	3.10039	-2.39584	-2.8688700000000003	0.15568800000000002	
2	0.256533	0.677387	-0.689447	0.0	0.235604	0.647975	0.724306	0.0	0.9373799999999999	-0.34824499999999997	0.00663167	0.0	-2.3536599999999996	-1.73229	-2.5724099999999996	0.350902	0.39819	0.0837452	-0.913472	0.0	-0.0392062	-0.993361	-0.10815999999999999	0.0	-0.916465	0.0788818	-0.39226300000000003	0.0	3.2858099999999997	-2.43682	-2.78335	0.155563	
2	0.21788200000000002	0.683189	-0.69698	0.0	0.20977300000000002	0.664664	0.7170890000000001	0.0	0.9531649999999999	-0.302448	0.00150347	0.0	-2.4276299999999997	-1.86075	-2.37831	0.350649	0.396066	0.11921500000000002	-0.91045	0.0	-0.05010030000000001	-0.987253	-0.151066	0.0	-0.9168540000000001	0.105446	-0.38504499999999997	0.0	3.60874	-2.63269	-2.58094	0.155725	
2	0.20776799999999998	0.687986	-0.695347	0.0	0.210114	0.662877	0.718642	0.0	0.9553450000000001	-0.29541300000000004	-0.00683087	0.0	-2.46313	-1.90765	-2.32295	0.350121	0.392377	0.138765	-0.909277	0.0	-0.0385431	-0.9852059999999999	-0.166985	0.0	-0.918997	0.10056699999999999	-0.38122399999999995	0.0	3.72496	-2.7379599999999997	-2.48969	0.155719	
2	0.196511	0.688322	-0.698281	0.0	0.201658	0.668569	0.7157859999999999	0.0	0.95954	-0.281474	-0.00742483	0.0	-2.4996	-2.00172	-2.23866	0.349554	0.377773	0.148123	-0.9139729999999999	0.0	-0.0301019	-0.984634	-0.172017	0.0	-0.925409	0.0924957	-0.36751	0.0	3.83955	-2.93855	-2.3555	0.15573900000000002	
2	0.19147	0.688858	-0.699153	0.0	0.19916099999999998	0.670245	0.714917	0.0	0.9610799999999999	-0.276129	-0.00886214	0.0	-2.50906	-2.0364400000000002	-2.21329	0.349534	0.368128	0.14361300000000002	-0.918617	0.0	-0.0309409	-0.98556	-0.166478	0.0	-0.9292600000000001	0.0897082	-0.358369	0.0	3.8561699999999997	-3.02083	-2.29324	0.155584	
2	0.183603	0.691707	-0.698449	0.0	0.196398	0.6703899999999999	0.715546	0.0	0.963181	-0.26855	-0.012764	0.0	-2.54534	-2.14158	-2.16509	0.34884899999999996	0.310249	0.0911335	-0.946277	0.0	-0.0219308	-0.9944440000000001	-0.10296300000000001	0.0	-0.9504020000000001	0.0526967	-0.306527	0.0	3.79881	-3.22372	-2.0845700000000003	0.155702	
2	0.18451900000000002	0.69252	-0.697401	0.0	0.19556099999999998	0.6695260000000001	0.7165819999999999	0.0	0.963176	-0.268608	-0.0118901	0.0	-2.54826	-2.17287	-2.15493	0.348428	0.27779299999999996	0.0678192	-0.9582440000000001	0.0	-0.0159866	-0.997041	-0.0751995	0.0	-0.960508	0.036209	-0.275887	0.0	3.7576300000000002	-3.25977	-1.99758	0.15574100000000002	
2	0.182674	0.691272	-0.699124	0.0	0.194857	0.671528	0.7149	0.0	0.9636709999999999	-0.266823	-0.012028	0.0	-2.54983	-2.20796	-2.1505799999999997	0.348059	0.224832	0.0390569	-0.973614	0.0	0.0203793	-0.999166	-0.0353759	0.0	-0.974184	-0.0118879	-0.22544099999999997	0.0	3.728	-3.41171	-1.84381	0.155763	
2	0.183828	0.690603	-0.6994819999999999	0.0	0.193438	0.672277	0.714581	0.0	0.9637370000000001	-0.266667	-0.010005700000000001	0.0	-2.5411599999999996	-2.2141900000000003	-2.1440599999999996	0.348022	0.20416600000000001	0.0252158	-0.978611	0.0	0.0386187	-0.9990969999999999	-0.0176868	0.0	-0.978174	-0.0341816	-0.20495500000000003	0.0	3.716	-3.4544900000000003	-1.78522	0.155717	
2	0.18318399999999999	0.69187	-0.698398	0.0	0.19555799999999998	0.6705760000000001	0.7156020000000001	0.0	0.963432	-0.267664	-0.0124618	0.0	-2.53652	-2.23527	-2.14027	0.347937	0.17672000000000002	0.00659405	-0.984239	0.0	0.0946047	-0.9954620000000001	0.010317100000000001	0.0	-0.9797040000000001	-0.0949368	-0.176543	0.0	3.71449	-3.5230599999999996	-1.66018	0.15558699999999998	
2	0.18363800000000002	0.692653	-0.6975020000000001	0.0	0.193665	0.670168	0.716497	0.0	0.963728	-0.266658	-0.0110741	0.0	-2.53558	-2.24867	-2.13892	0.34774299999999997	0.16781600000000002	-0.00379563	-0.9858110000000001	0.0	0.11863599999999999	-0.992647	0.0240174	0.0	-0.9786540000000001	-0.120983	-0.166131	0.0	3.71023	-3.5731599999999997	-1.6136	0.155606	
2	0.186057	0.6954140000000001	-0.694106	0.0	0.196149	0.665931	0.719765	0.0	0.9627610000000001	-0.270065	-0.012503499999999999	0.0	-2.5349	-2.28545	-2.1351299999999998	0.347988	0.15601700000000002	0.006833700000000001	-0.9877309999999999	0.0	0.185449	-0.982397	0.0224957	0.0	-0.97019	-0.186684	-0.154538	0.0	3.7113699999999996	-3.6543400000000004	-1.55797	0.155779	
2	0.18818800000000002	0.696172	-0.692769	0.0	0.198178	0.663946	0.721042	0.0	0.961931	-0.272983	-0.0130191	0.0	-2.53917	-2.30996	-2.13436	0.34883600000000003	0.136758	0.0634433	-0.9885709999999999	0.0	0.21165100000000003	-0.976774	-0.033406599999999995	0.0	-0.96773	-0.204663	-0.14701	0.0	3.7179800000000003	-3.67288	-1.54539	0.155639	
2	0.19106099999999998	0.696679	-0.691472	0.0	0.201792	0.661525	0.722264	0.0	0.9606120000000001	-0.27753	-0.0141929	0.0	-2.53851	-2.31846	-2.13567	0.34915799999999997	0.12226	0.109634	-0.986424	0.0	0.26465700000000003	-0.9614950000000001	-0.0740605	0.0	-0.9565610000000001	-0.25201	-0.146568	0.0	3.69214	-3.6159	-1.5364799999999998	0.154999	
2	0.192977	0.694725	-0.692905	0.0	0.20670700000000003	0.661546	0.720853	0.0	0.959183	-0.28233600000000003	-0.0159419	0.0	-2.54205	-2.33042	-2.13571	0.349456	0.118923	0.113949	-0.9863430000000001	0.0	0.289591	-0.954183	-0.0753176	0.0	-0.949734	-0.276679	-0.146473	0.0	3.7193099999999997	-3.61765	-1.5217399999999999	0.163736	
2	0.194778	0.684711	-0.702306	0.0	0.21394000000000002	0.669122	0.711692	0.0	0.9572309999999999	-0.28887399999999996	-0.016156999999999998	0.0	-2.5447	-2.33542	-2.1315	0.35044899999999995	0.119326	0.105401	-0.987245	0.0	0.32414299999999996	-0.944001	-0.0616059	0.0	-0.9384530000000001	-0.312657	-0.146809	0.0	3.8015	-3.77109	-1.4711100000000001	0.32958000000000004	
2	0.197678	0.681463	-0.70465	0.0	0.221271	0.669262	0.7093149999999999	0.0	0.954967	-0.296134	-0.0184896	0.0	-2.54478	-2.33584	-2.128	0.350629	0.120571	0.106716	-0.986952	0.0	0.328801	-0.9423799999999999	-0.0617283	0.0	-0.9366709999999999	-0.31706799999999996	-0.14871199999999998	0.0	3.80795	-3.7654900000000002	-1.46112	0.332902	
