3	0.593132	0.516197	-0.617847	0.0	0.687021	0.0755919	0.722695	0.0	0.419758	-0.8531270000000001	-0.309802	0.0	-2.7396700000000003	2.0	1.46191	0.0	-0.593132	0.516197	-0.617846	0.0	0.7498819999999999	0.0748885	-0.657319	0.0	-0.293037	-0.853189	-0.43150600000000006	0.0	2.66032	2.0	1.53809	0.0	
3	-0.0410241	0.8505959999999999	-0.524217	0.0	0.379533	0.4986	0.779328	0.0	0.924268	-0.166987	-0.34328400000000003	0.0	-2.78735	2.0797	1.29639	3.3617e-05	-0.593133	0.516197	-0.617846	0.0	0.749901	0.0749438	-0.657291	0.0	-0.292988	-0.8531850000000001	-0.43154799999999993	0.0	2.66032	2.0	1.53809	0.0	
3	-0.35215599999999997	0.786564	-0.507251	0.0	0.20236500000000002	0.593138	0.779253	0.0	0.913803	0.171769	-0.36805	0.0	-2.88844	2.14584	1.287	0.0	0.021876800000000002	0.909143	-0.41591000000000006	0.0	0.332036	-0.399003	-0.854722	0.0	-0.9430129999999999	-0.119398	-0.31059699999999996	0.0	2.7421900000000003	2.1389400000000003	1.46523	0.0	
3	-0.439784	0.756486	-0.484066	0.0	0.181274	0.602662	0.777135	0.0	0.879619	0.25402199999999997	-0.402173	0.0	-2.90762	2.3498	1.16792	0.0518629	0.142903	0.8987280000000001	-0.41456800000000005	0.0	0.280019	-0.43846599999999997	-0.8540120000000001	0.0	-0.949299	0.00595388	-0.314319	0.0	2.8336900000000003	2.29736	1.27725	0.149887	
3	-0.47038500000000005	0.752384	-0.461146	0.0	0.150875	0.583441	0.798018	0.0	0.869468	0.3058	-0.38795799999999997	0.0	-2.90702	2.55655	1.0752700000000002	0.250687	0.16776	0.829284	-0.5330520000000001	0.0	0.33769099999999996	-0.556343	-0.759242	0.0	-0.9261870000000001	-0.0526364	-0.373373	0.0	2.80198	2.4721599999999997	1.2423600000000001	0.0427756	
3	-0.413896	0.698055	-0.5843020000000001	0.0	0.09791060000000001	0.672275	0.733799	0.0	0.905043	0.246507	-0.346599	0.0	-2.9165099999999997	2.48588	1.12732	0.0	0.18921400000000002	0.7840239999999999	-0.59119	0.0	0.34920300000000004	-0.616434	-0.705738	0.0	-0.917745	-0.0729096	-0.390421	0.0	2.86795	2.4980700000000002	1.16382	0.0	
3	-0.510885	0.6124430000000001	-0.60325	0.0	-0.00045079	0.701548	0.712622	0.0	0.859649	0.36434	-0.358134	0.0	-2.92712	2.5815900000000003	1.00591	0.07348989999999998	0.24909	0.815038	-0.5231319999999999	0.0	0.240285	-0.575278	-0.7818689999999999	0.0	-0.938199	0.0690548	-0.33913699999999997	0.0	2.9401	2.65807	1.02609	0.284134	
3	-0.643732	0.47824700000000003	-0.597402	0.0	-0.14793	0.688168	0.7103109999999999	0.0	0.750817	0.545623	-0.372249	0.0	-2.89118	2.85429	0.724146	0.29737600000000003	0.231717	0.8672120000000001	-0.44073900000000005	0.0	0.305613	-0.49502700000000005	-0.8133560000000001	0.0	-0.92353	0.0537726	-0.379737	0.0	2.9908799999999998	2.77031	0.857188	0.349286	
3	-0.6421899999999999	0.435116	-0.631083	0.0	-0.198402	0.700879	0.685132	0.0	0.740425	0.5651930000000001	-0.36377	0.0	-2.87437	2.92386	0.632633	0.289141	0.16356099999999998	0.8209	-0.547148	0.0	0.311681	-0.569208	-0.760827	0.0	-0.9360040000000001	-0.046093699999999994	-0.348959	0.0	3.0226	2.63088	0.765779	0.06367540000000001	
3	-0.690821	0.384604	-0.612247	0.0	-0.202905	0.709631	0.674725	0.0	0.693972	0.590342	-0.41218999999999995	0.0	-2.81677	2.93922	0.517843	0.278287	0.107367	0.790342	-0.6031850000000001	0.0	0.274675	-0.6066590000000001	-0.746001	0.0	-0.9555239999999999	-0.08558450000000001	-0.282222	0.0	3.03695	2.52047	0.666009	0.152471	
3	-0.700435	0.35694899999999996	-0.6180439999999999	0.0	-0.210431	0.724174	0.6567270000000001	0.0	0.68199	0.59005	-0.43212399999999995	0.0	-2.7351400000000003	2.93853	0.45748599999999995	0.266251	0.0448958	0.804982	-0.591599	0.0	0.27223600000000003	-0.579641	-0.7680520000000001	0.0	-0.961183	-0.126572	-0.245169	0.0	2.96454	2.4302900000000003	0.577501	0.250415	
3	-0.608794	0.54583	-0.575709	0.0	-0.141394	0.639414	0.75575	0.0	0.7806270000000001	0.541497	-0.312094	0.0	-2.7275400000000003	2.8658099999999997	0.545689	0.235327	-0.0781623	0.798894	-0.596372	0.0	0.319577	-0.546557	-0.774046	0.0	-0.9443309999999999	-0.25108800000000003	-0.212588	0.0	2.79679	2.32482	0.526613	0.33207	
3	-0.412667	0.8085479999999999	-0.419471	0.0	0.0652456	0.485567	0.871761	0.0	0.908542	0.332379	-0.253132	0.0	-2.82547	2.60091	0.7296159999999999	0.0	-0.331706	0.8100109999999999	-0.483583	0.0	0.404039	-0.341231	-0.8487129999999999	0.0	-0.8524809999999999	-0.47691000000000006	-0.214088	0.0	2.60204	2.10135	0.518358	0.335333	
3	-0.07143769999999999	0.966827	-0.24523899999999998	0.0	0.23299699999999998	0.25524	0.938384	0.0	0.96985	0.00989616	-0.24350100000000002	0.0	-2.83277	2.33317	0.781141	0.0278399	-0.543628	0.747444	-0.381834	0.0	0.418371	-0.153071	-0.895285	0.0	-0.7276229999999999	-0.64645	-0.229496	0.0	2.4771	1.8262	0.455451	0.357906	
3	0.35241	0.925058	-0.141684	0.0	0.301602	0.031053700000000004	0.9529280000000001	0.0	0.885914	-0.378554	-0.268056	0.0	-2.80016	1.83322	0.810171	0.220165	-0.66104	0.678091	-0.321276	0.0	0.42700600000000005	-0.012121	-0.9041680000000001	0.0	-0.617002	-0.7348779999999999	-0.281537	0.0	2.40937	1.61489	0.329198	0.357821	
3	0.7740319999999999	0.628717	0.0747659	0.0	0.12163800000000001	-0.26355	0.956946	0.0	0.621352	-0.731612	-0.280472	0.0	-2.79186	1.29055	0.747158	0.217248	-0.70112	0.648175	-0.297154	0.0	0.42006499999999997	0.038717900000000006	-0.906668	0.0	-0.576174	-0.7605069999999999	-0.29942199999999997	0.0	2.43367	1.4401700000000002	0.219204	0.35839099999999996	
3	0.877992	0.476495	0.0456312	0.0	0.10606099999999999	-0.286612	0.952158	0.0	0.46677700000000005	-0.831147	-0.302181	0.0	-2.9706	0.864275	0.429435	0.196325	-0.7094739999999999	0.63917	-0.296831	0.0	0.42424799999999996	0.0510453	-0.904106	0.0	-0.5627260000000001	-0.76737	-0.30738200000000004	0.0	2.42466	1.3455700000000002	0.156744	0.358642	
3	0.9107350000000001	0.40363699999999997	0.08740239999999999	0.0	0.0501757	-0.318207	0.946693	0.0	0.40993199999999996	-0.857801	-0.310055	0.0	-3.13658	0.598809	-0.0725456	0.200785	-0.712126	0.636833	-0.295501	0.0	0.42405200000000004	0.054725800000000005	-0.903983	0.0	-0.5595140000000001	-0.769057	-0.30902199999999996	0.0	2.43128	1.301	0.14143599999999998	0.35887399999999997	
3	0.9146059999999999	0.362327	0.179483	0.0	-0.049358400000000004	-0.340521	0.938941	0.0	0.401321	-0.8676200000000001	-0.293559	0.0	-3.17168	0.44183	-0.618595	0.166223	-0.708781	0.639889	-0.296937	0.0	0.424329	0.0504702	-0.9041	0.0	-0.563537	-0.766809	-0.307296	0.0	2.41609	1.29767	0.138155	0.359166	
3	0.919869	0.346317	0.184137	0.0	-0.09251770000000001	-0.26464	0.959899	0.0	0.381159	-0.900017	-0.21139299999999997	0.0	-3.09758	0.150193	-1.17934	0.155397	-0.707257	0.641213	-0.297714	0.0	0.41992700000000005	0.0422589	-0.906574	0.0	-0.568725	-0.766199	-0.299151	0.0	2.4014	1.30443	0.135974	0.359469	
3	0.919883	0.303101	0.248887	0.0	-0.18829200000000001	-0.215369	0.958208	0.0	0.344036	-0.9283030000000001	-0.141043	0.0	-3.02866	-0.14507799999999998	-1.66972	0.148398	-0.706846	0.639239	-0.30289	0.0	0.42036999999999997	0.035223500000000005	-0.9066690000000001	0.0	-0.568909	-0.768201	-0.293614	0.0	2.36636	1.32315	0.17066099999999998	0.359498	
3	0.917277	0.292925	0.269811	0.0	-0.21725	-0.199762	0.955457	0.0	0.333775	-0.9350350000000001	-0.119599	0.0	-2.95043	-0.296467	-2.02582	0.14869100000000002	-0.708371	0.636744	-0.304579	0.0	0.42066000000000003	0.0343336	-0.906568	0.0	-0.5667939999999999	-0.770311	-0.292174	0.0	2.35498	1.3567	0.202852	0.359761	
3	0.8878510000000001	0.329521	0.32114899999999996	0.0	-0.280837	-0.164802	0.9455	0.0	0.36448800000000003	-0.9296540000000001	-0.0537785	0.0	-2.88556	-0.43632299999999996	-2.26154	0.14227599999999999	-0.693235	0.654913	-0.30085700000000004	0.0	0.431983	0.0434299	-0.9008360000000001	0.0	-0.576902	-0.754456	-0.31301799999999996	0.0	2.3595200000000003	1.4137	0.19631500000000002	0.360205	
3	0.874232	0.32408400000000004	0.361507	0.0	-0.33874699999999996	-0.126246	0.932369	0.0	0.347804	-0.937567	-0.000585639	0.0	-2.80692	-0.5902	-2.45054	0.138854	-0.68629	0.662196	-0.30083699999999997	0.0	0.43664899999999995	0.0443274	-0.898539	0.0	-0.581674	-0.7480180000000001	-0.319569	0.0	2.36213	1.50842	0.180721	0.36036399999999996	
3	0.8677819999999999	0.331595	0.370135	0.0	-0.357618	-0.10047400000000001	0.9284479999999999	0.0	0.345058	-0.938056	0.031395	0.0	-2.77013	-0.699216	-2.55806	0.14083800000000002	-0.6803779999999999	0.669226	-0.298703	0.0	0.4423	0.0499843	-0.895473	0.0	-0.5843430000000001	-0.741376	-0.330007	0.0	2.3688599999999997	1.58073	0.14894100000000002	0.3601	
3	0.86515	0.347376	0.36172600000000005	0.0	-0.358742	-0.0753662	0.9303899999999999	0.0	0.350456	-0.934693	0.059414999999999996	0.0	-2.71386	-0.765788	-2.62862	0.14110799999999998	-0.677513	0.672501	-0.297858	0.0	0.442326	0.048988	-0.895516	0.0	-0.587643	-0.738474	-0.330654	0.0	2.36733	1.6107200000000002	0.141826	0.360277	
3	0.862517	0.357607	0.35802399999999995	0.0	-0.363076	-0.055484500000000006	0.930106	0.0	0.352477	-0.9322219999999999	0.0819821	0.0	-2.6588	-0.792373	-2.66661	0.142128	-0.6739569999999999	0.6763140000000001	-0.29729	0.0	0.440906	0.045332300000000006	-0.896408	0.0	-0.592776	-0.735217	-0.328743	0.0	2.35717	1.61645	0.136733	0.360175	
3	0.861399	0.362224	0.356069	0.0	-0.365548	-0.04461969999999999	0.9297219999999999	0.0	0.35265599999999997	-0.9310219999999999	0.0939752	0.0	-2.6313400000000002	-0.804211	-2.6787	0.140264	-0.670693	0.679237	-0.298008	0.0	0.44145100000000004	0.042669099999999995	-0.8962700000000001	0.0	-0.596064	-0.7326779999999999	-0.328468	0.0	2.33033	1.62317	0.141778	0.360347	
3	0.860082	0.364093	0.35734499999999997	0.0	-0.36699299999999996	-0.044984300000000005	0.9291360000000001	0.0	0.35436599999999996	-0.930276	0.09492919999999999	0.0	-2.62113	-0.803453	-2.68781	0.14080399999999998	-0.6691020000000001	0.680667	-0.29832	0.0	0.44267399999999996	0.0426014	-0.8956700000000001	0.0	-0.5969439999999999	-0.7313529999999999	-0.32981900000000003	0.0	2.3183	1.63594	0.146025	0.360354	
3	0.8601059999999999	0.364031	0.35735100000000003	0.0	-0.366981	-0.045013300000000006	0.9291389999999999	0.0	0.354321	-0.930298	0.0948763	0.0	-2.62133	-0.803393	-2.68761	0.1408	-0.66911	0.680653	-0.29833200000000004	0.0	0.442672	0.042589499999999995	-0.8956719999999999	0.0	-0.596936	-0.731367	-0.329803	0.0	2.3187	1.6355899999999999	0.145878	0.360354	
3	0.8601059999999999	0.364031	0.35735100000000003	0.0	-0.366981	-0.0450137	0.9291389999999999	0.0	0.354321	-0.930298	0.09487580000000001	0.0	-2.62133	-0.803393	-2.68761	0.140799	-0.669111	0.680653	-0.298333	0.0	0.442672	0.0425892	-0.8956719999999999	0.0	-0.596936	-0.731367	-0.329803	0.0	2.3187	1.63558	0.145876	0.360354	
3	0.8601059999999999	0.364031	0.35735100000000003	0.0	-0.366981	-0.0450137	0.9291389999999999	0.0	0.354321	-0.930298	0.09487580000000001	0.0	-2.62133	-0.803393	-2.68761	0.140799	-0.669111	0.680653	-0.298333	0.0	0.442672	0.0425891	-0.8956719999999999	0.0	-0.596936	-0.731367	-0.329803	0.0	2.3187	1.63558	0.145876	0.360354	
3	0.8601059999999999	0.364031	0.35735100000000003	0.0	-0.366981	-0.045013599999999994	0.9291389999999999	0.0	0.354321	-0.930298	0.09487580000000001	0.0	-2.62133	-0.803393	-2.68761	0.140799	-0.669111	0.680653	-0.298333	0.0	0.442672	0.0425891	-0.8956719999999999	0.0	-0.596936	-0.731367	-0.329803	0.0	2.3187	1.63558	0.145876	0.360354	
3	0.8601059999999999	0.364031	0.35735100000000003	0.0	-0.366981	-0.0450137	0.9291389999999999	0.0	0.354321	-0.930298	0.09487580000000001	0.0	-2.62133	-0.803393	-2.68761	0.140799	-0.669111	0.680653	-0.298333	0.0	0.442672	0.0425892	-0.8956719999999999	0.0	-0.596936	-0.731367	-0.329803	0.0	2.3187	1.63558	0.145876	0.360354	
3	0.8601059999999999	0.364031	0.35735100000000003	0.0	-0.366981	-0.0450137	0.9291389999999999	0.0	0.354321	-0.930298	0.09487580000000001	0.0	-2.62133	-0.803393	-2.68761	0.140799	-0.669111	0.680653	-0.298333	0.0	0.442672	0.0425891	-0.8956719999999999	0.0	-0.596936	-0.731367	-0.329803	0.0	2.3187	1.63558	0.145876	0.360354	
3	0.8601059999999999	0.364031	0.35735100000000003	0.0	-0.366981	-0.0450137	0.9291389999999999	0.0	0.354321	-0.930298	0.09487580000000001	0.0	-2.62133	-0.803393	-2.68761	0.140799	-0.669111	0.680653	-0.298333	0.0	0.442672	0.0425891	-0.8956719999999999	0.0	-0.596936	-0.731367	-0.329803	0.0	2.3187	1.63558	0.145876	0.360354	
3	0.8601059999999999	0.364031	0.35735100000000003	0.0	-0.366981	-0.0450137	0.9291389999999999	0.0	0.354321	-0.930299	0.09487580000000001	0.0	-2.62133	-0.803393	-2.68761	0.140799	-0.669111	0.680653	-0.298333	0.0	0.442672	0.0425891	-0.8956719999999999	0.0	-0.596936	-0.731367	-0.329803	0.0	2.3187	1.63558	0.145876	0.360354	
3	0.8601059999999999	0.364031	0.35735100000000003	0.0	-0.366981	-0.045013599999999994	0.9291389999999999	0.0	0.354321	-0.930298	0.09487580000000001	0.0	-2.62133	-0.803393	-2.68761	0.140799	-0.669111	0.680653	-0.298333	0.0	0.442672	0.042589	-0.8956719999999999	0.0	-0.596936	-0.731367	-0.329803	0.0	2.3187	1.6355899999999999	0.145877	0.360354	
3	0.8601059999999999	0.364031	0.35735100000000003	0.0	-0.366981	-0.0450137	0.9291389999999999	0.0	0.354321	-0.930298	0.09487580000000001	0.0	-2.62133	-0.803393	-2.68761	0.140799	-0.669111	0.680653	-0.298333	0.0	0.442672	0.0425891	-0.8956719999999999	0.0	-0.596936	-0.731367	-0.329803	0.0	2.3187	1.63558	0.145876	0.360354	
3	0.8601059999999999	0.364031	0.35735100000000003	0.0	-0.366981	-0.0450137	0.9291389999999999	0.0	0.354321	-0.930298	0.09487580000000001	0.0	-2.62133	-0.803393	-2.68761	0.140799	-0.669111	0.680653	-0.298333	0.0	0.442672	0.0425891	-0.8956719999999999	0.0	-0.596936	-0.731367	-0.329803	0.0	2.3187	1.63558	0.145876	0.360354	
3	0.8601059999999999	0.364031	0.35735100000000003	0.0	-0.366981	-0.045013599999999994	0.9291389999999999	0.0	0.354321	-0.930298	0.09487580000000001	0.0	-2.62133	-0.803393	-2.68761	0.140799	-0.669111	0.680653	-0.298333	0.0	0.442672	0.0425891	-0.8956719999999999	0.0	-0.596936	-0.731367	-0.329803	0.0	2.3187	1.63558	0.145876	0.360354	
3	0.8601059999999999	0.364031	0.35735100000000003	0.0	-0.366981	-0.0450137	0.9291389999999999	0.0	0.354321	-0.930298	0.09487580000000001	0.0	-2.62133	-0.803393	-2.68761	0.140799	-0.669111	0.680653	-0.298333	0.0	0.442672	0.0425891	-0.8956719999999999	0.0	-0.596936	-0.731367	-0.329803	0.0	2.3187	1.63558	0.145876	0.360354	
3	0.0547096	-0.778672	0.625042	0.0	-0.23531100000000002	-0.6184029999999999	-0.749804	0.0	0.9703790000000001	-0.106058	-0.217063	0.0	-2.64157	-0.9007	-2.53134	0.262139	-0.516771	0.759976	-0.39418800000000004	0.0	0.5509350000000001	-0.057223	-0.832584	0.0	-0.655301	-0.6474270000000001	-0.389126	0.0	2.27993	1.60598	0.18043	0.360169	
3	-0.28018000000000004	-0.8321959999999999	0.478487	0.0	-0.304534	-0.395648	-0.866442	0.0	0.9103620000000001	-0.388475	-0.14257899999999998	0.0	-2.61884	-1.33481	-2.37419	0.24886	-0.5161100000000001	0.762552	-0.39005700000000004	0.0	0.550114	-0.0539414	-0.8333450000000001	0.0	-0.65651	-0.644674	-0.391651	0.0	2.28507	1.5928200000000001	0.15723800000000002	0.36012	
3	-0.504764	-0.766688	0.396742	0.0	-0.329343	-0.253794	-0.9094620000000001	0.0	0.797964	-0.589727	-0.12439700000000001	0.0	-2.60737	-1.7038900000000001	-2.35731	0.223478	-0.514362	0.7640560000000001	-0.389423	0.0	0.5488029999999999	-0.0556679	-0.834096	0.0	-0.658974	-0.642744	-0.39068200000000003	0.0	2.2844	1.58518	0.12513	0.360288	
3	-0.649544	-0.687349	0.32503000000000004	0.0	-0.305172	-0.155858	-0.939457	0.0	0.696393	-0.709408	-0.10852300000000001	0.0	-2.5992900000000003	-1.99797	-2.40223	0.21672800000000003	-0.5146270000000001	0.763729	-0.38971500000000003	0.0	0.549197	-0.05542949999999999	-0.833852	0.0	-0.658439	-0.643153	-0.390912	0.0	2.28029	1.58311	0.11776500000000001	0.360309	
3	-0.728309	-0.621693	0.288208	0.0	-0.265776	-0.131388	-0.95504	0.0	0.631609	-0.772162	-0.06954	0.0	-2.5484	-2.16385	-2.45099	0.191248	-0.516124	0.7634810000000001	-0.388218	0.0	0.547962	-0.05403009999999999	-0.8347559999999999	0.0	-0.658296	-0.643567	-0.390473	0.0	2.27637	1.58627	0.138502	0.360444	
3	-0.7748619999999999	-0.57065	0.271934	0.0	-0.22262800000000002	-0.15627	-0.962297	0.0	0.59163	-0.806188	-0.0059554	0.0	-2.49989	-2.3060099999999997	-2.45282	0.18016300000000002	-0.519634	0.762005	-0.38643099999999997	0.0	0.549884	-0.047891699999999995	-0.833867	0.0	-0.653918	-0.645798	-0.39412800000000003	0.0	2.27962	1.58259	0.15850799999999998	0.36030700000000004	
3	-0.803642	-0.526407	0.27759	0.0	-0.170151	-0.243734	-0.9548	0.0	0.570271	-0.814549	0.106306	0.0	-2.4548200000000002	-2.47276	-2.40164	0.187026	-0.523556	0.759896	-0.385288	0.0	0.550621	-0.0433049	-0.8336309999999999	0.0	-0.650158	-0.648601	-0.395742	0.0	2.30238	1.57968	0.167139	0.360156	
3	-0.8196399999999999	-0.474588	0.320869	0.0	-0.138214	-0.379733	-0.9147129999999999	0.0	0.555956	-0.794084	0.24565	0.0	-2.41268	-2.60944	-2.2489	0.21851900000000002	-0.526081	0.758233	-0.385126	0.0	0.5533239999999999	-0.038718	-0.832066	0.0	-0.6458109999999999	-0.650833	-0.399179	0.0	2.3389599999999997	1.57545	0.166686	0.360367	
3	-0.8476520000000001	-0.405587	0.342032	0.0	-0.14183099999999998	-0.447983	-0.8827209999999999	0.0	0.5112439999999999	-0.79675	0.322209	0.0	-2.4508900000000002	-2.70968	-2.1236099999999998	0.240369	-0.5242479999999999	0.758831	-0.386445	0.0	0.553167	-0.0415625	-0.832033	0.0	-0.6474340000000001	-0.64996	-0.397971	0.0	2.35728	1.57545	0.145536	0.360292	
3	-0.8610209999999999	-0.35993200000000003	0.359294	0.0	-0.15168	-0.49258100000000005	-0.8569459999999999	0.0	0.48542399999999997	-0.792346	0.369528	0.0	-2.4851099999999997	-2.77371	-2.09757	0.244706	-0.521617	0.758866	-0.389922	0.0	0.553643	-0.04666169999999999	-0.8314459999999999	0.0	-0.64915	-0.649574	-0.395801	0.0	2.35735	1.57561	0.136214	0.36024	
3	-0.874073	-0.294268	0.38652600000000004	0.0	-0.198735	-0.5094310000000001	-0.837248	0.0	0.443284	-0.808632	0.386799	0.0	-2.4847599999999996	-2.8037799999999997	-2.09347	0.244637	-0.520883	0.759734	-0.389209	0.0	0.552188	-0.0478214	-0.832347	0.0	-0.650975	-0.648473	-0.39460700000000004	0.0	2.3416099999999997	1.58054	0.16059500000000002	0.360496	
3	-0.862475	-0.23408600000000002	0.44871099999999997	0.0	-0.269113	-0.5387529999999999	-0.798325	0.0	0.42862100000000003	-0.809289	0.401665	0.0	-2.46603	-2.81885	-2.08385	0.256254	-0.523888	0.759278	-0.386056	0.0	0.5518489999999999	-0.042698599999999996	-0.832851	0.0	-0.648849	-0.649365	-0.39663699999999996	0.0	2.3380799999999997	1.5783399999999999	0.169741	0.360417	
3	-0.846618	-0.19533699999999998	0.49505699999999997	0.0	-0.317481	-0.561198	-0.764371	0.0	0.42713500000000004	-0.8043020000000001	0.41310399999999997	0.0	-2.42151	-2.80147	-2.03384	0.261625	-0.526321	0.758728	-0.38382	0.0	0.552046	-0.0384083	-0.8329280000000001	0.0	-0.646708	-0.650274	-0.398638	0.0	2.33995	1.5811899999999999	0.171478	0.36025	
3	-0.8261620000000001	-0.156815	0.541171	0.0	-0.373897	-0.565938	-0.7347899999999999	0.0	0.421494	-0.809398	0.408923	0.0	-2.34476	-2.72943	-1.9522700000000002	0.266372	-0.526518	0.757972	-0.38504299999999997	0.0	0.552649	-0.0390114	-0.832501	0.0	-0.646033	-0.65112	-0.398352	0.0	2.3517099999999997	1.57828	0.168526	0.360244	
3	-0.8026439999999999	-0.121147	0.584026	0.0	-0.442877	-0.534825	-0.719599	0.0	0.399529	-0.836233	0.375621	0.0	-2.25658	-2.68951	-1.9206900000000002	0.27118400000000004	-0.524755	0.7579859999999999	-0.387415	0.0	0.553002	-0.042450800000000004	-0.832098	0.0	-0.6471640000000001	-0.650889	-0.396891	0.0	2.35725	1.58114	0.168928	0.360221	
3	-0.785235	-0.101131	0.610884	0.0	-0.488313	-0.5054810000000001	-0.711364	0.0	0.380731	-0.8568899999999999	0.347538	0.0	-2.18623	-2.69454	-1.9110599999999998	0.309627	-0.524713	0.757289	-0.388833	0.0	0.55252	-0.0445216	-0.83231	0.0	-0.64761	-0.651561	-0.395056	0.0	2.35334	1.58103	0.174447	0.36025300000000005	
3	-0.783327	-0.09669080000000001	0.614045	0.0	-0.49807299999999993	-0.493403	-0.713076	0.0	0.371919	-0.86441	0.338336	0.0	-2.0859799999999997	-2.72054	-1.9293099999999999	0.305238	-0.525509	0.755383	-0.391455	0.0	0.554563	-0.0448062	-0.8309350000000001	0.0	-0.645213	-0.65375	-0.395362	0.0	2.35322	1.58418	0.183591	0.36024	
3	-0.797299	-0.07333089999999999	0.599113	0.0	-0.5103409999999999	-0.44809099999999996	-0.734007	0.0	0.322283	-0.890975	0.319839	0.0	-1.9834	-2.73838	-1.94445	0.298149	-0.525983	0.754413	-0.39268800000000004	0.0	0.554832	-0.0455708	-0.830714	0.0	-0.6445960000000001	-0.654817	-0.39460300000000004	0.0	2.3527099999999996	1.58101	0.196339	0.360178	
3	-0.8304790000000001	-0.0252142	0.556479	0.0	-0.510209	-0.366541	-0.778033	0.0	0.22359	-0.930061	0.291539	0.0	-1.9317799999999998	-2.79909	-1.9823	0.294129	-0.526238	0.752551	-0.395906	0.0	0.556662	-0.047078800000000004	-0.8294040000000001	0.0	-0.642807	-0.656849	-0.394142	0.0	2.35277	1.58158	0.202531	0.360084	
3	-0.843324	0.047164	0.5353319999999999	0.0	-0.524942	-0.285587	-0.801796	0.0	0.115068	-0.957192	0.26560100000000003	0.0	-1.94415	-2.9165900000000002	-2.05815	0.291431	-0.526312	0.7525149999999999	-0.395876	0.0	0.556449	-0.047213	-0.8295389999999999	0.0	-0.642931	-0.656881	-0.393888	0.0	2.35509	1.58513	0.208921	0.360167	
3	-0.840571	0.0845872	0.5350560000000001	0.0	-0.536747	-0.263331	-0.8015979999999999	0.0	0.0730919	-0.96099	0.26675	0.0	-1.99577	-3.0514	-2.11242	0.285775	-0.52791	0.751877	-0.394959	0.0	0.556505	-0.045063599999999995	-0.829622	0.0	-0.641571	-0.657762	-0.394633	0.0	2.35778	1.58707	0.21278899999999998	0.360187	
3	-0.828001	0.115723	0.548656	0.0	-0.558628	-0.254852	-0.789295	0.0	0.048486	-0.960031	0.275663	0.0	-2.00128	-3.18594	-2.13678	0.27770500000000004	-0.530472	0.75073	-0.393705	0.0	0.558063	-0.040324900000000004	-0.828818	0.0	-0.638095	-0.659377	-0.397564	0.0	2.36858	1.58885	0.213414	0.360031	
3	-0.7819560000000001	0.149846	0.605054	0.0	-0.622106	-0.248496	-0.742451	0.0	0.039100499999999996	-0.9569719999999999	0.287533	0.0	-1.9835599999999998	-3.2688599999999997	-2.1362900000000002	0.269023	-0.532356	0.750013	-0.39252600000000004	0.0	0.558592	-0.0371737	-0.828609	0.0	-0.636059	-0.660377	-0.399162	0.0	2.38313	1.58922	0.211362	0.360176	
3	-0.726598	0.166698	0.666534	0.0	-0.686208	-0.22445	-0.6919109999999999	0.0	0.0342629	-0.9601219999999999	0.277474	0.0	-1.95206	-3.31715	-2.08459	0.26865300000000003	-0.533939	0.748578	-0.393117	0.0	0.559474	-0.0358075	-0.828074	0.0	-0.633954	-0.662079	-0.39969099999999996	0.0	2.38774	1.58805	0.20986300000000002	0.360009	
3	-0.677471	0.170963	0.715406	0.0	-0.734575	-0.207323	-0.646079	0.0	0.037864300000000004	-0.963218	0.26604	0.0	-1.9593200000000002	-3.3421199999999995	-2.0565900000000004	0.27810100000000004	-0.535814	0.7469180000000001	-0.39372199999999996	0.0	0.5600569999999999	-0.0345559	-0.8277329999999999	0.0	-0.631854	-0.664018	-0.399801	0.0	2.39092	1.5867799999999999	0.21304800000000002	0.359998	
3	-0.661238	0.169679	0.730735	0.0	-0.7492409999999999	-0.19800399999999999	-0.632007	0.0	0.0374496	-0.965403	0.258058	0.0	-1.9618799999999998	-3.3465	-2.0487	0.28741500000000003	-0.537369	0.744987	-0.395259	0.0	0.562036	-0.0330768	-0.826451	0.0	-0.6287689999999999	-0.666259	-0.400935	0.0	2.3942799999999997	1.59059	0.213619	0.35984299999999997	
3	-0.654571	0.184936	0.733032	0.0	-0.755594	-0.191847	-0.626317	0.0	0.0248009	-0.963843	0.265314	0.0	-1.91963	-3.3715	-2.0567900000000003	0.28068000000000004	-0.539103	0.743085	-0.396476	0.0	0.563319	-0.0318322	-0.825626	0.0	-0.626131	-0.6684399999999999	-0.401433	0.0	2.39689	1.5883399999999999	0.212381	0.3598	
3	-0.627942	0.234409	0.74212	0.0	-0.778251	-0.193945	-0.5972529999999999	0.0	0.00392878	-0.9525950000000001	0.304215	0.0	-1.86268	-3.3918800000000005	-2.08279	0.26926500000000003	-0.5407609999999999	0.74158	-0.397034	0.0	0.564893	-0.029578800000000002	-0.824634	0.0	-0.623276	-0.670212	-0.402918	0.0	2.40682	1.59455	0.212946	0.35982600000000003	
3	-0.59124	0.287031	0.75369	0.0	-0.8055260000000001	-0.16435	-0.569313	0.0	-0.0395413	-0.9437180000000001	0.328381	0.0	-1.80603	-3.40369	-2.10522	0.25406999999999996	-0.539013	0.742384	-0.397908	0.0	0.566344	-0.030248200000000003	-0.823614	0.0	-0.6234729999999999	-0.669292	-0.404141	0.0	2.414	1.59346	0.213529	0.359721	
3	-0.5621470000000001	0.30096300000000004	0.770333	0.0	-0.8248120000000001	-0.135731	-0.548874	0.0	-0.0606327	-0.9439270000000001	0.32453899999999997	0.0	-1.79122	-3.41112	-2.1027	0.24851399999999998	-0.539225	0.742292	-0.397794	0.0	0.568385	-0.027773700000000002	-0.8222940000000001	0.0	-0.62143	-0.669501	-0.406932	0.0	2.43439	1.59774	0.217457	0.35953	
3	-0.527985	0.298121	0.795209	0.0	-0.8476819999999999	-0.128052	-0.514818	0.0	-0.051649900000000006	-0.9459	0.320321	0.0	-1.8088	-3.4086	-2.11232	0.217412	-0.539858	0.741993	-0.397493	0.0	0.5694859999999999	-0.0257923	-0.8215969999999999	0.0	-0.619871	-0.669912	-0.408631	0.0	2.45896	1.59816	0.22154699999999997	0.359629	
3	-0.510609	0.301519	0.805211	0.0	-0.859117	-0.141235	-0.49190500000000004	0.0	-0.0345951	-0.9429420000000001	0.331156	0.0	-1.79666	-3.41299	-2.1153	0.192134	-0.539928	0.742046	-0.397298	0.0	0.569451	-0.0255631	-0.821628	0.0	-0.619842	-0.6698609999999999	-0.408756	0.0	2.47095	1.6002399999999999	0.217875	0.35951500000000003	
3	-0.49315699999999996	0.283421	0.822477	0.0	-0.8698020000000001	-0.143767	-0.471992	0.0	-0.015527700000000002	-0.948158	0.31742	0.0	-1.79292	-3.41566	-2.10051	0.18346400000000002	-0.5382279999999999	0.742556	-0.398649	0.0	0.570418	-0.027254300000000002	-0.820903	0.0	-0.6204310000000001	-0.669229	-0.408898	0.0	2.47605	1.60066	0.215104	0.359365	
3	-0.456554	0.26253200000000004	0.85008	0.0	-0.8896959999999999	-0.134322	-0.43634700000000004	0.0	-0.000371069	-0.9555290000000001	0.294898	0.0	-1.8044799999999999	-3.42153	-2.07879	0.23832199999999998	-0.536086	0.7432310000000001	-0.40027399999999996	0.0	0.569008	-0.032115899999999996	-0.8217049999999999	0.0	-0.623571	-0.6682640000000001	-0.40568699999999996	0.0	2.47543	1.5994700000000002	0.21906399999999998	0.359486	
3	-0.41069399999999995	0.241196	0.879292	0.0	-0.9114690000000001	-0.133535	-0.38909299999999997	0.0	0.023568099999999998	-0.9612459999999999	0.274685	0.0	-1.8128400000000002	-3.3868300000000002	-2.07842	0.269903	-0.536308	0.74235	-0.401609	0.0	0.569946	-0.0324261	-0.821042	0.0	-0.622524	-0.669227	-0.40570900000000004	0.0	2.46883	1.60079	0.230756	0.35936399999999996	
3	-0.360302	0.197082	0.9117790000000001	0.0	-0.931959	-0.118425	-0.34267800000000004	0.0	0.0404417	-0.973208	0.226341	0.0	-1.81795	-3.27662	-2.0924	0.276244	-0.536205	0.7420399999999999	-0.40231999999999996	0.0	0.569932	-0.0333019	-0.821017	0.0	-0.622625	-0.669528	-0.40505599999999997	0.0	2.46653	1.60515	0.23403200000000002	0.35951900000000003	
3	-0.370489	0.0860749	0.92484	0.0	-0.9284110000000001	-0.0644646	-0.365919	0.0	0.028122900000000003	-0.994201	0.103796	0.0	-1.81588	-2.95701	-2.2639099999999996	0.251617	-0.5342020000000001	0.743075	-0.403073	0.0	0.570367	-0.035105300000000006	-0.8206389999999999	0.0	-0.623946	-0.668287	-0.405072	0.0	2.46652	1.60117	0.230845	0.35926199999999997	
3	-0.364466	0.0721755	0.928415	0.0	-0.931168	-0.0180632	-0.364142	0.0	-0.00951192	-0.9972280000000001	0.073791	0.0	-1.88657	-2.72435	-2.43275	0.242941	-0.531352	0.744699	-0.40384200000000003	0.0	0.5696939999999999	-0.038706	-0.820945	0.0	-0.626988	-0.666277	-0.403684	0.0	2.4414700000000003	1.59955	0.233123	0.359575	
3	-0.417545	0.111634	0.9017729999999999	0.0	-0.9081610000000001	-0.018519	-0.41821099999999994	0.0	-0.0299866	-0.993577	0.10911400000000002	0.0	-1.94565	-2.74526	-2.47324	0.245536	-0.530404	0.745031	-0.404476	0.0	0.568471	-0.0413725	-0.8216629999999999	0.0	-0.628899	-0.665745	-0.401584	0.0	2.42467	1.59798	0.232044	0.359604	
3	-0.439751	0.142969	0.886667	0.0	-0.897482	-0.032756099999999996	-0.439833	0.0	-0.0338388	-0.989185	0.142717	0.0	-1.95175	-2.88335	-2.4156400000000002	0.244211	-0.532028	0.743807	-0.404597	0.0	0.5687909999999999	-0.040019900000000004	-0.821508	0.0	-0.627235	-0.667196	-0.401779	0.0	2.41443	1.60094	0.243524	0.359529	
3	-0.45543500000000003	0.175862	0.872726	0.0	-0.887762	-0.0161955	-0.46001800000000004	0.0	-0.0667654	-0.984282	0.163499	0.0	-1.97721	-3.02399	-2.3614	0.24443600000000001	-0.533496	0.743315	-0.403566	0.0	0.568083	-0.0385955	-0.822066	0.0	-0.626629	-0.667828	-0.401674	0.0	2.41332	1.6059299999999999	0.253197	0.359618	
3	-0.44516700000000003	0.193572	0.874275	0.0	-0.891983	-0.0100538	-0.451957	0.0	-0.0786966	-0.981035	0.17713800000000002	0.0	-2.04281	-3.12393	-2.32858	0.254931	-0.534405	0.7427239999999999	-0.403451	0.0	0.56875	-0.037109300000000005	-0.821673	0.0	-0.6252479999999999	-0.668569	-0.402593	0.0	2.4205099999999997	1.60006	0.245133	0.359437	
3	-0.42801999999999996	0.210385	0.878941	0.0	-0.899351	-0.00309569	-0.437217	0.0	-0.089263	-0.977614	0.19053499999999998	0.0	-2.1021099999999997	-3.1558200000000003	-2.28925	0.253234	-0.534373	0.743017	-0.402954	0.0	0.5685	-0.0368505	-0.821858	0.0	-0.6255029999999999	-0.668258	-0.402713	0.0	2.4290000000000003	1.59946	0.241123	0.359575	
3	-0.406901	0.24345100000000003	0.880434	0.0	-0.9075549999999999	0.00178933	-0.41993	0.0	-0.103808	-0.9699120000000001	0.220217	0.0	-2.15638	-3.17939	-2.20187	0.250581	-0.533359	0.74411	-0.40228	0.0	0.568625	-0.0366935	-0.8217780000000001	0.0	-0.626254	-0.667049	-0.403549	0.0	2.43151	1.60589	0.24000100000000002	0.359535	
3	-0.401937	0.253151	0.879978	0.0	-0.910257	-0.00614512	-0.413999	0.0	-0.09939680000000001	-0.967407	0.232902	0.0	-2.23201	-3.1978299999999997	-2.1206	0.250368	-0.5324369999999999	0.745263	-0.401366	0.0	0.568394	-0.0365857	-0.821943	0.0	-0.6272479999999999	-0.665767	-0.404123	0.0	2.4264900000000003	1.6024100000000001	0.23706999999999998	0.359552	
3	-0.391561	0.26538	0.8810530000000001	0.0	-0.9136709999999999	0.00131917	-0.406454	0.0	-0.109027	-0.9641430000000001	0.24195300000000003	0.0	-2.2576099999999997	-3.2197299999999998	-2.09131	0.251332	-0.532168	0.7455609999999999	-0.401169	0.0	0.567487	-0.0375216	-0.822527	0.0	-0.628297	-0.665381	-0.40312800000000004	0.0	2.41908	1.6029	0.240274	0.359455	
3	-0.38047600000000004	0.273807	0.8833280000000001	0.0	-0.9180950000000001	0.00290126	-0.39635	0.0	-0.11108599999999999	-0.96178	0.250276	0.0	-2.29671	-3.21747	-2.03305	0.25032	-0.533253	0.744721	-0.401287	0.0	0.56779	-0.03656040000000001	-0.822362	0.0	-0.627101	-0.666373	-0.40334899999999996	0.0	2.4150400000000003	1.60181	0.23915100000000003	0.359338	
3	-0.376432	0.269463	0.886391	0.0	-0.920321	0.00105441	-0.391162	0.0	-0.10633800000000002	-0.96301	0.247596	0.0	-2.3123400000000003	-3.20696	-2.0131099999999997	0.252012	-0.5345489999999999	0.74317	-0.402437	0.0	0.568749	-0.035885900000000005	-0.821728	0.0	-0.625125	-0.66814	-0.403494	0.0	2.41785	1.60008	0.24299099999999998	0.35948800000000003	
3	-0.387675	0.28544200000000003	0.8764879999999999	0.0	-0.9150440000000001	-0.00429493	-0.40333	0.0	-0.11136300000000002	-0.9583860000000001	0.262857	0.0	-2.31458	-3.20824	-2.00832	0.23946199999999998	-0.53476	0.7422880000000001	-0.403783	0.0	0.569873	-0.03602059999999999	-0.820943	0.0	-0.6239210000000001	-0.669112	-0.40374699999999997	0.0	2.43296	1.60053	0.251724	0.359423	
3	-0.41237399999999996	0.269489	0.870243	0.0	-0.9079020000000001	-0.042675	-0.417004	0.0	-0.0752406	-0.9620569999999999	0.262268	0.0	-2.26201	-3.24303	-2.04117	0.22382	-0.535091	0.741262	-0.405227	0.0	0.5707770000000001	-0.0364102	-0.820298	0.0	-0.6228100000000001	-0.6702279999999999	-0.40361199999999997	0.0	2.45133	1.5999	0.259449	0.359478	
3	-0.39824499999999996	0.228298	0.888415	0.0	-0.916984	-0.07451669999999999	-0.391903	0.0	-0.023269	-0.970735	0.23902199999999998	0.0	-2.18455	-3.2720700000000003	-2.07007	0.23518699999999998	-0.5347689999999999	0.741058	-0.406024	0.0	0.571425	-0.036825199999999995	-0.8198280000000001	0.0	-0.622492	-0.67043	-0.40376599999999996	0.0	2.458	1.60184	0.263361	0.359311	
3	-0.396965	0.198925	0.896018	0.0	-0.9177209999999999	-0.10134	-0.38408200000000003	0.0	0.014399	-0.9747610000000001	0.222786	0.0	-2.07503	-3.29673	-2.08177	0.241898	-0.53432	0.741272	-0.406224	0.0	0.571524	-0.037262800000000006	-0.819739	0.0	-0.622787	-0.6701699999999999	-0.403744	0.0	2.45933	1.60327	0.26398499999999997	0.359308	
3	-0.388651	0.19081800000000002	0.90141	0.0	-0.920991	-0.109081	-0.37400300000000003	0.0	0.026960400000000006	-0.9755459999999999	0.21813600000000002	0.0	-2.0034400000000003	-3.3103300000000004	-2.06128	0.25362199999999996	-0.534617	0.741034	-0.40626799999999996	0.0	0.571417	-0.0372124	-0.819816	0.0	-0.622629	-0.6704359999999999	-0.403545	0.0	2.46005	1.6014	0.262314	0.35938400000000004	
3	-0.388648	0.194303	0.900666	0.0	-0.9204450000000001	-0.126039	-0.36999299999999996	0.0	0.041628	-0.9728110000000001	0.227829	0.0	-1.9436200000000001	-3.3368599999999997	-2.07481	0.251207	-0.5349189999999999	0.740174	-0.407437	0.0	0.571782	-0.0378968	-0.81953	0.0	-0.622035	-0.671347	-0.402946	0.0	2.46164	1.59964	0.252711	0.35942199999999996	
3	-0.389788	0.217797	0.8947790000000001	0.0	-0.9200790000000001	-0.133229	-0.36838000000000004	0.0	0.0389778	-0.966858	0.252322	0.0	-1.90283	-3.3687199999999997	-2.09049	0.227048	-0.534682	0.73866	-0.410484	0.0	0.573292	-0.039806699999999993	-0.818383	0.0	-0.620847	-0.672902	-0.40218400000000004	0.0	2.46196	1.59776	0.25082899999999997	0.35936	
3	-0.390139	0.227219	0.89228	0.0	-0.91909	-0.15437599999999999	-0.36255	0.0	0.0553684	-0.9615299999999999	0.26906199999999997	0.0	-1.8948200000000002	-3.38079	-2.09122	0.216063	-0.535714	0.736386	-0.413214	0.0	0.573505	-0.0418651	-0.818131	0.0	-0.6197600000000001	-0.675265	-0.399894	0.0	2.4655099999999996	1.60117	0.254772	0.35939699999999997	
3	-0.374164	0.21619699999999997	0.90181	0.0	-0.921989	-0.19125999999999999	-0.33668400000000004	0.0	0.0996901	-0.957433	0.270893	0.0	-1.9236	-3.37946	-2.09572	0.219627	-0.535989	0.73674	-0.412225	0.0	0.576083	-0.0377551	-0.816519	0.0	-0.6171260000000001	-0.675121	-0.404188	0.0	2.46789	1.60131	0.262929	0.359272	
3	-0.264588	0.05940790000000001	0.9625299999999999	0.0	-0.9531639999999999	-0.167768	-0.251658	0.0	0.146531	-0.984035	0.101015	0.0	-2.04746	-3.08529	-2.21687	0.252751	-0.534543	0.7390979999999999	-0.409876	0.0	0.576915	-0.035299699999999996	-0.816041	0.0	-0.617603	-0.672672	-0.407528	0.0	2.48527	1.6047	0.254616	0.359313	
3	-0.154306	-0.230185	0.960836	0.0	-0.9438139999999999	-0.253305	-0.212256	0.0	0.292243	-0.939602	-0.17816500000000002	0.0	-2.17372	-2.45768	-2.6055099999999998	0.31549699999999997	-0.5324409999999999	0.740668	-0.40977700000000006	0.0	0.576959	-0.036671300000000004	-0.81595	0.0	-0.619375	-0.6708689999999999	-0.40781	0.0	2.48853	1.60017	0.250637	0.35929	
3	-0.0371696	-0.502483	0.8637879999999999	0.0	-0.737455	-0.569529	-0.36304000000000003	0.0	0.674373	-0.6504989999999999	-0.34939000000000003	0.0	-2.43748	-1.5692	-3.3966800000000004	0.34368899999999997	-0.528045	0.744775	-0.408018	0.0	0.575259	-0.0397301	-0.817006	0.0	-0.624696	-0.666132	-0.407459	0.0	2.475	1.6007	0.247709	0.359444	
3	-0.279459	-0.568283	0.7739229999999999	0.0	-0.8775139999999999	-0.175988	-0.44609099999999996	0.0	0.389707	-0.803793	-0.449495	0.0	-3.07861	-1.4747	-3.6795699999999996	0.34233800000000003	-0.524745	0.748587	-0.40529	0.0	0.5720109999999999	-0.0425209	-0.8191430000000001	0.0	-0.630433	-0.661672	-0.405888	0.0	2.4443900000000003	1.60141	0.24377800000000002	0.359613	
3	-0.348875	-0.536894	0.768135	0.0	-0.9017850000000001	-0.030774400000000004	-0.431087	0.0	0.255087	-0.843088	-0.47342700000000004	0.0	-3.48883	-1.54326	-3.76875	0.326191	-0.523795	0.7497010000000001	-0.404459	0.0	0.57118	-0.043149900000000005	-0.8196899999999999	0.0	-0.631975	-0.6603680000000001	-0.405613	0.0	2.43036	1.5998299999999999	0.243252	0.359674	
3	-0.359237	-0.518386	0.776031	0.0	-0.91327	0.0241463	-0.406638	0.0	0.192057	-0.854806	-0.482101	0.0	-4.17886	-1.58733	-3.86694	0.315785	-0.522345	0.751382	-0.403213	0.0	0.569892	-0.0441452	-0.820533	0.0	-0.6343340000000001	-0.658389	-0.405148	0.0	2.40766	1.59521	0.24500999999999998	0.359887	
3	-0.31249499999999997	-0.44102399999999997	0.841335	0.0	-0.920335	-0.07875410000000001	-0.38311999999999996	0.0	0.235224	-0.894033	-0.38128	0.0	-4.43774	-1.7963799999999999	-3.77339	0.315371	-0.521041	0.750754	-0.406061	0.0	0.571438	-0.0465568	-0.8193239999999999	0.0	-0.634015	-0.65894	-0.404752	0.0	2.3990400000000003	1.59219	0.24417199999999997	0.359809	
3	-0.5954699999999999	-0.25537600000000005	0.7617079999999999	0.0	-0.772968	-0.0762703	-0.629844	0.0	0.218942	-0.963829	-0.151981	0.0	-4.43445	-2.2476	-3.4178900000000003	0.317914	-0.521207	0.747624	-0.41158500000000003	0.0	0.5732	-0.05063959999999999	-0.81785	0.0	-0.632286	-0.662189	-0.402144	0.0	2.39338	1.60239	0.27170300000000003	0.35980999999999996	
3	-0.674624	-0.21846300000000002	0.7050930000000001	0.0	-0.701867	-0.105992	-0.704378	0.0	0.228615	-0.9700719999999999	-0.0818269	0.0	-4.41225	-2.41664	-3.2783599999999997	0.318558	-0.522374	0.746167	-0.41274799999999995	0.0	0.574056	-0.0502	-0.817276	0.0	-0.630544	-0.663864	-0.402118	0.0	2.39166	1.60551	0.282059	0.359819	
3	-0.7154699999999999	-0.209366	0.666535	0.0	-0.654039	-0.134712	-0.74437	0.0	0.24563600000000002	-0.968514	-0.0405514	0.0	-4.32364	-2.63463	-3.04283	0.320567	-0.523188	0.745149	-0.413555	0.0	0.5758949999999999	-0.0485709	-0.81608	0.0	-0.6281869999999999	-0.6651279999999999	-0.40371599999999996	0.0	2.4064099999999997	1.60761	0.289019	0.359834	
3	-0.706527	-0.20958400000000002	0.67594	0.0	-0.656435	-0.162777	-0.736611	0.0	0.264409	-0.964146	-0.0225717	0.0	-4.28441	-2.68118	-2.99241	0.323395	-0.522893	0.746057	-0.412289	0.0	0.575964	-0.04731919999999999	-0.816104	0.0	-0.628369	-0.664199	-0.404959	0.0	2.40711	1.60695	0.28873000000000004	0.35972	
3	-0.6838890000000001	-0.217446	0.696429	0.0	-0.658158	-0.22805100000000003	-0.717511	0.0	0.314841	-0.949058	0.0128475	0.0	-4.05781	-2.76058	-2.82634	0.323049	-0.520292	0.749193	-0.409887	0.0	0.574353	-0.0482174	-0.817187	0.0	-0.631994	-0.6605949999999999	-0.40521399999999996	0.0	2.4070400000000003	1.6044200000000002	0.275787	0.35986999999999997	
3	-0.681845	-0.22200999999999999	0.696993	0.0	-0.652458	-0.246229	-0.716708	0.0	0.33073600000000003	-0.943442	0.0230377	0.0	-3.95928	-2.77474	-2.7862400000000003	0.322171	-0.519221	0.75033	-0.40916199999999997	0.0	0.5730609999999999	-0.04951969999999999	-0.818016	0.0	-0.634043	-0.6592060000000001	-0.404273	0.0	2.39983	1.60107	0.267899	0.359937	
3	-0.664027	-0.241486	0.707639	0.0	-0.648054	-0.28618899999999997	-0.705778	0.0	0.372954	-0.9272440000000001	0.033541	0.0	-3.6518599999999997	-2.8242	-2.73398	0.32119899999999996	-0.518135	0.75121	-0.408925	0.0	0.57201	-0.051104500000000004	-0.818654	0.0	-0.635879	-0.658082	-0.403221	0.0	2.3982099999999997	1.59815	0.251116	0.359955	
3	-0.6622560000000001	-0.244783	0.708166	0.0	-0.6509149999999999	-0.28017	-0.7055600000000001	0.0	0.371116	-0.928217	0.026211200000000004	0.0	-3.52051	-2.83811	-2.7332	0.32058000000000003	-0.5192220000000001	0.7503029999999999	-0.409211	0.0	0.5735819999999999	-0.0490296	-0.817679	0.0	-0.633571	-0.659274	-0.404903	0.0	2.39515	1.60189	0.24910900000000002	0.35999699999999996	
3	-0.65888	-0.240556	0.7127479999999999	0.0	-0.643788	-0.309795	-0.699689	0.0	0.38911999999999997	-0.919869	0.0492511	0.0	-3.3452800000000003	-2.9028099999999997	-2.7222	0.312675	-0.520101	0.7497699999999999	-0.409073	0.0	0.575852	-0.045894599999999994	-0.816265	0.0	-0.630785	-0.6601060000000001	-0.407887	0.0	2.39393	1.6002100000000001	0.248244	0.359744	
3	-0.678315	-0.22204899999999997	0.700416	0.0	-0.630644	-0.31324	-0.7100489999999999	0.0	0.377064	-0.92335	0.0724412	0.0	-3.3275	-2.90283	-2.74373	0.310164	-0.521947	0.747713	-0.410484	0.0	0.577362	-0.0445413	-0.8152729999999999	0.0	-0.6278729999999999	-0.6625270000000001	-0.408453	0.0	2.40341	1.60075	0.251178	0.35985300000000003	
3	-0.723217	-0.179142	0.666983	0.0	-0.607436	-0.29452	-0.737753	0.0	0.328602	-0.9387049999999999	0.10418399999999998	0.0	-3.2769	-2.89675	-2.7800700000000003	0.306789	-0.5227470000000001	0.746505	-0.411662	0.0	0.579055	-0.0434656	-0.814129	0.0	-0.625645	-0.663958	-0.409546	0.0	2.4224099999999997	1.60352	0.25085999999999997	0.359804	
3	-0.7504430000000001	-0.14751	0.6442640000000001	0.0	-0.594935	-0.27385	-0.755684	0.0	0.287903	-0.950393	0.11775	0.0	-3.23642	-2.93929	-2.78727	0.294978	-0.52145	0.747073	-0.41227600000000003	0.0	0.580383	-0.0436526	-0.8131729999999999	0.0	-0.6254970000000001	-0.663307	-0.410826	0.0	2.44141	1.60214	0.244272	0.359637	
