3	-0.323536	0.678584	-0.659431	0.0	0.133075	0.722619	0.678316	0.0	0.9368110000000001	0.131706	-0.32409499999999997	0.0	-2.79737	2.18247	1.3773600000000001	-0.00034523	0.114227	0.9522639999999999	-0.2831	0.0	0.20531999999999997	-0.301442	-0.9311159999999999	0.0	-0.9720059999999999	0.048232300000000006	-0.229952	0.0	2.94239	2.36726	1.1263100000000001	0.0	
3	-0.323536	0.678584	-0.659431	0.0	0.133075	0.722619	0.678316	0.0	0.9368110000000001	0.131706	-0.32409499999999997	0.0	-2.79737	2.18247	1.3773600000000001	-0.00034523	0.114227	0.9522639999999999	-0.2831	0.0	0.20531999999999997	-0.301442	-0.9311159999999999	0.0	-0.9720059999999999	0.048232300000000006	-0.229952	0.0	2.94239	2.36726	1.1263100000000001	0.0	
3	-0.386738	0.678506	-0.624551	0.0	0.101963	0.7045560000000001	0.702285	0.0	0.916535	0.207919	-0.341661	0.0	-2.7131	2.3557099999999997	1.35327	0.0	0.190207	0.94073	-0.2808	0.0	0.221129	-0.31972399999999995	-0.9213459999999999	0.0	-0.956516	0.113153	-0.268837	0.0	2.9718	2.65639	0.989009	0.0	
3	-0.38014899999999996	0.8381709999999999	-0.391097	0.0	0.225766	0.49413900000000005	0.839557	0.0	0.896948	0.23085999999999998	-0.377077	0.0	-2.68801	2.59789	1.29608	0.354771	0.242579	0.937135	-0.250865	0.0	0.237508	-0.30808800000000003	-0.921234	0.0	-0.940609	0.16389	-0.29731199999999997	0.0	3.01324	2.9621	0.99536	0.370756	
3	-0.238128	0.843002	-0.48233100000000007	0.0	0.23093200000000003	0.531519	0.814959	0.0	0.9433799999999999	0.0826783	-0.321246	0.0	-2.62942	2.52257	1.42372	0.232506	0.178274	0.9299149999999999	-0.321677	0.0	0.19886800000000002	-0.354218	-0.913773	0.0	-0.963675	0.0989307	-0.24807800000000002	0.0	2.8666400000000003	2.97835	1.13581	0.102073	
3	-0.23661500000000002	0.801588	-0.549063	0.0	0.201071	0.593275	0.7794840000000001	0.0	0.95057	0.0740373	-0.301554	0.0	-2.62785	2.37315	1.52253	0.0	0.235992	0.8799620000000001	-0.41228000000000004	0.0	0.181275	-0.45668000000000003	-0.870967	0.0	-0.9546979999999999	0.130805	-0.267288	0.0	2.95012	3.01848	1.16201	0.0	
3	-0.302225	0.771724	-0.559555	0.0	0.152527	0.6185930000000001	0.7707649999999999	0.0	0.9409540000000001	0.147597	-0.304663	0.0	-2.65089	2.4081599999999996	1.50393	0.0	0.258746	0.861567	-0.43675200000000003	0.0	0.151502	-0.48275100000000004	-0.862553	0.0	-0.95399	0.157013	-0.25543899999999997	0.0	2.99732	3.07234	1.19223	0.0	
3	-0.31205900000000003	0.8515370000000001	-0.42131199999999996	0.0	0.20817800000000003	0.493968	0.844191	0.0	0.926974	0.17573	-0.331418	0.0	-2.70719	2.55638	1.45403	0.31854	0.244966	0.923866	-0.294047	0.0	0.202752	-0.34539699999999995	-0.916293	0.0	-0.948095	0.16484200000000002	-0.271926	0.0	3.0441599999999998	3.14137	1.1316899999999999	0.362236	
3	-0.268925	0.893106	-0.360613	0.0	0.23416599999999999	0.42379799999999995	0.8749629999999999	0.0	0.934262	0.150856	-0.32310500000000003	0.0	-2.6797299999999997	2.55363	1.416	0.34862600000000005	0.201674	0.950758	-0.235344	0.0	0.241562	-0.281141	-0.928767	0.0	-0.949197	0.130458	-0.286366	0.0	2.9849200000000002	3.0794	1.06726	0.360094	
3	-0.23873200000000003	0.914819	-0.32574899999999996	0.0	0.23432600000000003	0.379805	0.8948959999999999	0.0	0.94239	0.137309	-0.30503800000000003	0.0	-2.65683	2.46234	1.41275	0.348589	0.15970299999999998	0.9503790000000001	-0.266975	0.0	0.23926	-0.299647	-0.9235620000000001	0.0	-0.9577319999999999	0.0836188	-0.275242	0.0	2.94696	3.00272	1.09334	0.358387	
3	-0.170253	0.909898	-0.378285	0.0	0.216058	0.409018	0.8865799999999999	0.0	0.9614219999999999	0.06921110000000001	-0.266227	0.0	-2.63707	2.314	1.48333	0.337904	0.12005299999999999	0.923583	-0.364118	0.0	0.231424	-0.382701	-0.894418	0.0	-0.965417	0.0231119	-0.259684	0.0	2.87834	2.92348	1.1719700000000002	0.329175	
3	-0.100918	0.91605	-0.38816	0.0	0.18798800000000002	0.400681	0.896725	0.0	0.976973	0.0175261	-0.212642	0.0	-2.56148	2.13626	1.58388	-0.010881	0.0401327	0.9244049999999999	-0.379294	0.0	0.250877	-0.376762	-0.89169	0.0	-0.9671870000000001	-0.0593703	-0.247033	0.0	2.81095	2.76607	1.25675	0.102973	
3	-0.12925899999999999	0.9013200000000001	-0.413418	0.0	0.1898	0.431695	0.881825	0.0	0.9732770000000001	0.0355168	-0.22687100000000002	0.0	-2.6231299999999997	2.10276	1.59102	0.0	0.030571299999999996	0.9307559999999999	-0.364361	0.0	0.261602	-0.35927600000000004	-0.895816	0.0	-0.964692	-0.06793110000000001	-0.254471	0.0	2.8277400000000004	2.6796900000000003	1.2225	0.00581258	
3	-0.189855	0.8858950000000001	-0.423255	0.0	0.145178	0.45168800000000003	0.880285	0.0	0.9710190000000001	0.105679	-0.21436799999999998	0.0	-2.62459	2.13785	1.5609	0.0	0.0610241	0.9482229999999999	-0.311688	0.0	0.196007	-0.31757399999999997	-0.9277540000000001	0.0	-0.9787020000000001	-0.00447771	-0.205238	0.0	2.8576599999999996	2.61355	1.16224	0.154505	
3	-0.255286	0.864447	-0.433083	0.0	0.12953199999999998	0.47446499999999997	0.870692	0.0	0.95815	0.166177	-0.233098	0.0	-2.62296	2.20633	1.52383	0.13042	0.08941210000000001	0.9550559999999999	-0.282618	0.0	0.17386500000000002	-0.294365	-0.939745	0.0	-0.9807020000000001	0.0348873	-0.19237100000000001	0.0	2.87317	2.60679	1.12028	0.342398	
3	-0.31327	0.834058	-0.454103	0.0	0.08105060000000001	0.499909	0.8622770000000001	0.0	0.946199	0.233321	-0.224208	0.0	-2.57488	2.28377	1.51381	0.325639	0.10966300000000001	0.9494090000000001	-0.294272	0.0	0.13829	-0.307752	-0.941363	0.0	-0.984302	0.0625381	-0.165043	0.0	2.81567	2.60227	1.1352799999999998	0.356827	
3	-0.340105	0.8545809999999999	-0.392453	0.0	0.0805029	0.442258	0.8932680000000001	0.0	0.9369360000000001	0.27221100000000004	-0.21921	0.0	-2.47287	2.33912	1.52556	0.350704	0.14541800000000002	0.948132	-0.28266399999999997	0.0	0.112175	-0.299659	-0.9474290000000001	0.0	-0.982991	0.10606600000000001	-0.14993299999999998	0.0	2.77389	2.63613	1.17285	0.362948	
3	-0.339779	0.866943	-0.364638	0.0	0.08018020000000001	0.41299399999999997	0.907198	0.0	0.9370809999999999	0.27901	-0.209839	0.0	-2.45743	2.37258	1.55231	0.349875	0.155772	0.944166	-0.290321	0.0	0.10666099999999999	-0.308267	-0.9453010000000001	0.0	-0.9820180000000001	0.11628599999999999	-0.148725	0.0	2.74408	2.68485	1.2002700000000002	0.362126	
3	-0.304371	0.8734780000000001	-0.37999299999999997	0.0	0.0885361	0.42313500000000004	0.901731	0.0	0.9484299999999999	0.24081799999999998	-0.206125	0.0	-2.50179	2.38147	1.56869	0.347412	0.14440899999999998	0.94755	-0.285124	0.0	0.0977683	-0.300398	-0.9487899999999999	0.0	-0.984676	0.10913800000000001	-0.136021	0.0	2.70308	2.71095	1.25557	0.359315	
3	-0.321696	0.829183	-0.457129	0.0	0.0813498	0.505212	0.859152	0.0	0.943342	0.239198	-0.229979	0.0	-2.53744	2.38654	1.54172	0.321261	0.06703719999999999	0.976059	-0.20692	0.0	0.14862	-0.21484099999999998	-0.965275	0.0	-0.98662	0.033957	-0.15946400000000002	0.0	2.6872700000000003	2.69581	1.28253	0.358149	
3	-0.33557800000000004	0.804347	-0.49032	0.0	0.0547191	0.5362680000000001	0.8422719999999999	0.0	0.940422	0.255818	-0.223973	0.0	-2.56658	2.37268	1.52661	0.244213	0.0315401	0.987967	-0.151416	0.0	0.188716	-0.15465299999999998	-0.969778	0.0	-0.981525	0.00201225	-0.191323	0.0	2.69685	2.65691	1.2490700000000001	0.35544000000000003	
3	-0.31200700000000003	0.79961	-0.513104	0.0	0.052620900000000005	0.553779	0.8309989999999999	0.0	0.948622	0.232277	-0.21485900000000002	0.0	-2.60371	2.32887	1.51481	0.23921599999999998	0.0153173	0.991524	-0.129022	0.0	0.198748	-0.12948099999999998	-0.97146	0.0	-0.979931	-0.0107624	-0.199046	0.0	2.71583	2.6025099999999997	1.19577	0.35480900000000004	
3	-0.249955	0.799034	-0.546871	0.0	0.0592689	0.5763659999999999	0.8150390000000001	0.0	0.966442	0.171311	-0.191423	0.0	-2.62051	2.21342	1.52629	0.245824	-0.08572089999999999	0.994612	-0.05829580000000001	0.0	0.22871100000000003	-0.037304500000000004	-0.9727790000000001	0.0	-0.9697129999999999	-0.0967205	-0.224281	0.0	2.71826	2.51605	1.1511200000000001	0.354039	
3	-0.177895	0.817933	-0.5471189999999999	0.0	0.0958735	0.5677479999999999	0.8176	0.0	0.979368	0.09299260000000001	-0.17941700000000002	0.0	-2.63633	2.0653200000000003	1.54598	0.25628	-0.18824000000000002	0.982092	-0.00784379	0.0	0.264924	0.0430847	-0.963307	0.0	-0.945717	-0.183411	-0.26829000000000003	0.0	2.68765	2.41331	1.0405799999999998	0.354367	
3	-0.0452984	0.8558290000000001	-0.5152720000000001	0.0	0.181611	0.514261	0.838184	0.0	0.9823270000000001	-0.0556107	-0.178723	0.0	-2.64689	1.8344799999999999	1.5353	0.25451	-0.371645	0.927009	0.0503454	0.0	0.27026700000000003	0.159914	-0.949412	0.0	-0.888164	-0.339237	-0.30997199999999997	0.0	2.63367	2.18975	0.834018	0.353983	
3	0.0634376	0.876566	-0.47708199999999995	0.0	0.241808	0.4503	0.859511	0.0	0.968248	-0.169888	-0.183394	0.0	-2.65783	1.61246	1.49195	0.253763	-0.485942	0.870301	0.08023330000000001	0.0	0.247256	0.22494499999999998	-0.942478	0.0	-0.8382870000000001	-0.438151	-0.324497	0.0	2.58974	1.9415	0.633279	0.357592	
3	0.188636	0.880166	-0.43557299999999993	0.0	0.301161	0.370317	0.8787299999999999	0.0	0.934729	-0.29693800000000004	-0.195217	0.0	-2.6954599999999997	1.39796	1.43777	0.259831	-0.531736	0.8425239999999999	0.0860858	0.0	0.200765	0.22414800000000001	-0.953652	0.0	-0.8227700000000001	-0.48980799999999997	-0.288337	0.0	2.54053	1.70855	0.48738100000000006	0.359772	
3	0.370618	0.857575	-0.356661	0.0	0.33371999999999996	0.235407	0.9128059999999999	0.0	0.8667600000000001	-0.45732700000000004	-0.198944	0.0	-2.76595	1.03026	1.3469799999999998	0.301279	-0.608577	0.7859649999999999	0.109053	0.0	0.147329	0.24696700000000002	-0.957759	0.0	-0.779697	-0.566804	-0.266094	0.0	2.45328	1.4172	0.331276	0.360628	
3	0.460165	0.831463	-0.311317	0.0	0.326348	0.167693	0.930256	0.0	0.825679	-0.529669	-0.19418	0.0	-2.83891	0.771706	1.26758	0.32513000000000003	-0.649989	0.750077	0.12205899999999999	0.0	0.0996388	0.24334499999999998	-0.964808	0.0	-0.753383	-0.614953	-0.232909	0.0	2.4124	1.18699	0.26172	0.360996	
3	0.486113	0.819533	-0.30341399999999996	0.0	0.318004	0.157505	0.9349149999999999	0.0	0.813983	-0.5509609999999999	-0.184049	0.0	-2.89419	0.646796	1.22692	0.334893	-0.653328	0.748317	0.114825	0.0	0.0816558	0.220435	-0.9719780000000001	0.0	-0.752659	-0.625644	-0.205121	0.0	2.36876	1.05203	0.257715	0.36109600000000003	
3	0.515138	0.783705	-0.347045	0.0	0.284914	0.225304	0.9316989999999999	0.0	0.8083670000000001	-0.5788310000000001	-0.107226	0.0	-2.98057	0.38154699999999997	1.21211	0.326639	-0.641521	0.7609020000000001	0.09736610000000001	0.0	0.057116999999999994	0.173954	-0.9830959999999999	0.0	-0.764977	-0.625115	-0.155056	0.0	2.19385	0.8456940000000001	0.359417	0.360838	
3	0.573941	0.733996	-0.3631	0.0	0.247135	0.26747600000000005	0.931333	0.0	0.7807149999999999	-0.624265	-0.0278807	0.0	-3.0108900000000003	0.18127200000000002	1.2818399999999999	0.311208	-0.642254	0.7609520000000001	0.0919891	0.0	0.057052	0.167139	-0.984281	0.0	-0.764366	-0.6269100000000001	-0.15075999999999998	0.0	2.13895	0.8391350000000001	0.39978600000000003	0.36098	
3	0.642688	0.6882149999999999	-0.336618	0.0	0.21758200000000003	0.257322	0.9415110000000001	0.0	0.734581	-0.6783399999999999	0.0156345	0.0	-3.04026	0.020626099999999998	1.29821	0.311801	-0.643796	0.760197	0.08733110000000001	0.0	0.058490499999999994	0.162684	-0.984943	0.0	-0.762958	-0.6289939999999999	-0.1492	0.0	2.12918	0.862791	0.42850900000000003	0.360846	
3	0.7224550000000001	0.609522	-0.326407	0.0	0.21759699999999998	0.247662	0.944095	0.0	0.656285	-0.753092	0.046294800000000004	0.0	-3.1383400000000004	-0.267935	1.17374	0.316156	-0.6453760000000001	0.7594569999999999	0.08195060000000001	0.0	0.061629899999999994	0.15870399999999998	-0.985401	0.0	-0.761375	-0.630903	-0.149229	0.0	2.13572	0.900853	0.447909	0.360991	
3	0.736395	0.5774590000000001	-0.352511	0.0	0.22997800000000002	0.276357	0.933133	0.0	0.636265	-0.768224	0.0707051	0.0	-3.17786	-0.381792	1.10563	0.316353	-0.646325	0.758889	0.0797012	0.0	0.0644391	0.158358	-0.9852770000000001	0.0	-0.760337	-0.6316729999999999	-0.151253	0.0	2.1400900000000003	0.910891	0.45063400000000003	0.361095	
3	0.768273	0.548824	-0.329467	0.0	0.215788	0.262517	0.9404889999999999	0.0	0.602654	-0.7936479999999999	0.0832551	0.0	-3.22317	-0.60845	0.8482729999999999	0.314406	-0.647509	0.7578699999999999	0.0797796	0.0	0.0706787	0.163963	-0.983931	0.0	-0.7587729999999999	-0.6314649999999999	-0.15973299999999999	0.0	2.14178	0.926575	0.45099300000000003	0.360692	
3	0.7708689999999999	0.55547	-0.311792	0.0	0.202293	0.250657	0.9467040000000001	0.0	0.604019	-0.792858	0.0808556	0.0	-3.20051	-0.663535	0.695418	0.311979	-0.648204	0.757328	0.07928550000000001	0.0	0.07247669999999999	0.16501	-0.983625	0.0	-0.7580100000000001	-0.631843	-0.161849	0.0	2.14152	0.930602	0.44686899999999996	0.36055	
3	0.771917	0.578001	-0.26468600000000003	0.0	0.191939	0.185025	0.963808	0.0	0.606055	-0.794783	0.0318831	0.0	-3.11148	-0.678412	0.139312	0.312027	-0.649864	0.7560439999999999	0.0779327	0.0	0.0776227	0.16802	-0.9827229999999999	0.0	-0.756076	-0.632587	-0.167876	0.0	2.14053	0.934592	0.442539	0.360052	
3	0.774096	0.584335	-0.243573	0.0	0.187336	0.156083	0.969816	0.0	0.604715	-0.796361	0.0113565	0.0	-3.07423	-0.662297	-0.0714578	0.312435	-0.648885	0.757105	0.075766	0.0	0.0796022	0.166577	-0.9828100000000001	0.0	-0.756711	-0.631699	-0.168357	0.0	2.14093	0.937217	0.44228500000000004	0.359792	
3	0.7963520000000001	0.560408	-0.22751999999999997	0.0	0.193929	0.119728	0.9736819999999999	0.0	0.5729	-0.819517	-0.013333700000000002	0.0	-2.94049	-0.713491	-0.553904	0.312716	-0.642705	0.762646	0.0728138	0.0	0.0837016	0.164375	-0.9828399999999999	0.0	-0.761528	-0.625581	-0.169479	0.0	2.1286400000000003	0.9492229999999999	0.44693299999999997	0.360485	
3	0.8095	0.5430149999999999	-0.22325799999999998	0.0	0.194688	0.11048	0.9746229999999999	0.0	0.553901	-0.8324239999999999	-0.0162851	0.0	-2.9156	-0.7788689999999999	-0.807715	0.316295	-0.64254	0.762683	0.07387719999999999	0.0	0.0845654	0.166406	-0.982424	0.0	-0.761572	-0.624999	-0.17141900000000002	0.0	2.12498	0.954923	0.449467	0.360404	
3	0.818156	0.52898	-0.22538899999999998	0.0	0.203703	0.0999099	0.9739209999999999	0.0	0.5377029999999999	-0.842733	-0.026012999999999998	0.0	-2.87259	-0.839525	-0.99366	0.333304	-0.643323	0.761921	0.0749135	0.0	0.08603229999999999	0.169175	-0.981824	0.0	-0.760746	-0.625185	-0.17438399999999998	0.0	2.12512	0.9633940000000001	0.44153400000000004	0.360182	
3	0.8321719999999999	0.498753	-0.24235399999999999	0.0	0.22165500000000002	0.10142899999999999	0.969836	0.0	0.5082899999999999	-0.8607889999999999	-0.026144999999999998	0.0	-2.86044	-0.9171469999999999	-1.1465	0.345009	-0.642845	0.762204	0.07613330000000001	0.0	0.0858969	0.170494	-0.981608	0.0	-0.761165	-0.624482	-0.175072	0.0	2.1248	0.9708030000000001	0.437695	0.360162	
3	0.8353450000000001	0.48251700000000003	-0.263392	0.0	0.223073	0.140381	0.964641	0.0	0.5024310000000001	-0.864563	0.00963005	0.0	-2.87927	-1.01591	-1.2456399999999999	0.345876	-0.641764	0.763004	0.0772261	0.0	0.085499	0.171255	-0.98151	0.0	-0.762121	-0.6232949999999999	-0.17514200000000002	0.0	2.12652	0.973366	0.429928	0.360051	
3	0.8373860000000001	0.478505	-0.264231	0.0	0.20735900000000002	0.16918	0.963525	0.0	0.505754	-0.861633	0.042446199999999996	0.0	-2.8675900000000003	-1.06808	-1.25367	0.34626599999999996	-0.641588	0.7631939999999999	0.0768028	0.0	0.0860283	0.171092	-0.981492	0.0	-0.76221	-0.623107	-0.175427	0.0	2.12805	0.9760629999999999	0.42802299999999993	0.359968	
3	0.852633	0.454952	-0.256974	0.0	0.171934	0.220131	0.960198	0.0	0.49341199999999996	-0.86288	0.10947	0.0	-2.83681	-1.17388	-1.27347	0.345912	-0.641885	0.762804	0.0781887	0.0	0.0847437	0.17191099999999998	-0.981461	0.0	-0.762104	-0.623359	-0.17499	0.0	2.1240900000000003	0.970937	0.42905200000000004	0.359822	
3	0.8563129999999999	0.448798	-0.25555700000000003	0.0	0.162471	0.23561100000000001	0.9581700000000001	0.0	0.490237	-0.862014	0.12884	0.0	-2.83547	-1.19648	-1.2724	0.34675100000000003	-0.6411939999999999	0.763359	0.0784431	0.0	0.0843505	0.171714	-0.9815290000000001	0.0	-0.762729	-0.622734	-0.174492	0.0	2.12348	0.9680790000000001	0.42844	0.359883	
3	0.868973	0.43683	-0.232519	0.0	0.0960664	0.312019	0.945207	0.0	0.48544499999999996	-0.8436969999999999	0.229171	0.0	-2.81664	-1.31131	-1.13571	0.346433	-0.63871	0.7656310000000001	0.076544	0.0	0.0848092	0.168923	-0.981974	0.0	-0.76476	-0.6207050000000001	-0.172825	0.0	2.12322	0.966199	0.4248	0.359716	
3	0.8712209999999999	0.43629700000000005	-0.224987	0.0	0.080059	0.325902	0.942008	0.0	0.48431899999999994	-0.838709	0.24900300000000003	0.0	-2.81299	-1.3282	-1.1203299999999998	0.3466	-0.6387689999999999	0.7655609999999999	0.07674149999999999	0.0	0.08466019999999999	0.169073	-0.9819610000000001	0.0	-0.764726	-0.62075	-0.172811	0.0	2.12393	0.968269	0.419274	0.359854	
3	0.8753549999999999	0.434508	-0.212027	0.0	0.059061699999999995	0.33915700000000004	0.938874	0.0	0.47985900000000004	-0.8343709999999999	0.27121999999999996	0.0	-2.80742	-1.35703	-1.0642	0.346724	-0.637622	0.766451	0.0774049	0.0	0.08440419999999998	0.169383	-0.981929	0.0	-0.765712	-0.619566	-0.17269400000000001	0.0	2.12456	0.9715530000000001	0.400219	0.359819	
3	0.881042	0.42918100000000003	-0.198916	0.0	0.042391399999999996	0.347182	0.936839	0.0	0.471134	-0.8338270000000001	0.287689	0.0	-2.80612	-1.3782299999999998	-1.02437	0.346893	-0.6374529999999999	0.766596	0.0773538	0.0	0.08403060000000001	0.168967	-0.982033	0.0	-0.765893	-0.6195	-0.172126	0.0	2.12051	0.972685	0.389706	0.35980100000000004	
3	0.8834719999999999	0.42725100000000005	-0.19218	0.0	0.0347645	0.34929699999999997	0.9363670000000001	0.0	0.467192	-0.833935	0.293741	0.0	-2.8084700000000002	-1.39796	-0.9735020000000001	0.346486	-0.637442	0.7667609999999999	0.0757992	0.0	0.0842564	0.167155	-0.982324	0.0	-0.765878	-0.619788	-0.171156	0.0	2.12016	0.9749479999999999	0.383233	0.359747	
3	0.887783	0.42578	-0.174792	0.0	0.0210704	0.341771	0.9395469999999999	0.0	0.459779	-0.8377969999999999	0.29444699999999996	0.0	-2.81905	-1.44763	-0.9862799999999999	0.346329	-0.639521	0.765219	0.07384389999999999	0.0	0.0843332	0.165304	-0.9826299999999999	0.0	-0.764134	-0.622185	-0.170249	0.0	2.1180000000000003	0.982168	0.413425	0.359883	
3	0.892367	0.421023	-0.162544	0.0	0.0139389	0.334277	0.942372	0.0	0.45109499999999997	-0.8432069999999999	0.292429	0.0	-2.83523	-1.4971299999999998	-1.01451	0.34634699999999996	-0.640502	0.764401	0.07381510000000001	0.0	0.08634510000000001	0.167191	-0.982136	0.0	-0.763087	-0.622687	-0.17308800000000002	0.0	2.1230599999999997	0.979943	0.42884099999999997	0.35978899999999997	
3	0.8947649999999999	0.41701000000000005	-0.159681	0.0	0.014431999999999999	0.330405	0.943729	0.0	0.446304	-0.84672	0.289617	0.0	-2.8690900000000004	-1.52734	-1.03856	0.34671	-0.641057	0.763817	0.0750265	0.0	0.08567489999999998	0.16836199999999998	-0.9819950000000001	0.0	-0.762696	-0.623087	-0.17337	0.0	2.12827	0.972994	0.42147399999999996	0.359467	
3	0.895776	0.41488500000000006	-0.159549	0.0	0.0145571	0.331363	0.943391	0.0	0.444267	-0.84739	0.29078699999999996	0.0	-2.89388	-1.53264	-1.0348	0.34684	-0.640892	0.764027	0.0743005	0.0	0.08651160000000001	0.16806400000000002	-0.981973	0.0	-0.762741	-0.6229100000000001	-0.173808	0.0	2.12767	0.96621	0.418926	0.359266	
3	0.8958379999999999	0.414667	-0.15976600000000002	0.0	0.014710299999999997	0.331656	0.9432860000000001	0.0	0.444137	-0.8473809999999999	0.29101	0.0	-2.89398	-1.53179	-1.03643	0.346893	-0.640901	0.764031	0.0741804	0.0	0.08649069999999999	0.16789600000000002	-0.9820030000000001	0.0	-0.762735	-0.622951	-0.17368599999999998	0.0	2.12735	0.9656399999999999	0.419706	0.359309	
3	0.8958379999999999	0.41466800000000004	-0.15976600000000002	0.0	0.0147102	0.33165500000000003	0.9432860000000001	0.0	0.44413800000000003	-0.8473809999999999	0.29101	0.0	-2.89398	-1.53179	-1.03643	0.346893	-0.640901	0.764031	0.0741805	0.0	0.08649069999999999	0.16789600000000002	-0.9820030000000001	0.0	-0.762735	-0.622951	-0.17368599999999998	0.0	2.12735	0.965641	0.419707	0.359309	
3	0.8958379999999999	0.41466800000000004	-0.15976600000000002	0.0	0.0147102	0.33165500000000003	0.9432860000000001	0.0	0.44413800000000003	-0.847382	0.29101	0.0	-2.89397	-1.53179	-1.03643	0.34689200000000003	-0.640901	0.764031	0.0741805	0.0	0.0864906	0.16789600000000002	-0.9820030000000001	0.0	-0.762735	-0.622951	-0.17368599999999998	0.0	2.12735	0.965641	0.419706	0.359309	
3	0.8958379999999999	0.41466800000000004	-0.15976600000000002	0.0	0.0147102	0.33165500000000003	0.9432860000000001	0.0	0.44413800000000003	-0.847382	0.29101	0.0	-2.89397	-1.53179	-1.03643	0.34689200000000003	-0.640901	0.764031	0.0741804	0.0	0.08649069999999999	0.16789500000000002	-0.9820030000000001	0.0	-0.762735	-0.622951	-0.17368599999999998	0.0	2.12735	0.965642	0.419707	0.359309	
3	0.8958379999999999	0.41466800000000004	-0.15976600000000002	0.0	0.0147102	0.33165500000000003	0.9432860000000001	0.0	0.44413800000000003	-0.8473809999999999	0.29101	0.0	-2.89397	-1.53179	-1.03643	0.346893	-0.640901	0.764031	0.0741805	0.0	0.0864906	0.16789600000000002	-0.9820030000000001	0.0	-0.762735	-0.622951	-0.17368599999999998	0.0	2.12735	0.965641	0.419706	0.359309	
3	0.8958379999999999	0.41466800000000004	-0.15976600000000002	0.0	0.0147102	0.33165500000000003	0.9432860000000001	0.0	0.44413800000000003	-0.8473809999999999	0.29101	0.0	-2.89397	-1.53179	-1.03643	0.346893	-0.640901	0.764031	0.0741804	0.0	0.08649069999999999	0.16789500000000002	-0.9820030000000001	0.0	-0.762735	-0.622951	-0.17368599999999998	0.0	2.12735	0.965641	0.419706	0.359309	
3	0.8958379999999999	0.41466800000000004	-0.15976600000000002	0.0	0.014710299999999997	0.33165500000000003	0.9432860000000001	0.0	0.44413800000000003	-0.8473809999999999	0.29101	0.0	-2.89398	-1.53179	-1.03643	0.346893	-0.640901	0.764031	0.0741805	0.0	0.0864906	0.16789600000000002	-0.9820030000000001	0.0	-0.762735	-0.622951	-0.17368599999999998	0.0	2.12735	0.965642	0.419707	0.359309	
3	0.8958379999999999	0.41466800000000004	-0.15976600000000002	0.0	0.014710299999999997	0.33165500000000003	0.9432860000000001	0.0	0.44413800000000003	-0.8473809999999999	0.29101	0.0	-2.89397	-1.53179	-1.03643	0.346893	-0.640901	0.764031	0.0741805	0.0	0.0864906	0.16789600000000002	-0.9820030000000001	0.0	-0.762735	-0.622951	-0.17368599999999998	0.0	2.12735	0.965641	0.419706	0.359309	
3	0.8958379999999999	0.41466800000000004	-0.15976600000000002	0.0	0.0147102	0.33165500000000003	0.9432860000000001	0.0	0.44413800000000003	-0.8473809999999999	0.29101	0.0	-2.89397	-1.53179	-1.03643	0.346893	-0.640901	0.764031	0.0741804	0.0	0.08649069999999999	0.16789500000000002	-0.9820030000000001	0.0	-0.762735	-0.622951	-0.17368599999999998	0.0	2.12735	0.965642	0.419707	0.359309	
3	0.8958379999999999	0.41466800000000004	-0.15976600000000002	0.0	0.0147102	0.33165500000000003	0.9432860000000001	0.0	0.44413800000000003	-0.8473809999999999	0.29101	0.0	-2.89397	-1.53179	-1.03643	0.346893	-0.640901	0.764031	0.0741804	0.0	0.08649069999999999	0.16789500000000002	-0.9820030000000001	0.0	-0.762735	-0.622951	-0.17368599999999998	0.0	2.12735	0.965641	0.419706	0.359309	
3	0.8958379999999999	0.41466800000000004	-0.15976600000000002	0.0	0.0147102	0.33165500000000003	0.9432860000000001	0.0	0.44413800000000003	-0.8473809999999999	0.29101	0.0	-2.89397	-1.53179	-1.03643	0.346893	-0.640901	0.764031	0.0741805	0.0	0.0864906	0.16789600000000002	-0.9820030000000001	0.0	-0.762735	-0.622951	-0.17368599999999998	0.0	2.12735	0.965641	0.419706	0.359309	
3	0.8958379999999999	0.41466800000000004	-0.15976600000000002	0.0	0.0147102	0.33165500000000003	0.9432860000000001	0.0	0.44413800000000003	-0.8473809999999999	0.29101	0.0	-2.89397	-1.53179	-1.03643	0.346893	-0.640901	0.764031	0.0741805	0.0	0.0864906	0.16789600000000002	-0.9820030000000001	0.0	-0.762735	-0.622951	-0.17368599999999998	0.0	2.12735	0.965642	0.419706	0.359309	
3	0.8958379999999999	0.41466800000000004	-0.15976600000000002	0.0	0.0147102	0.33165500000000003	0.9432860000000001	0.0	0.44413800000000003	-0.8473809999999999	0.29101	0.0	-2.89397	-1.53179	-1.03643	0.346893	-0.640901	0.764031	0.0741805	0.0	0.0864906	0.16789600000000002	-0.9820030000000001	0.0	-0.762735	-0.622951	-0.17368599999999998	0.0	2.12735	0.965642	0.419707	0.359309	
3	0.8958379999999999	0.41466800000000004	-0.15976600000000002	0.0	0.0147102	0.33165500000000003	0.9432860000000001	0.0	0.44413800000000003	-0.8473809999999999	0.29101	0.0	-2.89397	-1.53179	-1.03643	0.346893	-0.640901	0.764031	0.0741804	0.0	0.08649069999999999	0.16789500000000002	-0.9820030000000001	0.0	-0.762735	-0.622951	-0.17368599999999998	0.0	2.12735	0.965641	0.419707	0.359309	
3	0.8958379999999999	0.41466800000000004	-0.15976600000000002	0.0	0.0147102	0.33165500000000003	0.9432860000000001	0.0	0.44413800000000003	-0.8473809999999999	0.29101	0.0	-2.89397	-1.53179	-1.03643	0.346893	-0.640901	0.764031	0.0741805	0.0	0.0864905	0.16789600000000002	-0.9820030000000001	0.0	-0.762735	-0.622951	-0.17368599999999998	0.0	2.12735	0.965642	0.419706	0.359309	
3	0.8958379999999999	0.41466800000000004	-0.15976600000000002	0.0	0.0147102	0.33165500000000003	0.9432860000000001	0.0	0.44413800000000003	-0.8473809999999999	0.29101	0.0	-2.89397	-1.53179	-1.03643	0.346893	-0.640901	0.764031	0.0741805	0.0	0.0864906	0.16789600000000002	-0.9820030000000001	0.0	-0.762735	-0.622951	-0.17368599999999998	0.0	2.12735	0.965641	0.419707	0.359309	
3	0.8958379999999999	0.41466800000000004	-0.15976600000000002	0.0	0.0147102	0.33165500000000003	0.9432860000000001	0.0	0.44413800000000003	-0.8473809999999999	0.29101	0.0	-2.89397	-1.53179	-1.03643	0.346893	-0.640901	0.764031	0.0741804	0.0	0.08649069999999999	0.16789500000000002	-0.9820030000000001	0.0	-0.762735	-0.622951	-0.17368599999999998	0.0	2.12735	0.965641	0.419707	0.359309	
3	0.8958379999999999	0.41466800000000004	-0.15976600000000002	0.0	0.014710299999999997	0.33165500000000003	0.9432860000000001	0.0	0.44413800000000003	-0.8473809999999999	0.29101	0.0	-2.89397	-1.53179	-1.03643	0.346893	-0.640901	0.764031	0.0741805	0.0	0.0864906	0.16789600000000002	-0.9820030000000001	0.0	-0.762735	-0.622951	-0.17368599999999998	0.0	2.12735	0.965641	0.419707	0.359309	
3	0.8958379999999999	0.41466800000000004	-0.15976600000000002	0.0	0.0147102	0.33165500000000003	0.9432860000000001	0.0	0.44413800000000003	-0.8473809999999999	0.29101	0.0	-2.89397	-1.53179	-1.03643	0.346893	-0.640901	0.764031	0.0741805	0.0	0.0864906	0.16789500000000002	-0.9820030000000001	0.0	-0.762735	-0.622951	-0.17368599999999998	0.0	2.12735	0.9656399999999999	0.419706	0.359309	
3	0.8958379999999999	0.41466800000000004	-0.15976600000000002	0.0	0.0147102	0.33165500000000003	0.9432860000000001	0.0	0.44413800000000003	-0.8473809999999999	0.29101	0.0	-2.89397	-1.53179	-1.03643	0.346893	-0.640901	0.764031	0.0741805	0.0	0.0864906	0.16789600000000002	-0.9820030000000001	0.0	-0.762735	-0.622951	-0.17368599999999998	0.0	2.12735	0.965641	0.419706	0.359309	
3	0.8958379999999999	0.41466800000000004	-0.15976600000000002	0.0	0.0147102	0.33165500000000003	0.9432860000000001	0.0	0.44413800000000003	-0.8473809999999999	0.29101	0.0	-2.89397	-1.53179	-1.03643	0.346893	-0.640901	0.764031	0.0741805	0.0	0.0864906	0.16789600000000002	-0.9820030000000001	0.0	-0.762735	-0.622951	-0.17368599999999998	0.0	2.12735	0.965642	0.419706	0.359309	
3	0.8958379999999999	0.41466800000000004	-0.15976600000000002	0.0	0.0147102	0.33165500000000003	0.9432860000000001	0.0	0.44413800000000003	-0.8473809999999999	0.29101	0.0	-2.89397	-1.53179	-1.03643	0.346893	-0.640901	0.764031	0.0741804	0.0	0.08649069999999999	0.16789500000000002	-0.9820030000000001	0.0	-0.762735	-0.622951	-0.17368599999999998	0.0	2.1273400000000002	0.965641	0.419706	0.359309	
3	0.8958379999999999	0.41466800000000004	-0.15976600000000002	0.0	0.0147102	0.33165500000000003	0.9432860000000001	0.0	0.44413800000000003	-0.8473809999999999	0.29101	0.0	-2.89397	-1.53179	-1.03643	0.346893	-0.640901	0.764031	0.0741804	0.0	0.08649069999999999	0.16789500000000002	-0.9820030000000001	0.0	-0.762735	-0.622951	-0.17368599999999998	0.0	2.12735	0.965641	0.419707	0.359309	
3	0.29970399999999997	0.766938	-0.5674359999999999	0.0	0.19593	0.532619	0.823364	0.0	0.9336969999999999	-0.357943	0.00936216	0.0	-2.86363	-1.58336	-1.11158	0.352005	-0.541626	0.840418	-0.018394900000000002	0.0	0.177644	0.0930436	-0.9796860000000001	0.0	-0.821635	-0.533892	-0.19969	0.0	2.09953	0.9520709999999999	0.460525	0.359964	
3	0.0195405	0.809064	-0.587396	0.0	0.263687	0.5625359999999999	0.783596	0.0	0.96441	-0.1702	-0.202347	0.0	-2.85688	-1.7672	-1.00666	0.35077800000000003	-0.551936	0.8338209999999999	-0.0104551	0.0	0.17063499999999998	0.100659	-0.9801790000000001	0.0	-0.816242	-0.54278	-0.19783599999999998	0.0	2.10033	0.9471040000000001	0.467283	0.35991300000000004	
3	0.172378	0.8179609999999999	-0.54884	0.0	0.293295	0.489288	0.821325	0.0	0.9403530000000001	-0.30255	-0.15556099999999998	0.0	-2.80252	-1.9508299999999998	-0.974584	0.343298	-0.5517569999999999	0.833944	-0.010102700000000001	0.0	0.170237	0.100758	-0.9802379999999999	0.0	-0.816446	-0.542573	-0.197562	0.0	2.1007599999999997	0.945371	0.471711	0.360045	
3	0.26069899999999996	0.812716	-0.521084	0.0	0.297982	0.44565699999999997	0.8441549999999999	0.0	0.918283	-0.375344	-0.125993	0.0	-2.76634	-2.0468599999999997	-0.963303	0.34284000000000003	-0.551615	0.8340350000000001	-0.0103596	0.0	0.170817	0.100801	-0.980133	0.0	-0.816421	-0.542425	-0.198071	0.0	2.10137	0.943401	0.47223100000000007	0.360055	
3	0.425125	0.78063	-0.458133	0.0	0.277169	0.36956	0.886906	0.0	0.8616530000000001	-0.504026	-0.0592576	0.0	-2.6992599999999998	-2.3609400000000003	-1.0115299999999998	0.343442	-0.550883	0.8345040000000001	-0.011481100000000001	0.0	0.170496	0.09906160000000001	-0.980366	0.0	-0.816982	-0.542024	-0.196851	0.0	2.10215	0.947044	0.475311	0.359984	
3	0.49362	0.7607430000000001	-0.421436	0.0	0.252779	0.338165	0.9065030000000001	0.0	0.832131	-0.553999	-0.0253752	0.0	-2.65043	-2.55755	-1.1332	0.34526599999999996	-0.5512050000000001	0.834276	-0.012518399999999999	0.0	0.17035799999999998	0.0978426	-0.980513	0.0	-0.816793	-0.542596	-0.19605699999999998	0.0	2.10068	0.9493440000000001	0.477555	0.35992199999999996	
3	0.56139	0.7316189999999999	-0.386748	0.0	0.220691	0.31805900000000004	0.922027	0.0	0.797582	-0.602969	0.0170935	0.0	-2.60561	-2.75565	-1.20941	0.34624	-0.55157	0.8340190000000001	-0.013518200000000001	0.0	0.170189	0.09665750000000001	-0.9806600000000001	0.0	-0.8165819999999999	-0.543203	-0.19525399999999998	0.0	2.10163	0.950217	0.487571	0.359921	
3	0.588843	0.718635	-0.369902	0.0	0.20564699999999997	0.309386	0.928434	0.0	0.781647	-0.622772	0.0343944	0.0	-2.5975099999999998	-2.8426299999999998	-1.27544	0.34600000000000003	-0.551974	0.8337399999999999	-0.0142162	0.0	0.170521	0.0961717	-0.98065	0.0	-0.81624	-0.543717	-0.19525499999999998	0.0	2.10142	0.949882	0.494961	0.35999200000000003	
3	0.6967760000000001	0.648129	-0.307298	0.0	0.18996300000000002	0.246381	0.9503739999999999	0.0	0.6916770000000001	-0.7205729999999999	0.0485522	0.0	-2.59708	-2.9940700000000002	-1.4253799999999999	0.349043	-0.552796	0.8332209999999999	-0.0126155	0.0	0.170124	0.0980216	-0.980535	0.0	-0.815766	-0.5441819999999999	-0.195937	0.0	2.10173	0.9464020000000001	0.506754	0.360008	
3	0.742203	0.6093649999999999	-0.278943	0.0	0.17916600000000002	0.22065500000000002	0.9587549999999999	0.0	0.645781	-0.761568	0.054593499999999996	0.0	-2.6178	-3.07101	-1.50101	0.34979499999999997	-0.553002	0.8330799999999999	-0.0129422	0.0	0.17052	0.09795989999999999	-0.9804729999999999	0.0	-0.8155439999999999	-0.5444100000000001	-0.196229	0.0	2.10411	0.9458030000000001	0.503067	0.36004899999999995	
3	0.8358549999999999	0.48627299999999996	-0.25472399999999995	0.0	0.165428	0.21932100000000002	0.961526	0.0	0.5234300000000001	-0.845835	0.102877	0.0	-2.67577	-3.33596	-1.6784	0.350092	-0.55274	0.8332069999999999	-0.015621000000000001	0.0	0.17028800000000002	0.0945779	-0.9808450000000001	0.0	-0.81577	-0.544812	-0.194162	0.0	2.1071299999999997	0.950426	0.489252	0.360078	
3	0.8720110000000001	0.420414	-0.250698	0.0	0.18048499999999998	0.199918	0.963046	0.0	0.45499700000000004	-0.885034	0.0984526	0.0	-2.7035099999999996	-3.45385	-1.7954900000000003	0.349101	-0.553288	0.83281	-0.017312900000000003	0.0	0.17085	0.0931153	-0.9808870000000001	0.0	-0.815281	-0.545671	-0.193806	0.0	2.1073	0.949893	0.494487	0.36009	
3	0.8758530000000001	0.410498	-0.253718	0.0	0.197683	0.174424	0.964623	0.0	0.44023	-0.8950239999999999	0.071621	0.0	-2.69873	-3.46052	-1.7966900000000001	0.348977	-0.553815	0.832442	-0.0181628	0.0	0.17109100000000002	0.09242280000000001	-0.9809110000000001	0.0	-0.814872	-0.546351	-0.193608	0.0	2.10697	0.9458549999999999	0.505735	0.360172	
3	0.8867280000000001	0.372395	-0.273925	0.0	0.23786100000000002	0.14056300000000002	0.961075	0.0	0.396403	-0.9173680000000001	0.036062699999999996	0.0	-2.6668	-3.47255	-1.7985099999999998	0.347887	-0.556819	0.8303870000000001	-0.0202682	0.0	0.174319	0.092963	-0.980291	0.0	-0.812137	-0.5493779999999999	-0.196516	0.0	2.12723	0.947449	0.5167	0.360181	
3	0.8905709999999999	0.350777	-0.289548	0.0	0.264187	0.119278	0.957068	0.0	0.37025399999999997	-0.928832	0.0135547	0.0	-2.65457	-3.4799300000000004	-1.7978	0.346147	-0.558628	0.8291780000000001	-0.019945599999999997	0.0	0.175652	0.0947683	-0.97988	0.0	-0.810605	-0.5508930000000001	-0.19858699999999999	0.0	2.13971	0.9481809999999999	0.51686	0.36017899999999997	
3	0.899374	0.308105	-0.310159	0.0	0.29483000000000004	0.0963881	0.9506760000000001	0.0	0.322804	-0.946457	-0.00414984	0.0	-2.62107	-3.50092	-1.8030599999999999	0.345027	-0.55823	0.82945	-0.0198044	0.0	0.176848	0.0956322	-0.9795809999999999	0.0	-0.810619	-0.550334	-0.200072	0.0	2.16947	0.9437700000000001	0.48593000000000003	0.360104	
3	0.9071520000000001	0.26539	-0.32656199999999996	0.0	0.314927	0.0865419	0.9451620000000001	0.0	0.279098	-0.960249	-0.00507176	0.0	-2.53934	-3.55959	-1.82838	0.343088	-0.556238	0.8307680000000001	-0.0206031	0.0	0.176564	0.0939189	-0.979798	0.0	-0.81205	-0.548639	-0.198925	0.0	2.16626	0.9381790000000001	0.471429	0.360007	
3	0.91535	0.23022399999999998	-0.330351	0.0	0.28360100000000005	0.213794	0.9348059999999999	0.0	0.285842	-0.949363	0.130404	0.0	-2.50402	-3.59634	-1.8577599999999999	0.341525	-0.556107	0.830749	-0.0245402	0.0	0.176081	0.08890980000000001	-0.980352	0.0	-0.812245	-0.549501	-0.195722	0.0	2.1564900000000002	0.948491	0.48305299999999995	0.360038	
3	0.918301	0.22657600000000003	-0.324633	0.0	0.269276	0.243615	0.931742	0.0	0.290195	-0.9430350000000001	0.1627	0.0	-2.50181	-3.5947400000000003	-1.86285	0.340074	-0.557289	0.829959	-0.0244143	0.0	0.175795	0.089201	-0.980377	0.0	-0.811495	-0.550646	-0.195613	0.0	2.15502	0.94999	0.49588699999999997	0.360257	
3	0.921325	0.225365	-0.316812	0.0	0.255423	0.26349	0.930232	0.0	0.293119	-0.937968	0.185196	0.0	-2.50294	-3.59251	-1.8624900000000002	0.345968	-0.558619	0.82905	-0.0249195	0.0	0.177402	0.0900773	-0.980008	0.0	-0.810231	-0.551871	-0.19739400000000001	0.0	2.15945	0.949916	0.512872	0.360089	
3	0.9219780000000001	0.22335100000000002	-0.316339	0.0	0.252224	0.273497	0.928215	0.0	0.293835	-0.935582	0.195824	0.0	-2.4999599999999997	-3.59099	-1.86342	0.343165	-0.55862	0.8290489999999999	-0.024933599999999997	0.0	0.177813	0.0903412	-0.979909	0.0	-0.81014	-0.55183	-0.197882	0.0	2.16689	0.9529299999999999	0.515993	0.36004	
3	0.928443	0.214446	-0.30332600000000004	0.0	0.236767	0.287582	0.9280290000000001	0.0	0.28624299999999997	-0.9334399999999999	0.21623	0.0	-2.4906900000000003	-3.58949	-1.86513	0.33411199999999996	-0.556646	0.8303530000000001	-0.025672399999999998	0.0	0.177282	0.0885409	-0.9801690000000001	0.0	-0.811613	-0.5501590000000001	-0.196493	0.0	2.17215	0.950895	0.513556	0.36004400000000003	
3	0.9442139999999999	0.181451	-0.274837	0.0	0.209275	0.313791	0.926142	0.0	0.25429	-0.9319930000000001	0.258313	0.0	-2.45629	-3.5842099999999997	-1.87348	0.21750999999999998	-0.555787	0.8309219999999999	-0.0258895	0.0	0.177297	0.0880495	-0.980211	0.0	-0.812199	-0.5493779999999999	-0.196257	0.0	2.16548	0.9563950000000001	0.512839	0.35998	
3	0.9578620000000001	0.200416	-0.20575100000000002	0.0	0.139146	0.30288200000000004	0.942815	0.0	0.251274	-0.931717	0.262232	0.0	-2.44177	-3.5881	-1.75301	0.115418	-0.5549689999999999	0.831433	-0.027001	0.0	0.176676	0.0860867	-0.980497	0.0	-0.812893	-0.548916	-0.19467	0.0	2.1576	0.961327	0.51241	0.359989	
3	0.958729	0.256151	-0.123394	0.0	0.0670331	0.21811999999999998	0.973617	0.0	0.276308	-0.9417059999999999	0.191947	0.0	-2.48494	-3.55533	-1.6998099999999998	0.117638	-0.554951	0.8313940000000001	-0.0285047	0.0	0.17796700000000001	0.0851803	-0.9803430000000001	0.0	-0.812624	-0.5491149999999999	-0.195232	0.0	2.15846	0.9683719999999999	0.499205	0.359979	
3	0.947401	0.318137	-0.0349311	0.0	0.00147749	0.10479400000000001	0.9944930000000001	0.0	0.320046	-0.942235	0.09881219999999999	0.0	-2.53882	-3.4973400000000003	-1.6557400000000002	0.11923800000000001	-0.5546409999999999	0.831622	-0.0278918	0.0	0.179048	0.08654500000000001	-0.9800260000000001	0.0	-0.8125979999999999	-0.548557	-0.196902	0.0	2.1611700000000003	0.979758	0.496674	0.359902	
3	0.909493	0.39471	-0.130486	0.0	0.11135999999999999	0.0710908	0.9912340000000001	0.0	0.400527	-0.9160510000000001	0.020701499999999998	0.0	-2.53876	-3.43456	-1.72367	0.112008	-0.554133	0.8319479999999999	-0.028289599999999995	0.0	0.179222	0.08604819999999999	-0.980038	0.0	-0.812906	-0.548141	-0.196785	0.0	2.16043	0.977092	0.49323199999999995	0.35989899999999997	
3	0.897175	0.429986	-0.10094199999999999	0.0	0.11276099999999999	-0.00201865	0.9936200000000001	0.0	0.42703900000000006	-0.902833	-0.0502968	0.0	-2.52755	-3.33189	-1.75803	0.118948	-0.554549	0.831684	-0.027888299999999998	0.0	0.17951099999999998	0.0868355	-0.979916	0.0	-0.812558	-0.5484180000000001	-0.197451	0.0	2.1586	0.9790540000000001	0.494275	0.35985100000000003	
3	0.884273	0.461584	-0.0707168	0.0	0.0930991	-0.0258657	0.9953209999999999	0.0	0.457595	-0.886719	-0.0658454	0.0	-2.5219400000000003	-3.26415	-1.81	0.110446	-0.554656	0.8317040000000001	-0.025003099999999997	0.0	0.179038	0.0899458	-0.979722	0.0	-0.8125899999999999	-0.5478850000000001	-0.198795	0.0	2.1588	0.9777440000000001	0.49278599999999995	0.359759	
3	0.8563049999999999	0.510704	-0.07696189999999999	0.0	0.0927467	-0.00546415	0.995675	0.0	0.508075	-0.8597389999999999	-0.052045100000000004	0.0	-2.53428	-3.17963	-1.80778	0.12573	-0.546275	0.8368059999999999	-0.0365976	0.0	0.187846	0.07981339999999999	-0.97895	0.0	-0.816271	-0.541651	-0.200791	0.0	2.15335	0.9575870000000001	0.46843500000000005	0.359698	
3	0.8514780000000001	0.518933	-0.0754568	0.0	0.104407	-0.0267529	0.994175	0.0	0.513891	-0.8543959999999999	-0.0769596	0.0	-2.5375400000000004	-3.07931	-1.85011	0.0990341	-0.5331560000000001	0.843252	-0.0683335	0.0	0.208019	0.052373199999999995	-0.976722	0.0	-0.8200440000000001	-0.53496	-0.203335	0.0	2.14985	0.9555959999999999	0.449895	0.359786	
3	0.824925	0.564547	-0.0280296	0.0	0.16153199999999998	-0.187932	0.968808	0.0	0.54167	-0.803721	-0.246223	0.0	-2.48881	-2.5583099999999996	-1.9767	-0.00048828099999999997	-0.44446899999999995	0.8558620000000001	-0.26447600000000004	0.0	0.360066	-0.0996501	-0.9275899999999999	0.0	-0.8202440000000001	-0.507514	-0.263876	0.0	2.16446	0.989715	0.309236	0.359476	
3	0.8259850000000001	0.563053	-0.0268415	0.0	0.163832	-0.194231	0.9671780000000001	0.0	0.539359	-0.803272	-0.252678	0.0	-2.48651	-2.51251	-1.9721	-0.00034523	-0.43584300000000004	0.8561700000000001	-0.277514	0.0	0.367041	-0.112454	-0.923383	0.0	-0.82178	-0.504309	-0.265237	0.0	2.17023	0.99018	0.296686	0.359587	
3	0.8268909999999999	0.562199	-0.013534799999999998	0.0	0.18149300000000002	-0.244008	0.9526389999999999	0.0	0.53227	-0.790185	-0.30380300000000005	0.0	-2.58323	-2.30956	-1.8034700000000001	-0.00109172	-0.376811	0.8478760000000001	-0.372988	0.0	0.411787	-0.20735900000000002	-0.887375	0.0	-0.8297260000000001	-0.487964	-0.271009	0.0	2.14965	0.989626	0.20324	0.35932600000000003	
