0	0.577947	0.5317470000000001	-0.61905	0.0	0.6835939999999999	0.0988732	0.7231350000000001	0.0	0.44573199999999996	-0.8411120000000001	-0.30635500000000004	0.0	-2.7610200000000003	1.9983	1.44536	-1.76579e-06	-0.593133	0.516197	-0.617846	0.0	0.7512340000000001	0.0788462	-0.6553100000000001	0.0	-0.289554	-0.852833	-0.434551	0.0	2.66032	2.0	1.53809	0.0	
0	-0.228595	0.705186	-0.6711600000000001	0.0	0.139381	0.70602	0.694341	0.0	0.963492	0.0651763	-0.259682	0.0	-2.76982	2.0333099999999997	1.3655700000000002	2.90871e-05	-0.585604	0.5313939999999999	-0.612118	0.0	0.751394	0.0725646	-0.655852	0.0	-0.304098	-0.8440110000000001	-0.44178100000000003	0.0	2.64918	1.9978799999999999	1.5528600000000001	1.4565899999999999e-06	
0	-0.323827	0.730641	-0.601083	0.0	0.0683038	0.651712	0.7553850000000001	0.0	0.9436479999999999	0.203558	-0.260947	0.0	-2.75802	2.0606299999999997	1.4462	0.0	0.029763799999999997	0.9144049999999999	-0.403704	0.0	0.292927	-0.39413000000000004	-0.871123	0.0	-0.9556709999999999	-0.092328	-0.279585	0.0	2.6734299999999998	2.05959	1.5207899999999999	3.88459e-05	
0	-0.359309	0.710592	-0.604943	0.0	0.046775800000000006	0.661131	0.748811	0.0	0.9320459999999999	0.240758	-0.270789	0.0	-2.72585	2.12629	1.46471	0.0	0.12239900000000001	0.892492	-0.43413900000000005	0.0	0.29525500000000005	-0.450367	-0.8426110000000001	0.0	-0.9475459999999999	-0.0250471	-0.31863800000000003	0.0	2.79489	2.1371599999999997	1.44608	0.0	
0	-0.43853100000000006	0.804623	-0.400341	0.0	0.121484	0.494442	0.8606790000000001	0.0	0.890467	0.3288	-0.314577	0.0	-2.66008	2.40568	1.34786	0.339483	0.254021	0.915687	-0.31143200000000004	0.0	0.242123	-0.37194499999999997	-0.896122	0.0	-0.9364030000000001	0.152229	-0.316191	0.0	2.8188299999999997	2.39945	1.33218	0.35390900000000003	
0	-0.315056	0.849203	-0.423785	0.0	0.157642	0.487146	0.858975	0.0	0.935889	0.203819	-0.287348	0.0	-2.6779900000000003	2.23963	1.47688	0.0	0.20713099999999998	0.8603120000000001	-0.465789	0.0	0.21587699999999999	-0.504571	-0.835946	0.0	-0.954198	0.07259739999999999	-0.290234	0.0	2.7911200000000003	2.2867900000000003	1.42018	0.0	
0	-0.46306800000000004	0.783377	-0.414595	0.0	0.062434699999999996	0.495438	0.8663959999999999	0.0	0.8841209999999999	0.375315	-0.278332	0.0	-2.6709099999999997	2.42929	1.36222	0.32214499999999996	0.281217	0.8476899999999999	-0.449821	0.0	0.18379	-0.5076350000000001	-0.841741	0.0	-0.9418799999999999	0.15404	-0.298553	0.0	2.9136900000000003	2.43834	1.3145799999999999	0.34910399999999997	
0	-0.47838500000000006	0.787956	-0.387652	0.0	0.0303853	0.45603	0.889446	0.0	0.877625	0.41371800000000003	-0.2421	0.0	-2.5851900000000003	2.5067	1.2930700000000002	0.325598	0.251916	0.87061	-0.422584	0.0	0.190426	-0.472724	-0.86039	0.0	-0.948829	0.136275	-0.284873	0.0	2.91871	2.45002	1.24819	0.333378	
0	-0.326293	0.9054129999999999	-0.271588	0.0	0.12206600000000001	0.325266	0.9377110000000001	0.0	0.9373540000000001	0.27281700000000003	-0.216652	0.0	-2.56617	2.3395	1.2826600000000001	0.348817	0.13995	0.8955549999999999	-0.42236899999999994	0.0	0.269113	-0.444913	-0.854184	0.0	-0.952886	0.00587821	-0.303272	0.0	2.92138	2.37643	1.0929	0.344279	
0	-0.0255665	0.9824139999999999	-0.18495799999999998	0.0	0.182476	0.186496	0.965361	0.0	0.982878	-0.00906974	-0.184035	0.0	-2.5070099999999997	2.0651900000000003	1.31354	0.34928899999999996	-0.0890977	0.927358	-0.363414	0.0	0.357822	-0.310705	-0.880583	0.0	-0.929529	-0.20849499999999999	-0.304146	0.0	2.8098	2.1543400000000004	0.9407979999999999	0.334955	
0	0.121669	0.9858020000000001	-0.115722	0.0	0.178124	0.09300989999999999	0.9796020000000001	0.0	0.976457	-0.1398	-0.164279	0.0	-2.4384099999999997	1.82952	1.22589	0.35041700000000003	-0.2272	0.9039799999999999	-0.362216	0.0	0.364191	-0.266085	-0.8925040000000001	0.0	-0.903186	-0.334692	-0.26876700000000003	0.0	2.69181	1.93983	0.7388020000000001	0.336352	
0	0.23134699999999997	0.970355	-0.0699251	0.0	0.151754	0.0350017	0.987798	0.0	0.9609629999999999	-0.23913600000000002	-0.139157	0.0	-2.4180200000000003	1.6289799999999999	1.09948	0.349971	-0.34181100000000003	0.8746139999999999	-0.34382399999999996	0.0	0.33955	-0.22620700000000002	-0.912982	0.0	-0.876283	-0.428813	-0.219656	0.0	2.52882	1.7595599999999998	0.555192	0.35772800000000005	
0	0.245106	0.966823	-0.07194439999999999	0.0	0.111354	0.0456421	0.992732	0.0	0.9630799999999999	-0.251336	-0.0964724	0.0	-2.36104	1.5040799999999999	0.9681350000000001	0.34599	-0.41756499999999996	0.832564	-0.363975	0.0	0.312837	-0.244354	-0.9178370000000001	0.0	-0.853096	-0.497121	-0.158423	0.0	2.3336799999999998	1.5397	0.385267	0.35785700000000004	
0	0.31862399999999996	0.941733	-0.10778399999999999	0.0	0.09325449999999999	0.0820147	0.992259	0.0	0.943283	-0.326209	-0.061689	0.0	-2.32315	1.36169	0.855932	0.332897	-0.500478	0.793705	-0.34576599999999996	0.0	0.288381	-0.22374000000000002	-0.931009	0.0	-0.816308	-0.565661	-0.11691199999999999	0.0	2.15765	1.3023	0.232949	0.356564	
0	0.43182200000000004	0.898121	-0.0831225	0.0	0.0378301	0.0740422	0.9965370000000001	0.0	0.901165	-0.433471	-0.00200295	0.0	-2.32734	1.10404	0.782842	0.30402399999999996	-0.557678	0.7676390000000001	-0.315793	0.0	0.245507	-0.21088400000000002	-0.9461790000000001	0.0	-0.79292	-0.605193	-0.0708559	0.0	1.9226299999999998	1.08992	0.107051	0.35786999999999997	
0	0.5912569999999999	0.804506	-0.056444600000000004	0.0	0.00486389	0.06642999999999999	0.9977790000000001	0.0	0.806469	-0.590218	0.0353642	0.0	-2.33764	0.707561	0.703341	0.313907	-0.597685	0.7435649999999999	-0.299807	0.0	0.22150999999999998	-0.20624099999999998	-0.953099	0.0	-0.770524	-0.636063	-0.04144	0.0	1.7197799999999999	0.909234	0.014280500000000002	0.35782800000000003	
0	0.731233	0.679126	-0.06393380000000001	0.0	0.00075081	0.0929255	0.9956729999999999	0.0	0.682128	-0.728116	0.06744019999999999	0.0	-2.4577400000000003	0.324898	0.602208	0.343648	-0.598302	0.744584	-0.296022	0.0	0.21889099999999997	-0.203507	-0.954291	0.0	-0.770792	-0.6357510000000001	-0.0412236	0.0	1.6481	0.8653780000000001	-0.00374439	0.35844299999999996	
0	0.844081	0.531421	-0.07154160000000001	0.0	-0.0009035769999999999	0.134829	0.9908680000000001	0.0	0.5362140000000001	-0.836309	0.11428699999999999	0.0	-2.65329	-0.10999600000000001	0.389349	0.339483	-0.60844	0.7423310000000001	-0.280618	0.0	0.226638	-0.176342	-0.957883	0.0	-0.76055	-0.646412	-0.060946900000000005	0.0	1.62679	0.8934690000000001	0.0237307	0.358344	
0	0.883367	0.459157	-0.0940088	0.0	0.00763081	0.18646400000000002	0.982432	0.0	0.46862	-0.8685649999999999	0.161212	0.0	-2.89588	-0.50097	-0.034698900000000005	0.337407	-0.594934	0.759165	-0.26405	0.0	0.22738000000000003	-0.156133	-0.961208	0.0	-0.770943	-0.631895	-0.0797307	0.0	1.64458	0.96935	0.039393	0.35844499999999996	
0	0.907595	0.40434000000000003	-0.113052	0.0	0.018743	0.22998000000000002	0.973015	0.0	0.41942799999999997	-0.885222	0.20115	0.0	-3.00385	-0.7225520000000001	-0.368424	0.336334	-0.583544	0.772472	-0.250527	0.0	0.22966399999999998	-0.138923	-0.963304	0.0	-0.778929	-0.619668	-0.0963413	0.0	1.66475	1.0574700000000001	0.041456599999999996	0.358477	
0	0.9164120000000001	0.390219	-0.0889905	0.0	-0.00224543	0.22735300000000003	0.9738100000000001	0.0	0.400231	-0.8922110000000001	0.209225	0.0	-3.09078	-0.884242	-0.758067	0.335226	-0.573519	0.781945	-0.24420999999999998	0.0	0.232535	-0.13045199999999998	-0.9638	0.0	-0.785496	-0.609545	-0.10701400000000001	0.0	1.6810900000000002	1.12166	0.0334202	0.358509	
0	0.9189579999999999	0.3843	-0.08848589999999999	0.0	-0.00117487	0.227048	0.9738829999999999	0.0	0.394354	-0.894854	0.20909899999999998	0.0	-3.10015	-0.95552	-0.962249	0.335215	-0.5656220000000001	0.787721	-0.24406599999999998	0.0	0.237591	-0.12775	-0.9629280000000001	0.0	-0.789698	-0.602641	-0.114897	0.0	1.68508	1.14647	0.0228065	0.358503	
0	0.9149120000000001	0.392991	-0.0921663	0.0	-0.0228072	0.278294	0.960225	0.0	0.403009	-0.8764190000000001	0.263577	0.0	-3.04182	-1.09065	-1.2686600000000001	0.335727	-0.553705	0.7955180000000001	-0.24609499999999998	0.0	0.24332199999999998	-0.12806800000000002	-0.9614540000000001	0.0	-0.79637	-0.592242	-0.122655	0.0	1.70868	1.19411	0.00915439	0.358663	
0	0.918019	0.386308	-0.0894889	0.0	-0.039235400000000004	0.313058	0.948923	0.0	0.394592	-0.867618	0.30255	0.0	-3.00793	-1.1856	-1.3521299999999998	0.34384000000000003	-0.542048	0.80329	-0.246798	0.0	0.24466300000000002	-0.130108	-0.9608389999999999	0.0	-0.8039430000000001	-0.5812039999999999	-0.12600999999999998	0.0	1.72948	1.245	-0.00157526	0.358819	
0	0.912898	0.399649	-0.0830573	0.0	-0.06079349999999999	0.334326	0.9404950000000001	0.0	0.403636	-0.853526	0.329502	0.0	-2.97499	-1.22107	-1.3804100000000001	0.343668	-0.540376	0.8046409999999999	-0.24606	0.0	0.245196	-0.129156	-0.960832	0.0	-0.804905	-0.579544	-0.127502	0.0	1.7276200000000002	1.2652700000000001	-0.00812301	0.358672	
0	0.9110219999999999	0.402562	-0.0893417	0.0	-0.0648095	0.35375100000000004	0.933092	0.0	0.40723200000000004	-0.844277	0.34836500000000004	0.0	-2.94291	-1.2551700000000001	-1.4039700000000002	0.343839	-0.539357	0.8061520000000001	-0.243337	0.0	0.24548000000000003	-0.125897	-0.961192	0.0	-0.805502	-0.57816	-0.129991	0.0	1.72615	1.27811	-0.00732652	0.35854400000000003	
0	0.9120030000000001	0.399937	-0.091114	0.0	-0.0692253	0.36901300000000004	0.9268430000000001	0.0	0.404301	-0.838976	0.364227	0.0	-2.95718	-1.3068	-1.45792	0.34401	-0.538375	0.807236	-0.24191500000000002	0.0	0.245534	-0.12435399999999999	-0.9613790000000001	0.0	-0.806143	-0.57698	-0.13125499999999998	0.0	1.7260400000000002	1.28245	-0.010262799999999999	0.358671	
0	0.911415	0.40076300000000004	-0.09333839999999999	0.0	-0.06978430000000001	0.374083	0.924766	0.0	0.405529	-0.836332	0.368911	0.0	-2.984	-1.32663	-1.48061	0.343798	-0.537392	0.807393	-0.243571	0.0	0.24413400000000002	-0.12751500000000002	-0.9613209999999999	0.0	-0.8072229999999999	-0.57607	-0.12858699999999998	0.0	1.72932	1.29315	-0.00657065	0.35835	
0	0.910221	0.403027	-0.0952206	0.0	-0.07115880000000001	0.378726	0.9227690000000001	0.0	0.407963	-0.833148	0.37340300000000004	0.0	-2.98484	-1.34079	-1.46383	0.343535	-0.534796	0.808952	-0.24410900000000002	0.0	0.246079	-0.12726700000000002	-0.960858	0.0	-0.808355	-0.573934	-0.131004	0.0	1.7322	1.31301	0.00249827	0.35844899999999996	
0	0.909566	0.40434499999999995	-0.0958914	0.0	-0.07294869999999999	0.38252800000000003	0.921059	0.0	0.409107	-0.8307690000000001	0.377431	0.0	-2.97017	-1.35311	-1.43739	0.343416	-0.534007	0.809801	-0.243019	0.0	0.24574200000000002	-0.126363	-0.9610639999999999	0.0	-0.808979	-0.5729350000000001	-0.131523	0.0	1.7309599999999998	1.3188600000000001	0.00350468	0.358485	
0	0.9092030000000001	0.405381	-0.094955	0.0	-0.07493330000000001	0.38366100000000003	0.920429	0.0	0.409555	-0.829741	0.379202	0.0	-2.95512	-1.35899	-1.42563	0.343574	-0.533963	0.809898	-0.24279099999999998	0.0	0.24574000000000001	-0.126102	-0.961098	0.0	-0.809008	-0.572855	-0.131691	0.0	1.72927	1.3187	0.00264477	0.358509	
0	0.9092049999999999	0.40537199999999995	-0.094973	0.0	-0.0749033	0.383646	0.9204379999999999	0.0	0.409555	-0.8297530000000001	0.379176	0.0	-2.95548	-1.35889	-1.4257600000000001	0.343573	-0.533971	0.809893	-0.242792	0.0	0.245748	-0.126096	-0.961097	0.0	-0.809001	-0.572863	-0.131698	0.0	1.7293	1.31867	0.00261206	0.35851	
0	0.9092049999999999	0.40537199999999995	-0.094973	0.0	-0.07490319999999999	0.383646	0.9204379999999999	0.0	0.409555	-0.8297530000000001	0.379176	0.0	-2.95548	-1.35889	-1.4257600000000001	0.343574	-0.533971	0.809893	-0.242792	0.0	0.245748	-0.126096	-0.961097	0.0	-0.809002	-0.572863	-0.131698	0.0	1.7293	1.31867	0.00261203	0.35851	
0	0.9092049999999999	0.40537199999999995	-0.094973	0.0	-0.07490319999999999	0.383646	0.9204379999999999	0.0	0.409555	-0.8297530000000001	0.379176	0.0	-2.95548	-1.35889	-1.4257600000000001	0.343573	-0.533971	0.809893	-0.242792	0.0	0.245748	-0.126096	-0.961097	0.0	-0.809001	-0.572863	-0.131698	0.0	1.7293	1.31867	0.00261168	0.35851	
0	0.9092049999999999	0.40537199999999995	-0.094973	0.0	-0.07490319999999999	0.383646	0.9204379999999999	0.0	0.409555	-0.8297530000000001	0.379176	0.0	-2.95549	-1.35889	-1.4257600000000001	0.343573	-0.533971	0.809893	-0.242792	0.0	0.245748	-0.126096	-0.961097	0.0	-0.809001	-0.572863	-0.131698	0.0	1.7293	1.31867	0.00261191	0.35851	
0	0.9092049999999999	0.40537199999999995	-0.094973	0.0	-0.07490319999999999	0.383646	0.9204379999999999	0.0	0.409555	-0.8297530000000001	0.379176	0.0	-2.95549	-1.35889	-1.4257600000000001	0.343573	-0.533971	0.809893	-0.242792	0.0	0.245748	-0.126096	-0.961097	0.0	-0.809001	-0.572863	-0.131698	0.0	1.7293	1.31867	0.00261205	0.35851	
0	0.9092049999999999	0.40537199999999995	-0.094973	0.0	-0.07490319999999999	0.383646	0.9204379999999999	0.0	0.409555	-0.8297530000000001	0.379176	0.0	-2.95549	-1.35889	-1.4257600000000001	0.343573	-0.533971	0.809893	-0.242792	0.0	0.245748	-0.126096	-0.961097	0.0	-0.809001	-0.572863	-0.131698	0.0	1.7293	1.31867	0.00261211	0.35851	
0	0.9092049999999999	0.40537199999999995	-0.094973	0.0	-0.07490319999999999	0.383646	0.9204379999999999	0.0	0.409555	-0.8297530000000001	0.379176	0.0	-2.95549	-1.35889	-1.4257600000000001	0.343573	-0.533971	0.809893	-0.242792	0.0	0.245748	-0.126096	-0.961097	0.0	-0.809001	-0.572863	-0.131698	0.0	1.7293	1.31867	0.00261177	0.35851	
0	0.9092049999999999	0.40537199999999995	-0.094973	0.0	-0.07490319999999999	0.383646	0.9204379999999999	0.0	0.409555	-0.8297530000000001	0.379176	0.0	-2.95549	-1.35889	-1.4257600000000001	0.343573	-0.533971	0.809893	-0.242792	0.0	0.245748	-0.126096	-0.961097	0.0	-0.809001	-0.572863	-0.131698	0.0	1.7293	1.31867	0.00261214	0.35851	
0	0.9092049999999999	0.40537199999999995	-0.094973	0.0	-0.07490319999999999	0.383646	0.9204379999999999	0.0	0.409555	-0.8297530000000001	0.379176	0.0	-2.95549	-1.35889	-1.4257600000000001	0.343573	-0.533971	0.809893	-0.242792	0.0	0.245748	-0.126096	-0.961097	0.0	-0.809001	-0.572863	-0.131698	0.0	1.7293	1.31867	0.00261165	0.35851	
0	0.9092049999999999	0.40537199999999995	-0.094973	0.0	-0.07490319999999999	0.383646	0.9204379999999999	0.0	0.409555	-0.8297530000000001	0.379176	0.0	-2.95549	-1.35889	-1.4257600000000001	0.343573	-0.533971	0.809893	-0.242792	0.0	0.245748	-0.126096	-0.961097	0.0	-0.809001	-0.572863	-0.131698	0.0	1.7293	1.31867	0.00261182	0.35851	
0	0.9092049999999999	0.40537199999999995	-0.094973	0.0	-0.07490319999999999	0.383646	0.9204379999999999	0.0	0.409555	-0.8297530000000001	0.379176	0.0	-2.95549	-1.35889	-1.4257600000000001	0.343573	-0.533971	0.809894	-0.242792	0.0	0.245748	-0.126096	-0.961097	0.0	-0.809001	-0.572863	-0.131698	0.0	1.7293	1.31867	0.00261151	0.35851	
0	0.9092049999999999	0.40537199999999995	-0.094973	0.0	-0.07490319999999999	0.383646	0.9204379999999999	0.0	0.409555	-0.8297530000000001	0.379176	0.0	-2.95549	-1.35889	-1.4257600000000001	0.343573	-0.533971	0.809893	-0.242792	0.0	0.245748	-0.126096	-0.961097	0.0	-0.809001	-0.572863	-0.131698	0.0	1.7293	1.31867	0.00261155	0.35851	
0	0.9092049999999999	0.40537199999999995	-0.094973	0.0	-0.07490319999999999	0.383646	0.9204379999999999	0.0	0.409555	-0.8297530000000001	0.379176	0.0	-2.95549	-1.35889	-1.4257600000000001	0.343573	-0.533971	0.809893	-0.242792	0.0	0.245748	-0.126096	-0.961097	0.0	-0.809001	-0.572863	-0.131698	0.0	1.7293	1.31867	0.00261148	0.35851	
0	0.9092049999999999	0.40537199999999995	-0.094973	0.0	-0.07490319999999999	0.383646	0.9204379999999999	0.0	0.409555	-0.8297530000000001	0.379176	0.0	-2.95549	-1.35889	-1.4257600000000001	0.343573	-0.533971	0.809893	-0.242792	0.0	0.245748	-0.126096	-0.961097	0.0	-0.809001	-0.572863	-0.131698	0.0	1.7293	1.31867	0.00261195	0.35851	
0	0.9092049999999999	0.40537199999999995	-0.094973	0.0	-0.07490319999999999	0.383646	0.9204379999999999	0.0	0.409555	-0.8297530000000001	0.379176	0.0	-2.95549	-1.35889	-1.4257600000000001	0.343573	-0.533971	0.809893	-0.242792	0.0	0.245748	-0.126096	-0.961097	0.0	-0.809001	-0.572863	-0.131698	0.0	1.7293	1.31867	0.00261172	0.35851	
0	0.9092049999999999	0.40537199999999995	-0.094973	0.0	-0.07490319999999999	0.383646	0.9204379999999999	0.0	0.409555	-0.8297530000000001	0.379176	0.0	-2.95549	-1.35889	-1.4257600000000001	0.343573	-0.533971	0.809893	-0.242792	0.0	0.245748	-0.126096	-0.961097	0.0	-0.809001	-0.572863	-0.131698	0.0	1.7293	1.31867	0.00261145	0.35851	
0	0.9092049999999999	0.40537199999999995	-0.094973	0.0	-0.07490319999999999	0.383646	0.9204379999999999	0.0	0.409555	-0.8297530000000001	0.379176	0.0	-2.95549	-1.35889	-1.4257600000000001	0.343573	-0.533971	0.809894	-0.242792	0.0	0.245748	-0.126096	-0.961097	0.0	-0.809001	-0.572863	-0.131698	0.0	1.7293	1.31867	0.00261153	0.35851	
0	-0.179125	0.703052	-0.68821	0.0	-0.0204334	0.696714	0.717058	0.0	0.983614	0.142506	-0.11043299999999999	0.0	-2.9522	-1.40005	-1.4431200000000002	0.320872	-0.475717	0.8414299999999999	-0.256299	0.0	0.24346900000000002	-0.15403599999999998	-0.957599	0.0	-0.845232	-0.517947	-0.13158499999999998	0.0	1.6998	1.31545	0.0492945	0.357336	
0	-0.113203	0.781153	-0.613991	0.0	0.038131599999999995	0.620924	0.7829430000000001	0.0	0.99284	0.065219	-0.100077	0.0	-2.95388	-1.5313700000000001	-1.33289	0.324708	-0.47766000000000003	0.8409700000000001	-0.254187	0.0	0.24347	-0.151284	-0.958037	0.0	-0.8441350000000001	-0.5195029999999999	-0.13248900000000002	0.0	1.6987	1.30941	0.0446054	0.357529	
0	0.0218771	0.848407	-0.528892	0.0	0.07113430000000001	0.526357	0.847283	0.0	0.9972270000000001	-0.056158400000000004	-0.0488356	0.0	-2.96792	-1.68967	-1.2467700000000002	0.33116599999999996	-0.478184	0.841508	-0.25140500000000005	0.0	0.243112	-0.148241	-0.9586040000000001	0.0	-0.8439409999999999	-0.519508	-0.133695	0.0	1.6955900000000002	1.3069600000000001	0.031491399999999996	0.357454	
0	0.222284	0.884883	-0.409356	0.0	0.10796700000000001	0.394937	0.912342	0.0	0.968985	-0.246996	-0.00774992	0.0	-2.99362	-1.93905	-1.16649	0.33056399999999997	-0.47932700000000006	0.8416239999999999	-0.24883000000000002	0.0	0.243292	-0.144988	-0.9590559999999999	0.0	-0.843241	-0.520239	-0.13526400000000002	0.0	1.6907599999999998	1.30094	0.0177003	0.357242	
0	0.393814	0.859092	-0.326912	0.0	0.11623199999999999	0.306255	0.9448270000000001	0.0	0.9118120000000001	-0.410084	0.0207538	0.0	-3.01988	-2.2551400000000004	-1.1885299999999999	0.337515	-0.47970799999999997	0.841462	-0.248642	0.0	0.244746	-0.143806	-0.9588639999999999	0.0	-0.8426030000000001	-0.520829	-0.13696	0.0	1.68632	1.30111	-0.00024466900000000004	0.35740700000000003	
0	0.51446	0.8137	-0.270598	0.0	0.10413900000000001	0.25393899999999997	0.961598	0.0	0.851167	-0.522883	0.0459032	0.0	-3.04756	-2.54137	-1.29578	0.336074	-0.480538	0.841091	-0.248292	0.0	0.24286799999999997	-0.14441600000000002	-0.959249	0.0	-0.842673	-0.521258	-0.134877	0.0	1.68498	1.2946	-0.00411284	0.357516	
0	0.671317	0.716312	-0.190343	0.0	0.059162599999999996	0.204204	0.977139	0.0	0.738805	-0.667231	0.0947069	0.0	-3.09763	-2.9281099999999998	-1.4387299999999998	0.33315	-0.481417	0.840232	-0.249496	0.0	0.24382800000000002	-0.145034	-0.9589120000000001	0.0	-0.841894	-0.522471	-0.13505	0.0	1.68822	1.29005	0.00498113	0.357595	
0	0.7733770000000001	0.624268	-0.11035299999999999	0.0	0.00672123	0.165989	0.9861049999999999	0.0	0.633911	-0.763373	0.124176	0.0	-3.18177	-3.2682599999999997	-1.5995700000000002	0.334212	-0.48111000000000004	0.840591	-0.24887800000000002	0.0	0.244747	-0.143815	-0.9588620000000001	0.0	-0.8418030000000001	-0.52223	-0.136541	0.0	1.68775	1.28314	0.00847268	0.35771	
0	0.824868	0.561921	-0.061945900000000005	0.0	-0.0236136	0.143727	0.9893360000000001	0.0	0.564832	-0.814609	0.131825	0.0	-3.26412	-3.49192	-1.79382	0.33189	-0.481336	0.84077	-0.24783400000000003	0.0	0.24439499999999997	-0.1428	-0.959103	0.0	-0.841776	-0.52222	-0.136745	0.0	1.68823	1.2838100000000001	0.00765314	0.357837	
0	0.857345	0.514396	-0.0188695	0.0	-0.058296100000000003	0.133454	0.989339	0.0	0.51143	-0.8471049999999999	0.144404	0.0	-3.2577	-3.50846	-1.82067	0.32526900000000003	-0.481141	0.840735	-0.248331	0.0	0.24409299999999998	-0.143591	-0.9590620000000001	0.0	-0.841975	-0.5220600000000001	-0.136131	0.0	1.6887400000000001	1.28663	0.0022415	0.357786	
0	0.8906379999999999	0.454276	0.019934900000000002	0.0	-0.09354989999999999	0.140155	0.9857	0.0	0.444986	-0.879767	0.167325	0.0	-3.2292	-3.52051	-1.8541	0.31908600000000004	-0.481842	0.8404659999999999	-0.24788200000000002	0.0	0.245022	-0.142372	-0.9590069999999999	0.0	-0.841304	-0.522827	-0.13733199999999998	0.0	1.6882400000000002	1.29057	0.000360236	0.357889	
0	0.9009790000000001	0.430238	0.0559632	0.0	-0.13122999999999999	0.147295	0.980348	0.0	0.41353999999999996	-0.890617	0.189169	0.0	-3.21837	-3.5111199999999996	-1.88218	0.315004	-0.481764	0.8403430000000001	-0.248452	0.0	0.244648	-0.143269	-0.9589690000000001	0.0	-0.841458	-0.52278	-0.136567	0.0	1.6893799999999999	1.28972	-0.00424656	0.357954	
0	0.895956	0.438414	0.0711073	0.0	-0.15596600000000002	0.160663	0.9746090000000001	0.0	0.415858	-0.8842969999999999	0.21232399999999998	0.0	-3.22753	-3.51324	-1.9070200000000002	0.31354499999999996	-0.48285600000000006	0.8397819999999999	-0.24822800000000003	0.0	0.244321	-0.143015	-0.95909	0.0	-0.8409270000000001	-0.523749	-0.136121	0.0	1.6891599999999998	1.28554	0.00418064	0.357738	
0	0.9039889999999999	0.415233	0.101911	0.0	-0.187275	0.170271	0.9674379999999999	0.0	0.38436	-0.8936379999999999	0.231686	0.0	-3.21207	-3.50074	-1.93123	0.309526	-0.484544	0.8387950000000001	-0.24827399999999997	0.0	0.245481	-0.14203	-0.95894	0.0	-0.8396170000000001	-0.525596	-0.13708800000000002	0.0	1.6897799999999998	1.28359	0.0109255	0.35783200000000004	
0	0.9047700000000001	0.408359	0.120975	0.0	-0.213417	0.18889	0.958527	0.0	0.36857199999999996	-0.893064	0.258052	0.0	-3.18265	-3.52915	-1.99643	0.261626	-0.485663	0.8382459999999999	-0.247941	0.0	0.247259	-0.140323	-0.958735	0.0	-0.838448	-0.526928	-0.13911400000000002	0.0	1.6916	1.2869	0.000951583	0.357825	
0	0.903164	0.412825	0.117773	0.0	-0.213483	0.19388699999999998	0.957514	0.0	0.37245100000000003	-0.889935	0.26324200000000003	0.0	-3.1433400000000002	-3.62195	-1.99615	0.256675	-0.48487600000000003	0.8388959999999999	-0.247283	0.0	0.24709899999999999	-0.139821	-0.958849	0.0	-0.83895	-0.526027	-0.139495	0.0	1.6932599999999998	1.28606	-0.00693089	0.35784099999999996	
0	0.908701	0.40134899999999996	0.11480699999999999	0.0	-0.21539299999999997	0.21520300000000003	0.95252	0.0	0.357586	-0.890284	0.282003	0.0	-3.13258	-3.6189	-1.98102	0.293153	-0.483728	0.8395530000000001	-0.247299	0.0	0.24727399999999997	-0.139948	-0.958786	0.0	-0.8395610000000001	-0.524942	-0.139902	0.0	1.6935099999999998	1.2878100000000001	-0.0107999	0.357873	
0	0.90694	0.40630900000000003	0.11123499999999999	0.0	-0.219621	0.230715	0.9479120000000001	0.0	0.359481	-0.884129	0.298478	0.0	-3.12552	-3.6339099999999998	-1.9796099999999999	0.314125	-0.48301499999999997	0.839458	-0.24900999999999998	0.0	0.24734	-0.141995	-0.958468	0.0	-0.839952	-0.5245449999999999	-0.139046	0.0	1.6945599999999998	1.2887	-0.00792361	0.357856	
0	0.8911180000000001	0.42468	0.159861	0.0	-0.285489	0.250868	0.924966	0.0	0.352711	-0.869892	0.344794	0.0	-3.13707	-3.6356900000000003	-2.00293	0.326287	-0.482041	0.839886	-0.24945599999999998	0.0	0.247096	-0.142841	-0.958405	0.0	-0.840583	-0.52363	-0.138677	0.0	1.69355	1.29183	-0.00724895	0.357747	
0	0.893458	0.414235	0.17361300000000002	0.0	-0.291145	0.239808	0.926135	0.0	0.342004	-0.8780100000000001	0.334861	0.0	-3.13824	-3.63515	-2.0023299999999997	0.332848	-0.481608	0.839859	-0.25038	0.0	0.246619	-0.144273	-0.958313	0.0	-0.8409709999999999	-0.52328	-0.13764300000000002	0.0	1.68946	1.29026	-0.000680009	0.35783899999999996	
0	0.8999790000000001	0.398451	0.176847	0.0	-0.279625	0.216423	0.935399	0.0	0.334437	-0.8912899999999999	0.306192	0.0	-3.13679	-3.6353400000000002	-1.99239	0.35162899999999997	-0.482441	0.8391149999999999	-0.251269	0.0	0.246797	-0.145021	-0.958155	0.0	-0.840442	-0.524265	-0.137127	0.0	1.6880099999999998	1.2916	0.00782346	0.35782600000000003	
0	0.895596	0.401854	0.190844	0.0	-0.296794	0.220162	0.9292159999999999	0.0	0.331392	-0.888843	0.316444	0.0	-3.1396	-3.6356300000000004	-1.9982900000000001	0.35703	-0.483707	0.838625	-0.25046999999999997	0.0	0.246667	-0.143954	-0.958349	0.0	-0.839752	-0.525343	-0.13723	0.0	1.69003	1.29405	0.0150628	0.357978	
0	0.8904569999999999	0.408731	0.20006400000000002	0.0	-0.311739	0.227606	0.9225040000000001	0.0	0.33152	-0.883818	0.33009099999999997	0.0	-3.14189	-3.6360300000000003	-2.00437	0.357437	-0.484125	0.838404	-0.25040500000000004	0.0	0.24759	-0.143223	-0.9582200000000001	0.0	-0.839239	-0.525896	-0.138243	0.0	1.6905400000000002	1.29645	0.00134094	0.358036	
0	0.874602	0.420807	0.240817	0.0	-0.359795	0.230379	0.904142	0.0	0.32499	-0.877409	0.352894	0.0	-3.14941	-3.63899	-2.01815	0.347974	-0.48438000000000003	0.8382069999999999	-0.25056999999999996	0.0	0.248286	-0.142927	-0.9580850000000001	0.0	-0.838886	-0.5262899999999999	-0.13888399999999998	0.0	1.68985	1.3009700000000002	-0.0006068569999999999	0.357964	
0	0.8494520000000001	0.43281099999999995	0.30183699999999997	0.0	-0.45157299999999995	0.300358	0.840159	0.0	0.272971	-0.8499770000000001	0.450585	0.0	-3.1590700000000003	-3.6328699999999996	-2.0622700000000003	0.246846	-0.48492399999999997	0.837784	-0.250933	0.0	0.249293	-0.14260599999999998	-0.9578709999999999	0.0	-0.8382729999999999	-0.527051	-0.139701	0.0	1.6906400000000001	1.30325	-0.00437078	0.35783899999999996	
0	0.870632	0.399773	0.286674	0.0	-0.414996	0.283943	0.864381	0.0	0.264158	-0.871526	0.41311400000000004	0.0	-3.15417	-3.6288199999999997	-2.04662	0.12238199999999999	-0.48570699999999994	0.837367	-0.250811	0.0	0.25043699999999997	-0.141596	-0.957722	0.0	-0.8374780000000001	-0.527985	-0.140933	0.0	1.6896200000000001	1.3039100000000001	-0.00632565	0.35770599999999997	
0	0.877236	0.391314	0.278082	0.0	-0.399598	0.2742	0.87472	0.0	0.26604	-0.878458	0.396906	0.0	-3.1529700000000003	-3.628	-2.03894	0.12246199999999999	-0.48627299999999996	0.837175	-0.25035100000000005	0.0	0.251156	-0.140508	-0.957694	0.0	-0.8369340000000001	-0.528579	-0.14193699999999998	0.0	1.69107	1.30682	-0.00520778	0.357696	
0	0.826119	0.441022	0.35075100000000003	0.0	-0.46121999999999996	0.171605	0.870533	0.0	0.323734	-0.8809379999999999	0.345175	0.0	-3.14487	-3.6166699999999996	-2.00827	0.122494	-0.48826400000000003	0.836391	-0.24909499999999998	0.0	0.254189	-0.136756	-0.9574370000000001	0.0	-0.834857	-0.5308	-0.14582799999999999	0.0	1.6921099999999998	1.30762	-0.0100348	0.357107	
0	0.80314	0.47996000000000005	0.352993	0.0	-0.470001	0.146283	0.87046	0.0	0.366149	-0.865009	0.343067	0.0	-3.14276	-3.61669	-1.9913900000000002	0.12246800000000001	-0.48915299999999995	0.8359219999999999	-0.24892399999999998	0.0	0.255033	-0.135845	-0.957342	0.0	-0.8340790000000001	-0.531771	-0.146739	0.0	1.6906900000000002	1.30792	-0.020028099999999997	0.352595	
0	0.797088	0.507073	0.327915	0.0	-0.438069	0.111802	0.891962	0.0	0.415628	-0.854621	0.311249	0.0	-3.1155	-3.62112	-1.9606700000000001	0.122429	-0.487753	0.830828	-0.267996	0.0	0.266913	-0.150359	-0.9519190000000001	0.0	-0.831177	-0.535833	-0.148421	0.0	1.6903299999999999	1.31703	-0.0222371	0.34125500000000003	
0	0.785459	0.5039819999999999	0.359243	0.0	-0.441406	0.0492892	0.8959530000000001	0.0	0.433838	-0.8623059999999999	0.261175	0.0	-3.08443	-3.6178199999999996	-1.9297900000000001	0.12235399999999999	-0.488467	0.828774	-0.273009	0.0	0.27369099999999996	-0.151566	-0.9498	0.0	-0.828549	-0.538666	-0.152793	0.0	1.7042700000000002	1.3273700000000002	-0.0238059	0.337121	
0	0.780842	0.525551	0.33776	0.0	-0.40305599999999997	0.01072	0.915113	0.0	0.477317	-0.8506950000000001	0.22019699999999998	0.0	-3.06372	-3.62209	-1.90983	0.122144	-0.48194799999999993	0.8297709999999999	-0.281436	0.0	0.277674	-0.160005	-0.947257	0.0	-0.831037	-0.534676	-0.153293	0.0	1.71071	1.32485	-0.0479821	0.338186	
0	0.785325	0.527595	0.323896	0.0	-0.40347	0.0393618	0.9141459999999999	0.0	0.46955	-0.848583	0.243781	0.0	-3.06281	-3.61372	-1.90972	0.12220299999999999	-0.471758	0.829095	-0.300077	0.0	0.285482	-0.178371	-0.9416389999999999	0.0	-0.834233	-0.529892	-0.152544	0.0	1.7155200000000002	1.31526	-0.0669694	0.340433	
0	0.758415	0.547168	0.354138	0.0	-0.37999	-0.07024989999999999	0.922319	0.0	0.529542	-0.8340700000000001	0.15464	0.0	-3.0257400000000003	-3.49275	-1.8814	0.122307	-0.42429399999999995	0.814135	-0.396432	0.0	0.318402	-0.275702	-0.9069780000000001	0.0	-0.8477	-0.51105	-0.142244	0.0	1.72617	1.26986	-0.11395999999999999	0.357435	
0	0.7580359999999999	0.54324	0.360933	0.0	-0.36451	-0.10603499999999999	0.925143	0.0	0.540846	-0.8328549999999999	0.117638	0.0	-3.02872	-3.38466	-1.87451	0.12230999999999999	-0.390018	0.795459	-0.463822	0.0	0.32864499999999996	-0.350286	-0.877093	0.0	-0.8601620000000001	-0.494515	-0.124806	0.0	1.7346099999999998	1.25539	-0.133924	0.35826199999999997	
0	0.768586	0.516493	0.37750500000000003	0.0	-0.338627	-0.172199	0.9250290000000001	0.0	0.5427770000000001	-0.8387979999999999	0.042548800000000005	0.0	-3.01708	-3.00221	-1.81415	0.122217	-0.321054	0.741474	-0.589187	0.0	0.36337800000000003	-0.47806099999999996	-0.7996340000000001	0.0	-0.874575	-0.47082299999999994	-0.115952	0.0	1.7405599999999999	1.2245700000000002	-0.188498	0.359352	
0	0.786882	0.483997	0.382836	0.0	-0.31164899999999995	-0.223775	0.923472	0.0	0.532626	-0.845974	-0.025247400000000003	0.0	-2.99165	-2.75612	-1.76345	0.12211500000000002	-0.27616399999999997	0.689575	-0.669493	0.0	0.383814	-0.559502	-0.7346060000000001	0.0	-0.8811479999999999	-0.45983199999999996	-0.11015499999999999	0.0	1.73843	1.13953	-0.24157199999999998	0.359481	
0	0.800717	0.45398999999999995	0.390827	0.0	-0.297097	-0.265569	0.9171729999999999	0.0	0.520179	-0.85051	-0.0777664	0.0	-2.8925	-2.43017	-1.76099	0.12222899999999999	-0.240473	0.645957	-0.724508	0.0	0.38961999999999997	-0.619404	-0.6815680000000001	0.0	-0.889027	-0.44618100000000005	-0.102728	0.0	1.73225	1.07456	-0.286825	0.35949200000000003	
0	0.8213729999999999	0.432515	0.371857	0.0	-0.27354	-0.273388	0.92219	0.0	0.500522	-0.8591799999999999	-0.106243	0.0	-2.8990299999999998	-2.21372	-1.75455	0.122216	-0.20686	0.59967	-0.773049	0.0	0.39181	-0.673236	-0.627087	0.0	-0.89649	-0.432608	-0.0956909	0.0	1.7115900000000002	1.0251299999999999	-0.3213	0.35935700000000004	
0	0.833514	0.423266	0.355106	0.0	-0.255797	-0.274057	0.9270709999999999	0.0	0.489717	-0.863562	-0.12015999999999999	0.0	-2.95792	-2.15663	-1.62684	0.122235	-0.1816	0.561721	-0.80715	0.0	0.395758	-0.709646	-0.582906	0.0	-0.9002209999999999	-0.425291	-0.0934339	0.0	1.67603	0.988345	-0.351569	0.35959	
0	0.834751	0.42286999999999997	0.352665	0.0	-0.248689	-0.28189699999999995	0.9266540000000001	0.0	0.49126899999999996	-0.8612290000000001	-0.130151	0.0	-2.98106	-2.12853	-1.56186	0.12223699999999998	-0.172798	0.540805	-0.8232079999999999	0.0	0.394574	-0.7277779999999999	-0.560937	0.0	-0.9024700000000001	-0.421746	-0.087629	0.0	1.6492	0.9566530000000001	-0.38540100000000005	0.359356	
0	0.8228559999999999	0.44163	0.357589	0.0	-0.2361	-0.30669	0.922062	0.0	0.516879	-0.843151	-0.148093	0.0	-2.9782900000000003	-2.07648	-1.44118	0.122072	-0.156091	0.49250200000000005	-0.8561989999999999	0.0	0.374096	-0.772772	-0.512714	0.0	-0.914159	-0.400331	-0.0636208	0.0	1.51624	0.860014	-0.51535	0.359265	
0	0.803958	0.462502	0.373822	0.0	-0.238952	-0.324392	0.9152450000000001	0.0	0.544567	-0.8251440000000001	-0.150282	0.0	-2.87353	-2.0121900000000004	-1.36595	0.12221800000000001	-0.14882	0.438467	-0.88634	0.0	0.345112	-0.816934	-0.462078	0.0	-0.926688	-0.374653	-0.0297445	0.0	1.36479	0.7846890000000001	-0.597819	0.359086	
0	0.765764	0.49273599999999995	0.41330100000000003	0.0	-0.251854	-0.361562	0.8976870000000001	0.0	0.5917560000000001	-0.791508	-0.152774	0.0	-2.66415	-1.9855599999999998	-1.3383399999999999	0.122072	-0.133598	0.375782	-0.9170280000000001	0.0	0.30794699999999997	-0.863776	-0.398823	0.0	-0.9419770000000001	-0.335677	-0.00032250599999999996	0.0	1.0706	0.6448189999999999	-0.744955	0.357978	
0	0.73933	0.514734	0.434097	0.0	-0.24960500000000002	-0.38925	0.886669	0.0	0.625371	-0.763893	-0.159304	0.0	-2.53662	-1.9668	-1.32999	0.122177	-0.108221	0.317162	-0.942176	0.0	0.275913	-0.900926	-0.334969	0.0	-0.9550709999999999	-0.29621	0.00998949	0.0	0.8534930000000001	0.562346	-0.856181	0.35683899999999996	
4	0.7079310000000001	0.544133	0.45028100000000004	0.0	-0.239804	-0.414483	0.8778940000000001	0.0	0.664325	-0.729468	-0.16294	0.0	-2.36688	-1.92465	-1.33707	0.122177	-0.0992481	0.286673	-0.952874	0.0	0.24781399999999998	-0.920309	-0.302687	0.0	-0.9637110000000001	-0.266177	0.0202971	0.0	0.5969869999999999	0.505138	-0.973453	0.344721	
4	0.694024	0.5557810000000001	0.45764399999999994	0.0	-0.23439200000000002	-0.426601	0.87354	0.0	0.680728	-0.713526	-0.165801	0.0	-2.30198	-1.91573	-1.34175	0.122177	-0.0988827	0.270867	-0.957525	0.0	0.237652	-0.927969	-0.287048	0.0	-0.966304	-0.255941	0.0273881	0.0	0.473272	0.497737	-1.0181200000000001	0.344306	
4	0.6664220000000001	0.576051	0.473337	0.0	-0.21282800000000002	-0.46146800000000004	0.861251	0.0	0.714553	-0.6746949999999999	-0.184933	0.0	-2.18098	-1.8667200000000002	-1.37066	0.122175	-0.11492000000000001	0.252577	-0.960728	0.0	0.23420700000000003	-0.932982	-0.273298	0.0	-0.9653709999999999	-0.256416	0.0480626	0.0	0.161633	0.453693	-1.10741	0.343748	
4	0.658161	0.58444	0.47461000000000003	0.0	-0.20142100000000002	-0.470728	0.858979	0.0	0.725434	-0.6609430000000001	-0.19209600000000002	0.0	-2.14954	-1.8369099999999998	-1.38686	0.122214	-0.124804	0.261332	-0.957147	0.0	0.244146	-0.9269379999999999	-0.284919	0.0	-0.961674	-0.269243	0.0518822	0.0	0.05909450000000001	0.416522	-1.13097	0.343321	
4	0.641667	0.5989180000000001	0.479126	0.0	-0.171771	-0.496605	0.8508100000000001	0.0	0.747502	-0.6282369999999999	-0.21577800000000003	0.0	-2.09571	-1.7180900000000001	-1.4138700000000002	0.122072	-0.14266500000000001	0.276019	-0.9505049999999999	0.0	0.27424299999999996	-0.9117059999999999	-0.30591399999999996	0.0	-0.9510190000000001	-0.30431199999999997	0.0543721	0.0	-0.184334	0.286995	-1.22709	0.34333600000000003	
4	0.634463	0.607635	0.47774099999999997	0.0	-0.154564	-0.505853	0.8486600000000001	0.0	0.757342	-0.6122850000000001	-0.22702600000000003	0.0	-2.07312	-1.66945	-1.41818	0.122232	-0.151002	0.276059	-0.949205	0.0	0.290419	-0.9054530000000001	-0.30953600000000003	0.0	-0.94491	-0.322407	0.0565523	0.0	-0.267468	0.213696	-1.28999	0.343079	
4	0.605617	0.6365970000000001	0.477465	0.0	-0.111482	-0.5262220000000001	0.843008	0.0	0.787909	-0.563769	-0.247719	0.0	-2.0434	-1.4207299999999998	-1.38164	0.122214	-0.18068199999999998	0.31740300000000005	-0.930919	0.0	0.332111	-0.871215	-0.361506	0.0	-0.925774	-0.374486	0.051999800000000006	0.0	-0.386945	0.046451099999999995	-1.35599	0.34315	
4	0.5899340000000001	0.65055	0.47829099999999997	0.0	-0.08927639999999999	-0.536162	0.8393799999999999	0.0	0.802501	-0.537879	-0.258222	0.0	-2.0331599999999996	-1.23851	-1.33213	0.12223599999999998	-0.179178	0.32271	-0.929384	0.0	0.34115	-0.865677	-0.36635999999999996	0.0	-0.922774	-0.382702	0.045018	0.0	-0.40176799999999996	-0.00407972	-1.40229	0.3438	
4	0.584631	0.655012	0.47871199999999997	0.0	-0.0844347	-0.537729	0.838879	0.0	0.806894	-0.530855	-0.259067	0.0	-2.02893	-1.13329	-1.29987	0.122233	-0.183336	0.32402800000000004	-0.928113	0.0	0.352854	-0.859511	-0.369778	0.0	-0.917542	-0.395282	0.0432442	0.0	-0.380562	-0.0323498	-1.4237799999999998	0.344004	
4	0.5874199999999999	0.656188	0.47366099999999994	0.0	-0.0866003	-0.530957	0.8429620000000001	0.0	0.804635	-0.536192	-0.255069	0.0	-2.03287	-1.00483	-1.19305	0.12223099999999999	-0.200876	0.33592	-0.920221	0.0	0.385734	-0.836357	-0.38950799999999997	0.0	-0.9004770000000001	-0.43320299999999995	0.0384284	0.0	-0.35278699999999996	-0.0767573	-1.43541	0.343612	
1	0.59342	0.651147	0.47313900000000003	0.0	-0.100162	-0.523519	0.8461059999999999	0.0	0.798637	-0.549487	-0.245446	0.0	-2.0217099999999997	-0.9956950000000001	-1.1614799999999998	0.1222	-0.212579	0.343613	-0.9147350000000001	0.0	0.407528	-0.8196540000000001	-0.40260300000000004	0.0	-0.8881049999999999	-0.45836499999999997	0.034209199999999995	0.0	-0.352637	-0.0778881	-1.38913	0.341983	
1	0.607168	0.64312	0.46663000000000004	0.0	-0.117997	-0.50778	0.853368	0.0	0.785763	-0.573198	-0.23242100000000002	0.0	-1.99745	-0.9957370000000001	-1.1439700000000002	0.122178	-0.21622600000000003	0.348543	-0.912011	0.0	0.420216	-0.809941	-0.409163	0.0	-0.881286	-0.471713	0.0286668	0.0	-0.329459	-0.101507	-1.36608	0.34068000000000004	
1	0.614751	0.640227	0.460642	0.0	-0.13328299999999998	-0.49131199999999997	0.860726	0.0	0.777378	-0.5905279999999999	-0.216703	0.0	-1.99587	-1.0352299999999999	-1.11513	0.122198	-0.21818600000000002	0.358673	-0.9076059999999999	0.0	0.42862799999999995	-0.800289	-0.419304	0.0	-0.87674	-0.480512	0.020874599999999997	0.0	-0.31462399999999996	-0.110632	-1.3628799999999999	0.340323	
1	0.6334850000000001	0.630236	0.44888599999999995	0.0	-0.160939	-0.460129	0.873144	0.0	0.756832	-0.625367	-0.190056	0.0	-2.16503	-1.21949	-0.990952	0.122235	-0.216192	0.377384	-0.900468	0.0	0.445862	-0.7823359999999999	-0.43492200000000003	0.0	-0.8686010000000001	-0.495511	0.000873521	0.0	-0.172933	-0.051619500000000006	-1.5044799999999998	0.344671	
1	0.638302	0.624632	0.44989399999999996	0.0	-0.164748	-0.46005	0.872475	0.0	0.751949	-0.631022	-0.190744	0.0	-2.19449	-1.26433	-0.989851	0.12206700000000001	-0.211659	0.382603	-0.899342	0.0	0.44916300000000003	-0.779177	-0.437192	0.0	-0.868017	-0.496487	-0.00693139	0.0	-0.14359	-0.0183724	-1.50296	0.344817	
1	0.647981	0.6198359999999999	0.442633	0.0	-0.170931	-0.447979	0.877552	0.0	0.742228	-0.644297	-0.184333	0.0	-2.2263	-1.32295	-0.984725	0.122215	-0.20795999999999998	0.379725	-0.901422	0.0	0.450858	-0.78062	-0.43285100000000004	0.0	-0.868032	-0.496429	-0.0088644	0.0	-0.0966246	0.058714800000000004	-1.48454	0.344828	
1	0.6537029999999999	0.61638	0.43903000000000003	0.0	-0.174572	-0.441676	0.880027	0.0	0.73634	-0.6519189999999999	-0.181123	0.0	-2.23395	-1.36037	-0.991452	0.122178	-0.20502399999999998	0.378327	-0.902682	0.0	0.45012700000000005	-0.782507	-0.430196	0.0	-0.869109	-0.494522	-0.00986281	0.0	-0.08263430000000001	0.0915303	-1.47576	0.344763	
1	0.6568729999999999	0.611297	0.441399	0.0	-0.179146	-0.442115	0.8788860000000001	0.0	0.73241	-0.656392	-0.180902	0.0	-2.25928	-1.45529	-1.03539	0.12222899999999999	-0.199655	0.381517	-0.902543	0.0	0.454901	-0.7797229999999999	-0.43023	0.0	-0.867873	-0.496465	-0.017877200000000003	0.0	-0.0384914	0.205681	-1.43445	0.34485	
1	0.655866	0.6154930000000001	0.43704499999999996	0.0	-0.174051	-0.440062	0.8809379999999999	0.0	0.734538	-0.653845	-0.18149400000000002	0.0	-2.27465	-1.46492	-1.05303	0.122234	-0.20460799999999998	0.39115500000000003	-0.897292	0.0	0.46599399999999996	-0.7672180000000001	-0.440712	0.0	-0.8608049999999999	-0.508306	-0.0252966	0.0	-0.0325347	0.20813	-1.43749	0.34511	
1	0.643297	0.6314960000000001	0.43287600000000004	0.0	-0.156776	-0.44476099999999996	0.881821	0.0	0.749393	-0.635138	-0.18711	0.0	-2.26392	-1.4048100000000001	-1.0522799999999999	0.122173	-0.24377600000000002	0.425359	-0.871575	0.0	0.49778999999999995	-0.7163970000000001	-0.488857	0.0	-0.832333	-0.553033	-0.037099099999999996	0.0	-0.0443697	0.0651284	-1.47606	0.345315	
1	0.637479	0.636881	0.433594	0.0	-0.150774	-0.448767	0.8808379999999999	0.0	0.755571	-0.62689	-0.190054	0.0	-2.2505	-1.36216	-1.0414299999999999	0.122214	-0.258391	0.439179	-0.86044	0.0	0.505681	-0.697422	-0.507829	0.0	-0.823117	-0.566326	-0.0418774	0.0	-0.06747130000000001	-0.014014700000000001	-1.50232	0.34528000000000003	
1	0.633775	0.638513	0.43661300000000003	0.0	-0.141305	-0.459383	0.876926	0.0	0.760502	-0.6174689999999999	-0.20092000000000002	0.0	-2.21988	-1.25478	-0.9835139999999999	0.12223099999999999	-0.294159	0.45548900000000003	-0.8402379999999999	0.0	0.510844	-0.668091	-0.54101	0.0	-0.80778	-0.588374	-0.0361586	0.0	-0.120931	-0.26618	-1.49357	0.345082	
