0	-0.551127	0.7065560000000001	-0.44388999999999995	0.0	-0.00273943	0.530438	0.847719	0.0	0.834417	0.46841700000000003	-0.290403	0.0	-2.8294799999999998	1.9418799999999998	1.36563	-3.33786e-05	-0.0963048	0.911291	-0.40034400000000003	0.0	0.450654	-0.318706	-0.8338690000000001	0.0	-0.887489	-0.26072199999999995	-0.379984	0.0	2.61215	2.06403	1.53124	-3.2343e-05	
0	-0.574462	0.68153	-0.45333199999999996	0.0	-0.000514686	0.553535	0.8328260000000001	0.0	0.818531	0.47866000000000003	-0.317634	0.0	-2.74382	1.93215	1.4225	-0.000382662	0.21273899999999998	0.919758	-0.329828	0.0	0.20502199999999998	-0.37205900000000003	-0.905283	0.0	-0.955358	0.12496700000000001	-0.26772199999999996	0.0	2.68367	2.02446	1.65202	0.0	
0	-0.571433	0.6870609999999999	-0.44878999999999997	0.0	0.00126836	0.54761	0.836733	0.0	0.8206479999999999	0.477567	-0.313794	0.0	-2.72973	1.93295	1.43499	0.0	0.23270300000000002	0.908583	-0.346881	0.0	0.187893	-0.39195399999999997	-0.900594	0.0	-0.954225	0.144395	-0.261925	0.0	2.66909	2.0365900000000003	1.67641	0.0	
0	-0.584166	0.6941930000000001	-0.42053199999999996	0.0	-0.014594799999999998	0.509062	0.860607	0.0	0.811503	0.5088739999999999	-0.287245	0.0	-2.67255	2.07205	1.34366	0.26392	0.29470999999999997	0.925952	-0.23613299999999998	0.0	0.18732200000000002	-0.298294	-0.9359120000000001	0.0	-0.937047	0.23159000000000002	-0.261361	0.0	2.71085	2.16761	1.59715	0.357369	
0	-0.5884510000000001	0.696026	-0.41142799999999996	0.0	-0.040235599999999996	0.483018	0.874685	0.0	0.807531	0.5312640000000001	-0.256227	0.0	-2.58047	2.12574	1.30405	0.297106	0.255245	0.9444520000000001	-0.207029	0.0	0.191598	-0.259282	-0.946606	0.0	-0.9477030000000001	0.20195	-0.247135	0.0	2.65002	2.16088	1.6359	0.35638800000000004	
0	-0.580194	0.7097640000000001	-0.399512	0.0	0.02828	0.5077729999999999	0.8610270000000001	0.0	0.813987	0.48826499999999995	-0.314679	0.0	-2.5712900000000003	1.95419	1.37427	-0.00897956	0.159355	0.947947	-0.275685	0.0	0.188354	-0.303318	-0.934089	0.0	-0.969087	0.0969254	-0.226885	0.0	2.55888	2.04183	1.78453	0.02362	
0	-0.546333	0.705225	-0.45186000000000004	0.0	0.00721234	0.543432	0.8394219999999999	0.0	0.8375370000000001	0.455345	-0.301981	0.0	-2.61192	1.8883299999999998	1.40404	0.0	0.170415	0.943276	-0.284938	0.0	0.18043	-0.31415	-0.9320700000000001	0.0	-0.9687129999999999	0.107427	-0.22373099999999999	0.0	2.57563	2.0225299999999997	1.79899	-0.00034523	
0	-0.49119799999999997	0.667813	-0.559241	0.0	-0.0521481	0.6183350000000001	0.7841819999999999	0.0	0.8694850000000001	0.41435200000000005	-0.2689	0.0	-2.54485	1.78635	1.43672	0.0	0.230317	0.920077	-0.316879	0.0	0.162189	-0.357373	-0.9197709999999999	0.0	-0.9595049999999999	0.160445	-0.23153600000000002	0.0	2.61214	2.062	1.7776900000000002	0.0	
0	-0.41111000000000003	0.687183	-0.5989720000000001	0.0	-0.0673408	0.6323770000000001	0.771728	0.0	0.9090950000000001	0.3576	-0.21370100000000003	0.0	-2.4172	1.62649	1.50125	0.0	0.30583	0.910117	-0.279562	0.0	0.128608	-0.33043	-0.935027	0.0	-0.9433600000000001	0.25000500000000003	-0.218104	0.0	2.6833	2.12491	1.72275	0.194018	
0	-0.327887	0.669299	-0.6667310000000001	0.0	-0.0274228	0.698706	0.714883	0.0	0.944319	0.252684	-0.210742	0.0	-2.31909	1.4729700000000001	1.5376299999999998	0.153068	0.298196	0.923587	-0.240971	0.0	0.150592	-0.294817	-0.9436129999999999	0.0	-0.94255	0.24509299999999998	-0.226998	0.0	2.661	2.2036599999999997	1.6907900000000002	0.356607	
0	-0.271494	0.6352180000000001	-0.723042	0.0	-0.042160500000000004	0.742689	0.668308	0.0	0.961516	0.21192600000000003	-0.174854	0.0	-2.17178	1.3690799999999999	1.54867	0.34215500000000004	0.182561	0.921824	-0.341924	0.0	0.12550799999999998	-0.366773	-0.9218059999999999	0.0	-0.975151	0.125371	-0.18265499999999998	0.0	2.5857900000000003	2.08331	1.81178	0.209356	
0	-0.142812	0.622364	-0.7695890000000001	0.0	-0.00450167	0.777143	0.629308	0.0	0.98974	0.0933371	-0.10818399999999999	0.0	-2.0276	1.1053	1.66855	0.0487077	0.170006	0.922482	-0.346591	0.0	0.137081	-0.370429	-0.91869	0.0	-0.9758620000000001	0.108672	-0.18943	0.0	2.53976	1.97144	1.85945	0.0	
0	-0.12216800000000001	0.6209479999999999	-0.774273	0.0	0.000683963	0.780169	0.625568	0.0	0.992509	0.07589510000000001	-0.0957367	0.0	-2.03646	0.9428719999999999	1.67472	0.0	0.19883199999999998	0.902207	-0.382739	0.0	0.12160699999999999	-0.410231	-0.9038370000000001	0.0	-0.97246	0.133168	-0.19128199999999998	0.0	2.56358	1.95563	1.8448900000000001	0.0	
0	-0.129875	0.596147	-0.792301	0.0	-0.0108871	0.798163	0.6023430000000001	0.0	0.9914709999999999	0.0868551	-0.09717100000000001	0.0	-2.02414	0.8854200000000001	1.6522700000000001	0.0	0.21338000000000001	0.8821180000000001	-0.419926	0.0	0.11106700000000001	-0.448941	-0.886632	0.0	-0.970635	0.142549	-0.193769	0.0	2.57633	1.94943	1.83309	0.0	
0	-0.11964000000000001	0.615707	-0.77884	0.0	0.00884736	0.785104	0.619301	0.0	0.992778	0.0672023	-0.09937710000000001	0.0	-2.04584	0.859232	1.63595	0.0	0.21255500000000002	0.8828020000000001	-0.41890600000000006	0.0	0.10518499999999999	-0.44688199999999995	-0.888388	0.0	-0.9714709999999999	0.144768	-0.187844	0.0	2.57018	1.9372	1.8177900000000002	0.0567014	
0	-0.105742	0.633437	-0.7665350000000001	0.0	0.0206568	0.7720899999999999	0.635178	0.0	0.994179	0.0513309	-0.09472749999999999	0.0	-2.06304	0.815096	1.61	0.00751698	0.152055	0.870808	-0.467517	0.0	0.148971	-0.487806	-0.8601469999999999	0.0	-0.977081	0.061143100000000006	-0.203899	0.0	2.5876099999999997	1.9058400000000002	1.8032299999999999	0.219092	
0	-0.0796691	0.660201	-0.7468520000000001	0.0	0.0385124	0.7507119999999999	0.659506	0.0	0.996077	0.0237791	-0.0852346	0.0	-2.06915	0.796829	1.60719	0.0110917	0.116638	0.876129	-0.467754	0.0	0.15742	-0.481324	-0.8622920000000001	0.0	-0.98062	0.0269421	-0.19405999999999998	0.0	2.55622	1.7921200000000002	1.80355	0.212835	
0	-0.0225634	0.712376	-0.701435	0.0	0.07244450000000001	0.7009340000000001	0.709538	0.0	0.997117	-0.034805699999999995	-0.0674232	0.0	-2.07773	0.769443	1.61889	0.00680064	0.06938079999999999	0.888666	-0.453276	0.0	0.168166	-0.45828800000000003	-0.87275	0.0	-0.9833139999999999	-0.0156734	-0.18124	0.0	2.50946	1.71138	1.7876299999999998	0.21489299999999997	
0	0.009978200000000001	0.728892	-0.684556	0.0	0.0745096	0.682145	0.72741	0.0	0.9971700000000001	-0.0582644	-0.0475029	0.0	-2.0670900000000003	0.7278020000000001	1.58381	0.00480843	-0.0190984	0.912641	-0.408315	0.0	0.201747	-0.396472	-0.8956049999999999	0.0	-0.979251	-0.0994811	-0.17655099999999999	0.0	2.50665	1.57592	1.7103099999999998	0.25144099999999997	
0	0.013553299999999999	0.722879	-0.690842	0.0	0.0864863	0.6874680000000001	0.721046	0.0	0.9961610000000001	-0.069521	-0.05320169999999999	0.0	-2.06548	0.785512	1.50296	0.00034523	-0.036728500000000004	0.912494	-0.407438	0.0	0.217689	-0.390617	-0.894444	0.0	-0.975327	-0.121546	-0.184293	0.0	2.50944	1.50729	1.58918	0.275519	
0	0.0172214	0.754836	-0.655687	0.0	0.090442	0.6519199999999999	0.752875	0.0	0.9957530000000001	-0.0722673	-0.0570419	0.0	-2.12105	0.966309	1.32212	0.0	-0.0492024	0.906106	-0.42018	0.0	0.23742399999999997	-0.39802	-0.8861209999999999	0.0	-0.970159	-0.14336	-0.195548	0.0	2.5258599999999998	1.47689	1.39957	0.32408200000000004	
0	0.0255696	0.7825489999999999	-0.6220640000000001	0.0	0.0710461	0.619272	0.7819560000000001	0.0	0.9971450000000001	-0.0641896	-0.039762599999999995	0.0	-2.15298	1.05239	1.2168	0.13606300000000002	-0.054994299999999996	0.887167	-0.45816	0.0	0.25150900000000004	-0.431751	-0.866218	0.0	-0.966291	-0.162869	-0.19938699999999998	0.0	2.5089	1.44934	1.2709700000000002	0.333259	
0	0.0500607	0.819903	-0.5703090000000001	0.0	0.0516003	0.5681390000000001	0.821313	0.0	0.9974120000000001	-0.0705437	-0.0138658	0.0	-2.1370299999999998	1.06806	1.1301299999999999	0.198691	-0.0733035	0.8542219999999999	-0.514714	0.0	0.253137	-0.48326499999999994	-0.8380790000000001	0.0	-0.964649	-0.191728	-0.180811	0.0	2.45397	1.40846	1.18265	0.356723	
0	0.0561741	0.837633	-0.543338	0.0	0.0411148	0.541794	0.839505	0.0	0.997574	-0.06949780000000001	-0.00400436	0.0	-2.14105	1.05742	1.06428	0.275808	-0.0864557	0.8381219999999999	-0.538588	0.0	0.23196399999999998	-0.5088189999999999	-0.829033	0.0	-0.968875	-0.196607	-0.150423	0.0	2.39017	1.37724	1.1460299999999999	0.35831399999999997	
0	0.0434593	0.8500190000000001	-0.5249560000000001	0.0	-0.00829479	0.525741	0.8506040000000001	0.0	0.9990209999999999	-0.0326124	0.029899000000000002	0.0	-2.11194	1.0376100000000001	1.00547	0.269548	-0.102224	0.83535	-0.540131	0.0	0.21511100000000002	-0.5115649999999999	-0.831883	0.0	-0.971225	-0.201227	-0.127399	0.0	2.3385599999999998	1.368	1.14639	0.358135	
0	0.048002800000000005	0.84611	-0.5308430000000001	0.0	-0.0320743	0.532487	0.84583	0.0	0.998332	-0.023575799999999997	0.052699199999999995	0.0	-2.0657099999999997	1.02627	0.995225	0.228496	-0.0961623	0.820564	-0.563407	0.0	0.201195	-0.5383220000000001	-0.8183699999999999	0.0	-0.97482	-0.192051	-0.113328	0.0	2.3214599999999996	1.38462	1.1632200000000001	0.355566	
0	0.04801230000000001	0.835284	-0.547719	0.0	-0.048489	0.549654	0.8339840000000001	0.0	0.997669	-0.013483199999999999	0.0668923	0.0	-2.03572	1.0286600000000001	1.0055100000000001	0.19026500000000002	-0.0902126	0.808211	-0.581943	0.0	0.18874100000000002	-0.559862	-0.8068029999999999	0.0	-0.977875	-0.18262	-0.102036	0.0	2.3113900000000003	1.39937	1.2072200000000002	0.35518099999999997	
0	0.07635	0.8240360000000001	-0.561369	0.0	-0.0642255	0.565908	0.8219629999999999	0.0	0.9950100000000001	-0.0267027	0.0961312	0.0	-2.01404	0.986233	1.08798	0.169034	-0.0758262	0.790114	-0.608252	0.0	0.16964300000000002	-0.590892	-0.788713	0.0	-0.982584	-0.162991	-0.0892322	0.0	2.3043099999999996	1.41725	1.2419799999999999	0.355329	
0	0.0654535	0.801201	-0.594805	0.0	-0.0872857	0.598396	0.7964319999999999	0.0	0.994031	-0.000211269	0.1091	0.0	-2.00695	0.970241	1.12572	0.16953900000000002	-0.0711459	0.784338	-0.61624	0.0	0.148584	-0.602579	-0.784105	0.0	-0.9863370000000001	-0.147349	-0.07366900000000001	0.0	2.2935	1.4108100000000001	1.2752	0.35622600000000004	
0	0.06982739999999998	0.794891	-0.602721	0.0	-0.10681199999999999	0.60668	0.787738	0.0	0.9918239999999999	0.009371700000000002	0.12726600000000002	0.0	-2.00052	0.946916	1.1424299999999998	0.171032	-0.0735425	0.780487	-0.620831	0.0	0.141226	-0.608093	-0.781203	0.0	-0.987242	-0.145129	-0.0655046	0.0	2.2683	1.39688	1.2851299999999999	0.35762	
0	0.0810684	0.7970659999999999	-0.598426	0.0	-0.10679200000000001	0.603892	0.78988	0.0	0.9909709999999999	-0.000127167	0.134077	0.0	-1.98373	0.912991	1.18049	0.173566	-0.0768163	0.774153	-0.62832	0.0	0.131235	-0.616849	-0.7760640000000001	0.0	-0.9883709999999999	-0.142072	-0.054212300000000005	0.0	2.25009	1.38162	1.31545	0.358063	
0	0.0806603	0.792249	-0.604843	0.0	-0.106528	0.610197	0.7850550000000001	0.0	0.9910329999999999	0.00110993	0.133615	0.0	-2.01485	0.8955770000000001	1.19506	0.172265	-0.0773127	0.772208	-0.630649	0.0	0.133872	-0.6187739999999999	-0.774079	0.0	-0.987978	-0.144272	-0.055537699999999995	0.0	2.24753	1.38637	1.3263	0.357734	
0	0.0794972	0.793533	-0.603312	0.0	-0.10933599999999999	0.608517	0.785972	0.0	0.990821	0.00348139	0.13513699999999998	0.0	-2.02333	0.8948	1.1901	0.172102	-0.0762392	0.77357	-0.629108	0.0	0.1324	-0.617503	-0.775345	0.0	-0.98826	-0.142406	-0.0553429	0.0	2.24932	1.38527	1.32669	0.358113	
0	0.0793611	0.793851	-0.602912	0.0	-0.11062000000000001	0.608097	0.786118	0.0	0.9906889999999999	0.00430694	0.136075	0.0	-2.02127	0.886117	1.19143	0.17371199999999998	-0.07656510000000001	0.77407	-0.6284529999999999	0.0	0.131164	-0.617006	-0.7759510000000001	0.0	-0.9884	-0.141841	-0.054289300000000006	0.0	2.2466	1.38727	1.345	0.358648	
0	0.0803314	0.789717	-0.60819	0.0	-0.11147	0.613452	0.781826	0.0	0.990516	0.00498956	0.137309	0.0	-2.0163599999999997	0.8819950000000001	1.19951	0.171475	-0.0769154	0.7732600000000001	-0.6294069999999999	0.0	0.133051	-0.617671	-0.7751	0.0	-0.9881200000000001	-0.143361	-0.0553751	0.0	2.24565	1.3935799999999998	1.36079	0.358995	
0	0.0785071	0.782049	-0.6182529999999999	0.0	-0.114824	0.623133	0.773641	0.0	0.9902790000000001	0.0102538	0.138718	0.0	-2.0142599999999997	0.885983	1.22085	0.171382	-0.076076	0.771421	-0.631761	0.0	0.134055	-0.619931	-0.77312	0.0	-0.98805	-0.143506	-0.056251	0.0	2.24918	1.39818	1.36028	0.35891300000000004	
0	0.0786992	0.7824439999999999	-0.6177279999999999	0.0	-0.11452799999999999	0.622644	0.774079	0.0	0.990298	0.00982794	0.13861300000000001	0.0	-2.0208	0.8906069999999999	1.22377	0.17197300000000001	-0.0738952	0.7701720000000001	-0.633541	0.0	0.132905	-0.6220060000000001	-0.771651	0.0	-0.9883700000000001	-0.14122200000000001	-0.05639690000000001	0.0	2.25314	1.38639	1.33503	0.35875	
0	0.07915599999999999	0.781582	-0.6187600000000001	0.0	-0.11520999999999999	0.623721	0.7731100000000001	0.0	0.990182	0.010091	0.139417	0.0	-2.0154799999999997	0.893582	1.2289	0.171791	-0.07343939999999999	0.770482	-0.6332180000000001	0.0	0.131402	-0.6219210000000001	-0.771976	0.0	-0.988605	-0.139899	-0.055569299999999995	0.0	2.25148	1.38339	1.32735	0.359222	
0	0.0802838	0.781806	-0.618332	0.0	-0.11468800000000001	0.623459	0.773399	0.0	0.990152	0.00882357	0.139717	0.0	-2.01263	0.8967709999999999	1.23363	0.171794	-0.0733162	0.770251	-0.633513	0.0	0.131327	-0.622235	-0.771736	0.0	-0.988625	-0.13977799999999999	-0.05553480000000001	0.0	2.25087	1.38266	1.32429	0.35925999999999997	
0	0.0811858	0.7818069999999999	-0.618213	0.0	-0.113061	0.6234810000000001	0.773621	0.0	0.990266	0.00708872	0.13901	0.0	-2.01497	0.897381	1.24024	0.17161600000000002	-0.0723722	0.769828	-0.634135	0.0	0.131177	-0.622933	-0.771199	0.0	-0.988714	-0.138997	-0.055901099999999995	0.0	2.25027	1.38605	1.32807	0.359237	
0	0.0808652	0.781195	-0.619028	0.0	-0.11311099999999999	0.624243	0.772999	0.0	0.9902860000000001	0.00751033	0.13884100000000002	0.0	-2.0171099999999997	0.8988950000000001	1.24233	0.171508	-0.069016	0.767536	-0.6372800000000001	0.0	0.12481199999999999	-0.627141	-0.768841	0.0	-0.989777	-0.132603	-0.052515099999999995	0.0	2.24385	1.39605	1.35087	0.35951500000000003	
0	0.0805462	0.7791560000000001	-0.621634	0.0	-0.113934	0.6267689999999999	0.77083	0.0	0.990218	0.00873753	0.139256	0.0	-2.01629	0.897092	1.2434399999999999	0.172362	-0.0669923	0.764596	-0.641019	0.0	0.12089100000000001	-0.631509	-0.765886	0.0	-0.990403	-0.128802	-0.0501269	0.0	2.23007	1.4003	1.35661	0.35970100000000005	
0	0.0802325	0.777792	-0.6233810000000001	0.0	-0.11435899999999999	0.62845	0.7693979999999999	0.0	0.990194	0.00955826	0.139369	0.0	-2.0123900000000003	0.896144	1.24482	0.17266600000000001	-0.0666698	0.7642369999999999	-0.64148	0.0	0.11905299999999999	-0.632225	-0.765584	0.0	-0.9906469999999999	-0.127411	-0.0488342	0.0	2.21809	1.40011	1.36069	0.360046	
0	0.08011979999999999	0.777379	-0.623909	0.0	-0.11436400000000001	0.628957	0.768983	0.0	0.990203	0.00974187	0.139296	0.0	-2.0133900000000002	0.8944129999999999	1.24711	0.17249	-0.0672163	0.764579	-0.641015	0.0	0.11968599999999999	-0.63165	-0.7659590000000001	0.0	-0.990534	-0.128206	-0.0490524	0.0	2.21467	1.40226	1.3636700000000002	0.360061	
0	0.08047610000000001	0.777382	-0.6238600000000001	0.0	-0.114275	0.628959	0.768994	0.0	0.9901840000000001	0.00940603	0.139452	0.0	-2.01158	0.899442	1.24615	0.172355	-0.067251	0.764505	-0.6411	0.0	0.11908900000000001	-0.631811	-0.7659199999999999	0.0	-0.990603	-0.127857	-0.048554400000000005	0.0	2.21431	1.4019700000000002	1.3649200000000001	0.360106	
0	0.0809001	0.7771020000000001	-0.624154	0.0	-0.11411500000000001	0.629311	0.76873	0.0	0.990168	0.00903481	0.13959000000000002	0.0	-2.0108200000000003	0.901991	1.24517	0.171969	-0.0673311	0.764195	-0.641461	0.0	0.11848	-0.632247	-0.765654	0.0	-0.9906709999999999	-0.127553	-0.047972100000000004	0.0	2.21524	1.40136	1.36263	0.36022600000000005	
0	0.0813941	0.777466	-0.623636	0.0	-0.11383900000000001	0.628869	0.7691319999999999	0.0	0.990159	0.00839138	0.139692	0.0	-2.0125599999999997	0.8974270000000001	1.2456200000000002	0.172286	-0.068276	0.764706	-0.640752	0.0	0.119772	-0.631323	-0.766216	0.0	-0.990451	-0.129058	-0.048486	0.0	2.2158599999999997	1.39927	1.36263	0.360173	
0	0.0815811	0.777803	-0.6231909999999999	0.0	-0.113955	0.628454	0.769455	0.0	0.990131	0.00824285	0.139905	0.0	-2.0131200000000002	0.8947290000000001	1.2496	0.17253	-0.0681539	0.764533	-0.640972	0.0	0.119655	-0.6315649999999999	-0.766034	0.0	-0.990474	-0.128903	-0.048436400000000004	0.0	2.21443	1.40183	1.36438	0.360034	
0	0.08207510000000001	0.777799	-0.623132	0.0	-0.113481	0.628468	0.769513	0.0	0.990144	0.00755554	0.139847	0.0	-2.0110900000000003	0.8983780000000001	1.24619	0.173348	-0.067937	0.76425	-0.641332	0.0	0.11925799999999999	-0.631988	-0.7657470000000001	0.0	-0.9905360000000001	-0.12850599999999998	-0.0482077	0.0	2.21424	1.40242	1.36697	0.360246	
0	0.08180839999999999	0.777478	-0.623567	0.0	-0.11352000000000001	0.628861	0.7691859999999999	0.0	0.9901620000000001	0.00786161	0.139706	0.0	-2.00996	0.8984989999999999	1.24673	0.17381	-0.06736639999999999	0.763999	-0.641691	0.0	0.11876700000000001	-0.6324380000000001	-0.765452	0.0	-0.990634	-0.127777	-0.0481328	0.0	2.21421	1.3999700000000002	1.36578	0.36012	
0	0.08155549999999999	0.777774	-0.6232310000000001	0.0	-0.114232	0.628488	0.769386	0.0	0.990101	0.00844505	0.140103	0.0	-2.00617	0.900856	1.24809	0.173969	-0.0668318	0.7625770000000001	-0.643436	0.0	0.11726700000000001	-0.634405	-0.764054	0.0	-0.990849	-0.12651700000000002	-0.0470269	0.0	2.2147799999999997	1.39654	1.36584	0.360161	
0	0.0821418	0.7786649999999999	-0.622039	0.0	-0.113114	0.6273989999999999	0.770438	0.0	0.990181	0.00707605	0.13961400000000002	0.0	-2.00845	0.894842	1.2496200000000002	0.173534	-0.0677232	0.763668	-0.642047	0.0	0.116398	-0.633083	-0.765283	0.0	-0.990891	-0.12656099999999998	-0.046015499999999994	0.0	2.21496	1.39953	1.36722	0.361083	
0	0.0817767	0.777594	-0.623426	0.0	-0.114015	0.628713	0.769234	0.0	0.990108	0.00817427	0.140071	0.0	-2.00547	0.8965110000000001	1.2479	0.17372200000000002	-0.069353	0.764227	-0.641208	0.0	0.121179	-0.6315430000000001	-0.765813	0.0	-0.9902049999999999	-0.13081199999999998	-0.0488093	0.0	2.2253	1.38907	1.33901	0.360641	
0	0.08243049999999999	0.778308	-0.622448	0.0	-0.11398399999999999	0.627838	0.769953	0.0	0.990057	0.00748166	0.140468	0.0	-2.00197	0.8972049999999999	1.24825	0.172777	-0.07000980000000001	0.7653989999999999	-0.639737	0.0	0.121075	-0.63005	-0.767058	0.0	-0.9901709999999999	-0.131158	-0.048560900000000004	0.0	2.2382400000000002	1.38493	1.32589	0.360781	
0	0.0827793	0.778678	-0.621939	0.0	-0.112845	0.627391	0.7704850000000001	0.0	0.990158	0.00640264	0.13980499999999998	0.0	-2.0034799999999997	0.896541	1.25158	0.171846	-0.06830460000000001	0.769257	-0.635279	0.0	0.12525799999999998	-0.625115	-0.770417	0.0	-0.98977	-0.132197	-0.053657500000000004	0.0	2.2438	1.3828799999999999	1.31851	0.36082800000000004	
0	0.0814677	0.7766350000000001	-0.624661	0.0	-0.112286	0.6299060000000001	0.768512	0.0	0.990331	0.00753164	0.138522	0.0	-2.00253	0.9048350000000001	1.24494	0.171465	-0.05509780000000001	0.77499	-0.629567	0.0	0.141529	-0.618097	-0.773257	0.0	-0.9884	-0.131706	-0.0756275	0.0	2.27232	1.39305	1.2675	0.360142	
0	0.0806765	0.7762899999999999	-0.625192	0.0	-0.111595	0.6303270000000001	0.768267	0.0	0.990474	0.00778714	0.137483	0.0	-2.00463	0.909675	1.24003	0.170033	-0.0474787	0.7744270000000001	-0.63088	0.0	0.144092	-0.619676	-0.771518	0.0	-0.988425	-0.12753499999999998	-0.0821674	0.0	2.28195	1.40543	1.24525	0.359739	
0	0.0828404	0.7754489999999999	-0.625953	0.0	-0.10869100000000001	0.6313949999999999	0.767806	0.0	0.990618	0.00443006	0.13658900000000002	0.0	-2.00828	0.913035	1.2168	0.163639	-0.042895800000000005	0.774228	-0.631451	0.0	0.14338900000000002	-0.6207189999999999	-0.77081	0.0	-0.9887360000000001	-0.123607	-0.0843892	0.0	2.29103	1.4368100000000001	1.23329	0.359661	
0	0.0948495	0.7778970000000001	-0.621193	0.0	-0.0976298	0.628267	0.771848	0.0	0.990693	-0.0125625	0.135537	0.0	-1.9928599999999999	0.922849	1.21422	0.16362100000000002	-0.0427044	0.775096	-0.6303989999999999	0.0	0.1418	-0.619884	-0.771775	0.0	-0.988974	-0.122349	-0.08343710000000001	0.0	2.28896	1.43716	1.23266	0.35991999999999996	
0	0.130176	0.779958	-0.6121439999999999	0.0	-0.0731767	0.623271	0.778575	0.0	0.9887870000000001	-0.056557100000000006	0.138209	0.0	-1.9832900000000002	0.904725	1.20897	0.164902	-0.0429401	0.776582	-0.628551	0.0	0.14288399999999998	-0.6178899999999999	-0.773172	0.0	-0.988807	-0.12301	-0.0844291	0.0	2.2888599999999997	1.4370100000000001	1.22957	0.360068	
0	0.417732	0.776325	-0.472037	0.0	0.00935054	0.515837	0.8566360000000001	0.0	0.9085219999999999	-0.36225799999999997	0.208223	0.0	-1.9905599999999999	0.580596	1.3105	0.191552	-0.042162	0.779105	-0.625474	0.0	0.142876	-0.614895	-0.775559	0.0	-0.988842	-0.122064	-0.08539010000000001	0.0	2.28792	1.40988	1.22017	0.36041599999999996	
0	0.546171	0.732284	-0.406764	0.0	0.0229988	0.472296	0.8811399999999999	0.0	0.837358	-0.490608	0.241112	0.0	-2.08118	0.370861	1.33091	0.196072	-0.0414404	0.7778	-0.6271439999999999	0.0	0.140903	-0.616861	-0.774357	0.0	-0.9891559999999999	-0.120456	-0.08403150000000001	0.0	2.28092	1.41795	1.22179	0.360661	
0	0.583254	0.711531	-0.391841	0.0	0.0349769	0.45994399999999996	0.887259	0.0	0.811537	-0.531203	0.243377	0.0	-2.1342	0.305978	1.28873	0.199935	-0.0416644	0.777521	-0.627475	0.0	0.141321	-0.617121	-0.7740739999999999	0.0	-0.989087	-0.12092699999999999	-0.08416839999999999	0.0	2.2780099999999996	1.41865	1.22567	0.36073299999999997	
0	0.685732	0.640165	-0.346352	0.0	0.0557185	0.428288	0.9019229999999999	0.0	0.725718	-0.637776	0.258022	0.0	-2.2357299999999998	0.195227	1.22056	0.229744	-0.0422888	0.777772	-0.627123	0.0	0.142298	-0.6165970000000001	-0.774312	0.0	-0.98892	-0.121983	-0.08459989999999999	0.0	2.27458	1.41372	1.2272399999999999	0.36104400000000003	
0	0.805029	0.534066	-0.258267	0.0	0.0644822	0.353998	0.9330200000000001	0.0	0.589721	-0.767762	0.25054099999999996	0.0	-2.40414	0.0172931	1.10896	0.24339	-0.0422543	0.778278	-0.626497	0.0	0.141969	-0.616017	-0.774834	0.0	-0.9889690000000001	-0.121683	-0.0844622	0.0	2.27317	1.4108	1.2264700000000002	0.361225	
0	0.8512799999999999	0.484555	-0.201317	0.0	0.0556854	0.298077	0.952916	0.0	0.521748	-0.8224090000000001	0.226764	0.0	-2.57274	-0.0859039	0.950371	0.246536	-0.042328199999999996	0.778792	-0.6258520000000001	0.0	0.14159000000000002	-0.615416	-0.775381	0.0	-0.9890200000000001	-0.12143499999999999	-0.0842198	0.0	2.2736099999999997	1.40303	1.2221799999999998	0.36128000000000005	
0	0.850734	0.49082299999999995	-0.188003	0.0	0.0470754	0.2851	0.957341	0.0	0.5234850000000001	-0.823293	0.219439	0.0	-2.63964	-0.121735	0.8541979999999999	0.24915700000000002	-0.0424563	0.778911	-0.625695	0.0	0.141995	-0.6151989999999999	-0.775479	0.0	-0.988957	-0.121769	-0.0844825	0.0	2.2736099999999997	1.40245	1.22307	0.36134499999999997	
0	0.8507120000000001	0.50956	-0.128987	0.0	0.00216812	0.24199	0.970276	0.0	0.5256270000000001	-0.8257049999999999	0.204759	0.0	-2.64982	-0.201737	0.6804399999999999	0.254749	-0.0425959	0.778978	-0.625604	0.0	0.141877	-0.61511	-0.775571	0.0	-0.988967	-0.121795	-0.0843181	0.0	2.2741700000000002	1.40377	1.22262	0.36127	
0	0.8648629999999999	0.49647600000000003	-0.0743197	0.0	-0.0363282	0.20955300000000002	0.9771219999999999	0.0	0.500692	-0.842377	0.199271	0.0	-2.6531700000000003	-0.276536	0.599567	0.260287	-0.0420305	0.778876	-0.625768	0.0	0.141812	-0.61533	-0.775409	0.0	-0.989001	-0.121332	-0.08459119999999999	0.0	2.27387	1.40426	1.22318	0.361274	
0	0.8859299999999999	0.463528	0.0164343	0.0	-0.09550189999999999	0.147628	0.9844209999999999	0.0	0.45388100000000003	-0.873698	0.175056	0.0	-2.7122	-0.429325	0.42618	0.258961	-0.0413442	0.77832	-0.626506	0.0	0.140441	-0.61629	-0.774896	0.0	-0.989226	-0.120024	-0.0838279	0.0	2.27366	1.40555	1.22262	0.361429	
0	0.875181	0.47670200000000007	0.082539	0.0	-0.137889	0.0822523	0.9870270000000001	0.0	0.463729	-0.875208	0.137718	0.0	-2.79495	-0.638981	0.0902092	0.259375	-0.0417446	0.7777689999999999	-0.627162	0.0	0.140678	-0.616881	-0.774382	0.0	-0.989175	-0.120554	-0.0836636	0.0	2.27025	1.4082299999999999	1.22522	0.36138400000000004	
0	0.8619129999999999	0.491313	0.125366	0.0	-0.176309	0.058575800000000004	0.982591	0.0	0.475416	-0.8690110000000001	0.13710999999999998	0.0	-2.78801	-0.753152	-0.113597	0.258569	-0.0424985	0.779018	-0.62556	0.0	0.14163499999999998	-0.615104	-0.77562	0.0	-0.9890059999999999	-0.121564	-0.0841956	0.0	2.27135	1.40945	1.22414	0.36138000000000003	
0	0.860129	0.49366000000000004	0.128365	0.0	-0.179047	0.05656030000000001	0.9822129999999999	0.0	0.47761899999999996	-0.867814	0.13703800000000002	0.0	-2.78281	-0.762333	-0.14224900000000001	0.25846199999999997	-0.04246880000000001	0.779103	-0.625456	0.0	0.141674	-0.614999	-0.7756970000000001	0.0	-0.989002	-0.121553	-0.08426030000000001	0.0	2.27331	1.40856	1.22195	0.36139699999999997	
0	0.847325	0.5059739999999999	0.161339	0.0	-0.201346	0.024945099999999998	0.979203	0.0	0.49142700000000006	-0.862188	0.12301199999999998	0.0	-2.74755	-0.831451	-0.402828	0.256438	-0.0421853	0.779237	-0.625308	0.0	0.140975	-0.614961	-0.775854	0.0	-0.9891139999999999	-0.12088299999999999	-0.08391080000000001	0.0	2.27241	1.41051	1.22009	0.361379	
0	0.8445950000000001	0.505466	0.176534	0.0	-0.220442	0.0278222	0.9750030000000001	0.0	0.48791899999999994	-0.862398	0.134924	0.0	-2.68161	-0.884016	-0.46916800000000003	0.257524	-0.0429128	0.78005	-0.6242439999999999	0.0	0.141496	-0.613776	-0.776697	0.0	-0.989008	-0.12165799999999999	-0.0840349	0.0	2.2721400000000003	1.4036799999999998	1.22072	0.361466	
0	0.844158	0.501239	0.190151	0.0	-0.23295	0.023503599999999996	0.9722049999999999	0.0	0.482838	-0.8649889999999999	0.136604	0.0	-2.62617	-0.932422	-0.502288	0.257231	-0.042834500000000005	0.780362	-0.623859	0.0	0.14183099999999998	-0.613358	-0.7769659999999999	0.0	-0.988964	-0.12176300000000001	-0.0844067	0.0	2.27284	1.40022	1.21993	0.36138400000000004	
0	0.847615	0.48724399999999995	0.210101	0.0	-0.254479	0.025836599999999998	0.966733	0.0	0.465607	-0.872883	0.145893	0.0	-2.60087	-1.08456	-0.5325529999999999	0.25698699999999997	-0.0427344	0.779825	-0.624537	0.0	0.141421	-0.614092	-0.776461	0.0	-0.989027	-0.121504	-0.08404099999999999	0.0	2.27704	1.4033200000000001	1.21692	0.36134099999999997	
0	0.8541270000000001	0.47339899999999996	0.21531199999999998	0.0	-0.262648	0.0353222	0.964245	0.0	0.44886800000000004	-0.8801389999999999	0.154507	0.0	-2.6090299999999997	-1.17308	-0.523501	0.25660700000000003	-0.0422423	0.779158	-0.625402	0.0	0.141257	-0.615016	-0.775759	0.0	-0.9890709999999999	-0.12111199999999998	-0.0840822	0.0	2.27641	1.40527	1.22114	0.361398	
0	0.853856	0.47186999999999996	0.219702	0.0	-0.27068600000000004	0.0420216	0.96175	0.0	0.444588	-0.880666	0.163609	0.0	-2.6162799999999997	-1.22454	-0.520881	0.256087	-0.0414851	0.7784979999999999	-0.626275	0.0	0.140031	-0.6160979999999999	-0.775122	0.0	-0.9892780000000001	-0.119854	-0.0834553	0.0	2.276	1.40898	1.2187700000000001	0.361294	
0	0.8511989999999999	0.465916	0.241625	0.0	-0.307573	0.0697816	0.9489620000000001	0.0	0.425275	-0.882073	0.202701	0.0	-2.63844	-1.3425200000000002	-0.518113	0.25490799999999997	-0.0404105	0.77841	-0.626454	0.0	0.138651	-0.616532	-0.775025	0.0	-0.989517	-0.118177	-0.0830132	0.0	2.2709599999999996	1.40772	1.2174200000000002	0.36141	
0	0.8506	0.45472399999999996	0.264018	0.0	-0.32391	0.057611	0.944332	0.0	0.4142	-0.888767	0.196293	0.0	-2.64972	-1.37801	-0.539072	0.254497	-0.0399676	0.77766	-0.627413	0.0	0.137562	-0.617653	-0.7743260000000001	0.0	-0.9896870000000001	-0.117256	-0.0822905	0.0	2.26828	1.41602	1.21661	0.361374	
0	0.853341	0.433076	0.290265	0.0	-0.345876	0.053676999999999996	0.936744	0.0	0.39010100000000003	-0.899758	0.195595	0.0	-2.6654299999999997	-1.41664	-0.578166	0.254661	-0.040094300000000006	0.777521	-0.627578	0.0	0.138078	-0.617746	-0.774161	0.0	-0.98961	-0.11769400000000001	-0.08259069999999999	0.0	2.2659599999999998	1.4158	1.21633	0.361455	
0	0.859157	0.396158	0.323896	0.0	-0.373081	0.0517266	0.926356	0.0	0.350229	-0.916724	0.19224000000000002	0.0	-2.68932	-1.4785700000000002	-0.66154	0.254857	-0.039918	0.7771170000000001	-0.628088	0.0	0.137544	-0.618332	-0.773788	0.0	-0.989691	-0.117278	-0.0822052	0.0	2.26703	1.4140700000000002	1.21964	0.36152399999999996	
0	0.8613780000000001	0.37600900000000004	0.341534	0.0	-0.387364	0.0512869	0.920499	0.0	0.3286	-0.9251959999999999	0.18983	0.0	-2.69778	-1.51432	-0.677864	0.25446799999999997	-0.0398382	0.776986	-0.628256	0.0	0.13738499999999998	-0.618525	-0.773662	0.0	-0.989716	-0.11713399999999999	-0.0821052	0.0	2.26613	1.4185299999999998	1.22252	0.361454	
0	0.8639629999999999	0.339831	0.371594	0.0	-0.41295699999999996	0.0558743	0.909035	0.0	0.28815599999999997	-0.938825	0.188609	0.0	-2.7450099999999997	-1.6372200000000001	-0.794816	0.25046599999999997	-0.040180900000000006	0.776766	-0.628506	0.0	0.137297	-0.6187560000000001	-0.773493	0.0	-0.989715	-0.117372	-0.08178560000000001	0.0	2.26666	1.41901	1.2227299999999999	0.361277	
0	0.863243	0.32910300000000003	0.382757	0.0	-0.42546000000000006	0.0662989	0.902546	0.0	0.271654	-0.9419639999999999	0.197252	0.0	-2.72858	-1.6880400000000002	-0.834635	0.24276799999999998	-0.040149699999999997	0.776601	-0.6287119999999999	0.0	0.13718699999999998	-0.618976	-0.7733359999999999	0.0	-0.9897309999999999	-0.1173	-0.0816879	0.0	2.2663900000000003	1.4139899999999999	1.2240799999999998	0.361392	
0	0.865333	0.312676	0.391705	0.0	-0.43611000000000005	0.08458289999999999	0.89591	0.0	0.246998	-0.9460860000000001	0.20955300000000002	0.0	-2.74553	-1.76128	-0.9209729999999999	0.238815	-0.0397936	0.776159	-0.6292810000000001	0.0	0.136818	-0.6196149999999999	-0.772889	0.0	-0.9897969999999999	-0.116853	-0.0815362	0.0	2.26499	1.41556	1.22779	0.361396	
0	0.864599	0.30658	0.398092	0.0	-0.44553000000000004	0.10144600000000001	0.889501	0.0	0.232318	-0.9464229999999999	0.22430100000000003	0.0	-2.7567	-1.85591	-0.983276	0.239123	-0.0403555	0.776146	-0.629261	0.0	0.137229	-0.619501	-0.772908	0.0	-0.989717	-0.11754400000000001	-0.0815092	0.0	2.26478	1.41569	1.2296799999999999	0.36140100000000003	
0	0.8638520000000001	0.303758	0.401858	0.0	-0.448031	0.0986197	0.8885620000000001	0.0	0.230277	-0.947631	0.221286	0.0	-2.75657	-1.86486	-0.9995059999999999	0.2399	-0.0404781	0.776338	-0.629016	0.0	0.137747	-0.619185	-0.773069	0.0	-0.98964	-0.11793699999999999	-0.0818746	0.0	2.2652900000000002	1.41449	1.22981	0.361358	
0	0.863931	0.297248	0.40653	0.0	-0.453795	0.10943	0.8843620000000001	0.0	0.218388	-0.948509	0.229429	0.0	-2.76187	-1.8869099999999999	-1.0329700000000002	0.240759	-0.0401245	0.776442	-0.6289100000000001	0.0	0.13739400000000002	-0.619151	-0.773159	0.0	-0.9897040000000001	-0.117431	-0.0818352	0.0	2.26645	1.4106299999999998	1.22945	0.36141799999999996	
0	0.8637950000000001	0.29672	0.407204	0.0	-0.460502	0.137005	0.877022	0.0	0.204441	-0.9450860000000001	0.254984	0.0	-2.79937	-1.95806	-1.1096	0.240958	-0.039739699999999996	0.7761680000000001	-0.629273	0.0	0.136654	-0.619631	-0.7729060000000001	0.0	-0.989821	-0.11670799999999999	-0.081443	0.0	2.26484	1.40499	1.23108	0.36140100000000003	
0	0.863894	0.2989	0.405397	0.0	-0.463743	0.15793900000000002	0.871778	0.0	0.196546	-0.941124	0.275055	0.0	-2.83585	-2.02495	-1.14155	0.242115	-0.0399	0.776011	-0.629456	0.0	0.13669800000000001	-0.619795	-0.772766	0.0	-0.989809	-0.116879	-0.0813495	0.0	2.26365	1.41056	1.23409	0.36143800000000004	
0	0.862605	0.304507	0.403965	0.0	-0.464725	0.161518	0.870599	0.0	0.199856	-0.938716	0.28083800000000003	0.0	-2.84853	-2.04083	-1.15278	0.244246	-0.039672900000000004	0.776151	-0.629297	0.0	0.13694800000000001	-0.619627	-0.772857	0.0	-0.989783	-0.116843	-0.08171030000000001	0.0	2.2636700000000003	1.40586	1.23189	0.361466	
0	0.859942	0.319015	0.398408	0.0	-0.465722	0.171099	0.868233	0.0	0.208812	-0.932177	0.295707	0.0	-2.87299	-2.07143	-1.1889399999999999	0.249602	-0.0392659	0.775645	-0.629947	0.0	0.136076	-0.620409	-0.772383	0.0	-0.98992	-0.116049	-0.08118589999999999	0.0	2.26301	1.41051	1.23448	0.36144699999999996	
0	0.8581780000000001	0.33164299999999997	0.391846	0.0	-0.46244399999999997	0.168027	0.870582	0.0	0.22288200000000002	-0.928321	0.297563	0.0	-2.86746	-2.08102	-1.2509	0.241302	-0.0405146	0.7753979999999999	-0.6301720000000001	0.0	0.13655499999999998	-0.620475	-0.772246	0.0	-0.9898040000000001	-0.11734000000000001	-0.08074630000000001	0.0	2.26087	1.41351	1.2345	0.361454	
0	0.8568870000000001	0.386081	0.341593	0.0	-0.43073500000000003	0.172175	0.8859020000000001	0.0	0.283217	-0.9062540000000001	0.313834	0.0	-2.8157	-2.04199	-1.27911	0.234933	-0.0420094	0.776532	-0.628676	0.0	0.137787	-0.6187159999999999	-0.773437	0.0	-0.9895709999999999	-0.11911500000000001	-0.0810042	0.0	2.2621900000000004	1.40524	1.23766	0.361322	
0	0.8568950000000001	0.397049	0.328759	0.0	-0.42079700000000003	0.17038699999999998	0.8910100000000001	0.0	0.29775799999999997	-0.9018430000000001	0.313081	0.0	-2.79584	-2.0249099999999998	-1.268	0.234816	-0.042085500000000005	0.776776	-0.628369	0.0	0.137981	-0.6183810000000001	-0.77367	0.0	-0.98954	-0.11926400000000001	-0.0811557	0.0	2.26274	1.4033	1.23805	0.361427	
0	0.8593209999999999	0.42126099999999994	0.290013	0.0	-0.38969899999999996	0.172092	0.9047200000000001	0.0	0.331214	-0.8904629999999999	0.31204699999999996	0.0	-2.71191	-1.89002	-1.1332200000000001	0.23542800000000003	-0.0393636	0.775428	-0.630208	0.0	0.135478	-0.620731	-0.77223	0.0	-0.9899979999999999	-0.115777	-0.0806191	0.0	2.26463	1.40917	1.2375399999999999	0.36135	
0	0.860311	0.419637	0.28943	0.0	-0.38706399999999996	0.168254	0.9065719999999999	0.0	0.331733	-0.891961	0.307178	0.0	-2.72169	-1.8730200000000001	-1.11368	0.234425	-0.03888080000000001	0.774659	-0.6311829999999999	0.0	0.134266	-0.6218819999999999	-0.771515	0.0	-0.990182	-0.11474300000000001	-0.0798314	0.0	2.2621	1.41154	1.2368700000000001	0.361362	
0	0.8589610000000001	0.422986	0.288563	0.0	-0.38528	0.162717	0.908341	0.0	0.337262	-0.891407	0.302735	0.0	-2.73902	-1.84929	-1.09924	0.234271	-0.039805400000000005	0.775289	-0.630351	0.0	0.134606	-0.6209399999999999	-0.7722140000000001	0.0	-0.990099	-0.115587	-0.07964199999999999	0.0	2.2610099999999997	1.41127	1.24135	0.36139499999999997	
0	0.85901	0.424992	0.285453	0.0	-0.384142	0.166473	0.908142	0.0	0.338433	-0.8897579999999999	0.306259	0.0	-2.76441	-1.8373	-1.0900100000000001	0.23413699999999998	-0.0404619	0.776595	-0.628699	0.0	0.136002	-0.619078	-0.773464	0.0	-0.9898819999999999	-0.1168	-0.0805698	0.0	2.25883	1.39998	1.23989	0.361475	
0	0.8552350000000001	0.436946	0.27865999999999996	0.0	-0.381705	0.167404	0.908998	0.0	0.350534	-0.8837729999999999	0.309954	0.0	-2.76316	-1.81234	-1.06941	0.23429699999999998	-0.0395778	0.776712	-0.628612	0.0	0.135291	-0.619146	-0.773534	0.0	-0.990015	-0.11565999999999999	-0.0805778	0.0	2.25805	1.40231	1.23989	0.361531	
0	0.855234	0.43638999999999994	0.279533	0.0	-0.381916	0.166116	0.9091450000000001	0.0	0.350308	-0.8842899999999999	0.308733	0.0	-2.75763	-1.8047799999999998	-1.07444	0.234317	-0.0394272	0.776332	-0.6290899999999999	0.0	0.134365	-0.619742	-0.7732180000000001	0.0	-0.9901469999999999	-0.115013	-0.0798772	0.0	2.2586	1.40311	1.2364899999999999	0.361532	
0	0.855568	0.435062	0.280578	0.0	-0.382133	0.165101	0.9092389999999999	0.0	0.349252	-0.885134	0.30750700000000003	0.0	-2.75667	-1.8033299999999999	-1.07426	0.23393000000000003	-0.0394344	0.776122	-0.6293489999999999	0.0	0.13426400000000002	-0.620012	-0.7730199999999999	0.0	-0.9901610000000001	-0.11498199999999999	-0.0797554	0.0	2.2577700000000003	1.4003	1.23546	0.36146	
0	0.8551770000000001	0.43536	0.281308	0.0	-0.382225	0.16308699999999998	0.9095639999999999	0.0	0.35011	-0.8853610000000001	0.305873	0.0	-2.76249	-1.7970599999999999	-1.09299	0.23401599999999997	-0.039219	0.775841	-0.629709	0.0	0.134009	-0.620417	-0.7727390000000001	0.0	-0.9902040000000001	-0.114693	-0.07963789999999998	0.0	2.25833	1.4024	1.23719	0.36134499999999997	
0	0.8549959999999999	0.43533299999999997	0.28189699999999995	0.0	-0.382802	0.16298800000000002	0.9093389999999999	0.0	0.349919	-0.885393	0.306001	0.0	-2.76831	-1.79699	-1.09691	0.233683	-0.039214	0.775928	-0.629602	0.0	0.133944	-0.620318	-0.772829	0.0	-0.9902129999999999	-0.11463699999999999	-0.0796057	0.0	2.25928	1.40057	1.2368299999999999	0.36144699999999996	
0	0.85462	0.434963	0.283604	0.0	-0.38293699999999997	0.159078	0.909974	0.0	0.35069	-0.886285	0.30251500000000003	0.0	-2.7681	-1.79277	-1.10899	0.232935	-0.038738999999999996	0.775089	-0.630663	0.0	0.133295	-0.621488	-0.772001	0.0	-0.9903190000000001	-0.113971	-0.0792395	0.0	2.25772	1.4077	1.24101	0.361469	
0	0.85283	0.436845	0.286091	0.0	-0.38462199999999996	0.154928	0.9099799999999999	0.0	0.353196	-0.8860950000000001	0.300147	0.0	-2.7692	-1.78798	-1.13166	0.226242	-0.0384949	0.774856	-0.630965	0.0	0.13276400000000002	-0.621869	-0.771785	0.0	-0.9904	-0.113479	-0.07893389999999999	0.0	2.25672	1.40752	1.24342	0.36151700000000003	
0	0.8528110000000001	0.43687600000000004	0.2861	0.0	-0.384637	0.154916	0.909976	0.0	0.353225	-0.8860809999999999	0.300153	0.0	-2.76925	-1.78804	-1.1309799999999999	0.22615700000000002	-0.038489300000000004	0.774858	-0.630963	0.0	0.13276300000000002	-0.621868	-0.771787	0.0	-0.9904	-0.113474	-0.07893739999999999	0.0	2.2566900000000003	1.40734	1.24325	0.36152199999999995	
0	0.8528110000000001	0.43687600000000004	0.286099	0.0	-0.384637	0.154916	0.909976	0.0	0.353225	-0.8860819999999999	0.300153	0.0	-2.76925	-1.78804	-1.1309799999999999	0.22615700000000002	-0.0384892	0.774858	-0.630963	0.0	0.13276300000000002	-0.621868	-0.771787	0.0	-0.9904	-0.113474	-0.0789372	0.0	2.2566900000000003	1.40734	1.24324	0.361521	
0	0.8528110000000001	0.43687600000000004	0.286099	0.0	-0.384637	0.154916	0.909976	0.0	0.353225	-0.8860819999999999	0.300153	0.0	-2.76925	-1.78804	-1.1309799999999999	0.226156	-0.038489300000000004	0.774858	-0.630963	0.0	0.13276300000000002	-0.621868	-0.771787	0.0	-0.9904	-0.113474	-0.07893739999999999	0.0	2.2566900000000003	1.40734	1.24324	0.361521	
0	0.8528110000000001	0.43687600000000004	0.286099	0.0	-0.384637	0.154916	0.909976	0.0	0.353225	-0.8860819999999999	0.300153	0.0	-2.76925	-1.78804	-1.1309799999999999	0.22615700000000002	-0.038489300000000004	0.774858	-0.630963	0.0	0.13276300000000002	-0.621868	-0.771787	0.0	-0.9904	-0.113474	-0.07893739999999999	0.0	2.2566900000000003	1.40734	1.24324	0.361521	
0	0.8528110000000001	0.43687600000000004	0.286099	0.0	-0.384637	0.154916	0.909976	0.0	0.353225	-0.8860819999999999	0.300153	0.0	-2.76925	-1.78804	-1.1309799999999999	0.22615700000000002	-0.038489300000000004	0.774858	-0.630963	0.0	0.13276300000000002	-0.621868	-0.771787	0.0	-0.9904	-0.113474	-0.07893739999999999	0.0	2.2566900000000003	1.40734	1.24324	0.36152199999999995	
0	0.8528110000000001	0.43687600000000004	0.286099	0.0	-0.384637	0.154916	0.909976	0.0	0.353225	-0.8860819999999999	0.300153	0.0	-2.76925	-1.78804	-1.1309799999999999	0.22615700000000002	-0.0384892	0.774858	-0.630963	0.0	0.13276300000000002	-0.621868	-0.771787	0.0	-0.9904	-0.113474	-0.07893739999999999	0.0	2.2566900000000003	1.40734	1.24324	0.361521	
0	0.8528110000000001	0.43687600000000004	0.286099	0.0	-0.384637	0.154916	0.909976	0.0	0.353225	-0.8860819999999999	0.300153	0.0	-2.76925	-1.78804	-1.1309799999999999	0.226156	-0.0384892	0.774858	-0.630963	0.0	0.13276300000000002	-0.621868	-0.771787	0.0	-0.9904	-0.113474	-0.07893739999999999	0.0	2.2566900000000003	1.40734	1.24324	0.361521	
0	0.8528110000000001	0.43687600000000004	0.286099	0.0	-0.384637	0.154916	0.909976	0.0	0.353225	-0.8860819999999999	0.300153	0.0	-2.76925	-1.78804	-1.1309799999999999	0.226156	-0.0384892	0.774858	-0.630963	0.0	0.13276300000000002	-0.621868	-0.771787	0.0	-0.9904	-0.113474	-0.07893739999999999	0.0	2.2566900000000003	1.40734	1.24324	0.361521	
