3	0.213873	0.8580610000000001	-0.466893	0.0	0.370793	0.370874	0.851449	0.0	0.9037540000000001	-0.355222	-0.23884299999999997	0.0	-2.73394	1.9686099999999997	1.4045	-2.21729e-05	-0.504762	0.700389	-0.504649	0.0	0.647814	-0.07906010000000001	-0.757685	0.0	-0.5705720000000001	-0.7093689999999999	-0.413815	0.0	2.63556	2.00858	1.5419200000000002	-2.2277199999999997e-05	
3	0.08078439999999999	0.915025	-0.395227	0.0	0.201072	0.373409	0.9056129999999999	0.0	0.97624	-0.152629	-0.15382	0.0	-2.73968	1.90488	1.46836	0.0	-0.110231	0.953617	-0.280113	0.0	0.206223	-0.253752	-0.9450299999999999	0.0	-0.972276	-0.161937	-0.16868699999999998	0.0	2.69223	2.00603	1.57871	3.1132e-05	
3	0.0648385	0.9308360000000001	-0.359638	0.0	0.19831400000000002	0.341188	0.9188379999999999	0.0	0.977992	-0.130897	-0.162476	0.0	-2.77011	1.9072200000000001	1.42167	0.0	-0.13029100000000002	0.962076	-0.23965300000000003	0.0	0.210466	-0.20936799999999997	-0.9549190000000001	0.0	-0.96888	-0.17485599999999998	-0.175206	0.0	2.72707	2.01609	1.55288	0.0	
3	-0.030066500000000003	0.915334	-0.401571	0.0	0.160913	0.400944	0.90186	0.0	0.986511	-0.0375022	-0.159344	0.0	-2.75495	2.05957	1.36401	0.0	-0.06190790000000001	0.9614030000000001	-0.26809099999999997	0.0	0.196941	-0.25155900000000003	-0.947593	0.0	-0.978459	-0.11146199999999999	-0.173767	0.0	2.72662	2.09559	1.46233	0.0	
3	-0.0743485	0.935369	-0.345771	0.0	0.180097	0.353624	0.9178860000000001	0.0	0.980835	0.00597087	-0.194749	0.0	-2.7994	2.25946	1.3095	0.148758	-0.016135299999999998	0.974409	-0.22420199999999998	0.0	0.165197	-0.21855100000000002	-0.961741	0.0	-0.986129	-0.0525552	-0.157443	0.0	2.77628	2.23926	1.46679	0.309925	
3	-0.0415795	0.9741549999999999	-0.22202	0.0	0.225754	0.22562600000000002	0.9476959999999999	0.0	0.973297	-0.010717200000000001	-0.2293	0.0	-2.7964700000000002	2.36928	1.2045	0.348812	-0.0460798	0.9863930000000001	-0.157816	0.0	0.192486	-0.146256	-0.970339	0.0	-0.980217	-0.07509049999999999	-0.18312799999999999	0.0	2.68934	2.30545	1.4390399999999999	0.360658	
3	0.051466	0.9459540000000001	-0.320191	0.0	0.192461	0.305211	0.932633	0.0	0.9799540000000001	-0.109623	-0.166351	0.0	-2.69125	2.23346	1.2905200000000001	0.024008599999999998	-0.0928215	0.977938	-0.187138	0.0	0.191332	-0.166928	-0.9672270000000001	0.0	-0.9771270000000001	-0.125585	-0.17161600000000002	0.0	2.63936	2.2808900000000003	1.51251	0.28535900000000003	
3	0.0591357	0.9428049999999999	-0.32805700000000004	0.0	0.186685	0.312389	0.93143	0.0	0.9806379999999999	-0.116324	-0.15753499999999998	0.0	-2.78615	2.15573	1.35887	0.0	-0.10878299999999999	0.971981	-0.208371	0.0	0.22441799999999998	-0.18019100000000002	-0.9576889999999999	0.0	-0.9684020000000001	-0.150943	-0.198528	0.0	2.6574400000000002	2.2685299999999997	1.5403	-0.00048828099999999997	
3	-0.0353774	0.9547950000000001	-0.295152	0.0	0.133438	0.297205	0.9454440000000001	0.0	0.990426	-0.00593722	-0.13792000000000001	0.0	-2.7799400000000003	2.1816400000000002	1.31703	0.0	-0.08518560000000001	0.974138	-0.20928200000000002	0.0	0.21507300000000001	-0.187116	-0.9585049999999999	0.0	-0.9728760000000001	-0.126661	-0.193571	0.0	2.70115	2.27842	1.50962	0.0	
3	-0.0473586	0.9881190000000001	-0.146209	0.0	0.20967399999999997	0.152947	0.965735	0.0	0.9766239999999999	0.0150795	-0.214427	0.0	-2.81353	2.39158	1.2159	0.351489	-0.0455692	0.994209	-0.09732589999999999	0.0	0.21069000000000002	-0.08567050000000001	-0.973792	0.0	-0.97649	-0.06488039999999999	-0.205566	0.0	2.7414099999999997	2.40188	1.43011	0.365215	
3	0.00109446	0.988799	-0.149248	0.0	0.218725	0.145398	0.964893	0.0	0.975786	-0.0337005	-0.21611599999999997	0.0	-2.81628	2.4188400000000003	1.21638	0.343683	-0.06795889999999999	0.9940469999999999	-0.0851553	0.0	0.221867	-0.06815779999999999	-0.972692	0.0	-0.972706	-0.0849961	-0.215914	0.0	2.68309	2.4395	1.40911	0.356338	
3	0.0770907	0.97196	-0.22214899999999999	0.0	0.203913	0.202732	0.9577680000000001	0.0	0.975949	-0.11913399999999999	-0.182566	0.0	-2.8067599999999997	2.28603	1.35103	-0.00034526699999999996	-0.11408299999999999	0.974318	-0.194138	0.0	0.23777800000000002	-0.162956	-0.9575530000000001	0.0	-0.9645969999999999	-0.15540199999999998	-0.213081	0.0	2.6544	2.39736	1.51195	0.00254067	
3	0.0111744	0.9627379999999999	-0.270204	0.0	0.186253	0.263488	0.9465110000000001	0.0	0.9824379999999999	-0.0609033	-0.176369	0.0	-2.85217	2.26744	1.35101	0.0	-0.0731238	0.972541	-0.220944	0.0	0.23769400000000002	-0.198159	-0.9509120000000001	0.0	-0.968584	-0.12205099999999999	-0.216677	0.0	2.7302299999999997	2.41805	1.47514	0.0	
3	-0.100614	0.9806940000000001	-0.167676	0.0	0.183308	0.183918	0.965698	0.0	0.977893	0.06642669999999999	-0.198274	0.0	-2.8727400000000003	2.4213400000000003	1.25791	0.23442	-0.00166535	0.991382	-0.13098800000000002	0.0	0.229395	-0.127117	-0.9649969999999999	0.0	-0.973332	-0.0316552	-0.22720700000000002	0.0	2.76143	2.54097	1.38906	0.304892	
3	-0.0563578	0.9966649999999999	-0.05902090000000001	0.0	0.21058600000000002	0.06965110000000001	0.9750909999999999	0.0	0.97595	0.042524900000000004	-0.21380900000000003	0.0	-2.87157	2.4988900000000003	1.1973	0.352069	-0.0362489	0.995317	-0.0896124	0.0	0.254815	-0.0775016	-0.963879	0.0	-0.96631	-0.0577742	-0.250813	0.0	2.69619	2.5823	1.35368	0.358721	
3	0.0505193	0.986347	-0.156743	0.0	0.174234	0.145833	0.9738459999999999	0.0	0.983408	-0.0765081	-0.16448800000000002	0.0	-2.81242	2.41091	1.31492	0.162447	-0.0925613	0.9827790000000001	-0.159931	0.0	0.24753499999999998	-0.132866	-0.959725	0.0	-0.9644469999999999	-0.128422	-0.23097399999999998	0.0	2.63139	2.4915599999999998	1.46852	-0.00890538	
3	0.06850389999999999	0.9811850000000001	-0.180508	0.0	0.172848	0.166524	0.9707690000000001	0.0	0.982563	-0.097702	-0.158189	0.0	-2.83337	2.30702	1.3988200000000002	0.0	-0.059896300000000006	0.9815959999999999	-0.181332	0.0	0.254263	-0.160663	-0.9536969999999999	0.0	-0.9652790000000001	-0.103229	-0.239961	0.0	2.72276	2.50287	1.44353	0.0	
3	-0.013768899999999999	0.9718870000000001	-0.23504699999999998	0.0	0.131971	0.234779	0.9630489999999999	0.0	0.991158	-0.0177593	-0.131493	0.0	-2.82444	2.27409	1.40224	0.0	0.0385219	0.984166	-0.173015	0.0	0.19584200000000002	-0.177222	-0.9644889999999999	0.0	-0.9798790000000001	0.00327036	-0.199568	0.0	2.7541	2.55008	1.41485	0.110854	
3	-0.0825568	0.990239	-0.1123	0.0	0.15165	0.12385499999999999	0.9806440000000001	0.0	0.984981	0.0639285	-0.160395	0.0	-2.80477	2.4236299999999997	1.35886	0.342647	-0.00977349	0.997656	-0.06773530000000001	0.0	0.24209899999999998	-0.0633625	-0.9681799999999999	0.0	-0.970202	-0.025861099999999998	-0.24091300000000002	0.0	2.74005	2.6291599999999997	1.3582100000000001	0.358564	
3	-0.0310255	0.995506	-0.0894692	0.0	0.144257	0.09303489999999999	0.985157	0.0	0.9890540000000001	0.0176585	-0.14649500000000001	0.0	-2.7604900000000003	2.42548	1.3477299999999999	0.347914	-0.0656199	0.997451	-0.028027299999999998	0.0	0.237033	-0.0117024	-0.9714309999999999	0.0	-0.969283	-0.07038849999999999	-0.235661	0.0	2.72617	2.58743	1.3746200000000002	0.358203	
3	0.0776696	0.996768	-0.020496	0.0	0.132872	0.0100256	0.991082	0.0	0.988085	-0.0797003	-0.131664	0.0	-2.7143599999999997	2.27909	1.38335	0.348981	-0.171206	0.9849709999999999	0.0228166	0.0	0.24772800000000003	0.0654511	-0.966616	0.0	-0.9535819999999999	-0.159838	-0.255211	0.0	2.70571	2.51194	1.34507	0.35871	
3	0.413854	0.90655	0.08301660000000001	0.0	0.130189	-0.149194	0.9802	0.0	0.9009860000000001	-0.394852	-0.179767	0.0	-2.67232	1.8368400000000003	1.3502299999999998	0.350057	-0.457963	0.8825770000000001	0.106438	0.0	0.208355	0.22296	-0.9523010000000001	0.0	-0.86421	-0.41394200000000003	-0.285997	0.0	2.57632	2.1538	1.1413	0.360146	
3	0.561075	0.8206829999999999	0.108049	0.0	0.09476180000000001	-0.193354	0.976542	0.0	0.8223229999999999	-0.537674	-0.186256	0.0	-2.71415	1.43203	1.15167	0.350758	-0.571354	0.811134	0.12496600000000001	0.0	0.130048	0.239823	-0.962067	0.0	-0.810335	-0.533429	-0.24251	0.0	2.36007	1.7614400000000001	0.911207	0.361471	
3	0.628312	0.770405	0.108173	0.0	0.0444656	-0.17438299999999998	0.9836729999999999	0.0	0.77669	-0.613243	-0.143824	0.0	-2.74171	1.12011	0.912803	0.351587	-0.69282	0.706203	0.145867	0.0	0.07342919999999999	0.27032	-0.959966	0.0	-0.7173619999999999	-0.654374	-0.239139	0.0	2.18436	1.48546	0.687291	0.362039	
3	0.783786	0.607468	0.129084	0.0	-0.040577800000000004	-0.157317	0.986714	0.0	0.619704	-0.7786109999999999	-0.0986533	0.0	-2.8005400000000003	0.623783	0.642229	0.351225	-0.7307739999999999	0.665602	0.151469	0.0	0.0547658	0.27834699999999996	-0.958918	0.0	-0.680419	-0.692457	-0.23986100000000002	0.0	2.14588	1.2933299999999999	0.484696	0.361765	
3	0.848089	0.51981	0.102673	0.0	-0.0478897	-0.11778399999999999	0.991884	0.0	0.527684	-0.846123	-0.07499760000000001	0.0	-2.89216	0.206127	0.309749	0.350815	-0.728718	0.66896	0.146499	0.0	0.057038099999999994	0.272472	-0.9604719999999999	0.0	-0.682434	-0.691557	-0.23671199999999998	0.0	2.14181	1.24774	0.442274	0.362084	
3	0.8689889999999999	0.49208999999999997	0.0520214	0.0	-0.0302199	-0.05215740000000001	0.998182	0.0	0.493909	-0.868981	-0.030453300000000003	0.0	-2.9615099999999996	-0.0900096	0.0411241	0.350429	-0.727409	0.6719579999999999	0.139099	0.0	0.0624534	0.266696	-0.9617549999999999	0.0	-0.6833560000000001	-0.690902	-0.235963	0.0	2.14688	1.2413399999999999	0.43878500000000004	0.362259	
3	0.8955190000000001	0.43416400000000005	0.09771339999999999	0.0	-0.0741471	-0.0709352	0.994721	0.0	0.438803	-0.8980370000000001	-0.0313318	0.0	-3.00562	-0.340688	-0.332415	0.34915100000000004	-0.726935	0.674517	0.128815	0.0	0.07134739999999999	0.260755	-0.962765	0.0	-0.68299	-0.6906770000000001	-0.237677	0.0	2.16173	1.24253	0.45172399999999996	0.362621	
3	0.902575	0.402989	0.15152000000000002	0.0	-0.12013800000000001	-0.102212	0.987482	0.0	0.41343199999999997	-0.909479	-0.0438394	0.0	-3.02573	-0.470783	-0.6409520000000001	0.34880300000000003	-0.728622	0.674002	0.12178199999999999	0.0	0.07786110000000002	0.25816300000000003	-0.962959	0.0	-0.680476	-0.6921510000000001	-0.24058200000000002	0.0	2.18443	1.24348	0.451275	0.362639	
3	0.9048719999999999	0.376804	0.19805699999999998	0.0	-0.167959	-0.11148800000000002	0.979469	0.0	0.39114899999999997	-0.919559	-0.037594999999999996	0.0	-3.02684	-0.600124	-0.9234979999999999	0.348841	-0.728554	0.675447	0.113935	0.0	0.0852178	0.254414	-0.963334	0.0	-0.679667	-0.692131	-0.24291500000000002	0.0	2.21794	1.2503	0.45486099999999996	0.36267	
3	0.907071	0.332436	0.258281	0.0	-0.237671	-0.102	0.9659760000000001	0.0	0.34747	-0.937594	-0.0135108	0.0	-3.0228900000000003	-0.776185	-1.1041299999999998	0.34792	-0.72811	0.67676	0.108866	0.0	0.08983189999999999	0.251662	-0.9636370000000001	0.0	-0.6795479999999999	-0.691854	-0.244033	0.0	2.23771	1.2634100000000001	0.46211199999999997	0.362808	
3	0.898223	0.35484	0.259393	0.0	-0.24839699999999998	-0.0770784	0.9655870000000001	0.0	0.362622	-0.931744	0.0189077	0.0	-2.99967	-0.9540129999999999	-1.24014	0.347592	-0.726028	0.679601	0.105002	0.0	0.09678989999999998	0.25216500000000003	-0.962832	0.0	-0.680819	-0.68888	-0.24885700000000002	0.0	2.2548	1.2946	0.46557	0.36286199999999996	
3	0.9160360000000001	0.32136	0.24001199999999998	0.0	-0.238123	-0.045802800000000005	0.9701540000000001	0.0	0.322762	-0.9458489999999999	0.0345661	0.0	-2.9992400000000004	-1.147	-1.3042	0.347337	-0.724929	0.681012	0.103442	0.0	0.09997660000000001	0.252605	-0.96239	0.0	-0.68153	-0.6873229999999999	-0.251206	0.0	2.26505	1.30272	0.45725299999999997	0.362829	
3	0.9238569999999999	0.315848	0.216169	0.0	-0.21847800000000003	-0.028541300000000002	0.975425	0.0	0.314256	-0.9483809999999999	0.042637699999999994	0.0	-3.0963700000000003	-1.3091700000000002	-1.4341	0.347127	-0.722942	0.683392	0.101638	0.0	0.10254	0.251605	-0.962383	0.0	-0.683258	-0.685325	-0.25196999999999997	0.0	2.28272	1.30303	0.4555	0.3629	
3	0.9259290000000001	0.319709	0.2011	0.0	-0.206327	-0.017818200000000003	0.9783209999999999	0.0	0.316361	-0.947348	0.0494661	0.0	-3.16281	-1.39985	-1.48181	0.347062	-0.722463	0.6840149999999999	0.100849	0.0	0.10289300000000001	0.2506	-0.962608	0.0	-0.683711	-0.685072	-0.251429	0.0	2.28757	1.30073	0.453721	0.362991	
3	0.9280219999999999	0.323702	0.184368	0.0	-0.19297	-0.00562014	0.981189	0.0	0.31864899999999996	-0.946142	0.0572493	0.0	-3.21277	-1.4368100000000001	-1.51796	0.34737199999999996	-0.7215189999999999	0.685149	0.0999094	0.0	0.10381800000000001	0.249717	-0.9627370000000001	0.0	-0.684567	-0.684261	-0.251307	0.0	2.28956	1.30671	0.45933100000000004	0.36309600000000003	
3	0.928132	0.335306	0.161678	0.0	-0.17872000000000002	0.020383000000000002	0.9836889999999999	0.0	0.326542	-0.941889	0.07884400000000001	0.0	-3.30186	-1.46833	-1.52576	0.347719	-0.7190000000000001	0.6880470000000001	0.09814010000000001	0.0	0.10420499999999999	0.24633200000000002	-0.9635670000000001	0.0	-0.687154	-0.682578	-0.248811	0.0	2.27984	1.32108	0.455225	0.363071	
3	0.9278059999999999	0.343118	0.14644200000000002	0.0	-0.18019200000000002	0.06845119999999999	0.981247	0.0	0.32666	-0.936795	0.12533699999999998	0.0	-3.3327400000000003	-1.5172299999999999	-1.54141	0.348059	-0.716835	0.690653	0.0956405	0.0	0.10493399999999999	0.24247	-0.964467	0.0	-0.6893020000000001	-0.6813279999999999	-0.246284	0.0	2.26817	1.33302	0.463163	0.363137	
3	0.930449	0.340609	0.13509100000000002	0.0	-0.197187	0.154703	0.968083	0.0	0.308839	-0.9273899999999999	0.21110700000000002	0.0	-3.36049	-1.62435	-1.51585	0.347837	-0.715024	0.693063	0.0916804	0.0	0.106985	0.238073	-0.9653370000000001	0.0	-0.690866	-0.68043	-0.244375	0.0	2.25508	1.3477299999999999	0.47589	0.363179	
3	0.934681	0.336463	0.114738	0.0	-0.20264300000000002	0.23910599999999999	0.9496129999999999	0.0	0.292075	-0.9108350000000001	0.291669	0.0	-3.39095	-1.76469	-1.4710299999999998	0.347355	-0.714895	0.693779	0.0871575	0.0	0.11170699999999999	0.23636500000000002	-0.9652219999999999	0.0	-0.6902510000000001	-0.680296	-0.246477	0.0	2.2507	1.36479	0.48355299999999996	0.363181	
3	0.934783	0.33827199999999996	0.10840899999999999	0.0	-0.20494600000000002	0.264329	0.9424049999999999	0.0	0.290133	-0.9031629999999999	0.316418	0.0	-3.4313800000000003	-1.8349	-1.5076	0.347525	-0.715137	0.69375	0.0853768	0.0	0.115309	0.237562	-0.9645040000000001	0.0	-0.689407	-0.679908	-0.249885	0.0	2.2482900000000003	1.3916899999999999	0.486705	0.363052	
3	0.9270290000000001	0.36138899999999996	0.100082	0.0	-0.21299099999999999	0.287781	0.9337120000000001	0.0	0.308631	-0.8868940000000001	0.343754	0.0	-3.4129400000000003	-1.89497	-1.50775	0.347935	-0.714789	0.694174	0.08485060000000001	0.0	0.11829200000000001	0.23959299999999997	-0.9636399999999999	0.0	-0.689264	-0.678762	-0.253373	0.0	2.2490900000000003	1.40773	0.48331899999999994	0.362992	
3	0.931797	0.35339	0.082883	0.0	-0.201043	0.312341	0.9284530000000001	0.0	0.302218	-0.881793	0.362085	0.0	-3.3643699999999996	-1.9392900000000002	-1.48825	0.34710799999999997	-0.714846	0.694228	0.08392039999999999	0.0	0.118496	0.23853200000000002	-0.963878	0.0	-0.6891689999999999	-0.679081	-0.252777	0.0	2.2496	1.4129399999999999	0.482249	0.363167	
3	0.930774	0.359763	0.0650332	0.0	-0.19176400000000002	0.328982	0.9246610000000001	0.0	0.311264	-0.873122	0.375197	0.0	-3.3422099999999997	-1.98318	-1.4591100000000001	0.343652	-0.715483	0.693645	0.0833114	0.0	0.119002	0.23850900000000003	-0.963822	0.0	-0.68842	-0.6796840000000001	-0.25319400000000003	0.0	2.2501900000000004	1.41204	0.48669700000000005	0.363129	
3	0.9307850000000001	0.36299499999999996	0.0432846	0.0	-0.175672	0.340304	0.92376	0.0	0.32059	-0.867426	0.38051799999999997	0.0	-3.30849	-2.01048	-1.45079	0.343304	-0.71558	0.6935640000000001	0.0831552	0.0	0.120932	0.240248	-0.963149	0.0	-0.687984	-0.679154	-0.255791	0.0	2.2530200000000002	1.41323	0.481493	0.363108	
3	0.9310120000000001	0.362451	0.042965699999999996	0.0	-0.17549800000000002	0.34133	0.923415	0.0	0.320027	-0.86725	0.381392	0.0	-3.28174	-2.02028	-1.45438	0.34375500000000003	-0.716745	0.692231	0.08422180000000001	0.0	0.12111300000000001	0.242513	-0.962559	0.0	-0.686738	-0.679708	-0.257658	0.0	2.2561299999999997	1.4135	0.48077700000000007	0.363189	
3	0.932629	0.358475	0.0412149	0.0	-0.173733	0.345987	0.9220139999999999	0.0	0.316259	-0.867058	0.384957	0.0	-3.27195	-2.02602	-1.4481700000000002	0.343828	-0.716497	0.692519	0.0839613	0.0	0.12120299999999999	0.24211100000000002	-0.962649	0.0	-0.6869810000000001	-0.679558	-0.257407	0.0	2.26063	1.41098	0.477332	0.363247	
3	0.93404	0.354877	0.040392199999999996	0.0	-0.172058	0.347965	0.9215840000000001	0.0	0.31299299999999997	-0.8677459999999999	0.386073	0.0	-3.27392	-2.0253400000000004	-1.44612	0.343771	-0.715533	0.693669	0.082683	0.0	0.121821	0.240446	-0.962988	0.0	-0.687875	-0.678977	-0.25655100000000003	0.0	2.26287	1.41371	0.478838	0.363169	
3	0.934685	0.35324	0.039827800000000003	0.0	-0.17102799999999999	0.348645	0.9215180000000001	0.0	0.311632	-0.8681409999999999	0.386287	0.0	-3.2837400000000003	-2.0236	-1.44682	0.343821	-0.714767	0.694569	0.08174239999999999	0.0	0.12181099999999999	0.238735	-0.9634149999999999	0.0	-0.688673	-0.67866	-0.255247	0.0	2.25972	1.41805	0.480832	0.363174	
3	0.935444	0.351192	0.0401112	0.0	-0.170237	0.34815799999999997	0.921849	0.0	0.309781	-0.869166	0.385468	0.0	-3.2915300000000003	-2.0223299999999997	-1.44254	0.343543	-0.714013	0.695344	0.0817479	0.0	0.1209	0.23746	-0.963844	0.0	-0.689615	-0.6783140000000001	-0.253616	0.0	2.25663	1.42136	0.48357	0.363234	
3	0.9365379999999999	0.348138	0.04119930000000001	0.0	-0.169404	0.346535	0.9226139999999999	0.0	0.30691999999999997	-0.871042	0.383519	0.0	-3.3052099999999998	-2.0188599999999997	-1.44244	0.34376799999999996	-0.713942	0.69555	0.08060419999999999	0.0	0.12170999999999998	0.236636	-0.963945	0.0	-0.689546	-0.6783899999999999	-0.2536	0.0	2.25276	1.42492	0.487807	0.36334	
3	0.9377700000000001	0.345017	0.0393718	0.0	-0.168346	0.352524	0.920536	0.0	0.303721	-0.8698790000000001	0.388669	0.0	-3.3172699999999997	-2.01817	-1.44789	0.336929	-0.714166	0.695244	0.0812597	0.0	0.12300499999999999	0.238933	-0.9632139999999999	0.0	-0.689084	-0.677899	-0.256156	0.0	2.25276	1.43067	0.48807399999999995	0.363483	
3	0.938577	0.342893	0.0387023	0.0	-0.167433	0.35446700000000003	0.919956	0.0	0.301728	-0.86993	0.390106	0.0	-3.3317	-2.01674	-1.44694	0.33564499999999997	-0.714002	0.695399	0.0813736	0.0	0.123321	0.23931599999999997	-0.9630780000000001	0.0	-0.689198	-0.677604	-0.25663	0.0	2.25108	1.4314799999999999	0.483754	0.36336599999999997	
3	0.9385629999999999	0.34293	0.0387079	0.0	-0.167439	0.354423	0.9199719999999999	0.0	0.301767	-0.869933	0.390069	0.0	-3.3313699999999997	-2.0167599999999997	-1.4469999999999998	0.33564299999999997	-0.7140029999999999	0.695398	0.0813707	0.0	0.123324	0.23931599999999997	-0.9630780000000001	0.0	-0.689196	-0.677606	-0.256632	0.0	2.25113	1.43151	0.483782	0.363365	
3	0.9385629999999999	0.342929	0.0387079	0.0	-0.167439	0.354423	0.9199719999999999	0.0	0.301766	-0.869933	0.390069	0.0	-3.3313699999999997	-2.0167599999999997	-1.4469999999999998	0.33564299999999997	-0.7140029999999999	0.695398	0.0813705	0.0	0.123324	0.23931599999999997	-0.9630780000000001	0.0	-0.689196	-0.677606	-0.256632	0.0	2.25113	1.43151	0.483782	0.363365	
3	0.9385629999999999	0.342929	0.0387079	0.0	-0.167439	0.354423	0.9199719999999999	0.0	0.301766	-0.869933	0.39006799999999997	0.0	-3.3313699999999997	-2.0167599999999997	-1.4469999999999998	0.335644	-0.7140029999999999	0.695398	0.0813706	0.0	0.123324	0.23931599999999997	-0.9630780000000001	0.0	-0.689196	-0.677606	-0.256632	0.0	2.25113	1.4315200000000001	0.483782	0.363365	
3	0.9385629999999999	0.342929	0.0387079	0.0	-0.167439	0.354423	0.9199719999999999	0.0	0.301766	-0.869933	0.390069	0.0	-3.3313699999999997	-2.0167599999999997	-1.4469999999999998	0.33564299999999997	-0.7140029999999999	0.695398	0.0813706	0.0	0.123324	0.23931599999999997	-0.9630780000000001	0.0	-0.689196	-0.677606	-0.256632	0.0	2.25113	1.43151	0.483782	0.363365	
3	0.9385629999999999	0.342929	0.0387079	0.0	-0.167439	0.354423	0.9199719999999999	0.0	0.301766	-0.869933	0.390069	0.0	-3.3313699999999997	-2.0167599999999997	-1.4469999999999998	0.33564299999999997	-0.7140029999999999	0.695398	0.0813705	0.0	0.123324	0.23931599999999997	-0.9630780000000001	0.0	-0.689196	-0.677606	-0.256632	0.0	2.25113	1.43151	0.483782	0.363365	
3	0.9385629999999999	0.342929	0.0387079	0.0	-0.167439	0.354423	0.9199719999999999	0.0	0.301766	-0.869933	0.390069	0.0	-3.3313699999999997	-2.0167599999999997	-1.4469999999999998	0.33564299999999997	-0.7140029999999999	0.695398	0.0813707	0.0	0.123324	0.23931599999999997	-0.9630780000000001	0.0	-0.689196	-0.677606	-0.256632	0.0	2.25113	1.43151	0.483782	0.363365	
3	0.9385629999999999	0.342929	0.0387079	0.0	-0.167439	0.354423	0.9199719999999999	0.0	0.301766	-0.869933	0.390069	0.0	-3.3313699999999997	-2.0167599999999997	-1.4469999999999998	0.33564299999999997	-0.7140029999999999	0.695398	0.0813705	0.0	0.123324	0.23931599999999997	-0.9630780000000001	0.0	-0.689196	-0.677606	-0.256632	0.0	2.25113	1.43151	0.483782	0.363365	
3	0.9385629999999999	0.342929	0.038708	0.0	-0.167439	0.354423	0.9199719999999999	0.0	0.301766	-0.869933	0.390069	0.0	-3.3313699999999997	-2.0167599999999997	-1.4469999999999998	0.33564299999999997	-0.7140029999999999	0.695398	0.0813705	0.0	0.123324	0.23931599999999997	-0.9630780000000001	0.0	-0.689196	-0.677606	-0.256632	0.0	2.25113	1.43151	0.483782	0.363365	
3	0.9385629999999999	0.342929	0.0387079	0.0	-0.167439	0.354423	0.9199719999999999	0.0	0.301766	-0.869933	0.390069	0.0	-3.3313699999999997	-2.0167599999999997	-1.4469999999999998	0.33564299999999997	-0.7140029999999999	0.695398	0.0813705	0.0	0.123324	0.23931599999999997	-0.9630780000000001	0.0	-0.689196	-0.677606	-0.256632	0.0	2.25113	1.43151	0.483782	0.363365	
3	0.9385629999999999	0.342929	0.0387079	0.0	-0.167439	0.354423	0.9199719999999999	0.0	0.301766	-0.869933	0.390069	0.0	-3.3313699999999997	-2.0167599999999997	-1.4469999999999998	0.33564299999999997	-0.7140029999999999	0.695398	0.0813706	0.0	0.123324	0.23931599999999997	-0.9630780000000001	0.0	-0.689196	-0.677606	-0.256632	0.0	2.25113	1.43151	0.483782	0.363365	
3	0.9385629999999999	0.342929	0.0387079	0.0	-0.167439	0.354423	0.9199719999999999	0.0	0.301766	-0.869933	0.390069	0.0	-3.3313699999999997	-2.0167599999999997	-1.4469999999999998	0.33564299999999997	-0.7140029999999999	0.695398	0.0813705	0.0	0.123324	0.23931599999999997	-0.9630780000000001	0.0	-0.689196	-0.677606	-0.256632	0.0	2.25113	1.4315200000000001	0.483782	0.363365	
3	0.9385629999999999	0.342929	0.0387079	0.0	-0.167439	0.354423	0.9199719999999999	0.0	0.301766	-0.869933	0.390069	0.0	-3.3313699999999997	-2.0167599999999997	-1.4469999999999998	0.33564299999999997	-0.7140029999999999	0.695398	0.0813705	0.0	0.123324	0.23931599999999997	-0.9630780000000001	0.0	-0.689196	-0.677606	-0.256632	0.0	2.25113	1.4315200000000001	0.483782	0.363365	
3	0.9385629999999999	0.342929	0.0387079	0.0	-0.167439	0.354423	0.9199719999999999	0.0	0.301766	-0.869933	0.390069	0.0	-3.3313699999999997	-2.0167599999999997	-1.4469999999999998	0.33564299999999997	-0.7140029999999999	0.695398	0.0813705	0.0	0.123324	0.23931599999999997	-0.9630780000000001	0.0	-0.689196	-0.677606	-0.256632	0.0	2.25113	1.43151	0.483782	0.363365	
3	0.9385629999999999	0.342929	0.038708	0.0	-0.167439	0.354423	0.9199719999999999	0.0	0.301766	-0.869933	0.390069	0.0	-3.3313699999999997	-2.0167599999999997	-1.4469999999999998	0.33564299999999997	-0.7140029999999999	0.695398	0.0813705	0.0	0.123324	0.23931599999999997	-0.9630780000000001	0.0	-0.689196	-0.677606	-0.256632	0.0	2.25113	1.43151	0.483782	0.363365	
3	0.9385629999999999	0.342929	0.0387079	0.0	-0.167439	0.354423	0.9199719999999999	0.0	0.301766	-0.869933	0.390069	0.0	-3.3313699999999997	-2.0167599999999997	-1.4469999999999998	0.33564299999999997	-0.7140029999999999	0.695398	0.0813705	0.0	0.123324	0.23931599999999997	-0.9630780000000001	0.0	-0.689196	-0.677606	-0.256632	0.0	2.25113	1.4315200000000001	0.483782	0.363365	
3	0.9385629999999999	0.342929	0.0387079	0.0	-0.167439	0.354423	0.9199719999999999	0.0	0.301766	-0.869933	0.390069	0.0	-3.3313699999999997	-2.0167599999999997	-1.4469999999999998	0.33564299999999997	-0.7140029999999999	0.695398	0.0813706	0.0	0.123324	0.23931599999999997	-0.9630780000000001	0.0	-0.689196	-0.677606	-0.256632	0.0	2.25113	1.4315200000000001	0.483782	0.363365	
3	0.9385629999999999	0.342929	0.0387079	0.0	-0.167439	0.354423	0.9199719999999999	0.0	0.301766	-0.869933	0.390069	0.0	-3.3313699999999997	-2.0167599999999997	-1.4469999999999998	0.33564299999999997	-0.7140029999999999	0.695398	0.0813705	0.0	0.123324	0.23931599999999997	-0.9630780000000001	0.0	-0.689196	-0.677606	-0.256632	0.0	2.25113	1.43151	0.483782	0.363365	
3	0.9385629999999999	0.342929	0.0387079	0.0	-0.167439	0.354423	0.9199719999999999	0.0	0.301766	-0.869933	0.390069	0.0	-3.3313699999999997	-2.0167599999999997	-1.4469999999999998	0.33564299999999997	-0.7140029999999999	0.695398	0.0813705	0.0	0.123324	0.23931599999999997	-0.9630780000000001	0.0	-0.689196	-0.677606	-0.256632	0.0	2.25113	1.4315200000000001	0.483782	0.363365	
3	0.9385629999999999	0.342929	0.0387079	0.0	-0.167439	0.354423	0.9199719999999999	0.0	0.301766	-0.869933	0.390069	0.0	-3.3313699999999997	-2.0167599999999997	-1.4469999999999998	0.33564299999999997	-0.7140029999999999	0.695398	0.0813706	0.0	0.123324	0.23931599999999997	-0.9630780000000001	0.0	-0.689196	-0.677606	-0.256632	0.0	2.25113	1.4315200000000001	0.483782	0.363365	
3	0.9385629999999999	0.342929	0.0387079	0.0	-0.167439	0.354423	0.9199719999999999	0.0	0.301766	-0.869933	0.390069	0.0	-3.3313699999999997	-2.0167599999999997	-1.4469999999999998	0.33564299999999997	-0.7140029999999999	0.695398	0.0813706	0.0	0.123324	0.23931599999999997	-0.9630780000000001	0.0	-0.689196	-0.677606	-0.256632	0.0	2.25113	1.4315200000000001	0.483782	0.363365	
3	0.9385629999999999	0.342929	0.0387079	0.0	-0.167439	0.354423	0.9199719999999999	0.0	0.301766	-0.869933	0.390069	0.0	-3.3313699999999997	-2.0167599999999997	-1.4469999999999998	0.33564299999999997	-0.7140029999999999	0.695398	0.0813706	0.0	0.123324	0.23931599999999997	-0.9630780000000001	0.0	-0.689196	-0.677606	-0.256632	0.0	2.25113	1.4315200000000001	0.483782	0.363365	
3	0.9385629999999999	0.342929	0.0387079	0.0	-0.167439	0.354423	0.9199719999999999	0.0	0.301766	-0.869933	0.390069	0.0	-3.3313699999999997	-2.0167599999999997	-1.4469999999999998	0.33564299999999997	-0.7140029999999999	0.695398	0.0813705	0.0	0.123324	0.23931599999999997	-0.9630780000000001	0.0	-0.689196	-0.677606	-0.256632	0.0	2.25113	1.43151	0.483782	0.363365	
3	-0.0610961	0.780774	-0.621819	0.0	-0.124079	0.612209	0.7809	0.0	0.99039	0.124865	0.05947430000000001	0.0	-3.28356	-2.02968	-1.4591	0.268335	-0.703804	0.707866	0.059882500000000005	0.0	0.14787999999999998	0.228435	-0.9622629999999999	0.0	-0.694832	-0.668388	-0.265453	0.0	2.23034	1.40709	0.522977	0.363506	
3	-0.00849625	0.821628	-0.5699609999999999	0.0	-0.092918	0.566867	0.818553	0.0	0.9956379999999999	0.0599141	0.0715277	0.0	-3.26862	-2.09673	-1.38947	0.282221	-0.7030529999999999	0.7085319999999999	0.0608173	0.0	0.148535	0.22994299999999998	-0.961802	0.0	-0.695453	-0.667164	-0.266904	0.0	2.23149	1.40695	0.516789	0.363299	
3	0.0451977	0.85511	-0.516474	0.0	-0.0633585	0.518415	0.8527790000000001	0.0	0.996967	-0.00582078	0.0776095	0.0	-3.25563	-2.17082	-1.3594600000000001	0.283699	-0.7014	0.710024	0.0624886	0.0	0.147427	0.230291	-0.961889	0.0	-0.6973550000000001	-0.665456	-0.266203	0.0	2.23191	1.40285	0.512175	0.36336199999999996	
3	0.20193699999999998	0.888473	-0.412113	0.0	-0.040022300000000004	0.42791599999999996	0.902932	0.0	0.9785799999999999	-0.16584200000000002	0.12197100000000001	0.0	-3.2761400000000003	-2.34749	-1.28798	0.2746	-0.69998	0.711507	0.06152919999999999	0.0	0.147754	0.228573	-0.962249	0.0	-0.698711	-0.664464	-0.265125	0.0	2.2263	1.40226	0.50827	0.363438	
3	0.329102	0.8849950000000001	-0.329356	0.0	-0.0123088	0.35277600000000003	0.9356270000000001	0.0	0.9442139999999999	-0.303863	0.126992	0.0	-3.2202	-2.58635	-1.2836299999999998	0.279471	-0.698859	0.712703	0.0604149	0.0	0.14773	0.22647199999999998	-0.962749	0.0	-0.699837	-0.6639010000000001	-0.26356	0.0	2.2197	1.40749	0.515266	0.36340100000000003	
3	0.40057	0.8670540000000001	-0.296244	0.0	-0.0134287	0.328838	0.944291	0.0	0.916168	-0.37427699999999997	0.14336600000000002	0.0	-3.15255	-2.78536	-1.32725	0.280143	-0.699497	0.712133	0.0597629	0.0	0.14840599999999998	0.226557	-0.962626	0.0	-0.6990569999999999	-0.664484	-0.26416	0.0	2.2136	1.4091	0.516406	0.36338000000000004	
3	0.5536949999999999	0.8011729999999999	-0.227032	0.0	-0.0141196	0.281632	0.959419	0.0	0.8326	-0.5280189999999999	0.167251	0.0	-3.0807900000000004	-3.05442	-1.3294	0.28675900000000004	-0.701272	0.710445	0.0590369	0.0	0.148291	0.226374	-0.962686	0.0	-0.6973	-0.66635	-0.264102	0.0	2.2139900000000003	1.4045100000000001	0.519686	0.36351100000000003	
3	0.687167	0.711335	-0.14766500000000002	0.0	-0.042106	0.241909	0.969385	0.0	0.725279	-0.6599109999999999	0.196183	0.0	-3.09412	-3.3679900000000003	-1.34346	0.288956	-0.703433	0.708398	0.0579254	0.0	0.149644	0.227279	-0.9622639999999999	0.0	-0.6948310000000001	-0.668219	-0.265882	0.0	2.22091	1.40611	0.524881	0.36354699999999995	
3	0.7568590000000001	0.648608	-0.0804446	0.0	-0.0598869	0.191389	0.9796860000000001	0.0	0.650828	-0.736667	0.183698	0.0	-3.13565	-3.5491800000000002	-1.43165	0.283523	-0.704412	0.707483	0.057207400000000005	0.0	0.150579	0.227714	-0.962015	0.0	-0.6936359999999999	-0.66904	-0.266937	0.0	2.2280599999999997	1.40497	0.525406	0.363503	
3	0.78269	0.6209640000000001	-0.042424199999999995	0.0	-0.07244439999999999	0.15858599999999998	0.984684	0.0	0.6181810000000001	-0.767629	0.16910899999999998	0.0	-3.11118	-3.54926	-1.60722	0.280632	-0.7035399999999999	0.708325	0.0574987	0.0	0.15059	0.227665	-0.962024	0.0	-0.694517	-0.668164	-0.266838	0.0	2.2302	1.40519	0.525091	0.36354200000000003	
3	0.8532879999999999	0.521101	0.0187912	0.0	-0.101464	0.130581	0.986232	0.0	0.511472	-0.843447	0.164296	0.0	-3.0584599999999997	-3.6877699999999995	-1.75573	0.28136700000000003	-0.703206	0.708711	0.056824	0.0	0.150997	0.226967	-0.962126	0.0	-0.694767	-0.6679930000000001	-0.26661799999999997	0.0	2.23067	1.4062	0.524967	0.36347399999999996	
3	0.870484	0.491088	0.033011900000000004	0.0	-0.105777	0.121149	0.986982	0.0	0.480696	-0.8626440000000001	0.157404	0.0	-3.03179	-3.67311	-1.82105	0.280235	-0.7031390000000001	0.7086140000000001	0.058837099999999996	0.0	0.15096400000000001	0.229632	-0.961498	0.0	-0.694842	-0.667185	-0.268438	0.0	2.23017	1.40778	0.527471	0.363491	
3	0.87366	0.48577200000000004	0.0272746	0.0	-0.09072430000000001	0.107579	0.9900479999999999	0.0	0.478004	-0.86744	0.138059	0.0	-3.0321700000000003	-3.6762900000000003	-1.8595700000000002	0.28268699999999997	-0.703149	0.7085279999999999	0.059756399999999994	0.0	0.150696	0.230627	-0.961302	0.0	-0.694891	-0.666933	-0.268938	0.0	2.2299599999999997	1.40411	0.5212939999999999	0.363496	
3	0.8893540000000001	0.457176	0.00624582	0.0	-0.05995509999999999	0.103067	0.992866	0.0	0.453271	-0.8833840000000001	0.119074	0.0	-3.02468	-3.6713199999999997	-1.8524	0.28181100000000003	-0.7031890000000001	0.708566	0.0588158	0.0	0.150562	0.22924299999999997	-0.9616540000000001	0.0	-0.694879	-0.667369	-0.267885	0.0	2.23081	1.40445	0.522558	0.36341799999999996	
3	0.899008	0.43790500000000004	-0.00492312	0.0	-0.05758869999999999	0.129357	0.989924	0.0	0.43413	-0.889666	0.141512	0.0	-3.02304	-3.6601199999999996	-1.8535099999999998	0.280026	-0.7037180000000001	0.7080810000000001	0.058336599999999995	0.0	0.150897	0.229192	-0.961614	0.0	-0.6942699999999999	-0.667902	-0.26813400000000004	0.0	2.2284	1.4032	0.5251359999999999	0.363361	
3	0.91801	0.395742	0.0254018	0.0	-0.0973026	0.162691	0.9818680000000001	0.0	0.384434	-0.9038360000000001	0.187858	0.0	-3.0326	-3.6419300000000003	-1.8649900000000001	0.28121799999999997	-0.704587	0.707278	0.05757519999999999	0.0	0.15141400000000002	0.229111	-0.9615520000000001	0.0	-0.693276	-0.668779	-0.26852	0.0	2.2273400000000003	1.4058700000000002	0.528021	0.363492	
3	0.918925	0.393552	0.0263367	0.0	-0.11899900000000001	0.21295799999999998	0.9697879999999999	0.0	0.376054	-0.8942959999999999	0.242525	0.0	-3.0386900000000003	-3.62855	-1.87437	0.283495	-0.704232	0.707643	0.0574405	0.0	0.152777	0.23005599999999998	-0.961111	0.0	-0.693338	-0.6680689999999999	-0.270124	0.0	2.23412	1.40831	0.5288729999999999	0.36346799999999996	
3	0.918485	0.39529899999999996	0.0111639	0.0	-0.107439	0.222268	0.9690479999999999	0.0	0.380583	-0.8912549999999999	0.24661999999999998	0.0	-3.0356099999999997	-3.62678	-1.8722400000000001	0.302718	-0.704708	0.7072189999999999	0.0568207	0.0	0.15373599999999998	0.23039099999999998	-0.9608770000000001	0.0	-0.692642	-0.668402	-0.271083	0.0	2.23845	1.4105299999999998	0.526483	0.363584	
3	0.9202229999999999	0.39129200000000003	-0.00891963	0.0	-0.08692849999999999	0.226548	0.9701129999999999	0.0	0.38161799999999996	-0.8919450000000001	0.24249	0.0	-3.03062	-3.6258199999999996	-1.8675700000000002	0.313475	-0.7059880000000001	0.705913	0.057170500000000006	0.0	0.154575	0.23236199999999999	-0.960268	0.0	-0.69115	-0.6691	-0.273162	0.0	2.24894	1.4134799999999998	0.525778	0.36354899999999996	
3	0.9224120000000001	0.385812	-0.017455000000000002	0.0	-0.0768793	0.22772199999999998	0.9706870000000001	0.0	0.378477	-0.8940319999999999	0.23971399999999998	0.0	-3.0279	-3.62435	-1.86516	0.31222	-0.706218	0.7056939999999999	0.057021800000000004	0.0	0.15553	0.233208	-0.959909	0.0	-0.6907	-0.669036	-0.274452	0.0	2.24978	1.4123700000000001	0.5231359999999999	0.363417	
3	0.9276340000000001	0.37188699999999997	-0.0345661	0.0	-0.060679	0.24138	0.968532	0.0	0.368528	-0.8963459999999999	0.24647800000000003	0.0	-3.0234900000000002	-3.6177300000000003	-1.8620299999999999	0.280644	-0.705662	0.706236	0.0572109	0.0	0.156283	0.233893	-0.95962	0.0	-0.691099	-0.668226	-0.275422	0.0	2.25367	1.4158600000000001	0.522795	0.363554	
3	0.9311870000000001	0.361702	-0.0454096	0.0	-0.0524517	0.25621	0.965197	0.0	0.360748	-0.8963969999999999	0.25755100000000003	0.0	-3.01395	-3.61521	-1.85391	0.166029	-0.706271	0.705598	0.057549800000000005	0.0	0.156546	0.23493899999999998	-0.9593209999999999	0.0	-0.690416	-0.668532	-0.27639	0.0	2.27409	1.4135	0.520223	0.363493	
3	0.9371450000000001	0.346742	-0.0391167	0.0	-0.0804141	0.323689	0.9427399999999999	0.0	0.339549	-0.880338	0.331226	0.0	-2.97872	-3.6185	-1.82887	0.107699	-0.706172	0.7056439999999999	0.05821180000000001	0.0	0.157137	0.236357	-0.9588760000000001	0.0	-0.690384	-0.667984	-0.277792	0.0	2.28443	1.4102299999999999	0.5121640000000001	0.363568	
3	0.9366549999999999	0.35025	-0.00129212	0.0	-0.101162	0.274061	0.956377	0.0	0.335325	-0.8956649999999999	0.292133	0.0	-2.96177	-3.6078900000000003	-1.7596	0.108259	-0.706015	0.7057829999999999	0.0584235	0.0	0.159021	0.23838	-0.9580649999999999	0.0	-0.690113	-0.667117	-0.280534	0.0	2.29783	1.41245	0.495438	0.36348800000000003	
3	0.929745	0.36742800000000003	0.0239051	0.0	-0.120955	0.243457	0.96234	0.0	0.34776999999999997	-0.8976219999999999	0.270795	0.0	-2.96944	-3.6084	-1.73755	0.109196	-0.705002	0.706793	0.0584499	0.0	0.15971	0.238523	-0.9579139999999999	0.0	-0.690988	-0.665996	-0.281041	0.0	2.30209	1.41645	0.49468500000000004	0.36334299999999997	
3	0.898827	0.42709899999999995	0.0984664	0.0	-0.176052	0.146067	0.973484	0.0	0.401391	-0.892329	0.206481	0.0	-2.94386	-3.60756	-1.6590900000000002	0.109105	-0.703693	0.707907	0.0606883	0.0	0.160028	0.24113600000000002	-0.9572069999999999	0.0	-0.6922470000000001	-0.663868	-0.28297100000000003	0.0	2.3035799999999997	1.4105	0.490256	0.363439	
3	0.866792	0.482313	0.126674	0.0	-0.185187	0.0754779	0.9798	0.0	0.463009	-0.872742	0.15474200000000002	0.0	-2.8212599999999997	-3.57324	-1.7222099999999998	0.105226	-0.701699	0.709903	0.0604701	0.0	0.162101	0.241721	-0.9567100000000001	0.0	-0.693788	-0.661521	-0.28469099999999997	0.0	2.30274	1.40504	0.484072	0.363487	
3	0.8423219999999999	0.522146	0.133632	0.0	-0.176077	0.032251499999999995	0.983848	0.0	0.509402	-0.852246	0.119104	0.0	-2.83015	-3.4079800000000002	-1.77951	0.089297	-0.698239	0.713458	0.0586591	0.0	0.16566199999999998	0.24075700000000003	-0.956343	0.0	-0.696433	-0.658038	-0.286298	0.0	2.30479	1.4052200000000001	0.479612	0.36335100000000004	
3	0.822299	0.554504	0.127868	0.0	-0.181859	0.0431524	0.9823770000000001	0.0	0.5392140000000001	-0.8310620000000001	0.136326	0.0	-2.8107	-3.3250300000000004	-1.80723	0.000955891	-0.697388	0.7143649999999999	0.057731500000000005	0.0	0.167457	0.24074	-0.9560350000000001	0.0	-0.696856	-0.6570590000000001	-0.287515	0.0	2.3082599999999998	1.4061299999999999	0.47953	0.36325100000000005	
3	0.793071	0.5938439999999999	0.135601	0.0	-0.09800930000000001	-0.0953102	0.990611	0.0	0.6011920000000001	-0.798916	-0.0173857	0.0	-2.70702	-2.87777	-1.95842	0.000115109	-0.694913	0.716983	0.0550639	0.0	0.171296	0.23942	-0.955686	0.0	-0.698394	-0.654686	-0.289193	0.0	2.32695	1.39389	0.48257700000000003	0.36330500000000004	
3	0.786316	0.5962729999999999	0.16175599999999998	0.0	-0.0885177	-0.150387	0.984657	0.0	0.611451	-0.78857	-0.06547080000000001	0.0	-2.76417	-2.6343400000000003	-2.01987	0.0	-0.688747	0.723659	0.0441138	0.0	0.181003	0.230552	-0.9560770000000001	0.0	-0.702044	-0.65051	-0.289777	0.0	2.34615	1.36948	0.47572600000000004	0.363229	
3	0.776223	0.601078	0.190218	0.0	-0.09292230000000001	-0.189344	0.977504	0.0	0.6235729999999999	-0.776437	-0.0911195	0.0	-2.7863700000000002	-2.54472	-2.01194	0.0	-0.672687	0.739811	0.013057399999999999	0.0	0.204487	0.202836	-0.957623	0.0	-0.711109	-0.6415109999999999	-0.287727	0.0	2.35977	1.3633	0.46761899999999995	0.363078	
3	0.774698	0.571537	0.27053299999999997	0.0	-0.122672	-0.28386500000000003	0.9509850000000001	0.0	0.620318	-0.769913	-0.14979800000000001	0.0	-2.81445	-2.34898	-1.9711900000000002	0.0	-0.5152869999999999	0.8265950000000001	-0.226319	0.0	0.37582600000000005	-0.019384900000000004	-0.9264879999999999	0.0	-0.770217	-0.562463	-0.300667	0.0	2.39555	1.37127	0.354647	0.36236199999999996	
3	0.77637	0.5575899999999999	0.29384299999999997	0.0	-0.136443	-0.306471	0.94205	0.0	0.615332	-0.771472	-0.161855	0.0	-2.81501	-2.31934	-1.9477900000000001	0.0	-0.408032	0.84019	-0.357199	0.0	0.424584	-0.171734	-0.8889520000000001	0.0	-0.808231	-0.514382	-0.286659	0.0	2.40482	1.3595	0.292724	0.362092	
3	0.77958	0.518228	0.351702	0.0	-0.170629	-0.364572	0.915409	0.0	0.602611	-0.773645	-0.19578800000000002	0.0	-2.7487	-2.27435	-1.86927	0.0	-0.294636	0.80443	-0.515832	0.0	0.44749799999999995	-0.360804	-0.8182699999999999	0.0	-0.844355	-0.471925	-0.253675	0.0	2.31324	1.1938	0.114896	0.361896	
3	0.777565	0.510915	0.36655	0.0	-0.186461	-0.369369	0.910384	0.0	0.600521	-0.77623	-0.191942	0.0	-2.71854	-2.29586	-1.84637	0.0	-0.30223	0.797646	-0.521937	0.0	0.43875600000000003	-0.369689	-0.819038	0.0	-0.8462559999999999	-0.476541	-0.23824099999999998	0.0	2.27451	1.11943	0.0715169	0.361178	
3	0.772928	0.505088	0.384015	0.0	-0.22649499999999997	-0.34571599999999997	0.910594	0.0	0.5926899999999999	-0.790801	-0.152814	0.0	-2.6294	-2.3956	-1.76763	0.0	-0.309089	0.783674	-0.538814	0.0	0.41823	-0.396826	-0.817076	0.0	-0.854136	-0.477897	-0.20510100000000003	0.0	2.15361	1.00968	0.014138900000000001	0.361534	
3	0.778993	0.49988699999999997	0.37852800000000003	0.0	-0.233233	-0.329364	0.9149440000000001	0.0	0.582041	-0.80102	-0.139983	0.0	-2.62495	-2.44093	-1.7490400000000002	0.0	-0.31756799999999996	0.7801060000000001	-0.5390590000000001	0.0	0.420308	-0.393785	-0.817481	0.0	-0.8499950000000001	-0.486176	-0.20283099999999998	0.0	2.13523	1.01969	0.023438499999999998	0.361551	
0	0.7951819999999999	0.503033	0.33859	0.0	-0.228413	-0.268768	0.93573	0.0	0.561705	-0.821414	-0.0988203	0.0	-2.6720200000000003	-2.5703099999999997	-1.7370700000000001	0.0	-0.337251	0.776812	-0.531813	0.0	0.42832	-0.37644	-0.821483	0.0	-0.838334	-0.504833	-0.205769	0.0	2.11266	1.04891	0.0594001	0.361356	
