0	0.298047	0.727855	-0.617572	0.0	0.6359859999999999	0.33104	0.69709	0.0	0.7118220000000001	-0.600533	-0.36424	0.0	-2.76586	2.04352	1.34808	-3.5762800000000003e-06	-0.276318	0.82591	-0.49144899999999997	0.0	0.5151939999999999	-0.304383	-0.801203	0.0	-0.8113100000000001	-0.474578	-0.341397	0.0	2.61931	2.07002	1.4874100000000001	-2.5715700000000002e-05	
0	-0.290562	0.756322	-0.586133	0.0	0.300967	0.653709	0.694322	0.0	0.908291	0.025337400000000003	-0.417571	0.0	-2.85435	2.32816	1.20302	0.0	0.22180300000000003	0.905226	-0.362451	0.0	0.251593	-0.41225200000000006	-0.875642	0.0	-0.942075	0.10303	-0.319187	0.0	2.81053	2.3144299999999998	1.06231	0.0	
0	-0.350296	0.8053520000000001	-0.478228	0.0	0.26197	0.574443	0.7754909999999999	0.0	0.899258	0.14637	-0.412203	0.0	-2.8298	2.62087	1.11561	0.0	0.33583	0.8303389999999999	-0.444697	0.0	0.199879	-0.5241859999999999	-0.827815	0.0	-0.9204709999999999	0.189119	-0.342005	0.0	2.89095	2.50549	0.792687	0.053251	
0	-0.317585	0.842192	-0.43572	0.0	0.30248600000000003	0.525483	0.7952170000000001	0.0	0.898689	0.12075	-0.421637	0.0	-2.8515599999999997	2.91207	1.0567	0.324635	0.3615	0.7658520000000001	-0.531779	0.0	0.17463199999999998	-0.615873	-0.7682479999999999	0.0	-0.9158719999999999	0.184856	-0.35638000000000003	0.0	2.87554	2.7208799999999997	0.6802050000000001	0.27941900000000003	
0	-0.162711	0.840628	-0.516594	0.0	0.329336	0.5398149999999999	0.7746850000000001	0.0	0.9300870000000001	-0.0440836	-0.364683	0.0	-2.78087	2.7587200000000003	1.20269	-0.00034523	0.29314	0.732478	-0.6144470000000001	0.0	0.189272	-0.674421	-0.713676	0.0	-0.937147	0.09290939999999999	-0.336337	0.0	2.87525	2.6349099999999996	0.719482	0.0	
0	-0.196684	0.851165	-0.486655	0.0	0.254983	0.523676	0.812864	0.0	0.946731	0.0357889	-0.320031	0.0	-2.6897900000000003	2.7265900000000003	1.20069	0.0	0.374195	0.747633	-0.548656	0.0	0.163712	-0.635604	-0.754458	0.0	-0.9127850000000001	0.192493	-0.360236	0.0	2.9163	2.71045	0.557363	0.0	
0	-0.229312	0.913855	-0.33509099999999997	0.0	0.268545	0.390302	0.880652	0.0	0.935575	0.11195699999999999	-0.334912	0.0	-2.67132	2.89827	1.08856	0.34576799999999996	0.301294	0.80945	-0.503997	0.0	0.241956	-0.57616	-0.7807029999999999	0.0	-0.922323	0.113276	-0.36944499999999997	0.0	2.99968	2.80158	0.455714	0.348086	
0	-0.059851800000000004	0.903913	-0.423508	0.0	0.294309	0.421388	0.8577959999999999	0.0	0.953834	-0.0733015	-0.29125100000000004	0.0	-2.60929	2.7605	1.2010100000000001	0.0024594	0.242358	0.741909	-0.625166	0.0	0.17122	-0.666971	-0.725144	0.0	-0.954959	0.0687033	-0.28867600000000004	0.0	2.98858	2.60285	0.532254	0.0	
0	-0.0794977	0.8984219999999999	-0.43187700000000007	0.0	0.217325	0.43844700000000003	0.872086	0.0	0.972857	-0.024528900000000003	-0.23010500000000003	0.0	-2.5952599999999997	2.67293	1.22072	0.0	0.276398	0.727118	-0.628413	0.0	0.158026	-0.679373	-0.716576	0.0	-0.9479620000000001	0.0987547	-0.302681	0.0	3.01587	2.59118	0.49545100000000003	0.0	
0	-0.170755	0.921392	-0.349113	0.0	0.237644	0.382368	0.892928	0.0	0.956226	0.069507	-0.28425500000000004	0.0	-2.52727	2.8765	1.1309	0.297597	0.211601	0.806868	-0.5515329999999999	0.0	0.21472	-0.588903	-0.779159	0.0	-0.953478	0.0464454	-0.297863	0.0	3.03651	2.58703	0.46656000000000003	0.250192	
0	0.020786000000000002	0.985419	-0.168872	0.0	0.253616	0.158186	0.954283	0.0	0.967082	-0.0626644	-0.24663000000000002	0.0	-2.43456	2.86964	1.15778	0.346864	0.11517000000000001	0.8600389999999999	-0.49706000000000006	0.0	0.295528	-0.507397	-0.809451	0.0	-0.948367	-0.0536705	-0.312602	0.0	2.98366	2.53687	0.377875	0.357533	
0	0.204101	0.977316	-0.0565441	0.0	0.28170700000000004	-0.00331822	0.9594950000000001	0.0	0.937542	-0.21176199999999998	-0.275994	0.0	-2.3892900000000004	2.71727	1.14408	0.348453	-0.07306119999999999	0.9089809999999999	-0.410384	0.0	0.390999	-0.352436	-0.85024	0.0	-0.917487	-0.222579	-0.32966100000000004	0.0	2.92002	2.38764	0.335929	0.35777600000000004	
0	0.320648	0.946909	-0.023402799999999998	0.0	0.28563	-0.0731056	0.955548	0.0	0.903106	-0.313079	-0.29390700000000003	0.0	-2.41245	2.59436	1.04801	0.349404	-0.144439	0.908432	-0.392287	0.0	0.418245	-0.303241	-0.8562219999999999	0.0	-0.896777	-0.287744	-0.336147	0.0	2.92175	2.25668	0.222836	0.357831	
0	0.330117	0.9437	-0.0212892	0.0	0.27958	-0.076209	0.9570930000000001	0.0	0.9015860000000001	-0.321905	-0.288997	0.0	-2.42749	2.51314	0.974383	0.347966	-0.145252	0.904329	-0.401361	0.0	0.413203	-0.313146	-0.8551040000000001	0.0	-0.8989799999999999	-0.290049	-0.32818600000000003	0.0	2.88424	2.19486	0.166295	0.35791999999999996	
0	0.3459	0.9365879999999999	-0.0561783	0.0	0.26889	-0.0415872	0.9622729999999999	0.0	0.898917	-0.347956	-0.26622399999999996	0.0	-2.42813	2.40177	0.9562809999999999	0.347931	-0.163047	0.892473	-0.420605	0.0	0.40881300000000004	-0.326877	-0.8520700000000001	0.0	-0.897935	-0.31087600000000004	-0.311558	0.0	2.83815	2.11672	0.181171	0.357998	
0	0.39219499999999996	0.916101	-0.08332289999999999	0.0	0.259108	-0.023105200000000003	0.965572	0.0	0.8826360000000001	-0.400282	-0.24643099999999998	0.0	-2.42945	2.2177	0.977033	0.34762600000000005	-0.19375699999999998	0.8846809999999999	-0.424026	0.0	0.40620100000000003	-0.32108400000000004	-0.8555149999999999	0.0	-0.893006	-0.338002	-0.297146	0.0	2.78917	2.01105	0.23235999999999998	0.358132	
0	0.411822	0.9069879999999999	-0.0881787	0.0	0.25093499999999996	-0.0198475	0.9678	0.0	0.876033	-0.42068900000000004	-0.235769	0.0	-2.44042	2.01458	0.979159	0.347627	-0.20587399999999997	0.881656	-0.424616	0.0	0.41129499999999997	-0.315766	-0.8550610000000001	0.0	-0.887949	-0.350677	-0.297612	0.0	2.76016	1.9144900000000002	0.243873	0.358234	
0	0.428253	0.8969020000000001	-0.110304	0.0	0.242302	0.0036228000000000002	0.970194	0.0	0.870568	-0.44221499999999997	-0.21577	0.0	-2.45275	1.87887	0.981692	0.347808	-0.22263400000000003	0.874725	-0.43045500000000003	0.0	0.41719300000000004	-0.313583	-0.8530040000000001	0.0	-0.881127	-0.36949	-0.295115	0.0	2.75183	1.85485	0.249881	0.358669	
0	0.557828	0.826932	-0.0707885	0.0	0.221129	-0.0658741	0.973017	0.0	0.799956	-0.55843	-0.21960500000000002	0.0	-2.48521	1.6788299999999998	0.9117540000000001	0.34779899999999997	-0.241723	0.866085	-0.437568	0.0	0.42578299999999997	-0.310539	-0.849867	0.0	-0.8719399999999999	-0.39174200000000003	-0.2937	0.0	2.74819	1.78125	0.24138	0.35880500000000004	
0	0.713495	0.700434	-0.0178254	0.0	0.185291	-0.164089	0.968887	0.0	0.675716	-0.694599	-0.24686100000000002	0.0	-2.69773	1.2587700000000002	0.32465	0.346951	-0.25143000000000004	0.853712	-0.456025	0.0	0.42977299999999996	-0.323689	-0.842924	0.0	-0.867224	-0.407923	-0.285518	0.0	2.71302	1.6896099999999998	0.169413	0.358667	
0	0.782678	0.621546	-0.0330964	0.0	0.166899	-0.15834600000000001	0.973176	0.0	0.599633	-0.767207	-0.22766999999999998	0.0	-2.7840700000000003	0.948097	-0.24185500000000001	0.345814	-0.24998099999999998	0.849023	-0.465479	0.0	0.422858	-0.336744	-0.841305	0.0	-0.871034	-0.407142	-0.274836	0.0	2.6272599999999997	1.6845900000000003	0.141172	0.35893600000000003	
0	0.8276049999999999	0.560963	0.0197736	0.0	0.133696	-0.231215	0.963673	0.0	0.545157	-0.794896	-0.266353	0.0	-2.86016	0.76344	-0.880357	0.345476	-0.250381	0.8445879999999999	-0.473267	0.0	0.414204	-0.34839000000000003	-0.8408680000000001	0.0	-0.8750680000000001	-0.406567	-0.26260100000000003	0.0	2.56472	1.7239200000000001	0.162214	0.359185	
0	0.8623850000000001	0.505778	0.0219208	0.0	0.12845	-0.260488	0.956894	0.0	0.48968599999999995	-0.8223959999999999	-0.289608	0.0	-2.85532	0.535389	-1.84302	0.34575900000000004	-0.255206	0.840117	-0.478617	0.0	0.41766000000000003	-0.350657	-0.8382120000000001	0.0	-0.872026	-0.41381599999999996	-0.261394	0.0	2.5461099999999997	1.7821	0.177595	0.359085	
0	0.872283	0.488054	0.0304178	0.0	0.0775559	-0.199493	0.976825	0.0	0.482811	-0.849709	-0.211866	0.0	-2.64888	0.10853	-2.39883	0.343997	-0.26116300000000003	0.8333510000000001	-0.487155	0.0	0.422601	-0.355029	-0.833885	0.0	-0.867873	-0.42365200000000003	-0.259455	0.0	2.5758900000000002	1.8234400000000002	0.184652	0.35887199999999997	
0	0.889049	0.457046	0.026452999999999997	0.0	0.06125119999999999	-0.176011	0.9824809999999999	0.0	0.45369499999999996	-0.8718540000000001	-0.184477	0.0	-2.5295900000000002	-0.15217999999999998	-2.56906	0.343624	-0.266349	0.8280379999999999	-0.493367	0.0	0.42680799999999997	-0.357621	-0.830627	0.0	-0.8642299999999999	-0.43181	-0.25816100000000003	0.0	2.6021	1.83507	0.2125	0.35888000000000003	
0	0.892583	0.450205	0.0247116	0.0	0.0630581	-0.17891300000000002	0.981842	0.0	0.44645100000000004	-0.874817	-0.188084	0.0	-2.51335	-0.213166	-2.66939	0.344074	-0.269386	0.8276629999999999	-0.492346	0.0	0.43092700000000006	-0.353609	-0.830218	0.0	-0.861239	-0.43581499999999995	-0.261405	0.0	2.6146599999999998	1.8350799999999998	0.220509	0.358817	
0	0.892698	0.45002700000000007	0.0237685	0.0	0.0634354	-0.177701	0.982038	0.0	0.446168	-0.8751559999999999	-0.187181	0.0	-2.5154900000000002	-0.21587199999999998	-2.66649	0.344065	-0.269391	0.8276899999999999	-0.49229799999999996	0.0	0.4311	-0.35347199999999995	-0.8301870000000001	0.0	-0.861151	-0.435875	-0.26159499999999997	0.0	2.6141	1.83444	0.220734	0.35881799999999997	
0	0.8926959999999999	0.450031	0.0237757	0.0	0.0634328	-0.17770999999999998	0.982036	0.0	0.446172	-0.875152	-0.187187	0.0	-2.5154900000000002	-0.21582800000000002	-2.66645	0.344065	-0.269391	0.8276899999999999	-0.49229799999999996	0.0	0.431098	-0.353473	-0.8301870000000001	0.0	-0.861152	-0.435874	-0.26159299999999996	0.0	2.6141	1.83444	0.220729	0.358817	
0	0.8926959999999999	0.450032	0.0237758	0.0	0.0634328	-0.17770999999999998	0.982036	0.0	0.44617299999999993	-0.875152	-0.187187	0.0	-2.5154900000000002	-0.21582800000000002	-2.66644	0.344065	-0.269391	0.8276899999999999	-0.492299	0.0	0.43109899999999995	-0.353473	-0.8301870000000001	0.0	-0.861152	-0.435874	-0.261594	0.0	2.6141	1.83444	0.220729	0.358817	
0	0.8926959999999999	0.450032	0.0237758	0.0	0.0634328	-0.17770999999999998	0.982036	0.0	0.44617299999999993	-0.875152	-0.187187	0.0	-2.5154900000000002	-0.21582800000000002	-2.66644	0.344065	-0.269391	0.8276899999999999	-0.49229799999999996	0.0	0.431098	-0.353473	-0.8301879999999999	0.0	-0.861152	-0.435874	-0.261594	0.0	2.6141	1.83444	0.220729	0.358817	
0	0.8926959999999999	0.450032	0.0237758	0.0	0.0634328	-0.17770999999999998	0.982036	0.0	0.44617299999999993	-0.875152	-0.187187	0.0	-2.5154900000000002	-0.21582800000000002	-2.66644	0.344065	-0.269391	0.8276899999999999	-0.492299	0.0	0.431098	-0.353473	-0.8301870000000001	0.0	-0.861152	-0.435874	-0.261594	0.0	2.6141	1.83444	0.220729	0.358817	
0	0.8926959999999999	0.450032	0.0237758	0.0	0.0634328	-0.17770999999999998	0.982036	0.0	0.44617299999999993	-0.875152	-0.187187	0.0	-2.5154900000000002	-0.21582800000000002	-2.66644	0.344065	-0.269391	0.8276899999999999	-0.49229799999999996	0.0	0.431098	-0.353473	-0.8301870000000001	0.0	-0.861152	-0.435874	-0.26159299999999996	0.0	2.6141	1.83444	0.220729	0.358817	
0	0.8926959999999999	0.450032	0.0237758	0.0	0.0634328	-0.17770999999999998	0.982036	0.0	0.44617299999999993	-0.875152	-0.187187	0.0	-2.5154900000000002	-0.21582800000000002	-2.66644	0.344065	-0.269391	0.8276899999999999	-0.492299	0.0	0.431098	-0.353473	-0.8301870000000001	0.0	-0.861152	-0.435874	-0.261594	0.0	2.6141	1.83444	0.220729	0.358817	
0	0.8926959999999999	0.450032	0.0237758	0.0	0.0634328	-0.17770999999999998	0.982036	0.0	0.44617299999999993	-0.875152	-0.187187	0.0	-2.5154900000000002	-0.21582800000000002	-2.66644	0.344065	-0.269391	0.8276899999999999	-0.49229799999999996	0.0	0.431098	-0.353473	-0.8301870000000001	0.0	-0.861152	-0.435874	-0.26159299999999996	0.0	2.6141	1.83444	0.220729	0.358817	
0	0.8926959999999999	0.450032	0.0237758	0.0	0.0634328	-0.17770999999999998	0.982036	0.0	0.44617299999999993	-0.875152	-0.187187	0.0	-2.5154900000000002	-0.21582800000000002	-2.66644	0.344065	-0.269391	0.8276899999999999	-0.49229799999999996	0.0	0.431098	-0.353473	-0.8301870000000001	0.0	-0.861152	-0.435874	-0.261594	0.0	2.6141	1.83444	0.220729	0.358817	
0	0.8926959999999999	0.450032	0.0237758	0.0	0.0634328	-0.17770999999999998	0.982036	0.0	0.44617299999999993	-0.875152	-0.187187	0.0	-2.5154900000000002	-0.21582800000000002	-2.66644	0.344065	-0.269391	0.8276899999999999	-0.492299	0.0	0.43109899999999995	-0.353473	-0.8301870000000001	0.0	-0.861152	-0.435874	-0.261594	0.0	2.6141	1.83444	0.220729	0.358817	
0	0.8926959999999999	0.450032	0.0237758	0.0	0.0634328	-0.17770999999999998	0.982036	0.0	0.44617299999999993	-0.875152	-0.187187	0.0	-2.5154900000000002	-0.21582800000000002	-2.66644	0.344065	-0.269391	0.8276899999999999	-0.492299	0.0	0.43109899999999995	-0.353473	-0.8301870000000001	0.0	-0.861152	-0.435874	-0.261594	0.0	2.6141	1.83444	0.220729	0.358817	
0	0.8926959999999999	0.450032	0.0237758	0.0	0.0634328	-0.17770999999999998	0.982036	0.0	0.44617299999999993	-0.875152	-0.187187	0.0	-2.5154900000000002	-0.21582800000000002	-2.66644	0.344065	-0.269391	0.8276899999999999	-0.49229799999999996	0.0	0.431098	-0.353473	-0.8301879999999999	0.0	-0.861152	-0.435874	-0.261594	0.0	2.6141	1.83444	0.220729	0.358817	
0	0.8926959999999999	0.450032	0.0237758	0.0	0.0634328	-0.17770999999999998	0.982036	0.0	0.44617299999999993	-0.875152	-0.187187	0.0	-2.5154900000000002	-0.21582800000000002	-2.66644	0.344065	-0.269391	0.8276899999999999	-0.492299	0.0	0.43109899999999995	-0.353473	-0.8301870000000001	0.0	-0.861152	-0.435874	-0.261594	0.0	2.6141	1.83444	0.220729	0.358817	
0	0.8926959999999999	0.450032	0.0237758	0.0	0.0634328	-0.17770999999999998	0.982036	0.0	0.44617299999999993	-0.875152	-0.187187	0.0	-2.5154900000000002	-0.21582800000000002	-2.66644	0.344065	-0.269391	0.8276899999999999	-0.49229799999999996	0.0	0.43109899999999995	-0.353473	-0.8301870000000001	0.0	-0.861152	-0.435874	-0.261594	0.0	2.6141	1.83444	0.220729	0.358817	
0	0.8926959999999999	0.450032	0.0237758	0.0	0.0634328	-0.17770999999999998	0.982036	0.0	0.44617299999999993	-0.875152	-0.187187	0.0	-2.5154900000000002	-0.21582800000000002	-2.66644	0.344065	-0.269391	0.8276899999999999	-0.49229799999999996	0.0	0.431098	-0.353473	-0.8301870000000001	0.0	-0.861152	-0.435874	-0.26159299999999996	0.0	2.6141	1.83444	0.22073	0.358817	
0	0.8926959999999999	0.450032	0.0237758	0.0	0.0634328	-0.17770999999999998	0.982036	0.0	0.44617299999999993	-0.875152	-0.187187	0.0	-2.5154900000000002	-0.21582800000000002	-2.66644	0.344065	-0.269391	0.8276899999999999	-0.49229799999999996	0.0	0.43109899999999995	-0.353473	-0.8301870000000001	0.0	-0.861152	-0.435874	-0.261594	0.0	2.6141	1.83444	0.220729	0.358817	
0	-0.06434089999999999	0.740625	-0.6688310000000001	0.0	0.289827	0.655199	0.697649	0.0	0.9549139999999999	-0.14895799999999998	-0.256809	0.0	-2.49965	-0.294601	-2.72635	0.34225700000000003	-0.186441	0.842685	-0.505095	0.0	0.435356	-0.390016	-0.811389	0.0	-0.880741	-0.371172	-0.294153	0.0	2.57651	1.8468799999999999	0.270638	0.357273	
0	0.0345764	0.798072	-0.6015689999999999	0.0	0.40428000000000003	0.539311	0.738716	0.0	0.9139809999999999	-0.26874499999999996	-0.303998	0.0	-2.44913	-0.43112799999999996	-2.62027	0.34274	-0.180309	0.8427479999999999	-0.507212	0.0	0.43871400000000005	-0.392625	-0.808317	0.0	-0.880352	-0.368268	-0.298931	0.0	2.60466	1.8430900000000001	0.298561	0.357419	
0	0.39011599999999996	0.773459	-0.499571	0.0	0.494967	0.28134000000000003	0.8221040000000001	0.0	0.776413	-0.567987	-0.273081	0.0	-2.3642	-0.740847	-2.46565	0.342545	-0.18390399999999998	0.8433360000000001	-0.504939	0.0	0.446826	-0.385831	-0.807144	0.0	-0.8755149999999999	-0.37405700000000003	-0.305869	0.0	2.64094	1.83991	0.307133	0.357392	
0	0.597892	0.673692	-0.434355	0.0	0.48632600000000004	0.125874	0.864664	0.0	0.637191	-0.728214	-0.252374	0.0	-2.3573	-1.01878	-2.40709	0.341501	-0.188023	0.8454440000000001	-0.49987200000000004	0.0	0.45109499999999997	-0.377758	-0.8085859999999999	0.0	-0.872445	-0.377523	-0.310349	0.0	2.66712	1.8368900000000001	0.308705	0.35754600000000003	
0	0.704553	0.540898	-0.45938599999999996	0.0	0.504502	0.07349069999999999	0.8602770000000001	0.0	0.499083	-0.837872	-0.221106	0.0	-2.44188	-1.32764	-2.4203799999999998	0.33870700000000004	-0.188745	0.848209	-0.49489099999999997	0.0	0.44927799999999996	-0.37353200000000003	-0.811556	0.0	-0.8732260000000001	-0.375521	-0.310579	0.0	2.6792	1.8284900000000002	0.302284	0.357656	
0	0.7257	0.43734399999999996	-0.531122	0.0	0.520475	0.155897	0.839525	0.0	0.44996099999999994	-0.8856790000000001	-0.11449200000000001	0.0	-2.5557	-1.68904	-2.48467	0.336816	-0.187919	0.8524729999999999	-0.487828	0.0	0.44785	-0.367669	-0.815016	0.0	-0.874138	-0.37163	-0.312688	0.0	2.68175	1.8255299999999999	0.278466	0.357642	
0	0.747957	0.33976999999999996	-0.57019	0.0	0.523049	0.22715	0.821476	0.0	0.408631	-0.912666	-0.00781761	0.0	-2.62742	-2.05574	-2.54506	0.336414	-0.186712	0.855894	-0.48227	0.0	0.44505600000000006	-0.363948	-0.81821	0.0	-0.875822	-0.36740700000000004	-0.312967	0.0	2.6764900000000003	1.81613	0.249466	0.35777	
0	0.80092	0.293144	-0.522105	0.0	0.45868000000000003	0.26012399999999997	0.849676	0.0	0.384889	-0.9200010000000001	0.0738795	0.0	-2.634	-2.25718	-2.58557	0.335969	-0.186921	0.856699	-0.480757	0.0	0.44476499999999997	-0.362552	-0.818987	0.0	-0.875925	-0.36690900000000004	-0.313262	0.0	2.6703099999999997	1.81592	0.23451799999999998	0.357827	
0	0.863417	0.267242	-0.427893	0.0	0.370241	0.24047	0.8972709999999999	0.0	0.342684	-0.9331430000000001	0.10868199999999999	0.0	-2.56986	-2.3467700000000002	-2.64364	0.337425	-0.18820599999999998	0.855973	-0.481548	0.0	0.444488	-0.36298600000000003	-0.818945	0.0	-0.875791	-0.36817300000000003	-0.312153	0.0	2.6693599999999997	1.8064200000000001	0.219806	0.35789899999999997	
0	0.885549	0.229262	-0.404032	0.0	0.340142	0.272368	0.900066	0.0	0.316396	-0.9344809999999999	0.16321300000000002	0.0	-2.5129	-2.42653	-2.71095	0.336841	-0.18929100000000001	0.855567	-0.48184399999999994	0.0	0.446155	-0.362196	-0.818389	0.0	-0.874708	-0.36989099999999997	-0.313156	0.0	2.67468	1.80453	0.217581	0.357738	
0	0.9125559999999999	0.18942799999999999	-0.362435	0.0	0.291812	0.319282	0.9016120000000001	0.0	0.28651	-0.928534	0.23608600000000002	0.0	-2.4378599999999997	-2.48077	-2.67047	0.324328	-0.187918	0.854641	-0.484021	0.0	0.44689300000000004	-0.364435	-0.81699	0.0	-0.8746280000000001	-0.36983299999999997	-0.31345	0.0	2.68533	1.81465	0.226246	0.357759	
0	0.936895	0.12962100000000001	-0.32469499999999996	0.0	0.269575	0.323527	0.907006	0.0	0.222615	-0.937299	0.26816799999999996	0.0	-2.39723	-2.5316099999999997	-2.60338	0.31896599999999997	-0.189709	0.8538049999999999	-0.484796	0.0	0.449092	-0.363627	-0.816145	0.0	-0.873114	-0.372548	-0.314454	0.0	2.69638	1.8098900000000002	0.22986700000000002	0.357695	
0	0.954268	0.09086280000000001	-0.28480900000000003	0.0	0.243769	0.314994	0.9172549999999999	0.0	0.173057	-0.944735	0.278439	0.0	-2.4331099999999997	-2.6167700000000003	-2.60633	0.31706599999999996	-0.190666	0.852166	-0.48729799999999995	0.0	0.44994300000000004	-0.365325	-0.814917	0.0	-0.872466	-0.374633	-0.313771	0.0	2.7079400000000002	1.80906	0.235607	0.357765	
0	0.9575290000000001	0.10412	-0.268882	0.0	0.22192199999999998	0.32924899999999996	0.917794	0.0	0.184089	-0.938485	0.292159	0.0	-2.44413	-2.6793400000000003	-2.60577	0.313917	-0.191959	0.852266	-0.486616	0.0	0.45184399999999997	-0.363408	-0.814721	0.0	-0.871199	-0.376268	-0.315332	0.0	2.7130799999999997	1.80854	0.237898	0.357635	
0	0.934995	0.159727	-0.316658	0.0	0.228766	0.41066499999999995	0.8826209999999999	0.0	0.271019	-0.8976870000000001	0.34743	0.0	-2.32887	-2.75097	-2.5363599999999997	0.32061799999999996	-0.192806	0.852434	-0.48598500000000006	0.0	0.452984	-0.362019	-0.814707	0.0	-0.8704200000000001	-0.377224	-0.31634	0.0	2.71985	1.8097400000000001	0.225602	0.35775500000000005	
0	0.92175	0.159196	-0.3536	0.0	0.25799099999999997	0.429016	0.8656709999999999	0.0	0.289512	-0.889158	0.35437399999999997	0.0	-2.17162	-2.72988	-2.43703	0.31701999999999997	-0.192155	0.853476	-0.48441300000000004	0.0	0.452096	-0.361127	-0.815596	0.0	-0.871026	-0.375722	-0.31645999999999996	0.0	2.72343	1.80594	0.19985	0.35771	
0	0.9123450000000001	0.0957444	-0.398071	0.0	0.323104	0.428775	0.843656	0.0	0.251458	-0.898323	0.360256	0.0	-2.12039	-2.7204599999999997	-2.35036	0.32304099999999997	-0.191904	0.8533209999999999	-0.484785	0.0	0.452139	-0.361551	-0.815384	0.0	-0.871059	-0.375665	-0.31643699999999997	0.0	2.7260299999999997	1.8024799999999999	0.183172	0.357716	
0	0.8999969999999999	0.0592615	-0.43184799999999995	0.0	0.36693600000000004	0.431779	0.8239690000000001	0.0	0.23529299999999997	-0.9000309999999999	0.36685500000000004	0.0	-2.16336	-2.7218299999999997	-2.29992	0.322561	-0.192485	0.8532040000000001	-0.484759	0.0	0.451535	-0.361585	-0.815703	0.0	-0.871244	-0.375897	-0.315652	0.0	2.7257599999999997	1.8010400000000002	0.177875	0.3577	
0	0.907093	0.0941047	-0.41027700000000006	0.0	0.331018	0.442614	0.8333790000000001	0.0	0.260019	-0.891761	0.370341	0.0	-2.17002	-2.75769	-2.31747	0.323241	-0.195037	0.854741	-0.481019	0.0	0.45386400000000005	-0.356113	-0.816817	0.0	-0.8694639999999999	-0.377626	-0.318481	0.0	2.72545	1.7982599999999997	0.160304	0.357697	
0	0.9165700000000001	0.117209	-0.382312	0.0	0.288082	0.469516	0.8346040000000001	0.0	0.277325	-0.87511	0.39657800000000004	0.0	-2.12973	-2.87019	-2.35095	0.313139	-0.19539	0.857417	-0.476088	0.0	0.454742	-0.350898	-0.818584	0.0	-0.868926	-0.37644	-0.321341	0.0	2.72896	1.7966799999999998	0.142733	0.357685	
0	0.918064	0.0914789	-0.385732	0.0	0.285081	0.5237890000000001	0.802729	0.0	0.275475	-0.846922	0.454793	0.0	-2.12699	-3.01823	-2.36053	0.286932	-0.19223099999999999	0.858247	-0.47587799999999997	0.0	0.45394700000000004	-0.35215599999999997	-0.8184859999999999	0.0	-0.8700459999999999	-0.37336199999999997	-0.321904	0.0	2.73137	1.79865	0.126823	0.357736	
0	0.916518	0.0491901	-0.396957	0.0	0.30424	0.558547	0.771662	0.0	0.259677	-0.8280129999999999	0.496953	0.0	-2.1089	-3.08353	-2.34828	0.27927199999999996	-0.187501	0.856936	-0.480108	0.0	0.450817	-0.359182	-0.8171609999999999	0.0	-0.8727010000000001	-0.369659	-0.318974	0.0	2.72815	1.79941	0.12436400000000002	0.357906	
0	0.901071	0.019021200000000002	-0.433255	0.0	0.343354	0.5789850000000001	0.739516	0.0	0.264914	-0.815116	0.515176	0.0	-2.10712	-3.1034599999999997	-2.33882	0.27958	-0.186523	0.8555379999999999	-0.482975	0.0	0.44959099999999996	-0.36277600000000004	-0.816249	0.0	-0.8735430000000001	-0.36939	-0.31697600000000004	0.0	2.72194	1.80601	0.13344	0.35796100000000003	
0	0.850716	-0.023964199999999998	-0.525079	0.0	0.43777	0.5852189999999999	0.682551	0.0	0.29093	-0.810521	0.508346	0.0	-2.12678	-3.10183	-2.32883	0.291206	-0.190051	0.854383	-0.483642	0.0	0.45138199999999995	-0.361428	-0.815858	0.0	-0.871857	-0.37336199999999997	-0.31696399999999997	0.0	2.71817	1.8035900000000002	0.142748	0.357901	
0	0.765388	-0.0804375	-0.638522	0.0	0.547763	0.602256	0.580727	0.0	0.33784200000000003	-0.79424	0.50502	0.0	-2.16655	-3.10217	-2.32341	0.303239	-0.193054	0.853672	-0.48371000000000003	0.0	0.454899	-0.358929	-0.815008	0.0	-0.869366	-0.377379	-0.319042	0.0	2.72181	1.8052599999999999	0.144177	0.357763	
0	0.598113	-0.219167	-0.770861	0.0	0.717596	0.574723	0.393383	0.0	0.356815	-0.788454	0.5010220000000001	0.0	-2.2016299999999998	-3.0929	-2.31287	0.30637	-0.194222	0.8532129999999999	-0.484051	0.0	0.45536499999999996	-0.358642	-0.814873	0.0	-0.8688610000000001	-0.378686	-0.318867	0.0	2.7275400000000003	1.80062	0.14035799999999998	0.357476	
0	0.465585	-0.301296	-0.8321370000000001	0.0	0.806171	0.532315	0.258319	0.0	0.365128	-0.791114	0.490733	0.0	-2.23561	-3.0849900000000003	-2.31491	0.30582800000000004	-0.194827	0.8523799999999999	-0.48527299999999995	0.0	0.456538	-0.359085	-0.814022	0.0	-0.8681110000000001	-0.380139	-0.319184	0.0	2.73028	1.80125	0.150472	0.357585	
0	0.378778	-0.301016	-0.875167	0.0	0.8322440000000001	0.524439	0.179818	0.0	0.404843	-0.796463	0.449165	0.0	-2.25073	-3.06255	-2.32593	0.303769	-0.19501300000000002	0.8524649999999999	-0.48505	0.0	0.45696000000000003	-0.358621	-0.8139890000000001	0.0	-0.8678469999999999	-0.380386	-0.31960700000000003	0.0	2.7315400000000003	1.8035	0.153524	0.357527	
0	0.274686	-0.299019	-0.9138569999999999	0.0	0.860872	0.49983500000000003	0.0952111	0.0	0.42830799999999997	-0.812867	0.394715	0.0	-2.23592	-3.02376	-2.34496	0.302672	-0.19515	0.852584	-0.48478699999999997	0.0	0.45693500000000004	-0.358333	-0.81413	0.0	-0.8678290000000001	-0.380393	-0.31964699999999996	0.0	2.72963	1.80283	0.166218	0.357572	
0	0.18291500000000002	-0.283616	-0.9413309999999999	0.0	0.8727799999999999	0.48758599999999996	0.022688200000000002	0.0	0.452545	-0.825725	0.336721	0.0	-2.2349099999999997	-2.96172	-2.35887	0.303402	-0.19582	0.8532770000000001	-0.48329300000000003	0.0	0.45666599999999996	-0.35678899999999997	-0.814959	0.0	-0.867819	-0.380289	-0.319796	0.0	2.72981	1.8003099999999999	0.17463599999999999	0.357591	
0	0.051708000000000004	-0.30656300000000003	-0.9504450000000001	0.0	0.885044	0.45494799999999996	-0.0985922	0.0	0.46262700000000007	-0.836087	0.29484699999999997	0.0	-2.23431	-2.90505	-2.35669	0.304302	-0.195774	0.8532270000000001	-0.48340200000000005	0.0	0.456862	-0.356823	-0.8148340000000001	0.0	-0.867727	-0.380371	-0.31995100000000004	0.0	2.72972	1.8013299999999999	0.16780899999999999	0.35741799999999996	
0	-0.00662485	-0.308739	-0.951124	0.0	0.8863409999999999	0.438564	-0.148534	0.0	0.462987	-0.8440030000000001	0.27074299999999996	0.0	-2.22571	-2.887	-2.3534599999999997	0.29936799999999997	-0.19454000000000002	0.853452	-0.48350299999999996	0.0	0.45740299999999995	-0.357117	-0.8144020000000001	0.0	-0.867719	-0.379589	-0.320898	0.0	2.7305099999999998	1.80195	0.162447	0.35761	
0	-0.023932299999999997	-0.29599899999999996	-0.954888	0.0	0.910518	0.387928	-0.143071	0.0	0.41277700000000006	-0.8728670000000001	0.260229	0.0	-2.1566400000000003	-2.92102	-2.3402700000000003	0.28970999999999997	-0.193127	0.8529709999999999	-0.484914	0.0	0.45628599999999997	-0.35945	-0.814002	0.0	-0.8686229999999999	-0.378465	-0.31978	0.0	2.73065	1.79913	0.166767	0.357567	
0	-0.0120057	-0.240416	-0.9705959999999999	0.0	0.914884	0.389088	-0.10769400000000001	0.0	0.403538	-0.889275	0.21528200000000003	0.0	-2.14031	-2.91791	-2.34826	0.282308	-0.193274	0.8515719999999999	-0.487309	0.0	0.45709799999999995	-0.361329	-0.812713	0.0	-0.8681629999999999	-0.379825	-0.319417	0.0	2.72847	1.80129	0.181654	0.35746100000000003	
0	-0.06641169999999999	-0.140924	-0.98779	0.0	0.908515	0.40076799999999996	-0.11825799999999999	0.0	0.412541	-0.905276	0.10141599999999999	0.0	-2.04803	-2.85276	-2.39708	0.277082	-0.193949	0.8520989999999999	-0.48611800000000005	0.0	0.457135	-0.359939	-0.8133090000000001	0.0	-0.867993	-0.37996199999999997	-0.319715	0.0	2.72589	1.8085099999999998	0.20671599999999998	0.357513	
0	-0.128251	0.0304305	-0.991275	0.0	0.9124639999999999	0.39520900000000003	-0.105922	0.0	0.38853699999999997	-0.9180870000000001	-0.07845260000000001	0.0	-2.04494	-2.6432900000000004	-2.56219	0.318652	-0.19480699999999998	0.8520559999999999	-0.48585100000000003	0.0	0.457081	-0.35940500000000003	-0.813575	0.0	-0.8678290000000001	-0.380564	-0.319444	0.0	2.72592	1.81045	0.2166	0.357459	
0	-0.131444	0.20501399999999997	-0.969893	0.0	0.9300959999999999	0.364019	-0.0491046	0.0	0.342992	-0.9085479999999999	-0.238531	0.0	-2.23127	-2.2572799999999997	-2.9555700000000003	0.34691900000000003	-0.195733	0.851941	-0.48568100000000003	0.0	0.45759700000000003	-0.358691	-0.813601	0.0	-0.8673489999999999	-0.381495	-0.31963800000000003	0.0	2.72574	1.80951	0.225183	0.357464	
0	-0.0866112	0.167977	-0.981979	0.0	0.9343030000000001	0.35582800000000003	-0.021538400000000003	0.0	0.345798	-0.9193309999999999	-0.18775999999999998	0.0	-2.41456	-2.18408	-3.14577	0.34844899999999995	-0.194803	0.852577	-0.48493800000000004	0.0	0.45872799999999997	-0.357813	-0.813351	0.0	-0.8669610000000001	-0.380898	-0.321398	0.0	2.7341	1.8102099999999999	0.20774	0.35726399999999997	
0	-0.0371584	0.100798	-0.9942129999999999	0.0	0.934039	0.35717	0.00130218	0.0	0.355234	-0.928585	-0.107421	0.0	-2.43351	-2.3295	-3.1005700000000003	0.34886	-0.192455	0.852879	-0.48534399999999994	0.0	0.457358	-0.359628	-0.813321	0.0	-0.868208	-0.378504	-0.320859	0.0	2.7369	1.8086799999999998	0.21356399999999998	0.357433	
0	-0.021327000000000002	-0.0101449	-0.9997209999999999	0.0	0.932457	0.360512	-0.0235503	0.0	0.36065	-0.9327	0.00177103	0.0	-2.37586	-2.64715	-2.91826	0.345134	-0.1934	0.852497	-0.48563999999999996	0.0	0.45805500000000005	-0.359274	-0.813086	0.0	-0.8676299999999999	-0.3797	-0.32100700000000004	0.0	2.73605	1.8132400000000002	0.23347800000000002	0.357469	
0	-0.011113600000000001	-0.00334686	-0.999933	0.0	0.933585	0.35817	-0.0115748	0.0	0.358185	-0.93365	-0.000856042	0.0	-2.29067	-2.7414	-2.84731	0.344933	-0.19450599999999998	0.852015	-0.486044	0.0	0.459525	-0.358622	-0.812543	0.0	-0.866605	-0.381394	-0.321768	0.0	2.74296	1.81492	0.239358	0.35740900000000003	
0	0.00928867	-0.00597823	-0.9999389999999999	0.0	0.9539709999999999	0.29981399999999997	0.0070691999999999994	0.0	0.299754	-0.9539790000000001	0.00848794	0.0	-2.34578	-2.801	-2.86021	0.348652	-0.195455	0.851987	-0.485712	0.0	0.460722	-0.357441	-0.8123859999999999	0.0	-0.8657549999999999	-0.382563	-0.322666	0.0	2.7467799999999998	1.8110400000000002	0.23827199999999998	0.35737199999999997	
0	0.0149343	-0.027491200000000004	-0.999511	0.0	0.958839	0.28387399999999996	0.00651887	0.0	0.283556	-0.958467	0.030599	0.0	-2.42584	-2.86902	-2.87015	0.34936	-0.194918	0.851772	-0.486304	0.0	0.45990200000000003	-0.358558	-0.812358	0.0	-0.8663120000000001	-0.381996	-0.321842	0.0	2.74837	1.81224	0.241256	0.357534	
0	0.0486471	-0.086914	-0.995028	0.0	0.9585459999999999	0.284083	0.0220495	0.0	0.280754	-0.954852	0.0971308	0.0	-2.40422	-2.93432	-2.7844	0.346831	-0.19438	0.853384	-0.483687	0.0	0.459801	-0.356298	-0.813409	0.0	-0.8664870000000001	-0.38051	-0.32313000000000003	0.0	2.7488599999999996	1.81178	0.22914400000000001	0.357527	
0	0.0549066	-0.0963633	-0.9938309999999999	0.0	0.9564020000000001	0.291013	0.0246217	0.0	0.28684499999999996	-0.9518540000000001	0.10814100000000001	0.0	-2.3792	-2.94849	-2.78147	0.346659	-0.193696	0.853902	-0.48304600000000003	0.0	0.459916	-0.355881	-0.813527	0.0	-0.8665790000000001	-0.379737	-0.323791	0.0	2.74844	1.80644	0.214297	0.35746300000000003	
0	0.0834013	-0.122135	-0.9890030000000001	0.0	0.9449190000000001	0.324905	0.0395602	0.0	0.31650100000000003	-0.9378270000000001	0.142505	0.0	-2.26864	-3.00742	-2.80835	0.344539	-0.191852	0.854017	-0.48357799999999995	0.0	0.458657	-0.357592	-0.813487	0.0	-0.867656	-0.377866	-0.323096	0.0	2.7486900000000003	1.8047400000000002	0.198041	0.35739	
0	0.120399	-0.169261	-0.97819	0.0	0.934167	0.352736	0.0539446	0.0	0.335912	-0.9202870000000001	0.200587	0.0	-2.07451	-3.00256	-2.77458	0.339648	-0.192483	0.853725	-0.483842	0.0	0.45798500000000003	-0.35791300000000004	-0.813725	0.0	-0.867871	-0.37822100000000003	-0.322101	0.0	2.73236	1.807	0.215417	0.357477	
0	0.13704000000000002	-0.197699	-0.9706370000000001	0.0	0.9274129999999999	0.369884	0.055599800000000005	0.0	0.348031	-0.9078	0.234037	0.0	-1.9585099999999998	-2.96538	-2.69424	0.3348	-0.193975	0.8545659999999999	-0.481759	0.0	0.45828	-0.35527	-0.814716	0.0	-0.867383	-0.378815	-0.32271700000000003	0.0	2.73572	1.8069400000000002	0.21477100000000002	0.357588	
0	0.147952	-0.231373	-0.961549	0.0	0.923582	0.380038	0.0506639	0.0	0.35370300000000005	-0.895566	0.269919	0.0	-1.8642299999999998	-2.9626799999999998	-2.62111	0.328714	-0.193873	0.8557170000000001	-0.479753	0.0	0.45951899999999996	-0.352854	-0.815068	0.0	-0.86675	-0.378475	-0.324809	0.0	2.7463	1.7974400000000001	0.190207	0.357567	
0	0.148077	-0.253411	-0.955958	0.0	0.9250360000000001	0.37741199999999997	0.0432407	0.0	0.34983200000000003	-0.890698	0.2903	0.0	-1.83575	-2.96482	-2.58786	0.325613	-0.193796	0.855617	-0.47996099999999997	0.0	0.45927700000000005	-0.35318499999999997	-0.8150609999999999	0.0	-0.8668950000000001	-0.378391	-0.32452	0.0	2.74931	1.7950099999999998	0.18191300000000002	0.357548	
0	0.12456400000000001	-0.353586	-0.9270709999999999	0.0	0.95096	0.309157	0.00986141	0.0	0.283124	-0.8828360000000001	0.374756	0.0	-1.8096400000000001	-3.08344	-2.4556	0.304111	-0.193723	0.8549329999999999	-0.481207	0.0	0.45933199999999996	-0.354375	-0.8145140000000001	0.0	-0.866883	-0.378824	-0.324048	0.0	2.75183	1.796	0.173456	0.357545	
0	0.052427699999999994	-0.42276	-0.904724	0.0	0.972925	0.22583699999999998	-0.0491492	0.0	0.225098	-0.8776510000000001	0.423154	0.0	-1.86245	-3.11857	-2.32083	0.275418	-0.193967	0.854981	-0.481025	0.0	0.459804	-0.353908	-0.81445	0.0	-0.8665780000000001	-0.379153	-0.324477	0.0	2.75054	1.7976	0.173852	0.357648	
0	0.0120512	-0.42482600000000004	-0.9051950000000001	0.0	0.979678	0.186277	-0.0743808	0.0	0.200216	-0.8859030000000001	0.41843800000000003	0.0	-1.9356099999999998	-3.07694	-2.27605	0.281096	-0.19268	0.8545379999999999	-0.48232700000000006	0.0	0.460362	-0.355363	-0.813501	0.0	-0.866569	-0.37879	-0.32492600000000005	0.0	2.75222	1.79896	0.17288900000000001	0.35749000000000003	
0	-0.0298346	-0.427125	-0.9037	0.0	0.982648	0.153052	-0.104779	0.0	0.183067	-0.8911450000000001	0.41514700000000004	0.0	-1.9442599999999999	-3.05744	-2.26059	0.279409	-0.191806	0.854621	-0.48252799999999996	0.0	0.460392	-0.35585300000000003	-0.8132699999999999	0.0	-0.8667459999999999	-0.37814200000000003	-0.325206	0.0	2.75181	1.8004900000000001	0.17871700000000001	0.357576	
0	-0.0900551	-0.441431	-0.8927649999999999	0.0	0.9812190000000001	0.11421300000000001	-0.155451	0.0	0.170586	-0.8899969999999999	0.42285500000000004	0.0	-1.95733	-3.0543	-2.252	0.280468	-0.190711	0.854949	-0.48238100000000006	0.0	0.460649	-0.355993	-0.813063	0.0	-0.8668520000000001	-0.377269	-0.32594	0.0	2.75726	1.7993	0.181247	0.357592	
0	-0.138241	-0.44629300000000005	-0.8841450000000001	0.0	0.974526	0.0978903	-0.201785	0.0	0.17660399999999998	-0.889517	0.42139099999999996	0.0	-1.96597	-3.04944	-2.24974	0.28115500000000004	-0.191385	0.855024	-0.48198100000000005	0.0	0.461139	-0.355158	-0.8131510000000001	0.0	-0.8664430000000001	-0.37788499999999997	-0.326313	0.0	2.76373	1.796	0.177851	0.357639	
0	-0.207508	-0.314671	-0.926241	0.0	0.9588969999999999	0.1219	-0.256237	0.0	0.19354000000000002	-0.941341	0.276441	0.0	-2.02339	-2.99001	-2.33102	0.30843200000000004	-0.19154100000000002	0.855	-0.481961	0.0	0.46213000000000004	-0.35465	-0.81281	0.0	-0.8658799999999999	-0.378415	-0.327191	0.0	2.77219	1.79462	0.177473	0.35759	
0	-0.196615	-0.161446	-0.9670979999999999	0.0	0.970825	0.10603399999999999	-0.215074	0.0	0.137268	-0.9811690000000001	0.135888	0.0	-2.16427	-2.93242	-2.76971	0.34724	-0.191019	0.855193	-0.481828	0.0	0.46265600000000007	-0.354481	-0.812584	0.0	-0.865714	-0.378139	-0.327948	0.0	2.77651	1.79285	0.17022	0.357571	
0	-0.149534	-0.28713299999999997	-0.946147	0.0	0.9845440000000001	0.0449952	-0.169257	0.0	0.0911715	-0.956833	0.275967	0.0	-2.25944	-3.03067	-2.7187	0.324435	-0.19030899999999998	0.8552540000000001	-0.481998	0.0	0.462139	-0.355124	-0.8125979999999999	0.0	-0.8661469999999999	-0.377395	-0.32766300000000004	0.0	2.77826	1.7938900000000002	0.166388	0.357659	
0	-0.108508	-0.312726	-0.943625	0.0	0.985165	0.0931224	-0.144146	0.0	0.13295099999999999	-0.945268	0.297982	0.0	-2.31307	-3.02256	-2.6519	0.270764	-0.18954100000000002	0.8540530000000001	-0.484425	0.0	0.462631	-0.35749000000000003	-0.8112779999999999	0.0	-0.866052	-0.37788099999999997	-0.327353	0.0	2.77833	1.7975299999999999	0.167218	0.357626	
0	-0.0826438	-0.303977	-0.9490879999999999	0.0	0.987507	0.103229	-0.119052	0.0	0.13416199999999998	-0.9470700000000001	0.291648	0.0	-2.29608	-3.01916	-2.5577099999999997	0.27523600000000004	-0.188633	0.8541049999999999	-0.484687	0.0	0.462901	-0.35794899999999996	-0.810923	0.0	-0.866107	-0.37732899999999997	-0.327845	0.0	2.7787900000000003	1.8009	0.17152	0.357717	
0	0.023288800000000002	-0.321849	-0.9465049999999999	0.0	0.9969870000000001	0.07755210000000001	-0.00183979	0.0	0.07399560000000001	-0.943609	0.322685	0.0	-2.24797	-3.0371599999999996	-2.54319	0.266083	-0.187403	0.853035	-0.487043	0.0	0.46225900000000003	-0.36090500000000003	-0.809978	0.0	-0.8667159999999999	-0.376932	-0.32668800000000003	0.0	2.77	1.8033099999999997	0.172004	0.357626	
0	0.038717699999999994	-0.326319	-0.944466	0.0	0.9968110000000001	0.0786085	0.013703799999999999	0.0	0.06977130000000001	-0.9419850000000001	0.328322	0.0	-2.25579	-3.03589	-2.5446	0.252815	-0.188194	0.852081	-0.48840600000000006	0.0	0.46233100000000005	-0.361887	-0.809499	0.0	-0.8665069999999999	-0.378148	-0.325839	0.0	2.76658	1.8048099999999998	0.182669	0.357775	
0	0.034982099999999995	-0.352682	-0.935089	0.0	0.996549	0.0827896	0.00605616	0.0	0.0752798	-0.932074	0.35436100000000004	0.0	-2.2844700000000002	-3.0417400000000003	-2.57095	0.228061	-0.192163	0.850979	-0.48878299999999997	0.0	0.465712	-0.35933400000000004	-0.808697	0.0	-0.863821	-0.38303400000000004	-0.327261	0.0	2.7732	1.81056	0.21367199999999997	0.357643	
0	0.039229	-0.370665	-0.9279379999999999	0.0	0.9969299999999999	0.07750119999999999	0.011187899999999999	0.0	0.06776950000000001	-0.925528	0.372567	0.0	-2.28232	-3.04827	-2.58418	0.22309400000000001	-0.193252	0.8516040000000001	-0.487262	0.0	0.466699	-0.357057	-0.809137	0.0	-0.8630450000000001	-0.383772	-0.328441	0.0	2.7808599999999997	1.8103900000000002	0.209671	0.357648	
0	0.0462686	-0.36439099999999996	-0.9300959999999999	0.0	0.997558	0.06561789999999999	0.023916999999999997	0.0	0.0523158	-0.928932	0.366537	0.0	-2.2655	-3.04966	-2.57416	0.226787	-0.190841	0.8521690000000001	-0.487225	0.0	0.466257	-0.358089	-0.808936	0.0	-0.86382	-0.38155	-0.328991	0.0	2.79068	1.8057599999999998	0.180464	0.357666	
0	0.0538043	-0.36131399999999997	-0.930891	0.0	0.9973360000000001	0.06543009999999999	0.032248900000000004	0.0	0.0492564	-0.9301459999999999	0.363872	0.0	-2.2572200000000002	-3.05138	-2.56702	0.233398	-0.18762	0.8511139999999999	-0.49031	0.0	0.46320900000000004	-0.36351700000000003	-0.808266	0.0	-0.8661620000000001	-0.378762	-0.32604099999999997	0.0	2.78125	1.80572	0.183166	0.357564	
0	0.0610143	-0.36090900000000004	-0.9306030000000001	0.0	0.997014	0.066245	0.039677199999999996	0.0	0.0473279	-0.9302450000000001	0.363873	0.0	-2.2484599999999997	-3.0531099999999998	-2.56325	0.24165799999999998	-0.187075	0.8503790000000001	-0.491791	0.0	0.463423	-0.36502399999999996	-0.8074640000000001	0.0	-0.866165	-0.37896399999999997	-0.325798	0.0	2.77778	1.8093700000000001	0.191922	0.357567	
0	0.16228099999999998	-0.29994699999999996	-0.940052	0.0	0.98529	0.100975	0.137872	0.0	0.05356709999999999	-0.9485969999999999	0.311921	0.0	-2.24614	-3.03535	-2.48235	0.253141	-0.187494	0.849792	-0.492645	0.0	0.463387	-0.3657	-0.807177	0.0	-0.866094	-0.379626	-0.325216	0.0	2.76951	1.8110400000000002	0.206265	0.35757	
0	0.21823299999999998	-0.249953	-0.9433440000000001	0.0	0.97431	0.110911	0.19601	0.0	0.0556337	-0.961885	0.26773600000000003	0.0	-2.23544	-3.02541	-2.42377	0.270669	-0.188172	0.849208	-0.49339399999999994	0.0	0.463904	-0.365944	-0.806771	0.0	-0.86567	-0.380698	-0.32509099999999996	0.0	2.7681	1.81362	0.214049	0.357379	
0	0.38500300000000004	-0.06769910000000001	-0.920429	0.0	0.9187649999999999	0.12258599999999999	0.37529	0.0	0.0874252	-0.9901459999999999	0.10939600000000001	0.0	-2.28747	-2.98109	-2.2425200000000003	0.24693800000000002	-0.18754	0.8488620000000001	-0.494229	0.0	0.46361199999999997	-0.36709	-0.806417	0.0	-0.865964	-0.380366	-0.324698	0.0	2.77489	1.8221900000000002	0.231346	0.357576	
0	0.46398900000000004	0.00833592	-0.8858020000000001	0.0	0.879236	0.117546	0.46165600000000007	0.0	0.107971	-0.993032	0.0472108	0.0	-2.31249	-2.97384	-2.16758	0.245892	-0.186309	0.849182	-0.494145	0.0	0.46378500000000006	-0.367373	-0.806189	0.0	-0.866136	-0.379377	-0.325394	0.0	2.7756	1.8224900000000002	0.233881	0.357583	
