0	0.37394	0.693779	-0.6155	0.0	0.6146	0.31164200000000003	0.72467	0.0	0.694576	-0.649269	-0.309861	0.0	-2.77104	2.01525	1.37873	0.0111005	-0.593132	0.516197	-0.617847	0.0	0.751694	0.0802041	-0.654617	0.0	-0.288358	-0.852706	-0.435594	0.0	2.66032	2.0	1.53809	0.0	
0	-0.359453	0.629653	-0.688717	0.0	-0.00713167	0.73617	0.676759	0.0	0.9331360000000001	0.248175	-0.260128	0.0	-2.7539999999999996	2.1564799999999997	1.34867	0.0	0.11496700000000001	0.878056	-0.46454300000000004	0.0	0.204401	-0.478547	-0.8539399999999999	0.0	-0.9721129999999999	0.00322273	-0.23449299999999998	0.0	2.7438599999999997	2.1543400000000004	1.4074799999999998	0.00573741	
0	-0.39334	0.59922	-0.697295	0.0	-0.020126599999999998	0.752635	0.65813	0.0	0.9191729999999999	0.272903	-0.283982	0.0	-2.7052	2.30532	1.31277	0.0	0.28125700000000003	0.8650770000000001	-0.415376	0.0	0.233515	-0.48153500000000005	-0.8447459999999999	0.0	-0.930788	0.140594	-0.337443	0.0	2.84057	2.3247	1.18313	0.0	
0	-0.409433	0.622848	-0.666652	0.0	-0.03933590000000001	0.717975	0.6949569999999999	0.0	0.911492	0.310761	-0.269462	0.0	-2.6840200000000003	2.3873599999999997	1.25695	0.236646	0.36383499999999996	0.82139	-0.43925299999999995	0.0	0.20243	-0.530029	-0.823464	0.0	-0.909201	0.21068699999999999	-0.359117	0.0	2.93185	2.5230900000000003	0.99823	0.343021	
0	-0.45754399999999995	0.6311939999999999	-0.626297	0.0	-0.0768586	0.673638	0.735054	0.0	0.8858590000000001	0.384456	-0.259707	0.0	-2.57222	2.51424	1.15005	0.318198	0.310299	0.770911	-0.556248	0.0	0.145791	-0.616799	-0.773501	0.0	-0.939393	0.158921	-0.30378499999999997	0.0	2.84947	2.4872400000000003	1.09825	0.0138261	
0	-0.435808	0.6697770000000001	-0.601225	0.0	-0.126141	0.615952	0.777619	0.0	0.891157	0.414732	-0.18395	0.0	-2.5581099999999997	2.3951599999999997	1.30306	0.00241676	0.36225300000000005	0.752497	-0.55002	0.0	0.0578716	-0.607119	-0.792501	0.0	-0.9302809999999999	0.255256	-0.263479	0.0	2.84923	2.48305	1.17969	0.0	
0	-0.54514	0.637383	-0.544578	0.0	-0.11497	0.5866100000000001	0.801667	0.0	0.8304239999999999	0.49963100000000005	-0.24650500000000003	0.0	-2.58963	2.5938	1.2501200000000001	0.100035	0.37837800000000005	0.7495149999999999	-0.543192	0.0	0.0915385	-0.614244	-0.7837890000000001	0.0	-0.921114	0.246846	-0.301026	0.0	2.86063	2.5878099999999997	1.1386	0.08931489999999999	
0	-0.506406	0.668493	-0.544675	0.0	-0.172451	0.5403819999999999	0.823558	0.0	0.844875	0.510984	-0.15837	0.0	-2.57482	2.70917	1.12381	0.260833	0.275826	0.788204	-0.550141	0.0	0.104777	-0.593588	-0.7979189999999999	0.0	-0.9554799999999999	0.162445	-0.24631199999999998	0.0	2.8461	2.48832	1.09768	0.0920316	
0	-0.455416	0.73607	-0.500797	0.0	-0.14669000000000001	0.492788	0.8576959999999999	0.0	0.8781110000000001	0.46407	-0.11645	0.0	-2.57295	2.60698	1.14869	0.24964699999999998	0.24055100000000001	0.819056	-0.520848	0.0	0.121636	-0.557812	-0.8210059999999999	0.0	-0.9629850000000001	0.13414	-0.23380900000000002	0.0	2.8285400000000003	2.39578	1.02829	0.0975816	
0	-0.414893	0.779141	-0.469897	0.0	-0.102396	0.47318000000000005	0.8749950000000001	0.0	0.90409	0.41114399999999995	-0.11653800000000002	0.0	-2.5367900000000003	2.4595599999999997	1.17029	0.262452	0.163099	0.8326389999999999	-0.5292560000000001	0.0	0.161004	-0.55171	-0.818348	0.0	-0.973384	0.048259699999999996	-0.22404200000000002	0.0	2.82532	2.28862	0.965414	0.13938	
0	-0.411857	0.777062	-0.475972	0.0	-0.10719300000000001	0.477389	0.872129	0.0	0.9049219999999999	0.410213	-0.11332	0.0	-2.5066200000000003	2.41397	1.14081	0.275674	0.11882000000000001	0.844284	-0.522558	0.0	0.20802800000000002	-0.5357729999999999	-0.818334	0.0	-0.970879	-0.0114726	-0.239296	0.0	2.81428	2.2469799999999998	0.9025479999999999	0.19336199999999998	
0	-0.303537	0.727859	-0.614887	0.0	-0.147574	0.601635	0.785021	0.0	0.9413219999999999	0.329024	-0.0752056	0.0	-2.4175400000000002	2.2794	1.14736	0.19981600000000002	-0.07359299999999999	0.869734	-0.488004	0.0	0.305264	-0.446198	-0.8412620000000001	0.0	-0.94942	-0.21088099999999999	-0.232661	0.0	2.7258400000000003	2.00483	0.728583	0.325482	
0	-0.175125	0.812281	-0.5563560000000001	0.0	-0.108873	0.5456449999999999	0.8309139999999999	0.0	0.978508	0.20608600000000002	-0.00712097	0.0	-2.40775	2.1463099999999997	1.1744	0.108296	-0.223176	0.853742	-0.470444	0.0	0.350756	-0.379956	-0.855923	0.0	-0.909485	-0.356032	-0.214658	0.0	2.6385400000000003	1.79122	0.647059	0.351329	
0	0.16655899999999998	0.8965850000000001	-0.410358	0.0	0.0764596	0.403174	0.911924	0.0	0.9830629999999999	-0.183265	-0.00140035	0.0	-2.43672	1.7846099999999998	1.2148299999999999	0.0257625	-0.39995	0.809773	-0.42931	0.0	0.416753	-0.25650700000000004	-0.872079	0.0	-0.816307	-0.527704	-0.234886	0.0	2.6160400000000004	1.5072299999999998	0.524246	0.356835	
0	0.49945600000000007	0.8274030000000001	-0.256803	0.0	0.16228299999999998	0.201823	0.965884	0.0	0.8510040000000001	-0.524092	-0.033471600000000004	0.0	-2.47326	1.36297	1.13571	0.028705	-0.491159	0.775392	-0.396902	0.0	0.42935500000000004	-0.180949	-0.8848229999999999	0.0	-0.757903	-0.605001	-0.244044	0.0	2.67806	1.27745	0.39411399999999996	0.357451	
0	0.7275659999999999	0.676814	-0.11211800000000001	0.0	0.142703	0.0105475	0.9897090000000001	0.0	0.671032	-0.736079	-0.0889094	0.0	-2.60278	0.9686170000000001	0.8662290000000001	0.0260805	-0.498544	0.772362	-0.393588	0.0	0.427142	-0.176217	-0.8868469999999999	0.0	-0.754323	-0.61025	-0.242056	0.0	2.69218	1.1802	0.311002	0.357811	
0	0.805543	0.58478	-0.0955661	0.0	0.12160399999999999	-0.00530362	0.9925649999999999	0.0	0.579925	-0.811174	-0.07538380000000001	0.0	-2.70319	0.628777	0.52164	0.029459199999999998	-0.49950500000000003	0.772255	-0.392577	0.0	0.424151	-0.177121	-0.888101	0.0	-0.755374	-0.610123	-0.23908000000000001	0.0	2.65889	1.15101	0.273939	0.358172	
0	0.8669030000000001	0.491807	-0.0812785	0.0	0.099992	-0.0118297	0.9949180000000001	0.0	0.488346	-0.870624	-0.059431899999999996	0.0	-2.7601400000000003	0.274765	0.0771961	0.0274265	-0.504382	0.769867	-0.39103000000000004	0.0	0.416288	-0.179949	-0.8912479999999999	0.0	-0.7565069999999999	-0.61231	-0.22972399999999998	0.0	2.60003	1.13701	0.251838	0.35849200000000003	
0	0.9065200000000001	0.422162	-0.000783935	0.0	0.037870999999999995	-0.0794719	0.9961180000000001	0.0	0.420461	-0.9030299999999999	-0.0880306	0.0	-2.7564599999999997	0.0855825	-0.45685200000000004	0.0302377	-0.504236	0.769917	-0.391119	0.0	0.413243	-0.182563	-0.892133	0.0	-0.7582720000000001	-0.611472	-0.226108	0.0	2.56288	1.13916	0.243112	0.358535	
0	0.9142610000000001	0.39457	0.0918815	0.0	-0.051722199999999996	-0.11126	0.9924440000000001	0.0	0.40181100000000003	-0.9121049999999999	-0.0813125	0.0	-2.7393099999999997	-0.0369345	-0.844886	0.07480830000000001	-0.506514	0.768317	-0.391322	0.0	0.409547	-0.185001	-0.893334	0.0	-0.758759	-0.61275	-0.22095700000000001	0.0	2.53832	1.14763	0.249696	0.35896	
0	0.913855	0.370618	0.165866	0.0	-0.123998	-0.134252	0.983159	0.0	0.386644	-0.919032	-0.07673110000000001	0.0	-2.66282	-0.197774	-1.24322	0.0982054	-0.509043	0.766678	-0.391254	0.0	0.40929699999999997	-0.18426900000000002	-0.8936	0.0	-0.7572	-0.61502	-0.219998	0.0	2.53042	1.1609200000000002	0.256546	0.359321	
0	0.901518	0.369712	0.224894	0.0	-0.21404	-0.0707182	0.9742620000000001	0.0	0.376101	-0.926451	0.0153793	0.0	-2.5881	-0.464688	-1.52145	0.105616	-0.513209	0.764042	-0.390968	0.0	0.411595	-0.180634	-0.893287	0.0	-0.753131	-0.619363	-0.221773	0.0	2.53762	1.1581700000000001	0.261178	0.358912	
0	0.9008700000000001	0.340109	0.269739	0.0	-0.27826999999999996	-0.024450299999999998	0.960191	0.0	0.333165	-0.940068	0.07261580000000001	0.0	-2.54573	-0.696707	-1.6472	0.13888499999999998	-0.516824	0.76081	-0.392506	0.0	0.413721	-0.179427	-0.892548	0.0	-0.749486	-0.623678	-0.222031	0.0	2.55151	1.15689	0.267572	0.35904200000000003	
0	0.894775	0.350946	0.276071	0.0	-0.292376	-0.00681033	0.9562790000000001	0.0	0.337482	-0.936371	0.09651439999999999	0.0	-2.5316099999999997	-0.8825059999999999	-1.76873	0.161941	-0.519705	0.758267	-0.39362199999999997	0.0	0.41718599999999995	-0.176827	-0.891453	0.0	-0.745562	-0.627506	-0.22444	0.0	2.56192	1.16513	0.272104	0.358896	
0	0.9000540000000001	0.35774	0.248848	0.0	-0.279816	0.0366633	0.959353	0.0	0.334075	-0.9331010000000001	0.1331	0.0	-2.53017	-1.08925	-1.87609	0.226802	-0.520374	0.757463	-0.394286	0.0	0.417419	-0.177175	-0.891275	0.0	-0.744965	-0.628378	-0.22398200000000001	0.0	2.56933	1.17232	0.27103499999999997	0.35884299999999997	
0	0.896351	0.373974	0.23811300000000002	0.0	-0.27367600000000003	0.0441991	0.9608059999999999	0.0	0.348792	-0.926386	0.141966	0.0	-2.46536	-1.1889399999999999	-1.9231099999999999	0.22443200000000002	-0.521666	0.756392	-0.39463400000000004	0.0	0.419462	-0.175396	-0.890667	0.0	-0.742911	-0.630165	-0.225779	0.0	2.571	1.17562	0.273913	0.358694	
0	0.896223	0.39318000000000003	0.20540999999999998	0.0	-0.25545500000000004	0.0788766	0.963598	0.0	0.362665	-0.9160719999999999	0.171131	0.0	-2.38041	-1.2131100000000001	-1.9959799999999999	0.224875	-0.522753	0.754929	-0.395995	0.0	0.419307	-0.176744	-0.890474	0.0	-0.7422340000000001	-0.631541	-0.22415300000000002	0.0	2.57305	1.17565	0.28042	0.358628	
0	0.9011459999999999	0.396484	0.175318	0.0	-0.236075	0.109622	0.965532	0.0	0.363599	-0.911473	0.192386	0.0	-2.34437	-1.2289	-1.9978099999999999	0.223104	-0.5258149999999999	0.752781	-0.396031	0.0	0.42161099999999996	-0.173716	-0.8899809999999999	0.0	-0.738758	-0.634936	-0.226039	0.0	2.5865299999999998	1.17308	0.289567	0.358421	
0	0.905308	0.393414	0.160131	0.0	-0.22199000000000002	0.116818	0.968026	0.0	0.362129	-0.911909	0.193091	0.0	-2.33221	-1.23012	-1.9955900000000002	0.222323	-0.5286810000000001	0.751326	-0.39497600000000005	0.0	0.42422200000000004	-0.169168	-0.889617	0.0	-0.735209	-0.637881	-0.229294	0.0	2.61267	1.16857	0.293222	0.35835300000000003	
0	0.908334	0.39040199999999997	0.150053	0.0	-0.21299	0.12300699999999999	0.969281	0.0	0.359951	-0.9123899999999999	0.194883	0.0	-2.37082	-1.23682	-1.9956	0.22054	-0.528913	0.752554	-0.392318	0.0	0.42405699999999996	-0.166078	-0.8902770000000001	0.0	-0.735137	-0.637245	-0.231285	0.0	2.62538	1.15767	0.286869	0.35825500000000005	
0	0.9083049999999999	0.39414499999999997	0.14011500000000002	0.0	-0.20620300000000003	0.130446	0.969775	0.0	0.36395500000000003	-0.909744	0.199759	0.0	-2.39748	-1.25906	-1.9316799999999998	0.218898	-0.5282180000000001	0.7529710000000001	-0.392455	0.0	0.42458199999999996	-0.166045	-0.890033	0.0	-0.735334	-0.636761	-0.23199	0.0	2.62854	1.1587399999999999	0.282667	0.358009	
0	0.909509	0.392279	0.13751300000000002	0.0	-0.203322	0.13128199999999998	0.9702709999999999	0.0	0.362564	-0.91043	0.19916099999999998	0.0	-2.40557	-1.26242	-1.90875	0.21840500000000002	-0.528032	0.753134	-0.392393	0.0	0.42392700000000005	-0.166607	-0.890241	0.0	-0.735846	-0.636421	-0.2313	0.0	2.6221900000000002	1.16046	0.285273	0.358081	
0	0.9095040000000001	0.392284	0.137532	0.0	-0.203342	0.131275	0.970267	0.0	0.362566	-0.910429	0.199163	0.0	-2.40531	-1.26242	-1.90946	0.218403	-0.5280279999999999	0.753135	-0.392395	0.0	0.423939	-0.166601	-0.890236	0.0	-0.735841	-0.636421	-0.23131300000000002	0.0	2.6224	1.16046	0.285154	0.35808	
0	0.9095040000000001	0.392284	0.137532	0.0	-0.203342	0.131275	0.970267	0.0	0.362566	-0.910429	0.199163	0.0	-2.40531	-1.26242	-1.90947	0.218403	-0.5280279999999999	0.753135	-0.392395	0.0	0.423939	-0.166601	-0.890236	0.0	-0.735841	-0.636421	-0.23131300000000002	0.0	2.6224	1.16046	0.285154	0.35808	
0	0.9095040000000001	0.392284	0.137532	0.0	-0.20334100000000002	0.131275	0.970267	0.0	0.362566	-0.910429	0.199163	0.0	-2.40531	-1.26242	-1.90947	0.218403	-0.5280279999999999	0.753135	-0.392395	0.0	0.423939	-0.166601	-0.890236	0.0	-0.735841	-0.636421	-0.23131300000000002	0.0	2.6224	1.16046	0.285154	0.35808	
0	0.9095040000000001	0.392284	0.137532	0.0	-0.20334100000000002	0.131275	0.970267	0.0	0.362566	-0.910429	0.199163	0.0	-2.40531	-1.26242	-1.90947	0.218403	-0.5280279999999999	0.753135	-0.392395	0.0	0.423939	-0.166601	-0.890236	0.0	-0.735841	-0.636421	-0.23131300000000002	0.0	2.6224	1.16046	0.285154	0.35808	
0	0.9095040000000001	0.392284	0.137532	0.0	-0.20334100000000002	0.131275	0.970267	0.0	0.362566	-0.910429	0.199163	0.0	-2.40531	-1.26242	-1.90947	0.218403	-0.5280279999999999	0.753135	-0.392395	0.0	0.423939	-0.166601	-0.890236	0.0	-0.735841	-0.636421	-0.23131300000000002	0.0	2.6224	1.16046	0.285154	0.35808	
0	0.9095040000000001	0.392284	0.137532	0.0	-0.203342	0.131275	0.970268	0.0	0.362566	-0.910429	0.199163	0.0	-2.40531	-1.26242	-1.90947	0.218403	-0.5280279999999999	0.753135	-0.392395	0.0	0.423939	-0.166601	-0.890236	0.0	-0.735841	-0.636421	-0.23131300000000002	0.0	2.6224	1.16046	0.285154	0.35808	
0	0.9095040000000001	0.392284	0.137532	0.0	-0.203342	0.131275	0.970268	0.0	0.362566	-0.910429	0.199163	0.0	-2.40531	-1.26242	-1.90947	0.218403	-0.528029	0.753135	-0.392396	0.0	0.423939	-0.166601	-0.890236	0.0	-0.735841	-0.636421	-0.23131300000000002	0.0	2.6224	1.16046	0.285154	0.35808	
0	0.9095040000000001	0.392284	0.137532	0.0	-0.203342	0.131275	0.970268	0.0	0.362566	-0.910429	0.199163	0.0	-2.40531	-1.26242	-1.90947	0.218403	-0.528029	0.753135	-0.392396	0.0	0.423939	-0.166601	-0.890236	0.0	-0.735841	-0.636422	-0.23131300000000002	0.0	2.6224	1.16046	0.285154	0.35808	
0	0.9095040000000001	0.392284	0.137532	0.0	-0.203342	0.131275	0.970268	0.0	0.362566	-0.910429	0.199163	0.0	-2.40531	-1.26242	-1.90947	0.218403	-0.5280279999999999	0.753135	-0.392395	0.0	0.423939	-0.166601	-0.890236	0.0	-0.735841	-0.636421	-0.23131300000000002	0.0	2.6224	1.16046	0.285154	0.35808	
0	0.9095040000000001	0.392284	0.137532	0.0	-0.203342	0.131275	0.970268	0.0	0.362566	-0.910429	0.199163	0.0	-2.40531	-1.26242	-1.90947	0.218403	-0.5280279999999999	0.753135	-0.392395	0.0	0.423939	-0.166601	-0.890236	0.0	-0.735841	-0.636421	-0.23131300000000002	0.0	2.6224	1.16046	0.285154	0.35808	
0	0.9095040000000001	0.392284	0.137532	0.0	-0.203342	0.131275	0.970268	0.0	0.362566	-0.910429	0.199163	0.0	-2.40531	-1.26242	-1.90947	0.218403	-0.5280279999999999	0.753135	-0.392395	0.0	0.423939	-0.166601	-0.890236	0.0	-0.735841	-0.636421	-0.23131300000000002	0.0	2.6224	1.16046	0.285154	0.358079	
0	0.9095040000000001	0.392284	0.137532	0.0	-0.203342	0.131275	0.970268	0.0	0.362566	-0.910429	0.199163	0.0	-2.40531	-1.26242	-1.90947	0.218403	-0.5280279999999999	0.753135	-0.392395	0.0	0.423939	-0.166601	-0.890236	0.0	-0.735841	-0.636421	-0.23131300000000002	0.0	2.6224	1.16046	0.285154	0.35808	
0	0.9095040000000001	0.392284	0.137532	0.0	-0.203342	0.131275	0.970268	0.0	0.362566	-0.910429	0.199163	0.0	-2.40531	-1.26242	-1.90947	0.218403	-0.5280279999999999	0.753135	-0.392395	0.0	0.423939	-0.166601	-0.890236	0.0	-0.735841	-0.636421	-0.23131300000000002	0.0	2.6224	1.16046	0.285154	0.35808	
0	0.9095040000000001	0.392284	0.137532	0.0	-0.203342	0.131275	0.970268	0.0	0.362566	-0.910429	0.199163	0.0	-2.40531	-1.26242	-1.90946	0.218403	-0.5280279999999999	0.753135	-0.392395	0.0	0.423939	-0.166601	-0.890236	0.0	-0.735841	-0.636421	-0.23131300000000002	0.0	2.6224	1.16046	0.285154	0.35808	
0	0.9095040000000001	0.392284	0.137532	0.0	-0.203342	0.131275	0.970268	0.0	0.362566	-0.910429	0.199163	0.0	-2.40531	-1.26242	-1.90947	0.218403	-0.5280279999999999	0.753135	-0.392395	0.0	0.423939	-0.166601	-0.890236	0.0	-0.735841	-0.636421	-0.23131300000000002	0.0	2.6224	1.16046	0.285154	0.35808	
0	0.9095040000000001	0.392284	0.137532	0.0	-0.203342	0.131275	0.970268	0.0	0.362566	-0.910429	0.199163	0.0	-2.40531	-1.26242	-1.90947	0.218403	-0.5280279999999999	0.753135	-0.392395	0.0	0.423939	-0.166601	-0.890236	0.0	-0.735841	-0.636421	-0.23131300000000002	0.0	2.6224	1.16046	0.28515300000000005	0.35808	
0	0.9095040000000001	0.392284	0.137532	0.0	-0.203342	0.131275	0.970268	0.0	0.362566	-0.910429	0.199163	0.0	-2.40531	-1.26242	-1.90947	0.218403	-0.5280279999999999	0.753135	-0.392395	0.0	0.423939	-0.166601	-0.890236	0.0	-0.735841	-0.636421	-0.23131300000000002	0.0	2.6224	1.16046	0.285154	0.35808	
0	0.9095040000000001	0.392284	0.137532	0.0	-0.203342	0.131275	0.970268	0.0	0.362566	-0.910429	0.199163	0.0	-2.40531	-1.26242	-1.90947	0.218403	-0.5280279999999999	0.753135	-0.392395	0.0	0.423939	-0.166601	-0.890236	0.0	-0.735841	-0.636421	-0.23131300000000002	0.0	2.6224	1.16046	0.285154	0.35808	
0	0.32297600000000004	-0.555621	0.766141	0.0	-0.0994001	-0.8249629999999999	-0.556377	0.0	0.9411729999999999	0.10354200000000001	-0.32167199999999996	0.0	-2.44798	-1.1855200000000001	-1.819	0.25249	-0.41372700000000007	0.798171	-0.437896	0.0	0.505652	-0.198516	-0.8395879999999999	0.0	-0.7570640000000001	-0.568783	-0.321465	0.0	2.59321	1.16218	0.34370100000000003	0.355929	
0	0.168019	-0.748559	0.6414270000000001	0.0	-0.196629	-0.6630510000000001	-0.7222890000000001	0.0	0.965975	-0.00476533	-0.25859299999999996	0.0	-2.47232	-1.28881	-1.6245399999999999	0.268242	-0.412228	0.799359	-0.437143	0.0	0.505119	-0.198793	-0.839843	0.0	-0.7582369999999999	-0.567016	-0.321824	0.0	2.59813	1.16629	0.363288	0.35608	
0	0.029192400000000004	-0.809024	0.58705	0.0	-0.276415	-0.570932	-0.773066	0.0	0.9605950000000001	-0.139702	-0.240294	0.0	-2.4754400000000003	-1.42919	-1.50391	0.26862199999999997	-0.413134	0.8003239999999999	-0.43451300000000004	0.0	0.5050100000000001	-0.195707	-0.840633	0.0	-0.7578159999999999	-0.566728	-0.323319	0.0	2.59532	1.1670399999999999	0.365527	0.356124	
0	-0.10196000000000001	-0.811457	0.575449	0.0	-0.341683	-0.514705	-0.786341	0.0	0.934268	-0.276796	-0.224782	0.0	-2.4546	-1.60104	-1.40903	0.265108	-0.41429499999999997	0.802529	-0.42931	0.0	0.504989	-0.189737	-0.8420129999999999	0.0	-0.757196	-0.565638	-0.32666100000000003	0.0	2.5965	1.16439	0.359043	0.355951	
0	-0.194304	-0.788656	0.583324	0.0	-0.372485	-0.4908	-0.787636	0.0	0.9074700000000001	-0.37032	-0.198398	0.0	-2.40151	-1.74288	-1.34568	0.26614	-0.41461000000000003	0.804689	-0.424941	0.0	0.504482	-0.185392	-0.843284	0.0	-0.757362	-0.564009	-0.329086	0.0	2.59505	1.15094	0.349111	0.355991	
0	-0.23659299999999997	-0.758731	0.60692	0.0	-0.373325	-0.505714	-0.777742	0.0	0.8970239999999999	-0.41058599999999995	-0.163605	0.0	-2.30505	-1.86105	-1.28542	0.265443	-0.41231	0.806431	-0.423875	0.0	0.503645	-0.185943	-0.8436629999999999	0.0	-0.759173	-0.561333	-0.329488	0.0	2.59595	1.0992899999999999	0.33871399999999996	0.355572	
0	-0.3757	-0.7315689999999999	0.568909	0.0	-0.411113	-0.41860699999999995	-0.809787	0.0	0.830564	-0.538122	-0.14348699999999998	0.0	-2.22114	-1.9795599999999998	-1.17939	0.25705100000000003	-0.412079	0.807239	-0.422559	0.0	0.504235	-0.18423499999999998	-0.843685	0.0	-0.7589060000000001	-0.560733	-0.331119	0.0	2.58386	1.07336	0.34584499999999996	0.355566	
0	-0.49815299999999996	-0.695508	0.517796	0.0	-0.44126800000000005	-0.310706	-0.8418700000000001	0.0	0.74641	-0.6478659999999999	-0.152126	0.0	-2.23314	-2.08564	-1.1772799999999999	0.254922	-0.41330600000000006	0.80633	-0.423097	0.0	0.504387	-0.184126	-0.843618	0.0	-0.758137	-0.562077	-0.33060300000000004	0.0	2.5909299999999997	1.06562	0.349148	0.355631	
0	-0.701485	-0.5538350000000001	0.44853699999999996	0.0	-0.426454	-0.17806	-0.88681	0.0	0.571013	-0.8133640000000001	-0.111278	0.0	-2.2755900000000002	-2.30743	-1.20033	0.228721	-0.41097100000000003	0.804715	-0.428411	0.0	0.5051439999999999	-0.190185	-0.8418190000000001	0.0	-0.7589020000000001	-0.562373	-0.328337	0.0	2.60493	1.07756	0.330681	0.35491500000000004	
0	-0.7698619999999999	-0.46430299999999997	0.437875	0.0	-0.438726	-0.11326099999999999	-0.8914549999999999	0.0	0.4635	-0.8784040000000001	-0.116506	0.0	-2.3012	-2.40994	-1.28043	0.21282800000000002	-0.40927800000000003	0.804978	-0.429537	0.0	0.504933	-0.19228399999999998	-0.841469	0.0	-0.759957	-0.561282	-0.327762	0.0	2.60127	1.0969	0.333477	0.354998	
0	-0.79804	-0.411983	0.43977700000000003	0.0	-0.446698	-0.0853966	-0.8906	0.0	0.404467	-0.9071809999999999	-0.115882	0.0	-2.31661	-2.4775	-1.34229	0.216977	-0.409404	0.805113	-0.42916499999999996	0.0	0.503579	-0.192838	-0.842153	0.0	-0.760787	-0.5608989999999999	-0.326489	0.0	2.59396	1.10131	0.335426	0.354937	
0	-0.816522	-0.30935799999999997	0.487433	0.0	-0.49244899999999997	-0.0674362	-0.867725	0.0	0.301308	-0.9485520000000001	-0.09727999999999999	0.0	-2.36972	-2.66601	-1.53603	0.21885300000000002	-0.41309300000000004	0.802883	-0.429806	0.0	0.504985	-0.190805	-0.841774	0.0	-0.7578560000000001	-0.5647760000000001	-0.32662399999999997	0.0	2.59145	1.09239	0.354033	0.355051	
0	-0.813715	-0.275427	0.511867	0.0	-0.513696	-0.07132669999999999	-0.855002	0.0	0.272	-0.958672	-0.0834463	0.0	-2.37768	-2.76932	-1.63665	0.22569	-0.412392	0.801643	-0.43278199999999994	0.0	0.508158	-0.191871	-0.839619	0.0	-0.756113	-0.566175	-0.328236	0.0	2.61127	1.08126	0.361104	0.355184	
0	-0.8051590000000001	-0.23934699999999998	0.542617	0.0	-0.5404770000000001	-0.0805151	-0.837498	0.0	0.244141	-0.96759	-0.0645341	0.0	-2.27658	-2.85223	-1.70207	0.227413	-0.412891	0.799635	-0.43601	0.0	0.513788	-0.190781	-0.836435	0.0	-0.752026	-0.5693729999999999	-0.332071	0.0	2.67312	1.0723799999999999	0.36045900000000003	0.35499200000000003	
0	-0.803972	-0.222183	0.551602	0.0	-0.546442	-0.0898927	-0.832659	0.0	0.23458800000000002	-0.970852	-0.049138999999999995	0.0	-2.2180299999999997	-2.88848	-1.7246099999999998	0.236889	-0.413112	0.7988609999999999	-0.43721800000000005	0.0	0.516012	-0.19025599999999998	-0.8351860000000001	0.0	-0.7503810000000001	-0.570634	-0.333625	0.0	2.69532	1.07018	0.359	0.35501	
0	-0.806868	-0.182868	0.561715	0.0	-0.551217	-0.108865	-0.8272290000000001	0.0	0.212425	-0.9770909999999999	-0.012959799999999999	0.0	-2.06873	-2.95911	-1.7611299999999999	0.24671500000000002	-0.411181	0.797838	-0.440891	0.0	0.522993	-0.189664	-0.830967	0.0	-0.746598	-0.572261	-0.339278	0.0	2.72705	1.07466	0.366264	0.354959	
0	-0.8068609999999999	-0.15880999999999998	0.568994	0.0	-0.554138	-0.130303	-0.8221629999999999	0.0	0.204709	-0.9786729999999999	0.017133199999999998	0.0	-1.91135	-3.05515	-1.79951	0.259517	-0.40658299999999997	0.797721	-0.445345	0.0	0.526107	-0.194088	-0.827974	0.0	-0.7469279999999999	-0.5709390000000001	-0.34077399999999997	0.0	2.7418099999999996	1.07312	0.368645	0.354798	
0	-0.8061189999999999	-0.141974	0.57447	0.0	-0.557483	-0.143374	-0.817714	0.0	0.198458	-0.979432	0.0364282	0.0	-1.8638099999999997	-3.10443	-1.8156900000000002	0.260253	-0.405936	0.7973399999999999	-0.446615	0.0	0.526644	-0.195302	-0.8273469999999999	0.0	-0.7469020000000001	-0.5710569999999999	-0.340634	0.0	2.74411	1.0740100000000001	0.37367	0.354892	
0	-0.8075680000000001	-0.0842201	0.58373	0.0	-0.5675100000000001	-0.158415	-0.807984	0.0	0.16052	-0.9837739999999999	0.0801349	0.0	-1.79725	-3.25108	-1.86011	0.26911599999999997	-0.40571599999999997	0.796269	-0.448721	0.0	0.532192	-0.193329	-0.824255	0.0	-0.74308	-0.573218	-0.345331	0.0	2.7890099999999998	1.0826	0.380112	0.354563	
0	-0.808156	-0.07839299999999999	0.583728	0.0	-0.5681430000000001	-0.157462	-0.807725	0.0	0.15523499999999998	-0.984409	0.082715	0.0	-1.7936599999999998	-3.26538	-1.86592	0.269075	-0.405285	0.796481	-0.448734	0.0	0.532433	-0.193363	-0.824091	0.0	-0.7431409999999999	-0.572913	-0.345706	0.0	2.7966900000000003	1.08331	0.380635	0.354504	
0	-0.79691	-0.0221133	0.603694	0.0	-0.596051	-0.13378800000000002	-0.791722	0.0	0.0982745	-0.990763	0.09343610000000001	0.0	-1.7845099999999998	-3.3664099999999997	-1.9182599999999999	0.267859	-0.401148	0.798955	-0.448054	0.0	0.5349189999999999	-0.19275	-0.822624	0.0	-0.7436010000000001	-0.569666	-0.350055	0.0	2.8281099999999997	1.0808	0.377235	0.354202	
0	-0.7656810000000001	-0.0177388	0.642977	0.0	-0.636981	-0.117994	-0.761796	0.0	0.0893805	-0.992856	0.079046	0.0	-1.8257299999999999	-3.36763	-1.93058	0.26606199999999997	-0.399254	0.799031	-0.449607	0.0	0.535303	-0.194971	-0.82185	0.0	-0.744344	-0.568803	-0.349881	0.0	2.83265	1.07826	0.37509699999999996	0.354107	
0	-0.735387	-0.048662300000000006	0.675898	0.0	-0.669239	-0.10448699999999998	-0.735665	0.0	0.106421	-0.9933350000000001	0.0442712	0.0	-1.84752	-3.3084	-1.9763	0.267931	-0.400134	0.799247	-0.448438	0.0	0.5362859999999999	-0.19259	-0.8217700000000001	0.0	-0.743162	-0.56931	-0.351563	0.0	2.83918	1.07427	0.37835	0.353448	
0	-0.719254	-0.0677444	0.691437	0.0	-0.684167	-0.103967	-0.721877	0.0	0.12079000000000001	-0.9922709999999999	0.0284303	0.0	-1.8416599999999999	-3.26061	-1.9767400000000002	0.267955	-0.399998	0.799395	-0.448297	0.0	0.5370520000000001	-0.191924	-0.821426	0.0	-0.742682	-0.569327	-0.35254800000000003	0.0	2.84524	1.07063	0.375181	0.353398	
0	-0.686632	-0.127203	0.715791	0.0	-0.7127100000000001	-0.07651310000000001	-0.697274	0.0	0.143463	-0.9889209999999999	-0.0381226	0.0	-1.7783	-3.06149	-1.9796099999999999	0.2708	-0.399134	0.800147	-0.447725	0.0	0.537196	-0.191648	-0.8213959999999999	0.0	-0.743043	-0.5683630000000001	-0.353342	0.0	2.86413	1.0576	0.389936	0.35265799999999997	
0	-0.672534	-0.143862	0.725949	0.0	-0.725276	-0.06701180000000001	-0.68519	0.0	0.14722000000000002	-0.987326	-0.0592719	0.0	-1.71832	-2.91074	-1.9330900000000002	0.270402	-0.397675	0.8015979999999999	-0.44642600000000005	0.0	0.537136	-0.191074	-0.8215690000000001	0.0	-0.743868	-0.566509	-0.354582	0.0	2.86816	1.03958	0.388761	0.352557	
0	-0.663622	-0.14414200000000002	0.73405	0.0	-0.7355659999999999	-0.052915300000000005	-0.675383	0.0	0.136194	-0.9881409999999999	-0.0709107	0.0	-1.70087	-2.83491	-1.8548200000000001	0.270884	-0.395298	0.803473	-0.44516400000000006	0.0	0.53399	-0.19331900000000002	-0.8230930000000001	0.0	-0.747391	-0.56308	-0.352628	0.0	2.85827	1.02372	0.381296	0.352121	
0	-0.657734	-0.125315	0.742753	0.0	-0.743847	-0.0472698	-0.6666770000000001	0.0	0.118654	-0.9909899999999999	-0.0621245	0.0	-1.70505	-2.79877	-1.7716	0.269662	-0.393816	0.804179	-0.44520299999999996	0.0	0.533763	-0.194245	-0.823023	0.0	-0.748336	-0.561752	-0.352744	0.0	2.84718	1.01737	0.377726	0.352007	
0	-0.64507	-0.0771585	0.7602180000000001	0.0	-0.7619859999999999	-0.009417	-0.647525	0.0	0.0571211	-0.996974	-0.052719100000000005	0.0	-1.7713700000000001	-2.8158	-1.6649900000000002	0.27351	-0.392393	0.803723	-0.44727799999999995	0.0	0.532795	-0.197778	-0.822808	0.0	-0.749771	-0.561172	-0.350612	0.0	2.83731	1.03444	0.38363400000000003	0.351853	
0	-0.6330140000000001	-0.0394556	0.773135	0.0	-0.7737729999999999	0.00147349	-0.6334609999999999	0.0	0.0238542	-0.9992200000000001	-0.0314627	0.0	-1.81495	-2.87554	-1.60751	0.273437	-0.392005	0.803516	-0.447989	0.0	0.532606	-0.19883299999999998	-0.8226760000000001	0.0	-0.750108	-0.561095	-0.350014	0.0	2.83677	1.0438100000000001	0.384454	0.35146900000000003	
0	-0.601039	0.0331965	0.7985300000000001	0.0	-0.7983	0.0229813	-0.6018220000000001	0.0	-0.038329699999999994	-0.999185	0.012688	0.0	-1.9444400000000002	-3.0102900000000004	-1.56346	0.276719	-0.392825	0.8029569999999999	-0.448272	0.0	0.532532	-0.198787	-0.822735	0.0	-0.749732	-0.5619109999999999	-0.349513	0.0	2.83449	1.0530899999999999	0.38778	0.35081599999999996	
0	-0.578966	0.066725	0.812617	0.0	-0.812617	0.0343508	-0.581785	0.0	-0.06673380000000001	-0.99718	0.0343336	0.0	-2.00742	-3.11199	-1.55843	0.276215	-0.394964	0.801717	-0.448614	0.0	0.533567	-0.19733599999999998	-0.822414	0.0	-0.747871	-0.564189	-0.349829	0.0	2.83659	1.03893	0.39224699999999996	0.350635	
0	-0.559982	0.0847202	0.8241620000000001	0.0	-0.8231700000000001	0.0558086	-0.565045	0.0	-0.0938662	-0.994841	0.038487	0.0	-2.05368	-3.18575	-1.61294	0.276712	-0.39515500000000003	0.800305	-0.45096099999999995	0.0	0.536229	-0.19763599999999998	-0.820608	0.0	-0.745863	-0.5660850000000001	-0.35105	0.0	2.8545	1.0286600000000001	0.389677	0.35038800000000003	
0	-0.557298	0.0924606	0.825149	0.0	-0.8232790000000001	0.0675489	-0.563604	0.0	-0.107849	-0.993423	0.038475999999999996	0.0	-2.0936	-3.2603	-1.65831	0.278351	-0.394762	0.798875	-0.45383	0.0	0.539535	-0.19825	-0.81829	0.0	-0.743684	-0.567887	-0.35276	0.0	2.8747599999999998	1.02235	0.388626	0.350072	
0	-0.561246	0.083378	0.8234379999999999	0.0	-0.8214040000000001	0.0658765	-0.56653	0.0	-0.10148099999999999	-0.9943379999999999	0.031514	0.0	-2.11518	-3.33368	-1.7168900000000002	0.280023	-0.39532	0.796914	-0.456783	0.0	0.543146	-0.198232	-0.815902	0.0	-0.740753	-0.570642	-0.354476	0.0	2.88709	1.0246899999999999	0.39010500000000004	0.349659	
0	-0.566604	0.0761037	0.820468	0.0	-0.818929	0.058186800000000004	-0.5709380000000001	0.0	-0.091191	-0.995401	0.029354500000000002	0.0	-2.09309	-3.3725699999999996	-1.7589700000000001	0.280558	-0.394478	0.796153	-0.458833	0.0	0.544784	-0.19948	-0.814505	0.0	-0.7399979999999999	-0.5712689999999999	-0.355041	0.0	2.8953900000000004	1.0229700000000002	0.387322	0.349471	
0	-0.579913	0.0558506	0.812762	0.0	-0.811183	0.0527335	-0.58241	0.0	-0.0753878	-0.9970459999999999	0.014724100000000002	0.0	-2.0543400000000003	-3.4751199999999995	-1.9100700000000002	0.283709	-0.390712	0.795488	-0.463188	0.0	0.546571	-0.204397	-0.8120850000000001	0.0	-0.740678	-0.570457	-0.35493	0.0	2.92259	1.0281799999999999	0.389282	0.348622	
0	-0.5974659999999999	0.053621	0.8001	0.0	-0.800462	0.0197347	-0.599059	0.0	-0.047912	-0.998366	0.031130599999999998	0.0	-2.0565599999999997	-3.5997199999999996	-1.95203	0.29770100000000005	-0.391305	0.79401	-0.46521899999999994	0.0	0.5482640000000001	-0.20487399999999997	-0.810823	0.0	-0.739112	-0.572342	-0.35516	0.0	2.93109	1.03195	0.395278	0.348639	
0	-0.598276	0.0617362	0.798908	0.0	-0.800728	-0.00872034	-0.598965	0.0	-0.030011200000000002	-0.9980549999999999	0.054650800000000006	0.0	-2.0745400000000003	-3.63046	-1.9737	0.308421	-0.391488	0.793531	-0.46588199999999996	0.0	0.5492060000000001	-0.204731	-0.810221	0.0	-0.738316	-0.573056	-0.355662	0.0	2.94708	1.0344799999999998	0.397801	0.348551	
0	-0.609598	0.06261180000000001	0.790234	0.0	-0.7926770000000001	-0.0390026	-0.6083930000000001	0.0	-0.00727144	-0.997276	0.0734068	0.0	-2.08107	-3.6288199999999997	-1.9741400000000002	0.333202	-0.39218600000000003	0.793392	-0.46553199999999995	0.0	0.5480659999999999	-0.204915	-0.8109460000000001	0.0	-0.738793	-0.573184	-0.354466	0.0	2.9546	1.03271	0.395239	0.348724	
0	-0.607992	0.0679595	0.791029	0.0	-0.793875	-0.038981699999999994	-0.60683	0.0	-0.0104043	-0.996926	0.07765169999999999	0.0	-2.0723	-3.63109	-1.97397	0.34292399999999995	-0.391707	0.791549	-0.469059	0.0	0.549819	-0.20739200000000002	-0.809128	0.0	-0.737743	-0.574838	-0.35397199999999995	0.0	2.9548900000000002	1.0460200000000002	0.40278800000000003	0.348692	
0	-0.608743	0.07488439999999999	0.789825	0.0	-0.79322	-0.03824419999999999	-0.607734	0.0	-0.0153036	-0.996459	0.08268049999999999	0.0	-2.06918	-3.63101	-1.9781900000000001	0.343421	-0.38916799999999996	0.792637	-0.46933500000000006	0.0	0.5496489999999999	-0.20905	-0.808816	0.0	-0.739212	-0.572735	-0.354317	0.0	2.95549	1.05819	0.406706	0.348538	
0	-0.619059	0.104999	0.7782939999999999	0.0	-0.785143	-0.060300400000000004	-0.616372	0.0	-0.017787	-0.992643	0.119768	0.0	-2.0821	-3.62088	-2.0162	0.326135	-0.386922	0.795596	-0.466174	0.0	0.547032	-0.208938	-0.8106180000000001	0.0	-0.742326	-0.568658	-0.354373	0.0	2.95891	1.06449	0.40636	0.348502	
0	-0.6383270000000001	0.145402	0.755908	0.0	-0.768246	-0.058686199999999994	-0.637458	0.0	-0.0483266	-0.9876299999999999	0.14916600000000002	0.0	-2.1415900000000003	-3.5984	-2.10617	0.19780999999999999	-0.38499	0.7986850000000001	-0.462478	0.0	0.543745	-0.20861500000000002	-0.81291	0.0	-0.745738	-0.5644319999999999	-0.353966	0.0	2.95954	1.06322	0.41564799999999996	0.348988	
0	-0.6601020000000001	0.149514	0.736146	0.0	-0.750039	-0.0772904	-0.656862	0.0	-0.0413129	-0.985734	0.163161	0.0	-2.16938	-3.5853800000000002	-2.1098	0.11857100000000001	-0.382723	0.8015939999999999	-0.45931400000000006	0.0	0.539917	-0.209362	-0.815265	0.0	-0.749675	-0.560012	-0.352667	0.0	2.95592	1.07181	0.44579399999999997	0.34929299999999996	
0	-0.7535649999999999	0.140485	0.642187	0.0	-0.6547069999999999	-0.0724815	-0.7524	0.0	-0.059154099999999994	-0.987426	0.146596	0.0	-2.1524	-3.5788699999999998	-2.0093400000000003	0.118845	-0.38211300000000004	0.803532	-0.456429	0.0	0.5371319999999999	-0.208792	-0.817249	0.0	-0.751983	-0.5574439999999999	-0.351821	0.0	2.95673	1.07851	0.45752600000000004	0.350758	
0	-0.8062520000000001	0.10839100000000002	0.581557	0.0	-0.590262	-0.0820218	-0.803033	0.0	-0.0393409	-0.990719	0.130109	0.0	-2.1651700000000003	-3.5533	-1.9242099999999998	0.118443	-0.38208400000000003	0.804044	-0.455549	0.0	0.537676	-0.207508	-0.817218	0.0	-0.751609	-0.557184	-0.35303	0.0	2.95684	1.0784200000000002	0.45806099999999994	0.350639	
0	-0.853917	-0.0105182	0.520304	0.0	-0.517949	-0.0799432	-0.851668	0.0	0.0505527	-0.9967440000000001	0.06281669999999999	0.0	-2.2626	-3.46273	-1.81315	0.11959000000000002	-0.381337	0.804892	-0.45467799999999997	0.0	0.538137	-0.20663800000000002	-0.8171350000000001	0.0	-0.751659	-0.5562819999999999	-0.35434299999999996	0.0	2.96873	1.0716700000000001	0.41162	0.348134	
0	-0.823197	-0.096044	0.559574	0.0	-0.554445	-0.0761767	-0.8287260000000001	0.0	0.12222100000000001	-0.992458	0.00945729	0.0	-2.25012	-3.4108400000000003	-1.9229	0.118877	-0.380359	0.805983	-0.45356199999999997	0.0	0.536571	-0.207129	-0.81804	0.0	-0.753272	-0.554517	-0.353684	0.0	2.9660900000000003	1.07097	0.406384	0.345574	
0	-0.790216	-0.132198	0.5984	0.0	-0.590647	-0.0960415	-0.801195	0.0	0.16338699999999998	-0.98656	-0.00218892	0.0	-2.1925	-3.3796800000000005	-2.00875	0.118898	-0.377085	0.807666	-0.453301	0.0	0.536636	-0.20837600000000003	-0.8176800000000001	0.0	-0.7548699999999999	-0.551593	-0.354848	0.0	2.96559	1.07236	0.39918000000000003	0.342534	
0	-0.749462	-0.278121	0.600796	0.0	-0.600126	-0.09780900000000001	-0.793903	0.0	0.279565	-0.9555530000000001	-0.0936038	0.0	-2.29992	-3.2966	-1.92114	0.119228	-0.363693	0.817351	-0.44683900000000004	0.0	0.529408	-0.21332600000000002	-0.821109	0.0	-0.766456	-0.535192	-0.35512699999999997	0.0	2.95812	1.0641200000000002	0.381658	0.339816	
0	-0.747654	-0.297217	0.593865	0.0	-0.596909	-0.09116260000000001	-0.797113	0.0	0.291053	-0.950448	-0.109253	0.0	-2.31328	-3.2883	-1.90094	0.119374	-0.362029	0.819072	-0.445036	0.0	0.527868	-0.21335900000000002	-0.822091	0.0	-0.768304	-0.53254	-0.35512	0.0	2.95215	1.0589899999999999	0.378888	0.33982199999999996	
0	-0.702924	-0.47282299999999994	0.531354	0.0	-0.591569	-0.026128700000000005	-0.8058310000000001	0.0	0.394899	-0.88077	-0.261341	0.0	-2.41414	-3.2121	-1.69842	0.119176	-0.305263	0.832817	-0.461769	0.0	0.507731	-0.267895	-0.818805	0.0	-0.80562	-0.48440500000000003	-0.341068	0.0	2.85098	0.989129	0.355717	0.343248	
0	-0.663993	-0.5579	0.497857	0.0	-0.595539	-0.008044599999999999	-0.803286	0.0	0.452158	-0.8298690000000001	-0.32691	0.0	-2.47925	-3.15185	-1.60843	0.11796300000000001	-0.24737800000000001	0.8216620000000001	-0.513493	0.0	0.5125350000000001	-0.338779	-0.78901	0.0	-0.822261	-0.458367	-0.33732399999999996	0.0	2.7711799999999998	0.965987	0.321221	0.353746	
0	-0.57805	-0.651371	0.49150200000000005	0.0	-0.592633	-0.07893380000000001	-0.801596	0.0	0.560932	-0.754642	-0.340397	0.0	-2.61881	-3.09226	-1.58283	0.11829500000000001	-0.199269	0.803566	-0.560868	0.0	0.5083840000000001	-0.40452899999999997	-0.760199	0.0	-0.837758	-0.43662	-0.32791	0.0	2.65009	0.9485620000000001	0.279733	0.358105	
0	-0.43545	-0.745862	0.504058	0.0	-0.5944	-0.182293	-0.7832359999999999	0.0	0.676072	-0.640672	-0.36396	0.0	-2.79787	-2.97792	-1.5737	0.11896300000000001	-0.166908	0.786017	-0.595247	0.0	0.48726499999999995	-0.459083	-0.742843	0.0	-0.8571549999999999	-0.41403	-0.306374	0.0	2.52283	0.916568	0.23068699999999998	0.35834	
0	-0.31199699999999997	-0.8056949999999999	0.503501	0.0	-0.595441	-0.24714099999999997	-0.764441	0.0	0.7403430000000001	-0.538309	-0.40263699999999997	0.0	-2.9206	-2.84127	-1.5490899999999999	0.11807999999999999	-0.141543	0.765884	-0.627206	0.0	0.460983	-0.5097010000000001	-0.726429	0.0	-0.8760479999999999	-0.391952	-0.280915	0.0	2.3757099999999998	0.8908590000000001	0.18071700000000002	0.35843200000000003	
0	-0.283092	-0.8218610000000001	0.49437200000000003	0.0	-0.606751	-0.245732	-0.7559560000000001	0.0	0.7427739999999999	-0.513965	-0.4291	0.0	-2.92706	-2.71529	-1.50324	0.11921400000000001	-0.13411800000000001	0.758903	-0.637243	0.0	0.45141000000000003	-0.525673	-0.721038	0.0	-0.88218	-0.384362	-0.272075	0.0	2.2981599999999998	0.880207	0.152615	0.3583	
0	-0.192084	-0.880634	0.43311400000000005	0.0	-0.6456	-0.21899899999999997	-0.7316010000000001	0.0	0.739124	-0.42014700000000005	-0.526471	0.0	-2.33937	-1.44061	-1.7187	0.11943599999999999	-0.12756900000000002	0.746106	-0.653492	0.0	0.433032	-0.550863	-0.7134659999999999	0.0	-0.8923059999999999	-0.37399899999999997	-0.252815	0.0	2.1358599999999996	0.873424	0.0964425	0.357645	
0	-0.171062	-0.8816579999999999	0.43979300000000005	0.0	-0.668376	-0.224115	-0.709257	0.0	0.723887	-0.415274	-0.550941	0.0	-2.3555599999999997	-1.28837	-1.7487400000000002	0.119422	-0.128281	0.7432850000000001	-0.65656	0.0	0.43044099999999996	-0.5546939999999999	-0.712064	0.0	-0.893457	-0.373954	-0.248784	0.0	2.11004	0.870726	0.09266469999999999	0.357705	
1	-0.083173	-0.8774299999999999	0.47243900000000005	0.0	-0.661484	-0.305967	-0.684707	0.0	0.745333	-0.36946	-0.554958	0.0	-2.56658	-1.29797	-1.6990599999999998	0.11941900000000001	-0.132963	0.737877	-0.661709	0.0	0.42538000000000004	-0.560534	-0.710531	0.0	-0.895194	-0.375952	-0.23934699999999998	0.0	2.06108	0.842708	0.123821	0.35790500000000003	
1	0.0335006	-0.87451	0.48385	0.0	-0.594457	-0.406611	-0.69375	0.0	0.80343	-0.264387	-0.5334800000000001	0.0	-2.60134	-1.26011	-1.6231	0.119104	-0.139428	0.730738	-0.668267	0.0	0.422741	-0.566346	-0.70749	0.0	-0.8954610000000001	-0.381148	-0.229949	0.0	2.02208	0.809214	0.137499	0.358065	
1	0.186584	-0.8512540000000001	0.49046300000000004	0.0	-0.468124	-0.515947	-0.717398	0.0	0.86374	-0.0957425	-0.494759	0.0	-2.55665	-1.11639	-1.62026	0.11939200000000001	-0.148315	0.716494	-0.6816439999999999	0.0	0.409011	-0.583112	-0.701919	0.0	-0.9003959999999999	-0.382905	-0.20656999999999998	0.0	1.92213	0.749479	0.13333699999999998	0.35834	
1	0.28994899999999996	-0.800143	0.525071	0.0	-0.374028	-0.599745	-0.707396	0.0	0.880927	0.00871736	-0.473171	0.0	-2.5215799999999997	-1.03597	-1.66665	0.119397	-0.151817	0.700016	-0.697803	0.0	0.402802	-0.600885	-0.690426	0.0	-0.902609	-0.385895	-0.190743	0.0	1.81404	0.7269260000000001	0.0996169	0.358944	
1	0.398375	-0.720827	0.567192	0.0	-0.25222	-0.680631	-0.687843	0.0	0.881863	0.13096300000000002	-0.452953	0.0	-2.47635	-0.9386469999999999	-1.73512	0.11910899999999999	-0.14711300000000002	0.690874	-0.70785	0.0	0.401167	-0.612459	-0.681145	0.0	-0.904114	-0.384171	-0.187055	0.0	1.72115	0.7133010000000001	0.0201682	0.35875300000000004	
1	0.46362299999999995	-0.654446	0.5972890000000001	0.0	-0.15521400000000002	-0.723681	-0.672454	0.0	0.872331	0.219058	-0.43709499999999996	0.0	-2.47483	-0.883288	-1.7751400000000002	0.11941600000000001	-0.127202	0.656095	-0.743881	0.0	0.39602800000000005	-0.6540050000000001	-0.644546	0.0	-0.909385	-0.376585	-0.17664100000000002	0.0	1.68193	0.672778	-0.061795	0.358699	
1	0.540518	-0.518663	0.662442	0.0	0.051369399999999996	-0.765558	-0.641313	0.0	0.8397629999999999	0.38067	-0.387154	0.0	-2.47098	-0.80328	-1.8743599999999998	0.118966	-0.036236199999999996	0.572084	-0.8193940000000001	0.0	0.386464	-0.7481180000000001	-0.539412	0.0	-0.921593	-0.336212	-0.193981	0.0	1.60605	0.631979	-0.349244	0.357933	
1	0.5403939999999999	-0.475625	0.694086	0.0	0.132778	-0.766367	-0.628532	0.0	0.8308700000000001	0.43181400000000003	-0.350988	0.0	-2.46971	-0.816346	-1.89651	0.11939200000000001	0.00190109	0.527777	-0.8493809999999999	0.0	0.373654	-0.788235	-0.488947	0.0	-0.927566	-0.316445	-0.198705	0.0	1.58762	0.59946	-0.484709	0.357648	
1	0.519452	-0.42141999999999996	0.743354	0.0	0.218496	-0.7755029999999999	-0.59233	0.0	0.8260930000000001	0.470107	-0.310758	0.0	-2.4822900000000003	-0.892382	-1.8987599999999998	0.119381	0.0213097	0.44855200000000006	-0.893503	0.0	0.33478	-0.8453129999999999	-0.416375	0.0	-0.942055	-0.290254	-0.16818	0.0	1.47832	0.4581	-0.737418	0.35618099999999997	
