3	0.593133	0.516197	-0.617846	0.0	0.68603	0.0776023	0.723424	0.0	0.42137600000000003	-0.8529469999999999	-0.308098	0.0	-2.7396700000000003	2.0	1.46191	0.0	-0.593133	0.516197	-0.617846	0.0	0.750572	0.0769014	-0.656299	0.0	-0.29126599999999997	-0.85301	-0.43305600000000005	0.0	2.66032	2.0	1.53809	0.0	
3	-0.157086	0.760774	-0.6297189999999999	0.0	0.154557	0.648717	0.74517	0.0	0.975416	0.019727900000000003	-0.219487	0.0	-2.76705	1.9784099999999998	1.34635	2.5987600000000002e-05	-0.025115799999999997	0.8653850000000001	-0.500478	0.0	0.332075	-0.46498599999999995	-0.820679	0.0	-0.9429190000000001	-0.186808	-0.275694	0.0	2.62228	2.04887	1.49647	1.3290899999999998e-05	
3	-0.360048	0.546859	-0.75585	0.0	-0.054446400000000006	0.796489	0.602197	0.0	0.931343	0.257973	-0.257	0.0	-2.79308	1.9697099999999998	1.3990200000000002	0.0	0.161717	0.842566	-0.513742	0.0	0.14161300000000002	-0.5350199999999999	-0.832886	0.0	-0.9766239999999999	0.06193919999999999	-0.20584000000000002	0.0	2.66173	2.00354	1.54424	0.0	
3	-0.39552	0.525638	-0.753173	0.0	-0.0838425	0.795954	0.5995229999999999	0.0	0.914623	0.300271	-0.27074499999999996	0.0	-2.795	2.07559	1.38215	0.0	0.251207	0.76012	-0.5992609999999999	0.0	0.0686393	-0.631544	-0.772296	0.0	-0.9654969999999999	0.152874	-0.210823	0.0	2.66417	2.11636	1.47825	0.0	
3	-0.45618100000000006	0.5543359999999999	-0.69614	0.0	-0.0764515	0.754973	0.651284	0.0	0.886597	0.35032399999999997	-0.302025	0.0	-2.859	2.18304	1.27603	0.258658	0.300648	0.77474	-0.556228	0.0	0.0377962	-0.59243	-0.8047350000000001	0.0	-0.9529860000000001	0.22091799999999998	-0.20739499999999997	0.0	2.7191099999999997	2.23292	1.40537	0.24502600000000002	
3	-0.461819	0.663546	-0.588583	0.0	-0.0233173	0.654273	0.755899	0.0	0.886667	0.362813	-0.286684	0.0	-2.83501	2.29755	1.18325	0.328455	0.31994	0.835189	-0.447324	0.0	0.109921	-0.5016729999999999	-0.8580450000000001	0.0	-0.94104	0.22535300000000003	-0.25231	0.0	2.6724	2.35648	1.32645	0.359676	
3	-0.392979	0.6593720000000001	-0.640934	0.0	-0.0183708	0.691241	0.722391	0.0	0.919364	0.295659	-0.25953000000000004	0.0	-2.8224299999999998	2.16293	1.27057	0.132202	0.280586	0.823317	-0.49337700000000007	0.0	0.115837	-0.539315	-0.8340989999999999	0.0	-0.9528129999999999	0.176885	-0.24669499999999997	0.0	2.61452	2.3308299999999997	1.36859	0.237895	
3	-0.35841999999999996	0.659788	-0.660466	0.0	-0.0195767	0.7020029999999999	0.711905	0.0	0.9333549999999999	0.26809099999999997	-0.238695	0.0	-2.86159	2.0747400000000003	1.33524	0.0	0.288067	0.7510439999999999	-0.594096	0.0	0.046669300000000004	-0.630668	-0.774648	0.0	-0.9564729999999999	0.19542400000000001	-0.216725	0.0	2.62692	2.32192	1.46331	-0.00048828099999999997	
3	-0.364142	0.616881	-0.697753	0.0	-0.0614206	0.7316520000000001	0.678906	0.0	0.929316	0.290074	-0.22853600000000002	0.0	-2.86617	2.05019	1.35285	0.0	0.293299	0.745322	-0.5987239999999999	0.0	0.0372765	-0.634706	-0.771854	0.0	-0.9552940000000001	0.204066	-0.21394200000000002	0.0	2.65552	2.3277799999999997	1.46866	0.0	
3	-0.38990199999999997	0.60718	-0.692322	0.0	-0.0660841	0.731436	0.678701	0.0	0.918482	0.31037800000000004	-0.24506399999999998	0.0	-2.84613	2.08605	1.35746	0.0	0.346461	0.743302	-0.572246	0.0	0.00858727	-0.612517	-0.790411	0.0	-0.938025	0.268933	-0.21859699999999999	0.0	2.68527	2.41792	1.4209	0.217362	
3	-0.41906800000000005	0.6117100000000001	-0.670964	0.0	-0.0623476	0.717853	0.693398	0.0	0.9058120000000001	0.332414	-0.262691	0.0	-2.8761099999999997	2.17888	1.26929	0.331791	0.34141	0.776301	-0.5299020000000001	0.0	0.043118300000000005	-0.5761189999999999	-0.816228	0.0	-0.938925	0.25582	-0.230165	0.0	2.66609	2.4624	1.39073	0.355534	
3	-0.340008	0.62049	-0.706673	0.0	-0.0866777	0.727567	0.680539	0.0	0.936419	0.292642	-0.193596	0.0	-2.7819599999999998	2.08618	1.3513600000000001	0.118379	0.26869499999999996	0.75334	-0.6002350000000001	0.0	0.028332599999999996	-0.629063	-0.776838	0.0	-0.962808	0.191727	-0.19037	0.0	2.58355	2.32936	1.53651	0.00174856	
3	-0.32397600000000004	0.635648	-0.700707	0.0	-0.0771256	0.720444	0.6892119999999999	0.0	0.942916	0.277331	-0.184382	0.0	-2.79667	1.9960099999999998	1.41796	0.0	0.277993	0.745114	-0.6062390000000001	0.0	0.0208243	-0.635642	-0.771704	0.0	-0.960357	0.201904	-0.192221	0.0	2.60331	2.30215	1.5388600000000001	0.0	
3	-0.316268	0.643088	-0.697433	0.0	-0.06886289999999999	0.717667	0.692973	0.0	0.946167	0.267192	-0.18269000000000002	0.0	-2.81243	1.9729900000000002	1.421	0.0	0.27626999999999996	0.749812	-0.601212	0.0	0.0164908	-0.629165	-0.777097	0.0	-0.960939	0.204774	-0.186185	0.0	2.59453	2.28862	1.53459	0.0	
3	-0.204791	0.794849	-0.571205	0.0	0.060619000000000006	0.592753	0.8031	0.0	0.976927	0.129842	-0.169574	0.0	-2.85379	1.90674	1.46359	-0.00014301399999999998	0.218392	0.832391	-0.509342	0.0	0.12985	-0.542088	-0.8302290000000001	0.0	-0.967184	0.115177	-0.22647399999999998	0.0	2.6267099999999997	2.2770900000000003	1.50803	0.214073	
3	0.005971	0.913636	-0.406489	0.0	0.176022	0.39918899999999996	0.8998139999999999	0.0	0.984368	-0.07692389999999999	-0.158437	0.0	-2.87093	1.6872599999999998	1.48194	0.07469529999999999	0.11576900000000001	0.8885870000000001	-0.44386000000000003	0.0	0.24574400000000002	-0.458595	-0.853991	0.0	-0.962397	-0.0102104	-0.271456	0.0	2.58867	2.19457	1.48092	0.287733	
3	0.0619643	0.929314	-0.364056	0.0	0.175598	0.348916	0.9205559999999999	0.0	0.98251	-0.12096900000000001	-0.141566	0.0	-2.8485400000000003	1.57175	1.46214	0.11262899999999999	0.0558494	0.9078	-0.41566800000000004	0.0	0.296065	-0.41265100000000005	-0.861432	0.0	-0.953534	-0.07495419999999998	-0.29181399999999996	0.0	2.55373	2.1148700000000002	1.46827	0.303207	
3	0.158179	0.956522	-0.24504	0.0	0.151626	0.221691	0.963256	0.0	0.975699	-0.189522	-0.10996700000000001	0.0	-2.77674	1.32244	1.37666	0.286038	-0.09964989999999999	0.9365950000000001	-0.335945	0.0	0.38209	-0.27572199999999997	-0.882034	0.0	-0.918737	-0.216256	-0.330388	0.0	2.4542900000000003	1.83982	1.40001	0.347956	
3	0.437908	0.899013	0.00356007	0.0	0.10875399999999999	-0.056904199999999995	0.992439	0.0	0.892418	-0.43421000000000004	-0.12269000000000001	0.0	-2.73948	1.03016	1.34195	0.316421	-0.273377	0.916652	-0.291574	0.0	0.448705	-0.146597	-0.881574	0.0	-0.8508399999999999	-0.37183299999999997	-0.37123	0.0	2.3999200000000003	1.54077	1.3325799999999999	0.350451	
3	0.673952	0.728658	0.121848	0.0	-0.0513685	-0.11831300000000002	0.991647	0.0	0.736987	-0.674581	-0.042307300000000006	0.0	-2.72726	0.365647	1.27435	0.322073	-0.39183	0.8777959999999999	-0.27557800000000005	0.0	0.47780100000000003	-0.061824800000000006	-0.87629	0.0	-0.786242	-0.47502799999999995	-0.395187	0.0	2.4462	1.26995	1.24515	0.349673	
3	0.748736	0.651668	0.12133699999999999	0.0	-0.13106700000000002	-0.0338906	0.9907940000000001	0.0	0.649781	-0.7577470000000001	0.06003680000000001	0.0	-2.74932	-0.33274699999999996	1.0339200000000002	0.320577	-0.416534	0.867025	-0.273435	0.0	0.47702799999999995	-0.0475963	-0.877598	0.0	-0.773914	-0.495986	-0.39377	0.0	2.5043900000000003	1.1287399999999999	1.16324	0.354702	
3	0.7932939999999999	0.596058	0.12409500000000001	0.0	-0.192447	0.052115499999999995	0.979923	0.0	0.577623	-0.801249	0.156053	0.0	-2.7389099999999997	-0.868541	0.7563350000000001	0.300465	-0.425721	0.8609899999999999	-0.278312	0.0	0.47482700000000005	-0.0492558	-0.8787	0.0	-0.7702600000000001	-0.506231	-0.387852	0.0	2.5102700000000002	1.09017	1.15154	0.356806	
3	0.822843	0.5417029999999999	0.171715	0.0	-0.21209299999999998	0.0124133	0.9771709999999999	0.0	0.527205	-0.8404780000000001	0.125106	0.0	-2.7627200000000003	-1.06974	0.276409	0.273223	-0.42917299999999997	0.8578379999999999	-0.28271	0.0	0.47451000000000004	-0.05219019999999999	-0.8787010000000001	0.0	-0.768538	-0.511264	-0.384654	0.0	2.5106	1.08111	1.14805	0.357041	
3	0.839994	0.505885	0.196188	0.0	-0.224212	-0.00564171	0.974524	0.0	0.494104	-0.862582	0.10868599999999999	0.0	-2.72134	-1.17822	-0.0398699	0.256044	-0.429623	0.8565860000000001	-0.285804	0.0	0.473199	-0.0560069	-0.879174	0.0	-0.769095	-0.512955	-0.381274	0.0	2.50937	1.08761	1.1547	0.357127	
3	0.856406	0.468189	0.21764099999999997	0.0	-0.23671	-0.018577200000000002	0.971403	0.0	0.45884300000000006	-0.883433	0.0949151	0.0	-2.7006900000000003	-1.25318	-0.304491	0.232329	-0.42711400000000005	0.856973	-0.28839499999999996	0.0	0.472524	-0.0603858	-0.8792469999999999	0.0	-0.7709050000000001	-0.5118119999999999	-0.37914899999999996	0.0	2.5049099999999997	1.09681	1.15448	0.357225	
3	0.877964	0.42193400000000003	0.22616399999999998	0.0	-0.247137	-0.00513702	0.968967	0.0	0.41000200000000003	-0.9066120000000001	0.0997655	0.0	-2.7124099999999998	-1.3987399999999999	-0.557477	0.193605	-0.42239	0.857699	-0.29315399999999997	0.0	0.47120500000000004	-0.06850260000000001	-0.879359	0.0	-0.774307	-0.5095689999999999	-0.375217	0.0	2.48349	1.11305	1.16477	0.35734299999999997	
3	0.892682	0.38758400000000004	0.229996	0.0	-0.246259	-0.00793163	0.9691719999999999	0.0	0.37746	-0.9218	0.08836569999999999	0.0	-2.72877	-1.49872	-0.741347	0.194643	-0.42034099999999996	0.857541	-0.29654200000000003	0.0	0.46919700000000003	-0.07430919999999999	-0.8799620000000001	0.0	-0.7766390000000001	-0.5090210000000001	-0.371121	0.0	2.46434	1.13127	1.1720700000000002	0.357344	
3	0.9064120000000001	0.351204	0.23467800000000003	0.0	-0.25428	0.0100525	0.9670790000000001	0.0	0.337282	-0.9362450000000001	0.0984157	0.0	-2.76011	-1.65429	-0.843751	0.193537	-0.420293	0.856401	-0.29988400000000004	0.0	0.46854399999999996	-0.0781921	-0.879973	0.0	-0.777059	-0.510356	-0.368398	0.0	2.44716	1.1497600000000001	1.17967	0.357459	
3	0.9193309999999999	0.304552	0.24915700000000002	0.0	-0.26711999999999997	0.0180925	0.9634940000000001	0.0	0.288926	-0.952324	0.09798480000000001	0.0	-2.79508	-1.79299	-0.982864	0.19350499999999998	-0.421317	0.8537899999999999	-0.30583499999999997	0.0	0.46962200000000004	-0.083104	-0.8789469999999999	0.0	-0.775853	-0.513942	-0.365946	0.0	2.43988	1.1569399999999999	1.18939	0.357331	
3	0.9252670000000001	0.27670700000000004	0.25945100000000004	0.0	-0.27562800000000004	0.0205462	0.961045	0.0	0.26059699999999997	-0.960735	0.0952788	0.0	-2.84992	-1.9154	-1.09595	0.195548	-0.421907	0.8520190000000001	-0.309933	0.0	0.47101000000000004	-0.0861151	-0.877914	0.0	-0.7746890000000001	-0.5163800000000001	-0.364977	0.0	2.44177	1.17141	1.21538	0.357295	
3	0.924262	0.283526	0.255643	0.0	-0.273469	0.0244697	0.96157	0.0	0.266375	-0.9586520000000001	0.100152	0.0	-2.905	-2.0061400000000003	-1.25055	0.194787	-0.42283699999999996	0.850826	-0.311936	0.0	0.471492	-0.0874067	-0.8775280000000001	0.0	-0.773889	-0.518126	-0.3642	0.0	2.44309	1.17987	1.24168	0.35737399999999997	
3	0.9247059999999999	0.283346	0.254233	0.0	-0.26987	0.0169	0.9627479999999999	0.0	0.268495	-0.9588690000000001	0.0920942	0.0	-2.92897	-2.03788	-1.3464	0.198021	-0.42417	0.850093	-0.312123	0.0	0.471915	-0.0866683	-0.877374	0.0	-0.7729010000000001	-0.519451	-0.36441	0.0	2.4417400000000002	1.18781	1.25051	0.35737199999999997	
3	0.923059	0.288779	0.254103	0.0	-0.268177	0.00955955	0.9633219999999999	0.0	0.275758	-0.957348	0.0862679	0.0	-2.9247900000000002	-2.0605700000000002	-1.41514	0.221754	-0.425496	0.850409	-0.30944699999999997	0.0	0.472962	-0.0825548	-0.877207	0.0	-0.7715310000000001	-0.519605	-0.367085	0.0	2.4422900000000003	1.22315	1.26137	0.357163	
3	0.9254899999999999	0.308544	0.219702	0.0	-0.24155500000000002	0.03400209999999999	0.969791	0.0	0.29175300000000004	-0.9506020000000001	0.105999	0.0	-2.87013	-2.13714	-1.3428200000000001	0.23013899999999998	-0.42591999999999997	0.8509120000000001	-0.307476	0.0	0.47285900000000003	-0.0803826	-0.8774639999999999	0.0	-0.77136	-0.519122	-0.368125	0.0	2.44381	1.25485	1.25929	0.357182	
3	0.9250700000000001	0.32872399999999996	0.190226	0.0	-0.221419	0.0598484	0.973341	0.0	0.308576	-0.942528	0.12815	0.0	-2.85816	-2.21678	-1.30568	0.243772	-0.426079	0.851022	-0.30695	0.0	0.473391	-0.0794042	-0.877266	0.0	-0.770946	-0.519092	-0.36903400000000003	0.0	2.44538	1.2608	1.2515399999999999	0.357088	
3	0.929774	0.32914499999999997	0.164877	0.0	-0.205954	0.0938571	0.97405	0.0	0.305129	-0.9396030000000001	0.155055	0.0	-2.87823	-2.3332599999999997	-1.23082	0.271867	-0.42568900000000004	0.851217	-0.30695100000000003	0.0	0.47301800000000005	-0.07984830000000001	-0.8774270000000001	0.0	-0.7713899999999999	-0.5187039999999999	-0.368651	0.0	2.44643	1.26205	1.2488700000000001	0.3571	
3	0.9346110000000001	0.325821	0.142626	0.0	-0.19195299999999998	0.12448	0.9734780000000001	0.0	0.299426	-0.9372010000000001	0.17888199999999999	0.0	-2.91817	-2.47327	-1.1849399999999999	0.310214	-0.42506000000000005	0.851992	-0.305672	0.0	0.47358100000000003	-0.0784633	-0.877249	0.0	-0.771392	-0.5176430000000001	-0.370135	0.0	2.4407799999999997	1.26436	1.2456200000000002	0.357083	
3	0.938149	0.321327	0.128937	0.0	-0.18876600000000002	0.16250499999999998	0.968483	0.0	0.290247	-0.9329209999999999	0.21311	0.0	-2.95768	-2.5884	-1.1715	0.319183	-0.42408500000000005	0.8533360000000001	-0.303267	0.0	0.47428400000000004	-0.0760011	-0.877086	0.0	-0.771497	-0.5157930000000001	-0.372492	0.0	2.43743	1.27169	1.2406	0.35702	
3	0.934524	0.332621	0.126601	0.0	-0.193218	0.17543599999999998	0.9653440000000001	0.0	0.298883	-0.926599	0.228217	0.0	-2.9821299999999997	-2.6513400000000003	-1.18045	0.314969	-0.423862	0.853967	-0.301798	0.0	0.475389	-0.07386419999999999	-0.8766700000000001	0.0	-0.770939	-0.515058	-0.374658	0.0	2.43654	1.27451	1.23652	0.357028	
3	0.934017	0.33269	0.130113	0.0	-0.194952	0.169506	0.9660549999999999	0.0	0.299342	-0.9276770000000001	0.22318000000000002	0.0	-2.97785	-2.6634	-1.1988	0.314548	-0.42322200000000004	0.8533790000000001	-0.304348	0.0	0.47587799999999997	-0.0764751	-0.87618	0.0	-0.770989	-0.515652	-0.373738	0.0	2.4374599999999997	1.2754299999999998	1.2507700000000002	0.357074	
3	0.9349190000000001	0.33057800000000004	0.129012	0.0	-0.193156	0.169087	0.9664889999999999	0.0	0.297686	-0.928508	0.22193600000000002	0.0	-2.95997	-2.66763	-1.21295	0.313483	-0.420954	0.854418	-0.304578	0.0	0.476735	-0.07726749999999999	-0.8756450000000001	0.0	-0.771701	-0.513809	-0.374805	0.0	2.43654	1.28001	1.25806	0.35697199999999996	
3	0.942292	0.31600900000000004	0.11055799999999999	0.0	-0.178597	0.195157	0.964374	0.0	0.283175	-0.9284680000000001	0.240333	0.0	-2.9360000000000004	-2.6804799999999998	-1.22495	0.282516	-0.41742700000000005	0.8571469999999999	-0.301752	0.0	0.477038	-0.075931	-0.8755959999999999	0.0	-0.7734270000000001	-0.509445	-0.37719600000000003	0.0	2.43566	1.29026	1.26432	0.35685700000000004	
3	0.940275	0.320764	0.11399000000000001	0.0	-0.175702	0.17049	0.969568	0.0	0.291569	-0.931688	0.216666	0.0	-2.91942	-2.65436	-1.2816	0.281208	-0.416846	0.8581409999999999	-0.299723	0.0	0.47690299999999997	-0.07423880000000001	-0.875815	0.0	-0.773824	-0.508019	-0.378304	0.0	2.43737	1.2936	1.25203	0.356792	
3	0.941212	0.31549299999999997	0.120762	0.0	-0.17286300000000002	0.142671	0.974558	0.0	0.29023699999999997	-0.938141	0.18882100000000002	0.0	-2.91689	-2.62586	-1.38018	0.270959	-0.41601800000000005	0.858648	-0.29942199999999997	0.0	0.476358	-0.0747007	-0.876073	0.0	-0.774604	-0.5070939999999999	-0.377947	0.0	2.437	1.2905	1.24445	0.356634	
3	0.940048	0.312726	0.13605899999999999	0.0	-0.190883	0.151856	0.9697959999999999	0.0	0.282619	-0.9376260000000001	0.20244600000000001	0.0	-2.9051299999999998	-2.62942	-1.4487700000000001	0.19617300000000001	-0.41572700000000007	0.858582	-0.30001300000000003	0.0	0.47564700000000004	-0.0759135	-0.8763549999999999	0.0	-0.775197	-0.507024	-0.376822	0.0	2.43487	1.29336	1.24538	0.356797	
3	0.9392370000000001	0.311058	0.145178	0.0	-0.20188299999999998	0.158494	0.966501	0.0	0.27762800000000004	-0.937082	0.21166	0.0	-2.86663	-2.64361	-1.4835200000000002	0.191483	-0.415941	0.8582780000000001	-0.300586	0.0	0.47584399999999993	-0.076264	-0.876217	0.0	-0.774962	-0.507486	-0.376685	0.0	2.43273	1.29227	1.2459200000000001	0.356779	
3	0.9392229999999999	0.30850900000000003	0.150604	0.0	-0.204532	0.15051099999999998	0.967219	0.0	0.275729	-0.9392379999999999	0.204463	0.0	-2.85925	-2.65211	-1.54459	0.194145	-0.41513500000000003	0.858958	-0.299757	0.0	0.475192	-0.0762437	-0.8765729999999999	0.0	-0.7757930000000001	-0.506339	-0.376519	0.0	2.4325900000000003	1.2936299999999998	1.2484	0.356731	
3	0.9426100000000001	0.299748	0.147098	0.0	-0.20036400000000001	0.155376	0.9673229999999999	0.0	0.267097	-0.9412809999999999	0.20651799999999998	0.0	-2.86236	-2.68492	-1.54372	0.201284	-0.414051	0.859248	-0.300426	0.0	0.47437399999999996	-0.07799539999999999	-0.876862	0.0	-0.7768729999999999	-0.50558	-0.375311	0.0	2.42371	1.29554	1.24895	0.356889	
3	0.944674	0.29412	0.145208	0.0	-0.19886600000000001	0.161504	0.966628	0.0	0.260852	-0.942025	0.21105900000000002	0.0	-2.8599200000000002	-2.70641	-1.54064	0.214223	-0.41295200000000004	0.858448	-0.3042	0.0	0.47492700000000004	-0.0820275	-0.876194	0.0	-0.77712	-0.5062989999999999	-0.373827	0.0	2.41518	1.3022	1.26231	0.356763	
3	0.944414	0.29391300000000004	0.147299	0.0	-0.20277	0.168076	0.964694	0.0	0.258779	-0.940939	0.218331	0.0	-2.85927	-2.71359	-1.54414	0.210398	-0.412875	0.857592	-0.306708	0.0	0.47558	-0.0841987	-0.875634	0.0	-0.7767609999999999	-0.507392	-0.37309000000000003	0.0	2.41225	1.31054	1.28155	0.356757	
3	0.9447610000000001	0.293835	0.14521900000000001	0.0	-0.200924	0.169155	0.964892	0.0	0.258954	-0.9407700000000001	0.218849	0.0	-2.85609	-2.71437	-1.5452	0.201655	-0.41210600000000003	0.85814	-0.306211	0.0	0.47628400000000004	-0.0836105	-0.875307	0.0	-0.776738	-0.506563	-0.374262	0.0	2.4117599999999997	1.31823	1.28908	0.35689699999999996	
3	0.944818	0.29380700000000004	0.144903	0.0	-0.200702	0.16955	0.9648690000000001	0.0	0.258916	-0.940708	0.219162	0.0	-2.85777	-2.7161	-1.5388700000000002	0.19956500000000002	-0.411678	0.8582930000000001	-0.306356	0.0	0.47596400000000005	-0.08417689999999999	-0.8754270000000001	0.0	-0.777161	-0.506209	-0.373863	0.0	2.4119200000000003	1.31474	1.2889	0.356933	
3	0.945058	0.292946	0.14508	0.0	-0.200576	0.169177	0.96496	0.0	0.258137	-0.9410430000000001	0.21864099999999997	0.0	-2.85396	-2.71501	-1.54187	0.20002999999999999	-0.411211	0.858593	-0.306144	0.0	0.476103	-0.08409960000000001	-0.875359	0.0	-0.777323	-0.505713	-0.37419600000000003	0.0	2.40981	1.31228	1.28869	0.356964	
3	0.9453379999999999	0.292416	0.144325	0.0	-0.200074	0.17061500000000002	0.9648110000000001	0.0	0.257502	-0.940948	0.21979400000000002	0.0	-2.85196	-2.71485	-1.54367	0.20430399999999999	-0.410513	0.859132	-0.305568	0.0	0.475149	-0.08447360000000001	-0.875841	0.0	-0.778275	-0.504734	-0.37353800000000004	0.0	2.4089	1.3111	1.28816	0.357116	
3	0.9455309999999999	0.29179499999999997	0.144318	0.0	-0.200523	0.172834	0.9643229999999999	0.0	0.256441	-0.940736	0.22193200000000002	0.0	-2.85073	-2.71659	-1.54151	0.21341100000000002	-0.410354	0.859525	-0.304673	0.0	0.47409399999999996	-0.0843228	-0.8764270000000001	0.0	-0.7790020000000001	-0.504089	-0.372894	0.0	2.40935	1.31198	1.2854	0.357168	
3	0.9464239999999999	0.288772	0.144542	0.0	-0.20083499999999999	0.17583900000000002	0.963715	0.0	0.25287800000000005	-0.9411120000000001	0.224413	0.0	-2.85403	-2.71921	-1.53616	0.213096	-0.41029499999999997	0.859773	-0.304054	0.0	0.47439799999999993	-0.0835239	-0.876339	0.0	-0.778849	-0.5038	-0.373605	0.0	2.40828	1.31415	1.27696	0.35723299999999997	
3	0.9464299999999999	0.288747	0.144553	0.0	-0.200848	0.175872	0.963706	0.0	0.252845	-0.9411129999999999	0.22444499999999998	0.0	-2.8542099999999997	-2.7194	-1.53559	0.21311100000000002	-0.41033500000000006	0.8597530000000001	-0.304055	0.0	0.47433500000000006	-0.0835462	-0.8763719999999999	0.0	-0.778866	-0.50383	-0.373529	0.0	2.4075599999999997	1.31334	1.27757	0.35722	
3	0.9464299999999999	0.288748	0.144553	0.0	-0.200849	0.175871	0.963706	0.0	0.252846	-0.9411129999999999	0.22444499999999998	0.0	-2.85422	-2.7194	-1.5356	0.21311	-0.41033500000000006	0.8597530000000001	-0.304055	0.0	0.47433400000000003	-0.08354600000000001	-0.8763709999999999	0.0	-0.778866	-0.50383	-0.373529	0.0	2.4075599999999997	1.31334	1.27758	0.357219	
3	0.9464299999999999	0.288748	0.144553	0.0	-0.200849	0.175871	0.963706	0.0	0.252846	-0.9411129999999999	0.22444499999999998	0.0	-2.85422	-2.7194	-1.5356	0.21311	-0.41033500000000006	0.8597530000000001	-0.304055	0.0	0.47433500000000006	-0.0835461	-0.8763709999999999	0.0	-0.778866	-0.50383	-0.373529	0.0	2.40757	1.31334	1.27758	0.357219	
3	0.9464299999999999	0.288748	0.144553	0.0	-0.200849	0.175871	0.963706	0.0	0.252846	-0.9411129999999999	0.22444499999999998	0.0	-2.85422	-2.7194	-1.5356	0.21311100000000002	-0.41033500000000006	0.8597530000000001	-0.304055	0.0	0.47433500000000006	-0.0835463	-0.8763719999999999	0.0	-0.778866	-0.50383	-0.373529	0.0	2.4075599999999997	1.31334	1.27758	0.357219	
3	0.9464299999999999	0.288748	0.144553	0.0	-0.200849	0.175871	0.963706	0.0	0.252846	-0.9411129999999999	0.22444499999999998	0.0	-2.85422	-2.7194	-1.5356	0.21311100000000002	-0.41033500000000006	0.8597530000000001	-0.304055	0.0	0.47433500000000006	-0.0835461	-0.8763709999999999	0.0	-0.778866	-0.50383	-0.373529	0.0	2.4075599999999997	1.31334	1.27758	0.357219	
3	0.9464299999999999	0.288748	0.144553	0.0	-0.200849	0.175871	0.963706	0.0	0.252846	-0.9411129999999999	0.22444499999999998	0.0	-2.85422	-2.7194	-1.5356	0.21311100000000002	-0.41033500000000006	0.8597530000000001	-0.304055	0.0	0.47433400000000003	-0.08354600000000001	-0.8763709999999999	0.0	-0.778866	-0.50383	-0.373529	0.0	2.4075599999999997	1.31334	1.27758	0.357219	
3	0.9464299999999999	0.288748	0.144553	0.0	-0.200849	0.175871	0.963706	0.0	0.252846	-0.9411129999999999	0.22444499999999998	0.0	-2.85422	-2.7194	-1.5356	0.21311100000000002	-0.41033500000000006	0.8597530000000001	-0.304055	0.0	0.47433400000000003	-0.0835461	-0.8763719999999999	0.0	-0.778866	-0.50383	-0.373529	0.0	2.4075599999999997	1.31334	1.27758	0.357219	
3	0.9464299999999999	0.288748	0.144553	0.0	-0.200849	0.175871	0.963706	0.0	0.252846	-0.9411129999999999	0.224444	0.0	-2.85422	-2.7194	-1.5356	0.21311100000000002	-0.41033500000000006	0.8597530000000001	-0.304055	0.0	0.47433400000000003	-0.0835461	-0.8763719999999999	0.0	-0.778866	-0.50383	-0.373529	0.0	2.4075599999999997	1.31334	1.27758	0.357219	
3	0.9464299999999999	0.288748	0.144553	0.0	-0.200849	0.175871	0.963706	0.0	0.252846	-0.9411129999999999	0.224444	0.0	-2.85422	-2.7194	-1.5356	0.21311100000000002	-0.41033500000000006	0.8597530000000001	-0.304055	0.0	0.47433500000000006	-0.0835461	-0.8763709999999999	0.0	-0.778866	-0.50383	-0.373529	0.0	2.4075599999999997	1.31334	1.27758	0.357219	
3	0.9464299999999999	0.288748	0.144553	0.0	-0.200849	0.175871	0.963706	0.0	0.252846	-0.9411129999999999	0.22444499999999998	0.0	-2.85422	-2.7194	-1.5356	0.21311100000000002	-0.41033500000000006	0.8597530000000001	-0.304055	0.0	0.47433400000000003	-0.08354600000000001	-0.8763709999999999	0.0	-0.778866	-0.50383	-0.373529	0.0	2.40757	1.31334	1.27758	0.357219	
3	0.9464299999999999	0.288748	0.144553	0.0	-0.200849	0.175871	0.963706	0.0	0.252846	-0.9411129999999999	0.22444499999999998	0.0	-2.85422	-2.7194	-1.5356	0.21311100000000002	-0.41033500000000006	0.8597530000000001	-0.304055	0.0	0.47433400000000003	-0.08354600000000001	-0.8763709999999999	0.0	-0.778866	-0.50383	-0.373529	0.0	2.4075599999999997	1.31334	1.27758	0.357219	
3	0.9464299999999999	0.288748	0.144553	0.0	-0.200849	0.175871	0.963706	0.0	0.252846	-0.9411129999999999	0.224444	0.0	-2.85422	-2.7194	-1.5356	0.21311100000000002	-0.41033500000000006	0.8597530000000001	-0.304055	0.0	0.47433500000000006	-0.0835462	-0.8763719999999999	0.0	-0.778866	-0.50383	-0.373529	0.0	2.4075599999999997	1.31334	1.27758	0.357219	
3	0.9464299999999999	0.288748	0.144553	0.0	-0.200849	0.175871	0.963706	0.0	0.252846	-0.9411129999999999	0.22444499999999998	0.0	-2.85422	-2.7194	-1.5356	0.21311	-0.41033500000000006	0.8597530000000001	-0.304055	0.0	0.47433400000000003	-0.0835462	-0.8763719999999999	0.0	-0.778866	-0.50383	-0.373529	0.0	2.4075599999999997	1.31334	1.27758	0.357219	
3	0.9464299999999999	0.288748	0.144553	0.0	-0.200849	0.175871	0.963706	0.0	0.252846	-0.9411129999999999	0.22444499999999998	0.0	-2.85422	-2.7194	-1.5356	0.21311	-0.41033500000000006	0.8597530000000001	-0.304055	0.0	0.47433400000000003	-0.0835462	-0.8763719999999999	0.0	-0.778866	-0.50383	-0.373529	0.0	2.4075599999999997	1.31334	1.27758	0.357219	
3	0.9464299999999999	0.288748	0.144553	0.0	-0.200849	0.175871	0.963706	0.0	0.252846	-0.9411129999999999	0.22444499999999998	0.0	-2.85422	-2.7194	-1.5356	0.21311	-0.41033500000000006	0.8597530000000001	-0.304055	0.0	0.47433500000000006	-0.0835462	-0.8763719999999999	0.0	-0.778866	-0.50383	-0.373529	0.0	2.40757	1.31334	1.27758	0.357219	
3	0.9464299999999999	0.288748	0.144553	0.0	-0.200849	0.175871	0.963706	0.0	0.252846	-0.9411129999999999	0.22444499999999998	0.0	-2.85422	-2.7194	-1.5356	0.21311	-0.41033500000000006	0.8597530000000001	-0.304055	0.0	0.47433500000000006	-0.0835462	-0.8763719999999999	0.0	-0.778866	-0.50383	-0.373529	0.0	2.4075599999999997	1.31334	1.27758	0.357219	
3	0.9464299999999999	0.288748	0.144553	0.0	-0.200849	0.175871	0.963706	0.0	0.252846	-0.9411129999999999	0.22444499999999998	0.0	-2.85422	-2.7194	-1.5356	0.21311	-0.41033500000000006	0.8597530000000001	-0.304055	0.0	0.47433500000000006	-0.0835461	-0.8763709999999999	0.0	-0.778866	-0.50383	-0.373529	0.0	2.40757	1.31334	1.27758	0.357219	
3	0.9464299999999999	0.288748	0.144553	0.0	-0.200849	0.175871	0.963706	0.0	0.252846	-0.9411129999999999	0.22444499999999998	0.0	-2.85422	-2.7194	-1.5356	0.21311	-0.41033500000000006	0.8597530000000001	-0.304055	0.0	0.47433500000000006	-0.0835461	-0.8763709999999999	0.0	-0.778866	-0.50383	-0.373529	0.0	2.4075599999999997	1.31334	1.27758	0.357219	
3	0.9464299999999999	0.288748	0.144553	0.0	-0.200849	0.175871	0.963706	0.0	0.252846	-0.9411129999999999	0.22444499999999998	0.0	-2.85422	-2.7194	-1.5356	0.21311	-0.41033500000000006	0.8597530000000001	-0.304055	0.0	0.47433400000000003	-0.08354600000000001	-0.8763709999999999	0.0	-0.778866	-0.50383	-0.373529	0.0	2.40757	1.31334	1.27758	0.357219	
3	0.9464299999999999	0.288748	0.144553	0.0	-0.200849	0.175871	0.963706	0.0	0.252846	-0.9411129999999999	0.22444499999999998	0.0	-2.85422	-2.7194	-1.5356	0.21311	-0.41033500000000006	0.8597530000000001	-0.304055	0.0	0.47433500000000006	-0.0835461	-0.8763709999999999	0.0	-0.778866	-0.50383	-0.373529	0.0	2.40757	1.31334	1.27758	0.357219	
3	0.9464299999999999	0.288748	0.144553	0.0	-0.200849	0.175871	0.963706	0.0	0.252846	-0.9411129999999999	0.22444499999999998	0.0	-2.85422	-2.7194	-1.5356	0.21311	-0.41033500000000006	0.8597530000000001	-0.304055	0.0	0.47433400000000003	-0.08354600000000001	-0.8763719999999999	0.0	-0.778866	-0.50383	-0.373529	0.0	2.4075599999999997	1.31334	1.27758	0.357219	
3	0.9464299999999999	0.288748	0.144553	0.0	-0.200849	0.175871	0.963706	0.0	0.252846	-0.9411129999999999	0.22444499999999998	0.0	-2.85422	-2.7194	-1.5356	0.21311	-0.41033500000000006	0.8597530000000001	-0.304055	0.0	0.47433500000000006	-0.0835461	-0.8763719999999999	0.0	-0.778866	-0.50383	-0.373529	0.0	2.40757	1.31334	1.27758	0.357219	
3	0.9464299999999999	0.288748	0.144553	0.0	-0.200849	0.175871	0.963706	0.0	0.252846	-0.9411129999999999	0.22444499999999998	0.0	-2.85422	-2.7194	-1.5356	0.21311	-0.41033500000000006	0.8597530000000001	-0.304055	0.0	0.47433500000000006	-0.0835462	-0.8763719999999999	0.0	-0.778866	-0.50383	-0.373529	0.0	2.4075599999999997	1.31334	1.27758	0.357219	
3	0.124481	-0.700309	0.702902	0.0	-0.09614360000000001	-0.713592	-0.693933	0.0	0.987553	0.0188023	-0.156159	0.0	-2.8374200000000003	-2.68617	-1.5095299999999998	0.225923	-0.394025	0.867132	-0.304675	0.0	0.466696	-0.0968145	-0.8791030000000001	0.0	-0.791795	-0.488579	-0.36654000000000003	0.0	2.36497	1.30942	1.3217	0.356784	
3	0.00675839	-0.8279559999999999	0.560752	0.0	-0.048618400000000006	-0.5603739999999999	-0.8268110000000001	0.0	0.9987950000000001	-0.021675	-0.0440411	0.0	-2.82914	-2.86924	-1.41598	0.2234	-0.395377	0.8667389999999999	-0.30404000000000003	0.0	0.46770100000000003	-0.09491260000000001	-0.878776	0.0	-0.7905270000000001	-0.48964799999999997	-0.367849	0.0	2.36857	1.31216	1.32061	0.35690700000000003	
3	-0.0956143	-0.840937	0.532619	0.0	-0.0812232	-0.526695	-0.846165	0.0	0.992099	-0.12416600000000001	-0.0179442	0.0	-2.7967299999999997	-3.02375	-1.38696	0.226521	-0.395908	0.8669979999999999	-0.302608	0.0	0.467868	-0.0931076	-0.8788799999999999	0.0	-0.790162	-0.489537	-0.368778	0.0	2.37303	1.30872	1.3202200000000002	0.356912	
3	-0.23613800000000001	-0.8504520000000001	0.47007600000000005	0.0	-0.11608299999999999	-0.455603	-0.882582	0.0	0.9647610000000001	-0.26297800000000005	0.0088619	0.0	-2.727	-3.21822	-1.38489	0.23255100000000004	-0.394897	0.8681709999999999	-0.300559	0.0	0.46738500000000005	-0.0918077	-0.879274	0.0	-0.790954	-0.4877	-0.369515	0.0	2.37578	1.30865	1.31707	0.356975	
3	-0.31369600000000003	-0.8413700000000001	0.440105	0.0	-0.111651	-0.427601	-0.8970459999999999	0.0	0.942937	-0.330538	0.0401962	0.0	-2.57996	-3.4390400000000003	-1.4546700000000001	0.23888299999999998	-0.39477399999999996	0.8688450000000001	-0.298769	0.0	0.466641	-0.0905123	-0.8798040000000001	0.0	-0.791455	-0.486741	-0.369707	0.0	2.3754299999999997	1.30651	1.3133299999999999	0.35703	
3	-0.43188699999999997	-0.815469	0.385338	0.0	-0.11022	-0.376316	-0.9199120000000001	0.0	0.8951680000000001	-0.43976899999999997	0.0726443	0.0	-2.45463	-3.6621900000000003	-1.46817	0.240729	-0.397812	0.8671280000000001	-0.299725	0.0	0.46732799999999997	-0.0896158	-0.8795299999999999	0.0	-0.789525	-0.489958	-0.369583	0.0	2.37256	1.30246	1.31882	0.357184	
3	-0.4732	-0.803525	0.361152	0.0	-0.102684	-0.35685300000000003	-0.9285	0.0	0.874951	-0.47645	0.0863534	0.0	-2.4321099999999998	-3.74916	-1.475	0.23875500000000002	-0.399292	0.8658809999999999	-0.30135700000000004	0.0	0.469454	-0.0892428	-0.8784360000000001	0.0	-0.787515	-0.492225	-0.370857	0.0	2.3744400000000003	1.30324	1.3210600000000001	0.357168	
3	-0.6368090000000001	-0.733688	0.237015	0.0	-0.115282	-0.213344	-0.970152	0.0	0.762354	-0.645125	0.0512788	0.0	-2.36712	-3.8147900000000003	-1.50468	0.215036	-0.399304	0.8648950000000001	-0.304159	0.0	0.472945	-0.08988960000000001	-0.876495	0.0	-0.785417	-0.493838	-0.373155	0.0	2.38587	1.30471	1.32008	0.357147	
3	-0.725493	-0.667243	0.168663	0.0	-0.108366	-0.131262	-0.9854069999999999	0.0	0.6796449999999999	-0.733183	0.022923500000000003	0.0	-2.29922	-3.7623699999999998	-1.49289	0.20084200000000002	-0.39673800000000004	0.865498	-0.305799	0.0	0.47426999999999997	-0.0919543	-0.8755639999999999	0.0	-0.785918	-0.49240100000000003	-0.373998	0.0	2.3952	1.30255	1.32021	0.357269	
3	-0.726618	-0.665929	0.169015	0.0	-0.10375899999999999	-0.136818	-0.9851469999999999	0.0	0.679162	-0.733362	0.030318	0.0	-2.30477	-3.76051	-1.51778	0.188869	-0.395521	0.866293	-0.305123	0.0	0.474042	-0.0919985	-0.875683	0.0	-0.786669	-0.490992	-0.374272	0.0	2.39986	1.2968899999999999	1.3225799999999999	0.35727600000000004	
3	-0.711551	-0.675611	0.19298900000000002	0.0	-0.12073199999999999	-0.15301800000000002	-0.9808209999999999	0.0	0.692184	-0.721204	0.027311900000000004	0.0	-2.32048	-3.76606	-1.5608600000000001	0.186533	-0.394349	0.867491	-0.30323	0.0	0.47396800000000006	-0.0906957	-0.875859	0.0	-0.787301	-0.489116	-0.375397	0.0	2.39871	1.2915299999999998	1.32205	0.357321	
3	-0.6680699999999999	-0.7113189999999999	0.218421	0.0	-0.136725	-0.171192	-0.9757049999999999	0.0	0.73143	-0.681702	0.017113099999999996	0.0	-2.3636	-3.79335	-1.67655	0.190943	-0.39402800000000004	0.8689479999999999	-0.299452	0.0	0.47343999999999997	-0.0873653	-0.876483	0.0	-0.787779	-0.48713100000000004	-0.37696999999999997	0.0	2.40777	1.28587	1.31041	0.35734299999999997	
3	-0.6382220000000001	-0.734795	0.229673	0.0	-0.138416	-0.183948	-0.973141	0.0	0.757307	-0.65287	0.0156927	0.0	-2.29688	-3.79104	-1.73967	0.19363	-0.39361	0.8698610000000001	-0.297344	0.0	0.47277299999999994	-0.085853	-0.876992	0.0	-0.788389	-0.48576899999999995	-0.377454	0.0	2.41033	1.28503	1.30997	0.357261	
3	-0.5847180000000001	-0.7689090000000001	0.25861999999999996	0.0	-0.145254	-0.214412	-0.965882	0.0	0.798127	-0.602334	0.0136833	0.0	-2.22905	-3.6356800000000002	-1.66235	0.193504	-0.392092	0.871258	-0.29525300000000004	0.0	0.47122200000000003	-0.08542899999999999	-0.877868	0.0	-0.790072	-0.48333400000000004	-0.37706	0.0	2.41365	1.28191	1.29857	0.357416	
3	-0.553888	-0.775623	0.302684	0.0	-0.173256	-0.24821300000000002	-0.9530860000000001	0.0	0.814366	-0.580344	0.00310016	0.0	-2.1718	-3.45095	-1.48771	0.198704	-0.389522	0.873207	-0.29288400000000003	0.0	0.469635	-0.0852429	-0.8787360000000001	0.0	-0.792285	-0.479836	-0.37688499999999997	0.0	2.40294	1.27467	1.27445	0.357526	
3	-0.5620069999999999	-0.759683	0.327154	0.0	-0.217849	-0.245613	-0.944572	0.0	0.797929	-0.602126	-0.0274601	0.0	-2.19041	-3.34389	-1.33029	0.253414	-0.386917	0.8746780000000001	-0.29194699999999996	0.0	0.467592	-0.0867745	-0.879675	0.0	-0.794766	-0.47687299999999994	-0.375418	0.0	2.39362	1.27159	1.26874	0.357712	
3	-0.572843	-0.747811	0.335604	0.0	-0.241695	-0.23712800000000003	-0.940932	0.0	0.7832210000000001	-0.62012	-0.0449055	0.0	-2.22363	-3.30327	-1.27	0.276383	-0.386459	0.875102	-0.291284	0.0	0.46674	-0.0868347	-0.8801209999999999	0.0	-0.795489	-0.476084	-0.37488699999999997	0.0	2.3917900000000003	1.27226	1.2690000000000001	0.35772800000000005	
3	-0.59177	-0.7275229999999999	0.34715799999999997	0.0	-0.281673	-0.21689299999999997	-0.934675	0.0	0.7552939999999999	-0.650898	-0.076573	0.0	-2.28282	-3.2149400000000004	-1.1543	0.282053	-0.387402	0.87521	-0.28970300000000004	0.0	0.466528	-0.08492419999999999	-0.8804200000000001	0.0	-0.7951550000000001	-0.476231	-0.375411	0.0	2.38859	1.2679	1.27193	0.35783200000000004	
3	-0.6141479999999999	-0.71204	0.340325	0.0	-0.310628	-0.178326	-0.9336540000000001	0.0	0.725488	-0.6791159999999999	-0.111661	0.0	-2.3278	-3.1529599999999998	-1.09761	0.28099	-0.38764699999999996	0.875434	-0.288694	0.0	0.46620900000000004	-0.08398430000000001	-0.8806790000000001	0.0	-0.7952229999999999	-0.475984	-0.375579	0.0	2.3896	1.27552	1.27461	0.357869	
3	-0.6388550000000001	-0.6942229999999999	0.331541	0.0	-0.327915	-0.144122	-0.933649	0.0	0.695943	-0.705183	-0.135573	0.0	-2.3622	-3.12105	-1.07171	0.280711	-0.387786	0.87545	-0.288459	0.0	0.466042	-0.0837811	-0.8807870000000001	0.0	-0.795253	-0.475991	-0.375508	0.0	2.3902400000000004	1.27722	1.28041	0.358002	
3	-0.713675	-0.6245189999999999	0.317244	0.0	-0.365298	-0.0546128	-0.9292870000000001	0.0	0.597683	-0.779098	-0.18916	0.0	-2.44345	-3.06765	-1.0248700000000002	0.27970700000000004	-0.388935	0.87508	-0.288036	0.0	0.466732	-0.0823947	-0.880552	0.0	-0.7942859999999999	-0.47691300000000003	-0.376382	0.0	2.3903	1.27349	1.28433	0.358012	
3	-0.761328	-0.562194	0.322982	0.0	-0.390036	-0.000810564	-0.9207989999999999	0.0	0.51793	-0.8270049999999999	-0.21865900000000002	0.0	-2.5253200000000002	-3.06317	-0.9896360000000001	0.278818	-0.388484	0.8748090000000001	-0.289464	0.0	0.46724099999999996	-0.0837414	-0.8801549999999999	0.0	-0.794208	-0.47717600000000004	-0.376215	0.0	2.3919200000000003	1.27239	1.28484	0.358021	
3	-0.77947	-0.5302140000000001	0.333615	0.0	-0.402862	0.0164527	-0.915113	0.0	0.479716	-0.8477040000000001	-0.226427	0.0	-2.57246	-3.0646	-0.9627620000000001	0.27836700000000003	-0.38798299999999997	0.8747950000000001	-0.29018	0.0	0.46667200000000003	-0.08504160000000001	-0.880333	0.0	-0.794787	-0.476972	-0.375248	0.0	2.39324	1.2710700000000001	1.28501	0.358002	
3	-0.818638	-0.455017	0.350416	0.0	-0.424892	0.0693441	-0.902584	0.0	0.386392	-0.8877790000000001	-0.250101	0.0	-2.6841	-3.0767599999999997	-0.9138879999999999	0.275502	-0.38655300000000004	0.8751	-0.291164	0.0	0.46608	-0.0870638	-0.880448	0.0	-0.79583	-0.476046	-0.374212	0.0	2.39567	1.26702	1.2842	0.358038	
3	-0.839741	-0.415659	0.349376	0.0	-0.421691	0.09387360000000002	-0.901868	0.0	0.342072	-0.9046629999999999	-0.25410900000000003	0.0	-2.70974	-3.0947400000000003	-0.885569	0.27158699999999997	-0.38561	0.8752700000000001	-0.291903	0.0	0.46549700000000005	-0.0886021	-0.880604	0.0	-0.796629	-0.47544899999999995	-0.37327	0.0	2.3957599999999997	1.2658	1.2865799999999998	0.358105	
3	-0.852142	-0.389346	0.349662	0.0	-0.420437	0.111525	-0.900442	0.0	0.311587	-0.914315	-0.258731	0.0	-2.75268	-3.18269	-0.890231	0.266258	-0.385391	0.8751329999999999	-0.292603	0.0	0.465596	-0.08935069999999999	-0.880475	0.0	-0.7966770000000001	-0.475562	-0.373023	0.0	2.39498	1.26841	1.29869	0.358154	
3	-0.8612360000000001	-0.375675	0.342258	0.0	-0.41312600000000005	0.125319	-0.9020100000000001	0.0	0.295971	-0.9182389999999999	-0.263131	0.0	-2.76953	-3.24762	-0.930063	0.265166	-0.386428	0.8744370000000001	-0.293315	0.0	0.465937	-0.08937389999999999	-0.880293	0.0	-0.795975	-0.476836	-0.372896	0.0	2.39319	1.26752	1.30542	0.357955	
3	-0.864223	-0.372659	0.33799999999999997	0.0	-0.41120200000000007	0.13610899999999998	-0.901325	0.0	0.28988200000000003	-0.917932	-0.270867	0.0	-2.76536	-3.2778199999999997	-0.9837959999999999	0.26523	-0.387033	0.874178	-0.293288	0.0	0.46647700000000003	-0.0887372	-0.8800709999999999	0.0	-0.7953640000000001	-0.477429	-0.37344	0.0	2.39262	1.26815	1.30762	0.358011	
3	-0.8737450000000001	-0.361476	0.325432	0.0	-0.40011199999999997	0.153745	-0.9034780000000001	0.0	0.276552	-0.919618	-0.278965	0.0	-2.76451	-3.33065	-1.05552	0.26616	-0.387579	0.8737739999999999	-0.293771	0.0	0.46659700000000004	-0.0888934	-0.879991	0.0	-0.795028	-0.47813900000000004	-0.373248	0.0	2.39339	1.26399	1.3073700000000001	0.358158	
3	-0.885544	-0.354506	0.30023099999999997	0.0	-0.377838	0.17361600000000002	-0.9094479999999999	0.0	0.270279	-0.918795	-0.287691	0.0	-2.7779700000000003	-3.42354	-1.1917200000000001	0.266327	-0.388653	0.8727540000000001	-0.29538000000000003	0.0	0.467639	-0.089378	-0.879389	0.0	-0.793891	-0.47990900000000003	-0.373396	0.0	2.41149	1.2629299999999999	1.3095299999999999	0.35785900000000004	
3	-0.8890110000000001	-0.353889	0.290555	0.0	-0.371528	0.186614	-0.909474	0.0	0.267631	-0.916481	-0.29738200000000004	0.0	-2.79336	-3.4524199999999996	-1.25956	0.26645	-0.389283	0.8725209999999999	-0.295238	0.0	0.468189	-0.0886037	-0.879175	0.0	-0.793258	-0.480475	-0.374013	0.0	2.41614	1.26243	1.3069600000000001	0.358097	
3	-0.8967629999999999	-0.349123	0.271899	0.0	-0.356298	0.205279	-0.911544	0.0	0.26242600000000005	-0.914316	-0.30847800000000003	0.0	-2.82281	-3.50443	-1.3875	0.267185	-0.389489	0.8720829999999999	-0.296259	0.0	0.46915500000000004	-0.088948	-0.878625	0.0	-0.792586	-0.481206	-0.374498	0.0	2.4241900000000003	1.2668700000000002	1.3095	0.35794699999999996	
3	-0.90427	-0.33671799999999996	0.262522	0.0	-0.340586	0.198072	-0.919113	0.0	0.257484	-0.920537	-0.293792	0.0	-2.82665	-3.60059	-1.4595799999999999	0.26814499999999997	-0.38910700000000004	0.872257	-0.296247	0.0	0.469159	-0.08911439999999998	-0.878606	0.0	-0.79277	-0.48085900000000004	-0.374553	0.0	2.42696	1.26132	1.3084799999999999	0.35801900000000003	
3	-0.9128370000000001	-0.32157600000000003	0.251632	0.0	-0.32152600000000003	0.186217	-0.9284100000000001	0.0	0.25169600000000003	-0.928392	-0.273381	0.0	-2.81803	-3.61309	-1.48275	0.26983	-0.38800100000000004	0.872434	-0.297177	0.0	0.46909300000000004	-0.09061720000000001	-0.8784870000000001	0.0	-0.793351	-0.480258	-0.374093	0.0	2.42636	1.25405	1.30787	0.358018	
3	-0.916132	-0.315502	0.247306	0.0	-0.308739	0.161807	-0.937283	0.0	0.25569899999999995	-0.9350280000000001	-0.245644	0.0	-2.8182	-3.61445	-1.51035	0.270816	-0.387949	0.87187	-0.29889499999999997	0.0	0.46899799999999997	-0.09243029999999999	-0.87835	0.0	-0.793434	-0.48093500000000006	-0.37304699999999996	0.0	2.4262900000000003	1.26345	1.3109899999999999	0.358018	
3	-0.913802	-0.319296	0.251031	0.0	-0.302582	0.122873	-0.9451700000000001	0.0	0.270944	-0.9396559999999999	-0.20889499999999997	0.0	-2.8291	-3.62014	-1.54314	0.26981900000000003	-0.389146	0.8704540000000001	-0.301454	0.0	0.46955600000000003	-0.09410360000000001	-0.8778739999999999	0.0	-0.792517	-0.483171	-0.372107	0.0	2.42513	1.26375	1.31092	0.357951	
