0	0.396827	0.80011	-0.44983599999999996	0.0	0.579162	0.161947	0.798964	0.0	0.712109	-0.577579	-0.39912800000000004	0.0	-2.78423	2.0089099999999998	1.3993	-4.4584300000000006e-05	-0.32324400000000003	0.8512	-0.41348599999999996	0.0	0.6042489999999999	-0.150616	-0.782431	0.0	-0.728283	-0.502765	-0.46565100000000004	0.0	2.62823	2.0116400000000003	1.57492	-4.33195e-05	
0	-0.119671	0.894	-0.431791	0.0	0.322902	0.44631899999999997	0.834586	0.0	0.938836	-0.0395505	-0.342085	0.0	-2.77445	2.12131	1.33988	0.0	0.01406	0.946722	-0.321745	0.0	0.41341300000000003	-0.29849000000000003	-0.8602290000000001	0.0	-0.910435	-0.120919	-0.395584	0.0	2.6354599999999997	2.06	1.57054	0.0	
0	-0.16146	0.882668	-0.44139399999999995	0.0	0.300859	0.469996	0.8298110000000001	0.0	0.939901	0.00118425	-0.341445	0.0	-2.73152	2.28408	1.29969	0.0	0.110023	0.9179579999999999	-0.381114	0.0	0.396227	-0.392164	-0.8301879999999999	0.0	-0.911537	-0.059668200000000005	-0.40686700000000003	0.0	2.60643	2.17714	1.5777	0.0	
0	-0.263883	0.882595	-0.389092	0.0	0.262422	0.453866	0.8515520000000001	0.0	0.9281709999999999	0.12260399999999999	-0.35138	0.0	-2.6985900000000003	2.42751	1.19902	0.180513	0.119125	0.964714	-0.23481	0.0	0.408659	-0.263173	-0.873921	0.0	-0.9048799999999999	0.00814891	-0.42558999999999997	0.0	2.61362	2.36603	1.5288	0.334121	
0	-0.312201	0.8978870000000001	-0.31037	0.0	0.25851399999999997	0.394665	0.881709	0.0	0.914167	0.195035	-0.355331	0.0	-2.66106	2.6036900000000003	1.0807799999999999	0.34774	0.0878796	0.9829459999999999	-0.16153800000000001	0.0	0.436316	-0.183765	-0.8808290000000001	0.0	-0.895492	0.00692546	-0.445024	0.0	2.5521599999999998	2.42247	1.44331	0.36077	
0	-0.31429	0.9200020000000001	-0.234132	0.0	0.274454	0.324153	0.905317	0.0	0.908789	0.220273	-0.354377	0.0	-2.64043	2.67302	1.0421799999999999	0.348146	0.0890924	0.990553	-0.104249	0.0	0.440497	-0.13305799999999998	-0.8878389999999999	0.0	-0.893322	0.0331784	-0.44819	0.0	2.55017	2.51192	1.43949	0.358085	
0	-0.192181	0.8945350000000001	-0.403577	0.0	0.215108	0.43963900000000006	0.872036	0.0	0.9574940000000001	0.080776	-0.276912	0.0	-2.57902	2.46184	1.22806	0.0164702	0.052195500000000006	0.966736	-0.250395	0.0	0.376795	-0.251269	-0.891566	0.0	-0.924825	-0.047811900000000004	-0.37737600000000004	0.0	2.4593599999999998	2.3946099999999997	1.60189	0.044568699999999996	
0	-0.19910999999999998	0.8567379999999999	-0.475768	0.0	0.156305	0.507037	0.847633	0.0	0.967432	0.0944069	-0.234869	0.0	-2.51622	2.37318	1.3594	0.0	0.06984610000000001	0.964994	-0.25280199999999997	0.0	0.420519	-0.258286	-0.869743	0.0	-0.904591	-0.0455599	-0.423839	0.0	2.47281	2.3982900000000003	1.62818	0.0	
0	-0.23513699999999998	0.829001	-0.507413	0.0	0.106428	0.540872	0.8343450000000001	0.0	0.966118	0.142183	-0.215408	0.0	-2.45381	2.35738	1.39847	0.0	0.13043	0.953917	-0.270241	0.0	0.37030799999999997	-0.299715	-0.879229	0.0	-0.9197069999999999	0.014605600000000002	-0.392335	0.0	2.47282	2.41927	1.60697	0.0	
0	-0.322467	0.853612	-0.409098	0.0	0.0737164	0.45351800000000003	0.888193	0.0	0.9437059999999999	0.256256	-0.20917	0.0	-2.44099	2.41626	1.32645	0.263178	0.160574	0.957176	-0.24089499999999997	0.0	0.34861	-0.283331	-0.893417	0.0	-0.9234100000000001	0.05948099999999999	-0.379177	0.0	2.4948	2.53684	1.58348	0.22138200000000002	
0	-0.322707	0.9157879999999999	-0.23914899999999997	0.0	0.0898339	0.28116199999999997	0.9554469999999999	0.0	0.942226	0.286846	-0.173002	0.0	-2.39921	2.51567	1.2727700000000002	0.34934899999999997	0.114533	0.976943	-0.180179	0.0	0.37550300000000003	-0.21049099999999998	-0.902602	0.0	-0.919717	0.0357198	-0.390953	0.0	2.48627	2.58028	1.48627	0.356709	
0	-0.237992	0.964801	-0.11189	0.0	0.143877	0.148949	0.9783219999999999	0.0	0.9605520000000001	0.216734	-0.174262	0.0	-2.41745	2.50137	1.27033	0.348603	0.053260400000000006	0.987475	-0.148514	0.0	0.376854	-0.157604	-0.912766	0.0	-0.92474	-0.00735357	-0.380529	0.0	2.46508	2.56752	1.45313	0.357247	
0	-0.12386300000000001	0.992282	-0.00590685	0.0	0.190225	0.029586599999999998	0.981295	0.0	0.9738950000000001	0.120423	-0.192422	0.0	-2.44976	2.4374599999999997	1.23364	0.349093	-0.0644425	0.990925	-0.11796400000000001	0.0	0.392742	-0.08348610000000001	-0.915851	0.0	-0.9173879999999999	-0.105349	-0.38379800000000003	0.0	2.40001	2.52232	1.4162	0.357242	
0	0.125661	0.9896879999999999	0.06875	0.0	0.212939	-0.09459110000000001	0.972476	0.0	0.968951	-0.107563	-0.222629	0.0	-2.46291	2.2931	1.1979899999999999	0.349875	-0.304874	0.9491709999999999	-0.078269	0.0	0.32903499999999997	0.027851	-0.9439069999999999	0.0	-0.893749	-0.313526	-0.320802	0.0	2.19476	2.27632	1.2779399999999999	0.36002	
0	0.403853	0.901991	0.152693	0.0	0.157397	-0.23293000000000003	0.959672	0.0	0.9011819999999999	-0.363533	-0.23604	0.0	-2.4628400000000004	1.9344299999999999	1.1542	0.35174	-0.486972	0.871559	-0.0569497	0.0	0.28576599999999996	0.09737430000000001	-0.95334	0.0	-0.8253459999999999	-0.48052399999999995	-0.296481	0.0	2.0853	1.99663	1.11496	0.360516	
0	0.538775	0.8239690000000001	0.175492	0.0	0.10029400000000001	-0.26956399999999997	0.9577450000000001	0.0	0.8364590000000001	-0.498408	-0.22787399999999997	0.0	-2.48913	1.6086799999999999	1.03757	0.35049600000000003	-0.614694	0.785235	-0.07455139999999999	0.0	0.282064	0.130564	-0.95047	0.0	-0.736608	-0.605276	-0.301744	0.0	1.99905	1.72711	0.956725	0.359746	
0	0.606408	0.778652	0.161151	0.0	0.0778793	-0.259853	0.9625030000000001	0.0	0.79133	-0.5711189999999999	-0.218218	0.0	-2.52291	1.34348	0.9083399999999999	0.351563	-0.681862	0.727252	-0.0785411	0.0	0.27726100000000004	0.157598	-0.947781	0.0	-0.676898	-0.668032	-0.30909899999999996	0.0	1.94688	1.51862	0.827365	0.360455	
0	0.6764359999999999	0.725346	0.12770499999999999	0.0	0.044492199999999996	-0.21332199999999998	0.9759680000000001	0.0	0.735157	-0.6544979999999999	-0.176571	0.0	-2.5838900000000002	0.981088	0.738499	0.350192	-0.732276	0.675075	-0.0896958	0.0	0.27512800000000004	0.17278	-0.9457549999999999	0.0	-0.622958	-0.7172310000000001	-0.312255	0.0	1.9336	1.31267	0.701454	0.36020399999999997	
0	0.7126899999999999	0.699328	0.0549029	0.0	0.058586900000000004	-0.13733399999999998	0.988791	0.0	0.699029	-0.701484	-0.138848	0.0	-2.64887	0.697317	0.616714	0.349483	-0.741572	0.663942	-0.096189	0.0	0.276648	0.172022	-0.945449	0.0	-0.611176	-0.727729	-0.311245	0.0	1.9342599999999999	1.21925	0.6902020000000001	0.36046300000000003	
0	0.7308479999999999	0.682517	-0.00554362	0.0	0.07144	-0.06841649999999999	0.9950959999999999	0.0	0.678791	-0.7276600000000001	-0.0987611	0.0	-2.72965	0.401606	0.45079300000000005	0.348532	-0.739502	0.665425	-0.101721	0.0	0.28035	0.167062	-0.945248	0.0	-0.6119979999999999	-0.72753	-0.310094	0.0	1.9353799999999999	1.14893	0.6998850000000001	0.36099699999999996	
0	0.725266	0.686389	-0.0534695	0.0	0.09452100000000001	-0.0223433	0.9952719999999999	0.0	0.681949	-0.726892	-0.081083	0.0	-2.78036	0.296713	0.32521100000000003	0.349146	-0.73238	0.6720229999999999	-0.109569	0.0	0.28635700000000003	0.157998	-0.9450059999999999	0.0	-0.617754	-0.723479	-0.308153	0.0	1.9412599999999998	1.10142	0.707175	0.36135900000000004	
0	0.765601	0.638071	-0.081977	0.0	0.0879526	0.0224146	0.995872	0.0	0.637275	-0.769651	-0.0389593	0.0	-2.8003099999999996	0.142287	0.248612	0.350734	-0.728051	0.674637	-0.121683	0.0	0.29697399999999996	0.15040599999999998	-0.942966	0.0	-0.617858	-0.7226640000000001	-0.30985300000000005	0.0	1.96412	1.04405	0.7119	0.36136599999999997	
0	0.804012	0.58309	-0.116498	0.0	0.08813810000000001	0.07689069999999999	0.993136	0.0	0.5880449999999999	-0.808761	0.0104286	0.0	-2.82007	-0.044067800000000004	0.209331	0.351643	-0.727854	0.674293	-0.12473699999999999	0.0	0.30063	0.150282	-0.9418270000000001	0.0	-0.616321	-0.723011	-0.312096	0.0	1.98175	1.0199200000000002	0.712588	0.361446	
0	0.858234	0.491461	-0.14798699999999998	0.0	0.0856572	0.14713800000000002	0.9854	0.0	0.506061	-0.8583799999999999	0.0841817	0.0	-2.93722	-0.39953	-0.0202491	0.351719	-0.724989	0.6765220000000001	-0.12926600000000002	0.0	0.302617	0.14428	-0.9421290000000001	0.0	-0.6187199999999999	-0.72215	-0.309329	0.0	1.99498	1.0210299999999999	0.713648	0.361653	
0	0.886091	0.430529	-0.171722	0.0	0.0980087	0.188074	0.977253	0.0	0.453032	-0.8827649999999999	0.124455	0.0	-3.1128099999999996	-0.734073	-0.36099000000000003	0.351248	-0.7161390000000001	0.6851520000000001	-0.133081	0.0	0.303779	0.13430899999999998	-0.9432280000000001	0.0	-0.6283810000000001	-0.71591	-0.304319	0.0	1.9859099999999998	1.03613	0.719986	0.361498	
0	0.8954049999999999	0.405831	-0.183171	0.0	0.11606099999999998	0.18443099999999998	0.9759690000000001	0.0	0.429861	-0.8951459999999999	0.118039	0.0	-3.18689	-0.8496950000000001	-0.555236	0.350674	-0.713026	0.688917	-0.130341	0.0	0.302178	0.134197	-0.943758	0.0	-0.632679	-0.71231	-0.30386199999999997	0.0	1.9588400000000001	1.0408	0.722485	0.361467	
0	0.886856	0.37866	-0.26476900000000003	0.0	0.205107	0.19084500000000001	0.9599530000000001	0.0	0.414026	-0.905646	0.0915867	0.0	-3.23307	-0.983259	-0.7962819999999999	0.350851	-0.70657	0.6962659999999999	-0.126388	0.0	0.303109	0.136392	-0.9431450000000001	0.0	-0.639441	-0.704707	-0.307415	0.0	1.9414099999999999	1.09525	0.713733	0.361861	
0	0.88065	0.377296	-0.286535	0.0	0.213218	0.22445700000000002	0.9508719999999999	0.0	0.423075	-0.89848	0.117222	0.0	-3.23369	-1.0810899999999999	-0.8932040000000001	0.351012	-0.699418	0.703823	-0.12428800000000001	0.0	0.305467	0.137159	-0.9422729999999999	0.0	-0.646146	-0.697008	-0.31092600000000004	0.0	1.9286900000000002	1.14849	0.7062109999999999	0.36177	
0	0.8803270000000001	0.376845	-0.288118	0.0	0.212705	0.22930599999999998	0.949829	0.0	0.424005	-0.897445	0.121708	0.0	-3.1954700000000003	-1.11097	-0.8847780000000001	0.351078	-0.6974090000000001	0.70587	-0.123974	0.0	0.30599699999999996	0.136857	-0.9421440000000001	0.0	-0.6480640000000001	-0.694995	-0.31144	0.0	1.9103299999999999	1.16925	0.707152	0.361852	
0	0.88134	0.372241	-0.29099400000000003	0.0	0.209306	0.24456	0.946774	0.0	0.42359300000000005	-0.895337	0.137628	0.0	-3.14988	-1.13486	-0.871992	0.351456	-0.695731	0.707557	-0.123779	0.0	0.30464600000000003	0.134604	-0.9429069999999999	0.0	-0.6504989999999999	-0.6937180000000001	-0.309202	0.0	1.8945400000000001	1.17886	0.7063520000000001	0.362084	
0	0.882381	0.371232	-0.289121	0.0	0.200648	0.25892600000000005	0.9448270000000001	0.0	0.42561099999999996	-0.891709	0.15398499999999998	0.0	-3.10495	-1.1603299999999999	-0.830084	0.351578	-0.695874	0.707469	-0.123481	0.0	0.304654	0.1351	-0.942833	0.0	-0.650342	-0.693712	-0.309546	0.0	1.88674	1.1860700000000002	0.701325	0.362072	
0	0.8857719999999999	0.376607	-0.271246	0.0	0.173247	0.273891	0.9460280000000001	0.0	0.430573	-0.884958	0.177359	0.0	-3.07878	-1.1819899999999999	-0.81074	0.351477	-0.695547	0.707805	-0.123393	0.0	0.304181	0.134506	-0.9430709999999999	0.0	-0.650913	-0.693484	-0.308856	0.0	1.88716	1.19169	0.700267	0.362072	
0	0.8913760000000001	0.38906399999999997	-0.232548	0.0	0.122878	0.286418	0.9501930000000001	0.0	0.436292	-0.875554	0.207498	0.0	-3.0582	-1.20997	-0.794289	0.351279	-0.6952149999999999	0.708084	-0.123662	0.0	0.305163	0.134984	-0.942685	0.0	-0.6508079999999999	-0.693106	-0.309924	0.0	1.8865299999999998	1.20183	0.69706	0.361975	
0	0.904331	0.386806	-0.18046099999999998	0.0	0.071961	0.278574	0.957715	0.0	0.42072200000000004	-0.879078	0.224088	0.0	-3.05293	-1.26414	-0.8028069999999999	0.351248	-0.693393	0.709861	-0.123708	0.0	0.304973	0.13357	-0.942948	0.0	-0.652838	-0.691561	-0.309105	0.0	1.8797700000000002	1.21825	0.703023	0.36205	
0	0.913982	0.385766	-0.12578499999999998	0.0	0.0167386	0.273892	0.961615	0.0	0.40541	-0.8810040000000001	0.243875	0.0	-3.05422	-1.3870799999999999	-0.861208	0.351202	-0.6918880000000001	0.711462	-0.12293399999999999	0.0	0.30609000000000003	0.134829	-0.942407	0.0	-0.653911	-0.689669	-0.311058	0.0	1.84663	1.2278799999999999	0.686982	0.36194499999999996	
0	0.911507	0.39614	-0.110576	0.0	0.00041464	0.267972	0.963427	0.0	0.411283	-0.878217	0.244094	0.0	-3.02297	-1.46495	-0.903647	0.351381	-0.689914	0.7132569999999999	-0.123625	0.0	0.30694499999999997	0.133574	-0.942307	0.0	-0.655594	-0.6880569999999999	-0.311085	0.0	1.83801	1.22814	0.6543359999999999	0.362008	
0	0.9025219999999999	0.416638	-0.10893699999999999	0.0	-0.013658400000000001	0.280529	0.9597479999999999	0.0	0.430428	-0.864706	0.258875	0.0	-2.97227	-1.54006	-0.9704729999999999	0.350697	-0.688912	0.71407	-0.12452	0.0	0.306742	0.131553	-0.942658	0.0	-0.656742	-0.687603	-0.309664	0.0	1.8267099999999998	1.23096	0.6402800000000001	0.361954	
0	0.903908	0.413311	-0.11011300000000002	0.0	-0.013623099999999999	0.285125	0.958393	0.0	0.42751000000000006	-0.864799	0.263358	0.0	-2.9393599999999998	-1.59238	-0.9891790000000001	0.34999600000000003	-0.690153	0.712496	-0.126646	0.0	0.308743	0.131623	-0.941994	0.0	-0.654497	-0.689221	-0.310818	0.0	1.8216700000000001	1.23936	0.644567	0.36193000000000003	
0	0.903568	0.413675	-0.111525	0.0	-0.0169117	0.294535	0.955491	0.0	0.42811099999999996	-0.8614649999999999	0.27312800000000004	0.0	-2.90994	-1.62296	-0.968685	0.34938	-0.6921109999999999	0.710291	-0.128333	0.0	0.309969	0.13192	-0.94155	0.0	-0.651844	-0.6914359999999999	-0.31147199999999997	0.0	1.8239299999999998	1.24389	0.690465	0.362089	
0	0.9074690000000001	0.403909	-0.11557200000000001	0.0	-0.0118265	0.29954400000000003	0.954009	0.0	0.41995200000000005	-0.864367	0.276604	0.0	-2.88472	-1.6418599999999999	-0.962924	0.349532	-0.69262	0.709928	-0.127592	0.0	0.31042800000000004	0.133712	-0.9411459999999999	0.0	-0.651085	-0.691465	-0.31299299999999997	0.0	1.8304799999999999	1.23986	0.70603	0.36195900000000003	
0	0.9117059999999999	0.392746	-0.12059	0.0	-0.00535494	0.304854	0.952384	0.0	0.410808	-0.867649	0.28004	0.0	-2.90753	-1.6563900000000003	-0.9447989999999999	0.349664	-0.691693	0.710803	-0.12775	0.0	0.311042	0.13356400000000002	-0.9409639999999999	0.0	-0.651778	-0.6905939999999999	-0.313475	0.0	1.8332400000000002	1.23884	0.706756	0.361877	
0	0.9139219999999999	0.38683	-0.12291600000000001	0.0	-0.00154507	0.306145	0.951984	0.0	0.405886	-0.869849	0.280391	0.0	-2.92434	-1.66703	-0.9419850000000001	0.349479	-0.690071	0.712579	-0.126628	0.0	0.31001799999999996	0.132937	-0.941391	0.0	-0.653982	-0.688883	-0.312648	0.0	1.83037	1.2409999999999999	0.7104020000000001	0.362005	
0	0.914739	0.384167	-0.12517	0.0	0.000920534	0.307811	0.9514469999999999	0.0	0.404043	-0.870442	0.281213	0.0	-2.93697	-1.6726299999999998	-0.9460729999999999	0.349416	-0.689625	0.713422	-0.124287	0.0	0.308944	0.134616	-0.9415049999999999	0.0	-0.65496	-0.687683	-0.313242	0.0	1.8213700000000002	1.23567	0.70806	0.36167699999999997	
0	0.915172	0.382739	-0.126379	0.0	0.00226073	0.308665	0.951168	0.0	0.40305799999999997	-0.870768	0.281617	0.0	-2.9398	-1.6749599999999998	-0.94153	0.349261	-0.689396	0.714018	-0.122117	0.0	0.308373	0.136735	-0.9413870000000001	0.0	-0.655469	-0.686646	-0.314449	0.0	1.8132700000000002	1.23989	0.700933	0.361871	
0	0.915673	0.381351	-0.126945	0.0	0.00260469	0.310206	0.950666	0.0	0.401916	-0.8708290000000001	0.283054	0.0	-2.9480299999999997	-1.6778400000000002	-0.9462790000000001	0.349118	-0.689098	0.7141270000000001	-0.123154	0.0	0.310091	0.13698	-0.940787	0.0	-0.654972	-0.686483	-0.315837	0.0	1.8117400000000001	1.2350299999999999	0.646073	0.361745	
0	0.9156540000000001	0.381363	-0.12704400000000002	0.0	0.00262579	0.310374	0.9506110000000001	0.0	0.401959	-0.870765	0.283194	0.0	-2.94733	-1.6781400000000002	-0.9462219999999999	0.34910599999999997	-0.689105	0.7141270000000001	-0.123115	0.0	0.309987	0.136927	-0.9408290000000001	0.0	-0.655014	-0.6864939999999999	-0.315727	0.0	1.8115	1.23509	0.647889	0.361768	
0	0.9156540000000001	0.381363	-0.12704200000000002	0.0	0.00262541	0.310369	0.9506129999999999	0.0	0.401958	-0.870766	0.28318899999999997	0.0	-2.94732	-1.6781400000000002	-0.9462079999999999	0.34910599999999997	-0.689105	0.7141270000000001	-0.12311400000000002	0.0	0.30998600000000004	0.136927	-0.9408290000000001	0.0	-0.655014	-0.686493	-0.315727	0.0	1.81151	1.23509	0.6479159999999999	0.361767	
0	0.9156540000000001	0.381363	-0.12704100000000002	0.0	0.00262541	0.310369	0.9506120000000001	0.0	0.401958	-0.870766	0.28319	0.0	-2.94732	-1.6781400000000002	-0.9462079999999999	0.34910599999999997	-0.689105	0.7141270000000001	-0.12311400000000002	0.0	0.30998600000000004	0.136927	-0.9408290000000001	0.0	-0.655014	-0.686493	-0.315727	0.0	1.81151	1.23509	0.6479159999999999	0.361768	
0	0.9156540000000001	0.381363	-0.12704200000000002	0.0	0.00262542	0.310369	0.9506120000000001	0.0	0.401958	-0.870766	0.28319	0.0	-2.94732	-1.6781400000000002	-0.9462079999999999	0.34910599999999997	-0.689105	0.7141270000000001	-0.12311400000000002	0.0	0.30998600000000004	0.136928	-0.9408290000000001	0.0	-0.655014	-0.686493	-0.315727	0.0	1.81151	1.23509	0.6479159999999999	0.361767	
0	0.9156540000000001	0.381363	-0.12704200000000002	0.0	0.00262541	0.310369	0.9506120000000001	0.0	0.401958	-0.870766	0.28319	0.0	-2.94732	-1.6781400000000002	-0.9462079999999999	0.34910599999999997	-0.689105	0.7141270000000001	-0.12311400000000002	0.0	0.30998600000000004	0.136928	-0.9408290000000001	0.0	-0.655014	-0.686493	-0.315727	0.0	1.81151	1.23509	0.6479159999999999	0.361767	
0	0.9156540000000001	0.381363	-0.12704100000000002	0.0	0.00262538	0.310369	0.9506120000000001	0.0	0.401958	-0.870766	0.28319	0.0	-2.94732	-1.6781400000000002	-0.9462079999999999	0.34910599999999997	-0.689105	0.7141270000000001	-0.12311400000000002	0.0	0.30998600000000004	0.136928	-0.9408290000000001	0.0	-0.655014	-0.686493	-0.315727	0.0	1.81151	1.23509	0.6479159999999999	0.361767	
0	0.9156540000000001	0.381363	-0.12704100000000002	0.0	0.00262539	0.310369	0.9506120000000001	0.0	0.401958	-0.870766	0.28319	0.0	-2.94732	-1.6781400000000002	-0.9462079999999999	0.34910599999999997	-0.689105	0.7141270000000001	-0.12311400000000002	0.0	0.30998600000000004	0.136928	-0.9408290000000001	0.0	-0.655014	-0.686493	-0.315727	0.0	1.81151	1.23509	0.6479159999999999	0.361767	
0	0.9156540000000001	0.381363	-0.12704100000000002	0.0	0.00262539	0.310369	0.9506120000000001	0.0	0.401958	-0.870766	0.28319	0.0	-2.94732	-1.6781400000000002	-0.9462079999999999	0.34910599999999997	-0.689105	0.7141270000000001	-0.12311400000000002	0.0	0.30998600000000004	0.136928	-0.9408290000000001	0.0	-0.655014	-0.686493	-0.315727	0.0	1.81151	1.23509	0.6479159999999999	0.361767	
0	0.9156540000000001	0.381363	-0.12704200000000002	0.0	0.00262542	0.310369	0.9506120000000001	0.0	0.401958	-0.870766	0.28319	0.0	-2.94732	-1.6781400000000002	-0.9462079999999999	0.34910599999999997	-0.689105	0.7141270000000001	-0.12311400000000002	0.0	0.30998600000000004	0.136928	-0.9408290000000001	0.0	-0.655014	-0.686493	-0.315727	0.0	1.81151	1.23509	0.6479159999999999	0.361767	
0	0.9156540000000001	0.381363	-0.12704100000000002	0.0	0.00262538	0.310369	0.9506120000000001	0.0	0.401958	-0.870766	0.28319	0.0	-2.94732	-1.6781400000000002	-0.9462079999999999	0.34910599999999997	-0.689105	0.7141270000000001	-0.12311400000000002	0.0	0.30998600000000004	0.136928	-0.9408290000000001	0.0	-0.655014	-0.686493	-0.315727	0.0	1.81151	1.23509	0.6479159999999999	0.361767	
0	0.9156540000000001	0.381363	-0.12704200000000002	0.0	0.00262539	0.310369	0.9506129999999999	0.0	0.401958	-0.870766	0.28318899999999997	0.0	-2.94732	-1.6781400000000002	-0.9462079999999999	0.34910599999999997	-0.689105	0.7141270000000001	-0.12311400000000002	0.0	0.30998600000000004	0.136928	-0.9408290000000001	0.0	-0.655014	-0.686493	-0.315727	0.0	1.81151	1.23509	0.6479159999999999	0.361767	
0	0.9156540000000001	0.381363	-0.12704100000000002	0.0	0.00262539	0.310369	0.9506120000000001	0.0	0.401958	-0.870766	0.28319	0.0	-2.94732	-1.6781400000000002	-0.9462079999999999	0.34910599999999997	-0.689105	0.7141270000000001	-0.12311400000000002	0.0	0.30998600000000004	0.136928	-0.9408290000000001	0.0	-0.655014	-0.686493	-0.315727	0.0	1.81151	1.23509	0.6479159999999999	0.361768	
0	0.9156540000000001	0.381363	-0.12704200000000002	0.0	0.00262545	0.310369	0.9506120000000001	0.0	0.401958	-0.870766	0.28319	0.0	-2.94732	-1.6781400000000002	-0.9462079999999999	0.34910599999999997	-0.689105	0.7141270000000001	-0.12311400000000002	0.0	0.30998600000000004	0.136928	-0.9408290000000001	0.0	-0.655014	-0.686493	-0.315727	0.0	1.81151	1.23509	0.6479159999999999	0.361767	
0	0.9156540000000001	0.381363	-0.12704200000000002	0.0	0.00262545	0.310369	0.9506120000000001	0.0	0.401958	-0.870766	0.28319	0.0	-2.94732	-1.6781400000000002	-0.9462079999999999	0.34910599999999997	-0.689105	0.7141270000000001	-0.12311400000000002	0.0	0.30998600000000004	0.136928	-0.9408290000000001	0.0	-0.655014	-0.686493	-0.315727	0.0	1.81151	1.23509	0.6479159999999999	0.361767	
0	0.9156540000000001	0.381363	-0.12704100000000002	0.0	0.00262538	0.310369	0.9506120000000001	0.0	0.401958	-0.870766	0.28319	0.0	-2.94732	-1.6781400000000002	-0.9462079999999999	0.34910599999999997	-0.689105	0.7141270000000001	-0.12311400000000002	0.0	0.30998600000000004	0.136928	-0.9408290000000001	0.0	-0.655014	-0.686493	-0.315727	0.0	1.81151	1.23509	0.6479159999999999	0.361767	
0	0.9156540000000001	0.381363	-0.12704100000000002	0.0	0.00262541	0.310369	0.9506120000000001	0.0	0.401958	-0.870766	0.28319	0.0	-2.94732	-1.6781400000000002	-0.946207	0.34910599999999997	-0.689105	0.7141270000000001	-0.12311400000000002	0.0	0.30998600000000004	0.136928	-0.9408290000000001	0.0	-0.655014	-0.686493	-0.315727	0.0	1.81151	1.23509	0.6479159999999999	0.361767	
0	0.9156540000000001	0.381363	-0.12704200000000002	0.0	0.00262541	0.310369	0.9506120000000001	0.0	0.401958	-0.870766	0.28319	0.0	-2.94732	-1.6781400000000002	-0.9462079999999999	0.34910599999999997	-0.689105	0.7141270000000001	-0.12311400000000002	0.0	0.30998600000000004	0.136928	-0.9408290000000001	0.0	-0.655014	-0.686493	-0.315727	0.0	1.81151	1.23509	0.6479159999999999	0.361767	
0	0.9156540000000001	0.381363	-0.12704100000000002	0.0	0.00262539	0.310369	0.9506120000000001	0.0	0.401958	-0.870766	0.28319	0.0	-2.94732	-1.6781400000000002	-0.9462079999999999	0.34910599999999997	-0.689105	0.7141270000000001	-0.12311400000000002	0.0	0.30998600000000004	0.136928	-0.9408290000000001	0.0	-0.655014	-0.686493	-0.315727	0.0	1.81151	1.23509	0.6479159999999999	0.361767	
0	0.9156540000000001	0.381363	-0.12704200000000002	0.0	0.00262541	0.310369	0.9506120000000001	0.0	0.401958	-0.870766	0.28319	0.0	-2.94732	-1.6781400000000002	-0.9462079999999999	0.34910599999999997	-0.689105	0.7141270000000001	-0.12311400000000002	0.0	0.30998600000000004	0.136928	-0.9408290000000001	0.0	-0.655014	-0.686493	-0.315727	0.0	1.81151	1.23509	0.6479159999999999	0.361767	
0	0.9156540000000001	0.381363	-0.12704200000000002	0.0	0.00262545	0.310369	0.9506120000000001	0.0	0.401958	-0.870766	0.28319	0.0	-2.94732	-1.6781400000000002	-0.9462079999999999	0.34910599999999997	-0.689105	0.7141270000000001	-0.12311400000000002	0.0	0.30998600000000004	0.136928	-0.9408290000000001	0.0	-0.655014	-0.686493	-0.315727	0.0	1.81151	1.23509	0.6479159999999999	0.361767	
0	0.0758061	0.8831559999999999	-0.462913	0.0	-0.252992	0.46609300000000004	0.847793	0.0	0.9644940000000001	0.0528453	0.258764	0.0	-2.8691400000000002	-1.73285	-0.9470370000000001	0.304166	-0.661986	0.738793	-0.126333	0.0	0.334814	0.140682	-0.931723	0.0	-0.670578	-0.659085	-0.340488	0.0	1.7836599999999998	1.2162	0.695925	0.361836	
0	0.123921	0.917795	-0.377222	0.0	-0.203278	0.39557	0.895658	0.0	0.971247	-0.0343102	0.235587	0.0	-2.86268	-1.7978900000000002	-0.8854559999999999	0.322778	-0.66228	0.738704	-0.125307	0.0	0.334373	0.141731	-0.931723	0.0	-0.670507	-0.658961	-0.340868	0.0	1.7819599999999998	1.21149	0.698592	0.361682	
0	0.228003	0.9378489999999999	-0.26163600000000004	0.0	-0.188007	0.30606300000000003	0.933263	0.0	0.9553370000000001	-0.163597	0.24610500000000002	0.0	-2.85397	-1.92965	-0.816126	0.334016	-0.661646	0.7394970000000001	-0.12396900000000001	0.0	0.334253	0.14289200000000002	-0.931588	0.0	-0.671193	-0.6578189999999999	-0.341723	0.0	1.78265	1.20547	0.6950069999999999	0.361709	
0	0.375411	0.9142370000000001	-0.152434	0.0	-0.148556	0.22168800000000002	0.963735	0.0	0.914876	-0.339152	0.21904	0.0	-2.81411	-2.0838	-0.76298	0.333358	-0.6603399999999999	0.7409720000000001	-0.12211400000000001	0.0	0.333983	0.144126	-0.9314950000000001	0.0	-0.672612	-0.655887	-0.342645	0.0	1.78213	1.20004	0.688537	0.36165	
0	0.42238100000000006	0.899949	-0.10810299999999999	0.0	-0.13432	0.180092	0.9744360000000001	0.0	0.8964110000000001	-0.39706199999999997	0.196949	0.0	-2.75827	-2.22712	-0.81634	0.333931	-0.6596350000000001	0.7415039999999999	-0.12269400000000001	0.0	0.333621	0.142595	-0.931861	0.0	-0.6734829999999999	-0.655621	-0.341441	0.0	1.7802200000000001	1.1970399999999999	0.685077	0.361576	
0	0.5042399999999999	0.8612350000000001	-0.0633769	0.0	-0.129079	0.147732	0.980568	0.0	0.8538620000000001	-0.48626099999999994	0.18566	0.0	-2.70303	-2.42904	-0.874983	0.334383	-0.658968	0.7418170000000001	-0.124375	0.0	0.334756	0.14116199999999998	-0.931672	0.0	-0.673573	-0.6555770000000001	-0.34134899999999996	0.0	1.77785	1.19297	0.6917909999999999	0.361583	
0	0.6000270000000001	0.798185	-0.053565999999999996	0.0	-0.11862	0.15499100000000002	0.980769	0.0	0.791137	-0.582134	0.18767899999999998	0.0	-2.69388	-2.75473	-0.927474	0.33165	-0.659906	0.740838	-0.125228	0.0	0.335582	0.141495	-0.9313239999999999	0.0	-0.672241	-0.656611	-0.341986	0.0	1.77852	1.18991	0.699397	0.36164	
0	0.672214	0.738594	-0.051059	0.0	-0.0760357	0.137474	0.987583	0.0	0.736442	-0.659985	0.148571	0.0	-2.70825	-2.94645	-1.04166	0.328758	-0.660442	0.740052	-0.127045	0.0	0.337518	0.141447	-0.930631	0.0	-0.670745	-0.657507	-0.343199	0.0	1.7924200000000001	1.18464	0.695345	0.36157399999999995	
0	0.811135	0.5838869999999999	-0.03368959999999999	0.0	-0.0214166	0.08721749999999999	0.995959	0.0	0.5844659999999999	-0.807136	0.08325010000000001	0.0	-2.75241	-3.21501	-1.22215	0.325518	-0.66037	0.739749	-0.129161	0.0	0.339081	0.140275	-0.93024	0.0	-0.670026	-0.658099	-0.343469	0.0	1.8169400000000002	1.17664	0.694459	0.361659	
0	0.894961	0.44562299999999994	-0.0215769	0.0	-0.00689821	0.06217869999999999	0.998041	0.0	0.446092	-0.893059	0.05872140000000001	0.0	-2.81442	-3.47254	-1.35132	0.319602	-0.659349	0.7402489999999999	-0.131493	0.0	0.340019	0.13760799999999998	-0.9302959999999999	0.0	-0.670556	-0.6581	-0.342431	0.0	1.8238900000000002	1.1830100000000001	0.697627	0.361819	
0	0.9101290000000001	0.41418	-0.0109244	0.0	-0.00476182	0.0368214	0.99931	0.0	0.414297	-0.90945	0.0354845	0.0	-2.79272	-3.4652	-1.34713	0.316048	-0.659141	0.74041	-0.131627	0.0	0.340001	0.13728800000000002	-0.93035	0.0	-0.67077	-0.657986	-0.34223200000000004	0.0	1.82505	1.18572	0.701006	0.361743	
0	0.9136989999999999	0.404752	-0.0364655	0.0	0.026890800000000003	0.029317900000000004	0.999208	0.0	0.405501	-0.913956	0.0159036	0.0	-2.83727	-3.5277800000000004	-1.48214	0.3217	-0.66013	0.739734	-0.130465	0.0	0.339493	0.13888599999999998	-0.930298	0.0	-0.670054	-0.65841	-0.342817	0.0	1.8234400000000002	1.18021	0.705483	0.36185500000000004	
0	0.91827	0.387945	-0.07923680000000001	0.0	0.0754425	0.0250278	0.996836	0.0	0.388701	-0.921343	-0.00628529	0.0	-2.83715	-3.6696699999999995	-1.66176	0.32398299999999997	-0.661158	0.7389060000000001	-0.129959	0.0	0.339186	0.139882	-0.930261	0.0	-0.669196	-0.65913	-0.34310999999999997	0.0	1.82273	1.17777	0.699994	0.361713	
0	0.9262459999999999	0.36433899999999997	-0.0965671	0.0	0.09349980000000001	0.0260945	0.9952770000000001	0.0	0.365138	-0.930901	-0.00989568	0.0	-2.8189	-3.66281	-1.7078	0.32321300000000003	-0.661887	0.738282	-0.12978599999999998	0.0	0.339321	0.140704	-0.9300879999999999	0.0	-0.6684060000000001	-0.6596529999999999	-0.343645	0.0	1.82355	1.1777799999999998	0.7023119999999999	0.36182800000000004	
0	0.9243319999999999	0.362618	-0.118823	0.0	0.116376	0.0286707	0.992791	0.0	0.36341100000000004	-0.9314969999999999	-0.015698900000000002	0.0	-2.8101599999999998	-3.66112	-1.70755	0.32084	-0.6611779999999999	0.738888	-0.129956	0.0	0.339536	0.140242	-0.9300799999999999	0.0	-0.668999	-0.659072	-0.343604	0.0	1.82971	1.1754200000000001	0.700184	0.361666	
0	0.916726	0.365925	-0.160352	0.0	0.159353	0.03315030000000001	0.986665	0.0	0.36636199999999997	-0.930054	-0.0279215	0.0	-2.7967400000000002	-3.65953	-1.70538	0.318734	-0.659984	0.739909	-0.130218	0.0	0.339615	0.139221	-0.9302040000000001	0.0	-0.670137	-0.658144	-0.343168	0.0	1.8307	1.1765299999999999	0.7017439999999999	0.36167	
0	0.920615	0.344961	-0.182949	0.0	0.18103699999999998	0.0380511	0.98274	0.0	0.345968	-0.937846	-0.0274202	0.0	-2.7713099999999997	-3.6535800000000003	-1.70822	0.319821	-0.65954	0.740261	-0.130467	0.0	0.339468	0.138479	-0.9303680000000001	0.0	-0.6706479999999999	-0.657904	-0.34262800000000004	0.0	1.82477	1.17588	0.701669	0.361715	
0	0.928283	0.300053	-0.219678	0.0	0.20848699999999998	0.069241	0.975571	0.0	0.30793400000000004	-0.951406	0.00171807	0.0	-2.72895	-3.63743	-1.7350299999999999	0.32300500000000004	-0.6596920000000001	0.7399979999999999	-0.131185	0.0	0.339335	0.137543	-0.9305559999999999	0.0	-0.670566	-0.658396	-0.341843	0.0	1.8237900000000002	1.17432	0.698833	0.361603	
0	0.931501	0.25492	-0.259463	0.0	0.23138499999999998	0.135104	0.9634360000000001	0.0	0.280654	-0.957477	0.06686439999999999	0.0	-2.69817	-3.61703	-1.7914	0.32614299999999996	-0.659501	0.739963	-0.13234	0.0	0.339368	0.136001	-0.9307700000000001	0.0	-0.670737	-0.658756	-0.340812	0.0	1.8221900000000002	1.17519	0.701387	0.361696	
0	0.9336690000000001	0.229017	-0.275343	0.0	0.233969	0.192027	0.953092	0.0	0.27114699999999997	-0.9542940000000001	0.12570699999999999	0.0	-2.69588	-3.60311	-1.7966099999999998	0.334485	-0.659273	0.739715	-0.13483599999999998	0.0	0.34028	0.13361199999999998	-0.930783	0.0	-0.670499	-0.659522	-0.33979699999999996	0.0	1.82313	1.1774200000000001	0.705959	0.361684	
0	0.932911	0.22596	-0.280391	0.0	0.225348	0.241011	0.943998	0.0	0.280884	-0.943852	0.173922	0.0	-2.70301	-3.60069	-1.79824	0.341008	-0.66009	0.738689	-0.136451	0.0	0.340642	0.132455	-0.930816	0.0	-0.669511	-0.660904	-0.339061	0.0	1.82212	1.17992	0.721217	0.361716	
0	0.93624	0.21851900000000002	-0.27514299999999997	0.0	0.213615	0.26773800000000003	0.9395129999999999	0.0	0.278967	-0.938385	0.203988	0.0	-2.69797	-3.59744	-1.7344	0.341624	-0.6642279999999999	0.73495	-0.136562	0.0	0.341379	0.135711	-0.930077	0.0	-0.665027	-0.664403	-0.341039	0.0	1.82844	1.17956	0.737272	0.361757	
0	0.944285	0.19875299999999999	-0.262342	0.0	0.199879	0.286962	0.9368569999999999	0.0	0.26148499999999997	-0.937097	0.23124699999999998	0.0	-2.69323	-3.5913199999999996	-1.7748700000000002	0.298138	-0.665175	0.7336050000000001	-0.139164	0.0	0.343844	0.135502	-0.929199	0.0	-0.6628069999999999	-0.665931	-0.342378	0.0	1.84277	1.17654	0.737097	0.36177800000000004	
0	0.954155	0.17794300000000002	-0.240673	0.0	0.18044200000000002	0.29956900000000003	0.9368559999999999	0.0	0.23880500000000002	-0.937334	0.253727	0.0	-2.69748	-3.5832300000000004	-1.8091700000000002	0.19673800000000002	-0.665446	0.733086	-0.140594	0.0	0.34644	0.136483	-0.92809	0.0	-0.661181	-0.6663020000000001	-0.344792	0.0	1.8620599999999998	1.17507	0.732453	0.361741	
0	0.9651	0.153197	-0.212398	0.0	0.161192	0.291706	0.9428280000000001	0.0	0.206396	-0.94416	0.256831	0.0	-2.62622	-3.58221	-1.68366	0.138633	-0.6615800000000001	0.736028	-0.143439	0.0	0.350991	0.134909	-0.926609	0.0	-0.662659	-0.6633720000000001	-0.347593	0.0	1.8848900000000002	1.17755	0.7092970000000001	0.361754	
0	0.97888	0.185317	-0.0863235	0.0	0.040577300000000004	0.237729	0.970484	0.0	0.20036900000000002	-0.95349	0.225188	0.0	-2.62259	-3.57301	-1.62329	0.138747	-0.6608390000000001	0.736734	-0.143232	0.0	0.351856	0.135544	-0.9261889999999999	0.0	-0.66294	-0.662458	-0.34879699999999997	0.0	1.8868900000000002	1.1785299999999999	0.7094189999999999	0.36164	
0	0.98003	0.197428	-0.023718400000000004	0.0	-0.00763515	0.156553	0.98764	0.0	0.198701	-0.967736	0.154934	0.0	-2.62635	-3.55954	-1.53949	0.138793	-0.661263	0.73702	-0.13976	0.0	0.351663	0.139995	-0.9256	0.0	-0.66262	-0.661213	-0.351756	0.0	1.88168	1.1803299999999999	0.708043	0.361584	
0	0.9731360000000001	0.229138	-0.022411	0.0	0.00915883	0.0587359	0.998232	0.0	0.23004899999999998	-0.97162	0.05505940000000001	0.0	-2.65665	-3.55219	-1.4598799999999998	0.13882	-0.658578	0.738466	-0.144717	0.0	0.357506	0.13781600000000002	-0.923686	0.0	-0.6621670000000001	-0.6600560000000001	-0.354769	0.0	1.8794099999999998	1.1778	0.692933	0.361452	
0	0.970195	0.239981	-0.033629900000000004	0.0	0.0240917	0.042570300000000005	0.9988030000000001	0.0	0.241125	-0.969844	0.0355199	0.0	-2.6661200000000003	-3.5502	-1.45379	0.138835	-0.6579079999999999	0.738901	-0.145543	0.0	0.358636	0.13746	-0.923301	0.0	-0.662222	-0.659644	-0.355433	0.0	1.8794400000000002	1.17788	0.691657	0.36146	
0	0.9145719999999999	0.402711	-0.0371883	0.0	0.0785343	-0.08664329999999999	0.993139	0.0	0.396725	-0.9112180000000001	-0.11086800000000001	0.0	-2.66927	-3.3797800000000002	-1.7566	0.13861400000000001	-0.642185	0.7504069999999999	-0.156486	0.0	0.36544499999999996	0.12025599999999999	-0.923032	0.0	-0.6738310000000001	-0.649945	-0.351459	0.0	1.8811799999999999	1.14428	0.6718109999999999	0.361023	
0	0.875468	0.483221	-0.00725214	0.0	0.07905039999999999	-0.128382	0.988569	0.0	0.476767	-0.866034	-0.150593	0.0	-2.75133	-3.2541599999999997	-1.7209	0.13858199999999998	-0.612412	0.767271	-0.190387	0.0	0.374335	0.069332	-0.9246979999999999	0.0	-0.696294	-0.6375649999999999	-0.329676	0.0	1.86133	1.0604200000000001	0.662172	0.361437	
0	0.856002	0.515696	0.0363108	0.0	0.07940610000000001	-0.200559	0.976458	0.0	0.510838	-0.832967	-0.21262899999999998	0.0	-2.78081	-3.14569	-1.65572	0.138743	-0.5493819999999999	0.792245	-0.26557	0.0	0.414529	-0.0175435	-0.909867	0.0	-0.725496	-0.609951	-0.318771	0.0	1.8216	0.998275	0.6239680000000001	0.361435	
0	0.8505030000000001	0.498112	0.168905	0.0	0.01852	-0.349292	0.936831	0.0	0.525644	-0.7936489999999999	-0.306299	0.0	-2.81469	-3.14391	-1.54295	0.138729	-0.48099200000000003	0.7977770000000001	-0.363591	0.0	0.46923400000000004	-0.116066	-0.8754129999999999	0.0	-0.740585	-0.591676	-0.318517	0.0	1.78857	0.9547379999999999	0.580019	0.361183	
0	0.843684	0.479022	0.24235500000000001	0.0	-0.00918411	-0.43850100000000003	0.898684	0.0	0.536762	-0.7604310000000001	-0.365557	0.0	-2.83605	-3.14833	-1.48065	0.138897	-0.42834399999999995	0.795682	-0.428266	0.0	0.49858900000000006	-0.18715299999999999	-0.8463940000000001	0.0	-0.753612	-0.5760770000000001	-0.31655300000000003	0.0	1.76098	0.9162459999999999	0.5336569999999999	0.360784	
0	0.84491	0.44796199999999997	0.292331	0.0	-0.027228700000000005	-0.509781	0.859874	0.0	0.534215	-0.734476	-0.418521	0.0	-2.83888	-3.1248400000000003	-1.43011	0.138906	-0.343821	0.779461	-0.523668	0.0	0.53184	-0.297964	-0.792694	0.0	-0.773908	-0.5510520000000001	-0.312102	0.0	1.71258	0.93715	0.506605	0.360794	
0	0.8549559999999999	0.389358	0.34271	0.0	-0.0573566	-0.585693	0.808501	0.0	0.515519	-0.7108899999999999	-0.47841000000000006	0.0	-2.81501	-2.79412	-1.3558299999999999	0.13875	-0.239657	0.733201	-0.6363810000000001	0.0	0.5676180000000001	-0.425964	-0.7045319999999999	0.0	-0.787639	-0.530067	-0.314093	0.0	1.6605599999999998	0.973922	0.46963599999999994	0.36043400000000003	
0	0.8419059999999999	0.345107	0.41484499999999996	0.0	-0.09965750000000001	-0.6561060000000001	0.7480600000000001	0.0	0.530343	-0.671138	-0.517987	0.0	-2.5049799999999998	-2.17421	-1.6103399999999999	0.138567	-0.172594	0.6663319999999999	-0.725406	0.0	0.57275	-0.5312640000000001	-0.624273	0.0	-0.801355	-0.5232220000000001	-0.289948	0.0	1.59848	0.9320639999999999	0.436429	0.360064	
0	0.844817	0.302189	0.44155	0.0	-0.11617000000000001	-0.70196	0.702678	0.0	0.522292	-0.644929	-0.557923	0.0	-2.46218	-2.0255099999999997	-1.53034	0.138312	-0.140971	0.612577	-0.777738	0.0	0.564127	-0.595867	-0.57158	0.0	-0.813565	-0.519319	-0.261571	0.0	1.47528	0.8983059999999999	0.431576	0.359638	
4	0.851584	0.276794	0.445184	0.0	-0.112489	-0.732965	0.670901	0.0	0.5120060000000001	-0.6214069999999999	-0.5930449999999999	0.0	-2.46648	-1.9118700000000002	-1.4859	0.138312	-0.135081	0.586359	-0.798709	0.0	0.553292	-0.6240720000000001	-0.5517270000000001	0.0	-0.8219620000000001	-0.516447	-0.240128	0.0	1.35448	0.886666	0.44436400000000004	0.35943400000000003	
4	0.866497	0.275213	0.416462	0.0	-0.076459	-0.751273	0.6555479999999999	0.0	0.493292	-0.599873	-0.629933	0.0	-2.5413	-1.7711	-1.44696	0.138299	-0.13604000000000002	0.566557	-0.812715	0.0	0.539736	-0.645526	-0.540353	0.0	-0.8307700000000001	-0.512161	-0.21797399999999997	0.0	1.23743	0.883568	0.455812	0.358983	
4	0.874973	0.28034899999999996	0.394748	0.0	-0.0507656	-0.7576930000000001	0.6506350000000001	0.0	0.48150200000000004	-0.589328	-0.648729	0.0	-2.65769	-1.69092	-1.42117	0.138626	-0.142124	0.557075	-0.81821	0.0	0.537623	-0.650608	-0.536349	0.0	-0.8311209999999999	-0.516117	-0.207029	0.0	1.14432	0.889649	0.45812299999999995	0.358829	
4	0.8719629999999999	0.292573	0.392532	0.0	-0.047894599999999996	-0.746963	0.663139	0.0	0.487224	-0.597033	-0.637311	0.0	-2.70194	-1.6650099999999999	-1.37024	0.13863	-0.153543	0.555319	-0.81734	0.0	0.5313760000000001	-0.6509689999999999	-0.5421060000000001	0.0	-0.8331049999999999	-0.517552	-0.195132	0.0	1.0779	0.879819	0.45864499999999997	0.358869	
4	0.8524520000000001	0.32059499999999996	0.41297	0.0	-0.0560163	-0.729355	0.6818390000000001	0.0	0.519795	-0.604368	-0.6037819999999999	0.0	-2.6747099999999997	-1.67904	-1.27101	0.138505	-0.160352	0.565163	-0.809246	0.0	0.522396	-0.64703	-0.555387	0.0	-0.83749	-0.511804	-0.191487	0.0	1.0008299999999999	0.8720629999999999	0.43867	0.358677	
4	0.8404739999999999	0.337008	0.42429799999999995	0.0	-0.0589311	-0.721554	0.689846	0.0	0.538637	-0.6048020000000001	-0.586588	0.0	-2.61538	-1.7124099999999998	-1.22135	0.138506	-0.16550299999999998	0.5685140000000001	-0.805854	0.0	0.521424	-0.64313	-0.5608029999999999	0.0	-0.837093	-0.513007	-0.189997	0.0	0.940341	0.857191	0.41358599999999995	0.358473	
4	0.8085859999999999	0.362975	0.463074	0.0	-0.08667949999999999	-0.704962	0.703929	0.0	0.581958	-0.609326	-0.53856	0.0	-2.40461	-1.8415400000000002	-1.15729	0.13831500000000002	-0.191583	0.5806060000000001	-0.791324	0.0	0.510808	-0.629474	-0.5855229999999999	0.0	-0.838076	-0.5163909999999999	-0.175982	0.0	0.789524	0.806188	0.330907	0.358095	
4	0.786539	0.381812	0.485361	0.0	-0.10545299999999999	-0.6913729999999999	0.714761	0.0	0.60847	-0.613371	-0.503528	0.0	-2.25577	-1.9358099999999998	-1.1147200000000002	0.138507	-0.198025	0.595908	-0.778255	0.0	0.497253	-0.623154	-0.603672	0.0	-0.8447049999999999	-0.5065310000000001	-0.17291700000000002	0.0	0.622767	0.73583	0.22419499999999998	0.357562	
4	0.7738550000000001	0.39306199999999997	0.49663900000000005	0.0	-0.11130999999999999	-0.687525	0.717579	0.0	0.623505	-0.610583	-0.48829300000000003	0.0	-2.1680900000000003	-1.99958	-1.1112799999999998	0.138629	-0.19925	0.6068359999999999	-0.7694479999999999	0.0	0.48911000000000004	-0.618812	-0.61469	0.0	-0.849159	-0.498821	-0.173512	0.0	0.530169	0.705803	0.172791	0.35669	
4	0.748028	0.425113	0.50964	0.0	-0.11457300000000001	-0.673667	0.7301	0.0	0.6537029999999999	-0.604526	-0.455215	0.0	-1.9818900000000002	-2.11899	-1.04932	0.138627	-0.200292	0.625654	-0.75395	0.0	0.47337399999999996	-0.611959	-0.63358	0.0	-0.8577879999999999	-0.48380100000000004	-0.173598	0.0	0.255129	0.6349670000000001	0.0474834	0.356344	
4	0.730633	0.450611	0.512957	0.0	-0.10741099999999999	-0.666076	0.73811	0.0	0.674268	-0.594385	-0.43825699999999995	0.0	-1.9024900000000002	-2.1273400000000002	-1.0323799999999999	0.138571	-0.204488	0.645668	-0.735729	0.0	0.470916	-0.5940310000000001	-0.652201	0.0	-0.858151	-0.47983400000000004	-0.182583	0.0	0.091521	0.596357	-0.0421338	0.356129	
4	0.720216	0.461399	0.518073	0.0	-0.102137	-0.668114	0.737015	0.0	0.68619	-0.583724	-0.434061	0.0	-1.8328900000000001	-2.09533	-1.0237	0.138569	-0.216523	0.645411	-0.732504	0.0	0.473001	-0.587009	-0.657031	0.0	-0.854042	-0.488738	-0.178179	0.0	-0.0452166	0.54259	-0.116975	0.35596500000000003	
