0	0.09414600000000001	0.92701	-0.363027	0.0	-0.27214099999999997	0.374721	0.8862969999999999	0.0	0.957641	0.015353	0.287556	0.0	-2.9861299999999997	2.3248	1.25289	0.00034523	0.157946	0.875223	-0.45720500000000003	0.0	0.23947399999999996	-0.483146	-0.842153	0.0	-0.9579690000000001	0.023526	-0.285905	0.0	2.81651	2.34862	1.2688700000000002	0.0	
0	0.18783699999999998	0.90535	-0.380865	0.0	-0.19988599999999998	0.41488800000000003	0.887645	0.0	0.9616459999999999	-0.0906029	0.258898	0.0	-3.02109	2.6341099999999997	1.2490700000000001	0.0	0.293625	0.8610899999999999	-0.4151	0.0	0.21564899999999998	-0.482716	-0.8488120000000001	0.0	-0.9312790000000001	0.159716	-0.32743099999999997	0.0	2.9164	2.6410299999999998	1.0366600000000001	0.0	
0	0.21143299999999998	0.9318110000000001	-0.295	0.0	-0.0677183	0.315064	0.946651	0.0	0.975044	-0.180176	0.129716	0.0	-2.9593599999999998	3.07563	1.3375	0.147794	0.277133	0.808164	-0.51968	0.0	0.154981	-0.571382	-0.805918	0.0	-0.94825	0.142806	-0.283599	0.0	2.95329	2.97146	0.937298	0.254117	
0	0.0986097	0.9373469999999999	-0.334152	0.0	-0.12793800000000002	0.34494400000000003	0.9298629999999999	0.0	0.9868680000000001	-0.048943	0.153937	0.0	-2.8752	3.08059	1.24243	-0.0008335110000000001	0.23629299999999998	0.875086	-0.422362	0.0	0.25819200000000003	-0.475591	-0.840922	0.0	-0.936751	0.0896533	-0.338318	0.0	2.8357099999999997	3.0291799999999998	0.8977129999999999	0.0	
0	0.176273	0.905011	-0.387148	0.0	-0.08757899999999999	0.40616599999999997	0.909593	0.0	0.9804379999999999	-0.126431	0.150856	0.0	-2.80138	3.16217	1.3011700000000002	0.0	0.36695500000000003	0.765112	-0.529101	0.0	0.14615	-0.609135	-0.7794840000000001	0.0	-0.9186860000000001	0.208707	-0.335346	0.0	2.88943	3.23047	0.812	0.0988697	
0	0.251671	0.897438	-0.362308	0.0	-0.0481315	0.3855	0.921452	0.0	0.966615	-0.21446500000000002	0.140214	0.0	-2.7915099999999997	3.24221	1.31435	0.0387575	0.356117	0.794354	-0.49212100000000003	0.0	0.1604	-0.5707949999999999	-0.8052739999999999	0.0	-0.920572	0.207835	-0.33068400000000003	0.0	2.91875	3.25398	0.798046	0.0	
0	0.44405	0.811929	-0.37893499999999997	0.0	0.039407599999999994	0.40481100000000003	0.913551	0.0	0.895135	-0.420595	0.14776	0.0	-2.76552	3.4378599999999997	1.4141299999999999	0.268054	0.504474	0.673752	-0.539967	0.0	-0.014252899999999999	-0.618793	-0.785425	0.0	-0.86331	0.403922	-0.302562	0.0	2.99517	3.36593	0.714507	0.0	
0	0.571129	0.730962	-0.37350500000000003	0.0	0.072183	0.408531	0.9098860000000001	0.0	0.8176800000000001	-0.546623	0.180561	0.0	-2.7257700000000002	3.57957	1.47242	0.307899	0.609495	0.589422	-0.530187	0.0	-0.0524351	-0.6373260000000001	-0.768808	0.0	-0.791054	0.496385	-0.35754	0.0	3.06474	3.51623	0.618997	0.25959299999999996	
0	0.529609	0.789384	-0.310462	0.0	0.0187013	0.355052	0.93466	0.0	0.848036	-0.5008100000000001	0.17327599999999999	0.0	-2.74094	3.62684	1.4028100000000001	0.313992	0.5882649999999999	0.55775	-0.585542	0.0	-0.096071	-0.6707529999999999	-0.735433	0.0	-0.802941	0.488883	-0.340997	0.0	3.0375	3.6047300000000004	0.5901489999999999	0.32892	
0	0.357579	0.9118930000000001	-0.201464	0.0	-0.027356099999999998	0.225863	0.973775	0.0	0.9334819999999999	-0.34269099999999997	0.10570999999999998	0.0	-2.72178	3.52164	1.22854	0.31240100000000004	0.44434399999999996	0.696368	-0.563587	0.0	0.0516183	-0.647961	-0.7599229999999999	0.0	-0.894368	0.308576	-0.323863	0.0	3.0300700000000003	3.45494	0.7155	0.336991	
0	0.114015	0.983692	-0.139105	0.0	-0.0422732	0.14469500000000002	0.9885729999999999	0.0	0.9925790000000001	-0.106832	0.0580812	0.0	-2.5365	3.2816199999999998	0.8829020000000001	0.309623	0.39127	0.7326	-0.55696	0.0	0.13864300000000002	-0.645228	-0.751305	0.0	-0.9097719999999999	0.216745	-0.354028	0.0	2.9986900000000003	3.24631	0.6664939999999999	0.32929200000000003	
0	-0.16918	0.985585	-0.0006556210000000001	0.0	0.00243193	0.0010826	0.9999959999999999	0.0	0.985582	0.169177	-0.00258005	0.0	-2.28951	2.8459	0.388569	0.267485	0.302271	0.738664	-0.6025020000000001	0.0	0.220844	-0.669139	-0.7095640000000001	0.0	-0.927286	0.08142239999999999	-0.36539099999999997	0.0	3.0748599999999997	3.02601	0.5907720000000001	0.329316	
0	-0.419825	0.903509	0.08613029999999999	0.0	0.0222253	-0.0846357	0.9961639999999999	0.0	0.907333	0.420129	0.0154514	0.0	-2.10794	2.2346	-0.22034099999999998	0.180764	0.286856	0.726162	-0.624822	0.0	0.241823	-0.685999	-0.686241	0.0	-0.926949	0.045755800000000006	-0.372386	0.0	3.10747	2.85754	0.467451	0.33618400000000004	
0	-0.586056	0.8050109999999999	0.0921712	0.0	-0.00209361	-0.115258	0.993333	0.0	0.810268	0.581956	0.0692329	0.0	-1.9396099999999998	1.60717	-1.02831	0.163216	0.26472199999999996	0.70813	-0.654579	0.0	0.271217	-0.706068	-0.654148	0.0	-0.925399	-0.00436532	-0.378969	0.0	3.0979200000000002	2.76693	0.42527299999999996	0.3339	
0	-0.703284	0.702863	0.106655	0.0	0.09497919999999999	-0.055783900000000004	0.993915	0.0	0.7045359999999999	0.7091350000000001	-0.027525599999999997	0.0	-1.81093	1.10611	-1.77024	0.133045	0.24820799999999998	0.701509	-0.668041	0.0	0.28634299999999996	-0.711937	-0.641213	0.0	-0.9254190000000001	-0.0321342	-0.377581	0.0	3.05178	2.71484	0.404553	0.342713	
0	-0.742268	0.661668	0.105994	0.0	0.149296	0.00909102	0.988751	0.0	0.653261	0.749742	-0.10553199999999999	0.0	-1.77005	0.75878	-2.3042700000000003	0.14084100000000002	0.245216	0.700485	-0.670216	0.0	0.289584	-0.7126859999999999	-0.638921	0.0	-0.925208	-0.0374098	-0.377612	0.0	3.0205900000000003	2.70547	0.392162	0.354113	
0	-0.8201620000000001	0.562435	0.104886	0.0	0.270791	0.220115	0.937135	0.0	0.5039899999999999	0.797005	-0.332832	0.0	-1.7625099999999998	0.474739	-2.77458	0.0538981	0.233918	0.707518	-0.666858	0.0	0.303514	-0.70475	-0.641254	0.0	-0.923667	-0.0523996	-0.379596	0.0	3.01878	2.70064	0.394098	0.35530500000000004	
0	-0.891323	0.446716	0.07738660000000001	0.0	0.297662	0.447866	0.8430979999999999	0.0	0.341966	0.774507	-0.5321640000000001	0.0	-1.85096	0.252287	-3.08588	-0.0114629	0.22869499999999998	0.71075	-0.6652319999999999	0.0	0.311165	-0.700863	-0.6418470000000001	0.0	-0.922429	-0.06020980000000001	-0.381444	0.0	3.0798799999999997	2.69579	0.354259	0.355146	
0	-0.9329280000000001	0.358641	0.0319893	0.0	0.241233	0.556606	0.794982	0.0	0.267307	0.749378	-0.605789	0.0	-2.0045900000000003	0.10568399999999999	-3.28539	-0.00988007	0.227419	0.713696	-0.662509	0.0	0.314709	-0.6976939999999999	-0.643569	0.0	-0.9215409999999999	-0.06213780000000001	-0.383276	0.0	3.1017	2.69362	0.337549	0.35581799999999997	
0	-0.951509	0.30701999999999996	0.0192488	0.0	0.21100100000000002	0.605834	0.767101	0.0	0.223854	0.733965	-0.641237	0.0	-2.20109	0.00123096	-3.37225	-0.011048100000000002	0.226196	0.716843	-0.659523	0.0	0.317753	-0.694336	-0.645702	0.0	-0.920798	-0.06351040000000001	-0.384835	0.0	3.1223799999999997	2.70237	0.358514	0.356256	
0	-0.9734520000000001	0.2247	0.0436032	0.0	0.186453	0.667949	0.720472	0.0	0.13276500000000002	0.709475	-0.692113	0.0	-2.3464	-0.0322684	-3.36606	-0.007586	0.221269	0.724637	-0.652642	0.0	0.323844	-0.685851	-0.6517149999999999	0.0	-0.9198719999999999	-0.0671501	-0.386427	0.0	3.1352599999999997	2.70898	0.39411599999999997	0.356749	
0	-0.9813870000000001	0.184628	0.0528456	0.0	0.166759	0.682806	0.711314	0.0	0.09524500000000001	0.706886	-0.7008850000000001	0.0	-2.5756099999999997	-0.07067489999999998	-3.35166	0.0356207	0.210389	0.7353149999999999	-0.644243	0.0	0.34169299999999997	-0.6727390000000001	-0.656253	0.0	-0.91596	-0.0820643	-0.392789	0.0	3.16951	2.6847	0.406048	0.356672	
0	-0.9869469999999999	0.155912	0.040331099999999995	0.0	0.13930599999999999	0.700867	0.6995560000000001	0.0	0.08080280000000001	0.6960430000000001	-0.713439	0.0	-2.74764	-0.0592533	-3.3128800000000003	0.0459526	0.205238	0.7395229999999999	-0.64108	0.0	0.34746	-0.667411	-0.6586609999999999	0.0	-0.9149579999999999	-0.08756749999999999	-0.393933	0.0	3.20135	2.66555	0.413616	0.356609	
0	-0.989717	0.140653	0.026013599999999998	0.0	0.119374	0.712011	0.691946	0.0	0.0788025	0.687936	-0.72148	0.0	-2.86722	-0.059672800000000005	-3.2528099999999998	0.0460577	0.203494	0.7411949999999999	-0.639704	0.0	0.348903	-0.665378	-0.659954	0.0	-0.914799	-0.08889789999999999	-0.394005	0.0	3.22399	2.64811	0.413396	0.35670999999999997	
0	-0.9883709999999999	0.147503	-0.0369613	0.0	0.0799105	0.710617	0.699026	0.0	0.129374	0.687944	-0.71414	0.0	-3.02238	-0.046214	-3.2158900000000004	0.0538538	0.205346	0.740628	-0.639768	0.0	0.35061	-0.665981	-0.658439	0.0	-0.913732	-0.08910119999999999	-0.396429	0.0	3.23216	2.6445	0.414401	0.356547	
0	-0.973514	0.184554	-0.134944	0.0	0.0358543	0.706175	0.707129	0.0	0.22579699999999997	0.683562	-0.694088	0.0	-3.1187400000000003	-0.0299825	-3.14898	0.0783086	0.209105	0.73752	-0.642137	0.0	0.34481300000000004	-0.670085	-0.657335	0.0	-0.915084	-0.0839646	-0.394424	0.0	3.2261	2.6491700000000002	0.418817	0.356725	
0	-0.9614959999999999	0.22476500000000002	-0.158131	0.0	0.0422407	0.689435	0.723115	0.0	0.271552	0.688592	-0.672384	0.0	-3.2240900000000003	-0.0202672	-3.0598099999999997	0.0797749	0.20990799999999998	0.736155	-0.643439	0.0	0.344744	-0.671562	-0.655864	0.0	-0.914926	-0.0841506	-0.394752	0.0	3.21358	2.65633	0.42846300000000004	0.35684699999999997	
0	-0.9361200000000001	0.286124	-0.204482	0.0	0.044569199999999996	0.6732739999999999	0.7380479999999999	0.0	0.348846	0.6817880000000001	-0.643018	0.0	-3.32084	0.00364646	-2.98342	0.0911222	0.22441	0.729484	-0.646137	0.0	0.3337	-0.680487	-0.652367	0.0	-0.9155790000000001	-0.0692184	-0.39613699999999996	0.0	3.2115099999999996	2.67624	0.433883	0.356771	
0	-0.867993	0.358214	-0.343906	0.0	-0.018284	0.669029	0.743011	0.0	0.49623999999999996	0.651216	-0.574163	0.0	-3.3412900000000003	0.06415459999999999	-2.80867	0.13560999999999998	0.233634	0.7276590000000001	-0.6449239999999999	0.0	0.332264	-0.6831	-0.650365	0.0	-0.913792	-0.062337699999999996	-0.40137	0.0	3.2145799999999998	2.69397	0.43959899999999996	0.356749	
0	-0.782412	0.396119	-0.48054300000000005	0.0	-0.0978042	0.683898	0.722992	0.0	0.6150329999999999	0.612677	-0.49634799999999996	0.0	-3.3301800000000004	0.14513900000000002	-2.54724	0.187885	0.246275	0.725493	-0.642658	0.0	0.327382	-0.686377	-0.6493899999999999	0.0	-0.912234	-0.0504659	-0.406551	0.0	3.22522	2.70075	0.440954	0.35655	
0	-0.7055239999999999	0.404781	-0.581711	0.0	-0.150045	0.716904	0.6808350000000001	0.0	0.69262	0.567628	-0.445058	0.0	-3.3431900000000003	0.203327	-2.3115900000000003	0.21666300000000002	0.258774	0.7200340000000001	-0.643885	0.0	0.318339	-0.692922	-0.646932	0.0	-0.911974	-0.0375643	-0.408525	0.0	3.23136	2.71355	0.438146	0.356593	
0	-0.690545	0.378425	-0.616394	0.0	-0.173727	0.740483	0.649234	0.0	0.7021149999999999	0.5554100000000001	-0.44559399999999993	0.0	-3.3658900000000003	0.20602199999999998	-2.036	0.218148	0.26792699999999997	0.714713	-0.646065	0.0	0.315017	-0.698711	-0.642314	0.0	-0.910483	-0.031427699999999996	-0.41235	0.0	3.2349200000000002	2.72397	0.431316	0.356175	
0	-0.6116779999999999	0.397806	-0.683813	0.0	-0.200337	0.758309	0.6203489999999999	0.0	0.76532	0.516447	-0.384146	0.0	-3.3722300000000005	0.27478	-1.58549	0.246863	0.27972600000000003	0.707576	-0.648914	0.0	0.306292	-0.7063470000000001	-0.638169	0.0	-0.909911	-0.020244799999999997	-0.41430900000000004	0.0	3.23631	2.73318	0.424454	0.35625500000000004	
0	-0.5172829999999999	0.316713	-0.795054	0.0	-0.27189800000000003	0.820051	0.503575	0.0	0.811474	0.47666499999999995	-0.33808499999999997	0.0	-3.41718	0.468156	-1.0783399999999999	0.273996	0.285884	0.7006399999999999	-0.653738	0.0	0.298721	-0.713377	-0.6339239999999999	0.0	-0.9105139999999999	-0.0140566	-0.41323999999999994	0.0	3.2366099999999998	2.73192	0.42074700000000004	0.356227	
0	-0.5170359999999999	0.300375	-0.801529	0.0	-0.278925	0.8261700000000001	0.489534	0.0	0.809243	0.47667299999999996	-0.343378	0.0	-3.4386300000000003	0.488833	-0.908616	0.27074499999999996	0.28770300000000004	0.699037	-0.654656	0.0	0.297854	-0.714967	-0.6325390000000001	0.0	-0.910225	-0.0130088	-0.413909	0.0	3.23427	2.74442	0.425663	0.356025	
0	-0.623436	0.343756	-0.702254	0.0	-0.22919099999999998	0.778366	0.584481	0.0	0.747529	0.5253359999999999	-0.406476	0.0	-3.5411699999999997	0.259727	-0.9062600000000001	0.23258099999999998	0.28834899999999997	0.697934	-0.655547	0.0	0.298609	-0.716029	-0.63098	0.0	-0.9097729999999999	-0.0138094	-0.414876	0.0	3.23368	2.75926	0.424153	0.356365	
0	-0.880502	0.324178	-0.345869	0.0	-0.019841	0.703774	0.710147	0.0	0.473627	0.6321479999999999	-0.613242	0.0	-3.7967699999999995	-0.05265269999999999	-1.22684	0.10393	0.292601	0.694962	-0.65682	0.0	0.29484899999999997	-0.7189840000000001	-0.629386	0.0	-0.9096420000000001	-0.00950354	-0.41528400000000004	0.0	3.23156	2.77866	0.417933	0.356437	
0	-0.90269	0.373625	-0.213439	0.0	0.07623830000000001	0.627059	0.7752319999999999	0.0	0.42348500000000006	0.6835220000000001	-0.5945239999999999	0.0	-3.89521	-0.11315599999999999	-1.35426	0.080657	0.296534	0.692857	-0.657279	0.0	0.291608	-0.721055	-0.628525	0.0	-0.9094129999999999	-0.00528863	-0.41586000000000006	0.0	3.2260400000000002	2.78913	0.413238	0.356535	
0	-0.8760870000000001	0.46743	0.11823900000000001	0.0	0.236765	0.203444	0.9500280000000001	0.0	0.420016	0.860302	-0.288906	0.0	-3.9141199999999996	-0.125059	-1.5764	0.11910899999999999	0.30277800000000005	0.68724	-0.660323	0.0	0.283451	-0.726426	-0.626067	0.0	-0.909935	0.00239027	-0.414745	0.0	3.20634	2.80477	0.397776	0.356482	
0	-0.8349780000000001	0.452269	0.31346999999999997	0.0	0.36898800000000004	0.037553699999999995	0.928675	0.0	0.40823899999999996	0.891091	-0.198239	0.0	-3.7525699999999995	-0.23648400000000003	-1.60614	0.321279	0.305272	0.681796	-0.6648029999999999	0.0	0.275055	-0.731503	-0.623898	0.0	-0.911676	0.00760126	-0.410839	0.0	3.1625099999999997	2.82096	0.398142	0.356617	
0	-0.8284969999999999	0.446438	0.338062	0.0	0.400411	0.0502355	0.9149579999999999	0.0	0.391489	0.8934040000000001	-0.220379	0.0	-3.75167	-0.270047	-1.92147	0.32059899999999997	0.304813	0.682628	-0.6641600000000001	0.0	0.273449	-0.7307100000000001	-0.6255310000000001	0.0	-0.9123129999999999	0.00905579	-0.409394	0.0	3.1328400000000003	2.8624400000000003	0.41350699999999996	0.356631	
0	-0.828081	0.41815699999999995	0.3734	0.0	0.43878500000000004	0.0688794	0.895948	0.0	0.348928	0.90576	-0.240519	0.0	-3.7006900000000003	-0.326577	-2.18483	0.321443	0.301991	0.685721	-0.6622600000000001	0.0	0.274534	-0.727821	-0.628417	0.0	-0.912926	0.00796354	-0.408049	0.0	3.12412	2.87364	0.420554	0.356682	
0	-0.818435	0.406828	0.405777	0.0	0.476571	0.086088	0.8749110000000001	0.0	0.321006	0.9094389999999999	-0.26434	0.0	-3.61933	-0.394039	-2.40758	0.319656	0.30025100000000005	0.6881470000000001	-0.660532	0.0	0.276687	-0.725543	-0.630105	0.0	-0.912849	0.0064292	-0.40824699999999997	0.0	3.12168	2.8731400000000002	0.421721	0.35678499999999996	
0	-0.803678	0.401117	0.43955200000000005	0.0	0.512509	0.09122910000000001	0.853822	0.0	0.30238200000000004	0.911473	-0.278895	0.0	-3.557	-0.42323500000000003	-2.52642	0.320062	0.297502	0.689018	-0.660868	0.0	0.279467	-0.724739	-0.6298020000000001	0.0	-0.912902	0.00267667	-0.408169	0.0	3.12555	2.86548	0.421716	0.35651	
0	-0.785801	0.39227	0.47816499999999995	0.0	0.546592	0.0786942	0.833693	0.0	0.289404	0.916478	-0.27625	0.0	-3.4908900000000003	-0.441485	-2.61688	0.320795	0.292473	0.6961149999999999	-0.655655	0.0	0.286877	-0.7179260000000001	-0.634259	0.0	-0.9122290000000001	-0.00258866	-0.409674	0.0	3.12891	2.85807	0.424676	0.35667	
0	-0.779546	0.380479	0.497537	0.0	0.563655	0.0797526	0.8221510000000001	0.0	0.273131	0.921344	-0.27663000000000004	0.0	-3.43899	-0.437924	-2.71602	0.321256	0.287812	0.703158	-0.65018	0.0	0.29468099999999997	-0.710991	-0.638478	0.0	-0.911223	-0.00783399	-0.411839	0.0	3.14744	2.8292900000000003	0.424388	0.356257	
0	-0.78641	0.389786	0.47919399999999995	0.0	0.549912	0.0884395	0.830527	0.0	0.281348	0.9166489999999999	-0.283898	0.0	-3.4364	-0.43656999999999996	-2.7993099999999997	0.319813	0.287952	0.7045319999999999	-0.648628	0.0	0.29326599999999997	-0.709649	-0.64062	0.0	-0.9116350000000001	-0.00575292	-0.41096000000000005	0.0	3.15834	2.81155	0.42103	0.356358	
0	-0.795702	0.428642	0.42793100000000006	0.0	0.49730100000000005	0.0590221	0.865568	0.0	0.345762	0.901545	-0.260129	0.0	-3.4579699999999995	-0.421426	-2.8022400000000003	0.31792800000000004	0.289038	0.70521	-0.647407	0.0	0.292596	-0.7089880000000001	-0.6416569999999999	0.0	-0.911507	-0.00396562	-0.41126599999999996	0.0	3.15849	2.80801	0.417286	0.356108	
0	-0.797199	0.453536	0.398472	0.0	0.461949	0.0333088	0.886281	0.0	0.388687	0.890616	-0.236064	0.0	-3.4914199999999997	-0.406951	-2.8002	0.317089	0.29047399999999995	0.703486	-0.6486390000000001	0.0	0.286003	-0.710708	-0.642726	0.0	-0.913142	0.00118276	-0.407641	0.0	3.14437	2.80438	0.41371199999999997	0.35634899999999997	
0	-0.79656	0.461696	0.39029400000000003	0.0	0.45028999999999997	0.022321599999999997	0.892603	0.0	0.40339899999999995	0.886758	-0.22567800000000002	0.0	-3.5273	-0.403504	-2.8044700000000002	0.317378	0.291545	0.704821	-0.646706	0.0	0.28506	-0.709376	-0.644613	0.0	-0.9130950000000001	0.0035840000000000004	-0.40773200000000004	0.0	3.1375	2.79936	0.404842	0.35635500000000003	
0	-0.7936949999999999	0.47798999999999997	0.376263	0.0	0.431447	0.00628537	0.902116	0.0	0.428838	0.878343	-0.211216	0.0	-3.5689300000000004	-0.41458500000000004	-2.83465	0.317429	0.294437	0.702859	-0.6475310000000001	0.0	0.28110300000000005	-0.711288	-0.644245	0.0	-0.913394	0.00766686	-0.407006	0.0	3.13496	2.7949599999999997	0.388862	0.35634699999999997	
0	-0.7922899999999999	0.484066	0.371425	0.0	0.424731	0.000522137	0.9053190000000001	0.0	0.43804	0.875031	-0.206012	0.0	-3.56066	-0.41755299999999995	-2.83727	0.317382	0.295559	0.701259	-0.648753	0.0	0.278943	-0.712847	-0.64346	0.0	-0.913694	0.00921533	-0.40629899999999997	0.0	3.13263	2.79805	0.386235	0.356296	
0	-0.789809	0.515382	0.332541	0.0	0.378614	-0.016883099999999998	0.925401	0.0	0.482549	0.8567950000000001	-0.181796	0.0	-3.5199800000000003	-0.40894899999999995	-2.78404	0.31392600000000004	0.296282	0.6975279999999999	-0.652435	0.0	0.277472	-0.7165060000000001	-0.640023	0.0	-0.913907	0.00859487	-0.405832	0.0	3.12566	2.8065700000000002	0.395859	0.356489	
0	-0.780222	0.55294	0.292425	0.0	0.31561100000000003	-0.0556206	0.947257	0.0	0.540041	0.831363	-0.131118	0.0	-3.5048	-0.373303	-2.75575	0.316813	0.295128	0.6974520000000001	-0.65304	0.0	0.277225	-0.716589	-0.640037	0.0	-0.9143549999999999	0.00785396	-0.40483600000000003	0.0	3.12247	2.80651	0.408379	0.356484	
0	-0.727846	0.6767770000000001	0.11051300000000001	0.0	0.0307937	-0.12873900000000002	0.9912	0.0	0.685049	0.7248439999999999	0.07286160000000001	0.0	-3.43935	-0.324271	-2.50656	0.321264	0.29422800000000005	0.702104	-0.6484439999999999	0.0	0.28471799999999997	-0.712062	-0.6417970000000001	0.0	-0.912341	0.00421047	-0.40941	0.0	3.12912	2.8100400000000003	0.400889	0.357423	
0	-0.6897949999999999	0.723657	-0.022454	0.0	-0.0807908	-0.0461164	0.995664	0.0	0.719483	0.6886180000000001	0.0902758	0.0	-3.495	-0.312359	-2.49832	0.288877	0.294621	0.7037800000000001	-0.6464449999999999	0.0	0.28473200000000004	-0.710396	-0.643634	0.0	-0.912209	0.00556451	-0.40968699999999997	0.0	3.13062	2.80398	0.39139	0.35784699999999997	
0	-0.6444840000000001	0.6975319999999999	-0.313193	0.0	0.0131963	0.41969399999999996	0.9075700000000001	0.0	0.764504	0.580781	-0.27969099999999997	0.0	-3.45376	0.034738	-2.5303400000000003	0.208997	0.23531100000000002	0.754369	-0.612827	0.0	0.34265500000000004	-0.6544369999999999	-0.674018	0.0	-0.9095139999999999	-0.051384400000000004	-0.41248500000000005	0.0	3.1289599999999997	2.7456	0.37291799999999997	0.358583	
0	-0.584834	0.732979	-0.347435	0.0	-0.015414700000000002	0.418202	0.908223	0.0	0.8110069999999999	0.536515	-0.23328000000000002	0.0	-3.4285699999999997	0.151576	-2.3958	0.228777	0.12346199999999999	0.820464	-0.558208	0.0	0.42380100000000004	-0.5522279999999999	-0.7179399999999999	0.0	-0.897301	-0.147931	-0.415893	0.0	3.10676	2.66111	0.37250500000000003	0.35902199999999995	
0	-0.534768	0.754666	-0.38013600000000003	0.0	-0.0475966	0.422249	0.90523	0.0	0.843658	0.502181	-0.189886	0.0	-3.3203699999999996	0.485599	-2.1206400000000003	0.251226	-0.225106	0.886976	-0.403237	0.0	0.5260020000000001	-0.23773899999999998	-0.8165789999999999	0.0	-0.820152	-0.395921	-0.41303500000000004	0.0	2.9969200000000003	2.27868	0.24195	0.35999899999999996	
0	-0.542502	0.782676	-0.30514	0.0	-0.0268276	0.346911	0.937514	0.0	0.839626	0.516789	-0.167202	0.0	-3.27386	0.573377	-2.0567599999999997	0.25288	-0.36491799999999996	0.8651399999999999	-0.344046	0.0	0.525856	-0.113425	-0.8429770000000001	0.0	-0.768317	-0.48853599999999997	-0.413549	0.0	2.94794	2.10946	0.173938	0.36088200000000004	
0	-0.532092	0.7922140000000001	-0.29879	0.0	-0.039183499999999996	0.329475	0.943351	0.0	0.8457790000000001	0.5136569999999999	-0.14427	0.0	-3.1611599999999997	0.786574	-1.80433	0.25726	-0.622147	0.7523529999999999	-0.21656	0.0	0.44783500000000004	0.115106	-0.886676	0.0	-0.642166	-0.648626	-0.408543	0.0	2.9523200000000003	1.71544	-0.0521919	0.360259	
0	-0.48600600000000005	0.801918	-0.347455	0.0	-0.07146720000000001	0.359768	0.930301	0.0	0.871029	0.476963	-0.11753800000000002	0.0	-3.10236	0.957097	-1.5412	0.271364	-0.633498	0.748215	-0.197114	0.0	0.41460600000000003	0.11316199999999998	-0.9029379999999999	0.0	-0.6532859999999999	-0.653734	-0.381903	0.0	2.91344	1.54051	-0.19264	0.360429	
0	-0.278061	0.7176680000000001	-0.638463	0.0	-0.168011	0.618092	0.767942	0.0	0.9457559999999999	0.320803	-0.051291199999999995	0.0	-3.03095	1.20749	-1.06914	0.29478899999999997	-0.49901	0.810193	-0.307533	0.0	0.43376000000000003	-0.073706	-0.8980090000000001	0.0	-0.7502270000000001	-0.581511	-0.31464899999999996	0.0	2.8496	1.41596	-0.274326	0.36029	
0	-0.167455	0.648849	-0.742263	0.0	-0.14869100000000002	0.7276590000000001	0.669629	0.0	0.9746030000000001	0.2225	-0.0253717	0.0	-3.00353	1.3291600000000001	-0.871193	0.305977	-0.369066	0.831285	-0.41563900000000004	0.0	0.44704499999999997	-0.23329699999999998	-0.863553	0.0	-0.814826	-0.504517	-0.28552	0.0	2.7900099999999997	1.41466	-0.299073	0.360371	
0	0.0075271999999999995	0.46290699999999996	-0.886375	0.0	-0.08943730000000001	0.883159	0.46046800000000004	0.0	0.995964	0.0758089	0.048048900000000005	0.0	-2.9321200000000003	1.62252	-0.44131000000000004	0.32668200000000003	-0.122951	0.776352	-0.6181909999999999	0.0	0.395756	-0.532888	-0.7479359999999999	0.0	-0.9100879999999999	-0.336613	-0.241727	0.0	2.55583	1.4444299999999999	-0.3043	0.359025	
0	0.0567556	0.41510600000000003	-0.9080010000000001	0.0	-0.0914592	0.907804	0.4093	0.0	0.99419	0.059815	0.0894883	0.0	-2.89368	1.74673	-0.229086	0.329889	-0.00710344	0.711723	-0.7024239999999999	0.0	0.312055	-0.665786	-0.677755	0.0	-0.9500379999999999	-0.224009	-0.217367	0.0	2.38961	1.46139	-0.29040900000000003	0.359065	
0	0.040849	0.43210299999999996	-0.900899	0.0	-0.129121	0.896374	0.42407799999999995	0.0	0.9907870000000001	0.09900160000000001	0.09240939999999999	0.0	-2.867	1.7687400000000002	-0.120895	0.325234	0.015318799999999999	0.687136	-0.726368	0.0	0.297819	-0.696616	-0.65271	0.0	-0.9545	-0.206327	-0.215313	0.0	2.18457	1.48349	-0.266293	0.358165	
0	-0.0442407	0.521253	-0.8522549999999999	0.0	-0.218543	0.8273780000000001	0.517383	0.0	0.974824	0.209144	0.07731239999999999	0.0	-2.82973	1.6744299999999999	-0.168006	0.315409	-0.0546519	0.707576	-0.704521	0.0	0.32508899999999996	-0.654524	-0.68258	0.0	-0.944103	-0.266336	-0.19425499999999998	0.0	2.06082	1.402	-0.28429	0.358133	
0	-0.310686	0.724188	-0.6156510000000001	0.0	-0.261855	0.557431	0.7878470000000001	0.0	0.913732	0.405984	0.016446900000000004	0.0	-2.7339	1.4724899999999999	-0.42023	0.251791	-0.21219899999999997	0.7459979999999999	-0.631236	0.0	0.375591	-0.534072	-0.757429	0.0	-0.902166	-0.397812	-0.16686099999999998	0.0	1.94544	1.18947	-0.36248800000000003	0.358067	
0	-0.523572	0.779221	-0.34451	0.0	-0.15137	0.31285100000000005	0.9376629999999999	0.0	0.838427	0.543082	-0.0458491	0.0	-2.66358	1.23831	-0.79362	0.21379499999999999	-0.431504	0.760646	-0.48499799999999993	0.0	0.39885	-0.321361	-0.8588629999999999	0.0	-0.80915	-0.564044	-0.164715	0.0	1.8346	0.9448629999999999	-0.48902799999999996	0.358336	
0	-0.659188	0.749517	-0.06079580000000001	0.0	-0.0812059	0.00942242	0.996653	0.0	0.747581	0.661918	0.0546538	0.0	-2.58765	1.02873	-1.19036	0.208731	-0.627959	0.706246	-0.326932	0.0	0.363139	-0.105646	-0.925726	0.0	-0.688329	-0.70004	-0.190124	0.0	1.8016900000000002	0.679369	-0.687763	0.357937	
0	-0.776551	0.5642699999999999	0.280301	0.0	0.17568699999999998	-0.23331	0.9564	0.0	0.605064	0.791938	0.0820418	0.0	-2.46062	0.789642	-1.4998	0.306774	-0.731893	0.643655	-0.22369899999999998	0.0	0.308446	0.0202055	-0.9510270000000001	0.0	-0.607613	-0.765049	-0.213321	0.0	1.79951	0.44419200000000003	-0.9394450000000001	0.358451	
0	-0.7922600000000001	0.461722	0.398921	0.0	0.356981	-0.17948499999999998	0.9167059999999999	0.0	0.494863	0.868676	-0.022627200000000004	0.0	-2.38571	0.680687	-1.83224	0.306223	-0.764433	0.618324	-0.182531	0.0	0.284066	0.0688793	-0.9563280000000001	0.0	-0.5787479999999999	-0.782899	-0.22829899999999997	0.0	1.80578	0.332575	-1.14405	0.358011	
0	-0.792535	0.429129	0.43328599999999995	0.0	0.40615999999999997	-0.158546	0.899943	0.0	0.454887	0.8892200000000001	-0.0486416	0.0	-2.34111	0.627598	-1.9681	0.305375	-0.768955	0.6151270000000001	-0.17415	0.0	0.281294	0.0809253	-0.956204	0.0	-0.5740930000000001	-0.7842640000000001	-0.23525900000000002	0.0	1.8027799999999998	0.315196	-1.21567	0.357639	
0	-0.789842	0.381033	0.48058599999999996	0.0	0.47415100000000004	-0.117653	0.872547	0.0	0.389011	0.9170450000000001	-0.08773989999999998	0.0	-2.3049	0.46343	-2.22701	0.306275	-0.776638	0.6101850000000001	-0.156552	0.0	0.26721100000000003	0.0940473	-0.959038	0.0	-0.5704670000000001	-0.7866569999999999	-0.236089	0.0	1.7635299999999998	0.296125	-1.36124	0.35772	
0	-0.7876310000000001	0.35831999999999997	0.501242	0.0	0.506524	-0.08663530000000001	0.8578629999999999	0.0	0.350815	0.9295700000000001	-0.11326099999999999	0.0	-2.31117	0.394086	-2.33645	0.30644899999999997	-0.780583	0.6068279999999999	-0.149837	0.0	0.26045300000000005	0.0978605	-0.960514	0.0	-0.568204	-0.788786	-0.234438	0.0	1.7325	0.281597	-1.34689	0.357824	
0	-0.77366	0.32955100000000004	0.541153	0.0	0.568531	-0.015940100000000002	0.822507	0.0	0.279684	0.944003	-0.175028	0.0	-2.32448	0.185074	-2.56072	0.307211	-0.7798	0.6089829999999999	-0.145092	0.0	0.254472	0.0965923	-0.9622440000000001	0.0	-0.571975	-0.78728	-0.230292	0.0	1.64723	0.276538	-1.3154700000000001	0.357556	
0	-0.768365	0.329879	0.5484479999999999	0.0	0.583313	0.00832385	0.8122050000000001	0.0	0.263364	0.9439860000000001	-0.198819	0.0	-2.346	0.096325	-2.63368	0.306442	-0.779808	0.608981	-0.145058	0.0	0.25438	0.09652430000000001	-0.962275	0.0	-0.572006	-0.7872899999999999	-0.230183	0.0	1.6241700000000001	0.27264099999999997	-1.30542	0.35738400000000003	
0	-0.7695960000000001	0.42618500000000004	0.475487	0.0	0.516945	-0.021262599999999996	0.8557549999999999	0.0	0.37482	0.904386	-0.203951	0.0	-2.42942	-0.0889158	-2.64074	0.304267	-0.7799470000000001	0.608883	-0.144724	0.0	0.249752	0.0907781	-0.964045	0.0	-0.573853	-0.788049	-0.222872	0.0	1.60563	0.25800300000000004	-1.27115	0.35740900000000003	
0	-0.773524	0.536737	0.337008	0.0	0.353118	-0.07656439999999999	0.932441	0.0	0.526278	0.840269	-0.13030799999999998	0.0	-2.49112	-0.185772	-2.55209	0.301873	-0.7763939999999999	0.611942	-0.150801	0.0	0.251784	0.08181039999999999	-0.964319	0.0	-0.57777	-0.78666	-0.21759499999999998	0.0	1.60402	0.253229	-1.26236	0.35743	
0	-0.760182	0.609719	0.224425	0.0	0.20238299999999998	-0.106018	0.973551	0.0	0.617386	0.7854949999999999	-0.042804400000000006	0.0	-2.51286	-0.214454	-2.4698900000000004	0.298572	-0.767659	0.620185	-0.161465	0.0	0.258033	0.06848939999999999	-0.963706	0.0	-0.586617	-0.78146	-0.21260500000000002	0.0	1.60873	0.25213	-1.25559	0.35764	
0	-0.649354	0.649946	-0.394854	0.0	-0.0569026	0.476232	0.877476	0.0	0.758354	0.5922609999999999	-0.27226	0.0	-2.66437	-0.119122	-2.47887	0.200159	-0.733625	0.646683	-0.20879299999999998	0.0	0.28734699999999996	0.0167761	-0.95768	0.0	-0.615813	-0.762574	-0.19813	0.0	1.6286200000000002	0.26079	-1.25191	0.357887	
0	-0.500714	0.592079	-0.6314489999999999	0.0	-0.184389	0.639784	0.746108	0.0	0.8457459999999999	0.490019	-0.211177	0.0	-2.73945	-0.07926	-2.37241	0.223456	-0.665702	0.6840069999999999	-0.298288	0.0	0.335671	-0.0825193	-0.938358	0.0	-0.666458	-0.724793	-0.17466800000000002	0.0	1.65173	0.277211	-1.23631	0.358174	
0	-0.398867	0.556218	-0.729059	0.0	-0.24917899999999998	0.699385	0.6699039999999999	0.0	0.8825049999999999	0.44886800000000004	-0.14036400000000002	0.0	-2.78133	-0.0575857	-2.3086	0.23418899999999998	-0.581828	0.711245	-0.39447	0.0	0.37955700000000003	-0.19150999999999999	-0.9051299999999999	0.0	-0.7193149999999999	-0.676354	-0.158532	0.0	1.67545	0.308298	-1.22695	0.358507	
0	-0.160774	0.453374	-0.8767	0.0	-0.30703400000000003	0.82121	0.480983	0.0	0.9380200000000001	0.346506	0.00717241	0.0	-2.82234	0.14191099999999998	-2.01714	0.283765	-0.30803200000000003	0.6975180000000001	-0.646982	0.0	0.42558100000000004	-0.507189	-0.7494270000000001	0.0	-0.850881	-0.5061899999999999	-0.14062	0.0	1.70785	0.5613229999999999	-1.18459	0.359468	
0	-0.0755169	0.418325	-0.9051530000000001	0.0	-0.241581	0.873026	0.42363199999999995	0.0	0.9674379999999999	0.250659	0.035131	0.0	-2.7360599999999997	0.49150200000000005	-1.58381	0.31050700000000003	-0.10666800000000001	0.6155649999999999	-0.780834	0.0	0.360849	-0.707806	-0.6072890000000001	0.0	-0.9265040000000001	-0.346541	-0.146626	0.0	1.7844	0.8768309999999999	-1.07076	0.360546	
0	-0.06914429999999999	0.42333699999999996	-0.90333	0.0	-0.20214100000000002	0.880768	0.428237	0.0	0.9769129999999999	0.212211	0.024673900000000002	0.0	-2.69515	0.743145	-1.3094700000000001	0.323196	-0.0138149	0.5456270000000001	-0.8379139999999999	0.0	0.304406	-0.795922	-0.523302	0.0	-0.952442	-0.262295	-0.155096	0.0	1.83597	1.0828200000000001	-0.96567	0.360721	
0	-0.0279758	0.400816	-0.915731	0.0	-0.06870180000000001	0.9131530000000001	0.401787	0.0	0.997245	0.07415269999999999	0.00199068	0.0	-2.72087	1.33061	-0.610946	0.347535	0.10787999999999999	0.42777	-0.8974270000000001	0.0	0.182197	-0.895913	-0.405146	0.0	-0.977326	-0.11980199999999999	-0.17459000000000002	0.0	2.03378	1.52829	-0.591529	0.359559	
0	0.00854462	0.377715	-0.925883	0.0	-0.020560299999999997	0.925787	0.377486	0.0	0.9997520000000001	0.0158109	0.0156764	0.0	-2.75897	1.54788	-0.310529	0.35529	0.137478	0.39235	-0.909484	0.0	0.132141	-0.9172600000000001	-0.37573	0.0	-0.981651	-0.06852589999999999	-0.177948	0.0	2.11875	1.68396	-0.394367	0.359363	
0	0.121501	0.298678	-0.9465879999999999	0.0	0.019061599999999998	0.952775	0.303077	0.0	0.992408	-0.054867700000000005	0.11007	0.0	-2.90758	1.8716700000000002	0.24910300000000002	0.35880500000000004	0.190667	0.274113	-0.942607	0.0	0.03744190000000001	-0.9615540000000001	-0.272049	0.0	-0.9809399999999999	0.016577900000000003	-0.1936	0.0	2.34429	1.91136	0.0441957	0.358625	
0	0.10840899999999999	0.25493899999999997	-0.9608610000000001	0.0	0.0138509	0.966076	0.257885	0.0	0.9940100000000001	-0.041266000000000004	0.101201	0.0	-2.97281	2.1010400000000002	0.733612	0.32325	0.18323499999999998	0.23641900000000002	-0.954217	0.0	0.0164524	-0.971253	-0.237481	0.0	-0.9829319999999999	0.027815499999999996	-0.181857	0.0	2.50532	2.04472	0.539654	0.324376	
0	0.124898	0.42398	-0.897018	0.0	0.010115899999999999	0.9035059999999999	0.42845600000000006	0.0	0.992118	-0.0625872	0.10855699999999999	0.0	-2.9618700000000002	2.30043	1.32154	-0.000690497	0.224726	0.25659899999999997	-0.9400290000000001	0.0	-0.051392499999999994	-0.960241	-0.274402	0.0	-0.973066	0.109976	-0.202604	0.0	2.63515	2.21814	1.08825	-0.00048828099999999997	
0	0.10694300000000001	0.484809	-0.868057	0.0	-0.06160499999999999	0.874617	0.48088400000000003	0.0	0.9923549999999999	0.00204936	0.123401	0.0	-2.92624	2.34238	1.57628	0.0	0.22475799999999999	0.284792	-0.931868	0.0	-0.0323188	-0.9536309999999999	-0.299238	0.0	-0.973879	0.0973731	-0.205132	0.0	2.7617599999999998	2.23486	1.3491600000000001	0.0	
0	0.09784910000000001	0.515941	-0.851017	0.0	-0.0786145	0.856456	0.510199	0.0	0.992091	0.0169797	0.12436400000000002	0.0	-2.86007	2.3828099999999997	1.73117	0.0	0.254927	0.364471	-0.895641	0.0	0.0178706	-0.927861	-0.37249699999999997	0.0	-0.9667950000000001	0.078954	-0.24305100000000002	0.0	2.79563	2.24149	1.50891	0.0	
0	0.0953487	0.5324760000000001	-0.841058	0.0	-0.128122	0.8444440000000001	0.520095	0.0	0.9871639999999999	0.0581677	0.148739	0.0	-2.88041	2.35908	1.78372	0.058973000000000005	0.26122	0.41164300000000004	-0.8731059999999999	0.0	0.0338255	-0.90786	-0.417908	0.0	-0.964686	0.0796327	-0.251075	0.0	2.85585	2.2420299999999997	1.56714	0.0	
0	0.00748606	0.57348	-0.819186	0.0	-0.19777999999999998	0.803874	0.560954	0.0	0.980218	0.15781900000000001	0.11944	0.0	-2.8871	2.31862	1.72577	0.338418	0.23560599999999998	0.430104	-0.8714930000000001	0.0	0.0792333	-0.9022530000000001	-0.423864	0.0	-0.968614	0.0308138	-0.246655	0.0	2.90383	2.23327	1.62265	0.230254	
0	-0.0581519	0.639229	-0.7668149999999999	0.0	-0.239911	0.7366560000000001	0.632282	0.0	0.969052	0.22073600000000002	0.11052000000000001	0.0	-2.82418	2.2560700000000002	1.65976	0.310488	0.22062199999999998	0.43982899999999997	-0.870561	0.0	0.0653262	-0.8972129999999999	-0.43673900000000004	0.0	-0.9731690000000001	0.0394837	-0.226677	0.0	2.83399	2.17982	1.6604700000000001	0.00054121	
0	-0.14964	0.668438	-0.7285590000000001	0.0	-0.21567399999999998	0.697045	0.683822	0.0	0.964931	0.259459	0.0398586	0.0	-2.77873	2.06855	1.59455	-0.0005197530000000001	0.186839	0.471746	-0.861711	0.0	0.0948522	-0.8817219999999999	-0.462135	0.0	-0.977801	0.004609899999999999	-0.20948699999999998	0.0	2.83802	2.10356	1.74689	0.0	
0	-0.15266	0.6738970000000001	-0.722882	0.0	-0.241382	0.6838770000000001	0.688511	0.0	0.958347	0.279599	0.058265599999999994	0.0	-2.77284	1.8979400000000002	1.47119	0.0	0.180372	0.487331	-0.8543860000000001	0.0	0.100713	-0.873218	-0.47681	0.0	-0.9784290000000001	-4.46588e-05	-0.206585	0.0	2.8063	2.06877	1.72187	0.0	
0	-0.132351	0.675408	-0.725471	0.0	-0.200678	0.698494	0.6869029999999999	0.0	0.970676	0.236498	0.043093400000000004	0.0	-2.68335	1.9316900000000001	1.45442	0.0	0.181028	0.505745	-0.843476	0.0	0.10401700000000001	-0.8626809999999999	-0.494936	0.0	-0.9779620000000001	0.00186148	-0.20877600000000002	0.0	2.8197799999999997	2.0991299999999997	1.69081	0.198435	
0	-0.08648	0.658352	-0.747725	0.0	-0.125723	0.737325	0.663736	0.0	0.988289	0.15140599999999999	0.019006099999999998	0.0	-2.42671	2.0434900000000003	1.4234200000000001	0.0	0.17031400000000002	0.509288	-0.843575	0.0	0.0596909	-0.859843	-0.507058	0.0	-0.9835799999999999	0.0360055	-0.176844	0.0	2.6604900000000002	2.09939	1.61501	0.23007600000000003	
0	0.05847080000000001	0.530315	-0.8457819999999999	0.0	-0.0381071	0.8478	0.528946	0.0	0.9975620000000001	0.00130233	0.0697803	0.0	-2.21735	2.1528099999999997	1.38865	0.166738	0.18551600000000001	0.517	-0.835641	0.0	0.027547000000000002	-0.8528049999999999	-0.5215029999999999	0.0	-0.9822549999999999	0.0737276	-0.172451	0.0	2.55398	2.12213	1.52663	0.22895	
0	0.10212	0.44851599999999997	-0.887922	0.0	0.0503529	0.8891129999999999	0.454909	0.0	0.993497	-0.09116460000000001	0.0682118	0.0	-1.9751900000000002	2.33735	1.39447	0.2371	0.182921	0.505206	-0.84339	0.0	0.0390903	-0.860923	-0.507231	0.0	-0.98235	0.05981469999999999	-0.177229	0.0	2.48575	2.13139	1.43477	0.284968	
0	0.0610924	0.458929	-0.8863700000000001	0.0	0.0371786	0.886366	0.46148999999999996	0.0	0.997439	-0.0611475	0.0370879	0.0	-1.84906	2.4149700000000003	1.40401	0.263783	0.143121	0.5254770000000001	-0.838684	0.0	0.063275	-0.850532	-0.5221020000000001	0.0	-0.9876799999999999	0.0216562	-0.154979	0.0	2.40371	2.10881	1.38699	0.30795900000000004	
0	0.065118	0.458795	-0.8861530000000001	0.0	0.0624936	0.8844190000000001	0.46248999999999996	0.0	0.995919	-0.0854953	0.0289198	0.0	-1.8069099999999998	2.4498900000000003	1.44318	0.259895	0.0995901	0.571574	-0.814485	0.0	0.0760943	-0.8205319999999999	-0.566513	0.0	-0.992115	-0.00555849	-0.125211	0.0	2.35555	2.07878	1.3916	0.304715	
0	0.0545971	0.605613	-0.793884	0.0	0.043479500000000004	0.792874	0.6078319999999999	0.0	0.997561	-0.0677036	0.0169569	0.0	-1.7351400000000001	2.5494	1.45797	0.325612	0.07214730000000001	0.643072	-0.7624	0.0	0.079417	-0.7656689999999999	-0.638314	0.0	-0.9942270000000001	-0.014494899999999998	-0.10631199999999999	0.0	2.28598	2.06872	1.37932	0.302415	
0	0.0801927	0.683479	-0.7255520000000001	0.0	0.041492900000000006	0.7249770000000001	0.687523	0.0	0.995916	-0.08523969999999999	0.0297783	0.0	-1.7002700000000002	2.5672	1.46129	0.335904	0.0729408	0.6603399999999999	-0.747416	0.0	0.059353199999999995	-0.750959	-0.6576770000000001	0.0	-0.995569	0.00361001	-0.09396900000000001	0.0	2.25115	2.06708	1.36725	0.30148800000000003	
0	0.07324030000000001	0.739324	-0.6693560000000001	0.0	0.0587565	0.6667930000000001	0.742923	0.0	0.995582	-0.09374099999999999	0.00539607	0.0	-1.6733200000000001	2.5832200000000003	1.43363	0.332458	0.0753732	0.662049	-0.745661	0.0	0.0416009	-0.749225	-0.661008	0.0	-0.996287	0.0188021	-0.0840135	0.0	2.19225	2.07558	1.36178	0.308963	
0	-0.0193041	0.8417629999999999	-0.539501	0.0	0.0194973	0.539816	0.841557	0.0	0.999624	0.0057266999999999995	-0.026832799999999997	0.0	-1.6244399999999999	2.54582	1.22314	0.319395	0.034158600000000004	0.659902	-0.750575	0.0	0.07968410000000001	-0.75042	-0.65614	0.0	-0.996235	-0.037396	-0.078217	0.0	2.0927	2.049	1.29226	0.327945	
0	-0.124628	0.8708030000000001	-0.47557299999999997	0.0	-0.045074800000000005	0.473846	0.879453	0.0	0.991179	0.13104100000000002	-0.0198033	0.0	-1.62079	2.4009400000000003	1.02934	0.306266	0.0144466	0.655293	-0.755236	0.0	0.102325	-0.752319	-0.650804	0.0	-0.9946459999999999	-0.0678773	-0.07792110000000001	0.0	2.06494	1.99063	1.22595	0.34313899999999997	
0	-0.275977	0.877648	-0.391882	0.0	-0.14799	0.364054	0.9195450000000001	0.0	0.9497030000000001	0.311768	0.0294127	0.0	-1.65257	2.01215	0.629741	0.275454	-0.031871	0.647026	-0.7618020000000001	0.0	0.150582	-0.7503810000000001	-0.643625	0.0	-0.988084	-0.13522699999999999	-0.0735154	0.0	1.98835	1.80155	1.08267	0.35765399999999997	
0	-0.30854000000000004	0.8698469999999999	-0.384927	0.0	-0.171261	0.347258	0.921999	0.0	0.935667	0.35039699999999996	0.0418276	0.0	-1.6309200000000001	1.7981200000000002	0.465735	0.26899999999999996	-0.0432463	0.614449	-0.78777	0.0	0.16306800000000002	-0.773593	-0.6123430000000001	0.0	-0.985667	-0.154942	-0.0667422	0.0	1.9316799999999998	1.6353600000000001	0.9450719999999999	0.35631599999999997	
0	-0.344769	0.856461	-0.38419899999999996	0.0	-0.18337799999999999	0.339955	0.9223899999999999	0.0	0.920601	0.388465	0.0398501	0.0	-1.60455	1.661	0.394865	0.25977	-0.0557096	0.6099289999999999	-0.790496	0.0	0.171356	-0.774138	-0.609384	0.0	-0.983633	-0.169404	-0.061388099999999994	0.0	1.9086900000000002	1.56903	0.888747	0.356703	
0	-0.45134799999999997	0.822206	-0.34679	0.0	-0.212592	0.278361	0.9366540000000001	0.0	0.866655	0.49648100000000006	0.0491564	0.0	-1.59	1.32718	0.23647100000000001	0.23324499999999998	-0.0830202	0.603201	-0.793257	0.0	0.196139	-0.770544	-0.6064579999999999	0.0	-0.9770549999999999	-0.20593699999999998	-0.054340999999999993	0.0	1.84907	1.39204	0.74754	0.356423	
0	-0.46557200000000004	0.816984	-0.340264	0.0	-0.193823	0.281015	0.9399270000000001	0.0	0.863525	0.503555	0.0275178	0.0	-1.6100299999999999	1.24253	0.23916199999999999	0.230884	-0.10573699999999998	0.598223	-0.794323	0.0	0.205645	-0.768378	-0.606058	0.0	-0.9728979999999999	-0.227431	-0.041776	0.0	1.82917	1.3235700000000001	0.704257	0.35622800000000004	
