0	-0.25199099999999997	0.6845180000000001	-0.6840579999999999	0.0	-0.101542	0.684264	0.72213	0.0	0.9623870000000001	0.251431	-0.102921	0.0	-2.7598700000000003	2.1926900000000002	1.39588	0.0	0.15576700000000002	0.882353	-0.444061	0.0	0.122298	-0.463316	-0.877714	0.0	-0.980194	0.082411	-0.180079	0.0	2.6941900000000003	2.12375	1.39665	0.000504421	
0	-0.270977	0.66868	-0.692415	0.0	-0.0960368	0.696958	0.7106520000000001	0.0	0.9577829999999999	0.25906799999999996	-0.124642	0.0	-2.75146	2.30565	1.3643299999999998	0.0	0.261164	0.831131	-0.490932	0.0	0.13176400000000002	-0.534517	-0.834824	0.0	-0.956259	0.153339	-0.24910900000000002	0.0	2.69176	2.24674	1.23985	0.0	
0	-0.317311	0.64404	-0.696079	0.0	-0.09811399999999999	0.707777	0.699589	0.0	0.943232	0.290283	-0.161396	0.0	-2.7644900000000003	2.60527	1.2514100000000001	0.149003	0.27215100000000003	0.855253	-0.44099399999999994	0.0	0.22145	-0.501659	-0.836241	0.0	-0.936426	0.12992599999999999	-0.325924	0.0	2.81287	2.3999	0.899191	0.363352	
0	-0.443485	0.676093	-0.5884050000000001	0.0	-0.0580817	0.633436	0.771612	0.0	0.8943979999999999	0.376374	-0.24165100000000003	0.0	-2.74791	2.8915599999999997	0.9762850000000001	0.331963	0.233078	0.8424959999999999	-0.48567	0.0	0.21384899999999998	-0.531605	-0.819551	0.0	-0.9486540000000001	0.0871591	-0.30407199999999995	0.0	2.75034	2.29129	0.829216	0.0285959	
0	-0.505501	0.614831	-0.605353	0.0	-0.06582180000000001	0.67207	0.737557	0.0	0.8603120000000001	0.412681	-0.299263	0.0	-2.7785	3.06897	0.713156	0.321896	0.233948	0.834318	-0.49918199999999996	0.0	0.186579	-0.5424140000000001	-0.819131	0.0	-0.9541790000000001	0.0984977	-0.282563	0.0	2.81312	2.2376400000000003	0.754326	0.0	
0	-0.478825	0.6103029999999999	-0.631076	0.0	-0.128448	0.6624	0.738056	0.0	0.8684629999999999	0.43446	-0.238781	0.0	-2.86717	3.07816	0.661726	-0.00454453	0.24726900000000002	0.82921	-0.501268	0.0	0.18723299999999998	-0.5484720000000001	-0.814937	0.0	-0.950685	0.107655	-0.290876	0.0	2.84309	2.23392	0.652084	0.05935990000000001	
0	-0.466271	0.601186	-0.6489739999999999	0.0	-0.133398	0.67743	0.72339	0.0	0.874526	0.423868	-0.23566900000000002	0.0	-2.95033	3.1019099999999997	0.64276	0.0	0.190753	0.832239	-0.520568	0.0	0.220848	-0.553095	-0.803313	0.0	-0.956472	0.0382679	-0.28930300000000003	0.0	2.88542	2.17435	0.6084649999999999	0.0804859	
0	-0.260761	0.794313	-0.5486989999999999	0.0	0.044774699999999994	0.577701	0.81502	0.0	0.9643649999999999	0.187958	-0.18620699999999998	0.0	-3.0055099999999997	2.94057	0.712368	-0.00034526699999999996	0.08628469999999999	0.85165	-0.5169600000000001	0.0	0.279451	-0.518753	-0.807962	0.0	-0.956275	-0.07475	-0.28275500000000003	0.0	2.90223	2.01195	0.607158	0.071306	
0	0.185104	0.9150389999999999	-0.35838400000000004	0.0	0.237508	0.31222	0.919842	0.0	0.953586	-0.255386	-0.15953599999999998	0.0	-2.91103	2.5728	0.850617	0.0	-0.012955000000000001	0.86908	-0.494501	0.0	0.344958	-0.460297	-0.818004	0.0	-0.9385290000000001	-0.18118	-0.293833	0.0	2.9352	1.8074599999999998	0.589095	0.0718705	
0	0.485328	0.817973	-0.308832	0.0	0.308807	0.17009200000000002	0.935792	0.0	0.817982	-0.549535	-0.170045	0.0	-2.8822	2.1290299999999998	0.806175	-0.000109739	-0.0954317	0.87541	-0.473868	0.0	0.409412	-0.39939600000000003	-0.820284	0.0	-0.9073450000000001	-0.27228800000000003	-0.320288	0.0	2.96085	1.65683	0.532384	0.0766072	
0	0.666395	0.6886909999999999	-0.285697	0.0	0.305728	0.097088	0.947156	0.0	0.6800350000000001	-0.718526	-0.145853	0.0	-2.96673	1.55351	0.436809	0.0	-0.120236	0.879151	-0.46112700000000006	0.0	0.426925	-0.37356100000000003	-0.823521	0.0	-0.896258	-0.295883	-0.330416	0.0	3.00821	1.49521	0.436832	0.08126989999999999	
0	0.709145	0.630161	-0.316243	0.0	0.300228	0.135948	0.9441299999999999	0.0	0.637947	-0.76447	-0.09278510000000001	0.0	-2.9529099999999997	1.1808	0.0856812	0.0	-0.131774	0.883215	-0.450074	0.0	0.429576	-0.358306	-0.8289040000000001	0.0	-0.893365	-0.30256900000000003	-0.332192	0.0	2.971	1.4663899999999999	0.41151400000000005	0.09192789999999999	
0	0.756405	0.544567	-0.36235100000000003	0.0	0.368684	0.10263399999999999	0.9238709999999999	0.0	0.540299	-0.832414	-0.12314000000000001	0.0	-2.97306	0.89269	-0.380474	0.0596884	-0.137415	0.884754	-0.445341	0.0	0.433304	-0.35061	-0.830253	0.0	-0.89071	-0.307057	-0.335188	0.0	2.93906	1.45061	0.38354	0.0925525	
0	0.794922	0.5004529999999999	-0.342995	0.0	0.37206500000000003	0.0444439	0.927142	0.0	0.479235	-0.8646219999999999	-0.150871	0.0	-3.00575	0.715011	-0.843476	0.195913	-0.14258900000000002	0.887179	-0.438841	0.0	0.439033	-0.340677	-0.8313780000000001	0.0	-0.887084	-0.311211	-0.340924	0.0	2.94718	1.44935	0.357766	0.0954798	
0	0.829924	0.48648800000000003	-0.273048	0.0	0.304253	0.015541999999999999	0.952464	0.0	0.467607	-0.873549	-0.13511700000000001	0.0	-2.97913	0.593751	-1.1756799999999998	0.262876	-0.14800000000000002	0.894058	-0.422795	0.0	0.455531	-0.317828	-0.831551	0.0	-0.8778309999999999	-0.315666	-0.36023299999999997	0.0	2.9607200000000002	1.45613	0.336434	0.149559	
0	0.871994	0.44318599999999997	-0.20787399999999998	0.0	0.23113000000000003	0.00158303	0.972922	0.0	0.431515	-0.8964280000000001	-0.101053	0.0	-2.87805	0.40013899999999997	-1.47075	0.280685	-0.14879	0.8948510000000001	-0.420836	0.0	0.457963	-0.314828	-0.831356	0.0	-0.876431	-0.316425	-0.362965	0.0	2.97209	1.45307	0.299143	0.203011	
0	0.900308	0.396995	-0.178438	0.0	0.185473	0.020955	0.982426	0.0	0.393757	-0.917582	-0.054765999999999995	0.0	-2.79866	0.151252	-1.71606	0.282131	-0.14768	0.896494	-0.41771899999999995	0.0	0.459654	-0.311754	-0.8315809999999999	0.0	-0.875733	-0.314814	-0.36603800000000003	0.0	2.97102	1.45969	0.298626	0.21776900000000002	
0	0.924681	0.356006	-0.134999	0.0	0.125309	0.05025569999999999	0.9908440000000001	0.0	0.359531	-0.9331309999999999	0.00185953	0.0	-2.7621700000000002	-0.0933928	-1.83398	0.30525	-0.146303	0.896551	-0.41808100000000004	0.0	0.45796400000000004	-0.313228	-0.83196	0.0	-0.876849	-0.313184	-0.364762	0.0	2.96621	1.4613	0.31561500000000003	0.21806599999999998	
0	0.9303969999999999	0.34763	-0.116252	0.0	0.0971081	0.07205779999999999	0.992662	0.0	0.353456	-0.934859	0.0332846	0.0	-2.70982	-0.296322	-1.8839400000000002	0.31958000000000003	-0.14163199999999998	0.896332	-0.42015399999999997	0.0	0.457603	-0.31708200000000003	-0.8306979999999999	0.0	-0.8778040000000001	-0.309917	-0.36525599999999997	0.0	2.9466799999999997	1.47159	0.336814	0.219304	
0	0.9401799999999999	0.329406	-0.0869062	0.0	0.0572308	0.0987564	0.9934649999999999	0.0	0.335836	-0.939009	0.0739966	0.0	-2.6726900000000002	-0.452542	-1.9036799999999998	0.324718	-0.134983	0.8946299999999999	-0.42593000000000003	0.0	0.44864899999999996	-0.32809	-0.831307	0.0	-0.8834559999999999	-0.303305	-0.357089	0.0	2.93148	1.48019	0.35103	0.22515500000000002	
0	0.944448	0.319865	-0.0755307	0.0	0.0416874	0.11136900000000001	0.9929040000000001	0.0	0.326007	-0.940895	0.09184830000000001	0.0	-2.66206	-0.549888	-1.85536	0.327877	-0.131911	0.8932610000000001	-0.429749	0.0	0.44455100000000003	-0.334185	-0.831081	0.0	-0.8859879999999999	-0.300674	-0.353018	0.0	2.9044	1.49511	0.365346	0.23101999999999998	
0	0.945833	0.316318	-0.07309439999999999	0.0	0.040431199999999994	0.108627	0.99326	0.0	0.322126	-0.942414	0.08995360000000001	0.0	-2.6553299999999997	-0.5675479999999999	-1.8586799999999999	0.327721	-0.13311099999999998	0.8934780000000001	-0.42892700000000006	0.0	0.445276	-0.332729	-0.831276	0.0	-0.885444	-0.301643	-0.353555	0.0	2.89445	1.50911	0.373896	0.2321	
0	0.946099	0.315425	-0.0735137	0.0	0.0385926	0.11557	0.992549	0.0	0.321571	-0.941887	0.0971673	0.0	-2.65318	-0.580054	-1.85948	0.327133	-0.135218	0.8933989999999999	-0.428432	0.0	0.44726000000000005	-0.330805	-0.8309799999999999	0.0	-0.884124	-0.30398400000000003	-0.354851	0.0	2.89373	1.5098799999999999	0.37506999999999996	0.235276	
0	0.945525	0.317671	-0.0711914	0.0	0.036581	0.113621	0.992851	0.0	0.323488	-0.941369	0.09581110000000001	0.0	-2.64942	-0.569218	-1.90629	0.326552	-0.135533	0.8928360000000001	-0.42950600000000005	0.0	0.449053	-0.331067	-0.829907	0.0	-0.883166	-0.30535100000000004	-0.35606	0.0	2.89564	1.51768	0.377184	0.23508600000000002	
0	0.9453309999999999	0.318252	-0.07117530000000001	0.0	0.0363218	0.11414400000000001	0.9928	0.0	0.324085	-0.941109	0.0963447	0.0	-2.65255	-0.566611	-1.9237900000000001	0.325619	-0.134972	0.893684	-0.427915	0.0	0.450358	-0.329349	-0.8298840000000001	0.0	-0.8825870000000001	-0.304725	-0.358025	0.0	2.89711	1.52213	0.37648899999999996	0.235079	
0	0.945332	0.31825	-0.0711681	0.0	0.036313099999999994	0.114148	0.9928	0.0	0.324083	-0.941109	0.0963512	0.0	-2.6524099999999997	-0.566607	-1.9234799999999999	0.32562199999999997	-0.13498800000000002	0.893692	-0.42789399999999994	0.0	0.45035200000000003	-0.329326	-0.829896	0.0	-0.8825879999999999	-0.30472899999999997	-0.358021	0.0	2.89709	1.52201	0.376475	0.235079	
0	0.945332	0.31825	-0.071168	0.0	0.036313099999999994	0.114148	0.9928	0.0	0.324083	-0.941109	0.0963512	0.0	-2.6524099999999997	-0.566608	-1.9234799999999999	0.32562199999999997	-0.13498800000000002	0.893692	-0.42789399999999994	0.0	0.45035200000000003	-0.329325	-0.829896	0.0	-0.8825879999999999	-0.30472899999999997	-0.358021	0.0	2.89709	1.52201	0.376475	0.235079	
0	0.945332	0.31825	-0.071168	0.0	0.036313099999999994	0.114148	0.9928	0.0	0.324083	-0.941109	0.0963512	0.0	-2.6524099999999997	-0.566608	-1.9234799999999999	0.32562199999999997	-0.13498800000000002	0.893692	-0.42789399999999994	0.0	0.45035200000000003	-0.329325	-0.829896	0.0	-0.8825879999999999	-0.30472899999999997	-0.358021	0.0	2.89709	1.52201	0.376475	0.235079	
0	0.945332	0.31825	-0.071168	0.0	0.036313099999999994	0.114148	0.9928	0.0	0.324083	-0.941109	0.0963512	0.0	-2.6524099999999997	-0.566608	-1.9234799999999999	0.32562199999999997	-0.13498800000000002	0.893692	-0.42789399999999994	0.0	0.45035200000000003	-0.329325	-0.829896	0.0	-0.8825879999999999	-0.30472899999999997	-0.358021	0.0	2.89709	1.52201	0.376475	0.235079	
0	0.945332	0.31825	-0.071168	0.0	0.036313099999999994	0.114148	0.9928	0.0	0.324083	-0.941109	0.0963512	0.0	-2.6524099999999997	-0.566608	-1.9234799999999999	0.32562199999999997	-0.13498800000000002	0.893692	-0.42789399999999994	0.0	0.45035200000000003	-0.329325	-0.829896	0.0	-0.8825879999999999	-0.30472899999999997	-0.358021	0.0	2.89709	1.52201	0.376475	0.23508	
0	0.945332	0.31825	-0.071168	0.0	0.036313099999999994	0.114148	0.9928	0.0	0.324083	-0.941109	0.0963512	0.0	-2.6524099999999997	-0.566608	-1.9234799999999999	0.32562199999999997	-0.13498800000000002	0.893692	-0.42789399999999994	0.0	0.45035200000000003	-0.329326	-0.829896	0.0	-0.8825879999999999	-0.30472899999999997	-0.358021	0.0	2.89709	1.52201	0.376475	0.235079	
0	0.945332	0.31825	-0.071168	0.0	0.036313099999999994	0.114148	0.9928	0.0	0.324083	-0.941109	0.0963512	0.0	-2.6524099999999997	-0.566608	-1.9234799999999999	0.32562199999999997	-0.13498800000000002	0.893692	-0.42789399999999994	0.0	0.45035200000000003	-0.329325	-0.829896	0.0	-0.8825879999999999	-0.30472899999999997	-0.358021	0.0	2.89709	1.52201	0.376475	0.235079	
0	0.945332	0.31825	-0.071168	0.0	0.036313099999999994	0.114148	0.9928	0.0	0.324083	-0.941109	0.0963512	0.0	-2.6524099999999997	-0.566608	-1.9234799999999999	0.32562199999999997	-0.13498800000000002	0.893692	-0.42789399999999994	0.0	0.45035200000000003	-0.329326	-0.829896	0.0	-0.8825879999999999	-0.30472899999999997	-0.358021	0.0	2.89709	1.52201	0.376475	0.235079	
0	0.945332	0.31825	-0.071168	0.0	0.036313099999999994	0.114148	0.9928	0.0	0.324083	-0.941109	0.0963512	0.0	-2.6524099999999997	-0.566608	-1.9234799999999999	0.32562199999999997	-0.13498800000000002	0.893692	-0.42789399999999994	0.0	0.45035200000000003	-0.329325	-0.829896	0.0	-0.8825879999999999	-0.30472899999999997	-0.358021	0.0	2.89709	1.52201	0.376475	0.235079	
0	0.945332	0.31825	-0.071168	0.0	0.036313099999999994	0.114148	0.9928	0.0	0.324083	-0.94111	0.09635099999999999	0.0	-2.6524099999999997	-0.566608	-1.9234799999999999	0.32562199999999997	-0.13498800000000002	0.893692	-0.42789399999999994	0.0	0.45035200000000003	-0.329325	-0.829896	0.0	-0.8825879999999999	-0.30472899999999997	-0.358021	0.0	2.89709	1.52201	0.376475	0.235079	
0	0.945332	0.31825	-0.071168	0.0	0.036313099999999994	0.114148	0.9928	0.0	0.324083	-0.94111	0.09635099999999999	0.0	-2.6524099999999997	-0.566608	-1.9234799999999999	0.32562199999999997	-0.13498800000000002	0.893692	-0.42789399999999994	0.0	0.45035200000000003	-0.329325	-0.829896	0.0	-0.8825879999999999	-0.30472899999999997	-0.358021	0.0	2.89709	1.52201	0.376475	0.235079	
0	0.945332	0.31825	-0.071168	0.0	0.036313099999999994	0.114148	0.9928	0.0	0.324083	-0.94111	0.09635099999999999	0.0	-2.6524099999999997	-0.566608	-1.9234799999999999	0.32562199999999997	-0.13498800000000002	0.893692	-0.42789399999999994	0.0	0.45035200000000003	-0.329325	-0.829896	0.0	-0.8825879999999999	-0.30472899999999997	-0.358021	0.0	2.89709	1.52201	0.376475	0.235079	
0	0.945332	0.31825	-0.071168	0.0	0.036313099999999994	0.114148	0.9928	0.0	0.324083	-0.94111	0.09635099999999999	0.0	-2.6524099999999997	-0.566608	-1.9234799999999999	0.32562199999999997	-0.13498800000000002	0.893692	-0.42789399999999994	0.0	0.45035200000000003	-0.329325	-0.829896	0.0	-0.8825879999999999	-0.30472899999999997	-0.358021	0.0	2.89709	1.52201	0.376475	0.235079	
0	0.945332	0.31825	-0.071168	0.0	0.036313099999999994	0.114148	0.9928	0.0	0.324083	-0.94111	0.09635099999999999	0.0	-2.6524099999999997	-0.566608	-1.9234799999999999	0.32562199999999997	-0.13498800000000002	0.893692	-0.42789399999999994	0.0	0.45035200000000003	-0.329325	-0.829896	0.0	-0.8825879999999999	-0.30472899999999997	-0.358021	0.0	2.89709	1.52201	0.376475	0.235079	
0	0.945332	0.31825	-0.071168	0.0	0.036313099999999994	0.114148	0.9928	0.0	0.324083	-0.94111	0.09635099999999999	0.0	-2.6524099999999997	-0.566608	-1.9234799999999999	0.32562199999999997	-0.13498800000000002	0.893692	-0.42789399999999994	0.0	0.45035200000000003	-0.329325	-0.829896	0.0	-0.8825879999999999	-0.30472899999999997	-0.358021	0.0	2.89709	1.52201	0.376475	0.235079	
0	0.945332	0.31825	-0.071168	0.0	0.036313099999999994	0.114148	0.9928	0.0	0.324083	-0.94111	0.09635099999999999	0.0	-2.6524099999999997	-0.566607	-1.9234799999999999	0.32562199999999997	-0.13498800000000002	0.893692	-0.42789399999999994	0.0	0.45035200000000003	-0.329325	-0.829896	0.0	-0.8825879999999999	-0.30472899999999997	-0.358021	0.0	2.89709	1.52201	0.376475	0.235079	
0	0.945332	0.31825	-0.071168	0.0	0.036313099999999994	0.114148	0.9928	0.0	0.324083	-0.94111	0.09635099999999999	0.0	-2.6524099999999997	-0.566608	-1.9234799999999999	0.32562199999999997	-0.13498800000000002	0.893692	-0.42789399999999994	0.0	0.45035200000000003	-0.329325	-0.829896	0.0	-0.8825879999999999	-0.30472899999999997	-0.358021	0.0	2.89709	1.52201	0.376475	0.235079	
0	0.125114	0.788024	-0.602797	0.0	0.271158	0.55728	0.784801	0.0	0.954369	-0.26164299999999996	-0.143955	0.0	-2.6389299999999998	-0.58278	-1.9838799999999999	0.323069	0.0486088	0.931572	-0.360292	0.0	0.30715	-0.35718099999999997	-0.8820889999999999	0.0	-0.950419	-0.067786	-0.303494	0.0	2.87739	1.53166	0.387256	0.263466	
0	0.0721676	0.787184	-0.612481	0.0	0.324184	0.562226	0.760793	0.0	0.9432370000000001	-0.253461	-0.21461799999999998	0.0	-2.67729	-0.719548	-1.85179	0.322049	0.0382392	0.932884	-0.358141	0.0	0.32089	-0.350885	-0.8797209999999999	0.0	-0.9463440000000001	-0.08128400000000001	-0.312771	0.0	2.9042	1.5111	0.344529	0.26959	
0	0.14460699999999999	0.777176	-0.612442	0.0	0.360126	0.535162	0.7641399999999999	0.0	0.9216280000000001	-0.331057	-0.202494	0.0	-2.70463	-0.8554430000000001	-1.8035299999999999	0.320698	0.0380543	0.933242	-0.357227	0.0	0.321179	-0.349941	-0.879992	0.0	-0.946254	-0.08124630000000001	-0.313055	0.0	2.91089	1.50324	0.332243	0.271214	
0	0.24065300000000003	0.750677	-0.6152810000000001	0.0	0.415419	0.49325600000000003	0.764281	0.0	0.8772190000000001	-0.43952600000000003	-0.193142	0.0	-2.74023	-1.02471	-1.7531700000000001	0.31754	0.03523219999999999	0.9342520000000001	-0.354869	0.0	0.32316100000000003	-0.346663	-0.8805629999999999	0.0	-0.945688	-0.0836557	-0.314127	0.0	2.91685	1.49773	0.330244	0.274513	
0	0.342704	0.718905	-0.6047560000000001	0.0	0.48334399999999994	0.417071	0.769696	0.0	0.8055640000000001	-0.556082	-0.204546	0.0	-2.82112	-1.2405	-1.7628099999999998	0.310365	0.031081400000000002	0.9354030000000001	-0.352216	0.0	0.327915	-0.342425	-0.8804639999999999	0.0	-0.9441959999999999	-0.0881306	-0.317375	0.0	2.92457	1.4936200000000002	0.33058899999999997	0.276289	
0	0.424989	0.691675	-0.5839260000000001	0.0	0.521562	0.340127	0.782488	0.0	0.7398359999999999	-0.6371020000000001	-0.21620100000000003	0.0	-2.93363	-1.46307	-1.84476	0.308483	0.027824500000000002	0.935817	-0.351387	0.0	0.330511	-0.34036500000000003	-0.880292	0.0	-0.943392	-0.0916436	-0.318768	0.0	2.9354400000000003	1.47819	0.328327	0.276497	
0	0.45783199999999996	0.673469	-0.5803699999999999	0.0	0.520233	0.326424	0.78918	0.0	0.720935	-0.663239	-0.200914	0.0	-3.02718	-1.65524	-1.92293	0.308406	0.0242557	0.937523	-0.347077	0.0	0.333169	-0.334912	-0.881381	0.0	-0.9425549999999999	-0.09425650000000001	-0.320477	0.0	2.9494599999999997	1.45951	0.328327	0.276938	
0	0.475174	0.646304	-0.597078	0.0	0.496331	0.363437	0.788397	0.0	0.726544	-0.6709729999999999	-0.148085	0.0	-3.01173	-1.77453	-1.96012	0.308967	0.0211637	0.9393520000000001	-0.3423	0.0	0.336915	-0.329052	-0.882164	0.0	-0.9412969999999999	-0.09665599999999999	-0.323446	0.0	2.95716	1.42903	0.3232	0.27731	
0	0.522125	0.608919	-0.597163	0.0	0.469017	0.379799	0.7973560000000001	0.0	0.712327	-0.696398	-0.08729060000000001	0.0	-2.94457	-1.86412	-1.92088	0.306708	0.0208661	0.938867	-0.343648	0.0	0.338696	-0.330036	-0.881114	0.0	-0.940664	-0.0980067	-0.32487699999999997	0.0	2.958	1.419	0.317669	0.27749	
0	0.686904	0.456999	-0.565079	0.0	0.425559	0.377366	0.822493	0.0	0.58912	-0.8054479999999999	0.0647341	0.0	-2.8494900000000003	-2.1398099999999998	-1.76305	0.295588	0.020499	0.9386120000000001	-0.34436500000000003	0.0	0.339287	-0.33052800000000004	-0.8807020000000001	0.0	-0.9404600000000001	-0.0987849	-0.325235	0.0	2.96014	1.4124299999999999	0.29126399999999997	0.277316	
0	0.767753	0.363313	-0.527787	0.0	0.4173	0.34155	0.842143	0.0	0.486227	-0.8668030000000001	0.110615	0.0	-2.8789999999999996	-2.34302	-1.75659	0.295128	0.0193483	0.938156	-0.345673	0.0	0.341148	-0.331183	-0.8797360000000001	0.0	-0.93981	-0.100904	-0.32645799999999997	0.0	2.95768	1.40994	0.290013	0.27752	
0	0.803013	0.294401	-0.5181680000000001	0.0	0.41109700000000005	0.355854	0.839266	0.0	0.43147299999999994	-0.886959	0.16472799999999999	0.0	-2.93269	-2.5539099999999997	-1.78345	0.295493	0.017258000000000003	0.9390040000000001	-0.343474	0.0	0.342681	-0.32827399999999995	-0.880231	0.0	-0.9392940000000001	-0.10251099999999999	-0.327444	0.0	2.95827	1.41353	0.303665	0.27719299999999997	
0	0.8007340000000001	0.29881599999999997	-0.519166	0.0	0.398509	0.381343	0.8341270000000001	0.0	0.44723	-0.874807	0.186273	0.0	-2.91052	-2.5946	-1.79266	0.29551	0.016738999999999997	0.939214	-0.342925	0.0	0.343022	-0.32755300000000004	-0.880367	0.0	-0.9391780000000001	-0.102894	-0.327654	0.0	2.95992	1.4082299999999999	0.298081	0.277175	
0	0.795303	0.315529	-0.517624	0.0	0.375329	0.414234	0.8291790000000001	0.0	0.47604799999999997	-0.853728	0.21101399999999998	0.0	-2.7282	-2.5960900000000002	-1.76855	0.302289	0.0161932	0.939305	-0.3427	0.0	0.343733	-0.32708400000000004	-0.8802629999999999	0.0	-0.9389280000000001	-0.10354300000000001	-0.328167	0.0	2.9613	1.3986299999999998	0.28963	0.27731100000000003	
0	0.7997489999999999	0.313678	-0.511867	0.0	0.371315	0.41152	0.832332	0.0	0.471728	-0.85572	0.212639	0.0	-2.68478	-2.5963700000000003	-1.7670299999999999	0.307193	0.015963599999999998	0.938888	-0.343853	0.0	0.344436	-0.32801199999999997	-0.8796430000000001	0.0	-0.938674	-0.104393	-0.328623	0.0	2.9614599999999998	1.39714	0.287628	0.27721399999999996	
0	0.809668	0.309121	-0.498881	0.0	0.35735500000000003	0.414624	0.8368899999999999	0.0	0.46554799999999996	-0.85588	0.225242	0.0	-2.59781	-2.62838	-1.7648400000000002	0.309643	0.0162408	0.9387340000000001	-0.34425900000000004	0.0	0.344792	-0.328444	-0.879343	0.0	-0.9385389999999999	-0.10441600000000001	-0.32900300000000005	0.0	2.96086	1.39543	0.289503	0.27703099999999997	
0	0.811621	0.307738	-0.49655699999999997	0.0	0.354724	0.41574700000000003	0.8374520000000001	0.0	0.464158	-0.855834	0.228267	0.0	-2.55015	-2.63861	-1.76547	0.312207	0.0172305	0.938523	-0.344787	0.0	0.344139	-0.329335	-0.879265	0.0	-0.9387610000000001	-0.103504	-0.32865700000000003	0.0	2.96083	1.39872	0.29243800000000003	0.276971	
0	0.813365	0.30667	-0.494359	0.0	0.352329	0.41653	0.838073	0.0	0.46292700000000003	-0.8558370000000001	0.230742	0.0	-2.53797	-2.64014	-1.75775	0.31921700000000003	0.017981	0.938392	-0.345105	0.0	0.343812	-0.329916	-0.879175	0.0	-0.938866	-0.102843	-0.328563	0.0	2.95864	1.40058	0.29344899999999996	0.276873	
0	0.8388399999999999	0.273887	-0.470462	0.0	0.337933	0.41555600000000004	0.844461	0.0	0.42678999999999995	-0.867352	0.256029	0.0	-2.51811	-2.7085	-1.72692	0.325273	0.019899	0.93852	-0.34465100000000004	0.0	0.34316599999999997	-0.330189	-0.879325	0.0	-0.9390639999999999	-0.100774	-0.328638	0.0	2.9506799999999997	1.40961	0.29207	0.276988	
0	0.8632610000000001	0.247585	-0.439867	0.0	0.31200500000000003	0.42328599999999994	0.8505780000000001	0.0	0.396779	-0.871511	0.28815799999999997	0.0	-2.52015	-2.78733	-1.7073200000000002	0.324255	0.0208018	0.9375760000000001	-0.347159	0.0	0.340379	-0.33313200000000004	-0.8792979999999999	0.0	-0.940058	-0.0998743	-0.326061	0.0	2.93947	1.4111200000000002	0.289337	0.277174	
0	0.8808950000000001	0.214702	-0.421813	0.0	0.299718	0.436716	0.848203	0.0	0.366323	-0.873603	0.320351	0.0	-2.56257	-2.88195	-1.7219099999999998	0.325815	0.022171299999999998	0.9363670000000001	-0.350323	0.0	0.339273	-0.336662	-0.878381	0.0	-0.940427	-0.0993801	-0.32514899999999997	0.0	2.92928	1.4209100000000001	0.30261	0.27698	
0	0.882883	0.197724	-0.425937	0.0	0.30553	0.446934	0.840774	0.0	0.356607	-0.872442	0.33418000000000003	0.0	-2.59044	-2.94789	-1.7457099999999999	0.328194	0.0211055	0.936918	-0.34891	0.0	0.34019099999999997	-0.334894	-0.8787010000000001	0.0	-0.940119	-0.100151	-0.325799	0.0	2.92541	1.42195	0.311598	0.276901	
0	0.885908	0.18216300000000002	-0.42659600000000003	0.0	0.310583	0.45014399999999993	0.837203	0.0	0.344537	-0.874178	0.34221	0.0	-2.6034599999999997	-2.98546	-1.77293	0.331083	0.021157299999999997	0.9368549999999999	-0.349076	0.0	0.34013499999999997	-0.335072	-0.878655	0.0	-0.940139	-0.100143	-0.325746	0.0	2.92541	1.4225700000000001	0.313301	0.27671999999999997	
0	0.8893719999999999	0.162278	-0.42741599999999996	0.0	0.32103200000000004	0.443958	0.836565	0.0	0.32550999999999997	-0.881231	0.34274699999999997	0.0	-2.63522	-3.05138	-1.87248	0.336248	0.022815799999999997	0.9368489999999999	-0.348991	0.0	0.33870700000000004	-0.335681	-0.878975	0.0	-0.940615	-0.09815080000000001	-0.32497600000000004	0.0	2.9237599999999997	1.41959	0.314531	0.276469	
0	0.888972	0.15645	-0.43041	0.0	0.329235	0.43495100000000003	0.8381059999999999	0.0	0.318329	-0.886758	0.33515100000000003	0.0	-2.6373	-3.0580700000000003	-1.9194799999999999	0.338194	0.0230181	0.9366559999999999	-0.349492	0.0	0.338404	-0.336248	-0.8788739999999999	0.0	-0.9407190000000001	-0.09803939999999998	-0.324708	0.0	2.92247	1.41924	0.314326	0.276427	
0	0.887916	0.141658	-0.43765	0.0	0.331737	0.461916	0.822548	0.0	0.318678	-0.8755379999999999	0.363149	0.0	-2.6360799999999998	-3.04676	-1.93365	0.343384	0.0222832	0.9364540000000001	-0.350082	0.0	0.338882	-0.336514	-0.878589	0.0	-0.940565	-0.09905850000000001	-0.324846	0.0	2.92151	1.41591	0.316602	0.276443	
0	0.891808	0.11646500000000001	-0.43716700000000003	0.0	0.338453	0.46946800000000005	0.815505	0.0	0.300214	-0.875235	0.379257	0.0	-2.63043	-3.04402	-1.9390900000000002	0.345879	0.022484999999999998	0.936407	-0.350194	0.0	0.338623	-0.33671100000000004	-0.8786129999999999	0.0	-0.9406530000000001	-0.0988281	-0.32466	0.0	2.92267	1.4196799999999998	0.314736	0.275941	
0	0.892763	0.0970047	-0.43996	0.0	0.35935500000000004	0.435674	0.825259	0.0	0.271733	-0.894862	0.354094	0.0	-2.61786	-3.04947	-1.93252	0.348053	0.022611199999999998	0.9364030000000001	-0.350198	0.0	0.338113	-0.336809	-0.8787709999999999	0.0	-0.9408340000000001	-0.09853630000000001	-0.324226	0.0	2.92254	1.42303	0.317374	0.276012	
0	0.892101	0.0862388	-0.44353100000000006	0.0	0.378475	0.393563	0.837774	0.0	0.246806	-0.9152440000000001	0.318459	0.0	-2.6056	-3.05741	-1.92363	0.348532	0.0224809	0.936523	-0.34988400000000003	0.0	0.338339	-0.336449	-0.8788219999999999	0.0	-0.9407559999999999	-0.0986229	-0.324427	0.0	2.9215299999999997	1.42036	0.316701	0.2758	
0	0.892919	0.0722457	-0.444384	0.0	0.392784	0.357398	0.847341	0.0	0.22003899999999998	-0.931154	0.29075100000000004	0.0	-2.57497	-3.0693099999999998	-1.9203	0.348898	0.0226049	0.9364	-0.350207	0.0	0.337494	-0.336881	-0.8789819999999999	0.0	-0.941056	-0.09832350000000001	-0.32364499999999996	0.0	2.92115	1.41963	0.31647800000000004	0.275764	
0	0.8976290000000001	0.0496998	-0.43793999999999994	0.0	0.40813	0.28141700000000003	0.868467	0.0	0.166406	-0.958298	0.23232399999999997	0.0	-2.5426900000000003	-3.09167	-1.9080000000000001	0.350466	0.022755200000000003	0.9360280000000001	-0.35119	0.0	0.337942	-0.337805	-0.8784549999999999	0.0	-0.9408920000000001	-0.09869270000000001	-0.32400999999999996	0.0	2.9215	1.42066	0.318484	0.275454	
0	0.898847	0.04650119999999999	-0.435788	0.0	0.409558	0.264816	0.8730030000000001	0.0	0.155999	-0.9631770000000001	0.218984	0.0	-2.4868	-3.1255	-1.90734	0.35076799999999997	0.0227282	0.9360129999999999	-0.351232	0.0	0.33769	-0.337862	-0.8785299999999999	0.0	-0.940983	-0.09864010000000001	-0.323762	0.0	2.9226400000000003	1.42095	0.31851799999999997	0.275455	
0	0.897314	0.035836400000000004	-0.439935	0.0	0.421464	0.226544	0.878092	0.0	0.131132	-0.973342	0.188177	0.0	-2.4151	-3.17234	-1.90895	0.351439	0.022513599999999998	0.9361309999999999	-0.350931	0.0	0.337744	-0.337505	-0.878647	0.0	-0.940969	-0.0987432	-0.32377100000000003	0.0	2.92254	1.42175	0.320914	0.27532399999999996	
0	0.8912059999999999	0.0201047	-0.453154	0.0	0.44463199999999997	0.158947	0.881498	0.0	0.0897497	-0.987082	0.132715	0.0	-2.39621	-3.19713	-1.90668	0.35326799999999997	0.0225988	0.9360200000000001	-0.35122	0.0	0.337633	-0.33781500000000003	-0.8785700000000001	0.0	-0.9410069999999999	-0.0987286	-0.32366500000000004	0.0	2.92236	1.4188	0.320709	0.275371	
0	0.891301	0.012993200000000002	-0.453225	0.0	0.445395	0.16204100000000002	0.880549	0.0	0.0848823	-0.986698	0.13864100000000001	0.0	-2.27716	-3.3899800000000004	-1.99338	0.35431	0.022672	0.936208	-0.35071399999999997	0.0	0.337899	-0.337336	-0.878652	0.0	-0.940909	-0.0985852	-0.323992	0.0	2.9214	1.4172799999999999	0.319977	0.2753	
0	0.8920680000000001	0.0232857	-0.451301	0.0	0.42079799999999995	0.321293	0.8483510000000001	0.0	0.16475399999999998	-0.946693	0.276817	0.0	-2.27272	-3.4414	-2.02573	0.35972	0.0228488	0.936111	-0.350961	0.0	0.33761399999999997	-0.337654	-0.878639	0.0	-0.9410069999999999	-0.0984135	-0.323759	0.0	2.92165	1.41762	0.32122399999999995	0.275364	
0	0.891747	0.0191988	-0.45212600000000003	0.0	0.42466899999999996	0.309669	0.850742	0.0	0.156343	-0.950651	0.267993	0.0	-2.2703	-3.53539	-2.0140700000000002	0.358381	0.022931299999999998	0.9358049999999999	-0.351773	0.0	0.33763699999999996	-0.338441	-0.8783280000000001	0.0	-0.940997	-0.0986301	-0.323723	0.0	2.92179	1.41836	0.32048499999999996	0.275064	
0	0.886754	0.000170827	-0.462242	0.0	0.444503	0.274055	0.852825	0.0	0.126825	-0.961714	0.242944	0.0	-2.2503	-3.59268	-2.01422	0.34663299999999997	0.0226333	0.935665	-0.352162	0.0	0.337624	-0.33871100000000004	-0.8782280000000001	0.0	-0.941009	-0.099021	-0.323569	0.0	2.9189	1.42232	0.323577	0.27519	
0	0.8837430000000001	-0.00698857	-0.46792	0.0	0.456434	0.233539	0.858561	0.0	0.103278	-0.9723219999999999	0.20957800000000001	0.0	-2.24403	-3.5929	-2.0173099999999997	0.320588	0.022608	0.93558	-0.352391	0.0	0.337905	-0.338888	-0.878052	0.0	-0.940909	-0.09922339999999999	-0.323798	0.0	2.91633	1.42068	0.32553699999999997	0.275192	
0	0.87974	-0.0171616	-0.475146	0.0	0.46800699999999995	0.207463	0.859028	0.0	0.0838329	-0.978092	0.190545	0.0	-2.23022	-3.5939300000000003	-2.01668	0.315367	0.0228002	0.9354819999999999	-0.352637	0.0	0.338057	-0.339165	-0.877886	0.0	-0.9408489999999999	-0.09919539999999999	-0.323979	0.0	2.91578	1.4225299999999999	0.32745	0.27502	
0	0.8779100000000001	-0.021684900000000003	-0.478335	0.0	0.47314700000000004	0.192691	0.8596520000000001	0.0	0.0735295	-0.9810200000000001	0.179425	0.0	-2.22422	-3.59484	-2.01899	0.313141	0.0228578	0.9356	-0.35232199999999997	0.0	0.337488	-0.338948	-0.8781889999999999	0.0	-0.941052	-0.09883099999999999	-0.32350100000000004	0.0	2.91529	1.42183	0.326268	0.27516	
0	0.862925	-0.040402	-0.503714	0.0	0.503271	0.158643	0.849442	0.0	0.0455914	-0.986509	0.15723	0.0	-2.2246599999999996	-3.5897300000000003	-2.0510200000000003	0.197184	0.022294	0.9357989999999999	-0.351829	0.0	0.337144	-0.338339	-0.878556	0.0	-0.9411889999999999	-0.0990305	-0.323042	0.0	2.91209	1.41678	0.323884	0.275192	
0	0.855475	-0.06402100000000001	-0.513871	0.0	0.5178189999999999	0.11548800000000001	0.847659	0.0	0.00507823	-0.991244	0.131949	0.0	-2.2189099999999997	-3.5880699999999996	-2.05457	0.178923	0.021487700000000002	0.936153	-0.350937	0.0	0.337054	-0.337252	-0.879009	0.0	-0.94124	-0.0993966	-0.322781	0.0	2.91109	1.4157	0.32477	0.275279	
0	0.856612	-0.0634921	-0.5120399999999999	0.0	0.515961	0.106215	0.850001	0.0	0.000417709	-0.9923139999999999	0.123744	0.0	-2.21901	-3.58695	-2.0554099999999997	0.178804	0.0207071	0.9362719999999999	-0.350667	0.0	0.336924	-0.33676100000000003	-0.8792469999999999	0.0	-0.9413040000000001	-0.0999412	-0.32242600000000005	0.0	2.9110099999999997	1.41446	0.323652	0.27532	
0	0.8864709999999999	-0.0483545	-0.46025200000000005	0.0	0.46271599999999996	0.07546749999999999	0.883289	0.0	-0.00797687	-0.995975	0.08927410000000001	0.0	-2.2153	-3.5783	-2.04643	0.178622	0.015964600000000002	0.937016	-0.34892199999999995	0.0	0.33687	-0.33360500000000004	-0.8804700000000001	0.0	-0.941416	-0.103485	-0.32097800000000004	0.0	2.91062	1.39293	0.322818	0.275271	
0	0.946865	0.00552446	-0.32158400000000004	0.0	0.321523	0.00965831	0.946852	0.0	0.0083368	-0.9999379999999999	0.00736888	0.0	-2.20523	-3.54924	-2.0209599999999996	0.178756	0.014959299999999998	0.936717	-0.349767	0.0	0.336802	-0.33408499999999997	-0.8803129999999999	0.0	-0.941457	-0.10463299999999999	-0.320486	0.0	2.9091299999999998	1.38775	0.32424000000000003	0.274931	
0	0.9503219999999999	0.0424122	-0.308366	0.0	0.309159	-0.013444299999999998	0.950915	0.0	0.0361846	-0.9990100000000001	-0.0258885	0.0	-2.19647	-3.53104	-2.02054	0.178669	0.014583	0.9367219999999999	-0.349771	0.0	0.33704	-0.333941	-0.8802770000000001	0.0	-0.941377	-0.10505	-0.320583	0.0	2.90875	1.389	0.32475	0.274584	
0	0.912891	0.144369	-0.381821	0.0	0.384628	0.00905869	0.923027	0.0	0.136716	-0.989483	-0.0472589	0.0	-2.19885	-3.4514	-2.0355	0.177787	0.013797	0.937275	-0.34831799999999996	0.0	0.337607	-0.33226100000000003	-0.8806950000000001	0.0	-0.9411860000000001	-0.10544400000000001	-0.321015	0.0	2.91025	1.39057	0.325216	0.2742	
0	0.8838739999999999	0.235879	-0.40389	0.0	0.41810200000000003	-0.0113801	0.908329	0.0	0.209659	-0.971716	-0.10868	0.0	-2.2685400000000002	-3.37178	-2.01041	0.178339	0.013844799999999997	0.937444	-0.34786100000000003	0.0	0.337597	-0.331848	-0.8808549999999999	0.0	-0.9411889999999999	-0.105242	-0.321073	0.0	2.91067	1.38984	0.324637	0.27421100000000004	
0	0.8754940000000001	0.267258	-0.402596	0.0	0.408141	0.0370781	0.912166	0.0	0.258711	-0.9629110000000001	-0.0766174	0.0	-2.28709	-3.33575	-2.00169	0.178171	0.0135321	0.93781	-0.346885	0.0	0.337826	-0.330805	-0.881159	0.0	-0.941111	-0.10526300000000001	-0.321293	0.0	2.91197	1.39135	0.32414899999999996	0.27399999999999997	
0	0.74046	0.462761	-0.487413	0.0	0.536304	0.030280599999999998	0.843482	0.0	0.40509	-0.885966	-0.22575900000000002	0.0	-2.49733	-2.81842	-1.9627700000000001	0.178336	0.00281182	0.939585	-0.342304	0.0	0.340439	-0.322758	-0.883136	0.0	-0.940262	-0.114051	-0.320779	0.0	2.9093299999999997	1.37554	0.327489	0.273472	
0	0.737399	0.469894	-0.48522299999999996	0.0	0.547884	0.00404827	0.8365450000000001	0.0	0.395052	-0.882713	-0.25446199999999997	0.0	-2.5069999999999997	-2.7214400000000003	-1.96007	0.17822000000000002	0.0027872	0.939491	-0.342564	0.0	0.340415	-0.322997	-0.883058	0.0	-0.940271	-0.114152	-0.32071700000000003	0.0	2.90862	1.37455	0.326495	0.273596	
0	0.538863	0.701735	-0.466042	0.0	0.621792	0.04191280000000001	0.7820600000000001	0.0	0.568332	-0.711204	-0.41374799999999995	0.0	-2.71476	-1.9306400000000001	-2.07311	0.178255	-0.00373423	0.9343629999999999	-0.356304	0.0	0.365023	-0.330447	-0.870381	0.0	-0.930991	-0.13330999999999998	-0.33983	0.0	2.8889	1.3663299999999998	0.29530300000000004	0.276915	
0	0.39905	0.797004	-0.45336800000000005	0.0	0.653417	0.0997019	0.750404	0.0	0.6432770000000001	-0.595688	-0.48099	0.0	-2.7281400000000002	-1.15265	-2.5260599999999998	0.178276	0.00276837	0.930207	-0.367026	0.0	0.365793	-0.342533	-0.8653709999999999	0.0	-0.930692	-0.13185999999999998	-0.341211	0.0	2.88876	1.36202	0.272082	0.283306	
1	0.27074299999999996	0.8645139999999999	-0.423454	0.0	0.653328	0.158052	0.7403930000000001	0.0	0.707008	-0.47711099999999995	-0.5220199999999999	0.0	-2.91743	-0.8775569999999999	-2.5718099999999997	0.178584	0.0146539	0.923618	-0.383035	0.0	0.365232	-0.361551	-0.8578389999999999	0.0	-0.930801	-0.127326	-0.34263299999999997	0.0	2.8712	1.3668200000000001	0.263588	0.288485	
1	0.101461	0.901026	-0.421732	0.0	0.6041479999999999	0.280993	0.745686	0.0	0.7903859999999999	-0.330447	-0.515843	0.0	-3.07132	-0.691289	-2.58699	0.178283	0.0325292	0.9107	-0.411785	0.0	0.359836	-0.395046	-0.845255	0.0	-0.9324479999999999	-0.12068	-0.340553	0.0	2.84563	1.36966	0.262302	0.297199	
1	0.04742380000000001	0.9057629999999999	-0.42112299999999997	0.0	0.5765939999999999	0.319441	0.751995	0.0	0.815653	-0.27848	-0.507109	0.0	-3.13243	-0.637716	-2.5750900000000003	0.178585	0.043811800000000005	0.8993110000000001	-0.435109	0.0	0.36339099999999996	-0.42003900000000005	-0.831573	0.0	-0.9306059999999999	-0.121682	-0.34520500000000004	0.0	2.82578	1.37301	0.25771	0.306931	
1	-0.0532491	0.896337	-0.44016400000000006	0.0	0.49500600000000006	0.406513	0.76793	0.0	0.8672559999999999	-0.176992	-0.46533900000000006	0.0	-3.15943	-0.597188	-2.51546	0.178595	0.06503819999999999	0.855806	-0.513193	0.0	0.380414	-0.496709	-0.7801060000000001	0.0	-0.9225270000000001	-0.144489	-0.357865	0.0	2.73742	1.37914	0.228834	0.32976	
1	-0.14285799999999998	0.867324	-0.47680200000000006	0.0	0.405445	0.49075	0.771219	0.0	0.9028879999999999	-0.083142	-0.42176	0.0	-3.08087	-0.618626	-2.50749	0.17858	0.0680432	0.782844	-0.618487	0.0	0.37695700000000004	-0.594144	-0.7105600000000001	0.0	-0.9237280000000001	-0.184794	-0.33552600000000005	0.0	2.62265	1.2705799999999998	0.143536	0.357412	
1	-0.178877	0.847468	-0.499801	0.0	0.355619	0.529341	0.770281	0.0	0.9173540000000001	-0.0399534	-0.396063	0.0	-3.02806	-0.607017	-2.52368	0.178574	0.08983769999999999	0.737219	-0.669654	0.0	0.336946	-0.655223	-0.676129	0.0	-0.9372280000000001	-0.164895	-0.307267	0.0	2.55403	1.23271	0.10359000000000002	0.357795	
1	-0.333543	0.717368	-0.611663	0.0	0.187264	0.686305	0.702793	0.0	0.923949	0.119869	-0.363249	0.0	-2.92088	-0.6319170000000001	-2.6552	0.178275	0.155573	0.602328	-0.782942	0.0	0.269731	-0.788375	-0.5529109999999999	0.0	-0.9502860000000001	-0.125165	-0.285116	0.0	2.3218900000000002	1.18832	-0.0568952	0.357904	
1	-0.464325	0.527749	-0.711255	0.0	-0.0219455	0.795972	0.6049359999999999	0.0	0.885393	0.296496	-0.358008	0.0	-2.8388400000000003	-0.600422	-2.80775	0.17827300000000001	0.157143	0.530391	-0.8330620000000001	0.0	0.228863	-0.8401360000000001	-0.491724	0.0	-0.960691	-0.11338599999999999	-0.25340799999999997	0.0	2.18341	1.10333	-0.195494	0.35686999999999997	
1	-0.5384869999999999	0.34402	-0.769209	0.0	-0.197468	0.8359219999999999	0.512095	0.0	0.8191689999999999	0.427651	-0.3822	0.0	-2.73612	-0.478997	-2.9392	0.178048	0.17690899999999998	0.469409	-0.8650770000000001	0.0	0.197171	-0.878025	-0.43611300000000003	0.0	-0.964275	-0.0934154	-0.247885	0.0	2.03594	1.06146	-0.337212	0.355912	
1	-0.547243	0.24002600000000002	-0.801818	0.0	-0.30849299999999996	0.8327049999999999	0.45982	0.0	0.778047	0.498989	-0.381646	0.0	-2.68371	-0.416549	-2.98982	0.17792	0.182814	0.41375100000000004	-0.8918459999999999	0.0	0.193144	-0.9045700000000001	-0.380063	0.0	-0.963989	-0.102774	-0.24528200000000003	0.0	1.96098	1.02568	-0.40857	0.344708	
1	-0.536985	0.0490241	-0.842166	0.0	-0.458208	0.821258	0.339972	0.0	0.7083020000000001	0.568447	-0.41853999999999997	0.0	-2.57913	-0.29036300000000004	-3.07626	0.176598	0.186773	0.261626	-0.946925	0.0	0.116388	-0.9629909999999999	-0.243108	0.0	-0.975484	-0.06480509999999999	-0.21031100000000003	0.0	1.6926900000000002	0.911583	-0.619398	0.340552	
1	-0.526634	0.0202225	-0.849852	0.0	-0.479757	0.818226	0.316764	0.0	0.7017770000000001	0.574541	-0.421204	0.0	-2.57134	-0.257035	-3.07495	0.17666700000000002	0.153275	0.201526	-0.9674159999999999	0.0	0.10819200000000001	-0.9765209999999999	-0.186281	0.0	-0.982243	-0.0761141	-0.17148	0.0	1.51855	0.835302	-0.664135	0.339885	
1	-0.49753500000000006	0.00259396	-0.86744	0.0	-0.495629	0.8198409999999999	0.28672800000000004	0.0	0.711907	0.572585	-0.406614	0.0	-2.51621	-0.287722	-3.0320400000000003	0.176452	0.10506900000000001	0.18162999999999999	-0.9777379999999999	0.0	0.113382	-0.978957	-0.169672	0.0	-0.98798	-0.09303099999999999	-0.123451	0.0	1.22759	0.7074729999999999	-0.67119	0.339712	
1	-0.47282799999999997	-0.00761054	-0.881122	0.0	-0.502551	0.8237129999999999	0.26256399999999996	0.0	0.723793	0.566956	-0.39329899999999995	0.0	-2.50657	-0.324245	-2.9989999999999997	0.176731	0.0850186	0.172683	-0.981301	0.0	0.118256	-0.9796549999999999	-0.16214800000000001	0.0	-0.9893370000000001	-0.102259	-0.10371	0.0	1.13564	0.636297	-0.686125	0.338989	
1	-0.44285399999999997	-0.0494763	-0.895228	0.0	-0.501045	0.841674	0.20134200000000002	0.0	0.743528	0.5377149999999999	-0.397528	0.0	-2.48834	-0.418249	-2.92477	0.176037	0.0502796	0.139896	-0.9888889999999999	0.0	0.12173699999999998	-0.983617	-0.132961	0.0	-0.991288	-0.113699	-0.0664865	0.0	0.9024190000000001	0.535138	-0.738938	0.33715900000000004	
1	-0.414476	-0.0347711	-0.9093959999999999	0.0	-0.476339	0.8597440000000001	0.184229	0.0	0.775442	0.5095390000000001	-0.37290700000000004	0.0	-2.50156	-0.430979	-2.91267	0.17698599999999998	0.0484204	0.13586199999999998	-0.9895440000000001	0.0	0.121393	-0.9841620000000001	-0.129183	0.0	-0.9914229999999999	-0.11386800000000001	-0.0641463	0.0	0.884756	0.524804	-0.7470899999999999	0.337221	
1	-0.409281	-0.036213999999999996	-0.91169	0.0	-0.517891	0.8318709999999999	0.199451	0.0	0.751185	0.553787	-0.359224	0.0	-2.48705	-0.45999399999999996	-2.8639900000000003	0.143582	0.040213	0.110697	-0.9930399999999999	0.0	0.111489	-0.988135	-0.10563499999999999	0.0	-0.9929520000000001	-0.106465	-0.0520775	0.0	0.685237	0.44566400000000006	-0.822667	0.33725	
1	-0.411206	-0.0313437	-0.9110030000000001	0.0	-0.508234	0.837534	0.20058900000000002	0.0	0.756709	0.5454859999999999	-0.360329	0.0	-2.48825	-0.511286	-2.82251	0.142824	0.058161300000000006	0.110332	-0.992192	0.0	0.110828	-0.9884440000000001	-0.10341900000000001	0.0	-0.992136	-0.103948	-0.069717	0.0	0.506333	0.369198	-0.932475	0.337239	
1	-0.41673000000000004	-0.034662599999999995	-0.9083690000000001	0.0	-0.509425	0.836522	0.201787	0.0	0.752876	0.546837	-0.366262	0.0	-2.49263	-0.5215850000000001	-2.82213	0.141774	0.0683324	0.109145	-0.9916739999999999	0.0	0.11196700000000001	-0.988557	-0.101087	0.0	-0.99136	-0.104127	-0.0797713	0.0	0.42228999999999994	0.327466	-0.995059	0.33726799999999996	
