3	0.355173	0.74941	-0.558782	0.0	0.6529689999999999	0.228863	0.721979	0.0	0.6689430000000001	-0.6212949999999999	-0.408055	0.0	-2.78067	2.06135	1.3736700000000002	-3.02792e-05	-0.593132	0.516197	-0.617846	0.0	0.752822	0.0835565	-0.652899	0.0	-0.2854	-0.852384	-0.43816400000000005	0.0	2.66032	2.0	1.53809	0.0	
3	-0.212598	0.887091	-0.409721	0.0	0.359653	0.46091000000000004	0.811303	0.0	0.908544	0.025124200000000003	-0.417033	0.0	-2.9750900000000002	2.29484	1.32873	7.653239999999999e-05	-0.028089299999999998	0.903518	-0.427629	0.0	0.44160600000000005	-0.372571	-0.816196	0.0	-0.8967700000000001	-0.21176999999999999	-0.388533	0.0	2.66865	2.13332	1.4672399999999999	9.4641e-06	
3	-0.454962	0.732784	-0.506001	0.0	0.219998	0.643091	0.733509	0.0	0.862908	0.22239899999999999	-0.453793	0.0	-3.0619400000000003	2.69651	1.4718	0.0	0.23207199999999997	0.915732	-0.32799	0.0	0.311512	-0.389406	-0.8667889999999999	0.0	-0.9214680000000001	0.098985	-0.375632	0.0	2.81618	2.26238	1.4446700000000001	0.0	
3	-0.482051	0.8117409999999999	-0.329702	0.0	0.23045	0.48053199999999996	0.8461569999999999	0.0	0.8452930000000001	0.331911	-0.418707	0.0	-3.11606	2.91679	1.5231	0.0	0.28527600000000003	0.9044139999999999	-0.317259	0.0	0.259839	-0.391598	-0.8826860000000001	0.0	-0.922551	0.169373	-0.34671599999999997	0.0	2.84522	2.44372	1.49157	0.261815	
3	-0.446354	0.792979	-0.41467299999999996	0.0	0.1745	0.5316310000000001	0.8288059999999999	0.0	0.8776780000000001	0.29758	-0.37567	0.0	-3.07116	2.99569	1.5663799999999999	0.00691724	0.17913099999999998	0.869923	-0.45950699999999994	0.0	0.291125	-0.493015	-0.819868	0.0	-0.939765	0.013089400000000001	-0.34157	0.0	2.75997	2.38144	1.66355	-0.00846669	
3	-0.346848	0.860384	-0.373411	0.0	0.270539	0.47298	0.8385100000000001	0.0	0.898056	0.189813	-0.39681900000000003	0.0	-3.04409	2.9229700000000003	1.53453	0.0	0.233771	0.874928	-0.42408999999999997	0.0	0.274961	-0.477861	-0.8342940000000001	0.0	-0.9326030000000001	0.07842589999999999	-0.352281	0.0	2.76968	2.38427	1.63069	0.0	
3	-0.37758	0.846658	-0.37497199999999997	0.0	0.241087	0.480867	0.8429969999999999	0.0	0.894041	0.227898	-0.385684	0.0	-2.96453	2.88539	1.42313	0.029972900000000004	0.269167	0.8919360000000001	-0.363318	0.0	0.272598	-0.432371	-0.859503	0.0	-0.92371	0.13230999999999998	-0.35952	0.0	2.86063	2.54204	1.57074	0.364823	
3	-0.304343	0.865266	-0.39836	0.0	0.194582	0.46585200000000004	0.863203	0.0	0.932477	0.185196	-0.31014400000000003	0.0	-2.9111700000000003	2.79448	1.3178299999999998	0.153314	0.0989975	0.8797809999999999	-0.46495600000000004	0.0	0.286143	-0.472685	-0.8334809999999999	0.0	-0.953059	-0.0505313	-0.298538	0.0	2.82518	2.38758	1.63737	0.00503272	
3	0.0295089	0.916183	-0.39967199999999997	0.0	0.208256	0.385436	0.898926	0.0	0.9776290000000001	-0.10976099999999998	-0.179427	0.0	-2.81166	2.46351	1.36168	0.0	0.0758598	0.895709	-0.438122	0.0	0.323956	-0.437691	-0.838736	0.0	-0.943026	-0.078306	-0.323374	0.0	2.8946099999999997	2.3371299999999997	1.47428	0.00014301399999999998	
3	0.192993	0.899904	-0.391058	0.0	0.21952600000000003	0.348846	0.911106	0.0	0.9563280000000001	-0.261684	-0.130227	0.0	-2.68099	2.14014	1.21275	-0.000122309	-0.0849911	0.8758520000000001	-0.47503599999999996	0.0	0.379793	-0.41229	-0.8281149999999999	0.0	-0.9211590000000001	-0.250798	-0.297602	0.0	2.95079	2.22706	1.2562799999999998	0.0233179	
3	0.299412	0.91201	-0.280339	0.0	0.125703	0.253551	0.9591200000000001	0.0	0.945807	-0.322411	-0.0387264	0.0	-2.61878	1.9058599999999999	1.02599	0.0	-0.135715	0.883134	-0.449062	0.0	0.387984	-0.369681	-0.8442780000000001	0.0	-0.9116190000000001	-0.28881	-0.292471	0.0	2.99076	2.07843	0.849999	0.282514	
3	0.202688	0.954509	-0.21870100000000003	0.0	0.0739728	0.207774	0.975376	0.0	0.9764450000000001	-0.213875	-0.0284946	0.0	-2.55575	1.8340599999999998	0.749143	0.111828	-0.166021	0.887921	-0.428991	0.0	0.321471	-0.362531	-0.8747729999999999	0.0	-0.9322520000000001	-0.283138	-0.225254	0.0	2.93515	1.9535900000000002	0.503081	0.353464	
3	-0.048168800000000005	0.937425	-0.344839	0.0	0.10411600000000001	0.348071	0.9316690000000001	0.0	0.993398	0.00897411	-0.11436700000000001	0.0	-2.48291	2.0827299999999997	0.43766099999999997	0.08597310000000001	-0.0592859	0.897418	-0.43718	0.0	0.201326	-0.418202	-0.885763	0.0	-0.9777290000000001	-0.140529	-0.15588	0.0	2.84291	2.00884	0.28323000000000004	0.3437	
3	-0.242909	0.8397389999999999	-0.48562700000000003	0.0	0.035396300000000006	0.507961	0.8606530000000001	0.0	0.969403	0.191871	-0.153112	0.0	-2.4829	2.37072	0.228919	0.232605	0.08451789999999999	0.817865	-0.56917	0.0	0.111614	-0.575389	-0.810228	0.0	-0.990151	0.00495148	-0.139916	0.0	2.78155	2.13254	0.157986	0.359069	
3	-0.41200699999999996	0.682283	-0.603937	0.0	-0.116007	0.618136	0.777464	0.0	0.903766	0.390382	-0.175527	0.0	-2.43319	2.70218	0.08601610000000001	0.232636	0.20710599999999998	0.664585	-0.7179369999999999	0.0	0.0182865	-0.73635	-0.676354	0.0	-0.9781479999999999	0.126948	-0.164655	0.0	2.72064	2.33603	0.11601099999999999	0.31433099999999997	
3	-0.495465	0.5053880000000001	-0.706468	0.0	-0.26508200000000004	0.6865439999999999	0.677044	0.0	0.827192	0.522724	-0.20619	0.0	-2.45399	2.87658	0.056188300000000004	0.086325	0.237333	0.5814090000000001	-0.778227	0.0	-0.0288634	-0.796542	-0.6038939999999999	0.0	-0.971	0.165786	-0.172264	0.0	2.7578099999999997	2.40893	0.107526	0.272097	
3	-0.350406	0.47521899999999995	-0.807083	0.0	-0.290491	0.76408	0.576018	0.0	0.89041	0.436291	-0.129692	0.0	-2.5274	2.6621799999999998	0.0748949	-2.1934499999999998e-05	0.07940830000000001	0.700527	-0.709194	0.0	0.274403	-0.6993159999999999	-0.660046	0.0	-0.9583299999999999	-0.142192	-0.247759	0.0	2.8139999999999996	2.09535	0.0982054	0.342949	
3	0.274118	0.67307	-0.6869029999999999	0.0	0.24596500000000002	0.6414380000000001	0.726677	0.0	0.92971	-0.36815	0.0102779	0.0	-2.72592	0.80781	-0.44623500000000005	0.000273705	-0.06544159999999999	0.690893	-0.719989	0.0	0.375177	-0.651558	-0.6593289999999999	0.0	-0.92464	-0.313271	-0.21656799999999998	0.0	2.8456799999999998	1.671	-0.11117300000000001	0.357134	
3	0.45187299999999997	0.674988	-0.583268	0.0	0.239529	0.538014	0.808187	0.0	0.859323	-0.504908	0.08143489999999999	0.0	-2.85387	0.20726799999999998	-0.8625079999999999	-9.2514e-05	-0.0691895	0.6992619999999999	-0.7115090000000001	0.0	0.382822	-0.640004	-0.666215	0.0	-0.921228	-0.31847600000000004	-0.22341100000000003	0.0	2.89431	1.62657	-0.264861	0.357266	
3	0.495449	0.687753	-0.530591	0.0	0.240269	0.478493	0.8445799999999999	0.0	0.8347459999999999	-0.545931	0.0718234	0.0	-2.91872	-0.09113919999999999	-1.2274399999999999	0.0	-0.0668252	0.698813	-0.7121770000000001	0.0	0.390892	-0.6383810000000001	-0.663079	0.0	-0.918008	-0.32269499999999995	-0.230501	0.0	2.90267	1.61751	-0.324042	0.357217	
3	0.566914	0.667009	-0.48343400000000003	0.0	0.2607	0.41142	0.873367	0.0	0.7814369999999999	-0.621155	0.059349900000000004	0.0	-2.93667	-0.292245	-1.53193	-0.000143051	-0.0672947	0.695013	-0.715841	0.0	0.386321	-0.643352	-0.66095	0.0	-0.919906	-0.321023	-0.225204	0.0	2.88098	1.6132600000000001	-0.345181	0.357809	
3	0.5935590000000001	0.65203	-0.471747	0.0	0.28008	0.382173	0.880624	0.0	0.754482	-0.654829	0.044221699999999996	0.0	-2.93847	-0.370256	-1.79992	0.0	-0.0687837	0.696498	-0.714255	0.0	0.393096	-0.639107	-0.6610739999999999	0.0	-0.9169209999999999	-0.32624200000000003	-0.229831	0.0	2.85059	1.63073	-0.362442	0.35927600000000004	
3	0.6618689999999999	0.6122310000000001	-0.432554	0.0	0.299813	0.31267	0.9013040000000001	0.0	0.687053	-0.72623	0.0233921	0.0	-2.96125	-0.439237	-1.99653	0.00034523	-0.0681586	0.698915	-0.71195	0.0	0.40217800000000004	-0.633811	-0.660709	0.0	-0.9130209999999999	-0.331364	-0.237889	0.0	2.85596	1.6896099999999998	-0.365951	0.359508	
3	0.706529	0.585957	-0.396826	0.0	0.30383000000000004	0.255271	0.917891	0.0	0.639143	-0.769084	0.00232509	0.0	-3.04077	-0.49498400000000004	-2.1589400000000003	0.00034523	-0.057766599999999994	0.703353	-0.70849	0.0	0.40899	-0.6307149999999999	-0.659489	0.0	-0.910708	-0.327862	-0.25123	0.0	2.85658	1.7582900000000001	-0.39029	0.359574	
3	0.760159	0.548687	-0.347994	0.0	0.27625900000000003	0.211825	0.937449	0.0	0.58808	-0.808747	0.00944097	0.0	-3.0924400000000003	-0.58922	-2.26035	0.0	-0.0464161	0.70535	-0.707338	0.0	0.407059	-0.633287	-0.6582180000000001	0.0	-0.912222	-0.31848000000000004	-0.257725	0.0	2.82464	1.79413	-0.404204	0.35954	
3	0.759316	0.552855	-0.34320700000000004	0.0	0.272171	0.209249	0.9392219999999999	0.0	0.591069	-0.806577	0.00841491	0.0	-3.08167	-0.627128	-2.32898	0.0	-0.045405900000000006	0.70349	-0.709253	0.0	0.40582199999999996	-0.635771	-0.6565850000000001	0.0	-0.9128229999999999	-0.317644	-0.25662399999999996	0.0	2.79205	1.80007	-0.393996	0.359689	
3	0.762777	0.543978	-0.34965599999999997	0.0	0.269485	0.224122	0.9365610000000001	0.0	0.587834	-0.808614	0.024361	0.0	-3.0657900000000002	-0.649455	-2.34403	0.0	-0.044976199999999994	0.70224	-0.710519	0.0	0.40528800000000004	-0.637251	-0.6554800000000001	0.0	-0.913082	-0.317445	-0.255948	0.0	2.78212	1.8013599999999999	-0.387327	0.35936799999999997	
3	0.763306	0.5371060000000001	-0.35899899999999996	0.0	0.27268600000000004	0.235907	0.932733	0.0	0.585667	-0.809855	0.0336077	0.0	-3.05042	-0.6352399999999999	-2.31126	0.0	-0.0456784	0.702557	-0.71016	0.0	0.4107	-0.634835	-0.654455	0.0	-0.910626	-0.32155700000000004	-0.259542	0.0	2.77937	1.8141200000000002	-0.37990799999999997	0.35909	
3	0.759411	0.538447	-0.365198	0.0	0.278018	0.238921	0.9303889999999999	0.0	0.5882189999999999	-0.808079	0.031741000000000005	0.0	-3.0607599999999997	-0.614977	-2.28009	0.0	-0.046191199999999995	0.699979	-0.7126680000000001	0.0	0.409631	-0.637414	-0.652615	0.0	-0.9110809999999999	-0.32207600000000003	-0.25729	0.0	2.77877	1.8140599999999998	-0.372975	0.359198	
3	0.751372	0.540802	-0.378118	0.0	0.28615100000000004	0.24930100000000002	0.925185	0.0	0.594607	-0.803357	0.0325663	0.0	-3.10914	-0.566114	-2.29311	0.0	-0.04264280000000001	0.702715	-0.710192	0.0	0.414475	-0.634342	-0.65255	0.0	-0.909061	-0.322183	-0.264208	0.0	2.7852799999999998	1.83513	-0.363565	0.35893200000000003	
3	0.746693	0.542266	-0.38522399999999996	0.0	0.288209	0.25819699999999995	0.9221010000000001	0.0	0.599487	-0.799551	0.036508	0.0	-3.15132	-0.535449	-2.2823	0.0	-0.038979599999999996	0.704458	-0.708675	0.0	0.416013	-0.633386	-0.6524989999999999	0.0	-0.908523	-0.320252	-0.268374	0.0	2.79438	1.8499299999999999	-0.342907	0.358806	
3	0.743675	0.544702	-0.38761799999999996	0.0	0.288491	0.26156799999999997	0.921062	0.0	0.603093	-0.796795	0.0373804	0.0	-3.1481	-0.523062	-2.26165	0.0	-0.040475199999999996	0.703874	-0.709171	0.0	0.416083	-0.633413	-0.652429	0.0	-0.9084260000000001	-0.321481	-0.267233	0.0	2.80173	1.8637	-0.336704	0.358697	
3	0.739738	0.5498890000000001	-0.387827	0.0	0.28613	0.2646	0.920932	0.0	0.6090300000000001	-0.792218	0.0383952	0.0	-3.12664	-0.511367	-2.25913	0.0	-0.0407769	0.70577	-0.707266	0.0	0.41820799999999997	-0.630811	-0.6535890000000001	0.0	-0.907435	-0.322436	-0.269436	0.0	2.81635	1.8761700000000001	-0.337855	0.358632	
3	0.731405	0.559782	-0.38947600000000004	0.0	0.28384000000000004	0.269411	0.9202459999999999	0.0	0.620066	-0.783621	0.0381606	0.0	-3.0926400000000003	-0.484362	-2.2593099999999997	0.0	-0.0398416	0.708792	-0.704291	0.0	0.42258999999999997	-0.626758	-0.654669	0.0	-0.905445	-0.32371	-0.27455799999999997	0.0	2.83428	1.88665	-0.34082399999999996	0.3584	
3	0.719057	0.569654	-0.39805999999999997	0.0	0.288245	0.27672399999999997	0.9167	0.0	0.632354	-0.773898	0.03478	0.0	-3.0665	-0.45803299999999997	-2.2696400000000003	0.0	-0.036720300000000004	0.7100609999999999	-0.703182	0.0	0.42290500000000003	-0.6265	-0.654713	0.0	-0.90543	-0.321421	-0.277283	0.0	2.84459	1.90002	-0.341296	0.35833200000000004	
3	0.7127060000000001	0.573857	-0.403408	0.0	0.290754	0.28169099999999997	0.914392	0.0	0.638367	-0.768985	0.033912	0.0	-3.0340599999999998	-0.43281899999999995	-2.2928599999999997	0.0	-0.035975599999999996	0.710216	-0.703064	0.0	0.42295699999999997	-0.626583	-0.6546	0.0	-0.905435	-0.320915	-0.27784899999999996	0.0	2.84594	1.9052	-0.339677	0.3584	
3	0.712316	0.571181	-0.40786999999999995	0.0	0.29274	0.286381	0.912299	0.0	0.637894	-0.769245	0.036786	0.0	-3.0384900000000004	-0.42313100000000003	-2.29523	0.0	-0.0345407	0.707465	-0.705904	0.0	0.420846	-0.630352	-0.652338	0.0	-0.906474	-0.31960900000000003	-0.275961	0.0	2.84649	1.9211099999999999	-0.337829	0.358263	
3	0.7056100000000001	0.573703	-0.41590900000000003	0.0	0.29797399999999996	0.292297	0.9087209999999999	0.0	0.6429050000000001	-0.7651319999999999	0.035298800000000005	0.0	-3.07099	-0.412389	-2.28721	0.0	-0.030686500000000002	0.706595	-0.706952	0.0	0.41786899999999993	-0.633441	-0.651259	0.0	-0.9079889999999999	-0.315398	-0.275826	0.0	2.8336200000000002	1.9405400000000002	-0.34428800000000004	0.358056	
3	0.708071	0.568886	-0.418335	0.0	0.30243200000000003	0.291027	0.9076559999999999	0.0	0.638099	-0.769202	0.0340182	0.0	-3.10968	-0.40687	-2.26894	0.0	-0.028516500000000004	0.707392	-0.706246	0.0	0.41338100000000005	-0.63494	-0.6526609999999999	0.0	-0.910111	-0.31056100000000003	-0.274316	0.0	2.81067	1.9464299999999999	-0.356167	0.358082	
3	0.708108	0.5687979999999999	-0.418391	0.0	0.302534	0.290996	0.907631	0.0	0.638009	-0.769279	0.0339758	0.0	-3.10771	-0.407146	-2.2699	0.0	-0.028458400000000002	0.707484	-0.706156	0.0	0.41334799999999994	-0.634885	-0.652736	0.0	-0.910128	-0.31046399999999996	-0.27436900000000003	0.0	2.81173	1.9463	-0.355488	0.35808	
3	0.7081109999999999	0.5687939999999999	-0.418393	0.0	0.302535	0.290998	0.9076299999999999	0.0	0.6380060000000001	-0.769281	0.0339789	0.0	-3.10757	-0.407158	-2.2699599999999998	0.0	-0.028453500000000003	0.707487	-0.706154	0.0	0.413347	-0.634884	-0.652738	0.0	-0.9101290000000001	-0.31045900000000004	-0.274373	0.0	2.8118	1.94629	-0.355443	0.35808	
3	0.706861	0.549405	-0.445536	0.0	0.324872	0.307348	0.894424	0.0	0.628336	-0.776976	0.0387662	0.0	-3.13334	-0.420096	-2.31144	0.0	-0.00663692	0.705453	-0.708726	0.0	0.371409	-0.656303	-0.656751	0.0	-0.9284459999999999	-0.267586	-0.257656	0.0	2.7541700000000002	1.98154	-0.320056	0.357976	
3	0.705488	0.553795	-0.44226400000000005	0.0	0.319567	0.308422	0.895965	0.0	0.632584	-0.7734260000000001	0.0406135	0.0	-3.15524	-0.395385	-2.24241	0.0	-0.013303	0.705638	-0.708448	0.0	0.37756300000000004	-0.652515	-0.657017	0.0	-0.925889	-0.276223	-0.257742	0.0	2.70689	1.99953	-0.306627	0.357788	
3	0.694642	0.562595	-0.44828599999999996	0.0	0.32838	0.30646	0.8934469999999999	0.0	0.640031	-0.767834	0.028135000000000004	0.0	-3.16657	-0.35802	-2.20514	0.0	-0.014570699999999999	0.7056279999999999	-0.708433	0.0	0.377747	-0.652118	-0.657305	0.0	-0.925794	-0.277186	-0.25704699999999997	0.0	2.69868	2.02145	-0.301559	0.35785900000000004	
3	0.67728	0.568075	-0.467528	0.0	0.33831300000000003	0.323826	0.8835620000000001	0.0	0.653327	-0.7565890000000001	0.027133299999999996	0.0	-3.18109	-0.33579499999999995	-2.19178	0.0	-0.014301	0.7042510000000001	-0.709808	0.0	0.375392	-0.6541710000000001	-0.656613	0.0	-0.9267559999999999	-0.275846	-0.25501399999999996	0.0	2.69752	2.0379400000000003	-0.29781599999999997	0.35770100000000005	
3	0.646454	0.5764670000000001	-0.499783	0.0	0.348387	0.359744	0.865569	0.0	0.678766	-0.7336689999999999	0.0317241	0.0	-3.21695	-0.311365	-2.17582	0.0	-0.014348699999999999	0.703615	-0.710437	0.0	0.37596	-0.6545770000000001	-0.655884	0.0	-0.926525	-0.276507	-0.255139	0.0	2.6996700000000002	2.0447599999999997	-0.29543600000000003	0.35751	
3	0.45241099999999995	0.599233	-0.660488	0.0	0.373706	0.545071	0.750494	0.0	0.8097340000000001	-0.58636	0.022659099999999998	0.0	-3.26594	-0.07387250000000001	-1.90189	-8.15065e-05	-0.0152002	0.703311	-0.710719	0.0	0.37412399999999996	-0.655169	-0.656342	0.0	-0.9272540000000001	-0.27587399999999995	-0.25316700000000003	0.0	2.72235	2.0579099999999997	-0.267764	0.357534	
3	0.28263699999999997	0.61112	-0.7393569999999999	0.0	0.323062	0.665108	0.673248	0.0	0.9031870000000001	-0.42914300000000005	-0.00944602	0.0	-3.28643	0.33256399999999997	-1.50315	9.2514e-05	-0.0177041	0.704573	-0.709411	0.0	0.377297	-0.652358	-0.657325	0.0	-0.9259229999999999	-0.279296	-0.254284	0.0	2.77042	2.0474200000000002	-0.24759099999999998	0.357483	
3	0.13231400000000001	0.637903	-0.758666	0.0	0.20991500000000002	0.730001	0.650411	0.0	0.968725	-0.24531399999999998	-0.0373161	0.0	-3.3119699999999996	0.8887510000000001	-1.0009700000000001	4.28264e-05	-0.022428599999999996	0.706687	-0.707171	0.0	0.384195	-0.64694	-0.658683	0.0	-0.9229799999999999	-0.286465	-0.256996	0.0	2.80939	2.0287900000000003	-0.206823	0.357396	
3	0.0673816	0.632015	-0.772022	0.0	0.172894	0.754677	0.6329060000000001	0.0	0.982633	-0.176124	-0.058419900000000004	0.0	-3.36003	1.19614	-0.689673	-8.153920000000001e-05	-0.024259299999999998	0.707864	-0.705932	0.0	0.388527	-0.643954	-0.659068	0.0	-0.921118	-0.29026199999999996	-0.259402	0.0	2.8265700000000002	2.0221	-0.18851300000000001	0.35741100000000003	
3	-0.026399900000000004	0.640472	-0.767528	0.0	0.12321199999999999	0.764026	0.633311	0.0	0.992029	-0.0778495	-0.0990841	0.0	-3.4928	1.7437099999999999	0.129576	-6.31809e-05	-0.0206125	0.707275	-0.706639	0.0	0.393801	-0.643908	-0.655975	0.0	-0.9189649999999999	-0.291796	-0.265253	0.0	2.8668	2.01937	-0.165542	0.357302	
3	-0.0586818	0.64713	-0.7601180000000001	0.0	0.116347	0.760674	0.638622	0.0	0.991474	-0.0509622	-0.11993	0.0	-3.55036	1.88037	0.42226400000000003	0.0	-0.0192699	0.706762	-0.7071890000000001	0.0	0.394926	-0.644421	-0.6547930000000001	0.0	-0.9185110000000001	-0.291905	-0.266701	0.0	2.88079	2.01919	-0.15523299999999998	0.357142	
3	-0.102394	0.648141	-0.754605	0.0	0.0915078	0.761513	0.641658	0.0	0.990526	-0.0033505	-0.137284	0.0	-3.58505	2.1722599999999996	1.04503	0.0	-0.0141013	0.705941	-0.70813	0.0	0.390088	-0.648199	-0.653964	0.0	-0.9206690000000001	-0.285455	-0.266239	0.0	2.87552	2.02125	-0.14363499999999998	0.35728000000000004	
3	-0.101142	0.655225	-0.748633	0.0	0.101836	0.755357	0.647352	0.0	0.9896459999999999	-0.0107631	-0.143124	0.0	-3.60342	2.19633	1.19543	0.0	-0.011479999999999999	0.706311	-0.707809	0.0	0.385498	-0.650011	-0.654887	0.0	-0.922637	-0.280377	-0.264819	0.0	2.8608	2.01868	-0.146791	0.357598	
3	-0.112516	0.672262	-0.7317130000000001	0.0	0.115621	0.740244	0.6623220000000001	0.0	0.9869	-0.01008	-0.161017	0.0	-3.6131900000000003	2.17517	1.41335	0.0	-0.00843751	0.7042609999999999	-0.7098909999999999	0.0	0.381412	-0.65398	-0.6533260000000001	0.0	-0.924367	-0.276273	-0.26309499999999997	0.0	2.84154	2.02054	-0.140045	0.357697	
3	-0.117309	0.6751560000000001	-0.728288	0.0	0.11874100000000001	0.737626	0.664686	0.0	0.9859709999999999	-0.00850371	-0.166699	0.0	-3.647	2.1602099999999997	1.45868	0.0	-0.00958884	0.70373	-0.710403	0.0	0.380617	-0.654389	-0.6533800000000001	0.0	-0.924683	-0.27665700000000004	-0.261577	0.0	2.83851	2.01957	-0.135933	0.357779	
3	-0.148148	0.672986	-0.7246670000000001	0.0	0.108425	0.739388	0.664492	0.0	0.9830040000000001	0.019871200000000002	-0.182507	0.0	-3.6782800000000004	2.17863	1.46266	0.0	-0.012818799999999998	0.701646	-0.712411	0.0	0.386517	-0.6536109999999999	-0.6506890000000001	0.0	-0.922193	-0.2837	-0.26282	0.0	2.83828	2.0304	-0.129503	0.357506	
3	-0.151315	0.666985	-0.729545	0.0	0.10108099999999999	0.744614	0.6597970000000001	0.0	0.9833040000000001	0.026094299999999997	-0.180091	0.0	-3.67211	2.1964799999999998	1.45497	0.0	-0.012789299999999998	0.6993060000000001	-0.714708	0.0	0.389913	-0.6546960000000001	-0.647565	0.0	-0.9207629999999999	-0.286956	-0.26429600000000003	0.0	2.8399099999999997	2.03669	-0.12756199999999998	0.35730700000000004	
3	-0.16226	0.6559550000000001	-0.737153	0.0	0.0978044	0.754066	0.649476	0.0	0.9818889999999999	0.0332874	-0.18650999999999998	0.0	-3.6423699999999997	2.22668	1.44353	0.0	-0.012934999999999999	0.6973699999999999	-0.716595	0.0	0.394255	-0.655039	-0.644582	0.0	-0.91891	-0.29085900000000003	-0.266469	0.0	2.8528700000000002	2.03777	-0.110581	0.357059	
3	-0.168889	0.648033	-0.7426510000000001	0.0	0.101994	0.7609199999999999	0.640779	0.0	0.9803440000000001	0.0324741	-0.194606	0.0	-3.6021	2.25893	1.4658	0.0	-0.015016999999999999	0.6975	-0.716428	0.0	0.39645199999999997	-0.6536270000000001	-0.644668	0.0	-0.917933	-0.29370999999999997	-0.26671	0.0	2.86842	2.03029	-0.0896699	0.35716	
3	-0.168183	0.647112	-0.743613	0.0	0.106109	0.76186	0.638992	0.0	0.980028	0.0285637	-0.196796	0.0	-3.59378	2.27667	1.4793	0.0	-0.0141928	0.6972729999999999	-0.716665	0.0	0.398212	-0.653504	-0.643708	0.0	-0.917184	-0.29452	-0.268387	0.0	2.87908	2.0200299999999998	-0.0865388	0.357057	
3	-0.146804	0.668763	-0.728838	0.0	0.135871	0.74347	0.654821	0.0	0.9797899999999999	-0.00289732	-0.20001	0.0	-3.59378	2.29862	1.5157	0.0	-0.0107598	0.695868	-0.71809	0.0	0.397348	-0.6560229999999999	-0.641676	0.0	-0.9176049999999999	-0.292236	-0.269443	0.0	2.89414	2.02408	-0.0567646	0.357085	
3	-0.056909900000000006	0.735823	-0.674778	0.0	0.19633299999999998	0.670924	0.715062	0.0	0.978884	-0.09178710000000001	-0.182649	0.0	-3.59524	2.2627099999999998	1.55342	0.0	-0.00857919	0.697063	-0.716958	0.0	0.39553299999999997	-0.656146	-0.642671	0.0	-0.9184120000000001	-0.289094	-0.270082	0.0	2.8968700000000003	2.02704	-0.0157705	0.357157	
3	-0.0402843	0.746149	-0.66456	0.0	0.207902	0.656802	0.7248359999999999	0.0	0.9773200000000001	-0.108964	-0.181585	0.0	-3.5958699999999997	2.25178	1.55853	0.0	-0.00826651	0.697448	-0.716588	0.0	0.39568200000000003	-0.6558430000000001	-0.642889	0.0	-0.91835	-0.288856	-0.270546	0.0	2.8963799999999997	2.0268900000000003	-0.014221600000000001	0.357216	
3	0.5675939999999999	0.753626	-0.331487	0.0	0.331497	0.159356	0.929901	0.0	0.753622	-0.637694	-0.159375	0.0	-3.5835800000000004	1.67862	1.61617	0.0945905	-0.00418866	0.705287	-0.70891	0.0	0.388547	-0.652067	-0.65103	0.0	-0.9214190000000001	-0.278172	-0.271306	0.0	2.86083	1.9867099999999998	-0.0227598	0.357613	
3	0.6614399999999999	0.694368	-0.283463	0.0	0.3051	0.09614869999999999	0.9474540000000001	0.0	0.685136	-0.713168	-0.148255	0.0	-3.5679300000000005	1.48622	1.53649	0.10338199999999999	-0.00237465	0.706199	-0.70801	0.0	0.38602600000000004	-0.652485	-0.6521100000000001	0.0	-0.922485	-0.274859	-0.27106199999999997	0.0	2.84789	1.9793599999999998	-0.048437	0.357511	
3	0.741128	0.6455270000000001	-0.184454	0.0	0.18173599999999998	0.071587	0.9807379999999999	0.0	0.6462979999999999	-0.760375	-0.06426040000000001	0.0	-3.4038800000000005	0.979095	1.1401	0.107125	-0.00184834	0.705559	-0.708649	0.0	0.377714	-0.655662	-0.6537890000000001	0.0	-0.9259209999999999	-0.268875	-0.265288	0.0	2.81719	1.9942900000000001	-0.10679200000000001	0.357493	
3	0.756934	0.629013	-0.17718299999999998	0.0	0.140474	0.108179	0.984157	0.0	0.638215	-0.769832	-0.00647527	0.0	-3.27658	0.806055	0.982936	0.106242	-0.00508112	0.70622	-0.707974	0.0	0.37492600000000004	-0.654992	-0.656061	0.0	-0.927041	-0.26877199999999996	-0.26145300000000005	0.0	2.79587	2.00895	-0.10991500000000001	0.357526	
3	0.838443	0.540389	-0.07066560000000001	0.0	-0.00329205	0.134684	0.990883	0.0	0.54498	-0.830566	0.114703	0.0	-2.95719	0.324218	0.5879909999999999	0.109854	-0.00934678	0.7058949999999999	-0.708255	0.0	0.370625	-0.6553939999999999	-0.6581	0.0	-0.9287350000000001	-0.268648	-0.255497	0.0	2.7155299999999998	2.04833	-0.11371099999999999	0.357592	
3	0.8382569999999999	0.5436529999999999	-0.0420403	0.0	-0.0350402	0.130647	0.9908100000000001	0.0	0.544149	-0.8290799999999999	0.128566	0.0	-2.7705599999999997	0.101927	0.297394	0.138312	-0.010424700000000002	0.703296	-0.710821	0.0	0.370203	-0.657633	-0.656101	0.0	-0.928892	-0.269988	-0.25350700000000004	0.0	2.69164	2.06753	-0.10383699999999998	0.357593	
3	0.8585389999999999	0.51163	-0.033849800000000006	0.0	-0.0427445	0.137201	0.9896209999999999	0.0	0.5109640000000001	-0.848181	0.13966199999999998	0.0	-2.54387	-0.100247	-0.00765465	0.156282	-0.0123712	0.704177	-0.709917	0.0	0.371415	-0.65594	-0.6571100000000001	0.0	-0.928384	-0.271803	-0.25342800000000004	0.0	2.68499	2.06527	-0.09540900000000001	0.357521	
3	0.870693	0.490699	-0.033278300000000004	0.0	-0.0507417	0.156925	0.9863059999999999	0.0	0.489202	-0.857082	0.16153299999999998	0.0	-2.44238	-0.24043499999999998	-0.145101	0.18344100000000002	-0.0144192	0.705685	-0.708379	0.0	0.373458	-0.653382	-0.658499	0.0	-0.927535	-0.274045	-0.25412199999999996	0.0	2.68303	2.06465	-0.0907945	0.357606	
3	0.8746	0.48453100000000004	-0.0174548	0.0	-0.111384	0.23583099999999999	0.96539	0.0	0.47187700000000005	-0.8423860000000001	0.260227	0.0	-2.2732099999999997	-0.590396	-0.378515	0.23698000000000002	-0.016384700000000002	0.710899	-0.703104	0.0	0.379467	-0.646167	-0.662173	0.0	-0.92506	-0.277654	-0.259176	0.0	2.7257700000000002	2.05632	-0.0942298	0.35746300000000003	
3	0.887131	0.460717	-0.027179000000000002	0.0	-0.108977	0.266338	0.9577	0.0	0.448467	-0.846643	0.286484	0.0	-2.15334	-0.770964	-0.510844	0.266192	-0.016201499999999997	0.710333	-0.70368	0.0	0.381803	-0.646047	-0.660946	0.0	-0.9241020000000001	-0.279375	-0.26074	0.0	2.7602599999999997	2.05334	-0.0956211	0.357466	
3	0.886106	0.46274499999999996	-0.026116399999999998	0.0	-0.10943399999999999	0.26364299999999996	0.958393	0.0	0.450377	-0.8463799999999999	0.284256	0.0	-2.14577	-0.781039	-0.5292560000000001	0.26468	-0.0162425	0.710154	-0.703859	0.0	0.381344	-0.646342	-0.660922	0.0	-0.92429	-0.279148	-0.260315	0.0	2.76065	2.05288	-0.0947079	0.357388	
3	0.9121940000000001	0.40370900000000004	-0.070156	0.0	-0.10117999999999999	0.38783	0.916161	0.0	0.39707	-0.8286180000000001	0.394624	0.0	-2.07406	-1.04367	-0.6253989999999999	0.27055100000000004	-0.016577	0.705307	-0.708708	0.0	0.382579	-0.650392	-0.656219	0.0	-0.923774	-0.282015	-0.259054	0.0	2.78248	2.06052	-0.07371130000000001	0.3575	
3	0.9181440000000001	0.38911799999999996	-0.07482689999999999	0.0	-0.105156	0.421342	0.9007850000000001	0.0	0.38203899999999996	-0.819182	0.427771	0.0	-2.07903	-1.12255	-0.638207	0.26852	-0.0178549	0.705756	-0.70823	0.0	0.384276	-0.649093	-0.656514	0.0	-0.9230459999999999	-0.283878	-0.25961599999999996	0.0	2.78608	2.05993	-0.06305459999999999	0.357505	
3	0.927767	0.362377	-0.0890589	0.0	-0.08664880000000001	0.44134300000000004	0.8931450000000001	0.0	0.36296	-0.8209139999999999	0.440863	0.0	-2.08747	-1.18442	-0.676331	0.261027	-0.015087799999999998	0.711105	-0.702924	0.0	0.390945	-0.6428470000000001	-0.6587189999999999	0.0	-0.9202899999999999	-0.28474299999999997	-0.268304	0.0	2.81413	2.07036	-0.0121212	0.357356	
3	0.9541040000000001	0.279531	-0.10746300000000002	0.0	-0.0359594	0.463174	0.8855379999999999	0.0	0.297309	-0.841031	0.45196800000000004	0.0	-2.1299099999999997	-1.26546	-0.750786	0.26524000000000003	-0.0128181	0.711476	-0.702593	0.0	0.391322	-0.643038	-0.658308	0.0	-0.920164	-0.283379	-0.27017399999999997	0.0	2.82527	2.07708	0.00184454	0.35728899999999997	
3	0.9582510000000001	0.256668	-0.126	0.0	-0.012438600000000001	0.477674	0.8784489999999999	0.0	0.285657	-0.840208	0.460924	0.0	-2.18668	-1.30817	-0.715066	0.267787	-0.012114	0.711222	-0.702863	0.0	0.391324	-0.643478	-0.657876	0.0	-0.9201729999999999	-0.283016	-0.270523	0.0	2.82543	2.081	0.00888248	0.35728499999999996	
3	0.957549	0.240162	-0.159441	0.0	0.0215357	0.49195500000000003	0.8703540000000001	0.0	0.287464	-0.836841	0.4659	0.0	-2.28917	-1.3906399999999999	-0.731071	0.277775	-0.012884399999999999	0.712155	-0.701904	0.0	0.38974899999999996	-0.6428659999999999	-0.659409	0.0	-0.920831	-0.282062	-0.269279	0.0	2.82567	2.08075	0.0120948	0.35741999999999996	
3	0.958045	0.234398	-0.164947	0.0	0.0292179	0.492625	0.869751	0.0	0.285125	-0.8380799999999999	0.46510799999999997	0.0	-2.314	-1.40357	-0.7447020000000001	0.280563	-0.0130197	0.713491	-0.700543	0.0	0.389689	-0.641587	-0.660688	0.0	-0.920855	-0.281596	-0.269687	0.0	2.82651	2.07836	0.00457219	0.357402	
3	0.956456	0.232355	-0.176646	0.0	0.0401155	0.49481499999999995	0.868072	0.0	0.289108	-0.837359	0.463947	0.0	-2.37257	-1.42131	-0.781277	0.27992399999999995	-0.012417000000000001	0.714933	-0.699083	0.0	0.388433	-0.640781	-0.662208	0.0	-0.921394	-0.279769	-0.26974699999999996	0.0	2.8288900000000003	2.07025	-0.0369141	0.35740500000000003	
3	0.9564229999999999	0.232377	-0.176792	0.0	0.040208	0.494899	0.8680200000000001	0.0	0.289202	-0.837303	0.46398900000000004	0.0	-2.3712400000000002	-1.4209100000000001	-0.780452	0.279928	-0.0124052	0.7149399999999999	-0.699076	0.0	0.38841	-0.640785	-0.6622180000000001	0.0	-0.9214030000000001	-0.27974299999999996	-0.269741	0.0	2.82902	2.07057	-0.0356446	0.357404	
3	0.9564219999999999	0.232379	-0.176798	0.0	0.0402122	0.494899	0.8680190000000001	0.0	0.289207	-0.837302	0.463988	0.0	-2.37115	-1.42089	-0.7803979999999999	0.27993	-0.012402799999999999	0.7149409999999999	-0.699075	0.0	0.388412	-0.640783	-0.6622180000000001	0.0	-0.921402	-0.279742	-0.269744	0.0	2.82903	2.07059	-0.035574800000000004	0.357403	
3	0.9564219999999999	0.232379	-0.176798	0.0	0.040212300000000006	0.494899	0.8680190000000001	0.0	0.289207	-0.837302	0.463988	0.0	-2.37115	-1.42089	-0.7803979999999999	0.279929	-0.012402799999999999	0.7149409999999999	-0.699075	0.0	0.388412	-0.640784	-0.6622180000000001	0.0	-0.921402	-0.279742	-0.269744	0.0	2.82903	2.07059	-0.035575300000000004	0.357404	
3	0.9564219999999999	0.232379	-0.176798	0.0	0.040212300000000006	0.494899	0.8680190000000001	0.0	0.289207	-0.837302	0.463988	0.0	-2.37115	-1.42089	-0.7803979999999999	0.279929	-0.012402799999999999	0.7149409999999999	-0.699075	0.0	0.388412	-0.640784	-0.6622180000000001	0.0	-0.921402	-0.279742	-0.269744	0.0	2.82903	2.07059	-0.035575300000000004	0.357404	
3	0.9564219999999999	0.232379	-0.176798	0.0	0.040212300000000006	0.494899	0.8680200000000001	0.0	0.289207	-0.837302	0.463988	0.0	-2.37115	-1.42089	-0.7803979999999999	0.279929	-0.0124029	0.7149409999999999	-0.699075	0.0	0.388412	-0.640784	-0.6622180000000001	0.0	-0.921402	-0.279742	-0.269744	0.0	2.82903	2.07059	-0.035575300000000004	0.357404	
3	0.9564219999999999	0.232379	-0.176798	0.0	0.040212300000000006	0.494899	0.8680190000000001	0.0	0.289207	-0.837302	0.463988	0.0	-2.37115	-1.42089	-0.780397	0.279929	-0.012402799999999999	0.7149409999999999	-0.699075	0.0	0.388412	-0.640784	-0.6622180000000001	0.0	-0.921402	-0.279742	-0.269744	0.0	2.82903	2.0706	-0.035575199999999994	0.357404	
3	0.9564219999999999	0.232379	-0.176798	0.0	0.040212300000000006	0.494899	0.8680190000000001	0.0	0.289207	-0.837302	0.463988	0.0	-2.37115	-1.42089	-0.7803979999999999	0.279929	-0.012402799999999999	0.7149409999999999	-0.699075	0.0	0.388412	-0.640784	-0.6622180000000001	0.0	-0.921402	-0.279742	-0.269744	0.0	2.82903	2.07059	-0.035575699999999995	0.357404	
3	0.9564219999999999	0.232379	-0.176798	0.0	0.040212300000000006	0.494899	0.8680200000000001	0.0	0.289207	-0.837302	0.463988	0.0	-2.37115	-1.42089	-0.7803979999999999	0.279929	-0.012402799999999999	0.7149409999999999	-0.699075	0.0	0.388412	-0.640784	-0.6622180000000001	0.0	-0.921402	-0.279742	-0.269744	0.0	2.82903	2.07059	-0.0355756	0.357404	
3	0.9564219999999999	0.232379	-0.176798	0.0	0.040212300000000006	0.494899	0.8680190000000001	0.0	0.289207	-0.837302	0.463988	0.0	-2.37115	-1.42089	-0.7803979999999999	0.279929	-0.012402799999999999	0.7149409999999999	-0.699075	0.0	0.388412	-0.640784	-0.6622180000000001	0.0	-0.921402	-0.279742	-0.269744	0.0	2.82903	2.0706	-0.0355754	0.357404	
3	0.9564219999999999	0.232379	-0.176798	0.0	0.040212300000000006	0.494899	0.8680190000000001	0.0	0.289207	-0.837302	0.463988	0.0	-2.37115	-1.42089	-0.7803979999999999	0.279929	-0.012402799999999999	0.7149409999999999	-0.699075	0.0	0.388412	-0.640784	-0.6622180000000001	0.0	-0.921402	-0.279742	-0.269744	0.0	2.82903	2.07059	-0.0355754	0.357404	
3	0.9564219999999999	0.232379	-0.176798	0.0	0.040212300000000006	0.494899	0.8680190000000001	0.0	0.289207	-0.837302	0.463988	0.0	-2.37115	-1.42089	-0.7803979999999999	0.279929	-0.012402799999999999	0.7149409999999999	-0.699075	0.0	0.388412	-0.640784	-0.6622180000000001	0.0	-0.921402	-0.279742	-0.269744	0.0	2.82903	2.0706	-0.035575199999999994	0.357404	
3	0.9564219999999999	0.232379	-0.176798	0.0	0.040212300000000006	0.494899	0.8680190000000001	0.0	0.289207	-0.837302	0.463988	0.0	-2.37115	-1.42089	-0.7803979999999999	0.279929	-0.012402799999999999	0.7149409999999999	-0.699075	0.0	0.388412	-0.640784	-0.6622180000000001	0.0	-0.921402	-0.279742	-0.269744	0.0	2.82903	2.07059	-0.0355755	0.357404	
3	0.9564219999999999	0.232379	-0.176798	0.0	0.040212300000000006	0.494899	0.8680190000000001	0.0	0.289207	-0.837302	0.463988	0.0	-2.37115	-1.42089	-0.7803979999999999	0.27993	-0.0124029	0.7149409999999999	-0.699075	0.0	0.388412	-0.640784	-0.6622180000000001	0.0	-0.921402	-0.279742	-0.269744	0.0	2.82903	2.07059	-0.0355756	0.357404	
3	0.9564219999999999	0.232379	-0.176798	0.0	0.040212300000000006	0.4949	0.8680190000000001	0.0	0.289207	-0.837302	0.463988	0.0	-2.37115	-1.42089	-0.7803979999999999	0.27993	-0.0124029	0.7149409999999999	-0.699075	0.0	0.388412	-0.640784	-0.6622180000000001	0.0	-0.921402	-0.279742	-0.269744	0.0	2.82903	2.0706	-0.0355754	0.357404	
3	0.9564219999999999	0.232379	-0.176798	0.0	0.0402122	0.494899	0.8680190000000001	0.0	0.289207	-0.837302	0.463988	0.0	-2.37115	-1.42089	-0.7803979999999999	0.27993	-0.012402799999999999	0.7149409999999999	-0.699075	0.0	0.388412	-0.640784	-0.6622180000000001	0.0	-0.921402	-0.279742	-0.269744	0.0	2.82903	2.07059	-0.0355754	0.357404	
3	0.9564219999999999	0.232379	-0.176798	0.0	0.040212300000000006	0.494899	0.8680190000000001	0.0	0.289207	-0.837302	0.463988	0.0	-2.37115	-1.42089	-0.7803979999999999	0.279929	-0.012402799999999999	0.7149409999999999	-0.699075	0.0	0.388412	-0.640784	-0.6622180000000001	0.0	-0.921402	-0.279742	-0.269744	0.0	2.82903	2.07059	-0.035575699999999995	0.357404	
3	0.9564219999999999	0.232379	-0.176798	0.0	0.040212300000000006	0.494899	0.8680190000000001	0.0	0.289207	-0.837302	0.463988	0.0	-2.37115	-1.42089	-0.7803979999999999	0.279929	-0.012402799999999999	0.7149409999999999	-0.699075	0.0	0.388412	-0.640784	-0.6622180000000001	0.0	-0.921402	-0.279742	-0.269744	0.0	2.82903	2.0706	-0.035575300000000004	0.357404	
3	0.9564219999999999	0.232379	-0.176798	0.0	0.040212300000000006	0.494899	0.8680190000000001	0.0	0.289207	-0.837302	0.463988	0.0	-2.37115	-1.42089	-0.7803979999999999	0.279929	-0.0124029	0.7149409999999999	-0.699075	0.0	0.388412	-0.640784	-0.6622180000000001	0.0	-0.921402	-0.279742	-0.269744	0.0	2.82903	2.07059	-0.035575199999999994	0.357404	
3	0.9564219999999999	0.232379	-0.176798	0.0	0.040212300000000006	0.494899	0.8680190000000001	0.0	0.289207	-0.837302	0.463988	0.0	-2.37115	-1.42089	-0.7803979999999999	0.279929	-0.0124029	0.7149409999999999	-0.699075	0.0	0.388412	-0.640784	-0.6622180000000001	0.0	-0.921402	-0.279742	-0.269744	0.0	2.82903	2.0706	-0.035574699999999994	0.357404	
3	0.9564219999999999	0.232379	-0.176798	0.0	0.040212300000000006	0.494899	0.8680190000000001	0.0	0.289207	-0.837302	0.463988	0.0	-2.37115	-1.42089	-0.7803979999999999	0.279929	-0.0124029	0.7149409999999999	-0.699075	0.0	0.388412	-0.640784	-0.6622180000000001	0.0	-0.921402	-0.279742	-0.269744	0.0	2.82903	2.0706	-0.035575	0.357404	
3	-0.226102	0.48933000000000004	-0.8422790000000001	0.0	-0.0712401	0.854049	0.5152909999999999	0.0	0.9714950000000001	0.176512	-0.158242	0.0	-2.3497	-1.43484	-0.7709239999999999	0.200227	0.00665033	0.713407	-0.7007180000000001	0.0	0.36774	-0.653375	-0.661716	0.0	-0.929905	-0.253281	-0.266694	0.0	2.78505	2.08413	-0.00920243	0.35677600000000004	
3	-0.22723200000000002	0.488308	-0.842568	0.0	-0.07109789999999999	0.854574	0.51444	0.0	0.971242	0.176802	-0.159469	0.0	-2.34175	-1.43059	-0.755255	0.20448	0.00750166	0.7127979999999999	-0.70133	0.0	0.367191	-0.6543180000000001	-0.661089	0.0	-0.9301149999999999	-0.25256300000000004	-0.26664099999999996	0.0	2.78145	2.0883599999999998	-0.00918791	0.356915	
3	-0.227812	0.49001300000000003	-0.8414209999999999	0.0	-0.0731054	0.8530969999999999	0.516606	0.0	0.970957	0.179201	-0.158523	0.0	-2.3365400000000003	-1.42347	-0.7454890000000001	0.21766799999999997	0.00832748	0.718102	-0.695889	0.0	0.364921	-0.650101	-0.666485	0.0	-0.931001	-0.248394	-0.267464	0.0	2.78056	2.09203	-0.02384	0.357083	
3	-0.223298	0.496637	-0.838743	0.0	-0.07232539999999998	0.849656	0.522354	0.0	0.9720629999999999	0.177303	-0.153807	0.0	-2.33983	-1.43183	-0.744491	0.215969	0.009368000000000001	0.723534	-0.690225	0.0	0.362631	-0.645726	-0.6719649999999999	0.0	-0.9318860000000001	-0.244002	-0.268426	0.0	2.78352	2.0857	-0.051407100000000004	0.357088	
3	-0.213716	0.5189699999999999	-0.8276450000000001	0.0	-0.05825930000000001	0.83894	0.541097	0.0	0.9751569999999999	0.163859	-0.14906	0.0	-2.38472	-1.4943899999999999	-0.762517	0.21454	0.0148685	0.7235189999999999	-0.690144	0.0	0.354829	-0.649116	-0.672863	0.0	-0.9348129999999999	-0.23487800000000003	-0.266377	0.0	2.7759	2.07036	-0.0915502	0.35729099999999997	
3	-0.197019	0.5608420000000001	-0.804139	0.0	-0.0222861	0.817442	0.57558	0.0	0.980146	0.131321	-0.148553	0.0	-2.4142900000000003	-1.52924	-0.7749020000000001	0.20612800000000003	0.0173442	0.720681	-0.69305	0.0	0.34995	-0.653687	-0.67099	0.0	-0.936608	-0.230895	-0.26354	0.0	2.75239	2.07901	-0.101178	0.35728899999999997	
3	-0.149802	0.623711	-0.767166	0.0	0.0296684	0.778408	0.627057	0.0	0.9882709999999999	0.071174	-0.13511199999999998	0.0	-2.41648	-1.56723	-0.7659130000000001	0.176956	0.0174819	0.719885	-0.693873	0.0	0.349674	-0.654558	-0.670285	0.0	-0.936708	-0.23091199999999998	-0.26316799999999996	0.0	2.74653	2.0847700000000002	-0.10791400000000001	0.357212	
3	0.0591384	0.767921	-0.637809	0.0	0.190551	0.618495	0.762335	0.0	0.979894	-0.16661800000000002	-0.109751	0.0	-2.4185	-1.79092	-0.698769	0.14469100000000001	0.017400099999999998	0.7171489999999999	-0.696703	0.0	0.350028	-0.657084	-0.667624	0.0	-0.936578	-0.23224899999999998	-0.262455	0.0	2.7423599999999997	2.09565	-0.108508	0.35729	
3	0.487339	0.770881	-0.410174	0.0	0.32050100000000004	0.279036	0.905217	0.0	0.812268	-0.572609	-0.11108299999999999	0.0	-2.42391	-2.26321	-0.754731	0.15914	0.017706599999999996	0.714754	-0.699152	0.0	0.352613	-0.6587970000000001	-0.664568	0.0	-0.935602	-0.234763	-0.263696	0.0	2.74313	2.10869	-0.102658	0.357161	
3	0.575675	0.732571	-0.363233	0.0	0.273398	0.24620999999999998	0.9298569999999999	0.0	0.770618	-0.634602	-0.058546900000000006	0.0	-2.3755900000000003	-2.5114799999999997	-0.919691	0.150001	0.0195481	0.716275	-0.697545	0.0	0.352738	-0.657756	-0.665532	0.0	-0.9355180000000001	-0.233041	-0.265515	0.0	2.74389	2.11029	-0.0976823	0.357145	
3	0.699785	0.660492	-0.272124	0.0	0.199078	0.185533	0.962261	0.0	0.686053	-0.72755	-0.00165616	0.0	-2.1531	-2.74873	-1.03851	0.15921400000000002	0.020186199999999998	0.715679	-0.698138	0.0	0.352096	-0.6586350000000001	-0.665003	0.0	-0.935746	-0.232388	-0.265283	0.0	2.742	2.1030599999999997	-0.09430219999999999	0.35734499999999997	
3	0.825627	0.5417	-0.157802	0.0	0.115443	0.111577	0.987028	0.0	0.55228	-0.833133	0.0295855	0.0	-2.02239	-3.00788	-1.1530799999999999	0.156756	0.0186954	0.714199	-0.699693	0.0	0.355561	-0.658817	-0.662975	0.0	-0.934466	-0.236389	-0.266259	0.0	2.73981	2.10416	-0.0898938	0.357313	
3	0.8761700000000001	0.469175	-0.110457	0.0	0.0901086	0.065684	0.993764	0.0	0.473504	-0.880659	0.0152737	0.0	-1.9305400000000001	-3.16635	-1.3170600000000001	0.157845	0.0169299	0.713511	-0.70044	0.0	0.35675100000000004	-0.658741	-0.662411	0.0	-0.9340459999999999	-0.238668	-0.265698	0.0	2.74116	2.10926	-0.0862753	0.35732800000000003	
3	0.880395	0.461978	-0.107149	0.0	0.0867762	0.0651959	0.994092	0.0	0.46623400000000004	-0.8844920000000001	0.017309400000000003	0.0	-1.9162	-3.19512	-1.34715	0.15783	0.0167139	0.713669	-0.700283	0.0	0.35729	-0.658401	-0.662459	0.0	-0.933844	-0.239132	-0.265991	0.0	2.74186	2.10973	-0.0867832	0.35735100000000003	
3	0.923645	0.364135	-0.119524	0.0	0.102652	0.06541749999999999	0.9925639999999999	0.0	0.369247	-0.9290459999999999	0.0230433	0.0	-1.7315099999999999	-3.36573	-1.59981	0.153128	0.0136965	0.714501	-0.6995	0.0	0.36302399999999996	-0.655385	-0.6623319999999999	0.0	-0.931679	-0.244864	-0.268357	0.0	2.76439	2.10422	-0.08691789999999999	0.35735	
