3	-0.254372	0.848981	-0.46316899999999994	0.0	0.0793265	0.495625	0.864906	0.0	0.9638479999999999	0.183266	-0.19342	0.0	-2.93939	2.17597	1.37447	6.12736e-05	0.055650599999999995	0.971161	-0.23184000000000002	0.0	0.286411	-0.237969	-0.928084	0.0	-0.9564889999999999	-0.014753	-0.291394	0.0	2.8458	2.11175	1.47241	0.0	
3	-0.331117	0.856633	-0.39565300000000003	0.0	0.0654905	0.439158	0.89602	0.0	0.941314	0.270776	-0.201514	0.0	-3.03229	2.2913799999999998	1.4217799999999998	0.0	0.114749	0.9808209999999999	-0.15755	0.0	0.30225100000000005	-0.18555	-0.934995	0.0	-0.9462969999999999	0.059670400000000005	-0.31774600000000003	0.0	2.94578	2.1966099999999997	1.38347	0.0	
3	-0.361346	0.8389790000000001	-0.406869	0.0	0.058841	0.456	0.8880319999999999	0.0	0.930573	0.296946	-0.21414	0.0	-3.0682	2.46909	1.4584	0.0	0.16956500000000002	0.9744870000000001	-0.147049	0.0	0.27668000000000004	-0.19028	-0.9419350000000001	0.0	-0.9458840000000001	0.11903399999999999	-0.301886	0.0	3.02812	2.30324	1.32497	0.0	
3	-0.42277700000000007	0.840709	-0.33833	0.0	0.0952872	0.41250600000000004	0.905957	0.0	0.9012100000000001	0.35078000000000004	-0.25450700000000004	0.0	-3.10728	2.66093	1.40498	0.24196399999999998	0.269706	0.947895	-0.169569	0.0	0.247074	-0.23831999999999998	-0.939233	0.0	-0.9307059999999999	0.211421	-0.298477	0.0	3.04941	2.49355	1.3159100000000001	0.357014	
3	-0.341045	0.9027930000000001	-0.262019	0.0	0.13542300000000002	0.323006	0.936658	0.0	0.930241	0.283959	-0.23241900000000001	0.0	-3.0952900000000003	2.6880599999999997	1.4582700000000002	-0.011145	0.151321	0.966377	-0.207887	0.0	0.251162	-0.24099600000000002	-0.937464	0.0	-0.956044	0.089645	-0.279186	0.0	2.95867	2.41974	1.43985	-0.0102973	
3	-0.354551	0.897625	-0.261846	0.0	0.156842	0.333163	0.929733	0.0	0.921789	0.288569	-0.25890799999999997	0.0	-3.20149	2.6714599999999997	1.4214	0.0	0.188778	0.9514020000000001	-0.243304	0.0	0.21593400000000001	-0.281911	-0.934826	0.0	-0.9579850000000001	0.12393699999999999	-0.25865900000000003	0.0	2.97879	2.34484	1.4155	0.0	
3	-0.41606099999999996	0.8681530000000001	-0.270563	0.0	0.119627	0.347208	0.930127	0.0	0.9014340000000001	0.354623	-0.24831399999999998	0.0	-3.17177	2.67293	1.34186	0.0294712	0.26204299999999997	0.931103	-0.253733	0.0	0.208445	-0.311322	-0.927162	0.0	-0.942276	0.190067	-0.275663	0.0	3.0129900000000003	2.46367	1.32536	0.32116	
3	-0.26764	0.9064639999999999	-0.32663600000000004	0.0	0.134324	0.370795	0.918949	0.0	0.95411	0.202073	-0.22099899999999997	0.0	-3.1217599999999996	2.5923599999999998	1.31798	0.050889300000000005	0.12779100000000002	0.953303	-0.273646	0.0	0.225757	-0.296624	-0.9279270000000001	0.0	-0.965766	0.0568028	-0.253121	0.0	2.95687	2.3043299999999998	1.33619	0.00212169	
3	-0.158898	0.928399	-0.335897	0.0	0.19015	0.362627	0.9123290000000001	0.0	0.9688110000000001	0.0810959	-0.234156	0.0	-2.9996099999999997	2.34428	1.20684	0.0	0.11802699999999999	0.9421579999999999	-0.3137	0.0	0.242387	-0.333687	-0.9109889999999999	0.0	-0.962974	0.031484899999999996	-0.267751	0.0	2.9687900000000003	2.1634599999999997	1.17416	0.0	
3	-0.11464400000000001	0.898516	-0.423706	0.0	0.13962	0.43685799999999997	0.8886290000000001	0.0	0.9835459999999999	0.0427176	-0.175534	0.0	-2.93383	2.10217	1.12214	0.0	0.150732	0.908004	-0.390907	0.0	0.243338	-0.417337	-0.875566	0.0	-0.958158	0.0368531	-0.283858	0.0	2.93645	2.19618	1.05035	0.141931	
3	0.0533307	0.883495	-0.465395	0.0	0.23236300000000001	0.44228500000000004	0.866251	0.0	0.971166	-0.154338	-0.181704	0.0	-2.82748	1.84726	1.01183	0.33112600000000003	0.11218399999999999	0.862917	-0.492737	0.0	0.30690100000000003	-0.501713	-0.808762	0.0	-0.9451069999999999	-0.06049109999999999	-0.321114	0.0	2.84558	2.25755	0.7973859999999999	0.323974	
3	0.0876161	0.8898290000000001	-0.44780299999999995	0.0	0.205109	0.423785	0.882234	0.0	0.9748100000000001	-0.169147	-0.14538199999999998	0.0	-2.70037	1.7617	0.89135	0.349901	0.024982499999999998	0.8519549999999999	-0.523019	0.0	0.364077	-0.49500600000000006	-0.788934	0.0	-0.931034	-0.17071	-0.322544	0.0	2.72975	2.1751400000000003	0.614727	0.355815	
3	0.135902	0.8964200000000001	-0.42185600000000006	0.0	0.178575	0.39666799999999997	0.900425	0.0	0.9744959999999999	-0.197703	-0.10617	0.0	-2.58701	1.73868	0.766551	0.351719	-0.08785119999999999	0.825224	-0.557932	0.0	0.412631	-0.479638	-0.774392	0.0	-0.906652	-0.29825100000000004	-0.29837600000000003	0.0	2.57533	2.04108	0.393458	0.357858	
3	0.13502999999999998	0.90096	-0.412358	0.0	0.131404	0.39621	0.908708	0.0	0.98209	-0.17688800000000002	-0.0648899	0.0	-2.49421	1.80508	0.671592	0.352009	-0.210502	0.808577	-0.549447	0.0	0.449823	-0.41889499999999996	-0.788788	0.0	-0.867957	-0.413196	-0.275538	0.0	2.49326	1.8638400000000002	0.232535	0.355975	
3	0.141464	0.9090280000000001	-0.39199	0.0	0.08282619999999999	0.38371500000000003	0.9197299999999999	0.0	0.9864719999999999	-0.162576	-0.021009599999999996	0.0	-2.43664	1.8336299999999999	0.6480090000000001	0.35233200000000003	-0.243482	0.798037	-0.551229	0.0	0.44569200000000003	-0.41271599999999997	-0.794371	0.0	-0.8614379999999999	-0.439093	-0.255189	0.0	2.4356400000000002	1.79152	0.16293	0.356245	
3	0.24231100000000003	0.915192	-0.322038	0.0	-0.0179098	0.336093	0.941658	0.0	0.970033	-0.222406	0.0978299	0.0	-2.33213	1.7559900000000002	0.6845939999999999	0.350617	-0.33495199999999997	0.7690739999999999	-0.544365	0.0	0.43998699999999996	-0.383216	-0.812131	0.0	-0.833198	-0.511538	-0.210024	0.0	2.32593	1.64373	0.113982	0.356663	
3	0.31551999999999997	0.899649	-0.301794	0.0	-0.0582078	0.33579000000000003	0.9401370000000001	0.0	0.947132	-0.279065	0.158315	0.0	-2.3894900000000003	1.60481	0.663359	0.348927	-0.384015	0.754141	-0.532733	0.0	0.438967	-0.358481	-0.823893	0.0	-0.8123060000000001	-0.550239	-0.193381	0.0	2.29366	1.49975	0.08914939999999999	0.357344	
3	0.350641	0.8859520000000001	-0.303546	0.0	-0.09178760000000001	0.355076	0.930321	0.0	0.932001	-0.298347	0.205823	0.0	-2.4170700000000003	1.4976200000000002	0.619384	0.34880900000000004	-0.39295599999999997	0.75183	-0.52947	0.0	0.442988	-0.34979699999999997	-0.825472	0.0	-0.805821	-0.558923	-0.195597	0.0	2.2993099999999997	1.3977899999999999	0.0297117	0.357258	
3	0.391444	0.871509	-0.29536999999999997	0.0	-0.140301	0.373755	0.916855	0.0	0.909443	-0.317456	0.26857800000000004	0.0	-2.4143	1.37939	0.604789	0.348401	-0.397596	0.750205	-0.528308	0.0	0.44036000000000003	-0.34912	-0.8271629999999999	0.0	-0.8049850000000001	-0.5615220000000001	-0.191552	0.0	2.3025900000000004	1.35596	0.021367700000000003	0.357944	
3	0.41482700000000006	0.8622040000000001	-0.29072800000000004	0.0	-0.186659	0.393358	0.9002379999999999	0.0	0.8905489999999999	-0.319177	0.324113	0.0	-2.4047400000000003	1.2303899999999999	0.5750689999999999	0.34880900000000004	-0.393791	0.753084	-0.5270600000000001	0.0	0.43844799999999995	-0.350069	-0.8277770000000001	0.0	-0.807894	-0.55706	-0.192334	0.0	2.30143	1.3413	0.0153136	0.359021	
3	0.414601	0.854592	-0.312695	0.0	-0.204014	0.422163	0.883265	0.0	0.88684	-0.30240900000000004	0.349378	0.0	-2.38516	1.17969	0.557584	0.347806	-0.39107600000000003	0.752193	-0.530345	0.0	0.435838	-0.356174	-0.826551	0.0	-0.81062	-0.554388	-0.18854300000000002	0.0	2.27865	1.33996	0.0198234	0.360009	
3	0.416425	0.845469	-0.334323	0.0	-0.203701	0.44513800000000003	0.871985	0.0	0.886056	-0.295014	0.35759	0.0	-2.38763	1.20156	0.5618449999999999	0.34617	-0.383397	0.760699	-0.523777	0.0	0.44117700000000004	-0.347387	-0.827457	0.0	-0.811399	-0.548324	-0.202416	0.0	2.27115	1.35496	0.0174787	0.359852	
3	0.396423	0.8396969999999999	-0.371157	0.0	-0.193591	0.47164700000000004	0.860274	0.0	0.897425	-0.26918000000000003	0.34953	0.0	-2.40581	1.28528	0.571179	0.34530900000000003	-0.370665	0.771621	-0.5169229999999999	0.0	0.437845	-0.345666	-0.829944	0.0	-0.819084	-0.533963	-0.20972399999999997	0.0	2.26594	1.36446	0.0252729	0.360094	
3	0.35781599999999997	0.839986	-0.407911	0.0	-0.193447	0.494036	0.847648	0.0	0.913535	-0.22439299999999998	0.339267	0.0	-2.39732	1.3612600000000001	0.585859	0.345341	-0.358994	0.777891	-0.5157609999999999	0.0	0.440355	-0.346061	-0.82845	0.0	-0.8229280000000001	-0.524526	-0.21831399999999998	0.0	2.26232	1.36714	0.00673398	0.360421	
3	0.34820500000000004	0.837303	-0.42151700000000003	0.0	-0.19307	0.504074	0.8418040000000001	0.0	0.9173209999999999	-0.211738	0.337179	0.0	-2.38682	1.38265	0.644076	0.345315	-0.343832	0.780259	-0.52247	0.0	0.44132	-0.356848	-0.8233450000000001	0.0	-0.828865	-0.5136689999999999	-0.221648	0.0	2.2702299999999997	1.39325	0.00591089	0.360281	
3	0.335969	0.8305809999999999	-0.444139	0.0	-0.188843	0.521375	0.832169	0.0	0.922747	-0.195711	0.332015	0.0	-2.3772	1.4097899999999999	0.713885	0.34536	-0.338675	0.7818229999999999	-0.5235	0.0	0.44096899999999994	-0.359604	-0.822333	0.0	-0.8311709999999999	-0.509351	-0.22296999999999997	0.0	2.2667	1.3961700000000001	0.00539937	0.36028499999999997	
3	0.331917	0.83311	-0.44244700000000003	0.0	-0.190446	0.5185609999999999	0.8335610000000001	0.0	0.923884	-0.192411	0.330781	0.0	-2.36706	1.42662	0.7335430000000001	0.34532399999999996	-0.336341	0.781569	-0.525381	0.0	0.437404	-0.364408	-0.8221219999999999	0.0	-0.8339979999999999	-0.506317	-0.219296	0.0	2.25102	1.4072200000000001	0.0112929	0.36040900000000003	
3	0.333882	0.842665	-0.42241899999999993	0.0	-0.17944300000000002	0.49676099999999995	0.849134	0.0	0.925377	-0.207711	0.31706999999999996	0.0	-2.3782099999999997	1.42011	0.691159	0.344648	-0.336712	0.780894	-0.526147	0.0	0.438385	-0.36451500000000003	-0.8215520000000001	0.0	-0.833333	-0.5072810000000001	-0.219596	0.0	2.2472	1.41499	0.014929499999999998	0.360309	
3	0.338237	0.847075	-0.40995	0.0	-0.171101	0.48372	0.8583350000000001	0.0	0.925376	-0.220178	0.308548	0.0	-2.39894	1.39812	0.613135	0.345527	-0.334584	0.781432	-0.526704	0.0	0.439725	-0.364879	-0.820674	0.0	-0.833484	-0.506189	-0.22153299999999998	0.0	2.24824	1.4191	0.013043700000000002	0.360259	
3	0.326263	0.8510129999999999	-0.41149600000000003	0.0	-0.18579400000000001	0.48455699999999996	0.854801	0.0	0.926841	-0.20243599999999998	0.316206	0.0	-2.3844	1.38406	0.561684	0.34568899999999997	-0.332144	0.7816960000000001	-0.527856	0.0	0.44064200000000003	-0.366213	-0.8195870000000001	0.0	-0.833975	-0.504817	-0.222813	0.0	2.25609	1.41971	0.0131416	0.360218	
3	0.316569	0.85215	-0.41668299999999997	0.0	-0.199349	0.489231	0.849066	0.0	0.927386	-0.185723	0.324751	0.0	-2.31622	1.37727	0.533615	0.346148	-0.327331	0.782817	-0.5292	0.0	0.441083	-0.368705	-0.818232	0.0	-0.835644	-0.501253	-0.224598	0.0	2.26267	1.415	0.00826021	0.36022600000000005	
3	0.316506	0.852059	-0.416916	0.0	-0.199759	0.48952399999999996	0.848801	0.0	0.927319	-0.185368	0.325144	0.0	-2.3163400000000003	1.37786	0.534515	0.346156	-0.32737	0.7828189999999999	-0.529173	0.0	0.44105500000000003	-0.368682	-0.818257	0.0	-0.835643	-0.501267	-0.224571	0.0	2.26293	1.4158	0.00864934	0.36023099999999997	
3	0.31650500000000004	0.852058	-0.41691999999999996	0.0	-0.199759	0.48952799999999996	0.8487979999999999	0.0	0.927319	-0.185365	0.325144	0.0	-2.31644	1.37784	0.534533	0.346155	-0.327371	0.7828189999999999	-0.529172	0.0	0.44105600000000006	-0.368681	-0.818257	0.0	-0.835643	-0.501268	-0.224572	0.0	2.2629200000000003	1.4158	0.00865057	0.36023099999999997	
3	0.31650500000000004	0.852058	-0.41691999999999996	0.0	-0.199759	0.48952799999999996	0.8487979999999999	0.0	0.927319	-0.185365	0.325144	0.0	-2.31644	1.37784	0.534533	0.346156	-0.327371	0.7828189999999999	-0.529172	0.0	0.44105600000000006	-0.368681	-0.818257	0.0	-0.835643	-0.501268	-0.224572	0.0	2.2629200000000003	1.4158	0.00865032	0.36023099999999997	
3	0.31650500000000004	0.852058	-0.41691999999999996	0.0	-0.199759	0.48952799999999996	0.848799	0.0	0.927319	-0.185365	0.325144	0.0	-2.31644	1.37784	0.534533	0.346156	-0.327371	0.7828189999999999	-0.529172	0.0	0.44105500000000003	-0.368681	-0.818257	0.0	-0.835643	-0.501267	-0.224571	0.0	2.2629200000000003	1.4158	0.00865053	0.36023099999999997	
3	0.31650500000000004	0.852058	-0.41691999999999996	0.0	-0.199759	0.48952799999999996	0.8487979999999999	0.0	0.927319	-0.185365	0.325144	0.0	-2.31644	1.37784	0.534533	0.346156	-0.327371	0.7828189999999999	-0.529172	0.0	0.44105500000000003	-0.368681	-0.818257	0.0	-0.835643	-0.501267	-0.224571	0.0	2.2629200000000003	1.4158	0.00865065	0.36023099999999997	
3	0.31650500000000004	0.852058	-0.41691999999999996	0.0	-0.199759	0.48952799999999996	0.848799	0.0	0.927319	-0.185365	0.325144	0.0	-2.31644	1.37784	0.534533	0.346156	-0.327371	0.7828189999999999	-0.529172	0.0	0.44105600000000006	-0.368681	-0.818257	0.0	-0.835643	-0.501267	-0.224571	0.0	2.2629200000000003	1.4158	0.00865057	0.36023099999999997	
3	0.31650500000000004	0.852058	-0.41691999999999996	0.0	-0.199759	0.48952799999999996	0.848799	0.0	0.927319	-0.185365	0.325144	0.0	-2.31644	1.37784	0.534533	0.346156	-0.327371	0.7828189999999999	-0.529172	0.0	0.44105600000000006	-0.368681	-0.818257	0.0	-0.835643	-0.501267	-0.224571	0.0	2.2629200000000003	1.4158	0.00865062	0.36023099999999997	
3	0.31650500000000004	0.852058	-0.41691999999999996	0.0	-0.199759	0.48952799999999996	0.848799	0.0	0.927319	-0.185365	0.325144	0.0	-2.31644	1.37784	0.534533	0.346155	-0.327371	0.7828189999999999	-0.529172	0.0	0.44105600000000006	-0.368681	-0.818257	0.0	-0.835643	-0.501267	-0.224571	0.0	2.2629200000000003	1.4158	0.00865033	0.36023099999999997	
3	0.31650500000000004	0.852058	-0.41691999999999996	0.0	-0.199759	0.48952799999999996	0.848799	0.0	0.927319	-0.185365	0.325144	0.0	-2.31644	1.37784	0.534533	0.346155	-0.327371	0.7828189999999999	-0.529172	0.0	0.44105600000000006	-0.368681	-0.818257	0.0	-0.835643	-0.501268	-0.224572	0.0	2.2629200000000003	1.4158	0.00865093	0.36023	
3	0.31650500000000004	0.852058	-0.41691999999999996	0.0	-0.199759	0.48952799999999996	0.848799	0.0	0.927319	-0.185365	0.325144	0.0	-2.31644	1.37784	0.534533	0.346155	-0.327371	0.7828189999999999	-0.529172	0.0	0.44105600000000006	-0.368681	-0.818257	0.0	-0.835643	-0.501268	-0.224572	0.0	2.2629200000000003	1.4158	0.00865048	0.36023099999999997	
3	0.31650500000000004	0.852058	-0.41691999999999996	0.0	-0.199759	0.48952799999999996	0.848799	0.0	0.927319	-0.185365	0.325144	0.0	-2.31644	1.37784	0.534533	0.346155	-0.327371	0.7828189999999999	-0.529172	0.0	0.44105600000000006	-0.368681	-0.818257	0.0	-0.835643	-0.501268	-0.224572	0.0	2.2629200000000003	1.4158	0.00865052	0.36023099999999997	
3	0.31650500000000004	0.852058	-0.41691999999999996	0.0	-0.199759	0.48952799999999996	0.848799	0.0	0.927319	-0.185365	0.325144	0.0	-2.31644	1.37784	0.534533	0.346155	-0.327371	0.7828189999999999	-0.529172	0.0	0.44105600000000006	-0.368681	-0.818257	0.0	-0.835643	-0.501268	-0.224571	0.0	2.2629200000000003	1.4158	0.00865035	0.36023099999999997	
3	0.31650500000000004	0.852058	-0.41691999999999996	0.0	-0.199759	0.48952799999999996	0.8487979999999999	0.0	0.927319	-0.185365	0.325144	0.0	-2.31644	1.37784	0.534533	0.346156	-0.327371	0.7828189999999999	-0.529172	0.0	0.44105600000000006	-0.368681	-0.818257	0.0	-0.835643	-0.501267	-0.224571	0.0	2.2629200000000003	1.4158	0.00865112	0.36023099999999997	
3	0.31650500000000004	0.852058	-0.41691999999999996	0.0	-0.199759	0.48952799999999996	0.848799	0.0	0.927319	-0.185365	0.325144	0.0	-2.31644	1.37784	0.534533	0.346156	-0.327371	0.7828189999999999	-0.529172	0.0	0.44105600000000006	-0.368681	-0.818257	0.0	-0.835643	-0.501268	-0.224572	0.0	2.2629200000000003	1.4158	0.00865045	0.36023099999999997	
3	0.31650500000000004	0.852058	-0.41691999999999996	0.0	-0.199759	0.48952799999999996	0.848799	0.0	0.927319	-0.185365	0.325144	0.0	-2.31644	1.37784	0.534533	0.346155	-0.327371	0.7828189999999999	-0.529172	0.0	0.44105600000000006	-0.368681	-0.818257	0.0	-0.835643	-0.501268	-0.224572	0.0	2.2629200000000003	1.4158	0.0086501	0.36023099999999997	
3	0.31650500000000004	0.852058	-0.41691999999999996	0.0	-0.199759	0.48952799999999996	0.8487979999999999	0.0	0.927319	-0.185365	0.325144	0.0	-2.31644	1.37784	0.534532	0.346156	-0.327371	0.7828189999999999	-0.529172	0.0	0.44105600000000006	-0.368681	-0.818257	0.0	-0.835643	-0.501268	-0.224572	0.0	2.2629200000000003	1.4158	0.00865036	0.36023099999999997	
3	0.31650500000000004	0.852058	-0.41691999999999996	0.0	-0.199759	0.48952799999999996	0.848799	0.0	0.927319	-0.185365	0.325144	0.0	-2.31644	1.37784	0.534533	0.346156	-0.327371	0.7828189999999999	-0.529172	0.0	0.44105600000000006	-0.368681	-0.818257	0.0	-0.835643	-0.501268	-0.224572	0.0	2.2629200000000003	1.4158	0.00865059	0.36023099999999997	
3	0.31650500000000004	0.852058	-0.41691999999999996	0.0	-0.199759	0.48952799999999996	0.848799	0.0	0.927319	-0.185365	0.325144	0.0	-2.31644	1.37784	0.534533	0.346156	-0.327371	0.7828189999999999	-0.529172	0.0	0.44105600000000006	-0.368681	-0.818257	0.0	-0.835643	-0.501268	-0.224572	0.0	2.2629200000000003	1.4158	0.00865082	0.36023099999999997	
3	0.31650500000000004	0.852058	-0.41691999999999996	0.0	-0.199759	0.48952799999999996	0.848799	0.0	0.927319	-0.185365	0.325144	0.0	-2.31644	1.37784	0.5345340000000001	0.346156	-0.327371	0.7828189999999999	-0.529172	0.0	0.44105600000000006	-0.368681	-0.818257	0.0	-0.835643	-0.501267	-0.224572	0.0	2.2629200000000003	1.4158	0.00865107	0.36023099999999997	
3	0.31650500000000004	0.852058	-0.41691999999999996	0.0	-0.199759	0.48952799999999996	0.8487979999999999	0.0	0.927319	-0.185365	0.325144	0.0	-2.31644	1.37784	0.534533	0.346156	-0.327371	0.7828189999999999	-0.529172	0.0	0.44105600000000006	-0.368681	-0.818257	0.0	-0.835643	-0.501268	-0.224572	0.0	2.2629200000000003	1.4158	0.00865096	0.36023099999999997	
3	0.31650500000000004	0.852058	-0.41691999999999996	0.0	-0.199759	0.48952799999999996	0.848799	0.0	0.927319	-0.185365	0.325144	0.0	-2.31644	1.37784	0.534533	0.346156	-0.327371	0.7828189999999999	-0.529172	0.0	0.44105600000000006	-0.368681	-0.818257	0.0	-0.835643	-0.501268	-0.224572	0.0	2.2629200000000003	1.4158	0.00865085	0.36023099999999997	
3	0.31650500000000004	0.852058	-0.41691999999999996	0.0	-0.199759	0.48952799999999996	0.848799	0.0	0.927319	-0.185365	0.325144	0.0	-2.31644	1.37784	0.534533	0.346155	-0.327371	0.7828189999999999	-0.529172	0.0	0.44105500000000003	-0.368681	-0.818257	0.0	-0.835643	-0.501267	-0.224571	0.0	2.2629200000000003	1.4158	0.00865094	0.36023099999999997	
3	0.31650500000000004	0.852058	-0.41691999999999996	0.0	-0.199759	0.48952799999999996	0.8487979999999999	0.0	0.927319	-0.185365	0.325144	0.0	-2.31644	1.37784	0.534533	0.346156	-0.327371	0.7828189999999999	-0.529172	0.0	0.44105600000000006	-0.368681	-0.818257	0.0	-0.835643	-0.501267	-0.224571	0.0	2.2629200000000003	1.4158	0.00865051	0.36023099999999997	
3	0.31650500000000004	0.852058	-0.41691999999999996	0.0	-0.199759	0.48952799999999996	0.848799	0.0	0.927319	-0.185365	0.325144	0.0	-2.31644	1.37784	0.534533	0.346156	-0.327371	0.7828189999999999	-0.529172	0.0	0.44105600000000006	-0.368681	-0.818257	0.0	-0.835643	-0.501268	-0.224572	0.0	2.2629200000000003	1.4158	0.0086506	0.36023099999999997	
3	0.31650500000000004	0.852058	-0.41691999999999996	0.0	-0.199759	0.48952799999999996	0.848799	0.0	0.927319	-0.185365	0.325144	0.0	-2.31644	1.37784	0.5345340000000001	0.346156	-0.327371	0.7828189999999999	-0.529172	0.0	0.44105600000000006	-0.368681	-0.818257	0.0	-0.835643	-0.501268	-0.224572	0.0	2.2629200000000003	1.4158	0.00865062	0.36023099999999997	
3	0.31650500000000004	0.852058	-0.41691999999999996	0.0	-0.199759	0.48952799999999996	0.848799	0.0	0.927319	-0.185365	0.325144	0.0	-2.31644	1.37784	0.534533	0.346155	-0.327371	0.7828189999999999	-0.529172	0.0	0.44105600000000006	-0.368681	-0.818257	0.0	-0.835643	-0.501268	-0.224572	0.0	2.2629200000000003	1.4158	0.00865049	0.36023099999999997	
3	0.31650500000000004	0.852058	-0.41691999999999996	0.0	-0.199759	0.48952799999999996	0.848799	0.0	0.927319	-0.185365	0.325144	0.0	-2.31644	1.37784	0.534533	0.346155	-0.327371	0.7828189999999999	-0.529172	0.0	0.44105600000000006	-0.368681	-0.818257	0.0	-0.835643	-0.501268	-0.224572	0.0	2.2629200000000003	1.4158	0.00865088	0.36023099999999997	
3	0.31650500000000004	0.852058	-0.41691999999999996	0.0	-0.199759	0.48952799999999996	0.848799	0.0	0.927319	-0.185365	0.325144	0.0	-2.31644	1.37784	0.534533	0.346155	-0.327371	0.7828189999999999	-0.529172	0.0	0.44105600000000006	-0.368681	-0.818257	0.0	-0.835643	-0.501268	-0.224571	0.0	2.2629200000000003	1.4158	0.00865085	0.36023099999999997	
3	0.31650500000000004	0.852058	-0.41691999999999996	0.0	-0.199759	0.48952799999999996	0.848799	0.0	0.927319	-0.185365	0.325144	0.0	-2.31644	1.37784	0.534533	0.346155	-0.327371	0.7828189999999999	-0.529172	0.0	0.44105600000000006	-0.368681	-0.818257	0.0	-0.835643	-0.501268	-0.224572	0.0	2.2629200000000003	1.4158	0.008650299999999998	0.36023099999999997	
3	0.31650500000000004	0.852058	-0.41691999999999996	0.0	-0.199759	0.48952799999999996	0.848799	0.0	0.927319	-0.185365	0.325144	0.0	-2.31644	1.37784	0.534533	0.346155	-0.327371	0.7828189999999999	-0.529172	0.0	0.44105600000000006	-0.368681	-0.818257	0.0	-0.835643	-0.501268	-0.224572	0.0	2.2629200000000003	1.4158	0.00865107	0.36023099999999997	
3	0.31650500000000004	0.852058	-0.41691999999999996	0.0	-0.199759	0.48952799999999996	0.848799	0.0	0.927319	-0.185365	0.325144	0.0	-2.31644	1.37784	0.534533	0.346155	-0.327371	0.7828189999999999	-0.529172	0.0	0.44105600000000006	-0.368681	-0.818257	0.0	-0.835643	-0.501268	-0.224572	0.0	2.2629200000000003	1.4158	0.0086509	0.36023099999999997	
3	0.31650500000000004	0.852058	-0.41691999999999996	0.0	-0.199759	0.48952799999999996	0.848799	0.0	0.927319	-0.185365	0.325144	0.0	-2.31644	1.37784	0.534533	0.346155	-0.327371	0.7828189999999999	-0.529172	0.0	0.44105600000000006	-0.368681	-0.818257	0.0	-0.835643	-0.501268	-0.224572	0.0	2.2629200000000003	1.4158	0.00865081	0.36023099999999997	
3	-0.25294099999999997	0.281032	-0.925766	0.0	-0.410814	0.835134	0.365763	0.0	0.8759299999999999	0.47283400000000003	-0.0957874	0.0	-2.16661	1.35782	0.575833	0.24931399999999998	-0.288285	0.797379	-0.530169	0.0	0.417807	-0.393442	-0.8189270000000001	0.0	-0.861585	-0.457593	-0.219727	0.0	2.2136	1.42456	0.0563525	0.360286	
3	-0.255239	0.322454	-0.911524	0.0	-0.403424	0.821249	0.403483	0.0	0.8786940000000001	0.47071499999999994	-0.0795294	0.0	-2.09726	1.30495	0.5400159999999999	0.241288	-0.29189699999999996	0.7972199999999999	-0.528429	0.0	0.42181899999999994	-0.38855500000000004	-0.819203	0.0	-0.858408	-0.462024	-0.222865	0.0	2.2159999999999997	1.41513	0.0548168	0.360181	
3	-0.24706	0.42457	-0.871035	0.0	-0.373808	0.787563	0.48991	0.0	0.8939959999999999	0.446637	-0.0358684	0.0	-2.14606	1.1366399999999999	0.54281	0.225402	-0.293414	0.797816	-0.526686	0.0	0.424213	-0.38506399999999996	-0.819615	0.0	-0.8567100000000001	-0.463913	-0.22546100000000002	0.0	2.2245	1.40887	0.050514699999999996	0.360241	
3	-0.164152	0.56789	-0.80657	0.0	-0.354324	0.7291479999999999	0.58549	0.0	0.9206030000000001	0.381896	0.0815262	0.0	-2.23333	0.8530129999999999	0.615743	0.193247	-0.29283400000000004	0.798707	-0.525658	0.0	0.423933	-0.384316	-0.820111	0.0	-0.8570469999999999	-0.46299999999999997	-0.226057	0.0	2.2313099999999997	1.40404	0.0368968	0.360177	
3	0.09919910000000001	0.779485	-0.618517	0.0	-0.320466	0.613491	0.721755	0.0	0.942052	0.126616	0.310656	0.0	-2.38263	0.25383	0.770439	0.22555300000000003	-0.292367	0.7984319999999999	-0.526334	0.0	0.423321	-0.385467	-0.819887	0.0	-0.857508	-0.462516	-0.225296	0.0	2.23316	1.40625	0.0298629	0.360102	
3	0.42863199999999996	0.7957850000000001	-0.427785	0.0	-0.0870059	0.5076430000000001	0.8571629999999999	0.0	0.89928	-0.33018800000000004	0.28683000000000003	0.0	-2.45973	-0.453772	0.668172	0.293421	-0.292779	0.798247	-0.526386	0.0	0.42366400000000004	-0.38522399999999996	-0.819824	0.0	-0.8571989999999999	-0.463038	-0.225404	0.0	2.23031	1.40831	0.0344319	0.360237	
3	0.671826	0.659048	-0.338091	0.0	-0.0408606	0.48872200000000005	0.871482	0.0	0.739581	-0.57167	0.355265	0.0	-2.67876	-1.0402	0.37709000000000004	0.267705	-0.294585	0.7986770000000001	-0.524724	0.0	0.42463900000000004	-0.3825	-0.8205950000000001	0.0	-0.8560969999999999	-0.464553	-0.22646999999999998	0.0	2.2298400000000003	1.4035600000000001	0.0292625	0.360273	
3	0.712498	0.653799	-0.254742	0.0	-0.03703719999999999	0.39758499999999997	0.916818	0.0	0.700696	-0.643796	0.30749299999999996	0.0	-2.83881	-1.3485200000000002	-0.0355764	0.251665	-0.296593	0.7987390000000001	-0.523497	0.0	0.427828	-0.378952	-0.820585	0.0	-0.8538129999999999	-0.467346	-0.22932800000000003	0.0	2.2366	1.40824	0.014746299999999999	0.360274	
3	0.725486	0.666417	-0.171925	0.0	-0.0534828	0.30364	0.951285	0.0	0.686156	-0.680949	0.25592800000000004	0.0	-2.7067200000000002	-1.38363	-0.437201	0.261289	-0.298485	0.79914	-0.521807	0.0	0.42895500000000003	-0.376073	-0.82132	0.0	-0.8525870000000001	-0.468983	-0.23054299999999997	0.0	2.2513400000000003	1.40698	0.00242566	0.360294	
3	0.819095	0.572835	-0.0307085	0.0	-0.10858399999999999	0.207382	0.9722149999999999	0.0	0.563287	-0.7930020000000001	0.232067	0.0	-2.56103	-1.48958	-0.667799	0.296628	-0.299607	0.7993939999999999	-0.520774	0.0	0.431381	-0.373359	-0.8212879999999999	0.0	-0.8509680000000001	-0.47071599999999997	-0.232983	0.0	2.2613	1.40869	-0.00511455	0.360221	
3	0.872144	0.486917	0.0477099	0.0	-0.152045	0.177057	0.972385	0.0	0.465024	-0.8553139999999999	0.22845300000000002	0.0	-2.53837	-1.74039	-0.93099	0.298064	-0.30056700000000003	0.799145	-0.520602	0.0	0.432533	-0.372273	-0.821175	0.0	-0.850044	-0.471996	-0.233764	0.0	2.26919	1.4094799999999998	-0.00998591	0.360194	
3	0.893534	0.443008	0.0730876	0.0	-0.155331	0.15226800000000001	0.976057	0.0	0.42127200000000004	-0.883492	0.20486999999999997	0.0	-2.50067	-1.98195	-1.16087	0.305653	-0.300325	0.7995800000000001	-0.5200739999999999	0.0	0.431929	-0.372134	-0.821556	0.0	-0.8504370000000001	-0.471368	-0.23360100000000003	0.0	2.27239	1.40513	-0.0112024	0.36030500000000004	
3	0.8993979999999999	0.428544	0.0862159	0.0	-0.15379600000000002	0.125599	0.980088	0.0	0.409182	-0.894749	0.178872	0.0	-2.39737	-2.138	-1.35677	0.305299	-0.30136199999999996	0.798553	-0.521051	0.0	0.431972	-0.372822	-0.8212209999999999	0.0	-0.8500479999999999	-0.47256400000000004	-0.232598	0.0	2.2722	1.4010799999999999	-0.00803096	0.360298	
3	0.909588	0.402285	0.104002	0.0	-0.160551	0.10941300000000001	0.9809450000000001	0.0	0.38324	-0.908953	0.164108	0.0	-2.32252	-2.2160599999999997	-1.46899	0.311106	-0.302651	0.7980689999999999	-0.521045	0.0	0.43367700000000003	-0.371501	-0.8209209999999999	0.0	-0.848721	-0.474418	-0.23366900000000002	0.0	2.27718	1.40249	-0.00622307	0.360249	
3	0.9163479999999999	0.389871	0.09113969999999999	0.0	-0.156041	0.138119	0.9780459999999999	0.0	0.368724	-0.910452	0.187401	0.0	-2.2972099999999998	-2.30202	-1.52588	0.348978	-0.30395	0.798231	-0.520041	0.0	0.435101	-0.36930100000000005	-0.82116	0.0	-0.847527	-0.475862	-0.235062	0.0	2.27968	1.3994799999999998	-0.0125594	0.360239	
3	0.9321459999999999	0.35475	0.07249939999999999	0.0	-0.145867	0.18465299999999998	0.9719190000000001	0.0	0.331401	-0.9165459999999999	0.223869	0.0	-2.27333	-2.3755599999999997	-1.49735	0.34826	-0.30405	0.7990729999999999	-0.518687	0.0	0.43537700000000007	-0.367726	-0.8217209999999999	0.0	-0.84735	-0.47566800000000004	-0.236091	0.0	2.2835	1.39279	-0.0167818	0.360061	
3	0.9536620000000001	0.298298	0.039322300000000004	0.0	-0.10849	0.219021	0.96967	0.0	0.280638	-0.929004	0.241234	0.0	-2.26405	-2.4093400000000003	-1.4560799999999998	0.346975	-0.302613	0.798791	-0.519961	0.0	0.434838	-0.369749	-0.821098	0.0	-0.84814	-0.47457299999999997	-0.23545500000000003	0.0	2.2844	1.401	-0.0131481	0.360171	
3	0.9603790000000001	0.276671	0.033556	0.0	-0.0995847	0.228212	0.968505	0.0	0.2603	-0.933473	0.24672199999999997	0.0	-2.29006	-2.44109	-1.47366	0.34667600000000004	-0.30309400000000003	0.798201	-0.520586	0.0	0.436317	-0.369424	-0.820459	0.0	-0.847208	-0.475817	-0.236298	0.0	2.28344	1.4284299999999999	0.00183342	0.360032	
3	0.977399	0.211404	-0.0004884080000000001	0.0	-0.058591	0.273106	0.960198	0.0	0.203123	-0.9384680000000001	0.27931999999999996	0.0	-2.28324	-2.49335	-1.49254	0.340406	-0.304561	0.7986770000000001	-0.518996	0.0	0.437262	-0.366836	-0.821117	0.0	-0.846194	-0.47701800000000005	-0.237508	0.0	2.28265	1.44446	0.00651746	0.360065	
3	0.9850629999999999	0.170573	-0.023585400000000003	0.0	-0.0278361	0.292905	0.955736	0.0	0.169931	-0.9408040000000001	0.29327800000000004	0.0	-2.31528	-2.52498	-1.53278	0.32503899999999997	-0.304551	0.799125	-0.518313	0.0	0.438687	-0.365333	-0.8210270000000001	0.0	-0.84546	-0.477422	-0.23930300000000002	0.0	2.28531	1.4469	-0.00150126	0.360074	
3	0.9889819999999999	0.145188	-0.0288855	0.0	-0.0131465	0.280497	0.959765	0.0	0.147449	-0.9488110000000001	0.279316	0.0	-2.33497	-2.54507	-1.5859999999999999	0.32316100000000003	-0.303688	0.7989109999999999	-0.5191479999999999	0.0	0.438284	-0.366669	-0.8206469999999999	0.0	-0.845979	-0.47675500000000004	-0.23879699999999998	0.0	2.28654	1.44753	0.00056097	0.36007	
3	0.994661	0.0867482	-0.055890199999999994	0.0	0.030688999999999998	0.268436	0.962809	0.0	0.09852480000000001	-0.959384	0.264341	0.0	-2.3151900000000003	-2.55038	-1.6064399999999999	0.31436	-0.303822	0.7982090000000001	-0.520149	0.0	0.438036	-0.367797	-0.820274	0.0	-0.846059	-0.47706099999999996	-0.2379	0.0	2.2875400000000004	1.44975	0.0019389	0.359896	
3	0.9954069999999999	0.0278855	-0.0915875	0.0	0.0804119	0.27567800000000003	0.957881	0.0	0.0519596	-0.9608459999999999	0.272169	0.0	-2.30322	-2.56277	-1.57959	0.289265	-0.30478099999999997	0.798243	-0.5195350000000001	0.0	0.43841499999999994	-0.366676	-0.820574	0.0	-0.845518	-0.477867	-0.238206	0.0	2.28683	1.4466299999999999	0.00558811	0.35993	
3	0.983555	-0.0776066	-0.163088	0.0	0.178297	0.273102	0.945318	0.0	-0.028823200000000004	-0.95885	0.282448	0.0	-2.28008	-2.59845	-1.59731	0.244432	-0.303211	0.800094	-0.5176029999999999	0.0	0.439538	-0.36451500000000003	-0.8209360000000001	0.0	-0.8455	-0.47642299999999993	-0.24114699999999997	0.0	2.2905599999999997	1.4569999999999999	0.00710548	0.359983	
3	0.970045	-0.1364	-0.201019	0.0	0.232035	0.27523800000000004	0.932955	0.0	-0.07192710000000001	-0.951651	0.298643	0.0	-2.28727	-2.6442099999999997	-1.5747200000000001	0.23888299999999998	-0.302241	0.8005800000000001	-0.517418	0.0	0.439278	-0.364755	-0.820968	0.0	-0.845982	-0.475421	-0.24143299999999998	0.0	2.29405	1.4615799999999999	0.00560684	0.359931	
3	0.948643	-0.202029	-0.243437	0.0	0.296076	0.295954	0.908158	0.0	-0.111428	-0.933593	0.34057	0.0	-2.25831	-2.75482	-1.5605	0.231739	-0.302683	0.800739	-0.516915	0.0	0.439125	-0.364196	-0.821298	0.0	-0.8459040000000001	-0.475583	-0.241389	0.0	2.29378	1.46553	0.00630195	0.36008	
3	0.937718	-0.226818	-0.263131	0.0	0.324486	0.301359	0.8966	0.0	-0.12406800000000001	-0.926141	0.356189	0.0	-2.22879	-2.8237900000000002	-1.48701	0.235159	-0.302562	0.801182	-0.5162979999999999	0.0	0.439904	-0.36316	-0.8213389999999999	0.0	-0.845541	-0.475628	-0.242565	0.0	2.29389	1.46235	0.000882614	0.35985100000000003	
3	0.9355680000000001	-0.23085799999999998	-0.267239	0.0	0.329203	0.29624	0.8965860000000001	0.0	-0.12781700000000001	-0.926794	0.353152	0.0	-2.21665	-2.83812	-1.47581	0.2361	-0.30189	0.801199	-0.5166649999999999	0.0	0.43983900000000004	-0.36377	-0.821105	0.0	-0.845816	-0.47513299999999997	-0.24258000000000002	0.0	2.29573	1.4655799999999999	0.00276468	0.35994	
3	0.919572	-0.260203	-0.294419	0.0	0.363101	0.276403	0.889809	0.0	-0.150152	-0.9251469999999999	0.348652	0.0	-2.17404	-2.90904	-1.54064	0.236391	-0.3018	0.8009930000000001	-0.517037	0.0	0.439857	-0.364169	-0.820918	0.0	-0.8458389999999999	-0.475175	-0.242416	0.0	2.2953200000000002	1.46685	0.00135236	0.359695	
3	0.911993	-0.273084	-0.30609400000000003	0.0	0.37732899999999997	0.26577399999999995	0.887123	0.0	-0.160907	-0.9245479999999999	0.345426	0.0	-2.14953	-2.97072	-1.54172	0.23641399999999999	-0.301466	0.801918	-0.5157970000000001	0.0	0.43920299999999995	-0.363363	-0.821625	0.0	-0.846298	-0.474232	-0.24266300000000002	0.0	2.2962700000000003	1.46941	-0.00090776	0.359797	
3	0.899099	-0.27822800000000003	-0.33795	0.0	0.404013	0.230244	0.8853030000000001	0.0	-0.168505	-0.9325110000000001	0.31942	0.0	-2.16657	-3.02146	-1.52515	0.23439400000000002	-0.300877	0.8019149999999999	-0.516145	0.0	0.4389	-0.364062	-0.821478	0.0	-0.846664	-0.4737	-0.242423	0.0	2.2964900000000004	1.47098	0.00193162	0.359677	
3	0.892459	-0.26305700000000004	-0.36649299999999996	0.0	0.423307	0.207432	0.88192	0.0	-0.155973	-0.942217	0.296479	0.0	-2.1933700000000003	-3.03095	-1.54169	0.235353	-0.300496	0.801962	-0.516295	0.0	0.43918900000000005	-0.364166	-0.8212780000000001	0.0	-0.84665	-0.473541	-0.24278200000000003	0.0	2.29685	1.46957	-1.70097e-05	0.359804	
3	0.880951	-0.244167	-0.40535	0.0	0.45061899999999994	0.17135799999999998	0.876116	0.0	-0.144459	-0.9544729999999999	0.26098499999999997	0.0	-2.23883	-3.05008	-1.5935700000000002	0.23600100000000002	-0.30023299999999997	0.802175	-0.516116	0.0	0.43840200000000007	-0.3645	-0.82155	0.0	-0.847151	-0.472922	-0.24224	0.0	2.29504	1.47075	-0.00310398	0.359677	
3	0.8664440000000001	-0.24863000000000002	-0.432964	0.0	0.47648500000000005	0.152773	0.865808	0.0	-0.149121	-0.956475	0.250838	0.0	-2.25155	-3.0592099999999998	-1.60591	0.23575	-0.300021	0.802059	-0.51642	0.0	0.438158	-0.36500900000000003	-0.8214540000000001	0.0	-0.847352	-0.47272600000000004	-0.241918	0.0	2.29307	1.4716799999999999	0.00184472	0.359569	
3	0.83739	-0.24739699999999998	-0.487414	0.0	0.527151	0.129732	0.8398110000000001	0.0	-0.144534	-0.96019	0.239052	0.0	-2.26688	-3.05484	-1.61342	0.23341900000000002	-0.299612	0.801607	-0.517358	0.0	0.438283	-0.366019	-0.820937	0.0	-0.847432	-0.47271199999999997	-0.24166700000000002	0.0	2.2936099999999997	1.47022	0.00110285	0.359677	
3	0.818483	-0.234535	-0.5244800000000001	0.0	0.558286	0.109126	0.822441	0.0	-0.135657	-0.9659629999999999	0.220256	0.0	-2.27937	-3.0434099999999997	-1.6178299999999999	0.22945	-0.299431	0.801388	-0.5178010000000001	0.0	0.437885	-0.366747	-0.820825	0.0	-0.847701	-0.47251800000000005	-0.241101	0.0	2.29411	1.47827	0.00812567	0.35954899999999995	
3	0.817313	-0.22439	-0.530705	0.0	0.562395	0.11030899999999999	0.819478	0.0	-0.125341	-0.9682360000000001	0.216352	0.0	-2.2765299999999997	-3.0455900000000002	-1.63497	0.194643	-0.299264	0.801389	-0.517897	0.0	0.437737	-0.366977	-0.820801	0.0	-0.8478370000000001	-0.472339	-0.240975	0.0	2.29504	1.47777	0.00966045	0.359556	
3	0.816874	-0.224254	-0.531439	0.0	0.5632060000000001	0.111127	0.81881	0.0	-0.12456400000000001	-0.968174	0.21707800000000002	0.0	-2.2783	-3.04719	-1.63442	0.188058	-0.299225	0.801426	-0.517862	0.0	0.437821	-0.36690700000000004	-0.820788	0.0	-0.847807	-0.47233100000000006	-0.24109299999999997	0.0	2.2946400000000002	1.47652	0.00903975	0.359562	
3	0.791837	-0.22171999999999997	-0.5690649999999999	0.0	0.6059859999999999	0.169285	0.777254	0.0	-0.0759987	-0.960304	0.268405	0.0	-2.28337	-3.13496	-1.6759	0.157799	-0.299083	0.801623	-0.5176390000000001	0.0	0.43713100000000005	-0.367103	-0.821068	0.0	-0.8482129999999999	-0.471843	-0.24061999999999997	0.0	2.2924900000000004	1.47584	0.012763	0.359427	
3	0.785667	-0.22497399999999998	-0.576294	0.0	0.613611	0.164725	0.7722359999999999	0.0	-0.0788029	-0.96034	0.267465	0.0	-2.2801299999999998	-3.16453	-1.68187	0.182804	-0.299091	0.801491	-0.517839	0.0	0.437554	-0.36707	-0.820857	0.0	-0.847993	-0.47209300000000004	-0.240909	0.0	2.29124	1.47458	0.0114672	0.359414	
3	0.778626	-0.22380999999999998	-0.586217	0.0	0.62143	0.145531	0.769835	0.0	-0.0869841	-0.963706	0.252397	0.0	-2.3004599999999997	-3.21103	-1.68075	0.196748	-0.300257	0.801068	-0.517818	0.0	0.437475	-0.366753	-0.821041	0.0	-0.847621	-0.473055	-0.24032699999999999	0.0	2.2902400000000003	1.47194	0.0100012	0.359502	
3	0.770097	-0.22982800000000003	-0.5950880000000001	0.0	0.629546	0.12308699999999999	0.767151	0.0	-0.103066	-0.9654159999999999	0.23947600000000002	0.0	-2.2854400000000004	-3.26277	-1.6695400000000002	0.25279	-0.300601	0.801516	-0.5169239999999999	0.0	0.437967	-0.36546300000000004	-0.8213540000000001	0.0	-0.847245	-0.473296	-0.241179	0.0	2.29261	1.4725700000000002	0.00515804	0.35936999999999997	
3	0.765191	-0.228156	-0.602019	0.0	0.633968	0.10421099999999998	0.766306	0.0	-0.1121	-0.968032	0.22438400000000003	0.0	-2.27236	-3.26844	-1.6644599999999998	0.272853	-0.299689	0.800906	-0.5183979999999999	0.0	0.43769600000000003	-0.36738899999999997	-0.8206379999999999	0.0	-0.847708	-0.472837	-0.24045	0.0	2.29367	1.47566	0.00716764	0.359388	
3	0.766668	-0.224127	-0.601653	0.0	0.631087	0.09068639999999999	0.770393	0.0	-0.118104	-0.9703309999999999	0.21097	0.0	-2.27122	-3.26249	-1.66693	0.294548	-0.29954400000000003	0.800497	-0.519113	0.0	0.437458	-0.368298	-0.820358	0.0	-0.847882	-0.47282399999999997	-0.23986300000000002	0.0	2.29362	1.47571	0.010498700000000001	0.359506	
3	0.769087	-0.215027	-0.601888	0.0	0.628156	0.0804243	0.7739199999999999	0.0	-0.11800799999999999	-0.973291	0.196924	0.0	-2.2701700000000002	-3.2601	-1.6548900000000002	0.354667	-0.29988400000000004	0.799751	-0.520066	0.0	0.438237	-0.368741	-0.819743	0.0	-0.84736	-0.47373999999999994	-0.23990100000000003	0.0	2.29084	1.47545	0.0169299	0.359512	
3	0.7666149999999999	-0.214013	-0.6053930000000001	0.0	0.629672	0.0659086	0.7740600000000001	0.0	-0.12575799999999998	-0.9746049999999999	0.18528499999999998	0.0	-2.26717	-3.25467	-1.65547	0.353675	-0.299496	0.799806	-0.520205	0.0	0.437971	-0.369144	-0.8197040000000001	0.0	-0.847634	-0.473332	-0.239734	0.0	2.29175	1.47634	0.0180645	0.359321	
3	0.764908	-0.210615	-0.608734	0.0	0.626969	0.026690199999999997	0.778587	0.0	-0.14773499999999998	-0.9772049999999999	0.15246500000000002	0.0	-2.2526599999999997	-3.23182	-1.6570099999999999	0.354451	-0.29884299999999997	0.799704	-0.520737	0.0	0.43810600000000005	-0.369803	-0.819334	0.0	-0.8477950000000001	-0.47298999999999997	-0.23984299999999997	0.0	2.29235	1.48406	0.01895	0.359242	
3	0.770645	-0.22487100000000002	-0.596271	0.0	0.6119939999999999	0.000274003	0.790862	0.0	-0.177679	-0.9743879999999999	0.13783099999999998	0.0	-2.23602	-3.22103	-1.6580700000000002	0.35409	-0.29866	0.799551	-0.521075	0.0	0.437308	-0.370647	-0.8193790000000001	0.0	-0.8482709999999999	-0.472587	-0.23895300000000003	0.0	2.29336	1.48458	0.017265799999999998	0.35928899999999997	
3	0.7909689999999999	-0.253858	-0.556708	0.0	0.564634	-0.0476642	0.8239639999999999	0.0	-0.23570500000000003	-0.966067	0.105636	0.0	-2.2002599999999997	-3.20284	-1.6614	0.354964	-0.29886399999999996	0.798952	-0.521878	0.0	0.43796499999999994	-0.37104499999999996	-0.8188479999999999	0.0	-0.8478600000000001	-0.473288	-0.23902199999999998	0.0	2.29327	1.49186	0.023508	0.359333	
3	0.797531	-0.275557	-0.536667	0.0	0.5445800000000001	-0.053915599999999994	0.836974	0.0	-0.259569	-0.959772	0.107064	0.0	-2.18438	-3.2012099999999997	-1.6674900000000001	0.338899	-0.299336	0.799098	-0.5213840000000001	0.0	0.437827	-0.37048000000000003	-0.819178	0.0	-0.847765	-0.47348500000000004	-0.23896799999999999	0.0	2.29314	1.4948299999999999	0.0235652	0.359269	
3	0.820541	-0.28421	-0.49591999999999997	0.0	0.49213900000000005	-0.089982	0.8658540000000001	0.0	-0.29070799999999997	-0.9545299999999999	0.06603710000000002	0.0	-2.16017	-3.17128	-1.6967400000000001	0.27059099999999997	-0.299041	0.80183	-0.517343	0.0	0.438459	-0.366073	-0.8208190000000001	0.0	-0.847543	-0.472292	-0.24209899999999998	0.0	2.29542	1.50322	0.0237135	0.359256	
3	0.8261139999999999	-0.275462	-0.49158599999999997	0.0	0.48356899999999997	-0.10133099999999999	0.8694209999999999	0.0	-0.289306	-0.9559559999999999	0.049493800000000004	0.0	-2.16128	-3.15935	-1.7046599999999998	0.262366	-0.298738	0.802142	-0.517035	0.0	0.43842299999999995	-0.36586599999999997	-0.820931	0.0	-0.847668	-0.471923	-0.24238	0.0	2.2972	1.50528	0.024440299999999998	0.359263	
3	0.837866	-0.283785	-0.466312	0.0	0.45365500000000003	-0.113126	0.883968	0.0	-0.303609	-0.952191	0.0339565	0.0	-2.1632700000000002	-3.14475	-1.7459799999999999	0.08843150000000001	-0.29832600000000004	0.802327	-0.516985	0.0	0.43763199999999997	-0.366375	-0.821126	0.0	-0.8482209999999999	-0.471213	-0.241825	0.0	2.29996	1.51074	0.0250392	0.359255	
