0	0.119986	0.8544219999999999	-0.505536	0.0	0.319335	0.448937	0.8345540000000001	0.0	0.9400149999999999	-0.26156999999999997	-0.21898099999999998	0.0	-2.85448	1.76223	1.3959700000000002	5.3405799999999996e-05	-0.157809	0.8398100000000001	-0.5194380000000001	0.0	0.3565	-0.44209899999999996	-0.8230780000000001	0.0	-0.9208719999999999	-0.315069	-0.229625	0.0	2.78127	1.9222299999999999	1.5037399999999999	0.0	
0	0.125323	0.849949	-0.5117430000000001	0.0	0.267336	0.4678	0.842433	0.0	0.955419	-0.24238400000000002	-0.168596	0.0	-2.92255	1.5485200000000001	1.36629	0.0	-0.17468699999999998	0.840945	-0.5121479999999999	0.0	0.33269099999999996	-0.439143	-0.834548	0.0	-0.926715	-0.31617199999999995	-0.203062	0.0	2.8448900000000004	1.8071400000000002	1.45195	0.0	
0	0.0801214	0.866885	-0.492029	0.0	0.27538	0.455154	0.846759	0.0	0.957991	-0.20333900000000002	-0.202255	0.0	-2.81743	1.59008	1.29834	0.013138299999999999	-0.161002	0.850736	-0.5003270000000001	0.0	0.323864	-0.433329	-0.8410340000000001	0.0	-0.9323040000000001	-0.297446	-0.20575700000000002	0.0	2.81815	1.77105	1.41438	0.0702314	
0	0.163182	0.870848	-0.46367600000000003	0.0	0.29318099999999997	0.405942	0.8655959999999999	0.0	0.9420280000000001	-0.27719099999999997	-0.189074	0.0	-2.82366	1.56065	1.27894	0.025496400000000002	-0.205931	0.818919	-0.535691	0.0	0.339279	-0.453719	-0.824032	0.0	-0.917869	-0.351443	-0.184407	0.0	2.77	1.6748	1.45316	0.00320374	
0	0.175072	0.877041	-0.44738100000000003	0.0	0.280976	0.390995	0.8764559999999999	0.0	0.9436110000000001	-0.279146	-0.177975	0.0	-2.91778	1.47967	1.26205	0.0	-0.19022	0.808283	-0.557222	0.0	0.334854	-0.48013199999999995	-0.810769	0.0	-0.9228700000000001	-0.340812	-0.17932599999999999	0.0	2.76526	1.6739099999999998	1.54271	0.0	
0	0.19217	0.8719399999999999	-0.450324	0.0	0.31593000000000004	0.37948000000000004	0.8695879999999999	0.0	0.929117	-0.30938000000000004	-0.202547	0.0	-2.97587	1.45316	1.2109	0.0	-0.208436	0.8134100000000001	-0.543064	0.0	0.331231	-0.463738	-0.8217260000000001	0.0	-0.92024	-0.351157	-0.172767	0.0	2.73733	1.66467	1.56409	0.0	
0	0.18524100000000002	0.876202	-0.44492299999999996	0.0	0.347962	0.36494099999999996	0.863563	0.0	0.919026	-0.314784	-0.237283	0.0	-3.05895	1.46718	1.16006	0.224874	-0.227321	0.8265979999999999	-0.51484	0.0	0.344036	-0.426422	-0.836543	0.0	-0.911024	-0.367287	-0.187445	0.0	2.76218	1.6666299999999998	1.56665	0.247615	
0	0.183515	0.882761	-0.43249799999999994	0.0	0.36064	0.348831	0.8650180000000001	0.0	0.914473	-0.31472	-0.254344	0.0	-3.03715	1.47327	1.13141	0.311269	-0.23850300000000002	0.8263469999999999	-0.5101640000000001	0.0	0.337485	-0.422058	-0.84141	0.0	-0.910615	-0.372852	-0.17821700000000001	0.0	2.70007	1.64115	1.55813	0.270285	
0	0.19328499999999998	0.8813629999999999	-0.431093	0.0	0.367954	0.34219499999999997	0.8645879999999999	0.0	0.9095340000000001	-0.325734	-0.25816	0.0	-3.02122	1.4514	1.1266399999999999	0.336478	-0.258855	0.8242959999999999	-0.5035189999999999	0.0	0.364701	-0.39929499999999996	-0.8411639999999999	0.0	-0.8944200000000001	-0.401373	-0.197262	0.0	2.67693	1.5778299999999998	1.5319399999999999	0.31090100000000004	
0	0.195276	0.877661	-0.437697	0.0	0.36081199999999997	0.350699	0.86419	0.0	0.9119659999999999	-0.326681	-0.24818800000000002	0.0	-2.99703	1.40478	1.14218	0.339665	-0.268258	0.8195309999999999	-0.506367	0.0	0.372733	-0.396397	-0.8390110000000001	0.0	-0.888318	-0.413811	-0.19913	0.0	2.67132	1.50515	1.51324	0.319921	
0	0.227237	0.8640190000000001	-0.44926099999999997	0.0	0.359808	0.354196	0.863182	0.0	0.904932	-0.357795	-0.230395	0.0	-2.96953	1.31724	1.21965	0.341522	-0.285015	0.8126140000000001	-0.508356	0.0	0.37594	-0.39309099999999997	-0.8391360000000001	0.0	-0.8817229999999999	-0.430277	-0.193457	0.0	2.65097	1.4642899999999999	1.5566799999999998	0.34066199999999996	
0	0.23568899999999998	0.8586090000000001	-0.45523800000000003	0.0	0.360127	0.357921	0.861511	0.0	0.90264	-0.366992	-0.22485100000000002	0.0	-2.96552	1.2339799999999999	1.24716	0.341111	-0.28168699999999997	0.814134	-0.507779	0.0	0.377365	-0.39256199999999997	-0.838744	0.0	-0.882184	-0.42788100000000007	-0.19664600000000002	0.0	2.63326	1.41283	1.5655	0.34215	
0	0.245317	0.852617	-0.46137100000000003	0.0	0.35746300000000003	0.362824	0.860569	0.0	0.9011319999999999	-0.376035	-0.215773	0.0	-2.9553599999999998	1.1958799999999998	1.26031	0.341287	-0.29149899999999995	0.808174	-0.511746	0.0	0.376425	-0.394903	-0.838067	0.0	-0.879394	-0.436929	-0.189103	0.0	2.62507	1.33473	1.58162	0.34968499999999997	
0	0.250449	0.846841	-0.469186	0.0	0.35389	0.37101300000000004	0.8585520000000001	0.0	0.9011309999999999	-0.381064	-0.206769	0.0	-2.9549	1.1429200000000002	1.27932	0.341686	-0.296602	0.8073239999999999	-0.510153	0.0	0.378814	-0.39091	-0.8388620000000001	0.0	-0.876657	-0.442061	-0.189881	0.0	2.6263099999999997	1.30199	1.58648	0.353446	
0	0.25058600000000003	0.8466090000000001	-0.469533	0.0	0.353497	0.37149899999999997	0.858504	0.0	0.9012469999999999	-0.38110700000000003	-0.206181	0.0	-2.95474	1.14337	1.28128	0.341667	-0.296218	0.8075180000000001	-0.5100680000000001	0.0	0.378998	-0.390815	-0.838823	0.0	-0.876707	-0.44178900000000004	-0.190282	0.0	2.62722	1.3023	1.58571	0.353039	
0	0.250583	0.846612	-0.469529	0.0	0.3535	0.371494	0.858504	0.0	0.9012469999999999	-0.381105	-0.20618699999999998	0.0	-2.95474	1.14341	1.2812700000000001	0.34166799999999997	-0.296215	0.80752	-0.510066	0.0	0.378998	-0.390814	-0.838823	0.0	-0.876708	-0.44178599999999996	-0.19028399999999998	0.0	2.62722	1.3023200000000001	1.58571	0.35304	
0	0.250583	0.846612	-0.469529	0.0	0.3535	0.371494	0.858504	0.0	0.9012469999999999	-0.381105	-0.20618699999999998	0.0	-2.95474	1.14341	1.2812700000000001	0.34166799999999997	-0.296215	0.80752	-0.510066	0.0	0.378998	-0.390814	-0.838823	0.0	-0.876708	-0.44178599999999996	-0.19028399999999998	0.0	2.62722	1.3023200000000001	1.58571	0.35304	
0	0.250583	0.846612	-0.469529	0.0	0.3535	0.371494	0.858504	0.0	0.9012469999999999	-0.381105	-0.20618699999999998	0.0	-2.95474	1.14341	1.2812700000000001	0.34166799999999997	-0.296215	0.80752	-0.510066	0.0	0.378998	-0.390814	-0.838823	0.0	-0.876708	-0.44178599999999996	-0.19028399999999998	0.0	2.62722	1.3023200000000001	1.58571	0.35304	
0	0.250583	0.846612	-0.469529	0.0	0.3535	0.371494	0.858504	0.0	0.9012469999999999	-0.381105	-0.20618699999999998	0.0	-2.95474	1.14342	1.2812700000000001	0.34166799999999997	-0.296215	0.80752	-0.510066	0.0	0.378998	-0.390814	-0.838823	0.0	-0.876708	-0.44178599999999996	-0.19028399999999998	0.0	2.62722	1.3023200000000001	1.58571	0.35304	
0	0.250583	0.846612	-0.469529	0.0	0.3535	0.371494	0.858504	0.0	0.9012469999999999	-0.381105	-0.20618699999999998	0.0	-2.95474	1.14341	1.2812700000000001	0.34166799999999997	-0.296215	0.80752	-0.510066	0.0	0.378998	-0.390814	-0.838823	0.0	-0.876708	-0.44178599999999996	-0.19028399999999998	0.0	2.62722	1.3023200000000001	1.58571	0.35304	
0	0.250583	0.846612	-0.469529	0.0	0.3535	0.371494	0.858504	0.0	0.9012469999999999	-0.381105	-0.20618699999999998	0.0	-2.95474	1.14341	1.28126	0.34166799999999997	-0.296215	0.80752	-0.510066	0.0	0.378999	-0.390814	-0.838823	0.0	-0.876708	-0.44178599999999996	-0.19028399999999998	0.0	2.62722	1.3023200000000001	1.58571	0.35304	
0	0.250583	0.846612	-0.469529	0.0	0.3535	0.371494	0.858504	0.0	0.9012469999999999	-0.381105	-0.20618699999999998	0.0	-2.95474	1.14341	1.2812700000000001	0.34166799999999997	-0.296215	0.80752	-0.510066	0.0	0.378998	-0.390814	-0.838823	0.0	-0.876708	-0.44178599999999996	-0.19028399999999998	0.0	2.62722	1.3023200000000001	1.58571	0.35304	
0	0.250583	0.846612	-0.469529	0.0	0.3535	0.371494	0.858504	0.0	0.9012469999999999	-0.381105	-0.20618699999999998	0.0	-2.95474	1.14341	1.2812700000000001	0.34166799999999997	-0.296215	0.80752	-0.510066	0.0	0.378998	-0.390814	-0.838823	0.0	-0.876708	-0.44178599999999996	-0.19028399999999998	0.0	2.62722	1.3023200000000001	1.58571	0.35304	
0	0.250583	0.846612	-0.469529	0.0	0.3535	0.371494	0.858504	0.0	0.9012469999999999	-0.381105	-0.20618699999999998	0.0	-2.95474	1.14342	1.2812700000000001	0.34166799999999997	-0.296215	0.80752	-0.510066	0.0	0.378998	-0.390814	-0.838823	0.0	-0.876708	-0.44178599999999996	-0.19028399999999998	0.0	2.62722	1.3023200000000001	1.58571	0.35304	
0	0.250583	0.846612	-0.469529	0.0	0.3535	0.371494	0.858504	0.0	0.9012469999999999	-0.381105	-0.20618699999999998	0.0	-2.95474	1.14342	1.2812700000000001	0.34166799999999997	-0.296215	0.80752	-0.510066	0.0	0.378999	-0.390814	-0.838823	0.0	-0.876708	-0.44178599999999996	-0.19028399999999998	0.0	2.62722	1.3023200000000001	1.58571	0.35304	
0	0.250583	0.846612	-0.469529	0.0	0.3535	0.371494	0.858504	0.0	0.9012469999999999	-0.381105	-0.20618699999999998	0.0	-2.95474	1.14341	1.2812700000000001	0.34166799999999997	-0.296215	0.80752	-0.510066	0.0	0.378999	-0.390814	-0.838823	0.0	-0.876708	-0.441787	-0.19028399999999998	0.0	2.62722	1.3023200000000001	1.58571	0.35304	
0	0.250583	0.846612	-0.469529	0.0	0.3535	0.371494	0.858504	0.0	0.9012469999999999	-0.381105	-0.20618699999999998	0.0	-2.95474	1.14341	1.2812700000000001	0.34166799999999997	-0.296215	0.80752	-0.510066	0.0	0.378998	-0.390814	-0.838823	0.0	-0.876708	-0.44178599999999996	-0.19028399999999998	0.0	2.62722	1.3023200000000001	1.58571	0.35304	
0	0.250583	0.846612	-0.469529	0.0	0.3535	0.371494	0.858504	0.0	0.9012469999999999	-0.381105	-0.20618699999999998	0.0	-2.95474	1.14341	1.2812700000000001	0.34166799999999997	-0.296215	0.80752	-0.510066	0.0	0.378998	-0.390814	-0.838823	0.0	-0.876708	-0.44178599999999996	-0.19028399999999998	0.0	2.62722	1.3023200000000001	1.58571	0.35304	
0	0.250583	0.846612	-0.469529	0.0	0.3535	0.371494	0.858505	0.0	0.9012469999999999	-0.381105	-0.20618699999999998	0.0	-2.95474	1.14341	1.2812700000000001	0.34166799999999997	-0.296215	0.80752	-0.510066	0.0	0.378998	-0.390814	-0.838823	0.0	-0.876708	-0.44178599999999996	-0.19028399999999998	0.0	2.62722	1.3023200000000001	1.58571	0.35304	
0	0.250583	0.846612	-0.469529	0.0	0.3535	0.371494	0.858504	0.0	0.9012469999999999	-0.381105	-0.20618699999999998	0.0	-2.95474	1.14341	1.2812700000000001	0.34166799999999997	-0.296215	0.80752	-0.510066	0.0	0.378998	-0.390814	-0.838823	0.0	-0.876708	-0.44178599999999996	-0.19028399999999998	0.0	2.62722	1.3023200000000001	1.58571	0.35304	
0	0.736628	0.5949840000000001	-0.32151599999999997	0.0	0.344194	0.07940900000000001	0.935535	0.0	0.582159	-0.799805	-0.146295	0.0	-2.83643	0.8296129999999999	0.8999879999999999	0.347288	-0.677045	0.594809	-0.433374	0.0	0.42197299999999993	-0.168699	-0.890775	0.0	-0.602951	-0.7859659999999999	-0.136776	0.0	2.2964	1.02881	1.26001	0.356994	
0	0.7647079999999999	0.592896	-0.25238	0.0	0.270509	0.060104399999999995	0.9608399999999999	0.0	0.584847	-0.803033	-0.114422	0.0	-2.55912	0.459083	0.449859	0.346174	-0.71937	0.580537	-0.381423	0.0	0.368136	-0.147017	-0.918075	0.0	-0.589052	-0.800852	-0.107957	0.0	1.85395	0.708667	0.860489	0.357694	
0	0.808733	0.556718	-0.189778	0.0	0.201652	0.0406602	0.978613	0.0	0.552527	-0.8297059999999999	-0.0793802	0.0	-2.28576	0.135678	0.0474196	0.348077	-0.763827	0.554909	-0.329613	0.0	0.307163	-0.13661700000000002	-0.9418	0.0	-0.5676439999999999	-0.820617	-0.0660961	0.0	1.48335	0.39668600000000004	0.507151	0.360194	
0	0.8647040000000001	0.48213599999999995	-0.140826	0.0	0.119129	0.0755118	0.9900030000000001	0.0	0.48795	-0.8728360000000001	0.00785882	0.0	-2.0824599999999998	-0.33775900000000003	-0.370635	0.347941	-0.782944	0.551299	-0.288215	0.0	0.257486	-0.13456600000000002	-0.956866	0.0	-0.566304	-0.823384	-0.0365945	0.0	1.11789	0.209308	0.170096	0.360362	
0	0.8907299999999999	0.441597	-0.107668	0.0	0.0801944	0.08047860000000001	0.993525	0.0	0.447403	-0.893597	0.0362711	0.0	-1.9805099999999998	-0.69391	-0.6225189999999999	0.352173	-0.8013560000000001	0.534337	-0.268911	0.0	0.23295300000000002	-0.135291	-0.963031	0.0	-0.550964	-0.834374	-0.0160596	0.0	0.8843639999999999	0.08026389999999999	-0.036967099999999996	0.361117	
0	0.918824	0.391306	-0.05139640000000001	0.0	0.0158483	0.0935401	0.995489	0.0	0.394348	-0.9154950000000001	0.0797454	0.0	-1.9454099999999999	-0.9682059999999999	-0.794171	0.353721	-0.8189890000000001	0.518708	-0.245356	0.0	0.20936999999999997	-0.127977	-0.969426	0.0	-0.534249	-0.845319	-0.00378972	0.0	0.717254	0.0142673	-0.139562	0.36135300000000004	
0	0.9335600000000001	0.357028	-0.0315771	0.0	-0.00773712	0.108154	0.9941040000000001	0.0	0.358338	-0.927811	0.10372999999999999	0.0	-1.9339	-1.1144399999999999	-0.839734	0.35493800000000003	-0.8277770000000001	0.509664	-0.23458099999999998	0.0	0.199167	-0.123945	-0.972096	0.0	-0.524517	-0.851399	0.00109005	0.0	0.668511	-0.00636432	-0.183109	0.361508	
0	0.964348	0.247342	0.09409980000000001	0.0	-0.135898	0.15773800000000002	0.978085	0.0	0.227079	-0.956002	0.185727	0.0	-1.9896900000000002	-1.4671399999999999	-0.864456	0.354668	-0.8349719999999999	0.501944	-0.225552	0.0	0.193105	-0.116552	-0.974231	0.0	-0.5152979999999999	-0.8570110000000001	0.00039041	0.0	0.5626680000000001	0.026553399999999998	-0.312318	0.361184	
0	0.9732350000000001	0.171148	0.153366	0.0	-0.18720699999999998	0.203369	0.961038	0.0	0.13329000000000002	-0.9640280000000001	0.22996599999999998	0.0	-2.16423	-1.5788200000000001	-0.8368959999999999	0.353586	-0.8368639999999999	0.499054	-0.224954	0.0	0.194779	-0.11258	-0.9743649999999999	0.0	-0.511586	-0.8592270000000001	-0.00299078	0.0	0.5426380000000001	0.0738964	-0.369922	0.361155	
0	0.974211	0.09639960000000002	0.204011	0.0	-0.221482	0.235776	0.946232	0.0	0.043115499999999994	-0.9670139999999999	0.25104699999999996	0.0	-2.42171	-1.61049	-0.776993	0.352724	-0.8396450000000001	0.49531800000000004	-0.222836	0.0	0.19735999999999998	-0.10399000000000001	-0.9748	0.0	-0.506009	-0.8624649999999999	-0.0104414	0.0	0.547779	0.11109400000000001	-0.41618299999999997	0.361144	
0	0.9711299999999999	0.048051800000000006	0.233659	0.0	-0.23836100000000002	0.234415	0.9424620000000001	0.0	-0.00948624	-0.9709479999999999	0.239101	0.0	-2.6388599999999998	-1.5953	-0.768312	0.35241100000000003	-0.840418	0.49477899999999997	-0.22111399999999998	0.0	0.200181	-0.0957316	-0.9750709999999999	0.0	-0.503612	-0.8637299999999999	-0.018590799999999998	0.0	0.5623229999999999	0.138869	-0.429233	0.361147	
0	0.969095	-0.0165329	0.24613200000000002	0.0	-0.23601999999999998	0.228082	0.944602	0.0	-0.0717554	-0.9735020000000001	0.217131	0.0	-3.00037	-1.64788	-0.82514	0.350199	-0.836841	0.50158	-0.21935100000000002	0.0	0.206587	-0.081719	-0.97501	0.0	-0.50697	-0.861243	-0.0352342	0.0	0.584226	0.188237	-0.449157	0.360906	
0	0.969146	-0.0156821	0.24598899999999999	0.0	-0.23745300000000003	0.208331	0.9487959999999999	0.0	-0.0661263	-0.9779329999999999	0.198179	0.0	-3.09173	-1.66383	-0.840475	0.34985700000000003	-0.836717	0.502249	-0.21829099999999999	0.0	0.20659	-0.07967339999999999	-0.9751780000000001	0.0	-0.507175	-0.8610450000000001	-0.0370956	0.0	0.584439	0.192603	-0.441783	0.360865	
0	0.976291	-0.00160124	0.216457	0.0	-0.21265100000000003	0.179729	0.960457	0.0	-0.040441399999999995	-0.983715	0.175127	0.0	-3.16621	-1.6601700000000001	-0.904509	0.348249	-0.837303	0.501692	-0.217323	0.0	0.206629	-0.07764019999999999	-0.975334	0.0	-0.5061899999999999	-0.861555	-0.0386556	0.0	0.58808	0.187779	-0.429454	0.360862	
0	0.982066	0.00955881	0.188296	0.0	-0.187527	0.152852	0.9702940000000001	0.0	-0.0195066	-0.988203	0.151903	0.0	-3.13625	-1.68629	-0.9928540000000001	0.348401	-0.835778	0.5024890000000001	-0.22131599999999998	0.0	0.21225100000000002	-0.07606639999999999	-0.97425	0.0	-0.5063840000000001	-0.861231	-0.0430792	0.0	0.589137	0.195028	-0.421008	0.36098600000000003	
0	0.9819620000000001	0.0249887	0.18742	0.0	-0.189056	0.145027	0.971198	0.0	-0.0029119	-0.9891120000000001	0.147135	0.0	-3.11081	-1.74027	-1.07513	0.349221	-0.834231	0.504366	-0.222877	0.0	0.21646100000000001	-0.07220549999999999	-0.973617	0.0	-0.507153	-0.860466	-0.0489401	0.0	0.59495	0.21740700000000002	-0.436258	0.36078499999999997	
0	0.98355	0.0470537	0.1744	0.0	-0.179623	0.15262699999999998	0.971823	0.0	0.019109599999999997	-0.9871629999999999	0.15856800000000001	0.0	-3.04285	-1.8381599999999998	-1.16101	0.349385	-0.837692	0.500904	-0.21764	0.0	0.215802	-0.0624891	-0.9744360000000001	0.0	-0.501699	-0.863244	-0.055749400000000005	0.0	0.6077899999999999	0.20086600000000002	-0.442863	0.360511	
0	0.9847040000000001	0.064038	0.16204000000000002	0.0	-0.170285	0.15682100000000002	0.972836	0.0	0.036887300000000005	-0.985549	0.165327	0.0	-3.02487	-1.8698099999999998	-1.1863700000000001	0.349101	-0.838153	0.49743000000000004	-0.22375	0.0	0.22048600000000002	-0.06622	-0.97314	0.0	-0.49888599999999994	-0.864973	-0.054173900000000004	0.0	0.6588350000000001	0.137446	-0.442829	0.36033899999999996	
0	0.9881139999999999	0.08418350000000001	0.12862300000000002	0.0	-0.141146	0.16539	0.976076	0.0	0.060896500000000006	-0.9826290000000001	0.175307	0.0	-2.9858	-1.8527900000000002	-1.14982	0.34985	-0.834096	0.49263900000000005	-0.248175	0.0	0.23876599999999998	-0.08314099999999999	-0.967511	0.0	-0.49726800000000004	-0.866253	-0.0482782	0.0	0.7231890000000001	0.117529	-0.366691	0.36061	
0	0.986016	0.140188	0.0901136	0.0	-0.110496	0.14515999999999998	0.9832190000000001	0.0	0.12475499999999999	-0.979426	0.15862	0.0	-2.96787	-1.66084	-0.987848	0.35026399999999996	-0.840354	0.477969	-0.25563800000000003	0.0	0.252602	-0.0719456	-0.964892	0.0	-0.47958	-0.875426	-0.0602764	0.0	0.8545879999999999	0.158326	-0.22973200000000002	0.360874	
0	0.9888	0.12651199999999999	0.079178	0.0	-0.09511710000000001	0.125366	0.98754	0.0	0.11500999999999999	-0.9840110000000001	0.135995	0.0	-2.98201	-1.37186	-0.7565109999999999	0.350646	-0.842618	0.47298	-0.257458	0.0	0.260789	-0.059884900000000005	-0.9635370000000001	0.0	-0.47115100000000004	-0.879036	-0.072888	0.0	1.0278200000000002	0.292725	-0.07680139999999999	0.36056900000000003	
0	0.988768	0.12653399999999998	0.0795379	0.0	-0.09542	0.124856	0.987576	0.0	0.115032	-0.984073	0.135527	0.0	-2.98391	-1.37067	-0.757371	0.34978000000000004	-0.842934	0.472346	-0.257587	0.0	0.260824	-0.05998490000000001	-0.963521	0.0	-0.470567	-0.8793700000000001	-0.07263589999999999	0.0	1.0261	0.29178200000000004	-0.07322310000000001	0.360598	
0	0.988766	0.126551	0.0795411	0.0	-0.0954285	0.12488099999999999	0.9875719999999999	0.0	0.11504600000000001	-0.984068	0.135555	0.0	-2.9838400000000003	-1.37114	-0.757742	0.34978200000000004	-0.842933	0.47235	-0.257585	0.0	0.260817	-0.0599931	-0.963522	0.0	-0.47057299999999996	-0.879367	-0.072627	0.0	1.02586	0.291589	-0.07350319999999999	0.3606	
0	0.988766	0.126552	0.0795411	0.0	-0.0954285	0.12488099999999999	0.9875719999999999	0.0	0.11504600000000001	-0.984068	0.135555	0.0	-2.9838400000000003	-1.37114	-0.757743	0.34978200000000004	-0.842933	0.47235	-0.257585	0.0	0.260817	-0.0599932	-0.963522	0.0	-0.47057299999999996	-0.879367	-0.07262710000000001	0.0	1.02586	0.29159	-0.0735045	0.3606	
0	0.988766	0.126552	0.0795411	0.0	-0.0954285	0.12488099999999999	0.9875719999999999	0.0	0.11504600000000001	-0.984068	0.135555	0.0	-2.9838400000000003	-1.37115	-0.757743	0.34978200000000004	-0.842933	0.47235	-0.257585	0.0	0.260817	-0.0599932	-0.963522	0.0	-0.47057299999999996	-0.879367	-0.07262710000000001	0.0	1.02586	0.29159	-0.0735044	0.3606	
0	0.988766	0.126552	0.0795411	0.0	-0.0954285	0.12488099999999999	0.9875719999999999	0.0	0.11504600000000001	-0.984068	0.135555	0.0	-2.9838400000000003	-1.37114	-0.757743	0.34978200000000004	-0.842933	0.47235	-0.257585	0.0	0.260817	-0.0599932	-0.963522	0.0	-0.47057299999999996	-0.879367	-0.07262710000000001	0.0	1.02586	0.29159	-0.073504	0.3606	
0	0.988766	0.126552	0.0795411	0.0	-0.0954285	0.12488099999999999	0.9875719999999999	0.0	0.11504600000000001	-0.984068	0.135555	0.0	-2.9838400000000003	-1.37115	-0.757743	0.34978200000000004	-0.842933	0.47235	-0.257585	0.0	0.260817	-0.0599932	-0.963522	0.0	-0.47057299999999996	-0.879367	-0.07262710000000001	0.0	1.02586	0.29159	-0.07350419999999999	0.3606	
0	0.988766	0.126552	0.0795411	0.0	-0.0954285	0.12488099999999999	0.9875719999999999	0.0	0.11504600000000001	-0.984068	0.135555	0.0	-2.9838400000000003	-1.37114	-0.757743	0.34978200000000004	-0.842933	0.47235	-0.257585	0.0	0.260817	-0.0599932	-0.963522	0.0	-0.47057299999999996	-0.879367	-0.07262710000000001	0.0	1.02586	0.291589	-0.0735043	0.3606	
0	0.988766	0.126552	0.0795411	0.0	-0.0954285	0.12488099999999999	0.9875719999999999	0.0	0.11504600000000001	-0.984068	0.135555	0.0	-2.9838400000000003	-1.37114	-0.757743	0.34978200000000004	-0.842933	0.47235	-0.257585	0.0	0.260817	-0.0599932	-0.963522	0.0	-0.47057299999999996	-0.879367	-0.07262710000000001	0.0	1.02586	0.29159	-0.0735045	0.3606	
0	0.988766	0.126552	0.0795411	0.0	-0.0954285	0.12488099999999999	0.9875719999999999	0.0	0.11504600000000001	-0.984068	0.135555	0.0	-2.9838400000000003	-1.37114	-0.757742	0.34978200000000004	-0.842933	0.47235	-0.257585	0.0	0.260817	-0.0599933	-0.963522	0.0	-0.47057299999999996	-0.879367	-0.07262710000000001	0.0	1.02586	0.291589	-0.0735041	0.3606	
0	0.988766	0.126552	0.0795411	0.0	-0.0954285	0.12488099999999999	0.9875719999999999	0.0	0.11504600000000001	-0.984068	0.135555	0.0	-2.9838400000000003	-1.37114	-0.757742	0.34978200000000004	-0.842933	0.47235	-0.257585	0.0	0.260817	-0.0599932	-0.963522	0.0	-0.47057299999999996	-0.879367	-0.07262710000000001	0.0	1.02586	0.291589	-0.0735041	0.3606	
0	0.971648	0.21611999999999998	0.0958716	0.0	-0.0592722	-0.16988399999999998	0.9836799999999999	0.0	0.22888000000000003	-0.9614739999999999	-0.152257	0.0	-2.91931	-1.7114099999999999	-1.09776	0.350851	-0.834259	0.536521	-0.12711	0.0	0.174681	0.038524199999999995	-0.9838709999999999	0.0	-0.522971	-0.843007	-0.125859	0.0	0.7299479999999999	-0.013782299999999997	-0.318538	0.360346	
0	0.965348	0.23375900000000002	0.11601500000000001	0.0	-0.08163480000000001	-0.151754	0.9850409999999999	0.0	0.24786799999999998	-0.9603790000000001	-0.127412	0.0	-2.90145	-1.9523099999999998	-1.29427	0.3521	-0.8408	0.528792	-0.115904	0.0	0.160761	0.0394546	-0.9862049999999999	0.0	-0.516925	-0.847834	-0.118183	0.0	0.552203	-0.204178	-0.463905	0.360599	
0	0.956843	0.23934499999999997	0.164819	0.0	-0.16183499999999998	-0.0322084	0.9862920000000001	0.0	0.241373	-0.9704	0.00791598	0.0	-2.82205	-2.74147	-1.6762299999999999	0.349929	-0.8472290000000001	0.5230819999999999	-0.0926745	0.0	0.125192	0.027061200000000004	-0.991763	0.0	-0.516266	-0.8518530000000001	-0.08841289999999999	0.0	0.10485799999999999	-0.721252	-0.923958	0.360668	
0	0.95839	0.193353	0.210008	0.0	-0.196302	-0.0877281	0.976611	0.0	0.207254	-0.9771989999999999	-0.046122199999999995	0.0	-2.6865200000000002	-3.25179	-1.77878	0.351182	-0.838515	0.537098	-0.0917485	0.0	0.11886600000000001	0.015983	-0.9927819999999999	0.0	-0.531754	-0.843369	-0.07724450000000001	0.0	-0.116087	-0.841857	-1.07905	0.362045	
0	0.9602229999999999	0.163274	0.22652399999999998	0.0	-0.195363	-0.186799	0.962777	0.0	0.199511	-0.968735	-0.147471	0.0	-2.6995299999999998	-3.4270099999999997	-1.7735	0.34381999999999996	-0.8383870000000001	0.536572	-0.09590710000000001	0.0	0.12284500000000001	0.0145767	-0.9923190000000001	0.0	-0.5310520000000001	-0.8437290000000001	-0.07813669999999999	0.0	-0.34911	-0.834838	-1.1759600000000001	0.36248800000000003	
0	0.957083	0.15253	0.24643	0.0	-0.221073	-0.16559100000000002	0.961096	0.0	0.18740199999999999	-0.9743280000000001	-0.12476400000000001	0.0	-2.70073	-3.48685	-1.7733	0.34825	-0.837731	0.537672	-0.09547560000000001	0.0	0.126201	0.0205147	-0.991793	0.0	-0.5313	-0.8429049999999999	-0.0850403	0.0	-0.409081	-0.792829	-1.2308	0.36223	
0	0.953788	0.131913	0.26997600000000005	0.0	-0.235496	-0.229877	0.944298	0.0	0.186627	-0.9642379999999999	-0.18818900000000002	0.0	-2.70559	-3.52017	-1.77122	0.34700000000000003	-0.834615	0.542554	-0.0951442	0.0	0.134304	0.032921399999999996	-0.9903930000000001	0.0	-0.5342100000000001	-0.839375	-0.100344	0.0	-0.478397	-0.69019	-1.31813	0.36207	
0	0.951155	0.0997741	0.292145	0.0	-0.267919	-0.203361	0.941735	0.0	0.153372	-0.974007	-0.166697	0.0	-2.7008099999999997	-3.5329099999999998	-1.76545	0.349193	-0.832883	0.5451819999999999	-0.0953061	0.0	0.14233800000000002	0.0445923	-0.9888129999999999	0.0	-0.534833	-0.837131	-0.11474000000000001	0.0	-0.49937600000000004	-0.570715	-1.38879	0.36164	
0	0.9431379999999999	0.0698985	0.32497	0.0	-0.308285	-0.181667	0.933787	0.0	0.12430699999999999	-0.980873	-0.149788	0.0	-2.71065	-3.5379	-1.76259	0.351602	-0.833124	0.544199	-0.0987543	0.0	0.147931	0.047203800000000004	-0.9878709999999999	0.0	-0.532936	-0.837627	-0.119831	0.0	-0.501317	-0.53467	-1.41321	0.361525	
0	0.9393540000000001	0.0781692	0.333923	0.0	-0.341104	0.112054	0.9333229999999999	0.0	0.0355397	-0.9906229999999999	0.131922	0.0	-2.7707900000000003	-3.61314	-1.7782900000000001	0.33916199999999996	-0.830247	0.547678	-0.103626	0.0	0.16104000000000002	0.0577069	-0.985259	0.0	-0.533625	-0.8346969999999999	-0.13610899999999998	0.0	-0.49503400000000003	-0.483062	-1.40024	0.36108	
0	0.9400430000000001	0.0743522	0.332852	0.0	-0.339699	0.117173	0.933207	0.0	0.0303846	-0.990324	0.135405	0.0	-2.76646	-3.61237	-1.7798200000000002	0.338968	-0.823549	0.556527	-0.10975399999999999	0.0	0.17162	0.060037599999999997	-0.983332	0.0	-0.540661	-0.828658	-0.144955	0.0	-0.507872	-0.416084	-1.3764399999999999	0.36096300000000003	
0	0.9424879999999999	0.0590341	0.328986	0.0	-0.333922	0.12331700000000001	0.934499	0.0	0.014597799999999998	-0.99061	0.135938	0.0	-2.75081	-3.61081	-1.7814599999999998	0.337357	-0.8215520000000001	0.558968	-0.11227999999999999	0.0	0.17715699999999998	0.0630929	-0.982158	0.0	-0.5419109999999999	-0.826786	-0.150859	0.0	-0.516712	-0.391837	-1.3647200000000002	0.361052	
0	0.953105	0.00350085	0.302619	0.0	-0.299349	0.157958	0.9409780000000001	0.0	-0.0445069	-0.98744	0.151598	0.0	-2.69398	-3.6082300000000003	-1.78574	0.335098	-0.817006	0.564346	-0.11838599999999999	0.0	0.193924	0.0755622	-0.978102	0.0	-0.543042	-0.8220729999999999	-0.171175	0.0	-0.52715	-0.294478	-1.36364	0.36127800000000004	
0	0.957441	-0.0103258	0.288443	0.0	-0.282327	0.174175	0.9433739999999999	0.0	-0.059980700000000005	-0.984661	0.163847	0.0	-2.68197	-3.6070599999999997	-1.78593	0.337014	-0.815775	0.5660390000000001	-0.11879	0.0	0.201182	0.08514939999999999	-0.9758459999999999	0.0	-0.5422520000000001	-0.8199690000000001	-0.18334	0.0	-0.512662	-0.262044	-1.37675	0.361282	
0	0.9592870000000001	-0.00883248	0.282294	0.0	-0.276364	0.176717	0.944666	0.0	-0.0582299	-0.9842219999999999	0.167081	0.0	-2.68194	-3.6061900000000002	-1.78867	0.315081	-0.809739	0.573338	-0.124923	0.0	0.21958699999999998	0.09864880000000001	-0.970593	0.0	-0.544155	-0.813358	-0.20577800000000002	0.0	-0.469887	-0.194475	-1.46096	0.36090900000000004	
0	0.9590489999999999	-0.0155922	0.282812	0.0	-0.274129	0.20013699999999998	0.9406370000000001	0.0	-0.0712676	-0.9796440000000001	0.187667	0.0	-2.68715	-3.6026199999999995	-1.7976	0.25567199999999995	-0.800341	0.584346	-0.134143	0.0	0.24195500000000003	0.110089	-0.9640219999999999	0.0	-0.548554	-0.804003	-0.229494	0.0	-0.463113	-0.13783199999999998	-1.5023600000000001	0.360902	
0	0.965791	-0.041113800000000006	0.25604299999999997	0.0	-0.24251399999999998	0.20649099999999998	0.947918	0.0	-0.09184310000000001	-0.977584	0.189457	0.0	-2.69733	-3.59274	-1.80086	0.1461	-0.790245	0.596322	-0.14111400000000002	0.0	0.263834	0.123248	-0.9566620000000001	0.0	-0.553086	-0.7932279999999999	-0.254727	0.0	-0.44250900000000004	-0.0470777	-1.5715299999999999	0.36130500000000004	
0	0.9723350000000001	-0.0796493	0.219594	0.0	-0.217031	0.0396215	0.97536	0.0	-0.08638739999999999	-0.996035	0.0212389	0.0	-2.8929099999999996	-3.5890800000000005	-1.8262599999999998	0.146226	-0.785026	0.6033430000000001	-0.140397	0.0	0.278915	0.141894	-0.949775	0.0	-0.5531189999999999	-0.7847569999999999	-0.279672	0.0	-0.42263500000000004	0.062299	-1.62218	0.36087600000000003	
0	0.9807040000000001	-0.0748482	0.18060299999999999	0.0	-0.17916600000000002	0.025541099999999997	0.9834870000000001	0.0	-0.078225	-0.996868	0.011637999999999999	0.0	-2.93903	-3.5919	-1.83693	0.146064	-0.7790100000000001	0.610639	-0.142352	0.0	0.291612	0.151859	-0.9444049999999999	0.0	-0.5550729999999999	-0.777212	-0.296369	0.0	-0.398704	0.13433599999999998	-1.6919799999999998	0.361377	
0	0.9860270000000001	-0.07978400000000001	0.146238	0.0	-0.150091	-0.044605900000000004	0.9876659999999999	0.0	-0.0722768	-0.995814	-0.055957400000000004	0.0	-2.91743	-3.5934800000000005	-1.80745	0.146279	-0.772234	0.619625	-0.140425	0.0	0.304764	0.16733399999999998	-0.9376129999999999	0.0	-0.55747	-0.766853	-0.31806	0.0	-0.365481	0.25697800000000004	-1.76033	0.360856	
0	0.9894729999999999	-0.0650612	0.12926500000000002	0.0	-0.132475	-0.0476892	0.9900389999999999	0.0	-0.0582486	-0.996741	-0.055806100000000004	0.0	-2.9223	-3.59332	-1.80218	0.146368	-0.767312	0.626113	-0.13861700000000002	0.0	0.312054	0.17572000000000002	-0.933673	0.0	-0.560227	-0.759674	-0.33021300000000003	0.0	-0.355065	0.287571	-1.8086799999999998	0.360507	
0	0.9941610000000001	-0.052288999999999995	0.09439349999999999	0.0	-0.09653969999999999	-0.0401583	0.994519	0.0	-0.048211699999999996	-0.9978239999999999	-0.0449718	0.0	-2.9180200000000003	-3.58986	-1.79778	0.146494	-0.758089	0.6372	-0.13884000000000002	0.0	0.31955100000000003	0.177359	-0.930823	0.0	-0.568496	-0.750013	-0.338072	0.0	-0.37778	0.30036599999999997	-1.85408	0.360313	
0	0.9967940000000001	-0.033712599999999995	0.07256030000000001	0.0	-0.0739435	-0.0417723	0.9963870000000001	0.0	-0.0305598	-0.998558	-0.044131199999999995	0.0	-2.9235700000000002	-3.5869999999999997	-1.7917299999999998	0.146439	-0.7484569999999999	0.648704	-0.137821	0.0	0.320303	0.171625	-0.931639	0.0	-0.580705	-0.741436	-0.33623600000000003	0.0	-0.436066	0.28946	-1.8646599999999998	0.36035700000000004	
0	0.9979459999999999	-0.015308	0.06220319999999999	0.0	-0.06286119999999999	-0.047106300000000004	0.9969100000000001	0.0	-0.012330500000000001	-0.9987729999999999	-0.0479718	0.0	-2.9249	-3.5772199999999996	-1.80457	0.14625	-0.7439399999999999	0.6543100000000001	-0.13576300000000002	0.0	0.320227	0.170749	-0.931826	0.0	-0.586521	-0.736698	-0.336554	0.0	-0.46948900000000005	0.28021599999999997	-1.87068	0.360088	
0	0.997899	-0.00101985	0.06477659999999999	0.0	-0.0647101	-0.0636274	0.9958739999999999	0.0	0.00310592	-0.997973	-0.0635597	0.0	-2.9334	-3.56811	-1.7992599999999999	0.146107	-0.7378319999999999	0.661197	-0.135728	0.0	0.321037	0.166878	-0.932249	0.0	-0.59375	-0.731417	-0.335397	0.0	-0.529741	0.26811799999999997	-1.8829799999999999	0.35985500000000004	
0	0.997843	0.003682	0.0655401	0.0	-0.065091	-0.0737673	0.995149	0.0	0.00849886	-0.9972690000000001	-0.07336849999999999	0.0	-2.9354400000000003	-3.5471800000000004	-1.79479	0.14578	-0.734487	0.664794	-0.1363	0.0	0.321898	0.164483	-0.932377	0.0	-0.59742	-0.728693	-0.334807	0.0	-0.551277	0.265554	-1.88352	0.360048	
0	0.997871	0.00157493	0.0652058	0.0	-0.0651025	-0.037161900000000005	0.997186	0.0	0.00399367	-0.999308	-0.0369802	0.0	-2.91113	-3.45401	-1.80487	0.145688	-0.7324039999999999	0.667578	-0.13388	0.0	0.31997600000000004	0.163911	-0.9331389999999999	0.0	-0.600999	-0.726273	-0.333658	0.0	-0.5755979999999999	0.25782	-1.88097	0.359869	
0	0.997159	0.0070027	0.0749943	0.0	-0.0742462	-0.0761807	0.994326	0.0	0.012676100000000001	-0.9970690000000001	-0.07544429999999999	0.0	-2.91372	-3.3975699999999995	-1.8021099999999999	0.14529	-0.732466	0.667891	-0.131966	0.0	0.319409	0.165949	-0.9329729999999999	0.0	-0.601225	-0.725522	-0.334883	0.0	-0.588635	0.25258400000000003	-1.8720700000000001	0.359929	
0	0.9971040000000001	0.008831100000000001	0.0755422	0.0	-0.0743951	-0.09322799999999999	0.9928610000000001	0.0	0.0158107	-0.995606	-0.092301	0.0	-2.91717	-3.3586099999999997	-1.7982900000000002	0.145495	-0.732796	0.6679149999999999	-0.129998	0.0	0.318644	0.16803099999999999	-0.9328620000000001	0.0	-0.601229	-0.725021	-0.335959	0.0	-0.592086	0.24793800000000002	-1.87127	0.359737	
0	0.9969299999999999	0.010562899999999998	0.07758129999999999	0.0	-0.0761722	-0.09842730000000001	0.992225	0.0	0.018116800000000002	-0.995088	-0.09732060000000001	0.0	-2.91972	-3.23581	-1.79339	0.14538800000000002	-0.732118	0.669193	-0.12721500000000002	0.0	0.317871	0.170455	-0.932686	0.0	-0.602463	-0.723274	-0.337511	0.0	-0.592871	0.242182	-1.85922	0.359674	
0	0.996589	0.0125306	0.0815725	0.0	-0.07988939999999999	-0.101521	0.9916209999999999	0.0	0.0207069	-0.994755	-0.100174	0.0	-2.92345	-3.1378	-1.79073	0.14538399999999999	-0.730276	0.671996	-0.12295999999999999	0.0	0.315002	0.171518	-0.933464	0.0	-0.6061949999999999	-0.7204189999999999	-0.336935	0.0	-0.6072930000000001	0.21591799999999997	-1.8426200000000001	0.359556	
0	0.9964379999999999	0.0112115	0.0835813	0.0	-0.0818309	-0.11094200000000001	0.990452	0.0	0.0203771	-0.993764	-0.10962999999999999	0.0	-2.9235599999999997	-2.96932	-1.7821	0.145224	-0.729524	0.672942	-0.12224700000000001	0.0	0.314958	0.171877	-0.9334129999999999	0.0	-0.607122	-0.719449	-0.337337	0.0	-0.6178859999999999	0.19115	-1.841	0.359912	
0	0.995691	0.01595	0.0913511	0.0	-0.0886572	-0.125113	0.988173	0.0	0.027190600000000002	-0.992014	-0.12315999999999999	0.0	-2.918	-2.85862	-1.7622400000000003	0.145353	-0.72743	0.675754	-0.119175	0.0	0.313664	0.172994	-0.933643	0.0	-0.610296	-0.71654	-0.3378	0.0	-0.621136	0.168141	-1.8481400000000001	0.359682	
0	0.9946010000000001	0.0346441	0.09782139999999999	0.0	-0.0917794	-0.146284	0.9849760000000001	0.0	0.0484334	-0.9886360000000001	-0.142315	0.0	-2.84048	-2.5825299999999998	-1.72563	0.14533800000000002	-0.723246	0.680076	-0.120046	0.0	0.314591	0.169703	-0.9339350000000001	0.0	-0.614775	-0.71323	-0.336683	0.0	-0.622559	0.139274	-1.86058	0.359844	
0	0.990757	0.07269550000000001	0.114527	0.0	-0.09839529999999999	-0.196053	0.9756440000000001	0.0	0.0933784	-0.9778950000000001	-0.187088	0.0	-2.32973	-2.16384	-2.19748	0.145725	-0.716717	0.68487	-0.131417	0.0	0.32289	0.15887300000000001	-0.9330069999999999	0.0	-0.618109	-0.7111350000000001	-0.335004	0.0	-0.628157	0.126725	-1.8656400000000002	0.359928	
0	0.989965	0.0788495	0.11726700000000001	0.0	-0.0985942	-0.20908200000000002	0.972915	0.0	0.101232	-0.974714	-0.199209	0.0	-2.17341	-2.00957	-2.30596	0.146004	-0.713004	0.687178	-0.139327	0.0	0.328869	0.152259	-0.9320209999999999	0.0	-0.61925	-0.7103550000000001	-0.33455300000000004	0.0	-0.633258	0.121029	-1.86037	0.36020599999999997	
1	0.982598	0.13354100000000002	0.129104	0.0	-0.0960271	-0.229752	0.9685	0.0	0.158997	-0.964044	-0.21293	0.0	-1.973	-1.79985	-2.2556700000000003	0.145745	-0.692426	0.6929609999999999	-0.200878	0.0	0.375006	0.10781199999999999	-0.920732	0.0	-0.616374	-0.712869	-0.334516	0.0	-0.678913	0.0827831	-1.8659400000000002	0.360475	
1	0.976196	0.16550499999999999	0.140175	0.0	-0.097586	-0.24201599999999998	0.965353	0.0	0.193695	-0.956053	-0.220104	0.0	-1.8681400000000001	-1.7004299999999999	-2.21882	0.145741	-0.665285	0.697162	-0.267137	0.0	0.42732200000000004	0.062171199999999996	-0.90196	0.0	-0.6122029999999999	-0.714213	-0.33927399999999996	0.0	-0.695711	0.0659059	-1.8762400000000001	0.360281	
1	0.9743870000000001	0.17471099999999998	0.141585	0.0	-0.09536439999999999	-0.24916300000000002	0.9637549999999999	0.0	0.203657	-0.952572	-0.22612	0.0	-1.82113	-1.67087	-2.2042599999999997	0.14574	-0.646573	0.694655	-0.315273	0.0	0.46749399999999997	0.034230800000000006	-0.883333	0.0	-0.60282	-0.718528	-0.34688	0.0	-0.7024229999999999	0.04423780000000001	-1.89756	0.36035500000000004	
1	0.9647399999999999	0.217086	0.148828	0.0	-0.09354689999999999	-0.24572199999999997	0.964816	0.0	0.246018	-0.9447190000000001	-0.21675	0.0	-1.69163	-1.6800400000000002	-2.16103	0.146002	-0.5563670000000001	0.676325	-0.48274300000000003	0.0	0.587577	-0.0905725	-0.804083	0.0	-0.587545	-0.731014	-0.347002	0.0	-0.6650050000000001	-0.0766608	-1.98265	0.360322	
1	0.964801	0.212786	0.154533	0.0	-0.0984301	-0.25272100000000003	0.962519	0.0	0.243864	-0.943851	-0.222881	0.0	-1.64685	-1.6843400000000002	-2.13873	0.146004	-0.467053	0.6490020000000001	-0.600549	0.0	0.6697810000000001	-0.183745	-0.7194659999999999	0.0	-0.577282	-0.738265	-0.34886999999999996	0.0	-0.6083810000000001	-0.09896680000000001	-2.0287599999999997	0.359744	
1	0.963957	0.21559099999999998	0.155911	0.0	-0.0987459	-0.254244	0.9620860000000001	0.0	0.24705700000000003	-0.9428040000000001	-0.22379200000000002	0.0	-1.6375899999999999	-1.7105	-2.12202	0.146001	-0.36882	0.61115	-0.700334	0.0	0.7408710000000001	-0.261718	-0.618557	0.0	-0.561321	-0.7469939999999999	-0.356257	0.0	-0.5362439999999999	-0.122829	-2.09437	0.359484	
1	0.962318	0.22648800000000002	0.150489	0.0	-0.09127489999999999	-0.252272	0.963342	0.0	0.25615	-0.9407770000000001	-0.22209299999999998	0.0	-1.6482	-1.7107900000000003	-2.11714	0.146	-0.311094	0.576628	-0.7554609999999999	0.0	0.776042	-0.30474	-0.552171	0.0	-0.548616	-0.758046	-0.35268499999999997	0.0	-0.48094	-0.158844	-2.13378	0.359448	
1	0.9568260000000001	0.258079	0.133709	0.0	-0.06547069999999999	-0.256833	0.9642360000000001	0.0	0.28319	-0.9313600000000001	-0.228848	0.0	-1.6784299999999999	-1.69478	-2.11141	0.146001	-0.202545	0.514994	-0.8329200000000001	0.0	0.8290040000000001	-0.362583	-0.425778	0.0	-0.5212760000000001	-0.776733	-0.353493	0.0	-0.323654	-0.243364	-2.18491	0.359769	
1	0.9500209999999999	0.284163	0.129271	0.0	-0.0498919	-0.270563	0.9614090000000001	0.0	0.308173	-0.919808	-0.24286300000000002	0.0	-1.7158799999999998	-1.61809	-2.0859099999999997	0.146	-0.14669400000000002	0.474522	-0.867934	0.0	0.8578479999999999	-0.37585	-0.350477	0.0	-0.492522	-0.795968	-0.351933	0.0	-0.171879	-0.33772399999999997	-2.23615	0.358875	
1	0.938866	0.323507	0.117789	0.0	-0.0212141	-0.287117	0.9576600000000001	0.0	0.343629	-0.9016139999999999	-0.262701	0.0	-1.7329299999999999	-1.4841799999999998	-2.0705299999999998	0.146003	-0.106616	0.43070699999999995	-0.896172	0.0	0.8760020000000001	-0.38569499999999995	-0.289585	0.0	-0.470376	-0.815923	-0.336179	0.0	-0.0325086	-0.474113	-2.3139	0.35876399999999997	
1	0.9191360000000001	0.38226	0.095213	0.0	0.0234127	-0.294274	0.955434	0.0	0.393243	-0.8759450000000001	-0.279428	0.0	-1.72983	-1.3230899999999999	-2.03796	0.145743	-0.07215650000000001	0.390086	-0.917947	0.0	0.8852459999999999	-0.398949	-0.239121	0.0	-0.459492	-0.8298629999999999	-0.31653600000000004	0.0	0.146583	-0.641524	-2.41026	0.35851500000000003	
1	0.9081870000000001	0.40978000000000003	0.0853006	0.0	0.0425407	-0.293105	0.955134	0.0	0.416397	-0.8638110000000001	-0.28362600000000004	0.0	-1.7181	-1.2616	-2.02537	0.14574	-0.0466728	0.374834	-0.925917	0.0	0.8854190000000001	-0.413596	-0.212065	0.0	-0.46244399999999997	-0.829722	-0.312581	0.0	0.19651300000000002	-0.713547	-2.44331	0.35831999999999997	
1	0.8842129999999999	0.46191000000000004	0.06932739999999998	0.0	0.0801252	-0.296227	0.951751	0.0	0.46016	-0.835996	-0.29893800000000004	0.0	-1.68445	-1.1688399999999999	-2.01132	0.146004	-0.00911999	0.331254	-0.943498	0.0	0.886502	-0.433853	-0.160891	0.0	-0.462635	-0.83788	-0.28970100000000004	0.0	0.294325	-0.8656510000000001	-2.5152	0.358124	
1	0.87482	0.48081899999999994	0.059194000000000004	0.0	0.0957875	-0.291453	0.9517770000000001	0.0	0.47488500000000006	-0.8269629999999999	-0.301026	0.0	-1.67895	-1.16622	-1.99642	0.145742	0.00190914	0.321929	-0.9467620000000001	0.0	0.8831600000000001	-0.44464	-0.149411	0.0	-0.46906800000000004	-0.835857	-0.285164	0.0	0.32027100000000003	-0.905759	-2.54429	0.357768	
1	0.846662	0.5305989999999999	0.0403473	0.0	0.12674100000000002	-0.274715	0.9531360000000001	0.0	0.516817	-0.801871	-0.29984	0.0	-1.63244	-1.15078	-1.9675599999999998	0.145739	0.0381431	0.300728	-0.952947	0.0	0.870231	-0.478733	-0.116245	0.0	-0.49116499999999996	-0.82485	-0.279963	0.0	0.32564699999999996	-0.9446950000000001	-2.6105400000000003	0.355939	
1	0.8331729999999999	0.5519189999999999	0.0347629	0.0	0.13625	-0.265793	0.9543530000000001	0.0	0.5359649999999999	-0.790405	-0.296651	0.0	-1.61236	-1.16241	-1.97338	0.145742	0.05442040000000001	0.290325	-0.9553790000000001	0.0	0.863123	-0.494753	-0.10118300000000001	0.0	-0.502053	-0.8191039999999999	-0.277511	0.0	0.293001	-0.947117	-2.64887	0.349481	
