0	0.600398	0.53194	-0.597129	0.0	0.666088	0.08057	0.741509	0.0	0.44254899999999997	-0.8429409999999999	-0.30594499999999997	0.0	-2.7661	1.99754	1.43882	0.000397569	0.35990700000000003	0.350048	-0.8648309999999999	0.0	0.56955	-0.81662	-0.09351	0.0	-0.7389720000000001	-0.45891000000000004	-0.493277	0.0	2.67346	1.9883400000000002	1.48538	8.955040000000001e-05	
0	0.625504	0.7119489999999999	-0.319178	0.0	0.261533	0.19409500000000002	0.945477	0.0	0.735082	-0.674875	-0.0647914	0.0	-2.82043	1.77453	1.44687	0.0	0.709507	-0.385696	-0.5897789999999999	0.0	-0.211641	-0.9149139999999999	0.34371799999999997	0.0	-0.672167	-0.119048	-0.730767	0.0	2.75585	1.9115799999999998	1.40599	0.0	
0	0.625504	0.7119489999999999	-0.319178	0.0	0.261533	0.19409500000000002	0.945477	0.0	0.735082	-0.674875	-0.0647914	0.0	-2.82043	1.77453	1.44687	0.0	0.709507	-0.385696	-0.5897789999999999	0.0	-0.211641	-0.9149139999999999	0.34371799999999997	0.0	-0.672167	-0.119048	-0.730767	0.0	2.75585	1.9115799999999998	1.40599	0.0	
0	0.60738	0.733182	-0.30583299999999997	0.0	0.259198	0.181013	0.94871	0.0	0.750937	-0.6554989999999999	-0.08009580000000001	0.0	-2.78284	1.6973900000000002	1.40716	0.118193	0.687249	-0.383859	-0.6167189999999999	0.0	-0.17956	-0.9124030000000001	0.367804	0.0	-0.7038810000000001	-0.142035	-0.695973	0.0	2.65226	1.89895	1.38085	0.362273	
0	0.6080760000000001	0.726815	-0.31935	0.0	0.264179	0.19408399999999998	0.944744	0.0	0.748634	-0.658841	-0.0739911	0.0	-2.6953400000000003	1.6593900000000001	1.419	0.166904	0.712445	-0.40108299999999997	-0.575808	0.0	-0.184054	-0.8986350000000001	0.39821999999999996	0.0	-0.67716	-0.17773	-0.7140489999999999	0.0	2.57059	1.8597599999999999	1.45823	0.051267099999999996	
0	0.623396	0.697454	-0.353462	0.0	0.25113	0.249506	0.9352440000000001	0.0	0.74048	-0.6717920000000001	-0.0196111	0.0	-2.7518599999999998	1.56746	1.49927	0.0	0.713325	-0.387331	-0.584073	0.0	-0.185657	-0.908061	0.37544299999999997	0.0	-0.675795	-0.159376	-0.719653	0.0	2.61568	1.83802	1.53196	0.0	
0	0.609272	0.7097359999999999	-0.353641	0.0	0.256826	0.24531399999999998	0.9348059999999999	0.0	0.750219	-0.660375	-0.0328161	0.0	-2.74116	1.55218	1.52939	0.0	0.712536	-0.392368	-0.581671	0.0	-0.18978599999999998	-0.905897	0.378591	0.0	-0.675481	-0.159367	-0.71995	0.0	2.5914099999999998	1.83528	1.5474	0.0	
0	0.612883	0.710264	-0.346265	0.0	0.269283	0.22424000000000002	0.936591	0.0	0.742873	-0.6672640000000001	-0.053828499999999994	0.0	-2.70598	1.5603200000000002	1.53075	0.0	0.7185600000000001	-0.389457	-0.57619	0.0	-0.18812	-0.9064549999999999	0.37808800000000004	0.0	-0.669539	-0.163286	-0.724607	0.0	2.59959	1.83105	1.56134	0.0	
0	0.617603	0.7188	-0.319207	0.0	0.270891	0.186615	0.944348	0.0	0.738366	-0.6697029999999999	-0.07946260000000001	0.0	-2.74632	1.5625200000000001	1.5069	0.217518	0.719591	-0.38266	-0.579448	0.0	-0.186334	-0.910265	0.369727	0.0	-0.66893	-0.158081	-0.726321	0.0	2.6293	1.8421599999999998	1.58053	0.133853	
0	0.619007	0.7192970000000001	-0.315346	0.0	0.268761	0.183275	0.9456100000000001	0.0	0.737969	-0.670092	-0.0798704	0.0	-2.7504	1.55775	1.50301	0.247324	0.720935	-0.379945	-0.579565	0.0	-0.179734	-0.9102049999999999	0.373126	0.0	-0.6692899999999999	-0.164832	-0.724487	0.0	2.64625	1.84053	1.58184	0.244773	
0	0.620492	0.719147	-0.312756	0.0	0.27067199999999997	0.17791300000000002	0.946089	0.0	0.736021	-0.6716949999999999	-0.0842594	0.0	-2.75884	1.55115	1.5092	0.288111	0.719278	-0.384502	-0.578616	0.0	-0.17982	-0.907532	0.37954	0.0	-0.671046	-0.16894800000000001	-0.72191	0.0	2.6631299999999998	1.81951	1.59199	0.254169	
0	0.620883	0.720564	-0.308694	0.0	0.269811	0.173296	0.947191	0.0	0.736007	-0.671384	-0.08681950000000001	0.0	-2.76031	1.5374299999999999	1.51358	0.28994200000000003	0.7056	-0.392768	-0.5897979999999999	0.0	-0.168011	-0.9013260000000001	0.399228	0.0	-0.688405	-0.182603	-0.701965	0.0	2.68566	1.79585	1.6152799999999998	0.270429	
0	0.6209859999999999	0.720825	-0.307875	0.0	0.270536	0.171542	0.9473030000000001	0.0	0.735654	-0.671554	-0.0884835	0.0	-2.76043	1.53376	1.51512	0.289605	0.688756	-0.41434	-0.5949270000000001	0.0	-0.171746	-0.890487	0.42135100000000003	0.0	-0.704357	-0.188032	-0.684489	0.0	2.68777	1.77278	1.63504	0.281837	
0	0.620095	0.7231310000000001	-0.304243	0.0	0.272538	0.16509400000000002	0.947875	0.0	0.735667	-0.67069	-0.0947073	0.0	-2.75421	1.5378100000000001	1.51937	0.28815999999999997	0.664469	-0.44125200000000003	-0.60314	0.0	-0.166549	-0.8742139999999999	0.456083	0.0	-0.728521	-0.202601	-0.654378	0.0	2.66796	1.76213	1.71915	0.298114	
0	0.6252449999999999	0.726121	-0.286039	0.0	0.278235	0.135033	0.950974	0.0	0.729146	-0.674177	-0.117604	0.0	-2.76534	1.56774	1.46197	0.28681	0.618834	-0.514957	-0.593182	0.0	-0.174508	-0.826398	0.5353640000000001	0.0	-0.765893	-0.22778600000000002	-0.601267	0.0	2.63447	1.80328	1.7981599999999998	0.306838	
0	0.643345	0.718245	-0.26500999999999997	0.0	0.27103499999999997	0.11005799999999999	0.956257	0.0	0.7159939999999999	-0.6870310000000001	-0.123865	0.0	-2.7710000000000004	1.62109	1.4505	0.28734299999999996	0.681991	-0.425242	-0.595028	0.0	-0.106674	-0.862727	0.494291	0.0	-0.72354	-0.27362800000000004	-0.633734	0.0	2.63047	1.87812	1.8556700000000002	0.329131	
0	0.660484	0.706653	-0.253776	0.0	0.260969	0.100863	0.9600639999999999	0.0	0.704028	-0.700334	-0.117796	0.0	-2.79497	1.62795	1.45689	0.287261	0.726696	-0.43321899999999997	-0.5331359999999999	0.0	-0.07506950000000001	-0.8215129999999999	0.565226	0.0	-0.682845	-0.370725	-0.629512	0.0	2.72989	1.8979	1.95475	0.33550100000000005	
0	0.659561	0.7072229999999999	-0.254587	0.0	0.261141	0.102002	0.9598959999999999	0.0	0.704829	-0.699593	-0.117408	0.0	-2.80117	1.63269	1.45682	0.28644000000000003	0.66178	-0.683232	-0.308612	0.0	-0.268307	-0.600228	0.753484	0.0	-0.700042	-0.415838	-0.580535	0.0	2.82112	1.93707	2.0069999999999997	0.30167	
0	0.659112	0.708529	-0.252108	0.0	0.26052600000000004	0.099352	0.960341	0.0	0.705477	-0.698653	-0.11910599999999999	0.0	-2.80057	1.6340000000000001	1.4647299999999999	0.286659	0.514187	-0.856231	-0.0497977	0.0	-0.40738	-0.29491	0.864332	0.0	-0.754754	-0.424141	-0.500451	0.0	2.83705	1.96442	2.05202	0.302298	
0	0.659126	0.7100380000000001	-0.247788	0.0	0.258561	0.0954404	0.961269	0.0	0.706186	-0.697665	-0.120681	0.0	-2.79687	1.63132	1.4787299999999999	0.28727199999999997	0.400509	-0.901984	0.161298	0.0	-0.48173900000000003	-0.05753780000000001	0.874424	0.0	-0.779436	-0.427918	-0.457566	0.0	2.84035	2.00645	2.0886400000000003	0.304102	
0	0.658135	0.712175	-0.24426399999999998	0.0	0.256909	0.09253310000000001	0.961995	0.0	0.707712	-0.6958770000000001	-0.122065	0.0	-2.79838	1.6075	1.46824	0.287487	0.267947	-0.907136	0.32451399999999997	0.0	-0.551197	0.13192	0.823881	0.0	-0.7901819999999999	-0.39962800000000004	-0.46466199999999996	0.0	2.8645400000000003	2.0175400000000003	2.04825	0.314229	
0	0.658393	0.71263	-0.242232	0.0	0.256925	0.0897137	0.962258	0.0	0.707466	-0.6957800000000001	-0.124025	0.0	-2.79602	1.59374	1.46698	0.287473	0.165804	-0.8865219999999999	0.431958	0.0	-0.607893	0.25302399999999997	0.752625	0.0	-0.776515	-0.387372	-0.496958	0.0	2.9345	1.98718	1.97628	0.31656599999999996	
0	0.655917	0.714645	-0.24301399999999998	0.0	0.25619400000000003	0.0920653	0.962231	0.0	0.710026	-0.693403	-0.122701	0.0	-2.78812	1.58942	1.4671399999999999	0.28735	0.0657492	-0.831765	0.551221	0.0	-0.611727	0.402832	0.68082	0.0	-0.7883319999999999	-0.38195999999999997	-0.482328	0.0	2.97445	1.94612	1.9837799999999999	0.335968	
0	0.655012	0.714933	-0.2446	0.0	0.257164	0.09346410000000001	0.961838	0.0	0.710511	-0.692918	-0.122635	0.0	-2.7776	1.58602	1.46621	0.286921	-0.031725	-0.787416	0.6156050000000001	0.0	-0.661516	0.478254	0.577641	0.0	-0.749259	-0.388907	-0.536061	0.0	3.01133	1.84527	1.9552	0.34079299999999996	
0	0.6558039999999999	0.7146979999999999	-0.24316100000000002	0.0	0.25521900000000003	0.0932401	0.962377	0.0	0.710482	-0.69319	-0.12125799999999999	0.0	-2.7690799999999998	1.58714	1.47853	0.286022	-0.0908165	-0.695348	0.712912	0.0	-0.6480100000000001	0.5848479999999999	0.48789	0.0	-0.7561979999999999	-0.417666	-0.503706	0.0	3.0758799999999997	1.7426099999999998	2.01088	0.34406	
0	0.658162	0.7125859999999999	-0.24298699999999998	0.0	0.256725	0.0909841	0.9621930000000001	0.0	0.707753	-0.6956600000000001	-0.123056	0.0	-2.75894	1.59146	1.48851	0.28526599999999996	-0.126748	-0.671333	0.730238	0.0	-0.717301	0.5705140000000001	0.399991	0.0	-0.685138	-0.473103	-0.553859	0.0	3.1514599999999997	1.5943200000000002	2.0759	0.34846	
0	0.659788	0.710957	-0.243351	0.0	0.25587600000000005	0.091932	0.9623280000000001	0.0	0.706546	-0.6972010000000001	-0.121261	0.0	-2.7576400000000003	1.59027	1.49671	0.284157	-0.11747	-0.640047	0.759302	0.0	-0.7301449999999999	0.573918	0.37082	0.0	-0.6731189999999999	-0.51084	-0.534745	0.0	3.20571	1.5229700000000002	2.1172400000000002	0.34902	
0	0.6625409999999999	0.708295	-0.243633	0.0	0.257205	0.0903522	0.962124	0.0	0.70348	-0.70011	-0.12231500000000001	0.0	-2.76723	1.57349	1.51091	0.283395	-0.109668	-0.67993	0.725029	0.0	-0.827892	0.46615100000000004	0.31192800000000004	0.0	-0.5500619999999999	-0.566037	-0.614031	0.0	3.30136	1.5225	2.13464	0.351096	
0	0.664041	0.707516	-0.24180700000000002	0.0	0.257544	0.08717439999999999	0.962326	0.0	0.701941	-0.7013	-0.124329	0.0	-2.76848	1.56584	1.5266600000000001	0.283688	0.341428	-0.788365	0.5117689999999999	0.0	-0.8461850000000001	-0.020806099999999998	0.5324840000000001	0.0	-0.409144	-0.6148560000000001	-0.6742060000000001	0.0	3.36893	1.50885	2.02516	0.34210300000000005	
0	0.665204	0.707967	-0.23724800000000001	0.0	0.25704699999999997	0.08118689999999999	0.962983	0.0	0.701022	-0.7015640000000001	-0.127975	0.0	-2.7699700000000003	1.56006	1.53274	0.28434	0.93891	-0.312231	-0.144775	0.0	-0.170533	-0.787454	0.592314	0.0	-0.29894299999999996	-0.5314399999999999	-0.7925939999999999	0.0	3.33391	1.60304	1.77833	0.302704	
0	0.668801	0.706015	-0.232913	0.0	0.255809	0.0756193	0.963765	0.0	0.698045	-0.704148	-0.130031	0.0	-2.7765400000000002	1.5478100000000001	1.5199799999999999	0.284296	0.944891	-0.0657077	-0.32072399999999995	0.0	0.093166	-0.885179	0.45582700000000004	0.0	-0.31385	-0.46058699999999997	-0.830276	0.0	3.18673	1.68956	1.61829	0.10997	
0	0.674081	0.703192	-0.226135	0.0	0.254294	0.0665092	0.964838	0.0	0.6935060000000001	-0.707883	-0.133985	0.0	-2.80225	1.5151299999999999	1.50567	0.28517600000000004	0.9441860000000001	0.0136113	-0.329133	0.0	0.164904	-0.8844700000000001	0.436485	0.0	-0.285167	-0.466398	-0.837349	0.0	3.01383	1.70534	1.64683	0.21539299999999997	
0	0.676187	0.701309	-0.22569	0.0	0.254042	0.0655961	0.964966	0.0	0.6915439999999999	-0.709833	-0.13380699999999998	0.0	-2.82318	1.4913100000000001	1.50915	0.285645	0.9454959999999999	0.0522332	-0.321417	0.0	0.190456	-0.889323	0.41573000000000004	0.0	-0.264129	-0.454287	-0.850799	0.0	3.0464700000000002	1.70157	1.7120799999999998	0.24170300000000003	
0	0.67633	0.700807	-0.22682	0.0	0.254511	0.0666321	0.964772	0.0	0.691232	-0.710232	-0.133298	0.0	-2.83216	1.48777	1.50973	0.286004	0.931158	0.053400699999999995	-0.360685	0.0	0.20605700000000002	-0.893173	0.399728	0.0	-0.300809	-0.44653100000000007	-0.8426889999999999	0.0	2.99634	1.7441200000000001	1.7231400000000001	0.256709	
0	0.6762520000000001	0.7004239999999999	-0.228233	0.0	0.25553899999999996	0.0675423	0.9644370000000001	0.0	0.69093	-0.7105239999999999	-0.13330999999999998	0.0	-2.84911	1.47901	1.45817	0.28586500000000004	0.920358	0.13475399999999998	-0.367129	0.0	0.272409	-0.894459	0.354595	0.0	-0.280598	-0.426363	-0.85993	0.0	2.95171	1.7858599999999998	1.7692299999999999	0.25296799999999997	
0	0.6795979999999999	0.6985819999999999	-0.22389699999999998	0.0	0.2507	0.0656657	0.965835	0.0	0.6894170000000001	-0.712511	-0.13050799999999999	0.0	-2.8563400000000003	1.4729700000000001	1.4385	0.285702	0.920175	0.154838	-0.359588	0.0	0.284458	-0.895488	0.34232399999999996	0.0	-0.269002	-0.417286	-0.86805	0.0	2.9517700000000002	1.79079	1.7698	0.25458000000000003	
0	0.6895680000000001	0.692276	-0.212723	0.0	0.24118499999999998	0.0574448	0.968778	0.0	0.6828810000000001	-0.7193430000000001	-0.127354	0.0	-2.8456900000000003	1.47583	1.45513	0.28615	0.921609	0.161456	-0.352943	0.0	0.285648	-0.8978079999999999	0.33518000000000003	0.0	-0.262758	-0.40972200000000003	-0.873548	0.0	2.99241	1.77174	1.74215	0.266297	
0	0.6918489999999999	0.691718	-0.20705500000000002	0.0	0.237341	0.0529639	0.969982	0.0	0.68192	-0.720223	-0.12753	0.0	-2.84538	1.46669	1.4674	0.28643	0.9189930000000001	0.1606	-0.360083	0.0	0.29223699999999997	-0.8905270000000001	0.348655	0.0	-0.264669	-0.425641	-0.8653209999999999	0.0	3.04514	1.7583	1.7319900000000001	0.270798	
0	0.696708	0.690008	-0.196182	0.0	0.227485	0.046850199999999995	0.9726540000000001	0.0	0.68033	-0.722284	-0.124325	0.0	-2.84956	1.44899	1.46586	0.286314	0.912594	0.163864	-0.374593	0.0	0.306998	-0.8797280000000001	0.363086	0.0	-0.270044	-0.44635	-0.853141	0.0	3.06318	1.73263	1.7640900000000002	0.276118	
0	0.701869	0.6867439999999999	-0.189108	0.0	0.21848800000000002	0.045129	0.9747959999999999	0.0	0.67797	-0.7254970000000001	-0.118371	0.0	-2.86395	1.43575	1.42313	0.28633400000000003	0.908854	0.170695	-0.38058800000000004	0.0	0.31627	-0.876898	0.361971	0.0	-0.27195	-0.44934700000000005	-0.850959	0.0	3.04513	1.71137	1.76115	0.285696	
0	0.701942	0.686692	-0.189027	0.0	0.216862	0.0467355	0.975083	0.0	0.678416	-0.725445	-0.11611199999999999	0.0	-2.86687	1.4329100000000001	1.41031	0.286393	0.9086120000000001	0.174229	-0.379564	0.0	0.318206	-0.877432	0.358969	0.0	-0.270498	-0.44694300000000003	-0.852686	0.0	3.0270099999999998	1.70907	1.7523799999999998	0.289396	
0	0.707395	0.6822020000000001	-0.184912	0.0	0.211694	0.0451138	0.9762940000000001	0.0	0.674372	-0.7297710000000001	-0.112505	0.0	-2.86643	1.43099	1.39973	0.28644899999999995	0.9092469999999999	0.173821	-0.378228	0.0	0.316525	-0.878828	0.357035	0.0	-0.270337	-0.444352	-0.85409	0.0	3.02645	1.6983599999999999	1.72862	0.289222	
0	0.7094159999999999	0.679794	-0.186033	0.0	0.212456	0.0454103	0.976115	0.0	0.672005	-0.731996	-0.11221199999999999	0.0	-2.8778799999999998	1.42943	1.38309	0.286122	0.90855	0.17434000000000002	-0.379661	0.0	0.317709	-0.8784489999999999	0.35691300000000004	0.0	-0.271289	-0.444895	-0.853505	0.0	3.02064	1.70208	1.7284400000000002	0.291561	
0	0.710897	0.678563	-0.184872	0.0	0.21165	0.0442656	0.9763430000000001	0.0	0.670693	-0.7332069999999999	-0.11215	0.0	-2.88521	1.43071	1.3901	0.286159	0.908567	0.17472100000000002	-0.379445	0.0	0.31751	-0.879108	0.355469	0.0	-0.271465	-0.443445	-0.8542040000000001	0.0	3.01952	1.6923599999999999	1.73255	0.293631	
0	0.713453	0.67597	-0.184526	0.0	0.21101399999999998	0.043849599999999996	0.976499	0.0	0.668176	-0.7356229999999999	-0.111354	0.0	-2.88247	1.43201	1.40555	0.28626	0.9093700000000001	0.168043	-0.380537	0.0	0.311515	-0.881346	0.35522800000000004	0.0	-0.27569099999999996	-0.44157700000000005	-0.853817	0.0	3.0236	1.6874900000000002	1.73446	0.296178	
0	0.71505	0.674175	-0.18491	0.0	0.209204	0.0460212	0.9767889999999999	0.0	0.667036	-0.737136	-0.10813299999999999	0.0	-2.87447	1.4361700000000002	1.44278	0.286235	0.9103959999999999	0.15677	-0.382888	0.0	0.301734	-0.884763	0.355178	0.0	-0.283084	-0.43888299999999997	-0.8527870000000001	0.0	3.02275	1.7028	1.7475900000000002	0.299075	
0	0.718432	0.671357	-0.18203	0.0	0.202225	0.0488005	0.978123	0.0	0.665553	-0.739526	-0.10070499999999999	0.0	-2.86416	1.43175	1.48637	0.286509	0.910775	0.15054	-0.384482	0.0	0.296127	-0.887065	0.35415399999999997	0.0	-0.287746	-0.43641	-0.8524959999999999	0.0	3.0320099999999996	1.7026	1.7592	0.298269	
0	0.7259760000000001	0.663391	-0.181303	0.0	0.192814	0.056716300000000004	0.9795950000000001	0.0	0.660138	-0.74612	-0.0867363	0.0	-2.86027	1.41596	1.50442	0.286583	0.910537	0.15291400000000002	-0.384108	0.0	0.297927	-0.8868469999999999	0.353188	0.0	-0.286638	-0.43602700000000005	-0.853065	0.0	3.02975	1.69987	1.78758	0.300318	
0	0.73622	0.652238	-0.18046099999999998	0.0	0.17719300000000002	0.0715714	0.98157	0.0	0.653133	-0.754628	-0.0628798	0.0	-2.8539	1.39533	1.52906	0.289559	0.908351	0.148972	-0.390777	0.0	0.29812	-0.88597	0.355223	0.0	-0.293298	-0.43916499999999997	-0.849182	0.0	3.02973	1.69527	1.80142	0.311498	
0	0.755154	0.632782	-0.171259	0.0	0.135543	0.10488499999999999	0.9852040000000001	0.0	0.641382	-0.7671939999999999	-0.00656469	0.0	-2.88268	1.3106	1.52878	0.307979	0.909438	0.151059	-0.387432	0.0	0.297085	-0.887935	0.351159	0.0	-0.29096900000000003	-0.434457	-0.852399	0.0	3.0322400000000003	1.69871	1.7888099999999998	0.317913	
0	0.763332	0.630051	-0.14268699999999998	0.0	0.0947857	0.109251	0.9894850000000001	0.0	0.6390140000000001	-0.768831	0.023674900000000002	0.0	-2.90055	1.2319200000000001	1.5385	0.327175	0.908234	0.153166	-0.389423	0.0	0.298679	-0.889069	0.346911	0.0	-0.293089	-0.431389	-0.8532299999999999	0.0	3.04012	1.6918799999999998	1.777	0.318202	
0	0.7746850000000001	0.622209	-0.11277999999999999	0.0	0.0554884	0.110775	0.992295	0.0	0.629908	-0.7749739999999999	0.0512904	0.0	-2.8977	1.1957200000000001	1.51355	0.326471	0.9058780000000001	0.146024	-0.39757	0.0	0.29589699999999997	-0.889811	0.347393	0.0	-0.303034	-0.43233599999999994	-0.849269	0.0	3.03589	1.68982	1.76145	0.319128	
0	0.783171	0.61364	-0.10044199999999999	0.0	0.041016699999999996	0.110199	0.9930629999999999	0.0	0.620452	-0.7818579999999999	0.06113480000000001	0.0	-2.8944900000000002	1.1767	1.48095	0.325948	0.9032309999999999	0.13885699999999998	-0.406069	0.0	0.291691	-0.892684	0.34356	0.0	-0.314785	-0.42876000000000003	-0.8468030000000001	0.0	3.01631	1.7017400000000003	1.75204	0.319233	
0	0.790387	0.606466	-0.0865273	0.0	0.028789	0.10431700000000001	0.9941270000000001	0.0	0.611931	-0.788237	0.0649913	0.0	-2.8894	1.17188	1.47627	0.325444	0.901214	0.14508900000000002	-0.408367	0.0	0.295568	-0.89491	0.334329	0.0	-0.316944	-0.42200200000000004	-0.849389	0.0	3.0121900000000004	1.6818099999999998	1.7288299999999999	0.320101	
0	0.79565	0.6003310000000001	-0.0808914	0.0	0.0253672	0.1004	0.994624	0.0	0.605225	-0.793424	0.0646543	0.0	-2.9003400000000004	1.1631	1.44835	0.32500300000000004	0.899451	0.147154	-0.411501	0.0	0.297921	-0.895366	0.331004	0.0	-0.319736	-0.42031599999999997	-0.8491780000000001	0.0	2.9958	1.66035	1.71603	0.32074	
0	0.800275	0.594457	-0.0786126	0.0	0.023274299999999998	0.100209	0.9946940000000001	0.0	0.5991810000000001	-0.797859	0.06635880000000001	0.0	-2.90461	1.15517	1.43895	0.325531	0.897799	0.146156	-0.415447	0.0	0.298685	-0.8952959999999999	0.330502	0.0	-0.32364299999999996	-0.42081199999999996	-0.8474510000000001	0.0	2.98029	1.65678	1.7199	0.32101199999999996	
0	0.801334	0.593309	-0.0764678	0.0	0.020282400000000003	0.10080599999999999	0.994699	0.0	0.597873	-0.798638	0.06874580000000001	0.0	-2.93656	1.09249	1.39115	0.325869	0.897083	0.145118	-0.41735200000000006	0.0	0.298578	-0.8953479999999999	0.33046	0.0	-0.32572	-0.421062	-0.8465299999999999	0.0	2.95594	1.65472	1.72075	0.32095100000000004	
0	0.80195	0.592356	-0.077399	0.0	0.019624000000000003	0.10337	0.994449	0.0	0.597069	-0.799018	0.07127330000000001	0.0	-2.93531	1.05586	1.3919	0.326377	0.8963959999999999	0.145795	-0.418591	0.0	0.299547	-0.895332	0.329625	0.0	-0.32671999999999995	-0.420862	-0.846244	0.0	2.93913	1.6459700000000002	1.7278799999999999	0.321264	
0	0.802092	0.591796	-0.08016269999999999	0.0	0.0206904	0.10661300000000001	0.994085	0.0	0.596842	-0.799007	0.0732685	0.0	-2.9462	1.0186600000000001	1.36355	0.326743	0.8958790000000001	0.144019	-0.420308	0.0	0.29877	-0.8954559999999999	0.329993	0.0	-0.328842	-0.421209	-0.845249	0.0	2.93317	1.64365	1.7342400000000002	0.321006	
0	0.8030189999999999	0.590441	-0.08086610000000001	0.0	0.0201782	0.108676	0.993872	0.0	0.595612	-0.79973	0.0753552	0.0	-2.9416900000000004	1.01211	1.36342	0.326791	0.89579	0.14491800000000002	-0.42018999999999995	0.0	0.298827	-0.896176	0.32798	0.0	-0.329034	-0.419365	-0.846091	0.0	2.93482	1.64247	1.7367	0.32106599999999996	
0	0.8038390000000001	0.589503	-0.0795535	0.0	0.0194455	0.107625	0.994001	0.0	0.594529	-0.800564	0.07504989999999999	0.0	-2.93665	1.0092299999999998	1.38805	0.32714299999999996	0.895418	0.147774	-0.419987	0.0	0.30028	-0.896914	0.324619	0.0	-0.32872199999999996	-0.416784	-0.8474870000000001	0.0	2.9342799999999998	1.6370200000000001	1.74226	0.322115	
0	0.808232	0.584471	-0.07180299999999999	0.0	0.0114548	0.106307	0.994267	0.0	0.588753	-0.804421	0.0792257	0.0	-2.93315	0.991614	1.40651	0.327869	0.8958790000000001	0.14798699999999998	-0.418929	0.0	0.29941	-0.8977299999999999	0.32316500000000004	0.0	-0.328261	-0.414948	-0.848565	0.0	2.94061	1.5994700000000002	1.73817	0.32603200000000004	
0	0.808204	0.584512	-0.071775	0.0	0.0114293	0.10628800000000001	0.9942700000000001	0.0	0.588791	-0.804393	0.0792216	0.0	-2.93242	0.991733	1.40496	0.327897	0.8958430000000001	0.147956	-0.419016	0.0	0.299446	-0.897695	0.323228	0.0	-0.328325	-0.41503500000000004	-0.848498	0.0	2.93991	1.59853	1.7388299999999999	0.325996	
0	0.808189	0.58453	-0.071797	0.0	0.011448100000000001	0.106296	0.9942690000000001	0.0	0.588811	-0.804379	0.07921560000000001	0.0	-2.9325200000000002	0.991957	1.4049399999999999	0.327897	0.895833	0.14795999999999998	-0.41903500000000005	0.0	0.29946	-0.89769	0.323229	0.0	-0.328339	-0.41504399999999997	-0.8484889999999999	0.0	2.93985	1.59925	1.7388299999999999	0.325992	
0	0.808193	0.584525	-0.0717946	0.0	0.011445299999999999	0.106297	0.9942690000000001	0.0	0.588806	-0.804383	0.0792183	0.0	-2.93254	0.991991	1.40493	0.327897	0.895833	0.14796099999999998	-0.41903500000000005	0.0	0.299462	-0.8976870000000001	0.323233	0.0	-0.328337	-0.415048	-0.8484870000000001	0.0	2.9398400000000002	1.5993700000000002	1.7388299999999999	0.32599	
0	0.808193	0.584525	-0.0717946	0.0	0.011445299999999999	0.106297	0.9942690000000001	0.0	0.588806	-0.804383	0.0792183	0.0	-2.93254	0.991991	1.40493	0.327897	0.895833	0.14796099999999998	-0.41903500000000005	0.0	0.29946300000000003	-0.8976879999999999	0.323233	0.0	-0.328337	-0.415048	-0.8484870000000001	0.0	2.9398400000000002	1.5993700000000002	1.7388299999999999	0.325991	
0	0.808193	0.584525	-0.0717946	0.0	0.011445299999999999	0.106297	0.9942690000000001	0.0	0.588806	-0.804383	0.0792183	0.0	-2.93254	0.991991	1.40493	0.327897	0.895833	0.14796099999999998	-0.41903500000000005	0.0	0.29946300000000003	-0.8976870000000001	0.323233	0.0	-0.328337	-0.415048	-0.8484870000000001	0.0	2.9398400000000002	1.5993700000000002	1.7388299999999999	0.325991	
0	0.808193	0.584525	-0.0717946	0.0	0.011445299999999999	0.106297	0.9942690000000001	0.0	0.588806	-0.804383	0.0792183	0.0	-2.93254	0.991991	1.40493	0.327897	0.895833	0.14796099999999998	-0.41903500000000005	0.0	0.29946300000000003	-0.8976879999999999	0.323233	0.0	-0.328337	-0.415048	-0.8484870000000001	0.0	2.9398400000000002	1.5993700000000002	1.7388299999999999	0.325991	
0	0.808193	0.584525	-0.0717946	0.0	0.011445299999999999	0.106297	0.9942690000000001	0.0	0.588806	-0.804383	0.0792183	0.0	-2.93254	0.991991	1.40493	0.327897	0.895833	0.14796099999999998	-0.41903500000000005	0.0	0.29946300000000003	-0.8976879999999999	0.323233	0.0	-0.328337	-0.415048	-0.8484870000000001	0.0	2.9398400000000002	1.5993700000000002	1.7388299999999999	0.325991	
0	0.808193	0.584525	-0.0717946	0.0	0.011445299999999999	0.106297	0.9942690000000001	0.0	0.588806	-0.804383	0.0792183	0.0	-2.93254	0.991992	1.40493	0.327897	0.895833	0.14796099999999998	-0.41903500000000005	0.0	0.299462	-0.8976870000000001	0.323233	0.0	-0.328337	-0.415048	-0.8484870000000001	0.0	2.9398400000000002	1.5993700000000002	1.7388299999999999	0.325991	
0	0.808193	0.584525	-0.0717946	0.0	0.011445299999999999	0.106297	0.9942690000000001	0.0	0.588806	-0.804383	0.0792183	0.0	-2.93254	0.991992	1.40493	0.327897	0.895833	0.14796099999999998	-0.41903500000000005	0.0	0.29946300000000003	-0.8976879999999999	0.323233	0.0	-0.328337	-0.415048	-0.8484870000000001	0.0	2.9398400000000002	1.5993700000000002	1.7388299999999999	0.325991	
0	0.808193	0.584525	-0.0717947	0.0	0.011445299999999999	0.106297	0.9942690000000001	0.0	0.588806	-0.804383	0.0792183	0.0	-2.93254	0.991992	1.40493	0.327897	0.895833	0.14796099999999998	-0.41903500000000005	0.0	0.299462	-0.8976870000000001	0.323233	0.0	-0.328337	-0.415048	-0.8484870000000001	0.0	2.9398400000000002	1.5993700000000002	1.7388299999999999	0.32599	
0	0.808193	0.584525	-0.0717946	0.0	0.011445299999999999	0.106297	0.9942690000000001	0.0	0.588806	-0.804383	0.0792183	0.0	-2.93254	0.991992	1.40493	0.327897	0.895833	0.14796099999999998	-0.41903500000000005	0.0	0.299462	-0.8976879999999999	0.323233	0.0	-0.328337	-0.415048	-0.8484870000000001	0.0	2.9398400000000002	1.5993700000000002	1.7388299999999999	0.325991	
0	0.808193	0.584525	-0.0717946	0.0	0.011445299999999999	0.106297	0.9942690000000001	0.0	0.588806	-0.804383	0.0792183	0.0	-2.93254	0.991992	1.40493	0.327897	0.895833	0.14796099999999998	-0.41903500000000005	0.0	0.29946300000000003	-0.8976879999999999	0.323233	0.0	-0.328337	-0.415048	-0.8484870000000001	0.0	2.9398400000000002	1.5993700000000002	1.7388299999999999	0.325991	
0	0.808193	0.584525	-0.0717946	0.0	0.011445299999999999	0.106297	0.9942690000000001	0.0	0.588806	-0.804383	0.0792183	0.0	-2.93254	0.991992	1.40493	0.327897	0.895833	0.14796099999999998	-0.41903500000000005	0.0	0.299462	-0.8976870000000001	0.323233	0.0	-0.328337	-0.415048	-0.8484870000000001	0.0	2.9398400000000002	1.5993700000000002	1.7388299999999999	0.32599	
0	0.808193	0.584525	-0.0717946	0.0	0.011445299999999999	0.106297	0.9942690000000001	0.0	0.588806	-0.804383	0.0792183	0.0	-2.93254	0.991992	1.40493	0.327897	0.895833	0.14796099999999998	-0.41903500000000005	0.0	0.299462	-0.8976870000000001	0.323233	0.0	-0.328337	-0.415048	-0.8484870000000001	0.0	2.9398400000000002	1.5993700000000002	1.7388299999999999	0.325991	
0	0.808193	0.584525	-0.0717946	0.0	0.011445299999999999	0.106297	0.9942690000000001	0.0	0.588806	-0.804383	0.0792183	0.0	-2.93254	0.991992	1.40493	0.327897	0.895833	0.14796099999999998	-0.41903500000000005	0.0	0.29946300000000003	-0.8976879999999999	0.323233	0.0	-0.328337	-0.415048	-0.8484870000000001	0.0	2.9398400000000002	1.5993700000000002	1.7388299999999999	0.325991	
0	0.808193	0.584525	-0.0717946	0.0	0.011445299999999999	0.106297	0.9942690000000001	0.0	0.588806	-0.804383	0.0792183	0.0	-2.93254	0.991992	1.40493	0.327897	0.895833	0.14796099999999998	-0.41903500000000005	0.0	0.299462	-0.8976879999999999	0.323233	0.0	-0.328337	-0.415048	-0.8484870000000001	0.0	2.9398400000000002	1.5993700000000002	1.7388299999999999	0.325991	
0	0.808193	0.584525	-0.0717946	0.0	0.011445299999999999	0.106297	0.9942690000000001	0.0	0.588806	-0.804383	0.0792183	0.0	-2.93254	0.991992	1.40493	0.327897	0.895833	0.14796099999999998	-0.41903500000000005	0.0	0.29946300000000003	-0.8976879999999999	0.323233	0.0	-0.328337	-0.415048	-0.8484870000000001	0.0	2.9398400000000002	1.5993700000000002	1.7388299999999999	0.325991	
0	0.808193	0.584525	-0.0717946	0.0	0.011445299999999999	0.106297	0.9942690000000001	0.0	0.588806	-0.804383	0.0792183	0.0	-2.93254	0.991992	1.40493	0.327897	0.895833	0.14796099999999998	-0.41903500000000005	0.0	0.299462	-0.8976870000000001	0.323233	0.0	-0.328337	-0.415048	-0.8484870000000001	0.0	2.9398400000000002	1.5993700000000002	1.7388299999999999	0.325991	
0	0.808193	0.584525	-0.0717946	0.0	0.011445299999999999	0.106297	0.9942690000000001	0.0	0.588806	-0.804383	0.0792183	0.0	-2.93254	0.991992	1.40493	0.327897	0.895833	0.14796099999999998	-0.41903500000000005	0.0	0.29946300000000003	-0.8976879999999999	0.323233	0.0	-0.328337	-0.415048	-0.8484870000000001	0.0	2.9398400000000002	1.5993700000000002	1.7388299999999999	0.325991	
0	0.808193	0.584525	-0.0717946	0.0	0.011445299999999999	0.106297	0.9942690000000001	0.0	0.588806	-0.804383	0.0792183	0.0	-2.93254	0.991992	1.40493	0.327897	0.895833	0.14796099999999998	-0.41903500000000005	0.0	0.29946300000000003	-0.8976879999999999	0.323233	0.0	-0.328337	-0.415048	-0.8484870000000001	0.0	2.9398400000000002	1.5993700000000002	1.7388299999999999	0.325991	
0	0.808193	0.584525	-0.0717946	0.0	0.011445299999999999	0.106297	0.9942690000000001	0.0	0.588806	-0.804383	0.0792183	0.0	-2.93254	0.991992	1.40493	0.327897	0.895833	0.14796099999999998	-0.41903500000000005	0.0	0.29946300000000003	-0.8976879999999999	0.323233	0.0	-0.328337	-0.415048	-0.8484870000000001	0.0	2.9398400000000002	1.5993700000000002	1.7388299999999999	0.325991	
0	0.808193	0.584525	-0.0717946	0.0	0.011445299999999999	0.106297	0.9942690000000001	0.0	0.588806	-0.804383	0.0792183	0.0	-2.93254	0.991992	1.40493	0.327897	0.895833	0.14796099999999998	-0.41903500000000005	0.0	0.299462	-0.8976870000000001	0.323233	0.0	-0.328337	-0.415048	-0.8484870000000001	0.0	2.9398400000000002	1.5993700000000002	1.7388299999999999	0.325991	
0	0.808193	0.584525	-0.0717946	0.0	0.011445299999999999	0.106297	0.9942690000000001	0.0	0.588806	-0.804383	0.0792183	0.0	-2.93254	0.991992	1.40493	0.327897	0.895833	0.14796099999999998	-0.41903500000000005	0.0	0.29946300000000003	-0.8976879999999999	0.323233	0.0	-0.328337	-0.415048	-0.8484870000000001	0.0	2.9398400000000002	1.5993700000000002	1.7388299999999999	0.325991	
0	0.808193	0.584525	-0.0717947	0.0	0.011445299999999999	0.106297	0.9942690000000001	0.0	0.588806	-0.804383	0.0792183	0.0	-2.93254	0.991992	1.40493	0.327897	0.895833	0.14796099999999998	-0.41903500000000005	0.0	0.299462	-0.8976870000000001	0.323233	0.0	-0.328337	-0.415048	-0.8484870000000001	0.0	2.9398400000000002	1.5993700000000002	1.7388299999999999	0.32599	
0	0.860183	0.505342	0.06865779999999999	0.0	-0.045074699999999995	-0.05876569999999999	0.9972540000000001	0.0	0.507989	-0.860916	-0.0277712	0.0	-2.91414	0.942067	1.31726	0.34372800000000003	0.906692	-0.0314449	-0.42062	0.0	0.15551500000000001	-0.90204	0.402665	0.0	-0.39207800000000004	-0.430505	-0.812982	0.0	2.8974900000000003	1.6347	1.67642	0.355308	
0	0.861762	0.49903400000000003	0.0912783	0.0	-0.063112	-0.0730701	0.9953280000000001	0.0	0.503372	-0.8634959999999999	-0.031474	0.0	-2.8656200000000003	0.7859119999999999	1.05338	0.34415100000000004	0.9065	0.00678334	-0.422151	0.0	0.181755	-0.90875	0.375686	0.0	-0.381081	-0.41728699999999996	-0.8250149999999999	0.0	2.80773	1.50855	1.4709	0.35444000000000003	
0	0.863403	0.49219300000000005	0.110823	0.0	-0.0946437	-0.0577506	0.993835	0.0	0.495559	-0.868568	-0.00327905	0.0	-2.8121099999999997	0.554214	0.760221	0.34408099999999997	0.9078729999999999	0.030817599999999997	-0.41811000000000004	0.0	0.19839	-0.9101459999999999	0.363696	0.0	-0.36933299999999997	-0.41313900000000003	-0.832412	0.0	2.75332	1.36855	1.23765	0.353732	
0	0.876033	0.462987	0.134944	0.0	-0.131103	-0.0406421	0.990535	0.0	0.46408900000000003	-0.885433	0.025095	0.0	-2.76077	0.286296	0.508419	0.343688	0.9070020000000001	0.0430694	-0.418919	0.0	0.20708800000000002	-0.9117879999999999	0.354624	0.0	-0.366692	-0.40839699999999995	-0.8359120000000001	0.0	2.68033	1.2350700000000001	1.0137200000000002	0.352971	
0	0.8827860000000001	0.442429	0.157941	0.0	-0.166051	-0.0206301	0.985901	0.0	0.439449	-0.896567	0.05525369999999999	0.0	-2.69981	-0.0261627	0.242522	0.344524	0.907264	0.0549466	-0.41695600000000005	0.0	0.217768	-0.909544	0.353986	0.0	-0.35979	-0.411959	-0.8371629999999999	0.0	2.61846	1.10961	0.803193	0.353698	
0	0.8875280000000001	0.426989	0.173129	0.0	-0.19426600000000002	0.00606363	0.98093	0.0	0.41779700000000003	-0.904236	0.08833099999999999	0.0	-2.68181	-0.232424	0.08046489999999999	0.345326	0.9068209999999999	0.056684000000000005	-0.417688	0.0	0.217875	-0.9113120000000001	0.34934299999999996	0.0	-0.360842	-0.40779499999999996	-0.8387469999999999	0.0	2.57872	1.0530700000000002	0.687757	0.353951	
0	0.897452	0.380341	0.223429	0.0	-0.25606	0.0367524	0.9659620000000001	0.0	0.359183	-0.9241159999999999	0.130374	0.0	-2.68665	-0.652453	-0.17211500000000002	0.347636	0.898703	0.0503024	-0.43566400000000005	0.0	0.219446	-0.9116709999999999	0.347418	0.0	-0.379706	-0.40783	-0.83036	0.0	2.50742	1.00862	0.552349	0.354525	
0	0.904	0.351893	0.24280500000000002	0.0	-0.276735	0.0487241	0.9597100000000001	0.0	0.325885	-0.9347709999999999	0.141428	0.0	-2.6743	-0.799041	-0.254271	0.349796	0.897076	0.049651999999999995	-0.43907799999999997	0.0	0.21979	-0.912165	0.345901	0.0	-0.383337	-0.406804	-0.8291940000000001	0.0	2.48305	1.00704	0.5178689999999999	0.35480500000000004	
0	0.8976870000000001	0.32858699999999996	0.293577	0.0	-0.33515500000000004	0.0766425	0.93904	0.0	0.286056	-0.9413590000000001	0.178929	0.0	-2.69596	-1.07138	-0.472909	0.34783200000000003	0.8958729999999999	0.0449097	-0.44203400000000004	0.0	0.20680900000000002	-0.9226840000000001	0.325399	0.0	-0.393244	-0.38293299999999997	-0.835895	0.0	2.42425	1.08301	0.428104	0.35522	
0	0.9007629999999999	0.307698	0.30650900000000003	0.0	-0.35176999999999997	0.102967	0.930406	0.0	0.25472399999999995	-0.945896	0.200988	0.0	-2.65958	-1.18707	-0.583359	0.33934899999999996	0.894202	0.044807	-0.445416	0.0	0.205271	-0.9252520000000001	0.319019	0.0	-0.397827	-0.37669899999999995	-0.8365600000000001	0.0	2.40775	1.09515	0.37750700000000004	0.355685	
0	0.897394	0.30791199999999996	0.316029	0.0	-0.364269	0.11284200000000001	0.9244319999999999	0.0	0.24898299999999998	-0.944699	0.21342600000000003	0.0	-2.61698	-1.29503	-0.686757	0.331843	0.889141	0.042265699999999996	-0.45567799999999997	0.0	0.204518	-0.927458	0.31304	0.0	-0.409391	-0.371531	-0.833285	0.0	2.38053	1.09477	0.348987	0.355756	
0	0.893618	0.29945900000000003	0.334323	0.0	-0.384876	0.128052	0.914042	0.0	0.23090700000000003	-0.945477	0.22968400000000003	0.0	-2.55504	-1.4651100000000001	-0.824642	0.332888	0.883712	0.0404423	-0.46628100000000006	0.0	0.20619400000000002	-0.928009	0.310296	0.0	-0.420163	-0.370357	-0.828432	0.0	2.3407	1.0840100000000001	0.330384	0.355613	
0	0.896385	0.281532	0.342393	0.0	-0.388782	0.128279	0.912356	0.0	0.21293600000000001	-0.950939	0.224442	0.0	-2.5239700000000003	-1.5644200000000001	-0.932011	0.33618000000000003	0.8820690000000001	0.0391418	-0.469491	0.0	0.204724	-0.9293799999999999	0.307148	0.0	-0.424314	-0.367043	-0.8277909999999999	0.0	2.30688	1.0829600000000001	0.324183	0.3556	
0	0.896329	0.257452	0.360989	0.0	-0.407827	0.159227	0.899068	0.0	0.173988	-0.953082	0.247716	0.0	-2.51194	-1.8770799999999999	-1.07779	0.341883	0.878943	0.0319944	-0.47585299999999997	0.0	0.195771	-0.934017	0.298807	0.0	-0.434895	-0.35579299999999997	-0.827211	0.0	2.2530900000000003	1.12891	0.307746	0.35499400000000003	
0	0.898	0.235556	0.371632	0.0	-0.41431599999999996	0.16836500000000001	0.894425	0.0	0.148117	-0.957166	0.248786	0.0	-2.57057	-2.12785	-1.15257	0.34107600000000005	0.877142	0.0278454	-0.479422	0.0	0.189813	-0.9371290000000001	0.29284899999999997	0.0	-0.441126	-0.347871	-0.8272809999999999	0.0	2.23017	1.1757799999999998	0.318848	0.354877	
0	0.9023049999999999	0.206379	0.37848699999999996	0.0	-0.4127	0.15978	0.8967440000000001	0.0	0.12459400000000001	-0.9653379999999999	0.229343	0.0	-2.58465	-2.20093	-1.1672799999999999	0.343138	0.8737860000000001	0.0272488	-0.485547	0.0	0.186196	-0.9410950000000001	0.282263	0.0	-0.449254	-0.337044	-0.8273889999999999	0.0	2.21863	1.21696	0.320872	0.354748	
0	0.905545	0.219119	0.363284	0.0	-0.40216799999999997	0.170701	0.8995120000000001	0.0	0.13508699999999998	-0.96065	0.2427	0.0	-2.66863	-2.2683299999999997	-1.2496200000000002	0.342447	0.871418	0.028662	-0.489703	0.0	0.18693099999999999	-0.942369	0.277484	0.0	-0.45352700000000007	-0.333345	-0.826556	0.0	2.21257	1.23718	0.331442	0.354525	
0	0.9074549999999999	0.21177800000000002	0.362872	0.0	-0.39926	0.165721	0.9017360000000001	0.0	0.130832	-0.9631649999999999	0.23493899999999998	0.0	-2.6817	-2.29027	-1.27765	0.341301	0.8717590000000001	0.030345099999999996	-0.488994	0.0	0.187576	-0.9427049999999999	0.275902	0.0	-0.45260500000000004	-0.332243	-0.8275040000000001	0.0	2.21084	1.2344899999999999	0.335185	0.35415599999999997	
0	0.9108719999999999	0.231861	0.341397	0.0	-0.383346	0.169017	0.908008	0.0	0.15283	-0.957953	0.24283600000000002	0.0	-2.75148	-2.30748	-1.3209899999999999	0.342585	0.8726010000000001	0.040749	-0.486731	0.0	0.192407	-0.944615	0.26586	0.0	-0.44893999999999995	-0.32564	-0.8321129999999999	0.0	2.2194	1.19594	0.345582	0.35378000000000004	
0	0.911019	0.252975	0.32564899999999997	0.0	-0.374521	0.177129	0.910142	0.0	0.172561	-0.9511200000000001	0.256112	0.0	-2.76234	-2.31261	-1.3259100000000001	0.342537	0.873365	0.0439103	-0.485083	0.0	0.19367	-0.945119	0.26313800000000004	0.0	-0.44690699999999994	-0.323762	-0.833938	0.0	2.22349	1.17811	0.35899200000000003	0.35372	
0	0.912012	0.25957800000000003	0.317575	0.0	-0.36849899999999997	0.178539	0.912323	0.0	0.180119	-0.949075	0.258484	0.0	-2.74309	-2.29805	-1.2908899999999999	0.34312	0.873783	0.042313199999999995	-0.484471	0.0	0.192047	-0.945262	0.263814	0.0	-0.44678900000000005	-0.32355700000000004	-0.834081	0.0	2.2276599999999998	1.17405	0.359555	0.35352100000000003	
0	0.909328	0.297002	0.29139899999999996	0.0	-0.353563	0.182339	0.917467	0.0	0.219356	-0.937306	0.270814	0.0	-2.696	-2.25283	-1.21526	0.34389400000000003	0.874481	0.0392232	-0.483471	0.0	0.19079000000000002	-0.944199	0.268492	0.0	-0.44596199999999997	-0.327033	-0.833167	0.0	2.22218	1.1743	0.38729600000000003	0.353487	
0	0.909344	0.296606	0.29175	0.0	-0.353532	0.181187	0.9177069999999999	0.0	0.21933699999999998	-0.9376540000000001	0.269621	0.0	-2.68217	-2.23412	-1.20026	0.34468000000000004	0.8747729999999999	0.039524199999999995	-0.482918	0.0	0.190844	-0.944207	0.268423	0.0	-0.445366	-0.326971	-0.8335100000000001	0.0	2.22424	1.1721	0.388941	0.35347	
0	0.9093450000000001	0.296602	0.29175100000000004	0.0	-0.353532	0.181187	0.9177069999999999	0.0	0.21933200000000003	-0.9376559999999999	0.26961999999999997	0.0	-2.6822	-2.23414	-1.2002899999999999	0.34468000000000004	0.8747739999999999	0.0395249	-0.482917	0.0	0.190844	-0.944207	0.268423	0.0	-0.44536499999999996	-0.326971	-0.8335110000000001	0.0	2.22424	1.1721	0.388933	0.35347	
0	0.9093450000000001	0.296601	0.29175100000000004	0.0	-0.353531	0.181187	0.9177069999999999	0.0	0.21933200000000003	-0.9376559999999999	0.269619	0.0	-2.6822	-2.23415	-1.2002899999999999	0.34468000000000004	0.8747739999999999	0.039525	-0.482917	0.0	0.190844	-0.944208	0.268423	0.0	-0.44536499999999996	-0.326971	-0.8335110000000001	0.0	2.22424	1.1721	0.388933	0.35347	
0	0.9093450000000001	0.296601	0.29175100000000004	0.0	-0.353531	0.181187	0.9177069999999999	0.0	0.21933200000000003	-0.9376559999999999	0.269619	0.0	-2.6822	-2.23415	-1.2002899999999999	0.34468000000000004	0.8747739999999999	0.039525	-0.482917	0.0	0.19084500000000001	-0.944208	0.268423	0.0	-0.44536499999999996	-0.326971	-0.8335110000000001	0.0	2.22424	1.1721	0.388933	0.35347	
0	0.9093450000000001	0.296601	0.29175100000000004	0.0	-0.353531	0.181187	0.9177069999999999	0.0	0.21933200000000003	-0.9376559999999999	0.269619	0.0	-2.6822	-2.23414	-1.2002899999999999	0.34468000000000004	0.8747739999999999	0.039525	-0.482917	0.0	0.190844	-0.944208	0.268423	0.0	-0.44536499999999996	-0.326971	-0.8335110000000001	0.0	2.22424	1.1721	0.388933	0.35347	
0	0.9093450000000001	0.296601	0.29175100000000004	0.0	-0.353531	0.181187	0.9177069999999999	0.0	0.21933200000000003	-0.9376559999999999	0.269619	0.0	-2.6822	-2.23414	-1.2002899999999999	0.34468000000000004	0.8747739999999999	0.039525	-0.482917	0.0	0.190844	-0.944208	0.268423	0.0	-0.44536499999999996	-0.326971	-0.8335110000000001	0.0	2.22424	1.1721	0.388933	0.35347	
0	0.9093450000000001	0.296601	0.29175100000000004	0.0	-0.353531	0.181187	0.9177069999999999	0.0	0.21933200000000003	-0.9376559999999999	0.269619	0.0	-2.6822	-2.23414	-1.2002899999999999	0.34468000000000004	0.8747739999999999	0.039525	-0.482917	0.0	0.190844	-0.944208	0.268423	0.0	-0.44536499999999996	-0.326971	-0.8335110000000001	0.0	2.22424	1.1721	0.388933	0.35347	
0	0.9093450000000001	0.296601	0.29175100000000004	0.0	-0.353531	0.181187	0.9177069999999999	0.0	0.21933200000000003	-0.9376559999999999	0.269619	0.0	-2.6822	-2.23414	-1.2002899999999999	0.34468000000000004	0.8747739999999999	0.039525	-0.482917	0.0	0.190844	-0.944208	0.268423	0.0	-0.44536499999999996	-0.326971	-0.8335110000000001	0.0	2.22424	1.1721	0.388933	0.35347	
