3	0.283001	0.840612	-0.461825	0.0	0.46701099999999995	0.29980100000000004	0.8318770000000001	0.0	0.837741	-0.4511	-0.307731	0.0	-2.83189	1.93754	1.3733	-0.000109739	-0.593133	0.516197	-0.617846	0.0	0.750855	0.0777332	-0.655877	0.0	-0.290534	-0.852935	-0.433696	0.0	2.66032	2.0	1.53809	0.0	
3	0.30096	0.829261	-0.47090299999999996	0.0	0.471814	0.299645	0.829219	0.0	0.828743	-0.47173999999999994	-0.301076	0.0	-2.8811299999999997	1.9037	1.3288	0.0	-0.593133	0.516197	-0.617847	0.0	0.750872	0.07778289999999999	-0.6558510000000001	0.0	-0.290491	-0.85293	-0.433734	0.0	2.66032	2.0	1.53809	0.0	
3	0.286152	0.8303809999999999	-0.478105	0.0	0.450574	0.32374899999999995	0.831967	0.0	0.845636	-0.453491	-0.281507	0.0	-2.8837	1.8845900000000002	1.29672	0.0	-0.593133	0.516197	-0.617847	0.0	0.750897	0.0778539	-0.6558149999999999	0.0	-0.290428	-0.852924	-0.43378900000000004	0.0	2.66032	2.0	1.53809	0.0	
3	0.301238	0.881051	-0.364699	0.0	0.39929499999999996	0.230766	0.8873049999999999	0.0	0.8659209999999999	-0.412912	-0.28228400000000003	0.0	-2.78448	1.97332	1.24299	0.332385	-0.593133	0.516197	-0.617846	0.0	0.7509399999999999	0.0779818	-0.65575	0.0	-0.290315	-0.8529120000000001	-0.43388699999999997	0.0	2.66032	2.0	1.53809	0.0	
3	0.366031	0.8557870000000001	-0.365583	0.0	0.373863	0.224521	0.899898	0.0	0.852202	-0.46606800000000004	-0.237765	0.0	-2.8331	1.7169299999999998	1.27356	0.0	-0.278969	0.8463309999999999	-0.453762	0.0	0.195001	-0.41275200000000006	-0.889725	0.0	-0.940293	-0.33669	-0.0498903	0.0	2.6829400000000003	1.9649900000000002	1.58059	0.0	
3	0.354385	0.866238	-0.352196	0.0	0.351348	0.225694	0.908634	0.0	0.866583	-0.44575	-0.224369	0.0	-2.81162	1.66375	1.30055	0.0127037	-0.302046	0.8475739999999999	-0.436332	0.0	0.195967	-0.39273	-0.898532	0.0	-0.932934	-0.35690500000000003	-0.047474699999999995	0.0	2.66526	1.92583	1.56613	0.036644300000000005	
3	0.458214	0.839852	-0.291014	0.0	0.372749	0.115659	0.920696	0.0	0.8069069999999999	-0.530351	-0.260058	0.0	-2.8724	1.61825	1.3645200000000002	0.344848	-0.332617	0.8396450000000001	-0.429374	0.0	0.24109099999999997	-0.36446100000000003	-0.899468	0.0	-0.911725	-0.402696	-0.0812051	0.0	2.68474	1.8788099999999999	1.60051	0.28421799999999997	
3	0.494018	0.823773	-0.27810999999999997	0.0	0.384031	0.08023480000000001	0.9198270000000001	0.0	0.780043	-0.561214	-0.276717	0.0	-2.93099	1.49694	1.34651	0.349421	-0.387575	0.8206479999999999	-0.419907	0.0	0.27273600000000003	-0.33303699999999997	-0.902608	0.0	-0.880568	-0.46435200000000004	-0.09474310000000001	0.0	2.70376	1.74301	1.66707	0.338465	
3	0.52918	0.803122	-0.273796	0.0	0.38617399999999996	0.0593653	0.9205139999999999	0.0	0.755538	-0.59285	-0.27873000000000003	0.0	-3.0467299999999997	1.4281	1.37766	0.348882	-0.439791	0.7969930000000001	-0.41398900000000005	0.0	0.305722	-0.300576	-0.903431	0.0	-0.844463	-0.523887	-0.11146800000000001	0.0	2.81028	1.64094	1.7003599999999999	0.354549	
3	0.561682	0.7786390000000001	-0.279704	0.0	0.396539	0.0433541	0.9169940000000001	0.0	0.726133	-0.625973	-0.28441	0.0	-3.18629	1.38795	1.42192	0.348016	-0.465416	0.7739739999999999	-0.429363	0.0	0.334995	-0.294979	-0.894855	0.0	-0.819248	-0.560314	-0.12199000000000002	0.0	2.9447900000000002	1.60685	1.76758	0.35583899999999996	
3	0.619646	0.723346	-0.304647	0.0	0.42292299999999994	0.0192649	0.905961	0.0	0.661192	-0.690218	-0.293982	0.0	-3.40105	1.4338799999999998	1.56202	0.346194	-0.521196	0.723755	-0.452255	0.0	0.384829	-0.27368600000000004	-0.8814770000000001	0.0	-0.761749	-0.633463	-0.135878	0.0	3.17683	1.59095	1.9090900000000002	0.352104	
3	0.6291760000000001	0.713729	-0.30778099999999997	0.0	0.42507799999999996	0.0155525	0.9050229999999999	0.0	0.650728	-0.700249	-0.293605	0.0	-3.4714199999999997	1.47411	1.6357700000000002	0.345762	-0.528637	0.7191960000000001	-0.450888	0.0	0.393016	-0.263438	-0.8809870000000001	0.0	-0.752383	-0.642929	-0.143393	0.0	3.2801699999999996	1.60756	1.9569299999999998	0.351163	
3	0.628851	0.714083	-0.307625	0.0	0.424965	0.0156616	0.9050739999999999	0.0	0.651116	-0.699886	-0.293611	0.0	-3.46858	1.4727700000000001	1.63314	0.345787	-0.528363	0.7194470000000001	-0.450808	0.0	0.392746	-0.263635	-0.881049	0.0	-0.752717	-0.642567	-0.143265	0.0	3.2761400000000003	1.60723	1.9550400000000001	0.351196	
3	0.62885	0.714084	-0.30762399999999995	0.0	0.424965	0.0156617	0.905075	0.0	0.6511170000000001	-0.6998850000000001	-0.293612	0.0	-3.46858	1.4727700000000001	1.63314	0.345787	-0.528362	0.719448	-0.450808	0.0	0.392746	-0.263635	-0.881049	0.0	-0.752718	-0.642566	-0.143266	0.0	3.2761400000000003	1.60723	1.9550400000000001	0.351196	
3	0.62885	0.714084	-0.30762399999999995	0.0	0.424965	0.0156618	0.9050739999999999	0.0	0.6511170000000001	-0.6998850000000001	-0.293611	0.0	-3.46858	1.4727700000000001	1.63314	0.34578600000000004	-0.528362	0.719448	-0.450808	0.0	0.392746	-0.263635	-0.881049	0.0	-0.752718	-0.642566	-0.143266	0.0	3.2761400000000003	1.60723	1.9550400000000001	0.351196	
3	0.62885	0.714084	-0.30762399999999995	0.0	0.424965	0.0156617	0.905075	0.0	0.6511170000000001	-0.6998850000000001	-0.293612	0.0	-3.46858	1.4727700000000001	1.63314	0.345787	-0.528363	0.719448	-0.450808	0.0	0.392746	-0.263635	-0.881049	0.0	-0.752718	-0.642566	-0.143266	0.0	3.2761400000000003	1.60723	1.9550400000000001	0.351195	
3	0.62885	0.714084	-0.30762399999999995	0.0	0.424965	0.0156617	0.905075	0.0	0.6511170000000001	-0.6998850000000001	-0.293612	0.0	-3.46858	1.4727700000000001	1.63314	0.345787	-0.528362	0.719448	-0.450808	0.0	0.392746	-0.263635	-0.881049	0.0	-0.752718	-0.642566	-0.143266	0.0	3.2761400000000003	1.60723	1.9550400000000001	0.351195	
3	0.62885	0.714084	-0.30762399999999995	0.0	0.424965	0.0156617	0.905075	0.0	0.6511170000000001	-0.6998850000000001	-0.293612	0.0	-3.46858	1.4727700000000001	1.63314	0.345787	-0.528363	0.719448	-0.450808	0.0	0.392746	-0.263635	-0.881049	0.0	-0.752718	-0.642566	-0.143266	0.0	3.2761400000000003	1.60723	1.9550400000000001	0.351196	
3	0.62885	0.714084	-0.30762399999999995	0.0	0.424965	0.0156617	0.905075	0.0	0.6511170000000001	-0.6998850000000001	-0.293612	0.0	-3.46858	1.4727700000000001	1.63314	0.345787	-0.528363	0.719448	-0.450808	0.0	0.392746	-0.263635	-0.881049	0.0	-0.752718	-0.642566	-0.143266	0.0	3.2761400000000003	1.60723	1.9550400000000001	0.351196	
3	0.62885	0.714084	-0.30762399999999995	0.0	0.424965	0.0156617	0.905075	0.0	0.6511170000000001	-0.6998850000000001	-0.293612	0.0	-3.46858	1.4727700000000001	1.63314	0.345787	-0.528363	0.719448	-0.450808	0.0	0.392746	-0.263635	-0.881049	0.0	-0.752718	-0.642566	-0.143266	0.0	3.2761400000000003	1.60723	1.9550400000000001	0.351196	
3	0.62885	0.714084	-0.30762399999999995	0.0	0.424965	0.0156617	0.905075	0.0	0.6511170000000001	-0.6998850000000001	-0.293612	0.0	-3.46858	1.4727700000000001	1.63314	0.345787	-0.528362	0.719448	-0.450808	0.0	0.392746	-0.263635	-0.881049	0.0	-0.752718	-0.642566	-0.143266	0.0	3.2761400000000003	1.60723	1.9550400000000001	0.351196	
3	0.62885	0.714084	-0.30762399999999995	0.0	0.424965	0.0156617	0.9050739999999999	0.0	0.6511170000000001	-0.6998850000000001	-0.293612	0.0	-3.46858	1.4727700000000001	1.63314	0.345787	-0.528362	0.719448	-0.450808	0.0	0.392746	-0.263635	-0.881049	0.0	-0.752718	-0.642566	-0.143266	0.0	3.2761400000000003	1.60723	1.9550400000000001	0.351196	
3	0.62885	0.714084	-0.30762399999999995	0.0	0.424965	0.0156617	0.905075	0.0	0.6511170000000001	-0.6998850000000001	-0.293612	0.0	-3.46858	1.4727700000000001	1.63314	0.345787	-0.528362	0.719448	-0.450808	0.0	0.392746	-0.263635	-0.881049	0.0	-0.752718	-0.642566	-0.143266	0.0	3.2761400000000003	1.60723	1.9550400000000001	0.351196	
3	0.62885	0.714084	-0.30762399999999995	0.0	0.424965	0.0156617	0.905075	0.0	0.6511170000000001	-0.6998850000000001	-0.293612	0.0	-3.46858	1.4727700000000001	1.63314	0.345787	-0.528362	0.719448	-0.450808	0.0	0.392746	-0.263635	-0.881049	0.0	-0.752718	-0.642566	-0.143266	0.0	3.2761400000000003	1.60723	1.9550400000000001	0.351196	
3	0.62885	0.714084	-0.30762399999999995	0.0	0.424965	0.0156617	0.905075	0.0	0.6511170000000001	-0.6998850000000001	-0.293612	0.0	-3.46858	1.4727700000000001	1.63314	0.345787	-0.528362	0.719448	-0.450808	0.0	0.392746	-0.263635	-0.881049	0.0	-0.752718	-0.642566	-0.143266	0.0	3.2761400000000003	1.60723	1.9550400000000001	0.351196	
3	0.900957	0.402562	-0.161927	0.0	0.305085	-0.322344	0.8961129999999999	0.0	0.30854499999999996	-0.8567600000000001	-0.413234	0.0	-3.42659	1.34933	1.35285	0.34824099999999997	-0.661471	0.615785	-0.428094	0.0	0.505728	-0.0552638	-0.8609209999999999	0.0	-0.5538	-0.7859729999999999	-0.274865	0.0	3.02081	1.38974	1.7229299999999999	0.356198	
3	0.902372	0.410233	-0.132036	0.0	0.2668	-0.291175	0.9187139999999999	0.0	0.338441	-0.8642489999999999	-0.37219800000000003	0.0	-3.2902	1.0423799999999999	0.952382	0.349486	-0.659504	0.6411979999999999	-0.392327	0.0	0.455773	-0.07395089999999999	-0.887019	0.0	-0.597767	-0.763804	-0.24347	0.0	2.60522	1.12416	1.26738	0.355837	
3	0.919516	0.377795	-0.10845	0.0	0.221085	-0.26900300000000005	0.937422	0.0	0.32498	-0.885951	-0.330877	0.0	-3.16808	0.8174319999999999	0.763942	0.350379	-0.674836	0.636217	-0.373931	0.0	0.435162	-0.0661667	-0.897918	0.0	-0.596012	-0.768668	-0.23220500000000002	0.0	2.3782	0.988483	1.06523	0.35635100000000003	
3	0.951925	0.30451300000000003	-0.0333221	0.0	0.09525739999999999	-0.190871	0.976982	0.0	0.291144	-0.9331879999999999	-0.210702	0.0	-2.89362	0.0795796	0.197283	0.351175	-0.687711	0.643162	-0.336744	0.0	0.368217	-0.09074310000000001	-0.925301	0.0	-0.625675	-0.760335	-0.17441800000000002	0.0	1.7128900000000002	0.676409	0.513516	0.356533	
3	0.967564	0.247254	0.0518273	0.0	-0.011598	-0.161461	0.9868110000000001	0.0	0.252361	-0.9554030000000001	-0.153356	0.0	-2.74145	-0.31077	-0.0645061	0.35029499999999997	-0.706642	0.6354	-0.311327	0.0	0.334316	-0.0879629	-0.9383469999999999	0.0	-0.6236109999999999	-0.767157	-0.150266	0.0	1.36632	0.616576	0.343727	0.357819	
3	0.9713620000000001	0.2209	0.0875203	0.0	-0.06366849999999999	-0.11288800000000002	0.991566	0.0	0.228917	-0.968741	-0.09559110000000001	0.0	-2.59767	-0.654346	-0.26322	0.349998	-0.71978	0.6305109999999999	-0.29046900000000003	0.0	0.320173	-0.06975	-0.944788	0.0	-0.6159600000000001	-0.77304	-0.151668	0.0	1.14889	0.638088	0.179702	0.35723699999999997	
3	0.974937	0.178722	0.1325	0.0	-0.11943699999999999	-0.0820145	0.989449	0.0	0.187703	-0.980476	-0.0586129	0.0	-2.5233	-0.904381	-0.43601999999999996	0.349599	-0.719228	0.633737	-0.284762	0.0	0.314499	-0.06850139999999999	-0.946783	0.0	-0.619518	-0.77051	-0.150041	0.0	1.01114	0.7014090000000001	0.108091	0.357664	
3	0.9693620000000001	0.175492	0.171871	0.0	-0.16458	-0.0554013	0.984807	0.0	0.182348	-0.9829209999999999	-0.024821400000000004	0.0	-2.4445099999999997	-1.07209	-0.5005069999999999	0.34979899999999997	-0.7244149999999999	0.63318	-0.272592	0.0	0.308323	-0.056078199999999995	-0.949628	0.0	-0.616571	-0.771971	-0.1546	0.0	0.928474	0.738229	0.032929400000000005	0.357473	
3	0.9614459999999999	0.180101	0.20781100000000002	0.0	-0.204309	-0.037995	0.9781690000000001	0.0	0.184065	-0.982914	0.000266146	0.0	-2.31588	-1.22376	-0.627905	0.349611	-0.730518	0.633089	-0.25601199999999996	0.0	0.297205	-0.0427828	-0.9538549999999999	0.0	-0.6148279999999999	-0.772896	-0.156904	0.0	0.860458	0.7648020000000001	-0.051415699999999995	0.357788	
3	0.955052	0.171017	0.24213400000000002	0.0	-0.241221	-0.0264188	0.9701110000000001	0.0	0.172302	-0.984914	0.0160216	0.0	-2.2334400000000003	-1.30007	-0.751184	0.349882	-0.732214	0.631351	-0.255457	0.0	0.29539299999999996	-0.0435781	-0.954382	0.0	-0.613682	-0.7742720000000001	-0.154588	0.0	0.797944	0.801701	-0.0771946	0.357675	
3	0.9543510000000001	0.125351	0.271111	0.0	-0.275433	0.0182016	0.961148	0.0	0.11554600000000001	-0.9919450000000001	0.051896500000000005	0.0	-2.1808799999999997	-1.44384	-0.847723	0.349341	-0.733826	0.629326	-0.25583	0.0	0.296448	-0.042187800000000004	-0.954117	0.0	-0.611243	-0.775996	-0.155604	0.0	0.731907	0.890545	-0.08932489999999998	0.357653	
3	0.95544	0.100962	0.277384	0.0	-0.283402	0.0508713	0.957651	0.0	0.08257569999999999	-0.9935889999999999	0.0772173	0.0	-2.1902	-1.54275	-0.8852049999999999	0.348948	-0.730448	0.633696	-0.254706	0.0	0.296466	-0.0417711	-0.9541299999999999	0.0	-0.615267	-0.772454	-0.157357	0.0	0.709947	0.9168649999999999	-0.09644910000000001	0.357416	
3	0.9613430000000001	0.0653937	0.267475	0.0	-0.272847	0.0954811	0.957308	0.0	0.037063099999999995	-0.993281	0.109633	0.0	-2.1469400000000003	-1.6509900000000002	-0.9192100000000001	0.348702	-0.7264729999999999	0.639537	-0.251452	0.0	0.294516	-0.0408448	-0.954773	0.0	-0.620884	-0.767674	-0.158682	0.0	0.687702	0.9431350000000001	-0.11209200000000001	0.357664	
3	0.96409	0.0426976	0.262119	0.0	-0.265243	0.105523	0.95839	0.0	0.0132614	-0.9935	0.11305899999999999	0.0	-2.16971	-1.73415	-0.9870760000000001	0.348681	-0.72492	0.643063	-0.246905	0.0	0.29183899999999996	-0.0379601	-0.955714	0.0	-0.6239560000000001	-0.764872	-0.160153	0.0	0.659369	0.9503510000000001	-0.117631	0.357745	
3	0.961342	0.0503466	0.270717	0.0	-0.274719	0.10837100000000001	0.955398	0.0	0.018763099999999998	-0.992835	0.118013	0.0	-2.12319	-1.8015400000000001	-1.05331	0.34810599999999997	-0.7272029999999999	0.644555	-0.23605900000000002	0.0	0.286482	-0.0275241	-0.9576899999999999	0.0	-0.623782	-0.764062	-0.164638	0.0	0.63007	0.933164	-0.13133499999999998	0.35749699999999995	
3	0.962851	0.0523304	0.264914	0.0	-0.269158	0.10710499999999999	0.9571219999999999	0.0	0.0217129	-0.99287	0.11721199999999998	0.0	-2.11633	-1.83634	-1.10474	0.347916	-0.725757	0.64576	-0.237215	0.0	0.285815	-0.0306168	-0.9577959999999999	0.0	-0.6257689999999999	-0.762926	-0.162347	0.0	0.616931	0.9089430000000001	-0.13025	0.35725999999999997	
3	0.9747959999999999	0.108322	0.195035	0.0	-0.205515	0.0958342	0.97395	0.0	0.0868093	-0.9894860000000001	0.11568099999999999	0.0	-2.12838	-1.7975700000000001	-1.08299	0.347869	-0.7204050000000001	0.642728	-0.26061100000000004	0.0	0.29968	-0.0504033	-0.952708	0.0	-0.625467	-0.7644350000000001	-0.156302	0.0	0.652941	0.902501	-0.0824385	0.357074	
3	0.975475	0.113855	0.188375	0.0	-0.199482	0.0955745	0.9752290000000001	0.0	0.0930313	-0.9888899999999999	0.115943	0.0	-2.1327599999999998	-1.79157	-1.0763	0.348061	-0.720184	0.642766	-0.261127	0.0	0.30002	-0.0508344	-0.952578	0.0	-0.625558	-0.764374	-0.15623199999999998	0.0	0.654204	0.9032120000000001	-0.0811823	0.357158	
3	0.975469	0.11380799999999999	0.188437	0.0	-0.19954000000000002	0.0955752	0.975218	0.0	0.0929777	-0.9888950000000001	0.11594000000000002	0.0	-2.13273	-1.79167	-1.0764	0.348061	-0.720178	0.642776	-0.26111799999999996	0.0	0.30001300000000003	-0.05083119999999999	-0.95258	0.0	-0.6255689999999999	-0.764366	-0.15623399999999998	0.0	0.654149	0.903208	-0.0812597	0.357158	
3	0.975469	0.11380799999999999	0.188437	0.0	-0.19954000000000002	0.0955752	0.975218	0.0	0.0929775	-0.9888950000000001	0.11594000000000002	0.0	-2.13273	-1.79167	-1.0764	0.34806	-0.720178	0.642776	-0.26111799999999996	0.0	0.30001300000000003	-0.0508311	-0.95258	0.0	-0.6255689999999999	-0.764366	-0.15623399999999998	0.0	0.654149	0.903209	-0.0812604	0.357158	
3	0.975469	0.11380799999999999	0.188437	0.0	-0.19954000000000002	0.0955752	0.975218	0.0	0.0929775	-0.9888950000000001	0.11594000000000002	0.0	-2.13273	-1.79167	-1.0764	0.34806	-0.720178	0.642776	-0.26111799999999996	0.0	0.30001300000000003	-0.0508311	-0.95258	0.0	-0.6255689999999999	-0.764366	-0.15623399999999998	0.0	0.65415	0.903209	-0.08126	0.357158	
3	0.975469	0.11380799999999999	0.188437	0.0	-0.19954000000000002	0.0955752	0.975218	0.0	0.09297739999999999	-0.9888950000000001	0.11594000000000002	0.0	-2.13273	-1.79167	-1.0764	0.34806	-0.720178	0.642776	-0.26111799999999996	0.0	0.30001300000000003	-0.0508311	-0.95258	0.0	-0.6255689999999999	-0.764366	-0.15623399999999998	0.0	0.65415	0.903209	-0.08126	0.357158	
3	0.975469	0.11380799999999999	0.188437	0.0	-0.19954000000000002	0.0955752	0.975218	0.0	0.0929775	-0.9888950000000001	0.11594000000000002	0.0	-2.13273	-1.79167	-1.0764	0.34806	-0.720178	0.642776	-0.26111799999999996	0.0	0.30001300000000003	-0.0508311	-0.95258	0.0	-0.6255689999999999	-0.764366	-0.15623399999999998	0.0	0.65415	0.903209	-0.08126	0.357158	
3	0.975469	0.11380799999999999	0.188437	0.0	-0.19954000000000002	0.0955752	0.975218	0.0	0.0929775	-0.9888950000000001	0.11594000000000002	0.0	-2.13273	-1.79167	-1.0764	0.34806	-0.720178	0.642776	-0.26111799999999996	0.0	0.30001300000000003	-0.0508311	-0.95258	0.0	-0.6255689999999999	-0.764366	-0.15623399999999998	0.0	0.65415	0.903209	-0.08126	0.357158	
3	0.975469	0.11380799999999999	0.188437	0.0	-0.19954000000000002	0.0955752	0.975218	0.0	0.09297739999999999	-0.9888950000000001	0.11594000000000002	0.0	-2.13273	-1.79167	-1.0764	0.34806	-0.720178	0.642776	-0.26111799999999996	0.0	0.30001300000000003	-0.0508311	-0.95258	0.0	-0.6255689999999999	-0.764366	-0.15623399999999998	0.0	0.65415	0.9032100000000001	-0.08126	0.357158	
3	0.975469	0.11380799999999999	0.188437	0.0	-0.19954000000000002	0.0955752	0.975218	0.0	0.09297739999999999	-0.9888950000000001	0.11594000000000002	0.0	-2.13273	-1.79167	-1.0764	0.34806	-0.720178	0.642776	-0.26111799999999996	0.0	0.30001300000000003	-0.0508311	-0.95258	0.0	-0.6255689999999999	-0.764366	-0.15623399999999998	0.0	0.65415	0.903209	-0.08126019999999999	0.357158	
3	0.975469	0.11380799999999999	0.188437	0.0	-0.19954000000000002	0.0955752	0.975218	0.0	0.0929775	-0.9888950000000001	0.11594000000000002	0.0	-2.13273	-1.79167	-1.0764	0.34806	-0.720178	0.642776	-0.26111799999999996	0.0	0.30001300000000003	-0.0508311	-0.95258	0.0	-0.6255689999999999	-0.764366	-0.15623399999999998	0.0	0.65415	0.9032100000000001	-0.08126	0.357158	
3	0.975469	0.11380799999999999	0.188437	0.0	-0.19954000000000002	0.0955752	0.975218	0.0	0.0929775	-0.9888950000000001	0.11594000000000002	0.0	-2.13273	-1.79167	-1.0764	0.34806	-0.720178	0.642776	-0.26111799999999996	0.0	0.30001300000000003	-0.0508311	-0.95258	0.0	-0.6255689999999999	-0.764366	-0.15623399999999998	0.0	0.654149	0.903209	-0.0812604	0.357158	
3	0.972366	0.185415	-0.14186400000000002	0.0	0.177553	-0.192762	0.9650479999999999	0.0	0.151588	-0.963569	-0.220356	0.0	-1.97222	-2.08006	-1.43664	0.348478	-0.716396	0.6110180000000001	-0.336801	0.0	0.423512	-0.00278401	-0.9058860000000001	0.0	-0.55445	-0.791612	-0.256779	0.0	0.333787	0.647393	-0.29483899999999996	0.357951	
3	0.973242	0.197891	-0.11678699999999999	0.0	0.155121	-0.190867	0.969282	0.0	0.169521	-0.961462	-0.216457	0.0	-1.8736700000000002	-2.25857	-1.6646	0.348885	-0.728007	0.605564	-0.321399	0.0	0.401382	-0.0035695999999999996	-0.915904	0.0	-0.555786	-0.795788	-0.24046399999999998	0.0	0.139579	0.516613	-0.44742299999999996	0.358082	
3	0.9747530000000001	0.209275	-0.07785239999999999	0.0	0.10776400000000001	-0.135547	0.984893	0.0	0.19556099999999998	-0.968417	-0.154677	0.0	-1.63199	-2.8395200000000003	-2.1834	0.349402	-0.694587	0.651349	-0.30543899999999996	0.0	0.368733	-0.0422295	-0.9285760000000001	0.0	-0.617725	-0.757602	-0.210842	0.0	-0.34685	0.35638400000000003	-0.8533379999999999	0.357642	
3	0.9834209999999999	0.141699	-0.113159	0.0	0.124617	-0.07475789999999999	0.9893850000000001	0.0	0.131736	-0.987083	-0.09117660000000001	0.0	-1.66215	-3.16433	-2.4068400000000003	0.347492	-0.689121	0.6640050000000001	-0.29019	0.0	0.34357	-0.05320219999999999	-0.9376190000000001	0.0	-0.638022	-0.745834	-0.19147	0.0	-0.663981	0.352635	-1.0086899999999999	0.357165	
3	0.983201	0.140336	-0.116711	0.0	0.124275	-0.0463747	0.9911639999999999	0.0	0.133684	-0.989017	-0.063036	0.0	-1.72522	-3.3891699999999996	-2.46273	0.35018	-0.6780079999999999	0.673038	-0.295507	0.0	0.347049	-0.06128340000000001	-0.935843	0.0	-0.647968	-0.737064	-0.192026	0.0	-0.863131	0.399735	-1.07489	0.35688800000000004	
3	0.985188	0.114629	-0.12753	0.0	0.13197899999999999	-0.0320675	0.990734	0.0	0.109477	-0.992891	-0.0467212	0.0	-1.9363400000000002	-3.5079	-2.39625	0.349236	-0.679582	0.673087	-0.291758	0.0	0.349419	-0.052706100000000006	-0.935483	0.0	-0.645039	-0.737683	-0.199371	0.0	-0.9741559999999999	0.43277200000000005	-1.10877	0.35696700000000003	
3	0.985583	0.11068099999999999	-0.127967	0.0	0.13177	-0.0277259	0.990893	0.0	0.106125	-0.993469	-0.041910699999999995	0.0	-1.97753	-3.5245	-2.37914	0.349154	-0.680593	0.672734	-0.290213	0.0	0.348921	-0.050693300000000004	-0.93578	0.0	-0.644243	-0.738146	-0.200229	0.0	-0.977406	0.435763	-1.11405	0.35689499999999996	
3	0.986934	0.07276039999999999	-0.143764	0.0	0.14566199999999999	-0.0214588	0.989102	0.0	0.0688824	-0.9971190000000001	-0.031776799999999994	0.0	-2.12479	-3.56515	-2.26788	0.348937	-0.6921	0.666154	-0.277915	0.0	0.347736	-0.029681	-0.9371229999999999	0.0	-0.632517	-0.745223	-0.21110399999999999	0.0	-0.9573389999999999	0.432291	-1.15344	0.357021	
3	0.983139	0.0794195	-0.164712	0.0	0.166546	-0.016993099999999997	0.9858870000000001	0.0	0.0754998	-0.9966969999999999	-0.0299336	0.0	-2.12967	-3.54261	-2.22565	0.349096	-0.695546	0.664878	-0.272311	0.0	0.347699	-0.020185299999999996	-0.9373889999999999	0.0	-0.628746	-0.746679	-0.217138	0.0	-0.937717	0.429806	-1.1784700000000001	0.356794	
3	0.9806370000000001	0.0661061	-0.184341	0.0	0.185609	-0.013540200000000002	0.9825299999999999	0.0	0.0624553	-0.9977209999999999	-0.025547900000000002	0.0	-2.16282	-3.46815	-2.05891	0.348564	-0.694656	0.66778	-0.267436	0.0	0.345613	-0.0162274	-0.9382370000000001	0.0	-0.630876	-0.744182	-0.219521	0.0	-0.913601	0.419468	-1.21082	0.357053	
3	0.971823	0.0743916	-0.223663	0.0	0.221615	0.0348365	0.974512	0.0	0.08028719999999999	-0.9966209999999999	0.017368599999999998	0.0	-2.40423	-3.3130300000000004	-1.8485900000000002	0.344339	-0.689796	0.676183	-0.25876	0.0	0.340018	-0.0129797	-0.9403290000000001	0.0	-0.6391939999999999	-0.7366189999999999	-0.22096100000000002	0.0	-0.9032049999999999	0.408667	-1.23363	0.356981	
0	0.968776	0.0747072	-0.23641399999999999	0.0	0.23725	-0.00239351	0.9714459999999999	0.0	0.0720081	-0.9972030000000001	-0.020043099999999998	0.0	-2.3996	-3.30816	-1.8424599999999998	0.342794	-0.6874140000000001	0.6796840000000001	-0.255915	0.0	0.336995	-0.0136315	-0.941408	0.0	-0.6433479999999999	-0.733378	-0.21968000000000001	0.0	-0.915518	0.402675	-1.2392	0.357061	
0	0.955808	0.11328900000000001	-0.27128800000000003	0.0	0.273347	-0.00276118	0.9619110000000001	0.0	0.108225	-0.9935579999999999	-0.0336064	0.0	-2.4356400000000002	-3.13883	-1.7715599999999998	0.341983	-0.68072	0.687092	-0.254019	0.0	0.335477	-0.0158625	-0.941915	0.0	-0.651211	-0.726398	-0.219705	0.0	-0.9627979999999999	0.377235	-1.2686600000000001	0.356837	
0	0.949757	0.116558	-0.290477	0.0	0.29199400000000003	0.00421911	0.956411	0.0	0.112702	-0.993175	-0.030026999999999998	0.0	-2.62617	-3.0076400000000003	-1.67324	0.342978	-0.678308	0.6886770000000001	-0.256169	0.0	0.336787	-0.0184583	-0.9414	0.0	-0.653049	-0.724833	-0.219417	0.0	-0.985302	0.371708	-1.27498	0.357039	
0	0.9464959999999999	0.114417	-0.301753	0.0	0.303377	0.00336088	0.952865	0.0	0.11003800000000001	-0.9934270000000001	-0.0315303	0.0	-2.63366	-2.93266	-1.6683700000000001	0.34573400000000004	-0.6780689999999999	0.688858	-0.256315	0.0	0.335751	-0.0199178	-0.9417399999999999	0.0	-0.65383	-0.7246229999999999	-0.217779	0.0	-0.9957159999999999	0.372967	-1.2759200000000002	0.35689499999999996	
0	0.946106	0.0991214	-0.308316	0.0	0.310048	-0.00218557	0.9507190000000001	0.0	0.0935627	-0.995073	-0.0328001	0.0	-2.64317	-2.84445	-1.64323	0.346061	-0.680711	0.68703	-0.254209	0.0	0.33476300000000003	-0.0169231	-0.9421510000000001	0.0	-0.6515880000000001	-0.726432	-0.218473	0.0	-0.996733	0.364102	-1.2783	0.356912	
0	0.948361	0.07415930000000001	-0.30840300000000004	0.0	0.310025	-0.0111576	0.9506629999999999	0.0	0.06705950000000001	-0.997184	-0.0335726	0.0	-2.68669	-2.7488900000000003	-1.56887	0.346035	-0.684847	0.682269	-0.255918	0.0	0.337298	-0.0145025	-0.9412860000000001	0.0	-0.645921	-0.730958	-0.220196	0.0	-0.9909290000000001	0.36745300000000003	-1.2753299999999999	0.356923	
0	0.951414	0.04807430000000001	-0.30414	0.0	0.305494	-0.023740999999999998	0.9518979999999999	0.0	0.0385413	-0.9985620000000001	-0.037273900000000006	0.0	-2.74565	-2.65529	-1.5046899999999999	0.34604	-0.6888529999999999	0.67775	-0.25716999999999995	0.0	0.34073200000000003	-0.0104055	-0.940103	0.0	-0.639831	-0.735219	-0.22376300000000002	0.0	-0.9725010000000001	0.379148	-1.2814	0.356914	
0	0.9553290000000001	0.0388742	-0.292977	0.0	0.294323	-0.0350855	0.9550620000000001	0.0	0.026848	-0.9986280000000001	-0.0449598	0.0	-2.86548	-2.59312	-1.4838799999999999	0.34678600000000004	-0.689242	0.676867	-0.25845100000000004	0.0	0.343102	-0.00926489	-0.9392530000000001	0.0	-0.6381439999999999	-0.736047	-0.225848	0.0	-0.945393	0.387314	-1.28772	0.356738	
0	0.9585879999999999	0.055177699999999996	-0.2794	0.0	0.280563	-0.014438399999999999	0.959727	0.0	0.0489214	-0.9983719999999999	-0.029321299999999998	0.0	-2.9556	-2.61699	-1.4647	0.346648	-0.686791	0.677349	-0.26366100000000003	0.0	0.345502	-0.0149192	-0.938299	0.0	-0.63949	-0.7355109999999999	-0.223779	0.0	-0.943652	0.39205	-1.26863	0.35679299999999997	
0	0.963825	0.061405600000000005	-0.259367	0.0	0.261013	-0.0203466	0.9651209999999999	0.0	0.053986599999999996	-0.997906	-0.035638199999999995	0.0	-3.00277	-2.68286	-1.48908	0.347539	-0.6865899999999999	0.676582	-0.266142	0.0	0.347292	-0.0163932	-0.937614	0.0	-0.638736	-0.7361850000000001	-0.223717	0.0	-0.944577	0.396227	-1.25832	0.356721	
0	0.9659260000000001	0.07679789999999999	-0.247164	0.0	0.248131	-0.00316651	0.9687209999999999	0.0	0.07361319999999999	-0.997042	-0.022114500000000002	0.0	-2.99118	-2.78021	-1.5532299999999999	0.34628000000000003	-0.6866329999999999	0.675678	-0.26831900000000003	0.0	0.34880300000000003	-0.017646900000000004	-0.9370299999999999	0.0	-0.637865	-0.7369859999999999	-0.22356199999999998	0.0	-0.9418629999999999	0.398742	-1.25338	0.35680500000000004	
0	0.966959	0.084302	-0.24059	0.0	0.241537	-0.00106933	0.970391	0.0	0.0815487	-0.99644	-0.021396099999999998	0.0	-2.95834	-2.84318	-1.6023	0.345717	-0.686675	0.6751520000000001	-0.269532	0.0	0.34949	-0.018514799999999998	-0.936757	0.0	-0.637444	-0.737446	-0.22324499999999997	0.0	-0.9395870000000001	0.401107	-1.253	0.356713	
0	0.973359	0.0913303	-0.21031100000000003	0.0	0.210171	0.0112525	0.9776	0.0	0.091651	-0.995757	-0.00824225	0.0	-2.9073900000000004	-2.98676	-1.72623	0.33411399999999997	-0.683634	0.674844	-0.277905	0.0	0.353195	-0.0273056	-0.9351510000000001	0.0	-0.6386689999999999	-0.737455	-0.219685	0.0	-0.930457	0.40996800000000005	-1.2602799999999998	0.35675999999999997	
0	0.978182	0.0836322	-0.190172	0.0	0.190416	0.00512397	0.98169	0.0	0.0830753	-0.996484	-0.010912700000000001	0.0	-2.91732	-3.01001	-1.73194	0.330552	-0.681153	0.674083	-0.285734	0.0	0.359115	-0.0324881	-0.9327280000000001	0.0	-0.638018	-0.737941	-0.219944	0.0	-0.9306629999999999	0.43038000000000004	-1.2662799999999999	0.35685700000000004	
0	0.9864059999999999	0.0797933	-0.143656	0.0	0.14519	-0.013744200000000002	0.989308	0.0	0.0769658	-0.996717	-0.025142599999999998	0.0	-2.93362	-3.02441	-1.72786	0.329671	-0.668321	0.679323	-0.303096	0.0	0.373131	-0.0463454	-0.9266200000000001	0.0	-0.643522	-0.732374	-0.222503	0.0	-0.9459770000000001	0.496197	-1.23814	0.35656	
0	0.9933700000000001	0.0700868	-0.09112510000000001	0.0	0.0961045	-0.0712989	0.992814	0.0	0.06308609999999999	-0.9949899999999999	-0.0775618	0.0	-2.97674	-3.2406099999999998	-1.8494	0.339624	-0.664311	0.680579	-0.309035	0.0	0.37969	-0.0488721	-0.9238219999999999	0.0	-0.643837	-0.731043	-0.225942	0.0	-0.955802	0.557792	-1.20592	0.35646700000000003	
0	0.997948	0.0447932	-0.0457521	0.0	0.051572900000000005	-0.138852	0.9889690000000001	0.0	0.0379464	-0.9893	-0.140877	0.0	-2.98832	-3.25569	-1.85277	0.34839000000000003	-0.664737	0.679279	-0.31097600000000003	0.0	0.3835	-0.0469624	-0.9223459999999999	0.0	-0.641134	-0.732376	-0.22928600000000002	0.0	-0.9563139999999999	0.580118	-1.2030299999999998	0.356473	
0	0.999183	0.0310428	-0.025872900000000004	0.0	0.0315286	-0.19834300000000002	0.979626	0.0	0.0252787	-0.979641	-0.199159	0.0	-3.00026	-3.27271	-1.8483900000000002	0.348086	-0.666262	0.678096	-0.310293	0.0	0.384619	-0.044007199999999996	-0.922026	0.0	-0.638877	-0.7336550000000001	-0.231488	0.0	-0.9414879999999999	0.586058	-1.21526	0.35639899999999997	
0	0.9999180000000001	0.0120324	-0.0044048	0.0	0.00706316	-0.230778	0.972981	0.0	0.010690700000000001	-0.972932	-0.230844	0.0	-3.00332	-3.27869	-1.8485599999999998	0.346576	-0.661886	0.6816439999999999	-0.31188	0.0	0.38789	-0.0445781	-0.9206270000000001	0.0	-0.641442	-0.730325	-0.23489699999999997	0.0	-0.9103049999999999	0.5980409999999999	-1.24122	0.356532	
0	0.999951	0.00749866	0.00638916	0.0	-0.004164	-0.266052	0.96395	0.0	0.00892818	-0.96393	-0.266007	0.0	-3.00481	-3.28891	-1.84827	0.346688	-0.657874	0.685214	-0.312544	0.0	0.388675	-0.0465591	-0.920198	0.0	-0.645084	-0.726852	-0.23569600000000002	0.0	-0.902186	0.599527	-1.26176	0.356582	
0	0.999223	-0.029666700000000004	0.025953800000000003	0.0	-0.0343891	-0.33432199999999995	0.941832	0.0	-0.0192642	-0.941992	-0.335082	0.0	-3.00661	-3.3037699999999997	-1.8454400000000002	0.34515	-0.6476149999999999	0.694876	-0.312636	0.0	0.3908	-0.049322500000000005	-0.9191530000000001	0.0	-0.654118	-0.717436	-0.23961500000000002	0.0	-0.9319280000000001	0.621454	-1.28095	0.356729	
0	0.9986079999999999	-0.0381224	0.0364547	0.0	-0.0474432	-0.347115	0.936622	0.0	-0.0230523	-0.937047	-0.34844	0.0	-3.00887	-3.30634	-1.84622	0.345202	-0.644314	0.698158	-0.312146	0.0	0.39216	-0.0487905	-0.918602	0.0	-0.656559	-0.714279	-0.242353	0.0	-0.943602	0.644757	-1.27847	0.356822	
0	0.996662	-0.0670821	0.046516699999999994	0.0	-0.0684515	-0.37630399999999997	0.9239639999999999	0.0	-0.044476999999999996	-0.924064	-0.37964000000000003	0.0	-3.00982	-3.31083	-1.84525	0.343004	-0.637742	0.7060069999999999	-0.30796100000000004	0.0	0.396144	-0.042250199999999995	-0.917216	0.0	-0.660572	-0.7069439999999999	-0.252735	0.0	-0.9473940000000001	0.697567	-1.31281	0.356837	
0	0.99426	-0.0931898	0.05255169999999999	0.0	-0.0864216	-0.410025	0.9079709999999999	0.0	-0.0630661	-0.907301	-0.41572600000000004	0.0	-3.0116400000000003	-3.31819	-1.84319	0.34219299999999997	-0.6324850000000001	0.712445	-0.30395	0.0	0.399862	-0.0357561	-0.9158780000000001	0.0	-0.66338	-0.700816	-0.262265	0.0	-0.9312809999999999	0.723947	-1.39542	0.35685300000000003	
0	0.992569	-0.10458599999999998	0.062192	0.0	-0.100003	-0.409959	0.9066049999999999	0.0	-0.0693222	-0.9060879999999999	-0.417372	0.0	-3.01269	-3.3165	-1.84585	0.343697	-0.631815	0.713842	-0.302057	0.0	0.400547	-0.0329438	-0.915684	0.0	-0.663605	-0.699531	-0.265113	0.0	-0.9343739999999999	0.7484029999999999	-1.4166100000000001	0.356957	
0	0.9874809999999999	-0.138973	0.0746128	0.0	-0.127961	-0.429204	0.8940969999999999	0.0	-0.0922313	-0.892452	-0.441614	0.0	-3.01455	-3.3177199999999996	-1.8466099999999999	0.341523	-0.623442	0.722748	-0.29825300000000005	0.0	0.401944	-0.0309311	-0.915142	0.0	-0.670642	-0.690419	-0.271221	0.0	-0.928903	0.796696	-1.47199	0.357125	
0	0.984392	-0.148067	0.0951244	0.0	-0.151383	-0.43675200000000003	0.886754	0.0	-0.0897535	-0.8873129999999999	-0.45235	0.0	-3.0203	-3.3195099999999997	-1.8513099999999998	0.343111	-0.615505	0.731574	-0.293177	0.0	0.40160300000000004	-0.028941200000000004	-0.915356	0.0	-0.678136	-0.6811470000000001	-0.275989	0.0	-0.914748	0.841151	-1.54382	0.357091	
0	0.982374	-0.157089	0.10131	0.0	-0.16188699999999998	-0.444038	0.8812620000000001	0.0	-0.09345060000000001	-0.88213	-0.461642	0.0	-3.0218599999999998	-3.32073	-1.85205	0.344821	-0.6117630000000001	0.7351300000000001	-0.292114	0.0	0.40071999999999997	-0.0303914	-0.915696	0.0	-0.682033	-0.677245	-0.275989	0.0	-0.9273239999999999	0.8596739999999999	-1.57764	0.357311	
0	0.9824069999999999	-0.15313800000000002	0.106887	0.0	-0.16523	-0.44600100000000004	0.879649	0.0	-0.0870357	-0.881835	-0.46345699999999995	0.0	-3.02466	-3.3224699999999996	-1.8531799999999998	0.344495	-0.604446	0.740449	-0.293906	0.0	0.404888	-0.0321946	-0.9138	0.0	-0.6860850000000001	-0.671341	-0.280339	0.0	-0.939102	0.8725290000000001	-1.6500099999999998	0.35734	
0	0.9819829999999999	-0.153229	0.110589	0.0	-0.16914400000000002	-0.45178199999999996	0.8759469999999999	0.0	-0.0842587	-0.878871	-0.46956000000000003	0.0	-3.02612	-3.32444	-1.8536400000000002	0.34474099999999996	-0.6042069999999999	0.7404569999999999	-0.294377	0.0	0.40612600000000004	-0.031684199999999996	-0.9132680000000001	0.0	-0.685562	-0.671357	-0.281575	0.0	-0.945192	0.8869950000000001	-1.6676400000000002	0.357338	
0	0.986131	-0.126588	0.107332	0.0	-0.159099	-0.536932	0.8284879999999999	0.0	-0.0472466	-0.834075	-0.549625	0.0	-3.0415200000000002	-3.36516	-1.8514599999999999	0.34402	-0.602744	0.742251	-0.29285300000000003	0.0	0.410153	-0.026616300000000002	-0.9116280000000001	0.0	-0.6844520000000001	-0.669593	-0.288394	0.0	-0.9373889999999999	0.9320510000000001	-1.7177799999999999	0.357271	
0	0.9878899999999999	-0.13828900000000002	0.07034910000000001	0.0	-0.11100299999999999	-0.313155	0.9431930000000001	0.0	-0.108403	-0.93958	-0.32471300000000003	0.0	-3.0606400000000002	-3.41109	-1.91403	0.347708	-0.600486	0.743392	-0.294594	0.0	0.41420799999999997	-0.025960400000000005	-0.9098120000000001	0.0	-0.683994	-0.668353	-0.29233000000000003	0.0	-0.922399	0.962031	-1.7385400000000002	0.357139	
0	0.99066	-0.105715	0.0861171	0.0	-0.104978	-0.188296	0.9764860000000001	0.0	-0.08701410000000001	-0.976406	-0.19763599999999998	0.0	-3.06141	-3.4322	-1.9118099999999998	0.354423	-0.597435	0.744772	-0.297298	0.0	0.41705	-0.028089599999999996	-0.908449	0.0	-0.6849390000000001	-0.6667270000000001	-0.29382600000000003	0.0	-0.920725	0.988627	-1.74045	0.35735300000000003	
0	0.993965	-0.0637706	0.0892598	0.0	-0.106091	-0.35182199999999997	0.9300360000000001	0.0	-0.027905400000000004	-0.933892	-0.356464	0.0	-3.05851	-3.55766	-1.90992	0.356284	-0.596354	0.7455970000000001	-0.297401	0.0	0.416185	-0.029618799999999997	-0.908798	0.0	-0.686405	-0.6657390000000001	-0.292643	0.0	-0.9255690000000001	1.00545	-1.7355900000000002	0.357172	
0	0.9946870000000001	-0.0504395	0.0897456	0.0	-0.101654	-0.343375	0.933681	0.0	-0.0162781	-0.937843	-0.34667800000000004	0.0	-3.05881	-3.5994900000000003	-1.9122700000000001	0.343944	-0.5961310000000001	0.745684	-0.29763	0.0	0.416955	-0.0292678	-0.9084559999999999	0.0	-0.686132	-0.6656569999999999	-0.293469	0.0	-0.927608	1.0099200000000002	-1.73157	0.35708	
0	0.9937090000000001	-0.048282900000000004	0.10105399999999999	0.0	-0.111268	-0.322894	0.9398719999999999	0.0	-0.0127501	-0.945203	-0.326235	0.0	-3.06069	-3.60075	-1.9151599999999998	0.350115	-0.594349	0.746779	-0.298446	0.0	0.416951	-0.031190199999999998	-0.908394	0.0	-0.687678	-0.664341	-0.292833	0.0	-0.93432	1.00857	-1.7263700000000002	0.357136	
0	0.9937819999999999	-0.0479121	0.10051	0.0	-0.11051300000000001	-0.314245	0.942888	0.0	-0.013590999999999999	-0.948132	-0.31758600000000003	0.0	-3.06052	-3.6007599999999997	-1.91526	0.351019	-0.592601	0.7481439999999999	-0.298502	0.0	0.41638800000000004	-0.0327034	-0.9085989999999999	0.0	-0.689525	-0.66273	-0.292138	0.0	-0.941767	1.00291	-1.7285	0.357075	
0	0.9937440000000001	-0.0481023	0.10079	0.0	-0.11084100000000001	-0.314391	0.942801	0.0	-0.0136636	-0.948074	-0.317756	0.0	-3.06061	-3.60074	-1.9152799999999999	0.35335300000000003	-0.592449	0.748997	-0.296661	0.0	0.415371	-0.031521600000000004	-0.909106	0.0	-0.690268	-0.661824	-0.292437	0.0	-0.9446969999999999	0.9948	-1.73501	0.357038	
0	0.993721	-0.0478652	0.101131	0.0	-0.11108900000000001	-0.314361	0.942782	0.0	-0.013334700000000001	-0.9480959999999999	-0.317704	0.0	-3.06072	-3.6007599999999997	-1.9153200000000001	0.353686	-0.592634	0.749017	-0.296241	0.0	0.41540299999999997	-0.030886400000000005	-0.909113	0.0	-0.690091	-0.66183	-0.29284	0.0	-0.944449	0.9919100000000001	-1.73643	0.357036	
0	0.992757	-0.0426656	0.112304	0.0	-0.12003499999999999	-0.314056	0.941786	0.0	-0.00491204	-0.9484450000000001	-0.31690300000000005	0.0	-3.06332	-3.6014699999999995	-1.9176900000000001	0.35558	-0.593371	0.748736	-0.29547399999999996	0.0	0.41501400000000005	-0.0299486	-0.909322	0.0	-0.6896909999999999	-0.662191	-0.292966	0.0	-0.9469549999999999	0.9891639999999999	-1.7351299999999998	0.357149	
0	0.992028	-0.0398187	0.11956099999999999	0.0	-0.12601700000000002	-0.31361500000000003	0.9411510000000001	0.0	2.07387e-05	-0.948715	-0.316133	0.0	-3.06488	-3.6019	-1.9193799999999999	0.357256	-0.59251	0.749219	-0.295979	0.0	0.41572299999999995	-0.0303252	-0.908985	0.0	-0.690005	-0.661628	-0.2935	0.0	-0.946766	0.9901399999999999	-1.7391299999999998	0.357072	
0	0.9919120000000001	-0.0391237	0.120743	0.0	-0.12692	-0.313236	0.941156	0.0	0.000999708	-0.9488690000000001	-0.315668	0.0	-3.06527	-3.6018800000000004	-1.9195200000000001	0.35775300000000004	-0.589865	0.751251	-0.296111	0.0	0.41662299999999997	-0.030989299999999997	-0.908551	0.0	-0.6917260000000001	-0.659289	-0.294709	0.0	-0.953468	0.9949370000000001	-1.7400799999999998	0.357032	
0	0.9923799999999999	-0.041278800000000004	0.116092	0.0	-0.1231	-0.29183600000000004	0.948514	0.0	-0.00527369	-0.955577	-0.294694	0.0	-3.06429	-3.6014800000000005	-1.91795	0.35288200000000003	-0.588715	0.752418	-0.29543400000000003	0.0	0.41587299999999994	-0.0314748	-0.9088780000000001	0.0	-0.693155	-0.657933	-0.294381	0.0	-0.969621	1.0022799999999998	-1.7417	0.356983	
0	0.9929549999999999	-0.046634800000000004	0.108925	0.0	-0.11636300000000001	-0.210471	0.97065	0.0	-0.022340400000000003	-0.9764870000000001	-0.21441500000000002	0.0	-3.06367	-3.60124	-1.9104700000000001	0.339805	-0.5892270000000001	0.7519640000000001	-0.29557100000000003	0.0	0.41667	-0.030620599999999994	-0.908542	0.0	-0.692241	-0.658493	-0.29527800000000004	0.0	-0.979175	1.02606	-1.7354	0.357109	
0	0.993934	-0.031355799999999996	0.10541099999999999	0.0	-0.109481	-0.19129200000000002	0.9754079999999999	0.0	-0.0104204	-0.981032	-0.19356500000000001	0.0	-3.0704700000000003	-3.59694	-1.8828200000000002	0.30854299999999996	-0.5899310000000001	0.7517119999999999	-0.294808	0.0	0.41756800000000005	-0.0284802	-0.9082	0.0	-0.6911	-0.658877	-0.297089	0.0	-0.980554	1.04421	-1.73017	0.35698	
0	0.9967370000000001	-0.014150200000000002	0.07947	0.0	-0.08066489999999998	-0.21095999999999998	0.974161	0.0	0.00298036	-0.977392	-0.21141300000000002	0.0	-3.06315	-3.58895	-1.7716	0.192458	-0.59121	0.751195	-0.29356	0.0	0.418408	-0.0255018	-0.9079010000000001	0.0	-0.689497	-0.6595880000000001	-0.299229	0.0	-0.970065	1.06863	-1.72325	0.357196	
0	0.9971059999999999	-0.0203585	0.073241	0.0	-0.0758987	-0.212706	0.9741639999999999	0.0	-0.00425379	-0.9769040000000001	-0.213635	0.0	-3.04093	-3.5845300000000004	-1.75003	0.14766600000000002	-0.5890449999999999	0.752514	-0.294533	0.0	0.421314	-0.025038	-0.9065690000000001	0.0	-0.68958	-0.658101	-0.302296	0.0	-0.952149	1.09133	-1.72236	0.35707300000000003	
0	0.9978809999999999	-0.0243328	0.060344100000000005	0.0	-0.0640821	-0.206919	0.9762569999999999	0.0	-0.011268700000000001	-0.9780549999999999	-0.20804	0.0	-3.02202	-3.58439	-1.7565099999999998	0.147579	-0.588595	0.752913	-0.29441100000000003	0.0	0.423624	-0.022924400000000004	-0.9055479999999999	0.0	-0.6885479999999999	-0.65772	-0.30545900000000004	0.0	-0.92422	1.0981299999999998	-1.7319900000000001	0.357034	
0	0.9979030000000001	-0.023409700000000002	0.0603539	0.0	-0.0638966	-0.20663600000000001	0.9763290000000001	0.0	-0.010384299999999999	-0.978138	-0.207698	0.0	-3.02093	-3.58439	-1.75741	0.147578	-0.58719	0.754312	-0.293634	0.0	0.42449799999999993	-0.0219088	-0.905164	0.0	-0.689209	-0.65615	-0.30734	0.0	-0.919796	1.10639	-1.74223	0.356933	
0	0.998308	-0.0251427	0.05242719999999999	0.0	-0.0564905	-0.205884	0.9769450000000001	0.0	-0.0137691	-0.978253	-0.206956	0.0	-3.0049	-3.58396	-1.7634400000000001	0.147501	-0.5845199999999999	0.7567149999999999	-0.292779	0.0	0.423886	-0.0228896	-0.9054270000000001	0.0	-0.691851	-0.6533439999999999	-0.30738200000000004	0.0	-0.913907	1.10886	-1.74728	0.357151	
