0	0.5386380000000001	0.733151	-0.41516000000000003	0.0	0.47266800000000003	0.144957	0.869237	0.0	0.697462	-0.6644369999999999	-0.268458	0.0	-2.7825599999999997	1.97347	1.38515	0.0	-0.49421499999999996	0.76754	-0.408209	0.0	0.265403	-0.313933	-0.911596	0.0	-0.827836	-0.558864	-0.048557300000000005	0.0	2.72313	1.9186299999999998	1.5177200000000002	0.0	
0	0.518173	0.785312	-0.338796	0.0	0.330522	0.181482	0.9261860000000001	0.0	0.78883	-0.591903	-0.165524	0.0	-2.86707	1.8679700000000001	1.37039	0.0	-0.525772	0.74843	-0.40424899999999997	0.0	0.25859699999999997	-0.312108	-0.914175	0.0	-0.810365	-0.5851850000000001	-0.029444	0.0	2.74811	1.8343200000000002	1.4569	0.0	
0	0.47625	0.808708	-0.345222	0.0	0.27019899999999997	0.23901599999999998	0.932665	0.0	0.836767	-0.53746	-0.10468	0.0	-2.8222	1.7928400000000002	1.36273	0.0	-0.5035729999999999	0.765968	-0.399634	0.0	0.243367	-0.318069	-0.916299	0.0	-0.828967	-0.5586810000000001	-0.026240899999999998	0.0	2.71692	1.78876	1.3511600000000001	0.206575	
0	0.47010100000000005	0.8269709999999999	-0.308422	0.0	0.272928	0.19611099999999998	0.9418340000000001	0.0	0.839354	-0.526934	-0.133511	0.0	-2.72989	1.8562599999999998	1.4248	0.235355	-0.527542	0.749686	-0.399588	0.0	0.24094200000000002	-0.319015	-0.9166120000000001	0.0	-0.814645	-0.579829	-0.012337	0.0	2.64315	1.76135	1.3148600000000001	0.29376199999999997	
0	0.530212	0.793778	-0.29798	0.0	0.276485	0.17036600000000002	0.9457969999999999	0.0	0.8015180000000001	-0.58386	-0.129137	0.0	-2.7326900000000003	1.82004	1.51023	-0.00048828099999999997	-0.544377	0.7220340000000001	-0.426992	0.0	0.25249699999999997	-0.344375	-0.904241	0.0	-0.799937	-0.600061	0.00515836	0.0	2.68705	1.7342400000000002	1.38493	0.0	
0	0.516757	0.811817	-0.271873	0.0	0.24986999999999998	0.160719	0.9548479999999999	0.0	0.818857	-0.561357	-0.119796	0.0	-2.76745	1.81368	1.5037	0.0	-0.5431739999999999	0.719195	-0.43326800000000004	0.0	0.24866100000000002	-0.355085	-0.901156	0.0	-0.801954	-0.597221	0.014037	0.0	2.6762	1.72259	1.39262	0.00917314	
0	0.515374	0.81417	-0.267428	0.0	0.26659299999999997	0.144259	0.952952	0.0	0.814443	-0.562421	-0.142705	0.0	-2.73245	1.87605	1.50019	0.0	-0.540618	0.722959	-0.430188	0.0	0.252297	-0.348488	-0.902719	0.0	-0.802545	-0.596562	0.00599843	0.0	2.7079299999999997	1.7227	1.41994	0.178782	
0	0.541134	0.814174	-0.210461	0.0	0.271267	0.06788860000000001	0.9601069999999999	0.0	0.795982	-0.576638	-0.184122	0.0	-2.77446	1.9100099999999998	1.4789700000000001	0.31856	-0.536289	0.7278279999999999	-0.42738699999999996	0.0	0.245827	-0.349719	-0.904027	0.0	-0.807442	-0.589884	0.00863075	0.0	2.68038	1.70954	1.43249	0.240794	
0	0.54375	0.816666	-0.19337200000000002	0.0	0.268318	0.0491523	0.962076	0.0	0.795199	-0.575014	-0.1924	0.0	-2.7486900000000003	1.8623299999999998	1.4660600000000001	0.351682	-0.543909	0.727554	-0.418124	0.0	0.244523	-0.33923400000000004	-0.908366	0.0	-0.8027270000000001	-0.59631	0.00660878	0.0	2.6689700000000003	1.6546599999999998	1.43851	0.29628499999999997	
0	0.5565359999999999	0.8106399999999999	-0.182016	0.0	0.259691	0.038370999999999995	0.964929	0.0	0.789195	-0.584286	-0.189161	0.0	-2.74053	1.7957	1.48048	0.352542	-0.548094	0.725809	-0.41568599999999994	0.0	0.23972600000000002	-0.339818	-0.9094260000000001	0.0	-0.801327	-0.598101	0.0122567	0.0	2.64682	1.57314	1.43421	0.32648299999999997	
0	0.557207	0.8094279999999999	-0.185331	0.0	0.260245	0.04171830000000001	0.964641	0.0	0.788539	-0.5857359999999999	-0.187404	0.0	-2.73659	1.7717900000000002	1.4872299999999998	0.35279499999999997	-0.5502640000000001	0.721932	-0.41955200000000004	0.0	0.239583	-0.344827	-0.907576	0.0	-0.7998810000000001	-0.599924	0.0167834	0.0	2.63309	1.55962	1.4674200000000002	0.32766799999999996	
0	0.561888	0.805555	-0.188051	0.0	0.262392	0.0420271	0.964046	0.0	0.7844949999999999	-0.591029	-0.187757	0.0	-2.7452900000000002	1.76988	1.52557	0.35331599999999996	-0.554675	0.7175060000000001	-0.421333	0.0	0.24009299999999997	-0.346815	-0.906683	0.0	-0.796675	-0.604074	0.020101400000000002	0.0	2.6511299999999998	1.5441	1.50756	0.33581	
0	0.5655600000000001	0.802408	-0.19048299999999999	0.0	0.264685	0.042145999999999996	0.963414	0.0	0.781079	-0.595286	-0.188549	0.0	-2.76362	1.7728400000000002	1.5468	0.353162	-0.558933	0.710134	-0.42813999999999997	0.0	0.240677	-0.355162	-0.903291	0.0	-0.793517	-0.6079220000000001	0.0275983	0.0	2.6623200000000002	1.53746	1.54041	0.33512	
0	0.569429	0.799704	-0.190325	0.0	0.265822	0.0399565	0.9631940000000001	0.0	0.777875	-0.599063	-0.189827	0.0	-2.77546	1.77452	1.57031	0.353136	-0.559859	0.708663	-0.42936499999999994	0.0	0.24200700000000003	-0.355742	-0.9027069999999999	0.0	-0.792458	-0.609298	0.0276637	0.0	2.66997	1.54125	1.57694	0.334935	
0	0.574739	0.7949649999999999	-0.194179	0.0	0.270241	0.0395967	0.9619780000000001	0.0	0.772428	-0.605362	-0.192074	0.0	-2.78971	1.7806099999999998	1.58063	0.35305	-0.564225	0.7030310000000001	-0.43289399999999995	0.0	0.24616300000000002	-0.35723	-0.9009940000000001	0.0	-0.7880699999999999	-0.614926	0.0284973	0.0	2.67223	1.51872	1.60392	0.33549	
0	0.579453	0.791076	-0.196045	0.0	0.270227	0.0404527	0.961946	0.0	0.768903	-0.610379	-0.19033	0.0	-2.8187599999999997	1.7697599999999998	1.60605	0.353022	-0.570364	0.6973779999999999	-0.433993	0.0	0.250445	-0.355554	-0.9004770000000001	0.0	-0.78228	-0.622291	0.028140300000000004	0.0	2.69306	1.50135	1.6186399999999999	0.335543	
0	0.579225	0.791276	-0.19591	0.0	0.270227	0.040357699999999996	0.961951	0.0	0.769075	-0.6101260000000001	-0.190448	0.0	-2.81851	1.76963	1.6053	0.353039	-0.570294	0.697503	-0.433882	0.0	0.25033099999999997	-0.3555	-0.9005299999999999	0.0	-0.7823680000000001	-0.6221810000000001	0.028133099999999998	0.0	2.6917	1.50163	1.61944	0.33552	
0	0.579225	0.791276	-0.19591	0.0	0.270226	0.0403575	0.961951	0.0	0.769075	-0.6101260000000001	-0.190448	0.0	-2.8185	1.76963	1.6053	0.35304	-0.570294	0.697503	-0.433883	0.0	0.25033099999999997	-0.3555	-0.9005299999999999	0.0	-0.7823680000000001	-0.6221810000000001	0.028133299999999997	0.0	2.6917	1.50163	1.61943	0.33552	
0	0.579225	0.791276	-0.19591	0.0	0.270226	0.0403575	0.961951	0.0	0.769075	-0.6101260000000001	-0.190448	0.0	-2.8185	1.76963	1.6053	0.35304	-0.570294	0.697503	-0.433883	0.0	0.25033099999999997	-0.3555	-0.9005299999999999	0.0	-0.7823680000000001	-0.6221810000000001	0.0281334	0.0	2.6917	1.50163	1.61943	0.33552	
0	0.579225	0.791276	-0.19591	0.0	0.270227	0.040357599999999993	0.961951	0.0	0.769075	-0.6101260000000001	-0.190448	0.0	-2.8185	1.76963	1.6053	0.35304	-0.570294	0.697503	-0.433883	0.0	0.25033099999999997	-0.3555	-0.9005299999999999	0.0	-0.7823680000000001	-0.6221810000000001	0.028133299999999997	0.0	2.6917	1.50163	1.61943	0.33552	
0	0.579225	0.791276	-0.19591	0.0	0.270227	0.0403575	0.961951	0.0	0.769075	-0.6101260000000001	-0.190448	0.0	-2.8185	1.76963	1.6053	0.35304	-0.570294	0.697503	-0.433883	0.0	0.25033099999999997	-0.3555	-0.9005299999999999	0.0	-0.7823680000000001	-0.6221810000000001	0.028133299999999997	0.0	2.6917	1.50163	1.61943	0.33552	
0	0.579225	0.791276	-0.19591	0.0	0.270226	0.0403575	0.961951	0.0	0.769075	-0.6101260000000001	-0.190448	0.0	-2.8185	1.76963	1.6053	0.35304	-0.570294	0.697503	-0.433883	0.0	0.25033099999999997	-0.3555	-0.9005299999999999	0.0	-0.7823680000000001	-0.6221810000000001	0.028133299999999997	0.0	2.6917	1.50163	1.61943	0.33552	
0	0.579225	0.791276	-0.19591	0.0	0.270226	0.0403575	0.961951	0.0	0.769075	-0.6101260000000001	-0.190448	0.0	-2.8185	1.76963	1.6053	0.35304	-0.570294	0.697503	-0.433883	0.0	0.25033099999999997	-0.3555	-0.9005299999999999	0.0	-0.7823680000000001	-0.6221810000000001	0.028133299999999997	0.0	2.6917	1.50163	1.61943	0.33552	
0	0.579225	0.791276	-0.19591	0.0	0.270227	0.0403575	0.961951	0.0	0.769075	-0.6101260000000001	-0.190448	0.0	-2.8185	1.76963	1.6053	0.35304	-0.570294	0.697503	-0.433883	0.0	0.25033099999999997	-0.3555	-0.9005299999999999	0.0	-0.7823680000000001	-0.6221810000000001	0.0281334	0.0	2.6917	1.50163	1.61943	0.33552	
0	0.579225	0.791276	-0.19591	0.0	0.270226	0.0403575	0.961951	0.0	0.769075	-0.6101260000000001	-0.190448	0.0	-2.8185	1.76963	1.6053	0.35304	-0.570294	0.697503	-0.433883	0.0	0.25033099999999997	-0.3555	-0.9005299999999999	0.0	-0.7823680000000001	-0.6221810000000001	0.0281334	0.0	2.6917	1.50163	1.61943	0.335521	
0	0.579225	0.791276	-0.19591	0.0	0.270227	0.040357599999999993	0.961951	0.0	0.769075	-0.6101260000000001	-0.190448	0.0	-2.8185	1.76963	1.6053	0.35304	-0.570294	0.697503	-0.433883	0.0	0.25033	-0.3555	-0.9005299999999999	0.0	-0.7823680000000001	-0.6221810000000001	0.0281334	0.0	2.6917	1.50163	1.61943	0.33552	
0	0.579225	0.791276	-0.19591	0.0	0.270226	0.0403575	0.961951	0.0	0.769075	-0.6101260000000001	-0.190448	0.0	-2.8185	1.76963	1.6053	0.35304	-0.570294	0.697503	-0.433883	0.0	0.25033099999999997	-0.3555	-0.9005299999999999	0.0	-0.7823680000000001	-0.6221810000000001	0.0281334	0.0	2.6917	1.50163	1.61943	0.33552	
0	0.579225	0.791276	-0.19591	0.0	0.270226	0.0403575	0.961951	0.0	0.769075	-0.6101260000000001	-0.190448	0.0	-2.8185	1.76963	1.6053	0.35304	-0.570294	0.697503	-0.433883	0.0	0.25033	-0.3555	-0.9005299999999999	0.0	-0.7823680000000001	-0.6221810000000001	0.0281334	0.0	2.6917	1.50163	1.61944	0.335521	
0	0.579225	0.791276	-0.19591	0.0	0.270226	0.0403575	0.961951	0.0	0.769075	-0.6101260000000001	-0.190448	0.0	-2.8185	1.76963	1.6053	0.35304	-0.570294	0.697503	-0.433883	0.0	0.25033	-0.3555	-0.9005299999999999	0.0	-0.7823680000000001	-0.6221810000000001	0.0281334	0.0	2.6917	1.50163	1.61943	0.335521	
0	0.579225	0.791276	-0.19591	0.0	0.270227	0.040357599999999993	0.961951	0.0	0.769075	-0.6101260000000001	-0.190448	0.0	-2.8185	1.76963	1.6053	0.35304	-0.570294	0.697503	-0.433883	0.0	0.25033	-0.3555	-0.9005299999999999	0.0	-0.7823680000000001	-0.6221810000000001	0.0281334	0.0	2.6917	1.50163	1.61943	0.335521	
0	0.579225	0.791276	-0.19591	0.0	0.270226	0.0403575	0.961951	0.0	0.769075	-0.6101260000000001	-0.190448	0.0	-2.8185	1.76963	1.6053	0.35304	-0.570294	0.697503	-0.433883	0.0	0.25033	-0.3555	-0.9005299999999999	0.0	-0.7823680000000001	-0.6221810000000001	0.0281334	0.0	2.6917	1.50163	1.61943	0.335521	
0	0.579225	0.791276	-0.19591	0.0	0.270227	0.040357599999999993	0.961951	0.0	0.769075	-0.6101260000000001	-0.190448	0.0	-2.8185	1.76963	1.6053	0.35304	-0.570294	0.697503	-0.433883	0.0	0.25033	-0.3555	-0.9005299999999999	0.0	-0.7823680000000001	-0.6221810000000001	0.0281334	0.0	2.6917	1.50163	1.61944	0.335521	
0	0.773845	0.614733	-0.152535	0.0	0.318342	-0.169296	0.932737	0.0	0.547561	-0.770352	-0.326705	0.0	-2.6952700000000003	1.4476200000000001	1.12973	0.34830300000000003	-0.70632	0.5544060000000001	-0.440165	0.0	0.387283	-0.21785	-0.895853	0.0	-0.592557	-0.8032279999999999	-0.0608403	0.0	2.4626099999999997	1.24947	1.28284	0.358717	
0	0.7859109999999999	0.609215	-0.105833	0.0	0.24369200000000002	-0.14786	0.958515	0.0	0.568294	-0.779099	-0.264666	0.0	-2.4355700000000002	1.09924	0.684311	0.347909	-0.722984	0.566126	-0.395974	0.0	0.34531300000000004	-0.20030499999999998	-0.9168629999999999	0.0	-0.598375	-0.799612	-0.0506733	0.0	2.2239	0.986173	0.779357	0.358592	
0	0.807021	0.587769	-0.0569611	0.0	0.158658	-0.122903	0.9796540000000001	0.0	0.56881	-0.799639	-0.192439	0.0	-2.1398599999999997	0.7021470000000001	0.218906	0.34821199999999997	-0.764025	0.547462	-0.341396	0.0	0.289988	-0.181295	-0.939702	0.0	-0.576344	-0.8169569999999999	-0.0202438	0.0	1.9075	0.660391	0.23960399999999998	0.360133	
0	0.8391709999999999	0.543851	-0.00427359	0.0	0.08760880000000001	-0.127418	0.987972	0.0	0.536766	-0.8294520000000001	-0.15457200000000001	0.0	-1.90367	0.29561	-0.08997519999999999	0.352564	-0.79494	0.527225	-0.300172	0.0	0.251203	-0.164329	-0.953883	0.0	-0.552238	-0.833684	-0.00180936	0.0	1.63667	0.385874	-0.155166	0.362187	
0	0.89179	0.44791400000000003	0.0639063	0.0	-0.0053663	-0.13076400000000002	0.991399	0.0	0.45241800000000004	-0.8844629999999999	-0.114211	0.0	-1.7457	-0.22080100000000003	-0.484254	0.354385	-0.8480200000000001	0.471571	-0.24183200000000002	0.0	0.197125	-0.142904	-0.969907	0.0	-0.491939	-0.870172	0.028227	0.0	1.33564	0.0675413	-0.6005699999999999	0.362277	
0	0.912416	0.37627	0.160993	0.0	-0.121776	-0.12595399999999998	0.984534	0.0	0.390728	-0.917909	-0.0691018	0.0	-1.68154	-0.619697	-0.761718	0.354585	-0.8610190000000001	0.46184899999999995	-0.212937	0.0	0.167934	-0.137018	-0.9762299999999999	0.0	-0.480047	-0.8763120000000001	0.0404152	0.0	1.14479	-0.0772412	-0.850756	0.361388	
0	0.920782	0.312843	0.233001	0.0	-0.205211	-0.11949000000000001	0.9713959999999999	0.0	0.33173600000000003	-0.9422590000000001	-0.0458259	0.0	-1.65798	-0.859301	-0.9213809999999999	0.35472600000000004	-0.8611719999999999	0.46700600000000003	-0.200719	0.0	0.151321	-0.141439	-0.9783139999999999	0.0	-0.48526800000000003	-0.872869	0.0511348	0.0	1.01919	-0.153071	-1.0159200000000002	0.361321	
0	0.926383	0.237521	0.29223000000000005	0.0	-0.297021	-0.0161957	0.954734	0.0	0.23150199999999999	-0.971247	0.0555452	0.0	-1.7014099999999999	-1.24817	-0.934585	0.355008	-0.8883540000000001	0.433174	-0.152276	0.0	0.09377519999999999	-0.153488	-0.983691	0.0	-0.449482	-0.8881450000000001	0.0957305	0.0	0.874417	-0.263494	-1.05015	0.361548	
0	0.9300309999999999	0.211731	0.300354	0.0	-0.315388	0.0403997	0.948103	0.0	0.188609	-0.976493	0.10435	0.0	-1.77423	-1.38757	-0.8907	0.355149	-0.907739	0.404425	-0.11158699999999999	0.0	0.047328800000000004	-0.16556400000000002	-0.9850629999999999	0.0	-0.416858	-0.8994610000000001	0.13114800000000001	0.0	0.846922	-0.34629299999999996	-1.01328	0.361505	
0	0.9320809999999999	0.189916	0.308475	0.0	-0.327303	0.0766054	0.941809	0.0	0.15523399999999998	-0.978807	0.13356300000000002	0.0	-1.82917	-1.43503	-0.779624	0.355858	-0.9107149999999999	0.39944	-0.105102	0.0	0.0378843	-0.17260699999999998	-0.9842620000000001	0.0	-0.41129399999999994	-0.9003639999999999	0.14206300000000002	0.0	0.8397469999999999	-0.377823	-0.9534459999999999	0.361616	
0	0.934949	0.169812	0.311502	0.0	-0.331262	0.10348299999999999	0.937847	0.0	0.127023	-0.980028	0.153004	0.0	-1.87874	-1.45417	-0.747866	0.355482	-0.913024	0.39524699999999996	-0.100828	0.0	0.03399	-0.172604	-0.984405	0.0	-0.406487	-0.9022120000000001	0.144157	0.0	0.8401350000000001	-0.388442	-0.913558	0.36154200000000003	
0	0.950042	0.11693699999999999	0.289387	0.0	-0.305014	0.1511	0.940285	0.0	0.06622739999999999	-0.9815780000000001	0.17921900000000002	0.0	-2.1943799999999998	-1.4872299999999998	-0.668604	0.354202	-0.9166920000000001	0.38560700000000003	-0.104806	0.0	0.0400434	-0.172315	-0.9842280000000001	0.0	-0.39758499999999997	-0.90643	0.142518	0.0	0.956111	-0.42463500000000004	-0.8388629999999999	0.361886	
0	0.954992	0.10465899999999999	0.277555	0.0	-0.29184	0.16400399999999998	0.942301	0.0	0.0531004	-0.980892	0.187166	0.0	-2.3147	-1.48245	-0.633737	0.353823	-0.917767	0.382348	-0.107302	0.0	0.042627	-0.17379	-0.9838600000000001	0.0	-0.394825	-0.9075280000000001	0.1432	0.0	0.982664	-0.43453500000000006	-0.784725	0.362396	
0	0.960844	0.08651299999999999	0.263237	0.0	-0.274461	0.16661600000000001	0.9470540000000001	0.0	0.038072800000000004	-0.9822190000000001	0.183837	0.0	-2.43526	-1.48423	-0.6171439999999999	0.352607	-0.918641	0.378746	-0.112477	0.0	0.0467156	-0.178562	-0.982819	0.0	-0.392322	-0.908112	0.14634	0.0	1.00064	-0.436222	-0.716389	0.36275100000000005	
0	0.963067	0.09235499999999999	0.252927	0.0	-0.265279	0.164479	0.950039	0.0	0.0461395	-0.9820469999999999	0.18290499999999998	0.0	-2.55094	-1.49174	-0.6346569999999999	0.352759	-0.917475	0.38100100000000003	-0.11436199999999999	0.0	0.050063199999999995	-0.174612	-0.9833639999999999	0.0	-0.394631	-0.9079370000000001	0.141128	0.0	1.00623	-0.393835	-0.676377	0.362871	
0	0.9629610000000001	0.0949861	0.25235599999999997	0.0	-0.265192	0.164326	0.95009	0.0	0.0487767	-0.981822	0.183429	0.0	-2.55927	-1.49254	-0.643463	0.352721	-0.9172680000000001	0.381474	-0.114445	0.0	0.050368699999999995	-0.17393499999999998	-0.983468	0.0	-0.395073	-0.907868	0.14032999999999998	0.0	1.00769	-0.385826	-0.681481	0.362861	
0	0.973024	0.126125	0.193178	0.0	-0.21249099999999999	0.163846	0.9633290000000001	0.0	0.08984810000000001	-0.97839	0.186227	0.0	-2.61715	-1.4428299999999998	-0.631633	0.352431	-0.9142129999999999	0.38793099999999997	-0.117147	0.0	0.0501765	-0.17849600000000002	-0.982661	0.0	-0.402115	-0.9042389999999999	0.143718	0.0	1.0539	-0.287641	-0.601658	0.362237	
0	0.97288	0.124778	0.194768	0.0	-0.21383600000000003	0.164123	0.9629840000000001	0.0	0.08819289999999999	-0.9785159999999999	0.186354	0.0	-2.61692	-1.44534	-0.633321	0.35242199999999996	-0.9141950000000001	0.388126	-0.116649	0.0	0.0500004	-0.177612	-0.98283	0.0	-0.402179	-0.90433	0.142965	0.0	1.05174	-0.290566	-0.606166	0.362194	
0	0.972884	0.12470099999999999	0.194798	0.0	-0.21385300000000002	0.16414	0.9629770000000001	0.0	0.08811000000000001	-0.9785229999999999	0.186357	0.0	-2.61679	-1.44611	-0.6339779999999999	0.352426	-0.914192	0.388137	-0.11663599999999999	0.0	0.0500001	-0.17757699999999998	-0.982836	0.0	-0.402187	-0.904332	0.142933	0.0	1.0513299999999999	-0.29124099999999997	-0.607297	0.362197	
0	0.972884	0.12470099999999999	0.194798	0.0	-0.21385300000000002	0.16414	0.9629770000000001	0.0	0.0881102	-0.9785229999999999	0.186357	0.0	-2.61679	-1.44611	-0.6339779999999999	0.35242399999999996	-0.914191	0.388137	-0.11663599999999999	0.0	0.0500001	-0.17757699999999998	-0.982836	0.0	-0.402187	-0.904332	0.142933	0.0	1.0513299999999999	-0.29124099999999997	-0.607297	0.362198	
0	0.972884	0.12470099999999999	0.194798	0.0	-0.21385300000000002	0.16414	0.9629770000000001	0.0	0.0881102	-0.9785229999999999	0.186357	0.0	-2.61679	-1.44611	-0.6339779999999999	0.352425	-0.914192	0.388137	-0.11663599999999999	0.0	0.0500001	-0.17757799999999999	-0.982836	0.0	-0.402187	-0.904332	0.142933	0.0	1.0513299999999999	-0.29124099999999997	-0.607298	0.362198	
0	0.972884	0.12470099999999999	0.194798	0.0	-0.21385300000000002	0.16414	0.9629770000000001	0.0	0.0881102	-0.9785229999999999	0.186357	0.0	-2.61679	-1.44611	-0.6339779999999999	0.352425	-0.914192	0.388137	-0.11663599999999999	0.0	0.050000199999999995	-0.17757799999999999	-0.982836	0.0	-0.402187	-0.904332	0.142933	0.0	1.0513299999999999	-0.29124099999999997	-0.607297	0.362198	
0	0.972884	0.12470099999999999	0.194798	0.0	-0.21385300000000002	0.16414	0.9629770000000001	0.0	0.0881102	-0.9785229999999999	0.186357	0.0	-2.61679	-1.44611	-0.6339779999999999	0.352425	-0.914191	0.388137	-0.11663599999999999	0.0	0.0500001	-0.17757699999999998	-0.982836	0.0	-0.402187	-0.904332	0.142933	0.0	1.0513299999999999	-0.29124099999999997	-0.607298	0.362198	
0	0.972884	0.12470099999999999	0.194798	0.0	-0.21385300000000002	0.16414	0.9629770000000001	0.0	0.0881102	-0.9785229999999999	0.186357	0.0	-2.61679	-1.44612	-0.6339779999999999	0.352425	-0.914192	0.388137	-0.11663599999999999	0.0	0.0500001	-0.17757799999999999	-0.982836	0.0	-0.402187	-0.904332	0.142933	0.0	1.0513299999999999	-0.29124099999999997	-0.607298	0.362198	
0	0.972884	0.12470099999999999	0.194798	0.0	-0.21385300000000002	0.16414	0.9629770000000001	0.0	0.0881102	-0.9785229999999999	0.186357	0.0	-2.61679	-1.44611	-0.6339779999999999	0.352426	-0.914191	0.388137	-0.11663599999999999	0.0	0.0500001	-0.17757699999999998	-0.982836	0.0	-0.402187	-0.904332	0.142933	0.0	1.0513299999999999	-0.29124099999999997	-0.607297	0.362198	
0	0.972884	0.12470099999999999	0.194798	0.0	-0.21385300000000002	0.16414	0.9629770000000001	0.0	0.0881102	-0.9785229999999999	0.186357	0.0	-2.61679	-1.44611	-0.6339779999999999	0.35242399999999996	-0.914191	0.388137	-0.11663599999999999	0.0	0.050000199999999995	-0.17757699999999998	-0.982836	0.0	-0.402187	-0.904332	0.142933	0.0	1.0513299999999999	-0.29124099999999997	-0.607297	0.362198	
0	0.9774129999999999	0.203013	0.0587385	0.0	-0.0541332	-0.028168099999999998	0.998136	0.0	0.204289	-0.978771	-0.0165421	0.0	-2.45247	-1.98994	-1.03039	0.351077	-0.89528	0.383656	-0.226458	0.0	0.193467	-0.123071	-0.9733569999999999	0.0	-0.401304	-0.9152389999999999	0.0359574	0.0	0.8899370000000001	-0.5264979999999999	-0.843824	0.362809	
0	0.9824120000000001	0.173985	0.06779299999999999	0.0	-0.06801900000000001	-0.00467019	0.9976729999999999	0.0	0.173897	-0.9847370000000001	0.00724622	0.0	-2.38468	-2.36665	-1.27166	0.350907	-0.897368	0.383471	-0.21835900000000003	0.0	0.18576600000000001	-0.120572	-0.975168	0.0	-0.400277	-0.9156489999999999	0.03696169999999999	0.0	0.818516	-0.663837	-1.03206	0.362361	
0	0.982777	0.15378	0.102478	0.0	-0.109404	0.0372496	0.9932989999999999	0.0	0.14893199999999998	-0.987403	0.0534321	0.0	-2.28344	-3.03497	-1.74385	0.35336300000000004	-0.889267	0.406931	-0.20883400000000002	0.0	0.165554	-0.139255	-0.9763200000000001	0.0	-0.42637600000000003	-0.902782	0.0564654	0.0	0.613438	-0.9176860000000001	-1.42103	0.36339	
0	0.982649	0.152552	0.105493	0.0	-0.113727	0.0462751	0.992434	0.0	0.146516	-0.9872120000000001	0.0628214	0.0	-2.2227	-3.19001	-1.87612	0.353242	-0.8882	0.40807	-0.21113800000000002	0.0	0.165304	-0.144947	-0.975533	0.0	-0.42868999999999996	-0.9013709999999999	0.061286099999999996	0.0	0.5298	-0.972673	-1.54056	0.363667	
0	0.984433	0.132625	0.11533399999999999	0.0	-0.12131700000000001	0.037926999999999995	0.9918889999999999	0.0	0.127175	-0.99044	0.0534263	0.0	-2.1855599999999997	-3.30471	-2.06184	0.352137	-0.885734	0.41121800000000003	-0.21535100000000001	0.0	0.16710899999999998	-0.150347	-0.9744079999999999	0.0	-0.433071	-0.8990530000000001	0.0644485	0.0	0.332795	-1.0023799999999998	-1.7175900000000002	0.363618	
0	0.985397	0.10786199999999999	0.131754	0.0	-0.137079	0.043511400000000006	0.989604	0.0	0.101008	-0.9932129999999999	0.0576616	0.0	-2.1646	-3.3612800000000003	-2.10724	0.35213	-0.884798	0.41459799999999997	-0.212698	0.0	0.16361900000000001	-0.15096600000000002	-0.9749040000000001	0.0	-0.436303	-0.897395	0.06573789999999999	0.0	0.237644	-0.967209	-1.78016	0.363645	
0	0.9882799999999999	0.0710501	0.13510999999999998	0.0	-0.139119	0.054856100000000005	0.9887549999999999	0.0	0.0628396	-0.9959629999999999	0.0640976	0.0	-2.15797	-3.40153	-2.11786	0.35094899999999996	-0.8866729999999999	0.41085900000000003	-0.212148	0.0	0.164216	-0.149097	-0.975092	0.0	-0.432255	-0.899425	0.0647308	0.0	0.19381199999999998	-0.9408110000000001	-1.81801	0.363705	
0	0.990706	0.0330912	0.131936	0.0	-0.13405699999999998	0.07322469999999999	0.988265	0.0	0.0230419	-0.996766	0.0769802	0.0	-2.16408	-3.4159599999999997	-2.1125599999999998	0.352023	-0.888342	0.40732399999999996	-0.21198000000000003	0.0	0.16866099999999998	-0.139933	-0.975691	0.0	-0.42708500000000005	-0.9025	0.05560880000000001	0.0	0.184633	-0.906099	-1.83047	0.36351300000000003	
0	0.992582	0.00580138	0.12144300000000001	0.0	-0.121486	0.0868487	0.988786	0.0	-0.00481082	-0.9962049999999999	0.0869091	0.0	-2.16891	-3.4138	-2.10663	0.35480100000000003	-0.892811	0.39736	-0.21211799999999997	0.0	0.173535	-0.131129	-0.976059	0.0	-0.415662	-0.9082459999999999	0.0481177	0.0	0.196847	-0.858558	-1.8268099999999998	0.363396	
0	0.9947799999999999	-0.0111898	0.101425	0.0	-0.09962739999999999	0.108384	0.9891040000000001	0.0	-0.0220607	-0.9940459999999999	0.10670299999999999	0.0	-2.18933	-3.40812	-2.0665299999999998	0.35733200000000004	-0.8951450000000001	0.392552	-0.21123000000000003	0.0	0.177189	-0.12148199999999999	-0.976651	0.0	-0.409047	-0.9116719999999999	0.0391883	0.0	0.242106	-0.8381940000000001	-1.82614	0.363551	
0	0.9978360000000001	-0.022772099999999997	0.06168150000000001	0.0	-0.0576455	0.14823499999999998	0.9872709999999999	0.0	-0.0316256	-0.98869	0.146601	0.0	-2.9676	-3.3810800000000003	-1.8131099999999998	0.35023899999999997	-0.8959870000000001	0.389142	-0.213954	0.0	0.183532	-0.11423299999999999	-0.976354	0.0	-0.404381	-0.914068	0.030930900000000004	0.0	0.305297	-0.816024	-1.8334400000000002	0.363336	
0	0.99759	-0.0445875	0.0531697	0.0	-0.046058	0.147642	0.9879680000000001	0.0	-0.0519011	-0.988035	0.145233	0.0	-3.24032	-3.34166	-1.81949	0.35065799999999997	-0.8965040000000001	0.387778	-0.21426399999999998	0.0	0.18482200000000001	-0.112186	-0.976348	0.0	-0.402644	-0.9149	0.0289051	0.0	0.33676100000000003	-0.810992	-1.84372	0.363236	
0	0.9985709999999999	-0.0500462	0.0187612	0.0	-0.0101957	0.166209	0.986038	0.0	-0.05246569999999999	-0.98482	0.165461	0.0	-3.35379	-3.2804599999999997	-1.6805400000000001	0.34987199999999996	-0.895059	0.389061	-0.21794899999999998	0.0	0.188417	-0.11303699999999998	-0.975562	0.0	-0.40419	-0.914251	0.027869	0.0	0.367291	-0.798924	-1.85727	0.363265	
0	0.998025	-0.057670400000000004	-0.024916999999999998	0.0	0.035469	0.189895	0.9811639999999999	0.0	-0.051852499999999996	-0.980109	0.191565	0.0	-3.4641900000000003	-3.23714	-1.57731	0.349691	-0.894651	0.389395	-0.219025	0.0	0.19017799999999999	-0.11168499999999999	-0.975376	0.0	-0.40426799999999996	-0.914275	0.025864799999999997	0.0	0.377211	-0.782088	-1.88133	0.36340700000000004	
0	0.997167	-0.06119840000000001	-0.0437318	0.0	0.0546698	0.190355	0.980192	0.0	-0.0516616	-0.979806	0.193161	0.0	-3.5012	-3.2316599999999998	-1.55718	0.348796	-0.8942209999999999	0.38998499999999997	-0.21973	0.0	0.19288	-0.107272	-0.975341	0.0	-0.40394	-0.914551	0.0207046	0.0	0.389754	-0.765648	-1.90113	0.363202	
0	0.99646	-0.0295781	-0.07869839999999999	0.0	0.08290750000000001	0.190374	0.9782049999999999	0.0	-0.0139513	-0.981266	0.192152	0.0	-3.57084	-3.25371	-1.57578	0.348412	-0.8930450000000001	0.390534	-0.223507	0.0	0.200415	-0.099506	-0.9746450000000001	0.0	-0.40287199999999995	-0.9151950000000001	0.0105941	0.0	0.424393	-0.699249	-1.8984400000000001	0.363063	
0	0.9961469999999999	-0.0019320999999999997	-0.08767589999999999	0.0	0.08643669999999999	0.190532	0.9778680000000001	0.0	0.014815700000000001	-0.9816790000000001	0.18996500000000002	0.0	-3.5148599999999997	-3.3140199999999997	-1.62576	0.348989	-0.891651	0.391943	-0.226581	0.0	0.20338	-0.100355	-0.973943	0.0	-0.404469	-0.9145	0.00976807	0.0	0.42846999999999996	-0.676852	-1.8876099999999998	0.363106	
0	0.9963209999999999	0.0184692	-0.0836908	0.0	0.07872260000000002	0.188834	0.978849	0.0	0.033882300000000004	-0.981835	0.186686	0.0	-3.4359	-3.38666	-1.72121	0.349199	-0.891375	0.391013	-0.22925900000000002	0.0	0.20618699999999998	-0.100643	-0.9733229999999999	0.0	-0.403656	-0.914866	0.00908852	0.0	0.43027200000000004	-0.6631520000000001	-1.87132	0.36320399999999997	
0	0.9954139999999999	0.0746572	-0.0598153	0.0	0.0470287	0.162599	0.9855709999999999	0.0	0.0833059	-0.983864	0.158343	0.0	-3.37981	-3.36354	-1.8322599999999998	0.35005	-0.891539	0.390162	-0.230069	0.0	0.20814000000000002	-0.09823380000000001	-0.9731540000000001	0.0	-0.40228800000000003	-0.9154909999999999	0.00637054	0.0	0.445453	-0.646504	-1.85588	0.363033	
0	0.994715	0.0910257	-0.0474921	0.0	0.0337149	0.14732	0.9885139999999999	0.0	0.0969767	-0.984891	0.143473	0.0	-3.3324599999999998	-3.34056	-1.87759	0.350578	-0.891308	0.390736	-0.22999099999999997	0.0	0.20855500000000002	-0.09708989999999999	-0.9731799999999999	0.0	-0.402586	-0.9153680000000001	0.00504696	0.0	0.44549799999999995	-0.6402720000000001	-1.85074	0.363055	
0	0.994226	0.10508900000000002	-0.0217107	0.0	0.00829026	0.126494	0.991933	0.0	0.10698699999999998	-0.9863850000000001	0.124893	0.0	-3.25811	-3.34825	-1.9794	0.350275	-0.889806	0.394812	-0.22884200000000002	0.0	0.20746199999999998	-0.09666849999999999	-0.973455	0.0	-0.406454	-0.9136620000000001	0.00410736	0.0	0.449399	-0.6389640000000001	-1.8531099999999998	0.362874	
0	0.993714	0.110991	-0.0145804	0.0	0.00121282	0.119564	0.992826	0.0	0.11193800000000001	-0.9866030000000001	0.11867799999999999	0.0	-3.23809	-3.3604	-1.98112	0.34968499999999997	-0.8888969999999999	0.396329	-0.22975	0.0	0.20774099999999998	-0.09825489999999999	-0.9732370000000001	0.0	-0.408296	-0.9128360000000001	0.00500476	0.0	0.44495200000000007	-0.641015	-1.85555	0.363063	
0	0.992231	0.12432	0.00473757	0.0	-0.019485299999999997	0.117682	0.9928600000000001	0.0	0.122874	-0.985239	0.11919	0.0	-3.22383	-3.4571	-2.07209	0.34937199999999996	-0.887558	0.398475	-0.231212	0.0	0.209842	-0.0971183	-0.9729	0.0	-0.410131	-0.9120229999999999	0.00258106	0.0	0.40580900000000003	-0.617466	-1.8472099999999998	0.362875	
0	0.990239	0.138856	0.0120415	0.0	-0.0288835	0.119923	0.9923629999999999	0.0	0.136351	-0.983025	0.12276300000000001	0.0	-3.20502	-3.4837599999999997	-2.0853099999999998	0.349643	-0.887324	0.39935	-0.230598	0.0	0.209693	-0.09594860000000001	-0.9730479999999999	0.0	-0.410713	-0.9117639999999999	0.0013966	0.0	0.395756	-0.5933390000000001	-1.8383900000000002	0.36275799999999997	
0	0.989331	0.14138199999999998	0.0351587	0.0	-0.05368869999999999	0.129466	0.990129	0.0	0.135435	-0.981453	0.135676	0.0	-3.21223	-3.53591	-2.10399	0.350302	-0.8874989999999999	0.399081	-0.23039	0.0	0.210538	-0.093565	-0.9730979999999999	0.0	-0.409901	-0.9121290000000001	-0.0009828810000000001	0.0	0.392233	-0.568366	-1.8523900000000002	0.36282	
0	0.986316	0.154156	0.0584573	0.0	-0.0833918	0.160607	0.983489	0.0	0.14222200000000002	-0.9749059999999999	0.171265	0.0	-3.20837	-3.60583	-2.09297	0.349159	-0.8873690000000001	0.400073	-0.229169	0.0	0.21113600000000002	-0.08926239999999999	-0.9733729999999999	0.0	-0.409876	-0.912126	-0.00526106	0.0	0.408427	-0.521403	-1.85844	0.36293400000000003	
0	0.9844799999999999	0.160152	0.0717736	0.0	-0.09916599999999999	0.170212	0.980405	0.0	0.144797	-0.972306	0.183452	0.0	-3.21351	-3.6048699999999996	-2.10091	0.351001	-0.886969	0.401465	-0.22828099999999998	0.0	0.21074400000000001	-0.08798810000000001	-0.9735729999999999	0.0	-0.410941	-0.911638	-0.00656378	0.0	0.416905	-0.519228	-1.88038	0.362747	
0	0.9784309999999999	0.174163	0.111088	0.0	-0.14586500000000002	0.201694	0.968526	0.0	0.146276	-0.9638399999999999	0.222748	0.0	-3.22527	-3.60132	-2.13401	0.35131599999999996	-0.8848870000000001	0.406154	-0.228066	0.0	0.210221	-0.08870549999999999	-0.973621	0.0	-0.415671	-0.909489	-0.00688797	0.0	0.428174	-0.5012449999999999	-1.9373	0.362883	
0	0.973551	0.17888900000000002	0.14211500000000002	0.0	-0.17996900000000002	0.217271	0.959377	0.0	0.140744	-0.9595790000000001	0.24371900000000002	0.0	-3.2319299999999997	-3.59862	-2.15181	0.351551	-0.883346	0.40997700000000004	-0.2272	0.0	0.209271	-0.0887696	-0.97382	0.0	-0.419412	-0.907766	-0.00738233	0.0	0.412933	-0.492726	-1.95507	0.362799	
0	0.966231	0.186856	0.177432	0.0	-0.218908	0.232012	0.94776	0.0	0.135928	-0.9545969999999999	0.26508200000000004	0.0	-3.23809	-3.59726	-2.1696299999999997	0.35163	-0.8818959999999999	0.41331	-0.226791	0.0	0.209033	-0.0883805	-0.973907	0.0	-0.42257	-0.906291	-0.00845331	0.0	0.40319299999999997	-0.472181	-1.96016	0.362792	
0	0.9569469999999999	0.184277	0.224264	0.0	-0.264874	0.23838800000000002	0.934351	0.0	0.118718	-0.953527	0.276935	0.0	-3.2362900000000003	-3.5973800000000002	-2.18012	0.35146700000000003	-0.88082	0.416415	-0.225289	0.0	0.20801999999999998	-0.0870724	-0.974241	0.0	-0.42530500000000004	-0.9049959999999999	-0.00992757	0.0	0.394955	-0.44928199999999996	-1.9537099999999998	0.362833	
0	0.952199	0.18925899999999998	0.239787	0.0	-0.282471	0.246646	0.927026	0.0	0.11630499999999999	-0.9504459999999999	0.28831599999999996	0.0	-3.23829	-3.59639	-2.193	0.349995	-0.8803979999999999	0.41815	-0.223719	0.0	0.20686999999999997	-0.0858715	-0.974593	0.0	-0.426737	-0.9043100000000001	-0.0109014	0.0	0.390513	-0.43913100000000005	-1.95668	0.362722	
0	0.9370879999999999	0.200418	0.285828	0.0	-0.33016999999999996	0.242929	0.912126	0.0	0.113371	-0.9491149999999999	0.29381799999999997	0.0	-3.22064	-3.5977	-2.1975599999999997	0.35002	-0.878532	0.42358500000000004	-0.22081399999999998	0.0	0.20621	-0.08067039999999999	-0.9751770000000001	0.0	-0.430883	-0.902257	-0.0164762	0.0	0.38335199999999997	-0.409896	-1.9700400000000002	0.362757	
0	0.9123950000000001	0.205366	0.354063	0.0	-0.392966	0.197489	0.8980959999999999	0.0	0.114515	-0.9585520000000001	0.26089	0.0	-3.21798	-3.6017	-2.1764099999999997	0.344369	-0.8712290000000001	0.44159499999999996	-0.21436799999999998	0.0	0.20591900000000002	-0.0676408	-0.9762280000000001	0.0	-0.44559799999999994	-0.894661	-0.0320021	0.0	0.373571	-0.367548	-2.00595	0.36293800000000004	
0	0.9000809999999999	0.197355	0.388466	0.0	-0.422559	0.177874	0.88871	0.0	0.106294	-0.96406	0.243496	0.0	-3.21476	-3.6007300000000004	-2.1771700000000003	0.32682100000000003	-0.8684430000000001	0.44796800000000003	-0.21244200000000002	0.0	0.208094	-0.059575	-0.9762930000000001	0.0	-0.450004	-0.8920629999999999	-0.041482	0.0	0.36198	-0.337877	-2.04454	0.36277800000000004	
0	0.893749	0.197588	0.40270500000000004	0.0	-0.433383	0.14875	0.888849	0.0	0.11572400000000001	-0.968934	0.218577	0.0	-3.21549	-3.6010000000000004	-2.17654	0.300536	-0.8680690000000001	0.449825	-0.21003400000000003	0.0	0.20696900000000001	-0.056641	-0.976707	0.0	-0.451243	-0.8913190000000001	-0.0439315	0.0	0.362082	-0.334934	-2.0659799999999997	0.362764	
0	0.875175	0.18359	0.44761999999999996	0.0	-0.467542	0.083051	0.8800610000000001	0.0	0.124395	-0.9794879999999999	0.15852	0.0	-3.22655	-3.6113199999999996	-2.1225099999999997	0.28991100000000003	-0.86324	0.460264	-0.207302	0.0	0.213227	-0.039762099999999995	-0.976193	0.0	-0.457549	-0.886891	-0.0638164	0.0	0.382404	-0.306421	-2.1243	0.362638	
0	0.867441	0.169595	0.467743	0.0	-0.48040200000000005	0.0408754	0.8760959999999999	0.0	0.12946300000000002	-0.9846659999999999	0.116931	0.0	-3.23198	-3.61709	-2.09627	0.281167	-0.857569	0.46963	-0.209817	0.0	0.222477	-0.029126299999999997	-0.9745030000000001	0.0	-0.463767	-0.882383	-0.0795043	0.0	0.41427600000000003	-0.27011399999999997	-2.19148	0.362767	
0	0.8647790000000001	0.16224	0.47522200000000003	0.0	-0.48531	0.026981599999999998	0.873926	0.0	0.12896300000000002	-0.986382	0.10207000000000001	0.0	-3.2321	-3.61941	-2.08702	0.27876	-0.854234	0.47463	-0.21215799999999999	0.0	0.226564	-0.0274327	-0.9736100000000001	0.0	-0.46792399999999995	-0.879758	-0.0841002	0.0	0.423913	-0.256704	-2.22004	0.362741	
0	0.854517	0.153488	0.49622799999999995	0.0	-0.501595	-0.00430962	0.865092	0.0	0.13492	-0.9881409999999999	0.0733061	0.0	-3.2410900000000002	-3.6257099999999998	-2.0676099999999997	0.276654	-0.845196	0.488868	-0.215991	0.0	0.23765	-0.018216299999999998	-0.9711799999999999	0.0	-0.478713	-0.872168	-0.100783	0.0	0.400595	-0.169286	-2.26475	0.36281599999999997	
0	0.8496469999999999	0.143893	0.5073409999999999	0.0	-0.511108	-0.012242399999999999	0.8594290000000001	0.0	0.129877	-0.989518	0.06314299999999999	0.0	-3.23905	-3.6242300000000003	-2.05545	0.280169	-0.8388030000000001	0.49863100000000005	-0.218581	0.0	0.244346	-0.0139877	-0.9695870000000001	0.0	-0.486523	-0.8667020000000001	-0.110106	0.0	0.394771	-0.127281	-2.3102	0.362614	
0	0.8385540000000001	0.14151	0.52612	0.0	-0.528041	-0.026704200000000004	0.848799	0.0	0.134163	-0.989577	0.052329999999999995	0.0	-3.25668	-3.6227300000000002	-2.04087	0.294477	-0.8344020000000001	0.506458	-0.217425	0.0	0.24964699999999998	-0.00440651	-0.968327	0.0	-0.491375	-0.8622540000000001	-0.122759	0.0	0.38727	-0.07383189999999999	-2.3492900000000003	0.36251300000000003	
0	0.838881	0.139632	0.5261	0.0	-0.527796	-0.027636400000000002	0.8489209999999999	0.0	0.133076	-0.989818	0.0505136	0.0	-3.25599	-3.62239	-2.03885	0.294066	-0.83405	0.507128	-0.21721300000000002	0.0	0.250183	-0.00323254	-0.9681930000000001	0.0	-0.4917	-0.861865	-0.124179	0.0	0.38374899999999995	-0.060343600000000004	-2.35043	0.36235500000000004	
0	0.829233	0.143543	0.5401560000000001	0.0	-0.538326	-0.054696400000000006	0.84096	0.0	0.150258	-0.988131	0.031916700000000006	0.0	-3.2741599999999997	-3.6173300000000004	-2.0258599999999998	0.29899000000000003	-0.829939	0.515029	-0.214351	0.0	0.25411999999999996	0.00698	-0.967147	0.0	-0.496613	-0.857144	-0.13667200000000002	0.0	0.377258	-0.0116752	-2.37143	0.362448	
0	0.8193219999999999	0.12187	0.560231	0.0	-0.5524789999999999	-0.0933235	0.8282860000000001	0.0	0.153226	-0.9881489999999999	-0.00913152	0.0	-3.19271	-3.5910800000000003	-1.9247299999999998	0.181107	-0.816327	0.538863	-0.207936	0.0	0.273472	0.043495599999999995	-0.9608959999999999	0.0	-0.5087470000000001	-0.8412700000000001	-0.182871	0.0	0.388231	0.160374	-2.45708	0.362681	
0	0.83088	0.11405499999999999	0.544637	0.0	-0.530213	-0.13473800000000002	0.83709	0.0	0.16885799999999998	-0.984295	-0.051477800000000004	0.0	-3.13455	-3.5861	-1.88372	0.14253	-0.811766	0.5474180000000001	-0.203397	0.0	0.279923	0.0590697	-0.9582040000000001	0.0	-0.512523	-0.834772	-0.201186	0.0	0.404443	0.222529	-2.49643	0.362252	
0	0.837149	0.10113	0.5375439999999999	0.0	-0.520324	-0.15578399999999998	0.8396389999999999	0.0	0.168654	-0.9826010000000001	-0.0777934	0.0	-3.1369599999999997	-3.5849300000000004	-1.8618599999999998	0.142451	-0.807413	0.554636	-0.201154	0.0	0.285567	0.0690427	-0.955868	0.0	-0.516271	-0.829224	-0.21413200000000002	0.0	0.416954	0.28208	-2.54645	0.362197	
0	0.835507	0.107181	0.538925	0.0	-0.52186	-0.15226099999999998	0.839332	0.0	0.172018	-0.982512	-0.07128129999999999	0.0	-3.14011	-3.58521	-1.86687	0.14244400000000002	-0.807238	0.5550229999999999	-0.200791	0.0	0.285499	0.0694336	-0.9558610000000001	0.0	-0.516583	-0.828932	-0.214508	0.0	0.416799	0.28763099999999997	-2.54601	0.362086	
0	0.8375	0.140202	0.528145	0.0	-0.515134	-0.11986199999999998	0.8486870000000001	0.0	0.182292	-0.982841	-0.028161400000000003	0.0	-3.1505900000000002	-3.58757	-1.90567	0.142381	-0.804465	0.560397	-0.196953	0.0	0.287532	0.0772452	-0.954651	0.0	-0.51977	-0.824614	-0.223273	0.0	0.43118500000000004	0.33211799999999997	-2.58053	0.362211	
0	0.8403290000000001	0.16051300000000002	0.517766	0.0	-0.505145	-0.114646	0.8553860000000001	0.0	0.196661	-0.980353	-0.015257499999999998	0.0	-3.12724	-3.58005	-1.91641	0.142348	-0.80177	0.564945	-0.194942	0.0	0.286535	0.0771277	-0.95496	0.0	-0.524465	-0.821516	-0.223715	0.0	0.42507799999999996	0.33246	-2.59341	0.362073	
0	0.8363889999999999	0.165139	0.5226689999999999	0.0	-0.508536	-0.122075	0.8523430000000001	0.0	0.20456	-0.9786860000000001	-0.018123	0.0	-3.10692	-3.5833699999999995	-1.89205	0.14215999999999998	-0.799635	0.568386	-0.193706	0.0	0.286029	0.0768911	-0.955131	0.0	-0.527989	-0.8191609999999999	-0.22405999999999998	0.0	0.42248800000000003	0.327368	-2.59665	0.36196100000000003	
0	0.834491	0.17507999999999999	0.522466	0.0	-0.5070279999999999	-0.12726700000000002	0.852482	0.0	0.215746	-0.9762940000000001	-0.0174326	0.0	-3.05327	-3.5726199999999997	-1.8547	0.14210899999999999	-0.797558	0.571731	-0.192418	0.0	0.285467	0.0767077	-0.955314	0.0	-0.531423	-0.8168479999999999	-0.22438899999999998	0.0	0.408494	0.320492	-2.59853	0.361954	
0	0.8374659999999999	0.18268900000000002	0.515048	0.0	-0.496601	-0.139003	0.856776	0.0	0.22811700000000001	-0.973295	-0.0256865	0.0	-2.98992	-3.5268699999999997	-1.8185799999999999	0.142028	-0.795505	0.575666	-0.189159	0.0	0.283104	0.0770882	-0.9559860000000001	0.0	-0.535746	-0.8140430000000001	-0.22429699999999997	0.0	0.388361	0.300873	-2.5963	0.36195700000000003	
0	0.84239	0.17044700000000002	0.511202	0.0	-0.488466	-0.15907000000000002	0.8579620000000001	0.0	0.227554	-0.9724430000000001	-0.0507417	0.0	-2.9292	-3.46935	-1.7849099999999998	0.142125	-0.794774	0.577861	-0.185502	0.0	0.28069099999999997	0.0789908	-0.956542	0.0	-0.538095	-0.812304	-0.22498	0.0	0.373744	0.281174	-2.59742	0.36195700000000003	
0	0.843066	0.17012	0.510195	0.0	-0.48659399999999997	-0.162753	0.8583350000000001	0.0	0.22905599999999998	-0.9718899999999999	-0.054432100000000004	0.0	-2.92956	-3.469	-1.7822200000000001	0.142077	-0.794741	0.578047	-0.185065	0.0	0.28070300000000004	0.0797079	-0.9564790000000001	0.0	-0.538139	-0.8121010000000001	-0.22560700000000003	0.0	0.372425	0.279441	-2.5985099999999997	0.36195900000000003	
0	0.850109	0.128771	0.51062	0.0	-0.477473	-0.220496	0.8505299999999999	0.0	0.222113	-0.96685	-0.125961	0.0	-2.91558	-3.17485	-1.7283400000000002	0.14188399999999998	-0.793672	0.580962	-0.18046900000000002	0.0	0.278063	0.082589	-0.9570059999999999	0.0	-0.541079	-0.8097300000000001	-0.227093	0.0	0.36248	0.258563	-2.61187	0.361633	
