3	0.593133	0.516197	-0.617846	0.0	0.677475	0.09462539999999998	0.729434	0.0	0.434996	-0.851226	-0.293586	0.0	-2.74903	1.9998799999999999	1.4528299999999998	-4.917380000000001e-06	-0.424335	0.671465	-0.607516	0.0	0.307632	-0.524107	-0.79415	0.0	-0.8516469999999999	-0.523877	0.0158328	0.0	2.65207	1.9725700000000002	1.6047799999999999	0.0023187	
3	0.43669300000000005	0.697941	-0.567606	0.0	0.375311	0.432071	0.820034	0.0	0.8175819999999999	-0.571132	-0.0732625	0.0	-2.8113200000000003	1.95112	1.4480899999999999	1.5974e-05	-0.42710200000000004	0.675663	-0.600885	0.0	0.29635100000000003	-0.523239	-0.798998	0.0	-0.85426	-0.5193270000000001	0.023243	0.0	2.67251	1.94225	1.60459	0.0	
3	0.37896599999999997	0.713807	-0.588951	0.0	0.277065	0.5197109999999999	0.808168	0.0	0.8829610000000001	-0.46944600000000003	-0.0008184310000000001	0.0	-2.7027099999999997	1.88547	1.57735	0.0	-0.435167	0.68161	-0.58825	0.0	0.271489	-0.5236069999999999	-0.807546	0.0	-0.8584430000000001	-0.511121	0.0428072	0.0	2.56587	1.9059	1.6947	0.181625	
3	0.392056	0.7278859999999999	-0.5625600000000001	0.0	0.282132	0.486913	0.82663	0.0	0.87561	-0.48280200000000006	-0.014462299999999999	0.0	-2.6714900000000004	1.90802	1.624	0.311301	-0.450485	0.682385	-0.5756859999999999	0.0	0.24145500000000003	-0.5276689999999999	-0.814411	0.0	-0.859513	-0.505881	0.0729418	0.0	2.52815	1.87477	1.7691	0.326599	
3	0.42819700000000005	0.707435	-0.562301	0.0	0.272397	0.49225	0.826735	0.0	0.8616540000000001	-0.507174	0.0180767	0.0	-2.66526	1.85332	1.6421400000000002	0.00314993	-0.43765	0.680476	-0.587721	0.0	0.22455100000000003	-0.550215	-0.804264	0.0	-0.870655	-0.48395900000000003	0.08799939999999999	0.0	2.4626200000000003	1.91012	1.86932	0.0	
3	0.436813	0.7088909999999999	-0.553776	0.0	0.25735399999999997	0.49140100000000003	0.8320420000000001	0.0	0.8619530000000001	-0.505963	0.032214299999999994	0.0	-2.74115	1.79015	1.6659400000000002	0.0	-0.434752	0.681267	-0.588953	0.0	0.204282	-0.562339	-0.801277	0.0	-0.877074	-0.46866899999999995	0.105308	0.0	2.44628	1.92167	1.92281	0.0	
3	0.427584	0.7249439999999999	-0.540026	0.0	0.25501799999999997	0.476391	0.8414379999999999	0.0	0.867259	-0.497501	0.0188234	0.0	-2.70692	1.7932400000000002	1.6854	0.0875183	-0.435925	0.688884	-0.579144	0.0	0.211229	-0.547216	-0.8098989999999999	0.0	-0.8748440000000001	-0.475387	0.0930324	0.0	2.4013299999999997	1.92745	2.02101	0.14697000000000002	
3	0.44917399999999996	0.748955	-0.487145	0.0	0.253853	0.415788	0.873315	0.0	0.8566219999999999	-0.515933	-0.00336313	0.0	-2.68836	1.73357	1.6980400000000002	0.305	-0.447374	0.691291	-0.567427	0.0	0.218204	-0.530918	-0.8188489999999999	0.0	-0.8673200000000001	-0.490146	0.086676	0.0	2.394	1.8741700000000001	2.04263	0.278229	
3	0.45851099999999995	0.7555189999999999	-0.46793	0.0	0.241506	0.400793	0.8837649999999999	0.0	0.855244	-0.518224	0.00130564	0.0	-2.6488400000000003	1.64445	1.69782	0.352311	-0.466308	0.6882229999999999	-0.555793	0.0	0.23396799999999998	-0.509961	-0.8277680000000001	0.0	-0.8531219999999999	-0.5160319999999999	0.0767764	0.0	2.38375	1.7682400000000003	2.0224599999999997	0.324351	
3	0.46355	0.756895	-0.460686	0.0	0.242233	0.391864	0.8875620000000001	0.0	0.852317	-0.5230229999999999	-0.00169584	0.0	-2.6281	1.57036	1.6962400000000002	0.35281799999999996	-0.48105600000000004	0.678838	-0.554765	0.0	0.24660900000000002	-0.502463	-0.828683	0.0	-0.84129	-0.535453	0.0743055	0.0	2.38448	1.72025	2.01293	0.33757800000000004	
3	0.480933	0.7505350000000001	-0.453211	0.0	0.238114	0.385679	0.8913770000000001	0.0	0.8438040000000001	-0.536609	0.00677291	0.0	-2.6414	1.5074299999999998	1.7092200000000002	0.352812	-0.478567	0.676801	-0.559388	0.0	0.248081	-0.506901	-0.825535	0.0	-0.842277	-0.5338470000000001	0.07468430000000001	0.0	2.38754	1.7097099999999998	2.03519	0.340025	
3	0.49068999999999996	0.746746	-0.448992	0.0	0.2339	0.383493	0.8934340000000001	0.0	0.839354	-0.5434180000000001	0.013512399999999999	0.0	-2.6470700000000003	1.4628700000000001	1.7117900000000001	0.35285700000000003	-0.481818	0.673508	-0.560571	0.0	0.24995799999999999	-0.5075069999999999	-0.8245950000000001	0.0	-0.839865	-0.537423	0.0761775	0.0	2.37339	1.6931599999999998	2.08257	0.342803	
3	0.510579	0.730445	-0.453607	0.0	0.229793	0.392445	0.890608	0.0	0.828556	-0.5589609999999999	0.03252290000000001	0.0	-2.65152	1.3443200000000002	1.7509700000000001	0.352623	-0.48468199999999995	0.669077	-0.5634	0.0	0.252364	-0.5097550000000001	-0.822473	0.0	-0.8374940000000001	-0.54082	0.078218	0.0	2.35854	1.67835	2.13225	0.343389	
3	0.512107	0.730016	-0.452574	0.0	0.226257	0.393646	0.890983	0.0	0.828585	-0.5586770000000001	0.0364176	0.0	-2.6499200000000003	1.3208799999999998	1.7674400000000001	0.35270799999999997	-0.48593500000000006	0.666137	-0.5657989999999999	0.0	0.254213	-0.511655	-0.820722	0.0	-0.8362069999999999	-0.542651	0.079291	0.0	2.35678	1.6746900000000002	2.14425	0.34421799999999997	
3	0.513217	0.7292390000000001	-0.45257	0.0	0.227831	0.392636	0.891027	0.0	0.827467	-0.5604	0.0353643	0.0	-2.6446400000000003	1.30492	1.78278	0.352854	-0.488259	0.6635300000000001	-0.56686	0.0	0.25677	-0.511571	-0.8199780000000001	0.0	-0.8340700000000001	-0.5459149999999999	0.07940470000000001	0.0	2.35354	1.6731	2.16634	0.347612	
3	0.518151	0.726376	-0.45155	0.0	0.228371	0.391283	0.891484	0.0	0.8242370000000001	-0.565044	0.0368601	0.0	-2.6418	1.30047	1.7881200000000002	0.35304800000000003	-0.49702399999999997	0.663652	-0.559046	0.0	0.260812	-0.500215	-0.8256889999999999	0.0	-0.827614	-0.556193	0.0755302	0.0	2.35887	1.63104	2.18147	0.35779099999999997	
3	0.5189520000000001	0.726371	-0.450636	0.0	0.228569	0.39007	0.891965	0.0	0.823677	-0.5658890000000001	0.0364016	0.0	-2.64255	1.30164	1.7885099999999998	0.35328200000000004	-0.497975	0.663511	-0.558368	0.0	0.26151399999999997	-0.49900500000000003	-0.826199	0.0	-0.8268200000000001	-0.557447	0.07497430000000001	0.0	2.35792	1.6254899999999999	2.1802799999999998	0.358763	
3	0.518993	0.726358	-0.450612	0.0	0.22856500000000002	0.390045	0.891977	0.0	0.8236530000000001	-0.565924	0.0364103	0.0	-2.64248	1.3016299999999998	1.78843	0.353285	-0.49797600000000003	0.663523	-0.5583520000000001	0.0	0.26151599999999997	-0.49898400000000004	-0.826211	0.0	-0.8268190000000001	-0.557451	0.07496019999999999	0.0	2.35791	1.62625	2.18036	0.358756	
3	0.518994	0.7263569999999999	-0.450612	0.0	0.22856500000000002	0.390044	0.891977	0.0	0.8236530000000001	-0.565925	0.0364106	0.0	-2.64248	1.3016299999999998	1.78843	0.353285	-0.49797700000000006	0.663523	-0.558351	0.0	0.261517	-0.498983	-0.826211	0.0	-0.826818	-0.5574520000000001	0.0749597	0.0	2.35791	1.62625	2.18037	0.358756	
3	0.518994	0.7263569999999999	-0.450612	0.0	0.22856500000000002	0.390044	0.891977	0.0	0.8236530000000001	-0.565925	0.0364104	0.0	-2.64248	1.3016299999999998	1.78843	0.353286	-0.49797700000000006	0.663523	-0.558351	0.0	0.26151599999999997	-0.49898400000000004	-0.826211	0.0	-0.826818	-0.5574520000000001	0.07495980000000001	0.0	2.35791	1.62625	2.18037	0.358756	
3	0.518994	0.7263569999999999	-0.450612	0.0	0.22856500000000002	0.390044	0.891977	0.0	0.8236530000000001	-0.565925	0.0364104	0.0	-2.64248	1.3016299999999998	1.78843	0.353286	-0.49797600000000003	0.663523	-0.558351	0.0	0.26151599999999997	-0.498983	-0.826211	0.0	-0.826818	-0.5574520000000001	0.07495980000000001	0.0	2.35791	1.62625	2.18037	0.358755	
3	0.518994	0.7263569999999999	-0.450612	0.0	0.22856500000000002	0.390044	0.891977	0.0	0.8236530000000001	-0.565925	0.0364104	0.0	-2.64248	1.3016299999999998	1.78843	0.353286	-0.49797700000000006	0.663523	-0.558351	0.0	0.26151599999999997	-0.49898400000000004	-0.826211	0.0	-0.826818	-0.5574520000000001	0.0749597	0.0	2.35791	1.62625	2.18037	0.358756	
3	0.518994	0.7263569999999999	-0.450612	0.0	0.22856500000000002	0.390044	0.891977	0.0	0.8236530000000001	-0.565925	0.0364104	0.0	-2.64248	1.3016299999999998	1.78843	0.353285	-0.49797700000000006	0.663523	-0.558351	0.0	0.26151599999999997	-0.49898400000000004	-0.826211	0.0	-0.826818	-0.5574520000000001	0.0749596	0.0	2.35791	1.62625	2.18037	0.358756	
3	0.518994	0.7263569999999999	-0.450612	0.0	0.22856500000000002	0.390044	0.891977	0.0	0.8236530000000001	-0.565925	0.0364104	0.0	-2.64248	1.3016299999999998	1.78843	0.353285	-0.49797700000000006	0.663523	-0.558351	0.0	0.26151599999999997	-0.49898400000000004	-0.826211	0.0	-0.826818	-0.5574520000000001	0.0749597	0.0	2.35791	1.62625	2.18037	0.358756	
3	0.518994	0.7263569999999999	-0.450612	0.0	0.22856500000000002	0.390044	0.891977	0.0	0.8236530000000001	-0.565925	0.0364104	0.0	-2.64248	1.3016299999999998	1.78843	0.353285	-0.49797700000000006	0.663523	-0.558351	0.0	0.26151599999999997	-0.49898400000000004	-0.826211	0.0	-0.826818	-0.5574520000000001	0.0749597	0.0	2.35791	1.62625	2.18037	0.358756	
3	0.518994	0.7263569999999999	-0.450612	0.0	0.22856500000000002	0.390044	0.891977	0.0	0.8236530000000001	-0.565925	0.0364103	0.0	-2.64248	1.3016299999999998	1.78843	0.353285	-0.49797700000000006	0.663523	-0.558351	0.0	0.26151599999999997	-0.498983	-0.826211	0.0	-0.826818	-0.5574520000000001	0.0749597	0.0	2.35791	1.62625	2.18037	0.358755	
3	0.518993	0.7263569999999999	-0.450612	0.0	0.22856500000000002	0.390044	0.891977	0.0	0.8236530000000001	-0.565925	0.0364102	0.0	-2.64248	1.3016299999999998	1.78843	0.353285	-0.49797700000000006	0.663523	-0.5583520000000001	0.0	0.26151599999999997	-0.49898400000000004	-0.826211	0.0	-0.826818	-0.5574520000000001	0.07495980000000001	0.0	2.35791	1.62625	2.18037	0.358755	
3	0.518994	0.7263569999999999	-0.450612	0.0	0.22856500000000002	0.390044	0.891977	0.0	0.8236530000000001	-0.565925	0.0364103	0.0	-2.64248	1.3016299999999998	1.78843	0.353285	-0.49797700000000006	0.663523	-0.558351	0.0	0.261517	-0.49898400000000004	-0.826211	0.0	-0.826818	-0.5574520000000001	0.0749596	0.0	2.35791	1.62625	2.18037	0.358756	
3	0.518993	0.7263569999999999	-0.450612	0.0	0.22856500000000002	0.390044	0.891977	0.0	0.8236530000000001	-0.565925	0.0364102	0.0	-2.64248	1.3016299999999998	1.78843	0.353285	-0.49797700000000006	0.663523	-0.558351	0.0	0.26151599999999997	-0.498983	-0.826211	0.0	-0.826818	-0.5574520000000001	0.07495980000000001	0.0	2.35791	1.62625	2.18037	0.358755	
3	0.518994	0.7263569999999999	-0.450612	0.0	0.22856500000000002	0.390044	0.891977	0.0	0.8236530000000001	-0.565925	0.0364103	0.0	-2.64248	1.3016299999999998	1.78843	0.353285	-0.49797700000000006	0.663523	-0.558351	0.0	0.26151599999999997	-0.498983	-0.826211	0.0	-0.826818	-0.5574520000000001	0.07495980000000001	0.0	2.35791	1.62625	2.18037	0.358755	
3	0.518993	0.7263569999999999	-0.450612	0.0	0.22856500000000002	0.390044	0.891977	0.0	0.8236530000000001	-0.565925	0.0364102	0.0	-2.64248	1.3016299999999998	1.78843	0.353285	-0.49797700000000006	0.663523	-0.558351	0.0	0.261517	-0.498983	-0.826211	0.0	-0.826818	-0.5574520000000001	0.0749596	0.0	2.35791	1.62625	2.18037	0.358756	
3	0.518994	0.7263569999999999	-0.450612	0.0	0.22856500000000002	0.390044	0.891977	0.0	0.8236530000000001	-0.565925	0.0364103	0.0	-2.64248	1.3016299999999998	1.78843	0.353285	-0.49797700000000006	0.663523	-0.558351	0.0	0.26151599999999997	-0.49898400000000004	-0.826211	0.0	-0.826818	-0.5574520000000001	0.0749597	0.0	2.35791	1.62625	2.18037	0.358756	
3	0.518994	0.7263569999999999	-0.450612	0.0	0.22856500000000002	0.390044	0.891977	0.0	0.8236530000000001	-0.565925	0.0364103	0.0	-2.64248	1.3016299999999998	1.78843	0.353285	-0.49797700000000006	0.663523	-0.558351	0.0	0.26151599999999997	-0.49898400000000004	-0.826211	0.0	-0.826818	-0.5574520000000001	0.07495980000000001	0.0	2.35791	1.62625	2.18037	0.358756	
3	0.518994	0.7263569999999999	-0.450612	0.0	0.22856500000000002	0.390044	0.891977	0.0	0.8236530000000001	-0.565925	0.0364102	0.0	-2.64248	1.3016299999999998	1.78843	0.353285	-0.49797700000000006	0.663523	-0.5583520000000001	0.0	0.261517	-0.49898400000000004	-0.826211	0.0	-0.826818	-0.5574520000000001	0.0749596	0.0	2.35791	1.62625	2.18037	0.358756	
3	0.518994	0.7263569999999999	-0.450612	0.0	0.22856500000000002	0.390044	0.891977	0.0	0.8236530000000001	-0.565925	0.0364102	0.0	-2.64248	1.3016299999999998	1.78843	0.353285	-0.49797700000000006	0.663523	-0.558351	0.0	0.26151599999999997	-0.498983	-0.826211	0.0	-0.826818	-0.5574520000000001	0.0749597	0.0	2.35791	1.62625	2.18037	0.358755	
3	0.8942889999999999	0.430594	-0.121802	0.0	0.1213	0.0287387	0.9922	0.0	0.43073599999999995	-0.9020879999999999	-0.026530200000000004	0.0	-2.53755	1.09217	1.50404	0.347692	-0.689982	0.521545	-0.501912	0.0	0.330096	-0.390385	-0.85944	0.0	-0.644176	-0.758677	0.09719850000000001	0.0	2.14542	1.52906	1.9852599999999998	0.35591	
3	0.8989959999999999	0.435433	-0.0469556	0.0	0.0347107	0.036037599999999996	0.998748	0.0	0.436579	-0.8995	0.0172835	0.0	-2.30632	0.754668	1.13491	0.347898	-0.703852	0.52952	-0.473498	0.0	0.30443000000000003	-0.377396	-0.874582	0.0	-0.6418050000000001	-0.759724	0.104429	0.0	1.8713400000000002	1.34841	1.6097700000000001	0.356059	
3	0.906366	0.42248900000000006	-0.00162646	0.0	-0.0219892	0.0510172	0.9984559999999999	0.0	0.42191999999999996	-0.9049309999999999	0.055530499999999997	0.0	-2.1371599999999997	0.44563800000000003	0.828982	0.346129	-0.699325	0.548125	-0.45880699999999996	0.0	0.278337	-0.382392	-0.8810819999999999	0.0	-0.658387	-0.743865	0.114852	0.0	1.59486	1.2031	1.25747	0.35758	
3	0.92955	0.36644299999999996	0.040708	0.0	-0.0735952	0.0762234	0.9943709999999999	0.0	0.361277	-0.9273129999999999	0.09782180000000001	0.0	-2.0021400000000003	0.140381	0.5752079999999999	0.348717	-0.705782	0.558894	-0.43532600000000005	0.0	0.258307	-0.369169	-0.8927440000000001	0.0	-0.659658	-0.742531	0.11618599999999998	0.0	1.35245	1.14891	0.962543	0.358034	
3	0.938224	0.33810500000000004	0.0736264	0.0	-0.111998	0.0953972	0.9891190000000001	0.0	0.32740199999999997	-0.936261	0.127371	0.0	-1.93809	-0.12004400000000001	0.399953	0.348294	-0.698821	0.574793	-0.42575	0.0	0.241995	-0.370128	-0.896908	0.0	-0.673118	-0.729807	0.119556	0.0	1.13869	1.13296	0.780431	0.358901	
3	0.944968	0.318806	0.0734749	0.0	-0.11207	0.10443699999999999	0.9881969999999999	0.0	0.30737	-0.942049	0.134418	0.0	-1.90615	-0.234136	0.319714	0.34891300000000003	-0.7046979999999999	0.577467	-0.41223000000000004	0.0	0.230001	-0.363706	-0.902673	0.0	-0.671194	-0.730924	0.123485	0.0	1.03884	1.1215	0.711727	0.359227	
3	0.9524299999999999	0.293104	0.0834669	0.0	-0.11980199999999999	0.10826	0.986878	0.0	0.28022199999999997	-0.949932	0.138225	0.0	-1.9042400000000002	-0.317331	0.222568	0.34796900000000003	-0.712064	0.576812	-0.400316	0.0	0.221863	-0.356092	-0.907731	0.0	-0.666139	-0.735178	0.12558699999999998	0.0	0.9445600000000001	1.10886	0.651419	0.359623	
3	0.9639409999999999	0.231717	0.130867	0.0	-0.1608	0.115326	0.980226	0.0	0.212042	-0.965923	0.148427	0.0	-1.9579400000000002	-0.585921	-0.109383	0.348456	-0.719569	0.576493	-0.38714	0.0	0.211594	-0.348967	-0.912935	0.0	-0.661399	-0.7388359999999999	0.12912300000000002	0.0	0.744099	1.16842	0.561034	0.35993400000000003	
3	0.964434	0.22763899999999998	0.13434400000000002	0.0	-0.16427999999999998	0.118039	0.979326	0.0	0.207075	-0.966565	0.15123699999999998	0.0	-1.96416	-0.598216	-0.128315	0.34892199999999995	-0.719843	0.5763739999999999	-0.386806	0.0	0.211502	-0.348627	-0.9130860000000001	0.0	-0.661131	-0.739089	0.129053	0.0	0.739274	1.1770100000000001	0.55899	0.359973	
3	0.966232	0.183013	0.18138900000000002	0.0	-0.205319	0.12149000000000001	0.971125	0.0	0.155691	-0.975575	0.15496300000000002	0.0	-1.99689	-0.8099390000000001	-0.40963299999999997	0.348384	-0.729801	0.5679420000000001	-0.38056799999999996	0.0	0.22646100000000002	-0.324409	-0.918409	0.0	-0.645062	-0.75644	0.10813699999999998	0.0	0.688705	1.28675	0.501426	0.359745	
3	0.9714860000000001	0.128299	0.199383	0.0	-0.215439	0.126558	0.968282	0.0	0.09899619999999999	-0.983627	0.15059	0.0	-2.02433	-0.987218	-0.5285449999999999	0.342599	-0.728614	0.5686680000000001	-0.381757	0.0	0.237402	-0.313139	-0.919557	0.0	-0.642465	-0.760632	0.0931541	0.0	0.693637	1.32638	0.470513	0.35985900000000004	
3	0.970686	0.0715637	0.229449	0.0	-0.23777199999999998	0.14644300000000002	0.960218	0.0	0.0351154	-0.986627	0.159166	0.0	-2.08475	-1.12468	-0.5966359999999999	0.334893	-0.7337090000000001	0.565739	-0.376312	0.0	0.247991	-0.292662	-0.923499	0.0	-0.632592	-0.7709010000000001	0.0744303	0.0	0.7252850000000001	1.34481	0.406856	0.359917	
3	0.9691870000000001	0.039725	0.24310199999999998	0.0	-0.246325	0.153953	0.956882	0.0	0.000585817	-0.9872790000000001	0.158995	0.0	-2.19007	-1.2609299999999999	-0.650595	0.334293	-0.747578	0.56271	-0.352825	0.0	0.24488800000000002	-0.260264	-0.933966	0.0	-0.617379	-0.784615	0.056767	0.0	0.77878	1.32276	0.350152	0.35981199999999997	
3	0.9678770000000001	0.034848500000000004	0.248998	0.0	-0.251373	0.1542	0.955528	0.0	-0.00509689	-0.987425	0.15800699999999998	0.0	-2.229	-1.30301	-0.6557109999999999	0.333599	-0.75581	0.547902	-0.358547	0.0	0.255533	-0.257351	-0.931919	0.0	-0.6028720000000001	-0.795974	0.054500900000000005	0.0	0.8325670000000001	1.28088	0.32621	0.359335	
3	0.971483	0.0382838	0.233998	0.0	-0.237107	0.153428	0.959291	0.0	0.0008234830000000001	-0.987418	0.15813	0.0	-2.39512	-1.44494	-0.755783	0.336316	-0.7551760000000001	0.5262760000000001	-0.390824	0.0	0.274829	-0.28709	-0.917632	0.0	-0.595129	-0.800383	0.07216710000000001	0.0	0.98714	1.02906	0.26723	0.359163	
3	0.974246	0.0515068	0.219527	0.0	-0.22493400000000002	0.153705	0.962175	0.0	0.0158161	-0.986773	0.161332	0.0	-2.42813	-1.4976	-0.717457	0.337044	-0.758517	0.516501	-0.397339	0.0	0.276807	-0.29662	-0.913999	0.0	-0.5899399999999999	-0.8032699999999999	0.08202000000000001	0.0	1.0393	0.866533	0.284941	0.359427	
3	0.976245	0.0626004	0.207427	0.0	-0.214916	0.158288	0.96372	0.0	0.0274959	-0.9854069999999999	0.167982	0.0	-2.4321200000000003	-1.51081	-0.690376	0.338125	-0.7557689999999999	0.5122399999999999	-0.407951	0.0	0.277308	-0.31400700000000004	-0.90802	0.0	-0.593224	-0.799381	0.0952683	0.0	1.0376	0.7542770000000001	0.33619299999999996	0.359723	
3	0.976669	0.06442919999999999	0.204857	0.0	-0.212754	0.160553	0.963825	0.0	0.029207999999999998	-0.984922	0.170515	0.0	-2.4302	-1.51247	-0.6887939999999999	0.337918	-0.7544489999999999	0.5122399999999999	-0.410387	0.0	0.275881	-0.31985399999999997	-0.9064120000000001	0.0	-0.595564	-0.79706	0.099996	0.0	1.03054	0.737366	0.358231	0.35974	
3	0.976669	0.06443009999999999	0.204857	0.0	-0.212754	0.160553	0.963825	0.0	0.0292089	-0.984922	0.170515	0.0	-2.4302	-1.51247	-0.6887979999999999	0.337917	-0.7544489999999999	0.5122399999999999	-0.410386	0.0	0.27588	-0.31985399999999997	-0.9064129999999999	0.0	-0.595565	-0.797059	0.09999630000000001	0.0	1.03054	0.737388	0.35820799999999997	0.359739	
3	0.976669	0.06443	0.204857	0.0	-0.212754	0.160553	0.963825	0.0	0.029208799999999997	-0.984922	0.170515	0.0	-2.4302	-1.51247	-0.6887989999999999	0.337917	-0.7544489999999999	0.5122399999999999	-0.410386	0.0	0.27588	-0.319853	-0.9064129999999999	0.0	-0.595564	-0.797059	0.0999962	0.0	1.03054	0.73739	0.35820599999999997	0.359739	
3	0.976669	0.06443	0.204857	0.0	-0.21275500000000003	0.160553	0.963825	0.0	0.029208799999999997	-0.984922	0.170515	0.0	-2.4302	-1.51247	-0.6887979999999999	0.337917	-0.7544489999999999	0.5122399999999999	-0.410386	0.0	0.27588	-0.319853	-0.9064129999999999	0.0	-0.595564	-0.79706	0.0999961	0.0	1.03054	0.73739	0.358207	0.359739	
3	0.976669	0.06443	0.204857	0.0	-0.21275500000000003	0.160553	0.963825	0.0	0.029208799999999997	-0.984922	0.170515	0.0	-2.4302099999999998	-1.51247	-0.6887989999999999	0.337917	-0.7544489999999999	0.5122399999999999	-0.410386	0.0	0.27588	-0.319853	-0.9064129999999999	0.0	-0.595564	-0.79706	0.099996	0.0	1.03054	0.73739	0.358207	0.359739	
3	0.976669	0.06443	0.204857	0.0	-0.21275500000000003	0.160553	0.963825	0.0	0.029208799999999997	-0.984922	0.170515	0.0	-2.4302099999999998	-1.51247	-0.6887989999999999	0.337917	-0.7544489999999999	0.5122399999999999	-0.410386	0.0	0.27588	-0.319853	-0.9064129999999999	0.0	-0.595564	-0.79706	0.099996	0.0	1.03054	0.73739	0.358207	0.359739	
3	0.976669	0.0644299	0.204857	0.0	-0.21275500000000003	0.160553	0.963825	0.0	0.029208799999999997	-0.984922	0.170515	0.0	-2.4302099999999998	-1.51247	-0.6887979999999999	0.337917	-0.7544489999999999	0.5122399999999999	-0.410386	0.0	0.27588	-0.319853	-0.9064129999999999	0.0	-0.595564	-0.79706	0.099996	0.0	1.03054	0.73739	0.358207	0.359739	
3	0.976669	0.06443	0.204857	0.0	-0.21275500000000003	0.160553	0.963825	0.0	0.029208799999999997	-0.984922	0.170515	0.0	-2.4302	-1.51247	-0.6887989999999999	0.337917	-0.7544489999999999	0.5122399999999999	-0.410386	0.0	0.27588	-0.319853	-0.9064129999999999	0.0	-0.595564	-0.79706	0.099996	0.0	1.03054	0.73739	0.358207	0.359739	
3	0.976669	0.06443	0.204857	0.0	-0.21275500000000003	0.160553	0.963825	0.0	0.029208799999999997	-0.984922	0.170515	0.0	-2.4302	-1.51247	-0.6887989999999999	0.337917	-0.7544489999999999	0.5122399999999999	-0.410386	0.0	0.27588	-0.319853	-0.9064129999999999	0.0	-0.595564	-0.79706	0.099996	0.0	1.03054	0.73739	0.35820599999999997	0.359739	
3	0.976669	0.06443	0.204857	0.0	-0.21275500000000003	0.160553	0.963825	0.0	0.029208799999999997	-0.984922	0.170515	0.0	-2.4302	-1.51247	-0.6887989999999999	0.337917	-0.7544489999999999	0.5122399999999999	-0.410386	0.0	0.27588	-0.319853	-0.9064129999999999	0.0	-0.595564	-0.79706	0.099996	0.0	1.03054	0.73739	0.358207	0.359739	
3	0.976669	0.0644299	0.204857	0.0	-0.212754	0.160553	0.963825	0.0	0.029208799999999997	-0.984922	0.170515	0.0	-2.4302	-1.51247	-0.6887979999999999	0.337917	-0.7544489999999999	0.5122399999999999	-0.410386	0.0	0.27588	-0.319853	-0.9064129999999999	0.0	-0.595564	-0.79706	0.099996	0.0	1.03054	0.73739	0.358207	0.359739	
3	0.976669	0.06443	0.204857	0.0	-0.21275500000000003	0.160553	0.963825	0.0	0.029208799999999997	-0.984922	0.170515	0.0	-2.4302	-1.51247	-0.6887989999999999	0.337917	-0.7544489999999999	0.5122399999999999	-0.410386	0.0	0.27588	-0.319853	-0.9064129999999999	0.0	-0.595564	-0.79706	0.099996	0.0	1.03054	0.73739	0.358207	0.359739	
3	0.9932690000000001	0.10925599999999999	0.0384666	0.0	-0.0395463	0.00773125	0.999188	0.0	0.10887000000000001	-0.993984	0.011999899999999999	0.0	-2.4212	-1.6042	-0.799054	0.344459	-0.804646	0.420625	-0.41907	0.0	0.31156999999999996	-0.301699	-0.901056	0.0	-0.50544	-0.8556010000000001	0.111706	0.0	0.969892	0.67704	0.34892399999999996	0.359676	
3	0.9887299999999999	0.149547	-0.00698724	0.0	0.0135375	-0.0428278	0.998991	0.0	0.149097	-0.987827	-0.044369599999999995	0.0	-2.41055	-1.814	-1.02692	0.348785	-0.807032	0.426992	-0.407894	0.0	0.298081	-0.301712	-0.905603	0.0	-0.5097520000000001	-0.8524360000000001	0.11621300000000001	0.0	0.855858	0.503035	0.15634800000000001	0.35983200000000004	
3	0.986426	0.16161	0.0290816	0.0	-0.0279257	-0.00941963	0.999566	0.0	0.161814	-0.9868100000000001	-0.00477869	0.0	-2.37606	-2.47707	-1.57115	0.349575	-0.818738	0.43460299999999996	-0.375218	0.0	0.263588	-0.296063	-0.9180780000000001	0.0	-0.510088	-0.850568	0.127842	0.0	0.48735	0.167256	-0.346977	0.360584	
3	0.984927	0.163726	0.0557937	0.0	-0.05692040000000001	0.00219487	0.998376	0.0	0.16333699999999998	-0.986504	0.011481100000000001	0.0	-2.32718	-2.6951099999999997	-1.75256	0.351084	-0.814058	0.448995	-0.368392	0.0	0.256685	-0.29084499999999996	-0.921695	0.0	-0.520982	-0.844874	0.12151400000000001	0.0	0.342776	0.114166	-0.539637	0.360665	
3	0.984842	0.137425	0.105834	0.0	-0.105705	-0.00825371	0.9943629999999999	0.0	0.137524	-0.9904780000000001	0.00639794	0.0	-2.36132	-3.04414	-2.1007700000000002	0.351093	-0.8062600000000001	0.47690699999999997	-0.350008	0.0	0.23186199999999998	-0.289563	-0.928651	0.0	-0.544229	-0.829888	0.122886	0.0	0.0050336999999999995	0.137229	-0.897202	0.360908	
3	0.985282	0.13328199999999998	0.10703299999999999	0.0	-0.106608	-0.0103441	0.9942469999999999	0.0	0.133622	-0.991024	0.004017	0.0	-2.3689299999999998	-3.0626	-2.12164	0.35048	-0.805847	0.478351	-0.348987	0.0	0.23100199999999999	-0.288706	-0.929132	0.0	-0.5452060000000001	-0.829355	0.122153	0.0	-0.0187396	0.142241	-0.922034	0.36075100000000004	
3	0.985511	0.0904198	0.143504	0.0	-0.144963	0.0097525	0.989389	0.0	0.08806080000000001	-0.995856	0.0227187	0.0	-2.37241	-3.11762	-2.15804	0.349418	-0.807612	0.490263	-0.327727	0.0	0.21659499999999998	-0.270294	-0.938098	0.0	-0.5484979999999999	-0.8286030000000001	0.112104	0.0	-0.270065	0.265924	-1.16903	0.36091100000000004	
3	0.9852569999999999	0.08873539999999999	0.146267	0.0	-0.148108	0.0144924	0.988865	0.0	0.0856275	-0.99595	0.0274211	0.0	-2.37232	-3.1176	-2.1583799999999997	0.350385	-0.805463	0.49634799999999996	-0.323833	0.0	0.219446	-0.257793	-0.94095	0.0	-0.55052	-0.8289639999999999	0.0987211	0.0	-0.290572	0.311774	-1.23173	0.36051500000000003	
3	0.9883129999999999	0.061644399999999995	0.139417	0.0	-0.139761	0.00128192	0.990185	0.0	0.0608606	-0.9980979999999999	0.00988243	0.0	-2.36706	-3.12332	-2.15579	0.349204	-0.8051699999999999	0.499105	-0.320306	0.0	0.22169499999999998	-0.24763000000000002	-0.943149	0.0	-0.550048	-0.830406	0.0887355	0.0	-0.319103	0.397921	-1.28292	0.360862	
3	0.991237	0.064042	0.115531	0.0	-0.11568699999999998	-0.00128127	0.9932850000000001	0.0	0.06375990000000001	-0.9979459999999999	0.00613876	0.0	-2.36524	-3.1231400000000002	-2.1589400000000003	0.348767	-0.80742	0.49632200000000004	-0.318963	0.0	0.22356399999999998	-0.242925	-0.943931	0.0	-0.545978	-0.833458	0.0851828	0.0	-0.322594	0.419285	-1.29898	0.360354	
3	0.9929530000000001	0.0494606	0.107695	0.0	-0.10745199999999999	-0.00755011	0.994182	0.0	0.04998590000000001	-0.998748	-0.00218227	0.0	-2.36213	-3.12641	-2.1581200000000003	0.34833800000000004	-0.80723	0.496604	-0.319006	0.0	0.224322	-0.24179499999999998	-0.944042	0.0	-0.545949	-0.833619	0.083785	0.0	-0.322921	0.425088	-1.30335	0.360404	
3	0.993991	0.0415142	0.101288	0.0	-0.099569	-0.0415694	0.9941620000000001	0.0	0.0454823	-0.998273	-0.037186000000000004	0.0	-2.36247	-3.12415	-2.1250400000000003	0.348331	-0.804247	0.500818	-0.319949	0.0	0.222813	-0.244996	-0.943574	0.0	-0.550945	-0.830155	0.0854489	0.0	-0.31957399999999997	0.420519	-1.3086200000000001	0.36034099999999997	
3	0.995058	0.0324107	0.09386110000000002	0.0	-0.0909308	-0.0823937	0.9924430000000001	0.0	0.039899300000000006	-0.996073	-0.0790393	0.0	-2.3620099999999997	-3.1282099999999997	-2.09102	0.347738	-0.80574	0.49900600000000006	-0.319025	0.0	0.223861	-0.2421	-0.9440729999999999	0.0	-0.548334	-0.832094	0.08336189999999999	0.0	-0.32548699999999997	0.42299	-1.30556	0.36023099999999997	
3	0.997475	0.0378538	0.06008669999999999	0.0	-0.0609427	0.021878900000000003	0.9979020000000001	0.0	0.0364597	-0.999044	0.0241306	0.0	-2.3839	-3.11266	-1.9444299999999999	0.348581	-0.80447	0.5016430000000001	-0.318092	0.0	0.225154	-0.238027	-0.944801	0.0	-0.549667	-0.831684	0.0785384	0.0	-0.319264	0.43421499999999996	-1.32428	0.36023099999999997	
3	0.9993340000000001	0.0224753	0.0287622	0.0	-0.0307952	0.0960703	0.994898	0.0	0.0195974	-0.9951209999999999	0.09669839999999999	0.0	-3.04088	-3.03009	-1.6694099999999998	0.349823	-0.8037270000000001	0.503506	-0.317025	0.0	0.224189	-0.237279	-0.945219	0.0	-0.551147	-0.8307709999999999	0.077827	0.0	-0.314646	0.43432299999999996	-1.3454	0.360214	
3	0.999705	0.0239157	0.004277899999999999	0.0	-0.00684517	0.108319	0.994093	0.0	0.023311000000000002	-0.993828	0.108451	0.0	-3.30586	-2.84422	-1.4416799999999999	0.347815	-0.801917	0.507304	-0.31555	0.0	0.22489299999999998	-0.23299899999999998	-0.946116	0.0	-0.553491	-0.8296709999999999	0.0727569	0.0	-0.307708	0.45896800000000004	-1.41509	0.360137	
3	0.9994649999999999	0.0326708	0.00137564	0.0	-0.00490902	0.108319	0.9941040000000001	0.0	0.0323292	-0.9935790000000001	0.108421	0.0	-3.26135	-2.7861700000000003	-1.36947	0.347642	-0.800801	0.5096689999999999	-0.314571	0.0	0.22570300000000001	-0.229698	-0.94673	0.0	-0.554775	-0.829142	0.0689082	0.0	-0.315637	0.48306099999999996	-1.42244	0.359951	
3	0.999668	0.024689	-0.00731828	0.0	0.00505787	0.0904052	0.995892	0.0	0.025249200000000003	-0.995599	0.0902504	0.0	-3.24973	-2.57992	-1.22261	0.347356	-0.7960189999999999	0.517199	-0.31442	0.0	0.222742	-0.23270300000000002	-0.9466969999999999	0.0	-0.562797	-0.823623	0.0700337	0.0	-0.354423	0.489155	-1.43943	0.360163	
3	0.9995440000000001	0.0288557	-0.00886178	0.0	0.00631415	0.087212	0.9961700000000001	0.0	0.029518	-0.9957719999999999	0.08699	0.0	-3.2456400000000003	-2.55512	-1.20369	0.34722600000000003	-0.795478	0.518087	-0.314325	0.0	0.222286	-0.23307199999999997	-0.9467129999999999	0.0	-0.56374	-0.82296	0.07024	0.0	-0.360641	0.49025100000000005	-1.44089	0.360162	
3	0.9996889999999999	0.023212299999999998	0.00907154	0.0	-0.0105742	0.0654543	0.9978	0.0	0.0225674	-0.9975860000000001	0.0656794	0.0	-3.2198900000000004	-2.46444	-1.13468	0.347396	-0.792782	0.520225	-0.317589	0.0	0.22457399999999997	-0.235087	-0.945675	0.0	-0.566625	-0.8210360000000001	0.06954400000000001	0.0	-0.386236	0.492533	-1.45333	0.360165	
3	0.9984719999999999	0.0520571	0.0185431	0.0	-0.0217861	0.062437	0.997811	0.0	0.0507853	-0.996691	0.0634757	0.0	-3.23515	-2.48997	-1.12275	0.347628	-0.7919229999999999	0.519638	-0.320677	0.0	0.227692	-0.235992	-0.9447030000000001	0.0	-0.566581	-0.821148	0.0685697	0.0	-0.401106	0.5105430000000001	-1.4663	0.359975	
3	0.997798	0.062463300000000006	0.0223157	0.0	-0.024816900000000003	0.039556400000000005	0.998909	0.0	0.0615124	-0.9972629999999999	0.041019400000000004	0.0	-3.20315	-2.53344	-1.1442	0.346918	-0.792097	0.519351	-0.320713	0.0	0.228089	-0.23551799999999998	-0.9447260000000001	0.0	-0.566178	-0.821466	0.0680944	0.0	-0.41292700000000004	0.5287	-1.4616200000000001	0.35981399999999997	
3	0.992974	0.11231400000000001	0.0372496	0.0	-0.0397954	0.020509599999999996	0.9989969999999999	0.0	0.11143800000000001	-0.993461	0.024835	0.0	-3.10521	-2.6387099999999997	-1.2828600000000001	0.34728600000000004	-0.791738	0.518991	-0.32218	0.0	0.22932399999999997	-0.236317	-0.944227	0.0	-0.566182	-0.821464	0.06808360000000001	0.0	-0.424001	0.5299159999999999	-1.4421899999999999	0.359829	
3	0.9868379999999999	0.149385	0.06192430000000001	0.0	-0.0661182	0.0232684	0.997541	0.0	0.14757699999999999	-0.988505	0.0328392	0.0	-2.97655	-2.7561400000000003	-1.39441	0.3478	-0.791166	0.5190819999999999	-0.323435	0.0	0.230494	-0.236779	-0.9438270000000001	0.0	-0.5665060000000001	-0.8212729999999999	0.0676863	0.0	-0.42513999999999996	0.540863	-1.44679	0.35993600000000003	
3	0.9790280000000001	0.185886	0.0833745	0.0	-0.0886221	0.020087200000000003	0.9958629999999999	0.0	0.183443	-0.982366	0.036139599999999994	0.0	-2.88315	-2.87258	-1.5329899999999999	0.348605	-0.790859	0.519563	-0.323414	0.0	0.231327	-0.23546799999999998	-0.943951	0.0	-0.566596	-0.8213459999999999	0.0660331	0.0	-0.421886	0.5431189999999999	-1.46082	0.359914	
3	0.976044	0.197497	0.09128610000000001	0.0	-0.0961694	0.0152571	0.9952479999999999	0.0	0.195166	-0.9801850000000001	0.0338848	0.0	-2.84272	-2.92445	-1.60496	0.347873	-0.790244	0.521208	-0.322267	0.0	0.231332	-0.23325100000000001	-0.9445	0.0	-0.56745	-0.8209360000000001	0.0637529	0.0	-0.42443800000000004	0.545721	-1.47048	0.359766	
3	0.966986	0.225187	0.11928499999999999	0.0	-0.125711	0.014362799999999998	0.9919629999999999	0.0	0.221664	-0.97421	0.0421972	0.0	-2.73705	-3.0586	-1.7397	0.347516	-0.7900739999999999	0.521003	-0.32301599999999997	0.0	0.230504	-0.23576999999999998	-0.944077	0.0	-0.568025	-0.8203459999999999	0.0661818	0.0	-0.459575	0.537773	-1.4611399999999999	0.36002399999999996	
3	0.963635	0.2259	0.142745	0.0	-0.14888900000000002	0.0103088	0.9888	0.0	0.22189899999999999	-0.974096	0.043568	0.0	-2.6989400000000003	-3.11843	-1.7848099999999998	0.348597	-0.792817	0.5174850000000001	-0.321948	0.0	0.23229	-0.231805	-0.9446209999999999	0.0	-0.5634560000000001	-0.8236969999999999	0.06357180000000001	0.0	-0.443701	0.5487270000000001	-1.4592399999999999	0.36002	
3	0.962741	0.21820799999999999	0.159735	0.0	-0.165234	0.00706745	0.9862290000000001	0.0	0.214074	-0.975877	0.0428596	0.0	-2.68437	-3.17132	-1.8014599999999998	0.347833	-0.793086	0.5177689999999999	-0.320827	0.0	0.234055	-0.22722699999999998	-0.9452969999999999	0.0	-0.562346	-0.824793	0.0590242	0.0	-0.43615600000000004	0.561656	-1.4594	0.35992399999999997	
3	0.9677030000000001	0.174716	0.181727	0.0	-0.189451	0.0284545	0.9814780000000001	0.0	0.16630899999999998	-0.984208	0.0606356	0.0	-2.70105	-3.2817	-1.78708	0.346746	-0.7933979999999999	0.516977	-0.321331	0.0	0.236652	-0.224388	-0.9453280000000001	0.0	-0.560816	-0.826066	0.055684800000000007	0.0	-0.42339499999999997	0.588346	-1.44965	0.36008	
3	0.965865	0.172499	0.193259	0.0	-0.19825299999999998	0.012034999999999999	0.9800770000000001	0.0	0.166736	-0.984936	0.0458225	0.0	-2.7082900000000003	-3.32364	-1.78795	0.35235700000000003	-0.793327	0.517254	-0.321063	0.0	0.236761	-0.223726	-0.945458	0.0	-0.560872	-0.8260719999999999	0.0550221	0.0	-0.41852	0.599791	-1.44975	0.359955	
3	0.9673719999999999	0.17393	0.184227	0.0	-0.196777	0.057753399999999996	0.9787459999999999	0.0	0.159593	-0.9830629999999999	0.09009450000000001	0.0	-2.73535	-3.4076800000000005	-1.7891599999999999	0.346563	-0.79189	0.5183270000000001	-0.322872	0.0	0.238335	-0.224458	-0.944889	0.0	-0.562233	-0.8252	0.0542107	0.0	-0.416551	0.615128	-1.4611	0.360011	
3	0.965409	0.17996099999999998	0.188677	0.0	-0.21330900000000003	0.128968	0.968435	0.0	0.149947	-0.975183	0.162895	0.0	-2.87541	-3.6030900000000003	-1.8057	0.348408	-0.787954	0.522558	-0.325671	0.0	0.240499	-0.22570700000000002	-0.9440430000000001	0.0	-0.566823	-0.8221860000000001	0.052172	0.0	-0.43111099999999997	0.6760970000000001	-1.49058	0.35994899999999996	
3	0.964881	0.17863099999999998	0.192601	0.0	-0.21913000000000002	0.143002	0.965159	0.0	0.14486500000000002	-0.973469	0.177123	0.0	-2.87399	-3.6106599999999998	-1.818	0.348831	-0.786775	0.524284	-0.325748	0.0	0.240938	-0.225018	-0.944095	0.0	-0.5682729999999999	-0.821276	0.0507182	0.0	-0.438641	0.6911930000000001	-1.48854	0.35991799999999996	
3	0.9647309999999999	0.179706	0.192353	0.0	-0.22224699999999997	0.164452	0.9610209999999999	0.0	0.141069	-0.969877	0.19859100000000002	0.0	-2.87281	-3.6067199999999997	-1.8353400000000002	0.351906	-0.784457	0.52594	-0.328656	0.0	0.243592	-0.226052	-0.943167	0.0	-0.570343	-0.819932	0.049212599999999995	0.0	-0.45401099999999994	0.7144590000000001	-1.47907	0.35987199999999997	
3	0.964598	0.178537	0.194101	0.0	-0.224005	0.166228	0.960307	0.0	0.139185	-0.9697899999999999	0.200337	0.0	-2.87298	-3.60618	-1.83602	0.352546	-0.784222	0.5262220000000001	-0.328764	0.0	0.24397600000000003	-0.22565900000000003	-0.9431620000000001	0.0	-0.570501	-0.819859	0.048581099999999995	0.0	-0.454351	0.718717	-1.4789	0.359861	
3	0.961152	0.18453	0.205271	0.0	-0.237215	0.171988	0.956111	0.0	0.141127	-0.9676610000000001	0.20908000000000002	0.0	-2.87683	-3.6054	-1.8385	0.353669	-0.782311	0.529032	-0.328807	0.0	0.246961	-0.221179	-0.9434459999999999	0.0	-0.571839	-0.8192709999999999	0.0423801	0.0	-0.45661899999999994	0.738259	-1.4834	0.359865	
3	0.958931	0.18048499999999998	0.21880500000000003	0.0	-0.248781	0.164688	0.954456	0.0	0.136231	-0.969692	0.202825	0.0	-2.87878	-3.60659	-1.8405900000000002	0.340977	-0.776742	0.538562	-0.326533	0.0	0.25619000000000003	-0.203451	-0.944973	0.0	-0.57536	-0.817655	0.0200543	0.0	-0.435924	0.787061	-1.50771	0.359633	
3	0.958609	0.180322	0.220347	0.0	-0.250136	0.163655	0.9542790000000001	0.0	0.136017	-0.9698969999999999	0.201987	0.0	-2.8789599999999997	-3.60689	-1.8408799999999998	0.340154	-0.775544	0.540062	-0.326901	0.0	0.257631	-0.201982	-0.944896	0.0	-0.576331	-0.817029	0.017509200000000003	0.0	-0.43386899999999995	0.7906270000000001	-1.51439	0.359716	
3	0.9601290000000001	0.16733900000000002	0.22394	0.0	-0.255817	0.202881	0.945197	0.0	0.11273499999999999	-0.964799	0.2376	0.0	-2.8759099999999997	-3.5959199999999996	-1.8468799999999999	0.249683	-0.766861	0.550902	-0.329289	0.0	0.268946	-0.19001500000000002	-0.944226	0.0	-0.582746	-0.812651	-0.00244808	0.0	-0.415789	0.8362	-1.58558	0.359808	
3	0.965192	0.153634	0.21166100000000002	0.0	-0.243169	0.229185	0.94252	0.0	0.09629349999999999	-0.961182	0.25856599999999996	0.0	-2.86757	-3.5880699999999996	-1.84779	0.160617	-0.762891	0.553385	-0.33431	0.0	0.27618200000000004	-0.188592	-0.942421	0.0	-0.58457	-0.811294	-0.00896007	0.0	-0.421703	0.888917	-1.59283	0.359865	
3	0.9654219999999999	0.14626199999999998	0.215797	0.0	-0.245473	0.23133099999999998	0.9413969999999999	0.0	0.0877701	-0.9618180000000001	0.259235	0.0	-2.86852	-3.5864	-1.84785	0.13465	-0.759392	0.556021	-0.337883	0.0	0.280857	-0.188302	-0.9410959999999999	0.0	-0.586893	-0.809558	-0.013167400000000001	0.0	-0.422508	0.914809	-1.6022100000000001	0.3599	
3	0.966599	0.133322	0.21889	0.0	-0.23884299999999997	0.158808	0.9579850000000001	0.0	0.0929587	-0.978267	0.185347	0.0	-2.83006	-3.5714599999999996	-1.82713	0.117926	-0.747698	0.567016	-0.345602	0.0	0.295969	-0.181335	-0.9378270000000001	0.0	-0.594433	-0.803499	-0.032235599999999996	0.0	-0.404643	0.9777969999999999	-1.6717	0.359641	
3	0.965621	0.134082	0.222706	0.0	-0.240463	0.135242	0.961191	0.0	0.09875969999999999	-0.981698	0.16283399999999998	0.0	-2.8164599999999997	-3.5677300000000005	-1.8211700000000002	0.11611500000000001	-0.743487	0.571626	-0.347088	0.0	0.301365	-0.176938	-0.936948	0.0	-0.596997	-0.8012090000000001	-0.0407166	0.0	-0.403279	1.01276	-1.67884	0.35967	
3	0.971633	0.12374	0.20153900000000002	0.0	-0.210961	0.06832830000000001	0.9751040000000001	0.0	0.10688900000000001	-0.989959	0.09249439999999999	0.0	-2.81005	-3.5594300000000003	-1.77673	0.11401199999999999	-0.731902	0.584805	-0.349747	0.0	0.31508800000000003	-0.164645	-0.934672	0.0	-0.6041850000000001	-0.794289	-0.06376180000000001	0.0	-0.38737	1.08075	-1.71288	0.359648	
3	0.97552	0.12523299999999998	0.180767	0.0	-0.188123	0.0495375	0.9808959999999999	0.0	0.11388599999999999	-0.9908899999999999	0.071884	0.0	-2.81743	-3.55824	-1.7569299999999999	0.11418900000000001	-0.72768	0.590375	-0.349198	0.0	0.321022	-0.156769	-0.9340069999999999	0.0	-0.606157	-0.791758	-0.0754457	0.0	-0.381646	1.1537600000000001	-1.7410299999999999	0.359725	
3	0.9773370000000001	0.11876700000000001	0.175232	0.0	-0.182753	0.0556205	0.981584	0.0	0.106834	-0.9913629999999999	0.07606510000000001	0.0	-2.81439	-3.5567900000000003	-1.7572599999999998	0.11379700000000001	-0.7258359999999999	0.593057	-0.34849	0.0	0.32514899999999997	-0.150645	-0.9335870000000001	0.0	-0.606169	-0.790942	-0.0834887	0.0	-0.37862199999999996	1.18425	-1.76865	0.359641	
3	0.979633	0.11953399999999999	0.161342	0.0	-0.169199	0.0587242	0.9838309999999999	0.0	0.108126	-0.991092	0.0777532	0.0	-2.81733	-3.55416	-1.7580799999999999	0.11360899999999999	-0.724341	0.595178	-0.347985	0.0	0.327275	-0.147412	-0.9333600000000001	0.0	-0.606812	-0.7899579999999999	-0.08801	0.0	-0.373519	1.19474	-1.78348	0.35963	
3	0.9830639999999999	0.11630499999999999	0.141625	0.0	-0.150203	0.0686039	0.9862719999999999	0.0	0.104993	-0.990841	0.0849115	0.0	-2.83281	-3.53555	-1.7979599999999998	0.112791	-0.721416	0.5987680000000001	-0.347901	0.0	0.331602	-0.142353	-0.9326180000000001	0.0	-0.607946	-0.78817	-0.09585700000000001	0.0	-0.368602	1.20072	-1.79447	0.359529	
3	0.985467	0.128275	0.111356	0.0	-0.122268	0.0805651	0.9892219999999999	0.0	0.117921	-0.988461	0.095078	0.0	-2.84253	-3.5177400000000003	-1.81175	0.10959100000000001	-0.72211	0.597851	-0.348039	0.0	0.333856	-0.139465	-0.93225	0.0	-0.6058859999999999	-0.7893819999999999	-0.09888739999999999	0.0	-0.360252	1.20376	-1.8034400000000002	0.359442	
3	0.988568	0.131487	0.0737855	0.0	-0.0969049	0.17917	0.979034	0.0	0.11551099999999999	-0.974992	0.189863	0.0	-2.82059	-3.37888	-1.8165	0.0005321130000000001	-0.720762	0.599329	-0.34829299999999996	0.0	0.338073	-0.134718	-0.931428	0.0	-0.6051529999999999	-0.789086	-0.105518	0.0	-0.35289899999999996	1.20276	-1.81277	0.35945900000000003	
