0	0.323887	0.7849619999999999	-0.528141	0.0	0.112142	0.5224439999999999	0.845267	0.0	0.939426	-0.332998	0.0811862	0.0	-2.8466299999999998	1.55319	1.5560100000000001	0.0	-0.235357	0.840714	-0.487654	0.0	0.192847	-0.451376	-0.871246	0.0	-0.952585	-0.29909600000000003	-0.0558946	0.0	2.72935	1.8822599999999998	1.64725	0.0	
0	0.323887	0.7849619999999999	-0.528141	0.0	0.112142	0.5224439999999999	0.845267	0.0	0.939426	-0.332998	0.0811862	0.0	-2.8466299999999998	1.55319	1.5560100000000001	0.0	-0.235357	0.840714	-0.487654	0.0	0.192847	-0.451376	-0.871246	0.0	-0.952585	-0.29909600000000003	-0.0558946	0.0	2.72935	1.8822599999999998	1.64725	0.0	
0	0.25496399999999997	0.8063020000000001	-0.533733	0.0	0.0840043	0.5314180000000001	0.842934	0.0	0.9632950000000001	-0.259754	0.06775969999999999	0.0	-2.71373	1.51399	1.5701100000000001	0.0	-0.21796300000000002	0.857621	-0.46580900000000003	0.0	0.15277000000000002	-0.44142	-0.8842	0.0	-0.9639260000000001	-0.263884	-0.0348056	0.0	2.65682	1.8741	1.6842	0.268217	
0	0.2663	0.824156	-0.49985100000000005	0.0	0.13555899999999999	0.4814	0.8659549999999999	0.0	0.95431	-0.298363	0.016475099999999996	0.0	-2.66076	1.53682	1.57613	0.347694	-0.239695	0.8533270000000001	-0.463012	0.0	0.167178	-0.433512	-0.8855049999999999	0.0	-0.9563459999999999	-0.28965599999999997	-0.0387466	0.0	2.58834	1.85808	1.71108	0.313053	
0	0.332164	0.785556	-0.5220819999999999	0.0	0.16129200000000002	0.498051	0.852015	0.0	0.9293290000000001	-0.367217	0.0387306	0.0	-2.6771700000000003	1.47245	1.59598	-0.00048828099999999997	-0.27417600000000003	0.796218	-0.5393180000000001	0.0	0.180909	-0.508093	-0.842089	0.0	-0.9445100000000001	-0.328448	-0.0047363	0.0	2.68803	1.72448	1.77836	0.0	
0	0.265993	0.8244790000000001	-0.499483	0.0	0.128876	0.48308199999999996	0.866038	0.0	0.9553209999999999	-0.294732	0.022240700000000002	0.0	-2.77643	1.46153	1.54227	0.0	-0.274751	0.787248	-0.552044	0.0	0.147724	-0.532762	-0.8332729999999999	0.0	-0.9501	-0.310492	0.030080900000000004	0.0	2.66529	1.6402700000000001	1.84457	0.0	
0	0.183075	0.84378	-0.504498	0.0	0.198468	0.470884	0.8595809999999999	0.0	0.962857	-0.257495	-0.08125650000000001	0.0	-2.7145799999999998	1.6754099999999998	1.45644	0.287754	-0.301007	0.8092020000000001	-0.504566	0.0	0.167006	-0.476196	-0.863334	0.0	-0.9388850000000001	-0.34413499999999997	0.00819671	0.0	2.6692299999999998	1.6293799999999998	1.89495	0.33355999999999997	
0	0.292096	0.78997	-0.539099	0.0	0.23329	0.487803	0.8412040000000001	0.0	0.9275	-0.371479	-0.0418066	0.0	-2.8188400000000002	1.57932	1.54025	-0.00048828099999999997	-0.313725	0.771252	-0.553847	0.0	0.193195	-0.519245	-0.8325030000000001	0.0	-0.929652	-0.368177	0.013897799999999998	0.0	2.72586	1.55059	1.9255799999999998	-0.000976563	
0	0.303967	0.807828	-0.5049939999999999	0.0	0.218085	0.45699700000000004	0.862318	0.0	0.927385	-0.372247	-0.0372631	0.0	-2.85563	1.52938	1.49929	0.0	-0.381098	0.769555	-0.512396	0.0	0.187862	-0.47820100000000004	-0.857923	0.0	-0.9052469999999999	-0.423212	0.0376714	0.0	2.7753799999999997	1.4311200000000002	1.97088	0.0	
0	0.4055	0.810344	-0.42298	0.0	0.260768	0.340953	0.9031889999999999	0.0	0.8761110000000001	-0.47654300000000005	-0.0730557	0.0	-2.83893	1.50955	1.51367	0.18274300000000002	-0.408231	0.787566	-0.461614	0.0	0.213061	-0.409504	-0.88708	0.0	-0.887667	-0.46048500000000003	-0.000627339	0.0	2.8012200000000003	1.3931799999999999	2.0228900000000003	0.337402	
0	0.581041	0.759546	-0.29237199999999997	0.0	0.23133299999999998	0.190289	0.954083	0.0	0.780305	-0.621997	-0.06514249999999999	0.0	-2.9609	1.29328	1.48726	0.327212	-0.479396	0.776892	-0.408188	0.0	0.21747800000000003	-0.345445	-0.912892	0.0	-0.850225	-0.526409	-0.00335199	0.0	2.7755099999999997	1.27989	2.08133	0.346143	
0	0.638202	0.740359	-0.211108	0.0	0.188979	0.11516900000000001	0.9752040000000001	0.0	0.746315	-0.662272	-0.0664109	0.0	-3.01867	1.1126	1.44072	0.346049	-0.595825	0.732598	-0.32907800000000004	0.0	0.235202	-0.23261300000000001	-0.943701	0.0	-0.7679010000000001	-0.63968	-0.033712400000000003	0.0	2.84911	1.0782	2.0468	0.360564	
0	0.736933	0.667117	-0.109016	0.0	0.0965076	0.0557876	0.993768	0.0	0.669042	-0.742861	-0.0232702	0.0	-3.05503	0.853914	1.43317	0.350943	-0.711592	0.651129	-0.263946	0.0	0.244504	-0.122695	-0.9618540000000001	0.0	-0.658676	-0.748984	-0.0718949	0.0	3.0003900000000003	0.835722	1.9157	0.361743	
0	0.795375	0.60334	-0.057970299999999995	0.0	0.051439599999999995	0.028105	0.998281	0.0	0.603932	-0.7969890000000001	-0.00868155	0.0	-3.13489	0.645522	1.3832	0.351312	-0.7877529999999999	0.573419	-0.225025	0.0	0.24224899999999996	-0.0474851	-0.969052	0.0	-0.566358	-0.8178850000000001	-0.101504	0.0	3.11745	0.643944	1.7796	0.362387	
0	0.834815	0.5505260000000001	0.00201324	0.0	-0.00734892	0.00748711	0.9999450000000001	0.0	0.550481	-0.834784	0.010296099999999999	0.0	-3.23336	0.45788	1.2861799999999999	0.35156	-0.849508	0.493266	-0.18715	0.0	0.215482	0.0006093380000000001	-0.976508	0.0	-0.48156400000000005	-0.869878	-0.10680799999999999	0.0	3.23552	0.423153	1.6363299999999998	0.362692	
0	0.8513069999999999	0.522108	0.0517601	0.0	-0.0587441	-0.00318167	0.998268	0.0	0.521368	-0.852874	0.027962200000000003	0.0	-3.26703	0.33405999999999997	1.19452	0.351632	-0.8928379999999999	0.420562	-0.161145	0.0	0.192384	0.0326254	-0.980777	0.0	-0.40721999999999997	-0.9066770000000001	-0.11003900000000001	0.0	3.3464199999999997	0.192047	1.51275	0.36241799999999996	
0	0.863964	0.48887200000000003	0.120708	0.0	-0.127861	-0.018875599999999996	0.991612	0.0	0.48705	-0.872152	0.0461999	0.0	-3.25902	0.183626	1.1293799999999998	0.351087	-0.917573	0.36815	-0.150083	0.0	0.176932	0.0400798	-0.9834069999999999	0.0	-0.356026	-0.928902	-0.101914	0.0	3.44158	-0.0163391	1.37679	0.362388	
0	0.870152	0.46283199999999997	0.169182	0.0	-0.177619	-0.025666200000000004	0.983765	0.0	0.45966	-0.886075	0.059874300000000005	0.0	-3.24898	0.06906269999999999	1.05762	0.351381	-0.929852	0.338827	-0.143425	0.0	0.16758399999999998	0.0429887	-0.98492	0.0	-0.327552	-0.939866	-0.0967552	0.0	3.5111800000000004	-0.10721199999999999	1.30592	0.36188200000000004	
0	0.864165	0.45908699999999997	0.206054	0.0	-0.21542600000000003	-0.0325444	0.975978	0.0	0.454765	-0.8877950000000001	0.07077539999999999	0.0	-3.2018400000000002	-0.0822561	0.9681350000000001	0.350837	-0.936434	0.31663	-0.151123	0.0	0.167141	0.0238876	-0.9856440000000001	0.0	-0.30847399999999997	-0.948249	-0.07529119999999999	0.0	3.5582599999999998	-0.219106	1.29414	0.361796	
0	0.860009	0.44896499999999995	0.24251799999999998	0.0	-0.253911	-0.0357355	0.966567	0.0	0.442622	-0.892834	0.0832642	0.0	-3.12879	-0.223566	0.869762	0.350598	-0.934422	0.323556	-0.148884	0.0	0.164116	0.0201488	-0.9862350000000001	0.0	-0.316103	-0.945994	-0.0719284	0.0	3.52227	-0.260892	1.2728700000000002	0.36177800000000004	
0	0.8501879999999999	0.429758	0.30411900000000003	0.0	-0.317801	-0.0416167	0.9472440000000001	0.0	0.419742	-0.901985	0.10119500000000001	0.0	-3.01824	-0.407411	0.680013	0.349546	-0.9279280000000001	0.340356	-0.152013	0.0	0.16278499999999999	0.00313944	-0.986657	0.0	-0.335337	-0.940291	-0.058318100000000005	0.0	3.4091	-0.255469	1.24081	0.361824	
0	0.845325	0.429403	0.317867	0.0	-0.334725	-0.0380418	0.9415479999999999	0.0	0.41639499999999996	-0.9023120000000001	0.111574	0.0	-2.95591	-0.46399300000000004	0.505768	0.349389	-0.926218	0.34642399999999995	-0.148698	0.0	0.159888	0.00377387	-0.9871280000000001	0.0	-0.341404	-0.9380709999999999	-0.05888480000000001	0.0	3.3688800000000003	-0.24314699999999997	1.22383	0.3621	
0	0.8457100000000001	0.416526	0.333588	0.0	-0.355902	-0.0255427	0.934174	0.0	0.39762800000000004	-0.9087649999999999	0.126641	0.0	-2.87547	-0.561789	0.274607	0.34837199999999996	-0.9252959999999999	0.348663	-0.149205	0.0	0.160071	0.00238544	-0.9871030000000001	0.0	-0.34381	-0.9372450000000001	-0.0580179	0.0	3.33605	-0.237114	1.22108	0.361848	
0	0.8415860000000001	0.412512	0.348664	0.0	-0.377931	-0.0114402	0.9257629999999999	0.0	0.385878	-0.9108799999999999	0.14627300000000001	0.0	-2.7805299999999997	-0.696882	0.0870875	0.34831599999999996	-0.9242799999999999	0.353429	-0.144206	0.0	0.156506	0.00630641	-0.987657	0.0	-0.348157	-0.9354399999999999	-0.061142999999999996	0.0	3.3050599999999997	-0.235932	1.2124	0.361685	
0	0.844026	0.404917	0.35165599999999997	0.0	-0.382938	-0.00404492	0.923765	0.0	0.37546999999999997	-0.9143450000000001	0.151644	0.0	-2.77177	-0.7960470000000001	0.020430200000000003	0.347987	-0.9239069999999999	0.355225	-0.14216800000000002	0.0	0.155221	0.00836056	-0.987844	0.0	-0.349719	-0.934743	-0.0628632	0.0	3.30019	-0.251282	1.2067700000000001	0.361533	
0	0.8417110000000001	0.41593900000000006	0.344264	0.0	-0.382311	0.00889018	0.923991	0.0	0.381264	-0.909349	0.166501	0.0	-2.77597	-0.800033	-0.0106153	0.348019	-0.9241719999999999	0.355529	-0.13966199999999998	0.0	0.153328	0.0104025	-0.9881209999999999	0.0	-0.349853	-0.934607	-0.0641264	0.0	3.29936	-0.26027100000000003	1.1977200000000001	0.361508	
0	0.8477290000000001	0.413338	0.332426	0.0	-0.37449	0.0225538	0.9269569999999999	0.0	0.37564899999999996	-0.9102979999999999	0.17391099999999998	0.0	-2.81691	-0.75168	0.036546300000000004	0.348445	-0.924791	0.35231799999999996	-0.143643	0.0	0.154699	0.00326723	-0.987956	0.0	-0.347605	-0.935875	-0.0575252	0.0	3.2973	-0.252241	1.18459	0.361707	
0	0.845584	0.42057799999999995	0.328789	0.0	-0.376879	0.0341066	0.9256340000000001	0.0	0.378087	-0.906615	0.187347	0.0	-2.83095	-0.711647	0.098439	0.348429	-0.9256639999999999	0.34779099999999996	-0.148953	0.0	0.15732000000000002	-0.0042302	-0.987539	0.0	-0.344087	-0.9375629999999999	-0.050798699999999995	0.0	3.2942699999999996	-0.239954	1.19641	0.361952	
0	0.8456	0.420534	0.328803	0.0	-0.37685	0.03402480000000001	0.9256489999999999	0.0	0.37808	-0.906639	0.18725	0.0	-2.8306400000000003	-0.7125779999999999	0.09715560000000001	0.348429	-0.9256559999999999	0.34784	-0.148891	0.0	0.15728599999999998	-0.00415123	-0.9875440000000001	0.0	-0.34412600000000004	-0.9375450000000001	-0.050868000000000003	0.0	3.29435	-0.240238	1.1961	0.361952	
0	0.8456	0.42053500000000005	0.328802	0.0	-0.37685	0.0340255	0.9256489999999999	0.0	0.37808	-0.9066379999999999	0.187251	0.0	-2.8306400000000003	-0.712579	0.09715089999999998	0.34843	-0.9256559999999999	0.34784	-0.148892	0.0	0.15728599999999998	-0.00415164	-0.9875440000000001	0.0	-0.34412600000000004	-0.9375450000000001	-0.0508679	0.0	3.2943599999999997	-0.24023699999999998	1.1961	0.361952	
0	0.8456	0.42053500000000005	0.328802	0.0	-0.37685	0.0340255	0.9256489999999999	0.0	0.37808	-0.9066379999999999	0.187251	0.0	-2.8306400000000003	-0.712579	0.09715080000000001	0.34843	-0.9256559999999999	0.34784	-0.148892	0.0	0.15728599999999998	-0.00415164	-0.9875440000000001	0.0	-0.34412600000000004	-0.9375450000000001	-0.0508679	0.0	3.2943599999999997	-0.240238	1.1961	0.361952	
0	0.8456	0.42053500000000005	0.328802	0.0	-0.37685	0.0340255	0.9256489999999999	0.0	0.37808	-0.9066379999999999	0.187251	0.0	-2.8306400000000003	-0.712579	0.09715080000000001	0.34843	-0.9256559999999999	0.34784	-0.148892	0.0	0.15728599999999998	-0.00415164	-0.9875440000000001	0.0	-0.34412600000000004	-0.9375450000000001	-0.0508679	0.0	3.2943599999999997	-0.24023699999999998	1.1961	0.361952	
0	0.8456	0.42053500000000005	0.328802	0.0	-0.37685	0.0340255	0.9256489999999999	0.0	0.37808	-0.9066379999999999	0.187251	0.0	-2.8306400000000003	-0.712579	0.097151	0.34843	-0.9256559999999999	0.34784	-0.148892	0.0	0.15728599999999998	-0.00415164	-0.9875440000000001	0.0	-0.34412600000000004	-0.9375450000000001	-0.0508679	0.0	3.2943599999999997	-0.240238	1.1961	0.361952	
0	0.8456	0.42053500000000005	0.328802	0.0	-0.37685	0.034025599999999996	0.9256489999999999	0.0	0.37808	-0.9066379999999999	0.187251	0.0	-2.8306400000000003	-0.712579	0.09715089999999998	0.34843	-0.9256559999999999	0.34784	-0.148892	0.0	0.15728599999999998	-0.00415164	-0.9875440000000001	0.0	-0.34412600000000004	-0.9375450000000001	-0.0508679	0.0	3.2943599999999997	-0.24023699999999998	1.1961	0.361952	
0	0.8456	0.42053500000000005	0.328802	0.0	-0.37685	0.0340255	0.9256489999999999	0.0	0.37808	-0.9066379999999999	0.187251	0.0	-2.8306400000000003	-0.712579	0.09715089999999998	0.34843	-0.9256559999999999	0.34784	-0.148892	0.0	0.15728599999999998	-0.00415164	-0.9875440000000001	0.0	-0.34412600000000004	-0.9375450000000001	-0.0508679	0.0	3.2943599999999997	-0.24023699999999998	1.1961	0.361952	
0	0.8456	0.42053500000000005	0.328802	0.0	-0.37685	0.0340255	0.9256489999999999	0.0	0.37808	-0.9066379999999999	0.187251	0.0	-2.8306400000000003	-0.712579	0.09715080000000001	0.34843	-0.9256559999999999	0.34784	-0.148892	0.0	0.15728599999999998	-0.00415164	-0.9875440000000001	0.0	-0.34412600000000004	-0.9375450000000001	-0.0508679	0.0	3.2943599999999997	-0.24023699999999998	1.1961	0.361952	
0	0.8456	0.42053500000000005	0.328802	0.0	-0.37685	0.0340255	0.9256489999999999	0.0	0.37808	-0.9066379999999999	0.187251	0.0	-2.8306400000000003	-0.712579	0.09715089999999998	0.34843	-0.9256559999999999	0.34784	-0.148892	0.0	0.15728599999999998	-0.00415164	-0.9875440000000001	0.0	-0.34412600000000004	-0.9375450000000001	-0.0508679	0.0	3.2943599999999997	-0.240238	1.1961	0.361952	
0	0.917417	0.294593	0.26750799999999997	0.0	-0.258009	-0.07142489999999999	0.963499	0.0	0.30294699999999997	-0.95295	0.0104815	0.0	-2.6390599999999997	-1.23165	-0.330047	0.347992	-0.9087649999999999	0.365886	-0.200684	0.0	0.210454	-0.0134408	-0.977512	0.0	-0.36035500000000004	-0.9305629999999999	-0.06478740000000001	0.0	3.21021	-0.252182	1.19216	0.362723	
0	0.92091	0.25595300000000004	0.293962	0.0	-0.29446700000000003	-0.037261199999999994	0.9549350000000001	0.0	0.255372	-0.9659709999999999	0.0410555	0.0	-2.54608	-1.6862099999999998	-0.675716	0.35030100000000003	-0.9058649999999999	0.373258	-0.20022	0.0	0.20813099999999998	-0.0194452	-0.977908	0.0	-0.36890500000000004	-0.927524	-0.060071900000000004	0.0	3.15088	-0.231094	1.17925	0.36292199999999997	
0	0.9109389999999999	0.23924	0.336086	0.0	-0.342563	-0.0152813	0.939371	0.0	0.22987	-0.9708399999999999	0.0680342	0.0	-2.5362	-2.20622	-1.0878	0.352496	-0.90275	0.381347	-0.199041	0.0	0.205558	-0.0240295	-0.97835	0.0	-0.377874	-0.92412	-0.0566966	0.0	3.05095	-0.22222199999999998	1.16619	0.36291100000000004	
0	0.9042110000000001	0.219651	0.366272	0.0	-0.37353400000000003	-0.00906076	0.927572	0.0	0.20706100000000002	-0.9755370000000001	0.0738544	0.0	-2.56485	-2.5813599999999997	-1.43341	0.351594	-0.902436	0.38205900000000004	-0.199097	0.0	0.20655900000000002	-0.0218524	-0.97819	0.0	-0.378077	-0.9238799999999999	-0.059197400000000004	0.0	2.9942	-0.21263200000000002	1.15935	0.363025	
0	0.8991129999999999	0.203745	0.387406	0.0	-0.395627	-0.000416033	0.9184110000000001	0.0	0.187283	-0.979024	0.0802329	0.0	-2.5621	-2.81377	-1.61947	0.350869	-0.9021319999999999	0.382471	-0.199683	0.0	0.20884	-0.0179012	-0.977786	0.0	-0.37755	-0.923794	-0.0637261	0.0	2.9763900000000003	-0.187326	1.1426399999999999	0.36288200000000004	
0	0.896164	0.17581	0.407409	0.0	-0.41499300000000006	0.00706583	0.909797	0.0	0.157072	-0.984399	0.0792918	0.0	-2.5944700000000003	-2.9835599999999998	-1.76436	0.350005	-0.901532	0.383617	-0.200197	0.0	0.21258200000000002	-0.0103258	-0.977089	0.0	-0.376895	-0.923435	-0.0722415	0.0	2.96581	-0.15027100000000002	1.1163399999999999	0.36277	
0	0.890159	0.14291500000000001	0.432658	0.0	-0.434313	-0.0210486	0.900516	0.0	0.137804	-0.989511	0.043333300000000005	0.0	-2.6345	-3.0774	-1.8196400000000001	0.34884	-0.9009309999999999	0.38304099999999996	-0.203969	0.0	0.21905500000000003	-0.0043329	-0.9757030000000001	0.0	-0.374618	-0.9237209999999999	-0.0800034	0.0	2.96411	-0.10903900000000001	1.11027	0.362682	
0	0.8848600000000001	0.12405699999999999	0.449035	0.0	-0.444536	-0.0634118	0.8935139999999999	0.0	0.13932	-0.990247	-0.000962878	0.0	-2.63947	-3.09016	-1.8072700000000002	0.346898	-0.899932	0.38421900000000003	-0.206152	0.0	0.222888	-0.000994623	-0.974844	0.0	-0.374759	-0.923241	-0.0847429	0.0	2.96919	-0.07534160000000001	1.1241	0.362588	
0	0.876347	0.111293	0.46864700000000004	0.0	-0.45817299999999994	-0.107635	0.8823219999999999	0.0	0.14864000000000002	-0.987942	-0.0433341	0.0	-2.64847	-3.10298	-1.7944	0.34525900000000004	-0.898892	0.385305	-0.208646	0.0	0.226147	0.000106394	-0.974093	0.0	-0.375301	-0.922789	-0.0872316	0.0	2.9649400000000004	-0.033041	1.13238	0.36256	
0	0.893141	0.104157	0.43755	0.0	-0.445028	0.06366759999999999	0.893251	0.0	0.06518020000000001	-0.9925209999999999	0.103217	0.0	-2.87118	-3.3425199999999995	-1.80372	0.350119	-0.897444	0.387909	-0.21004899999999999	0.0	0.229075	0.00288385	-0.973405	0.0	-0.376987	-0.921693	-0.09144830000000001	0.0	2.96691	-0.00103815	1.12745	0.362578	
0	0.8986350000000001	0.112095	0.42413500000000004	0.0	-0.437308	0.152	0.886373	0.0	0.0348891	-0.9820030000000001	0.185613	0.0	-3.0394799999999997	-3.5052800000000004	-1.83274	0.350433	-0.8967649999999999	0.38960100000000003	-0.209819	0.0	0.22981300000000002	0.00484532	-0.973223	0.0	-0.378152	-0.9209709999999999	-0.0938803	0.0	2.96192	0.0341346	1.12452	0.36249699999999996	
0	0.905935	0.125813	0.404292	0.0	-0.42153900000000005	0.178171	0.889135	0.0	0.0398314	-0.975923	0.214446	0.0	-3.03668	-3.47399	-1.7337099999999999	0.35036100000000003	-0.895869	0.392165	-0.208867	0.0	0.229161	0.00507933	-0.973375	0.0	-0.38066300000000003	-0.919881	-0.0944194	0.0	2.96243	0.0449239	1.1014899999999999	0.362414	
0	0.910668	0.133297	0.391044	0.0	-0.410893	0.193689	0.8908709999999999	0.0	0.0430091	-0.971965	0.23115700000000003	0.0	-3.03698	-3.3920199999999996	-1.64841	0.350444	-0.894437	0.395547	-0.208629	0.0	0.228915	0.00420427	-0.9734370000000001	0.0	-0.38416300000000003	-0.918436	-0.0943069	0.0	2.96201	0.046479599999999996	1.09332	0.36230999999999997	
0	0.912381	0.138952	0.38503699999999996	0.0	-0.406585	0.19861600000000001	0.891763	0.0	0.0474378	-0.9701770000000001	0.23771	0.0	-3.0314400000000004	-3.3289699999999995	-1.56785	0.350533	-0.892856	0.398868	-0.209076	0.0	0.22880100000000003	0.00189888	-0.9734709999999999	0.0	-0.38789	-0.917006	-0.09295700000000001	0.0	2.94475	0.043987599999999995	1.0917	0.36237199999999997	
0	0.9128959999999999	0.147362	0.380664	0.0	-0.403694	0.187884	0.895394	0.0	0.060426099999999996	-0.971074	0.231008	0.0	-3.06481	-3.2762	-1.50896	0.349446	-0.891933	0.40031	-0.21025500000000003	0.0	0.22991599999999998	0.00111759	-0.97321	0.0	-0.389351	-0.916379	-0.0930345	0.0	2.9357599999999997	0.047288	1.1003100000000001	0.362317	
0	0.904215	0.161965	0.395173	0.0	-0.418088	0.14685299999999998	0.896458	0.0	0.0871622	-0.975808	0.20050199999999999	0.0	-3.00433	-3.2572799999999997	-1.49286	0.34986999999999996	-0.889675	0.403114	-0.214423	0.0	0.235369	0.00248981	-0.9719030000000001	0.0	-0.391254	-0.9151459999999999	-0.0970957	0.0	2.9321099999999998	0.06109019999999999	1.09453	0.362129	
0	0.8997229999999999	0.161174	0.405613	0.0	-0.42616000000000004	0.12368499999999999	0.8961530000000001	0.0	0.0942684	-0.979145	0.17996800000000002	0.0	-2.93737	-3.3009800000000005	-1.51809	0.348867	-0.886122	0.408434	-0.21902199999999997	0.0	0.24202800000000002	0.00479639	-0.9702569999999999	0.0	-0.395235	-0.912776	-0.103103	0.0	2.9256599999999997	0.100646	1.08036	0.362077	
0	0.892415	0.163401	0.42058999999999996	0.0	-0.43934799999999996	0.10229400000000001	0.892474	0.0	0.102807	-0.9812420000000001	0.163079	0.0	-2.8938900000000003	-3.35491	-1.57844	0.34715100000000004	-0.883023	0.41298100000000004	-0.22297600000000004	0.0	0.24809099999999998	0.00743669	-0.968708	0.0	-0.3984	-0.91071	-0.109024	0.0	2.92288	0.139877	1.06568	0.36171	
0	0.88254	0.17244500000000001	0.43747700000000006	0.0	-0.454589	0.0748608	0.88755	0.0	0.120304	-0.9821700000000001	0.144459	0.0	-2.83452	-3.4532300000000005	-1.6899400000000002	0.34828600000000004	-0.8809309999999999	0.415959	-0.225698	0.0	0.25177	0.00810522	-0.9677530000000001	0.0	-0.40071599999999996	-0.9093469999999999	-0.11186600000000001	0.0	2.92371	0.161465	1.04576	0.36163	
0	0.8813989999999999	0.16261	0.443503	0.0	-0.458384	0.0676282	0.886177	0.0	0.11410799999999999	-0.9843700000000001	0.13414500000000001	0.0	-2.78823	-3.5425	-1.7720099999999999	0.348756	-0.8801479999999999	0.416677	-0.22742199999999999	0.0	0.253294	0.007047	-0.9673639999999999	0.0	-0.401475	-0.9090280000000001	-0.11174500000000001	0.0	2.92104	0.178431	1.04992	0.36183000000000004	
0	0.882019	0.15548199999999998	0.444824	0.0	-0.45897299999999996	0.0696984	0.885712	0.0	0.106709	-0.9853770000000001	0.132838	0.0	-2.73549	-3.60285	-1.76173	0.348356	-0.877116	0.420649	-0.23178200000000002	0.0	0.259337	0.00861943	-0.9657479999999999	0.0	-0.40424299999999996	-0.907183	-0.11665	0.0	2.91721	0.20135	1.0437100000000001	0.36175300000000005	
0	0.8813340000000001	0.146446	0.449225	0.0	-0.46114799999999995	0.0595097	0.885325	0.0	0.10291900000000001	-0.987427	0.11998099999999999	0.0	-2.7483	-3.6250199999999997	-1.7693400000000001	0.346961	-0.872452	0.427408	-0.236959	0.0	0.267938	0.012841299999999998	-0.9633510000000001	0.0	-0.40870100000000004	-0.903967	-0.125722	0.0	2.91062	0.241893	1.04102	0.361501	
0	0.880244	0.133917	0.455233	0.0	-0.46732399999999996	0.0781795	0.8806229999999999	0.0	0.08234	-0.9879040000000001	0.131399	0.0	-2.74895	-3.62163	-1.7702099999999998	0.336445	-0.8671260000000001	0.435238	-0.24220100000000003	0.0	0.276692	0.016578	-0.960816	0.0	-0.41416899999999995	-0.9001629999999999	-0.134802	0.0	2.90361	0.308366	1.04227	0.361402	
0	0.883101	0.12343399999999999	0.45265600000000006	0.0	-0.464343	0.09170160000000001	0.8808950000000001	0.0	0.06722339999999999	-0.988107	0.138298	0.0	-2.74655	-3.61944	-1.7706400000000002	0.332547	-0.860168	0.446395	-0.24666300000000002	0.0	0.286346	0.0224828	-0.9578629999999999	0.0	-0.42203900000000005	-0.8945540000000001	-0.147162	0.0	2.9091400000000003	0.35804899999999995	0.988618	0.36139	
0	0.881867	0.11059300000000001	0.458345	0.0	-0.46843	0.0947663	0.8784040000000001	0.0	0.0537096	-0.9893370000000001	0.135376	0.0	-2.7551	-3.6173800000000003	-1.7725	0.330479	-0.8543270000000001	0.454771	-0.251614	0.0	0.294296	0.0242569	-0.955407	0.0	-0.428388	-0.890278	-0.15456099999999998	0.0	2.9003799999999997	0.423368	0.985859	0.361294	
0	0.8853	0.0966107	0.454874	0.0	-0.46282	0.0879923	0.882075	0.0	0.0451924	-0.991425	0.12261300000000001	0.0	-2.84744	-3.6158699999999997	-1.78565	0.32918800000000004	-0.8504799999999999	0.460057	-0.255012	0.0	0.300133	0.026287400000000002	-0.953535	0.0	-0.431976	-0.8875	-0.160435	0.0	2.8944799999999997	0.45420600000000005	0.9915719999999999	0.361387	
0	0.8871459999999999	0.0871195	0.453191	0.0	-0.460143	0.0920268	0.8830629999999999	0.0	0.03522619999999999	-0.9919379999999999	0.12172899999999999	0.0	-2.91177	-3.61425	-1.78984	0.327334	-0.8456389999999999	0.46703500000000003	-0.258405	0.0	0.306396	0.028332799999999998	-0.951483	0.0	-0.437054	-0.883785	-0.16705699999999998	0.0	2.88573	0.48536	0.995014	0.361198	
0	0.8925799999999999	0.0758326	0.44446599999999997	0.0	-0.450301	0.0995843	0.8873059999999999	0.0	0.023024799999999998	-0.992135	0.12303399999999999	0.0	-3.02785	-3.58731	-1.87612	0.139149	-0.837577	0.47812200000000005	-0.264319	0.0	0.317735	0.032743	-0.947614	0.0	-0.44442	-0.877683	-0.17934	0.0	2.87922	0.53452	0.974565	0.358642	
0	0.901502	0.0882156	0.42368900000000004	0.0	-0.43083999999999995	0.0904458	0.897885	0.0	0.0408865	-0.9919870000000001	0.11954400000000001	0.0	-3.0626599999999997	-3.5850400000000002	-1.8753	0.123423	-0.831433	0.486501	-0.268393	0.0	0.3228	0.0297779	-0.9459989999999999	0.0	-0.45223800000000003	-0.873172	-0.181801	0.0	2.8426299999999998	0.557601	0.969427	0.350786	
0	0.911984	0.10616400000000001	0.39625	0.0	-0.405174	0.0819959	0.9105549999999999	0.0	0.0641773	-0.9909620000000001	0.11779400000000001	0.0	-3.08312	-3.58031	-1.88008	0.123578	-0.8293459999999999	0.489779	-0.26889	0.0	0.323523	0.0285836	-0.945789	0.0	-0.455541	-0.8713780000000001	-0.18216	0.0	2.81771	0.5636369999999999	0.9607100000000001	0.35082399999999997	
0	0.912791	0.11033599999999999	0.393241	0.0	-0.40268899999999996	0.0823043	0.9116290000000001	0.0	0.0682204	-0.990481	0.119558	0.0	-3.08623	-3.5785699999999996	-1.88237	0.12357	-0.82795	0.49211499999999997	-0.26892699999999997	0.0	0.32381	0.027985000000000003	-0.945708	0.0	-0.45787100000000003	-0.87008	-0.182522	0.0	2.81363	0.566516	0.9633149999999999	0.350763	
0	0.92171	0.124625	0.367314	0.0	-0.378317	0.07985419999999999	0.922226	0.0	0.08560069999999999	-0.988985	0.12075	0.0	-3.11103	-3.5737900000000002	-1.81828	0.12346900000000001	-0.82745	0.493325	-0.26824699999999996	0.0	0.324732	0.030655400000000003	-0.9453090000000001	0.0	-0.458121	-0.8693049999999999	-0.185564	0.0	2.80291	0.558944	0.9594739999999999	0.35115799999999997	
0	0.925365	0.131683	0.355469	0.0	-0.36711	0.0775512	0.926939	0.0	0.09449489999999999	-0.9882540000000001	0.12010499999999999	0.0	-3.12038	-3.5715	-1.7834400000000001	0.12356800000000001	-0.82616	0.494584	-0.269902	0.0	0.326417	0.0296812	-0.94476	0.0	-0.45925200000000005	-0.8686229999999999	-0.18596300000000002	0.0	2.80111	0.55629	0.9565899999999999	0.351429	
0	0.9291950000000001	0.148571	0.338413	0.0	-0.350047	0.0599724	0.93481	0.0	0.11859000000000001	-0.987082	0.107733	0.0	-3.01019	-3.4662599999999997	-1.71377	0.123643	-0.8245319999999999	0.498144	-0.268327	0.0	0.32760900000000004	0.033657	-0.9442139999999999	0.0	-0.461323	-0.866441	-0.190948	0.0	2.8080000000000003	0.549203	0.954276	0.351484	
0	0.9297209999999999	0.152343	0.335278	0.0	-0.34570100000000004	0.0472517	0.937154	0.0	0.126926	-0.9871979999999999	0.096596	0.0	-2.9455299999999998	-3.35296	-1.6906	0.123518	-0.8237450000000001	0.50022	-0.26688	0.0	0.327598	0.035754400000000006	-0.94414	0.0	-0.462736	-0.86516	-0.193324	0.0	2.81343	0.5391	0.945283	0.351638	
0	0.930951	0.14441700000000002	0.33537100000000003	0.0	-0.341457	0.018897	0.939708	0.0	0.12937200000000001	-0.9893370000000001	0.0669042	0.0	-2.84407	-3.0829	-1.716	0.123645	-0.820901	0.502538	-0.271252	0.0	0.331258	0.0321178	-0.942994	0.0	-0.465178	-0.863959	-0.19283499999999998	0.0	2.82384	0.496648	0.9355700000000001	0.351578	
0	0.929686	0.137983	0.341534	0.0	-0.341523	-0.0245015	0.9395540000000001	0.0	0.13801	-0.990132	0.0243454	0.0	-2.76254	-2.73628	-1.73235	0.123634	-0.818732	0.503979	-0.275106	0.0	0.333865	0.0280579	-0.942203	0.0	-0.467131	-0.86326	-0.191233	0.0	2.82206	0.46438900000000005	0.947378	0.351749	
0	0.9268620000000001	0.126219	0.353546	0.0	-0.345013	-0.0847847	0.9347610000000001	0.0	0.14795899999999998	-0.988373	-0.03503680000000001	0.0	-2.61713	-2.186	-1.75873	0.123528	-0.8186220000000001	0.502935	-0.277334	0.0	0.33466799999999997	0.025287900000000002	-0.941997	0.0	-0.46675	-0.8639540000000001	-0.18901800000000002	0.0	2.82626	0.404567	0.9242819999999999	0.35180700000000004	
0	0.928264	0.119874	0.352074	0.0	-0.341888	-0.0976501	0.9346540000000001	0.0	0.146421	-0.987975	-0.0496614	0.0	-2.54439	-1.9676	-1.74558	0.12364000000000001	-0.8191649999999999	0.501861	-0.277677	0.0	0.33474699999999996	0.0252048	-0.9419709999999999	0.0	-0.46574	-0.8645809999999999	-0.188643	0.0	2.8253	0.39255999999999996	0.920673	0.351428	
0	0.9266129999999999	0.120965	0.356029	0.0	-0.341927	-0.122874	0.931659	0.0	0.156444	-0.985023	-0.0724951	0.0	-2.4681599999999997	-1.6811900000000002	-1.76163	0.12350699999999999	-0.822058	0.49676000000000003	-0.27829699999999996	0.0	0.33484	0.026428700000000003	-0.9419040000000001	0.0	-0.460545	-0.8674850000000001	-0.18806099999999998	0.0	2.82997	0.374398	0.9088879999999999	0.3514	
1	0.921084	0.155472	0.356978	0.0	-0.337412	-0.13883099999999998	0.931063	0.0	0.19431400000000001	-0.978036	-0.075417	0.0	-2.36777	-1.44302	-1.71725	0.123647	-0.825191	0.493663	-0.27451	0.0	0.33419099999999996	0.034885900000000004	-0.94186	0.0	-0.45538500000000004	-0.8689530000000001	-0.19376500000000002	0.0	2.8438	0.363141	0.893281	0.351435	
1	0.9029520000000001	0.247065	0.351619	0.0	-0.320434	-0.158128	0.9339790000000001	0.0	0.286354	-0.95601	-0.0636144	0.0	-2.23597	-1.3130899999999999	-1.6806299999999998	0.123511	-0.823391	0.49579300000000004	-0.276073	0.0	0.33867600000000003	0.0389846	-0.9400950000000001	0.0	-0.45533	-0.8675649999999999	-0.20001300000000002	0.0	2.89412	0.350605	0.867189	0.351139	
1	0.8613850000000001	0.382711	0.333987	0.0	-0.286073	-0.177815	0.941565	0.0	0.419735	-0.906595	-0.0436842	0.0	-1.9191	-1.3118299999999998	-1.59074	0.12363900000000001	-0.8019149999999999	0.522085	-0.29044899999999996	0.0	0.345117	0.00796854	-0.938526	0.0	-0.487675	-0.852857	-0.18657100000000001	0.0	2.94171	0.30940500000000004	0.8246879999999999	0.35143800000000003	
1	0.823491	0.504846	0.25883	0.0	-0.20936799999999997	-0.15359	0.965699	0.0	0.527283	-0.8494360000000001	-0.0207813	0.0	-1.6797799999999998	-1.33348	-1.53128	0.123642	-0.749104	0.561758	-0.351099	0.0	0.390362	-0.0538806	-0.919084	0.0	-0.53522	-0.8255450000000001	-0.178927	0.0	2.92719	0.28019	0.786434	0.35239899999999996	
1	0.729007	0.660821	0.178508	0.0	-0.144716	-0.106098	0.983769	0.0	0.669034	-0.743007	0.0182854	0.0	-1.36344	-1.39564	-1.4458600000000001	0.123635	-0.627473	0.584246	-0.514718	0.0	0.511834	-0.188669	-0.838111	0.0	-0.586774	-0.789342	-0.180653	0.0	2.90162	0.278177	0.717294	0.352038	
1	0.685002	0.714132	0.144181	0.0	-0.117217	-0.0872932	0.9892620000000001	0.0	0.71905	-0.694547	0.0239126	0.0	-1.13581	-1.40541	-1.3581	0.12364100000000001	-0.511838	0.569747	-0.6429699999999999	0.0	0.587692	-0.313689	-0.7458	0.0	-0.62661	-0.7595970000000001	-0.174278	0.0	2.8732900000000003	0.296485	0.640124	0.351188	
1	0.632547	0.7649130000000001	0.12162200000000001	0.0	-0.09719610000000001	-0.0773931	0.992252	0.0	0.7683989999999999	-0.639468	0.0253916	0.0	-0.9908520000000001	-1.3771	-1.3037100000000001	0.12364000000000001	-0.355443	0.511944	-0.782032	0.0	0.638224	-0.47833400000000004	-0.603213	0.0	-0.682884	-0.7135199999999999	-0.15671500000000002	0.0	2.8083400000000003	0.3258	0.536772	0.356668	
1	0.596649	0.794646	0.112016	0.0	-0.090085	-0.0723796	0.993301	0.0	0.79743	-0.602743	0.028400400000000003	0.0	-0.8826790000000001	-1.37172	-1.28103	0.12351300000000001	-0.226571	0.421309	-0.878159	0.0	0.643849	-0.611736	-0.459606	0.0	-0.730838	-0.669535	-0.132658	0.0	2.7166	0.353059	0.44288	0.355169	
1	0.5908869999999999	0.8000659999999999	0.103671	0.0	-0.07686939999999999	-0.0720847	0.994432	0.0	0.803084	-0.595566	0.0189066	0.0	-0.802683	-1.3705100000000001	-1.26883	0.12363800000000001	-0.10728299999999999	0.32145300000000004	-0.9408280000000001	0.0	0.62448	-0.714549	-0.31535	0.0	-0.773638	-0.62136	-0.124082	0.0	2.5616	0.42339899999999997	0.35139699999999996	0.35189699999999996	
1	0.566391	0.816131	0.11458800000000001	0.0	-0.0838898	-0.0812245	0.993159	0.0	0.8198559999999999	-0.572129	0.0224602	0.0	-0.7136239999999999	-1.37391	-1.2546	0.12351	-0.016472900000000002	0.200477	-0.97956	0.0	0.622242	-0.764807	-0.16699	0.0	-0.782652	-0.612274	-0.112147	0.0	2.33793	0.456933	0.23192100000000002	0.349754	
1	0.569458	0.811157	0.133195	0.0	-0.101615	-0.09132639999999999	0.9906229999999999	0.0	0.815715	-0.577653	0.030419400000000003	0.0	-0.6288159999999999	-1.46153	-1.27355	0.123511	0.07109	0.0850599	-0.9938370000000001	0.0	0.648262	-0.7611859999999999	-0.018777099999999998	0.0	-0.758092	-0.642932	-0.10925399999999999	0.0	2.10025	0.324984	0.0333264	0.333438	
1	0.570379	0.808185	0.146647	0.0	-0.106654	-0.104153	0.988826	0.0	0.8144279999999999	-0.579646	0.0267892	0.0	-0.628402	-1.50599	-1.3211700000000002	0.12363900000000001	0.08988610000000001	0.059204	-0.9941909999999999	0.0	0.645692	-0.7634890000000001	0.012912100000000001	0.0	-0.758289	-0.643101	-0.10685499999999999	0.0	2.03368	0.284366	-0.054515999999999995	0.33482199999999995	
1	0.589255	0.7946949999999999	0.14573599999999998	0.0	-0.108152	-0.101171	0.988973	0.0	0.800676	-0.5985189999999999	0.026332099999999997	0.0	-0.6329739999999999	-1.59975	-1.38856	0.12364000000000001	0.0997913	0.046104900000000004	-0.9939399999999999	0.0	0.664411	-0.746679	0.0320712	0.0	-0.740675	-0.6635850000000001	-0.105145	0.0	1.9344400000000002	0.215865	-0.18241500000000002	0.334097	
1	0.583929	0.798254	0.147707	0.0	-0.11958800000000001	-0.09537999999999999	0.988231	0.0	0.802948	-0.594721	0.0397664	0.0	-0.622866	-1.70137	-1.45564	0.12351300000000001	0.09266260000000001	0.029653500000000003	-0.9952559999999999	0.0	0.668783	-0.742373	0.040147699999999995	0.0	-0.737661	-0.66933	-0.0886222	0.0	1.80782	0.12451500000000001	-0.322655	0.335807	
1	0.576967	0.8060149999999999	0.132096	0.0	-0.11554500000000001	-0.079557	0.9901110000000001	0.0	0.808553	-0.586525	0.0472292	0.0	-0.587113	-1.72662	-1.4663	0.12363900000000001	0.07544680000000001	0.0280825	-0.9967540000000001	0.0	0.659783	-0.750905	0.028784699999999996	0.0	-0.747659	-0.659813	-0.0751818	0.0	1.7052200000000002	0.07506139999999999	-0.37357199999999996	0.336306	
1	0.565238	0.815415	0.12491700000000001	0.0	-0.11551700000000001	-0.0716965	0.990714	0.0	0.8167989999999999	-0.5744199999999999	0.053669100000000004	0.0	-0.570549	-1.7339	-1.46851	0.12363699999999998	0.0710749	0.0248723	-0.9971610000000001	0.0	0.6552939999999999	-0.7548600000000001	0.027879	0.0	-0.752023	-0.655415	-0.06995019999999999	0.0	1.6551	0.0561307	-0.398829	0.336307	
1	0.550132	0.8270040000000001	0.115843	0.0	-0.11724100000000001	-0.0608587	0.991237	0.0	0.826807	-0.558892	0.0634781	0.0	-0.472224	-1.74935	-1.42373	0.12364100000000001	0.058404700000000004	0.018722700000000002	-0.998117	0.0	0.664457	-0.746913	0.02487	0.0	-0.745041	-0.664659	-0.056063699999999994	0.0	1.5078799999999999	-0.0751434	-0.462089	0.33697	
1	0.550057	0.827026	0.11604400000000001	0.0	-0.117966	-0.060615800000000004	0.991166	0.0	0.8267540000000001	-0.558887	0.0642183	0.0	-0.46705	-1.7512299999999998	-1.41868	0.12351	0.056191899999999996	0.0179267	-0.998259	0.0	0.665275	-0.746212	0.0240479	0.0	-0.7444810000000001	-0.6654680000000001	-0.05385740000000001	0.0	1.49831	-0.08594410000000001	-0.461218	0.337884	
1	0.542834	0.832788	0.108607	0.0	-0.11918699999999999	-0.0516203	0.9915290000000001	0.0	0.83134	-0.55118	0.07123600000000001	0.0	-0.395704	-1.7491700000000001	-1.3744399999999999	0.12364000000000001	0.0383341	0.016010299999999998	-0.999137	0.0	0.675619	-0.737116	0.01411	0.0	-0.736254	-0.6755770000000001	-0.0390736	0.0	1.33105	-0.270445	-0.561578	0.340113	
1	0.5443560000000001	0.832148	0.10586199999999998	0.0	-0.11741900000000001	-0.049368800000000004	0.9918549999999999	0.0	0.8305959999999999	-0.5523520000000001	0.0708355	0.0	-0.39005700000000004	-1.75137	-1.37701	0.12364100000000001	0.032566200000000003	0.0169452	-0.999326	0.0	0.680454	-0.732726	0.00975034	0.0	-0.732066	-0.6803130000000001	-0.0353927	0.0	1.278	-0.31054899999999996	-0.585171	0.340062	
1	0.546027	0.831542	0.10194199999999999	0.0	-0.11628499999999999	-0.0452787	0.992183	0.0	0.829658	-0.553614	0.07197200000000001	0.0	-0.385726	-1.74783	-1.33531	0.123511	0.0317667	0.0206	-0.999283	0.0	0.693364	-0.720551	0.00718769	0.0	-0.7198869999999999	-0.693095	-0.037172699999999996	0.0	1.20955	-0.433787	-0.703535	0.340075	
1	0.545149	0.8326870000000001	0.0971884	0.0	-0.113259	-0.0417142	0.9926889999999999	0.0	0.8306540000000001	-0.552171	0.07156900000000001	0.0	-0.395753	-1.74338	-1.31844	0.12351199999999998	0.0323974	0.0196298	-0.999282	0.0	0.700217	-0.7138770000000001	0.00867835	0.0	-0.713194	-0.699996	-0.036873199999999995	0.0	1.1970299999999998	-0.5457960000000001	-0.801312	0.340158	
1	0.5424939999999999	0.834665	0.0950498	0.0	-0.111525	-0.0405869	0.992933	0.0	0.832624	-0.5492600000000001	0.0710678	0.0	-0.408895	-1.7444099999999998	-1.32176	0.12351400000000001	0.035455900000000005	0.0204278	-0.9991620000000001	0.0	0.703823	-0.710299	0.0104536	0.0	-0.70949	-0.703604	-0.039561900000000004	0.0	1.19743	-0.59968	-0.855519	0.339998	
1	0.534986	0.8406870000000001	0.08387589999999999	0.0	-0.107734	-0.030584800000000002	0.9937090000000001	0.0	0.8379639999999999	-0.5406569999999999	0.07420800000000001	0.0	-0.42971099999999995	-1.7489400000000002	-1.32894	0.12363900000000001	0.03587630000000001	0.0219388	-0.999116	0.0	0.704328	-0.709808	0.00970501	0.0	-0.708967	-0.704054	-0.0409176	0.0	1.20051	-0.713649	-1.01942	0.339823	
1	0.51978	0.8524799999999999	0.055735900000000005	0.0	-0.0920279	-0.00898883	0.9957159999999999	0.0	0.8493290000000001	-0.522682	0.0737798	0.0	-0.480394	-1.7272900000000002	-1.3591	0.12363900000000001	0.0355173	0.0109669	-0.999309	0.0	0.701271	-0.7126899999999999	0.017103200000000002	0.0	-0.712009	-0.701394	-0.0330037	0.0	1.20007	-0.823033	-1.15194	0.34031999999999996	
1	0.508035	0.860101	0.0461105	0.0	-0.0903035	-5.20647e-05	0.995914	0.0	0.8565889999999999	-0.510124	0.07764360000000001	0.0	-0.504451	-1.70216	-1.35514	0.12363800000000001	0.038542400000000004	0.0088973	-0.999217	0.0	0.696954	-0.716823	0.020500599999999997	0.0	-0.716079	-0.697199	-0.0338292	0.0	1.2092399999999999	-0.8678610000000001	-1.19957	0.33986700000000003	
1	0.504438	0.8628899999999999	0.0310217	0.0	-0.0789461	0.010314299999999998	0.996826	0.0	0.8598309999999999	-0.505286	0.07332469999999999	0.0	-0.560862	-1.62572	-1.32446	0.12364100000000001	0.052687	-0.0129153	-0.9985280000000001	0.0	0.682902	-0.7290939999999999	0.0454635	0.0	-0.728608	-0.684291	-0.029594	0.0	1.22991	-0.945846	-1.32893	0.339567	
1	0.48989099999999997	0.871554	0.0200088	0.0	-0.0786391	0.0213208	0.996675	0.0	0.86823	-0.489836	0.078983	0.0	-0.590461	-1.6185399999999999	-1.32617	0.12351300000000001	0.0566015	-0.0188295	-0.9982190000000001	0.0	0.684751	-0.726881	0.0525383	0.0	-0.726576	-0.686505	-0.028249200000000002	0.0	1.23674	-0.976932	-1.39077	0.339345	
1	0.46682399999999996	0.8843489999999999	-0.00164074	0.0	-0.0754932	0.0416992	0.996274	0.0	0.881122	-0.46496099999999996	0.0862284	0.0	-0.619315	-1.58936	-1.32962	0.12347000000000001	0.0592504	-0.025861000000000002	-0.997908	0.0	0.6857260000000001	-0.7254229999999999	0.059514199999999996	0.0	-0.725445	-0.687817	-0.0252481	0.0	1.2305	-0.987926	-1.4395799999999999	0.341044	
1	0.45261999999999997	0.8914219999999999	-0.022394099999999997	0.0	-0.0662543	0.0586638	0.996077	0.0	0.8892389999999999	-0.44936099999999995	0.085613	0.0	-0.625029	-1.5967200000000001	-1.35216	0.12353199999999999	0.060950199999999996	-0.024493099999999997	-0.99784	0.0	0.687183	-0.724024	0.0597467	0.0	-0.723924	-0.68934	-0.0272985	0.0	1.21811	-0.982914	-1.4766299999999999	0.342567	
1	0.43358199999999997	0.9003979999999999	-0.035918900000000004	0.0	-0.0745044	0.0755442	0.9943549999999999	0.0	0.8980290000000001	-0.428458	0.09983819999999999	0.0	-0.619456	-1.60917	-1.3858700000000002	0.12343299999999999	0.0626503	-0.0250658	-0.9977209999999999	0.0	0.6840970000000001	-0.7268180000000001	0.0612168	0.0	-0.726696	-0.686373	-0.0283882	0.0	1.2175	-0.979808	-1.5107700000000002	0.343457	
1	0.425357	0.9041879999999999	-0.0389218	0.0	-0.080509	0.08063939999999999	0.9934870000000001	0.0	0.901438	-0.41945299999999996	0.107096	0.0	-0.61052	-1.61985	-1.4360899999999999	0.123504	0.06650210000000001	-0.029957099999999997	-0.997337	0.0	0.68055	-0.7296050000000001	0.0672942	0.0	-0.7296779999999999	-0.683212	-0.028133099999999998	0.0	1.21949	-0.982151	-1.5629	0.342841	
1	0.420264	0.9067569999999999	-0.0342138	0.0	-0.09880889999999999	0.08321189999999999	0.9916209999999999	0.0	0.902006	-0.413362	0.12456700000000001	0.0	-0.5822470000000001	-1.6138299999999999	-1.38589	0.12354000000000001	0.07626369999999999	-0.0341249	-0.9965040000000001	0.0	0.677808	-0.731205	0.0769135	0.0	-0.731273	-0.681304	-0.032634699999999996	0.0	1.1818	-0.9759530000000001	-1.6812099999999999	0.34171	
1	0.420221	0.90676	-0.0346622	0.0	-0.101659	0.0850012	0.991181	0.0	0.901709	-0.412992	0.1279	0.0	-0.563096	-1.59663	-1.29691	0.123543	0.0750171	-0.0362802	-0.9965219999999999	0.0	0.677276	-0.7316239999999999	0.0776207	0.0	-0.731895	-0.680743	-0.0303126	0.0	1.13713	-0.987498	-1.75918	0.340981	
1	0.42051499999999997	0.906819	-0.029108799999999997	0.0	-0.120466	0.0876049	0.9888450000000001	0.0	0.8992530000000001	-0.412317	0.14608	0.0	-0.5554140000000001	-1.57784	-1.25413	0.12352300000000001	0.0765689	-0.039890300000000004	-0.996266	0.0	0.677798	-0.730734	0.0813513	0.0	-0.73125	-0.681496	-0.028914	0.0	1.08274	-1.0	-1.83133	0.33897	
