0	0.593132	0.516197	-0.617846	0.0	0.6861149999999999	0.07742869999999999	0.7233609999999999	0.0	0.42123599999999994	-0.8529629999999999	-0.308245	0.0	-2.7396700000000003	2.0	1.46191	0.0	-0.7078399999999999	0.442741	-0.550403	0.0	0.631379	0.047167099999999997	-0.774038	0.0	-0.316737	-0.895408	-0.312924	0.0	2.64712	1.99775	1.5602200000000002	9.04128e-06	
0	0.8687280000000001	0.378288	-0.319703	0.0	0.306209	0.09713619999999999	0.946996	0.0	0.389292	-0.9205770000000001	-0.0314502	0.0	-2.78628	1.98712	1.42537	3.55244e-05	-0.91945	0.26713000000000003	-0.288539	0.0	0.268313	-0.110187	-0.95701	0.0	-0.287439	-0.95734	0.029637200000000002	0.0	2.70218	2.00948	1.60181	2.2692600000000004e-05	
0	0.9522209999999999	0.30399299999999996	0.029378500000000002	0.0	-0.12168	0.289393	0.9494450000000001	0.0	0.280123	-0.9076559999999999	0.312556	0.0	-2.7954	2.04285	1.51876	0.0	-0.952003	0.238813	-0.191465	0.0	0.147145	-0.191436	-0.970413	0.0	-0.2684	-0.952009	0.147107	0.0	2.6670700000000003	2.0596900000000002	1.6216	0.00870726	
0	0.9437530000000001	0.329778	0.0240227	0.0	-0.126203	0.292108	0.9480219999999999	0.0	0.30561900000000003	-0.8977299999999999	0.317296	0.0	-2.75005	2.01048	1.6409900000000002	0.286493	-0.9481139999999999	0.263811	-0.177438	0.0	0.134535	-0.172763	-0.9757319999999999	0.0	-0.288063	-0.9489770000000001	0.128307	0.0	2.6009	2.0316099999999997	1.7146599999999999	0.361644	
0	0.9276629999999999	0.370516	0.046463800000000006	0.0	-0.149258	0.25385599999999997	0.955656	0.0	0.342291	-0.8934620000000001	0.290796	0.0	-2.73088	2.00195	1.6123299999999998	0.35135500000000003	-0.9511870000000001	0.24496300000000001	-0.18771400000000002	0.0	0.14316500000000001	-0.188594	-0.971564	0.0	-0.273399	-0.9510129999999999	0.144318	0.0	2.56635	2.0289200000000003	1.6969900000000002	0.276271	
0	0.9548180000000001	0.296919	0.0126961	0.0	-0.107501	0.305238	0.946189	0.0	0.277066	-0.904803	0.323366	0.0	-2.7242599999999997	2.07944	1.55736	0.0382218	-0.951049	0.246685	-0.18615299999999999	0.0	0.147466	-0.16710899999999998	-0.9748479999999999	0.0	-0.271588	-0.9545790000000001	0.122552	0.0	2.62145	2.11858	1.66988	-0.0008335110000000001	
0	0.945059	0.325273	0.0325669	0.0	-0.133656	0.293559	0.946551	0.0	0.298327	-0.8989	0.320905	0.0	-2.8210900000000003	2.11153	1.59808	0.0	-0.94496	0.264361	-0.19278199999999998	0.0	0.15517899999999998	-0.156609	-0.9753940000000001	0.0	-0.288047	-0.951624	0.106966	0.0	2.61597	2.16762	1.6441599999999998	0.013335	
0	0.9310639999999999	0.364665	0.011776	0.0	-0.12091099999999999	0.277937	0.952959	0.0	0.344238	-0.88869	0.302869	0.0	-2.79711	2.14682	1.58112	0.020844099999999997	-0.94331	0.287871	-0.165215	0.0	0.143785	-0.0942142	-0.9851139999999999	0.0	-0.299151	-0.953024	0.047481699999999995	0.0	2.58495	2.19253	1.65403	0.37238699999999997	
0	0.9249379999999999	0.379314	0.024705099999999997	0.0	-0.128747	0.25146599999999997	0.9592649999999999	0.0	0.35765	-0.890441	0.281426	0.0	-2.76752	2.0933599999999997	1.59743	0.351032	-0.939536	0.29601900000000003	-0.172178	0.0	0.150829	-0.09368839999999999	-0.9841110000000001	0.0	-0.307446	-0.950576	0.043375300000000006	0.0	2.54414	2.2128900000000002	1.6265100000000001	0.361237	
0	0.923336	0.382612	0.0325377	0.0	-0.13534300000000002	0.24497399999999997	0.960037	0.0	0.35935	-0.89084	0.277977	0.0	-2.74776	2.09004	1.56199	0.350999	-0.939263	0.297174	-0.171675	0.0	0.151594	-0.0895321	-0.9843799999999999	0.0	-0.30790300000000004	-0.950616	0.039044199999999994	0.0	2.53495	2.2174	1.6267200000000002	0.361331	
0	0.926434	0.375075	0.0322281	0.0	-0.132446	0.24460900000000002	0.960534	0.0	0.352389	-0.8941399999999999	0.276291	0.0	-2.7483	2.0876900000000003	1.5555299999999999	0.35067600000000004	-0.94095	0.29272	-0.17008299999999998	0.0	0.150289	-0.0890064	-0.984627	0.0	-0.303358	-0.952047	0.039758	0.0	2.5311	2.2069900000000002	1.63394	0.361325	
0	0.9244600000000001	0.379404	0.0377556	0.0	-0.138508	0.241923	0.960359	0.0	0.35523000000000005	-0.893043	0.276199	0.0	-2.7416099999999997	2.08644	1.57699	0.351166	-0.941227	0.291973	-0.169836	0.0	0.150538	-0.0875118	-0.9847229999999999	0.0	-0.302375	-0.952415	0.0384156	0.0	2.5365900000000003	2.19021	1.65516	0.361615	
0	0.927025	0.372728	0.041199400000000004	0.0	-0.139053	0.23963600000000002	0.9608530000000001	0.0	0.34826399999999996	-0.8964639999999999	0.273978	0.0	-2.7361	2.07115	1.58597	0.351128	-0.9424540000000001	0.288661	-0.16868699999999998	0.0	0.15081	-0.0832604	-0.98505	0.0	-0.29839099999999996	-0.9538040000000001	0.0349361	0.0	2.54997	2.14206	1.69452	0.361774	
0	0.9230360000000001	0.382849	0.037839300000000006	0.0	-0.138174	0.238116	0.961358	0.0	0.35904400000000003	-0.892596	0.272689	0.0	-2.73334	2.0636799999999997	1.60274	0.35074299999999997	-0.942203	0.286794	-0.173213	0.0	0.15521600000000002	-0.084527	-0.984258	0.0	-0.296921	-0.954256	0.0351265	0.0	2.56888	2.09143	1.73875	0.361838	
0	0.911918	0.408143	0.042722199999999995	0.0	-0.149133	0.23260999999999998	0.961068	0.0	0.382316	-0.8827860000000001	0.272989	0.0	-2.6989099999999997	2.04645	1.6485900000000002	0.35079	-0.9421700000000001	0.286262	-0.17427	0.0	0.15653	-0.0839145	-0.984102	0.0	-0.296335	-0.95447	0.0342529	0.0	2.58963	2.0711	1.7590000000000001	0.36197399999999996	
0	0.900954	0.43008100000000005	0.0575499	0.0	-0.16638499999999998	0.21992899999999999	0.9612219999999999	0.0	0.400746	-0.875592	0.26970500000000003	0.0	-2.59754	1.99058	1.6566599999999998	0.351194	-0.9418280000000001	0.28611	-0.176353	0.0	0.157437	-0.0880172	-0.983599	0.0	-0.29694	-0.9541459999999999	0.0378528	0.0	2.59519	2.06095	1.79387	0.362034	
0	0.900085	0.42932200000000004	0.0743587	0.0	-0.17905	0.20886500000000002	0.961414	0.0	0.397226	-0.878668	0.264866	0.0	-2.56339	1.9452900000000002	1.6304100000000001	0.35125100000000004	-0.9405379999999999	0.288222	-0.179768	0.0	0.160583	-0.089085	-0.982994	0.0	-0.299335	-0.953411	0.037504	0.0	2.5989	2.05726	1.8175599999999998	0.362137	
0	0.899165	0.427529	0.0933895	0.0	-0.19756400000000002	0.20616500000000001	0.9583659999999999	0.0	0.390475	-0.880179	0.269841	0.0	-2.57511	1.8743900000000002	1.56409	0.35138800000000003	-0.9387840000000001	0.292554	-0.181926	0.0	0.163131	-0.08762489999999999	-0.982706	0.0	-0.30343600000000004	-0.952226	0.0345359	0.0	2.60069	2.0548	1.8353599999999999	0.362209	
0	0.896206	0.43147700000000005	0.10315999999999999	0.0	-0.206587	0.20010999999999998	0.9577459999999999	0.0	0.392602	-0.87965	0.268478	0.0	-2.5884400000000003	1.8266799999999999	1.5077	0.351299	-0.938492	0.294633	-0.180069	0.0	0.16205	-0.084685	-0.983142	0.0	-0.304915	-0.951851	0.031730799999999997	0.0	2.59801	2.03851	1.8294599999999999	0.362205	
0	0.895366	0.43191199999999996	0.10849500000000001	0.0	-0.215429	0.206857	0.9543590000000001	0.0	0.389756	-0.8778739999999999	0.27825900000000003	0.0	-2.5526299999999997	1.79572	1.46584	0.351118	-0.937175	0.29953	-0.178841	0.0	0.160648	-0.0845116	-0.9833870000000001	0.0	-0.309668	-0.9503370000000001	0.031083099999999995	0.0	2.59923	2.00835	1.8377400000000002	0.362269	
0	0.891998	0.437375	0.114202	0.0	-0.223315	0.206713	0.952576	0.0	0.39302600000000004	-0.875199	0.28206	0.0	-2.53835	1.7867	1.46147	0.351213	-0.9362090000000001	0.301846	-0.180008	0.0	0.161517	-0.08535980000000001	-0.9831719999999999	0.0	-0.312132	-0.949528	0.0311611	0.0	2.59616	2.00108	1.8477700000000001	0.36232600000000004	
0	0.895072	0.43044899999999997	0.116444	0.0	-0.22538200000000003	0.21137899999999998	0.9510639999999999	0.0	0.38477100000000003	-0.8775149999999999	0.286215	0.0	-2.54278	1.7303099999999998	1.42193	0.35123699999999997	-0.935276	0.303359	-0.18229800000000002	0.0	0.161929	-0.091222	-0.982577	0.0	-0.314703	-0.9485	0.036195	0.0	2.58229	1.9887599999999999	1.87245	0.362528	
0	0.899984	0.42093400000000003	0.113328	0.0	-0.22125799999999998	0.21709499999999998	0.950744	0.0	0.37559699999999996	-0.8807290000000001	0.288517	0.0	-2.56393	1.7024599999999999	1.4052200000000001	0.351002	-0.935148	0.30227600000000004	-0.184738	0.0	0.16312100000000002	-0.09549400000000001	-0.981974	0.0	-0.31446799999999997	-0.948425	0.03999319999999999	0.0	2.58118	1.9914599999999998	1.90471	0.362887	
0	0.904106	0.41305200000000003	0.109452	0.0	-0.216574	0.222136	0.950658	0.0	0.368358	-0.883201	0.29029099999999997	0.0	-2.61168	1.70812	1.4929	0.350951	-0.934282	0.305537	-0.183749	0.0	0.162462	-0.0939291	-0.982234	0.0	-0.317368	-0.947536	0.0381182	0.0	2.58304	1.98584	1.9024299999999998	0.362821	
0	0.9053190000000001	0.415838	0.0864633	0.0	-0.19758299999999998	0.232127	0.952407	0.0	0.375977	-0.879315	0.292312	0.0	-2.6599	1.71396	1.53505	0.351635	-0.93343	0.304012	-0.190486	0.0	0.16508299999999998	-0.10743399999999999	-0.980411	0.0	-0.318521	-0.946591	0.050094599999999996	0.0	2.57898	1.97786	1.90022	0.36284	
0	0.9063700000000001	0.41559399999999996	0.07599249999999999	0.0	-0.188229	0.236195	0.9533010000000001	0.0	0.378236	-0.878347	0.29230700000000004	0.0	-2.6986	1.73858	1.56185	0.351929	-0.926416	0.313164	-0.20900500000000002	0.0	0.176994	-0.127716	-0.9758899999999999	0.0	-0.332307	-0.9410719999999999	0.0628899	0.0	2.5781099999999997	1.99836	1.9218400000000002	0.363178	
0	0.9063540000000001	0.415596	0.07617180000000001	0.0	-0.188368	0.23607899999999998	0.9533020000000001	0.0	0.378206	-0.8783770000000001	0.292257	0.0	-2.69755	1.73787	1.5609899999999999	0.351933	-0.926524	0.31297800000000003	-0.20880100000000001	0.0	0.176879	-0.127472	-0.975943	0.0	-0.332065	-0.941167	0.06274600000000001	0.0	2.57819	1.99755	1.92107	0.363181	
0	0.9063540000000001	0.415596	0.076171	0.0	-0.188368	0.23608	0.9533020000000001	0.0	0.378206	-0.8783770000000001	0.292257	0.0	-2.69755	1.73787	1.5609899999999999	0.351933	-0.926524	0.312979	-0.208802	0.0	0.176879	-0.127473	-0.975943	0.0	-0.332066	-0.941167	0.0627471	0.0	2.57819	1.99755	1.92107	0.363181	
0	0.9063540000000001	0.415596	0.0761711	0.0	-0.188368	0.23608	0.9533020000000001	0.0	0.378206	-0.8783770000000001	0.292257	0.0	-2.69755	1.73787	1.5609899999999999	0.351933	-0.926524	0.312979	-0.208802	0.0	0.176879	-0.127473	-0.975943	0.0	-0.332066	-0.941167	0.0627471	0.0	2.57819	1.99755	1.9210599999999998	0.363181	
0	0.9063540000000001	0.415596	0.076171	0.0	-0.188368	0.23608	0.9533020000000001	0.0	0.378206	-0.8783770000000001	0.292257	0.0	-2.69755	1.73787	1.5609899999999999	0.351933	-0.926524	0.312979	-0.208802	0.0	0.176879	-0.127473	-0.975943	0.0	-0.332066	-0.941167	0.0627471	0.0	2.57819	1.99755	1.92107	0.363181	
0	0.9063540000000001	0.415596	0.076171	0.0	-0.188368	0.23608	0.9533020000000001	0.0	0.378206	-0.8783770000000001	0.292257	0.0	-2.69755	1.73787	1.5609899999999999	0.351933	-0.926524	0.312979	-0.208802	0.0	0.176879	-0.127473	-0.975943	0.0	-0.332066	-0.941167	0.0627471	0.0	2.57819	1.99755	1.9210599999999998	0.363181	
0	0.9063540000000001	0.415596	0.076171	0.0	-0.188368	0.23608	0.9533020000000001	0.0	0.378206	-0.8783770000000001	0.292257	0.0	-2.69755	1.73787	1.5609899999999999	0.351933	-0.926524	0.312979	-0.208802	0.0	0.176879	-0.127473	-0.975943	0.0	-0.332066	-0.941167	0.0627471	0.0	2.57819	1.99755	1.9210599999999998	0.363181	
0	0.9063540000000001	0.415596	0.076171	0.0	-0.188368	0.23608	0.9533020000000001	0.0	0.378206	-0.8783770000000001	0.292257	0.0	-2.69755	1.73787	1.5609899999999999	0.351933	-0.926523	0.312979	-0.208802	0.0	0.176879	-0.127473	-0.975943	0.0	-0.332066	-0.941167	0.06274690000000001	0.0	2.57819	1.99755	1.9210599999999998	0.363181	
0	0.9063540000000001	0.415596	0.076171	0.0	-0.188368	0.23608	0.9533020000000001	0.0	0.378206	-0.8783770000000001	0.292257	0.0	-2.69755	1.73787	1.5609899999999999	0.351933	-0.926523	0.312979	-0.208802	0.0	0.176879	-0.127473	-0.975943	0.0	-0.332066	-0.941167	0.06274690000000001	0.0	2.57819	1.99755	1.9210599999999998	0.363181	
0	0.9063540000000001	0.415596	0.076171	0.0	-0.188368	0.23608	0.9533020000000001	0.0	0.378206	-0.8783770000000001	0.292257	0.0	-2.69755	1.73787	1.5609899999999999	0.351933	-0.926523	0.312979	-0.208802	0.0	0.176879	-0.127473	-0.975943	0.0	-0.332067	-0.941167	0.06274690000000001	0.0	2.57819	1.99755	1.9210599999999998	0.363181	
0	0.903661	0.426913	0.03379	0.0	-0.10326800000000001	0.140656	0.984658	0.0	0.41561099999999995	-0.893287	0.171191	0.0	-2.4607200000000002	1.2043700000000002	1.06177	0.346815	-0.8997940000000001	0.389788	-0.196051	0.0	0.175804	-0.08735280000000001	-0.980542	0.0	-0.399329	-0.916752	0.010073	0.0	2.32749	1.7055799999999999	1.66218	0.358075	
0	0.892266	0.44583999999999996	0.07132580000000001	0.0	-0.15704200000000001	0.158338	0.974816	0.0	0.423318	-0.8809969999999999	0.21129499999999998	0.0	-2.20108	0.688759	0.606312	0.345986	-0.9120860000000001	0.373434	-0.16925199999999999	0.0	0.14619200000000002	-0.0894609	-0.985203	0.0	-0.38305	-0.923333	0.0270026	0.0	2.09397	1.40535	1.35027	0.35931599999999997	
0	0.8983959999999999	0.42535100000000003	0.109367	0.0	-0.20811999999999997	0.19303199999999998	0.958866	0.0	0.386743	-0.8842030000000001	0.261944	0.0	-2.00345	0.06326419999999999	0.105104	0.349065	-0.9142680000000001	0.38054699999999997	-0.138922	0.0	0.111508	-0.0932822	-0.989376	0.0	-0.389463	-0.9200450000000001	0.042850599999999996	0.0	1.86303	1.0863399999999999	0.99077	0.36228499999999997	
0	0.9024	0.397187	0.167081	0.0	-0.26755999999999996	0.21255100000000002	0.9398049999999999	0.0	0.337765	-0.892785	0.298078	0.0	-1.90002	-0.510563	-0.31443699999999997	0.35180300000000003	-0.906257	0.40271	-0.12854100000000002	0.0	0.0920922	-0.10869000000000001	-0.989801	0.0	-0.412574	-0.908852	0.061414199999999995	0.0	1.6079	0.915583	0.728863	0.36329	
0	0.9028	0.387367	0.18681099999999998	0.0	-0.28817800000000005	0.222465	0.931377	0.0	0.319225	-0.894682	0.31247199999999997	0.0	-1.85153	-0.816495	-0.585747	0.352719	-0.89912	0.41874300000000003	-0.127424	0.0	0.08650769999999999	-0.115373	-0.989548	0.0	-0.429068	-0.9007459999999999	0.0675095	0.0	1.42784	0.868957	0.599338	0.36373099999999997	
0	0.9000950000000001	0.37414400000000003	0.22326300000000002	0.0	-0.319186	0.217454	0.922406	0.0	0.296563	-0.901516	0.315151	0.0	-1.83805	-1.0339200000000002	-0.777667	0.352927	-0.8978889999999999	0.42103199999999996	-0.12855999999999998	0.0	0.09103810000000001	-0.10813199999999999	-0.9899600000000001	0.0	-0.43070600000000003	-0.9005770000000001	0.05876	0.0	1.2795299999999998	0.913277	0.514478	0.36365	
0	0.907525	0.349987	0.23218000000000003	0.0	-0.324947	0.234852	0.916108	0.0	0.266098	-0.9068370000000001	0.326862	0.0	-1.8810799999999999	-1.14791	-0.821901	0.34505	-0.9002450000000001	0.41589899999999996	-0.12878900000000001	0.0	0.0972385	-0.0962713	-0.9905940000000001	0.0	-0.424386	-0.904301	0.046226300000000005	0.0	1.22258	0.972684	0.49276400000000004	0.363454	
0	0.91622	0.321239	0.239472	0.0	-0.326906	0.253745	0.9103549999999999	0.0	0.23167600000000002	-0.9123700000000001	0.337501	0.0	-1.97331	-1.27411	-0.8354729999999999	0.345462	-0.902244	0.411234	-0.129776	0.0	0.103651	-0.0853115	-0.9909479999999999	0.0	-0.418583	-0.9075290000000001	0.034347	0.0	1.22963	1.01756	0.462591	0.363236	
0	0.925701	0.278208	0.256276	0.0	-0.328702	0.256409	0.908961	0.0	0.187169	-0.9256639999999999	0.328806	0.0	-2.11315	-1.3543399999999999	-0.837491	0.343079	-0.9046299999999999	0.40579499999999996	-0.13029100000000002	0.0	0.108806	-0.0756823	-0.9911780000000001	0.0	-0.412075	-0.910825	0.0243114	0.0	1.25194	1.03829	0.45977799999999996	0.363238	
0	0.9342459999999999	0.23056	0.27207800000000004	0.0	-0.331075	0.277116	0.9019959999999999	0.0	0.13256700000000002	-0.9327639999999999	0.335228	0.0	-2.3858	-1.43105	-0.8310649999999999	0.340011	-0.9048430000000001	0.40477399999999997	-0.131972	0.0	0.117998	-0.059405200000000005	-0.9912350000000001	0.0	-0.409066	-0.912485	0.00598961	0.0	1.29954	1.08974	0.46000699999999994	0.363085	
0	0.938743	0.197429	0.28246	0.0	-0.330625	0.284767	0.899775	0.0	0.0972065	-0.9380459999999999	0.332598	0.0	-2.58143	-1.4801799999999998	-0.840622	0.34065700000000004	-0.9036870000000001	0.407565	-0.131301	0.0	0.12258699999999999	-0.0475529	-0.991318	0.0	-0.410271	-0.9119370000000001	-0.00698918	0.0	1.31589	1.11821	0.44545100000000004	0.36301500000000003	
0	0.9390719999999999	0.188632	0.287337	0.0	-0.331543	0.276547	0.901998	0.0	0.09068330000000001	-0.942306	0.322237	0.0	-2.7743700000000002	-1.5217100000000001	-0.8674	0.33934899999999996	-0.9034260000000001	0.408598	-0.12988	0.0	0.122795	-0.0436531	-0.9914719999999999	0.0	-0.410783	-0.9116700000000001	-0.0107366	0.0	1.3216	1.12344	0.447603	0.363039	
0	0.9369719999999999	0.1908	0.292711	0.0	-0.33721999999999996	0.27450399999999997	0.900516	0.0	0.0914678	-0.942466	0.321544	0.0	-2.8616	-1.6046	-0.887833	0.34051	-0.901967	0.41163500000000003	-0.130431	0.0	0.125024	-0.040166900000000005	-0.99134	0.0	-0.41331	-0.9104629999999999	-0.0152351	0.0	1.32864	1.12045	0.44733999999999996	0.363126	
0	0.93742	0.18900699999999998	0.29243800000000003	0.0	-0.336375	0.274538	0.9008219999999999	0.0	0.08997589999999998	-0.942818	0.32093499999999997	0.0	-2.90275	-1.6643	-0.954778	0.342359	-0.898587	0.418382	-0.13228	0.0	0.129775	-0.0345797	-0.990941	0.0	-0.419166	-0.9076129999999999	-0.023223	0.0	1.3304	1.13214	0.439331	0.363187	
0	0.94127	0.183056	0.28372800000000004	0.0	-0.327088	0.28575500000000004	0.900754	0.0	0.0838117	-0.940657	0.32884800000000003	0.0	-2.8856599999999997	-1.7077900000000001	-0.996123	0.334422	-0.8960469999999999	0.421947	-0.13806400000000002	0.0	0.13631	-0.034489	-0.990066	0.0	-0.42251700000000003	-0.905964	-0.0266123	0.0	1.32564	1.15402	0.43123	0.363028	
0	0.943757	0.181556	0.276334	0.0	-0.32131	0.30645700000000003	0.896016	0.0	0.07799199999999999	-0.9344100000000001	0.347557	0.0	-2.85628	-1.7411299999999998	-1.04705	0.335571	-0.8929969999999999	0.427883	-0.139547	0.0	0.138534	-0.033681	-0.989785	0.0	-0.428212	-0.903206	-0.029199400000000004	0.0	1.31154	1.19252	0.44836099999999995	0.363043	
0	0.9462860000000001	0.181345	0.26768800000000004	0.0	-0.314664	0.32610900000000004	0.891426	0.0	0.0743598	-0.927775	0.365655	0.0	-2.79428	-1.78204	-1.08467	0.334014	-0.8926709999999999	0.428047	-0.141118	0.0	0.139628	-0.035056300000000006	-0.989583	0.0	-0.42853500000000005	-0.903076	-0.0284738	0.0	1.30729	1.2012399999999999	0.45755200000000007	0.363057	
0	0.9470870000000001	0.181144	0.26497800000000005	0.0	-0.31240100000000004	0.33065100000000003	0.890548	0.0	0.073702	-0.926206	0.369744	0.0	-2.75159	-1.8037900000000002	-1.1046	0.33900399999999997	-0.8929030000000001	0.426917	-0.143064	0.0	0.14135999999999999	-0.0358697	-0.989308	0.0	-0.42748400000000003	-0.9035790000000001	-0.028321	0.0	1.30098	1.20787	0.478695	0.362929	
0	0.951376	0.216432	0.219181	0.0	-0.285882	0.355462	0.889898	0.0	0.114692	-0.9092879999999999	0.400052	0.0	-2.77129	-1.7322	-1.0865	0.346763	-0.894574	0.421245	-0.1493	0.0	0.14768199999999998	-0.03667569999999999	-0.9883549999999999	0.0	-0.42181499999999994	-0.9062049999999999	-0.0294012	0.0	1.2966799999999998	1.21409	0.5124449999999999	0.362877	
0	0.951375	0.21862800000000002	0.21699699999999997	0.0	-0.284789	0.355813	0.890108	0.0	0.11739200000000001	-0.908625	0.400775	0.0	-2.76998	-1.7321900000000001	-1.08579	0.346646	-0.894584	0.421166	-0.14945999999999998	0.0	0.147925	-0.0365275	-0.988324	0.0	-0.42170799999999997	-0.9062479999999999	-0.029624	0.0	1.29797	1.21565	0.5123449999999999	0.362874	
0	0.95137	0.21863600000000002	0.217011	0.0	-0.28480500000000003	0.355813	0.8901030000000001	0.0	0.11739300000000001	-0.908623	0.400778	0.0	-2.7699700000000003	-1.73236	-1.0858700000000001	0.346647	-0.894584	0.42116800000000004	-0.149457	0.0	0.147922	-0.036526300000000005	-0.988324	0.0	-0.42171000000000003	-0.9062469999999999	-0.0296245	0.0	1.29797	1.21563	0.512283	0.362874	
0	0.95137	0.218635	0.217011	0.0	-0.28480500000000003	0.355813	0.8901030000000001	0.0	0.11739300000000001	-0.908623	0.400778	0.0	-2.7699700000000003	-1.73236	-1.0858700000000001	0.346647	-0.894584	0.42116800000000004	-0.149457	0.0	0.147922	-0.036526300000000005	-0.988324	0.0	-0.42171000000000003	-0.9062469999999999	-0.0296245	0.0	1.29797	1.21563	0.512283	0.362873	
0	0.95137	0.218635	0.217011	0.0	-0.28480500000000003	0.355813	0.8901030000000001	0.0	0.11739300000000001	-0.908623	0.400778	0.0	-2.7699700000000003	-1.73236	-1.0858700000000001	0.346647	-0.894584	0.42116800000000004	-0.149457	0.0	0.147922	-0.036526300000000005	-0.988324	0.0	-0.42171000000000003	-0.9062469999999999	-0.0296245	0.0	1.29797	1.21563	0.512283	0.362873	
0	0.95137	0.218635	0.217011	0.0	-0.28480500000000003	0.355813	0.8901030000000001	0.0	0.11739300000000001	-0.908623	0.400778	0.0	-2.7699700000000003	-1.73236	-1.0858700000000001	0.346647	-0.894584	0.42116800000000004	-0.149457	0.0	0.147922	-0.036526300000000005	-0.988324	0.0	-0.42171000000000003	-0.9062469999999999	-0.029624400000000002	0.0	1.29797	1.21563	0.512283	0.362873	
0	0.95137	0.218635	0.217011	0.0	-0.28480500000000003	0.355813	0.8901030000000001	0.0	0.11739300000000001	-0.908623	0.400778	0.0	-2.7699700000000003	-1.73236	-1.0858700000000001	0.346647	-0.894584	0.42116800000000004	-0.149457	0.0	0.147922	-0.036526300000000005	-0.988324	0.0	-0.42171000000000003	-0.9062469999999999	-0.0296245	0.0	1.29797	1.21563	0.512283	0.362873	
0	0.95137	0.218635	0.217011	0.0	-0.28480500000000003	0.355813	0.8901030000000001	0.0	0.11739300000000001	-0.908623	0.400778	0.0	-2.7699700000000003	-1.73236	-1.0858700000000001	0.346647	-0.894584	0.42116800000000004	-0.149457	0.0	0.147922	-0.036526300000000005	-0.988324	0.0	-0.42171000000000003	-0.9062469999999999	-0.029624400000000002	0.0	1.29797	1.21563	0.512283	0.362874	
0	0.95137	0.218635	0.217011	0.0	-0.28480500000000003	0.355813	0.8901030000000001	0.0	0.11739300000000001	-0.908623	0.400778	0.0	-2.7699700000000003	-1.73236	-1.0858700000000001	0.346647	-0.894584	0.42116800000000004	-0.149457	0.0	0.147922	-0.036526300000000005	-0.988324	0.0	-0.42171000000000003	-0.9062469999999999	-0.029624400000000002	0.0	1.29797	1.21563	0.512283	0.362874	
0	0.929666	0.30702199999999996	0.20361300000000002	0.0	-0.255998	0.140928	0.956349	0.0	0.264926	-0.94121	0.20961300000000002	0.0	-2.66843	-2.09642	-1.29966	0.34849600000000003	-0.894789	0.39275	-0.21236799999999997	0.0	0.218588	-0.0294029	-0.975374	0.0	-0.389323	-0.919175	-0.059541	0.0	1.23337	1.1815200000000001	0.526672	0.360342	
0	0.925227	0.312759	0.21479499999999999	0.0	-0.281945	0.187923	0.940847	0.0	0.253893	-0.931057	0.262052	0.0	-2.52547	-2.82476	-1.6764	0.349554	-0.8851959999999999	0.418113	-0.203984	0.0	0.206443	-0.039897699999999994	-0.9776450000000001	0.0	-0.416904	-0.9075190000000001	-0.05099890000000001	0.0	1.1025	1.13984	0.47311499999999995	0.36086	
0	0.939499	0.254158	0.22966399999999998	0.0	-0.289353	0.229958	0.92919	0.0	0.183348	-0.939427	0.289587	0.0	-2.45625	-3.20154	-1.86549	0.35062	-0.88207	0.428018	-0.19685899999999998	0.0	0.196838	-0.04481369999999999	-0.979411	0.0	-0.42802700000000005	-0.902659	-0.0447215	0.0	0.9563010000000001	1.09584	0.39058899999999996	0.361308	
0	0.9497190000000001	0.23344099999999998	0.208661	0.0	-0.266025	0.250163	0.93094	0.0	0.165121	-0.9396399999999999	0.299686	0.0	-2.44865	-3.20819	-1.87458	0.34975700000000004	-0.8794200000000001	0.438111	-0.186224	0.0	0.184863	-0.0461985	-0.981678	0.0	-0.438687	-0.897733	-0.040362699999999994	0.0	0.864869	1.06787	0.34225	0.36246300000000004	
0	0.9520129999999999	0.211405	0.221313	0.0	-0.27529499999999996	0.275527	0.9210309999999999	0.0	0.133733	-0.93776	0.32050300000000004	0.0	-2.44415	-3.21693	-1.87533	0.349876	-0.879016	0.442317	-0.178007	0.0	0.177738	-0.0424477	-0.9831620000000001	0.0	-0.442425	-0.895854	-0.0413043	0.0	0.765362	1.04357	0.279009	0.363001	
0	0.949789	0.19941	0.241117	0.0	-0.290662	0.277026	0.915845	0.0	0.11583299999999999	-0.9399430000000001	0.321077	0.0	-2.44912	-3.2253	-1.8607	0.348933	-0.88394	0.43241999999999997	-0.17794300000000002	0.0	0.181545	-0.0333263	-0.9828180000000001	0.0	-0.43091999999999997	-0.901056	-0.0490453	0.0	0.740222	1.0305	0.191101	0.363061	
0	0.9526370000000001	0.168397	0.25323	0.0	-0.291956	0.273363	0.916534	0.0	0.085118	-0.9470559999999999	0.30958	0.0	-2.45497	-3.23413	-1.8580900000000002	0.34727800000000003	-0.8865139999999999	0.42702700000000005	-0.178162	0.0	0.182696	-0.0307133	-0.98269	0.0	-0.42510699999999996	-0.903717	-0.0507885	0.0	0.731755	1.03025	0.13441199999999998	0.36313	
0	0.957074	0.13563699999999998	0.25614699999999996	0.0	-0.285588	0.290452	0.913278	0.0	0.04947619999999999	-0.9472280000000001	0.31672	0.0	-2.4726	-3.24454	-1.85102	0.346617	-0.887858	0.423551	-0.179756	0.0	0.18381199999999998	-0.031644	-0.982452	0.0	-0.421807	-0.9053190000000001	-0.0497584	0.0	0.732749	1.04024	0.107333	0.363173	
0	0.9587030000000001	0.10845	0.26292	0.0	-0.28310799999999997	0.27560300000000004	0.918636	0.0	0.027164999999999998	-0.955134	0.29492399999999996	0.0	-2.4729099999999997	-3.25687	-1.84119	0.3458	-0.8898520000000001	0.417742	-0.183453	0.0	0.188228	-0.0301483	-0.981663	0.0	-0.415612	-0.908065	-0.0518031	0.0	0.73452	1.06295	0.116007	0.36304699999999995	
0	0.9621709999999999	0.0700168	0.263295	0.0	-0.27237100000000003	0.269732	0.9236120000000001	0.0	-0.00635074	-0.9603870000000001	0.278599	0.0	-2.48182	-3.2692799999999997	-1.8283900000000002	0.34515999999999997	-0.8913709999999999	0.41196400000000005	-0.189059	0.0	0.197272	-0.022938800000000002	-0.98008	0.0	-0.408094	-0.910912	-0.0608221	0.0	0.7498819999999999	1.10893	0.136974	0.362892	
0	0.964274	0.049231800000000006	0.260293	0.0	-0.26403000000000004	0.258546	0.9292159999999999	0.0	-0.0215508	-0.964744	0.262307	0.0	-2.4811	-3.27631	-1.82595	0.345475	-0.892114	0.409503	-0.190892	0.0	0.201599	-0.0173226	-0.9793149999999999	0.0	-0.404339	-0.9121440000000001	-0.0671018	0.0	0.777909	1.1281700000000001	0.125852	0.362606	
0	0.967145	-0.00733403	0.25411999999999996	0.0	-0.253923	0.0209116	0.9669979999999999	0.0	-0.012406100000000002	-0.9997540000000001	0.018362299999999998	0.0	-2.50258	-3.3659	-1.7962200000000001	0.34521199999999996	-0.8878020000000001	0.416682	-0.195406	0.0	0.20774600000000001	-0.0160322	-0.978051	0.0	-0.41066899999999995	-0.908911	-0.0723304	0.0	0.8268790000000001	1.13506	0.101922	0.36230500000000004	
0	0.973944	0.06857819999999999	0.216171	0.0	-0.226417	0.239499	0.944127	0.0	0.0129738	-0.9684719999999999	0.248786	0.0	-2.69568	-3.5843300000000005	-1.80781	0.333386	-0.8847790000000001	0.42248500000000005	-0.196652	0.0	0.21048000000000003	-0.014196	-0.9774950000000001	0.0	-0.41576899999999994	-0.906259	-0.0763643	0.0	0.846748	1.13458	0.0768664	0.362307	
0	0.972633	0.053954499999999996	0.225996	0.0	-0.232212	0.258859	0.9375870000000001	0.0	-0.00791405	-0.964407	0.264304	0.0	-2.70091	-3.5839800000000004	-1.81214	0.299525	-0.879959	0.431113	-0.199535	0.0	0.21323499999999998	-0.016883900000000004	-0.9768549999999999	0.0	-0.424504	-0.9021399999999999	-0.07707130000000001	0.0	0.842636	1.13004	0.0391354	0.362444	
0	0.97431	0.0541679	0.21859800000000001	0.0	-0.225127	0.26053200000000004	0.938851	0.0	-0.00609633	-0.963945	0.266034	0.0	-2.7065200000000003	-3.58414	-1.81407	0.291124	-0.8779	0.434148	-0.202008	0.0	0.216443	-0.0165278	-0.9761549999999999	0.0	-0.42713500000000004	-0.90069	-0.0794591	0.0	0.839327	1.1326100000000001	0.0184764	0.362492	
0	0.9730709999999999	0.0683243	0.220148	0.0	-0.230404	0.25979	0.937776	0.0	0.00688072	-0.963245	0.268536	0.0	-2.71453	-3.5831699999999995	-1.8188099999999998	0.21446700000000002	-0.8648540000000001	0.44785200000000003	-0.22683899999999999	0.0	0.24662199999999998	-0.0145487	-0.9690030000000001	0.0	-0.43727	-0.89399	-0.097868	0.0	0.843872	1.177	-0.09008150000000001	0.36221	
0	0.977258	0.0638804	0.202203	0.0	-0.21192600000000003	0.261038	0.941779	0.0	0.00737854	-0.9632129999999999	0.26863899999999996	0.0	-2.71664	-3.58236	-1.8186	0.187864	-0.857382	0.456125	-0.238425	0.0	0.262422	-0.011087799999999998	-0.964889	0.0	-0.442754	-0.8898469999999999	-0.11019100000000001	0.0	0.842498	1.2415200000000002	-0.151567	0.362335	
0	0.983158	0.0382204	0.178714	0.0	-0.182397	0.266387	0.946451	0.0	-0.0114334	-0.963108	0.268872	0.0	-2.7452099999999997	-3.58114	-1.82237	0.12165699999999999	-0.852008	0.46170900000000004	-0.246795	0.0	0.27379699999999996	-0.00882918	-0.9617469999999999	0.0	-0.446226	-0.8869879999999999	-0.11889200000000001	0.0	0.8510620000000001	1.28108	-0.221129	0.362084	
0	0.9894209999999999	0.047282199999999996	0.137153	0.0	-0.144731	0.256656	0.9556049999999999	0.0	0.00998186	-0.9653450000000001	0.260784	0.0	-2.8958	-3.5791699999999995	-1.84168	0.12300000000000001	-0.8438979999999999	0.470501	-0.257809	0.0	0.28784699999999996	-0.00844651	-0.9576389999999999	0.0	-0.452747	-0.882359	-0.128304	0.0	0.854462	1.30399	-0.29244000000000003	0.362062	
0	0.9905450000000001	0.0453967	0.129456	0.0	-0.13559100000000002	0.180515	0.974182	0.0	0.0208558	-0.982524	0.18496400000000002	0.0	-3.0777200000000002	-3.57893	-1.89546	0.12241700000000001	-0.834197	0.47972	-0.272002	0.0	0.307375	-0.00504273	-0.951575	0.0	-0.45786099999999996	-0.8774069999999999	-0.143247	0.0	0.840958	1.3630799999999998	-0.349114	0.36188400000000004	
0	0.9917370000000001	0.0496027	0.11830999999999998	0.0	-0.12523	0.174164	0.976721	0.0	0.0278427	-0.983467	0.17893599999999998	0.0	-3.074	-3.5793800000000005	-1.89369	0.122405	-0.830764	0.48357799999999995	-0.275654	0.0	0.313813	-0.00211853	-0.949483	0.0	-0.459733	-0.8752989999999999	-0.14999300000000002	0.0	0.832744	1.3909200000000002	-0.41428999999999994	0.361809	
0	0.9944639999999999	0.0484155	0.0932619	0.0	-0.100623	0.18301800000000001	0.9779459999999999	0.0	0.0302791	-0.981917	0.186877	0.0	-3.06504	-3.57979	-1.8883599999999998	0.12156700000000001	-0.8311280000000001	0.485462	-0.27120700000000003	0.0	0.311085	0.00165099	-0.9503809999999999	0.0	-0.460926	-0.8742559999999999	-0.152392	0.0	0.8231229999999999	1.39893	-0.442688	0.361646	
0	0.996193	0.058860199999999994	0.0642974	0.0	-0.0736508	0.173778	0.9820270000000001	0.0	0.0466288	-0.983024	0.177452	0.0	-3.06386	-3.57595	-1.87873	0.121775	-0.829101	0.49082700000000007	-0.267732	0.0	0.310508	0.00600803	-0.9505520000000001	0.0	-0.464948	-0.871236	-0.157387	0.0	0.8239569999999999	1.3926100000000001	-0.464134	0.361508	
0	0.997224	0.0649329	0.0364488	0.0	-0.0461335	0.154524	0.9869110000000001	0.0	0.058450800000000004	-0.9858530000000001	0.15709	0.0	-3.05772	-3.57372	-1.8550099999999998	0.121805	-0.827411	0.492787	-0.269356	0.0	0.312344	0.00519651	-0.9499549999999999	0.0	-0.46672600000000003	-0.870135	-0.158219	0.0	0.8374159999999999	1.35306	-0.48968100000000003	0.361531	
0	0.996715	0.078778	0.018818500000000002	0.0	-0.0297899	0.140504	0.989632	0.0	0.07531710000000001	-0.986941	0.14238900000000002	0.0	-3.06301	-3.56914	-1.8347	0.12256800000000001	-0.827092	0.493224	-0.26953499999999997	0.0	0.313369	0.00655323	-0.949609	0.0	-0.466603	-0.869878	-0.15998199999999999	0.0	0.847974	1.32269	-0.5134380000000001	0.36135300000000004	
0	0.996296	0.08552130000000001	0.00897774	0.0	-0.0194709	0.12266600000000001	0.992257	0.0	0.0837578	-0.988756	0.123877	0.0	-3.06298	-3.5640699999999996	-1.81945	0.12238299999999999	-0.8264389999999999	0.493859	-0.27037100000000003	0.0	0.313188	0.00417858	-0.949682	0.0	-0.46788	-0.869532	-0.15812400000000001	0.0	0.8531479999999999	1.29708	-0.5267970000000001	0.36130100000000004	
0	0.9946229999999999	0.102048	0.017619	0.0	-0.026545999999999997	0.0867925	0.995873	0.0	0.100098	-0.990986	0.08903480000000001	0.0	-3.07674	-3.5521800000000003	-1.8002200000000002	0.12193599999999999	-0.8267909999999999	0.491703	-0.273212	0.0	0.313108	-0.0012185	-0.949717	0.0	-0.467311	-0.870762	-0.152949	0.0	0.8304520000000001	1.2616	-0.5137510000000001	0.36125999999999997	
0	0.992381	0.110544	0.054406899999999994	0.0	-0.0596916	0.045070599999999995	0.997199	0.0	0.10778199999999999	-0.992849	0.051325800000000005	0.0	-3.0736	-3.20269	-1.83608	0.12144500000000001	-0.8279799999999999	0.490516	-0.271742	0.0	0.310321	-0.00282592	-0.950628	0.0	-0.467066	-0.8714280000000001	-0.14987799999999998	0.0	0.8240870000000001	1.18523	-0.49426400000000004	0.36098	
0	0.990899	0.108804	0.0792516	0.0	-0.0814823	0.0162046	0.9965430000000001	0.0	0.107144	-0.9939309999999999	0.0249227	0.0	-3.03194	-2.81986	-1.91172	0.12115799999999999	-0.827325	0.49205600000000005	-0.27095	0.0	0.30946599999999996	-0.00329024	-0.9509049999999999	0.0	-0.46879	-0.870557	-0.149553	0.0	0.7909689999999999	1.15675	-0.492282	0.361048	
0	0.9889100000000001	0.112881	0.0965146	0.0	-0.0990275	0.0168577	0.994942	0.0	0.11068299999999999	-0.9934649999999999	0.027849099999999998	0.0	-3.02556	-2.71842	-1.92124	0.12118599999999999	-0.8274440000000001	0.491619	-0.271382	0.0	0.30898600000000004	-0.00494301	-0.9510540000000001	0.0	-0.468897	-0.8707969999999999	-0.147813	0.0	0.779597	1.14094	-0.495055	0.36093800000000004	
0	0.984291	0.12473800000000002	0.124949	0.0	-0.12955999999999998	0.029529700000000002	0.991132	0.0	0.11994200000000001	-0.99175	0.0452269	0.0	-3.0188900000000003	-2.6339900000000003	-1.95029	0.120931	-0.824737	0.496079	-0.271504	0.0	0.306883	-0.0106614	-0.9516870000000001	0.0	-0.47500699999999996	-0.8682120000000001	-0.14344500000000002	0.0	0.729568	1.1100700000000001	-0.484034	0.361115	
0	0.982376	0.13025899999999999	0.13405	0.0	-0.13898	0.029477299999999998	0.989857	0.0	0.12498599999999999	-0.991042	0.0470612	0.0	-3.02972	-2.61862	-1.95117	0.12065799999999999	-0.82435	0.496967	-0.271057	0.0	0.306082	-0.011490899999999998	-0.951936	0.0	-0.476195	-0.8676940000000001	-0.14264000000000002	0.0	0.715613	1.1023100000000001	-0.477336	0.360912	
0	0.97569	0.138903	0.169514	0.0	-0.172565	0.010135700000000001	0.9849459999999999	0.0	0.135094	-0.9902540000000001	0.033859	0.0	-3.0367599999999997	-2.59243	-1.9477200000000001	0.120724	-0.824607	0.49633599999999994	-0.27143	0.0	0.303653	-0.016482499999999997	-0.9526399999999999	0.0	-0.477303	-0.867974	-0.137122	0.0	0.690606	1.0660399999999999	-0.41844499999999996	0.360792	
0	0.9578969999999999	0.20649699999999999	0.19948	0.0	-0.19652999999999998	-0.0349187	0.979876	0.0	0.20930700000000002	-0.977824	0.00713422	0.0	-2.49415	-2.1882900000000003	-2.15712	0.121496	-0.8258469999999999	0.497734	-0.265024	0.0	0.29783200000000004	-0.0140762	-0.954515	0.0	-0.478825	-0.867216	-0.13661600000000002	0.0	0.668419	1.01204	-0.41513199999999995	0.360771	
0	0.9352719999999999	0.280952	0.21524899999999997	0.0	-0.211195	-0.045012	0.976407	0.0	0.284012	-0.958666	0.017237099999999998	0.0	-2.10764	-1.9086900000000002	-2.36749	0.12163399999999999	-0.8233540000000001	0.499824	-0.26882	0.0	0.302908	-0.013531999999999999	-0.952924	0.0	-0.47993199999999997	-0.8660209999999999	-0.14026	0.0	0.663878	0.985296	-0.43312399999999995	0.357523	
1	0.9006770000000001	0.390411	0.190681	0.0	-0.185994	-0.050175	0.9812690000000001	0.0	0.39266599999999996	-0.919272	0.027422700000000005	0.0	-1.93241	-1.83254	-2.3254900000000003	0.121621	-0.810633	0.506326	-0.294121	0.0	0.321139	-0.0355899	-0.946363	0.0	-0.48963599999999996	-0.861607	-0.13375	0.0	0.680408	0.883656	-0.47561099999999995	0.35465399999999997	
1	0.8778239999999999	0.45105500000000004	0.161169	0.0	-0.151361	-0.058017099999999995	0.986775	0.0	0.45443999999999996	-0.890609	0.017343200000000003	0.0	-1.8376	-1.8066	-2.31853	0.121236	-0.8035479999999999	0.508865	-0.308816	0.0	0.333893	-0.0441671	-0.941576	0.0	-0.492775	-0.859713	-0.134416	0.0	0.689134	0.836945	-0.48872899999999997	0.354062	
1	0.824046	0.560955	0.0792272	0.0	-0.049807599999999994	-0.0675702	0.9964709999999999	0.0	0.564329	-0.825084	-0.0277411	0.0	-1.6737400000000002	-1.7754299999999998	-2.3750400000000003	0.12123199999999999	-0.780872	0.526126	-0.33679499999999996	0.0	0.347957	-0.08143560000000001	-0.933967	0.0	-0.518811	-0.846499	-0.119478	0.0	0.705845	0.688067	-0.54997	0.356957	
1	0.7981090000000001	0.599655	0.058611300000000005	0.0	-0.035218900000000004	-0.050681	0.998094	0.0	0.601482	-0.798652	-0.0193298	0.0	-1.58429	-1.78813	-2.3911	0.121224	-0.7629630000000001	0.533809	-0.364605	0.0	0.365113	-0.109601	-0.9244889999999999	0.0	-0.533461	-0.8384729999999999	-0.111279	0.0	0.70953	0.634827	-0.56126	0.35683200000000004	
1	0.734867	0.6771689999999999	-0.037575800000000006	0.0	0.026973	0.026178899999999998	0.999293	0.0	0.677675	-0.7353609999999999	0.0009726730000000001	0.0	-1.4641	-1.8333099999999998	-2.35848	0.121303	-0.69607	0.5382859999999999	-0.47511499999999995	0.0	0.45553999999999994	-0.180376	-0.87175	0.0	-0.55495	-0.823233	-0.119657	0.0	0.7098720000000001	0.615047	-0.617124	0.35630100000000003	
1	0.687088	0.717225	-0.11617899999999999	0.0	0.061906100000000006	0.10153	0.9929040000000001	0.0	0.723932	-0.689405	0.025359700000000002	0.0	-1.35289	-1.88483	-2.23969	0.121228	-0.616296	0.5066970000000001	-0.602858	0.0	0.545764	-0.277072	-0.790805	0.0	-0.567734	-0.816388	-0.10578	0.0	0.733973	0.611174	-0.646079	0.35622	
1	0.6609970000000001	0.735993	-0.146278	0.0	0.0822933	0.122662	0.989031	0.0	0.745862	-0.665784	0.0205117	0.0	-1.34801	-1.8737599999999999	-2.20065	0.121627	-0.5646770000000001	0.482203	-0.669792	0.0	0.588062	-0.334343	-0.736477	0.0	-0.579071	-0.80975	-0.0947698	0.0	0.748206	0.608582	-0.653519	0.356425	
1	0.619738	0.7606310000000001	-0.193299	0.0	0.11105	0.158832	0.9810399999999999	0.0	0.7769119999999999	-0.629454	0.013966	0.0	-1.34392	-1.8367200000000001	-2.08783	0.121623	-0.373604	0.38002800000000003	-0.846168	0.0	0.700096	-0.482908	-0.525991	0.0	-0.6085119999999999	-0.78891	-0.08563960000000001	0.0	0.760678	0.648779	-0.7183689999999999	0.35562	
1	0.592597	0.775786	-0.216759	0.0	0.124955	0.177304	0.976191	0.0	0.795748	-0.6055729999999999	0.00813198	0.0	-1.3755700000000002	-1.79896	-2.01645	0.121503	-0.221915	0.30186199999999996	-0.927164	0.0	0.7533880000000001	-0.550559	-0.35957100000000003	0.0	-0.619	-0.778308	-0.105242	0.0	0.7811939999999999	0.7048439999999999	-0.870976	0.35244899999999996	
1	0.557612	0.79748	-0.23042100000000001	0.0	0.138019	0.184649	0.973065	0.0	0.818547	-0.574395	-0.00710523	0.0	-1.43871	-1.7481400000000002	-1.9466400000000001	0.121296	-0.12129100000000001	0.199879	-0.9722850000000001	0.0	0.783101	-0.582633	-0.217466	0.0	-0.609952	-0.787774	-0.0858579	0.0	0.797479	0.6793100000000001	-0.9549479999999999	0.351165	
1	0.525412	0.8158479999999999	-0.24152600000000002	0.0	0.166951	0.179493	0.9694889999999999	0.0	0.8343079999999999	-0.549704	-0.04189880000000001	0.0	-1.48599	-1.59843	-1.9000700000000001	0.12129300000000001	-0.030936099999999998	0.108925	-0.993568	0.0	0.780207	-0.6187010000000001	-0.0921208	0.0	-0.6247560000000001	-0.778039	-0.0658434	0.0	0.813685	0.6441819999999999	-1.02683	0.327931	
1	0.501591	0.828152	-0.250139	0.0	0.172927	0.187327	0.966957	0.0	0.8476450000000001	-0.528273	-0.049248	0.0	-1.52284	-1.53864	-1.8873	0.121502	-0.00965136	0.0790783	-0.996822	0.0	0.779982	-0.623202	-0.05699069999999999	0.0	-0.625728	-0.778053	-0.05566519999999999	0.0	0.8116939999999999	0.6239859999999999	-1.0452700000000001	0.32824200000000003	
1	0.431751	0.8567670000000001	-0.282032	0.0	0.18692999999999999	0.220898	0.9572149999999999	0.0	0.8824110000000001	-0.465999	-0.0647823	0.0	-1.53681	-1.41439	-1.8524200000000002	0.12150699999999999	0.028829200000000003	0.00297177	-0.9995799999999999	0.0	0.790371	-0.612269	0.0209752	0.0	-0.61195	-0.790644	-0.0200002	0.0	0.748482	0.492629	-1.1117	0.32568800000000003	
1	0.412608	0.862872	-0.291902	0.0	0.179226	0.237285	0.954764	0.0	0.8931030000000001	-0.446259	-0.056743499999999995	0.0	-1.51092	-1.40593	-1.83044	0.121299	0.06936210000000001	-0.0493759	-0.9963690000000001	0.0	0.773352	-0.628257	0.0849707	0.0	-0.630171	-0.776438	-0.00539237	0.0	0.698583	0.423389	-1.14962	0.32558200000000004	
1	0.39158899999999996	0.870159	-0.299135	0.0	0.173238	0.24956199999999998	0.9527370000000001	0.0	0.9036850000000001	-0.424903	-0.0530183	0.0	-1.4195200000000001	-1.40698	-1.8087	0.121635	0.07802730000000001	-0.095067	-0.992408	0.0	0.7717390000000001	-0.62442	0.120493	0.0	-0.631135	-0.7752819999999999	0.0246449	0.0	0.6091300000000001	0.26574899999999996	-1.19003	0.3271	
1	0.361498	0.879224	-0.310297	0.0	0.16702999999999998	0.26635	0.9492940000000001	0.0	0.9172899999999999	-0.394997	-0.0505712	0.0	-1.32877	-1.3975	-1.80132	0.121501	0.0764403	-0.103735	-0.991663	0.0	0.7652399999999999	-0.631484	0.12504500000000002	0.0	-0.639191	-0.768418	0.031111400000000004	0.0	0.557617	0.137199	-1.23252	0.32645	
