0	0.668407	0.733617	-0.12263299999999999	0.0	0.276307	-0.09182760000000001	0.956672	0.0	0.69057	-0.673331	-0.26408200000000004	0.0	-2.9125400000000004	1.9759200000000001	1.33818	0.0	-0.528405	0.750979	-0.396003	0.0	0.346019	-0.23544400000000001	-0.9082049999999999	0.0	-0.77528	-0.616925	-0.135444	0.0	2.6313299999999997	1.87307	1.53254	0.0	
0	0.6560050000000001	0.744205	-0.12576199999999998	0.0	0.26548	-0.07154060000000001	0.9614590000000001	0.0	0.706525	-0.6641090000000001	-0.244502	0.0	-2.9311599999999998	1.9675099999999999	1.30522	0.0	-0.516958	0.752175	-0.40864	0.0	0.347463	-0.251897	-0.903226	0.0	-0.782319	-0.6089180000000001	-0.131133	0.0	2.60062	1.87943	1.5275	0.0	
0	0.633062	0.7700279999999999	-0.079304	0.0	0.249079	-0.105627	0.962706	0.0	0.732934	-0.629206	-0.258666	0.0	-2.84429	2.01516	1.37961	0.346458	-0.5455	0.766988	-0.337875	0.0	0.287103	-0.207738	-0.935102	0.0	-0.787401	-0.607103	-0.10688399999999999	0.0	2.4953	1.8915400000000002	1.60584	0.363591	
0	0.661347	0.746175	-0.076441	0.0	0.238261	-0.11235	0.9646809999999999	0.0	0.711232	-0.6562020000000001	-0.252087	0.0	-2.70939	1.9909599999999998	1.44905	0.0985148	-0.559631	0.738444	-0.376184	0.0	0.29889899999999997	-0.243523	-0.92269	0.0	-0.772964	-0.6288060000000001	-0.08443780000000001	0.0	2.42457	1.88063	1.66333	0.0244463	
0	0.69835	0.712703	-0.0660488	0.0	0.22264899999999999	-0.128608	0.9663780000000001	0.0	0.680246	-0.689576	-0.248496	0.0	-2.8267700000000002	1.97133	1.5339399999999999	0.0	-0.5735020000000001	0.734232	-0.363317	0.0	0.274094	-0.245957	-0.9297190000000001	0.0	-0.771989	-0.632779	-0.060191999999999996	0.0	2.46048	1.85065	1.73081	0.0	
0	0.666053	0.743898	-0.0546732	0.0	0.21384099999999998	-0.12021400000000002	0.9694440000000001	0.0	0.714594	-0.657392	-0.23914499999999997	0.0	-2.73868	2.02767	1.53783	0.0	-0.574385	0.734753	-0.36086	0.0	0.284851	-0.23387800000000003	-0.9296030000000001	0.0	-0.767426	-0.636741	-0.0749587	0.0	2.44361	1.85611	1.74394	0.016001599999999998	
0	0.671661	0.740107	-0.0333657	0.0	0.22639	-0.162155	0.9604440000000001	0.0	0.705421	-0.652647	-0.276466	0.0	-2.72295	2.09329	1.5878299999999999	0.290136	-0.577458	0.740857	-0.343035	0.0	0.278963	-0.215831	-0.935733	0.0	-0.767282	-0.636041	-0.0820385	0.0	2.4553	1.84607	1.75351	0.27605999999999997	
0	0.669647	0.7426689999999999	-0.00406963	0.0	0.20677600000000002	-0.181177	0.961467	0.0	0.713314	-0.6446850000000001	-0.27489	0.0	-2.63689	2.0851	1.59402	0.351051	-0.583216	0.741846	-0.330943	0.0	0.274233	-0.203679	-0.939846	0.0	-0.764628	-0.638889	-0.08464989999999999	0.0	2.42123	1.81627	1.76942	0.321763	
0	0.681899	0.7313470000000001	0.0120574	0.0	0.19531600000000002	-0.197947	0.960556	0.0	0.704887	-0.652647	-0.27782399999999996	0.0	-2.59876	2.04668	1.63143	0.3517	-0.590104	0.740189	-0.322332	0.0	0.272627	-0.193103	-0.942542	0.0	-0.7599020000000001	-0.6440739999999999	-0.08784439999999999	0.0	2.4127	1.73393	1.74295	0.33808	
0	0.713727	0.6983060000000001	0.054434199999999995	0.0	0.14735499999999999	-0.225677	0.962993	0.0	0.6847479999999999	-0.679293	-0.263971	0.0	-2.57797	1.9164700000000001	1.6660400000000002	0.3521	-0.609216	0.722182	-0.32758200000000004	0.0	0.274997	-0.19506199999999999	-0.94145	0.0	-0.743797	-0.66363	-0.0797631	0.0	2.41288	1.61497	1.79607	0.34299999999999997	
0	0.721557	0.688991	0.0681707	0.0	0.130107	-0.231643	0.9640610000000001	0.0	0.680021	-0.686755	-0.256786	0.0	-2.58221	1.8549	1.67608	0.352649	-0.615046	0.71773	-0.32647	0.0	0.273943	-0.193745	-0.9420290000000001	0.0	-0.739374	-0.668825	-0.0774547	0.0	2.4194400000000003	1.5431	1.81198	0.356156	
0	0.730305	0.679343	0.07175419999999999	0.0	0.12452200000000001	-0.235666	0.963824	0.0	0.671676	-0.69495	-0.256701	0.0	-2.58852	1.8017599999999998	1.7006400000000002	0.35288400000000003	-0.6260359999999999	0.705479	-0.33223400000000003	0.0	0.27133	-0.20235999999999998	-0.940973	0.0	-0.731068	-0.6792279999999999	-0.06473330000000001	0.0	2.41882	1.46661	1.86368	0.36030300000000004	
0	0.747268	0.659687	0.08002680000000001	0.0	0.106754	-0.23803600000000003	0.9653719999999999	0.0	0.655892	-0.7128479999999999	-0.24830100000000002	0.0	-2.6174	1.7596	1.7407299999999999	0.353414	-0.637003	0.69645	-0.330431	0.0	0.272742	-0.1973	-0.9416389999999999	0.0	-0.7209979999999999	-0.68995	-0.0642709	0.0	2.45661	1.42819	1.89155	0.360641	
0	0.747057	0.659935	0.0799461	0.0	0.106951	-0.23801599999999998	0.965355	0.0	0.6561	-0.712625	-0.248392	0.0	-2.61951	1.75731	1.74091	0.353531	-0.636736	0.696758	-0.330295	0.0	0.272721	-0.197168	-0.941673	0.0	-0.721242	-0.6896760000000001	-0.0644762	0.0	2.4587	1.42861	1.89048	0.360599	
0	0.747051	0.6599430000000001	0.0799435	0.0	0.106955	-0.238013	0.965355	0.0	0.656107	-0.712619	-0.248392	0.0	-2.61943	1.75738	1.7408400000000002	0.353531	-0.63673	0.696766	-0.33029200000000003	0.0	0.27271799999999996	-0.197167	-0.941674	0.0	-0.721249	-0.6896680000000001	-0.0644788	0.0	2.4586	1.42865	1.8904599999999998	0.3606	
0	0.74705	0.6599430000000001	0.0799436	0.0	0.106955	-0.238013	0.965355	0.0	0.656107	-0.712619	-0.248392	0.0	-2.61943	1.75738	1.7408400000000002	0.353532	-0.63673	0.696766	-0.33029200000000003	0.0	0.27271799999999996	-0.197167	-0.941674	0.0	-0.721249	-0.6896680000000001	-0.0644788	0.0	2.4586	1.42865	1.8904599999999998	0.3606	
0	0.74705	0.6599430000000001	0.0799436	0.0	0.106955	-0.238013	0.965355	0.0	0.656107	-0.712619	-0.248392	0.0	-2.61943	1.7573900000000002	1.7408400000000002	0.353531	-0.63673	0.696766	-0.33029200000000003	0.0	0.27271799999999996	-0.197167	-0.941674	0.0	-0.721249	-0.6896680000000001	-0.0644786	0.0	2.4586	1.42865	1.8904599999999998	0.3606	
0	0.74705	0.6599430000000001	0.0799436	0.0	0.106955	-0.238013	0.965355	0.0	0.656107	-0.712619	-0.248392	0.0	-2.61943	1.7573900000000002	1.7408400000000002	0.353531	-0.63673	0.696766	-0.33029200000000003	0.0	0.27271799999999996	-0.197167	-0.941674	0.0	-0.721249	-0.6896680000000001	-0.0644786	0.0	2.4586	1.42865	1.8904599999999998	0.3606	
0	0.74705	0.6599430000000001	0.0799436	0.0	0.106955	-0.238013	0.965355	0.0	0.656107	-0.712619	-0.248392	0.0	-2.61943	1.7573900000000002	1.7408400000000002	0.353532	-0.63673	0.696766	-0.33029200000000003	0.0	0.27271799999999996	-0.197167	-0.941674	0.0	-0.721249	-0.6896680000000001	-0.0644786	0.0	2.4586	1.42865	1.8904599999999998	0.3606	
0	0.74705	0.6599430000000001	0.0799436	0.0	0.106955	-0.238013	0.965355	0.0	0.656107	-0.712619	-0.248392	0.0	-2.61943	1.7573900000000002	1.7408400000000002	0.353532	-0.63673	0.696766	-0.33029200000000003	0.0	0.27271799999999996	-0.197167	-0.941674	0.0	-0.721249	-0.6896680000000001	-0.0644786	0.0	2.4586	1.42865	1.8904599999999998	0.3606	
0	0.74705	0.6599430000000001	0.0799436	0.0	0.106955	-0.238013	0.965355	0.0	0.656107	-0.712619	-0.248392	0.0	-2.61943	1.7573900000000002	1.7408400000000002	0.353531	-0.63673	0.696766	-0.33029200000000003	0.0	0.27271799999999996	-0.197167	-0.941674	0.0	-0.721249	-0.6896680000000001	-0.0644786	0.0	2.4586	1.42865	1.8904599999999998	0.3606	
0	0.74705	0.6599430000000001	0.0799436	0.0	0.106955	-0.238013	0.965355	0.0	0.656107	-0.712619	-0.248392	0.0	-2.61943	1.7573900000000002	1.7408400000000002	0.353532	-0.63673	0.696766	-0.33029200000000003	0.0	0.27271799999999996	-0.197167	-0.941674	0.0	-0.721249	-0.6896680000000001	-0.0644788	0.0	2.4586	1.42865	1.8904599999999998	0.3606	
0	0.74705	0.6599430000000001	0.0799436	0.0	0.106955	-0.238013	0.965355	0.0	0.656107	-0.712619	-0.248392	0.0	-2.61943	1.7573900000000002	1.7408400000000002	0.353531	-0.63673	0.696766	-0.33029200000000003	0.0	0.27271799999999996	-0.197167	-0.941674	0.0	-0.721249	-0.6896680000000001	-0.0644786	0.0	2.4586	1.42865	1.8904599999999998	0.3606	
0	0.74705	0.6599430000000001	0.0799436	0.0	0.106955	-0.238013	0.965355	0.0	0.656107	-0.712619	-0.248392	0.0	-2.61943	1.7573900000000002	1.7408400000000002	0.353531	-0.63673	0.696766	-0.33029200000000003	0.0	0.27271799999999996	-0.197167	-0.941674	0.0	-0.721249	-0.6896680000000001	-0.0644786	0.0	2.4586	1.42865	1.8904599999999998	0.3606	
0	0.74705	0.6599430000000001	0.0799436	0.0	0.106955	-0.238013	0.965355	0.0	0.656107	-0.712619	-0.248392	0.0	-2.61943	1.7573900000000002	1.7408400000000002	0.353531	-0.63673	0.696766	-0.33029200000000003	0.0	0.27271799999999996	-0.197167	-0.941674	0.0	-0.721249	-0.6896680000000001	-0.0644788	0.0	2.4586	1.42865	1.8904599999999998	0.360599	
0	0.74705	0.6599430000000001	0.0799436	0.0	0.106955	-0.238013	0.965355	0.0	0.656107	-0.712619	-0.248392	0.0	-2.61943	1.7573900000000002	1.7408400000000002	0.353532	-0.63673	0.696766	-0.33029200000000003	0.0	0.27271799999999996	-0.197167	-0.941674	0.0	-0.721249	-0.6896680000000001	-0.0644788	0.0	2.4586	1.42865	1.8904599999999998	0.3606	
0	0.74705	0.6599430000000001	0.0799436	0.0	0.106955	-0.238013	0.965355	0.0	0.656107	-0.712619	-0.248392	0.0	-2.61943	1.75738	1.7408400000000002	0.353531	-0.63673	0.696766	-0.33029200000000003	0.0	0.27271799999999996	-0.197167	-0.941674	0.0	-0.721249	-0.6896680000000001	-0.0644788	0.0	2.4586	1.42865	1.8904599999999998	0.3606	
0	0.74705	0.6599430000000001	0.0799436	0.0	0.106955	-0.238013	0.965355	0.0	0.656107	-0.712619	-0.248392	0.0	-2.61943	1.7573900000000002	1.7408400000000002	0.353532	-0.63673	0.696766	-0.33029200000000003	0.0	0.27271799999999996	-0.197167	-0.941674	0.0	-0.721249	-0.6896680000000001	-0.0644788	0.0	2.4586	1.42865	1.8904599999999998	0.3606	
0	0.8888030000000001	0.457647	0.024259799999999998	0.0	0.138417	-0.31853200000000004	0.937752	0.0	0.43688699999999997	-0.830119	-0.346458	0.0	-2.55488	1.6994799999999999	1.54403	0.348505	-0.743428	0.5634939999999999	-0.36026199999999997	0.0	0.30646799999999996	-0.19176600000000002	-0.932364	0.0	-0.594468	-0.803555	-0.030128500000000003	0.0	2.2519400000000003	1.34109	1.7653400000000001	0.358491	
0	0.8761909999999999	0.47392	0.08768680000000001	0.0	0.08776469999999999	-0.335784	0.937841	0.0	0.47390600000000005	-0.814032	-0.335805	0.0	-2.32297	1.4664	1.03931	0.348916	-0.756981	0.584237	-0.292657	0.0	0.22697199999999998	-0.184893	-0.956189	0.0	-0.612751	-0.790242	0.00735497	0.0	1.6987700000000001	1.0290700000000002	1.2980200000000002	0.357621	
0	0.875817	0.46601400000000004	0.125599	0.0	0.0395547	-0.32866	0.9436200000000001	0.0	0.481019	-0.82147	-0.30628	0.0	-2.00639	1.0993700000000002	0.59248	0.350317	-0.7872899999999999	0.574304	-0.22438699999999998	0.0	0.162467	-0.15783699999999998	-0.974008	0.0	-0.5947939999999999	-0.8032819999999999	0.030957799999999997	0.0	1.25142	0.7739149999999999	0.9456540000000001	0.356616	
0	0.8758450000000001	0.452186	0.16859100000000002	0.0	-0.036996	-0.285405	0.957693	0.0	0.48117200000000004	-0.8450280000000001	-0.23324099999999998	0.0	-1.56568	0.613007	0.15082	0.350394	-0.818703	0.5543819999999999	-0.149621	0.0	0.08845589999999999	-0.135693	-0.9867940000000001	0.0	-0.567364	-0.821126	0.06205369999999999	0.0	0.736845	0.486209	0.5333289999999999	0.35896	
0	0.888799	0.400514	0.22276700000000002	0.0	-0.128052	-0.249689	0.959822	0.0	0.44004399999999994	-0.8816149999999999	-0.17063699999999998	0.0	-1.23848	0.145403	-0.128195	0.35221199999999997	-0.836311	0.540369	-0.0926577	0.0	0.0225118	-0.135017	-0.9905879999999999	0.0	-0.547793	-0.830526	0.100751	0.0	0.302505	0.236058	0.27355	0.361373	
0	0.899015	0.367115	0.238744	0.0	-0.16798	-0.214381	0.962197	0.0	0.40441900000000003	-0.905134	-0.131064	0.0	-0.9491459999999999	-0.292434	-0.336393	0.35501900000000003	-0.8547600000000001	0.5170060000000001	-0.045714099999999994	0.0	-0.0253475	-0.129554	-0.9912479999999999	0.0	-0.518403	-0.8461209999999999	0.12384200000000001	0.0	-0.0397418	-0.00797686	0.0290784	0.361641	
0	0.90049	0.32277	0.29144000000000003	0.0	-0.241321	-0.186634	0.9523299999999999	0.0	0.361777	-0.927894	-0.09017080000000001	0.0	-0.8572690000000001	-0.61559	-0.503007	0.35542199999999996	-0.8745379999999999	0.484888	-0.00821134	0.0	-0.0646811	-0.133406	-0.988949	0.0	-0.480624	-0.864342	0.148031	0.0	-0.171429	-0.26172399999999996	-0.148255	0.36149899999999996	
0	0.907699	0.276974	0.315227	0.0	-0.312906	-0.05377130000000001	0.948261	0.0	0.279594	-0.9593719999999999	0.0378587	0.0	-0.875814	-0.861793	-0.676521	0.354722	-0.881267	0.47244899999999995	0.012717200000000001	0.0	-0.0865853	-0.13494	-0.9870639999999999	0.0	-0.464621	-0.870967	0.159825	0.0	-0.235415	-0.48779700000000004	-0.239878	0.358954	
0	0.920796	0.244875	0.303597	0.0	-0.288553	-0.09604410000000001	0.952635	0.0	0.262435	-0.964786	-0.0177774	0.0	-0.951052	-0.9850270000000001	-0.730482	0.3555	-0.8878969999999999	0.45992700000000003	0.0102834	0.0	-0.083117	-0.13839400000000002	-0.986883	0.0	-0.452471	-0.8771059999999999	0.161107	0.0	-0.24972800000000003	-0.44259799999999994	-0.237073	0.357589	
0	0.936701	0.21490599999999999	0.276417	0.0	-0.265361	-0.0792925	0.960883	0.0	0.228417	-0.973411	-0.0172457	0.0	-1.01435	-0.9829979999999999	-0.622685	0.354608	-0.8973260000000001	0.441352	0.0038414	0.0	-0.0686091	-0.130883	-0.9890209999999999	0.0	-0.436004	-0.8877379999999999	0.147725	0.0	-0.279254	-0.416433	-0.319601	0.360163	
0	0.950801	0.18093800000000002	0.251473	0.0	-0.24522399999999997	-0.0564918	0.9678190000000001	0.0	0.189322	-0.9818709999999999	-0.0093421	0.0	-1.11663	-0.9566389999999999	-0.461578	0.352606	-0.905694	0.423903	-0.00493847	0.0	-0.051516099999999995	-0.12161500000000001	-0.99124	0.0	-0.42078999999999994	-0.8975059999999999	0.131984	0.0	-0.29281	-0.332642	-0.39216100000000004	0.36085100000000003	
0	0.9617479999999999	0.13914100000000001	0.235969	0.0	-0.22980100000000003	-0.059077	0.9714430000000001	0.0	0.149108	-0.988509	-0.0248424	0.0	-1.40422	-0.783939	-0.317723	0.352126	-0.915826	0.401006	-0.021415200000000002	0.0	-0.024345099999999998	-0.108672	-0.9937799999999999	0.0	-0.400838	-0.9096069999999999	0.109286	0.0	-0.0919916	-0.338868	-0.411429	0.360796	
0	0.97177	0.0887913	0.21858200000000003	0.0	-0.214173	-0.05658730000000001	0.9751549999999999	0.0	0.0989543	-0.994442	-0.0359731	0.0	-1.65117	-0.674553	-0.147951	0.351302	-0.924171	0.38093	-0.028302299999999996	0.0	-0.00586285	-0.0882307	-0.9960829999999999	0.0	-0.38193499999999997	-0.920385	0.0837734	0.0	0.0923572	-0.343515	-0.38395300000000004	0.361128	
0	0.973383	0.061198199999999994	0.220862	0.0	-0.21822399999999997	-0.0469597	0.9747680000000001	0.0	0.0700257	-0.99702	-0.032354900000000006	0.0	-1.8271	-0.702875	-0.0268068	0.35142399999999996	-0.935794	0.351771	-0.0233899	0.0	-0.00102738	-0.0690663	-0.997612	0.0	-0.352546	-0.933535	0.064993	0.0	0.23336199999999999	-0.40311199999999997	-0.403719	0.36126199999999997	
0	0.9725010000000001	0.045561199999999996	0.228399	0.0	-0.22728299999999999	-0.028404200000000004	0.9734149999999999	0.0	0.050837400000000005	-0.998558	-0.0172679	0.0	-2.0000400000000003	-0.795617	0.07115969999999999	0.351713	-0.946148	0.32301399999999997	-0.0216094	0.0	0.00475118	-0.0528884	-0.998589	0.0	-0.323701	-0.944915	0.0485052	0.0	0.399503	-0.47066	-0.446353	0.36144299999999996	
0	0.9715790000000001	0.0382237	0.233609	0.0	-0.23268699999999998	-0.0270626	0.972175	0.0	0.04348219999999999	-0.9989030000000001	-0.0173993	0.0	-2.081	-0.854017	0.10798699999999999	0.35196900000000003	-0.950727	0.309332	-0.020778400000000002	0.0	0.0073908	-0.044388300000000006	-0.9989870000000001	0.0	-0.30994099999999997	-0.949918	0.0399147	0.0	0.490204	-0.489465	-0.464341	0.361604	
0	0.971382	0.016771900000000003	0.23692800000000003	0.0	-0.236454	-0.0261598	0.971291	0.0	0.0224883	-0.999517	-0.0214454	0.0	-2.30822	-1.011	0.13111199999999998	0.352244	-0.9621120000000001	0.270921	-0.030691000000000003	0.0	0.0259159	-0.0211864	-0.99944	0.0	-0.27142	-0.962368	0.013362200000000001	0.0	0.802242	-0.529637	-0.504007	0.36125999999999997	
0	0.96988	0.00702333	0.243484	0.0	-0.242995	-0.041654500000000004	0.969133	0.0	0.0169487	-0.999107	-0.0386932	0.0	-2.42314	-1.09071	0.0678949	0.35229699999999997	-0.962714	0.26621999999999996	-0.048041	0.0	0.045594199999999994	-0.015367700000000001	-0.998842	0.0	-0.26665	-0.9637899999999999	0.00265634	0.0	0.9814440000000001	-0.543876	-0.532972	0.36145700000000003	
0	0.9691719999999999	0.00721964	0.246279	0.0	-0.24566	-0.0482962	0.968152	0.0	0.018884	-0.998807	-0.0450338	0.0	-2.46342	-1.12589	0.0347229	0.352216	-0.9625959999999999	0.265488	-0.054088300000000006	0.0	0.053024199999999994	-0.0111792	-0.998531	0.0	-0.265703	-0.9640489999999999	-0.0033164	0.0	1.02996	-0.540229	-0.53891	0.36144499999999996	
0	0.962749	0.01703	0.269861	0.0	-0.267336	-0.0897965	0.95941	0.0	0.040571300000000005	-0.995815	-0.08189869999999999	0.0	-2.4833	-1.24534	-0.113033	0.352461	-0.960034	0.267995	-0.0807078	0.0	0.0837443	-0.00010049299999999999	-0.9964870000000001	0.0	-0.26706199999999997	-0.96342	-0.0223467	0.0	1.1954200000000001	-0.502249	-0.55842	0.361527	
0	0.9658530000000001	0.030247700000000002	0.257317	0.0	-0.253384	-0.0969984	0.96249	0.0	0.0540725	-0.994825	-0.086022	0.0	-2.48769	-1.36286	-0.254278	0.352694	-0.958659	0.268115	-0.09532130000000001	0.0	0.10026499999999999	0.00477368	-0.994949	0.0	-0.266306	-0.963375	-0.0314589	0.0	1.27474	-0.47745	-0.549636	0.361526	
0	0.9681489999999999	0.0476537	0.245798	0.0	-0.240844	-0.0910451	0.966284	0.0	0.06842580000000001	-0.994706	-0.0766681	0.0	-2.50354	-1.46745	-0.342575	0.35223899999999997	-0.955729	0.273194	-0.1093	0.0	0.11585	0.00790846	-0.9932350000000001	0.0	-0.270482	-0.9619260000000001	-0.039208099999999996	0.0	1.33073	-0.45768500000000006	-0.5467529999999999	0.361496	
0	0.96796	0.0598086	0.243877	0.0	-0.23778400000000002	-0.0937863	0.96678	0.0	0.0806941	-0.9937940000000001	-0.07655980000000001	0.0	-2.51545	-1.53461	-0.40618000000000004	0.35244000000000003	-0.9527190000000001	0.279432	-0.119348	0.0	0.126379	0.00721335	-0.991956	0.0	-0.27632399999999996	-0.9601379999999999	-0.0421869	0.0	1.34532	-0.441646	-0.541509	0.361727	
0	0.9662299999999999	0.0627596	0.24992199999999998	0.0	-0.24292800000000003	-0.101615	0.964708	0.0	0.0859405	-0.992842	-0.0829379	0.0	-2.49516	-1.5581	-0.43511000000000005	0.352675	-0.9514450000000001	0.282433	-0.12240899999999999	0.0	0.129598	0.00683695	-0.9915430000000001	0.0	-0.27920700000000004	-0.9592629999999999	-0.0431077	0.0	1.34765	-0.43583900000000003	-0.54328	0.361718	
0	0.966701	0.058923199999999995	0.249033	0.0	-0.242627	-0.09840460000000001	0.965116	0.0	0.0813737	-0.993401	-0.0808315	0.0	-2.50694	-1.68144	-0.5827939999999999	0.352559	-0.9471219999999999	0.294511	-0.127372	0.0	0.136771	0.0114511	-0.9905370000000001	0.0	-0.29026599999999997	-0.9555790000000001	-0.0511262	0.0	1.33075	-0.392309	-0.527405	0.361572	
0	0.968031	0.0487214	0.24605500000000002	0.0	-0.2413	-0.08696770000000001	0.9665459999999999	0.0	0.0684903	-0.9950190000000001	-0.07243089999999999	0.0	-2.58678	-1.79725	-0.655826	0.352101	-0.945276	0.299613	-0.129168	0.0	0.13961800000000002	0.013642500000000002	-0.9901110000000001	0.0	-0.294888	-0.9539629999999999	-0.0547274	0.0	1.31955	-0.367859	-0.536324	0.361525	
0	0.9673860000000001	0.0427462	0.24967199999999998	0.0	-0.24514899999999998	-0.0901083	0.965289	0.0	0.06376	-0.995014	-0.0766903	0.0	-2.64879	-1.8900599999999999	-0.719721	0.351664	-0.9445790000000001	0.302385	-0.127808	0.0	0.13858399999999998	0.014358000000000001	-0.990247	0.0	-0.297601	-0.9530780000000001	-0.055467999999999996	0.0	1.31988	-0.357545	-0.563537	0.361564	
0	0.966403	0.0432656	0.253364	0.0	-0.24866999999999997	-0.0919924	0.96421	0.0	0.0650246	-0.994819	-0.0781429	0.0	-2.6786	-1.96173	-0.783813	0.351742	-0.9434870000000001	0.305564	-0.12831199999999998	0.0	0.138408	0.0115117	-0.990308	0.0	-0.301125	-0.952102	-0.05315369999999999	0.0	1.3172700000000002	-0.359273	-0.557921	0.361483	
0	0.9679709999999999	0.0525951	0.24549	0.0	-0.240646	-0.08434989999999999	0.9669409999999999	0.0	0.07156339999999999	-0.9950469999999999	-0.0689915	0.0	-2.7093599999999998	-1.97921	-0.8333290000000001	0.351213	-0.9441579999999999	0.301989	-0.13179000000000002	0.0	0.13988699999999998	0.00524253	-0.9901540000000001	0.0	-0.298325	-0.953297	-0.047194400000000004	0.0	1.3051700000000002	-0.36331199999999997	-0.5353359999999999	0.361558	
0	0.9677309999999999	0.050224300000000006	0.24693099999999998	0.0	-0.242234	-0.0845636	0.966525	0.0	0.0694244	-0.995151	-0.0696687	0.0	-2.70878	-1.97921	-0.8321799999999999	0.35125700000000004	-0.944003	0.302662	-0.131357	0.0	0.139795	0.00628591	-0.9901610000000001	0.0	-0.29885900000000004	-0.9530770000000001	-0.0482449	0.0	1.30666	-0.362174	-0.536312	0.361583	
0	0.967727	0.050186800000000004	0.246952	0.0	-0.242258	-0.0845727	0.966519	0.0	0.06939189999999999	-0.9951530000000001	-0.06968510000000001	0.0	-2.7086900000000003	-1.97918	-0.832046	0.35125700000000004	-0.9440000000000001	0.302673	-0.13135	0.0	0.139792	0.0062989	-0.9901610000000001	0.0	-0.29886799999999997	-0.953074	-0.0482576	0.0	1.30666	-0.362179	-0.536339	0.361583	
0	0.967727	0.0501869	0.246952	0.0	-0.242258	-0.0845727	0.966519	0.0	0.069392	-0.9951530000000001	-0.06968510000000001	0.0	-2.7086900000000003	-1.97918	-0.832046	0.35125700000000004	-0.9440000000000001	0.302673	-0.13135	0.0	0.139792	0.0062989	-0.9901610000000001	0.0	-0.29886799999999997	-0.953074	-0.0482576	0.0	1.30666	-0.362179	-0.536339	0.361583	
0	0.967727	0.050187	0.246952	0.0	-0.242258	-0.0845727	0.966519	0.0	0.0693921	-0.9951530000000001	-0.06968510000000001	0.0	-2.7086900000000003	-1.97918	-0.832046	0.35125700000000004	-0.9440000000000001	0.302673	-0.13135	0.0	0.139792	0.0062989	-0.9901610000000001	0.0	-0.29886799999999997	-0.953074	-0.0482576	0.0	1.30666	-0.36218	-0.536339	0.361583	
0	0.967727	0.050187	0.246952	0.0	-0.242258	-0.0845727	0.966519	0.0	0.069392	-0.9951530000000001	-0.06968510000000001	0.0	-2.7086900000000003	-1.97918	-0.832046	0.35125700000000004	-0.9440000000000001	0.302673	-0.13135	0.0	0.139792	0.0062989	-0.9901610000000001	0.0	-0.29886799999999997	-0.953074	-0.0482576	0.0	1.30666	-0.362179	-0.536339	0.361583	
0	0.967727	0.050187	0.246952	0.0	-0.242258	-0.0845727	0.966519	0.0	0.0693921	-0.9951530000000001	-0.06968510000000001	0.0	-2.7086900000000003	-1.97918	-0.832046	0.35125700000000004	-0.9440000000000001	0.302673	-0.13135	0.0	0.139792	0.00629884	-0.9901610000000001	0.0	-0.29886799999999997	-0.953074	-0.0482576	0.0	1.30666	-0.362179	-0.536339	0.361583	
0	0.967727	0.050187	0.246952	0.0	-0.242258	-0.0845727	0.966519	0.0	0.0693921	-0.9951530000000001	-0.06968510000000001	0.0	-2.7086900000000003	-1.97918	-0.832046	0.35125700000000004	-0.9440000000000001	0.302673	-0.13135	0.0	0.139792	0.0062989	-0.9901610000000001	0.0	-0.29886799999999997	-0.953074	-0.0482576	0.0	1.30666	-0.362179	-0.536339	0.361583	
0	0.967727	0.050187	0.246952	0.0	-0.242258	-0.0845727	0.966519	0.0	0.0693921	-0.9951530000000001	-0.06968510000000001	0.0	-2.7086900000000003	-1.97918	-0.832046	0.35125700000000004	-0.9440000000000001	0.302673	-0.13135	0.0	0.139792	0.0062989	-0.9901610000000001	0.0	-0.29886799999999997	-0.953074	-0.0482576	0.0	1.30666	-0.362179	-0.536339	0.361583	
0	0.967727	0.050187	0.246952	0.0	-0.242258	-0.0845727	0.966519	0.0	0.0693921	-0.9951530000000001	-0.06968510000000001	0.0	-2.7086900000000003	-1.97918	-0.832046	0.35125700000000004	-0.9440000000000001	0.302673	-0.13135	0.0	0.139792	0.0062989	-0.9901610000000001	0.0	-0.29886799999999997	-0.953074	-0.0482576	0.0	1.30666	-0.362179	-0.536339	0.361583	
0	0.967727	0.050187	0.246952	0.0	-0.242258	-0.0845727	0.966519	0.0	0.069392	-0.9951530000000001	-0.06968510000000001	0.0	-2.7086900000000003	-1.97918	-0.832046	0.35125700000000004	-0.9440000000000001	0.302673	-0.13135	0.0	0.139792	0.0062989	-0.9901610000000001	0.0	-0.29886799999999997	-0.953074	-0.0482576	0.0	1.30666	-0.362179	-0.536339	0.361583	
0	0.967727	0.050187	0.246952	0.0	-0.242258	-0.0845727	0.966519	0.0	0.0693921	-0.9951530000000001	-0.06968510000000001	0.0	-2.7086900000000003	-1.97918	-0.832046	0.35125700000000004	-0.9440000000000001	0.302673	-0.13135	0.0	0.139792	0.00629884	-0.9901610000000001	0.0	-0.29886799999999997	-0.953074	-0.0482576	0.0	1.30666	-0.362179	-0.5363399999999999	0.361583	
0	0.980643	0.125316	0.150449	0.0	-0.132707	-0.139592	0.981276	0.0	0.14397100000000002	-0.982247	-0.12025999999999999	0.0	-2.66668	-2.7907900000000003	-1.31713	0.354099	-0.91837	0.347879	-0.18862	0.0	0.199533	-0.00454223	-0.979881	0.0	-0.34173600000000004	-0.9375290000000001	-0.0652421	0.0	1.1198299999999999	-0.364485	-0.520948	0.36175300000000005	
0	0.981615	0.10321400000000001	0.16055899999999998	0.0	-0.14513	-0.142769	0.979058	0.0	0.123975	-0.98436	-0.125164	0.0	-2.72674	-2.9981	-1.44729	0.350734	-0.917151	0.352432	-0.186078	0.0	0.197223	-0.00436234	-0.980349	0.0	-0.34631799999999996	-0.9358270000000001	-0.0655071	0.0	1.05247	-0.34410799999999997	-0.529729	0.361813	
0	0.975972	0.10401300000000001	0.19147	0.0	-0.178359	-0.123426	0.976194	0.0	0.125169	-0.9868879999999999	-0.101909	0.0	-2.76467	-3.30825	-1.58355	0.34926199999999996	-0.916126	0.35698	-0.182423	0.0	0.195399	0.00029104900000000004	-0.9807239999999999	0.0	-0.350046	-0.934112	-0.0700204	0.0	0.9639190000000001	-0.273527	-0.581086	0.361629	
0	0.973375	0.10551600000000001	0.203488	0.0	-0.190379	-0.122267	0.974067	0.0	0.12766	-0.986873	-0.0989238	0.0	-2.76957	-3.33201	-1.5822399999999999	0.350258	-0.915892	0.358512	-0.180585	0.0	0.194911	0.00389808	-0.9808129999999999	0.0	-0.350929	-0.933517	-0.0734485	0.0	0.9581930000000001	-0.25948000000000004	-0.6075659999999999	0.361732	
0	0.97229	0.09812330000000001	0.212189	0.0	-0.199969	-0.121091	0.972291	0.0	0.121099	-0.9877799999999999	-0.09811389999999999	0.0	-2.75631	-3.38501	-1.59121	0.348207	-0.915539	0.361318	-0.176743	0.0	0.193853	0.011351700000000001	-0.980965	0.0	-0.352434	-0.9323739999999999	-0.0804358	0.0	0.9477190000000001	-0.220415	-0.6558	0.361587	
0	0.9727389999999999	0.0603625	0.223908	0.0	-0.217011	-0.103468	0.97067	0.0	0.0817594	-0.9928	-0.087548	0.0	-2.7416400000000003	-3.44107	-1.59379	0.34942	-0.914934	0.363523	-0.175347	0.0	0.194536	0.0165447	-0.980756	0.0	-0.353626	-0.9314379999999999	-0.08585570000000001	0.0	0.927686	-0.169121	-0.693901	0.361579	
0	0.974282	0.0493221	0.21986799999999998	0.0	-0.21510300000000002	-0.0870677	0.9727020000000001	0.0	0.06711900000000001	-0.994981	-0.0742191	0.0	-2.82018	-3.5613599999999996	-1.61246	0.347549	-0.915043	0.363433	-0.174967	0.0	0.194751	0.0182112	-0.980684	0.0	-0.353227	-0.931442	-0.08744310000000001	0.0	0.921156	-0.155943	-0.689987	0.361597	
0	0.974585	0.0420862	0.220029	0.0	-0.217365	-0.059938099999999994	0.974249	0.0	0.054190499999999996	-0.997315	-0.0492667	0.0	-2.94841	-3.62771	-1.66268	0.349008	-0.9140379999999999	0.365136	-0.17666500000000002	0.0	0.19780899999999998	0.0210083	-0.980015	0.0	-0.354128	-0.930717	-0.09143	0.0	0.9247479999999999	-0.11879400000000001	-0.695087	0.361507	
0	0.9743379999999999	0.0422698	0.221085	0.0	-0.218631	-0.0558803	0.9742059999999999	0.0	0.053533800000000006	-0.997542	-0.0452048	0.0	-2.9563099999999998	-3.62909	-1.6684900000000003	0.349113	-0.913208	0.367709	-0.175616	0.0	0.19783	0.023287799999999997	-0.97996	0.0	-0.35625	-0.929649	-0.0940102	0.0	0.92338	-0.104181	-0.697288	0.36139499999999997	
0	0.976532	0.0298765	0.21329	0.0	-0.21220799999999998	-0.0356614	0.9765739999999999	0.0	0.036782800000000004	-0.998917	-0.028484500000000003	0.0	-2.96329	-3.6353699999999995	-1.68783	0.34970300000000004	-0.9100020000000001	0.375863	-0.174994	0.0	0.200098	0.0284885	-0.9793620000000001	0.0	-0.36312	-0.9262370000000001	-0.101134	0.0	0.907286	-0.053448699999999995	-0.691643	0.361222	
0	0.976458	0.0266231	0.21405900000000003	0.0	-0.21339	-0.025887999999999998	0.9766239999999999	0.0	0.0315423	-0.99931	-0.0195975	0.0	-2.95962	-3.6384300000000005	-1.69491	0.3495	-0.908378	0.379662	-0.175231	0.0	0.202532	0.0328534	-0.9787239999999999	0.0	-0.36582800000000004	-0.924542	-0.10673699999999998	0.0	0.898382	-0.027580700000000003	-0.712799	0.361214	
0	0.9758540000000001	0.0307442	0.21624699999999997	0.0	-0.21566100000000002	-0.021287599999999997	0.9762360000000001	0.0	0.034617	-0.999301	-0.0141433	0.0	-2.96152	-3.63939	-1.69927	0.347889	-0.9053760000000001	0.386337	-0.176178	0.0	0.207481	0.0405143	-0.9774	0.0	-0.37046799999999996	-0.921467	-0.11683800000000001	0.0	0.889036	0.0165862	-0.734636	0.361323	
0	0.9780459999999999	0.023194799999999998	0.20709499999999997	0.0	-0.20656300000000002	-0.023389700000000003	0.9781540000000001	0.0	0.027532	-0.9994569999999999	-0.018085	0.0	-2.9839700000000002	-3.60881	-1.6461599999999998	0.21479600000000001	-0.899384	0.399974	-0.17643599999999998	0.0	0.21525100000000003	0.053893399999999994	-0.9750709999999999	0.0	-0.380494	-0.914941	-0.13456600000000002	0.0	0.890452	0.07152710000000001	-0.7843319999999999	0.361059	
0	0.984034	0.00711341	0.177837	0.0	-0.177304	-0.047733	0.9829979999999999	0.0	0.015481100000000001	-0.998835	-0.0457097	0.0	-2.99563	-3.59685	-1.5884	0.154412	-0.8962620000000001	0.405936	-0.17868900000000001	0.0	0.220313	0.0578071	-0.973715	0.0	-0.384937	-0.912071	-0.141243	0.0	0.8673700000000001	0.142791	-0.791285	0.361108	
0	0.9851530000000001	0.00882579	0.17145	0.0	-0.17061600000000002	-0.0605183	0.983477	0.0	0.019055799999999998	-0.998128	-0.058114	0.0	-3.00018	-3.5953699999999995	-1.5817	0.15453499999999998	-0.8951290000000001	0.408532	-0.178452	0.0	0.222073	0.0615226	-0.973087	0.0	-0.38655900000000004	-0.910668	-0.145795	0.0	0.865612	0.171732	-0.812545	0.361144	
0	0.986242	0.013476400000000001	0.164758	0.0	-0.163459	-0.0691456	0.984124	0.0	0.024654699999999998	-0.997516	-0.0659915	0.0	-3.00645	-3.59425	-1.57609	0.154525	-0.892495	0.41361499999999995	-0.17993299999999998	0.0	0.22671100000000002	0.06648380000000001	-0.9716899999999999	0.0	-0.389943	-0.908021	-0.153108	0.0	0.861826	0.229785	-0.8594930000000001	0.361218	
0	0.9882209999999999	0.030214299999999996	0.150025	0.0	-0.147515	-0.0728847	0.9863709999999999	0.0	0.040737	-0.996883	-0.0675691	0.0	-3.02331	-3.59294	-1.5751899999999999	0.154531	-0.890175	0.418871	-0.17926199999999998	0.0	0.227991	0.06887069999999999	-0.971225	0.0	-0.394472	-0.90543	-0.156806	0.0	0.857642	0.24595	-0.875092	0.360937	
0	0.988009	0.0255803	0.15226099999999998	0.0	-0.150106	-0.0716827	0.9860680000000001	0.0	0.0361384	-0.9971	-0.0669834	0.0	-3.01897	-3.5932699999999995	-1.57566	0.154523	-0.8905129999999999	0.418141	-0.179288	0.0	0.227606	0.0682377	-0.971359	0.0	-0.393931	-0.905816	-0.15593800000000002	0.0	0.8564139999999999	0.245625	-0.877167	0.36097199999999996	
0	0.98964	0.0494264	0.134794	0.0	-0.129432	-0.09912760000000001	0.9866209999999999	0.0	0.0621269	-0.9938459999999999	-0.0917034	0.0	-3.03409	-3.58385	-1.7056200000000001	0.15427000000000002	-0.886293	0.42911099999999996	-0.174209	0.0	0.22469299999999998	0.0694959	-0.9719479999999999	0.0	-0.404967	-0.900574	-0.15801199999999999	0.0	0.808634	0.233075	-0.894561	0.360894	
0	0.9880479999999999	0.06925310000000001	0.13771	0.0	-0.129492	-0.111724	0.985266	0.0	0.08361829999999999	-0.991323	-0.101421	0.0	-2.9978599999999997	-3.5678699999999997	-1.79358	0.15404500000000002	-0.8845200000000001	0.432859	-0.173948	0.0	0.224331	0.0677363	-0.9721559999999999	0.0	-0.409023	-0.898913	-0.15701800000000002	0.0	0.7929729999999999	0.22712100000000002	-0.906381	0.360848	
0	0.987426	0.07603480000000001	0.138595	0.0	-0.127581	-0.134391	0.9826809999999999	0.0	0.0933438	-0.988007	-0.12300000000000001	0.0	-2.89827	-3.3794800000000005	-1.73737	0.15402000000000002	-0.882567	0.437359	-0.17260599999999998	0.0	0.223165	0.0665302	-0.972508	0.0	-0.413851	-0.8968229999999999	-0.15632100000000002	0.0	0.770316	0.221906	-0.9090520000000001	0.360966	
0	0.985431	0.0868974	0.146198	0.0	-0.131825	-0.152874	0.9794139999999999	0.0	0.107458	-0.984418	-0.139192	0.0	-2.86333	-3.22748	-1.71652	0.15392899999999998	-0.881784	0.439483	-0.171206	0.0	0.22196999999999997	0.06640139999999999	-0.9727899999999999	0.0	-0.416156	-0.8957930000000001	-0.156104	0.0	0.757484	0.21844	-0.910711	0.360848	
0	0.982708	0.09686489999999999	0.157806	0.0	-0.136522	-0.196709	0.97091	0.0	0.125089	-0.975665	-0.180083	0.0	-2.69959	-2.83015	-1.6771599999999998	0.153945	-0.8791680000000001	0.44568599999999997	-0.168602	0.0	0.21988400000000002	0.0655419	-0.9733219999999999	0.0	-0.422746	-0.8927870000000001	-0.155622	0.0	0.711226	0.198331	-0.924715	0.360913	
0	0.983867	0.0869125	0.15637	0.0	-0.13297899999999999	-0.229408	0.9642040000000001	0.0	0.119674	-0.969442	-0.21415	0.0	-2.6875400000000003	-2.66186	-1.64579	0.154137	-0.878128	0.44855900000000004	-0.16639500000000002	0.0	0.218088	0.0657402	-0.9737120000000001	0.0	-0.425828	-0.891332	-0.155554	0.0	0.691967	0.188086	-0.9097459999999999	0.360644	
0	0.9825389999999999	0.0914763	0.162018	0.0	-0.133621	-0.259035	0.9565809999999999	0.0	0.129473	-0.961527	-0.24228899999999998	0.0	-2.59407	-2.38288	-1.65095	0.15423800000000001	-0.876926	0.452787	-0.161198	0.0	0.214434	0.0684221	-0.974339	0.0	-0.430138	-0.88899	-0.157094	0.0	0.679569	0.16513599999999998	-0.8936790000000001	0.360133	
0	0.9824780000000001	0.0873423	0.164645	0.0	-0.134472	-0.279478	0.9506889999999999	0.0	0.12905	-0.9561709999999999	-0.262836	0.0	-2.33147	-2.04915	-1.74551	0.154014	-0.874974	0.45398	-0.168295	0.0	0.221244	0.065711	-0.973002	0.0	-0.43066499999999996	-0.8885860000000001	-0.157936	0.0	0.676796	0.139664	-0.878792	0.360616	
0	0.975102	0.169715	0.142735	0.0	-0.0861339	-0.30326	0.9490069999999999	0.0	0.204346	-0.937673	-0.281091	0.0	-2.2214400000000003	-1.68482	-1.66057	0.154231	-0.849247	0.470829	-0.238958	0.0	0.287011	0.0317845	-0.9574	0.0	-0.443176	-0.881652	-0.162126	0.0	0.701009	0.05934	-0.891589	0.36139499999999997	
1	0.966664	0.21522800000000003	0.138702	0.0	-0.06572689999999999	-0.314969	0.946824	0.0	0.24747	-0.924376	-0.290323	0.0	-2.13687	-1.54782	-1.61916	0.154021	-0.8295959999999999	0.480358	-0.284652	0.0	0.330869	0.012263600000000001	-0.9435969999999999	0.0	-0.449773	-0.8769870000000001	-0.16910899999999998	0.0	0.706518	0.044216399999999996	-0.8958010000000001	0.36166	
1	0.959591	0.24698499999999998	0.134848	0.0	-0.049293699999999996	-0.324257	0.944684	0.0	0.277048	-0.913157	-0.298979	0.0	-2.06823	-1.43175	-1.57361	0.15423900000000001	-0.793675	0.497174	-0.35057	0.0	0.389852	-0.0267121	-0.9204899999999999	0.0	-0.467008	-0.86724	-0.172624	0.0	0.714332	0.036711400000000005	-0.9075489999999999	0.361207	
1	0.921162	0.35162899999999997	0.166786	0.0	-0.0332541	-0.355876	0.933941	0.0	0.387756	-0.865858	-0.316127	0.0	-1.8279599999999998	-1.20868	-1.40559	0.15423800000000001	-0.48427600000000004	0.5286569999999999	-0.697136	0.0	0.66109	-0.30082600000000004	-0.6873600000000001	0.0	-0.573094	-0.7937420000000001	-0.203806	0.0	0.668275	0.038969800000000006	-1.06273	0.358798	
1	0.907817	0.38716100000000003	0.161167	0.0	-0.0128453	-0.358458	0.933458	0.0	0.41917	-0.8494790000000001	-0.320441	0.0	-1.7632299999999999	-1.1963	-1.3361	0.15423	-0.29415399999999997	0.475166	-0.8292709999999999	0.0	0.727847	-0.450977	-0.516584	0.0	-0.619445	-0.755537	-0.21319200000000002	0.0	0.609962	0.0492151	-1.18649	0.358427	
1	0.89166	0.424084	0.158416	0.0	0.00548364	-0.36002399999999996	0.9329270000000001	0.0	0.45267299999999994	-0.8309850000000001	-0.323344	0.0	-1.71871	-1.18876	-1.26243	0.15401700000000002	-0.10341800000000001	0.397321	-0.911834	0.0	0.733568	-0.588633	-0.33969	0.0	-0.671701	-0.704022	-0.230587	0.0	0.550636	0.123723	-1.29761	0.358406	
1	0.881574	0.44325299999999995	0.162341	0.0	0.0121466	-0.365096	0.930891	0.0	0.47189	-0.8186770000000001	-0.327243	0.0	-1.6944700000000001	-1.1750399999999999	-1.2242600000000001	0.154015	-0.031120099999999998	0.34733800000000004	-0.937224	0.0	0.7235189999999999	-0.639111	-0.26088	0.0	-0.689603	-0.686217	-0.23141599999999998	0.0	0.538747	0.133349	-1.3883	0.358104	
1	0.85882	0.48276800000000003	0.171356	0.0	0.022791099999999998	-0.370176	0.928682	0.0	0.51177	-0.793665	-0.328917	0.0	-1.5996700000000001	-1.12694	-1.17154	0.15401800000000002	0.0857353	0.23445300000000002	-0.96834	0.0	0.6819310000000001	-0.722395	-0.11452799999999999	0.0	-0.726375	-0.650521	-0.22181599999999999	0.0	0.492575	0.128107	-1.5054	0.35641799999999996	
1	0.850874	0.49371499999999996	0.179609	0.0	0.0242138	-0.378362	0.925341	0.0	0.524812	-0.782999	-0.333893	0.0	-1.55949	-1.1157299999999999	-1.1510200000000002	0.15401700000000002	0.11140499999999999	0.203663	-0.9726819999999999	0.0	0.675619	-0.7333069999999999	-0.07616060000000001	0.0	-0.7287859999999999	-0.648678	-0.21929200000000001	0.0	0.47569700000000004	0.123543	-1.53965	0.355678	
1	0.839283	0.5092220000000001	0.19051600000000002	0.0	0.0318707	-0.395887	0.917746	0.0	0.54276	-0.764177	-0.34849	0.0	-1.51565	-1.06516	-1.1413799999999998	0.15402000000000002	0.13428299999999999	0.14968499999999998	-0.9795729999999999	0.0	0.668817	-0.743106	-0.0218673	0.0	-0.7311989999999999	-0.6522180000000001	-0.199898	0.0	0.41994	0.0670312	-1.61291	0.355414	
1	0.814685	0.540878	0.209139	0.0	0.052643499999999996	-0.42813500000000004	0.90218	0.0	0.577509	-0.723983	-0.377269	0.0	-1.4667700000000001	-0.9082100000000001	-1.16939	0.154227	0.150556	0.092039	-0.984308	0.0	0.674326	-0.737643	0.034168300000000006	0.0	-0.722923	-0.668888	-0.173121	0.0	0.374996	-0.0515891	-1.68146	0.34428600000000004	
1	0.807168	0.55082	0.21231399999999997	0.0	0.061942399999999995	-0.436701	0.8974719999999999	0.0	0.587063	-0.711259	-0.38661	0.0	-1.46718	-0.8458979999999999	-1.16759	0.15401600000000001	0.151779	0.0846301	-0.984785	0.0	0.671061	-0.740333	0.0398042	0.0	-0.7257	-0.666892	-0.169159	0.0	0.363054	-0.0739324	-1.69982	0.343922	
1	0.781542	0.589372	0.204534	0.0	0.102369	-0.444567	0.889877	0.0	0.615397	-0.674538	-0.407781	0.0	-1.4440899999999999	-0.66543	-1.17074	0.15420799999999998	0.149606	0.06779199999999999	-0.986419	0.0	0.6650229999999999	-0.745171	0.04964930000000001	0.0	-0.731685	-0.663419	-0.156566	0.0	0.24545	-0.08289210000000001	-1.72715	0.344736	
1	0.765096	0.6144649999999999	0.19251	0.0	0.13209300000000002	-0.44238299999999997	0.8870450000000001	0.0	0.630221	-0.653246	-0.41963199999999995	0.0	-1.44226	-0.624544	-1.14991	0.154002	0.147784	0.0622124	-0.9870610000000001	0.0	0.65868	-0.750672	0.05130509999999999	0.0	-0.7377670000000001	-0.65774	-0.15191500000000002	0.0	0.194605	-0.0348862	-1.7246	0.345814	
1	0.720087	0.674774	0.161727	0.0	0.187578	-0.41369799999999995	0.8908809999999999	0.0	0.668049	-0.611175	-0.424471	0.0	-1.4205299999999998	-0.567041	-1.125	0.154003	0.146836	0.0593274	-0.9873799999999999	0.0	0.654253	-0.7544890000000001	0.0519616	0.0	-0.741885	-0.653626	-0.149601	0.0	0.165009	0.0634845	-1.72643	0.348095	
1	0.70662	0.691871	0.148334	0.0	0.19883299999999998	-0.395333	0.896759	0.0	0.679083	-0.604174	-0.416917	0.0	-1.3954600000000001	-0.547531	-1.10104	0.15420899999999998	0.143939	0.0564318	-0.9879760000000001	0.0	0.6487569999999999	-0.759275	0.051149099999999996	0.0	-0.747259	-0.648319	-0.1459	0.0	0.180087	0.08566389999999999	-1.71649	0.347931	
1	0.691952	0.708335	0.139516	0.0	0.201874	-0.375382	0.9046190000000001	0.0	0.693145	-0.597788	-0.40274	0.0	-1.37622	-0.5433319999999999	-1.0883	0.15398399999999998	0.140749	0.0561422	-0.988452	0.0	0.6459	-0.761867	0.0486995	0.0	-0.7503350000000001	-0.645296	-0.143495	0.0	0.177044	0.0884795	-1.7209599999999998	0.347488	
1	0.68763	0.713594	0.133974	0.0	0.203012	-0.366127	0.908151	0.0	0.697102	-0.5972729999999999	-0.39662800000000004	0.0	-1.32291	-0.534547	-1.03875	0.15418900000000002	0.142051	0.0569179	-0.9882219999999999	0.0	0.644953	-0.762664	0.04878130000000001	0.0	-0.750905	-0.6442859999999999	-0.145046	0.0	0.169413	0.08747970000000001	-1.7212	0.346149	
1	0.674036	0.727769	0.126602	0.0	0.21035	-0.353387	0.9115209999999999	0.0	0.708116	-0.587767	-0.391281	0.0	-1.26785	-0.543041	-1.00299	0.15418099999999998	0.14041099999999998	0.0583113	-0.988375	0.0	0.645454	-0.76237	0.046716900000000006	0.0	-0.750783	-0.644509	-0.144682	0.0	0.160398	0.0798408	-1.73565	0.344316	
1	0.673244	0.728669	0.125638	0.0	0.208519	-0.350115	0.9132030000000001	0.0	0.70941	-0.588611	-0.387654	0.0	-1.2517200000000002	-0.541797	-0.996607	0.15398599999999998	0.13933099999999998	0.058084800000000006	-0.988541	0.0	0.646475	-0.761524	0.046372699999999996	0.0	-0.750104	-0.645528	-0.143654	0.0	0.149642	0.0734983	-1.74699	0.343287	
