3	0.123096	0.880282	-0.45820500000000003	0.0	0.243302	0.42085600000000006	0.873891	0.0	0.962108	-0.21905500000000003	-0.162369	0.0	-2.84435	1.88252	1.3231899999999999	2.90871e-05	-0.12205899999999999	0.820523	-0.55843	0.0	0.124912	-0.5454640000000001	-0.828774	0.0	-0.9846309999999999	-0.170913	-0.035914499999999995	0.0	2.69278	1.9203	1.5385	0.00034523	
3	0.138205	0.883899	-0.446792	0.0	0.197458	0.417473	0.886976	0.0	0.97052	-0.21080700000000002	-0.116836	0.0	-2.98685	1.6864700000000001	1.15028	0.0	-0.16402	0.8280629999999999	-0.5361060000000001	0.0	0.07070660000000001	-0.5322	-0.8436610000000001	0.0	-0.9839200000000001	-0.176284	0.028742	0.0	2.62229	1.7386400000000002	1.49722	0.0	
3	0.144603	0.894466	-0.423109	0.0	0.19292	0.393912	0.898674	0.0	0.9705010000000001	-0.211577	-0.1156	0.0	-2.9365799999999997	1.62845	1.0986799999999999	0.140932	-0.155525	0.8403290000000001	-0.519288	0.0	0.0567768	-0.517212	-0.853972	0.0	-0.9861989999999999	-0.162298	0.032728	0.0	2.49235	1.77157	1.52302	0.249926	
3	0.199726	0.887057	-0.41622	0.0	0.18385	0.383309	0.9051379999999999	0.0	0.96245	-0.257302	-0.08652860000000001	0.0	-2.9135	1.4727299999999999	1.11335	-0.00048828099999999997	-0.162644	0.8330870000000001	-0.52869	0.0	0.06849630000000001	-0.524999	-0.848342	0.0	-0.9843040000000001	-0.174191	0.028324400000000003	0.0	2.4475700000000002	1.73538	1.59495	0.0	
3	0.22855799999999998	0.8734430000000001	-0.42995200000000006	0.0	0.196893	0.391043	0.899065	0.0	0.953412	-0.290143	-0.0825993	0.0	-2.91778	1.34006	1.136	0.0	-0.16446	0.8317399999999999	-0.530247	0.0	0.041467800000000006	-0.531262	-0.846192	0.0	-0.985512	-0.161153	0.0528807	0.0	2.4181	1.70386	1.59541	0.0	
3	0.251164	0.8790879999999999	-0.405119	0.0	0.20543899999999998	0.360586	0.9098200000000001	0.0	0.945892	-0.311741	-0.0900325	0.0	-2.90498	1.29208	1.12972	0.0503172	-0.180398	0.855107	-0.486054	0.0	0.0634546	-0.48301400000000005	-0.87331	0.0	-0.9815450000000001	-0.188385	0.032874099999999996	0.0	2.39087	1.7043599999999999	1.54793	0.120723	
3	0.302689	0.878742	-0.369043	0.0	0.23582399999999998	0.306114	0.922324	0.0	0.9234540000000001	-0.366207	-0.114571	0.0	-2.93414	1.2451299999999998	1.09331	0.309909	-0.281306	0.861583	-0.42254200000000003	0.0	0.12916	-0.40232199999999996	-0.906342	0.0	-0.950886	-0.309535	0.00189301	0.0	2.4093299999999997	1.57486	1.47186	0.29575	
3	0.38995599999999997	0.8681780000000001	-0.306923	0.0	0.22994499999999998	0.23094099999999998	0.9454049999999999	0.0	0.891661	-0.439242	-0.10957599999999999	0.0	-2.9380599999999997	1.1250799999999999	1.0719299999999998	0.35242199999999996	-0.371807	0.850145	-0.372844	0.0	0.156755	-0.338372	-0.9278639999999999	0.0	-0.9149790000000001	-0.403432	-0.00745547	0.0	2.39891	1.32569	1.38039	0.359842	
3	0.469079	0.8397629999999999	-0.273426	0.0	0.21780500000000003	0.190038	0.957312	0.0	0.855877	-0.508609	-0.0937614	0.0	-3.01397	0.988722	1.08812	0.352752	-0.43556300000000003	0.826182	-0.357364	0.0	0.188898	-0.304271	-0.933668	0.0	-0.880115	-0.47417700000000007	-0.0235351	0.0	2.47191	1.17603	1.34089	0.358634	
3	0.523733	0.807204	-0.27226100000000003	0.0	0.234213	0.170842	0.9570569999999999	0.0	0.8190529999999999	-0.565009	-0.0995823	0.0	-3.2412799999999997	0.9584809999999999	1.14829	0.350923	-0.492963	0.790812	-0.362772	0.0	0.209379	-0.29687399999999997	-0.931679	0.0	-0.8444809999999999	-0.5352399999999999	-0.0192317	0.0	2.67797	1.06682	1.33595	0.35791799999999996	
3	0.523277	0.8075220000000001	-0.27219299999999996	0.0	0.23402399999999998	0.170957	0.957082	0.0	0.819398	-0.564519	-0.0995219	0.0	-3.24092	0.958678	1.1496899999999999	0.35058	-0.493271	0.790572	-0.362877	0.0	0.209283	-0.29705	-0.9316450000000001	0.0	-0.844325	-0.535497	-0.0189273	0.0	2.67732	1.06817	1.33686	0.358079	
3	0.523247	0.8075439999999999	-0.272187	0.0	0.23401799999999998	0.170958	0.957084	0.0	0.819419	-0.564488	-0.09952639999999999	0.0	-3.24078	0.958684	1.14963	0.350581	-0.493241	0.7905949999999999	-0.362869	0.0	0.209267	-0.297052	-0.9316479999999999	0.0	-0.844347	-0.535463	-0.0189279	0.0	2.6771700000000003	1.06819	1.33685	0.35808	
3	0.523247	0.807543	-0.272187	0.0	0.23401799999999998	0.170959	0.957083	0.0	0.819419	-0.564488	-0.0995263	0.0	-3.24078	0.958684	1.14963	0.350581	-0.493241	0.7905949999999999	-0.362869	0.0	0.209267	-0.297051	-0.9316479999999999	0.0	-0.844347	-0.535463	-0.018927700000000002	0.0	2.6771700000000003	1.06819	1.33685	0.35808	
3	0.523247	0.807543	-0.272187	0.0	0.23401799999999998	0.170959	0.957083	0.0	0.819419	-0.564488	-0.0995263	0.0	-3.24078	0.958685	1.14963	0.350581	-0.493241	0.7905939999999999	-0.362869	0.0	0.209267	-0.297051	-0.9316479999999999	0.0	-0.844347	-0.535463	-0.018927700000000002	0.0	2.6771700000000003	1.06819	1.33685	0.35808	
3	0.523247	0.807543	-0.272187	0.0	0.23401799999999998	0.170959	0.957083	0.0	0.819419	-0.564488	-0.09952639999999999	0.0	-3.24078	0.958684	1.14963	0.350581	-0.493241	0.7905949999999999	-0.362869	0.0	0.209267	-0.297051	-0.9316479999999999	0.0	-0.844347	-0.535463	-0.018927700000000002	0.0	2.6771700000000003	1.06819	1.33685	0.35808	
3	0.523247	0.807543	-0.272187	0.0	0.23401799999999998	0.170959	0.957083	0.0	0.819419	-0.564488	-0.09952639999999999	0.0	-3.24078	0.958684	1.14963	0.350581	-0.493241	0.7905939999999999	-0.362869	0.0	0.209267	-0.297051	-0.9316479999999999	0.0	-0.8443459999999999	-0.535463	-0.018927700000000002	0.0	2.6771700000000003	1.06819	1.33685	0.35808	
3	0.523247	0.807543	-0.272187	0.0	0.23401799999999998	0.170959	0.957083	0.0	0.819419	-0.564488	-0.09952639999999999	0.0	-3.24078	0.958685	1.14963	0.350581	-0.493241	0.7905949999999999	-0.362869	0.0	0.209267	-0.297052	-0.9316479999999999	0.0	-0.844347	-0.535463	-0.018927799999999998	0.0	2.6771700000000003	1.06819	1.33685	0.35808	
3	0.523247	0.8075439999999999	-0.272187	0.0	0.23401799999999998	0.170959	0.957083	0.0	0.819419	-0.564488	-0.09952639999999999	0.0	-3.24078	0.958684	1.14963	0.350581	-0.493241	0.7905949999999999	-0.362869	0.0	0.209267	-0.297051	-0.9316479999999999	0.0	-0.844347	-0.535463	-0.018927700000000002	0.0	2.6771700000000003	1.06819	1.33685	0.35808	
3	0.523247	0.807543	-0.272187	0.0	0.23401799999999998	0.170959	0.957083	0.0	0.819419	-0.564488	-0.09952639999999999	0.0	-3.24078	0.958684	1.14963	0.350581	-0.493241	0.7905949999999999	-0.362869	0.0	0.209267	-0.297051	-0.9316479999999999	0.0	-0.844347	-0.535463	-0.018927700000000002	0.0	2.6771700000000003	1.06819	1.33685	0.35808	
3	0.523247	0.8075439999999999	-0.272187	0.0	0.23401799999999998	0.170959	0.957083	0.0	0.819419	-0.564488	-0.09952639999999999	0.0	-3.24078	0.958685	1.14963	0.350581	-0.493241	0.7905949999999999	-0.362869	0.0	0.209267	-0.297052	-0.9316479999999999	0.0	-0.844347	-0.535463	-0.018927799999999998	0.0	2.6771700000000003	1.06819	1.33685	0.35808	
3	0.523247	0.807543	-0.272187	0.0	0.23401799999999998	0.170959	0.957083	0.0	0.819419	-0.564488	-0.0995263	0.0	-3.24078	0.958684	1.14963	0.350581	-0.493241	0.7905949999999999	-0.362869	0.0	0.209267	-0.297052	-0.9316479999999999	0.0	-0.844347	-0.535463	-0.0189279	0.0	2.6771700000000003	1.06819	1.33685	0.35808	
3	0.523247	0.807543	-0.272187	0.0	0.23401799999999998	0.170959	0.957083	0.0	0.819419	-0.564488	-0.09952639999999999	0.0	-3.24078	0.958685	1.14963	0.350581	-0.493241	0.7905949999999999	-0.362869	0.0	0.209267	-0.297052	-0.9316479999999999	0.0	-0.844347	-0.535463	-0.0189279	0.0	2.6771700000000003	1.06819	1.33685	0.35808	
3	0.523247	0.807543	-0.272187	0.0	0.23401799999999998	0.170959	0.957083	0.0	0.819419	-0.564488	-0.09952639999999999	0.0	-3.24078	0.958685	1.14963	0.350581	-0.493241	0.7905949999999999	-0.362869	0.0	0.209267	-0.297052	-0.9316479999999999	0.0	-0.844347	-0.535463	-0.0189279	0.0	2.6771700000000003	1.06819	1.33685	0.35808	
3	0.523247	0.8075439999999999	-0.272187	0.0	0.23401799999999998	0.170959	0.957083	0.0	0.819419	-0.564488	-0.09952639999999999	0.0	-3.24078	0.958684	1.14963	0.350581	-0.493241	0.7905949999999999	-0.362869	0.0	0.209267	-0.297052	-0.9316479999999999	0.0	-0.844347	-0.535463	-0.0189279	0.0	2.6771700000000003	1.06819	1.33685	0.35808	
3	0.523247	0.807543	-0.272187	0.0	0.23401799999999998	0.170959	0.957083	0.0	0.819419	-0.564488	-0.09952639999999999	0.0	-3.24078	0.958684	1.14963	0.350581	-0.493241	0.7905949999999999	-0.362869	0.0	0.209267	-0.297052	-0.9316479999999999	0.0	-0.844347	-0.535463	-0.0189279	0.0	2.6771700000000003	1.06819	1.33685	0.35808	
3	0.523247	0.807543	-0.272187	0.0	0.23401799999999998	0.170959	0.957083	0.0	0.819419	-0.564488	-0.09952639999999999	0.0	-3.24078	0.958685	1.14963	0.350581	-0.493241	0.7905949999999999	-0.362869	0.0	0.209267	-0.297052	-0.9316479999999999	0.0	-0.844347	-0.535463	-0.0189279	0.0	2.6771700000000003	1.06819	1.33685	0.35808	
3	0.52322	0.807542	-0.27224299999999996	0.0	0.232487	0.17208299999999999	0.957255	0.0	0.8198719999999999	-0.564148	-0.0977057	0.0	-3.24084	0.955521	1.1399700000000001	0.35074099999999997	-0.49329300000000004	0.7905939999999999	-0.362799	0.0	0.210896	-0.29593400000000003	-0.931636	0.0	-0.84391	-0.536083	-0.0207508	0.0	2.67168	1.06897	1.34612	0.358059	
3	0.9659409999999999	0.243519	0.087502	0.0	-0.059472000000000004	-0.12017699999999999	0.9909690000000001	0.0	0.251835	-0.9624219999999999	-0.101601	0.0	-3.25236	0.52085	0.6474489999999999	0.350871	-0.774507	0.5974510000000001	-0.207825	0.0	0.12307699999999999	-0.17993599999999998	-0.975949	0.0	-0.6204770000000001	-0.781457	0.0658286	0.0	2.13521	0.777363	0.952666	0.35731799999999997	
3	0.970117	0.203183	0.132627	0.0	-0.11961500000000001	-0.07509099999999999	0.989977	0.0	0.21110500000000001	-0.9762569999999999	-0.0485434	0.0	-3.2501599999999997	0.13020299999999999	0.276673	0.350451	-0.776456	0.613527	-0.14388199999999998	0.0	0.059339800000000005	-0.156124	-0.9859540000000001	0.0	-0.627372	-0.774087	0.0848165	0.0	1.6761700000000002	0.6439189999999999	0.578903	0.357126	
3	0.972284	0.17294	0.157338	0.0	-0.149372	-0.0582351	0.987065	0.0	0.179865	-0.983209	-0.030788799999999998	0.0	-3.255	-0.151834	0.010637	0.34994400000000003	-0.7830199999999999	0.612963	-0.105621	0.0	0.0299469	-0.13246	-0.9907360000000001	0.0	-0.621275	-0.778929	0.08536239999999999	0.0	1.3439	0.60105	0.286777	0.35791100000000003	
3	0.972253	0.145096	0.183496	0.0	-0.178601	-0.046187599999999995	0.9828370000000001	0.0	0.151081	-0.988339	-0.0189918	0.0	-3.2866800000000005	-0.35773699999999997	-0.22124000000000002	0.349733	-0.773403	0.63	-0.07033769999999999	0.0	-0.00475588	-0.116721	-0.9931530000000001	0.0	-0.633896	-0.767774	0.0932689	0.0	1.03072	0.618057	0.0398651	0.358513	
3	0.9711629999999999	0.142703	0.190995	0.0	-0.186548	-0.04404280000000001	0.9814579999999999	0.0	0.14846900000000002	-0.988785	-0.016151699999999998	0.0	-3.2926800000000003	-0.43667700000000004	-0.31326	0.349552	-0.773692	0.631285	-0.0536682	0.0	-0.017144	-0.105538	-0.994267	0.0	-0.6333300000000001	-0.7683369999999999	0.0924768	0.0	0.908745	0.635061	-0.0390185	0.358865	
3	0.9647680000000001	0.142012	0.22148299999999999	0.0	-0.218639	-0.035522399999999996	0.975159	0.0	0.146352	-0.9892270000000001	-0.00322143	0.0	-3.23223	-0.644845	-0.539328	0.349227	-0.76989	0.638043	-0.0130696	0.0	-0.0476791	-0.07793	-0.995818	0.0	-0.636393	-0.766048	0.0904186	0.0	0.6188239999999999	0.6910609999999999	-0.23369	0.35875799999999997	
3	0.955558	0.162976	0.24565700000000001	0.0	-0.24300100000000002	-0.036356099999999995	0.9693440000000001	0.0	0.166911	-0.9859600000000001	0.00486296	0.0	-3.1401	-0.759017	-0.657	0.349596	-0.773826	0.633315	0.0102655	0.0	-0.0676698	-0.06654760000000001	-0.9954860000000001	0.0	-0.6297729999999999	-0.7710279999999999	0.0943522	0.0	0.48414799999999997	0.673944	-0.305274	0.359153	
3	0.9443459999999999	0.18296199999999999	0.273379	0.0	-0.27156399999999997	-0.035401300000000004	0.9617690000000001	0.0	0.185645	-0.982482	0.0162548	0.0	-3.0619400000000003	-0.890803	-0.7967810000000001	0.349521	-0.787806	0.615089	0.0320488	0.0	-0.0820998	-0.0532995	-0.9951979999999999	0.0	-0.610427	-0.786654	0.0924881	0.0	0.430613	0.621496	-0.359394	0.359165	
3	0.931725	0.219121	0.28961	0.0	-0.28803	-0.0398476	0.956792	0.0	0.221194	-0.974884	0.025986400000000003	0.0	-2.9026099999999997	-1.0294299999999998	-0.917177	0.34979499999999997	-0.805182	0.591476	0.0428778	0.0	-0.101965	-0.0668539	-0.992539	0.0	-0.584196	-0.803547	0.114139	0.0	0.390905	0.5587989999999999	-0.390343	0.358655	
3	0.916908	0.253283	0.308427	0.0	-0.307769	-0.0432592	0.950477	0.0	0.25408200000000003	-0.966424	0.0382881	0.0	-2.66699	-1.17584	-1.03356	0.350589	-0.8255680000000001	0.561046	0.060544299999999995	0.0	-0.128609	-0.0826002	-0.98825	0.0	-0.549453	-0.8236530000000001	0.140347	0.0	0.356696	0.43486400000000003	-0.364531	0.359356	
3	0.909975	0.251139	0.329962	0.0	-0.330563	-0.0410701	0.94289	0.0	0.250348	-0.9670790000000001	0.0456445	0.0	-2.5499400000000003	-1.23834	-1.07226	0.350652	-0.8284590000000001	0.556182	0.06569989999999999	0.0	-0.136096	-0.0861372	-0.986944	0.0	-0.543261	-0.826584	0.147055	0.0	0.34221399999999996	0.39387300000000003	-0.36188200000000004	0.358917	
3	0.910098	0.251262	0.32952800000000004	0.0	-0.33013899999999996	-0.0409895	0.943042	0.0	0.250458	-0.967051	0.045647	0.0	-2.55226	-1.23851	-1.07056	0.350643	-0.828493	0.556134	0.0656904	0.0	-0.136185	-0.08630499999999999	-0.986917	0.0	-0.543188	-0.8266	0.14724	0.0	0.341582	0.39407600000000004	-0.36089299999999996	0.35894000000000004	
3	0.9101049999999999	0.251258	0.329513	0.0	-0.330123	-0.0409922	0.943047	0.0	0.250456	-0.967052	0.0456389	0.0	-2.55245	-1.2384	-1.0705	0.350643	-0.828491	0.556136	0.0656875	0.0	-0.13618	-0.086302	-0.9869180000000001	0.0	-0.543192	-0.8265979999999999	0.147235	0.0	0.34160799999999997	0.39414899999999997	-0.36091	0.35894000000000004	
3	0.9101049999999999	0.251258	0.329513	0.0	-0.330123	-0.0409922	0.943047	0.0	0.250456	-0.967052	0.0456389	0.0	-2.55245	-1.2384	-1.0705	0.350643	-0.828491	0.556136	0.06568739999999999	0.0	-0.13618	-0.086302	-0.9869180000000001	0.0	-0.543192	-0.8265979999999999	0.147235	0.0	0.341609	0.39414899999999997	-0.36091	0.35894000000000004	
3	0.9101049999999999	0.251258	0.329513	0.0	-0.330123	-0.0409922	0.943047	0.0	0.250456	-0.967052	0.0456389	0.0	-2.55245	-1.2384	-1.0705	0.350643	-0.828491	0.556136	0.06568739999999999	0.0	-0.13618	-0.086302	-0.9869180000000001	0.0	-0.543192	-0.8265979999999999	0.147235	0.0	0.341609	0.39414899999999997	-0.36091	0.35894000000000004	
3	0.9101049999999999	0.251258	0.329513	0.0	-0.330123	-0.0409922	0.943047	0.0	0.250456	-0.967052	0.0456389	0.0	-2.55245	-1.2384	-1.0705	0.350643	-0.828491	0.556136	0.06568739999999999	0.0	-0.13618	-0.086302	-0.9869180000000001	0.0	-0.543192	-0.8265979999999999	0.147235	0.0	0.341609	0.39414899999999997	-0.36091	0.35894000000000004	
3	0.9101049999999999	0.251258	0.329513	0.0	-0.330123	-0.0409922	0.943047	0.0	0.250456	-0.967052	0.0456389	0.0	-2.55245	-1.2384	-1.0705	0.350643	-0.828491	0.556136	0.06568739999999999	0.0	-0.13618	-0.086302	-0.9869180000000001	0.0	-0.543192	-0.8265979999999999	0.147235	0.0	0.341609	0.39414899999999997	-0.36091	0.35894000000000004	
3	0.9101049999999999	0.251258	0.329513	0.0	-0.330123	-0.0409922	0.943047	0.0	0.250456	-0.967052	0.0456389	0.0	-2.55245	-1.2384	-1.0705	0.350643	-0.828491	0.556136	0.06568739999999999	0.0	-0.13618	-0.086302	-0.9869180000000001	0.0	-0.543192	-0.8265979999999999	0.147235	0.0	0.341609	0.39414899999999997	-0.36091	0.35894000000000004	
3	0.9101049999999999	0.251258	0.329513	0.0	-0.330123	-0.0409922	0.943047	0.0	0.250456	-0.967052	0.0456389	0.0	-2.55245	-1.2384	-1.0705	0.350643	-0.828491	0.556136	0.06568739999999999	0.0	-0.13618	-0.086302	-0.9869180000000001	0.0	-0.543192	-0.8265979999999999	0.147235	0.0	0.34160799999999997	0.39414899999999997	-0.36091	0.35894000000000004	
3	0.9101049999999999	0.251258	0.329513	0.0	-0.330123	-0.0409922	0.943047	0.0	0.250456	-0.967052	0.0456389	0.0	-2.55245	-1.2384	-1.0705	0.350643	-0.828491	0.556136	0.06568739999999999	0.0	-0.13618	-0.086302	-0.9869180000000001	0.0	-0.543192	-0.8265979999999999	0.147235	0.0	0.341609	0.39414899999999997	-0.36091	0.35894000000000004	
3	0.9101049999999999	0.251258	0.329513	0.0	-0.330123	-0.0409922	0.943047	0.0	0.250456	-0.967052	0.0456389	0.0	-2.55245	-1.2384	-1.0705	0.350643	-0.828491	0.556136	0.06568739999999999	0.0	-0.13618	-0.086302	-0.9869180000000001	0.0	-0.543192	-0.8265979999999999	0.147235	0.0	0.341609	0.39414899999999997	-0.36091	0.35894000000000004	
3	0.972867	0.21330500000000002	0.0896183	0.0	-0.0535783	-0.16911099999999998	0.98414	0.0	0.22507800000000003	-0.9622379999999999	-0.153094	0.0	-2.36158	-1.50485	-1.36468	0.348031	-0.862108	0.49839300000000003	-0.09151050000000001	0.0	0.10843199999999999	0.00503641	-0.994091	0.0	-0.494987	-0.866936	-0.0583836	0.0	0.10222	0.14998	-0.578205	0.360589	
3	0.936398	0.316094	0.15245899999999998	0.0	-0.11408399999999999	-0.136654	0.984028	0.0	0.331879	-0.9388350000000001	-0.0919009	0.0	-1.94278	-2.09112	-1.79982	0.35034299999999996	-0.8528190000000001	0.517644	-0.0688783	0.0	0.0703882	-0.016747799999999997	-0.9973790000000001	0.0	-0.517441	-0.855432	-0.0221532	0.0	-0.281975	-0.240796	-0.9514819999999999	0.36044299999999996	
3	0.9304459999999999	0.326524	0.166293	0.0	-0.13755599999999998	-0.109383	0.9844360000000001	0.0	0.339631	-0.938838	-0.05686	0.0	-1.80885	-2.34527	-1.9694099999999999	0.351089	-0.8583709999999999	0.5080600000000001	-0.0712363	0.0	0.0631779	-0.0331156	-0.997453	0.0	-0.509124	-0.860685	-0.00367254	0.0	-0.442381	-0.400499	-1.0752	0.361545	
3	0.9353239999999999	0.304147	0.180729	0.0	-0.172702	-0.053330999999999996	0.9835290000000001	0.0	0.308776	-0.951131	0.00264489	0.0	-1.56436	-2.92496	-2.27219	0.351385	-0.858369	0.510281	-0.053051999999999995	0.0	0.0316351	-0.0505659	-0.9982190000000001	0.0	-0.5120560000000001	-0.8585200000000001	0.027261599999999997	0.0	-0.778669	-0.727171	-1.34315	0.36144699999999996	
3	0.9376110000000001	0.292205	0.18842	0.0	-0.196649	-0.00123337	0.9804729999999999	0.0	0.286731	-0.956355	0.0563053	0.0	-1.4767299999999999	-3.30027	-2.37034	0.350669	-0.852131	0.520478	-0.054542499999999994	0.0	0.0155064	-0.07906519999999999	-0.996749	0.0	-0.523099	-0.8502059999999999	0.0593031	0.0	-1.12565	-0.8624	-1.49273	0.361593	
3	0.9485879999999999	0.258157	0.183127	0.0	-0.196512	0.0268069	0.9801350000000001	0.0	0.24811999999999998	-0.9657309999999999	0.07615980000000001	0.0	-1.50237	-3.38993	-2.31304	0.349209	-0.853592	0.518083	-0.05450169999999999	0.0	0.016673900000000002	-0.0773967	-0.9968610000000001	0.0	-0.520675	-0.8518209999999999	0.057426599999999994	0.0	-1.25755	-0.802682	-1.5291700000000001	0.361157	
3	0.9586879999999999	0.22737600000000002	0.170931	0.0	-0.190689	0.0678058	0.9793059999999999	0.0	0.211081	-0.9714440000000001	0.10836300000000001	0.0	-1.63885	-3.4072699999999996	-2.20697	0.348154	-0.857448	0.511525	-0.055897	0.0	0.0246391	-0.06769	-0.997402	0.0	-0.51398	-0.856598	0.045437	0.0	-1.29477	-0.726088	-1.5368600000000001	0.36130999999999996	
3	0.96488	0.205627	0.163473	0.0	-0.18250999999999998	0.07717339999999999	0.9801709999999999	0.0	0.188934	-0.975583	0.11199200000000001	0.0	-1.7447099999999998	-3.36216	-2.06537	0.346674	-0.863712	0.50076	-0.056929499999999994	0.0	0.032198700000000004	-0.057900099999999996	-0.9978030000000001	0.0	-0.5029560000000001	-0.863648	0.0338851	0.0	-1.2335200000000002	-0.6643600000000001	-1.56267	0.360796	
3	0.972585	0.18599100000000002	0.13958900000000002	0.0	-0.158026	0.0882289	0.9834860000000001	0.0	0.170603	-0.978582	0.115201	0.0	-1.9063400000000001	-3.25453	-1.94807	0.345659	-0.868842	0.492022	-0.055023699999999995	0.0	0.0343894	-0.05089369999999999	-0.9981120000000001	0.0	-0.493893	-0.869094	0.0272983	0.0	-1.16941	-0.6477930000000001	-1.56777	0.360773	
3	0.9749680000000001	0.19531500000000002	0.106252	0.0	-0.12618	0.0925596	0.9876799999999999	0.0	0.18307400000000001	-0.9763629999999999	0.11488699999999999	0.0	-2.05955	-3.11234	-1.8504599999999998	0.346056	-0.874613	0.482549	-0.046881900000000004	0.0	0.0330425	-0.0371455	-0.998764	0.0	-0.48369399999999996	-0.875081	0.0165432	0.0	-1.0997	-0.666479	-1.5513700000000001	0.360452	
3	0.9772629999999999	0.19378	0.08605610000000001	0.0	-0.105878	0.0943543	0.989893	0.0	0.183702	-0.976497	0.11272599999999999	0.0	-2.14985	-2.96556	-1.76042	0.344848	-0.875559	0.48102700000000004	-0.0448343	0.0	0.0335393	-0.0320573	-0.998923	0.0	-0.481946	-0.8761200000000001	0.0119346	0.0	-1.0532700000000002	-0.6998850000000001	-1.55964	0.360494	
3	0.979987	0.18655	0.0694586	0.0	-0.0875444	0.09052080000000001	0.9920389999999999	0.0	0.178778	-0.978266	0.10504100000000001	0.0	-2.19121	-2.82531	-1.65483	0.344715	-0.8750629999999999	0.48212299999999997	-0.0426922	0.0	0.0330784	-0.0284283	-0.9990479999999999	0.0	-0.482878	-0.875642	0.0089286	0.0	-1.02806	-0.7184550000000001	-1.57399	0.360546	
3	0.976728	0.204547	0.0645145	0.0	-0.0838444	0.0872801	0.992649	0.0	0.197413	-0.974958	0.102399	0.0	-2.1914	-2.72752	-1.62608	0.34510599999999997	-0.8747459999999999	0.482987	-0.0392894	0.0	0.0315652	-0.0241143	-0.9992110000000001	0.0	-0.48355299999999996	-0.875296	0.00584811	0.0	-1.0156	-0.7234470000000001	-1.5978	0.36052399999999996	
3	0.980332	0.188107	0.059713	0.0	-0.0773169	0.0876768	0.993144	0.0	0.181582	-0.9782270000000001	0.100496	0.0	-2.19128	-2.67888	-1.5982	0.345333	-0.873964	0.48443100000000006	-0.0389125	0.0	0.031526900000000004	-0.0233863	-0.999229	0.0	-0.484968	-0.874517	0.00516617	0.0	-1.01193	-0.7253	-1.6165100000000001	0.360616	
3	0.9838959999999999	0.160614	0.0784296	0.0	-0.0921234	0.07965789999999999	0.992556	0.0	0.15317	-0.983798	0.09317139999999999	0.0	-2.23539	-2.60011	-1.4726	0.34334000000000003	-0.874554	0.48300200000000004	-0.0431892	0.0	0.0343365	-0.027160900000000005	-0.999041	0.0	-0.483712	-0.8751979999999999	0.00716889	0.0	-1.01122	-0.699476	-1.68114	0.360982	
3	0.982675	0.15526800000000002	0.101199	0.0	-0.11397	0.0756613	0.990599	0.0	0.146152	-0.9849709999999999	0.0920464	0.0	-2.2808900000000003	-2.63023	-1.44597	0.332339	-0.874551	0.48209799999999997	-0.05237050000000001	0.0	0.0442668	-0.0281786	-0.9986219999999999	0.0	-0.48291000000000006	-0.8756639999999999	0.0033024	0.0	-1.01292	-0.662417	-1.6876400000000003	0.36088000000000003	
3	0.9902489999999999	0.07770919999999999	0.115623	0.0	-0.12084600000000001	0.06623530000000001	0.990459	0.0	0.0693095	-0.9947729999999999	0.0749802	0.0	-2.36262	-2.68394	-1.4588299999999998	0.321925	-0.8805850000000001	0.47070500000000004	-0.0548361	0.0	0.050709199999999996	-0.0214557	-0.998483	0.0	-0.471167	-0.88203	-0.00497574	0.0	-0.990606	-0.624564	-1.71722	0.360823	
3	0.992849	0.0212416	0.11747300000000001	0.0	-0.11872200000000001	0.0726264	0.990268	0.0	0.0125032	-0.997133	0.0746289	0.0	-2.5068200000000003	-2.75757	-1.51425	0.325098	-0.886641	0.459071	-0.05587230000000001	0.0	0.05482959999999999	-0.0156127	-0.998374	0.0	-0.459196	-0.8882629999999999	-0.011328	0.0	-0.921219	-0.602006	-1.72312	0.36089699999999997	
3	0.9926309999999999	0.007712100000000001	0.12093399999999999	0.0	-0.121176	0.0713119	0.990066	0.0	-0.000988554	-0.997424	0.07172089999999999	0.0	-2.61522	-2.84206	-1.61525	0.324385	-0.8897729999999999	0.45226400000000005	-0.06133400000000001	0.0	0.061674099999999996	-0.014008000000000001	-0.9979979999999999	0.0	-0.452218	-0.891774	-0.0154291	0.0	-0.8562799999999999	-0.565856	-1.72357	0.360629	
3	0.9913860000000001	-0.00872631	0.130678	0.0	-0.12981600000000001	0.0666703	0.989294	0.0	-0.0173453	-0.9977370000000001	0.0649632	0.0	-2.67022	-2.93902	-1.72521	0.326781	-0.890697	0.44941499999999995	-0.0684538	0.0	0.0699342	-0.0133283	-0.9974629999999999	0.0	-0.449187	-0.893224	-0.019558199999999998	0.0	-0.789792	-0.53735	-1.74712	0.360616	
3	0.989469	-0.015411099999999999	0.143924	0.0	-0.14249900000000001	0.07083489999999999	0.9872569999999999	0.0	-0.025409599999999997	-0.9973690000000001	0.06789289999999999	0.0	-2.73596	-3.02173	-1.74764	0.326065	-0.8898219999999999	0.44988900000000004	-0.0762678	0.0	0.0776087	-0.015494299999999999	-0.996864	0.0	-0.44966000000000006	-0.89295	-0.0211283	0.0	-0.7469899999999999	-0.522201	-1.73553	0.36070100000000005	
3	0.988303	-0.016249200000000002	0.151636	0.0	-0.14993099999999998	0.0783544	0.9855870000000001	0.0	-0.0278964	-0.996793	0.0750016	0.0	-2.86081	-3.1354	-1.7783099999999998	0.32350300000000004	-0.885181	0.456384	-0.09037410000000001	0.0	0.09080980000000001	-0.0210294	-0.9956459999999999	0.0	-0.456298	-0.889534	-0.0228294	0.0	-0.732431	-0.502717	-1.71177	0.360989	
3	0.9879100000000001	-0.00859383	0.154792	0.0	-0.15366400000000002	0.0780054	0.9850389999999999	0.0	-0.0205399	-0.996916	0.0757418	0.0	-2.9262799999999998	-3.23813	-1.79803	0.324862	-0.8808450000000001	0.461825	-0.104071	0.0	0.10473299999999999	-0.024282599999999998	-0.9942040000000001	0.0	-0.461675	-0.886639	-0.0269795	0.0	-0.725013	-0.476679	-1.7283400000000002	0.36097199999999996	
3	0.987532	-0.00500076	0.157341	0.0	-0.15656	0.07316669999999999	0.9849549999999999	0.0	-0.0164377	-0.9973069999999999	0.07147150000000001	0.0	-2.95759	-3.28294	-1.82476	0.32622399999999996	-0.87929	0.463616	-0.10913099999999999	0.0	0.11034100000000001	-0.0246109	-0.9935889999999999	0.0	-0.46333	-0.8856940000000001	-0.029515899999999998	0.0	-0.726553	-0.45985200000000004	-1.73593	0.360875	
3	0.988899	0.0308788	0.145349	0.0	-0.146928	0.057206799999999995	0.987492	0.0	0.0221776	-0.997885	0.0611087	0.0	-3.0060599999999997	-3.3471800000000003	-1.83013	0.33110300000000004	-0.8744350000000001	0.46974899999999997	-0.12123800000000001	0.0	0.125375	-0.0226044	-0.9918520000000001	0.0	-0.46866199999999997	-0.88251	-0.039128699999999995	0.0	-0.740879	-0.402385	-1.7288700000000001	0.360873	
3	0.9889969999999999	0.0490462	0.139569	0.0	-0.141835	0.0462362	0.9888100000000001	0.0	0.0420442	-0.997726	0.052683900000000006	0.0	-3.02652	-3.3641900000000002	-1.8174299999999999	0.338291	-0.8715200000000001	0.47372600000000004	-0.126636	0.0	0.13262100000000002	-0.0209149	-0.9909459999999999	0.0	-0.47208500000000003	-0.880424	-0.0445981	0.0	-0.755047	-0.360464	-1.72245	0.36085700000000004	
3	0.988727	0.0768177	0.128524	0.0	-0.13179200000000002	0.0390763	0.990507	0.0	0.0710662	-0.9962790000000001	0.048759699999999996	0.0	-3.05063	-3.39017	-1.8183200000000002	0.336908	-0.8680389999999999	0.478642	-0.131951	0.0	0.139578	-0.0197937	-0.9900129999999999	0.0	-0.47647399999999995	-0.8777870000000001	-0.0496264	0.0	-0.768321	-0.316415	-1.72449	0.360665	
3	0.98534	0.129079	0.111552	0.0	-0.11616800000000001	0.028779400000000004	0.992813	0.0	0.12494100000000001	-0.991217	0.0433524	0.0	-3.0859799999999997	-3.41015	-1.8096599999999998	0.341963	-0.8641969999999999	0.484774	-0.13475	0.0	0.143707	-0.0188454	-0.989441	0.0	-0.482195	-0.8744360000000001	-0.05337959999999999	0.0	-0.763011	-0.287494	-1.76594	0.360738	
3	0.9792040000000001	0.16911800000000002	0.11207	0.0	-0.11667899999999999	0.0175363	0.993015	0.0	0.165971	-0.98544	0.0369041	0.0	-3.1189999999999998	-3.4277699999999998	-1.80253	0.34368200000000004	-0.8599959999999999	0.49168900000000004	-0.136562	0.0	0.146705	-0.018093500000000002	-0.989015	0.0	-0.48875799999999997	-0.870583	-0.0565732	0.0	-0.764532	-0.269937	-1.7932	0.360595	
3	0.977153	0.168443	0.129609	0.0	-0.132496	0.005963800000000001	0.991166	0.0	0.166182	-0.985693	0.028145499999999997	0.0	-3.1292299999999997	-3.48371	-1.7971099999999998	0.342827	-0.855743	0.49860600000000005	-0.138188	0.0	0.149792	-0.0168977	-0.9885729999999999	0.0	-0.49524399999999996	-0.866664	-0.060227300000000004	0.0	-0.795197	-0.243231	-1.80844	0.360563	
3	0.9740989999999999	0.17584	0.14216700000000002	0.0	-0.146203	0.0101466	0.989203	0.0	0.172499	-0.984366	0.0355921	0.0	-3.15753	-3.64025	-1.86579	0.34275900000000004	-0.851512	0.5049899999999999	-0.141112	0.0	0.153646	-0.017000599999999998	-0.98798	0.0	-0.501319	-0.862958	-0.06311359999999999	0.0	-0.8417610000000001	-0.212259	-1.8345599999999997	0.36040300000000003	
3	0.969467	0.199047	0.143227	0.0	-0.150503	0.0218416	0.988368	0.0	0.193604	-0.9797459999999999	0.0511321	0.0	-3.17683	-3.64125	-1.87447	0.344584	-0.84703	0.511549	-0.144423	0.0	0.160018	-0.0137001	-0.9870190000000001	0.0	-0.506887	-0.859145	-0.0702528	0.0	-0.869977	-0.159931	-1.87818	0.36058	
3	0.968944	0.200742	0.144394	0.0	-0.151953	0.022687099999999998	0.9881270000000001	0.0	0.195083	-0.979382	0.0524859	0.0	-3.1785900000000002	-3.64154	-1.87485	0.345276	-0.8451709999999999	0.514446	-0.145022	0.0	0.162139	-0.0117741	-0.986698	0.0	-0.50931	-0.857442	-0.0734607	0.0	-0.882983	-0.13788399999999998	-1.88651	0.36043000000000003	
3	0.9664450000000001	0.206719	0.15248599999999998	0.0	-0.16591199999999998	0.0491454	0.984915	0.0	0.196107	-0.977165	0.08179360000000001	0.0	-3.1846099999999997	-3.63505	-1.8961599999999998	0.34776599999999996	-0.840443	0.5219520000000001	-0.145678	0.0	0.16861900000000002	-0.00359368	-0.985675	0.0	-0.514998	-0.852967	-0.0849909	0.0	-0.9267559999999999	-0.0896822	-1.94009	0.360288	
3	0.962714	0.208617	0.17222300000000001	0.0	-0.186182	0.0490839	0.981289	0.0	0.19626	-0.976765	0.0860944	0.0	-3.1918599999999997	-3.6354	-1.90018	0.34724499999999997	-0.83614	0.528848	-0.145568	0.0	0.17013699999999998	-0.00224471	-0.985418	0.0	-0.521463	-0.848714	-0.0880998	0.0	-0.9560049999999999	-0.0545781	-1.9448599999999998	0.360419	
3	0.958644	0.204397	0.198049	0.0	-0.20775500000000002	0.026954400000000003	0.9778100000000001	0.0	0.194523	-0.978517	0.0683043	0.0	-3.19778	-3.64174	-1.8855400000000002	0.345631	-0.8335309999999999	0.5332359999999999	-0.14452	0.0	0.173231	0.00386214	-0.984874	0.0	-0.524612	-0.845958	-0.0955922	0.0	-0.9611190000000001	-0.0352318	-1.96937	0.36035100000000003	
3	0.95657	0.195606	0.21613000000000002	0.0	-0.220177	-0.00107651	0.975459	0.0	0.19103900000000001	-0.9806819999999999	0.0420383	0.0	-3.19747	-3.64598	-1.8683400000000001	0.338933	-0.824916	0.547198	-0.141736	0.0	0.182473	0.0204648	-0.9829979999999999	0.0	-0.534993	-0.8367530000000001	-0.116731	0.0	-0.9935959999999999	0.0169221	-2.02733	0.35996300000000003	
3	0.956534	0.182073	0.227798	0.0	-0.22966	-0.0110795	0.973208	0.0	0.17971900000000002	-0.983223	0.031217	0.0	-3.18922	-3.64166	-1.85513	0.336462	-0.81971	0.5554640000000001	-0.139767	0.0	0.187106	0.029046299999999997	-0.9819100000000001	0.0	-0.5413560000000001	-0.831033	-0.12774000000000002	0.0	-1.01076	0.0301602	-2.07171	0.35989499999999996	
3	0.9480649999999999	0.17532	0.265399	0.0	-0.259081	-0.05842230000000001	0.964087	0.0	0.184529	-0.982777	-0.00996617	0.0	-3.18024	-3.6225	-1.79845	0.313886	-0.813699	0.565405	-0.134955	0.0	0.190127	0.039475699999999996	-0.980966	0.0	-0.549315	-0.8238690000000001	-0.13962	0.0	-1.04403	0.0732187	-2.1206400000000003	0.359822	
3	0.948308	0.178789	0.26219699999999996	0.0	-0.252181	-0.0770342	0.964609	0.0	0.192659	-0.980867	-0.0279651	0.0	-3.19666	-3.61082	-1.75722	0.27519	-0.80909	0.571974	-0.134982	0.0	0.192628	0.0411124	-0.98041	0.0	-0.5552189999999999	-0.819241	-0.14344200000000001	0.0	-1.06013	0.106405	-2.1732299999999998	0.360007	
3	0.948875	0.184319	0.25624600000000003	0.0	-0.240623	-0.103029	0.9651350000000001	0.0	0.204294	-0.9774520000000001	-0.05341030000000001	0.0	-3.21142	-3.5997	-1.69823	0.226648	-0.802075	0.58153	-0.13601300000000002	0.0	0.200462	0.047616900000000004	-0.9785440000000001	0.0	-0.5625760000000001	-0.81213	-0.15476700000000002	0.0	-1.0850899999999999	0.186176	-2.1875	0.359941	
3	0.9496040000000001	0.191082	0.24847600000000003	0.0	-0.229121	-0.11782100000000001	0.966241	0.0	0.213907	-0.974477	-0.0681028	0.0	-3.2244900000000003	-3.5965599999999998	-1.67281	0.20685599999999998	-0.79862	0.586518	-0.134917	0.0	0.204432	0.053523699999999994	-0.977417	0.0	-0.566051	-0.8081659999999999	-0.16264800000000001	0.0	-1.08725	0.209438	-2.2018400000000002	0.35981399999999997	
3	0.948817	0.193953	0.24925799999999998	0.0	-0.22796999999999998	-0.12562	0.9655309999999999	0.0	0.218579	-0.972935	-0.07497469999999999	0.0	-3.20595	-3.59157	-1.68104	0.162192	-0.794446	0.592096	-0.135195	0.0	0.20950100000000002	0.0582284	-0.976073	0.0	-0.5700569999999999	-0.803761	-0.17030499999999998	0.0	-1.09197	0.244075	-2.22111	0.359724	
3	0.9484940000000001	0.194179	0.250307	0.0	-0.228706	-0.12701400000000002	0.965174	0.0	0.21920900000000001	-0.972709	-0.0760625	0.0	-3.1728099999999997	-3.5813	-1.68872	0.11094100000000001	-0.78793	0.600582	-0.135897	0.0	0.218167	0.065902	-0.973684	0.0	-0.575821	-0.7968430000000001	-0.182953	0.0	-1.09595	0.295768	-2.25189	0.35968	
3	0.9485239999999999	0.19388699999999998	0.250419	0.0	-0.22877199999999998	-0.127331	0.965117	0.0	0.21900999999999998	-0.972725	-0.0764207	0.0	-3.1726099999999997	-3.58112	-1.68793	0.11090799999999999	-0.787647	0.600857	-0.136324	0.0	0.21913600000000003	0.0664049	-0.973432	0.0	-0.5758409999999999	-0.7965939999999999	-0.183973	0.0	-1.0976299999999999	0.30196999999999996	-2.25402	0.359692	
3	0.948801	0.18834700000000001	0.25358	0.0	-0.23075900000000002	-0.134902	0.963614	0.0	0.215702	-0.972793	-0.0845323	0.0	-3.16966	-3.5779699999999997	-1.68104	0.11050399999999999	-0.7860560000000001	0.6029220000000001	-0.13638699999999998	0.0	0.22249899999999997	0.07011310000000001	-0.972409	0.0	-0.576724	-0.794714	-0.18926199999999999	0.0	-1.1057299999999999	0.348066	-2.2572	0.359539	
3	0.951782	0.18373499999999998	0.245667	0.0	-0.226652	-0.118501	0.9667399999999999	0.0	0.206736	-0.975807	-0.0711437	0.0	-3.16337	-3.57611	-1.69022	0.110525	-0.781324	0.608366	-0.139372	0.0	0.23029699999999997	0.0734721	-0.9703430000000001	0.0	-0.580083	-0.790249	-0.19751	0.0	-1.10653	0.386756	-2.24247	0.35942199999999996	
3	0.949261	0.182053	0.256439	0.0	-0.24159299999999997	-0.09989400000000001	0.9652219999999999	0.0	0.20133800000000002	-0.978201	-0.0508427	0.0	-3.1592599999999997	-3.57346	-1.70678	0.110463	-0.77889	0.6113729999999999	-0.139829	0.0	0.23340300000000003	0.075633	-0.969434	0.0	-0.5821109999999999	-0.78772	-0.201606	0.0	-1.1051600000000001	0.39273600000000003	-2.23815	0.35923099999999997	
3	0.949407	0.18346300000000001	0.254889	0.0	-0.242085	-0.0894826	0.9661200000000001	0.0	0.20005499999999998	-0.9789459999999999	-0.0405417	0.0	-3.1552599999999997	-3.57295	-1.71412	0.11055599999999999	-0.777084	0.6136189999999999	-0.140046	0.0	0.234515	0.0757988	-0.969153	0.0	-0.584076	-0.785956	-0.20280499999999999	0.0	-1.10323	0.386021	-2.23612	0.359295	
3	0.9521139999999999	0.188052	0.241071	0.0	-0.232646	-0.0659938	0.9703200000000001	0.0	0.198379	-0.9799399999999999	-0.0190843	0.0	-3.15354	-3.57251	-1.73111	0.11059400000000001	-0.77544	0.615631	-0.140325	0.0	0.23629099999999997	0.0768414	-0.9686389999999999	0.0	-0.585542	-0.784279	-0.205054	0.0	-1.10195	0.368169	-2.23152	0.35917899999999997	
3	0.9537559999999999	0.184266	0.23747800000000002	0.0	-0.22941199999999998	-0.064239	0.9712069999999999	0.0	0.194215	-0.980775	-0.018995599999999998	0.0	-3.15151	-3.5695699999999997	-1.7350900000000002	0.11019000000000001	-0.7734770000000001	0.61826	-0.139597	0.0	0.237308	0.07825800000000001	-0.968277	0.0	-0.587723	-0.782068	-0.207249	0.0	-1.09702	0.35551	-2.23532	0.359	
3	0.9561120000000001	0.185693	0.22664600000000001	0.0	-0.218298	-0.0645037	0.973748	0.0	0.195438	-0.9804879999999999	-0.0211363	0.0	-3.093	-3.55381	-1.81837	0.109126	-0.772883	0.619536	-0.137217	0.0	0.23580399999999999	0.0796551	-0.9685309999999999	0.0	-0.589109	-0.780917	-0.20765300000000003	0.0	-1.08546	0.328316	-2.24332	0.359062	
3	0.9560709999999999	0.190529	0.222771	0.0	-0.214308	-0.0641975	0.9746540000000001	0.0	0.20000199999999999	-0.9795799999999999	-0.020545400000000002	0.0	-3.03865	-3.5353199999999996	-1.87707	0.109204	-0.771806	0.620786	-0.137622	0.0	0.236564	0.07943639999999999	-0.968363	0.0	-0.590214	-0.779945	-0.20816500000000002	0.0	-1.0825	0.32232	-2.24681	0.35891799999999996	
3	0.9592299999999999	0.183345	0.215088	0.0	-0.212142	-0.035770800000000005	0.976584	0.0	0.186746	-0.982398	0.00458277	0.0	-3.03666	-3.4788699999999997	-1.8653099999999998	0.10940899999999999	-0.76968	0.623729	-0.136221	0.0	0.235523	0.0790855	-0.9686459999999999	0.0	-0.593399	-0.77763	-0.207773	0.0	-1.0825	0.316268	-2.24893	0.35872600000000004	
3	0.9592229999999999	0.183802	0.214727	0.0	-0.20660100000000003	-0.0625048	0.976427	0.0	0.192891	-0.980974	-0.021982299999999996	0.0	-3.0331200000000003	-3.4677800000000003	-1.8689	0.10923499999999998	-0.769718	0.6236189999999999	-0.13650299999999999	0.0	0.23565500000000003	0.07883960000000001	-0.968634	0.0	-0.5932970000000001	-0.777742	-0.207643	0.0	-1.08405	0.313542	-2.24986	0.358771	
3	0.959677	0.195432	0.202053	0.0	-0.188228	-0.08709700000000001	0.9782559999999999	0.0	0.208781	-0.976842	-0.0467992	0.0	-2.89339	-3.17747	-1.82217	0.109642	-0.767413	0.626995	-0.133998	0.0	0.23380399999999998	0.0790617	-0.9690639999999999	0.0	-0.597004	-0.775001	-0.207267	0.0	-1.0863200000000002	0.299802	-2.2496400000000003	0.358621	
3	0.959933	0.19525599999999999	0.201008	0.0	-0.186553	-0.08998889999999998	0.9783149999999999	0.0	0.20911	-0.976615	-0.049957800000000004	0.0	-2.8873	-3.1722799999999998	-1.81985	0.109609	-0.7673770000000001	0.627125	-0.133596	0.0	0.23355399999999998	0.0793383	-0.969102	0.0	-0.5971489999999999	-0.774868	-0.20735	0.0	-1.08595	0.2979	-2.25251	0.358772	
3	0.963467	0.193105	0.185584	0.0	-0.168122	-0.10333699999999998	0.9803350000000001	0.0	0.208486	-0.975721	-0.0670966	0.0	-2.7262	-2.89967	-1.8328	0.1105	-0.7658020000000001	0.629563	-0.13114	0.0	0.2328	0.08130789999999999	-0.9691200000000001	0.0	-0.599459	-0.772684	-0.208828	0.0	-1.08911	0.300483	-2.26575	0.358582	
3	0.968161	0.188604	0.164602	0.0	-0.150676	-0.0860377	0.9848319999999999	0.0	0.199905	-0.9782770000000001	-0.054880399999999996	0.0	-2.71762	-2.8004	-1.83238	0.10831500000000001	-0.763058	0.632987	-0.130658	0.0	0.232148	0.0797527	-0.969405	0.0	-0.6032	-0.770044	-0.20780300000000002	0.0	-1.11443	0.284961	-2.27382	0.358702	
3	0.9721719999999999	0.18548499999999998	0.143097	0.0	-0.132189	-0.06996619999999999	0.9887520000000001	0.0	0.193411	-0.980153	-0.0435001	0.0	-2.69519	-2.7090400000000003	-1.8364	0.10791700000000001	-0.762271	0.6328020000000001	-0.136034	0.0	0.23510999999999999	0.074888	-0.9690799999999999	0.0	-0.6030479999999999	-0.770684	-0.20586300000000002	0.0	-1.121	0.269038	-2.2789900000000003	0.35876399999999997	
3	0.9762940000000001	0.177509	0.123856	0.0	-0.116249	-0.0526739	0.991822	0.0	0.182581	-0.982709	-0.0307899	0.0	-2.67073	-2.62128	-1.86368	0.0901725	-0.761695	0.6318159999999999	-0.143628	0.0	0.240623	0.07001489999999999	-0.96809	0.0	-0.601599	-0.77195	-0.20536	0.0	-1.1219299999999999	0.245706	-2.28688	0.358852	
3	0.9763790000000001	0.180856	0.11821300000000001	0.0	-0.10453	-0.08343919999999999	0.991015	0.0	0.189095	-0.979964	-0.0625634	0.0	-2.38658	-2.34205	-1.82103	0.0	-0.7595810000000001	0.632499	-0.151596	0.0	0.244573	0.061786400000000005	-0.9676600000000001	0.0	-0.6026779999999999	-0.772093	-0.201624	0.0	-1.12547	0.233001	-2.28376	0.358819	
3	0.978425	0.176095	0.108049	0.0	-0.0948159	-0.0819288	0.992118	0.0	0.183559	-0.980958	-0.0634646	0.0	-2.35909	-2.24116	-1.7730400000000002	0.0	-0.758454	0.632338	-0.15778699999999998	0.0	0.24838200000000002	0.0566243	-0.9670059999999999	0.0	-0.60254	-0.772621	-0.200009	0.0	-1.1279	0.223822	-2.28445	0.35886599999999996	
3	0.9809030000000001	0.169303	0.0957346	0.0	-0.0813004	-0.0902404	0.9925959999999999	0.0	0.176689	-0.981424	-0.07475269999999999	0.0	-2.24785	-2.04412	-1.6817	0.0	-0.7563840000000001	0.633491	-0.16301	0.0	0.251388	0.051451699999999996	-0.966518	0.0	-0.6038939999999999	-0.772037	-0.198169	0.0	-1.13493	0.203296	-2.2844900000000004	0.35866	
3	0.9811610000000001	0.170157	0.0914823	0.0	-0.0770399	-0.0896382	0.9929899999999999	0.0	0.17716500000000002	-0.981332	-0.07484060000000001	0.0	-2.2318	-2.00274	-1.6556099999999998	0.0	-0.755434	0.63434	-0.16411199999999998	0.0	0.25177	0.0497846	-0.966506	0.0	-0.604923	-0.77145	-0.19731700000000002	0.0	-1.13894	0.19557	-2.28373	0.358653	
3	0.98014	0.172794	0.0972993	0.0	-0.0826468	-0.09007280000000001	0.9925	0.0	0.18026199999999998	-0.9808309999999999	-0.074003	0.0	-2.18293	-1.97013	-1.5926200000000001	0.0	-0.754536	0.635127	-0.165195	0.0	0.252241	0.0482914	-0.9664590000000001	0.0	-0.605847	-0.770896	-0.196643	0.0	-1.1525299999999998	0.189322	-2.27514	0.358727	
