0	0.214962	0.844576	-0.49039099999999997	0.0	0.268485	0.43167700000000003	0.861145	0.0	0.9389930000000001	-0.316776	-0.133962	0.0	-2.8708	1.79624	1.39865	0.0	-0.22953400000000002	0.8773920000000001	-0.42130500000000004	0.0	0.305618	-0.345997	-0.887064	0.0	-0.9240729999999999	-0.33237	-0.188729	0.0	2.71366	1.9440400000000002	1.5668	0.0	
0	0.205713	0.8489040000000001	-0.486872	0.0	0.239038	0.438855	0.86618	0.0	0.9489690000000001	-0.294566	-0.112642	0.0	-2.90631	1.7251	1.37317	0.0	-0.234052	0.871476	-0.430987	0.0	0.299668	-0.357051	-0.884711	0.0	-0.9248879999999999	-0.33622199999999997	-0.177585	0.0	2.7241400000000002	1.90408	1.53819	0.0	
0	0.163918	0.8711139999999999	-0.46291499999999997	0.0	0.235852	0.42104600000000003	0.8758389999999999	0.0	0.957865	-0.252745	-0.136437	0.0	-2.8763400000000003	1.71315	1.30975	0.101876	-0.201574	0.879584	-0.43093000000000004	0.0	0.272986	-0.372078	-0.887151	0.0	-0.9406629999999999	-0.296464	-0.165113	0.0	2.6936299999999997	1.9125900000000002	1.50688	0.303287	
0	0.22145	0.8679020000000001	-0.444642	0.0	0.258626	0.387364	0.884908	0.0	0.9402510000000001	-0.31095900000000004	-0.13868	0.0	-2.78733	1.66924	1.2803799999999999	0.0347525	-0.220113	0.8412290000000001	-0.49384700000000004	0.0	0.32665900000000003	-0.413468	-0.8499049999999999	0.0	-0.9191540000000001	-0.348394	-0.183785	0.0	2.54955	1.8969200000000002	1.5120200000000001	-0.011048700000000002	
0	0.211932	0.8624149999999999	-0.459701	0.0	0.251123	0.406535	0.878446	0.0	0.944469	-0.301612	-0.130414	0.0	-2.88515	1.62704	1.2938100000000001	0.0	-0.22144	0.8349	-0.503892	0.0	0.328802	-0.42253900000000005	-0.844601	0.0	-0.9180709999999999	-0.352709	-0.18095	0.0	2.63322	1.8895400000000002	1.51011	0.0	
0	0.22538899999999998	0.8648889999999999	-0.44851599999999997	0.0	0.269924	0.38690599999999997	0.8817280000000001	0.0	0.9361309999999999	-0.319797	-0.14625	0.0	-2.89186	1.62924	1.23971	0.0	-0.22736399999999998	0.846698	-0.48105	0.0	0.287715	-0.41352700000000003	-0.8638370000000001	0.0	-0.930336	-0.33481	-0.149587	0.0	2.5899799999999997	1.8509099999999998	1.4925899999999999	0.0248729	
0	0.272364	0.8732219999999999	-0.404105	0.0	0.30341799999999997	0.32061	0.8973	0.0	0.9131020000000001	-0.367004	-0.177629	0.0	-2.9314400000000003	1.65618	1.21751	0.19707	-0.251645	0.86518	-0.433749	0.0	0.299387	-0.356601	-0.8849879999999999	0.0	-0.920349	-0.352562	-0.169287	0.0	2.5999	1.8064200000000001	1.45745	0.339975	
0	0.308003	0.8826200000000001	-0.355128	0.0	0.314033	0.258036	0.913674	0.0	0.898063	-0.392937	-0.197696	0.0	-2.94434	1.63375	1.13202	0.319446	-0.281565	0.873619	-0.396877	0.0	0.27563899999999997	-0.322538	-0.9055340000000001	0.0	-0.9191	-0.36436199999999996	-0.149988	0.0	2.56819	1.7259900000000001	1.4351	0.357944	
0	0.371278	0.8747860000000001	-0.311291	0.0	0.315262	0.196574	0.928423	0.0	0.8733629999999999	-0.442841	-0.202803	0.0	-2.9226799999999997	1.56479	1.07756	0.349123	-0.349503	0.871273	-0.344574	0.0	0.27865700000000004	-0.25446399999999997	-0.926066	0.0	-0.8945379999999999	-0.41968	-0.153851	0.0	2.57179	1.59869	1.40639	0.358271	
0	0.463355	0.83809	-0.287935	0.0	0.310473	0.150796	0.9385450000000001	0.0	0.8300049999999999	-0.5242760000000001	-0.190333	0.0	-2.9426	1.41335	1.06546	0.349871	-0.439605	0.845442	-0.303274	0.0	0.292458	-0.18451700000000001	-0.938308	0.0	-0.849244	-0.5011800000000001	-0.166142	0.0	2.58989	1.4513	1.35592	0.35894699999999996	
0	0.50192	0.818696	-0.27895	0.0	0.30953800000000004	0.131126	0.9418030000000001	0.0	0.8076270000000001	-0.559056	-0.187603	0.0	-2.9826099999999998	1.27769	1.0257399999999999	0.35085500000000003	-0.512185	0.812331	-0.27889899999999995	0.0	0.313863	-0.12523900000000002	-0.9411719999999999	0.0	-0.799473	-0.5695899999999999	-0.190815	0.0	2.64951	1.31087	1.28199	0.359446	
0	0.554949	0.788659	-0.264666	0.0	0.300454	0.10665799999999999	0.9478139999999999	0.0	0.7757310000000001	-0.605508	-0.177766	0.0	-3.0230099999999998	1.13952	0.996927	0.351633	-0.5993229999999999	0.76546	-0.23427199999999998	0.0	0.30850900000000003	-0.049185599999999996	-0.9499489999999999	0.0	-0.738671	-0.641601	-0.20667399999999997	0.0	2.6956900000000004	1.12209	1.1933799999999999	0.360744	
0	0.5968	0.761885	-0.251718	0.0	0.29101	0.08683010000000001	0.952772	0.0	0.7477590000000001	-0.6418659999999999	-0.169896	0.0	-3.06593	0.995813	0.968042	0.352126	-0.657539	0.723275	-0.21098899999999998	0.0	0.31443000000000004	0.00894725	-0.9492389999999999	0.0	-0.6846720000000001	-0.690503	-0.233303	0.0	2.75197	0.989173	1.11152	0.361794	
0	0.624725	0.7419819999999999	-0.243273	0.0	0.28517600000000004	0.07322669999999999	0.955674	0.0	0.726907	-0.666409	-0.165849	0.0	-3.08891	0.9331430000000001	0.964784	0.352731	-0.692254	0.692136	-0.204284	0.0	0.315132	0.035267599999999996	-0.948392	0.0	-0.649212	-0.720905	-0.242529	0.0	2.79515	0.861085	1.05175	0.36242199999999997	
0	0.6446689999999999	0.727873	-0.233672	0.0	0.275957	0.0634816	0.9590709999999999	0.0	0.712916	-0.682767	-0.159937	0.0	-3.1074	0.869087	0.95644	0.353106	-0.707591	0.676599	-0.203787	0.0	0.312757	0.0412701	-0.9489360000000001	0.0	-0.6336390000000001	-0.735194	-0.240814	0.0	2.81613	0.772134	1.0248899999999999	0.362854	
0	0.660759	0.716201	-0.22462	0.0	0.265841	0.056558500000000005	0.962357	0.0	0.7019449999999999	-0.695599	-0.153024	0.0	-3.13198	0.788078	0.936744	0.35363	-0.7158140000000001	0.668794	-0.20081300000000002	0.0	0.313651	0.0510036	-0.948168	0.0	-0.6238859999999999	-0.741696	-0.246277	0.0	2.82197	0.739575	1.01793	0.362966	
0	0.672254	0.7083	-0.215375	0.0	0.257938	0.0486007	0.964938	0.0	0.693933	-0.704237	-0.150025	0.0	-3.13932	0.756369	0.922534	0.354178	-0.724919	0.6597029999999999	-0.198203	0.0	0.311578	0.057413	-0.948485	0.0	-0.6143390000000001	-0.74933	-0.247169	0.0	2.83209	0.7063649999999999	1.00786	0.363126	
0	0.694739	0.6932189999999999	-0.191796	0.0	0.236287	0.031889799999999996	0.97116	0.0	0.679343	-0.720021	-0.141644	0.0	-3.14529	0.720312	0.9090790000000001	0.35491999999999996	-0.735558	0.6475270000000001	-0.199157	0.0	0.313069	0.0641939	-0.947558	0.0	-0.600785	-0.7593340000000001	-0.249939	0.0	2.87143	0.685118	0.998006	0.363053	
0	0.694523	0.693379	-0.192	0.0	0.236423	0.0320945	0.9711200000000001	0.0	0.679516	-0.719858	-0.14164000000000002	0.0	-3.14456	0.72145	0.909055	0.355191	-0.73569	0.6473939999999999	-0.199102	0.0	0.313054	0.064336	-0.9475540000000001	0.0	-0.600631	-0.7594350000000001	-0.25000100000000003	0.0	2.87167	0.683656	0.9978100000000001	0.362996	
0	0.6945060000000001	0.693393	-0.192012	0.0	0.236436	0.0321031	0.971117	0.0	0.679529	-0.7198439999999999	-0.141647	0.0	-3.14456	0.721491	0.90907	0.355191	-0.735685	0.6474	-0.199101	0.0	0.313055	0.0643354	-0.9475530000000001	0.0	-0.600636	-0.7594310000000001	-0.250002	0.0	2.87162	0.68371	0.99782	0.362996	
0	0.694505	0.693393	-0.192012	0.0	0.23643499999999998	0.0321031	0.971117	0.0	0.67953	-0.7198439999999999	-0.141647	0.0	-3.14456	0.721491	0.90907	0.355191	-0.735685	0.6474	-0.199101	0.0	0.313055	0.06433530000000001	-0.9475540000000001	0.0	-0.600637	-0.7594310000000001	-0.250002	0.0	2.87162	0.68371	0.99782	0.362996	
0	0.694505	0.693393	-0.192012	0.0	0.23643499999999998	0.0321031	0.971117	0.0	0.67953	-0.7198439999999999	-0.141647	0.0	-3.14456	0.72149	0.90907	0.355191	-0.735685	0.6474	-0.199101	0.0	0.313055	0.06433530000000001	-0.9475540000000001	0.0	-0.600637	-0.7594310000000001	-0.250002	0.0	2.87162	0.683709	0.99782	0.362996	
0	0.694505	0.693393	-0.192012	0.0	0.23643499999999998	0.0321031	0.971117	0.0	0.67953	-0.7198439999999999	-0.141647	0.0	-3.14456	0.721491	0.90907	0.355191	-0.735685	0.6474	-0.199101	0.0	0.313055	0.06433530000000001	-0.9475540000000001	0.0	-0.600637	-0.7594310000000001	-0.250002	0.0	2.87162	0.68371	0.99782	0.362996	
0	0.6945060000000001	0.693393	-0.192012	0.0	0.23643499999999998	0.0321032	0.971117	0.0	0.67953	-0.7198439999999999	-0.141647	0.0	-3.14456	0.721491	0.90907	0.355191	-0.735685	0.6474	-0.199101	0.0	0.313055	0.06433530000000001	-0.9475540000000001	0.0	-0.600637	-0.7594310000000001	-0.250002	0.0	2.87162	0.68371	0.997821	0.362996	
0	0.694505	0.693393	-0.192012	0.0	0.23643499999999998	0.0321031	0.971117	0.0	0.67953	-0.7198439999999999	-0.141647	0.0	-3.14456	0.721491	0.90907	0.355191	-0.735685	0.6474	-0.199101	0.0	0.313055	0.06433530000000001	-0.9475540000000001	0.0	-0.600637	-0.7594310000000001	-0.250002	0.0	2.87162	0.683709	0.99782	0.362996	
0	0.694505	0.693393	-0.192012	0.0	0.23643499999999998	0.0321031	0.971117	0.0	0.67953	-0.7198439999999999	-0.141647	0.0	-3.14456	0.721491	0.90907	0.355191	-0.735685	0.6474	-0.199101	0.0	0.313055	0.06433530000000001	-0.9475540000000001	0.0	-0.600637	-0.7594310000000001	-0.25000300000000003	0.0	2.87162	0.683709	0.99782	0.362996	
0	0.6945060000000001	0.693393	-0.192012	0.0	0.23643499999999998	0.0321032	0.971117	0.0	0.67953	-0.7198439999999999	-0.141647	0.0	-3.14456	0.721491	0.90907	0.355191	-0.735685	0.6474	-0.199101	0.0	0.313055	0.06433530000000001	-0.9475540000000001	0.0	-0.600637	-0.7594310000000001	-0.25000300000000003	0.0	2.87162	0.68371	0.99782	0.362996	
0	0.6945060000000001	0.693393	-0.192012	0.0	0.23643499999999998	0.0321032	0.971117	0.0	0.67953	-0.7198439999999999	-0.141647	0.0	-3.14456	0.721491	0.90907	0.355191	-0.735685	0.6474	-0.199101	0.0	0.313055	0.06433530000000001	-0.9475540000000001	0.0	-0.600637	-0.7594310000000001	-0.25000300000000003	0.0	2.87162	0.68371	0.99782	0.362996	
0	0.6945060000000001	0.693393	-0.192012	0.0	0.23643499999999998	0.0321032	0.971117	0.0	0.67953	-0.7198439999999999	-0.141647	0.0	-3.14456	0.721491	0.90907	0.355191	-0.735685	0.6474	-0.199101	0.0	0.313055	0.06433530000000001	-0.9475540000000001	0.0	-0.600637	-0.7594310000000001	-0.25000300000000003	0.0	2.87162	0.68371	0.997821	0.362996	
0	0.694505	0.693393	-0.192012	0.0	0.23643499999999998	0.0321031	0.971117	0.0	0.67953	-0.7198439999999999	-0.141647	0.0	-3.14456	0.721491	0.90907	0.355191	-0.735685	0.6474	-0.199101	0.0	0.313055	0.06433530000000001	-0.9475540000000001	0.0	-0.600637	-0.7594310000000001	-0.25000300000000003	0.0	2.87162	0.68371	0.99782	0.362996	
0	0.694505	0.693393	-0.192012	0.0	0.23643499999999998	0.0321031	0.971117	0.0	0.67953	-0.7198439999999999	-0.141647	0.0	-3.14456	0.72149	0.90907	0.355191	-0.735685	0.6474	-0.199101	0.0	0.313055	0.06433530000000001	-0.9475540000000001	0.0	-0.600637	-0.7594310000000001	-0.25000300000000003	0.0	2.87162	0.68371	0.99782	0.362996	
0	0.694505	0.693393	-0.192012	0.0	0.23643499999999998	0.0321031	0.971117	0.0	0.67953	-0.7198439999999999	-0.141647	0.0	-3.14456	0.721491	0.90907	0.355191	-0.735685	0.6474	-0.199101	0.0	0.313055	0.06433530000000001	-0.9475540000000001	0.0	-0.600637	-0.7594310000000001	-0.250002	0.0	2.87162	0.683709	0.99782	0.362996	
0	0.6945060000000001	0.693393	-0.192012	0.0	0.23643499999999998	0.0321032	0.971117	0.0	0.67953	-0.7198439999999999	-0.141647	0.0	-3.14456	0.721491	0.90907	0.355191	-0.735685	0.6474	-0.199101	0.0	0.313055	0.06433530000000001	-0.9475540000000001	0.0	-0.600637	-0.7594310000000001	-0.250002	0.0	2.87162	0.68371	0.997821	0.362996	
0	0.694505	0.693393	-0.192012	0.0	0.23643499999999998	0.0321031	0.971117	0.0	0.67953	-0.7198439999999999	-0.141647	0.0	-3.14456	0.721491	0.90907	0.355191	-0.735685	0.6474	-0.199101	0.0	0.313055	0.06433530000000001	-0.9475540000000001	0.0	-0.600637	-0.7594310000000001	-0.25000300000000003	0.0	2.87162	0.68371	0.997821	0.362996	
0	0.694505	0.693393	-0.192012	0.0	0.23643499999999998	0.0321031	0.971117	0.0	0.67953	-0.7198439999999999	-0.141647	0.0	-3.14456	0.72149	0.90907	0.355191	-0.735685	0.6474	-0.199101	0.0	0.313055	0.06433530000000001	-0.9475540000000001	0.0	-0.600637	-0.7594310000000001	-0.25000300000000003	0.0	2.87162	0.68371	0.99782	0.362996	
0	0.6945060000000001	0.693393	-0.192012	0.0	0.23643499999999998	0.0321032	0.971117	0.0	0.67953	-0.7198439999999999	-0.141647	0.0	-3.14456	0.721491	0.90907	0.355191	-0.735685	0.6474	-0.199101	0.0	0.313055	0.06433530000000001	-0.9475540000000001	0.0	-0.600637	-0.7594310000000001	-0.25000300000000003	0.0	2.87162	0.683709	0.99782	0.362996	
0	0.694505	0.693393	-0.192012	0.0	0.23643499999999998	0.0321031	0.971117	0.0	0.67953	-0.7198439999999999	-0.141647	0.0	-3.14456	0.721491	0.90907	0.355191	-0.735685	0.6474	-0.199101	0.0	0.313055	0.06433530000000001	-0.9475540000000001	0.0	-0.600637	-0.7594310000000001	-0.250002	0.0	2.87162	0.68371	0.997821	0.362996	
0	0.694505	0.693393	-0.192012	0.0	0.23643499999999998	0.0321031	0.971117	0.0	0.67953	-0.7198439999999999	-0.141647	0.0	-3.14456	0.721491	0.90907	0.355191	-0.735685	0.6474	-0.199101	0.0	0.313055	0.06433530000000001	-0.9475540000000001	0.0	-0.600637	-0.7594310000000001	-0.25000300000000003	0.0	2.87162	0.68371	0.997821	0.362996	
0	0.694505	0.693393	-0.192012	0.0	0.23643499999999998	0.0321031	0.971117	0.0	0.67953	-0.7198439999999999	-0.141647	0.0	-3.14456	0.72149	0.90907	0.355191	-0.735685	0.6474	-0.199101	0.0	0.313055	0.06433530000000001	-0.9475540000000001	0.0	-0.600637	-0.7594310000000001	-0.25000300000000003	0.0	2.87162	0.68371	0.99782	0.362996	
0	0.694505	0.693393	-0.192012	0.0	0.23643499999999998	0.0321031	0.971117	0.0	0.67953	-0.7198439999999999	-0.141647	0.0	-3.14456	0.721491	0.90907	0.355191	-0.735685	0.6474	-0.199101	0.0	0.313055	0.0643354	-0.9475540000000001	0.0	-0.600636	-0.7594310000000001	-0.250002	0.0	2.87162	0.68371	0.997821	0.362996	
0	0.694505	0.693393	-0.192012	0.0	0.23643499999999998	0.0321031	0.971117	0.0	0.67953	-0.7198439999999999	-0.141647	0.0	-3.14456	0.72149	0.90907	0.355191	-0.735685	0.6474	-0.199101	0.0	0.313055	0.0643354	-0.9475540000000001	0.0	-0.600637	-0.7594310000000001	-0.250002	0.0	2.87162	0.683709	0.99782	0.362996	
0	0.694505	0.693393	-0.192012	0.0	0.23643499999999998	0.0321031	0.971117	0.0	0.67953	-0.7198439999999999	-0.141647	0.0	-3.14456	0.721491	0.90907	0.355191	-0.735685	0.6474	-0.199101	0.0	0.313055	0.06433530000000001	-0.9475540000000001	0.0	-0.600637	-0.7594310000000001	-0.250002	0.0	2.87162	0.68371	0.99782	0.362996	
0	0.6945060000000001	0.693393	-0.192012	0.0	0.23643499999999998	0.0321032	0.971117	0.0	0.67953	-0.7198439999999999	-0.141647	0.0	-3.14456	0.721491	0.90907	0.355191	-0.735685	0.6474	-0.199101	0.0	0.313055	0.06433530000000001	-0.9475540000000001	0.0	-0.600637	-0.7594310000000001	-0.250002	0.0	2.87162	0.683709	0.99782	0.362996	
0	0.694505	0.693393	-0.192012	0.0	0.23643499999999998	0.0321031	0.971117	0.0	0.67953	-0.7198439999999999	-0.141647	0.0	-3.14456	0.721491	0.90907	0.355191	-0.735685	0.6474	-0.199101	0.0	0.313055	0.06433530000000001	-0.9475540000000001	0.0	-0.600637	-0.7594310000000001	-0.250002	0.0	2.87162	0.68371	0.99782	0.362996	
0	0.6945060000000001	0.693393	-0.192012	0.0	0.23643499999999998	0.0321032	0.971117	0.0	0.67953	-0.7198439999999999	-0.141647	0.0	-3.14456	0.721491	0.90907	0.355191	-0.735685	0.6474	-0.199101	0.0	0.313055	0.06433530000000001	-0.9475540000000001	0.0	-0.600637	-0.7594310000000001	-0.250002	0.0	2.87162	0.68371	0.99782	0.362996	
0	0.6945060000000001	0.693393	-0.192012	0.0	0.23643499999999998	0.0321032	0.971117	0.0	0.67953	-0.7198439999999999	-0.141647	0.0	-3.14456	0.72149	0.90907	0.355191	-0.735685	0.6474	-0.199101	0.0	0.313055	0.06433530000000001	-0.9475540000000001	0.0	-0.600637	-0.7594310000000001	-0.25000300000000003	0.0	2.87162	0.68371	0.99782	0.362996	
0	0.694505	0.693393	-0.192012	0.0	0.23643499999999998	0.0321031	0.971117	0.0	0.67953	-0.7198439999999999	-0.141647	0.0	-3.14456	0.721491	0.90907	0.355191	-0.735685	0.6474	-0.199101	0.0	0.313055	0.06433530000000001	-0.9475540000000001	0.0	-0.600637	-0.7594310000000001	-0.250002	0.0	2.87162	0.68371	0.99782	0.362996	
0	0.694505	0.693393	-0.192012	0.0	0.23643499999999998	0.0321031	0.971117	0.0	0.67953	-0.7198439999999999	-0.141647	0.0	-3.14456	0.72149	0.90907	0.355191	-0.735685	0.6474	-0.199101	0.0	0.313055	0.06433530000000001	-0.9475540000000001	0.0	-0.600637	-0.7594310000000001	-0.250002	0.0	2.87162	0.68371	0.99782	0.362996	
0	0.6945060000000001	0.693393	-0.192012	0.0	0.23643499999999998	0.0321032	0.971117	0.0	0.67953	-0.7198439999999999	-0.141647	0.0	-3.14456	0.72149	0.90907	0.355191	-0.735685	0.6474	-0.199101	0.0	0.313055	0.06433530000000001	-0.9475540000000001	0.0	-0.600637	-0.7594310000000001	-0.250002	0.0	2.87162	0.68371	0.99782	0.362996	
0	0.694505	0.693393	-0.192012	0.0	0.23643499999999998	0.0321031	0.971117	0.0	0.67953	-0.7198439999999999	-0.141647	0.0	-3.14456	0.72149	0.90907	0.355191	-0.735685	0.6474	-0.199101	0.0	0.313055	0.06433530000000001	-0.9475540000000001	0.0	-0.600636	-0.7594310000000001	-0.250002	0.0	2.87162	0.68371	0.99782	0.362996	
0	0.694505	0.693393	-0.192012	0.0	0.23643499999999998	0.0321031	0.971117	0.0	0.67953	-0.7198439999999999	-0.141647	0.0	-3.14456	0.721491	0.90907	0.355191	-0.735685	0.6474	-0.199101	0.0	0.313055	0.06433530000000001	-0.9475540000000001	0.0	-0.600636	-0.7594310000000001	-0.250002	0.0	2.87162	0.68371	0.997821	0.362996	
0	0.6945060000000001	0.693393	-0.192012	0.0	0.23643499999999998	0.0321032	0.971117	0.0	0.67953	-0.7198439999999999	-0.141647	0.0	-3.14456	0.721491	0.90907	0.355191	-0.735685	0.6474	-0.199101	0.0	0.313055	0.06433530000000001	-0.9475540000000001	0.0	-0.600637	-0.7594310000000001	-0.250002	0.0	2.87162	0.68371	0.99782	0.362996	
0	0.6945060000000001	0.693393	-0.192012	0.0	0.23643499999999998	0.0321032	0.971117	0.0	0.67953	-0.7198439999999999	-0.141647	0.0	-3.14456	0.721491	0.90907	0.355191	-0.735685	0.6474	-0.199101	0.0	0.313055	0.06433530000000001	-0.9475540000000001	0.0	-0.600637	-0.7594310000000001	-0.250002	0.0	2.87162	0.68371	0.99782	0.362996	
0	0.694505	0.693393	-0.192012	0.0	0.23643499999999998	0.0321031	0.971117	0.0	0.67953	-0.7198439999999999	-0.141647	0.0	-3.14456	0.72149	0.90907	0.355191	-0.735685	0.6474	-0.199101	0.0	0.313055	0.06433530000000001	-0.9475540000000001	0.0	-0.600637	-0.7594310000000001	-0.25000300000000003	0.0	2.87162	0.68371	0.997821	0.362996	
0	0.694505	0.693393	-0.192012	0.0	0.23643499999999998	0.0321031	0.971117	0.0	0.67953	-0.7198439999999999	-0.141647	0.0	-3.14456	0.721491	0.90907	0.355191	-0.735685	0.6474	-0.199101	0.0	0.313055	0.06433530000000001	-0.9475540000000001	0.0	-0.600637	-0.7594310000000001	-0.25000300000000003	0.0	2.87162	0.683709	0.99782	0.362996	
0	0.694505	0.693393	-0.192012	0.0	0.23643499999999998	0.0321031	0.971117	0.0	0.67953	-0.7198439999999999	-0.141647	0.0	-3.14456	0.721491	0.90907	0.355191	-0.735685	0.6474	-0.199101	0.0	0.313055	0.06433530000000001	-0.9475540000000001	0.0	-0.600637	-0.7594310000000001	-0.250002	0.0	2.87161	0.683709	0.99782	0.36299699999999996	
0	0.694505	0.693393	-0.192012	0.0	0.23643499999999998	0.0321031	0.971117	0.0	0.67953	-0.7198439999999999	-0.141647	0.0	-3.14456	0.72149	0.90907	0.355191	-0.735685	0.6474	-0.199101	0.0	0.313055	0.06433530000000001	-0.9475540000000001	0.0	-0.600637	-0.7594310000000001	-0.25000300000000003	0.0	2.87162	0.68371	0.99782	0.362996	
0	0.694505	0.693393	-0.192012	0.0	0.23643499999999998	0.0321031	0.971117	0.0	0.67953	-0.7198439999999999	-0.141647	0.0	-3.14456	0.72149	0.90907	0.355191	-0.735685	0.6474	-0.199101	0.0	0.313055	0.06433530000000001	-0.9475540000000001	0.0	-0.600637	-0.7594310000000001	-0.25000300000000003	0.0	2.87162	0.68371	0.997821	0.362996	
0	0.694505	0.693393	-0.192012	0.0	0.23643499999999998	0.0321031	0.971117	0.0	0.67953	-0.7198439999999999	-0.141647	0.0	-3.14456	0.721491	0.90907	0.355191	-0.735685	0.6474	-0.199101	0.0	0.313055	0.06433530000000001	-0.9475540000000001	0.0	-0.600637	-0.7594310000000001	-0.250002	0.0	2.87162	0.68371	0.99782	0.362996	
0	0.6945060000000001	0.693393	-0.192012	0.0	0.23643499999999998	0.0321032	0.971117	0.0	0.67953	-0.7198439999999999	-0.141647	0.0	-3.14456	0.72149	0.90907	0.355191	-0.735685	0.6474	-0.199101	0.0	0.313055	0.06433530000000001	-0.9475540000000001	0.0	-0.600637	-0.7594310000000001	-0.25000300000000003	0.0	2.87162	0.68371	0.997821	0.362996	
0	0.8566469999999999	0.490316	-0.160456	0.0	0.194411	-0.0187149	0.980742	0.0	0.47786999999999996	-0.871344	-0.111355	0.0	-3.1543900000000002	0.694272	0.846575	0.352962	-0.8275379999999999	0.466764	-0.31195	0.0	0.318484	-0.0672777	-0.9455379999999999	0.0	-0.46233	-0.881819	-0.0929822	0.0	2.81241	0.675291	1.05435	0.359619	
0	0.8442709999999999	0.5128229999999999	-0.155625	0.0	0.189472	-0.013992600000000001	0.981786	0.0	0.501305	-0.858381	-0.10897899999999999	0.0	-3.1394	0.654647	0.8109	0.353638	-0.811812	0.49587299999999995	-0.308336	0.0	0.314877	-0.0729319	-0.946326	0.0	-0.491745	-0.8653270000000001	-0.0969324	0.0	2.7227	0.7071609999999999	1.04139	0.359554	
0	0.8462209999999999	0.5102439999999999	-0.153498	0.0	0.186906	-0.014477100000000001	0.9822709999999999	0.0	0.49897600000000003	-0.859908	-0.107618	0.0	-3.1276200000000003	0.637582	0.802211	0.353582	-0.808724	0.502943	-0.304983	0.0	0.308701	-0.0784294	-0.9479200000000001	0.0	-0.50067	-0.8607540000000001	-0.0918317	0.0	2.64373	0.720526	1.03841	0.35932800000000004	
0	0.845137	0.512007	-0.153601	0.0	0.18779400000000002	-0.0153546	0.982089	0.0	0.5004770000000001	-0.858844	-0.109128	0.0	-3.14439	0.636644	0.782452	0.353554	-0.809077	0.505278	-0.300149	0.0	0.30289099999999997	-0.0791619	-0.949732	0.0	-0.5036390000000001	-0.859318	-0.08899639999999999	0.0	2.60765	0.723019	1.03816	0.359311	
0	0.852507	0.501052	-0.148929	0.0	0.182608	-0.0185138	0.9830110000000001	0.0	0.489782	-0.8652190000000001	-0.107279	0.0	-3.15185	0.632306	0.772633	0.35372800000000004	-0.80914	0.509264	-0.29316	0.0	0.29394899999999996	-0.0811955	-0.9523659999999999	0.0	-0.5088090000000001	-0.856771	-0.08399910000000001	0.0	2.55594	0.725946	1.04145	0.359099	
0	0.851981	0.502001	-0.14874	0.0	0.18296400000000002	-0.0192837	0.98293	0.0	0.49056400000000006	-0.8646520000000001	-0.108277	0.0	-3.15889	0.632026	0.7671279999999999	0.353654	-0.809982	0.508283	-0.292536	0.0	0.29289899999999996	-0.08153869999999999	-0.9526600000000001	0.0	-0.508074	-0.8573219999999999	-0.08283070000000001	0.0	2.55342	0.721716	1.03189	0.359065	
0	0.8496879999999999	0.504954	-0.151825	0.0	0.189547	-0.0238181	0.981583	0.0	0.49203800000000003	-0.862818	-0.115951	0.0	-3.16846	0.6319140000000001	0.763021	0.35341100000000003	-0.808478	0.511514	-0.291063	0.0	0.292459	-0.07998789999999999	-0.9529270000000001	0.0	-0.510717	-0.8555440000000001	-0.0849286	0.0	2.52235	0.734718	1.0080200000000001	0.359182	
0	0.862369	0.488433	-0.133241	0.0	0.17188599999999998	-0.034916699999999995	0.984498	0.0	0.476209	-0.8719020000000001	-0.11406600000000001	0.0	-3.1536299999999997	0.5942069999999999	0.710268	0.353288	-0.8183159999999999	0.5150319999999999	-0.25515	0.0	0.263598	-0.0581928	-0.9628760000000001	0.0	-0.510759	-0.855194	-0.0881416	0.0	2.51258	0.7067479999999999	0.960707	0.359089	
0	0.8783139999999999	0.467157	-0.101631	0.0	0.143091	-0.0540374	0.988233	0.0	0.456168	-0.8825219999999999	-0.11430799999999999	0.0	-3.11306	0.467055	0.540935	0.352792	-0.8415969999999999	0.493598	-0.219263	0.0	0.236015	-0.029060700000000002	-0.9713149999999999	0.0	-0.485811	-0.8692049999999999	-0.0920394	0.0	2.4778700000000002	0.588258	0.8354090000000001	0.358147	
0	0.8846780000000001	0.46301899999999996	-0.0543816	0.0	0.09698810000000001	-0.068695	0.9929120000000001	0.0	0.456002	-0.883682	-0.10568	0.0	-2.9832	0.21209499999999998	0.22181900000000002	0.35256	-0.869209	0.45803900000000003	-0.186218	0.0	0.19359	-0.0312899	-0.980584	0.0	-0.45497200000000004	-0.888381	-0.06147469999999999	0.0	2.36859	0.293363	0.626091	0.357471	
0	0.880332	0.474181	-0.0129229	0.0	0.054124	-0.0733434	0.9958370000000001	0.0	0.47125900000000004	-0.877367	-0.09023110000000001	0.0	-2.8106299999999997	-0.0719718	-0.118243	0.35167800000000005	-0.9001620000000001	0.404938	-0.160416	0.0	0.16511800000000001	-0.023549200000000003	-0.985993	0.0	-0.403044	-0.914041	-0.0456644	0.0	2.28638	-0.0185709	0.412947	0.356844	
0	0.88387	0.46754300000000004	0.013317600000000002	0.0	0.021313299999999997	-0.0687025	0.99741	0.0	0.467247	-0.8812969999999999	-0.070689	0.0	-2.67922	-0.332296	-0.339882	0.351425	-0.9175139999999999	0.372871	-0.13833	0.0	0.142397	-0.016760499999999998	-0.989668	0.0	-0.371337	-0.927732	-0.0377181	0.0	2.23161	-0.271358	0.23708600000000002	0.358654	
0	0.8994489999999999	0.43523599999999996	0.0394954	0.0	-0.03142059999999999	-0.0257368	0.999175	0.0	0.43589399999999995	-0.899948	-0.00947355	0.0	-2.45613	-0.9169959999999999	-0.761965	0.353379	-0.9415100000000001	0.32069699999999995	-0.103497	0.0	0.11021700000000001	0.00281936	-0.9939040000000001	0.0	-0.31845	-0.9471780000000001	-0.038000900000000004	0.0	2.20498	-0.777138	-0.181912	0.362919	
0	0.918494	0.389372	0.06898430000000001	0.0	-0.0746802	-0.000509672	0.997208	0.0	0.38832	-0.9210799999999999	0.0286103	0.0	-2.42957	-1.3042200000000002	-1.03895	0.355699	-0.941825	0.322529	-0.0945557	0.0	0.100969	0.0031718000000000002	-0.994885	0.0	-0.32058000000000003	-0.9465540000000001	-0.0355529	0.0	2.13447	-0.984302	-0.459941	0.363374	
0	0.9237549999999999	0.372138	0.0904973	0.0	-0.10055800000000001	0.00767213	0.9949020000000001	0.0	0.36954699999999996	-0.9281459999999999	0.0445087	0.0	-2.4419299999999997	-1.5005899999999999	-1.18282	0.35773299999999997	-0.942983	0.32149099999999997	-0.0861836	0.0	0.09277560000000001	0.00520998	-0.9956729999999999	0.0	-0.319651	-0.9468989999999999	-0.034739599999999995	0.0	2.10339	-1.07637	-0.608163	0.363506	
0	0.9280309999999999	0.345202	0.139976	0.0	-0.163216	0.0390475	0.985817	0.0	0.334841	-0.937716	0.09257989999999999	0.0	-2.45162	-1.86287	-1.41754	0.359195	-0.9467399999999999	0.313636	-0.07291210000000001	0.0	0.08119839999999999	0.013419899999999998	-0.9966079999999999	0.0	-0.311594	-0.949448	-0.0381718	0.0	2.03932	-1.19005	-0.8543290000000001	0.363194	
0	0.935507	0.317348	0.155297	0.0	-0.183475	0.0607314	0.9811469999999999	0.0	0.301933	-0.946363	0.11504	0.0	-2.44489	-1.9577799999999999	-1.43944	0.358516	-0.948983	0.307388	-0.0703203	0.0	0.078796	0.015233000000000002	-0.9967739999999999	0.0	-0.30532600000000004	-0.951462	-0.038676999999999996	0.0	2.00199	-1.21386	-0.935292	0.363247	
0	0.9363100000000001	0.29167	0.19558	0.0	-0.241398	0.13008	0.9616680000000001	0.0	0.25504899999999997	-0.947633	0.19220399999999999	0.0	-2.4874099999999997	-2.16811	-1.4338899999999999	0.35839899999999997	-0.955412	0.28886999999999996	-0.0611674	0.0	0.06617680000000001	0.00759691	-0.9977790000000001	0.0	-0.28776399999999996	-0.9573379999999999	-0.026374900000000003	0.0	1.9545700000000001	-1.25694	-1.03946	0.36299899999999996	
0	0.936002	0.277301	0.216806	0.0	-0.267482	0.159959	0.9501930000000001	0.0	0.228809	-0.9473739999999999	0.223894	0.0	-2.52083	-2.21191	-1.40199	0.35738600000000004	-0.957324	0.28344	-0.0565059	0.0	0.0611345	0.00750393	-0.998101	0.0	-0.282478	-0.9589610000000001	-0.024511599999999998	0.0	1.95668	-1.26651	-1.05069	0.36299000000000003	
0	0.9441379999999999	0.24816100000000002	0.21684099999999998	0.0	-0.272881	0.219788	0.9366049999999999	0.0	0.18477000000000002	-0.943456	0.27522800000000003	0.0	-2.64183	-2.30816	-1.3124200000000001	0.357612	-0.96216	0.26782399999999995	-0.0501835	0.0	0.053663499999999996	0.00568455	-0.9985430000000001	0.0	-0.267148	-0.9634510000000001	-0.019842099999999998	0.0	1.98968	-1.324	-1.08219	0.363052	
0	0.951932	0.214327	0.21883699999999998	0.0	-0.270599	0.253648	0.9286760000000001	0.0	0.143532	-0.9432530000000001	0.299452	0.0	-2.74353	-2.4260099999999998	-1.27778	0.356683	-0.96425	0.26005500000000004	-0.050928100000000004	0.0	0.05547180000000001	0.010157799999999998	-0.998409	0.0	-0.25912399999999997	-0.96554	-0.0242206	0.0	2.02691	-1.33094	-1.09097	0.36302399999999996	
0	0.953355	0.21131100000000003	0.21555	0.0	-0.268751	0.269092	0.924858	0.0	0.13743	-0.9396469999999999	0.31333	0.0	-2.8065599999999997	-2.50356	-1.28211	0.356244	-0.9645739999999999	0.25856799999999996	-0.052336099999999997	0.0	0.0573012	0.0116976	-0.998289	0.0	-0.25751399999999997	-0.965922	-0.026099599999999997	0.0	2.0648299999999997	-1.32682	-1.1105200000000002	0.36291999999999996	
0	0.958556	0.192975	0.2096	0.0	-0.258822	0.282301	0.923752	0.0	0.119091	-0.939716	0.320548	0.0	-2.89475	-2.62756	-1.2769	0.35564	-0.963838	0.260293	-0.057137	0.0	0.061614	0.00906616	-0.998059	0.0	-0.25927	-0.9654870000000001	-0.024776	0.0	2.0879	-1.29253	-1.0969200000000001	0.363122	
0	0.960959	0.184063	0.20658600000000002	0.0	-0.25344	0.28597	0.9241149999999999	0.0	0.111018	-0.9403950000000001	0.321455	0.0	-2.93998	-2.67886	-1.3201399999999999	0.355199	-0.961887	0.26599	-0.0634344	0.0	0.0670206	0.00441748	-0.997742	0.0	-0.26510900000000004	-0.963966	-0.0220762	0.0	2.0701099999999997	-1.2562799999999998	-1.07229	0.363348	
0	0.961578	0.18186	0.205659	0.0	-0.251816	0.28589000000000003	0.924584	0.0	0.109349	-0.940847	0.3207	0.0	-2.94486	-2.68466	-1.3282	0.35517	-0.9615870000000001	0.266872	-0.0642723	0.0	0.06791910000000001	0.0044474	-0.9976809999999999	0.0	-0.265967	-0.963722	-0.0224024	0.0	2.0674200000000003	-1.25171	-1.0701200000000002	0.363202	
0	0.963225	0.18323699999999998	0.196526	0.0	-0.24387199999999998	0.289127	0.9257059999999999	0.0	0.112803	-0.9395899999999999	0.323181	0.0	-2.94664	-2.7457599999999998	-1.43654	0.35389299999999996	-0.9572799999999999	0.278791	-0.07676089999999999	0.0	0.08280019999999999	0.00993335	-0.996517	0.0	-0.277057	-0.9603010000000001	-0.0325931	0.0	2.00466	-1.13224	-1.0286	0.36302199999999996	
0	0.963103	0.185105	0.19537000000000002	0.0	-0.243195	0.28762600000000005	0.9263520000000001	0.0	0.11527899999999999	-0.939685	0.32203000000000004	0.0	-2.9430400000000003	-2.7471400000000004	-1.44436	0.353416	-0.9567450000000001	0.28016199999999997	-0.078421	0.0	0.0847942	0.0106803	-0.996341	0.0	-0.27829899999999996	-0.959894	-0.0339747	0.0	2.00385	-1.1257700000000002	-1.03426	0.363124	
0	0.961576	0.191695	0.19652999999999998	0.0	-0.246336	0.286416	0.925897	0.0	0.121201	-0.938733	0.32263200000000003	0.0	-2.85751	-2.8294200000000003	-1.57179	0.35344699999999996	-0.9545040000000001	0.285281	-0.0868202	0.0	0.0948342	0.0143707	-0.995389	0.0	-0.28271799999999997	-0.9583360000000001	-0.0407713	0.0	2.00062	-1.0514700000000001	-1.01863	0.36312300000000003	
0	0.961126	0.193445	0.197018	0.0	-0.24716	0.284695	0.926208	0.0	0.12308	-0.938897	0.32144	0.0	-2.78166	-2.88777	-1.62493	0.353456	-0.9534100000000001	0.28773699999999997	-0.0906457	0.0	0.0982865	0.0121894	-0.995084	0.0	-0.285217	-0.9576319999999999	-0.0399022	0.0	1.99432	-1.03804	-0.9817670000000001	0.36330999999999997	
0	0.9616530000000001	0.188533	0.199195	0.0	-0.247871	0.286535	0.92545	0.0	0.11740199999999999	-0.9393370000000001	0.322279	0.0	-2.76011	-2.96612	-1.71135	0.352995	-0.9516450000000001	0.29185700000000003	-0.0958721	0.0	0.10448699999999998	0.0140374	-0.9944270000000001	0.0	-0.28888400000000003	-0.956359	-0.0438541	0.0	1.99042	-1.00573	-0.9419049999999999	0.363184	
0	0.9604309999999999	0.189079	0.204501	0.0	-0.252825	0.28384899999999996	0.9249370000000001	0.0	0.11683800000000001	-0.940042	0.320421	0.0	-2.7568099999999998	-2.99339	-1.73852	0.353093	-0.950197	0.295666	-0.0985321	0.0	0.108242	0.016612000000000002	-0.993986	0.0	-0.29225100000000004	-0.955147	-0.047788199999999996	0.0	1.9922900000000001	-0.984433	-0.9424170000000001	0.363115	
0	0.959615	0.181515	0.214923	0.0	-0.261333	0.292373	0.919904	0.0	0.10413900000000001	-0.9389200000000001	0.32800100000000004	0.0	-2.74118	-3.1018	-1.8051	0.353094	-0.945675	0.307324	-0.106076	0.0	0.118769	0.0228409	-0.9926590000000001	0.0	-0.302645	-0.9513309999999999	-0.058100599999999995	0.0	1.97829	-0.892438	-0.92099	0.36299699999999996	
0	0.958723	0.18149	0.21888600000000002	0.0	-0.26463200000000003	0.28791300000000003	0.920367	0.0	0.10401700000000001	-0.9403020000000001	0.32405700000000004	0.0	-2.74432	-3.1333599999999997	-1.8411799999999998	0.353078	-0.943473	0.31322300000000003	-0.10839800000000001	0.0	0.12273099999999999	0.026347199999999998	-0.9920899999999999	0.0	-0.30789	-0.949314	-0.0633004	0.0	1.9767	-0.863662	-0.923377	0.36294299999999996	
0	0.9581049999999999	0.170241	0.230334	0.0	-0.268827	0.25700700000000004	0.928267	0.0	0.0988315	-0.951297	0.292005	0.0	-2.74516	-3.14253	-1.8345799999999999	0.35398	-0.9386049999999999	0.324241	-0.11784800000000001	0.0	0.134627	0.0297282	-0.99045	0.0	-0.317642	-0.945507	-0.0715545	0.0	1.96343	-0.7897649999999999	-0.8913989999999999	0.362808	
0	0.9574950000000001	0.16009500000000002	0.23994400000000002	0.0	-0.2732	0.23644400000000002	0.9324459999999999	0.0	0.0925467	-0.9583649999999999	0.27013200000000004	0.0	-2.7465200000000003	-3.158	-1.8259400000000001	0.35380100000000003	-0.934607	0.333086	-0.124752	0.0	0.144311	0.034534300000000004	-0.98893	0.0	-0.32509	-0.942264	-0.0803442	0.0	1.95727	-0.753495	-0.8880809999999999	0.362818	
0	0.956975	0.157613	0.24363400000000002	0.0	-0.275482	0.22972399999999998	0.9334540000000001	0.0	0.0911559	-0.9604090000000001	0.26326	0.0	-2.74967	-3.16262	-1.8242900000000002	0.35534499999999997	-0.9331510000000001	0.336333	-0.126921	0.0	0.14771800000000002	0.0368713	-0.988342	0.0	-0.327732	-0.9410209999999999	-0.08408910000000001	0.0	1.95605	-0.732541	-0.906659	0.362685	
0	0.9583870000000001	0.14432799999999998	0.246299	0.0	-0.274502	0.229057	0.9339069999999999	0.0	0.0783725	-0.9626540000000001	0.25914299999999996	0.0	-2.7532	-3.16839	-1.8238900000000002	0.355435	-0.931522	0.34072600000000003	-0.127176	0.0	0.149755	0.040692400000000004	-0.987886	0.0	-0.331423	-0.939282	-0.0889314	0.0	1.94334	-0.672683	-0.914484	0.362342	
0	0.959046	0.135052	0.248982	0.0	-0.274756	0.22989600000000002	0.9336260000000001	0.0	0.0688477	-0.963799	0.257587	0.0	-2.75257	-3.16918	-1.8234099999999998	0.35594699999999996	-0.929794	0.348976	-0.117046	0.0	0.14044500000000001	0.042425300000000006	-0.9891790000000001	0.0	-0.34023400000000004	-0.9361709999999999	-0.0884589	0.0	1.9491900000000002	-0.7008310000000001	-0.947839	0.361919	
0	0.95905	0.13648	0.24818600000000002	0.0	-0.27361599999999997	0.21999000000000002	0.936343	0.0	0.0731933	-0.965908	0.248324	0.0	-2.75251	-3.17159	-1.82181	0.356152	-0.930256	0.347617	-0.117414	0.0	0.139121	0.0380674	-0.9895430000000001	0.0	-0.339512	-0.9368639999999999	-0.08377330000000001	0.0	1.9174400000000003	-0.75781	-0.9425690000000001	0.36208	
0	0.95893	0.135736	0.249058	0.0	-0.274403	0.22163200000000002	0.9357260000000001	0.0	0.07181219999999999	-0.9656370000000001	0.24977600000000003	0.0	-2.7526200000000003	-3.1712	-1.82185	0.356131	-0.928796	0.352221	-0.11523599999999999	0.0	0.135324	0.0328647	-0.9902559999999999	0.0	-0.345001	-0.93534	-0.0781885	0.0	1.8695599999999999	-0.7982100000000001	-0.924868	0.36239099999999996	
0	0.960139	0.14626	0.23820500000000003	0.0	-0.267296	0.231116	0.9354879999999999	0.0	0.081772	-0.9618700000000001	0.260998	0.0	-2.7513099999999997	-3.16775	-1.8244900000000002	0.355931	-0.927501	0.35434299999999996	-0.119092	0.0	0.13705699999999998	0.025943900000000002	-0.990223	0.0	-0.347789	-0.9347559999999999	-0.0726283	0.0	1.8377599999999998	-0.809191	-0.917743	0.362594	
0	0.959161	0.155979	0.23596599999999998	0.0	-0.268703	0.241844	0.932368	0.0	0.0883633	-0.9576959999999999	0.273879	0.0	-2.7522	-3.16387	-1.8268	0.35471199999999997	-0.927635	0.35274099999999997	-0.12275	0.0	0.139078	0.0212187	-0.9900540000000001	0.0	-0.34662800000000005	-0.93548	-0.0687419	0.0	1.8286900000000001	-0.801554	-0.908013	0.362762	
0	0.962126	0.187251	0.19811900000000002	0.0	-0.249454	0.311651	0.916868	0.0	0.10994000000000001	-0.931564	0.346558	0.0	-2.7463	-3.1400900000000003	-1.8398599999999998	0.35431	-0.93086	0.339888	-0.134071	0.0	0.146465	0.0109488	-0.9891549999999999	0.0	-0.33473400000000003	-0.9404020000000001	-0.0599736	0.0	1.84549	-0.776798	-0.877705	0.362802	
0	0.9621200000000001	0.18781	0.19761900000000002	0.0	-0.24901500000000001	0.310299	0.9174450000000001	0.0	0.11098399999999999	-0.931902	0.345312	0.0	-2.74625	-3.14038	-1.8396599999999999	0.354313	-0.9309200000000001	0.33965700000000004	-0.134242	0.0	0.146569	0.0107737	-0.989142	0.0	-0.334523	-0.9404879999999999	-0.059812800000000006	0.0	1.8445	-0.777402	-0.8787879999999999	0.362811	
0	0.962123	0.187826	0.197588	0.0	-0.248966	0.310089	0.91753	0.0	0.11106600000000001	-0.931969	0.34510599999999997	0.0	-2.7462400000000002	-3.14043	-1.8396299999999999	0.354311	-0.930925	0.339638	-0.134259	0.0	0.146579	0.010755299999999999	-0.9891409999999999	0.0	-0.33450599999999997	-0.9404950000000001	-0.0597966	0.0	1.8443200000000002	-0.777505	-0.878983	0.362813	
0	0.962123	0.187827	0.19758699999999998	0.0	-0.24896500000000002	0.310087	0.917531	0.0	0.111068	-0.9319700000000001	0.345104	0.0	-2.7462400000000002	-3.14043	-1.8396299999999999	0.354312	-0.930925	0.339638	-0.134259	0.0	0.146579	0.0107551	-0.9891409999999999	0.0	-0.334505	-0.9404950000000001	-0.0597961	0.0	1.8443200000000002	-0.777505	-0.878984	0.362813	
0	0.962123	0.187827	0.19758699999999998	0.0	-0.24896500000000002	0.310087	0.917531	0.0	0.111068	-0.931969	0.345104	0.0	-2.7462400000000002	-3.14043	-1.8396299999999999	0.354312	-0.930925	0.339638	-0.134259	0.0	0.146579	0.0107551	-0.9891409999999999	0.0	-0.334505	-0.9404950000000001	-0.0597961	0.0	1.8443200000000002	-0.777505	-0.878984	0.36281199999999997	
0	0.962123	0.187828	0.19758699999999998	0.0	-0.24896500000000002	0.310087	0.917531	0.0	0.111068	-0.931969	0.345104	0.0	-2.7462400000000002	-3.14043	-1.8396299999999999	0.354312	-0.930925	0.339638	-0.134259	0.0	0.146579	0.0107551	-0.9891409999999999	0.0	-0.334505	-0.9404950000000001	-0.0597961	0.0	1.8443200000000002	-0.777505	-0.878984	0.362813	
0	0.962123	0.187828	0.19758699999999998	0.0	-0.24896500000000002	0.310087	0.917531	0.0	0.111068	-0.931969	0.345104	0.0	-2.7462400000000002	-3.14043	-1.8396299999999999	0.354312	-0.930925	0.339638	-0.134259	0.0	0.146579	0.0107551	-0.9891409999999999	0.0	-0.334505	-0.9404950000000001	-0.0597961	0.0	1.8443200000000002	-0.777505	-0.878984	0.36281199999999997	
0	0.962123	0.187827	0.19758699999999998	0.0	-0.24896500000000002	0.310087	0.917531	0.0	0.111068	-0.9319700000000001	0.345104	0.0	-2.7462400000000002	-3.14043	-1.8396299999999999	0.354312	-0.930925	0.33963699999999997	-0.134259	0.0	0.146579	0.0107551	-0.9891409999999999	0.0	-0.334505	-0.9404950000000001	-0.0597961	0.0	1.8443200000000002	-0.777505	-0.878984	0.36281199999999997	
0	0.962123	0.187827	0.19758699999999998	0.0	-0.24896500000000002	0.310087	0.917531	0.0	0.111068	-0.9319700000000001	0.345104	0.0	-2.7462400000000002	-3.14043	-1.8396299999999999	0.354312	-0.930925	0.339638	-0.134259	0.0	0.146579	0.0107551	-0.9891409999999999	0.0	-0.334505	-0.9404950000000001	-0.0597961	0.0	1.8443200000000002	-0.777505	-0.878983	0.36281199999999997	
0	0.962123	0.187828	0.19758699999999998	0.0	-0.248966	0.310087	0.91753	0.0	0.111068	-0.931969	0.345105	0.0	-2.7462400000000002	-3.14043	-1.8396299999999999	0.354312	-0.930925	0.339638	-0.134259	0.0	0.146579	0.0107551	-0.9891409999999999	0.0	-0.334505	-0.9404950000000001	-0.0597961	0.0	1.8443200000000002	-0.777505	-0.878984	0.362813	
0	0.962123	0.187827	0.19758699999999998	0.0	-0.24896500000000002	0.310087	0.917531	0.0	0.111068	-0.9319700000000001	0.345104	0.0	-2.7462400000000002	-3.14043	-1.8396299999999999	0.354312	-0.930925	0.339638	-0.134259	0.0	0.146579	0.0107551	-0.9891409999999999	0.0	-0.334505	-0.9404950000000001	-0.0597961	0.0	1.8443200000000002	-0.777505	-0.878984	0.36281199999999997	
0	0.962123	0.187828	0.19758699999999998	0.0	-0.24896500000000002	0.31008600000000003	0.917531	0.0	0.111068	-0.9319700000000001	0.345104	0.0	-2.7462400000000002	-3.14043	-1.8396299999999999	0.354312	-0.930925	0.33963699999999997	-0.134259	0.0	0.146579	0.0107551	-0.9891409999999999	0.0	-0.334505	-0.9404950000000001	-0.0597961	0.0	1.8443200000000002	-0.777505	-0.878984	0.36281199999999997	
0	0.953751	0.283551	0.09979389999999999	0.0	-0.08032560000000001	-0.0795058	0.9935930000000001	0.0	0.289668	-0.955656	-0.053052300000000004	0.0	-2.71362	-3.2516	-1.7883099999999998	0.351053	-0.9217049999999999	0.347308	-0.172732	0.0	0.151692	-0.08711050000000001	-0.984582	0.0	-0.35700000000000004	-0.9336959999999999	0.0276065	0.0	1.7373	-1.03105	-0.971448	0.361207	
