3	0.347657	0.741699	-0.5736	0.0	0.31085	0.485987	0.816816	0.0	0.8845940000000001	-0.462276	-0.061600300000000004	0.0	-2.8141	1.97879	1.3799	-1.0252000000000001e-05	-0.21875100000000003	0.766185	-0.6042420000000001	0.0	0.220196	-0.564507	-0.795516	0.0	-0.9506110000000001	-0.307071	-0.0452246	0.0	2.72971	2.0752099999999998	1.45255	-0.00048828099999999997	
3	0.327337	0.757704	-0.564566	0.0	0.125646	0.5572739999999999	0.820767	0.0	0.936517	-0.33960300000000004	0.08721389999999998	0.0	-2.96808	1.91977	1.28492	0.0	-0.24691300000000002	0.7747350000000001	-0.582082	0.0	0.182822	-0.55265	-0.813114	0.0	-0.951636	-0.307186	-0.00518265	0.0	2.78342	2.04485	1.28554	0.0	
3	0.262254	0.808882	-0.5262439999999999	0.0	0.114001	0.5155430000000001	0.849246	0.0	0.958242	-0.282711	0.0429899	0.0	-2.87423	2.0777200000000002	1.23599	0.24565900000000002	-0.24339299999999997	0.8152010000000001	-0.525554	0.0	0.17144	-0.497159	-0.850554	0.0	-0.954656	-0.297119	-0.0187532	0.0	2.72589	2.1153	1.25515	0.331095	
3	0.316823	0.818643	-0.47900699999999996	0.0	0.130644	0.46254399999999996	0.876918	0.0	0.9394440000000001	-0.340407	0.0395936	0.0	-2.71493	2.0958900000000003	1.2538200000000002	0.038924	-0.25559499999999996	0.741574	-0.620273	0.0	0.143644	-0.605333	-0.782904	0.0	-0.956053	-0.28920500000000005	0.048197000000000004	0.0	2.59593	2.0439	1.25483	-0.00724921	
3	0.35184299999999996	0.790968	-0.500577	0.0	0.141843	0.48354300000000006	0.863751	0.0	0.92525	-0.374908	0.057937699999999995	0.0	-2.8935400000000002	1.99498	1.31661	0.0	-0.253575	0.741459	-0.621239	0.0	0.13652	-0.60837	-0.781824	0.0	-0.957634	-0.283063	0.0530433	0.0	2.68873	2.0309	1.2791700000000001	0.0	
3	0.3404	0.795108	-0.5019279999999999	0.0	0.190663	0.46435	0.864886	0.0	0.920747	-0.390106	0.00646746	0.0	-2.85872	2.05852	1.29051	0.0	-0.25764899999999996	0.748322	-0.611254	0.0	0.127049	-0.6008819999999999	-0.789176	0.0	-0.95785	-0.280989	0.059743	0.0	2.6733	2.02068	1.30139	0.0	
3	0.381069	0.804804	-0.455058	0.0	0.224216	0.397056	0.889985	0.0	0.8969469999999999	-0.44117700000000004	-0.029144200000000002	0.0	-2.94105	2.05722	1.32376	0.329227	-0.236625	0.777667	-0.582446	0.0	0.0961971	-0.577773	-0.810509	0.0	-0.966827	-0.24781599999999998	0.0619062	0.0	2.73522	2.00231	1.27216	0.190056	
3	0.388765	0.813159	-0.43316899999999997	0.0	0.216466	0.376377	0.900824	0.0	0.895547	-0.443975	-0.0296987	0.0	-2.92773	1.99036	1.31035	0.349796	-0.19046300000000002	0.801979	-0.566175	0.0	0.0620149	-0.565751	-0.822241	0.0	-0.979734	-0.191718	0.0580197	0.0	2.7376	2.0098	1.23316	0.257155	
3	0.393719	0.816523	-0.422227	0.0	0.21948800000000002	0.362535	0.9057559999999999	0.0	0.8926430000000001	-0.449287	-0.0364801	0.0	-2.91966	1.9311900000000002	1.3501299999999998	0.349644	-0.10908599999999999	0.802755	-0.5862470000000001	0.0	0.06595830000000001	-0.582622	-0.810063	0.0	-0.991842	-0.12703399999999998	0.010607	0.0	2.78766	2.11563	1.1452	0.355746	
3	0.394828	0.817897	-0.418516	0.0	0.22162199999999999	0.35728899999999997	0.9073190000000001	0.0	0.891625	-0.45098699999999997	-0.0401961	0.0	-2.92469	1.86392	1.3710799999999999	0.349519	0.0019576	0.7706149999999999	-0.637299	0.0	0.04547380000000001	-0.636709	-0.769762	0.0	-0.998964	-0.0274733	-0.036289499999999995	0.0	2.79583	2.26873	1.05233	0.360033	
3	0.368689	0.8194229999999999	-0.438878	0.0	0.22444	0.379697	0.897473	0.0	0.90205	-0.42938999999999994	-0.0439212	0.0	-2.9279900000000003	1.8427900000000002	1.39486	0.349049	0.09038819999999999	0.730905	-0.676467	0.0	-0.00256887	-0.679074	-0.734066	0.0	-0.9959030000000001	0.06808869999999999	-0.0595028	0.0	2.80567	2.4123200000000002	1.01767	0.359158	
3	0.340074	0.818856	-0.462412	0.0	0.23232199999999997	0.40332199999999996	0.885075	0.0	0.91125	-0.40842	-0.05307869999999999	0.0	-2.93189	1.84385	1.39854	0.34868000000000005	0.168639	0.694278	-0.699671	0.0	-0.044258099999999995	-0.703788	-0.70903	0.0	-0.984684	0.150536	-0.0879588	0.0	2.81015	2.5783099999999997	1.0492299999999999	0.358914	
3	0.310528	0.818442	-0.483451	0.0	0.23609000000000002	0.42625100000000005	0.8732530000000001	0.0	0.9207790000000001	-0.385308	-0.0608634	0.0	-2.93508	1.8535700000000002	1.3955	0.348312	0.283469	0.5835279999999999	-0.761013	0.0	-0.14085999999999999	-0.759621	-0.634929	0.0	-0.94858	0.287179	-0.133133	0.0	2.82936	2.74043	1.0092299999999998	0.35627800000000004	
3	0.282541	0.8189350000000001	-0.499515	0.0	0.235607	0.445536	0.863705	0.0	0.9298709999999999	-0.361722	-0.0670646	0.0	-2.92835	1.8807	1.40133	0.348312	0.382999	0.449542	-0.806984	0.0	-0.2977	-0.7669199999999999	-0.5685140000000001	0.0	-0.8744629999999999	0.45798	-0.159901	0.0	2.858	2.99911	0.937796	0.33111399999999996	
3	0.26784	0.8201299999999999	-0.505617	0.0	0.239279	0.451726	0.8594700000000001	0.0	0.933278	-0.351184	-0.07524969999999999	0.0	-2.91818	1.91375	1.4148100000000001	0.34842199999999995	0.45299399999999995	0.20905	-0.866657	0.0	-0.402632	-0.819358	-0.408093	0.0	-0.795415	0.533808	-0.286994	0.0	2.9550799999999997	3.2962	0.8210930000000001	0.30201	
3	0.248373	0.819785	-0.516007	0.0	0.23821900000000001	0.464646	0.852852	0.0	0.938916	-0.334748	-0.07988239999999999	0.0	-2.91067	1.93983	1.41135	0.348643	0.47020200000000006	0.180277	-0.86395	0.0	-0.403524	-0.8266870000000001	-0.39211799999999997	0.0	-0.784906	0.5329999999999999	-0.31596399999999997	0.0	3.05821	3.34465	0.78475	0.248937	
3	0.246979	0.8221799999999999	-0.5128560000000001	0.0	0.234529	0.4628	0.854876	0.0	0.940212	-0.331416	-0.0785233	0.0	-2.90025	1.96386	1.41583	0.348855	0.43520299999999995	0.31303000000000003	-0.8441629999999999	0.0	-0.220836	-0.8718549999999999	-0.43715	0.0	-0.8728290000000001	0.376671	-0.31030599999999997	0.0	3.2358	3.21093	0.785272	0.23496399999999998	
3	0.254797	0.828607	-0.498487	0.0	0.233663	0.447467	0.8632350000000001	0.0	0.9383389999999999	-0.336428	-0.07960089999999999	0.0	-2.89962	1.9718099999999998	1.40099	0.349852	0.29343	0.430486	-0.85357	0.0	0.00377309	-0.893388	-0.449271	0.0	-0.955973	0.128609	-0.263771	0.0	3.17142	2.823	0.8307450000000001	0.280806	
3	0.25973	0.829417	-0.494579	0.0	0.235373	0.44233599999999995	0.8654120000000001	0.0	0.936557	-0.341185	-0.0803345	0.0	-2.90735	1.9694200000000002	1.37824	0.35041100000000003	0.16226300000000002	0.5108659999999999	-0.844208	0.0	0.18118800000000002	-0.856424	-0.483433	0.0	-0.9699700000000001	-0.074517	-0.23152899999999998	0.0	3.03985	2.4417400000000002	0.8526090000000001	0.356625	
3	0.265849	0.828541	-0.49279300000000004	0.0	0.239078	0.43855200000000005	0.8663219999999999	0.0	0.933898	-0.348127	-0.0814974	0.0	-2.92453	1.95648	1.33572	0.350281	0.12445999999999999	0.53096	-0.8382069999999999	0.0	0.259805	-0.832741	-0.488921	0.0	-0.957607	-0.156919	-0.241589	0.0	3.06338	2.20748	0.782562	0.356169	
3	0.269629	0.8256879999999999	-0.495519	0.0	0.23708400000000002	0.44181800000000004	0.86521	0.0	0.9333229999999999	-0.35076599999999997	-0.0766307	0.0	-2.93201	1.95281	1.3178	0.350655	0.0496971	0.548786	-0.834485	0.0	0.31712399999999996	-0.800952	-0.507848	0.0	-0.947081	-0.239396	-0.213838	0.0	3.10189	1.9970700000000001	0.732123	0.358217	
3	0.275533	0.821607	-0.499042	0.0	0.23594899999999996	0.445454	0.863654	0.0	0.9318850000000001	-0.355713	-0.0711197	0.0	-2.93135	1.94861	1.3159100000000001	0.35070500000000004	0.0375027	0.5558890000000001	-0.83041	0.0	0.330416	-0.791153	-0.514688	0.0	-0.94309	-0.255078	-0.21334499999999998	0.0	3.11278	1.9333200000000001	0.694665	0.359005	
3	0.275455	0.8216479999999999	-0.49901899999999993	0.0	0.235959	0.445432	0.863663	0.0	0.9319059999999999	-0.355648	-0.0711787	0.0	-2.9313700000000003	1.9487	1.31599	0.350704	0.0375681	0.555832	-0.8304450000000001	0.0	0.33026700000000003	-0.791239	-0.51465	0.0	-0.94314	-0.254934	-0.21329800000000002	0.0	3.1125	1.9349299999999998	0.6956220000000001	0.359002	
3	0.275455	0.8216479999999999	-0.49901899999999993	0.0	0.235959	0.445432	0.863663	0.0	0.9319059999999999	-0.355648	-0.0711783	0.0	-2.9313700000000003	1.9487	1.31599	0.350704	0.037567800000000005	0.555832	-0.8304450000000001	0.0	0.330268	-0.791239	-0.51465	0.0	-0.943139	-0.25493499999999997	-0.213299	0.0	3.1125	1.9349299999999998	0.695623	0.359002	
3	0.275455	0.8216479999999999	-0.49901899999999993	0.0	0.235959	0.445432	0.863663	0.0	0.9319059999999999	-0.355648	-0.0711784	0.0	-2.9313700000000003	1.9487	1.31599	0.350704	0.037567699999999996	0.555832	-0.8304450000000001	0.0	0.330268	-0.791239	-0.51465	0.0	-0.943139	-0.25493499999999997	-0.213299	0.0	3.1125	1.9349299999999998	0.695623	0.359002	
3	0.275455	0.8216479999999999	-0.49901899999999993	0.0	0.235959	0.445432	0.863663	0.0	0.9319059999999999	-0.355648	-0.0711784	0.0	-2.9313700000000003	1.9487	1.31599	0.350704	0.037567699999999996	0.555832	-0.8304450000000001	0.0	0.330268	-0.791239	-0.51465	0.0	-0.943139	-0.25493499999999997	-0.213299	0.0	3.1125	1.9349299999999998	0.695624	0.359002	
3	0.275455	0.8216479999999999	-0.49901899999999993	0.0	0.235959	0.445432	0.863663	0.0	0.9319059999999999	-0.355648	-0.0711784	0.0	-2.9313700000000003	1.9487	1.31599	0.350704	0.037567800000000005	0.555832	-0.8304450000000001	0.0	0.330268	-0.791239	-0.51465	0.0	-0.943139	-0.25493499999999997	-0.213299	0.0	3.1125	1.9349299999999998	0.695623	0.359002	
3	0.275455	0.8216479999999999	-0.49901899999999993	0.0	0.235959	0.445432	0.863663	0.0	0.9319059999999999	-0.355648	-0.0711787	0.0	-2.9313700000000003	1.9487	1.31599	0.350704	0.037567699999999996	0.555832	-0.8304450000000001	0.0	0.330268	-0.791239	-0.51465	0.0	-0.943139	-0.25493499999999997	-0.213299	0.0	3.1125	1.9349299999999998	0.695623	0.359002	
3	0.275455	0.8216479999999999	-0.49901899999999993	0.0	0.235959	0.445432	0.863663	0.0	0.9319059999999999	-0.355648	-0.0711787	0.0	-2.9313700000000003	1.9487	1.31599	0.350704	0.037567800000000005	0.555832	-0.8304450000000001	0.0	0.330268	-0.791239	-0.51465	0.0	-0.943139	-0.25493499999999997	-0.213299	0.0	3.1125	1.9349299999999998	0.695623	0.359001	
3	0.275455	0.8216479999999999	-0.49901899999999993	0.0	0.235959	0.445432	0.863663	0.0	0.9319059999999999	-0.355648	-0.0711787	0.0	-2.9313700000000003	1.9487	1.31599	0.350704	0.037567800000000005	0.555832	-0.8304450000000001	0.0	0.330268	-0.791239	-0.51465	0.0	-0.943139	-0.25493499999999997	-0.213299	0.0	3.1125	1.9349299999999998	0.695623	0.359002	
3	0.275455	0.8216479999999999	-0.49901899999999993	0.0	0.235959	0.445432	0.863663	0.0	0.9319059999999999	-0.355648	-0.0711784	0.0	-2.9313700000000003	1.9487	1.31599	0.35070300000000004	0.037567800000000005	0.555832	-0.8304450000000001	0.0	0.330268	-0.791239	-0.51465	0.0	-0.943139	-0.25493499999999997	-0.213299	0.0	3.1125	1.9349299999999998	0.695623	0.359002	
3	0.275455	0.8216479999999999	-0.49901899999999993	0.0	0.235959	0.445432	0.863663	0.0	0.9319059999999999	-0.355648	-0.0711784	0.0	-2.9313700000000003	1.9487	1.31599	0.35070300000000004	0.037567800000000005	0.555832	-0.8304450000000001	0.0	0.330268	-0.791239	-0.51465	0.0	-0.943139	-0.25493499999999997	-0.213299	0.0	3.1125	1.9349299999999998	0.695623	0.359002	
3	0.275455	0.8216479999999999	-0.49901899999999993	0.0	0.235959	0.445432	0.863663	0.0	0.9319059999999999	-0.355648	-0.0711784	0.0	-2.9313700000000003	1.9487	1.31599	0.35070300000000004	0.037567800000000005	0.555832	-0.8304450000000001	0.0	0.330268	-0.791239	-0.51465	0.0	-0.943139	-0.25493499999999997	-0.213299	0.0	3.1125	1.9349299999999998	0.695623	0.359002	
3	0.275455	0.8216479999999999	-0.49901899999999993	0.0	0.235959	0.445432	0.863663	0.0	0.9319059999999999	-0.355648	-0.0711784	0.0	-2.9313700000000003	1.9487	1.31599	0.350704	0.037567800000000005	0.555832	-0.8304450000000001	0.0	0.330268	-0.791239	-0.51465	0.0	-0.943139	-0.25493499999999997	-0.213299	0.0	3.1125	1.9349299999999998	0.695623	0.359002	
3	0.275455	0.8216479999999999	-0.49901899999999993	0.0	0.235959	0.445432	0.863663	0.0	0.9319059999999999	-0.355648	-0.0711784	0.0	-2.9313700000000003	1.9487	1.31599	0.350704	0.037567800000000005	0.555832	-0.8304450000000001	0.0	0.330268	-0.791239	-0.51465	0.0	-0.943139	-0.25493499999999997	-0.213299	0.0	3.1125	1.9349299999999998	0.695623	0.359002	
3	0.275455	0.8216479999999999	-0.49901899999999993	0.0	0.235959	0.445432	0.863663	0.0	0.9319059999999999	-0.355648	-0.0711784	0.0	-2.9313700000000003	1.9487	1.31599	0.350704	0.037567800000000005	0.555832	-0.8304450000000001	0.0	0.330268	-0.791239	-0.51465	0.0	-0.943139	-0.25493499999999997	-0.213299	0.0	3.1125	1.9349299999999998	0.695623	0.359001	
3	0.275455	0.8216479999999999	-0.49901899999999993	0.0	0.235959	0.445432	0.863663	0.0	0.9319059999999999	-0.355648	-0.0711784	0.0	-2.9313700000000003	1.9487	1.31599	0.350704	0.037567800000000005	0.555832	-0.8304450000000001	0.0	0.330268	-0.791239	-0.51465	0.0	-0.943139	-0.25493499999999997	-0.213299	0.0	3.1125	1.9349299999999998	0.695623	0.359002	
3	0.275455	0.8216479999999999	-0.49901899999999993	0.0	0.235959	0.445432	0.863663	0.0	0.9319059999999999	-0.355648	-0.0711784	0.0	-2.9313700000000003	1.9487	1.31599	0.350704	0.037567800000000005	0.555832	-0.8304450000000001	0.0	0.330268	-0.791239	-0.51465	0.0	-0.943139	-0.25493499999999997	-0.213299	0.0	3.1125	1.9349299999999998	0.695623	0.359002	
3	0.680098	0.574216	-0.455788	0.0	0.28270100000000004	0.368216	0.885718	0.0	0.6764220000000001	-0.7312270000000001	0.0880913	0.0	-2.87963	2.15703	1.7005099999999997	0.34984499999999996	-0.49513900000000005	0.5572020000000001	-0.666606	0.0	0.462898	-0.480101	-0.745136	0.0	-0.73523	-0.677516	-0.0202112	0.0	3.12415	2.11672	1.0201	0.360477	
3	0.6960350000000001	0.5749380000000001	-0.430095	0.0	0.25309899999999996	0.364098	0.8963110000000001	0.0	0.67192	-0.7327199999999999	0.10790899999999999	0.0	-2.85258	2.43605	2.2822299999999998	0.34982399999999997	-0.49868999999999997	0.554595	-0.666133	0.0	0.457034	-0.484759	-0.745741	0.0	-0.736498	-0.676339	-0.0117245	0.0	3.22036	2.32322	1.3919	0.36054	
3	0.683167	0.59307	-0.426088	0.0	0.268802	0.338283	0.9018370000000001	0.0	0.678991	-0.730639	0.0716854	0.0	-2.94823	2.7008400000000004	2.81395	0.35038400000000003	-0.491098	0.570021	-0.6587109999999999	0.0	0.44601899999999994	-0.48499899999999996	-0.752225	0.0	-0.748258	-0.663213	-0.0160584	0.0	3.37227	2.5197	1.78915	0.361047	
3	0.680227	0.6017140000000001	-0.418608	0.0	0.277607	0.31706799999999996	0.9068639999999999	0.0	0.678399	-0.733082	0.048637900000000005	0.0	-3.06733	2.87745	3.24757	0.349723	-0.471473	0.59692	-0.649153	0.0	0.43265600000000004	-0.484858	-0.76008	0.0	-0.768454	-0.639217	-0.0296637	0.0	3.4893	2.66177	2.12574	0.360719	
3	0.697312	0.599828	-0.39238	0.0	0.268962	0.288456	0.918941	0.0	0.664391	-0.746324	0.0398122	0.0	-3.1556599999999997	2.98965	3.66931	0.34875700000000004	-0.456583	0.623	-0.6351399999999999	0.0	0.42523	-0.474261	-0.77088	0.0	-0.7814810000000001	-0.622051	-0.0483793	0.0	3.60546	2.78764	2.47987	0.360714	
3	0.7080960000000001	0.5971380000000001	-0.376864	0.0	0.280648	0.251748	0.926207	0.0	0.647948	-0.76161	0.0106765	0.0	-3.2225599999999996	3.06609	3.9363300000000003	0.347315	-0.46312	0.647038	-0.605691	0.0	0.41717200000000004	-0.44381800000000005	-0.793091	0.0	-0.781976	-0.619974	-0.0643852	0.0	3.6707099999999997	2.85803	2.73605	0.360744	
3	0.718143	0.608215	-0.33815100000000003	0.0	0.27201	0.201925	0.9408700000000001	0.0	0.640533	-0.767659	-0.0204297	0.0	-3.28004	3.12502	4.06077	0.346555	-0.46029200000000003	0.665048	-0.588083	0.0	0.427904	-0.4142	-0.8033279999999999	0.0	-0.777836	-0.621409	-0.0939242	0.0	3.74413	2.9119200000000003	2.89423	0.360236	
3	0.7108949999999999	0.6233029999999999	-0.325762	0.0	0.267252	0.18903399999999998	0.944903	0.0	0.650541	-0.758788	-0.032195999999999995	0.0	-3.27643	3.1345099999999997	4.07103	0.346906	-0.458595	0.676701	-0.5759920000000001	0.0	0.432229	-0.396474	-0.80993	0.0	-0.776446	-0.62039	-0.110668	0.0	3.7659800000000003	2.91985	2.95221	0.360037	
3	0.692566	0.653829	-0.304728	0.0	0.244694	0.184455	0.951893	0.0	0.678584	-0.7338140000000001	-0.0322411	0.0	-3.2330400000000004	3.11009	3.99475	0.347416	-0.45478500000000005	0.686398	-0.567476	0.0	0.42843000000000003	-0.389996	-0.815077	0.0	-0.78078	-0.613809	-0.116709	0.0	3.7649800000000004	2.95548	2.9620900000000003	0.360286	
3	0.679326	0.679348	-0.277493	0.0	0.224595	0.16752	0.959945	0.0	0.6986220000000001	-0.714439	-0.0387773	0.0	-3.1615599999999997	3.0863099999999997	3.85815	0.34908	-0.44861599999999996	0.697762	-0.558455	0.0	0.42176800000000003	-0.385613	-0.8206180000000001	0.0	-0.787944	-0.603681	-0.121302	0.0	3.72306	2.9809200000000002	2.9356299999999997	0.360196	
3	0.678357	0.6906770000000001	-0.250593	0.0	0.202042	0.152564	0.9674209999999999	0.0	0.706407	-0.706887	-0.0360527	0.0	-3.1156599999999997	3.04631	3.7147699999999997	0.34922800000000004	-0.444661	0.707511	-0.549277	0.0	0.408841	-0.385307	-0.827277	0.0	-0.7969470000000001	-0.592425	-0.11792799999999999	0.0	3.6446699999999996	2.98525	2.88154	0.360723	
3	0.685556	0.685725	-0.24452800000000002	0.0	0.19351300000000002	0.152158	0.9692270000000001	0.0	0.7018300000000001	-0.711779	-0.0283842	0.0	-3.07525	3.00352	3.5914300000000003	0.349448	-0.44549099999999997	0.712383	-0.542263	0.0	0.40260999999999997	-0.38157800000000003	-0.832048	0.0	-0.799652	-0.58899	-0.116824	0.0	3.5476900000000002	2.97064	2.78189	0.360455	
3	0.689058	0.685987	-0.23371	0.0	0.182005	0.148348	0.972043	0.0	0.701479	-0.71233	-0.0226329	0.0	-3.0697400000000004	2.91679	3.47385	0.349959	-0.458512	0.712604	-0.5310010000000001	0.0	0.388935	-0.376341	-0.8408909999999999	0.0	-0.79906	-0.592083	-0.1046	0.0	3.46086	2.9504	2.73758	0.36107100000000003	
3	0.693008	0.6799430000000001	-0.23961799999999997	0.0	0.181291	0.15733	0.9707629999999999	0.0	0.697763	-0.716188	-0.014236600000000002	0.0	-3.04676	2.8263599999999998	3.39592	0.34991700000000003	-0.47346499999999997	0.713387	-0.516633	0.0	0.377433	-0.365645	-0.850793	0.0	-0.795848	-0.597815	-0.0961364	0.0	3.32271	2.93708	2.68604	0.361154	
3	0.692904	0.680082	-0.23952600000000002	0.0	0.181304	0.15719	0.970783	0.0	0.697863	-0.716087	-0.014383600000000002	0.0	-3.04663	2.8275099999999997	3.39666	0.349844	-0.47300600000000004	0.713303	-0.517169	0.0	0.377924	-0.36598200000000003	-0.8504299999999999	0.0	-0.7958890000000001	-0.597709	-0.0964625	0.0	3.32564	2.93844	2.6865900000000003	0.361153	
3	0.692904	0.680082	-0.23952600000000002	0.0	0.181312	0.157181	0.970783	0.0	0.697861	-0.7160880000000001	-0.0143952	0.0	-3.04667	2.82762	3.3967400000000003	0.349844	-0.473001	0.7133	-0.5171789999999999	0.0	0.377933	-0.365987	-0.8504229999999999	0.0	-0.795888	-0.5977100000000001	-0.0964676	0.0	3.32576	2.93845	2.68665	0.361153	
3	0.692904	0.680082	-0.23952600000000002	0.0	0.181311	0.157181	0.970783	0.0	0.697861	-0.7160880000000001	-0.0143951	0.0	-3.04667	2.82762	3.3967400000000003	0.349844	-0.473	0.7133	-0.5171789999999999	0.0	0.377933	-0.365987	-0.8504229999999999	0.0	-0.795887	-0.5977100000000001	-0.0964677	0.0	3.32576	2.93845	2.68665	0.361153	
3	0.692904	0.680082	-0.23952600000000002	0.0	0.181311	0.157181	0.970783	0.0	0.697861	-0.7160880000000001	-0.0143951	0.0	-3.04667	2.82762	3.3967400000000003	0.349844	-0.473	0.7133	-0.5171789999999999	0.0	0.377934	-0.365987	-0.8504229999999999	0.0	-0.795887	-0.5977100000000001	-0.0964679	0.0	3.32576	2.93845	2.68665	0.361153	
3	0.692904	0.680082	-0.23952600000000002	0.0	0.181311	0.157181	0.970783	0.0	0.697861	-0.7160880000000001	-0.0143951	0.0	-3.04667	2.82762	3.3967400000000003	0.349844	-0.473	0.7133	-0.5171789999999999	0.0	0.377934	-0.365987	-0.8504229999999999	0.0	-0.795887	-0.5977100000000001	-0.0964679	0.0	3.32576	2.93845	2.68665	0.361153	
3	0.692904	0.680082	-0.23952600000000002	0.0	0.181311	0.157181	0.970783	0.0	0.697861	-0.7160880000000001	-0.0143951	0.0	-3.04667	2.82762	3.3967400000000003	0.349844	-0.473	0.7133	-0.5171789999999999	0.0	0.377934	-0.365987	-0.8504229999999999	0.0	-0.795888	-0.5977100000000001	-0.0964679	0.0	3.32576	2.93845	2.68665	0.361153	
3	0.692904	0.680082	-0.23952600000000002	0.0	0.181311	0.157181	0.970783	0.0	0.697861	-0.7160880000000001	-0.0143951	0.0	-3.04667	2.82762	3.3967400000000003	0.349844	-0.473	0.7133	-0.5171789999999999	0.0	0.377934	-0.365987	-0.8504229999999999	0.0	-0.795888	-0.5977100000000001	-0.0964679	0.0	3.32576	2.93845	2.68665	0.361153	
3	0.692904	0.680082	-0.23952600000000002	0.0	0.181311	0.157181	0.970783	0.0	0.697861	-0.7160880000000001	-0.0143951	0.0	-3.04667	2.82762	3.3967400000000003	0.349844	-0.473	0.7133	-0.5171789999999999	0.0	0.377934	-0.365987	-0.8504229999999999	0.0	-0.795888	-0.5977100000000001	-0.0964679	0.0	3.32576	2.93845	2.68665	0.361153	
3	0.692904	0.680082	-0.23952600000000002	0.0	0.181311	0.157181	0.970783	0.0	0.697862	-0.7160880000000001	-0.0143951	0.0	-3.04667	2.82762	3.3967400000000003	0.349844	-0.473	0.7133	-0.5171789999999999	0.0	0.377934	-0.365987	-0.8504229999999999	0.0	-0.795887	-0.5977100000000001	-0.0964679	0.0	3.32576	2.93845	2.68665	0.361153	
3	0.692904	0.680082	-0.23952600000000002	0.0	0.181311	0.157181	0.970783	0.0	0.697861	-0.7160880000000001	-0.0143951	0.0	-3.04667	2.82762	3.3967400000000003	0.349844	-0.473	0.7133	-0.5171789999999999	0.0	0.377934	-0.365987	-0.8504229999999999	0.0	-0.795887	-0.5977100000000001	-0.0964679	0.0	3.32576	2.93845	2.68665	0.361153	
3	0.692904	0.680082	-0.23952600000000002	0.0	0.181311	0.157181	0.970783	0.0	0.697861	-0.7160880000000001	-0.0143951	0.0	-3.04667	2.82762	3.3967400000000003	0.349844	-0.473	0.7133	-0.5171789999999999	0.0	0.377934	-0.365987	-0.8504229999999999	0.0	-0.795888	-0.5977100000000001	-0.0964679	0.0	3.32576	2.93845	2.68665	0.361153	
3	0.692904	0.680082	-0.23952600000000002	0.0	0.181311	0.157181	0.970783	0.0	0.697861	-0.7160880000000001	-0.0143951	0.0	-3.04667	2.82762	3.3967400000000003	0.349844	-0.473001	0.7133	-0.5171789999999999	0.0	0.377933	-0.365987	-0.8504229999999999	0.0	-0.795888	-0.5977100000000001	-0.0964677	0.0	3.32576	2.93845	2.68665	0.361153	
3	0.692904	0.680082	-0.23952600000000002	0.0	0.181311	0.157181	0.970783	0.0	0.697861	-0.7160880000000001	-0.0143951	0.0	-3.04667	2.82762	3.3967400000000003	0.349844	-0.473001	0.7133	-0.5171789999999999	0.0	0.377933	-0.365987	-0.8504229999999999	0.0	-0.795888	-0.5977100000000001	-0.0964677	0.0	3.32576	2.93845	2.68665	0.361153	
3	0.692904	0.680082	-0.23952600000000002	0.0	0.181311	0.157181	0.970783	0.0	0.697862	-0.7160880000000001	-0.0143951	0.0	-3.04667	2.82762	3.3967400000000003	0.349844	-0.473001	0.7133	-0.5171789999999999	0.0	0.377933	-0.365987	-0.8504229999999999	0.0	-0.795888	-0.5977100000000001	-0.0964677	0.0	3.32576	2.93845	2.68665	0.361152	
3	0.692904	0.680082	-0.23952600000000002	0.0	0.181311	0.157181	0.970783	0.0	0.697861	-0.7160880000000001	-0.0143951	0.0	-3.04667	2.82762	3.3967400000000003	0.34984299999999996	-0.473001	0.7133	-0.5171789999999999	0.0	0.377933	-0.365987	-0.8504229999999999	0.0	-0.795888	-0.5977100000000001	-0.0964677	0.0	3.32576	2.93845	2.68665	0.361153	
3	0.692904	0.680082	-0.23952600000000002	0.0	0.181311	0.157181	0.970783	0.0	0.697861	-0.7160880000000001	-0.0143951	0.0	-3.04667	2.82762	3.3967400000000003	0.349844	-0.473001	0.7133	-0.5171789999999999	0.0	0.377934	-0.365987	-0.8504229999999999	0.0	-0.795888	-0.5977100000000001	-0.0964679	0.0	3.32576	2.93845	2.68665	0.361153	
3	0.692904	0.680082	-0.23952600000000002	0.0	0.181311	0.157181	0.970783	0.0	0.697861	-0.7160880000000001	-0.0143951	0.0	-3.04667	2.82762	3.3967400000000003	0.349844	-0.473001	0.7133	-0.5171789999999999	0.0	0.377934	-0.365987	-0.8504229999999999	0.0	-0.795888	-0.5977100000000001	-0.0964679	0.0	3.32576	2.93845	2.68665	0.361153	
3	0.692904	0.680082	-0.23952600000000002	0.0	0.181311	0.157181	0.970783	0.0	0.697861	-0.7160880000000001	-0.0143951	0.0	-3.04667	2.82762	3.3967400000000003	0.349844	-0.473001	0.7133	-0.5171789999999999	0.0	0.377934	-0.365987	-0.8504229999999999	0.0	-0.795888	-0.5977100000000001	-0.0964679	0.0	3.32576	2.93845	2.68665	0.361153	
3	0.692904	0.680082	-0.23952600000000002	0.0	0.181311	0.157181	0.970783	0.0	0.697861	-0.7160880000000001	-0.0143951	0.0	-3.04667	2.82762	3.3967400000000003	0.34984299999999996	-0.473001	0.7133	-0.5171789999999999	0.0	0.377934	-0.365987	-0.8504229999999999	0.0	-0.795888	-0.5977100000000001	-0.0964679	0.0	3.32576	2.93845	2.68665	0.361153	
3	0.692904	0.680082	-0.23952600000000002	0.0	0.181311	0.157181	0.970783	0.0	0.697861	-0.7160880000000001	-0.0143951	0.0	-3.04667	2.82762	3.3967400000000003	0.349844	-0.473	0.7133	-0.5171789999999999	0.0	0.377933	-0.365987	-0.8504229999999999	0.0	-0.795887	-0.5977100000000001	-0.0964677	0.0	3.32576	2.93845	2.68665	0.361153	
3	0.692904	0.680082	-0.23952600000000002	0.0	0.181311	0.157181	0.970783	0.0	0.697861	-0.7160880000000001	-0.0143951	0.0	-3.04667	2.82762	3.3967400000000003	0.349844	-0.473	0.7133	-0.5171789999999999	0.0	0.377934	-0.365987	-0.8504229999999999	0.0	-0.795888	-0.5977100000000001	-0.0964679	0.0	3.32576	2.93845	2.68665	0.361153	
3	0.692904	0.680082	-0.23952600000000002	0.0	0.181311	0.157181	0.970783	0.0	0.697861	-0.7160880000000001	-0.0143951	0.0	-3.04667	2.82762	3.3967400000000003	0.34984299999999996	-0.473001	0.7133	-0.5171789999999999	0.0	0.377934	-0.365987	-0.8504229999999999	0.0	-0.795888	-0.5977100000000001	-0.0964679	0.0	3.32576	2.93845	2.68665	0.361153	
3	0.692904	0.680082	-0.23952600000000002	0.0	0.181311	0.157181	0.970783	0.0	0.697861	-0.7160880000000001	-0.0143951	0.0	-3.04667	2.82762	3.3967400000000003	0.349844	-0.473	0.7133	-0.5171789999999999	0.0	0.377934	-0.365987	-0.8504229999999999	0.0	-0.795887	-0.5977100000000001	-0.0964677	0.0	3.32576	2.93845	2.68665	0.361153	
3	0.692904	0.680082	-0.23952600000000002	0.0	0.181311	0.157181	0.970783	0.0	0.697861	-0.7160880000000001	-0.0143951	0.0	-3.04667	2.82762	3.3967400000000003	0.349844	-0.473	0.7133	-0.5171789999999999	0.0	0.377934	-0.365987	-0.8504229999999999	0.0	-0.795887	-0.5977100000000001	-0.0964677	0.0	3.32576	2.93845	2.68665	0.361153	
3	0.692904	0.680082	-0.23952600000000002	0.0	0.181311	0.157181	0.970783	0.0	0.697861	-0.7160880000000001	-0.0143951	0.0	-3.04667	2.82762	3.3967400000000003	0.349844	-0.473	0.7133	-0.5171789999999999	0.0	0.377933	-0.365987	-0.8504229999999999	0.0	-0.795887	-0.5977100000000001	-0.0964677	0.0	3.32576	2.93845	2.68665	0.361152	
3	0.692904	0.680082	-0.23952600000000002	0.0	0.181311	0.157181	0.970783	0.0	0.697861	-0.7160880000000001	-0.0143951	0.0	-3.04667	2.82762	3.3967400000000003	0.34984299999999996	-0.473	0.7133	-0.5171789999999999	0.0	0.377933	-0.365987	-0.8504229999999999	0.0	-0.795888	-0.5977100000000001	-0.0964677	0.0	3.32576	2.93845	2.68665	0.361152	
3	0.692904	0.680082	-0.23952600000000002	0.0	0.181311	0.157181	0.970783	0.0	0.697861	-0.7160880000000001	-0.0143951	0.0	-3.04667	2.82762	3.3967400000000003	0.349844	-0.473001	0.7133	-0.5171789999999999	0.0	0.377934	-0.365987	-0.8504229999999999	0.0	-0.795888	-0.5977100000000001	-0.0964679	0.0	3.32576	2.93845	2.68665	0.361153	
3	0.692904	0.680082	-0.23952600000000002	0.0	0.181311	0.157181	0.970783	0.0	0.697862	-0.7160880000000001	-0.0143951	0.0	-3.04667	2.82762	3.3967400000000003	0.34984299999999996	-0.473	0.7133	-0.5171789999999999	0.0	0.377933	-0.365987	-0.8504229999999999	0.0	-0.795887	-0.5977100000000001	-0.0964677	0.0	3.32576	2.93845	2.68665	0.361152	
3	0.692904	0.680082	-0.23952600000000002	0.0	0.181311	0.157181	0.970783	0.0	0.697861	-0.7160880000000001	-0.0143951	0.0	-3.04667	2.82762	3.3967400000000003	0.349844	-0.473001	0.7133	-0.5171789999999999	0.0	0.377933	-0.365987	-0.8504229999999999	0.0	-0.795888	-0.5977100000000001	-0.0964677	0.0	3.32576	2.93845	2.68665	0.361153	
3	0.692904	0.680082	-0.23952600000000002	0.0	0.181311	0.157181	0.970783	0.0	0.697861	-0.7160880000000001	-0.0143951	0.0	-3.04667	2.82762	3.3967400000000003	0.34984299999999996	-0.473001	0.7133	-0.5171789999999999	0.0	0.377933	-0.365987	-0.8504229999999999	0.0	-0.795888	-0.5977100000000001	-0.0964677	0.0	3.32576	2.93845	2.68665	0.361153	
3	0.692904	0.680082	-0.23952600000000002	0.0	0.181311	0.157181	0.970783	0.0	0.697861	-0.7160880000000001	-0.0143951	0.0	-3.04667	2.82762	3.3967400000000003	0.34984299999999996	-0.473001	0.7133	-0.5171789999999999	0.0	0.377933	-0.365987	-0.8504229999999999	0.0	-0.795888	-0.5977100000000001	-0.0964677	0.0	3.32576	2.93845	2.68665	0.361153	
3	0.692904	0.680082	-0.23952600000000002	0.0	0.181311	0.157181	0.970783	0.0	0.697861	-0.7160880000000001	-0.0143951	0.0	-3.04667	2.82762	3.3967400000000003	0.349844	-0.473001	0.7133	-0.5171789999999999	0.0	0.377933	-0.365987	-0.8504229999999999	0.0	-0.795888	-0.5977100000000001	-0.0964677	0.0	3.32576	2.93845	2.68665	0.361152	
3	0.668896	0.590029	-0.45215500000000003	0.0	0.349002	0.287788	0.8918379999999999	0.0	0.656335	-0.75435	-0.0134214	0.0	-3.06492	2.7555400000000003	3.3211199999999996	0.347588	-0.49799499999999997	0.564469	-0.658313	0.0	0.46198	-0.46975600000000006	-0.752266	0.0	-0.733877	-0.678752	-0.026837599999999996	0.0	3.26116	2.9413400000000003	2.7145900000000003	0.357321	
3	0.705342	0.582171	-0.404436	0.0	0.31762199999999996	0.250504	0.914529	0.0	0.633725	-0.773514	-0.00821966	0.0	-2.96418	2.59626	3.07557	0.34812600000000005	-0.511135	0.5949399999999999	-0.620312	0.0	0.42787200000000003	-0.449799	-0.783968	0.0	-0.74543	-0.6661279999999999	-0.0246502	0.0	3.0718	2.83618	2.48202	0.357617	
3	0.663443	0.6386649999999999	-0.389808	0.0	0.28474	0.266271	0.920882	0.0	0.69193	-0.721946	-0.00519848	0.0	-2.76837	2.24642	2.4958299999999998	0.348227	-0.54289	0.617626	-0.569042	0.0	0.381885	-0.42192299999999994	-0.8222799999999999	0.0	-0.747954	-0.663716	-0.006804999999999999	0.0	2.71767	2.58734	1.9912900000000002	0.357541	
3	0.65568	0.650197	-0.383834	0.0	0.26928	0.27355999999999997	0.923392	0.0	0.705388	-0.708808	0.00428322	0.0	-2.61729	2.1162	2.26504	0.348432	-0.5639149999999999	0.627159	-0.537281	0.0	0.357685	-0.400918	-0.8434010000000001	0.0	-0.7443529999999999	-0.667784	0.00175816	0.0	2.55623	2.45043	1.7991700000000002	0.357216	
3	0.6363	0.679419	-0.36539299999999997	0.0	0.230016	0.285015	0.930516	0.0	0.736352	-0.676134	0.0250777	0.0	-2.26157	1.7895900000000002	1.7380900000000001	0.348523	-0.568357	0.651267	-0.502815	0.0	0.32014000000000004	-0.387914	-0.864311	0.0	-0.757946	-0.652208	0.0119766	0.0	2.17951	2.19312	1.2918100000000001	0.35777800000000004	
3	0.659867	0.672874	-0.334389	0.0	0.201551	0.270214	0.9414680000000001	0.0	0.723846	-0.6886399999999999	0.0426863	0.0	-1.96003	1.53609	1.40472	0.349165	-0.608376	0.641633	-0.467103	0.0	0.287887	-0.370054	-0.883279	0.0	-0.739594	-0.6718390000000001	0.0404145	0.0	1.91579	1.9177799999999998	0.9160290000000001	0.359429	
3	0.694925	0.657808	-0.29046	0.0	0.142868	0.269575	0.9523219999999999	0.0	0.704746	-0.703291	0.0933544	0.0	-1.75383	1.23374	1.17777	0.35085900000000003	-0.6431720000000001	0.633547	-0.43005699999999997	0.0	0.27308000000000004	-0.334924	-0.901806	0.0	-0.715372	-0.6974560000000001	0.0424046	0.0	1.67218	1.6966299999999999	0.5805279999999999	0.36175999999999997	
3	0.726902	0.638979	-0.251633	0.0	0.10622000000000001	0.257394	0.960451	0.0	0.678476	-0.724882	0.119228	0.0	-1.62968	0.988539	0.959183	0.352921	-0.687042	0.618388	-0.381535	0.0	0.237882	-0.304725	-0.9222549999999999	0.0	-0.686575	-0.7243890000000001	0.062255700000000004	0.0	1.46236	1.51337	0.305506	0.363183	
3	0.761083	0.6109640000000001	-0.217888	0.0	0.0790851	0.24600000000000002	0.966038	0.0	0.6438149999999999	-0.752467	0.138908	0.0	-1.5212299999999999	0.785309	0.7894800000000001	0.353434	-0.71622	0.6063930000000001	-0.345423	0.0	0.22744299999999998	-0.265117	-0.9370069999999999	0.0	-0.659772	-0.749667	0.0519618	0.0	1.32303	1.38429	0.0299024	0.36320399999999997	
3	0.794691	0.5783020000000001	-0.184477	0.0	0.0506666	0.239655	0.969535	0.0	0.604895	-0.779828	0.161151	0.0	-1.4966	0.605529	0.630357	0.354323	-0.740448	0.593536	-0.315361	0.0	0.21221199999999998	-0.238752	-0.9476100000000001	0.0	-0.637733	-0.768578	0.0508274	0.0	1.22371	1.25075	-0.236671	0.36346999999999996	
3	0.829298	0.54014	-0.143227	0.0	0.017535400000000003	0.23102899999999998	0.9727889999999999	0.0	0.5585319999999999	-0.809243	0.18212	0.0	-1.49299	0.47257	0.559314	0.354658	-0.7604270000000001	0.585044	-0.281912	0.0	0.191056	-0.21335	-0.9581120000000001	0.0	-0.620684	-0.782436	0.0504611	0.0	1.1791200000000002	1.18708	-0.34524699999999997	0.36380500000000005	
3	0.874776	0.480782	-0.060127599999999996	0.0	-0.049761900000000005	0.21258600000000002	0.975875	0.0	0.481965	-0.8506799999999999	0.20989000000000002	0.0	-1.52315	0.298021	0.472261	0.354696	-0.797446	0.5573239999999999	-0.231238	0.0	0.164204	-0.168322	-0.971959	0.0	-0.580619	-0.813055	0.042712900000000005	0.0	1.12706	1.11053	-0.45152700000000007	0.363827	
3	0.939369	0.342578	0.015014099999999999	0.0	-0.08159860000000001	0.180792	0.980131	0.0	0.333057	-0.9219299999999999	0.197784	0.0	-1.63818	0.141329	0.430596	0.35478899999999997	-0.811303	0.5468189999999999	-0.206826	0.0	0.153455	-0.142188	-0.977872	0.0	-0.564127	-0.825089	0.0314455	0.0	1.02888	1.07169	-0.537285	0.36398	
3	0.970548	0.23655700000000002	0.0455874	0.0	-0.09151799999999999	0.18699100000000002	0.978089	0.0	0.222849	-0.9534540000000001	0.20313299999999998	0.0	-1.88832	0.041026	0.42862700000000004	0.352125	-0.834628	0.5203399999999999	-0.180673	0.0	0.147478	-0.104931	-0.983484	0.0	-0.530704	-0.8474879999999999	0.0108396	0.0	0.9856520000000001	1.05536	-0.56489	0.363923	
3	0.978025	0.203715	0.044364	0.0	-0.08354810000000001	0.187993	0.9786100000000001	0.0	0.19101700000000002	-0.9608110000000001	0.200882	0.0	-1.9912900000000002	-0.00220186	0.396048	0.35338600000000003	-0.8495940000000001	0.502007	-0.161803	0.0	0.139874	-0.08134279999999999	-0.986823	0.0	-0.5085529999999999	-0.86103	-0.00110966	0.0	0.9866299999999999	1.0629600000000001	-0.569983	0.36380100000000004	
3	0.9863360000000001	0.152343	0.0627189	0.0	-0.0876469	0.162872	0.9827459999999999	0.0	0.1395	-0.974815	0.17399900000000001	0.0	-2.13843	-0.0711797	0.372365	0.353046	-0.865182	0.47953500000000004	-0.146654	0.0	0.13814300000000002	-0.0532159	-0.9889819999999999	0.0	-0.48205600000000004	-0.875908	-0.0202032	0.0	1.0531	1.0722399999999999	-0.55895	0.363591	
3	0.9934709999999999	0.102216	0.050669900000000004	0.0	-0.0665316	0.15829000000000001	0.9851489999999999	0.0	0.09267760000000001	-0.982088	0.16405699999999998	0.0	-2.28558	-0.120599	0.33973000000000003	0.350402	-0.8725139999999999	0.46780200000000005	-0.141001	0.0	0.137105	-0.0425705	-0.989641	0.0	-0.468959	-0.882807	-0.0269948	0.0	1.0993600000000001	1.02148	-0.551786	0.363273	
3	0.9914379999999999	0.123699	0.0418337	0.0	-0.0609298	0.154875	0.9860530000000001	0.0	0.115495	-0.980159	0.16108599999999998	0.0	-2.36287	-0.136546	0.30786199999999997	0.351047	-0.8762059999999999	0.45951899999999996	-0.145279	0.0	0.141001	-0.043830900000000006	-0.9890389999999999	0.0	-0.46085	-0.887086	-0.026387599999999997	0.0	1.1411799999999999	0.972992	-0.489774	0.363108	
3	0.9898469999999999	0.1411	0.0171507	0.0	-0.0398699	0.159806	0.9863430000000001	0.0	0.136432	-0.9770120000000001	0.16380899999999998	0.0	-2.3935	-0.147574	0.314146	0.350953	-0.869497	0.46030299999999996	-0.179155	0.0	0.164573	-0.0720055	-0.983733	0.0	-0.46571599999999996	-0.8848370000000001	-0.013145400000000002	0.0	1.18666	0.969043	-0.421246	0.36249499999999996	
3	0.986978	0.160854	0.000741385	0.0	-0.028070499999999998	0.167694	0.985439	0.0	0.158388	-0.972628	0.170026	0.0	-2.4081900000000003	-0.15204700000000002	0.31706999999999996	0.350706	-0.8537	0.478626	-0.20521599999999998	0.0	0.184698	-0.0901697	-0.97865	0.0	-0.486912	-0.873376	-0.0114238	0.0	1.235	0.998714	-0.38146199999999997	0.362179	
3	0.985135	0.16555	-0.045852	0.0	0.016322	0.175504	0.9843430000000001	0.0	0.171005	-0.970459	0.170193	0.0	-2.46011	-0.126953	0.366412	0.350831	-0.845407	0.479677	-0.23494	0.0	0.20521799999999998	-0.114391	-0.972008	0.0	-0.493125	-0.869957	-0.00173098	0.0	1.30125	1.04375	-0.17128	0.36236599999999997	
3	0.985099	0.16558	-0.046514599999999996	0.0	0.016953	0.175651	0.9843069999999999	0.0	0.171152	-0.9704280000000001	0.170227	0.0	-2.45784	-0.128407	0.364268	0.350827	-0.845375	0.479666	-0.235079	0.0	0.20546599999999998	-0.11423499999999999	-0.971974	0.0	-0.49307700000000004	-0.869983	-0.00198442	0.0	1.29934	1.0424	-0.178067	0.36238000000000004	
3	0.9850959999999999	0.165582	-0.0465679	0.0	0.0170018	0.175674	0.984301	0.0	0.171163	-0.9704229999999999	0.170241	0.0	-2.45764	-0.128527	0.364072	0.350827	-0.8453729999999999	0.47965699999999994	-0.235104	0.0	0.20547800000000002	-0.114265	-0.971968	0.0	-0.493075	-0.869985	-0.00196242	0.0	1.2992	1.0423200000000001	-0.17868	0.36238200000000004	
3	0.9850959999999999	0.165582	-0.0465679	0.0	0.0170018	0.175674	0.984301	0.0	0.171163	-0.9704229999999999	0.170241	0.0	-2.45764	-0.128527	0.364072	0.350827	-0.8453729999999999	0.47965699999999994	-0.235104	0.0	0.20547800000000002	-0.114265	-0.971968	0.0	-0.493075	-0.869985	-0.00196242	0.0	1.2992	1.0423200000000001	-0.17868	0.36238200000000004	
3	0.9850959999999999	0.165582	-0.0465679	0.0	0.0170018	0.175674	0.984301	0.0	0.171163	-0.9704229999999999	0.170241	0.0	-2.45764	-0.128527	0.364072	0.350827	-0.8453729999999999	0.47965699999999994	-0.235104	0.0	0.20547800000000002	-0.114265	-0.971968	0.0	-0.493075	-0.869985	-0.00196242	0.0	1.2992	1.04231	-0.17868	0.36238200000000004	
3	0.9850959999999999	0.165582	-0.0465679	0.0	0.0170018	0.175674	0.984301	0.0	0.171163	-0.9704229999999999	0.170241	0.0	-2.45764	-0.128527	0.364072	0.350827	-0.8453729999999999	0.47965699999999994	-0.235104	0.0	0.20547800000000002	-0.114265	-0.971968	0.0	-0.493075	-0.869985	-0.00196218	0.0	1.2992	1.04231	-0.17868	0.36238200000000004	
3	0.9850959999999999	0.165582	-0.0465679	0.0	0.0170018	0.175674	0.984301	0.0	0.171163	-0.9704229999999999	0.170241	0.0	-2.45763	-0.128527	0.364072	0.350827	-0.8453729999999999	0.47965699999999994	-0.235104	0.0	0.20547800000000002	-0.114265	-0.971968	0.0	-0.493075	-0.869985	-0.00196218	0.0	1.2992	1.04231	-0.17868	0.36238200000000004	
3	0.9850959999999999	0.165582	-0.0465679	0.0	0.0170018	0.175674	0.984301	0.0	0.171163	-0.9704229999999999	0.170241	0.0	-2.45763	-0.128527	0.364072	0.350827	-0.8453729999999999	0.47965699999999994	-0.235104	0.0	0.20547800000000002	-0.114265	-0.971968	0.0	-0.493075	-0.869985	-0.00196218	0.0	1.2992	1.04231	-0.17868	0.362381	
3	0.9850959999999999	0.165582	-0.0465679	0.0	0.0170018	0.175674	0.984301	0.0	0.171163	-0.9704229999999999	0.170241	0.0	-2.45763	-0.128527	0.364072	0.350827	-0.8453729999999999	0.47965699999999994	-0.235104	0.0	0.20547800000000002	-0.114265	-0.971968	0.0	-0.493075	-0.869985	-0.00196218	0.0	1.2992	1.0423200000000001	-0.17868	0.36238200000000004	
3	0.9850959999999999	0.165582	-0.0465679	0.0	0.0170018	0.175674	0.984301	0.0	0.171163	-0.9704229999999999	0.170241	0.0	-2.45763	-0.128527	0.364072	0.350827	-0.8453729999999999	0.479656	-0.235104	0.0	0.20547800000000002	-0.114265	-0.971968	0.0	-0.493075	-0.869985	-0.00196218	0.0	1.2992	1.0423200000000001	-0.17868	0.362381	
3	0.9850959999999999	0.165582	-0.0465679	0.0	0.0170018	0.175674	0.984301	0.0	0.171163	-0.9704229999999999	0.170241	0.0	-2.45763	-0.128527	0.364072	0.350827	-0.8453729999999999	0.47965699999999994	-0.235104	0.0	0.20547800000000002	-0.114265	-0.971968	0.0	-0.493075	-0.869985	-0.00196218	0.0	1.2992	1.0423200000000001	-0.17868	0.362381	
3	0.9850959999999999	0.165582	-0.0465679	0.0	0.0170018	0.175674	0.984301	0.0	0.171163	-0.9704229999999999	0.170241	0.0	-2.45763	-0.128528	0.364072	0.350827	-0.8453729999999999	0.47965699999999994	-0.235104	0.0	0.20547800000000002	-0.114265	-0.971968	0.0	-0.493075	-0.869985	-0.00196218	0.0	1.2992	1.0423200000000001	-0.17868	0.36238200000000004	
3	0.9850959999999999	0.165582	-0.0465679	0.0	0.0170018	0.175674	0.984301	0.0	0.171163	-0.9704229999999999	0.170241	0.0	-2.45763	-0.128527	0.364072	0.350827	-0.8453729999999999	0.47965699999999994	-0.235104	0.0	0.20547800000000002	-0.114265	-0.971968	0.0	-0.493075	-0.869985	-0.00196218	0.0	1.2992	1.0423200000000001	-0.17868	0.36238200000000004	
3	0.970289	0.161908	-0.179791	0.0	0.175682	0.0394647	0.983656	0.0	0.166357	-0.986017	0.0098478	0.0	-2.43911	-0.186306	0.269092	0.349761	-0.8598180000000001	0.41879099999999997	-0.292109	0.0	0.311977	-0.0219972	-0.949835	0.0	-0.404208	-0.907816	-0.11174	0.0	1.22545	1.01102	-0.168963	0.363872	
