3	0.593133	0.516197	-0.617846	0.0	0.681797	0.086097	0.726457	0.0	0.42818999999999996	-0.852131	-0.300875	0.0	-2.7396700000000003	2.0	1.46191	0.0	-0.193129	0.6806939999999999	-0.7066520000000001	0.0	0.38249	-0.611003	-0.6930930000000001	0.0	-0.90355	-0.404144	-0.14235599999999998	0.0	2.6732299999999998	2.0372	1.5288700000000002	2.36025e-05	
3	0.136966	0.819311	-0.5567489999999999	0.0	0.27784899999999996	0.507707	0.815496	0.0	0.95081	-0.266388	-0.158107	0.0	-2.83256	1.97347	1.38378	1.90735e-05	-0.179395	0.6710510000000001	-0.71938	0.0	0.337927	-0.6447149999999999	-0.685673	0.0	-0.923917	-0.366104	-0.111108	0.0	2.73957	2.00107	1.51643	0.0	
3	0.11956900000000001	0.806901	-0.578458	0.0	0.228706	0.544582	0.806922	0.0	0.966124	-0.22878	-0.11942799999999999	0.0	-2.88752	1.94029	1.34784	0.0	-0.17957	0.6714600000000001	-0.718955	0.0	0.285806	-0.663702	-0.691242	0.0	-0.941313	-0.329608	-0.0727266	0.0	2.67695	1.94649	1.5016200000000002	0.0	
3	0.10288	0.8335309999999999	-0.542809	0.0	0.23085	0.510796	0.8281280000000001	0.0	0.967535	-0.21050500000000003	-0.13987	0.0	-2.79799	1.99882	1.3571799999999998	0.266679	-0.207166	0.706427	-0.6767890000000001	0.0	0.252354	-0.629798	-0.7346239999999999	0.0	-0.945198	-0.322979	-0.0477968	0.0	2.6282099999999997	1.8924	1.54206	0.335852	
3	0.15119000000000002	0.8552709999999999	-0.495634	0.0	0.212966	0.461441	0.8612299999999999	0.0	0.965291	-0.235763	-0.11237799999999999	0.0	-2.7235099999999997	1.9283099999999997	1.38202	0.00186376	-0.209998	0.687711	-0.6949489999999999	0.0	0.244146	-0.6513939999999999	-0.718386	0.0	-0.946728	-0.320529	-0.0311106	0.0	2.52907	1.86116	1.60115	0.00320807	
3	0.157881	0.860151	-0.48499	0.0	0.190531	0.455384	0.869669	0.0	0.968902	-0.22970900000000002	-0.09198869999999999	0.0	-2.7681400000000003	1.8554700000000002	1.38721	0.0	-0.21927600000000003	0.689805	-0.689991	0.0	0.239035	-0.647667	-0.723457	0.0	-0.9459280000000001	-0.323569	-0.0228693	0.0	2.5910599999999997	1.84568	1.61715	0.0	
3	0.16893	0.864711	-0.473009	0.0	0.208628	0.43766099999999997	0.8746010000000001	0.0	0.9632950000000001	-0.246429	-0.10646900000000001	0.0	-2.74857	1.8157400000000001	1.3884299999999998	0.057586	-0.22496300000000002	0.698897	-0.678922	0.0	0.253323	-0.630869	-0.73337	0.0	-0.9408610000000001	-0.336967	-0.035124800000000005	0.0	2.63793	1.8182099999999999	1.64884	0.239923	
3	0.188209	0.867956	-0.45959799999999995	0.0	0.22621100000000002	0.41706800000000005	0.880274	0.0	0.955723	-0.26964099999999996	-0.117845	0.0	-2.80372	1.78535	1.37568	0.32053899999999996	-0.24956399999999998	0.699731	-0.669399	0.0	0.26458200000000004	-0.615697	-0.742236	0.0	-0.9315120000000001	-0.362347	-0.0314807	0.0	2.63027	1.76122	1.68554	0.306028	
3	0.209777	0.873611	-0.439086	0.0	0.23256500000000002	0.391608	0.890257	0.0	0.9496879999999999	-0.288871	-0.121021	0.0	-2.77947	1.72629	1.3584399999999999	0.3392	-0.256294	0.7096939999999999	-0.656238	0.0	0.264621	-0.6014619999999999	-0.753803	0.0	-0.9296719999999999	-0.36685	-0.0336491	0.0	2.6152900000000003	1.6967599999999998	1.7247299999999999	0.338403	
3	0.231864	0.875554	-0.42384399999999994	0.0	0.23456100000000002	0.372537	0.897885	0.0	0.944045	-0.307605	-0.118993	0.0	-2.77969	1.62297	1.36681	0.348581	-0.29126399999999997	0.7158220000000001	-0.634638	0.0	0.283489	-0.5690189999999999	-0.771914	0.0	-0.913674	-0.40474299999999996	-0.037193199999999996	0.0	2.64751	1.59647	1.7086700000000001	0.3444	
3	0.274916	0.8737360000000001	-0.401256	0.0	0.232408	0.344571	0.909537	0.0	0.9329559999999999	-0.343302	-0.10833499999999999	0.0	-2.78009	1.54027	1.3763299999999998	0.348669	-0.342636	0.7171	-0.606933	0.0	0.299663	-0.528871	-0.794039	0.0	-0.890395	-0.453942	-0.0336788	0.0	2.68147	1.47932	1.64166	0.35609	
3	0.31915	0.8684370000000001	-0.379422	0.0	0.233465	0.315974	0.919595	0.0	0.9184969999999999	-0.382071	-0.10190700000000001	0.0	-2.80603	1.47438	1.3568799999999999	0.348583	-0.39145599999999997	0.709218	-0.586321	0.0	0.311864	-0.49721099999999996	-0.8096439999999999	0.0	-0.8657389999999999	-0.499792	-0.0265438	0.0	2.69495	1.35647	1.54636	0.357271	
3	0.35122600000000004	0.862783	-0.363656	0.0	0.2335	0.29541300000000004	0.9263959999999999	0.0	0.9067069999999999	-0.410288	-0.0977025	0.0	-2.84518	1.42765	1.3222	0.34794400000000003	-0.40917800000000004	0.70687	-0.576982	0.0	0.32259899999999997	-0.47943100000000005	-0.816135	0.0	-0.853524	-0.5200779999999999	-0.0318634	0.0	2.7052	1.30669	1.4675799999999999	0.357563	
3	0.374461	0.8504430000000001	-0.36949499999999996	0.0	0.23600700000000002	0.297948	0.924948	0.0	0.896705	-0.43356000000000006	-0.0891408	0.0	-2.89967	1.35041	1.23671	0.34831599999999996	-0.41043599999999997	0.695951	-0.589232	0.0	0.325873	-0.49155699999999997	-0.8075760000000001	0.0	-0.8516739999999999	-0.523473	-0.0250392	0.0	2.72382	1.29304	1.3067799999999998	0.357677	
3	0.385527	0.8476739999999999	-0.36444099999999996	0.0	0.23504099999999997	0.291723	0.927175	0.0	0.892258	-0.44311000000000006	-0.0867717	0.0	-2.90524	1.34136	1.21571	0.349064	-0.41376499999999994	0.695531	-0.587398	0.0	0.326932	-0.488658	-0.808906	0.0	-0.8496549999999999	-0.526736	-0.0252022	0.0	2.69055	1.30082	1.2470299999999999	0.358323	
3	0.411735	0.838073	-0.35791999999999996	0.0	0.232208	0.28330900000000003	0.930492	0.0	0.881223	-0.466228	-0.0779585	0.0	-2.90828	1.31738	1.22958	0.34923899999999997	-0.42950200000000005	0.6892560000000001	-0.583485	0.0	0.329746	-0.48180500000000004	-0.811869	0.0	-0.8407110000000001	-0.541101	-0.020343599999999996	0.0	2.6766	1.2793700000000001	1.2385	0.358421	
3	0.442146	0.82631	-0.348882	0.0	0.21605700000000003	0.279397	0.935552	0.0	0.870532	-0.489029	-0.0549956	0.0	-2.9245200000000002	1.24186	1.24648	0.348738	-0.46599700000000005	0.674273	-0.572889	0.0	0.332458	-0.466604	-0.8196049999999999	0.0	-0.81995	-0.572395	-0.00673181	0.0	2.60648	1.2115	1.26034	0.359067	
3	0.523912	0.792743	-0.311569	0.0	0.18204700000000001	0.253123	0.950151	0.0	0.832091	-0.554516	-0.011702299999999999	0.0	-2.95477	1.15714	1.27454	0.34831999999999996	-0.522522	0.6568609999999999	-0.543603	0.0	0.32301399999999997	-0.43753500000000006	-0.839182	0.0	-0.789071	-0.614082	0.016446400000000003	0.0	2.62042	1.1458899999999999	1.2315399999999999	0.35941999999999996	
3	0.723997	0.656324	-0.21228899999999998	0.0	0.101094	0.203475	0.9738469999999999	0.0	0.682355	-0.726524	0.08096469999999999	0.0	-3.0941099999999997	0.8750479999999999	1.2385700000000002	0.34886	-0.727492	0.52661	-0.43981400000000004	0.0	0.300259	-0.33202600000000004	-0.8942049999999999	0.0	-0.6169279999999999	-0.782586	0.083427	0.0	2.68885	0.875841	1.18468	0.358973	
3	0.788269	0.59126	-0.170423	0.0	0.064207	0.196415	0.978416	0.0	0.6119720000000001	-0.782197	0.11686500000000001	0.0	-3.18075	0.725671	1.20478	0.349725	-0.781172	0.477836	-0.40179899999999996	0.0	0.285652	-0.29870399999999997	-0.910592	0.0	-0.555133	-0.8261040000000001	0.0968445	0.0	2.75736	0.75454	1.14004	0.359125	
3	0.8728739999999999	0.479109	-0.0924466	0.0	-0.00485404	0.197977	0.980195	0.0	0.487922	-0.855137	0.17513499999999999	0.0	-3.34424	0.477997	1.13355	0.350775	-0.864517	0.375517	-0.33406399999999997	0.0	0.259461	-0.235808	-0.936523	0.0	-0.43045500000000003	-0.896316	0.106428	0.0	2.89284	0.562221	1.03504	0.358675	
3	0.924068	0.381554	-0.0227037	0.0	-0.0773528	0.24484499999999998	0.9664719999999999	0.0	0.37432	-0.891329	0.255768	0.0	-3.57869	0.11689000000000001	1.07684	0.35081	-0.9273239999999999	0.271481	-0.257621	0.0	0.207904	-0.198701	-0.9577549999999999	0.0	-0.311201	-0.941709	0.12781800000000001	0.0	3.09052	0.292877	0.902437	0.358129	
3	0.9328299999999999	0.360039	0.0141524	0.0	-0.112374	0.25338299999999997	0.960817	0.0	0.34234499999999995	-0.897869	0.27682199999999996	0.0	-3.66345	-0.0433902	1.05616	0.350637	-0.943859	0.24474200000000002	-0.22188200000000002	0.0	0.17699700000000002	-0.19246	-0.965211	0.0	-0.278931	-0.9502950000000001	0.138336	0.0	3.15183	0.175528	0.8755209999999999	0.35843600000000003	
3	0.9366469999999999	0.349401	0.0247236	0.0	-0.12063900000000001	0.255524	0.9592459999999999	0.0	0.328844	-0.901458	0.281487	0.0	-3.6825300000000003	-0.0844079	1.04616	0.350518	-0.949844	0.233675	-0.207828	0.0	0.16475499999999998	-0.190943	-0.967676	0.0	-0.265804	-0.953382	0.14286600000000002	0.0	3.16765	0.141074	0.844894	0.358259	
3	0.948643	0.311145	0.057139499999999996	0.0	-0.137043	0.241403	0.9607	0.0	0.285123	-0.919192	0.271646	0.0	-3.71664	-0.0982164	0.9635239999999999	0.349906	-0.9566879999999999	0.222148	-0.188147	0.0	0.147782	-0.18623299999999998	-0.9713280000000001	0.0	-0.250817	-0.9570620000000001	0.145337	0.0	3.16818	0.143285	0.780209	0.35744899999999996	
3	0.954307	0.289213	0.07518630000000001	0.0	-0.1455	0.22994299999999998	0.962266	0.0	0.26101199999999997	-0.9292370000000001	0.261517	0.0	-3.78294	-0.10940799999999999	0.915799	0.349154	-0.9662620000000001	0.19925199999999998	-0.163209	0.0	0.131022	-0.165297	-0.9775020000000001	0.0	-0.22174699999999997	-0.965907	0.133614	0.0	3.16413	0.140176	0.733421	0.356871	
3	0.955066	0.286217	0.0770035	0.0	-0.14508800000000002	0.22491399999999998	0.963516	0.0	0.25845500000000005	-0.931393	0.256334	0.0	-3.8079699999999996	-0.111131	0.8962370000000001	0.349471	-0.9659620000000001	0.20173	-0.161932	0.0	0.12911199999999998	-0.166464	-0.977558	0.0	-0.224158	-0.965191	0.13475299999999998	0.0	3.1701099999999998	0.126056	0.714708	0.357182	
3	0.9565299999999999	0.278179	0.0875594	0.0	-0.15043499999999999	0.213437	0.965305	0.0	0.24983899999999998	-0.936516	0.246006	0.0	-3.82865	-0.114621	0.8824049999999999	0.348617	-0.966039	0.203273	-0.15953	0.0	0.125617	-0.170077	-0.977392	0.0	-0.22580999999999998	-0.9642379999999999	0.138766	0.0	3.1515	0.11594000000000002	0.715461	0.357116	
3	0.96014	0.263185	0.0941538	0.0	-0.151093	0.20527800000000002	0.9669700000000001	0.0	0.235165	-0.9426530000000001	0.23686100000000002	0.0	-3.89519	-0.107379	0.8595149999999999	0.34926399999999996	-0.966992	0.199804	-0.158127	0.0	0.12481099999999999	-0.16961500000000002	-0.977575	0.0	-0.222144	-0.965044	0.139079	0.0	3.15456	0.0926478	0.719943	0.357081	
3	0.960377	0.262585	0.0934113	0.0	-0.15018199999999998	0.205235	0.9671219999999999	0.0	0.23478000000000002	-0.94283	0.236538	0.0	-3.89676	-0.10653199999999999	0.8584139999999999	0.34929	-0.9671	0.1992	-0.15823199999999998	0.0	0.12499	-0.169678	-0.977541	0.0	-0.221575	-0.965158	0.13919700000000002	0.0	3.1557	0.0920456	0.724532	0.357036	
3	0.9603659999999999	0.262615	0.0934421	0.0	-0.15021900000000002	0.205225	0.967118	0.0	0.234803	-0.942823	0.23654099999999997	0.0	-3.89646	-0.106576	0.858491	0.34929	-0.967096	0.199229	-0.15822	0.0	0.124973	-0.169682	-0.977543	0.0	-0.221602	-0.965151	0.139201	0.0	3.15552	0.0922128	0.724417	0.357035	
3	0.9603659999999999	0.262615	0.093442	0.0	-0.15021900000000002	0.205225	0.967118	0.0	0.234803	-0.942823	0.23654099999999997	0.0	-3.89646	-0.106576	0.858491	0.34929	-0.967096	0.199229	-0.15822	0.0	0.124973	-0.169682	-0.977543	0.0	-0.221602	-0.965151	0.139201	0.0	3.15552	0.0922127	0.724417	0.357035	
3	0.9603659999999999	0.262615	0.093442	0.0	-0.15021900000000002	0.205225	0.967118	0.0	0.234803	-0.942823	0.23654099999999997	0.0	-3.89646	-0.106576	0.858491	0.34929	-0.967096	0.199229	-0.15822	0.0	0.124973	-0.169682	-0.977543	0.0	-0.221602	-0.965151	0.139201	0.0	3.15552	0.0922128	0.724417	0.357035	
3	0.9603659999999999	0.262615	0.093442	0.0	-0.15021900000000002	0.205225	0.967118	0.0	0.234803	-0.942823	0.23654099999999997	0.0	-3.89646	-0.106576	0.858491	0.34929	-0.967096	0.199229	-0.15822	0.0	0.124973	-0.169682	-0.977543	0.0	-0.221602	-0.965151	0.139201	0.0	3.15552	0.0922128	0.724417	0.357035	
3	0.9603659999999999	0.262615	0.093442	0.0	-0.15021900000000002	0.205225	0.967118	0.0	0.234803	-0.942823	0.23654099999999997	0.0	-3.89646	-0.106576	0.858491	0.34929	-0.967096	0.199229	-0.15822	0.0	0.124973	-0.169682	-0.977543	0.0	-0.221602	-0.965151	0.139201	0.0	3.15552	0.09221289999999999	0.724417	0.357035	
3	0.9603659999999999	0.262615	0.093442	0.0	-0.15021900000000002	0.205225	0.967118	0.0	0.234803	-0.942823	0.23654099999999997	0.0	-3.89646	-0.106576	0.858491	0.34929	-0.967096	0.199229	-0.15822	0.0	0.124973	-0.169682	-0.977543	0.0	-0.221602	-0.965151	0.139201	0.0	3.15552	0.0922128	0.724417	0.357035	
3	0.9603659999999999	0.262615	0.093442	0.0	-0.15021900000000002	0.205225	0.967118	0.0	0.234803	-0.942823	0.23654099999999997	0.0	-3.89646	-0.106576	0.858491	0.34929	-0.967096	0.199229	-0.15822	0.0	0.124973	-0.169682	-0.977543	0.0	-0.221602	-0.965151	0.139201	0.0	3.15552	0.0922128	0.724417	0.357035	
3	0.9603659999999999	0.262615	0.0934421	0.0	-0.15021900000000002	0.205225	0.967118	0.0	0.234803	-0.942823	0.23654099999999997	0.0	-3.89646	-0.106576	0.858491	0.34929	-0.967096	0.199229	-0.15822	0.0	0.124973	-0.169682	-0.977543	0.0	-0.221602	-0.965151	0.139201	0.0	3.15552	0.09221289999999999	0.724417	0.357035	
3	0.9603659999999999	0.262615	0.093442	0.0	-0.15021900000000002	0.205225	0.967118	0.0	0.234803	-0.942823	0.23654099999999997	0.0	-3.89646	-0.106576	0.858491	0.34929	-0.967096	0.199229	-0.15822	0.0	0.124973	-0.169682	-0.977543	0.0	-0.221602	-0.965151	0.139201	0.0	3.15552	0.0922131	0.724417	0.357035	
3	0.9603659999999999	0.262615	0.093442	0.0	-0.15021900000000002	0.205225	0.967118	0.0	0.234803	-0.942823	0.23654099999999997	0.0	-3.89646	-0.106576	0.858491	0.34929	-0.967096	0.199229	-0.15822	0.0	0.124973	-0.169682	-0.977543	0.0	-0.221602	-0.965151	0.139201	0.0	3.15552	0.092213	0.724417	0.357035	
3	0.9603659999999999	0.262615	0.093442	0.0	-0.15021900000000002	0.205225	0.967118	0.0	0.234803	-0.942823	0.23654099999999997	0.0	-3.89646	-0.106576	0.858491	0.34929	-0.967096	0.199229	-0.15822	0.0	0.124973	-0.169682	-0.977543	0.0	-0.221602	-0.965151	0.139201	0.0	3.15552	0.0922128	0.724417	0.357035	
3	0.9603659999999999	0.262615	0.093442	0.0	-0.15021900000000002	0.205225	0.967118	0.0	0.234803	-0.942823	0.23654099999999997	0.0	-3.89646	-0.106576	0.858491	0.34929	-0.967096	0.199229	-0.15822	0.0	0.124973	-0.169682	-0.977543	0.0	-0.221602	-0.965151	0.139201	0.0	3.15552	0.0922128	0.724417	0.357035	
3	0.9603659999999999	0.262615	0.093442	0.0	-0.15021900000000002	0.205225	0.967118	0.0	0.234803	-0.942823	0.23654099999999997	0.0	-3.89646	-0.106576	0.858491	0.34929	-0.967096	0.199229	-0.15822	0.0	0.124973	-0.169682	-0.977543	0.0	-0.221602	-0.965151	0.139201	0.0	3.15552	0.09221289999999999	0.724417	0.357035	
3	0.9603659999999999	0.262615	0.093442	0.0	-0.15021900000000002	0.205225	0.967118	0.0	0.234803	-0.942823	0.23654099999999997	0.0	-3.89646	-0.106576	0.858491	0.34929	-0.967096	0.199229	-0.15822	0.0	0.124973	-0.169682	-0.977543	0.0	-0.221602	-0.965151	0.139201	0.0	3.15552	0.0922131	0.724417	0.357035	
3	0.9603659999999999	0.262615	0.093442	0.0	-0.15021900000000002	0.205225	0.967118	0.0	0.234803	-0.942823	0.23654099999999997	0.0	-3.89646	-0.106576	0.858491	0.34929	-0.967096	0.199229	-0.15822	0.0	0.124973	-0.169682	-0.977543	0.0	-0.221602	-0.965151	0.139201	0.0	3.15552	0.0922127	0.724417	0.357035	
3	0.9603659999999999	0.262615	0.093442	0.0	-0.15021900000000002	0.205225	0.967118	0.0	0.234803	-0.942823	0.23654099999999997	0.0	-3.89646	-0.106576	0.858491	0.34929	-0.967096	0.199229	-0.15822	0.0	0.124973	-0.169682	-0.977543	0.0	-0.221602	-0.965151	0.139201	0.0	3.15552	0.0922128	0.724417	0.357035	
3	0.9603659999999999	0.262615	0.093442	0.0	-0.15021900000000002	0.205225	0.967118	0.0	0.234803	-0.942823	0.23654099999999997	0.0	-3.89646	-0.106576	0.858491	0.34929	-0.967096	0.199229	-0.15822	0.0	0.124973	-0.169682	-0.977543	0.0	-0.221602	-0.965151	0.139201	0.0	3.15552	0.0922128	0.724417	0.357035	
3	0.9603659999999999	0.262615	0.093442	0.0	-0.15021900000000002	0.205225	0.967118	0.0	0.234803	-0.942823	0.23654099999999997	0.0	-3.89646	-0.106576	0.858491	0.34929	-0.967096	0.199229	-0.15822	0.0	0.124973	-0.169682	-0.977543	0.0	-0.221602	-0.965151	0.139201	0.0	3.15552	0.0922128	0.724417	0.357035	
3	0.9603659999999999	0.262615	0.093442	0.0	-0.15021900000000002	0.205225	0.967118	0.0	0.234803	-0.942823	0.23654099999999997	0.0	-3.89646	-0.106576	0.858491	0.34929	-0.967096	0.199229	-0.15822	0.0	0.124973	-0.169682	-0.977543	0.0	-0.221602	-0.965151	0.139201	0.0	3.15552	0.0922128	0.724417	0.357035	
3	0.9237489999999999	0.11540299999999999	0.365198	0.0	-0.367494	-0.00148098	0.930025	0.0	0.107868	-0.993318	0.0410416	0.0	-3.7425	-0.43292700000000006	0.521935	0.351067	-0.9368219999999999	0.349302	0.0187877	0.0	-0.0772532	-0.154211	-0.9850129999999999	0.0	-0.34117	-0.924233	0.171453	0.0	2.89118	-0.07017319999999999	0.46607	0.361286	
3	0.916386	0.11411099999999999	0.383687	0.0	-0.38687699999999997	0.00637182	0.9221090000000001	0.0	0.102778	-0.993448	0.049985800000000004	0.0	-3.65582	-0.617117	0.338358	0.352546	-0.933506	0.357425	0.0285265	0.0	-0.08927280000000001	-0.15463	-0.983931	0.0	-0.34726999999999997	-0.9210520000000001	0.176256	0.0	2.7401299999999997	-0.142836	0.28591300000000003	0.361146	
3	0.910017	0.0922691	0.404173	0.0	-0.408165	0.0286846	0.912458	0.0	0.07259810000000001	-0.9953209999999999	0.0637645	0.0	-3.5407900000000003	-1.01176	0.00952064	0.35223699999999997	-0.931955	0.357167	0.0623845	0.0	-0.12153299999999999	-0.145621	-0.9818479999999999	0.0	-0.341599	-0.9226190000000001	0.179119	0.0	2.42782	-0.256166	-0.0520452	0.36132	
3	0.9044559999999999	0.0917262	0.41658900000000004	0.0	-0.421879	0.0479446	0.905384	0.0	0.0630742	-0.9946290000000001	0.08206110000000001	0.0	-3.53007	-1.25201	-0.166729	0.350127	-0.927796	0.364319	0.08040939999999999	0.0	-0.138654	-0.13661500000000001	-0.980873	0.0	-0.34636500000000003	-0.921199	0.177265	0.0	2.24327	-0.280922	-0.220831	0.36141799999999996	
3	0.904716	0.08970030000000001	0.416465	0.0	-0.42169399999999996	0.0496692	0.9053770000000001	0.0	0.06052709999999999	-0.9947299999999999	0.0827626	0.0	-3.49692	-1.40324	-0.308879	0.350402	-0.9221879999999999	0.375494	0.0925919	0.0	-0.151854	-0.131378	-0.979633	0.0	-0.35568099999999997	-0.917466	0.178176	0.0	2.0363900000000004	-0.292929	-0.325268	0.361107	
3	0.900805	0.0905574	0.424676	0.0	-0.42974700000000005	0.0458532	0.901784	0.0	0.062190499999999996	-0.994835	0.0802216	0.0	-3.43983	-1.55287	-0.465556	0.350771	-0.916151	0.38614499999999996	0.107518	0.0	-0.16708900000000002	-0.12408699999999999	-0.978102	0.0	-0.364348	-0.914054	0.178203	0.0	1.834	-0.316377	-0.41430900000000004	0.361095	
3	0.897492	0.09260360000000001	0.431199	0.0	-0.43594799999999995	0.0382624	0.899158	0.0	0.06676649999999999	-0.9949680000000001	0.0747105	0.0	-3.4259699999999995	-1.60727	-0.529107	0.351085	-0.9155969999999999	0.385644	0.113846	0.0	-0.17339000000000002	-0.12320999999999999	-0.977116	0.0	-0.362791	-0.914384	0.179677	0.0	1.7369700000000001	-0.334158	-0.448363	0.361086	
3	0.895885	0.101891	0.43244499999999997	0.0	-0.43686800000000003	0.024902900000000002	0.8991809999999999	0.0	0.08084889999999999	-0.994484	0.0668228	0.0	-3.3053	-1.7323400000000002	-0.673966	0.350721	-0.912558	0.389315	0.125185	0.0	-0.183719	-0.116799	-0.976015	0.0	-0.365356	-0.9136700000000001	0.17811	0.0	1.56349	-0.35480300000000004	-0.5438609999999999	0.36075799999999997	
3	0.8923639999999999	0.11039600000000001	0.43760699999999997	0.0	-0.441345	0.0107584	0.897273	0.0	0.0943474	-0.9938290000000001	0.0583231	0.0	-3.1661200000000003	-1.83198	-0.806487	0.35076799999999997	-0.912451	0.385842	0.136232	0.0	-0.190626	-0.10623099999999999	-0.9758979999999999	0.0	-0.362071	-0.916428	0.170482	0.0	1.43509	-0.365798	-0.616544	0.36079	
3	0.8949389999999999	0.10804000000000001	0.432911	0.0	-0.43637700000000007	0.00957854	0.8997129999999999	0.0	0.0930584	-0.9941	0.055718399999999994	0.0	-3.10003	-1.8724599999999998	-0.870283	0.35075700000000004	-0.9168709999999999	0.370904	0.14757699999999999	0.0	-0.197177	-0.0993531	-0.9753209999999999	0.0	-0.347088	-0.923342	0.164227	0.0	1.38963	-0.37514200000000003	-0.644151	0.360721	
3	0.8910540000000001	0.118969	0.438028	0.0	-0.44223500000000004	0.0102014	0.896841	0.0	0.102228	-0.9928459999999999	0.0617023	0.0	-2.94506	-2.00042	-1.06645	0.350407	-0.935416	0.310314	0.16941900000000001	0.0	-0.197748	-0.061985900000000003	-0.978291	0.0	-0.293076	-0.9486110000000001	0.11934600000000001	0.0	1.24737	-0.39310500000000004	-0.7827310000000001	0.360396	
3	0.889071	0.126781	0.439862	0.0	-0.44428199999999995	0.0074513	0.895856	0.0	0.1103	-0.9919030000000001	0.0629511	0.0	-2.87455	-2.0354099999999997	-1.1562700000000001	0.350306	-0.952681	0.25190100000000004	0.170131	0.0	-0.18976700000000002	-0.055640199999999994	-0.980251	0.0	-0.23746	-0.966152	0.10081	0.0	1.2081899999999999	-0.41655200000000003	-0.852347	0.359653	
3	0.885078	0.11863699999999999	0.45006899999999994	0.0	-0.45534600000000003	0.020387799999999998	0.8900809999999999	0.0	0.09642089999999999	-0.992728	0.0720657	0.0	-2.68235	-2.1446400000000003	-1.33734	0.350462	-0.9564729999999999	0.228169	0.181929	0.0	-0.198247	-0.0505645	-0.9788469999999999	0.0	-0.214144	-0.972308	0.0935975	0.0	1.17831	-0.5177510000000001	-1.04093	0.359327	
3	0.8761709999999999	0.110428	0.469179	0.0	-0.475736	0.0417142	0.878598	0.0	0.0774503	-0.993008	0.0890834	0.0	-2.57554	-2.29482	-1.46434	0.350948	-0.952983	0.24270999999999998	0.181425	0.0	-0.200943	-0.058025400000000005	-0.977883	0.0	-0.22681500000000002	-0.9683620000000001	0.10406800000000001	0.0	1.09179	-0.545603	-1.0858	0.359321	
3	0.8723879999999999	0.109992	0.476279	0.0	-0.48384099999999997	0.055663699999999997	0.873384	0.0	0.06955410000000001	-0.992373	0.101779	0.0	-2.5678	-2.41713	-1.4969	0.350788	-0.9513780000000001	0.252126	0.176954	0.0	-0.19948	-0.0665705	-0.9776379999999999	0.0	-0.234708	-0.9654020000000001	0.11362799999999999	0.0	0.995128	-0.534248	-1.07328	0.359242	
3	0.8736889999999999	0.106574	0.47466800000000003	0.0	-0.482249	0.0612441	0.873891	0.0	0.0640631	-0.992417	0.104903	0.0	-2.56588	-2.46373	-1.51089	0.350945	-0.9503870000000001	0.258316	0.173312	0.0	-0.19864600000000002	-0.0752308	-0.9771799999999999	0.0	-0.23938299999999998	-0.9631270000000001	0.12281199999999999	0.0	0.949987	-0.51415	-1.03904	0.359237	
3	0.8823799999999999	0.11843499999999998	0.455388	0.0	-0.46479899999999996	0.0687085	0.8827459999999999	0.0	0.07325880000000001	-0.990582	0.115675	0.0	-2.59871	-2.49325	-1.48233	0.350267	-0.950205	0.27276999999999996	0.15068900000000002	0.0	-0.18273	-0.09600639999999999	-0.9784639999999999	0.0	-0.252429	-0.957277	0.141069	0.0	0.915942	-0.479879	-0.950944	0.359004	
3	0.8903549999999999	0.12792699999999999	0.43692299999999995	0.0	-0.44805	0.07602110000000001	0.8907709999999999	0.0	0.08073839999999999	-0.988866	0.125003	0.0	-2.63404	-2.4665	-1.46628	0.349208	-0.9453719999999999	0.29386	0.141128	0.0	-0.17846199999999998	-0.10424000000000001	-0.978409	0.0	-0.272804	-0.950147	0.150989	0.0	0.931682	-0.461136	-0.9118700000000001	0.358996	
3	0.891502	0.153124	0.426354	0.0	-0.44052700000000006	0.07355700000000001	0.8947209999999999	0.0	0.10564200000000001	-0.985466	0.13303099999999998	0.0	-2.67741	-2.40917	-1.39656	0.349227	-0.9402780000000001	0.310298	0.139974	0.0	-0.182733	-0.113176	-0.976627	0.0	-0.28720300000000004	-0.9438780000000001	0.16311900000000001	0.0	0.9723290000000001	-0.447295	-0.8446459999999999	0.359063	
3	0.8914989999999999	0.153116	0.42636199999999996	0.0	-0.440535	0.0735648	0.894716	0.0	0.10563	-0.985466	0.133036	0.0	-2.67729	-2.40937	-1.39679	0.34922800000000004	-0.9402780000000001	0.310296	0.139976	0.0	-0.18273699999999998	-0.11318099999999999	-0.976625	0.0	-0.2872	-0.9438780000000001	0.163125	0.0	0.972182	-0.447352	-0.844877	0.359063	
3	0.8915	0.153111	0.426363	0.0	-0.440536	0.0735659	0.894716	0.0	0.105625	-0.985467	0.133035	0.0	-2.67728	-2.40938	-1.39681	0.349229	-0.9402790000000001	0.310293	0.139976	0.0	-0.18273599999999998	-0.11318099999999999	-0.976626	0.0	-0.287198	-0.9438790000000001	0.163123	0.0	0.972174	-0.447352	-0.844891	0.359063	
3	0.8915	0.153111	0.426363	0.0	-0.440536	0.07356610000000001	0.894716	0.0	0.105625	-0.985467	0.133035	0.0	-2.67728	-2.40938	-1.39681	0.349229	-0.9402790000000001	0.310293	0.139976	0.0	-0.18273599999999998	-0.11318099999999999	-0.976626	0.0	-0.287198	-0.9438790000000001	0.163123	0.0	0.972174	-0.447352	-0.844891	0.359063	
3	0.8915	0.153111	0.426363	0.0	-0.440536	0.07356610000000001	0.894716	0.0	0.105625	-0.985467	0.133035	0.0	-2.67728	-2.40938	-1.39681	0.349229	-0.9402790000000001	0.310293	0.139976	0.0	-0.18273599999999998	-0.11318099999999999	-0.976626	0.0	-0.287198	-0.9438790000000001	0.163123	0.0	0.972174	-0.447352	-0.844891	0.359063	
3	0.8915	0.153111	0.426363	0.0	-0.440536	0.07356610000000001	0.894716	0.0	0.105625	-0.985467	0.133035	0.0	-2.67728	-2.40938	-1.39681	0.34922800000000004	-0.9402790000000001	0.310293	0.139976	0.0	-0.18273599999999998	-0.11318099999999999	-0.976626	0.0	-0.287198	-0.9438790000000001	0.163123	0.0	0.972174	-0.447352	-0.844891	0.359063	
3	0.8915	0.153111	0.426363	0.0	-0.440536	0.0735662	0.894716	0.0	0.105625	-0.985467	0.133035	0.0	-2.67728	-2.40938	-1.39681	0.349229	-0.9402790000000001	0.310293	0.139976	0.0	-0.18273599999999998	-0.11318099999999999	-0.976626	0.0	-0.287198	-0.9438790000000001	0.163123	0.0	0.972174	-0.447351	-0.844891	0.359063	
3	0.8915	0.153111	0.426363	0.0	-0.440536	0.0735662	0.894716	0.0	0.105625	-0.985467	0.133035	0.0	-2.67728	-2.40938	-1.39681	0.34922800000000004	-0.9402790000000001	0.310293	0.139976	0.0	-0.18273599999999998	-0.11318099999999999	-0.976626	0.0	-0.287198	-0.9438790000000001	0.163123	0.0	0.972174	-0.447352	-0.844891	0.359063	
3	0.90927	0.121636	0.398037	0.0	-0.40592	0.047857	0.9126549999999999	0.0	0.0919631	-0.9914200000000001	0.0928896	0.0	-2.66332	-2.4306799999999997	-1.42619	0.345837	-0.95035	0.287844	0.11823800000000001	0.0	-0.15483	-0.107795	-0.982043	0.0	-0.26993	-0.951591	0.14701	0.0	0.973086	-0.46254300000000004	-0.807624	0.360729	
3	0.955335	0.06697810000000001	0.28783600000000004	0.0	-0.28327800000000003	-0.06995010000000002	0.956484	0.0	0.08419750000000001	-0.9953	-0.0478524	0.0	-2.53063	-2.8174	-1.67865	0.344453	-0.972057	0.229354	0.0500325	0.0	-0.0766688	-0.10873499999999998	-0.99111	0.0	-0.221875	-0.967251	0.12328	0.0	0.756356	-0.769977	-0.9241469999999999	0.362077	
3	0.950166	0.0878776	0.299104	0.0	-0.29590700000000003	-0.047702499999999995	0.954025	0.0	0.0981054	-0.9949879999999999	-0.0193217	0.0	-2.44408	-3.09438	-1.8303900000000002	0.34379899999999997	-0.96955	0.238733	0.054585800000000004	0.0	-0.0853495	-0.12048199999999999	-0.9890399999999999	0.0	-0.22954000000000002	-0.9635819999999999	0.137189	0.0	0.623843	-0.937699	-0.9867809999999999	0.362006	
3	0.938841	0.10346300000000001	0.328441	0.0	-0.32912199999999997	-0.010910799999999998	0.944225	0.0	0.101276	-0.994574	0.0238084	0.0	-2.2259900000000004	-3.4147300000000005	-1.9503599999999999	0.346375	-0.9611709999999999	0.270042	0.0568234	0.0	-0.0953817	-0.131877	-0.986667	0.0	-0.258947	-0.953775	0.152513	0.0	0.383272	-1.14285	-1.10605	0.36182	
3	0.931615	0.0893163	0.3523	0.0	-0.353662	-0.000619031	0.935373	0.0	0.0837621	-0.9960030000000001	0.0310111	0.0	-2.05127	-3.6412199999999997	-2.08414	0.342642	-0.954082	0.29515	0.0511279	0.0	-0.09625310000000001	-0.140443	-0.985399	0.0	-0.28365999999999997	-0.9450719999999999	0.162404	0.0	0.0708091	-1.2370700000000001	-1.2127	0.362269	
3	0.929624	0.063159	0.363056	0.0	-0.36442800000000003	0.0113368	0.931163	0.0	0.054695400000000005	-0.9979389999999999	0.0335559	0.0	-2.0291799999999998	-3.63685	-2.08968	0.33910100000000004	-0.9534969999999999	0.297509	0.048280500000000004	0.0	-0.09419019999999999	-0.141964	-0.9853799999999999	0.0	-0.28630500000000003	-0.944105	0.163385	0.0	-0.028664299999999997	-1.225	-1.21895	0.362073	
3	0.9286399999999999	0.0448425	0.368261	0.0	-0.369571	0.025350400000000002	0.9288569999999999	0.0	0.032316700000000004	-0.9986719999999999	0.0401139	0.0	-2.01278	-3.63335	-2.09628	0.338309	-0.9540639999999999	0.296042	0.0460644	0.0	-0.09037089999999999	-0.137767	-0.986334	0.0	-0.28565	-0.9451879999999999	0.158192	0.0	-0.07441560000000001	-1.1956200000000001	-1.19564	0.362131	
3	0.92853	0.00273162	0.371247	0.0	-0.370754	0.058855899999999996	0.9268639999999999	0.0	-0.0193182	-0.9982629999999999	0.055662300000000005	0.0	-1.9744099999999998	-3.62822	-2.1054	0.340597	-0.9562639999999999	0.289622	0.040973	0.0	-0.08027519999999999	-0.12515199999999999	-0.988885	0.0	-0.28127399999999997	-0.948924	0.142928	0.0	-0.110999	-1.12684	-1.19566	0.36181199999999997	
3	0.931422	-0.00194955	0.363937	0.0	-0.36290300000000003	0.07054810000000002	0.9291530000000001	0.0	-0.0274865	-0.9975069999999999	0.06500249999999999	0.0	-1.9673200000000002	-3.62621	-2.10885	0.342333	-0.957268	0.286547	0.039104599999999996	0.0	-0.0763329	-0.119923	-0.9898440000000001	0.0	-0.27894800000000003	-0.9505309999999999	0.13667100000000001	0.0	-0.117257	-1.0886799999999999	-1.18139	0.361794	
3	0.939543	-0.00469212	0.34239899999999995	0.0	-0.340604	0.0903333	0.9358569999999999	0.0	-0.0353212	-0.995901	0.0832739	0.0	-1.95744	-3.62284	-2.11456	0.345823	-0.962511	0.269036	0.0345359	0.0	-0.066816	-0.111767	-0.9914860000000001	0.0	-0.262885	-0.956623	0.125553	0.0	-0.060628999999999995	-1.02109	-1.16296	0.361575	
3	0.9471639999999999	0.00635362	0.320686	0.0	-0.319866	0.0928307	0.9429040000000001	0.0	-0.023778599999999997	-0.995662	0.0899582	0.0	-1.9625	-3.6230599999999997	-2.11389	0.346593	-0.9635440000000001	0.265497	0.0330924	0.0	-0.0641639	-0.109225	-0.991944	0.0	-0.259743	-0.9579049999999999	0.122278	0.0	-0.03999319999999999	-1.00894	-1.16205	0.361455	
3	0.9563360000000001	0.013149000000000001	0.29197399999999996	0.0	-0.291878	0.0946561	0.95176	0.0	-0.0151224	-0.995423	0.094361	0.0	-1.97993	-3.62321	-2.09957	0.348801	-0.9652569999999999	0.25959299999999996	0.0298686	0.0	-0.0583768	-0.10281300000000002	-0.992986	0.0	-0.254701	-0.9602299999999999	0.11439500000000001	0.0	0.00763645	-0.993555	-1.14835	0.361327	
3	0.9643520000000001	0.0821808	0.251537	0.0	-0.258284	0.085529	0.962276	0.0	0.0575668	-0.992941	0.10370599999999999	0.0	-2.1297200000000003	-3.62296	-2.0939400000000004	0.350252	-0.96585	0.25707199999999997	0.032386700000000004	0.0	-0.059580799999999996	-0.0987096	-0.993331	0.0	-0.25216	-0.9613379999999999	0.11065499999999999	0.0	0.0501777	-0.99375	-1.16195	0.361185	
3	0.966239	0.0905005	0.24122800000000003	0.0	-0.24835900000000002	0.0780492	0.965519	0.0	0.0685523	-0.992833	0.0978908	0.0	-2.13616	-3.6243800000000004	-2.08031	0.348657	-0.966036	0.256214	0.0335885	0.0	-0.0602989	-0.09711660000000001	-0.993445	0.0	-0.251272	-0.9617290000000001	0.109268	0.0	0.06756219999999999	-0.992734	-1.18824	0.361195	
3	0.967018	0.12469100000000001	0.222098	0.0	-0.230683	0.0590726	0.971234	0.0	0.107984	-0.9904360000000001	0.08588839999999999	0.0	-2.2589200000000003	-3.62525	-1.8274099999999998	0.339022	-0.965089	0.259702	0.0340334	0.0	-0.060529	-0.0947168	-0.993662	0.0	-0.254833	-0.961033	0.10712999999999999	0.0	0.08537280000000001	-0.979865	-1.2404899999999999	0.361252	
3	0.9711489999999999	0.11380799999999999	0.20956599999999997	0.0	-0.216773	0.055007799999999996	0.974671	0.0	0.0993979	-0.991979	0.0780913	0.0	-2.3027	-3.54894	-1.54311	0.334563	-0.963501	0.265664	0.033009500000000004	0.0	-0.0599442	-0.09392460000000001	-0.9937729999999999	0.0	-0.260909	-0.9594799999999999	0.106421	0.0	0.07595089999999999	-0.969319	-1.26589	0.36133699999999996	
3	0.971974	0.119804	0.202272	0.0	-0.209398	0.050092199999999996	0.9765469999999999	0.0	0.10686199999999998	-0.991533	0.073775	0.0	-2.3008900000000003	-3.4639800000000003	-1.46367	0.334256	-0.9624969999999999	0.269368	0.032265499999999996	0.0	-0.0595953	-0.0939048	-0.9937959999999999	0.0	-0.264667	-0.958448	0.10643599999999999	0.0	0.0555884	-0.9581559999999999	-1.27627	0.361297	
3	0.9736819999999999	0.108247	0.20056500000000002	0.0	-0.204835	0.0297678	0.9783440000000001	0.0	0.0999327	-0.9936780000000001	0.05115719999999999	0.0	-2.31048	-3.2842800000000003	-1.35086	0.33393	-0.960095	0.277976	0.0307793	0.0	-0.0594946	-0.0954632	-0.9936530000000001	0.0	-0.27327399999999996	-0.955833	0.10819200000000001	0.0	0.000982925	-0.9315450000000001	-1.28134	0.361265	
3	0.972009	0.104359	0.21049299999999999	0.0	-0.213125	0.014615000000000001	0.976916	0.0	0.0988732	-0.994432	0.0364473	0.0	-2.29032	-3.17834	-1.28735	0.33379699999999995	-0.9590629999999999	0.281561	0.0303629	0.0	-0.0594099	-0.0952075	-0.993683	0.0	-0.276892	-0.954808	0.108037	0.0	-0.0200838	-0.9259	-1.26989	0.36135	
3	0.9742360000000001	0.082341	0.209963	0.0	-0.211221	0.00678688	0.9774149999999999	0.0	0.0790563	-0.9965809999999999	0.0240042	0.0	-2.32083	-3.11022	-1.2653299999999998	0.333418	-0.958674	0.282926	0.029951099999999998	0.0	-0.05905219999999999	-0.0948958	-0.993734	0.0	-0.27831100000000003	-0.9544360000000001	0.107681	0.0	-0.035557	-0.927573	-1.27525	0.361137	
3	0.9758120000000001	0.0837938	0.201913	0.0	-0.201487	-0.013593700000000002	0.979397	0.0	0.08481210000000002	-0.99639	0.00361841	0.0	-2.42948	-2.9737	-1.2540200000000001	0.332604	-0.958542	0.283077	0.0326299	0.0	-0.061718499999999996	-0.094456	-0.993614	0.0	-0.27818699999999996	-0.954435	0.108011	0.0	-0.056228	-0.9393879999999999	-1.26275	0.36102399999999996	
3	0.978223	0.0669162	0.196473	0.0	-0.194948	-0.0286673	0.9803950000000001	0.0	0.07123660000000001	-0.997347	-0.014997799999999999	0.0	-2.4819999999999998	-2.86731	-1.2344	0.330872	-0.9592459999999999	0.280516	0.034045	0.0	-0.0624325	-0.09288989999999998	-0.993717	0.0	-0.275591	-0.9553440000000001	0.106617	0.0	-0.048764	-0.957736	-1.2665899999999999	0.361058	
3	0.9808459999999999	0.059949300000000004	0.185332	0.0	-0.182844	-0.044671300000000004	0.9821270000000001	0.0	0.0671568	-0.997202	-0.0328543	0.0	-2.53467	-2.758	-1.21809	0.330405	-0.96004	0.27765300000000004	0.0351005	0.0	-0.0627374	-0.09128639999999999	-0.9938459999999999	0.0	-0.27274	-0.956335	0.105058	0.0	-0.029595599999999996	-0.972086	-1.2750299999999999	0.36096	
3	0.982615	0.0549129	0.177348	0.0	-0.174322	-0.0557535	0.983109	0.0	0.0638731	-0.996933	-0.0452118	0.0	-2.55744	-2.66763	-1.1959	0.330004	-0.9603309999999999	0.27665	0.035075199999999994	0.0	-0.062415099999999994	-0.0906453	-0.993925	0.0	-0.27179000000000003	-0.956686	0.104316	0.0	-0.0130192	-0.9767809999999999	-1.2771700000000001	0.360948	
3	0.9848690000000001	0.0228636	0.171784	0.0	-0.169535	-0.0783475	0.982405	0.0	0.035920099999999996	-0.996664	-0.07328589999999999	0.0	-2.63821	-2.50637	-1.18111	0.329987	-0.960201	0.277106	0.035019699999999994	0.0	-0.0622601	-0.09012150000000001	-0.993983	0.0	-0.272282	-0.9566040000000001	0.10378699999999999	0.0	0.00153749	-0.986389	-1.26865	0.360958	
3	0.9809370000000001	0.0154048	0.193712	0.0	-0.191578	-0.09031410000000001	0.9773129999999999	0.0	0.0325503	-0.9957940000000001	-0.08564119999999999	0.0	-2.7139	-2.4337400000000002	-1.17945	0.328994	-0.960066	0.277893	0.0323854	0.0	-0.05998150000000001	-0.0913838	-0.994008	0.0	-0.273268	-0.956256	0.104403	0.0	0.0023732	-0.987317	-1.25795	0.360978	
3	0.980153	0.0241806	0.19676400000000002	0.0	-0.193946	-0.08861720000000001	0.977002	0.0	0.0410612	-0.9957719999999999	-0.0821687	0.0	-2.7628	-2.4508099999999997	-1.19595	0.324052	-0.9597450000000001	0.27912	0.0313472	0.0	-0.0591636	-0.0917967	-0.9940190000000001	0.0	-0.274573	-0.955858	0.10461500000000001	0.0	0.00259	-0.9854350000000001	-1.2550700000000001	0.360948	
3	0.9777959999999999	0.00950152	0.209344	0.0	-0.207842	-0.083648	0.9745790000000001	0.0	0.0267712	-0.99645	-0.0798158	0.0	-2.86687	-2.59096	-1.2486700000000002	0.322421	-0.959624	0.280161	0.025122400000000003	0.0	-0.05305119999999999	-0.0925545	-0.994293	0.0	-0.276237	-0.9554809999999999	0.10368	0.0	-0.0008194389999999999	-0.9873209999999999	-1.25481	0.36085100000000003	
3	0.9767129999999999	-0.0242165	0.213177	0.0	-0.214469	-0.0832311	0.9731780000000001	0.0	-0.005824	-0.996236	-0.08648660000000001	0.0	-2.91285	-2.7531	-1.35175	0.32111100000000004	-0.9592790000000001	0.281844	0.0186618	0.0	-0.04717709999999999	-0.0947298	-0.9943850000000001	0.0	-0.278493	-0.954772	0.10416900000000001	0.0	-0.00538149	-0.98731	-1.2243899999999999	0.360917	
3	0.974442	-0.020186700000000002	0.22372899999999998	0.0	-0.224615	-0.07345239999999999	0.971675	0.0	-0.00318146	-0.997094	-0.0761094	0.0	-2.96125	-2.99264	-1.4655799999999999	0.31938099999999997	-0.959794	0.28052	0.0102325	0.0	-0.0385407	-0.0955836	-0.994675	0.0	-0.278049	-0.9550770000000001	0.102552	0.0	-0.026447700000000005	-0.962369	-1.16459	0.36075300000000005	
3	0.9739959999999999	-0.028777499999999998	0.224731	0.0	-0.22610999999999998	-0.060540300000000005	0.972219	0.0	-0.0143727	-0.997751	-0.0654729	0.0	-2.95289	-3.09617	-1.53855	0.32048499999999996	-0.9606049999999999	0.277859	0.00580378	0.0	-0.0335825	-0.0953199	-0.9948799999999999	0.0	-0.275883	-0.955881	0.100896	0.0	-0.0423291	-0.941982	-1.13244	0.36072600000000005	
3	0.9709540000000001	-0.0209763	0.23834499999999997	0.0	-0.23917199999999997	-0.057160800000000005	0.9692930000000001	0.0	-0.00670827	-0.9981450000000001	-0.060517499999999995	0.0	-2.9235700000000002	-3.2823300000000004	-1.68576	0.319736	-0.9619770000000001	0.27310100000000004	-0.00398494	0.0	-0.0232005	-0.09624189999999999	-0.995088	0.0	-0.27214299999999997	-0.957159	0.0989184	0.0	-0.041286500000000004	-0.903424	-1.07495	0.360716	
3	0.9685239999999999	-0.023967500000000003	0.24776199999999998	0.0	-0.248635	-0.0455842	0.9675239999999999	0.0	-0.0118951	-0.9986729999999999	-0.0501086	0.0	-2.92286	-3.3098	-1.69872	0.317306	-0.9622219999999999	0.272169	-0.00723919	0.0	-0.0194989	-0.0954077	-0.9952469999999999	0.0	-0.271566	-0.957508	0.09711030000000001	0.0	-0.0299022	-0.888697	-1.0495	0.360587	
3	0.963166	-0.0236496	0.267867	0.0	-0.26850100000000005	-0.029758999999999997	0.9628190000000001	0.0	-0.014798799999999999	-0.9992770000000001	-0.035012800000000004	0.0	-2.93345	-3.47899	-1.71868	0.314869	-0.962455	0.270902	-0.017135	0.0	-0.0081163	-0.091818	-0.995743	0.0	-0.271322	-0.958218	0.0905692	0.0	-0.0188049	-0.84149	-0.9927959999999999	0.36035300000000003	
3	0.961025	-0.0173612	0.275917	0.0	-0.276379	-0.03588	0.9603790000000001	0.0	-0.00677352	-0.9992049999999999	-0.039279800000000004	0.0	-2.9418599999999997	-3.4815099999999997	-1.71829	0.31319600000000003	-0.9621040000000001	0.27191	-0.020551	0.0	-0.00408161	-0.0897169	-0.995959	0.0	-0.27265500000000004	-0.958132	0.08742639999999999	0.0	-0.0184018	-0.818998	-0.9734780000000001	0.360348	
3	0.9586979999999999	-0.026363400000000002	0.28320300000000004	0.0	-0.283808	-0.0230203	0.9586049999999999	0.0	-0.018752599999999998	-0.999387	-0.029551599999999997	0.0	-2.9332700000000003	-3.47875	-1.72836	0.313888	-0.961564	0.273171	-0.027810700000000004	0.0	0.00326075	-0.08991610000000001	-0.995944	0.0	-0.274564	-0.9577540000000001	0.08556910000000001	0.0	-0.0172146	-0.78579	-0.908517	0.36009	
3	0.9572959999999999	-0.0294135	0.287608	0.0	-0.288068	-0.012712799999999998	0.957526	0.0	-0.0245079	-0.9994870000000001	-0.020643	0.0	-2.92937	-3.47959	-1.73616	0.312698	-0.9611790000000001	0.27402600000000005	-0.0323267	0.0	0.00879706	-0.086664	-0.996199	0.0	-0.27578600000000003	-0.957809	0.080889	0.0	-0.00475003	-0.766138	-0.8759530000000001	0.359975	
3	0.956304	-0.0307945	0.290747	0.0	-0.291094	-0.00737792	0.956666	0.0	-0.027315	-0.999499	-0.0160197	0.0	-2.92801	-3.4885	-1.7377799999999999	0.310816	-0.959907	0.277638	-0.038695	0.0	0.016972400000000002	-0.0802227	-0.996633	0.0	-0.27980700000000003	-0.9573309999999999	0.0722939	0.0	-0.0145142	-0.7149770000000001	-0.852138	0.359663	
3	0.9561379999999999	-0.029074000000000003	0.29147	0.0	-0.291555	0.00136936	0.9565530000000001	0.0	-0.028210000000000002	-0.999576	-0.00716737	0.0	-2.9186	-3.4840800000000005	-1.7716900000000002	0.274924	-0.958465	0.282209	-0.0412676	0.0	0.0203986	-0.07649199999999999	-0.996862	0.0	-0.28448	-0.956299	0.067558	0.0	-0.016611700000000004	-0.687121	-0.858815	0.35961	
3	0.9699549999999999	-0.0248125	0.24201599999999998	0.0	-0.24263099999999999	-0.17155499999999999	0.954829	0.0	0.0178275	-0.9848620000000001	-0.172421	0.0	-2.88157	-3.5897	-1.8193599999999999	0.11409000000000001	-0.955427	0.291774	-0.045024400000000006	0.0	0.025752499999999998	-0.0695599	-0.997245	0.0	-0.294103	-0.9539549999999999	0.0589452	0.0	-0.0196729	-0.6399060000000001	-0.8809110000000001	0.35952	
