3	0.173321	0.73334	-0.6573979999999999	0.0	0.371725	0.569418	0.733201	0.0	0.91202	-0.37145100000000003	-0.17390799999999998	0.0	-2.75955	1.8828599999999998	1.41113	5.7220500000000006e-06	-0.48369700000000004	0.640116	-0.5969	0.0	0.699538	-0.127125	-0.703198	0.0	-0.526008	-0.757688	-0.38629600000000003	0.0	2.63988	2.0028799999999998	1.53695	0.0	
3	0.109891	0.76836	-0.630513	0.0	0.0500529	0.629272	0.775572	0.0	0.992683	-0.11678800000000002	0.030693	0.0	-2.76048	1.51912	1.60938	0.0	-0.0823476	0.793009	-0.603618	0.0	0.21166999999999997	-0.57794	-0.788151	0.0	-0.973866	-0.19267	-0.12026400000000001	0.0	2.68522	1.88694	1.61163	0.0	
3	0.0529496	0.806661	-0.588638	0.0	0.143182	0.577242	0.803922	0.0	0.9882790000000001	-0.12685	-0.0849344	0.0	-2.6221400000000004	1.6784700000000001	1.53344	0.016601599999999998	-0.0691335	0.7934979999999999	-0.604634	0.0	0.174285	-0.5871569999999999	-0.790489	0.0	-0.982266	-0.160027	-0.0977025	0.0	2.60544	1.8782299999999998	1.65677	0.272194	
3	0.10116	0.81617	-0.5688880000000001	0.0	0.175526	0.5482090000000001	0.817715	0.0	0.9792639999999999	-0.18257400000000001	-0.08780210000000001	0.0	-2.63029	1.72262	1.4738799999999999	0.164233	-0.131151	0.764355	-0.631317	0.0	0.22828	-0.5964189999999999	-0.7695270000000001	0.0	-0.9647209999999999	-0.245042	-0.0962664	0.0	2.46287	1.8124	1.73016	-0.00492334	
3	0.11583900000000001	0.8236020000000001	-0.555213	0.0	0.197202	0.528779	0.825533	0.0	0.9734950000000001	-0.205118	-0.101162	0.0	-2.72493	1.6533799999999998	1.44812	0.0	-0.130457	0.758433	-0.6385609999999999	0.0	0.20731799999999997	-0.608959	-0.765629	0.0	-0.9695360000000001	-0.232267	-0.0777933	0.0	2.53683	1.79925	1.7699	0.0	
3	0.137526	0.8197909999999999	-0.555904	0.0	0.224473	0.520838	0.823614	0.0	0.964727	-0.238054	-0.112392	0.0	-2.78151	1.60283	1.3962	0.0	-0.148526	0.7645609999999999	-0.627205	0.0	0.212562	-0.594733	-0.775313	0.0	-0.965794	-0.24847399999999997	-0.0741836	0.0	2.48652	1.7729400000000002	1.77594	0.0	
3	0.155823	0.8233719999999999	-0.54569	0.0	0.255698	0.499985	0.827426	0.0	0.954116	-0.268464	-0.132625	0.0	-2.87701	1.55805	1.33522	0.121678	-0.16106199999999998	0.773813	-0.612594	0.0	0.254956	-0.567008	-0.783262	0.0	-0.9534440000000001	-0.28233800000000003	-0.105965	0.0	2.53626	1.73695	1.74727	0.229627	
3	0.15585	0.816944	-0.5552600000000001	0.0	0.25464000000000003	0.509901	0.821681	0.0	0.9543950000000001	-0.26945	-0.128558	0.0	-2.8615	1.51315	1.30806	0.25168	-0.183677	0.759516	-0.6240180000000001	0.0	0.27902899999999997	-0.568421	-0.773977	0.0	-0.9425530000000001	-0.316281	-0.107521	0.0	2.49674	1.67818	1.71448	0.30465	
3	0.165494	0.811823	-0.55996	0.0	0.267546	0.5095390000000001	0.817796	0.0	0.949226	-0.285155	-0.132875	0.0	-2.82068	1.4627	1.30951	0.303754	-0.18521700000000002	0.760825	-0.621965	0.0	0.295977	-0.560336	-0.7735770000000001	0.0	-0.937066	-0.327367	-0.121403	0.0	2.46492	1.65055	1.6826400000000001	0.333784	
3	0.16572	0.806846	-0.567042	0.0	0.26476	0.517482	0.813704	0.0	0.949968	-0.284977	-0.127864	0.0	-2.7752	1.4152	1.31002	0.307665	-0.186631	0.7553479999999999	-0.6281869999999999	0.0	0.291446	-0.5680689999999999	-0.769648	0.0	-0.938205	-0.326723	-0.114124	0.0	2.42841	1.61916	1.67028	0.35141700000000003	
3	0.169624	0.8058890000000001	-0.567248	0.0	0.272577	0.51477	0.812843	0.0	0.9470639999999999	-0.292497	-0.13235	0.0	-2.76799	1.3975600000000001	1.32489	0.322213	-0.195143	0.755022	-0.625988	0.0	0.299538	-0.561883	-0.77108	0.0	-0.9339139999999999	-0.337978	-0.11651099999999999	0.0	2.3981	1.58456	1.6677099999999998	0.35804400000000003	
3	0.164511	0.805963	-0.5686479999999999	0.0	0.270566	0.517518	0.811769	0.0	0.948541	-0.287402	-0.132929	0.0	-2.77196	1.40001	1.34612	0.33518200000000004	-0.192104	0.753754	-0.628451	0.0	0.30059	-0.564407	-0.768825	0.0	-0.934207	-0.3366	-0.118146	0.0	2.3818599999999996	1.60886	1.6729599999999998	0.357964	
3	0.163525	0.806513	-0.568152	0.0	0.268293	0.517843	0.812316	0.0	0.949357	-0.28526599999999996	-0.131701	0.0	-2.75815	1.40666	1.36219	0.349182	-0.192956	0.756328	-0.625089	0.0	0.300295	-0.560974	-0.7714479999999999	0.0	-0.934126	-0.336566	-0.118878	0.0	2.38108	1.6073899999999999	1.6738099999999998	0.35880700000000004	
3	0.166525	0.80925	-0.563368	0.0	0.267903	0.512721	0.8156869999999999	0.0	0.948946	-0.28676	-0.13142	0.0	-2.74962	1.40972	1.3855600000000001	0.34936500000000004	-0.196502	0.7605270000000001	-0.618858	0.0	0.304133	-0.5527569999999999	-0.775863	0.0	-0.932143	-0.340674	-0.12268299999999999	0.0	2.38479	1.5713700000000002	1.66593	0.35931399999999997	
3	0.17644100000000001	0.813631	-0.5539609999999999	0.0	0.271138	0.500843	0.821973	0.0	0.9462309999999999	-0.29523	-0.132237	0.0	-2.77071	1.3905	1.41285	0.348725	-0.20590100000000003	0.764941	-0.6103029999999999	0.0	0.311159	-0.5401199999999999	-0.781953	0.0	-0.9277850000000001	-0.350906	-0.126807	0.0	2.39622	1.49114	1.64923	0.359593	
3	0.180053	0.816347	-0.54878	0.0	0.27365100000000003	0.494304	0.8250930000000001	0.0	0.944826	-0.298735	-0.134394	0.0	-2.79181	1.37411	1.4107	0.348195	-0.213114	0.766744	-0.6055470000000001	0.0	0.320939	-0.530455	-0.784612	0.0	-0.922811	-0.361555	-0.13303099999999998	0.0	2.4136599999999997	1.45585	1.63008	0.359545	
3	0.18628699999999998	0.815465	-0.548009	0.0	0.275964	0.491889	0.825765	0.0	0.942943	-0.30506	-0.133407	0.0	-2.80947	1.3403100000000001	1.38277	0.347762	-0.21718	0.7696770000000001	-0.600359	0.0	0.326886	-0.522181	-0.787701	0.0	-0.9197709999999999	-0.367322	-0.13819	0.0	2.42397	1.43307	1.59791	0.35996500000000003	
3	0.186887	0.815317	-0.548026	0.0	0.27639	0.49168199999999995	0.8257459999999999	0.0	0.942699	-0.30579	-0.133456	0.0	-2.81091	1.33798	1.37954	0.34775300000000003	-0.21752600000000002	0.7697609999999999	-0.600125	0.0	0.327658	-0.52158	-0.787779	0.0	-0.919414	-0.367998	-0.138761	0.0	2.42401	1.43038	1.59409	0.359923	
3	0.186882	0.815318	-0.548026	0.0	0.276388	0.491684	0.8257459999999999	0.0	0.942701	-0.305785	-0.133457	0.0	-2.81089	1.33802	1.3795899999999999	0.347754	-0.217523	0.7697609999999999	-0.6001270000000001	0.0	0.327653	-0.521583	-0.787778	0.0	-0.919417	-0.36799299999999996	-0.138759	0.0	2.424	1.43041	1.59414	0.359923	
3	0.186882	0.815318	-0.548026	0.0	0.276388	0.491684	0.8257459999999999	0.0	0.942701	-0.305785	-0.133457	0.0	-2.81089	1.33802	1.3795899999999999	0.34775300000000003	-0.217523	0.7697609999999999	-0.6001270000000001	0.0	0.327653	-0.521583	-0.787778	0.0	-0.919417	-0.36799299999999996	-0.138758	0.0	2.424	1.43041	1.59414	0.359923	
3	0.186882	0.815318	-0.548026	0.0	0.276388	0.491684	0.8257459999999999	0.0	0.942701	-0.305785	-0.133457	0.0	-2.81089	1.33802	1.3795899999999999	0.34775300000000003	-0.217522	0.7697609999999999	-0.6001270000000001	0.0	0.327653	-0.521583	-0.787778	0.0	-0.919417	-0.36799299999999996	-0.138758	0.0	2.424	1.43041	1.59414	0.359923	
3	0.186882	0.815317	-0.548026	0.0	0.276388	0.491684	0.8257459999999999	0.0	0.942701	-0.305785	-0.133457	0.0	-2.81089	1.33802	1.3795899999999999	0.34775300000000003	-0.217523	0.7697609999999999	-0.6001270000000001	0.0	0.327653	-0.521584	-0.787778	0.0	-0.919417	-0.36799299999999996	-0.138759	0.0	2.424	1.43041	1.59414	0.359923	
3	0.186882	0.815317	-0.548026	0.0	0.276388	0.491684	0.8257459999999999	0.0	0.942701	-0.305785	-0.133457	0.0	-2.81089	1.33802	1.3795899999999999	0.347754	-0.217523	0.7697609999999999	-0.6001270000000001	0.0	0.327653	-0.521583	-0.787778	0.0	-0.919417	-0.36799299999999996	-0.138759	0.0	2.424	1.43041	1.59414	0.359923	
3	0.186882	0.815317	-0.548026	0.0	0.276388	0.491684	0.8257459999999999	0.0	0.942701	-0.305785	-0.133457	0.0	-2.81089	1.33802	1.3795899999999999	0.347754	-0.217523	0.7697609999999999	-0.6001270000000001	0.0	0.327653	-0.521583	-0.787778	0.0	-0.919417	-0.36799299999999996	-0.138759	0.0	2.424	1.43041	1.59414	0.359923	
3	0.186882	0.815317	-0.548026	0.0	0.276388	0.491684	0.8257459999999999	0.0	0.942701	-0.305785	-0.133457	0.0	-2.81089	1.33802	1.3795899999999999	0.347754	-0.217523	0.7697609999999999	-0.6001270000000001	0.0	0.327653	-0.521583	-0.787778	0.0	-0.919417	-0.36799299999999996	-0.138758	0.0	2.424	1.43041	1.59414	0.359923	
3	0.186882	0.815318	-0.548026	0.0	0.276388	0.491684	0.8257459999999999	0.0	0.942701	-0.305785	-0.133457	0.0	-2.81089	1.33802	1.3795899999999999	0.347754	-0.217523	0.7697609999999999	-0.6001270000000001	0.0	0.327653	-0.521583	-0.787778	0.0	-0.919417	-0.36799299999999996	-0.138759	0.0	2.424	1.43041	1.59414	0.359923	
3	0.186882	0.815317	-0.548026	0.0	0.276388	0.491684	0.8257459999999999	0.0	0.942701	-0.305785	-0.133457	0.0	-2.81089	1.33802	1.3795899999999999	0.347754	-0.217523	0.7697609999999999	-0.6001270000000001	0.0	0.327653	-0.521583	-0.787778	0.0	-0.919417	-0.36799299999999996	-0.138759	0.0	2.424	1.43041	1.59414	0.359923	
3	0.186882	0.815318	-0.548026	0.0	0.276388	0.491684	0.8257459999999999	0.0	0.942701	-0.305785	-0.133457	0.0	-2.81089	1.33802	1.3795899999999999	0.347754	-0.217523	0.7697609999999999	-0.6001270000000001	0.0	0.327653	-0.521583	-0.787778	0.0	-0.919417	-0.36799299999999996	-0.138759	0.0	2.424	1.43041	1.59414	0.359923	
3	0.186882	0.815318	-0.548026	0.0	0.276388	0.491684	0.8257459999999999	0.0	0.942701	-0.305785	-0.133457	0.0	-2.81089	1.33802	1.3795899999999999	0.34775300000000003	-0.217523	0.7697609999999999	-0.6001270000000001	0.0	0.327653	-0.521583	-0.787778	0.0	-0.919417	-0.36799299999999996	-0.138759	0.0	2.424	1.43041	1.59414	0.359923	
3	0.186882	0.815318	-0.548026	0.0	0.276388	0.491684	0.8257459999999999	0.0	0.942701	-0.305785	-0.133457	0.0	-2.81089	1.33802	1.3795899999999999	0.34775300000000003	-0.217523	0.7697609999999999	-0.6001270000000001	0.0	0.327653	-0.521583	-0.787778	0.0	-0.919417	-0.36799299999999996	-0.138759	0.0	2.424	1.43041	1.59414	0.359923	
3	0.186882	0.815317	-0.548026	0.0	0.276388	0.491684	0.8257459999999999	0.0	0.942701	-0.305785	-0.133457	0.0	-2.81089	1.33802	1.3795899999999999	0.347754	-0.217523	0.7697609999999999	-0.6001270000000001	0.0	0.327653	-0.521583	-0.787778	0.0	-0.919417	-0.36799299999999996	-0.138759	0.0	2.424	1.43041	1.59414	0.359923	
3	0.186882	0.815318	-0.548026	0.0	0.276388	0.491684	0.8257459999999999	0.0	0.942701	-0.305785	-0.133457	0.0	-2.81089	1.33802	1.3795899999999999	0.347754	-0.217523	0.7697609999999999	-0.6001270000000001	0.0	0.327653	-0.521583	-0.787778	0.0	-0.919417	-0.36799299999999996	-0.138759	0.0	2.424	1.43041	1.59414	0.359923	
3	0.558818	0.672543	-0.48518900000000004	0.0	0.401619	0.292398	0.8678739999999999	0.0	0.7255510000000001	-0.679844	-0.106709	0.0	-2.78322	1.08175	1.12716	0.344523	-0.44191099999999994	0.7050390000000001	-0.5546479999999999	0.0	0.344524	-0.437487	-0.830607	0.0	-0.828262	-0.558144	-0.0495721	0.0	2.31903	1.29488	1.41477	0.35342399999999996	
3	0.66095	0.622395	-0.419249	0.0	0.362249	0.224656	0.904602	0.0	0.657207	-0.7497689999999999	-0.0769757	0.0	-2.75908	0.753425	0.687759	0.346567	-0.525418	0.682545	-0.508005	0.0	0.372601	-0.352188	-0.858564	0.0	-0.764921	-0.640388	-0.0692715	0.0	2.19391	1.054	0.9588469999999999	0.357227	
3	0.744261	0.566075	-0.354451	0.0	0.30235100000000004	0.187647	0.934544	0.0	0.595533	-0.802713	-0.0314949	0.0	-2.75183	0.488025	0.289249	0.349002	-0.6564760000000001	0.618101	-0.43242299999999995	0.0	0.35630300000000004	-0.25119600000000003	-0.8999719999999999	0.0	-0.6648970000000001	-0.744883	-0.05532719999999999	0.0	2.0980000000000003	0.753745	0.547774	0.36188000000000003	
3	0.851201	0.45310200000000006	-0.264868	0.0	0.219298	0.151449	0.963832	0.0	0.476828	-0.8785	0.029548599999999998	0.0	-2.7436700000000003	0.216324	0.05259119999999999	0.350553	-0.750524	0.563986	-0.344431	0.0	0.315432	-0.15226099999999998	-0.9366530000000001	0.0	-0.580703	-0.8116260000000001	-0.0636244	0.0	2.03383	0.6019720000000001	0.185677	0.362877	
3	0.902859	0.39805799999999997	-0.162464	0.0	0.11269900000000001	0.145546	0.9829120000000001	0.0	0.41490200000000005	-0.905741	0.08654680000000001	0.0	-2.72494	-0.0429496	-0.11976400000000001	0.350655	-0.82304	0.50464	-0.260662	0.0	0.264462	-0.0656619	-0.962158	0.0	-0.502659	-0.8608299999999999	-0.07941619999999999	0.0	1.97121	0.51425	-0.106655	0.36356	
3	0.9401889999999999	0.33253499999999997	-0.07392919999999999	0.0	0.026841000000000004	0.144032	0.989209	0.0	0.339595	-0.932027	0.12649200000000002	0.0	-2.7103099999999998	-0.274161	-0.26109499999999997	0.35093	-0.8643270000000001	0.464213	-0.19350799999999999	0.0	0.214288	-0.00816756	-0.9767370000000001	0.0	-0.45499399999999995	-0.8856860000000001	-0.0924159	0.0	1.8814099999999998	0.483521	-0.29554	0.36403	
3	0.9704149999999999	0.235382	0.053755700000000003	0.0	-0.0910107	0.150392	0.9844290000000001	0.0	0.223633	-0.960197	0.167365	0.0	-2.6816299999999997	-0.562801	-0.38061	0.352443	-0.89969	0.419658	-0.120189	0.0	0.15523299999999998	0.050238	-0.9866	0.0	-0.407996	-0.906291	-0.11034300000000001	0.0	1.77742	0.468314	-0.397852	0.36398	
3	0.9758110000000001	0.13151	0.17463900000000002	0.0	-0.195172	0.16413699999999998	0.966937	0.0	0.0984974	-0.977632	0.185833	0.0	-2.7168400000000004	-0.8308780000000001	-0.458743	0.352144	-0.944701	0.327459	-0.0176239	0.0	0.068743	0.145199	-0.9870120000000001	0.0	-0.32064699999999996	-0.933642	-0.15968	0.0	1.7276900000000002	0.457089	-0.531539	0.363971	
3	0.973721	0.113076	0.197689	0.0	-0.21567600000000003	0.179027	0.9599129999999999	0.0	0.07315139999999999	-0.977325	0.19871	0.0	-2.7467099999999998	-0.933635	-0.464163	0.35125700000000004	-0.958211	0.285547	0.017137200000000002	0.0	0.0333974	0.171167	-0.984676	0.0	-0.284105	-0.9429549999999999	-0.173551	0.0	1.72407	0.43981099999999995	-0.5948260000000001	0.363982	
3	0.9558139999999999	0.0916156	0.279332	0.0	-0.291407	0.170017	0.94137	0.0	0.038752800000000004	-0.981173	0.189202	0.0	-2.6878	-1.1213600000000001	-0.524676	0.351865	-0.9745469999999999	0.20682399999999998	0.0865085	0.0	-0.0375327	0.22991	-0.9724879999999999	0.0	-0.221023	-0.950981	-0.21629600000000002	0.0	1.72639	0.39274899999999996	-0.757866	0.363967	
3	0.9462280000000001	0.07237719999999999	0.315299	0.0	-0.323036	0.159237	0.932894	0.0	0.0173128	-0.984584	0.174055	0.0	-2.68154	-1.2215200000000002	-0.622492	0.351531	-0.976036	0.181231	0.12045399999999999	0.0	-0.0712192	0.25701199999999996	-0.963781	0.0	-0.205625	-0.949263	-0.237946	0.0	1.7220099999999998	0.386142	-0.813091	0.36398400000000003	
3	0.943583	0.0620646	0.32526700000000003	0.0	-0.33105500000000004	0.15519000000000002	0.9307620000000001	0.0	0.0072892	-0.985933	0.166982	0.0	-2.6828	-1.28562	-0.676007	0.350853	-0.9765969999999999	0.166011	0.136745	0.0	-0.08739630000000001	0.274633	-0.957569	0.0	-0.196522	-0.94711	-0.253697	0.0	1.6903599999999999	0.390344	-0.8526090000000001	0.36380100000000004	
3	0.9419129999999999	0.07130249999999999	0.3282	0.0	-0.33557	0.15953	0.928409	0.0	0.013840200000000002	-0.984615	0.174191	0.0	-2.64931	-1.33179	-0.725284	0.35078400000000004	-0.972217	0.190643	0.13583	0.0	-0.0823263	0.264721	-0.9608040000000001	0.0	-0.21912800000000002	-0.945292	-0.241671	0.0	1.63721	0.368032	-0.8397399999999999	0.36335100000000004	
3	0.9433969999999999	0.0727944	0.323579	0.0	-0.331385	0.166729	0.9286469999999999	0.0	0.013650299999999999	-0.9833120000000001	0.18141500000000002	0.0	-2.61076	-1.35004	-0.7583880000000001	0.351175	-0.9643930000000001	0.245598	0.0981184	0.0	-0.0421259	0.22361199999999998	-0.9737680000000001	0.0	-0.261096	-0.9432280000000001	-0.205303	0.0	1.5962	0.34170100000000003	-0.784454	0.362992	
3	0.9473870000000001	0.08106849999999999	0.309653	0.0	-0.31947600000000004	0.179618	0.930415	0.0	0.0198081	-0.98039	0.19606700000000002	0.0	-2.62763	-1.3542100000000001	-0.746012	0.350952	-0.960883	0.264397	0.0824495	0.0	-0.0260572	0.21007399999999998	-0.9773379999999999	0.0	-0.275726	-0.941256	-0.194968	0.0	1.5906200000000001	0.333804	-0.715016	0.363053	
3	0.947291	0.0809044	0.30999	0.0	-0.31977	0.179385	0.930359	0.0	0.019662400000000003	-0.980447	0.195801	0.0	-2.62719	-1.35418	-0.746514	0.35095	-0.96096	0.264013	0.08277899999999999	0.0	-0.0263808	0.210391	-0.977261	0.0	-0.275426	-0.941293	-0.195212	0.0	1.59081	0.333993	-0.717141	0.363058	
3	0.94729	0.0809017	0.30999299999999996	0.0	-0.31977300000000003	0.179384	0.930359	0.0	0.0196599	-0.980447	0.195799	0.0	-2.62719	-1.35418	-0.746518	0.35094899999999996	-0.9609620000000001	0.264007	0.0827822	0.0	-0.0263845	0.210393	-0.977261	0.0	-0.27542	-0.9412940000000001	-0.195214	0.0	1.59081	0.333997	-0.7171569999999999	0.363058	
3	0.94729	0.0809017	0.30999299999999996	0.0	-0.31977300000000003	0.179384	0.930359	0.0	0.0196599	-0.980447	0.195799	0.0	-2.62719	-1.35418	-0.746518	0.35094899999999996	-0.9609620000000001	0.264007	0.0827822	0.0	-0.0263845	0.210393	-0.977261	0.0	-0.27542	-0.9412940000000001	-0.195214	0.0	1.59081	0.333997	-0.7171569999999999	0.363058	
3	0.94729	0.0809017	0.30999299999999996	0.0	-0.31977300000000003	0.179384	0.930359	0.0	0.0196599	-0.980447	0.195799	0.0	-2.62719	-1.35418	-0.746518	0.35094899999999996	-0.9609620000000001	0.264007	0.0827822	0.0	-0.0263845	0.210393	-0.977261	0.0	-0.27542	-0.9412940000000001	-0.195214	0.0	1.59081	0.333997	-0.7171569999999999	0.363058	
3	0.94729	0.0809017	0.30999299999999996	0.0	-0.319772	0.179384	0.930359	0.0	0.019659799999999998	-0.980447	0.195799	0.0	-2.62719	-1.35418	-0.746518	0.35095	-0.9609620000000001	0.264007	0.0827822	0.0	-0.0263845	0.210393	-0.977261	0.0	-0.27542	-0.9412940000000001	-0.195214	0.0	1.59081	0.333997	-0.7171569999999999	0.363058	
3	0.94729	0.0809017	0.30999299999999996	0.0	-0.31977300000000003	0.179384	0.930359	0.0	0.0196599	-0.980447	0.195799	0.0	-2.62719	-1.35418	-0.746518	0.35094899999999996	-0.9609620000000001	0.264007	0.0827822	0.0	-0.0263845	0.210393	-0.977261	0.0	-0.27542	-0.9412940000000001	-0.195214	0.0	1.59081	0.333997	-0.7171569999999999	0.363058	
3	0.94729	0.0809017	0.30999299999999996	0.0	-0.31977300000000003	0.179384	0.930359	0.0	0.019659799999999998	-0.980447	0.195799	0.0	-2.62719	-1.35418	-0.746518	0.35095	-0.9609620000000001	0.264007	0.0827822	0.0	-0.0263844	0.210393	-0.977261	0.0	-0.27542	-0.9412940000000001	-0.195214	0.0	1.59081	0.333997	-0.717156	0.363058	
3	0.94729	0.0809017	0.30999299999999996	0.0	-0.31977300000000003	0.179384	0.930359	0.0	0.0196599	-0.980447	0.195799	0.0	-2.62719	-1.35418	-0.746518	0.35094899999999996	-0.9609620000000001	0.264007	0.0827821	0.0	-0.0263844	0.210393	-0.977261	0.0	-0.27542	-0.9412940000000001	-0.195214	0.0	1.59081	0.333997	-0.717156	0.363058	
3	0.94729	0.0809017	0.30999299999999996	0.0	-0.31977300000000003	0.179384	0.930359	0.0	0.019659799999999998	-0.980447	0.195799	0.0	-2.62719	-1.35418	-0.746518	0.35094899999999996	-0.9609620000000001	0.264007	0.0827822	0.0	-0.0263845	0.210393	-0.977261	0.0	-0.27542	-0.9412940000000001	-0.195214	0.0	1.59081	0.333998	-0.717156	0.363058	
3	0.9781780000000001	0.143906	0.149861	0.0	-0.16614500000000001	0.10869300000000001	0.980093	0.0	0.124753	-0.983604	0.13023099999999999	0.0	-2.5840400000000003	-1.6213899999999999	-1.03583	0.34615	-0.9665969999999999	0.255467	-0.020668799999999998	0.0	0.0599141	0.146811	-0.987348	0.0	-0.24920100000000003	-0.955606	-0.15721300000000002	0.0	1.56188	0.0769995	-0.8870100000000001	0.363657	
3	0.975224	0.145173	0.166919	0.0	-0.183974	0.113232	0.9763870000000001	0.0	0.12284500000000001	-0.982906	0.13713499999999998	0.0	-2.54303	-2.00508	-1.43334	0.351161	-0.967576	0.252571	-0.00200249	0.0	0.040857199999999996	0.14868599999999998	-0.9880399999999999	0.0	-0.24925300000000003	-0.9560860000000001	-0.154184	0.0	1.51305	-0.264002	-1.28004	0.36395500000000003	
3	0.976793	0.121468	0.17640899999999998	0.0	-0.191165	0.122967	0.973825	0.0	0.0965964	-0.984949	0.143334	0.0	-2.58442	-2.3357099999999997	-1.7764799999999998	0.353229	-0.974474	0.223954	0.015689500000000002	0.0	0.018084400000000004	0.147963	-0.988828	0.0	-0.22377399999999997	-0.963302	-0.14823699999999998	0.0	1.44278	-0.551741	-1.6296700000000002	0.363982	
3	0.9668620000000001	0.11973699999999998	0.22547899999999998	0.0	-0.240531	0.1312	0.961734	0.0	0.0855718	-0.9840979999999999	0.15565299999999999	0.0	-2.63604	-2.42073	-1.92855	0.349617	-0.9753940000000001	0.218205	0.0315133	0.0	0.00194305	0.15144000000000002	-0.9884649999999999	0.0	-0.22046	-0.964081	-0.14813800000000002	0.0	1.3498700000000001	-0.767804	-1.95335	0.363429	
3	0.961642	0.11141199999999998	0.250661	0.0	-0.264227	0.130794	0.955551	0.0	0.0736752	-0.98513	0.15521500000000002	0.0	-2.6339599999999996	-2.4205200000000002	-1.92995	0.349027	-0.971352	0.233298	0.045245999999999995	0.0	-0.00916079	0.15349300000000002	-0.988107	0.0	-0.23746799999999998	-0.9602149999999999	-0.14695899999999998	0.0	1.25271	-0.8340049999999999	-2.05837	0.36397399999999996	
3	0.9541430000000001	0.10541500000000001	0.280175	0.0	-0.293687	0.14844300000000002	0.944306	0.0	0.057953899999999996	-0.9832870000000001	0.172594	0.0	-2.6314599999999997	-2.41526	-1.94943	0.346575	-0.969152	0.24305100000000002	0.0408844	0.0	-0.00421866	0.1495	-0.9887530000000001	0.0	-0.246429	-0.9584239999999999	-0.14386300000000002	0.0	1.14963	-0.824426	-2.12164	0.36398600000000003	
3	0.9499639999999999	0.102246	0.295151	0.0	-0.308913	0.167549	0.9362159999999999	0.0	0.0462724	-0.980547	0.190751	0.0	-2.62853	-2.4119099999999998	-1.96278	0.347401	-0.96921	0.242441	0.043067699999999993	0.0	-0.00519728	0.154723	-0.987944	0.0	-0.246182	-0.957749	-0.148699	0.0	1.0969200000000001	-0.787316	-2.14857	0.36391	
3	0.936278	0.0897774	0.339593	0.0	-0.351249	0.231673	0.9071670000000001	0.0	0.00276834	-0.968642	0.24844499999999997	0.0	-2.61159	-2.4013	-2.00882	0.352997	-0.9705280000000001	0.237447	0.0411675	0.0	0.000131667	0.171349	-0.98521	0.0	-0.24098899999999998	-0.956168	-0.166331	0.0	1.07615	-0.7054560000000001	-2.21948	0.36397199999999996	
3	0.935268	0.0725527	0.346426	0.0	-0.35211	0.290167	0.8898440000000001	0.0	-0.0359608	-0.9542219999999999	0.29693	0.0	-2.58702	-2.39469	-2.03974	0.361482	-0.974656	0.22014299999999998	0.039795599999999993	0.0	0.000617906	0.18053699999999998	-0.983568	0.0	-0.22371	-0.958616	-0.176098	0.0	1.1215	-0.652219	-2.24911	0.364043	
3	0.934226	0.0729759	0.349136	0.0	-0.354542	0.297046	0.886602	0.0	-0.0390091	-0.9520700000000001	0.303381	0.0	-2.59101	-2.39355	-2.04039	0.361164	-0.976259	0.21369499999999997	0.0353906	0.0	0.00525096	0.186687	-0.982406	0.0	-0.216542	-0.9588969999999999	-0.18337699999999998	0.0	1.17438	-0.6320279999999999	-2.27651	0.363979	
3	0.9336180000000001	0.0916834	0.346341	0.0	-0.35773499999999997	0.29139699999999996	0.887194	0.0	-0.019581499999999998	-0.952199	0.30485100000000004	0.0	-2.60993	-2.3944	-2.0383400000000003	0.362358	-0.974508	0.22233000000000003	0.0300745	0.0	0.013944499999999999	0.19381199999999998	-0.9809389999999999	0.0	-0.223921	-0.955514	-0.191972	0.0	1.23785	-0.6056159999999999	-2.31827	0.363979	
3	0.932959	0.14388099999999998	0.329978	0.0	-0.358321	0.283194	0.889611	0.0	0.0345499	-0.948209	0.315764	0.0	-2.65883	-2.3968	-2.0434099999999997	0.36439099999999996	-0.973836	0.22556199999999998	0.0276585	0.0	0.0191773	0.202844	-0.979023	0.0	-0.22644099999999998	-0.9528780000000001	-0.20186199999999999	0.0	1.29805	-0.585054	-2.38173	0.36398800000000003	
3	0.9359709999999999	0.162696	0.31223	0.0	-0.347394	0.282624	0.894115	0.0	0.0572251	-0.945333	0.321048	0.0	-2.67313	-2.39772	-2.04717	0.36354699999999995	-0.9722299999999999	0.23242	0.027393099999999997	0.0	0.0225803	0.20966500000000002	-0.977513	0.0	-0.23293699999999998	-0.9497479999999999	-0.209091	0.0	1.31779	-0.56609	-2.4472099999999997	0.363976	
3	0.9377120000000001	0.189329	0.29129099999999997	0.0	-0.334791	0.268499	0.9032290000000001	0.0	0.09279630000000001	-0.944491	0.315161	0.0	-2.69772	-2.40232	-2.03665	0.36601999999999996	-0.970972	0.236916	0.0329218	0.0	0.019258900000000002	0.214625	-0.976506	0.0	-0.238416	-0.947527	-0.21295799999999998	0.0	1.28348	-0.565501	-2.48996	0.36398	
3	0.936632	0.21419699999999997	0.27720100000000003	0.0	-0.327633	0.25551599999999997	0.9095979999999999	0.0	0.124004	-0.942779	0.309502	0.0	-2.72054	-2.39966	-2.03171	0.362516	-0.96998	0.240197	0.0379923	0.0	0.016251400000000003	0.219906	-0.9753860000000001	0.0	-0.242639	-0.9454879999999999	-0.21720799999999998	0.0	1.25306	-0.5701649999999999	-2.53649	0.36399000000000004	
3	0.93925	0.22139699999999998	0.262284	0.0	-0.315474	0.255789	0.91381	0.0	0.135225	-0.94104	0.310095	0.0	-2.7259	-2.40053	-2.02846	0.36193800000000004	-0.9702270000000001	0.23843899999999998	0.0425088	0.0	0.0133291	0.22781300000000002	-0.973614	0.0	-0.24183200000000002	-0.94406	-0.224208	0.0	1.23062	-0.565825	-2.57701	0.363976	
3	0.943058	0.20918299999999998	0.25861999999999996	0.0	-0.309488	0.266877	0.9126850000000001	0.0	0.121898	-0.9407549999999999	0.31642	0.0	-2.88028	-2.8725400000000003	-1.5485200000000001	0.339318	-0.9708680000000001	0.23487	0.0474548	0.0	0.00965378	0.236224	-0.971651	0.0	-0.23942199999999997	-0.9428860000000001	-0.23160999999999998	0.0	1.23757	-0.554032	-2.65023	0.363982	
3	0.945464	0.208155	0.25053600000000004	0.0	-0.302719	0.277584	0.911761	0.0	0.120243	-0.9378799999999999	0.32545799999999997	0.0	-2.86381	-2.8635200000000003	-1.4579600000000001	0.325231	-0.971899	0.231906	0.0403911	0.0	0.0164671	0.23814699999999997	-0.97109	0.0	-0.234821	-0.9431360000000001	-0.23527399999999998	0.0	1.26888	-0.548845	-2.72567	0.363983	
3	0.944023	0.22001300000000001	0.24579299999999998	0.0	-0.30334099999999997	0.286164	0.908897	0.0	0.129632	-0.932579	0.336885	0.0	-2.84924	-2.85003	-1.39656	0.322828	-0.971568	0.23275700000000002	0.0433562	0.0	0.0143626	0.24072600000000002	-0.9704870000000001	0.0	-0.236325	-0.9422709999999999	-0.237225	0.0	1.27336	-0.546471	-2.75362	0.363982	
3	0.935261	0.25524600000000003	0.245225	0.0	-0.311848	0.26646	0.9120030000000001	0.0	0.167442	-0.929434	0.328808	0.0	-2.84294	-2.78629	-1.3624100000000001	0.315078	-0.971058	0.23531799999999997	0.0408878	0.0	0.017316400000000003	0.240103	-0.970593	0.0	-0.238215	-0.941794	-0.237229	0.0	1.2723200000000001	-0.555946	-2.76879	0.363966	
3	0.9330780000000001	0.25990599999999997	0.248625	0.0	-0.313367	0.24815700000000002	0.9166350000000001	0.0	0.176541	-0.9332030000000001	0.312996	0.0	-2.79585	-2.67678	-1.35019	0.313052	-0.970145	0.239387	0.0388837	0.0	0.0198138	0.23802600000000002	-0.971057	0.0	-0.24171399999999998	-0.9412959999999999	-0.235663	0.0	1.25799	-0.559453	-2.77402	0.363971	
3	0.928867	0.26056399999999996	0.263273	0.0	-0.32510100000000003	0.232828	0.9165700000000001	0.0	0.177528	-0.9369620000000001	0.300975	0.0	-2.7871099999999998	-2.64038	-1.3665	0.313893	-0.9688040000000001	0.245454	0.034224	0.0	0.024354900000000002	0.23172199999999998	-0.972477	0.0	-0.246629	-0.941306	-0.230471	0.0	1.23789	-0.5471699999999999	-2.75902	0.36398	
3	0.918294	0.25774400000000003	0.300505	0.0	-0.35529499999999997	0.201682	0.9127370000000001	0.0	0.174646	-0.9449299999999999	0.276779	0.0	-2.75651	-2.66752	-1.39924	0.318542	-0.966891	0.253371	0.030407999999999998	0.0	0.028645799999999996	0.226169	-0.9736670000000001	0.0	-0.253576	-0.940559	-0.225939	0.0	1.20973	-0.5353100000000001	-2.73935	0.363982	
3	0.919157	0.224102	0.323928	0.0	-0.366848	0.187573	0.9111739999999999	0.0	0.14343499999999998	-0.9563450000000001	0.254621	0.0	-2.80903	-2.74419	-1.48753	0.31814000000000003	-0.9662709999999999	0.256067	0.027398400000000003	0.0	0.0319781	0.22487	-0.973864	0.0	-0.255536	-0.94014	-0.22547399999999998	0.0	1.1956200000000001	-0.521981	-2.7201299999999997	0.363977	
3	0.915977	0.20811999999999997	0.343033	0.0	-0.381359	0.185873	0.9055479999999999	0.0	0.124702	-0.9602799999999999	0.24962399999999998	0.0	-2.83624	-2.8607299999999998	-1.57063	0.324204	-0.9653719999999999	0.26005100000000003	0.0207771	0.0	0.039566199999999996	0.224669	-0.9736319999999999	0.0	-0.257861	-0.9390940000000001	-0.227179	0.0	1.18285	-0.49761400000000006	-2.70234	0.363985	
3	0.915068	0.18699200000000002	0.357329	0.0	-0.391058	0.194768	0.8995209999999999	0.0	0.0986073	-0.96286	0.25135100000000005	0.0	-2.88111	-2.98758	-1.60829	0.32013600000000003	-0.964382	0.264171	0.013442099999999998	0.0	0.0482056	0.225492	-0.973052	0.0	-0.260083	-0.9377459999999999	-0.23019499999999998	0.0	1.16503	-0.460686	-2.66625	0.36397199999999996	
3	0.912817	0.179743	0.366685	0.0	-0.399044	0.201809	0.8944479999999999	0.0	0.0867709	-0.9627899999999999	0.25594	0.0	-2.92102	-3.0782	-1.66983	0.316085	-0.962959	0.269442	0.010539	0.0	0.053904099999999996	0.23064899999999997	-0.971543	0.0	-0.264205	-0.9349879999999999	-0.23663	0.0	1.15087	-0.397602	-2.65408	0.36399000000000004	
3	0.9157059999999999	0.165456	0.366207	0.0	-0.395801	0.21384099999999998	0.893092	0.0	0.0694577	-0.9627540000000001	0.261304	0.0	-2.9398400000000002	-3.15115	-1.7481900000000001	0.315884	-0.962794	0.270137	0.00736496	0.0	0.0578337	0.232594	-0.9708530000000001	0.0	-0.26397600000000004	-0.9343049999999999	-0.239563	0.0	1.14052	-0.350605	-2.6465099999999997	0.363987	
3	0.914172	0.157288	0.37356500000000004	0.0	-0.40131	0.221796	0.888683	0.0	0.056924199999999994	-0.962324	0.265881	0.0	-2.93125	-3.24758	-1.84139	0.318947	-0.962731	0.270435	0.0038185000000000003	0.0	0.0615477	0.23281	-0.9705729999999999	0.0	-0.263366	-0.9341649999999999	-0.24077800000000002	0.0	1.13042	-0.309897	-2.63292	0.363985	
3	0.907546	0.160969	0.38787699999999997	0.0	-0.41474700000000003	0.19858299999999998	0.8880030000000001	0.0	0.06591469999999999	-0.966775	0.24698499999999998	0.0	-2.91423	-3.30758	-1.86434	0.317143	-0.962551	0.2711	0.00045146	0.0	0.0652931	0.23344099999999998	-0.970176	0.0	-0.263121	-0.933815	-0.2424	0.0	1.13376	-0.290558	-2.6200799999999997	0.363975	
3	0.9083600000000001	0.15185099999999999	0.389644	0.0	-0.412988	0.179255	0.892921	0.0	0.06574479999999999	-0.9720129999999999	0.225541	0.0	-2.9129400000000003	-3.31834	-1.8614400000000002	0.31303400000000003	-0.961419	0.275065	-0.00364922	0.0	0.07024119999999999	0.23264	-0.970023	0.0	-0.265971	-0.9328549999999999	-0.242986	0.0	1.1427399999999999	-0.27297	-2.6039	0.36399699999999996	
3	0.907791	0.142037	0.39464099999999996	0.0	-0.41393	0.151617	0.897594	0.0	0.06765750000000001	-0.978181	0.19643	0.0	-2.91514	-3.3284599999999998	-1.85912	0.295639	-0.956485	0.291553	-0.0115352	0.0	0.08393880000000001	0.23708200000000001	-0.967857	0.0	-0.279447	-0.926709	-0.251238	0.0	1.1336600000000001	-0.175319	-2.60092	0.363962	
3	0.9111299999999999	0.13930599999999999	0.387861	0.0	-0.407561	0.164992	0.898149	0.0	0.0611234	-0.976407	0.207105	0.0	-2.91782	-3.3631900000000003	-1.8616099999999998	0.308872	-0.9509799999999999	0.30877899999999997	-0.0171318	0.0	0.0960872	0.242367	-0.9654149999999999	0.0	-0.29394699999999996	-0.9197360000000001	-0.260156	0.0	1.1227	-0.08089149999999999	-2.5865400000000003	0.36398	
3	0.9095559999999999	0.14230299999999999	0.390459	0.0	-0.412459	0.194151	0.8900469999999999	0.0	0.0508487	-0.9705950000000001	0.23528600000000002	0.0	-2.9092700000000002	-3.3996699999999995	-1.8617599999999999	0.320519	-0.9481450000000001	0.31719200000000003	-0.020268	0.0	0.10298800000000001	0.24626900000000002	-0.963714	0.0	-0.300691	-0.9158280000000001	-0.26616599999999996	0.0	1.1200700000000001	-0.021497099999999998	-2.61692	0.363979	
3	0.9022600000000001	0.14472100000000002	0.40618000000000004	0.0	-0.430721	0.25848899999999997	0.864675	0.0	0.020143400000000002	-0.9551120000000001	0.295558	0.0	-2.86788	-3.45508	-1.85192	0.32340599999999997	-0.946961	0.32058400000000004	-0.0221753	0.0	0.10638	0.24761799999999998	-0.963	0.0	-0.303231	-0.9142819999999999	-0.26858899999999997	0.0	1.11612	0.000396315	-2.62184	0.363987	
3	0.896325	0.144999	0.419019	0.0	-0.443379	0.284396	0.8500200000000001	0.0	0.00408471	-0.947679	0.3192	0.0	-2.8521400000000003	-3.5301199999999997	-1.8052599999999999	0.32731	-0.944198	0.32850799999999997	-0.0239352	0.0	0.110483	0.247415	-0.96259	0.0	-0.310297	-0.9115200000000001	-0.269903	0.0	1.11905	0.020999	-2.64469	0.363969	
3	0.892963	0.140448	0.427658	0.0	-0.45007700000000006	0.29323899999999997	0.84347	0.0	-0.00694256	-0.945666	0.32506399999999996	0.0	-2.86653	-3.57692	-1.7358799999999999	0.308429	-0.9421	0.334375	-0.025306	0.0	0.11404700000000001	0.24852800000000003	-0.961887	0.0	-0.315342	-0.9090799999999999	-0.272273	0.0	1.1049799999999999	0.036819199999999996	-2.65255	0.36399699999999996	
3	0.893122	0.140496	0.42731	0.0	-0.449738	0.29637199999999997	0.8425549999999999	0.0	-0.00826691	-0.944682	0.327883	0.0	-2.8740099999999997	-3.58647	-1.73081	0.307485	-0.9376969999999999	0.34634299999999996	-0.0277856	0.0	0.12190899999999999	0.253062	-0.9597389999999999	0.0	-0.325367	-0.903331	-0.279518	0.0	1.08591	0.0899781	-2.6657	0.363964	
3	0.8951459999999999	0.138939	0.423567	0.0	-0.4457	0.296127	0.844784	0.0	-0.00805646	-0.94499	0.327002	0.0	-2.87426	-3.58638	-1.73406	0.305857	-0.934992	0.35354	-0.028273200000000002	0.0	0.125839	0.256157	-0.9584090000000001	0.0	-0.331594	-0.8996629999999999	-0.283994	0.0	1.0759999999999998	0.135189	-2.69204	0.363985	
3	0.8939389999999999	0.13911800000000002	0.42605	0.0	-0.448104	0.29580500000000004	0.843625	0.0	-0.0086645	-0.9450639999999999	0.326771	0.0	-2.87546	-3.58644	-1.7338099999999999	0.307824	-0.9340709999999999	0.355906	-0.0290038	0.0	0.127102	0.255474	-0.958425	0.0	-0.3337	-0.898924	-0.283867	0.0	1.07374	0.152718	-2.7068	0.363969	
3	0.8947309999999999	0.13602899999999998	0.42538400000000004	0.0	-0.44645799999999997	0.296888	0.844117	0.0	-0.011467299999999998	-0.945174	0.326366	0.0	-2.8738099999999998	-3.58324	-1.73553	0.268079	-0.9319879999999999	0.361192	-0.030645799999999997	0.0	0.13131600000000002	0.257614	-0.957283	0.0	-0.337868	-0.896201	-0.28752300000000003	0.0	1.04903	0.170553	-2.7241	0.363823	
3	0.9080280000000001	0.115701	0.40261399999999997	0.0	-0.4178	0.320011	0.8503149999999999	0.0	-0.0304585	-0.9403219999999999	0.338919	0.0	-2.9060200000000003	-3.55957	-1.73482	0.119707	-0.9296639999999999	0.366758	-0.03485030000000001	0.0	0.137822	0.2585	-0.9561290000000001	0.0	-0.341659	-0.893682	-0.290865	0.0	1.0335	0.18901500000000002	-2.7322	0.363662	
3	0.9107459999999999	0.11352000000000001	0.39705799999999997	0.0	-0.412725	0.283114	0.8657389999999999	0.0	-0.0141341	-0.9523450000000001	0.304697	0.0	-2.90358	-3.41951	-1.75816	0.000597954	-0.92674	0.37396399999999996	-0.0361094	0.0	0.143593	0.263745	-0.953845	0.0	-0.34718000000000004	-0.889151	-0.298122	0.0	1.01585	0.23195	-2.7166900000000003	0.363615	
3	0.911592	0.115025	0.394676	0.0	-0.410962	0.279526	0.867742	0.0	-0.010509899999999999	-0.9532229999999999	0.302085	0.0	-2.9073700000000002	-3.41846	-1.75509	0.00069046	-0.9260459999999999	0.375594	-0.036995	0.0	0.146096	0.266365	-0.952736	0.0	-0.347988	-0.887682	-0.301539	0.0	1.01737	0.24389499999999997	-2.70951	0.363683	
3	0.92674	0.10479000000000001	0.360793	0.0	-0.375688	0.267129	0.8874120000000001	0.0	-0.00338638	-0.957946	0.286928	0.0	-2.91825	-3.4139199999999996	-1.73986	0.00034523	-0.9242799999999999	0.379791	-0.038278	0.0	0.15146700000000002	0.272865	-0.9500540000000001	0.0	-0.350377	-0.883914	-0.309729	0.0	1.0436299999999998	0.280659	-2.71088	0.363316	
3	0.9259809999999999	0.13916800000000001	0.350986	0.0	-0.37635599999999997	0.26574899999999996	0.8875430000000001	0.0	0.0302439	-0.953944	0.298456	0.0	-2.94089	-3.4149	-1.7529299999999999	0.0	-0.921532	0.386364	-0.0387579	0.0	0.156073	0.27715100000000004	-0.948066	0.0	-0.355557	-0.8797219999999999	-0.315704	0.0	1.05782	0.291876	-2.7305900000000003	0.36339699999999997	
3	0.933575	0.147379	0.326676	0.0	-0.355917	0.274566	0.893273	0.0	0.0419555	-0.950207	0.308783	0.0	-2.93	-3.41543	-1.74396	0.00059802	-0.920901	0.387878	-0.0386374	0.0	0.157145	0.278717	-0.9474290000000001	0.0	-0.356719	-0.87856	-0.31762399999999996	0.0	1.0641200000000002	0.297836	-2.74968	0.36305	
3	0.9366909999999999	0.134447	0.323318	0.0	-0.348896	0.280043	0.894342	0.0	0.029698400000000003	-0.950526	0.309222	0.0	-2.89871	-3.4141800000000004	-1.72705	0.00048828099999999997	-0.9201389999999999	0.389617	-0.0392744	0.0	0.158526	0.278908	-0.9471430000000001	0.0	-0.358069	-0.8777290000000001	-0.318399	0.0	1.0639100000000001	0.300555	-2.75227	0.363124	
3	0.933472	0.139285	0.3305	0.0	-0.35728000000000004	0.280658	0.890832	0.0	0.0313225	-0.9496479999999999	0.31175	0.0	-2.87624	-3.41384	-1.7035900000000002	0.000845728	-0.9189959999999999	0.39227399999999996	-0.0395964	0.0	0.159557	0.27819299999999997	-0.9471799999999999	0.0	-0.360538	-0.8767729999999999	-0.318248	0.0	1.0363200000000001	0.300678	-2.7547200000000003	0.363425	
3	0.9319049999999999	0.134304	0.336922	0.0	-0.361109	0.256556	0.896537	0.0	0.033969400000000004	-0.957153	0.287585	0.0	-2.86521	-3.40815	-1.6755900000000001	0.000597954	-0.918751	0.39273800000000003	-0.0406789	0.0	0.160803	0.27808499999999997	-0.947001	0.0	-0.360611	-0.876599	-0.31864499999999996	0.0	1.02699	0.303184	-2.7513	0.363535	
3	0.9182379999999999	0.15173499999999998	0.36580799999999997	0.0	-0.392712	0.229575	0.890546	0.0	0.0511469	-0.961391	0.270393	0.0	-2.85207	-3.54376	-1.61701	0.29838400000000004	-0.9178700000000001	0.394392	-0.0443825	0.0	0.16567300000000001	0.279131	-0.945853	0.0	-0.360649	-0.8755229999999999	-0.32154699999999997	0.0	1.02595	0.32265	-2.7616400000000003	0.36341100000000004	
3	0.9206979999999999	0.141932	0.363552	0.0	-0.387534	0.222266	0.89466	0.0	0.0461755	-0.9646	0.25964299999999996	0.0	-2.87425	-3.54843	-1.63572	0.313438	-0.916883	0.396477	-0.0461831	0.0	0.168975	0.28071199999999996	-0.944801	0.0	-0.361628	-0.874075	-0.324375	0.0	1.02895	0.35356	-2.7734400000000003	0.363485	
0	0.9186340000000001	0.139787	0.369554	0.0	-0.39211999999999997	0.207729	0.8961530000000001	0.0	0.0485038	-0.968147	0.24564	0.0	-2.89035	-3.5394400000000004	-1.63553	0.31542	-0.9165629999999999	0.39703099999999997	-0.047733199999999996	0.0	0.171444	0.282308	-0.9438799999999999	0.0	-0.361274	-0.873309	-0.326822	0.0	1.0448899999999999	0.37282600000000005	-2.78342	0.363483	
0	0.9183379999999999	0.139741	0.37030799999999997	0.0	-0.392317	0.19756400000000002	0.8983629999999999	0.0	0.05237819999999999	-0.9702790000000001	0.23625300000000002	0.0	-2.9011400000000003	-3.53628	-1.63836	0.31837600000000005	-0.916107	0.398013	-0.0482976	0.0	0.172881	0.283458	-0.9432729999999999	0.0	-0.361745	-0.872489	-0.328487	0.0	1.0518299999999998	0.383299	-2.79026	0.363239	
0	0.924715	0.147134	0.351077	0.0	-0.372994	0.166042	0.912856	0.0	0.07601849999999999	-0.975081	0.208421	0.0	-2.92804	-3.52681	-1.6485	0.33121300000000004	-0.91561	0.398992	-0.0496422	0.0	0.175706	0.286012	-0.9419790000000001	0.0	-0.361643	-0.871208	-0.33198099999999997	0.0	1.05627	0.395529	-2.7982400000000003	0.363228	
0	0.9295760000000001	0.148674	0.33732	0.0	-0.358077	0.146788	0.9220809999999999	0.0	0.0875744	-0.977931	0.18968800000000002	0.0	-2.9473	-3.51476	-1.6749599999999998	0.328205	-0.9120149999999999	0.406621	-0.053734000000000004	0.0	0.182866	0.285846	-0.940666	0.0	-0.367135	-0.867728	-0.335054	0.0	1.06067	0.41509399999999996	-2.8093	0.36336199999999996	
0	0.933665	0.144075	0.32789	0.0	-0.346323	0.129892	0.9290790000000001	0.0	0.0912671	-0.9810049999999999	0.171172	0.0	-2.95341	-3.5020300000000004	-1.6849900000000002	0.318591	-0.908076	0.414922	-0.0569081	0.0	0.190368	0.287902	-0.9385479999999999	0.0	-0.37304	-0.8631059999999999	-0.340425	0.0	1.05195	0.455871	-2.81447	0.363208	
0	0.932667	0.144419	0.330569	0.0	-0.348594	0.12504200000000001	0.928895	0.0	0.09281510000000001	-0.981584	0.166966	0.0	-2.95385	-3.4995800000000004	-1.6888400000000001	0.313819	-0.906062	0.41923599999999994	-0.057392700000000005	0.0	0.19396300000000002	0.29094000000000003	-0.936874	0.0	-0.376073	-0.8599969999999999	-0.344925	0.0	1.033	0.47757299999999997	-2.81481	0.36318	
0	0.931898	0.135769	0.336352	0.0	-0.352454	0.11988599999999999	0.928118	0.0	0.0856853	-0.98346	0.159574	0.0	-2.96634	-3.51155	-1.68966	0.320598	-0.9045190000000001	0.42278999999999994	-0.0556289	0.0	0.197917	0.300669	-0.932967	0.0	-0.377723	-0.8548959999999999	-0.355638	0.0	1.0248700000000002	0.533161	-2.8555200000000003	0.36315	
0	0.9314209999999999	0.132656	0.338905	0.0	-0.354916	0.12496900000000001	0.926508	0.0	0.0805541	-0.983252	0.163481	0.0	-2.96813	-3.52274	-1.6701700000000002	0.33466999999999997	-0.9041	0.423933	-0.053699199999999996	0.0	0.198061	0.304372	-0.9317350000000001	0.0	-0.378648	-0.853017	-0.359148	0.0	1.0383799999999999	0.5503239999999999	-2.92137	0.363239	
