3	0.5031	0.644426	-0.575852	0.0	0.722216	0.0524565	0.6896760000000001	0.0	0.474652	-0.762865	-0.43902399999999997	0.0	-2.76883	1.99987	1.41757	-1.00825e-05	-0.671646	0.5753149999999999	-0.46680200000000005	0.0	0.611459	0.0746772	-0.787745	0.0	-0.418342	-0.814515	-0.401938	0.0	2.62235	2.00676	1.56019	1.1146099999999998e-05	
3	0.44495	0.823061	-0.352975	0.0	0.757045	-0.135121	0.639238	0.0	0.47843800000000003	-0.551647	-0.6832159999999999	0.0	-2.8795599999999997	1.86411	1.32536	0.0	-0.7282649999999999	0.634822	-0.25813200000000003	0.0	0.39503699999999997	0.0810941	-0.9150790000000001	0.0	-0.559979	-0.7683909999999999	-0.309836	0.0	2.69482	1.9738099999999998	1.51379	0.00034523	
3	0.457171	0.8186140000000001	-0.34765799999999997	0.0	0.736531	-0.129371	0.663917	0.0	0.498515	-0.559584	-0.662079	0.0	-2.88679	1.7679200000000002	1.29114	0.0	-0.714677	0.653434	-0.249522	0.0	0.38104	0.06455930000000001	-0.9223020000000001	0.0	-0.586554	-0.7542260000000001	-0.295123	0.0	2.64718	1.9614900000000002	1.54988	0.205923	
3	0.494443	0.8105060000000001	-0.31401799999999996	0.0	0.690906	-0.147261	0.7077869999999999	0.0	0.527423	-0.566917	-0.632796	0.0	-2.8243	1.6991599999999998	1.33086	0.289792	-0.717769	0.6564300000000001	-0.23218000000000003	0.0	0.350681	0.052737	-0.935009	0.0	-0.6015229999999999	-0.752541	-0.26805100000000004	0.0	2.56973	1.9260400000000002	1.57795	0.340385	
3	0.5374260000000001	0.788676	-0.298603	0.0	0.6569550000000001	-0.169531	0.734622	0.0	0.528756	-0.590973	-0.6092350000000001	0.0	-2.74615	1.5669899999999999	1.3927399999999999	0.216748	-0.735754	0.631739	-0.24407399999999999	0.0	0.335419	0.026822900000000004	-0.941687	0.0	-0.588354	-0.774717	-0.231633	0.0	2.4870799999999997	1.86028	1.63316	0.00966704	
3	0.585276	0.757404	-0.289466	0.0	0.6337510000000001	-0.204624	0.745981	0.0	0.505777	-0.620055	-0.5997680000000001	0.0	-2.7587900000000003	1.40193	1.4202700000000001	-0.00034523	-0.7447159999999999	0.622728	-0.240017	0.0	0.329987	0.030986400000000004	-0.943477	0.0	-0.580092	-0.781825	-0.228568	0.0	2.51384	1.8603900000000002	1.6679	0.0	
3	0.618261	0.749079	-0.237979	0.0	0.55301	-0.199432	0.808954	0.0	0.5585100000000001	-0.63175	-0.5375489999999999	0.0	-2.77642	1.24068	1.48831	0.0	-0.727123	0.6466770000000001	-0.230436	0.0	0.271598	-0.0373022	-0.9616879999999999	0.0	-0.630497	-0.7618510000000001	-0.148513	0.0	2.52336	1.75962	1.68733	0.0	
3	0.620658	0.753332	-0.217426	0.0	0.549941	-0.220592	0.805546	0.0	0.558882	-0.619541	-0.5512	0.0	-2.78562	1.22612	1.49655	0.0901731	-0.726591	0.657516	-0.19934300000000002	0.0	0.21101799999999998	-0.0625556	-0.9754790000000001	0.0	-0.653863	-0.750839	-0.0932955	0.0	2.52758	1.6900099999999998	1.7133900000000002	0.0	
3	0.646303	0.746103	-0.160072	0.0	0.511889	-0.268336	0.816068	0.0	0.565917	-0.609366	-0.555348	0.0	-2.76269	1.2292399999999999	1.45949	0.346909	-0.705753	0.687113	-0.172597	0.0	0.179282	-0.062477599999999994	-0.9818120000000001	0.0	-0.685399	-0.7238600000000001	-0.0790932	0.0	2.5381400000000003	1.68372	1.7283099999999998	0.149818	
3	0.642324	0.7492439999999999	-0.161409	0.0	0.513059	-0.263885	0.8167840000000001	0.0	0.569377	-0.607453	-0.553906	0.0	-2.71825	1.20445	1.4701600000000001	0.352077	-0.651563	0.730386	-0.204945	0.0	0.22509200000000001	-0.0718529	-0.971685	0.0	-0.72443	-0.679245	-0.11758800000000001	0.0	2.48251	1.76363	1.72175	0.357594	
3	0.584695	0.7984829999999999	-0.143372	0.0	0.523077	-0.235977	0.818966	0.0	0.6200979999999999	-0.55384	-0.555643	0.0	-2.68903	1.24934	1.48711	0.358761	-0.563288	0.769085	-0.302017	0.0	0.29052	-0.157832	-0.9437620000000001	0.0	-0.773502	-0.619352	-0.13452999999999998	0.0	2.3957900000000003	1.84582	1.7481400000000002	0.362215	
3	0.5416380000000001	0.828626	-0.141448	0.0	0.526384	-0.20314000000000002	0.825624	0.0	0.655399	-0.521646	-0.546204	0.0	-2.6133	1.27721	1.50119	0.361519	-0.562551	0.76198	-0.320817	0.0	0.307895	-0.167043	-0.936642	0.0	-0.767292	-0.625687	-0.14064000000000002	0.0	2.34295	1.83834	1.80392	0.301427	
3	0.500282	0.8530639999999999	-0.148323	0.0	0.534158	-0.169247	0.828269	0.0	0.681463	-0.493597	-0.540343	0.0	-2.55622	1.3184799999999999	1.54625	0.361066	-0.560314	0.7523479999999999	-0.346441	0.0	0.347536	-0.16611800000000002	-0.9228350000000001	0.0	-0.751842	-0.637478	-0.16839	0.0	2.35432	1.869	1.8102200000000002	0.18274100000000001	
3	0.472448	0.8676370000000001	-0.154915	0.0	0.527221	-0.13736199999999998	0.8385520000000001	0.0	0.70628	-0.477847	-0.522333	0.0	-2.48406	1.37419	1.5910799999999998	0.360629	-0.578624	0.7465189999999999	-0.328489	0.0	0.33905599999999997	-0.14613800000000002	-0.9293469999999999	0.0	-0.741779	-0.6491180000000001	-0.168553	0.0	2.3187599999999997	1.8864400000000001	1.84053	0.127245	
3	0.480862	0.8651260000000001	-0.14257999999999998	0.0	0.508672	-0.142806	0.8490340000000001	0.0	0.71416	-0.480795	-0.508735	0.0	-2.42886	1.36989	1.62602	0.35502399999999995	-0.542954	0.7521909999999999	-0.37337600000000004	0.0	0.352394	-0.199497	-0.914341	0.0	-0.762247	-0.62802	-0.156751	0.0	2.2951099999999998	1.90389	1.8639	0.07444239999999999	
3	0.49946899999999994	0.8508680000000001	-0.162958	0.0	0.512392	-0.138463	0.8475159999999999	0.0	0.6985600000000001	-0.5068060000000001	-0.5051359999999999	0.0	-2.41905	1.34107	1.67041	0.34594400000000003	-0.509309	0.772849	-0.378562	0.0	0.345868	-0.218977	-0.912373	0.0	-0.7880229999999999	-0.595612	-0.155777	0.0	2.20248	1.95757	1.8925900000000002	0.112907	
3	0.504681	0.8459770000000001	-0.172105	0.0	0.519063	-0.138052	0.843514	0.0	0.6898340000000001	-0.515039	-0.508787	0.0	-2.43293	1.32205	1.70773	0.34326100000000004	-0.519623	0.767652	-0.375103	0.0	0.35530300000000004	-0.205117	-0.911969	0.0	-0.777014	-0.607155	-0.166166	0.0	2.1870700000000003	1.9888599999999999	1.92304	0.164088	
3	0.5353979999999999	0.822887	-0.190277	0.0	0.5177470000000001	-0.141773	0.8437049999999999	0.0	0.667298	-0.550234	-0.5019520000000001	0.0	-2.50486	1.30745	1.7752	0.324194	-0.5177970000000001	0.760604	-0.39162199999999997	0.0	0.36337600000000003	-0.21888400000000002	-0.905565	0.0	-0.774496	-0.611205	-0.163048	0.0	2.27779	1.98302	1.92599	0.309068	
3	0.5759270000000001	0.793409	-0.197002	0.0	0.515927	-0.165829	0.8404280000000001	0.0	0.634134	-0.585665	-0.504847	0.0	-2.6324799999999997	1.32874	1.8609200000000001	0.34281	-0.495845	0.766127	-0.408886	0.0	0.363512	-0.244497	-0.898933	0.0	-0.788668	-0.594366	-0.15726400000000001	0.0	2.3933299999999997	2.02337	1.94042	0.351644	
3	0.59263	0.780678	-0.198322	0.0	0.515664	-0.178575	0.837975	0.0	0.6187739999999999	-0.5988760000000001	-0.508396	0.0	-2.70378	1.33063	1.89142	0.348479	-0.498555	0.765672	-0.406435	0.0	0.366211	-0.238933	-0.8993329999999999	0.0	-0.785705	-0.597208	-0.161276	0.0	2.47336	2.02725	1.93796	0.358898	
3	0.592913	0.780486	-0.198231	0.0	0.5155770000000001	-0.178837	0.837973	0.0	0.618575	-0.5990479999999999	-0.5084350000000001	0.0	-2.70475	1.33013	1.8912099999999998	0.34843	-0.49846899999999994	0.765846	-0.40621199999999996	0.0	0.365917	-0.23891500000000002	-0.899458	0.0	-0.785896	-0.596992	-0.161145	0.0	2.47128	2.0260599999999998	1.9387400000000001	0.358879	
3	0.592915	0.7804840000000001	-0.198233	0.0	0.5155770000000001	-0.178837	0.837973	0.0	0.6185729999999999	-0.599051	-0.5084350000000001	0.0	-2.70473	1.33013	1.8912	0.348429	-0.49846899999999994	0.765846	-0.406211	0.0	0.365917	-0.23891500000000002	-0.899458	0.0	-0.785896	-0.596992	-0.161145	0.0	2.47126	2.02605	1.9387400000000001	0.358879	
3	0.592915	0.7804840000000001	-0.198233	0.0	0.5155770000000001	-0.178837	0.8379719999999999	0.0	0.6185729999999999	-0.599051	-0.5084350000000001	0.0	-2.70473	1.33013	1.8912	0.348429	-0.49846899999999994	0.765846	-0.40621199999999996	0.0	0.365917	-0.23891500000000002	-0.899458	0.0	-0.7858970000000001	-0.596992	-0.161145	0.0	2.47126	2.02605	1.9387400000000001	0.358879	
3	0.592915	0.7804840000000001	-0.198233	0.0	0.5155770000000001	-0.178837	0.8379719999999999	0.0	0.6185729999999999	-0.599051	-0.5084350000000001	0.0	-2.70473	1.33013	1.8912	0.34843	-0.49846899999999994	0.765846	-0.40621199999999996	0.0	0.365917	-0.23891500000000002	-0.899458	0.0	-0.7858970000000001	-0.596992	-0.161145	0.0	2.47126	2.02605	1.9387400000000001	0.358879	
3	0.592915	0.7804840000000001	-0.198233	0.0	0.5155770000000001	-0.178837	0.837973	0.0	0.6185729999999999	-0.599051	-0.5084350000000001	0.0	-2.70473	1.33013	1.8912	0.34843	-0.49846899999999994	0.765846	-0.406211	0.0	0.365917	-0.23891500000000002	-0.899458	0.0	-0.785896	-0.596992	-0.161144	0.0	2.47126	2.02605	1.9387400000000001	0.358879	
3	0.592915	0.7804840000000001	-0.198233	0.0	0.5155770000000001	-0.178837	0.837973	0.0	0.6185729999999999	-0.599051	-0.5084350000000001	0.0	-2.70473	1.33013	1.8912	0.34843	-0.49846899999999994	0.765846	-0.40621199999999996	0.0	0.365917	-0.23891500000000002	-0.899458	0.0	-0.7858970000000001	-0.596992	-0.161145	0.0	2.47126	2.02605	1.9387400000000001	0.358879	
3	0.592915	0.7804840000000001	-0.198233	0.0	0.5155770000000001	-0.178837	0.8379719999999999	0.0	0.6185729999999999	-0.599051	-0.5084350000000001	0.0	-2.70473	1.33013	1.8912	0.34843	-0.49846899999999994	0.765846	-0.40621199999999996	0.0	0.365917	-0.23891500000000002	-0.899458	0.0	-0.7858970000000001	-0.596992	-0.161145	0.0	2.47126	2.02605	1.9387400000000001	0.358879	
3	0.592915	0.7804840000000001	-0.198233	0.0	0.5155770000000001	-0.178837	0.837973	0.0	0.6185729999999999	-0.599051	-0.5084350000000001	0.0	-2.70473	1.33013	1.8912	0.34843	-0.49846899999999994	0.765846	-0.406211	0.0	0.365917	-0.23891500000000002	-0.899458	0.0	-0.785896	-0.596992	-0.161144	0.0	2.47126	2.02605	1.9387400000000001	0.358879	
3	0.592915	0.7804840000000001	-0.198233	0.0	0.5155770000000001	-0.178837	0.8379719999999999	0.0	0.6185729999999999	-0.599051	-0.5084350000000001	0.0	-2.70473	1.33013	1.8912	0.348429	-0.49846899999999994	0.765846	-0.40621199999999996	0.0	0.365917	-0.23891500000000002	-0.899458	0.0	-0.7858970000000001	-0.596992	-0.161144	0.0	2.47126	2.02605	1.9387400000000001	0.358879	
3	0.592915	0.7804840000000001	-0.198233	0.0	0.5155770000000001	-0.178837	0.8379719999999999	0.0	0.6185729999999999	-0.599051	-0.5084350000000001	0.0	-2.70473	1.33013	1.8912	0.348429	-0.49846899999999994	0.765846	-0.40621199999999996	0.0	0.365917	-0.23891500000000002	-0.899458	0.0	-0.7858970000000001	-0.596992	-0.161145	0.0	2.47126	2.02605	1.9387400000000001	0.358879	
3	0.592915	0.7804840000000001	-0.198233	0.0	0.5155770000000001	-0.178837	0.8379719999999999	0.0	0.6185729999999999	-0.599051	-0.5084350000000001	0.0	-2.70473	1.33013	1.8912	0.34843	-0.49846899999999994	0.765846	-0.40621199999999996	0.0	0.365917	-0.23891500000000002	-0.899458	0.0	-0.7858970000000001	-0.596992	-0.161145	0.0	2.47126	2.02605	1.9387400000000001	0.358879	
3	0.592915	0.7804840000000001	-0.198233	0.0	0.5155770000000001	-0.178837	0.8379719999999999	0.0	0.6185729999999999	-0.599051	-0.5084350000000001	0.0	-2.70473	1.33013	1.8912	0.34843	-0.49846899999999994	0.765846	-0.40621199999999996	0.0	0.365917	-0.23891500000000002	-0.899458	0.0	-0.7858970000000001	-0.596992	-0.161144	0.0	2.47126	2.02605	1.9387400000000001	0.358879	
3	0.592915	0.7804840000000001	-0.198233	0.0	0.5155770000000001	-0.178837	0.8379719999999999	0.0	0.6185729999999999	-0.599051	-0.5084350000000001	0.0	-2.70473	1.33013	1.8912	0.348429	-0.49846899999999994	0.765846	-0.40621199999999996	0.0	0.365917	-0.23891500000000002	-0.899458	0.0	-0.785896	-0.596992	-0.161144	0.0	2.47126	2.02605	1.9387400000000001	0.358879	
3	0.592915	0.7804840000000001	-0.198233	0.0	0.5155770000000001	-0.178837	0.8379719999999999	0.0	0.6185729999999999	-0.599051	-0.5084350000000001	0.0	-2.70473	1.33013	1.8912	0.34843	-0.49846899999999994	0.765846	-0.40621199999999996	0.0	0.365917	-0.23891500000000002	-0.899458	0.0	-0.7858970000000001	-0.596992	-0.161144	0.0	2.47126	2.02605	1.9387400000000001	0.358879	
3	0.592915	0.7804840000000001	-0.198233	0.0	0.5155770000000001	-0.178837	0.837973	0.0	0.6185729999999999	-0.599051	-0.5084350000000001	0.0	-2.70473	1.33013	1.8912	0.34843	-0.49846899999999994	0.765846	-0.40621199999999996	0.0	0.365917	-0.23891500000000002	-0.899458	0.0	-0.7858970000000001	-0.596992	-0.161144	0.0	2.47126	2.02605	1.9387400000000001	0.358879	
3	0.592915	0.7804840000000001	-0.198233	0.0	0.5155770000000001	-0.178837	0.8379719999999999	0.0	0.6185729999999999	-0.599051	-0.5084350000000001	0.0	-2.70473	1.33013	1.8912	0.348429	-0.49846899999999994	0.765846	-0.40621199999999996	0.0	0.365917	-0.23891500000000002	-0.899458	0.0	-0.7858970000000001	-0.596992	-0.161145	0.0	2.47126	2.02605	1.9387400000000001	0.358879	
3	0.592915	0.7804840000000001	-0.198233	0.0	0.5155770000000001	-0.178837	0.837973	0.0	0.6185729999999999	-0.599051	-0.5084350000000001	0.0	-2.70473	1.33013	1.8912	0.34843	-0.49846899999999994	0.765846	-0.40621199999999996	0.0	0.365917	-0.23891500000000002	-0.899458	0.0	-0.7858970000000001	-0.596992	-0.161145	0.0	2.47126	2.02605	1.9387400000000001	0.358879	
3	0.735452	0.62589	-0.259562	0.0	0.491196	-0.228611	0.840514	0.0	0.46673000000000003	-0.745653	-0.475567	0.0	-2.72044	1.29855	1.80289	0.34964	-0.631509	0.681607	-0.369605	0.0	0.37746799999999997	-0.146126	-0.9144209999999999	0.0	-0.677285	-0.716979	-0.16500499999999999	0.0	2.37316	1.98225	1.94213	0.357529	
3	0.782061	0.575563	-0.238975	0.0	0.440957	-0.24008600000000002	0.864821	0.0	0.440384	-0.78172	-0.44156000000000006	0.0	-2.63308	1.10303	1.56028	0.350893	-0.680801	0.666532	-0.303719	0.0	0.313931	-0.109117	-0.943155	0.0	-0.661783	-0.737448	-0.134958	0.0	1.89942	1.80027	1.63679	0.356658	
3	0.7942229999999999	0.574943	-0.196598	0.0	0.393585	-0.24027800000000002	0.887332	0.0	0.46292700000000003	-0.7821170000000001	-0.41712299999999997	0.0	-2.45473	0.8627	1.2796299999999998	0.351225	-0.69511	0.667932	-0.265875	0.0	0.251321	-0.120724	-0.9603450000000001	0.0	-0.673543	-0.7343649999999999	-0.0839488	0.0	1.46469	1.5468	1.34479	0.356252	
3	0.8021590000000001	0.575666	-0.15858699999999998	0.0	0.35534299999999996	-0.246783	0.9015709999999999	0.0	0.479867	-0.779556	-0.402517	0.0	-2.2305	0.562098	0.945837	0.352123	-0.678856	0.700917	-0.21879099999999999	0.0	0.17543599999999998	-0.134512	-0.975258	0.0	-0.713005	-0.700444	-0.0316522	0.0	1.00678	1.32768	1.05869	0.355819	
3	0.8204379999999999	0.557504	-0.12676800000000002	0.0	0.30047199999999996	-0.231807	0.925193	0.0	0.486413	-0.797154	-0.357698	0.0	-1.95665	0.202239	0.6183649999999999	0.352844	-0.725627	0.668131	-0.164521	0.0	0.124215	-0.10797899999999999	-0.9863629999999999	0.0	-0.676784	-0.736167	-0.00463927	0.0	0.591643	1.13439	0.796266	0.35681799999999997	
3	0.831735	0.541165	-0.123926	0.0	0.289862	-0.23292100000000002	0.928293	0.0	0.473495	-0.8080149999999999	-0.350592	0.0	-1.9042700000000001	0.113947	0.564792	0.352835	-0.7262069999999999	0.669488	-0.15623399999999998	0.0	0.115079	-0.105669	-0.98772	0.0	-0.677776	-0.735268	-0.000306368	0.0	0.534208	1.1049200000000001	0.746854	0.357137	
3	0.867992	0.48687700000000006	-0.0976789	0.0	0.22929899999999998	-0.218495	0.948516	0.0	0.440468	-0.8457020000000001	-0.301292	0.0	-1.7082	-0.40179699999999996	0.23719899999999997	0.353571	-0.756703	0.645489	-0.10365899999999999	0.0	0.0565107	-0.0933828	-0.994025	0.0	-0.651313	-0.758039	0.0341857	0.0	0.12314800000000001	0.8786700000000001	0.45088599999999995	0.359198	
3	0.924217	0.374553	-0.07439	0.0	0.158532	-0.19911099999999998	0.9670690000000001	0.0	0.347406	-0.905575	-0.2434	0.0	-1.71865	-0.9524299999999999	-0.111393	0.354284	-0.7982600000000001	0.5995520000000001	-0.0576025	0.0	0.0118786	-0.0799462	-0.9967290000000001	0.0	-0.602196	-0.796333	0.05669580000000001	0.0	-0.15093099999999998	0.655948	0.172506	0.359786	
3	0.9461129999999999	0.31609699999999996	-0.0703807	0.0	0.136495	-0.192162	0.971825	0.0	0.293666	-0.929062	-0.22495300000000001	0.0	-1.7520900000000001	-1.08551	-0.171077	0.355066	-0.814319	0.5784520000000001	-0.0477268	0.0	0.00156209	-0.080044	-0.99679	0.0	-0.580415	-0.8117800000000001	0.06427759999999999	0.0	-0.190959	0.593915	0.09764500000000001	0.359806	
3	0.977411	0.211333	0.00248729	0.0	0.0364797	-0.180287	0.9829370000000001	0.0	0.208175	-0.960643	-0.183924	0.0	-1.8998	-1.27755	-0.25647600000000004	0.354067	-0.83424	0.55016	-0.0369797	0.0	0.000807315	-0.0658461	-0.9978290000000001	0.0	-0.551401	-0.8324590000000001	0.0544873	0.0	-0.21209699999999998	0.525037	-0.058051099999999994	0.359156	
3	0.9876159999999999	0.15526099999999998	0.022553599999999997	0.0	0.00178497	-0.154864	0.987934	0.0	0.15688	-0.975659	-0.153223	0.0	-2.05952	-1.33235	-0.283493	0.353628	-0.837943	0.544519	-0.0367435	0.0	0.00091666	-0.06592139999999999	-0.9978239999999999	0.0	-0.545756	-0.8361540000000001	0.054739199999999995	0.0	-0.178993	0.523045	-0.0975941	0.358867	
3	0.9955790000000001	0.0858337	0.038148400000000006	0.0	-0.0264257	-0.13378299999999999	0.990658	0.0	0.09013550000000001	-0.987287	-0.130924	0.0	-2.23245	-1.36876	-0.290531	0.35326399999999997	-0.851741	0.522914	-0.0331331	0.0	0.00593856	-0.05359730000000001	-0.9985450000000001	0.0	-0.523929	-0.850699	0.042545599999999996	0.0	-0.0915802	0.49248400000000003	-0.141784	0.358736	
3	0.9974069999999999	0.0504506	0.0513134	0.0	-0.0449735	-0.11963499999999999	0.991799	0.0	0.056175699999999995	-0.991535	-0.117056	0.0	-2.3386	-1.38378	-0.308548	0.353644	-0.864344	0.5016520000000001	-0.0354267	0.0	0.0119271	-0.049976599999999996	-0.9986790000000001	0.0	-0.50276	-0.863625	0.0372136	0.0	-0.046108800000000005	0.46239300000000005	-0.151361	0.358759	
3	0.997445	0.00276448	0.0713803	0.0	-0.0706434	-0.11005999999999999	0.991411	0.0	0.010596799999999998	-0.9939209999999999	-0.10958399999999999	0.0	-2.50661	-1.42834	-0.313469	0.352731	-0.8833190000000001	0.46749300000000005	-0.0346238	0.0	0.021592300000000002	-0.0332065	-0.999215	0.0	-0.468276	-0.883373	0.0192373	0.0	0.121262	0.399434	-0.169727	0.35883699999999996	
3	0.9971409999999999	0.000355002	0.07555919999999999	0.0	-0.075086	-0.107177	0.991401	0.0	0.00845015	-0.99424	-0.10684400000000001	0.0	-2.6211900000000004	-1.4705700000000002	-0.319296	0.351433	-0.888732	0.45677700000000004	-0.038861900000000005	0.0	0.028681799999999997	-0.029202299999999997	-0.9991620000000001	0.0	-0.457529	-0.8891020000000001	0.0128516	0.0	0.19831500000000002	0.387339	-0.17230299999999998	0.35887800000000003	
3	0.996303	-0.00305716	0.0858525	0.0	-0.0856698	-0.10956500000000001	0.990281	0.0	0.00637897	-0.993975	-0.109422	0.0	-2.62391	-1.4973299999999998	-0.339495	0.35246	-0.89159	0.45056199999999996	-0.045401	0.0	0.035674199999999996	-0.0300622	-0.9989110000000001	0.0	-0.45143599999999995	-0.8922389999999999	0.0107295	0.0	0.267	0.390426	-0.163023	0.35904899999999995	
3	0.995094	-0.0103334	0.098398	0.0	-0.0989374	-0.0980482	0.990251	0.0	-0.0005848930000000001	-0.995128	-0.0985895	0.0	-2.63599	-1.53505	-0.370153	0.35025100000000003	-0.8886	0.45358699999999996	-0.0681812	0.0	0.0590714	-0.0342409	-0.9976659999999999	0.0	-0.454863	-0.8905540000000001	0.00363237	0.0	0.353827	0.418732	-0.159185	0.359155	
3	0.99351	-0.00682267	0.11353900000000001	0.0	-0.11366500000000002	-0.0968447	0.9887879999999999	0.0	0.00424948	-0.995276	-0.09699169999999999	0.0	-2.6766099999999997	-1.5666200000000001	-0.43422200000000005	0.35086	-0.888884	0.44950200000000007	-0.0885035	0.0	0.0854095	-0.027203700000000004	-0.995975	0.0	-0.4501	-0.8928649999999999	-0.0142109	0.0	0.46206099999999994	0.5099600000000001	-0.153087	0.358676	
3	0.992699	-0.00551447	0.12049100000000001	0.0	-0.12045399999999999	-0.09718260000000001	0.987951	0.0	0.00626156	-0.995251	-0.09713730000000001	0.0	-2.66888	-1.59818	-0.477389	0.35095	-0.8915040000000001	0.444392	-0.0879573	0.0	0.0890382	-0.0184858	-0.995857	0.0	-0.44417700000000004	-0.895642	-0.0230879	0.0	0.49608	0.520546	-0.1747	0.358137	
3	0.9907590000000001	0.0254941	0.133217	0.0	-0.13054000000000002	-0.087425	0.9875809999999999	0.0	0.03682390000000001	-0.9958450000000001	-0.0832891	0.0	-2.64311	-1.6954599999999997	-0.581799	0.350999	-0.892548	0.44154499999999997	-0.0916287	0.0	0.0890892	-0.026533099999999997	-0.99567	0.0	-0.442064	-0.896847	-0.0156548	0.0	0.560334	0.44198999999999994	-0.166641	0.358508	
3	0.990014	0.03571919999999999	0.13636800000000002	0.0	-0.13300599999999999	-0.0838232	0.9875639999999999	0.0	0.046705800000000006	-0.99584	-0.07823530000000001	0.0	-2.5659400000000003	-1.7554900000000002	-0.6373479999999999	0.350629	-0.889791	0.445596	-0.0985721	0.0	0.0923961	-0.035625199999999996	-0.995085	0.0	-0.44691800000000004	-0.894525	-0.00947267	0.0	0.553484	0.39320900000000003	-0.10483800000000001	0.35791300000000004	
3	0.989764	0.0430844	0.136055	0.0	-0.131685	-0.0917768	0.987034	0.0	0.0550125	-0.9948469999999999	-0.0851638	0.0	-2.56182	-1.7488400000000002	-0.6349060000000001	0.34972600000000004	-0.892285	0.43858	-0.107127	0.0	0.0988218	-0.0417963	-0.9942270000000001	0.0	-0.440525	-0.8977200000000001	-0.00604743	0.0	0.5816100000000001	0.385853	-0.0345411	0.357647	
3	0.9896790000000001	0.0436549	0.136491	0.0	-0.13203900000000002	-0.0923458	0.986934	0.0	0.055688800000000004	-0.99477	-0.0856286	0.0	-2.56101	-1.75006	-0.6353949999999999	0.349719	-0.8923399999999999	0.43845200000000006	-0.10719200000000001	0.0	0.0989078	-0.041767900000000004	-0.9942200000000001	0.0	-0.440395	-0.897784	-0.00609523	0.0	0.580063	0.385678	-0.0366864	0.357649	
3	0.9896790000000001	0.0436663	0.136488	0.0	-0.13203499999999999	-0.09234239999999999	0.986935	0.0	0.05569930000000001	-0.994769	-0.08562389999999999	0.0	-2.56095	-1.75015	-0.6354449999999999	0.34972	-0.8923409999999999	0.43845	-0.10719100000000001	0.0	0.09890460000000001	-0.0417712	-0.9942200000000001	0.0	-0.44039300000000003	-0.897785	-0.00609052	0.0	0.57996	0.38566999999999996	-0.0368337	0.357649	
3	0.9896790000000001	0.0436663	0.136487	0.0	-0.13203499999999999	-0.09234239999999999	0.986935	0.0	0.05569930000000001	-0.994769	-0.08562389999999999	0.0	-2.56095	-1.75015	-0.6354449999999999	0.34972	-0.8923409999999999	0.43845	-0.10719100000000001	0.0	0.09890460000000001	-0.0417712	-0.9942200000000001	0.0	-0.44039300000000003	-0.897785	-0.00609052	0.0	0.57996	0.38566999999999996	-0.0368337	0.357649	
3	0.9896790000000001	0.0436663	0.136487	0.0	-0.13203499999999999	-0.09234239999999999	0.986935	0.0	0.05569930000000001	-0.994769	-0.08562389999999999	0.0	-2.56095	-1.75015	-0.6354449999999999	0.34972	-0.8923409999999999	0.43845	-0.10719100000000001	0.0	0.09890460000000001	-0.0417712	-0.9942200000000001	0.0	-0.44039300000000003	-0.897785	-0.00609052	0.0	0.57996	0.38566999999999996	-0.0368338	0.357649	
3	0.9896790000000001	0.0436663	0.136487	0.0	-0.13203499999999999	-0.09234239999999999	0.986935	0.0	0.05569930000000001	-0.994769	-0.08562389999999999	0.0	-2.56095	-1.75015	-0.6354449999999999	0.34972	-0.8923409999999999	0.43845	-0.10719100000000001	0.0	0.09890460000000001	-0.0417712	-0.9942200000000001	0.0	-0.44039300000000003	-0.897785	-0.00609052	0.0	0.57996	0.38566999999999996	-0.0368338	0.357649	
3	0.9896790000000001	0.0436663	0.136488	0.0	-0.13203499999999999	-0.09234239999999999	0.986935	0.0	0.05569930000000001	-0.994769	-0.08562389999999999	0.0	-2.56095	-1.75015	-0.6354449999999999	0.34972	-0.8923409999999999	0.43845	-0.10719100000000001	0.0	0.09890460000000001	-0.0417712	-0.9942200000000001	0.0	-0.44039300000000003	-0.897785	-0.00609052	0.0	0.579961	0.38566999999999996	-0.0368337	0.357649	
3	0.9896790000000001	0.0436663	0.136487	0.0	-0.13203499999999999	-0.09234239999999999	0.986935	0.0	0.05569930000000001	-0.99477	-0.08562389999999999	0.0	-2.56095	-1.75015	-0.6354449999999999	0.349721	-0.8923409999999999	0.43845	-0.10719100000000001	0.0	0.09890460000000001	-0.0417712	-0.9942200000000001	0.0	-0.44039300000000003	-0.897785	-0.00609052	0.0	0.57996	0.38566999999999996	-0.0368337	0.357649	
3	0.9896790000000001	0.0436663	0.136488	0.0	-0.13203499999999999	-0.09234239999999999	0.986935	0.0	0.05569930000000001	-0.99477	-0.08562389999999999	0.0	-2.56095	-1.75015	-0.6354449999999999	0.349721	-0.8923409999999999	0.43845	-0.10719100000000001	0.0	0.09890460000000001	-0.0417712	-0.9942200000000001	0.0	-0.44039300000000003	-0.897785	-0.00609052	0.0	0.57996	0.38566999999999996	-0.0368335	0.357649	
3	0.9896790000000001	0.0436663	0.136488	0.0	-0.13203499999999999	-0.09234239999999999	0.986935	0.0	0.05569930000000001	-0.99477	-0.08562389999999999	0.0	-2.56095	-1.75015	-0.6354449999999999	0.349721	-0.8923409999999999	0.43845	-0.10719100000000001	0.0	0.09890460000000001	-0.0417712	-0.9942200000000001	0.0	-0.44039300000000003	-0.897785	-0.00609052	0.0	0.57996	0.38566999999999996	-0.0368335	0.357649	
3	0.9896790000000001	0.0436663	0.136488	0.0	-0.13203499999999999	-0.09234239999999999	0.986935	0.0	0.05569930000000001	-0.99477	-0.08562389999999999	0.0	-2.56095	-1.75015	-0.6354449999999999	0.349721	-0.8923409999999999	0.43845	-0.10719100000000001	0.0	0.09890460000000001	-0.0417712	-0.9942200000000001	0.0	-0.44039300000000003	-0.897785	-0.00609052	0.0	0.579961	0.38566999999999996	-0.0368336	0.357649	
3	0.994635	0.0789891	0.0667927	0.0	-0.0411302	-0.290473	0.9559989999999999	0.0	0.09491489999999998	-0.9536180000000001	-0.285666	0.0	-2.55357	-1.86132	-0.743226	0.351694	-0.89318	0.43376499999999996	-0.118648	0.0	0.151446	0.0417117	-0.987585	0.0	-0.42343100000000006	-0.9000600000000001	-0.102948	0.0	0.47367600000000004	0.32533	-0.0268748	0.360572	
3	0.9938239999999999	0.07043060000000001	0.08574889999999999	0.0	-0.0609991	-0.29877	0.9523739999999999	0.0	0.0926955	-0.951723	-0.292629	0.0	-2.5596799999999997	-2.0954200000000003	-0.90984	0.352638	-0.880922	0.458879	-0.115782	0.0	0.13702999999999999	0.0131477	-0.9904799999999999	0.0	-0.452988	-0.888401	-0.0744625	0.0	0.24648899999999999	0.24073699999999998	-0.132196	0.36077	
3	0.991607	0.0577731	0.11566199999999999	0.0	-0.09776560000000001	-0.250321	0.9632139999999999	0.0	0.08460039999999999	-0.9664379999999999	-0.24257199999999998	0.0	-2.63404	-2.5261400000000003	-1.14655	0.35265	-0.8680329999999999	0.48464300000000005	-0.107894	0.0	0.12054200000000001	-0.00509977	-0.9926950000000001	0.0	-0.481653	-0.874697	-0.0539933	0.0	-0.14282999999999998	0.147293	-0.32405500000000004	0.360471	
3	0.991036	0.045198300000000004	0.125721	0.0	-0.111849	-0.233952	0.965793	0.0	0.0730648	-0.971197	-0.22679899999999997	0.0	-2.70689	-2.75621	-1.2702799999999999	0.352054	-0.862058	0.49621499999999996	-0.10309000000000001	0.0	0.11429600000000001	-0.00782311	-0.993416	0.0	-0.49375399999999997	-0.868165	-0.049971499999999995	0.0	-0.375131	0.164178	-0.43447399999999997	0.360126	
3	0.989916	0.040849	0.13564	0.0	-0.12200799999999999	-0.240675	0.962907	0.0	0.071979	-0.9697459999999999	-0.233264	0.0	-2.75667	-2.82028	-1.3180100000000001	0.352299	-0.8596020000000001	0.500471	-0.103023	0.0	0.115121	-0.00674969	-0.9933290000000001	0.0	-0.497828	-0.865727	-0.051812800000000006	0.0	-0.46467299999999995	0.195298	-0.45433599999999996	0.35995900000000003	
3	0.9879620000000001	0.0233635	0.152922	0.0	-0.143172	-0.23630500000000002	0.961073	0.0	0.058590300000000005	-0.971398	-0.230116	0.0	-2.87529	-2.94137	-1.3430000000000002	0.351664	-0.859535	0.499963	-0.106005	0.0	0.1227	0.000522971	-0.9924440000000001	0.0	-0.49613	-0.8660469999999999	-0.0617952	0.0	-0.581361	0.255791	-0.487375	0.359659	
3	0.987082	0.0225167	0.158624	0.0	-0.14894000000000002	-0.23587399999999997	0.960302	0.0	0.059038	-0.9715229999999999	-0.229473	0.0	-2.91756	-2.96427	-1.34412	0.352174	-0.859907	0.4988	-0.10844200000000001	0.0	0.125876	0.00132728	-0.9920450000000001	0.0	-0.494688	-0.8667159999999999	-0.0639284	0.0	-0.5912310000000001	0.274914	-0.495399	0.359572	
3	0.9863940000000001	0.0294519	0.161741	0.0	-0.150527	-0.233767	0.96057	0.0	0.06610039999999999	-0.9718469999999999	-0.22615300000000002	0.0	-3.03615	-3.0324400000000002	-1.3779700000000001	0.35238600000000003	-0.862742	0.492593	-0.11414400000000001	0.0	0.133213	0.00365967	-0.991081	0.0	-0.487782	-0.870252	-0.06877739999999999	0.0	-0.6024	0.317686	-0.44938199999999995	0.35961	
3	0.9864629999999999	0.0298616	0.161245	0.0	-0.14995799999999998	-0.233668	0.960683	0.0	0.0663654	-0.971858	-0.226027	0.0	-3.04122	-3.0379400000000003	-1.3748799999999999	0.352194	-0.862959	0.492037	-0.11489300000000001	0.0	0.134122	0.0038376999999999994	-0.990957	0.0	-0.48714700000000005	-0.870566	-0.0693049	0.0	-0.602595	0.320732	-0.447262	0.359603	
3	0.9859829999999999	0.0531054	0.158172	0.0	-0.14444500000000002	-0.202803	0.968507	0.0	0.0835106	-0.977778	-0.19229000000000002	0.0	-3.0725	-3.12825	-1.40584	0.352153	-0.860865	0.493658	-0.12334200000000001	0.0	0.149295	0.0133166	-0.9887030000000001	0.0	-0.48643800000000004	-0.869554	-0.0851641	0.0	-0.587691	0.380229	-0.483088	0.35932600000000003	
3	0.983878	0.06053340000000001	0.168283	0.0	-0.154711	-0.183919	0.9706899999999999	0.0	0.0897096	-0.9810760000000001	-0.17158900000000002	0.0	-3.07702	-3.1512700000000002	-1.4189200000000002	0.351781	-0.857253	0.499284	-0.125829	0.0	0.152221	0.012295100000000002	-0.9882700000000001	0.0	-0.49188000000000004	-0.866351	-0.08654169999999999	0.0	-0.60675	0.410474	-0.47929499999999997	0.35948800000000003	
3	0.9820049999999999	0.0731036	0.17413199999999998	0.0	-0.158962	-0.177872	0.9711299999999999	0.0	0.101966	-0.9813350000000001	-0.163051	0.0	-3.06175	-3.1802799999999998	-1.45013	0.351484	-0.849007	0.510915	-0.134734	0.0	0.165235	0.014519200000000001	-0.9861469999999999	0.0	-0.501881	-0.859509	-0.09674780000000001	0.0	-0.6266189999999999	0.458219	-0.505794	0.35922800000000005	
3	0.9788690000000001	0.07773560000000002	0.189134	0.0	-0.173538	-0.173439	0.969435	0.0	0.10816300000000001	-0.981772	-0.15628399999999998	0.0	-3.0241599999999997	-3.22228	-1.48189	0.350692	-0.8412229999999999	0.522624	-0.138595	0.0	0.173922	0.0188462	-0.9845790000000001	0.0	-0.5119520000000001	-0.852355	-0.10675	0.0	-0.657733	0.499327	-0.5671609999999999	0.359158	
3	0.9738319999999999	0.09176060000000001	0.207919	0.0	-0.19067	-0.167976	0.967176	0.0	0.123674	-0.981511	-0.146085	0.0	-2.95174	-3.3051699999999995	-1.57524	0.350234	-0.830418	0.53973	-0.138194	0.0	0.172578	0.0133466	-0.984906	0.0	-0.5297390000000001	-0.8417319999999999	-0.104229	0.0	-0.709037	0.532896	-0.619084	0.35889899999999997	
3	0.9713729999999999	0.0968725	0.21691100000000002	0.0	-0.199689	-0.161633	0.9664360000000001	0.0	0.128681	-0.982085	-0.13766099999999998	0.0	-2.93622	-3.33544	-1.57855	0.349591	-0.827418	0.544377	-0.137963	0.0	0.172058	0.0118815	-0.985015	0.0	-0.5345810000000001	-0.838757	-0.103496	0.0	-0.736985	0.530989	-0.639323	0.358951	
3	0.9606100000000001	0.105361	0.257152	0.0	-0.242971	-0.13070299999999999	0.9611879999999999	0.0	0.134882	-0.985807	-0.0999546	0.0	-2.89309	-3.4029599999999998	-1.5952600000000001	0.348238	-0.82195	0.551944	-0.14056	0.0	0.174048	0.00842208	-0.984701	0.0	-0.542316	-0.833839	-0.102987	0.0	-0.780021	0.561458	-0.6946260000000001	0.358871	
3	0.9499299999999999	0.112168	0.291635	0.0	-0.282961	-0.0870782	0.9551700000000001	0.0	0.13253399999999999	-0.989867	-0.050979199999999995	0.0	-2.77346	-3.52569	-1.63277	0.34909	-0.819178	0.55528	-0.143568	0.0	0.180344	0.011759899999999998	-0.983533	0.0	-0.5444479999999999	-0.8315799999999999	-0.109776	0.0	-0.804567	0.616989	-0.7571319999999999	0.358743	
3	0.946787	0.11492999999999999	0.300641	0.0	-0.29391799999999996	-0.0719474	0.953119	0.0	0.131172	-0.990765	-0.0343389	0.0	-2.7585599999999997	-3.5507199999999997	-1.65032	0.349353	-0.8179	0.5571109999999999	-0.143758	0.0	0.181095	0.0121121	-0.983391	0.0	-0.546117	-0.83035	-0.110797	0.0	-0.8058	0.627783	-0.77308	0.35889299999999996	
3	0.937442	0.12556900000000001	0.324709	0.0	-0.324896	-0.019561000000000002	0.9455469999999999	0.0	0.125083	-0.991892	0.0224595	0.0	-2.70899	-3.62391	-1.65818	0.3501	-0.8136899999999999	0.5633520000000001	-0.143331	0.0	0.180903	0.0110801	-0.983439	0.0	-0.552434	-0.8261430000000001	-0.110928	0.0	-0.8208290000000001	0.6536	-0.812615	0.358906	
3	0.934629	0.11448900000000001	0.33669	0.0	-0.339015	0.000888515	0.940781	0.0	0.10740999999999999	-0.993424	0.0396439	0.0	-2.67165	-3.64318	-1.6469200000000002	0.34739000000000003	-0.811854	0.565767	-0.144225	0.0	0.182031	0.0105609	-0.9832360000000001	0.0	-0.55476	-0.824498	-0.111561	0.0	-0.8370620000000001	0.66142	-0.816141	0.3589	
3	0.9337989999999999	0.110952	0.34016	0.0	-0.346213	0.0402321	0.937293	0.0	0.09030930000000001	-0.9930110000000001	0.0759818	0.0	-2.65049	-3.6319800000000004	-1.6725	0.346882	-0.807144	0.570575	-0.151534	0.0	0.18670599999999998	0.0032078000000000002	-0.982411	0.0	-0.560053	-0.8212389999999999	-0.10911900000000001	0.0	-0.889491	0.6813779999999999	-0.816267	0.35885300000000003	
3	0.93676	0.10216	0.334729	0.0	-0.342117	0.06581369999999999	0.93735	0.0	0.0737303	-0.9925889999999999	0.09660239999999999	0.0	-2.63424	-3.62508	-1.6913200000000002	0.345516	-0.805657	0.5715819999999999	-0.15559800000000001	0.0	0.188612	-0.00148511	-0.982051	0.0	-0.561553	-0.820544	-0.10661	0.0	-0.9009450000000001	0.68933	-0.808988	0.35857100000000003	
3	0.9384450000000001	0.0968708	0.331567	0.0	-0.33931500000000003	0.0787338	0.937372	0.0	0.0646984	-0.9921780000000001	0.10675699999999999	0.0	-2.62415	-3.62071	-1.7030299999999998	0.341041	-0.8063859999999999	0.570163	-0.157023	0.0	0.189971	-0.00170767	-0.9817879999999999	0.0	-0.5600470000000001	-0.82153	-0.10693699999999999	0.0	-0.909916	0.696088	-0.800161	0.358604	
3	0.947844	0.087198	0.306575	0.0	-0.314245	0.0947937	0.9445969999999999	0.0	0.0533056	-0.9916709999999999	0.117251	0.0	-2.60472	-3.61599	-1.71527	0.337518	-0.80491	0.570429	-0.163494	0.0	0.19404000000000002	-0.007356999999999999	-0.980966	0.0	-0.560774	-0.821314	-0.10476400000000001	0.0	-0.9182049999999999	0.696728	-0.760729	0.35855	
3	0.960884	0.06659789999999999	0.268823	0.0	-0.27429699999999996	0.0948232	0.956959	0.0	0.0382408	-0.9932639999999999	0.109382	0.0	-2.57711	-3.61499	-1.7123099999999998	0.33191	-0.8042520000000001	0.570471	-0.166561	0.0	0.195604	-0.0105507	-0.980626	0.0	-0.561176	-0.82125	-0.103101	0.0	-0.934572	0.6932119999999999	-0.707954	0.358502	
3	0.968684	0.055200099999999995	0.24208200000000002	0.0	-0.24599200000000002	0.0808555	0.965894	0.0	0.033743800000000004	-0.9951959999999999	0.0919023	0.0	-2.5639	-3.6181400000000004	-1.6978400000000002	0.33033	-0.803766	0.5701149999999999	-0.170085	0.0	0.20012	-0.0101488	-0.979719	0.0	-0.5602779999999999	-0.8215030000000001	-0.10593399999999999	0.0	-0.9302229999999999	0.696513	-0.678834	0.358464	
3	0.970786	0.046966	0.23530500000000001	0.0	-0.238628	0.0863235	0.967267	0.0	0.025116299999999998	-0.99516	0.09500900000000001	0.0	-2.5472799999999998	-3.6093300000000004	-1.72829	0.292657	-0.804563	0.568214	-0.17265999999999998	0.0	0.205085	-0.00700814	-0.978719	0.0	-0.5573319999999999	-0.822851	-0.110894	0.0	-0.899408	0.713592	-0.666974	0.358304	
3	0.972298	0.0469098	0.22899099999999997	0.0	-0.23204699999999998	0.07581460000000001	0.9697450000000001	0.0	0.028129700000000004	-0.9960180000000001	0.08459960000000001	0.0	-2.5344	-3.60258	-1.73065	0.24573000000000003	-0.80204	0.569678	-0.179444	0.0	0.214862	-0.00513035	-0.9766309999999999	0.0	-0.557285	-0.821852	-0.11828699999999999	0.0	-0.866822	0.730607	-0.675798	0.357977	
3	0.974109	0.0449897	0.221559	0.0	-0.22425900000000001	0.0681423	0.972144	0.0	0.028638999999999998	-0.996661	0.07646739999999999	0.0	-2.5305299999999997	-3.60209	-1.7231400000000001	0.235079	-0.800401	0.571288	-0.181627	0.0	0.217567	-0.00548285	-0.97603	0.0	-0.5585899999999999	-0.820731	-0.119905	0.0	-0.861117	0.735721	-0.678132	0.35795	
3	0.984886	0.0160869	0.172457	0.0	-0.172431	-0.00304248	0.985017	0.0	0.016370600000000003	-0.999866	-0.000222617	0.0	-2.58069	-3.53517	-1.63343	0.125667	-0.794383	0.577493	-0.188301	0.0	0.22694699999999998	-0.00537032	-0.973892	0.0	-0.563427	-0.8163779999999999	-0.126795	0.0	-0.8417	0.753441	-0.693839	0.358269	
3	0.9854350000000001	0.00434904	0.169999	0.0	-0.16989100000000001	-0.018642500000000003	0.9852860000000001	0.0	0.00745426	-0.999817	-0.0176321	0.0	-2.608	-3.52575	-1.6190200000000001	0.124261	-0.791718	0.580277	-0.190947	0.0	0.22974699999999998	-0.006790699999999999	-0.9732270000000001	0.0	-0.566038	-0.814391	-0.12794	0.0	-0.841561	0.760417	-0.7034630000000001	0.358213	
3	0.989851	-0.000734843	0.142105	0.0	-0.141967	-0.0496097	0.9886280000000001	0.0	0.0063233000000000004	-0.998769	-0.049210500000000004	0.0	-2.6406099999999997	-3.52651	-1.59248	0.123526	-0.786138	0.585333	-0.198426	0.0	0.238179	-0.00933576	-0.971176	0.0	-0.570314	-0.810739	-0.132075	0.0	-0.848988	0.796434	-0.720341	0.358282	
3	0.9899549999999999	-0.00563531	0.141267	0.0	-0.141375	-0.047769099999999995	0.9888030000000001	0.0	0.00117599	-0.998843	-0.0480859	0.0	-2.65746	-3.5260300000000004	-1.59517	0.123526	-0.783253	0.588286	-0.20108399999999998	0.0	0.242265	-0.00906217	-0.970168	0.0	-0.572558	-0.808602	-0.13542300000000002	0.0	-0.8524790000000001	0.8281299999999999	-0.736647	0.358083	
3	0.991073	-0.013334700000000001	0.132656	0.0	-0.133096	-0.0407963	0.9902629999999999	0.0	-0.00779307	-0.999079	-0.0422069	0.0	-2.69307	-3.5246699999999995	-1.59067	0.123418	-0.779972	0.592747	-0.200737	0.0	0.24173699999999998	-0.0104995	-0.9702850000000001	0.0	-0.577241	-0.805321	-0.1351	0.0	-0.855743	0.834939	-0.7461479999999999	0.357958	
3	0.992323	-0.014847299999999999	0.122776	0.0	-0.12314000000000001	-0.026775900000000002	0.992028	0.0	-0.0114415	-0.999531	-0.028398700000000002	0.0	-2.75576	-3.52245	-1.6147200000000002	0.12438099999999999	-0.780643	0.593141	-0.19693	0.0	0.239071	-0.00772846	-0.9709709999999999	0.0	-0.577444	-0.8050619999999999	-0.13577	0.0	-0.8685200000000001	0.8252379999999999	-0.745622	0.357993	
3	0.9947790000000001	-0.011481299999999998	0.101409	0.0	-0.10157100000000001	-0.014488	0.9947229999999999	0.0	-0.00995145	-0.9998290000000001	-0.0155785	0.0	-2.77736	-3.52063	-1.5949200000000001	0.12398699999999999	-0.78092	0.593829	-0.19372999999999999	0.0	0.237882	-0.00404316	-0.9712860000000001	0.0	-0.577561	-0.804581	-0.138104	0.0	-0.870182	0.820066	-0.7490899999999999	0.357928	
3	0.9973719999999999	-0.00040828800000000003	0.0724474	0.0	-0.072448	-0.00952804	0.9973270000000001	0.0	0.000283085	-0.9999549999999999	-0.00953258	0.0	-2.77508	-3.46906	-1.6056	0.12399500000000001	-0.7793680000000001	0.596378	-0.192142	0.0	0.237752	-0.00223953	-0.9713229999999999	0.0	-0.579706	-0.802701	-0.140045	0.0	-0.8698520000000001	0.812624	-0.753787	0.357707	
3	0.9986700000000001	0.00915571	0.050744	0.0	-0.050714999999999996	-0.00337302	0.998708	0.0	0.00931503	-0.9999520000000001	-0.0029042	0.0	-2.7532799999999997	-3.3982	-1.6206	0.123993	-0.778772	0.597635	-0.190649	0.0	0.235825	-0.00270599	-0.971792	0.0	-0.5812930000000001	-0.801764	-0.13883	0.0	-0.8741049999999999	0.803232	-0.758163	0.35770599999999997	
3	0.9990629999999999	0.0316199	0.0295496	0.0	-0.028682799999999998	-0.027523900000000004	0.99921	0.0	0.0324082	-0.9991209999999999	-0.0265911	0.0	-2.6636599999999997	-3.10898	-1.6417099999999998	0.123454	-0.778196	0.599128	-0.188299	0.0	0.23423400000000003	-0.00130349	-0.9721799999999999	0.0	-0.582705	-0.800652	-0.139322	0.0	-0.8826620000000001	0.780732	-0.763993	0.357613	
3	0.996771	0.0774554	0.021189700000000002	0.0	-0.017762599999999996	-0.044670800000000004	0.9988440000000001	0.0	0.07831239999999999	-0.9959950000000001	-0.04315069999999999	0.0	-2.44509	-2.87636	-1.60979	0.12344100000000001	-0.778928	0.599896	-0.182747	0.0	0.230911	0.00342721	-0.9729690000000001	0.0	-0.583054	-0.800071	-0.141192	0.0	-0.880965	0.7547659999999999	-0.762824	0.357448	
3	0.997217	0.0731146	0.0145458	0.0	-0.0099838	-0.062377699999999994	0.9980030000000001	0.0	0.0738759	-0.9953709999999999	-0.06147419999999999	0.0	-2.42563	-2.78171	-1.60801	0.12331600000000001	-0.778837	0.6008140000000001	-0.180099	0.0	0.228794	0.0047825	-0.973463	0.0	-0.584009	-0.799375	-0.141188	0.0	-0.886494	0.738478	-0.766112	0.357518	
3	0.996524	0.0818891	0.015294499999999999	0.0	-0.00978151	-0.0673054	0.997684	0.0	0.0827289	-0.994366	-0.06627050000000001	0.0	-2.4469	-2.70649	-1.60399	0.121305	-0.778275	0.601643	-0.17976199999999998	0.0	0.228692	0.00496799	-0.9734860000000001	0.0	-0.5847979999999999	-0.79875	-0.141458	0.0	-0.897492	0.7280810000000001	-0.763284	0.357632	
