0	0.762759	0.6070479999999999	-0.22291799999999998	0.0	0.23647600000000002	0.05901	0.969844	0.0	0.601896	-0.7924720000000001	-0.0985419	0.0	-2.80573	1.86818	1.3367200000000001	0.0	-0.740626	0.58349	-0.333185	0.0	0.280025	-0.18271800000000002	-0.9424440000000001	0.0	-0.6107859999999999	-0.791299	-0.0280665	0.0	2.58923	1.89251	1.4775200000000002	0.0	
0	0.7431479999999999	0.635841	-0.208416	0.0	0.188019	0.100495	0.9770110000000001	0.0	0.6421680000000001	-0.76525	-0.0448676	0.0	-2.7798	1.6880099999999998	1.22428	0.0	-0.732676	0.5831310000000001	-0.350919	0.0	0.294541	-0.193145	-0.935917	0.0	-0.613541	-0.789084	-0.030243700000000002	0.0	2.50874	1.8819299999999999	1.3483399999999999	0.0	
0	0.718913	0.665736	-0.199898	0.0	0.189583	0.08888389999999999	0.977833	0.0	0.668747	-0.740875	-0.0623127	0.0	-2.65921	1.63564	1.13811	0.0815982	-0.737458	0.588904	-0.330678	0.0	0.285177	-0.17231400000000002	-0.942859	0.0	-0.612233	-0.78962	-0.0408675	0.0	2.43079	1.88117	1.3208799999999998	0.33264	
0	0.765038	0.621336	-0.169291	0.0	0.174288	0.0533026	0.983251	0.0	0.6199520000000001	-0.781729	-0.0675131	0.0	-2.45064	1.56644	1.1126200000000002	-0.00440812	-0.745792	0.5600229999999999	-0.36078899999999997	0.0	0.281271	-0.226233	-0.93258	0.0	-0.603888	-0.79699	0.0112044	0.0	2.34347	1.8498400000000002	1.31081	-0.000976563	
0	0.775926	0.6128819999999999	-0.14938099999999999	0.0	0.141455	0.0617293	0.9880180000000001	0.0	0.6147600000000001	-0.787759	-0.0387981	0.0	-2.51041	1.45688	1.0808	0.0	-0.7407060000000001	0.570242	-0.355218	0.0	0.267106	-0.235188	-0.934527	0.0	-0.616449	-0.787091	0.02189	0.0	2.31345	1.8543599999999998	1.27191	0.0	
0	0.756985	0.6458050000000001	-0.09954299999999999	0.0	0.108708	0.0257502	0.99374	0.0	0.6443260000000001	-0.7630680000000001	-0.050711400000000004	0.0	-2.39857	1.39099	1.05758	0.258787	-0.759879	0.5654939999999999	-0.320625	0.0	0.260547	-0.186932	-0.947191	0.0	-0.595566	-0.803289	-0.00529265	0.0	2.30824	1.82502	1.24958	0.246444	
0	0.7792	0.623448	-0.064499	0.0	0.0861026	-0.00454324	0.996276	0.0	0.620833	-0.781852	-0.0572206	0.0	-2.32436	1.32667	0.9808459999999999	0.355715	-0.7650680000000001	0.565276	-0.30843899999999996	0.0	0.256722	-0.17152699999999999	-0.9511430000000001	0.0	-0.5905630000000001	-0.806872	-0.0138888	0.0	2.28211	1.75394	1.18549	0.362011	
0	0.785646	0.615226	-0.0652415	0.0	0.0817303	0.00132003	0.996654	0.0	0.613254	-0.78835	-0.049245599999999994	0.0	-2.30802	1.28629	0.959521	0.355294	-0.7692399999999999	0.555521	-0.315702	0.0	0.260845	-0.178019	-0.948825	0.0	-0.5832930000000001	-0.8122229999999999	-0.0079661	0.0	2.28535	1.71723	1.20531	0.361035	
0	0.792534	0.605007	-0.076524	0.0	0.0932537	0.00377395	0.995635	0.0	0.602655	-0.796211	-0.05342809999999999	0.0	-2.34715	1.31497	0.9972129999999999	0.35484099999999996	-0.7747310000000001	0.53923	-0.330187	0.0	0.269527	-0.190747	-0.9439120000000001	0.0	-0.571968	-0.8202729999999999	0.00244069	0.0	2.30582	1.71497	1.28524	0.361578	
0	0.793946	0.601616	-0.08780039999999999	0.0	0.107378	0.00339056	0.9942129999999999	0.0	0.598431	-0.798779	-0.061908500000000005	0.0	-2.42818	1.4408299999999998	1.1163100000000001	0.353275	-0.778619	0.515787	-0.35737399999999997	0.0	0.284666	-0.217207	-0.933695	0.0	-0.559212	-0.828725	0.022294400000000002	0.0	2.36425	1.7533599999999998	1.39669	0.360552	
0	0.790646	0.605179	-0.0929367	0.0	0.11153199999999999	0.00689456	0.9937370000000001	0.0	0.602029	-0.79606	-0.06204540000000001	0.0	-2.50045	1.58196	1.24989	0.35135	-0.762722	0.522935	-0.380519	0.0	0.298246	-0.23766500000000002	-0.924427	0.0	-0.573851	-0.818569	0.0253088	0.0	2.44095	1.8456299999999999	1.54649	0.359134	
0	0.796111	0.5962609999999999	-0.103345	0.0	0.120868	0.0106613	0.992611	0.0	0.592957	-0.80272	-0.063581	0.0	-2.53975	1.66081	1.3516299999999999	0.349027	-0.754512	0.523871	-0.395312	0.0	0.30544499999999997	-0.252824	-0.918032	0.0	-0.580875	-0.813412	0.0307452	0.0	2.48843	1.90075	1.63253	0.35746100000000003	
0	0.796024	0.5963930000000001	-0.103251	0.0	0.120816	0.0105911	0.992618	0.0	0.5930840000000001	-0.802623	-0.06362280000000001	0.0	-2.53887	1.6588	1.3493	0.349044	-0.754551	0.523892	-0.395208	0.0	0.305431	-0.25266700000000003	-0.9180799999999999	0.0	-0.580831	-0.813447	0.030637599999999997	0.0	2.48719	1.89942	1.63036	0.357466	
0	0.796024	0.5963930000000001	-0.103251	0.0	0.120816	0.010591	0.992619	0.0	0.5930850000000001	-0.802623	-0.06362290000000001	0.0	-2.5388599999999997	1.6588	1.3493	0.349044	-0.754551	0.523892	-0.39520900000000003	0.0	0.305431	-0.25266700000000003	-0.9180809999999999	0.0	-0.580831	-0.813447	0.030637400000000002	0.0	2.48719	1.89942	1.63036	0.357466	
0	0.796024	0.5963930000000001	-0.103251	0.0	0.120816	0.010591	0.992619	0.0	0.5930850000000001	-0.802623	-0.063623	0.0	-2.53887	1.6588	1.3493	0.349044	-0.754551	0.523892	-0.39520900000000003	0.0	0.305431	-0.25266700000000003	-0.9180809999999999	0.0	-0.580831	-0.813447	0.030637400000000002	0.0	2.48719	1.89942	1.63036	0.357466	
0	0.796024	0.5963930000000001	-0.103251	0.0	0.120816	0.010591	0.992619	0.0	0.5930850000000001	-0.802623	-0.06362290000000001	0.0	-2.5388599999999997	1.6588	1.3493	0.349044	-0.754551	0.523892	-0.39520900000000003	0.0	0.305431	-0.25266700000000003	-0.9180809999999999	0.0	-0.580831	-0.813447	0.030637400000000002	0.0	2.48719	1.89942	1.63036	0.357466	
0	0.796024	0.5963930000000001	-0.103251	0.0	0.120816	0.010591	0.992619	0.0	0.5930850000000001	-0.802623	-0.06362290000000001	0.0	-2.53887	1.6588	1.3493	0.349044	-0.754551	0.523892	-0.395208	0.0	0.30543000000000003	-0.25266700000000003	-0.9180799999999999	0.0	-0.580831	-0.813447	0.030637599999999997	0.0	2.48719	1.89942	1.63036	0.35746500000000003	
0	0.796024	0.5963930000000001	-0.103251	0.0	0.120816	0.010591	0.992619	0.0	0.5930850000000001	-0.802623	-0.06362290000000001	0.0	-2.53887	1.6588	1.3493	0.349044	-0.754551	0.523892	-0.39520900000000003	0.0	0.305431	-0.25266700000000003	-0.9180809999999999	0.0	-0.580831	-0.813447	0.030637400000000002	0.0	2.48719	1.89942	1.63036	0.357466	
0	0.796024	0.5963930000000001	-0.103251	0.0	0.120816	0.010591	0.992619	0.0	0.5930850000000001	-0.802623	-0.06362290000000001	0.0	-2.5388599999999997	1.6588	1.3493	0.349044	-0.754551	0.523892	-0.39520900000000003	0.0	0.305431	-0.25266700000000003	-0.9180799999999999	0.0	-0.580831	-0.813447	0.030637599999999997	0.0	2.48719	1.89942	1.63036	0.35746500000000003	
0	0.796024	0.5963930000000001	-0.103251	0.0	0.120816	0.010591	0.992619	0.0	0.5930850000000001	-0.802623	-0.06362290000000001	0.0	-2.5388599999999997	1.6588	1.3493	0.349044	-0.754551	0.523892	-0.395208	0.0	0.30543000000000003	-0.25266700000000003	-0.9180799999999999	0.0	-0.580831	-0.813447	0.030637599999999997	0.0	2.48719	1.89942	1.63036	0.35746500000000003	
0	0.857453	0.503681	-0.10526500000000001	0.0	0.193047	-0.125257	0.9731620000000001	0.0	0.47697700000000004	-0.8547610000000001	-0.20463599999999998	0.0	-2.4807	1.46224	1.08564	0.34904	-0.698966	0.559409	-0.445543	0.0	0.38572	-0.22973000000000002	-0.8935569999999999	0.0	-0.602218	-0.796421	-0.0552023	0.0	2.3492599999999997	1.75006	1.5150299999999999	0.357234	
0	0.87865	0.47687799999999997	-0.023710299999999997	0.0	0.107751	-0.14966500000000002	0.9828479999999999	0.0	0.46515	-0.866134	-0.182887	0.0	-2.292	0.948952	0.532305	0.347813	-0.7310409999999999	0.549295	-0.40478800000000004	0.0	0.357088	-0.197533	-0.9129450000000001	0.0	-0.581436	-0.811945	-0.051741499999999996	0.0	2.07662	1.3727200000000002	1.06481	0.35685	
0	0.8896219999999999	0.45524499999999996	0.036402300000000005	0.0	0.0296154	-0.137046	0.990122	0.0	0.455737	-0.879756	-0.135401	0.0	-2.0384900000000004	0.5096689999999999	0.0162857	0.349827	-0.768977	0.525758	-0.363666	0.0	0.326271	-0.166426	-0.9305100000000001	0.0	-0.549747	-0.834195	-0.0435621	0.0	1.80712	1.0595	0.608798	0.359482	
0	0.9183049999999999	0.381262	0.106563	0.0	-0.061058100000000004	-0.129554	0.989691	0.0	0.391137	-0.915344	-0.0956908	0.0	-1.8345099999999999	0.036548000000000004	-0.445355	0.354437	-0.805659	0.504631	-0.310259	0.0	0.283634	-0.1312	-0.949915	0.0	-0.520063	-0.853308	-0.0374274	0.0	1.53911	0.760811	0.14532799999999998	0.361625	
0	0.9272360000000001	0.336793	0.163717	0.0	-0.138023	-0.0990429	0.9854639999999999	0.0	0.348112	-0.9363549999999999	-0.0453509	0.0	-1.73353	-0.404669	-0.794905	0.356545	-0.8416	0.459606	-0.28367600000000004	0.0	0.25219899999999995	-0.13003900000000002	-0.9588979999999999	0.0	-0.477604	-0.878551	-0.00647175	0.0	1.3307200000000001	0.486725	-0.14085799999999998	0.362224	
0	0.943041	0.26482	0.201355	0.0	-0.188555	-0.0731779	0.979333	0.0	0.274082	-0.961517	-0.0190768	0.0	-1.68767	-0.809172	-1.11701	0.35488200000000003	-0.859095	0.444755	-0.253277	0.0	0.21848	-0.12883599999999998	-0.967299	0.0	-0.46284200000000003	-0.886338	0.0135126	0.0	1.1506299999999998	0.263832	-0.365322	0.361798	
0	0.9484239999999999	0.219677	0.228546	0.0	-0.22012199999999998	-0.062431799999999996	0.9734729999999999	0.0	0.228118	-0.9735729999999999	-0.010856200000000002	0.0	-1.6779400000000002	-1.0657	-1.3078299999999998	0.355475	-0.873052	0.424753	-0.23950900000000003	0.0	0.194088	-0.147898	-0.9697709999999999	0.0	-0.44733599999999996	-0.8931469999999999	0.0466825	0.0	0.9979889999999999	0.101398	-0.425466	0.361767	
0	0.944258	0.21041100000000001	0.253186	0.0	-0.25035999999999997	-0.0404186	0.967309	0.0	0.21376599999999998	-0.976777	0.014512899999999999	0.0	-1.642	-1.236	-1.36764	0.355695	-0.875094	0.420339	-0.23984699999999998	0.0	0.18848900000000002	-0.160437	-0.968882	0.0	-0.44573900000000005	-0.893071	0.06116799999999999	0.0	0.9237690000000001	0.0112523	-0.449588	0.361894	
0	0.941313	0.215462	0.25982	0.0	-0.25800300000000004	-0.0370276	0.965434	0.0	0.217635	-0.9758100000000001	0.0207352	0.0	-1.64379	-1.27969	-1.36748	0.354403	-0.872193	0.41503	-0.258903	0.0	0.1995	-0.181453	-0.962951	0.0	-0.446632	-0.8915299999999999	0.0754637	0.0	0.885719	0.0266709	-0.405569	0.362194	
0	0.942959	0.20978000000000002	0.258497	0.0	-0.258343	-0.028626	0.9656290000000001	0.0	0.20996900000000002	-0.9773299999999999	0.027202099999999996	0.0	-1.659	-1.26747	-1.34125	0.35568099999999997	-0.871742	0.41405600000000004	-0.261962	0.0	0.204299	-0.178786	-0.9624440000000001	0.0	-0.44533999999999996	-0.8925209999999999	0.07126360000000001	0.0	0.8827530000000001	0.056768200000000005	-0.375626	0.362073	
0	0.942932	0.20986	0.25853200000000004	0.0	-0.258361	-0.028720099999999995	0.965621	0.0	0.21006999999999998	-0.97731	0.027138599999999995	0.0	-1.65867	-1.26769	-1.34185	0.35568299999999997	-0.871733	0.41408599999999995	-0.261945	0.0	0.204281	-0.178779	-0.962449	0.0	-0.445367	-0.892508	0.0712569	0.0	0.8828280000000001	0.0560847	-0.376305	0.362075	
0	0.942932	0.20985900000000002	0.25853200000000004	0.0	-0.258361	-0.028718900000000002	0.965622	0.0	0.210069	-0.97731	0.027139499999999997	0.0	-1.65867	-1.26769	-1.34185	0.35568299999999997	-0.871733	0.41408599999999995	-0.261945	0.0	0.204281	-0.178778	-0.962449	0.0	-0.445366	-0.892508	0.0712569	0.0	0.8828290000000001	0.056082799999999995	-0.376308	0.36207399999999995	
0	0.942932	0.20985900000000002	0.25853200000000004	0.0	-0.258361	-0.028718900000000002	0.965622	0.0	0.210069	-0.97731	0.027139499999999997	0.0	-1.65867	-1.26769	-1.34185	0.35568299999999997	-0.871733	0.41408599999999995	-0.261945	0.0	0.204281	-0.178779	-0.962449	0.0	-0.445366	-0.892508	0.0712569	0.0	0.8828290000000001	0.0560826	-0.376308	0.362075	
0	0.942932	0.20985900000000002	0.25853200000000004	0.0	-0.258361	-0.028718900000000002	0.965622	0.0	0.210069	-0.97731	0.027139499999999997	0.0	-1.65867	-1.26769	-1.34185	0.35568299999999997	-0.871733	0.41408599999999995	-0.261945	0.0	0.204281	-0.178779	-0.962449	0.0	-0.445366	-0.892508	0.0712569	0.0	0.8828290000000001	0.0560827	-0.376307	0.362075	
0	0.942932	0.20985900000000002	0.25853200000000004	0.0	-0.258361	-0.028718900000000002	0.965622	0.0	0.210069	-0.97731	0.027139499999999997	0.0	-1.65867	-1.26769	-1.34185	0.35568299999999997	-0.871733	0.41408599999999995	-0.261945	0.0	0.204281	-0.178778	-0.962449	0.0	-0.445366	-0.892508	0.0712569	0.0	0.8828290000000001	0.0560826	-0.376308	0.36207399999999995	
0	0.942932	0.20985900000000002	0.25853200000000004	0.0	-0.258361	-0.028718900000000002	0.965622	0.0	0.210069	-0.97731	0.027139499999999997	0.0	-1.65867	-1.26769	-1.34185	0.35568299999999997	-0.871733	0.41408599999999995	-0.261945	0.0	0.204281	-0.178779	-0.962449	0.0	-0.445366	-0.892509	0.0712569	0.0	0.8828290000000001	0.056082400000000004	-0.376308	0.36207399999999995	
0	0.942932	0.20985900000000002	0.25853200000000004	0.0	-0.258361	-0.028718900000000002	0.965622	0.0	0.210069	-0.97731	0.027139499999999997	0.0	-1.65867	-1.26769	-1.34185	0.35568299999999997	-0.871733	0.41408599999999995	-0.261945	0.0	0.204281	-0.178779	-0.962449	0.0	-0.445366	-0.892509	0.0712569	0.0	0.8828290000000001	0.05608250000000001	-0.376307	0.36207399999999995	
0	0.942932	0.20985900000000002	0.25853200000000004	0.0	-0.258361	-0.028718900000000002	0.965622	0.0	0.210069	-0.97731	0.027139499999999997	0.0	-1.65867	-1.26769	-1.34185	0.35568299999999997	-0.871733	0.41408599999999995	-0.261945	0.0	0.204281	-0.178779	-0.962449	0.0	-0.445366	-0.892509	0.0712569	0.0	0.8828290000000001	0.056082400000000004	-0.376307	0.36207399999999995	
0	0.942932	0.20985900000000002	0.25853200000000004	0.0	-0.258361	-0.028718900000000002	0.965622	0.0	0.210069	-0.97731	0.027139499999999997	0.0	-1.65867	-1.26769	-1.34185	0.35568299999999997	-0.871733	0.41408599999999995	-0.261945	0.0	0.204281	-0.178779	-0.962449	0.0	-0.445366	-0.892509	0.0712569	0.0	0.8828290000000001	0.0560826	-0.376307	0.36207399999999995	
0	0.942932	0.20985900000000002	0.25853200000000004	0.0	-0.258361	-0.028718900000000002	0.965622	0.0	0.210069	-0.97731	0.027139499999999997	0.0	-1.65867	-1.26769	-1.34185	0.35568299999999997	-0.871733	0.41408599999999995	-0.261945	0.0	0.204281	-0.178779	-0.962449	0.0	-0.445366	-0.892509	0.0712569	0.0	0.8828290000000001	0.05608250000000001	-0.376307	0.36207399999999995	
0	0.942932	0.20985900000000002	0.25853200000000004	0.0	-0.258361	-0.028718900000000002	0.965622	0.0	0.210069	-0.97731	0.027139499999999997	0.0	-1.65867	-1.26769	-1.34185	0.35568299999999997	-0.871733	0.41408599999999995	-0.261945	0.0	0.204281	-0.178779	-0.962449	0.0	-0.445366	-0.892508	0.0712571	0.0	0.8828290000000001	0.056082900000000005	-0.376307	0.362075	
0	0.942932	0.20985900000000002	0.25853200000000004	0.0	-0.258361	-0.028718900000000002	0.965622	0.0	0.210069	-0.97731	0.027139499999999997	0.0	-1.65867	-1.26769	-1.34185	0.35568299999999997	-0.871733	0.41408599999999995	-0.261945	0.0	0.204281	-0.178779	-0.962449	0.0	-0.445366	-0.892508	0.0712571	0.0	0.8828290000000001	0.0560826	-0.376308	0.362075	
0	0.942932	0.20985900000000002	0.25853200000000004	0.0	-0.258361	-0.028718900000000002	0.965622	0.0	0.210069	-0.97731	0.027139499999999997	0.0	-1.65867	-1.26769	-1.34185	0.35568299999999997	-0.871733	0.41408599999999995	-0.261945	0.0	0.204281	-0.178779	-0.962449	0.0	-0.445366	-0.892508	0.0712571	0.0	0.8828290000000001	0.05608250000000001	-0.376308	0.362075	
0	0.980707	-0.10751600000000001	0.163262	0.0	-0.166198	-0.0188727	0.9859120000000001	0.0	-0.10292000000000001	-0.994024	-0.0363775	0.0	-1.65803	-1.4363299999999999	-1.4911	0.35260199999999997	-0.869923	0.333363	-0.36345900000000003	0.0	0.375685	-0.029536700000000003	-0.926277	0.0	-0.319521	-0.9423360000000001	-0.0995448	0.0	0.738396	-0.00548397	-0.361675	0.361125	
0	0.976524	-0.128894	0.172587	0.0	-0.172163	0.0145071	0.9849620000000001	0.0	-0.129459	-0.991552	-0.00802435	0.0	-1.72385	-1.6884400000000002	-1.5798	0.35443	-0.8650909999999999	0.349093	-0.360212	0.0	0.371567	-0.0364532	-0.92769	0.0	-0.336981	-0.9363790000000001	-0.09817639999999998	0.0	0.620595	-0.026667700000000003	-0.42394899999999996	0.36082	
0	0.973282	-0.154873	0.169518	0.0	-0.166849	0.0301724	0.9855209999999999	0.0	-0.157745	-0.987474	0.00352599	0.0	-1.9095099999999998	-1.86893	-1.57657	0.35322800000000004	-0.8624200000000001	0.36336199999999996	-0.35241999999999996	0.0	0.364279	-0.0379004	-0.9305180000000001	0.0	-0.351472	-0.9308770000000001	-0.0996792	0.0	0.5124029999999999	-0.0549586	-0.49285200000000007	0.360783	
0	0.9760270000000001	-0.159365	0.14823499999999998	0.0	-0.142527	0.046736099999999996	0.9886870000000001	0.0	-0.16449	-0.9861129999999999	0.022902000000000002	0.0	-2.07887	-1.98025	-1.55172	0.353686	-0.8606729999999999	0.37340999999999996	-0.34613	0.0	0.361599	-0.0303147	-0.931841	0.0	-0.358451	-0.927171	-0.10893299999999999	0.0	0.449172	-0.069962	-0.569657	0.360732	
0	0.9753959999999999	-0.161985	0.149546	0.0	-0.143867	0.0463047	0.988513	0.0	-0.167049	-0.985706	0.021861099999999998	0.0	-2.13795	-2.0251900000000003	-1.50052	0.353049	-0.8627239999999999	0.373407	-0.34099	0.0	0.359479	-0.0213753	-0.932909	0.0	-0.355643	-0.927422	-0.115791	0.0	0.406895	-0.0811965	-0.6146560000000001	0.36073	
0	0.9729049999999999	-0.17618699999999998	0.14971500000000001	0.0	-0.141926	0.056080399999999996	0.988287	0.0	-0.18252000000000002	-0.982758	0.0295553	0.0	-2.27107	-2.0510099999999998	-1.36011	0.352258	-0.860734	0.385089	-0.332932	0.0	0.357238	-0.00898957	-0.9339700000000001	0.0	-0.362655	-0.9228360000000001	-0.129831	0.0	0.316825	-0.0727957	-0.793417	0.360773	
0	0.970658	-0.186394	0.151922	0.0	-0.14455199999999999	0.05259830000000001	0.9880979999999999	0.0	-0.192166	-0.981066	0.0241114	0.0	-2.38955	-2.0084400000000002	-1.29227	0.351499	-0.8556030000000001	0.402117	-0.325954	0.0	0.357309	0.00318116	-0.933981	0.0	-0.374533	-0.915583	-0.146402	0.0	0.256666	-0.0257795	-0.9330950000000001	0.360457	
0	0.972183	-0.19222899999999998	0.13382	0.0	-0.124247	0.061077	0.9903700000000001	0.0	-0.198551	-0.979448	0.0354941	0.0	-2.5908	-2.01455	-1.2844	0.350412	-0.8495739999999999	0.42311899999999997	-0.31495100000000004	0.0	0.347815	0.000492096	-0.9375629999999999	0.0	-0.396546	-0.9060739999999999	-0.147586	0.0	0.174859	0.011597	-1.05193	0.360744	
0	0.977168	-0.167356	0.1309	0.0	-0.12521500000000002	0.044128	0.9911479999999999	0.0	-0.171651	-0.984908	0.0221649	0.0	-2.77742	-2.03335	-1.30538	0.35215	-0.8469059999999999	0.43400200000000005	-0.307235	0.0	0.34105	4.9293000000000004e-05	-0.940045	0.0	-0.407967	-0.900912	-0.148058	0.0	0.0941801	0.0254141	-1.11866	0.360873	
0	0.9846389999999999	-0.125916	0.12096099999999999	0.0	-0.119627	0.018134	0.9926530000000001	0.0	-0.127185	-0.991875	0.00279248	0.0	-2.91383	-2.10803	-1.3595899999999999	0.354969	-0.846526	0.44028900000000004	-0.299232	0.0	0.335435	0.00468498	-0.942052	0.0	-0.41337299999999993	-0.8978440000000001	-0.15165499999999998	0.0	0.0232072	0.0361815	-1.21319	0.360781	
0	0.989557	-0.0969715	0.106643	0.0	-0.106478	0.00689027	0.994291	0.0	-0.0971528	-0.9952629999999999	-0.00350703	0.0	-3.00653	-2.12792	-1.39749	0.35384499999999997	-0.8477049999999999	0.439382	-0.297221	0.0	0.334717	0.00836414	-0.942282	0.0	-0.41153500000000004	-0.8982620000000001	-0.154159	0.0	-0.00708137	0.0403592	-1.30443	0.36104	
0	0.990591	-0.0935483	0.099891	0.0	-0.099678	0.00695861	0.9949950000000001	0.0	-0.09377519999999999	-0.99559	-0.00243157	0.0	-3.08927	-2.11348	-1.5049299999999999	0.341161	-0.846044	0.44299399999999994	-0.29659	0.0	0.337357	0.0141001	-0.9412709999999999	0.0	-0.412796	-0.8964139999999999	-0.161376	0.0	-0.030076699999999998	0.08577489999999999	-1.3589799999999999	0.36090700000000003	
0	0.993181	-0.0761727	0.08826139999999999	0.0	-0.0871928	0.0172489	0.996042	0.0	-0.0773937	-0.9969459999999999	0.0104896	0.0	-3.11767	-2.12106	-1.56377	0.31817399999999996	-0.8434149999999999	0.448276	-0.296142	0.0	0.33871599999999996	0.015797299999999997	-0.9407559999999999	0.0	-0.41703999999999997	-0.893756	-0.16516199999999998	0.0	-0.037431900000000004	0.120324	-1.41103	0.360647	
0	0.995383	-0.0699625	0.0657118	0.0	-0.0629276	0.0412847	0.9971639999999999	0.0	-0.07247689999999998	-0.9966950000000001	0.0366915	0.0	-3.10383	-2.14771	-1.57198	0.31255700000000003	-0.842053	0.450902	-0.296031	0.0	0.33839	0.014208700000000001	-0.9408989999999999	0.0	-0.420047	-0.89246	-0.164545	0.0	-0.0520063	0.13461199999999998	-1.42464	0.360556	
0	0.9977280000000001	-0.048694	0.0465498	0.0	-0.0443733	0.0448639	0.998007	0.0	-0.0506853	-0.997806	0.0426013	0.0	-3.01919	-2.1994700000000003	-1.59293	0.31290999999999997	-0.8404219999999999	0.452212	-0.298655	0.0	0.339586	0.00996029	-0.940522	0.0	-0.42234099999999997	-0.891855	-0.161936	0.0	-0.0811241	0.133481	-1.41554	0.36051700000000003	
0	0.99744	-0.0474145	0.0535283	0.0	-0.051352699999999994	0.0459735	0.9976219999999999	0.0	-0.0497626	-0.997817	0.0434209	0.0	-2.96811	-2.2299900000000004	-1.64074	0.31405500000000003	-0.840535	0.451484	-0.299439	0.0	0.339593	0.00843209	-0.940535	0.0	-0.422112	-0.8922389999999999	-0.160409	0.0	-0.105682	0.13045299999999999	-1.38863	0.360615	
0	0.997808	-0.0450698	0.048460500000000004	0.0	-0.0460967	0.0520847	0.9975780000000001	0.0	-0.0474847	-0.997625	0.049892900000000004	0.0	-2.94827	-2.24592	-1.65019	0.300969	-0.8416440000000001	0.449162	-0.29981599999999997	0.0	0.339819	0.00900549	-0.940448	0.0	-0.419713	-0.8934049999999999	-0.16021300000000002	0.0	-0.117003	0.131269	-1.36256	0.360441	
0	0.9979709999999999	-0.0480417	0.041780199999999997	0.0	-0.03944980000000001	0.048473	0.9980450000000001	0.0	-0.049973000000000004	-0.997668	0.046479400000000004	0.0	-2.9334	-2.24283	-1.65733	0.267478	-0.8430469999999999	0.446165	-0.300349	0.0	0.340906	0.0113488	-0.9400290000000001	0.0	-0.41599899999999995	-0.8948790000000001	-0.161668	0.0	-0.111804	0.138783	-1.34755	0.360165	
0	0.997934	-0.0486756	0.0419395	0.0	-0.03959	0.048268599999999995	0.998049	0.0	-0.050605000000000004	-0.997648	0.0462418	0.0	-2.93272	-2.24267	-1.65629	0.26738	-0.8431299999999999	0.446058	-0.30027600000000004	0.0	0.340879	0.0115123	-0.9400370000000001	0.0	-0.415854	-0.8949299999999999	-0.16175799999999999	0.0	-0.110075	0.13954	-1.3483399999999999	0.360169	
0	0.997933	-0.0486801	0.041943	0.0	-0.0395931	0.0482722	0.998049	0.0	-0.0506098	-0.997647	0.0462451	0.0	-2.93276	-2.24268	-1.65632	0.26738	-0.8431299999999999	0.446058	-0.300274	0.0	0.340878	0.011512200000000002	-0.9400370000000001	0.0	-0.415854	-0.8949299999999999	-0.16175799999999999	0.0	-0.110107	0.13953	-1.34835	0.360169	
0	0.997933	-0.0486801	0.041943	0.0	-0.0395931	0.0482722	0.998049	0.0	-0.0506099	-0.997647	0.0462451	0.0	-2.93276	-2.24268	-1.65632	0.26738	-0.8431299999999999	0.446058	-0.300274	0.0	0.340878	0.011512200000000002	-0.9400370000000001	0.0	-0.415854	-0.8949299999999999	-0.16175799999999999	0.0	-0.110107	0.13953	-1.34835	0.360169	
0	0.997933	-0.0486802	0.041943	0.0	-0.0395931	0.0482722	0.998049	0.0	-0.0506099	-0.997647	0.0462451	0.0	-2.93276	-2.24268	-1.65632	0.26738	-0.8431299999999999	0.446058	-0.300274	0.0	0.340878	0.011512200000000002	-0.9400370000000001	0.0	-0.415854	-0.8949299999999999	-0.16175799999999999	0.0	-0.110107	0.13953	-1.34835	0.360169	
0	0.997933	-0.0486802	0.041943	0.0	-0.0395931	0.0482722	0.998049	0.0	-0.0506099	-0.997647	0.0462451	0.0	-2.93276	-2.24268	-1.65632	0.26738	-0.8431299999999999	0.446058	-0.300274	0.0	0.340878	0.011512200000000002	-0.9400370000000001	0.0	-0.415854	-0.8949299999999999	-0.16175799999999999	0.0	-0.110107	0.13953	-1.34835	0.360169	
0	0.997933	-0.0486802	0.041943	0.0	-0.0395931	0.0482722	0.998049	0.0	-0.0506099	-0.997647	0.0462451	0.0	-2.93276	-2.24268	-1.65632	0.26738	-0.8431299999999999	0.446058	-0.300274	0.0	0.340878	0.011512200000000002	-0.9400370000000001	0.0	-0.415854	-0.8949299999999999	-0.16175799999999999	0.0	-0.110107	0.139529	-1.34835	0.360169	
0	0.997933	-0.0486801	0.041943	0.0	-0.0395931	0.0482722	0.998049	0.0	-0.0506099	-0.997647	0.0462451	0.0	-2.93276	-2.24268	-1.65632	0.26738	-0.8431299999999999	0.446058	-0.300274	0.0	0.340878	0.011512200000000002	-0.9400370000000001	0.0	-0.415854	-0.8949299999999999	-0.16175799999999999	0.0	-0.110107	0.13953	-1.34835	0.360169	
0	0.997933	-0.0486802	0.041943	0.0	-0.0395931	0.0482722	0.998049	0.0	-0.0506099	-0.997647	0.0462451	0.0	-2.93276	-2.24268	-1.65632	0.26738	-0.8431299999999999	0.446058	-0.300274	0.0	0.340878	0.011512200000000002	-0.9400370000000001	0.0	-0.415854	-0.8949299999999999	-0.16175799999999999	0.0	-0.110107	0.13953	-1.34835	0.360169	
0	0.997933	-0.0486802	0.041943	0.0	-0.0395931	0.0482722	0.998049	0.0	-0.0506099	-0.997647	0.0462451	0.0	-2.93276	-2.24268	-1.65632	0.26738	-0.8431299999999999	0.446058	-0.300274	0.0	0.340878	0.011512200000000002	-0.9400370000000001	0.0	-0.415854	-0.8949299999999999	-0.16175799999999999	0.0	-0.110107	0.13953	-1.34835	0.360169	
0	0.9857389999999999	0.106929	0.129942	0.0	-0.134234	0.0339361	0.990368	0.0	0.101489	-0.9936870000000001	0.0478056	0.0	-2.9612700000000003	-2.2746299999999997	-1.7094799999999999	0.316757	-0.83598	0.45574	-0.305678	0.0	0.34875700000000004	0.0111666	-0.937147	0.0	-0.42368199999999995	-0.890043	-0.168278	0.0	-0.132216	0.123079	-1.30595	0.35980999999999996	
0	0.919449	0.324812	0.221608	0.0	-0.23590300000000003	0.00477088	0.971765	0.0	0.31458400000000003	-0.945767	0.08101080000000001	0.0	-3.27313	-2.4447400000000004	-1.7013900000000002	0.35628000000000004	-0.8336450000000001	0.46228800000000003	-0.302203	0.0	0.347983	0.014738299999999998	-0.937385	0.0	-0.428888	-0.8866069999999999	-0.173155	0.0	-0.115507	0.11980199999999999	-1.33188	0.359798	
0	0.9107120000000001	0.345296	0.226661	0.0	-0.23984899999999998	-0.00466079	0.970799	0.0	0.336269	-0.9384819999999999	0.07857410000000001	0.0	-3.37985	-2.52146	-1.6711	0.360431	-0.8282360000000001	0.474191	-0.298611	0.0	0.34542399999999995	0.0124146	-0.938365	0.0	-0.44125699999999995	-0.8803340000000001	-0.17407999999999998	0.0	-0.147841	0.125648	-1.33552	0.35993600000000003	
0	0.9122549999999999	0.348434	0.21536799999999998	0.0	-0.22895500000000002	-0.00224373	0.973434	0.0	0.339661	-0.9373309999999999	0.0777288	0.0	-3.3719	-2.57019	-1.6736099999999998	0.36291	-0.8252430000000001	0.481475	-0.295223	0.0	0.34166799999999997	0.00937861	-0.939774	0.0	-0.449709	-0.87641	-0.172244	0.0	-0.214696	0.11645599999999999	-1.35075	0.36004899999999995	
0	0.909169	0.35938200000000003	0.210371	0.0	-0.22642800000000002	0.00265801	0.974024	0.0	0.349487	-0.9331870000000001	0.0837908	0.0	-3.35874	-2.59722	-1.68101	0.36398600000000003	-0.823508	0.48466400000000004	-0.294848	0.0	0.340086	0.00576884	-0.940377	0.0	-0.45406599999999997	-0.8746809999999999	-0.169578	0.0	-0.262327	0.128098	-1.35578	0.360006	
0	0.9111819999999999	0.35789499999999996	0.204103	0.0	-0.22115300000000002	0.00688975	0.9752149999999999	0.0	0.347619	-0.933736	0.08542739999999999	0.0	-3.36084	-2.6146	-1.6970299999999998	0.360602	-0.824651	0.483234	-0.294	0.0	0.340442	0.00894022	-0.9402229999999999	0.0	-0.451719	-0.875446	-0.17188599999999998	0.0	-0.282567	0.144494	-1.38311	0.360048	
0	0.910222	0.365626	0.194459	0.0	-0.214997	0.0158872	0.976485	0.0	0.353939	-0.9306260000000001	0.0930694	0.0	-3.3659199999999996	-2.63864	-1.7094799999999999	0.358767	-0.8248530000000001	0.483737	-0.292602	0.0	0.340943	0.0127811	-0.939997	0.0	-0.45097200000000004	-0.8751200000000001	-0.175469	0.0	-0.28469	0.160659	-1.4109	0.35993	
0	0.9070600000000001	0.37619400000000003	0.188996	0.0	-0.220518	0.042135900000000004	0.9744719999999999	0.0	0.358627	-0.925582	0.12117699999999999	0.0	-3.34761	-2.71005	-1.7288599999999998	0.352163	-0.8224290000000001	0.490382	-0.28833400000000003	0.0	0.33981999999999996	0.01702	-0.9403370000000001	0.0	-0.456216	-0.8713420000000001	-0.18063900000000002	0.0	-0.28664	0.187324	-1.47349	0.35985500000000004	
0	0.900106	0.388034	0.19808800000000001	0.0	-0.239247	0.060260400000000006	0.969087	0.0	0.364102	-0.919673	0.14707699999999999	0.0	-3.31356	-2.79482	-1.74488	0.342373	-0.8206469999999999	0.494774	-0.285898	0.0	0.338862	0.0185032	-0.9406540000000001	0.0	-0.460121	-0.868825	-0.182845	0.0	-0.30393000000000003	0.218371	-1.52292	0.359862	
0	0.9010790000000001	0.37650900000000004	0.215169	0.0	-0.259834	0.0715084	0.963002	0.0	0.347192	-0.9236489999999999	0.16226500000000002	0.0	-3.29642	-2.8486	-1.75899	0.343941	-0.819418	0.49729799999999996	-0.285043	0.0	0.33970500000000003	0.020779699999999998	-0.9403020000000001	0.0	-0.461687	-0.867331	-0.185962	0.0	-0.319112	0.23621199999999998	-1.55395	0.359927	
0	0.886495	0.38295799999999997	0.259748	0.0	-0.32603499999999996	0.118583	0.937891	0.0	0.328371	-0.9161229999999999	0.229981	0.0	-3.27252	-2.99075	-1.77387	0.34011399999999997	-0.8148310000000001	0.5078630000000001	-0.27951	0.0	0.33834899999999996	0.025138999999999998	-0.940685	0.0	-0.470713	-0.8610709999999999	-0.19232	0.0	-0.349827	0.30443899999999996	-1.63191	0.35991799999999996	
0	0.8655459999999999	0.396915	0.305431	0.0	-0.386268	0.14086500000000002	0.911567	0.0	0.31879	-0.9069809999999999	0.27524099999999996	0.0	-3.18973	-3.0754200000000003	-1.8078599999999998	0.350348	-0.813685	0.51327	-0.272891	0.0	0.33323600000000003	0.027202999999999998	-0.942451	0.0	-0.47630900000000004	-0.8577959999999999	-0.193175	0.0	-0.371336	0.345713	-1.6632900000000002	0.359808	
0	0.848066	0.39518600000000004	0.353004	0.0	-0.44090100000000004	0.15674000000000002	0.883764	0.0	0.293921	-0.9051299999999999	0.307164	0.0	-3.10743	-3.15289	-1.8607	0.352421	-0.811787	0.5186930000000001	-0.268254	0.0	0.330125	0.028714499999999997	-0.9435	0.0	-0.481684	-0.8544790000000001	-0.194544	0.0	-0.381782	0.377295	-1.7080799999999998	0.35994499999999996	
0	0.8401700000000001	0.38356999999999997	0.38339	0.0	-0.473181	0.173059	0.8638	0.0	0.264979	-0.9071520000000001	0.326897	0.0	-3.06123	-3.2195099999999996	-1.92038	0.35286300000000004	-0.810339	0.521856	-0.26649	0.0	0.328414	0.0278375	-0.944124	0.0	-0.485278	-0.8525799999999999	-0.193943	0.0	-0.400557	0.384955	-1.73795	0.359983	
0	0.832952	0.38004499999999997	0.40218899999999996	0.0	-0.49080100000000004	0.171756	0.854174	0.0	0.25554699999999997	-0.9088809999999999	0.32959099999999997	0.0	-3.04326	-3.24982	-1.9288900000000002	0.349092	-0.810261	0.522329	-0.2658	0.0	0.328021	0.0283394	-0.9442450000000001	0.0	-0.485674	-0.852273	-0.194297	0.0	-0.41344899999999996	0.390921	-1.7668	0.35999000000000003	
0	0.823025	0.35431599999999996	0.44394799999999995	0.0	-0.512293	0.125458	0.849598	0.0	0.245329	-0.9266719999999999	0.284769	0.0	-3.06699	-3.3032199999999996	-1.93608	0.336147	-0.807262	0.529277	-0.26114	0.0	0.327532	0.0336784	-0.94424	0.0	-0.49096899999999993	-0.8477809999999999	-0.200543	0.0	-0.443507	0.422013	-1.81938	0.36009800000000003	
0	0.8243889999999999	0.34871599999999997	0.44584700000000005	0.0	-0.513901	0.130959	0.847794	0.0	0.237252	-0.928034	0.287167	0.0	-3.07712	-3.34331	-1.9454200000000001	0.326737	-0.806142	0.532428	-0.258175	0.0	0.327707	0.038430900000000004	-0.943997	0.0	-0.49268900000000004	-0.8456020000000001	-0.20546199999999998	0.0	-0.454347	0.443834	-1.8199599999999998	0.359989	
0	0.812529	0.351454	0.465055	0.0	-0.543276	0.16738	0.8227	0.0	0.2113	-0.921121	0.326938	0.0	-3.0817900000000003	-3.38635	-1.9584700000000002	0.31733	-0.8057300000000001	0.536501	-0.25093200000000004	0.0	0.327378	0.0503467	-0.943551	0.0	-0.49358199999999997	-0.842397	-0.216205	0.0	-0.47468999999999995	0.535868	-1.8137	0.3603	
0	0.804478	0.341996	0.48564799999999997	0.0	-0.565554	0.191108	0.8022630000000001	0.0	0.181559	-0.920063	0.347159	0.0	-3.08208	-3.3994699999999995	-1.9670900000000002	0.319052	-0.807646	0.5360689999999999	-0.24564	0.0	0.326376	0.0594461	-0.943369	0.0	-0.491108	-0.8420790000000001	-0.22297199999999998	0.0	-0.45504799999999995	0.586808	-1.8479400000000001	0.36024	
0	0.800226	0.335171	0.497292	0.0	-0.577969	0.209839	0.788619	0.0	0.159971	-0.918492	0.361637	0.0	-3.08162	-3.4099800000000005	-1.97203	0.320288	-0.805369	0.5394369999999999	-0.24574200000000002	0.0	0.327166	0.0588039	-0.9431360000000001	0.0	-0.49431099999999994	-0.8399700000000001	-0.22384400000000002	0.0	-0.435172	0.596759	-1.86097	0.36029	
0	0.798557	0.33272199999999996	0.5016	0.0	-0.582479	0.217085	0.7833220000000001	0.0	0.151739	-0.9176979999999999	0.367158	0.0	-3.08213	-3.41296	-1.97479	0.319576	-0.8024899999999999	0.543169	-0.246937	0.0	0.328235	0.056270400000000005	-0.9429190000000001	0.0	-0.49826899999999996	-0.837735	-0.223444	0.0	-0.43834399999999996	0.594554	-1.8686	0.36015199999999997	
0	0.7897	0.326583	0.519343	0.0	-0.598511	0.22417199999999998	0.769111	0.0	0.134757	-0.918199	0.372492	0.0	-3.07902	-3.4325300000000003	-1.9781	0.300477	-0.798459	0.549374	-0.24627600000000002	0.0	0.32806799999999997	0.05403139999999999	-0.943108	0.0	-0.504812	-0.833828	-0.223374	0.0	-0.45956499999999995	0.59092	-1.8776599999999999	0.360624	
0	0.7938470000000001	0.31500700000000004	0.520171	0.0	-0.594007	0.21847199999999997	0.774226	0.0	0.130244	-0.923602	0.36054899999999995	0.0	-3.0813099999999998	-3.46127	-1.9780099999999998	0.26725	-0.793438	0.5556810000000001	-0.248344	0.0	0.332715	0.0543164	-0.9414620000000001	0.0	-0.509663	-0.82962	-0.22798000000000002	0.0	-0.468131	0.5980310000000001	-1.88235	0.360526	
0	0.7941729999999999	0.312601	0.521123	0.0	-0.5943350000000001	0.220746	0.773329	0.0	0.126707	-0.9238790000000001	0.3611	0.0	-3.08482	-3.49779	-1.98092	0.265315	-0.789726	0.56038	-0.249615	0.0	0.335437	0.0537733	-0.940527	0.0	-0.51363	-0.8264879999999999	-0.23043899999999998	0.0	-0.473858	0.602817	-1.88968	0.360417	
0	0.799726	0.31023	0.514	0.0	-0.586518	0.22089099999999998	0.779233	0.0	0.12820299999999998	-0.924643	0.358607	0.0	-3.1028700000000002	-3.5568699999999995	-1.9907299999999999	0.251281	-0.782362	0.568887	-0.25353000000000003	0.0	0.341823	0.0519165	-0.9383290000000001	0.0	-0.520641	-0.820775	-0.235077	0.0	-0.479479	0.614992	-1.90772	0.360819	
0	0.8214879999999999	0.288997	0.491568	0.0	-0.550968	0.18013099999999999	0.814854	0.0	0.14694400000000002	-0.9402309999999999	0.307203	0.0	-3.12472	-3.5399199999999995	-1.98386	0.105797	-0.773556	0.578411	-0.258946	0.0	0.35334	0.05445409999999999	-0.933909	0.0	-0.5260819999999999	-0.813926	-0.24649899999999997	0.0	-0.47845	0.6407510000000001	-1.94413	0.36076199999999997	
0	0.836767	0.26503000000000004	0.479146	0.0	-0.528339	0.16098099999999999	0.833633	0.0	0.143804	-0.950707	0.274729	0.0	-3.13978	-3.53022	-1.92907	0.105675	-0.769003	0.583674	-0.26068800000000003	0.0	0.358921	0.056785300000000004	-0.931639	0.0	-0.5289699999999999	-0.81	-0.253161	0.0	-0.47309300000000004	0.663691	-1.9820400000000002	0.36085	
0	0.840066	0.267936	0.471699	0.0	-0.520792	0.154898	0.839513	0.0	0.15187	-0.950903	0.269664	0.0	-3.18591	-3.53119	-1.88202	0.10571300000000002	-0.766618	0.587839	-0.258344	0.0	0.359011	0.0588298	-0.931478	0.0	-0.532361	-0.806836	-0.256141	0.0	-0.461538	0.677149	-2.01471	0.36072600000000005	
0	0.839949	0.26913400000000004	0.471224	0.0	-0.520806	0.155825	0.839333	0.0	0.15246500000000002	-0.950413	0.271052	0.0	-3.20234	-3.5317800000000004	-1.87313	0.105762	-0.76425	0.590967	-0.25822399999999995	0.0	0.359699	0.0582592	-0.931248	0.0	-0.535293	-0.804589	-0.25709499999999996	0.0	-0.458854	0.674928	-2.02291	0.360639	
0	0.8425889999999999	0.292743	0.452046	0.0	-0.510369	0.166036	0.843775	0.0	0.171954	-0.941665	0.28930700000000004	0.0	-3.24244	-3.5369699999999997	-1.8734099999999998	0.10570299999999999	-0.759196	0.596851	-0.25959499999999996	0.0	0.362194	0.0560341	-0.930417	0.0	-0.540774	-0.800393	-0.25871700000000003	0.0	-0.46153500000000003	0.67365	-2.03266	0.360651	
0	0.8471790000000001	0.296274	0.44103100000000006	0.0	-0.50205	0.174746	0.847001	0.0	0.173876	-0.938981	0.296786	0.0	-3.2133599999999998	-3.5304900000000004	-1.8911900000000001	0.10545399999999999	-0.757666	0.598713	-0.259779	0.0	0.362759	0.0554447	-0.930232	0.0	-0.542539	-0.799042	-0.25919699999999996	0.0	-0.47258100000000003	0.6730119999999999	-2.03577	0.360659	
0	0.843068	0.316127	0.435086	0.0	-0.5008239999999999	0.166664	0.849352	0.0	0.19599	-0.9339629999999999	0.29883200000000004	0.0	-3.1526	-3.38334	-1.90273	0.10528299999999999	-0.754803	0.6031	-0.257959	0.0	0.363717	0.057539599999999996	-0.929731	0.0	-0.545878	-0.795587	-0.262789	0.0	-0.498576	0.666157	-2.0506	0.36052199999999995	
0	0.8453729999999999	0.31607199999999996	0.43063100000000004	0.0	-0.49484399999999995	0.15975899999999998	0.8541700000000001	0.0	0.201182	-0.9351879999999999	0.291462	0.0	-3.11911	-3.23862	-1.8889900000000002	0.10527	-0.753121	0.605082	-0.258234	0.0	0.365703	0.0587547	-0.928875	0.0	-0.5468729999999999	-0.793992	-0.26553000000000004	0.0	-0.501746	0.668092	-2.0600400000000003	0.360476	
0	0.84635	0.319013	0.42652399999999996	0.0	-0.490721	0.155684	0.857296	0.0	0.207085	-0.934876	0.28830900000000004	0.0	-3.08222	-3.10657	-1.88932	0.105277	-0.751918	0.6068720000000001	-0.257537	0.0	0.365363	0.058436400000000006	-0.9290290000000001	0.0	-0.5487529999999999	-0.7926479999999999	-0.26566799999999996	0.0	-0.5028699999999999	0.6653640000000001	-2.07048	0.360401	
0	0.8377120000000001	0.32881900000000003	0.43602399999999997	0.0	-0.500116	0.141192	0.8543709999999999	0.0	0.21936999999999998	-0.9337790000000001	0.28272600000000003	0.0	-3.04672	-2.9599900000000003	-1.90595	0.105276	-0.751109	0.608029	-0.25717199999999996	0.0	0.36495900000000003	0.0578144	-0.929227	0.0	-0.550128	-0.7918069999999999	-0.265331	0.0	-0.508944	0.6693100000000001	-2.07191	0.360387	
0	0.835642	0.337385	0.43344499999999997	0.0	-0.499083	0.136825	0.855684	0.0	0.22938899999999998	-0.93137	0.28271999999999997	0.0	-2.98032	-2.8571	-1.90163	0.10526500000000001	-0.7511359999999999	0.60836	-0.256306	0.0	0.364638	0.0586947	-0.929298	0.0	-0.550304	-0.791488	-0.265919	0.0	-0.509283	0.667567	-2.07917	0.36028499999999997	
0	0.839716	0.335108	0.42729300000000003	0.0	-0.492696	0.139329	0.858975	0.0	0.228316	-0.9318209999999999	0.282103	0.0	-2.9243799999999998	-2.77601	-1.91992	0.105451	-0.751287	0.608611	-0.255268	0.0	0.364883	0.0607442	-0.9290700000000001	0.0	-0.549936	-0.791141	-0.267708	0.0	-0.511604	0.663329	-2.08224	0.360214	
0	0.834191	0.329859	0.441949	0.0	-0.505555	0.137253	0.851807	0.0	0.22031799999999999	-0.933999	0.28125700000000003	0.0	-2.88872	-2.70675	-1.91835	0.10546300000000002	-0.751113	0.609175	-0.254434	0.0	0.364739	0.0616817	-0.9290649999999999	0.0	-0.550269	-0.7906340000000001	-0.26852	0.0	-0.509703	0.6570699999999999	-2.08252	0.360255	
0	0.8361790000000001	0.321023	0.44469	0.0	-0.505945	0.138505	0.8513729999999999	0.0	0.21171900000000002	-0.936889	0.278235	0.0	-2.8466400000000003	-2.56521	-1.89589	0.105449	-0.7501329999999999	0.610305	-0.25461500000000004	0.0	0.365639	0.06196709999999999	-0.928692	0.0	-0.5510079999999999	-0.7897390000000001	-0.269635	0.0	-0.5066649999999999	0.658287	-2.0834200000000003	0.360106	
0	0.8350870000000001	0.32696	0.44241099999999994	0.0	-0.5024609999999999	0.125914	0.855382	0.0	0.22396999999999997	-0.9366129999999999	0.269433	0.0	-2.85878	-2.3953	-1.8769200000000001	0.105608	-0.7491770000000001	0.6130479999999999	-0.250813	0.0	0.363609	0.0641321	-0.929342	0.0	-0.5536449999999999	-0.787439	-0.270956	0.0	-0.512193	0.653093	-2.0905	0.360155	
0	0.8318040000000001	0.33471799999999996	0.44279399999999997	0.0	-0.500801	0.10853	0.8587319999999999	0.0	0.239377	-0.936048	0.257903	0.0	-2.8788	-2.2911900000000003	-1.8912	0.10815799999999999	-0.747924	0.615646	-0.24817399999999998	0.0	0.363159	0.0665563	-0.9293469999999999	0.0	-0.555631	-0.785208	-0.273357	0.0	-0.5229779999999999	0.64822	-2.0978	0.36	
0	0.8306370000000001	0.355145	0.428853	0.0	-0.474357	0.0479979	0.879023	0.0	0.291596	-0.933578	0.20833400000000002	0.0	-2.9485	-2.04812	-1.95218	0.110982	-0.738438	0.624758	-0.253745	0.0	0.368201	0.0583254	-0.9279149999999999	0.0	-0.564923	-0.778637	-0.273107	0.0	-0.555425	0.620529	-2.10454	0.360048	
0	0.813554	0.403565	0.418646	0.0	-0.46036499999999997	0.0071833	0.8877010000000001	0.0	0.355238	-0.9149229999999999	0.191631	0.0	-2.76392	-1.8076400000000001	-1.97511	0.10873	-0.7341810000000001	0.623901	-0.267818	0.0	0.378311	0.0483629	-0.924414	0.0	-0.5637909999999999	-0.7800060000000001	-0.271536	0.0	-0.564511	0.593823	-2.1008299999999998	0.360401	
0	0.793552	0.49312399999999995	0.356516	0.0	-0.38309	-0.0503448	0.9223379999999999	0.0	0.47277600000000003	-0.868501	0.14895999999999998	0.0	-2.6106700000000003	-1.44521	-2.10471	0.10769100000000001	-0.724155	0.6199640000000001	-0.302066	0.0	0.400336	0.0212528	-0.9161219999999999	0.0	-0.561543	-0.784342	-0.263585	0.0	-0.550782	0.45739300000000005	-2.10902	0.36041799999999996	
