0	0.593132	0.516197	-0.617846	0.0	0.684717	0.08025239999999999	0.724377	0.0	0.423505	-0.8527020000000001	-0.305849	0.0	-2.7396700000000003	2.0	1.46191	0.0	-0.589125	0.527998	-0.6116779999999999	0.0	0.7493350000000001	0.0737147	-0.658075	0.0	-0.302373	-0.84604	-0.439075	0.0	2.64899	1.99815	1.5521200000000002	0.00583835	
0	0.05086330000000001	0.810488	-0.583542	0.0	-0.024490400000000002	0.5851350000000001	0.810566	0.0	0.9984049999999999	-0.026936900000000003	0.049611	0.0	-2.7741700000000002	1.90733	1.4227100000000001	2.52724e-05	-0.17319400000000001	0.8556969999999999	-0.487633	0.0	0.18751900000000002	-0.457409	-0.8692610000000001	0.0	-0.966872	-0.24199099999999998	-0.08123910000000001	0.0	2.69096	2.02107	1.64516	0.00562093	
0	-0.0371975	0.8132060000000001	-0.5807859999999999	0.0	-0.153502	0.569641	0.8074319999999999	0.0	0.987448	0.11918599999999999	0.10363900000000001	0.0	-2.86443	1.82518	1.47971	0.0	-0.15087799999999998	0.8626	-0.482863	0.0	0.136321	-0.465633	-0.8744149999999999	0.0	-0.979108	-0.197755	-0.0473371	0.0	2.76251	2.01646	1.63768	0.0	
0	-0.0770128	0.82915	-0.553697	0.0	-0.0980743	0.546353	0.831793	0.0	0.992195	0.118362	0.039242	0.0	-2.90502	1.80265	1.45197	0.0	-0.0958755	0.8780020000000001	-0.46895699999999996	0.0	0.112384	-0.458567	-0.881525	0.0	-0.989029	-0.13722	-0.0547078	0.0	2.79081	2.09333	1.57505	0.281537	
0	-0.132668	0.798841	-0.586731	0.0	-0.0576865	0.584737	0.8091689999999999	0.0	0.9894809999999999	0.141197	-0.031493400000000005	0.0	-2.90016	1.84991	1.3707	0.351699	-0.106647	0.876132	-0.470128	0.0	0.10321	-0.460516	-0.8816309999999999	0.0	-0.988926	-0.142545	-0.041313	0.0	2.7036700000000002	2.1154599999999997	1.54769	0.36167	
0	-0.10916700000000001	0.815248	-0.568729	0.0	-0.022586000000000002	0.569966	0.821357	0.0	0.993767	0.10251099999999999	-0.0438085	0.0	-2.7765	1.8680599999999998	1.39337	0.35076799999999997	-0.143549	0.8759040000000001	-0.46063699999999996	0.0	0.0975928	-0.45066000000000006	-0.887345	0.0	-0.984819	-0.17233199999999999	-0.02079	0.0	2.64215	2.1189	1.59523	0.361838	
0	-0.07508739999999998	0.8418479999999999	-0.534465	0.0	-0.00358292	0.535747	0.8443709999999999	0.0	0.9971700000000001	0.06531659999999999	-0.0372115	0.0	-2.74799	1.8091	1.4003	0.35009	-0.1814	0.8811110000000001	-0.43673599999999996	0.0	0.0963963	-0.426033	-0.8995569999999999	0.0	-0.9786739999999999	-0.205279	-0.00765345	0.0	2.56792	2.10638	1.60101	0.36225799999999997	
0	-0.0569321	0.86015	-0.506854	0.0	0.0081625	0.508061	0.861282	0.0	0.998345	0.0448973	-0.035946	0.0	-2.71485	1.7769099999999998	1.39539	0.34975900000000004	-0.210106	0.8830950000000001	-0.419522	0.0	0.0931529	-0.409066	-0.9077379999999999	0.0	-0.973231	-0.22980100000000003	0.00368422	0.0	2.50106	2.08458	1.58438	0.362166	
0	-0.0462699	0.8662059999999999	-0.49754	0.0	0.022711500000000003	0.498857	0.8663870000000001	0.0	0.9986709999999999	0.0287877	-0.042754900000000005	0.0	-2.71119	1.72795	1.3851200000000001	0.349574	-0.22227800000000003	0.882549	-0.414368	0.0	0.09227780000000001	-0.404049	-0.910071	0.0	-0.970607	-0.24052600000000002	0.00837168	0.0	2.45712	2.06503	1.56189	0.362072	
0	-0.0247866	0.875461	-0.48265399999999997	0.0	0.0254235	0.48319799999999996	0.875142	0.0	0.9993700000000001	0.00942105	-0.0342342	0.0	-2.66613	1.69938	1.40326	0.349671	-0.225677	0.883927	-0.409565	0.0	0.09051469999999999	-0.399567	-0.912225	0.0	-0.969988	-0.242939	0.010164399999999999	0.0	2.43704	2.04242	1.5448600000000001	0.362377	
0	-0.0211861	0.872597	-0.48798100000000005	0.0	0.030058099999999997	0.488426	0.8720870000000001	0.0	0.999324	0.00380829	-0.036576599999999994	0.0	-2.64063	1.6873200000000002	1.41513	0.350025	-0.230843	0.885626	-0.402961	0.0	0.0919291	-0.392443	-0.915171	0.0	-0.9686379999999999	-0.24830500000000003	0.00917783	0.0	2.42941	2.01472	1.54624	0.36254400000000003	
0	-0.0189729	0.872497	-0.488252	0.0	0.024435400000000003	0.488598	0.872167	0.0	0.9995209999999999	0.00461692	-0.03059	0.0	-2.61456	1.68294	1.43126	0.349729	-0.230764	0.888769	-0.39602800000000005	0.0	0.0994738	-0.383332	-0.9182379999999999	0.0	-0.9679120000000001	-0.251291	4.99785e-05	0.0	2.4316299999999997	1.9990900000000003	1.5420399999999999	0.362019	
0	-0.018679400000000002	0.8742639999999999	-0.485092	0.0	0.021866200000000002	0.485418	0.874009	0.0	0.9995870000000001	0.00571871	-0.0281842	0.0	-2.57711	1.68071	1.44204	0.34991700000000003	-0.22390300000000002	0.889834	-0.397571	0.0	0.103243	-0.383977	-0.9175530000000001	0.0	-0.9691280000000001	-0.24648899999999999	-0.00589567	0.0	2.42682	1.93605	1.5031	0.362106	
0	-0.00792339	0.8767510000000001	-0.480879	0.0	0.0198209	0.480937	0.876531	0.0	0.9997719999999999	-0.00258642	-0.0211887	0.0	-2.54522	1.67839	1.45333	0.350245	-0.22028000000000003	0.888417	-0.40273200000000003	0.0	0.100596	-0.389981	-0.9153120000000001	0.0	-0.9702360000000001	-0.24213800000000002	-0.00346592	0.0	2.421	1.90802	1.48333	0.362481	
0	-0.000178367	0.880743	-0.47359399999999996	0.0	0.0192774	0.473509	0.8805780000000001	0.0	0.999814	-0.00897262	-0.017062900000000002	0.0	-2.52694	1.67167	1.47214	0.35007699999999997	-0.224728	0.8845069999999999	-0.40883400000000003	0.0	0.104539	-0.395259	-0.912602	0.0	-0.9687979999999999	-0.24782600000000002	-0.00363943	0.0	2.41343	1.87896	1.50211	0.362406	
0	0.025982400000000003	0.8933760000000001	-0.448558	0.0	0.0363674	0.447567	0.89351	0.0	0.999001	-0.0395283	-0.0208609	0.0	-2.5377099999999997	1.6430099999999999	1.4964600000000001	0.349794	-0.228402	0.883599	-0.40876	0.0	0.108021	-0.394266	-0.912626	0.0	-0.967556	-0.252601	-0.00539637	0.0	2.41178	1.88906	1.52459	0.362496	
0	0.045701599999999995	0.8969020000000001	-0.439862	0.0	0.0447233	0.438043	0.897841	0.0	0.9979530000000001	-0.0607048	-0.0200931	0.0	-2.55188	1.56027	1.49704	0.349113	-0.230973	0.8847309999999999	-0.40485	0.0	0.1121	-0.38913200000000003	-0.914336	0.0	-0.9664809999999999	-0.256571	-0.00929993	0.0	2.4133	1.87442	1.49848	0.36256900000000003	
0	0.0780156	0.9037209999999999	-0.42095299999999997	0.0	0.0508961	0.418079	0.906984	0.0	0.9956520000000001	-0.09218380000000001	-0.0133793	0.0	-2.55483	1.5181	1.4971299999999998	0.349114	-0.23749699999999999	0.88481	-0.400881	0.0	0.117092	-0.383603	-0.9160450000000001	0.0	-0.964305	-0.264498	-0.012499600000000001	0.0	2.4226400000000003	1.8458599999999998	1.49312	0.362546	
0	0.113384	0.9099809999999999	-0.398848	0.0	0.0490094	0.395825	0.917017	0.0	0.9923420000000001	-0.123522	0.000282764	0.0	-2.55143	1.47148	1.49549	0.34976399999999996	-0.23942199999999997	0.883342	-0.402968	0.0	0.120143	-0.384895	-0.915107	0.0	-0.9634530000000001	-0.267511	-0.013975	0.0	2.42587	1.8296	1.5049299999999999	0.362619	
0	0.130384	0.915507	-0.380587	0.0	0.0438768	0.378159	0.9247	0.0	0.990492	-0.137265	0.00913638	0.0	-2.5434400000000004	1.45179	1.47866	0.350144	-0.244331	0.880732	-0.40572600000000003	0.0	0.122893	-0.386909	-0.913892	0.0	-0.961873	-0.27315300000000003	-0.013702200000000001	0.0	2.43222	1.82903	1.51461	0.362681	
0	0.14095	0.9204700000000001	-0.36451100000000003	0.0	0.043246	0.36211	0.9311309999999999	0.0	0.989072	-0.147006	0.011232700000000002	0.0	-2.5406400000000002	1.44355	1.46269	0.350225	-0.243392	0.880026	-0.40781799999999996	0.0	0.129387	-0.387245	-0.912853	0.0	-0.961259	-0.274947	-0.019611700000000003	0.0	2.46772	1.84493	1.4865899999999999	0.36241799999999996	
0	0.14538399999999999	0.9242370000000001	-0.353056	0.0	0.034474199999999997	0.351898	0.9354030000000001	0.0	0.9887739999999999	-0.14816400000000002	0.0192981	0.0	-2.52331	1.4263700000000001	1.4790299999999998	0.350578	-0.243903	0.880755	-0.405933	0.0	0.128104	-0.385646	-0.91371	0.0	-0.961302	-0.274858	-0.018768	0.0	2.4756	1.83696	1.51241	0.362591	
0	0.145815	0.925515	-0.349514	0.0	0.030891700000000005	0.348858	0.936666	0.0	0.9888299999999999	-0.147377	0.022278	0.0	-2.50658	1.4175799999999998	1.49411	0.350721	-0.245277	0.882128	-0.402106	0.0	0.130204	-0.38104299999999997	-0.915343	0.0	-0.96067	-0.27686900000000003	-0.0213959	0.0	2.4758299999999998	1.8316599999999998	1.52752	0.362616	
0	0.145858	0.9255190000000001	-0.349485	0.0	0.0309244	0.348825	0.9366770000000001	0.0	0.988822	-0.147429	0.0222577	0.0	-2.50723	1.4174799999999999	1.49353	0.350704	-0.24519499999999997	0.882044	-0.402341	0.0	0.130142	-0.381307	-0.915242	0.0	-0.960699	-0.27677399999999996	-0.0212965	0.0	2.47663	1.8328200000000001	1.5262200000000001	0.362628	
0	0.145857	0.9255190000000001	-0.349487	0.0	0.030925400000000002	0.348827	0.9366770000000001	0.0	0.988822	-0.147429	0.022256900000000003	0.0	-2.50726	1.4175	1.4935	0.350704	-0.24519200000000002	0.882043	-0.402345	0.0	0.13014	-0.381311	-0.915241	0.0	-0.9607	-0.276771	-0.0212945	0.0	2.47663	1.8328200000000001	1.5262	0.362627	
0	0.145857	0.9255180000000001	-0.349487	0.0	0.030925599999999998	0.348827	0.9366770000000001	0.0	0.988822	-0.147429	0.022256599999999998	0.0	-2.50726	1.4175	1.4935	0.350704	-0.24519200000000002	0.882043	-0.402345	0.0	0.13014	-0.381312	-0.9152399999999999	0.0	-0.9607	-0.276771	-0.0212945	0.0	2.47663	1.8328200000000001	1.5262	0.362627	
0	0.145857	0.9255180000000001	-0.349488	0.0	0.030925599999999998	0.348827	0.9366770000000001	0.0	0.988822	-0.147429	0.022256599999999998	0.0	-2.50726	1.4175	1.4935	0.35070500000000004	-0.24519200000000002	0.882043	-0.402346	0.0	0.13014	-0.381312	-0.9152399999999999	0.0	-0.9607	-0.276771	-0.0212944	0.0	2.47663	1.8328200000000001	1.5262	0.362627	
0	0.145857	0.9255180000000001	-0.349488	0.0	0.030925599999999998	0.348827	0.9366770000000001	0.0	0.988822	-0.147429	0.022256599999999998	0.0	-2.50726	1.4175	1.4935	0.35070500000000004	-0.24519200000000002	0.882043	-0.402345	0.0	0.13014	-0.381312	-0.9152399999999999	0.0	-0.9607	-0.276771	-0.0212944	0.0	2.47663	1.8328200000000001	1.5262	0.362628	
0	0.145857	0.9255180000000001	-0.349487	0.0	0.0309258	0.348827	0.9366770000000001	0.0	0.988822	-0.147429	0.022256599999999998	0.0	-2.50726	1.4175	1.4935	0.350704	-0.24519200000000002	0.882043	-0.402345	0.0	0.13014	-0.381312	-0.9152399999999999	0.0	-0.9607	-0.276771	-0.0212944	0.0	2.47663	1.8328200000000001	1.5262	0.362627	
0	0.145857	0.9255180000000001	-0.349487	0.0	0.0309257	0.348827	0.9366770000000001	0.0	0.988822	-0.147429	0.022256599999999998	0.0	-2.50726	1.4175	1.4935	0.350704	-0.24519200000000002	0.882043	-0.402345	0.0	0.13014	-0.381312	-0.9152399999999999	0.0	-0.9607	-0.276771	-0.0212944	0.0	2.47663	1.8328200000000001	1.5262	0.362627	
0	0.145857	0.9255180000000001	-0.349488	0.0	0.0309257	0.348827	0.9366770000000001	0.0	0.988822	-0.147429	0.0222567	0.0	-2.50726	1.4175	1.4935	0.350704	-0.24519200000000002	0.882043	-0.402345	0.0	0.13014	-0.381312	-0.9152399999999999	0.0	-0.9607	-0.276771	-0.0212944	0.0	2.47663	1.8328200000000001	1.5262	0.362627	
0	0.145857	0.9255180000000001	-0.349487	0.0	0.0309257	0.348827	0.9366770000000001	0.0	0.988822	-0.147429	0.022256599999999998	0.0	-2.50726	1.4175	1.4935	0.350704	-0.24519200000000002	0.882043	-0.402346	0.0	0.13014	-0.381312	-0.9152399999999999	0.0	-0.9607	-0.276771	-0.0212944	0.0	2.47663	1.8328200000000001	1.5262	0.362628	
0	0.145857	0.9255180000000001	-0.349487	0.0	0.0309257	0.348827	0.9366770000000001	0.0	0.988822	-0.147429	0.022256599999999998	0.0	-2.50726	1.4175	1.4935	0.350704	-0.24519200000000002	0.882043	-0.402346	0.0	0.13014	-0.381312	-0.9152399999999999	0.0	-0.9607	-0.276771	-0.0212945	0.0	2.47663	1.8328200000000001	1.5262	0.362627	
0	0.145857	0.9255180000000001	-0.349488	0.0	0.030925599999999998	0.348827	0.9366770000000001	0.0	0.988822	-0.147429	0.022256599999999998	0.0	-2.50726	1.4175	1.4935	0.35070500000000004	-0.24519200000000002	0.882043	-0.402345	0.0	0.13014	-0.381312	-0.9152399999999999	0.0	-0.9607	-0.276771	-0.0212945	0.0	2.47663	1.8328200000000001	1.5262	0.362628	
0	0.145857	0.9255180000000001	-0.349487	0.0	0.030925599999999998	0.348827	0.9366770000000001	0.0	0.988822	-0.147429	0.022256599999999998	0.0	-2.50726	1.4175	1.4935	0.350704	-0.24519200000000002	0.882043	-0.402345	0.0	0.13014	-0.381312	-0.9152399999999999	0.0	-0.9607	-0.276771	-0.0212945	0.0	2.47663	1.8328200000000001	1.5262	0.362627	
0	0.145857	0.9255180000000001	-0.349487	0.0	0.0309257	0.348827	0.9366770000000001	0.0	0.988822	-0.147429	0.022256599999999998	0.0	-2.50726	1.4175	1.4935	0.350704	-0.24519200000000002	0.882043	-0.402345	0.0	0.13014	-0.381312	-0.9152399999999999	0.0	-0.9607	-0.276771	-0.0212945	0.0	2.47663	1.8328200000000001	1.5262	0.362628	
0	0.145857	0.9255180000000001	-0.349487	0.0	0.0309258	0.348827	0.9366770000000001	0.0	0.988822	-0.147429	0.022256599999999998	0.0	-2.50726	1.4175	1.4935	0.350704	-0.24519200000000002	0.882043	-0.402345	0.0	0.13014	-0.381312	-0.9152399999999999	0.0	-0.9607	-0.276771	-0.0212944	0.0	2.47663	1.8328200000000001	1.5262	0.362627	
0	0.145857	0.9255180000000001	-0.349487	0.0	0.0309257	0.348827	0.9366770000000001	0.0	0.988822	-0.147429	0.022256599999999998	0.0	-2.50726	1.4175	1.4935	0.350704	-0.24519200000000002	0.882043	-0.402345	0.0	0.13014	-0.381312	-0.9152399999999999	0.0	-0.9607	-0.276771	-0.0212944	0.0	2.47663	1.8328200000000001	1.5262	0.362628	
0	0.145857	0.9255180000000001	-0.349487	0.0	0.0309258	0.348827	0.9366770000000001	0.0	0.988822	-0.147429	0.022256599999999998	0.0	-2.50726	1.4175	1.4935	0.350704	-0.24519200000000002	0.882043	-0.402345	0.0	0.13014	-0.381312	-0.9152399999999999	0.0	-0.9607	-0.276771	-0.0212944	0.0	2.47663	1.8328200000000001	1.5262	0.362627	
0	0.145857	0.9255180000000001	-0.349487	0.0	0.0309257	0.348827	0.9366770000000001	0.0	0.988822	-0.147429	0.022256599999999998	0.0	-2.50726	1.4175	1.4935	0.350704	-0.24519200000000002	0.882043	-0.402345	0.0	0.13014	-0.381312	-0.9152399999999999	0.0	-0.9607	-0.276771	-0.0212945	0.0	2.47663	1.8328200000000001	1.5262	0.362628	
0	0.482458	0.8757389999999999	-0.0177686	0.0	0.0239266	0.00710195	0.9996889999999999	0.0	0.875592	-0.48273299999999997	-0.0175271	0.0	-2.4516299999999998	1.20869	1.44764	0.34949	-0.32914099999999996	0.929933	-0.163983	0.0	0.174322	-0.11083599999999999	-0.9784309999999999	0.0	-0.9280510000000001	-0.350628	-0.125627	0.0	2.43457	1.7800599999999998	1.54494	0.363224	
0	0.660453	0.739133	0.13222799999999998	0.0	-0.0946022	-0.092787	0.991182	0.0	0.744884	-0.667138	0.00864202	0.0	-2.48132	0.845944	1.29729	0.350144	-0.337212	0.9293899999999999	-0.150072	0.0	0.16985999999999998	-0.09672819999999999	-0.9807100000000001	0.0	-0.9259780000000001	-0.356199	-0.125248	0.0	2.44393	1.6822099999999998	1.47119	0.363161	
0	0.7440439999999999	0.646443	0.168852	0.0	-0.128322	-0.10975499999999999	0.985641	0.0	0.655692	-0.755027	0.00129025	0.0	-2.54685	0.499222	1.09484	0.349524	-0.33270900000000003	0.931385	-0.14773699999999998	0.0	0.154558	-0.100688	-0.9828399999999999	0.0	-0.930278	-0.349833	-0.110454	0.0	2.42255	1.5985200000000002	1.42774	0.36344099999999996	
0	0.817243	0.5317970000000001	0.22204899999999997	0.0	-0.183872	-0.124552	0.9750270000000001	0.0	0.5461739999999999	-0.8376620000000001	-0.00400661	0.0	-2.6365	0.00626833	0.756608	0.350042	-0.347883	0.926652	-0.142458	0.0	0.14599	-0.0965541	-0.984563	0.0	-0.9261020000000001	-0.36330999999999997	-0.10169199999999999	0.0	2.3582099999999997	1.46894	1.32282	0.364002	
0	0.856043	0.457265	0.241037	0.0	-0.215423	-0.10828399999999999	0.970499	0.0	0.469876	-0.8827139999999999	0.00581016	0.0	-2.70473	-0.386563	0.502996	0.34934299999999996	-0.396165	0.908479	-0.133113	0.0	0.151251	-0.07842400000000001	-0.9853799999999999	0.0	-0.9056360000000001	-0.41050600000000004	-0.10634	0.0	2.29126	1.2770700000000001	1.19795	0.363832	
0	0.870568	0.406294	0.277553	0.0	-0.255385	-0.109051	0.96067	0.0	0.42058199999999996	-0.9072120000000001	0.00882486	0.0	-2.748	-0.83552	0.260941	0.35008	-0.423087	0.8969219999999999	-0.12856700000000001	0.0	0.150386	-0.07041410000000001	-0.986117	0.0	-0.8935219999999999	-0.436547	-0.105093	0.0	2.23103	1.07281	1.05284	0.36401500000000003	
0	0.881501	0.355848	0.310368	0.0	-0.286587	-0.119189	0.9506110000000001	0.0	0.375266	-0.9269120000000001	-0.00308375	0.0	-2.74856	-1.16727	0.033051800000000006	0.34991700000000003	-0.42226800000000003	0.8959879999999999	-0.137459	0.0	0.145741	-0.082563	-0.985872	0.0	-0.8946780000000001	-0.43633500000000003	-0.095719	0.0	2.17291	0.95076	0.9669629999999999	0.363983	
0	0.8849299999999999	0.320365	0.33803	0.0	-0.317826	-0.11511300000000001	0.941135	0.0	0.340419	-0.9402739999999999	-4.61955e-05	0.0	-2.7682700000000002	-1.50345	-0.256314	0.349881	-0.426494	0.8929219999999999	-0.1442	0.0	0.14093599999999998	-0.0918735	-0.9857469999999999	0.0	-0.893443	-0.440738	-0.0866615	0.0	2.11076	0.872742	0.918752	0.36396799999999996	
0	0.8832049999999999	0.28279899999999997	0.374131	0.0	-0.35682800000000003	-0.112473	0.927374	0.0	0.30434	-0.9525620000000001	0.00157451	0.0	-2.80215	-1.81827	-0.5251359999999999	0.349373	-0.429075	0.891992	-0.142288	0.0	0.131899	-0.0939642	-0.9868	0.0	-0.8935870000000001	-0.44217799999999996	-0.0773354	0.0	2.05618	0.770119	0.8598709999999999	0.363978	
0	0.8740969999999999	0.249513	0.41677	0.0	-0.400479	-0.115389	0.909012	0.0	0.274901	-0.9614719999999999	-0.000936129	0.0	-2.80274	-2.0558	-0.767037	0.348775	-0.431899	0.891224	-0.138503	0.0	0.11771500000000001	-0.09654960000000001	-0.9883430000000001	0.0	-0.894207	-0.443168	-0.0632104	0.0	1.99735	0.692077	0.820081	0.363983	
0	0.865842	0.210567	0.45385	0.0	-0.436771	-0.124326	0.89094	0.0	0.24402800000000002	-0.969642	-0.015677700000000003	0.0	-2.81752	-2.2337700000000003	-0.9695729999999999	0.34877600000000003	-0.454164	0.880907	-0.133183	0.0	0.11790199999999999	-0.0887472	-0.989052	0.0	-0.8830819999999999	-0.464894	-0.063555	0.0	1.93787	0.5722520000000001	0.774113	0.363892	
0	0.866618	0.16251300000000002	0.471765	0.0	-0.460338	-0.10438599999999999	0.8815850000000001	0.0	0.19251500000000002	-0.9811690000000001	-0.015652000000000003	0.0	-2.85962	-2.4073700000000002	-1.13731	0.348421	-0.465988	0.873707	-0.13961600000000002	0.0	0.11379600000000001	-0.0973035	-0.988728	0.0	-0.8774430000000001	-0.47662200000000005	-0.054082500000000006	0.0	1.9066599999999998	0.43169799999999997	0.731012	0.363965	
0	0.8652559999999999	0.150171	0.47831	0.0	-0.466079	-0.11048399999999998	0.877818	0.0	0.184668	-0.982467	-0.025606	0.0	-2.90795	-2.4943	-1.22454	0.348463	-0.464843	0.874066	-0.141173	0.0	0.111858	-0.100194	-0.98866	0.0	-0.8782989999999999	-0.47536300000000004	-0.0511971	0.0	1.89762	0.385766	0.714222	0.36397399999999996	
0	0.867933	0.15115599999999998	0.473121	0.0	-0.45912299999999995	-0.11920599999999999	0.880339	0.0	0.189467	-0.981296	-0.034063199999999995	0.0	-3.02053	-2.7499700000000002	-1.49548	0.359385	-0.4598	0.8755709999999999	-0.14819100000000002	0.0	0.110056	-0.109405	-0.987886	0.0	-0.8811770000000001	-0.47053900000000004	-0.04605719999999999	0.0	1.8795400000000002	0.34220900000000004	0.697633	0.363966	
0	0.871625	0.19073199999999998	0.451543	0.0	-0.44013500000000005	-0.100939	0.8922399999999999	0.0	0.215757	-0.976439	-0.00403295	0.0	-3.07041	-2.92312	-1.59037	0.357082	-0.46066	0.8743479999999999	-0.152667	0.0	0.11046099999999999	-0.114192	-0.9872989999999999	0.0	-0.880676	-0.47167299999999995	-0.0439777	0.0	1.87048	0.337279	0.705638	0.363996	
0	0.869223	0.21435500000000002	0.445536	0.0	-0.43752299999999994	-0.0862072	0.895066	0.0	0.23026999999999997	-0.972944	0.0188519	0.0	-3.06325	-2.95982	-1.61754	0.357986	-0.465109	0.8711190000000001	-0.15756199999999998	0.0	0.113909	-0.11761400000000001	-0.986505	0.0	-0.8778940000000001	-0.47678000000000004	-0.0445248	0.0	1.87346	0.342854	0.720001	0.363966	
0	0.8698469999999999	0.232366	0.435169	0.0	-0.429942	-0.0754714	0.899697	0.0	0.24190100000000003	-0.9696959999999999	0.034255	0.0	-3.0315	-2.9576599999999997	-1.61284	0.359306	-0.466814	0.869892	-0.15929000000000001	0.0	0.11639100000000001	-0.11812	-0.9861549999999999	0.0	-0.876663	-0.478891	-0.0461079	0.0	1.88412	0.34285	0.7346689999999999	0.363982	
0	0.870293	0.248808	0.42507	0.0	-0.42329700000000003	-0.063395	0.9037700000000001	0.0	0.251813	-0.966476	0.050147500000000005	0.0	-2.97687	-2.9254599999999997	-1.54082	0.36046100000000003	-0.464533	0.8704879999999999	-0.162667	0.0	0.11965799999999999	-0.120305	-0.985499	0.0	-0.8774350000000001	-0.477261	-0.0482755	0.0	1.9144299999999999	0.342584	0.730822	0.36398600000000003	
0	0.871466	0.247932	0.423176	0.0	-0.421994	-0.0606514	0.904568	0.0	0.249937	-0.9668770000000001	0.0517701	0.0	-2.94225	-2.90425	-1.47558	0.360614	-0.46263000000000004	0.8715930000000001	-0.162174	0.0	0.11969400000000001	-0.11984600000000001	-0.9855510000000001	0.0	-0.8784350000000001	-0.47535600000000006	-0.048880099999999996	0.0	1.92458	0.346357	0.726776	0.363987	
0	0.8779459999999999	0.238669	0.41502700000000003	0.0	-0.41482700000000006	-0.053555200000000004	0.908323	0.0	0.239015	-0.9696229999999999	0.0519877	0.0	-2.91768	-2.8834400000000002	-1.43025	0.359896	-0.457887	0.8732120000000001	-0.166855	0.0	0.118629	-0.125993	-0.9849129999999999	0.0	-0.8810600000000001	-0.470772	-0.045898400000000006	0.0	1.91235	0.353064	0.7128770000000001	0.363983	
0	0.896116	0.220741	0.38503200000000004	0.0	-0.388181	-0.030743	0.92107	0.0	0.215155	-0.9748479999999999	0.058138199999999994	0.0	-2.9024099999999997	-2.78532	-1.29257	0.351194	-0.46138	0.8696940000000001	-0.175386	0.0	0.123682	-0.132703	-0.983409	0.0	-0.878539	-0.47541700000000003	-0.046338599999999994	0.0	1.8959	0.364182	0.734957	0.36399000000000004	
0	0.905284	0.224093	0.36089299999999996	0.0	-0.35786	-0.05547919999999999	0.932126	0.0	0.22890500000000003	-0.972987	0.0299694	0.0	-2.9140900000000003	-2.44441	-1.11069	0.350614	-0.458084	0.8687379999999999	-0.18829	0.0	0.133946	-0.141942	-0.980771	0.0	-0.8787590000000001	-0.47449600000000003	-0.05134299999999999	0.0	1.92946	0.43349399999999993	0.811403	0.36398400000000003	
0	0.907885	0.23165	0.349405	0.0	-0.342041	-0.0725885	0.9368770000000001	0.0	0.24239000000000002	-0.970087	0.013331899999999999	0.0	-2.9251099999999997	-2.22605	-0.995964	0.351097	-0.44920699999999997	0.8735229999999999	-0.187539	0.0	0.142684	-0.137074	-0.980231	0.0	-0.8819610000000001	-0.46708500000000003	-0.0630632	0.0	1.9688400000000001	0.48253	0.837823	0.363989	
0	0.91874	0.225906	0.323856	0.0	-0.302585	-0.124155	0.945001	0.0	0.25369	-0.966205	-0.0457103	0.0	-2.93477	-1.42248	-0.512707	0.352086	-0.48445200000000005	0.8645709999999999	-0.1335	0.0	0.162072	-0.061261300000000005	-0.984875	0.0	-0.8596739999999999	-0.498762	-0.110445	0.0	2.06223	0.570577	0.84649	0.364051	
0	0.922958	0.214979	0.319267	0.0	-0.288184	-0.163878	0.943448	0.0	0.255143	-0.9627709999999999	-0.08929930000000001	0.0	-2.94201	-0.88805	-0.1721	0.35051	-0.505443	0.8547819999999999	-0.11779200000000001	0.0	0.153121	-0.0454918	-0.98716	0.0	-0.849165	-0.516989	-0.107892	0.0	2.04851	0.428335	0.7443	0.363969	
0	0.9172809999999999	0.22731700000000002	0.326991	0.0	-0.287579	-0.189908	0.93874	0.0	0.27549	-0.955124	-0.108827	0.0	-2.92067	-0.634266	-0.00218786	0.35041100000000003	-0.515181	0.848593	-0.120326	0.0	0.151093	-0.0482705	-0.98734	0.0	-0.843658	-0.52684	-0.103348	0.0	2.03605	0.336144	0.696611	0.363975	
0	0.917967	0.22585100000000002	0.326081	0.0	-0.286008	-0.19272999999999998	0.9386450000000001	0.0	0.27484000000000003	-0.954907	-0.11232400000000001	0.0	-2.90875	-0.575708	0.0529135	0.350382	-0.505993	0.853276	-0.126063	0.0	0.148541	-0.0577678	-0.987218	0.0	-0.8496520000000001	-0.51825	-0.0975163	0.0	2.01585	0.334973	0.6899069999999999	0.363991	
0	0.9135280000000001	0.22915300000000002	0.33608899999999997	0.0	-0.294601	-0.197018	0.93509	0.0	0.280494	-0.9532430000000001	-0.112473	0.0	-2.89364	-0.5645140000000001	0.0673173	0.351037	-0.499255	0.856234	-0.132692	0.0	0.147029	-0.06720380000000001	-0.9868469999999999	0.0	-0.8538899999999999	-0.5121979999999999	-0.0923392	0.0	1.98858	0.342686	0.689623	0.363975	
0	0.913292	0.227202	0.338049	0.0	-0.29598	-0.199962	0.9340299999999999	0.0	0.27981	-0.953097	-0.11537599999999999	0.0	-2.8864900000000002	-0.570346	0.062350199999999995	0.351337	-0.49777	0.8571030000000001	-0.132666	0.0	0.143619	-0.0693941	-0.9871969999999999	0.0	-0.8553350000000001	-0.51045	-0.0885543	0.0	1.9657	0.344186	0.697915	0.36396999999999996	
0	0.9128719999999999	0.227935	0.33869	0.0	-0.29665	-0.199605	0.9338930000000001	0.0	0.280471	-0.952997	-0.114597	0.0	-2.88002	-0.584488	0.0544202	0.35125700000000004	-0.49815699999999996	0.856823	-0.133017	0.0	0.1433	-0.06994349999999999	-0.9872049999999999	0.0	-0.8551639999999999	-0.510844	-0.0879397	0.0	1.95469	0.345157	0.699639	0.36398	
0	0.9128729999999999	0.22793200000000002	0.338688	0.0	-0.296649	-0.199604	0.933894	0.0	0.280468	-0.952998	-0.114597	0.0	-2.88004	-0.584461	0.05443380000000001	0.351258	-0.49815600000000004	0.856824	-0.133017	0.0	0.143299	-0.0699439	-0.9872049999999999	0.0	-0.8551639999999999	-0.510843	-0.0879391	0.0	1.95472	0.345152	0.699639	0.36398	
0	0.9128729999999999	0.22793200000000002	0.338688	0.0	-0.296648	-0.199604	0.933894	0.0	0.280468	-0.952998	-0.114597	0.0	-2.88004	-0.5844590000000001	0.05443440000000001	0.35125700000000004	-0.49815600000000004	0.856824	-0.133017	0.0	0.143299	-0.0699437	-0.9872049999999999	0.0	-0.8551639999999999	-0.510843	-0.0879388	0.0	1.95472	0.34515100000000004	0.699639	0.36398	
0	0.9128729999999999	0.22793200000000002	0.338688	0.0	-0.296648	-0.199604	0.933894	0.0	0.280467	-0.952998	-0.114597	0.0	-2.88004	-0.5844590000000001	0.054434300000000005	0.35125700000000004	-0.49815600000000004	0.856824	-0.133017	0.0	0.143299	-0.0699438	-0.9872049999999999	0.0	-0.8551639999999999	-0.510843	-0.087939	0.0	1.95472	0.34515100000000004	0.699639	0.36398	
0	0.9128729999999999	0.22793200000000002	0.338688	0.0	-0.296648	-0.199604	0.933894	0.0	0.280468	-0.952998	-0.114597	0.0	-2.88004	-0.5844590000000001	0.054434300000000005	0.351258	-0.49815600000000004	0.856824	-0.133016	0.0	0.143299	-0.0699437	-0.9872049999999999	0.0	-0.8551639999999999	-0.510843	-0.0879388	0.0	1.95472	0.345152	0.699639	0.36398	
0	0.9128729999999999	0.22793200000000002	0.338688	0.0	-0.296648	-0.199604	0.933894	0.0	0.280468	-0.952998	-0.114597	0.0	-2.88004	-0.5844590000000001	0.054434300000000005	0.35125700000000004	-0.49815600000000004	0.856824	-0.133017	0.0	0.143299	-0.0699437	-0.9872049999999999	0.0	-0.8551639999999999	-0.510843	-0.0879388	0.0	1.95472	0.34515100000000004	0.699639	0.36398	
0	0.9128729999999999	0.22793200000000002	0.338688	0.0	-0.296648	-0.199604	0.933894	0.0	0.280467	-0.952998	-0.114597	0.0	-2.88004	-0.5844590000000001	0.054434300000000005	0.35125700000000004	-0.49815600000000004	0.856824	-0.133017	0.0	0.143299	-0.0699437	-0.9872049999999999	0.0	-0.8551639999999999	-0.510843	-0.0879388	0.0	1.95472	0.345152	0.699639	0.36398	
0	0.9128729999999999	0.22793200000000002	0.338688	0.0	-0.296648	-0.199604	0.933894	0.0	0.280468	-0.952998	-0.114597	0.0	-2.88004	-0.5844590000000001	0.054434199999999995	0.351258	-0.49815600000000004	0.856824	-0.133017	0.0	0.143299	-0.0699437	-0.9872049999999999	0.0	-0.8551639999999999	-0.510843	-0.0879388	0.0	1.95472	0.345152	0.699639	0.36398	
0	0.9128729999999999	0.22793200000000002	0.338688	0.0	-0.296648	-0.199604	0.933894	0.0	0.280468	-0.952998	-0.114597	0.0	-2.88004	-0.5844590000000001	0.054434300000000005	0.35125700000000004	-0.49815600000000004	0.856824	-0.133017	0.0	0.143299	-0.0699438	-0.9872049999999999	0.0	-0.8551639999999999	-0.510843	-0.087939	0.0	1.95472	0.345152	0.699639	0.36398	
0	0.9128729999999999	0.22793200000000002	0.338688	0.0	-0.296648	-0.199604	0.933894	0.0	0.280468	-0.952998	-0.114597	0.0	-2.88004	-0.5844590000000001	0.054434199999999995	0.35125700000000004	-0.49815600000000004	0.856824	-0.133017	0.0	0.143299	-0.0699438	-0.9872049999999999	0.0	-0.8551639999999999	-0.510843	-0.087939	0.0	1.95472	0.34515100000000004	0.699639	0.36398	
0	0.9128729999999999	0.22793200000000002	0.338688	0.0	-0.296648	-0.199604	0.933894	0.0	0.280467	-0.952998	-0.114597	0.0	-2.88004	-0.5844590000000001	0.054434300000000005	0.35125700000000004	-0.49815600000000004	0.856824	-0.133017	0.0	0.143299	-0.0699438	-0.9872049999999999	0.0	-0.8551639999999999	-0.510843	-0.087939	0.0	1.95472	0.345152	0.699639	0.36398	
0	0.9128729999999999	0.22793200000000002	0.338688	0.0	-0.296648	-0.199604	0.933894	0.0	0.280467	-0.952998	-0.114597	0.0	-2.88004	-0.5844590000000001	0.054434300000000005	0.35125700000000004	-0.49815600000000004	0.856824	-0.133017	0.0	0.143299	-0.0699437	-0.9872049999999999	0.0	-0.8551639999999999	-0.510843	-0.0879388	0.0	1.95472	0.345152	0.699639	0.36398	
0	0.9128729999999999	0.22793200000000002	0.338688	0.0	-0.296648	-0.199604	0.933894	0.0	0.280468	-0.952998	-0.114597	0.0	-2.88004	-0.5844590000000001	0.05443440000000001	0.35125700000000004	-0.49815600000000004	0.856824	-0.133017	0.0	0.143299	-0.0699437	-0.9872049999999999	0.0	-0.8551639999999999	-0.510843	-0.0879388	0.0	1.95472	0.345152	0.699639	0.36398	
0	0.9128729999999999	0.22793200000000002	0.338688	0.0	-0.296648	-0.199604	0.933894	0.0	0.280468	-0.952998	-0.114597	0.0	-2.88004	-0.5844590000000001	0.054434300000000005	0.35125700000000004	-0.49815600000000004	0.856824	-0.133017	0.0	0.143299	-0.0699437	-0.9872049999999999	0.0	-0.8551639999999999	-0.510843	-0.0879388	0.0	1.95472	0.345152	0.699639	0.36398	
0	0.687871	0.6632	0.294954	0.0	-0.110177	-0.306253	0.9455530000000001	0.0	0.717422	-0.682916	-0.137593	0.0	-2.8204599999999997	-0.686221	-0.119583	0.35033400000000003	-0.44560200000000005	0.8946940000000001	0.0310307	0.0	0.180954	0.12396199999999999	-0.975648	0.0	-0.8767530000000001	-0.42913500000000004	-0.21713600000000002	0.0	1.9305700000000001	0.24931199999999998	0.643242	0.36365	
0	0.695167	0.651414	0.303978	0.0	-0.12751700000000002	-0.304415	0.943966	0.0	0.707448	-0.694976	-0.128553	0.0	-2.7960700000000003	-0.769999	-0.21040100000000003	0.350342	-0.46661199999999997	0.8838870000000001	0.0318969	0.0	0.178964	0.129671	-0.975273	0.0	-0.866167	-0.44936499999999996	-0.21869	0.0	1.9193200000000001	0.183867	0.583433	0.36348	
0	0.728769	0.611164	0.30882600000000004	0.0	-0.172232	-0.2729	0.9465	0.0	0.6627460000000001	-0.74297	-0.0936191	0.0	-2.71374	-1.1601	-0.476278	0.350163	-0.509949	0.859914	0.0223731	0.0	0.165602	0.123662	-0.978409	0.0	-0.8441139999999999	-0.495233	-0.205465	0.0	1.90136	-0.0879349	0.35717	0.363565	
0	0.762352	0.568426	0.309372	0.0	-0.19436900000000001	-0.254866	0.94724	0.0	0.6172850000000001	-0.782263	-0.0838135	0.0	-2.69386	-1.39796	-0.615527	0.35023899999999997	-0.524903	0.8510040000000001	0.016409	0.0	0.15499100000000002	0.11451900000000001	-0.9812559999999999	0.0	-0.836932	-0.512521	-0.19200899999999999	0.0	1.87212	-0.21404499999999999	0.253517	0.363473	
0	0.8172119999999999	0.48124700000000004	0.31712199999999996	0.0	-0.24823	-0.202682	0.94726	0.0	0.520141	-0.8528319999999999	-0.046174	0.0	-2.6956	-1.98298	-0.9864459999999999	0.34965599999999997	-0.542906	0.8397629999999999	0.00716618	0.0	0.137694	0.0974303	-0.985671	0.0	-0.828428	-0.53414	-0.168526	0.0	1.7907099999999998	-0.46598999999999996	0.0433577	0.363985	
0	0.8273659999999999	0.456759	0.326858	0.0	-0.273357	-0.18090799999999999	0.9447479999999999	0.0	0.49065299999999995	-0.871001	-0.0248189	0.0	-2.70808	-2.1943799999999998	-1.11395	0.35038800000000003	-0.5438310000000001	0.83919	0.00282469	0.0	0.130355	0.0877997	-0.9875719999999999	0.0	-0.829009	-0.536704	-0.157141	0.0	1.75942	-0.551617	-0.028759899999999998	0.36398	
0	0.853844	0.370227	0.3659	0.0	-0.346065	-0.12133699999999999	0.9303309999999999	0.0	0.388831	-0.920983	0.024519700000000002	0.0	-2.77947	-2.69081	-1.3693799999999998	0.349997	-0.557908	0.8299030000000001	-0.00045785300000000004	0.0	0.118618	0.0791953	-0.989777	0.0	-0.821383	-0.552258	-0.142625	0.0	1.6707	-0.7200880000000001	-0.168655	0.36398	
0	0.8632280000000001	0.341976	0.371336	0.0	-0.359968	-0.0987302	0.927726	0.0	0.35392199999999996	-0.934508	0.037873800000000006	0.0	-2.84213	-2.84323	-1.43412	0.35017800000000004	-0.561895	0.827199	-0.00405633	0.0	0.114658	0.0730262	-0.990717	0.0	-0.819224	-0.557144	-0.135878	0.0	1.6528	-0.796912	-0.208867	0.363958	
0	0.883258	0.290157	0.368327	0.0	-0.37292600000000004	-0.0414476	0.9269350000000001	0.0	0.284223	-0.956081	0.071598	0.0	-2.9622	-3.0484400000000003	-1.51657	0.34924499999999997	-0.563519	0.8259540000000001	-0.0156993	0.0	0.11405599999999999	0.0589663	-0.9917229999999999	0.0	-0.818192	-0.560645	-0.127434	0.0	1.63191	-0.919242	-0.287956	0.36398	
0	0.894109	0.265311	0.360802	0.0	-0.372506	-0.00665388	0.928006	0.0	0.24861100000000003	-0.96414	0.0928808	0.0	-3.0158400000000003	-3.1661599999999996	-1.5679299999999998	0.34934	-0.5595899999999999	0.8285399999999999	-0.0195165	0.0	0.11411099999999999	0.0537023	-0.992016	0.0	-0.8208770000000001	-0.557348	-0.124597	0.0	1.6207200000000002	-0.9618610000000001	-0.287548	0.36398	
0	0.8911870000000001	0.257619	0.37338699999999997	0.0	-0.38663400000000003	0.000828855	0.922233	0.0	0.23727600000000001	-0.9662459999999999	0.100343	0.0	-3.06704	-3.25442	-1.63048	0.349443	-0.554782	0.8316680000000001	-0.0233651	0.0	0.116914	0.050124	-0.991876	0.0	-0.8237399999999999	-0.553007	-0.12504200000000001	0.0	1.6072899999999999	-0.9847440000000001	-0.290205	0.36397399999999996	
0	0.895142	0.250593	0.36868	0.0	-0.38353200000000004	0.0113935	0.923458	0.0	0.22721100000000002	-0.968026	0.10630899999999999	0.0	-3.0937099999999997	-3.34275	-1.69785	0.349398	-0.552416	0.833174	-0.0256465	0.0	0.116622	0.0467855	-0.992074	0.0	-0.82537	-0.551029	-0.123011	0.0	1.59599	-0.992351	-0.273688	0.363976	
0	0.896133	0.24666	0.368923	0.0	-0.384112	0.014749700000000001	0.923169	0.0	0.222268	-0.96899	0.10796300000000002	0.0	-3.1116099999999998	-3.3910099999999996	-1.7415900000000002	0.34918299999999997	-0.5531590000000001	0.832641	-0.0269329	0.0	0.117424	0.0459211	-0.9920200000000001	0.0	-0.824759	-0.5519069999999999	-0.123173	0.0	1.59175	-0.994627	-0.26685	0.363977	
0	0.8949	0.24900100000000003	0.37034	0.0	-0.387808	0.0232981	0.9214459999999999	0.0	0.22081199999999998	-0.968223	0.117414	0.0	-3.12003	-3.47359	-1.80329	0.349342	-0.554128	0.831686	-0.035221800000000004	0.0	0.12153499999999999	0.0389712	-0.991822	0.0	-0.8235120000000001	-0.5538770000000001	-0.122674	0.0	1.59832	-0.987498	-0.258088	0.363987	
0	0.8917450000000001	0.250165	0.377106	0.0	-0.398169	0.037712	0.916536	0.0	0.21506399999999998	-0.967469	0.13323800000000002	0.0	-3.13475	-3.5581199999999997	-1.83555	0.348723	-0.5552	0.83052	-0.044613	0.0	0.127944	0.0322828	-0.9912559999999999	0.0	-0.821818	-0.556053	-0.12418399999999999	0.0	1.61875	-0.9612139999999999	-0.249842	0.363991	
0	0.890784	0.245497	0.38240799999999997	0.0	-0.40565	0.050284699999999995	0.912644	0.0	0.20482199999999998	-0.968092	0.144379	0.0	-3.13005	-3.64025	-1.83979	0.350817	-0.554198	0.830938	-0.0490514	0.0	0.13106700000000002	0.028918700000000002	-0.990952	0.0	-0.822001	-0.555613	-0.12493499999999999	0.0	1.6284100000000001	-0.941775	-0.240718	0.363964	
0	0.8892469999999999	0.243455	0.387258	0.0	-0.41149300000000005	0.056001199999999994	0.909691	0.0	0.199782	-0.9682940000000001	0.149979	0.0	-3.1271299999999997	-3.6382199999999996	-1.84611	0.35029	-0.5534319999999999	0.831285	-0.0517563	0.0	0.133501	0.0271988	-0.990675	0.0	-0.822125	-0.555181	-0.12603	0.0	1.63144	-0.9368209999999999	-0.23727600000000001	0.363983	
0	0.883525	0.237775	0.403542	0.0	-0.431007	0.07547430000000001	0.8991870000000001	0.0	0.183347	-0.968384	0.169166	0.0	-3.12085	-3.63306	-1.8616700000000002	0.3524	-0.547082	0.8351360000000001	-0.0570077	0.0	0.138775	0.0233266	-0.990049	0.0	-0.8254959999999999	-0.549549	-0.128658	0.0	1.6381	-0.930157	-0.242247	0.363992	
0	0.881338	0.23310300000000003	0.41098199999999996	0.0	-0.438933	0.08199630000000001	0.8947709999999999	0.0	0.174874	-0.968989	0.174583	0.0	-3.11689	-3.63111	-1.8659999999999999	0.353653	-0.545614	0.8361649999999999	-0.055981100000000006	0.0	0.138094	0.0238199	-0.990133	0.0	-0.8265809999999999	-0.5479609999999999	-0.128466	0.0	1.6380000000000001	-0.9400149999999999	-0.24894499999999997	0.363971	
0	0.876447	0.225296	0.425537	0.0	-0.453824	0.0912256	0.886409	0.0	0.160884	-0.97001	0.182199	0.0	-3.11	-3.628	-1.87402	0.354407	-0.541829	0.838482	-0.058041999999999996	0.0	0.138731	0.0211101	-0.9901049999999999	0.0	-0.82896	-0.54452	-0.12776099999999999	0.0	1.6382700000000001	-0.949253	-0.252761	0.363978	
0	0.873426	0.225884	0.43139700000000003	0.0	-0.45896499999999996	0.0858367	0.8842979999999999	0.0	0.162719	-0.9703649999999999	0.178645	0.0	-3.11292	-3.62903	-1.87251	0.35325100000000004	-0.537898	0.840952	-0.0588682	0.0	0.137764	0.018796200000000002	-0.990287	0.0	-0.831677	-0.540783	-0.12596400000000002	0.0	1.63594	-0.9505129999999999	-0.253343	0.363985	
0	0.873426	0.225884	0.43139700000000003	0.0	-0.45896499999999996	0.0858367	0.8842979999999999	0.0	0.162719	-0.9703649999999999	0.178645	0.0	-3.11292	-3.62903	-1.87251	0.35325100000000004	-0.537898	0.840952	-0.0588682	0.0	0.137764	0.018796200000000002	-0.990287	0.0	-0.831677	-0.540783	-0.12596400000000002	0.0	1.63594	-0.9505129999999999	-0.253343	0.363985	
0	0.8732110000000001	0.24234499999999998	0.422813	0.0	-0.463942	0.147775	0.873453	0.0	0.149196	-0.9588700000000001	0.241473	0.0	-3.0857	-3.5964699999999996	-1.95147	0.116752	-0.533806	0.8431190000000001	-0.064825	0.0	0.137312	0.0107821	-0.990469	0.0	-0.834384	-0.53762	-0.121526	0.0	1.6279700000000001	-0.957952	-0.238656	0.36398	
0	0.873079	0.24436300000000002	0.421925	0.0	-0.46384200000000003	0.149549	0.8732040000000001	0.0	0.15028	-0.958083	0.243914	0.0	-3.08621	-3.5964099999999997	-1.95164	0.117052	-0.5344399999999999	0.8426950000000001	-0.0651107	0.0	0.13935799999999998	0.011875799999999999	-0.9901709999999999	0.0	-0.8336389999999999	-0.5382600000000001	-0.12378399999999999	0.0	1.62678	-0.9658450000000001	-0.23909299999999997	0.363991	
0	0.8772139999999999	0.24175	0.414793	0.0	-0.45570900000000003	0.147394	0.877841	0.0	0.15108	-0.9590790000000001	0.239463	0.0	-3.0847599999999997	-3.59635	-1.94891	0.11683299999999999	-0.532686	0.843751	-0.0658095	0.0	0.13953	0.0108604	-0.990158	0.0	-0.8347319999999999	-0.536625	-0.12351400000000001	0.0	1.62916	-0.967076	-0.238519	0.36398400000000003	
0	0.8768879999999999	0.244207	0.414042	0.0	-0.45569399999999993	0.148146	0.8777219999999999	0.0	0.153007	-0.95834	0.24119200000000002	0.0	-3.0851900000000003	-3.5966099999999996	-1.94895	0.11679400000000001	-0.530918	0.844786	-0.06679969999999999	0.0	0.140238	0.00984675	-0.9900690000000001	0.0	-0.8357389999999999	-0.535013	-0.123699	0.0	1.63281	-0.9666889999999999	-0.241319	0.363985	
0	0.8795959999999999	0.244558	0.408047	0.0	-0.450112	0.15020899999999998	0.8802479999999999	0.0	0.153979	-0.9579290000000001	0.242202	0.0	-3.08359	-3.5963199999999995	-1.9473099999999999	0.11730399999999999	-0.528174	0.8465010000000001	-0.0668482	0.0	0.138953	0.00849855	-0.9902629999999999	0.0	-0.8376899999999999	-0.532319	-0.12211300000000001	0.0	1.62836	-0.9616239999999999	-0.24242199999999997	0.36398800000000003	
0	0.887075	0.24168499999999998	0.393303	0.0	-0.43382200000000004	0.145233	0.889216	0.0	0.15779	-0.959425	0.233681	0.0	-3.0744	-3.59386	-1.9363	0.116346	-0.526241	0.8478379999999999	-0.06513200000000001	0.0	0.137943	0.00953543	-0.990394	0.0	-0.839073	-0.53017	-0.12197100000000001	0.0	1.6213	-0.962269	-0.24285700000000002	0.364004	
0	0.893884	0.229686	0.38498699999999997	0.0	-0.43176400000000004	0.21001599999999998	0.8771959999999999	0.0	0.120626	-0.9503360000000001	0.2869	0.0	-3.06713	-3.57122	-1.92927	0.116217	-0.524872	0.8487540000000001	-0.0642408	0.0	0.1369	0.00968736	-0.9905379999999999	0.0	-0.8401	-0.5287	-0.12128	0.0	1.6114700000000002	-0.967025	-0.24376799999999998	0.36398600000000003	
0	0.898222	0.21463000000000002	0.38357600000000003	0.0	-0.419574	0.158636	0.893752	0.0	0.130977	-0.963726	0.23254299999999997	0.0	-3.01206	-3.53516	-1.8660299999999999	0.11626900000000001	-0.5239050000000001	0.8493219999999999	-0.06462029999999999	0.0	0.137511	0.00946575	-0.990455	0.0	-0.8406030000000001	-0.527791	-0.121751	0.0	1.607	-0.983926	-0.250325	0.363992	
0	0.9049	0.19888599999999998	0.376299	0.0	-0.40834299999999996	0.156303	0.8993469999999999	0.0	0.12005	-0.9674780000000001	0.222652	0.0	-3.00564	-3.48561	-1.57134	0.116505	-0.521838	0.850518	-0.0656196	0.0	0.138261	0.00842124	-0.99036	0.0	-0.841766	-0.52588	-0.12198800000000001	0.0	1.60735	-0.997175	-0.257837	0.36399000000000004	
