0	0.117834	0.910703	-0.395898	0.0	0.09857089999999999	0.385979	0.917226	0.0	0.988129	-0.14710499999999999	-0.0442873	0.0	-2.77073	1.89412	1.39103	-6.19888e-06	-0.201269	0.886057	-0.41760600000000003	0.0	0.363286	-0.328404	-0.8718799999999999	0.0	-0.9096780000000001	-0.327192	-0.255794	0.0	2.69651	1.9723400000000002	1.64228	2.2287e-05	
0	-0.0141588	0.9571430000000001	-0.289271	0.0	-0.09525189999999999	0.286693	0.953276	0.0	0.995353	0.041050800000000005	0.08711039999999999	0.0	-2.74779	1.7458200000000001	1.46999	0.0	-0.162248	0.901719	-0.400723	0.0	0.339777	-0.33021500000000004	-0.8806299999999999	0.0	-0.926406	-0.279037	-0.252807	0.0	2.7002200000000003	1.9321700000000002	1.6199299999999999	0.0	
0	-0.092461	0.956676	-0.276084	0.0	-0.0785897	0.269395	0.9598180000000001	0.0	0.99261	0.110443	0.0502763	0.0	-2.75081	1.80614	1.41079	0.0	-0.174766	0.8928520000000001	-0.41505699999999995	0.0	0.377472	-0.32858000000000004	-0.865766	0.0	-0.90938	-0.30797800000000003	-0.279602	0.0	2.70707	1.93249	1.64442	0.0	
0	-0.286409	0.8715350000000001	-0.397991	0.0	-0.0471304	0.402074	0.914394	0.0	0.9569479999999999	0.280648	-0.07408189999999999	0.0	-2.8244	2.10377	1.2080600000000001	0.0598101	-0.139445	0.9141229999999999	-0.380702	0.0	0.355668	-0.312567	-0.8807969999999999	0.0	-0.9241510000000001	-0.258226	-0.281539	0.0	2.7511900000000002	1.9518799999999998	1.5914700000000002	0.23546	
0	-0.36449299999999996	0.8047890000000001	-0.46846499999999996	0.0	-0.0455806	0.48705200000000004	0.872183	0.0	0.93009	0.339258	-0.140844	0.0	-2.88025	2.3548	1.0074100000000001	0.325792	-0.118867	0.921256	-0.370348	0.0	0.339008	-0.312923	-0.887216	0.0	-0.9332440000000001	-0.231012	-0.275118	0.0	2.69372	1.96743	1.55034	0.362142	
0	-0.376973	0.801188	-0.464747	0.0	-0.0469124	0.484605	0.873474	0.0	0.9250360000000001	0.351078	-0.145097	0.0	-2.90698	2.46596	0.9323309999999999	0.32090100000000005	-0.11600899999999999	0.924383	-0.36339899999999997	0.0	0.328685	-0.309528	-0.8922770000000001	0.0	-0.9372879999999999	-0.22295500000000001	-0.267923	0.0	2.6489	1.95449	1.5522200000000002	0.362139	
0	-0.439166	0.718052	-0.53994	0.0	-0.149326	0.534296	0.832003	0.0	0.8859090000000001	0.44601499999999994	-0.127421	0.0	-2.88473	2.60692	0.8769020000000001	0.301117	-0.116472	0.927035	-0.356427	0.0	0.33009499999999997	-0.302338	-0.8942200000000001	0.0	-0.936735	-0.221806	-0.270796	0.0	2.62335	1.9609299999999998	1.5448600000000001	0.362038	
0	-0.494979	0.596066	-0.632219	0.0	-0.211294	0.6231939999999999	0.752984	0.0	0.842823	0.5062949999999999	-0.182522	0.0	-2.8251	2.75875	0.8901319999999999	0.22973600000000002	-0.118656	0.9311200000000001	-0.34487199999999996	0.0	0.330563	-0.29047	-0.8979729999999999	0.0	-0.9362950000000001	-0.220552	-0.273328	0.0	2.61845	1.95143	1.53667	0.362175	
0	-0.520961	0.5301710000000001	-0.6689689999999999	0.0	-0.21994699999999998	0.673878	0.705346	0.0	0.8247559999999999	0.514595	-0.23445500000000002	0.0	-2.83658	2.8567099999999996	0.913904	0.14711400000000002	-0.117217	0.9334020000000001	-0.339148	0.0	0.328998	-0.285722	-0.900069	0.0	-0.9370280000000001	-0.21708200000000002	-0.273596	0.0	2.61496	1.9376099999999998	1.5304200000000001	0.362302	
0	-0.536068	0.50749	-0.6746	0.0	-0.223608	0.685217	0.6931649999999999	0.0	0.814021	0.522429	-0.253844	0.0	-2.83419	2.9441900000000003	0.923538	0.145912	-0.11911500000000001	0.936083	-0.330999	0.0	0.32552600000000004	-0.27812600000000004	-0.903703	0.0	-0.938	-0.215394	-0.27159	0.0	2.58212	1.89611	1.52284	0.362809	
0	-0.5337430000000001	0.502948	-0.679824	0.0	-0.224313	0.690909	0.687261	0.0	0.815353	0.519315	-0.25595	0.0	-2.8462	2.97552	0.9478260000000001	0.137765	-0.127999	0.9352940000000001	-0.329912	0.0	0.328584	-0.27386900000000003	-0.9038959999999999	0.0	-0.9357610000000001	-0.224102	-0.272267	0.0	2.56134	1.85296	1.52091	0.36291100000000004	
0	-0.518018	0.5514439999999999	-0.653886	0.0	-0.195035	0.668165	0.7179949999999999	0.0	0.832838	0.49946499999999994	-0.23856999999999998	0.0	-2.89732	2.98604	0.987892	0.13979	-0.130389	0.936003	-0.32695	0.0	0.332348	-0.269424	-0.903856	0.0	-0.9341	-0.226514	-0.275949	0.0	2.59614	1.83234	1.51235	0.362754	
0	-0.358633	0.776421	-0.518221	0.0	0.00330788	0.556204	0.831039	0.0	0.933473	0.296324	-0.202042	0.0	-2.98351	2.83363	1.0807	0.32245300000000005	-0.133143	0.93639	-0.324726	0.0	0.334077	-0.26606599999999997	-0.9042129999999999	0.0	-0.9330950000000001	-0.228873	-0.277401	0.0	2.60528	1.8153299999999999	1.52995	0.362808	
0	0.036103699999999996	0.971648	-0.233661	0.0	0.081348	0.23018000000000002	0.969742	0.0	0.9960319999999999	-0.0540192	-0.0707313	0.0	-2.8147900000000003	2.38559	1.3551600000000001	0.351875	-0.139597	0.933525	-0.330217	0.0	0.335536	-0.26915900000000004	-0.9027569999999999	0.0	-0.9316270000000001	-0.236821	-0.275658	0.0	2.6108599999999997	1.78105	1.5434700000000001	0.36296999999999996	
0	0.34815999999999997	0.937233	0.019465599999999996	0.0	0.007736799999999999	-0.023637099999999998	0.999691	0.0	0.9374030000000001	-0.347902	-0.0154808	0.0	-2.7582299999999997	1.90457	1.5515700000000001	0.353601	-0.13943699999999998	0.9303110000000001	-0.33923400000000004	0.0	0.330836	-0.279129	-0.9014629999999999	0.0	-0.9333299999999999	-0.23792800000000003	-0.26886	0.0	2.60907	1.74564	1.56398	0.362766	
0	0.447297	0.884805	0.130556	0.0	-0.0783107	-0.10666800000000001	0.9912059999999999	0.0	0.890951	-0.453588	0.0215774	0.0	-2.7569999999999997	1.6136	1.62891	0.353647	-0.141822	0.929257	-0.341127	0.0	0.32734	-0.281197	-0.9020959999999999	0.0	-0.9342030000000001	-0.239601	-0.264304	0.0	2.60835	1.73338	1.57687	0.36284299999999997	
0	0.525418	0.8200129999999999	0.22696599999999997	0.0	-0.158539	-0.167728	0.973002	0.0	0.835943	-0.547216	0.0418765	0.0	-2.7612799999999997	1.45068	1.68337	0.354047	-0.234902	0.923633	-0.30285700000000004	0.0	0.318942	-0.221085	-0.9216280000000001	0.0	-0.9182030000000001	-0.313087	-0.242653	0.0	2.57136	1.7084400000000002	1.6215700000000002	0.36341799999999996	
0	0.57621	0.7639090000000001	0.290559	0.0	-0.214416	-0.201768	0.955676	0.0	0.788675	-0.612971	0.0475333	0.0	-2.84157	1.31679	1.68199	0.354076	-0.38137	0.897589	-0.221113	0.0	0.294257	-0.108877	-0.9495040000000001	0.0	-0.876339	-0.427176	-0.2226	0.0	2.5185	1.6369	1.6701400000000002	0.363652	
0	0.588795	0.733789	0.338931	0.0	-0.26176900000000003	-0.22361199999999998	0.9388690000000001	0.0	0.76472	-0.641523	0.060421800000000005	0.0	-2.85281	1.2262	1.6639599999999999	0.354678	-0.58058	0.813311	-0.038121300000000004	0.0	0.194021	0.09272639999999999	-0.976605	0.0	-0.790748	-0.574393	-0.211635	0.0	2.4386799999999997	1.52472	1.73689	0.363962	
0	0.639018	0.659633	0.39565100000000003	0.0	-0.30459400000000003	-0.25532	0.917624	0.0	0.706313	-0.706892	0.0377661	0.0	-2.87743	1.09362	1.61599	0.353722	-0.730035	0.6660689999999999	0.152973	0.0	0.0329	0.257831	-0.9656299999999999	0.0	-0.682617	-0.699911	-0.210139	0.0	2.33968	1.3496299999999999	1.75875	0.363956	
0	0.672353	0.587727	0.450021	0.0	-0.357026	-0.275082	0.8926709999999999	0.0	0.64844	-0.7608590000000001	0.024881599999999997	0.0	-2.85977	0.8509959999999999	1.50201	0.35420300000000005	-0.7737729999999999	0.55996	0.296176	0.0	-0.123269	0.32551199999999997	-0.9374680000000001	0.0	-0.6213529999999999	-0.761897	-0.182847	0.0	2.15889	1.12195	1.73947	0.364001	
0	0.689469	0.5438109999999999	0.478437	0.0	-0.389857	-0.278074	0.8778879999999999	0.0	0.610446	-0.791798	0.0202848	0.0	-2.81629	0.58463	1.34762	0.352944	-0.787017	0.475887	0.39260300000000004	0.0	-0.23921199999999998	0.351199	-0.905228	0.0	-0.568667	-0.806344	-0.16256199999999998	0.0	1.97931	0.8808739999999999	1.69042	0.36396300000000004	
0	0.697964	0.5085149999999999	0.5042409999999999	0.0	-0.421717	-0.27722399999999997	0.863309	0.0	0.5787939999999999	-0.8152050000000001	0.020957	0.0	-2.75802	0.27979499999999996	1.17865	0.352153	-0.799918	0.413871	0.434561	0.0	-0.300647	0.35032800000000003	-0.887064	0.0	-0.519369	-0.8402270000000001	-0.155805	0.0	1.79862	0.604615	1.54313	0.363247	
0	0.7095739999999999	0.471714	0.5234409999999999	0.0	-0.43708199999999997	-0.288017	0.85206	0.0	0.552689	-0.8333860000000001	0.00180832	0.0	-2.70674	0.038685699999999996	0.9875360000000001	0.351406	-0.8029850000000001	0.363762	0.47211400000000003	0.0	-0.343465	0.36494099999999996	-0.865361	0.0	-0.487079	-0.8570270000000001	-0.168103	0.0	1.63432	0.33644	1.33077	0.362594	
0	0.715314	0.437266	0.545091	0.0	-0.455099	-0.30043600000000004	0.838226	0.0	0.530293	-0.847665	-0.015907	0.0	-2.6419099999999998	-0.16069	0.7685609999999999	0.35087399999999996	-0.803153	0.33747699999999997	0.49097299999999994	0.0	-0.363925	0.37457399999999996	-0.852791	0.0	-0.471703	-0.863599	-0.178024	0.0	1.53172	0.11987300000000001	1.0985	0.36231199999999997	
0	0.7263539999999999	0.397563	0.5606720000000001	0.0	-0.474416	-0.30025300000000005	0.8275129999999999	0.0	0.497332	-0.867059	-0.0294798	0.0	-2.6014	-0.401516	0.47332799999999997	0.349896	-0.8070069999999999	0.32201	0.495025	0.0	-0.364604	0.387723	-0.8466020000000001	0.0	-0.46454700000000004	-0.863701	-0.19548900000000002	0.0	1.4182	-0.09954550000000001	0.797025	0.361725	
0	0.7311989999999999	0.375256	0.5696760000000001	0.0	-0.48555699999999996	-0.300265	0.8210200000000001	0.0	0.47914700000000005	-0.8769399999999999	-0.037345300000000005	0.0	-2.5554799999999998	-0.60846	0.192813	0.34929899999999997	-0.8082739999999999	0.328256	0.48881499999999994	0.0	-0.357121	0.38675	-0.8502290000000001	0.0	-0.468142	-0.861784	-0.195373	0.0	1.28698	-0.23966500000000002	0.613874	0.361148	
0	0.726064	0.396016	0.562141	0.0	-0.48285900000000004	-0.28841	0.8268409999999999	0.0	0.489569	-0.871775	-0.018184	0.0	-2.4916400000000003	-0.674167	0.0864526	0.348976	-0.803089	0.37088899999999997	0.46635699999999997	0.0	-0.338617	0.359929	-0.8693620000000001	0.0	-0.490292	-0.8560909999999999	-0.163466	0.0	1.17856	-0.28976999999999997	0.657224	0.362129	
0	0.726865	0.41128400000000004	0.5500109999999999	0.0	-0.47338100000000005	-0.280184	0.835109	0.0	0.497572	-0.8673770000000001	-0.00896207	0.0	-2.4860599999999997	-0.6607569999999999	0.09521080000000001	0.34879899999999997	-0.801721	0.385203	0.45701400000000003	0.0	-0.326957	0.357433	-0.8748370000000001	0.0	-0.500342	-0.8508	-0.160617	0.0	1.17713	-0.262614	0.695042	0.362319	
0	0.726871	0.41131899999999993	0.549977	0.0	-0.47334899999999996	-0.280171	0.835132	0.0	0.497593	-0.8673639999999999	-0.00895096	0.0	-2.4860900000000004	-0.660875	0.0950553	0.348798	-0.801719	0.385239	0.456987	0.0	-0.326925	0.357426	-0.8748530000000001	0.0	-0.500366	-0.8507870000000001	-0.160611	0.0	1.17715	-0.262888	0.694655	0.36232	
0	0.726871	0.41131899999999993	0.549977	0.0	-0.47334899999999996	-0.280171	0.835132	0.0	0.497594	-0.8673639999999999	-0.00895097	0.0	-2.4860900000000004	-0.660875	0.0950548	0.348798	-0.80172	0.385239	0.456987	0.0	-0.326925	0.357426	-0.8748530000000001	0.0	-0.500366	-0.8507870000000001	-0.160611	0.0	1.17715	-0.262888	0.694655	0.362321	
0	0.726871	0.41131899999999993	0.549977	0.0	-0.47334899999999996	-0.280171	0.835132	0.0	0.497593	-0.8673639999999999	-0.00895097	0.0	-2.4860900000000004	-0.660875	0.0950551	0.348798	-0.80172	0.385239	0.456987	0.0	-0.326925	0.357426	-0.8748530000000001	0.0	-0.500366	-0.8507870000000001	-0.160611	0.0	1.17715	-0.262889	0.694655	0.362321	
0	0.726871	0.41131899999999993	0.549977	0.0	-0.47334899999999996	-0.280171	0.835132	0.0	0.497593	-0.8673639999999999	-0.00895097	0.0	-2.4860900000000004	-0.660875	0.0950547	0.348798	-0.80172	0.385239	0.456987	0.0	-0.326925	0.357426	-0.8748530000000001	0.0	-0.500366	-0.8507870000000001	-0.160611	0.0	1.17715	-0.262888	0.694655	0.362321	
0	0.726871	0.41131899999999993	0.549977	0.0	-0.47334899999999996	-0.280171	0.835132	0.0	0.497594	-0.8673639999999999	-0.00895097	0.0	-2.4860900000000004	-0.660875	0.0950551	0.348798	-0.80172	0.385239	0.456987	0.0	-0.326925	0.357426	-0.8748530000000001	0.0	-0.500366	-0.8507870000000001	-0.160611	0.0	1.17715	-0.262888	0.694655	0.362321	
0	0.726871	0.41131899999999993	0.549977	0.0	-0.47334899999999996	-0.280171	0.835132	0.0	0.497593	-0.8673639999999999	-0.00895097	0.0	-2.4860900000000004	-0.660875	0.0950552	0.348798	-0.80172	0.385239	0.456987	0.0	-0.326925	0.357426	-0.8748530000000001	0.0	-0.500366	-0.8507870000000001	-0.160611	0.0	1.17715	-0.262888	0.694655	0.362321	
0	0.726871	0.41131899999999993	0.549977	0.0	-0.47334899999999996	-0.280171	0.835132	0.0	0.497593	-0.8673639999999999	-0.00895097	0.0	-2.4860900000000004	-0.660875	0.095055	0.34879899999999997	-0.80172	0.385239	0.456987	0.0	-0.326925	0.357426	-0.8748530000000001	0.0	-0.500366	-0.8507870000000001	-0.160611	0.0	1.17715	-0.262889	0.694655	0.362321	
0	0.726871	0.41131899999999993	0.549977	0.0	-0.47334899999999996	-0.280171	0.835132	0.0	0.497594	-0.8673639999999999	-0.00895096	0.0	-2.4860900000000004	-0.660875	0.0950553	0.348798	-0.80172	0.385239	0.456987	0.0	-0.326925	0.357426	-0.8748530000000001	0.0	-0.500366	-0.8507870000000001	-0.160611	0.0	1.17715	-0.262888	0.694655	0.362321	
0	0.726871	0.41131899999999993	0.549977	0.0	-0.47334899999999996	-0.280171	0.835132	0.0	0.497594	-0.8673639999999999	-0.00895097	0.0	-2.4860900000000004	-0.660875	0.0950553	0.348798	-0.80172	0.385239	0.456987	0.0	-0.326925	0.357426	-0.8748530000000001	0.0	-0.500366	-0.8507870000000001	-0.160611	0.0	1.17715	-0.262888	0.694655	0.362321	
0	0.740453	0.50973	0.438069	0.0	-0.275624	-0.364166	0.8896149999999999	0.0	0.612993	-0.77946	-0.129155	0.0	-2.45601	-0.624785	0.0929767	0.349538	-0.735598	0.622128	0.26805300000000004	0.0	0.0439029	0.43864899999999996	-0.8975860000000001	0.0	-0.675994	-0.648494	-0.349982	0.0	1.16175	-0.24597	0.795142	0.36362300000000003	
0	0.733316	0.49117200000000005	0.470105	0.0	-0.304994	-0.380317	0.8731200000000001	0.0	0.60764	-0.783652	-0.129088	0.0	-2.46317	-0.65937	0.13406400000000002	0.349717	-0.7330770000000001	0.615641	0.28911	0.0	0.025170599999999998	0.44933599999999996	-0.893008	0.0	-0.6796800000000001	-0.647366	-0.344894	0.0	1.17462	-0.238452	0.814325	0.363458	
0	0.7408859999999999	0.44350600000000007	0.504372	0.0	-0.369149	-0.35846300000000003	0.8574579999999999	0.0	0.561086	-0.8214670000000001	-0.10186	0.0	-2.46975	-0.8718870000000001	0.0830995	0.34939000000000003	-0.7183579999999999	0.6305850000000001	0.293809	0.0	0.016000200000000003	0.43720200000000004	-0.8992209999999999	0.0	-0.695489	-0.641262	-0.32415700000000003	0.0	1.15448	-0.315394	0.727912	0.363553	
0	0.7449520000000001	0.40970500000000004	0.526486	0.0	-0.399371	-0.358266	0.8438889999999999	0.0	0.5343680000000001	-0.8389200000000001	-0.10326700000000001	0.0	-2.4906	-1.1017700000000001	-0.0502685	0.349049	-0.7146359999999999	0.63457	0.29430700000000004	0.0	0.00694227	0.427155	-0.9041520000000001	0.0	-0.699462	-0.644096	-0.309666	0.0	1.1019	-0.386169	0.635301	0.363838	
0	0.7547520000000001	0.369087	0.542331	0.0	-0.43249899999999997	-0.341636	0.834404	0.0	0.49324799999999996	-0.864326	-0.0982206	0.0	-2.5146599999999997	-1.3270899999999999	-0.20708800000000002	0.350089	-0.7068	0.641302	0.298607	0.0	-0.0006299319999999999	0.42153999999999997	-0.90681	0.0	-0.707414	-0.641121	-0.29754	0.0	1.03865	-0.436287	0.56819	0.363975	
0	0.774918	0.315742	0.547549	0.0	-0.466394	-0.299033	0.8325	0.0	0.42658999999999997	-0.900492	-0.08446530000000001	0.0	-2.57095	-1.64936	-0.405598	0.34979299999999997	-0.6991069999999999	0.648818	0.30047399999999996	0.0	-0.00481135	0.415955	-0.909373	0.0	-0.715001	-0.637195	-0.287675	0.0	0.995007	-0.48504899999999995	0.48442399999999997	0.363983	
0	0.790683	0.268917	0.550004	0.0	-0.48953	-0.26181	0.8317549999999999	0.0	0.367669	-0.926898	-0.0753661	0.0	-2.67746	-1.98069	-0.660556	0.350643	-0.698557	0.6528010000000001	0.293032	0.0	-0.0082584	0.402136	-0.915543	0.0	-0.7155060000000001	-0.641979	-0.275524	0.0	0.922117	-0.551139	0.431676	0.363989	
0	0.805167	0.216169	0.552247	0.0	-0.5089130000000001	-0.226257	0.830551	0.0	0.304489	-0.949778	-0.07216360000000001	0.0	-2.81502	-2.32975	-0.9647889999999999	0.351132	-0.694666	0.657782	0.29114	0.0	-0.011265899999999999	0.39473800000000003	-0.918725	0.0	-0.719244	-0.641487	-0.2668	0.0	0.8628819999999999	-0.6016100000000001	0.412271	0.363989	
0	0.815901	0.177335	0.550325	0.0	-0.5220090000000001	-0.183347	0.833001	0.0	0.24861999999999998	-0.9669209999999999	-0.0570229	0.0	-2.92964	-2.6170299999999997	-1.22831	0.350298	-0.6927989999999999	0.661358	0.287464	0.0	-0.0101201	0.38967399999999996	-0.920897	0.0	-0.72106	-0.6409060000000001	-0.263272	0.0	0.8345299999999999	-0.618322	0.42468199999999995	0.36399000000000004	
0	0.817773	0.153608	0.554664	0.0	-0.53704	-0.142901	0.8313649999999999	0.0	0.20696599999999998	-0.9777440000000001	-0.034367199999999994	0.0	-3.0210000000000004	-2.90448	-1.4570100000000001	0.35009	-0.692335	0.662193	0.28665799999999997	0.0	-0.0107024	0.3878	-0.921682	0.0	-0.721497	-0.64118	-0.2614	0.0	0.822501	-0.617846	0.45279300000000006	0.36398	
0	0.824169	0.152298	0.545482	0.0	-0.535759	-0.102578	0.838117	0.0	0.183598	-0.9829969999999999	-0.00294652	0.0	-3.0975099999999998	-3.15318	-1.69668	0.350027	-0.694495	0.661008	0.284159	0.0	-0.0106184	0.385481	-0.9226549999999999	0.0	-0.71942	-0.643796	-0.260696	0.0	0.816171	-0.628684	0.48866899999999996	0.36399000000000004	
0	0.821947	0.149402	0.54962	0.0	-0.543633	-0.08206319999999999	0.835302	0.0	0.169899	-0.9853649999999999	0.013768299999999999	0.0	-3.1825900000000003	-3.27984	-1.79387	0.347154	-0.698083	0.657371	0.283802	0.0	-0.0113254	0.386175	-0.922356	0.0	-0.715928	-0.647095	-0.262137	0.0	0.814637	-0.6415770000000001	0.500293	0.363983	
0	0.819415	0.155377	0.551739	0.0	-0.551308	-0.049841500000000004	0.8328120000000001	0.0	0.156899	-0.986597	0.0448197	0.0	-3.2549099999999997	-3.38975	-1.8899700000000001	0.34556	-0.701566	0.655662	0.279129	0.0	-0.0087921	0.383708	-0.9234129999999999	0.0	-0.712551	-0.650289	-0.263432	0.0	0.820592	-0.644285	0.5183	0.363985	
0	0.8171039999999999	0.161899	0.55329	0.0	-0.556235	-0.030766700000000004	0.8304549999999999	0.0	0.151473	-0.9863280000000001	0.06491430000000001	0.0	-3.29621	-3.54799	-2.00155	0.346306	-0.702778	0.655562	0.27629899999999996	0.0	-0.00736201	0.38166100000000003	-0.924273	0.0	-0.711371	-0.651593	-0.263397	0.0	0.8416110000000001	-0.6457390000000001	0.531242	0.363996	
0	0.814743	0.16348	0.556299	0.0	-0.560095	-0.026239	0.8280129999999999	0.0	0.14995999999999998	-0.9861979999999999	0.07018630000000001	0.0	-3.28856	-3.6183699999999996	-2.06593	0.348429	-0.706535	0.652928	0.272935	0.0	-0.00427374	0.381732	-0.924263	0.0	-0.707665	-0.654191	-0.266917	0.0	0.853	-0.646296	0.534906	0.363993	
0	0.803099	0.17438900000000002	0.569754	0.0	-0.5771430000000001	-0.010021500000000001	0.8165819999999999	0.0	0.148112	-0.984626	0.092599	0.0	-3.28599	-3.64503	-2.11295	0.348529	-0.7080390000000001	0.654163	0.265994	0.0	0.00232822	0.37882899999999997	-0.925464	0.0	-0.70617	-0.654645	-0.26974899999999996	0.0	0.92924	-0.642964	0.54083	0.363983	
0	0.799392	0.173059	0.575346	0.0	-0.583227	-0.00645006	0.812283	0.0	0.144284	-0.9848899999999999	0.09577639999999998	0.0	-3.28482	-3.64609	-2.1183099999999997	0.348475	-0.709789	0.652888	0.26445599999999997	0.0	0.00480092	0.379902	-0.9250149999999999	0.0	-0.704398	-0.655295	-0.272785	0.0	0.943724	-0.6375270000000001	0.5424329999999999	0.363966	
0	0.789279	0.162762	0.59207	0.0	-0.599591	-0.00360905	0.800298	0.0	0.132395	-0.9866590000000001	0.0947423	0.0	-3.28094	-3.64552	-2.12851	0.34537199999999996	-0.7065229999999999	0.655852	0.265863	0.0	0.00688815	0.382033	-0.9241229999999999	0.0	-0.707657	-0.651083	-0.274433	0.0	0.9651430000000001	-0.639408	0.5298189999999999	0.36398	
0	0.786075	0.15596300000000002	0.5981310000000001	0.0	-0.604921	-0.0048825000000000006	0.796271	0.0	0.127109	-0.987751	0.0905074	0.0	-3.27768	-3.64511	-2.12578	0.34627399999999997	-0.703002	0.659614	0.265891	0.0	0.00857085	0.38169899999999995	-0.9242469999999999	0.0	-0.711137	-0.647468	-0.273989	0.0	0.964339	-0.64758	0.522515	0.36396999999999996	
0	0.7657510000000001	0.13373	0.62908	0.0	-0.634373	-0.0038715000000000004	0.773017	0.0	0.10581099999999999	-0.9910100000000001	0.0818699	0.0	-3.27166	-3.6447599999999998	-2.13128	0.347644	-0.698194	0.6657390000000001	0.263282	0.0	0.011427799999999998	0.378076	-0.9257040000000001	0.0	-0.7158180000000001	-0.643312	-0.271579	0.0	0.960981	-0.644224	0.519893	0.363971	
0	0.757996	0.12837	0.639502	0.0	-0.644426	-0.00409928	0.764656	0.0	0.10078	-0.991718	0.0796178	0.0	-3.27181	-3.64488	-2.13245	0.350283	-0.696457	0.667585	0.263209	0.0	0.011109299999999999	0.376778	-0.9262370000000001	0.0	-0.717513	-0.6421600000000001	-0.269826	0.0	0.952835	-0.637675	0.523369	0.364014	
0	0.73742	0.136773	0.661441	0.0	-0.668496	0.00778459	0.743675	0.0	0.0965653	-0.9905719999999999	0.09717239999999999	0.0	-3.26268	-3.63311	-2.17101	0.318235	-0.6953520000000001	0.669103	0.262272	0.0	0.0117446	0.375473	-0.926759	0.0	-0.7185729999999999	-0.6413439999999999	-0.268945	0.0	0.937736	-0.617568	0.513365	0.363983	
0	0.713453	0.135688	0.687441	0.0	-0.6933560000000001	-0.00499441	0.7205779999999999	0.0	0.101207	-0.9907389999999999	0.0905164	0.0	-3.19975	-3.60574	-2.2531	0.190386	-0.694282	0.6701590000000001	0.262409	0.0	0.0123587	0.375656	-0.9266770000000001	0.0	-0.719597	-0.6401319999999999	-0.26909299999999997	0.0	0.937607	-0.616372	0.5087649999999999	0.36399000000000004	
0	0.710674	0.129921	0.691421	0.0	-0.698362	0.011470200000000002	0.715653	0.0	0.08504760000000001	-0.991458	0.0988834	0.0	-3.1996599999999997	-3.60101	-2.25001	0.173035	-0.693639	0.670687	0.262762	0.0	0.013058799999999999	0.376433	-0.9263520000000001	0.0	-0.720205	-0.6391220000000001	-0.269867	0.0	0.9385979999999999	-0.62948	0.499064	0.363993	
0	0.708092	0.128816	0.694271	0.0	-0.702227	0.025353900000000002	0.7115020000000001	0.0	0.07405	-0.991344	0.108411	0.0	-3.19919	-3.5998099999999997	-2.2523	0.173845	-0.691832	0.673071	0.261427	0.0	0.0147422	0.37514899999999995	-0.926847	0.0	-0.721908	-0.637368	-0.269463	0.0	0.956105	-0.629937	0.49314399999999997	0.363994	
0	0.700281	0.12646	0.702577	0.0	-0.7104	0.026557599999999997	0.7032970000000001	0.0	0.0702803	-0.9916159999999999	0.10843499999999999	0.0	-3.19787	-3.59836	-2.25604	0.17386	-0.6909350000000001	0.674033	0.261323	0.0	0.0158475	0.37551799999999996	-0.92668	0.0	-0.7227439999999999	-0.636133	-0.27014099999999996	0.0	0.9617469999999999	-0.6168859999999999	0.488911	0.363975	
0	0.6967939999999999	0.12113099999999999	0.706969	0.0	-0.713137	0.0113248	0.700933	0.0	0.07689810000000001	-0.9925719999999999	0.0942737	0.0	-3.1974400000000003	-3.595	-2.25624	0.172961	-0.687357	0.677188	0.262596	0.0	0.014945600000000002	0.374654	-0.9270440000000001	0.0	-0.726166	-0.633286	-0.267642	0.0	0.9502370000000001	-0.6108859999999999	0.48952399999999996	0.363987	
0	0.690635	0.113398	0.714258	0.0	-0.720306	0.0195392	0.693381	0.0	0.0646717	-0.993358	0.0951753	0.0	-3.19676	-3.59029	-2.2592	0.173795	-0.686419	0.6779810000000001	0.26300500000000004	0.0	0.015743700000000003	0.375434	-0.926715	0.0	-0.727036	-0.6319739999999999	-0.268379	0.0	0.9300309999999999	-0.612038	0.484865	0.36396799999999996	
0	0.686597	0.104681	0.7194619999999999	0.0	-0.7245199999999999	0.016226499999999998	0.689063	0.0	0.0604577	-0.994373	0.0869848	0.0	-3.19643	-3.58291	-2.26468	0.17311600000000002	-0.68404	0.6795770000000001	0.265077	0.0	0.013890999999999999	0.375465	-0.926733	0.0	-0.729313	-0.630239	-0.266273	0.0	0.9093540000000001	-0.628533	0.479574	0.363971	
0	0.687038	0.0904413	0.720971	0.0	-0.725388	0.027566700000000003	0.687789	0.0	0.0423296	-0.9955200000000001	0.08454439999999999	0.0	-3.19651	-3.5659400000000003	-2.25766	0.172718	-0.684661	0.679139	0.264594	0.0	0.0153528	0.376381	-0.9263379999999999	0.0	-0.7287	-0.630165	-0.26811999999999997	0.0	0.9040299999999999	-0.634083	0.476983	0.363982	
0	0.689611	0.060643600000000006	0.721637	0.0	-0.723975	0.034016500000000005	0.688987	0.0	0.017235	-0.9975799999999999	0.0673625	0.0	-3.1939599999999997	-3.528	-2.20788	0.173101	-0.683533	0.679976	0.265358	0.0	0.0147111	0.376305	-0.9263790000000001	0.0	-0.7297710000000001	-0.629307	-0.26721999999999996	0.0	0.903698	-0.65017	0.47192	0.363987	
0	0.667525	0.0392755	0.7435510000000001	0.0	-0.744518	0.021600599999999998	0.667253	0.0	0.0101455	-0.9989950000000001	0.0436603	0.0	-3.06947	-3.43433	-1.90878	0.17316099999999998	-0.6825869999999999	0.681372	0.26421	0.0	0.014054800000000001	0.373706	-0.927441	0.0	-0.730669	-0.629346	-0.26466300000000004	0.0	0.905099	-0.673099	0.466495	0.363989	
0	0.666567	0.018765200000000003	0.745209	0.0	-0.745445	0.016575599999999996	0.666361	0.0	0.000152051	-0.9996870000000001	0.0250371	0.0	-3.0870599999999997	-3.21442	-1.8237900000000002	0.17319	-0.6834479999999999	0.680233	0.264919	0.0	0.0144195	0.375413	-0.926746	0.0	-0.729857	-0.629562	-0.266384	0.0	0.9087040000000001	-0.702529	0.44209499999999996	0.36397399999999996	
0	0.666796	0.00724179	0.745205	0.0	-0.7452340000000001	0.010455299999999999	0.666721	0.0	-0.0029631	-0.999919	0.0123684	0.0	-3.12099	-3.04885	-1.795	0.17321199999999998	-0.680178	0.682334	0.267914	0.0	0.013138	0.376769	-0.926214	0.0	-0.7329289999999999	-0.626471	-0.265234	0.0	0.912875	-0.718853	0.40094	0.363971	
0	0.665828	0.00662753	0.7460760000000001	0.0	-0.746105	0.00674611	0.665794	0.0	-0.000620604	-0.9999549999999999	0.00943656	0.0	-3.13642	-2.98116	-1.78653	0.173278	-0.679671	0.682962	0.2676	0.0	0.013684700000000001	0.37656100000000003	-0.926291	0.0	-0.7333890000000001	-0.625911	-0.265284	0.0	0.910916	-0.729426	0.383361	0.363966	
0	0.668169	-0.010118299999999998	0.7439399999999999	0.0	-0.744009	-0.00834362	0.668118	0.0	-0.000553101	-0.999914	-0.013103100000000001	0.0	-3.14684	-2.78336	-1.76155	0.17344600000000002	-0.676821	0.6863020000000001	0.266278	0.0	0.014394	0.373987	-0.927322	0.0	-0.736007	-0.623798	-0.26300100000000004	0.0	0.898083	-0.745162	0.35668	0.363992	
0	0.668661	-0.0322123	0.742869	0.0	-0.743564	-0.0259892	0.6681600000000001	0.0	-0.0022164000000000003	-0.999143	-0.0413298	0.0	-3.1741	-2.59888	-1.7261799999999998	0.17336400000000002	-0.6743100000000001	0.689429	0.264565	0.0	0.015466399999999998	0.371379	-0.9283530000000001	0.0	-0.738287	-0.621905	-0.261087	0.0	0.8894610000000001	-0.773142	0.343355	0.363979	
0	0.663057	-0.0282866	0.748034	0.0	-0.748464	-0.041753500000000006	0.66186	0.0	0.0125112	-0.9987280000000001	-0.0488566	0.0	-3.03618	-2.1814299999999998	-1.41406	0.173153	-0.669495	0.693902	0.26509499999999997	0.0	0.0145326	0.369046	-0.929298	0.0	-0.742674	-0.618308	-0.257159	0.0	0.8731969999999999	-0.778133	0.337518	0.363978	
0	0.665098	-0.0207736	0.746467	0.0	-0.74648	-0.0456465	0.66384	0.0	0.0202833	-0.998742	-0.045866500000000004	0.0	-3.03744	-2.06747	-1.3834	0.173154	-0.6692600000000001	0.693745	0.2661	0.0	0.013562799999999998	0.369476	-0.929142	0.0	-0.742905	-0.618228	-0.256685	0.0	0.8573360000000001	-0.7721680000000001	0.336378	0.363983	
0	0.6672399999999999	-0.0223877	0.7445069999999999	0.0	-0.744297	-0.0583025	0.665299	0.0	0.028512	-0.9980479999999999	-0.0555649	0.0	-3.0185400000000002	-1.96243	-1.3392700000000002	0.173315	-0.675546	0.689487	0.261239	0.0	0.0143178	0.36651	-0.9303040000000001	0.0	-0.737179	-0.624722	-0.257466	0.0	0.8516790000000001	-0.7958930000000001	0.326903	0.363975	
0	0.675284	-0.028324900000000004	0.737013	0.0	-0.7366020000000001	-0.07673510000000001	0.671959	0.0	0.0375215	-0.996649	-0.07268229999999999	0.0	-3.0201	-1.8529799999999998	-1.32439	0.17331400000000002	-0.677089	0.6940569999999999	0.244614	0.0	0.0227608	0.351993	-0.9357260000000001	0.0	-0.735549	-0.6280020000000001	-0.254128	0.0	0.8720389999999999	-0.831375	0.31094099999999997	0.363987	
0	0.687375	-0.0258474	0.725843	0.0	-0.723855	-0.10637200000000001	0.681704	0.0	0.0595891	-0.993991	-0.0918273	0.0	-3.0380000000000003	-1.68955	-1.3304799999999999	0.173156	-0.661204	0.725242	0.191921	0.0	0.07018660000000002	0.31450300000000003	-0.946658	0.0	-0.746916	-0.612464	-0.258853	0.0	0.8870110000000001	-0.8920620000000001	0.23981100000000002	0.36396799999999996	
0	0.7016560000000001	-0.03406169999999999	0.7117020000000001	0.0	-0.706554	-0.162211	0.688817	0.0	0.09198339999999999	-0.986168	-0.137883	0.0	-3.02168	-1.48464	-1.31206	0.173156	-0.584435	0.810818	0.031783099999999995	0.0	0.184148	0.170676	-0.967967	0.0	-0.790269	-0.5598609999999999	-0.249059	0.0	0.8767799999999999	-0.9702729999999999	0.06901030000000001	0.363894	
0	0.703282	-0.034133300000000005	0.710091	0.0	-0.7006859999999999	-0.202085	0.6842520000000001	0.0	0.120143	-0.978773	-0.16603900000000002	0.0	-2.99455	-1.28365	-1.31936	0.173155	-0.37134	0.872559	-0.31740799999999997	0.0	0.34368200000000004	-0.188401	-0.9199940000000001	0.0	-0.862548	-0.450718	-0.229922	0.0	0.839181	-1.0066700000000002	-0.15115699999999999	0.36399000000000004	
0	0.702832	-0.0264079	0.710866	0.0	-0.69392	-0.245351	0.676963	0.0	0.15653399999999998	-0.969075	-0.19076500000000002	0.0	-2.96011	-1.17592	-1.31378	0.173163	-0.16426300000000002	0.753324	-0.6368050000000001	0.0	0.412029	-0.534159	-0.738178	0.0	-0.896242	-0.38363800000000003	-0.22264899999999999	0.0	0.781913	-1.06085	-0.378333	0.363978	
0	0.7016560000000001	-0.0166894	0.712321	0.0	-0.6903130000000001	-0.26355	0.673802	0.0	0.17648699999999998	-0.964501	-0.196442	0.0	-2.88976	-1.1509	-1.3256	0.173239	0.00933689	0.58175	-0.813314	0.0	0.397812	-0.748376	-0.530734	0.0	-0.9174190000000001	-0.318591	-0.23841500000000002	0.0	0.7152310000000001	-1.1124399999999999	-0.611733	0.363621	
0	0.696982	-0.00993156	0.71702	0.0	-0.690292	-0.280084	0.667121	0.0	0.1942	-0.959924	-0.202069	0.0	-2.8169	-1.14228	-1.3302	0.173242	0.103458	0.378688	-0.919724	0.0	0.35275100000000004	-0.878549	-0.322054	0.0	-0.9299799999999999	-0.291114	-0.224476	0.0	0.5721430000000001	-1.1670200000000002	-0.790357	0.363033	
0	0.693773	-0.000248939	0.7201930000000001	0.0	-0.68883	-0.292122	0.663459	0.0	0.21021900000000002	-0.9563809999999999	-0.20283800000000002	0.0	-2.75117	-1.16248	-1.33798	0.173242	0.144895	0.26026	-0.9546049999999999	0.0	0.325181	-0.9237200000000001	-0.202482	0.0	-0.934486	-0.28108	-0.21847399999999997	0.0	0.398921	-1.19297	-0.913954	0.362842	
0	0.687589	0.00886047	0.726046	0.0	-0.6867979999999999	-0.316578	0.654283	0.0	0.235648	-0.948525	-0.21159	0.0	-2.67976	-1.18126	-1.35901	0.173315	0.15908599999999998	0.186225	-0.969542	0.0	0.312602	-0.9410219999999999	-0.12945399999999999	0.0	-0.9364680000000001	-0.282487	-0.207918	0.0	0.162907	-1.20729	-1.0111299999999999	0.361652	
0	0.683254	0.013948599999999998	0.7300479999999999	0.0	-0.6851229999999999	-0.33353299999999997	0.6475810000000001	0.0	0.25252800000000003	-0.942635	-0.218331	0.0	-2.59734	-1.18236	-1.38221	0.172873	0.156908	0.166296	-0.973512	0.0	0.32616100000000003	-0.939142	-0.10785499999999999	0.0	-0.9322010000000001	-0.300598	-0.201598	0.0	0.00298543	-1.2623	-1.11612	0.359379	
1	0.678674	0.023077599999999997	0.7340770000000001	0.0	-0.683478	-0.345983	0.64277	0.0	0.268812	-0.9379569999999999	-0.219036	0.0	-2.53839	-1.17782	-1.41401	0.17331400000000002	0.15758	0.166727	-0.9733299999999999	0.0	0.330961	-0.937557	-0.107017	0.0	-0.930394	-0.30527	-0.20292000000000002	0.0	-0.12345	-1.2853	-1.2213200000000002	0.359095	
1	0.670343	0.0301342	0.7414390000000001	0.0	-0.6857340000000001	-0.356665	0.634476	0.0	0.283565	-0.933746	-0.21842399999999998	0.0	-2.48307	-1.17926	-1.43984	0.173154	0.156247	0.17187	-0.97265	0.0	0.33254	-0.936409	-0.11204700000000001	0.0	-0.930056	-0.305938	-0.203465	0.0	-0.192824	-1.2847600000000001	-1.33386	0.358543	
1	0.667402	0.036425099999999995	0.743807	0.0	-0.684725	-0.362683	0.63215	0.0	0.292792	-0.9312010000000001	-0.21711399999999997	0.0	-2.42446	-1.19235	-1.48384	0.173156	0.153962	0.18677	-0.9702639999999999	0.0	0.346294	-0.929889	-0.124048	0.0	-0.925406	-0.316898	-0.20784499999999997	0.0	-0.278385	-1.27914	-1.43866	0.358197	
1	0.6669149999999999	0.0455506	0.74374	0.0	-0.682416	-0.363477	0.634187	0.0	0.29922	-0.9304889999999999	-0.21132399999999998	0.0	-2.3768700000000003	-1.19533	-1.5053299999999998	0.173154	0.153695	0.201939	-0.9672629999999999	0.0	0.35501900000000003	-0.924816	-0.136666	0.0	-0.9221379999999999	-0.322392	-0.21383200000000002	0.0	-0.308996	-1.30239	-1.52267	0.357959	
1	0.662243	0.0630431	0.746633	0.0	-0.678557	-0.372168	0.633286	0.0	0.317797	-0.9260219999999999	-0.20368699999999998	0.0	-2.27756	-1.20541	-1.56336	0.173156	0.152803	0.206537	-0.966434	0.0	0.365665	-0.9203290000000001	-0.13886800000000002	0.0	-0.918118	-0.332171	-0.216153	0.0	-0.328409	-1.33597	-1.58215	0.355906	
1	0.660792	0.0684179	0.747445	0.0	-0.677281	-0.374844	0.633074	0.0	0.32348899999999997	-0.92456	-0.201356	0.0	-2.2480599999999997	-1.19861	-1.56844	0.173154	0.153926	0.203466	-0.966907	0.0	0.371429	-0.9187120000000001	-0.134195	0.0	-0.9156129999999999	-0.338481	-0.21698699999999999	0.0	-0.33614499999999997	-1.34683	-1.5900299999999998	0.34982800000000003	
1	0.6589510000000001	0.08015069999999999	0.747904	0.0	-0.67399	-0.37852600000000003	0.634394	0.0	0.333948	-0.922114	-0.195409	0.0	-2.2088799999999997	-1.19032	-1.5659299999999998	0.173315	0.15848900000000002	0.191163	-0.9686790000000001	0.0	0.374362	-0.91946	-0.120199	0.0	-0.913638	-0.343586	-0.21728899999999998	0.0	-0.353865	-1.40631	-1.64533	0.34479099999999996	
1	0.661151	0.0909196	0.7447229999999999	0.0	-0.6675949999999999	-0.381641	0.639271	0.0	0.342339	-0.9198280000000001	-0.191625	0.0	-2.16728	-1.20943	-1.59192	0.174228	0.161984	0.12613	-0.978699	0.0	0.346954	-0.9357530000000001	-0.06317060000000001	0.0	-0.9237879999999999	-0.329331	-0.195339	0.0	-0.340545	-1.46679	-1.6772099999999999	0.21880300000000003	
1	0.662323	0.084948	0.744387	0.0	-0.674208	-0.365743	0.6416189999999999	0.0	0.326759	-0.926831	-0.184968	0.0	-2.12739	-1.20341	-1.60934	0.17442	0.162448	0.118567	-0.979568	0.0	0.336491	-0.939901	-0.0579631	0.0	-0.9275690000000001	-0.3202	-0.192582	0.0	-0.303736	-1.48537	-1.6954200000000001	0.21883899999999998	
1	0.660871	0.083208	0.745872	0.0	-0.675875	-0.366052	0.639687	0.0	0.326255	-0.926867	-0.185675	0.0	-2.1108	-1.20225	-1.61905	0.174406	0.165113	0.12030199999999999	-0.9789100000000001	0.0	0.336201	-0.939952	-0.0588076	0.0	-0.9272040000000001	-0.31940100000000005	-0.195644	0.0	-0.287366	-1.4854100000000001	-1.70133	0.218825	
1	0.65881	0.0781677	0.748238	0.0	-0.679812	-0.364133	0.636603	0.0	0.32222	-0.928061	-0.186755	0.0	-2.07407	-1.17919	-1.65927	0.17438599999999999	0.169477	0.122137	-0.9779370000000001	0.0	0.331189	-0.941642	-0.0602089	0.0	-0.92822	-0.313677	-0.200036	0.0	-0.252709	-1.47212	-1.7355099999999999	0.218931	
1	0.656592	0.08282130000000001	0.749685	0.0	-0.680326	-0.364104	0.63607	0.0	0.32564299999999996	-0.9276690000000001	-0.182722	0.0	-2.06445	-1.17235	-1.6622	0.17440999999999998	0.171516	0.118751	-0.9779979999999999	0.0	0.334109	-0.94089	-0.055651	0.0	-0.926798	-0.317213	-0.20105399999999998	0.0	-0.241921	-1.45997	-1.7327599999999999	0.21894699999999997	
1	0.648593	0.0853995	0.756329	0.0	-0.683924	-0.370695	0.628358	0.0	0.334029	-0.9248200000000001	-0.182024	0.0	-2.0375900000000002	-1.14855	-1.6635900000000001	0.173165	0.178584	0.12340599999999999	-0.9761549999999999	0.0	0.33649	-0.939944	-0.0572686	0.0	-0.9245979999999999	-0.318239	-0.20938400000000001	0.0	-0.21513200000000002	-1.43075	-1.71595	0.21915900000000002	
1	0.629384	0.104073	0.770094	0.0	-0.6808069999999999	-0.403951	0.611003	0.0	0.37466900000000003	-0.908841	-0.183387	0.0	-1.999	-1.15913	-1.6606400000000001	0.17824500000000001	0.168781	0.15646600000000002	-0.9731549999999999	0.0	0.339977	-0.9359700000000001	-0.0915228	0.0	-0.925164	-0.31540300000000004	-0.211169	0.0	-0.146384	-1.40113	-1.71538	0.21901700000000002	
1	0.623854	0.163209	0.76431	0.0	-0.651624	-0.43131899999999995	0.62398	0.0	0.4315	-0.887315	-0.16272899999999998	0.0	-2.00964	-1.1745	-1.60671	0.313612	0.187338	0.19688699999999998	-0.962362	0.0	0.321959	-0.937896	-0.129207	0.0	-0.928034	-0.285635	-0.23909299999999997	0.0	-0.060211900000000006	-1.36868	-1.7673900000000002	0.218823	
1	0.6786399999999999	0.358663	0.640943	0.0	-0.5304760000000001	-0.364199	0.765476	0.0	0.507979	-0.8594879999999999	-0.0568984	0.0	-1.8722	-1.23688	-1.6715400000000002	0.36096500000000004	0.22133200000000003	0.2069	-0.952998	0.0	0.346623	-0.930112	-0.121429	0.0	-0.911518	-0.30345500000000003	-0.27758	0.0	0.0972503	-1.4013	-1.7680900000000002	0.219417	
1	0.681129	0.43471800000000005	0.589138	0.0	-0.47757700000000003	-0.346114	0.807543	0.0	0.554962	-0.8314	-0.028137400000000003	0.0	-1.7400200000000001	-1.24445	-1.6988599999999998	0.365077	0.252691	0.211916	-0.9440540000000001	0.0	0.34920100000000004	-0.9299299999999999	-0.115277	0.0	-0.902334	-0.300536	-0.30898600000000004	0.0	0.242044	-1.40396	-1.7446099999999998	0.21890900000000002	
1	0.651265	0.567936	0.503292	0.0	-0.405258	-0.300431	0.8634280000000001	0.0	0.641576	-0.766284	0.034500699999999995	0.0	-1.5846799999999999	-1.26421	-1.7405099999999998	0.366264	0.28754	0.210292	-0.9343969999999999	0.0	0.3518	-0.930591	-0.101177	0.0	-0.890818	-0.299628	-0.341564	0.0	0.438643	-1.41468	-1.74007	0.219352	
1	0.630897	0.620954	0.46517200000000003	0.0	-0.372054	-0.28399	0.8837	0.0	0.680841	-0.730593	0.051859300000000004	0.0	-1.49455	-1.28116	-1.7498	0.365827	0.305793	0.214311	-0.927665	0.0	0.356761	-0.929141	-0.09705010000000001	0.0	-0.8827299999999999	-0.301277	-0.360582	0.0	0.546367	-1.4183	-1.71335	0.218829	
1	0.5592699999999999	0.776809	0.289457	0.0	-0.26914	-0.16011	0.949699	0.0	0.784079	-0.609043	0.119525	0.0	-1.6391	-1.46654	-1.69399	0.349495	0.382079	0.21984299999999998	-0.8976	0.0	0.346945	-0.9343670000000001	-0.0811653	0.0	-0.8565309999999999	-0.280406	-0.433275	0.0	1.13172	-1.35938	-1.84365	0.218824	
1	0.458761	0.864351	0.20600000000000002	0.0	-0.218536	-0.11495899999999999	0.9690340000000001	0.0	0.861267	-0.48957399999999995	0.136153	0.0	-1.81302	-1.62517	-1.65228	0.350931	0.41553	0.21095799999999998	-0.8847780000000001	0.0	0.35144000000000003	-0.934428	-0.057744500000000004	0.0	-0.838943	-0.286952	-0.462422	0.0	1.7056799999999999	-1.2508299999999999	-1.94425	0.21886599999999998	
2	0.40633	0.909006	0.0927634	0.0	-0.176287	-0.021625799999999997	0.984101	0.0	0.89656	-0.41622299999999995	0.15145899999999998	0.0	-1.82435	-1.67162	-1.68165	0.350089	0.437892	0.20498400000000003	-0.875347	0.0	0.347731	-0.9364969999999999	-0.045351300000000004	0.0	-0.8290559999999999	-0.284527	-0.481364	0.0	1.91546	-1.28793	-1.96025	0.218834	
2	0.297344	0.9501139999999999	-0.0941868	0.0	-0.14849600000000002	0.143468	0.9784510000000001	0.0	0.943152	-0.27695	0.183747	0.0	-1.76148	-1.76347	-1.7352	0.346752	0.49526099999999995	0.190504	-0.847599	0.0	0.358513	-0.933525	-0.00033363699999999996	0.0	-0.7913180000000001	-0.30371	-0.530637	0.0	2.35195	-1.50276	-1.97078	0.218835	
2	0.22851300000000002	0.9484389999999999	-0.219646	0.0	-0.14719300000000002	0.256681	0.9552219999999999	0.0	0.962349	-0.18595	0.198259	0.0	-1.70911	-1.82928	-1.76032	0.344495	0.525863	0.18358	-0.830522	0.0	0.36340900000000004	-0.931314	0.0242408	0.0	-0.769027	-0.314566	-0.556458	0.0	2.63971	-1.69528	-2.00255	0.218858	
2	0.15467999999999998	0.930425	-0.33224000000000004	0.0	-0.128625	0.35239000000000004	0.9269719999999999	0.0	0.979556	-0.10065	0.174184	0.0	-1.6672099999999999	-1.83178	-1.7810400000000002	0.34237399999999996	0.558215	0.165704	-0.8129810000000001	0.0	0.357308	-0.932348	0.05530319999999999	0.0	-0.748817	-0.321355	-0.579658	0.0	2.8993700000000002	-1.8461400000000001	-2.0189	0.21883899999999998	
2	0.0998602	0.9066559999999999	-0.40988199999999997	0.0	-0.126666	0.42017299999999996	0.89856	0.0	0.986906	-0.0378125	0.156801	0.0	-1.61704	-1.76463	-1.8175400000000002	0.342944	0.563771	0.169034	-0.808449	0.0	0.359093	-0.931643	0.055621699999999996	0.0	-0.743784	-0.321667	-0.585932	0.0	3.0207599999999997	-1.9393599999999998	-2.0516900000000002	0.21883200000000003	
2	0.0324796	0.8563700000000001	-0.5153409999999999	0.0	-0.135122	0.514642	0.846691	0.0	0.990297	0.0421339	0.13243	0.0	-1.54992	-1.64231	-1.8245	0.33539	0.586549	0.143719	-0.79706	0.0	0.34782199999999996	-0.9334549999999999	0.0876465	0.0	-0.7314229999999999	-0.328644	-0.5975060000000001	0.0	3.21263	-2.12538	-2.08834	0.218863	
