0	0.137093	0.875964	-0.46248599999999995	0.0	-0.000605345	0.46696800000000005	0.884274	0.0	0.9905579999999999	-0.120948	0.0645485	0.0	-2.82124	1.8243900000000002	1.4479899999999999	0.0	-0.142057	0.9074110000000001	-0.395507	0.0	0.251776	-0.35329499999999997	-0.9009950000000001	0.0	-0.957303	-0.227571	-0.178277	0.0	2.71323	1.97993	1.64975	0.0	
0	0.137093	0.875964	-0.46248599999999995	0.0	-0.000605345	0.46696800000000005	0.884274	0.0	0.9905579999999999	-0.120948	0.0645485	0.0	-2.82124	1.8243900000000002	1.4479899999999999	0.0	-0.142057	0.9074110000000001	-0.395507	0.0	0.251776	-0.35329499999999997	-0.9009950000000001	0.0	-0.957303	-0.227571	-0.178277	0.0	2.71323	1.97993	1.64975	0.0	
0	0.131854	0.871501	-0.472336	0.0	-0.027986	0.479579	0.8770530000000001	0.0	0.990874	-0.102424	0.08762410000000001	0.0	-2.76516	1.77915	1.52328	0.0	-0.11104100000000001	0.902192	-0.41679700000000003	0.0	0.23759299999999997	-0.383129	-0.8926149999999999	0.0	-0.9649969999999999	-0.19814500000000002	-0.171811	0.0	2.70358	1.97955	1.6651900000000002	0.0	
0	0.153609	0.899777	-0.408418	0.0	0.033973199999999995	0.40826999999999997	0.9122290000000001	0.0	0.987548	-0.154002	0.0321455	0.0	-2.77458	1.8021599999999998	1.55354	0.27063400000000004	-0.120979	0.9097059999999999	-0.39724	0.0	0.225056	-0.364623	-0.9035489999999999	0.0	-0.9668059999999999	-0.198712	-0.160623	0.0	2.69443	1.9871299999999998	1.6869299999999998	0.314214	
0	0.207292	0.914386	-0.347747	0.0	0.0464712	0.34586300000000003	0.937133	0.0	0.977175	-0.210421	0.029202	0.0	-2.65956	1.78593	1.6235700000000002	0.349993	-0.151015	0.912216	-0.380863	0.0	0.219241	-0.344779	-0.9127219999999999	0.0	-0.9639129999999999	-0.221335	-0.147928	0.0	2.58918	1.9772599999999998	1.7092599999999998	0.361309	
0	0.25066	0.922774	-0.292675	0.0	0.052759900000000005	0.288856	0.955918	0.0	0.9666370000000001	-0.255052	0.023719099999999996	0.0	-2.65663	1.79262	1.6675799999999998	0.349802	-0.197123	0.9146270000000001	-0.352987	0.0	0.229744	-0.30693000000000004	-0.923586	0.0	-0.9530790000000001	-0.263156	-0.149628	0.0	2.55705	1.9770299999999998	1.74469	0.361031	
0	0.278291	0.932278	-0.231111	0.0	0.0008057060000000001	0.24039000000000002	0.970676	0.0	0.9604969999999999	-0.27031700000000003	0.0661471	0.0	-2.6766900000000002	1.78615	1.6921099999999998	0.348057	-0.25493299999999997	0.9154389999999999	-0.311419	0.0	0.24201399999999998	-0.251404	-0.9371370000000001	0.0	-0.936183	-0.314275	-0.157458	0.0	2.53159	1.98405	1.80292	0.361923	
0	0.31009899999999996	0.940109	-0.141541	0.0	-0.0575514	0.16717	0.984247	0.0	0.948961	-0.297068	0.10594400000000001	0.0	-2.66399	1.87139	1.75173	0.349325	-0.321923	0.9153629999999999	-0.24181999999999998	0.0	0.24906599999999998	-0.16454100000000002	-0.954407	0.0	-0.9134180000000001	-0.367475	-0.175016	0.0	2.52985	1.9951299999999998	1.84505	0.36225100000000005	
0	0.374844	0.924897	-0.06370740000000001	0.0	-0.0943696	0.10642599999999999	0.9898319999999999	0.0	0.922273	-0.36501999999999996	0.127175	0.0	-2.67285	1.89435	1.80112	0.350057	-0.394921	0.905927	-0.152751	0.0	0.229483	-0.0637226	-0.971224	0.0	-0.8895930000000001	-0.41861099999999996	-0.18273	0.0	2.52173	2.0016599999999998	1.8958599999999999	0.363211	
0	0.423311	0.9054620000000001	0.030764499999999997	0.0	-0.154142	0.0385174	0.987298	0.0	0.892776	-0.422676	0.155874	0.0	-2.68365	1.87457	1.84227	0.351802	-0.480891	0.8758290000000001	-0.0408183	0.0	0.18980999999999998	0.0585423	-0.980074	0.0	-0.855988	-0.47905699999999996	-0.194393	0.0	2.51539	2.0032900000000002	1.9334	0.36323099999999997	
0	0.44642299999999996	0.890365	0.08919980000000001	0.0	-0.20469	0.00456887	0.978816	0.0	0.8710959999999999	-0.45522399999999996	0.184288	0.0	-2.6764	1.78255	1.8371099999999998	0.352364	-0.536482	0.8427030000000001	0.0451629	0.0	0.135883	0.139076	-0.980915	0.0	-0.8329	-0.5201060000000001	-0.189121	0.0	2.52035	1.9435900000000002	1.8998099999999998	0.363519	
0	0.5093949999999999	0.8405549999999999	0.184346	0.0	-0.253577	-0.058089800000000004	0.965569	0.0	0.8223229999999999	-0.5386029999999999	0.183555	0.0	-2.6768099999999997	1.67839	1.80772	0.35264	-0.5990989999999999	0.787392	0.145235	0.0	0.0618866	0.22638699999999998	-0.9720690000000001	0.0	-0.79828	-0.5733779999999999	-0.184357	0.0	2.5224900000000003	1.8328400000000002	1.8216400000000001	0.363978	
0	0.546536	0.798433	0.25259299999999996	0.0	-0.28119099999999997	-0.109148	0.953425	0.0	0.788816	-0.592108	0.164858	0.0	-2.68606	1.57641	1.6874099999999999	0.352591	-0.661697	0.716425	0.22111599999999998	0.0	0.00275946	0.297236	-0.9548	0.0	-0.7497659999999999	-0.631178	-0.198657	0.0	2.50425	1.7108400000000001	1.69868	0.363976	
0	0.5925520000000001	0.743571	0.309813	0.0	-0.317551	-0.13783800000000002	0.9381700000000001	0.0	0.7403	-0.654296	0.154445	0.0	-2.67008	1.4231200000000002	1.5407600000000001	0.35297	-0.6943239999999999	0.6658390000000001	0.27308000000000004	0.0	-0.053356100000000004	0.330783	-0.942197	0.0	-0.7176819999999999	-0.66876	-0.194144	0.0	2.4685	1.55549	1.53865	0.363998	
0	0.628925	0.695176	0.348115	0.0	-0.344896	-0.151816	0.9262819999999999	0.0	0.696778	-0.702625	0.144283	0.0	-2.6478900000000003	1.27367	1.39011	0.352543	-0.738432	0.597491	0.312607	0.0	-0.11142	0.349101	-0.9304379999999999	0.0	-0.66506	-0.721895	-0.191215	0.0	2.4071	1.39749	1.41175	0.363992	
0	0.656283	0.658606	0.368145	0.0	-0.356758	-0.15906800000000001	0.9205549999999999	0.0	0.6648430000000001	-0.735483	0.13056900000000002	0.0	-2.63765	1.14916	1.20339	0.352515	-0.7570180000000001	0.557972	0.339988	0.0	-0.145771	0.363002	-0.920316	0.0	-0.636926	-0.746256	-0.19346300000000002	0.0	2.35399	1.2463	1.25617	0.363875	
0	0.679235	0.6154270000000001	0.399862	0.0	-0.38145300000000004	-0.169427	0.9087290000000001	0.0	0.627003	-0.7697689999999999	0.119676	0.0	-2.62443	1.02586	1.0516	0.35236100000000004	-0.771977	0.528184	0.353657	0.0	-0.16856300000000002	0.366347	-0.915083	0.0	-0.612893	-0.7660359999999999	-0.19378	0.0	2.2900400000000003	1.12714	1.12589	0.363267	
0	0.694479	0.577022	0.42982	0.0	-0.40425700000000003	-0.181255	0.8965059999999999	0.0	0.59521	-0.796362	0.10738699999999998	0.0	-2.61839	0.894401	0.915583	0.351583	-0.777791	0.504045	0.375473	0.0	-0.19121	0.379315	-0.9052950000000001	0.0	-0.5987319999999999	-0.775924	-0.198649	0.0	2.23012	1.02783	1.0138200000000002	0.362727	
0	0.705101	0.556816	0.43907799999999997	0.0	-0.412812	-0.181133	0.892624	0.0	0.576558	-0.810646	0.102143	0.0	-2.60555	0.7919010000000001	0.80992	0.35178200000000004	-0.776512	0.496918	0.387429	0.0	-0.201994	0.38610300000000003	-0.900068	0.0	-0.5968479999999999	-0.777172	-0.19944	0.0	2.16721	0.961148	0.935213	0.362983	
0	0.716284	0.533463	0.449837	0.0	-0.423309	-0.180301	0.887863	0.0	0.5547479999999999	-0.826383	0.09667289999999999	0.0	-2.6103400000000003	0.66995	0.70323	0.351552	-0.775767	0.48966499999999996	0.398013	0.0	-0.215457	0.38729600000000003	-0.8964260000000001	0.0	-0.593097	-0.781173	-0.194949	0.0	2.09449	0.8769600000000001	0.8675209999999999	0.36304699999999995	
0	0.7249869999999999	0.51655	0.45559799999999995	0.0	-0.43601999999999996	-0.167855	0.884144	0.0	0.533179	-0.8396440000000001	0.10353299999999999	0.0	-2.62053	0.551784	0.622173	0.351519	-0.777914	0.47074099999999997	0.416238	0.0	-0.238723	0.391344	-0.888741	0.0	-0.581259	-0.79073	-0.192055	0.0	1.99292	0.803744	0.832506	0.362926	
0	0.7335430000000001	0.502362	0.45776400000000006	0.0	-0.443546	-0.15648199999999998	0.8824850000000001	0.0	0.5149590000000001	-0.8503799999999999	0.10803399999999999	0.0	-2.63542	0.415608	0.51383	0.351148	-0.7802899999999999	0.45740299999999995	0.426533	0.0	-0.25816500000000003	0.38561599999999996	-0.885805	0.0	-0.5696479999999999	-0.801301	-0.182808	0.0	1.9121599999999999	0.695227	0.756876	0.362786	
0	0.747764	0.480126	0.45861599999999997	0.0	-0.44827799999999995	-0.14445999999999998	0.882144	0.0	0.489792	-0.865223	0.107207	0.0	-2.6408	0.27589600000000003	0.39955300000000005	0.351054	-0.786961	0.439166	0.433389	0.0	-0.2732	0.38178	-0.8829530000000001	0.0	-0.553222	-0.8132510000000001	-0.18046600000000002	0.0	1.83775	0.5712229999999999	0.666706	0.362647	
0	0.759317	0.46248500000000003	0.457761	0.0	-0.45	-0.134939	0.882775	0.0	0.47003999999999996	-0.8762989999999999	0.105656	0.0	-2.65571	0.125162	0.284858	0.350599	-0.792743	0.43070299999999995	0.43133900000000003	0.0	-0.281639	0.368758	-0.8858309999999999	0.0	-0.54059	-0.8237180000000001	-0.17102799999999999	0.0	1.7740599999999997	0.428125	0.570873	0.362697	
0	0.77357	0.44884799999999997	0.447353	0.0	-0.448071	-0.111796	0.8869799999999999	0.0	0.448132	-0.8865870000000001	0.11463399999999999	0.0	-2.72506	-0.11826800000000001	0.0724467	0.350159	-0.8013859999999999	0.41435200000000005	0.431386	0.0	-0.288587	0.363875	-0.8856139999999999	0.0	-0.523926	-0.834211	-0.172028	0.0	1.7309400000000001	0.18770499999999998	0.397396	0.362541	
0	0.770184	0.464383	0.437223	0.0	-0.445169	-0.0995333	0.889898	0.0	0.456772	-0.880024	0.13007	0.0	-2.69921	-0.25754	-0.052709900000000004	0.34975300000000004	-0.803215	0.419336	0.423087	0.0	-0.289272	0.34630700000000003	-0.892409	0.0	-0.520737	-0.839184	-0.156857	0.0	1.7012200000000002	0.024555	0.27987199999999995	0.362691	
0	0.766216	0.480891	0.426213	0.0	-0.438683	-0.0932043	0.8937959999999999	0.0	0.46954300000000004	-0.871813	0.139544	0.0	-2.67185	-0.251327	-0.0375132	0.349412	-0.799294	0.437229	0.41226199999999996	0.0	-0.27844800000000003	0.338477	-0.898832	0.0	-0.532537	-0.833225	-0.148797	0.0	1.70261	0.041768900000000005	0.308492	0.362982	
0	0.7609060000000001	0.49248400000000003	0.422471	0.0	-0.43671099999999996	-0.0928544	0.894797	0.0	0.479901	-0.8653540000000001	0.144419	0.0	-2.6498	-0.226663	0.00784685	0.349352	-0.796589	0.448254	0.40560300000000005	0.0	-0.270529	0.335685	-0.902291	0.0	-0.540611	-0.828483	-0.146137	0.0	1.7061	0.06363440000000001	0.32645599999999997	0.363242	
0	0.760926	0.49244899999999997	0.42247700000000005	0.0	-0.436705	-0.0928653	0.894799	0.0	0.479876	-0.865373	0.14439100000000002	0.0	-2.6501099999999997	-0.22714299999999998	0.00712867	0.349352	-0.796602	0.448219	0.405617	0.0	-0.270556	0.33567800000000003	-0.902286	0.0	-0.540579	-0.8285049999999999	-0.14613299999999999	0.0	1.7060799999999998	0.0633289	0.326223	0.363242	
0	0.760926	0.49244899999999997	0.42247700000000005	0.0	-0.436705	-0.0928653	0.894799	0.0	0.479876	-0.865373	0.14439100000000002	0.0	-2.6501099999999997	-0.22714299999999998	0.00712875	0.349352	-0.796602	0.448219	0.405617	0.0	-0.270556	0.33567800000000003	-0.902286	0.0	-0.540579	-0.8285049999999999	-0.14613299999999999	0.0	1.7060799999999998	0.0633289	0.326223	0.363242	
0	0.760926	0.49244899999999997	0.42247700000000005	0.0	-0.436705	-0.0928653	0.894799	0.0	0.479876	-0.865373	0.14439100000000002	0.0	-2.6501099999999997	-0.22714299999999998	0.00712871	0.349352	-0.796602	0.448219	0.405617	0.0	-0.270556	0.33567800000000003	-0.902286	0.0	-0.540578	-0.8285049999999999	-0.14613299999999999	0.0	1.7060799999999998	0.0633288	0.326223	0.363242	
0	0.760926	0.49244899999999997	0.42247700000000005	0.0	-0.436705	-0.0928653	0.894799	0.0	0.479876	-0.865373	0.14439100000000002	0.0	-2.6501099999999997	-0.22714299999999998	0.007128699999999999	0.349352	-0.796602	0.448219	0.405617	0.0	-0.270556	0.33567800000000003	-0.902286	0.0	-0.540578	-0.8285049999999999	-0.14613299999999999	0.0	1.7060799999999998	0.0633291	0.326223	0.363242	
0	0.760926	0.49244899999999997	0.42247700000000005	0.0	-0.436705	-0.0928654	0.894799	0.0	0.479876	-0.865373	0.14439100000000002	0.0	-2.6501099999999997	-0.227144	0.00712811	0.349351	-0.796602	0.448219	0.405617	0.0	-0.270556	0.33567800000000003	-0.902286	0.0	-0.540579	-0.8285049999999999	-0.14613299999999999	0.0	1.7060799999999998	0.0633281	0.326223	0.363242	
0	0.760926	0.49244899999999997	0.42247700000000005	0.0	-0.436705	-0.0928653	0.894799	0.0	0.479876	-0.865373	0.14439100000000002	0.0	-2.6501099999999997	-0.227144	0.00712817	0.349352	-0.796602	0.448219	0.405617	0.0	-0.270556	0.33567800000000003	-0.902286	0.0	-0.540579	-0.8285049999999999	-0.14613299999999999	0.0	1.7060799999999998	0.06332819999999999	0.326223	0.363242	
0	0.760926	0.49244899999999997	0.42247700000000005	0.0	-0.436705	-0.0928653	0.894799	0.0	0.479876	-0.865373	0.14439100000000002	0.0	-2.6501099999999997	-0.227144	0.00712852	0.349352	-0.796602	0.448219	0.405617	0.0	-0.270556	0.33567800000000003	-0.902286	0.0	-0.540579	-0.8285049999999999	-0.14613299999999999	0.0	1.7060799999999998	0.0633283	0.326223	0.363242	
0	0.760926	0.49244899999999997	0.42247700000000005	0.0	-0.436705	-0.0928654	0.894799	0.0	0.479876	-0.865373	0.14439100000000002	0.0	-2.6501099999999997	-0.227144	0.00712838	0.349352	-0.796602	0.448219	0.405617	0.0	-0.270556	0.33567800000000003	-0.902286	0.0	-0.540579	-0.8285049999999999	-0.14613299999999999	0.0	1.7060799999999998	0.0633278	0.326223	0.363242	
0	0.760926	0.49244899999999997	0.42247700000000005	0.0	-0.436705	-0.0928654	0.894799	0.0	0.479876	-0.865373	0.14439100000000002	0.0	-2.6501099999999997	-0.227144	0.00712815	0.349352	-0.796602	0.448219	0.405617	0.0	-0.270556	0.33567800000000003	-0.902286	0.0	-0.540579	-0.8285049999999999	-0.14613299999999999	0.0	1.7060799999999998	0.06332769999999999	0.326223	0.363242	
0	0.760926	0.49244899999999997	0.42247700000000005	0.0	-0.436705	-0.0928654	0.894799	0.0	0.479876	-0.865373	0.14439100000000002	0.0	-2.6501099999999997	-0.227144	0.00712801	0.349351	-0.796602	0.448219	0.405617	0.0	-0.270556	0.33567800000000003	-0.902286	0.0	-0.540579	-0.8285049999999999	-0.14613299999999999	0.0	1.7060799999999998	0.06332769999999999	0.326223	0.363242	
0	0.760926	0.49244899999999997	0.42247700000000005	0.0	-0.436705	-0.0928654	0.894799	0.0	0.479876	-0.865373	0.14439100000000002	0.0	-2.6501099999999997	-0.227144	0.00712819	0.349352	-0.796602	0.448219	0.405617	0.0	-0.270556	0.33567800000000003	-0.902286	0.0	-0.540579	-0.8285049999999999	-0.14613299999999999	0.0	1.7060799999999998	0.0633278	0.326223	0.363242	
0	0.7758109999999999	0.531254	0.34042	0.0	-0.28088	-0.192334	0.9402729999999999	0.0	0.564999	-0.825092	4.36977e-06	0.0	-2.6103400000000003	-0.265104	-0.0570104	0.351852	-0.7431989999999999	0.577651	0.33760100000000004	0.0	-0.09580939999999999	0.407499	-0.908166	0.0	-0.662175	-0.7072930000000001	-0.247508	0.0	1.70193	0.0256716	0.378263	0.363979	
0	0.783977	0.5008239999999999	0.366819	0.0	-0.320236	-0.17993900000000002	0.930092	0.0	0.531817	-0.8466389999999999	0.019313999999999998	0.0	-2.59498	-0.43273	-0.10727	0.351653	-0.7368	0.583763	0.341097	0.0	-0.0940553	0.411095	-0.9067270000000001	0.0	-0.6695369999999999	-0.700159	-0.247989	0.0	1.7029400000000001	0.00479513	0.382279	0.363996	
0	0.792871	0.47316800000000003	0.38401599999999997	0.0	-0.35523299999999997	-0.153148	0.9221469999999999	0.0	0.495141	-0.867559	0.046658099999999994	0.0	-2.58208	-0.649269	-0.2195	0.351261	-0.738081	0.584712	0.33667199999999997	0.0	-0.09347330000000001	0.405561	-0.909276	0.0	-0.6682060000000001	-0.702589	-0.244682	0.0	1.6834	-0.0590327	0.351594	0.363982	
0	0.7988270000000001	0.446258	0.403397	0.0	-0.38661599999999996	-0.132899	0.912615	0.0	0.460873	-0.8849809999999999	0.066367	0.0	-2.5968	-0.8390000000000001	-0.345605	0.35112600000000005	-0.735354	0.588063	0.336803	0.0	-0.094211	0.403457	-0.9101360000000001	0.0	-0.671103	-0.7010029999999999	-0.24128200000000002	0.0	1.6716799999999998	-0.0837286	0.33114699999999997	0.363978	
0	0.810355	0.421838	0.406667	0.0	-0.409086	-0.0895706	0.9080889999999999	0.0	0.41949200000000003	-0.902236	0.09998439999999999	0.0	-2.6337	-1.08443	-0.49889700000000003	0.351325	-0.731878	0.593485	0.334859	0.0	-0.09164119999999999	0.401217	-0.9113870000000001	0.0	-0.675245	-0.697711	-0.239254	0.0	1.6672	-0.092166	0.31091199999999997	0.363973	
0	0.827701	0.376499	0.416125	0.0	-0.43172200000000005	-0.0465129	0.900807	0.0	0.358508	-0.925249	0.124044	0.0	-2.69812	-1.3806	-0.673959	0.351569	-0.7312930000000001	0.5969	0.33003299999999997	0.0	-0.0896263	0.395581	-0.9140469999999999	0.0	-0.676149	-0.698016	-0.235788	0.0	1.6571599999999997	-0.105563	0.305102	0.363964	
0	0.83744	0.342736	0.425708	0.0	-0.44673100000000004	-0.0194528	0.894457	0.0	0.314844	-0.9392299999999999	0.13682	0.0	-2.76511	-1.65262	-0.8186140000000001	0.351632	-0.7302609999999999	0.597915	0.33048	0.0	-0.0906803	0.394631	-0.9143540000000001	0.0	-0.6771229999999999	-0.697685	-0.23396399999999998	0.0	1.6384599999999998	-0.121643	0.316813	0.363983	
0	0.8520760000000001	0.315845	0.417382	0.0	-0.449511	0.0330404	0.8926639999999999	0.0	0.26815300000000003	-0.948235	0.170129	0.0	-2.82565	-1.9160400000000002	-0.9390930000000001	0.351478	-0.728908	0.600268	0.329198	0.0	-0.0896498	0.393022	-0.915149	0.0	-0.678716	-0.6965720000000001	-0.232663	0.0	1.62268	-0.12086	0.331005	0.36396999999999996	
0	0.8563709999999999	0.299173	0.420861	0.0	-0.460599	0.0741731	0.8845040000000001	0.0	0.23340300000000003	-0.951312	0.201319	0.0	-2.8846700000000003	-2.2107200000000002	-1.01366	0.351163	-0.727444	0.601526	0.330138	0.0	-0.0903279	0.392997	-0.915092	0.0	-0.680196	-0.695499	-0.23154899999999998	0.0	1.61293	-0.12153	0.33968200000000004	0.363989	
0	0.85688	0.289743	0.426386	0.0	-0.468628	0.0931538	0.8784700000000001	0.0	0.214811	-0.9525600000000001	0.21560300000000002	0.0	-2.9051299999999998	-2.44583	-1.13982	0.351575	-0.727018	0.6017680000000001	0.330638	0.0	-0.0906971	0.39315900000000004	-0.9149860000000001	0.0	-0.680603	-0.695199	-0.23125500000000002	0.0	1.60425	-0.12043	0.34077399999999997	0.36398400000000003	
0	0.865857	0.27227199999999996	0.41971499999999995	0.0	-0.462333	0.114918	0.8792280000000001	0.0	0.191156	-0.955334	0.225383	0.0	-2.95451	-2.6532	-1.31245	0.350892	-0.726528	0.602392	0.330577	0.0	-0.0898111	0.39371799999999996	-0.914833	0.0	-0.681243	-0.694341	-0.231946	0.0	1.59893	-0.123472	0.338091	0.36396999999999996	
0	0.8635870000000001	0.265805	0.42844499999999996	0.0	-0.469217	0.11267200000000001	0.875866	0.0	0.18453599999999998	-0.95742	0.22202199999999997	0.0	-2.9577400000000003	-2.78327	-1.44621	0.35051	-0.726734	0.602901	0.32919299999999996	0.0	-0.0901601	0.391366	-0.915808	0.0	-0.680977	-0.695229	-0.230062	0.0	1.59331	-0.120959	0.339931	0.363981	
0	0.8616469999999999	0.255467	0.438522	0.0	-0.474875	0.10099999999999999	0.874238	0.0	0.179048	-0.961528	0.208341	0.0	-2.96358	-2.8618	-1.5667200000000001	0.350362	-0.727362	0.602102	0.329269	0.0	-0.0911462	0.390795	-0.915954	0.0	-0.680175	-0.696241	-0.22937	0.0	1.5891	-0.131497	0.33837399999999995	0.363983	
0	0.8649540000000001	0.241352	0.44000500000000003	0.0	-0.47418599999999994	0.10596099999999999	0.874025	0.0	0.164324	-0.964636	0.20609699999999997	0.0	-2.98129	-2.93155	-1.69145	0.35025700000000004	-0.728106	0.60209	0.32764299999999996	0.0	-0.0900901	0.389786	-0.916488	0.0	-0.679519	-0.696818	-0.22956300000000002	0.0	1.5981	-0.15068199999999998	0.338781	0.36398400000000003	
0	0.8709469999999999	0.234107	0.43202399999999996	0.0	-0.467893	0.126563	0.874676	0.0	0.15009	-0.963938	0.21976700000000002	0.0	-3.01107	-3.01369	-1.78835	0.35019	-0.730178	0.601528	0.324042	0.0	-0.0882261	0.387284	-0.9177290000000001	0.0	-0.6775359999999999	-0.698695	-0.22971599999999998	0.0	1.6205100000000001	-0.146972	0.348781	0.363998	
0	0.875017	0.22730999999999998	0.42740500000000003	0.0	-0.464876	0.14828	0.872871	0.0	0.135036	-0.962467	0.235418	0.0	-3.02449	-3.0935099999999998	-1.82435	0.350608	-0.730912	0.601205	0.32298699999999997	0.0	-0.0873882	0.386919	-0.9179639999999999	0.0	-0.676854	-0.699176	-0.230265	0.0	1.64431	-0.142233	0.341983	0.363992	
0	0.881885	0.204808	0.42465600000000003	0.0	-0.457945	0.157962	0.874834	0.0	0.11209300000000001	-0.9659719999999999	0.23309499999999997	0.0	-3.05008	-3.21296	-1.82723	0.352002	-0.731749	0.60107	0.321339	0.0	-0.0857373	0.386544	-0.918277	0.0	-0.676161	-0.699499	-0.231319	0.0	1.65421	-0.139226	0.336511	0.363978	
0	0.8909219999999999	0.206773	0.404356	0.0	-0.44017799999999996	0.173939	0.8809020000000001	0.0	0.11181300000000001	-0.9628030000000001	0.24598299999999998	0.0	-3.08585	-3.3054699999999997	-1.8197	0.36093600000000003	-0.729935	0.604916	0.318232	0.0	-0.0835665	0.383108	-0.919916	0.0	-0.678389	-0.698072	-0.229093	0.0	1.6618	-0.141939	0.334592	0.363978	
0	0.893975	0.21238400000000002	0.39459099999999997	0.0	-0.432878	0.181605	0.88297	0.0	0.115869	-0.9601629999999999	0.254287	0.0	-3.11642	-3.3719	-1.83424	0.361458	-0.731056	0.604815	0.315841	0.0	-0.081346	0.382336	-0.920436	0.0	-0.677451	-0.698583	-0.23031	0.0	1.66485	-0.140928	0.336706	0.363977	
0	0.8929950000000001	0.22382	0.390467	0.0	-0.43273199999999995	0.188526	0.88159	0.0	0.123705	-0.9562229999999999	0.265206	0.0	-3.08796	-3.3951	-1.8365200000000002	0.361437	-0.730108	0.608163	0.311578	0.0	-0.0777543	0.379069	-0.9220959999999999	0.0	-0.678894	-0.6974560000000001	-0.22947399999999998	0.0	1.6662	-0.146564	0.349034	0.36399000000000004	
0	0.8917010000000001	0.231623	0.388871	0.0	-0.432692	0.184057	0.8825540000000001	0.0	0.132845	-0.9552350000000001	0.264345	0.0	-3.04738	-3.4012	-1.8191400000000002	0.360941	-0.729748	0.6093	0.310197	0.0	-0.0756778	0.378923	-0.9223290000000001	0.0	-0.679516	-0.696542	-0.230408	0.0	1.6739099999999998	-0.165022	0.346078	0.36398400000000003	
0	0.873634	0.253163	0.41553900000000005	0.0	-0.46001000000000003	0.151354	0.874919	0.0	0.158604	-0.9555110000000001	0.248685	0.0	-3.00503	-3.4157300000000004	-1.7966799999999998	0.36094499999999996	-0.728627	0.611154	0.309181	0.0	-0.073823	0.378711	-0.922566	0.0	-0.68092	-0.695032	-0.23082199999999997	0.0	1.6794900000000001	-0.184623	0.349979	0.363973	
0	0.868244	0.250974	0.427976	0.0	-0.468704	0.13205699999999998	0.8734290000000001	0.0	0.16269	-0.958944	0.23229	0.0	-2.95463	-3.4502900000000003	-1.7642799999999998	0.360769	-0.727954	0.6126159999999999	0.307872	0.0	-0.0722223	0.37802399999999997	-0.922975	0.0	-0.681812	-0.694118	-0.23093899999999998	0.0	1.68055	-0.190104	0.364175	0.36398600000000003	
0	0.8623149999999999	0.244454	0.443459	0.0	-0.479599	0.113278	0.8701459999999999	0.0	0.162477	-0.9630209999999999	0.214921	0.0	-2.9153599999999997	-3.51865	-1.7858900000000002	0.360496	-0.7258100000000001	0.615504	0.30717300000000003	0.0	-0.07197139999999999	0.376143	-0.9237620000000001	0.0	-0.68412	-0.692583	-0.22870900000000002	0.0	1.6784299999999999	-0.194548	0.36778	0.36398600000000003	
0	0.8562290000000001	0.23831599999999997	0.458342	0.0	-0.49266400000000005	0.109777	0.863268	0.0	0.155415	-0.9649629999999999	0.211404	0.0	-2.92441	-3.61091	-1.7974	0.360788	-0.72423	0.618323	0.305235	0.0	-0.0720539	0.37237	-0.925283	0.0	-0.6857840000000001	-0.6921109999999999	-0.225129	0.0	1.67166	-0.190156	0.376136	0.36398800000000003	
0	0.852849	0.23992199999999997	0.463775	0.0	-0.498575	0.11025599999999999	0.859806	0.0	0.15515199999999998	-0.964511	0.21365	0.0	-2.93128	-3.62713	-1.7907799999999998	0.36241799999999996	-0.725733	0.6181949999999999	0.30190500000000003	0.0	-0.0709215	0.369267	-0.9266129999999999	0.0	-0.684311	-0.6938850000000001	-0.224146	0.0	1.66755	-0.179498	0.38878	0.363987	
0	0.852577	0.24160399999999999	0.463401	0.0	-0.498179	0.10783399999999999	0.8603430000000001	0.0	0.157892	-0.9643649999999999	0.21229800000000001	0.0	-2.93417	-3.6285	-1.7870700000000002	0.363931	-0.7249140000000001	0.619599	0.300993	0.0	-0.06801789999999999	0.370437	-0.926364	0.0	-0.685473	-0.6920069999999999	-0.22639099999999998	0.0	1.6715900000000001	-0.165253	0.394931	0.363979	
0	0.8526030000000001	0.23970300000000003	0.46433900000000006	0.0	-0.498133	0.10431800000000001	0.8608030000000001	0.0	0.157898	-0.965225	0.208346	0.0	-2.93437	-3.6294800000000005	-1.78184	0.36443200000000003	-0.724288	0.620715	0.300201	0.0	-0.0661612	0.370815	-0.9263469999999999	0.0	-0.686316	-0.690803	-0.22750900000000002	0.0	1.6715099999999998	-0.167102	0.41628100000000007	0.36398800000000003	
0	0.8510850000000001	0.242835	0.465495	0.0	-0.499774	0.10304300000000001	0.8600049999999999	0.0	0.160873	-0.9645790000000001	0.20906100000000002	0.0	-2.93532	-3.62869	-1.7877	0.358639	-0.721618	0.624783	0.298186	0.0	-0.0644779	0.368196	-0.9275100000000001	0.0	-0.689283	-0.688534	-0.225412	0.0	1.6704299999999999	-0.17480199999999999	0.435068	0.363981	
0	0.857719	0.23659899999999998	0.456441	0.0	-0.489304	0.103182	0.8659879999999999	0.0	0.157795	-0.9661129999999999	0.20427	0.0	-2.91515	-3.6193400000000002	-1.81208	0.319629	-0.7209899999999999	0.626249	0.296623	0.0	-0.0641337	0.36591799999999997	-0.928435	0.0	-0.689971	-0.688416	-0.22365900000000002	0.0	1.66655	-0.16862	0.459555	0.36399499999999996	
0	0.86013	0.231179	0.45467799999999997	0.0	-0.491728	0.13889200000000002	0.8596	0.0	0.13557	-0.9629459999999999	0.233143	0.0	-2.89856	-3.60282	-1.85025	0.224204	-0.719184	0.6283340000000001	0.29659800000000003	0.0	-0.06282130000000001	0.36632	-0.928366	0.0	-0.691974	-0.686298	-0.22397899999999998	0.0	1.6662	-0.143267	0.462808	0.363965	
0	0.871936	0.211313	0.441672	0.0	-0.46776999999999996	0.09305160000000001	0.8789379999999999	0.0	0.14463299999999998	-0.972979	0.179981	0.0	-2.89541	-3.59467	-1.8374099999999998	0.172673	-0.716677	0.631764	0.29537800000000003	0.0	-0.061705600000000006	0.364435	-0.929182	0.0	-0.69467	-0.68415	-0.22219899999999998	0.0	1.6664900000000002	-0.12126700000000001	0.46773100000000006	0.363976	
0	0.8754200000000001	0.20740100000000003	0.436605	0.0	-0.462226	0.0950164	0.881657	0.0	0.141372	-0.9736309999999999	0.179046	0.0	-2.89575	-3.59265	-1.8437400000000002	0.172173	-0.7144739999999999	0.633969	0.29599200000000003	0.0	-0.0618712	0.364144	-0.9292860000000001	0.0	-0.696921	-0.6822630000000001	-0.22094699999999998	0.0	1.65986	-0.11728599999999999	0.46749399999999997	0.36396799999999996	
0	0.87756	0.203759	0.434018	0.0	-0.45941800000000005	0.09831000000000001	0.882763	0.0	0.137202	-0.974073	0.179883	0.0	-2.89522	-3.5896800000000004	-1.8440599999999998	0.171977	-0.712809	0.635549	0.296615	0.0	-0.06252540000000001	0.363648	-0.929436	0.0	-0.698565	-0.681056	-0.21947399999999997	0.0	1.6551099999999999	-0.115705	0.46808599999999995	0.363987	
0	0.881443	0.198401	0.428597	0.0	-0.45370200000000005	0.10362	0.885109	0.0	0.131195	-0.974628	0.18135	0.0	-2.88973	-3.5836699999999997	-1.83716	0.17229	-0.710911	0.638199	0.295479	0.0	-0.060655099999999997	0.362939	-0.929837	0.0	-0.700662	-0.678953	-0.21930700000000003	0.0	1.65031	-0.114347	0.467316	0.363975	
0	0.8881629999999999	0.191071	0.417921	0.0	-0.44476099999999996	0.128726	0.886351	0.0	0.115558	-0.9730989999999999	0.19931	0.0	-2.8744400000000003	-3.5710699999999997	-1.83581	0.171907	-0.708725	0.640195	0.29641100000000004	0.0	-0.06170830000000001	0.36228699999999997	-0.9300219999999999	0.0	-0.702781	-0.67742	-0.217257	0.0	1.6308799999999999	-0.11051	0.46680900000000003	0.36398	
0	0.8939549999999999	0.190829	0.405499	0.0	-0.43418900000000005	0.144653	0.8891319999999999	0.0	0.111016	-0.970907	0.212169	0.0	-2.87843	-3.55536	-1.8319299999999998	0.172265	-0.707091	0.6413989999999999	0.297707	0.0	-0.0622651	0.362902	-0.929745	0.0	-0.704376	-0.675951	-0.21666799999999997	0.0	1.62116	-0.10871099999999999	0.458822	0.363976	
0	0.899755	0.18698199999999998	0.394308	0.0	-0.422286	0.145148	0.894766	0.0	0.110072	-0.9715809999999999	0.209558	0.0	-2.9174599999999997	-3.48605	-1.77761	0.172241	-0.706691	0.640785	0.299973	0.0	-0.06358430000000001	0.364741	-0.9289350000000001	0.0	-0.7046600000000001	-0.675543	-0.217016	0.0	1.60686	-0.119654	0.46053999999999995	0.363981	
0	0.9107	0.17669200000000002	0.373371	0.0	-0.39965700000000004	0.14844200000000002	0.904566	0.0	0.104406	-0.973008	0.20580199999999998	0.0	-2.91871	-3.34355	-1.76013	0.171881	-0.708156	0.638284	0.30184099999999997	0.0	-0.0649981	0.36675399999999997	-0.9280440000000001	0.0	-0.703058	-0.676819	-0.218232	0.0	1.60212	-0.126236	0.459845	0.363978	
0	0.91581	0.167624	0.36495900000000003	0.0	-0.388893	0.143241	0.9100790000000001	0.0	0.100274	-0.975389	0.19636900000000002	0.0	-2.94601	-3.14093	-1.6940400000000002	0.172241	-0.708481	0.639065	0.29941799999999996	0.0	-0.062307299999999996	0.36596799999999996	-0.9285389999999999	0.0	-0.702974	-0.676508	-0.21946300000000002	0.0	1.61385	-0.134985	0.45453699999999997	0.363971	
0	0.9147209999999999	0.16310999999999998	0.369703	0.0	-0.388821	0.10619	0.9151729999999999	0.0	0.11001500000000002	-0.980877	0.160555	0.0	-2.93262	-2.9001200000000003	-1.63662	0.172241	-0.707779	0.639889	0.29931599999999997	0.0	-0.06129640000000001	0.36647399999999997	-0.928407	0.0	-0.703769	-0.675454	-0.22016	0.0	1.6256700000000002	-0.145893	0.45213000000000003	0.363992	
0	0.914518	0.166541	0.368675	0.0	-0.384285	0.0728379	0.9203370000000001	0.0	0.12642	-0.983341	0.13061099999999998	0.0	-2.92417	-2.59773	-1.55382	0.17224	-0.706439	0.6413949999999999	0.299259	0.0	-0.0594978	0.367505	-0.928117	0.0	-0.7052689999999999	-0.673463	-0.221458	0.0	1.6363	-0.15550999999999998	0.438169	0.363987	
0	0.9105780000000001	0.176303	0.37385	0.0	-0.388121	0.05362480000000001	0.920047	0.0	0.14215899999999998	-0.982874	0.117256	0.0	-2.87445	-2.35718	-1.4596200000000001	0.17188299999999998	-0.702236	0.645223	0.30091999999999997	0.0	-0.0596908	0.367825	-0.927977	0.0	-0.709438	-0.669621	-0.21978699999999998	0.0	1.63205	-0.166823	0.42987	0.363976	
0	0.907382	0.179509	0.380046	0.0	-0.393057	0.0421259	0.918549	0.0	0.148878	-0.9828540000000001	0.10878199999999999	0.0	-2.8485	-2.1371	-1.37028	0.171882	-0.6991970000000001	0.648016	0.301991	0.0	-0.0594353	0.368258	-0.9278219999999999	0.0	-0.7124550000000001	-0.666679	-0.21896999999999997	0.0	1.61097	-0.161202	0.433162	0.36398400000000003	
0	0.90309	0.182193	0.388888	0.0	-0.400239	0.028799599999999998	0.9159579999999999	0.0	0.15568099999999999	-0.982841	0.0989294	0.0	-2.83222	-1.9606700000000001	-1.2618200000000002	0.17188599999999998	-0.694894	0.652462	0.30235100000000004	0.0	-0.0598539	0.366514	-0.928485	0.0	-0.7166170000000001	-0.663296	-0.21563600000000002	0.0	1.58844	-0.142841	0.439121	0.363982	
0	0.899323	0.184021	0.39668000000000003	0.0	-0.405903	0.013839099999999998	0.9138120000000001	0.0	0.16267	-0.982825	0.0871403	0.0	-2.8051	-1.7961	-1.20319	0.171882	-0.691921	0.659533	0.293705	0.0	-0.0497786	0.36225999999999997	-0.9307469999999999	0.0	-0.720256	-0.658623	-0.217825	0.0	1.5658299999999998	-0.13460999999999998	0.41091300000000003	0.363973	
0	0.8945799999999999	0.18049400000000002	0.40883800000000003	0.0	-0.413191	-0.0145494	0.9105280000000001	0.0	0.170293	-0.983468	0.061563	0.0	-2.78987	-1.61392	-1.17014	0.171881	-0.6623	0.721205	0.203033	0.0	0.0212322	0.288943	-0.957111	0.0	-0.748938	-0.629584	-0.20668000000000003	0.0	1.56907	-0.126839	0.35939299999999996	0.363976	
0	0.88682	0.181641	0.42491899999999994	0.0	-0.42255	-0.0535274	0.904758	0.0	0.187086	-0.981907	0.029283299999999998	0.0	-2.77542	-1.4273200000000001	-1.1566299999999998	0.171882	-0.581855	0.813284	-0.00384659	0.0	0.175111	0.12065899999999999	-0.9771270000000001	0.0	-0.794218	-0.5692189999999999	-0.212621	0.0	1.56053	-0.0910339	0.24782600000000002	0.363992	
0	0.8771190000000001	0.197905	0.437601	0.0	-0.426034	-0.100008	0.8991629999999999	0.0	0.22171300000000002	-0.9751059999999999	-0.00340467	0.0	-2.74476	-1.25029	-1.1652	0.171879	-0.390996	0.849699	-0.353742	0.0	0.34008299999999997	-0.223764	-0.913386	0.0	-0.855258	-0.47743199999999997	-0.201477	0.0	1.58066	-0.0447253	0.10320399999999999	0.364006	
0	0.866857	0.21145100000000003	0.451495	0.0	-0.43013900000000005	-0.140674	0.891735	0.0	0.25207199999999996	-0.9672120000000001	-0.0309914	0.0	-2.62035	-1.10932	-1.1485100000000001	0.17188599999999998	-0.06676	0.573775	-0.816287	0.0	0.399564	-0.734276	-0.5488069999999999	0.0	-0.914271	-0.362797	-0.18024	0.0	1.4517200000000001	0.00297253	-0.050818699999999994	0.36302399999999996	
0	0.859138	0.220375	0.461862	0.0	-0.435496	-0.159117	0.886016	0.0	0.268746	-0.96235	-0.0407316	0.0	-2.5596200000000002	-1.0752899999999999	-1.14075	0.171881	0.0376723	0.355128	-0.9340579999999999	0.0	0.364979	-0.875036	-0.317967	0.0	-0.9302530000000001	-0.328933	-0.162579	0.0	1.30053	0.00260273	-0.12876500000000002	0.36298	
0	0.841988	0.238713	0.48381	0.0	-0.447133	-0.193017	0.873394	0.0	0.301874	-0.951715	-0.0557811	0.0	-2.4075	-1.04424	-1.17828	0.171882	0.0894799	0.151265	-0.9844350000000001	0.0	0.352342	-0.9292940000000001	-0.110766	0.0	-0.931584	-0.336946	-0.13645	0.0	0.822843	-0.022784	-0.23294099999999998	0.361634	
0	0.8339479999999999	0.24784499999999998	0.493055	0.0	-0.452507	-0.204274	0.868049	0.0	0.31586	-0.947019	-0.05820259999999999	0.0	-2.3376	-1.0418100000000001	-1.19966	0.171879	0.0953325	0.113453	-0.988959	0.0	0.360912	-0.929826	-0.0718788	0.0	-0.927715	-0.350075	-0.129589	0.0	0.621154	-0.0776591	-0.2888	0.361085	
1	0.830184	0.253787	0.496374	0.0	-0.454872	-0.20641199999999998	0.8663059999999999	0.0	0.322315	-0.9449790000000001	-0.0559192	0.0	-2.31237	-1.04866	-1.20649	0.171888	0.081108	0.10409500000000001	-0.9912549999999999	0.0	0.374139	-0.924984	-0.066522	0.0	-0.9238190000000001	-0.365471	-0.113969	0.0	0.510858	-0.131951	-0.316905	0.36068	
1	0.820757	0.264447	0.5063850000000001	0.0	-0.46068100000000006	-0.217809	0.860426	0.0	0.337832	-0.939483	-0.0569423	0.0	-2.24747	-1.0519	-1.21106	0.17189000000000002	0.0690905	0.113703	-0.99111	0.0	0.389139	-0.9178559999999999	-0.07817239999999999	0.0	-0.9185840000000001	-0.380279	-0.107662	0.0	0.313199	-0.234089	-0.39864	0.359013	
1	0.814806	0.283086	0.505919	0.0	-0.457977	-0.220757	0.861118	0.0	0.355455	-0.933343	-0.0502273	0.0	-2.14715	-1.03885	-1.22015	0.172243	0.056758800000000005	0.127217	-0.99025	0.0	0.424151	-0.900964	-0.09143539999999999	0.0	-0.903811	-0.414825	-0.105097	0.0	0.0865841	-0.413596	-0.521226	0.348039	
1	0.8071020000000001	0.301345	0.507718	0.0	-0.45952299999999996	-0.21931900000000001	0.860661	0.0	0.370708	-0.92795	-0.038537699999999994	0.0	-2.09872	-1.02454	-1.2091399999999999	0.17188299999999998	0.0524509	0.140378	-0.988708	0.0	0.43103800000000003	-0.896275	-0.10438800000000001	0.0	-0.9008079999999999	-0.420696	-0.107519	0.0	-0.0194475	-0.494605	-0.633502	0.34776999999999997	
1	0.803484	0.30549299999999996	0.510968	0.0	-0.46177299999999993	-0.22189899999999999	0.8587940000000001	0.0	0.375739	-0.9259780000000001	-0.037224400000000005	0.0	-2.05979	-1.01644	-1.20288	0.17188299999999998	0.0516729	0.149109	-0.9874700000000001	0.0	0.435144	-0.893352	-0.112127	0.0	-0.898877	-0.42389799999999994	-0.111046	0.0	-0.06453690000000001	-0.517072	-0.682372	0.347719	
1	0.798245	0.322657	0.508624	0.0	-0.460404	-0.21762199999999998	0.8606209999999999	0.0	0.388373	-0.9211590000000001	-0.0251627	0.0	-2.0041900000000004	-0.9815010000000001	-1.17124	0.172246	0.045854900000000004	0.167174	-0.9848600000000001	0.0	0.444082	-0.886533	-0.12980799999999998	0.0	-0.894812	-0.431407	-0.11489100000000001	0.0	-0.150921	-0.589567	-0.798296	0.347426	
1	0.796366	0.324193	0.510588	0.0	-0.461556	-0.2198	0.85945	0.0	0.390855	-0.9201020000000001	-0.025408	0.0	-1.9638799999999998	-0.945886	-1.1475899999999999	0.171882	0.0428783	0.18012	-0.9827100000000001	0.0	0.45409799999999995	-0.879657	-0.14141800000000002	0.0	-0.88992	-0.440183	-0.11950999999999999	0.0	-0.20343	-0.65118	-0.8782709999999999	0.347381	
1	0.793244	0.33877199999999996	0.505963	0.0	-0.45855	-0.21434899999999998	0.8624299999999999	0.0	0.40062	-0.916127	-0.014686600000000001	0.0	-1.94166	-0.92464	-1.11922	0.172244	0.0367066	0.196012	-0.979914	0.0	0.458124	-0.8747659999999999	-0.157818	0.0	-0.88813	-0.443129	-0.12190799999999999	0.0	-0.23974299999999998	-0.709558	-0.954932	0.34733	
1	0.787199	0.351133	0.5069739999999999	0.0	-0.460113	-0.212968	0.8619399999999999	0.0	0.410625	-0.911784	-0.00608688	0.0	-1.90683	-0.9125260000000001	-1.0848200000000001	0.172241	0.037692199999999995	0.208002	-0.977402	0.0	0.462454	-0.8706860000000001	-0.167457	0.0	-0.885842	-0.44569200000000003	-0.12900899999999998	0.0	-0.269627	-0.764124	-1.0321799999999999	0.347326	
1	0.78813	0.351731	0.505111	0.0	-0.457367	-0.214522	0.863016	0.0	0.41190699999999997	-0.9111889999999999	-0.00820084	0.0	-1.9019700000000002	-0.910824	-1.0709600000000001	0.17188499999999998	0.0374118	0.210689	-0.9768370000000001	0.0	0.464771	-0.869029	-0.16963599999999998	0.0	-0.88464	-0.44766000000000006	-0.130434	0.0	-0.283042	-0.795675	-1.07768	0.347622	
1	0.783669	0.358749	0.507112	0.0	-0.45941400000000004	-0.21474000000000001	0.861873	0.0	0.41809300000000005	-0.9083979999999999	-0.00347062	0.0	-1.8756	-0.889301	-1.01955	0.172248	0.040198000000000005	0.21611	-0.975541	0.0	0.469695	-0.865822	-0.17245	0.0	-0.881913	-0.451275	-0.13631	0.0	-0.32606999999999997	-0.9108700000000001	-1.21801	0.347443	
1	0.783381	0.359009	0.507372	0.0	-0.459657	-0.214833	0.861721	0.0	0.41836599999999996	-0.908273	-0.00327591	0.0	-1.85037	-0.880706	-0.9901530000000001	0.171881	0.044442800000000005	0.21166	-0.976333	0.0	0.47298199999999996	-0.865283	-0.166055	0.0	-0.879951	-0.454408	-0.138567	0.0	-0.352625	-0.988563	-1.31541	0.347467	
1	0.784517	0.358614	0.505895	0.0	-0.45751800000000004	-0.21595300000000003	0.8625790000000001	0.0	0.41858199999999995	-0.9081629999999999	-0.00534637	0.0	-1.85883	-0.866692	-0.9820459999999999	0.172239	0.045414300000000005	0.20795999999999998	-0.977083	0.0	0.477203	-0.8637950000000001	-0.161668	0.0	-0.877619	-0.458924	-0.138468	0.0	-0.36231599999999997	-1.05266	-1.36753	0.347508	
1	0.782759	0.35944299999999996	0.508025	0.0	-0.457977	-0.22000999999999998	0.861309	0.0	0.421362	-0.906861	-0.00759805	0.0	-1.86453	-0.830045	-0.968725	0.172258	0.0468556	0.209346	-0.976718	0.0	0.482549	-0.860876	-0.161368	0.0	-0.8746149999999999	-0.46375299999999997	-0.14135699999999998	0.0	-0.367799	-1.09861	-1.40913	0.347342	
1	0.782469	0.359279	0.508587	0.0	-0.459085	-0.218957	0.8609870000000001	0.0	0.42069300000000004	-0.9071809999999999	-0.00638759	0.0	-1.8632400000000002	-0.832026	-0.981252	0.172279	0.047414099999999994	0.20554499999999998	-0.977498	0.0	0.481238	-0.86224	-0.157966	0.0	-0.875307	-0.46291899999999997	-0.139798	0.0	-0.373373	-1.1006799999999999	-1.42297	0.347182	
1	0.784248	0.358193	0.506609	0.0	-0.457269	-0.2182	0.862145	0.0	0.419357	-0.907792	-0.00733261	0.0	-1.86447	-0.838101	-0.996928	0.172287	0.0471593	0.207364	-0.977126	0.0	0.48421000000000003	-0.860345	-0.159212	0.0	-0.8736799999999999	-0.46562600000000004	-0.140981	0.0	-0.37638699999999997	-1.10463	-1.44175	0.34473000000000004	
1	0.78338	0.355738	0.509672	0.0	-0.45443100000000003	-0.231625	0.8601409999999999	0.0	0.424038	-0.905428	-0.0197919	0.0	-1.8521400000000001	-0.904244	-1.02129	0.17277	0.045026800000000006	0.176562	-0.983259	0.0	0.48266499999999996	-0.8655959999999999	-0.133331	0.0	-0.874647	-0.468582	-0.124195	0.0	-0.380311	-1.08604	-1.45593	0.18366400000000002	
1	0.786986	0.351064	0.5073529999999999	0.0	-0.45196499999999995	-0.23172199999999998	0.8614129999999999	0.0	0.419976	-0.907226	-0.0236936	0.0	-1.8308200000000001	-0.894185	-1.01643	0.17302	0.0416389	0.177499	-0.98324	0.0	0.47670799999999997	-0.8683870000000001	-0.136577	0.0	-0.878075	-0.463031	-0.120774	0.0	-0.36128499999999997	-1.08505	-1.45584	0.183454	
1	0.784237	0.352247	0.510778	0.0	-0.455143	-0.232888	0.8594229999999999	0.0	0.421683	-0.9064690000000001	-0.0223173	0.0	-1.7905099999999998	-0.8855940000000001	-1.01841	0.17306	0.045924099999999995	0.178048	-0.98295	0.0	0.478562	-0.8676440000000001	-0.134803	0.0	-0.8768520000000001	-0.464212	-0.125053	0.0	-0.318738	-1.0739299999999998	-1.45154	0.183471	
1	0.783583	0.350475	0.512997	0.0	-0.45564499999999997	-0.237141	0.857993	0.0	0.422357	-0.9060530000000001	-0.0261274	0.0	-1.77092	-0.86164	-1.0180200000000001	0.172823	0.0465008	0.183031	-0.982007	0.0	0.47892700000000005	-0.8668	-0.13888	0.0	-0.8766219999999999	-0.46385200000000004	-0.127965	0.0	-0.297676	-1.0477100000000001	-1.45232	0.183516	
1	0.7771779999999999	0.349715	0.523157	0.0	-0.46150399999999997	-0.248416	0.851648	0.0	0.427795	-0.9033209999999999	-0.0316684	0.0	-1.73975	-0.826732	-1.01726	0.173074	0.0529729	0.19273900000000002	-0.979819	0.0	0.48308999999999996	-0.863685	-0.143776	0.0	-0.873967	-0.465725	-0.13886199999999999	0.0	-0.261726	-1.0016399999999999	-1.44039	0.183666	
