0	-0.00893296	0.830303	-0.55724	0.0	0.027554400000000003	0.5572550000000001	0.8298840000000001	0.0	0.9995809999999999	-0.00794119	-0.0278565	0.0	-2.7455	1.96829	1.31855	1.88351e-05	-0.0478862	0.8899299999999999	-0.45357600000000003	0.0	0.207548	-0.435321	-0.876025	0.0	-0.977052	-0.13608800000000001	-0.163858	0.0	2.721	1.98265	1.4662899999999999	-0.00069046	
0	-0.109204	0.802528	-0.586535	0.0	-0.155712	0.568968	0.807483	0.0	0.981748	0.17951099999999998	0.0628294	0.0	-2.72024	1.9219099999999998	1.3564399999999999	0.0	-0.0483383	0.8833190000000001	-0.46627299999999994	0.0	0.22640100000000002	-0.444979	-0.866451	0.0	-0.972834	-0.147447	-0.178475	0.0	2.77536	1.92445	1.38011	0.0	
0	-0.20241099999999998	0.7509640000000001	-0.6285569999999999	0.0	-0.147379	0.611173	0.777654	0.0	0.968147	0.250042	-0.0130315	0.0	-2.59478	1.99635	1.29224	0.0	0.00145483	0.876491	-0.481415	0.0	0.199501	-0.471992	-0.858733	0.0	-0.9798969999999999	-0.0947933	-0.175547	0.0	2.7505	1.90766	1.30974	0.0815341	
0	-0.298089	0.66281	-0.686896	0.0	-0.113408	0.689922	0.7149449999999999	0.0	0.9477770000000001	0.291017	-0.13049000000000002	0.0	-2.64423	2.1613	1.14634	0.294383	0.000971437	0.879547	-0.47581	0.0	0.202529	-0.46612299999999995	-0.8612270000000001	0.0	-0.979276	-0.0955289	-0.178587	0.0	2.74185	1.90809	1.30169	0.362162	
0	-0.304221	0.631123	-0.713536	0.0	-0.162351	0.70373	0.691669	0.0	0.938665	0.326263	-0.111626	0.0	-2.5641700000000003	2.25304	1.06761	0.32375	0.000849903	0.881965	-0.471315	0.0	0.21232600000000001	-0.46072799999999997	-0.86177	0.0	-0.9771989999999999	-0.09933969999999999	-0.187656	0.0	2.6914	1.88145	1.30587	0.36234299999999997	
0	-0.31052199999999996	0.632297	-0.7097720000000001	0.0	-0.11696	0.715595	0.688654	0.0	0.943343	0.29685700000000004	-0.148255	0.0	-2.61971	2.30536	1.04805	0.32642899999999997	-0.029131099999999997	0.889742	-0.455534	0.0	0.217547	-0.43916000000000005	-0.8716719999999999	0.0	-0.975615	-0.124493	-0.180768	0.0	2.66262	1.8362	1.36368	0.363227	
0	-0.31668	0.578086	-0.752017	0.0	-0.14080499999999999	0.7553880000000001	0.639971	0.0	0.9380229999999999	0.308554	-0.15781900000000001	0.0	-2.6508	2.36842	1.04421	0.303483	-0.05275030000000001	0.892274	-0.448402	0.0	0.226098	-0.426695	-0.8756780000000001	0.0	-0.972675	-0.147575	-0.179234	0.0	2.6597	1.82762	1.39757	0.363929	
0	-0.25679	0.629023	-0.73375	0.0	-0.047737800000000004	0.750026	0.659683	0.0	0.9652879999999999	0.204427	-0.162571	0.0	-2.73082	2.43777	1.11437	0.322325	-0.133247	0.906226	-0.401248	0.0	0.24983200000000003	-0.36107100000000003	-0.89845	0.0	-0.9590770000000001	-0.21996	-0.178293	0.0	2.66498	1.84329	1.4523	0.363983	
0	-0.0612179	0.800496	-0.596204	0.0	0.0609118	0.5992069999999999	0.798273	0.0	0.9962639999999999	0.0125526	-0.0854419	0.0	-2.77858	2.38348	1.26001	0.348531	-0.262998	0.913492	-0.31042600000000004	0.0	0.244338	-0.24820100000000003	-0.9373879999999999	0.0	-0.9333440000000001	-0.32238	-0.157925	0.0	2.6531599999999997	1.84933	1.4998799999999999	0.363975	
0	0.32707600000000003	0.9088959999999999	-0.258707	0.0	0.106627	0.236521	0.965758	0.0	0.9389629999999999	-0.343461	-0.0195529	0.0	-2.69299	2.0600400000000003	1.45231	0.35112899999999997	-0.44712799999999997	0.8777389999999999	-0.172194	0.0	0.20027	-0.0893837	-0.9756549999999999	0.0	-0.871762	-0.470728	-0.135819	0.0	2.53452	1.7874599999999998	1.51588	0.363993	
0	0.462387	0.876403	-0.13459300000000002	0.0	0.08468989999999998	0.107448	0.990597	0.0	0.882624	-0.469438	-0.0245399	0.0	-2.66399	1.8469900000000001	1.4505	0.351804	-0.521822	0.8434450000000001	-0.127679	0.0	0.162906	-0.0483899	-0.985454	0.0	-0.837355	-0.535031	-0.112151	0.0	2.4433599999999998	1.67245	1.49076	0.36399000000000004	
0	0.7648560000000001	0.6089140000000001	0.21028400000000003	0.0	-0.10842	-0.200095	0.973759	0.0	0.635012	-0.7675850000000001	-0.0870253	0.0	-2.53558	1.16527	1.27063	0.353073	-0.695707	0.718295	0.00673833	0.0	0.047332099999999995	0.0551997	-0.997353	0.0	-0.716765	-0.693546	-0.07240139999999999	0.0	2.08701	1.19719	1.32631	0.364031	
0	0.8457479999999999	0.43601599999999996	0.307571	0.0	-0.209909	-0.258073	0.943047	0.0	0.490559	-0.862142	-0.126742	0.0	-2.50687	0.581928	0.9420000000000001	0.35275	-0.758238	0.649143	0.060732100000000004	0.0	-0.018108900000000004	0.0721456	-0.99723	0.0	-0.6517270000000001	-0.7572369999999999	-0.0429485	0.0	1.86268	0.725004	1.08637	0.363948	
0	0.86118	0.39467199999999997	0.320317	0.0	-0.22782600000000003	-0.26362399999999997	0.9373360000000001	0.0	0.454383	-0.880191	-0.13711099999999998	0.0	-2.5286	0.304476	0.71412	0.352184	-0.77077	0.6326729999999999	0.0750922	0.0	-0.0364591	0.07386960000000001	-0.9966010000000001	0.0	-0.63607	-0.770888	-0.033869699999999996	0.0	1.75751	0.46848500000000004	0.900911	0.364041	
0	0.8726879999999999	0.35605	0.33413000000000004	0.0	-0.248587	-0.265004	0.9316530000000001	0.0	0.42026099999999994	-0.8961030000000001	-0.142756	0.0	-2.55191	0.0820493	0.498895	0.35231399999999996	-0.780105	0.621197	0.0745013	0.0	-0.040398	0.06881720000000001	-0.9968110000000001	0.0	-0.624343	-0.7806270000000001	-0.028589499999999997	0.0	1.66635	0.236846	0.762655	0.363965	
0	0.874685	0.333541	0.351677	0.0	-0.269246	-0.268959	0.924753	0.0	0.40302899999999997	-0.9035549999999999	-0.14545	0.0	-2.58069	-0.08208610000000001	0.352127	0.352152	-0.786632	0.613042	0.0734138	0.0	-0.04366319999999999	0.0633712	-0.997034	0.0	-0.615876	-0.787505	-0.023082599999999998	0.0	1.58585	0.0689715	0.652848	0.363994	
0	0.873862	0.321463	0.36472899999999997	0.0	-0.28389000000000003	-0.271625	0.91958	0.0	0.39468000000000003	-0.907128	-0.146103	0.0	-2.60451	-0.194746	0.261369	0.351972	-0.787539	0.612217	0.0705169	0.0	-0.0452681	0.056648000000000004	-0.997368	0.0	-0.6146	-0.788658	-0.0168987	0.0	1.54903	-0.051611800000000006	0.583933	0.36396799999999996	
0	0.873432	0.317961	0.368805	0.0	-0.290052	-0.26864299999999997	0.918532	0.0	0.39113400000000004	-0.909248	-0.14241700000000002	0.0	-2.60514	-0.23154899999999998	0.242535	0.351445	-0.787403	0.612895	0.0660055	0.0	-0.043991300000000004	0.0509337	-0.997733	0.0	-0.614867	-0.788521	-0.0131433	0.0	1.5366	-0.0896854	0.563408	0.363987	
0	0.8734430000000001	0.31795999999999996	0.36878	0.0	-0.290016	-0.26866799999999996	0.918536	0.0	0.391137	-0.909241	-0.142453	0.0	-2.60511	-0.230433	0.243184	0.35144200000000003	-0.7874	0.6128979999999999	0.0660096	0.0	-0.0439916	0.050939599999999995	-0.997733	0.0	-0.6148710000000001	-0.788518	-0.013147799999999998	0.0	1.5369899999999999	-0.0886455	0.563921	0.36398	
0	0.8734430000000001	0.31795999999999996	0.36878	0.0	-0.290016	-0.26866799999999996	0.918536	0.0	0.391137	-0.909241	-0.142453	0.0	-2.60511	-0.230431	0.24318499999999998	0.351441	-0.7874	0.6128979999999999	0.0660095	0.0	-0.0439916	0.050939599999999995	-0.997733	0.0	-0.6148710000000001	-0.788518	-0.013147799999999998	0.0	1.537	-0.0886438	0.563923	0.36398	
0	0.8734430000000001	0.31795999999999996	0.36878	0.0	-0.290016	-0.26866799999999996	0.918536	0.0	0.391137	-0.909241	-0.142453	0.0	-2.60511	-0.230431	0.24318499999999998	0.35144200000000003	-0.7874	0.6128979999999999	0.0660096	0.0	-0.0439916	0.050939599999999995	-0.997733	0.0	-0.6148710000000001	-0.788518	-0.013147799999999998	0.0	1.5369899999999999	-0.088644	0.563922	0.36398	
0	0.8734430000000001	0.31795999999999996	0.36878	0.0	-0.290016	-0.26866799999999996	0.918536	0.0	0.391137	-0.909241	-0.142453	0.0	-2.60511	-0.230431	0.24318499999999998	0.351441	-0.7874	0.6128979999999999	0.0660096	0.0	-0.0439916	0.0509398	-0.997732	0.0	-0.6148710000000001	-0.788518	-0.0131476	0.0	1.537	-0.0886439	0.563922	0.36398	
0	0.8734430000000001	0.31795999999999996	0.36878	0.0	-0.290016	-0.26866799999999996	0.918536	0.0	0.391137	-0.909241	-0.142453	0.0	-2.60511	-0.230431	0.24318499999999998	0.351441	-0.7874	0.6128979999999999	0.0660096	0.0	-0.0439916	0.0509398	-0.997732	0.0	-0.6148710000000001	-0.788518	-0.0131476	0.0	1.537	-0.0886438	0.563923	0.36398	
0	0.8734430000000001	0.31795999999999996	0.36878	0.0	-0.290016	-0.26866799999999996	0.918536	0.0	0.391137	-0.909241	-0.142453	0.0	-2.60511	-0.230431	0.24318499999999998	0.35144200000000003	-0.7874	0.6128979999999999	0.0660096	0.0	-0.0439916	0.0509398	-0.997732	0.0	-0.6148710000000001	-0.788518	-0.0131476	0.0	1.537	-0.0886437	0.563923	0.36398	
0	0.8734430000000001	0.31795999999999996	0.36878	0.0	-0.290016	-0.26866799999999996	0.918536	0.0	0.391137	-0.909241	-0.142453	0.0	-2.60511	-0.230431	0.24318499999999998	0.351441	-0.7874	0.6128979999999999	0.0660096	0.0	-0.0439915	0.0509398	-0.997732	0.0	-0.6148710000000001	-0.788518	-0.013147799999999998	0.0	1.537	-0.0886436	0.563922	0.36398	
0	0.8734430000000001	0.31795999999999996	0.36878	0.0	-0.290016	-0.26866799999999996	0.918536	0.0	0.391137	-0.909241	-0.142453	0.0	-2.60511	-0.230431	0.243186	0.351441	-0.7874	0.6128979999999999	0.0660096	0.0	-0.0439916	0.0509398	-0.997733	0.0	-0.6148710000000001	-0.788518	-0.013147799999999998	0.0	1.537	-0.0886436	0.563922	0.36398	
0	0.8734430000000001	0.31795999999999996	0.36878	0.0	-0.290016	-0.26866799999999996	0.918536	0.0	0.391137	-0.909241	-0.142453	0.0	-2.60511	-0.230431	0.24318499999999998	0.351441	-0.7874	0.6128979999999999	0.0660096	0.0	-0.0439916	0.0509397	-0.997733	0.0	-0.6148710000000001	-0.788518	-0.013147799999999998	0.0	1.537	-0.0886435	0.563922	0.36398	
0	0.8734430000000001	0.31795999999999996	0.36878	0.0	-0.290016	-0.26866799999999996	0.918536	0.0	0.391137	-0.909241	-0.142453	0.0	-2.60511	-0.230431	0.24318499999999998	0.351441	-0.7874	0.6128979999999999	0.0660096	0.0	-0.0439916	0.0509397	-0.997733	0.0	-0.6148710000000001	-0.788518	-0.013147799999999998	0.0	1.537	-0.0886438	0.563922	0.36398	
0	0.8658889999999999	0.382805	0.322019	0.0	-0.160661	-0.39681500000000003	0.9037290000000001	0.0	0.473734	-0.8342649999999999	-0.282096	0.0	-2.57545	-0.236315	0.207254	0.347951	-0.646856	0.762612	0.000312775	0.0	0.165453	0.140739	-0.976124	0.0	-0.744448	-0.63136	-0.217214	0.0	1.5220799999999999	-0.11936300000000001	0.617009	0.363979	
0	0.874033	0.32161100000000004	0.364189	0.0	-0.243673	-0.358327	0.901236	0.0	0.420346	-0.876452	-0.23482199999999998	0.0	-2.5152	-0.493123	0.19276500000000002	0.348	-0.646836	0.762588	0.00796908	0.0	0.15631199999999998	0.142799	-0.977331	0.0	-0.746438	-0.630927	-0.211569	0.0	1.5659	-0.233154	0.512061	0.363852	
0	0.872732	0.278934	0.400669	0.0	-0.301847	-0.336737	0.891906	0.0	0.383703	-0.899335	-0.209686	0.0	-2.49739	-0.921012	-0.034901999999999996	0.349329	-0.63995	0.768352	0.0099985	0.0	0.150062	0.137725	-0.979037	0.0	-0.753622	-0.625034	-0.203438	0.0	1.53722	-0.337921	0.343427	0.363971	
0	0.8863270000000001	0.19361099999999998	0.420642	0.0	-0.36288899999999996	-0.273853	0.890683	0.0	0.28764	-0.942083	-0.172464	0.0	-2.5623299999999998	-1.57903	-0.400499	0.349878	-0.636672	0.769998	0.0418502	0.0	0.125863	0.157307	-0.9794959999999999	0.0	-0.760794	-0.618351	-0.19706700000000002	0.0	1.40964	-0.400183	0.102338	0.363993	
0	0.894175	0.15700899999999998	0.419283	0.0	-0.381686	-0.222176	0.897192	0.0	0.23402199999999998	-0.9622809999999999	-0.138736	0.0	-2.6449700000000003	-2.13386	-0.744061	0.349542	-0.636389	0.769977	0.0463019	0.0	0.112008	0.151631	-0.9820700000000001	0.0	-0.763193	-0.619793	-0.18274100000000001	0.0	1.26576	-0.448747	-0.0439019	0.36398	
0	0.905067	0.12159600000000001	0.407514	0.0	-0.388473	-0.15350999999999998	0.908583	0.0	0.173038	-0.9806370000000001	-0.09169989999999999	0.0	-2.75621	-2.64197	-1.05399	0.348587	-0.625247	0.779088	0.045694099999999994	0.0	0.10668	0.143322	-0.9839100000000001	0.0	-0.773101	-0.610312	-0.172725	0.0	1.16897	-0.45848199999999995	-0.073383	0.36398600000000003	
0	0.9113760000000001	0.099893	0.399267	0.0	-0.38673	-0.124097	0.913805	0.0	0.14083099999999998	-0.9872290000000001	-0.07446749999999999	0.0	-2.8163099999999996	-2.90453	-1.24347	0.34878600000000004	-0.623379	0.780771	0.0423658	0.0	0.104827	0.13714200000000001	-0.9849889999999999	0.0	-0.774861	-0.609581	-0.16733800000000001	0.0	1.1263	-0.456863	-0.0433492	0.363976	
0	0.9129950000000001	0.0863688	0.398723	0.0	-0.38902800000000004	-0.11004000000000001	0.9146299999999999	0.0	0.12287100000000001	-0.990168	-0.0668659	0.0	-2.86765	-3.05524	-1.37589	0.34842399999999996	-0.625897	0.778933	0.0389414	0.0	0.10589100000000001	0.13434300000000002	-0.985261	0.0	-0.772684	-0.612549	-0.16656700000000002	0.0	1.1169	-0.44893900000000003	-0.0205614	0.363979	
0	0.9155760000000001	0.0728257	0.395497	0.0	-0.388511	-0.0937347	0.9166639999999999	0.0	0.103828	-0.99293	-0.0575276	0.0	-2.9373	-3.20032	-1.53125	0.347973	-0.629734	0.776061	0.034129900000000005	0.0	0.108261	0.131186	-0.9854290000000001	0.0	-0.76923	-0.616863	-0.166629	0.0	1.12642	-0.447999	0.00899669	0.363979	
0	0.918733	0.06845319999999999	0.388901	0.0	-0.383887	-0.07593589999999999	0.9202530000000001	0.0	0.0925258	-0.9947600000000001	-0.043486500000000004	0.0	-2.97118	-3.32925	-1.6288799999999999	0.34826799999999997	-0.632895	0.773578	0.0319462	0.0	0.10916700000000001	0.130011	-0.985485	0.0	-0.7665029999999999	-0.620221	-0.166732	0.0	1.1437700000000002	-0.44796499999999995	0.0206586	0.363975	
0	0.920536	0.0610238	0.385862	0.0	-0.382208	-0.06362809999999999	0.921883	0.0	0.08080839999999999	-0.9961059999999999	-0.0352482	0.0	-3.0057	-3.4083099999999997	-1.69143	0.346885	-0.6359	0.771163	0.0306275	0.0	0.110107	0.12993	-0.985391	0.0	-0.763876	-0.623238	-0.167533	0.0	1.1611200000000002	-0.4456	0.03431409999999999	0.363982	
0	0.922452	0.056772	0.381916	0.0	-0.379594	-0.0476344	0.923926	0.0	0.0706454	-0.99725	-0.0223901	0.0	-3.01722	-3.4626099999999997	-1.7119900000000001	0.345033	-0.638123	0.769375	0.0293502	0.0	0.111104	0.129737	-0.9853040000000001	0.0	-0.761876	-0.625484	-0.168269	0.0	1.18218	-0.439499	0.0721258	0.363962	
0	0.925527	0.053201	0.374927	0.0	-0.37356300000000003	-0.0339804	0.926982	0.0	0.06205650000000001	-0.998006	-0.0115759	0.0	-3.04786	-3.52904	-1.7370599999999998	0.343767	-0.6387609999999999	0.7689050000000001	0.02775	0.0	0.116297	0.132139	-0.9843850000000001	0.0	-0.7605649999999999	-0.62556	-0.173827	0.0	1.19608	-0.438259	0.0748132	0.363996	
0	0.926161	0.0628983	0.371846	0.0	-0.371303	-0.0205448	0.928285	0.0	0.066027	-0.9978090000000001	0.00432653	0.0	-3.06547	-3.6052400000000002	-1.75377	0.345504	-0.633784	0.772926	0.030052199999999998	0.0	0.11969	0.136379	-0.9834	0.0	-0.7641939999999999	-0.6196659999999999	-0.178946	0.0	1.2121899999999999	-0.43486099999999994	0.0757267	0.363982	
0	0.925268	0.06852230000000001	0.373073	0.0	-0.37355900000000003	-0.00606431	0.927587	0.0	0.0658228	-0.9976309999999999	0.019986	0.0	-3.07654	-3.6442099999999997	-1.76764	0.354095	-0.632058	0.774461	0.026712700000000002	0.0	0.120359	0.132164	-0.983894	0.0	-0.765517	-0.6186619999999999	-0.176749	0.0	1.21604	-0.431884	0.085272	0.36398400000000003	
0	0.9238559999999999	0.07686599999999999	0.37494299999999997	0.0	-0.37602399999999997	-0.00044191300000000005	0.92661	0.0	0.0713905	-0.997041	0.0284952	0.0	-3.08244	-3.64661	-1.77365	0.354379	-0.629757	0.776345	0.0263657	0.0	0.122103	0.132453	-0.98364	0.0	-0.7671359999999999	-0.6162350000000001	-0.178207	0.0	1.21488	-0.427063	0.100272	0.363975	
0	0.9205979999999999	0.084975	0.381155	0.0	-0.382596	0.0007258910000000001	0.923916	0.0	0.07823300000000001	-0.996383	0.0331793	0.0	-3.08838	-3.6434900000000003	-1.7855900000000002	0.346623	-0.625656	0.77961	0.0276269	0.0	0.121511	0.132375	-0.9837239999999999	0.0	-0.770578	-0.612116	-0.177552	0.0	1.21351	-0.41684799999999994	0.10906400000000001	0.363998	
0	0.9205190000000001	0.0790153	0.38262399999999996	0.0	-0.38454299999999997	0.010087	0.9230520000000001	0.0	0.0690758	-0.996822	0.03967	0.0	-3.06586	-3.625	-1.83328	0.292432	-0.624212	0.7807729999999999	0.027445099999999997	0.0	0.12276400000000001	0.132719	-0.9835219999999999	0.0	-0.77155	-0.610557	-0.178695	0.0	1.21213	-0.4112	0.10822999999999999	0.363975	
0	0.9183379999999999	0.0445516	0.393282	0.0	-0.395431	0.060496	0.916501	0.0	0.017039500000000003	-0.997174	0.0731729	0.0	-3.02732	-3.5910699999999998	-1.8983	0.12063900000000001	-0.622192	0.7822680000000001	0.0305597	0.0	0.119414	0.133412	-0.9838399999999999	0.0	-0.773704	-0.608488	-0.176422	0.0	1.20468	-0.418471	0.114224	0.36397199999999996	
0	0.9166049999999999	0.0449449	0.39726	0.0	-0.399446	0.061467999999999995	0.914694	0.0	0.016692099999999998	-0.9970969999999999	0.0742949	0.0	-3.0283700000000002	-3.59091	-1.8993	0.12050899999999999	-0.6226659999999999	0.78183	0.0320721	0.0	0.119724	0.135695	-0.98349	0.0	-0.773274	-0.608546	-0.178097	0.0	1.20226	-0.421969	0.114586	0.36397399999999996	
0	0.9152680000000001	0.0452995	0.40029000000000003	0.0	-0.402491	0.0611682	0.913378	0.0	0.0168905	-0.997099	0.07421799999999999	0.0	-3.02888	-3.5910599999999997	-1.90021	0.12046099999999998	-0.622069	0.782325	0.031610700000000005	0.0	0.12038399999999999	0.135461	-0.983442	0.0	-0.7736529999999999	-0.607963	-0.178446	0.0	1.2016799999999999	-0.42776800000000004	0.110536	0.36399000000000004	
0	0.913684	0.0402836	0.404424	0.0	-0.40621799999999997	0.0587131	0.9118879999999999	0.0	0.0129891	-0.9974620000000001	0.0700091	0.0	-3.02915	-3.5907199999999997	-1.90116	0.120278	-0.620516	0.7835850000000001	0.030884699999999998	0.0	0.12061600000000001	0.13428199999999998	-0.983575	0.0	-0.774863	-0.606599	-0.177837	0.0	1.20325	-0.41901700000000003	0.105746	0.363978	
0	0.912443	0.0398187	0.407263	0.0	-0.409014	0.05839	0.910658	0.0	0.012481200000000001	-0.9975	0.06956389999999998	0.0	-3.0294	-3.5906300000000004	-1.90209	0.120351	-0.61829	0.785259	0.032951999999999995	0.0	0.119441	0.135318	-0.983577	0.0	-0.776821	-0.6042	-0.177458	0.0	1.20455	-0.41762	0.10166	0.363982	
0	0.911709	0.03717619999999999	0.40915100000000004	0.0	-0.410739	0.060788199999999994	0.909724	0.0	0.00894855	-0.997458	0.0706908	0.0	-3.02656	-3.58945	-1.9011099999999999	0.12061600000000001	-0.616976	0.786226	0.034498400000000005	0.0	0.118948	0.136495	-0.983474	0.0	-0.777941	-0.602676	-0.177734	0.0	1.20194	-0.41758500000000004	0.09790560000000001	0.36399000000000004	
0	0.9119290000000001	0.0117659	0.410179	0.0	-0.41031899999999993	0.038072800000000004	0.9111469999999999	0.0	-0.00489624	-0.9992059999999999	0.0395475	0.0	-3.0059099999999996	-3.5426900000000003	-1.8888	0.120223	-0.61332	0.788998	0.036356900000000004	0.0	0.117828	0.136915	-0.98355	0.0	-0.780997	-0.598947	-0.176939	0.0	1.18838	-0.426071	0.0943385	0.363978	
0	0.917791	0.013272299999999999	0.396841	0.0	-0.39686	-0.00124981	0.9178780000000001	0.0	0.012678299999999998	-0.9999110000000001	0.00412018	0.0	-2.9582599999999997	-3.3359699999999997	-1.83087	0.120368	-0.611682	0.790179	0.0382567	0.0	0.117315	0.138425	-0.9834	0.0	-0.782358	-0.59704	-0.177372	0.0	1.17641	-0.427519	0.0915067	0.364004	
0	0.918898	0.0285709	0.39346	0.0	-0.39265900000000004	-0.029888400000000002	0.919198	0.0	0.0380222	-0.9991450000000001	-0.0162457	0.0	-2.93602	-3.0860000000000003	-1.76165	0.120301	-0.6097229999999999	0.791723	0.0375857	0.0	0.11586500000000001	0.13594	-0.9839190000000001	0.0	-0.784101	-0.5955630000000001	-0.174618	0.0	1.16715	-0.42732	0.0935067	0.363977	
0	0.9199149999999999	0.0310597	0.390887	0.0	-0.388893	-0.05534730000000001	0.9196190000000001	0.0	0.0501976	-0.997984	-0.038835900000000007	0.0	-2.8984400000000003	-2.80954	-1.6896200000000001	0.12020499999999999	-0.610537	0.791244	0.034325	0.0	0.115692	0.131977	-0.9844780000000001	0.0	-0.783493	-0.597089	-0.172118	0.0	1.1628399999999999	-0.43031400000000003	0.0932785	0.36396799999999996	
0	0.9189870000000001	0.028965699999999997	0.393223	0.0	-0.390319	-0.07432180000000001	0.917675	0.0	0.055806100000000004	-0.996814	-0.05699490000000001	0.0	-2.8212599999999997	-2.5453	-1.5109700000000001	0.120202	-0.6094149999999999	0.792127	0.0339026	0.0	0.11560799999999999	0.131082	-0.984608	0.0	-0.784378	-0.596115	-0.17146	0.0	1.1608	-0.440553	0.0889812	0.363987	
0	0.9174899999999999	0.0291681	0.396688	0.0	-0.393288	-0.08258710000000001	0.9156989999999999	0.0	0.0594705	-0.996157	-0.0643013	0.0	-2.75084	-2.3386299999999998	-1.3852	0.120299	-0.607708	0.79352	0.031897	0.0	0.115721	0.128216	-0.984972	0.0	-0.785684	-0.594884	-0.169744	0.0	1.15246	-0.46961099999999995	0.06924580000000001	0.364075	
0	0.9163879999999999	0.026335	0.399425	0.0	-0.396346	-0.0800645	0.914603	0.0	0.0560658	-0.996442	-0.0629323	0.0	-2.7138400000000003	-2.15846	-1.22653	0.12020299999999999	-0.601288	0.798678	0.0238155	0.0	0.116789	0.11733299999999999	-0.986202	0.0	-0.790451	-0.590209	-0.163828	0.0	1.13961	-0.5024649999999999	0.0619304	0.364098	
0	0.916583	0.0215342	0.399264	0.0	-0.396575	-0.07847489999999999	0.914642	0.0	0.0510283	-0.996684	-0.0633889	0.0	-2.67551	-2.00496	-1.0684200000000001	0.1202	-0.5786060000000001	0.815247	-0.0242456	0.0	0.14202599999999999	0.07143789999999998	-0.987282	0.0	-0.803147	-0.5746899999999999	-0.157121	0.0	1.12353	-0.531039	0.0438594	0.363976	
0	0.9183600000000001	0.00680377	0.395687	0.0	-0.393615	-0.08788560000000001	0.915065	0.0	0.041000999999999996	-0.996107	-0.07803260000000001	0.0	-2.69347	-1.88631	-0.998552	0.12020299999999999	-0.49285500000000004	0.852825	-0.17258099999999998	0.0	0.23194499999999998	-0.062396400000000005	-0.970726	0.0	-0.838627	-0.518456	-0.16705599999999998	0.0	1.1346	-0.51286	-0.0359065	0.36399000000000004	
0	0.920716	-0.00447808	0.390208	0.0	-0.388126	-0.114303	0.9144909999999999	0.0	0.0405068	-0.9934360000000001	-0.10697899999999999	0.0	-2.71677	-1.71905	-0.9055860000000001	0.120202	-0.340487	0.844708	-0.41296099999999997	0.0	0.35865199999999997	-0.28931799999999996	-0.8875049999999999	0.0	-0.869159	-0.45029300000000005	-0.204448	0.0	1.11935	-0.498245	-0.167627	0.363977	
0	0.9188290000000001	-0.00970121	0.394538	0.0	-0.389904	-0.17698699999999998	0.9036870000000001	0.0	0.061061000000000004	-0.984165	-0.166403	0.0	-2.71797	-1.46323	-0.853382	0.120296	-0.147999	0.737427	-0.659013	0.0	0.44504799999999994	-0.5454100000000001	-0.7102539999999999	0.0	-0.883193	-0.398409	-0.24747	0.0	1.08358	-0.529392	-0.345384	0.363948	
0	0.914276	-0.013243399999999999	0.404876	0.0	-0.396931	-0.22889299999999999	0.88885	0.0	0.08090189999999998	-0.9733620000000001	-0.21452800000000002	0.0	-2.7027799999999997	-1.25542	-0.846211	0.12020499999999999	0.027808499999999996	0.495596	-0.868108	0.0	0.460845	-0.777003	-0.42882299999999995	0.0	-0.8870450000000001	-0.38813800000000004	-0.25	0.0	1.0122799999999998	-0.601636	-0.464358	0.363973	
0	0.910223	-0.00881058	0.414024	0.0	-0.39926	-0.284073	0.871719	0.0	0.10993299999999999	-0.9587629999999999	-0.262087	0.0	-2.65519	-1.0617	-0.859848	0.120304	0.12348900000000002	0.243418	-0.9620280000000001	0.0	0.39214699999999997	-0.9025129999999999	-0.178022	0.0	-0.911576	-0.355273	-0.206906	0.0	0.892619	-0.773321	-0.569717	0.36401300000000003	
0	0.904546	0.00374708	0.42636	0.0	-0.402571	-0.321944	0.856906	0.0	0.140475	-0.946751	-0.28970500000000005	0.0	-2.57439	-0.985569	-0.88423	0.120201	0.14915499999999998	0.0756602	-0.985915	0.0	0.356421	-0.934157	-0.017766900000000002	0.0	-0.922343	-0.34875100000000003	-0.166301	0.0	0.714382	-0.9353290000000001	-0.6331760000000001	0.363944	
0	0.897431	0.026492099999999998	0.440359	0.0	-0.406715	-0.336967	0.849139	0.0	0.170882	-0.9411440000000001	-0.29163	0.0	-2.47735	-0.958728	-0.888094	0.120306	0.146782	0.003754	-0.9891620000000001	0.0	0.364559	-0.9298069999999999	0.050568199999999994	0.0	-0.919539	-0.36803	-0.137847	0.0	0.529461	-1.11138	-0.6845760000000001	0.360624	
0	0.8930239999999999	0.0427333	0.447975	0.0	-0.40724299999999997	-0.346814	0.84491	0.0	0.19147	-0.93696	-0.292311	0.0	-2.39972	-0.954681	-0.893352	0.120307	0.139046	-0.000682533	-0.9902860000000001	0.0	0.365475	-0.92937	0.0519568	0.0	-0.920377	-0.36915	-0.128976	0.0	0.357716	-1.2154399999999999	-0.763814	0.360367	
0	0.8897370000000001	0.0470083	0.454046	0.0	-0.411322	-0.348769	0.842125	0.0	0.197944	-0.9360290000000001	-0.290977	0.0	-2.3656900000000003	-0.959879	-0.89645	0.120306	0.133097	-0.00430222	-0.991094	0.0	0.370131	-0.927425	0.0537317	0.0	-0.9193959999999999	-0.373986	-0.12184500000000001	0.0	0.29925300000000005	-1.2499799999999999	-0.803135	0.36006	
1	0.8878530000000001	0.0476153	0.457657	0.0	-0.41379099999999996	-0.352367	0.839414	0.0	0.201232	-0.93465	-0.293147	0.0	-2.3146	-0.970239	-0.905277	0.120201	0.129685	0.00206444	-0.991553	0.0	0.373664	-0.926376	0.04694280000000001	0.0	-0.9184540000000001	-0.376596	-0.12090899999999999	0.0	0.186607	-1.28024	-0.8862059999999999	0.35947399999999996	
1	0.8828879999999999	0.058364599999999996	0.465942	0.0	-0.41758500000000004	-0.356256	0.835885	0.0	0.214781	-0.932564	-0.290162	0.0	-2.2286099999999998	-1.00248	-0.9205969999999999	0.120202	0.12463900000000001	0.0212523	-0.991975	0.0	0.372814	-0.927514	0.0269719	0.0	-0.9194969999999999	-0.373184	-0.123528	0.0	0.0463263	-1.23993	-1.05188	0.358915	
1	0.8819520000000001	0.062471500000000006	0.467182	0.0	-0.41792700000000005	-0.354661	0.836393	0.0	0.217942	-0.9329059999999999	-0.28668499999999997	0.0	-2.19935	-1.0023799999999998	-0.9228209999999999	0.120206	0.125229	0.031645799999999995	-0.9916229999999999	0.0	0.37399099999999996	-0.927265	0.0176382	0.0	-0.918939	-0.373066	-0.127956	0.0	-0.012282600000000001	-1.21623	-1.10807	0.358773	
1	0.8801479999999999	0.075723	0.46862200000000004	0.0	-0.41562299999999996	-0.354018	0.8378120000000001	0.0	0.22934200000000002	-0.932168	-0.280116	0.0	-2.18305	-1.00809	-0.927833	0.120206	0.121545	0.0431018	-0.99165	0.0	0.376408	-0.926435	0.00586836	0.0	-0.9184459999999999	-0.37397800000000003	-0.128827	0.0	-0.0701345	-1.20128	-1.18865	0.358344	
1	0.877388	0.08233710000000001	0.47266400000000003	0.0	-0.417572	-0.354104	0.8368059999999999	0.0	0.236273	-0.931574	-0.276305	0.0	-2.16551	-0.9953299999999999	-0.9195709999999999	0.120199	0.121921	0.0535322	-0.9910950000000001	0.0	0.37322	-0.9277340000000001	-0.00419754	0.0	-0.919697	-0.36938499999999996	-0.13309	0.0	-0.106395	-1.19239	-1.23736	0.357971	
1	0.876872	0.0868778	0.472808	0.0	-0.416459	-0.353982	0.837412	0.0	0.24011799999999997	-0.931208	-0.27421599999999996	0.0	-2.15173	-0.984993	-0.9160709999999999	0.120306	0.119004	0.0628249	-0.9909040000000001	0.0	0.375872	-0.926572	-0.013605200000000001	0.0	-0.918999	-0.370834	-0.13388	0.0	-0.155933	-1.19757	-1.2712	0.357567	
1	0.8756379999999999	0.09320729999999999	0.47388900000000006	0.0	-0.41593900000000006	-0.35315100000000005	0.8380209999999999	0.0	0.245464	-0.9309120000000001	-0.270464	0.0	-2.11438	-0.9860399999999999	-0.9137129999999999	0.12020299999999999	0.118163	0.068275	-0.9906440000000001	0.0	0.374631	-0.926975	-0.0192015	0.0	-0.9196139999999999	-0.368857	-0.13511199999999998	0.0	-0.182036	-1.20743	-1.3011700000000002	0.357512	
1	0.8754069999999999	0.0960948	0.473739	0.0	-0.41499899999999995	-0.353131	0.8384950000000001	0.0	0.247867	-0.9306260000000001	-0.269254	0.0	-2.10301	-0.9839389999999999	-0.9128620000000001	0.120305	0.12045499999999999	0.07065189999999999	-0.990202	0.0	0.373577	-0.9273680000000001	-0.0207243	0.0	-0.919745	-0.36741999999999997	-0.1381	0.0	-0.192177	-1.20848	-1.3128799999999998	0.35732600000000003	
1	0.8733790000000001	0.10408900000000001	0.475789	0.0	-0.414829	-0.352892	0.83868	0.0	0.2552	-0.9298559999999999	-0.265029	0.0	-2.0849	-0.9652040000000001	-0.9004270000000001	0.12030999999999999	0.117697	0.0747255	-0.9902340000000001	0.0	0.375244	-0.92658	-0.0253215	0.0	-0.919423	-0.36859899999999995	-0.137096	0.0	-0.23182399999999997	-1.22796	-1.3462399999999999	0.356285	
1	0.8734270000000001	0.104725	0.47556000000000004	0.0	-0.41446000000000005	-0.3528	0.838901	0.0	0.255632	-0.9298200000000001	-0.264741	0.0	-2.09043	-0.9757239999999999	-0.911607	0.12021300000000001	0.11720599999999999	0.07439	-0.990317	0.0	0.384207	-0.922939	-0.023856799999999997	0.0	-0.9157770000000001	-0.377691	-0.136755	0.0	-0.253284	-1.2449299999999999	-1.37624	0.35039699999999996	
1	0.872785	0.106876	0.47626	0.0	-0.414546	-0.35279699999999997	0.83886	0.0	0.257677	-0.9295760000000001	-0.26361100000000004	0.0	-2.08527	-0.9819110000000001	-0.9255959999999999	0.120223	0.11462699999999999	0.0742428	-0.9906309999999999	0.0	0.380902	-0.924272	-0.025195	0.0	-0.9174829999999999	-0.374445	-0.134226	0.0	-0.29033200000000003	-1.24911	-1.41029	0.350419	
1	0.8718739999999999	0.110319	0.477142	0.0	-0.414421	-0.352933	0.838865	0.0	0.260942	-0.9291219999999999	-0.261994	0.0	-2.07993	-0.9840540000000001	-0.9169639999999999	0.120341	0.111795	0.07169439999999999	-0.991142	0.0	0.379177	-0.925009	-0.0241415	0.0	-0.9185459999999999	-0.373119	-0.130597	0.0	-0.348301	-1.24295	-1.4349299999999998	0.349219	
1	0.871029	0.112448	0.47818900000000003	0.0	-0.415216	-0.351643	0.8390129999999999	0.0	0.262497	-0.929356	-0.2596	0.0	-2.07313	-1.00817	-0.9045709999999999	0.12033699999999999	0.10428399999999999	0.06021169999999999	-0.9927229999999999	0.0	0.390187	-0.920616	-0.014849600000000001	0.0	-0.914811	-0.385799	-0.1195	0.0	-0.405024	-1.2564	-1.4380700000000002	0.34544600000000003	
1	0.871135	0.11216199999999998	0.478063	0.0	-0.416195	-0.348003	0.840045	0.0	0.260588	-0.93076	-0.25647600000000004	0.0	-2.06122	-1.06538	-0.9016649999999999	0.120425	0.09176849999999999	0.0408672	-0.994941	0.0	0.39770900000000003	-0.9175110000000001	-0.00100407	0.0	-0.912911	-0.39560500000000004	-0.100452	0.0	-0.428368	-1.23901	-1.4375799999999999	0.22035900000000003	
1	0.8769520000000001	0.11214500000000001	0.46731000000000006	0.0	-0.411671	-0.326413	0.8508709999999999	0.0	0.247957	-0.938551	-0.24008200000000002	0.0	-2.03157	-1.07016	-0.910315	0.120676	0.0843401	0.022428	-0.996185	0.0	0.38111300000000004	-0.924458	0.0114531	0.0	-0.920674	-0.380625	-0.0865166	0.0	-0.400533	-1.26165	-1.4615799999999999	0.201248	
1	0.876079	0.11078800000000001	0.469267	0.0	-0.412638	-0.331198	0.848551	0.0	0.24942899999999998	-0.9370350000000001	-0.24444000000000002	0.0	-2.0087200000000003	-1.06282	-0.920484	0.12091600000000001	0.08616139999999999	0.0287638	-0.995866	0.0	0.382894	-0.9237700000000001	0.00644626	0.0	-0.9197649999999999	-0.381867	-0.09060689999999999	0.0	-0.37688	-1.24989	-1.4696	0.201261	
1	0.8770469999999999	0.11061800000000001	0.467495	0.0	-0.411311	-0.329896	0.849701	0.0	0.24821700000000002	-0.937514	-0.24383600000000002	0.0	-1.99063	-1.054	-0.9259120000000001	0.12066800000000001	0.0838382	0.0269488	-0.996115	0.0	0.380362	-0.924811	0.00699353	0.0	-0.9210299999999999	-0.379471	-0.0877849	0.0	-0.359433	-1.24369	-1.47852	0.201299	
1	0.879497	0.10546300000000002	0.46407200000000004	0.0	-0.406285	-0.341411	0.847568	0.0	0.247827	-0.9339780000000001	-0.257422	0.0	-1.9823400000000002	-1.05031	-0.9189510000000001	0.120723	0.0776903	0.0430824	-0.9960459999999999	0.0	0.382327	-0.9239719999999999	-0.010143799999999998	0.0	-0.9207549999999999	-0.38002800000000003	-0.0882555	0.0	-0.354417	-1.23043	-1.4828	0.201246	
1	0.87797	0.10222300000000001	0.467675	0.0	-0.407429	-0.35335700000000003	0.8421049999999999	0.0	0.251338	-0.9298870000000001	-0.268588	0.0	-1.98446	-1.04409	-0.9231799999999999	0.120599	0.0794606	0.0577924	-0.9951610000000001	0.0	0.384997	-0.922635	-0.0228397	0.0	-0.919491	-0.381319	-0.0955632	0.0	-0.35425300000000004	-1.2128700000000001	-1.4852100000000001	0.201287	
1	0.861102	0.132204	0.490943	0.0	-0.41756099999999996	-0.36702199999999996	0.831226	0.0	0.290078	-0.9207700000000001	-0.260841	0.0	-1.99052	-1.03882	-0.936293	0.124751	0.0811293	0.06996089999999999	-0.994245	0.0	0.38579	-0.921982	-0.0333961	0.0	-0.919013	-0.38086	-0.10178999999999999	0.0	-0.332371	-1.18629	-1.4859	0.20168699999999998	
1	0.82224	0.206605	0.530317	0.0	-0.43046	-0.38381	0.8169420000000001	0.0	0.372325	-0.9000030000000001	-0.226648	0.0	-2.00975	-0.97059	-0.905999	0.351615	0.07513589999999999	0.083356	-0.993683	0.0	0.386776	-0.9209229999999999	-0.048006900000000005	0.0	-0.919108	-0.380726	-0.101435	0.0	-0.240765	-1.23621	-1.5243799999999998	0.20106	
1	0.824067	0.227649	0.5187390000000001	0.0	-0.41528100000000007	-0.380052	0.8265	0.0	0.385299	-0.8965139999999999	-0.21865	0.0	-2.01422	-0.982557	-0.906467	0.35170799999999997	0.108696	0.0834155	-0.990569	0.0	0.383418	-0.9228870000000001	-0.035643	0.0	-0.917156	-0.37592800000000004	-0.132298	0.0	-0.11789100000000001	-1.18286	-1.57507	0.201068	
1	0.818188	0.28989000000000004	0.49651999999999996	0.0	-0.37802399999999997	-0.379447	0.844463	0.0	0.433204	-0.878626	-0.200874	0.0	-2.03468	-0.993676	-0.915065	0.353645	0.142176	0.0856803	-0.9861260000000001	0.0	0.38261	-0.9235700000000001	-0.025081799999999998	0.0	-0.912905	-0.373736	-0.16409100000000001	0.0	0.0244462	-1.1523299999999999	-1.6652200000000001	0.201062	
1	0.811301	0.33167800000000003	0.481436	0.0	-0.354079	-0.376513	0.8560760000000001	0.0	0.465208	-0.865002	-0.188025	0.0	-2.0298700000000003	-0.998394	-0.9133469999999999	0.354891	0.156581	0.08043310000000001	-0.9843850000000001	0.0	0.383474	-0.9234379999999999	-0.014456100000000001	0.0	-0.9101809999999999	-0.375222	-0.17543699999999998	0.0	0.12243699999999999	-1.14655	-1.70521	0.20106400000000002	
1	0.78757	0.43945500000000004	0.431987	0.0	-0.287774	-0.357598	0.888431	0.0	0.544903	-0.824017	-0.15517	0.0	-2.03083	-0.973751	-0.884217	0.355957	0.196818	0.0701175	-0.97793	0.0	0.392327	-0.919734	0.0130149	0.0	-0.8985219999999999	-0.38623	-0.208529	0.0	0.415293	-1.15147	-1.75207	0.20107	
2	0.729042	0.601494	0.326654	0.0	-0.184841	-0.286495	0.940082	0.0	0.659038	-0.745739	-0.09768610000000001	0.0	-2.0047099999999998	-0.9085850000000001	-0.8861889999999999	0.354371	0.24359099999999997	0.060104899999999996	-0.9680139999999999	0.0	0.404175	-0.913575	0.0449821	0.0	-0.881649	-0.40220500000000003	-0.24683200000000002	0.0	0.8075720000000001	-1.18439	-1.79519	0.20106500000000002	
2	0.681721	0.687604	0.249916	0.0	-0.113041	-0.238497	0.964542	0.0	0.722827	-0.6857989999999999	-0.08486110000000001	0.0	-1.98345	-0.8331280000000001	-0.911069	0.355116	0.283967	0.03875719999999999	-0.95805	0.0	0.397163	-0.91419	0.08073680000000001	0.0	-0.872711	-0.403429	-0.274993	0.0	1.09584	-1.22859	-1.8456599999999999	0.201071	
2	0.6322260000000001	0.758626	0.157406	0.0	-0.0658585	-0.149805	0.9865200000000001	0.0	0.77198	-0.63407	-0.044749000000000004	0.0	-1.9505099999999997	-0.8316979999999999	-0.92535	0.35365100000000005	0.372585	-0.06869360000000001	-0.925452	0.0	0.31458200000000003	-0.92886	0.195596	0.0	-0.873052	-0.364007	-0.32447	0.0	1.50009	-1.29176	-1.8952900000000001	0.201067	
2	0.633413	0.761774	0.135971	0.0	-0.05495459999999999	-0.13098900000000002	0.9898600000000001	0.0	0.77186	-0.634462	-0.0411069	0.0	-1.94085	-0.873926	-0.9417200000000001	0.353555	0.44365299999999996	-0.21018699999999998	-0.871202	0.0	0.16789	-0.935406	0.31117399999999995	0.0	-0.880332	-0.284319	-0.379708	0.0	1.99985	-1.39339	-1.97954	0.201045	
2	0.633759	0.760744	0.140062	0.0	-0.057955099999999996	-0.13386199999999998	0.9893040000000001	0.0	0.771356	-0.6350979999999999	-0.0407473	0.0	-1.94275	-0.910982	-0.9554469999999999	0.35391300000000003	0.449154	-0.24063099999999998	-0.86044	0.0	0.13800199999999999	-0.9328069999999999	0.332907	0.0	-0.882732	-0.268269	-0.385767	0.0	2.17656	-1.47308	-1.9876200000000002	0.201068	
2	0.632374	0.762071	0.13910799999999998	0.0	-0.061649699999999995	-0.129495	0.989662	0.0	0.7722060000000001	-0.634413	-0.0349077	0.0	-1.94038	-0.976009	-0.956707	0.353613	0.45326099999999997	-0.267677	-0.8502379999999999	0.0	0.105316	-0.931084	0.349273	0.0	-0.885135	-0.247856	-0.393833	0.0	2.56239	-1.66347	-1.99965	0.20106400000000002	
2	0.6326149999999999	0.7619130000000001	0.138877	0.0	-0.05991369999999999	-0.130636	0.989619	0.0	0.772146	-0.634368	-0.0369932	0.0	-1.94013	-0.98882	-0.9615	0.353719	0.45901899999999995	-0.269423	-0.8465889999999999	0.0	0.09764810000000002	-0.9318350000000001	0.349497	0.0	-0.883044	-0.243094	-0.40142100000000003	0.0	2.71314	-1.75318	-1.9914599999999998	0.20106400000000002	
2	0.630552	0.7630560000000001	0.141948	0.0	-0.060796800000000005	-0.133767	0.9891459999999999	0.0	0.773762	-0.632338	-0.0379556	0.0	-1.9405599999999998	-1.03511	-0.968514	0.35379099999999997	0.473426	-0.27523800000000004	-0.836727	0.0	0.09147860000000001	-0.929426	0.35749000000000003	0.0	-0.8760709999999999	-0.245788	-0.414836	0.0	3.06215	-2.02115	-1.99527	0.20106300000000002	
2	0.6299020000000001	0.763771	0.140988	0.0	-0.05940019999999999	-0.133621	0.989251	0.0	0.7744	-0.631506	-0.0388003	0.0	-1.93599	-1.03797	-0.971824	0.35394899999999996	0.480038	-0.282018	-0.83068	0.0	0.08694760000000001	-0.926958	0.364951	0.0	-0.872928	-0.247416	-0.420454	0.0	3.14463	-2.11033	-1.9727	0.201059	
2	0.626691	0.767263	0.136256	0.0	-0.05993099999999999	-0.126879	0.9901059999999999	0.0	0.77696	-0.628657	-0.033531	0.0	-1.9211599999999998	-1.04416	-0.977391	0.353551	0.492885	-0.30248	-0.815825	0.0	0.0781162	-0.918459	0.387727	0.0	-0.8665809999999999	-0.254834	-0.429066	0.0	3.3903	-2.31987	-1.94346	0.201059	
2	0.626255	0.768247	0.132671	0.0	-0.05753200000000001	-0.124169	0.990592	0.0	0.777493	-0.627995	-0.0335629	0.0	-1.9193799999999999	-1.0416	-0.9759469999999999	0.35368499999999997	0.49277600000000005	-0.31064400000000003	-0.812818	0.0	0.07433839999999999	-0.9156610000000001	0.395017	0.0	-0.866975	-0.255078	-0.428123	0.0	3.44809	-2.36249	-1.91442	0.201046	
2	0.623838	0.771205	0.12676600000000002	0.0	-0.0564629	-0.117301	0.99149	0.0	0.779511	-0.625687	-0.029632599999999995	0.0	-1.90913	-1.02435	-0.958823	0.353575	0.494792	-0.32671300000000003	-0.805257	0.0	0.08139110000000001	-0.90514	0.417249	0.0	-0.865192	-0.271992	-0.42126499999999995	0.0	3.5762099999999997	-2.52021	-1.85925	0.20105	
2	0.622967	0.7726609999999999	0.12209400000000001	0.0	-0.054224800000000004	-0.113051	0.992108	0.0	0.780366	-0.624672	-0.0285297	0.0	-1.90372	-1.0081200000000001	-0.954916	0.353715	0.492752	-0.325395	-0.80704	0.0	0.08675139999999999	-0.9044610000000001	0.417642	0.0	-0.865835	-0.275806	-0.417447	0.0	3.6010800000000005	-2.57413	-1.8345900000000002	0.201049	
2	0.6228130000000001	0.773438	0.117894	0.0	-0.0527192	-0.108857	0.992658	0.0	0.780593	-0.624455	-0.027022700000000004	0.0	-1.89514	-0.993067	-0.940074	0.353593	0.49896999999999997	-0.326646	-0.8027029999999999	0.0	0.110937	-0.89455	0.432982	0.0	-0.85949	-0.305095	-0.410116	0.0	3.63464	-2.68728	-1.79518	0.201058	
2	0.623056	0.773473	0.11636300000000001	0.0	-0.051841899999999996	-0.10760499999999999	0.992841	0.0	0.780457	-0.624628	-0.026945799999999995	0.0	-1.8948900000000002	-0.9909549999999999	-0.9386530000000001	0.353626	0.5008130000000001	-0.326873	-0.801462	0.0	0.12160699999999999	-0.890194	0.43905200000000005	0.0	-0.8569700000000001	-0.317346	-0.40607	0.0	3.6378800000000004	-2.7044099999999998	-1.78667	0.20105499999999998	
2	0.623762	0.772727	0.11752699999999999	0.0	-0.0508144	-0.109955	0.9926370000000001	0.0	0.77996	-0.625142	-0.029320099999999995	0.0	-1.90818	-0.9949680000000001	-0.934033	0.353594	0.504883	-0.303124	-0.808214	0.0	0.178298	-0.879498	0.44123999999999997	0.0	-0.8445729999999999	-0.366877	-0.389998	0.0	3.6038900000000003	-2.73948	-1.7670700000000001	0.201062	
2	0.6217	0.774191	0.118816	0.0	-0.0521564	-0.11043900000000001	0.9925139999999999	0.0	0.781517	-0.623243	-0.028281	0.0	-1.91346	-0.990842	-0.936535	0.353627	0.497968	-0.293171	-0.816137	0.0	0.199812	-0.8770100000000001	0.436954	0.0	-0.8438620000000001	-0.380662	-0.378144	0.0	3.54448	-2.7477400000000003	-1.8577099999999998	0.20105499999999998	
2	0.621842	0.774141	0.118398	0.0	-0.0517091	-0.110267	0.992556	0.0	0.781434	-0.6233350000000001	-0.0285383	0.0	-1.91252	-0.988157	-0.9399719999999999	0.353546	0.495163	-0.290421	-0.818822	0.0	0.207675	-0.8755870000000001	0.43614200000000003	0.0	-0.843614	-0.38600999999999996	-0.373245	0.0	3.51954	-2.74202	-1.90831	0.201066	
2	0.623761	0.77298	0.11586600000000001	0.0	-0.050232599999999995	-0.10828900000000001	0.99285	0.0	0.78	-0.625121	-0.028717400000000004	0.0	-1.9149200000000002	-0.987308	-0.9352030000000001	0.353515	0.498112	-0.27497	-0.8223600000000001	0.0	0.244004	-0.865617	0.43723	0.0	-0.832073	-0.41844899999999996	-0.364081	0.0	3.50504	-2.71106	-1.94207	0.201068	
