0	0.593132	0.516197	-0.617847	0.0	0.685516	0.0786415	0.7237979999999999	0.0	0.42221099999999995	-0.852852	-0.307216	0.0	-2.7396700000000003	2.0	1.46191	0.0	-0.593132	0.516197	-0.617846	0.0	0.7509560000000001	0.0780304	-0.655725	0.0	-0.290273	-0.852908	-0.433924	0.0	2.66032	2.0	1.53809	0.0	
0	0.138967	0.868079	-0.476579	0.0	-0.00960582	0.482407	0.8758940000000001	0.0	0.99025	-0.11714300000000001	0.0753775	0.0	-2.7396599999999998	1.8608099999999999	1.3547200000000001	-1.66893e-05	-0.215074	0.8604430000000001	-0.46193199999999995	0.0	0.270096	-0.402144	-0.8748309999999999	0.0	-0.9385049999999999	-0.31292	-0.145912	0.0	2.66039	1.91638	1.56952	0.0	
0	0.0182662	0.896178	-0.44331800000000005	0.0	-0.220531	0.436084	0.872466	0.0	0.975209	0.08182880000000001	0.20560100000000003	0.0	-2.72319	1.67782	1.31819	0.0	-0.130331	0.884396	-0.448172	0.0	0.12405699999999999	-0.433928	-0.892365	0.0	-0.9836790000000001	-0.171902	-0.0531612	0.0	2.67064	1.71203	1.51185	0.0	
0	-0.0451042	0.892502	-0.448783	0.0	-0.177228	0.434965	0.882834	0.0	0.983136	0.11935599999999999	0.13855699999999999	0.0	-2.69372	1.7022099999999998	1.24475	0.0	-0.118875	0.87192	-0.475	0.0	0.123754	-0.46165200000000006	-0.878387	0.0	-0.985167	-0.163201	-0.053025	0.0	2.61765	1.6800400000000002	1.56664	0.013425399999999999	
0	-0.08252319999999999	0.8858950000000001	-0.45648599999999995	0.0	-0.101923	0.448144	0.8881319999999999	0.0	0.9913629999999999	0.11981800000000001	0.0533111	0.0	-2.78367	1.80204	1.1129799999999999	0.28874299999999997	-0.112598	0.867828	-0.48393800000000003	0.0	0.11511600000000001	-0.47236300000000003	-0.8738540000000001	0.0	-0.98695	-0.154103	-0.0467137	0.0	2.65597	1.6880099999999998	1.60505	0.355917	
0	-0.11936400000000001	0.866721	-0.48430100000000004	0.0	-0.09288389999999999	0.475901	0.8745799999999999	0.0	0.9884959999999999	0.149377	0.023699	0.0	-2.69624	1.87368	1.0201799999999999	0.348109	-0.157342	0.869674	-0.467879	0.0	0.107603	-0.455862	-0.8835219999999999	0.0	-0.981665	-0.18936	-0.021853099999999997	0.0	2.57531	1.63153	1.7115599999999997	0.361645	
0	-0.11110899999999999	0.855174	-0.506293	0.0	-0.10029400000000001	0.497198	0.861821	0.0	0.988734	0.146534	0.030525999999999998	0.0	-2.7347200000000003	1.8922700000000001	1.00722	0.345711	-0.198462	0.872258	-0.446967	0.0	0.100583	-0.435504	-0.89455	0.0	-0.974934	-0.222491	-0.00130352	0.0	2.5501400000000003	1.56148	1.8092099999999998	0.362322	
0	-0.0966775	0.843514	-0.528335	0.0	-0.120653	0.516975	0.847455	0.0	0.9879760000000001	0.145675	0.0517923	0.0	-2.73884	1.8858099999999998	1.04782	0.340527	-0.258486	0.883374	-0.390942	0.0	0.102995	-0.377187	-0.920392	0.0	-0.9605090000000001	-0.278174	0.00651494	0.0	2.52673	1.5156100000000001	1.8903299999999998	0.363534	
0	-0.09588880000000001	0.836126	-0.540092	0.0	-0.120548	0.528844	0.840115	0.0	0.988066	0.14566400000000002	0.0500829	0.0	-2.7410200000000002	1.91867	1.07998	0.340171	-0.298735	0.8907120000000001	-0.342624	0.0	0.105875	-0.32587	-0.9394680000000001	0.0	-0.9484450000000001	-0.31692600000000004	0.00304458	0.0	2.53171	1.47895	1.89842	0.36399499999999996	
0	0.046005000000000004	0.8902559999999999	-0.45313100000000006	0.0	-0.101626	0.455429	0.884453	0.0	0.993758	0.00536084	0.111425	0.0	-2.74917	1.89343	1.21308	0.345157	-0.37365	0.894367	-0.245954	0.0	0.10126399999999999	-0.22424299999999997	-0.969258	0.0	-0.922026	-0.387069	-0.00677866	0.0	2.55671	1.46146	1.87673	0.36396799999999996	
0	0.412865	0.9103829999999999	-0.0273046	0.0	-0.160601	0.10227699999999999	0.981706	0.0	0.8965209999999999	-0.400927	0.188435	0.0	-2.69938	1.58314	1.46148	0.35030900000000004	-0.525123	0.848419	-0.066563	0.0	0.0500023	-0.0473207	-0.997627	0.0	-0.849556	-0.5272060000000001	-0.0175738	0.0	2.57044	1.3577700000000001	1.8311400000000002	0.363948	
0	0.636891	0.651224	0.412646	0.0	-0.401843	-0.176374	0.8985629999999999	0.0	0.657946	-0.738105	0.149359	0.0	-2.73477	1.19902	1.5374299999999999	0.351821	-0.690901	0.710008	0.136179	0.0	-0.07833999999999999	0.11373	-0.990418	0.0	-0.718693	-0.6949489999999999	-0.022953900000000003	0.0	2.54715	1.13327	1.76374	0.36396100000000003	
0	0.665204	0.453308	0.59331	0.0	-0.552126	-0.236303	0.799573	0.0	0.502654	-0.859461	0.0930933	0.0	-2.78228	0.860427	1.38681	0.352556	-0.770984	0.588094	0.244396	0.0	-0.182	0.16428900000000002	-0.969477	0.0	-0.610295	-0.791931	-0.019631	0.0	2.5438099999999997	0.8335319999999999	1.59344	0.364006	
0	0.6527890000000001	0.31583	0.688562	0.0	-0.631037	-0.276174	0.724928	0.0	0.419117	-0.907733	0.019016599999999998	0.0	-2.82063	0.583743	1.1386	0.35081799999999996	-0.816041	0.49892200000000003	0.291811	0.0	-0.22951999999999997	0.183641	-0.955823	0.0	-0.530469	-0.846967	-0.0353461	0.0	2.54193	0.53269	1.44193	0.364004	
0	0.6416810000000001	0.230923	0.731382	0.0	-0.656453	-0.32778	0.679434	0.0	0.396629	-0.916098	-0.0587409	0.0	-2.85607	0.509566	0.80961	0.350481	-0.8296209999999999	0.468442	0.303796	0.0	-0.23279	0.204352	-0.950815	0.0	-0.507483	-0.8595360000000001	-0.0604861	0.0	2.56053	0.38516500000000004	1.23175	0.363962	
0	0.632203	0.186755	0.751959	0.0	-0.669619	-0.356545	0.651526	0.0	0.389783	-0.915423	-0.100355	0.0	-2.86405	0.447567	0.610444	0.35041500000000003	-0.8377540000000001	0.449833	0.30954699999999996	0.0	-0.23411500000000002	0.21624699999999997	-0.9478540000000001	0.0	-0.49331400000000003	-0.8665379999999999	-0.07584869999999999	0.0	2.56307	0.290453	1.12056	0.363982	
0	0.624549	0.15504600000000002	0.76544	0.0	-0.681786	-0.369805	0.6312	0.0	0.38092800000000004	-0.916082	-0.125253	0.0	-2.8826	0.376666	0.46891000000000005	0.350454	-0.8410120000000001	0.448474	0.302605	0.0	-0.231384	0.207431	-0.950491	0.0	-0.48904	-0.8693930000000001	-0.0706822	0.0	2.5615099999999997	0.221428	1.10748	0.363979	
0	0.623266	0.14155399999999999	0.769092	0.0	-0.692723	-0.356419	0.6269779999999999	0.0	0.36286999999999997	-0.923541	-0.12408599999999999	0.0	-2.8891299999999998	0.304185	0.381497	0.350355	-0.8420030000000001	0.449545	0.298229	0.0	-0.228527	0.203539	-0.952023	0.0	-0.488678	-0.8697590000000001	-0.0686479	0.0	2.56197	0.195434	1.11022	0.36398600000000003	
0	0.621017	0.133108	0.772412	0.0	-0.703248	-0.340518	0.624091	0.0	0.346092	-0.930768	-0.11785999999999999	0.0	-2.90834	0.203931	0.293007	0.35008	-0.839233	0.459812	0.29027600000000003	0.0	-0.221306	0.198793	-0.954728	0.0	-0.4967	-0.8654790000000001	-0.065075	0.0	2.56528	0.192388	1.12526	0.364009	
0	0.617877	0.136997	0.7742479999999999	0.0	-0.7068180000000001	-0.334584	0.623267	0.0	0.344436	-0.9323549999999999	-0.1099	0.0	-2.91228	0.137347	0.23891199999999999	0.35020999999999997	-0.837002	0.466555	0.285928	0.0	-0.219367	0.192609	-0.956441	0.0	-0.501305	-0.863266	-0.0588674	0.0	2.5611599999999997	0.18632	1.14265	0.36398400000000003	
0	0.619322	0.140706	0.7724260000000001	0.0	-0.705174	-0.332879	0.626037	0.0	0.345211	-0.9324129999999999	-0.10693699999999999	0.0	-2.89447	0.103897	0.236152	0.350017	-0.836032	0.469683	0.28363499999999997	0.0	-0.218574	0.189058	-0.9573309999999999	0.0	-0.503265	-0.8623540000000001	-0.0553981	0.0	2.54129	0.178123	1.17509	0.363971	
0	0.621069	0.149062	0.769451	0.0	-0.700837	-0.333867	0.630365	0.0	0.35085700000000003	-0.93076	-0.10288599999999999	0.0	-2.87316	0.0767639	0.24443	0.349166	-0.835198	0.471116	0.283713	0.0	-0.216288	0.192931	-0.9570780000000001	0.0	-0.505632	-0.860713	-0.0592388	0.0	2.53226	0.18210199999999999	1.19377	0.36397199999999996	
0	0.621781	0.150072	0.768678	0.0	-0.699836	-0.33414099999999997	0.6313310000000001	0.0	0.351592	-0.930499	-0.102737	0.0	-2.87414	0.07494730000000001	0.244991	0.349229	-0.835252	0.471124	0.283543	0.0	-0.21608000000000002	0.192951	-0.9571200000000001	0.0	-0.505632	-0.8607049999999999	-0.0593624	0.0	2.53183	0.181739	1.1938	0.36398	
0	0.621772	0.150057	0.7686890000000001	0.0	-0.69985	-0.334138	0.631317	0.0	0.351582	-0.930502	-0.10274000000000001	0.0	-2.87415	0.074985	0.244979	0.349229	-0.835252	0.47112299999999996	0.283546	0.0	-0.216083	0.192951	-0.9571200000000001	0.0	-0.505632	-0.8607049999999999	-0.059361000000000004	0.0	2.5318400000000003	0.18173699999999998	1.19379	0.36398	
0	0.621772	0.150057	0.7686890000000001	0.0	-0.69985	-0.334138	0.631317	0.0	0.351582	-0.930502	-0.10274000000000001	0.0	-2.87415	0.07498510000000001	0.244979	0.349229	-0.835252	0.47112299999999996	0.283546	0.0	-0.216083	0.192951	-0.9571200000000001	0.0	-0.505632	-0.8607049999999999	-0.059361000000000004	0.0	2.5318400000000003	0.18173699999999998	1.19379	0.36398	
0	0.621772	0.150057	0.7686890000000001	0.0	-0.69985	-0.334138	0.631317	0.0	0.351582	-0.930502	-0.10274000000000001	0.0	-2.87415	0.07498450000000001	0.244979	0.34922800000000004	-0.835252	0.47112299999999996	0.283546	0.0	-0.216083	0.192951	-0.9571200000000001	0.0	-0.505632	-0.8607049999999999	-0.059361000000000004	0.0	2.5318400000000003	0.18173699999999998	1.19379	0.36398	
0	0.621772	0.150057	0.7686890000000001	0.0	-0.69985	-0.334138	0.631317	0.0	0.351582	-0.9305030000000001	-0.10274000000000001	0.0	-2.87415	0.0749846	0.244979	0.349229	-0.835252	0.47112299999999996	0.283546	0.0	-0.216083	0.192951	-0.9571200000000001	0.0	-0.505632	-0.8607049999999999	-0.059361000000000004	0.0	2.5318400000000003	0.18173699999999998	1.19379	0.36398	
0	0.621772	0.150057	0.7686890000000001	0.0	-0.69985	-0.334138	0.631317	0.0	0.351582	-0.930502	-0.10274000000000001	0.0	-2.87415	0.0749848	0.244979	0.34922800000000004	-0.835252	0.47112299999999996	0.283546	0.0	-0.216083	0.192951	-0.9571200000000001	0.0	-0.505632	-0.8607049999999999	-0.059361000000000004	0.0	2.5318400000000003	0.18173699999999998	1.19379	0.36398	
0	0.621772	0.150057	0.7686890000000001	0.0	-0.69985	-0.334138	0.631317	0.0	0.351582	-0.930502	-0.10274000000000001	0.0	-2.87415	0.07498439999999999	0.244979	0.349229	-0.835252	0.47112299999999996	0.283546	0.0	-0.216083	0.192951	-0.9571200000000001	0.0	-0.505632	-0.8607049999999999	-0.059361000000000004	0.0	2.5318400000000003	0.18173699999999998	1.19379	0.36398	
0	0.621772	0.150057	0.7686890000000001	0.0	-0.69985	-0.334138	0.631317	0.0	0.351582	-0.930502	-0.10274000000000001	0.0	-2.87415	0.07498450000000001	0.244979	0.34922800000000004	-0.835252	0.47112299999999996	0.283546	0.0	-0.216083	0.192951	-0.9571200000000001	0.0	-0.505632	-0.8607049999999999	-0.059361000000000004	0.0	2.5318400000000003	0.18173699999999998	1.19379	0.36398	
0	0.621772	0.150057	0.7686890000000001	0.0	-0.69985	-0.334138	0.631317	0.0	0.351582	-0.930502	-0.10274000000000001	0.0	-2.87415	0.0749846	0.244979	0.349229	-0.835252	0.47112299999999996	0.283546	0.0	-0.216083	0.192951	-0.9571200000000001	0.0	-0.505632	-0.8607049999999999	-0.059361000000000004	0.0	2.5318400000000003	0.18173699999999998	1.19379	0.36398	
0	0.621772	0.150057	0.7686890000000001	0.0	-0.69985	-0.334138	0.631317	0.0	0.351582	-0.930502	-0.10274000000000001	0.0	-2.87415	0.07498510000000001	0.244979	0.349229	-0.835252	0.47112299999999996	0.283546	0.0	-0.216083	0.192951	-0.9571200000000001	0.0	-0.505632	-0.8607049999999999	-0.059361000000000004	0.0	2.5318400000000003	0.18173699999999998	1.19379	0.36398	
0	0.621772	0.150057	0.7686890000000001	0.0	-0.69985	-0.334138	0.631317	0.0	0.351582	-0.930502	-0.10274000000000001	0.0	-2.87415	0.0749848	0.244979	0.349229	-0.835252	0.47112299999999996	0.283546	0.0	-0.216083	0.192951	-0.9571200000000001	0.0	-0.505632	-0.8607049999999999	-0.059361000000000004	0.0	2.5318400000000003	0.18173699999999998	1.19379	0.36398	
0	0.621772	0.150057	0.7686890000000001	0.0	-0.69985	-0.334138	0.631317	0.0	0.351582	-0.9305030000000001	-0.10274000000000001	0.0	-2.87415	0.0749852	0.244979	0.349229	-0.835252	0.47112299999999996	0.283546	0.0	-0.216083	0.192951	-0.9571200000000001	0.0	-0.505632	-0.8607049999999999	-0.059361000000000004	0.0	2.5318400000000003	0.18173699999999998	1.19379	0.36398	
0	0.7227399999999999	0.19651	0.6625939999999999	0.0	-0.498593	-0.515653	0.696783	0.0	0.47859300000000005	-0.833958	-0.27470500000000003	0.0	-2.82741	0.042814099999999994	0.198203	0.349661	-0.753815	0.621379	0.21366	0.0	0.0562316	0.384974	-0.921213	0.0	-0.654676	-0.6824100000000001	-0.32514	0.0	2.50236	0.122899	1.21305	0.36395900000000003	
0	0.70532	0.196701	0.681052	0.0	-0.541733	-0.47008999999999995	0.696807	0.0	0.457218	-0.8604209999999999	-0.225005	0.0	-2.80367	-0.157473	0.165549	0.349723	-0.7516729999999999	0.62335	0.215461	0.0	0.0388523	0.36796799999999996	-0.929026	0.0	-0.658391	-0.6899529999999999	-0.30080999999999997	0.0	2.46861	0.04682290000000001	1.13976	0.36398600000000003	
0	0.683696	0.199123	0.702075	0.0	-0.5754	-0.44464	0.686447	0.0	0.448858	-0.873296	-0.189424	0.0	-2.76518	-0.321617	0.0845342	0.34994400000000003	-0.751656	0.626209	0.207063	0.0	0.0372005	0.353696	-0.9346209999999999	0.0	-0.658506	-0.69481	-0.289153	0.0	2.43322	-0.0103776	1.10971	0.363964	
0	0.656112	0.203033	0.726838	0.0	-0.615464	-0.413393	0.6710520000000001	0.0	0.43671499999999996	-0.8876280000000001	-0.14627300000000001	0.0	-2.72315	-0.542767	-0.0512936	0.350044	-0.745785	0.633193	0.207056	0.0	0.0320345	0.344534	-0.938227	0.0	-0.665416	-0.693083	-0.277233	0.0	2.40124	-0.061245299999999996	1.0898700000000001	0.363982	
0	0.642821	0.20338	0.738524	0.0	-0.652212	-0.360324	0.6669229999999999	0.0	0.40174699999999997	-0.910386	-0.098977	0.0	-2.68548	-0.809307	-0.21477399999999996	0.34975300000000004	-0.744304	0.635774	0.204458	0.0	0.0274355	0.334998	-0.9418190000000001	0.0	-0.667277	-0.695391	-0.266783	0.0	2.34931	-0.12445099999999999	1.0865200000000002	0.363973	
0	0.63576	0.215879	0.741084	0.0	-0.6856770000000001	-0.282966	0.670655	0.0	0.354482	-0.93452	-0.031874900000000005	0.0	-2.7042200000000003	-1.1633200000000001	-0.348217	0.350012	-0.74221	0.638933	0.20221	0.0	0.0252239	0.32815	-0.9442889999999999	0.0	-0.669693	-0.69576	-0.259673	0.0	2.3077099999999997	-0.180174	1.09515	0.36396	
0	0.63259	0.21309499999999998	0.744594	0.0	-0.7074779999999999	-0.232185	0.667506	0.0	0.315125	-0.949042	0.00388178	0.0	-2.7522900000000003	-1.45716	-0.482282	0.349932	-0.743274	0.6389819999999999	0.198106	0.0	0.023929	0.321332	-0.946664	0.0	-0.668559	-0.69889	-0.254128	0.0	2.27478	-0.20833000000000002	1.1074700000000002	0.363976	
0	0.635868	0.198854	0.745741	0.0	-0.728504	-0.164427	0.6650159999999999	0.0	0.254861	-0.9661370000000001	0.040311599999999996	0.0	-2.80546	-1.82359	-0.687239	0.34931	-0.743383	0.639555	0.19583599999999998	0.0	0.0215518	0.315538	-0.9486680000000001	0.0	-0.668519	-0.7010029999999999	-0.248349	0.0	2.25296	-0.263423	1.1343	0.363976	
0	0.651393	0.17752300000000001	0.737681	0.0	-0.73383	-0.09968099999999999	0.671981	0.0	0.192825	-0.9790549999999999	0.06534039999999999	0.0	-2.86306	-2.14368	-0.857057	0.349056	-0.744833	0.638201	0.194742	0.0	0.021490000000000002	0.31465	-0.948965	0.0	-0.666905	-0.702635	-0.24807600000000002	0.0	2.24268	-0.29022	1.14151	0.36398600000000003	
0	0.657714	0.164748	0.735031	0.0	-0.734982	-0.0733404	0.6741090000000001	0.0	0.164966	-0.983605	0.0728499	0.0	-2.9586900000000003	-2.40905	-1.07112	0.348436	-0.743819	0.640307	0.191678	0.0	0.022683000000000002	0.310797	-0.950206	0.0	-0.667996	-0.702433	-0.24570100000000003	0.0	2.24359	-0.318587	1.13143	0.363982	
0	0.668446	0.15783699999999998	0.72682	0.0	-0.729416	-0.051885900000000006	0.6821	0.0	0.145373	-0.986101	0.0804462	0.0	-3.02357	-2.61148	-1.2729700000000002	0.348929	-0.741255	0.643126	0.19217599999999999	0.0	0.0224633	0.309915	-0.950499	0.0	-0.670849	-0.700244	-0.244173	0.0	2.2311099999999997	-0.32669000000000004	1.13845	0.363982	
0	0.670505	0.142293	0.728132	0.0	-0.729955	-0.0489126	0.681742	0.0	0.132622	-0.9886149999999999	0.0710717	0.0	-3.07689	-2.7351900000000002	-1.4904700000000002	0.348281	-0.743883	0.64185	0.186191	0.0	0.021626	0.301572	-0.953198	0.0	-0.66796	-0.705041	-0.238215	0.0	2.22289	-0.344947	1.15337	0.363965	
0	0.675613	0.139706	0.723899	0.0	-0.726507	-0.0409027	0.685941	0.0	0.12543900000000002	-0.989348	0.07386260000000001	0.0	-3.11141	-2.83201	-1.6387900000000002	0.34836300000000003	-0.74685	0.6379560000000001	0.187693	0.0	0.0194293	0.303061	-0.952773	0.0	-0.66471	-0.7079310000000001	-0.238736	0.0	2.21884	-0.34981999999999996	1.1621299999999999	0.363987	
0	0.6798489999999999	0.146973	0.718474	0.0	-0.7230770000000001	-0.029089599999999997	0.690155	0.0	0.122334	-0.988713	0.086496	0.0	-3.1156900000000003	-2.93273	-1.78312	0.348233	-0.7532949999999999	0.63135	0.184238	0.0	0.020711700000000003	0.302766	-0.9528399999999999	0.0	-0.657357	-0.713954	-0.24114899999999997	0.0	2.23325	-0.345355	1.16628	0.363983	
0	0.678031	0.146123	0.720362	0.0	-0.7260800000000001	-0.0193458	0.687338	0.0	0.114372	-0.9890770000000001	0.0929798	0.0	-3.09531	-2.97919	-1.8258	0.347908	-0.7561100000000001	0.628517	0.182386	0.0	0.0218058	0.302728	-0.9528280000000001	0.0	-0.6540819999999999	-0.716465	-0.242601	0.0	2.2530799999999997	-0.34434899999999996	1.17003	0.363982	
0	0.6802	0.151868	0.717122	0.0	-0.726121	0.00563145	0.6875439999999999	0.0	0.100377	-0.9883850000000001	0.114105	0.0	-3.0782599999999998	-3.0653799999999998	-1.8428200000000001	0.347001	-0.755704	0.628854	0.18290399999999998	0.0	0.021690900000000003	0.30316	-0.952693	0.0	-0.6545529999999999	-0.715987	-0.24274	0.0	2.26874	-0.345073	1.16988	0.363971	
0	0.681843	0.140044	0.717967	0.0	-0.726983	0.020849200000000002	0.686339	0.0	0.08114880000000001	-0.989926	0.116026	0.0	-3.09911	-3.1702	-1.86017	0.347507	-0.757207	0.627606	0.18096600000000002	0.0	0.0231615	0.302681	-0.95281	0.0	-0.652764	-0.717283	-0.243729	0.0	2.29248	-0.35828499999999996	1.1702299999999999	0.363993	
0	0.6850310000000001	0.125626	0.7176	0.0	-0.726039	0.036599400000000004	0.686679	0.0	0.060001099999999995	-0.991402	0.116281	0.0	-3.14267	-3.2834	-1.91543	0.35159	-0.7560399999999999	0.629849	0.178027	0.0	0.025155900000000002	0.29975599999999997	-0.953684	0.0	-0.654041	-0.716545	-0.242472	0.0	2.29927	-0.35628899999999997	1.18265	0.363976	
0	0.6771520000000001	0.12238199999999999	0.725595	0.0	-0.73387	0.0401475	0.678103	0.0	0.05385650000000001	-0.9916709999999999	0.116998	0.0	-3.1857599999999997	-3.3727699999999996	-1.95934	0.357157	-0.756897	0.629574	0.17533800000000002	0.0	0.026780400000000003	0.297946	-0.9542069999999999	0.0	-0.652985	-0.717541	-0.242375	0.0	2.30177	-0.365582	1.19699	0.36399000000000004	
0	0.676158	0.122244	0.726545	0.0	-0.734935	0.0425952	0.6767989999999999	0.0	0.051787	-0.9915860000000001	0.11864200000000001	0.0	-3.1979599999999997	-3.41652	-1.9750599999999998	0.35773699999999997	-0.7547520000000001	0.633007	0.17219600000000002	0.0	0.0294728	0.29494499999999996	-0.95506	0.0	-0.6553479999999999	-0.715758	-0.241267	0.0	2.30828	-0.37559899999999996	1.21491	0.363969	
0	0.671505	0.123576	0.7306229999999999	0.0	-0.739001	0.039294699999999995	0.672558	0.0	0.054402099999999995	-0.991557	0.117709	0.0	-3.2052099999999997	-3.4554400000000003	-1.9805400000000002	0.357477	-0.757857	0.6301140000000001	0.16914400000000002	0.0	0.033403699999999995	0.29639099999999996	-0.954483	0.0	-0.651565	-0.717711	-0.24566999999999997	0.0	2.31711	-0.37963600000000003	1.22812	0.363931	
0	0.667273	0.120485	0.735003	0.0	-0.7428710000000001	0.0364404	0.668442	0.0	0.05375359999999999	-0.9920459999999999	0.113821	0.0	-3.19552	-3.5081300000000004	-1.97127	0.356416	-0.7578550000000001	0.6305930000000001	0.16735899999999998	0.0	0.034993800000000005	0.29543800000000003	-0.9547209999999999	0.0	-0.6514850000000001	-0.717683	-0.245966	0.0	2.33016	-0.389106	1.23005	0.363971	
0	0.6605479999999999	0.12032999999999999	0.741078	0.0	-0.748642	0.031049	0.662248	0.0	0.0566783	-0.9922479999999999	0.11059300000000001	0.0	-3.18804	-3.5510699999999997	-1.9557400000000003	0.35542399999999996	-0.7573810000000001	0.631953	0.16435	0.0	0.0374665	0.293338	-0.955274	0.0	-0.651898	-0.717349	-0.245846	0.0	2.34176	-0.396925	1.2348299999999999	0.363977	
0	0.654733	0.11846	0.74652	0.0	-0.753635	0.026566500000000003	0.6567569999999999	0.0	0.05796669999999999	-0.992603	0.106669	0.0	-3.1863200000000003	-3.576	-1.9505700000000001	0.354572	-0.756994	0.6329060000000001	0.162454	0.0	0.0389397	0.291873	-0.955664	0.0	-0.652261	-0.717106	-0.245592	0.0	2.3433900000000003	-0.39226	1.2495	0.36397399999999996	
0	0.647879	0.116155	0.752835	0.0	-0.759591	0.0242868	0.649947	0.0	0.057210500000000004	-0.992934	0.10396500000000002	0.0	-3.17472	-3.6381	-1.9363099999999998	0.353194	-0.7564390000000001	0.633627	0.162227	0.0	0.038911699999999994	0.291186	-0.955875	0.0	-0.652906	-0.7167479999999999	-0.24491999999999997	0.0	2.34702	-0.392874	1.2748	0.363977	
0	0.639497	0.112131	0.760572	0.0	-0.766518	0.0169336	0.642	0.0	0.0591085	-0.993549	0.0967791	0.0	-3.1794700000000002	-3.6406699999999996	-1.9322599999999999	0.353275	-0.757724	0.632455	0.160796	0.0	0.041288099999999994	0.292371	-0.955413	0.0	-0.6512680000000001	-0.7173	-0.24764899999999998	0.0	2.35675	-0.399067	1.28162	0.363789	
0	0.6379670000000001	0.115502	0.761353	0.0	-0.767324	0.0120197	0.641147	0.0	0.06490259999999999	-0.9932350000000001	0.0962957	0.0	-3.1832700000000003	-3.64164	-1.9326900000000002	0.35179699999999997	-0.757525	0.632888	0.160025	0.0	0.042311800000000004	0.29222	-0.955415	0.0	-0.651433	-0.7169800000000001	-0.24814299999999997	0.0	2.37161	-0.40019699999999997	1.27914	0.36378	
0	0.636626	0.11059300000000001	0.763202	0.0	-0.7684949999999999	0.00857212	0.639799	0.0	0.0642147	-0.9938290000000001	0.090447	0.0	-3.18141	-3.64192	-1.92927	0.34981599999999996	-0.754946	0.6361439999999999	0.159307	0.0	0.0428479	0.290254	-0.95599	0.0	-0.6543859999999999	-0.7148939999999999	-0.24638400000000002	0.0	2.37299	-0.406059	1.28112	0.363806	
0	0.633462	0.116252	0.764991	0.0	-0.77069	0.00660768	0.637177	0.0	0.0690184	-0.9931979999999999	0.0937801	0.0	-3.17845	-3.6385400000000003	-1.9401400000000002	0.336613	-0.753954	0.637302	0.159375	0.0	0.0427853	0.289729	-0.956152	0.0	-0.655533	-0.714076	-0.245709	0.0	2.35724	-0.418137	1.28619	0.36378	
0	0.6310140000000001	0.11870399999999999	0.766636	0.0	-0.773084	0.0140286	0.634149	0.0	0.0645208	-0.9928309999999999	0.10062	0.0	-3.15369	-3.62647	-1.96669	0.300185	-0.7540359999999999	0.637595	0.157802	0.0	0.0438046	0.288527	-0.956469	0.0	-0.655371	-0.7143	-0.24549	0.0	2.3542099999999997	-0.42761400000000005	1.28839	0.363724	
0	0.626598	0.128594	0.76866	0.0	-0.7777109999999999	0.0393895	0.627386	0.0	0.0504008	-0.990915	0.12469000000000001	0.0	-3.09964	-3.6011300000000004	-2.02225	0.169223	-0.752343	0.63974	0.15720499999999998	0.0	0.044205	0.287121	-0.956874	0.0	-0.657287	-0.7129479999999999	-0.24429299999999998	0.0	2.3519799999999997	-0.43079799999999996	1.30559	0.363759	
0	0.636482	0.121705	0.761629	0.0	-0.7712640000000001	0.108857	0.627138	0.0	-0.00658274	-0.9865790000000001	0.163152	0.0	-3.0939	-3.58175	-2.02392	0.128912	-0.7531869999999999	0.6388010000000001	0.15698199999999998	0.0	0.0443479	0.28741300000000003	-0.956779	0.0	-0.6563100000000001	-0.713672	-0.24480500000000002	0.0	2.35227	-0.43302700000000005	1.30559	0.363654	
0	0.641506	0.115573	0.758362	0.0	-0.766999	0.11401800000000001	0.631436	0.0	-0.01349	-0.986733	0.16178800000000002	0.0	-3.09186	-3.5800199999999998	-2.0222	0.128711	-0.753215	0.6391180000000001	0.15555	0.0	0.045289300000000005	0.28630700000000003	-0.957067	0.0	-0.6562140000000001	-0.713832	-0.244596	0.0	2.35115	-0.431605	1.30879	0.363867	
0	0.6433800000000001	0.113951	0.7570180000000001	0.0	-0.7652939999999999	0.121127	0.632181	0.0	-0.019657499999999998	-0.986075	0.16513599999999998	0.0	-3.09009	-3.5781400000000003	-2.02127	0.127948	-0.752456	0.6394890000000001	0.157683	0.0	0.04454419999999999	0.288267	-0.956513	0.0	-0.657135	-0.7127100000000001	-0.245394	0.0	2.35121	-0.434812	1.3053	0.36367	
0	0.638976	0.11546500000000001	0.7605109999999999	0.0	-0.7677	0.15797	0.621033	0.0	-0.0484306	-0.98067	0.189582	0.0	-3.08992	-3.56765	-2.02641	0.1261	-0.751582	0.6404529999999999	0.15793900000000002	0.0	0.0443604	0.287963	-0.956614	0.0	-0.658147	-0.711967	-0.244839	0.0	2.3524599999999998	-0.439935	1.30215	0.363829	
0	0.6418510000000001	0.11474100000000001	0.758196	0.0	-0.763768	0.18392	0.618734	0.0	-0.0684529	-0.9762209999999999	0.20568499999999998	0.0	-3.08759	-3.5599800000000004	-2.02756	0.12364100000000001	-0.749525	0.642522	0.159307	0.0	0.0440964	0.28858	-0.95644	0.0	-0.660506	-0.709851	-0.244631	0.0	2.3475099999999998	-0.43948000000000004	1.30146	0.363748	
0	0.653678	0.109529	0.748805	0.0	-0.752613	0.197693	0.628085	0.0	-0.0792397	-0.974126	0.21166	0.0	-3.08094	-3.54641	-2.02084	0.12370899999999999	-0.748203	0.643687	0.160807	0.0	0.0433491	0.289283	-0.956261	0.0	-0.6620520000000001	-0.708507	-0.244346	0.0	2.33833	-0.43998400000000004	1.2840200000000002	0.363768	
0	0.662255	0.109359	0.741255	0.0	-0.7474609999999999	0.165293	0.643414	0.0	-0.0521611	-0.9801629999999999	0.191208	0.0	-3.05913	-3.54129	-1.98937	0.122625	-0.745849	0.646491	0.160497	0.0	0.0440055	0.28823899999999997	-0.9565469999999999	0.0	-0.66466	-0.706377	-0.243432	0.0	2.33756	-0.448642	1.27494	0.36377800000000005	
0	0.684773	0.100468	0.721797	0.0	-0.728434	0.0649199	0.682033	0.0	0.0216637	-0.99282	0.11764000000000001	0.0	-3.0025	-3.4615199999999997	-1.90488	0.122108	-0.74469	0.649334	0.15428	0.0	0.048890699999999995	0.283615	-0.957691	0.0	-0.665617	-0.705641	-0.242952	0.0	2.34449	-0.460954	1.2697200000000002	0.36388000000000004	
0	0.702205	0.103278	0.704445	0.0	-0.710975	0.049286300000000005	0.701488	0.0	0.037728500000000005	-0.993431	0.108037	0.0	-2.9517900000000004	-3.26605	-1.86418	0.121975	-0.744304	0.650672	0.15045799999999998	0.0	0.053136800000000005	0.28227399999999997	-0.9578610000000001	0.0	-0.665724	-0.7049449999999999	-0.24467199999999997	0.0	2.36528	-0.466491	1.2606899999999999	0.363736	
0	0.7105640000000001	0.10808800000000002	0.695281	0.0	-0.6980029999999999	-0.0164678	0.715906	0.0	0.08883010000000001	-0.9940049999999999	0.06374400000000001	0.0	-2.8955900000000003	-2.8536799999999998	-1.7521200000000001	0.122005	-0.741794	0.654637	0.145574	0.0	0.0566497	0.277462	-0.959065	0.0	-0.668231	-0.703182	-0.242905	0.0	2.40543	-0.512929	1.2260799999999998	0.363714	
0	0.712829	0.0971282	0.69458	0.0	-0.696285	-0.020662200000000002	0.717468	0.0	0.08403780000000001	-0.995058	0.052900300000000004	0.0	-2.89088	-2.60958	-1.6868400000000001	0.120956	-0.74046	0.656714	0.142989	0.0	0.0595523	0.276019	-0.959306	0.0	-0.669457	-0.701812	-0.24349	0.0	2.42348	-0.554747	1.18157	0.363716	
0	0.715675	0.0905069	0.6925439999999999	0.0	-0.693897	-0.0206882	0.719777	0.0	0.07947219999999999	-0.9956809999999999	0.0479964	0.0	-2.9157599999999997	-2.42751	-1.65577	0.119985	-0.735413	0.662683	0.14149	0.0	0.061041	0.27274299999999996	-0.960149	0.0	-0.6748649999999999	-0.697469	-0.241029	0.0	2.41344	-0.585075	1.14246	0.363737	
0	0.716507	0.0817135	0.692778	0.0	-0.694322	-0.0123314	0.7195590000000001	0.0	0.0673405	-0.9965799999999999	0.0479	0.0	-2.8903	-2.23434	-1.54496	0.11976500000000001	-0.731332	0.66791	0.138019	0.0	0.06144259999999999	0.26606599999999997	-0.961995	0.0	-0.679248	-0.6950569999999999	-0.235621	0.0	2.38604	-0.625382	1.12602	0.363925	
0	0.722528	0.0697328	0.687816	0.0	-0.6894	-0.00182593	0.724378	0.0	0.0517687	-0.9975639999999999	0.046754500000000004	0.0	-2.90525	-2.1080400000000004	-1.44811	0.12012300000000001	-0.727788	0.673967	0.126861	0.0	0.06623839999999999	0.253197	-0.965144	0.0	-0.682597	-0.694017	-0.22891599999999998	0.0	2.38476	-0.656083	1.11242	0.363769	
0	0.72987	0.0603933	0.680913	0.0	-0.682284	0.00288998	0.731082	0.0	0.0421846	-0.9981709999999999	0.0433147	0.0	-2.9267	-1.98708	-1.37852	0.119779	-0.695498	0.713253	0.0869107	0.0	0.10007	0.215929	-0.971268	0.0	-0.711526	-0.666817	-0.22155300000000003	0.0	2.3947599999999998	-0.674574	1.06582	0.363987	
0	0.733002	0.05508300000000001	0.677992	0.0	-0.67912	0.00244844	0.734023	0.0	0.038772100000000004	-0.9984790000000001	0.0392027	0.0	-2.95023	-1.94117	-1.37822	0.11976400000000001	-0.660475	0.7495149999999999	0.044731900000000005	0.0	0.129896	0.172735	-0.9763649999999999	0.0	-0.739527	-0.639054	-0.211446	0.0	2.40651	-0.687562	1.02734	0.36398800000000003	
0	0.734503	0.0536995	0.676477	0.0	-0.676876	-0.013152100000000002	0.73598	0.0	0.048418800000000005	-0.9984709999999999	0.0266876	0.0	-2.98196	-1.7306599999999999	-1.26827	0.11976700000000001	-0.53456	0.83857	-0.105102	0.0	0.21672600000000003	0.0158159	-0.9761040000000001	0.0	-0.816869	-0.544565	-0.190195	0.0	2.3574599999999997	-0.735118	0.8410860000000001	0.363987	
0	0.7342770000000001	0.053963800000000006	0.676702	0.0	-0.676782	-0.019555200000000002	0.735924	0.0	0.0529462	-0.998351	0.0221628	0.0	-2.9618599999999997	-1.65327	-1.2228	0.119727	-0.46630900000000003	0.863499	-0.192161	0.0	0.260171	-0.07374810000000001	-0.962742	0.0	-0.845498	-0.49893000000000004	-0.190268	0.0	2.33206	-0.748394	0.724472	0.363982	
0	0.730571	0.047908	0.681154	0.0	-0.6799649999999999	-0.0403475	0.7321340000000001	0.0	0.062558	-0.9980370000000001	0.00309902	0.0	-2.9286	-1.53378	-1.16283	0.119771	-0.214653	0.8414459999999999	-0.49587600000000004	0.0	0.36735300000000004	-0.40087399999999995	-0.8392569999999999	0.0	-0.9049729999999999	-0.36230999999999997	-0.223059	0.0	2.21654	-0.665878	0.443953	0.36398800000000003	
0	0.72531	0.040281300000000006	0.687243	0.0	-0.68475	-0.060765	0.72624	0.0	0.0710143	-0.997339	-0.016490900000000003	0.0	-2.90139	-1.45856	-1.12158	0.120104	-0.0898334	0.7336229999999999	-0.673593	0.0	0.397669	-0.593655	-0.699595	0.0	-0.913121	-0.330714	-0.238409	0.0	2.05268	-0.7065229999999999	0.22532	0.363844	
0	0.724607	0.040384199999999995	0.687978	0.0	-0.684893	-0.06875239999999999	0.7253930000000001	0.0	0.07659450000000001	-0.996816	-0.022159599999999998	0.0	-2.8578900000000003	-1.42278	-1.1187	0.11976300000000001	-0.030732299999999997	0.648187	-0.760861	0.0	0.39908499999999997	-0.689954	-0.6039	0.0	-0.916399	-0.322208	-0.23747800000000002	0.0	1.95239	-0.7552220000000001	0.115725	0.36351100000000003	
0	0.7222069999999999	0.0369282	0.6906909999999999	0.0	-0.685928	-0.0902442	0.722052	0.0	0.0889947	-0.9952350000000001	-0.039845	0.0	-2.80093	-1.37398	-1.11719	0.12010799999999999	0.0430411	0.457595	-0.8881190000000001	0.0	0.375388	-0.8312139999999999	-0.41008199999999995	0.0	-0.925868	-0.315739	-0.207552	0.0	1.76242	-0.898734	-0.0318902	0.362894	
0	0.722681	0.0442055	0.689767	0.0	-0.683403	-0.103601	0.722653	0.0	0.103406	-0.9936360000000001	-0.0446606	0.0	-2.7469799999999998	-1.34023	-1.10745	0.119752	0.0942178	0.306794	-0.947101	0.0	0.357002	-0.898474	-0.25552800000000003	0.0	-0.9293399999999999	-0.31404099999999996	-0.194178	0.0	1.5544	-1.0354299999999999	-0.146654	0.36275	
0	0.7113659999999999	0.0325446	0.702068	0.0	-0.692394	-0.138984	0.7080069999999999	0.0	0.120618	-0.9897600000000001	-0.0763345	0.0	-2.68227	-1.3224200000000002	-1.12	0.11976300000000001	0.123821	0.150446	-0.980834	0.0	0.333679	-0.937193	-0.101628	0.0	-0.9345190000000001	-0.3147	-0.166245	0.0	1.2850700000000002	-1.21973	-0.277017	0.360063	
0	0.696747	0.00856584	0.717266	0.0	-0.706784	-0.162528	0.6885060000000001	0.0	0.122473	-0.986667	-0.10718699999999999	0.0	-2.63518	-1.30266	-1.19022	0.11975999999999999	0.171756	-0.0235824	-0.984857	0.0	0.308173	-0.948254	0.0764502	0.0	-0.9356969999999999	-0.316637	-0.155601	0.0	1.0059799999999999	-1.35416	-0.461476	0.352069	
0	0.694866	0.00834572	0.71909	0.0	-0.708385	-0.16433499999999998	0.686429	0.0	0.1239	-0.986369	-0.108279	0.0	-2.62133	-1.30536	-1.20244	0.11976099999999999	0.174453	-0.060213300000000004	-0.982823	0.0	0.307379	-0.9449200000000001	0.112452	0.0	-0.935459	-0.32171700000000003	-0.146336	0.0	0.919825	-1.3951	-0.5124850000000001	0.351632	
0	0.687126	0.00811824	0.726493	0.0	-0.715389	-0.166946	0.678489	0.0	0.12679300000000002	-0.985933	-0.108905	0.0	-2.5295099999999997	-1.3202200000000002	-1.19792	0.120137	0.194658	-0.09678830000000001	-0.9760840000000001	0.0	0.30295	-0.940534	0.15367999999999998	0.0	-0.9329149999999999	-0.325619	-0.15376099999999998	0.0	0.721327	-1.4595	-0.654255	0.35109	
0	0.67757	0.010388600000000001	0.7353850000000001	0.0	-0.724275	-0.16428099999999998	0.669655	0.0	0.12776700000000002	-0.986359	-0.103788	0.0	-2.46087	-1.3361299999999998	-1.18341	0.11981199999999999	0.196211	-0.11534200000000001	-0.9737549999999999	0.0	0.292854	-0.940841	0.170453	0.0	-0.935809	-0.31861300000000004	-0.150825	0.0	0.566285	-1.48858	-0.786602	0.350615	
0	0.662882	0.00849381	0.748676	0.0	-0.7393529999999999	-0.150283	0.6563329999999999	0.0	0.11808800000000001	-0.988607	-0.09334010000000001	0.0	-2.38962	-1.39394	-1.15706	0.120129	0.189735	-0.10448199999999999	-0.97626	0.0	0.28856	-0.944475	0.157162	0.0	-0.938474	-0.311529	-0.149051	0.0	0.39494	-1.3941299999999999	-0.8657530000000001	0.35046700000000003	
0	0.65656	0.0126328	0.7541680000000001	0.0	-0.745414	-0.141934	0.651316	0.0	0.11527000000000001	-0.9897959999999999	-0.0837715	0.0	-2.36159	-1.4220899999999999	-1.15287	0.120125	0.18653	-0.0959169	-0.977756	0.0	0.290427	-0.9453600000000001	0.148145	0.0	-0.938541	-0.3116	-0.148482	0.0	0.327086	-1.33637	-0.897408	0.3503	
0	0.652547	0.018637200000000003	0.7575189999999999	0.0	-0.748754	-0.137717	0.648384	0.0	0.116407	-0.990296	-0.07591189999999999	0.0	-2.30015	-1.4488299999999998	-1.14919	0.11974800000000001	0.17538800000000002	-0.0877865	-0.9805780000000001	0.0	0.288353	-0.9477559999999999	0.136424	0.0	-0.941325	-0.30668	-0.14091199999999998	0.0	0.222465	-1.27678	-0.935865	0.34982800000000003	
0	0.648896	0.0311697	0.760238	0.0	-0.750178	-0.140764	0.64608	0.0	0.127152	-0.9895520000000001	-0.0679585	0.0	-2.2715400000000003	-1.4607	-1.15534	0.120124	0.167141	-0.0666527	-0.983678	0.0	0.29538000000000003	-0.948499	0.11445799999999999	0.0	-0.9406459999999999	-0.309689	-0.138845	0.0	0.08381110000000001	-1.22125	-0.9760639999999999	0.349452	
1	0.64786	0.0390269	0.760759	0.0	-0.7502850000000001	-0.139994	0.646122	0.0	0.131718	-0.989383	-0.0614153	0.0	-2.22717	-1.4706299999999999	-1.1590200000000002	0.120121	0.166081	-0.049813699999999995	-0.9848530000000001	0.0	0.29891100000000004	-0.9491930000000001	0.09841710000000001	0.0	-0.939718	-0.310729	-0.142754	0.0	-0.0667659	-1.22504	-1.06823	0.349155	
1	0.646497	0.040731	0.761829	0.0	-0.7511220000000001	-0.140929	0.644946	0.0	0.133633	-0.989182	-0.06051619999999999	0.0	-2.21245	-1.47096	-1.16019	0.12013299999999999	0.169248	-0.0425735	-0.9846540000000001	0.0	0.297808	-0.950156	0.0922707	0.0	-0.9395030000000001	-0.308854	-0.148133	0.0	-0.114946	-1.2496200000000002	-1.10923	0.348884	
1	0.644899	0.045103500000000005	0.762936	0.0	-0.75156	-0.143861	0.643788	0.0	0.138793	-0.9885700000000001	-0.058877599999999995	0.0	-2.17225	-1.4743600000000001	-1.16374	0.119773	0.17044700000000002	-0.038959	-0.9845959999999999	0.0	0.297189	-0.950656	0.0890633	0.0	-0.9394819999999999	-0.307791	-0.15045799999999998	0.0	-0.188852	-1.2879399999999999	-1.1676600000000001	0.34849	
1	0.645749	0.044613599999999996	0.762245	0.0	-0.75097	-0.143354	0.644588	0.0	0.13802899999999999	-0.988665	-0.059067499999999995	0.0	-2.16338	-1.47173	-1.16515	0.120137	0.171906	-0.039638	-0.984316	0.0	0.29467600000000005	-0.951371	0.089775	0.0	-0.940008	-0.305487	-0.151866	0.0	-0.21249	-1.30236	-1.18651	0.34836300000000003	
1	0.646352	0.042617800000000004	0.761848	0.0	-0.750717	-0.14319300000000001	0.6449189999999999	0.0	0.136576	-0.988777	-0.0605592	0.0	-2.16728	-1.45728	-1.17621	0.11975999999999999	0.171048	-0.0403253	-0.9844370000000001	0.0	0.294373	-0.9514319999999999	0.0901213	0.0	-0.9402590000000001	-0.305206	-0.150871	0.0	-0.308454	-1.34284	-1.2495	0.348271	
1	0.646226	0.0450459	0.7618159999999999	0.0	-0.750263	-0.145155	0.645009	0.0	0.13963599999999998	-0.988383	-0.060006399999999994	0.0	-2.16755	-1.44421	-1.1786	0.119751	0.168428	-0.0400814	-0.984899	0.0	0.29493800000000003	-0.951348	0.0891535	0.0	-0.9405549999999999	-0.3055	-0.148412	0.0	-0.326329	-1.35337	-1.26085	0.348238	
1	0.646314	0.0493938	0.761471	0.0	-0.749548	-0.14594000000000001	0.645662	0.0	0.14302	-0.98806	-0.0572999	0.0	-2.16653	-1.43415	-1.1833799999999999	0.12013900000000001	0.172703	-0.0392724	-0.984191	0.0	0.292715	-0.952016	0.0893533	0.0	-0.940474	-0.303519	-0.152921	0.0	-0.360154	-1.39647	-1.31054	0.347929	
1	0.645721	0.0481858	0.762051	0.0	-0.7501760000000001	-0.146098	0.644897	0.0	0.14240899999999998	-0.9880959999999999	-0.0581909	0.0	-2.15174	-1.43591	-1.1727	0.119772	0.174976	-0.0417103	-0.9836889999999999	0.0	0.29323299999999997	-0.9515549999999999	0.09250739999999999	0.0	-0.9398920000000001	-0.304637	-0.15426900000000002	0.0	-0.390268	-1.46648	-1.33007	0.34768899999999997	
1	0.644375	0.047601199999999996	0.763227	0.0	-0.751367	-0.14621900000000002	0.6434810000000001	0.0	0.142229	-0.9881059999999999	-0.058453599999999994	0.0	-2.1507099999999997	-1.43861	-1.17249	0.120126	0.172734	-0.0450858	-0.983936	0.0	0.29396500000000003	-0.9510649999999999	0.0951863	0.0	-0.9400790000000001	-0.305685	-0.151028	0.0	-0.402648	-1.50033	-1.3391600000000001	0.347724	
1	0.644461	0.0491917	0.763053	0.0	-0.751052	-0.146549	0.6437729999999999	0.0	0.143493	-0.98798	-0.057499800000000004	0.0	-2.14919	-1.43885	-1.17095	0.12013299999999999	0.173024	-0.047106800000000004	-0.983791	0.0	0.294	-0.9508469999999999	0.0972366	0.0	-0.9400139999999999	-0.306058	-0.15067	0.0	-0.430674	-1.5543799999999999	-1.35476	0.347538	
1	0.645578	0.0470347	0.762245	0.0	-0.750301	-0.147045	0.644536	0.0	0.1424	-0.9880110000000001	-0.059638800000000006	0.0	-2.14879	-1.4348	-1.17747	0.119768	0.17347	-0.0488431	-0.983627	0.0	0.295713	-0.950099	0.0993293	0.0	-0.9393940000000001	-0.308102	-0.15037	0.0	-0.452904	-1.59447	-1.39103	0.347256	
1	0.645466	0.0467401	0.762357	0.0	-0.750325	-0.147785	0.644339	0.0	0.142781	-0.987915	-0.06031990000000001	0.0	-2.1512	-1.43471	-1.17725	0.11976099999999999	0.172801	-0.0476307	-0.9838040000000001	0.0	0.300703	-0.948593	0.0987432	0.0	-0.937933	-0.312896	-0.149596	0.0	-0.472369	-1.63066	-1.42014	0.34781799999999996	
1	0.6458189999999999	0.0481201	0.761973	0.0	-0.749765	-0.14841400000000002	0.644845	0.0	0.144118	-0.9877540000000001	-0.0597701	0.0	-2.1556599999999997	-1.42825	-1.1789399999999999	0.120137	0.17378	-0.0457886	-0.98372	0.0	0.304354	-0.9475180000000001	0.0978694	0.0	-0.936573	-0.316407	-0.150723	0.0	-0.475254	-1.64315	-1.4233200000000001	0.347881	
1	0.645645	0.0507733	0.761948	0.0	-0.74931	-0.150254	0.644948	0.0	0.147232	-0.9873430000000001	-0.058966	0.0	-2.15897	-1.42116	-1.1764	0.12008800000000001	0.178447	-0.03699330000000001	-0.9832540000000001	0.0	0.311949	-0.945616	0.0921916	0.0	-0.933191	-0.323176	-0.157202	0.0	-0.475108	-1.6845299999999999	-1.39406	0.347312	
1	0.644551	0.053337199999999994	0.762699	0.0	-0.74747	-0.165787	0.643275	0.0	0.16075599999999998	-0.984718	-0.0669898	0.0	-2.1684099999999997	-1.4291399999999999	-1.16603	0.118852	0.173705	-0.030941900000000005	-0.9843120000000001	0.0	0.311886	-0.9463290000000001	0.0847876	0.0	-0.934106	-0.321721	-0.15473199999999998	0.0	-0.49678199999999995	-1.74459	-1.43649	0.343565	
1	0.6452060000000001	0.0542899	0.7620779999999999	0.0	-0.747089	-0.16393	0.6441939999999999	0.0	0.159901	-0.984977	-0.0652091	0.0	-2.17213	-1.43232	-1.18254	0.120226	0.17382	-0.0254163	-0.98445	0.0	0.313303	-0.946299	0.07974980000000001	0.0	-0.93361	-0.322293	-0.156523	0.0	-0.503944	-1.7768099999999998	-1.45192	0.336025	
1	0.644169	0.054492	0.762939	0.0	-0.748037	-0.16330799999999998	0.643251	0.0	0.159646	-0.9850690000000001	-0.06443600000000001	0.0	-2.17161	-1.42815	-1.1734200000000001	0.117211	0.14785	-0.032759199999999995	-0.988467	0.0	0.314782	-0.945918	0.0784328	0.0	-0.937578	-0.322748	-0.12954200000000002	0.0	-0.5521050000000001	-1.89031	-1.49768	0.201274	
1	0.64008	0.0540556	0.766404	0.0	-0.750189	-0.17138299999999998	0.638626	0.0	0.16587000000000002	-0.98372	-0.06914719999999999	0.0	-2.19104	-1.40746	-1.18682	0.118835	0.134407	-0.0342973	-0.990333	0.0	0.30745700000000004	-0.948635	0.0745808	0.0	-0.9420219999999999	-0.314508	-0.11695799999999999	0.0	-0.534279	-1.9214	-1.49603	0.195918	
1	0.637717	0.0561112	0.768224	0.0	-0.751491	-0.173567	0.6365029999999999	0.0	0.169053	-0.9832219999999999	-0.0685197	0.0	-2.17037	-1.37657	-1.17819	0.117648	0.120376	-0.0338362	-0.992152	0.0	0.291296	-0.9542209999999999	0.067885	0.0	-0.9490290000000001	-0.297181	-0.10500899999999999	0.0	-0.502202	-1.9265400000000001	-1.4991	0.194962	
