0	0.382846	0.914593	-0.130184	0.0	-0.0466266	0.159871	0.986036	0.0	0.922635	-0.37143000000000004	0.10385	0.0	-2.81774	1.9194099999999998	1.4015	3.19481e-05	-0.450088	0.875128	-0.17768599999999998	0.0	0.142156	-0.126225	-0.9817629999999999	0.0	-0.881597	-0.467138	-0.067593	0.0	2.74853	1.9962099999999998	1.57666	0.0	
0	0.33965700000000004	0.937946	-0.06993289999999999	0.0	-0.12801099999999999	0.11976099999999999	0.9845149999999999	0.0	0.931797	-0.325446	0.160745	0.0	-2.90998	1.7761200000000001	1.3736700000000002	0.278897	-0.426343	0.896114	-0.12333599999999999	0.0	0.0838974	-0.09658710000000001	-0.9917819999999999	0.0	-0.9006620000000001	-0.433187	-0.0340023	0.0	2.7581900000000004	1.9661099999999998	1.59853	0.374316	
0	0.35632800000000003	0.9317209999999999	-0.07018730000000001	0.0	-0.0988782	0.112298	0.988743	0.0	0.929114	-0.345377	0.132142	0.0	-2.8601400000000003	1.7690599999999999	1.38553	0.35254	-0.46362700000000007	0.877634	-0.121695	0.0	0.08273839999999999	-0.0938654	-0.9921409999999999	0.0	-0.882159	-0.470052	-0.029095599999999996	0.0	2.69877	1.9468599999999998	1.64838	0.361649	
0	0.406129	0.9127709999999999	-0.0436814	0.0	-0.125737	0.103164	0.986685	0.0	0.9051239999999999	-0.395229	0.156667	0.0	-2.85562	1.75807	1.57444	0.345652	-0.5445439999999999	0.8364590000000001	-0.061715	0.0	0.041220599999999996	-0.046802699999999996	-0.9980530000000001	0.0	-0.8377190000000001	-0.546028	-0.00899333	0.0	2.59948	1.88589	1.86179	0.360984	
0	0.432011	0.901756	-0.014221200000000002	0.0	-0.135549	0.08051169999999999	0.9874940000000001	0.0	0.891624	-0.42468100000000003	0.15701400000000001	0.0	-2.8528700000000002	1.79695	1.6459599999999999	0.280411	-0.57527	0.817342	-0.0318899	0.0	0.0285457	-0.0189025	-0.9994139999999999	0.0	-0.817466	-0.575843	-0.012457700000000002	0.0	2.5575900000000003	1.8833	1.9364599999999998	0.36104899999999995	
0	0.439778	0.897907	-0.0189035	0.0	-0.129164	0.0840635	0.9880540000000001	0.0	0.8887700000000001	-0.432083	0.152947	0.0	-2.8658099999999997	1.83368	1.68963	0.26773600000000003	-0.589626	0.807508	-0.016515000000000002	0.0	0.027346499999999996	-0.00047648	-0.999626	0.0	-0.807214	-0.589857	-0.0218017	0.0	2.53238	1.93232	2.01565	0.360823	
0	0.44870200000000005	0.8936629999999999	-0.00573558	0.0	-0.110456	0.0618254	0.991956	0.0	0.8868290000000001	-0.444459	0.126451	0.0	-2.8754	1.88473	1.7367	0.286088	-0.59982	0.800082	-0.00917569	0.0	0.0251335	0.00737792	-0.999657	0.0	-0.79974	-0.599845	-0.0245345	0.0	2.51936	1.9673200000000002	2.06922	0.361209	
0	0.44901499999999994	0.8934120000000001	-0.014190399999999999	0.0	-0.09478330000000001	0.0634163	0.993476	0.0	0.888483	-0.444741	0.11315499999999999	0.0	-2.8878	1.90155	1.75108	0.311605	-0.601302	0.7989609999999999	-0.00982448	0.0	0.0245995	0.00622088	-0.9996780000000001	0.0	-0.798643	-0.60135	-0.0233949	0.0	2.51568	1.9733	2.09137	0.361307	
0	0.40917600000000004	0.903751	-0.125737	0.0	0.0363982	0.12152400000000001	0.9919209999999999	0.0	0.9117290000000001	-0.410447	0.016829900000000002	0.0	-2.90572	2.03479	1.75247	0.351044	-0.608086	0.793836	-0.00754568	0.0	0.0226822	0.00787222	-0.999712	0.0	-0.793547	-0.608082	-0.022793	0.0	2.50873	1.9629599999999998	2.12604	0.361493	
0	0.394167	0.9045799999999999	-0.162384	0.0	0.0795814	0.14243	0.9866010000000001	0.0	0.915587	-0.401808	-0.0158465	0.0	-2.8950299999999998	2.0987400000000003	1.74547	0.35158	-0.611306	0.7913720000000001	-0.00599024	0.0	0.0225941	0.00988591	-0.9996959999999999	0.0	-0.791072	-0.611255	-0.0239237	0.0	2.50979	1.93641	2.11984	0.36154899999999995	
0	0.410415	0.898962	-0.15306	0.0	0.138008	0.104683	0.984883	0.0	0.9013950000000001	-0.425335	-0.08110099999999999	0.0	-2.88378	2.23103	1.68871	0.35053	-0.615947	0.7877810000000001	-0.00302884	0.0	0.0243373	0.0151857	-0.9995879999999999	0.0	-0.787411	-0.615768	-0.0285259	0.0	2.51266	1.89442	2.15065	0.361538	
0	0.413521	0.898279	-0.148645	0.0	0.137725	0.09966749999999999	0.9854430000000001	0.0	0.900018	-0.42797299999999994	-0.0825013	0.0	-2.88405	2.23642	1.6803599999999999	0.35042	-0.616305	0.787503	-0.00287592	0.0	0.024397299999999997	0.0154429	-0.999583	0.0	-0.78713	-0.616118	-0.0287308	0.0	2.51317	1.88969	2.15351	0.361528	
0	0.42786899999999994	0.9022819999999999	-0.05306230000000001	0.0	0.06956369999999999	0.025659300000000003	0.9972479999999999	0.0	0.9011600000000001	-0.430383	-0.0517873	0.0	-2.86443	2.2530200000000002	1.66303	0.34610799999999997	-0.618273	0.785963	-0.00101081	0.0	0.022908599999999998	0.016735299999999998	-0.999598	0.0	-0.78563	-0.618047	-0.028352600000000002	0.0	2.51658	1.86438	2.1709099999999997	0.361632	
0	0.395829	0.918242	0.0123289	0.0	-0.033702800000000005	0.0011093	0.999431	0.0	0.9177059999999999	-0.396019	0.0313863	0.0	-2.88072	2.20035	1.6385299999999998	0.344215	-0.617399	0.786647	-0.00230968	0.0	0.0237564	0.015710299999999996	-0.9995940000000001	0.0	-0.786291	-0.617203	-0.028387400000000004	0.0	2.5219400000000003	1.85906	2.16633	0.36178	
0	0.37903600000000004	0.925207	0.017988099999999996	0.0	-0.070449	0.0094682	0.9974700000000001	0.0	0.922696	-0.379344	0.0687687	0.0	-2.87895	2.17709	1.62675	0.345507	-0.6177590000000001	0.7863640000000001	-0.00227666	0.0	0.0240176	0.015974000000000002	-0.999584	0.0	-0.7860010000000001	-0.617557	-0.0287547	0.0	2.5241700000000002	1.8571400000000002	2.1598900000000003	0.361852	
0	0.378006	0.9249879999999999	0.0388356	0.0	-0.12144200000000001	0.00795561	0.992567	0.0	0.917803	-0.379913	0.11534000000000001	0.0	-2.88225	2.14378	1.6015700000000002	0.34825900000000004	-0.617219	0.786791	0.000530809	0.0	0.0235084	0.019116099999999997	-0.999541	0.0	-0.7864399999999999	-0.616923	-0.030295099999999995	0.0	2.52735	1.8537	2.14403	0.361956	
0	0.370014	0.928848	0.018180099999999998	0.0	-0.139742	0.0362996	0.9895229999999999	0.0	0.9184559999999999	-0.368678	0.14323	0.0	-2.89131	2.10678	1.56546	0.347271	-0.615525	0.788117	0.001342	0.0	0.0219491	0.018844299999999998	-0.999582	0.0	-0.787812	-0.6152380000000001	-0.028897900000000004	0.0	2.52639	1.85358	2.1203	0.362007	
0	0.363369	0.9316209999999999	0.00672087	0.0	-0.148146	0.0506576	0.987667	0.0	0.919791	-0.359883	0.156424	0.0	-2.90374	2.0927	1.55053	0.343025	-0.614054	0.789242	0.00598231	0.0	0.019469099999999996	0.022723900000000002	-0.999552	0.0	-0.789024	-0.613662	-0.0293197	0.0	2.51995	1.8457299999999999	2.09797	0.362133	
0	0.34171399999999996	0.938637	-0.0468299	0.0	-0.139569	0.0999612	0.9851540000000001	0.0	0.929383	-0.33010500000000004	0.165163	0.0	-2.9279900000000003	2.0769	1.52346	0.335687	-0.611112	0.791536	0.0035141999999999994	0.0	0.0182182	0.0185037	-0.999663	0.0	-0.791334	-0.610842	-0.025728300000000003	0.0	2.51614	1.82875	2.08405	0.362172	
0	0.325529	0.9418219999999999	-0.08368350000000001	0.0	-0.14786400000000002	0.138122	0.9793149999999999	0.0	0.9338989999999999	-0.30642199999999997	0.184224	0.0	-2.98668	2.06508	1.50096	0.23836	-0.611917	0.79089	0.0070616	0.0	0.017324700000000002	0.0223293	-0.9996010000000001	0.0	-0.790732	-0.6115510000000001	-0.0273656	0.0	2.5119700000000003	1.79952	2.06792	0.362421	
0	0.323738	0.9414530000000001	-0.0941224	0.0	-0.13742100000000002	0.14521199999999998	0.9798110000000001	0.0	0.9361139999999999	-0.304268	0.176386	0.0	-3.0022	2.0652	1.49065	0.233487	-0.6094229999999999	0.7928270000000001	0.00541985	0.0	0.0169609	0.019871200000000002	-0.999659	0.0	-0.792664	-0.609123	-0.025557	0.0	2.51457	1.78863	2.06104	0.36251700000000003	
0	0.348394	0.934873	-0.06807719999999999	0.0	-0.109444	0.112701	0.987583	0.0	0.9309370000000001	-0.336618	0.14157999999999998	0.0	-3.0266599999999997	2.05514	1.4628700000000001	0.280517	-0.608727	0.793367	0.0045357	0.0	0.0176471	0.019255099999999997	-0.999659	0.0	-0.793184	-0.6084390000000001	-0.025722000000000002	0.0	2.51815	1.7627700000000002	2.0759	0.36273	
0	0.353799	0.933366	-0.0604424	0.0	-0.104646	0.103718	0.989086	0.0	0.929449	-0.343613	0.13436900000000002	0.0	-3.0341400000000003	2.03455	1.4603700000000002	0.30927	-0.608691	0.793402	0.00296041	0.0	0.0181708	0.017670500000000002	-0.9996790000000001	0.0	-0.7932	-0.608441	-0.0251727	0.0	2.5204	1.7575599999999998	2.07233	0.362615	
0	0.40538	0.913918	-0.0205155	0.0	-0.0968171	0.0652387	0.9931620000000001	0.0	0.909007	-0.400622	0.11492899999999999	0.0	-3.02673	1.974	1.5141200000000001	0.347935	-0.6103569999999999	0.7921229999999999	0.00225902	0.0	0.018236900000000004	0.016903	-0.999691	0.0	-0.791917	-0.6101270000000001	-0.0247629	0.0	2.52248	1.7529299999999999	2.0964	0.36286399999999996	
0	0.41341400000000006	0.910344	-0.019033900000000003	0.0	-0.0940965	0.0635053	0.9935360000000001	0.0	0.905668	-0.408951	0.11191400000000001	0.0	-3.03153	1.9022599999999998	1.55516	0.348867	-0.6133529999999999	0.789796	-0.0044544	0.0	0.022456	0.0118011	-0.9996780000000001	0.0	-0.7894899999999999	-0.613256	-0.0249741	0.0	2.5460700000000003	1.7611	2.10966	0.362746	
0	0.423903	0.9056639999999999	-0.00892562	0.0	-0.0965686	0.0549939	0.993806	0.0	0.900545	-0.420416	0.11077100000000001	0.0	-3.02638	1.89199	1.5717299999999998	0.34934299999999996	-0.615128	0.788416	-0.00417203	0.0	0.025253099999999997	0.0144131	-0.999577	0.0	-0.7880229999999999	-0.614974	-0.028776	0.0	2.56521	1.76732	2.10967	0.362492	
0	0.42878	0.903409	-0.000661343	0.0	-0.0957433	0.046169999999999996	0.9943350000000001	0.0	0.8983209999999999	-0.426288	0.10629200000000001	0.0	-3.01924	1.89778	1.60007	0.348853	-0.613881	0.789395	-0.00236675	0.0	0.0261117	0.017309400000000003	-0.999509	0.0	-0.788967	-0.613642	-0.031238299999999997	0.0	2.5695099999999997	1.7749	2.11137	0.36238899999999996	
0	0.44518599999999997	0.89507	0.025676499999999998	0.0	-0.100759	0.0215811	0.994677	0.0	0.8897510000000001	-0.445403	0.0997941	0.0	-3.00599	1.90678	1.63307	0.34925900000000004	-0.614009	0.789297	-0.00203899	0.0	0.0262575	0.017844099999999998	-0.9994959999999999	0.0	-0.788862	-0.613753	-0.0316817	0.0	2.57242	1.77767	2.11558	0.362222	
0	0.46482799999999996	0.8838280000000001	0.052760400000000006	0.0	-0.10865699999999999	-0.00219622	0.994077	0.0	0.878709	-0.467808	0.09501330000000001	0.0	-2.99473	1.90452	1.69355	0.348722	-0.618256	0.785954	0.00590953	0.0	0.0284961	0.0299284	-0.9991459999999999	0.0	-0.78546	-0.61756	-0.040900099999999995	0.0	2.57108	1.79434	2.08169	0.361672	
0	0.468319	0.881618	0.0585442	0.0	-0.112073	-0.00645182	0.9936790000000001	0.0	0.876423	-0.47192	0.09578450000000001	0.0	-2.99187	1.90363	1.71069	0.348829	-0.618498	0.785763	0.00610486	0.0	0.029786700000000003	0.0312079	-0.9990690000000001	0.0	-0.785222	-0.61774	-0.0427076	0.0	2.5705400000000003	1.80225	2.0758900000000002	0.36141599999999996	
0	0.48183400000000004	0.8721200000000001	0.0851023	0.0	-0.1241	-0.0282241	0.9918680000000001	0.0	0.8674299999999999	-0.48847700000000005	0.0946307	0.0	-2.96523	1.89435	1.74239	0.349447	-0.622286	0.782648	0.0149279	0.0	0.030379400000000004	0.0432015	-0.998604	0.0	-0.782201	-0.6209640000000001	-0.0506603	0.0	2.57326	1.8431	2.08406	0.36132800000000004	
0	0.488799	0.8670180000000001	0.0967214	0.0	-0.131953	-0.0361164	0.990598	0.0	0.86236	-0.49696599999999996	0.096752	0.0	-2.95509	1.88327	1.7540900000000001	0.349406	-0.6273350000000001	0.778454	0.021431799999999997	0.0	0.029647500000000004	0.051374800000000005	-0.998239	0.0	-0.778185	-0.625595	-0.055308500000000003	0.0	2.57156	1.8557	2.09044	0.36126199999999997	
0	0.50051	0.8568209999999999	0.123884	0.0	-0.153177	-0.0531943	0.986766	0.0	0.8520719999999999	-0.512862	0.104621	0.0	-2.93313	1.8451799999999998	1.77233	0.34979699999999997	-0.634356	0.772059	0.0389519	0.0	0.0278423	0.07317339999999999	-0.9969309999999999	0.0	-0.77254	-0.631324	-0.067914	0.0	2.5766	1.88428	2.08902	0.361557	
0	0.499569	0.8563540000000001	0.130726	0.0	-0.162377	-0.0556621	0.985157	0.0	0.8509200000000001	-0.5133810000000001	0.11124500000000001	0.0	-2.90037	1.8339400000000001	1.77348	0.35039899999999996	-0.6312409999999999	0.773574	0.0558413	0.0	0.0232872	0.0908701	-0.995591	0.0	-0.775238	-0.627157	-0.0753754	0.0	2.5861	1.95714	2.09273	0.36181399999999997	
0	0.506513	0.850295	0.142979	0.0	-0.171147	-0.0633778	0.9832049999999999	0.0	0.845076	-0.5224770000000001	0.113424	0.0	-2.8843400000000003	1.8273400000000002	1.78082	0.350078	-0.628704	0.773277	0.082311	0.0	0.016031899999999998	0.11871199999999998	-0.992799	0.0	-0.7774800000000001	-0.622857	-0.0870321	0.0	2.59083	1.99545	2.0883	0.362242	
0	0.518163	0.84034	0.15917	0.0	-0.18212799999999998	-0.0734207	0.9805299999999999	0.0	0.835665	-0.537064	0.115006	0.0	-2.9001200000000003	1.81328	1.7843	0.349707	-0.630361	0.7689239999999999	0.106778	0.0	0.00981	0.145426	-0.9893209999999999	0.0	-0.7762399999999999	-0.622581	-0.09921410000000001	0.0	2.59479	2.03755	2.07701	0.36230500000000004	
0	0.5244979999999999	0.8348549999999999	0.16708800000000001	0.0	-0.18924100000000002	-0.07702769999999999	0.9789049999999999	0.0	0.8301139999999999	-0.545054	0.11758800000000001	0.0	-2.91103	1.7924099999999998	1.7882799999999999	0.34929299999999996	-0.6331829999999999	0.764	0.12403	0.0	0.00275597	0.162469	-0.9867100000000001	0.0	-0.773997	-0.624426	-0.104978	0.0	2.59539	2.0685	2.08054	0.362454	
0	0.545717	0.817801	0.182739	0.0	-0.199025	-0.08534019999999999	0.9762719999999999	0.0	0.813991	-0.569138	0.116191	0.0	-2.92403	1.7707099999999998	1.80755	0.348981	-0.6456109999999999	0.745505	0.16555799999999998	0.0	-0.010425799999999999	0.208168	-0.978038	0.0	-0.763596	-0.633157	-0.126623	0.0	2.591	2.14423	2.08793	0.362157	
0	0.5532239999999999	0.8121649999999999	0.185289	0.0	-0.198899	-0.08721219999999999	0.976132	0.0	0.8089390000000001	-0.576873	0.113291	0.0	-2.93718	1.7672700000000001	1.80818	0.348634	-0.647683	0.739708	0.182591	0.0	-0.016187899999999998	0.226235	-0.973938	0.0	-0.761738	-0.633759	-0.134554	0.0	2.5901400000000003	2.16385	2.08303	0.36231199999999997	
0	0.584539	0.7824220000000001	0.214779	0.0	-0.211366	-0.10872899999999999	0.97134	0.0	0.783351	-0.613183	0.10182100000000001	0.0	-2.9435599999999997	1.7561099999999998	1.8136299999999999	0.348274	-0.662954	0.71231	0.23044800000000001	0.0	-0.0363644	0.27681300000000003	-0.9602360000000001	0.0	-0.747777	-0.644972	-0.157611	0.0	2.55159	2.20669	2.09797	0.362076	
0	0.622355	0.737694	0.261689	0.0	-0.241362	-0.13717100000000002	0.960692	0.0	0.7445930000000001	-0.661053	0.0926822	0.0	-2.96408	1.71852	1.82361	0.34829899999999997	-0.683459	0.680107	0.26521500000000003	0.0	-0.052853	0.316258	-0.9472	0.0	-0.728073	-0.661389	-0.180204	0.0	2.52861	2.22234	2.09315	0.361962	
0	0.653075	0.6899430000000001	0.312204	0.0	-0.278254	-0.164806	0.946263	0.0	0.704321	-0.704853	0.0843487	0.0	-2.9673	1.6921099999999998	1.8316599999999998	0.348385	-0.689203	0.665982	0.285426	0.0	-0.0677294	0.332986	-0.9404959999999999	0.0	-0.721396	-0.667524	-0.18438800000000002	0.0	2.5158400000000003	2.22513	2.12315	0.36233200000000004	
0	0.68347	0.631939	0.365406	0.0	-0.315897	-0.195226	0.928491	0.0	0.658086	-0.750027	0.06619610000000001	0.0	-2.95506	1.6955900000000002	1.8387	0.348108	-0.707752	0.638617	0.302084	0.0	-0.0797995	0.352597	-0.932366	0.0	-0.701939	-0.68399	-0.19859000000000002	0.0	2.5001	2.23303	2.14037	0.362112	
0	0.704671	0.585066	0.401418	0.0	-0.340945	-0.216944	0.914709	0.0	0.622251	-0.7814300000000001	0.046601	0.0	-2.96049	1.70415	1.8251	0.347955	-0.724334	0.6085659999999999	0.324018	0.0	-0.0960365	0.376325	-0.9214969999999999	0.0	-0.682728	-0.698589	-0.214141	0.0	2.49741	2.23427	2.14697	0.362003	
0	0.724326	0.513783	0.45975900000000003	0.0	-0.37909499999999996	-0.260201	0.888022	0.0	0.5758800000000001	-0.8175100000000001	0.0063023	0.0	-3.01611	1.7715299999999998	1.7542	0.347706	-0.759605	0.531308	0.375118	0.0	-0.13358	0.437018	-0.8894780000000001	0.0	-0.63652	-0.7257600000000001	-0.26098899999999997	0.0	2.50734	2.2568900000000003	2.1762	0.361786	
0	0.72833	0.49917700000000004	0.469422	0.0	-0.384229	-0.269716	0.882962	0.0	0.567365	-0.8234530000000001	-0.00464449	0.0	-3.0234400000000003	1.8040900000000002	1.7464099999999998	0.34774099999999997	-0.772242	0.504228	0.38652	0.0	-0.144601	0.452917	-0.879748	0.0	-0.6186550000000001	-0.735269	-0.27685	0.0	2.4988599999999996	2.26894	2.1825900000000003	0.361702	
0	0.727925	0.492463	0.477079	0.0	-0.387151	-0.279059	0.8787719999999999	0.0	0.565896	-0.824382	-0.0124762	0.0	-3.03176	1.8435	1.7489299999999999	0.34743	-0.784044	0.45042	0.427079	0.0	-0.181705	0.491359	-0.851792	0.0	-0.593514	-0.745445	-0.30340300000000003	0.0	2.4539400000000002	2.27612	2.19571	0.361768	
0	0.729055	0.483154	0.484811	0.0	-0.391226	-0.287043	0.8743850000000001	0.0	0.561624	-0.827145	-0.020247799999999996	0.0	-3.02726	1.85032	1.7448099999999998	0.347729	-0.786775	0.43595500000000004	0.436953	0.0	-0.191884	0.5000859999999999	-0.844449	0.0	-0.5866560000000001	-0.748236	-0.309802	0.0	2.43511	2.28768	2.20454	0.361717	
0	0.7339439999999999	0.461512	0.49833	0.0	-0.39488	-0.307017	0.865916	0.0	0.5526260000000001	-0.8323149999999999	-0.043091199999999996	0.0	-3.0400099999999997	1.83666	1.67684	0.34785	-0.7893680000000001	0.416729	0.450817	0.0	-0.20213299999999998	0.516961	-0.831801	0.0	-0.5796899999999999	-0.747722	-0.323838	0.0	2.41882	2.28056	2.17021	0.36101700000000003	
0	0.737312	0.438345	0.514027	0.0	-0.405498	-0.32141	0.855726	0.0	0.540317	-0.839375	-0.0592316	0.0	-3.03729	1.7851599999999999	1.5931	0.347929	-0.792801	0.39625900000000003	0.463082	0.0	-0.22067399999999998	0.52162	-0.8241450000000001	0.0	-0.568128	-0.7555729999999999	-0.32609699999999997	0.0	2.40347	2.20145	2.09139	0.361143	
0	0.74098	0.415534	0.527523	0.0	-0.421525	-0.323701	0.847074	0.0	0.5227470000000001	-0.850029	-0.0646975	0.0	-3.0184599999999997	1.66315	1.50421	0.347551	-0.793093	0.390208	0.46769799999999995	0.0	-0.23494600000000002	0.5124489999999999	-0.825952	0.0	-0.5619649999999999	-0.76494	-0.314741	0.0	2.39121	2.14414	2.04493	0.360823	
0	0.741345	0.433568	0.5122760000000001	0.0	-0.419997	-0.295641	0.8580209999999999	0.0	0.52346	-0.851244	-0.037075	0.0	-3.0282400000000003	1.3350799999999998	1.2958399999999999	0.34818000000000005	-0.799347	0.38156599999999996	0.464167	0.0	-0.250391	0.490699	-0.834577	0.0	-0.5462130000000001	-0.7833399999999999	-0.296698	0.0	2.3178799999999997	1.94835	1.9145900000000002	0.361315	
0	0.741495	0.438787	0.5075930000000001	0.0	-0.41872200000000004	-0.288504	0.8610680000000001	0.0	0.5242680000000001	-0.851018	-0.0301942	0.0	-3.04122	1.21325	1.2135799999999999	0.348416	-0.801772	0.372837	0.46707	0.0	-0.26108200000000004	0.48449799999999993	-0.834924	0.0	-0.5375850000000001	-0.791362	-0.291116	0.0	2.2861700000000003	1.86388	1.8617700000000001	0.36146100000000003	
0	0.750027	0.43578599999999995	0.497543	0.0	-0.41903	-0.268939	0.8672290000000001	0.0	0.511735	-0.858931	-0.0191041	0.0	-3.01749	0.865358	0.945839	0.348057	-0.8132010000000001	0.35186799999999996	0.463566	0.0	-0.283715	0.455783	-0.8436629999999999	0.0	-0.5081439999999999	-0.817588	-0.270812	0.0	2.19632	1.52655	1.6169	0.361543	
0	0.755591	0.42951000000000006	0.49457399999999996	0.0	-0.424221	-0.254443	0.869077	0.0	0.499118	-0.866476	-0.0100479	0.0	-2.96599	0.584717	0.7360300000000001	0.347961	-0.820902	0.336445	0.46143900000000004	0.0	-0.298551	0.43596999999999997	-0.8489979999999999	0.0	-0.486814	-0.834707	-0.257443	0.0	2.15653	1.2402	1.4272200000000002	0.36143400000000003	
0	0.755931	0.427859	0.495485	0.0	-0.42705299999999996	-0.251367	0.8685860000000001	0.0	0.49618	-0.868189	-0.00729768	0.0	-2.96086	0.55491	0.7131970000000001	0.347526	-0.822521	0.332464	0.46143999999999996	0.0	-0.30358	0.429439	-0.850542	0.0	-0.48093500000000006	-0.839672	-0.252294	0.0	2.15461	1.19986	1.40109	0.361534	
0	0.772737	0.397675	0.494704	0.0	-0.436201	-0.23347199999999999	0.869034	0.0	0.461092	-0.887325	-0.00694673	0.0	-2.94441	0.202964	0.374407	0.346932	-0.830091	0.306483	0.465851	0.0	-0.326049	0.41096400000000005	-0.851352	0.0	-0.45237299999999997	-0.85859	-0.241209	0.0	2.096	0.783251	1.10499	0.36095	
0	0.7797069999999999	0.39154	0.488623	0.0	-0.43918900000000005	-0.21422	0.872481	0.0	0.446284	-0.8948780000000001	0.0049313000000000004	0.0	-2.9403	0.029206700000000002	0.21638000000000002	0.346468	-0.8297260000000001	0.30191999999999997	0.469467	0.0	-0.333057	0.40714	-0.850476	0.0	-0.44791499999999995	-0.862022	-0.237258	0.0	2.06613	0.622579	0.969224	0.360685	
0	0.781654	0.388917	0.48760600000000004	0.0	-0.44886499999999996	-0.19203699999999999	0.8727209999999999	0.0	0.433055	-0.9010360000000001	0.0244644	0.0	-2.9529400000000003	-0.159918	0.143129	0.34572600000000003	-0.829125	0.299781	0.471895	0.0	-0.336696	0.40608	-0.84955	0.0	-0.44630600000000004	-0.863268	-0.235756	0.0	2.04819	0.45947899999999997	0.830786	0.360168	
0	0.778645	0.393024	0.48912700000000003	0.0	-0.456816	-0.179324	0.8712989999999999	0.0	0.43015299999999995	-0.9018729999999999	0.039910400000000006	0.0	-2.94441	-0.315461	0.087677	0.34589899999999996	-0.8280370000000001	0.30111	0.472955	0.0	-0.341022	0.399091	-0.8511350000000001	0.0	-0.445037	-0.86606	-0.227777	0.0	2.00953	0.353736	0.754915	0.360533	
0	0.779666	0.393654	0.486987	0.0	-0.45665100000000003	-0.174709	0.872323	0.0	0.42847399999999997	-0.9025040000000001	0.043548	0.0	-2.92673	-0.369503	0.0716066	0.34563299999999997	-0.828616	0.302502	0.471049	0.0	-0.342472	0.39169899999999996	-0.853982	0.0	-0.442841	-0.868944	-0.220969	0.0	1.99322	0.295274	0.743895	0.360514	
0	0.77577	0.401589	0.48673	0.0	-0.45824	-0.171758	0.872075	0.0	0.433816	-0.8995700000000001	0.0507792	0.0	-2.86468	-0.411691	0.07337389999999999	0.345719	-0.827376	0.307623	0.469912	0.0	-0.343896	0.384017	-0.856894	0.0	-0.444054	-0.870574	-0.211936	0.0	1.97491	0.224177	0.766659	0.360562	
0	0.77294	0.412733	0.48188800000000004	0.0	-0.45583599999999996	-0.16706500000000002	0.874244	0.0	0.44133500000000003	-0.8954	0.05900740000000001	0.0	-2.85298	-0.42285200000000006	0.0692179	0.345652	-0.827044	0.313271	0.466754	0.0	-0.34161199999999997	0.379323	-0.859893	0.0	-0.44643	-0.870618	-0.2067	0.0	1.9701	0.220554	0.786561	0.36092199999999997	
0	0.7724810000000001	0.414146	0.48141000000000006	0.0	-0.455687	-0.16649	0.874432	0.0	0.442292	-0.894854	0.0601106	0.0	-2.85239	-0.423045	0.0681115	0.34566399999999997	-0.827001	0.314332	0.466117	0.0	-0.340889	0.378929	-0.860353	0.0	-0.447062	-0.8704069999999999	-0.206222	0.0	1.96954	0.22146500000000002	0.788976	0.360969	
0	0.7724810000000001	0.414146	0.48141000000000006	0.0	-0.455687	-0.16649	0.874432	0.0	0.442292	-0.894854	0.0601106	0.0	-2.85239	-0.423044	0.06811289999999999	0.34566399999999997	-0.827001	0.314332	0.466117	0.0	-0.34089	0.378929	-0.860353	0.0	-0.447062	-0.8704069999999999	-0.206222	0.0	1.96954	0.22146500000000002	0.788971	0.360968	
0	0.7724810000000001	0.414146	0.48141000000000006	0.0	-0.455687	-0.16649	0.874432	0.0	0.442292	-0.894854	0.0601106	0.0	-2.85239	-0.423044	0.0681125	0.34566399999999997	-0.827001	0.314332	0.466117	0.0	-0.34089	0.378929	-0.860353	0.0	-0.447061	-0.8704069999999999	-0.206222	0.0	1.96954	0.221466	0.788971	0.360968	
0	0.7724810000000001	0.414146	0.48141000000000006	0.0	-0.455687	-0.16649	0.874432	0.0	0.442292	-0.894854	0.0601106	0.0	-2.85239	-0.423044	0.0681125	0.34566399999999997	-0.827001	0.314332	0.466117	0.0	-0.34089	0.378929	-0.860353	0.0	-0.447061	-0.8704069999999999	-0.206222	0.0	1.96954	0.22146500000000002	0.788971	0.360968	
0	0.7724810000000001	0.414146	0.48141000000000006	0.0	-0.455687	-0.16649	0.874432	0.0	0.442292	-0.894854	0.0601106	0.0	-2.85239	-0.423044	0.06811239999999999	0.34566399999999997	-0.827001	0.314332	0.466117	0.0	-0.34089	0.378929	-0.860353	0.0	-0.447061	-0.8704069999999999	-0.206222	0.0	1.96954	0.22146500000000002	0.788971	0.360968	
0	0.7724810000000001	0.414146	0.48141000000000006	0.0	-0.455687	-0.16649	0.874432	0.0	0.442292	-0.894854	0.0601106	0.0	-2.85239	-0.423044	0.0681123	0.34566399999999997	-0.827001	0.314332	0.466117	0.0	-0.34089	0.378929	-0.860353	0.0	-0.447061	-0.8704069999999999	-0.206222	0.0	1.96954	0.22146500000000002	0.788971	0.360968	
0	0.7724810000000001	0.414146	0.48141000000000006	0.0	-0.455687	-0.16649	0.874432	0.0	0.442292	-0.894854	0.0601106	0.0	-2.85239	-0.423044	0.06811239999999999	0.34566399999999997	-0.827001	0.314332	0.466117	0.0	-0.34089	0.378929	-0.860353	0.0	-0.447061	-0.8704069999999999	-0.206222	0.0	1.96954	0.22146500000000002	0.788971	0.360968	
0	0.7724810000000001	0.414146	0.48141000000000006	0.0	-0.455687	-0.16649	0.874432	0.0	0.442292	-0.894854	0.0601106	0.0	-2.85239	-0.423044	0.0681125	0.34566399999999997	-0.827001	0.314332	0.466117	0.0	-0.34089	0.378929	-0.860353	0.0	-0.447061	-0.8704069999999999	-0.206222	0.0	1.96954	0.221464	0.788971	0.360968	
0	0.7724810000000001	0.414146	0.48141000000000006	0.0	-0.455687	-0.16649	0.874432	0.0	0.442292	-0.894854	0.0601106	0.0	-2.85239	-0.423044	0.06811260000000001	0.34566399999999997	-0.827001	0.314332	0.466117	0.0	-0.34089	0.378929	-0.860353	0.0	-0.447061	-0.8704069999999999	-0.206222	0.0	1.96954	0.22146500000000002	0.788971	0.360968	
0	0.7724810000000001	0.414146	0.48141000000000006	0.0	-0.455687	-0.16649	0.874432	0.0	0.442292	-0.894854	0.0601106	0.0	-2.85239	-0.423045	0.06811289999999999	0.34566399999999997	-0.827001	0.314332	0.466117	0.0	-0.34089	0.378929	-0.860353	0.0	-0.447061	-0.8704069999999999	-0.206222	0.0	1.96954	0.22146500000000002	0.788971	0.360968	
0	0.7724810000000001	0.414146	0.48141000000000006	0.0	-0.455687	-0.16649	0.874432	0.0	0.442292	-0.894854	0.0601106	0.0	-2.85239	-0.423045	0.06811299999999999	0.34566399999999997	-0.827001	0.314332	0.466117	0.0	-0.34089	0.378929	-0.860353	0.0	-0.447061	-0.8704069999999999	-0.206222	0.0	1.96954	0.22146500000000002	0.788971	0.360968	
0	0.7724810000000001	0.414146	0.48141000000000006	0.0	-0.455687	-0.16649	0.874432	0.0	0.442292	-0.894854	0.0601106	0.0	-2.85239	-0.423045	0.0681127	0.34566399999999997	-0.827001	0.314332	0.466117	0.0	-0.34089	0.378929	-0.860353	0.0	-0.447061	-0.8704069999999999	-0.206222	0.0	1.96954	0.221466	0.788972	0.360968	
0	0.7724810000000001	0.414146	0.48141000000000006	0.0	-0.455687	-0.16649	0.874432	0.0	0.442292	-0.894854	0.0601106	0.0	-2.85239	-0.423044	0.0681125	0.34566399999999997	-0.827001	0.314332	0.466117	0.0	-0.34089	0.378929	-0.860353	0.0	-0.447061	-0.8704069999999999	-0.206222	0.0	1.96954	0.22146500000000002	0.788971	0.360968	
0	0.7724810000000001	0.414146	0.48141000000000006	0.0	-0.455687	-0.16649	0.874432	0.0	0.442292	-0.894854	0.0601106	0.0	-2.85239	-0.423044	0.0681125	0.34566399999999997	-0.827001	0.314332	0.466117	0.0	-0.34089	0.378929	-0.860353	0.0	-0.447061	-0.8704069999999999	-0.206222	0.0	1.96954	0.22146500000000002	0.788971	0.360968	
0	0.7724810000000001	0.414146	0.48141000000000006	0.0	-0.455687	-0.16649	0.874432	0.0	0.442292	-0.894854	0.0601106	0.0	-2.85239	-0.423045	0.06811289999999999	0.34566399999999997	-0.827001	0.314332	0.466117	0.0	-0.34089	0.378929	-0.860353	0.0	-0.447061	-0.8704069999999999	-0.206222	0.0	1.96954	0.221466	0.788971	0.360968	
0	0.796032	0.423455	0.432458	0.0	-0.313986	-0.321925	0.893184	0.0	0.517442	-0.8467879999999999	-0.123304	0.0	-2.80252	-0.494807	-0.0160776	0.346412	-0.7664770000000001	0.49634700000000004	0.407618	0.0	-0.10143300000000001	0.53314	-0.839925	0.0	-0.634211	-0.685129	-0.358294	0.0	1.95911	0.150454	0.808703	0.36190500000000003	
0	0.794265	0.425134	0.43405600000000005	0.0	-0.322203	-0.310948	0.8941459999999999	0.0	0.515101	-0.850043	-0.10999500000000001	0.0	-2.78999	-0.556089	-0.0371384	0.34621799999999997	-0.7660399999999999	0.49570600000000004	0.40921799999999997	0.0	-0.10453499999999999	0.532077	-0.840218	0.0	-0.634236	-0.6864180000000001	-0.355774	0.0	1.9599	0.140735	0.797983	0.36188200000000004	
0	0.795085	0.416074	0.441274	0.0	-0.344413	-0.289136	0.893185	0.0	0.49921899999999997	-0.862139	-0.0865864	0.0	-2.75926	-0.6977760000000001	-0.0977942	0.346501	-0.765037	0.49678199999999995	0.409789	0.0	-0.104717	0.531898	-0.840309	0.0	-0.635416	-0.685779	-0.3549	0.0	1.9633099999999999	0.130524	0.769786	0.361896	
0	0.798987	0.398943	0.44996	0.0	-0.37244299999999997	-0.25917399999999996	0.8911309999999999	0.0	0.472128	-0.8795870000000001	-0.05849360000000001	0.0	-2.7669599999999996	-0.878394	-0.168235	0.346308	-0.766044	0.49750600000000006	0.407019	0.0	-0.10601500000000001	0.526749	-0.843384	0.0	-0.633985	-0.6892189999999999	-0.35076999999999997	0.0	1.96043	0.10141599999999999	0.746502	0.36183200000000004	
0	0.804918	0.371517	0.46269099999999996	0.0	-0.398812	-0.23866700000000002	0.8854299999999999	0.0	0.439381	-0.897225	-0.0439421	0.0	-2.79975	-1.0637	-0.253772	0.347011	-0.763698	0.500642	0.407582	0.0	-0.108482	0.5228510000000001	-0.845493	0.0	-0.636394	-0.689916	-0.344989	0.0	1.95545	0.07306389999999999	0.732959	0.361927	
0	0.808268	0.35417600000000005	0.47038599999999997	0.0	-0.414914	-0.224244	0.8817950000000001	0.0	0.417792	-0.9078950000000001	-0.0342962	0.0	-2.8268299999999997	-1.17413	-0.322737	0.347215	-0.763138	0.502753	0.40603	0.0	-0.109332	0.518799	-0.8478760000000001	0.0	-0.636921	-0.691438	-0.34094800000000003	0.0	1.9447900000000002	0.0622155	0.729364	0.362021	
0	0.814729	0.311847	0.488843	0.0	-0.454111	-0.181069	0.872352	0.0	0.360554	-0.9327200000000001	-0.00590883	0.0	-2.89171	-1.4489299999999998	-0.453132	0.347495	-0.7615729999999999	0.504988	0.406196	0.0	-0.110043	0.5169050000000001	-0.848941	0.0	-0.6386689999999999	-0.691229	-0.33809	0.0	1.92724	0.052364999999999995	0.716446	0.362259	
0	0.813359	0.301648	0.49744799999999995	0.0	-0.471765	-0.158351	0.8673879999999999	0.0	0.340417	-0.940177	0.0135111	0.0	-2.9302599999999996	-1.5821100000000001	-0.520844	0.347538	-0.761256	0.505696	0.405907	0.0	-0.11000499999999999	0.51618	-0.8493860000000001	0.0	-0.639053	-0.6912520000000001	-0.337316	0.0	1.9245299999999999	0.04752990000000001	0.702329	0.362207	
0	0.8168300000000001	0.27813499999999997	0.505401	0.0	-0.48821000000000003	-0.133416	0.862468	0.0	0.307311	-0.9512309999999999	0.0268098	0.0	-2.97388	-1.7457900000000002	-0.6164430000000001	0.34787399999999996	-0.76052	0.506282	0.406556	0.0	-0.110849	0.5157069999999999	-0.849564	0.0	-0.639782	-0.691177	-0.33608499999999997	0.0	1.9195	0.039617400000000004	0.682158	0.362153	
0	0.816293	0.271523	0.509845	0.0	-0.496525	-0.121207	0.859518	0.0	0.29517600000000005	-0.9547690000000001	0.0358775	0.0	-2.99871	-1.82265	-0.6778430000000001	0.347521	-0.758732	0.50738	0.408522	0.0	-0.11138499999999998	0.516854	-0.8487969999999999	0.0	-0.641809	-0.689513	-0.33563899999999997	0.0	1.91431	0.036169	0.676565	0.362128	
0	0.815171	0.265069	0.5150100000000001	0.0	-0.5034	-0.11559100000000001	0.8562870000000001	0.0	0.286506	-0.957276	0.0392089	0.0	-3.0150099999999997	-1.8738099999999998	-0.726549	0.347828	-0.757772	0.507925	0.40962600000000005	0.0	-0.111569	0.517663	-0.8482790000000001	0.0	-0.642911	-0.688504	-0.335602	0.0	1.90514	0.032986699999999994	0.672258	0.362077	
0	0.807579	0.249487	0.5343899999999999	0.0	-0.527267	-0.100501	0.843735	0.0	0.264208	-0.963149	0.0503838	0.0	-3.02504	-2.14272	-0.952873	0.347648	-0.7550399999999999	0.5096470000000001	0.412524	0.0	-0.114809	0.5166729999999999	-0.84845	0.0	-0.64555	-0.687975	-0.331597	0.0	1.8767099999999999	0.00883112	0.651162	0.361871	
0	0.804688	0.24728899999999998	0.5397460000000001	0.0	-0.531754	-0.10411500000000001	0.840475	0.0	0.264036	-0.963332	0.0477163	0.0	-3.0265400000000002	-2.2038599999999997	-1.0262799999999999	0.347665	-0.754912	0.509698	0.41269300000000003	0.0	-0.115682	0.5159159999999999	-0.848792	0.0	-0.645543	-0.688505	-0.33050799999999997	0.0	1.87133	-0.00498893	0.651654	0.361904	
0	0.805773	0.246088	0.538674	0.0	-0.532488	-0.09704760000000001	0.8408549999999999	0.0	0.259201	-0.964377	0.052840599999999995	0.0	-3.02835	-2.3701	-1.2182899999999999	0.347628	-0.754512	0.509562	0.41359300000000004	0.0	-0.119129	0.513393	-0.8498450000000001	0.0	-0.6453840000000001	-0.690488	-0.32665700000000003	0.0	1.85785	-0.0388545	0.662481	0.361913	
0	0.800896	0.252255	0.543078	0.0	-0.539529	-0.0894359	0.8372040000000001	0.0	0.259759	-0.963519	0.06446990000000001	0.0	-3.00339	-2.49768	-1.3263	0.347756	-0.755058	0.509163	0.413087	0.0	-0.11998800000000001	0.512089	-0.85051	0.0	-0.644586	-0.69175	-0.32556399999999996	0.0	1.8570200000000001	-0.043082300000000004	0.662334	0.36178499999999997	
0	0.80335	0.249987	0.540495	0.0	-0.539647	-0.07818760000000001	0.838253	0.0	0.251813	-0.965087	0.0720928	0.0	-3.00363	-2.5675	-1.3572799999999998	0.34787199999999996	-0.755216	0.508632	0.41345200000000004	0.0	-0.120526	0.512255	-0.850334	0.0	-0.6443	-0.692018	-0.325559	0.0	1.8569099999999998	-0.0441799	0.660441	0.361975	
0	0.8078930000000001	0.24541500000000002	0.5358	0.0	-0.54268	-0.0447175	0.838749	0.0	0.22980100000000003	-0.9683860000000001	0.0970548	0.0	-3.00881	-2.78891	-1.44145	0.34715300000000004	-0.754652	0.510421	0.41227600000000003	0.0	-0.119848	0.510544	-0.851458	0.0	-0.645087	-0.6919649999999999	-0.32411	0.0	1.86245	-0.0459851	0.6607069999999999	0.36206	
0	0.810305	0.244187	0.532709	0.0	-0.542556	-0.0309089	0.8394510000000001	0.0	0.221448	-0.9692350000000001	0.107439	0.0	-3.01024	-2.8564700000000003	-1.4489100000000001	0.34720100000000004	-0.753925	0.510833	0.413095	0.0	-0.120314	0.5108010000000001	-0.8512379999999999	0.0	-0.64585	-0.6914710000000001	-0.323646	0.0	1.86242	-0.0443338	0.659103	0.362006	
0	0.813008	0.245824	0.5278149999999999	0.0	-0.545415	0.00421336	0.8381559999999999	0.0	0.203815	-0.969305	0.13750199999999999	0.0	-3.05744	-3.04337	-1.49965	0.347379	-0.7549140000000001	0.509182	0.413326	0.0	-0.120528	0.511788	-0.850615	0.0	-0.644654	-0.691958	-0.32498499999999997	0.0	1.8596400000000002	-0.0408131	0.656526	0.362041	
0	0.814036	0.243984	0.527083	0.0	-0.544551	0.0049728	0.8387129999999999	0.0	0.202012	-0.969766	0.13691	0.0	-3.05875	-3.05416	-1.50419	0.347986	-0.754834	0.509223	0.41342299999999993	0.0	-0.12065799999999999	0.511742	-0.8506239999999999	0.0	-0.644724	-0.691962	-0.324839	0.0	1.86058	-0.040138	0.654953	0.36199699999999996	
0	0.813789	0.23701599999999998	0.530633	0.0	-0.5509430000000001	0.0240436	0.834197	0.0	0.18495899999999998	-0.971208	0.150149	0.0	-3.08304	-3.16739	-1.52055	0.34765300000000005	-0.754948	0.509653	0.412684	0.0	-0.120146	0.511153	-0.851051	0.0	-0.6446850000000001	-0.6920810000000001	-0.32466100000000003	0.0	1.86448	-0.050506	0.656089	0.362002	
0	0.8190310000000001	0.22484099999999999	0.527859	0.0	-0.547826	0.0330402	0.835939	0.0	0.170513	-0.973835	0.15023499999999998	0.0	-3.0942	-3.2361	-1.55185	0.347644	-0.754346	0.511362	0.41166899999999995	0.0	-0.11926800000000001	0.509898	-0.851927	0.0	-0.645552	-0.691746	-0.323651	0.0	1.86388	-0.049035300000000004	0.664234	0.36213	
0	0.819125	0.22229699999999997	0.5287890000000001	0.0	-0.547868	0.0301096	0.836023	0.0	0.169923	-0.974514	0.146453	0.0	-3.16062	-3.33	-1.6846599999999998	0.348123	-0.7545930000000001	0.5091399999999999	0.413962	0.0	-0.120081	0.513059	-0.8499120000000001	0.0	-0.645112	-0.6910470000000001	-0.326013	0.0	1.86139	-0.05551319999999999	0.663131	0.362019	
0	0.818713	0.21835500000000002	0.531064	0.0	-0.548744	0.025195099999999998	0.8356110000000001	0.0	0.16908	-0.9755440000000001	0.140449	0.0	-3.18304	-3.36236	-1.73754	0.348557	-0.753984	0.509777	0.414289	0.0	-0.119976	0.513204	-0.8498399999999999	0.0	-0.645844	-0.69047	-0.325787	0.0	1.8618700000000001	-0.05559730000000001	0.659609	0.361796	
0	0.8148	0.21749699999999997	0.537397	0.0	-0.552744	0.0118667	0.833267	0.0	0.17485599999999998	-0.975989	0.129889	0.0	-3.14909	-3.4049699999999996	-1.80095	0.353204	-0.752141	0.513847	0.41260699999999995	0.0	-0.117301	0.51172	-0.851107	0.0	-0.648478	-0.688552	-0.32461100000000004	0.0	1.8600900000000002	-0.0568727	0.653824	0.361825	
0	0.812783	0.21865199999999999	0.539977	0.0	-0.554602	0.00669047	0.832089	0.0	0.178325	-0.97578	0.126703	0.0	-3.1246	-3.4153	-1.83621	0.352526	-0.750225	0.516521	0.41275600000000007	0.0	-0.11686500000000001	0.51085	-0.8516889999999999	0.0	-0.650772	-0.687196	-0.32289	0.0	1.8479400000000001	-0.0589604	0.654392	0.361767	
0	0.80748	0.224346	0.545569	0.0	-0.559974	0.0007038410000000001	0.8285100000000001	0.0	0.18548900000000001	-0.9745090000000001	0.126196	0.0	-3.1336	-3.42021	-1.8365200000000002	0.350476	-0.748218	0.519935	0.412113	0.0	-0.117096	0.5079229999999999	-0.8534069999999999	0.0	-0.653038	-0.686791	-0.319155	0.0	1.82466	-0.046155400000000006	0.702067	0.362058	
0	0.805213	0.22835999999999998	0.547251	0.0	-0.562005	-0.000506148	0.827134	0.0	0.189161	-0.973577	0.127932	0.0	-3.13683	-3.4212800000000003	-1.8393400000000002	0.34939699999999996	-0.7499170000000001	0.5169560000000001	0.41277299999999995	0.0	-0.11843	0.508973	-0.8525959999999999	0.0	-0.650845	-0.688261	-0.320465	0.0	1.8240299999999998	-0.0434504	0.7077180000000001	0.36192199999999997	
0	0.803171	0.22751100000000002	0.550596	0.0	-0.564675	-0.00386119	0.825304	0.0	0.189892	-0.9737680000000001	0.125369	0.0	-3.13733	-3.4283300000000003	-1.83687	0.350038	-0.751501	0.515552	0.411646	0.0	-0.118157	0.5086930000000001	-0.8528020000000001	0.0	-0.649065	-0.68952	-0.321367	0.0	1.8248900000000001	-0.044014599999999994	0.7115630000000001	0.361786	
0	0.800801	0.227735	0.553945	0.0	-0.567778	-0.00574966	0.8231620000000001	0.0	0.190647	-0.973706	0.124699	0.0	-3.13502	-3.47525	-1.8339400000000001	0.350769	-0.751483	0.5167930000000001	0.41012	0.0	-0.117708	0.506632	-0.854089	0.0	-0.6491680000000001	-0.6901079999999999	-0.319895	0.0	1.8276400000000002	-0.044580699999999994	0.713096	0.36189299999999996	
0	0.8007479999999999	0.229479	0.553301	0.0	-0.567318	-0.00589462	0.823478	0.0	0.192232	-0.9732959999999999	0.125467	0.0	-3.12975	-3.51039	-1.8328	0.35082800000000003	-0.7514810000000001	0.516977	0.40989200000000003	0.0	-0.117395	0.5065850000000001	-0.85416	0.0	-0.649226	-0.690005	-0.319999	0.0	1.8287099999999998	-0.039007599999999996	0.717158	0.36198	
0	0.7990109999999999	0.2383	0.552082	0.0	-0.568321	-0.0006767810000000001	0.822807	0.0	0.196448	-0.971192	0.13489	0.0	-3.12529	-3.53665	-1.8335700000000001	0.34888800000000003	-0.751319	0.5167229999999999	0.410509	0.0	-0.118131	0.506691	-0.8539959999999999	0.0	-0.649281	-0.690117	-0.319646	0.0	1.8278	-0.039550199999999994	0.725351	0.36183899999999997	
0	0.796013	0.250917	0.550821	0.0	-0.573481	0.0215683	0.8189350000000001	0.0	0.193604	-0.9677680000000001	0.161065	0.0	-3.0664700000000003	-3.5897099999999997	-1.86399	0.313598	-0.751089	0.51789	0.409458	0.0	-0.116626	0.506367	-0.8543950000000001	0.0	-0.6498189999999999	-0.68948	-0.319927	0.0	1.8360299999999998	-0.0410024	0.723483	0.361614	
0	0.795237	0.251373	0.551733	0.0	-0.583333	0.0691354	0.809285	0.0	0.16528800000000002	-0.965418	0.20161300000000001	0.0	-2.9891099999999997	-3.5973	-1.8994400000000002	0.136505	-0.749158	0.521688	0.408172	0.0	-0.11408099999999999	0.505384	-0.8553200000000001	0.0	-0.6524939999999999	-0.687334	-0.319098	0.0	1.8507900000000002	-0.043805000000000004	0.7200340000000001	0.361734	
0	0.80119	0.24485900000000002	0.546021	0.0	-0.575362	0.06440900000000001	0.8153590000000001	0.0	0.16448	-0.967417	0.192487	0.0	-2.9866200000000003	-3.59219	-1.8969999999999998	0.13485899999999998	-0.7490359999999999	0.521496	0.408642	0.0	-0.11454	0.5055729999999999	-0.8551469999999999	0.0	-0.652554	-0.687341	-0.31895999999999997	0.0	1.85231	-0.042435	0.721331	0.361703	
0	0.8001590000000001	0.24762199999999998	0.546287	0.0	-0.576266	0.0648227	0.8146869999999999	0.0	0.166323	-0.966686	0.19456500000000002	0.0	-2.9858	-3.59116	-1.89655	0.13486900000000002	-0.748983	0.520767	0.409666	0.0	-0.114523	0.507229	-0.854168	0.0	-0.652617	-0.686673	-0.320266	0.0	1.85222	-0.051168599999999995	0.714835	0.361505	
0	0.802859	0.244761	0.543608	0.0	-0.57219	0.060354	0.817897	0.0	0.167381	-0.9677030000000001	0.188506	0.0	-2.9651400000000003	-3.58509	-1.8758700000000001	0.13417300000000001	-0.748627	0.520881	0.410171	0.0	-0.11473199999999999	0.50755	-0.853949	0.0	-0.652989	-0.686349	-0.320205	0.0	1.85248	-0.0534423	0.70707	0.361716	
0	0.805829	0.246879	0.538229	0.0	-0.568904	0.0706103	0.819367	0.0	0.16427999999999998	-0.96647	0.19735	0.0	-2.93567	-3.57953	-1.8583599999999998	0.134271	-0.74905	0.520912	0.40936	0.0	-0.114272	0.5070439999999999	-0.8543120000000001	0.0	-0.6525850000000001	-0.6867	-0.320276	0.0	1.8540400000000001	-0.052688099999999995	0.694358	0.361771	
