0	-0.0941346	0.9406120000000001	-0.32617199999999996	0.0	-0.0826523	0.319112	0.944106	0.0	0.992123	0.11583199999999999	0.047704199999999995	0.0	-2.70033	1.8234700000000001	1.2537	0.0	-0.186829	0.9305209999999999	-0.314999	0.0	0.311862	-0.24788200000000002	-0.917222	0.0	-0.931578	-0.2696	-0.243883	0.0	2.7044	1.9528299999999998	1.48576	-2.55932e-05	
0	-0.101222	0.934473	-0.341343	0.0	-0.123802	0.328606	0.936318	0.0	0.987131	0.137035	0.08242739999999998	0.0	-2.63763	1.73702	1.2105299999999999	0.0	-0.17768699999999998	0.9277190000000001	-0.328277	0.0	0.308263	-0.264324	-0.913842	0.0	-0.9345600000000001	-0.263573	-0.23901399999999998	0.0	2.7358	1.90677	1.37768	0.0	
0	-0.209883	0.872936	-0.44037600000000005	0.0	-0.144322	0.417814	0.8969959999999999	0.0	0.967016	0.251821	0.0382918	0.0	-2.48521	1.77856	1.15595	0.0	-0.131466	0.9327200000000001	-0.335783	0.0	0.285869	-0.288664	-0.9137569999999999	0.0	-0.9492079999999999	-0.21611799999999998	-0.228686	0.0	2.6773599999999997	1.8881400000000002	1.31128	0.170207	
0	-0.311544	0.800689	-0.5117	0.0	-0.162626	0.48562799999999995	0.8589049999999999	0.0	0.936212	0.35080300000000003	-0.021081400000000004	0.0	-2.47517	1.99622	1.03884	0.289839	-0.137851	0.9344309999999999	-0.328385	0.0	0.29934	-0.27674	-0.9131319999999999	0.0	-0.9441360000000001	-0.224175	-0.241564	0.0	2.62744	1.9138400000000002	1.3023799999999999	0.362835	
0	-0.423625	0.72378	-0.5446880000000001	0.0	-0.23409000000000002	0.493411	0.8377040000000001	0.0	0.8750680000000001	0.482378	-0.0395913	0.0	-2.383	2.32734	0.959644	0.29478200000000004	-0.135311	0.927499	-0.348477	0.0	0.295724	-0.297875	-0.907644	0.0	-0.945642	-0.225867	-0.23397800000000002	0.0	2.58555	1.9186599999999998	1.34099	0.36283699999999997	
0	-0.5550510000000001	0.583002	-0.5933189999999999	0.0	-0.203438	0.596476	0.776421	0.0	0.806555	0.551657	-0.21247	0.0	-2.46368	2.64126	0.87215	0.267486	-0.13609000000000002	0.922214	-0.361939	0.0	0.288197	-0.312686	-0.9050799999999999	0.0	-0.947851	-0.22748200000000002	-0.22322600000000004	0.0	2.5754599999999996	1.9121599999999999	1.40323	0.362886	
0	-0.629849	0.426548	-0.649112	0.0	-0.228751	0.696778	0.679833	0.0	0.742269	0.576678	-0.341292	0.0	-2.58271	2.9353	0.815159	0.132416	-0.133099	0.9179620000000001	-0.373673	0.0	0.287479	-0.325061	-0.9009389999999999	0.0	-0.9484940000000001	-0.22733699999999998	-0.220629	0.0	2.58529	1.89583	1.47634	0.3629	
0	-0.6399560000000001	0.365734	-0.6757920000000001	0.0	-0.24309299999999998	0.7379359999999999	0.629568	0.0	0.728946	0.567176	-0.383339	0.0	-2.65802	3.02267	0.874534	0.00390887	-0.132649	0.917852	-0.374102	0.0	0.281262	-0.32706399999999997	-0.902176	0.0	-0.950419	-0.22489299999999998	-0.214772	0.0	2.57513	1.88031	1.50575	0.363367	
0	-0.638961	0.39184	-0.66196	0.0	-0.22355300000000003	0.728809	0.647196	0.0	0.736039	0.561516	-0.378083	0.0	-2.7252400000000003	3.03736	0.9077360000000001	-0.00662947	-0.13264700000000001	0.919291	-0.370552	0.0	0.276571	-0.324677	-0.904485	0.0	-0.9517950000000001	-0.22246100000000002	-0.211182	0.0	2.56301	1.8766	1.51226	0.363419	
0	-0.607824	0.460633	-0.646813	0.0	-0.19678900000000002	0.701763	0.684692	0.0	0.769301	0.543458	-0.335901	0.0	-2.8323099999999997	3.02278	0.9155719999999999	0.0752572	-0.148628	0.9206709999999999	-0.360935	0.0	0.2716	-0.312948	-0.910108	0.0	-0.9508639999999999	-0.233298	-0.203541	0.0	2.5460700000000003	1.8649200000000001	1.50289	0.363792	
0	-0.439247	0.703725	-0.5584210000000001	0.0	-0.05715409999999999	0.598446	0.799122	0.0	0.896547	0.382927	-0.22264499999999998	0.0	-2.8438	2.89331	0.97382	0.31619400000000003	-0.172351	0.919349	-0.353684	0.0	0.26453000000000004	-0.302669	-0.91565	0.0	-0.948852	-0.251373	-0.19103	0.0	2.50406	1.8308200000000001	1.49092	0.363976	
0	-0.0981278	0.9219069999999999	-0.374778	0.0	0.07956360000000001	0.382657	0.920458	0.0	0.9919879999999999	0.0605038	-0.1109	0.0	-2.72763	2.4426	1.2066299999999999	0.34829699999999997	-0.224423	0.913485	-0.33938	0.0	0.255658	-0.280873	-0.925067	0.0	-0.940358	-0.294371	-0.170505	0.0	2.42049	1.77374	1.48786	0.363962	
0	0.23165500000000003	0.960866	-0.151895	0.0	0.0740956	0.138261	0.98762	0.0	0.969972	-0.240042	-0.0391672	0.0	-2.53635	1.89727	1.44534	0.350633	-0.338018	0.8988950000000001	-0.278803	0.0	0.227161	-0.209556	-0.951044	0.0	-0.913314	-0.384803	-0.13335999999999998	0.0	2.3364599999999998	1.70082	1.53312	0.363823	
0	0.516559	0.853872	0.0637946	0.0	-0.041095599999999996	-0.049695300000000005	0.997919	0.0	0.8552649999999999	-0.5181060000000001	0.00941978	0.0	-2.47817	1.41206	1.56083	0.35203	-0.525101	0.8402120000000001	-0.135323	0.0	0.161947	-0.0574516	-0.9851260000000001	0.0	-0.8354889999999999	-0.5392060000000001	-0.105902	0.0	2.22894	1.5159200000000002	1.55924	0.363938	
0	0.62379	0.7603489999999999	0.18098499999999998	0.0	-0.14214200000000002	-0.11733699999999998	0.982867	0.0	0.768558	-0.638828	0.0348839	0.0	-2.43472	1.0586799999999998	1.58633	0.35288400000000003	-0.646612	0.761558	-0.0438487	0.0	0.0788616	0.00956297	-0.99684	0.0	-0.758732	-0.648027	-0.06624119999999999	0.0	2.1389299999999998	1.2603600000000001	1.53365	0.363982	
0	0.712217	0.636343	0.29633699999999996	0.0	-0.250064	-0.16446	0.95416	0.0	0.655908	-0.753671	0.041995	0.0	-2.39023	0.521821	1.53088	0.354112	-0.744571	0.663672	0.07179429999999999	0.0	-0.00981101	0.09665850000000001	-0.9952690000000001	0.0	-0.6674720000000001	-0.741753	-0.0654581	0.0	1.9933400000000001	0.851427	1.3670799999999999	0.364072	
0	0.748609	0.565303	0.346435	0.0	-0.298649	-0.17899400000000001	0.937427	0.0	0.5919399999999999	-0.805229	0.0348305	0.0	-2.35723	0.16148800000000002	1.39248	0.355538	-0.791712	0.594314	0.14135999999999999	0.0	-0.0606941	0.153729	-0.986247	0.0	-0.6078720000000001	-0.789404	-0.0856382	0.0	1.9099099999999998	0.566716	1.1845	0.36398400000000003	
0	0.775463	0.507073	0.376212	0.0	-0.31992600000000004	-0.198133	0.926494	0.0	0.5443399999999999	-0.8388209999999999	0.008581	0.0	-2.36488	-0.176839	1.17254	0.35477	-0.806704	0.5629069999999999	0.179902	0.0	-0.089676	0.184294	-0.978772	0.0	-0.584112	-0.805712	-0.09819169999999999	0.0	1.8227900000000001	0.28532199999999996	1.01734	0.36398400000000003	
0	0.788801	0.474463	0.39074000000000003	0.0	-0.33629699999999996	-0.19897	0.9204969999999999	0.0	0.514487	-0.8574940000000001	0.00261231	0.0	-2.33969	-0.44937200000000005	0.9831059999999999	0.354214	-0.81611	0.5459430000000001	0.1895	0.0	-0.0996968	0.18999000000000002	-0.9767110000000001	0.0	-0.569232	-0.815996	-0.100624	0.0	1.7476200000000002	0.0579334	0.85867	0.364002	
0	0.795177	0.46258699999999997	0.392056	0.0	-0.337946	-0.198754	0.91994	0.0	0.503474	-0.864008	-0.0017153	0.0	-2.32553	-0.643694	0.817455	0.353504	-0.820846	0.54161	0.1813	0.0	-0.100604	0.175359	-0.979351	0.0	-0.5622189999999999	-0.8221360000000001	-0.0894544	0.0	1.68713	-0.134328	0.732843	0.363958	
0	0.795153	0.46245	0.392266	0.0	-0.338514	-0.198198	0.919851	0.0	0.503131	-0.86421	-0.00105184	0.0	-2.3256099999999997	-0.646208	0.8185319999999999	0.353532	-0.82078	0.541656	0.18146500000000002	0.0	-0.100746	0.17543	-0.979324	0.0	-0.562291	-0.822091	-0.0894197	0.0	1.6872	-0.13506300000000002	0.7351800000000001	0.363981	
0	0.795153	0.46245200000000003	0.39226300000000003	0.0	-0.338507	-0.198203	0.919853	0.0	0.503135	-0.864207	-0.00105874	0.0	-2.3256200000000002	-0.645987	0.818708	0.353531	-0.820779	0.541656	0.181471	0.0	-0.100745	0.17544200000000001	-0.9793219999999999	0.0	-0.562293	-0.8220879999999999	-0.0894305	0.0	1.6872599999999998	-0.134838	0.7352920000000001	0.36398	
0	0.795153	0.46245200000000003	0.39226300000000003	0.0	-0.338507	-0.198203	0.919853	0.0	0.503135	-0.864207	-0.00105874	0.0	-2.3256200000000002	-0.645987	0.818708	0.353531	-0.820779	0.541656	0.181471	0.0	-0.100745	0.17544200000000001	-0.9793219999999999	0.0	-0.562293	-0.8220879999999999	-0.0894305	0.0	1.6872599999999998	-0.134838	0.7352920000000001	0.36398	
0	0.795153	0.46245200000000003	0.39226300000000003	0.0	-0.338507	-0.198203	0.919853	0.0	0.503135	-0.864207	-0.00105874	0.0	-2.3256200000000002	-0.645987	0.818708	0.353532	-0.820779	0.541656	0.181471	0.0	-0.100745	0.17544200000000001	-0.9793219999999999	0.0	-0.562293	-0.8220879999999999	-0.0894305	0.0	1.6872599999999998	-0.13483699999999998	0.7352920000000001	0.36398	
0	0.795153	0.46245200000000003	0.39226300000000003	0.0	-0.338507	-0.198203	0.919853	0.0	0.503135	-0.864207	-0.00105874	0.0	-2.3256200000000002	-0.645987	0.818708	0.353532	-0.820779	0.541656	0.181471	0.0	-0.100745	0.17544200000000001	-0.9793219999999999	0.0	-0.562293	-0.8220879999999999	-0.0894305	0.0	1.6872599999999998	-0.13483699999999998	0.7352920000000001	0.36398	
0	0.795153	0.46245200000000003	0.39226300000000003	0.0	-0.338507	-0.198203	0.919853	0.0	0.503135	-0.864207	-0.00105874	0.0	-2.3256200000000002	-0.645987	0.818708	0.353532	-0.820779	0.541656	0.181471	0.0	-0.100745	0.17544200000000001	-0.9793219999999999	0.0	-0.562293	-0.8220879999999999	-0.0894305	0.0	1.6872599999999998	-0.13483699999999998	0.7352920000000001	0.36398	
0	0.795153	0.46245200000000003	0.39226300000000003	0.0	-0.338507	-0.198203	0.919853	0.0	0.503135	-0.864207	-0.00105874	0.0	-2.3256200000000002	-0.645987	0.818708	0.353531	-0.820779	0.541656	0.181471	0.0	-0.100745	0.17544200000000001	-0.9793219999999999	0.0	-0.562293	-0.8220879999999999	-0.0894305	0.0	1.6872599999999998	-0.13483699999999998	0.7352920000000001	0.36398	
0	0.795153	0.46245200000000003	0.39226300000000003	0.0	-0.338507	-0.198203	0.919853	0.0	0.503135	-0.864207	-0.00105874	0.0	-2.3256200000000002	-0.645987	0.818708	0.353531	-0.820779	0.541656	0.181471	0.0	-0.100745	0.17544200000000001	-0.9793219999999999	0.0	-0.562293	-0.8220879999999999	-0.0894305	0.0	1.6872599999999998	-0.13483699999999998	0.7352920000000001	0.36398	
0	0.795153	0.46245200000000003	0.39226300000000003	0.0	-0.338507	-0.198203	0.919853	0.0	0.503135	-0.864207	-0.00105874	0.0	-2.3256200000000002	-0.645986	0.818708	0.353532	-0.820779	0.541656	0.181471	0.0	-0.100745	0.17544200000000001	-0.9793219999999999	0.0	-0.562293	-0.8220879999999999	-0.0894305	0.0	1.6872599999999998	-0.13483699999999998	0.7352920000000001	0.36398	
0	0.8277030000000001	0.372265	0.419912	0.0	-0.292768	-0.351916	0.889069	0.0	0.47874300000000003	-0.858822	-0.182295	0.0	-2.31392	-0.7445430000000001	0.672662	0.349896	-0.716643	0.688983	0.10828800000000001	0.0	0.0858687	0.24124600000000002	-0.966658	0.0	-0.6921350000000001	-0.683449	-0.23205	0.0	1.7097099999999998	-0.234283	0.714795	0.363978	
0	0.847621	0.299003	0.438333	0.0	-0.340647	-0.326727	0.881595	0.0	0.406814	-0.896575	-0.175087	0.0	-2.3155200000000002	-1.0195	0.420784	0.350592	-0.714785	0.693072	0.0934589	0.0	0.08196060000000001	0.21573499999999998	-0.9730059999999999	0.0	-0.694525	-0.68783	-0.211009	0.0	1.6772200000000002	-0.393908	0.597751	0.36398600000000003	
0	0.865778	0.24241999999999997	0.437792	0.0	-0.366505	-0.288505	0.8845559999999999	0.0	0.340739	-0.9262819999999999	-0.160933	0.0	-2.36821	-1.30701	0.189083	0.350515	-0.713976	0.694591	0.0882187	0.0	0.0788701	0.20497800000000002	-0.975584	0.0	-0.695715	-0.689585	-0.201132	0.0	1.6383299999999998	-0.493667	0.5322319999999999	0.363981	
0	0.871432	0.20562199999999997	0.445337	0.0	-0.391052	-0.256852	0.8838020000000001	0.0	0.296115	-0.9443229999999999	-0.14342	0.0	-2.39757	-1.55025	0.022236900000000004	0.350972	-0.71205	0.696896	0.0855594	0.0	0.07640620000000001	0.198042	-0.977211	0.0	-0.697959	-0.689286	-0.19426300000000002	0.0	1.60805	-0.5443359999999999	0.511049	0.363985	
0	0.873777	0.166934	0.45677799999999996	0.0	-0.421674	-0.207878	0.882597	0.0	0.24229	-0.9638049999999999	-0.111247	0.0	-2.46408	-1.87117	-0.161891	0.35139499999999996	-0.710286	0.699151	0.08174160000000001	0.0	0.07558089999999999	0.191202	-0.9786360000000001	0.0	-0.6998439999999999	-0.688934	-0.18865099999999999	0.0	1.58972	-0.57914	0.5034529999999999	0.36399499999999996	
0	0.8754040000000001	0.132759	0.464805	0.0	-0.443845	-0.160165	0.881674	0.0	0.191495	-0.9781219999999999	-0.08128450000000001	0.0	-2.55472	-2.20497	-0.314515	0.351611	-0.708867	0.700956	0.0785335	0.0	0.07484600000000001	0.18546500000000002	-0.9797959999999999	0.0	-0.70136	-0.6886680000000001	-0.183934	0.0	1.58138	-0.596838	0.527745	0.363971	
0	0.875555	0.09297539999999999	0.474088	0.0	-0.462056	-0.12544	0.877935	0.0	0.141096	-0.987735	-0.0668694	0.0	-2.67857	-2.51137	-0.501553	0.350715	-0.710901	0.69891	0.07838350000000001	0.0	0.0748824	0.18604	-0.979685	0.0	-0.699294	-0.690589	-0.184592	0.0	1.57332	-0.598759	0.567164	0.36398	
0	0.876775	0.0570759	0.47750200000000004	0.0	-0.471224	-0.0962235	0.876749	0.0	0.0959882	-0.9937219999999999	-0.05747080000000001	0.0	-2.85161	-2.78273	-0.697982	0.350605	-0.710553	0.699721	0.074192	0.0	0.0765669	0.181702	-0.980368	0.0	-0.699465	-0.690923	-0.18268399999999999	0.0	1.5748799999999998	-0.61142	0.5856140000000001	0.363992	
0	0.8799399999999999	0.0271786	0.474308	0.0	-0.47076599999999996	-0.08445010000000001	0.878207	0.0	0.0639237	-0.996057	-0.06151619999999999	0.0	-3.02018	-2.97777	-0.963779	0.350475	-0.7087939999999999	0.701738	0.071934	0.0	0.07773669999999999	0.179055	-0.9807629999999999	0.0	-0.7011189999999999	-0.689567	-0.18146400000000001	0.0	1.57628	-0.627648	0.5950270000000001	0.363987	
0	0.8860959999999999	0.00818512	0.46343	0.0	-0.46161199999999997	-0.0746372	0.8839370000000001	0.0	0.0418242	-0.9971770000000001	-0.0623573	0.0	-3.15394	-3.13028	-1.17476	0.349622	-0.708531	0.702106	0.0709355	0.0	0.0772862	0.177121	-0.98115	0.0	-0.701435	-0.689692	-0.179759	0.0	1.57408	-0.642794	0.6067779999999999	0.363993	
0	0.886122	0.010614700000000001	0.46333	0.0	-0.461455	-0.07248160000000001	0.8841979999999999	0.0	0.042968400000000004	-0.9973129999999999	-0.0593294	0.0	-3.20782	-3.19516	-1.34704	0.349434	-0.7089989999999999	0.701832	0.0689336	0.0	0.0774102	0.174612	-0.98159	0.0	-0.7009479999999999	-0.6906100000000001	-0.178129	0.0	1.57493	-0.646742	0.6263920000000001	0.36396999999999996	
0	0.885812	0.0123333	0.46388100000000004	0.0	-0.461978	-0.07078960000000001	0.8840620000000001	0.0	0.0437412	-0.9974149999999999	-0.0570086	0.0	-3.18306	-3.25365	-1.46254	0.349542	-0.710791	0.7004279999999999	0.0646338	0.0	0.0797047	0.171496	-0.9819549999999999	0.0	-0.698873	-0.692813	-0.177726	0.0	1.5758299999999998	-0.6609689999999999	0.631436	0.363981	
0	0.8860680000000001	0.01715	0.463239	0.0	-0.461446	-0.0626048	0.884957	0.0	0.0441779	-0.997891	-0.047558300000000005	0.0	-3.17801	-3.2914800000000004	-1.5289	0.349358	-0.713562	0.6979609999999999	0.06065369999999999	0.0	0.0826648	0.169849	-0.9819969999999999	0.0	-0.6956979999999999	-0.695702	-0.178895	0.0	1.58921	-0.670667	0.6344420000000001	0.363976	
0	0.885036	0.0197203	0.465104	0.0	-0.463409	-0.0577543	0.88426	0.0	0.0442996	-0.998136	-0.041976099999999995	0.0	-3.1581099999999998	-3.3207199999999997	-1.56233	0.349533	-0.715581	0.6962079999999999	0.056911500000000004	0.0	0.0853865	0.168042	-0.982075	0.0	-0.693291	-0.6978949999999999	-0.179695	0.0	1.61277	-0.678718	0.6326109999999999	0.363983	
0	0.882754	0.023812700000000003	0.46923100000000006	0.0	-0.46771	-0.050354199999999995	0.882447	0.0	0.0446412	-0.998448	-0.0333129	0.0	-3.13898	-3.3390800000000005	-1.58338	0.349402	-0.718639	0.693501	0.0511433	0.0	0.0913582	0.16706700000000002	-0.9817040000000001	0.0	-0.6893560000000001	-0.700818	-0.183418	0.0	1.64592	-0.678843	0.63046	0.363962	
0	0.8807379999999999	0.0166648	0.473311	0.0	-0.472156	-0.047211699999999995	0.88025	0.0	0.0370149	-0.9987459999999999	-0.0337128	0.0	-3.12056	-3.3555099999999998	-1.57451	0.349079	-0.718033	0.694349	0.0480487	0.0	0.09400549999999999	0.165151	-0.981778	0.0	-0.689632	-0.7004319999999999	-0.183856	0.0	1.6969299999999998	-0.6828069999999999	0.625213	0.363965	
0	0.878217	0.00556397	0.47823000000000004	0.0	-0.47781999999999997	-0.032794699999999996	0.8778450000000001	0.0	0.0205677	-0.999447	-0.0261423	0.0	-3.13102	-3.40677	-1.59798	0.348564	-0.717355	0.6952050000000001	0.0457378	0.0	0.09505219999999999	0.162693	-0.982088	0.0	-0.6901930000000001	-0.700158	-0.182789	0.0	1.7118400000000003	-0.685121	0.623362	0.363979	
0	0.872142	-0.010990799999999998	0.489129	0.0	-0.489195	-0.0349566	0.871474	0.0	0.00752008	-0.9993280000000001	-0.0358638	0.0	-3.15682	-3.49894	-1.6282	0.349501	-0.715484	0.697472	0.040202999999999996	0.0	0.09746360000000001	0.156632	-0.982836	0.0	-0.6917979999999999	-0.699285	-0.180046	0.0	1.71235	-0.671317	0.6506770000000001	0.363977	
0	0.868606	-0.0150787	0.49527299999999996	0.0	-0.495453	-0.0405214	0.8676889999999999	0.0	0.00698547	-0.999065	-0.0426679	0.0	-3.15784	-3.5607300000000004	-1.6450099999999999	0.353354	-0.71323	0.699911	0.0378049	0.0	0.09949989999999999	0.15448699999999999	-0.982972	0.0	-0.693833	-0.6973229999999999	-0.17982599999999999	0.0	1.70687	-0.668284	0.664188	0.36396999999999996	
0	0.8640479999999999	-0.015181299999999998	0.5031800000000001	0.0	-0.503283	-0.0483793	0.862766	0.0	0.0112455	-0.998714	-0.0494425	0.0	-3.18012	-3.63406	-1.72364	0.358894	-0.711613	0.7015939999999999	0.0370605	0.0	0.10057999999999999	0.15393900000000002	-0.9829479999999999	0.0	-0.695335	-0.695751	-0.180112	0.0	1.70387	-0.6564	0.703015	0.363976	
0	0.85961	-0.00461429	0.51093	0.0	-0.5103850000000001	-0.05480890000000001	0.8581979999999999	0.0	0.0240435	-0.9984860000000001	-0.049469400000000004	0.0	-3.1852400000000003	-3.6357199999999996	-1.7329900000000003	0.361369	-0.711424	0.701823	0.0363482	0.0	0.10091699999999999	0.15320999999999999	-0.9830270000000001	0.0	-0.69548	-0.695681	-0.179823	0.0	1.7035099999999999	-0.658147	0.7225729999999999	0.363976	
0	0.85687	-0.00158003	0.51553	0.0	-0.514629	-0.061794600000000005	0.855184	0.0	0.030505599999999997	-0.998088	-0.053763099999999994	0.0	-3.18647	-3.63504	-1.73492	0.362822	-0.711613	0.701711	0.0347726	0.0	0.102778	0.15293299999999999	-0.982877	0.0	-0.695014	-0.695854	-0.18095	0.0	1.7044	-0.658362	0.734382	0.36396300000000004	
0	0.8523430000000001	0.0064742	0.522943	0.0	-0.521703	-0.0593985	0.851057	0.0	0.0365719	-0.9982129999999999	-0.0472503	0.0	-3.18852	-3.63329	-1.73643	0.350956	-0.711453	0.701925	0.0337068	0.0	0.10314100000000001	0.151746	-0.983024	0.0	-0.695124	-0.6958979999999999	-0.180357	0.0	1.70104	-0.658666	0.754486	0.36396999999999996	
0	0.849189	0.0159244	0.527849	0.0	-0.526949	-0.0401061	0.84895	0.0	0.034689	-0.9990690000000001	-0.0256663	0.0	-3.2027099999999997	-3.60974	-1.71108	0.227277	-0.7127140000000001	0.700704	0.0324278	0.0	0.10456800000000001	0.151846	-0.982857	0.0	-0.693616	-0.697106	-0.18149400000000002	0.0	1.7120400000000002	-0.660081	0.763208	0.363978	
0	0.8499260000000001	0.0164602	0.5266460000000001	0.0	-0.526462	-0.014321299999999999	0.8500780000000001	0.0	0.021534599999999997	-0.999762	-0.00350643	0.0	-3.18267	-3.5984	-1.70925	0.14488399999999999	-0.710477	0.703158	0.0281187	0.0	0.107557	0.147991	-0.983123	0.0	-0.6954520000000001	-0.695462	-0.180774	0.0	1.7180900000000001	-0.65267	0.773791	0.36399499999999996	
0	0.8459610000000001	0.0127992	0.533091	0.0	-0.532964	-0.012103000000000001	0.846051	0.0	0.0172808	-0.9998450000000001	-0.00341722	0.0	-3.17427	-3.5958099999999997	-1.7209400000000001	0.144831	-0.710451	0.7032010000000001	0.0277071	0.0	0.108146	0.14799500000000002	-0.983058	0.0	-0.695388	-0.695418	-0.18119100000000002	0.0	1.7189599999999998	-0.645492	0.777496	0.363965	
0	0.846297	0.0127593	0.532558	0.0	-0.532429	-0.0122411	0.8463860000000001	0.0	0.0173183	-0.9998440000000001	-0.0035662	0.0	-3.1484900000000002	-3.59616	-1.7168700000000001	0.144704	-0.7092579999999999	0.70434	0.029307999999999997	0.0	0.10665999999999999	0.148315	-0.9831719999999999	0.0	-0.6968340000000001	-0.694196	-0.180319	0.0	1.72038	-0.647513	0.78387	0.36399000000000004	
0	0.8422370000000001	0.00915763	0.539029	0.0	-0.538802	-0.019339099999999998	0.842211	0.0	0.018136900000000004	-0.999771	-0.011354000000000001	0.0	-3.0956099999999998	-3.59646	-1.7237799999999999	0.144353	-0.708569	0.705036	0.0292483	0.0	0.107527	0.148845	-0.9829969999999999	0.0	-0.6974020000000001	-0.693376	-0.181277	0.0	1.7209599999999998	-0.649366	0.7791859999999999	0.363985	
0	0.841983	0.0102167	0.539408	0.0	-0.539241	-0.015305299999999999	0.8420120000000001	0.0	0.0168584	-0.9998309999999999	-0.00737754	0.0	-2.99303	-3.59735	-1.75742	0.144774	-0.705916	0.707515	0.0332342	0.0	0.10508699999999999	0.15102100000000002	-0.982929	0.0	-0.700457	-0.6903729999999999	-0.18095899999999998	0.0	1.7053900000000002	-0.656464	0.774254	0.36398600000000003	
0	0.8424219999999999	0.00294736	0.53881	0.0	-0.53864	-0.0210811	0.8422719999999999	0.0	0.0138411	-0.9997739999999999	-0.0161717	0.0	-2.86783	-3.5928699999999996	-1.7925099999999998	0.14445	-0.6984239999999999	0.714823	0.0351079	0.0	0.103817	0.149727	-0.9832620000000001	0.0	-0.7081149999999999	-0.683088	-0.178784	0.0	1.66809	-0.681502	0.766612	0.363977	
0	0.844932	-0.00902212	0.534798	0.0	-0.534682	-0.041054900000000005	0.8440549999999999	0.0	0.014340899999999998	-0.999116	-0.039512599999999995	0.0	-2.84536	-3.4746699999999997	-1.7484	0.14444400000000002	-0.680933	0.732073	0.0199933	0.0	0.115791	0.134579	-0.9841139999999999	0.0	-0.723134	-0.667801	-0.17640699999999998	0.0	1.6595799999999998	-0.682934	0.738309	0.36398	
0	0.844642	-0.0234388	0.5348189999999999	0.0	-0.534981	-0.0731243	0.841693	0.0	0.01938	-0.9970469999999999	-0.07430310000000001	0.0	-2.81906	-3.2698400000000003	-1.70271	0.144453	-0.66998	0.742376	0.00215179	0.0	0.134484	0.12421900000000001	-0.983099	0.0	-0.730097	-0.658367	-0.183062	0.0	1.66373	-0.6808	0.673465	0.36399000000000004	
0	0.8475879999999999	-0.0541189	0.527888	0.0	-0.5306529999999999	-0.0893516	0.842866	0.0	0.00155267	-0.9945290000000001	-0.104452	0.0	-2.7943599999999997	-3.05639	-1.6653900000000001	0.14444400000000002	-0.650287	0.7592260000000001	-0.026507	0.0	0.156592	0.0998171	-0.982607	0.0	-0.743375	-0.643127	-0.183799	0.0	1.6687	-0.6846810000000001	0.61427	0.363973	
0	0.8516790000000001	-0.073055	0.518946	0.0	-0.523798	-0.0871552	0.8473719999999999	0.0	-0.0166759	-0.9935120000000001	-0.11249400000000001	0.0	-2.8035400000000004	-2.90585	-1.58063	0.14426	-0.604408	0.792114	-0.0851318	0.0	0.212187	0.0570577	-0.975562	0.0	-0.767898	-0.607701	-0.20256300000000002	0.0	1.6670900000000002	-0.664884	0.521319	0.36398400000000003	
0	0.85495	-0.07167260000000002	0.513734	0.0	-0.5184850000000001	-0.0889446	0.850448	0.0	-0.015259899999999998	-0.993455	-0.113204	0.0	-2.80672	-2.79786	-1.48462	0.144262	-0.5596439999999999	0.816476	-0.142007	0.0	0.274188	0.020716400000000003	-0.9614530000000001	0.0	-0.782061	-0.577008	-0.23546199999999998	0.0	1.6419	-0.663578	0.326422	0.363985	
0	0.8573360000000001	-0.07763810000000002	0.5088689999999999	0.0	-0.514521	-0.0993021	0.851708	0.0	-0.0155934	-0.992024	-0.125082	0.0	-2.81337	-2.70719	-1.44729	0.144446	-0.518105	0.828435	-0.21275100000000002	0.0	0.307437	-0.0517399	-0.950161	0.0	-0.798154	-0.5576909999999999	-0.227885	0.0	1.54978	-0.740287	0.10976500000000002	0.363998	
0	0.8586530000000001	-0.0874048	0.50505	0.0	-0.5122220000000001	-0.11071700000000001	0.8516870000000001	0.0	-0.018524000000000002	-0.990001	-0.13983800000000002	0.0	-2.8174200000000003	-2.6449599999999998	-1.43065	0.144332	-0.4746	0.8288719999999999	-0.296186	0.0	0.339307	-0.138207	-0.930467	0.0	-0.812174	-0.542098	-0.21564899999999998	0.0	1.38212	-0.882425	-0.14136700000000002	0.364012	
0	0.859282	-0.09902949999999999	0.501825	0.0	-0.5110180000000001	-0.123498	0.8506520000000001	0.0	-0.022265200000000002	-0.987391	-0.156725	0.0	-2.78554	-2.41253	-1.2438	0.144441	-0.43429399999999996	0.80629	-0.401602	0.0	0.370458	-0.246515	-0.89554	0.0	-0.821066	-0.537705	-0.191637	0.0	1.1951100000000001	-1.03653	-0.350011	0.363966	
0	0.86234	-0.11881400000000002	0.492191	0.0	-0.505413	-0.143555	0.850852	0.0	-0.030437	-0.982484	-0.183843	0.0	-2.77337	-2.26543	-1.21599	0.144448	-0.365802	0.766138	-0.528414	0.0	0.407329	-0.378709	-0.831061	0.0	-0.836823	-0.519242	-0.173538	0.0	0.9930760000000001	-1.1513799999999998	-0.567546	0.36399699999999996	
0	0.8638520000000001	-0.13987	0.48393800000000003	0.0	-0.502747	-0.178924	0.845714	0.0	-0.031702	-0.9738700000000001	-0.224883	0.0	-2.81113	-2.10982	-1.1804	0.144269	-0.316538	0.716007	-0.622204	0.0	0.430491	-0.476062	-0.766839	0.0	-0.8452700000000001	-0.510587	-0.15754300000000002	0.0	0.815056	-1.2498200000000002	-0.7324189999999999	0.363998	
0	0.8619620000000001	-0.159687	0.481167	0.0	-0.505583	-0.200533	0.83915	0.0	-0.0375114	-0.966585	-0.253587	0.0	-2.8331	-1.96423	-1.18773	0.14444200000000001	-0.267621	0.6691020000000001	-0.693312	0.0	0.45006599999999997	-0.549427	-0.703968	0.0	-0.851951	-0.500432	-0.154102	0.0	0.687619	-1.31388	-0.9196479999999999	0.36399000000000004	
0	0.858492	-0.18839	0.476971	0.0	-0.510821	-0.23193200000000003	0.82781	0.0	-0.0453267	-0.9543149999999999	-0.29534499999999997	0.0	-2.86027	-1.821	-1.21411	0.144261	-0.188031	0.591596	-0.7840020000000001	0.0	0.468592	-0.647496	-0.600975	0.0	-0.8631719999999999	-0.48037799999999997	-0.155468	0.0	0.565198	-1.3645200000000002	-1.06291	0.363964	
0	0.85506	-0.21735300000000002	0.47077600000000003	0.0	-0.516961	-0.286769	0.806545	0.0	-0.0403011	-0.933017	-0.357568	0.0	-2.93133	-1.5853	-1.24328	0.14444300000000002	-0.0622672	0.466851	-0.882141	0.0	0.467189	-0.76741	-0.439109	0.0	-0.8819620000000001	-0.43946899999999994	-0.170323	0.0	0.408173	-1.34895	-1.2652700000000001	0.363973	
0	0.855499	-0.21626900000000002	0.47047799999999995	0.0	-0.516826	-0.300807	0.801502	0.0	-0.0318169	-0.92884	-0.369114	0.0	-2.9357900000000003	-1.5141	-1.25289	0.144262	-0.0324882	0.432363	-0.901114	0.0	0.461193	-0.7933819999999999	-0.39729899999999996	0.0	-0.886705	-0.42849499999999996	-0.173627	0.0	0.346156	-1.30584	-1.31377	0.36397399999999996	
0	0.853044	-0.222242	0.472149	0.0	-0.521479	-0.329397	0.7871199999999999	0.0	-0.019407	-0.9176629999999999	-0.396884	0.0	-2.91833	-1.40316	-1.28049	0.144261	0.0086844	0.37958600000000003	-0.9251159999999999	0.0	0.45137	-0.827026	-0.33510100000000004	0.0	-0.8922950000000001	-0.41466000000000003	-0.178516	0.0	0.24944000000000002	-1.23946	-1.3623	0.363973	
0	0.852218	-0.211616	0.47848100000000005	0.0	-0.5231859999999999	-0.342922	0.78018	0.0	-0.00101729	-0.915218	-0.402959	0.0	-2.8766700000000003	-1.35281	-1.3191899999999999	0.144261	0.0262221	0.34782199999999996	-0.9371940000000001	0.0	0.44216000000000005	-0.844858	-0.301181	0.0	-0.896553	-0.406492	-0.175947	0.0	0.141454	-1.1822700000000002	-1.4188	0.363952	
0	0.8525959999999999	-0.196141	0.484364	0.0	-0.522285	-0.350471	0.777425	0.0	0.0172709	-0.915805	-0.401251	0.0	-2.80152	-1.34273	-1.33275	0.144272	0.0360228	0.33573200000000003	-0.941269	0.0	0.435695	-0.852928	-0.287548	0.0	-0.899373	-0.399748	-0.177002	0.0	0.012548100000000001	-1.15541	-1.46861	0.363975	
0	0.8526959999999999	-0.182392	0.489533	0.0	-0.5213760000000001	-0.35594899999999996	0.775543	0.0	0.032795599999999994	-0.916534	-0.398611	0.0	-2.73279	-1.32738	-1.31826	0.14444200000000001	0.045311000000000004	0.320419	-0.946192	0.0	0.431212	-0.8606520000000001	-0.270802	0.0	-0.9011120000000001	-0.395739	-0.17716600000000002	0.0	-0.07711439999999999	-1.14596	-1.51731	0.363977	
0	0.852193	-0.163405	0.49705600000000005	0.0	-0.520563	-0.36052	0.773976	0.0	0.0527271	-0.918327	-0.392296	0.0	-2.6439999999999997	-1.33968	-1.33101	0.14444300000000002	0.048237699999999994	0.318205	-0.946794	0.0	0.432187	-0.8612190000000001	-0.267425	0.0	-0.900493	-0.39629200000000003	-0.179067	0.0	-0.159236	-1.15858	-1.6212	0.363264	
0	0.8536549999999999	-0.13983399999999999	0.501717	0.0	-0.515359	-0.366145	0.774818	0.0	0.07535510000000001	-0.919992	-0.384626	0.0	-2.5670599999999997	-1.3416299999999999	-1.32833	0.14427	0.0506788	0.321301	-0.9456200000000001	0.0	0.430051	-0.8615790000000001	-0.269698	0.0	-0.901381	-0.392997	-0.18184	0.0	-0.23739200000000002	-1.15258	-1.6869900000000002	0.362921	
1	0.8561030000000001	-0.11653699999999999	0.503495	0.0	-0.507494	-0.373677	0.776412	0.0	0.09766369999999999	-0.920209	-0.37904699999999997	0.0	-2.4697400000000003	-1.32192	-1.3029700000000002	0.144264	0.050716500000000005	0.322276	-0.9452860000000001	0.0	0.42831199999999997	-0.8620610000000001	-0.270923	0.0	-0.902206	-0.391138	-0.181756	0.0	-0.351075	-1.15055	-1.71869	0.36267	
1	0.8584950000000001	-0.0977215	0.503426	0.0	-0.49894399999999994	-0.38600500000000004	0.775922	0.0	0.118501	-0.917306	-0.380141	0.0	-2.41699	-1.275	-1.3322	0.144261	0.0483183	0.320637	-0.9459690000000001	0.0	0.427598	-0.8625430000000001	-0.270518	0.0	-0.9026770000000001	-0.391423	-0.17878	0.0	-0.431571	-1.15953	-1.7514299999999998	0.362331	
1	0.859425	-0.0910368	0.503092	0.0	-0.49529399999999996	-0.392262	0.775122	0.0	0.126779	-0.9153379999999999	-0.382209	0.0	-2.36963	-1.24622	-1.34467	0.144264	0.049902499999999995	0.325419	-0.9442520000000001	0.0	0.42976099999999995	-0.860424	-0.27381700000000003	0.0	-0.9015629999999999	-0.392138	-0.18279	0.0	-0.47651499999999997	-1.19179	-1.78479	0.36238400000000004	
1	0.859643	-0.07722380000000001	0.505026	0.0	-0.490965	-0.398278	0.774809	0.0	0.141307	-0.914008	-0.380291	0.0	-2.32115	-1.19601	-1.3264	0.144264	0.047604	0.325745	-0.944259	0.0	0.43472	-0.8578629999999999	-0.274025	0.0	-0.899307	-0.397443	-0.182446	0.0	-0.50285	-1.22054	-1.8083	0.361941	
1	0.8588709999999999	-0.06501409999999999	0.508049	0.0	-0.488695	-0.401006	0.774837	0.0	0.153355	-0.9137649999999999	-0.376184	0.0	-2.27698	-1.15919	-1.3079399999999999	0.144451	0.048156	0.327838	-0.943506	0.0	0.438105	-0.855823	-0.27501	0.0	-0.897633	-0.400111	-0.184841	0.0	-0.5271060000000001	-1.26462	-1.8493400000000002	0.361437	
1	0.857743	-0.0574066	0.510863	0.0	-0.487675	-0.40524099999999996	0.773274	0.0	0.162632	-0.9124049999999999	-0.375589	0.0	-2.2336400000000003	-1.13917	-1.3005	0.144264	0.049942	0.319704	-0.9462	0.0	0.449013	-0.8534299999999999	-0.26465900000000003	0.0	-0.8921290000000001	-0.411638	-0.186173	0.0	-0.548234	-1.31544	-1.8737700000000002	0.355877	
1	0.8567610000000001	-0.0486454	0.513415	0.0	-0.48646999999999996	-0.40671199999999996	0.773261	0.0	0.17119600000000001	-0.9122600000000001	-0.37212	0.0	-2.18802	-1.1434600000000001	-1.29633	0.144266	0.052805	0.315164	-0.947567	0.0	0.450222	-0.8544930000000001	-0.25911799999999996	0.0	-0.8913540000000001	-0.412933	-0.18701500000000001	0.0	-0.557559	-1.3552799999999998	-1.88517	0.35339899999999996	
1	0.8569110000000001	-0.042378	0.5137189999999999	0.0	-0.483847	-0.40979899999999997	0.773277	0.0	0.177751	-0.911191	-0.371666	0.0	-2.14988	-1.14245	-1.29568	0.144267	0.055812	0.278466	-0.958823	0.0	0.462863	-0.85811	-0.222273	0.0	-0.8846709999999999	-0.431399	-0.176785	0.0	-0.5643630000000001	-1.39191	-1.8829	0.347898	
1	0.856248	-0.041295599999999995	0.5149130000000001	0.0	-0.48524700000000004	-0.406104	0.7743479999999999	0.0	0.17713099999999998	-0.9128940000000001	-0.367764	0.0	-2.13389	-1.19688	-1.3082799999999999	0.14433900000000002	0.050173	0.226372	-0.972748	0.0	0.47332799999999997	-0.863038	-0.176427	0.0	-0.8794559999999999	-0.45157700000000006	-0.15045	0.0	-0.5637810000000001	-1.38481	-1.8834400000000002	0.232975	
1	0.855513	-0.042473000000000004	0.5160359999999999	0.0	-0.48702799999999996	-0.404368	0.774139	0.0	0.175788	-0.91361	-0.366627	0.0	-2.07967	-1.21153	-1.30713	0.14537	0.0445101	0.1869	-0.9813700000000001	0.0	0.45952	-0.876084	-0.146007	0.0	-0.8870520000000001	-0.44446	-0.12487899999999999	0.0	-0.51064	-1.40913	-1.8855099999999998	0.20138399999999998	
1	0.852786	-0.04322619999999999	0.520468	0.0	-0.49076800000000004	-0.407152	0.770308	0.0	0.178612	-0.9123370000000001	-0.368427	0.0	-2.0451599999999996	-1.2105299999999999	-1.3161200000000002	0.145216	0.0499804	0.190353	-0.9804430000000001	0.0	0.45965600000000006	-0.8759100000000001	-0.146626	0.0	-0.88669	-0.443338	-0.131275	0.0	-0.472685	-1.40531	-1.88658	0.201401	
1	0.8525739999999999	-0.043693699999999995	0.520776	0.0	-0.491418	-0.406123	0.770437	0.0	0.177836	-0.912773	-0.367722	0.0	-2.02898	-1.20355	-1.31152	0.145448	0.0503218	0.188093	-0.9808610000000001	0.0	0.45853299999999997	-0.8768309999999999	-0.14462	0.0	-0.887251	-0.44248000000000004	-0.13037100000000001	0.0	-0.456595	-1.4005	-1.8815099999999998	0.20142000000000002	
1	0.851123	-0.041512	0.523323	0.0	-0.492903	-0.40624499999999997	0.769423	0.0	0.18065699999999998	-0.9128209999999999	-0.366226	0.0	-2.02335	-1.19299	-1.31361	0.14558	0.0525611	0.18604	-0.9811350000000001	0.0	0.45937799999999995	-0.876872	-0.14165999999999998	0.0	-0.886684	-0.443267	-0.131552	0.0	-0.448509	-1.38842	-1.8796400000000002	0.201502	
1	0.8474950000000001	-0.0334484	0.529748	0.0	-0.49493000000000004	-0.410462	0.765876	0.0	0.191824	-0.911264	-0.364419	0.0	-2.0074400000000003	-1.1892399999999999	-1.3264200000000002	0.14549	0.0574185	0.187575	-0.9805709999999999	0.0	0.46432700000000005	-0.8745129999999999	-0.140098	0.0	-0.8838010000000001	-0.44726099999999996	-0.13731	0.0	-0.42514399999999997	-1.3738299999999999	-1.88168	0.201773	
1	0.8341639999999999	0.05793430000000001	0.548465	0.0	-0.47025600000000006	-0.44486099999999995	0.762206	0.0	0.288148	-0.893724	-0.343843	0.0	-2.03021	-1.15839	-1.2575	0.344565	0.0595997	0.17113599999999998	-0.9834430000000001	0.0	0.43528	-0.891051	-0.128679	0.0	-0.8983200000000001	-0.420404	-0.127598	0.0	-0.35476199999999997	-1.3877899999999999	-1.9351900000000002	0.201098	
1	0.835573	0.0976801	0.540626	0.0	-0.455584	-0.42674399999999996	0.781238	0.0	0.30701999999999996	-0.8990819999999999	-0.31207399999999996	0.0	-1.99522	-1.21941	-1.23884	0.34976399999999996	0.07011410000000001	0.176291	-0.9818379999999999	0.0	0.43822	-0.8896430000000001	-0.128444	0.0	-0.8961290000000001	-0.421255	-0.139631	0.0	-0.307429	-1.36333	-1.9436799999999999	0.201096	
1	0.8216549999999999	0.19732	0.53474	0.0	-0.424364	-0.414547	0.805025	0.0	0.380523	-0.8883780000000001	-0.256879	0.0	-1.91862	-1.26613	-1.26321	0.35491500000000004	0.08668	0.18540299999999998	-0.9788319999999999	0.0	0.449691	-0.88402	-0.12762300000000001	0.0	-0.888968	-0.429109	-0.160001	0.0	-0.18168299999999998	-1.38604	-1.9166400000000001	0.201087	
1	0.813265	0.247079	0.526833	0.0	-0.404332	-0.411154	0.816988	0.0	0.418469	-0.8774430000000001	-0.234475	0.0	-1.8411799999999998	-1.2826799999999998	-1.2990700000000002	0.3572	0.105227	0.179026	-0.978201	0.0	0.45663000000000004	-0.8825290000000001	-0.11239500000000001	0.0	-0.8834120000000001	-0.434849	-0.17461500000000002	0.0	-0.0775245	-1.3990200000000002	-1.92282	0.20107	
1	0.800311	0.349127	0.487455	0.0	-0.349972	-0.388125	0.8525719999999999	0.0	0.486849	-0.8529180000000001	-0.188436	0.0	-1.79485	-1.31439	-1.32027	0.357782	0.112015	0.17556	-0.978075	0.0	0.47137399999999996	-0.875871	-0.10323	0.0	-0.874791	-0.44947600000000004	-0.180865	0.0	0.00380639	-1.4192	-1.9185599999999998	0.201037	
1	0.775004	0.5063529999999999	0.37812199999999996	0.0	-0.23253000000000001	-0.327872	0.915658	0.0	0.587621	-0.797563	-0.13635999999999998	0.0	-1.71817	-1.3295	-1.33006	0.358094	0.123688	0.17410599999999998	-0.976928	0.0	0.489428	-0.867117	-0.0925696	0.0	-0.8632270000000001	-0.466686	-0.192465	0.0	0.137472	-1.4431	-1.92325	0.20102799999999998	
1	0.709663	0.672231	0.21091300000000002	0.0	-0.0963228	-0.203978	0.974225	0.0	0.697926	-0.711687	-0.0800043	0.0	-1.7569	-1.34893	-1.1905299999999999	0.35079699999999997	0.150652	0.17792	-0.9724450000000001	0.0	0.511777	-0.8556370000000001	-0.0772639	0.0	-0.845806	-0.48603500000000005	-0.21995900000000002	0.0	0.40695	-1.50033	-2.10917	0.201103	
1	0.636664	0.7710060000000001	0.0144875	0.0	-0.011576399999999999	-0.0092292	0.999891	0.0	0.771055	-0.6367619999999999	0.00304949	0.0	-1.7347599999999999	-1.40666	-1.19765	0.347848	0.18062	0.17941500000000002	-0.967051	0.0	0.527632	-0.8474440000000001	-0.05867669999999999	0.0	-0.8300489999999999	-0.49964899999999995	-0.247731	0.0	0.757212	-1.5881399999999999	-2.19542	0.201098	
2	0.5729850000000001	0.814526	-0.09074739999999999	0.0	0.0187958	0.09763730000000001	0.9950450000000001	0.0	0.81935	-0.571851	0.0406351	0.0	-1.75377	-1.4633	-1.24481	0.345518	0.200204	0.185937	-0.9619489999999999	0.0	0.537991	-0.841426	-0.0506719	0.0	-0.8188310000000001	-0.507375	-0.268489	0.0	0.9444889999999999	-1.6283	-2.22807	0.201099	
2	0.41012	0.8510979999999999	-0.327771	0.0	0.053264599999999995	0.33642	0.940204	0.0	0.910475	-0.40305599999999997	0.0926395	0.0	-1.73344	-1.6021	-1.32322	0.34170300000000003	0.238413	0.181149	-0.9541200000000001	0.0	0.550141	-0.834807	-0.0210283	0.0	-0.800315	-0.519887	-0.298687	0.0	1.35408	-1.72954	-2.23832	0.201095	
2	0.347565	0.846317	-0.403665	0.0	0.06823939999999999	0.406533	0.911084	0.0	0.935169	-0.34420700000000004	0.08354439999999999	0.0	-1.71376	-1.6344299999999998	-1.34382	0.33712600000000004	0.248842	0.179004	-0.951859	0.0	0.556615	-0.830702	-0.0107057	0.0	-0.7926270000000001	-0.527154	-0.30635	0.0	1.50576	-1.77076	-2.25294	0.201102	
2	0.12375	0.7453890000000001	-0.655043	0.0	0.056890300000000005	0.653702	0.7546109999999999	0.0	0.9906809999999999	-0.130649	0.038489999999999996	0.0	-1.6035700000000002	-1.6565400000000001	-1.43351	0.32893	0.282181	0.17540899999999998	-0.9431889999999999	0.0	0.567206	-0.8234090000000001	0.016563099999999997	0.0	-0.773725	-0.5396569999999999	-0.33184400000000003	0.0	1.9329900000000002	-1.91077	-2.30883	0.201098	
2	-0.08793010000000001	0.527953	-0.844709	0.0	-0.00517747	0.8477399999999999	0.5303859999999999	0.0	0.9961129999999999	0.051010400000000004	-0.0718084	0.0	-1.46137	-1.59171	-1.5653299999999999	0.344435	0.316193	0.159422	-0.935204	0.0	0.566571	-0.8224100000000001	0.05136419999999999	0.0	-0.760933	-0.5461010000000001	-0.350365	0.0	2.26989	-2.0344599999999997	-2.3444599999999998	0.201102	
2	-0.183345	0.347035	-0.9197559999999999	0.0	-0.0753295	0.927905	0.365126	0.0	0.980158	0.136229	-0.143985	0.0	-1.2761799999999999	-1.50765	-1.63215	0.343859	0.345493	0.14021199999999998	-0.9278870000000001	0.0	0.5595359999999999	-0.824565	0.0837403	0.0	-0.753362	-0.548118	-0.36333499999999996	0.0	2.54228	-2.14625	-2.34082	0.201097	
2	-0.220131	0.307777	-0.925643	0.0	-0.0971972	0.937277	0.33476100000000003	0.0	0.970616	0.163661	-0.17640799999999998	0.0	-1.1961	-1.44966	-1.67527	0.34528200000000003	0.356161	0.1408	-0.9237559999999999	0.0	0.5593020000000001	-0.82406	0.0900385	0.0	-0.748553	-0.5487270000000001	-0.372248	0.0	2.65183	-2.19963	-2.34174	0.201102	
2	-0.2721	0.247148	-0.929989	0.0	-0.151738	0.943343	0.295093	0.0	0.9502299999999999	0.22140900000000002	-0.21918200000000002	0.0	-1.03895	-1.33768	-1.81876	0.34357600000000005	0.379892	0.124074	-0.9166719999999999	0.0	0.548389	-0.828255	0.11515999999999998	0.0	-0.74495	-0.546442	-0.382689	0.0	2.89865	-2.32397	-2.32985	0.201096	
2	-0.285877	0.236423	-0.928643	0.0	-0.16334400000000002	0.942882	0.29033200000000003	0.0	0.944242	0.23468699999999998	-0.23093000000000002	0.0	-0.979276	-1.3071	-1.8822299999999998	0.343469	0.388571	0.115087	-0.9142030000000001	0.0	0.544362	-0.829182	0.12699000000000002	0.0	-0.7434270000000001	-0.547002	-0.384845	0.0	2.98113	-2.36343	-2.30553	0.201097	
2	-0.330286	0.19600599999999999	-0.923306	0.0	-0.197055	0.942327	0.27053499999999997	0.0	0.923082	0.271296	-0.272613	0.0	-0.824987	-1.2138	-2.11728	0.342342	0.40909	0.09489149999999999	-0.9075469999999999	0.0	0.532158	-0.832741	0.152808	0.0	-0.741251	-0.545471	-0.391164	0.0	3.18458	-2.4424099999999997	-2.23979	0.201098	
2	-0.337912	0.18573299999999998	-0.9226700000000001	0.0	-0.198747	0.9441459999999999	0.262844	0.0	0.919954	0.272196	-0.282124	0.0	-0.764061	-1.18678	-2.1973599999999998	0.343335	0.41702	0.0876702	-0.904659	0.0	0.528142	-0.833426	0.16269	0.0	-0.739703	-0.5456340000000001	-0.393857	0.0	3.24016	-2.47211	-2.20419	0.2011	
2	-0.338498	0.176806	-0.924207	0.0	-0.200398	0.94611	0.254393	0.0	0.91938	0.271321	-0.284825	0.0	-0.6208319999999999	-1.1699700000000002	-2.29049	0.344435	0.43445500000000004	0.0743205	-0.8976219999999999	0.0	0.517461	-0.836299	0.18121099999999998	0.0	-0.737213	-0.5432130000000001	-0.401792	0.0	3.37895	-2.5451900000000003	-2.18033	0.201097	
