0	0.109499	0.941853	-0.317684	0.0	-0.0614414	0.325408	0.943576	0.0	0.992086	-0.0838021	0.09350069999999999	0.0	-2.8100400000000003	1.81141	1.47481	0.0	-0.127226	0.9252309999999999	-0.35743800000000003	0.0	0.23408400000000001	-0.322179	-0.9172819999999999	0.0	-0.9638559999999999	-0.200373	-0.175592	0.0	2.66223	1.90825	1.6052899999999999	0.0	
0	0.112081	0.940916	-0.31955500000000003	0.0	-0.0642187	0.32776700000000003	0.942573	0.0	0.9916219999999999	-0.0851235	0.097161	0.0	-2.79391	1.79913	1.48516	0.0	-0.12799100000000002	0.9241520000000001	-0.359946	0.0	0.23925	-0.323442	-0.9155030000000001	0.0	-0.962485	-0.203293	-0.179706	0.0	2.65273	1.9063599999999998	1.6102299999999998	0.0	
0	0.11896199999999998	0.9384319999999999	-0.324334	0.0	-0.044687300000000006	0.331383	0.9424370000000001	0.0	0.991893	-0.0976207	0.0813581	0.0	-2.78424	1.78571	1.50977	0.0	-0.13611900000000002	0.918283	-0.371791	0.0	0.251433	-0.330975	-0.9095260000000001	0.0	-0.958255	-0.217284	-0.185834	0.0	2.64546	1.9078700000000002	1.63113	0.0	
0	0.131234	0.9450290000000001	-0.299496	0.0	-0.0177808	0.304304	0.9524090000000001	0.0	0.991192	-0.119663	0.056738300000000005	0.0	-2.8147900000000003	1.7703799999999998	1.51516	0.0	-0.1545	0.905098	-0.39614	0.0	0.21368099999999998	-0.360854	-0.9078129999999999	0.0	-0.964609	-0.22490500000000002	-0.13765	0.0	2.59856	1.8582400000000001	1.67865	0.000833548	
0	0.148955	0.960376	-0.235564	0.0	-0.0323366	0.24282399999999998	0.9695309999999999	0.0	0.9883149999999999	-0.136799	0.06722510000000001	0.0	-2.79486	1.72365	1.53375	0.351026	-0.203349	0.9192530000000001	-0.33708	0.0	0.175343	-0.304517	-0.9362290000000001	0.0	-0.9632780000000001	-0.249486	-0.0992617	0.0	2.54972	1.79082	1.73537	0.361759	
0	0.201479	0.965126	-0.16715	0.0	-0.043517	0.179301	0.9828309999999999	0.0	0.978526	-0.190746	0.07812460000000002	0.0	-2.7248900000000003	1.6724700000000001	1.59445	0.35056	-0.25964	0.9168290000000001	-0.30333499999999997	0.0	0.14708800000000002	-0.27289800000000003	-0.950732	0.0	-0.9544379999999999	-0.29146500000000003	-0.0639995	0.0	2.4351700000000003	1.72098	1.82523	0.362018	
0	0.298214	0.953782	-0.036996499999999995	0.0	-0.10915699999999999	0.07258389999999999	0.9913709999999999	0.0	0.9482370000000001	-0.291602	0.12575699999999998	0.0	-2.75144	1.51423	1.63124	0.34721199999999997	-0.32721500000000003	0.912227	-0.24652	0.0	0.133198	-0.21375100000000002	-0.967765	0.0	-0.935515	-0.349503	-0.05156469999999999	0.0	2.38437	1.63372	1.8868900000000002	0.362467	
0	0.342736	0.9387540000000001	0.0356712	0.0	-0.135957	0.0119945	0.990642	0.0	0.929542	-0.344379	0.131741	0.0	-2.75695	1.4757799999999999	1.62725	0.346955	-0.376416	0.9035549999999999	-0.20469600000000002	0.0	0.135098	-0.165051	-0.976989	0.0	-0.9165479999999999	-0.395408	-0.0599413	0.0	2.37929	1.57187	1.89368	0.363003	
0	0.374492	0.9216799999999999	0.10130399999999999	0.0	-0.165683	-0.040979699999999994	0.9853270000000001	0.0	0.912307	-0.385782	0.13735999999999998	0.0	-2.78582	1.47061	1.6217	0.348088	-0.395872	0.9005629999999999	-0.17964000000000002	0.0	0.13146300000000002	-0.13802899999999999	-0.981665	0.0	-0.908847	-0.41223000000000004	-0.0637485	0.0	2.3861	1.54836	1.8823	0.363359	
0	0.371603	0.919658	0.127046	0.0	-0.193499	-0.057118100000000005	0.9794370000000001	0.0	0.9080030000000001	-0.388545	0.156728	0.0	-2.80166	1.43789	1.55914	0.348547	-0.39936	0.8997780000000001	-0.175815	0.0	0.132481	-0.13312100000000002	-0.9822059999999999	0.0	-0.907172	-0.415545	-0.0660402	0.0	2.3927400000000003	1.54237	1.8719700000000001	0.363195	
0	0.372896	0.919422	0.124948	0.0	-0.184292	-0.0585886	0.981124	0.0	0.9093870000000001	-0.388884	0.147595	0.0	-2.8124599999999997	1.46347	1.49728	0.3483	-0.405206	0.899272	-0.164677	0.0	0.133248	-0.120111	-0.983778	0.0	-0.9044629999999999	-0.420575	-0.0711571	0.0	2.3900099999999997	1.52693	1.86884	0.36336399999999996	
0	0.36361	0.9235549999999999	0.121795	0.0	-0.189149	-0.054824300000000006	0.980417	0.0	0.9121459999999999	-0.379527	0.154755	0.0	-2.7920599999999998	1.5102	1.46628	0.34462800000000005	-0.406758	0.8989950000000001	-0.162347	0.0	0.130276	-0.11881400000000002	-0.984333	0.0	-0.904199	-0.42153500000000005	-0.0687885	0.0	2.39361	1.50229	1.85664	0.36393200000000003	
0	0.322671	0.94514	0.0509285	0.0	-0.179869	0.00840348	0.983655	0.0	0.929264	-0.32655700000000004	0.172713	0.0	-2.77605	1.50871	1.46404	0.339142	-0.41053500000000004	0.8970100000000001	-0.16381400000000002	0.0	0.131374	-0.119591	-0.984093	0.0	-0.902331	-0.425525	-0.0687477	0.0	2.4030299999999998	1.49843	1.85572	0.363744	
0	0.310408	0.949584	0.044006699999999996	0.0	-0.179224	0.0129974	0.9837229999999999	0.0	0.9335549999999999	-0.313243	0.174223	0.0	-2.76332	1.5287899999999999	1.4678799999999999	0.33404	-0.41184799999999994	0.8965190000000001	-0.163201	0.0	0.131903	-0.118558	-0.9841469999999999	0.0	-0.9016559999999999	-0.426846	-0.06942589999999998	0.0	2.40738	1.49865	1.85847	0.363797	
0	0.290952	0.9567180000000001	0.00615948	0.0	-0.166082	0.0441656	0.9851219999999999	0.0	0.942212	-0.287646	0.171744	0.0	-2.74209	1.56518	1.47176	0.31591199999999997	-0.418414	0.894962	-0.154831	0.0	0.131589	-0.10894000000000001	-0.9853	0.0	-0.898674	-0.432637	-0.0721855	0.0	2.43273	1.47665	1.8465099999999999	0.363942	
0	0.30603800000000003	0.9519620000000001	0.0104146	0.0	-0.151545	0.0379129	0.9877229999999999	0.0	0.9398799999999999	-0.30385999999999996	0.155868	0.0	-2.7501599999999997	1.58522	1.47603	0.331445	-0.42529300000000003	0.8921120000000001	-0.15251800000000001	0.0	0.130679	-0.106224	-0.985718	0.0	-0.8955719999999999	-0.43914899999999996	-0.071404	0.0	2.45229	1.46807	1.83791	0.36385700000000004	
0	0.33874299999999996	0.940159	0.0368085	0.0	-0.147324	0.0143613	0.988984	0.0	0.9292729999999999	-0.340435	0.143372	0.0	-2.75025	1.59184	1.48575	0.348001	-0.439971	0.887407	-0.137606	0.0	0.129398	-0.0889865	-0.987592	0.0	-0.888641	-0.452317	-0.0756775	0.0	2.4597700000000002	1.46442	1.83128	0.36398600000000003	
0	0.377446	0.9224950000000001	0.0808528	0.0	-0.154064	-0.023538099999999996	0.9877799999999999	0.0	0.913126	-0.385291	0.133239	0.0	-2.7574799999999997	1.58139	1.4631399999999999	0.349565	-0.46277399999999996	0.87816	-0.121144	0.0	0.125896	-0.0701675	-0.989559	0.0	-0.877491	-0.47319300000000003	-0.0780852	0.0	2.4584799999999998	1.4456200000000001	1.83378	0.363586	
0	0.431542	0.888732	0.15468099999999999	0.0	-0.180632	-0.08286589999999999	0.9800540000000001	0.0	0.8838229999999999	-0.450875	0.124773	0.0	-2.76163	1.49563	1.4512200000000002	0.35188	-0.49696	0.8617319999999999	-0.10222300000000001	0.0	0.12400699999999999	-0.046068300000000006	-0.9912120000000001	0.0	-0.8588680000000001	-0.505268	-0.0839669	0.0	2.45572	1.40255	1.8294400000000002	0.363252	
0	0.484073	0.846274	0.222471	0.0	-0.221131	-0.127681	0.96685	0.0	0.846625	-0.517221	0.12533	0.0	-2.75643	1.4168100000000001	1.49575	0.352619	-0.501096	0.8598690000000001	-0.0976101	0.0	0.12118599999999999	-0.0419579	-0.991743	0.0	-0.856865	-0.508787	-0.08317970000000001	0.0	2.4521	1.39575	1.83822	0.363657	
0	0.554737	0.776759	0.298182	0.0	-0.278818	-0.16410999999999998	0.946218	0.0	0.783918	-0.6080409999999999	0.12553599999999998	0.0	-2.76952	1.29196	1.53934	0.35301	-0.50573	0.8577799999999999	-0.0919253	0.0	0.117818	-0.036883400000000004	-0.99235	0.0	-0.8546090000000001	-0.512692	-0.0824091	0.0	2.44734	1.38957	1.8436	0.363743	
0	0.6304069999999999	0.684439	0.36624	0.0	-0.34563299999999997	-0.174964	0.9219139999999999	0.0	0.695072	-0.707765	0.12626600000000002	0.0	-2.7869099999999998	1.11455	1.55125	0.353856	-0.5086390000000001	0.856519	-0.08753	0.0	0.116451	-0.0322899	-0.9926709999999999	0.0	-0.853068	-0.515104	-0.0833187	0.0	2.44599	1.38047	1.84638	0.36398400000000003	
0	0.695788	0.548387	0.463844	0.0	-0.45494799999999996	-0.163235	0.8754290000000001	0.0	0.555789	-0.8201379999999999	0.13591099999999998	0.0	-2.84265	0.796467	1.47743	0.35238400000000003	-0.514567	0.853058	-0.0866775	0.0	0.111865	-0.0334358	-0.9931610000000001	0.0	-0.8501219999999999	-0.520744	-0.07822260000000002	0.0	2.43905	1.3332600000000001	1.8483900000000002	0.36398800000000003	
0	0.716468	0.47879399999999994	0.507376	0.0	-0.496911	-0.160218	0.852883	0.0	0.489646	-0.8631840000000001	0.123127	0.0	-2.86082	0.633523	1.296	0.35144200000000003	-0.513934	0.853736	-0.0837073	0.0	0.10764000000000001	-0.032629000000000005	-0.993655	0.0	-0.85105	-0.519683	-0.07512689999999998	0.0	2.41945	1.2983799999999999	1.8369799999999998	0.36398400000000003	
0	0.7265	0.388261	0.566967	0.0	-0.544669	-0.17769100000000002	0.8196110000000001	0.0	0.418968	-0.904256	0.0823817	0.0	-2.8631599999999997	0.48082600000000003	1.0203200000000001	0.351259	-0.520317	0.849934	-0.0829655	0.0	0.102727	-0.034152499999999995	-0.994123	0.0	-0.847772	-0.525782	-0.06954110000000001	0.0	2.37905	1.25216	1.86768	0.363926	
0	0.739309	0.31093200000000004	0.59728	0.0	-0.574129	-0.17240999999999998	0.800407	0.0	0.35184899999999997	-0.9346639999999999	0.051051	0.0	-2.87737	0.28933200000000003	0.8022779999999999	0.351035	-0.5281279999999999	0.845563	-0.0781297	0.0	0.09981439999999998	-0.029555	-0.994567	0.0	-0.8432780000000001	-0.533057	-0.0687908	0.0	2.3564700000000003	1.2058	1.90788	0.36397199999999996	
0	0.743758	0.292416	0.601096	0.0	-0.57921	-0.166959	0.797898	0.0	0.333677	-0.9416040000000001	0.0451935	0.0	-2.8919099999999998	0.14456	0.65613	0.350788	-0.539421	0.839031	-0.07107530000000001	0.0	0.101147	-0.0192325	-0.9946860000000001	0.0	-0.835939	-0.543743	-0.0744914	0.0	2.36064	1.17836	1.8752099999999998	0.363888	
0	0.741359	0.297824	0.601404	0.0	-0.579801	-0.167043	0.797451	0.0	0.33796	-0.939893	0.0488396	0.0	-2.88461	0.12701800000000002	0.640271	0.350622	-0.5397350000000001	0.838993	-0.0691127	0.0	0.0995117	-0.0179365	-0.994875	0.0	-0.835933	-0.543846	-0.07380880000000001	0.0	2.3651299999999997	1.1655200000000001	1.84932	0.363746	
0	0.7409020000000001	0.295425	0.6031489999999999	0.0	-0.579545	-0.17260699999999998	0.796451	0.0	0.3394	-0.939644	0.043327199999999996	0.0	-2.88351	0.11618800000000001	0.620219	0.350509	-0.562542	0.8255549999999999	-0.044780900000000005	0.0	0.09365010000000001	0.00981182	-0.995557	0.0	-0.821448	-0.564236	-0.0828329	0.0	2.34655	1.1489	1.83198	0.363798	
0	0.741313	0.292294	0.604169	0.0	-0.582647	-0.166543	0.795479	0.0	0.33313400000000004	-0.941715	0.0468441	0.0	-2.84922	0.0400275	0.55708	0.350694	-0.617079	0.786725	-0.016652599999999997	0.0	0.0687751	0.0328392	-0.997092	0.0	-0.78389	-0.616429	-0.0743716	0.0	2.2933	0.9431309999999999	1.70793	0.363611	
0	0.746105	0.289125	0.599779	0.0	-0.579021	-0.162994	0.798854	0.0	0.328729	-0.943313	0.045799	0.0	-2.8422	-0.044601199999999994	0.496296	0.35092199999999996	-0.649993	0.759821	-0.0134465	0.0	0.0659564	0.0387776	-0.9970690000000001	0.0	-0.757073	-0.648975	-0.0753204	0.0	2.24385	0.760941	1.55281	0.36396999999999996	
0	0.749514	0.28268699999999997	0.598596	0.0	-0.578377	-0.160252	0.799875	0.0	0.32204	-0.945731	0.043388300000000005	0.0	-2.8481099999999997	-0.100339	0.44224600000000003	0.351064	-0.700489	0.713659	0.00247872	0.0	0.057079099999999994	0.0594871	-0.9965959999999999	0.0	-0.711377	-0.697963	-0.0824053	0.0	2.20233	0.555823	1.37939	0.363973	
0	0.7548239999999999	0.285833	0.590374	0.0	-0.5733729999999999	-0.149604	0.80552	0.0	0.31856599999999996	-0.94653	0.050963999999999995	0.0	-2.87043	-0.190614	0.374852	0.350908	-0.739043	0.6730520000000001	0.028582599999999996	0.0	0.036277300000000005	0.08212960000000001	-0.9959610000000001	0.0	-0.672682	-0.735021	-0.08511410000000001	0.0	2.15932	0.273075	1.1396700000000002	0.363784	
0	0.758288	0.287806	0.58495	0.0	-0.571296	-0.13886400000000002	0.8089109999999999	0.0	0.314038	-0.9475680000000001	0.059123699999999994	0.0	-2.89273	-0.306149	0.32658400000000004	0.350719	-0.765069	0.64277	0.0389404	0.0	0.017372099999999998	0.08105110000000001	-0.996559	0.0	-0.643714	-0.76176	-0.073176	0.0	2.08535	-0.06867639999999998	0.8634370000000001	0.363546	
0	0.7622329999999999	0.289369	0.579023	0.0	-0.569859	-0.124297	0.812287	0.0	0.307021	-0.9491129999999999	0.0701564	0.0	-2.91027	-0.42056400000000005	0.326223	0.350505	-0.7856489999999999	0.616969	0.0458839	0.0	0.00596294	0.081713	-0.9966379999999999	0.0	-0.618645	-0.782734	-0.0678768	0.0	2.01756	-0.311089	0.643621	0.363117	
0	0.763616	0.290304	0.576727	0.0	-0.5693590000000001	-0.11849100000000001	0.813505	0.0	0.304501	-0.94957	0.074806	0.0	-2.91816	-0.47071899999999994	0.32150300000000004	0.350461	-0.785803	0.616903	0.044086099999999996	0.0	0.00268504	0.07468380000000001	-0.9972040000000001	0.0	-0.618471	-0.783487	-0.0603434	0.0	1.98269	-0.381925	0.569859	0.36319	
0	0.763612	0.290292	0.576738	0.0	-0.569355	-0.11853499999999999	0.813501	0.0	0.304517	-0.9495680000000001	0.07476419999999999	0.0	-2.91799	-0.46957600000000005	0.32159099999999996	0.350458	-0.785833	0.616867	0.0440653	0.0	0.00269562	0.0746682	-0.9972049999999999	0.0	-0.618433	-0.783518	-0.06033959999999999	0.0	1.98345	-0.380262	0.571449	0.36318	
0	0.763613	0.290292	0.576738	0.0	-0.569355	-0.11853499999999999	0.813501	0.0	0.304517	-0.9495680000000001	0.07476419999999999	0.0	-2.91798	-0.46957200000000004	0.32159	0.350459	-0.785833	0.616867	0.0440651	0.0	0.00269559	0.0746679	-0.9972049999999999	0.0	-0.618433	-0.783518	-0.0603395	0.0	1.98345	-0.380259	0.571455	0.363181	
0	0.763613	0.290292	0.576738	0.0	-0.569355	-0.11853499999999999	0.813501	0.0	0.304517	-0.9495680000000001	0.0747644	0.0	-2.91798	-0.46957299999999996	0.32159	0.350458	-0.785833	0.616867	0.0440651	0.0	0.00269562	0.0746679	-0.9972049999999999	0.0	-0.618433	-0.783518	-0.0603395	0.0	1.98345	-0.380259	0.571455	0.36318	
0	0.763613	0.290292	0.576738	0.0	-0.569355	-0.11853499999999999	0.813501	0.0	0.304516	-0.9495680000000001	0.0747644	0.0	-2.91798	-0.46957299999999996	0.32159	0.350458	-0.785833	0.616867	0.0440651	0.0	0.00269559	0.0746679	-0.9972049999999999	0.0	-0.618433	-0.783518	-0.0603395	0.0	1.98345	-0.380259	0.571455	0.36318	
0	0.763613	0.290292	0.576738	0.0	-0.569355	-0.11853499999999999	0.813501	0.0	0.304517	-0.9495680000000001	0.07476419999999999	0.0	-2.91799	-0.469571	0.32159	0.350458	-0.785833	0.616867	0.0440651	0.0	0.00269562	0.0746679	-0.9972049999999999	0.0	-0.618433	-0.783518	-0.0603395	0.0	1.98345	-0.380259	0.571455	0.363181	
0	0.763613	0.290292	0.576738	0.0	-0.569355	-0.11853499999999999	0.813501	0.0	0.304517	-0.9495680000000001	0.0747644	0.0	-2.91798	-0.46957200000000004	0.32159	0.350459	-0.785833	0.616867	0.0440651	0.0	0.00269559	0.0746679	-0.9972049999999999	0.0	-0.618433	-0.783518	-0.0603395	0.0	1.98345	-0.380259	0.571455	0.363181	
0	0.763613	0.290292	0.576738	0.0	-0.569355	-0.11853499999999999	0.813501	0.0	0.304517	-0.9495680000000001	0.0747644	0.0	-2.91798	-0.46957200000000004	0.32159	0.350458	-0.785833	0.616867	0.0440651	0.0	0.00269559	0.0746679	-0.9972049999999999	0.0	-0.618433	-0.783518	-0.0603395	0.0	1.98345	-0.380259	0.571455	0.363181	
0	0.763613	0.290292	0.576738	0.0	-0.569355	-0.11853499999999999	0.813501	0.0	0.304517	-0.9495680000000001	0.0747644	0.0	-2.91798	-0.46957299999999996	0.32159	0.350459	-0.785833	0.616867	0.0440651	0.0	0.00269559	0.0746679	-0.9972049999999999	0.0	-0.618433	-0.783518	-0.0603395	0.0	1.98345	-0.380259	0.571455	0.363181	
0	0.763613	0.290292	0.576738	0.0	-0.569355	-0.11853499999999999	0.813501	0.0	0.304517	-0.9495680000000001	0.0747644	0.0	-2.91798	-0.46957200000000004	0.32159	0.350459	-0.785833	0.616867	0.0440651	0.0	0.00269559	0.0746679	-0.9972049999999999	0.0	-0.618433	-0.783518	-0.0603395	0.0	1.98345	-0.380259	0.571455	0.363181	
0	0.763613	0.290292	0.576738	0.0	-0.569355	-0.11853499999999999	0.813501	0.0	0.304517	-0.9495680000000001	0.0747644	0.0	-2.91798	-0.46957299999999996	0.32159	0.350459	-0.785833	0.616867	0.0440651	0.0	0.00269559	0.0746679	-0.9972049999999999	0.0	-0.618433	-0.783518	-0.0603395	0.0	1.98345	-0.380259	0.571455	0.363181	
0	0.763613	0.290292	0.576738	0.0	-0.569355	-0.11853499999999999	0.813501	0.0	0.304517	-0.9495680000000001	0.0747644	0.0	-2.91798	-0.46957200000000004	0.32159	0.350459	-0.785833	0.616867	0.0440651	0.0	0.00269559	0.0746679	-0.9972049999999999	0.0	-0.618433	-0.783518	-0.0603395	0.0	1.98345	-0.380259	0.571455	0.363181	
0	0.782118	0.36983699999999997	0.5015109999999999	0.0	-0.397728	-0.323276	0.858665	0.0	0.479692	-0.871042	-0.105746	0.0	-2.88397	-0.5588770000000001	0.271519	0.35021399999999997	-0.630798	0.772609	0.0718925	0.0	0.135707	0.20107	-0.970131	0.0	-0.763988	-0.602201	-0.231683	0.0	1.96367	-0.40371999999999997	0.66669	0.36327	
0	0.780722	0.34626599999999996	0.520166	0.0	-0.42236	-0.32107399999999997	0.847658	0.0	0.460527	-0.881483	-0.104421	0.0	-2.88198	-0.768987	0.16680999999999999	0.349647	-0.612239	0.785775	0.0878717	0.0	0.138244	0.215806	-0.966601	0.0	-0.7784939999999999	-0.579643	-0.24075300000000002	0.0	1.95196	-0.47041099999999997	0.645564	0.36345700000000003	
0	0.77013	0.330479	0.545604	0.0	-0.454525	-0.31582	0.832865	0.0	0.447557	-0.8894049999999999	-0.0930112	0.0	-2.83374	-1.00437	0.018183500000000002	0.349966	-0.615796	0.783469	0.08349580000000001	0.0	0.136348	0.210338	-0.968074	0.0	-0.776018	-0.584751	-0.23635	0.0	1.91725	-0.540797	0.587251	0.36363	
0	0.772302	0.30638000000000004	0.556489	0.0	-0.473271	-0.306848	0.8257479999999999	0.0	0.42375	-0.9010969999999999	-0.0919789	0.0	-2.80762	-1.22425	-0.149535	0.35007	-0.6125079999999999	0.786258	0.0814357	0.0	0.133704	0.20459000000000002	-0.969673	0.0	-0.779075	-0.583044	-0.23043899999999998	0.0	1.90925	-0.583679	0.538817	0.363603	
0	0.7725989999999999	0.28934	0.565131	0.0	-0.492295	-0.289073	0.821025	0.0	0.400919	-0.912535	-0.0808967	0.0	-2.80151	-1.43306	-0.304017	0.350528	-0.607757	0.790089	0.0799425	0.0	0.132462	0.20011800000000002	-0.970776	0.0	-0.782997	-0.579407	-0.22628	0.0	1.8949	-0.597771	0.5088060000000001	0.36386599999999997	
0	0.7721359999999999	0.276719	0.572042	0.0	-0.512109	-0.262007	0.817983	0.0	0.376231	-0.924542	-0.0605947	0.0	-2.76893	-1.65992	-0.43912700000000005	0.350624	-0.60501	0.792558	0.0762602	0.0	0.134036	0.19579100000000002	-0.971442	0.0	-0.784855	-0.5775100000000001	-0.224687	0.0	1.8816099999999998	-0.588622	0.5002770000000001	0.363874	
0	0.7720090000000001	0.259587	0.580187	0.0	-0.531972	-0.235681	0.8133020000000001	0.0	0.347862	-0.93652	-0.043854500000000005	0.0	-2.7598	-1.8587799999999999	-0.540656	0.350381	-0.602021	0.795157	0.0727805	0.0	0.13228399999999998	0.18921	-0.972985	0.0	-0.787447	-0.576129	-0.219096	0.0	1.8769200000000001	-0.589846	0.501631	0.36380500000000005	
0	0.776266	0.230702	0.586676	0.0	-0.549367	-0.208898	0.8090470000000001	0.0	0.309204	-0.9503360000000001	-0.0354206	0.0	-2.7608	-2.0625	-0.6501520000000001	0.350379	-0.6037899999999999	0.7940020000000001	0.0707016	0.0	0.132576	0.18748199999999998	-0.9732799999999999	0.0	-0.786042	-0.578283	-0.21846500000000002	0.0	1.871	-0.5818479999999999	0.523579	0.363663	
0	0.780782	0.21506999999999998	0.586622	0.0	-0.5605359999999999	-0.17363699999999999	0.809722	0.0	0.276007	-0.961039	-0.0150183	0.0	-2.7743900000000004	-2.21063	-0.724973	0.35015599999999997	-0.605888	0.7924220000000001	0.0704824	0.0	0.133347	0.1885	-0.9729780000000001	0.0	-0.784295	-0.580117	-0.219877	0.0	1.8722	-0.5786640000000001	0.5305840000000001	0.36375799999999997	
0	0.7839550000000001	0.210004	0.5842189999999999	0.0	-0.571084	-0.125109	0.8113020000000001	0.0	0.243468	-0.9696629999999999	0.0218497	0.0	-2.81577	-2.45476	-0.8176760000000001	0.349848	-0.606692	0.792084	0.06729410000000001	0.0	0.13483399999999998	0.185962	-0.973261	0.0	-0.783419	-0.581396	-0.21962199999999998	0.0	1.87545	-0.576363	0.538011	0.36385	
0	0.787821	0.208321	0.579604	0.0	-0.572412	-0.0997034	0.813882	0.0	0.22733699999999998	-0.972965	0.0406969	0.0	-2.84147	-2.62371	-0.9340440000000001	0.349748	-0.60634	0.7925369999999999	0.06509169999999999	0.0	0.135675	0.18375999999999998	-0.973563	0.0	-0.783546	-0.581479	-0.21894899999999998	0.0	1.8756	-0.5705180000000001	0.550924	0.363873	
0	0.7926449999999999	0.202352	0.575124	0.0	-0.570519	-0.08646380000000001	0.81672	0.0	0.21499200000000002	-0.9754879999999999	0.0469103	0.0	-2.8729400000000003	-2.7276700000000003	-1.0732	0.349565	-0.6053069999999999	0.793441	0.063677	0.0	0.136528	0.1823	-0.9737180000000001	0.0	-0.784196	-0.580705	-0.21867399999999998	0.0	1.87297	-0.5661649999999999	0.570511	0.363817	
0	0.800423	0.19405899999999998	0.567154	0.0	-0.565244	-0.0706322	0.821895	0.0	0.19955499999999998	-0.9784440000000001	0.0531547	0.0	-2.90037	-2.79521	-1.21041	0.349428	-0.608481	0.791042	0.0632679	0.0	0.136425	0.182812	-0.9736370000000001	0.0	-0.781754	-0.583808	-0.21915500000000002	0.0	1.8740599999999998	-0.567231	0.5802510000000001	0.363773	
0	0.803041	0.193096	0.563773	0.0	-0.563922	-0.0596197	0.823673	0.0	0.19266	-0.979367	0.061014099999999995	0.0	-2.9281599999999997	-2.8487	-1.32289	0.349115	-0.609599	0.790197	0.0630785	0.0	0.136701	0.183171	-0.9735299999999999	0.0	-0.780834	-0.5848399999999999	-0.21968200000000002	0.0	1.88333	-0.567954	0.586789	0.36385	
0	0.808524	0.187932	0.557647	0.0	-0.560864	-0.0407059	0.8269059999999999	0.0	0.178102	-0.9813379999999999	0.0724926	0.0	-2.9395700000000002	-2.89819	-1.41436	0.349402	-0.610837	0.789159	0.0640855	0.0	0.135979	0.184301	-0.973418	0.0	-0.779993	-0.585885	-0.219887	0.0	1.89271	-0.568573	0.584026	0.363742	
0	0.8197959999999999	0.175831	0.5449930000000001	0.0	-0.5511550000000001	-0.016065	0.834248	0.0	0.155442	-0.984289	0.08374	0.0	-2.94968	-2.93086	-1.46835	0.348733	-0.612851	0.787822	0.0612349	0.0	0.138269	0.18321199999999999	-0.973301	0.0	-0.778007	-0.588022	-0.22121300000000002	0.0	1.8969599999999998	-0.564474	0.578275	0.363807	
0	0.8280280000000001	0.173698	0.533103	0.0	-0.543844	0.0175174	0.8390040000000001	0.0	0.13639400000000002	-0.984643	0.10896900000000001	0.0	-2.97237	-2.98826	-1.52693	0.348466	-0.610926	0.789471	0.0592019	0.0	0.139031	0.180604	-0.9736799999999999	0.0	-0.779384	-0.586616	-0.220097	0.0	1.89973	-0.561025	0.574395	0.363885	
0	0.8332510000000001	0.174112	0.5247649999999999	0.0	-0.5395220000000001	0.0485635	0.84057	0.0	0.120869	-0.9835280000000001	0.134403	0.0	-2.9906	-3.06065	-1.56965	0.348794	-0.610586	0.789737	0.0591683	0.0	0.14013499999999998	0.181273	-0.973397	0.0	-0.779454	-0.586051	-0.22135300000000002	0.0	1.9015099999999998	-0.558473	0.5741430000000001	0.363827	
0	0.8320489999999999	0.173337	0.526924	0.0	-0.542996	0.060397900000000004	0.8375600000000001	0.0	0.113355	-0.983009	0.144375	0.0	-3.00175	-3.10187	-1.56482	0.349296	-0.6088640000000001	0.79091	0.061206899999999995	0.0	0.13994700000000002	0.18304	-0.973094	0.0	-0.780833	-0.583916	-0.22213200000000002	0.0	1.90375	-0.557617	0.5720649999999999	0.36391399999999996	
0	0.830994	0.168828	0.530044	0.0	-0.545769	0.0630725	0.835559	0.0	0.107634	-0.983626	0.144554	0.0	-3.00239	-3.11817	-1.58721	0.349459	-0.607234	0.792135	0.061557900000000006	0.0	0.141621	0.184149	-0.972642	0.0	-0.7818	-0.581904	-0.224005	0.0	1.90641	-0.557588	0.568752	0.363769	
0	0.829015	0.168932	0.5331	0.0	-0.5488569999999999	0.0630655	0.833534	0.0	0.10719000000000001	-0.983608	0.145002	0.0	-3.0082299999999997	-3.1488099999999997	-1.63503	0.349763	-0.605681	0.793347	0.0612471	0.0	0.142259	0.183696	-0.972635	0.0	-0.782887	-0.580393	-0.224122	0.0	1.9072900000000002	-0.55503	0.5723689999999999	0.36385100000000004	
0	0.825781	0.162571	0.5400510000000001	0.0	-0.5540729999999999	0.0550705	0.830644	0.0	0.105298	-0.985159	0.135553	0.0	-3.00379	-3.16225	-1.7038	0.350979	-0.606416	0.7926770000000001	0.0626291	0.0	0.141809	0.185315	-0.9723930000000001	0.0	-0.7824	-0.5807939999999999	-0.224787	0.0	1.90917	-0.554528	0.5713020000000001	0.363584	
0	0.822779	0.157388	0.546135	0.0	-0.558604	0.0466409	0.8281229999999999	0.0	0.10486400000000001	-0.9864350000000001	0.12629300000000002	0.0	-3.0021	-3.18594	-1.7645	0.352433	-0.608138	0.7913279999999999	0.06299790000000001	0.0	0.141596	0.186218	-0.972252	0.0	-0.781101	-0.582343	-0.225295	0.0	1.9085299999999998	-0.554984	0.5820350000000001	0.363608	
0	0.820731	0.15142	0.550884	0.0	-0.561707	0.0377769	0.8264729999999999	0.0	0.104334	-0.9877469999999999	0.116059	0.0	-2.9881599999999997	-3.20091	-1.7941900000000002	0.352168	-0.605866	0.793259	0.060550900000000005	0.0	0.144474	0.18455	-0.972146	0.0	-0.782339	-0.5802430000000001	-0.22641799999999998	0.0	1.90717	-0.548721	0.607101	0.363552	
0	0.8144140000000001	0.15823099999999998	0.558294	0.0	-0.569279	0.0313781	0.8215459999999999	0.0	0.11247599999999999	-0.9869030000000001	0.115632	0.0	-2.9941	-3.20552	-1.7921200000000002	0.351914	-0.606391	0.792902	0.0599742	0.0	0.146375	0.185442	-0.971692	0.0	-0.781578	-0.580447	-0.228512	0.0	1.9182400000000002	-0.544462	0.616284	0.363717	
0	0.81206	0.168209	0.558806	0.0	-0.571943	0.039176	0.819358	0.0	0.115932	-0.984973	0.128019	0.0	-2.9252599999999997	-3.28643	-1.79014	0.34460999999999997	-0.6065470000000001	0.793118	0.055355499999999995	0.0	0.149422	0.182103	-0.9718600000000001	0.0	-0.78088	-0.581208	-0.228963	0.0	1.9496200000000001	-0.53476	0.623131	0.36377800000000005	
0	0.809778	0.17669	0.5595	0.0	-0.574879	0.048189300000000004	0.816818	0.0	0.117362	-0.983086	0.140598	0.0	-2.92029	-3.31777	-1.7603900000000001	0.350246	-0.603483	0.795571	0.05362000000000001	0.0	0.15021700000000002	0.179474	-0.972226	0.0	-0.783099	-0.578667	-0.227818	0.0	1.95865	-0.533251	0.625005	0.363763	
0	0.811481	0.183026	0.554978	0.0	-0.572769	0.06074500000000001	0.817463	0.0	0.115905	-0.9812299999999999	0.154125	0.0	-2.9123099999999997	-3.3434800000000005	-1.71645	0.359569	-0.604841	0.794516	0.053961	0.0	0.15113800000000002	0.181058	-0.9717899999999999	0.0	-0.7818729999999999	-0.579623	-0.229593	0.0	1.9677099999999998	-0.533288	0.625777	0.363683	
0	0.814104	0.184634	0.550586	0.0	-0.569287	0.0665421	0.819441	0.0	0.11465999999999998	-0.9805520000000001	0.159282	0.0	-2.9115	-3.35943	-1.66573	0.360187	-0.603614	0.7954220000000001	0.054358000000000004	0.0	0.151402	0.18129800000000001	-0.9717040000000001	0.0	-0.7827689999999999	-0.578304	-0.22986199999999998	0.0	1.97272	-0.5336069999999999	0.624727	0.363722	
0	0.8148380000000001	0.177528	0.551836	0.0	-0.5695279999999999	0.0677135	0.819178	0.0	0.10805999999999999	-0.981784	0.156283	0.0	-2.91458	-3.3862900000000002	-1.61753	0.360652	-0.602241	0.7963859999999999	0.0554561	0.0	0.15248299999999998	0.18294100000000002	-0.9712270000000001	0.0	-0.783617	-0.5764560000000001	-0.23160999999999998	0.0	1.97321	-0.532979	0.622963	0.363717	
0	0.815721	0.169388	0.553089	0.0	-0.569249	0.06524450000000001	0.819572	0.0	0.10274000000000001	-0.9833879999999999	0.149645	0.0	-2.94116	-3.4361300000000004	-1.61327	0.360313	-0.597076	0.800289	0.05511669999999999	0.0	0.15142	0.17991	-0.971959	0.0	-0.787764	-0.571988	-0.2286	0.0	1.9688299999999999	-0.5332640000000001	0.620524	0.36386599999999997	
0	0.815824	0.168501	0.553208	0.0	-0.568743	0.0605793	0.820282	0.0	0.10470499999999999	-0.9838379999999999	0.145256	0.0	-2.95574	-3.4668099999999997	-1.6018700000000001	0.361164	-0.594342	0.8023100000000001	0.0552857	0.0	0.151122	0.17894100000000002	-0.972184	0.0	-0.789886	-0.569455	-0.22759899999999997	0.0	1.94117	-0.536791	0.615625	0.363848	
0	0.815268	0.170252	0.553491	0.0	-0.568567	0.053999	0.8208629999999999	0.0	0.109866	-0.9839200000000001	0.140823	0.0	-2.9597900000000004	-3.47082	-1.60222	0.36052	-0.593496	0.8029	0.055813	0.0	0.15003699999999998	0.178504	-0.972433	0.0	-0.790729	-0.568761	-0.226406	0.0	1.9312099999999999	-0.535852	0.616323	0.363898	
0	0.813385	0.171194	0.5559649999999999	0.0	-0.5702010000000001	0.045338300000000005	0.8202530000000001	0.0	0.11521600000000001	-0.984194	0.134493	0.0	-2.96312	-3.4731099999999997	-1.59969	0.35891100000000004	-0.5941649999999999	0.8024220000000001	0.0555697	0.0	0.150622	0.17886300000000002	-0.972276	0.0	-0.790115	-0.569322	-0.227136	0.0	1.92966	-0.536034	0.614933	0.363665	
0	0.813416	0.165949	0.557508	0.0	-0.569829	0.034826300000000004	0.821025	0.0	0.11683199999999999	-0.985519	0.12289100000000001	0.0	-2.9898	-3.5739400000000003	-1.64178	0.354663	-0.594301	0.80253	0.0524491	0.0	0.151652	0.175871	-0.972662	0.0	-0.7898149999999999	-0.5701	-0.226226	0.0	1.9261400000000002	-0.537353	0.622942	0.363716	
0	0.811501	0.173761	0.5579189999999999	0.0	-0.5707300000000001	0.030728700000000005	0.8205629999999999	0.0	0.12543800000000002	-0.984308	0.124107	0.0	-2.9634	-3.6266300000000005	-1.6740700000000002	0.35302	-0.594495	0.802449	0.05148919999999999	0.0	0.151597	0.174735	-0.972875	0.0	-0.78968	-0.5705640000000001	-0.225528	0.0	1.9264599999999998	-0.533231	0.629841	0.363733	
0	0.8107880000000001	0.175476	0.5584180000000001	0.0	-0.570637	0.0244755	0.820838	0.0	0.13037	-0.9841790000000001	0.119978	0.0	-2.9546900000000003	-3.6404300000000003	-1.6997099999999998	0.350848	-0.596949	0.800635	0.0513365	0.0	0.152419	0.17600000000000002	-0.972519	0.0	-0.787668	-0.572719	-0.227095	0.0	1.93097	-0.532323	0.635471	0.363676	
0	0.8091619999999999	0.181989	0.558692	0.0	-0.571063	0.0196752	0.8206700000000001	0.0	0.13836099999999998	-0.9831040000000001	0.119848	0.0	-2.9138	-3.6388	-1.72248	0.33763699999999996	-0.596492	0.80108	0.0496916	0.0	0.153988	0.174983	-0.972455	0.0	-0.787709	-0.5724090000000001	-0.227733	0.0	1.945	-0.532892	0.634966	0.363764	
0	0.8040729999999999	0.195022	0.561634	0.0	-0.575706	0.019574400000000002	0.817422	0.0	0.148422	-0.9806040000000001	0.12801500000000002	0.0	-2.86908	-3.6255	-1.75963	0.284296	-0.5963890000000001	0.801242	0.048281	0.0	0.155977	0.17468	-0.972193	0.0	-0.787395	-0.572274	-0.22915300000000002	0.0	1.96138	-0.526216	0.645522	0.363618	
0	0.801164	0.209576	0.5605479999999999	0.0	-0.577497	0.025090099999999997	0.8160069999999999	0.0	0.156952	-0.9774700000000001	0.141131	0.0	-2.81405	-3.60825	-1.7785400000000002	0.207736	-0.595005	0.802234	0.0488837	0.0	0.156584	0.17536300000000002	-0.971972	0.0	-0.788321	-0.570674	-0.22995900000000002	0.0	1.9614200000000002	-0.521367	0.656521	0.36351500000000003	
0	0.8035100000000001	0.215941	0.5547449999999999	0.0	-0.58008	0.07470510000000001	0.811127	0.0	0.133713	-0.9735450000000001	0.185289	0.0	-2.79693	-3.57786	-1.7811099999999997	0.175323	-0.596197	0.801478	0.0467298	0.0	0.159224	0.17509	-0.971592	0.0	-0.786891	-0.571819	-0.23200300000000001	0.0	1.96763	-0.521365	0.664095	0.363528	
0	0.80401	0.20889000000000002	0.556716	0.0	-0.582778	0.0909405	0.807527	0.0	0.118056	-0.9737020000000001	0.194853	0.0	-2.79442	-3.57285	-1.7814599999999998	0.175333	-0.593771	0.803457	0.0435045	0.0	0.16188699999999998	0.17225	-0.9716600000000001	0.0	-0.788181	-0.569901	-0.232346	0.0	1.9775599999999998	-0.519331	0.6614270000000001	0.363768	
0	0.80435	0.20762399999999998	0.5566979999999999	0.0	-0.5826399999999999	0.092057	0.8075	0.0	0.116408	-0.973867	0.195016	0.0	-2.79195	-3.5709199999999996	-1.7809400000000002	0.174924	-0.593616	0.8035899999999999	0.0431615	0.0	0.162324	0.172095	-0.971614	0.0	-0.788207	-0.56976	-0.2326	0.0	1.9791900000000002	-0.515662	0.658979	0.363624	
0	0.811715	0.19508499999999998	0.55051	0.0	-0.574922	0.100855	0.8119689999999999	0.0	0.102881	-0.9755870000000001	0.194024	0.0	-2.78247	-3.56558	-1.77905	0.17492	-0.592899	0.8040510000000001	0.0444101	0.0	0.161695	0.172896	-0.971577	0.0	-0.788876	-0.568866	-0.232521	0.0	1.9810299999999998	-0.5131979999999999	0.655841	0.363722	
0	0.812308	0.19933	0.5481090000000001	0.0	-0.5761	0.127736	0.807337	0.0	0.0909127	-0.9715719999999999	0.21859499999999998	0.0	-2.77536	-3.5468900000000003	-1.7742900000000001	0.174927	-0.592856	0.804179	0.0426395	0.0	0.162663	0.171439	-0.9716739999999999	0.0	-0.78871	-0.569127	-0.232449	0.0	1.9802099999999998	-0.5184529999999999	0.6552560000000001	0.363643	
0	0.820682	0.193938	0.537466	0.0	-0.565434	0.140238	0.8127840000000001	0.0	0.0822566	-0.970938	0.22475	0.0	-2.74302	-3.4860599999999997	-1.77371	0.17491800000000002	-0.592036	0.8046909999999999	0.044343900000000006	0.0	0.16203299999999998	0.172751	-0.9715459999999999	0.0	-0.789455	-0.568005	-0.232661	0.0	1.9825400000000002	-0.5226149999999999	0.64482	0.363727	
0	0.825825	0.197437	0.528234	0.0	-0.5573239999999999	0.14282999999999998	0.817918	0.0	0.0860392	-0.9698549999999999	0.227989	0.0	-2.71183	-3.4344300000000003	-1.7700900000000002	0.174913	-0.591663	0.804966	0.0443321	0.0	0.162022	0.172597	-0.971576	0.0	-0.789737	-0.567663	-0.232541	0.0	1.98535	-0.524784	0.634803	0.363699	
0	0.8275530000000001	0.183272	0.53063	0.0	-0.5469649999999999	0.050346100000000005	0.8356399999999999	0.0	0.126434	-0.981772	0.141907	0.0	-2.66693	-3.24779	-1.73807	0.17488299999999998	-0.5889479999999999	0.806782	0.0473618	0.0	0.160437	0.174153	-0.971561	0.0	-0.792086	-0.5646	-0.23200500000000002	0.0	1.98918	-0.5278390000000001	0.621328	0.363719	
0	0.831852	0.172006	0.527671	0.0	-0.542967	0.055336	0.837929	0.0	0.11492899999999999	-0.983541	0.139425	0.0	-2.68003	-3.07216	-1.6540599999999999	0.175289	-0.586914	0.807937	0.0526305	0.0	0.158563	0.178445	-0.97109	0.0	-0.793971	-0.561601	-0.232841	0.0	1.9914900000000002	-0.542058	0.592264	0.363678	
0	0.8356020000000001	0.164195	0.5242220000000001	0.0	-0.539267	0.0633172	0.839751	0.0	0.104691	-0.9843940000000001	0.141453	0.0	-2.68403	-2.8586099999999997	-1.5404	0.1753	-0.5839340000000001	0.809851	0.05623290000000001	0.0	0.15855	0.181707	-0.9704870000000001	0.0	-0.796168	-0.5577840000000001	-0.23450700000000002	0.0	1.99891	-0.553773	0.544891	0.363606	
0	0.839723	0.151587	0.521428	0.0	-0.53552	0.0721822	0.841432	0.0	0.08991210000000001	-0.9858049999999999	0.141791	0.0	-2.69395	-2.72416	-1.5081799999999999	0.17486400000000002	-0.57668	0.8150029999999999	0.0566635	0.0	0.15631199999999998	0.178148	-0.9715090000000001	0.0	-0.8018770000000001	-0.551392	-0.230129	0.0	1.9982900000000001	-0.564052	0.5232939999999999	0.363728	
0	0.843403	0.145264	0.5172720000000001	0.0	-0.5312520000000001	0.0816321	0.8432719999999999	0.0	0.0802707	-0.9860200000000001	0.14602	0.0	-2.70593	-2.60451	-1.501	0.17485	-0.569231	0.820098	0.0584495	0.0	0.152527	0.175191	-0.972648	0.0	-0.807906	-0.544746	-0.224811	0.0	1.9614200000000002	-0.56784	0.504397	0.36386199999999996	
0	0.846534	0.143104	0.51274	0.0	-0.527113	0.0907535	0.844935	0.0	0.0743806	-0.9855379999999999	0.152258	0.0	-2.70371	-2.54383	-1.50478	0.175267	-0.565492	0.8225120000000001	0.0607639	0.0	0.15106	0.17572100000000002	-0.9727809999999999	0.0	-0.810802	-0.540921	-0.22361799999999998	0.0	1.9464700000000001	-0.574087	0.48519700000000004	0.363852	
0	0.8451799999999999	0.143181	0.514946	0.0	-0.529216	0.0892798	0.843777	0.0	0.0748385	-0.985662	0.151231	0.0	-2.7074700000000003	-2.5245900000000003	-1.5034	0.175285	-0.56258	0.8243229999999999	0.0632129	0.0	0.149072	0.17635	-0.972974	0.0	-0.813192	-0.537953	-0.222094	0.0	1.94407	-0.57455	0.476238	0.36394699999999996	
0	0.843234	0.140674	0.518813	0.0	-0.53201	0.0802326	0.842929	0.0	0.0769525	-0.9868	0.142495	0.0	-2.71216	-2.48345	-1.49343	0.175238	-0.554906	0.8297399999999999	0.0600969	0.0	0.152814	0.172675	-0.9730530000000001	0.0	-0.817757	-0.5307689999999999	-0.22261399999999998	0.0	1.94608	-0.584512	0.431011	0.363973	
0	0.8402360000000001	0.13932	0.524016	0.0	-0.536183	0.0696622	0.8412229999999999	0.0	0.0806949	-0.9877940000000001	0.133234	0.0	-2.60396	-2.0485	-0.952318	0.175294	-0.527868	0.849326	-0.000750542	0.0	0.191935	0.11843	-0.9742360000000001	0.0	-0.827355	-0.514412	-0.22553099999999998	0.0	1.9434099999999999	-0.616472	0.32889	0.36398	
0	0.83852	0.134642	0.5279739999999999	0.0	-0.536784	0.0378003	0.842873	0.0	0.0935284	-0.990173	0.10397	0.0	-2.62458	-1.8661299999999998	-0.9298290000000001	0.175295	-0.445457	0.87659	-0.182096	0.0	0.306123	-0.042004	-0.9510649999999999	0.0	-0.841342	-0.47940200000000005	-0.249633	0.0	1.94163	-0.65873	0.0911844	0.363189	
0	0.838577	0.131851	0.528587	0.0	-0.535406	0.0202173	0.844353	0.0	0.100642	-0.9910629999999999	0.08754760000000002	0.0	-2.6177799999999998	-1.777	-0.9208430000000001	0.175293	-0.38790399999999997	0.8736659999999999	-0.293662	0.0	0.355769	-0.15199300000000002	-0.922132	0.0	-0.8502700000000001	-0.462174	-0.251865	0.0	1.90812	-0.709916	-0.0237858	0.36340500000000003	
0	0.838823	0.124771	0.529914	0.0	-0.530778	-0.028986900000000003	0.847015	0.0	0.12104300000000001	-0.991762	0.0419106	0.0	-2.6352700000000002	-1.5596	-0.930803	0.175304	-0.24731399999999998	0.779098	-0.5760569999999999	0.0	0.440183	-0.43929300000000004	-0.783109	0.0	-0.8631770000000001	-0.447245	-0.234303	0.0	1.7784900000000001	-0.953314	-0.311224	0.363713	
0	0.841333	0.12055899999999999	0.5269	0.0	-0.525833	-0.0431132	0.8494950000000001	0.0	0.125131	-0.99177	0.0271214	0.0	-2.65381	-1.49266	-0.9243379999999999	0.17488399999999998	-0.203323	0.732054	-0.650197	0.0	0.45756499999999994	-0.51605	-0.724104	0.0	-0.865617	-0.44473500000000005	-0.230037	0.0	1.7191400000000001	-1.0443	-0.409811	0.363615	
0	0.8431360000000001	0.11429500000000001	0.525412	0.0	-0.519907	-0.0760021	0.850835	0.0	0.137178	-0.990535	-0.00465758	0.0	-2.69864	-1.3316299999999999	-0.894653	0.17530199999999999	-0.0516318	0.529421	-0.846786	0.0	0.489033	-0.725895	-0.48365699999999995	0.0	-0.8707360000000001	-0.43907799999999997	-0.221425	0.0	1.52966	-1.2065	-0.646125	0.362669	
0	0.840015	0.10449000000000001	0.532406	0.0	-0.521984	-0.11205799999999999	0.845563	0.0	0.148013	-0.988193	-0.039588599999999995	0.0	-2.7039299999999997	-1.19835	-0.8991	0.1753	0.026701599999999995	0.38679600000000003	-0.9217790000000001	0.0	0.48031599999999997	-0.813654	-0.327511	0.0	-0.8766889999999999	-0.434	-0.20751	0.0	1.3783299999999998	-1.26505	-0.802936	0.361621	
0	0.83598	0.105351	0.538553	0.0	-0.524913	-0.132652	0.840756	0.0	0.16001400000000002	-0.985548	-0.0555946	0.0	-2.70265	-1.129	-0.9177270000000001	0.175304	0.0692577	0.29704899999999995	-0.9523469999999999	0.0	0.465379	-0.8540200000000001	-0.23253600000000002	0.0	-0.8823979999999999	-0.427098	-0.197388	0.0	1.24718	-1.31192	-0.9428110000000001	0.358509	
0	0.8312360000000001	0.113044	0.544305	0.0	-0.5290630000000001	-0.13978800000000002	0.83699	0.0	0.170704	-0.983708	-0.0563894	0.0	-2.68303	-1.09701	-0.921003	0.175301	0.0989216	0.25559899999999997	-0.961709	0.0	0.44871300000000003	-0.874073	-0.18615299999999999	0.0	-0.888184	-0.413116	-0.201156	0.0	1.13971	-1.3088600000000001	-1.0421200000000002	0.358113	
0	0.826749	0.121327	0.5493319999999999	0.0	-0.531378	-0.15221700000000002	0.833347	0.0	0.184726	-0.980872	-0.0613747	0.0	-2.60205	-1.0777700000000001	-0.927241	0.17530199999999999	0.143835	0.17377	-0.974226	0.0	0.427253	-0.8988870000000001	-0.0972518	0.0	-0.892618	-0.402252	-0.203535	0.0	0.930884	-1.2744	-1.21699	0.34887199999999996	
0	0.8207030000000001	0.125843	0.5573239999999999	0.0	-0.538155	-0.157409	0.828017	0.0	0.191928	-0.979483	-0.061462800000000005	0.0	-2.5628599999999997	-1.0838700000000001	-0.9324959999999999	0.17530199999999999	0.147247	0.149444	-0.9777450000000001	0.0	0.431216	-0.89933	-0.0725178	0.0	-0.8901530000000001	-0.410941	-0.196866	0.0	0.859401	-1.28965	-1.26924	0.348528	
0	0.814925	0.130736	0.564629	0.0	-0.5430729999999999	-0.167986	0.82271	0.0	0.202408	-0.977082	-0.0658964	0.0	-2.50335	-1.10327	-0.9469200000000001	0.17488599999999999	0.145045	0.11305499999999999	-0.9829450000000001	0.0	0.42861400000000005	-0.9025770000000001	-0.040563999999999996	0.0	-0.891769	-0.415421	-0.179372	0.0	0.697476	-1.31085	-1.32971	0.347731	
0	0.802034	0.14266099999999998	0.579991	0.0	-0.5565829999999999	-0.173788	0.812412	0.0	0.21669499999999997	-0.9743950000000001	-0.05998150000000001	0.0	-2.41557	-1.1502700000000001	-0.976833	0.17489000000000002	0.140432	0.111376	-0.983806	0.0	0.421559	-0.905811	-0.0423713	0.0	-0.895861	-0.40878200000000003	-0.174157	0.0	0.515495	-1.30138	-1.40978	0.347046	
0	0.797331	0.147239	0.585307	0.0	-0.5612729999999999	-0.175648	0.8087770000000001	0.0	0.22189099999999998	-0.9733799999999999	-0.057408400000000005	0.0	-2.3682	-1.16238	-0.9869899999999999	0.17488900000000002	0.141449	0.112384	-0.9835459999999999	0.0	0.41931599999999997	-0.9068069999999999	-0.043311	0.0	-0.896753	-0.40629	-0.17539200000000002	0.0	0.445296	-1.30034	-1.42456	0.347076	
