0	0.172599	0.872612	-0.456901	0.0	-0.027415600000000002	0.46793900000000005	0.883336	0.0	0.984611	-0.13993699999999998	0.104689	0.0	-2.78361	1.8273	1.39949	0.0	-0.41434399999999993	0.796564	-0.440233	0.0	0.331899	-0.31815	-0.8880450000000001	0.0	-0.8474440000000001	-0.514069	-0.132555	0.0	2.7084200000000003	1.94206	1.58988	1.39792e-05	
0	0.157716	0.8797200000000001	-0.448574	0.0	-0.117066	0.467712	0.876094	0.0	0.9805209999999999	-0.0856614	0.176751	0.0	-2.7739	1.6774099999999998	1.35247	0.0	-0.340857	0.855403	-0.390002	0.0	0.22009499999999999	-0.33070700000000003	-0.91771	0.0	-0.9139879999999999	-0.39864499999999997	-0.0755464	0.0	2.7475	1.8777599999999999	1.5469600000000001	0.0484298	
0	0.188776	0.917876	-0.349094	0.0	-0.0443595	0.363093	0.930696	0.0	0.9810180000000001	-0.160208	0.10926	0.0	-2.74425	1.6803	1.38592	0.365076	-0.386052	0.863768	-0.323834	0.0	0.23450700000000002	-0.24762199999999998	-0.940048	0.0	-0.892172	-0.438849	-0.106965	0.0	2.67809	1.8860700000000001	1.6012899999999999	0.363446	
0	0.21516300000000002	0.923025	-0.31895300000000004	0.0	-0.039004199999999996	0.334464	0.941601	0.0	0.975799	-0.190157	0.107966	0.0	-2.6603	1.6728	1.43153	0.352653	-0.400985	0.855261	-0.328237	0.0	0.23114099999999999	-0.252255	-0.93965	0.0	-0.886445	-0.452654	-0.0965359	0.0	2.6840200000000003	1.86505	1.64926	0.363088	
0	0.198348	0.938383	-0.283013	0.0	-0.0710578	0.301757	0.9507329999999999	0.0	0.9775530000000001	-0.168466	0.126532	0.0	-2.65147	1.67888	1.4119899999999999	0.349536	-0.41548599999999997	0.856517	-0.306187	0.0	0.22460100000000002	-0.22958800000000001	-0.947018	0.0	-0.881434	-0.462242	-0.09698380000000001	0.0	2.6741099999999998	1.89457	1.7239	0.363159	
0	0.186864	0.9487180000000001	-0.25498200000000004	0.0	-0.11571	0.279002	0.9532940000000001	0.0	0.975548	-0.148633	0.161911	0.0	-2.65361	1.69305	1.4133200000000001	0.34515	-0.424742	0.854511	-0.299006	0.0	0.222275	-0.22173800000000002	-0.949435	0.0	-0.877604	-0.46972600000000003	-0.09575510000000001	0.0	2.68487	1.91505	1.8031400000000002	0.363717	
0	0.17604	0.9552639999999999	-0.237656	0.0	-0.108971	0.258853	0.95975	0.0	0.978333	-0.143057	0.14966400000000002	0.0	-2.6454299999999997	1.8026200000000001	1.45341	0.328183	-0.424192	0.858159	-0.28917800000000005	0.0	0.21118699999999999	-0.216781	-0.953103	0.0	-0.880603	-0.465369	-0.0892752	0.0	2.73197	1.9254799999999999	1.8693799999999998	0.36381199999999997	
0	0.07078960000000001	0.953641	-0.292504	0.0	-0.09556289999999999	0.298374	0.9496530000000001	0.0	0.9929030000000001	-0.039273199999999994	0.11225399999999999	0.0	-2.67605	1.9177400000000002	1.40537	0.30084299999999997	-0.43286199999999997	0.8559950000000001	-0.282671	0.0	0.219933	-0.20381400000000002	-0.9539860000000001	0.0	-0.8742200000000001	-0.475113	-0.100039	0.0	2.75842	1.9182299999999999	1.9003599999999998	0.363665	
0	-0.00759405	0.913551	-0.406652	0.0	-0.11898900000000001	0.402949	0.9074540000000001	0.0	0.992867	0.055278499999999994	0.105643	0.0	-2.7316599999999998	2.0737400000000004	1.38575	0.184502	-0.43208100000000005	0.856319	-0.282886	0.0	0.219283	-0.204505	-0.953988	0.0	-0.874769	-0.474232	-0.0994132	0.0	2.78966	1.94343	1.9065599999999998	0.364	
0	-0.131658	0.857776	-0.49687600000000004	0.0	-0.142757	0.479608	0.865792	0.0	0.9809620000000001	0.184921	0.0593095	0.0	-2.8315099999999997	2.2410900000000002	1.32328	0.199978	-0.42724799999999996	0.861358	-0.27481	0.0	0.219173	-0.196213	-0.9557530000000001	0.0	-0.877167	-0.468574	-0.10495499999999999	0.0	2.7909200000000003	1.9670400000000001	1.8940000000000001	0.363759	
0	-0.142905	0.83735	-0.527658	0.0	-0.151036	0.508436	0.847751	0.0	0.978144	0.200843	0.053812099999999995	0.0	-2.87351	2.40002	1.30005	0.330373	-0.419195	0.868469	-0.26464499999999996	0.0	0.210298	-0.190683	-0.9588610000000001	0.0	-0.8832040000000001	-0.45760500000000004	-0.10270399999999999	0.0	2.7595400000000003	1.95613	1.87053	0.364001	
0	-0.142556	0.822076	-0.551243	0.0	-0.170395	0.528234	0.8318260000000001	0.0	0.975009	0.212511	0.0647745	0.0	-2.8391900000000003	2.4767099999999997	1.31015	0.321431	-0.42505200000000004	0.8682549999999999	-0.255861	0.0	0.203345	-0.183849	-0.961692	0.0	-0.882033	-0.460797	-0.0984098	0.0	2.6939900000000003	1.9354099999999999	1.85422	0.363966	
0	-0.135378	0.8240430000000001	-0.550114	0.0	-0.14818800000000001	0.532141	0.8335870000000001	0.0	0.979649	0.19436900000000001	0.050073	0.0	-2.85792	2.52025	1.33301	0.267268	-0.43242299999999995	0.865132	-0.25408200000000003	0.0	0.202286	-0.181526	-0.962356	0.0	-0.8786870000000001	-0.467542	-0.0965086	0.0	2.6591299999999998	1.94803	1.83438	0.363976	
0	-0.0734584	0.8715930000000001	-0.484696	0.0	-0.09601130000000001	0.477571	0.873331	0.0	0.9926659999999999	0.11069000000000001	0.0486012	0.0	-2.91873	2.5274099999999997	1.3601	0.27623600000000004	-0.437576	0.8622780000000001	-0.25495999999999996	0.0	0.194766	-0.185925	-0.963067	0.0	-0.877835	-0.47107299999999996	-0.0865865	0.0	2.62112	1.95685	1.8316299999999999	0.36398600000000003	
0	0.00217238	0.913183	-0.407545	0.0	-0.0625918	0.406871	0.9113389999999999	0.0	0.9980370000000001	0.0235291	0.058041499999999996	0.0	-2.94329	2.4597700000000002	1.3860700000000001	0.324815	-0.445209	0.860427	-0.24789899999999998	0.0	0.187145	-0.181324	-0.9654520000000001	0.0	-0.8756520000000001	-0.476221	-0.08029760000000001	0.0	2.60975	1.95938	1.83838	0.363989	
0	0.282854	0.9438690000000001	-0.170601	0.0	-0.0419981	0.189881	0.980908	0.0	0.9582430000000001	-0.270289	0.0933495	0.0	-2.92142	2.13956	1.49403	0.35078899999999996	-0.504437	0.837016	-0.212008	0.0	0.158249	-0.151757	-0.975668	0.0	-0.848823	-0.525713	-0.055904999999999996	0.0	2.58242	1.94865	1.86768	0.36396799999999996	
0	0.412892	0.9104180000000001	-0.0256709	0.0	-0.0853005	0.0667164	0.9941190000000001	0.0	0.906777	-0.40827399999999997	0.105206	0.0	-2.91606	1.94799	1.51715	0.352177	-0.553276	0.817666	-0.159088	0.0	0.124927	-0.107374	-0.986339	0.0	-0.823577	-0.565592	-0.042741	0.0	2.5696	1.9324599999999998	1.8828900000000002	0.36398	
0	0.495554	0.864426	0.0848201	0.0	-0.14368399999999998	-0.0147237	0.9895139999999999	0.0	0.85661	-0.502545	0.116908	0.0	-2.9177400000000002	1.78443	1.51546	0.353611	-0.612813	0.785508	-0.08624580000000001	0.0	0.0782035	-0.0483211	-0.995766	0.0	-0.786349	-0.616963	-0.0318178	0.0	2.54212	1.9183700000000001	1.9106900000000002	0.36398400000000003	
0	0.529775	0.838289	0.128881	0.0	-0.17624	-0.0398344	0.983541	0.0	0.829625	-0.54377	0.126637	0.0	-2.9212700000000003	1.71125	1.5179799999999999	0.353723	-0.645093	0.762904	-0.0428119	0.0	0.053976800000000005	-0.010390799999999999	-0.9984879999999999	0.0	-0.762195	-0.646429	-0.0344763	0.0	2.52159	1.8857700000000002	1.89785	0.363981	
0	0.60812	0.75435	0.24727800000000003	0.0	-0.280463	-0.08724860000000001	0.9558909999999999	0.0	0.7426510000000001	-0.650649	0.15850899999999998	0.0	-2.89835	1.4946	1.5379	0.35589	-0.705836	0.7057760000000001	0.0606236	0.0	-0.029805900000000003	0.055915099999999995	-0.997991	0.0	-0.7077479999999999	-0.706225	-0.0184308	0.0	2.43339	1.7476200000000002	1.82447	0.363989	
0	0.6420359999999999	0.713536	0.280456	0.0	-0.310251	-0.0927133	0.9461229999999999	0.0	0.701095	-0.694457	0.16185	0.0	-2.8872400000000003	1.37677	1.55024	0.356049	-0.735445	0.66655	0.12178699999999999	0.0	-0.0897167	0.082362	-0.992556	0.0	-0.671619	-0.740897	-0.000772059	0.0	2.38024	1.6831200000000002	1.78171	0.363993	
0	0.6677109999999999	0.671823	0.32065	0.0	-0.342486	-0.105208	0.9336139999999999	0.0	0.660958	-0.733202	0.159842	0.0	-2.8769400000000003	1.2857299999999998	1.5366600000000001	0.35580100000000003	-0.750586	0.6352909999999999	0.181732	0.0	-0.13230899999999998	0.124963	-0.9833	0.0	-0.6473909999999999	-0.762096	-0.00974101	0.0	2.33774	1.6660099999999998	1.7209999999999999	0.36397199999999996	
0	0.678984	0.652881	0.33574899999999996	0.0	-0.35381799999999997	-0.109707	0.928858	0.0	0.643267	-0.749474	0.15651199999999998	0.0	-2.8750400000000003	1.25934	1.53399	0.35549200000000003	-0.751196	0.629876	0.19738699999999998	0.0	-0.14391099999999998	0.13555899999999999	-0.9802620000000001	0.0	-0.644201	-0.764775	-0.0111849	0.0	2.32887	1.6686299999999998	1.67488	0.363983	
0	0.705391	0.600642	0.376367	0.0	-0.37974	-0.12812	0.9161790000000001	0.0	0.5985159999999999	-0.7891859999999999	0.137713	0.0	-2.91997	1.16991	1.41919	0.353688	-0.756246	0.60593	0.246863	0.0	-0.178674	0.171707	-0.9688100000000001	0.0	-0.629419	-0.776766	-0.0215891	0.0	2.30708	1.66603	1.54661	0.363987	
0	0.715804	0.568185	0.405944	0.0	-0.395286	-0.149532	0.9063049999999999	0.0	0.575651	-0.8092010000000001	0.11756	0.0	-2.9199599999999997	1.12386	1.37453	0.353497	-0.763753	0.586916	0.268721	0.0	-0.192156	0.19070399999999998	-0.962657	0.0	-0.6162449999999999	-0.786868	-0.0328717	0.0	2.30143	1.63621	1.4579600000000001	0.363967	
0	0.7371939999999999	0.5083850000000001	0.445072	0.0	-0.419178	-0.172517	0.8913629999999999	0.0	0.529938	-0.843672	0.08592469999999999	0.0	-2.92235	1.01286	1.28853	0.35229499999999997	-0.770688	0.575155	0.274293	0.0	-0.199693	0.190773	-0.961108	0.0	-0.605114	-0.795489	-0.0321715	0.0	2.296	1.55577	1.37717	0.363987	
0	0.748954	0.46373000000000003	0.47331000000000006	0.0	-0.442115	-0.18233	0.878231	0.0	0.49356099999999997	-0.8670120000000001	0.0684648	0.0	-2.93011	0.846656	1.14978	0.352105	-0.782375	0.555983	0.28066599999999997	0.0	-0.207283	0.192503	-0.9591540000000001	0.0	-0.587302	-0.808595	-0.03536369999999999	0.0	2.28074	1.44479	1.28782	0.363967	
0	0.753124	0.451117	0.47885	0.0	-0.444754	-0.18721400000000002	0.875868	0.0	0.484766	-0.8726079999999999	0.05964069999999999	0.0	-2.91399	0.7531100000000001	1.0623200000000002	0.352525	-0.786866	0.5477810000000001	0.28421399999999997	0.0	-0.21126999999999999	0.193605	-0.9580620000000001	0.0	-0.579834	-0.813912	-0.0366119	0.0	2.26062	1.39367	1.24795	0.364009	
0	0.7600979999999999	0.42291999999999996	0.493346	0.0	-0.46659399999999995	-0.173192	0.8673489999999999	0.0	0.452262	-0.8894629999999999	0.0656894	0.0	-2.8710299999999997	0.44534700000000005	0.825089	0.351559	-0.798953	0.526109	0.29134699999999997	0.0	-0.21958200000000003	0.19580899999999998	-0.955742	0.0	-0.559873	-0.827567	-0.040918500000000003	0.0	2.18467	1.18236	1.10297	0.363989	
0	0.760278	0.384525	0.523563	0.0	-0.496208	-0.17638199999999998	0.8500979999999999	0.0	0.419231	-0.906107	0.056704899999999996	0.0	-2.8197200000000002	0.136061	0.592054	0.351001	-0.8030109999999999	0.510676	0.30722	0.0	-0.22591399999999998	0.216191	-0.9498549999999999	0.0	-0.5514859999999999	-0.832149	-0.0582351	0.0	2.07658	0.9709209999999999	0.94552	0.363991	
0	0.7649520000000001	0.356718	0.536285	0.0	-0.506541	-0.181095	0.842983	0.0	0.397825	-0.916492	0.0421635	0.0	-2.80424	-0.097743	0.342442	0.35037399999999996	-0.8063229999999999	0.505045	0.307854	0.0	-0.223994	0.22098299999999998	-0.949207	0.0	-0.5474220000000001	-0.834324	-0.0650567	0.0	2.00358	0.765529	0.767645	0.36395500000000003	
0	0.771525	0.34870100000000004	0.532125	0.0	-0.5112909999999999	-0.157886	0.84478	0.0	0.378591	-0.92384	0.0564754	0.0	-2.77068	-0.359618	0.11723299999999999	0.350032	-0.806869	0.5132369999999999	0.29249	0.0	-0.218574	0.20061199999999998	-0.9549770000000001	0.0	-0.5488069999999999	-0.8344719999999999	-0.0496874	0.0	1.9110200000000002	0.53945	0.6176050000000001	0.363965	
0	0.77077	0.37449699999999997	0.5154270000000001	0.0	-0.49808800000000003	-0.150253	0.85401	0.0	0.397268	-0.9149729999999999	0.07072200000000001	0.0	-2.77025	-0.388752	0.0915681	0.349392	-0.796606	0.542113	0.26745599999999997	0.0	-0.19328199999999998	0.190797	-0.962413	0.0	-0.572767	-0.818358	-0.0472097	0.0	1.8949099999999999	0.545373	0.619783	0.363976	
0	0.766596	0.388972	0.510912	0.0	-0.492472	-0.154449	0.8565139999999999	0.0	0.41207	-0.9082110000000001	0.0731579	0.0	-2.76172	-0.342085	0.128089	0.349411	-0.792309	0.5529029999999999	0.25796199999999997	0.0	-0.180424	0.19156600000000001	-0.9647540000000001	0.0	-0.582832	-0.810925	-0.05202230000000001	0.0	1.90822	0.608685	0.648554	0.363976	
0	0.766725	0.388493	0.511084	0.0	-0.49263	-0.15442899999999998	0.856427	0.0	0.411642	-0.9084190000000001	0.072978	0.0	-2.7610900000000003	-0.342537	0.125889	0.34941300000000003	-0.792384	0.552629	0.258319	0.0	-0.180819	0.191653	-0.9646620000000001	0.0	-0.582609	-0.811092	-0.0519371	0.0	1.9085900000000002	0.607788	0.6476970000000001	0.36398	
0	0.766724	0.388495	0.511083	0.0	-0.492629	-0.15442899999999998	0.8564280000000001	0.0	0.41164399999999995	-0.9084180000000001	0.072979	0.0	-2.7610900000000003	-0.342549	0.125879	0.34941300000000003	-0.792383	0.5526300000000001	0.258319	0.0	-0.180818	0.191653	-0.9646629999999999	0.0	-0.5826100000000001	-0.811091	-0.051937199999999996	0.0	1.9085900000000002	0.607777	0.647694	0.36398	
0	0.766724	0.388495	0.511083	0.0	-0.492629	-0.15442899999999998	0.8564280000000001	0.0	0.41164399999999995	-0.9084180000000001	0.072979	0.0	-2.7610900000000003	-0.342549	0.125878	0.34941300000000003	-0.792383	0.5526300000000001	0.258319	0.0	-0.180818	0.191653	-0.9646629999999999	0.0	-0.5826100000000001	-0.811091	-0.051937199999999996	0.0	1.9085900000000002	0.607777	0.647695	0.36398	
0	0.766724	0.388495	0.511083	0.0	-0.492629	-0.15442899999999998	0.856427	0.0	0.41164399999999995	-0.9084180000000001	0.0729792	0.0	-2.7610900000000003	-0.342549	0.125879	0.34941300000000003	-0.792383	0.5526300000000001	0.258319	0.0	-0.180818	0.191653	-0.9646629999999999	0.0	-0.5826100000000001	-0.811091	-0.051937199999999996	0.0	1.9085900000000002	0.607777	0.647695	0.36398	
0	0.766724	0.388495	0.511083	0.0	-0.492629	-0.15442899999999998	0.8564280000000001	0.0	0.41164399999999995	-0.9084180000000001	0.072979	0.0	-2.7610900000000003	-0.342549	0.125879	0.34941300000000003	-0.792383	0.5526300000000001	0.258319	0.0	-0.180818	0.191653	-0.9646629999999999	0.0	-0.5826100000000001	-0.811091	-0.051937199999999996	0.0	1.9085900000000002	0.607777	0.647695	0.36398	
0	0.766724	0.388495	0.511083	0.0	-0.492629	-0.15442899999999998	0.8564280000000001	0.0	0.41164399999999995	-0.9084180000000001	0.072979	0.0	-2.7610900000000003	-0.342549	0.125879	0.34941300000000003	-0.792383	0.5526310000000001	0.258319	0.0	-0.180818	0.191653	-0.9646629999999999	0.0	-0.5826100000000001	-0.811091	-0.051937300000000006	0.0	1.9085900000000002	0.607777	0.647695	0.36398	
0	0.766724	0.388495	0.511083	0.0	-0.492629	-0.15442899999999998	0.856427	0.0	0.41164399999999995	-0.9084180000000001	0.0729792	0.0	-2.7610900000000003	-0.342549	0.125878	0.34941300000000003	-0.792383	0.5526300000000001	0.258319	0.0	-0.180818	0.191653	-0.9646629999999999	0.0	-0.5826100000000001	-0.811091	-0.051937300000000006	0.0	1.9085900000000002	0.607777	0.647695	0.36398	
0	0.766724	0.388495	0.511083	0.0	-0.492629	-0.15442899999999998	0.8564280000000001	0.0	0.41164399999999995	-0.9084180000000001	0.072979	0.0	-2.7610900000000003	-0.342549	0.125879	0.34941300000000003	-0.792383	0.5526310000000001	0.258319	0.0	-0.180818	0.191653	-0.9646629999999999	0.0	-0.5826100000000001	-0.811091	-0.051937300000000006	0.0	1.9085900000000002	0.607777	0.647695	0.36398	
0	0.766724	0.388495	0.511083	0.0	-0.492629	-0.15442899999999998	0.8564280000000001	0.0	0.41164399999999995	-0.9084180000000001	0.072979	0.0	-2.7610900000000003	-0.342549	0.125879	0.34941300000000003	-0.792383	0.5526300000000001	0.258319	0.0	-0.180818	0.191653	-0.9646629999999999	0.0	-0.5826100000000001	-0.811091	-0.051937199999999996	0.0	1.9085900000000002	0.607777	0.647694	0.36398	
0	0.766724	0.388495	0.511083	0.0	-0.492629	-0.15442899999999998	0.8564280000000001	0.0	0.41164399999999995	-0.9084180000000001	0.072979	0.0	-2.7610900000000003	-0.342549	0.125878	0.34941300000000003	-0.792383	0.5526300000000001	0.258319	0.0	-0.180818	0.191653	-0.9646629999999999	0.0	-0.5826100000000001	-0.811091	-0.051937199999999996	0.0	1.9085900000000002	0.607777	0.647694	0.36398	
0	0.766724	0.388495	0.511083	0.0	-0.492629	-0.15442899999999998	0.8564280000000001	0.0	0.41164399999999995	-0.9084180000000001	0.072979	0.0	-2.7610900000000003	-0.342549	0.125879	0.34941300000000003	-0.792383	0.5526300000000001	0.258319	0.0	-0.180818	0.191653	-0.9646629999999999	0.0	-0.5826100000000001	-0.811091	-0.051937199999999996	0.0	1.9085900000000002	0.607777	0.647694	0.36398	
0	0.766724	0.388495	0.511083	0.0	-0.492629	-0.15442899999999998	0.8564280000000001	0.0	0.41164399999999995	-0.9084180000000001	0.072979	0.0	-2.7610900000000003	-0.342549	0.125878	0.34941300000000003	-0.792383	0.5526300000000001	0.258319	0.0	-0.180818	0.191653	-0.9646629999999999	0.0	-0.5826100000000001	-0.811091	-0.051937199999999996	0.0	1.9085900000000002	0.607777	0.647694	0.36398	
0	0.766724	0.388495	0.511083	0.0	-0.492629	-0.15442899999999998	0.8564280000000001	0.0	0.41164399999999995	-0.9084180000000001	0.072979	0.0	-2.7610900000000003	-0.342549	0.125879	0.34941300000000003	-0.792383	0.5526300000000001	0.258319	0.0	-0.180818	0.191653	-0.9646629999999999	0.0	-0.5826100000000001	-0.811091	-0.051937199999999996	0.0	1.9085900000000002	0.607777	0.647694	0.36398	
0	0.766724	0.388495	0.511083	0.0	-0.492629	-0.15442899999999998	0.8564280000000001	0.0	0.41164399999999995	-0.9084180000000001	0.072979	0.0	-2.7610900000000003	-0.342549	0.125879	0.34941300000000003	-0.792383	0.5526300000000001	0.258319	0.0	-0.180818	0.191653	-0.9646629999999999	0.0	-0.5826100000000001	-0.811091	-0.051937199999999996	0.0	1.9085900000000002	0.607777	0.647695	0.36398	
0	0.7665310000000001	0.393464	0.507558	0.0	-0.39248	-0.338552	0.8551860000000001	0.0	0.50832	-0.854733	-0.105084	0.0	-2.7154599999999998	-0.42117200000000005	0.015306299999999998	0.348844	-0.6818270000000001	0.7135729999999999	0.16101300000000002	0.0	0.08751139999999999	0.298095	-0.950516	0.0	-0.72626	-0.633997	-0.26569499999999996	0.0	1.88568	0.556459	0.648303	0.363983	
0	0.768055	0.386422	0.510656	0.0	-0.404404	-0.32562199999999997	0.85465	0.0	0.496536	-0.86293	-0.0938253	0.0	-2.69703	-0.5721189999999999	-0.0748495	0.349056	-0.690327	0.704421	0.165045	0.0	0.0781401	0.29937800000000003	-0.9509299999999999	0.0	-0.719266	-0.643555	-0.261712	0.0	1.8886	0.502858	0.5796479999999999	0.363948	
0	0.7690640000000001	0.378479	0.515067	0.0	-0.43187700000000007	-0.286355	0.855268	0.0	0.47119300000000003	-0.880202	-0.0567691	0.0	-2.6664	-0.831536	-0.192641	0.34888800000000003	-0.703717	0.690597	0.166907	0.0	0.0663097	0.297736	-0.952343	0.0	-0.707379	-0.659112	-0.255315	0.0	1.86863	0.404456	0.48188800000000004	0.363754	
0	0.772401	0.370408	0.515941	0.0	-0.445279	-0.263455	0.855756	0.0	0.45290600000000003	-0.890724	-0.0385584	0.0	-2.6308700000000003	-1.11331	-0.30155	0.34928400000000004	-0.705603	0.688625	0.16709200000000002	0.0	0.0564909	0.289718	-0.9554440000000001	0.0	-0.7063520000000001	-0.664725	-0.243327	0.0	1.8457700000000001	0.29470999999999997	0.381252	0.36398600000000003	
0	0.77987	0.350689	0.518478	0.0	-0.461354	-0.23776	0.854764	0.0	0.42303	-0.905808	-0.0236304	0.0	-2.61397	-1.38071	-0.433596	0.350109	-0.716933	0.678042	0.162071	0.0	0.0450868	0.277089	-0.959786	0.0	-0.6956829999999999	-0.6807949999999999	-0.229225	0.0	1.8313400000000002	0.152646	0.281943	0.363983	
0	0.781748	0.336079	0.5252829999999999	0.0	-0.48093	-0.21128400000000003	0.8509209999999999	0.0	0.39696	-0.9178290000000001	-0.00354029	0.0	-2.61552	-1.6523599999999998	-0.568347	0.350041	-0.732704	0.662497	0.155703	0.0	0.034748900000000006	0.264911	-0.9636469999999999	0.0	-0.67966	-0.700657	-0.217123	0.0	1.79895	0.028087900000000002	0.18404700000000002	0.364004	
0	0.77945	0.333093	0.530572	0.0	-0.490271	-0.202897	0.8476239999999999	0.0	0.389989	-0.9208049999999999	0.00515758	0.0	-2.60467	-1.75652	-0.625113	0.350697	-0.732314	0.6635310000000001	0.153111	0.0	0.031218	0.257319	-0.965822	0.0	-0.680251	-0.702505	-0.209152	0.0	1.7786	-0.024080599999999997	0.147109	0.363979	
0	0.789995	0.28475300000000003	0.542976	0.0	-0.522468	-0.150768	0.839224	0.0	0.320835	-0.9466700000000001	0.029668	0.0	-2.61131	-2.09266	-0.781779	0.350315	-0.726088	0.671734	0.146867	0.0	0.0255071	0.23976	-0.9704969999999999	0.0	-0.687129	-0.70092	-0.191221	0.0	1.70261	-0.141468	0.0794952	0.36399899999999996	
0	0.79707	0.25657399999999997	0.546671	0.0	-0.537446	-0.11140499999999999	0.835907	0.0	0.27537399999999995	-0.960083	0.0490971	0.0	-2.68718	-2.2803	-0.887288	0.350313	-0.7243149999999999	0.67392	0.145602	0.0	0.0231578	0.23484000000000002	-0.971758	0.0	-0.68908	-0.700487	-0.185705	0.0	1.6712599999999997	-0.182094	0.0695677	0.363982	
0	0.795976	0.23722800000000002	0.5569069999999999	0.0	-0.552496	-0.09118380000000001	0.8285129999999999	0.0	0.247327	-0.9671649999999999	0.0584871	0.0	-2.74821	-2.42224	-0.989043	0.350247	-0.723513	0.6752739999999999	0.143296	0.0	0.024597900000000002	0.23267	-0.972245	0.0	-0.689872	-0.699907	-0.18495	0.0	1.66113	-0.193241	0.07002080000000001	0.363975	
0	0.803929	0.215655	0.554248	0.0	-0.553087	-0.07146419999999999	0.830053	0.0	0.21861399999999998	-0.973851	0.0618239	0.0	-2.80307	-2.53425	-1.09235	0.349999	-0.7210300000000001	0.6787569999999999	0.139301	0.0	0.026036400000000005	0.227438	-0.9734450000000001	0.0	-0.692415	-0.698256	-0.181662	0.0	1.6574099999999998	-0.20260799999999998	0.08564119999999999	0.363971	
0	0.805509	0.21144000000000002	0.553578	0.0	-0.554042	-0.06267869999999999	0.830126	0.0	0.21021900000000002	-0.9753790000000001	0.0666582	0.0	-2.82435	-2.5766	-1.13019	0.34973200000000004	-0.721021	0.678796	0.139157	0.0	0.025583900000000003	0.226771	-0.973612	0.0	-0.692441	-0.698434	-0.180873	0.0	1.65684	-0.200213	0.09289889999999999	0.363976	
0	0.808621	0.19987	0.553339	0.0	-0.553791	-0.0589299	0.8305680000000001	0.0	0.198614	-0.978049	0.0630344	0.0	-2.86207	-2.63373	-1.2699799999999999	0.349844	-0.7217180000000001	0.679779	0.130473	0.0	0.0307966	0.21984099999999998	-0.9750489999999999	0.0	-0.6915020000000001	-0.699693	-0.179599	0.0	1.6654099999999998	-0.18976500000000002	0.13408	0.363966	
0	0.809719	0.193131	0.554126	0.0	-0.555347	-0.0528845	0.829936	0.0	0.189591	-0.9797469999999999	0.06443310000000001	0.0	-2.88607	-2.67734	-1.37266	0.349574	-0.726168	0.675671	0.127082	0.0	0.0327934	0.218671	-0.975247	0.0	-0.686735	-0.704026	-0.18095	0.0	1.6862	-0.184668	0.150447	0.363983	
0	0.804299	0.194691	0.561426	0.0	-0.56588	-0.0373739	0.8236399999999999	0.0	0.181338	-0.980152	0.08011189999999999	0.0	-2.8936	-2.72975	-1.4029200000000002	0.349982	-0.728072	0.674659	0.121438	0.0	0.0368079	0.21537199999999998	-0.9758379999999999	0.0	-0.684512	-0.70601	-0.18163900000000002	0.0	1.70925	-0.175251	0.155443	0.363982	
0	0.799868	0.18546400000000002	0.570801	0.0	-0.579828	-0.00675215	0.814711	0.0	0.154954	-0.9826280000000001	0.102136	0.0	-2.8990400000000003	-2.82216	-1.40405	0.349236	-0.726903	0.676469	0.11833099999999999	0.0	0.0402282	0.213956	-0.976015	0.0	-0.685562	-0.704707	-0.182738	0.0	1.7568700000000002	-0.158095	0.15548	0.363994	
0	0.796261	0.16706500000000002	0.581428	0.0	-0.592891	0.0245397	0.804909	0.0	0.12020399999999999	-0.985641	0.118591	0.0	-2.91779	-2.93202	-1.44871	0.34926999999999997	-0.725787	0.677956	0.116657	0.0	0.0423546	0.213297	-0.9760690000000001	0.0	-0.6866140000000001	-0.7034779999999999	-0.183523	0.0	1.7832	-0.145744	0.153167	0.363982	
0	0.794643	0.150647	0.5880890000000001	0.0	-0.6011489999999999	0.0602197	0.7968649999999999	0.0	0.084631	-0.9867520000000001	0.138415	0.0	-2.94612	-3.06482	-1.4702600000000001	0.349096	-0.724402	0.679413	0.11678699999999999	0.0	0.0436695	0.214294	-0.975793	0.0	-0.6879930000000001	-0.701766	-0.18490399999999999	0.0	1.79855	-0.141558	0.151088	0.36396799999999996	
0	0.792732	0.141296	0.592969	0.0	-0.607054	0.0946992	0.788998	0.0	0.055328199999999994	-0.9854280000000001	0.16084500000000002	0.0	-2.9802400000000002	-3.20647	-1.5007	0.348871	-0.722963	0.681074	0.116024	0.0	0.045122699999999995	0.21412399999999998	-0.975764	0.0	-0.689411	-0.700206	-0.18553599999999998	0.0	1.80125	-0.131683	0.161959	0.363992	
0	0.789585	0.127487	0.6002529999999999	0.0	-0.6120720000000001	0.0936903	0.785233	0.0	0.04386930000000001	-0.987405	0.152008	0.0	-3.02169	-3.2878300000000005	-1.5574299999999999	0.349125	-0.7206779999999999	0.683559	0.115631	0.0	0.04537	0.21293600000000001	-0.9760120000000001	0.0	-0.6917840000000001	-0.698145	-0.184471	0.0	1.8016299999999998	-0.125336	0.16478900000000002	0.363991	
0	0.7872060000000001	0.11529400000000001	0.605817	0.0	-0.615391	0.0831366	0.783825	0.0	0.0400046	-0.9898459999999999	0.13639600000000002	0.0	-3.0472599999999996	-3.32935	-1.63535	0.349344	-0.7200270000000001	0.684459	0.11435	0.0	0.0458876	0.211383	-0.976325	0.0	-0.692427	-0.697734	-0.18361	0.0	1.79958	-0.123794	0.173491	0.363983	
0	0.781512	0.106847	0.614672	0.0	-0.6225229999999999	0.0683805	0.779608	0.0	0.041267	-0.9919209999999999	0.11995499999999999	0.0	-3.03708	-3.36575	-1.75318	0.349213	-0.718609	0.686098	0.113449	0.0	0.0474606	0.211144	-0.976302	0.0	-0.693793	-0.696195	-0.184293	0.0	1.7811700000000001	-0.132623	0.17716700000000002	0.363965	
0	0.776674	0.102906	0.62144	0.0	-0.628376	0.057926599999999995	0.77575	0.0	0.0438314	-0.9930030000000001	0.109654	0.0	-3.0196099999999997	-3.3793300000000004	-1.82592	0.34683800000000004	-0.719688	0.685078	0.11276900000000001	0.0	0.047731300000000004	0.210858	-0.976351	0.0	-0.692655	-0.697285	-0.184452	0.0	1.79542	-0.137176	0.182355	0.363973	
0	0.773617	0.0981825	0.626001	0.0	-0.6318020000000001	0.044063599999999994	0.773876	0.0	0.0483971	-0.994193	0.09612029999999999	0.0	-3.02426	-3.3839300000000003	-1.8186799999999999	0.34321199999999996	-0.723242	0.6818960000000001	0.109266	0.0	0.0513915	0.21092399999999997	-0.976151	0.0	-0.6886800000000001	-0.700378	-0.187593	0.0	1.8069099999999998	-0.145295	0.186789	0.363982	
0	0.769109	0.09883310000000001	0.631429	0.0	-0.636792	0.0343074	0.7702720000000001	0.0	0.05446569999999999	-0.9945120000000001	0.08932230000000001	0.0	-3.03163	-3.38798	-1.81433	0.34351	-0.722825	0.682814	0.106252	0.0	0.0534139	0.208506	-0.976562	0.0	-0.688964	-0.700207	-0.187185	0.0	1.82716	-0.142737	0.191051	0.363976	
0	0.766741	0.0975038	0.634509	0.0	-0.639423	0.028269700000000002	0.768335	0.0	0.05697819999999999	-0.994834	0.0840216	0.0	-3.036	-3.39172	-1.8089400000000002	0.346446	-0.723503	0.682545	0.103324	0.0	0.056738199999999996	0.20796399999999998	-0.97649	0.0	-0.687986	-0.700631	-0.18918900000000002	0.0	1.8364599999999998	-0.132262	0.196143	0.363987	
0	0.76479	0.101906	0.63617	0.0	-0.641412	0.027363	0.766709	0.0	0.0607243	-0.994418	0.0862904	0.0	-3.0432900000000003	-3.3999099999999998	-1.80985	0.35111	-0.720641	0.685388	0.104494	0.0	0.058036000000000004	0.209823	-0.976015	0.0	-0.690875	-0.697293	-0.190985	0.0	1.8417	-0.119128	0.198195	0.36397199999999996	
0	0.764446	0.10142799999999999	0.636659	0.0	-0.641917	0.0282837	0.766253	0.0	0.0597126	-0.994441	0.0867299	0.0	-3.0484	-3.4335199999999997	-1.81171	0.352017	-0.721062	0.685055	0.103772	0.0	0.0579612	0.20888600000000002	-0.9762209999999999	0.0	-0.690442	-0.697901	-0.190326	0.0	1.8439599999999998	-0.11191500000000001	0.20158199999999998	0.363973	
0	0.76398	0.101095	0.637271	0.0	-0.6424449999999999	0.0273513	0.765844	0.0	0.0599925	-0.994501	0.0858436	0.0	-3.04123	-3.5027	-1.8036299999999998	0.353056	-0.721657	0.6842199999999999	0.105144	0.0	0.0594665	0.21259899999999998	-0.9753280000000001	0.0	-0.689692	-0.6976	-0.19411199999999998	0.0	1.8476099999999998	-0.110649	0.199159	0.363966	
0	0.762995	0.100385	0.638562	0.0	-0.643514	0.024639599999999998	0.765038	0.0	0.0610645	-0.9946440000000001	0.0833991	0.0	-3.0432200000000003	-3.5568800000000005	-1.8022900000000002	0.352873	-0.718607	0.687824	0.102476	0.0	0.061495900000000006	0.20963400000000001	-0.975844	0.0	-0.692692	-0.694947	-0.192943	0.0	1.8511	-0.114336	0.198599	0.363973	
0	0.768524	0.116346	0.629154	0.0	-0.636598	0.040467199999999995	0.770133	0.0	0.06414199999999999	-0.992384	0.10516600000000001	0.0	-3.02851	-3.6027400000000003	-1.84179	0.320905	-0.717064	0.689752	0.10030900000000001	0.0	0.0630673	0.20753000000000002	-0.976194	0.0	-0.694149	-0.693667	-0.192313	0.0	1.8497599999999998	-0.10543399999999999	0.21899000000000002	0.36396799999999996	
0	0.771838	0.128357	0.622729	0.0	-0.6332979999999999	0.0680479	0.770911	0.0	0.0565766	-0.989391	0.13380999999999998	0.0	-2.98775	-3.6029	-1.90212	0.22161999999999998	-0.7147819999999999	0.691851	0.10212	0.0	0.0626561	0.208787	-0.975952	0.0	-0.696535	-0.691195	-0.19258599999999998	0.0	1.84712	-0.0951278	0.230361	0.363991	
0	0.7778970000000001	0.140074	0.612581	0.0	-0.6271180000000001	0.11102100000000001	0.770971	0.0	0.039983199999999997	-0.9838969999999999	0.174206	0.0	-2.9838	-3.5912599999999997	-1.90363	0.136391	-0.7159979999999999	0.690711	0.101323	0.0	0.06401749999999999	0.209492	-0.9757129999999999	0.0	-0.6951609999999999	-0.692121	-0.19421300000000002	0.0	1.84608	-0.0954186	0.22876799999999997	0.36398800000000003	
0	0.7817470000000001	0.141246	0.6073890000000001	0.0	-0.6225069999999999	0.11920499999999999	0.773483	0.0	0.0368478	-0.982772	0.181115	0.0	-2.98212	-3.5890699999999995	-1.9030900000000002	0.13583299999999998	-0.712733	0.69418	0.100629	0.0	0.06435149999999999	0.20756799999999997	-0.976102	0.0	-0.698477	-0.689224	-0.19261199999999998	0.0	1.84769	-0.0964404	0.226231	0.363967	
0	0.781066	0.141924	0.608106	0.0	-0.623309	0.11839300000000001	0.772961	0.0	0.037706300000000005	-0.982772	0.18093599999999999	0.0	-2.98248	-3.5892699999999995	-1.9032799999999999	0.13583199999999998	-0.7117829999999999	0.6951149999999999	0.100899	0.0	0.0644887	0.20771399999999998	-0.9760620000000001	0.0	-0.699433	-0.688237	-0.192675	0.0	1.84677	-0.0954451	0.229661	0.36398600000000003	
0	0.780662	0.140452	0.608967	0.0	-0.6233479999999999	0.105179	0.774839	0.0	0.0447769	-0.984485	0.16965999999999998	0.0	-2.97708	-3.59259	-1.89716	0.135875	-0.7098979999999999	0.697299	0.09909689999999999	0.0	0.06433240000000001	0.204311	-0.9767899999999999	0.0	-0.701361	-0.687045	-0.189899	0.0	1.84031	-0.0915385	0.24076599999999998	0.363989	
0	0.7826609999999999	0.143859	0.605596	0.0	-0.6208560000000001	0.110866	0.776046	0.0	0.0445013	-0.983368	0.176086	0.0	-2.97654	-3.59104	-1.8972200000000001	0.135845	-0.709224	0.698296	0.0968686	0.0	0.065622	0.2022	-0.977143	0.0	-0.701923	-0.686657	-0.189228	0.0	1.8391400000000002	-0.08936720000000001	0.24535900000000002	0.363971	
0	0.797275	0.14925	0.584874	0.0	-0.602273	0.13209100000000001	0.7872859999999999	0.0	0.040245800000000005	-0.9799370000000001	0.195203	0.0	-2.96956	-3.5843	-1.8932900000000001	0.135995	-0.708162	0.699338	0.0971287	0.0	0.0652033	0.201755	-0.9772629999999999	0.0	-0.703033	-0.6857270000000001	-0.188474	0.0	1.83778	-0.0788922	0.24643	0.363982	
0	0.8025359999999999	0.146476	0.578343	0.0	-0.595438	0.13607	0.791795	0.0	0.0372835	-0.9798110000000001	0.196418	0.0	-2.89605	-3.5421300000000002	-1.8379299999999998	0.136001	-0.707321	0.700091	0.09782560000000001	0.0	0.0658273	0.20302	-0.976959	0.0	-0.703821	-0.684584	-0.189686	0.0	1.83939	-0.0718267	0.232791	0.363987	
0	0.809349	0.14996500000000001	0.56786	0.0	-0.5842579999999999	0.106831	0.804506	0.0	0.0599827	-0.9829030000000001	0.17408099999999999	0.0	-2.76567	-3.3517099999999997	-1.7732900000000003	0.135983	-0.7058409999999999	0.701485	0.09853110000000001	0.0	0.06657710000000001	0.204174	-0.976668	0.0	-0.7052350000000001	-0.682812	-0.19081700000000001	0.0	1.8436400000000002	-0.0740829	0.21105	0.363985	
0	0.815963	0.14144600000000002	0.560533	0.0	-0.568	0.0156702	0.8228790000000001	0.0	0.10761	-0.989822	0.0931279	0.0	-2.71433	-3.0358099999999997	-1.75385	0.135974	-0.704217	0.702892	0.100107	0.0	0.0672433	0.206395	-0.9761559999999999	0.0	-0.7067939999999999	-0.6806939999999999	-0.19261199999999998	0.0	1.84696	-0.0827025	0.19942200000000002	0.363965	
0	0.8206190000000001	0.132046	0.55601	0.0	-0.560917	-4.80115e-05	0.8278719999999999	0.0	0.10934400000000001	-0.991244	0.0740275	0.0	-2.71379	-2.7339	-1.6431900000000002	0.135952	-0.699681	0.707032	0.102724	0.0	0.06750969999999999	0.208562	-0.975676	0.0	-0.711259	-0.6757270000000001	-0.193659	0.0	1.85002	-0.101114	0.183659	0.363958	
0	0.8185819999999999	0.119154	0.561895	0.0	-0.5649350000000001	-0.00975263	0.8250780000000001	0.0	0.10379100000000001	-0.992828	0.0593307	0.0	-2.75578	-2.53606	-1.53772	0.136002	-0.6959489999999999	0.711014	0.10057200000000001	0.0	0.0689068	0.20553200000000002	-0.9762209999999999	0.0	-0.714777	-0.67247	-0.19203399999999998	0.0	1.85405	-0.110007	0.169033	0.363985	
0	0.8176260000000001	0.112595	0.564632	0.0	-0.566788	-0.014941299999999998	0.823728	0.0	0.10118400000000001	-0.9935290000000001	0.0516014	0.0	-2.69089	-2.3498200000000002	-1.39585	0.13597599999999999	-0.691444	0.71605	0.0958047	0.0	0.0717915	0.20006300000000002	-0.9771489999999999	0.0	-0.718854	-0.668766	-0.18973900000000002	0.0	1.8582	-0.11461500000000001	0.15826099999999999	0.36397199999999996	
0	0.820377	0.0897612	0.564733	0.0	-0.566094	-0.0119494	0.824254	0.0	0.08073419999999999	-0.995892	0.0410103	0.0	-2.6652400000000003	-2.06508	-1.1837	0.135982	-0.648908	0.760851	0.00491357	0.0	0.134749	0.121275	-0.9834299999999999	0.0	-0.74884	-0.637494	-0.18122	0.0	1.8469099999999998	-0.144249	0.07062760000000001	0.364002	
0	0.8213360000000001	0.06512659999999999	0.566715	0.0	-0.5670970000000001	-0.014243100000000002	0.823528	0.0	0.0617052	-0.997775	0.025234700000000002	0.0	-2.74757	-1.92524	-1.1241700000000001	0.135982	-0.5813	0.794226	-0.176904	0.0	0.26393	-0.0216132	-0.9643	0.0	-0.769695	-0.607238	-0.19705699999999998	0.0	1.80047	-0.200155	-0.105124	0.363975	
0	0.824151	0.048424199999999994	0.564296	0.0	-0.564126	-0.0184032	0.825483	0.0	0.0503582	-0.998657	0.0121503	0.0	-2.7928599999999997	-1.79578	-1.0847200000000001	0.13598	-0.468325	0.7927609999999999	-0.39013200000000003	0.0	0.382563	-0.216074	-0.898308	0.0	-0.796441	-0.56995	-0.20208800000000002	0.0	1.78233	-0.2659	-0.25827100000000003	0.36398800000000003	
0	0.819528	0.0329746	0.5720890000000001	0.0	-0.5677479999999999	-0.088629	0.818418	0.0	0.07769069999999999	-0.995519	-0.053912699999999994	0.0	-2.82179	-1.46624	-1.08342	0.135987	-0.229571	0.600123	-0.766257	0.0	0.542622	-0.574662	-0.612638	0.0	-0.8079970000000001	-0.5564319999999999	-0.193715	0.0	1.6430099999999999	-0.628031	-0.570828	0.36398	
0	0.811751	0.0556717	0.581344	0.0	-0.572172	-0.12354100000000001	0.810775	0.0	0.11695699999999999	-0.990777	-0.0684309	0.0	-2.76974	-1.3154	-1.07739	0.135986	-0.133213	0.44840699999999994	-0.8838469999999999	0.0	0.555687	-0.7046399999999999	-0.441241	0.0	-0.82065	-0.549921	-0.155307	0.0	1.4478799999999998	-0.8960670000000001	-0.668171	0.36401100000000003	
0	0.8065939999999999	0.0606837	0.587983	0.0	-0.5758850000000001	-0.14360599999999998	0.804819	0.0	0.133277	-0.9877729999999999	-0.0808849	0.0	-2.72244	-1.26047	-1.07857	0.135979	-0.077239	0.366788	-0.927092	0.0	0.551579	-0.758888	-0.346195	0.0	-0.8305389999999999	-0.538104	-0.143697	0.0	1.33578	-0.9642940000000001	-0.7346020000000001	0.363981	
0	0.8002739999999999	0.0780328	0.594536	0.0	-0.57717	-0.16860999999999998	0.799028	0.0	0.16259500000000002	-0.9825889999999999	-0.089896	0.0	-2.59525	-1.2258799999999999	-1.09574	0.135979	0.00139922	0.226413	-0.97403	0.0	0.5152760000000001	-0.834932	-0.193339	0.0	-0.857023	-0.501624	-0.117834	0.0	1.09762	-1.05172	-0.8990969999999999	0.360755	
0	0.790208	0.0899076	0.606208	0.0	-0.584662	-0.185898	0.7896920000000001	0.0	0.183692	-0.978447	-0.0943323	0.0	-2.52568	-1.2323600000000001	-1.12504	0.135964	0.0330682	0.16379200000000002	-0.985941	0.0	0.49786800000000003	-0.858073	-0.125851	0.0	-0.8666219999999999	-0.48670699999999995	-0.109922	0.0	0.8808459999999999	-1.05992	-1.0342	0.360601	
0	0.787604	0.098463	0.608264	0.0	-0.584331	-0.193918	0.7880060000000001	0.0	0.195542	-0.9760639999999999	-0.0951952	0.0	-2.48018	-1.24161	-1.13551	0.135967	0.0375403	0.156099	-0.987028	0.0	0.4935	-0.86177	-0.11752	0.0	-0.868936	-0.48268599999999995	-0.10938599999999998	0.0	0.793358	-1.067	-1.09675	0.359761	
0	0.77684	0.105538	0.620791	0.0	-0.594134	-0.20377699999999999	0.778126	0.0	0.208625	-0.9733120000000001	-0.0955985	0.0	-2.3564	-1.2597200000000002	-1.1527399999999999	0.135983	0.0641875	0.129184	-0.989541	0.0	0.466742	-0.880333	-0.0846513	0.0	-0.8820610000000001	-0.456426	-0.116802	0.0	0.597194	-1.0585	-1.31584	0.35889299999999996	
0	0.770417	0.10987999999999999	0.628	0.0	-0.599967	-0.20820999999999998	0.772456	0.0	0.21563400000000002	-0.971893	-0.0944841	0.0	-2.30282	-1.28637	-1.16402	0.135967	0.070988	0.12040899999999999	-0.990183	0.0	0.45932700000000004	-0.88512	-0.0747032	0.0	-0.885426	-0.44951499999999994	-0.11814000000000001	0.0	0.5092979999999999	-1.06656	-1.43826	0.358225	
0	0.76871	0.110732	0.6299399999999999	0.0	-0.60164	-0.20906	0.7709239999999999	0.0	0.217061	-0.971613	-0.09408580000000001	0.0	-2.28176	-1.3037100000000001	-1.17699	0.135967	0.0748482	0.115086	-0.990532	0.0	0.45272299999999993	-0.888972	-0.0690764	0.0	-0.8885040000000001	-0.443266	-0.11864000000000001	0.0	0.447039	-1.0625200000000001	-1.50809	0.357892	
1	0.764484	0.119729	0.633426	0.0	-0.603541	-0.21230900000000003	0.768546	0.0	0.2265	-0.9698399999999999	-0.0900457	0.0	-2.2370099999999997	-1.32209	-1.20959	0.135984	0.0650179	0.103003	-0.992554	0.0	0.454585	-0.8885129999999999	-0.0624283	0.0	-0.8883270000000001	-0.447141	-0.104593	0.0	0.267318	-1.08778	-1.6228799999999999	0.357406	
1	0.764127	0.129672	0.631898	0.0	-0.600171	-0.21614	0.770116	0.0	0.23644099999999998	-0.9677129999999999	-0.08733339999999999	0.0	-2.22063	-1.3158	-1.24271	0.135979	0.0608898	0.100905	-0.993031	0.0	0.459025	-0.8862639999999999	-0.061909500000000006	0.0	-0.8863340000000001	-0.452056	-0.10028200000000001	0.0	0.208004	-1.1125399999999999	-1.63942	0.35708	
1	0.757633	0.153158	0.634456	0.0	-0.6000409999999999	-0.219013	0.769405	0.0	0.256794	-0.963627	-0.0740304	0.0	-2.1844900000000003	-1.28777	-1.24692	0.135977	0.0532933	0.0948701	-0.9940620000000001	0.0	0.46718999999999994	-0.882177	-0.0591452	0.0	-0.88255	-0.46126300000000003	-0.0913366	0.0	0.06955139999999999	-1.20547	-1.65415	0.355596	
1	0.756387	0.162498	0.6336189999999999	0.0	-0.5982569999999999	-0.21984800000000002	0.770555	0.0	0.264513	-0.9619049999999999	-0.0690743	0.0	-2.12664	-1.25918	-1.2358200000000001	0.135967	0.049992699999999994	0.08637919999999999	-0.995007	0.0	0.478554	-0.8765139999999999	-0.052048199999999996	0.0	-0.876634	-0.473563	-0.0851566	0.0	-0.0253642	-1.27579	-1.67893	0.349005	
1	0.756909	0.16337100000000002	0.6327699999999999	0.0	-0.59687	-0.221507	0.771155	0.0	0.26614699999999997	-0.961376	-0.0701496	0.0	-2.10176	-1.23914	-1.22819	0.135968	0.041659800000000004	0.07916580000000001	-0.995991	0.0	0.477851	-0.877033	-0.049723199999999995	0.0	-0.877453	-0.473864	-0.0743666	0.0	-0.0715302	-1.32787	-1.69245	0.348593	
1	0.757396	0.168939	0.630722	0.0	-0.594275	-0.221861	0.773055	0.0	0.270532	-0.960332	-0.0676404	0.0	-2.0798799999999997	-1.22027	-1.21533	0.135966	0.0328786	0.07829019999999999	-0.9963879999999999	0.0	0.48406800000000005	-0.873445	-0.0526568	0.0	-0.8744129999999999	-0.480588	-0.06661560000000001	0.0	-0.182482	-1.45415	-1.7620099999999999	0.34825300000000003	
1	0.758445	0.17256	0.628478	0.0	-0.5907020000000001	-0.225439	0.7747569999999999	0.0	0.275375	-0.9588540000000001	-0.06905130000000001	0.0	-2.0926299999999998	-1.2348299999999999	-1.21997	0.13600399999999999	0.029210400000000004	0.081597	-0.996237	0.0	0.487421	-0.8713	-0.0570724	0.0	-0.8726790000000001	-0.48391999999999996	-0.06522330000000001	0.0	-0.22359600000000002	-1.48796	-1.78675	0.349007	
1	0.759971	0.173092	0.626484	0.0	-0.588178	-0.22699699999999998	0.776221	0.0	0.276568	-0.95839	-0.07070239999999998	0.0	-2.09722	-1.24065	-1.2231100000000001	0.136002	0.029358699999999998	0.0849695	-0.995951	0.0	0.48540600000000006	-0.8722209999999999	-0.060104599999999994	0.0	-0.8737959999999999	-0.48167600000000005	-0.06685219999999999	0.0	-0.23677600000000001	-1.49442	-1.7978900000000002	0.34912600000000005	
1	0.760297	0.173226	0.626052	0.0	-0.587166	-0.228933	0.776419	0.0	0.27781999999999996	-0.9579049999999999	-0.0723447	0.0	-2.1087700000000003	-1.25178	-1.22812	0.13600399999999999	0.027070900000000002	0.0852337	-0.995993	0.0	0.48566800000000004	-0.871983	-0.06142090000000001	0.0	-0.873724	-0.482059	-0.0650007	0.0	-0.267662	-1.5039	-1.8148	0.349218	
