0	0.056628899999999996	0.9200379999999999	-0.38771500000000003	0.0	-0.0863923	0.391397	0.916158	0.0	0.9946510000000001	-0.0183854	0.101649	0.0	-2.7892	1.85673	1.36461	3.55244e-05	-0.352759	0.8495809999999999	-0.39214	0.0	0.343708	-0.272136	-0.8987809999999999	0.0	-0.870302	-0.451834	-0.19601	0.0	2.65152	1.9599	1.51738	1.1085999999999999e-05	
0	0.0857954	0.9395	-0.33163000000000004	0.0	-0.154124	0.341366	0.927208	0.0	0.9843200000000001	-0.0284383	0.174087	0.0	-2.78315	1.73449	1.3734600000000001	0.0	-0.353542	0.866808	-0.351642	0.0	0.300629	-0.250688	-0.920206	0.0	-0.8857940000000001	-0.43104499999999996	-0.171959	0.0	2.66025	1.8920299999999999	1.41882	0.0	
0	0.0707465	0.944311	-0.32136	0.0	-0.163188	0.328784	0.930199	0.0	0.9840549999999999	-0.0133662	0.17736	0.0	-2.68893	1.6741400000000002	1.3698700000000001	0.0	-0.35069	0.850606	-0.39177399999999996	0.0	0.304417	-0.292082	-0.906652	0.0	-0.885633	-0.437217	-0.15650899999999998	0.0	2.56284	1.81633	1.38036	0.0	
0	0.0455283	0.943318	-0.328754	0.0	-0.119554	0.331875	0.935717	0.0	0.991783	-0.00329781	0.127887	0.0	-2.6689700000000003	1.7125700000000001	1.33684	0.08687980000000001	-0.37599099999999996	0.8609129999999999	-0.342724	0.0	0.297721	-0.238015	-0.9245059999999999	0.0	-0.877492	-0.449642	-0.16682	0.0	2.56605	1.7701	1.39678	0.283288	
0	0.015404900000000001	0.933659	-0.35783200000000004	0.0	-0.0828345	0.357836	0.930103	0.0	0.996444	0.0153127	0.08285160000000001	0.0	-2.52505	1.8003900000000002	1.2942799999999999	0.35073000000000004	-0.40436	0.8606719999999999	-0.309415	0.0	0.24106999999999998	-0.226046	-0.943816	0.0	-0.882258	-0.45623199999999997	-0.116079	0.0	2.4702	1.72197	1.50064	0.36333000000000004	
0	0.0635569	0.9484090000000001	-0.310614	0.0	-0.09628889999999998	0.315619	0.9439879999999999	0.0	0.9933219999999999	-0.0300883	0.111381	0.0	-2.4817	1.84076	1.34881	0.347115	-0.475038	0.8364229999999999	-0.27338	0.0	0.22628800000000002	-0.184109	-0.9565030000000001	0.0	-0.8503719999999999	-0.516238	-0.101814	0.0	2.4685099999999998	1.6691200000000002	1.66455	0.36340700000000004	
0	0.0562389	0.937271	-0.344035	0.0	-0.12108599999999999	0.34844	0.929477	0.0	0.9910479999999999	-0.0106149	0.13308599999999998	0.0	-2.47192	1.87188	1.3775700000000002	0.333635	-0.48493500000000006	0.8285319999999999	-0.279953	0.0	0.22601300000000002	-0.19050799999999998	-0.955314	0.0	-0.844841	-0.5265380000000001	-0.094875	0.0	2.50061	1.62589	1.7673	0.363793	
0	0.0139799	0.9282239999999999	-0.37176	0.0	-0.15931199999999998	0.369114	0.9156280000000001	0.0	0.987129	0.0464254	0.153038	0.0	-2.45249	2.0032200000000002	1.40746	0.313796	-0.49727200000000005	0.8223360000000001	-0.27655799999999997	0.0	0.225219	-0.18548299999999998	-0.95649	0.0	-0.8378530000000001	-0.537922	-0.0929697	0.0	2.57607	1.5919999999999999	1.86759	0.363994	
0	-0.00319606	0.918285	-0.395907	0.0	-0.162509	0.390169	0.9062889999999999	0.0	0.9867020000000001	0.06723480000000001	0.147982	0.0	-2.4681900000000003	2.1454400000000002	1.4401899999999999	0.29691300000000004	-0.5064	0.815343	-0.280669	0.0	0.232698	-0.1842	-0.954946	0.0	-0.830307	-0.548896	-0.09644960000000001	0.0	2.6291700000000002	1.5692	1.93891	0.36399699999999996	
0	-0.00196525	0.913674	-0.406444	0.0	-0.15895	0.400992	0.902186	0.0	0.9872850000000001	0.0663773	0.14444	0.0	-2.48265	2.21141	1.46098	0.302417	-0.507933	0.81485	-0.279326	0.0	0.233668	-0.181773	-0.955175	0.0	-0.829098	-0.550434	-0.09807569999999999	0.0	2.64932	1.55894	1.9558099999999998	0.363973	
0	0.16668	0.9545799999999999	-0.24697	0.0	-0.116763	0.26782100000000003	0.956367	0.0	0.979073	-0.13057	0.1561	0.0	-2.49356	2.19369	1.60274	0.351032	-0.513173	0.8123090000000001	-0.27714099999999997	0.0	0.23653200000000002	-0.176548	-0.955449	0.0	-0.825049	-0.555864	-0.101538	0.0	2.69838	1.5501200000000002	2.01202	0.36399000000000004	
0	0.350121	0.93268	-0.08674119999999999	0.0	-0.166545	0.153111	0.974074	0.0	0.9217799999999999	-0.326598	0.208941	0.0	-2.49024	1.9482599999999999	1.70202	0.35257	-0.517121	0.812757	-0.26835	0.0	0.22941999999999999	-0.170431	-0.95829	0.0	-0.824592	-0.557117	-0.0983291	0.0	2.73941	1.54693	2.07065	0.363998	
0	0.545265	0.8225879999999999	0.161356	0.0	-0.254189	-0.0211752	0.966923	0.0	0.798795	-0.568244	0.197547	0.0	-2.52232	1.62532	1.7975299999999999	0.352311	-0.524408	0.813245	-0.25225	0.0	0.221604	-0.15568800000000002	-0.962628	0.0	-0.822124	-0.560709	-0.09857439999999999	0.0	2.74242	1.51874	2.0918799999999997	0.363994	
0	0.652849	0.6716	0.350344	0.0	-0.358256	-0.133753	0.9239930000000001	0.0	0.667413	-0.728741	0.153284	0.0	-2.5415200000000002	1.28146	1.7699799999999999	0.353053	-0.589576	0.785327	-0.188843	0.0	0.18218399999999998	-0.0984779	-0.9783209999999999	0.0	-0.786898	-0.6111989999999999	-0.08501399999999999	0.0	2.67588	1.36595	2.07135	0.363994	
0	0.694546	0.57803	0.428353	0.0	-0.40939200000000003	-0.172062	0.8959870000000001	0.0	0.591611	-0.797669	0.11713599999999999	0.0	-2.5608299999999997	0.9743950000000001	1.66035	0.353344	-0.665567	0.738533	-0.10765799999999999	0.0	0.122152	-0.0345092	-0.9919110000000001	0.0	-0.736274	-0.673334	-0.0672453	0.0	2.6012	1.14077	1.9918799999999999	0.363952	
0	0.719845	0.47822700000000007	0.503112	0.0	-0.464604	-0.20655900000000002	0.8610899999999999	0.0	0.5157189999999999	-0.853599	0.0734955	0.0	-2.57415	0.699341	1.4944600000000001	0.3533	-0.747164	0.6646380000000001	0.00115398	0.0	0.038984500000000005	0.0455582	-0.998201	0.0	-0.663495	-0.745775	-0.0599501	0.0	2.51418	0.846303	1.8750799999999999	0.363962	
0	0.724891	0.403019	0.558667	0.0	-0.5061	-0.238607	0.8288120000000001	0.0	0.467329	-0.88354	0.0310041	0.0	-2.60495	0.44077799999999995	1.25688	0.352432	-0.797221	0.596413	0.09343589999999999	0.0	-0.0353816	0.108348	-0.993483	0.0	-0.60265	-0.795331	-0.0652751	0.0	2.41731	0.542606	1.6823	0.364004	
0	0.7248680000000001	0.348427	0.594277	0.0	-0.527148	-0.27481	0.804111	0.0	0.44348699999999996	-0.8961469999999999	-0.0155291	0.0	-2.6007599999999997	0.32715900000000003	1.0512700000000001	0.35207	-0.812954	0.556743	0.170713	0.0	-0.0958471	0.16122899999999998	-0.982252	0.0	-0.574385	-0.8148880000000001	-0.07771	0.0	2.3271599999999997	0.32652	1.4848700000000001	0.36399699999999996	
0	0.7229140000000001	0.291798	0.6262979999999999	0.0	-0.5496949999999999	-0.30628099999999997	0.777192	0.0	0.41860699999999995	-0.906116	-0.061015099999999996	0.0	-2.57536	0.242373	0.824607	0.351453	-0.822536	0.525308	0.217915	0.0	-0.13403299999999999	0.19332	-0.971938	0.0	-0.5526939999999999	-0.8286610000000001	-0.0886046	0.0	2.2467200000000003	0.166196	1.27797	0.36397399999999996	
0	0.7253109999999999	0.230884	0.64855	0.0	-0.576388	-0.31146799999999997	0.75549	0.0	0.376433	-0.921781	-0.0928324	0.0	-2.56847	0.123204	0.625835	0.35163099999999997	-0.8338700000000001	0.498258	0.237485	0.0	-0.154973	0.201605	-0.9671290000000001	0.0	-0.529759	-0.8432639999999999	-0.0908962	0.0	2.15489	-0.00256364	1.09428	0.363741	
0	0.72046	0.185333	0.6682739999999999	0.0	-0.604734	-0.303795	0.73621	0.0	0.339462	-0.9345379999999999	-0.106795	0.0	-2.5858	-0.0467339	0.440445	0.351001	-0.8387389999999999	0.484684	0.24819000000000002	0.0	-0.16842200000000002	0.20253	-0.964684	0.0	-0.517833	-0.8509190000000001	-0.088238	0.0	2.08704	-0.146307	0.959276	0.36346999999999996	
0	0.7251920000000001	0.16911800000000002	0.667455	0.0	-0.615701	-0.274674	0.738557	0.0	0.308236	-0.946548	-0.09506469999999999	0.0	-2.6181900000000002	-0.25965900000000003	0.29375300000000004	0.35109	-0.840548	0.483495	0.244362	0.0	-0.17054	0.19197999999999998	-0.966468	0.0	-0.5141939999999999	-0.854036	-0.0789129	0.0	2.0421400000000003	-0.26819	0.908378	0.363333	
0	0.7303609999999999	0.17180299999999998	0.661103	0.0	-0.618617	-0.244019	0.746838	0.0	0.28963099999999997	-0.9544309999999999	-0.07194099999999999	0.0	-2.66343	-0.48326	0.192461	0.351194	-0.838003	0.48952700000000005	0.24106799999999998	0.0	-0.169226	0.186853	-0.9677030000000001	0.0	-0.5187609999999999	-0.851733	-0.0737431	0.0	2.00926	-0.332529	0.907026	0.36329	
0	0.73353	0.179257	0.655591	0.0	-0.617626	-0.22679000000000002	0.753063	0.0	0.283674	-0.957305	-0.055643700000000004	0.0	-2.69217	-0.622145	0.167934	0.350548	-0.8335469999999999	0.5017050000000001	0.231283	0.0	-0.16201400000000002	0.17824700000000002	-0.970556	0.0	-0.528159	-0.846475	-0.0672946	0.0	1.97602	-0.347223	0.9243959999999999	0.363702	
0	0.734694	0.186658	0.652215	0.0	-0.614644	-0.22374899999999998	0.756406	0.0	0.287121	-0.956606	-0.0496592	0.0	-2.7133599999999998	-0.68753	0.1408	0.350315	-0.8269340000000001	0.5187350000000001	0.21701199999999998	0.0	-0.150514	0.167653	-0.974289	0.0	-0.54178	-0.8383360000000001	-0.060561300000000005	0.0	1.9535200000000001	-0.32879400000000003	0.945678	0.36401700000000003	
0	0.736992	0.21255	0.6416109999999999	0.0	-0.603005	-0.222058	0.766209	0.0	0.30533299999999997	-0.951584	-0.035486000000000004	0.0	-2.71481	-0.685895	0.178742	0.349844	-0.823882	0.525175	0.213096	0.0	-0.141878	0.172908	-0.974666	0.0	-0.548716	-0.8332430000000001	-0.0679452	0.0	1.94544	-0.281302	0.9744459999999999	0.36398	
0	0.736995	0.21254800000000001	0.641609	0.0	-0.603003	-0.222056	0.766211	0.0	0.30533000000000005	-0.951585	-0.0354875	0.0	-2.71482	-0.685909	0.178707	0.349844	-0.8238850000000001	0.525171	0.213096	0.0	-0.141879	0.172907	-0.974666	0.0	-0.548712	-0.8332459999999999	-0.06794460000000001	0.0	1.94545	-0.281343	0.974435	0.36398	
0	0.736995	0.21254800000000001	0.641609	0.0	-0.603003	-0.222056	0.766211	0.0	0.30533000000000005	-0.951585	-0.0354875	0.0	-2.71482	-0.685909	0.178707	0.349844	-0.8238850000000001	0.525171	0.213096	0.0	-0.141879	0.172907	-0.974666	0.0	-0.548712	-0.8332459999999999	-0.06794460000000001	0.0	1.94545	-0.281343	0.974435	0.36398	
0	0.736995	0.21254800000000001	0.641609	0.0	-0.603003	-0.222056	0.766211	0.0	0.30533000000000005	-0.951585	-0.0354875	0.0	-2.71482	-0.685908	0.178707	0.349844	-0.8238850000000001	0.525171	0.213096	0.0	-0.141879	0.172907	-0.974666	0.0	-0.548712	-0.8332459999999999	-0.06794460000000001	0.0	1.94545	-0.281343	0.974435	0.36398	
0	0.736995	0.21254800000000001	0.641609	0.0	-0.603003	-0.222056	0.766211	0.0	0.30533000000000005	-0.951585	-0.0354875	0.0	-2.71482	-0.685908	0.178707	0.349844	-0.8238850000000001	0.525171	0.213096	0.0	-0.141879	0.172907	-0.974666	0.0	-0.548712	-0.8332459999999999	-0.06794460000000001	0.0	1.94545	-0.281343	0.974435	0.36398	
0	0.736995	0.21254800000000001	0.641609	0.0	-0.603003	-0.222056	0.766211	0.0	0.30533000000000005	-0.951585	-0.0354875	0.0	-2.71482	-0.685909	0.178707	0.349844	-0.8238850000000001	0.525171	0.213096	0.0	-0.141879	0.172907	-0.974666	0.0	-0.548712	-0.8332459999999999	-0.06794460000000001	0.0	1.94545	-0.281343	0.974435	0.36398	
0	0.736995	0.21254800000000001	0.641609	0.0	-0.603003	-0.222056	0.766211	0.0	0.30533000000000005	-0.951585	-0.0354875	0.0	-2.71482	-0.685909	0.178707	0.349844	-0.8238850000000001	0.525171	0.213096	0.0	-0.141879	0.172907	-0.974666	0.0	-0.548712	-0.8332459999999999	-0.06794460000000001	0.0	1.94545	-0.281343	0.974435	0.36398	
0	0.757456	0.267057	0.595769	0.0	-0.46896899999999997	-0.412314	0.781067	0.0	0.454233	-0.8710209999999999	-0.187068	0.0	-2.67441	-0.707244	0.17622000000000002	0.35047	-0.750818	0.648103	0.127412	0.0	0.108259	0.311041	-0.94421	0.0	-0.6515770000000001	-0.695137	-0.303698	0.0	1.98515	-0.28593	1.0326799999999998	0.364005	
0	0.752653	0.25263	0.6080220000000001	0.0	-0.496975	-0.387768	0.776307	0.0	0.43188999999999994	-0.886461	-0.166304	0.0	-2.64885	-0.82095	0.136649	0.35	-0.7474930000000001	0.650138	0.136286	0.0	0.101077	0.314098	-0.943995	0.0	-0.6565340000000001	-0.691854	-0.3005	0.0	2.0329	-0.338677	0.9677819999999999	0.363982	
0	0.750258	0.231223	0.619394	0.0	-0.5244439999999999	-0.36232600000000004	0.770505	0.0	0.402581	-0.9029149999999999	-0.150574	0.0	-2.62241	-1.01338	0.061557900000000006	0.35011	-0.746742	0.652918	0.126788	0.0	0.101043	0.29977600000000004	-0.948643	0.0	-0.6573939999999999	-0.695581	-0.28982800000000003	0.0	2.04012	-0.42324799999999996	0.9119729999999999	0.36396799999999996	
0	0.7519239999999999	0.21483200000000002	0.623263	0.0	-0.544247	-0.33123	0.770768	0.0	0.372029	-0.918768	-0.132138	0.0	-2.6099	-1.2485700000000002	-0.059503999999999994	0.35007	-0.747409	0.653424	0.120074	0.0	0.100635	0.28999899999999995	-0.9517209999999999	0.0	-0.656698	-0.699241	-0.282505	0.0	2.0316799999999997	-0.51151	0.865665	0.363996	
0	0.736527	0.20996599999999999	0.642995	0.0	-0.569753	-0.319774	0.757051	0.0	0.364568	-0.9239370000000001	-0.11589300000000001	0.0	-2.59755	-1.44527	-0.211351	0.350335	-0.744373	0.6566310000000001	0.12142599999999999	0.0	0.0985087	0.287829	-0.9526020000000001	0.0	-0.660458	-0.69713	-0.278936	0.0	1.99899	-0.5642510000000001	0.835017	0.363969	
0	0.741671	0.18549300000000002	0.644606	0.0	-0.588395	-0.281485	0.757996	0.0	0.32205	-0.941466	-0.09962610000000001	0.0	-2.58451	-1.71892	-0.41779099999999997	0.350376	-0.740858	0.661351	0.117237	0.0	0.0976723	0.278773	-0.955377	0.0	-0.6645220000000001	-0.696348	-0.271127	0.0	1.9713200000000002	-0.597742	0.8254520000000001	0.36396999999999996	
0	0.742847	0.16928800000000002	0.647704	0.0	-0.603729	-0.24868200000000001	0.757409	0.0	0.289292	-0.953677	-0.0825283	0.0	-2.62281	-1.94177	-0.571755	0.351048	-0.740421	0.662159	0.115423	0.0	0.0961922	0.274345	-0.956808	0.0	-0.665225	-0.697338	-0.266825	0.0	1.9452200000000002	-0.609715	0.8271209999999999	0.363975	
0	0.747966	0.146108	0.647456	0.0	-0.6146149999999999	-0.21581599999999998	0.75873	0.0	0.25058800000000003	-0.965441	-0.071623	0.0	-2.65501	-2.12232	-0.724123	0.350926	-0.744139	0.658249	0.11386600000000001	0.0	0.0927796	0.270638	-0.9582	0.0	-0.661551	-0.7024699999999999	-0.262464	0.0	1.92849	-0.6183609999999999	0.8379850000000001	0.363989	
0	0.772832	0.133322	0.620448	0.0	-0.6009399999999999	-0.160484	0.783017	0.0	0.203965	-0.977993	-0.0439084	0.0	-2.75216	-2.34136	-0.9049450000000001	0.350124	-0.74522	0.657346	0.11199999999999999	0.0	0.0929512	0.268726	-0.9587209999999999	0.0	-0.660309	-0.704048	-0.261362	0.0	1.9235900000000001	-0.622582	0.84014	0.363993	
0	0.781084	0.137509	0.609097	0.0	-0.5970840000000001	-0.12101300000000001	0.792999	0.0	0.182753	-0.983081	-0.0124169	0.0	-2.83819	-2.55182	-1.08361	0.350605	-0.7459439999999999	0.656225	0.11374100000000001	0.0	0.0925004	0.271206	-0.958067	0.0	-0.659554	-0.704142	-0.26300500000000004	0.0	1.9224	-0.626308	0.84104	0.363991	
0	0.791234	0.133656	0.596729	0.0	-0.592612	-0.0731515	0.80216	0.0	0.150865	-0.988324	0.0213261	0.0	-2.9282	-2.81651	-1.24797	0.350124	-0.746792	0.655575	0.111908	0.0	0.0905585	0.266939	-0.959449	0.0	-0.658863	-0.706375	-0.258716	0.0	1.9231599999999998	-0.660738	0.842885	0.363991	
0	0.7949470000000001	0.127275	0.593178	0.0	-0.592811	-0.0448995	0.804089	0.0	0.128974	-0.990851	0.0397575	0.0	-2.93672	-2.94437	-1.33657	0.350159	-0.748222	0.654474	0.108761	0.0	0.0903668	0.262939	-0.960571	0.0	-0.657266	-0.708892	-0.25588	0.0	1.9237099999999998	-0.702599	0.834442	0.363962	
0	0.792502	0.128631	0.59615	0.0	-0.598553	-0.0233833	0.800742	0.0	0.11694	-0.991417	0.0584612	0.0	-2.97371	-3.08066	-1.4984	0.350218	-0.750042	0.652651	0.10715899999999999	0.0	0.0908395	0.26214	-0.9607450000000001	0.0	-0.655122	-0.710865	-0.25590300000000005	0.0	1.9274900000000001	-0.7091930000000001	0.832772	0.363979	
0	0.7940649999999999	0.13578199999999999	0.592474	0.0	-0.596733	-0.0112914	0.802361	0.0	0.11563599999999999	-0.990675	0.0720592	0.0	-2.99717	-3.14955	-1.58386	0.349628	-0.751272	0.651907	0.102998	0.0	0.0921857	0.258179	-0.9616889999999999	0.0	-0.653523	-0.7129949999999999	-0.25405900000000003	0.0	1.9368599999999998	-0.695817	0.8404469999999999	0.36397199999999996	
0	0.792235	0.132971	0.5955520000000001	0.0	-0.599962	-0.00843562	0.799984	0.0	0.111399	-0.991084	0.0730947	0.0	-3.00405	-3.2035299999999998	-1.65523	0.34963299999999997	-0.753729	0.649058	0.10304	0.0	0.0921462	0.25961599999999996	-0.961306	0.0	-0.650694	-0.715069	-0.25548899999999997	0.0	1.9508	-0.689967	0.844468	0.363979	
0	0.788755	0.128858	0.60105	0.0	-0.605258	-0.00798921	0.7959890000000001	0.0	0.10737200000000001	-0.9916309999999999	0.07169099999999999	0.0	-2.99621	-3.25271	-1.7351599999999998	0.349592	-0.756434	0.646458	0.09950369999999999	0.0	0.0933138	0.257235	-0.9618329999999999	0.0	-0.6473800000000001	-0.718278	-0.254905	0.0	1.9547	-0.696361	0.863094	0.36398800000000003	
0	0.789017	0.123181	0.601896	0.0	-0.6066090000000001	0.000954255	0.795	0.0	0.0973548	-0.992384	0.07547589999999998	0.0	-2.98349	-3.31051	-1.7639799999999999	0.34884899999999996	-0.757203	0.6457510000000001	0.09822919999999999	0.0	0.0931789	0.25563800000000003	-0.9622719999999999	0.0	-0.6464989999999999	-0.719482	-0.25374	0.0	1.95885	-0.702943	0.878183	0.363982	
0	0.790704	0.117067	0.600901	0.0	-0.6053890000000001	0.00352819	0.795922	0.0	0.0910559	-0.9931180000000001	0.0736607	0.0	-2.97475	-3.40016	-1.7568	0.35883000000000004	-0.761446	0.641216	0.09509169999999999	0.0	0.09585919999999999	0.256465	-0.9617879999999999	0.0	-0.641101	-0.7232350000000001	-0.256751	0.0	1.96055	-0.6988489999999999	0.8885709999999999	0.36399899999999996	
0	0.7950619999999999	0.113748	0.595767	0.0	-0.600378	0.00806777	0.799676	0.0	0.08615489999999999	-0.993477	0.0747061	0.0	-2.96603	-3.4889699999999997	-1.7549599999999999	0.35947199999999996	-0.760289	0.642915	0.0928467	0.0	0.097484	0.25424	-0.962216	0.0	-0.642228	-0.722511	-0.25597	0.0	1.9662	-0.694036	0.8927879999999999	0.36396999999999996	
0	0.796031	0.12217599999999999	0.592796	0.0	-0.598747	0.0157127	0.800784	0.0	0.0885217	-0.992384	0.08566010000000002	0.0	-2.95798	-3.5656800000000004	-1.7347	0.36098	-0.7607430000000001	0.642536	0.0917536	0.0	0.0986221	0.254156	-0.9621219999999999	0.0	-0.641517	-0.722878	-0.256715	0.0	1.97002	-0.678251	0.914967	0.363981	
0	0.79685	0.13301500000000002	0.589353	0.0	-0.596965	0.0230669	0.801936	0.0	0.09307439999999999	-0.9908459999999999	0.0977858	0.0	-2.95685	-3.6151400000000002	-1.72875	0.360575	-0.760788	0.642555	0.09124249999999999	0.0	0.09986510000000001	0.254819	-0.9618180000000001	0.0	-0.641271	-0.7226279999999999	-0.25803200000000004	0.0	1.98163	-0.677203	0.93611	0.363992	
0	0.796408	0.143955	0.587377	0.0	-0.596378	0.0258017	0.802289	0.0	0.100338	-0.9892479999999999	0.1064	0.0	-2.90409	-3.63495	-1.6793200000000001	0.360609	-0.761166	0.642271	0.09008010000000001	0.0	0.10285799999999999	0.256683	-0.961007	0.0	-0.640349	-0.72222	-0.261441	0.0	2.0015099999999997	-0.687358	0.941247	0.363978	
0	0.79688	0.142257	0.58715	0.0	-0.595637	0.0225388	0.802938	0.0	0.10099	-0.9895729999999999	0.10269400000000001	0.0	-2.88974	-3.63692	-1.65261	0.359514	-0.758128	0.646011	0.08894980000000001	0.0	0.10409700000000001	0.25454499999999997	-0.961442	0.0	-0.643744	-0.7196359999999999	-0.260225	0.0	2.01563	-0.695431	0.9458139999999999	0.363975	
0	0.795666	0.14464200000000002	0.588213	0.0	-0.597023	0.023146	0.80189	0.0	0.102372	-0.9892129999999999	0.104771	0.0	-2.8788400000000003	-3.6349400000000003	-1.6638700000000002	0.337807	-0.756495	0.648275	0.08634939999999999	0.0	0.105698	0.25148899999999996	-0.9620709999999999	0.0	-0.645402	-0.718675	-0.258772	0.0	2.01493	-0.6969420000000001	0.948023	0.363991	
0	0.797489	0.139599	0.586962	0.0	-0.595692	0.0278383	0.80273	0.0	0.0957205	-0.9898170000000001	0.105359	0.0	-2.8662400000000003	-3.6123199999999995	-1.69713	0.258915	-0.753831	0.651452	0.0857325	0.0	0.105485	0.24877	-0.962801	0.0	-0.648546	-0.716746	-0.256249	0.0	1.99728	-0.698561	0.9533389999999999	0.363981	
0	0.806158	0.124008	0.5785600000000001	0.0	-0.587192	0.0471931	0.808071	0.0	0.07290310000000001	-0.991158	0.11086099999999999	0.0	-2.89873	-3.5775699999999997	-1.7670299999999999	0.193391	-0.753409	0.652213	0.08362760000000001	0.0	0.1056	0.24554099999999998	-0.9636170000000001	0.0	-0.649018	-0.717167	-0.253866	0.0	1.9847599999999999	-0.694717	0.9767399999999999	0.363977	
0	0.803791	0.11701199999999999	0.58329	0.0	-0.590932	0.0438301	0.80553	0.0	0.0686909	-0.9921629999999999	0.104376	0.0	-2.91573	-3.55542	-1.79226	0.19378299999999998	-0.754142	0.651584	0.08189760000000001	0.0	0.106554	0.244464	-0.963786	0.0	-0.6480090000000001	-0.718106	-0.253789	0.0	1.9785599999999999	-0.696463	0.9936809999999999	0.36397199999999996	
0	0.803987	0.11884000000000002	0.58265	0.0	-0.590095	0.0384401	0.806419	0.0	0.07343789999999999	-0.9921690000000001	0.10103200000000001	0.0	-2.91456	-3.52509	-1.81594	0.193393	-0.754793	0.65087	0.081588	0.0	0.10697100000000001	0.24484499999999998	-0.963643	0.0	-0.6471819999999999	-0.718623	-0.254432	0.0	1.97845	-0.696558	0.9998299999999999	0.363976	
0	0.807808	0.114147	0.578288	0.0	-0.584866	0.0331665	0.810451	0.0	0.07333110000000001	-0.9929100000000001	0.09355319999999999	0.0	-2.9185	-3.49402	-1.8463599999999998	0.19378399999999998	-0.754876	0.650764	0.0816682	0.0	0.10698099999999999	0.245023	-0.9635969999999999	0.0	-0.647085	-0.718658	-0.25458200000000003	0.0	1.97689	-0.693529	1.00383	0.363966	
0	0.810682	0.11364400000000001	0.5743520000000001	0.0	-0.5814189999999999	0.0408223	0.812579	0.0	0.0688984	-0.992683	0.0991687	0.0	-2.91737	-3.4763699999999997	-1.8464099999999999	0.193796	-0.753325	0.65251	0.08205010000000001	0.0	0.106753	0.244437	-0.9637709999999999	0.0	-0.648926	-0.717274	-0.253798	0.0	1.97815	-0.6925560000000001	1.0024899999999999	0.363977	
0	0.81142	0.11489	0.5730609999999999	0.0	-0.57928	0.0277818	0.814655	0.0	0.077675	-0.9929899999999999	0.0890961	0.0	-2.9019	-3.44717	-1.83362	0.19378599999999999	-0.753904	0.651872	0.0818059	0.0	0.10669200000000001	0.24434299999999998	-0.963801	0.0	-0.648263	-0.7178859999999999	-0.253761	0.0	1.9785700000000002	-0.690444	1.00553	0.36398800000000003	
0	0.818659	0.10993699999999999	0.563659	0.0	-0.569248	0.0257003	0.8217639999999999	0.0	0.07585589999999999	-0.993606	0.0836211	0.0	-2.87742	-3.40867	-1.81705	0.193392	-0.75442	0.651084	0.0833068	0.0	0.10510499999999999	0.24510300000000002	-0.963783	0.0	-0.647922	-0.718341	-0.253343	0.0	1.97976	-0.6910890000000001	1.00452	0.363981	
0	0.826959	0.11208900000000001	0.550976	0.0	-0.557614	0.0377578	0.829241	0.0	0.0721447	-0.992981	0.0937263	0.0	-2.85197	-3.32945	-1.7730400000000002	0.19378	-0.756242	0.649016	0.0829222	0.0	0.106851	0.24753899999999998	-0.962968	0.0	-0.645508	-0.719376	-0.256548	0.0	1.98753	-0.6871649999999999	0.998873	0.363964	
0	0.8359030000000001	0.10375	0.538983	0.0	-0.545561	0.0492634	0.836622	0.0	0.060247699999999994	-0.993383	0.09778150000000001	0.0	-2.87207	-3.21006	-1.67615	0.19378399999999998	-0.753211	0.652651	0.081977	0.0	0.10843199999999999	0.246117	-0.9631559999999999	0.0	-0.64878	-0.7165699999999999	-0.25614699999999996	0.0	2.00508	-0.696763	0.9823440000000001	0.363982	
0	0.844949	0.10317799999999999	0.5248	0.0	-0.532259	0.065801	0.8440209999999999	0.0	0.0525516	-0.992484	0.110516	0.0	-2.8566700000000003	-2.9941299999999997	-1.53006	0.19339800000000001	-0.750984	0.654771	0.0854275	0.0	0.10894000000000001	0.25045700000000004	-0.9619790000000001	0.0	-0.6512720000000001	-0.713124	-0.25942	0.0	2.01891	-0.7105020000000001	0.95325	0.363965	
0	0.849852	0.09435539999999999	0.5185069999999999	0.0	-0.52517	0.0692138	0.8481780000000001	0.0	0.0441423	-0.99313	0.108374	0.0	-2.8448700000000002	-2.8492900000000003	-1.41987	0.193793	-0.7469939999999999	0.659234	0.0860838	0.0	0.111228	0.25158	-0.961424	0.0	-0.655461	-0.708603	-0.261254	0.0	2.0251900000000003	-0.713224	0.9339700000000001	0.36397399999999996	
0	0.855391	0.07858910000000001	0.5119859999999999	0.0	-0.517166	0.0740985	0.852672	0.0	0.0290733	-0.99415	0.104027	0.0	-2.84025	-2.71329	-1.41419	0.193772	-0.7374109999999999	0.670813	0.0789601	0.0	0.12230099999999999	0.247574	-0.9611190000000001	0.0	-0.66428	-0.699083	-0.26460500000000003	0.0	2.0359	-0.71295	0.872942	0.363983	
0	0.8562549999999999	0.0703256	0.5117430000000001	0.0	-0.515774	0.0620193	0.854477	0.0	0.028353700000000003	-0.9955940000000001	0.0893765	0.0	-2.84462	-2.57304	-1.39952	0.193408	-0.72801	0.681895	0.0708567	0.0	0.134321	0.243225	-0.960624	0.0	-0.672279	-0.6898270000000001	-0.268664	0.0	2.01273	-0.710411	0.815553	0.36394499999999996	
0	0.8526940000000001	0.0664184	0.5181720000000001	0.0	-0.521475	0.048854699999999994	0.851867	0.0	0.0312644	-0.9965950000000001	0.0762936	0.0	-2.84895	-2.3336	-1.18137	0.19378099999999998	-0.720824	0.6901229999999999	0.0643652	0.0	0.14152	0.237448	-0.9610360000000001	0.0	-0.678517	-0.683629	-0.26882399999999995	0.0	1.9973599999999998	-0.7144229999999999	0.7815409999999999	0.363982	
0	0.851858	0.0612087	0.520184	0.0	-0.522645	0.0341871	0.851865	0.0	0.034357900000000004	-0.997539	0.061113	0.0	-2.85335	-2.16113	-1.00071	0.193394	-0.7096720000000001	0.7032649999999999	0.0422481	0.0	0.162081	0.22132800000000002	-0.961636	0.0	-0.685635	-0.6755979999999999	-0.271056	0.0	1.9818	-0.722399	0.716536	0.363978	
0	0.849524	0.0551418	0.52466	0.0	-0.52651	0.026226799999999998	0.849764	0.0	0.0330973	-0.998134	0.0513131	0.0	-2.8347700000000002	-2.05317	-0.970191	0.193396	-0.686984	0.7266100000000001	-0.00948402	0.0	0.209326	0.185379	-0.9601129999999999	0.0	-0.69587	-0.661568	-0.279451	0.0	1.9716	-0.710867	0.661089	0.363981	
0	0.849067	0.040682800000000005	0.526716	0.0	-0.527393	0.00735817	0.84959	0.0	0.0306879	-0.9991450000000001	0.0277034	0.0	-2.83607	-1.8958	-0.950875	0.19378499999999999	-0.6280180000000001	0.767479	-0.128724	0.0	0.307937	0.09317560000000001	-0.946833	0.0	-0.714681	-0.634267	-0.29485100000000003	0.0	1.98003	-0.660644	0.551979	0.36397399999999996	
0	0.8492219999999999	0.0260063	0.527395	0.0	-0.527154	-0.0159642	0.84962	0.0	0.0305149	-0.999534	0.000152141	0.0	-2.84271	-1.73937	-0.9424819999999999	0.19378499999999999	-0.497233	0.802815	-0.32900999999999997	0.0	0.436862	-0.09596489999999999	-0.894395	0.0	-0.749607	-0.5884550000000001	-0.303003	0.0	2.00275	-0.649279	0.39913699999999996	0.364	
0	0.8477790000000001	0.020903099999999997	0.529937	0.0	-0.528093	-0.058809400000000005	0.8471479999999999	0.0	0.0488733	-0.99805	-0.038818599999999995	0.0	-2.8334	-1.53745	-0.9442729999999999	0.193393	-0.33714299999999997	0.778467	-0.529456	0.0	0.523151	-0.312648	-0.79282	0.0	-0.782718	-0.544279	-0.301849	0.0	1.9704	-0.752104	0.189505	0.363818	
0	0.845942	0.013930200000000002	0.533093	0.0	-0.530288	-0.0836802	0.843678	0.0	0.0563619	-0.996395	-0.0634016	0.0	-2.81073	-1.37235	-0.92222	0.19378299999999998	-0.220144	0.700268	-0.679088	0.0	0.557595	-0.480883	-0.676639	0.0	-0.800391	-0.527614	-0.284603	0.0	1.8766	-0.851814	0.0542332	0.363973	
0	0.844485	0.0157135	0.5353479999999999	0.0	-0.530684	-0.110277	0.8403649999999999	0.0	0.0722419	-0.993777	-0.0847888	0.0	-2.8000700000000003	-1.23445	-0.927299	0.19378299999999998	-0.0988505	0.575871	-0.811543	0.0	0.55698	-0.6438010000000001	-0.524684	0.0	-0.824622	-0.5038779999999999	-0.257108	0.0	1.70455	-0.989014	-0.146335	0.36395900000000003	
0	0.841042	0.019431999999999998	0.540621	0.0	-0.533877	-0.131495	0.835276	0.0	0.0873201	-0.9911270000000001	-0.100219	0.0	-2.77312	-1.1438	-0.924642	0.193392	0.0057112	0.46278400000000003	-0.886453	0.0	0.536745	-0.749366	-0.387758	0.0	-0.843725	-0.47358500000000003	-0.252677	0.0	1.5295299999999998	-1.05399	-0.28221799999999997	0.36396799999999996	
0	0.8364379999999999	0.0325727	0.547093	0.0	-0.537991	-0.141689	0.830957	0.0	0.104584	-0.989375	-0.100991	0.0	-2.72581	-1.08665	-0.900692	0.193394	0.0640844	0.351115	-0.9341370000000001	0.0	0.501221	-0.8207559999999999	-0.274113	0.0	-0.862943	-0.450643	-0.228584	0.0	1.33171	-1.11358	-0.404446	0.363969	
0	0.833418	0.0374402	0.551373	0.0	-0.5410010000000001	-0.14843199999999998	0.8278200000000001	0.0	0.11283499999999999	-0.9882139999999999	-0.103451	0.0	-2.66527	-1.06492	-0.896395	0.19339800000000001	0.110391	0.243558	-0.963584	0.0	0.445434	-0.878813	-0.171101	0.0	-0.888483	-0.410325	-0.205502	0.0	1.12748	-1.13885	-0.5306420000000001	0.363983	
0	0.826131	0.0499314	0.561261	0.0	-0.54827	-0.158624	0.8211209999999999	0.0	0.130029	-0.9860760000000001	-0.10366800000000001	0.0	-2.60567	-1.0694299999999999	-0.9033549999999999	0.193392	0.131428	0.200328	-0.970874	0.0	0.41781	-0.899329	-0.12900599999999998	0.0	-0.898978	-0.388685	-0.201896	0.0	0.8779530000000001	-1.11879	-0.634544	0.36397199999999996	
1	0.8212379999999999	0.061275300000000005	0.567287	0.0	-0.551388	-0.170507	0.816639	0.0	0.146766	-0.983449	-0.10624000000000001	0.0	-2.52642	-1.0856299999999999	-0.9165969999999999	0.19378599999999999	0.144368	0.15365399999999999	-0.9775219999999999	0.0	0.390386	-0.916586	-0.0864209	0.0	-0.9092620000000001	-0.369134	-0.19230999999999998	0.0	0.703731	-1.09445	-0.732159	0.362919	
1	0.813779	0.0739048	0.5764560000000001	0.0	-0.557081	-0.183443	0.809945	0.0	0.165605	-0.980248	-0.10811099999999998	0.0	-2.4518	-1.10324	-0.9318770000000001	0.19378599999999999	0.145396	0.14569000000000001	-0.9785879999999999	0.0	0.378916	-0.921884	-0.08094989999999999	0.0	-0.9139379999999999	-0.359033	-0.189242	0.0	0.509383	-1.04875	-0.795988	0.362685	
1	0.806972	0.0823446	0.584821	0.0	-0.563095	-0.19134400000000001	0.8039350000000001	0.0	0.178101	-0.9780629999999999	-0.10804100000000001	0.0	-2.37256	-1.11825	-0.9449139999999999	0.193393	0.139407	0.14168699999999998	-0.9800459999999999	0.0	0.367975	-0.926251	-0.081567	0.0	-0.919326	-0.349261	-0.181264	0.0	0.377548	-1.00993	-0.8431690000000001	0.362501	
1	0.7983359999999999	0.10816400000000001	0.592418	0.0	-0.565621	-0.203003	0.799289	0.0	0.206717	-0.9731860000000001	-0.100885	0.0	-2.25588	-1.13543	-0.9959520000000001	0.193393	0.13680699999999998	0.147611	-0.9795379999999999	0.0	0.363147	-0.927467	-0.0890449	0.0	-0.921633	-0.343535	-0.180489	0.0	0.189634	-0.9637	-0.905201	0.36173099999999997	
1	0.793858	0.121849	0.59577	0.0	-0.567697	-0.20266900000000002	0.797901	0.0	0.217967	-0.9716370000000001	-0.09171760000000001	0.0	-2.1979599999999997	-1.1304100000000001	-1.01421	0.19378599999999999	0.132757	0.15525999999999998	-0.9789129999999999	0.0	0.368815	-0.9244690000000001	-0.0966077	0.0	-0.9199729999999999	-0.34821199999999997	-0.179992	0.0	0.07902560000000002	-0.9862719999999999	-0.968902	0.36143000000000003	
1	0.789274	0.131798	0.59973	0.0	-0.5699930000000001	-0.205994	0.795408	0.0	0.22837399999999997	-0.9696370000000001	-0.0874619	0.0	-2.14296	-1.12675	-1.02864	0.19378399999999998	0.129358	0.15811	-0.9789110000000001	0.0	0.365125	-0.9254389999999999	-0.101224	0.0	-0.921927	-0.344331	-0.17744300000000002	0.0	0.00733425	-0.994624	-1.02646	0.360838	
1	0.7880739999999999	0.137079	0.600123	0.0	-0.5689310000000001	-0.210079	0.7951	0.0	0.235065	-0.9680270000000001	-0.08756939999999999	0.0	-2.10022	-1.1280299999999999	-1.03706	0.19339	0.125342	0.161698	-0.9788479999999999	0.0	0.364028	-0.925309	-0.10623900000000001	0.0	-0.9229149999999999	-0.343012	-0.174843	0.0	-0.0716725	-0.986099	-1.05572	0.360535	
1	0.783233	0.14921099999999998	0.603557	0.0	-0.5702050000000001	-0.21454499999999999	0.792992	0.0	0.24781399999999998	-0.965249	-0.0829578	0.0	-2.0430599999999997	-1.13391	-1.04613	0.193394	0.12159400000000001	0.165919	-0.978614	0.0	0.364953	-0.924341	-0.111372	0.0	-0.9230520000000001	-0.34360599999999997	-0.172947	0.0	-0.18655	-0.977404	-1.06742	0.359688	
1	0.781041	0.165706	0.602093	0.0	-0.5638989999999999	-0.227113	0.7940010000000001	0.0	0.268314	-0.9596680000000001	-0.0839428	0.0	-1.9871900000000002	-1.1073899999999999	-1.0505200000000001	0.19378399999999998	0.11634000000000001	0.170032	-0.978547	0.0	0.384752	-0.916024	-0.113425	0.0	-0.915659	-0.363302	-0.17199	0.0	-0.293757	-1.0261	-1.1098299999999999	0.349021	
1	0.7781710000000001	0.17763900000000002	0.602407	0.0	-0.560679	-0.235711	0.793776	0.0	0.282999	-0.95545	-0.08382519999999999	0.0	-1.93877	-1.04645	-1.04061	0.193882	0.111604	0.1704	-0.979034	0.0	0.39155	-0.913033	-0.11427899999999999	0.0	-0.913364	-0.370587	-0.16861900000000002	0.0	-0.364344	-1.11269	-1.1881	0.348426	
1	0.7777890000000001	0.178121	0.602759	0.0	-0.5613020000000001	-0.234673	0.793642	0.0	0.282816	-0.955616	-0.08254639999999999	0.0	-1.9286599999999998	-1.0428600000000001	-1.0405	0.193902	0.111346	0.170704	-0.9790110000000001	0.0	0.392362	-0.9126549999999999	-0.11450899999999999	0.0	-0.9130469999999999	-0.371377	-0.168598	0.0	-0.37422	-1.12519	-1.19079	0.348513	
1	0.77854	0.179493	0.60138	0.0	-0.5589430000000001	-0.237465	0.794477	0.0	0.28541	-0.9546690000000001	-0.0845494	0.0	-1.9020700000000001	-1.03715	-1.03725	0.193447	0.111144	0.167285	-0.9796239999999999	0.0	0.393175	-0.912709	-0.11125	0.0	-0.9127219999999999	-0.372799	-0.167215	0.0	-0.43632200000000004	-1.20355	-1.2237200000000001	0.34825700000000004	
1	0.778251	0.182572	0.600827	0.0	-0.557373	-0.239877	0.794855	0.0	0.289243	-0.9534809999999999	-0.08492330000000001	0.0	-1.8985599999999998	-1.0268700000000002	-1.02484	0.19381400000000001	0.11457300000000001	0.15823399999999999	-0.9807319999999999	0.0	0.38821	-0.9158620000000001	-0.10241600000000001	0.0	-0.9144209999999999	-0.368996	-0.16636099999999998	0.0	-0.456841	-1.22606	-1.2552	0.347348	
1	0.778081	0.18568099999999998	0.600093	0.0	-0.555349	-0.243112	0.795289	0.0	0.29356	-0.95206	-0.0860437	0.0	-1.89819	-1.01399	-1.01633	0.193829	0.117021	0.161913	-0.979842	0.0	0.389864	-0.91491	-0.104622	0.0	-0.913407	-0.369762	-0.170188	0.0	-0.46751800000000004	-1.24143	-1.2753700000000001	0.345814	
1	0.777072	0.188718	0.600453	0.0	-0.55466	-0.24561	0.7950020000000001	0.0	0.297508	-0.9508209999999999	-0.08618239999999999	0.0	-1.89898	-0.988835	-1.00439	0.19379000000000002	0.116052	0.124944	-0.985353	0.0	0.390685	-0.917831	-0.070368	0.0	-0.9131799999999999	-0.376797	-0.15533	0.0	-0.47534399999999993	-1.30934	-1.31932	0.191142	
1	0.782384	0.18832000000000002	0.593642	0.0	-0.54603	-0.251033	0.79927	0.0	0.29954200000000003	-0.949483	-0.09357599999999999	0.0	-1.89998	-0.9880909999999999	-1.0099200000000002	0.19467	0.11763599999999999	0.10669200000000001	-0.987309	0.0	0.385167	-0.921286	-0.0536653	0.0	-0.9153190000000001	-0.37396599999999997	-0.14947	0.0	-0.476499	-1.32655	-1.31565	0.16406600000000002	
1	0.78473	0.178536	0.593568	0.0	-0.5466260000000001	-0.252148	0.798512	0.0	0.29223000000000005	-0.9510770000000001	-0.100276	0.0	-1.8629900000000001	-0.9685520000000001	-1.01671	0.193761	0.11903699999999999	0.102234	-0.987613	0.0	0.367514	-0.928573	-0.0518259	0.0	-0.9223690000000001	-0.356792	-0.148108	0.0	-0.44365200000000005	-1.32541	-1.31976	0.16418	
1	0.7843439999999999	0.176982	0.594544	0.0	-0.550012	-0.24480900000000003	0.798471	0.0	0.28686500000000004	-0.953282	-0.0946721	0.0	-1.8333700000000002	-0.9627290000000001	-1.0207899999999999	0.194934	0.12023699999999998	0.102351	-0.987455	0.0	0.368245	-0.928308	-0.051381100000000006	0.0	-0.9219209999999999	-0.357448	-0.149307	0.0	-0.41356800000000005	-1.32229	-1.32536	0.164189	
1	0.784434	0.177705	0.594209	0.0	-0.549581	-0.244867	0.79875	0.0	0.28744400000000003	-0.953132	-0.0944189	0.0	-1.8166900000000001	-0.947234	-1.02335	0.194975	0.11974800000000001	0.101762	-0.987575	0.0	0.368975	-0.9280459999999999	-0.050888199999999995	0.0	-0.921693	-0.358296	-0.14868	0.0	-0.39664499999999997	-1.3056299999999998	-1.3287	0.164194	
1	0.785748	0.174782	0.59334	0.0	-0.548746	-0.24569499999999997	0.7990689999999999	0.0	0.285443	-0.9534600000000001	-0.09714310000000001	0.0	-1.80528	-0.9364549999999999	-1.01225	0.19498	0.118145	0.103931	-0.987542	0.0	0.366454	-0.928873	-0.053915899999999996	0.0	-0.922905	-0.35551900000000003	-0.147827	0.0	-0.38621	-1.29756	-1.3209799999999998	0.164237	
1	0.77757	0.177778	0.603142	0.0	-0.555601	-0.2549	0.791413	0.0	0.29443600000000003	-0.950485	-0.0994291	0.0	-1.76568	-0.924752	-1.01439	0.194962	0.128024	0.11122	-0.9855149999999999	0.0	0.37349299999999996	-0.925942	-0.0559784	0.0	-0.9187559999999999	-0.360917	-0.160083	0.0	-0.33985	-1.27387	-1.30935	0.164326	
1	0.7560979999999999	0.21627	0.617692	0.0	-0.556462	-0.284342	0.780704	0.0	0.344478	-0.934011	-0.09464460000000001	0.0	-1.76361	-0.9246129999999999	-1.02023	0.20107	0.129198	0.12224600000000001	-0.9840549999999999	0.0	0.391312	-0.918121	-0.06267959999999999	0.0	-0.9111440000000001	-0.376975	-0.166456	0.0	-0.29682800000000004	-1.22472	-1.3064200000000001	0.165324	
1	0.74229	0.325861	0.585508	0.0	-0.508379	-0.29536799999999996	0.8088930000000001	0.0	0.43652700000000005	-0.8980940000000001	-0.053587300000000004	0.0	-1.80141	-0.960443	-1.0246600000000001	0.355281	0.16827	0.122599	-0.978087	0.0	0.36127600000000004	-0.9308639999999999	-0.054525699999999996	0.0	-0.917151	-0.344184	-0.200929	0.0	-0.051144199999999994	-1.1538899999999999	-1.31164	0.163965	
1	0.7474390000000001	0.36496300000000004	0.5551010000000001	0.0	-0.482433	-0.276262	0.831226	0.0	0.45671999999999996	-0.8890899999999999	-0.030418599999999997	0.0	-1.7333599999999998	-0.961284	-1.0417399999999999	0.356779	0.18173399999999998	0.128999	-0.97485	0.0	0.366738	-0.928725	-0.0545273	0.0	-0.912401	-0.347605	-0.21609	0.0	0.025043700000000002	-1.15195	-1.29519	0.16394	
1	0.741693	0.44483	0.502013	0.0	-0.43126499999999995	-0.25696199999999997	0.864859	0.0	0.513714	-0.8579610000000001	0.00125254	0.0	-1.55197	-0.942118	-1.10934	0.361554	0.236348	0.127414	-0.9632790000000001	0.0	0.371253	-0.927992	-0.031657	0.0	-0.897948	-0.350138	-0.26663200000000004	0.0	0.239655	-1.12924	-1.27237	0.163955	
1	0.7160270000000001	0.524422	0.46074499999999996	0.0	-0.39444	-0.24061999999999997	0.8868590000000001	0.0	0.5759529999999999	-0.816752	0.034562699999999995	0.0	-1.42555	-0.9564940000000001	-1.14584	0.36254699999999995	0.266646	0.130709	-0.95489	0.0	0.375772	-0.9264540000000001	-0.021885299999999996	0.0	-0.8875219999999999	-0.352985	-0.29615199999999997	0.0	0.40938800000000003	-1.13357	-1.24675	0.16384500000000002	
1	0.6877409999999999	0.621454	0.375243	0.0	-0.331309	-0.19124000000000002	0.9239379999999999	0.0	0.645947	-0.7597510000000001	0.07437010000000001	0.0	-1.27506	-0.959701	-1.17269	0.364277	0.29823299999999997	0.11918800000000002	-0.9470219999999999	0.0	0.374485	-0.927232	0.00123419	0.0	-0.8779620000000001	-0.355014	-0.321166	0.0	0.66057	-1.16477	-1.20504	0.163838	
1	0.667058	0.673982	0.31746199999999997	0.0	-0.291378	-0.156158	0.9437760000000001	0.0	0.685663	-0.722055	0.092217	0.0	-1.22781	-0.9607469999999999	-1.18361	0.36382	0.314223	0.111036	-0.9428340000000001	0.0	0.37338000000000005	-0.9275540000000001	0.015202100000000001	0.0	-0.872841	-0.35681199999999996	-0.332917	0.0	0.772857	-1.17788	-1.18018	0.163855	
1	0.6059939999999999	0.779981	0.15620799999999999	0.0	-0.201125	-0.039756	0.978758	0.0	0.769623	-0.6245390000000001	0.13278199999999998	0.0	-1.4162299999999999	-1.03362	-1.14194	0.352653	0.366471	0.115502	-0.923233	0.0	0.366638	-0.9299059999999999	0.0291974	0.0	-0.8551469999999999	-0.349192	-0.383131	0.0	1.2083	-1.18601	-1.24092	0.163944	
1	0.506714	0.8621139999999999	-0.000149876	0.0	-0.142758	0.0840786	0.98618	0.0	0.8502120000000001	-0.49968999999999997	0.165678	0.0	-1.8165	-1.234	-0.9688479999999999	0.352108	0.41973999999999995	0.102619	-0.901825	0.0	0.348325	-0.9357200000000001	0.0556471	0.0	-0.838145	-0.337486	-0.428504	0.0	2.0977099999999997	-1.1067	-1.48766	0.163957	
2	0.47906099999999996	0.8767510000000001	-0.0425216	0.0	-0.136508	0.12226600000000001	0.983065	0.0	0.867102	-0.46514399999999995	0.178257	0.0	-1.8081	-1.25746	-0.992059	0.351333	0.448269	0.0892161	-0.8894350000000001	0.0	0.336177	-0.938787	0.0752648	0.0	-0.828275	-0.33274699999999996	-0.450822	0.0	2.26094	-1.143	-1.49504	0.163953	
2	0.390825	0.908747	-0.146403	0.0	-0.114372	0.205765	0.9718950000000001	0.0	0.9133319999999999	-0.36309600000000003	0.184354	0.0	-1.7575900000000002	-1.2822799999999999	-1.05243	0.350713	0.48818199999999995	0.0552394	-0.870992	0.0	0.301577	-0.9471959999999999	0.108958	0.0	-0.8189810000000001	-0.315862	-0.479063	0.0	2.60886	-1.29619	-1.5442	0.163947	
2	0.33128	0.9174399999999999	-0.220356	0.0	-0.11721300000000001	0.271751	0.955203	0.0	0.936224	-0.290611	0.197562	0.0	-1.71548	-1.2886600000000001	-1.08392	0.350491	0.513243	0.0181915	-0.858051	0.0	0.270362	-0.9523	0.141527	0.0	-0.814547	-0.304622	-0.49368	0.0	2.83205	-1.4323299999999999	-1.59172	0.16395	
