0	0.39873000000000003	0.747005	-0.531976	0.0	0.480625	0.323818	0.8149489999999999	0.0	0.781034	-0.580626	-0.229913	0.0	-2.7737700000000003	1.95701	1.36405	-5.96046e-06	-0.593132	0.516197	-0.617846	0.0	0.750167	0.07571950000000001	-0.656898	0.0	-0.292306	-0.853116	-0.43214600000000003	0.0	2.66032	2.0	1.53809	0.0	
0	0.047429900000000004	0.8384280000000001	-0.542945	0.0	-0.0711466	0.5450119999999999	0.835404	0.0	0.996338	-0.0009944139999999999	0.0855012	0.0	-2.67218	1.7038	1.18613	0.0	-0.047896499999999995	0.834866	-0.548365	0.0	0.354687	-0.49900200000000006	-0.7906920000000001	0.0	-0.933757	-0.232369	-0.27221599999999996	0.0	2.7612200000000002	1.94685	1.39255	0.0	
0	-0.05694119999999999	0.8366370000000001	-0.544791	0.0	-0.0833715	0.5397850000000001	0.837664	0.0	0.9948899999999999	0.09311749999999999	0.0390157	0.0	-2.5030799999999997	1.7415	1.03901	0.0410617	-0.0275992	0.849201	-0.5273479999999999	0.0	0.317198	-0.492845	-0.810241	0.0	-0.947958	-0.189636	-0.255762	0.0	2.6936299999999997	1.8969799999999999	1.33958	0.0541898	
0	-0.0655124	0.8329979999999999	-0.549384	0.0	-0.0686077	0.545503	0.8352959999999999	0.0	0.99549	0.09241410000000001	0.0214128	0.0	-2.4439900000000003	1.82151	0.9420860000000001	0.344696	-0.05483330000000001	0.8579479999999999	-0.510803	0.0	0.321519	-0.469154	-0.822508	0.0	-0.945314	-0.20933400000000002	-0.25012199999999996	0.0	2.70165	1.91098	1.3429200000000001	0.36043400000000003	
0	-0.12873800000000002	0.81803	-0.5605829999999999	0.0	-0.102245	0.551326	0.828001	0.0	0.9863940000000001	0.163913	0.0126629	0.0	-2.34978	1.92757	0.874224	0.338384	-0.07534930000000001	0.864767	-0.496488	0.0	0.341468	-0.44542299999999996	-0.8276459999999999	0.0	-0.936868	-0.231897	-0.261729	0.0	2.64873	1.91065	1.38751	0.361529	
0	-0.170889	0.782316	-0.598982	0.0	-0.110571	0.588857	0.800638	0.0	0.979066	0.20305	-0.014128100000000001	0.0	-2.36953	2.0268900000000003	0.809829	0.32508000000000004	-0.0890238	0.863425	-0.49656000000000006	0.0	0.3424	-0.44162799999999997	-0.8292930000000001	0.0	-0.935327	-0.24384899999999998	-0.256321	0.0	2.67698	1.93041	1.41669	0.361528	
0	-0.237777	0.69008	-0.683558	0.0	-0.190638	0.656898	0.72948	0.0	0.952428	0.303766	-0.024639599999999998	0.0	-2.3759	2.17231	0.785281	0.286664	-0.08997519999999999	0.86508	-0.49349899999999997	0.0	0.331239	-0.441308	-0.8339840000000001	0.0	-0.9392469999999999	-0.238504	-0.24684099999999998	0.0	2.68283	1.96327	1.4477200000000001	0.361672	
0	-0.287492	0.612663	-0.736202	0.0	-0.248825	0.694484	0.675113	0.0	0.924897	0.377275	-0.047213099999999994	0.0	-2.4028400000000003	2.35013	0.773628	0.265331	-0.10580099999999999	0.86865	-0.483998	0.0	0.327796	-0.42905699999999997	-0.841701	0.0	-0.9388059999999999	-0.247705	-0.23934499999999997	0.0	2.6835	1.9777	1.46133	0.36201700000000003	
0	-0.295186	0.591843	-0.750058	0.0	-0.26213600000000004	0.704747	0.659254	0.0	0.9187770000000001	0.39121999999999996	-0.0528879	0.0	-2.4522	2.48032	0.795362	0.254377	-0.128916	0.8752469999999999	-0.46618000000000004	0.0	0.313971	-0.409894	-0.8563930000000001	0.0	-0.9406399999999999	-0.25677	-0.22196	0.0	2.66202	1.9722	1.42727	0.362526	
0	-0.18831199999999998	0.7120029999999999	-0.676454	0.0	-0.118673	0.667233	0.7353350000000001	0.0	0.9749129999999999	0.21874899999999997	-0.0411528	0.0	-2.52374	2.50914	0.9008959999999999	0.29173699999999997	-0.171318	0.880617	-0.441774	0.0	0.297335	-0.381281	-0.875338	0.0	-0.9392780000000001	-0.281316	-0.196518	0.0	2.61132	1.953	1.4186	0.36275100000000005	
0	0.149168	0.9036420000000001	-0.401472	0.0	0.0106236	0.404526	0.914465	0.0	0.9887549999999999	-0.140674	0.0507423	0.0	-2.4891799999999997	2.24032	1.13885	0.351143	-0.224582	0.8866459999999999	-0.40425500000000003	0.0	0.27738	-0.339523	-0.898768	0.0	-0.9341430000000001	-0.313979	-0.16968699999999998	0.0	2.5512099999999998	1.9349900000000002	1.36943	0.363415	
0	0.476971	0.874207	-0.09088539999999999	0.0	-0.0154469	0.111728	0.993619	0.0	0.878783	-0.472524	0.0667947	0.0	-2.4318299999999997	1.86684	1.30485	0.353019	-0.298126	0.8805870000000001	-0.368358	0.0	0.23689000000000002	-0.305578	-0.9222290000000001	0.0	-0.9246639999999999	-0.362201	-0.117502	0.0	2.416	1.8725900000000002	1.35032	0.363992	
0	0.6575840000000001	0.743921	0.119021	0.0	-0.14788900000000002	-0.0274453	0.9886229999999999	0.0	0.7387239999999999	-0.667705	0.0919702	0.0	-2.4493099999999997	1.3526	1.2994299999999999	0.352641	-0.42812799999999995	0.864577	-0.26308400000000004	0.0	0.184719	-0.201248	-0.961966	0.0	-0.884639	-0.460441	-0.0735446	0.0	2.19949	1.67943	1.32178	0.364051	
0	0.720125	0.6600699999999999	0.21383899999999997	0.0	-0.224662	-0.06977	0.971936	0.0	0.656465	-0.747957	0.0980492	0.0	-2.3996	1.05823	1.26463	0.354763	-0.538179	0.8226319999999999	-0.18341500000000002	0.0	0.136973	-0.129359	-0.982092	0.0	-0.831626	-0.553664	-0.043060400000000006	0.0	2.0407599999999997	1.42	1.31451	0.363939	
0	0.776998	0.557946	0.291497	0.0	-0.292081	-0.09066110000000001	0.9520870000000001	0.0	0.5576409999999999	-0.82491	0.0925221	0.0	-2.3629700000000002	0.683044	1.19191	0.35459	-0.6318699999999999	0.768459	-0.10105499999999999	0.0	0.09191389999999999	-0.0551696	-0.994238	0.0	-0.769606	-0.637517	-0.035772399999999996	0.0	1.8700700000000001	1.11972	1.2521799999999998	0.36401999999999995	
0	0.8018310000000001	0.496497	0.33250100000000005	0.0	-0.32056100000000004	-0.11218800000000001	0.9405610000000001	0.0	0.504288	-0.860758	0.0692016	0.0	-2.36384	0.42804	1.06491	0.354878	-0.703481	0.710671	-0.007805500000000001	0.0	0.0419717	0.0305785	-0.9986510000000001	0.0	-0.7094739999999999	-0.702859	-0.0513396	0.0	1.7549400000000002	0.883936	1.1755	0.36395700000000003	
0	0.828951	0.41599899999999995	0.373879	0.0	-0.352199	-0.131057	0.9267040000000001	0.0	0.434507	-0.8998719999999999	0.0378745	0.0	-2.41767	0.164883	0.85929	0.35388600000000003	-0.749274	0.655818	0.0921493	0.0	-0.0222796	0.114103	-0.9932190000000001	0.0	-0.661886	-0.746246	-0.070883	0.0	1.6403599999999998	0.645339	1.06159	0.363989	
0	0.838393	0.36096300000000003	0.40841500000000003	0.0	-0.38337	-0.142128	0.912594	0.0	0.387459	-0.921686	0.0192229	0.0	-2.45866	-0.039323699999999996	0.671449	0.35358	-0.755167	0.639613	0.14358900000000002	0.0	-0.056299	0.154952	-0.986317	0.0	-0.653111	-0.752918	-0.0810053	0.0	1.5550700000000002	0.487009	0.9539700000000001	0.36399000000000004	
0	0.8440629999999999	0.31391399999999997	0.434759	0.0	-0.409351	-0.146529	0.9005340000000001	0.0	0.346395	-0.938076	0.00482102	0.0	-2.48786	-0.21448899999999999	0.49413500000000005	0.353133	-0.770508	0.609532	0.186514	0.0	-0.08490299999999999	0.191859	-0.977743	0.0	-0.63175	-0.769195	-0.09607760000000001	0.0	1.48784	0.36542800000000003	0.8632049999999999	0.363975	
0	0.8474149999999999	0.285455	0.447664	0.0	-0.42051400000000005	-0.15387699999999999	0.894142	0.0	0.32412199999999997	-0.945959	-0.0103601	0.0	-2.5197	-0.33550599999999997	0.363818	0.35307	-0.769587	0.6064930000000001	0.199756	0.0	-0.0980794	0.19684400000000002	-0.975517	0.0	-0.630965	-0.7703369999999999	-0.09200470000000001	0.0	1.4245299999999999	0.28257899999999997	0.835528	0.363832	
0	0.850965	0.27919099999999997	0.444871	0.0	-0.41842700000000005	-0.151582	0.8955120000000001	0.0	0.317454	-0.9481959999999999	-0.01217	0.0	-2.5436400000000003	-0.403022	0.32932	0.352587	-0.772167	0.603295	0.199481	0.0	-0.09804249999999999	0.19705799999999998	-0.975477	0.0	-0.6278100000000001	-0.7727890000000001	-0.093013	0.0	1.3989	0.22892600000000002	0.8279489999999999	0.363992	
0	0.850708	0.285919	0.441075	0.0	-0.41708900000000004	-0.1435	0.897466	0.0	0.319897	-0.947448	-0.00282251	0.0	-2.5615900000000003	-0.44267799999999996	0.326407	0.352394	-0.769645	0.609587	0.189872	0.0	-0.09042410000000001	0.19031700000000001	-0.977549	0.0	-0.632037	-0.7695350000000001	-0.0913557	0.0	1.39786	0.240141	0.8601790000000001	0.363962	
0	0.850475	0.29380500000000004	0.43631499999999995	0.0	-0.41321	-0.140118	0.899791	0.0	0.325498	-0.9455399999999999	0.00223616	0.0	-2.5645599999999997	-0.443209	0.33579200000000003	0.35230300000000003	-0.766425	0.615173	0.184813	0.0	-0.0856477	0.18728	-0.9785659999999999	0.0	-0.636599	-0.765826	-0.09084760000000001	0.0	1.4036799999999998	0.262282	0.879898	0.363978	
0	0.8504959999999999	0.29368099999999997	0.43635799999999997	0.0	-0.413242	-0.140157	0.8997709999999999	0.0	0.32540399999999997	-0.945573	0.00215829	0.0	-2.56447	-0.443165	0.33560300000000004	0.352302	-0.766478	0.6151	0.184833	0.0	-0.0856952	0.18726600000000002	-0.978564	0.0	-0.636528	-0.765887	-0.090824	0.0	1.4035600000000001	0.26171	0.879516	0.36398	
0	0.8504959999999999	0.29368	0.43635799999999997	0.0	-0.413242	-0.140157	0.8997709999999999	0.0	0.325403	-0.945573	0.00215778	0.0	-2.56447	-0.443165	0.33560100000000004	0.352302	-0.766479	0.6151	0.184833	0.0	-0.0856953	0.18726500000000001	-0.978564	0.0	-0.6365270000000001	-0.765888	-0.09082380000000001	0.0	1.4035600000000001	0.261707	0.8795139999999999	0.36398	
0	0.8504959999999999	0.29368	0.43635799999999997	0.0	-0.413242	-0.140157	0.8997709999999999	0.0	0.325403	-0.945573	0.00215778	0.0	-2.56447	-0.443165	0.33560100000000004	0.352302	-0.766479	0.6151	0.184833	0.0	-0.0856953	0.18726500000000001	-0.978564	0.0	-0.6365270000000001	-0.765888	-0.09082380000000001	0.0	1.4035600000000001	0.261707	0.8795139999999999	0.36398	
0	0.8504959999999999	0.29368	0.43635799999999997	0.0	-0.413242	-0.140157	0.8997709999999999	0.0	0.325403	-0.945573	0.00215795	0.0	-2.56447	-0.443165	0.33560100000000004	0.352302	-0.766479	0.6151	0.184833	0.0	-0.0856953	0.18726500000000001	-0.978564	0.0	-0.6365270000000001	-0.765888	-0.09082380000000001	0.0	1.4035600000000001	0.261707	0.8795139999999999	0.36398	
0	0.8504959999999999	0.29368	0.43635799999999997	0.0	-0.413242	-0.140157	0.8997709999999999	0.0	0.325403	-0.945573	0.00215795	0.0	-2.56447	-0.44316400000000006	0.33560100000000004	0.352302	-0.766479	0.6151	0.184833	0.0	-0.0856953	0.18726500000000001	-0.978564	0.0	-0.6365270000000001	-0.765888	-0.09082380000000001	0.0	1.4035600000000001	0.261708	0.8795139999999999	0.363979	
0	0.8504959999999999	0.29368	0.43635799999999997	0.0	-0.413242	-0.140157	0.8997709999999999	0.0	0.325403	-0.945573	0.00215795	0.0	-2.56447	-0.443165	0.33560100000000004	0.352302	-0.766479	0.6151	0.184833	0.0	-0.0856953	0.18726500000000001	-0.978564	0.0	-0.6365270000000001	-0.765888	-0.09082380000000001	0.0	1.4035600000000001	0.261707	0.8795139999999999	0.363979	
0	0.8504959999999999	0.29368	0.43635799999999997	0.0	-0.413242	-0.140157	0.8997709999999999	0.0	0.325403	-0.945573	0.00215795	0.0	-2.56447	-0.443165	0.33560100000000004	0.352302	-0.766479	0.6151	0.184833	0.0	-0.0856953	0.18726500000000001	-0.978564	0.0	-0.6365270000000001	-0.765888	-0.09082380000000001	0.0	1.4035600000000001	0.261706	0.8795129999999999	0.363979	
0	0.8504959999999999	0.29368	0.43635799999999997	0.0	-0.413242	-0.140157	0.8997709999999999	0.0	0.325403	-0.945573	0.00215795	0.0	-2.56447	-0.44316400000000006	0.33560100000000004	0.352302	-0.766479	0.6151	0.184833	0.0	-0.0856953	0.18726500000000001	-0.978564	0.0	-0.6365270000000001	-0.765888	-0.09082380000000001	0.0	1.4035600000000001	0.261707	0.8795139999999999	0.363979	
0	0.8504959999999999	0.29368	0.43635799999999997	0.0	-0.413242	-0.140157	0.8997709999999999	0.0	0.325403	-0.945573	0.00215795	0.0	-2.56447	-0.443165	0.33560100000000004	0.352302	-0.766479	0.6151	0.184833	0.0	-0.0856953	0.18726500000000001	-0.978564	0.0	-0.6365270000000001	-0.765888	-0.09082380000000001	0.0	1.4035600000000001	0.261708	0.8795139999999999	0.363979	
0	0.8483930000000001	0.307791	0.43068999999999996	0.0	-0.34178400000000003	-0.30280300000000004	0.889659	0.0	0.404244	-0.901984	-0.151698	0.0	-2.54667	-0.434328	0.319569	0.35131799999999996	-0.703363	0.6879069999999999	0.179067	0.0	0.0356814	0.285762	-0.957636	0.0	-0.709935	-0.667176	-0.22554000000000002	0.0	1.4163	0.43470699999999995	1.08097	0.363993	
0	0.841404	0.29508	0.452734	0.0	-0.36554899999999996	-0.306242	0.878971	0.0	0.398013	-0.905066	-0.149807	0.0	-2.5179099999999996	-0.522736	0.262075	0.351048	-0.706382	0.6805829999999999	0.19450599999999998	0.0	0.0313509	0.304604	-0.9519629999999999	0.0	-0.707137	-0.666351	-0.236504	0.0	1.42089	0.504408	1.1147799999999999	0.363978	
0	0.8405889999999999	0.266798	0.47141099999999997	0.0	-0.396295	-0.290385	0.870992	0.0	0.369269	-0.9189649999999999	-0.13836400000000001	0.0	-2.4654700000000003	-0.7278359999999999	0.173321	0.350777	-0.704248	0.6759270000000001	0.21715900000000002	0.0	0.0211345	0.325701	-0.9452370000000001	0.0	-0.709639	-0.661091	-0.24366	0.0	1.42256	0.498338	1.07732	0.36395700000000003	
0	0.8429139999999999	0.240792	0.48116000000000003	0.0	-0.415307	-0.277375	0.8663620000000001	0.0	0.342075	-0.930098	-0.133801	0.0	-2.45244	-0.97967	0.014548400000000001	0.351323	-0.706902	0.6762640000000001	0.20725900000000003	0.0	0.0202829	0.312284	-0.949772	0.0	-0.707021	-0.667192	-0.234471	0.0	1.4128399999999999	0.41712899999999997	1.0352299999999999	0.364002	
0	0.8459399999999999	0.213488	0.48868100000000003	0.0	-0.438974	-0.241556	0.8654209999999999	0.0	0.30280100000000004	-0.9466120000000001	-0.110627	0.0	-2.43019	-1.31779	-0.137996	0.351544	-0.706047	0.675181	0.21361100000000002	0.0	0.0119543	0.31296	-0.949691	0.0	-0.7080649999999999	-0.667972	-0.22903600000000002	0.0	1.3862	0.333095	1.0075	0.36396100000000003	
0	0.837886	0.181909	0.514642	0.0	-0.47345699999999996	-0.22699	0.851067	0.0	0.271635	-0.956757	-0.104066	0.0	-2.43308	-1.6905700000000001	-0.299654	0.351037	-0.6992470000000001	0.6764180000000001	0.23132600000000003	0.0	0.00886396	0.331766	-0.94332	0.0	-0.714825	-0.657563	-0.237983	0.0	1.3471899999999999	0.29280100000000003	0.9602719999999999	0.363875	
0	0.835996	0.159742	0.5249689999999999	0.0	-0.48949799999999993	-0.215272	0.8450139999999999	0.0	0.247996	-0.9634	-0.101773	0.0	-2.4125	-1.9200599999999999	-0.45883100000000004	0.351591	-0.703742	0.6717569999999999	0.23127899999999998	0.0	0.00430897	0.32956599999999997	-0.9441229999999999	0.0	-0.710443	-0.6634220000000001	-0.23482399999999998	0.0	1.30855	0.23491199999999998	0.9050530000000001	0.363976	
0	0.836983	0.124196	0.53295	0.0	-0.504969	-0.199997	0.8396469999999999	0.0	0.210869	-0.971893	-0.104679	0.0	-2.42714	-2.14888	-0.64783	0.35142199999999996	-0.704796	0.6727609999999999	0.22506700000000002	0.0	0.00525108	0.32219899999999996	-0.946658	0.0	-0.709391	-0.666018	-0.23061700000000002	0.0	1.28318	0.18584	0.886575	0.36399499999999996	
0	0.8431219999999999	0.0983011	0.5286609999999999	0.0	-0.508325	-0.17491199999999998	0.8432149999999999	0.0	0.17535799999999999	-0.979665	-0.09750360000000001	0.0	-2.4806	-2.4055	-0.817715	0.351085	-0.701687	0.676259	0.224298	0.0	0.00212851	0.316799	-0.948491	0.0	-0.712482	-0.6650659999999999	-0.223733	0.0	1.24858	0.17085699999999998	0.9078629999999999	0.363976	
0	0.85193	0.0822967	0.5171479999999999	0.0	-0.502112	-0.151971	0.851345	0.0	0.148654	-0.9849530000000001	-0.0881465	0.0	-2.54889	-2.63902	-0.975183	0.351142	-0.701821	0.677375	0.220478	0.0	0.00380132	0.31306300000000004	-0.949725	0.0	-0.7123430000000001	-0.6656989999999999	-0.222289	0.0	1.22973	0.172146	0.9306180000000001	0.36398600000000003	
0	0.8697229999999999	0.060105200000000004	0.489867	0.0	-0.479729	-0.13021300000000002	0.8677010000000001	0.0	0.11594000000000002	-0.989663	-0.0844151	0.0	-2.62423	-2.84615	-1.11476	0.35069	-0.7036479999999999	0.6762050000000001	0.21823499999999998	0.0	0.0025905999999999998	0.309575	-0.9508719999999999	0.0	-0.710544	-0.668513	-0.219584	0.0	1.22253	0.16889400000000002	0.964534	0.36397199999999996	
0	0.888152	0.031185900000000003	0.458491	0.0	-0.453697	-0.0992202	0.8856149999999999	0.0	0.0731103	-0.994577	-0.0739737	0.0	-2.74425	-3.0103299999999997	-1.22309	0.350084	-0.711272	0.669272	0.214867	0.0	0.00412461	0.309647	-0.950843	0.0	-0.702905	-0.675421	-0.223004	0.0	1.24491	0.166018	0.976793	0.364041	
0	0.89217	0.026819299999999997	0.450903	0.0	-0.44773500000000005	-0.0794689	0.8906280000000001	0.0	0.059718799999999995	-0.9964770000000001	-0.0588919	0.0	-2.84421	-3.15999	-1.3038299999999998	0.35038800000000003	-0.715148	0.665736	0.21298000000000003	0.0	0.00488126	0.309452	-0.950903	0.0	-0.6989569999999999	-0.678996	-0.224554	0.0	1.27437	0.168683	0.9806159999999999	0.363976	
0	0.8972629999999999	0.0159966	0.44120600000000004	0.0	-0.43928	-0.0676567	0.895799	0.0	0.044180199999999996	-0.9975799999999999	-0.0536789	0.0	-2.9319900000000003	-3.29	-1.40577	0.350248	-0.715979	0.6654140000000001	0.211184	0.0	0.00683811	0.309172	-0.950982	0.0	-0.6980890000000001	-0.679439	-0.225911	0.0	1.30633	0.16832	0.983454	0.36398600000000003	
0	0.9033690000000001	-0.00199018	0.428859	0.0	-0.42824300000000004	-0.05795019999999999	0.901804	0.0	0.0230577	-0.998318	-0.05320269999999999	0.0	-2.99612	-3.38556	-1.49614	0.349846	-0.7157819999999999	0.665499	0.211583	0.0	0.00567171	0.308517	-0.951202	0.0	-0.6983010000000001	-0.679653	-0.224606	0.0	1.31564	0.163624	0.9983	0.363977	
0	0.904322	0.00404716	0.426831	0.0	-0.42575799999999997	-0.0629422	0.902645	0.0	0.0305188	-0.998009	-0.05519690000000001	0.0	-3.07138	-3.4721900000000003	-1.61937	0.351117	-0.717394	0.6644939999999999	0.20927199999999999	0.0	0.00749812	0.307737	-0.951442	0.0	-0.696628	-0.6809890000000001	-0.22575100000000003	0.0	1.31992	0.158082	1.00337	0.36398	
0	0.9072979999999999	0.012259299999999999	0.42031	0.0	-0.41887399999999997	-0.061167700000000005	0.905982	0.0	0.0368161	-0.998052	-0.050362199999999996	0.0	-3.08813	-3.53453	-1.7216599999999997	0.351481	-0.716468	0.6656270000000001	0.208842	0.0	0.0073486	0.30654699999999996	-0.9518270000000001	0.0	-0.6975819999999999	-0.680419	-0.224523	0.0	1.3230000000000002	0.14746099999999998	1.00142	0.363978	
0	0.909501	0.0138292	0.415472	0.0	-0.413972	-0.0609567	0.9082459999999999	0.0	0.0378861	-0.9980450000000001	-0.049715300000000004	0.0	-3.0996900000000003	-3.5586	-1.7546	0.350796	-0.7176680000000001	0.664619	0.20792800000000003	0.0	0.00811529	0.306544	-0.951822	0.0	-0.696338	-0.681405	-0.22539	0.0	1.3249799999999998	0.14698	1.00451	0.36398	
0	0.913891	0.0129384	0.40575300000000003	0.0	-0.404359	-0.059662400000000004	0.912652	0.0	0.0360165	-0.998135	-0.049293199999999995	0.0	-3.12042	-3.58429	-1.77893	0.35081599999999996	-0.718623	0.66419	0.20599299999999998	0.0	0.00933224	0.305406	-0.952177	0.0	-0.695338	-0.682333	-0.22566999999999998	0.0	1.33484	0.14911300000000002	1.01973	0.363969	
0	0.914307	0.0168425	0.404671	0.0	-0.403006	-0.061725699999999994	0.913114	0.0	0.040357699999999996	-0.997951	-0.0496487	0.0	-3.125	-3.61308	-1.7793900000000002	0.351312	-0.718529	0.664636	0.20487800000000003	0.0	0.0116256	0.306014	-0.9519559999999999	0.0	-0.6954	-0.6816260000000001	-0.227606	0.0	1.34485	0.152756	1.0255299999999998	0.36396999999999996	
0	0.914818	0.013878	0.40362800000000004	0.0	-0.402104	-0.0619668	0.9134950000000001	0.0	0.037688900000000004	-0.9979819999999999	-0.0511079	0.0	-3.12447	-3.62969	-1.77778	0.352939	-0.7158260000000001	0.667786	0.204097	0.0	0.013157399999999998	0.305132	-0.952219	0.0	-0.698155	-0.678937	-0.227208	0.0	1.35061	0.152135	1.03496	0.363994	
0	0.914586	0.015290600000000001	0.40410300000000005	0.0	-0.402539	-0.0611379	0.913359	0.0	0.0386718	-0.9980120000000001	-0.0497608	0.0	-3.1251700000000002	-3.62995	-1.77948	0.352918	-0.715928	0.668175	0.202461	0.0	0.014901099999999999	0.304544	-0.952382	0.0	-0.698016	-0.678819	-0.22798800000000002	0.0	1.3536299999999999	0.154972	1.03874	0.36399000000000004	
0	0.914998	0.0218268	0.40286900000000003	0.0	-0.401433	-0.050707199999999994	0.914484	0.0	0.0403885	-0.998475	-0.037635	0.0	-3.12701	-3.63254	-1.78997	0.352311	-0.7149270000000001	0.669342	0.20214200000000002	0.0	0.015537200000000001	0.304242	-0.952468	0.0	-0.6990270000000001	-0.677804	-0.227911	0.0	1.35681	0.154573	1.04364	0.36397199999999996	
0	0.9227629999999999	0.00708634	0.385302	0.0	-0.384903	-0.0321549	0.9223969999999999	0.0	0.0189258	-0.999458	-0.0269438	0.0	-3.14776	-3.6123	-1.7274900000000002	0.23333600000000002	-0.713025	0.671534	0.20159000000000002	0.0	0.015952	0.30298	-0.9528629999999999	0.0	-0.700958	-0.676199	-0.22674499999999997	0.0	1.3553899999999999	0.150127	1.04626	0.363977	
0	0.9232379999999999	0.011633899999999999	0.384052	0.0	-0.38395999999999997	-0.00944398	0.9233020000000001	0.0	0.014368500000000001	-0.9998879999999999	-0.00425212	0.0	-3.17138	-3.6005199999999995	-1.68629	0.146527	-0.712809	0.671403	0.202785	0.0	0.0160662	0.304687	-0.952317	0.0	-0.701174	-0.675562	-0.22796999999999998	0.0	1.3549200000000001	0.146221	1.05721	0.36398400000000003	
0	0.9244979999999999	0.00781617	0.38110700000000003	0.0	-0.381155	0.00599441	0.924492	0.0	0.00494145	-0.9999520000000001	0.00852098	0.0	-3.16738	-3.6007599999999997	-1.68687	0.146418	-0.711328	0.673175	0.20210899999999998	0.0	0.0164574	0.303425	-0.9527129999999999	0.0	-0.7026680000000001	-0.674365	-0.22691399999999998	0.0	1.3514	0.1218	1.07352	0.36397199999999996	
0	0.924953	0.00530742	0.38004499999999997	0.0	-0.38008000000000003	0.00926579	0.9249069999999999	0.0	0.00138742	-0.999943	0.0105876	0.0	-3.16336	-3.6007800000000003	-1.6893	0.14621900000000002	-0.710229	0.67445	0.201722	0.0	0.0168362	0.302741	-0.952924	0.0	-0.70377	-0.6733979999999999	-0.22637100000000002	0.0	1.3447799999999999	0.11647	1.07945	0.363982	
0	0.9260520000000001	0.00899519	0.377289	0.0	-0.37738499999999997	0.0144972	0.9259430000000001	0.0	0.00285937	-0.9998549999999999	0.0168198	0.0	-3.1650099999999997	-3.60017	-1.6924599999999999	0.146181	-0.7096319999999999	0.6753279999999999	0.20088499999999998	0.0	0.0172144	0.301649	-0.9532639999999999	0.0	-0.704363	-0.6730079999999999	-0.22568600000000003	0.0	1.34122	0.114817	1.08012	0.363981	
0	0.927524	0.00821961	0.373672	0.0	-0.373756	0.0144792	0.927414	0.0	0.00221246	-0.999862	0.016502	0.0	-3.1641	-3.6002699999999996	-1.69107	0.146152	-0.70901	0.675994	0.20084200000000002	0.0	0.017953099999999996	0.30201300000000003	-0.9531350000000001	0.0	-0.70497	-0.672176	-0.226266	0.0	1.3363	0.11993599999999999	1.07956	0.36398600000000003	
0	0.928623	0.00915691	0.370911	0.0	-0.370852	-0.00753259	0.9286610000000001	0.0	0.0112976	-0.9999299999999999	-0.00359908	0.0	-3.15529	-3.6000300000000003	-1.68661	0.146508	-0.7069310000000001	0.6776810000000001	0.20248	0.0	0.016959000000000002	0.302438	-0.953018	0.0	-0.70708	-0.670284	-0.225296	0.0	1.3307	0.112845	1.0760299999999998	0.363967	
0	0.9308040000000001	0.025002299999999998	0.364662	0.0	-0.363242	-0.0478889	0.9304629999999999	0.0	0.0407269	-0.99854	-0.035493300000000005	0.0	-3.05315	-3.5203	-1.70268	0.146372	-0.705321	0.678395	0.20567800000000003	0.0	0.015545600000000001	0.304873	-0.952266	0.0	-0.7087180000000001	-0.668455	-0.22558000000000003	0.0	1.32407	0.0917533	1.07245	0.363933	
0	0.932158	0.0309461	0.360727	0.0	-0.358437	-0.061568200000000003	0.9315209999999999	0.0	0.05103630000000001	-0.9976229999999999	-0.046299	0.0	-2.97185	-3.3601	-1.68944	0.146373	-0.705272	0.6785869999999999	0.205209	0.0	0.016016899999999997	0.304639	-0.952333	0.0	-0.708756	-0.668367	-0.22572199999999998	0.0	1.3186799999999999	0.0831512	1.08084	0.363969	
0	0.931384	0.036491300000000004	0.36220399999999997	0.0	-0.35781999999999997	-0.0913418	0.929313	0.0	0.0669962	-0.995151	-0.072017	0.0	-2.91577	-3.0885700000000003	-1.6627900000000002	0.146369	-0.703605	0.680363	0.205053	0.0	0.016483599999999998	0.304116	-0.952492	0.0	-0.7104010000000001	-0.666798	-0.22519299999999998	0.0	1.31758	0.07746710000000001	1.0879	0.363971	
0	0.931834	0.0373159	0.360962	0.0	-0.355621	-0.10413499999999999	0.928811	0.0	0.0722482	-0.9938629999999999	-0.08376610000000001	0.0	-2.88983	-2.97226	-1.6200700000000001	0.146422	-0.703051	0.6809270000000001	0.20508	0.0	0.0170623	0.304451	-0.952375	0.0	-0.710935	-0.6660689999999999	-0.225663	0.0	1.31806	0.07322310000000001	1.0885	0.363979	
0	0.935942	0.026975400000000004	0.351119	0.0	-0.344681	-0.13413	0.9290879999999999	0.0	0.072158	-0.990597	-0.11624000000000001	0.0	-2.87921	-2.5526	-1.46315	0.146371	-0.701546	0.682258	0.20581	0.0	0.017924400000000004	0.305607	-0.951989	0.0	-0.712399	-0.664175	-0.226627	0.0	1.3195299999999999	0.04488230000000001	1.0773700000000002	0.363975	
0	0.9380209999999999	0.0200458	0.345997	0.0	-0.340194	-0.137463	0.9302540000000001	0.0	0.0662095	-0.9903040000000001	-0.122124	0.0	-2.89338	-2.3027	-1.3193700000000002	0.146372	-0.699707	0.6847340000000001	0.203837	0.0	0.019377099999999998	0.303397	-0.952667	0.0	-0.714167	-0.6626380000000001	-0.22555799999999998	0.0	1.32152	0.0422112	1.07643	0.36398600000000003	
0	0.9413790000000001	0.0122084	0.33713000000000004	0.0	-0.3323	-0.13872	0.932917	0.0	0.0581562	-0.9902559999999999	-0.126532	0.0	-2.93683	-2.0895099999999998	-1.14218	0.146424	-0.698448	0.686106	0.203543	0.0	0.0205405	0.303514	-0.952606	0.0	-0.715366	-0.6611640000000001	-0.226082	0.0	1.3206	0.0362909	1.0735	0.36398600000000003	
0	0.9436680000000001	-0.000483081	0.330895	0.0	-0.327313	-0.148108	0.9332370000000001	0.0	0.048557300000000005	-0.9889709999999999	-0.139923	0.0	-2.96909	-1.91753	-1.01227	0.146371	-0.69512	0.689796	0.202458	0.0	0.0227331	0.302575	-0.9528540000000001	0.0	-0.718534	-0.657746	-0.226007	0.0	1.32229	0.0241935	1.06589	0.363979	
0	0.944732	-0.0114994	0.327642	0.0	-0.325017	-0.16381099999999998	0.9314129999999999	0.0	0.0429607	-0.986425	-0.158495	0.0	-3.00941	-1.74835	-0.9022450000000001	0.146372	-0.684936	0.705553	0.18182	0.0	0.0472847	0.292064	-0.9552290000000001	0.0	-0.727068	-0.6456729999999999	-0.233407	0.0	1.32621	0.026814099999999997	1.04511	0.363969	
0	0.943399	-0.00979708	0.331514	0.0	-0.32709699999999997	-0.192691	0.9251370000000001	0.0	0.054815800000000005	-0.981211	-0.18498900000000001	0.0	-3.02766	-1.51429	-0.80495	0.146373	-0.6502829999999999	0.753051	0.100234	0.0	0.12236400000000001	0.23404299999999997	-0.9644950000000001	0.0	-0.7497729999999999	-0.61493	-0.24434	0.0	1.3426	0.044836900000000006	0.9697309999999999	0.363977	
0	0.93586	-0.00248355	0.352364	0.0	-0.341948	-0.247844	0.9064469999999999	0.0	0.08508020000000001	-0.9687969999999999	-0.23279699999999998	0.0	-3.01783	-1.24591	-0.708414	0.146424	-0.5485369999999999	0.826942	-0.12358699999999999	0.0	0.293527	0.0520495	-0.954533	0.0	-0.7829109999999999	-0.559873	-0.271281	0.0	1.3627200000000002	0.062314699999999994	0.820592	0.36398400000000003	
0	0.9255	0.00840998	0.378655	0.0	-0.358252	-0.30498800000000004	0.8824040000000001	0.0	0.122906	-0.952319	-0.27925300000000003	0.0	-2.98557	-1.01168	-0.663695	0.146421	-0.344764	0.832096	-0.43446	0.0	0.46047299999999997	-0.253404	-0.850736	0.0	-0.817987	-0.493359	-0.295793	0.0	1.3755	0.0579524	0.646659	0.364014	
0	0.914849	0.0176099	0.403412	0.0	-0.37098200000000003	-0.35784299999999997	0.8569260000000001	0.0	0.159448	-0.933616	-0.32084	0.0	-2.9051400000000003	-0.827363	-0.62546	0.146431	-0.0785552	0.648497	-0.757153	0.0	0.5062300000000001	-0.628342	-0.590693	0.0	-0.8588129999999999	-0.429696	-0.27893	0.0	1.29446	0.0230555	0.49578900000000004	0.364019	
0	0.9033760000000001	0.0278991	0.42794	0.0	-0.383587	-0.393638	0.83541	0.0	0.191761	-0.918842	-0.344902	0.0	-2.78683	-0.735492	-0.6098060000000001	0.146423	0.09908439999999999	0.351563	-0.9309059999999999	0.0	0.44678500000000004	-0.851628	-0.274068	0.0	-0.8891379999999999	-0.388759	-0.241456	0.0	1.14389	-0.0804418	0.309446	0.36401700000000003	
0	0.8938370000000001	0.0423351	0.44638900000000004	0.0	-0.39219	-0.40875900000000004	0.8240770000000001	0.0	0.21735300000000002	-0.91166	-0.348761	0.0	-2.6648099999999997	-0.7373	-0.619534	0.146422	0.16189800000000001	0.150496	-0.9752639999999999	0.0	0.375292	-0.92343	-0.0801977	0.0	-0.912658	-0.353025	-0.205981	0.0	0.9406110000000001	-0.21857600000000002	0.157366	0.362157	
0	0.885548	0.0506824	0.461775	0.0	-0.400436	-0.420616	0.814084	0.0	0.23549	-0.9058219999999999	-0.352181	0.0	-2.5543299999999998	-0.774307	-0.64471	0.146377	0.161503	0.10349100000000001	-0.9814309999999999	0.0	0.38393299999999997	-0.9227299999999999	-0.0341217	0.0	-0.909127	-0.371293	-0.18875699999999998	0.0	0.737916	-0.32854099999999997	0.053641999999999995	0.362077	
0	0.8737020000000001	0.048510500000000005	0.48403599999999997	0.0	-0.42171099999999995	-0.420475	0.803343	0.0	0.24249600000000002	-0.906006	-0.346912	0.0	-2.45972	-0.83745	-0.678194	0.146426	0.167122	0.0800659	-0.9826799999999999	0.0	0.378691	-0.925458	-0.0110008	0.0	-0.9103100000000001	-0.370293	-0.18498399999999998	0.0	0.5925189999999999	-0.401086	-0.0996135	0.358674	
1	0.8668319999999999	0.0561518	0.495428	0.0	-0.43165299999999995	-0.412811	0.802037	0.0	0.249554	-0.909084	-0.3336	0.0	-2.38939	-0.9207709999999999	-0.705795	0.14637	0.168891	0.0807409	-0.9823219999999999	0.0	0.378644	-0.925478	-0.010967900000000001	0.0	-0.9100020000000001	-0.370098	-0.186877	0.0	0.48086899999999994	-0.40821	-0.21867199999999998	0.35834099999999997	
1	0.8634870000000001	0.0631734	0.5003989999999999	0.0	-0.43361700000000003	-0.413763	0.800485	0.0	0.257616	-0.9081899999999999	-0.329886	0.0	-2.32245	-0.961916	-0.747861	0.146425	0.171923	0.0874214	-0.981224	0.0	0.378811	-0.925335	-0.016069399999999998	0.0	-0.909365	-0.368936	-0.19220299999999998	0.0	0.387602	-0.382314	-0.32013800000000003	0.357959	
1	0.860431	0.0829817	0.5027659999999999	0.0	-0.42964300000000005	-0.412355	0.803349	0.0	0.273981	-0.907236	-0.31915	0.0	-2.27685	-0.9684870000000001	-0.7655350000000001	0.146424	0.170926	0.100199	-0.980176	0.0	0.37791399999999997	-0.9253959999999999	-0.028697399999999998	0.0	-0.909926	-0.365517	-0.19604100000000002	0.0	0.307737	-0.357131	-0.395357	0.357518	
1	0.858067	0.0983691	0.5040279999999999	0.0	-0.42647299999999994	-0.410262	0.8061050000000001	0.0	0.28607899999999997	-0.906647	-0.310081	0.0	-2.24895	-0.931992	-0.757275	0.146422	0.16953	0.11056300000000001	-0.9793040000000001	0.0	0.382327	-0.9232440000000001	-0.0380484	0.0	-0.908342	-0.367964	-0.19878900000000002	0.0	0.250971	-0.369006	-0.444665	0.357403	
1	0.855036	0.111694	0.5063979999999999	0.0	-0.42473900000000003	-0.409402	0.807457	0.0	0.297509	-0.9054909999999999	-0.302612	0.0	-2.19965	-0.9105030000000001	-0.750057	0.146424	0.169309	0.121083	-0.9780969999999999	0.0	0.38389	-0.9221459999999999	-0.047705199999999996	0.0	-0.907724	-0.367404	-0.20260999999999998	0.0	0.211502	-0.40619299999999997	-0.526184	0.357249	
1	0.8518690000000001	0.11971300000000001	0.509889	0.0	-0.425329	-0.40998199999999996	0.806852	0.0	0.305636	-0.9042030000000001	-0.298333	0.0	-2.16007	-0.891232	-0.741002	0.146374	0.16630899999999998	0.126139	-0.977973	0.0	0.38463200000000003	-0.921522	-0.0534494	0.0	-0.9079649999999999	-0.36727	-0.201775	0.0	0.160873	-0.44348999999999994	-0.624761	0.356636	
1	0.8495149999999999	0.126896	0.512075	0.0	-0.424612	-0.411587	0.806412	0.0	0.313094	-0.902493	-0.295768	0.0	-2.12907	-0.8837729999999999	-0.735449	0.146374	0.158209	0.126551	-0.9792620000000001	0.0	0.384796	-0.9212469999999999	-0.05688630000000001	0.0	-0.909342	-0.367816	-0.194447	0.0	0.09956860000000001	-0.449632	-0.663758	0.356155	
1	0.8480219999999999	0.13154200000000002	0.5133770000000001	0.0	-0.42416899999999996	-0.41226599999999997	0.806299	0.0	0.31771	-0.901517	-0.293815	0.0	-2.09551	-0.8792479999999999	-0.735812	0.146374	0.158617	0.127396	-0.979087	0.0	0.385171	-0.921056	-0.0574453	0.0	-0.909112	-0.368004	-0.195165	0.0	0.0767478	-0.449937	-0.682643	0.35581199999999996	
1	0.8435459999999999	0.143778	0.5174529999999999	0.0	-0.423461	-0.41453999999999996	0.805504	0.0	0.33031900000000003	-0.898601	-0.288799	0.0	-2.03919	-0.873664	-0.747258	0.14643	0.152192	0.135865	-0.9789680000000001	0.0	0.392573	-0.9173290000000001	-0.0662808	0.0	-0.907041	-0.374229	-0.192947	0.0	-0.00173615	-0.47375	-0.721746	0.354333	
1	0.8403450000000001	0.148229	0.5213909999999999	0.0	-0.42489899999999997	-0.41712299999999997	0.803411	0.0	0.336573	-0.896681	-0.287545	0.0	-2.01227	-0.8473930000000001	-0.7470100000000001	0.146425	0.15216400000000002	0.140204	-0.978361	0.0	0.403046	-0.912643	-0.0681005	0.0	-0.9024409999999999	-0.38396199999999997	-0.19538	0.0	-0.0452084	-0.508717	-0.768061	0.348493	
1	0.837759	0.150891	0.524777	0.0	-0.426475	-0.41936	0.801409	0.0	0.340996	-0.895193	-0.286971	0.0	-1.9867099999999998	-0.8201719999999999	-0.745575	0.146373	0.155218	0.143326	-0.9774280000000001	0.0	0.404068	-0.9120790000000001	-0.0695765	0.0	-0.9014639999999999	-0.38414699999999996	-0.199485	0.0	-0.0766338	-0.529203	-0.8240200000000001	0.34818699999999997	
1	0.834908	0.158271	0.527143	0.0	-0.42542299999999994	-0.422096	0.800532	0.0	0.34920500000000004	-0.8926280000000001	-0.28507899999999997	0.0	-1.95698	-0.808243	-0.744656	0.146423	0.155656	0.14271099999999998	-0.977448	0.0	0.404339	-0.91202	-0.0687688	0.0	-0.901266	-0.38451599999999997	-0.199665	0.0	-0.0995809	-0.568883	-0.873657	0.348007	
1	0.8332309999999999	0.164996	0.527733	0.0	-0.42381599999999997	-0.42240200000000006	0.801222	0.0	0.355114	-0.891265	-0.28203	0.0	-1.94513	-0.795496	-0.751321	0.146424	0.157521	0.14219600000000002	-0.977224	0.0	0.40693	-0.9110010000000001	-0.06696569999999999	0.0	-0.899775	-0.387114	-0.20136600000000002	0.0	-0.129864	-0.613844	-0.9330450000000001	0.347912	
1	0.831923	0.168357	0.5287350000000001	0.0	-0.423806	-0.42228699999999997	0.801288	0.0	0.35818	-0.890691	-0.279959	0.0	-1.93482	-0.787776	-0.752115	0.146422	0.165231	0.130234	-0.977618	0.0	0.408428	-0.9112870000000001	-0.0523675	0.0	-0.897711	-0.39063400000000004	-0.203764	0.0	-0.153755	-0.6545810000000001	-0.97178	0.346848	
1	0.8310799999999999	0.168097	0.530141	0.0	-0.42529799999999995	-0.42213999999999996	0.800574	0.0	0.35836799999999996	-0.890809	-0.279341	0.0	-1.9232	-0.784503	-0.7520100000000001	0.146422	0.17154	0.115877	-0.978339	0.0	0.412638	-0.9102049999999999	-0.0354561	0.0	-0.894597	-0.397617	-0.203952	0.0	-0.183113	-0.718276	-1.04457	0.344973	
1	0.831374	0.16787	0.529752	0.0	-0.42461099999999996	-0.42308900000000005	0.800439	0.0	0.358501	-0.890402	-0.280465	0.0	-1.92314	-0.783667	-0.745804	0.146372	0.17993399999999998	0.10433900000000002	-0.9781290000000001	0.0	0.411341	-0.911227	-0.0215335	0.0	-0.893545	-0.39847	-0.20688	0.0	-0.19871	-0.766103	-1.10127	0.340713	
1	0.8305170000000001	0.168419	0.530921	0.0	-0.425508	-0.423241	0.7998810000000001	0.0	0.35942199999999996	-0.8902260000000001	-0.27984499999999995	0.0	-1.91936	-0.78391	-0.748841	0.146425	0.18806099999999998	0.0828097	-0.9786600000000001	0.0	0.40382399999999996	-0.9148370000000001	0.000190243	0.0	-0.895299	-0.395242	-0.205486	0.0	-0.21619899999999997	-0.777949	-1.14695	0.23435	
1	0.8303389999999999	0.174224	0.529324	0.0	-0.424009	-0.418835	0.802991	0.0	0.361599	-0.891192	-0.273902	0.0	-1.93419	-0.788862	-0.754267	0.14636400000000002	0.182999	0.0593482	-0.9813200000000001	0.0	0.383994	-0.923201	0.015774899999999998	0.0	-0.905019	-0.379708	-0.191734	0.0	-0.217986	-0.784289	-1.15736	0.20481999999999997	
1	0.831398	0.167793	0.529738	0.0	-0.43105699999999997	-0.406855	0.8053939999999999	0.0	0.350666	-0.897951	-0.26593	0.0	-1.92556	-0.773279	-0.7489399999999999	0.146646	0.186332	0.0478613	-0.9813200000000001	0.0	0.367832	-0.9295690000000001	0.024506200000000002	0.0	-0.911032	-0.365527	-0.190813	0.0	-0.206225	-0.794479	-1.14917	0.204934	
1	0.831009	0.166707	0.530691	0.0	-0.4321	-0.40734499999999996	0.8045869999999999	0.0	0.350304	-0.8979309999999999	-0.266473	0.0	-1.9232599999999997	-0.771894	-0.74867	0.146646	0.187388	0.0485293	-0.981087	0.0	0.36686599999999997	-0.9299629999999999	0.024071000000000002	0.0	-0.911206	-0.364438	-0.19206700000000002	0.0	-0.203585	-0.7941020000000001	-1.14713	0.20494099999999998	
1	0.8325540000000001	0.165959	0.5285	0.0	-0.429271	-0.409718	0.8048960000000001	0.0	0.350115	-0.8969889999999999	-0.269871	0.0	-1.90952	-0.7730640000000001	-0.748271	0.146602	0.18369000000000002	0.0517443	-0.9816219999999999	0.0	0.36798600000000004	-0.9296200000000001	0.0198577	0.0	-0.911507	-0.36486999999999997	-0.189803	0.0	-0.191029	-0.7926489999999999	-1.1527100000000001	0.204915	
1	0.834968	0.157379	0.527315	0.0	-0.42666400000000004	-0.42003500000000005	0.800955	0.0	0.347544	-0.8937579999999999	-0.283567	0.0	-1.9007599999999998	-0.772202	-0.75017	0.146403	0.17891300000000002	0.0675277	-0.9815450000000001	0.0	0.36838000000000004	-0.9296700000000001	0.00318822	0.0	-0.9122969999999999	-0.362152	-0.191206	0.0	-0.184177	-0.787349	-1.16216	0.204869	
1	0.834032	0.155945	0.529217	0.0	-0.427493	-0.42371099999999995	0.798573	0.0	0.348769	-0.892273	-0.286723	0.0	-1.89773	-0.767948	-0.753117	0.146392	0.18019000000000002	0.0717727	-0.98101	0.0	0.368952	-0.929449	-0.00023196599999999998	0.0	-0.9118149999999999	-0.361904	-0.193958	0.0	-0.182327	-0.780118	-1.16275	0.204866	
1	0.8300219999999999	0.161192	0.533929	0.0	-0.428892	-0.42750200000000005	0.795798	0.0	0.356532	-0.8895270000000001	-0.285702	0.0	-1.8934799999999998	-0.773759	-0.754578	0.14656	0.18438	0.07226560000000001	-0.980195	0.0	0.374002	-0.927426	0.00197658	0.0	-0.9089149999999999	-0.36695900000000004	-0.198026	0.0	-0.173281	-0.774567	-1.15618	0.20492	
1	0.817397	0.170981	0.5501149999999999	0.0	-0.430835	-0.452478	0.780798	0.0	0.382417	-0.875231	-0.29619	0.0	-1.9043400000000001	-0.790303	-0.743003	0.152804	0.18326099999999998	0.0697967	-0.980583	0.0	0.367843	-0.929884	0.00255831	0.0	-0.911651	-0.36117	-0.19608599999999998	0.0	-0.167017	-0.770883	-1.15381	0.204724	
1	0.782513	0.211862	0.58548	0.0	-0.45053000000000004	-0.456379	0.7672939999999999	0.0	0.429762	-0.864195	-0.26167199999999996	0.0	-1.89145	-0.900329	-0.779885	0.351068	0.17444500000000002	0.07119439999999999	-0.98209	0.0	0.37133	-0.9285	-0.00135145	0.0	-0.911967	-0.364444	-0.188409	0.0	-0.09256360000000001	-0.710432	-1.14056	0.204736	
1	0.7773939999999999	0.223642	0.587914	0.0	-0.450945	-0.45346400000000003	0.768778	0.0	0.43853000000000003	-0.8627600000000001	-0.25167	0.0	-1.86116	-0.9079520000000001	-0.780378	0.352149	0.182646	0.0756018	-0.980268	0.0	0.372958	-0.927846	-0.00206856	0.0	-0.909694	-0.365221	-0.197664	0.0	-0.0707329	-0.708648	-1.15751	0.204734	
1	0.752927	0.28586	0.592778	0.0	-0.438771	-0.45327700000000004	0.7759	0.0	0.490491	-0.844289	-0.21585700000000002	0.0	-1.80497	-0.9147049999999999	-0.783007	0.353273	0.198961	0.0783968	-0.976867	0.0	0.375911	-0.9266530000000001	0.00219592	0.0	-0.9050440000000001	-0.367652	-0.213838	0.0	-0.0179641	-0.711601	-1.21	0.204726	
1	0.731584	0.314388	0.604934	0.0	-0.440982	-0.458474	0.77158	0.0	0.519922	-0.831241	-0.196773	0.0	-1.76458	-0.911166	-0.778857	0.353844	0.201574	0.0774665	-0.976405	0.0	0.37599899999999997	-0.9266110000000001	0.00410722	0.0	-0.90443	-0.36795500000000003	-0.215908	0.0	0.0195175	-0.712179	-1.22389	0.204725	
1	0.726367	0.319444	0.608561	0.0	-0.43952600000000003	-0.46482700000000005	0.768604	0.0	0.528402	-0.825767	-0.197231	0.0	-1.76235	-0.8827229999999999	-0.768667	0.353844	0.201147	0.07850410000000001	-0.97641	0.0	0.376971	-0.926219	0.00318997	0.0	-0.90412	-0.36872	-0.2159	0.0	0.0437156	-0.71141	-1.22842	0.204746	
1	0.701404	0.330815	0.631342	0.0	-0.44531499999999996	-0.48822299999999996	0.750555	0.0	0.556531	-0.807589	-0.195125	0.0	-1.74393	-0.8197450000000001	-0.828626	0.354495	0.205934	0.07936760000000001	-0.975342	0.0	0.388315	-0.9215	0.00700301	0.0	-0.898222	-0.380182	-0.22058899999999998	0.0	0.102442	-0.743613	-1.23223	0.204734	
1	0.680595	0.338149	0.649958	0.0	-0.439784	-0.5209729999999999	0.731558	0.0	0.585986	-0.783736	-0.20585900000000001	0.0	-1.76373	-0.76042	-0.892066	0.35401	0.21281599999999998	0.0799166	-0.9738190000000001	0.0	0.403363	-0.914947	0.013064700000000002	0.0	-0.889948	-0.395583	-0.226951	0.0	0.157494	-0.779281	-1.25096	0.204747	
1	0.667493	0.349101	0.657709	0.0	-0.42548	-0.546064	0.7216520000000001	0.0	0.611081	-0.76154	-0.215959	0.0	-1.78121	-0.698921	-0.9327290000000001	0.353015	0.21734099999999998	0.0766681	-0.97308	0.0	0.41271899999999995	-0.9106290000000001	0.0204348	0.0	-0.884548	-0.40605	-0.22956	0.0	0.21013400000000002	-0.800007	-1.28179	0.204734	
1	0.64277	0.449058	0.62064	0.0	-0.324456	-0.574333	0.751579	0.0	0.693956	-0.684462	-0.223465	0.0	-1.86227	-0.555912	-1.0339	0.352538	0.246196	0.07851330000000001	-0.9660350000000001	0.0	0.435946	-0.899169	0.0380231	0.0	-0.8656440000000001	-0.4305	-0.2556	0.0	0.44207700000000005	-0.8488030000000001	-1.36196	0.20473	
