0	-0.07830060000000001	0.81043	-0.58058	0.0	-0.05866609999999999	0.577613	0.8142	0.0	0.995202	0.09781269999999999	0.00231725	0.0	-2.7780400000000003	1.90765	1.22502	5.14984e-05	-0.06690080000000001	0.799509	-0.596916	0.0	0.310581	-0.551848	-0.773953	0.0	-0.94819	-0.23716900000000002	-0.211394	0.0	2.75801	1.9976099999999999	1.36337	0.0	
0	-0.12837300000000001	0.803362	-0.58149	0.0	-0.0846832	0.5753199999999999	0.813533	0.0	0.9881040000000001	0.153678	-0.00582415	0.0	-2.7882599999999997	1.9105	1.1167200000000002	0.0	-0.035718900000000005	0.785678	-0.617604	0.0	0.275118	-0.586388	-0.7618779999999999	0.0	-0.9607469999999999	-0.197127	-0.195209	0.0	2.8033900000000003	1.97605	1.25604	0.0	
0	-0.26456399999999997	0.733103	-0.626551	0.0	-0.07324	0.63255	0.771049	0.0	0.961583	0.24988000000000002	-0.113658	0.0	-2.7759400000000003	2.0706	0.9229	0.00288842	-0.00563985	0.810606	-0.5855640000000001	0.0	0.243079	-0.5668979999999999	-0.787108	0.0	-0.96999	-0.146778	-0.19384400000000002	0.0	2.75278	2.01973	1.1958600000000001	0.131758	
0	-0.31403400000000004	0.6777890000000001	-0.66482	0.0	-0.057985800000000004	0.685244	0.726002	0.0	0.9476389999999999	0.26653899999999997	-0.17588800000000002	0.0	-2.83644	2.22803	0.78522	0.331334	-0.0109035	0.819318	-0.573236	0.0	0.24850300000000003	-0.5530649999999999	-0.7952140000000001	0.0	-0.96857	-0.151121	-0.197572	0.0	2.74931	2.04163	1.18394	0.361912	
0	-0.346954	0.613118	-0.709725	0.0	-0.0852725	0.732975	0.67489	0.0	0.933998	0.29467600000000005	-0.202026	0.0	-2.8160000000000003	2.2831099999999998	0.734064	0.329369	-0.00526673	0.816635	-0.5771310000000001	0.0	0.24685500000000002	-0.558215	-0.7921229999999999	0.0	-0.969038	-0.14663900000000002	-0.198651	0.0	2.7088400000000004	2.03908	1.1938799999999998	0.36188000000000003	
0	-0.383062	0.5443479999999999	-0.74629	0.0	-0.162397	0.755646	0.634529	0.0	0.909335	0.364259	-0.201059	0.0	-2.8458200000000002	2.32438	0.676901	0.31408200000000003	-0.00589013	0.8190189999999999	-0.5737359999999999	0.0	0.241274	-0.555632	-0.795651	0.0	-0.9704389999999999	-0.14311400000000002	-0.19433599999999998	0.0	2.6755400000000003	2.01987	1.19803	0.362537	
0	-0.37985	0.524738	-0.761817	0.0	-0.15320899999999998	0.776482	0.61123	0.0	0.912273	0.348893	-0.214552	0.0	-2.8615	2.36046	0.699419	0.316904	-0.0384365	0.8355020000000001	-0.548142	0.0	0.24681599999999998	-0.523613	-0.815421	0.0	-0.9683	-0.166632	-0.186089	0.0	2.6335599999999997	2.01265	1.2143899999999999	0.36348400000000003	
0	-0.305562	0.571476	-0.761609	0.0	-0.08815269999999999	0.77945	0.6202310000000001	0.0	0.948083	0.256657	-0.18779300000000002	0.0	-2.88774	2.35107	0.7754939999999999	0.331489	-0.120093	0.866136	-0.485167	0.0	0.251727	-0.446165	-0.858819	0.0	-0.960318	-0.225268	-0.164449	0.0	2.5931	1.97118	1.22993	0.363991	
0	-0.0955094	0.7709090000000001	-0.629744	0.0	0.00530821	0.633022	0.774116	0.0	0.9954139999999999	0.07059249999999999	-0.06455169999999999	0.0	-2.88395	2.26435	0.918294	0.34988	-0.216626	0.884065	-0.414127	0.0	0.231825	-0.36548400000000003	-0.901487	0.0	-0.9483299999999999	-0.29129099999999997	-0.125775	0.0	2.55186	1.92713	1.20485	0.363975	
0	0.273564	0.9088129999999999	-0.31499299999999997	0.0	0.0251403	0.32061799999999996	0.946875	0.0	0.961525	-0.26695	0.0648617	0.0	-2.78533	1.9807299999999999	1.12063	0.35416	-0.406752	0.8700049999999999	-0.278648	0.0	0.197623	-0.214	-0.956634	0.0	-0.891907	-0.44418	-0.0848887	0.0	2.47586	1.8074700000000001	1.16314	0.36397399999999996	
0	0.531694	0.846144	-0.03662990000000001	0.0	-0.061948699999999995	0.081988	0.994706	0.0	0.844668	-0.52661	0.09601	0.0	-2.7185799999999998	1.63437	1.1900899999999999	0.354769	-0.549593	0.819361	-0.163082	0.0	0.12277300000000001	-0.113874	-0.98588	0.0	-0.826362	-0.561854	-0.038011500000000004	0.0	2.37819	1.55708	1.07833	0.36394699999999996	
0	0.6582560000000001	0.736116	0.157582	0.0	-0.179947	-0.049397699999999996	0.9824350000000001	0.0	0.730971	-0.67505	0.0999456	0.0	-2.68027	1.27055	1.13484	0.354734	-0.64898	0.7582810000000001	-0.061932600000000004	0.0	0.0421241	-0.0454659	-0.998077	0.0	-0.7596390000000001	-0.650341	-0.00243551	0.0	2.2382	1.23806	0.9500270000000001	0.36335100000000004	
0	0.74649	0.616042	0.251485	0.0	-0.253806	-0.08575419999999999	0.9634459999999999	0.0	0.615089	-0.783032	0.09234060000000001	0.0	-2.64392	0.8796879999999999	1.00711	0.355505	-0.713001	0.700324	0.0342789	0.0	-0.0323201	0.0160102	-0.9993489999999999	0.0	-0.700417	-0.713645	0.0112193	0.0	2.10965	0.910209	0.8339629999999999	0.36346300000000004	
0	0.782721	0.525496	0.333469	0.0	-0.324871	-0.112041	0.939099	0.0	0.530855	-0.8433860000000001	0.0830217	0.0	-2.66046	0.5018520000000001	0.827527	0.355621	-0.7315050000000001	0.677272	0.078753	0.0	-0.0640353	0.046750599999999996	-0.9968520000000001	0.0	-0.678822	-0.734245	0.00917101	0.0	2.00533	0.6372720000000001	0.687751	0.364001	
0	0.8056	0.457266	0.376718	0.0	-0.363705	-0.12024000000000001	0.9237209999999999	0.0	0.467683	-0.881164	0.0694439	0.0	-2.67663	0.20483400000000002	0.669642	0.355612	-0.745798	0.655594	0.118247	0.0	-0.09270089999999999	0.0736425	-0.992967	0.0	-0.659691	-0.751514	0.00585163	0.0	1.9361099999999998	0.426546	0.5482319999999999	0.36394299999999996	
0	0.812528	0.403604	0.42059799999999997	0.0	-0.405898	-0.12614	0.905172	0.0	0.41838500000000006	-0.9061969999999999	0.0613294	0.0	-2.67608	-0.0915233	0.50233	0.355139	-0.755586	0.637746	0.149568	0.0	-0.114595	0.0961185	-0.988751	0.0	-0.644948	-0.7642260000000001	0.000456333	0.0	1.8383599999999998	0.22898000000000002	0.401358	0.363982	
0	0.820967	0.375788	0.429879	0.0	-0.415286	-0.12370899999999999	0.9012399999999999	0.0	0.391855	-0.9184120000000001	0.054498000000000005	0.0	-2.6453	-0.33608899999999997	0.35077800000000003	0.354678	-0.7608060000000001	0.631792	0.14837	0.0	-0.12204100000000001	0.085261	-0.988856	0.0	-0.637401	-0.770435	0.0122375	0.0	1.76485	0.0197086	0.294477	0.363954	
0	0.8236450000000001	0.37048400000000004	0.429361	0.0	-0.415204	-0.121753	0.901544	0.0	0.386284	-0.920824	0.0535457	0.0	-2.6417599999999997	-0.46241099999999996	0.257998	0.35415	-0.758548	0.6349239999999999	0.146551	0.0	-0.12312100000000001	0.0811992	-0.9890639999999999	0.0	-0.63988	-0.768296	0.0165786	0.0	1.6698099999999998	-0.0710018	0.257458	0.36396799999999996	
0	0.823158	0.386963	0.41553599999999996	0.0	-0.40372800000000003	-0.115721	0.907531	0.0	0.399267	-0.914805	0.06097090000000001	0.0	-2.6375599999999997	-0.47921199999999997	0.252538	0.35371199999999997	-0.750918	0.647529	0.129724	0.0	-0.114059	0.06631419999999999	-0.991258	0.0	-0.650471	-0.75915	0.024060400000000003	0.0	1.62535	-0.06858760000000001	0.289056	0.363975	
0	0.8231430000000001	0.386998	0.415534	0.0	-0.403737	-0.115701	0.90753	0.0	0.39929000000000003	-0.9147930000000001	0.061006899999999996	0.0	-2.63765	-0.47930900000000004	0.252284	0.353716	-0.7508729999999999	0.647602	0.12962100000000001	0.0	-0.113936	0.0663034	-0.991273	0.0	-0.6505449999999999	-0.759089	0.0239999	0.0	1.62595	-0.0694027	0.288182	0.36398	
0	0.82314	0.38698499999999997	0.41555200000000003	0.0	-0.40375300000000003	-0.11570699999999999	0.9075219999999999	0.0	0.399279	-0.914798	0.0610031	0.0	-2.63765	-0.479315	0.252267	0.353716	-0.750877	0.647596	0.129628	0.0	-0.113946	0.06630319999999999	-0.9912719999999999	0.0	-0.6505380000000001	-0.7590939999999999	0.0240052	0.0	1.62599	-0.0694546	0.288122	0.36398	
0	0.82314	0.38698499999999997	0.41555200000000003	0.0	-0.40375300000000003	-0.11570699999999999	0.9075219999999999	0.0	0.399279	-0.914798	0.0610031	0.0	-2.63765	-0.479315	0.252267	0.353716	-0.750877	0.647596	0.129628	0.0	-0.113946	0.0663031	-0.9912719999999999	0.0	-0.6505380000000001	-0.7590939999999999	0.024005099999999998	0.0	1.62599	-0.06945470000000001	0.288122	0.36398	
0	0.82314	0.38698499999999997	0.41555200000000003	0.0	-0.40375300000000003	-0.11570699999999999	0.9075219999999999	0.0	0.399279	-0.914798	0.0610031	0.0	-2.63765	-0.47931599999999996	0.252268	0.353716	-0.750877	0.647596	0.129628	0.0	-0.113946	0.06630319999999999	-0.9912719999999999	0.0	-0.6505380000000001	-0.7590939999999999	0.0240052	0.0	1.62599	-0.0694548	0.288122	0.36398	
0	0.82314	0.38698499999999997	0.41555200000000003	0.0	-0.40375300000000003	-0.11570699999999999	0.9075219999999999	0.0	0.399279	-0.914798	0.0610031	0.0	-2.63765	-0.47931599999999996	0.252267	0.353716	-0.750877	0.647596	0.129628	0.0	-0.113946	0.06630319999999999	-0.9912719999999999	0.0	-0.6505380000000001	-0.7590939999999999	0.0240052	0.0	1.62599	-0.06945470000000001	0.288122	0.36398	
0	0.82314	0.38698499999999997	0.41555200000000003	0.0	-0.40375300000000003	-0.11570699999999999	0.9075219999999999	0.0	0.399279	-0.914798	0.0610031	0.0	-2.63765	-0.47931599999999996	0.252267	0.353716	-0.750877	0.647596	0.129628	0.0	-0.113946	0.06630319999999999	-0.9912719999999999	0.0	-0.6505380000000001	-0.7590939999999999	0.0240052	0.0	1.62599	-0.0694549	0.288122	0.36398	
0	0.82314	0.38698499999999997	0.41555200000000003	0.0	-0.40375300000000003	-0.11570699999999999	0.9075219999999999	0.0	0.399279	-0.914798	0.0610031	0.0	-2.63765	-0.47931599999999996	0.252268	0.353716	-0.750877	0.647596	0.129628	0.0	-0.113946	0.06630319999999999	-0.9912719999999999	0.0	-0.6505380000000001	-0.7590939999999999	0.0240052	0.0	1.62599	-0.0694548	0.288122	0.36398	
0	0.82314	0.38698499999999997	0.41555200000000003	0.0	-0.40375300000000003	-0.11570699999999999	0.9075219999999999	0.0	0.399279	-0.914798	0.0610031	0.0	-2.63765	-0.47931599999999996	0.252267	0.353716	-0.750877	0.647596	0.129628	0.0	-0.113946	0.06630319999999999	-0.9912719999999999	0.0	-0.6505380000000001	-0.7590939999999999	0.0240052	0.0	1.62599	-0.06945470000000001	0.288122	0.36398	
0	0.82314	0.38698499999999997	0.41555200000000003	0.0	-0.40375300000000003	-0.11570699999999999	0.9075219999999999	0.0	0.399279	-0.914798	0.0610031	0.0	-2.63765	-0.47931599999999996	0.252267	0.353716	-0.750877	0.647596	0.129628	0.0	-0.113946	0.06630319999999999	-0.9912719999999999	0.0	-0.6505380000000001	-0.7590939999999999	0.0240052	0.0	1.62599	-0.0694548	0.288122	0.36398	
0	0.82314	0.38698499999999997	0.41555200000000003	0.0	-0.40375300000000003	-0.11570699999999999	0.9075219999999999	0.0	0.399279	-0.914798	0.0610031	0.0	-2.63765	-0.479315	0.252267	0.353715	-0.750877	0.647596	0.129628	0.0	-0.113946	0.06630319999999999	-0.9912719999999999	0.0	-0.6505380000000001	-0.7590939999999999	0.0240052	0.0	1.62599	-0.0694548	0.288122	0.36398	
0	0.8163729999999999	0.423033	0.393165	0.0	-0.272574	-0.31795100000000004	0.9080809999999999	0.0	0.509155	-0.848499	-0.144259	0.0	-2.59437	-0.507632	0.185695	0.35041700000000003	-0.610049	0.791276	0.0415128	0.0	0.139786	0.15904400000000002	-0.977325	0.0	-0.779936	-0.590413	-0.207634	0.0	1.61748	-0.0917207	0.32718800000000003	0.36396300000000004	
0	0.8348620000000001	0.355673	0.420121	0.0	-0.319564	-0.30827	0.896018	0.0	0.4482	-0.882307	-0.143703	0.0	-2.54204	-0.7005899999999999	0.12063199999999999	0.350529	-0.624649	0.7795270000000001	0.0463849	0.0	0.126911	0.159946	-0.978934	0.0	-0.770524	-0.605603	-0.19884100000000002	0.0	1.66733	-0.197818	0.234763	0.363993	
0	0.847619	0.284534	0.44786400000000004	0.0	-0.372153	-0.28284499999999996	0.884025	0.0	0.378211	-0.915991	-0.133854	0.0	-2.54458	-1.0351299999999999	-0.061160400000000004	0.35076599999999997	-0.628195	0.777243	0.035564	0.0	0.126616	0.147221	-0.980966	0.0	-0.767684	-0.611735	-0.190894	0.0	1.67533	-0.34358299999999997	0.136374	0.36398	
0	0.851866	0.214079	0.47801099999999996	0.0	-0.43258199999999997	-0.22696999999999998	0.872558	0.0	0.29529099999999997	-0.950081	-0.100741	0.0	-2.58233	-1.58493	-0.33353299999999997	0.351382	-0.620897	0.783395	0.0279067	0.0	0.124483	0.133685	-0.983175	0.0	-0.773945	-0.6069760000000001	-0.180524	0.0	1.64183	-0.460805	0.06293969999999999	0.363976	
0	0.85874	0.143082	0.49203	0.0	-0.46672700000000006	-0.177927	0.8663190000000001	0.0	0.2115	-0.9735860000000001	-0.0860128	0.0	-2.72937	-2.0764	-0.649467	0.35173899999999997	-0.616734	0.7868729999999999	0.021700599999999997	0.0	0.124076	0.12439800000000001	-0.9844440000000001	0.0	-0.777332	-0.6044470000000001	-0.174352	0.0	1.5983399999999999	-0.491596	0.0706532	0.363977	
0	0.8602	0.07052989999999999	0.5050560000000001	0.0	-0.49136899999999994	-0.150321	0.8578809999999999	0.0	0.136427	-0.986118	-0.0946503	0.0	-2.9525099999999997	-2.4382200000000003	-1.01873	0.351202	-0.617332	0.786525	0.0167293	0.0	0.12459200000000001	0.118743	-0.9850770000000001	0.0	-0.776775	-0.606035	-0.171299	0.0	1.5764200000000002	-0.49839799999999995	0.0979125	0.363996	
0	0.85944	0.039422000000000006	0.509714	0.0	-0.5010640000000001	-0.132946	0.855137	0.0	0.101476	-0.990339	-0.09450650000000001	0.0	-3.05789	-2.60237	-1.22081	0.351021	-0.61811	0.785904	0.0171497	0.0	0.12430699999999999	0.11926199999999999	-0.98505	0.0	-0.776201	-0.606738	-0.17141099999999998	0.0	1.5745200000000001	-0.49615299999999996	0.121249	0.36398	
0	0.860634	0.0281387	0.508445	0.0	-0.5019710000000001	-0.12103399999999999	0.856374	0.0	0.08563630000000001	-0.99225	-0.090041	0.0	-3.14323	-2.73959	-1.395	0.350592	-0.6172949999999999	0.786562	0.016374100000000003	0.0	0.124405	0.11814200000000001	-0.985173	0.0	-0.776834	-0.606105	-0.170781	0.0	1.57875	-0.49595100000000003	0.12700799999999998	0.36397399999999996	
0	0.8560139999999999	0.0374566	0.515594	0.0	-0.509305	-0.10980699999999999	0.8535520000000001	0.0	0.08858680000000001	-0.9932469999999999	-0.0749194	0.0	-3.17773	-2.88996	-1.5176	0.35136799999999996	-0.616505	0.7872060000000001	0.015122899999999998	0.0	0.12521400000000002	0.11698900000000001	-0.985208	0.0	-0.777331	-0.605492	-0.170693	0.0	1.5780399999999999	-0.49619300000000005	0.13327999999999998	0.363992	
0	0.852333	0.050271699999999996	0.5205770000000001	0.0	-0.515656	-0.0854328	0.852526	0.0	0.0873322	-0.995075	-0.04689430000000001	0.0	-3.18535	-3.05511	-1.5869	0.35143800000000003	-0.61651	0.787195	0.015489099999999999	0.0	0.12402200000000001	0.11652	-0.9854139999999999	0.0	-0.777518	-0.605597	-0.169466	0.0	1.57562	-0.500319	0.13551	0.363989	
0	0.844641	0.0605683	0.531895	0.0	-0.527941	-0.0702954	0.846367	0.0	0.08865269999999999	-0.9956860000000001	-0.027398000000000002	0.0	-3.16859	-3.20221	-1.63478	0.35177800000000004	-0.618451	0.785742	0.0113288	0.0	0.126065	0.113434	-0.9855149999999999	0.0	-0.7756460000000001	-0.608065	-0.169208	0.0	1.5851	-0.497454	0.13586099999999998	0.363981	
0	0.831838	0.06159490000000001	0.5515909999999999	0.0	-0.5495140000000001	-0.048225300000000006	0.8340920000000001	0.0	0.0779763	-0.996936	-0.00626834	0.0	-3.10118	-3.40604	-1.68022	0.351798	-0.619383	0.785084	0.00275806	0.0	0.131492	0.107201	-0.985504	0.0	-0.773999	-0.610042	-0.16963	0.0	1.61053	-0.491461	0.14448699999999998	0.363971	
0	0.816736	0.062015	0.573669	0.0	-0.5722430000000001	-0.0404913	0.819084	0.0	0.07402410000000001	-0.9972540000000001	0.0024169	0.0	-3.04917	-3.5214	-1.70557	0.35146	-0.618031	0.786151	-0.00196698	0.0	0.135331	0.103924	-0.9853350000000001	0.0	-0.774418	-0.609234	-0.170619	0.0	1.62188	-0.49442299999999995	0.154122	0.364001	
0	0.812829	0.048019900000000004	0.58052	0.0	-0.5793550000000001	-0.0368109	0.814244	0.0	0.0604692	-0.998168	-0.00210042	0.0	-3.0727599999999997	-3.6291599999999997	-1.7589299999999999	0.351622	-0.614678	0.788733	-0.00846502	0.0	0.14085799999999998	0.0992016	-0.9850469999999999	0.0	-0.7761	-0.606679	-0.172077	0.0	1.62834	-0.496612	0.169336	0.363985	
0	0.807621	0.0428627	0.5881430000000001	0.0	-0.586601	-0.0437585	0.808693	0.0	0.060399	-0.998122	-0.010197	0.0	-3.07298	-3.6336199999999996	-1.7523799999999998	0.3513	-0.6141399999999999	0.789117	-0.0112771	0.0	0.142425	0.0967667	-0.9850639999999999	0.0	-0.776239	-0.6065729999999999	-0.171819	0.0	1.6333600000000001	-0.49809	0.182702	0.363993	
0	0.8047380000000001	0.0444952	0.59196	0.0	-0.590429	-0.0434246	0.80592	0.0	0.061565199999999994	-0.998065	-0.00867414	0.0	-3.07476	-3.6336800000000005	-1.7529700000000001	0.351592	-0.609888	0.7922399999999999	-0.019828099999999998	0.0	0.147477	0.088878	-0.9850639999999999	0.0	-0.778645	-0.603703	-0.171043	0.0	1.63791	-0.487466	0.218748	0.363981	
0	0.80279	0.043009	0.594709	0.0	-0.593001	-0.046581199999999996	0.8038529999999999	0.0	0.062275199999999996	-0.9979879999999999	-0.0118905	0.0	-3.07461	-3.63326	-1.75005	0.351365	-0.605453	0.795485	-0.0251308	0.0	0.149281	0.0824905	-0.985348	0.0	-0.781756	-0.600333	-0.168695	0.0	1.6398599999999999	-0.475245	0.24208600000000002	0.36398	
0	0.799616	0.047161	0.598657	0.0	-0.5965699999999999	-0.05164969999999999	0.800897	0.0	0.0686916	-0.9975510000000001	-0.013165000000000001	0.0	-3.0796099999999997	-3.6283	-1.7715	0.336532	-0.604351	0.796296	-0.0259258	0.0	0.15096500000000002	0.0825032	-0.9850899999999999	0.0	-0.782284	-0.599254	-0.170074	0.0	1.63926	-0.471841	0.25498899999999997	0.363978	
0	0.804675	0.0407073	0.5923189999999999	0.0	-0.5905520000000001	-0.0479783	0.8055720000000001	0.0	0.0612111	-0.9980190000000001	-0.0145671	0.0	-3.10627	-3.60592	-1.8126	0.22539299999999998	-0.603715	0.796797	-0.0253484	0.0	0.15270799999999998	0.0843785	-0.984663	0.0	-0.782438	-0.598326	-0.172619	0.0	1.64452	-0.470983	0.257231	0.363971	
0	0.816154	0.0248658	0.5773	0.0	-0.576773	-0.025497	0.816507	0.0	0.0350224	-0.999366	-0.00646763	0.0	-3.08629	-3.58696	-1.81667	0.12949000000000002	-0.6018899999999999	0.798179	-0.025293400000000004	0.0	0.153167	0.084299	-0.984598	0.0	-0.7837529999999999	-0.596494	-0.172994	0.0	1.65652	-0.4733	0.256449	0.36398600000000003	
0	0.819407	0.026494900000000002	0.572599	0.0	-0.5723600000000001	-0.0166105	0.8198340000000001	0.0	0.0312325	-0.999511	0.00155383	0.0	-3.0840799999999997	-3.58481	-1.8204900000000002	0.129049	-0.6007819999999999	0.799033	-0.0246543	0.0	0.154408	0.085727	-0.984281	0.0	-0.784359	-0.595145	-0.17488	0.0	1.66262	-0.47756499999999996	0.25299299999999997	0.363979	
0	0.8225889999999999	0.0290763	0.567892	0.0	-0.567656	-0.0166105	0.823098	0.0	0.0333655	-0.999439	0.00284172	0.0	-3.08492	-3.5874300000000003	-1.81614	0.12945299999999998	-0.596805	0.8020649999999999	-0.022716800000000002	0.0	0.152111	0.08529450000000001	-0.984676	0.0	-0.787836	-0.591115	-0.172907	0.0	1.66065	-0.49840500000000004	0.24611799999999998	0.36398400000000003	
0	0.8251209999999999	0.0301589	0.5641510000000001	0.0	-0.563405	-0.0300283	0.825635	0.0	0.0418407	-0.999094	-0.00778528	0.0	-3.0836	-3.58894	-1.81085	0.128339	-0.596308	0.8024479999999999	-0.022237	0.0	0.152111	0.0857493	-0.9846370000000001	0.0	-0.788213	-0.590529	-0.17319400000000001	0.0	1.65526	-0.511854	0.23968899999999999	0.363983	
0	0.837578	0.013005000000000001	0.546162	0.0	-0.545381	-0.0385968	0.837299	0.0	0.0319692	-0.9991700000000001	-0.0252351	0.0	-3.04156	-3.58295	-1.8770200000000001	0.127915	-0.592852	0.804851	-0.0272156	0.0	0.153648	0.07987330000000001	-0.984892	0.0	-0.790518	-0.5880770000000001	-0.171017	0.0	1.65474	-0.51776	0.20498000000000002	0.36397199999999996	
0	0.8436	-0.00139275	0.536971	0.0	-0.536456	-0.0460538	0.842671	0.0	0.0235559	-0.9989379999999999	-0.0395981	0.0	-3.0354200000000002	-3.48535	-1.8388900000000001	0.128339	-0.583553	0.811254	-0.0365241	0.0	0.158432	0.0696207	-0.9849120000000001	0.0	-0.796471	-0.580535	-0.169156	0.0	1.65677	-0.499212	0.155616	0.364005	
0	0.854194	-0.0173584	0.5196649999999999	0.0	-0.519461	-0.0720331	0.851453	0.0	0.022653200000000002	-0.997251	-0.0705472	0.0	-3.07523	-3.27148	-1.7832700000000001	0.128354	-0.568581	0.820925	-0.0529101	0.0	0.169781	0.054171699999999996	-0.983992	0.0	-0.804917	-0.568462	-0.170179	0.0	1.66285	-0.48977200000000004	0.12346700000000001	0.363987	
0	0.868109	-0.0279175	0.49558800000000003	0.0	-0.49517100000000003	-0.11817899999999999	0.860721	0.0	0.034539	-0.9926	-0.116416	0.0	-3.10832	-2.9675700000000003	-1.76111	0.128058	-0.547218	0.833723	-0.0738815	0.0	0.186055	0.0351046	-0.9819120000000001	0.0	-0.816049	-0.551066	-0.174328	0.0	1.6691200000000002	-0.463721	0.07171799999999999	0.363976	
0	0.8709870000000001	-0.0488902	0.488867	0.0	-0.490487	-0.14394400000000002	0.8594780000000001	0.0	0.0283493	-0.9883780000000001	-0.14935299999999999	0.0	-3.11027	-2.61311	-1.6761099999999998	0.128351	-0.514368	0.8501569999999999	-0.11251199999999999	0.0	0.217209	0.00223398	-0.976123	0.0	-0.829606	-0.526525	-0.18581099999999998	0.0	1.6741700000000002	-0.403885	-0.00435033	0.364003	
0	0.869899	-0.0643571	0.48901300000000003	0.0	-0.492742	-0.15746	0.8558100000000001	0.0	0.0219226	-0.985426	-0.168686	0.0	-3.12225	-2.31638	-1.5559399999999999	0.128353	-0.487278	0.858124	-0.16181199999999998	0.0	0.255475	-0.0371041	-0.966103	0.0	-0.83504	-0.5121	-0.20115	0.0	1.67032	-0.370255	-0.08160880000000001	0.363981	
0	0.872742	-0.0840152	0.48089799999999994	0.0	-0.48807700000000004	-0.17063	0.85596	0.0	0.0101418	-0.9817469999999999	-0.189921	0.0	-3.14814	-2.06105	-1.40567	0.128054	-0.414994	0.8575389999999999	-0.30398400000000003	0.0	0.351001	-0.15734800000000002	-0.92306	0.0	-0.839392	-0.489763	-0.235699	0.0	1.6774200000000001	-0.356008	-0.223426	0.363969	
0	0.8726510000000001	-0.0907083	0.479846	0.0	-0.48827	-0.17921700000000002	0.854092	0.0	0.00852314	-0.979619	-0.200684	0.0	-3.16661	-1.90008	-1.32198	0.12835	-0.31924600000000003	0.829032	-0.459118	0.0	0.43068999999999996	-0.304622	-0.8495360000000001	0.0	-0.84415	-0.468948	-0.259806	0.0	1.67088	-0.357356	-0.373797	0.36401100000000003	
0	0.8691969999999999	-0.10159	0.483918	0.0	-0.494324	-0.201971	0.8454889999999999	0.0	0.0118443	-0.974109	-0.225771	0.0	-3.17014	-1.71626	-1.2321600000000001	0.12795499999999999	-0.194775	0.723726	-0.66203	0.0	0.503786	-0.505308	-0.700616	0.0	-0.841583	-0.469984	-0.26618200000000003	0.0	1.6169799999999999	-0.45981000000000005	-0.528192	0.363989	
0	0.8678290000000001	-0.102048	0.486271	0.0	-0.49594799999999994	-0.237273	0.835307	0.0	0.0301373	-0.9660690000000001	-0.256523	0.0	-3.15307	-1.5174299999999998	-1.16072	0.128347	-0.0394458	0.551168	-0.833461	0.0	0.5124890000000001	-0.704887	-0.490397	0.0	-0.8577879999999999	-0.446483	-0.25466300000000003	0.0	1.53872	-0.567893	-0.659569	0.364014	
0	0.861049	-0.09877319999999999	0.498837	0.0	-0.5043350000000001	-0.29149400000000003	0.812821	0.0	0.0651234	-0.951459	-0.300806	0.0	-3.08145	-1.28605	-1.14345	0.128349	0.0701357	0.306225	-0.9493719999999999	0.0	0.46089399999999997	-0.8539899999999999	-0.24140999999999999	0.0	-0.8846799999999999	-0.420628	-0.201032	0.0	1.35054	-0.729762	-0.7764909999999999	0.36399499999999996	
0	0.857319	-0.0865561	0.5074569999999999	0.0	-0.506694	-0.31598200000000004	0.802132	0.0	0.0909181	-0.944809	-0.314755	0.0	-3.00477	-1.17626	-1.1288799999999999	0.12795399999999998	0.111001	0.16484200000000002	-0.9800540000000001	0.0	0.408555	-0.9065340000000001	-0.10620299999999999	0.0	-0.9059590000000001	-0.38861799999999996	-0.167973	0.0	1.21086	-0.8160310000000001	-0.8528469999999999	0.364008	
0	0.8490639999999999	-0.062007799999999995	0.524638	0.0	-0.511898	-0.34202899999999997	0.788021	0.0	0.130578	-0.937641	-0.322146	0.0	-2.88413	-1.09901	-1.1299299999999999	0.128053	0.125805	0.10731900000000001	-0.986233	0.0	0.40774499999999997	-0.911874	-0.0472153	0.0	-0.904388	-0.396192	-0.158477	0.0	0.9587209999999999	-0.94884	-0.9557690000000001	0.36393400000000004	
0	0.841764	-0.0398342	0.538374	0.0	-0.5129819999999999	-0.369699	0.774708	0.0	0.168176	-0.928298	-0.331633	0.0	-2.75497	-1.0374700000000001	-1.1621	0.12833599999999998	0.11407300000000001	0.061742	-0.991552	0.0	0.41388199999999997	-0.910286	-0.00906664	0.0	-0.9031549999999999	-0.409351	-0.129393	0.0	0.727949	-1.11506	-1.0720299999999998	0.35676199999999997	
1	0.839018	-0.0301819	0.543266	0.0	-0.512571	-0.378811	0.770567	0.0	0.182538	-0.924982	-0.3333	0.0	-2.71025	-1.0169	-1.16783	0.127958	0.110051	0.060287900000000005	-0.9920959999999999	0.0	0.41051499999999996	-0.911801	-0.00987102	0.0	-0.9051889999999999	-0.406184	-0.125094	0.0	0.644019	-1.15073	-1.10956	0.355139	
1	0.832717	0.006121100000000001	0.553664	0.0	-0.507393	-0.391869	0.767457	0.0	0.221662	-0.9200010000000001	-0.323211	0.0	-2.56224	-1.0083	-1.20249	0.128338	0.0961189	0.0715324	-0.9927959999999999	0.0	0.410861	-0.91133	-0.0258846	0.0	-0.906617	-0.405414	-0.11698599999999999	0.0	0.35573299999999997	-1.27969	-1.3315700000000001	0.35408	
1	0.826725	0.029991000000000004	0.561807	0.0	-0.506437	-0.39526500000000003	0.766347	0.0	0.245046	-0.9180780000000001	-0.31158600000000003	0.0	-2.44792	-1.01537	-1.20805	0.128338	0.0885085	0.0774782	-0.993058	0.0	0.40775300000000003	-0.9124270000000001	-0.0348455	0.0	-0.9087930000000001	-0.40183800000000003	-0.11235	0.0	0.238983	-1.28431	-1.4136600000000001	0.353889	
1	0.821742	0.0500101	0.567661	0.0	-0.504354	-0.399875	0.765328	0.0	0.265268	-0.9152040000000001	-0.303371	0.0	-2.3382400000000003	-0.998281	-1.19233	0.128338	0.0807285	0.0870295	-0.99293	0.0	0.407622	-0.9119510000000001	-0.0467907	0.0	-0.909575	-0.400963	-0.109096	0.0	0.118336	-1.2670299999999999	-1.5034299999999998	0.353509	
1	0.82006	0.0587133	0.569257	0.0	-0.503885	-0.397483	0.766882	0.0	0.271296	-0.9157290000000001	-0.296375	0.0	-2.26193	-1.00882	-1.19923	0.12795499999999999	0.0757773	0.0958585	-0.992506	0.0	0.411843	-0.909508	-0.056398300000000005	0.0	-0.908099	-0.404483	-0.108399	0.0	0.0339844	-1.24708	-1.5443799999999999	0.353135	
1	0.819594	0.0725465	0.568333	0.0	-0.49991899999999995	-0.39405500000000004	0.771234	0.0	0.279905	-0.916219	-0.286697	0.0	-2.2151	-1.0232700000000001	-1.20413	0.127956	0.070239	0.10551600000000001	-0.991934	0.0	0.411796	-0.9087719999999999	-0.0675104	0.0	-0.908565	-0.40373200000000004	-0.10728199999999999	0.0	-0.025674400000000003	-1.24241	-1.59375	0.353082	
1	0.8178989999999999	0.0858826	0.568917	0.0	-0.49653400000000003	-0.39419699999999996	0.773345	0.0	0.290682	-0.915004	-0.27976999999999996	0.0	-2.15556	-1.02453	-1.20425	0.128339	0.0688396	0.110697	-0.991467	0.0	0.408974	-0.909609	-0.0731615	0.0	-0.9099459999999999	-0.400448	-0.10789000000000001	0.0	-0.07175430000000001	-1.22509	-1.63199	0.35281399999999996	
1	0.81567	0.09840360000000001	0.570087	0.0	-0.495303	-0.390398	0.776057	0.0	0.298927	-0.915373	-0.269696	0.0	-2.0862700000000003	-1.03187	-1.20397	0.12833699999999998	0.067552	0.11394800000000001	-0.991188	0.0	0.404839	-0.911128	-0.0771531	0.0	-0.91189	-0.396059	-0.107679	0.0	-0.10963699999999998	-1.21442	-1.6553	0.352717	
1	0.8154560000000001	0.101698	0.569815	0.0	-0.494805	-0.388319	0.777417	0.0	0.300331	-0.915897	-0.266336	0.0	-2.05761	-1.03704	-1.20636	0.128343	0.0655327	0.11639300000000001	-0.9910389999999999	0.0	0.40331100000000003	-0.911525	-0.08038560000000002	0.0	-0.9127129999999999	-0.394429	-0.106678	0.0	-0.134258	-1.20927	-1.67136	0.352586	
1	0.815183	0.10918599999999999	0.56882	0.0	-0.491917	-0.387937	0.779438	0.0	0.30577	-0.9151959999999999	-0.262529	0.0	-2.03819	-1.0368	-1.20666	0.128335	0.0644689	0.12041700000000001	-0.9906280000000001	0.0	0.404541	-0.9106209999999999	-0.08436410000000001	0.0	-0.9122450000000001	-0.39531	-0.10742	0.0	-0.158605	-1.21767	-1.6733099999999999	0.352366	
1	0.81476	0.115871	0.568102	0.0	-0.48905	-0.38897800000000005	0.780722	0.0	0.311442	-0.9139309999999999	-0.260257	0.0	-2.03317	-1.0360200000000002	-1.202	0.12834	0.0643507	0.12290899999999999	-0.9903290000000001	0.0	0.407319	-0.909193	-0.08637180000000001	0.0	-0.9110159999999999	-0.39782199999999995	-0.10857	0.0	-0.193485	-1.2386700000000002	-1.69628	0.35184099999999996	
1	0.8110149999999999	0.123721	0.5717939999999999	0.0	-0.490701	-0.388315	0.7800159999999999	0.0	0.31854099999999996	-0.913184	-0.25421900000000003	0.0	-2.0167599999999997	-1.04246	-1.2034200000000002	0.128066	0.0646111	0.12106199999999999	-0.99054	0.0	0.41112200000000004	-0.907691	-0.0841192	0.0	-0.9092879999999999	-0.40179699999999996	-0.108418	0.0	-0.224369	-1.2534399999999999	-1.71088	0.348618	
1	0.811286	0.12745599999999999	0.570588	0.0	-0.48821099999999995	-0.389254	0.781109	0.0	0.32166	-0.91227	-0.253571	0.0	-1.9960200000000001	-1.0605200000000001	-1.20904	0.128088	0.058584199999999996	0.11499300000000001	-0.9916370000000001	0.0	0.414182	-0.9066129999999999	-0.080664	0.0	-0.908307	-0.405992	-0.100741	0.0	-0.243523	-1.2669700000000002	-1.7297	0.348585	
1	0.809321	0.130097	0.572778	0.0	-0.490367	-0.387141	0.780808	0.0	0.323327	-0.9127959999999999	-0.24952600000000003	0.0	-2.0032400000000004	-1.10375	-1.20928	0.128405	0.048263099999999996	0.068249	-0.9965	0.0	0.43659499999999996	-0.89875	-0.0404088	0.0	-0.8983629999999999	-0.43311700000000003	-0.07317380000000001	0.0	-0.257184	-1.28445	-1.73768	0.337876	
1	0.806276	0.129109	0.577278	0.0	-0.498212	-0.377909	0.780365	0.0	0.31890999999999997	-0.916797	-0.24037600000000003	0.0	-2.0017099999999997	-1.18866	-1.22222	0.129706	0.0344849	0.027985500000000003	-0.9990129999999999	0.0	0.43881400000000004	-0.898523	-0.010023	0.0	-0.8979159999999999	-0.43803500000000006	-0.0432662	0.0	-0.265966	-1.28578	-1.7514599999999998	0.183952	
1	0.810028	0.111325	0.575727	0.0	-0.50193	-0.376	0.778903	0.0	0.303185	-0.919908	-0.248693	0.0	-1.972	-1.17097	-1.23306	0.12997999999999998	0.031128700000000002	0.0359216	-0.99887	0.0	0.42141999999999996	-0.9066559999999999	-0.019472299999999998	0.0	-0.906331	-0.420338	-0.0433611	0.0	-0.23835900000000002	-1.29641	-1.76708	0.184229	
1	0.8084899999999999	0.108575	0.578408	0.0	-0.505482	-0.375208	0.776987	0.0	0.30138400000000004	-0.92056	-0.248469	0.0	-1.95805	-1.1578700000000002	-1.2524600000000001	0.130023	0.034886099999999996	0.0361114	-0.9987389999999999	0.0	0.41824300000000003	-0.9081520000000001	-0.0182267	0.0	-0.9076649999999999	-0.41708	-0.0467852	0.0	-0.22302199999999997	-1.2884799999999998	-1.7806799999999998	0.184249	
1	0.809229	0.10839700000000001	0.577407	0.0	-0.504664	-0.374907	0.777662	0.0	0.300771	-0.920703	-0.24868200000000001	0.0	-1.95385	-1.14666	-1.24908	0.130075	0.033378899999999996	0.035192900000000006	-0.9988229999999999	0.0	0.417547	-0.9084760000000001	-0.0180558	0.0	-0.908042	-0.41645299999999996	-0.045018800000000005	0.0	-0.219333	-1.27843	-1.77987	0.1843	
1	0.808723	0.100155	0.5796	0.0	-0.5078699999999999	-0.378175	0.773985	0.0	0.296709	-0.920301	-0.254973	0.0	-1.9455799999999999	-1.12539	-1.24273	0.129962	0.0348777	0.043794	-0.998432	0.0	0.410847	-0.911344	-0.025622100000000002	0.0	-0.9110370000000001	-0.40930900000000003	-0.0497784	0.0	-0.209808	-1.2630700000000001	-1.77407	0.184395	
1	0.8033	0.0971792	0.587593	0.0	-0.512608	-0.38948499999999997	0.765202	0.0	0.303221	-0.915892	-0.263059	0.0	-1.94313	-1.10721	-1.25194	0.13011	0.0418594	0.0565111	-0.997524	0.0	0.410463	-0.9112290000000001	-0.0343979	0.0	-0.910916	-0.408007	-0.061339300000000006	0.0	-0.201431	-1.23425	-1.76859	0.184615	
1	0.777383	0.187996	0.600278	0.0	-0.48091000000000006	-0.43750200000000006	0.759814	0.0	0.405465	-0.879346	-0.24969699999999997	0.0	-1.9574099999999999	-1.05303	-1.20007	0.30025799999999997	0.059509000000000006	0.0736601	-0.995506	0.0	0.370118	-0.9278190000000001	-0.0465269	0.0	-0.927077	-0.365686	-0.0824767	0.0	-0.156148	-1.22052	-1.8129099999999998	0.18381199999999998	
1	0.768687	0.239552	0.593073	0.0	-0.46789200000000003	-0.421616	0.776736	0.0	0.43611700000000003	-0.87456	-0.212006	0.0	-1.91012	-1.075	-1.19238	0.353528	0.081385	0.0842706	-0.9931139999999999	0.0	0.377635	-0.9247350000000001	-0.0475214	0.0	-0.9223709999999999	-0.371167	-0.107083	0.0	-0.0762799	-1.2054799999999999	-1.8737400000000002	0.183827	
1	0.7593449999999999	0.288592	0.5831890000000001	0.0	-0.44833999999999996	-0.417505	0.7903680000000001	0.0	0.471578	-0.8616290000000001	-0.187643	0.0	-1.8547799999999999	-1.0755299999999999	-1.25263	0.355871	0.107878	0.09515610000000001	-0.9896	0.0	0.384344	-0.922005	-0.0467583	0.0	-0.9168649999999999	-0.375303	-0.136037	0.0	0.029550999999999997	-1.1963	-1.88983	0.183807	
1	0.733611	0.413211	0.53951	0.0	-0.38166300000000003	-0.406343	0.830192	0.0	0.5622699999999999	-0.81495	-0.14039000000000001	0.0	-1.7715900000000002	-1.0590000000000002	-1.32694	0.35908	0.143429	0.100449	-0.98455	0.0	0.390931	-0.919681	-0.03688	0.0	-0.909176	-0.379601	-0.171178	0.0	0.178822	-1.15173	-1.88579	0.183765	
1	0.714749	0.48953900000000006	0.499485	0.0	-0.34312600000000004	-0.37687	0.860369	0.0	0.609424	-0.786334	-0.10139400000000001	0.0	-1.6880400000000002	-1.0497100000000001	-1.3806100000000001	0.361665	0.173069	0.0947825	-0.980339	0.0	0.389984	-0.920601	-0.020159200000000002	0.0	-0.9044110000000001	-0.378827	-0.19629100000000002	0.0	0.30221	-1.14381	-1.8814799999999998	0.183719	
1	0.6936979999999999	0.59405	0.40729299999999996	0.0	-0.26889	-0.31100300000000003	0.9115790000000001	0.0	0.668193	-0.741877	-0.056007799999999996	0.0	-1.6762400000000002	-1.0725	-1.38778	0.35487399999999997	0.20952199999999999	0.10390899999999999	-0.972267	0.0	0.403003	-0.915134	-0.0109561	0.0	-0.890893	-0.389531	-0.23361700000000002	0.0	0.568692	-1.16083	-1.9079099999999998	0.1838	
1	0.649982	0.6985979999999999	0.299138	0.0	-0.187532	-0.234008	0.9539770000000001	0.0	0.7364470000000001	-0.6761659999999999	-0.0210917	0.0	-1.93278	-1.1392	-1.20885	0.352213	0.235025	0.09612539999999999	-0.967224	0.0	0.405509	-0.9140590000000001	0.00769262	0.0	-0.8833610000000001	-0.39402600000000004	-0.253807	0.0	1.043	-1.12665	-2.09745	0.183814	
2	0.5672729999999999	0.813761	0.12646500000000002	0.0	-0.0940222	-0.0885635	0.9916229999999999	0.0	0.818145	-0.574412	0.0262719	0.0	-1.93163	-1.11929	-1.23758	0.35077800000000003	0.274891	0.08602589999999999	-0.957619	0.0	0.406104	-0.9131739999999999	0.034541699999999995	0.0	-0.871501	-0.398388	-0.285959	0.0	1.3484399999999999	-1.19064	-2.11727	0.183809	
2	0.482142	0.876034	-0.010169899999999999	0.0	-0.046386800000000006	0.03711830000000001	0.9982340000000001	0.0	0.874864	-0.480818	0.0585327	0.0	-1.92145	-1.12895	-1.28084	0.350094	0.323854	0.0637049	-0.94396	0.0	0.404645	-0.911198	0.07733200000000001	0.0	-0.855208	-0.407013	-0.320873	0.0	1.70045	-1.31094	-2.1291700000000002	0.183822	
2	0.417279	0.9017950000000001	-0.112444	0.0	-0.0338204	0.13905499999999998	0.989707	0.0	0.908149	-0.409181	0.0885238	0.0	-1.85037	-1.16159	-1.26634	0.349627	0.373096	0.034994599999999994	-0.927133	0.0	0.39102800000000004	-0.912133	0.122929	0.0	-0.841366	-0.40839899999999996	-0.353998	0.0	2.0968	-1.47061	-2.15827	0.183818	
2	0.374842	0.9108229999999999	-0.172904	0.0	-0.0326442	0.199354	0.979384	0.0	0.926514	-0.361469	0.104459	0.0	-1.7989700000000002	-1.20045	-1.25786	0.348935	0.41238100000000005	0.00326043	-0.911006	0.0	0.36672	-0.91599	0.162724	0.0	-0.8339409999999999	-0.401188	-0.378932	0.0	2.39603	-1.59818	-2.19014	0.183813	
2	0.305848	0.916694	-0.257157	0.0	-0.0367037	0.281252	0.958932	0.0	0.9513729999999999	-0.283848	0.11966600000000001	0.0	-1.68042	-1.20435	-1.28213	0.348446	0.457571	-0.052339	-0.887632	0.0	0.33832399999999996	-0.912932	0.228235	0.0	-0.822293	-0.40474099999999996	-0.400023	0.0	2.8175	-1.87349	-2.2423	0.183818	
2	0.22150799999999998	0.907483	-0.356943	0.0	-0.0517942	0.37646799999999997	0.9249809999999999	0.0	0.9737819999999999	-0.18640299999999999	0.130393	0.0	-1.55398	-1.10953	-1.30598	0.348117	0.49127	-0.107135	-0.864394	0.0	0.295557	-0.9130209999999999	0.281139	0.0	-0.8193290000000001	-0.39359299999999997	-0.416875	0.0	3.0726299999999998	-2.09544	-2.28821	0.183819	
2	0.176814	0.896625	-0.405956	0.0	-0.06673539999999999	0.42242700000000005	0.9039370000000001	0.0	0.981979	-0.132737	0.134528	0.0	-1.4582899999999999	-1.01054	-1.31218	0.348058	0.521846	-0.173677	-0.8351719999999999	0.0	0.25259699999999996	-0.9036860000000001	0.345756	0.0	-0.814783	-0.391393	-0.42771499999999996	0.0	3.25756	-2.2823	-2.32317	0.183822	
2	0.172175	0.892767	-0.41631999999999997	0.0	-0.0682108	0.43242200000000003	0.8990879999999999	0.0	0.9827020000000001	-0.126403	0.135349	0.0	-1.41365	-0.946874	-1.30187	0.347882	0.539028	-0.218858	-0.813357	0.0	0.22950399999999999	-0.890951	0.391834	0.0	-0.8104180000000001	-0.397878	-0.430019	0.0	3.40213	-2.4531	-2.31161	0.183816	
2	0.17014100000000001	0.891064	-0.42078000000000004	0.0	-0.0666002	0.436428	0.8972709999999999	0.0	0.983166	-0.12463900000000001	0.133599	0.0	-1.40469	-0.912018	-1.29059	0.347761	0.54388	-0.23800100000000002	-0.804705	0.0	0.22050799999999998	-0.884705	0.41069799999999995	0.0	-0.809673	-0.400814	-0.42869300000000005	0.0	3.45966	-2.52472	-2.3117	0.183816	
2	0.17191700000000001	0.8904129999999999	-0.421437	0.0	-0.060040699999999995	0.43648100000000006	0.897708	0.0	0.9832799999999999	-0.129028	0.128499	0.0	-1.40899	-0.8736	-1.27329	0.347931	0.550485	-0.27729899999999996	-0.787446	0.0	0.218615	-0.8624290000000001	0.45653299999999997	0.0	-0.805713	-0.42346300000000003	-0.414133	0.0	3.55476	-2.6817900000000003	-2.23121	0.18382	
2	0.17280299999999998	0.890012	-0.421922	0.0	-0.0561248	0.436568	0.897919	0.0	0.9833559999999999	-0.131483	0.125392	0.0	-1.43023	-0.8700760000000001	-1.26834	0.347894	0.5509689999999999	-0.290811	-0.782216	0.0	0.22603499999999999	-0.8502780000000001	0.47532700000000006	0.0	-0.8033319999999999	-0.438699	-0.40274299999999996	0.0	3.58245	-2.7600700000000002	-2.1637299999999997	0.183811	
2	0.171039	0.886811	-0.429316	0.0	-0.0535818	0.443464	0.894689	0.0	0.983806	-0.130023	0.123366	0.0	-1.44014	-0.846339	-1.2816	0.34783400000000003	0.551851	-0.307265	-0.775273	0.0	0.236867	-0.833608	0.49899	0.0	-0.799596	-0.459005	-0.38724699999999995	0.0	3.59594	-2.81222	-2.07681	0.18379500000000001	
2	0.16980599999999998	0.8848159999999999	-0.43389799999999995	0.0	-0.0518964	0.44771000000000005	0.8926719999999999	0.0	0.98411	-0.129063	0.12194200000000001	0.0	-1.44274	-0.8391299999999999	-1.28318	0.348008	0.551088	-0.31308	-0.7734880000000001	0.0	0.238748	-0.8290370000000001	0.5056649999999999	0.0	-0.799563	-0.46333500000000005	-0.382125	0.0	3.5904	-2.82482	-2.02869	0.183785	
2	0.168951	0.88077	-0.442379	0.0	-0.0494898	0.45584600000000003	0.888682	0.0	0.984381	-0.12825	0.12060499999999999	0.0	-1.44626	-0.8318559999999999	-1.2703799999999998	0.348379	0.543848	-0.307021	-0.7810050000000001	0.0	0.26821300000000003	-0.818263	0.508436	0.0	-0.795168	-0.485987	-0.362663	0.0	3.56483	-2.86732	-1.85559	0.183817	
2	0.168458	0.880558	-0.442988	0.0	-0.0476185	0.45615600000000006	0.888625	0.0	0.984558	-0.128602	0.118774	0.0	-1.45011	-0.8205709999999999	-1.2623799999999998	0.348599	0.543025	-0.288591	-0.788568	0.0	0.28588600000000003	-0.81945	0.49676000000000003	0.0	-0.789553	-0.49519399999999997	-0.362478	0.0	3.59135	-2.87942	-1.74899	0.183811	
2	0.166731	0.880473	-0.443812	0.0	-0.0479516	0.45682	0.888266	0.0	0.984836	-0.12682000000000002	0.11838599999999999	0.0	-1.45125	-0.818194	-1.2628	0.348489	0.542035	-0.27820900000000004	-0.792967	0.0	0.292934	-0.8218719999999999	0.48858599999999996	0.0	-0.787647	-0.497118	-0.363987	0.0	3.6222300000000005	-2.90061	-1.76793	0.183816	
2	0.160634	0.880501	-0.44599799999999995	0.0	-0.0513322	0.458707	0.8871040000000001	0.0	0.985678	-0.11960499999999999	0.11888199999999999	0.0	-1.449	-0.814909	-1.27272	0.34841	0.5365800000000001	-0.25269	-0.805127	0.0	0.323263	-0.819775	0.47272600000000004	0.0	-0.7794760000000001	-0.5139229999999999	-0.35819	0.0	3.66776	-2.9910799999999997	-1.7326599999999999	0.183816	
2	0.158118	0.879376	-0.44910600000000006	0.0	-0.0542627	0.461879	0.885282	0.0	0.985928	-0.11560899999999999	0.12074800000000001	0.0	-1.43604	-0.81612	-1.27068	0.34845	0.535037	-0.24756199999999998	-0.807743	0.0	0.334044	-0.816198	0.471419	0.0	-0.775983	-0.522048	-0.35399899999999995	0.0	3.6809800000000004	-3.03009	-1.70737	0.18381199999999998	
2	0.15101900000000001	0.879783	-0.45075	0.0	-0.0633013	0.46365	0.883754	0.0	0.986502	-0.104931	0.125712	0.0	-1.383	-0.812761	-1.25929	0.348054	0.532933	-0.233618	-0.813268	0.0	0.348929	-0.8149310000000001	0.46274799999999994	0.0	-0.770863	-0.5303869999999999	-0.352788	0.0	3.69274	-3.11475	-1.72993	0.183816	
2	0.122671	0.880294	-0.458295	0.0	-0.0867036	0.46952299999999997	0.878653	0.0	0.9886530000000001	-0.06804930000000001	0.133921	0.0	-1.3701299999999998	-0.816369	-1.2879	0.347117	0.530413	-0.245617	-0.8113779999999999	0.0	0.356421	-0.803793	0.47631999999999997	0.0	-0.7691720000000001	-0.541838	-0.3388	0.0	3.7029699999999997	-3.17996	-1.80561	0.18381199999999998	
