0	0.100093	0.904684	-0.41416000000000003	0.0	0.0449612	0.41171199999999997	0.9102040000000001	0.0	0.9939620000000001	-0.109726	0.000533819	0.0	-2.78375	1.8972200000000001	1.39514	-8.10623e-06	-0.13656600000000002	0.8910959999999999	-0.432778	0.0	0.249779	-0.391781	-0.8855040000000001	0.0	-0.958624	-0.22902899999999998	-0.169074	0.0	2.69907	1.9950299999999999	1.60188	0.0	
0	0.0606914	0.89659	-0.438684	0.0	-0.082878	0.442503	0.8929290000000001	0.0	0.99471	-0.0178358	0.101164	0.0	-2.83379	1.7929599999999999	1.45393	0.0	-0.162303	0.9014260000000001	-0.40136	0.0	0.257573	-0.353948	-0.899098	0.0	-0.9525309999999999	-0.24930500000000003	-0.174736	0.0	2.72275	1.9591900000000002	1.58653	0.0	
0	0.0168988	0.893799	-0.44814899999999996	0.0	-0.14640699999999998	0.44559399999999993	0.883182	0.0	0.98908	0.0506876	0.138389	0.0	-2.73138	1.7354599999999998	1.54282	0.0	-0.126203	0.899759	-0.417741	0.0	0.17615899999999998	-0.394088	-0.902033	0.0	-0.9762379999999999	-0.18742799999999998	-0.10876500000000001	0.0	2.64997	1.9515	1.60176	0.0	
0	-0.024878900000000002	0.891273	-0.452784	0.0	-0.129153	0.446262	0.885534	0.0	0.9913129999999999	0.0805091	0.10400799999999999	0.0	-2.70349	1.80024	1.5961100000000001	0.11344800000000001	-0.12157000000000001	0.914344	-0.386259	0.0	0.225665	-0.353495	-0.907809	0.0	-0.96659	-0.197527	-0.16336099999999998	0.0	2.6809	2.01969	1.62598	0.30587600000000004	
0	-0.025328299999999998	0.9113040000000001	-0.410954	0.0	-0.10790899999999999	0.40619099999999997	0.907394	0.0	0.9938379999999999	0.0673285	0.08804989999999999	0.0	-2.64092	1.8277900000000002	1.60374	0.349001	-0.12293499999999999	0.906877	-0.403065	0.0	0.19583699999999998	-0.37599099999999996	-0.905692	0.0	-0.9729	-0.190276	-0.131378	0.0	2.60906	2.0136	1.6695400000000002	0.36183000000000004	
0	-0.023550400000000003	0.910668	-0.41246700000000003	0.0	-0.08981019999999999	0.408986	0.9081100000000001	0.0	0.9956809999999999	0.058429999999999996	0.0721554	0.0	-2.64833	1.84085	1.60376	0.34615799999999997	-0.14062	0.907457	-0.395915	0.0	0.203881	-0.364777	-0.908499	0.0	-0.968844	-0.208473	-0.133718	0.0	2.5646299999999997	1.9933599999999998	1.7139400000000002	0.36094499999999996	
0	-0.0257241	0.9068280000000001	-0.420716	0.0	-0.093501	0.416828	0.904164	0.0	0.995287	0.0625961	0.0740668	0.0	-2.7239999999999998	1.81434	1.58703	0.341875	-0.15347	0.904761	-0.397308	0.0	0.192246	-0.367051	-0.910118	0.0	-0.9692719999999999	-0.21605700000000003	-0.11760599999999999	0.0	2.51372	1.9574099999999999	1.7332	0.361748	
0	-0.10353699999999999	0.84225	-0.529051	0.0	-0.145366	0.5133850000000001	0.845757	0.0	0.9839459999999999	0.164473	0.06928039999999999	0.0	-2.7545599999999997	1.82063	1.53685	0.31966700000000003	-0.154067	0.90222	-0.402819	0.0	0.18741300000000002	-0.373602	-0.908459	0.0	-0.970124	-0.215457	-0.111528	0.0	2.47685	1.94078	1.7384700000000002	0.36157	
0	-0.100774	0.8429909999999999	-0.528404	0.0	-0.135249	0.51457	0.846715	0.0	0.9856739999999999	0.15679300000000002	0.0621582	0.0	-2.79834	1.8277700000000001	1.57574	0.31152199999999997	-0.165433	0.901854	-0.399113	0.0	0.200321	-0.365525	-0.90899	0.0	-0.9656620000000001	-0.23032800000000003	-0.12019	0.0	2.45662	1.91905	1.7474	0.361712	
0	-0.0490272	0.8488680000000001	-0.526327	0.0	-0.126711	0.517417	0.8463	0.0	0.990727	0.10818299999999999	0.0821936	0.0	-2.8165	1.8214599999999999	1.6279	0.314888	-0.21265599999999998	0.898877	-0.383143	0.0	0.19175899999999999	-0.346096	-0.918393	0.0	-0.9581270000000001	-0.268773	-0.0987686	0.0	2.44541	1.8717400000000002	1.82132	0.362516	
0	0.183309	0.9334600000000001	-0.308303	0.0	-0.0693605	0.325117	0.943127	0.0	0.980605	-0.151499	0.12434200000000001	0.0	-2.79304	1.65419	1.74773	0.348609	-0.28744000000000003	0.8945219999999999	-0.342357	0.0	0.172766	-0.303156	-0.937149	0.0	-0.9420879999999999	-0.328522	-0.06740360000000001	0.0	2.4269	1.7749400000000002	1.8433099999999998	0.362831	
0	0.385336	0.919011	-0.083281	0.0	-0.098327	0.130629	0.9865440000000001	0.0	0.917523	-0.371962	0.140699	0.0	-2.71748	1.37685	1.7973599999999998	0.349641	-0.430155	0.871633	-0.234998	0.0	0.148605	-0.188393	-0.970786	0.0	-0.89044	-0.45251	-0.0484908	0.0	2.34324	1.60455	1.8367799999999999	0.363141	
0	0.5935239999999999	0.773468	0.222431	0.0	-0.20957800000000001	-0.11830399999999999	0.970609	0.0	0.77705	-0.6226970000000001	0.0918852	0.0	-2.71073	1.1366	1.6897900000000001	0.350288	-0.639464	0.764605	-0.08041260000000001	0.0	0.08142239999999999	-0.036652699999999996	-0.996006	0.0	-0.764498	-0.643457	-0.0388182	0.0	2.2591900000000003	1.29121	1.8244900000000002	0.363745	
0	0.671441	0.6383800000000001	0.376348	0.0	-0.295138	-0.235477	0.925983	0.0	0.67975	-0.7328180000000001	0.030301400000000003	0.0	-2.70017	0.932085	1.5268	0.350003	-0.733796	0.679361	0.00347865	0.0	0.0219193	0.0287927	-0.999345	0.0	-0.679016	-0.7332390000000001	-0.036019199999999994	0.0	2.2042900000000003	0.981776	1.7487099999999998	0.363746	
0	0.707361	0.535949	0.460869	0.0	-0.35399	-0.29575500000000005	0.8872540000000001	0.0	0.611827	-0.790752	-0.019485	0.0	-2.69913	0.740742	1.27898	0.350535	-0.77958	0.621488	0.07750689999999999	0.0	-0.0318922	0.0842005	-0.9959379999999999	0.0	-0.62549	-0.778885	-0.0458205	0.0	2.1539200000000003	0.725002	1.61334	0.36399000000000004	
0	0.729273	0.46588999999999997	0.501106	0.0	-0.374334	-0.341382	0.862168	0.0	0.5727439999999999	-0.816336	-0.0745623	0.0	-2.72621	0.5945520000000001	1.0470700000000002	0.349998	-0.8082739999999999	0.5745140000000001	0.128944	0.0	-0.0681044	0.126302	-0.9896510000000001	0.0	-0.584855	-0.8086909999999999	-0.06296	0.0	2.10785	0.500953	1.43003	0.363978	
0	0.742462	0.418946	0.5227189999999999	0.0	-0.380971	-0.377764	0.843893	0.0	0.55101	-0.825699	-0.120869	0.0	-2.74765	0.511677	0.8002130000000001	0.349585	-0.831714	0.533131	0.15499200000000002	0.0	-0.083927	0.155228	-0.9843069999999999	0.0	-0.548824	-0.83167	-0.084361	0.0	2.08082	0.33432199999999995	1.1879	0.36380999999999997	
0	0.753554	0.359026	0.550689	0.0	-0.407514	-0.402204	0.8198559999999999	0.0	0.515838	-0.842219	-0.156774	0.0	-2.76752	0.40272600000000003	0.530358	0.349196	-0.841592	0.516899	0.156649	0.0	-0.0905304	0.150927	-0.984391	0.0	-0.532473	-0.8426370000000001	-0.0802242	0.0	2.03555	0.177558	0.974248	0.36291599999999996	
0	0.756981	0.316485	0.571678	0.0	-0.445154	-0.390685	0.805732	0.0	0.47834799999999994	-0.864409	-0.154857	0.0	-2.7699700000000003	0.230042	0.372556	0.348881	-0.847118	0.508794	0.153363	0.0	-0.0888806	0.148877	-0.9848530000000001	0.0	-0.5239189999999999	-0.8479180000000001	-0.08089439999999999	0.0	1.98279	0.0187303	0.8002100000000001	0.362502	
0	0.756775	0.309292	0.575873	0.0	-0.457114	-0.379349	0.804451	0.0	0.467267	-0.872028	-0.1457	0.0	-2.75245	0.12942599999999999	0.338783	0.348667	-0.847137	0.5100399999999999	0.149055	0.0	-0.0897294	0.139173	-0.986194	0.0	-0.5237430000000001	-0.848817	-0.0721331	0.0	1.9492099999999999	-0.06759839999999999	0.764958	0.362625	
0	0.7561720000000001	0.305937	0.578451	0.0	-0.47395	-0.35345	0.806501	0.0	0.451192	-0.8840110000000001	-0.122271	0.0	-2.74328	-0.0707087	0.26862600000000003	0.348628	-0.84893	0.507042	0.149082	0.0	-0.0911541	0.137381	-0.9863149999999999	0.0	-0.5205850000000001	-0.850902	-0.070408	0.0	1.9121099999999998	-0.20546799999999998	0.684924	0.362561	
0	0.75392	0.312592	0.5778340000000001	0.0	-0.47741999999999996	-0.343522	0.808742	0.0	0.451304	-0.885595	-0.109751	0.0	-2.7487	-0.219358	0.156498	0.348735	-0.846475	0.511159	0.14898699999999998	0.0	-0.09482689999999999	0.130615	-0.9868879999999999	0.0	-0.5239159999999999	-0.849504	-0.06209069999999999	0.0	1.87162	-0.32041	0.611684	0.362606	
0	0.752019	0.329946	0.570617	0.0	-0.47216899999999995	-0.334386	0.815624	0.0	0.45991800000000005	-0.882792	-0.09567389999999999	0.0	-2.75073	-0.281159	0.11301099999999999	0.348184	-0.843694	0.516342	0.146875	0.0	-0.0946337	0.12625999999999998	-0.9874729999999999	0.0	-0.528418	-0.847024	-0.0576614	0.0	1.83828	-0.36522	0.5869840000000001	0.362711	
0	0.752553	0.33868200000000004	0.564764	0.0	-0.46678400000000003	-0.330602	0.8202530000000001	0.0	0.464517	-0.880907	-0.0907045	0.0	-2.74645	-0.298227	0.111784	0.347907	-0.840476	0.5242720000000001	0.136889	0.0	-0.0864307	0.119682	-0.989043	0.0	-0.53491	-0.8430989999999999	-0.055277	0.0	1.82538	-0.370618	0.596788	0.362873	
0	0.751229	0.38355100000000003	0.537162	0.0	-0.43442700000000006	-0.32537699999999997	0.839883	0.0	0.496918	-0.864302	-0.0778074	0.0	-2.74307	-0.25090500000000004	0.175282	0.347496	-0.8291879999999999	0.547607	0.11213699999999999	0.0	-0.0619165	0.109398	-0.9920680000000001	0.0	-0.555531	-0.8295530000000001	-0.056805999999999995	0.0	1.82905	-0.305161	0.635541	0.363239	
0	0.7520140000000001	0.389761	0.531565	0.0	-0.42811099999999996	-0.324382	0.8435030000000001	0.0	0.501195	-0.8618950000000001	-0.077079	0.0	-2.7400700000000002	-0.232725	0.204884	0.347139	-0.8262649999999999	0.55324	0.105887	0.0	-0.0562327	0.106027	-0.992772	0.0	-0.5604680000000001	-0.826247	-0.0564964	0.0	1.8323200000000002	-0.281505	0.643786	0.36312	
0	0.7520140000000001	0.38976	0.531566	0.0	-0.428112	-0.324382	0.8435030000000001	0.0	0.5011939999999999	-0.8618959999999999	-0.07707919999999999	0.0	-2.74008	-0.23272800000000002	0.20487399999999997	0.347139	-0.826266	0.553238	0.10588800000000001	0.0	-0.056234000000000006	0.106028	-0.992772	0.0	-0.560467	-0.826248	-0.056496500000000005	0.0	1.8323200000000002	-0.281511	0.643784	0.363119	
0	0.7520140000000001	0.38976	0.531566	0.0	-0.428112	-0.324382	0.8435030000000001	0.0	0.5011939999999999	-0.8618959999999999	-0.07707919999999999	0.0	-2.7400700000000002	-0.23272800000000002	0.20487399999999997	0.347139	-0.826266	0.553238	0.10588800000000001	0.0	-0.056234000000000006	0.106028	-0.992772	0.0	-0.560467	-0.826248	-0.056496500000000005	0.0	1.8323200000000002	-0.281511	0.643784	0.363119	
0	0.7520140000000001	0.38976	0.531566	0.0	-0.428112	-0.324382	0.8435030000000001	0.0	0.5011939999999999	-0.8618959999999999	-0.07707919999999999	0.0	-2.7400700000000002	-0.23272800000000002	0.204875	0.347139	-0.826266	0.553238	0.10588800000000001	0.0	-0.056234000000000006	0.106028	-0.992772	0.0	-0.560467	-0.826248	-0.056496500000000005	0.0	1.8323200000000002	-0.281511	0.643784	0.363119	
0	0.7520140000000001	0.38976	0.531566	0.0	-0.428112	-0.324382	0.8435030000000001	0.0	0.5011939999999999	-0.8618959999999999	-0.07707919999999999	0.0	-2.7400700000000002	-0.23272800000000002	0.20487399999999997	0.347139	-0.826266	0.553238	0.10588800000000001	0.0	-0.056234000000000006	0.106028	-0.992772	0.0	-0.560467	-0.826248	-0.056496500000000005	0.0	1.8323200000000002	-0.281511	0.643784	0.363119	
0	0.7520140000000001	0.38976	0.531566	0.0	-0.428112	-0.324382	0.8435030000000001	0.0	0.5011939999999999	-0.8618959999999999	-0.07707919999999999	0.0	-2.7400700000000002	-0.23272800000000002	0.20487399999999997	0.347139	-0.826266	0.553238	0.10588800000000001	0.0	-0.056234000000000006	0.106028	-0.992772	0.0	-0.560467	-0.826248	-0.056496500000000005	0.0	1.8323200000000002	-0.281511	0.643784	0.363119	
0	0.7520140000000001	0.38976	0.531566	0.0	-0.428112	-0.324382	0.8435030000000001	0.0	0.5011939999999999	-0.8618959999999999	-0.07707919999999999	0.0	-2.74008	-0.23272800000000002	0.204875	0.347139	-0.826266	0.553238	0.10588800000000001	0.0	-0.056234000000000006	0.106028	-0.992772	0.0	-0.560467	-0.826248	-0.056496500000000005	0.0	1.8323200000000002	-0.281511	0.643783	0.36312	
0	0.7520140000000001	0.38976	0.531566	0.0	-0.428112	-0.324382	0.8435030000000001	0.0	0.5011939999999999	-0.8618959999999999	-0.07707919999999999	0.0	-2.74008	-0.232727	0.20487399999999997	0.347139	-0.826266	0.553238	0.10588800000000001	0.0	-0.056234000000000006	0.106028	-0.992772	0.0	-0.560467	-0.826248	-0.056496500000000005	0.0	1.8323200000000002	-0.281511	0.643783	0.363119	
0	0.7520140000000001	0.38976	0.531566	0.0	-0.428112	-0.324382	0.8435030000000001	0.0	0.5011939999999999	-0.8618959999999999	-0.07707919999999999	0.0	-2.7400700000000002	-0.23272800000000002	0.20487399999999997	0.347139	-0.826266	0.553238	0.10588800000000001	0.0	-0.056234000000000006	0.106028	-0.992772	0.0	-0.560467	-0.826248	-0.056496500000000005	0.0	1.8323200000000002	-0.281511	0.643783	0.363119	
0	0.776856	0.365223	0.512939	0.0	-0.372211	-0.390703	0.841909	0.0	0.507892	-0.8449629999999999	-0.16758	0.0	-2.68376	-0.371142	0.0830463	0.349181	-0.6579510000000001	0.751382	0.0502564	0.0	0.135738	0.183973	-0.973514	0.0	-0.740727	-0.6337020000000001	-0.223036	0.0	1.8116700000000001	-0.35758	0.652672	0.36398800000000003	
0	0.786651	0.360249	0.5013989999999999	0.0	-0.38508000000000003	-0.348503	0.8545520000000001	0.0	0.48258999999999996	-0.8653129999999999	-0.135426	0.0	-2.64703	-0.617661	-0.0316475	0.348571	-0.654868	0.754533	0.042763499999999996	0.0	0.130406	0.168554	-0.9770280000000001	0.0	-0.7444069999999999	-0.6342479999999999	-0.20877600000000002	0.0	1.78515	-0.46592100000000003	0.5842470000000001	0.363981	
0	0.786266	0.367908	0.496418	0.0	-0.405346	-0.299246	0.863798	0.0	0.46634899999999996	-0.880395	-0.0861574	0.0	-2.61742	-0.9055979999999999	-0.141319	0.348774	-0.6519010000000001	0.757352	0.03799280000000001	0.0	0.12308599999999999	0.15512	-0.9801979999999999	0.0	-0.7482479999999999	-0.634316	-0.19434200000000001	0.0	1.70918	-0.527816	0.552517	0.36399000000000004	
0	0.786489	0.364193	0.49879700000000005	0.0	-0.43055299999999996	-0.255707	0.8655860000000001	0.0	0.44278599999999996	-0.895532	-0.04430680000000001	0.0	-2.6049599999999997	-1.19326	-0.296653	0.349002	-0.6513359999999999	0.758027	0.033999699999999994	0.0	0.11249200000000001	0.140778	-0.9836299999999999	0.0	-0.750404	-0.636849	-0.176966	0.0	1.65202	-0.592538	0.537045	0.36393200000000003	
0	0.800942	0.32823	0.5007560000000001	0.0	-0.46235200000000004	-0.19233499999999998	0.8655860000000001	0.0	0.380424	-0.924809	-0.0022911999999999997	0.0	-2.58912	-1.54365	-0.475232	0.348752	-0.656555	0.753614	0.0316666	0.0	0.0978183	0.126698	-0.987107	0.0	-0.747909	-0.644992	-0.156901	0.0	1.57134	-0.700677	0.507065	0.363724	
0	0.8081619999999999	0.313998	0.498277	0.0	-0.47756499999999996	-0.145759	0.8664209999999999	0.0	0.344683	-0.938168	0.032158099999999995	0.0	-2.61701	-1.8116	-0.6105470000000001	0.34888600000000003	-0.658512	0.752124	0.025917900000000004	0.0	0.09610010000000001	0.11819600000000001	-0.9883290000000001	0.0	-0.746409	-0.6483359999999999	-0.15011300000000002	0.0	1.5282	-0.769265	0.482472	0.364004	
0	0.818617	0.294257	0.493233	0.0	-0.483979	-0.10897000000000001	0.8682690000000001	0.0	0.309242	-0.9494940000000001	0.0532092	0.0	-2.66393	-2.01347	-0.734701	0.348614	-0.657235	0.753213	0.026681599999999996	0.0	0.09352719999999999	0.11663499999999999	-0.9887610000000001	0.0	-0.7478600000000001	-0.647353	-0.14710299999999998	0.0	1.4967	-0.820909	0.45148699999999997	0.363979	
0	0.833369	0.269613	0.48249899999999996	0.0	-0.48165	-0.07396989999999999	0.873236	0.0	0.27112600000000003	-0.960123	0.068215	0.0	-2.7305	-2.18145	-0.8935639999999999	0.347928	-0.6555949999999999	0.75466	0.026140800000000002	0.0	0.0937957	0.11573599999999999	-0.988842	0.0	-0.749264	-0.645828	-0.14665999999999998	0.0	1.4855200000000002	-0.839992	0.44898000000000005	0.36399899999999996	
0	0.8528899999999999	0.23919	0.464077	0.0	-0.46895699999999996	-0.0397148	0.8823280000000001	0.0	0.229475	-0.97016	0.0782975	0.0	-2.81492	-2.33848	-1.05318	0.347194	-0.654687	0.755413	0.0271568	0.0	0.0941812	0.117164	-0.9886370000000001	0.0	-0.7500100000000001	-0.64469	-0.147852	0.0	1.48034	-0.8531	0.45661199999999996	0.363979	
0	0.854424	0.225231	0.468221	0.0	-0.47365100000000004	-0.0327825	0.880102	0.0	0.21357600000000002	-0.9737540000000001	0.07867089999999999	0.0	-2.87472	-2.4539400000000002	-1.1983700000000002	0.34685900000000003	-0.653625	0.756371	0.026015800000000002	0.0	0.0937116	0.114997	-0.988936	0.0	-0.7509939999999999	-0.643955	-0.146046	0.0	1.47619	-0.863749	0.458557	0.36399699999999996	
0	0.8641840000000001	0.213799	0.455495	0.0	-0.462009	-0.0214607	0.886616	0.0	0.19933199999999998	-0.976642	0.0802308	0.0	-2.9346799999999997	-2.57152	-1.35989	0.346853	-0.6536649999999999	0.756391	0.0243748	0.0	0.0944372	0.11348399999999999	-0.989042	0.0	-0.750869	-0.6442	-0.145612	0.0	1.4744700000000002	-0.8708959999999999	0.454189	0.36397199999999996	
0	0.868419	0.208918	0.449668	0.0	-0.458937	-0.00459966	0.8884569999999999	0.0	0.187683	-0.977922	0.09188560000000001	0.0	-2.99687	-2.70369	-1.5702399999999999	0.347159	-0.654738	0.755517	0.022630900000000002	0.0	0.09513710000000002	0.112075	-0.989135	0.0	-0.749845	-0.645471	-0.145258	0.0	1.47379	-0.873174	0.449691	0.363965	
0	0.8722559999999999	0.21433400000000002	0.439579	0.0	-0.45367700000000005	0.019003	0.890964	0.0	0.18261	-0.976576	0.11381400000000001	0.0	-3.02578	-2.82438	-1.6679700000000002	0.346953	-0.655848	0.754656	0.01892	0.0	0.096357	0.108546	-0.989411	0.0	-0.748718	-0.64708	-0.143906	0.0	1.4762	-0.8670450000000001	0.455502	0.363967	
0	0.876215	0.208569	0.43445	0.0	-0.45281499999999997	0.0477592	0.890325	0.0	0.164945	-0.976841	0.13629000000000002	0.0	-3.03903	-2.98943	-1.73134	0.347117	-0.658888	0.752074	0.015825899999999997	0.0	0.09811160000000001	0.106776	-0.989431	0.0	-0.745815	-0.6503720000000001	-0.14414000000000002	0.0	1.47776	-0.8640049999999999	0.46054300000000004	0.36398600000000003	
0	0.877663	0.20237	0.43445900000000004	0.0	-0.452696	0.052331100000000005	0.890128	0.0	0.157399	-0.9779100000000001	0.137541	0.0	-3.05377	-3.0916799999999998	-1.78863	0.347883	-0.6617109999999999	0.749657	0.0123847	0.0	0.10151900000000001	0.105951	-0.989176	0.0	-0.742854	-0.653291	-0.146214	0.0	1.49397	-0.858461	0.462838	0.36399899999999996	
0	0.8819100000000001	0.198641	0.42752299999999993	0.0	-0.446622	0.0618249	0.892584	0.0	0.150872	-0.9781200000000001	0.143242	0.0	-3.0447900000000003	-3.18722	-1.8130700000000002	0.35680500000000004	-0.660658	0.75063	0.00925571	0.0	0.106353	0.105796	-0.988684	0.0	-0.743115	-0.6521979999999999	-0.149727	0.0	1.51124	-0.8475159999999999	0.46402600000000005	0.363982	
0	0.8857149999999999	0.196924	0.420393	0.0	-0.44027799999999995	0.069212	0.8951899999999999	0.0	0.14718900000000001	-0.977973	0.148004	0.0	-3.0537400000000003	-3.26071	-1.82075	0.357616	-0.660724	0.7506079999999999	0.00562689	0.0	0.109054	0.103406	-0.988643	0.0	-0.7426649999999999	-0.652606	-0.15018	0.0	1.52728	-0.8319409999999999	0.5016149999999999	0.364004	
0	0.8821969999999999	0.20456400000000002	0.424125	0.0	-0.44573900000000005	0.07241130000000001	0.892229	0.0	0.151806	-0.9761709999999999	0.155063	0.0	-3.05451	-3.29734	-1.8267	0.358533	-0.659151	0.752003	0.0034667	0.0	0.11045799999999999	0.101377	-0.9886969999999999	0.0	-0.743855	-0.651317	-0.149887	0.0	1.5344200000000001	-0.8301950000000001	0.52263	0.363977	
0	0.8799170000000001	0.20919899999999997	0.426592	0.0	-0.44808100000000006	0.0667751	0.891496	0.0	0.15801400000000002	-0.97559	0.152495	0.0	-3.03344	-3.3227599999999997	-1.8152700000000002	0.358695	-0.658623	0.752472	0.0009715860000000001	0.0	0.112621	0.099851	-0.988608	0.0	-0.743997	-0.651011	-0.150508	0.0	1.53532	-0.824392	0.5450010000000001	0.36399000000000004	
0	0.8779790000000001	0.199711	0.43505	0.0	-0.45300799999999997	0.052896500000000006	0.8899360000000001	0.0	0.154718	-0.978426	0.136913	0.0	-3.00143	-3.36815	-1.78175	0.359028	-0.6573060000000001	0.753624	0.000223041	0.0	0.11401199999999999	0.09973330000000001	-0.988461	0.0	-0.74495	-0.649695	-0.151478	0.0	1.53554	-0.8316379999999999	0.550326	0.363998	
0	0.8704430000000001	0.200355	0.44965200000000005	0.0	-0.46447200000000005	0.0316675	0.885021	0.0	0.163079	-0.979211	0.120624	0.0	-2.9721	-3.44668	-1.76468	0.359444	-0.6564399999999999	0.754378	-0.00057897	0.0	0.1141	0.09852799999999999	-0.9885719999999999	0.0	-0.7457	-0.649004	-0.150752	0.0	1.53548	-0.8393219999999999	0.5573640000000001	0.363977	
0	0.864814	0.191101	0.46430299999999997	0.0	-0.47622700000000007	0.0192216	0.8791120000000001	0.0	0.159075	-0.981382	0.10763099999999999	0.0	-2.97805	-3.5811900000000003	-1.75607	0.360031	-0.655578	0.755127	-0.000558406	0.0	0.11629400000000001	0.100232	-0.988145	0.0	-0.746119	-0.647871	-0.153527	0.0	1.53542	-0.83614	0.562542	0.363989	
0	0.8639690000000001	0.190116	0.46627700000000005	0.0	-0.478124	0.0192231	0.8780819999999999	0.0	0.157974	-0.981574	0.10750699999999999	0.0	-2.9849799999999997	-3.6242199999999998	-1.7473299999999998	0.359983	-0.654205	0.756317	0.000397712	0.0	0.117226	0.10191900000000001	-0.9878620000000001	0.0	-0.7471770000000001	-0.646217	-0.155336	0.0	1.53694	-0.828867	0.563825	0.36399000000000004	
0	0.860942	0.19355	0.47044300000000006	0.0	-0.482124	0.0154389	0.875967	0.0	0.16228	-0.9809690000000001	0.106607	0.0	-2.99369	-3.6486	-1.7453599999999998	0.361259	-0.654942	0.755678	-0.00143543	0.0	0.118559	0.100878	-0.987809	0.0	-0.746321	-0.6471279999999999	-0.155662	0.0	1.53529	-0.823041	0.573542	0.363992	
0	0.8596889999999999	0.195716	0.471837	0.0	-0.48323299999999997	0.0121637	0.8754069999999999	0.0	0.16559200000000002	-0.980585	0.10503299999999999	0.0	-2.99756	-3.65035	-1.74289	0.362234	-0.654413	0.756137	-0.0011726	0.0	0.120322	0.102604	-0.987418	0.0	-0.746503	-0.64632	-0.158126	0.0	1.5349899999999999	-0.817258	0.5784020000000001	0.363996	
0	0.8590690000000001	0.192717	0.47419399999999995	0.0	-0.48442799999999997	0.00689904	0.8748040000000001	0.0	0.165318	-0.9812299999999999	0.0992841	0.0	-2.9976599999999998	-3.6514	-1.7390299999999999	0.36134299999999997	-0.653848	0.756618	-0.00330579	0.0	0.12285499999999999	0.101854	-0.9871840000000001	0.0	-0.746585	-0.645875	-0.159552	0.0	1.54053	-0.811663	0.584611	0.363978	
0	0.8581549999999999	0.190368	0.476792	0.0	-0.48572299999999996	0.000293382	0.8741129999999999	0.0	0.16626300000000002	-0.981713	0.092718	0.0	-2.9986599999999997	-3.65314	-1.7340900000000001	0.36099899999999996	-0.651107	0.758973	-0.00434241	0.0	0.12356199999999999	0.100353	-0.98725	0.0	-0.7488600000000001	-0.643342	-0.15912	0.0	1.5402799999999999	-0.814973	0.596068	0.36398600000000003	
0	0.8559559999999999	0.187788	0.481742	0.0	-0.48913199999999996	-0.00791833	0.872174	0.0	0.167598	-0.9821780000000001	0.0850753	0.0	-2.9989999999999997	-3.65021	-1.72695	0.359452	-0.6491140000000001	0.760672	-0.005414899999999999	0.0	0.12378299999999999	0.0986003	-0.987399	0.0	-0.750553	-0.641604	-0.158161	0.0	1.53516	-0.8117	0.61546	0.363976	
0	0.855618	0.185508	0.48322299999999996	0.0	-0.48846000000000006	-0.0194797	0.8723690000000001	0.0	0.171245	-0.98245	0.0739461	0.0	-3.0036	-3.6455300000000004	-1.71665	0.353808	-0.648	0.761608	-0.00701135	0.0	0.124851	0.09713669999999999	-0.987409	0.0	-0.7513380000000001	-0.640716	-0.158032	0.0	1.5329	-0.8066979999999999	0.629468	0.363971	
0	0.85211	0.18476800000000002	0.489663	0.0	-0.494299	-0.0233229	0.8689790000000001	0.0	0.17198	-0.982506	0.0714568	0.0	-3.00978	-3.63775	-1.7051	0.325682	-0.6467149999999999	0.7626970000000001	-0.0072971	0.0	0.127349	0.0985405	-0.986951	0.0	-0.752025	-0.639206	-0.160856	0.0	1.52572	-0.781935	0.657557	0.364006	
0	0.850182	0.184727	0.493018	0.0	-0.49945	-0.0132588	0.866241	0.0	0.166555	-0.9827	0.0809897	0.0	-3.03552	-3.6105199999999997	-1.6864299999999999	0.198883	-0.6446770000000001	0.764437	-0.00529206	0.0	0.12831900000000002	0.101387	-0.9865370000000001	0.0	-0.753609	-0.636677	-0.163454	0.0	1.52585	-0.750945	0.677707	0.363983	
0	0.848319	0.184024	0.496478	0.0	-0.505567	0.00287707	0.862783	0.0	0.157344	-0.982917	0.09547710000000001	0.0	-3.03258	-3.60077	-1.73852	0.14670899999999998	-0.643979	0.765018	-0.00617397	0.0	0.129523	0.101069	-0.9864120000000001	0.0	-0.753999	-0.636029	-0.16417400000000001	0.0	1.52532	-0.73401	0.6972430000000001	0.363985	
0	0.844507	0.179474	0.504577	0.0	-0.512211	-0.00440022	0.858849	0.0	0.156361	-0.9837530000000001	0.0882126	0.0	-3.03022	-3.59964	-1.7404	0.146306	-0.6432100000000001	0.765674	-0.00506774	0.0	0.12823299999999999	0.10119299999999999	-0.986568	0.0	-0.754876	-0.63522	-0.163273	0.0	1.5238399999999999	-0.730753	0.7053560000000001	0.36396799999999996	
0	0.8442	0.18094100000000002	0.504566	0.0	-0.511354	-0.0104581	0.8593069999999999	0.0	0.16076	-0.9834379999999999	0.083696	0.0	-3.02908	-3.59986	-1.7439799999999999	0.147339	-0.6429739999999999	0.765879	-0.00365329	0.0	0.127458	0.102299	-0.986554	0.0	-0.755208	-0.634795	-0.163393	0.0	1.5219	-0.7393350000000001	0.707461	0.363981	
0	0.843817	0.179856	0.5055930000000001	0.0	-0.51097	-0.0185687	0.859398	0.0	0.163956	-0.983518	0.07623239999999999	0.0	-3.02791	-3.5989999999999998	-1.7436900000000002	0.14668399999999998	-0.643944	0.765072	-0.0010913000000000001	0.0	0.126942	0.10543699999999999	-0.986291	0.0	-0.754468	-0.635254	-0.16501500000000002	0.0	1.51765	-0.751097	0.705701	0.36396999999999996	
0	0.843508	0.17635599999999998	0.507339	0.0	-0.510302	-0.0315913	0.8594149999999999	0.0	0.16759100000000002	-0.983819	0.06334730000000001	0.0	-3.0149	-3.5977900000000003	-1.74239	0.14685499999999999	-0.643592	0.765369	-0.000386924	0.0	0.126726	0.106064	-0.986251	0.0	-0.7548050000000001	-0.634792	-0.16525399999999998	0.0	1.5176	-0.7580100000000001	0.6999770000000001	0.363981	
0	0.8483860000000001	0.177154	0.498857	0.0	-0.504776	-0.013229399999999999	0.8631489999999999	0.0	0.15950999999999999	-0.984094	0.0781995	0.0	-2.85068	-3.59876	-1.7911400000000002	0.147301	-0.638203	0.769868	-0.000231266	0.0	0.128131	0.105921	-0.986085	0.0	-0.759131	-0.629352	-0.166243	0.0	1.51994	-0.7813399999999999	0.683188	0.36395900000000003	
0	0.854765	0.176362	0.48813199999999995	0.0	-0.489094	-0.0410112	0.871267	0.0	0.173677	-0.9834709999999999	0.0512024	0.0	-2.79393	-3.4727699999999997	-1.76925	0.14599700000000002	-0.591942	0.804705	-0.0453358	0.0	0.15228	0.05642659999999999	-0.986725	0.0	-0.7914640000000001	-0.590988	-0.155941	0.0	1.55293	-0.77776	0.6179180000000001	0.363978	
0	0.859194	0.17305299999999998	0.481496	0.0	-0.47720100000000004	-0.0684317	0.8761260000000001	0.0	0.184566	-0.982532	0.0237851	0.0	-2.7627099999999998	-3.23522	-1.7510299999999999	0.14643399999999998	-0.526844	0.839404	-0.133555	0.0	0.22508499999999998	-0.013736600000000002	-0.974242	0.0	-0.819617	-0.543335	-0.1817	0.0	1.59691	-0.731759	0.49473100000000003	0.363975	
0	0.86056	0.171041	0.47977299999999995	0.0	-0.46961099999999995	-0.0983139	0.877382	0.0	0.197237	-0.9803459999999999	-0.00428199	0.0	-2.74626	-2.9498	-1.6652099999999999	0.14644200000000002	-0.457925	0.852873	-0.250824	0.0	0.329355	-0.09930789999999999	-0.938969	0.0	-0.82573	-0.512588	-0.235423	0.0	1.66651	-0.714735	0.242071	0.363527	
0	0.862399	0.168739	0.477279	0.0	-0.463413	-0.11633199999999999	0.878473	0.0	0.203756	-0.978772	-0.0221287	0.0	-2.76792	-2.68202	-1.5787	0.14643499999999998	-0.387829	0.8455309999999999	-0.366969	0.0	0.395372	-0.207038	-0.894883	0.0	-0.832628	-0.492151	-0.254004	0.0	1.63514	-0.7689020000000001	-0.030282099999999996	0.36340500000000003	
0	0.8650479999999999	0.159434	0.475681	0.0	-0.45868400000000004	-0.13273900000000002	0.8786290000000001	0.0	0.203225	-0.978244	-0.041695300000000005	0.0	-2.75691	-2.46394	-1.5100200000000001	0.14643499999999998	-0.28920500000000005	0.815395	-0.501488	0.0	0.44063100000000005	-0.35168499999999997	-0.825931	0.0	-0.849826	-0.45983500000000005	-0.257579	0.0	1.52567	-0.848599	-0.275009	0.363512	
0	0.8697940000000001	0.147048	0.47099300000000005	0.0	-0.45386400000000005	-0.136022	0.8806280000000001	0.0	0.19355999999999998	-0.9797319999999999	-0.0515714	0.0	-2.78971	-2.305	-1.44344	0.146438	-0.222109	0.739535	-0.635417	0.0	0.471739	-0.488834	-0.7338279999999999	0.0	-0.853305	-0.46274099999999996	-0.24029299999999998	0.0	1.35795	-1.01488	-0.5153369999999999	0.362912	
0	0.873916	0.12169400000000001	0.470596	0.0	-0.45269899999999996	-0.1488	0.87916	0.0	0.177013	-0.981351	-0.07494830000000001	0.0	-2.84363	-2.14606	-1.38161	0.14643499999999998	-0.171935	0.6479560000000001	-0.7420180000000001	0.0	0.47921800000000003	-0.603089	-0.637679	0.0	-0.860691	-0.465228	-0.20681999999999998	0.0	1.13028	-1.20987	-0.769142	0.363126	
0	0.877458	0.0914788	0.47085	0.0	-0.45311	-0.163945	0.87625	0.0	0.157352	-0.9822190000000001	-0.102405	0.0	-2.89967	-2.01737	-1.37531	0.146001	-0.132849	0.596395	-0.791621	0.0	0.480933	-0.659583	-0.5776279999999999	0.0	-0.866634	-0.45745399999999997	-0.199202	0.0	0.9544379999999999	-1.30728	-0.923578	0.362831	
0	0.877533	0.0656783	0.47499600000000003	0.0	-0.45493	-0.19908399999999998	0.8679889999999999	0.0	0.151572	-0.9777790000000001	-0.144824	0.0	-2.98795	-1.8588	-1.37704	0.146001	-0.08203300000000001	0.5255890000000001	-0.846774	0.0	0.476987	-0.725305	-0.496403	0.0	-0.875074	-0.444622	-0.191201	0.0	0.752423	-1.4128100000000001	-1.12019	0.361514	
0	0.8760030000000001	0.0515225	0.47954600000000003	0.0	-0.45741899999999996	-0.226512	0.8599190000000001	0.0	0.152928	-0.9726450000000001	-0.17485799999999999	0.0	-3.01167	-1.65717	-1.36715	0.146439	-0.056954399999999995	0.49148400000000003	-0.869022	0.0	0.47388	-0.752827	-0.456826	0.0	-0.8787459999999999	-0.43783	-0.190028	0.0	0.616051	-1.49916	-1.28657	0.361797	
0	0.871525	0.0398899	0.48872600000000005	0.0	-0.46425	-0.253718	0.8485870000000001	0.0	0.157849	-0.966456	-0.202602	0.0	-2.9975400000000003	-1.50481	-1.34026	0.14643399999999998	-0.0410656	0.458325	-0.8878360000000001	0.0	0.470807	-0.774878	-0.421789	0.0	-0.88128	-0.43532	-0.183962	0.0	0.474692	-1.58904	-1.39123	0.360883	
0	0.8696870000000001	0.0153076	0.49336599999999997	0.0	-0.47061800000000004	-0.275744	0.8381430000000001	0.0	0.148873	-0.961109	-0.232607	0.0	-2.97135	-1.36497	-1.35802	0.14643699999999998	-0.0353148	0.435978	-0.899264	0.0	0.475108	-0.784313	-0.398905	0.0	-0.879218	-0.44133500000000003	-0.17943900000000002	0.0	0.336704	-1.67803	-1.4365700000000001	0.35928699999999997	
0	0.865727	0.0253906	0.49987200000000004	0.0	-0.473638	-0.28132199999999996	0.8345809999999999	0.0	0.16181600000000002	-0.959277	-0.23152199999999998	0.0	-2.9565799999999998	-1.28203	-1.3506799999999999	0.14643599999999998	-0.028065899999999998	0.42255299999999996	-0.905904	0.0	0.472315	-0.7931090000000001	-0.38457399999999997	0.0	-0.880983	-0.43866499999999997	-0.177319	0.0	0.212456	-1.72143	-1.4720600000000001	0.358759	
1	0.8619889999999999	0.035194800000000005	0.505704	0.0	-0.474934	-0.292717	0.8299129999999999	0.0	0.17723699999999998	-0.955551	-0.235604	0.0	-2.91094	-1.22367	-1.33602	0.145998	-0.0224513	0.412829	-0.910532	0.0	0.4666	-0.801157	-0.374744	0.0	-0.884184	-0.43326800000000004	-0.17463900000000002	0.0	0.114506	-1.7195799999999999	-1.52892	0.358283	
1	0.856082	0.053296500000000004	0.514085	0.0	-0.477674	-0.298236	0.826367	0.0	0.19736099999999998	-0.953003	-0.229856	0.0	-2.82646	-1.21115	-1.34561	0.146002	-0.0194241	0.410447	-0.9116780000000001	0.0	0.463975	-0.804018	-0.371863	0.0	-0.8856350000000001	-0.43021899999999996	-0.17482	0.0	0.014850200000000001	-1.70595	-1.58789	0.358012	
1	0.8517459999999999	0.06554580000000002	0.519838	0.0	-0.48076800000000003	-0.296667	0.8251370000000001	0.0	0.20830300000000002	-0.952729	-0.221173	0.0	-2.73495	-1.21682	-1.35204	0.14599700000000002	-0.0173457	0.410765	-0.911576	0.0	0.460833	-0.805816	-0.37187800000000004	0.0	-0.887317	-0.42653500000000005	-0.175317	0.0	-0.061448199999999994	-1.6912900000000002	-1.6037700000000001	0.35781399999999997	
1	0.8465469999999999	0.0744579	0.527081	0.0	-0.487364	-0.28981799999999996	0.8237	0.0	0.214088	-0.954181	-0.209056	0.0	-2.64568	-1.2415200000000002	-1.34394	0.145993	-0.0140447	0.40830500000000003	-0.9127379999999999	0.0	0.456945	-0.809314	-0.369071	0.0	-0.8893840000000001	-0.422254	-0.175207	0.0	-0.12063199999999999	-1.64515	-1.63329	0.357531	
1	0.841203	0.0897278	0.533222	0.0	-0.49408	-0.27310300000000004	0.8254090000000001	0.0	0.219687	-0.957791	-0.18540299999999998	0.0	-2.55365	-1.28	-1.3160399999999999	0.14643499999999998	-0.000188291	0.403314	-0.915062	0.0	0.458107	-0.813361	-0.358584	0.0	-0.8888969999999999	-0.419264	-0.184608	0.0	-0.139201	-1.58207	-1.6635099999999998	0.35673499999999997	
1	0.8380770000000001	0.09474930000000001	0.537262	0.0	-0.49800900000000003	-0.269216	0.824324	0.0	0.222744	-0.958408	-0.178438	0.0	-2.48413	-1.30505	-1.28531	0.145998	0.011948299999999999	0.40029000000000003	-0.9163110000000001	0.0	0.46226300000000003	-0.814786	-0.349911	0.0	-0.8866629999999999	-0.41939499999999996	-0.194774	0.0	-0.139693	-1.5337399999999999	-1.6833099999999999	0.348342	
1	0.831182	0.110296	0.54495	0.0	-0.503706	-0.265602	0.822032	0.0	0.235407	-0.9577530000000001	-0.165207	0.0	-2.3738099999999998	-1.38145	-1.29785	0.145995	0.0345691	0.390283	-0.9200459999999999	0.0	0.45678199999999997	-0.824984	-0.332795	0.0	-0.888907	-0.408756	-0.20679299999999998	0.0	-0.13322	-1.4112799999999999	-1.72269	0.347035	
1	0.823216	0.129209	0.55283	0.0	-0.507501	-0.268993	0.818587	0.0	0.25447600000000004	-0.9544360000000001	-0.155865	0.0	-2.2275400000000003	-1.46335	-1.3573899999999999	0.145998	0.0421185	0.39000100000000004	-0.91985	0.0	0.45204700000000003	-0.8284809999999999	-0.33056399999999997	0.0	-0.890999	-0.401893	-0.211194	0.0	-0.145764	-1.34212	-1.7264	0.346988	
1	0.8197059999999999	0.14191900000000002	0.554924	0.0	-0.504842	-0.278667	0.816995	0.0	0.27058499999999996	-0.949845	-0.156778	0.0	-2.1671099999999996	-1.47617	-1.40005	0.14599700000000002	0.0441546	0.396392	-0.917019	0.0	0.450791	-0.827059	-0.3358	0.0	-0.8915370000000001	-0.398557	-0.215209	0.0	-0.158589	-1.34838	-1.7305599999999999	0.346794	
1	0.816617	0.148502	0.5577489999999999	0.0	-0.50585	-0.281202	0.815501	0.0	0.277943	-0.948089	-0.154514	0.0	-2.14339	-1.4715200000000002	-1.4291200000000002	0.14599700000000002	0.0439537	0.400804	-0.9151090000000001	0.0	0.45147600000000004	-0.8250930000000001	-0.33969299999999997	0.0	-0.8912	-0.398219	-0.217219	0.0	-0.17468599999999998	-1.3645399999999999	-1.73092	0.34683200000000003	
1	0.813196	0.164803	0.558168	0.0	-0.503076	-0.283163	0.816538	0.0	0.292621	-0.9448059999999999	-0.147358	0.0	-2.07869	-1.46157	-1.45633	0.145998	0.040787800000000006	0.394875	-0.9178290000000001	0.0	0.451589	-0.8267040000000001	-0.335602	0.0	-0.891293	-0.400793	-0.21204099999999998	0.0	-0.21907100000000002	-1.45065	-1.7687599999999999	0.34643	
1	0.811796	0.175222	0.557032	0.0	-0.499497	-0.285749	0.817833	0.0	0.30247399999999997	-0.942149	-0.144447	0.0	-2.0535	-1.42838	-1.43845	0.145998	0.0377935	0.391219	-0.9195209999999999	0.0	0.451117	-0.827757	-0.333636	0.0	-0.8916649999999999	-0.402202	-0.207769	0.0	-0.25709099999999996	-1.53377	-1.77309	0.34631300000000004	
1	0.8129350000000001	0.178369	0.554366	0.0	-0.495061	-0.289637	0.8191609999999999	0.0	0.306678	-0.94037	-0.147153	0.0	-2.03884	-1.41426	-1.433	0.145994	0.0399054	0.39021999999999996	-0.9198569999999999	0.0	0.44519899999999996	-0.8311059999999999	-0.333257	0.0	-0.8945420000000001	-0.396221	-0.20689200000000002	0.0	-0.28358099999999997	-1.56587	-1.79836	0.34626399999999996	
1	0.811339	0.18959700000000002	0.552976	0.0	-0.49058999999999997	-0.293556	0.8204549999999999	0.0	0.317885	-0.936951	-0.14515899999999998	0.0	-1.99947	-1.3854899999999999	-1.41004	0.14643499999999998	0.0390617	0.391524	-0.9193389999999999	0.0	0.449297	-0.828672	-0.333821	0.0	-0.8925280000000001	-0.400016	-0.20828000000000002	0.0	-0.33259099999999997	-1.61396	-1.8309400000000002	0.346047	
1	0.8093899999999999	0.197953	0.552904	0.0	-0.48898199999999997	-0.29425500000000004	0.8211649999999999	0.0	0.32524699999999995	-0.935002	-0.141371	0.0	-1.9599799999999998	-1.36948	-1.39665	0.14643599999999998	0.0418651	0.396061	-0.917269	0.0	0.450197	-0.8270700000000001	-0.336567	0.0	-0.8919469999999999	-0.398862	-0.21293099999999998	0.0	-0.38859299999999997	-1.65432	-1.8894900000000001	0.346354	
1	0.808076	0.20405399999999999	0.552607	0.0	-0.48761499999999997	-0.294643	0.821838	0.0	0.330521	-0.933567	-0.138595	0.0	-1.9355099999999998	-1.3629	-1.39263	0.146005	0.0449732	0.402005	-0.914532	0.0	0.452033	-0.824567	-0.340229	0.0	-0.890867	-0.398097	-0.21880300000000003	0.0	-0.439101	-1.7053099999999999	-1.9233200000000001	0.34578600000000004	
1	0.807904	0.207116	0.551719	0.0	-0.485976	-0.29541100000000003	0.8225319999999999	0.0	0.333343	-0.93265	-0.138011	0.0	-1.9378799999999998	-1.38988	-1.41739	0.14599700000000002	0.0484551	0.415497	-0.9083030000000001	0.0	0.450029	-0.8209200000000001	-0.351517	0.0	-0.891698	-0.39173	-0.226764	0.0	-0.461888	-1.72364	-1.96425	0.342171	
1	0.80771	0.20583600000000002	0.5524819999999999	0.0	-0.48698	-0.295317	0.821973	0.0	0.332349	-0.9329629999999999	-0.138292	0.0	-1.93848	-1.40293	-1.42836	0.146455	0.048087599999999994	0.41097700000000004	-0.910377	0.0	0.45674499999999996	-0.819607	-0.34587399999999996	0.0	-0.8882969999999999	-0.39917800000000003	-0.227125	0.0	-0.463843	-1.7310299999999998	-1.97741	0.327288	
1	0.807708	0.210181	0.550847	0.0	-0.483529	-0.298453	0.8228770000000001	0.0	0.337355	-0.9309940000000001	-0.139435	0.0	-1.93012	-1.4548	-1.45208	0.147641	0.0361068	0.38199	-0.9234610000000001	0.0	0.453721	-0.8296	-0.325424	0.0	-0.8904120000000001	-0.40724299999999997	-0.203271	0.0	-0.46213000000000004	-1.7367400000000002	-1.9926099999999998	0.220795	
1	0.811891	0.20374	0.547104	0.0	-0.48272600000000004	-0.292774	0.825384	0.0	0.328342	-0.9342229999999999	-0.13935	0.0	-1.91457	-1.44807	-1.45434	0.147743	0.0357298	0.379433	-0.924529	0.0	0.44350200000000006	-0.835051	-0.32556999999999997	0.0	-0.895561	-0.398398	-0.19811600000000001	0.0	-0.45086899999999996	-1.7459	-2.00145	0.220962	
1	0.811932	0.198479	0.548974	0.0	-0.485046	-0.293873	0.8236319999999999	0.0	0.324802	-0.935011	-0.142334	0.0	-1.8995799999999998	-1.43234	-1.45326	0.14736300000000002	0.0391026	0.38299	-0.922925	0.0	0.440659	-0.835577	-0.328073	0.0	-0.8968229999999999	-0.393866	-0.201441	0.0	-0.435663	-1.7339900000000001	-2.00198	0.22103699999999998	
1	0.810232	0.198469	0.551483	0.0	-0.487573	-0.293931	0.822117	0.0	0.325263	-0.9349940000000001	-0.14138399999999998	0.0	-1.89287	-1.41711	-1.455	0.14781	0.0413525	0.381676	-0.9233709999999999	0.0	0.44173100000000004	-0.8359209999999999	-0.325746	0.0	-0.896194	-0.394411	-0.203165	0.0	-0.427943	-1.71848	-1.99689	0.22096100000000002	
1	0.809116	0.19953800000000002	0.552736	0.0	-0.489066	-0.292827	0.821625	0.0	0.325801	-0.935113	-0.139344	0.0	-1.8887900000000002	-1.41277	-1.4536200000000001	0.147393	0.043095800000000004	0.381011	-0.923566	0.0	0.442625	-0.836031	-0.324246	0.0	-0.8956709999999999	-0.39481900000000003	-0.204674	0.0	-0.42196999999999996	-1.71433	-1.99545	0.22105100000000003	
1	0.795148	0.20581300000000002	0.570422	0.0	-0.5022909999999999	-0.303505	0.809684	0.0	0.33976999999999996	-0.930336	-0.137953	0.0	-1.8810799999999999	-1.40058	-1.47254	0.147371	0.0561303	0.387542	-0.920142	0.0	0.45576300000000003	-0.829918	-0.32174	0.0	-0.88833	-0.401307	-0.22321100000000002	0.0	-0.398011	-1.68375	-1.9874900000000002	0.221284	
1	0.756734	0.233271	0.610687	0.0	-0.51879	-0.354101	0.778119	0.0	0.397758	-0.905647	-0.14694200000000002	0.0	-1.9178099999999998	-1.36821	-1.43041	0.268565	0.0457315	0.37866500000000003	-0.9244030000000001	0.0	0.440456	-0.838208	-0.321567	0.0	-0.896609	-0.392453	-0.205118	0.0	-0.340409	-1.6735900000000001	-2.00778	0.220777	
1	0.754197	0.23945999999999998	0.611429	0.0	-0.516357	-0.358962	0.77751	0.0	0.40566199999999997	-0.9021110000000001	-0.147082	0.0	-1.94613	-1.34236	-1.37852	0.341292	0.0465288	0.383633	-0.9223129999999999	0.0	0.44727100000000003	-0.8335870000000001	-0.324164	0.0	-0.8931879999999999	-0.39744	-0.21037399999999998	0.0	-0.299779	-1.71397	-2.0577900000000002	0.22083699999999998	
1	0.7618729999999999	0.287557	0.580396	0.0	-0.485858	-0.338875	0.805671	0.0	0.428358	-0.89581	-0.118468	0.0	-1.89572	-1.4042299999999999	-1.36479	0.350008	0.0640339	0.38341	-0.921356	0.0	0.455582	-0.8326600000000001	-0.314838	0.0	-0.8878879999999999	-0.399593	-0.22799299999999997	0.0	-0.172512	-1.6946900000000003	-2.0748599999999997	0.220788	
1	0.75962	0.28555	0.584328	0.0	-0.48890100000000003	-0.341792	0.802592	0.0	0.428899	-0.895343	-0.120027	0.0	-1.8859099999999998	-1.40672	-1.36529	0.352065	0.0822446	0.377525	-0.9223399999999999	0.0	0.45868100000000006	-0.8359700000000001	-0.301272	0.0	-0.8847870000000001	-0.398282	-0.241918	0.0	-0.08849220000000001	-1.72027	-2.07525	0.220873	
