3	0.593133	0.516197	-0.617846	0.0	0.6867810000000001	0.0760798	0.7228720000000001	0.0	0.42015	-0.8530840000000001	-0.30938899999999997	0.0	-2.73968	2.0	1.46191	0.0	-0.536115	0.678559	-0.502135	0.0	0.640081	-0.061038	-0.765879	0.0	-0.550343	-0.732006	-0.40160999999999997	0.0	2.62921	1.99465	1.54206	-8.21985e-06	
3	0.335654	0.8599760000000001	-0.384418	0.0	0.118592	0.366268	0.9229219999999999	0.0	0.9344899999999999	-0.355371	0.0209531	0.0	-2.77647	1.8086799999999998	1.38595	-2.14577e-05	-0.293392	0.909122	-0.295664	0.0	0.297348	-0.20715300000000003	-0.932026	0.0	-0.908573	-0.361365	-0.20954899999999999	0.0	2.72836	1.9001	1.51909	0.0	
3	0.2306	0.9128700000000001	-0.336885	0.0	-0.127021	0.371494	0.9197049999999999	0.0	0.964722	-0.169292	0.20162	0.0	-2.73657	1.5886200000000001	1.3690200000000001	0.00270113	-0.26104099999999997	0.910998	-0.31928	0.0	0.23410599999999998	-0.26113200000000003	-0.936486	0.0	-0.9365110000000001	-0.319206	-0.14510399999999998	0.0	2.6928799999999997	1.77635	1.44886	0.0436603	
3	0.231645	0.9361780000000001	-0.264409	0.0	-0.08298839999999999	0.28982800000000003	0.9534739999999999	0.0	0.9692540000000001	-0.198924	0.14482899999999999	0.0	-2.61534	1.59979	1.39796	0.351643	-0.288608	0.9227690000000001	-0.25535	0.0	0.254902	-0.18302000000000002	-0.9494889999999999	0.0	-0.922892	-0.339119	-0.182395	0.0	2.60143	1.7904200000000001	1.47878	0.36215	
3	0.24017600000000003	0.937901	-0.250316	0.0	-0.0523964	0.270014	0.9614299999999999	0.0	0.9693139999999999	-0.217797	0.11399300000000001	0.0	-2.64166	1.61815	1.36836	0.353174	-0.291977	0.9200379999999999	-0.261305	0.0	0.25664000000000003	-0.187825	-0.948081	0.0	-0.92135	-0.343879	-0.181278	0.0	2.55444	1.7849599999999999	1.54251	0.362561	
3	0.266423	0.943617	-0.196483	0.0	-0.0803735	0.22489099999999998	0.9710629999999999	0.0	0.960499	-0.24292199999999997	0.135758	0.0	-2.6701099999999998	1.60056	1.35906	0.345527	-0.31306	0.917487	-0.245381	0.0	0.252764	-0.168561	-0.952732	0.0	-0.91548	-0.360286	-0.17913800000000002	0.0	2.5215799999999997	1.7597599999999998	1.60893	0.362739	
3	0.22508000000000003	0.9443290000000001	-0.23996399999999998	0.0	-0.11686099999999999	0.27066999999999997	0.9555530000000001	0.0	0.9673069999999999	-0.187033	0.17127699999999998	0.0	-2.69944	1.58816	1.32864	0.33559	-0.32443099999999997	0.9146610000000001	-0.241121	0.0	0.251037	-0.162511	-0.9542379999999999	0.0	-0.91199	-0.370115	-0.17689000000000002	0.0	2.51637	1.72355	1.6340700000000001	0.362736	
3	0.166266	0.943448	-0.286814	0.0	-0.143285	0.31089	0.939583	0.0	0.975615	-0.115125	0.186872	0.0	-2.71047	1.62907	1.34023	0.286862	-0.32038099999999997	0.9169889999999999	-0.23766900000000002	0.0	0.246525	-0.16154000000000002	-0.9555790000000001	0.0	-0.9146479999999999	-0.36474	-0.174306	0.0	2.5188	1.70455	1.6508900000000002	0.36275100000000005	
3	0.129911	0.923333	-0.36135700000000004	0.0	-0.146038	0.378289	0.9140950000000001	0.0	0.980712	-0.0659788	0.18398499999999998	0.0	-2.72551	1.7303400000000002	1.36012	0.287476	-0.320626	0.917601	-0.23496399999999998	0.0	0.245679	-0.15900899999999998	-0.9562209999999999	0.0	-0.91479	-0.364315	-0.174453	0.0	2.51895	1.70386	1.65115	0.36294299999999996	
3	0.0987675	0.90399	-0.41598999999999997	0.0	-0.123384	0.425932	0.896302	0.0	0.987432	-0.037199	0.153606	0.0	-2.75857	1.81502	1.3546200000000002	0.291618	-0.323817	0.91605	-0.236634	0.0	0.235342	-0.164261	-0.957932	0.0	-0.916383	-0.365884	-0.162394	0.0	2.51837	1.70535	1.64652	0.363292	
3	0.227871	0.9182629999999999	-0.323834	0.0	-0.058815	0.344957	0.936774	0.0	0.9719129999999999	-0.194417	0.132613	0.0	-2.7783	1.86277	1.4324700000000001	0.348396	-0.36152	0.907917	-0.21210900000000002	0.0	0.197459	-0.147779	-0.969109	0.0	-0.911215	-0.392235	-0.125852	0.0	2.50628	1.7394	1.67714	0.363782	
3	0.42578	0.896329	-0.123716	0.0	-0.0928846	0.179304	0.979399	0.0	0.9000469999999999	-0.405518	0.159599	0.0	-2.7212099999999997	1.7217099999999999	1.55965	0.353269	-0.47748199999999996	0.868044	-0.136054	0.0	0.151497	-0.0711917	-0.985891	0.0	-0.865483	-0.491356	-0.0975137	0.0	2.43197	1.6929299999999998	1.71233	0.363991	
3	0.604057	0.793165	0.07748780000000001	0.0	-0.15122	0.018611900000000004	0.988325	0.0	0.782462	-0.608722	0.131185	0.0	-2.71694	1.59683	1.61419	0.352626	-0.6278560000000001	0.776994	-0.0455834	0.0	0.08150589999999999	0.00739181	-0.9966450000000001	0.0	-0.77405	-0.6294649999999999	-0.0679706	0.0	2.31835	1.50355	1.73193	0.363992	
3	0.729366	0.634798	0.255064	0.0	-0.22952600000000004	-0.12416300000000001	0.9653510000000001	0.0	0.644472	-0.762637	0.0551425	0.0	-2.72721	1.42359	1.52915	0.353067	-0.746575	0.663698	0.0461755	0.0	0.00756067	0.0778646	-0.996935	0.0	-0.665259	-0.743937	-0.06314990000000001	0.0	2.2043	1.2410299999999999	1.6787299999999998	0.36399000000000004	
3	0.774842	0.5302979999999999	0.344099	0.0	-0.29490700000000003	-0.178235	0.9387559999999999	0.0	0.5591510000000001	-0.8288639999999999	0.0182847	0.0	-2.7399400000000003	1.18311	1.32687	0.353518	-0.80597	0.579655	0.120049	0.0	-0.060170400000000006	0.121528	-0.990763	0.0	-0.5888899999999999	-0.8057489999999999	-0.06307019999999999	0.0	2.10907	0.9324290000000001	1.53084	0.363919	
3	0.802396	0.447874	0.394423	0.0	-0.336879	-0.20562399999999997	0.9188209999999999	0.0	0.49261800000000006	-0.870131	-0.014112399999999999	0.0	-2.71121	0.928527	1.13735	0.353073	-0.8298479999999999	0.531382	0.170255	0.0	-0.10305999999999998	0.15391	-0.9826959999999999	0.0	-0.5483899999999999	-0.833034	-0.0729577	0.0	2.02244	0.7049	1.36246	0.36394899999999997	
3	0.816001	0.378601	0.43681099999999995	0.0	-0.37441199999999997	-0.22955599999999998	0.898399	0.0	0.440407	-0.896641	-0.045564999999999994	0.0	-2.7359299999999998	0.684435	0.9201450000000001	0.352481	-0.8442870000000001	0.494605	0.206263	0.0	-0.12981900000000002	0.18466300000000002	-0.97419	0.0	-0.519929	-0.849273	-0.0916995	0.0	1.95652	0.5074890000000001	1.17656	0.363964	
3	0.817749	0.345961	0.45999799999999996	0.0	-0.38905	-0.25674	0.884717	0.0	0.424177	-0.902439	-0.0753527	0.0	-2.74777	0.502626	0.7085239999999999	0.352136	-0.8511920000000001	0.478096	0.216559	0.0	-0.13583399999999998	0.19788599999999998	-0.9707680000000001	0.0	-0.5069739999999999	-0.855725	-0.103497	0.0	1.8860700000000001	0.312638	0.9561959999999999	0.363749	
3	0.8165899999999999	0.314284	0.48415600000000003	0.0	-0.410587	-0.273283	0.8699049999999999	0.0	0.405708	-0.9091440000000001	-0.0941192	0.0	-2.72134	0.370182	0.5437270000000001	0.351987	-0.859964	0.46077299999999993	0.21943000000000001	0.0	-0.140477	0.19963399999999998	-0.969749	0.0	-0.49063999999999997	-0.8647739999999999	-0.10695	0.0	1.8398299999999999	0.14988800000000002	0.7861279999999999	0.363492	
3	0.819242	0.276009	0.502655	0.0	-0.43772700000000003	-0.265277	0.859083	0.0	0.37045700000000004	-0.9238219999999999	-0.0965094	0.0	-2.71715	0.188398	0.378017	0.351103	-0.8623149999999999	0.458898	0.214069	0.0	-0.139158	0.191716	-0.971535	0.0	-0.486875	-0.867559	-0.101461	0.0	1.82518	-0.022419799999999997	0.612712	0.363446	
3	0.8147	0.261119	0.5177649999999999	0.0	-0.461013	-0.24996	0.851462	0.0	0.351754	-0.9323819999999999	-0.08326339999999999	0.0	-2.73273	0.00079865	0.267969	0.350862	-0.864186	0.46289600000000003	0.197258	0.0	-0.129642	0.173958	-0.976182	0.0	-0.48618500000000003	-0.8691760000000001	-0.0903217	0.0	1.8149099999999998	-0.135796	0.546455	0.363342	
3	0.814209	0.25646599999999997	0.5208550000000001	0.0	-0.46783500000000006	-0.24142399999999997	0.850203	0.0	0.34379499999999996	-0.935917	-0.07658530000000001	0.0	-2.75783	-0.13216	0.183721	0.3508	-0.8591030000000001	0.474132	0.192724	0.0	-0.124931	0.170896	-0.9773370000000001	0.0	-0.49632200000000004	-0.8637090000000001	-0.0875837	0.0	1.7755400000000001	-0.184902	0.543085	0.363473	
3	0.812499	0.26564099999999996	0.518921	0.0	-0.46590299999999996	-0.239144	0.8519059999999999	0.0	0.35039899999999996	-0.93394	-0.0705414	0.0	-2.7702	-0.188978	0.14605	0.350508	-0.8523040000000001	0.492084	0.177292	0.0	-0.112453	0.15864	-0.9809120000000001	0.0	-0.5108159999999999	-0.8559709999999999	-0.0798734	0.0	1.75932	-0.173932	0.5770649999999999	0.363921	
3	0.812963	0.273931	0.513861	0.0	-0.46191099999999996	-0.23398400000000003	0.855506	0.0	0.354585	-0.932852	-0.063689	0.0	-2.7692099999999997	-0.187358	0.15041300000000002	0.349844	-0.8488709999999999	0.50035	0.170493	0.0	-0.103415	0.159106	-0.98183	0.0	-0.518386	-0.8510790000000001	-0.0833168	0.0	1.7512900000000002	-0.14093	0.567379	0.363979	
3	0.812968	0.27394	0.513849	0.0	-0.461904	-0.23396599999999998	0.8555149999999999	0.0	0.354582	-0.9328549999999999	-0.06367300000000001	0.0	-2.76926	-0.187422	0.150328	0.349844	-0.8488610000000001	0.500375	0.17047400000000001	0.0	-0.10339000000000001	0.159108	-0.981833	0.0	-0.518408	-0.8510639999999999	-0.0833271	0.0	1.7514	-0.141297	0.567445	0.36398	
3	0.812968	0.27394	0.513848	0.0	-0.46190299999999995	-0.233965	0.8555149999999999	0.0	0.354582	-0.9328540000000001	-0.0636728	0.0	-2.76926	-0.187422	0.150328	0.34984299999999996	-0.8488600000000001	0.500375	0.17047400000000001	0.0	-0.10338900000000001	0.159108	-0.981833	0.0	-0.518409	-0.8510639999999999	-0.0833271	0.0	1.7514	-0.141298	0.567446	0.36398	
3	0.812968	0.27394	0.513848	0.0	-0.46190299999999995	-0.23396599999999998	0.8555149999999999	0.0	0.354582	-0.9328540000000001	-0.0636728	0.0	-2.76926	-0.187422	0.150328	0.349844	-0.8488600000000001	0.500375	0.17047400000000001	0.0	-0.10338900000000001	0.159108	-0.981833	0.0	-0.518409	-0.8510639999999999	-0.0833271	0.0	1.7514	-0.141299	0.567446	0.36398	
3	0.812968	0.27394	0.513848	0.0	-0.46190299999999995	-0.233965	0.8555149999999999	0.0	0.354582	-0.9328540000000001	-0.0636728	0.0	-2.76926	-0.187422	0.150328	0.34984299999999996	-0.8488600000000001	0.500375	0.17047400000000001	0.0	-0.10338900000000001	0.159108	-0.981833	0.0	-0.518409	-0.8510639999999999	-0.0833271	0.0	1.7514	-0.141299	0.567446	0.36398	
3	0.812968	0.27394	0.513848	0.0	-0.46190299999999995	-0.233965	0.8555149999999999	0.0	0.354582	-0.9328540000000001	-0.0636728	0.0	-2.76926	-0.187422	0.150328	0.34984299999999996	-0.8488600000000001	0.500375	0.17047400000000001	0.0	-0.10338900000000001	0.159108	-0.981833	0.0	-0.518409	-0.8510639999999999	-0.0833271	0.0	1.7514	-0.141299	0.567446	0.36398	
3	0.812968	0.27394	0.513848	0.0	-0.46190299999999995	-0.23396599999999998	0.8555149999999999	0.0	0.354582	-0.9328540000000001	-0.0636728	0.0	-2.76926	-0.187422	0.150328	0.349844	-0.8488600000000001	0.500375	0.17047400000000001	0.0	-0.10338900000000001	0.159108	-0.981833	0.0	-0.518409	-0.8510639999999999	-0.0833271	0.0	1.7514	-0.141299	0.567446	0.36398	
3	0.812968	0.27394	0.513848	0.0	-0.46190299999999995	-0.233965	0.8555149999999999	0.0	0.354582	-0.9328540000000001	-0.0636728	0.0	-2.76926	-0.187422	0.150328	0.34984299999999996	-0.8488600000000001	0.500375	0.17047400000000001	0.0	-0.10338900000000001	0.159108	-0.981833	0.0	-0.518409	-0.8510639999999999	-0.0833271	0.0	1.7514	-0.141299	0.567446	0.36398	
3	0.812968	0.27394	0.513848	0.0	-0.46190299999999995	-0.23396599999999998	0.8555149999999999	0.0	0.354582	-0.9328540000000001	-0.0636728	0.0	-2.76926	-0.187422	0.150328	0.349844	-0.8488600000000001	0.500375	0.17047400000000001	0.0	-0.10338900000000001	0.159108	-0.981833	0.0	-0.518409	-0.8510639999999999	-0.0833271	0.0	1.7514	-0.141299	0.567446	0.36398	
3	0.812968	0.27394	0.513848	0.0	-0.46190299999999995	-0.233965	0.8555149999999999	0.0	0.354582	-0.9328540000000001	-0.0636728	0.0	-2.76926	-0.187422	0.150328	0.34984299999999996	-0.8488600000000001	0.500375	0.17047400000000001	0.0	-0.10338900000000001	0.159108	-0.981833	0.0	-0.518409	-0.8510639999999999	-0.0833271	0.0	1.7514	-0.141299	0.567446	0.36398	
3	0.812968	0.27394	0.513848	0.0	-0.46190299999999995	-0.233965	0.8555149999999999	0.0	0.354582	-0.9328540000000001	-0.0636728	0.0	-2.76926	-0.187423	0.150328	0.34984299999999996	-0.8488600000000001	0.500375	0.17047400000000001	0.0	-0.10338900000000001	0.159108	-0.981833	0.0	-0.518409	-0.8510639999999999	-0.0833271	0.0	1.7514	-0.141299	0.567446	0.36398	
3	0.814028	0.322305	0.483196	0.0	-0.38402800000000004	-0.325467	0.864057	0.0	0.435754	-0.888927	-0.141165	0.0	-2.67442	-0.518373	-0.047	0.349164	-0.695047	0.715888	0.06644760000000001	0.0	0.146582	0.231579	-0.961709	0.0	-0.703864	-0.6586930000000001	-0.265895	0.0	1.7214900000000002	-0.291719	0.526403	0.36398400000000003	
3	0.815392	0.293837	0.498795	0.0	-0.43260600000000005	-0.263277	0.8622860000000001	0.0	0.384693	-0.918883	-0.0875581	0.0	-2.67223	-1.00546	-0.289125	0.350072	-0.687503	0.723579	0.06143780000000001	0.0	0.14313599999999999	0.21796999999999997	-0.9654020000000001	0.0	-0.711936	-0.654922	-0.253425	0.0	1.65352	-0.382054	0.43566499999999997	0.36399000000000004	
3	0.8195120000000001	0.264322	0.508463	0.0	-0.466233	-0.20837600000000003	0.859771	0.0	0.33320700000000003	-0.9416549999999999	-0.047530699999999995	0.0	-2.70839	-1.46183	-0.525241	0.350672	-0.6858850000000001	0.725151	0.060971000000000004	0.0	0.1382	0.21205900000000003	-0.9674360000000001	0.0	-0.714467	-0.655123	-0.24566500000000002	0.0	1.61897	-0.411445	0.421882	0.364002	
3	0.818871	0.259196	0.512121	0.0	-0.48188000000000003	-0.174291	0.858728	0.0	0.311837	-0.9499690000000001	-0.01782	0.0	-2.7460000000000004	-1.6970299999999998	-0.621102	0.35081100000000004	-0.688295	0.722871	0.060884100000000003	0.0	0.137079	0.212019	-0.9676040000000001	0.0	-0.7123619999999999	-0.657651	-0.245023	0.0	1.6123299999999998	-0.418113	0.41546000000000005	0.363981	
3	0.82691	0.24577	0.505784	0.0	-0.48623999999999995	-0.13930599999999999	0.86265	0.0	0.282472	-0.959266	0.00431004	0.0	-2.78736	-1.93377	-0.7042039999999999	0.349957	-0.6910350000000001	0.7203609999999999	0.0595886	0.0	0.13838499999999998	0.21276399999999998	-0.9672540000000001	0.0	-0.709451	-0.6601600000000001	-0.246714	0.0	1.6159999999999999	-0.413654	0.413756	0.363981	
3	0.829775	0.22834000000000002	0.509249	0.0	-0.491658	-0.13271	0.8606159999999999	0.0	0.264096	-0.9644940000000001	0.00214532	0.0	-2.82987	-2.1057200000000003	-0.811157	0.35028200000000004	-0.691196	0.72022	0.0594276	0.0	0.13913699999999998	0.213323	-0.967023	0.0	-0.709146	-0.660134	-0.24765700000000002	0.0	1.61791	-0.41288500000000006	0.413624	0.363975	
3	0.8425959999999999	0.206177	0.497517	0.0	-0.487824	-0.0991931	0.867288	0.0	0.228165	-0.973474	0.0169986	0.0	-2.8967	-2.34669	-0.9873299999999999	0.349925	-0.6884819999999999	0.7229939999999999	0.0571992	0.0	0.140322	0.21016999999999997	-0.967542	0.0	-0.711549	-0.658109	-0.246151	0.0	1.6199700000000001	-0.41866099999999995	0.414391	0.36396999999999996	
3	0.8404729999999999	0.203924	0.502017	0.0	-0.49345600000000006	-0.09468410000000001	0.8646020000000001	0.0	0.22384600000000002	-0.974397	0.0210482	0.0	-2.96254	-2.5323	-1.14055	0.350114	-0.6870689999999999	0.7243229999999999	0.0573822	0.0	0.140374	0.20981	-0.967613	0.0	-0.712904	-0.6567609999999999	-0.24583000000000002	0.0	1.61406	-0.416583	0.43000900000000003	0.36396999999999996	
3	0.844259	0.197272	0.498308	0.0	-0.492667	-0.0803298	0.866503	0.0	0.210966	-0.977052	0.0293702	0.0	-3.01918	-2.7099	-1.28502	0.350098	-0.684996	0.726351	0.056532400000000003	0.0	0.139413	0.206846	-0.96839	0.0	-0.715084	-0.655461	-0.242952	0.0	1.6081299999999998	-0.414325	0.45082	0.363989	
3	0.843441	0.19328499999999998	0.501247	0.0	-0.497821	-0.0695332	0.8644879999999999	0.0	0.20194600000000001	-0.978676	0.037574	0.0	-3.0362	-2.84427	-1.39949	0.350085	-0.6864210000000001	0.725237	0.0534606	0.0	0.141452	0.205269	-0.9684299999999999	0.0	-0.7133149999999999	-0.657188	-0.24348699999999998	0.0	1.60228	-0.406817	0.458646	0.363978	
3	0.8465959999999999	0.183437	0.499626	0.0	-0.497101	-0.0628995	0.86541	0.0	0.190175	-0.981017	0.0379364	0.0	-3.02457	-2.97054	-1.50881	0.349825	-0.68595	0.725657	0.053809	0.0	0.140349	0.204504	-0.9687520000000001	0.0	-0.7139850000000001	-0.656963	-0.242125	0.0	1.60616	-0.40770500000000004	0.463711	0.363976	
3	0.8477790000000001	0.18265499999999998	0.497903	0.0	-0.498251	-0.0473401	0.8657389999999999	0.0	0.181702	-0.982037	0.05087390000000001	0.0	-3.0346599999999997	-3.09518	-1.60869	0.349693	-0.687959	0.723845	0.0525441	0.0	0.141782	0.205051	-0.9684280000000001	0.0	-0.711766	-0.6587890000000001	-0.243695	0.0	1.60699	-0.405011	0.47294200000000003	0.363979	
3	0.846735	0.18246400000000002	0.49974700000000005	0.0	-0.504727	-0.021473500000000003	0.8630120000000001	0.0	0.1682	-0.982978	0.073912	0.0	-3.04609	-3.25129	-1.6872	0.349802	-0.687822	0.7239869999999999	0.0523836	0.0	0.141234	0.204267	-0.968673	0.0	-0.712007	-0.658876	-0.24275100000000002	0.0	1.60743	-0.401482	0.481386	0.363981	
3	0.844677	0.175834	0.505572	0.0	-0.510582	-0.018901400000000002	0.8596219999999999	0.0	0.160707	-0.984239	0.073812	0.0	-3.06813	-3.38501	-1.7297099999999999	0.350431	-0.688758	0.723254	0.0501565	0.0	0.141983	0.202406	-0.9689549999999999	0.0	-0.710952	-0.660254	-0.24209899999999998	0.0	1.60562	-0.398944	0.49218900000000004	0.363982	
3	0.842764	0.170423	0.510592	0.0	-0.515583	-0.016981	0.856671	0.0	0.154667	-0.985225	0.0735563	0.0	-3.1137099999999998	-3.46938	-1.79414	0.358732	-0.687809	0.7243649999999999	0.047066500000000004	0.0	0.143246	0.19901	-0.9694719999999999	0.0	-0.7116180000000001	-0.6600689999999999	-0.240643	0.0	1.60392	-0.396309	0.514	0.363992	
3	0.842923	0.17103800000000002	0.510125	0.0	-0.516023	-0.011422799999999999	0.856499	0.0	0.152321	-0.9851979999999999	0.07863110000000001	0.0	-3.15587	-3.5370199999999996	-1.8249099999999998	0.35876199999999997	-0.685409	0.726741	0.0454042	0.0	0.14593399999999998	0.198189	-0.969239	0.0	-0.713385	-0.6577	-0.241896	0.0	1.60499	-0.38921300000000003	0.5204340000000001	0.36396999999999996	
3	0.842778	0.172456	0.509887	0.0	-0.5163909999999999	-0.00823212	0.8563129999999999	0.0	0.151874	-0.9849829999999999	0.08211689999999999	0.0	-3.18425	-3.58716	-1.8419900000000002	0.35917899999999997	-0.68579	0.726534	0.042903500000000004	0.0	0.149963	0.198745	-0.96851	0.0	-0.712182	-0.65776	-0.24525	0.0	1.6087799999999999	-0.390874	0.524084	0.363982	
3	0.8409620000000001	0.170702	0.513463	0.0	-0.518842	-0.0149437	0.8547399999999999	0.0	0.153579	-0.98521	0.07600010000000001	0.0	-3.1917	-3.6036	-1.8426099999999999	0.35758	-0.686541	0.725895	0.04169319999999999	0.0	0.151748	0.199129	-0.968153	0.0	-0.71108	-0.65835	-0.246863	0.0	1.6129	-0.39172399999999996	0.523311	0.363976	
3	0.839376	0.161692	0.518945	0.0	-0.522475	-0.023268900000000002	0.8523370000000001	0.0	0.149891	-0.986567	0.0649485	0.0	-3.18949	-3.60468	-1.8366	0.355754	-0.685361	0.727114	0.039815699999999996	0.0	0.153801	0.197979	-0.968065	0.0	-0.7117760000000001	-0.657351	-0.247518	0.0	1.61309	-0.39274699999999996	0.535053	0.36397399999999996	
3	0.834657	0.159706	0.527107	0.0	-0.5285890000000001	-0.036591399999999996	0.848089	0.0	0.15473199999999998	-0.9864860000000001	0.053877499999999995	0.0	-3.1952599999999998	-3.60963	-1.8323599999999998	0.35333200000000003	-0.684495	0.727982	0.0388467	0.0	0.154661	0.19708299999999998	-0.968111	0.0	-0.7124229999999999	-0.656658	-0.247493	0.0	1.6114	-0.391085	0.551791	0.363978	
3	0.83083	0.16433399999999998	0.53171	0.0	-0.532224	-0.044632	0.845426	0.0	0.162664	-0.9853940000000001	0.0503809	0.0	-3.2029	-3.6144300000000005	-1.83205	0.352523	-0.684358	0.7281340000000001	0.0384183	0.0	0.155824	0.197521	-0.967835	0.0	-0.712302	-0.656358	-0.24863600000000002	0.0	1.60996	-0.389317	0.5656720000000001	0.363978	
3	0.8288969999999999	0.16345	0.534989	0.0	-0.53441	-0.0512861	0.8436680000000001	0.0	0.16533499999999998	-0.985218	0.0448384	0.0	-3.20498	-3.6172199999999997	-1.8295099999999997	0.350976	-0.685245	0.727317	0.0380763	0.0	0.156191	0.197818	-0.967715	0.0	-0.711367	-0.657175	-0.249154	0.0	1.61785	-0.390285	0.564988	0.363971	
3	0.836592	0.159648	0.524048	0.0	-0.529989	-0.00625736	0.847982	0.0	0.138658	-0.9871540000000001	0.0793768	0.0	-3.1505799999999997	-3.6187699999999996	-1.9322099999999998	0.255946	-0.685178	0.727499	0.0357457	0.0	0.157086	0.19551300000000002	-0.968039	0.0	-0.7112350000000001	-0.657663	-0.248241	0.0	1.62286	-0.388521	0.5690930000000001	0.363989	
3	0.8399399999999999	0.14241900000000002	0.523658	0.0	-0.538275	0.09596460000000001	0.8372879999999999	0.0	0.0689934	-0.985143	0.15726500000000002	0.0	-3.12014	-3.5715199999999996	-1.9892900000000002	0.126063	-0.685424	0.727325	0.0345151	0.0	0.158048	0.19488	-0.96801	0.0	-0.710784	-0.658042	-0.24852800000000003	0.0	1.62592	-0.38829	0.57614	0.363992	
3	0.841281	0.141724	0.521691	0.0	-0.5365310000000001	0.100739	0.8378459999999999	0.0	0.06618819999999999	-0.9847670000000001	0.16079000000000002	0.0	-3.11908	-3.56958	-1.98905	0.125502	-0.685234	0.7275510000000001	0.033541900000000006	0.0	0.159276	0.194633	-0.967858	0.0	-0.7106939999999999	-0.657867	-0.24925100000000003	0.0	1.62996	-0.38551199999999997	0.575449	0.36397199999999996	
3	0.841409	0.14414100000000002	0.520821	0.0	-0.537661	0.126394	0.833634	0.0	0.054332000000000005	-0.981452	0.183848	0.0	-3.11845	-3.55975	-1.9912	0.12375799999999999	-0.685262	0.7275020000000001	0.03402	0.0	0.15962300000000001	0.195602	-0.967606	0.0	-0.7105899999999999	-0.657633	-0.250165	0.0	1.64025	-0.386388	0.576209	0.36396300000000004	
3	0.838672	0.148757	0.523929	0.0	-0.542131	0.13583199999999998	0.8292430000000001	0.0	0.05218919999999999	-0.9795	0.19456400000000001	0.0	-3.11833	-3.55533	-1.9934900000000002	0.122873	-0.684094	0.728597	0.034074900000000005	0.0	0.159903	0.195388	-0.9676020000000001	0.0	-0.71165	-0.656483	-0.25016900000000003	0.0	1.64388	-0.38599	0.572993	0.363971	
3	0.842939	0.13963599999999998	0.519572	0.0	-0.5366270000000001	0.149049	0.8305520000000001	0.0	0.0385332	-0.9789209999999999	0.200571	0.0	-3.11437	-3.55044	-1.99295	0.12206800000000001	-0.681292	0.73111	0.0363341	0.0	0.158277	0.19559	-0.967829	0.0	-0.714696	-0.653623	-0.24897199999999997	0.0	1.6357899999999999	-0.386899	0.569811	0.36396799999999996	
3	0.837083	0.132894	0.53069	0.0	-0.545295	0.124464	0.828953	0.0	0.0441109	-0.983284	0.176653	0.0	-3.09643	-3.52674	-1.9730400000000001	0.11415499999999999	-0.6723600000000001	0.739425	0.034394	0.0	0.158653	0.18933699999999998	-0.96901	0.0	-0.723022	-0.6460670000000001	-0.244615	0.0	1.6340299999999999	-0.391958	0.552078	0.363978	
3	0.829975	0.111377	0.546568	0.0	-0.557335	0.12556900000000001	0.820737	0.0	0.0227794	-0.9858129999999999	0.166293	0.0	-3.0695099999999997	-3.4826900000000003	-1.95715	0.108646	-0.651021	0.758889	0.0161069	0.0	0.170229	0.16664600000000002	-0.971211	0.0	-0.739725	-0.629537	-0.23767399999999997	0.0	1.63606	-0.40736999999999995	0.5140170000000001	0.36396300000000004	
3	0.8336809999999999	0.0861798	0.545481	0.0	-0.55162	0.0829043	0.829965	0.0	0.026303500000000004	-0.9928239999999999	0.116654	0.0	-3.00915	-3.37165	-1.88851	0.0	-0.605492	0.7944979999999999	-0.046405300000000003	0.0	0.21906399999999998	0.110325	-0.9694530000000001	0.0	-0.765109	-0.5971609999999999	-0.24084699999999998	0.0	1.6897	-0.43094399999999994	0.412279	0.36397199999999996	
3	0.840809	0.06193330000000001	0.5377770000000001	0.0	-0.541309	0.0872096	0.836289	0.0	0.00489491	-0.9942629999999999	0.106852	0.0	-3.02905	-3.22693	-1.78325	0.0	-0.5311779999999999	0.8324889999999999	-0.157522	0.0	0.308222	0.016685400000000003	-0.951168	0.0	-0.789208	-0.553791	-0.265454	0.0	1.7597	-0.43494799999999995	0.25604	0.36396799999999996	
3	0.8488379999999999	0.0403478	0.5271100000000001	0.0	-0.528651	0.0628082	0.846512	0.0	0.00104797	-0.99721	0.0746439	0.0	-3.07009	-2.96749	-1.69678	0.0	-0.46087100000000003	0.8489030000000001	-0.25877	0.0	0.38054299999999996	-0.07438360000000001	-0.921767	0.0	-0.801739	-0.523288	-0.288763	0.0	1.8136900000000002	-0.472729	0.05110719999999999	0.36399000000000004	
3	0.8522370000000001	0.028790100000000002	0.522363	0.0	-0.523135	0.0379464	0.851405	0.0	0.00469014	-0.998865	0.0474004	0.0	-3.08277	-2.6970099999999997	-1.6238	0.0	-0.41131	0.8466670000000001	-0.337609	0.0	0.41813100000000003	-0.15386	-0.8952620000000001	0.0	-0.809933	-0.5093949999999999	-0.290734	0.0	1.81297	-0.540971	-0.120742	0.364014	
3	0.8525889999999999	0.0209213	0.522163	0.0	-0.52258	0.0312142	0.8520190000000001	0.0	0.00152642	-0.999294	0.037545999999999996	0.0	-3.0902	-2.49053	-1.52814	0.0	-0.381804	0.838182	-0.389457	0.0	0.44303000000000003	-0.20384000000000002	-0.873025	0.0	-0.811141	-0.505866	-0.293513	0.0	1.7607400000000002	-0.578967	-0.223446	0.363969	
3	0.849943	0.028022000000000002	0.5261279999999999	0.0	-0.526694	0.0191251	0.8498399999999999	0.0	0.0137518	-0.999424	0.031014299999999998	0.0	-3.06093	-2.30733	-1.4222299999999999	0.0	-0.370219	0.8338120000000001	-0.409505	0.0	0.442942	-0.229037	-0.866801	0.0	-0.816541	-0.5022939999999999	-0.284537	0.0	1.6946599999999998	-0.645672	-0.304553	0.363991	
3	0.848165	0.027302800000000002	0.5290279999999999	0.0	-0.5294989999999999	0.014090799999999999	0.848194	0.0	0.0157036	-0.9995280000000001	0.0264082	0.0	-3.03154	-2.2140299999999997	-1.34641	0.0	-0.360001	0.8351379999999999	-0.415865	0.0	0.44026499999999996	-0.240921	-0.864941	0.0	-0.822536	-0.49446999999999997	-0.280951	0.0	1.60759	-0.67356	-0.345447	0.363971	
3	0.840918	0.0284582	0.5404140000000001	0.0	-0.5406380000000001	0.000230581	0.841255	0.0	0.023816	-0.9995950000000001	0.0155795	0.0	-3.01993	-2.18621	-1.33598	0.0	-0.354427	0.833617	-0.42363199999999995	0.0	0.43652399999999997	-0.253144	-0.863345	0.0	-0.826939	-0.49091899999999994	-0.27417199999999997	0.0	1.54005	-0.6462220000000001	-0.339296	0.36396999999999996	
3	0.8238979999999999	0.045533	0.564906	0.0	-0.564954	-0.0130393	0.8250190000000001	0.0	0.0449315	-0.998878	0.0149809	0.0	-2.99187	-2.21877	-1.3783100000000001	0.0	-0.355956	0.8309540000000001	-0.42756400000000006	0.0	0.43466499999999997	-0.257806	-0.8629040000000001	0.0	-0.827262	-0.49300200000000005	-0.269419	0.0	1.51989	-0.634628	-0.320808	0.363978	
3	0.793075	0.0604305	0.606119	0.0	-0.6047819999999999	-0.0404741	0.795362	0.0	0.0725963	-0.997352	0.00444835	0.0	-2.9769099999999997	-2.30606	-1.41824	0.237763	-0.361514	0.828976	-0.42673900000000003	0.0	0.43926899999999997	-0.252281	-0.8622049999999999	0.0	-0.8224049999999999	-0.49915200000000004	-0.27294	0.0	1.50959	-0.6449060000000001	-0.306983	0.363965	
3	0.767996	0.0963848	0.6331600000000001	0.0	-0.633396	-0.0320637	0.7731640000000001	0.0	0.0948226	-0.994828	0.0364249	0.0	-2.9548900000000002	-2.49998	-1.4608	0.347033	-0.36651100000000003	0.826393	-0.427487	0.0	0.44294700000000004	-0.249072	-0.8612559999999999	0.0	-0.81821	-0.5050140000000001	-0.27476100000000003	0.0	1.51745	-0.6540199999999999	-0.309192	0.36398400000000003	
3	0.7725529999999999	0.0857788	0.629129	0.0	-0.629269	-0.0288043	0.7766529999999999	0.0	0.0847419	-0.995898	0.0317251	0.0	-2.96104	-2.7193400000000003	-1.52293	0.34939499999999996	-0.370682	0.8236969999999999	-0.42908999999999997	0.0	0.449834	-0.244971	-0.858859	0.0	-0.812554	-0.511382	-0.279721	0.0	1.54785	-0.651578	-0.304811	0.363969	
0	0.777654	0.0887082	0.622402	0.0	-0.624192	-0.00930439	0.781216	0.0	0.0750914	-0.996014	0.0481353	0.0	-2.96766	-2.91938	-1.55787	0.348039	-0.374025	0.82116	-0.431047	0.0	0.451504	-0.244756	-0.858044	0.0	-0.810092	-0.5155489999999999	-0.279212	0.0	1.56924	-0.6586420000000001	-0.302102	0.363965	
0	0.782833	0.106175	0.613106	0.0	-0.616988	0.00480559	0.786958	0.0	0.08060919999999999	-0.9943360000000001	0.0692709	0.0	-2.9563099999999998	-3.09445	-1.57745	0.347986	-0.378965	0.81855	-0.431696	0.0	0.456075	-0.240704	-0.856772	0.0	-0.805221	-0.521572	-0.282102	0.0	1.5954899999999999	-0.6800189999999999	-0.302597	0.36396799999999996	
0	0.7897069999999999	0.108332	0.603843	0.0	-0.607963	0.00644048	0.79394	0.0	0.08212	-0.994094	0.0709479	0.0	-2.95625	-3.21035	-1.6056700000000002	0.348614	-0.38001399999999996	0.816768	-0.43414200000000003	0.0	0.459214	-0.240837	-0.8550559999999999	0.0	-0.80294	-0.524297	-0.28355	0.0	1.63825	-0.688355	-0.297609	0.363979	
0	0.785349	0.098396	0.6111840000000001	0.0	-0.61319	-0.0119166	0.789845	0.0	0.0850008	-0.9950760000000001	0.0509768	0.0	-2.96366	-3.29552	-1.64445	0.34835900000000003	-0.379897	0.815882	-0.435908	0.0	0.459232	-0.242718	-0.854514	0.0	-0.8029850000000001	-0.52481	-0.282471	0.0	1.65885	-0.697435	-0.280067	0.363979	
0	0.778129	0.09843610000000001	0.620343	0.0	-0.6209140000000001	-0.028462	0.783362	0.0	0.0947672	-0.9947360000000001	0.0389733	0.0	-2.97205	-3.36731	-1.7169400000000001	0.349315	-0.37959899999999996	0.816137	-0.43568900000000005	0.0	0.46015500000000004	-0.241995	-0.8542219999999999	0.0	-0.802597	-0.5247470000000001	-0.28368899999999997	0.0	1.6635	-0.70217	-0.268801	0.363969	
0	0.7729229999999999	0.101417	0.626342	0.0	-0.625788	-0.0411775	0.778906	0.0	0.10478599999999999	-0.993991	0.031638799999999995	0.0	-2.97968	-3.3938	-1.72737	0.352907	-0.378701	0.8158479999999999	-0.437011	0.0	0.45998	-0.24382399999999999	-0.8537959999999999	0.0	-0.803121	-0.52435	-0.282937	0.0	1.66284	-0.706475	-0.265369	0.363981	
0	0.770126	0.10868699999999999	0.6285649999999999	0.0	-0.627071	-0.05173430000000001	0.777242	0.0	0.116995	-0.9927290000000001	0.0283127	0.0	-2.992	-3.43871	-1.7311	0.346446	-0.37815	0.81362	-0.441616	0.0	0.46203	-0.247506	-0.851627	0.0	-0.802204	-0.526083	-0.28232199999999996	0.0	1.6622599999999998	-0.705742	-0.261077	0.363979	
0	0.765083	0.11406	0.63375	0.0	-0.631355	-0.06069069999999999	0.773115	0.0	0.126644	-0.991618	0.0255789	0.0	-2.99534	-3.48874	-1.73345	0.33637	-0.378972	0.81134	-0.445092	0.0	0.461496	-0.251197	-0.850836	0.0	-0.8021229999999999	-0.5278510000000001	-0.279233	0.0	1.65999	-0.700641	-0.24981599999999998	0.363985	
0	0.76453	0.11601700000000001	0.634061	0.0	-0.631423	-0.0629928	0.772875	0.0	0.129608	-0.9912479999999999	0.025096	0.0	-2.99572	-3.4880699999999996	-1.73639	0.33146	-0.381821	0.81102	-0.443237	0.0	0.46403999999999995	-0.246523	-0.8508190000000001	0.0	-0.7993	-0.53054	-0.282219	0.0	1.66268	-0.697481	-0.24307600000000001	0.363967	
0	0.762089	0.125229	0.635246	0.0	-0.632548	-0.0654356	0.771752	0.0	0.138213	-0.9899680000000001	0.0293455	0.0	-2.99322	-3.5139699999999996	-1.7484099999999998	0.317825	-0.385652	0.809211	-0.443226	0.0	0.470394	-0.240819	-0.8489620000000001	0.0	-0.7937270000000001	-0.535895	-0.28777600000000003	0.0	1.6855099999999998	-0.682534	-0.222794	0.36397399999999996	
0	0.758957	0.131164	0.637793	0.0	-0.634739	-0.0694303	0.769601	0.0	0.145226	-0.988926	0.0305601	0.0	-2.95776	-3.6170199999999997	-1.76174	0.31350700000000004	-0.38493099999999997	0.808743	-0.44470600000000005	0.0	0.47463500000000003	-0.239775	-0.846894	0.0	-0.791549	-0.5370689999999999	-0.291561	0.0	1.7068599999999998	-0.65442	-0.22167699999999999	0.363923	
0	0.769134	0.134304	0.624817	0.0	-0.6262260000000001	-0.0367743	0.778774	0.0	0.12756900000000002	-0.990258	0.0558202	0.0	-2.92651	-3.60521	-1.8333700000000002	0.22494299999999998	-0.37742600000000004	0.812651	-0.444013	0.0	0.47495299999999996	-0.241734	-0.846159	0.0	-0.7949649999999999	-0.5302479999999999	-0.29473499999999997	0.0	1.71223	-0.613942	-0.199638	0.363892	
0	0.765151	0.132164	0.6301399999999999	0.0	-0.634567	-0.010801100000000001	0.772792	0.0	0.10894100000000001	-0.9911690000000001	0.0756025	0.0	-2.9378	-3.5942800000000004	-1.8541299999999998	0.144953	-0.374409	0.812496	-0.446842	0.0	0.46912	-0.24969699999999997	-0.8471	0.0	-0.799841	-0.526784	-0.28767	0.0	1.71082	-0.6062310000000001	-0.170869	0.364025	
0	0.762894	0.132262	0.63285	0.0	-0.637442	-0.00961167	0.770439	0.0	0.107983	-0.991168	0.0769767	0.0	-2.93985	-3.59387	-1.85369	0.145253	-0.37435999999999997	0.811664	-0.44839300000000004	0.0	0.471983	-0.249441	-0.845584	0.0	-0.798177	-0.5281859999999999	-0.289711	0.0	1.7061400000000002	-0.607038	-0.152358	0.363912	
0	0.765915	0.129557	0.629753	0.0	-0.634171	-0.00900117	0.773141	0.0	0.105834	-0.9915309999999999	0.0752674	0.0	-2.9386400000000004	-3.5938	-1.85224	0.147748	-0.373745	0.813397	-0.445758	0.0	0.470923	-0.24763000000000002	-0.846706	0.0	-0.799091	-0.52637	-0.290497	0.0	1.70642	-0.598655	-0.13899	0.36398400000000003	
0	0.775963	0.11695599999999999	0.619841	0.0	-0.623803	-0.0034584000000000004	0.781574	0.0	0.0935533	-0.993131	0.07027380000000001	0.0	-2.9334	-3.5929599999999997	-1.84822	0.144995	-0.37312399999999996	0.813605	-0.445899	0.0	0.47155	-0.247598	-0.846366	0.0	-0.7990109999999999	-0.5260640000000001	-0.291271	0.0	1.7079799999999998	-0.5957319999999999	-0.146803	0.36398400000000003	
0	0.774645	0.11679400000000001	0.621518	0.0	-0.625592	-0.0022565000000000003	0.780147	0.0	0.0925189	-0.9931540000000001	0.0713174	0.0	-2.93397	-3.59272	-1.8492	0.144713	-0.372079	0.814497	-0.445143	0.0	0.47166800000000003	-0.247131	-0.8464370000000001	0.0	-0.799429	-0.5249010000000001	-0.29222	0.0	1.7054599999999998	-0.59531	-0.14089200000000002	0.36398	
0	0.764791	0.11329700000000001	0.634239	0.0	-0.638954	0.00707427	0.769213	0.0	0.08266280000000001	-0.9935360000000001	0.077802	0.0	-2.93781	-3.5903099999999997	-1.85435	0.144655	-0.371525	0.815312	-0.444112	0.0	0.470095	-0.2473	-0.8472620000000001	0.0	-0.800612	-0.5235529999999999	-0.291396	0.0	1.7058200000000001	-0.596603	-0.128866	0.363979	
0	0.7709090000000001	0.11316099999999998	0.6268130000000001	0.0	-0.6318819999999999	0.0120285	0.774971	0.0	0.08015689999999999	-0.993504	0.0807772	0.0	-2.93534	-3.5889800000000003	-1.8533400000000002	0.144848	-0.371488	0.8158310000000001	-0.44318900000000006	0.0	0.469999	-0.24641799999999997	-0.8475719999999999	0.0	-0.8006850000000001	-0.523162	-0.291898	0.0	1.70527	-0.607316	-0.130831	0.363896	
0	0.788821	0.11311099999999999	0.604126	0.0	-0.610785	0.0345778	0.791042	0.0	0.06858600000000001	-0.992981	0.096362	0.0	-2.9277	-3.5824300000000004	-1.84985	0.144702	-0.37111900000000003	0.815994	-0.443197	0.0	0.47048999999999996	-0.246246	-0.84735	0.0	-0.8005680000000001	-0.522988	-0.292531	0.0	1.7061099999999998	-0.61273	-0.12755	0.363976	
0	0.80582	0.109608	0.5819270000000001	0.0	-0.589719	0.0594109	0.80542	0.0	0.0537077	-0.9921979999999999	0.11251199999999999	0.0	-2.92002	-3.57544	-1.8465099999999999	0.144762	-0.370514	0.817207	-0.441467	0.0	0.467214	-0.24681	-0.8489969999999999	0.0	-0.802764	-0.520825	-0.290364	0.0	1.70487	-0.6157520000000001	-0.131431	0.363973	
0	0.813713	0.100957	0.5724319999999999	0.0	-0.581256	0.147311	0.800276	0.0	-0.00353214	-0.983924	0.178551	0.0	-2.90833	-3.53519	-1.8476	0.14496099999999998	-0.370178	0.818863	-0.43867	0.0	0.46722600000000003	-0.244024	-0.8497950000000001	0.0	-0.802912	-0.519533	-0.29226199999999997	0.0	1.70308	-0.632583	-0.138165	0.36396999999999996	
0	0.825299	0.08757000000000001	0.5578649999999999	0.0	-0.560512	0.00699538	0.828117	0.0	0.06861569999999999	-0.996134	0.0548573	0.0	-2.85862	-3.13235	-1.81424	0.144832	-0.372234	0.823285	-0.428537	0.0	0.46489899999999995	-0.23423400000000003	-0.853817	0.0	-0.803313	-0.517046	-0.295554	0.0	1.69406	-0.683652	-0.176446	0.36398	
0	0.8316450000000001	0.0828441	0.549094	0.0	-0.550305	-0.00948166	0.83491	0.0	0.07437360000000001	-0.996518	0.0377041	0.0	-2.85227	-2.932	-1.76732	0.144674	-0.369243	0.825324	-0.427201	0.0	0.461822	-0.23595300000000002	-0.8550129999999999	0.0	-0.806462	-0.512998	-0.294029	0.0	1.6937099999999998	-0.6951039999999999	-0.19261	0.363989	
0	0.835384	0.084121	0.543192	0.0	-0.543049	-0.026585700000000004	0.8392799999999999	0.0	0.0850422	-0.996101	0.0234725	0.0	-2.89264	-2.6280799999999997	-1.67038	0.144674	-0.365145	0.829061	-0.423472	0.0	0.45702	-0.236659	-0.857395	0.0	-0.81105	-0.506608	-0.292483	0.0	1.6837099999999998	-0.7138369999999999	-0.21335	0.363981	
0	0.8374280000000001	0.0778466	0.540975	0.0	-0.540349	-0.030727099999999997	0.84088	0.0	0.0820823	-0.996492	0.0163325	0.0	-2.89404	-2.52736	-1.6210200000000001	0.144835	-0.363683	0.829558	-0.423754	0.0	0.45528100000000005	-0.238576	-0.8577879999999999	0.0	-0.812683	-0.50489	-0.290916	0.0	1.6794799999999999	-0.721693	-0.216954	0.363969	
0	0.8455940000000001	0.070482	0.529153	0.0	-0.529249	-0.018846400000000003	0.8482569999999999	0.0	0.0697594	-0.9973350000000001	0.0213661	0.0	-2.9090599999999998	-2.29602	-1.42795	0.144831	-0.336946	0.8257450000000001	-0.452342	0.0	0.45819499999999996	-0.275895	-0.844949	0.0	-0.8225110000000001	-0.491963	-0.28539000000000003	0.0	1.6613799999999999	-0.735178	-0.239019	0.363993	
0	0.848884	0.0625894	0.52486	0.0	-0.524943	-0.016435400000000003	0.850979	0.0	0.0618885	-0.9979040000000001	0.0189041	0.0	-2.9116	-2.21178	-1.34541	0.144832	-0.282149	0.8170069999999999	-0.502883	0.0	0.46299799999999997	-0.343136	-0.817246	0.0	-0.840253	-0.46341899999999997	-0.281457	0.0	1.6614900000000001	-0.727955	-0.26311	0.364028	
0	0.856043	0.0408776	0.515286	0.0	-0.514757	-0.023358700000000003	0.8570180000000001	0.0	0.0470693	-0.998891	0.00104595	0.0	-2.93788	-1.99815	-1.1478899999999999	0.144674	-0.152362	0.750475	-0.643097	0.0	0.47634099999999996	-0.51437	-0.713108	0.0	-0.865959	-0.414984	-0.27911199999999997	0.0	1.60132	-0.784366	-0.347055	0.364002	
0	0.8628889999999999	0.0268644	0.504679	0.0	-0.503223	-0.0467656	0.8628899999999999	0.0	0.0467825	-0.9985450000000001	-0.0268347	0.0	-2.98895	-1.81215	-1.05685	0.144834	-0.0770571	0.664329	-0.743458	0.0	0.472541	-0.632271	-0.613953	0.0	-0.877934	-0.398623	-0.265201	0.0	1.5306600000000001	-0.8649700000000001	-0.368268	0.36399499999999996	
0	0.8619979999999999	0.022859400000000002	0.5063949999999999	0.0	-0.503896	-0.070151	0.8609110000000001	0.0	0.05520409999999999	-0.997274	-0.0489513	0.0	-3.00726	-1.69495	-1.0369899999999999	0.144832	-0.0379756	0.597853	-0.800706	0.0	0.466261	-0.69811	-0.543363	0.0	-0.883832	-0.393972	-0.252244	0.0	1.44866	-0.953082	-0.377422	0.363971	
0	0.8580899999999999	0.0249474	0.512893	0.0	-0.505931	-0.12978	0.8527549999999999	0.0	0.0878375	-0.9912290000000001	-0.0987415	0.0	-2.9729900000000002	-1.36334	-0.959433	0.144816	0.054079199999999994	0.41850200000000004	-0.9066040000000001	0.0	0.436687	-0.826419	-0.355439	0.0	-0.8979860000000001	-0.376681	-0.22744699999999998	0.0	1.21984	-1.1369799999999999	-0.44378	0.36396100000000003	
0	0.8548870000000001	0.019506299999999997	0.518447	0.0	-0.508367	-0.168032	0.8445879999999999	0.0	0.10359000000000002	-0.9855889999999999	-0.133732	0.0	-2.94564	-1.20624	-0.969325	0.144671	0.08430030000000001	0.31814699999999996	-0.9442860000000001	0.0	0.42311800000000005	-0.869409	-0.255146	0.0	-0.9021450000000001	-0.378035	-0.207905	0.0	1.02398	-1.24111	-0.48959600000000003	0.36396	
0	0.851965	0.0219082	0.523141	0.0	-0.511126	-0.181983	0.8400190000000001	0.0	0.113606	-0.983058	-0.143845	0.0	-2.9220200000000003	-1.1304100000000001	-0.973467	0.144818	0.0899	0.26556399999999997	-0.959893	0.0	0.408489	-0.8888309999999999	-0.207646	0.0	-0.908325	-0.373438	-0.188386	0.0	0.899932	-1.27909	-0.499566	0.363958	
0	0.84315	0.050452699999999996	0.5353060000000001	0.0	-0.5155930000000001	-0.206548	0.831566	0.0	0.152521	-0.9771350000000001	-0.14813800000000002	0.0	-2.8183	-1.04954	-0.961332	0.144673	0.11151300000000001	0.200191	-0.97339	0.0	0.399221	-0.906011	-0.140598	0.0	-0.910048	-0.372919	-0.180953	0.0	0.60233	-1.34477	-0.558859	0.363975	
0	0.8353799999999999	0.06386889999999999	0.545949	0.0	-0.523099	-0.212709	0.8253010000000001	0.0	0.16883900000000002	-0.9750260000000001	-0.144283	0.0	-2.72134	-1.03853	-0.9608129999999999	0.144832	0.10984200000000001	0.190573	-0.975509	0.0	0.385801	-0.912673	-0.134856	0.0	-0.9160200000000001	-0.361539	-0.173773	0.0	0.463736	-1.32823	-0.617529	0.36390900000000004	
0	0.8300879999999999	0.0638106	0.5539689999999999	0.0	-0.530708	-0.214558	0.819947	0.0	0.17118	-0.974625	-0.14423699999999998	0.0	-2.6508	-1.05207	-0.964915	0.144676	0.11283499999999999	0.190745	-0.975133	0.0	0.378452	-0.915676	-0.135323	0.0	-0.918718	-0.353772	-0.175508	0.0	0.38929600000000003	-1.27609	-0.653877	0.363953	
0	0.819378	0.08505080000000001	0.56691	0.0	-0.5441630000000001	-0.195638	0.815851	0.0	0.180298	-0.976981	-0.11402000000000001	0.0	-2.50466	-1.1814200000000001	-0.9863370000000001	0.144674	0.11543199999999999	0.19503099999999998	-0.973981	0.0	0.368741	-0.918884	-0.140296	0.0	-0.9223370000000001	-0.342952	-0.177985	0.0	0.242259	-1.16983	-0.760625	0.363773	
