0	-0.051717200000000005	0.8926780000000001	-0.447718	0.0	0.0353789	0.44967399999999996	0.892492	0.0	0.998035	0.030317200000000002	-0.0548379	0.0	-2.77084	1.9805700000000002	1.41788	-0.0006905339999999999	-0.593133	0.516197	-0.617846	0.0	0.7511760000000001	0.07867719999999999	-0.655396	0.0	-0.28970300000000004	-0.8528479999999999	-0.434421	0.0	2.66032	2.0	1.53809	0.0	
0	-0.0370471	0.888855	-0.456689	0.0	0.0472519	0.458049	0.8876700000000001	0.0	0.9981959999999999	0.0113062	-0.058969600000000004	0.0	-2.81275	1.9576200000000001	1.4275799999999998	0.0	-0.593133	0.516197	-0.617847	0.0	0.751204	0.0787586	-0.655355	0.0	-0.28963099999999997	-0.852841	-0.43448400000000004	0.0	2.66032	2.0	1.53809	0.0	
0	-0.027996800000000002	0.873008	-0.48690200000000006	0.0	0.047511000000000005	0.48770399999999997	0.871715	0.0	0.9984780000000001	0.00127202	-0.0551317	0.0	-2.8147	1.9355799999999999	1.43946	0.0	-0.0988832	0.86219	-0.49683999999999995	0.0	0.134701	-0.48309399999999997	-0.865145	0.0	-0.9859399999999999	-0.152473	-0.068368	0.0	2.68242	2.02326	1.60226	0.0	
0	-0.026247500000000003	0.85436	-0.519019	0.0	0.0327966	0.519654	0.8537469999999999	0.0	0.999117	0.00538665	-0.0416597	0.0	-2.79915	1.91855	1.44808	0.0	-0.10351600000000001	0.849153	-0.517903	0.0	0.129929	-0.504694	-0.8534649999999999	0.0	-0.9861049999999999	-0.155638	-0.058085500000000005	0.0	2.7061599999999997	1.98845	1.61838	0.0	
0	-0.0200164	0.8376549999999999	-0.545833	0.0	0.0262767	0.546194	0.8372459999999999	0.0	0.9994540000000001	0.00241596	-0.032943599999999996	0.0	-2.79609	1.91277	1.4646700000000001	0.0	-0.10129500000000001	0.8435290000000001	-0.5274449999999999	0.0	0.119242	-0.5160560000000001	-0.8482149999999999	0.0	-0.987685	-0.148814	-0.0483102	0.0	2.69023	1.99875	1.6619400000000002	0.0	
0	-0.00873846	0.831432	-0.555558	0.0	0.0209102	0.555609	0.831181	0.0	0.999743	-0.0043537	-0.0222406	0.0	-2.80799	1.8761299999999999	1.46669	0.0	-0.101967	0.843894	-0.5267310000000001	0.0	0.11013599999999998	-0.516659	-0.8490780000000001	0.0	-0.9886719999999999	-0.14459	-0.0402614	0.0	2.67728	1.99132	1.6752900000000002	0.0	
0	-0.00693011	0.8409469999999999	-0.541072	0.0	0.0270651	0.541045	0.840558	0.0	0.99961	-0.00881904	-0.0265099	0.0	-2.85079	1.8098299999999998	1.4652	0.0436493	-0.0835112	0.8388979999999999	-0.537844	0.0	0.09168079999999999	-0.530972	-0.8424149999999999	0.0	-0.9922799999999999	-0.11966099999999999	-0.032568599999999996	0.0	2.66988	1.976	1.68639	0.06956439999999998	
0	0.0371675	0.776229	-0.629355	0.0	-0.0108491	0.630066	0.776466	0.0	0.99925	-0.0220315	0.031839299999999994	0.0	-2.80375	1.54726	1.58156	0.3512	-0.029372900000000004	0.7836810000000001	-0.6204689999999999	0.0	-0.0443392	-0.6211479999999999	-0.782439	0.0	-0.9985850000000001	0.0045287	0.0529925	0.0	2.58395	1.88314	1.85411	0.349533	
0	0.08795410000000001	0.7198319999999999	-0.688554	0.0	-0.0222606	0.69248	0.721093	0.0	0.995876	-0.0480954	0.0769304	0.0	-2.78199	1.28304	1.75078	0.350926	-0.049290499999999994	0.7717930000000001	-0.633961	0.0	-0.051047	-0.63585	-0.770123	0.0	-0.9974790000000001	-0.00559783	0.0707388	0.0	2.4879599999999997	1.73774	2.08141	0.362264	
0	0.11563599999999999	0.66165	-0.740843	0.0	0.00869408	0.745143	0.666848	0.0	0.9932540000000001	-0.0835528	0.08041319999999999	0.0	-2.80306	1.05759	1.83038	0.35061	-0.0530974	0.759724	-0.648075	0.0	-0.0450582	-0.6501520000000001	-0.758467	0.0	-0.9975719999999999	-0.0110715	0.068753	0.0	2.4856	1.6558099999999998	2.17329	0.363869	
0	0.09206289999999999	0.595673	-0.797934	0.0	0.0221942	0.79991	0.599709	0.0	0.995506	-0.0729205	0.0604215	0.0	-2.83222	0.965102	1.84066	0.347341	-0.0576326	0.743255	-0.666521	0.0	-0.024668799999999998	-0.6684869999999999	-0.743315	0.0	-0.998033	-0.0263968	0.056861699999999994	0.0	2.50408	1.55187	2.19882	0.35988400000000004	
0	0.0810942	0.570812	-0.817067	0.0	0.029338799999999998	0.818044	0.574407	0.0	0.996275	-0.0705528	0.049591699999999996	0.0	-2.87417	0.9306700000000001	1.84697	0.349094	-0.0804304	0.725709	-0.683285	0.0	-0.000871032	-0.685557	-0.728019	0.0	-0.9967600000000001	-0.0579596	0.0557716	0.0	2.49917	1.48425	2.26262	0.363859	
0	0.0879366	0.561134	-0.823041	0.0	0.0214504	0.824983	0.56475	0.0	0.9958950000000001	-0.0673168	0.060509600000000004	0.0	-2.8620200000000002	0.8552780000000001	1.89894	0.351409	-0.112018	0.6931930000000001	-0.7119939999999999	0.0	0.0352399	-0.713282	-0.699991	0.0	-0.993081	-0.103502	0.0554725	0.0	2.46696	1.331	2.31012	0.363977	
0	0.11873199999999999	0.567999	-0.81442	0.0	0.041489599999999995	0.816667	0.575615	0.0	0.992059	-0.102134	0.07339839999999999	0.0	-2.85507	0.717931	1.98315	0.36094	-0.09427619999999999	0.701075	-0.706828	0.0	0.0131563	-0.709051	-0.7050350000000001	0.0	-0.995459	-0.0757671	0.057622900000000005	0.0	2.46398	1.27524	2.29049	0.363983	
0	0.120521	0.5713229999999999	-0.811828	0.0	0.0484446	0.81343	0.579642	0.0	0.9915280000000001	-0.10918800000000001	0.0703579	0.0	-2.8395200000000003	0.637422	2.01687	0.36306	-0.0777868	0.700261	-0.7096359999999999	0.0	0.013816899999999998	-0.710967	-0.70309	0.0	-0.9968739999999999	-0.064496	0.045628300000000004	0.0	2.46686	1.27968	2.28289	0.36397199999999996	
0	0.126059	0.580238	-0.804633	0.0	0.0614878	0.8049729999999999	0.590117	0.0	0.990115	-0.123865	0.0657968	0.0	-2.87594	0.574259	2.0014	0.363975	-0.050531099999999995	0.7094	-0.7029920000000001	0.0	0.0020985	-0.703815	-0.710381	0.0	-0.99872	-0.037371499999999995	0.0340758	0.0	2.49076	1.28244	2.26457	0.363978	
0	0.12074100000000001	0.5794590000000001	-0.806008	0.0	0.0544057	0.8068649999999999	0.588225	0.0	0.991192	-0.114874	0.0658959	0.0	-2.89134	0.5484289999999999	1.9836900000000002	0.363967	-0.0109968	0.716318	-0.697687	0.0	-0.00144431	-0.6977399999999999	-0.716349	0.0	-0.9999379999999999	-0.00686985	0.00870752	0.0	2.5148200000000003	1.29083	2.23575	0.36394499999999996	
0	0.095113	0.5950770000000001	-0.798021	0.0	0.041069800000000004	0.7986270000000001	0.600424	0.0	0.994619	-0.0898827	0.05152	0.0	-2.8961200000000002	0.55392	1.9646	0.363978	0.011959299999999999	0.729827	-0.683528	0.0	-0.0038271	-0.683538	-0.729905	0.0	-0.999921	0.0113451	-0.00538163	0.0	2.5186	1.29056	2.22342	0.363985	
0	0.08174580000000001	0.611161	-0.787274	0.0	0.0295625	0.788083	0.614859	0.0	0.996215	-0.07353589999999999	0.046355099999999996	0.0	-2.89893	0.55488	1.9488400000000001	0.363977	0.027795099999999996	0.7322569999999999	-0.680462	0.0	-0.00559369	-0.6806	-0.732634	0.0	-0.999598	0.02417	-0.0148215	0.0	2.52006	1.29208	2.21013	0.363977	
0	0.0815062	0.61155	-0.7869970000000001	0.0	0.0291834	0.787821	0.615213	0.0	0.996246	-0.07311089999999999	0.046365199999999995	0.0	-2.89888	0.554902	1.94934	0.36398	0.03028	0.7337600000000001	-0.678733	0.0	-0.00649765	-0.678886	-0.734215	0.0	-0.9995200000000001	0.0266422	-0.015788999999999997	0.0	2.52162	1.2900200000000002	2.20913	0.363979	
0	0.08150039999999999	0.611556	-0.786992	0.0	0.029179000000000004	0.787817	0.615218	0.0	0.996246	-0.0731041	0.0463628	0.0	-2.89888	0.554902	1.94934	0.36398	0.040632800000000004	0.736312	-0.6754220000000001	0.0	-0.00564477	-0.6758	-0.737064	0.0	-0.999158	0.033761599999999996	-0.0233035	0.0	2.5207200000000003	1.2953299999999999	2.20466	0.363981	
0	0.08150039999999999	0.611556	-0.786992	0.0	0.029179000000000004	0.787817	0.615218	0.0	0.996246	-0.0731041	0.0463628	0.0	-2.89888	0.554902	1.94934	0.36398	0.044653399999999996	0.737533	-0.673833	0.0	-0.00359663	-0.674383	-0.738373	0.0	-0.9989959999999999	0.0353945	-0.0274611	0.0	2.52025	1.31445	2.2089	0.363985	
0	0.08150039999999999	0.611556	-0.786992	0.0	0.029179000000000004	0.787817	0.615218	0.0	0.996246	-0.0731041	0.0463628	0.0	-2.89888	0.554902	1.94934	0.36398	0.0451892	0.738304	-0.672953	0.0	-0.00365293	-0.6735140000000001	-0.739165	0.0	-0.998972	0.0358606	-0.0277387	0.0	2.52058	1.3157	2.20959	0.363977	
0	0.08150039999999999	0.611556	-0.786992	0.0	0.029179000000000004	0.787817	0.615218	0.0	0.996246	-0.0731041	0.0463628	0.0	-2.89888	0.554902	1.94934	0.36398	0.0470192	0.740024	-0.6709350000000001	0.0	-0.0040957	-0.671529	-0.740967	0.0	-0.998886	0.037587699999999995	-0.028544	0.0	2.52108	1.31451	2.20879	0.363976	
0	0.08150039999999999	0.611556	-0.786992	0.0	0.029179000000000004	0.787817	0.615218	0.0	0.996246	-0.0731041	0.0463628	0.0	-2.89888	0.554902	1.94934	0.36398	0.0700077	0.743953	-0.664554	0.0	-0.00574243	-0.665877	-0.746039	0.0	-0.9975299999999999	0.0560446	-0.042344400000000004	0.0	2.51925	1.3249	2.19728	0.363978	
0	0.08150039999999999	0.611556	-0.786992	0.0	0.029179000000000004	0.787817	0.615218	0.0	0.996246	-0.0731041	0.0463628	0.0	-2.89888	0.554902	1.94934	0.36398	0.06991060000000002	0.744011	-0.664501	0.0	-0.00569201	-0.665822	-0.746089	0.0	-0.9975370000000001	0.055942	-0.0423134	0.0	2.51962	1.3241	2.19787	0.36398	
0	0.08150039999999999	0.611556	-0.786992	0.0	0.029179000000000004	0.787817	0.615218	0.0	0.996246	-0.0731041	0.0463628	0.0	-2.89888	0.554902	1.94934	0.36398	0.06990969999999999	0.7440100000000001	-0.664501	0.0	-0.00569201	-0.665822	-0.746089	0.0	-0.9975370000000001	0.05594119999999999	-0.0423126	0.0	2.51962	1.3241	2.19787	0.36398	
0	0.08150039999999999	0.611556	-0.786992	0.0	0.029179000000000004	0.787817	0.615218	0.0	0.996246	-0.0731041	0.0463628	0.0	-2.89888	0.554902	1.94934	0.36398	0.06990969999999999	0.7440100000000001	-0.664501	0.0	-0.00569203	-0.665822	-0.746089	0.0	-0.9975370000000001	0.05594119999999999	-0.0423125	0.0	2.51962	1.3241	2.19787	0.36398	
0	0.08150039999999999	0.611556	-0.786992	0.0	0.029179000000000004	0.787817	0.615218	0.0	0.996246	-0.0731041	0.0463628	0.0	-2.89888	0.554902	1.94934	0.36398	0.06990969999999999	0.7440100000000001	-0.664501	0.0	-0.00569206	-0.665822	-0.746089	0.0	-0.9975370000000001	0.0559413	-0.0423126	0.0	2.51962	1.3241	2.19787	0.363979	
0	0.08150039999999999	0.611556	-0.786992	0.0	0.029179000000000004	0.787817	0.615218	0.0	0.996246	-0.0731041	0.0463628	0.0	-2.89888	0.554902	1.94934	0.36398	0.06990980000000001	0.7440100000000001	-0.664501	0.0	-0.00569183	-0.665822	-0.746089	0.0	-0.9975370000000001	0.055941099999999994	-0.0423126	0.0	2.51962	1.3241	2.19787	0.363979	
0	0.08150039999999999	0.611556	-0.786992	0.0	0.029179000000000004	0.787817	0.615218	0.0	0.996246	-0.0731041	0.0463628	0.0	-2.89888	0.554902	1.94934	0.36398	0.06990969999999999	0.7440100000000001	-0.664501	0.0	-0.00569201	-0.665822	-0.746089	0.0	-0.9975370000000001	0.05594119999999999	-0.0423126	0.0	2.51962	1.3241	2.19787	0.36398	
0	0.08150039999999999	0.611556	-0.786992	0.0	0.029179000000000004	0.787817	0.615218	0.0	0.996246	-0.0731041	0.0463628	0.0	-2.89888	0.554902	1.94934	0.36398	0.06990969999999999	0.7440100000000001	-0.664501	0.0	-0.00569198	-0.6658229999999999	-0.746089	0.0	-0.9975370000000001	0.0559413	-0.042312699999999995	0.0	2.51962	1.3241	2.19787	0.36398	
0	0.08150039999999999	0.611556	-0.786992	0.0	0.029179000000000004	0.787817	0.615218	0.0	0.996246	-0.0731041	0.0463628	0.0	-2.89888	0.554902	1.94934	0.36398	0.06990969999999999	0.7440100000000001	-0.664501	0.0	-0.00569198	-0.6658229999999999	-0.746089	0.0	-0.9975370000000001	0.0559413	-0.042312699999999995	0.0	2.51962	1.3241	2.19787	0.36398	
0	0.08150039999999999	0.611556	-0.786992	0.0	0.029179000000000004	0.787817	0.615218	0.0	0.996246	-0.0731041	0.0463628	0.0	-2.89888	0.554902	1.94934	0.36398	0.06990969999999999	0.7440100000000001	-0.664501	0.0	-0.00569206	-0.665822	-0.746089	0.0	-0.9975370000000001	0.0559413	-0.0423125	0.0	2.51962	1.3241	2.19787	0.363979	
0	0.08150039999999999	0.611556	-0.786992	0.0	0.029179000000000004	0.787817	0.615218	0.0	0.996246	-0.0731041	0.0463628	0.0	-2.89888	0.554902	1.94934	0.36398	0.06990969999999999	0.7440100000000001	-0.664501	0.0	-0.00569203	-0.6658229999999999	-0.746089	0.0	-0.9975370000000001	0.0559413	-0.042312699999999995	0.0	2.51962	1.3241	2.19787	0.363979	
0	0.08150039999999999	0.611556	-0.786992	0.0	0.029179000000000004	0.787817	0.615218	0.0	0.996246	-0.0731041	0.0463628	0.0	-2.89888	0.554902	1.94934	0.36398	0.0699096	0.7440100000000001	-0.664501	0.0	-0.00569201	-0.665822	-0.746089	0.0	-0.9975370000000001	0.05594119999999999	-0.0423126	0.0	2.51962	1.3241	2.19787	0.36398	
0	0.08150039999999999	0.611556	-0.786992	0.0	0.029179000000000004	0.787817	0.615218	0.0	0.996246	-0.0731041	0.0463628	0.0	-2.89888	0.554902	1.94934	0.36398	0.06990980000000001	0.7440100000000001	-0.664501	0.0	-0.00569189	-0.665822	-0.746089	0.0	-0.9975370000000001	0.05594119999999999	-0.042312800000000005	0.0	2.51962	1.3241	2.19787	0.36398	
0	0.08150039999999999	0.611556	-0.786992	0.0	0.029179000000000004	0.787817	0.615218	0.0	0.996246	-0.0731041	0.0463628	0.0	-2.89888	0.554902	1.94934	0.36398	0.0699096	0.7440100000000001	-0.664501	0.0	-0.00569192	-0.6658229999999999	-0.746089	0.0	-0.9975370000000001	0.05594119999999999	-0.042312800000000005	0.0	2.51962	1.3241	2.19787	0.36398	
0	0.08150039999999999	0.611556	-0.786992	0.0	0.029179000000000004	0.787817	0.615218	0.0	0.996246	-0.0731041	0.0463628	0.0	-2.89888	0.554902	1.94934	0.36398	0.0699096	0.7440100000000001	-0.664501	0.0	-0.00569186	-0.6658229999999999	-0.746089	0.0	-0.9975370000000001	0.055941099999999994	-0.042312800000000005	0.0	2.51962	1.3241	2.19787	0.36398	
0	0.08150039999999999	0.611556	-0.786992	0.0	0.029179000000000004	0.787817	0.615218	0.0	0.996246	-0.0731041	0.0463628	0.0	-2.89888	0.554902	1.94934	0.36398	0.06990980000000001	0.7440100000000001	-0.664501	0.0	-0.00569165	-0.665822	-0.746089	0.0	-0.9975370000000001	0.055941	-0.042312800000000005	0.0	2.51962	1.3241	2.19787	0.36398	
0	0.08150039999999999	0.611556	-0.786992	0.0	0.029179000000000004	0.787817	0.615218	0.0	0.996246	-0.0731041	0.0463628	0.0	-2.89888	0.554902	1.94934	0.36398	0.0699096	0.7440100000000001	-0.664501	0.0	-0.00569189	-0.6658229999999999	-0.746089	0.0	-0.9975370000000001	0.05594119999999999	-0.042312800000000005	0.0	2.51962	1.3241	2.19787	0.36398	
0	0.08150039999999999	0.611556	-0.786992	0.0	0.029179000000000004	0.787817	0.615218	0.0	0.996246	-0.0731041	0.0463628	0.0	-2.89888	0.554902	1.94934	0.36398	0.06990969999999999	0.7440100000000001	-0.664501	0.0	-0.00569201	-0.665822	-0.746089	0.0	-0.9975370000000001	0.05594119999999999	-0.0423125	0.0	2.51962	1.3241	2.19787	0.363979	
0	0.08150039999999999	0.611556	-0.786992	0.0	0.029179000000000004	0.787817	0.615218	0.0	0.996246	-0.0731041	0.0463628	0.0	-2.89888	0.554902	1.94934	0.36398	0.0699096	0.7440100000000001	-0.664501	0.0	-0.00569192	-0.665822	-0.746089	0.0	-0.9975370000000001	0.055941099999999994	-0.0423126	0.0	2.51962	1.3241	2.19787	0.36398	
0	0.08150039999999999	0.611556	-0.786992	0.0	0.029179000000000004	0.787817	0.615218	0.0	0.996246	-0.0731041	0.0463628	0.0	-2.89888	0.554902	1.94934	0.36398	0.0699096	0.7440100000000001	-0.664501	0.0	-0.00569186	-0.665822	-0.746089	0.0	-0.9975370000000001	0.055941099999999994	-0.0423126	0.0	2.51962	1.3241	2.19787	0.36398	
0	0.08150039999999999	0.611556	-0.786992	0.0	0.029179000000000004	0.787817	0.615218	0.0	0.996246	-0.0731041	0.0463628	0.0	-2.89888	0.554902	1.94934	0.36398	0.0699096	0.7440100000000001	-0.664501	0.0	-0.00569186	-0.6658229999999999	-0.746089	0.0	-0.9975370000000001	0.055941099999999994	-0.042312800000000005	0.0	2.51962	1.3241	2.19787	0.36398	
0	0.08150039999999999	0.611556	-0.786992	0.0	0.029179000000000004	0.787817	0.615218	0.0	0.996246	-0.0731041	0.0463628	0.0	-2.89888	0.554902	1.94934	0.36398	0.0699096	0.7440100000000001	-0.664501	0.0	-0.00569186	-0.6658229999999999	-0.746089	0.0	-0.9975370000000001	0.055941099999999994	-0.042312800000000005	0.0	2.51962	1.3241	2.19787	0.36398	
0	0.08150039999999999	0.611556	-0.786992	0.0	0.029179000000000004	0.787817	0.615218	0.0	0.996246	-0.0731041	0.0463628	0.0	-2.89888	0.554902	1.94934	0.36398	0.0699096	0.7440100000000001	-0.664501	0.0	-0.0056918	-0.6658229999999999	-0.746089	0.0	-0.9975370000000001	0.055941099999999994	-0.042312800000000005	0.0	2.51962	1.3241	2.19787	0.36398	
0	0.08150039999999999	0.611556	-0.786992	0.0	0.029179000000000004	0.787817	0.615218	0.0	0.996246	-0.0731041	0.0463628	0.0	-2.89888	0.554902	1.94934	0.36398	0.06990969999999999	0.7440100000000001	-0.664501	0.0	-0.00569201	-0.665822	-0.746089	0.0	-0.9975370000000001	0.05594119999999999	-0.0423126	0.0	2.51962	1.3241	2.19787	0.36398	
0	0.08150039999999999	0.611556	-0.786992	0.0	0.029179000000000004	0.787817	0.615218	0.0	0.996246	-0.0731041	0.0463628	0.0	-2.89888	0.554902	1.94934	0.36398	0.0699096	0.7440100000000001	-0.664501	0.0	-0.00569198	-0.6658229999999999	-0.746089	0.0	-0.9975370000000001	0.05594119999999999	-0.042312699999999995	0.0	2.51962	1.3241	2.19787	0.36398	
0	0.08150039999999999	0.611556	-0.786992	0.0	0.029179000000000004	0.787817	0.615218	0.0	0.996246	-0.0731041	0.0463628	0.0	-2.89888	0.554902	1.94934	0.36398	0.06990969999999999	0.7440100000000001	-0.664501	0.0	-0.00569203	-0.665822	-0.746089	0.0	-0.9975370000000001	0.05594119999999999	-0.0423125	0.0	2.51962	1.3241	2.19787	0.363979	
0	0.08150039999999999	0.611556	-0.786992	0.0	0.029179000000000004	0.787817	0.615218	0.0	0.996246	-0.0731041	0.0463628	0.0	-2.89888	0.554902	1.94934	0.36398	0.06990980000000001	0.7440100000000001	-0.664501	0.0	-0.00569189	-0.665822	-0.746089	0.0	-0.9975370000000001	0.055941099999999994	-0.0423126	0.0	2.51962	1.3241	2.19787	0.363979	
0	0.08150039999999999	0.611556	-0.786992	0.0	0.029179000000000004	0.787817	0.615218	0.0	0.996246	-0.0731041	0.0463628	0.0	-2.89888	0.554902	1.94934	0.36398	0.0699096	0.7440100000000001	-0.664501	0.0	-0.00569192	-0.6658229999999999	-0.746089	0.0	-0.9975370000000001	0.05594119999999999	-0.042312800000000005	0.0	2.51962	1.3241	2.19787	0.36398	
0	0.08150039999999999	0.611556	-0.786992	0.0	0.029179000000000004	0.787817	0.615218	0.0	0.996246	-0.0731041	0.0463628	0.0	-2.89888	0.554902	1.94934	0.36398	0.0699096	0.7440100000000001	-0.664501	0.0	-0.00569201	-0.665822	-0.746089	0.0	-0.9975370000000001	0.05594119999999999	-0.0423126	0.0	2.51962	1.3241	2.19787	0.36398	
0	0.08150039999999999	0.611556	-0.786992	0.0	0.029179000000000004	0.787817	0.615218	0.0	0.996246	-0.0731041	0.0463628	0.0	-2.89888	0.554902	1.94934	0.36398	0.06990969999999999	0.7440100000000001	-0.664501	0.0	-0.00569203	-0.665822	-0.746089	0.0	-0.9975370000000001	0.05594119999999999	-0.0423126	0.0	2.51962	1.3241	2.19787	0.36398	
0	0.0316906	0.718629	-0.694671	0.0	0.0393193	0.6935859999999999	0.7193	0.0	0.998724	-0.050109100000000004	-0.00627583	0.0	-2.7730599999999996	0.60144	1.9096	0.261511	-0.0802948	0.73916	-0.6687270000000001	0.0	0.0167896	-0.6697960000000001	-0.742356	0.0	-0.9966299999999999	-0.07083489999999999	0.041370699999999996	0.0	2.50916	1.2666899999999999	2.2852200000000003	0.36398800000000003	
0	-0.00801802	0.701399	-0.712724	0.0	0.021278000000000002	0.712705	0.701141	0.0	0.999741	-0.00954357	-0.0206388	0.0	-2.84131	0.8677290000000001	1.8133400000000002	0.23808800000000002	-0.11015799999999999	0.7216130000000001	-0.683477	0.0	0.0350634	-0.684412	-0.728252	0.0	-0.993295	-0.10418800000000002	0.050091199999999995	0.0	2.4986099999999998	1.30554	2.3072	0.336876	
0	-0.029172700000000003	0.717403	-0.696047	0.0	0.022005599999999997	0.6966359999999999	0.717087	0.0	0.999332	0.00560242	-0.0361096	0.0	-2.87225	1.00934	1.7663900000000001	0.252051	-0.10893	0.713209	-0.6924359999999999	0.0	0.033244	-0.693578	-0.719615	0.0	-0.9934930000000001	-0.10140700000000001	0.051841599999999995	0.0	2.49655	1.36045	2.29498	0.33214699999999997	
0	-0.09858539999999999	0.774588	-0.624735	0.0	0.0193424	0.629167	0.77703	0.0	0.994941	0.0645199	-0.0770091	0.0	-2.89036	1.42422	1.62172	0.305785	-0.11155	0.7205	-0.684425	0.0	0.051795900000000006	-0.683571	-0.7280439999999999	0.0	-0.992408	-0.11666300000000002	0.038933300000000004	0.0	2.5063400000000002	1.56041	2.18866	0.321644	
0	-0.177754	0.81099	-0.557404	0.0	0.010556200000000002	0.567963	0.8229870000000001	0.0	0.9840180000000001	0.140405	-0.109519	0.0	-2.91954	1.70502	1.4942	0.323428	-0.102144	0.762206	-0.639225	0.0	0.0678592	-0.63575	-0.7689060000000001	0.0	-0.992452	-0.12191600000000001	0.0132153	0.0	2.5371900000000003	1.77814	2.0622700000000003	0.32456599999999997	
0	-0.174822	0.858381	-0.482306	0.0	0.0504019	0.49701000000000006	0.8662799999999999	0.0	0.983309	0.127136	-0.130152	0.0	-2.94155	1.8993099999999998	1.4163	0.329598	-0.086426	0.805761	-0.5859	0.0	0.071411	-0.5815779999999999	-0.81035	0.0	-0.9936959999999999	-0.111875	-0.00727683	0.0	2.56537	1.95603	1.9231099999999999	0.329104	
0	-0.153288	0.9013530000000001	-0.40505	0.0	0.0905201	0.420979	0.902543	0.0	0.9840270000000001	0.101684	-0.146122	0.0	-2.95608	2.03285	1.34096	0.291004	-0.0891729	0.8410850000000001	-0.533503	0.0	0.08851239999999999	-0.526826	-0.845352	0.0	-0.9920760000000001	-0.12260399999999999	-0.0274681	0.0	2.59058	2.09364	1.79139	0.337038	
0	-0.11046099999999999	0.9239790000000001	-0.366143	0.0	0.113193	0.377696	0.918985	0.0	0.9874139999999999	0.0600673	-0.146309	0.0	-2.96962	2.0632200000000003	1.2849700000000002	0.23898699999999998	-0.10248099999999999	0.871081	-0.480328	0.0	0.10894300000000001	-0.470138	-0.8758440000000001	0.0	-0.988751	-0.142086	-0.046718699999999995	0.0	2.5893200000000003	2.2063	1.6994	0.338988	
0	-0.08292050000000001	0.9253969999999999	-0.369817	0.0	0.12496199999999999	0.377821	0.917407	0.0	0.98869	0.029858799999999998	-0.14696900000000002	0.0	-2.94069	2.11639	1.2741	-0.000202253	-0.14183800000000002	0.886761	-0.439929	0.0	0.129167	-0.424043	-0.8963840000000001	0.0	-0.981427	-0.18396600000000002	-0.0543947	0.0	2.57717	2.22689	1.64683	0.25803200000000004	
0	-0.0448902	0.9161590000000001	-0.398293	0.0	0.17671099999999998	0.39969	0.8994559999999999	0.0	0.983239	-0.030005900000000002	-0.179837	0.0	-3.03762	2.15741	1.18994	0.0	-0.15983	0.8899610000000001	-0.42711099999999996	0.0	0.13836800000000002	-0.408204	-0.902344	0.0	-0.977399	-0.20332	-0.0578995	0.0	2.57019	2.22401	1.6063399999999999	-0.00492275	
0	-0.037356	0.886835	-0.460575	0.0	0.204757	0.45791000000000004	0.8650969999999999	0.0	0.9781	-0.061989699999999995	-0.198692	0.0	-3.10197	2.20719	1.10876	0.0	-0.175043	0.890763	-0.41940600000000006	0.0	0.135168	-0.400208	-0.906401	0.0	-0.9752379999999999	-0.21534899999999998	-0.0503489	0.0	2.59556	2.2054	1.5708600000000001	0.0	
0	-0.00644155	0.880589	-0.47383800000000004	0.0	0.24727399999999997	0.460535	0.852504	0.0	0.968924	-0.111676	-0.22071300000000002	0.0	-3.17897	2.2254099999999997	1.05045	0.0	-0.192274	0.893072	-0.40675900000000004	0.0	0.143326	-0.384492	-0.911934	0.0	-0.9708190000000001	-0.23364000000000001	-0.0540725	0.0	2.5985099999999997	2.19682	1.54059	0.0	
0	0.038301800000000004	0.886057	-0.461991	0.0	0.271378	0.43573100000000003	0.858191	0.0	0.9617100000000001	-0.158245	-0.223767	0.0	-3.17988	2.19313	0.959873	0.00381347	-0.259194	0.900291	-0.349707	0.0	0.178924	-0.311055	-0.933398	0.0	-0.949108	-0.304501	-0.0804601	0.0	2.63654	2.11547	1.39924	0.07675010000000002	
0	0.11101199999999999	0.865253	-0.48889	0.0	0.32371	0.433622	0.840943	0.0	0.939622	-0.25161300000000003	-0.231954	0.0	-3.19342	2.13077	0.8871040000000001	0.307207	-0.347054	0.8929229999999999	-0.286779	0.0	0.274478	-0.195689	-0.941471	0.0	-0.8967799999999999	-0.405456	-0.177174	0.0	2.64107	2.07151	1.2343	0.302088	
0	0.215739	0.809036	-0.546733	0.0	0.409479	0.43334700000000004	0.8028310000000001	0.0	0.886444	-0.39707800000000004	-0.23779299999999998	0.0	-3.06705	1.89622	0.740506	0.344041	-0.460978	0.8553149999999999	-0.23650900000000002	0.0	0.281969	-0.111529	-0.9529190000000001	0.0	-0.8414229999999999	-0.505963	-0.18975999999999998	0.0	2.6279	1.80283	0.9937229999999999	0.322263	
0	0.30661900000000003	0.714516	-0.62885	0.0	0.45175	0.472279	0.756885	0.0	0.837799	-0.516158	-0.177973	0.0	-3.01451	1.45858	0.605499	0.34884899999999996	-0.545497	0.80682	-0.22688000000000003	0.0	0.304157	-0.0616751	-0.950623	0.0	-0.780975	-0.587569	-0.21175700000000003	0.0	2.59839	1.62018	0.858347	0.32698299999999997	
0	0.44273100000000004	0.565442	-0.695891	0.0	0.467475	0.516717	0.717266	0.0	0.765151	-0.642868	-0.035563199999999996	0.0	-2.93173	0.8479629999999999	0.5896100000000001	0.35034299999999996	-0.561725	0.796981	-0.222009	0.0	0.291661	-0.0603533	-0.954616	0.0	-0.774209	-0.600982	-0.198546	0.0	2.55202	1.5127	0.794638	0.32910100000000003	
0	0.485858	0.5105689999999999	-0.7094090000000001	0.0	0.47805600000000004	0.524249	0.704717	0.0	0.7317140000000001	-0.681529	0.0106297	0.0	-2.92275	0.596604	0.560773	0.35146	-0.5689069999999999	0.790291	-0.22756300000000002	0.0	0.29289499999999996	-0.06385930000000001	-0.95401	0.0	-0.7684770000000001	-0.609395	-0.195142	0.0	2.5315	1.4907	0.785405	0.3291	
0	0.579707	0.383842	-0.7187520000000001	0.0	0.510472	0.516455	0.687527	0.0	0.635105	-0.765467	0.103452	0.0	-2.94421	0.019340400000000004	0.475396	0.35181799999999996	-0.577886	0.783361	-0.228897	0.0	0.279557	-0.0734965	-0.957312	0.0	-0.766744	-0.617207	-0.176521	0.0	2.48298	1.42021	0.767267	0.32882	
0	0.634374	0.2599	-0.7280260000000001	0.0	0.574607	0.47145600000000004	0.668996	0.0	0.517105	-0.842722	0.149739	0.0	-2.9964	-0.598279	0.321623	0.350561	-0.586933	0.775216	-0.23356	0.0	0.278016	-0.07795919999999999	-0.957408	0.0	-0.760406	-0.626867	-0.169765	0.0	2.4426400000000004	1.30938	0.722118	0.327245	
0	0.637323	0.235708	-0.7336630000000001	0.0	0.596512	0.45182799999999995	0.663343	0.0	0.487845	-0.860403	0.147357	0.0	-2.9927799999999998	-0.717352	0.27151	0.351038	-0.588634	0.773692	-0.23433	0.0	0.275398	-0.0806081	-0.957945	0.0	-0.760043	-0.628413	-0.165625	0.0	2.42901	1.29104	0.730585	0.326919	
0	0.634957	0.23884499999999997	-0.7347	0.0	0.609093	0.430228	0.666266	0.0	0.47522200000000003	-0.87055	0.127697	0.0	-2.9666799999999998	-0.8589969999999999	0.11408299999999999	0.349197	-0.586917	0.7758079999999999	-0.231625	0.0	0.271231	-0.0811531	-0.9590870000000001	0.0	-0.762865	-0.625728	-0.162793	0.0	2.39195	1.2632	0.7360439999999999	0.325675	
0	0.622757	0.292	-0.7258859999999999	0.0	0.603141	0.411808	0.683107	0.0	0.498392	-0.8632209999999999	0.08033939999999999	0.0	-2.86938	-0.87555	-0.09417769999999999	0.349256	-0.58736	0.774175	-0.235927	0.0	0.263547	-0.0926633	-0.9601860000000001	0.0	-0.765213	-0.626153	-0.149604	0.0	2.32757	1.1975200000000001	0.77313	0.320924	
0	0.621296	0.321175	-0.714729	0.0	0.5943069999999999	0.401316	0.696954	0.0	0.510676	-0.857783	0.058459300000000006	0.0	-2.81237	-0.8620030000000001	-0.17544	0.348947	-0.589377	0.771504	-0.239619	0.0	0.257144	-0.102025	-0.960973	0.0	-0.765841	-0.627991	-0.138256	0.0	2.27648	1.1352	0.856759	0.31769200000000003	
0	0.617577	0.33626100000000003	-0.711004	0.0	0.593605	0.393775	0.701836	0.0	0.515976	-0.8554940000000001	0.043580400000000005	0.0	-2.81507	-0.8316690000000001	-0.21771	0.348718	-0.590925	0.769351	-0.24270799999999998	0.0	0.254618	-0.10761099999999998	-0.9610360000000001	0.0	-0.765491	-0.629698	-0.132301	0.0	2.2534799999999997	1.1009	0.9046219999999999	0.315911	
0	0.590566	0.375373	-0.714372	0.0	0.60705	0.376626	0.699745	0.0	0.531717	-0.8469049999999999	-0.00544751	0.0	-2.84721	-0.729358	-0.2566	0.348978	-0.593769	0.768311	-0.239035	0.0	0.249642	-0.10651	-0.962463	0.0	-0.76493	-0.631153	-0.12856099999999998	0.0	2.2290200000000002	1.0639299999999998	0.96849	0.313267	
0	0.524828	0.419854	-0.740458	0.0	0.654676	0.356858	0.6663720000000001	0.0	0.544017	-0.834491	-0.0875793	0.0	-2.9091400000000003	-0.5897	-0.43473900000000004	0.349576	-0.597386	0.764502	-0.242211	0.0	0.251349	-0.108319	-0.961816	0.0	-0.761547	-0.635455	-0.127449	0.0	2.23065	0.989309	0.977075	0.311589	
0	0.49424399999999996	0.412155	-0.765409	0.0	0.680689	0.364177	0.6356390000000001	0.0	0.540726	-0.835167	-0.10055700000000001	0.0	-2.93377	-0.562408	-0.476728	0.349358	-0.597762	0.762463	-0.247651	0.0	0.253998	-0.112874	-0.9605959999999999	0.0	-0.760372	-0.6371100000000001	-0.126192	0.0	2.23168	0.9794010000000001	0.995036	0.309365	
0	0.440812	0.379444	-0.813454	0.0	0.72849	0.378211	0.571191	0.0	0.524392	-0.8443809999999999	-0.10970099999999999	0.0	-2.9613099999999997	-0.554772	-0.521367	0.348578	-0.595911	0.763046	-0.250301	0.0	0.251877	-0.11836400000000001	-0.9604940000000001	0.0	-0.7625270000000001	-0.635414	-0.12165899999999999	0.0	2.2330400000000004	0.9662639999999999	1.0443799999999999	0.303541	
0	0.406147	0.364507	-0.8379610000000001	0.0	0.747946	0.394228	0.5340050000000001	0.0	0.524997	-0.843634	-0.112517	0.0	-2.94804	-0.6061270000000001	-0.509233	0.347615	-0.595877	0.762436	-0.252233	0.0	0.24923800000000002	-0.12300000000000001	-0.9606	0.0	-0.763421	-0.635265	-0.11673599999999999	0.0	2.21568	0.938624	1.0918	0.294975	
0	0.402009	0.358315	-0.842614	0.0	0.752347	0.395251	0.5270199999999999	0.0	0.521883	-0.845806	-0.11068299999999999	0.0	-2.94225	-0.6414810000000001	-0.505748	0.34742	-0.596742	0.76149	-0.253046	0.0	0.248006	-0.12488599999999998	-0.960675	0.0	-0.763146	-0.6360319999999999	-0.11433	0.0	2.2102	0.92653	1.10059	0.29283899999999996	
0	0.40331999999999996	0.359662	-0.841413	0.0	0.7494810000000001	0.39770500000000003	0.529253	0.0	0.524987	-0.844082	-0.10915699999999999	0.0	-2.9304099999999997	-0.6536930000000001	-0.503058	0.347531	-0.5976060000000001	0.760357	-0.254411	0.0	0.24976399999999999	-0.124977	-0.960208	0.0	-0.761896	-0.637368	-0.115223	0.0	2.20852	0.9132389999999999	1.09684	0.292696	
0	0.398925	0.357657	-0.8443579999999999	0.0	0.7479899999999999	0.405731	0.5252560000000001	0.0	0.5304439999999999	-0.841109	-0.10566800000000001	0.0	-2.9232099999999996	-0.662341	-0.500576	0.34734499999999996	-0.597434	0.759338	-0.257835	0.0	0.247883	-0.130908	-0.9599049999999999	0.0	-0.762645	-0.637392	-0.110018	0.0	2.20664	0.898488	1.11176	0.292118	
0	0.40126	0.361514	-0.8416040000000001	0.0	0.742175	0.41016199999999997	0.530041	0.0	0.5368109999999999	-0.837302	-0.103726	0.0	-2.9221	-0.663895	-0.496312	0.348076	-0.599032	0.758614	-0.256252	0.0	0.247809	-0.128675	-0.960226	0.0	-0.761414	-0.6387079999999999	-0.11091	0.0	2.20743	0.891544	1.12222	0.29076599999999997	
0	0.407292	0.358773	-0.839878	0.0	0.739217	0.410555	0.533856	0.0	0.53635	-0.8382879999999999	-0.0979957	0.0	-2.91456	-0.66635	-0.48403900000000005	0.347014	-0.600985	0.757071	-0.256243	0.0	0.249802	-0.126621	-0.959982	0.0	-0.759221	-0.640945	-0.11302100000000001	0.0	2.2121299999999997	0.8859	1.1276700000000002	0.287752	
0	0.407356	0.358651	-0.839899	0.0	0.739244	0.41052799999999995	0.53384	0.0	0.5362640000000001	-0.838353	-0.0978996	0.0	-2.91475	-0.6663	-0.48448100000000005	0.347016	-0.601014	0.757046	-0.25625	0.0	0.249871	-0.126567	-0.9599719999999999	0.0	-0.759175	-0.640986	-0.113096	0.0	2.21197	0.886274	1.1277	0.287625	
0	0.40736500000000003	0.358633	-0.8399030000000001	0.0	0.739247	0.410526	0.533837	0.0	0.536254	-0.838362	-0.09788430000000001	0.0	-2.91477	-0.666291	-0.484544	0.347016	-0.601018	0.757042	-0.256252	0.0	0.249881	-0.12655999999999998	-0.9599700000000001	0.0	-0.759169	-0.640992	-0.113106	0.0	2.21195	0.8863200000000001	1.1277	0.287618	
0	0.40736500000000003	0.358633	-0.8399030000000001	0.0	0.739247	0.410526	0.533837	0.0	0.536254	-0.838362	-0.09788430000000001	0.0	-2.91477	-0.666291	-0.484544	0.347016	-0.601018	0.757042	-0.256251	0.0	0.249881	-0.12655999999999998	-0.9599700000000001	0.0	-0.759169	-0.640992	-0.113106	0.0	2.21195	0.8863200000000001	1.1277	0.287618	
0	0.40736500000000003	0.358633	-0.8399030000000001	0.0	0.739247	0.410526	0.533837	0.0	0.536254	-0.838362	-0.09788430000000001	0.0	-2.91477	-0.666291	-0.484544	0.347016	-0.601018	0.757042	-0.256252	0.0	0.249881	-0.12655999999999998	-0.9599700000000001	0.0	-0.759169	-0.640992	-0.113106	0.0	2.21195	0.8863200000000001	1.1277	0.287618	
0	0.40736500000000003	0.358633	-0.8399030000000001	0.0	0.739247	0.410526	0.533837	0.0	0.536254	-0.838362	-0.09788430000000001	0.0	-2.91477	-0.666291	-0.484544	0.347016	-0.601018	0.757042	-0.256252	0.0	0.249881	-0.12655999999999998	-0.9599700000000001	0.0	-0.759169	-0.640992	-0.113106	0.0	2.21195	0.8863200000000001	1.1277	0.287617	
0	0.40736500000000003	0.358633	-0.8399030000000001	0.0	0.739247	0.410526	0.533837	0.0	0.536254	-0.838362	-0.09788430000000001	0.0	-2.91477	-0.666291	-0.484544	0.347016	-0.601018	0.757042	-0.256252	0.0	0.249881	-0.12655999999999998	-0.9599700000000001	0.0	-0.759169	-0.640992	-0.113106	0.0	2.21195	0.8863200000000001	1.1277	0.287618	
0	0.40736500000000003	0.358633	-0.8399030000000001	0.0	0.739247	0.410526	0.533837	0.0	0.536254	-0.838362	-0.09788430000000001	0.0	-2.91477	-0.666291	-0.484544	0.347016	-0.601018	0.757042	-0.256252	0.0	0.249881	-0.12655999999999998	-0.9599700000000001	0.0	-0.759169	-0.640992	-0.113106	0.0	2.21195	0.8863200000000001	1.1277	0.287618	
0	0.40736500000000003	0.358633	-0.8399030000000001	0.0	0.739247	0.410526	0.533837	0.0	0.536254	-0.838362	-0.09788430000000001	0.0	-2.91477	-0.6662899999999999	-0.484544	0.347016	-0.601018	0.757042	-0.256252	0.0	0.249881	-0.12655999999999998	-0.9599700000000001	0.0	-0.759169	-0.640992	-0.113106	0.0	2.21195	0.8863200000000001	1.1277	0.287618	
0	0.40736500000000003	0.358633	-0.8399030000000001	0.0	0.739247	0.410526	0.533837	0.0	0.536254	-0.838362	-0.09788430000000001	0.0	-2.91477	-0.666291	-0.484544	0.347016	-0.601018	0.757042	-0.256252	0.0	0.249881	-0.12655999999999998	-0.9599700000000001	0.0	-0.759169	-0.640992	-0.113106	0.0	2.21195	0.8863200000000001	1.1277	0.287618	
0	0.40736500000000003	0.358633	-0.8399030000000001	0.0	0.739247	0.410526	0.533837	0.0	0.536254	-0.838362	-0.09788430000000001	0.0	-2.91477	-0.6662899999999999	-0.484544	0.347016	-0.601018	0.757042	-0.256252	0.0	0.249881	-0.12655999999999998	-0.9599700000000001	0.0	-0.759169	-0.640992	-0.113106	0.0	2.21195	0.8863200000000001	1.1277	0.287617	
0	0.40736500000000003	0.358633	-0.8399030000000001	0.0	0.739247	0.410526	0.533837	0.0	0.536254	-0.838362	-0.09788430000000001	0.0	-2.91477	-0.6662899999999999	-0.484544	0.347016	-0.601018	0.757042	-0.256252	0.0	0.249881	-0.12655999999999998	-0.9599700000000001	0.0	-0.759169	-0.640992	-0.113106	0.0	2.21195	0.8863200000000001	1.1277	0.287618	
0	0.40736500000000003	0.358633	-0.8399030000000001	0.0	0.739247	0.410526	0.533837	0.0	0.536254	-0.838362	-0.09788430000000001	0.0	-2.91477	-0.666291	-0.484544	0.347016	-0.601018	0.757042	-0.256252	0.0	0.249881	-0.12655999999999998	-0.9599700000000001	0.0	-0.759169	-0.640992	-0.113106	0.0	2.21195	0.8863200000000001	1.1277	0.287617	
0	0.231791	0.5581470000000001	-0.796709	0.0	0.534698	0.6110869999999999	0.583669	0.0	0.812632	-0.561288	-0.156796	0.0	-2.9365099999999997	-0.716996	-0.536335	0.35494899999999996	-0.595949	0.741414	-0.30846399999999996	0.0	0.282056	-0.16639	-0.944859	0.0	-0.751857	-0.650092	-0.10995999999999999	0.0	2.18217	0.8825959999999999	1.18166	0.244598	
0	0.0732765	0.636224	-0.7680170000000001	0.0	0.373828	0.696419	0.612579	0.0	0.924599	-0.331994	-0.186808	0.0	-2.93318	-0.713166	-0.532094	0.357005	-0.5988140000000001	0.7444	-0.29545	0.0	0.27652600000000005	-0.15404400000000001	-0.94858	0.0	-0.751635	-0.6497229999999999	-0.113602	0.0	2.18497	0.8787379999999999	1.17982	0.25109899999999996	
0	0.0625677	0.600173	-0.79742	0.0	0.505771	0.669726	0.5437489999999999	0.0	0.8603959999999999	-0.43733299999999997	-0.26164699999999996	0.0	-3.0164400000000002	-0.562693	-0.747544	0.34733200000000003	-0.6032350000000001	0.739054	-0.299845	0.0	0.28067800000000004	-0.155186	-0.9471729999999999	0.0	-0.746544	-0.655528	-0.11382300000000001	0.0	2.2088099999999997	0.846511	1.18305	0.251228	
0	0.0828669	0.593023	-0.80091	0.0	0.557706	0.638442	0.5304300000000001	0.0	0.825892	-0.49062700000000004	-0.277827	0.0	-3.07294	-0.5724020000000001	-0.8750899999999999	0.347692	-0.6031270000000001	0.739064	-0.300036	0.0	0.27924699999999997	-0.156708	-0.9473459999999999	0.0	-0.747168	-0.655154	-0.11186700000000001	0.0	2.2151400000000003	0.8395389999999999	1.18529	0.251713	
0	0.135139	0.571414	-0.809459	0.0	0.608441	0.59692	0.522958	0.0	0.782008	-0.56318	-0.267004	0.0	-3.1168	-0.672539	-1.11002	0.34789499999999995	-0.603009	0.73866	-0.301265	0.0	0.279971	-0.15767	-0.9469719999999999	0.0	-0.746991	-0.655379	-0.11172699999999999	0.0	2.21637	0.838816	1.1849	0.251859	
0	0.238375	0.504726	-0.829716	0.0	0.6450140000000001	0.55642	0.523787	0.0	0.72604	-0.660036	-0.192919	0.0	-3.11662	-1.0393	-1.41655	0.347692	-0.604014	0.737696	-0.301617	0.0	0.279298	-0.158522	-0.9470290000000001	0.0	-0.746432	-0.656259	-0.11028800000000001	0.0	2.21769	0.8351069999999999	1.18164	0.252226	
0	0.319096	0.46699799999999997	-0.8246760000000001	0.0	0.669524	0.504786	0.544912	0.0	0.670758	-0.72602	-0.151591	0.0	-3.10717	-1.33181	-1.61055	0.348325	-0.603935	0.7372529999999999	-0.302854	0.0	0.279543	-0.159909	-0.946723	0.0	-0.7464029999999999	-0.65642	-0.10952	0.0	2.22016	0.832067	1.1788100000000001	0.252228	
0	0.47180500000000003	0.344733	-0.811517	0.0	0.721242	0.37851799999999997	0.580116	0.0	0.507159	-0.859001	-0.0700489	0.0	-3.20145	-1.90861	-1.87904	0.348076	-0.60256	0.7378239999999999	-0.304199	0.0	0.27778600000000003	-0.163432	-0.9466389999999999	0.0	-0.748169	-0.654909	-0.10647899999999999	0.0	2.21707	0.822055	1.17925	0.25285599999999997	
0	0.510117	0.272555	-0.815778	0.0	0.7347130000000001	0.355045	0.578048	0.0	0.44718800000000003	-0.894236	-0.019135299999999997	0.0	-3.2651	-2.15979	-1.98764	0.353076	-0.603593	0.7361	-0.306321	0.0	0.278897	-0.164994	-0.946041	0.0	-0.746922	-0.656455	-0.105707	0.0	2.2145599999999996	0.8185479999999999	1.18275	0.253363	
0	0.5231060000000001	0.123912	-0.8432120000000001	0.0	0.796428	0.281158	0.535399	0.0	0.30341799999999997	-0.951628	0.04838819999999999	0.0	-3.3570699999999998	-2.6478599999999997	-2.23853	0.352991	-0.60472	0.7347100000000001	-0.307433	0.0	0.27815500000000004	-0.166875	-0.9459299999999999	0.0	-0.746287	-0.657537	-0.10345	0.0	2.21105	0.806932	1.19825	0.25398899999999996	
0	0.528604	0.101252	-0.842808	0.0	0.804238	0.257961	0.535404	0.0	0.271622	-0.960835	0.0549283	0.0	-3.37255	-2.73766	-2.27197	0.35281	-0.605862	0.733067	-0.309103	0.0	0.279276	-0.16783199999999998	-0.9454299999999999	0.0	-0.744941	-0.659125	-0.103045	0.0	2.21214	0.795643	1.20134	0.253824	
0	0.56066	0.0504552	-0.826508	0.0	0.808033	0.184782	0.559408	0.0	0.180949	-0.981484	0.0628304	0.0	-3.43495	-2.93698	-2.55539	0.350016	-0.6080949999999999	0.731163	-0.309228	0.0	0.280578	-0.166437	-0.945291	0.0	-0.742628	-0.661589	-0.103939	0.0	2.21833	0.777019	1.19307	0.253785	
0	0.605879	0.0212489	-0.795273	0.0	0.779913	0.181397	0.599025	0.0	0.15698900000000002	-0.9831799999999999	0.0933324	0.0	-3.4803300000000004	-3.0337	-2.66684	0.35083000000000003	-0.608825	0.729991	-0.310556	0.0	0.28406	-0.164911	-0.9445180000000001	0.0	-0.740703	-0.663263	-0.106959	0.0	2.22345	0.782302	1.16888	0.253335	
0	0.635351	0.00462312	-0.7722100000000001	0.0	0.7572840000000001	0.192018	0.62422	0.0	0.15116400000000002	-0.981381	0.118498	0.0	-3.4893	-3.1165	-2.6947900000000002	0.350952	-0.608486	0.730491	-0.31004699999999996	0.0	0.28278000000000003	-0.165459	-0.9448059999999999	0.0	-0.741472	-0.662576	-0.10588800000000001	0.0	2.22728	0.779925	1.1587399999999999	0.25311100000000003	
0	0.665466	0.01916	-0.746182	0.0	0.727885	0.204785	0.654406	0.0	0.165346	-0.97862	0.122331	0.0	-3.4150099999999997	-3.20874	-2.68637	0.351889	-0.607035	0.7300939999999999	-0.313803	0.0	0.283354	-0.170069	-0.943815	0.0	-0.742442	-0.661846	-0.10363699999999999	0.0	2.22929	0.7636930000000001	1.15672	0.253313	
0	0.694076	0.040545599999999994	-0.718759	0.0	0.693832	0.22857399999999997	0.6828989999999999	0.0	0.19197899999999998	-0.9726819999999999	0.13051600000000002	0.0	-3.3128599999999997	-3.31795	-2.7056299999999998	0.349649	-0.607503	0.72893	-0.31559699999999996	0.0	0.282733	-0.17285999999999999	-0.943494	0.0	-0.7422949999999999	-0.662405	-0.101079	0.0	2.22934	0.746979	1.17529	0.25353200000000004	
0	0.691336	0.0416915	-0.721329	0.0	0.693643	0.241186	0.678741	0.0	0.202272	-0.969583	0.137822	0.0	-3.31996	-3.32456	-2.70899	0.347204	-0.608135	0.7282270000000001	-0.31600300000000003	0.0	0.283149	-0.172902	-0.943362	0.0	-0.7416189999999999	-0.6631670000000001	-0.101049	0.0	2.22744	0.744479	1.18151	0.25378	
0	0.692621	0.046077999999999994	-0.719828	0.0	0.6871689999999999	0.261204	0.677917	0.0	0.219259	-0.964183	0.149252	0.0	-3.3304	-3.3365	-2.7173	0.34531999999999996	-0.607869	0.727887	-0.317296	0.0	0.28474099999999997	-0.173201	-0.9428280000000001	0.0	-0.741228	-0.663463	-0.101976	0.0	2.22782	0.747763	1.18187	0.25359299999999996	
