0	0.19521	0.878599	-0.43583999999999995	0.0	0.340388	0.356074	0.870257	0.0	0.919798	-0.318238	-0.229555	0.0	-2.7641299999999998	1.99143	1.37165	-1.78814e-05	-0.593132	0.516197	-0.617847	0.0	0.751024	0.07822989999999999	-0.655624	0.0	-0.290097	-0.8528889999999999	-0.43407700000000005	0.0	2.66032	2.0	1.53809	0.0	
0	-0.0529049	0.9154620000000001	-0.398912	0.0	0.07926699999999999	0.402061	0.912175	0.0	0.995449	0.0166379	-0.09383689999999999	0.0	-2.78598	1.9577099999999998	1.41775	0.0	-0.593133	0.516197	-0.617846	0.0	0.7510560000000001	0.0783219	-0.6555770000000001	0.0	-0.290016	-0.852881	-0.434148	0.0	2.66032	2.0	1.53809	0.0	
0	-0.0503336	0.9102790000000001	-0.41092399999999996	0.0	0.077685	0.413768	0.907062	0.0	0.995706	0.013733100000000002	-0.0915414	0.0	-2.79717	1.95042	1.43464	0.0	0.06277869999999999	-0.46721999999999997	-0.881909	0.0	0.9685229999999999	-0.184753	0.166823	0.0	-0.240879	-0.8646219999999999	0.44091499999999995	0.0	2.52533	2.0281700000000003	1.65513	0.00108624	
0	-0.0455724	0.9049010000000001	-0.423176	0.0	0.06739529999999999	0.425436	0.9024760000000001	0.0	0.996685	0.0126079	-0.0803741	0.0	-2.7896	1.94685	1.45795	0.0	0.113726	-0.529403	-0.8407129999999999	0.0	0.960706	-0.157059	0.228859	0.0	-0.253201	-0.8337049999999999	0.49073900000000004	0.0	2.63456	1.9877900000000002	1.54494	0.0	
0	-0.0342658	0.890057	-0.45456	0.0	0.06403819999999999	0.455847	0.8877510000000001	0.0	0.997359	0.00131017	-0.07261770000000001	0.0	-2.78797	1.94167	1.47048	0.0	0.113192	-0.529651	-0.8406290000000001	0.0	0.9617379999999999	-0.154047	0.226559	0.0	-0.249493	-0.83411	0.49194799999999994	0.0	2.63238	1.99046	1.56418	0.0	
0	0.009571399999999999	0.8888299999999999	-0.458137	0.0	0.0585372	0.456875	0.887603	0.0	0.998239	-0.035313699999999996	-0.047656699999999996	0.0	-2.78505	1.8705599999999998	1.49974	0.0	0.105994	-0.521146	-0.8468600000000001	0.0	0.961081	-0.16481800000000002	0.221716	0.0	-0.255125	-0.8374020000000001	0.48339399999999993	0.0	2.64391	1.97242	1.58188	0.0	
0	0.029739099999999997	0.8865790000000001	-0.461621	0.0	0.0396323	0.460416	0.886818	0.0	0.9987719999999999	-0.04466830000000001	-0.0214447	0.0	-2.80919	1.5853700000000002	1.52375	0.239823	0.09762080000000001	-0.532976	-0.8404799999999999	0.0	0.969993	-0.13800199999999999	0.200175	0.0	-0.222676	-0.834801	0.50351	0.0	2.65843	1.77119	1.6924599999999999	0.24100300000000002	
0	0.07940189999999998	0.798702	-0.5964649999999999	0.0	-0.033889999999999997	0.600171	0.799153	0.0	0.996266	-0.04324	0.0747228	0.0	-2.72703	1.1361700000000001	1.68858	0.348445	0.19195	-0.5758260000000001	-0.79472	0.0	0.963786	-0.042149	0.263325	0.0	-0.185126	-0.816485	0.546882	0.0	2.60058	1.35059	1.8782599999999998	0.327104	
0	0.124324	0.730603	-0.671388	0.0	-0.0333555	0.679333	0.7330720000000001	0.0	0.9916809999999999	-0.0687438	0.108827	0.0	-2.72135	0.730588	1.84398	0.3373	0.268685	-0.574766	-0.77295	0.0	0.946349	0.00795084	0.323048	0.0	-0.179531	-0.818279	0.5460659999999999	0.0	2.5598799999999997	1.1062299999999998	2.0345	0.313724	
0	0.132247	0.671726	-0.7289	0.0	-0.006058600000000001	0.735892	0.677071	0.0	0.9911979999999999	-0.0851243	0.10138899999999999	0.0	-2.7652799999999997	0.5370229999999999	1.9276200000000001	0.336092	0.33209099999999997	-0.575781	-0.747123	0.0	0.9251860000000001	0.044573	0.376888	0.0	-0.183703	-0.816388	0.547506	0.0	2.58365	1.05532	2.0973	0.317209	
0	0.123057	0.6515270000000001	-0.748579	0.0	-0.000178099	0.754326	0.6565	0.0	0.9924	-0.0806537	0.0929413	0.0	-2.78094	0.46469099999999997	1.9637099999999998	0.339389	0.39142899999999997	-0.574922	-0.718504	0.0	0.9038860000000001	0.0938097	0.41736	0.0	-0.172547	-0.812812	0.556384	0.0	2.4969	1.06598	2.21162	0.346609	
0	0.0992585	0.620825	-0.77764	0.0	0.00430498	0.781224	0.624235	0.0	0.995052	-0.0653084	0.0748705	0.0	-2.80285	0.564081	1.94125	0.336204	0.496374	-0.582543	-0.643628	0.0	0.854492	0.19706300000000002	0.480634	0.0	-0.15315499999999999	-0.7885489999999999	0.595595	0.0	2.44523	1.32681	2.28125	0.292846	
0	0.08003919999999999	0.597694	-0.797719	0.0	-0.008029099999999999	0.800647	0.599082	0.0	0.9967590000000001	-0.041545099999999995	0.0688821	0.0	-2.7981	0.672313	1.94317	0.33776799999999996	0.543507	-0.593475	-0.593623	0.0	0.8321709999999999	0.28831799999999996	0.47367	0.0	-0.10995899999999999	-0.7514390000000001	0.650576	0.0	2.37845	1.59601	2.41981	0.294317	
0	0.08104489999999999	0.60218	-0.7942359999999999	0.0	-0.0166238	0.797563	0.603006	0.0	0.9965719999999999	-0.0356673	0.07464900000000001	0.0	-2.78865	0.71048	1.9632599999999998	0.338227	0.53186	-0.589928	-0.607544	0.0	0.842744	0.298313	0.448097	0.0	-0.0831068	-0.750329	0.6558189999999999	0.0	2.32346	1.71679	2.60296	0.32857	
0	0.0907544	0.627137	-0.773604	0.0	-0.0053176000000000005	0.777103	0.629351	0.0	0.995859	-0.05300269999999999	0.07386039999999999	0.0	-2.78819	0.715356	1.9836	0.336675	0.463732	-0.5844600000000001	-0.665853	0.0	0.878768	0.20775900000000003	0.429654	0.0	-0.112778	-0.784375	0.609949	0.0	2.31617	1.6420599999999999	2.63718	0.358498	
0	0.0945068	0.642253	-0.760644	0.0	-0.000324547	0.764084	0.645117	0.0	0.995524	-0.060721199999999996	0.0724196	0.0	-2.8010900000000003	0.662511	1.97143	0.331314	0.396044	-0.5657760000000001	-0.723219	0.0	0.894589	0.0601658	0.442821	0.0	-0.20702399999999999	-0.822361	0.5299659999999999	0.0	2.4788799999999998	1.3237299999999999	2.42597	0.36397199999999996	
0	0.10089	0.640844	-0.761012	0.0	-0.00946248	0.7654989999999999	0.643368	0.0	0.9948530000000001	-0.05770840000000001	0.0832951	0.0	-2.80058	0.5934560000000001	1.9652	0.325545	0.384343	-0.556954	-0.736263	0.0	0.895282	0.030247700000000002	0.44447299999999995	0.0	-0.22528	-0.829993	0.510256	0.0	2.5648299999999997	1.10179	2.24703	0.360591	
0	0.10253499999999999	0.648319	-0.754433	0.0	0.00303182	0.758223	0.651988	0.0	0.994725	-0.06913910000000001	0.075779	0.0	-2.80792	0.553266	1.9703400000000002	0.320207	0.363879	-0.567462	-0.738633	0.0	0.903235	0.0212815	0.42861800000000005	0.0	-0.227505	-0.823125	0.520295	0.0	2.6019099999999997	0.981994	2.19176	0.364726	
0	0.10676500000000001	0.651796	-0.750841	0.0	0.00512356	0.754787	0.65595	0.0	0.9942709999999999	-0.0738798	0.0772457	0.0	-2.8127299999999997	0.53051	1.98005	0.319226	0.403235	-0.567184	-0.718125	0.0	0.8912610000000001	0.0654757	0.44873900000000005	0.0	-0.207498	-0.820984	0.531911	0.0	2.54267	0.9307790000000001	2.22836	0.36396999999999996	
0	0.12436300000000002	0.661741	-0.7393460000000001	0.0	0.015818000000000002	0.743713	0.668311	0.0	0.9921110000000001	-0.0948084	0.08202310000000002	0.0	-2.81981	0.48826099999999995	2.00771	0.321893	0.40470100000000003	-0.582387	-0.705013	0.0	0.888595	0.0684227	0.45356199999999997	0.0	-0.21590900000000002	-0.810027	0.545196	0.0	2.55424	0.92107	2.22834	0.363983	
0	0.172307	0.674079	-0.7182810000000001	0.0	0.028659699999999996	0.725448	0.6876800000000001	0.0	0.984626	-0.139078	0.105681	0.0	-2.80467	0.363719	2.06893	0.323811	0.40189	-0.62713	-0.6672279999999999	0.0	0.8835729999999999	0.0743034	0.462362	0.0	-0.24038400000000001	-0.775363	0.583976	0.0	2.56871	0.90541	2.21513	0.363989	
0	0.165399	0.670279	-0.7234430000000001	0.0	0.012592399999999998	0.732051	0.681134	0.0	0.986146	-0.121769	0.11264	0.0	-2.7719400000000003	0.260992	2.1007700000000002	0.330909	0.392404	-0.653986	-0.646778	0.0	0.887308	0.0839233	0.45347600000000005	0.0	-0.242287	-0.751837	0.613219	0.0	2.57024	0.8940049999999999	2.20491	0.36398800000000003	
0	0.153532	0.684466	-0.712695	0.0	0.00696942	0.720478	0.693443	0.0	0.9881190000000001	-0.11143299999999999	0.10584600000000001	0.0	-2.74396	0.225383	2.14433	0.345437	0.374404	-0.689772	-0.619707	0.0	0.890711	0.0817323	0.447162	0.0	-0.257789	-0.719399	0.644988	0.0	2.5805	0.853748	2.1842099999999998	0.36398600000000003	
0	0.13589400000000001	0.688587	-0.712306	0.0	0.0107587	0.717908	0.696055	0.0	0.990665	-0.102253	0.0901513	0.0	-2.74265	0.221991	2.1488400000000003	0.346674	0.373396	-0.689818	-0.620263	0.0	0.8912	0.08110260000000001	0.44630200000000003	0.0	-0.257562	-0.719426	0.645049	0.0	2.57966	0.8566030000000001	2.1855900000000004	0.36398	
0	0.11524200000000001	0.7027909999999999	-0.7020000000000001	0.0	0.0153137	0.705367	0.708677	0.0	0.9932200000000001	-0.0924195	0.07052539999999999	0.0	-2.75252	0.229602	2.13956	0.348555	0.373395	-0.689811	-0.620271	0.0	0.891202	0.0811008	0.446298	0.0	-0.25755700000000004	-0.719433	0.645043	0.0	2.57965	0.8566159999999999	2.1856	0.36398	
0	0.11491099999999999	0.703032	-0.701813	0.0	0.015474600000000002	0.705141	0.708899	0.0	0.9932549999999999	-0.0923206	0.07014930000000001	0.0	-2.75238	0.229348	2.14026	0.348552	0.373395	-0.689811	-0.620271	0.0	0.891202	0.08110060000000001	0.446299	0.0	-0.25755700000000004	-0.719433	0.645043	0.0	2.57965	0.8566159999999999	2.1856	0.363979	
0	0.114916	0.703028	-0.701816	0.0	0.015474100000000001	0.705144	0.708896	0.0	0.9932549999999999	-0.0923235	0.07015360000000001	0.0	-2.75238	0.229346	2.14026	0.348553	0.373395	-0.689811	-0.620272	0.0	0.891202	0.08110039999999999	0.446299	0.0	-0.25755700000000004	-0.719433	0.645043	0.0	2.57965	0.8566159999999999	2.1856	0.36398	
0	0.114916	0.703028	-0.701816	0.0	0.0154743	0.705144	0.708896	0.0	0.9932549999999999	-0.09232380000000001	0.0701533	0.0	-2.75238	0.229346	2.14026	0.348552	0.373395	-0.689811	-0.620272	0.0	0.891202	0.0811003	0.446299	0.0	-0.257558	-0.719433	0.645043	0.0	2.57965	0.8566159999999999	2.1856	0.36398	
0	0.114916	0.703028	-0.701816	0.0	0.0154744	0.705144	0.708896	0.0	0.9932549999999999	-0.09232380000000001	0.0701533	0.0	-2.75238	0.22934699999999997	2.14026	0.348553	0.373395	-0.689811	-0.620271	0.0	0.891201	0.0811005	0.446299	0.0	-0.25755700000000004	-0.719433	0.645043	0.0	2.57965	0.8566159999999999	2.1856	0.36398	
0	0.114916	0.703028	-0.701816	0.0	0.0154744	0.705144	0.708896	0.0	0.9932549999999999	-0.09232380000000001	0.0701533	0.0	-2.75238	0.22934699999999997	2.14026	0.348553	0.373395	-0.689811	-0.620271	0.0	0.891202	0.08110039999999999	0.446299	0.0	-0.25755700000000004	-0.719433	0.645043	0.0	2.57965	0.8566159999999999	2.1856	0.36398	
0	0.114916	0.703028	-0.701816	0.0	0.0154744	0.705144	0.708896	0.0	0.9932549999999999	-0.0923237	0.0701534	0.0	-2.75238	0.22934699999999997	2.14026	0.348553	0.373395	-0.689811	-0.620271	0.0	0.891202	0.08110039999999999	0.446299	0.0	-0.25755700000000004	-0.719433	0.645043	0.0	2.57965	0.8566159999999999	2.1856	0.36398	
0	0.114916	0.703028	-0.701816	0.0	0.0154745	0.705144	0.708896	0.0	0.9932549999999999	-0.09232380000000001	0.0701533	0.0	-2.75238	0.22934699999999997	2.14026	0.348553	0.373395	-0.689811	-0.620272	0.0	0.891202	0.0811003	0.446299	0.0	-0.257558	-0.719433	0.645043	0.0	2.57965	0.8566159999999999	2.1856	0.36398	
0	0.114916	0.703028	-0.701816	0.0	0.0154744	0.705144	0.708896	0.0	0.9932549999999999	-0.0923237	0.0701534	0.0	-2.75238	0.22934699999999997	2.14026	0.348553	0.373395	-0.689811	-0.620271	0.0	0.891202	0.08110039999999999	0.446299	0.0	-0.25755700000000004	-0.719433	0.645043	0.0	2.57965	0.8566159999999999	2.1856	0.36398	
0	0.114916	0.703028	-0.701816	0.0	0.0154744	0.705144	0.708896	0.0	0.9932549999999999	-0.0923237	0.0701534	0.0	-2.75238	0.229346	2.14026	0.348553	0.373395	-0.689811	-0.620271	0.0	0.891201	0.0811005	0.446299	0.0	-0.25755700000000004	-0.719433	0.645043	0.0	2.57965	0.8566159999999999	2.1856	0.36398	
0	0.114916	0.703029	-0.701816	0.0	0.0154743	0.7051430000000001	0.708896	0.0	0.9932549999999999	-0.0923236	0.0701533	0.0	-2.75238	0.229346	2.14026	0.348553	0.373395	-0.689811	-0.620272	0.0	0.891202	0.0811003	0.446299	0.0	-0.257558	-0.719433	0.645043	0.0	2.57965	0.8566159999999999	2.1856	0.36398	
0	0.114916	0.703028	-0.701816	0.0	0.0154744	0.705144	0.708896	0.0	0.9932549999999999	-0.0923237	0.0701534	0.0	-2.75238	0.229346	2.14026	0.348553	0.373395	-0.689811	-0.620272	0.0	0.891202	0.08110039999999999	0.446299	0.0	-0.25755700000000004	-0.719433	0.645043	0.0	2.57965	0.8566159999999999	2.1856	0.36398	
0	0.114916	0.703028	-0.701816	0.0	0.0154744	0.705144	0.708896	0.0	0.9932549999999999	-0.0923237	0.0701533	0.0	-2.75238	0.229346	2.14026	0.348553	0.373395	-0.689811	-0.620271	0.0	0.891201	0.0811005	0.446299	0.0	-0.25755700000000004	-0.719433	0.645043	0.0	2.57965	0.8566159999999999	2.1856	0.36398	
0	0.114916	0.703028	-0.701816	0.0	0.0154744	0.705144	0.708896	0.0	0.9932549999999999	-0.0923237	0.0701533	0.0	-2.75238	0.22934699999999997	2.14026	0.348553	0.373395	-0.689811	-0.620271	0.0	0.891202	0.08110039999999999	0.446299	0.0	-0.257558	-0.719433	0.645043	0.0	2.57965	0.8566159999999999	2.1856	0.36398	
0	0.15623299999999998	0.705109	-0.691674	0.0	0.058110300000000004	0.692499	0.719075	0.0	0.986009	-0.15253699999999998	0.0672174	0.0	-2.71225	0.281729	2.11238	0.22079000000000001	-0.0856428	0.699191	-0.709787	0.0	0.0569453	-0.707805	-0.704109	0.0	-0.9946969999999999	-0.100721	0.020802599999999997	0.0	3.06014	1.33837	1.74758	0.322755	
0	0.11431300000000001	0.714696	-0.6900310000000001	0.0	0.0502571	0.689534	0.722508	0.0	0.992173	-0.117271	0.042904000000000005	0.0	-2.74695	0.548191	2.0127599999999997	0.20736100000000002	-0.0947822	0.753169	-0.650964	0.0	0.0331098	-0.651161	-0.758217	0.0	-0.9949469999999999	-0.09341870000000001	0.0367811	0.0	3.04142	1.46747	1.75995	0.305555	
0	0.057205099999999995	0.81542	-0.576037	0.0	0.0390852	0.57471	0.817423	0.0	0.997597	-0.0692753	0.00100559	0.0	-2.77435	0.917107	1.86962	0.198525	-0.0923049	0.782853	-0.615322	0.0	0.0245614	-0.6159819999999999	-0.787377	0.0	-0.9954280000000001	-0.08779189999999999	0.0376301	0.0	3.03215	1.65418	1.6840099999999998	0.29736399999999996	
0	0.0389218	0.846151	-0.531521	0.0	0.0370913	0.530334	0.8469770000000001	0.0	0.998554	-0.0526808	-0.010743299999999999	0.0	-2.79365	1.06379	1.80905	0.220955	-0.0948393	0.804096	-0.586886	0.0	0.0228993	-0.587625	-0.80881	0.0	-0.9952290000000001	-0.0901462	0.0373165	0.0	3.0339400000000003	1.7595	1.6608	0.29770599999999997	
0	0.0283656	0.898941	-0.43715200000000004	0.0	0.0425325	0.435846	0.899016	0.0	0.998693	-0.0440944	-0.025871299999999996	0.0	-2.8058099999999997	1.41687	1.6832099999999999	0.239048	-0.09479639999999999	0.83916	-0.53556	0.0	0.029624099999999997	-0.535366	-0.8441	0.0	-0.9950559999999999	-0.0958831	0.0258914	0.0	3.04533	2.02544	1.53672	0.282029	
0	0.0456666	0.906632	-0.419444	0.0	0.0392695	0.41792799999999997	0.907631	0.0	0.998185	-0.0579198	-0.0165176	0.0	-2.7845	1.5367899999999999	1.63791	0.112773	-0.10578699999999999	0.8434379999999999	-0.526708	0.0	0.042494699999999996	-0.525362	-0.849817	0.0	-0.9934799999999999	-0.11228199999999999	0.019734599999999998	0.0	3.04902	2.17138	1.4177799999999998	0.15120999999999998	
0	0.0357101	0.898984	-0.43652299999999994	0.0	0.049068900000000006	0.434698	0.8992389999999999	0.0	0.998157	-0.0535317	-0.028589099999999996	0.0	-2.81366	1.6139	1.59798	0.0	-0.10903499999999999	0.840563	-0.530628	0.0	0.0530826	-0.528125	-0.847506	0.0	-0.9926200000000001	-0.120575	0.012965	0.0	3.06423	2.25277	1.3183799999999999	-0.0105726	
0	-0.00458209	0.881238	-0.47265	0.0	0.07155310000000001	0.471732	0.878834	0.0	0.997426	-0.029792700000000002	-0.0652169	0.0	-2.89629	1.7083599999999999	1.5103	0.0	-0.10415	0.8459469999999999	-0.522998	0.0	0.059579999999999994	-0.519606	-0.852326	0.0	-0.992775	-0.11993	0.00371522	0.0	3.1078900000000003	2.2803400000000003	1.2219200000000001	0.0	
0	-0.026879200000000002	0.8691540000000001	-0.49381	0.0	0.0807334	0.494262	0.865556	0.0	0.996373	-0.016601499999999998	-0.0834551	0.0	-2.93997	1.7330299999999998	1.4511100000000001	0.0	-0.07441239999999999	0.840468	-0.536728	0.0	0.0560389	-0.533845	-0.843723	0.0	-0.9956520000000001	-0.09286110000000002	-0.00737423	0.0	3.1036099999999998	2.2976	1.1531799999999999	0.0	
0	-0.0350873	0.868976	-0.493609	0.0	0.0837275	0.494733	0.8650030000000001	0.0	0.995871	-0.010978100000000001	-0.090116	0.0	-2.96005	1.73899	1.43899	0.0	-0.0615477	0.8409129999999999	-0.537659	0.0	0.06350209999999999	-0.5342899999999999	-0.8429129999999999	0.0	-0.996082	-0.08602169999999999	-0.0205156	0.0	3.09409	2.3254200000000003	1.09379	0.0	
0	-0.042725099999999995	0.8668110000000001	-0.496804	0.0	0.08074939999999999	0.49862700000000004	0.8630469999999999	0.0	0.995818	-0.00324297	-0.09129839999999999	0.0	-2.95813	1.74279	1.42933	0.0	-0.09787330000000001	0.897016	-0.431026	0.0	0.0962474	-0.422544	-0.9012180000000001	0.0	-0.990534	-0.12969	-0.04498	0.0	3.10688	2.3461	1.06282	0.0907703	
0	-0.0359536	0.8694629999999999	-0.492688	0.0	0.0868017	0.49386	0.8651979999999999	0.0	0.995577	-0.0116591	-0.09322689999999999	0.0	-2.9475700000000002	1.74899	1.42888	0.07856519999999999	-0.328129	0.9322239999999999	-0.152613	0.0	0.233514	-0.07649639999999999	-0.96934	0.0	-0.915316	-0.353705	-0.19258699999999998	0.0	3.05628	2.2549099999999997	0.970083	0.333907	
0	-0.0209461	0.871668	-0.48965	0.0	0.119129	0.48844399999999993	0.864425	0.0	0.992658	-0.040225300000000005	-0.114072	0.0	-2.93167	1.75702	1.43641	0.08654930000000001	-0.517175	0.8555879999999999	0.0223362	0.0	0.269911	0.187807	-0.944392	0.0	-0.8122060000000001	-0.482387	-0.32806199999999996	0.0	3.09777	2.2187799999999998	0.73685	0.348866	
0	-0.0245938	0.8609190000000001	-0.508147	0.0	0.148339	0.5058159999999999	0.849791	0.0	0.9886309999999999	-0.0544783	-0.140148	0.0	-2.9421	1.7654299999999998	1.41359	0.0792371	-0.603534	0.795351	0.0562476	0.0	0.308867	0.298247	-0.903134	0.0	-0.735084	-0.527699	-0.425659	0.0	3.1267	2.2589	0.496726	0.34307	
0	-0.00232354	0.8573290000000001	-0.514764	0.0	0.192055	0.5055649999999999	0.841141	0.0	0.981382	-0.09690850000000001	-0.165829	0.0	-2.96577	1.7643400000000002	1.3535700000000002	0.07915169999999999	-0.637878	0.770137	0.000822395	0.0	0.382775	0.317965	-0.867399	0.0	-0.6682779999999999	-0.55298	-0.497612	0.0	3.1749400000000003	2.29972	0.218987	0.344875	
0	0.00743259	0.852218	-0.523135	0.0	0.216133	0.509414	0.832937	0.0	0.9763360000000001	-0.11925799999999999	-0.18040599999999998	0.0	-2.97453	1.7630400000000002	1.3342	0.0785772	-0.5162770000000001	0.795834	-0.316398	0.0	0.5287350000000001	0.00556046	-0.848769	0.0	-0.673719	-0.60549	-0.42365600000000003	0.0	3.27402	2.13116	0.0514216	0.35152100000000003	
0	0.0396793	0.844241	-0.5344939999999999	0.0	0.25418	0.50879	0.8225110000000001	0.0	0.9663430000000001	-0.168494	-0.194401	0.0	-2.97518	1.73575	1.31281	0.08091430000000001	-0.342065	0.770271	-0.5382140000000001	0.0	0.47770200000000007	-0.350686	-0.8054939999999999	0.0	-0.809192	-0.5326380000000001	-0.24800300000000003	0.0	3.2734900000000002	1.93943	0.0446078	0.351796	
0	0.0459469	0.84396	-0.534434	0.0	0.26261999999999996	0.5059739999999999	0.8215959999999999	0.0	0.9638049999999999	-0.17810299999999998	-0.198393	0.0	-2.9752400000000003	1.6825400000000001	1.29684	0.0941163	-0.239142	0.7112539999999999	-0.6610060000000001	0.0	0.406023	-0.545134	-0.733467	0.0	-0.8820180000000001	-0.44378599999999996	-0.158421	0.0	3.1190700000000002	1.87851	0.142158	0.351193	
0	0.020340999999999998	0.8325040000000001	-0.553646	0.0	0.21343299999999998	0.53738	0.815886	0.0	0.9767459999999999	-0.134762	-0.16675299999999998	0.0	-2.92315	1.57924	1.33619	0.20462	-0.190762	0.631601	-0.751459	0.0	0.25862199999999996	-0.706134	-0.659158	0.0	-0.9469559999999999	-0.32008600000000004	-0.0286421	0.0	2.97483	1.8121200000000002	0.421757	0.330391	
0	0.014121200000000002	0.805463	-0.592477	0.0	0.169018	0.582087	0.795366	0.0	0.985512	-0.111371	-0.127918	0.0	-2.85985	1.49615	1.41931	0.24334499999999998	-0.15657000000000001	0.627929	-0.762359	0.0	0.134838	-0.751062	-0.646316	0.0	-0.9784200000000001	-0.203989	0.0329254	0.0	2.89163	1.85617	0.6433399999999999	0.326263	
0	0.030466800000000002	0.8045220000000001	-0.593141	0.0	0.16708399999999998	0.580967	0.796593	0.0	0.9854719999999999	-0.123374	-0.11672300000000001	0.0	-2.85791	1.38859	1.49895	0.24412199999999998	-0.151923	0.640949	-0.752398	0.0	0.116369	-0.744341	-0.657583	0.0	-0.981518	-0.18745699999999998	0.0384961	0.0	2.87725	1.8924299999999998	0.9009870000000001	0.34039899999999995	
0	0.047813	0.8026340000000001	-0.594553	0.0	0.18873399999999999	0.5772520000000001	0.794456	0.0	0.980864	-0.150198	-0.123884	0.0	-2.90735	1.32542	1.51739	0.236394	-0.1522	0.648924	-0.745475	0.0	0.158289	-0.728522	-0.666484	0.0	-0.975592	-0.219439	0.0081628	0.0	2.9630799999999997	1.8587900000000002	0.9465370000000001	0.319975	
0	0.0790038	0.7852399999999999	-0.6141300000000001	0.0	0.224716	0.586172	0.778399	0.0	0.971216	-0.199501	-0.130146	0.0	-2.94753	1.29893	1.52449	0.23575300000000002	-0.164576	0.652297	-0.739881	0.0	0.20203	-0.711914	-0.672579	0.0	-0.9654530000000001	-0.260168	-0.0146196	0.0	3.04993	1.8306	0.936316	0.331583	
0	0.0908823	0.77599	-0.624163	0.0	0.249547	0.589014	0.768628	0.0	0.964088	-0.22561199999999998	-0.14011500000000002	0.0	-2.99163	1.24796	1.49289	0.23689899999999997	-0.19029000000000001	0.658463	-0.72816	0.0	0.252552	-0.683916	-0.684453	0.0	-0.9486870000000001	-0.314143	-0.0361534	0.0	3.07662	1.81408	0.9205629999999999	0.322356	
0	0.107704	0.754898	-0.646938	0.0	0.290197	0.598513	0.7467050000000001	0.0	0.950887	-0.268163	-0.154607	0.0	-3.0173200000000002	1.2233399999999999	1.47356	0.23668699999999998	-0.21541	0.6594140000000001	-0.720258	0.0	0.256855	-0.673342	-0.693279	0.0	-0.9421379999999999	-0.334341	-0.0243295	0.0	3.07857	1.8041099999999999	0.920365	0.32212199999999996	
0	0.0989567	0.743822	-0.661012	0.0	0.293037	0.613034	0.7337020000000001	0.0	0.950966	-0.266306	-0.157303	0.0	-3.0057400000000003	1.20455	1.44133	0.239207	-0.228827	0.664851	-0.711063	0.0	0.251107	-0.665411	-0.702975	0.0	-0.940523	-0.339413	-0.0146851	0.0	3.04288	1.80045	0.9259950000000001	0.321267	
0	0.0943857	0.732545	-0.674143	0.0	0.278062	0.630818	0.7243970000000001	0.0	0.955915	-0.255826	-0.144153	0.0	-2.95416	1.19274	1.4421700000000002	0.24076199999999998	-0.233368	0.66774	-0.706868	0.0	0.24126399999999998	-0.6644479999999999	-0.7073189999999999	0.0	-0.941983	-0.335607	-0.00604069	0.0	3.01733	1.79647	0.9425020000000001	0.32078	
0	0.0854154	0.725384	-0.683024	0.0	0.268462	0.64342	0.716896	0.0	0.9594959999999999	-0.2446	-0.13978	0.0	-2.9081200000000003	1.1929	1.44912	0.24477	-0.243876	0.690172	-0.681312	0.0	0.23258099999999998	-0.6404	-0.73198	0.0	-0.9415040000000001	-0.336973	-0.00434309	0.0	2.99811	1.79371	0.9667540000000001	0.319735	
0	0.07865010000000001	0.720379	-0.689107	0.0	0.261281	0.652188	0.7116060000000001	0.0	0.962053	-0.23601799999999998	-0.136926	0.0	-2.88268	1.2275200000000002	1.45615	0.275498	-0.25414899999999996	0.71285	-0.653646	0.0	0.20629899999999998	-0.620328	-0.756726	0.0	-0.9449069999999999	-0.327167	0.010594899999999999	0.0	2.98183	1.74353	0.9934790000000001	0.32105900000000004	
0	0.0915643	0.733772	-0.673198	0.0	0.273818	0.631425	0.725484	0.0	0.957413	-0.250762	-0.143104	0.0	-2.88397	1.2501	1.41221	0.28065100000000004	-0.25792800000000005	0.7225060000000001	-0.64145	0.0	0.200216	-0.609533	-0.767062	0.0	-0.945192	-0.326275	0.0125584	0.0	2.94754	1.7112	1.0152	0.32172	
0	0.16558399999999998	0.7538239999999999	-0.635871	0.0	0.327878	0.566014	0.756389	0.0	0.9300959999999999	-0.33373400000000003	-0.15344000000000002	0.0	-2.8934900000000003	1.22506	1.3039	0.278089	-0.260573	0.7312810000000001	-0.630342	0.0	0.18737	-0.602179	-0.7760630000000001	0.0	-0.947098	-0.320328	0.019891	0.0	2.92335	1.6840000000000002	1.02027	0.32183	
0	0.24560700000000002	0.709069	-0.660983	0.0	0.409778	0.542004	0.733698	0.0	0.878498	-0.451058	-0.157441	0.0	-2.91783	1.14911	1.20836	0.279794	-0.259536	0.7358939999999999	-0.6253810000000001	0.0	0.182373	-0.598572	-0.780033	0.0	-0.948357	-0.316499	0.021143400000000003	0.0	2.89795	1.6635900000000001	1.02024	0.32251199999999997	
0	0.33636900000000003	0.628909	-0.7009489999999999	0.0	0.479192	0.526451	0.702299	0.0	0.8106979999999999	-0.572121	-0.124286	0.0	-2.95323	0.9074040000000001	1.0039799999999999	0.32045	-0.27117800000000003	0.7445350000000001	-0.610025	0.0	0.17060899999999998	-0.586557	-0.791734	0.0	-0.9472879999999999	-0.318776	0.0320369	0.0	2.8662099999999997	1.63385	1.0341200000000002	0.323033	
0	0.442399	0.532877	-0.721336	0.0	0.541412	0.482523	0.688509	0.0	0.714951	-0.695136	-0.075038	0.0	-2.97688	0.606271	0.768323	0.34013899999999997	-0.278208	0.7484569999999999	-0.602007	0.0	0.158692	-0.582322	-0.797319	0.0	-0.9473209999999999	-0.31735399999999997	0.043232599999999996	0.0	2.83395	1.5712	1.06283	0.323882	
0	0.45661499999999994	0.534684	-0.711067	0.0	0.53908	0.469533	0.699236	0.0	0.7077399999999999	-0.702604	-0.0738423	0.0	-3.0032200000000002	0.523987	0.625463	0.30135300000000004	-0.282515	0.748336	-0.60015	0.0	0.154476	-0.581979	-0.798397	0.0	-0.946743	-0.318268	0.04881780000000001	0.0	2.8254200000000003	1.52611	1.07165	0.324235	
0	0.55365	0.40473200000000004	-0.72778	0.0	0.592389	0.422813	0.685787	0.0	0.585275	-0.810815	-0.00566807	0.0	-3.07424	0.070551	0.380527	0.312735	-0.291794	0.745749	-0.598928	0.0	0.147349	-0.583655	-0.798521	0.0	-0.9450629999999999	-0.321255	0.0604217	0.0	2.81459	1.45233	1.09881	0.32463000000000003	
0	0.561543	0.36938699999999997	-0.740421	0.0	0.612015	0.416803	0.672096	0.0	0.556873	-0.830559	0.0079824	0.0	-3.0859099999999997	-0.106972	0.26466300000000004	0.35580100000000003	-0.293916	0.7470479999999999	-0.5962649999999999	0.0	0.147419	-0.580926	-0.800496	0.0	-0.9443950000000001	-0.323179	0.0606146	0.0	2.81462	1.45082	1.1116700000000002	0.32487699999999997	
0	0.535701	0.344231	-0.771057	0.0	0.6229779999999999	0.455297	0.636084	0.0	0.57002	-0.821103	0.0294543	0.0	-3.04612	-0.33886700000000003	0.0808697	0.351998	-0.296417	0.745853	-0.5965239999999999	0.0	0.14902100000000001	-0.580824	-0.8002729999999999	0.0	-0.943361	-0.32610900000000004	0.0610187	0.0	2.82065	1.43761	1.09768	0.324812	
0	0.528988	0.344597	-0.775516	0.0	0.615903	0.47278100000000006	0.630192	0.0	0.583812	-0.811006	0.037857	0.0	-3.00231	-0.36196300000000003	0.0574991	0.35226999999999997	-0.29646999999999996	0.7453609999999999	-0.597112	0.0	0.149621	-0.5812510000000001	-0.799851	0.0	-0.943249	-0.326472	0.0608014	0.0	2.82362	1.43581	1.09881	0.325326	
0	0.516818	0.352958	-0.779949	0.0	0.6015520000000001	0.49850600000000006	0.624201	0.0	0.6091270000000001	-0.791778	0.0453144	0.0	-2.89111	-0.327845	0.0879521	0.351035	-0.299145	0.743801	-0.597723	0.0	0.147575	-0.582808	-0.799098	0.0	-0.9427270000000001	-0.327255	0.0645773	0.0	2.82839	1.41016	1.13265	0.325536	
0	0.513269	0.362732	-0.777805	0.0	0.594595	0.503243	0.627059	0.0	0.618879	-0.78433	0.0426205	0.0	-2.85655	-0.28844699999999995	0.108893	0.350497	-0.300734	0.743839	-0.596878	0.0	0.148056	-0.581849	-0.799707	0.0	-0.9421459999999999	-0.32887	0.0648522	0.0	2.82958	1.40458	1.14394	0.327074	
0	0.508492	0.38875	-0.768316	0.0	0.583013	0.501199	0.6394489999999999	0.0	0.6336649999999999	-0.773093	0.0282094	0.0	-2.80856	-0.190251	0.148841	0.35011	-0.301272	0.743146	-0.5974689999999999	0.0	0.148676	-0.582308	-0.799258	0.0	-0.941876	-0.329623	0.0649451	0.0	2.8325099999999996	1.39212	1.1526	0.328257	
0	0.5055689999999999	0.406276	-0.761143	0.0	0.5830029999999999	0.489447	0.648497	0.0	0.636008	-0.77161	0.0105889	0.0	-2.79678	-0.12845	0.12526500000000002	0.351326	-0.299908	0.7424729999999999	-0.598989	0.0	0.150092	-0.583348	-0.798234	0.0	-0.9420870000000001	-0.3293	0.06351180000000001	0.0	2.84138	1.39639	1.15629	0.332005	
0	0.509791	0.405852	-0.75855	0.0	0.585374	0.48249899999999996	0.651561	0.0	0.630437	-0.776195	0.00839841	0.0	-2.80516	-0.12358800000000002	0.13016	0.351461	-0.299509	0.7422989999999999	-0.599405	0.0	0.14874300000000001	-0.584236	-0.797837	0.0	-0.942428	-0.328117	0.0645719	0.0	2.84243	1.39775	1.15685	0.33315900000000004	
0	0.511834	0.399025	-0.760792	0.0	0.59373	0.475745	0.648962	0.0	0.620895	-0.783866	0.00658956	0.0	-2.81468	-0.150072	0.132535	0.352114	-0.297667	0.741908	-0.600805	0.0	0.14821199999999998	-0.5857899999999999	-0.796796	0.0	-0.9430950000000001	-0.326226	0.0644101	0.0	2.83915	1.39773	1.1561	0.333846	
0	0.520357	0.352224	-0.777925	0.0	0.621881	0.468008	0.62788	0.0	0.585229	-0.8104979999999999	0.0244896	0.0	-2.8270299999999997	-0.273713	0.0861971	0.35289	-0.296898	0.740808	-0.60254	0.0	0.144043	-0.589028	-0.795171	0.0	-0.943983	-0.322876	0.0681732	0.0	2.8247400000000003	1.4041700000000001	1.15795	0.336136	
0	0.5233180000000001	0.344597	-0.779353	0.0	0.62817	0.46198900000000004	0.626074	0.0	0.575795	-0.8172020000000001	0.025301499999999998	0.0	-2.82987	-0.287242	0.0169703	0.350806	-0.296506	0.7414729999999999	-0.601915	0.0	0.140558	-0.589514	-0.795435	0.0	-0.944631	-0.32045500000000005	0.0705739	0.0	2.8186400000000003	1.41117	1.16144	0.33616	
0	0.537075	0.338489	-0.772642	0.0	0.6310279999999999	0.446621	0.6342979999999999	0.0	0.5597810000000001	-0.828224	0.026272700000000003	0.0	-2.8277200000000002	-0.282077	-0.0733164	0.348592	-0.299633	0.7439100000000001	-0.5973430000000001	0.0	0.13452	-0.586913	-0.798397	0.0	-0.944524	-0.31958000000000003	0.0757872	0.0	2.80355	1.41182	1.17194	0.336423	
0	0.545995	0.35239000000000004	-0.760073	0.0	0.623686	0.434784	0.6495989999999999	0.0	0.55938	-0.828724	0.017609299999999998	0.0	-2.78819	-0.252729	-0.187779	0.348477	-0.29830500000000004	0.743819	-0.59812	0.0	0.12853499999999998	-0.589637	-0.797375	0.0	-0.9457760000000001	-0.31474	0.0802847	0.0	2.7837	1.4194799999999999	1.19062	0.336951	
0	0.546419	0.358651	-0.756833	0.0	0.621337	0.43233699999999997	0.653471	0.0	0.561574	-0.827318	0.0133942	0.0	-2.75745	-0.25043200000000004	-0.204497	0.34884	-0.29886799999999997	0.7441989999999999	-0.5973649999999999	0.0	0.13034600000000002	-0.588275	-0.798087	0.0	-0.945351	-0.316387	0.0788127	0.0	2.78119	1.41519	1.19309	0.336854	
0	0.54775	0.36020599999999997	-0.75513	0.0	0.620447	0.43060299999999996	0.655458	0.0	0.561262	-0.8275459999999999	0.012374	0.0	-2.7486200000000003	-0.250479	-0.207222	0.348983	-0.299241	0.7445510000000001	-0.596741	0.0	0.13069	-0.587522	-0.798585	0.0	-0.945185	-0.316958	0.0785049	0.0	2.78045	1.41206	1.1954799999999999	0.336934	
0	0.547751	0.360208	-0.755128	0.0	0.620447	0.43060200000000004	0.65546	0.0	0.561262	-0.8275459999999999	0.0123732	0.0	-2.74863	-0.250479	-0.20721799999999999	0.348983	-0.299241	0.7445510000000001	-0.5967399999999999	0.0	0.13069	-0.587522	-0.798585	0.0	-0.945185	-0.316958	0.0785049	0.0	2.78045	1.41206	1.1954799999999999	0.336934	
0	0.547751	0.360208	-0.755128	0.0	0.620447	0.43060200000000004	0.65546	0.0	0.561262	-0.8275459999999999	0.0123732	0.0	-2.74863	-0.250479	-0.20721799999999999	0.348983	-0.299241	0.7445510000000001	-0.5967399999999999	0.0	0.13069	-0.587522	-0.798585	0.0	-0.945185	-0.316958	0.0785049	0.0	2.78045	1.41206	1.1954799999999999	0.336934	
0	0.547751	0.360208	-0.755128	0.0	0.620447	0.43060200000000004	0.65546	0.0	0.561262	-0.8275459999999999	0.0123732	0.0	-2.74863	-0.25048000000000004	-0.20721799999999999	0.348983	-0.299241	0.7445510000000001	-0.5967399999999999	0.0	0.13069	-0.587522	-0.798585	0.0	-0.945185	-0.316958	0.0785049	0.0	2.78045	1.41206	1.1954799999999999	0.336934	
0	0.547751	0.360208	-0.755128	0.0	0.620447	0.43060200000000004	0.65546	0.0	0.561262	-0.8275459999999999	0.012373100000000001	0.0	-2.74863	-0.25048000000000004	-0.20721799999999999	0.348983	-0.299241	0.7445510000000001	-0.5967399999999999	0.0	0.13069	-0.587522	-0.798585	0.0	-0.945185	-0.316958	0.07850499999999999	0.0	2.78045	1.41206	1.1954799999999999	0.336934	
0	0.547751	0.360208	-0.755128	0.0	0.620446	0.43060200000000004	0.65546	0.0	0.561262	-0.8275459999999999	0.0123732	0.0	-2.74863	-0.25048000000000004	-0.20721799999999999	0.348983	-0.299241	0.7445510000000001	-0.5967399999999999	0.0	0.13069	-0.587522	-0.798585	0.0	-0.945185	-0.316958	0.0785049	0.0	2.78045	1.41206	1.1954799999999999	0.336934	
0	0.547751	0.360208	-0.755128	0.0	0.620447	0.43060200000000004	0.65546	0.0	0.561262	-0.8275459999999999	0.0123732	0.0	-2.74863	-0.250479	-0.20721799999999999	0.348983	-0.299241	0.7445510000000001	-0.5967399999999999	0.0	0.13069	-0.587522	-0.798585	0.0	-0.945185	-0.316958	0.0785049	0.0	2.78045	1.41206	1.1954799999999999	0.336934	
0	0.547751	0.360208	-0.755128	0.0	0.620447	0.43060200000000004	0.65546	0.0	0.561262	-0.8275459999999999	0.0123732	0.0	-2.74863	-0.250479	-0.20721799999999999	0.348983	-0.299241	0.7445510000000001	-0.5967399999999999	0.0	0.130691	-0.587522	-0.798585	0.0	-0.945185	-0.316958	0.0785049	0.0	2.78045	1.41206	1.1954799999999999	0.336934	
0	0.547751	0.360208	-0.755129	0.0	0.620447	0.43060200000000004	0.65546	0.0	0.561262	-0.8275459999999999	0.012373	0.0	-2.74863	-0.250479	-0.20721799999999999	0.348983	-0.299241	0.7445510000000001	-0.5967399999999999	0.0	0.130691	-0.587522	-0.798585	0.0	-0.945185	-0.316958	0.0785049	0.0	2.78045	1.41206	1.1954799999999999	0.336934	
0	0.547751	0.360208	-0.755129	0.0	0.620447	0.43060200000000004	0.65546	0.0	0.561262	-0.8275459999999999	0.012373	0.0	-2.74863	-0.25048000000000004	-0.20721799999999999	0.348983	-0.299241	0.7445510000000001	-0.5967399999999999	0.0	0.13069	-0.587522	-0.798585	0.0	-0.945185	-0.316958	0.0785049	0.0	2.78045	1.41206	1.1954799999999999	0.336934	
0	0.547751	0.360208	-0.755129	0.0	0.620447	0.43060200000000004	0.65546	0.0	0.561262	-0.8275459999999999	0.012373	0.0	-2.74863	-0.250479	-0.20721799999999999	0.348983	-0.299241	0.7445510000000001	-0.5967399999999999	0.0	0.13069	-0.587522	-0.798585	0.0	-0.945185	-0.316958	0.0785049	0.0	2.78045	1.41206	1.1954799999999999	0.336934	
0	0.547751	0.360208	-0.755129	0.0	0.620447	0.43060200000000004	0.65546	0.0	0.561262	-0.8275459999999999	0.012373	0.0	-2.74863	-0.25048000000000004	-0.20721799999999999	0.348983	-0.299241	0.7445510000000001	-0.5967399999999999	0.0	0.130691	-0.587522	-0.798585	0.0	-0.945185	-0.316958	0.0785049	0.0	2.78045	1.41206	1.1954799999999999	0.336935	
0	0.547751	0.360208	-0.755129	0.0	0.620447	0.43060200000000004	0.65546	0.0	0.561262	-0.8275459999999999	0.012373	0.0	-2.74863	-0.25048000000000004	-0.20721799999999999	0.348983	-0.299241	0.7445510000000001	-0.5967399999999999	0.0	0.130691	-0.587522	-0.798585	0.0	-0.945185	-0.316958	0.0785049	0.0	2.78045	1.41206	1.1954799999999999	0.336935	
0	0.180947	0.705669	-0.6850470000000001	0.0	0.23310300000000003	0.645925	0.726941	0.0	0.955469	-0.291224	-0.047615199999999996	0.0	-2.6978299999999997	-0.350749	-0.235325	0.347042	-0.295242	0.756171	-0.5839840000000001	0.0	0.130787	-0.573491	-0.808705	0.0	-0.946428	-0.315141	0.0704212	0.0	2.75454	1.44062	1.24874	0.34170100000000003	
0	0.186302	0.7317130000000001	-0.655658	0.0	0.235013	0.61478	0.752871	0.0	0.9539709999999999	-0.29434899999999997	-0.0574275	0.0	-2.68505	-0.43422799999999995	-0.358119	0.346596	-0.296724	0.754695	-0.585141	0.0	0.13061	-0.574907	-0.8077270000000001	0.0	-0.94599	-0.31609699999999996	0.0720181	0.0	2.74879	1.44295	1.25521	0.341946	
0	0.225627	0.723175	-0.652772	0.0	0.29695900000000003	0.587109	0.7530720000000001	0.0	0.927851	-0.36376	-0.0822852	0.0	-2.70886	-0.504849	-0.47798599999999997	0.345956	-0.298363	0.7549560000000001	-0.58397	0.0	0.132409	-0.573182	-0.80866	0.0	-0.945224	-0.31859699999999996	0.0710528	0.0	2.7519	1.44651	1.2626700000000002	0.341934	
0	0.301844	0.668877	-0.679333	0.0	0.402149	0.55674	0.726854	0.0	0.8643879999999999	-0.49259	-0.10094	0.0	-2.75822	-0.816005	-0.910488	0.344254	-0.298296	0.757207	-0.581083	0.0	0.135245	-0.569125	-0.811052	0.0	-0.944843	-0.320522	0.0673586	0.0	2.7696099999999997	1.43428	1.23991	0.341408	
0	0.318188	0.6561560000000001	-0.6842630000000001	0.0	0.42092399999999996	0.548949	0.722134	0.0	0.849458	-0.5177970000000001	-0.101523	0.0	-2.75945	-0.868431	-0.976706	0.344593	-0.298498	0.7575810000000001	-0.580492	0.0	0.134751	-0.568675	-0.81145	0.0	-0.94485	-0.320438	0.0676636	0.0	2.77316	1.42949	1.2363600000000001	0.34147	
0	0.43968	0.527913	-0.726629	0.0	0.5142479999999999	0.51532	0.685561	0.0	0.736363	-0.675095	-0.0449023	0.0	-2.64487	-1.35525	-1.52853	0.350149	-0.298181	0.758524	-0.5794229999999999	0.0	0.13231400000000001	-0.56833	-0.8120930000000001	0.0	-0.9452940000000001	-0.318816	0.06910110000000001	0.0	2.78727	1.41907	1.24758	0.341959	
0	0.503602	0.43228900000000003	-0.748005	0.0	0.581413	0.470822	0.6635409999999999	0.0	0.639019	-0.7690600000000001	-0.014231899999999999	0.0	-2.6091900000000003	-1.64913	-1.781	0.350479	-0.296306	0.7579560000000001	-0.581124	0.0	0.132134	-0.5700649999999999	-0.810905	0.0	-0.945909	-0.317062	0.068762	0.0	2.7913200000000002	1.42002	1.24616	0.34226999999999996	
0	0.527884	0.389106	-0.754941	0.0	0.617326	0.43469399999999997	0.655705	0.0	0.583307	-0.812181	-0.010737100000000001	0.0	-2.60955	-1.79987	-1.92927	0.350172	-0.29542399999999996	0.757989	-0.58153	0.0	0.129417	-0.571336	-0.810448	0.0	-0.9465600000000001	-0.314686	0.07068939999999999	0.0	2.7905599999999997	1.4172200000000001	1.24958	0.342696	
0	0.557791	0.287191	-0.7787109999999999	0.0	0.675242	0.388534	0.626969	0.0	0.48261499999999996	-0.8755360000000001	0.022797	0.0	-2.62262	-2.06335	-2.17492	0.349076	-0.294141	0.7593810000000001	-0.580364	0.0	0.127498	-0.570623	-0.8112550000000001	0.0	-0.9472200000000001	-0.312618	0.0710241	0.0	2.78293	1.42187	1.26197	0.343107	
0	0.567958	0.185927	-0.801782	0.0	0.741478	0.307257	0.596492	0.0	0.357257	-0.9332870000000001	0.036648400000000005	0.0	-2.65341	-2.38784	-2.46598	0.346976	-0.293986	0.761842	-0.5772079999999999	0.0	0.12223800000000001	-0.568967	-0.813225	0.0	-0.947961	-0.309633	0.0741422	0.0	2.77486	1.38104	1.2581200000000001	0.344152	
0	0.577162	0.161323	-0.8005369999999999	0.0	0.757685	0.259892	0.59864	0.0	0.304628	-0.952067	0.027767700000000003	0.0	-2.67834	-2.44254	-2.56601	0.345756	-0.292404	0.763109	-0.576338	0.0	0.120503	-0.568472	-0.81383	0.0	-0.948672	-0.30741799999999997	0.0742659	0.0	2.7711099999999997	1.36045	1.2573	0.344567	
0	0.5524720000000001	0.105244	-0.8268610000000001	0.0	0.807603	0.17790999999999998	0.56225	0.0	0.20628000000000002	-0.978403	0.0132953	0.0	-2.98143	-2.40387	-2.7825	0.33147	-0.29178000000000004	0.7628149999999999	-0.577042	0.0	0.11394000000000001	-0.571279	-0.812809	0.0	-0.949675	-0.30290900000000004	0.0797724	0.0	2.74755	1.35638	1.28985	0.348801	
0	0.537637	0.0899532	-0.8383639999999999	0.0	0.82442	0.15247	0.545054	0.0	0.17685499999999998	-0.9842059999999999	0.0078145	0.0	-3.16154	-2.3540400000000004	-2.8418900000000002	0.323021	-0.293687	0.761548	-0.577749	0.0	0.11714200000000001	-0.571174	-0.8124279999999999	0.0	-0.9486969999999999	-0.306278	0.0785374	0.0	2.7456	1.35935	1.29651	0.34864	
0	0.512613	0.0890916	-0.853985	0.0	0.8420000000000001	0.142583	0.5202939999999999	0.0	0.16811800000000002	-0.985765	-0.00192508	0.0	-3.4362	-2.29326	-2.78456	0.327803	-0.293089	0.763284	-0.575757	0.0	0.120421	-0.567936	-0.8142159999999999	0.0	-0.948471	-0.307971	0.07454039999999999	0.0	2.7629	1.35937	1.29683	0.348331	
0	0.48340600000000006	0.0976848	-0.8699290000000001	0.0	0.8611719999999999	0.125353	0.49261499999999997	0.0	0.157169	-0.987291	-0.0235271	0.0	-3.69125	-2.24953	-2.7259700000000002	0.334973	-0.292777	0.765467	-0.573012	0.0	0.12083599999999999	-0.564847	-0.816301	0.0	-0.948515	-0.308234	0.0728784	0.0	2.79054	1.33771	1.28321	0.34771799999999997	
0	0.478034	0.106924	-0.8718090000000001	0.0	0.856331	0.164072	0.489671	0.0	0.19539700000000002	-0.9806360000000001	-0.013130700000000002	0.0	-3.88907	-2.2639099999999996	-2.56104	0.334473	-0.292817	0.7649199999999999	-0.573721	0.0	0.12028900000000001	-0.5657840000000001	-0.815732	0.0	-0.948572	-0.307873	0.07366030000000001	0.0	2.80763	1.32704	1.28083	0.347867	
0	0.474772	0.12116700000000001	-0.8717280000000001	0.0	0.844606	0.215758	0.48999	0.0	0.247453	-0.9689	9.70066e-05	0.0	-3.9126	-2.28823	-2.4544799999999998	0.337214	-0.292484	0.7650560000000001	-0.573709	0.0	0.12014000000000001	-0.565792	-0.815749	0.0	-0.948694	-0.307519	0.0735714	0.0	2.81	1.3275299999999999	1.28403	0.347789	
0	0.47309799999999996	0.149631	-0.8682110000000001	0.0	0.810351	0.312785	0.495476	0.0	0.345702	-0.9379639999999999	0.026724599999999998	0.0	-3.7183300000000004	-2.33262	-2.1786	0.341611	-0.290071	0.7660600000000001	-0.573595	0.0	0.119893	-0.565554	-0.81595	0.0	-0.949466	-0.30545300000000003	0.0722053	0.0	2.81081	1.3256	1.27693	0.347639	
