3	-0.13065	0.9593430000000001	-0.250184	0.0	0.10406099999999999	0.264223	0.958831	0.0	0.985952	0.0992372	-0.134351	0.0	-2.7864	2.06162	1.3174700000000001	0.0	-0.593133	0.516197	-0.617846	0.0	0.751329	0.0791272	-0.655167	0.0	-0.28930700000000004	-0.852807	-0.434767	0.0	2.66032	2.0	1.53809	0.0	
3	-0.12954000000000002	0.9545870000000001	-0.268295	0.0	0.12462899999999999	0.284103	0.950659	0.0	0.9837110000000001	0.0897115	-0.155772	0.0	-2.80335	2.11931	1.29883	0.0	-0.424588	0.837907	-0.342984	0.0	0.360971	-0.190753	-0.91286	0.0	-0.830317	-0.511396	-0.221469	0.0	2.61187	2.03686	1.55064	-5.7872400000000005e-06	
3	-0.118841	0.9247059999999999	-0.361656	0.0	0.136229	0.37597800000000003	0.91656	0.0	0.983524	0.0596569	-0.170654	0.0	-2.82211	2.21548	1.24326	0.0	-0.21271900000000002	0.947733	-0.237808	0.0	0.0333599	-0.236192	-0.971134	0.0	-0.9765440000000001	-0.214511	0.0186261	0.0	2.67575	2.08847	1.47646	0.0	
3	-0.13063	0.9127379999999999	-0.38709899999999997	0.0	0.123798	0.402406	0.9070520000000001	0.0	0.9836719999999999	0.07056649999999999	-0.16556099999999999	0.0	-2.82573	2.22402	1.22664	0.0	-0.203932	0.946679	-0.249421	0.0	0.016653099999999997	-0.251384	-0.967744	0.0	-0.978844	-0.201507	0.0354999	0.0	2.68289	2.1423400000000004	1.44421	0.0	
3	-0.15589	0.917645	-0.36554899999999996	0.0	0.136599	0.38654499999999997	0.912098	0.0	0.978284	0.0922528	-0.185608	0.0	-2.82956	2.23991	1.21218	0.0	-0.195529	0.94452	-0.263914	0.0	0.0243916	-0.264341	-0.9641209999999999	0.0	-0.9803940000000001	-0.19495099999999999	0.0286481	0.0	2.68003	2.20594	1.43916	0.0	
3	-0.147405	0.941472	-0.303155	0.0	0.143215	0.32358899999999996	0.9352969999999999	0.0	0.9786530000000001	0.0944507	-0.182532	0.0	-2.82862	2.26899	1.18116	0.338018	-0.178011	0.948758	-0.261096	0.0	0.0146844	-0.262743	-0.9647540000000001	0.0	-0.9839190000000001	-0.175571	0.032839099999999996	0.0	2.6830700000000003	2.2237	1.43517	0.21401199999999998	
3	-0.00208589	0.975757	-0.21884499999999998	0.0	0.169952	0.216008	0.9614870000000001	0.0	0.98545	-0.035187699999999995	-0.16628199999999999	0.0	-2.70378	2.2048200000000002	1.2606899999999999	0.33928	-0.18474000000000002	0.950312	-0.250556	0.0	0.0426531	-0.24695100000000003	-0.968089	0.0	-0.9818610000000001	-0.189532	0.00508791	0.0	2.63342	2.19908	1.41645	0.30283499999999997	
3	0.0851454	0.954586	-0.285509	0.0	0.17507899999999998	0.267757	0.9474459999999999	0.0	0.980866	-0.130657	-0.14432899999999999	0.0	-2.64301	2.0708900000000003	1.3447200000000001	0.21375	-0.20905300000000002	0.949428	-0.234273	0.0	0.063283	-0.22593000000000002	-0.972086	0.0	-0.9758549999999999	-0.218043	-0.0128514	0.0	2.61325	2.10563	1.37226	0.309102	
3	0.180504	0.8964219999999999	-0.404779	0.0	0.246008	0.35731199999999996	0.9010040000000001	0.0	0.952312	-0.262214	-0.15603	0.0	-2.62492	1.9431	1.41021	0.22039299999999998	-0.24374200000000001	0.944053	-0.22215900000000002	0.0	0.0823205	-0.208103	-0.9746370000000001	0.0	-0.96634	-0.255848	-0.026991700000000004	0.0	2.58412	1.9856	1.33697	0.307694	
3	0.22453	0.809673	-0.542233	0.0	0.34878400000000004	0.45280299999999996	0.8205610000000001	0.0	0.90991	-0.373363	-0.180733	0.0	-2.6335	1.81613	1.3999	0.24950799999999998	-0.258146	0.940672	-0.22021999999999997	0.0	0.0799459	-0.20636500000000002	-0.9752040000000001	0.0	-0.962793	-0.26935	-0.0219308	0.0	2.5695900000000003	1.9238099999999998	1.3431799999999998	0.307228	
3	0.26702	0.724436	-0.635526	0.0	0.440589	0.49474300000000004	0.749073	0.0	0.8570780000000001	-0.480023	-0.187073	0.0	-2.6583799999999997	1.60499	1.38452	0.28757	-0.278848	0.935306	-0.217822	0.0	0.0776935	-0.204104	-0.9758610000000001	0.0	-0.9571870000000001	-0.289041	-0.015753299999999998	0.0	2.5322400000000003	1.86817	1.39511	0.305237	
3	0.311053	0.664107	-0.679859	0.0	0.509696	0.487203	0.709114	0.0	0.802157	-0.5670930000000001	-0.186947	0.0	-2.7037299999999997	1.3209	1.3077	0.336503	-0.294684	0.9309569999999999	-0.21559299999999998	0.0	0.0751368	-0.20233900000000002	-0.9764290000000001	0.0	-0.952636	-0.303937	-0.010323	0.0	2.5032200000000002	1.8031599999999999	1.4337799999999998	0.297096	
3	0.38705700000000004	0.576052	-0.719966	0.0	0.560715	0.47281000000000006	0.679742	0.0	0.731974	-0.666795	-0.139996	0.0	-2.73925	1.03813	1.2514399999999999	0.335039	-0.30743200000000004	0.92699	-0.21488600000000002	0.0	0.0682854	-0.203749	-0.9766389999999999	0.0	-0.949117	-0.314923	-0.000661135	0.0	2.48615	1.75085	1.46375	0.291595	
3	0.444984	0.516824	-0.7313569999999999	0.0	0.621467	0.4098	0.667714	0.0	0.6448	-0.751636	-0.13883399999999999	0.0	-2.79629	0.8199360000000001	1.15904	0.322714	-0.327356	0.9195629999999999	-0.217354	0.0	0.06369069999999999	-0.208031	-0.9760459999999999	0.0	-0.942752	-0.333358	0.00953269	0.0	2.4640299999999997	1.7091599999999998	1.52116	0.281337	
3	0.47132799999999997	0.46561899999999995	-0.7490319999999999	0.0	0.682052	0.346009	0.644269	0.0	0.559156	-0.814541	-0.15449200000000002	0.0	-2.90212	0.607252	0.9719709999999999	0.32718600000000003	-0.35036	0.9091950000000001	-0.224973	0.0	0.0487052	-0.222187	-0.9737870000000001	0.0	-0.935348	-0.352133	0.033562800000000004	0.0	2.43699	1.6414	1.60896	0.269171	
3	0.481221	0.35668099999999997	-0.8007529999999999	0.0	0.7395149999999999	0.3253	0.5893189999999999	0.0	0.470684	-0.875762	-0.10722899999999999	0.0	-2.8925	0.41025600000000007	0.845046	0.347683	-0.36596	0.902602	-0.22667600000000002	0.0	0.04308680000000001	-0.226879	-0.9729700000000001	0.0	-0.929632	-0.36583499999999997	0.044138300000000005	0.0	2.40266	1.56406	1.6761	0.266394	
3	0.48481199999999997	0.303479	-0.8202790000000001	0.0	0.766645	0.30395700000000003	0.565567	0.0	0.420968	-0.903056	-0.08529869999999999	0.0	-2.83146	0.285929	0.7860689999999999	0.351108	-0.369206	0.900589	-0.229404	0.0	0.037114499999999995	-0.232359	-0.971922	0.0	-0.9286059999999999	-0.367354	0.0523635	0.0	2.36937	1.5124	1.7068599999999998	0.26404	
3	0.47440299999999996	0.273104	-0.836873	0.0	0.790674	0.285746	0.5414640000000001	0.0	0.387009	-0.918566	-0.0803771	0.0	-2.7422299999999997	0.166907	0.715554	0.351543	-0.372286	0.8983909999999999	-0.23301599999999997	0.0	0.0326148	-0.23824499999999998	-0.970658	0.0	-0.9275450000000001	-0.368962	0.059394	0.0	2.34565	1.47435	1.72938	0.258895	
3	0.462661	0.27076999999999996	-0.844173	0.0	0.804491	0.271843	0.528107	0.0	0.37247800000000003	-0.923464	-0.0920611	0.0	-2.66615	0.0426759	0.613541	0.35182399999999997	-0.37490999999999997	0.897774	-0.231181	0.0	0.0291981	-0.23781100000000002	-0.970873	0.0	-0.926601	-0.37074	0.0629445	0.0	2.33241	1.46059	1.7674599999999998	0.257705	
3	0.430779	0.23741199999999998	-0.870669	0.0	0.8218489999999999	0.29536	0.487163	0.0	0.372819	-0.9254180000000001	-0.0678819	0.0	-2.5968299999999997	-0.05452340000000001	0.550099	0.351003	-0.37748400000000004	0.897334	-0.228687	0.0	0.0231791	-0.237725	-0.9710559999999999	0.0	-0.925726	-0.371859	0.06893780000000001	0.0	2.31275	1.44852	1.7988	0.257577	
3	0.42967	0.25412199999999996	-0.86649	0.0	0.813908	0.30659400000000003	0.49351300000000003	0.0	0.391074	-0.917291	-0.0750977	0.0	-2.4837700000000003	-0.0996024	0.488721	0.350901	-0.384562	0.894078	-0.22964400000000001	0.0	0.021068700000000003	-0.240209	-0.970492	0.0	-0.922859	-0.37805300000000003	0.0735382	0.0	2.29733	1.3775899999999999	1.82275	0.256905	
3	0.40398	0.242652	-0.881998	0.0	0.83625	0.292856	0.463595	0.0	0.370791	-0.9248540000000001	-0.08460989999999999	0.0	-2.35405	-0.187054	0.400636	0.350582	-0.387192	0.8923780000000001	-0.231827	0.0	0.017100599999999997	-0.244446	-0.969512	0.0	-0.921841	-0.37935100000000005	0.07938710000000002	0.0	2.28257	1.3298	1.8458299999999999	0.25561300000000003	
3	0.40007	0.24603899999999998	-0.882842	0.0	0.843464	0.277949	0.459687	0.0	0.358486	-0.928552	-0.09632589999999999	0.0	-2.33518	-0.278659	0.32096399999999997	0.35027600000000003	-0.389119	0.890842	-0.23449499999999998	0.0	0.013108600000000002	-0.249176	-0.968369	0.0	-0.9210940000000001	-0.379885	0.08528150000000001	0.0	2.2617700000000003	1.3126200000000001	1.8809099999999999	0.253836	
3	0.387675	0.24322399999999997	-0.8891290000000001	0.0	0.858417	0.256225	0.444375	0.0	0.335899	-0.935517	-0.109456	0.0	-2.36552	-0.327906	0.268844	0.350963	-0.3965	0.8870540000000001	-0.23648000000000002	0.0	0.011316	-0.252852	-0.9674389999999999	0.0	-0.9179649999999999	-0.386265	0.09021749999999999	0.0	2.24856	1.30069	1.9232799999999999	0.25393499999999997	
3	0.38342800000000005	0.244533	-0.89061	0.0	0.866289	0.23909899999999998	0.43860600000000005	0.0	0.32019699999999995	-0.9397	-0.12015899999999999	0.0	-2.4525	-0.353991	0.22799	0.350504	-0.400334	0.883656	-0.24266	0.0	0.0113805	-0.25999099999999997	-0.9655440000000001	0.0	-0.916299	-0.389302	0.094027	0.0	2.2437400000000003	1.25091	1.9495200000000001	0.253008	
3	0.37595300000000004	0.24743	-0.8929940000000001	0.0	0.871099	0.23424699999999998	0.431641	0.0	0.31598200000000004	-0.940163	-0.12747	0.0	-2.56756	-0.403713	0.163716	0.350903	-0.40163899999999997	0.8821100000000001	-0.246106	0.0	0.00895676	-0.264937	-0.964224	0.0	-0.9157540000000001	-0.389474	0.0985081	0.0	2.23865	1.20505	1.9918099999999999	0.250542	
3	0.369675	0.241775	-0.8971540000000001	0.0	0.8730559999999999	0.24005500000000002	0.42443800000000004	0.0	0.317984	-0.9401700000000001	-0.122341	0.0	-2.64667	-0.44346199999999997	0.162353	0.350552	-0.405161	0.880051	-0.24769899999999997	0.0	0.010616200000000001	-0.266385	-0.963808	0.0	-0.914184	-0.39312800000000003	0.09858610000000001	0.0	2.23615	1.17615	2.03498	0.250636	
3	0.370732	0.241108	-0.8968969999999999	0.0	0.86944	0.249446	0.42644	0.0	0.326545	-0.937893	-0.11715199999999999	0.0	-2.67425	-0.45364799999999994	0.16955	0.350468	-0.41147700000000004	0.8768879999999999	-0.24850300000000003	0.0	0.012099500000000001	-0.267375	-0.963517	0.0	-0.9113399999999999	-0.399472	0.0994086	0.0	2.24608	1.18271	2.07838	0.250779	
3	0.402472	0.24318499999999998	-0.88254	0.0	0.839353	0.286761	0.46179499999999996	0.0	0.365379	-0.926623	-0.0887052	0.0	-2.63877	-0.481976	0.2318	0.348086	-0.41923699999999997	0.8728600000000001	-0.249712	0.0	0.0173092	-0.267316	-0.963454	0.0	-0.9077120000000001	-0.408237	0.09695989999999999	0.0	2.26458	1.15719	2.10563	0.249937	
3	0.402464	0.243135	-0.882558	0.0	0.839256	0.287045	0.46179499999999996	0.0	0.365612	-0.9265479999999999	-0.0885268	0.0	-2.6392700000000002	-0.482829	0.231713	0.348246	-0.419458	0.872713	-0.24985500000000002	0.0	0.0175575	-0.267388	-0.9634290000000001	0.0	-0.9076049999999999	-0.408504	0.096835	0.0	2.26515	1.15562	2.10493	0.24996999999999997	
3	0.402461	0.243135	-0.882559	0.0	0.839255	0.287052	0.461793	0.0	0.365618	-0.9265459999999999	-0.08852510000000001	0.0	-2.63938	-0.48277600000000004	0.231594	0.34824499999999997	-0.41946400000000006	0.87271	-0.249854	0.0	0.0175593	-0.267387	-0.9634290000000001	0.0	-0.907602	-0.408511	0.09683480000000001	0.0	2.26511	1.1557	2.10491	0.24996999999999997	
3	0.402461	0.243135	-0.882559	0.0	0.839255	0.287052	0.461793	0.0	0.365619	-0.9265459999999999	-0.0885253	0.0	-2.63938	-0.48277600000000004	0.231594	0.348246	-0.41946400000000006	0.87271	-0.249854	0.0	0.017559400000000003	-0.267387	-0.9634290000000001	0.0	-0.907602	-0.408511	0.09683480000000001	0.0	2.26511	1.1557	2.10491	0.249969	
3	0.402461	0.243135	-0.882559	0.0	0.839255	0.287052	0.461793	0.0	0.365619	-0.9265459999999999	-0.0885253	0.0	-2.63938	-0.48277600000000004	0.231594	0.348246	-0.41946400000000006	0.87271	-0.249854	0.0	0.017559400000000003	-0.267387	-0.9634290000000001	0.0	-0.907602	-0.408511	0.09683480000000001	0.0	2.26511	1.1557	2.10491	0.249969	
3	0.402461	0.243135	-0.882559	0.0	0.839255	0.287052	0.461793	0.0	0.365619	-0.9265459999999999	-0.0885253	0.0	-2.63938	-0.482775	0.231594	0.34824499999999997	-0.41946400000000006	0.87271	-0.249854	0.0	0.017559400000000003	-0.267387	-0.9634290000000001	0.0	-0.907602	-0.408511	0.09683480000000001	0.0	2.26511	1.1557	2.10491	0.249969	
3	0.402461	0.243135	-0.882559	0.0	0.839255	0.287052	0.461793	0.0	0.365619	-0.9265459999999999	-0.0885253	0.0	-2.63938	-0.48277600000000004	0.231594	0.34824499999999997	-0.41946400000000006	0.87271	-0.249854	0.0	0.017559400000000003	-0.267387	-0.9634290000000001	0.0	-0.907602	-0.408511	0.0968347	0.0	2.26511	1.1557	2.10491	0.24996999999999997	
3	0.402461	0.243135	-0.882559	0.0	0.839255	0.287052	0.461793	0.0	0.365619	-0.9265459999999999	-0.0885253	0.0	-2.63938	-0.482775	0.231594	0.348246	-0.41946400000000006	0.87271	-0.249854	0.0	0.0175593	-0.267387	-0.9634290000000001	0.0	-0.907602	-0.408511	0.09683480000000001	0.0	2.26511	1.1557	2.10491	0.249969	
3	0.402461	0.243135	-0.882559	0.0	0.839255	0.287052	0.461793	0.0	0.365619	-0.9265459999999999	-0.0885253	0.0	-2.63938	-0.482775	0.231594	0.34824499999999997	-0.41946400000000006	0.87271	-0.249854	0.0	0.017559400000000003	-0.267387	-0.9634290000000001	0.0	-0.907602	-0.408511	0.09683480000000001	0.0	2.26511	1.1557	2.10491	0.249969	
3	0.402461	0.243135	-0.882559	0.0	0.839255	0.287052	0.461793	0.0	0.365618	-0.9265459999999999	-0.0885253	0.0	-2.63938	-0.482775	0.231594	0.348246	-0.41946400000000006	0.87271	-0.249854	0.0	0.017559400000000003	-0.267387	-0.9634290000000001	0.0	-0.907602	-0.408511	0.09683480000000001	0.0	2.26511	1.1557	2.10491	0.249969	
3	0.402461	0.243135	-0.882559	0.0	0.839255	0.287052	0.461793	0.0	0.365619	-0.9265459999999999	-0.0885253	0.0	-2.63938	-0.482775	0.231594	0.348246	-0.41946400000000006	0.87271	-0.249854	0.0	0.017559400000000003	-0.267387	-0.9634290000000001	0.0	-0.907602	-0.408511	0.09683480000000001	0.0	2.26511	1.1557	2.10491	0.249969	
3	0.402461	0.243135	-0.882559	0.0	0.839255	0.287052	0.461793	0.0	0.365619	-0.9265459999999999	-0.0885253	0.0	-2.63938	-0.482775	0.231594	0.34824499999999997	-0.41946400000000006	0.87271	-0.249854	0.0	0.017559400000000003	-0.267387	-0.9634290000000001	0.0	-0.907602	-0.408511	0.09683480000000001	0.0	2.26511	1.1557	2.10491	0.249969	
3	0.402461	0.243135	-0.882559	0.0	0.839255	0.287052	0.461793	0.0	0.365619	-0.9265459999999999	-0.0885253	0.0	-2.63938	-0.48277600000000004	0.231594	0.34824499999999997	-0.41946400000000006	0.87271	-0.249854	0.0	0.017559400000000003	-0.267387	-0.9634290000000001	0.0	-0.907602	-0.408511	0.09683480000000001	0.0	2.26511	1.1557	2.10491	0.249969	
3	0.402461	0.243135	-0.882559	0.0	0.839255	0.287052	0.461793	0.0	0.365619	-0.9265459999999999	-0.0885253	0.0	-2.63938	-0.482775	0.231594	0.34824499999999997	-0.41946400000000006	0.87271	-0.249854	0.0	0.017559400000000003	-0.267387	-0.9634290000000001	0.0	-0.907602	-0.408511	0.09683480000000001	0.0	2.26511	1.1557	2.10491	0.249969	
3	0.204433	0.687978	-0.696343	0.0	0.349622	0.613128	0.7084050000000001	0.0	0.914315	-0.388278	-0.11518900000000001	0.0	-2.66088	-0.562295	0.144538	0.353219	-0.430997	0.866566	-0.251606	0.0	0.0219878	-0.268664	-0.962983	0.0	-0.902085	-0.420575	0.09673960000000001	0.0	2.25047	1.17557	2.16615	0.218377	
3	0.25664899999999996	0.687481	-0.679339	0.0	0.455963	0.533625	0.71228	0.0	0.852191	-0.492559	-0.176512	0.0	-2.7885	-0.578576	-0.07234299999999999	0.34809	-0.43473100000000003	0.8654200000000001	-0.24911399999999997	0.0	0.0231923	-0.265771	-0.963757	0.0	-0.9002620000000001	-0.424752	0.0954674	0.0	2.25248	1.17046	2.1624	0.21736100000000003	
3	0.267822	0.662177	-0.699852	0.0	0.554022	0.488437	0.674158	0.0	0.788246	-0.568288	-0.236046	0.0	-2.94814	-0.645342	-0.44578999999999996	0.348586	-0.438151	0.8639030000000001	-0.24838400000000002	0.0	0.028445799999999997	-0.262856	-0.9644159999999999	0.0	-0.898451	-0.429625	0.0905962	0.0	2.2800599999999998	1.15183	2.12941	0.21577	
3	0.285869	0.614765	-0.7350800000000001	0.0	0.61815	0.467851	0.63167	0.0	0.732236	-0.6349640000000001	-0.246273	0.0	-2.9969799999999998	-0.7762760000000001	-0.827916	0.349814	-0.438094	0.863395	-0.250245	0.0	0.0283839	-0.26495599999999997	-0.963843	0.0	-0.898481	-0.429357	0.0915691	0.0	2.2899	1.14263	2.11032	0.215171	
3	0.274306	0.571076	-0.7737109999999999	0.0	0.664516	0.46900600000000003	0.581766	0.0	0.695108	-0.673725	-0.250838	0.0	-2.98143	-0.949889	-1.16567	0.350139	-0.43677	0.863717	-0.251446	0.0	0.0270171	-0.266797	-0.963374	0.0	-0.899167	-0.427566	0.0931938	0.0	2.2927400000000002	1.1447100000000001	2.10975	0.21544499999999997	
3	0.317697	0.49026000000000003	-0.811612	0.0	0.721715	0.43012399999999995	0.5423279999999999	0.0	0.614976	-0.758049	-0.21717899999999998	0.0	-2.9615299999999998	-1.25665	-1.43604	0.35026999999999997	-0.437658	0.863015	-0.25231	0.0	0.0276937	-0.267541	-0.963148	0.0	-0.8987149999999999	-0.428517	0.0931913	0.0	2.2941700000000003	1.14714	2.1118	0.215804	
3	0.400885	0.409768	-0.8193790000000001	0.0	0.751687	0.364149	0.549875	0.0	0.5236970000000001	-0.836353	-0.16203499999999998	0.0	-2.94834	-1.5900100000000001	-1.61432	0.349445	-0.438561	0.862499	-0.252508	0.0	0.027291900000000004	-0.268059	-0.963016	0.0	-0.8982870000000001	-0.429233	0.09402089999999999	0.0	2.2913799999999998	1.15412	2.1313	0.215824	
3	0.46926	0.304858	-0.8287680000000001	0.0	0.787075	0.28113499999999997	0.549068	0.0	0.400384	-0.909958	-0.108021	0.0	-3.00236	-2.00035	-1.78557	0.349487	-0.440334	0.860352	-0.256711	0.0	0.0260042	-0.273582	-0.9614969999999999	0.0	-0.897457	-0.430055	0.0980946	0.0	2.29599	1.15151	2.15998	0.216192	
3	0.47621800000000003	0.241042	-0.8456450000000001	0.0	0.817153	0.23388299999999998	0.5268390000000001	0.0	0.324773	-0.9419120000000001	-0.08558860000000001	0.0	-3.0950900000000003	-2.26098	-1.8799099999999997	0.349662	-0.44212700000000005	0.8587110000000001	-0.25911300000000004	0.0	0.0285096	-0.275281	-0.9609409999999999	0.0	-0.8964989999999999	-0.432245	0.09722760000000001	0.0	2.30199	1.13788	2.16878	0.21538800000000002	
3	0.482317	0.1712	-0.8591049999999999	0.0	0.8418899999999999	0.180401	0.508603	0.0	0.242056	-0.9685799999999999	-0.057121500000000006	0.0	-3.16275	-2.46647	-1.9380099999999998	0.34928000000000003	-0.441641	0.858982	-0.259042	0.0	0.029564	-0.274635	-0.961094	0.0	-0.8967040000000001	-0.43211700000000003	0.0958953	0.0	2.305	1.13375	2.17224	0.21475	
3	0.475146	0.07501870000000001	-0.876704	0.0	0.870489	0.10531300000000002	0.480789	0.0	0.128397	-0.991606	-0.0152639	0.0	-3.3470800000000005	-2.71671	-2.0204400000000002	0.348746	-0.439461	0.8598530000000001	-0.259859	0.0	0.0252268	-0.277363	-0.960434	0.0	-0.897908	-0.42862799999999995	0.100199	0.0	2.30725	1.11515	2.16776	0.215712	
3	0.449613	0.0279375	-0.8927860000000001	0.0	0.8899219999999999	0.07183880000000001	0.45041899999999996	0.0	0.07672029999999999	-0.997025	0.00743741	0.0	-3.50722	-2.9415299999999998	-2.06585	0.347883	-0.438205	0.859416	-0.263402	0.0	0.0257388	-0.280918	-0.9593870000000001	0.0	-0.8985059999999999	-0.427188	0.100979	0.0	2.3006	1.10141	2.16487	0.21578200000000003	
3	0.44217	0.013039400000000001	-0.8968360000000001	0.0	0.8948799999999999	0.061168799999999995	0.44209499999999996	0.0	0.060623199999999995	-0.998042	0.0153783	0.0	-3.6312800000000003	-3.04597	-2.08765	0.348145	-0.43855500000000003	0.8587459999999999	-0.264999	0.0	0.0255287	-0.282846	-0.9588260000000001	0.0	-0.898342	-0.427263	0.102121	0.0	2.29466	1.09881	2.18379	0.216072	
3	0.44510600000000006	0.027908	-0.895043	0.0	0.892092	0.0730235	0.44591499999999995	0.0	0.0778039	-0.9969399999999999	0.00760657	0.0	-3.6989300000000003	-3.10917	-2.13595	0.348848	-0.440283	0.8572069999999999	-0.26711	0.0	0.024068400000000004	-0.286122	-0.9578909999999999	0.0	-0.897537	-0.42817200000000005	0.105343	0.0	2.29165	1.09902	2.20764	0.216383	
3	0.445301	0.038168400000000005	-0.894567	0.0	0.88931	0.09729310000000001	0.44683500000000004	0.0	0.10409000000000002	-0.994524	0.00938109	0.0	-3.67953	-3.17374	-2.18031	0.34979	-0.44111999999999996	0.854611	-0.273958	0.0	0.0262825	-0.292831	-0.9558030000000001	0.0	-0.8970629999999999	-0.428824	0.10671199999999999	0.0	2.30275	1.0944	2.2301599999999997	0.215373	
3	0.44720200000000004	0.044166699999999996	-0.893342	0.0	0.8860020000000001	0.114936	0.44921000000000005	0.0	0.122517	-0.992391	0.0122679	0.0	-3.62457	-3.1985900000000003	-2.1987200000000002	0.34978400000000004	-0.44056000000000006	0.8543780000000001	-0.275582	0.0	0.0269829	-0.294238	-0.9553520000000001	0.0	-0.8973180000000001	-0.428325	0.106575	0.0	2.3029599999999997	1.0979299999999999	2.2352	0.21551900000000002	
3	0.43751599999999996	0.0761278	-0.895982	0.0	0.882625	0.154136	0.44409	0.0	0.17191099999999998	-0.9851120000000001	0.000244737	0.0	-3.4938	-3.19592	-2.21971	0.34987399999999996	-0.43860699999999997	0.854942	-0.276945	0.0	0.0274928	-0.29525999999999997	-0.9550209999999999	0.0	-0.898258	-0.426493	0.105998	0.0	2.3050200000000003	1.10153	2.2318700000000002	0.215428	
3	0.42544	0.108553	-0.8984530000000001	0.0	0.878024	0.191019	0.438846	0.0	0.21925999999999998	-0.975565	-0.014044599999999999	0.0	-3.39935	-3.1655599999999997	-2.22045	0.345709	-0.43706000000000006	0.856728	-0.273853	0.0	0.0241155	-0.293202	-0.9557469999999999	0.0	-0.899109	-0.42432299999999995	0.10748599999999998	0.0	2.2963400000000003	1.09685	2.2338299999999998	0.21652600000000002	
3	0.384993	0.125306	-0.914373	0.0	0.8882770000000001	0.21858400000000003	0.403961	0.0	0.250487	-0.9677389999999999	-0.027152999999999997	0.0	-3.37284	-3.15009	-2.14319	0.338391	-0.436251	0.857226	-0.27358699999999997	0.0	0.0209404	-0.29429	-0.9554870000000001	0.0	-0.899582	-0.42256099999999996	0.11043399999999999	0.0	2.2919400000000003	1.0984200000000002	2.23468	0.216617	
3	0.345181	0.10616400000000001	-0.9325120000000001	0.0	0.909381	0.207892	0.36028699999999997	0.0	0.232111	-0.9723729999999999	-0.0247833	0.0	-3.09118	-3.042	-2.06125	0.349281	-0.438026	0.856267	-0.273752	0.0	0.0236733	-0.293427	-0.9556879999999999	0.0	-0.89865	-0.425097	0.108258	0.0	2.28912	1.1023100000000001	2.23812	0.21592399999999998	
3	0.28427600000000003	0.082879	-0.9551540000000001	0.0	0.9335530000000001	0.202938	0.295456	0.0	0.218324	-0.975678	-0.019681599999999997	0.0	-3.04941	-3.00945	-2.04579	0.348357	-0.43969600000000003	0.854532	-0.276483	0.0	0.0250237	-0.296063	-0.9548409999999999	0.0	-0.897798	-0.42675799999999997	0.108794	0.0	2.29083	1.09874	2.2280599999999997	0.21477399999999996	
3	0.24425500000000003	0.0526909	-0.9682790000000001	0.0	0.946097	0.20606799999999997	0.249873	0.0	0.21269699999999997	-0.977118	0.000482261	0.0	-3.04128	-3.0030799999999997	-2.0451799999999998	0.348427	-0.44127299999999997	0.852576	-0.279986	0.0	0.0278481	-0.298846	-0.953895	0.0	-0.896941	-0.428725	0.10812999999999999	0.0	2.30083	1.10786	2.22405	0.212892	
3	0.229839	0.042053	-0.9723200000000001	0.0	0.9525399999999999	0.195184	0.233606	0.0	0.199605	-0.979865	0.00480369	0.0	-3.03497	-2.99919	-2.0446	0.348357	-0.44262700000000005	0.850885	-0.282977	0.0	0.032877300000000005	-0.299962	-0.953384	0.0	-0.8961030000000001	-0.43129799999999996	0.104797	0.0	2.3161099999999997	1.11566	2.22018	0.20929099999999998	
3	0.232567	0.0430489	-0.971627	0.0	0.9573879999999999	0.165756	0.23650300000000002	0.0	0.171234	-0.9852270000000001	-0.00266513	0.0	-3.02604	-2.9958299999999998	-2.0415200000000002	0.349435	-0.44397299999999995	0.851118	-0.28015500000000004	0.0	0.0320437	-0.29737800000000003	-0.9542219999999999	0.0	-0.895467	-0.432626	0.104755	0.0	2.32843	1.10798	2.23371	0.202672	
3	0.236265	0.035423199999999995	-0.971043	0.0	0.9583879999999999	0.15628399999999998	0.238887	0.0	0.160221	-0.9870770000000001	0.00297531	0.0	-3.02314	-2.99368	-2.04391	0.35107	-0.445737	0.849518	-0.282199	0.0	0.0337286	-0.299087	-0.95363	0.0	-0.8945280000000001	-0.434587	0.10466099999999999	0.0	2.33258	1.1091600000000001	2.23964	0.200517	
3	0.24507199999999998	0.0268461	-0.969133	0.0	0.951564	0.184754	0.245747	0.0	0.185648	-0.982418	0.019732200000000002	0.0	-3.03262	-2.9961	-2.05049	0.35189699999999996	-0.447263	0.848458	-0.282978	0.0	0.0345957	-0.299739	-0.9533940000000001	0.0	-0.893734	-0.43620699999999996	0.104709	0.0	2.33488	1.10935	2.24163	0.199451	
3	0.253538	0.00813997	-0.967291	0.0	0.920219	0.306218	0.243777	0.0	0.298186	-0.9519270000000001	0.0701474	0.0	-3.07131	-3.01131	-2.06694	0.349452	-0.450045	0.8471290000000001	-0.282544	0.0	0.037249000000000004	-0.298313	-0.953741	0.0	-0.892229	-0.439751	0.1027	0.0	2.34871	1.10711	2.23303	0.1974	
3	0.252477	0.0046578	-0.967592	0.0	0.9063479999999999	0.349006	0.23817600000000003	0.0	0.338805	-0.937109	0.0838941	0.0	-3.085	-3.0180000000000002	-2.07135	0.348509	-0.451938	0.846469	-0.281499	0.0	0.037922500000000005	-0.29704899999999995	-0.954109	0.0	-0.891243	-0.44187299999999996	0.102147	0.0	2.35509	1.1042299999999998	2.23032	0.196933	
3	0.255187	0.0101058	-0.9668389999999999	0.0	0.9056620000000001	0.347686	0.24267399999999997	0.0	0.338608	-0.937557	0.07957230000000001	0.0	-3.08677	-3.01795	-2.06984	0.347281	-0.45468400000000003	0.844076	-0.28425100000000003	0.0	0.0429417	-0.298003	-0.953599	0.0	-0.889617	-0.445792	0.0992508	0.0	2.36959	1.10148	2.22701	0.19550399999999998	
3	0.251782	0.023086000000000002	-0.9675090000000001	0.0	0.910184	0.334096	0.24483600000000003	0.0	0.328893	-0.942256	0.0631067	0.0	-3.08511	-3.01649	-2.06263	0.348409	-0.455719	0.842635	-0.28685700000000003	0.0	0.0464642	-0.299308	-0.953025	0.0	-0.8889100000000001	-0.44764	0.09724780000000001	0.0	2.38217	1.0982399999999999	2.22341	0.194395	
3	0.259071	0.0243665	-0.965551	0.0	0.900998	0.354061	0.250685	0.0	0.347972	-0.9349049999999999	0.06977269999999999	0.0	-3.09211	-3.01975	-2.06546	0.34879	-0.45435600000000004	0.843131	-0.287559	0.0	0.0459829	-0.300175	-0.952775	0.0	-0.889632	-0.446122	0.09761689999999999	0.0	2.38659	1.0963399999999999	2.21607	0.194049	
3	0.261901	-0.00081107	-0.965094	0.0	0.947614	0.189681	0.256998	0.0	0.182852	-0.9818450000000001	0.0504462	0.0	-3.17958	-3.3151300000000004	-1.9777099999999999	0.35035700000000003	-0.452446	0.843308	-0.290043	0.0	0.0455056	-0.30298	-0.95191	0.0	-0.8906299999999999	-0.44388599999999995	0.0987069	0.0	2.38593	1.09685	2.21374	0.19481300000000001	
3	0.26879699999999995	-0.014344799999999998	-0.96309	0.0	0.9525450000000001	0.152253	0.263586	0.0	0.142852	-0.988238	0.054589099999999995	0.0	-3.2583599999999997	-3.48	-1.92535	0.352865	-0.45146800000000004	0.84401	-0.289524	0.0	0.044774800000000003	-0.302636	-0.9520540000000001	0.0	-0.8911629999999999	-0.44278599999999996	0.0988405	0.0	2.38219	1.10511	2.20562	0.195131	
3	0.266752	-0.0150621	-0.963648	0.0	0.952076	0.159371	0.261058	0.0	0.149646	-0.9871040000000001	0.0568529	0.0	-3.26946	-3.55285	-1.8934	0.351746	-0.452741	0.8427020000000001	-0.29134	0.0	0.0438728	-0.305295	-0.951247	0.0	-0.8905620000000001	-0.44345	0.101248	0.0	2.38063	1.11194	2.20757	0.195001	
3	0.259075	-0.0217037	-0.965614	0.0	0.9557479999999999	0.150027	0.253056	0.0	0.139377	-0.9884440000000001	0.0596115	0.0	-3.2958300000000005	-3.53568	-1.8588099999999999	0.352612	-0.45826999999999996	0.84035	-0.289484	0.0	0.0491051	-0.301262	-0.952276	0.0	-0.8874559999999999	-0.450614	0.0967938	0.0	2.38414	1.1141	2.21247	0.19226400000000002	
3	0.262515	-0.005178	-0.9649139999999999	0.0	0.951348	0.16856500000000002	0.25792	0.0	0.16131600000000001	-0.985677	0.0491769	0.0	-3.358	-3.53787	-1.8593400000000002	0.35315	-0.45936000000000005	0.839269	-0.29089	0.0	0.0514814	-0.30178	-0.951987	0.0	-0.886757	-0.45228	0.0954188	0.0	2.3950400000000003	1.1168200000000001	2.21426	0.19111	
3	0.266469	-0.00363255	-0.963837	0.0	0.949485	0.172953	0.26185	0.0	0.165747	-0.984923	0.0495355	0.0	-3.35915	-3.54025	-1.86025	0.35289	-0.45821999999999996	0.8395520000000001	-0.29186799999999996	0.0	0.051347000000000004	-0.302819	-0.951664	0.0	-0.8873549999999999	-0.451058	0.09564910000000001	0.0	2.40151	1.11598	2.21083	0.19064	
3	0.29434299999999997	0.00454485	-0.9556889999999999	0.0	0.937933	0.190551	0.28978000000000004	0.0	0.183425	-0.981667	0.0518245	0.0	-3.3219	-3.60342	-1.88665	0.354321	-0.45548999999999995	0.8413229999999999	-0.29104	0.0	0.046651599999999994	-0.303917	-0.951556	0.0	-0.889018	-0.44700200000000007	0.0991817	0.0	2.39255	1.11135	2.20755	0.193903	
3	0.32799	0.00162053	-0.94468	0.0	0.926607	0.194125	0.322048	0.0	0.183908	-0.9809760000000001	0.0621692	0.0	-3.3247699999999996	-3.60356	-1.88462	0.355815	-0.45543500000000003	0.841173	-0.291558	0.0	0.0476661	-0.303985	-0.951484	0.0	-0.888992	-0.447237	0.09835	0.0	2.3896599999999997	1.11717	2.20551	0.19368	
3	0.420955	-0.00323376	-0.907076	0.0	0.8905639999999999	0.19144	0.412609	0.0	0.172316	-0.981499	0.0834673	0.0	-3.3717599999999996	-3.59654	-1.89526	0.296237	-0.45598599999999995	0.8393520000000001	-0.29591300000000004	0.0	0.0492119	-0.308203	-0.950047	0.0	-0.888625	-0.44777100000000003	0.0992301	0.0	2.38889	1.13127	2.20873	0.193118	
3	0.45518800000000004	-0.014806	-0.890272	0.0	0.8728879999999999	0.20472	0.442895	0.0	0.175699	-0.978709	0.10611	0.0	-3.3689	-3.54555	-2.1579900000000003	0.145738	-0.456193	0.8370719999999999	-0.301991	0.0	0.0519102	-0.313751	-0.9480850000000001	0.0	-0.888366	-0.448186	0.0996783	0.0	2.3956	1.14496	2.21354	0.19245	
3	0.48642299999999994	-0.00392294	-0.8737149999999999	0.0	0.86	0.178688	0.47798500000000005	0.0	0.154248	-0.9838979999999999	0.0902918	0.0	-3.32091	-3.5517800000000004	-2.2534	0.11309200000000001	-0.45560200000000006	0.836407	-0.304714	0.0	0.054148699999999994	-0.315631	-0.9473360000000001	0.0	-0.8885350000000001	-0.448108	0.0985116	0.0	2.4051	1.15898	2.21874	0.191675	
3	0.486291	-0.00862449	-0.8737540000000001	0.0	0.859943	0.182079	0.476808	0.0	0.15498	-0.983246	0.09595980000000001	0.0	-3.3188199999999997	-3.55049	-2.25547	0.113293	-0.45425	0.8368469999999999	-0.305521	0.0	0.0530418	-0.316931	-0.9469639999999999	0.0	-0.889293	-0.44636400000000004	0.09957830000000001	0.0	2.40688	1.15915	2.21731	0.191815	
3	0.49534799999999996	-0.017256900000000002	-0.8685229999999999	0.0	0.854384	0.190411	0.4835	0.0	0.157033	-0.9815530000000001	0.10906400000000001	0.0	-3.3184400000000003	-3.5486199999999997	-2.26638	0.113499	-0.450822	0.8382940000000001	-0.306632	0.0	0.0512766	-0.318633	-0.946491	0.0	-0.8911399999999999	-0.44242200000000004	0.100662	0.0	2.4051400000000003	1.15219	2.21275	0.19205899999999998	
3	0.5100439999999999	-0.00781247	-0.8601129999999999	0.0	0.843182	0.202174	0.498167	0.0	0.17	-0.979318	0.109705	0.0	-3.32588	-3.5461199999999997	-2.27432	0.11258699999999999	-0.44993900000000003	0.8381649999999999	-0.308276	0.0	0.0507293	-0.32064699999999996	-0.94584	0.0	-0.891617	-0.441209	0.101752	0.0	2.3981	1.15428	2.21252	0.19238	
3	0.51074	-0.00164244	-0.859733	0.0	0.8407959999999999	0.209696	0.49908900000000006	0.0	0.179463	-0.977765	0.108481	0.0	-3.3258	-3.54659	-2.27434	0.112596	-0.449712	0.8379549999999999	-0.309178	0.0	0.050607099999999995	-0.321695	-0.9454899999999999	0.0	-0.891739	-0.440845	0.102264	0.0	2.3951	1.16313	2.2145599999999996	0.19211199999999998	
3	0.51145	0.00634322	-0.85929	0.0	0.8385549999999999	0.214779	0.500694	0.0	0.18773299999999998	-0.976642	0.104529	0.0	-3.32562	-3.54432	-2.27616	0.11172	-0.45110600000000006	0.837233	-0.309102	0.0	0.0526183	-0.320792	-0.945687	0.0	-0.890918	-0.44286899999999996	0.10065700000000001	0.0	2.3995599999999997	1.15856	2.1973	0.19096400000000002	
3	0.509313	0.0158095	-0.8604360000000001	0.0	0.836227	0.22708499999999998	0.49915600000000004	0.0	0.203283	-0.9737469999999999	0.10243699999999999	0.0	-3.33005	-3.5435	-2.27104	0.111472	-0.451446	0.8371860000000001	-0.308732	0.0	0.0518008	-0.320824	-0.9457209999999999	0.0	-0.8907940000000001	-0.442935	0.10146799999999999	0.0	2.4029700000000003	1.15049	2.19728	0.190745	
3	0.515944	0.060766499999999994	-0.8544639999999999	0.0	0.820363	0.25208600000000003	0.513281	0.0	0.24658899999999997	-0.9657950000000001	0.0802117	0.0	-3.3357900000000003	-3.51685	-2.2730799999999998	0.112158	-0.451484	0.836601	-0.31026	0.0	0.054616	-0.321154	-0.945451	0.0	-0.8906059999999999	-0.443801	0.09930399999999999	0.0	2.40789	1.15596	2.19909	0.18889	
3	0.510354	0.149971	-0.8467870000000001	0.0	0.79218	0.301193	0.530786	0.0	0.334649	-0.9416959999999999	0.0349114	0.0	-3.20968	-3.23868	-2.09515	-0.0112466	-0.45022799999999996	0.8382149999999999	-0.307719	0.0	0.0536405	-0.31861100000000003	-0.946367	0.0	-0.891301	-0.442587	0.0984852	0.0	2.41246	1.12796	2.1916	0.185089	
3	0.492717	0.195277	-0.8479959999999999	0.0	0.78292	0.32587	0.5299470000000001	0.0	0.379823	-0.925027	0.00767595	0.0	-2.9616599999999997	-2.9701299999999997	-1.94535	-0.000690497	-0.449672	0.8396049999999999	-0.304726	0.0	0.05198	-0.315988	-0.9473379999999999	0.0	-0.8916799999999999	-0.44183100000000003	0.09844789999999999	0.0	2.4146799999999997	1.1049799999999999	2.18967	0.18539	
3	0.46720200000000006	0.324764	-0.8223450000000001	0.0	0.7423	0.361209	0.564375	0.0	0.48032700000000006	-0.8741040000000001	-0.0723146	0.0	-2.7572200000000002	-2.42115	-2.09229	0.00048828099999999997	-0.44549700000000003	0.843742	-0.299388	0.0	0.0470483	-0.31188	-0.9489559999999999	0.0	-0.8940469999999999	-0.436842	0.0992448	0.0	2.40783	1.0741399999999999	2.18565	0.18524300000000002	
3	0.399273	0.454153	-0.796446	0.0	0.686525	0.427667	0.5880350000000001	0.0	0.607672	-0.781566	-0.141031	0.0	-2.7236	-1.7104099999999998	-2.19977	0.0	-0.44339300000000004	0.845724	-0.29690700000000003	0.0	0.043017900000000005	-0.310789	-0.9495049999999999	0.0	-0.8952950000000001	-0.433776	0.10142000000000001	0.0	2.3902900000000002	1.05808	2.17492	0.187809	
3	0.370799	0.495011	-0.785794	0.0	0.6713939999999999	0.441717	0.595076	0.0	0.641668	-0.7482310000000001	-0.168559	0.0	-2.7417	-1.50569	-2.22237	0.0	-0.442988	0.845089	-0.29930999999999996	0.0	0.043814099999999995	-0.31304899999999997	-0.9487260000000001	0.0	-0.895457	-0.433388	0.10165	0.0	2.3895	1.0576299999999998	2.16856	0.187996	
3	0.304252	0.5546369999999999	-0.774473	0.0	0.6442140000000001	0.479108	0.596191	0.0	0.7017260000000001	-0.680319	-0.211535	0.0	-2.77022	-1.13076	-2.2495700000000003	0.0	-0.442608	0.8436870000000001	-0.303794	0.0	0.046524199999999995	-0.316724	-0.947376	0.0	-0.895508	-0.43345	0.10093200000000001	0.0	2.38615	1.0580200000000002	2.15348	0.188127	
3	0.310907	0.560114	-0.76786	0.0	0.649605	0.464513	0.6018640000000001	0.0	0.6937939999999999	-0.68593	-0.21943200000000002	0.0	-2.77503	-0.975675	-2.2311400000000003	0.0	-0.442017	0.84224	-0.30863	0.0	0.0494795	-0.32064899999999996	-0.9459049999999999	0.0	-0.895641	-0.43337700000000007	0.10005900000000001	0.0	2.38361	1.06779	2.1473400000000002	0.19045499999999999	
3	0.311361	0.5666800000000001	-0.762842	0.0	0.653946	0.45467399999999997	0.604671	0.0	0.689499	-0.687128	-0.22901100000000002	0.0	-2.8007400000000002	-0.972284	-2.23316	0.0	-0.440007	0.842007	-0.31212	0.0	0.0502488	-0.323943	-0.9447409999999999	0.0	-0.8965870000000001	-0.43137600000000004	0.100228	0.0	2.38282	1.0814700000000002	2.14489	0.19885999999999998	
3	0.42777200000000004	0.595833	-0.679702	0.0	0.621858	0.351731	0.6996979999999999	0.0	0.655975	-0.7219899999999999	-0.220063	0.0	-2.81376	-1.0854	-2.23108	0.0	-0.44015	0.8424590000000001	-0.310695	0.0	0.050462	-0.322261	-0.945305	0.0	-0.8965059999999999	-0.43175399999999997	0.0993304	0.0	2.38328	1.07792	2.14804	0.21133600000000002	
3	0.439745	0.598671	-0.669491	0.0	0.615703	0.34174699999999997	0.710013	0.0	0.65386	-0.724433	-0.218322	0.0	-2.8054099999999997	-1.10274	-2.22739	0.0	-0.440377	0.8426030000000001	-0.30998000000000003	0.0	0.049817900000000005	-0.321797	-0.9454969999999999	0.0	-0.89643	-0.43181800000000004	0.09973510000000001	0.0	2.38282	1.07314	2.14575	0.212504	
3	0.5263399999999999	0.5022840000000001	-0.686059	0.0	0.6950149999999999	0.21066100000000001	0.687442	0.0	0.489817	-0.838649	-0.238215	0.0	-2.83937	-1.3955600000000001	-2.14054	0.30351999999999996	-0.44606999999999997	0.840284	-0.30813	0.0	0.0533471	-0.318705	-0.946351	0.0	-0.893407	-0.43857700000000005	0.09733810000000001	0.0	2.38207	1.05745	2.14779	0.211126	
3	0.420817	0.42111099999999996	-0.8034789999999999	0.0	0.790902	0.263472	0.552318	0.0	0.44428199999999995	-0.867898	-0.22218400000000002	0.0	-2.9310400000000003	-1.53757	-2.09855	0.317601	-0.44742600000000005	0.8393649999999999	-0.30867	0.0	0.05411559999999999	-0.319102	-0.946174	0.0	-0.892683	-0.440046	0.09735160000000001	0.0	2.38464	1.0541399999999999	2.14862	0.210472	
0	0.31146399999999996	0.260775	-0.913776	0.0	0.870215	0.308012	0.384517	0.0	0.381727	-0.9149450000000001	-0.130995	0.0	-3.03855	-1.87137	-1.91241	0.31868	-0.447985	0.839096	-0.308589	0.0	0.0562044	-0.31804699999999997	-0.946408	0.0	-0.892273	-0.44132	0.0953192	0.0	2.39013	1.0527	2.14827	0.209348	
0	0.16335	0.09626699999999999	-0.9818600000000001	0.0	0.924024	0.333787	0.186454	0.0	0.345682	-0.9377200000000001	-0.034429	0.0	-3.0983400000000003	-2.26757	-1.5886799999999999	0.323101	-0.44478500000000004	0.840173	-0.310283	0.0	0.0531441	-0.321071	-0.9455629999999999	0.0	-0.8940600000000001	-0.437062	0.0981568	0.0	2.38965	1.0549899999999999	2.1454	0.21025	
0	0.116704	0.039051199999999994	-0.992399	0.0	0.938342	0.323063	0.12305999999999999	0.0	0.325413	-0.9455709999999999	0.00105935	0.0	-3.09082	-2.39213	-1.49973	0.32415	-0.44438900000000003	0.840426	-0.310165	0.0	0.051971800000000005	-0.321461	-0.9454959999999999	0.0	-0.894325	-0.436287	0.099175	0.0	2.3879200000000003	1.0566	2.14601	0.210633	
0	0.0199336	-0.0455283	-0.998764	0.0	0.952052	0.305894	0.00505739	0.0	0.305286	-0.950976	0.0494427	0.0	-3.06544	-2.58962	-1.27754	0.35673699999999997	-0.44421700000000003	0.8402120000000001	-0.31098899999999996	0.0	0.051720100000000005	-0.32248899999999997	-0.945159	0.0	-0.894425	-0.43593999999999994	0.09979919999999999	0.0	2.38584	1.05949	2.1533900000000004	0.21059499999999998	
0	-0.0108163	-0.0625328	-0.997984	0.0	0.952665	0.302609	-0.029286400000000004	0.0	0.303831	-0.951061	0.056299699999999994	0.0	-3.04845	-2.61617	-1.22852	0.35804600000000003	-0.44426000000000004	0.84006	-0.31134	0.0	0.052499800000000006	-0.322509	-0.945109	0.0	-0.894358	-0.43622	0.099175	0.0	2.3841099999999997	1.06079	2.16204	0.210265	
0	-0.0213302	-0.0814337	-0.99645	0.0	0.950032	0.30880799999999997	-0.0455736	0.0	0.311423	-0.9476319999999999	0.0707777	0.0	-2.9773400000000003	-2.64581	-1.1247	0.358731	-0.443111	0.8397690000000001	-0.313754	0.0	0.0526606	-0.325002	-0.9442459999999999	0.0	-0.894919	-0.434929	0.0997891	0.0	2.38239	1.06684	2.17982	0.210094	
0	-0.0195962	-0.08011489999999999	-0.9965930000000001	0.0	0.94768	0.31616700000000003	-0.0440505	0.0	0.318619	-0.945315	0.0697276	0.0	-2.93245	-2.65119	-1.1188200000000001	0.35829	-0.442532	0.839566	-0.31511100000000003	0.0	0.0501406	-0.327676	-0.943459	0.0	-0.89535	-0.43331000000000003	0.10290999999999999	0.0	2.38101	1.07251	2.1872	0.21106	
0	-0.021899400000000003	-0.0717935	-0.997179	0.0	0.9459690000000001	0.32127100000000003	-0.04390530000000001	0.0	0.323517	-0.944262	0.060878800000000004	0.0	-2.83889	-2.6651700000000003	-1.1372200000000001	0.358798	-0.440096	0.8388950000000001	-0.320269	0.0	0.0520913	-0.332215	-0.941765	0.0	-0.896439	-0.431149	0.10250699999999999	0.0	2.37633	1.08102	2.1947799999999997	0.21055	
0	-0.0322755	-0.042597699999999995	-0.9985709999999999	0.0	0.9396389999999999	0.339217	-0.0448413	0.0	0.340643	-0.939743	0.0290781	0.0	-2.75933	-2.67243	-1.24115	0.359377	-0.43678199999999995	0.8383889999999999	-0.326077	0.0	0.0497474	-0.339415	-0.939321	0.0	-0.898191	-0.4265	0.10654200000000001	0.0	2.36098	1.0921399999999999	2.2093700000000003	0.211679	
0	-0.033309899999999996	-0.036495099999999996	-0.9987790000000001	0.0	0.938934	0.341301	-0.0437851	0.0	0.342482	-0.9392450000000001	0.0228978	0.0	-2.70356	-2.6748	-1.27409	0.359559	-0.435634	0.8379260000000001	-0.32879	0.0	0.0499425	-0.34220900000000004	-0.9382959999999999	0.0	-0.8987370000000001	-0.425174	0.10722899999999999	0.0	2.35711	1.09589	2.2162599999999997	0.21127600000000002	
0	-0.0323764	-0.0197605	-0.99928	0.0	0.9383940000000001	0.343559	-0.0371975	0.0	0.344047	-0.938923	0.00741994	0.0	-2.6051	-2.68548	-1.3477	0.358994	-0.43265600000000004	0.8365610000000001	-0.336117	0.0	0.0491645	-0.35036999999999996	-0.93532	0.0	-0.9002180000000001	-0.42119700000000004	0.11046099999999999	0.0	2.34928	1.12416	2.23355	0.211867	
0	-0.031834100000000004	-0.00660697	-0.9994709999999999	0.0	0.9449139999999999	0.325727	-0.0322495	0.0	0.325768	-0.945441	-0.00412631	0.0	-2.5117	-2.72296	-1.40409	0.358082	-0.432651	0.834678	-0.34077399999999997	0.0	0.049086199999999997	-0.355613	-0.9333440000000001	0.0	-0.900225	-0.42053900000000005	0.11288499999999999	0.0	2.3416099999999997	1.17445	2.2622400000000003	0.211635	
