0	-0.0906015	0.952069	-0.292158	0.0	0.11833099999999999	0.301578	0.9460700000000001	0.0	0.9888319999999999	0.0511438	-0.139983	0.0	-2.7595099999999997	1.98852	1.38764	0.000597954	-0.34827600000000003	0.813226	-0.46622700000000006	0.0	0.520309	-0.246007	-0.8177770000000001	0.0	-0.779732	-0.5273939999999999	-0.337451	0.0	2.62818	2.0114	1.5574700000000001	0.00270493	
0	-0.06047230000000001	0.9471360000000001	-0.315083	0.0	0.13245	0.320484	0.937948	0.0	0.9893430000000001	0.0149869	-0.14482899999999999	0.0	-2.77588	1.97269	1.38582	0.0	0.0149621	0.9242879999999999	-0.381402	0.0	0.11186099999999999	-0.380598	-0.91795	0.0	-0.993611	-0.028929700000000003	-0.10908599999999999	0.0	2.66244	2.0100700000000002	1.58049	0.0	
0	-0.045631	0.93084	-0.36256700000000003	0.0	0.11633900000000001	0.365427	0.923541	0.0	0.9921610000000001	-3.86238e-05	-0.12496800000000001	0.0	-2.7242599999999997	1.9491900000000002	1.38628	0.0	0.00524086	0.924459	-0.381247	0.0	0.122215	-0.378986	-0.9172969999999999	0.0	-0.99249	-0.041786800000000006	-0.114969	0.0	2.66121	1.99711	1.5493700000000001	0.0	
0	-0.045631	0.93084	-0.36256700000000003	0.0	0.11633900000000001	0.365427	0.923541	0.0	0.9921610000000001	-3.86238e-05	-0.12496800000000001	0.0	-2.7242599999999997	1.9491900000000002	1.38628	0.0	0.00524086	0.924459	-0.381247	0.0	0.122215	-0.378986	-0.9172969999999999	0.0	-0.99249	-0.041786800000000006	-0.114969	0.0	2.66121	1.99711	1.5493700000000001	0.0	
0	-0.026412599999999998	0.887034	-0.46094799999999997	0.0	0.113187	0.460797	0.880259	0.0	0.993223	-0.0289238	-0.112572	0.0	-2.66102	1.77466	1.37875	0.0	-0.023605200000000003	0.9243030000000001	-0.380929	0.0	0.16103599999999998	-0.372544	-0.9139360000000001	0.0	-0.9866659999999999	-0.0829167	-0.140052	0.0	2.67007	1.9597099999999998	1.46213	-7.36875e-05	
0	-0.042458300000000004	0.897184	-0.439612	0.0	0.11006700000000001	0.44153100000000006	0.8904690000000001	0.0	0.993017	-0.0105791	-0.117497	0.0	-2.61783	1.7337799999999999	1.3608799999999999	0.0	-0.0334941	0.925162	-0.378092	0.0	0.160919	-0.36837600000000004	-0.915644	0.0	-0.986399	-0.0915108	-0.13653800000000002	0.0	2.65404	1.90589	1.44488	0.0	
0	-0.0310385	0.9114700000000001	-0.41019399999999995	0.0	0.11668599999999998	0.41088900000000006	0.9041870000000001	0.0	0.992684	-0.0197994	-0.11911	0.0	-2.56895	1.67482	1.34493	0.0	-0.0478528	0.939894	-0.338098	0.0	0.184847	-0.324306	-0.927716	0.0	-0.9816020000000001	-0.10689000000000001	-0.158217	0.0	2.64525	1.858	1.3985299999999998	0.183856	
0	-0.029048599999999997	0.914385	-0.403803	0.0	0.12133599999999999	0.404211	0.906582	0.0	0.992186	-0.0226607	-0.122689	0.0	-2.56485	1.65205	1.3116299999999999	0.176514	-0.06941549999999999	0.945514	-0.31809499999999996	0.0	0.20049	-0.299135	-0.932911	0.0	-0.977234	-0.12853299999999998	-0.168801	0.0	2.61761	1.77073	1.34066	0.250971	
0	-0.0291341	0.9158700000000001	-0.400418	0.0	0.12578	0.400762	0.907507	0.0	0.9916299999999999	-0.023925	-0.12687400000000001	0.0	-2.54656	1.64975	1.30647	0.178195	-0.0714298	0.948361	-0.30904699999999996	0.0	0.20155599999999999	-0.289723	-0.9356479999999999	0.0	-0.9768690000000001	-0.12912300000000002	-0.170453	0.0	2.58321	1.7120799999999998	1.3181399999999999	0.25117	
0	-0.0340921	0.9160739999999999	-0.39955799999999997	0.0	0.135804	0.400329	0.9062530000000001	0.0	0.990149	-0.0233654	-0.138054	0.0	-2.57753	1.64442	1.2755	0.17463599999999999	-0.0744284	0.9475690000000001	-0.310764	0.0	0.2014	-0.29092399999999996	-0.935308	0.0	-0.976677	-0.132201	-0.169188	0.0	2.56765	1.69586	1.33392	0.245544	
0	-0.0353418	0.9178059999999999	-0.395453	0.0	0.149346	0.39610700000000004	0.905977	0.0	0.9881530000000001	-0.0270405	-0.151069	0.0	-2.62173	1.6486900000000002	1.25358	0.174454	-0.08105810000000001	0.948659	-0.305737	0.0	0.205842	-0.2842	-0.936408	0.0	-0.9752219999999999	-0.138837	-0.172237	0.0	2.57285	1.68094	1.33866	0.228958	
0	-0.038506	0.9172969999999999	-0.396338	0.0	0.156134	0.397284	0.904316	0.0	0.986985	-0.027060300000000002	-0.158519	0.0	-2.6574	1.6394	1.22825	0.175235	-0.08374880000000001	0.949368	-0.302799	0.0	0.20995	-0.280235	-0.9366909999999999	0.0	-0.9741190000000001	-0.142019	-0.17585	0.0	2.58561	1.66028	1.3341	0.215009	
0	-0.045407800000000005	0.9139709999999999	-0.403231	0.0	0.142422	0.40544600000000003	0.902956	0.0	0.988764	-0.0164277	-0.14858	0.0	-2.63592	1.63776	1.23193	0.175954	-0.0823535	0.950722	-0.298906	0.0	0.20878400000000003	-0.27681100000000003	-0.937968	0.0	-0.9744879999999999	-0.139652	-0.1757	0.0	2.59145	1.65208	1.34507	0.20831	
0	-0.0467152	0.911422	-0.40881300000000004	0.0	0.141749	0.411167	0.9004719999999999	0.0	0.9888	-0.0158833	-0.148401	0.0	-2.61965	1.6403400000000001	1.2364	0.176231	-0.08302739999999999	0.9513360000000001	-0.29675999999999997	0.0	0.20504499999999998	-0.275108	-0.939293	0.0	-0.975225	-0.138836	-0.172225	0.0	2.58743	1.63966	1.37085	0.206931	
0	-0.046477	0.91143	-0.40882199999999996	0.0	0.142148	0.411134	0.900424	0.0	0.9887540000000001	-0.0162643	-0.14866600000000002	0.0	-2.61674	1.6429099999999999	1.24301	0.176029	-0.08216430000000001	0.9503459999999999	-0.300151	0.0	0.2089	-0.278057	-0.937574	0.0	-0.9744790000000001	-0.139737	-0.175681	0.0	2.58938	1.6344100000000001	1.36916	0.203369	
0	-0.0455539	0.913068	-0.405254	0.0	0.146858	0.407389	0.9013690000000001	0.0	0.988108	-0.018453999999999998	-0.15265	0.0	-2.62403	1.64353	1.24637	0.17493399999999998	-0.07711599999999999	0.948585	-0.30698400000000003	0.0	0.216558	-0.284614	-0.9338620000000001	0.0	-0.9732190000000001	-0.138496	-0.183476	0.0	2.60479	1.60914	1.3331	0.19276400000000002	
0	-0.0470094	0.913596	-0.403898	0.0	0.144311	0.406314	0.902266	0.0	0.9884149999999999	-0.015871899999999998	-0.15094200000000002	0.0	-2.6230599999999997	1.6432200000000001	1.24375	0.17436400000000002	-0.0801116	0.9491870000000001	-0.304346	0.0	0.22095	-0.28082199999999996	-0.933981	0.0	-0.971989	-0.142068	-0.187226	0.0	2.6302	1.5930799999999998	1.32792	0.19234400000000001	
0	-0.047369999999999995	0.913903	-0.403158	0.0	0.144289	0.40563899999999997	0.902573	0.0	0.988401	-0.015416399999999999	-0.151081	0.0	-2.61673	1.64583	1.2436399999999999	0.17372200000000002	-0.07996349999999999	0.9491379999999999	-0.30453800000000003	0.0	0.22624	-0.280262	-0.932882	0.0	-0.970784	-0.143495	-0.192322	0.0	2.64773	1.58413	1.32053	0.191449	
0	-0.0462416	0.9158649999999999	-0.39881500000000003	0.0	0.140524	0.40123600000000004	0.9051309999999999	0.0	0.9889969999999999	-0.014188299999999997	-0.147255	0.0	-2.59028	1.6417400000000002	1.24512	0.171524	-0.0815215	0.950749	-0.299051	0.0	0.22755100000000003	-0.27437	-0.934314	0.0	-0.970348	-0.144216	-0.193977	0.0	2.67099	1.53854	1.3021399999999999	0.188332	
0	-0.0473777	0.9172469999999999	-0.395491	0.0	0.141239	0.398109	0.9064	0.0	0.988841	-0.0129155	-0.148412	0.0	-2.57882	1.63188	1.24535	0.171862	-0.08378510000000002	0.949635	-0.301952	0.0	0.233654	-0.27584699999999995	-0.93237	0.0	-0.9687030000000001	-0.148671	-0.198774	0.0	2.67435	1.51439	1.29346	0.189712	
0	-0.0446964	0.916908	-0.396588	0.0	0.142966	0.39876999999999996	0.9058379999999999	0.0	0.988718	-0.0162109	-0.14891	0.0	-2.5704	1.61191	1.2419	0.17236700000000002	-0.0880654	0.94944	-0.30134299999999997	0.0	0.242189	-0.273032	-0.9310200000000001	0.0	-0.966224	-0.154972	-0.20589899999999997	0.0	2.68405	1.50379	1.28124	0.18951199999999999	
0	-0.0449169	0.917026	-0.39629000000000003	0.0	0.140628	0.398544	0.9063040000000001	0.0	0.989043	-0.015021200000000002	-0.146861	0.0	-2.55796	1.5677	1.23611	0.174442	-0.0931997	0.948717	-0.302077	0.0	0.24956199999999998	-0.271453	-0.9295329999999999	0.0	-0.9638629999999999	-0.162019	-0.21146500000000001	0.0	2.7002099999999998	1.48613	1.26729	0.191838	
0	-0.0469727	0.9178149999999999	-0.39421999999999996	0.0	0.140244	0.396807	0.907125	0.0	0.989002	-0.0126771	-0.147358	0.0	-2.55622	1.56025	1.2328299999999999	0.176304	-0.100375	0.9483469999999999	-0.30093600000000004	0.0	0.260185	-0.26692	-0.927932	0.0	-0.9603280000000001	-0.17144	-0.21995399999999998	0.0	2.71112	1.47191	1.25779	0.195898	
0	-0.0482522	0.91833	-0.392862	0.0	0.138973	0.395667	0.907818	0.0	0.9891200000000001	-0.0107929	-0.146715	0.0	-2.55334	1.54864	1.23114	0.17739100000000002	-0.101543	0.9463030000000001	-0.306919	0.0	0.263309	-0.271947	-0.925588	0.0	-0.959353	-0.174801	-0.221556	0.0	2.7014	1.4441700000000002	1.27847	0.207094	
0	-0.0470885	0.918056	-0.393644	0.0	0.13675299999999999	0.396296	0.9078809999999999	0.0	0.9894850000000001	-0.011081200000000001	-0.144208	0.0	-2.5452	1.55224	1.23486	0.176741	-0.115146	0.94399	-0.309231	0.0	0.27408499999999997	-0.269025	-0.9233110000000001	0.0	-0.954787	-0.191071	-0.227756	0.0	2.69334	1.41371	1.28157	0.20727199999999998	
0	-0.0487044	0.9192440000000001	-0.390664	0.0	0.137256	0.393577	0.9089870000000001	0.0	0.9893370000000001	-0.00934905	-0.14534	0.0	-2.5392	1.55493	1.2308700000000001	0.17591500000000002	-0.146196	0.9385530000000001	-0.312643	0.0	0.288027	-0.261963	-0.9210950000000001	0.0	-0.9463969999999999	-0.22471	-0.232031	0.0	2.66198	1.37436	1.30128	0.211986	
0	-0.051726	0.91485	-0.400467	0.0	0.144151	0.403644	0.903489	0.0	0.988203	-0.0109939	-0.152755	0.0	-2.5393	1.5529	1.22075	0.175805	-0.158852	0.9362280000000001	-0.31343699999999997	0.0	0.293015	-0.25845799999999997	-0.9205110000000001	0.0	-0.9428190000000001	-0.238067	-0.23327199999999998	0.0	2.64641	1.35071	1.30059	0.214164	
0	-0.0608151	0.911641	-0.406464	0.0	0.14755	0.410954	0.8996360000000001	0.0	0.987183	-0.0052623999999999995	-0.159505	0.0	-2.5670900000000003	1.55065	1.20497	0.17649600000000001	-0.167102	0.9347709999999999	-0.31349699999999997	0.0	0.296217	-0.255679	-0.9202629999999999	0.0	-0.94039	-0.24664	-0.234171	0.0	2.63135	1.32076	1.29334	0.218613	
0	-0.0641461	0.9108850000000001	-0.407645	0.0	0.146834	0.412655	0.898975	0.0	0.987079	-0.00219068	-0.16022	0.0	-2.5847599999999997	1.54518	1.1915	0.176243	-0.16858399999999998	0.9346409999999999	-0.31309000000000003	0.0	0.297062	-0.25469200000000003	-0.920264	0.0	-0.939858	-0.24814899999999998	-0.234709	0.0	2.6362200000000002	1.31843	1.2905200000000001	0.218967	
0	-0.06657130000000001	0.9100530000000001	-0.409112	0.0	0.149049	0.414491	0.8977649999999999	0.0	0.9865860000000001	-0.00121245	-0.163236	0.0	-2.60357	1.54039	1.17353	0.178509	-0.16873	0.934098	-0.314628	0.0	0.29844899999999996	-0.255804	-0.919507	0.0	-0.939393	-0.249048	-0.235619	0.0	2.6413599999999997	1.33428	1.29284	0.218059	
0	-0.06609860000000001	0.910006	-0.409292	0.0	0.147528	0.41459300000000004	0.897969	0.0	0.9868469999999999	-0.0010277	-0.161656	0.0	-2.60532	1.5365	1.1689100000000001	0.179741	-0.16898	0.933901	-0.31508	0.0	0.298039	-0.256296	-0.9195030000000001	0.0	-0.939478	-0.249284	-0.235031	0.0	2.64183	1.33676	1.29366	0.21869499999999997	
0	-0.061158500000000005	0.907774	-0.41497700000000004	0.0	0.147828	0.419408	0.895681	0.0	0.9871209999999999	-0.00656664	-0.159844	0.0	-2.5809	1.53346	1.1924	0.18013800000000002	-0.170819	0.933709	-0.314656	0.0	0.300688	-0.254716	-0.9190790000000001	0.0	-0.9383	-0.251609	-0.23724499999999998	0.0	2.64414	1.3508	1.2947899999999999	0.218763	
0	-0.0641554	0.905142	-0.420241	0.0	0.148598	0.42507799999999996	0.892876	0.0	0.986814	-0.00516421	-0.161774	0.0	-2.57756	1.5368700000000002	1.1952399999999999	0.180285	-0.168006	0.9350620000000001	-0.31214200000000003	0.0	0.299834	-0.25317	-0.9197850000000001	0.0	-0.9390809999999999	-0.24811999999999998	-0.23783	0.0	2.64646	1.34535	1.29395	0.218741	
0	-0.062523	0.905084	-0.42061099999999996	0.0	0.150979	0.425162	0.892436	0.0	0.986558	-0.00770545	-0.163231	0.0	-2.59402	1.53482	1.1806299999999998	0.179824	-0.17340999999999998	0.9346459999999999	-0.31043000000000004	0.0	0.298944	-0.25038	-0.9208379999999999	0.0	-0.938383	-0.252483	-0.235988	0.0	2.61795	1.27905	1.25292	0.221967	
0	-0.0636602	0.904962	-0.420703	0.0	0.152667	0.42542700000000006	0.892022	0.0	0.986225	-0.00744137	-0.165241	0.0	-2.60358	1.54115	1.17644	0.180089	-0.17884	0.9334309999999999	-0.31100500000000003	0.0	0.297664	-0.249955	-0.9213680000000001	0.0	-0.9377700000000001	-0.257353	-0.233147	0.0	2.60682	1.26062	1.24642	0.225162	
0	-0.0716552	0.9003540000000001	-0.42921899999999996	0.0	0.146244	0.435158	0.8883979999999999	0.0	0.98665	0.000887722	-0.162853	0.0	-2.59726	1.53859	1.16866	0.185995	-0.185869	0.9323899999999999	-0.31000300000000003	0.0	0.303615	-0.245562	-0.920607	0.0	-0.9344899999999999	-0.265233	-0.237445	0.0	2.60209	1.2377	1.23015	0.230334	
0	-0.0612071	0.9025920000000001	-0.426123	0.0	0.14035699999999998	0.430464	0.8916280000000001	0.0	0.988207	-0.0052352	-0.153032	0.0	-2.5526299999999997	1.53853	1.17849	0.189104	-0.186918	0.9320729999999999	-0.310325	0.0	0.304875	-0.245256	-0.920272	0.0	-0.9338700000000001	-0.26662600000000003	-0.238323	0.0	2.61138	1.2316799999999999	1.22628	0.229231	
0	-0.059833000000000004	0.9003690000000001	-0.43099399999999993	0.0	0.140829	0.43506300000000003	0.8893190000000001	0.0	0.988224	-0.00748596	-0.152829	0.0	-2.5201599999999997	1.54731	1.20869	0.190936	-0.18845399999999998	0.9316120000000001	-0.310781	0.0	0.309219	-0.24406799999999998	-0.9191379999999999	0.0	-0.9321309999999999	-0.269315	-0.242076	0.0	2.61699	1.2287299999999999	1.2233	0.22847699999999999	
0	-0.059505600000000006	0.900241	-0.431306	0.0	0.141567	0.43531499999999995	0.889078	0.0	0.988139	-0.00815359	-0.153348	0.0	-2.51762	1.5479	1.21959	0.191111	-0.1888	0.9308059999999999	-0.312979	0.0	0.30888899999999997	-0.24624400000000002	-0.9186690000000001	0.0	-0.9321709999999999	-0.27011999999999997	-0.241025	0.0	2.61452	1.2211100000000001	1.22233	0.22870700000000002	
0	-0.06008340000000001	0.8994409999999999	-0.43289300000000003	0.0	0.14282	0.436961	0.88807	0.0	0.987923	-0.00846729	-0.154712	0.0	-2.51568	1.55282	1.2302	0.190575	-0.191999	0.928867	-0.31677	0.0	0.30599	-0.250026	-0.918617	0.0	-0.932473	-0.273302	-0.23621999999999999	0.0	2.5914200000000003	1.21094	1.23356	0.22933	
0	-0.0601135	0.899684	-0.432384	0.0	0.14213399999999998	0.436468	0.8884219999999999	0.0	0.9880209999999999	-0.00805017	-0.154113	0.0	-2.51378	1.55683	1.24194	0.190212	-0.19256900000000002	0.928109	-0.318639	0.0	0.306755	-0.251506	-0.9179579999999999	0.0	-0.932104	-0.274514	-0.23626999999999998	0.0	2.5872900000000003	1.20268	1.23324	0.229094	
0	-0.0593993	0.9002379999999999	-0.431327	0.0	0.143972	0.43529799999999996	0.8887	0.0	0.9877969999999999	-0.00931111	-0.15546600000000002	0.0	-2.51418	1.56061	1.2439	0.190046	-0.193484	0.927681	-0.319331	0.0	0.307759	-0.251665	-0.9175780000000001	0.0	-0.931584	-0.27581300000000003	-0.23680900000000002	0.0	2.58663	1.20656	1.23322	0.22929899999999998	
0	-0.0528871	0.9039860000000001	-0.424278	0.0	0.144216	0.427332	0.892518	0.0	0.988132	-0.0139852	-0.15297	0.0	-2.5137099999999997	1.55716	1.24817	0.189404	-0.198255	0.927657	-0.31645999999999996	0.0	0.310483	-0.246804	-0.9179799999999999	0.0	-0.929675	-0.28025	-0.239092	0.0	2.5973	1.21151	1.23593	0.229175	
0	-0.041223699999999995	0.9118290000000001	-0.408496	0.0	0.158022	0.40964799999999996	0.8984530000000001	0.0	0.986575	-0.027513599999999996	-0.160976	0.0	-2.52402	1.55824	1.24329	0.183339	-0.219788	0.927516	-0.302336	0.0	0.328621	-0.22141	-0.918143	0.0	-0.918532	-0.301151	-0.256139	0.0	2.6696	1.207	1.20373	0.22819899999999999	
0	-0.0314178	0.917808	-0.395779	0.0	0.17238900000000001	0.395016	0.9023549999999999	0.0	0.9845280000000001	-0.039878	-0.170631	0.0	-2.57259	1.55165	1.22557	0.178097	-0.23971199999999998	0.9235959999999999	-0.299181	0.0	0.358297	-0.20225	-0.911438	0.0	-0.902309	-0.325678	-0.28244	0.0	2.73503	1.17825	1.10676	0.218852	
0	-0.015065899999999998	0.924149	-0.381736	0.0	0.196707	0.37705700000000003	0.9050600000000001	0.0	0.980347	-0.061454499999999995	-0.187467	0.0	-2.62911	1.5203	1.19971	0.177009	-0.23548899999999998	0.9216290000000001	-0.308456	0.0	0.381021	-0.204424	-0.901684	0.0	-0.8940739999999999	-0.329864	-0.303021	0.0	2.84496	1.15578	0.9759329999999999	0.21472600000000003	
0	0.0195352	0.9275629999999999	-0.373156	0.0	0.23867800000000003	0.358109	0.902658	0.0	0.970902	-0.106698	-0.214394	0.0	-2.65828	1.4692399999999999	1.1791399999999999	0.17834	-0.231843	0.921452	-0.311729	0.0	0.381542	-0.208642	-0.9004969999999999	0.0	-0.894804	-0.327712	-0.3032	0.0	2.89165	1.1525	0.945716	0.216454	
0	0.051920400000000005	0.926733	-0.37211500000000003	0.0	0.27400599999999997	0.345098	0.8976799999999999	0.0	0.960326	-0.148569	-0.236013	0.0	-2.66876	1.41014	1.15371	0.181257	-0.232145	0.922018	-0.309824	0.0	0.38025	-0.20715300000000003	-0.901387	0.0	-0.8952760000000001	-0.327063	-0.302508	0.0	2.88694	1.14275	0.939052	0.215692	
0	0.0619261	0.926425	-0.371352	0.0	0.282217	0.340629	0.896842	0.0	0.95735	-0.16034	-0.24035900000000002	0.0	-2.6722799999999998	1.38143	1.14316	0.18171700000000002	-0.230792	0.922321	-0.309936	0.0	0.37949499999999997	-0.207983	-0.9015139999999999	0.0	-0.8959459999999999	-0.325681	-0.302016	0.0	2.87954	1.13585	0.9323670000000001	0.215518	
0	0.0766895	0.9269280000000001	-0.367319	0.0	0.291704	0.331426	0.8972549999999999	0.0	0.9534290000000001	-0.175958	-0.24497199999999997	0.0	-2.6735900000000004	1.34122	1.13494	0.183054	-0.22953400000000002	0.922499	-0.310337	0.0	0.376907	-0.20972600000000002	-0.9021959999999999	0.0	-0.89736	-0.32405300000000004	-0.299557	0.0	2.83352	1.12781	0.935526	0.214024	
0	0.0890314	0.92715	-0.36395900000000003	0.0	0.30487600000000004	0.322504	0.896126	0.0	0.9482219999999999	-0.190746	-0.25395300000000004	0.0	-2.69	1.30223	1.12365	0.182034	-0.228505	0.9220729999999999	-0.31235599999999997	0.0	0.375924	-0.212389	-0.901982	0.0	-0.898035	-0.323529	-0.298098	0.0	2.8123400000000003	1.13125	0.976058	0.21369499999999997	
0	0.09876660000000001	0.926942	-0.361971	0.0	0.314656	0.31599499999999997	0.895064	0.0	0.944053	-0.202299	-0.26045799999999997	0.0	-2.71433	1.29132	1.11655	0.181924	-0.22847800000000001	0.92117	-0.31503000000000003	0.0	0.37540500000000004	-0.215202	-0.901532	0.0	-0.898259	-0.32424400000000003	-0.296643	0.0	2.80239	1.1353	0.996793	0.212187	
0	0.11068	0.9256469999999999	-0.36184	0.0	0.325949	0.310132	0.893071	0.0	0.9388860000000001	-0.216786	-0.267388	0.0	-2.7471200000000002	1.2615399999999999	1.10622	0.180479	-0.228269	0.920431	-0.317333	0.0	0.374633	-0.217802	-0.901228	0.0	-0.898634	-0.324606	-0.295106	0.0	2.78905	1.13598	1.0155	0.209635	
0	0.137562	0.9159700000000001	-0.37693000000000004	0.0	0.368475	0.305911	0.877864	0.0	0.9194040000000001	-0.25965	-0.29543	0.0	-2.7783	1.21623	1.0950600000000001	0.18148399999999998	-0.22827600000000003	0.9198719999999999	-0.318945	0.0	0.37409899999999996	-0.219572	-0.90102	0.0	-0.898855	-0.324999	-0.294	0.0	2.77592	1.1386	1.03095	0.208905	
0	0.259714	0.8864540000000001	-0.383076	0.0	0.443358	0.24295500000000003	0.86279	0.0	0.857894	-0.393918	-0.329918	0.0	-2.80343	1.16971	1.12334	0.244896	-0.22820100000000001	0.919431	-0.320267	0.0	0.373462	-0.221121	-0.900906	0.0	-0.8991389999999999	-0.32519499999999996	-0.29291300000000003	0.0	2.7745	1.13598	1.03035	0.20698000000000003	
0	0.343846	0.853959	-0.390544	0.0	0.467578	0.204973	0.859859	0.0	0.814335	-0.47826899999999994	-0.328813	0.0	-2.79467	1.11442	1.17096	0.31406799999999996	-0.228409	0.9191809999999999	-0.320836	0.0	0.373874	-0.221464	-0.900651	0.0	-0.8989149999999999	-0.325669	-0.293074	0.0	2.77445	1.13497	1.02941	0.20648000000000002	
0	0.44463800000000003	0.766257	-0.46383900000000006	0.0	0.472616	0.239188	0.8481879999999999	0.0	0.760875	-0.596355	-0.255793	0.0	-2.73136	0.9157290000000001	1.25914	0.34663	-0.227173	0.919114	-0.321902	0.0	0.37288499999999997	-0.223259	-0.900617	0.0	-0.8996379999999999	-0.324628	-0.292006	0.0	2.7739	1.13374	1.03372	0.20254	
0	0.523101	0.70463	-0.47943900000000006	0.0	0.484995	0.21646700000000002	0.847303	0.0	0.700818	-0.67575	-0.228508	0.0	-2.71599	0.8506090000000001	1.25285	0.346962	-0.225187	0.918422	-0.325257	0.0	0.371207	-0.22778	-0.9001790000000001	0.0	-0.9008309999999999	-0.323446	-0.28963099999999997	0.0	2.77172	1.13362	1.0404	0.195549	
0	0.555806	0.67701	-0.482429	0.0	0.49182	0.200075	0.847398	0.0	0.670218	-0.708257	-0.221764	0.0	-2.73946	0.8195049999999999	1.20575	0.346549	-0.22489800000000001	0.918192	-0.32610500000000003	0.0	0.36998400000000004	-0.229142	-0.900337	0.0	-0.9014059999999999	-0.323137	-0.28818299999999997	0.0	2.7698	1.13212	1.04751	0.19387000000000001	
0	0.615214	0.610765	-0.49847600000000003	0.0	0.517289	0.164404	0.8398709999999999	0.0	0.594915	-0.774556	-0.214798	0.0	-2.8096	0.719691	1.01708	0.346438	-0.22533499999999998	0.917558	-0.327586	0.0	0.370108	-0.23041199999999998	-0.899961	0.0	-0.9012459999999999	-0.324035	-0.28767600000000004	0.0	2.76932	1.12899	1.05968	0.193242	
0	0.640772	0.526302	-0.558944	0.0	0.553774	0.187403	0.811304	0.0	0.531738	-0.8293889999999999	-0.17137	0.0	-2.9235700000000002	0.50516	0.801114	0.344895	-0.224998	0.917156	-0.328939	0.0	0.370356	-0.231756	-0.8995139999999999	0.0	-0.901228	-0.324214	-0.287529	0.0	2.7678599999999998	1.1345100000000001	1.06339	0.191473	
0	0.626078	0.49887600000000004	-0.599291	0.0	0.588869	0.201297	0.782759	0.0	0.5111359999999999	-0.8429719999999999	-0.167745	0.0	-2.93555	0.42603	0.685571	0.34439699999999995	-0.22389	0.9174100000000001	-0.328988	0.0	0.36845500000000003	-0.23283099999999998	-0.900017	0.0	-0.902283	-0.32272199999999995	-0.285896	0.0	2.7694	1.12962	1.0593700000000001	0.189775	
0	0.597476	0.451926	-0.662409	0.0	0.6444529999999999	0.220952	0.732025	0.0	0.477182	-0.864259	-0.15923099999999998	0.0	-2.91758	0.39958299999999997	0.648051	0.34286700000000003	-0.223977	0.916583	-0.331225	0.0	0.36746599999999996	-0.235354	-0.8997649999999999	0.0	-0.9026649999999999	-0.32324	-0.284099	0.0	2.76608	1.13196	1.05972	0.18974100000000002	
0	0.519938	0.423559	-0.741796	0.0	0.722723	0.244783	0.646338	0.0	0.455342	-0.8721690000000001	-0.178844	0.0	-2.92413	0.378126	0.566183	0.34156	-0.22468000000000002	0.9159870000000001	-0.332397	0.0	0.366755	-0.236542	-0.8997440000000001	0.0	-0.9027790000000001	-0.324063	-0.28279699999999997	0.0	2.7563400000000002	1.1299299999999999	1.07942	0.18898299999999998	
0	0.391889	0.34226999999999996	-0.8539760000000001	0.0	0.82288	0.284721	0.491734	0.0	0.411451	-0.895424	-0.170068	0.0	-2.95303	0.267874	0.46661800000000003	0.341942	-0.22413000000000002	0.9150790000000001	-0.335254	0.0	0.36552199999999996	-0.239961	-0.8993399999999999	0.0	-0.903415	-0.324112	-0.2807	0.0	2.74765	1.12991	1.0947	0.182593	
0	0.332075	0.296245	-0.895525	0.0	0.8594379999999999	0.296213	0.41668299999999997	0.0	0.388706	-0.908018	-0.15624000000000002	0.0	-2.95506	0.224102	0.45864799999999994	0.341572	-0.22376	0.9144979999999999	-0.337084	0.0	0.36485	-0.24211300000000002	-0.8990360000000001	0.0	-0.9037790000000001	-0.324153	-0.27948	0.0	2.7391	1.1294899999999999	1.09907	0.18165699999999999	
0	0.30452399999999996	0.270084	-0.9134110000000001	0.0	0.8774540000000001	0.29356	0.379338	0.0	0.370594	-0.9169940000000001	-0.14759	0.0	-2.95769	0.18939	0.45027399999999995	0.342093	-0.224036	0.914111	-0.337948	0.0	0.364045	-0.243168	-0.899078	0.0	-0.904035	-0.324454	-0.27829899999999996	0.0	2.73448	1.12878	1.10131	0.178782	
0	0.22152800000000003	0.180295	-0.958342	0.0	0.922955	0.278457	0.265735	0.0	0.314768	-0.943375	-0.104718	0.0	-2.89227	0.08285830000000001	0.393856	0.344047	-0.224442	0.9119280000000001	-0.343529	0.0	0.361759	-0.249361	-0.8983040000000001	0.0	-0.9048510000000001	-0.325892	-0.273932	0.0	2.72132	1.13447	1.13235	0.17763099999999998	
0	0.155534	0.130891	-0.9791200000000001	0.0	0.9449930000000001	0.26900599999999997	0.186074	0.0	0.287745	-0.954203	-0.0818517	0.0	-2.86003	0.0357193	0.373788	0.34447	-0.22445199999999998	0.911709	-0.344105	0.0	0.361603	-0.249982	-0.898194	0.0	-0.904911	-0.326031	-0.273568	0.0	2.7179599999999997	1.13444	1.14073	0.177019	
0	0.114326	0.07764589999999999	-0.9904040000000001	0.0	0.9563309999999999	0.261343	0.130881	0.0	0.268998	-0.962118	-0.044377099999999996	0.0	-2.8466	-0.104271	0.319963	0.35335500000000003	-0.224423	0.911359	-0.345051	0.0	0.361777	-0.25085999999999997	-0.8978790000000001	0.0	-0.904849	-0.326336	-0.27341	0.0	2.71428	1.14133	1.1549200000000002	0.1742	
0	0.211799	0.164205	-0.96342	0.0	0.918609	0.30306	0.253601	0.0	0.33361599999999997	-0.938718	-0.0866527	0.0	-2.79491	-0.316848	0.059930399999999995	0.353249	-0.224333	0.9104979999999999	-0.34737199999999996	0.0	0.361265	-0.25335799999999997	-0.897384	0.0	-0.905076	-0.326806	-0.272094	0.0	2.7107799999999997	1.14478	1.1694200000000001	0.165822	
0	0.224471	0.17932	-0.9578399999999999	0.0	0.91307	0.30471	0.271025	0.0	0.340464	-0.9354120000000001	-0.09533330000000001	0.0	-2.7920700000000003	-0.393743	-0.033474300000000005	0.353434	-0.224609	0.910385	-0.347492	0.0	0.36201500000000003	-0.25312399999999996	-0.897148	0.0	-0.904708	-0.327305	-0.272719	0.0	2.71055	1.14584	1.17346	0.163882	
0	0.300427	0.264804	-0.916309	0.0	0.8650549999999999	0.32902800000000004	0.378709	0.0	0.401775	-0.906432	-0.130221	0.0	-2.75089	-0.465841	-0.18474400000000002	0.353024	-0.22405	0.910344	-0.34796	0.0	0.36136599999999997	-0.253986	-0.897166	0.0	-0.905106	-0.326751	-0.27206199999999997	0.0	2.7101599999999997	1.14351	1.1721700000000002	0.161897	
0	0.37268	0.340597	-0.863193	0.0	0.796798	0.359325	0.485796	0.0	0.475628	-0.8688379999999999	-0.137474	0.0	-2.67767	-0.5904550000000001	-0.392302	0.35274099999999997	-0.22435500000000003	0.910215	-0.3481	0.0	0.36130300000000004	-0.254056	-0.8971709999999999	0.0	-0.905056	-0.327054	-0.271865	0.0	2.71065	1.14616	1.1724700000000001	0.158058	
0	0.399316	0.376332	-0.836015	0.0	0.76547	0.365008	0.529929	0.0	0.504582	-0.8515530000000001	-0.142317	0.0	-2.60238	-0.624504	-0.46072799999999997	0.352139	-0.223575	0.9106360000000001	-0.347501	0.0	0.360712	-0.25390999999999997	-0.89745	0.0	-0.9054840000000001	-0.325995	-0.27171	0.0	2.70968	1.14704	1.17406	0.15642	
0	0.424454	0.358756	-0.8313440000000001	0.0	0.763249	0.352195	0.541673	0.0	0.487124	-0.8644379999999999	-0.12433	0.0	-2.59614	-0.7526729999999999	-0.461038	0.352453	-0.224125	0.909749	-0.349465	0.0	0.360917	-0.255608	-0.896885	0.0	-0.905266	-0.327142	-0.271056	0.0	2.70586	1.14631	1.18393	0.15598800000000002	
0	0.434306	0.354688	-0.827995	0.0	0.761284	0.34681100000000004	0.547878	0.0	0.481483	-0.8682850000000001	-0.119396	0.0	-2.61935	-0.828801	-0.429408	0.351906	-0.224031	0.909717	-0.349606	0.0	0.360913	-0.255777	-0.8968389999999999	0.0	-0.905291	-0.32709699999999997	-0.271027	0.0	2.7059599999999997	1.14352	1.18536	0.15353699999999998	
0	0.448824	0.359112	-0.818288	0.0	0.75355	0.340107	0.562575	0.0	0.480333	-0.8691180000000001	-0.11796	0.0	-2.6707799999999997	-0.9220139999999999	-0.43426499999999996	0.351277	-0.223821	0.909322	-0.35076799999999997	0.0	0.360319	-0.25719899999999996	-0.8966709999999999	0.0	-0.9055799999999999	-0.32708200000000004	-0.270079	0.0	2.70624	1.14996	1.19249	0.153504	
0	0.456371	0.34928000000000003	-0.8183699999999999	0.0	0.75416	0.33624899999999996	0.564074	0.0	0.472195	-0.874609	-0.10995899999999999	0.0	-2.74343	-0.975786	-0.445191	0.345672	-0.223264	0.9086280000000001	-0.35291500000000003	0.0	0.360944	-0.259255	-0.8958280000000001	0.0	-0.905468	-0.327388	-0.270081	0.0	2.70419	1.15266	1.1967299999999998	0.152675	
0	0.496442	0.319857	-0.8069930000000001	0.0	0.757895	0.293564	0.582594	0.0	0.42325100000000004	-0.90084	-0.09668099999999999	0.0	-2.78852	-0.983145	-0.441759	0.32921100000000003	-0.22386399999999998	0.9091229999999999	-0.35125500000000004	0.0	0.359917	-0.257812	-0.8966569999999999	0.0	-0.9057290000000001	-0.327152	-0.269494	0.0	2.7048099999999997	1.15068	1.20468	0.153276	
0	0.5208079999999999	0.301602	-0.798621	0.0	0.760821	0.260312	0.5944649999999999	0.0	0.387183	-0.9172100000000001	-0.09389299999999999	0.0	-2.96155	-1.0065899999999999	-0.434159	0.324086	-0.223262	0.9088510000000001	-0.35234	0.0	0.359537	-0.259195	-0.89641	0.0	-0.9060280000000001	-0.326813	-0.268897	0.0	2.7044799999999998	1.146	1.20507	0.15284	
0	0.535212	0.30201100000000003	-0.788884	0.0	0.752736	0.253276	0.607651	0.0	0.383323	-0.919043	-0.09177880000000001	0.0	-3.0624	-1.03451	-0.406638	0.327847	-0.223543	0.909407	-0.350724	0.0	0.35904	-0.257698	-0.897041	0.0	-0.906156	-0.32645100000000005	-0.268907	0.0	2.70335	1.14553	1.20506	0.153429	
0	0.538425	0.304541	-0.785719	0.0	0.748533	0.255404	0.611937	0.0	0.387035	-0.917618	-0.0904428	0.0	-3.09629	-1.0929200000000001	-0.427878	0.342525	-0.22344899999999998	0.9092120000000001	-0.351288	0.0	0.359053	-0.258278	-0.896869	0.0	-0.9061739999999999	-0.32653499999999996	-0.268744	0.0	2.7053599999999998	1.1388	1.2003700000000002	0.15301800000000002	
0	0.53698	0.309935	-0.784597	0.0	0.746691	0.258175	0.613023	0.0	0.392561	-0.915033	-0.0927911	0.0	-3.06615	-1.1026799999999999	-0.43270299999999995	0.349499	-0.22397899999999998	0.909567	-0.35003	0.0	0.35889899999999997	-0.256938	-0.897315	0.0	-0.9061040000000001	-0.32660500000000003	-0.268894	0.0	2.70452	1.13762	1.19696	0.153028	
0	0.535971	0.314326	-0.78354	0.0	0.746152	0.257826	0.613827	0.0	0.394958	-0.913633	-0.09634789999999999	0.0	-3.07333	-1.10097	-0.449146	0.34994200000000003	-0.22493200000000002	0.909057	-0.35074299999999997	0.0	0.358656	-0.25745	-0.897266	0.0	-0.905964	-0.32761999999999997	-0.26813000000000003	0.0	2.7032	1.14019	1.19882	0.152882	
0	0.5347	0.320755	-0.781801	0.0	0.745149	0.257382	0.61523	0.0	0.398559	-0.9115209999999999	-0.101388	0.0	-3.0802099999999997	-1.08981	-0.49262799999999995	0.34987199999999996	-0.224875	0.9089659999999999	-0.351015	0.0	0.358566	-0.257768	-0.8972100000000001	0.0	-0.906014	-0.32762199999999997	-0.267959	0.0	2.70309	1.13622	1.19868	0.152695	
0	0.537296	0.340433	-0.771634	0.0	0.734117	0.261625	0.626598	0.0	0.41519300000000003	-0.9031379999999999	-0.109347	0.0	-3.06639	-1.08595	-0.5105430000000001	0.350045	-0.22447199999999998	0.908601	-0.352217	0.0	0.35818	-0.259211	-0.896949	0.0	-0.906267	-0.327497	-0.267257	0.0	2.7016299999999998	1.13721	1.20434	0.152673	
0	0.529213	0.35538800000000004	-0.770476	0.0	0.72975	0.272646	0.627	0.0	0.432895	-0.894072	-0.11505699999999999	0.0	-3.0558	-1.10774	-0.5272640000000001	0.349948	-0.223212	0.908122	-0.354246	0.0	0.358121	-0.26160100000000003	-0.896278	0.0	-0.906601	-0.326923	-0.266826	0.0	2.70127	1.14155	1.20559	0.15171099999999998	
0	0.508054	0.359669	-0.782636	0.0	0.733129	0.29636999999999997	0.612117	0.0	0.45211	-0.884762	-0.11311199999999999	0.0	-3.02485	-1.14822	-0.558888	0.34917600000000004	-0.22279000000000002	0.907868	-0.355162	0.0	0.35689499999999996	-0.263069	-0.896337	0.0	-0.9071879999999999	-0.32645100000000005	-0.265404	0.0	2.70011	1.14444	1.2072399999999999	0.152071	
0	0.493774	0.357986	-0.7924859999999999	0.0	0.737495	0.31046999999999997	0.599758	0.0	0.46074799999999994	-0.880599	-0.11071099999999999	0.0	-2.9777400000000003	-1.15926	-0.570623	0.348989	-0.223056	0.9076639999999999	-0.355516	0.0	0.357596	-0.26308899999999996	-0.8960520000000001	0.0	-0.906847	-0.32700100000000004	-0.265893	0.0	2.69863	1.14615	1.21023	0.151507	
0	0.46928400000000003	0.35125700000000004	-0.81018	0.0	0.747305	0.330802	0.576286	0.0	0.470433	-0.875893	-0.10725699999999999	0.0	-2.92424	-1.1703	-0.580887	0.34943	-0.222929	0.907341	-0.356419	0.0	0.357375	-0.264098	-0.8958440000000001	0.0	-0.9069649999999999	-0.327085	-0.265386	0.0	2.69828	1.14609	1.2087299999999999	0.151221	
0	0.46954700000000005	0.34829099999999996	-0.811307	0.0	0.746117	0.334769	0.575533	0.0	0.472053	-0.8755700000000001	-0.102676	0.0	-2.9161900000000003	-1.1733799999999999	-0.5839439999999999	0.349468	-0.22331700000000002	0.907422	-0.355971	0.0	0.357622	-0.263454	-0.895935	0.0	-0.9067729999999999	-0.32738	-0.26568	0.0	2.6989	1.1446399999999999	1.20992	0.151228	
0	0.469395	0.348034	-0.811505	0.0	0.745985	0.335397	0.575339	0.0	0.47241400000000006	-0.875432	-0.10219400000000001	0.0	-2.91669	-1.1734	-0.585742	0.34948	-0.22331399999999998	0.9074030000000001	-0.35602	0.0	0.357663	-0.263489	-0.895908	0.0	-0.9067569999999999	-0.327404	-0.265704	0.0	2.69842	1.14493	1.21055	0.15121400000000002	
0	0.47063999999999995	0.34275700000000003	-0.813028	0.0	0.7424609999999999	0.344003	0.574816	0.0	0.476707	-0.874173	-0.09258229999999999	0.0	-2.89443	-1.16577	-0.551397	0.34942	-0.22307800000000003	0.907493	-0.355939	0.0	0.35703	-0.263704	-0.8960969999999999	0.0	-0.907065	-0.32698	-0.265176	0.0	2.69991	1.14329	1.2059	0.15121500000000002	
0	0.47217200000000004	0.34020100000000003	-0.813214	0.0	0.741618	0.34537199999999996	0.575084	0.0	0.476505	-0.874633	-0.0892243	0.0	-2.88583	-1.16326	-0.5365270000000001	0.34942199999999995	-0.223829	0.907307	-0.355943	0.0	0.357889	-0.263181	-0.895908	0.0	-0.9065409999999999	-0.327918	-0.265807	0.0	2.70027	1.1420000000000001	1.20671	0.151041	
0	0.472343	0.338814	-0.813693	0.0	0.741484	0.346375	0.574653	0.0	0.47654399999999997	-0.8747739999999999	-0.0876172	0.0	-2.88219	-1.1631	-0.523994	0.349502	-0.224036	0.907118	-0.356294	0.0	0.35813	-0.263381	-0.895753	0.0	-0.9063950000000001	-0.32828	-0.265859	0.0	2.69918	1.1419	1.20791	0.151151	
0	0.47163	0.335875	-0.8153239999999999	0.0	0.7412449999999999	0.34980500000000003	0.5728810000000001	0.0	0.477621	-0.874542	-0.08398739999999999	0.0	-2.87469	-1.14825	-0.491167	0.349339	-0.22482	0.906904	-0.35634299999999997	0.0	0.359082	-0.262856	-0.895526	0.0	-0.905824	-0.329289	-0.26655700000000004	0.0	2.69945	1.14688	1.21386	0.15099400000000002	
0	0.469186	0.335868	-0.816736	0.0	0.742643	0.350385	0.570712	0.0	0.47785600000000006	-0.8743129999999999	-0.0850345	0.0	-2.8772599999999997	-1.1304	-0.481364	0.349209	-0.22515500000000002	0.906934	-0.356057	0.0	0.358759	-0.262594	-0.895733	0.0	-0.905868	-0.329417	-0.266246	0.0	2.70045	1.14631	1.21695	0.150974	
0	0.46925900000000004	0.335381	-0.816894	0.0	0.742888	0.350182	0.570517	0.0	0.47740200000000005	-0.8745809999999999	-0.0848244	0.0	-2.88164	-1.12618	-0.4918	0.349412	-0.225061	0.906883	-0.356245	0.0	0.358894	-0.262758	-0.8956299999999999	0.0	-0.9058379999999999	-0.329425	-0.266338	0.0	2.70013	1.14704	1.2177	0.150911	
0	0.48981899999999995	0.389727	-0.779866	0.0	0.725259	0.314261	0.6125689999999999	0.0	0.48381599999999997	-0.8656520000000001	-0.128722	0.0	-2.88218	-1.01358	-0.567164	0.35047399999999995	-0.21900300000000003	0.9072	-0.35920100000000005	0.0	0.355788	-0.268542	-0.8951540000000001	0.0	-0.908544	-0.323841	-0.26396	0.0	2.70067	1.15904	1.2170100000000001	0.140463	
0	0.507046	0.381892	-0.772698	0.0	0.721511	0.30236399999999997	0.622895	0.0	0.47151499999999996	-0.873347	-0.122227	0.0	-2.86965	-1.01702	-0.5466439999999999	0.350519	-0.21711999999999998	0.907301	-0.360089	0.0	0.350592	-0.271795	-0.896222	0.0	-0.911013	-0.320832	-0.25908000000000003	0.0	2.6977	1.15362	1.2126	0.140002	
0	0.51062	0.388741	-0.766907	0.0	0.712791	0.30741599999999997	0.630416	0.0	0.480829	-0.868548	-0.120118	0.0	-2.84823	-1.02433	-0.510047	0.350409	-0.22253	0.9060870000000001	-0.35984299999999997	0.0	0.349502	-0.270423	-0.897062	0.0	-0.910126	-0.325389	-0.256502	0.0	2.68019	1.13954	1.21754	0.141505	
0	0.511551	0.392342	-0.76445	0.0	0.706622	0.31409499999999996	0.634058	0.0	0.488878	-0.8645299999999999	-0.11656199999999999	0.0	-2.81785	-1.03077	-0.49336499999999994	0.350443	-0.22446300000000002	0.9049149999999999	-0.361587	0.0	0.348892	-0.271832	-0.8968729999999999	0.0	-0.909885	-0.327469	-0.254701	0.0	2.69413	1.12605	1.20885	0.141003	
0	0.510938	0.390662	-0.7657189999999999	0.0	0.706255	0.317029	0.6330060000000001	0.0	0.490046	-0.8642200000000001	-0.113925	0.0	-2.81298	-1.03464	-0.483484	0.350527	-0.22544899999999998	0.904734	-0.361428	0.0	0.35020999999999997	-0.270924	-0.896634	0.0	-0.909135	-0.328721	-0.255767	0.0	2.69509	1.1205399999999999	1.21011	0.14091800000000002	
0	0.5159159999999999	0.384295	-0.7656029999999999	0.0	0.7004279999999999	0.325298	0.635281	0.0	0.49318500000000004	-0.864001	-0.101345	0.0	-2.7657700000000003	-1.0515	-0.43568	0.350421	-0.227371	0.9051600000000001	-0.35915	0.0	0.352167	-0.267419	-0.89692	0.0	-0.907899	-0.330414	-0.257965	0.0	2.69901	1.11503	1.20284	0.14060899999999998	
0	0.5195	0.38300300000000004	-0.763825	0.0	0.696343	0.328298	0.6382220000000001	0.0	0.49520299999999995	-0.86344	-0.09615069999999999	0.0	-2.7382400000000002	-1.05253	-0.430188	0.350138	-0.22793000000000002	0.9048350000000001	-0.359614	0.0	0.352126	-0.26773600000000003	-0.896842	0.0	-0.907775	-0.331047	-0.25759	0.0	2.7025	1.10664	1.20276	0.140727	
0	0.5208189999999999	0.380917	-0.7639699999999999	0.0	0.6967800000000001	0.327352	0.638231	0.0	0.4932	-0.8647219999999999	-0.094924	0.0	-2.72332	-1.05128	-0.425407	0.35029099999999996	-0.227883	0.905001	-0.359224	0.0	0.352933	-0.267069	-0.8967229999999999	0.0	-0.907473	-0.33113000000000004	-0.25854499999999997	0.0	2.7033099999999997	1.09923	1.20331	0.140246	
0	0.5308350000000001	0.37561700000000003	-0.759688	0.0	0.69108	0.32700100000000004	0.644576	0.0	0.490533	-0.8671690000000001	-0.085998	0.0	-2.6886200000000002	-1.05977	-0.40634499999999996	0.350953	-0.22844299999999998	0.9042610000000001	-0.360729	0.0	0.351593	-0.268892	-0.896705	0.0	-0.907852	-0.331676	-0.256506	0.0	2.70155	1.08619	1.20907	0.14030499999999999	
0	0.531502	0.374741	-0.759654	0.0	0.690984	0.326913	0.644724	0.0	0.48994499999999996	-0.8675809999999999	-0.0851853	0.0	-2.6808799999999997	-1.06439	-0.396014	0.351072	-0.228819	0.9039940000000001	-0.361162	0.0	0.35115799999999997	-0.269376	-0.896731	0.0	-0.907927	-0.332013	-0.255806	0.0	2.7004200000000003	1.07477	1.20727	0.140188	
0	0.531284	0.373254	-0.7605390000000001	0.0	0.690587	0.329203	0.643984	0.0	0.490741	-0.8673559999999999	-0.08286410000000001	0.0	-2.67366	-1.06445	-0.4022	0.35113099999999997	-0.22940100000000002	0.903661	-0.361623	0.0	0.350978	-0.26973600000000003	-0.896692	0.0	-0.907849	-0.332624	-0.255288	0.0	2.70135	1.06828	1.20281	0.140123	
0	0.531983	0.372188	-0.7605729999999999	0.0	0.689954	0.33018000000000003	0.644163	0.0	0.490875	-0.8674430000000001	-0.08114260000000001	0.0	-2.67155	-1.06522	-0.39779499999999995	0.351277	-0.22952199999999998	0.9038379999999999	-0.361106	0.0	0.350867	-0.26923	-0.8968879999999999	0.0	-0.907861	-0.332556	-0.255333	0.0	2.70249	1.06651	1.2034200000000002	0.139945	
0	0.534524	0.369043	-0.760323	0.0	0.6890390000000001	0.33065	0.6449	0.0	0.489397	-0.868607	-0.0775448	0.0	-2.67041	-1.06711	-0.393084	0.351972	-0.22987800000000003	0.903587	-0.361506	0.0	0.351478	-0.269303	-0.896626	0.0	-0.9075350000000001	-0.333177	-0.255684	0.0	2.70209	1.06619	1.2016799999999999	0.139906	
0	0.534745	0.367763	-0.760788	0.0	0.688814	0.331803	0.644548	0.0	0.48947299999999994	-0.86871	-0.0758905	0.0	-2.6695900000000004	-1.06425	-0.401033	0.35152100000000003	-0.23044099999999998	0.9033620000000001	-0.361711	0.0	0.350993	-0.26952800000000005	-0.896749	0.0	-0.9075799999999999	-0.333606	-0.25496399999999997	0.0	2.70188	1.0644200000000001	1.2009299999999998	0.140042	
0	0.537695	0.36322	-0.760891	0.0	0.687347	0.33381700000000003	0.6450739999999999	0.0	0.48830200000000007	-0.869849	-0.07016660000000001	0.0	-2.67043	-1.03712	-0.385762	0.34976	-0.231721	0.902732	-0.362464	0.0	0.353562	-0.268968	-0.895907	0.0	-0.906256	-0.335754	-0.256846	0.0	2.70702	1.06694	1.19994	0.139294	
0	0.5465899999999999	0.36193600000000004	-0.7551439999999999	0.0	0.683222	0.328669	0.652061	0.0	0.48419700000000004	-0.872341	-0.06763580000000001	0.0	-2.66995	-1.01388	-0.402159	0.348891	-0.231106	0.902954	-0.362304	0.0	0.352139	-0.26950799999999997	-0.8963049999999999	0.0	-0.9069659999999999	-0.334723	-0.25568	0.0	2.70814	1.0621200000000002	1.1976	0.139347	
0	0.550902	0.361954	-0.751995	0.0	0.680126	0.327489	0.655881	0.0	0.48366899999999996	-0.872777	-0.06576030000000001	0.0	-2.68656	-0.981195	-0.39516399999999996	0.341262	-0.231158	0.903236	-0.361566	0.0	0.35214	-0.268761	-0.8965290000000001	0.0	-0.9069530000000001	-0.33456199999999997	-0.25593899999999997	0.0	2.7068	1.06656	1.20062	0.13956500000000002	
0	0.5508689999999999	0.361954	-0.75202	0.0	0.680138	0.32752	0.655853	0.0	0.48368999999999995	-0.8727659999999999	-0.0657577	0.0	-2.68582	-0.982342	-0.395242	0.341238	-0.231159	0.9032379999999999	-0.361562	0.0	0.352141	-0.268757	-0.8965299999999999	0.0	-0.9069520000000001	-0.33456199999999997	-0.255942	0.0	2.70689	1.06635	1.20052	0.13955399999999998	
