0	0.593133	0.516197	-0.617846	0.0	0.685154	0.0793724	0.724061	0.0	0.42279799999999995	-0.852784	-0.306596	0.0	-2.7396700000000003	2.0	1.46191	0.0	-0.593133	0.516197	-0.617847	0.0	0.751164	0.0786395	-0.655415	0.0	-0.289736	-0.852852	-0.434392	0.0	2.66032	2.0	1.53809	0.0	
0	0.391268	0.866748	-0.309285	0.0	0.375864	0.15626099999999998	0.9134049999999999	0.0	0.8400209999999999	-0.47363599999999995	-0.264639	0.0	-2.73737	2.03839	1.35627	-4.60148e-05	-0.593132	0.516197	-0.617846	0.0	0.7511899999999999	0.07871689999999999	-0.6553760000000001	0.0	-0.289668	-0.8528450000000001	-0.43445200000000006	0.0	2.66032	2.0	1.53809	0.0	
0	-0.17890999999999999	0.9805440000000001	-0.08076950000000001	0.0	-0.17004	0.0500423	0.984166	0.0	0.96906	0.18981099999999998	0.157779	0.0	-2.75256	2.0721	1.2779200000000002	0.0	-0.30926	0.9271459999999999	-0.21156	0.0	0.140317	-0.175543	-0.9744209999999999	0.0	-0.9405690000000001	-0.33103499999999997	-0.0758061	0.0	2.63468	2.00047	1.53135	0.00487166	
0	-0.216731	0.96941	-0.11520799999999999	0.0	-0.194947	0.07265880000000001	0.9781190000000001	0.0	0.956569	0.234448	0.173236	0.0	-2.76935	2.16226	1.1206200000000002	0.0	-0.328914	0.9202950000000001	-0.21183200000000002	0.0	0.141505	-0.173751	-0.97457	0.0	-0.9336979999999999	-0.350525	-0.0730776	0.0	2.6444099999999997	1.97462	1.36978	0.0	
0	-0.225973	0.959241	-0.169683	0.0	-0.21299899999999997	0.12131900000000001	0.969491	0.0	0.9505620000000001	0.25522100000000003	0.176902	0.0	-2.79889	2.22542	0.9567760000000001	0.0	-0.360125	0.9000370000000001	-0.245443	0.0	0.20516500000000001	-0.18024600000000002	-0.961987	0.0	-0.910064	-0.39679200000000003	-0.119745	0.0	2.6486	2.00257	1.18097	0.0	
0	-0.256284	0.933241	-0.251753	0.0	-0.220057	0.19727999999999998	0.9553299999999999	0.0	0.941219	0.300236	0.154807	0.0	-2.78554	2.1608099999999997	0.804917	0.0	-0.39704	0.869402	-0.294108	0.0	0.313116	-0.172913	-0.933841	0.0	-0.8627389999999999	-0.462862	-0.20357	0.0	2.66283	2.0019299999999998	0.9947	0.0	
0	-0.237127	0.9201530000000001	-0.311593	0.0	-0.21101999999999999	0.264297	0.9410729999999999	0.0	0.948283	0.288906	0.131499	0.0	-2.66289	1.94137	0.6963239999999999	0.0	-0.426285	0.8694139999999999	-0.24980100000000002	0.0	0.322316	-0.11204000000000001	-0.9399780000000001	0.0	-0.845218	-0.48121400000000003	-0.232465	0.0	2.66356	1.9291	0.78684	0.325104	
0	-0.22596100000000002	0.880174	-0.417415	0.0	-0.25157199999999996	0.361236	0.897898	0.0	0.941091	0.3079	0.139802	0.0	-2.5779	1.8432	0.633744	0.119796	-0.474024	0.833907	-0.282666	0.0	0.324646	-0.132885	-0.9364540000000001	0.0	-0.8184779999999999	-0.535668	-0.207734	0.0	2.5728400000000002	1.7751400000000002	0.790347	0.301973	
0	-0.24037199999999997	0.8453350000000001	-0.47710699999999995	0.0	-0.305345	0.400717	0.863823	0.0	0.9214040000000001	0.353321	0.161797	0.0	-2.5057099999999997	1.77593	0.5579770000000001	0.154397	-0.581378	0.774208	-0.250203	0.0	0.320411	-0.0648097	-0.945059	0.0	-0.747888	-0.6296039999999999	-0.21038600000000002	0.0	2.51723	1.53503	0.754919	0.30895500000000004	
0	-0.299335	0.805113	-0.512047	0.0	-0.285928	0.4363	0.8531629999999999	0.0	0.910299	0.40179000000000004	0.0996049	0.0	-2.4808	1.63137	0.44516700000000003	0.13940999999999998	-0.670351	0.695379	-0.258995	0.0	0.321809	-0.0420644	-0.9458700000000001	0.0	-0.668633	-0.717411	-0.195582	0.0	2.54295	1.2787899999999999	0.7082930000000001	0.307666	
0	-0.36442199999999997	0.777633	-0.5123310000000001	0.0	-0.255035	0.445788	0.858039	0.0	0.8956299999999999	0.443351	0.035868699999999996	0.0	-2.47218	1.4923	0.326839	0.125302	-0.685758	0.67433	-0.273889	0.0	0.330323	-0.0469694	-0.942699	0.0	-0.648555	-0.736935	-0.19053699999999998	0.0	2.60302	1.0927200000000001	0.6587609999999999	0.30591	
0	-0.42314799999999997	0.753844	-0.5026579999999999	0.0	-0.20730900000000002	0.459504	0.863643	0.0	0.882026	0.469654	-0.0381597	0.0	-2.47368	1.3889200000000002	0.22148800000000002	0.127669	-0.6954859999999999	0.656312	-0.292497	0.0	0.32697	-0.07341189999999999	-0.9421790000000001	0.0	-0.639836	-0.7509100000000001	-0.16353800000000002	0.0	2.61343	0.9539	0.667313	0.30498400000000003	
0	-0.464025	0.735631	-0.493486	0.0	-0.19961600000000002	0.455928	0.867343	0.0	0.863038	0.500977	-0.0647184	0.0	-2.4767799999999998	1.3143799999999999	0.0784866	0.109878	-0.699395	0.6481100000000001	-0.301332	0.0	0.32021	-0.0927929	-0.9427909999999999	0.0	-0.638993	-0.7558729999999999	-0.14263299999999998	0.0	2.5815200000000003	0.8857360000000001	0.721566	0.304759	
0	-0.497879	0.690717	-0.5244300000000001	0.0	-0.20111300000000001	0.496267	0.8445540000000001	0.0	0.843606	0.5259550000000001	-0.108169	0.0	-2.5177099999999997	1.2291299999999998	-0.11790899999999999	0.07096960000000001	-0.70238	0.645183	-0.300667	0.0	0.30588899999999997	-0.10782	-0.9459420000000001	0.0	-0.642724	-0.756382	-0.121624	0.0	2.5483700000000002	0.820075	0.783044	0.305748	
0	-0.48459399999999997	0.618978	-0.6180899999999999	0.0	-0.22149499999999997	0.5967439999999999	0.771257	0.0	0.846232	0.51065	-0.152078	0.0	-2.6860000000000004	1.17321	-0.347891	0.038830500000000004	-0.710023	0.635007	-0.304357	0.0	0.29240700000000003	-0.12731900000000002	-0.947781	0.0	-0.640598	-0.761942	-0.09528049999999999	0.0	2.47696	0.709921	0.875074	0.306476	
0	-0.365178	0.593237	-0.717437	0.0	-0.284955	0.662438	0.692803	0.0	0.8862540000000001	0.457433	-0.0728622	0.0	-2.7713900000000002	1.13283	-0.41789499999999996	0.0453212	-0.720218	0.6212270000000001	-0.308811	0.0	0.286319	-0.139285	-0.9479559999999999	0.0	-0.631908	-0.771153	-0.0775538	0.0	2.44263	0.6119680000000001	0.9616530000000001	0.306825	
0	-0.20974600000000002	0.5254340000000001	-0.824576	0.0	-0.330815	0.755462	0.565543	0.0	0.920091	0.39140199999999997	0.0153662	0.0	-2.78855	1.20916	-0.358989	0.21755300000000002	-0.7174159999999999	0.624286	-0.309164	0.0	0.278526	-0.149739	-0.948684	0.0	-0.638544	-0.7667109999999999	-0.066455	0.0	2.3978099999999998	0.526679	1.03088	0.306589	
0	-0.126648	0.45271300000000003	-0.882616	0.0	-0.342485	0.815107	0.46723000000000003	0.0	0.930948	0.361456	0.05181569999999999	0.0	-2.7887	1.3057	-0.24388200000000002	0.24562199999999998	-0.715331	0.625718	-0.311094	0.0	0.276692	-0.15517999999999998	-0.9483459999999999	0.0	-0.6416729999999999	-0.764458	-0.0621265	0.0	2.38043	0.520259	1.06311	0.305671	
0	-0.0149437	0.31528	-0.948881	0.0	-0.348493	0.88784	0.300487	0.0	0.937192	0.335169	0.0966054	0.0	-2.83255	1.31568	-0.162422	0.289196	-0.710761	0.629239	-0.314448	0.0	0.27508299999999997	-0.16278900000000002	-0.9475379999999999	0.0	-0.647416	-0.759973	-0.0573885	0.0	2.37187	0.505533	1.07984	0.30507199999999995	
0	0.03949419999999999	0.18431199999999998	-0.982074	0.0	-0.35993600000000003	0.919486	0.158091	0.0	0.932141	0.34724	0.102655	0.0	-2.84309	1.2736399999999999	-0.16819800000000001	0.273769	-0.7086939999999999	0.628206	-0.32110700000000003	0.0	0.274802	-0.173401	-0.945736	0.0	-0.6497970000000001	-0.758478	-0.049743800000000005	0.0	2.3639200000000002	0.47765100000000005	1.08566	0.30441	
0	-0.0117279	-0.00994335	-0.9998819999999999	0.0	-0.456028	0.889958	-0.00350136	0.0	0.8898879999999999	0.455933	-0.014971799999999999	0.0	-2.89013	1.0361799999999999	-0.34167800000000004	0.22535700000000003	-0.710467	0.620919	-0.331205	0.0	0.277325	-0.185522	-0.942694	0.0	-0.646783	-0.761604	-0.040389499999999995	0.0	2.34743	0.434979	1.12853	0.30481199999999997	
0	-0.210682	-0.0941381	-0.9730120000000001	0.0	-0.575709	0.8163779999999999	0.0456716	0.0	0.790046	0.5697939999999999	-0.226192	0.0	-3.07913	0.748826	-0.48089	0.176424	-0.711073	0.616803	-0.33753299999999997	0.0	0.27253099999999997	-0.200744	-0.9409719999999999	0.0	-0.648153	-0.761088	-0.0253547	0.0	2.32975	0.38313800000000003	1.17256	0.30438899999999997	
0	-0.338179	0.0140433	-0.9409770000000001	0.0	-0.493696	0.8486040000000001	0.19009500000000001	0.0	0.801186	0.5288430000000001	-0.280047	0.0	-3.32816	0.602793	-0.49529700000000004	0.16710899999999998	-0.710526	0.615939	-0.340254	0.0	0.265426	-0.21322600000000003	-0.940257	0.0	-0.651692	-0.75839	-0.0119838	0.0	2.31183	0.337489	1.23242	0.302749	
0	-0.328689	0.256523	-0.908934	0.0	-0.355059	0.8582420000000001	0.370613	0.0	0.8751549999999999	0.44454099999999996	-0.19101400000000002	0.0	-3.2308	0.6862699999999999	-0.383442	0.20496	-0.708256	0.6155430000000001	-0.345659	0.0	0.260753	-0.22690900000000003	-0.9383600000000001	0.0	-0.656034	-0.754731	0.000204742	0.0	2.27662	0.327244	1.28061	0.302725	
0	-0.33828	0.36522899999999997	-0.8672799999999999	0.0	-0.31449699999999997	0.8247450000000001	0.46998599999999996	0.0	0.8869379999999999	0.43174399999999996	-0.164132	0.0	-3.162	0.863368	-0.36388200000000004	0.211653	-0.70757	0.614111	-0.34959	0.0	0.263338	-0.22993000000000002	-0.936902	0.0	-0.6557430000000001	-0.754984	0.0009723310000000001	0.0	2.25933	0.33226	1.29726	0.300318	
0	-0.29715199999999997	0.48422600000000005	-0.822938	0.0	-0.282152	0.778849	0.5601649999999999	0.0	0.91219	0.398648	-0.09481139999999999	0.0	-3.1133900000000003	1.0419200000000002	-0.239829	0.254117	-0.707767	0.61179	-0.35324	0.0	0.265393	-0.23313499999999998	-0.935529	0.0	-0.6547	-0.755884	0.00263989	0.0	2.2597099999999997	0.340727	1.29654	0.291542	
0	-0.239283	0.547508	-0.80186	0.0	-0.282351	0.7509239999999999	0.596985	0.0	0.92899	0.36925399999999997	-0.0250935	0.0	-3.07412	1.20825	-0.103657	0.28752	-0.708183	0.6118819999999999	-0.352247	0.0	0.264979	-0.232098	-0.9359040000000001	0.0	-0.654418	-0.756129	0.00223166	0.0	2.27128	0.34312	1.2963799999999999	0.286648	
0	-0.201558	0.567816	-0.7980970000000001	0.0	-0.277123	0.748468	0.602494	0.0	0.939456	0.34260799999999997	0.00649524	0.0	-3.06197	1.3051	-0.0387825	0.298619	-0.7078899999999999	0.612146	-0.352377	0.0	0.264778	-0.232527	-0.9358549999999999	0.0	-0.654817	-0.755783	0.0025210999999999996	0.0	2.27552	0.340887	1.29441	0.28108	
0	-0.18952	0.573589	-0.796918	0.0	-0.266563	0.751088	0.603996	0.0	0.945001	0.326898	0.0105509	0.0	-3.0529	1.34798	0.020031999999999998	0.30472	-0.707248	0.612726	-0.352657	0.0	0.262381	-0.235709	-0.9357340000000001	0.0	-0.656473	-0.754326	0.0059368	0.0	2.26142	0.344643	1.2976	0.27982399999999996	
0	-0.18823099999999998	0.579234	-0.793132	0.0	-0.257144	0.750329	0.609002	0.0	0.9478639999999999	0.31858200000000003	0.00771129	0.0	-3.0404400000000003	1.3552	0.0577635	0.306163	-0.704079	0.616035	-0.353234	0.0	0.259288	-0.240064	-0.9354889999999999	0.0	-0.661092	-0.750247	0.00929308	0.0	2.2570900000000003	0.34424699999999997	1.29364	0.276463	
0	-0.183606	0.5854050000000001	-0.7896770000000001	0.0	-0.24892899999999998	0.74946	0.6134689999999999	0.0	0.950959	0.309211	0.00811887	0.0	-3.0246299999999997	1.33162	0.09547739999999999	0.309568	-0.700797	0.6187520000000001	-0.355006	0.0	0.257792	-0.244358	-0.93479	0.0	-0.6651520000000001	-0.746616	0.011735899999999999	0.0	2.2547099999999998	0.33520500000000003	1.28817	0.276426	
0	-0.17885399999999999	0.590434	-0.7870189999999999	0.0	-0.245288	0.747901	0.616829	0.0	0.952809	0.303369	0.0110613	0.0	-3.02978	1.31155	0.10357000000000001	0.309693	-0.6987140000000001	0.619517	-0.357767	0.0	0.25935	-0.246723	-0.933737	0.0	-0.6667350000000001	-0.745202	0.0117167	0.0	2.2659599999999998	0.329487	1.28083	0.27417600000000003	
0	-0.17336400000000002	0.5864189999999999	-0.791238	0.0	-0.246464	0.7520060000000001	0.611344	0.0	0.95352	0.30099699999999996	0.0141599	0.0	-3.04038	1.30324	0.107081	0.308764	-0.697059	0.619829	-0.360446	0.0	0.261301	-0.24853699999999998	-0.9327120000000001	0.0	-0.667706	-0.74434	0.011282799999999999	0.0	2.29204	0.327644	1.27706	0.273461	
0	-0.169347	0.582378	-0.795083	0.0	-0.243484	0.7570060000000001	0.606348	0.0	0.9550059999999999	0.296274	0.013603	0.0	-3.05155	1.30233	0.109602	0.30901999999999996	-0.696419	0.62042	-0.360667	0.0	0.26045799999999997	-0.24979	-0.9326129999999999	0.0	-0.668702	-0.743428	0.0123646	0.0	2.30092	0.325192	1.27281	0.27320700000000003	
0	-0.164742	0.581954	-0.7963600000000001	0.0	-0.244887	0.7579779999999999	0.604565	0.0	0.9554530000000001	0.294615	0.0176423	0.0	-3.0665299999999998	1.3321399999999999	0.132027	0.31003400000000003	-0.6952050000000001	0.620604	-0.362687	0.0	0.259778	-0.25354099999999996	-0.93179	0.0	-0.6702279999999999	-0.742003	0.0150434	0.0	2.30325	0.332507	1.27545	0.27177399999999996	
0	-0.1618	0.58402	-0.795451	0.0	-0.244544	0.7572	0.6056779999999999	0.0	0.956044	0.29252100000000003	0.020303099999999998	0.0	-3.07519	1.35265	0.142426	0.30991399999999997	-0.695114	0.6197020000000001	-0.3644	0.0	0.261096	-0.254652	-0.931119	0.0	-0.6698109999999999	-0.742376	0.015209700000000001	0.0	2.3025900000000004	0.346933	1.29035	0.270955	
0	-0.162089	0.583683	-0.795639	0.0	-0.241875	0.758203	0.605495	0.0	0.956673	0.290589	0.018282200000000002	0.0	-3.0836	1.36601	0.149532	0.309902	-0.69618	0.6190329999999999	-0.36349899999999996	0.0	0.261658	-0.252709	-0.9314899999999999	0.0	-0.668482	-0.7435970000000001	0.013956	0.0	2.29957	0.342704	1.28952	0.270273	
0	-0.161387	0.586489	-0.793716	0.0	-0.245254	0.7551939999999999	0.607892	0.0	0.955931	0.292768	0.0219606	0.0	-3.0956	1.3706	0.15171600000000002	0.308736	-0.696868	0.618545	-0.36301	0.0	0.261821	-0.251811	-0.931687	0.0	-0.667701	-0.7443069999999999	0.0135315	0.0	2.30134	0.334959	1.28778	0.27010300000000004	
0	-0.15673099999999998	0.59118	-0.791165	0.0	-0.245667	0.752551	0.6109939999999999	0.0	0.9566	0.290125	0.0272851	0.0	-3.1112900000000003	1.37384	0.160497	0.30927	-0.697328	0.618942	-0.361448	0.0	0.261909	-0.249373	-0.932318	0.0	-0.667186	-0.744798	0.011788	0.0	2.30422	0.33260300000000004	1.28683	0.26964099999999996	
0	-0.152882	0.5980840000000001	-0.786717	0.0	-0.243482	0.748739	0.616528	0.0	0.957781	0.28580700000000003	0.0311541	0.0	-3.1198599999999996	1.3708	0.163691	0.31043200000000004	-0.6970149999999999	0.619749	-0.360667	0.0	0.261879	-0.248223	-0.932633	0.0	-0.667524	-0.7445109999999999	0.010716	0.0	2.30828	0.32863000000000003	1.28255	0.269433	
0	-0.14693699999999998	0.604103	-0.783243	0.0	-0.23681799999999997	0.747323	0.620826	0.0	0.9603790000000001	0.276708	0.0332528	0.0	-3.12284	1.38709	0.174826	0.310896	-0.6978340000000001	0.619506	-0.35949899999999996	0.0	0.261511	-0.246896	-0.933089	0.0	-0.666813	-0.745154	0.010284200000000002	0.0	2.30734	0.329229	1.2806	0.269671	
0	-0.14240799999999998	0.610668	-0.778977	0.0	-0.227501	0.745734	0.6261979999999999	0.0	0.963309	0.266393	0.032729400000000006	0.0	-3.12303	1.41258	0.182118	0.313217	-0.698756	0.619388	-0.35790900000000003	0.0	0.261115	-0.24496300000000001	-0.933709	0.0	-0.6660020000000001	-0.7458899999999999	0.00943762	0.0	2.30897	0.322803	1.27217	0.269652	
0	-0.14240899999999998	0.610654	-0.778987	0.0	-0.227807	0.74566	0.626175	0.0	0.9632360000000001	0.26663200000000004	0.0329224	0.0	-3.12467	1.41204	0.182143	0.313244	-0.6987369999999999	0.61938	-0.35796	0.0	0.26113800000000004	-0.245013	-0.933689	0.0	-0.666013	-0.74588	0.00945532	0.0	2.30899	0.322969	1.2723	0.269656	
0	-0.14240899999999998	0.610654	-0.778987	0.0	-0.227807	0.74566	0.626175	0.0	0.9632360000000001	0.26663200000000004	0.0329224	0.0	-3.12467	1.41204	0.182143	0.313243	-0.6987369999999999	0.61938	-0.35796	0.0	0.26113800000000004	-0.245013	-0.933689	0.0	-0.666013	-0.74588	0.00945532	0.0	2.30899	0.322968	1.2723	0.269656	
0	-0.142405	0.610657	-0.778986	0.0	-0.227435	0.745762	0.626189	0.0	0.963325	0.266341	0.0326838	0.0	-3.12312	1.4121700000000001	0.18200999999999998	0.313218	-0.6987369999999999	0.61938	-0.35796	0.0	0.26113800000000004	-0.245013	-0.933689	0.0	-0.666013	-0.74588	0.00945532	0.0	2.30899	0.322968	1.2723	0.269656	
0	-0.14240899999999998	0.610654	-0.778987	0.0	-0.227807	0.74566	0.626175	0.0	0.9632360000000001	0.26663200000000004	0.0329224	0.0	-3.12467	1.41204	0.182144	0.313243	-0.6987369999999999	0.61938	-0.35796	0.0	0.26113800000000004	-0.245013	-0.933689	0.0	-0.666013	-0.74588	0.00945526	0.0	2.30899	0.322969	1.2723	0.269656	
0	-0.14240899999999998	0.610654	-0.778987	0.0	-0.227807	0.74566	0.626175	0.0	0.9632360000000001	0.26663200000000004	0.0329222	0.0	-3.12467	1.41204	0.182143	0.313243	-0.6987369999999999	0.61938	-0.35796	0.0	0.26113800000000004	-0.245013	-0.933689	0.0	-0.666013	-0.74588	0.00945532	0.0	2.30899	0.322968	1.2723	0.269656	
0	-0.142405	0.6106560000000001	-0.778986	0.0	-0.227435	0.745762	0.626189	0.0	0.963325	0.266341	0.032684	0.0	-3.12312	1.4121700000000001	0.182009	0.313219	-0.6987369999999999	0.61938	-0.35796	0.0	0.26113800000000004	-0.245013	-0.933689	0.0	-0.666013	-0.74588	0.00945532	0.0	2.30899	0.322969	1.2723	0.269656	
0	-0.14240899999999998	0.610654	-0.778987	0.0	-0.227807	0.74566	0.626175	0.0	0.9632360000000001	0.26663200000000004	0.0329224	0.0	-3.12467	1.41203	0.182143	0.313243	-0.6987369999999999	0.61938	-0.35796	0.0	0.26113800000000004	-0.245013	-0.933689	0.0	-0.666013	-0.74588	0.00945514	0.0	2.30899	0.322969	1.2723	0.269656	
0	-0.14240899999999998	0.610654	-0.778987	0.0	-0.227807	0.74566	0.626175	0.0	0.9632360000000001	0.26663200000000004	0.0329224	0.0	-3.12467	1.41204	0.182144	0.313242	-0.6987369999999999	0.61938	-0.35796	0.0	0.26113800000000004	-0.245013	-0.933689	0.0	-0.666013	-0.74588	0.00945514	0.0	2.30899	0.322969	1.2723	0.269656	
0	-0.14240899999999998	0.610654	-0.778987	0.0	-0.227807	0.74566	0.626175	0.0	0.9632360000000001	0.26663200000000004	0.0329224	0.0	-3.12467	1.41204	0.182143	0.313244	-0.6987369999999999	0.61938	-0.35796	0.0	0.26113800000000004	-0.245013	-0.933689	0.0	-0.666013	-0.74588	0.00945514	0.0	2.30899	0.32297	1.2723	0.269656	
0	-0.14240899999999998	0.610654	-0.778987	0.0	-0.227807	0.74566	0.626175	0.0	0.9632360000000001	0.26663200000000004	0.0329224	0.0	-3.12467	1.41204	0.182143	0.313244	-0.6987369999999999	0.61938	-0.35796	0.0	0.26113800000000004	-0.245013	-0.933689	0.0	-0.666013	-0.74588	0.0094552	0.0	2.30899	0.322969	1.2723	0.269656	
0	-0.183257	0.730246	-0.658148	0.0	-0.164812	0.637188	0.75288	0.0	0.969151	0.246442	0.00358409	0.0	-3.06481	1.40585	0.145897	0.10508499999999998	-0.6987369999999999	0.61938	-0.35796	0.0	0.26113800000000004	-0.245013	-0.933689	0.0	-0.666013	-0.74588	0.00945514	0.0	2.30899	0.322969	1.2723	0.269656	
0	-0.219031	0.76927	-0.600208	0.0	-0.131827	0.5861729999999999	0.799389	0.0	0.966772	0.254215	-0.0269796	0.0	-3.17061	1.4073799999999999	0.202413	0.0	-0.6987369999999999	0.61938	-0.35796	0.0	0.26113800000000004	-0.245013	-0.933689	0.0	-0.666013	-0.74588	0.00945514	0.0	2.30899	0.322968	1.2723	0.269656	
0	-0.21278200000000003	0.751012	-0.6250640000000001	0.0	-0.136876	0.610496	0.7801020000000001	0.0	0.9674649999999999	0.251548	-0.0271071	0.0	-3.1329700000000003	1.44689	0.244908	0.0	-0.6987369999999999	0.61938	-0.35796	0.0	0.26113800000000004	-0.245013	-0.933689	0.0	-0.666013	-0.74588	0.00945514	0.0	2.30899	0.322969	1.2723	0.269656	
0	-0.204577	0.739004	-0.64189	0.0	-0.14477	0.625704	0.766509	0.0	0.9680860000000001	0.249736	-0.021019	0.0	-3.1080400000000004	1.5015399999999999	0.268901	0.0	-0.6987369999999999	0.61938	-0.35796	0.0	0.26113800000000004	-0.245013	-0.933689	0.0	-0.666013	-0.74588	0.00945514	0.0	2.30899	0.322969	1.2723	0.269656	
0	-0.21389	0.765483	-0.606867	0.0	-0.155067	0.586761	0.794774	0.0	0.964471	0.2641	-0.00680107	0.0	-3.08366	1.51683	0.267702	0.0	-0.6987369999999999	0.61938	-0.35796	0.0	0.26113800000000004	-0.245013	-0.933689	0.0	-0.666013	-0.74588	0.0094552	0.0	2.30899	0.32297	1.2723	0.269656	
0	-0.19830899999999999	0.799697	-0.566708	0.0	-0.143795	0.548197	0.823895	0.0	0.969534	0.244875	0.00628	0.0	-3.05436	1.54667	0.267877	0.230785	-0.6987369999999999	0.61938	-0.35796	0.0	0.26113800000000004	-0.245013	-0.933689	0.0	-0.666013	-0.74588	0.00945514	0.0	2.30899	0.32297	1.2723	0.269656	
0	-0.18774200000000002	0.8035439999999999	-0.564863	0.0	-0.133855	0.5487920000000001	0.8251729999999999	0.0	0.9730549999999999	0.23052899999999998	0.00452727	0.0	-2.99028	1.55281	0.282632	0.247123	-0.6987369999999999	0.61938	-0.35796	0.0	0.26113800000000004	-0.245013	-0.933689	0.0	-0.666013	-0.74588	0.00945514	0.0	2.30899	0.322969	1.2723	0.269656	
0	-0.172772	0.803347	-0.5698989999999999	0.0	-0.115847	0.55801	0.821708	0.0	0.978126	0.20798899999999998	-0.00334334	0.0	-2.96789	1.5831	0.304644	0.253208	-0.6987369999999999	0.61938	-0.35796	0.0	0.26113800000000004	-0.245013	-0.933689	0.0	-0.666013	-0.74588	0.00945514	0.0	2.30899	0.32297	1.2723	0.269656	
0	-0.142544	0.806231	-0.574172	0.0	-0.06917569999999999	0.570562	0.818336	0.0	0.987368	0.156367	-0.0255585	0.0	-2.95293	1.68955	0.370906	0.259761	-0.6987369999999999	0.61938	-0.35796	0.0	0.26113800000000004	-0.245013	-0.933689	0.0	-0.666013	-0.74588	0.00945514	0.0	2.30899	0.322969	1.2723	0.269656	
0	-0.103604	0.814355	-0.571046	0.0	-0.0388369	0.570385	0.820459	0.0	0.9938600000000001	0.10718	-0.0274673	0.0	-2.94585	1.77807	0.42583699999999997	0.258927	-0.6987369999999999	0.61938	-0.35796	0.0	0.26113800000000004	-0.245013	-0.933689	0.0	-0.666013	-0.74588	0.00945514	0.0	2.30899	0.322969	1.2723	0.269656	
0	-0.06570930000000001	0.81871	-0.570435	0.0	-0.00643727	0.571311	0.820708	0.0	0.997818	0.0576002	-0.032270299999999995	0.0	-2.92674	1.8918599999999999	0.49073999999999995	0.257414	-0.6987369999999999	0.61938	-0.35796	0.0	0.26113800000000004	-0.245013	-0.933689	0.0	-0.666013	-0.74588	0.00945514	0.0	2.30899	0.322968	1.2723	0.269656	
0	-0.0158494	0.8102600000000001	-0.585857	0.0	0.0392101	0.585983	0.8093739999999999	0.0	0.9991049999999999	-0.0101434	-0.041057800000000005	0.0	-2.90722	2.03093	0.5817060000000001	0.260315	-0.6987369999999999	0.61938	-0.35796	0.0	0.26113800000000004	-0.245013	-0.933689	0.0	-0.666013	-0.74588	0.00945514	0.0	2.30899	0.322969	1.2723	0.269656	
0	0.0687787	0.792639	-0.605799	0.0	0.11181700000000001	0.597286	0.794195	0.0	0.991346	-0.12236199999999998	-0.0475496	0.0	-2.9097	2.17013	0.69134	0.316952	-0.6987369999999999	0.61938	-0.35796	0.0	0.26113800000000004	-0.245013	-0.933689	0.0	-0.666013	-0.74588	0.00945514	0.0	2.30899	0.322969	1.2723	0.269656	
0	0.156021	0.739923	-0.6543479999999999	0.0	0.20967199999999997	0.622555	0.753965	0.0	0.9652440000000001	-0.254833	-0.058009000000000005	0.0	-2.90004	2.34892	0.836362	0.345572	-0.6987369999999999	0.61938	-0.35796	0.0	0.26113800000000004	-0.245013	-0.933689	0.0	-0.666013	-0.74588	0.00945514	0.0	2.30899	0.322969	1.2723	0.269656	
0	0.204674	0.512582	-0.833887	0.0	0.48703900000000006	0.685646	0.5410010000000001	0.0	0.84906	-0.516864	-0.10931400000000001	0.0	-2.9356400000000002	2.76372	1.2375200000000002	0.341665	-0.6987369999999999	0.61938	-0.35796	0.0	0.26113800000000004	-0.245013	-0.933689	0.0	-0.666013	-0.74588	0.00945514	0.0	2.30899	0.322969	1.2723	0.269656	
0	0.209098	0.387943	-0.897652	0.0	0.608263	0.6671590000000001	0.430018	0.0	0.765698	-0.6359239999999999	-0.0964701	0.0	-3.01635	3.0527900000000003	1.45884	0.333854	-0.6987369999999999	0.61938	-0.35796	0.0	0.26113800000000004	-0.245013	-0.933689	0.0	-0.666013	-0.74588	0.00945514	0.0	2.30899	0.322968	1.2723	0.269656	
0	0.226704	0.381731	-0.8960389999999999	0.0	0.599486	0.670381	0.43727	0.0	0.767608	-0.6362939999999999	-0.07686439999999999	0.0	-3.08026	3.1143099999999997	1.48351	0.32438	-0.6987369999999999	0.61938	-0.35796	0.0	0.261139	-0.245013	-0.933689	0.0	-0.666013	-0.74588	0.00945503	0.0	2.30899	0.322969	1.2723	0.269656	
0	0.21252	0.356609	-0.909761	0.0	0.616785	0.6731659999999999	0.40795	0.0	0.757899	-0.647825	-0.07689	0.0	-3.10184	3.20624	1.50606	0.333939	-0.6987369999999999	0.61938	-0.35796	0.0	0.261139	-0.245013	-0.933689	0.0	-0.666013	-0.74588	0.00945491	0.0	2.30899	0.322968	1.2723	0.269656	
0	0.18801199999999998	0.311632	-0.931417	0.0	0.630355	0.68896	0.357752	0.0	0.753196	-0.654385	-0.06690589999999999	0.0	-3.09574	3.20001	1.4981	0.331201	-0.6987369999999999	0.61938	-0.35796	0.0	0.261139	-0.245013	-0.933689	0.0	-0.666013	-0.74588	0.00945503	0.0	2.30899	0.322968	1.2723	0.269656	
0	0.168301	0.287179	-0.942976	0.0	0.638189	0.697325	0.326271	0.0	0.751259	-0.656708	-0.06591430000000001	0.0	-3.08336	3.1964900000000003	1.48991	0.328397	-0.6987369999999999	0.61938	-0.35796	0.0	0.261139	-0.245013	-0.933689	0.0	-0.666013	-0.74588	0.00945503	0.0	2.30899	0.322968	1.2723	0.269656	
0	0.11943	0.26127	-0.957849	0.0	0.538744	0.7933140000000001	0.283564	0.0	0.8339610000000001	-0.549901	-0.046012	0.0	-3.14698	3.06383	1.3351899999999999	0.324964	-0.6987369999999999	0.61938	-0.35796	0.0	0.261139	-0.245013	-0.933689	0.0	-0.666013	-0.74588	0.00945503	0.0	2.30899	0.322969	1.2723	0.269656	
0	0.100923	0.364277	-0.9258059999999999	0.0	0.41444200000000003	0.8305799999999999	0.371988	0.0	0.9044629999999999	-0.421235	-0.0671472	0.0	-3.1321	2.92749	1.1749399999999999	0.329573	-0.6987369999999999	0.61938	-0.35796	0.0	0.261139	-0.245013	-0.933689	0.0	-0.666013	-0.74588	0.00945503	0.0	2.30899	0.322969	1.2723	0.269656	
0	0.0753868	0.451434	-0.889114	0.0	0.336323	0.827892	0.448866	0.0	0.938724	-0.332868	-0.08941569999999999	0.0	-3.1339799999999998	2.7355400000000003	1.05441	0.33852899999999997	-0.6987369999999999	0.61938	-0.35796	0.0	0.26113800000000004	-0.245013	-0.933689	0.0	-0.666013	-0.74588	0.00945503	0.0	2.30899	0.322968	1.2723	0.269656	
0	0.0480912	0.492587	-0.868933	0.0	0.29639899999999997	0.8237180000000001	0.48336	0.0	0.9538530000000001	-0.280796	-0.10638900000000001	0.0	-3.20744	2.59789	0.983483	0.336225	-0.6987369999999999	0.61938	-0.35796	0.0	0.261139	-0.245013	-0.933689	0.0	-0.666013	-0.74588	0.00945503	0.0	2.30899	0.322968	1.2723	0.269656	
0	-4.58956e-05	0.53637	-0.843983	0.0	0.18275	0.829774	0.52733	0.0	0.983159	-0.15421400000000002	-0.09806000000000001	0.0	-3.3509	2.36463	0.83949	0.323166	-0.6987369999999999	0.61938	-0.35796	0.0	0.261139	-0.245013	-0.933689	0.0	-0.666013	-0.74588	0.00945491	0.0	2.30899	0.322968	1.2723	0.269656	
0	-0.106262	0.606051	-0.788296	0.0	-0.0217148	0.791181	0.611196	0.0	0.994101	0.08206480000000001	-0.0709127	0.0	-3.47609	1.90064	0.555856	0.313786	-0.6987369999999999	0.61938	-0.35796	0.0	0.26113800000000004	-0.245013	-0.933689	0.0	-0.666013	-0.74588	0.00945503	0.0	2.30899	0.322969	1.2723	0.269656	
0	-0.202954	0.615638	-0.7614449999999999	0.0	-0.18598499999999998	0.739237	0.647255	0.0	0.961363	0.27298	-0.035531900000000005	0.0	-3.4946699999999997	1.5785799999999999	0.34819	0.281667	-0.6987369999999999	0.61938	-0.35796	0.0	0.261139	-0.245013	-0.933689	0.0	-0.666013	-0.74588	0.00945491	0.0	2.30899	0.32297	1.2723	0.269656	
0	-0.37529	0.571527	-0.7297359999999999	0.0	-0.233078	0.703795	0.671079	0.0	0.897124	0.42193500000000006	-0.130917	0.0	-3.44475	0.8521049999999999	-0.0757921	0.236535	-0.6987369999999999	0.61938	-0.35796	0.0	0.261139	-0.24501199999999998	-0.933689	0.0	-0.666013	-0.74588	0.00945514	0.0	2.30899	0.322969	1.2723	0.269656	
0	-0.421343	0.5618569999999999	-0.7118899999999999	0.0	-0.226262	0.695021	0.6824600000000001	0.0	0.878223	0.44862299999999994	-0.165716	0.0	-3.3955900000000003	0.5516270000000001	-0.284206	0.211342	-0.6987369999999999	0.61938	-0.35796	0.0	0.261139	-0.245013	-0.933689	0.0	-0.666013	-0.74588	0.00945503	0.0	2.30899	0.322969	1.2723	0.269656	
0	-0.45558000000000004	0.5357810000000001	-0.710905	0.0	-0.227505	0.701998	0.674863	0.0	0.860632	0.469189	-0.19792300000000002	0.0	-3.3100699999999996	0.431812	-0.360193	0.197414	-0.6987369999999999	0.61938	-0.35796	0.0	0.261139	-0.245013	-0.933689	0.0	-0.666013	-0.74588	0.00945503	0.0	2.30899	0.322968	1.2723	0.269656	
0	-0.491155	0.46085299999999996	-0.739175	0.0	-0.24274600000000002	0.7425510000000001	0.624254	0.0	0.836565	0.486037	-0.252837	0.0	-3.1450400000000003	0.229363	-0.507079	0.193441	-0.6987369999999999	0.61938	-0.35796	0.0	0.261139	-0.245013	-0.933689	0.0	-0.666013	-0.74588	0.00945503	0.0	2.30899	0.322968	1.2723	0.269656	
0	-0.514339	0.437362	-0.737679	0.0	-0.250855	0.7458279999999999	0.6171	0.0	0.8200780000000001	0.5024489999999999	-0.273894	0.0	-3.00561	0.08237230000000001	-0.615577	0.188379	-0.6987369999999999	0.61938	-0.35796	0.0	0.261139	-0.24501199999999998	-0.933689	0.0	-0.666013	-0.74588	0.00945514	0.0	2.30899	0.322969	1.2723	0.269656	
0	-0.5656939999999999	0.369217	-0.7373390000000001	0.0	-0.261639	0.7675960000000001	0.5850989999999999	0.0	0.782007	0.523904	-0.337624	0.0	-2.91957	-0.0888949	-0.72647	0.181273	-0.6987369999999999	0.61938	-0.35796	0.0	0.261139	-0.245013	-0.933689	0.0	-0.666013	-0.74588	0.00945503	0.0	2.30899	0.322969	1.2723	0.269656	
0	-0.599923	0.31235799999999997	-0.736563	0.0	-0.273466	0.785129	0.555688	0.0	0.7518699999999999	0.534795	-0.385598	0.0	-2.89657	-0.215432	-0.776366	0.177872	-0.6987369999999999	0.61938	-0.35796	0.0	0.261139	-0.245013	-0.933689	0.0	-0.666013	-0.74588	0.00945503	0.0	2.30899	0.322969	1.2723	0.269656	
0	-0.617341	0.273405	-0.737658	0.0	-0.281179	0.799045	0.531475	0.0	0.73473	0.535515	-0.416408	0.0	-2.8664400000000003	-0.322477	-0.832782	0.17463199999999998	-0.6987369999999999	0.61938	-0.35796	0.0	0.261139	-0.245013	-0.933689	0.0	-0.666013	-0.74588	0.00945503	0.0	2.30899	0.322969	1.2723	0.269656	
0	-0.626	0.26205700000000004	-0.7344729999999999	0.0	-0.28134499999999996	0.802517	0.5261279999999999	0.0	0.7273029999999999	0.535996	-0.428648	0.0	-2.87725	-0.396744	-0.897225	0.172259	-0.6987369999999999	0.61938	-0.35796	0.0	0.261139	-0.245013	-0.933689	0.0	-0.666013	-0.74588	0.00945503	0.0	2.30899	0.32297	1.2723	0.269656	
0	-0.625405	0.25545100000000004	-0.737302	0.0	-0.286404	0.803795	0.5214260000000001	0.0	0.725838	0.537269	-0.429536	0.0	-2.88168	-0.441193	-0.9390370000000001	0.173326	-0.6987369999999999	0.61938	-0.35796	0.0	0.261139	-0.245013	-0.933689	0.0	-0.666013	-0.74588	0.00945503	0.0	2.30899	0.32297	1.2723	0.269656	
0	-0.624492	0.252799	-0.738988	0.0	-0.284624	0.8074439999999999	0.5167430000000001	0.0	0.7273229999999999	0.533035	-0.43228999999999995	0.0	-2.88111	-0.525365	-0.966585	0.175452	-0.6987369999999999	0.61938	-0.35796	0.0	0.261139	-0.245013	-0.933689	0.0	-0.666013	-0.74588	0.00945503	0.0	2.30899	0.322969	1.2723	0.269656	
0	-0.6272220000000001	0.25400500000000004	-0.736256	0.0	-0.282454	0.8067840000000001	0.518961	0.0	0.7258180000000001	0.533462	-0.434288	0.0	-2.8690599999999997	-0.614136	-0.960159	0.17623699999999998	-0.6987369999999999	0.61938	-0.35796	0.0	0.261139	-0.245013	-0.933689	0.0	-0.666013	-0.74588	0.00945491	0.0	2.30899	0.322969	1.2723	0.269656	
0	-0.626709	0.24814299999999997	-0.738688	0.0	-0.2831	0.8106720000000001	0.512509	0.0	0.72601	0.530317	-0.43780600000000003	0.0	-2.87833	-0.675326	-0.964943	0.176062	-0.6987369999999999	0.61938	-0.35796	0.0	0.26113800000000004	-0.245013	-0.933689	0.0	-0.666013	-0.74588	0.00945503	0.0	2.30899	0.32297	1.2723	0.269656	
0	-0.626024	0.247369	-0.739529	0.0	-0.28515799999999997	0.810052	0.5123489999999999	0.0	0.725796	0.531625	-0.43657299999999993	0.0	-2.8942	-0.702734	-0.987475	0.17516800000000002	-0.6987369999999999	0.61938	-0.35796	0.0	0.261139	-0.245013	-0.933689	0.0	-0.666013	-0.74588	0.00945503	0.0	2.30899	0.32297	1.2723	0.269656	
0	-0.626004	0.247525	-0.7394930000000001	0.0	-0.283422	0.811222	0.51146	0.0	0.726492	0.529764	-0.437675	0.0	-2.92806	-0.7354069999999999	-1.00125	0.175155	-0.6987369999999999	0.61938	-0.35796	0.0	0.261139	-0.245013	-0.933689	0.0	-0.666013	-0.74588	0.00945503	0.0	2.30899	0.322969	1.2723	0.269656	
0	-0.628336	0.24236300000000002	-0.739226	0.0	-0.28234699999999996	0.814391	0.506999	0.0	0.724896	0.527284	-0.44328	0.0	-2.94493	-0.766538	-1.01432	0.176297	-0.6987369999999999	0.61938	-0.35796	0.0	0.261139	-0.245013	-0.933689	0.0	-0.666013	-0.74588	0.00945503	0.0	2.30899	0.322969	1.2723	0.269656	
0	-0.629899	0.243862	-0.7374	0.0	-0.28179499999999996	0.812976	0.50957	0.0	0.723753	0.528774	-0.443374	0.0	-2.96199	-0.777982	-1.01883	0.173346	-0.6987369999999999	0.61938	-0.35796	0.0	0.261139	-0.245013	-0.933689	0.0	-0.666013	-0.74588	0.00945503	0.0	2.30899	0.322968	1.2723	0.269656	
0	-0.627156	0.242383	-0.74022	0.0	-0.283722	0.8139649999999999	0.506916	0.0	0.725381	0.527932	-0.441713	0.0	-2.96122	-0.785194	-1.0208700000000002	0.169851	-0.6987369999999999	0.61938	-0.35796	0.0	0.261139	-0.245013	-0.933689	0.0	-0.666013	-0.74588	0.00945503	0.0	2.30899	0.322969	1.2723	0.269656	
0	-0.628106	0.242393	-0.73941	0.0	-0.28227399999999997	0.814537	0.506804	0.0	0.725123	0.527043	-0.443195	0.0	-2.96334	-0.786087	-1.02015	0.170238	-0.6987369999999999	0.61938	-0.35796	0.0	0.261139	-0.245013	-0.933689	0.0	-0.666013	-0.74588	0.00945503	0.0	2.30899	0.322969	1.2723	0.269656	
0	-0.628857	0.24327800000000002	-0.738481	0.0	-0.282276	0.813552	0.508383	0.0	0.724471	0.5281560000000001	-0.44293599999999994	0.0	-2.96297	-0.787985	-1.0182200000000001	0.170503	-0.6987369999999999	0.61938	-0.35796	0.0	0.261139	-0.245013	-0.933689	0.0	-0.666013	-0.74588	0.00945503	0.0	2.30899	0.322969	1.2723	0.269656	
0	-0.6291100000000001	0.24291999999999997	-0.738384	0.0	-0.282015	0.813862	0.508031	0.0	0.7243539999999999	0.5278430000000001	-0.44350200000000006	0.0	-2.96584	-0.787616	-1.0141	0.171214	-0.6987369999999999	0.61938	-0.35796	0.0	0.26113800000000004	-0.245013	-0.933689	0.0	-0.666013	-0.74588	0.00945503	0.0	2.30899	0.32297	1.2723	0.269656	
0	-0.63049	0.244398	-0.736718	0.0	-0.279066	0.814298	0.508961	0.0	0.7242970000000001	0.526487	-0.44520299999999996	0.0	-2.96179	-0.786125	-1.00101	0.17213399999999998	-0.6987369999999999	0.61938	-0.35796	0.0	0.261139	-0.245013	-0.933689	0.0	-0.666013	-0.74588	0.00945503	0.0	2.30899	0.32297	1.2723	0.269656	
0	-0.631728	0.245892	-0.735158	0.0	-0.278106	0.813336	0.51102	0.0	0.723586	0.527277	-0.44542299999999996	0.0	-2.9592099999999997	-0.786262	-0.994189	0.172042	-0.6987369999999999	0.61938	-0.35796	0.0	0.26113800000000004	-0.245013	-0.933689	0.0	-0.666013	-0.74588	0.00945503	0.0	2.30899	0.32297	1.2723	0.269656	
0	-0.630929	0.24556799999999998	-0.735952	0.0	-0.278531	0.813656	0.510279	0.0	0.72412	0.526935	-0.44496099999999994	0.0	-2.96234	-0.787647	-0.9869600000000001	0.17164200000000002	-0.6987369999999999	0.61938	-0.35796	0.0	0.261139	-0.245013	-0.933689	0.0	-0.666013	-0.74588	0.00945503	0.0	2.30899	0.32297	1.2723	0.269656	
0	-0.63097	0.246446	-0.7356229999999999	0.0	-0.27870500000000004	0.8128989999999999	0.511389	0.0	0.724017	0.5276930000000001	-0.444229	0.0	-2.9609099999999997	-0.786882	-0.992559	0.172125	-0.6987369999999999	0.61938	-0.35796	0.0	0.261139	-0.245013	-0.933689	0.0	-0.666013	-0.74588	0.00945503	0.0	2.30899	0.322969	1.2723	0.269656	
0	-0.630117	0.24662399999999998	-0.736294	0.0	-0.278492	0.813361	0.51077	0.0	0.724841	0.5268970000000001	-0.44383	0.0	-2.96789	-0.78478	-1.01387	0.172518	-0.6987369999999999	0.61938	-0.35796	0.0	0.26113800000000004	-0.245013	-0.933689	0.0	-0.666013	-0.74588	0.00945503	0.0	2.30899	0.322969	1.2723	0.269656	
0	-0.629409	0.250504	-0.73559	0.0	-0.275365	0.813287	0.5125810000000001	0.0	0.726649	0.525179	-0.44291	0.0	-2.96617	-0.78533	-1.0072	0.17346099999999998	-0.6987369999999999	0.61938	-0.35796	0.0	0.261139	-0.245013	-0.933689	0.0	-0.666013	-0.74588	0.00945503	0.0	2.30899	0.322969	1.2723	0.269656	
0	-0.62934	0.251513	-0.735304	0.0	-0.276708	0.8116439999999999	0.514458	0.0	0.726198	0.527234	-0.441204	0.0	-2.9676099999999996	-0.788795	-0.997	0.173287	-0.664489	0.664331	-0.34222600000000003	0.0	0.190012	-0.292702	-0.937135	0.0	-0.722738	-0.687743	0.0682659	0.0	2.3212900000000003	0.351649	1.34513	-0.00511566	
0	-0.628911	0.254293	-0.734715	0.0	-0.272767	0.812764	0.5147930000000001	0.0	0.728058	0.524165	-0.44179399999999996	0.0	-2.96386	-0.78862	-0.99061	0.173967	-0.657446	0.663851	-0.35646500000000003	0.0	0.202205	-0.300288	-0.93217	0.0	-0.725863	-0.68493	0.0631893	0.0	2.35125	0.41429399999999994	1.38182	0.0	
0	-0.629617	0.25809499999999996	-0.7327819999999999	0.0	-0.271293	0.810791	0.5186689999999999	0.0	0.727999	0.525361	-0.44046899999999994	0.0	-2.9588200000000002	-0.787475	-0.9938100000000001	0.174976	-0.6445029999999999	0.67202	-0.3647	0.0	0.224644	-0.28949899999999995	-0.930444	0.0	-0.730857	-0.681601	0.0356174	0.0	2.35435	0.52579	1.41567	0.0	
0	-0.6302989999999999	0.259764	-0.7316050000000001	0.0	-0.270524	0.809812	0.520597	0.0	0.727695	0.526048	-0.440151	0.0	-2.93566	-0.7885220000000001	-0.9959020000000001	0.175623	-0.644788	0.6755909999999999	-0.357527	0.0	0.23331500000000002	-0.271464	-0.9337409999999999	0.0	-0.727883	-0.685481	0.0174106	0.0	2.3391599999999997	0.599904	1.44687	0.0	
0	-0.630354	0.260324	-0.731359	0.0	-0.270072	0.809712	0.520987	0.0	0.727815	0.525926	-0.44009899999999996	0.0	-2.92673	-0.792383	-0.9840979999999999	0.17586300000000002	-0.650962	0.672454	-0.35221399999999997	0.0	0.231834	-0.265704	-0.9357639999999999	0.0	-0.722843	-0.690802	0.0170653	0.0	2.3237099999999997	0.606215	1.46539	0.0	
0	-0.6297010000000001	0.263179	-0.730899	0.0	-0.269005	0.8087810000000001	0.522982	0.0	0.728775	0.525938	-0.438493	0.0	-2.91666	-0.7924640000000001	-0.9885360000000001	0.176049	-0.656961	0.6720689999999999	-0.34165100000000004	0.0	0.22461399999999998	-0.258108	-0.939643	0.0	-0.719688	-0.694048	0.0186105	0.0	2.29046	0.60401	1.48632	0.0	
0	-0.630478	0.266317	-0.7290909999999999	0.0	-0.266389	0.808012	0.5255029999999999	0.0	0.729065	0.52554	-0.438489	0.0	-2.91817	-0.7927270000000001	-0.985597	0.17698	-0.652716	0.6687649999999999	-0.35597199999999996	0.0	0.221617	-0.280769	-0.933839	0.0	-0.724464	-0.688421	0.0350525	0.0	2.27465	0.574789	1.4844700000000002	0.0	
0	-0.631011	0.268769	-0.727729	0.0	-0.26482100000000003	0.807092	0.527705	0.0	0.729174	0.525706	-0.438108	0.0	-2.9193599999999997	-0.793481	-0.992131	0.177169	-0.644031	0.740049	-0.19378299999999998	0.0	0.14428	-0.131262	-0.980792	0.0	-0.751271	-0.659619	-0.0222375	0.0	2.30147	0.643646	1.40199	0.25221	
0	-0.631201	0.268933	-0.727504	0.0	-0.265406	0.806451	0.5283899999999999	0.0	0.728798	0.526604	-0.43765600000000004	0.0	-2.9222599999999996	-0.792725	-1.0000200000000001	0.176938	-0.6221949999999999	0.770139	-0.140572	0.0	0.140933	-0.0664396	-0.9877870000000001	0.0	-0.770073	-0.6344069999999999	-0.0672	0.0	2.23902	0.753155	1.17184	0.360621	
0	-0.631024	0.268826	-0.727696	0.0	-0.26499	0.806921	0.527881	0.0	0.729102	0.525937	-0.43795100000000003	0.0	-2.9266900000000002	-0.792307	-1.0111	0.177049	-0.6755329999999999	0.732546	-0.083859	0.0	0.173005	0.046917900000000005	-0.9838030000000001	0.0	-0.716746	-0.679099	-0.158429	0.0	2.33517	0.84993	0.9396459999999999	0.360502	
0	-0.630112	0.27214	-0.727254	0.0	-0.263164	0.806305	0.529733	0.0	0.73055	0.5251779999999999	-0.43644499999999997	0.0	-2.94001	-0.7898390000000001	-1.0133	0.176985	-0.7062689999999999	0.703307	-0.0808938	0.0	0.26347800000000005	0.155075	-0.952119	0.0	-0.657087	-0.693766	-0.294831	0.0	2.5518	1.0031	0.577006	0.359981	
0	-0.630368	0.27369899999999997	-0.726448	0.0	-0.261766	0.806038	0.530831	0.0	0.7308319999999999	0.524778	-0.43645500000000004	0.0	-2.95011	-0.7907890000000001	-1.01362	0.17724600000000001	-0.702184	0.708262	-0.0728198	0.0	0.317879	0.220338	-0.9221739999999999	0.0	-0.637095	-0.6706840000000001	-0.379859	0.0	2.7639299999999998	1.2118200000000001	0.34988	0.35870100000000005	
0	-0.630273	0.27605799999999997	-0.725636	0.0	-0.26012199999999996	0.805539	0.532393	0.0	0.7315	0.524307	-0.43590100000000004	0.0	-2.95403	-0.7941189999999999	-1.00845	0.17724700000000002	-0.699986	0.710726	-0.0699255	0.0	0.32761799999999996	0.232571	-0.915739	0.0	-0.634576	-0.663913	-0.39564299999999997	0.0	2.86708	1.29081	0.252758	0.35838200000000003	
0	-0.630466	0.27649	-0.725305	0.0	-0.260836	0.804609	0.533451	0.0	0.7310800000000001	0.525508	-0.43516000000000005	0.0	-2.93732	-0.795662	-1.0152700000000001	0.17768	-0.6963189999999999	0.714853	-0.0642321	0.0	0.321251	0.23038699999999998	-0.918542	0.0	-0.641824	-0.660233	-0.39007	0.0	2.8789	1.2902200000000001	0.22806300000000002	0.358321	
0	-0.630683	0.276819	-0.7249899999999999	0.0	-0.260711	0.804341	0.5339149999999999	0.0	0.730937	0.525744	-0.435115	0.0	-2.9315	-0.799578	-1.0175	0.177766	-0.69028	0.7208760000000001	-0.062067	0.0	0.31708800000000004	0.22429000000000002	-0.921493	0.0	-0.650361	-0.655768	-0.383404	0.0	2.86809	1.2813299999999999	0.226811	0.35767899999999997	
0	-0.6307149999999999	0.277362	-0.724755	0.0	-0.259815	0.8045680000000001	0.53401	0.0	0.731229	0.5251100000000001	-0.43538999999999994	0.0	-2.93099	-0.80066	-1.01908	0.177682	-0.689063	0.721684	-0.06606360000000001	0.0	0.312133	0.213277	-0.925789	0.0	-0.654038	-0.6585479999999999	-0.372223	0.0	2.84984	1.24958	0.253931	0.357742	
