3	0.593133	0.516197	-0.617846	0.0	0.6850649999999999	0.0795502	0.724125	0.0	0.422941	-0.852767	-0.30644499999999997	0.0	-2.7396700000000003	2.0	1.46191	0.0	-0.593132	0.516197	-0.617846	0.0	0.7512270000000001	0.078827	-0.65532	0.0	-0.289571	-0.852834	-0.434536	0.0	2.66032	2.0	1.53809	0.0	
3	0.0842393	0.928056	-0.362788	0.0	0.224825	0.336992	0.91427	0.0	0.970751	-0.158581	-0.18026199999999998	0.0	-2.77592	2.02846	1.37545	1.00136e-05	-0.573944	0.598386	-0.559037	0.0	0.693105	-0.00859398	-0.720785	0.0	-0.436112	-0.801162	-0.409812	0.0	2.64562	2.00045	1.5470899999999999	0.0	
3	-0.00180584	0.9339569999999999	-0.35738000000000003	0.0	0.121271	0.354948	0.9269870000000001	0.0	0.992618	-0.041666	-0.11390299999999999	0.0	-2.8286599999999997	2.06601	1.3368200000000001	0.0	-0.21909800000000001	0.9196120000000001	-0.326054	0.0	0.0870863	-0.31440799999999997	-0.945285	0.0	-0.971809	-0.23550500000000002	-0.0111996	0.0	2.71055	2.05067	1.55599	0.0	
3	-0.0118844	0.8922610000000001	-0.45136400000000004	0.0	0.128692	0.449006	0.8842120000000001	0.0	0.991613	-0.0475785	-0.120163	0.0	-2.83658	2.11457	1.34606	0.0	-0.215763	0.904135	-0.368763	0.0	0.123329	-0.3494	-0.9288219999999999	0.0	-0.968626	-0.24588400000000002	-0.0361186	0.0	2.74127	2.1072	1.54236	0.0	
3	-0.022224400000000002	0.898124	-0.43918100000000004	0.0	0.119861	0.438515	0.8906950000000001	0.0	0.992542	-0.032845599999999996	-0.117396	0.0	-2.84903	2.13702	1.33283	0.0	-0.21904099999999999	0.906186	-0.36173	0.0	0.125474	-0.341494	-0.9314709999999999	0.0	-0.967614	-0.24941799999999997	-0.0389018	0.0	2.76377	2.10506	1.49969	0.0	
3	-0.0340587	0.9104200000000001	-0.41228000000000004	0.0	0.132906	0.41298199999999996	0.9009889999999999	0.0	0.9905430000000001	-0.0241081	-0.13506600000000002	0.0	-2.83492	2.16913	1.31272	0.0	-0.208725	0.912502	-0.351815	0.0	0.113285	-0.334757	-0.93547	0.0	-0.971391	-0.23511100000000001	-0.0335011	0.0	2.7561299999999997	2.0936	1.47833	0.0	
3	-0.0383901	0.923759	-0.38104499999999997	0.0	0.141914	0.38250100000000004	0.912991	0.0	0.9891340000000001	-0.0190257	-0.145778	0.0	-2.83438	2.19536	1.2952299999999999	0.24810900000000002	-0.197108	0.918616	-0.342482	0.0	0.108833	-0.326673	-0.938851	0.0	-0.9743219999999999	-0.22232800000000003	-0.0355858	0.0	2.72608	2.0767599999999997	1.45729	0.22862	
3	-0.0386921	0.920451	-0.388938	0.0	0.140224	0.39038	0.909913	0.0	0.9893639999999999	-0.0193321	-0.144174	0.0	-2.76803	2.19041	1.2928600000000001	0.298033	-0.197681	0.921316	-0.334811	0.0	0.10906199999999999	-0.318759	-0.9415399999999999	0.0	-0.9741799999999999	-0.22264	-0.0374683	0.0	2.70253	2.05777	1.46702	0.22916799999999998	
3	-0.0253237	0.915375	-0.401806	0.0	0.145299	0.401036	0.904466	0.0	0.9890639999999999	-0.0354777	-0.14315899999999998	0.0	-2.72963	2.1918	1.29867	0.293454	-0.203062	0.921701	-0.330506	0.0	0.107731	-0.314459	-0.9431379999999999	0.0	-0.9732219999999999	-0.22712100000000002	-0.035441	0.0	2.6743200000000003	2.0392200000000003	1.47301	0.22548200000000002	
3	0.00786269	0.9001540000000001	-0.4355	0.0	0.18546300000000002	0.426645	0.885199	0.0	0.98262	-0.0877294	-0.16359100000000001	0.0	-2.72491	2.20162	1.29706	0.283132	-0.24775999999999998	0.912955	-0.324234	0.0	0.144753	-0.296029	-0.944147	0.0	-0.9579469999999999	-0.280856	-0.058809600000000004	0.0	2.65388	1.9895	1.46159	0.197643	
3	0.0441847	0.880969	-0.471106	0.0	0.227677	0.45027700000000004	0.863374	0.0	0.972734	-0.14540799999999998	-0.180681	0.0	-2.76342	2.1882	1.26524	0.275831	-0.319698	0.901647	-0.291249	0.0	0.173621	-0.246432	-0.9534819999999999	0.0	-0.931477	-0.35539299999999996	-0.0777615	0.0	2.6901599999999997	1.8808599999999998	1.45118	0.193659	
3	0.114103	0.865569	-0.487617	0.0	0.28770100000000004	0.44100200000000006	0.850145	0.0	0.9508989999999999	-0.237292	-0.198706	0.0	-2.79881	2.1425099999999997	1.23309	0.280185	-0.358657	0.8920239999999999	-0.275062	0.0	0.191761	-0.217975	-0.95693	0.0	-0.9135610000000001	-0.395955	-0.0928779	0.0	2.71595	1.76263	1.4072200000000001	0.197769	
3	0.214204	0.8447399999999999	-0.490439	0.0	0.344327	0.404562	0.8472120000000001	0.0	0.9140870000000001	-0.350348	-0.204208	0.0	-2.8498200000000002	1.96623	1.14641	0.293626	-0.389394	0.8821200000000001	-0.265023	0.0	0.198272	-0.20071	-0.959377	0.0	-0.8994780000000001	-0.426123	-0.0967446	0.0	2.71518	1.6880700000000002	1.38995	0.19523800000000002	
3	0.286119	0.835793	-0.468599	0.0	0.353404	0.36252	0.8623719999999999	0.0	0.890641	-0.412346	-0.191649	0.0	-2.8822799999999997	1.78538	1.01005	0.304695	-0.405301	0.8759870000000001	-0.261493	0.0	0.20112	-0.193591	-0.960247	0.0	-0.8917860000000001	-0.44178	-0.097716	0.0	2.70024	1.60438	1.37323	0.195688	
3	0.421496	0.789373	-0.446353	0.0	0.347691	0.31392	0.883496	0.0	0.837527	-0.527583	-0.14214200000000002	0.0	-2.9196299999999997	1.45915	0.8393709999999999	0.340858	-0.40778200000000003	0.8757879999999999	-0.258281	0.0	0.19465	-0.192985	-0.9617	0.0	-0.8920899999999999	-0.442439	-0.0917764	0.0	2.6798599999999997	1.56487	1.3795	0.195795	
3	0.568617	0.687236	-0.452086	0.0	0.342199	0.302153	0.8897209999999999	0.0	0.748047	-0.660614	-0.06336259999999999	0.0	-2.9632	1.02491	0.672521	0.35081100000000004	-0.407673	0.8757309999999999	-0.25864699999999996	0.0	0.196691	-0.192387	-0.961405	0.0	-0.8916930000000001	-0.442813	-0.09381779999999999	0.0	2.65184	1.5606	1.38949	0.194295	
3	0.680561	0.5829340000000001	-0.443875	0.0	0.340045	0.285325	0.8960799999999999	0.0	0.649004	-0.760774	-0.00404274	0.0	-2.98867	0.543003	0.46483	0.352091	-0.407877	0.87621	-0.256694	0.0	0.192797	-0.192151	-0.962241	0.0	-0.8924489999999999	-0.44196599999999997	-0.0905562	0.0	2.62969	1.54209	1.3936	0.194132	
3	0.712987	0.548411	-0.43691499999999994	0.0	0.343883	0.26954	0.899496	0.0	0.61106	-0.7915760000000001	0.00358978	0.0	-2.98224	0.258617	0.252078	0.350948	-0.41342700000000004	0.872919	-0.25902	0.0	0.19035	-0.195327	-0.9620879999999999	0.0	-0.8904190000000001	-0.447058	-0.08540700000000001	0.0	2.61307	1.51973	1.40545	0.196234	
3	0.759058	0.42021899999999995	-0.49723900000000004	0.0	0.402675	0.297102	0.865785	0.0	0.51155	-0.8574069999999999	0.0563054	0.0	-2.91265	-0.0444716	0.0741715	0.34988	-0.42150600000000005	0.866028	-0.26894	0.0	0.184264	-0.208591	-0.9604879999999999	0.0	-0.887907	-0.45440699999999995	-0.0716552	0.0	2.5847	1.48758	1.4471399999999999	0.195718	
3	0.771456	0.33814	-0.538996	0.0	0.447917	0.31304	0.837482	0.0	0.451913	-0.8875059999999999	0.0900385	0.0	-2.89712	-0.26664499999999997	-0.12450399999999999	0.350722	-0.42360699999999996	0.8635010000000001	-0.27372199999999997	0.0	0.18208	-0.214838	-0.959527	0.0	-0.887358	-0.456301	-0.066219	0.0	2.55369	1.44384	1.47655	0.195354	
3	0.745634	0.289012	-0.6004189999999999	0.0	0.509447	0.333565	0.793221	0.0	0.429529	-0.897333	0.10148099999999999	0.0	-2.86489	-0.380776	-0.27034400000000003	0.349005	-0.423037	0.863484	-0.27465300000000004	0.0	0.182095	-0.215912	-0.959283	0.0	-0.887626	-0.455825	-0.0658977	0.0	2.54517	1.43825	1.4899	0.19514	
3	0.7251	0.21939299999999998	-0.6527609999999999	0.0	0.5694170000000001	0.34208099999999997	0.747492	0.0	0.387292	-0.9137	0.123116	0.0	-2.8376	-0.49252299999999993	-0.409485	0.347919	-0.42113500000000004	0.8645379999999999	-0.27426	0.0	0.180567	-0.21641300000000002	-0.9594590000000001	0.0	-0.888842	-0.453584	-0.0649673	0.0	2.5383	1.4327	1.49565	0.193828	
3	0.698312	0.169348	-0.695472	0.0	0.617657	0.34846900000000003	0.705032	0.0	0.361746	-0.921895	0.138741	0.0	-2.80823	-0.5682619999999999	-0.5052220000000001	0.348431	-0.42214700000000005	0.862936	-0.277729	0.0	0.17639000000000002	-0.22232	-0.958885	0.0	-0.889201	-0.45378	-0.0583619	0.0	2.5315	1.39306	1.5264	0.194139	
3	0.687465	0.172571	-0.705415	0.0	0.621579	0.362483	0.694439	0.0	0.37554099999999996	-0.915874	0.141928	0.0	-2.76523	-0.591734	-0.566984	0.347883	-0.424501	0.86274	-0.27473200000000003	0.0	0.174996	-0.21953000000000003	-0.9597829999999999	0.0	-0.8883549999999999	-0.455506	-0.057785	0.0	2.52285	1.36816	1.54354	0.193693	
3	0.6809930000000001	0.173455	-0.7114510000000001	0.0	0.623827	0.37141199999999996	0.6876720000000001	0.0	0.383521	-0.912122	0.144723	0.0	-2.72797	-0.594022	-0.633196	0.347711	-0.428884	0.8606090000000001	-0.27461199999999997	0.0	0.17541700000000002	-0.218863	-0.959858	0.0	-0.886165	-0.45983900000000005	-0.057099000000000004	0.0	2.5213799999999997	1.3579700000000001	1.56552	0.19297999999999998	
3	0.67432	0.169712	-0.718673	0.0	0.6289359999999999	0.377994	0.6793819999999999	0.0	0.386954	-0.91012	0.148151	0.0	-2.7092099999999997	-0.584796	-0.619604	0.34786999999999996	-0.433287	0.8574149999999999	-0.277671	0.0	0.17799500000000001	-0.22061399999999998	-0.958982	0.0	-0.8835040000000001	-0.46493900000000005	-0.0570266	0.0	2.52544	1.35571	1.59649	0.190685	
3	0.676941	0.178372	-0.714097	0.0	0.622308	0.37938	0.684692	0.0	0.393044	-0.907884	0.145816	0.0	-2.71749	-0.57565	-0.6150869999999999	0.347996	-0.43453100000000006	0.857203	-0.27638	0.0	0.177334	-0.21942899999999999	-0.959377	0.0	-0.883027	-0.46588999999999997	-0.0566629	0.0	2.52814	1.33866	1.61877	0.189822	
3	0.6769029999999999	0.18051099999999998	-0.713595	0.0	0.621275	0.37979	0.685403	0.0	0.39474000000000004	-0.9072899999999999	0.14493399999999998	0.0	-2.7154	-0.569537	-0.619502	0.348122	-0.435071	0.8568180000000001	-0.276723	0.0	0.177267	-0.21980999999999998	-0.9593020000000001	0.0	-0.882774	-0.46641800000000005	-0.0562528	0.0	2.52711	1.3340299999999998	1.62599	0.189281	
3	0.676901	0.180526	-0.713593	0.0	0.621271	0.379792	0.6854060000000001	0.0	0.394751	-0.907286	0.144926	0.0	-2.71544	-0.569638	-0.619446	0.348122	-0.43507299999999993	0.8568180000000001	-0.27671999999999997	0.0	0.177269	-0.21980500000000003	-0.9593020000000001	0.0	-0.8827719999999999	-0.46642100000000003	-0.0562563	0.0	2.52713	1.33413	1.62585	0.18928	
3	0.676901	0.180526	-0.713593	0.0	0.621271	0.379792	0.6854060000000001	0.0	0.394751	-0.907286	0.144926	0.0	-2.71544	-0.569638	-0.619446	0.348122	-0.43507299999999993	0.8568180000000001	-0.27671999999999997	0.0	0.177269	-0.21980500000000003	-0.9593020000000001	0.0	-0.8827719999999999	-0.46642100000000003	-0.0562562	0.0	2.52713	1.33413	1.62585	0.18928	
3	0.676901	0.180526	-0.713594	0.0	0.621271	0.379792	0.6854060000000001	0.0	0.394751	-0.907286	0.144926	0.0	-2.71544	-0.569639	-0.619446	0.348122	-0.43507299999999993	0.8568180000000001	-0.27671999999999997	0.0	0.177269	-0.21980500000000003	-0.959303	0.0	-0.8827719999999999	-0.46642100000000003	-0.0562564	0.0	2.52713	1.33413	1.62585	0.18928	
3	0.676901	0.180526	-0.713593	0.0	0.621271	0.379792	0.6854060000000001	0.0	0.394751	-0.907286	0.144926	0.0	-2.71544	-0.569639	-0.619446	0.348122	-0.43507299999999993	0.8568180000000001	-0.27671999999999997	0.0	0.177269	-0.21980500000000003	-0.959303	0.0	-0.8827719999999999	-0.46642100000000003	-0.05625650000000001	0.0	2.52713	1.33413	1.62585	0.18928	
3	0.676901	0.180526	-0.713594	0.0	0.621271	0.379792	0.6854060000000001	0.0	0.394751	-0.907286	0.144926	0.0	-2.71544	-0.569638	-0.619446	0.348122	-0.43507299999999993	0.8568180000000001	-0.27671999999999997	0.0	0.177269	-0.21980500000000003	-0.959303	0.0	-0.8827719999999999	-0.46642100000000003	-0.0562562	0.0	2.52713	1.33413	1.62585	0.18928	
3	0.676901	0.180526	-0.713594	0.0	0.621271	0.379792	0.6854060000000001	0.0	0.394751	-0.907286	0.144926	0.0	-2.71544	-0.569639	-0.619446	0.348122	-0.43507299999999993	0.8568180000000001	-0.27671999999999997	0.0	0.177269	-0.21980500000000003	-0.959303	0.0	-0.8827719999999999	-0.46642100000000003	-0.0562562	0.0	2.52713	1.33413	1.62585	0.18928	
3	0.676901	0.180526	-0.713594	0.0	0.621271	0.379792	0.6854060000000001	0.0	0.394751	-0.907286	0.144926	0.0	-2.71544	-0.569639	-0.619445	0.348122	-0.43507299999999993	0.8568180000000001	-0.27671999999999997	0.0	0.177269	-0.21980500000000003	-0.959303	0.0	-0.8827719999999999	-0.46642100000000003	-0.0562562	0.0	2.52713	1.33413	1.62585	0.18928	
3	0.676901	0.180526	-0.713594	0.0	0.621271	0.379792	0.6854060000000001	0.0	0.394751	-0.907286	0.144926	0.0	-2.71544	-0.569638	-0.619446	0.348122	-0.43507299999999993	0.8568180000000001	-0.27671999999999997	0.0	0.177269	-0.21980500000000003	-0.9593020000000001	0.0	-0.8827719999999999	-0.46642100000000003	-0.0562562	0.0	2.52713	1.33413	1.62585	0.18928	
3	0.676901	0.180526	-0.713594	0.0	0.621271	0.379792	0.6854060000000001	0.0	0.394751	-0.907286	0.144926	0.0	-2.71544	-0.569638	-0.619445	0.348122	-0.43507299999999993	0.8568180000000001	-0.27671999999999997	0.0	0.177269	-0.21980500000000003	-0.959303	0.0	-0.8827719999999999	-0.46642100000000003	-0.05625650000000001	0.0	2.52713	1.33413	1.62585	0.18928	
3	0.676901	0.180526	-0.713594	0.0	0.621271	0.379792	0.6854060000000001	0.0	0.394751	-0.907286	0.144926	0.0	-2.71544	-0.569639	-0.619445	0.348122	-0.43507299999999993	0.8568180000000001	-0.27671999999999997	0.0	0.177269	-0.21980500000000003	-0.9593020000000001	0.0	-0.8827719999999999	-0.46642100000000003	-0.0562562	0.0	2.52713	1.33413	1.62585	0.18928	
3	0.676901	0.180526	-0.713593	0.0	0.62127	0.379792	0.685405	0.0	0.394751	-0.907286	0.144926	0.0	-2.71544	-0.569639	-0.619446	0.348122	-0.43507299999999993	0.8568180000000001	-0.27671999999999997	0.0	0.177269	-0.21980500000000003	-0.959303	0.0	-0.8827719999999999	-0.46642100000000003	-0.0562564	0.0	2.52713	1.33413	1.62585	0.18928	
3	0.676901	0.180526	-0.713593	0.0	0.62127	0.379792	0.685405	0.0	0.394751	-0.907286	0.144926	0.0	-2.71544	-0.569639	-0.619446	0.348122	-0.43507299999999993	0.8568180000000001	-0.27671999999999997	0.0	0.177269	-0.21980500000000003	-0.959303	0.0	-0.8827719999999999	-0.46642100000000003	-0.05625650000000001	0.0	2.52713	1.33413	1.62585	0.18928	
3	0.352691	0.590196	-0.726139	0.0	0.47249300000000005	0.557488	0.682611	0.0	0.807688	-0.583846	-0.0822421	0.0	-2.71371	-0.597545	-0.60469	0.33928200000000003	-0.445405	0.850025	-0.281197	0.0	0.176813	-0.224377	-0.9583280000000001	0.0	-0.877697	-0.476563	-0.0503572	0.0	2.50956	1.3444200000000002	1.6914799999999999	0.14413499999999999	
3	0.361028	0.591348	-0.721087	0.0	0.49128599999999994	0.53663	0.686052	0.0	0.792652	-0.6019439999999999	-0.09678250000000001	0.0	-2.7324599999999997	-0.617355	-0.566439	0.344219	-0.44584300000000004	0.8496809999999999	-0.281543	0.0	0.17511500000000002	-0.225661	-0.9583379999999999	0.0	-0.877815	-0.47657	-0.0481821	0.0	2.50851	1.34469	1.69471	0.14416199999999998	
3	0.374571	0.5865779999999999	-0.718069	0.0	0.5503439999999999	0.48261899999999996	0.6813229999999999	0.0	0.746202	-0.650389	-0.142045	0.0	-2.84349	-0.6067100000000001	-0.694442	0.342471	-0.44518800000000003	0.8490790000000001	-0.28438	0.0	0.175066	-0.22892600000000002	-0.957572	0.0	-0.878157	-0.47608500000000004	-0.046729900000000005	0.0	2.50782	1.33713	1.6984	0.144219	
3	0.384619	0.5641689999999999	-0.730603	0.0	0.591743	0.45676700000000003	0.6642319999999999	0.0	0.7084550000000001	-0.687806	-0.158162	0.0	-2.9624900000000003	-0.6593479999999999	-0.895905	0.341433	-0.445532	0.8494360000000001	-0.28277199999999997	0.0	0.173068	-0.22817600000000002	-0.9581149999999999	0.0	-0.8783790000000001	-0.47580900000000004	-0.045350800000000004	0.0	2.49586	1.3403	1.7096099999999999	0.14535599999999999	
3	0.39091	0.5290600000000001	-0.753183	0.0	0.621272	0.452103	0.640019	0.0	0.679125	-0.718121	-0.15195899999999998	0.0	-3.0299	-0.770121	-1.1123399999999999	0.34171	-0.44666000000000006	0.8481069999999999	-0.284974	0.0	0.174991	-0.22955	-0.9574370000000001	0.0	-0.877424	-0.477516	-0.0458809	0.0	2.4950799999999997	1.3335299999999999	1.7032	0.14536500000000002	
3	0.406717	0.484961	-0.774205	0.0	0.643882	0.44901499999999994	0.619517	0.0	0.648071	-0.7504649999999999	-0.129635	0.0	-3.06485	-0.948624	-1.29487	0.34062800000000004	-0.44833500000000004	0.8470340000000001	-0.285534	0.0	0.176087	-0.229485	-0.9572510000000001	0.0	-0.87635	-0.47944799999999993	-0.0462664	0.0	2.50651	1.33394	1.70435	0.145498	
3	0.43263500000000005	0.42672200000000005	-0.794189	0.0	0.686733	0.414774	0.596959	0.0	0.584145	-0.803661	-0.113599	0.0	-3.0799	-1.16356	-1.4325299999999999	0.34076799999999996	-0.44998	0.844039	-0.291749	0.0	0.179253	-0.23467800000000003	-0.9554030000000001	0.0	-0.874864	-0.482209	-0.0456961	0.0	2.51274	1.3294700000000002	1.7161400000000002	0.14468399999999998	
3	0.47441099999999997	0.329884	-0.816156	0.0	0.7433529999999999	0.346512	0.57215	0.0	0.471551	-0.878127	-0.0808312	0.0	-3.15235	-1.39048	-1.53334	0.341354	-0.449858	0.8427870000000001	-0.295529	0.0	0.180989	-0.238008	-0.9542510000000001	0.0	-0.874569	-0.48276499999999994	-0.0454652	0.0	2.51723	1.31105	1.72059	0.14445999999999998	
3	0.492489	0.231373	-0.8390000000000001	0.0	0.78415	0.30025999999999997	0.543095	0.0	0.377576	-0.92537	-0.0335566	0.0	-3.23772	-1.62225	-1.56869	0.339402	-0.448954	0.842551	-0.29757100000000003	0.0	0.179897	-0.240973	-0.9537129999999999	0.0	-0.875258	-0.481706	-0.0433861	0.0	2.52172	1.29282	1.7176099999999999	0.144387	
3	0.5077619999999999	0.159626	-0.8465799999999999	0.0	0.814551	0.23101300000000002	0.532109	0.0	0.28051	-0.959767	-0.012724	0.0	-3.27083	-1.82335	-1.60533	0.339904	-0.44714499999999996	0.8422790000000001	-0.301044	0.0	0.17756	-0.246281	-0.9527950000000001	0.0	-0.87666	-0.479491	-0.039432	0.0	2.52279	1.27512	1.7127400000000002	0.144902	
3	0.519292	0.09832610000000001	-0.848922	0.0	0.8284309999999999	0.18600999999999998	0.528302	0.0	0.20985399999999998	-0.977616	0.015137000000000001	0.0	-3.34248	-2.02316	-1.7332299999999998	0.340859	-0.44375699999999996	0.841465	-0.308247	0.0	0.17929	-0.25365	-0.950535	0.0	-0.8780290000000001	-0.47707200000000005	-0.03830719999999999	0.0	2.51958	1.29683	1.71238	0.145823	
3	0.513573	0.052237	-0.856455	0.0	0.840709	0.16900199999999999	0.5144380000000001	0.0	0.17161500000000002	-0.984231	0.0428786	0.0	-3.35414	-2.24139	-1.87257	0.342618	-0.441196	0.840417	-0.314716	0.0	0.176581	-0.26253899999999997	-0.948627	0.0	-0.879867	-0.474103	-0.0325708	0.0	2.4988900000000003	1.3221100000000001	1.7173599999999998	0.148569	
3	0.524277	0.0340729	-0.850866	0.0	0.8352940000000001	0.173719	0.521638	0.0	0.16558499999999998	-0.9842059999999999	0.0626159	0.0	-3.3549599999999997	-2.45078	-1.99633	0.34539000000000003	-0.441217	0.8387540000000001	-0.31909099999999996	0.0	0.179862	-0.265706	-0.947127	0.0	-0.879191	-0.47528100000000006	-0.033625999999999996	0.0	2.49748	1.33256	1.70954	0.14807	
3	0.53323	0.0138392	-0.845857	0.0	0.8304440000000001	0.182122	0.526493	0.0	0.16133499999999998	-0.9831790000000001	0.08562	0.0	-3.3123400000000003	-2.67653	-2.13657	0.34944400000000003	-0.440165	0.838205	-0.321975	0.0	0.17993699999999999	-0.268965	-0.9461930000000001	0.0	-0.879703	-0.474416	-0.0324354	0.0	2.50409	1.34202	1.71128	0.148497	
3	0.541854	0.0141739	-0.840353	0.0	0.8232440000000001	0.192459	0.534068	0.0	0.169304	-0.981203	0.0926162	0.0	-3.26967	-2.84856	-2.2715799999999997	0.35085	-0.442208	0.8372280000000001	-0.32171500000000003	0.0	0.182126	-0.2674	-0.946218	0.0	-0.8782270000000001	-0.47701800000000005	-0.0342353	0.0	2.49899	1.34494	1.7229299999999999	0.148779	
3	0.5334220000000001	0.011296200000000001	-0.845774	0.0	0.826411	0.20617199999999997	0.523964	0.0	0.180294	-0.97845	0.100642	0.0	-3.21581	-2.90872	-2.24626	0.350364	-0.44411000000000006	0.837039	-0.319583	0.0	0.180447	-0.26582	-0.946984	0.0	-0.8776139999999999	-0.478233	-0.032987999999999996	0.0	2.51074	1.34414	1.7264400000000002	0.148517	
3	0.52527	0.022152900000000003	-0.850648	0.0	0.8255879999999999	0.228909	0.515757	0.0	0.206146	-0.973196	0.10195	0.0	-3.17368	-2.9456599999999997	-2.21244	0.350673	-0.443478	0.8373950000000001	-0.31952800000000003	0.0	0.182706	-0.264554	-0.9469049999999999	0.0	-0.877466	-0.478311	-0.035673699999999996	0.0	2.51288	1.34531	1.72879	0.147003	
3	0.5183979999999999	0.0284693	-0.854665	0.0	0.826758	0.23866700000000002	0.509421	0.0	0.218484	-0.970684	0.100188	0.0	-3.11939	-2.97403	-2.17456	0.35129299999999997	-0.443842	0.8372299999999999	-0.319454	0.0	0.180482	-0.26566599999999996	-0.9470209999999999	0.0	-0.877742	-0.477983	-0.033191000000000005	0.0	2.51209	1.34358	1.73065	0.14808	
3	0.516256	0.015678	-0.856291	0.0	0.828735	0.243081	0.5040939999999999	0.0	0.21605100000000002	-0.969879	0.112499	0.0	-3.08061	-3.0135099999999997	-2.15841	0.351259	-0.445424	0.83524	-0.322446	0.0	0.18189	-0.268217	-0.946032	0.0	-0.876649	-0.48003500000000004	-0.032451	0.0	2.51384	1.34451	1.72623	0.14732699999999999	
3	0.515466	0.0162278	-0.856756	0.0	0.815559	0.297548	0.496316	0.0	0.26298	-0.954569	0.14014100000000002	0.0	-3.0964400000000003	-3.02311	-2.16509	0.35092399999999996	-0.44924899999999995	0.8315520000000001	-0.326646	0.0	0.186915	-0.270045	-0.9445309999999999	0.0	-0.873635	-0.485385	-0.034112	0.0	2.52604	1.34324	1.70365	0.14619200000000002	
3	0.519835	0.01651	-0.854107	0.0	0.803267	0.330835	0.495288	0.0	0.290746	-0.943544	0.158718	0.0	-3.1113299999999997	-3.00429	-2.16584	0.35134099999999996	-0.45122700000000004	0.8294590000000001	-0.329231	0.0	0.19018800000000002	-0.271068	-0.943584	0.0	-0.871908	-0.488386	-0.03544	0.0	2.54014	1.34322	1.6984400000000002	0.145317	
3	0.5132680000000001	-0.00924593	-0.8581790000000001	0.0	0.8255629999999999	0.278568	0.49076000000000003	0.0	0.23452399999999998	-0.9603719999999999	0.15061300000000002	0.0	-3.21647	-3.26313	-2.1712599999999997	0.349179	-0.452529	0.827699	-0.331861	0.0	0.192678	-0.272602	-0.9426370000000001	0.0	-0.8706860000000001	-0.490512	-0.036119	0.0	2.56622	1.3492600000000001	1.6906400000000001	0.144643	
3	0.512407	-0.011097599999999999	-0.858671	0.0	0.84778	0.165798	0.5037659999999999	0.0	0.136775	-0.9860969999999999	0.0943641	0.0	-3.31014	-3.45079	-2.2353400000000003	0.349812	-0.453768	0.825099	-0.33660999999999996	0.0	0.19611800000000001	-0.27601	-0.940934	0.0	-0.8692709999999999	-0.49298100000000006	-0.0365722	0.0	2.5864	1.3633899999999999	1.6931900000000002	0.144202	
3	0.509989	-0.00740787	-0.8601489999999999	0.0	0.849196	0.163631	0.5020859999999999	0.0	0.137028	-0.9864940000000001	0.0897408	0.0	-3.31809	-3.46443	-2.21141	0.35083000000000003	-0.45748900000000003	0.820948	-0.341685	0.0	0.200414	-0.279174	-0.9390930000000001	0.0	-0.8663360000000001	-0.49810299999999996	-0.0368106	0.0	2.6011900000000003	1.3967200000000002	1.71145	0.14313900000000002	
3	0.509948	-0.00458604	-0.860193	0.0	0.848835	0.164735	0.502336	0.0	0.139401	-0.9863270000000001	0.0878993	0.0	-3.3262199999999997	-3.4663699999999995	-2.20585	0.34974299999999997	-0.46161599999999997	0.816643	-0.346418	0.0	0.206011	-0.281147	-0.937292	0.0	-0.862827	-0.504035	-0.0384559	0.0	2.61511	1.42346	1.71774	0.142396	
3	0.518413	0.00414252	-0.8551209999999999	0.0	0.844225	0.15671300000000002	0.512567	0.0	0.136132	-0.9876360000000001	0.07774450000000001	0.0	-3.3305599999999997	-3.49891	-2.23205	0.349472	-0.463454	0.813513	-0.351292	0.0	0.213425	-0.28229	-0.9352870000000001	0.0	-0.860035	-0.5084380000000001	-0.042796	0.0	2.63515	1.43835	1.71288	0.14035	
3	0.5498930000000001	-0.00883502	-0.8351879999999999	0.0	0.8288260000000001	0.129404	0.5443359999999999	0.0	0.10326700000000001	-0.991553	0.0784808	0.0	-3.3539999999999996	-3.56285	-2.25818	0.347092	-0.45852	0.813944	-0.356727	0.0	0.21135	-0.290018	-0.933392	0.0	-0.863186	-0.503373	-0.0390483	0.0	2.6425799999999997	1.4591399999999999	1.70738	0.141706	
3	0.586481	-0.0404469	-0.808952	0.0	0.808524	0.0887455	0.581733	0.0	0.0482616	-0.995233	0.0847498	0.0	-3.3651199999999997	-3.54441	-2.27878	0.31094299999999997	-0.453474	0.814664	-0.361502	0.0	0.20934899999999998	-0.29689499999999996	-0.931679	0.0	-0.866334	-0.498173	-0.0359154	0.0	2.63207	1.47563	1.7084099999999998	0.144008	
3	0.612983	-0.0707804	-0.7869189999999999	0.0	0.790058	0.06464740000000001	0.609613	0.0	0.00772372	-0.995395	0.0955483	0.0	-3.3687	-3.52305	-2.32552	0.11703599999999999	-0.44930600000000004	0.815135	-0.36562100000000003	0.0	0.20696799999999999	-0.303149	-0.9301959999999999	0.0	-0.869074	-0.49361400000000005	-0.032500299999999996	0.0	2.60994	1.51457	1.70735	0.146921	
3	0.617559	-0.0778838	-0.782659	0.0	0.786524	0.0628972	0.6143489999999999	0.0	0.00137928	-0.994976	0.1001	0.0	-3.3262099999999997	-3.52231	-2.3959799999999998	0.107771	-0.4497	0.8145680000000001	-0.3664	0.0	0.20615999999999998	-0.30448000000000003	-0.929941	0.0	-0.8690620000000001	-0.49373100000000003	-0.031007099999999996	0.0	2.6076099999999998	1.51795	1.7012	0.14735499999999999	
3	0.621517	-0.0865058	-0.77861	0.0	0.783396	0.07215830000000001	0.61732	0.0	0.00278142	-0.993635	0.11261600000000001	0.0	-3.30787	-3.5177	-2.40707	0.106948	-0.449553	0.814194	-0.367411	0.0	0.207819	-0.304698	-0.9295	0.0	-0.868743	-0.49421400000000004	-0.0322269	0.0	2.60538	1.5304200000000001	1.6941400000000002	0.14698699999999998	
3	0.614594	-0.0907362	-0.783608	0.0	0.7888189999999999	0.07849450000000001	0.609592	0.0	0.00619692	-0.992777	0.119817	0.0	-3.2990199999999996	-3.5118099999999997	-2.40692	0.10627400000000001	-0.450225	0.815001	-0.364788	0.0	0.20620100000000002	-0.302595	-0.9305469999999999	0.0	-0.8687799999999999	-0.494175	-0.031817700000000004	0.0	2.60597	1.5233700000000001	1.6893099999999999	0.14740699999999998	
3	0.5978829999999999	-0.09278560000000001	-0.796195	0.0	0.801258	0.09749450000000001	0.5903229999999999	0.0	0.0228512	-0.990901	0.132635	0.0	-3.2920599999999998	-3.5017400000000003	-2.40203	0.103539	-0.452298	0.815168	-0.361838	0.0	0.20444500000000002	-0.300141	-0.9317290000000001	0.0	-0.8681180000000001	-0.495395	-0.030903800000000002	0.0	2.60543	1.5154299999999998	1.6915099999999998	0.14735499999999999	
3	0.569389	-0.0995535	-0.816018	0.0	0.820317	0.133575	0.556092	0.0	0.053639	-0.9860260000000001	0.157722	0.0	-3.24005	-3.37198	-2.37584	0.0044012	-0.453255	0.815314	-0.360309	0.0	0.206831	-0.296987	-0.932212	0.0	-0.8670530000000001	-0.49705299999999997	-0.0340211	0.0	2.61285	1.49078	1.6869299999999998	0.14593699999999998	
3	0.561955	-0.08865160000000001	-0.8224040000000001	0.0	0.8229559999999999	0.160128	0.545071	0.0	0.0833686	-0.983107	0.162941	0.0	-3.2148	-3.37629	-2.36825	0.0	-0.452876	0.8153590000000001	-0.360685	0.0	0.206219	-0.297784	-0.9320940000000001	0.0	-0.867397	-0.49650299999999997	-0.033283099999999996	0.0	2.61338	1.48122	1.68314	0.14574600000000001	
3	0.568797	-0.04887380000000001	-0.821024	0.0	0.814612	0.171201	0.554164	0.0	0.113476	-0.984023	0.137192	0.0	-3.20064	-3.3606800000000003	-2.37566	0.0	-0.45254099999999997	0.816427	-0.358684	0.0	0.20550500000000002	-0.29591999999999996	-0.932845	0.0	-0.867741	-0.49586099999999994	-0.033863800000000006	0.0	2.6131	1.48102	1.6817799999999998	0.145449	
3	0.57424	-0.028111	-0.818204	0.0	0.814836	0.116448	0.567876	0.0	0.079315	-0.992799	0.0897752	0.0	-3.17523	-3.30954	-2.37857	-0.00012969999999999998	-0.45190600000000003	0.817675	-0.356635	0.0	0.203478	-0.29476399999999997	-0.9336549999999999	0.0	-0.868549	-0.494492	-0.0331736	0.0	2.61251	1.47066	1.6789900000000002	0.14546800000000001	
3	0.546794	0.026449700000000003	-0.836849	0.0	0.8195549999999999	0.187594	0.541423	0.0	0.171308	-0.981891	0.0808983	0.0	-3.0830599999999997	-3.03483	-2.47044	-0.00708363	-0.45157700000000006	0.8204549999999999	-0.350617	0.0	0.19955799999999999	-0.290135	-0.935948	0.0	-0.8696290000000001	-0.49262100000000003	-0.0327103	0.0	2.60858	1.44164	1.6790200000000002	0.146124	
3	0.561237	0.0343639	-0.826942	0.0	0.811168	0.175598	0.557828	0.0	0.164379	-0.9838620000000001	0.0706771	0.0	-3.07702	-2.93696	-2.45674	-0.00741143	-0.451813	0.820443	-0.350339	0.0	0.198775	-0.290252	-0.9360780000000001	0.0	-0.8696860000000001	-0.492571	-0.031944	0.0	2.60701	1.43917	1.6815900000000001	0.146924	
3	0.710278	0.132372	-0.6913630000000001	0.0	0.681846	0.114658	0.722454	0.0	0.174903	-0.9845459999999999	-0.00881845	0.0	-3.00584	-2.7847299999999997	-2.47522	-0.00409722	-0.45096800000000004	0.820996	-0.35013299999999997	0.0	0.20089300000000002	-0.288854	-0.936058	0.0	-0.8696379999999999	-0.492471	-0.034668300000000006	0.0	2.61006	1.44466	1.6783400000000002	0.163433	
3	0.7659999999999999	0.100287	-0.63497	0.0	0.6287050000000001	0.08913389999999999	0.772519	0.0	0.134071	-0.990958	0.00522585	0.0	-2.96062	-2.7787900000000003	-2.49515	-0.00343522	-0.450849	0.8214610000000001	-0.349196	0.0	0.19863499999999998	-0.289069	-0.936474	0.0	-0.870218	-0.491571	-0.032845	0.0	2.60711	1.44079	1.67878	0.166469	
3	0.782456	0.0906779	-0.6160680000000001	0.0	0.612351	0.0676229	0.7876890000000001	0.0	0.11308599999999999	-0.993582	-0.00261475	0.0	-2.9969799999999998	-2.8342099999999997	-2.57253	0.11080799999999999	-0.45075	0.82042	-0.351761	0.0	0.198757	-0.291929	-0.9355600000000001	0.0	-0.870242	-0.49161800000000005	-0.031477	0.0	2.59673	1.43816	1.683	0.165717	
3	0.788709	0.0873564	-0.608528	0.0	0.604499	0.069951	0.793529	0.0	0.11188699999999999	-0.993718	0.00236413	0.0	-2.99548	-2.84628	-2.57393	0.10794300000000001	-0.452719	0.819793	-0.350692	0.0	0.199331	-0.290302	-0.935944	0.0	-0.869087	-0.49362399999999995	-0.031985	0.0	2.59698	1.43907	1.68625	0.165256	
3	0.787684	0.07011	-0.6120770000000001	0.0	0.607924	0.0726595	0.790663	0.0	0.0999066	-0.9948889999999999	0.0146112	0.0	-3.00765	-2.91405	-2.59645	0.133018	-0.454371	0.818589	-0.35136799999999996	0.0	0.202449	-0.289224	-0.935609	0.0	-0.867503	-0.49624700000000005	-0.0343077	0.0	2.60723	1.44218	1.68743	0.164104	
3	0.78362	0.0528044	-0.618992	0.0	0.614065	0.085155	0.7846479999999999	0.0	0.0941432	-0.9949680000000001	0.0343038	0.0	-3.01986	-2.9272099999999996	-2.63254	0.161997	-0.45348599999999994	0.818307	-0.353163	0.0	0.203568	-0.290677	-0.934916	0.0	-0.8677040000000001	-0.495864	-0.0347631	0.0	2.60927	1.4482	1.6874900000000002	0.16414700000000002	
3	0.79061	0.058027699999999995	-0.6095649999999999	0.0	0.602383	0.10491400000000001	0.791283	0.0	0.10986800000000001	-0.9927870000000001	0.0479912	0.0	-3.07884	-2.9731099999999997	-2.70638	0.254496	-0.452121	0.818933	-0.353462	0.0	0.20115999999999998	-0.292451	-0.934884	0.0	-0.868977	-0.49378299999999997	-0.0325135	0.0	2.6112900000000003	1.44785	1.68602	0.165439	
3	0.794358	0.0623144	-0.604245	0.0	0.596174	0.11078900000000001	0.7951739999999999	0.0	0.116495	-0.9918879999999999	0.0508561	0.0	-3.11516	-3.00878	-2.75544	0.327367	-0.45374899999999996	0.817307	-0.355135	0.0	0.20344600000000002	-0.292987	-0.934221	0.0	-0.8675950000000001	-0.49615200000000004	-0.0333356	0.0	2.6079	1.45288	1.6933599999999998	0.16528099999999998	
3	0.800341	0.0662833	-0.59587	0.0	0.586787	0.117347	0.801194	0.0	0.12303	-0.990876	0.055023800000000005	0.0	-3.12394	-3.0200400000000003	-2.7701599999999997	0.342129	-0.454563	0.8165560000000001	-0.35582199999999997	0.0	0.20436600000000002	-0.29320999999999997	-0.93395	0.0	-0.8669530000000001	-0.49725699999999995	-0.03359430000000001	0.0	2.61193	1.45256	1.6932099999999999	0.165247	
0	0.8027489999999999	0.07320789999999999	-0.591806	0.0	0.581354	0.124845	0.8040149999999999	0.0	0.132745	-0.9894719999999999	0.0576597	0.0	-3.13046	-3.02544	-2.77414	0.343015	-0.454162	0.815656	-0.358388	0.0	0.205854	-0.295309	-0.932961	0.0	-0.8668110000000001	-0.49749099999999996	-0.033788099999999995	0.0	2.6153	1.45623	1.69365	0.165079	
0	0.79973	0.0721215	-0.596012	0.0	0.583371	0.14114300000000002	0.799848	0.0	0.141809	-0.987359	0.0708025	0.0	-3.13921	-3.03419	-2.78302	0.34278400000000003	-0.454337	0.815974	-0.357442	0.0	0.20635799999999999	-0.293931	-0.933285	0.0	-0.866599	-0.497787	-0.034839300000000004	0.0	2.61433	1.45679	1.69911	0.16484000000000001	
0	0.785507	0.041891000000000005	-0.617433	0.0	0.604963	0.15822	0.7803760000000001	0.0	0.130381	-0.9865149999999999	0.0989401	0.0	-3.13945	-3.04231	-2.79835	0.34275900000000004	-0.457668	0.814462	-0.35664	0.0	0.20654899999999998	-0.29275	-0.9336139999999999	0.0	-0.864799	-0.500949	-0.0342444	0.0	2.61384	1.45481	1.71964	0.165768	
0	0.765514	0.0288111	-0.642774	0.0	0.62859	0.179756	0.756679	0.0	0.137343	-0.983289	0.119495	0.0	-3.15727	-3.04576	-2.7944299999999997	0.331955	-0.46146400000000004	0.8111729999999999	-0.35923299999999997	0.0	0.21195100000000003	-0.292394	-0.932514	0.0	-0.861468	-0.506462	-0.036999000000000004	0.0	2.63352	1.46165	1.7155599999999998	0.163492	
0	0.72582	0.022481400000000002	-0.687517	0.0	0.672821	0.184816	0.716349	0.0	0.14316900000000002	-0.982516	0.11901700000000001	0.0	-3.22072	-3.04957	-2.7349799999999997	0.330401	-0.462113	0.810888	-0.35904200000000003	0.0	0.21264299999999997	-0.29173499999999997	-0.9325629999999999	0.0	-0.86095	-0.5072979999999999	-0.037615699999999995	0.0	2.64079	1.46217	1.71176	0.163421	
0	0.686797	0.0226628	-0.726496	0.0	0.710342	0.190882	0.67748	0.0	0.154029	-0.981351	0.114999	0.0	-3.24294	-3.05146	-2.71475	0.32910300000000003	-0.46051899999999996	0.811778	-0.359079	0.0	0.21376799999999999	-0.291197	-0.932474	0.0	-0.861525	-0.506182	-0.039430599999999996	0.0	2.64267	1.46038	1.70734	0.163144	
0	0.549388	-0.00859407	-0.8355229999999999	0.0	0.818343	0.20751999999999998	0.535957	0.0	0.168781	-0.978193	0.12104200000000001	0.0	-3.3529400000000003	-3.01805	-2.5798400000000004	0.32360700000000003	-0.454122	0.815538	-0.35870799999999997	0.0	0.205893	-0.295655	-0.932843	0.0	-0.866823	-0.49748000000000003	-0.033650900000000004	0.0	2.63062	1.45041	1.70828	0.165787	
0	0.49918	-0.05217909999999999	-0.864926	0.0	0.8484649999999999	0.23202199999999998	0.475682	0.0	0.175861	-0.97131	0.160093	0.0	-3.12512	-2.72355	-1.9486900000000003	0.34676599999999996	-0.453509	0.816418	-0.357479	0.0	0.204781	-0.294914	-0.933322	0.0	-0.8674069999999999	-0.496475	-0.033441399999999996	0.0	2.61678	1.45505	1.71531	0.16680799999999998	
0	0.481764	-0.059641	-0.8742690000000001	0.0	0.857456	0.23787800000000003	0.456272	0.0	0.180757	-0.969462	0.165741	0.0	-3.06814	-2.62339	-1.8205799999999999	0.34686100000000003	-0.45386899999999997	0.816124	-0.357694	0.0	0.204231	-0.295459	-0.93327	0.0	-0.867348	-0.496634	-0.0325786	0.0	2.61458	1.4569299999999998	1.71498	0.16680799999999998	
0	0.46251899999999996	-0.06966839999999999	-0.883868	0.0	0.866326	0.24753200000000003	0.433829	0.0	0.18856099999999998	-0.9663719999999999	0.174844	0.0	-3.04717	-2.496	-1.72212	0.34673400000000004	-0.454217	0.816519	-0.35634899999999997	0.0	0.204057	-0.294006	-0.933767	0.0	-0.867207	-0.49684799999999996	-0.033074	0.0	2.61401	1.45211	1.6985599999999998	0.166675	
0	0.454383	-0.0670645	-0.888278	0.0	0.868727	0.253996	0.425205	0.0	0.197103	-0.9648770000000001	0.173672	0.0	-3.0354200000000002	-2.4409	-1.6852200000000002	0.34641700000000003	-0.45473100000000005	0.816651	-0.355389	0.0	0.20383900000000002	-0.293011	-0.9341280000000001	0.0	-0.8669889999999999	-0.49721899999999997	-0.0332239	0.0	2.61358	1.45197	1.69806	0.166641	
0	0.455901	-0.0502606	-0.88861	0.0	0.8652559999999999	0.25895300000000004	0.42927200000000004	0.0	0.208533	-0.9645809999999999	0.161545	0.0	-2.99423	-2.32464	-1.60661	0.345973	-0.454236	0.81603	-0.357442	0.0	0.20386500000000002	-0.295365	-0.9333799999999999	0.0	-0.867242	-0.496845	-0.032194400000000005	0.0	2.61337	1.45486	1.7036900000000001	0.16674	
0	0.47666499999999995	-0.036093400000000005	-0.878344	0.0	0.8558459999999999	0.247272	0.454294	0.0	0.200793	-0.968274	0.148756	0.0	-2.91088	-2.27399	-1.50653	0.34628400000000004	-0.45145100000000005	0.816736	-0.35935300000000003	0.0	0.202323	-0.298543	-0.9327040000000001	0.0	-0.8690559999999999	-0.493775	-0.030467200000000003	0.0	2.61016	1.46323	1.7087900000000003	0.167097	
0	0.5133800000000001	-0.031548599999999996	-0.8575809999999999	0.0	0.84273	0.207191	0.49686800000000003	0.0	0.16200799999999999	-0.977792	0.132955	0.0	-2.93477	-2.40968	-1.51619	0.348851	-0.452979	0.815146	-0.361035	0.0	0.203444	-0.299767	-0.932068	0.0	-0.8679979999999999	-0.495658	-0.030048500000000002	0.0	2.60405	1.4671299999999998	1.7259400000000003	0.167255	
0	0.5392399999999999	-0.0432333	-0.841042	0.0	0.8313200000000001	0.186994	0.5233939999999999	0.0	0.134642	-0.981409	0.136775	0.0	-3.00223	-2.60122	-1.5502	0.350177	-0.45785299999999995	0.811696	-0.362657	0.0	0.20933200000000002	-0.298027	-0.931322	0.0	-0.864032	-0.502324	-0.03346230000000001	0.0	2.60836	1.46643	1.73612	0.16559200000000002	
0	0.540507	-0.0651336	-0.838814	0.0	0.833778	0.174834	0.523686	0.0	0.112544	-0.982441	0.148806	0.0	-3.0360400000000003	-2.7374	-1.55494	0.350224	-0.461247	0.810116	-0.361888	0.0	0.21166100000000002	-0.295628	-0.93156	0.0	-0.861656	-0.5062770000000001	-0.03511330000000001	0.0	2.62092	1.46764	1.7461799999999998	0.164071	
0	0.558195	-0.0702471	-0.826731	0.0	0.8271219999999999	0.125746	0.547774	0.0	0.06547889999999999	-0.9895719999999999	0.12829400000000002	0.0	-3.06783	-2.90501	-1.58465	0.347122	-0.467095	0.807929	-0.359268	0.0	0.217207	-0.289023	-0.932356	0.0	-0.8571139999999999	-0.513534	-0.0404871	0.0	2.63749	1.46716	1.7610599999999998	0.16145299999999999	
0	0.574095	-0.10352	-0.812218	0.0	0.818783	0.07631030000000001	0.569009	0.0	0.00307673	-0.9916959999999999	0.12857000000000002	0.0	-3.1568099999999997	-3.01212	-1.61305	0.349341	-0.472467	0.804445	-0.360061	0.0	0.220401	-0.287713	-0.932011	0.0	-0.853345	-0.519703	-0.0413662	0.0	2.64443	1.4667	1.7653599999999998	0.16118	
0	0.57887	-0.09861039999999999	-0.809435	0.0	0.8154140000000001	0.06624010000000001	0.575076	0.0	-0.00309142	-0.992919	0.118753	0.0	-3.23831	-3.12035	-1.6481400000000002	0.35325	-0.47348900000000005	0.80275	-0.362491	0.0	0.225257	-0.287502	-0.9309149999999999	0.0	-0.851509	-0.5224310000000001	-0.044695900000000004	0.0	2.67223	1.4662600000000001	1.7479200000000001	0.15981700000000001	
0	0.578807	-0.10671099999999999	-0.808453	0.0	0.815391	0.06236749999999999	0.575542	0.0	-0.0109953	-0.992332	0.12311	0.0	-3.26475	-3.2340400000000002	-1.67114	0.357079	-0.471213	0.803806	-0.363118	0.0	0.224388	-0.288896	-0.930693	0.0	-0.853	-0.520034	-0.0442328	0.0	2.68288	1.46543	1.7429400000000002	0.160083	
0	0.5846560000000001	-0.0995654	-0.805149	0.0	0.8111430000000001	0.0533913	0.5824060000000001	0.0	-0.0149994	-0.993598	0.111977	0.0	-3.28474	-3.32246	-1.7128599999999998	0.355408	-0.468602	0.8051020000000001	-0.363625	0.0	0.220835	-0.29178899999999997	-0.9306399999999999	0.0	-0.8553620000000001	-0.516401	-0.0410617	0.0	2.66908	1.4707700000000001	1.7657599999999998	0.16063	
0	0.585022	-0.10169299999999999	-0.804616	0.0	0.810712	0.0460935	0.583629	0.0	-0.0222633	-0.993748	0.10940899999999999	0.0	-3.29	-3.3641	-1.74905	0.35389	-0.468113	0.804912	-0.364674	0.0	0.22086999999999998	-0.293008	-0.930249	0.0	-0.855621	-0.516007	-0.0406204	0.0	2.65991	1.47491	1.77193	0.161373	
0	0.578809	-0.10565699999999999	-0.8085899999999999	0.0	0.815153	0.0476304	0.577283	0.0	-0.022480700000000003	-0.9932610000000001	0.113696	0.0	-3.29869	-3.4191	-1.7866900000000001	0.352459	-0.467763	0.803095	-0.369103	0.0	0.223392	-0.296625	-0.928499	0.0	-0.855157	-0.516772	-0.0406551	0.0	2.6518200000000003	1.48315	1.78565	0.16181600000000002	
0	0.56614	-0.106396	-0.8174140000000001	0.0	0.824091	0.05022530000000001	0.564227	0.0	-0.0189766	-0.9930549999999999	0.11611400000000001	0.0	-3.28796	-3.4374300000000004	-1.79987	0.351916	-0.467199	0.802208	-0.371736	0.0	0.22404000000000002	-0.299307	-0.927481	0.0	-0.855296	-0.516602	-0.039890800000000004	0.0	2.6507400000000003	1.4918	1.7866799999999998	0.162167	
0	0.47133400000000003	-0.109857	-0.875086	0.0	0.8819379999999999	0.052552	0.46842700000000004	0.0	-0.00547206	-0.992557	0.121656	0.0	-3.23623	-3.50791	-1.8567	0.347373	-0.46409300000000003	0.8013600000000001	-0.37741199999999997	0.0	0.224593	-0.305695	-0.9252610000000001	0.0	-0.856841	-0.514171	-0.038109199999999996	0.0	2.64685	1.51857	1.79857	0.164117	
0	0.39515500000000003	-0.104004	-0.912708	0.0	0.9185120000000001	0.05957080000000001	0.39088	0.0	0.013717600000000002	-0.992791	0.11906900000000001	0.0	-3.21238	-3.51721	-1.8660599999999998	0.347967	-0.461909	0.801045	-0.380745	0.0	0.223212	-0.310477	-0.924002	0.0	-0.8583799999999999	-0.511791	-0.0353906	0.0	2.63938	1.52522	1.8025	0.167328	
0	0.31906799999999996	-0.108326	-0.9415209999999999	0.0	0.947623	0.0515576	0.315204	0.0	0.014397899999999998	-0.992778	0.119102	0.0	-3.23407	-3.5283	-1.88795	0.34796900000000003	-0.459704	0.799905	-0.385778	0.0	0.22544499999999998	-0.31505500000000003	-0.921908	0.0	-0.85898	-0.510777	-0.035503	0.0	2.6339099999999998	1.53769	1.8129	0.166945	
