3	0.185891	0.8624799999999999	-0.47071499999999994	0.0	0.379691	0.378797	0.844007	0.0	0.9062450000000001	-0.33562	-0.25706100000000004	0.0	-2.74282	2.02603	1.35064	0.022139	-0.593133	0.516197	-0.617846	0.0	0.750969	0.0780666	-0.6557069999999999	0.0	-0.29024099999999997	-0.8529049999999999	-0.43395200000000006	0.0	2.66032	2.0	1.53809	0.0	
3	-0.156434	0.893639	-0.42063900000000004	0.0	0.06883639999999999	0.43471099999999996	0.897935	0.0	0.9852870000000001	0.11151199999999999	-0.129519	0.0	-2.7678	2.00791	1.42203	-0.00048828099999999997	-0.593133	0.516197	-0.617846	0.0	0.750991	0.07813200000000001	-0.655674	0.0	-0.29018299999999997	-0.8528979999999999	-0.43400200000000005	0.0	2.66032	2.0	1.53809	0.0	
3	-0.137728	0.897798	-0.418317	0.0	0.08008589999999999	0.43105299999999996	0.898766	0.0	0.9872270000000001	0.09028430000000001	-0.131269	0.0	-2.78885	1.98117	1.4440899999999999	0.0	-0.148724	0.896848	-0.416587	0.0	0.190476	-0.387403	-0.902019	0.0	-0.970361	-0.213502	-0.113212	0.0	2.63912	2.02487	1.5812700000000002	0.00529174	
3	-0.132741	0.891117	-0.433925	0.0	0.07377310000000001	0.445467	0.8922540000000001	0.0	0.988402	0.0864263	-0.124872	0.0	-2.80305	1.95028	1.4425299999999999	0.0	-0.064176	0.899673	-0.43182200000000004	0.0	0.0510348	-0.42918900000000004	-0.9017719999999999	0.0	-0.996633	-0.07990989999999999	-0.0183712	0.0	2.6829400000000003	1.98479	1.61826	0.0	
3	-0.124616	0.8712559999999999	-0.474746	0.0	0.060362599999999995	0.48424700000000004	0.8728469999999999	0.0	0.990367	0.0801135	-0.112936	0.0	-2.8023599999999997	1.9020700000000001	1.4659	0.0	-0.0759596	0.883835	-0.461591	0.0	0.0466175	-0.459275	-0.88707	0.0	-0.9960209999999999	-0.0888997	-0.00631601	0.0	2.68316	1.9474200000000002	1.66842	0.0	
3	-0.121478	0.857933	-0.49919399999999997	0.0	0.053735000000000005	0.507865	0.859759	0.0	0.991139	0.0776177	-0.107796	0.0	-2.79752	1.8849	1.47328	0.0	-0.0792462	0.8786290000000001	-0.470883	0.0	0.0396655	-0.46921499999999994	-0.882193	0.0	-0.996066	-0.088588	0.00233206	0.0	2.6832599999999998	1.9212799999999999	1.6914200000000001	0.0	
3	-0.11704200000000001	0.8429180000000001	-0.525158	0.0	0.049330599999999995	0.5330739999999999	0.8446290000000001	0.0	0.991901	0.0729506	-0.103974	0.0	-2.79442	1.8721	1.49085	0.0	-0.0808178	0.870972	-0.48463999999999996	0.0	0.030958499999999996	-0.483803	-0.8746290000000001	0.0	-0.9962479999999999	-0.0856893	0.012135799999999999	0.0	2.6832599999999998	1.91671	1.71005	0.0	
3	-0.09756619999999999	0.8408969999999999	-0.532328	0.0	0.0406334	0.537799	0.842093	0.0	0.994399	0.0605294	-0.08663960000000001	0.0	-2.7669200000000003	1.8061	1.508	0.0	-0.0778186	0.8733879999999999	-0.48076899999999995	0.0	0.0252685	-0.48034799999999994	-0.876714	0.0	-0.996647	-0.0803729	0.015310800000000001	0.0	2.6755299999999997	1.91477	1.7154599999999998	0.0	
3	-0.0889672	0.840988	-0.53369	0.0	0.0293935	0.537798	0.842561	0.0	0.9956010000000001	0.05927330000000001	-0.07256599999999999	0.0	-2.72186	1.7105099999999998	1.53285	0.013494899999999999	-0.0655101	0.8853059999999999	-0.46037100000000003	0.0	0.00495717	-0.46106800000000003	-0.887351	0.0	-0.99784	-0.0604126	0.025816000000000002	0.0	2.6841	1.8529400000000003	1.73075	0.136167	
3	-0.042688800000000006	0.805669	-0.5908260000000001	0.0	-0.00197473	0.591296	0.8064520000000001	0.0	0.9990870000000001	0.035593099999999996	-0.0236508	0.0	-2.68043	1.52	1.6243100000000001	0.191922	-0.045198300000000004	0.8575950000000001	-0.512336	0.0	-0.0414652	-0.514029	-0.85677	0.0	-0.998117	-0.0174803	0.058793399999999996	0.0	2.57829	1.75318	1.8493099999999998	0.313381	
3	0.0189072	0.689154	-0.724368	0.0	-0.00427949	0.724547	0.6892119999999999	0.0	0.999812	-0.00993112	0.0166484	0.0	-2.65863	1.19326	1.7710700000000001	0.204099	-0.0766364	0.806401	-0.586382	0.0	-0.0325989	-0.589824	-0.806874	0.0	-0.996526	-0.0427206	0.0714899	0.0	2.48362	1.56329	2.0383400000000003	0.33819899999999997	
3	0.0423099	0.657853	-0.751957	0.0	0.0247092	0.7517119999999999	0.659029	0.0	0.998799	-0.046463800000000006	0.015549799999999999	0.0	-2.6635400000000002	1.01399	1.8312599999999999	0.21988200000000002	-0.123971	0.782613	-0.610039	0.0	0.00796017	-0.613978	-0.789283	0.0	-0.9922540000000001	-0.10270399999999999	0.06988539999999999	0.0	2.4767900000000003	1.3426799999999999	2.12034	0.34431799999999996	
3	0.0806412	0.649216	-0.756317	0.0	0.021419099999999996	0.757484	0.652502	0.0	0.9965129999999999	-0.0688182	0.0471788	0.0	-2.63062	0.808652	1.94049	0.23086199999999998	-0.15091	0.749703	-0.6443369999999999	0.0	0.0269591	-0.648439	-0.760789	0.0	-0.98818	-0.132182	0.07764489999999999	0.0	2.51531	1.14056	2.18854	0.353775	
3	0.135007	0.651612	-0.746441	0.0	0.024474	0.750916	0.659944	0.0	0.990542	-0.107366	0.08543150000000001	0.0	-2.6238599999999996	0.5916600000000001	2.07944	0.30038000000000004	-0.137801	0.750021	-0.6469010000000001	0.0	0.026782099999999996	-0.650071	-0.759401	0.0	-0.9900979999999999	-0.12197100000000001	0.069493	0.0	2.5226599999999997	1.06529	2.19915	0.363982	
3	0.138363	0.648045	-0.7489279999999999	0.0	0.032230299999999996	0.752855	0.657397	0.0	0.989857	-0.115098	0.08328039999999999	0.0	-2.63509	0.520713	2.09618	0.32166999999999996	-0.0859246	0.741606	-0.6653100000000001	0.0	0.00834295	-0.66722	-0.7448140000000001	0.0	-0.996267	-0.0695484	0.051143400000000006	0.0	2.5405900000000003	1.0521	2.15876	0.363987	
3	0.136537	0.650354	-0.74726	0.0	0.0279758	0.751492	0.659149	0.0	0.99024	-0.110903	0.084412	0.0	-2.63833	0.504738	2.09898	0.325493	-0.06744560000000001	0.740313	-0.668871	0.0	0.00232831	-0.670279	-0.742106	0.0	-0.99772	-0.0516091	0.0434835	0.0	2.55727	1.0592	2.14652	0.363985	
3	0.127798	0.661848	-0.738664	0.0	0.00734636	0.744119	0.668007	0.0	0.9917729999999999	-0.0907962	0.09023450000000001	0.0	-2.6329	0.49683299999999997	2.084	0.31898899999999997	-0.0170584	0.7463310000000001	-0.6653560000000001	0.0	0.00440007	-0.665391	-0.746483	0.0	-0.9998450000000001	-0.0156613	0.0080664	0.0	2.56242	1.08618	2.1191299999999997	0.36396300000000004	
3	0.123109	0.664292	-0.737265	0.0	0.00208229	0.742742	0.669574	0.0	0.992391	-0.0839659	0.090055	0.0	-2.6316200000000003	0.49913	2.07934	0.31855	0.00368094	0.749492	-0.662003	0.0	0.00315768	-0.662013	-0.749486	0.0	-0.9999879999999999	0.000668555	-0.00480376	0.0	2.56419	1.09025	2.10961	0.36398	
3	0.123073	0.6643100000000001	-0.737255	0.0	0.00205687	0.74273	0.669587	0.0	0.992396	-0.08392430000000001	0.0900434	0.0	-2.63165	0.499104	2.07939	0.31855100000000003	0.00650531	0.749514	-0.661957	0.0	0.00296724	-0.661982	-0.749514	0.0	-0.999974	0.00291172	-0.00653051	0.0	2.5644099999999996	1.0908799999999998	2.10707	0.36398	
3	0.123073	0.6643100000000001	-0.737255	0.0	0.0020569000000000004	0.74273	0.669587	0.0	0.992396	-0.08392460000000002	0.0900436	0.0	-2.63165	0.499104	2.07939	0.31855100000000003	0.00648969	0.749512	-0.661959	0.0	0.00296766	-0.661984	-0.749512	0.0	-0.999975	0.00289974	-0.00652066	0.0	2.5644099999999996	1.0908799999999998	2.10708	0.36398	
3	0.123073	0.6643100000000001	-0.737255	0.0	0.00205687	0.742731	0.669587	0.0	0.992396	-0.0839245	0.0900437	0.0	-2.63165	0.49910299999999996	2.07939	0.31855100000000003	0.00648981	0.749512	-0.661959	0.0	0.00296757	-0.661984	-0.749512	0.0	-0.999975	0.00289977	-0.00652041	0.0	2.5644099999999996	1.0908799999999998	2.10708	0.36398	
3	0.123073	0.6643100000000001	-0.737255	0.0	0.00205696	0.742731	0.669587	0.0	0.992396	-0.08392460000000002	0.0900436	0.0	-2.63165	0.499104	2.07939	0.31855100000000003	0.00648969	0.749512	-0.661959	0.0	0.00296769	-0.661984	-0.749512	0.0	-0.999975	0.00289971	-0.00652066	0.0	2.5644099999999996	1.0908799999999998	2.10708	0.36398	
3	0.123073	0.6643100000000001	-0.737255	0.0	0.00205687	0.742731	0.669587	0.0	0.992396	-0.0839245	0.0900437	0.0	-2.63165	0.49910299999999996	2.07939	0.31855100000000003	0.00648981	0.749512	-0.661958	0.0	0.00296775	-0.661984	-0.749512	0.0	-0.999974	0.00289968	-0.00652048	0.0	2.5644099999999996	1.0908799999999998	2.1070900000000004	0.36398	
3	0.123073	0.6643100000000001	-0.737255	0.0	0.00205693	0.742731	0.669587	0.0	0.992396	-0.08392460000000002	0.0900436	0.0	-2.63165	0.49910299999999996	2.07939	0.31855100000000003	0.00648981	0.749512	-0.661958	0.0	0.00296775	-0.661984	-0.749512	0.0	-0.999974	0.00289968	-0.00652048	0.0	2.5644099999999996	1.0908799999999998	2.1070900000000004	0.363979	
3	0.123073	0.6643100000000001	-0.737255	0.0	0.00205687	0.742731	0.669587	0.0	0.992396	-0.0839245	0.0900437	0.0	-2.63165	0.49910299999999996	2.07939	0.31855100000000003	0.00648969	0.749512	-0.661959	0.0	0.00296769	-0.661984	-0.749512	0.0	-0.999975	0.00289971	-0.00652066	0.0	2.5644099999999996	1.0908799999999998	2.10708	0.36398	
3	0.123073	0.6643100000000001	-0.737255	0.0	0.00205687	0.742731	0.669587	0.0	0.992396	-0.0839245	0.0900437	0.0	-2.63165	0.49910299999999996	2.07939	0.31855100000000003	0.00648981	0.749512	-0.661959	0.0	0.00296757	-0.661984	-0.749512	0.0	-0.999975	0.00289977	-0.00652041	0.0	2.5644099999999996	1.0908799999999998	2.10708	0.36398	
3	0.123073	0.6643100000000001	-0.737255	0.0	0.00205687	0.74273	0.669587	0.0	0.992396	-0.0839245	0.0900436	0.0	-2.63165	0.49910299999999996	2.07939	0.31855100000000003	0.00648999	0.749512	-0.661958	0.0	0.00296789	-0.661984	-0.749512	0.0	-0.999974	0.00289968	-0.00652069	0.0	2.5644099999999996	1.0908799999999998	2.1070900000000004	0.363979	
3	0.123073	0.6643100000000001	-0.737255	0.0	0.0020569000000000004	0.74273	0.669587	0.0	0.992396	-0.0839245	0.0900436	0.0	-2.63165	0.49910299999999996	2.07939	0.31855100000000003	0.00648975	0.749512	-0.661959	0.0	0.00296792	-0.661984	-0.749512	0.0	-0.999975	0.00289953	-0.00652073	0.0	2.5644099999999996	1.0908799999999998	2.1070900000000004	0.363979	
3	0.123073	0.6643100000000001	-0.737255	0.0	0.00205687	0.74273	0.669587	0.0	0.992396	-0.0839245	0.0900436	0.0	-2.63165	0.49910299999999996	2.07939	0.318552	0.00648987	0.749512	-0.661958	0.0	0.00296766	-0.661984	-0.749512	0.0	-0.999974	0.00289974	-0.00652045	0.0	2.5644099999999996	1.0908799999999998	2.1070900000000004	0.36398	
3	0.123073	0.6643100000000001	-0.737255	0.0	0.0020569000000000004	0.74273	0.669587	0.0	0.992396	-0.0839245	0.0900436	0.0	-2.63165	0.499104	2.07939	0.31855100000000003	0.00648987	0.749512	-0.661958	0.0	0.00296766	-0.661984	-0.749512	0.0	-0.999974	0.00289974	-0.00652045	0.0	2.5644099999999996	1.0908799999999998	2.10708	0.36398	
3	0.123073	0.6643100000000001	-0.737255	0.0	0.00205693	0.742731	0.669587	0.0	0.992396	-0.08392460000000002	0.0900436	0.0	-2.63165	0.49910299999999996	2.07939	0.31855100000000003	0.00648969	0.749512	-0.661959	0.0	0.00296766	-0.661984	-0.749512	0.0	-0.999975	0.00289974	-0.00652066	0.0	2.5644099999999996	1.0908799999999998	2.10708	0.36398	
3	0.123073	0.6643100000000001	-0.737255	0.0	0.00205693	0.742731	0.669587	0.0	0.992396	-0.08392460000000002	0.0900436	0.0	-2.63165	0.49910299999999996	2.07939	0.31855100000000003	0.00648975	0.749512	-0.661959	0.0	0.00296795	-0.661984	-0.749512	0.0	-0.999975	0.0028995	-0.00652076	0.0	2.5644099999999996	1.0908799999999998	2.1070900000000004	0.363979	
3	0.123073	0.6643100000000001	-0.737255	0.0	0.00205693	0.742731	0.669587	0.0	0.992396	-0.08392460000000002	0.0900436	0.0	-2.63165	0.499104	2.07939	0.31855100000000003	0.00648969	0.749512	-0.661959	0.0	0.00296769	-0.661984	-0.749512	0.0	-0.999975	0.00289971	-0.00652066	0.0	2.5644099999999996	1.0908799999999998	2.10708	0.36398	
3	0.123073	0.6643100000000001	-0.737255	0.0	0.0020569000000000004	0.74273	0.669587	0.0	0.992396	-0.08392460000000002	0.0900436	0.0	-2.63165	0.49910299999999996	2.07939	0.31855100000000003	0.00648969	0.749512	-0.661959	0.0	0.00296772	-0.661984	-0.749512	0.0	-0.999975	0.00289965	-0.00652048	0.0	2.5644099999999996	1.0908799999999998	2.10708	0.36398	
3	0.123073	0.6643100000000001	-0.737255	0.0	0.0020569000000000004	0.742731	0.669587	0.0	0.992396	-0.0839245	0.0900437	0.0	-2.63165	0.49910299999999996	2.07939	0.31855100000000003	0.00648981	0.749512	-0.661958	0.0	0.00296775	-0.661984	-0.749512	0.0	-0.999974	0.00289968	-0.00652048	0.0	2.5644099999999996	1.0908799999999998	2.1070900000000004	0.363979	
3	0.123073	0.6643100000000001	-0.737255	0.0	0.00205687	0.74273	0.669587	0.0	0.992396	-0.0839245	0.0900436	0.0	-2.63165	0.49910299999999996	2.07939	0.318552	0.00648981	0.749512	-0.661959	0.0	0.00296757	-0.661984	-0.749512	0.0	-0.999975	0.00289977	-0.00652041	0.0	2.5644099999999996	1.0908799999999998	2.10708	0.36398	
3	0.10221000000000001	0.7232930000000001	-0.6829350000000001	0.0	0.06102869999999999	0.680678	0.730036	0.0	0.9928889999999999	-0.11629600000000001	0.0254307	0.0	-2.64451	0.533323	2.09361	0.21525	-0.022745400000000002	0.722291	-0.6912159999999999	0.0	0.00229841	-0.691355	-0.722512	0.0	-0.9997389999999999	-0.0180225	0.0140649	0.0	2.55055	1.06704	2.11478	0.36017899999999997	
3	0.0961025	0.7467010000000001	-0.658181	0.0	0.162958	0.640517	0.750455	0.0	0.981941	-0.179376	-0.0601255	0.0	-2.70043	0.728723	1.97724	0.144955	-0.08455789999999999	0.705654	-0.703493	0.0	0.0293704	-0.70395	-0.709643	0.0	-0.995986	-0.0806676	0.038798900000000004	0.0	2.52792	1.12947	2.1539900000000003	0.33081900000000003	
3	0.0223724	0.8147989999999999	-0.579311	0.0	0.11843599999999999	0.573216	0.8108	0.0	0.99271	-0.0867505	-0.0836771	0.0	-2.77671	1.0507	1.8233599999999999	0.0124056	-0.08016430000000001	0.745165	-0.662044	0.0	0.040126499999999996	-0.661231	-0.749109	0.0	-0.995974	-0.0866172	0.023106	0.0	2.51419	1.32243	2.07801	0.30827	
3	0.0219796	0.880128	-0.47422700000000007	0.0	0.19569	0.461379	0.865353	0.0	0.980419	-0.111822	-0.162092	0.0	-2.8581	1.37701	1.69682	0.0489098	-0.0974541	0.804656	-0.585689	0.0	0.08882960000000001	-0.579109	-0.810397	0.0	-0.991268	-0.131003	-0.015040999999999999	0.0	2.52143	1.47604	1.9674200000000002	0.302379	
3	0.0574668	0.905977	-0.41940900000000003	0.0	0.28173000000000004	0.388313	0.8774059999999999	0.0	0.9577709999999999	-0.16858199999999998	-0.23292600000000002	0.0	-2.97134	1.6482700000000001	1.51224	0.10040299999999999	-0.0828382	0.8485440000000001	-0.522601	0.0	0.13339700000000002	-0.510243	-0.849622	0.0	-0.9875950000000001	-0.140094	-0.07092589999999999	0.0	2.57539	1.66251	1.7199900000000001	0.321324	
3	0.13462000000000002	0.9207280000000001	-0.366247	0.0	0.400435	0.287537	0.870043	0.0	0.906382	-0.263783	-0.329984	0.0	-3.11882	1.8559999999999999	1.29631	0.0887318	-0.10951	0.873741	-0.47390299999999996	0.0	0.18090499999999998	-0.45128900000000005	-0.873849	0.0	-0.9773850000000001	-0.181427	-0.108644	0.0	2.63468	1.73091	1.51304	0.314929	
3	0.18470699999999998	0.897891	-0.399595	0.0	0.489174	0.268654	0.82978	0.0	0.852404	-0.34873699999999996	-0.38960300000000003	0.0	-3.32784	1.9228299999999998	1.0276299999999998	0.0891865	-0.219669	0.8877729999999999	-0.404481	0.0	0.291612	-0.335899	-0.895619	0.0	-0.9309719999999999	-0.314692	-0.185099	0.0	2.7023099999999998	1.69515	1.2785	0.308134	
3	0.21867199999999998	0.8724639999999999	-0.437022	0.0	0.53645	0.266625	0.800708	0.0	0.81511	-0.409533	-0.40973000000000004	0.0	-3.42129	1.93208	0.813132	0.110027	-0.306095	0.8741	-0.37716700000000003	0.0	0.353815	-0.263353	-0.897474	0.0	-0.88381	-0.40815999999999997	-0.228659	0.0	2.79826	1.6088200000000001	1.03496	0.305237	
3	0.26962800000000003	0.821276	-0.502799	0.0	0.596183	0.267667	0.756915	0.0	0.756219	-0.503845	-0.41746000000000005	0.0	-3.45254	1.8720599999999998	0.64341	0.194209	-0.364002	0.8592629999999999	-0.359401	0.0	0.373186	-0.218994	-0.90154	0.0	-0.853367	-0.462286	-0.24095	0.0	2.86294	1.4635	0.805847	0.296986	
3	0.281195	0.804012	-0.523922	0.0	0.619621	0.264782	0.738891	0.0	0.732803	-0.532405	-0.423727	0.0	-3.45868	1.76836	0.468291	0.23855700000000002	-0.378569	0.8532850000000001	-0.358596	0.0	0.367897	-0.21678899999999998	-0.904243	0.0	-0.849316	-0.47424399999999994	-0.231852	0.0	2.86395	1.38994	0.711561	0.298969	
3	0.313463	0.752342	-0.579415	0.0	0.597924	0.31764699999999996	0.735926	0.0	0.737718	-0.577132	-0.350273	0.0	-3.4088	1.54023	0.331493	0.248502	-0.382965	0.8492209999999999	-0.36354000000000003	0.0	0.349877	-0.230879	-0.907899	0.0	-0.854941	-0.47488800000000003	-0.20870500000000003	0.0	2.79982	1.3312700000000002	0.675801	0.29945700000000003	
3	0.407055	0.596805	-0.691469	0.0	0.622059	0.373202	0.688304	0.0	0.668841	-0.7103119999999999	-0.219334	0.0	-3.2927400000000002	1.04843	0.26049	0.347002	-0.38767199999999996	0.8458200000000001	-0.36646799999999996	0.0	0.338059	-0.239402	-0.9101670000000001	0.0	-0.8575709999999999	-0.476733	-0.193127	0.0	2.72549	1.318	0.680613	0.29943600000000004	
3	0.48089799999999994	0.50261	-0.7184149999999999	0.0	0.6102479999999999	0.396468	0.685865	0.0	0.629551	-0.768242	-0.11605599999999999	0.0	-3.19108	0.481658	0.20502399999999998	0.35175500000000004	-0.38417399999999996	0.8461299999999999	-0.369425	0.0	0.331097	-0.24725500000000003	-0.910626	0.0	-0.86185	-0.472154	-0.185162	0.0	2.68834	1.32532	0.696671	0.299417	
3	0.572936	0.40342100000000003	-0.71344	0.0	0.5968319999999999	0.391234	0.70052	0.0	0.5617260000000001	-0.827156	-0.016622099999999997	0.0	-3.11099	-0.10336300000000001	0.12671	0.350141	-0.388573	0.8427100000000001	-0.372627	0.0	0.322876	-0.254235	-0.9116559999999999	0.0	-0.8629959999999999	-0.47455699999999995	-0.173302	0.0	2.64704	1.31641	0.710685	0.299441	
3	0.620907	0.344986	-0.703889	0.0	0.598698	0.370925	0.709913	0.0	0.506	-0.8622059999999999	0.0237672	0.0	-3.02074	-0.473361	-0.009324200000000001	0.348867	-0.392485	0.8430209999999999	-0.367793	0.0	0.318774	-0.250415	-0.9141530000000001	0.0	-0.862751	-0.476034	-0.17045	0.0	2.61065	1.30356	0.709449	0.29932800000000004	
3	0.678706	0.278493	-0.679558	0.0	0.603065	0.316739	0.732113	0.0	0.41913100000000003	-0.9067069999999999	0.0470239	0.0	-2.9527	-0.6976829999999999	-0.20108099999999998	0.348523	-0.402433	0.837111	-0.37053	0.0	0.31500500000000003	-0.25340799999999997	-0.9146340000000001	0.0	-0.8595459999999999	-0.48479799999999995	-0.161715	0.0	2.59965	1.29138	0.763861	0.298927	
3	0.708469	0.24042600000000003	-0.6635260000000001	0.0	0.608933	0.267014	0.74693	0.0	0.356752	-0.93322	0.042768099999999996	0.0	-2.87964	-0.862351	-0.503203	0.347667	-0.409485	0.8315299999999999	-0.37534	0.0	0.312119	-0.258902	-0.914085	0.0	-0.857266	-0.491454	-0.15352000000000002	0.0	2.5925700000000003	1.23339	0.787712	0.298037	
3	0.721043	0.27619	-0.635465	0.0	0.591952	0.231125	0.772123	0.0	0.360124	-0.9328989999999999	0.0031596999999999997	0.0	-2.8017	-0.9148459999999999	-0.914702	0.34624	-0.41708999999999996	0.825635	-0.379952	0.0	0.308683	-0.264515	-0.913645	0.0	-0.8548399999999999	-0.498357	-0.144533	0.0	2.57687	1.15473	0.8109029999999999	0.29531399999999997	
3	0.700341	0.286057	-0.653984	0.0	0.611274	0.232763	0.756416	0.0	0.368601	-0.9295129999999999	-0.0118459	0.0	-2.7467599999999996	-0.898144	-1.0797	0.345431	-0.42111899999999997	0.823738	-0.379626	0.0	0.305557	-0.265239	-0.914486	0.0	-0.853987	-0.501104	-0.140002	0.0	2.5627400000000002	1.12983	0.8576790000000001	0.29580300000000004	
3	0.647737	0.32258000000000003	-0.6902020000000001	0.0	0.656355	0.223702	0.7205239999999999	0.0	0.386826	-0.9197280000000001	-0.0668269	0.0	-2.70994	-0.806002	-1.31837	0.34565999999999997	-0.425357	0.818693	-0.385763	0.0	0.306054	-0.271011	-0.912625	0.0	-0.851706	-0.506256	-0.13528800000000002	0.0	2.55951	1.10784	0.8991389999999999	0.292381	
3	0.579554	0.33358499999999996	-0.743531	0.0	0.703371	0.25601999999999997	0.663116	0.0	0.41156499999999996	-0.9072899999999999	-0.0862569	0.0	-2.68843	-0.7818470000000001	-1.39149	0.345484	-0.427965	0.815918	-0.38874699999999995	0.0	0.304454	-0.27484000000000003	-0.9120149999999999	0.0	-0.850972	-0.508666	-0.13078800000000002	0.0	2.56133	1.0824200000000002	0.93879	0.291661	
3	0.555232	0.322934	-0.766441	0.0	0.719858	0.274962	0.637339	0.0	0.41656099999999996	-0.9055989999999999	-0.079799	0.0	-2.66304	-0.813344	-1.33985	0.345522	-0.427882	0.812253	-0.396437	0.0	0.303556	-0.283995	-0.9095059999999999	0.0	-0.8513350000000001	-0.509502	-0.125049	0.0	2.5617	1.0482799999999999	1.00433	0.288524	
3	0.544786	0.315238	-0.777067	0.0	0.729475	0.278902	0.624564	0.0	0.413612	-0.9071040000000001	-0.0780165	0.0	-2.68332	-0.846377	-1.2339200000000001	0.345549	-0.42773599999999995	0.811002	-0.399148	0.0	0.301923	-0.288032	-0.9087799999999999	0.0	-0.851989	-0.509229	-0.12165799999999999	0.0	2.5481599999999998	1.0279200000000002	1.05567	0.28676999999999997	
3	0.5433319999999999	0.312695	-0.7791100000000001	0.0	0.731066	0.280003	0.622207	0.0	0.412714	-0.907645	-0.0764657	0.0	-2.71104	-0.853533	-1.20143	0.34577800000000003	-0.429188	0.810825	-0.397946	0.0	0.30236599999999997	-0.286186	-0.909215	0.0	-0.851101	-0.51055	-0.122339	0.0	2.54071	1.0226600000000001	1.10006	0.285934	
3	0.544722	0.311823	-0.778488	0.0	0.728581	0.28371	0.623441	0.0	0.415268	-0.9067940000000001	-0.0726457	0.0	-2.7216400000000003	-0.856884	-1.1941899999999999	0.345465	-0.43176400000000004	0.807355	-0.40219299999999997	0.0	0.303991	-0.289562	-0.907603	0.0	-0.849217	-0.514133	-0.120407	0.0	2.53783	0.9938530000000001	1.13458	0.285781	
3	0.544616	0.31195900000000004	-0.778508	0.0	0.7288720000000001	0.283152	0.623355	0.0	0.414897	-0.9069219999999999	-0.0731691	0.0	-2.72175	-0.8568899999999999	-1.19397	0.345479	-0.43133999999999995	0.807512	-0.402331	0.0	0.304004	-0.28977600000000003	-0.90753	0.0	-0.849427	-0.5137649999999999	-0.120495	0.0	2.5381299999999998	0.9945870000000001	1.13415	0.28589499999999995	
3	0.544613	0.311963	-0.778508	0.0	0.728874	0.283148	0.623354	0.0	0.414897	-0.9069209999999999	-0.0731757	0.0	-2.72174	-0.8568819999999999	-1.1939899999999999	0.345479	-0.43133599999999994	0.807517	-0.402326	0.0	0.304002	-0.289774	-0.907532	0.0	-0.8494309999999999	-0.513759	-0.120497	0.0	2.5381299999999998	0.9946389999999999	1.13409	0.28589499999999995	
3	0.544613	0.311963	-0.778508	0.0	0.728874	0.283148	0.623354	0.0	0.414897	-0.9069209999999999	-0.0731757	0.0	-2.72174	-0.8568819999999999	-1.1939899999999999	0.345479	-0.43133599999999994	0.807517	-0.402326	0.0	0.304001	-0.289774	-0.907532	0.0	-0.8494309999999999	-0.513759	-0.120497	0.0	2.5381299999999998	0.99464	1.13409	0.28589499999999995	
3	0.544613	0.311963	-0.778508	0.0	0.728874	0.283148	0.623354	0.0	0.414897	-0.9069209999999999	-0.0731757	0.0	-2.72174	-0.8568819999999999	-1.1939899999999999	0.345479	-0.43133599999999994	0.807517	-0.402326	0.0	0.304001	-0.289774	-0.907532	0.0	-0.8494309999999999	-0.513759	-0.120497	0.0	2.5381299999999998	0.9946389999999999	1.13409	0.28589499999999995	
3	0.544613	0.311963	-0.778508	0.0	0.728874	0.283148	0.623354	0.0	0.414897	-0.9069209999999999	-0.0731757	0.0	-2.72174	-0.8568819999999999	-1.1939899999999999	0.345479	-0.43133599999999994	0.807517	-0.402326	0.0	0.304002	-0.289774	-0.907532	0.0	-0.8494309999999999	-0.513759	-0.120497	0.0	2.5381299999999998	0.99464	1.13409	0.28589499999999995	
3	0.544613	0.311963	-0.778508	0.0	0.728874	0.283148	0.623354	0.0	0.414897	-0.9069209999999999	-0.0731757	0.0	-2.72174	-0.8568819999999999	-1.1939899999999999	0.345479	-0.43133599999999994	0.807517	-0.402326	0.0	0.304001	-0.289774	-0.907532	0.0	-0.8494309999999999	-0.513759	-0.120497	0.0	2.5381299999999998	0.99464	1.13409	0.28589499999999995	
3	0.544613	0.311963	-0.778508	0.0	0.728874	0.283148	0.623354	0.0	0.414897	-0.9069209999999999	-0.0731757	0.0	-2.72174	-0.8568819999999999	-1.1939899999999999	0.345479	-0.43133599999999994	0.807517	-0.402326	0.0	0.304001	-0.289774	-0.907532	0.0	-0.8494309999999999	-0.513759	-0.120497	0.0	2.5381299999999998	0.99464	1.13409	0.28589499999999995	
3	0.544613	0.311963	-0.778508	0.0	0.728874	0.283148	0.623354	0.0	0.414897	-0.9069209999999999	-0.0731757	0.0	-2.72174	-0.8568819999999999	-1.1939899999999999	0.345479	-0.43133599999999994	0.807517	-0.402326	0.0	0.304002	-0.289774	-0.907532	0.0	-0.8494309999999999	-0.513759	-0.120497	0.0	2.5381299999999998	0.99464	1.13409	0.28589499999999995	
3	0.544613	0.311963	-0.778508	0.0	0.728874	0.283148	0.623354	0.0	0.414897	-0.9069209999999999	-0.0731757	0.0	-2.72174	-0.8568819999999999	-1.1939899999999999	0.345479	-0.43133599999999994	0.807517	-0.402326	0.0	0.304001	-0.289774	-0.907532	0.0	-0.8494309999999999	-0.513759	-0.120497	0.0	2.5381299999999998	0.99464	1.13409	0.28589499999999995	
3	0.544613	0.311963	-0.778508	0.0	0.728874	0.283148	0.623354	0.0	0.414897	-0.9069209999999999	-0.0731757	0.0	-2.72174	-0.8568819999999999	-1.1939899999999999	0.345479	-0.43133599999999994	0.807517	-0.402326	0.0	0.304001	-0.289774	-0.907532	0.0	-0.8494309999999999	-0.513759	-0.120497	0.0	2.5381299999999998	0.99464	1.13409	0.28589499999999995	
3	0.544613	0.311963	-0.778508	0.0	0.728874	0.283148	0.623354	0.0	0.414897	-0.9069209999999999	-0.07317560000000001	0.0	-2.72174	-0.8568819999999999	-1.1939899999999999	0.345479	-0.43133599999999994	0.807517	-0.402326	0.0	0.304001	-0.289774	-0.907532	0.0	-0.8494309999999999	-0.513759	-0.120497	0.0	2.5381299999999998	0.99464	1.13409	0.28589499999999995	
3	0.544613	0.311963	-0.778508	0.0	0.728874	0.283148	0.623354	0.0	0.414897	-0.9069209999999999	-0.07317560000000001	0.0	-2.72174	-0.856881	-1.1939899999999999	0.345479	-0.43133599999999994	0.807517	-0.402326	0.0	0.304001	-0.289774	-0.907532	0.0	-0.8494309999999999	-0.513759	-0.120497	0.0	2.5381299999999998	0.99464	1.13409	0.28589499999999995	
3	0.544613	0.311963	-0.778508	0.0	0.728874	0.283148	0.623354	0.0	0.414897	-0.9069209999999999	-0.07317560000000001	0.0	-2.72174	-0.8568819999999999	-1.1939899999999999	0.345479	-0.43133599999999994	0.807517	-0.402326	0.0	0.304001	-0.289774	-0.907532	0.0	-0.8494309999999999	-0.513759	-0.120497	0.0	2.5381299999999998	0.99464	1.13409	0.28589499999999995	
3	0.544613	0.311963	-0.778508	0.0	0.728874	0.283148	0.623354	0.0	0.414897	-0.9069209999999999	-0.07317560000000001	0.0	-2.72174	-0.8568819999999999	-1.1939899999999999	0.345479	-0.43133599999999994	0.807517	-0.402326	0.0	0.304001	-0.289774	-0.907532	0.0	-0.8494309999999999	-0.513759	-0.120497	0.0	2.5381299999999998	0.99464	1.13409	0.28589499999999995	
3	0.22714	0.577828	-0.783914	0.0	0.621508	0.533709	0.573483	0.0	0.749757	-0.61747	-0.237898	0.0	-2.7585	-0.8961389999999999	-1.08945	0.34821799999999997	-0.404814	0.80071	-0.441576	0.0	0.358761	-0.305113	-0.8821540000000001	0.0	-0.8410799999999999	-0.515529	-0.16375	0.0	2.50382	0.9960690000000001	1.18005	0.22491999999999998	
3	0.235846	0.587643	-0.773985	0.0	0.675897	0.473067	0.56513	0.0	0.698241	-0.6564180000000001	-0.285615	0.0	-2.86921	-0.82862	-1.03125	0.344414	-0.406958	0.793905	-0.451775	0.0	0.356035	-0.317605	-0.8788440000000001	0.0	-0.8412040000000001	-0.5185	-0.153406	0.0	2.505	0.94978	1.203	0.22604699999999997	
3	0.24600000000000002	0.578839	-0.777451	0.0	0.7344430000000001	0.412108	0.539221	0.0	0.632516	-0.703642	-0.323746	0.0	-2.9299	-0.7901060000000001	-1.10589	0.343731	-0.40725700000000004	0.792625	-0.45374799999999993	0.0	0.355481	-0.320073	-0.878173	0.0	-0.8412940000000001	-0.518941	-0.151411	0.0	2.5041700000000002	0.936494	1.2041899999999999	0.22671799999999998	
3	0.23605500000000001	0.521043	-0.8202389999999999	0.0	0.783517	0.397228	0.47781899999999994	0.0	0.574786	-0.755463	-0.314479	0.0	-3.0712	-0.8751639999999999	-1.31944	0.34479899999999997	-0.40813299999999997	0.7921090000000001	-0.453863	0.0	0.35689699999999996	-0.31914899999999996	-0.877934	0.0	-0.840269	-0.520296	-0.152446	0.0	2.50636	0.929067	1.20182	0.22565500000000002	
3	0.234508	0.500588	-0.833317	0.0	0.797517	0.39108699999999996	0.459366	0.0	0.5558529999999999	-0.77231	-0.307515	0.0	-3.10787	-0.97098	-1.41245	0.345115	-0.407488	0.790181	-0.457787	0.0	0.355598	-0.32443099999999997	-0.876524	0.0	-0.841132	-0.519961	-0.148785	0.0	2.50846	0.9256049999999999	1.20326	0.225656	
3	0.24142600000000003	0.452603	-0.8584069999999999	0.0	0.817861	0.381214	0.431021	0.0	0.5223180000000001	-0.806118	-0.278132	0.0	-3.15345	-1.12755	-1.4754	0.345853	-0.408362	0.7894869999999999	-0.45820500000000003	0.0	0.355968	-0.324495	-0.876351	0.0	-0.8405520000000001	-0.5209739999999999	-0.14852100000000001	0.0	2.5083900000000003	0.920435	1.20208	0.226816	
3	0.260994	0.348256	-0.9003329999999999	0.0	0.844045	0.37029	0.387908	0.0	0.468476	-0.8611639999999999	-0.197301	0.0	-3.25225	-1.60385	-1.5603200000000002	0.346174	-0.408999	0.785441	-0.464546	0.0	0.35435300000000003	-0.332422	-0.874031	0.0	-0.840924	-0.522091	-0.14236400000000002	0.0	2.50837	0.905121	1.22499	0.226615	
3	0.25651599999999997	0.305948	-0.91684	0.0	0.855334	0.369896	0.362741	0.0	0.450115	-0.8772530000000001	-0.166804	0.0	-3.2591	-1.7296	-1.54144	0.345526	-0.409522	0.784612	-0.46548500000000004	0.0	0.35287399999999997	-0.33428800000000003	-0.8739180000000001	0.0	-0.841292	-0.522146	-0.139971	0.0	2.51105	0.8892129999999999	1.22081	0.22719099999999998	
3	0.209285	0.155729	-0.965375	0.0	0.9120290000000001	0.325006	0.250148	0.0	0.35270799999999997	-0.932802	-0.07401039999999999	0.0	-3.4170800000000003	-2.16607	-1.4437799999999998	0.34444600000000003	-0.410271	0.783648	-0.466447	0.0	0.354394	-0.33427399999999996	-0.8733069999999999	0.0	-0.8402870000000001	-0.5235989999999999	-0.140577	0.0	2.51064	0.88365	1.22155	0.226086	
3	0.202984	0.140943	-0.968985	0.0	0.918336	0.315998	0.23833800000000002	0.0	0.339789	-0.938233	-0.0652903	0.0	-3.4957199999999995	-2.29068	-1.4606299999999999	0.345869	-0.410254	0.78377	-0.466258	0.0	0.353669	-0.334518	-0.873508	0.0	-0.840601	-0.523261	-0.139958	0.0	2.5112099999999997	0.8808879999999999	1.21661	0.22600399999999998	
3	0.21973499999999999	0.13041	-0.9668040000000001	0.0	0.925241	0.28631100000000004	0.248908	0.0	0.309267	-0.9492200000000001	-0.05774780000000001	0.0	-3.55171	-2.44462	-1.5319999999999998	0.350286	-0.41029899999999997	0.783767	-0.46622399999999997	0.0	0.354471	-0.333973	-0.873391	0.0	-0.840241	-0.523614	-0.140794	0.0	2.50985	0.8880120000000001	1.22186	0.22540900000000003	
3	0.232702	0.127063	-0.9642120000000001	0.0	0.9251739999999999	0.276737	0.259748	0.0	0.29983699999999996	-0.952508	-0.0531581	0.0	-3.54368	-2.4852	-1.5817	0.349972	-0.410384	0.783668	-0.466315	0.0	0.354069	-0.334309	-0.873426	0.0	-0.840369	-0.5235479999999999	-0.14027799999999999	0.0	2.50838	0.889783	1.22231	0.22535300000000003	
3	0.241781	0.120003	-0.962882	0.0	0.934232	0.239362	0.264418	0.0	0.262208	-0.9634860000000001	-0.05423769999999999	0.0	-3.51199	-2.57764	-1.70725	0.351552	-0.410261	0.782875	-0.467754	0.0	0.355336	-0.335146	-0.87259	0.0	-0.839894	-0.524199	-0.14068599999999998	0.0	2.50583	0.895438	1.22889	0.225156	
3	0.261424	0.12318299999999999	-0.9573309999999999	0.0	0.9231600000000001	0.257695	0.28525100000000003	0.0	0.28183800000000003	-0.958342	-0.046350300000000004	0.0	-3.48241	-2.65194	-1.86028	0.352908	-0.410214	0.7828390000000001	-0.467855	0.0	0.354538	-0.33576500000000004	-0.872677	0.0	-0.840255	-0.523856	-0.139811	0.0	2.50642	0.901942	1.23529	0.225557	
3	0.27010500000000004	0.131779	-0.9537709999999999	0.0	0.9095700000000001	0.28997399999999995	0.29765199999999997	0.0	0.315793	-0.9479190000000001	-0.041538599999999995	0.0	-3.2780400000000003	-2.68906	-1.97701	0.352819	-0.409867	0.781845	-0.469817	0.0	0.354274	-0.338181	-0.871851	0.0	-0.840535	-0.523787	-0.138378	0.0	2.51015	0.8950969999999999	1.23481	0.225287	
3	0.280806	0.155743	-0.947044	0.0	0.8988950000000001	0.303136	0.31638	0.0	0.336357	-0.940135	-0.0548745	0.0	-3.18561	-2.67797	-2.01653	0.352842	-0.409563	0.7810189999999999	-0.47145200000000004	0.0	0.355169	-0.339503	-0.870972	0.0	-0.840306	-0.524163	-0.138347	0.0	2.51016	0.891012	1.2330299999999998	0.22485	
3	0.282598	0.164839	-0.9449690000000001	0.0	0.894719	0.309893	0.321628	0.0	0.345856	-0.936373	-0.05990890000000001	0.0	-2.97932	-2.65076	-2.01741	0.35330100000000003	-0.40932399999999997	0.7801859999999999	-0.47303599999999996	0.0	0.35477	-0.341562	-0.8703299999999999	0.0	-0.840591	-0.524066	-0.136977	0.0	2.5094	0.895501	1.2347700000000001	0.22472199999999998	
3	0.286715	0.155806	-0.945261	0.0	0.890293	0.32105100000000003	0.322961	0.0	0.353797	-0.934158	-0.0466629	0.0	-2.91799	-2.70169	-2.01402	0.353661	-0.40924299999999997	0.779355	-0.47447399999999995	0.0	0.354429	-0.34339200000000003	-0.869748	0.0	-0.840773	-0.5241060000000001	-0.135695	0.0	2.5112	0.8875620000000001	1.22729	0.22442399999999998	
3	0.291487	0.138498	-0.9464950000000001	0.0	0.8923530000000001	0.317067	0.321209	0.0	0.344589	-0.9382360000000001	-0.031167900000000002	0.0	-2.90174	-2.74103	-1.98655	0.353275	-0.40878000000000003	0.779029	-0.475408	0.0	0.35484099999999996	-0.344263	-0.869236	0.0	-0.840825	-0.524021	-0.135703	0.0	2.5096	0.8887149999999999	1.22985	0.223976	
3	0.318458	0.11311099999999999	-0.9411639999999999	0.0	0.894877	0.291642	0.337846	0.0	0.312697	-0.949816	-0.00834426	0.0	-2.90758	-2.8738799999999998	-1.93038	0.353152	-0.408796	0.778774	-0.475813	0.0	0.354558	-0.344887	-0.8691040000000001	0.0	-0.840937	-0.523989	-0.135132	0.0	2.5122299999999997	0.885559	1.2242899999999999	0.223723	
3	0.334511	0.104538	-0.9365760000000001	0.0	0.902495	0.250575	0.35030700000000004	0.0	0.271303	-0.9624370000000001	-0.010524799999999999	0.0	-3.0238400000000003	-2.9188099999999997	-1.9564400000000002	0.352638	-0.409033	0.7778430000000001	-0.47712899999999997	0.0	0.354763	-0.34618699999999997	-0.868504	0.0	-0.840735	-0.524514	-0.134348	0.0	2.51359	0.8828299999999999	1.22472	0.223767	
3	0.34155599999999997	0.0987013	-0.9346639999999999	0.0	0.9064620000000001	0.22816199999999998	0.355344	0.0	0.24832800000000002	-0.968607	-0.0115387	0.0	-3.0905	-2.92687	-1.96548	0.35280900000000004	-0.40921399999999997	0.777628	-0.477325	0.0	0.35548	-0.345925	-0.868315	0.0	-0.8403440000000001	-0.5250060000000001	-0.134874	0.0	2.5138700000000003	0.88881	1.22564	0.223773	
3	0.359714	0.0910994	-0.9286049999999999	0.0	0.909533	0.187858	0.370755	0.0	0.208222	-0.9779620000000001	-0.015282599999999999	0.0	-3.3137800000000004	-2.97313	-2.0291799999999998	0.35330100000000003	-0.409537	0.777029	-0.478023	0.0	0.35617	-0.346215	-0.867916	0.0	-0.839894	-0.525701	-0.134966	0.0	2.51725	0.89574	1.23285	0.22369899999999998	
3	0.362224	0.0906892	-0.9276690000000001	0.0	0.909005	0.185765	0.37309699999999996	0.0	0.206164	-0.9784	-0.015148400000000001	0.0	-3.32838	-2.98101	-2.03877	0.353147	-0.40941	0.777054	-0.478092	0.0	0.356398	-0.346172	-0.86784	0.0	-0.83986	-0.5256930000000001	-0.135214	0.0	2.51708	0.8974469999999999	1.23351	0.22344299999999997	
3	0.370772	0.08724760000000001	-0.924617	0.0	0.9068430000000001	0.180827	0.380707	0.0	0.20041099999999998	-0.9796370000000001	-0.0120743	0.0	-3.40611	-3.0380700000000003	-2.07912	0.352962	-0.409231	0.7775529999999999	-0.477433	0.0	0.355059	-0.34630500000000003	-0.8683350000000001	0.0	-0.840514	-0.5248659999999999	-0.13435899999999998	0.0	2.51763	0.8951629999999999	1.2312100000000001	0.22364	
3	0.3707	0.085095	-0.924846	0.0	0.9064209999999999	0.183908	0.380236	0.0	0.202443	-0.979253	-0.008957	0.0	-3.51188	-3.18221	-2.1518900000000003	0.353092	-0.409292	0.776666	-0.478822	0.0	0.35601	-0.347252	-0.867567	0.0	-0.840082	-0.525554	-0.134373	0.0	2.51841	0.888763	1.23231	0.223336	
3	0.373899	0.0858308	-0.9234899999999999	0.0	0.904278	0.187539	0.38355	0.0	0.20611100000000002	-0.9785	-0.0074943	0.0	-3.50075	-3.1987400000000004	-2.16224	0.35224099999999997	-0.409358	0.77673	-0.47866099999999995	0.0	0.356001	-0.347065	-0.8676459999999999	0.0	-0.840053	-0.525582	-0.134443	0.0	2.5204	0.884682	1.23102	0.2231	
3	0.378465	0.0880744	-0.921416	0.0	0.9000360000000001	0.197391	0.38855100000000004	0.0	0.2161	-0.976361	-0.0045647	0.0	-3.4512699999999996	-3.21942	-2.13508	0.352592	-0.40966099999999994	0.776277	-0.479137	0.0	0.35729299999999997	-0.34673400000000004	-0.8672469999999999	0.0	-0.839357	-0.526469	-0.13531500000000002	0.0	2.5218	0.888862	1.2343	0.22277199999999997	
3	0.379569	0.0865579	-0.921106	0.0	0.8993200000000001	0.199159	0.389307	0.0	0.217144	-0.976137	-0.00224888	0.0	-3.40447	-3.24598	-2.12006	0.352667	-0.409537	0.7764310000000001	-0.478994	0.0	0.356642	-0.347004	-0.8674069999999999	0.0	-0.839694	-0.526065	-0.134797	0.0	2.52345	0.891757	1.23414	0.22289099999999998	
3	0.378632	0.08613989999999999	-0.92153	0.0	0.899517	0.200226	0.388304	0.0	0.217962	-0.9759559999999999	-0.00167248	0.0	-3.38151	-3.25217	-2.11855	0.35269	-0.409063	0.77667	-0.47901099999999996	0.0	0.356221	-0.347371	-0.867433	0.0	-0.8401040000000001	-0.525468	-0.134569	0.0	2.52379	0.8888530000000001	1.2334200000000002	0.22264099999999998	
3	0.377853	0.0861865	-0.921845	0.0	0.8999809999999999	0.199593	0.387552	0.0	0.217396	-0.976081	-0.00214955	0.0	-3.3688800000000003	-3.2553400000000003	-2.1158900000000003	0.35228000000000004	-0.40964399999999995	0.776084	-0.47946400000000006	0.0	0.35622600000000004	-0.347771	-0.8672709999999999	0.0	-0.8398190000000001	-0.5260699999999999	-0.133999	0.0	2.52015	0.889861	1.23478	0.22256199999999998	
3	0.371743	0.08172389999999999	-0.924732	0.0	0.9032040000000001	0.198372	0.38061999999999996	0.0	0.21454600000000001	-0.976714	-7.01845e-05	0.0	-3.3711599999999997	-3.27562	-2.1124	0.356669	-0.408894	0.775158	-0.48159700000000005	0.0	0.356596	-0.350056	-0.8661989999999999	0.0	-0.8400270000000001	-0.5259189999999999	-0.13328299999999998	0.0	2.5177400000000003	0.9101819999999999	1.24203	0.221046	
3	0.371508	0.0813946	-0.924855	0.0	0.903667	0.196831	0.38032	0.0	0.212996	-0.9770530000000001	-0.000429213	0.0	-3.36915	-3.27769	-2.1116099999999998	0.356678	-0.408896	0.775072	-0.481734	0.0	0.35684099999999996	-0.350055	-0.8660979999999999	0.0	-0.839922	-0.526046	-0.133442	0.0	2.51768	0.91154	1.2429999999999999	0.22071999999999997	
3	0.37326	0.0743583	-0.924742	0.0	0.908352	0.173355	0.38058400000000003	0.0	0.188608	-0.9820479999999999	-0.00283685	0.0	-3.3628699999999996	-3.3492800000000003	-2.10169	0.359028	-0.408223	0.7745529999999999	-0.483137	0.0	0.356574	-0.351909	-0.8654569999999999	0.0	-0.840363	-0.525573	-0.132528	0.0	2.52415	0.9132530000000001	1.23704	0.21886999999999998	
3	0.37656799999999996	0.063453	-0.924213	0.0	0.9118229999999999	0.150831	0.381875	0.0	0.163631	-0.9865209999999999	-0.00105971	0.0	-3.3610900000000004	-3.39161	-2.11437	0.359292	-0.408035	0.774725	-0.48302	0.0	0.356221	-0.352033	-0.8655520000000001	0.0	-0.8406040000000001	-0.525237	-0.132332	0.0	2.52089	0.916696	1.24196	0.21865700000000002	
3	0.38137600000000005	0.0568846	-0.922668	0.0	0.913761	0.127933	0.38558200000000004	0.0	0.139974	-0.99015	-0.00318837	0.0	-3.34406	-3.4187199999999995	-2.11882	0.36097199999999996	-0.407873	0.774474	-0.483559	0.0	0.356084	-0.352748	-0.865317	0.0	-0.8407399999999999	-0.525127	-0.131901	0.0	2.51971	0.913316	1.2339	0.21865	
3	0.386356	0.054271900000000005	-0.920752	0.0	0.9132540000000001	0.11734000000000001	0.39012600000000003	0.0	0.12921400000000002	-0.991608	-0.00422922	0.0	-3.3274199999999996	-3.43865	-2.11237	0.362348	-0.40760599999999997	0.774369	-0.48395299999999997	0.0	0.356591	-0.352918	-0.865038	0.0	-0.8406549999999999	-0.5251680000000001	-0.13228099999999998	0.0	2.51939	0.916683	1.24237	0.218146	
3	0.387364	0.047818400000000004	-0.920686	0.0	0.913916	0.111444	0.390304	0.0	0.121269	-0.9926200000000001	-0.000532657	0.0	-3.3176300000000003	-3.44556	-2.11603	0.361533	-0.407538	0.7742060000000001	-0.484271	0.0	0.356149	-0.353562	-0.864958	0.0	-0.840875	-0.524976	-0.131643	0.0	2.51898	0.920315	1.24508	0.218259	
3	0.39984000000000003	0.04238	-0.9156049999999999	0.0	0.909891	0.102153	0.402073	0.0	0.110572	-0.993866	0.00228351	0.0	-3.3100099999999997	-3.44745	-2.13889	0.349881	-0.407488	0.773863	-0.484861	0.0	0.355842	-0.35442199999999996	-0.864732	0.0	-0.8410299999999999	-0.5249010000000001	-0.130951	0.0	2.51621	0.925537	1.25096	0.218543	
3	0.41255299999999995	0.0314219	-0.910392	0.0	0.9058639999999999	0.09114810000000001	0.41364700000000004	0.0	0.09597819999999999	-0.9953420000000001	0.00913936	0.0	-3.2972	-3.44279	-2.16226	0.304259	-0.407359	0.773844	-0.48499899999999996	0.0	0.35689299999999996	-0.35394200000000003	-0.8644959999999999	0.0	-0.8406459999999999	-0.525253	-0.131998	0.0	2.5164400000000002	0.9270870000000001	1.25099	0.21847199999999997	
3	0.44133199999999995	0.0254365	-0.896983	0.0	0.89354	0.0794846	0.441892	0.0	0.08253660000000002	-0.9965120000000001	0.0123505	0.0	-3.27823	-3.41943	-2.16649	0.227956	-0.407536	0.773392	-0.48557100000000003	0.0	0.356172	-0.355001	-0.864359	0.0	-0.840866	-0.525204	-0.13078499999999998	0.0	2.51465	0.9299280000000001	1.25401	0.218906	
