0	0.593133	0.516197	-0.617846	0.0	0.683114	0.0834701	0.725526	0.0	0.42608599999999996	-0.8523930000000001	-0.303113	0.0	-2.73968	2.0	1.46191	0.0	-0.593133	0.516197	-0.617847	0.0	0.752583	0.0828435	-0.653266	0.0	-0.286029	-0.852454	-0.437619	0.0	2.66032	2.0	1.53809	0.0	
0	0.593133	0.516197	-0.617846	0.0	0.683114	0.0834701	0.725526	0.0	0.42608599999999996	-0.8523930000000001	-0.303113	0.0	-2.73968	2.0	1.46191	0.0	-0.593133	0.516197	-0.617847	0.0	0.752583	0.0828435	-0.653266	0.0	-0.286029	-0.852454	-0.437619	0.0	2.66032	2.0	1.53809	0.0	
0	0.0319817	0.9344969999999999	-0.354533	0.0	0.08815869999999999	0.350694	0.9323309999999999	0.0	0.9955930000000001	-0.0610727	-0.0711683	0.0	-2.8834400000000002	2.0849	1.2199	0.0	-0.145258	0.9000459999999999	-0.41087399999999996	0.0	0.114093	-0.397271	-0.910582	0.0	-0.9827940000000001	-0.179147	-0.0449823	0.0	2.70837	2.05599	1.53957	0.0	
0	0.041321300000000005	0.9043370000000001	-0.42481499999999994	0.0	0.0826472	0.42062700000000003	0.9034610000000001	0.0	0.9957219999999999	-0.07244199999999999	-0.0573601	0.0	-2.8469	2.10068	1.1941	0.0	-0.149394	0.895915	-0.418353	0.0	0.125344	-0.402528	-0.9067860000000001	0.0	-0.980801	-0.187906	-0.0521625	0.0	2.68529	2.04861	1.46339	0.0	
0	0.0503826	0.885806	-0.461312	0.0	0.107195	0.454434	0.884307	0.0	0.9929610000000001	-0.0940042	-0.0720587	0.0	-2.8214	2.11174	1.19143	0.0	-0.157686	0.890626	-0.426522	0.0	0.137069	-0.408004	-0.902632	0.0	-0.97793	-0.200795	-0.0577403	0.0	2.6753	2.05916	1.44925	0.0	
0	0.0527884	0.879084	-0.473735	0.0	0.103583	0.467017	0.87816	0.0	0.9932190000000001	-0.0954276	-0.06640499999999999	0.0	-2.7981	2.1038200000000002	1.1944700000000001	0.0	-0.189379	0.8998379999999999	-0.392972	0.0	0.139767	-0.371436	-0.9178780000000001	0.0	-0.9719059999999999	-0.228752	-0.0554255	0.0	2.62582	2.0335900000000002	1.4400899999999999	0.0	
0	0.0523799	0.880755	-0.470666	0.0	0.106495	0.463699	0.879569	0.0	0.992933	-0.0961956	-0.069508	0.0	-2.78885	2.1002099999999997	1.19777	0.0	-0.222396	0.913963	-0.339427	0.0	0.150393	-0.311819	-0.938163	0.0	-0.9632870000000001	-0.25969200000000003	-0.0681064	0.0	2.59749	2.00712	1.39946	0.023299900000000002	
0	0.0551859	0.88621	-0.45998500000000003	0.0	0.116174	0.451859	0.8844920000000001	0.0	0.9916950000000001	-0.10225	-0.0780181	0.0	-2.78673	2.10515	1.19004	0.0	-0.22923600000000002	0.923659	-0.307091	0.0	0.157364	-0.276174	-0.9481370000000001	0.0	-0.960566	-0.26567199999999996	-0.0820418	0.0	2.6109	1.9882799999999998	1.37057	0.213889	
0	0.0493533	0.8869370000000001	-0.459247	0.0	0.11477899999999999	0.45172399999999996	0.8847440000000001	0.0	0.9921639999999999	-0.09637689999999999	-0.0795076	0.0	-2.7577700000000003	2.11079	1.21055	0.0	-0.23524499999999998	0.930998	-0.279113	0.0	0.165345	-0.244652	-0.9554090000000001	0.0	-0.9577690000000001	-0.270905	-0.0963827	0.0	2.57985	1.97502	1.3567799999999999	0.322213	
0	0.0502176	0.892634	-0.44797600000000004	0.0	0.121519	0.439749	0.889862	0.0	0.991318	-0.0991245	-0.0863888	0.0	-2.721	2.11984	1.22902	0.104744	-0.23220700000000002	0.9303799999999999	-0.283679	0.0	0.164431	-0.24990500000000002	-0.9542069999999999	0.0	-0.958667	-0.268219	-0.09495369999999999	0.0	2.55139	1.97415	1.35437	0.321745	
0	0.0419733	0.8880469999999999	-0.45783199999999996	0.0	0.11464	0.45092899999999997	0.885167	0.0	0.9925200000000001	-0.0896395	-0.08287910000000001	0.0	-2.68759	2.1247700000000003	1.25288	0.157391	-0.22728099999999998	0.930457	-0.287392	0.0	0.153109	-0.257303	-0.954124	0.0	-0.9617180000000001	-0.260856	-0.0839816	0.0	2.52317	1.98069	1.3712799999999998	0.318661	
0	0.039586699999999996	0.884057	-0.465699	0.0	0.121715	0.45832700000000004	0.88041	0.0	0.991775	-0.09153480000000001	-0.089459	0.0	-2.66295	2.1478599999999997	1.29283	0.173237	-0.22818899999999998	0.929534	-0.289648	0.0	0.156318	-0.25865900000000003	-0.9532370000000001	0.0	-0.960986	-0.262795	-0.0862798	0.0	2.5038	1.9846700000000002	1.39929	0.309184	
0	0.040775599999999995	0.88433	-0.465078	0.0	0.121152	0.45765500000000003	0.8808370000000001	0.0	0.9917959999999999	-0.0922615	-0.08847689999999998	0.0	-2.66534	2.1611599999999997	1.31484	0.173121	-0.228397	0.9293629999999999	-0.290034	0.0	0.15750899999999998	-0.25871	-0.9530270000000001	0.0	-0.960743	-0.263351	-0.08729479999999999	0.0	2.49903	1.99806	1.41688	0.303071	
0	0.0367686	0.879555	-0.47437399999999996	0.0	0.12446600000000001	0.46696800000000005	0.8754709999999999	0.0	0.9915430000000001	-0.0912336	-0.0923052	0.0	-2.67022	2.1789	1.32546	0.17968399999999998	-0.227622	0.9313030000000001	-0.284364	0.0	0.155197	-0.25359899999999996	-0.954778	0.0	-0.961302	-0.261461	-0.08681080000000001	0.0	2.49545	1.99482	1.4411200000000002	0.298111	
0	0.0332712	0.8794129999999999	-0.47489499999999996	0.0	0.123098	0.467934	0.8751479999999999	0.0	0.9918370000000001	-0.087576	-0.0926856	0.0	-2.6651	2.18165	1.33073	0.18296400000000002	-0.23005	0.933746	-0.27421599999999996	0.0	0.151882	-0.24387199999999998	-0.9578399999999999	0.0	-0.961254	-0.262	-0.08571669999999999	0.0	2.48562	1.9594799999999999	1.47157	0.298643	
0	0.036244599999999995	0.8838459999999999	-0.466373	0.0	0.118567	0.45958000000000004	0.880187	0.0	0.992284	-0.0871983	-0.0881373	0.0	-2.6381200000000002	2.18472	1.34534	0.19953800000000002	-0.23347600000000002	0.9341940000000001	-0.26976300000000003	0.0	0.152228	-0.238893	-0.95904	0.0	-0.9603729999999999	-0.26497800000000005	-0.0864349	0.0	2.4823	1.91858	1.48187	0.298618	
0	0.0356044	0.884342	-0.46548	0.0	0.12114100000000001	0.458521	0.880388	0.0	0.9919969999999999	-0.08773439999999999	-0.0908049	0.0	-2.64483	2.18305	1.3463200000000002	0.216346	-0.23562800000000003	0.9339200000000001	-0.268837	0.0	0.151481	-0.23795100000000002	-0.959392	0.0	-0.959965	-0.266783	-0.08540360000000001	0.0	2.48395	1.89652	1.50004	0.298894	
0	0.034601599999999996	0.885531	-0.46329	0.0	0.12097999999999999	0.45644700000000005	0.8814870000000001	0.0	0.992052	-0.08655	-0.091338	0.0	-2.6444099999999997	2.1738	1.3428	0.220784	-0.236783	0.934267	-0.26660700000000004	0.0	0.15163900000000002	-0.23550900000000002	-0.9599690000000001	0.0	-0.959656	-0.267732	-0.08590700000000001	0.0	2.48578	1.8796599999999999	1.4954	0.29693400000000003	
0	0.032683	0.8843770000000001	-0.465629	0.0	0.11921400000000001	0.45910200000000007	0.8803479999999999	0.0	0.992331	-0.0842817	-0.0904248	0.0	-2.63842	2.17073	1.3411600000000001	0.23197399999999999	-0.237916	0.93475	-0.263889	0.0	0.151339	-0.232697	-0.9607020000000001	0.0	-0.9594229999999999	-0.26850300000000005	-0.08610160000000001	0.0	2.48552	1.8618299999999999	1.49629	0.29780500000000004	
0	0.031058299999999997	0.8846440000000001	-0.465232	0.0	0.12096400000000002	0.45870900000000003	0.880315	0.0	0.9921709999999999	-0.0836176	-0.09276369999999999	0.0	-2.6411	2.1722200000000003	1.34165	0.257185	-0.239323	0.935565	-0.259696	0.0	0.149425	-0.228793	-0.961939	0.0	-0.9593729999999999	-0.26902	-0.0850418	0.0	2.48581	1.8505900000000002	1.49848	0.297639	
0	0.0372339	0.894199	-0.44611899999999993	0.0	0.119377	0.43925200000000003	0.8903969999999999	0.0	0.992151	-0.08640930000000001	-0.0903918	0.0	-2.64909	2.16092	1.31956	0.263719	-0.242058	0.934723	-0.260194	0.0	0.148105	-0.229431	-0.961991	0.0	-0.958892	-0.271393	-0.0829018	0.0	2.4841599999999997	1.8437599999999998	1.52131	0.297966	
0	0.07136669999999999	0.8750620000000001	-0.478721	0.0	0.180909	0.460629	0.8689610000000001	0.0	0.980907	-0.14862	-0.125433	0.0	-2.72332	2.06217	1.17226	0.271515	-0.24750100000000003	0.932025	-0.26471100000000003	0.0	0.143056	-0.235064	-0.9613950000000001	0.0	-0.958268	-0.27581500000000003	-0.0751533	0.0	2.48425	1.8269099999999998	1.51171	0.29897399999999996	
0	0.133124	0.8245030000000001	-0.549975	0.0	0.198494	0.521491	0.8298479999999999	0.0	0.9710190000000001	-0.219639	-0.09423630000000001	0.0	-2.82039	1.71222	0.949443	0.276118	-0.25200300000000003	0.930003	-0.26756199999999997	0.0	0.14321199999999998	-0.23760100000000003	-0.9607479999999999	0.0	-0.9570709999999999	-0.28043	-0.0733116	0.0	2.48426	1.7957900000000002	1.4934399999999999	0.298138	
0	0.203578	0.778744	-0.593392	0.0	0.22301500000000002	0.553266	0.802596	0.0	0.9533209999999999	-0.29572600000000004	-0.0610386	0.0	-2.9051	1.3474	0.755671	0.309753	-0.255444	0.928527	-0.269416	0.0	0.1407	-0.23999299999999998	-0.9605239999999999	0.0	-0.9565309999999999	-0.283267	-0.06933869999999999	0.0	2.4822900000000003	1.7668099999999998	1.47337	0.298975	
0	0.278314	0.7281770000000001	-0.6263380000000001	0.0	0.26509	0.5685399999999999	0.778774	0.0	0.923184	-0.38278	-0.0348	0.0	-2.98749	0.900597	0.518432	0.327171	-0.25755	0.927156	-0.272123	0.0	0.13556700000000002	-0.244166	-0.960211	0.0	-0.956708	-0.284193	-0.0628071	0.0	2.46884	1.73554	1.4585	0.298737	
0	0.38856399999999996	0.646203	-0.656841	0.0	0.306722	0.58149	0.7535189999999999	0.0	0.868873	-0.494258	0.0277414	0.0	-3.05253	0.346611	0.24607199999999999	0.339122	-0.26109499999999997	0.9255770000000001	-0.27411199999999997	0.0	0.132389	-0.24694499999999997	-0.959944	0.0	-0.956192	-0.286926	-0.05805980000000001	0.0	2.44338	1.7193599999999998	1.46349	0.29841999999999996	
0	0.464424	0.579611	-0.6695979999999999	0.0	0.359254	0.5677800000000001	0.74065	0.0	0.809474	-0.584531	0.055463	0.0	-3.16005	-0.11628499999999999	-0.0751702	0.339545	-0.270715	0.9213870000000001	-0.278852	0.0	0.131945	-0.25142	-0.958842	0.0	-0.953574	-0.29636599999999996	-0.05350880000000001	0.0	2.42585	1.7045	1.48302	0.295594	
0	0.541985	0.501575	-0.674296	0.0	0.41657	0.536509	0.733913	0.0	0.729878	-0.678661	0.0818388	0.0	-3.22867	-0.507875	-0.33770700000000003	0.342861	-0.273161	0.919042	-0.284157	0.0	0.130172	-0.25736	-0.957508	0.0	-0.9531209999999999	-0.298543	-0.0493327	0.0	2.41423	1.69904	1.50055	0.29414	
0	0.599662	0.435471	-0.6713939999999999	0.0	0.469793	0.487626	0.735877	0.0	0.647842	-0.756694	0.08782960000000001	0.0	-3.23759	-0.809455	-0.664316	0.342843	-0.27274699999999996	0.917539	-0.289365	0.0	0.127929	-0.26350999999999997	-0.9561360000000001	0.0	-0.953543	-0.29780100000000004	-0.0455089	0.0	2.39321	1.70515	1.5278	0.29179099999999997	
0	0.5970310000000001	0.34831	-0.722658	0.0	0.548614	0.479971	0.684581	0.0	0.5853010000000001	-0.805176	0.09547	0.0	-3.24549	-1.05706	-0.973924	0.331169	-0.274415	0.915249	-0.294985	0.0	0.124775	-0.270278	-0.9546629999999999	0.0	-0.9534819999999999	-0.29878000000000005	-0.0400324	0.0	2.3799799999999998	1.7031	1.5623799999999999	0.291509	
0	0.598906	0.26619499999999996	-0.755283	0.0	0.625084	0.43415	0.648678	0.0	0.500581	-0.860612	0.0936203	0.0	-3.26533	-1.2980200000000002	-1.2286700000000002	0.332859	-0.28036	0.9125790000000001	-0.297653	0.0	0.121273	-0.27393	-0.954073	0.0	-0.952203	-0.303581	-0.0338718	0.0	2.36268	1.6462400000000001	1.58216	0.289577	
0	0.53766	0.199402	-0.8192440000000001	0.0	0.7017369999999999	0.43282200000000004	0.5658890000000001	0.0	0.467426	-0.87915	0.09278330000000001	0.0	-3.2153400000000003	-1.4570299999999998	-1.43345	0.343669	-0.282518	0.9098229999999999	-0.303983	0.0	0.11549000000000001	-0.282328	-0.952341	0.0	-0.952285	-0.30416	-0.0253127	0.0	2.33033	1.61442	1.59934	0.285896	
0	0.510911	0.171784	-0.8422940000000001	0.0	0.739295	0.41217600000000004	0.5324979999999999	0.0	0.43864899999999996	-0.894763	0.08358639999999999	0.0	-3.17802	-1.52911	-1.6106200000000002	0.345828	-0.287699	0.90709	-0.307273	0.0	0.110367	-0.28729899999999997	-0.9514610000000001	0.0	-0.95134	-0.307647	-0.0174578	0.0	2.30432	1.59248	1.6417700000000002	0.28589699999999996	
0	0.48978299999999997	0.132144	-0.861772	0.0	0.7592909999999999	0.42112799999999995	0.49611400000000005	0.0	0.428475	-0.897323	0.105925	0.0	-3.07337	-1.5706200000000001	-1.6767400000000001	0.346523	-0.296898	0.9032680000000001	-0.309772	0.0	0.111579	-0.28936100000000003	-0.9506950000000001	0.0	-0.948368	-0.316824	-0.0148749	0.0	2.3010200000000003	1.5780299999999998	1.67992	0.283746	
0	0.486134	0.12316099999999999	-0.8651620000000001	0.0	0.757111	0.43505200000000005	0.487353	0.0	0.436413	-0.891943	0.118247	0.0	-3.0472599999999996	-1.5812899999999999	-1.6569599999999998	0.346355	-0.299181	0.901035	-0.31405	0.0	0.113632	-0.29314	-0.949293	0.0	-0.947406	-0.31969699999999995	-0.014684799999999998	0.0	2.31062	1.57933	1.6881099999999998	0.279462	
0	0.48657399999999995	0.12061600000000001	-0.865273	0.0	0.754383	0.441521	0.485763	0.0	0.44062700000000005	-0.889107	0.12384200000000001	0.0	-3.03379	-1.5867	-1.63345	0.347523	-0.299281	0.9005629999999999	-0.315305	0.0	0.110128	-0.295641	-0.9489299999999999	0.0	-0.947789	-0.31872	-0.010697799999999999	0.0	2.31282	1.5784	1.7062599999999999	0.278364	
0	0.49238999999999994	0.111239	-0.863237	0.0	0.754332	0.440242	0.487001	0.0	0.43420699999999995	-0.890962	0.13285999999999998	0.0	-2.9935400000000003	-1.59331	-1.55049	0.34831599999999996	-0.300915	0.8991629999999999	-0.317736	0.0	0.104004	-0.300249	-0.948174	0.0	-0.9479629999999999	-0.318365	-0.00316751	0.0	2.3028299999999997	1.58081	1.7411599999999998	0.274353	
0	0.492447	0.11130999999999999	-0.863196	0.0	0.754354	0.440091	0.487104	0.0	0.434104	-0.891028	0.13275399999999998	0.0	-2.9940700000000002	-1.59338	-1.55284	0.348306	-0.300942	0.899143	-0.317766	0.0	0.104027	-0.300272	-0.9481639999999999	0.0	-0.947952	-0.318398	-0.00317025	0.0	2.30325	1.58083	1.73993	0.274332	
0	0.49244799999999994	0.11130899999999999	-0.863195	0.0	0.754346	0.44010600000000005	0.48710200000000003	0.0	0.434116	-0.89102	0.13276400000000002	0.0	-2.99411	-1.59338	-1.5530700000000002	0.34830700000000003	-0.30094899999999997	0.8991370000000001	-0.317776	0.0	0.104021	-0.300286	-0.948161	0.0	-0.94795	-0.31840300000000005	-0.00315833	0.0	2.30329	1.58084	1.7398200000000001	0.274332	
0	0.49244799999999994	0.11130899999999999	-0.863195	0.0	0.754346	0.44010600000000005	0.48710200000000003	0.0	0.434116	-0.89102	0.13276400000000002	0.0	-2.99411	-1.59338	-1.5530700000000002	0.34830700000000003	-0.30094899999999997	0.8991370000000001	-0.317776	0.0	0.104021	-0.300286	-0.948161	0.0	-0.94795	-0.31840300000000005	-0.00315833	0.0	2.3033	1.58084	1.7398200000000001	0.274332	
0	0.49244799999999994	0.11130899999999999	-0.863195	0.0	0.754346	0.44010600000000005	0.48710200000000003	0.0	0.434116	-0.89102	0.13276400000000002	0.0	-2.99411	-1.59338	-1.5530700000000002	0.34830700000000003	-0.30094899999999997	0.8991370000000001	-0.317776	0.0	0.104021	-0.300286	-0.948161	0.0	-0.94795	-0.31840300000000005	-0.00315809	0.0	2.3033	1.58084	1.7398200000000001	0.274332	
0	0.49244799999999994	0.11130899999999999	-0.863195	0.0	0.754346	0.44010600000000005	0.48710200000000003	0.0	0.434116	-0.89102	0.13276400000000002	0.0	-2.99411	-1.59338	-1.5530700000000002	0.34830700000000003	-0.30094899999999997	0.8991370000000001	-0.317776	0.0	0.10402	-0.300286	-0.948161	0.0	-0.94795	-0.31840300000000005	-0.00315797	0.0	2.3033	1.58084	1.7398200000000001	0.274332	
0	0.49244799999999994	0.11130899999999999	-0.863195	0.0	0.754346	0.44010600000000005	0.48710200000000003	0.0	0.434116	-0.89102	0.13276400000000002	0.0	-2.99411	-1.59338	-1.5530700000000002	0.34830700000000003	-0.30094899999999997	0.8991370000000001	-0.317776	0.0	0.10402	-0.300286	-0.948161	0.0	-0.94795	-0.31840300000000005	-0.00315797	0.0	2.30329	1.58084	1.7398200000000001	0.274332	
0	0.49244799999999994	0.11130899999999999	-0.863195	0.0	0.754346	0.44010699999999997	0.48710200000000003	0.0	0.43411700000000003	-0.89102	0.13276400000000002	0.0	-2.99411	-1.59338	-1.5530700000000002	0.34830700000000003	-0.30094899999999997	0.8991370000000001	-0.317776	0.0	0.10402	-0.300286	-0.948161	0.0	-0.94795	-0.31840300000000005	-0.00315797	0.0	2.30329	1.58084	1.7398200000000001	0.274332	
0	0.49244799999999994	0.11130899999999999	-0.863195	0.0	0.754346	0.44010600000000005	0.48710200000000003	0.0	0.43411700000000003	-0.89102	0.13276400000000002	0.0	-2.99411	-1.59338	-1.5530700000000002	0.34830700000000003	-0.30094899999999997	0.8991370000000001	-0.317776	0.0	0.10402	-0.300286	-0.94816	0.0	-0.94795	-0.31840300000000005	-0.00315797	0.0	2.3033	1.58084	1.7398200000000001	0.274332	
0	0.49244799999999994	0.11130899999999999	-0.863195	0.0	0.754346	0.44010600000000005	0.48710200000000003	0.0	0.43411700000000003	-0.89102	0.13276400000000002	0.0	-2.99411	-1.59338	-1.5530700000000002	0.34830700000000003	-0.30094899999999997	0.8991370000000001	-0.317776	0.0	0.10402	-0.300286	-0.94816	0.0	-0.94795	-0.31840300000000005	-0.00315797	0.0	2.30329	1.58084	1.7398200000000001	0.274332	
0	0.49244799999999994	0.11130899999999999	-0.863195	0.0	0.754346	0.44010600000000005	0.48710200000000003	0.0	0.43411700000000003	-0.89102	0.13276400000000002	0.0	-2.99411	-1.59338	-1.5530700000000002	0.34830700000000003	-0.30094899999999997	0.8991370000000001	-0.317776	0.0	0.104021	-0.300286	-0.948161	0.0	-0.94795	-0.31840300000000005	-0.00315821	0.0	2.30329	1.58084	1.7398200000000001	0.274332	
0	0.49244799999999994	0.11130899999999999	-0.863195	0.0	0.754346	0.44010600000000005	0.48710200000000003	0.0	0.43411700000000003	-0.89102	0.13276400000000002	0.0	-2.99411	-1.59338	-1.5530700000000002	0.34830700000000003	-0.30094899999999997	0.8991370000000001	-0.317776	0.0	0.10402	-0.300286	-0.948161	0.0	-0.94795	-0.31840300000000005	-0.00315797	0.0	2.3033	1.58084	1.7398200000000001	0.274332	
0	0.49244799999999994	0.11130899999999999	-0.863195	0.0	0.754346	0.44010600000000005	0.48710200000000003	0.0	0.434116	-0.89102	0.13276400000000002	0.0	-2.99411	-1.59338	-1.5530700000000002	0.34830700000000003	-0.30094899999999997	0.8991370000000001	-0.317776	0.0	0.104021	-0.300286	-0.94816	0.0	-0.94795	-0.31840300000000005	-0.00315797	0.0	2.3033	1.58084	1.7398200000000001	0.274332	
0	0.279954	0.59943	-0.749873	0.0	0.46142799999999995	0.600945	0.652648	0.0	0.841849	-0.528724	-0.108357	0.0	-3.02421	-1.66083	-1.5921299999999998	0.312771	-0.334231	0.891633	-0.30541799999999997	0.0	0.131134	-0.276908	-0.9519059999999999	0.0	-0.9333239999999999	-0.358207	-0.0243722	0.0	2.28219	1.58433	1.79718	0.262013	
0	0.275011	0.651241	-0.707286	0.0	0.493353	0.535826	0.685196	0.0	0.82521	-0.537378	-0.173934	0.0	-3.11312	-1.7146599999999999	-1.76908	0.342934	-0.341994	0.8889549999999999	-0.304628	0.0	0.13278299999999998	-0.275208	-0.9521709999999999	0.0	-0.9302739999999999	-0.366086	-0.023918599999999998	0.0	2.2850599999999996	1.5587600000000001	1.8050400000000002	0.26151399999999997	
0	0.29486999999999997	0.6309680000000001	-0.717587	0.0	0.542552	0.507625	0.669294	0.0	0.786568	-0.586683	-0.19264900000000001	0.0	-3.12978	-1.75727	-1.9162700000000001	0.3437	-0.344196	0.887156	-0.307383	0.0	0.134776	-0.27731100000000003	-0.9512799999999999	0.0	-0.9291739999999999	-0.368854	-0.0241181	0.0	2.2904400000000003	1.54492	1.8025400000000003	0.26108899999999996	
0	0.337253	0.571127	-0.748382	0.0	0.618182	0.46519799999999994	0.633594	0.0	0.710008	-0.676318	-0.196171	0.0	-3.14004	-1.87513	-2.1795	0.346296	-0.347504	0.8855649999999999	-0.308247	0.0	0.134718	-0.278172	-0.9510370000000001	0.0	-0.927951	-0.372015	-0.0226354	0.0	2.3093	1.53142	1.8008400000000002	0.26066999999999996	
0	0.375148	0.463876	-0.8025479999999999	0.0	0.671622	0.46070600000000006	0.580237	0.0	0.638897	-0.756683	-0.138717	0.0	-3.12331	-2.18721	-2.47505	0.348638	-0.351862	0.8821319999999999	-0.313109	0.0	0.139175	-0.281479	-0.949421	0.0	-0.9256479999999999	-0.37764200000000003	-0.023729	0.0	2.34016	1.5263	1.7937299999999998	0.25981	
0	0.379393	0.411851	-0.8285170000000001	0.0	0.693786	0.465815	0.549251	0.0	0.6121449999999999	-0.783196	-0.109009	0.0	-3.1162799999999997	-2.3479799999999997	-2.56087	0.348825	-0.35231599999999996	0.881333	-0.314844	0.0	0.141441	-0.282407	-0.94881	0.0	-0.9251309999999999	-0.378813	-0.025160400000000003	0.0	2.35569	1.5278	1.79047	0.259207	
0	0.361041	0.281485	-0.8890540000000001	0.0	0.7736529999999999	0.441892	0.454085	0.0	0.520683	-0.8517620000000001	-0.0582307	0.0	-3.10425	-2.59223	-2.58239	0.348877	-0.35192399999999996	0.8811129999999999	-0.315895	0.0	0.136929	-0.28539200000000003	-0.9485790000000001	0.0	-0.925959	-0.377083	-0.020213299999999997	0.0	2.37337	1.5044899999999999	1.7835	0.25940100000000005	
0	0.336379	0.23673400000000003	-0.911486	0.0	0.811171	0.418836	0.40814	0.0	0.478383	-0.87666	-0.0511439	0.0	-3.11978	-2.62942	-2.53742	0.348235	-0.35334	0.880315	-0.316538	0.0	0.1355	-0.286636	-0.9484090000000001	0.0	-0.92563	-0.378002	-0.0180027	0.0	2.37415	1.4847	1.78381	0.25995	
0	0.260395	0.15831199999999998	-0.952435	0.0	0.887558	0.349048	0.300676	0.0	0.380046	-0.923636	-0.0496204	0.0	-3.24933	-2.6116099999999998	-2.403	0.347675	-0.35489899999999996	0.878418	-0.32004299999999997	0.0	0.13659100000000002	-0.289936	-0.947249	0.0	-0.924873	-0.379893	-0.0170861	0.0	2.38522	1.4608	1.7833900000000003	0.25886	
0	0.17544500000000002	0.14186300000000002	-0.9742139999999999	0.0	0.929018	0.30362100000000003	0.21151799999999998	0.0	0.325799	-0.9421729999999999	-0.0785244	0.0	-3.38109	-2.56926	-2.34923	0.34663499999999997	-0.35328200000000004	0.8783569999999999	-0.321996	0.0	0.133689	-0.293257	-0.9466399999999999	0.0	-0.9259149999999999	-0.37747800000000004	-0.013824799999999998	0.0	2.38765	1.4449299999999998	1.78187	0.25873	
0	0.128768	0.126668	-0.9835520000000001	0.0	0.953039	0.258338	0.15804400000000002	0.0	0.274108	-0.957714	-0.08745399999999999	0.0	-3.4780800000000003	-2.54355	-2.25293	0.34667800000000004	-0.35294000000000003	0.876812	-0.32655	0.0	0.12817	-0.300412	-0.945159	0.0	-0.926826	-0.375438	-0.00635421	0.0	2.3818799999999998	1.43349	1.81215	0.259216	
0	0.08520269999999999	0.11548199999999999	-0.989649	0.0	0.9613229999999999	0.25156999999999996	0.11212000000000001	0.0	0.261914	-0.960925	-0.0895813	0.0	-3.55189	-2.53713	-2.2238	0.346482	-0.353674	0.875725	-0.328665	0.0	0.128774	-0.30244299999999996	-0.9444290000000001	0.0	-0.9264620000000001	-0.376343	-0.00580466	0.0	2.38033	1.4352200000000002	1.82082	0.259377	
0	0.0742844	0.12717699999999998	-0.9890950000000001	0.0	0.9631559999999999	0.247932	0.10421500000000002	0.0	0.258482	-0.9603940000000001	-0.104074	0.0	-3.6182	-2.56477	-2.168	0.34725300000000003	-0.35387199999999996	0.874441	-0.331855	0.0	0.130662	-0.305114	-0.94331	0.0	-0.9261219999999999	-0.377172	-0.00628537	0.0	2.3810599999999997	1.4431399999999999	1.8289099999999998	0.258809	
0	0.07613489999999999	0.133444	-0.9881280000000001	0.0	0.9525549999999999	0.283156	0.111634	0.0	0.294692	-0.9497450000000001	-0.105555	0.0	-3.6610300000000002	-2.60813	-2.1649700000000003	0.347999	-0.351382	0.8748440000000001	-0.333436	0.0	0.128655	-0.307648	-0.9427620000000001	0.0	-0.92735	-0.374168	-0.00445181	0.0	2.38367	1.43449	1.8287900000000001	0.258768	
0	0.08898860000000001	0.138504	-0.9863559999999999	0.0	0.9423379999999999	0.30904699999999996	0.128414	0.0	0.32261599999999996	-0.9409069999999999	-0.10301600000000001	0.0	-3.5309	-2.6550700000000003	-2.06921	0.347502	-0.344097	0.877192	-0.334859	0.0	0.118047	-0.313391	-0.9422590000000001	0.0	-0.931484	-0.36375799999999997	0.00428677	0.0	2.3469900000000004	1.41324	1.8472	0.260907	
0	0.0907455	0.136979	-0.986409	0.0	0.941415	0.311258	0.12983	0.0	0.324812	-0.9404020000000001	-0.100709	0.0	-3.51916	-2.6593	-2.06547	0.347222	-0.343321	0.877216	-0.335593	0.0	0.11728499999999999	-0.314472	-0.941994	0.0	-0.931867	-0.362766	0.00508064	0.0	2.3414099999999998	1.41275	1.84932	0.260963	
0	0.13100599999999998	0.123775	-0.9836239999999999	0.0	0.934312	0.316359	0.164248	0.0	0.33150799999999997	-0.94053	-0.07419939999999998	0.0	-3.4701800000000005	-2.71392	-2.0371900000000003	0.34427800000000003	-0.344458	0.874893	-0.340457	0.0	0.11624000000000001	-0.32011300000000004	-0.9402209999999999	0.0	-0.931578	-0.36344099999999996	0.00856733	0.0	2.31183	1.43937	1.8647900000000002	0.26110300000000003	
0	0.146735	0.12243	-0.98157	0.0	0.930499	0.319598	0.178963	0.0	0.335619	-0.9396100000000001	-0.0670252	0.0	-3.39981	-2.77651	-2.00825	0.344659	-0.345928	0.8734569999999999	-0.342646	0.0	0.119754	-0.321103	-0.939442	0.0	-0.930587	-0.36601300000000003	0.00647819	0.0	2.3201099999999997	1.44144	1.85549	0.26013400000000003	
0	0.180008	0.114685	-0.976957	0.0	0.9307120000000001	0.301613	0.206893	0.0	0.31839	-0.946508	-0.052446400000000004	0.0	-3.2458400000000003	-2.90334	-2.00143	0.345283	-0.347594	0.872337	-0.34381300000000004	0.0	0.12031700000000001	-0.32215	-0.9390120000000001	0.0	-0.929894	-0.367762	0.00702041	0.0	2.33473	1.44553	1.8480299999999998	0.259768	
0	0.20161700000000002	0.0994648	-0.9744010000000001	0.0	0.9369770000000001	0.270243	0.22145900000000002	0.0	0.285352	-0.957641	-0.038710800000000004	0.0	-3.19714	-3.0503	-2.01376	0.345186	-0.3487	0.8707950000000001	-0.346589	0.0	0.12310499999999999	-0.32404099999999997	-0.937999	0.0	-0.9291149999999999	-0.369747	0.00579405	0.0	2.3469700000000002	1.44601	1.84102	0.258996	
0	0.221146	0.0911678	-0.9709700000000001	0.0	0.945997	0.221931	0.23629699999999998	0.0	0.237031	-0.970791	-0.037165300000000005	0.0	-3.19404	-3.13877	-2.02736	0.347604	-0.34976	0.8686219999999999	-0.350946	0.0	0.125126	-0.327937	-0.936376	0.0	-0.9284459999999999	-0.37142	0.0060119	0.0	2.3575	1.45226	1.84425	0.25857800000000003	
0	0.22919099999999998	0.09223619999999999	-0.969002	0.0	0.946652	0.210571	0.243948	0.0	0.226544	-0.973218	-0.0390548	0.0	-3.2002200000000003	-3.15655	-2.03019	0.350484	-0.349682	0.8680190000000001	-0.352513	0.0	0.126185	-0.329202	-0.93579	0.0	-0.9283319999999999	-0.37171	0.00558519	0.0	2.36679	1.45718	1.8406900000000002	0.258418	
0	0.24411999999999998	0.0873239	-0.9658059999999999	0.0	0.943255	0.20981	0.25739	0.0	0.225113	-0.973835	-0.0311499	0.0	-3.22182	-3.19653	-2.04218	0.352304	-0.349202	0.8678290000000001	-0.353457	0.0	0.125937	-0.330316	-0.9354309999999999	0.0	-0.9285459999999999	-0.371168	0.00605506	0.0	2.37255	1.47469	1.83959	0.25863	
0	0.248131	0.06166	-0.9667620000000001	0.0	0.9472860000000001	0.193355	0.255465	0.0	0.202681	-0.979189	-0.010432299999999999	0.0	-3.21902	-3.30681	-2.06291	0.357079	-0.348642	0.8670190000000001	-0.355988	0.0	0.125568	-0.333187	-0.9344620000000001	0.0	-0.9288059999999999	-0.37049299999999996	0.00729299	0.0	2.37593	1.48274	1.8348099999999998	0.258716	
0	0.24894899999999998	0.06101419999999999	-0.966593	0.0	0.9476959999999999	0.190479	0.256106	0.0	0.199742	-0.979793	-0.010403200000000001	0.0	-3.22019	-3.31115	-2.06385	0.357555	-0.349934	0.866876	-0.355068	0.0	0.126031	-0.33202	-0.934815	0.0	-0.928258	-0.371873	0.00693142	0.0	2.37721	1.4843899999999999	1.8349400000000002	0.258621	
0	0.253779	0.0662765	-0.964989	0.0	0.947039	0.18591300000000002	0.261828	0.0	0.196757	-0.9803290000000001	-0.0155857	0.0	-3.22128	-3.3122300000000005	-2.06259	0.359183	-0.35383600000000004	0.865276	-0.355103	0.0	0.12880899999999998	-0.330965	-0.93481	0.0	-0.9263950000000001	-0.37651	0.00565219	0.0	2.3898599999999997	1.47024	1.8396400000000002	0.257813	
0	0.251666	0.06052090000000001	-0.9659200000000001	0.0	0.948824	0.181311	0.25857199999999997	0.0	0.190781	-0.981562	-0.0117939	0.0	-3.22609	-3.3382699999999996	-2.06651	0.35955	-0.354863	0.8642569999999999	-0.356555	0.0	0.12859600000000002	-0.33263000000000004	-0.934249	0.0	-0.926032	-0.377382	0.0068984	0.0	2.40002	1.46233	1.84047	0.257842	
0	0.25972399999999995	0.05829349999999999	-0.963922	0.0	0.947313	0.17839100000000002	0.26603699999999997	0.0	0.18746300000000002	-0.982231	-0.00888976	0.0	-3.23896	-3.38001	-2.07586	0.35957100000000003	-0.354647	0.863716	-0.358079	0.0	0.13023800000000002	-0.33360500000000004	-0.933673	0.0	-0.9258850000000001	-0.37776	0.00582349	0.0	2.4039900000000003	1.4717	1.8419599999999998	0.257902	
0	0.275563	0.041295599999999995	-0.9603959999999999	0.0	0.948498	0.150721	0.27863000000000004	0.0	0.15625799999999998	-0.987713	0.00236449	0.0	-3.22798	-3.3916	-2.09373	0.358266	-0.35438000000000003	0.86314	-0.35972800000000005	0.0	0.131173	-0.335005	-0.933041	0.0	-0.9258559999999999	-0.377837	0.00549805	0.0	2.40712	1.4894	1.8356400000000002	0.257839	
0	0.27965100000000004	0.0438021	-0.959102	0.0	0.949592	0.134785	0.283033	0.0	0.14167000000000002	-0.989906	-0.00390133	0.0	-3.21841	-3.39246	-2.09048	0.353564	-0.354595	0.862722	-0.36052	0.0	0.13113699999999998	-0.335877	-0.932733	0.0	-0.9257790000000001	-0.378019	0.00596565	0.0	2.4090700000000003	1.4918	1.82673	0.257726	
0	0.288247	0.0426795	-0.9566040000000001	0.0	0.9532079999999999	0.0823041	0.290896	0.0	0.09114789999999999	-0.995693	-0.016958599999999997	0.0	-3.31019	-3.50903	-2.15414	0.321888	-0.357356	0.861642	-0.36037399999999997	0.0	0.133191	-0.334894	-0.932795	0.0	-0.924423	-0.381338	0.00491345	0.0	2.41355	1.4899	1.8093	0.257349	
0	0.30078499999999997	0.024988099999999996	-0.953364	0.0	0.9512860000000001	0.06310639999999999	0.301784	0.0	0.0677044	-0.9976940000000001	-0.00478935	0.0	-3.4412	-3.6152599999999997	-2.40335	0.30036799999999997	-0.35957100000000003	0.860692	-0.36044	0.0	0.134207	-0.334557	-0.9327700000000001	0.0	-0.923416	-0.38377100000000003	0.00478625	0.0	2.41573	1.49065	1.80699	0.257289	
0	0.306838	0.0278089	-0.951356	0.0	0.9498200000000001	0.0548736	0.307946	0.0	0.0607679	-0.9981059999999999	-0.00957611	0.0	-3.44078	-3.6162	-2.40079	0.298871	-0.361234	0.860139	-0.360099	0.0	0.135518	-0.33365	-0.9329059999999999	0.0	-0.922575	-0.385797	0.00396138	0.0	2.4173400000000003	1.48881	1.80577	0.25711	
0	0.306339	0.0241656	-0.951616	0.0	0.950357	0.0495431	0.307192	0.0	0.0545696	-0.9984799999999999	-0.00778911	0.0	-3.44469	-3.61646	-2.40637	0.296919	-0.363046	0.858234	-0.36280999999999997	0.0	0.137943	-0.335581	-0.9318569999999999	0.0	-0.9215040000000001	-0.388354	0.00344384	0.0	2.42331	1.50322	1.80908	0.257344	
0	0.302744	0.0161253	-0.9529350000000001	0.0	0.9518200000000001	0.0461173	0.30317	0.0	0.048835500000000004	-0.998806	-0.00138658	0.0	-3.4421	-3.6170699999999996	-2.4138	0.295923	-0.363166	0.857194	-0.365143	0.0	0.139249	-0.337564	-0.9309459999999999	0.0	-0.9212600000000001	-0.388934	0.00322795	0.0	2.44577	1.5101200000000001	1.79968	0.257247	
0	0.303018	0.0139134	-0.952883	0.0	0.951478	0.0517975	0.303327	0.0	0.0535774	-0.998561	0.00245726	0.0	-3.44929	-3.6152599999999997	-2.41804	0.291981	-0.362365	0.855902	-0.368948	0.0	0.140182	-0.3413	-0.929443	0.0	-0.921434	-0.388517	0.00369304	0.0	2.45178	1.51821	1.80372	0.256868	
0	0.309816	0.012104299999999998	-0.9507190000000001	0.0	0.9489629999999999	0.0581278	0.30998400000000004	0.0	0.0590155	-0.998236	0.00652224	0.0	-3.45815	-3.61314	-2.42095	0.286744	-0.362363	0.8555299999999999	-0.369812	0.0	0.1393	-0.342609	-0.9290930000000001	0.0	-0.921568	-0.38818400000000003	0.00497335	0.0	2.45234	1.52096	1.80565	0.257387	
0	0.309713	0.012706299999999998	-0.9507450000000001	0.0	0.945835	0.0982449	0.309427	0.0	0.09733760000000001	-0.995081	0.018409599999999998	0.0	-3.4716	-3.60961	-2.42518	0.306873	-0.361759	0.8553219999999999	-0.370883	0.0	0.138971	-0.343907	-0.9286629999999999	0.0	-0.9218559999999999	-0.387494	0.00554639	0.0	2.45514	1.52511	1.8071400000000002	0.257668	
0	0.305342	0.0135541	-0.9521459999999999	0.0	0.94524	0.116724	0.304789	0.0	0.11527000000000001	-0.993072	0.0228288	0.0	-3.47676	-3.60816	-2.42663	0.31522	-0.36185700000000004	0.8550459999999999	-0.371424	0.0	0.139882	-0.344112	-0.92845	0.0	-0.9216790000000001	-0.387922	0.00491393	0.0	2.4525	1.53101	1.8066	0.25785	
0	0.31015	0.0165797	-0.950543	0.0	0.9424520000000001	0.125958	0.309707	0.0	0.12486300000000002	-0.9918969999999999	0.0234402	0.0	-3.4778300000000004	-3.60782	-2.42339	0.320853	-0.36229	0.8543780000000001	-0.37253800000000004	0.0	0.14063499999999998	-0.345007	-0.928004	0.0	-0.921394	-0.38859899999999997	0.00483757	0.0	2.4521599999999997	1.53777	1.8062	0.257995	
0	0.31687600000000005	0.023132299999999998	-0.9481850000000001	0.0	0.93894	0.133686	0.317048	0.0	0.13409300000000002	-0.9907540000000001	0.0206422	0.0	-3.48225	-3.60721	-2.41757	0.323211	-0.363271	0.853662	-0.373225	0.0	0.14311300000000002	-0.34471	-0.927736	0.0	-0.9206270000000001	-0.390432	0.00305307	0.0	2.45892	1.5368600000000001	1.7852700000000001	0.257858	
0	0.329893	0.0322284	-0.9434680000000001	0.0	0.933419	0.138204	0.33110100000000003	0.0	0.141062	-0.9898790000000001	0.01551	0.0	-3.4964699999999995	-3.6045	-2.41165	0.31433	-0.362848	0.853988	-0.37288699999999997	0.0	0.141679	-0.344949	-0.927867	0.0	-0.9210149999999999	-0.38950500000000005	0.00417191	0.0	2.4618599999999997	1.53643	1.77626	0.257832	
0	0.333332	0.033682	-0.942208	0.0	0.932944	0.132407	0.33478800000000003	0.0	0.13603099999999999	-0.9906229999999999	0.0127121	0.0	-3.4918400000000003	-3.60549	-2.40775	0.314284	-0.363616	0.854751	-0.370383	0.0	0.14188900000000002	-0.342142	-0.928874	0.0	-0.9206799999999999	-0.390307	0.00312907	0.0	2.46122	1.5319999999999998	1.77263	0.258098	
0	0.33668200000000004	0.0304535	-0.941126	0.0	0.931315	0.136683	0.337595	0.0	0.138917	-0.9901469999999999	0.017656799999999997	0.0	-3.49021	-3.60581	-2.4094900000000004	0.31899099999999997	-0.365464	0.855167	-0.367595	0.0	0.142217	-0.338977	-0.929983	0.0	-0.919897	-0.392154	0.00226486	0.0	2.46045	1.52583	1.7764400000000002	0.258223	
0	0.343013	0.025438299999999997	-0.9389860000000001	0.0	0.9284370000000001	0.142621	0.343023	0.0	0.142645	-0.98945	0.025302900000000003	0.0	-3.4902	-3.6057099999999997	-2.41303	0.321769	-0.365411	0.855208	-0.367552	0.0	0.14276	-0.338699	-0.930002	0.0	-0.919834	-0.392304	0.00167465	0.0	2.46007	1.52619	1.77452	0.257967	
0	0.342941	0.026347100000000002	-0.9389870000000001	0.0	0.9247629999999999	0.166051	0.342405	0.0	0.164941	-0.985765	0.032580700000000004	0.0	-3.49456	-3.60472	-2.4138599999999997	0.33882399999999996	-0.36494899999999997	0.856008	-0.366146	0.0	0.14160799999999998	-0.33766	-0.9305549999999999	0.0	-0.9201950000000001	-0.391455	0.0020109999999999998	0.0	2.46196	1.52043	1.7686400000000002	0.258378	
0	0.356483	0.0436414	-0.933282	0.0	0.911848	0.201428	0.357715	0.0	0.203601	-0.9785309999999999	0.0320115	0.0	-3.51061	-3.59984	-2.404	0.348489	-0.363232	0.856766	-0.366081	0.0	0.140171	-0.338194	-0.930579	0.0	-0.9210940000000001	-0.38933	0.00274897	0.0	2.46342	1.51824	1.76475	0.258713	
0	0.36039699999999997	0.051907600000000005	-0.9313540000000001	0.0	0.9044139999999999	0.224989	0.362512	0.0	0.22836199999999998	-0.9729780000000001	0.0341394	0.0	-3.47678	-3.5966699999999996	-2.41479	0.349688	-0.363106	0.8569559999999999	-0.365761	0.0	0.13860799999999998	-0.338505	-0.9307	0.0	-0.9213809999999999	-0.38864	0.00413203	0.0	2.4630900000000002	1.52057	1.76643	0.259148	
0	0.362888	0.0681668	-0.929336	0.0	0.9027149999999999	0.22165100000000001	0.368751	0.0	0.231125	-0.9727399999999999	0.018899400000000004	0.0	-3.44069	-3.5949800000000005	-2.40638	0.343929	-0.363673	0.8562690000000001	-0.366804	0.0	0.139499	-0.339264	-0.93029	0.0	-0.9210219999999999	-0.38949	0.00393248	0.0	2.4601599999999997	1.52291	1.76302	0.259356	
0	0.36406700000000003	0.0721697	-0.928573	0.0	0.9013770000000001	0.223687	0.370789	0.0	0.234469	-0.971986	0.016384799999999998	0.0	-3.4425800000000004	-3.59515	-2.40393	0.343597	-0.363795	0.8557	-0.36801100000000003	0.0	0.14077699999999999	-0.340036	-0.929816	0.0	-0.9207799999999999	-0.390069	0.0032406999999999996	0.0	2.46088	1.52531	1.75763	0.259311	
0	0.366014	0.0845097	-0.9267639999999999	0.0	0.8993399999999999	0.223865	0.37559699999999996	0.0	0.23921199999999998	-0.970949	0.00593466	0.0	-3.44525	-3.5954300000000003	-2.39502	0.343118	-0.363061	0.857031	-0.36563	0.0	0.139659	-0.337919	-0.9307549999999999	0.0	-0.9212389999999999	-0.388984	0.00299287	0.0	2.46446	1.5217200000000002	1.7413900000000002	0.259362	
0	0.371705	0.09741430000000001	-0.923226	0.0	0.896016	0.22253299999999998	0.384231	0.0	0.242878	-0.970046	-0.00456804	0.0	-3.45062	-3.5947199999999997	-2.38555	0.341192	-0.362736	0.857318	-0.365277	0.0	0.139272	-0.33769899999999997	-0.930894	0.0	-0.921426	-0.388542	0.00309569	0.0	2.4659400000000002	1.51585	1.73459	0.25951799999999997	
0	0.430234	0.0983767	-0.8973409999999999	0.0	0.8724870000000001	0.20977800000000002	0.441316	0.0	0.23165700000000003	-0.9727870000000001	0.004421199999999999	0.0	-3.3426	-3.5861099999999997	-2.45013	0.238121	-0.36180500000000004	0.8567549999999999	-0.367517	0.0	0.139027	-0.34023000000000003	-0.930008	0.0	-0.9218290000000001	-0.38757600000000003	0.00398457	0.0	2.46292	1.54043	1.7267400000000002	0.260252	
0	0.457507	0.0982137	-0.8837659999999999	0.0	0.863109	0.189972	0.467925	0.0	0.21384699999999998	-0.976865	0.00214416	0.0	-3.21959	-3.5807	-2.48695	0.140765	-0.361773	0.855403	-0.370684	0.0	0.13984100000000002	-0.343325	-0.9287479999999999	0.0	-0.9217190000000001	-0.387833	0.00458491	0.0	2.46139	1.56761	1.72633	0.26014299999999996	
0	0.471369	0.0910543	-0.877223	0.0	0.856448	0.190141	0.479942	0.0	0.210497	-0.977525	0.0116431	0.0	-3.21424	-3.57209	-2.50683	0.140396	-0.362146	0.8553639999999999	-0.37041	0.0	0.14149	-0.342334	-0.9288639999999999	0.0	-0.92132	-0.388793	0.00294966	0.0	2.46297	1.5710899999999999	1.7102	0.260314	
0	0.475692	0.08764780000000001	-0.8752340000000001	0.0	0.853411	0.19505999999999998	0.483365	0.0	0.213089	-0.976867	0.0179888	0.0	-3.21239	-3.56866	-2.51458	0.140671	-0.362728	0.855353	-0.36986399999999997	0.0	0.139706	-0.342497	-0.929074	0.0	-0.921364	-0.38867399999999996	0.00473499	0.0	2.46348	1.57126	1.70921	0.26066500000000004	
0	0.464786	0.077208	-0.882051	0.0	0.859401	0.200401	0.470393	0.0	0.21308200000000002	-0.976667	0.026791000000000002	0.0	-3.2084099999999998	-3.56647	-2.5140000000000002	0.140622	-0.36391799999999996	0.854615	-0.370402	0.0	0.142348	-0.341968	-0.928867	0.0	-0.9204889999999999	-0.390758	0.00279534	0.0	2.46502	1.5719999999999998	1.7066299999999999	0.260191	
0	0.46205	0.07570110000000001	-0.883617	0.0	0.8625280000000001	0.193403	0.467591	0.0	0.206292	-0.978195	0.024067599999999998	0.0	-3.20608	-3.56615	-2.51437	0.140243	-0.363722	0.855533	-0.36846799999999996	0.0	0.141792	-0.340102	-0.929637	0.0	-0.920653	-0.390375	0.00239474	0.0	2.46616	1.57015	1.70128	0.260179	
0	0.468971	0.0853424	-0.87908	0.0	0.858093	0.191666	0.47638199999999997	0.0	0.20914499999999997	-0.977743	0.016654	0.0	-3.2052400000000003	-3.5711699999999995	-2.51431	0.140783	-0.362736	0.856928	-0.366192	0.0	0.14005499999999999	-0.338362	-0.930535	0.0	-0.921308	-0.388826	0.00271887	0.0	2.46423	1.56461	1.7090400000000001	0.259973	
0	0.46946400000000005	0.100922	-0.877165	0.0	0.856233	0.190504	0.48018	0.0	0.215565	-0.976485	0.00302193	0.0	-3.2082599999999997	-3.5800099999999997	-2.50653	0.140921	-0.361428	0.858492	-0.36381399999999997	0.0	0.139665	-0.335942	-0.93147	0.0	-0.921881	-0.387471	0.00151765	0.0	2.46525	1.5447600000000001	1.70862	0.259787	
0	0.46330200000000005	0.147974	-0.8737590000000001	0.0	0.85069	0.202046	0.48528699999999997	0.0	0.248349	-0.968133	-0.032272	0.0	-3.23644	-3.5702199999999995	-2.49339	0.140468	-0.36031599999999997	0.860691	-0.359698	0.0	0.13530699999999998	-0.33329899999999996	-0.9330620000000001	0.0	-0.9229649999999999	-0.384867	0.00363559	0.0	2.4468	1.51203	1.71357	0.259872	
0	0.46574899999999997	0.20812600000000003	-0.860094	0.0	0.8307559999999999	0.231977	0.505996	0.0	0.30483299999999997	-0.9501950000000001	-0.06485919999999999	0.0	-3.21085	-3.36697	-2.54299	0.140514	-0.361994	0.8592190000000001	-0.361529	0.0	0.134196	-0.335758	-0.93234	0.0	-0.9224709999999999	-0.386017	0.00623834	0.0	2.43553	1.48371	1.7102400000000002	0.259858	
0	0.462636	0.2553	-0.848994	0.0	0.813077	0.259527	0.5211060000000001	0.0	0.353375	-0.9313790000000001	-0.0875117	0.0	-3.2497700000000003	-3.21648	-2.52541	0.140476	-0.364259	0.8582850000000001	-0.36147399999999996	0.0	0.13781	-0.33419099999999996	-0.932376	0.0	-0.9210450000000001	-0.389441	0.00345159	0.0	2.4382900000000003	1.4782899999999999	1.7087299999999999	0.258842	
0	0.441934	0.312787	-0.840749	0.0	0.808163	0.267931	0.5244850000000001	0.0	0.389315	-0.91125	-0.134375	0.0	-3.2854099999999997	-2.9390400000000003	-2.47986	0.14043599999999998	-0.363693	0.856914	-0.365273	0.0	0.14110899999999998	-0.336921	-0.930899	0.0	-0.9207690000000001	-0.39010500000000004	0.00161755	0.0	2.45109	1.4666	1.6905299999999999	0.258471	
0	0.41808199999999995	0.38651399999999997	-0.8220790000000001	0.0	0.786259	0.29928499999999997	0.540579	0.0	0.454977	-0.872373	-0.178774	0.0	-3.1678	-2.26797	-2.3984099999999997	0.14061700000000002	-0.364261	0.8570120000000001	-0.364478	0.0	0.140312	-0.33639600000000003	-0.9312090000000001	0.0	-0.920667	-0.390343	0.00228661	0.0	2.46408	1.45271	1.67966	0.258571	
