0	0.593133	0.516197	-0.617846	0.0	0.686058	0.0775457	0.723403	0.0	0.42133000000000004	-0.852952	-0.30814600000000003	0.0	-2.7396700000000003	2.0	1.46191	0.0	0.101457	0.8366120000000001	-0.538319	0.0	-0.0941022	-0.530615	-0.8423729999999999	0.0	-0.9903790000000001	0.136122	0.0248923	0.0	2.75127	2.19579	1.4310100000000001	0.108477	
0	0.593133	0.516197	-0.617846	0.0	0.686058	0.0775457	0.723403	0.0	0.42133000000000004	-0.852952	-0.30814600000000003	0.0	-2.7396700000000003	2.0	1.46191	0.0	0.101457	0.8366120000000001	-0.538319	0.0	-0.0941022	-0.530615	-0.8423729999999999	0.0	-0.9903790000000001	0.136122	0.0248923	0.0	2.75127	2.19579	1.4310100000000001	0.108477	
0	0.593132	0.516197	-0.617847	0.0	0.685995	0.0776733	0.723449	0.0	0.421433	-0.8529399999999999	-0.30803800000000003	0.0	-2.73968	2.0	1.46191	0.0	0.15663	0.7297819999999999	-0.665496	0.0	-0.12073699999999998	-0.6546109999999999	-0.746262	0.0	-0.98025	0.197237	-0.0144201	0.0	2.7786	2.32835	1.35079	0.227528	
0	0.593133	0.516197	-0.617847	0.0	0.6859350000000001	0.077793	0.723492	0.0	0.421529	-0.85293	-0.307936	0.0	-2.7396700000000003	2.0	1.46191	0.0	0.146877	0.683951	-0.71459	0.0	-0.157799	-0.696972	-0.699522	0.0	-0.9764870000000001	0.21550500000000003	0.0055574	0.0	2.74935	2.33893	1.3656	0.117586	
0	0.593133	0.516197	-0.617846	0.0	0.685872	0.07792160000000001	0.723539	0.0	0.42163199999999995	-0.8529180000000001	-0.307827	0.0	-2.7396700000000003	2.0	1.46191	0.0	0.16253299999999998	0.622653	-0.765432	0.0	-0.240833	-0.727251	-0.642733	0.0	-0.9568610000000001	0.288806	0.0317534	0.0	2.78587	2.3605099999999997	1.34849	0.0	
0	0.593132	0.516197	-0.617846	0.0	0.685811	0.078044	0.723583	0.0	0.421731	-0.8529059999999999	-0.307723	0.0	-2.7396700000000003	2.0	1.46191	0.0	0.212831	0.6386729999999999	-0.739459	0.0	-0.24527600000000002	-0.697643	-0.6731520000000001	0.0	-0.9458030000000001	0.324639	0.00817103	0.0	2.82852	2.39688	1.33771	0.0	
0	0.593133	0.516197	-0.617846	0.0	0.685751	0.0781661	0.723627	0.0	0.421829	-0.8528950000000001	-0.30762	0.0	-2.73968	2.0	1.46191	0.0	0.277057	0.685858	-0.672933	0.0	-0.244333	-0.627039	-0.739678	0.0	-0.929269	0.36935300000000004	-0.00614814	0.0	2.8886	2.4252599999999997	1.3385200000000002	0.0	
0	0.593132	0.516197	-0.617847	0.0	0.685689	0.0782922	0.723672	0.0	0.42193	-0.852884	-0.30751300000000004	0.0	-2.73968	2.0	1.46191	0.0	0.27655599999999997	0.742092	-0.610586	0.0	-0.208362	-0.5739489999999999	-0.7919390000000001	0.0	-0.9381370000000001	0.34623899999999996	-0.00410548	0.0	2.9740599999999997	2.42505	1.32704	0.10916600000000001	
0	0.593132	0.516197	-0.617846	0.0	0.6856260000000001	0.07841870000000001	0.7237180000000001	0.0	0.42203199999999996	-0.852872	-0.307406	0.0	-2.7396700000000003	2.0	1.46191	0.0	0.222611	0.792994	-0.567103	0.0	-0.162393	-0.543411	-0.8236100000000001	0.0	-0.9612870000000001	0.275438	0.00780744	0.0	2.97388	2.40081	1.34647	0.00471211	
0	0.365743	0.7995939999999999	-0.476321	0.0	0.143317	0.457291	0.8776930000000001	0.0	0.919615	-0.389275	0.0526553	0.0	-2.80591	1.77545	1.33749	0.0	0.13810899999999998	0.7901	-0.597217	0.0	-0.140602	-0.581248	-0.801487	0.0	-0.9803860000000001	0.194662	0.0308137	0.0	3.0037599999999998	2.40719	1.44432	0.0	
0	0.240025	0.797283	-0.5538310000000001	0.0	0.08535160000000001	0.550967	0.830151	0.0	0.967007	-0.246527	0.0641965	0.0	-2.65732	1.61618	1.20567	0.0	0.122504	0.802513	-0.583922	0.0	-0.126315	-0.5709609999999999	-0.8112010000000001	0.0	-0.984397	0.17313399999999998	0.0314246	0.0	2.9815	2.40164	1.44428	0.0	
0	0.20416600000000001	0.803329	-0.559445	0.0	0.0510918	0.561959	0.825586	0.0	0.9776020000000001	-0.19714	0.07368939999999999	0.0	-2.60586	1.59663	1.15296	0.0	0.0911452	0.839044	-0.536375	0.0	-0.0715885	-0.5317029999999999	-0.8439	0.0	-0.9932610000000001	0.115316	0.0116036	0.0	3.02252	2.39169	1.4219	0.0258998	
0	0.192904	0.824255	-0.532345	0.0	0.0513048	0.53332	0.844356	0.0	0.979876	-0.190192	0.0605915	0.0	-2.64709	1.63478	1.11094	0.0	0.00791407	0.910217	-0.41405600000000004	0.0	0.047939800000000005	-0.41393900000000006	-0.909042	0.0	-0.998819	-0.0126555	-0.0469116	0.0	3.01701	2.3771	1.36276	0.341992	
0	0.159279	0.858157	-0.488055	0.0	0.0227195	0.49104899999999996	0.870836	0.0	0.986972	-0.149794	0.058717	0.0	-2.68695	1.6198299999999999	1.00934	0.0	-0.0494105	0.935135	-0.350829	0.0	0.108216	-0.34417800000000004	-0.9326479999999999	0.0	-0.992899	-0.08404760000000001	-0.0841904	0.0	2.92898	2.30586	1.23796	0.343773	
0	0.11657200000000001	0.891009	-0.43876400000000004	0.0	-0.0322461	0.444938	0.8949809999999999	0.0	0.9926590000000001	-0.09018129999999999	0.08059880000000001	0.0	-2.76865	1.58036	0.881785	0.029544400000000002	-0.0934842	0.9468530000000001	-0.307784	0.0	0.15456199999999998	-0.291589	-0.943974	0.0	-0.9835510000000001	-0.135818	-0.11908900000000001	0.0	2.9484	2.2513	1.08924	0.33269099999999996	
0	0.07835210000000001	0.892156	-0.44488	0.0	-0.0696451	0.45006	0.890278	0.0	0.99449	-0.0387715	0.0973974	0.0	-2.82172	1.54044	0.781503	0.0356651	-0.171026	0.9492809999999999	-0.263847	0.0	0.190625	-0.230852	-0.954133	0.0	-0.96665	-0.21347800000000003	-0.141475	0.0	2.95096	2.21217	0.999818	0.330416	
0	-0.0257223	0.9121379999999999	-0.409076	0.0	-0.139938	0.401897	0.9049290000000001	0.0	0.989826	0.0805223	0.11730499999999999	0.0	-2.81106	1.4552399999999999	0.6358010000000001	0.0983471	-0.22698400000000002	0.945124	-0.234988	0.0	0.208441	-0.18855	-0.9596879999999999	0.0	-0.9513309999999999	-0.266815	-0.154205	0.0	2.92955	2.14577	0.8770870000000001	0.32151	
0	-0.048744300000000004	0.906544	-0.419288	0.0	-0.157115	0.407602	0.899542	0.0	0.9863770000000001	0.109724	0.122563	0.0	-2.78207	1.37489	0.5235890000000001	0.180105	-0.286876	0.926823	-0.24228200000000003	0.0	0.21275300000000003	-0.18495599999999998	-0.959441	0.0	-0.9340440000000001	-0.326787	-0.144125	0.0	2.87208	2.03635	0.804344	0.313392	
0	-0.0419709	0.90714	-0.41873	0.0	-0.161582	0.40742	0.898833	0.0	0.985966	0.10538399999999999	0.129478	0.0	-2.7896400000000003	1.3488	0.460992	0.215608	-0.33371300000000004	0.915642	-0.224131	0.0	0.20876199999999998	-0.160073	-0.964777	0.0	-0.919268	-0.368749	-0.137733	0.0	2.80626	1.96862	0.741242	0.310159	
0	-0.05294209999999999	0.905777	-0.420436	0.0	-0.174255	0.40618699999999996	0.897022	0.0	0.983276	0.120753	0.13633199999999998	0.0	-2.79779	1.34677	0.40031	0.23292800000000002	-0.38893	0.899114	-0.200817	0.0	0.22116	-0.12048299999999999	-0.967767	0.0	-0.894328	-0.420806	-0.151988	0.0	2.7774099999999997	1.91645	0.686008	0.31012399999999996	
0	-0.0391023	0.904225	-0.425262	0.0	-0.164365	0.41397	0.895329	0.0	0.985624	0.10490799999999999	0.132436	0.0	-2.85629	1.37983	0.23263899999999998	0.08425650000000001	-0.512786	0.845302	-0.150049	0.0	0.25336	-0.017991800000000002	-0.967205	0.0	-0.8202799999999999	-0.533985	-0.20494	0.0	2.8069599999999997	1.73449	0.429825	0.293112	
0	0.10751300000000001	0.8864200000000001	-0.450222	0.0	-0.0220884	0.45486499999999996	0.890287	0.0	0.993958	-0.0857729	0.0684836	0.0	-2.8852	1.5674	0.374762	0.0	-0.509591	0.8473719999999999	-0.14926199999999998	0.0	0.24602	-0.022735400000000003	-0.9689979999999999	0.0	-0.8244950000000001	-0.530514	-0.196885	0.0	2.82286	1.69967	0.269313	0.214788	
0	0.19905599999999998	0.898193	-0.391953	0.0	-0.0337332	0.405999	0.913251	0.0	0.9794069999999999	-0.168567	0.111116	0.0	-2.8187	1.7063599999999999	0.5443180000000001	0.17338800000000001	-0.397828	0.893661	-0.207614	0.0	0.262689	-0.105866	-0.9590549999999999	0.0	-0.879049	-0.43607700000000005	-0.192639	0.0	2.82245	1.7768	0.278823	0.308776	
0	0.22569899999999998	0.9472139999999999	-0.22769699999999998	0.0	-0.08047889999999999	0.251058	0.964621	0.0	0.970867	-0.199389	0.132894	0.0	-2.83343	1.7599099999999999	0.5775399999999999	0.163012	-0.342175	0.928218	-0.146037	0.0	0.210015	-0.07593810000000001	-0.9747450000000001	0.0	-0.915866	-0.364203	-0.168956	0.0	2.7884599999999997	1.8379299999999998	0.34864	0.26312199999999997	
0	0.090334	0.9926459999999999	-0.0805795	0.0	-0.145348	0.0931844	0.9849829999999999	0.0	0.9852479999999999	-0.0772654	0.152697	0.0	-2.88283	1.7449599999999998	0.47827600000000003	-0.00839758	-0.370193	0.9238639999999999	-0.0971202	0.0	0.190092	-0.026998200000000003	-0.981395	0.0	-0.9092979999999999	-0.381767	-0.165625	0.0	2.76914	1.8582299999999998	0.412271	0.252459	
0	-0.00472313	0.995094	-0.0988203	0.0	-0.180528	0.0963493	0.9788389999999999	0.0	0.983558	0.022463099999999996	0.17918800000000001	0.0	-2.9032	1.7067700000000001	0.40494600000000003	0.0	-0.375659	0.9219370000000001	-0.0944115	0.0	0.19606800000000002	-0.020505000000000002	-0.980376	0.0	-0.9057799999999999	-0.386798	-0.173059	0.0	2.77631	1.87533	0.42432299999999995	0.250298	
0	-0.131497	0.9847799999999999	-0.11365	0.0	-0.207339	0.08478739999999999	0.9745879999999999	0.0	0.969391	0.151719	0.19303399999999998	0.0	-2.89987	1.63552	0.245754	0.0	-0.387882	0.9171090000000001	-0.0919697	0.0	0.202208	-0.0126805	-0.979261	0.0	-0.8992549999999999	-0.398435	-0.180529	0.0	2.7688099999999998	1.8967	0.409489	0.308546	
0	-0.195857	0.960889	-0.195786	0.0	-0.26827	0.139535	0.9531850000000001	0.0	0.943224	0.23921199999999998	0.230449	0.0	-2.93328	1.5573	0.06497090000000001	-3.21865e-05	-0.41615100000000005	0.9039959999999999	-0.09802910000000001	0.0	0.22762600000000002	-0.000806391	-0.973748	0.0	-0.880344	-0.42754	-0.20543699999999998	0.0	2.7864299999999997	1.8895	0.312722	0.333942	
0	-0.145501	0.956159	-0.25414499999999995	0.0	-0.285096	0.205461	0.936219	0.0	0.947391	0.208677	0.242702	0.0	-2.9700599999999997	1.46391	-0.133162	0.225347	-0.444917	0.8887360000000001	-0.110443	0.0	0.24545300000000003	0.00241029	-0.969406	0.0	-0.8612790000000001	-0.458413	-0.21921500000000002	0.0	2.7901599999999998	1.86536	0.210521	0.346602	
0	-0.164792	0.9417399999999999	-0.293206	0.0	-0.32766300000000004	0.228118	0.916842	0.0	0.930312	0.24716100000000002	0.270982	0.0	-2.87678	1.3622100000000001	-0.291898	0.292058	-0.49370699999999995	0.862083	-0.11430699999999999	0.0	0.249464	0.0144774	-0.968276	0.0	-0.8330799999999999	-0.50656	-0.222206	0.0	2.77785	1.78808	0.143025	0.358157	
0	-0.252641	0.8979950000000001	-0.360248	0.0	-0.29578899999999997	0.28281999999999996	0.9124260000000001	0.0	0.9212389999999999	0.337073	0.194165	0.0	-2.81665	1.0890799999999998	-0.5363979999999999	0.273489	-0.544342	0.829908	-0.122244	0.0	0.258499	0.0273159	-0.965626	0.0	-0.798041	-0.557231	-0.2294	0.0	2.77533	1.66788	0.06529750000000001	0.35931599999999997	
0	-0.338539	0.8311799999999999	-0.441057	0.0	-0.22588200000000003	0.38324	0.895603	0.0	0.913438	0.402823	0.0580068	0.0	-2.7839400000000003	0.723173	-0.739842	0.21778699999999998	-0.563868	0.814375	-0.137283	0.0	0.26299	0.019484400000000002	-0.9646020000000001	0.0	-0.7828729999999999	-0.580012	-0.22515900000000003	0.0	2.7815	1.5606200000000001	-0.00496997	0.359327	
0	-0.435029	0.75147	-0.49602700000000005	0.0	-0.190724	0.46148199999999995	0.8664059999999999	0.0	0.879986	0.47151499999999996	-0.057434900000000004	0.0	-2.72241	0.225475	-0.975434	0.21353899999999998	-0.576222	0.80177	-0.15853399999999998	0.0	0.26751199999999997	0.0017335999999999999	-0.9635530000000001	0.0	-0.772273	-0.59763	-0.215482	0.0	2.7746299999999997	1.46603	-0.0724878	0.358849	
0	-0.5151	0.612703	-0.59939	0.0	-0.17352	0.6102770000000001	0.772951	0.0	0.839383	0.502153	-0.208038	0.0	-2.70865	-0.262031	-1.22442	0.201922	-0.57826	0.799573	-0.162166	0.0	0.255718	-0.011121700000000002	-0.9666879999999999	0.0	-0.774741	-0.6004649999999999	-0.198034	0.0	2.75169	1.41585	-0.10636099999999998	0.358928	
0	-0.571231	0.47636999999999996	-0.6684060000000001	0.0	-0.199916	0.709071	0.676204	0.0	0.796071	0.519894	-0.30981	0.0	-2.7372900000000002	-0.6601819999999999	-1.35799	0.189083	-0.584144	0.793899	-0.16882	0.0	0.24374099999999999	-0.0268118	-0.96947	0.0	-0.774187	-0.6074579999999999	-0.177844	0.0	2.67429	1.40222	-0.06848510000000001	0.35886	
0	-0.578272	0.437551	-0.6885859999999999	0.0	-0.213315	0.7335659999999999	0.645273	0.0	0.787464	0.520029	-0.330865	0.0	-2.78792	-0.9351430000000001	-1.49916	0.174532	-0.59207	0.7871819999999999	-0.172621	0.0	0.23040700000000003	-0.039912300000000005	-0.972276	0.0	-0.772247	-0.615428	-0.15774200000000002	0.0	2.5986700000000003	1.3852799999999998	-0.0332038	0.358763	
0	-0.597172	0.365981	-0.713754	0.0	-0.239925	0.7676	0.594328	0.0	0.76539	0.526163	-0.370581	0.0	-2.8469599999999997	-1.08669	-1.6169799999999999	0.166262	-0.598459	0.782543	-0.171679	0.0	0.222187	-0.0437666	-0.9740209999999999	0.0	-0.769727	-0.621057	-0.147678	0.0	2.5379099999999997	1.3751200000000001	-0.0104287	0.359038	
0	-0.613291	0.29933899999999997	-0.730938	0.0	-0.265432	0.793481	0.547662	0.0	0.743922	0.52989	-0.407181	0.0	-2.9161900000000003	-1.2517	-1.72585	0.159478	-0.61038	0.772471	-0.175286	0.0	0.21613000000000002	-0.0504784	-0.975059	0.0	-0.762053	-0.633041	-0.13614400000000002	0.0	2.48769	1.33361	-0.00972526	0.358824	
0	-0.63549	0.242626	-0.7329979999999999	0.0	-0.285583	0.808157	0.515097	0.0	0.717353	0.536671	-0.44428500000000004	0.0	-2.9633599999999998	-1.3401	-1.76489	0.153746	-0.6155579999999999	0.767791	-0.177724	0.0	0.214121	-0.0540922	-0.975308	0.0	-0.758446	-0.638413	-0.131103	0.0	2.4723900000000003	1.31141	-0.016891	0.358757	
0	-0.635332	0.242781	-0.733083	0.0	-0.285616	0.808106	0.515159	0.0	0.717479	0.5366770000000001	-0.44407399999999997	0.0	-2.96219	-1.33823	-1.76423	0.153782	-0.615498	0.767843	-0.177707	0.0	0.214139	-0.0540693	-0.9753059999999999	0.0	-0.75849	-0.638353	-0.131145	0.0	2.47267	1.3118	-0.016744099999999998	0.358756	
0	-0.635333	0.242783	-0.733082	0.0	-0.285615	0.8081050000000001	0.5151600000000001	0.0	0.717479	0.536678	-0.44407399999999997	0.0	-2.96218	-1.33822	-1.7642400000000003	0.153782	-0.615498	0.767843	-0.177707	0.0	0.214139	-0.0540692	-0.9753059999999999	0.0	-0.75849	-0.638353	-0.131145	0.0	2.47267	1.3118	-0.016743599999999997	0.358755	
0	-0.6352270000000001	0.24280300000000002	-0.733167	0.0	-0.287064	0.8070609999999999	0.515991	0.0	0.7169949999999999	0.538237	-0.442967	0.0	-2.96234	-1.33776	-1.76478	0.153567	-0.615498	0.767843	-0.177707	0.0	0.214139	-0.0540692	-0.9753059999999999	0.0	-0.75849	-0.638353	-0.131145	0.0	2.47267	1.3118	-0.016744099999999998	0.358755	
0	-0.6352270000000001	0.24280300000000002	-0.733167	0.0	-0.287064	0.8070609999999999	0.515991	0.0	0.7169949999999999	0.538237	-0.442967	0.0	-2.96234	-1.33776	-1.76478	0.153567	-0.615498	0.767843	-0.177707	0.0	0.21413800000000002	-0.0540692	-0.9753059999999999	0.0	-0.75849	-0.638353	-0.131145	0.0	2.47267	1.3118	-0.016744	0.358755	
0	-0.635333	0.242783	-0.733082	0.0	-0.285615	0.8081050000000001	0.5151600000000001	0.0	0.717479	0.5366770000000001	-0.44407399999999997	0.0	-2.96218	-1.33822	-1.7642400000000003	0.153782	-0.615498	0.767843	-0.177707	0.0	0.21413800000000002	-0.0540692	-0.9753059999999999	0.0	-0.75849	-0.638353	-0.131145	0.0	2.47267	1.3118	-0.0167435	0.358755	
0	-0.635333	0.242783	-0.733082	0.0	-0.285615	0.808106	0.5151600000000001	0.0	0.717479	0.5366770000000001	-0.44407399999999997	0.0	-2.96218	-1.33822	-1.76423	0.153782	-0.615498	0.767843	-0.177707	0.0	0.214139	-0.0540692	-0.9753059999999999	0.0	-0.75849	-0.638353	-0.131145	0.0	2.47267	1.3118	-0.016744	0.358755	
0	-0.635333	0.242783	-0.733082	0.0	-0.285615	0.8081050000000001	0.5151600000000001	0.0	0.717479	0.5366770000000001	-0.44407399999999997	0.0	-2.96218	-1.33822	-1.7642400000000003	0.153782	-0.615498	0.767843	-0.177707	0.0	0.214139	-0.0540692	-0.9753059999999999	0.0	-0.75849	-0.638353	-0.131145	0.0	2.47267	1.3118	-0.016744099999999998	0.358755	
0	-0.6352270000000001	0.24280300000000002	-0.733167	0.0	-0.287064	0.8070609999999999	0.515991	0.0	0.7169949999999999	0.538237	-0.442967	0.0	-2.96234	-1.33776	-1.76478	0.153567	-0.615498	0.767843	-0.177707	0.0	0.21413800000000002	-0.0540692	-0.9753059999999999	0.0	-0.75849	-0.638353	-0.131145	0.0	2.47267	1.3118	-0.0167442	0.358755	
0	-0.635333	0.242783	-0.733082	0.0	-0.285615	0.8081050000000001	0.5151600000000001	0.0	0.717479	0.5366770000000001	-0.44407399999999997	0.0	-2.96218	-1.33822	-1.7642400000000003	0.153782	-0.615498	0.767843	-0.177707	0.0	0.21413800000000002	-0.0540692	-0.9753059999999999	0.0	-0.75849	-0.638353	-0.131145	0.0	2.47267	1.3118	-0.016744099999999998	0.358755	
0	-0.6352270000000001	0.24280300000000002	-0.733167	0.0	-0.287064	0.8070609999999999	0.515991	0.0	0.7169949999999999	0.538237	-0.442967	0.0	-2.96234	-1.33776	-1.76478	0.153567	-0.615498	0.767843	-0.177707	0.0	0.214139	-0.0540692	-0.9753059999999999	0.0	-0.75849	-0.638353	-0.131145	0.0	2.47267	1.3118	-0.0167442	0.358755	
0	-0.6352260000000001	0.24280300000000002	-0.733167	0.0	-0.287064	0.8070609999999999	0.515991	0.0	0.7169949999999999	0.538237	-0.44296599999999997	0.0	-2.96234	-1.33776	-1.76478	0.153567	-0.615498	0.767843	-0.177707	0.0	0.21413800000000002	-0.0540692	-0.9753059999999999	0.0	-0.75849	-0.638353	-0.131145	0.0	2.47267	1.3118	-0.016743900000000003	0.358756	
0	-0.635333	0.242783	-0.733082	0.0	-0.285615	0.8081050000000001	0.5151600000000001	0.0	0.717479	0.5366770000000001	-0.44407399999999997	0.0	-2.96218	-1.33822	-1.76423	0.153782	-0.615498	0.767843	-0.177707	0.0	0.214139	-0.0540692	-0.9753059999999999	0.0	-0.75849	-0.638353	-0.131145	0.0	2.47267	1.3118	-0.0167438	0.358755	
0	-0.6352260000000001	0.24280300000000002	-0.733167	0.0	-0.287064	0.8070609999999999	0.515991	0.0	0.7169949999999999	0.538237	-0.44296599999999997	0.0	-2.96234	-1.33776	-1.76478	0.153567	-0.615498	0.767843	-0.177707	0.0	0.214139	-0.0540692	-0.9753059999999999	0.0	-0.75849	-0.638353	-0.131145	0.0	2.47267	1.3118	-0.0167437	0.358755	
0	-0.6352260000000001	0.242804	-0.733167	0.0	-0.287064	0.8070609999999999	0.515992	0.0	0.7169949999999999	0.538237	-0.44296599999999997	0.0	-2.96234	-1.33776	-1.76478	0.153567	-0.615498	0.767843	-0.177707	0.0	0.214139	-0.0540692	-0.9753059999999999	0.0	-0.75849	-0.638353	-0.131145	0.0	2.47267	1.3118	-0.016744	0.358755	
0	-0.635333	0.24278200000000003	-0.733082	0.0	-0.285615	0.8081050000000001	0.5151600000000001	0.0	0.717479	0.5366770000000001	-0.44407399999999997	0.0	-2.96218	-1.33822	-1.7642400000000003	0.153782	-0.615498	0.767843	-0.177707	0.0	0.214139	-0.0540692	-0.9753059999999999	0.0	-0.75849	-0.638353	-0.131145	0.0	2.47267	1.3118	-0.016743900000000003	0.358755	
0	-0.635333	0.24278200000000003	-0.733082	0.0	-0.285615	0.8081050000000001	0.5151600000000001	0.0	0.717479	0.5366770000000001	-0.44407399999999997	0.0	-2.96218	-1.33822	-1.76423	0.153782	-0.615498	0.767843	-0.177707	0.0	0.21413800000000002	-0.0540692	-0.9753059999999999	0.0	-0.75849	-0.638353	-0.131145	0.0	2.47267	1.3118	-0.0167442	0.358755	
0	-0.145292	0.650508	-0.7454729999999999	0.0	-0.201283	0.718277	0.666006	0.0	0.968698	0.24681599999999998	0.026576699999999998	0.0	-2.84364	-1.35364	-1.75692	0.309183	-0.614319	0.766371	-0.187851	0.0	0.20910900000000002	-0.07143719999999999	-0.9752790000000001	0.0	-0.760845	-0.638414	-0.11637	0.0	2.42389	1.28209	0.0665528	0.355249	
0	-0.206621	0.673463	-0.709757	0.0	-0.23665300000000003	0.6694720000000001	0.704132	0.0	0.94937	0.31345500000000004	0.0210498	0.0	-2.88174	-1.35548	-1.8398400000000001	0.27503099999999997	-0.623312	0.759205	-0.187325	0.0	0.209722	-0.06847589999999999	-0.97536	0.0	-0.753325	-0.6472399999999999	-0.11654	0.0	2.4325	1.2372	0.0641463	0.355331	
0	-0.255984	0.673431	-0.693515	0.0	-0.24096700000000001	0.65032	0.72043	0.0	0.9361659999999999	0.351533	-0.00419682	0.0	-2.98137	-1.47719	-2.13682	0.217022	-0.628279	0.754822	-0.18844	0.0	0.21142399999999997	-0.067444	-0.975065	0.0	-0.7487090000000001	-0.652453	-0.11721400000000001	0.0	2.45758	1.20927	0.07283830000000001	0.355153	
0	-0.26659299999999997	0.662695	-0.699832	0.0	-0.242049	0.656805	0.7141569999999999	0.0	0.9329209999999999	0.359783	-0.0146953	0.0	-3.1091599999999997	-1.62516	-2.50962	0.193333	-0.6305529999999999	0.75245	-0.190321	0.0	0.211533	-0.06932410000000001	-0.974909	0.0	-0.746764	-0.654991	-0.11545599999999999	0.0	2.4717599999999997	1.17499	0.07726330000000001	0.355109	
0	-0.299452	0.641688	-0.706091	0.0	-0.223748	0.672185	0.705765	0.0	0.9275049999999999	0.369329	-0.0577112	0.0	-3.12765	-1.76909	-2.8346	0.185563	-0.6295189999999999	0.75333	-0.190262	0.0	0.2089	-0.0717567	-0.975301	0.0	-0.748376	-0.653717	-0.112198	0.0	2.47525	1.15547	0.0708309	0.355195	
0	-0.356053	0.627581	-0.692365	0.0	-0.209209	0.668578	0.713607	0.0	0.9107459999999999	0.398931	-0.106753	0.0	-3.12051	-2.04597	-3.16918	0.17341199999999998	-0.632588	0.750273	-0.192152	0.0	0.20829099999999998	-0.0741515	-0.975252	0.0	-0.745954	-0.6569560000000001	-0.109368	0.0	2.4712400000000003	1.1332200000000001	0.0652587	0.355066	
0	-0.461951	0.541924	-0.702083	0.0	-0.200071	0.707531	0.67777	0.0	0.8640450000000001	0.45356199999999997	-0.21842199999999998	0.0	-3.08775	-2.42215	-3.53637	0.156615	-0.634898	0.748256	-0.1924	0.0	0.209497	-0.0729658	-0.975083	0.0	-0.74365	-0.659385	-0.110431	0.0	2.47376	1.12523	0.0609965	0.355038	
0	-0.563179	0.45514499999999997	-0.6896909999999999	0.0	-0.19758699999999998	0.736254	0.647216	0.0	0.802365	0.500772	-0.324712	0.0	-3.1228700000000003	-2.7981700000000003	-3.80747	0.134804	-0.6369100000000001	0.7469520000000001	-0.19080999999999998	0.0	0.20896599999999999	-0.07097260000000001	-0.9753440000000001	0.0	-0.7420770000000001	-0.661079	-0.110884	0.0	2.48509	1.11822	0.0538313	0.354932	
0	-0.636182	0.283219	-0.717677	0.0	-0.270094	0.7895760000000001	0.551017	0.0	0.7227180000000001	0.544387	-0.42581800000000003	0.0	-3.1938	-3.2967800000000005	-4.10554	0.125193	-0.640592	0.74361	-0.19153699999999999	0.0	0.207979	-0.0720937	-0.9754729999999999	0.0	-0.7391800000000001	-0.664716	-0.108473	0.0	2.49188	1.10762	0.0561644	0.354957	
0	-0.636583	0.14686300000000002	-0.757095	0.0	-0.359767	0.8117840000000001	0.45997200000000005	0.0	0.6821510000000001	0.565188	-0.46393199999999996	0.0	-3.27241	-3.62284	-4.32941	0.12001700000000001	-0.642295	0.741749	-0.193045	0.0	0.207447	-0.0742283	-0.975426	0.0	-0.73785	-0.666558	-0.106197	0.0	2.49392	1.0965200000000002	0.0538607	0.35525	
0	-0.588888	0.0522452	-0.806524	0.0	-0.449271	0.808362	0.380402	0.0	0.671838	0.5863619999999999	-0.452563	0.0	-3.2784	-3.7583900000000003	-4.436030000000001	0.11448399999999999	-0.643302	0.740804	-0.19332	0.0	0.207827	-0.0740554	-0.975358	0.0	-0.736866	-0.6676270000000001	-0.10631900000000001	0.0	2.4957	1.09134	0.050200800000000004	0.35491999999999996	
0	-0.549079	0.0119091	-0.835686	0.0	-0.49173999999999995	0.803908	0.334549	0.0	0.6757989999999999	0.594634	-0.43555299999999997	0.0	-3.39256	-3.8227800000000003	-4.527769999999999	0.116164	-0.6447689999999999	0.73958	-0.193119	0.0	0.20829299999999998	-0.073087	-0.975332	0.0	-0.73545	-0.669089	-0.106925	0.0	2.49728	1.0927	0.0508	0.354863	
0	-0.49422299999999997	-0.022315900000000003	-0.869049	0.0	-0.533853	0.796764	0.283139	0.0	0.686109	0.603878	-0.40569299999999997	0.0	-3.4472	-3.84884	-4.5509699999999995	0.12157799999999999	-0.645215	0.739108	-0.193435	0.0	0.20860700000000001	-0.07313330000000001	-0.975261	0.0	-0.73497	-0.669605	-0.10699700000000001	0.0	2.5007599999999996	1.09303	0.052663	0.354686	
0	-0.409426	-0.0539987	-0.910744	0.0	-0.5668479999999999	0.797247	0.207558	0.0	0.7148800000000001	0.601233	-0.357023	0.0	-3.59007	-3.9213400000000003	-4.5487	0.14463399999999998	-0.646646	0.738137	-0.19236099999999998	0.0	0.208269	-0.0717475	-0.9754370000000001	0.0	-0.733807	-0.670825	-0.10733599999999999	0.0	2.51472	1.08808	0.050146300000000005	0.354231	
0	-0.419788	-0.055905399999999994	-0.905899	0.0	-0.548652	0.810728	0.20421	0.0	0.723021	0.5827479999999999	-0.37100700000000003	0.0	-3.61995	-3.9594300000000002	-4.42809	0.152813	-0.6464449999999999	0.7381409999999999	-0.19302	0.0	0.20806100000000002	-0.07284739999999999	-0.975399	0.0	-0.734043	-0.670702	-0.10648599999999998	0.0	2.51608	1.08461	0.0535969	0.353636	
0	-0.556825	-0.0008048860000000001	-0.83063	0.0	-0.469975	0.824843	0.314256	0.0	0.684887	0.565361	-0.459672	0.0	-3.64331	-3.9922800000000005	-4.33416	0.144553	-0.6474439999999999	0.737003	-0.194018	0.0	0.20767	-0.074335	-0.9753709999999999	0.0	-0.733273	-0.6717890000000001	-0.104926	0.0	2.51448	1.0807799999999999	0.05246030000000001	0.353426	
0	-0.698756	0.0427897	-0.714079	0.0	-0.383581	0.8201639999999999	0.424496	0.0	0.603826	0.570526	-0.5566810000000001	0.0	-3.72165	-4.09719	-4.267440000000001	0.129529	-0.6463300000000001	0.73805	-0.193753	0.0	0.205499	-0.0761768	-0.9756879999999999	0.0	-0.734866	-0.6704319999999999	-0.102433	0.0	2.5095099999999997	1.07598	0.05449	0.35296500000000003	
0	-0.759646	0.0620798	-0.647367	0.0	-0.333986	0.816896	0.470249	0.0	0.558025	0.573434	-0.5998180000000001	0.0	-3.78061	-4.1651	-4.2217400000000005	0.128676	-0.6472479999999999	0.737348	-0.193359	0.0	0.204996	-0.0759457	-0.9758120000000001	0.0	-0.7341979999999999	-0.67123	-0.101998	0.0	2.50176	1.0692	0.0549735	0.352673	
0	-0.817893	0.0390103	-0.5740460000000001	0.0	-0.307689	0.813401	0.493667	0.0	0.486188	0.580394	-0.6532720000000001	0.0	-3.86675	-4.22179	-4.17167	0.1287	-0.650552	0.7343930000000001	-0.193522	0.0	0.204402	-0.07610239999999999	-0.975924	0.0	-0.7314390000000001	-0.674445	-0.100603	0.0	2.49791	1.05308	0.0679975	0.35222600000000004	
0	-0.84577	-0.0372925	-0.532243	0.0	-0.339677	0.806912	0.483232	0.0	0.41145200000000004	0.589494	-0.695129	0.0	-3.9780599999999997	-4.25454	-4.1096900000000005	0.115132	-0.652683	0.732351	-0.194083	0.0	0.204762	-0.07612580000000001	-0.9758469999999999	0.0	-0.729437	-0.676659	-0.100272	0.0	2.50608	1.03214	0.062227199999999996	0.35173899999999997	
0	-0.853749	-0.13389700000000002	-0.503174	0.0	-0.39353699999999997	0.798709	0.45518500000000006	0.0	0.340942	0.586631	-0.73459	0.0	-4.0607	-4.2301	-3.98717	0.10307000000000001	-0.6519	0.732753	-0.195193	0.0	0.20483099999999999	-0.0776837	-0.9757100000000001	0.0	-0.730117	-0.6760470000000001	-0.09944839999999999	0.0	2.5121700000000002	1.0143799999999998	0.0571696	0.350952	
0	-0.8387530000000001	-0.23400300000000002	-0.491667	0.0	-0.468584	0.7701100000000001	0.43285100000000004	0.0	0.27734899999999996	0.593442	-0.755582	0.0	-4.17044	-4.208130000000001	-3.83375	0.109083	-0.652185	0.7320439999999999	-0.19689	0.0	0.20360599999999998	-0.0810281	-0.9756940000000001	0.0	-0.730205	-0.676421	-0.0962035	0.0	2.50758	1.00529	0.0774865	0.35075300000000004	
0	-0.7827	-0.329741	-0.527875	0.0	-0.5724229999999999	0.7143579999999999	0.402523	0.0	0.24436300000000002	0.617222	-0.747879	0.0	-4.22162	-4.13897	-3.7137800000000003	0.159961	-0.651979	0.732202	-0.196987	0.0	0.202956	-0.08179550000000001	-0.975766	0.0	-0.7305699999999999	-0.676158	-0.09527580000000001	0.0	2.49855	1.00196	0.09021269999999999	0.350407	
0	-0.48423299999999997	-0.40817600000000004	-0.773893	0.0	-0.772092	0.615425	0.15851099999999999	0.0	0.41157299999999997	0.674273	-0.613159	0.0	-4.0823599999999995	-4.01047	-3.5768699999999995	0.214998	-0.65328	0.730685	-0.198305	0.0	0.20289400000000002	-0.08338530000000001	-0.9756440000000001	0.0	-0.729424	-0.677604	-0.09377739999999998	0.0	2.4868099999999997	0.996715	0.106851	0.35023000000000004	
0	-0.363526	-0.402934	-0.839936	0.0	-0.758736	0.6512020000000001	0.015988	0.0	0.5405260000000001	0.6431020000000001	-0.542449	0.0	-3.75708	-3.8402	-3.5080699999999996	0.248423	-0.654822	0.729122	-0.198972	0.0	0.203155	-0.0837691	-0.975557	0.0	-0.7279680000000001	-0.679238	-0.093271	0.0	2.489	0.995353	0.109352	0.349718	
0	-0.33088	-0.446003	-0.831625	0.0	-0.7607689999999999	0.647491	-0.0445629	0.0	0.558345	0.61793	-0.553547	0.0	-3.65498	-3.67495	-3.3622699999999996	0.276003	-0.656608	0.7276729999999999	-0.198391	0.0	0.204468	-0.0814525	-0.9754790000000001	0.0	-0.725988	-0.681072	-0.09530319999999999	0.0	2.50368	0.9970389999999999	0.10520399999999999	0.349535	
0	-0.316581	-0.45698900000000003	-0.831227	0.0	-0.704704	0.69989	-0.11639000000000001	0.0	0.6349560000000001	0.548922	-0.543613	0.0	-3.60811	-3.6045199999999995	-3.1735599999999997	0.294957	-0.656325	0.7276020000000001	-0.199581	0.0	0.205477	-0.0821518	-0.975208	0.0	-0.725959	-0.681063	-0.09558710000000001	0.0	2.5150099999999997	0.9933930000000001	0.098699	0.349051	
0	-0.287634	-0.497821	-0.818194	0.0	-0.633177	0.739807	-0.227535	0.0	0.7185779999999999	0.452615	-0.5280020000000001	0.0	-3.54504	-3.56293	-2.98719	0.31596599999999997	-0.655309	0.728422	-0.199931	0.0	0.20439100000000002	-0.08381389999999998	-0.975295	0.0	-0.727183	-0.679983	-0.09395919999999999	0.0	2.51842	0.9898950000000001	0.0960863	0.349181	
0	-0.266032	-0.532365	-0.8036260000000001	0.0	-0.567721	0.7602760000000001	-0.315711	0.0	0.779051	0.372246	-0.504492	0.0	-3.4858300000000004	-3.50409	-2.83645	0.32814499999999996	-0.655571	0.7283689999999999	-0.199261	0.0	0.20333099999999998	-0.08386260000000001	-0.975512	0.0	-0.7272430000000001	-0.680034	-0.0931223	0.0	2.51344	0.98814	0.10054600000000001	0.349102	
0	-0.221246	-0.618142	-0.754288	0.0	-0.5824020000000001	0.7041310000000001	-0.40621	0.0	0.7822140000000001	0.349427	-0.515794	0.0	-3.4647900000000003	-3.41037	-2.6911099999999997	0.34016199999999996	-0.657031	0.726857	-0.199973	0.0	0.20355	-0.0843635	-0.9754229999999999	0.0	-0.7258640000000001	-0.6815869999999999	-0.09252200000000001	0.0	2.51015	0.991316	0.112018	0.349177	
0	-0.18405	-0.668168	-0.720887	0.0	-0.632084	0.642112	-0.433777	0.0	0.752726	0.375824	-0.540519	0.0	-3.5270599999999996	-3.3342	-2.60222	0.340015	-0.6575449999999999	0.725823	-0.202029	0.0	0.20338599999999998	-0.0871912	-0.975209	0.0	-0.725444	-0.682333	-0.0902898	0.0	2.50973	0.978009	0.109998	0.348625	
0	-0.228136	-0.6372270000000001	-0.736136	0.0	-0.8112689999999999	0.542453	-0.21814699999999998	0.0	0.538327	0.547437	-0.6407149999999999	0.0	-3.7770699999999997	-3.32755	-2.65945	0.308054	-0.6566420000000001	0.726414	-0.20284000000000002	0.0	0.201068	-0.0906041	-0.9753780000000001	0.0	-0.726907	-0.6812590000000001	-0.08656380000000001	0.0	2.50279	0.9651780000000001	0.108226	0.34883600000000003	
0	-0.377923	-0.5420689999999999	-0.7505569999999999	0.0	-0.812527	0.582804	-0.011787200000000001	0.0	0.443817	0.605394	-0.6607	0.0	-4.11104	-3.3590400000000002	-2.6798	0.175099	-0.658225	0.724969	-0.202879	0.0	0.200461	-0.0909746	-0.975469	0.0	-0.725641	-0.682747	-0.0854467	0.0	2.48597	0.9520770000000001	0.107602	0.34902	
0	-0.672845	-0.287082	-0.68181	0.0	-0.588585	0.766065	0.258288	0.0	0.44816000000000006	0.575091	-0.684415	0.0	-4.40106	-3.35386	-2.83049	0.07473400000000001	-0.659017	0.7241810000000001	-0.203123	0.0	0.20136099999999998	-0.09032860000000001	-0.9753430000000001	0.0	-0.724673	-0.683669	-0.0862938	0.0	2.48583	0.950242	0.11284100000000001	0.349047	
0	-0.769331	-0.11997999999999999	-0.627482	0.0	-0.44224600000000003	0.8088350000000001	0.38756399999999996	0.0	0.461029	0.575666	-0.675322	0.0	-4.42966	-3.36175	-3.1341900000000003	0.126589	-0.658508	0.724263	-0.204477	0.0	0.202299	-0.0913495	-0.9750540000000001	0.0	-0.724874	-0.683446	-0.08636360000000001	0.0	2.4952099999999997	0.948795	0.10965599999999999	0.349167	
0	-0.787783	-0.10799700000000001	-0.6064109999999999	0.0	-0.44071899999999997	0.786613	0.432443	0.0	0.43030799999999997	0.607928	-0.667276	0.0	-4.40353	-3.39689	-3.3713	0.134652	-0.6585770000000001	0.724711	-0.20265999999999998	0.0	0.200468	-0.0906169	-0.9755010000000001	0.0	-0.72532	-0.6830689999999999	-0.08560330000000001	0.0	2.49439	0.947752	0.103958	0.349204	
0	-0.639501	0.164902	-0.750897	0.0	-0.32579	0.8265600000000001	0.458976	0.0	0.696348	0.53815	-0.47486300000000004	0.0	-4.13501	-3.50449	-3.7336199999999997	0.08788589999999999	-0.659436	0.723037	-0.20581799999999997	0.0	0.202479	-0.0928382	-0.9748760000000001	0.0	-0.7239800000000001	-0.684542	-0.0851789	0.0	2.49315	0.951571	0.10446300000000001	0.349242	
0	-0.5007229999999999	0.314523	-0.8064439999999999	0.0	-0.279775	0.8228409999999999	0.49463	0.0	0.819148	0.47329499999999997	-0.32402	0.0	-3.9228199999999998	-3.49482	-3.77956	0.0937669	-0.660007	0.72219	-0.20695999999999998	0.0	0.203824	-0.0930145	-0.9745790000000001	0.0	-0.7230810000000001	-0.685412	-0.0858092	0.0	2.5004	0.963384	0.10923499999999998	0.349118	
0	-0.178517	0.41917200000000004	-0.890184	0.0	-0.25549	0.8539370000000001	0.45333900000000005	0.0	0.9501879999999999	0.30836199999999997	-0.0453477	0.0	-3.67565	-3.2322	-3.6268	0.163914	-0.661327	0.720681	-0.20800300000000002	0.0	0.204987	-0.09310560000000001	-0.974326	0.0	-0.721545	-0.686986	-0.0861576	0.0	2.51483	0.9798129999999999	0.10744000000000001	0.348876	
0	-0.046723900000000006	0.420455	-0.906109	0.0	-0.24194000000000002	0.8753280000000001	0.41864799999999996	0.0	0.969166	0.238785	0.0608262	0.0	-3.62925	-3.05304	-3.47148	0.190906	-0.662187	0.719566	-0.209128	0.0	0.206839	-0.0927206	-0.973972	0.0	-0.7202270000000001	-0.688207	-0.08743610000000002	0.0	2.51926	0.980785	0.109778	0.348697	
0	0.1283	0.372169	-0.9192549999999999	0.0	-0.201491	0.917365	0.34328200000000003	0.0	0.971051	0.141178	0.192687	0.0	-3.67593	-2.81344	-3.2254	0.276018	-0.662082	0.71953	-0.20958200000000002	0.0	0.206963	-0.0932343	-0.9738959999999999	0.0	-0.720287	-0.688175	-0.08718719999999999	0.0	2.52418	0.9844209999999999	0.10839100000000002	0.348568	
0	0.229798	0.375894	-0.897718	0.0	-0.124002	0.926193	0.356075	0.0	0.965307	0.029493099999999998	0.259449	0.0	-3.6678	-2.68487	-3.0925700000000003	0.302221	-0.661977	0.719549	-0.20984699999999998	0.0	0.206871	-0.0936971	-0.9738709999999999	0.0	-0.72041	-0.688092	-0.0868285	0.0	2.52497	0.982468	0.103591	0.348502	
0	0.32742899999999997	0.382496	-0.8639950000000001	0.0	0.06959560000000001	0.9021540000000001	0.42576400000000003	0.0	0.9423090000000001	-0.19953800000000002	0.268771	0.0	-3.63692	-2.3046900000000003	-2.90881	0.336066	-0.661742	0.719453	-0.210916	0.0	0.206825	-0.09522639999999999	-0.973733	0.0	-0.720639	-0.687982	-0.08578530000000001	0.0	2.5252	0.9849469999999999	0.107342	0.348443	
0	0.406592	0.404418	-0.819225	0.0	0.173574	0.8461639999999999	0.503864	0.0	0.89697	-0.347063	0.273847	0.0	-3.6105699999999996	-2.05598	-2.76527	0.354067	-0.6617529999999999	0.7190380000000001	-0.21229	0.0	0.207654	-0.09629220000000001	-0.9734510000000001	0.0	-0.720391	-0.688267	-0.0855896	0.0	2.5255400000000003	0.985908	0.10456099999999999	0.348351	
0	0.500173	0.289779	-0.816	0.0	0.337681	0.802465	0.491957	0.0	0.79737	-0.5216109999999999	0.303519	0.0	-3.5987400000000003	-1.8386	-2.64635	0.35080900000000004	-0.6617689999999999	0.719316	-0.211298	0.0	0.20766700000000002	-0.0949358	-0.973582	0.0	-0.7203729999999999	-0.6881659999999999	-0.0865523	0.0	2.52775	0.986734	0.10483599999999998	0.34821799999999997	
0	0.537038	0.22289899999999999	-0.8135760000000001	0.0	0.410603	0.77342	0.48293500000000006	0.0	0.7368819999999999	-0.5934119999999999	0.323833	0.0	-3.65542	-1.64145	-2.58473	0.35126599999999997	-0.6623140000000001	0.719404	-0.209281	0.0	0.206416	-0.0933113	-0.9740049999999999	0.0	-0.7202310000000001	-0.688296	-0.0866953	0.0	2.52684	0.9817520000000001	0.109153	0.348173	
0	0.538375	0.185068	-0.822133	0.0	0.43299	0.776211	0.458275	0.0	0.722961	-0.602699	0.33776	0.0	-3.6624199999999996	-1.5853700000000002	-2.57694	0.35341100000000003	-0.662478	0.719326	-0.20903000000000002	0.0	0.206542	-0.0928245	-0.974025	0.0	-0.7200439999999999	-0.688443	-0.08707669999999999	0.0	2.52585	0.9801479999999999	0.11196800000000001	0.34802	
0	0.507159	0.204155	-0.8373229999999999	0.0	0.421788	0.788447	0.447712	0.0	0.751588	-0.580234	0.313758	0.0	-3.6453900000000004	-1.52014	-2.5124400000000002	0.35220799999999997	-0.662706	0.719003	-0.20941700000000002	0.0	0.206621	-0.093235	-0.9739690000000001	0.0	-0.719811	-0.688725	-0.0867736	0.0	2.52735	0.975715	0.11501700000000001	0.347851	
0	0.48051800000000006	0.29088200000000003	-0.82734	0.0	0.336419	0.810078	0.480204	0.0	0.8098920000000001	-0.509079	0.291398	0.0	-3.62035	-1.52439	-2.48157	0.341912	-0.663227	0.7185199999999999	-0.209427	0.0	0.20694400000000002	-0.09285410000000001	-0.973937	0.0	-0.7192390000000001	-0.689281	-0.0871103	0.0	2.5252	0.975462	0.115843	0.347408	
0	0.31363	0.405598	-0.858561	0.0	0.175518	0.8638370000000001	0.472206	0.0	0.933183	-0.298791	0.199736	0.0	-3.5931800000000003	-1.6549200000000002	-2.55556	0.34283800000000003	-0.663588	0.718463	-0.20847800000000002	0.0	0.206596	-0.0918425	-0.9741059999999999	0.0	-0.719006	-0.689476	-0.08748639999999999	0.0	2.52905	0.976692	0.11832999999999999	0.34587199999999996	
0	0.21755700000000003	0.48629300000000003	-0.8462790000000001	0.0	0.0400224	0.861873	0.505542	0.0	0.9752270000000001	-0.143854	0.168044	0.0	-3.5549199999999996	-1.77682	-2.62155	0.344671	-0.663495	0.718679	-0.20802800000000002	0.0	0.20674	-0.0911092	-0.974145	0.0	-0.71905	-0.689348	-0.0881295	0.0	2.5295400000000003	0.9740219999999999	0.11709800000000001	0.345789	
0	0.0367515	0.496645	-0.8671760000000001	0.0	-0.194019	0.8547959999999999	0.481332	0.0	0.980309	0.150559	0.127774	0.0	-3.47623	-2.15164	-2.73387	0.305983	-0.6626920000000001	0.7192310000000001	-0.208677	0.0	0.206537	-0.09231669999999999	-0.974074	0.0	-0.719849	-0.68861	-0.0873702	0.0	2.529	0.963686	0.11313599999999999	0.345597	
0	-0.0325997	0.490454	-0.870857	0.0	-0.23550500000000002	0.843017	0.483591	0.0	0.971326	0.220856	0.0880222	0.0	-3.4721699999999998	-2.27662	-2.7856	0.291112	-0.662196	0.719879	-0.208017	0.0	0.204986	-0.09298510000000001	-0.9743379999999999	0.0	-0.7207479999999999	-0.687843	-0.0859913	0.0	2.5264599999999997	0.965532	0.11657200000000001	0.345515	
0	-0.19201300000000002	0.463654	-0.8649600000000001	0.0	-0.248543	0.8296540000000001	0.49990200000000007	0.0	0.949399	0.310967	-0.0440663	0.0	-3.42927	-2.64147	-2.93248	0.266245	-0.662524	0.719821	-0.207173	0.0	0.204528	-0.0922263	-0.974506	0.0	-0.720577	-0.688006	-0.0861215	0.0	2.5230900000000003	0.96329	0.119083	0.345648	
0	-0.236938	0.419704	-0.8761899999999999	0.0	-0.255996	0.8430270000000001	0.47304399999999996	0.0	0.937191	0.336383	-0.09230260000000001	0.0	-3.41655	-2.80344	-2.93971	0.26143299999999997	-0.663042	0.719551	-0.20644899999999997	0.0	0.204558	-0.0911335	-0.9746030000000001	0.0	-0.720091	-0.688434	-0.08676489999999999	0.0	2.52198	0.960767	0.111472	0.345491	
0	-0.276336	0.411053	-0.86872	0.0	-0.262875	0.837118	0.47971899999999995	0.0	0.9244110000000001	0.360928	-0.12327	0.0	-3.39725	-2.8782099999999997	-2.99572	0.245008	-0.663532	0.719144	-0.206296	0.0	0.20477599999999999	-0.0906373	-0.9746030000000001	0.0	-0.7195779999999999	-0.688925	-0.08712260000000001	0.0	2.52415	0.954501	0.107244	0.345594	
0	-0.378361	0.34257	-0.859935	0.0	-0.287509	0.8395600000000001	0.460953	0.0	0.879876	0.421646	-0.219165	0.0	-3.47516	-3.25347	-3.22473	0.20235999999999998	-0.664111	0.71868	-0.20604699999999998	0.0	0.205873	-0.0891525	-0.9745090000000001	0.0	-0.71873	-0.689602	-0.08874960000000001	0.0	2.5268200000000003	0.950541	0.102449	0.345692	
0	-0.435382	0.292331	-0.85146	0.0	-0.303071	0.8430049999999999	0.444399	0.0	0.8476969999999999	0.45153699999999997	-0.278432	0.0	-3.5916	-3.50774	-3.34229	0.179368	-0.664067	0.718843	-0.20561999999999997	0.0	0.205413	-0.089022	-0.974618	0.0	-0.718903	-0.689449	-0.0885435	0.0	2.52921	0.949751	0.10294400000000001	0.34567	
0	-0.45839300000000005	0.285537	-0.8416319999999999	0.0	-0.29943200000000003	0.842001	0.448747	0.0	0.8367899999999999	0.457714	-0.300469	0.0	-3.6234599999999997	-3.6122699999999996	-3.39119	0.164798	-0.6637430000000001	0.719121	-0.205693	0.0	0.205587	-0.0890087	-0.974583	0.0	-0.719152	-0.6891609999999999	-0.0887632	0.0	2.52871	0.946298	0.0988569	0.345529	
0	-0.521545	0.249623	-0.8158920000000001	0.0	-0.29138200000000003	0.8466459999999999	0.44529300000000005	0.0	0.8019270000000001	0.46997700000000003	-0.368829	0.0	-3.74948	-3.86997	-3.50611	0.150456	-0.663792	0.718743	-0.206857	0.0	0.20419600000000002	-0.0919108	-0.974606	0.0	-0.719503	-0.689174	-0.0857548	0.0	2.52774	0.9398	0.10421	0.34573200000000004	
0	-0.557895	0.17223	-0.811843	0.0	-0.336174	0.8474809999999999	0.410808	0.0	0.758775	0.502108	-0.41490699999999997	0.0	-3.8062400000000003	-3.997	-3.62255	0.128274	-0.66359	0.71883	-0.20719899999999997	0.0	0.203682	-0.09289910000000001	-0.97462	0.0	-0.719834	-0.688951	-0.0847663	0.0	2.5245599999999997	0.931894	0.101698	0.345788	
