0	0.19184600000000002	0.798628	-0.5704279999999999	0.0	0.3639	0.481908	0.797083	0.0	0.911467	-0.360496	-0.198169	0.0	-2.74523	2.0223400000000002	1.34496	0.018196599999999997	-0.593133	0.516197	-0.617847	0.0	0.7530819999999999	0.084333	-0.6525	0.0	-0.28471399999999997	-0.852308	-0.43876000000000004	0.0	2.66032	2.0	1.53809	0.0	
0	-0.0747855	0.7925909999999999	-0.60515	0.0	0.0835241	0.609695	0.788223	0.0	0.9936959999999999	0.008403	-0.11179700000000001	0.0	-2.83372	2.01525	1.3781299999999999	0.0	-0.173672	0.818471	-0.547672	0.0	0.15248399999999998	-0.527067	-0.836032	0.0	-0.9729270000000001	-0.228706	-0.0332674	0.0	2.69599	2.0268	1.55455	0.00095209	
0	-0.07277389999999999	0.772418	-0.630931	0.0	0.0849525	0.6351100000000001	0.767736	0.0	0.9937239999999999	0.00227189	-0.111838	0.0	-2.84422	2.04794	1.39224	0.0	-0.152302	0.802358	-0.577083	0.0	0.156772	-0.55689	-0.815657	0.0	-0.9758209999999999	-0.214696	-0.0409719	0.0	2.7669200000000003	2.0245900000000003	1.48937	0.0	
0	-0.0730698	0.749954	-0.657442	0.0	0.0909066	0.661469	0.7444430000000001	0.0	0.993175	-0.0053696	-0.11650899999999999	0.0	-2.84436	2.07113	1.40553	0.0	-0.13559300000000002	0.780095	-0.610792	0.0	0.180456	-0.586728	-0.789421	0.0	-0.9741920000000001	-0.217261	-0.061216599999999996	0.0	2.7969999999999997	2.04067	1.46649	0.0	
0	-0.0472075	0.764255	-0.643185	0.0	0.08955360000000001	0.644548	0.759301	0.0	0.9948629999999999	-0.0217548	-0.0988693	0.0	-2.8096400000000004	2.07544	1.4407	0.0	-0.126345	0.788354	-0.602108	0.0	0.136511	-0.58738	-0.797715	0.0	-0.982549	-0.182981	-0.033406599999999995	0.0	2.77827	2.0269999999999997	1.4575	0.0	
0	-0.07447419999999999	0.807208	-0.58555	0.0	0.12850899999999998	0.5900529999999999	0.797071	0.0	0.988908	-0.015887000000000002	-0.147677	0.0	-2.85743	2.09647	1.37916	0.258416	-0.120893	0.79778	-0.590705	0.0	0.119322	-0.579076	-0.806495	0.0	-0.985468	-0.167983	-0.025187	0.0	2.7511400000000004	2.0409900000000003	1.49538	0.266714	
0	-0.061788800000000005	0.8365819999999999	-0.544346	0.0	0.121868	0.5476310000000001	0.8277979999999999	0.0	0.9906209999999999	-0.01519	-0.135791	0.0	-2.82008	2.0732	1.32131	0.35579299999999997	-0.11946300000000001	0.805437	-0.5805170000000001	0.0	0.10441099999999999	-0.57127	-0.814094	0.0	-0.987333	-0.157866	-0.0158507	0.0	2.68471	2.0470200000000003	1.54528	0.331473	
0	-0.06464600000000001	0.837448	-0.54268	0.0	0.123279	0.546354	0.828432	0.0	0.9902639999999999	-0.0133463	-0.138559	0.0	-2.76484	2.07145	1.31802	0.355674	-0.13109500000000002	0.817159	-0.561307	0.0	0.11136700000000001	-0.550471	-0.827393	0.0	-0.985095	-0.170978	-0.018841	0.0	2.64834	2.06222	1.5636299999999999	0.353697	
0	-0.0435529	0.851232	-0.522979	0.0	0.148774	0.523165	0.839145	0.0	0.9879120000000001	-0.0412586	-0.149427	0.0	-2.7777700000000003	2.09056	1.30726	0.352609	-0.17694200000000002	0.8492850000000001	-0.4974	0.0	0.147739	-0.476729	-0.866547	0.0	-0.9730700000000001	-0.22681300000000001	-0.0411196	0.0	2.64659	2.04294	1.51995	0.353679	
0	-0.012124	0.862778	-0.505438	0.0	0.21138400000000002	0.496263	0.842045	0.0	0.9773280000000001	-0.0966324	-0.188394	0.0	-2.83813	2.13627	1.26476	0.346387	-0.25056799999999996	0.8887729999999999	-0.383795	0.0	0.21078899999999998	-0.336843	-0.9176629999999999	0.0	-0.9448719999999999	-0.310836	-0.102942	0.0	2.6884799999999998	2.06946	1.4199	0.35395	
0	0.040756	0.8563940000000001	-0.5147109999999999	0.0	0.291166	0.48260200000000003	0.826025	0.0	0.9558040000000001	-0.183532	-0.22968400000000003	0.0	-2.9308400000000003	2.16657	1.19204	0.340979	-0.407005	0.879926	-0.245108	0.0	0.270583	-0.140151	-0.95244	0.0	-0.8724290000000001	-0.45397	-0.181051	0.0	2.75598	2.01925	1.31203	0.35430900000000004	
0	0.0699813	0.839139	-0.539397	0.0	0.35296500000000003	0.48491300000000004	0.800172	0.0	0.933016	-0.24638600000000002	-0.262252	0.0	-2.99323	2.18242	1.1021100000000001	0.347638	-0.475229	0.8580270000000001	-0.1948	0.0	0.2819	-0.061246400000000006	-0.9574870000000001	0.0	-0.8334799999999999	-0.50994	-0.212772	0.0	2.79881	1.9891299999999998	1.2143700000000002	0.35588600000000004	
0	0.128952	0.8259280000000001	-0.54883	0.0	0.41938400000000003	0.45609799999999995	0.7849149999999999	0.0	0.898603	-0.331387	-0.287567	0.0	-3.0135	2.19543	0.999598	0.34887199999999996	-0.51757	0.8387530000000001	-0.16916099999999998	0.0	0.304501	-0.00420386	-0.9525030000000001	0.0	-0.7996260000000001	-0.544496	-0.253225	0.0	2.79777	1.94914	1.0332299999999999	0.35699699999999995	
0	0.18621300000000002	0.7924640000000001	-0.5807979999999999	0.0	0.46835299999999996	0.44805500000000004	0.761506	0.0	0.8636959999999999	-0.413821	-0.287719	0.0	-2.99783	2.14446	0.904646	0.350673	-0.545629	0.822125	-0.16247899999999998	0.0	0.306798	0.015539500000000001	-0.9516479999999999	0.0	-0.779849	-0.569095	-0.260705	0.0	2.80912	1.87952	0.856173	0.357369	
0	0.30501	0.732057	-0.6091479999999999	0.0	0.501445	0.420332	0.756224	0.0	0.809643	-0.5361100000000001	-0.23888099999999998	0.0	-2.98501	1.9199599999999999	0.8336959999999999	0.351783	-0.55004	0.819095	-0.162913	0.0	0.294973	0.00804293	-0.955472	0.0	-0.781311	-0.5736020000000001	-0.246035	0.0	2.79736	1.8138599999999998	0.7149	0.357942	
0	0.375337	0.6648069999999999	-0.645875	0.0	0.500333	0.44126099999999996	0.744954	0.0	0.780249	-0.602761	-0.16700299999999998	0.0	-2.99986	1.58579	0.721309	0.35202	-0.551666	0.817207	-0.16684300000000002	0.0	0.28289699999999995	-0.00484699	-0.9591379999999999	0.0	-0.784623	-0.5763229999999999	-0.228512	0.0	2.72397	1.77577	0.633811	0.35833000000000004	
0	0.451892	0.5838800000000001	-0.674447	0.0	0.524768	0.437403	0.730272	0.0	0.721396	-0.683932	-0.108742	0.0	-2.9998099999999996	1.20176	0.595274	0.354113	-0.5532819999999999	0.8152689999999999	-0.170929	0.0	0.267108	-0.0207222	-0.9634440000000001	0.0	-0.789007	-0.578712	-0.2063	0.0	2.64922	1.73832	0.599334	0.35870599999999997	
0	0.518105	0.47726	-0.709782	0.0	0.556294	0.44232	0.703484	0.0	0.649696	-0.7593260000000001	-0.0363285	0.0	-3.0068900000000003	0.729434	0.414767	0.35388600000000003	-0.552136	0.8155979999999999	-0.17305	0.0	0.25955	-0.029103300000000002	-0.965291	0.0	-0.792326	-0.577887	-0.19562000000000002	0.0	2.5865299999999998	1.7177099999999998	0.5828810000000001	0.358686	
0	0.559866	0.385307	-0.733545	0.0	0.594425	0.42998100000000006	0.6795399999999999	0.0	0.577242	-0.816489	0.0116954	0.0	-3.04487	0.360593	0.216871	0.353763	-0.553038	0.813527	-0.17979	0.0	0.254384	-0.0406113	-0.96625	0.0	-0.7933720000000001	-0.580108	-0.18448900000000001	0.0	2.54244	1.7036099999999998	0.5977100000000001	0.358796	
0	0.588807	0.329414	-0.738101	0.0	0.608574	0.420285	0.6730520000000001	0.0	0.531925	-0.8454870000000001	0.0469941	0.0	-3.09278	0.0727659	0.0233709	0.353428	-0.553316	0.8120029999999999	-0.185721	0.0	0.251596	-0.0496278	-0.9665590000000001	0.0	-0.7940659999999999	-0.58154	-0.176837	0.0	2.50795	1.69197	0.628396	0.358867	
0	0.626939	0.23676799999999998	-0.742219	0.0	0.6495380000000001	0.36719	0.665787	0.0	0.430172	-0.899507	0.0764161	0.0	-3.0522	-0.21046399999999998	-0.362097	0.35196700000000003	-0.556747	0.805597	-0.202602	0.0	0.24943400000000002	-0.07051360000000001	-0.9658209999999999	0.0	-0.792349	-0.588253	-0.161686	0.0	2.48048	1.56723	0.701249	0.359275	
0	0.6471779999999999	0.202699	-0.734897	0.0	0.654041	0.347623	0.671855	0.0	0.391651	-0.9154620000000001	0.0924008	0.0	-3.02342	-0.260786	-0.435145	0.351014	-0.557281	0.803879	-0.207889	0.0	0.248862	-0.0771543	-0.965461	0.0	-0.792153	-0.5897680000000001	-0.157059	0.0	2.47257	1.54102	0.720924	0.359219	
0	0.679253	0.15187799999999999	-0.718017	0.0	0.661352	0.297466	0.688569	0.0	0.318164	-0.942575	0.10161	0.0	-2.8950099999999996	-0.413278	-0.675433	0.35075100000000003	-0.5565060000000001	0.8017350000000001	-0.217994	0.0	0.250417	-0.0883207	-0.964101	0.0	-0.792207	-0.591118	-0.151617	0.0	2.4618900000000004	1.51403	0.811288	0.359797	
0	0.681806	0.11158900000000001	-0.7229720000000001	0.0	0.67447	0.286781	0.680329	0.0	0.283252	-0.951475	0.12026600000000001	0.0	-2.85265	-0.587605	-0.86915	0.350452	-0.555742	0.799859	-0.226665	0.0	0.249387	-0.09969489999999999	-0.963259	0.0	-0.793068	-0.59185	-0.14407	0.0	2.45783	1.47276	0.8542299999999999	0.36019	
0	0.681277	0.091784	-0.726249	0.0	0.679338	0.290306	0.67396	0.0	0.27269299999999996	-0.952522	0.135427	0.0	-2.84084	-0.687357	-0.947449	0.349193	-0.556353	0.798411	-0.23024099999999997	0.0	0.24958899999999998	-0.10372100000000001	-0.962781	0.0	-0.7925760000000001	-0.593112	-0.141569	0.0	2.4533	1.45294	0.903417	0.360429	
0	0.659772	0.0747699	-0.747737	0.0	0.7002390000000001	0.29992199999999997	0.6478520000000001	0.0	0.27270300000000003	-0.9510290000000001	0.145523	0.0	-2.86199	-0.82432	-1.13871	0.347817	-0.553657	0.7977529999999999	-0.238858	0.0	0.253143	-0.112026	-0.9609209999999999	0.0	-0.7933359999999999	-0.592486	-0.139921	0.0	2.45519	1.42405	0.9762209999999999	0.360654	
0	0.648171	0.06952799999999999	-0.758314	0.0	0.709391	0.306894	0.6344920000000001	0.0	0.276837	-0.9492010000000001	0.149597	0.0	-2.8742099999999997	-0.9029459999999999	-1.13358	0.347002	-0.549705	0.799108	-0.24341500000000002	0.0	0.256094	-0.11615	-0.959648	0.0	-0.795135	-0.589861	-0.140799	0.0	2.46619	1.40703	1.00875	0.360588	
0	0.636777	0.0753322	-0.767359	0.0	0.7106520000000001	0.328777	0.621997	0.0	0.299147	-0.941398	0.155823	0.0	-2.8561799999999997	-0.9367969999999999	-1.13639	0.347134	-0.546585	0.799046	-0.250539	0.0	0.259181	-0.123074	-0.9579549999999999	0.0	-0.7962859999999999	-0.588539	-0.139827	0.0	2.48002	1.3772799999999998	1.00746	0.360781	
0	0.6329560000000001	0.07801439999999998	-0.770247	0.0	0.70935	0.340125	0.617363	0.0	0.31014400000000003	-0.9371389999999999	0.159945	0.0	-2.83618	-0.944507	-1.13811	0.34732199999999996	-0.5474859999999999	0.796934	-0.255254	0.0	0.260585	-0.127501	-0.956995	0.0	-0.795207	-0.590457	-0.13786500000000002	0.0	2.4849099999999997	1.3550799999999998	1.00463	0.360966	
0	0.633089	0.0770617	-0.770234	0.0	0.7071189999999999	0.34725100000000003	0.615954	0.0	0.314931	-0.934601	0.165349	0.0	-2.82265	-0.940566	-1.12459	0.347163	-0.547711	0.7948029999999999	-0.261343	0.0	0.26348	-0.132616	-0.955506	0.0	-0.794097	-0.5922	-0.13677999999999998	0.0	2.4912099999999997	1.34153	0.997484	0.360902	
0	0.637446	0.09381460000000001	-0.7647619999999999	0.0	0.698446	0.34873000000000004	0.624949	0.0	0.325325	-0.932516	0.156772	0.0	-2.77936	-0.9290379999999999	-1.07276	0.347262	-0.546253	0.791587	-0.273858	0.0	0.266789	-0.14549600000000001	-0.952709	0.0	-0.7939970000000001	-0.593483	-0.131709	0.0	2.4983	1.27531	1.00496	0.361286	
0	0.636875	0.0922842	-0.765424	0.0	0.6986220000000001	0.35080700000000004	0.623588	0.0	0.326063	-0.93189	0.158948	0.0	-2.77062	-0.9320120000000001	-1.06154	0.347387	-0.545442	0.7899510000000001	-0.28012600000000004	0.0	0.268379	-0.152013	-0.9512440000000001	0.0	-0.7940189999999999	-0.594028	-0.129093	0.0	2.49875	1.25931	1.021	0.3616	
0	0.639943	0.10763699999999998	-0.760846	0.0	0.6903020000000001	0.35444899999999996	0.630753	0.0	0.337573	-0.92886	0.152525	0.0	-2.74769	-0.9106219999999999	-1.02426	0.347394	-0.5457890000000001	0.786317	-0.289517	0.0	0.272041	-0.16051700000000002	-0.9488040000000001	0.0	-0.792533	-0.596607	-0.126302	0.0	2.48922	1.2362	1.07584	0.36247399999999996	
0	0.648949	0.127915	-0.7500020000000001	0.0	0.679537	0.345911	0.6469739999999999	0.0	0.342192	-0.929507	0.13755599999999998	0.0	-2.71231	-0.886076	-0.989185	0.347499	-0.546635	0.782185	-0.29896	0.0	0.276412	-0.168461	-0.946159	0.0	-0.790434	-0.5998399999999999	-0.124118	0.0	2.50889	1.18666	1.12372	0.36296	
0	0.663551	0.158798	-0.7310840000000001	0.0	0.6623829999999999	0.32956599999999997	0.672782	0.0	0.34777600000000003	-0.930682	0.113498	0.0	-2.6979	-0.841932	-1.05568	0.347608	-0.546359	0.7791170000000001	-0.307357	0.0	0.27977399999999997	-0.176121	-0.943773	0.0	-0.789442	-0.60163	-0.121751	0.0	2.52562	1.17743	1.16434	0.362643	
0	0.6730119999999999	0.179811	-0.717442	0.0	0.647608	0.32532	0.689036	0.0	0.357294	-0.928351	0.102497	0.0	-2.64834	-0.8050689999999999	-1.1095700000000002	0.347801	-0.5448430000000001	0.777271	-0.314637	0.0	0.286925	-0.17976199999999998	-0.9409350000000001	0.0	-0.787922	-0.602939	-0.125077	0.0	2.5656	1.1494799999999998	1.1698	0.36249699999999996	
0	0.668792	0.18190499999999998	-0.720852	0.0	0.6458619999999999	0.338063	0.684527	0.0	0.368212	-0.923377	0.108609	0.0	-2.61577	-0.793712	-1.0922	0.347869	-0.543017	0.776913	-0.318651	0.0	0.289754	-0.182807	-0.9394809999999999	0.0	-0.788146	-0.602485	-0.125846	0.0	2.58584	1.14008	1.1790100000000001	0.362429	
0	0.6693359999999999	0.18826099999999998	-0.718713	0.0	0.641971	0.34039	0.687028	0.0	0.373983	-0.9212450000000001	0.106977	0.0	-2.58871	-0.761524	-1.0446	0.347435	-0.541906	0.775686	-0.323496	0.0	0.29439899999999997	-0.185325	-0.937541	0.0	-0.787189	-0.603296	-0.127933	0.0	2.58774	1.16572	1.18678	0.362396	
0	0.672381	0.198719	-0.713032	0.0	0.6372270000000001	0.33473400000000003	0.694187	0.0	0.37662399999999996	-0.921121	0.09844019999999999	0.0	-2.60462	-0.730809	-1.08999	0.34776799999999997	-0.53918	0.77488	-0.329918	0.0	0.30207399999999995	-0.18773800000000002	-0.934615	0.0	-0.786153	-0.603585	-0.132846	0.0	2.59482	1.1667299999999998	1.17802	0.362653	
0	0.67114	0.195209	-0.715167	0.0	0.639288	0.33604	0.691656	0.0	0.375342	-0.9213959999999999	0.100735	0.0	-2.63699	-0.6964130000000001	-1.06944	0.347019	-0.5356479999999999	0.776826	-0.331094	0.0	0.303157	-0.189047	-0.934001	0.0	-0.788148	-0.600669	-0.134237	0.0	2.5737799999999997	1.1549	1.16487	0.363221	
0	0.670657	0.19128699999999998	-0.716679	0.0	0.642617	0.33274499999999996	0.6901619999999999	0.0	0.37049099999999996	-0.9234120000000001	0.100234	0.0	-2.6445	-0.684021	-1.05168	0.347645	-0.532285	0.777266	-0.335455	0.0	0.302913	-0.195151	-0.932824	0.0	-0.790517	-0.5981420000000001	-0.13156800000000002	0.0	2.5472799999999998	1.1563	1.16509	0.363705	
0	0.668482	0.18678	-0.719893	0.0	0.645976	0.333877	0.68647	0.0	0.36857399999999996	-0.923926	0.10253499999999999	0.0	-2.68903	-0.674772	-1.04061	0.348736	-0.528895	0.777308	-0.34068000000000004	0.0	0.301744	-0.202963	-0.931535	0.0	-0.793235	-0.595482	-0.127202	0.0	2.50541	1.17114	1.17308	0.363978	
0	0.661989	0.188156	-0.7255119999999999	0.0	0.653827	0.328283	0.681718	0.0	0.36644299999999996	-0.92565	0.0942983	0.0	-2.7747900000000003	-0.637406	-1.09056	0.348675	-0.5276770000000001	0.776031	-0.34544600000000003	0.0	0.29995900000000003	-0.21024299999999999	-0.9304959999999999	0.0	-0.794721	-0.594621	-0.12183800000000002	0.0	2.46141	1.18951	1.1849100000000001	0.363979	
0	0.660335	0.187124	-0.727284	0.0	0.656928	0.325318	0.680157	0.0	0.363872	-0.926905	0.0918923	0.0	-2.7903	-0.628779	-1.09881	0.34879899999999997	-0.528927	0.774684	-0.346556	0.0	0.30023099999999997	-0.211142	-0.930205	0.0	-0.793787	-0.596057	-0.120905	0.0	2.45878	1.18864	1.18579	0.363985	
0	0.6607350000000001	0.185407	-0.72736	0.0	0.659961	0.318155	0.680609	0.0	0.357603	-0.929732	0.0878544	0.0	-2.8236	-0.6170140000000001	-1.10531	0.34910399999999997	-0.533696	0.7708689999999999	-0.347749	0.0	0.30398000000000003	-0.20885700000000001	-0.9295030000000001	0.0	-0.789154	-0.601781	-0.12286300000000001	0.0	2.47589	1.17666	1.19292	0.363737	
0	0.6605260000000001	0.185402	-0.7275520000000001	0.0	0.660195	0.318062	0.680426	0.0	0.357559	-0.929765	0.08768630000000001	0.0	-2.8233	-0.6171770000000001	-1.10522	0.349101	-0.533698	0.770821	-0.347852	0.0	0.304111	-0.20888	-0.9294540000000001	0.0	-0.7891020000000001	-0.601834	-0.12293599999999999	0.0	2.47534	1.17697	1.1929100000000001	0.36373099999999997	
0	0.660573	0.185406	-0.727508	0.0	0.660137	0.31809499999999996	0.680467	0.0	0.357579	-0.929753	0.0877313	0.0	-2.82313	-0.61732	-1.10517	0.349105	-0.5337029999999999	0.770827	-0.34783200000000003	0.0	0.304081	-0.208878	-0.929465	0.0	-0.789111	-0.601827	-0.12291600000000001	0.0	2.4748	1.17727	1.19286	0.363734	
0	0.660573	0.185406	-0.727508	0.0	0.660138	0.31809299999999996	0.680467	0.0	0.357578	-0.929753	0.0877304	0.0	-2.82312	-0.617325	-1.10517	0.349105	-0.5337029999999999	0.770828	-0.347831	0.0	0.304081	-0.208877	-0.929465	0.0	-0.789112	-0.601826	-0.12291600000000001	0.0	2.47478	1.1772799999999999	1.19286	0.363734	
0	0.660572	0.185406	-0.727509	0.0	0.660138	0.318094	0.680466	0.0	0.357578	-0.929753	0.0877304	0.0	-2.82312	-0.617325	-1.10517	0.34910599999999997	-0.5337029999999999	0.770828	-0.347831	0.0	0.304081	-0.208877	-0.929465	0.0	-0.789111	-0.601826	-0.12291600000000001	0.0	2.47478	1.1772799999999999	1.19286	0.363734	
0	0.660572	0.185406	-0.727509	0.0	0.660138	0.318094	0.680466	0.0	0.357578	-0.929753	0.0877304	0.0	-2.82312	-0.617325	-1.10517	0.349105	-0.5337029999999999	0.770828	-0.347831	0.0	0.304081	-0.208877	-0.929465	0.0	-0.789111	-0.601826	-0.12291600000000001	0.0	2.47478	1.1772799999999999	1.19286	0.363734	
0	0.660572	0.185406	-0.727509	0.0	0.660138	0.318094	0.680466	0.0	0.357578	-0.929753	0.0877304	0.0	-2.82312	-0.617325	-1.10517	0.349105	-0.5337029999999999	0.770828	-0.347831	0.0	0.304081	-0.208877	-0.929465	0.0	-0.789111	-0.601826	-0.12291600000000001	0.0	2.47478	1.1772799999999999	1.19286	0.363734	
0	0.660572	0.185406	-0.727509	0.0	0.660138	0.31809299999999996	0.680467	0.0	0.357578	-0.929753	0.08773020000000001	0.0	-2.82312	-0.617325	-1.10517	0.34910599999999997	-0.5337029999999999	0.770828	-0.347831	0.0	0.304081	-0.208877	-0.929465	0.0	-0.789111	-0.601826	-0.12291600000000001	0.0	2.47478	1.1772799999999999	1.19286	0.363734	
0	0.660572	0.185406	-0.727509	0.0	0.660138	0.318094	0.680466	0.0	0.357578	-0.929753	0.0877304	0.0	-2.82312	-0.617325	-1.10517	0.349105	-0.5337029999999999	0.770828	-0.347831	0.0	0.304081	-0.208877	-0.929465	0.0	-0.789111	-0.601826	-0.12291600000000001	0.0	2.47478	1.1772799999999999	1.19286	0.363734	
0	0.660572	0.185406	-0.727508	0.0	0.660138	0.318094	0.680466	0.0	0.357578	-0.929753	0.08773049999999999	0.0	-2.82312	-0.617325	-1.10517	0.349105	-0.5337029999999999	0.770828	-0.347831	0.0	0.304081	-0.208877	-0.929465	0.0	-0.789111	-0.601826	-0.12291600000000001	0.0	2.47478	1.1772799999999999	1.19286	0.363734	
0	0.660572	0.185406	-0.727509	0.0	0.660138	0.31809299999999996	0.680467	0.0	0.357578	-0.929753	0.0877303	0.0	-2.82312	-0.617325	-1.10517	0.349105	-0.5337029999999999	0.770828	-0.347831	0.0	0.304081	-0.208877	-0.929465	0.0	-0.789111	-0.601826	-0.12291600000000001	0.0	2.47478	1.1772799999999999	1.19286	0.363734	
0	0.660572	0.185406	-0.727509	0.0	0.660138	0.31809299999999996	0.680467	0.0	0.357578	-0.929753	0.0877303	0.0	-2.82312	-0.617325	-1.10517	0.34910599999999997	-0.5337029999999999	0.770828	-0.347831	0.0	0.304081	-0.208877	-0.929465	0.0	-0.789111	-0.601826	-0.12291600000000001	0.0	2.47478	1.1772799999999999	1.19286	0.363734	
0	0.660572	0.185406	-0.727509	0.0	0.660138	0.31809299999999996	0.680467	0.0	0.357578	-0.929753	0.0877303	0.0	-2.82312	-0.617325	-1.10517	0.34910599999999997	-0.533702	0.770828	-0.347831	0.0	0.304081	-0.208877	-0.929465	0.0	-0.789111	-0.601826	-0.12291600000000001	0.0	2.47478	1.1772799999999999	1.19286	0.363734	
0	0.660572	0.185406	-0.727509	0.0	0.660138	0.31809299999999996	0.680467	0.0	0.357578	-0.929753	0.0877303	0.0	-2.82312	-0.617325	-1.10517	0.34910599999999997	-0.533702	0.770828	-0.347831	0.0	0.304081	-0.208877	-0.929465	0.0	-0.789111	-0.601826	-0.12291600000000001	0.0	2.47478	1.1772799999999999	1.19286	0.363734	
0	0.660572	0.185406	-0.727509	0.0	0.660138	0.31809299999999996	0.680467	0.0	0.357578	-0.929753	0.0877303	0.0	-2.82312	-0.617325	-1.10517	0.34910599999999997	-0.533702	0.770828	-0.347831	0.0	0.304081	-0.208877	-0.929465	0.0	-0.789111	-0.601826	-0.12291600000000001	0.0	2.47478	1.1772799999999999	1.19286	0.363734	
0	0.660572	0.185406	-0.727509	0.0	0.660138	0.31809299999999996	0.680467	0.0	0.357578	-0.929753	0.0877303	0.0	-2.82312	-0.617325	-1.10517	0.34910599999999997	-0.533702	0.770828	-0.347831	0.0	0.304081	-0.208877	-0.929465	0.0	-0.789111	-0.601826	-0.12291600000000001	0.0	2.47478	1.1772799999999999	1.19286	0.363734	
0	0.660572	0.185406	-0.727509	0.0	0.660138	0.31809299999999996	0.680467	0.0	0.357578	-0.929753	0.0877303	0.0	-2.82312	-0.617325	-1.10517	0.34910599999999997	-0.533702	0.770828	-0.347831	0.0	0.304081	-0.208877	-0.929465	0.0	-0.789111	-0.601826	-0.12291600000000001	0.0	2.47478	1.1772799999999999	1.19286	0.363734	
0	0.660572	0.185406	-0.727509	0.0	0.660138	0.31809299999999996	0.680467	0.0	0.357578	-0.929753	0.0877303	0.0	-2.82312	-0.617325	-1.10517	0.34910599999999997	-0.5337029999999999	0.770828	-0.347831	0.0	0.304081	-0.208877	-0.929465	0.0	-0.789111	-0.601826	-0.12291600000000001	0.0	2.47478	1.1772799999999999	1.19286	0.363734	
0	0.660572	0.185406	-0.727508	0.0	0.660138	0.31809299999999996	0.680467	0.0	0.357578	-0.929753	0.0877303	0.0	-2.82312	-0.617325	-1.10517	0.34910599999999997	-0.5337029999999999	0.770828	-0.347831	0.0	0.304081	-0.208877	-0.929465	0.0	-0.789111	-0.601826	-0.12291600000000001	0.0	2.47478	1.1772799999999999	1.19286	0.363734	
0	0.217694	0.671612	-0.7082	0.0	0.396463	0.602193	0.692951	0.0	0.891867	-0.431626	-0.135176	0.0	-2.94297	-0.655748	-1.13343	0.34584000000000004	-0.51153	0.772992	-0.375261	0.0	0.320787	-0.233354	-0.917955	0.0	-0.797141	-0.5899399999999999	-0.128599	0.0	2.41438	1.18466	1.23044	0.36349000000000004	
0	0.23094800000000001	0.6562640000000001	-0.718318	0.0	0.48447399999999996	0.562679	0.669834	0.0	0.84377	-0.502703	-0.187993	0.0	-3.09501	-0.684322	-1.29124	0.34577800000000003	-0.510422	0.77331	-0.376114	0.0	0.32063	-0.234695	-0.917668	0.0	-0.797914	-0.5889909999999999	-0.128153	0.0	2.38671	1.1978799999999998	1.23414	0.36398800000000003	
0	0.250594	0.64015	-0.72623	0.0	0.527384	0.53881	0.656925	0.0	0.8118310000000001	-0.547623	-0.20258199999999998	0.0	-3.14109	-0.71758	-1.38896	0.34634499999999996	-0.511081	0.772849	-0.376166	0.0	0.32040799999999997	-0.23479499999999998	-0.9177200000000001	0.0	-0.7975810000000001	-0.589555	-0.127628	0.0	2.37922	1.1955	1.2319799999999999	0.36396799999999996	
0	0.289154	0.568991	-0.76983	0.0	0.596536	0.521849	0.609769	0.0	0.748689	-0.635548	-0.188529	0.0	-3.19106	-0.912175	-1.59302	0.34745	-0.513447	0.771096	-0.376542	0.0	0.321799	-0.233758	-0.9174979999999999	0.0	-0.7954979999999999	-0.592258	-0.128115	0.0	2.39194	1.17465	1.2246	0.363981	
0	0.329043	0.515642	-0.791103	0.0	0.6351979999999999	0.499043	0.5894739999999999	0.0	0.698752	-0.696469	-0.163328	0.0	-3.20146	-1.12676	-1.72786	0.347481	-0.514202	0.769068	-0.37964699999999996	0.0	0.32753899999999997	-0.233014	-0.9156540000000001	0.0	-0.792663	-0.59518	-0.13208399999999998	0.0	2.40377	1.17049	1.22396	0.363545	
0	0.336646	0.493766	-0.8017880000000001	0.0	0.646749	0.49762399999999996	0.578002	0.0	0.684387	-0.713138	-0.15182	0.0	-3.20188	-1.26799	-1.78056	0.34834899999999996	-0.513522	0.768975	-0.380752	0.0	0.326815	-0.23500700000000002	-0.9154030000000001	0.0	-0.793402	-0.594515	-0.130632	0.0	2.4072299999999998	1.16395	1.2225	0.363699	
0	0.377601	0.40131300000000003	-0.834485	0.0	0.726655	0.430149	0.535672	0.0	0.573925	-0.808653	-0.129191	0.0	-3.2276	-1.52747	-1.8535700000000002	0.34839899999999996	-0.510545	0.767313	-0.38803899999999997	0.0	0.329447	-0.242288	-0.912558	0.0	-0.794235	-0.5937399999999999	-0.12909	0.0	2.41361	1.14313	1.235	0.364006	
0	0.390135	0.35436599999999996	-0.849835	0.0	0.76462	0.38953000000000004	0.513442	0.0	0.5129819999999999	-0.8501129999999999	-0.118986	0.0	-3.2867699999999997	-1.604	-1.8600900000000002	0.346804	-0.509794	0.7672399999999999	-0.389171	0.0	0.33170700000000003	-0.24209	-0.911791	0.0	-0.7937770000000001	-0.593916	-0.131083	0.0	2.41582	1.1290799999999999	1.23138	0.363977	
0	0.390239	0.271477	-0.8797809999999999	0.0	0.8189	0.334433	0.46643100000000004	0.0	0.420853	-0.9024719999999999	-0.0918038	0.0	-3.4143800000000004	-1.71143	-1.8750099999999998	0.347378	-0.5055029999999999	0.767672	-0.393887	0.0	0.331935	-0.24835100000000002	-0.9100219999999999	0.0	-0.796421	-0.5907640000000001	-0.129275	0.0	2.41969	1.1111	1.22548	0.363973	
0	0.396812	0.248967	-0.88349	0.0	0.8308639999999999	0.311673	0.461005	0.0	0.39013600000000004	-0.916992	-0.0831822	0.0	-3.4209400000000003	-1.7542200000000001	-1.89153	0.347537	-0.502845	0.7674449999999999	-0.397712	0.0	0.330902	-0.254151	-0.908797	0.0	-0.7985300000000001	-0.588588	-0.12615099999999999	0.0	2.4184	1.1062299999999998	1.22537	0.36398400000000003	
0	0.405901	0.202579	-0.8911819999999999	0.0	0.8571479999999999	0.253934	0.44812299999999994	0.0	0.31708200000000003	-0.9457690000000001	-0.07056810000000001	0.0	-3.4403599999999996	-1.8989900000000002	-1.99833	0.348489	-0.49952700000000005	0.767509	-0.40175	0.0	0.32921999999999996	-0.260774	-0.90753	0.0	-0.801303	-0.5856	-0.12241600000000001	0.0	2.40524	1.10754	1.2310299999999998	0.36397199999999996	
0	0.41385200000000005	0.18791	-0.890739	0.0	0.860334	0.23911100000000002	0.450168	0.0	0.297577	-0.952636	-0.0627086	0.0	-3.45535	-1.9467700000000001	-2.05012	0.349252	-0.499137	0.766731	-0.40371599999999996	0.0	0.32898	-0.263344	-0.906875	0.0	-0.8016449999999999	-0.5854689999999999	-0.120794	0.0	2.3918	1.112	1.23577	0.36396999999999996	
0	0.421574	0.17006500000000002	-0.890704	0.0	0.858334	0.24196900000000002	0.452453	0.0	0.292469	-0.9552639999999999	-0.0439645	0.0	-3.4812300000000005	-2.06878	-2.1408	0.349724	-0.49847600000000003	0.7649229999999999	-0.40794	0.0	0.331673	-0.26649	-0.9049729999999999	0.0	-0.8009470000000001	-0.58641	-0.12086500000000001	0.0	2.3896599999999997	1.1409200000000002	1.24505	0.363987	
0	0.42721400000000004	0.154644	-0.890827	0.0	0.8580760000000001	0.241162	0.45337200000000005	0.0	0.284945	-0.9580850000000001	-0.029668700000000003	0.0	-3.38925	-2.24601	-2.26389	0.350529	-0.49787	0.7651359999999999	-0.40828000000000003	0.0	0.33021799999999996	-0.268063	-0.905041	0.0	-0.801924	-0.585414	-0.119201	0.0	2.38505	1.1322	1.25924	0.363976	
0	0.428726	0.140346	-0.892467	0.0	0.8630760000000001	0.228336	0.450514	0.0	0.26700999999999997	-0.963414	-0.0232362	0.0	-3.32651	-2.34544	-2.2871200000000003	0.350408	-0.497882	0.762664	-0.412864	0.0	0.33276	-0.271625	-0.9030450000000001	0.0	-0.800864	-0.5869949999999999	-0.118547	0.0	2.38552	1.13248	1.27973	0.363966	
0	0.432483	0.13172799999999998	-0.891968	0.0	0.8638450000000001	0.22289099999999998	0.45176499999999997	0.0	0.258321	-0.9659030000000001	-0.017396599999999998	0.0	-3.3050699999999997	-2.40398	-2.30665	0.350916	-0.49851	0.7617619999999999	-0.41377200000000003	0.0	0.334811	-0.271084	-0.90245	0.0	-0.799618	-0.5884149999999999	-0.11990799999999999	0.0	2.39577	1.1357	1.28595	0.36396999999999996	
0	0.440012	0.106544	-0.891649	0.0	0.8651760000000001	0.215675	0.45271999999999996	0.0	0.24054099999999998	-0.970635	0.0027205	0.0	-3.3027900000000003	-2.5400099999999997	-2.31913	0.352236	-0.498245	0.7605850000000001	-0.41624799999999995	0.0	0.33637399999999995	-0.272915	-0.901316	0.0	-0.799127	-0.589091	-0.11986199999999998	0.0	2.40531	1.1340700000000001	1.28778	0.363976	
0	0.44339300000000004	0.079563	-0.8927889999999999	0.0	0.874189	0.181623	0.450341	0.0	0.197982	-0.980144	0.0109774	0.0	-3.27431	-2.52502	-2.3279099999999997	0.35684299999999997	-0.499357	0.758191	-0.41927200000000003	0.0	0.3412	-0.272726	-0.8995569999999999	0.0	-0.796383	-0.592256	-0.12250699999999999	0.0	2.4149599999999998	1.13688	1.26282	0.363501	
0	0.443229	0.0654666	-0.894015	0.0	0.877951	0.16964300000000002	0.44768800000000003	0.0	0.180972	-0.9833290000000001	0.0177141	0.0	-3.2658400000000003	-2.52177	-2.33517	0.3606	-0.497758	0.7580979999999999	-0.421336	0.0	0.342447	-0.274539	-0.898531	0.0	-0.796848	-0.591536	-0.122955	0.0	2.41954	1.146	1.25589	0.363145	
0	0.45523100000000005	0.025028599999999998	-0.890022	0.0	0.872001	0.189486	0.451342	0.0	0.17994300000000002	-0.9815649999999999	0.0644348	0.0	-3.27413	-2.53821	-2.3816200000000003	0.369234	-0.49580799999999997	0.758333	-0.423208	0.0	0.341781	-0.277605	-0.8978430000000001	0.0	-0.798349	-0.589802	-0.121545	0.0	2.42283	1.1654200000000001	1.25099	0.363241	
0	0.46755399999999997	-0.000828981	-0.883964	0.0	0.865267	0.20501799999999998	0.45747299999999996	0.0	0.18085	-0.978758	0.0965745	0.0	-3.2812900000000003	-2.55242	-2.41553	0.37558600000000003	-0.49411099999999997	0.75905	-0.423907	0.0	0.341321	-0.279075	-0.8975620000000001	0.0	-0.799596	-0.588184	-0.12118599999999999	0.0	2.42057	1.17016	1.25064	0.36336399999999996	
0	0.477871	-0.00770625	-0.878396	0.0	0.858381	0.21651700000000002	0.46508299999999997	0.0	0.186604	-0.976249	0.110082	0.0	-3.28555	-2.5591	-2.43087	0.376734	-0.49354799999999993	0.759722	-0.42335900000000004	0.0	0.33841	-0.280663	-0.8981690000000001	0.0	-0.80118	-0.586558	-0.118577	0.0	2.41712	1.1707	1.24835	0.363766	
0	0.478138	-0.018477	-0.8780899999999999	0.0	0.8591559999999999	0.21736100000000003	0.46325500000000003	0.0	0.182303	-0.975917	0.11980299999999999	0.0	-3.286	-2.56162	-2.44068	0.379873	-0.491396	0.760373	-0.424692	0.0	0.339173	-0.282058	-0.897444	0.0	-0.80218	-0.585044	-0.119296	0.0	2.41297	1.17429	1.2505899999999999	0.36377800000000005	
0	0.45673199999999997	-0.0523672	-0.8880620000000001	0.0	0.871965	0.224161	0.43523500000000004	0.0	0.176277	-0.973144	0.148044	0.0	-3.2886699999999998	-2.56652	-2.45575	0.37966300000000003	-0.491782	0.761178	-0.422799	0.0	0.336497	-0.281706	-0.898561	0.0	-0.80307	-0.584166	-0.117596	0.0	2.4104799999999997	1.17425	1.2529700000000001	0.363983	
0	0.443304	-0.0441855	-0.895282	0.0	0.876389	0.231082	0.422544	0.0	0.18821400000000002	-0.97193	0.141163	0.0	-3.29661	-2.5686	-2.4433	0.376562	-0.49248000000000003	0.76052	-0.42317	0.0	0.337146	-0.28155	-0.898367	0.0	-0.802369	-0.585097	-0.117749	0.0	2.40991	1.17159	1.25264	0.36397199999999996	
0	0.422608	0.0173706	-0.9061459999999999	0.0	0.8798309999999999	0.23206100000000002	0.414783	0.0	0.217486	-0.9725459999999999	0.0827876	0.0	-3.31998	-2.56411	-2.38936	0.36589099999999997	-0.49120699999999995	0.759406	-0.426637	0.0	0.34234499999999995	-0.282069	-0.896235	0.0	-0.8009470000000001	-0.586294	-0.121425	0.0	2.41384	1.15937	1.24673	0.36385500000000004	
0	0.42149	0.0266558	-0.9064409999999999	0.0	0.8792530000000001	0.232631	0.41568900000000003	0.0	0.22194699999999998	-0.9722	0.07461439999999998	0.0	-3.3245199999999997	-2.56304	-2.38269	0.364188	-0.4904	0.759158	-0.42800299999999997	0.0	0.34205399999999997	-0.284038	-0.895724	0.0	-0.801565	-0.585663	-0.12038099999999999	0.0	2.41623	1.15283	1.2444899999999999	0.363904	
0	0.40121999999999997	0.0901762	-0.911532	0.0	0.8820399999999999	0.230352	0.41102700000000003	0.0	0.247038	-0.9689200000000001	0.0128827	0.0	-3.63533	-2.32436	-2.50446	0.345326	-0.488174	0.757648	-0.433192	0.0	0.34275500000000003	-0.290037	-0.893531	0.0	-0.802624	-0.5846779999999999	-0.118099	0.0	2.41808	1.10291	1.26025	0.363983	
0	0.399615	0.125575	-0.908041	0.0	0.874152	0.246025	0.418724	0.0	0.275982	-0.961095	-0.0114566	0.0	-3.56376	-1.99941	-2.42291	0.343868	-0.48775	0.756698	-0.43532600000000005	0.0	0.344113	-0.291638	-0.892487	0.0	-0.802301	-0.585112	-0.118144	0.0	2.41692	1.0987200000000001	1.26615	0.363964	
0	0.397926	0.155076	-0.904216	0.0	0.8726010000000001	0.24031100000000002	0.425227	0.0	0.283236	-0.9582290000000001	-0.039693099999999995	0.0	-3.5417699999999996	-1.8081900000000002	-2.41426	0.345147	-0.48728299999999997	0.756995	-0.435332	0.0	0.344451	-0.29148	-0.892408	0.0	-0.802439	-0.584806	-0.11871500000000001	0.0	2.41696	1.09712	1.2657200000000002	0.363979	
0	0.387818	0.23042600000000002	-0.8924690000000001	0.0	0.8662209999999999	0.239839	0.43833599999999995	0.0	0.315053	-0.9430700000000001	-0.10658599999999999	0.0	-3.52756	-1.3614600000000001	-2.48636	0.345062	-0.484915	0.756796	-0.43831099999999995	0.0	0.342258	-0.296989	-0.891436	0.0	-0.804809	-0.582286	-0.115005	0.0	2.41604	1.08581	1.2641799999999999	0.363982	
0	0.387837	0.233523	-0.891655	0.0	0.8651770000000001	0.24139699999999997	0.43954099999999996	0.0	0.317886	-0.94191	-0.10841600000000001	0.0	-3.53117	-1.3229	-2.4961599999999997	0.345142	-0.48494799999999993	0.756791	-0.438284	0.0	0.341956	-0.297169	-0.891491	0.0	-0.804917	-0.582201	-0.114678	0.0	2.41507	1.0828	1.2637	0.36396999999999996	
0	0.39668200000000003	0.225834	-0.8897430000000001	0.0	0.853089	0.267194	0.44816000000000006	0.0	0.338944	-0.9368059999999999	-0.0866652	0.0	-3.46126	-1.17288	-2.4762299999999997	0.345953	-0.48505	0.7558050000000001	-0.43987	0.0	0.342951	-0.29830100000000004	-0.8907309999999999	0.0	-0.804433	-0.582902	-0.11451300000000002	0.0	2.40784	1.0786200000000001	1.26397	0.36399000000000004	
0	0.410984	0.180419	-0.893611	0.0	0.851449	0.27431	0.44697600000000004	0.0	0.32577	-0.944565	-0.040880400000000004	0.0	-3.3159	-1.38447	-2.3206599999999997	0.345406	-0.485754	0.754027	-0.44213800000000003	0.0	0.3448	-0.29951500000000003	-0.889609	0.0	-0.8032159999999999	-0.58458	-0.114498	0.0	2.41154	1.08065	1.2628	0.363979	
0	0.41724700000000003	0.136257	-0.8985200000000001	0.0	0.860201	0.259753	0.43884300000000004	0.0	0.293188	-0.9560139999999999	-0.0088273	0.0	-3.3321099999999997	-1.6784	-2.2467799999999998	0.345099	-0.485858	0.752158	-0.445198	0.0	0.346086	-0.302171	-0.88821	0.0	-0.8026	-0.5856210000000001	-0.1135	0.0	2.4159900000000003	1.07492	1.27236	0.363966	
0	0.416784	0.101496	-0.9033209999999999	0.0	0.8666729999999999	0.25536	0.42856700000000003	0.0	0.27416999999999997	-0.9615040000000001	0.0184667	0.0	-3.40297	-1.9695599999999998	-2.23037	0.345111	-0.487183	0.749743	-0.44781499999999996	0.0	0.350252	-0.30198800000000003	-0.8866379999999999	0.0	-0.7999850000000001	-0.588803	-0.115475	0.0	2.4197599999999997	1.0896299999999999	1.28114	0.36396999999999996	
0	0.417283	0.0864194	-0.904658	0.0	0.866916	0.260792	0.42478699999999997	0.0	0.27263699999999996	-0.961519	0.0339057	0.0	-3.4296800000000003	-2.13214	-2.24214	0.34424299999999997	-0.486946	0.74974	-0.448078	0.0	0.34992199999999996	-0.302582	-0.886566	0.0	-0.8002739999999999	-0.5885020000000001	-0.11500899999999999	0.0	2.42307	1.0903200000000002	1.28249	0.36397199999999996	
0	0.424525	0.0456509	-0.904265	0.0	0.874243	0.239142	0.422504	0.0	0.235535	-0.9699110000000001	0.06161180000000001	0.0	-3.4519	-2.4963599999999997	-2.24674	0.342643	-0.484595	0.749129	-0.45163400000000004	0.0	0.352182	-0.305523	-0.88466	0.0	-0.800709	-0.587759	-0.115775	0.0	2.42767	1.07684	1.27674	0.363973	
0	0.420408	0.030820499999999997	-0.906811	0.0	0.883388	0.214193	0.416829	0.0	0.20707899999999999	-0.976305	0.062822	0.0	-3.54604	-2.70847	-2.31115	0.344377	-0.483737	0.748909	-0.452917	0.0	0.352526	-0.306933	-0.884035	0.0	-0.801077	-0.587305	-0.11553499999999998	0.0	2.43093	1.07181	1.27552	0.363975	
0	0.419713	0.014757499999999998	-0.907537	0.0	0.8857520000000001	0.211681	0.41308	0.0	0.198204	-0.9772270000000001	0.07577360000000001	0.0	-3.60325	-2.8111900000000003	-2.3416099999999997	0.343698	-0.4833	0.748938	-0.45333500000000004	0.0	0.352879	-0.307242	-0.8837870000000001	0.0	-0.801185	-0.5871069999999999	-0.11579400000000001	0.0	2.43111	1.07579	1.27566	0.363973	
0	0.423439	-0.00820386	-0.9058879999999999	0.0	0.884474	0.220057	0.411437	0.0	0.195972	-0.975453	0.100437	0.0	-3.6681800000000004	-2.98264	-2.34626	0.34431999999999996	-0.48234899999999997	0.7487550000000001	-0.45464799999999994	0.0	0.35236100000000004	-0.309332	-0.8832639999999999	0.0	-0.801986	-0.586242	-0.114626	0.0	2.4283099999999997	1.09351	1.28451	0.363977	
0	0.423378	-0.0224179	-0.905676	0.0	0.886222	0.217752	0.408894	0.0	0.188046	-0.9757469999999999	0.11205799999999999	0.0	-3.67107	-3.15702	-2.38647	0.344092	-0.48331199999999996	0.74842	-0.45417799999999997	0.0	0.352456	-0.30854499999999996	-0.883502	0.0	-0.8013640000000001	-0.5870850000000001	-0.11466199999999999	0.0	2.42751	1.09979	1.28206	0.364003	
0	0.425836	-0.0315186	-0.904251	0.0	0.884561	0.224703	0.408731	0.0	0.190305	-0.973917	0.12356700000000001	0.0	-3.6800599999999997	-3.22982	-2.39878	0.344702	-0.48347799999999996	0.748078	-0.454564	0.0	0.35278699999999996	-0.308729	-0.8833049999999999	0.0	-0.801118	-0.5874229999999999	-0.114649	0.0	2.42918	1.1022100000000001	1.27496	0.36397399999999996	
0	0.43448400000000004	-0.0352694	-0.8999889999999999	0.0	0.8751479999999999	0.252764	0.41258599999999995	0.0	0.21293299999999998	-0.966885	0.140688	0.0	-3.63164	-3.35921	-2.37765	0.34622800000000004	-0.482862	0.7472260000000001	-0.45661499999999994	0.0	0.354644	-0.309893	-0.8821530000000001	0.0	-0.80067	-0.5878939999999999	-0.11536300000000001	0.0	2.43467	1.1017	1.2723200000000001	0.36398	
0	0.435654	-0.0374707	-0.899334	0.0	0.87146	0.26765300000000003	0.410999	0.0	0.225309	-0.9627870000000001	0.149258	0.0	-3.54469	-3.3971400000000003	-2.39577	0.34613499999999997	-0.48400200000000004	0.748784	-0.452841	0.0	0.353403	-0.306154	-0.8839549999999999	0.0	-0.80053	-0.5878720000000001	-0.116444	0.0	2.4329099999999997	1.08804	1.2698399999999999	0.363985	
0	0.429881	-0.0277455	-0.902459	0.0	0.8707	0.277237	0.406229	0.0	0.238925	-0.9604010000000001	0.143337	0.0	-3.48959	-3.38275	-2.40611	0.34833600000000003	-0.48218	0.748259	-0.455643	0.0	0.35332600000000003	-0.309828	-0.882705	0.0	-0.801663	-0.586613	-0.11498599999999999	0.0	2.43965	1.0683200000000002	1.26149	0.363975	
0	0.421471	-0.0200209	-0.9066209999999999	0.0	0.870466	0.28925100000000004	0.398275	0.0	0.254267	-0.957044	0.13933800000000002	0.0	-3.4625199999999996	-3.3711300000000004	-2.39644	0.35026199999999996	-0.482146	0.748425	-0.45540699999999995	0.0	0.355273	-0.308129	-0.882518	0.0	-0.800823	-0.587296	-0.11733199999999999	0.0	2.44307	1.05974	1.2551	0.363966	
0	0.42386499999999994	-0.00819191	-0.9056879999999999	0.0	0.8637469999999999	0.304554	0.401482	0.0	0.272542	-0.9524600000000001	0.136166	0.0	-3.47095	-3.3774900000000003	-2.39292	0.345051	-0.480709	0.747993	-0.45763000000000004	0.0	0.35602	-0.31045	-0.881403	0.0	-0.801354	-0.5866239999999999	-0.11706400000000002	0.0	2.44518	1.0532700000000002	1.25674	0.363967	
0	0.42418	-0.00814831	-0.905541	0.0	0.865182	0.298977	0.402584	0.0	0.26745599999999997	-0.954226	0.13387000000000002	0.0	-3.46622	-3.3726599999999998	-2.39072	0.343969	-0.47963199999999995	0.747696	-0.459243	0.0	0.356243	-0.312371	-0.880634	0.0	-0.8019	-0.585982	-0.11653800000000002	0.0	2.44712	1.0618	1.25787	0.363973	
0	0.429204	-0.0056307	-0.9031899999999999	0.0	0.8661549999999999	0.286047	0.409821	0.0	0.25604699999999997	-0.958199	0.12765	0.0	-3.45911	-3.3666	-2.38972	0.345053	-0.478793	0.7476109999999999	-0.46025600000000005	0.0	0.354509	-0.314972	-0.8804069999999999	0.0	-0.8031689999999999	-0.584697	-0.114229	0.0	2.44329	1.07674	1.2632299999999999	0.36399000000000004	
0	0.43466000000000005	-0.00532216	-0.9005790000000001	0.0	0.8659370000000001	0.277211	0.41630200000000006	0.0	0.247435	-0.960794	0.125101	0.0	-3.45261	-3.3618	-2.3902799999999997	0.34475	-0.479084	0.7452310000000001	-0.46379899999999996	0.0	0.356476	-0.31766300000000003	-0.8786440000000001	0.0	-0.802124	-0.586278	-0.11347	0.0	2.43709	1.09714	1.27636	0.363973	
0	0.46083599999999997	-0.00839564	-0.887446	0.0	0.856411	0.266498	0.44219899999999995	0.0	0.23279	-0.963799	0.130002	0.0	-3.44054	-3.35711	-2.4064900000000002	0.346375	-0.479332	0.743534	-0.46626000000000006	0.0	0.359118	-0.31858800000000004	-0.877232	0.0	-0.800797	-0.587928	-0.11430699999999999	0.0	2.4494	1.10778	1.27754	0.363685	
0	0.46898900000000004	-0.00877789	-0.8831610000000001	0.0	0.8525469999999999	0.265671	0.45009099999999996	0.0	0.230679	-0.964024	0.13208	0.0	-3.4384699999999997	-3.35795	-2.41175	0.346767	-0.47948500000000005	0.742595	-0.46759700000000004	0.0	0.35935100000000003	-0.31997	-0.876633	0.0	-0.8006	-0.588364	-0.11343199999999999	0.0	2.45965	1.11132	1.27942	0.36342399999999997	
0	0.47705	-0.00844568	-0.8788360000000001	0.0	0.847651	0.268595	0.457541	0.0	0.23218699999999998	-0.963216	0.135292	0.0	-3.43919	-3.36107	-2.41813	0.347258	-0.47796099999999997	0.741323	-0.47116199999999997	0.0	0.362531	-0.32209499999999996	-0.8745430000000001	0.0	-0.800078	-0.588809	-0.114804	0.0	2.46805	1.11748	1.26766	0.36275100000000005	
0	0.47968900000000003	-0.0120024	-0.8773559999999999	0.0	0.8474459999999999	0.265533	0.459703	0.0	0.22745	-0.9640270000000001	0.137545	0.0	-3.43583	-3.3594199999999996	-2.4213400000000003	0.347493	-0.47718900000000003	0.7414430000000001	-0.47175500000000004	0.0	0.36178699999999997	-0.32347	-0.874344	0.0	-0.800875	-0.587902	-0.11388800000000002	0.0	2.47086	1.11496	1.25855	0.362749	
