3	0.263042	0.8352229999999999	-0.48291999999999996	0.0	0.392728	0.364504	0.8443350000000001	0.0	0.881234	-0.41175200000000006	-0.23213499999999998	0.0	-2.7801099999999996	2.01797	1.36214	-1.62125e-05	-0.593132	0.516197	-0.617846	0.0	0.7504069999999999	0.0764204	-0.656543	0.0	-0.29169	-0.8530540000000001	-0.43268500000000004	0.0	2.66032	2.0	1.53809	0.0	
3	0.263042	0.8352229999999999	-0.48291999999999996	0.0	0.392728	0.364504	0.8443350000000001	0.0	0.881234	-0.41175200000000006	-0.23213499999999998	0.0	-2.7801099999999996	2.01797	1.36214	-1.62125e-05	-0.593132	0.516197	-0.617846	0.0	0.7504069999999999	0.0764204	-0.656543	0.0	-0.29169	-0.8530540000000001	-0.43268500000000004	0.0	2.66032	2.0	1.53809	0.0	
3	-0.00292669	0.884733	-0.46608900000000003	0.0	0.0965315	0.464164	0.880473	0.0	0.995326	-0.0424154	-0.08676310000000001	0.0	-2.89133	2.15326	1.32932	0.0	-0.189743	0.8716010000000001	-0.452007	0.0	0.0294222	-0.45511599999999997	-0.8899459999999999	0.0	-0.9813930000000001	-0.18216	0.0607105	0.0	2.73667	2.0273	1.51278	0.0	
3	0.00753859	0.871993	-0.489461	0.0	0.100596	0.48633000000000004	0.867965	0.0	0.994899	-0.0557811	-0.0840527	0.0	-2.8902900000000002	2.1766799999999997	1.33192	0.0	-0.188936	0.869334	-0.45668500000000006	0.0	0.031945299999999996	-0.459374	-0.887668	0.0	-0.9814700000000001	-0.182301	0.059021000000000004	0.0	2.75052	2.05083	1.47559	0.0	
3	0.024081900000000003	0.8576299999999999	-0.513703	0.0	0.114731	0.5080859999999999	0.8536299999999999	0.0	0.9931049999999999	-0.0794948	-0.0861611	0.0	-2.88916	2.18181	1.34059	0.0	-0.20109200000000002	0.8585430000000001	-0.47166199999999997	0.0	0.0641859	-0.46891499999999997	-0.880908	0.0	-0.977467	-0.207418	0.0391888	0.0	2.75873	2.07362	1.45397	0.0	
3	0.0218679	0.8584430000000001	-0.512443	0.0	0.09912860000000001	0.508178	0.8555280000000001	0.0	0.994834	-0.0695065	-0.0739836	0.0	-2.84665	2.17137	1.33694	0.0	-0.185278	0.866044	-0.46437	0.0	0.055722100000000004	-0.46253299999999997	-0.88485	0.0	-0.9811049999999999	-0.18981900000000002	0.037439099999999996	0.0	2.76325	2.07923	1.43598	0.150171	
3	0.018442300000000002	0.876915	-0.48029099999999997	0.0	0.12736	0.4744	0.8710479999999999	0.0	0.991685	-0.0772342	-0.10293499999999998	0.0	-2.87778	2.1793400000000003	1.29562	0.211596	-0.184024	0.876041	-0.445744	0.0	0.0492693	-0.444698	-0.894325	0.0	-0.9816860000000001	-0.186538	0.038673	0.0	2.7080900000000003	2.04277	1.4274200000000001	0.293984	
3	0.013015299999999999	0.8839739999999999	-0.467355	0.0	0.13581700000000002	0.4615	0.876682	0.0	0.990649	-0.07488500000000001	-0.114052	0.0	-2.84223	2.16696	1.2501200000000001	0.346152	-0.18292	0.8767440000000001	-0.44481499999999996	0.0	0.0541058	-0.44278500000000004	-0.8949940000000001	0.0	-0.9816379999999999	-0.187779	0.033557199999999995	0.0	2.67288	2.02482	1.44665	0.295462	
3	0.00932305	0.881164	-0.472718	0.0	0.127673	0.467821	0.874553	0.0	0.9917729999999999	-0.0685066	-0.10813900000000001	0.0	-2.78585	2.17156	1.2738399999999999	0.35091700000000003	-0.184496	0.8762690000000001	-0.445101	0.0	0.05041180000000001	-0.443842	-0.8946860000000001	0.0	-0.98154	-0.187505	0.037712699999999995	0.0	2.6590700000000003	2.02356	1.4552	0.30554699999999996	
3	0.0225935	0.880922	-0.47272200000000003	0.0	0.143809	0.46506099999999995	0.8735200000000001	0.0	0.989348	-0.0877177	-0.116177	0.0	-2.7741	2.1787	1.2989899999999999	0.350893	-0.186651	0.876447	-0.443849	0.0	0.054537199999999994	-0.44184799999999996	-0.895431	0.0	-0.9809120000000001	-0.191339	0.0346721	0.0	2.6537	2.02012	1.46013	0.304476	
3	0.0130713	0.873833	-0.48605	0.0	0.14138199999999998	0.47959300000000005	0.866027	0.0	0.989869	-0.0800386	-0.117275	0.0	-2.77178	2.18325	1.30029	0.34980300000000003	-0.187161	0.876549	-0.44343299999999997	0.0	0.055527999999999994	-0.441248	-0.895666	0.0	-0.980759	-0.19225699999999998	0.033911199999999996	0.0	2.6600099999999998	2.02261	1.4646700000000001	0.301119	
3	0.0191518	0.87284	-0.48763100000000004	0.0	0.148812	0.479799	0.8646659999999999	0.0	0.9886799999999999	-0.0891253	-0.1207	0.0	-2.77248	2.18664	1.30702	0.349598	-0.187615	0.877856	-0.440647	0.0	0.0522374	-0.439061	-0.8969370000000001	0.0	-0.9808520000000001	-0.191297	0.03651769999999999	0.0	2.65918	2.01001	1.4743600000000001	0.29119	
3	0.0159903	0.8719319999999999	-0.48936599999999997	0.0	0.144571	0.48226899999999995	0.8640120000000001	0.0	0.9893649999999999	-0.08456419999999999	-0.118345	0.0	-2.77336	2.1846200000000002	1.30827	0.349598	-0.186392	0.8775950000000001	-0.44168500000000005	0.0	0.051678699999999994	-0.440183	-0.8964200000000001	0.0	-0.981115	-0.189911	0.036693800000000006	0.0	2.65488	2.01051	1.4893399999999999	0.29189899999999996	
3	0.0123598	0.869252	-0.49421499999999996	0.0	0.143967	0.48755600000000004	0.86114	0.0	0.989506	-0.0817942	-0.119117	0.0	-2.77395	2.18743	1.3111899999999999	0.349641	-0.187621	0.877575	-0.44120299999999996	0.0	0.049342500000000004	-0.440192	-0.896547	0.0	-0.981001	-0.18998099999999998	0.039287699999999995	0.0	2.64122	2.01479	1.51807	0.291797	
3	0.0115194	0.8689819999999999	-0.49471000000000004	0.0	0.143217	0.488208	0.8608959999999999	0.0	0.989624	-0.0807683	-0.11882899999999999	0.0	-2.77419	2.18902	1.3103200000000002	0.34989499999999996	-0.189899	0.877541	-0.440296	0.0	0.0522606	-0.43878599999999995	-0.897071	0.0	-0.9804120000000001	-0.193363	0.0374642	0.0	2.6408	2.0171	1.52644	0.291159	
3	0.00549524	0.86641	-0.49930399999999997	0.0	0.137008	0.49395	0.8586280000000001	0.0	0.990555	-0.0731269	-0.11599000000000001	0.0	-2.77105	2.19884	1.3092700000000002	0.35042	-0.19422	0.8758	-0.441874	0.0	0.0544533	-0.44013199999999997	-0.896281	0.0	-0.9794459999999999	-0.19813699999999998	0.0377918	0.0	2.65414	2.0190900000000003	1.54375	0.292088	
3	-0.00256485	0.8624850000000001	-0.506077	0.0	0.12899000000000002	0.5021359999999999	0.855115	0.0	0.991643	-0.063086	-0.11254000000000002	0.0	-2.7683299999999997	2.2028	1.30293	0.350491	-0.200468	0.875851	-0.438975	0.0	0.0607422	-0.436097	-0.897848	0.0	-0.977816	-0.206654	0.034222	0.0	2.65902	2.0257	1.57267	0.291362	
3	-0.00128695	0.8661139999999999	-0.499845	0.0	0.129518	0.49578	0.858736	0.0	0.991576	-0.06363390000000001	-0.11281500000000001	0.0	-2.76796	2.19732	1.30164	0.349837	-0.205141	0.8758809999999999	-0.436749	0.0	0.0638122	-0.43332	-0.898978	0.0	-0.97665	-0.21228699999999998	0.0329996	0.0	2.66686	2.0213	1.5910799999999998	0.290296	
3	-0.00164248	0.865822	-0.50035	0.0	0.127075	0.496475	0.858699	0.0	0.991892	-0.06217140000000001	-0.11083900000000001	0.0	-2.7631900000000003	2.1985099999999997	1.30029	0.349152	-0.209479	0.8767809999999999	-0.43286800000000003	0.0	0.066704	-0.428845	-0.900912	0.0	-0.975535	-0.217596	0.0313491	0.0	2.68777	1.9850299999999999	1.59818	0.290391	
3	-0.00215293	0.862984	-0.5052270000000001	0.0	0.128064	0.501306	0.855741	0.0	0.991764	-0.0628592	-0.111597	0.0	-2.75751	2.2052400000000003	1.3103200000000002	0.349179	-0.209846	0.875973	-0.43432299999999996	0.0	0.0678779	-0.43009	-0.900231	0.0	-0.975375	-0.21839099999999997	0.0307935	0.0	2.69382	1.96586	1.60974	0.289354	
3	-0.00257458	0.862417	-0.506193	0.0	0.13279000000000002	0.5020060000000001	0.8546090000000001	0.0	0.9911409999999999	-0.0650171	-0.11581300000000001	0.0	-2.75754	2.21115	1.32174	0.349729	-0.210286	0.8780309999999999	-0.429933	0.0	0.0658875	-0.42603800000000003	-0.9023030000000001	0.0	-0.975417	-0.21806799999999998	0.0317381	0.0	2.69312	1.94871	1.62255	0.289517	
3	0.0169291	0.859301	-0.5111899999999999	0.0	0.152451	0.503067	0.8506950000000001	0.0	0.988166	-0.0923327	-0.122484	0.0	-2.76473	2.20865	1.3249	0.348354	-0.209223	0.8789959999999999	-0.42847700000000005	0.0	0.0642527	-0.42486999999999997	-0.902971	0.0	-0.9757549999999999	-0.216453	0.0324147	0.0	2.69483	1.93905	1.61868	0.290162	
3	0.141697	0.841103	-0.521984	0.0	0.294232	0.467688	0.833484	0.0	0.9451719999999999	-0.271687	-0.18120899999999998	0.0	-2.93851	2.04039	1.1353600000000001	0.346669	-0.21700100000000003	0.880935	-0.42055200000000004	0.0	0.07105460000000001	-0.41541999999999996	-0.90685	0.0	-0.973582	-0.226669	0.027551999999999997	0.0	2.69924	1.91448	1.58385	0.288696	
3	0.250342	0.803134	-0.5406529999999999	0.0	0.333519	0.45271300000000003	0.826932	0.0	0.908897	-0.387334	-0.154528	0.0	-3.09629	1.7746	0.7883939999999999	0.34722800000000004	-0.220185	0.8798950000000001	-0.421073	0.0	0.0697969	-0.41634899999999997	-0.9065219999999999	0.0	-0.972958	-0.228992	0.030260000000000002	0.0	2.70155	1.89074	1.5479100000000001	0.285364	
3	0.45772299999999994	0.75851	-0.463846	0.0	0.315913	0.348911	0.8823040000000001	0.0	0.8310770000000001	-0.5503859999999999	-0.0799187	0.0	-3.2945300000000004	1.28998	0.243729	0.31493000000000004	-0.222732	0.881591	-0.41615699999999994	0.0	0.06752530000000001	-0.411904	-0.9087219999999999	0.0	-0.9725379999999999	-0.230503	0.032214599999999996	0.0	2.70358	1.8743299999999998	1.5357100000000001	0.28662600000000005	
3	0.587599	0.733567	-0.341477	0.0	0.234641	0.24940700000000002	0.939542	0.0	0.774384	-0.632199	-0.0255734	0.0	-3.4335	0.886814	-0.150998	0.288507	-0.224071	0.88146	-0.41571800000000003	0.0	0.0668716	-0.411653	-0.908884	0.0	-0.972276	-0.231454	0.033294699999999997	0.0	2.6985900000000003	1.86137	1.52398	0.28553	
3	0.6818649999999999	0.6675220000000001	-0.299124	0.0	0.22920900000000002	0.193355	0.9539799999999999	0.0	0.6946399999999999	-0.719047	-0.0211602	0.0	-3.50455	0.45098999999999995	-0.6700689999999999	0.28623000000000004	-0.222336	0.8802040000000001	-0.419293	0.0	0.0621653	-0.41638400000000003	-0.907061	0.0	-0.972986	-0.22773800000000002	0.037859199999999996	0.0	2.67046	1.84001	1.5234299999999998	0.28682199999999997	
3	0.7366739999999999	0.592904	-0.325231	0.0	0.270127	0.182902	0.945293	0.0	0.619954	-0.784227	-0.0254208	0.0	-3.5438400000000003	0.22225300000000003	-0.9801110000000001	0.243561	-0.22254000000000002	0.8773350000000001	-0.425159	0.0	0.0622947	-0.422407	-0.9042629999999999	0.0	-0.972931	-0.227719	0.039348900000000006	0.0	2.6619099999999998	1.8426	1.53033	0.286977	
3	0.771729	0.541738	-0.333098	0.0	0.294675	0.15954400000000002	0.942185	0.0	0.563561	-0.825267	-0.036511199999999994	0.0	-3.51629	0.0966182	-1.32504	0.147014	-0.218759	0.876491	-0.428845	0.0	0.0609862	-0.42635	-0.9025	0.0	-0.9738709999999999	-0.223584	0.0398138	0.0	2.65377	1.8481299999999998	1.5339200000000002	0.287081	
3	0.6305470000000001	0.563738	-0.533488	0.0	0.419166	0.331158	0.845361	0.0	0.653231	-0.75666	-0.027489	0.0	-3.48251	0.03986459999999999	-1.56443	0.132441	-0.219212	0.87445	-0.43276400000000004	0.0	0.058879999999999995	-0.43088699999999996	-0.900483	0.0	-0.973899	-0.222877	0.0429676	0.0	2.63636	1.8516700000000001	1.55349	0.288086	
3	0.496788	0.580738	-0.644938	0.0	0.459685	0.454246	0.7631180000000001	0.0	0.736133	-0.6755770000000001	-0.041292800000000005	0.0	-3.37103	0.038529400000000005	-1.7522900000000001	0.356527	-0.21943400000000002	0.872859	-0.43585100000000004	0.0	0.0592062	-0.43400200000000005	-0.898965	0.0	-0.9738290000000001	-0.223068	0.043556	0.0	2.6177200000000003	1.8616400000000002	1.57168	0.289012	
3	0.349181	0.5957180000000001	-0.72332	0.0	0.422125	0.589148	0.688996	0.0	0.83659	-0.545916	-0.0457479	0.0	-3.21773	0.0884459	-1.9719099999999998	0.353023	-0.22068600000000002	0.8710530000000001	-0.438821	0.0	0.05887869999999999	-0.43719600000000003	-0.897437	0.0	-0.9735659999999999	-0.22388899999999998	0.0451964	0.0	2.61238	1.87322	1.5855700000000001	0.289094	
3	0.26963200000000004	0.606642	-0.747853	0.0	0.34260300000000005	0.665369	0.663255	0.0	0.899957	-0.435051	-0.028432699999999998	0.0	-3.1238900000000003	0.17769000000000001	-2.11088	0.35136300000000004	-0.220667	0.870484	-0.43996	0.0	0.0612025	-0.43783199999999994	-0.896971	0.0	-0.973427	-0.224858	0.0433392	0.0	2.62241	1.8749099999999999	1.59083	0.288831	
3	0.21530900000000003	0.621123	-0.7535569999999999	0.0	0.24340900000000001	0.713167	0.657378	0.0	0.945724	-0.324961	0.00236422	0.0	-3.08683	0.27921799999999997	-2.18005	0.357748	-0.22066100000000002	0.870458	-0.440013	0.0	0.057342899999999995	-0.438775	-0.8967649999999999	0.0	-0.973664	-0.223113	0.0469059	0.0	2.6164	1.8752400000000002	1.61535	0.289479	
3	0.168163	0.573626	-0.80167	0.0	0.147626	0.789425	0.5958319999999999	0.0	0.974642	-0.21854400000000002	0.0480698	0.0	-2.98665	0.41719399999999995	-2.07082	0.16717200000000002	-0.227756	0.867606	-0.44202600000000003	0.0	0.0595855	-0.440688	-0.8956799999999999	0.0	-0.971893	-0.23033499999999998	0.0486726	0.0	2.61714	1.8662900000000002	1.64052	0.289604	
3	0.193417	0.655193	-0.730282	0.0	0.137444	0.718903	0.6813859999999999	0.0	0.971442	-0.232165	0.048995800000000006	0.0	-2.97093	0.46413000000000004	-2.0178599999999998	0.179825	-0.229738	0.8670899999999999	-0.442013	0.0	0.061213699999999996	-0.44038900000000003	-0.895718	0.0	-0.971326	-0.23283800000000002	0.0480962	0.0	2.62448	1.8631400000000002	1.6430099999999999	0.28923000000000004	
3	0.179796	0.741429	-0.646496	0.0	0.18678	0.6195189999999999	0.762436	0.0	0.965809	-0.257836	-0.0270969	0.0	-2.96702	0.5602689999999999	-1.99273	0.330425	-0.231692	0.865956	-0.44321499999999997	0.0	0.0658336	-0.44061000000000006	-0.895281	0.0	-0.9705590000000001	-0.23660799999999998	0.0450767	0.0	2.6430000000000002	1.8628099999999999	1.6398599999999999	0.28820100000000004	
3	0.187391	0.756039	-0.627128	0.0	0.20961999999999997	0.592953	0.777475	0.0	0.959658	-0.27715	-0.0473666	0.0	-2.99853	0.593545	-2.00542	0.309683	-0.229821	0.866201	-0.44371000000000005	0.0	0.06403260000000001	-0.441468	-0.8949889999999999	0.0	-0.971124	-0.2341	0.0459935	0.0	2.6482099999999997	1.86322	1.6404299999999998	0.287532	
3	0.24613800000000002	0.8026270000000001	-0.543329	0.0	0.22183200000000003	0.49904499999999996	0.8377020000000001	0.0	0.943508	-0.326718	-0.0552143	0.0	-3.0623099999999996	0.6032890000000001	-2.00952	0.202562	-0.228073	0.8671559999999999	-0.44274399999999997	0.0	0.0602248	-0.44129399999999996	-0.895339	0.0	-0.97178	-0.23086700000000002	0.0484227	0.0	2.64487	1.8659400000000002	1.6412400000000003	0.287551	
3	0.392361	0.799438	-0.45491899999999996	0.0	0.25099699999999997	0.382753	0.889101	0.0	0.8849030000000001	-0.46303199999999994	-0.0504794	0.0	-3.1230900000000004	0.571279	-1.9858200000000001	0.06613480000000001	-0.22802199999999997	0.867226	-0.442634	0.0	0.0592049	-0.44141899999999995	-0.8953459999999999	0.0	-0.9718549999999999	-0.23036399999999999	0.0493089	0.0	2.6362099999999997	1.85782	1.6425900000000002	0.288112	
3	0.394534	0.769858	-0.501659	0.0	0.278495	0.420084	0.8636959999999999	0.0	0.875662	-0.48046700000000003	-0.048664599999999995	0.0	-3.15276	0.5304909999999999	-1.99453	0.00851285	-0.227894	0.8665299999999999	-0.444061	0.0	0.0575237	-0.443283	-0.894534	0.0	-0.971985	-0.22940300000000002	0.05117530000000001	0.0	2.6331	1.8549400000000003	1.64457	0.288333	
3	0.474342	0.688189	-0.548995	0.0	0.350102	0.42471499999999995	0.834893	0.0	0.8077310000000001	-0.588229	-0.039476	0.0	-3.18604	0.40620100000000003	-2.00189	0.0470208	-0.228343	0.8655430000000001	-0.445751	0.0	0.0557361	-0.445475	-0.893558	0.0	-0.971984	-0.22888200000000003	0.053479	0.0	2.62587	1.85684	1.6439099999999998	0.288979	
3	0.5457310000000001	0.650461	-0.5282789999999999	0.0	0.376877	0.372548	0.84804	0.0	0.748426	-0.661898	-0.0418328	0.0	-3.27172	0.21925799999999998	-2.0232	0.354364	-0.230069	0.864576	-0.44673999999999997	0.0	0.0555779	-0.446632	-0.89299	0.0	-0.9715860000000001	-0.230278	0.0547047	0.0	2.6255599999999997	1.8567599999999997	1.64468	0.28934099999999996	
3	0.539406	0.569851	-0.6199279999999999	0.0	0.424692	0.451608	0.7846569999999999	0.0	0.727102	-0.686527	0.00158912	0.0	-3.30568	0.00699422	-2.03536	0.350666	-0.2339	0.862466	-0.448824	0.0	0.056203300000000005	-0.448863	-0.8918309999999999	0.0	-0.970635	-0.233825	0.0565154	0.0	2.63501	1.85486	1.6454	0.289179	
3	0.5438529999999999	0.504151	-0.670862	0.0	0.47716899999999995	0.47183	0.741408	0.0	0.690314	-0.723332	0.0160405	0.0	-3.3590699999999996	-0.236918	-1.9662	0.351585	-0.23517399999999997	0.8610680000000001	-0.45083900000000005	0.0	0.057998	-0.45059	-0.8908450000000001	0.0	-0.9702209999999999	-0.23565100000000003	0.0560265	0.0	2.6427099999999997	1.84925	1.64303	0.288694	
3	0.5216529999999999	0.48043900000000006	-0.705022	0.0	0.500307	0.4971	0.708932	0.0	0.6910649999999999	-0.722544	0.018946599999999997	0.0	-3.38245	-0.290175	-1.99005	0.351505	-0.234525	0.8613559999999999	-0.45062700000000006	0.0	0.058246000000000006	-0.450271	-0.89099	0.0	-0.9703629999999999	-0.23520700000000003	0.05542949999999999	0.0	2.6455599999999997	1.84559	1.64054	0.288451	
3	0.431439	0.327515	-0.840592	0.0	0.580283	0.612687	0.536551	0.0	0.6907479999999999	-0.71927	0.07428589999999999	0.0	-3.3453800000000005	-0.40702699999999997	-1.8306	0.351934	-0.237395	0.858756	-0.454074	0.0	0.057589800000000003	-0.454172	-0.889051	0.0	-0.9697049999999999	-0.237206	0.0583624	0.0	2.6401	1.82905	1.64557	0.289441	
3	0.41163500000000003	0.272991	-0.869501	0.0	0.5847979999999999	0.652629	0.481754	0.0	0.698976	-0.706789	0.109	0.0	-3.2925699999999996	-0.403903	-1.6118	0.352551	-0.24001199999999998	0.8572709999999999	-0.45550100000000004	0.0	0.0593227	-0.455387	-0.888315	0.0	-0.9689559999999999	-0.24022800000000002	0.058442999999999995	0.0	2.64683	1.83103	1.6485299999999998	0.288842	
3	0.40522800000000003	0.25351799999999997	-0.8783620000000001	0.0	0.585186	0.666235	0.462265	0.0	0.702388	-0.701327	0.12162200000000001	0.0	-3.27461	-0.402861	-1.5244799999999998	0.352978	-0.24118299999999998	0.857692	-0.45408699999999996	0.0	0.062253699999999995	-0.453263	-0.8892	0.0	-0.9684809999999999	-0.242729	0.055924699999999994	0.0	2.65025	1.82896	1.64419	0.288166	
3	0.40526999999999996	0.253725	-0.878282	0.0	0.585199	0.66609	0.46245699999999995	0.0	0.7023520000000001	-0.70139	0.121467	0.0	-3.27498	-0.402991	-1.52654	0.352979	-0.241173	0.857684	-0.454108	0.0	0.06220830000000001	-0.453296	-0.8891870000000001	0.0	-0.9684860000000001	-0.24269699999999997	0.0559674	0.0	2.65017	1.8289799999999998	1.64431	0.288172	
3	0.386854	0.19714	-0.9008219999999999	0.0	0.587306	0.700454	0.405507	0.0	0.7109260000000001	-0.68593	0.155192	0.0	-3.27849	-0.46748999999999996	-1.40896	0.35354800000000003	-0.24099299999999999	0.8576	-0.454362	0.0	0.0588701	-0.45438100000000003	-0.88886	0.0	-0.9687399999999999	-0.240957	0.05901569999999999	0.0	2.63173	1.8342200000000002	1.6901099999999998	0.288039	
3	0.38504099999999997	0.190936	-0.902932	0.0	0.590705	0.700721	0.400073	0.0	0.7090920000000001	-0.687411	0.157019	0.0	-3.29165	-0.47214799999999996	-1.33144	0.353406	-0.24171700000000002	0.857144	-0.454838	0.0	0.060136400000000007	-0.454604	-0.888661	0.0	-0.9684809999999999	-0.242157	0.05834009999999999	0.0	2.6314599999999997	1.8212	1.6879099999999998	0.287754	
3	0.379666	0.196338	-0.904049	0.0	0.5882229999999999	0.703013	0.39970900000000004	0.0	0.714036	-0.683538	0.15142	0.0	-3.2868699999999995	-0.449192	-1.2792	0.35358	-0.241186	0.856251	-0.456798	0.0	0.0594175	-0.45678199999999997	-0.887592	0.0	-0.968659	-0.24121599999999999	0.0592928	0.0	2.6324799999999997	1.8143099999999999	1.68976	0.287674	
3	0.37926	0.210186	-0.901101	0.0	0.583903	0.701098	0.40929099999999996	0.0	0.717787	-0.681384	0.14317	0.0	-3.27719	-0.40224499999999996	-1.26336	0.35344899999999996	-0.24087600000000003	0.855126	-0.459063	0.0	0.059993399999999995	-0.458966	-0.886426	0.0	-0.9687	-0.24105900000000002	0.0592518	0.0	2.63215	1.83064	1.6926400000000001	0.287614	
3	0.389866	0.23994000000000001	-0.8890629999999999	0.0	0.571292	0.6941890000000001	0.437866	0.0	0.72224	-0.678624	0.13356500000000002	0.0	-3.26594	-0.337834	-1.3094299999999999	0.352984	-0.23925	0.855736	-0.458776	0.0	0.05989540000000001	-0.45859099999999997	-0.886627	0.0	-0.969109	-0.23960399999999998	0.05846319999999999	0.0	2.63294	1.8481	1.69061	0.287609	
3	0.378805	0.24548699999999998	-0.892324	0.0	0.569994	0.697724	0.43392200000000003	0.0	0.729118	-0.672992	0.124376	0.0	-3.25795	-0.29693200000000003	-1.32666	0.353022	-0.238169	0.85703	-0.45692	0.0	0.0574097	-0.457212	-0.887503	0.0	-0.969526	-0.237607	0.05969169999999999	0.0	2.63047	1.84959	1.6882400000000002	0.288487	
3	0.384254	0.254879	-0.8873469999999999	0.0	0.57439	0.6864680000000001	0.44591099999999995	0.0	0.722789	-0.681027	0.117378	0.0	-3.24743	-0.264988	-1.32975	0.35328699999999996	-0.23871599999999998	0.8582629999999999	-0.454312	0.0	0.0570044	-0.454646	-0.8888469999999999	0.0	-0.9694149999999999	-0.23808	0.05960650000000001	0.0	2.6292400000000002	1.8487099999999999	1.6834200000000001	0.289681	
3	0.391162	0.269287	-0.880044	0.0	0.576204	0.673966	0.46234	0.0	0.717622	-0.6879350000000001	0.108465	0.0	-3.27055	-0.271414	-1.3732	0.354819	-0.241594	0.8578680000000001	-0.45353699999999997	0.0	0.0625173	-0.45265	-0.889494	0.0	-0.968361	-0.24325	0.055726	0.0	2.63185	1.8514099999999998	1.65447	0.290064	
3	0.393441	0.279748	-0.875754	0.0	0.574972	0.66842	0.471829	0.0	0.7173649999999999	-0.689171	0.102136	0.0	-3.2877099999999997	-0.271683	-1.46755	0.354617	-0.24424899999999997	0.8578319999999999	-0.45218100000000006	0.0	0.06666	-0.45034799999999997	-0.8903610000000001	0.0	-0.967419	-0.247612	0.052813900000000004	0.0	2.6469099999999997	1.84948	1.6221700000000001	0.29011	
3	0.393198	0.24278400000000003	-0.8868209999999999	0.0	0.60219	0.660859	0.447921	0.0	0.694811	-0.710156	0.113647	0.0	-3.29964	-0.28444400000000003	-1.51594	0.35401	-0.24737199999999998	0.856722	-0.45258699999999996	0.0	0.0731387	-0.44926099999999997	-0.890402	0.0	-0.9661559999999999	-0.253362	0.0484746	0.0	2.66039	1.83697	1.59353	0.28970799999999997	
3	0.381965	0.174179	-0.907615	0.0	0.652469	0.644696	0.398311	0.0	0.654512	-0.744332	0.132605	0.0	-3.35888	-0.3582	-1.48696	0.353798	-0.247167	0.855173	-0.455617	0.0	0.075239	-0.451849	-0.888916	0.0	-0.9660479999999999	-0.25399099999999997	0.0473397	0.0	2.66511	1.83338	1.58695	0.289989	
3	0.344359	0.0839785	-0.935075	0.0	0.70063	0.639983	0.31549699999999997	0.0	0.624927	-0.763786	0.161546	0.0	-3.3736699999999997	-0.45032700000000003	-1.3267200000000001	0.353792	-0.24647800000000003	0.854834	-0.45662700000000006	0.0	0.07711860000000001	-0.45237	-0.88849	0.0	-0.966075	-0.254208	0.045575199999999996	0.0	2.6629099999999997	1.8388	1.5856700000000001	0.289552	
3	0.331939	0.0252791	-0.9429620000000001	0.0	0.7208680000000001	0.637953	0.270861	0.0	0.608413	-0.76966	0.19353900000000002	0.0	-3.3868099999999997	-0.549219	-1.14106	0.354665	-0.24664499999999998	0.85449	-0.457179	0.0	0.0775434	-0.45283900000000005	-0.888214	0.0	-0.9659989999999999	-0.254525	0.0454305	0.0	2.66205	1.83771	1.58416	0.290049	
3	0.314719	0.015761700000000003	-0.9490540000000001	0.0	0.724314	0.642215	0.25085799999999997	0.0	0.61345	-0.766363	0.190701	0.0	-3.4008599999999998	-0.5797680000000001	-1.01404	0.354632	-0.247525	0.8554430000000001	-0.454916	0.0	0.0771628	-0.45063000000000003	-0.8893700000000001	0.0	-0.9658040000000001	-0.255244	0.045534	0.0	2.66249	1.8320900000000002	1.58365	0.28978899999999996	
3	0.319619	0.00905854	-0.9475030000000001	0.0	0.726815	0.639215	0.251286	0.0	0.607934	-0.768975	0.197722	0.0	-3.41433	-0.637512	-0.907243	0.35515399999999997	-0.248298	0.856126	-0.45320600000000005	0.0	0.0790318	-0.44839399999999996	-0.890335	0.0	-0.965454	-0.256886	0.043674	0.0	2.66771	1.82044	1.5755	0.289659	
3	0.319652	0.00960669	-0.947486	0.0	0.7266859999999999	0.639221	0.25164200000000003	0.0	0.60807	-0.768964	0.197347	0.0	-3.4164	-0.639841	-0.906329	0.355191	-0.24837399999999998	0.856133	-0.453153	0.0	0.0788291	-0.448396	-0.890352	0.0	-0.9654510000000001	-0.256862	0.0438819	0.0	2.66772	1.81991	1.57661	0.289648	
3	0.319648	0.00960484	-0.9474879999999999	0.0	0.726691	0.639217	0.251639	0.0	0.608067	-0.768966	0.197345	0.0	-3.4163699999999997	-0.639746	-0.9064200000000001	0.355191	-0.248373	0.856133	-0.453153	0.0	0.0788305	-0.448396	-0.890352	0.0	-0.9654520000000001	-0.256862	0.043879900000000006	0.0	2.66771	1.8199299999999998	1.57661	0.289648	
3	0.319648	0.00960484	-0.9474879999999999	0.0	0.726691	0.639217	0.251639	0.0	0.608067	-0.768966	0.197345	0.0	-3.4163699999999997	-0.639746	-0.9064209999999999	0.355191	-0.248373	0.856133	-0.453153	0.0	0.0788305	-0.448396	-0.890352	0.0	-0.9654520000000001	-0.256862	0.043879900000000006	0.0	2.66771	1.8199299999999998	1.57661	0.289648	
3	0.319648	0.00960487	-0.9474879999999999	0.0	0.726691	0.639217	0.251639	0.0	0.608067	-0.768966	0.197345	0.0	-3.4163699999999997	-0.639746	-0.9064209999999999	0.355191	-0.248373	0.856133	-0.453153	0.0	0.0788306	-0.448396	-0.890352	0.0	-0.9654520000000001	-0.256862	0.043879900000000006	0.0	2.66771	1.8199299999999998	1.57661	0.289648	
3	0.319648	0.0096049	-0.9474879999999999	0.0	0.726691	0.639217	0.251639	0.0	0.608067	-0.768966	0.197345	0.0	-3.4163699999999997	-0.639746	-0.9064209999999999	0.355191	-0.248373	0.856133	-0.453153	0.0	0.0788306	-0.448396	-0.890352	0.0	-0.9654520000000001	-0.256862	0.043879900000000006	0.0	2.66771	1.8199299999999998	1.57661	0.289648	
3	0.319648	0.00960487	-0.9474879999999999	0.0	0.726691	0.639217	0.251639	0.0	0.608067	-0.768966	0.197345	0.0	-3.4163699999999997	-0.639746	-0.9064209999999999	0.355191	-0.248373	0.856133	-0.453153	0.0	0.0788306	-0.448396	-0.890352	0.0	-0.9654520000000001	-0.256862	0.043879900000000006	0.0	2.66771	1.8199299999999998	1.57661	0.289648	
3	0.319648	0.00960487	-0.9474879999999999	0.0	0.726691	0.639217	0.251639	0.0	0.608067	-0.768966	0.197345	0.0	-3.4163699999999997	-0.639746	-0.9064209999999999	0.355191	-0.248373	0.856133	-0.453153	0.0	0.0788305	-0.448396	-0.890352	0.0	-0.9654520000000001	-0.256862	0.043879900000000006	0.0	2.66771	1.8199299999999998	1.57661	0.289648	
3	0.319648	0.00960487	-0.9474879999999999	0.0	0.726691	0.639217	0.251639	0.0	0.608067	-0.768966	0.197345	0.0	-3.4163699999999997	-0.639746	-0.9064209999999999	0.355191	-0.248373	0.856133	-0.453153	0.0	0.0788305	-0.448396	-0.890352	0.0	-0.9654520000000001	-0.256862	0.043879900000000006	0.0	2.66771	1.8199299999999998	1.57661	0.289648	
3	0.319648	0.0096049	-0.9474879999999999	0.0	0.726691	0.639217	0.251639	0.0	0.608067	-0.768966	0.197345	0.0	-3.4163699999999997	-0.639746	-0.9064209999999999	0.355191	-0.248373	0.856133	-0.453153	0.0	0.0788306	-0.448396	-0.890352	0.0	-0.9654520000000001	-0.256862	0.043879900000000006	0.0	2.66771	1.8199299999999998	1.57661	0.289648	
3	0.319648	0.00960493	-0.9474879999999999	0.0	0.726691	0.639217	0.251639	0.0	0.608067	-0.768966	0.197345	0.0	-3.4163699999999997	-0.639746	-0.9064209999999999	0.355191	-0.248373	0.856133	-0.453153	0.0	0.0788306	-0.448396	-0.890352	0.0	-0.9654520000000001	-0.256862	0.043879900000000006	0.0	2.66771	1.8199299999999998	1.57661	0.289648	
3	0.319648	0.00960481	-0.9474879999999999	0.0	0.726691	0.639217	0.251639	0.0	0.608067	-0.768966	0.197345	0.0	-3.4163699999999997	-0.639746	-0.9064209999999999	0.355191	-0.248373	0.856133	-0.453153	0.0	0.0788306	-0.448396	-0.890352	0.0	-0.9654520000000001	-0.256862	0.043879900000000006	0.0	2.66771	1.8199299999999998	1.57661	0.289648	
3	0.319648	0.00960487	-0.9474879999999999	0.0	0.726691	0.639217	0.251639	0.0	0.608067	-0.768966	0.197345	0.0	-3.4163699999999997	-0.639746	-0.9064209999999999	0.355191	-0.248373	0.856133	-0.453153	0.0	0.0788306	-0.448396	-0.890352	0.0	-0.9654520000000001	-0.256862	0.043879900000000006	0.0	2.66771	1.8199299999999998	1.57661	0.289648	
3	0.319648	0.00960487	-0.9474879999999999	0.0	0.726691	0.639217	0.251639	0.0	0.608067	-0.768966	0.197345	0.0	-3.4163699999999997	-0.639746	-0.9064209999999999	0.355191	-0.248373	0.856133	-0.453153	0.0	0.0788305	-0.448396	-0.890352	0.0	-0.9654520000000001	-0.256862	0.043879900000000006	0.0	2.66771	1.8199299999999998	1.57661	0.289648	
3	0.319648	0.0096049	-0.9474879999999999	0.0	0.726691	0.639217	0.251639	0.0	0.608067	-0.768966	0.197345	0.0	-3.4163699999999997	-0.639746	-0.9064209999999999	0.355191	-0.248373	0.856133	-0.453153	0.0	0.0788306	-0.448396	-0.890352	0.0	-0.9654510000000001	-0.256862	0.043879900000000006	0.0	2.66771	1.8199299999999998	1.57661	0.289648	
3	0.319648	0.0096049	-0.9474879999999999	0.0	0.726691	0.639217	0.251639	0.0	0.608067	-0.768966	0.197345	0.0	-3.4163699999999997	-0.639746	-0.9064209999999999	0.355191	-0.248373	0.856133	-0.453153	0.0	0.0788306	-0.448396	-0.890352	0.0	-0.9654520000000001	-0.256862	0.043879900000000006	0.0	2.66771	1.8199299999999998	1.57661	0.289648	
3	0.319648	0.00960487	-0.9474879999999999	0.0	0.726691	0.639217	0.251639	0.0	0.608067	-0.768966	0.197345	0.0	-3.4163699999999997	-0.639746	-0.9064209999999999	0.355191	-0.248373	0.856133	-0.453153	0.0	0.0788306	-0.448396	-0.890352	0.0	-0.9654520000000001	-0.256862	0.043879900000000006	0.0	2.66771	1.8199299999999998	1.57661	0.289648	
3	0.319648	0.00960493	-0.9474879999999999	0.0	0.72669	0.639217	0.251639	0.0	0.608067	-0.768966	0.197345	0.0	-3.4163699999999997	-0.639746	-0.9064209999999999	0.355191	-0.248373	0.856133	-0.453153	0.0	0.0788306	-0.448396	-0.890352	0.0	-0.9654510000000001	-0.256862	0.043879900000000006	0.0	2.66771	1.8199299999999998	1.57661	0.289648	
3	0.0119991	0.5532189999999999	-0.83295	0.0	0.25508800000000004	0.803754	0.537503	0.0	0.966843	-0.218925	-0.131475	0.0	-3.39089	-0.664125	-0.8882389999999999	0.303154	-0.224465	0.8553	-0.466988	0.0	0.0863991	-0.459862	-0.883777	0.0	-0.9706450000000001	-0.238724	0.0293258	0.0	2.66667	1.83864	1.62426	0.29233400000000004	
3	0.041345099999999996	0.5875520000000001	-0.808129	0.0	0.296404	0.7651979999999999	0.571504	0.0	0.954167	-0.263162	-0.142516	0.0	-3.39614	-0.5926130000000001	-0.9450219999999999	0.300784	-0.22439299999999998	0.855266	-0.467084	0.0	0.0828773	-0.460822	-0.8836149999999999	0.0	-0.970968	-0.236988	0.0325231	0.0	2.67698	1.83033	1.62061	0.29246700000000003	
3	0.06628719999999999	0.598701	-0.798225	0.0	0.38396399999999997	0.7230770000000001	0.5742229999999999	0.0	0.920966	-0.344553	-0.181949	0.0	-3.5541199999999997	-0.5871	-1.17265	0.287246	-0.22449899999999998	0.8551030000000001	-0.46733199999999997	0.0	0.08204650000000001	-0.461284	-0.883451	0.0	-0.9710139999999999	-0.236677	0.03339980000000001	0.0	2.67786	1.82758	1.6232	0.292193	
3	0.12047000000000001	0.589198	-0.7989569999999999	0.0	0.47327600000000003	0.67338	0.567952	0.0	0.8726379999999999	-0.44654799999999994	-0.197731	0.0	-3.7485699999999995	-0.6905560000000001	-1.67195	0.291534	-0.224123	0.852474	-0.47229	0.0	0.0790322	-0.467124	-0.880653	0.0	-0.9713510000000001	-0.2347	0.0373199	0.0	2.67673	1.81975	1.60705	0.29288600000000004	
3	0.21384499999999998	0.5252939999999999	-0.8236120000000001	0.0	0.521671	0.65142	0.5509189999999999	0.0	0.8259120000000001	-0.547466	-0.13472699999999999	0.0	-3.7777300000000005	-1.0863	-2.10655	0.300089	-0.22301999999999997	0.849985	-0.47726999999999997	0.0	0.08017569999999999	-0.47194899999999995	-0.877973	0.0	-0.971511	-0.234071	0.03710580000000001	0.0	2.68452	1.8278400000000001	1.58903	0.293048	
3	0.309127	0.420691	-0.8529120000000001	0.0	0.587439	0.620825	0.519126	0.0	0.747901	-0.66151	-0.05521659999999999	0.0	-3.85014	-1.6671099999999999	-2.4525900000000003	0.301682	-0.223383	0.851671	-0.47408500000000003	0.0	0.0778948	-0.46922200000000003	-0.8796379999999999	0.0	-0.971614	-0.23342399999999996	0.0384749	0.0	2.68189	1.81985	1.5954700000000002	0.294265	
3	0.337355	0.356777	-0.87115	0.0	0.615306	0.616792	0.490883	0.0	0.712454	-0.701626	-0.011449299999999999	0.0	-3.87088	-1.93124	-2.57036	0.301068	-0.22413400000000003	0.8517290000000001	-0.47362600000000005	0.0	0.0774342	-0.46889	-0.879856	0.0	-0.971477	-0.23388	0.039141300000000004	0.0	2.6779	1.81781	1.6002299999999998	0.295324	
3	0.364931	0.222861	-0.903968	0.0	0.706095	0.5665939999999999	0.42473599999999995	0.0	0.6068399999999999	-0.793287	0.04940630000000001	0.0	-3.91246	-2.44133	-2.73861	0.312	-0.223976	0.8521040000000001	-0.473026	0.0	0.0771795	-0.468325	-0.880179	0.0	-0.971534	-0.233647	0.039128500000000004	0.0	2.68424	1.8096	1.58589	0.29487800000000003	
3	0.384712	0.108714	-0.9166120000000001	0.0	0.754576	0.5348890000000001	0.380144	0.0	0.531612	-0.837899	0.12374500000000001	0.0	-3.96726	-2.8504	-2.82032	0.33234400000000003	-0.22366399999999997	0.853246	-0.47111099999999995	0.0	0.077329	-0.46629799999999993	-0.881242	0.0	-0.9715940000000001	-0.23353200000000002	0.03831319999999999	0.0	2.68519	1.8029700000000002	1.57761	0.294796	
3	0.377977	-0.055616399999999996	-0.924143	0.0	0.8215180000000001	0.48041999999999996	0.307091	0.0	0.42689799999999994	-0.875274	0.227277	0.0	-3.8853400000000002	-3.24038	-2.7334400000000003	0.33267399999999997	-0.219879	0.853709	-0.472054	0.0	0.071306	-0.468537	-0.8805620000000001	0.0	-0.9729180000000001	-0.227278	0.0421469	0.0	2.66376	1.80844	1.57589	0.295802	
3	0.37193200000000004	-0.0687553	-0.92571	0.0	0.8315629999999999	0.467855	0.299356	0.0	0.412516	-0.881127	0.23118400000000003	0.0	-3.8522800000000004	-3.29693	-2.69018	0.331204	-0.21919899999999998	0.8523	-0.47490699999999997	0.0	0.0703108	-0.471681	-0.8789620000000001	0.0	-0.973144	-0.22605799999999998	0.0434658	0.0	2.64871	1.8093599999999999	1.57491	0.29646300000000003	
3	0.363406	-0.0957878	-0.926693	0.0	0.839686	0.46456099999999995	0.281267	0.0	0.403563	-0.880345	0.249256	0.0	-3.7324599999999997	-3.3648800000000003	-2.61815	0.331344	-0.21896500000000002	0.8522120000000001	-0.475174	0.0	0.0694302	-0.472149	-0.8787809999999999	0.0	-0.97326	-0.22541399999999998	0.044214699999999996	0.0	2.6320200000000002	1.8072	1.5732	0.296533	
3	0.35525999999999996	-0.09879160000000001	-0.929532	0.0	0.840126	0.469743	0.271165	0.0	0.40985299999999997	-0.877258	0.24987800000000002	0.0	-3.69006	-3.3668099999999996	-2.60983	0.331383	-0.218237	0.851467	-0.47684	0.0	0.069477	-0.473822	-0.877876	0.0	-0.973419	-0.224715	0.0442481	0.0	2.63154	1.8033599999999999	1.56725	0.29648	
3	0.34454	-0.07957689999999999	-0.935393	0.0	0.838917	0.473282	0.268741	0.0	0.42131899999999994	-0.877309	0.229823	0.0	-3.57809	-3.3003	-2.5430099999999998	0.336161	-0.21752800000000003	0.8497399999999999	-0.48023299999999997	0.0	0.0678628	-0.47765799999999997	-0.875921	0.0	-0.973692	-0.223127	0.0462379	0.0	2.62912	1.7981200000000002	1.55294	0.296689	
3	0.337903	-0.0581275	-0.939384	0.0	0.83501	0.47903100000000004	0.270717	0.0	0.434258	-0.875871	0.210403	0.0	-3.58229	-3.27133	-2.51425	0.34174899999999997	-0.21809499999999998	0.8489329999999999	-0.481401	0.0	0.06826189999999999	-0.47879700000000003	-0.875268	0.0	-0.9735370000000001	-0.223753	0.0464735	0.0	2.6269400000000003	1.7979900000000002	1.5530700000000002	0.297014	
3	0.31916	-0.0494171	-0.946412	0.0	0.8385440000000001	0.480025	0.25771900000000003	0.0	0.44156599999999996	-0.875862	0.194643	0.0	-3.5817300000000003	-3.20288	-2.52429	0.345551	-0.21392199999999997	0.8473139999999999	-0.486104	0.0	0.06721519999999999	-0.483677	-0.872662	0.0	-0.9745360000000001	-0.21935500000000002	0.0465164	0.0	2.6245	1.79863	1.54291	0.29670100000000005	
3	0.31512199999999996	-0.047810000000000005	-0.947846	0.0	0.839303	0.48025200000000007	0.254811	0.0	0.44302299999999994	-0.875826	0.191465	0.0	-3.5808400000000002	-3.1905	-2.5251099999999997	0.34623699999999996	-0.21301199999999998	0.8467959999999999	-0.487404	0.0	0.06461990000000001	-0.485551	-0.871817	0.0	-0.97491	-0.217203	0.0487081	0.0	2.61291	1.80272	1.54206	0.29777800000000004	
3	0.317035	-0.0581558	-0.946629	0.0	0.8434879999999999	0.47362200000000004	0.253395	0.0	0.433608	-0.878806	0.199209	0.0	-3.57441	-3.18003	-2.53265	0.344621	-0.21152800000000002	0.8460989999999999	-0.489256	0.0	0.0633433	-0.487663	-0.8707309999999999	0.0	-0.975317	-0.215175	0.0495598	0.0	2.5992599999999997	1.81303	1.54551	0.29777600000000004	
3	0.31349499999999997	-0.0552424	-0.947982	0.0	0.8511489999999999	0.458977	0.254727	0.0	0.42103	-0.8867290000000001	0.190906	0.0	-3.56705	-3.16805	-2.52576	0.34463299999999997	-0.213898	0.843167	-0.49327200000000004	0.0	0.06705069999999999	-0.491095	-0.8685219999999999	0.0	-0.9745520000000001	-0.218849	0.0485089	0.0	2.59706	1.8207	1.54445	0.29796100000000003	
3	0.31154499999999996	-0.057033400000000005	-0.9485180000000001	0.0	0.854988	0.45240600000000003	0.25362199999999996	0.0	0.41465100000000005	-0.889986	0.189708	0.0	-3.56333	-3.16263	-2.5239700000000003	0.344632	-0.215271	0.8419780000000001	-0.49470299999999995	0.0	0.0686375	-0.49228299999999997	-0.867725	0.0	-0.97414	-0.22075100000000003	0.0481824	0.0	2.6015200000000003	1.8315	1.54464	0.297953	
3	0.302725	-0.0586204	-0.9512729999999999	0.0	0.8718239999999999	0.42029700000000003	0.251542	0.0	0.38507199999999997	-0.9054909999999999	0.178341	0.0	-3.54532	-3.1372299999999997	-2.5125	0.344024	-0.214731	0.839852	-0.498537	0.0	0.0701335	-0.495867	-0.865562	0.0	-0.974152	-0.220827	0.0475758	0.0	2.62285	1.8578599999999998	1.5400399999999999	0.298335	
3	0.301444	-0.056474699999999996	-0.95181	0.0	0.8878010000000001	0.380716	0.258583	0.0	0.34776599999999996	-0.922966	0.164903	0.0	-3.5227	-3.10779	-2.5007	0.344615	-0.21455100000000002	0.839075	-0.499921	0.0	0.0731194	-0.49660600000000005	-0.864891	0.0	-0.973972	-0.222117	0.0451944	0.0	2.62487	1.8793099999999998	1.53355	0.298061	
3	0.29638600000000004	-0.050055	-0.9537559999999999	0.0	0.9062100000000001	0.330052	0.264289	0.0	0.30156	-0.942635	0.143183	0.0	-3.4952099999999997	-3.07347	-2.4780900000000003	0.34571399999999997	-0.21174099999999998	0.8391379999999999	-0.501013	0.0	0.07130210000000001	-0.498007	-0.864237	0.0	-0.974721	-0.218718	0.0456163	0.0	2.62751	1.88978	1.5136	0.298076	
3	0.29357300000000003	-0.047652	-0.9547479999999999	0.0	0.9144899999999999	0.304902	0.26597600000000005	0.0	0.278431	-0.951191	0.133088	0.0	-3.4800400000000002	-3.05749	-2.47078	0.346558	-0.211273	0.839152	-0.501186	0.0	0.06761139999999999	-0.498985	-0.8639690000000001	0.0	-0.975086	-0.216419	0.048686	0.0	2.6221200000000002	1.89057	1.51262	0.298467	
3	0.295194	-0.040841	-0.954564	0.0	0.9195409999999999	0.283426	0.272237	0.0	0.25943	-0.958124	0.12122100000000001	0.0	-3.46861	-3.04681	-2.46331	0.348014	-0.21168299999999998	0.8387629999999999	-0.501664	0.0	0.0690317	-0.499183	-0.863743	0.0	-0.9748969999999999	-0.217471	0.0477673	0.0	2.61535	1.90366	1.5122200000000001	0.298257	
3	0.301557	-0.0466519	-0.952306	0.0	0.915492	0.293178	0.275538	0.0	0.266341	-0.9549190000000001	0.131119	0.0	-3.48274	-3.1099799999999997	-2.43886	0.34828000000000003	-0.211802	0.839677	-0.5000829999999999	0.0	0.0675928	-0.497881	-0.864607	0.0	-0.974973	-0.216927	0.0486957	0.0	2.61595	1.9043599999999998	1.51338	0.298452	
3	0.31088499999999997	-0.0499018	-0.9491370000000001	0.0	0.906708	0.31502800000000003	0.280425	0.0	0.285011	-0.9477700000000001	0.14318399999999998	0.0	-3.495	-3.12458	-2.4506200000000002	0.34691	-0.212182	0.840591	-0.498383	0.0	0.06769349999999999	-0.49612700000000004	-0.865607	0.0	-0.9748829999999999	-0.217404	0.0483666	0.0	2.61525	1.8884299999999998	1.50956	0.298453	
3	0.303697	-0.029581200000000002	-0.95231	0.0	0.898084	0.342638	0.27576100000000003	0.0	0.318141	-0.939002	0.130624	0.0	-3.51611	-3.1408400000000003	-2.43807	0.345192	-0.21462199999999998	0.839542	-0.49910699999999997	0.0	0.0694865	-0.496595	-0.8651969999999999	0.0	-0.974223	-0.220371	0.0482431	0.0	2.61775	1.8849099999999999	1.51315	0.298383	
3	0.297664	-0.0246046	-0.954354	0.0	0.894284	0.35708	0.26972199999999996	0.0	0.334144	-0.93375	0.12829300000000002	0.0	-3.5245699999999998	-3.1476900000000003	-2.43285	0.342082	-0.215876	0.838725	-0.499938	0.0	0.07125319999999999	-0.49711400000000006	-0.8647549999999999	0.0	-0.973817	-0.222302	0.0475531	0.0	2.62228	1.89052	1.51714	0.298045	
3	0.30141	0.00167188	-0.953493	0.0	0.87634	0.39358000000000004	0.277711	0.0	0.37574	-0.9192889999999999	0.117164	0.0	-3.5464	-3.1391	-2.4245400000000004	0.33611399999999997	-0.217507	0.8379770000000001	-0.5004850000000001	0.0	0.07354730000000001	-0.49723199999999995	-0.8644950000000001	0.0	-0.973284	-0.224843	0.0465204	0.0	2.6391	1.90052	1.51935	0.297663	
3	0.29988899999999996	0.00333706	-0.953968	0.0	0.871858	0.404929	0.275493	0.0	0.387209	-0.914342	0.118524	0.0	-3.5497300000000003	-3.1167700000000003	-2.4260200000000003	0.331731	-0.21728000000000003	0.8366549999999999	-0.502791	0.0	0.07493530000000001	-0.499279	-0.863195	0.0	-0.9732290000000001	-0.22523200000000002	0.045788300000000004	0.0	2.6421099999999997	1.9018099999999998	1.52088	0.297583	
