3	0.593132	0.516197	-0.617847	0.0	0.68483	0.08002530000000001	0.724296	0.0	0.42332299999999995	-0.852723	-0.306042	0.0	-2.73968	2.0	1.46191	0.0	-0.270135	0.8439110000000001	-0.46351000000000003	0.0	0.25821500000000003	-0.400273	-0.879265	0.0	-0.927552	-0.35720599999999997	-0.10978299999999999	0.0	2.6468700000000003	2.04161	1.59015	1.15046e-05	
3	0.593132	0.516197	-0.617846	0.0	0.681645	0.0863993	0.726564	0.0	0.428432	-0.852101	-0.300617	0.0	-2.7488200000000003	1.99983	1.45299	0.00431068	-0.142175	0.876976	-0.459021	0.0	0.0462873	-0.457334	-0.8880899999999999	0.0	-0.988759	-0.147511	0.024428400000000003	0.0	2.7062	2.0853099999999998	1.60465	0.0	
3	0.274871	0.7118770000000001	-0.646279	0.0	0.249306	0.5964119999999999	0.762981	0.0	0.9285969999999999	-0.370843	-0.013538900000000001	0.0	-2.88702	1.8097	1.31669	0.0	-0.142872	0.8705940000000001	-0.470801	0.0	0.0460363	-0.469321	-0.881827	0.0	-0.98867	-0.147662	0.0269738	0.0	2.74673	2.14131	1.55264	0.0	
3	0.16785799999999998	0.8198120000000001	-0.547478	0.0	0.04143019999999999	0.5489999999999999	0.8347950000000001	0.0	0.9849399999999999	-0.16280899999999998	0.058189199999999996	0.0	-2.80135	1.63701	1.04606	0.0	-0.14010799999999998	0.867476	-0.47734099999999996	0.0	0.03818219999999999	-0.477005	-0.8780709999999999	0.0	-0.9894	-0.14125	0.0337096	0.0	2.7770900000000003	2.17638	1.47664	0.0	
3	0.174792	0.833564	-0.52404	0.0	-0.013640600000000001	0.534233	0.8452270000000001	0.0	0.984511	-0.14059000000000002	0.10475	0.0	-2.84326	1.57859	0.9584520000000001	0.0489366	-0.124992	0.8715229999999999	-0.474157	0.0	0.0471201	-0.47215100000000004	-0.880257	0.0	-0.991038	-0.132367	0.0179488	0.0	2.7937	2.2620299999999998	1.41854	0.146636	
3	0.144513	0.8604729999999999	-0.488572	0.0	-0.0126367	0.49531899999999995	0.868619	0.0	0.9894219999999999	-0.119353	0.08245369999999999	0.0	-2.84522	1.59166	0.9217540000000001	0.240328	-0.182918	0.902041	-0.39097600000000005	0.0	0.053191999999999996	-0.388023	-0.920114	0.0	-0.9816879999999999	-0.189102	0.022994999999999998	0.0	2.74949	2.24926	1.38621	0.294504	
3	0.0587649	0.897184	-0.43773100000000004	0.0	-0.0641075	0.440975	0.895227	0.0	0.9962110000000001	-0.0245463	0.08342999999999999	0.0	-2.77992	1.54219	0.842024	0.28397	-0.19000799999999998	0.9072040000000001	-0.375338	0.0	0.06839719999999999	-0.369142	-0.926853	0.0	-0.979397	-0.201781	0.00808978	0.0	2.73374	2.19838	1.34815	0.29784	
3	-0.08689060000000001	0.8892200000000001	-0.44915200000000005	0.0	-0.128435	0.43709499999999996	0.8901979999999999	0.0	0.9879040000000001	0.135037	0.0762276	0.0	-2.6996	1.44991	0.73805	0.196286	-0.257536	0.904215	-0.340692	0.0	0.0862372	-0.32966999999999996	-0.94015	0.0	-0.962413	-0.271503	0.00692493	0.0	2.72277	2.0960799999999997	1.33966	0.305232	
3	-0.17833800000000002	0.865822	-0.467491	0.0	-0.211495	0.43027299999999996	0.8775729999999999	0.0	0.9609709999999999	0.255377	0.10638299999999999	0.0	-2.6673400000000003	1.31554	0.5848479999999999	0.188386	-0.355645	0.8885649999999999	-0.289774	0.0	0.07535850000000001	-0.281773	-0.9565170000000001	0.0	-0.931578	-0.362018	0.0332501	0.0	2.6476599999999997	1.9542400000000002	1.3915	0.318193	
3	-0.232292	0.853874	-0.465768	0.0	-0.30489099999999997	0.390808	0.868511	0.0	0.923625	0.343756	0.16955599999999998	0.0	-2.6471400000000003	1.1799600000000001	0.403592	0.196073	-0.390036	0.8762340000000001	-0.282996	0.0	0.0667404	-0.279627	-0.957786	0.0	-0.918378	-0.392458	0.0505844	0.0	2.59088	1.7873	1.43974	0.31892800000000004	
3	-0.306479	0.816262	-0.48968	0.0	-0.286085	0.41166400000000003	0.865268	0.0	0.907869	0.405276	0.10735399999999999	0.0	-2.62243	1.05582	0.217058	0.212604	-0.428287	0.8647950000000001	-0.26210700000000003	0.0	0.0662588	-0.25922199999999995	-0.963542	0.0	-0.9012110000000001	-0.43003900000000006	0.053721000000000005	0.0	2.56156	1.70407	1.47874	0.31894	
3	-0.38582	0.753795	-0.531917	0.0	-0.245846	0.471706	0.8467899999999999	0.0	0.889215	0.457478	0.00332415	0.0	-2.5880400000000003	0.873741	0.0754533	0.218282	-0.456769	0.85688	-0.23899600000000001	0.0	0.062329999999999997	-0.23717199999999997	-0.9694659999999999	0.0	-0.8873989999999999	-0.457719	0.0549232	0.0	2.5573099999999998	1.59917	1.47699	0.31876	
3	-0.466668	0.68278	-0.562168	0.0	-0.213348	0.529949	0.8207530000000001	0.0	0.8583149999999999	0.502957	-0.101641	0.0	-2.6154	0.5726979999999999	-0.0819691	0.182124	-0.470211	0.8537020000000001	-0.223818	0.0	0.058992899999999994	-0.222633	-0.973116	0.0	-0.8805799999999999	-0.47077399999999997	0.0543221	0.0	2.5810000000000004	1.53665	1.47187	0.316776	
3	-0.485576	0.62455	-0.611681	0.0	-0.22352199999999997	0.5877479999999999	0.777554	0.0	0.8451350000000001	0.514286	-0.145796	0.0	-2.6994700000000003	0.323972	-0.21882	0.14999500000000002	-0.485674	0.847057	-0.215908	0.0	0.0537187	-0.217606	-0.974557	0.0	-0.8724879999999999	-0.484915	0.0601826	0.0	2.5611599999999997	1.50935	1.49675	0.317208	
3	-0.402969	0.563222	-0.721385	0.0	-0.27773000000000003	0.6757920000000001	0.682767	0.0	0.8720559999999999	0.47548500000000005	-0.115899	0.0	-2.8054099999999997	0.037831800000000006	-0.37949	0.15945499999999999	-0.501387	0.839884	-0.20785900000000002	0.0	0.0401914	-0.217369	-0.9752620000000001	0.0	-0.864289	-0.497338	0.07523010000000001	0.0	2.54117	1.4436	1.53694	0.320218	
3	-0.379288	0.450481	-0.808213	0.0	-0.30445700000000003	0.76408	0.56876	0.0	0.873755	0.461789	-0.15265399999999998	0.0	-2.91648	-0.19243	-0.513286	0.15099	-0.5145430000000001	0.830781	-0.212247	0.0	0.03460680000000001	-0.227206	-0.973232	0.0	-0.856766	-0.5081140000000001	0.0881566	0.0	2.53083	1.33867	1.5580100000000001	0.318949	
3	-0.332056	0.42417	-0.842507	0.0	-0.310297	0.794354	0.522224	0.0	0.890761	0.434835	-0.132151	0.0	-3.0266900000000003	-0.36690900000000004	-0.532871	0.155841	-0.514694	0.829952	-0.21510300000000002	0.0	0.022921599999999997	-0.237477	-0.971123	0.0	-0.857068	-0.504761	0.10320399999999999	0.0	2.50437	1.31639	1.61113	0.321309	
3	-0.22523800000000002	0.421475	-0.878423	0.0	-0.29981199999999997	0.827859	0.47408999999999996	0.0	0.9270280000000001	0.370145	-0.060102199999999995	0.0	-3.09722	-0.35194699999999995	-0.41322299999999995	0.20780300000000002	-0.5214479999999999	0.8261360000000001	-0.213522	0.0	0.02433	-0.23573899999999998	-0.971512	0.0	-0.852936	-0.511788	0.102826	0.0	2.47911	1.3020399999999999	1.6357	0.320116	
3	-0.11864200000000001	0.44831000000000004	-0.88597	0.0	-0.29292199999999996	0.836759	0.462635	0.0	0.9487469999999999	0.31440799999999997	0.0320448	0.0	-3.03094	-0.117297	-0.141219	0.27228600000000003	-0.5251140000000001	0.823633	-0.214204	0.0	0.0243561	-0.237051	-0.971192	0.0	-0.850683	-0.515204	0.10441800000000001	0.0	2.4863	1.27524	1.64064	0.318033	
3	-0.0704716	0.546583	-0.834435	0.0	-0.148107	0.821509	0.550624	0.0	0.9864569999999999	0.162389	0.0230594	0.0	-2.96314	0.218678	0.11432200000000001	0.318277	-0.526332	0.8230270000000001	-0.21354099999999998	0.0	0.0225766	-0.23752600000000001	-0.9711190000000001	0.0	-0.849979	-0.5159520000000001	0.10643699999999999	0.0	2.48948	1.26665	1.65698	0.314902	
3	-0.0209646	0.65795	-0.7527699999999999	0.0	-0.0139452	0.7526689999999999	0.658251	0.0	0.999683	0.0242975	-0.00660419	0.0	-2.92524	0.489041	0.309583	0.346242	-0.528346	0.82145	-0.214642	0.0	0.0214316	-0.23982399999999998	-0.9705799999999999	0.0	-0.848759	-0.517401	0.109105	0.0	2.4878299999999998	1.2641200000000001	1.6741	0.313767	
3	0.0234463	0.709699	-0.7041149999999999	0.0	0.00283828	0.704259	0.709938	0.0	0.9997209999999999	-0.018644	0.0144979	0.0	-2.93245	0.644461	0.422412	0.354158	-0.5296420000000001	0.8193879999999999	-0.219279	0.0	0.021558400000000002	-0.245429	-0.969175	0.0	-0.8479479999999999	-0.518043	0.112325	0.0	2.48834	1.2617	1.68325	0.31241399999999997	
3	0.040660400000000006	0.712881	-0.700105	0.0	0.0390132	0.699017	0.71404	0.0	0.998411	-0.0563465	0.00061053	0.0	-2.9033900000000004	0.770171	0.534008	0.359521	-0.494382	0.820119	-0.288083	0.0	0.019203099999999997	-0.321033	-0.946874	0.0	-0.8690329999999999	-0.47365	0.142964	0.0	2.49721	1.27047	1.69835	0.31133099999999997	
3	-0.057657900000000005	0.7674770000000001	-0.638479	0.0	-0.0189435	0.638586	0.769317	0.0	0.998157	0.0564521	-0.022280900000000003	0.0	-2.84731	0.7791939999999999	0.559771	0.357156	-0.431	0.809813	-0.398049	0.0	0.012748	-0.435615	-0.900043	0.0	-0.9022620000000001	-0.392992	0.177426	0.0	2.48873	1.2657100000000001	1.7215599999999998	0.304587	
3	-0.10186100000000001	0.721958	-0.684398	0.0	0.00129178	0.688072	0.725641	0.0	0.994798	0.0730301	-0.0710201	0.0	-2.77983	0.613671	0.708551	0.349995	-0.364786	0.7725529999999999	-0.519706	0.0	0.0104243	-0.554744	-0.8319559999999999	0.0	-0.931033	-0.30890300000000004	0.19430899999999998	0.0	2.49568	1.2318	1.7829	0.296129	
3	-0.17264300000000002	0.636608	-0.7516149999999999	0.0	0.006510200000000001	0.763793	0.645428	0.0	0.9849629999999999	0.10653499999999999	-0.136008	0.0	-2.7808599999999997	0.362545	0.866384	0.322063	-0.34086700000000003	0.724421	-0.599186	0.0	0.00558284	-0.635786	-0.771845	0.0	-0.9400950000000001	-0.266442	0.21267399999999997	0.0	2.48075	1.13972	1.88716	0.324677	
3	-0.228341	0.587979	-0.775978	0.0	-0.02775	0.79278	0.608876	0.0	0.9731860000000001	0.160564	-0.164708	0.0	-2.7652	0.0761897	1.0248700000000002	0.293471	-0.286494	0.651695	-0.7022930000000001	0.0	0.0134452	-0.730213	-0.683088	0.0	-0.957988	-0.205143	0.200439	0.0	2.4609799999999997	1.0952899999999999	1.9743700000000002	0.331789	
3	-0.23458	0.555055	-0.7980510000000001	0.0	-0.07147610000000001	0.808888	0.5836020000000001	0.0	0.9694659999999999	0.193943	-0.150075	0.0	-2.75959	-0.152695	1.1215600000000001	0.287761	-0.274244	0.632361	-0.7245060000000001	0.0	0.00868788	-0.751731	-0.659412	0.0	-0.961621	-0.187134	0.200664	0.0	2.44767	1.08159	2.0288	0.334539	
3	-0.20285699999999998	0.520997	-0.829102	0.0	-0.0897699	0.833247	0.545565	0.0	0.9750850000000001	0.1851	-0.12226	0.0	-2.8559400000000004	-0.21552	1.18107	0.284953	-0.26260500000000003	0.6105619999999999	-0.747164	0.0	0.0299863	-0.7688020000000001	-0.638783	0.0	-0.9644370000000001	-0.190152	0.183582	0.0	2.43892	1.09502	2.08867	0.337382	
3	-0.187533	0.51657	-0.835456	0.0	-0.08585380000000001	0.8386709999999999	0.537829	0.0	0.978499	0.17258800000000002	-0.112929	0.0	-2.85307	-0.227618	1.20313	0.289528	-0.251813	0.592987	-0.764824	0.0	0.026215199999999998	-0.785821	-0.617898	0.0	-0.9674209999999999	-0.175645	0.182335	0.0	2.4294	1.1247	2.1159	0.33981999999999996	
3	-0.16986099999999998	0.500186	-0.849094	0.0	-0.0544136	0.85554	0.5148689999999999	0.0	0.983965	0.133658	-0.11810599999999999	0.0	-2.7627900000000003	-0.20260999999999998	1.2417799999999999	0.32584	-0.24357399999999998	0.558129	-0.793199	0.0	0.00870851	-0.816538	-0.577226	0.0	-0.969843	-0.147505	0.194027	0.0	2.38918	1.21753	2.14741	0.34010799999999997	
3	-0.183005	0.511173	-0.8397690000000001	0.0	-0.041264300000000004	0.849448	0.526057	0.0	0.982246	0.130923	-0.13435999999999998	0.0	-2.58471	-0.160927	1.3054	0.354433	-0.242029	0.559465	-0.79273	0.0	0.0127704	-0.815113	-0.5791609999999999	0.0	-0.9701850000000001	-0.15029800000000001	0.190136	0.0	2.37117	1.2727	2.16662	0.33966	
3	-0.171211	0.535257	-0.827156	0.0	-0.051830999999999995	0.8334959999999999	0.550088	0.0	0.98387	0.137053	-0.11495999999999999	0.0	-2.41945	-0.178661	1.35786	0.352173	-0.246921	0.567179	-0.785709	0.0	0.00871348	-0.809483	-0.587079	0.0	-0.9689959999999999	-0.151809	0.194936	0.0	2.3651400000000002	1.2659799999999999	2.16883	0.34656	
3	-0.131214	0.5327970000000001	-0.836009	0.0	-0.0234433	0.8413959999999999	0.53991	0.0	0.9910770000000001	0.09044239999999999	-0.09791210000000002	0.0	-2.4173400000000003	-0.23524899999999999	1.37453	0.357164	-0.24951199999999998	0.586518	-0.770546	0.0	0.014715200000000001	-0.793325	-0.608621	0.0	-0.96826	-0.163197	0.189313	0.0	2.37577	1.19012	2.15775	0.363748	
3	-0.0805682	0.549713	-0.8314590000000001	0.0	-0.0124052	0.8335530000000001	0.5523	0.0	0.9966719999999999	0.054812099999999996	-0.0603386	0.0	-2.44129	-0.271624	1.38555	0.359677	-0.23957199999999998	0.606689	-0.75798	0.0	0.00345531	-0.7801779999999999	-0.625548	0.0	-0.970873	-0.15248299999999998	0.18481199999999998	0.0	2.38302	1.11235	2.13413	0.36398	
3	-0.0498341	0.562951	-0.8249860000000001	0.0	-0.00865245	0.825738	0.563987	0.0	0.99872	0.0352439	-0.036279	0.0	-2.46862	-0.295689	1.37401	0.360659	-0.235672	0.608874	-0.75745	0.0	-0.00567681	-0.780253	-0.625438	0.0	-0.971816	-0.143098	0.18734	0.0	2.36925	1.08315	2.12175	0.36398	
3	-0.0505884	0.562541	-0.8252209999999999	0.0	-0.00837776	0.82601	0.563593	0.0	0.998684	0.035424699999999996	-0.037073699999999994	0.0	-2.46806	-0.294635	1.37392	0.360665	-0.21552399999999997	0.603974	-0.767311	0.0	-0.0175892	-0.7880510000000001	-0.615359	0.0	-0.97634	-0.119128	0.18046700000000002	0.0	2.37043	1.0930600000000001	2.10815	0.363982	
3	-0.050589300000000004	0.562539	-0.8252219999999999	0.0	-0.00837281	0.8260120000000001	0.563591	0.0	0.998685	0.035421100000000004	-0.0370774	0.0	-2.4680400000000002	-0.294618	1.37392	0.360665	-0.198752	0.6062310000000001	-0.770053	0.0	0.014206	-0.783864	-0.6207699999999999	0.0	-0.9799469999999999	-0.134319	0.147182	0.0	2.39195	1.1164	2.11527	0.363962	
3	-0.0505894	0.562539	-0.8252219999999999	0.0	-0.00837269	0.8260120000000001	0.563591	0.0	0.998685	0.035421	-0.0370775	0.0	-2.4680400000000002	-0.294619	1.37392	0.360665	-0.190157	0.580558	-0.791702	0.0	0.036808099999999996	-0.8016340000000001	-0.596681	0.0	-0.9810629999999999	-0.142604	0.13106700000000002	0.0	2.40517	1.11927	2.11072	0.363976	
3	-0.0505894	0.562539	-0.8252219999999999	0.0	-0.00837266	0.8260120000000001	0.563591	0.0	0.998685	0.035421	-0.0370775	0.0	-2.4680400000000002	-0.294619	1.37392	0.360665	-0.14188299999999998	0.560053	-0.816217	0.0	0.08443930000000001	-0.814705	-0.5736939999999999	0.0	-0.986275	-0.150318	0.06830239999999999	0.0	2.42702	1.17151	2.1039	0.363985	
3	-0.0505894	0.562539	-0.8252219999999999	0.0	-0.00837255	0.8260120000000001	0.563591	0.0	0.998685	0.0354209	-0.0370775	0.0	-2.4680400000000002	-0.294618	1.37392	0.360665	-0.123767	0.42393400000000003	-0.8971969999999999	0.0	0.037431400000000004	-0.90151	-0.43113599999999996	0.0	-0.991605	-0.08694389999999999	0.09570880000000001	0.0	2.4217400000000002	1.3524200000000002	2.03742	0.357258	
3	-0.0505894	0.562539	-0.8252219999999999	0.0	-0.00837263	0.8260120000000001	0.563591	0.0	0.998685	0.035421	-0.0370775	0.0	-2.46805	-0.294618	1.37392	0.360665	-0.11137899999999999	0.380181	-0.9181809999999999	0.0	-0.00828134	-0.9242530000000001	-0.381691	0.0	-0.9937440000000001	-0.034908499999999995	0.10609	0.0	2.37017	1.67725	2.08451	0.354131	
3	-0.0505894	0.562539	-0.8252219999999999	0.0	-0.00837252	0.8260120000000001	0.563591	0.0	0.998685	0.0354208	-0.0370775	0.0	-2.46805	-0.294618	1.37392	0.360665	-0.191248	0.464787	-0.8645219999999999	0.0	-0.0054659999999999995	-0.8812700000000001	-0.47258199999999995	0.0	-0.981527	-0.0856548	0.17108099999999998	0.0	2.29292	1.59406	2.26379	0.36480300000000004	
3	-0.0505894	0.562539	-0.8252219999999999	0.0	-0.0083726	0.8260120000000001	0.563591	0.0	0.998685	0.0354209	-0.0370775	0.0	-2.4680400000000002	-0.294619	1.37392	0.360665	-0.20144700000000001	0.544408	-0.8142729999999999	0.0	0.027685900000000003	-0.827818	-0.5603130000000001	0.0	-0.979108	-0.135417	0.15168900000000002	0.0	2.31893	1.38344	2.26464	0.36399000000000004	
3	-0.050589300000000004	0.562539	-0.8252219999999999	0.0	-0.00837246	0.8260120000000001	0.563591	0.0	0.998685	0.0354207	-0.0370776	0.0	-2.46805	-0.294618	1.37392	0.360665	-0.214405	0.615136	-0.7587079999999999	0.0	0.056627699999999996	-0.767637	-0.638378	0.0	-0.975102	-0.179836	0.129752	0.0	2.3765	1.27314	2.20438	0.36401100000000003	
3	-0.0505894	0.562539	-0.8252219999999999	0.0	-0.00837263	0.8260120000000001	0.563591	0.0	0.998685	0.035421	-0.0370775	0.0	-2.4680400000000002	-0.294618	1.37392	0.360665	-0.220768	0.676195	-0.702867	0.0	0.0318509	-0.715266	-0.698127	0.0	-0.974806	-0.176511	0.13637	0.0	2.41527	1.11467	2.15488	0.36398800000000003	
3	-0.0505894	0.562539	-0.8252219999999999	0.0	-0.00837269	0.8260120000000001	0.563591	0.0	0.998685	0.035421	-0.0370775	0.0	-2.4680400000000002	-0.294618	1.37392	0.360665	-0.171058	0.715325	-0.677532	0.0	0.022362299999999998	-0.6846720000000001	-0.728508	0.0	-0.985007	-0.139768	0.101122	0.0	2.45352	1.1015700000000002	2.11174	0.363989	
3	-0.0505894	0.562539	-0.8252219999999999	0.0	-0.0083726	0.8260120000000001	0.563591	0.0	0.998685	0.0354209	-0.0370775	0.0	-2.4680400000000002	-0.294619	1.37392	0.360665	-0.133024	0.730266	-0.670087	0.0	0.0150775	-0.6745260000000001	-0.738097	0.0	-0.9909979999999999	-0.10828800000000001	0.07871739999999999	0.0	2.45768	1.10595	2.0884099999999997	0.363981	
3	-0.0505894	0.562539	-0.8252219999999999	0.0	-0.00837255	0.8260120000000001	0.563591	0.0	0.998685	0.0354208	-0.0370775	0.0	-2.46805	-0.294618	1.37392	0.360665	-0.0756475	0.729124	-0.680188	0.0	0.012195200000000002	-0.681415	-0.731796	0.0	-0.9970600000000001	-0.0636534	0.0426552	0.0	2.4622599999999997	1.1250200000000001	2.04988	0.36397399999999996	
3	-0.0505894	0.562539	-0.8252219999999999	0.0	-0.00837266	0.8260120000000001	0.563591	0.0	0.998685	0.035421	-0.0370775	0.0	-2.4680400000000002	-0.294619	1.37392	0.360665	-0.0745308	0.728874	-0.680579	0.0	0.012159200000000002	-0.681762	-0.7314729999999999	0.0	-0.9971450000000001	-0.06279259999999999	0.04194969999999999	0.0	2.4627	1.12322	2.0518400000000003	0.36398	
3	-0.0505894	0.562539	-0.8252219999999999	0.0	-0.00837263	0.8260120000000001	0.563591	0.0	0.998685	0.0354209	-0.0370775	0.0	-2.4680400000000002	-0.294619	1.37392	0.360665	-0.0745332	0.728873	-0.68058	0.0	0.0121596	-0.681764	-0.731472	0.0	-0.9971450000000001	-0.0627944	0.041951	0.0	2.4627	1.12321	2.05185	0.36398	
3	-0.0505894	0.562539	-0.8252219999999999	0.0	-0.0083726	0.8260120000000001	0.563591	0.0	0.998685	0.0354209	-0.0370775	0.0	-2.4680400000000002	-0.294618	1.37392	0.360665	-0.0745331	0.728873	-0.68058	0.0	0.0121596	-0.681764	-0.731472	0.0	-0.9971450000000001	-0.0627944	0.041951	0.0	2.4627	1.12321	2.05185	0.36398	
3	-0.0505894	0.562539	-0.8252219999999999	0.0	-0.00837263	0.8260120000000001	0.563591	0.0	0.998685	0.035421	-0.0370775	0.0	-2.4680400000000002	-0.294618	1.37392	0.360665	-0.0745329	0.728873	-0.68058	0.0	0.0121596	-0.681764	-0.731471	0.0	-0.997144	-0.0627943	0.041951	0.0	2.4627	1.12321	2.05185	0.36398	
3	-0.0505894	0.562539	-0.8252219999999999	0.0	-0.00837266	0.8260120000000001	0.563591	0.0	0.998685	0.035421	-0.0370775	0.0	-2.4680400000000002	-0.294619	1.37392	0.360665	-0.0745329	0.728873	-0.68058	0.0	0.0121596	-0.681764	-0.731471	0.0	-0.997144	-0.0627943	0.041951	0.0	2.4627	1.12321	2.05185	0.36398	
3	-0.0505894	0.562539	-0.8252219999999999	0.0	-0.00837252	0.8260120000000001	0.563591	0.0	0.998685	0.0354208	-0.0370775	0.0	-2.46805	-0.294618	1.37392	0.360665	-0.074533	0.728873	-0.68058	0.0	0.0121596	-0.681764	-0.731471	0.0	-0.997144	-0.0627943	0.041951	0.0	2.4627	1.12321	2.05185	0.363979	
3	-0.0505894	0.562539	-0.8252219999999999	0.0	-0.0083726	0.8260120000000001	0.563591	0.0	0.998685	0.0354209	-0.0370775	0.0	-2.4680400000000002	-0.294618	1.37392	0.360665	-0.074533	0.728873	-0.68058	0.0	0.0121596	-0.681764	-0.731472	0.0	-0.997144	-0.0627943	0.041951	0.0	2.4627	1.12321	2.05185	0.36398	
3	-0.0505894	0.562539	-0.8252219999999999	0.0	-0.00837255	0.8260120000000001	0.563591	0.0	0.998685	0.0354209	-0.0370775	0.0	-2.46805	-0.294618	1.37392	0.360665	-0.0745331	0.728873	-0.68058	0.0	0.0121596	-0.681764	-0.731472	0.0	-0.9971450000000001	-0.0627943	0.0419509	0.0	2.4627	1.12321	2.05185	0.36398	
3	-0.0505894	0.562539	-0.8252219999999999	0.0	-0.0083726	0.8260120000000001	0.563591	0.0	0.998685	0.0354209	-0.0370775	0.0	-2.4680400000000002	-0.294618	1.37392	0.360665	-0.0745329	0.728873	-0.68058	0.0	0.0121596	-0.681764	-0.731472	0.0	-0.997144	-0.0627942	0.041951	0.0	2.4627	1.12321	2.05185	0.36398	
3	0.00310819	0.716173	-0.697916	0.0	-0.00324556	0.697923	0.716166	0.0	0.9999899999999999	3.90708e-05	0.00449359	0.0	-2.48414	-0.32272399999999996	1.41388	0.337989	-0.101587	0.740085	-0.664797	0.0	0.0299293	-0.665678	-0.745639	0.0	-0.994376	-0.0956438	0.0454737	0.0	2.45539	1.13333	2.07616	0.363981	
3	-0.00466286	0.67488	-0.737913	0.0	0.010631700000000001	0.737913	0.674812	0.0	0.999933	-0.00469875	-0.0106159	0.0	-2.48414	-0.09209930000000001	1.3642299999999998	0.317751	-0.130705	0.7438100000000001	-0.655487	0.0	0.0578597	-0.654309	-0.7540100000000001	0.0	-0.9897309999999999	-0.13648	0.0424852	0.0	2.45282	1.1719600000000001	2.09232	0.363983	
3	-0.021526	0.735703	-0.676962	0.0	0.048618800000000004	0.677088	0.734295	0.0	0.9985850000000001	-0.017106599999999996	-0.050344	0.0	-2.57678	0.19283	1.2716399999999999	0.322625	-0.140948	0.744145	-0.652979	0.0	0.06911619999999999	-0.650558	-0.756305	0.0	-0.9876020000000001	-0.151731	0.040262099999999995	0.0	2.4447400000000004	1.28875	2.05944	0.354556	
3	-0.057323	0.843231	-0.5344869999999999	0.0	0.118987	0.537321	0.834942	0.0	0.99124	-0.0157355	-0.131134	0.0	-2.65327	0.606449	1.06221	0.329969	-0.144831	0.802719	-0.578504	0.0	0.094539	-0.570767	-0.815652	0.0	-0.98493	-0.172823	0.00677624	0.0	2.4395700000000002	1.53221	1.9471900000000002	0.346913	
3	-0.149577	0.9061030000000001	-0.39573200000000003	0.0	0.15834	0.41702100000000003	0.894999	0.0	0.975989	0.0712109	-0.20584899999999998	0.0	-2.8652599999999997	1.03135	0.716642	0.307965	-0.108384	0.8605309999999999	-0.497734	0.0	0.0991392	-0.488831	-0.866727	0.0	-0.9891530000000001	-0.143284	-0.0323308	0.0	2.46635	1.78286	1.72517	0.34381799999999996	
3	-0.145271	0.9133399999999999	-0.380404	0.0	0.181355	0.402549	0.8972540000000001	0.0	0.9726290000000001	0.0613569	-0.22411799999999998	0.0	-2.95028	1.15319	0.6121449999999999	0.290584	-0.0972983	0.8835559999999999	-0.458107	0.0	0.0963942	-0.44976099999999997	-0.8879319999999999	0.0	-0.990576	-0.130553	-0.0414087	0.0	2.47383	1.8558299999999999	1.64798	0.344869	
3	-0.0986858	0.945992	-0.308805	0.0	0.23956999999999998	0.323778	0.9153	0.0	0.96585	0.0163466	-0.25858400000000004	0.0	-3.0333	1.39783	0.449658	0.128621	-0.096014	0.923298	-0.37188899999999997	0.0	0.12274700000000001	-0.359781	-0.9249280000000001	0.0	-0.987783	-0.134454	-0.07878810000000001	0.0	2.5044	2.03265	1.4561	0.34519099999999997	
3	-0.046204300000000004	0.956515	-0.288001	0.0	0.25906799999999996	0.289918	0.92132	0.0	0.9647540000000001	-0.0320431	-0.261198	0.0	-3.0817900000000003	1.4540799999999998	0.406159	0.0498897	-0.105395	0.93609	-0.33560100000000004	0.0	0.146809	-0.31913600000000003	-0.936269	0.0	-0.983534	-0.147947	-0.10379100000000001	0.0	2.5329200000000003	2.0813599999999997	1.36605	0.349892	
3	-0.0505115	0.954461	-0.29403	0.0	0.240603	0.29736399999999996	0.923951	0.0	0.969308	-0.0240742	-0.244666	0.0	-3.09384	1.55368	0.28717	0.0402476	-0.115694	0.94345	-0.31067100000000003	0.0	0.166047	-0.29	-0.9425120000000001	0.0	-0.979308	-0.160629	-0.123106	0.0	2.5924099999999997	2.10649	1.1666	0.35492399999999996	
3	0.08887260000000001	0.9475600000000001	-0.306973	0.0	0.276131	0.27267399999999997	0.92163	0.0	0.957002	-0.16667200000000001	-0.237418	0.0	-3.12955	1.58087	0.188959	0.014049899999999999	-0.152998	0.9504360000000001	-0.270671	0.0	0.18196400000000001	-0.242119	-0.953031	0.0	-0.9713299999999999	-0.19506400000000002	-0.135902	0.0	2.62736	2.0941099999999997	0.9830620000000001	0.345227	
3	0.134076	0.925114	-0.355229	0.0	0.301593	0.30336799999999997	0.9038860000000001	0.0	0.9439629999999999	-0.22832399999999997	-0.238333	0.0	-3.12324	1.54939	0.19005	0.0161725	-0.19279200000000002	0.942075	-0.274455	0.0	0.191663	-0.23815999999999998	-0.9521270000000001	0.0	-0.9623389999999999	-0.236165	-0.13464500000000001	0.0	2.6187099999999996	2.0512200000000003	0.9745950000000001	0.318733	
3	0.271135	0.8437870000000001	-0.46315200000000006	0.0	0.41683000000000003	0.330788	0.846659	0.0	0.867605	-0.42261400000000005	-0.262027	0.0	-3.16595	1.36674	0.156022	0.133629	-0.28596	0.9168200000000001	-0.278692	0.0	0.210709	-0.223556	-0.951643	0.0	-0.934788	-0.330855	-0.129254	0.0	2.6165	1.9214099999999998	1.0202799999999999	0.276326	
3	0.281729	0.737459	-0.613827	0.0	0.522565	0.41860600000000003	0.742761	0.0	0.804708	-0.530022	-0.267437	0.0	-3.17994	1.11374	0.127289	0.197061	-0.349292	0.9031680000000001	-0.249565	0.0	0.205442	-0.18604400000000001	-0.960823	0.0	-0.914215	-0.386879	-0.120565	0.0	2.59239	1.7808099999999998	1.07659	0.335452	
3	0.305645	0.670035	-0.6764859999999999	0.0	0.555929	0.45122399999999996	0.6980970000000001	0.0	0.772997	-0.589449	-0.234578	0.0	-3.21774	0.869818	0.133596	0.329167	-0.37037600000000004	0.8944120000000001	-0.250697	0.0	0.19885999999999998	-0.18728499999999998	-0.961967	0.0	-0.9073459999999999	-0.406143	-0.108497	0.0	2.55782	1.70721	1.10561	0.343131	
3	0.360781	0.447825	-0.818101	0.0	0.594675	0.565279	0.571682	0.0	0.7184699999999999	-0.692757	-0.0623687	0.0	-3.14933	0.164043	0.285557	0.34762	-0.39160300000000003	0.8921	-0.225399	0.0	0.158659	-0.17582799999999998	-0.971551	0.0	-0.9063530000000001	-0.416224	-0.07268510000000002	0.0	2.44397	1.6212799999999998	1.26654	0.352575	
3	0.40565100000000004	0.293444	-0.865643	0.0	0.634391	0.591418	0.49776800000000004	0.0	0.6580239999999999	-0.7510760000000001	0.053751	0.0	-3.12269	-0.41642700000000005	0.430497	0.348552	-0.39826300000000003	0.889568	-0.22373	0.0	0.152925	-0.176102	-0.9724209999999999	0.0	-0.904434	-0.421493	-0.0659027	0.0	2.37853	1.59935	1.3468200000000001	0.35722	
3	0.441821	0.279308	-0.852514	0.0	0.643099	0.563951	0.518057	0.0	0.625474	-0.7771399999999999	0.06954289999999999	0.0	-3.0991	-0.847025	0.44584799999999997	0.349218	-0.402934	0.888978	-0.217629	0.0	0.13708900000000002	-0.176481	-0.9747110000000001	0.0	-0.904904	-0.422579	-0.050759	0.0	2.33244	1.57339	1.37564	0.358045	
3	0.45186000000000004	0.253728	-0.855245	0.0	0.681144	0.5209630000000001	0.514432	0.0	0.5760770000000001	-0.814997	0.0625766	0.0	-3.06481	-1.12775	0.320213	0.351354	-0.40563699999999997	0.8880040000000001	-0.216581	0.0	0.142341	-0.172689	-0.9746370000000001	0.0	-0.902883	-0.42617700000000003	-0.0563509	0.0	2.32145	1.57417	1.3781700000000001	0.35719	
3	0.45631000000000005	0.239248	-0.8570540000000001	0.0	0.7147439999999999	0.47516499999999995	0.513185	0.0	0.530021	-0.8467459999999999	0.045821499999999994	0.0	-3.07483	-1.3244200000000002	0.160687	0.351225	-0.41403	0.886172	-0.208033	0.0	0.134652	-0.166402	-0.9768209999999999	0.0	-0.900249	-0.43244499999999997	-0.0504295	0.0	2.32078	1.54549	1.36266	0.35731799999999997	
3	0.451287	0.23115700000000003	-0.86192	0.0	0.7273850000000001	0.46425200000000005	0.5053529999999999	0.0	0.516964	-0.855007	0.0413708	0.0	-3.03327	-1.41594	-0.028179400000000004	0.351697	-0.428224	0.878724	-0.210875	0.0	0.129366	-0.17134000000000002	-0.9766819999999999	0.0	-0.894365	-0.44551899999999994	-0.04030569999999999	0.0	2.32166	1.5207700000000002	1.34385	0.35709	
3	0.440907	0.23846900000000001	-0.865294	0.0	0.736108	0.45554399999999995	0.500625	0.0	0.513563	-0.8576790000000001	0.0253132	0.0	-2.98325	-1.41638	-0.130425	0.35167800000000005	-0.429208	0.8784559999999999	-0.20999299999999999	0.0	0.124901	-0.172537	-0.977052	0.0	-0.8945280000000001	-0.445587	-0.0356663	0.0	2.32307	1.5135299999999998	1.3375700000000001	0.356917	
3	0.427374	0.251648	-0.868346	0.0	0.75427	0.430275	0.49592299999999995	0.0	0.498425	-0.8669129999999999	-0.00592208	0.0	-2.90168	-1.34638	-0.351571	0.350611	-0.43815	0.8743620000000001	-0.20860599999999999	0.0	0.110947	-0.17769100000000002	-0.9778120000000001	0.0	-0.8920290000000001	-0.45157200000000003	-0.019152799999999998	0.0	2.28967	1.4862	1.36543	0.357352	
3	0.412783	0.25381	-0.8747520000000001	0.0	0.780349	0.396764	0.483357	0.0	0.46975200000000006	-0.882133	-0.034283	0.0	-2.91017	-1.27683	-0.525517	0.348928	-0.44083199999999995	0.873152	-0.20801999999999998	0.0	0.10544500000000001	-0.17977200000000002	-0.9780409999999999	0.0	-0.891374	-0.453086	-0.012819999999999998	0.0	2.26666	1.43319	1.3711	0.357015	
3	0.374948	0.260178	-0.8897870000000001	0.0	0.808233	0.378366	0.451218	0.0	0.45406199999999997	-0.888339	-0.0684164	0.0	-3.00055	-1.17559	-0.719362	0.34869	-0.442957	0.8717719999999999	-0.20929299999999998	0.0	0.0995117	-0.184195	-0.9778389999999999	0.0	-0.8910030000000001	-0.45396800000000004	-0.00516117	0.0	2.2559099999999996	1.38048	1.38176	0.357263	
3	0.32145300000000004	0.28141900000000003	-0.904141	0.0	0.8240860000000001	0.387171	0.413499	0.0	0.466424	-0.8780100000000001	-0.107456	0.0	-3.04498	-1.0488899999999999	-0.9468639999999999	0.348729	-0.44247700000000006	0.8714360000000001	-0.211693	0.0	0.0996071	-0.186841	-0.9773280000000001	0.0	-0.891231	-0.453531	-0.00412852	0.0	2.25053	1.36899	1.40191	0.35672600000000004	
3	0.268629	0.264788	-0.926135	0.0	0.847622	0.391755	0.35786100000000004	0.0	0.457575	-0.881144	-0.11920399999999999	0.0	-3.05353	-0.9916229999999999	-1.05551	0.34863099999999997	-0.442119	0.871235	-0.21325999999999998	0.0	0.0974952	-0.189673	-0.9769950000000001	0.0	-0.891642	-0.45274	-0.00108308	0.0	2.24842	1.37748	1.41801	0.355928	
3	0.23718000000000003	0.271059	-0.932884	0.0	0.860268	0.387517	0.331314	0.0	0.45131400000000005	-0.8811120000000001	-0.141272	0.0	-3.07491	-0.941433	-1.1091799999999998	0.348575	-0.440673	0.871607	-0.21473000000000003	0.0	0.09528610000000001	-0.192438	-0.976672	0.0	-0.892596	-0.450854	0.00175029	0.0	2.2386	1.36121	1.4225700000000001	0.354659	
3	0.23532199999999998	0.279469	-0.9308709999999999	0.0	0.865242	0.376012	0.331619	0.0	0.442696	-0.883466	-0.153324	0.0	-3.07438	-0.9656530000000001	-1.1884299999999999	0.34906	-0.44681400000000004	0.8675870000000001	-0.218288	0.0	0.0898418	-0.199251	-0.9758209999999999	0.0	-0.8901040000000001	-0.455622	0.0110824	0.0	2.21691	1.3521	1.47694	0.35396700000000003	
3	0.23437399999999997	0.286462	-0.928982	0.0	0.8576290000000001	0.389038	0.336336	0.0	0.45775699999999997	-0.875551	-0.154498	0.0	-3.08312	-0.9974459999999999	-1.21845	0.349354	-0.449446	0.8657370000000001	-0.22022199999999997	0.0	0.0892839	-0.201755	-0.975358	0.0	-0.888834	-0.45803299999999997	0.013381799999999998	0.0	2.21666	1.35887	1.50634	0.353488	
3	0.236326	0.274107	-0.93221	0.0	0.855202	0.396771	0.33347	0.0	0.46128	-0.876036	-0.14065	0.0	-3.0674	-1.0562200000000002	-1.15638	0.349978	-0.45335	0.8625950000000001	-0.22450799999999999	0.0	0.0896819	-0.20645700000000003	-0.9743370000000001	0.0	-0.88681	-0.46185	0.016238	0.0	2.21752	1.36019	1.53772	0.353505	
3	0.241265	0.26910300000000004	-0.9324030000000001	0.0	0.845327	0.413642	0.33811599999999997	0.0	0.47666899999999995	-0.869761	-0.127682	0.0	-3.03734	-1.07914	-1.11779	0.350028	-0.45494399999999996	0.8611129999999999	-0.22696	0.0	0.09221549999999999	-0.207938	-0.973786	0.0	-0.885733	-0.463947	0.0151918	0.0	2.23026	1.3603100000000001	1.55465	0.352625	
3	0.246613	0.270389	-0.93063	0.0	0.834205	0.429519	0.345855	0.0	0.49323900000000004	-0.8616280000000001	-0.11963499999999999	0.0	-3.01862	-1.07772	-1.10156	0.350024	-0.45625	0.8605520000000001	-0.226464	0.0	0.0920547	-0.207486	-0.9738969999999999	0.0	-0.885077	-0.465188	0.0154476	0.0	2.23418	1.3612	1.5653	0.352428	
3	0.26307800000000003	0.27333	-0.9252459999999999	0.0	0.8097880000000001	0.458754	0.365772	0.0	0.524437	-0.8454799999999999	-0.10065	0.0	-2.9129	-1.0518	-1.04318	0.351122	-0.46268000000000004	0.856166	-0.230015	0.0	0.09911389999999999	-0.20787399999999998	-0.9731209999999999	0.0	-0.8809680000000001	-0.473041	0.0113209	0.0	2.2446099999999998	1.35788	1.5811	0.351431	
3	0.26679200000000003	0.273537	-0.9241209999999999	0.0	0.808287	0.458712	0.369129	0.0	0.524876	-0.845435	-0.098715	0.0	-2.90728	-1.05398	-1.04016	0.35125700000000004	-0.46288	0.856028	-0.230127	0.0	0.098949	-0.208092	-0.973091	0.0	-0.8808809999999999	-0.473195	0.0116184	0.0	2.2457	1.35671	1.58271	0.351381	
3	0.266779	0.273535	-0.924125	0.0	0.808293	0.458712	0.369116	0.0	0.5248729999999999	-0.8454360000000001	-0.098722	0.0	-2.9073700000000002	-1.05397	-1.0402	0.35125700000000004	-0.46287700000000004	0.85603	-0.23012600000000002	0.0	0.0989499	-0.208091	-0.973092	0.0	-0.880883	-0.473192	0.011616	0.0	2.24569	1.35671	1.58269	0.351381	
3	0.266779	0.273536	-0.924125	0.0	0.808292	0.458712	0.369116	0.0	0.524874	-0.8454360000000001	-0.098722	0.0	-2.90738	-1.05397	-1.0402	0.35125700000000004	-0.46287700000000004	0.85603	-0.23012600000000002	0.0	0.0989498	-0.20809	-0.973092	0.0	-0.880883	-0.473192	0.0116162	0.0	2.24569	1.35671	1.58269	0.35138	
3	0.266779	0.273536	-0.924125	0.0	0.808292	0.458712	0.369116	0.0	0.524874	-0.8454360000000001	-0.098722	0.0	-2.90738	-1.05397	-1.0402	0.35125700000000004	-0.46287700000000004	0.85603	-0.230125	0.0	0.0989498	-0.20809	-0.973092	0.0	-0.880883	-0.473192	0.0116162	0.0	2.24569	1.35671	1.58269	0.35138	
3	0.266779	0.273536	-0.924125	0.0	0.808292	0.458712	0.369116	0.0	0.524874	-0.8454360000000001	-0.098722	0.0	-2.90738	-1.05397	-1.0402	0.35125700000000004	-0.46287700000000004	0.85603	-0.23012600000000002	0.0	0.0989498	-0.20809	-0.973092	0.0	-0.880883	-0.473192	0.0116162	0.0	2.24569	1.35671	1.58269	0.35138	
3	0.266779	0.273536	-0.924125	0.0	0.808292	0.458712	0.369116	0.0	0.524874	-0.8454360000000001	-0.09872189999999999	0.0	-2.90738	-1.05398	-1.0402	0.35125700000000004	-0.46287700000000004	0.85603	-0.23012600000000002	0.0	0.0989498	-0.20809	-0.973092	0.0	-0.880883	-0.473192	0.0116162	0.0	2.24569	1.35671	1.58269	0.35138	
3	0.266779	0.273536	-0.924125	0.0	0.808292	0.458712	0.369116	0.0	0.524874	-0.8454360000000001	-0.098722	0.0	-2.90738	-1.05397	-1.0402	0.35125700000000004	-0.46287700000000004	0.85603	-0.23012600000000002	0.0	0.0989497	-0.208091	-0.973092	0.0	-0.880883	-0.473192	0.0116161	0.0	2.24569	1.35671	1.58269	0.35138	
3	0.266779	0.273536	-0.924125	0.0	0.808292	0.458712	0.369116	0.0	0.524874	-0.8454360000000001	-0.09872189999999999	0.0	-2.90738	-1.05397	-1.0402	0.35125700000000004	-0.46287700000000004	0.85603	-0.23012600000000002	0.0	0.0989497	-0.208091	-0.973092	0.0	-0.880883	-0.473192	0.0116162	0.0	2.24569	1.35671	1.58269	0.35138	
3	0.266779	0.273536	-0.924125	0.0	0.808292	0.458712	0.369116	0.0	0.524874	-0.8454360000000001	-0.098722	0.0	-2.90738	-1.05397	-1.0402	0.35125700000000004	-0.46287700000000004	0.85603	-0.23012600000000002	0.0	0.0989497	-0.208091	-0.973092	0.0	-0.880883	-0.473192	0.0116162	0.0	2.24569	1.35671	1.58269	0.35138	
3	0.266779	0.273536	-0.924125	0.0	0.808292	0.458712	0.369116	0.0	0.524874	-0.8454360000000001	-0.098722	0.0	-2.90738	-1.05397	-1.0402	0.35125700000000004	-0.46287700000000004	0.85603	-0.230125	0.0	0.09894960000000001	-0.208091	-0.973092	0.0	-0.880883	-0.473192	0.0116162	0.0	2.24569	1.35671	1.58269	0.35138	
3	0.266779	0.273536	-0.924125	0.0	0.808292	0.458712	0.369116	0.0	0.524874	-0.8454360000000001	-0.098722	0.0	-2.90738	-1.05397	-1.0402	0.35125700000000004	-0.46287700000000004	0.85603	-0.23012600000000002	0.0	0.0989497	-0.208091	-0.973092	0.0	-0.880883	-0.473192	0.0116162	0.0	2.24569	1.35671	1.58269	0.35138	
3	0.266779	0.273536	-0.924125	0.0	0.808292	0.458712	0.369116	0.0	0.524874	-0.8454360000000001	-0.098722	0.0	-2.90738	-1.05397	-1.0402	0.35125700000000004	-0.46287700000000004	0.85603	-0.23012600000000002	0.0	0.0989497	-0.208091	-0.973092	0.0	-0.880883	-0.473192	0.0116161	0.0	2.24569	1.35671	1.58269	0.35138	
3	0.16401	0.430192	-0.8877139999999999	0.0	0.62357	0.6520859999999999	0.431213	0.0	0.76437	-0.624275	-0.161306	0.0	-2.94719	-1.11781	-1.07364	0.350738	-0.48671099999999995	0.84129	-0.235252	0.0	0.115221	-0.20512399999999997	-0.97193	0.0	-0.8659309999999999	-0.500155	0.00290197	0.0	2.2232	1.3572	1.6385299999999998	0.31609699999999996	
3	0.0594519	0.563628	-0.823887	0.0	0.44506	0.723808	0.5272789999999999	0.0	0.893525	-0.398027	-0.207817	0.0	-2.9639900000000003	-1.07031	-1.15582	0.349011	-0.480465	0.845555	-0.232789	0.0	0.107636	-0.206575	-0.972493	0.0	-0.870384	-0.492305	0.0082401	0.0	2.20911	1.35766	1.64969	0.324286	
3	0.0631861	0.577863	-0.813684	0.0	0.538212	0.6668609999999999	0.515387	0.0	0.8404370000000001	-0.4705	-0.268876	0.0	-3.06682	-0.983835	-1.40838	0.346948	-0.482087	0.8438680000000001	-0.23554099999999997	0.0	0.11086300000000002	-0.207927	-0.971841	0.0	-0.869081	-0.49462399999999995	0.00668514	0.0	2.21722	1.33848	1.6292799999999998	0.323727	
3	0.0765238	0.5873659999999999	-0.8056949999999999	0.0	0.603428	0.615995	0.5063840000000001	0.0	0.793737	-0.524929	-0.307295	0.0	-3.1874599999999997	-0.99849	-1.71307	0.34770500000000004	-0.480943	0.844089	-0.23708	0.0	0.110257	-0.21003200000000002	-0.971458	0.0	-0.869792	-0.49335500000000004	0.00794643	0.0	2.2233	1.3235700000000001	1.61191	0.323846	
3	0.103853	0.578657	-0.808932	0.0	0.634396	0.587858	0.501961	0.0	0.7659999999999999	-0.565314	-0.30604699999999996	0.0	-3.23642	-1.03491	-1.8763400000000001	0.34834299999999996	-0.48100200000000004	0.8442959999999999	-0.236227	0.0	0.109727	-0.209351	-0.971665	0.0	-0.869826	-0.493292	0.00805634	0.0	2.22297	1.31952	1.60487	0.3241	
3	0.17391199999999998	0.5224340000000001	-0.8347559999999999	0.0	0.676837	0.5523060000000001	0.48667299999999997	0.0	0.715295	-0.649632	-0.25755	0.0	-3.3446300000000004	-1.32722	-2.1682200000000003	0.348908	-0.48235	0.842814	-0.23875300000000002	0.0	0.11114500000000001	-0.21146900000000002	-0.971045	0.0	-0.868899	-0.49491899999999994	0.00832701	0.0	2.2259700000000002	1.3182399999999999	1.5746799999999999	0.322825	
3	0.20820500000000003	0.43412700000000004	-0.876461	0.0	0.724006	0.534091	0.43653400000000003	0.0	0.657621	-0.7254520000000001	-0.20310999999999998	0.0	-3.3742400000000004	-1.65431	-2.29704	0.35029499999999997	-0.483437	0.841827	-0.24003200000000002	0.0	0.111793	-0.21258600000000002	-0.970726	0.0	-0.8682110000000001	-0.496119	0.00866151	0.0	2.23258	1.3114	1.54932	0.321425	
3	0.24416500000000002	0.385248	-0.889926	0.0	0.751042	0.505408	0.42485100000000003	0.0	0.613449	-0.7721060000000001	-0.165934	0.0	-3.40049	-1.8708099999999999	-2.34219	0.350576	-0.48368900000000004	0.840409	-0.24445300000000003	0.0	0.113532	-0.216694	-0.969616	0.0	-0.8678450000000001	-0.496746	0.00939876	0.0	2.23482	1.30013	1.54518	0.321281	
3	0.311963	0.278527	-0.908351	0.0	0.7858430000000001	0.461688	0.41145600000000004	0.0	0.533976	-0.8421799999999999	-0.07484910000000002	0.0	-3.4899699999999996	-2.34844	-2.4103	0.351956	-0.48252399999999995	0.840793	-0.245434	0.0	0.112696	-0.21828699999999998	-0.969356	0.0	-0.8686020000000001	-0.49539700000000003	0.010574700000000001	0.0	2.23631	1.30124	1.53926	0.321209	
3	0.360865	0.227194	-0.9045219999999999	0.0	0.789459	0.441938	0.425964	0.0	0.49651899999999993	-0.867798	-0.019880500000000002	0.0	-3.5327300000000004	-2.53074	-2.4251	0.352294	-0.479299	0.8420219999999999	-0.247531	0.0	0.111095	-0.221561	-0.9687979999999999	0.0	-0.870592	-0.49184300000000003	0.0126489	0.0	2.23627	1.297	1.52895	0.32145999999999997	
3	0.402392	0.107799	-0.909098	0.0	0.829829	0.376416	0.41194	0.0	0.386606	-0.920158	0.062011800000000006	0.0	-3.55743	-2.8457	-2.42635	0.352089	-0.469612	0.846448	-0.250981	0.0	0.10403	-0.229246	-0.967794	0.0	-0.8767229999999999	-0.48059700000000005	0.019600299999999998	0.0	2.2065099999999997	1.31169	1.5270299999999999	0.322623	
3	0.390696	0.0653428	-0.918198	0.0	0.856527	0.33960799999999997	0.388623	0.0	0.337221	-0.9382940000000001	0.07671560000000001	0.0	-3.5154699999999997	-2.95102	-2.47987	0.350992	-0.465171	0.8476229999999999	-0.255249	0.0	0.10052799999999999	-0.23589699999999997	-0.966564	0.0	-0.879494	-0.475278	0.024522799999999997	0.0	2.18242	1.34419	1.53959	0.323449	
3	0.392254	0.0558957	-0.918157	0.0	0.864374	0.31901599999999997	0.388698	0.0	0.314634	-0.9461	0.07682080000000001	0.0	-3.48905	-2.9865	-2.56147	0.350382	-0.463591	0.846942	-0.260333	0.0	0.100774	-0.241508	-0.965152	0.0	-0.8803	-0.473671	0.0266111	0.0	2.17013	1.36625	1.54735	0.323283	
3	0.42167899999999997	0.0466906	-0.905542	0.0	0.850008	0.327365	0.41269799999999995	0.0	0.315712	-0.943744	0.0983554	0.0	-3.45991	-3.11941	-2.80158	0.351431	-0.461158	0.844368	-0.27271799999999996	0.0	0.10210599999999999	-0.254811	-0.961585	0.0	-0.881423	-0.471289	0.031293	0.0	2.15827	1.40593	1.56882	0.321992	
