0	0.0507553	0.812074	-0.581343	0.0	0.027885400000000005	0.5807140000000001	0.81363	0.0	0.9983219999999999	-0.057507100000000005	0.00682926	0.0	-2.9019999999999997	1.83309	1.53391	0.0	-0.10195900000000001	0.76215	-0.639321	0.0	0.272928	-0.5965779999999999	-0.754722	0.0	-0.956616	-0.25143899999999997	-0.14718599999999998	0.0	2.73541	2.0554	1.62904	0.0	
0	0.037570599999999996	0.823264	-0.5664140000000001	0.0	0.0250253	0.565861	0.8241209999999999	0.0	0.9989809999999999	-0.0451374	0.00065732	0.0	-2.9422900000000003	1.7976599999999998	1.51234	0.0	-0.11987300000000001	0.783751	-0.609398	0.0	0.256223	-0.5686060000000001	-0.7816890000000001	0.0	-0.9591559999999999	-0.24984499999999998	-0.132655	0.0	2.75992	2.03975	1.6293600000000001	0.0	
0	-0.130974	0.8359530000000001	-0.5329430000000001	0.0	-0.00452796	0.537064	0.8435290000000001	0.0	0.991375	0.11289400000000001	-0.0665565	0.0	-3.0358099999999997	2.07136	1.3463100000000001	0.00467897	-0.0133217	0.868225	-0.495992	0.0	0.18077100000000002	-0.48577200000000004	-0.855189	0.0	-0.9834350000000001	-0.101053	-0.150478	0.0	2.82118	2.18425	1.4817799999999999	0.00133395	
0	-0.12701500000000002	0.820364	-0.557558	0.0	0.00198084	0.562319	0.826918	0.0	0.991899	0.103926	-0.07304780000000001	0.0	-2.94393	2.25866	1.44405	0.351891	0.037171699999999995	0.8223209999999999	-0.567809	0.0	0.22109299999999998	-0.560888	-0.797824	0.0	-0.9745440000000001	-0.0958818	-0.202658	0.0	2.6909	2.3341	1.41363	0.360348	
0	-0.061266999999999995	0.8321559999999999	-0.551146	0.0	0.0426951	0.553863	0.831512	0.0	0.997208	0.027413	-0.06946260000000001	0.0	-2.84614	2.10455	1.61855	0.354022	-0.0096131	0.8190430000000001	-0.573652	0.0	0.269258	-0.55037	-0.790312	0.0	-0.9630200000000001	-0.16205799999999998	-0.215243	0.0	2.675	2.2583599999999997	1.43814	0.359863	
0	-0.018081200000000002	0.8608549999999999	-0.508529	0.0	0.0920973	0.507884	0.8564879999999999	0.0	0.9955860000000001	-0.0313478	-0.0884656	0.0	-2.89052	1.9648299999999999	1.63509	0.352147	-0.06042909999999999	0.821418	-0.567116	0.0	0.33928200000000003	-0.517424	-0.785596	0.0	-0.938742	-0.239885	-0.247425	0.0	2.72912	2.1383799999999997	1.45945	0.360402	
0	-0.0140688	0.865298	-0.501061	0.0	0.109179	0.49944399999999994	0.859439	0.0	0.993923	-0.0426143	-0.101499	0.0	-2.9567	1.94117	1.57291	0.34975700000000004	-0.06280960000000001	0.81723	-0.572879	0.0	0.36528	-0.51536	-0.775226	0.0	-0.928776	-0.25795300000000004	-0.26614899999999997	0.0	2.7442900000000003	2.08851	1.44946	0.360323	
0	-0.00552404	0.859291	-0.5114569999999999	0.0	0.128423	0.507839	0.851826	0.0	0.9917040000000001	-0.06097759999999999	-0.113158	0.0	-2.98584	1.92598	1.5191700000000001	0.34962600000000005	-0.06899119999999999	0.8213229999999999	-0.566277	0.0	0.383062	-0.502306	-0.775211	0.0	-0.921143	-0.270402	-0.279963	0.0	2.77572	2.03386	1.41917	0.358452	
0	-0.00140259	0.857347	-0.514738	0.0	0.134284	0.510238	0.849485	0.0	0.990942	-0.0679298	-0.115844	0.0	-2.99235	1.91631	1.5015	0.349659	-0.0674229	0.815924	-0.5742149999999999	0.0	0.389712	-0.508268	-0.767977	0.0	-0.918465	-0.27555799999999997	-0.28370700000000004	0.0	2.78951	1.99469	1.4058	0.359361	
0	-0.00196689	0.854247	-0.519864	0.0	0.135002	0.515333	0.84629	0.0	0.9908440000000001	-0.0685181	-0.11633800000000001	0.0	-2.9997599999999998	1.90156	1.50975	0.34986	-0.0841948	0.815185	-0.573048	0.0	0.400513	-0.49890500000000004	-0.768559	0.0	-0.912415	-0.294222	-0.284488	0.0	2.7772900000000003	1.97817	1.42444	0.360048	
0	0.00223483	0.855369	-0.5180140000000001	0.0	0.14243699999999998	0.5124609999999999	0.846815	0.0	0.989801	-0.07567689999999999	-0.120691	0.0	-3.00232	1.8823	1.51577	0.350033	-0.0991296	0.817091	-0.567922	0.0	0.41200699999999996	-0.48581	-0.7708689999999999	0.0	-0.9057719999999999	-0.310404	-0.288489	0.0	2.76877	1.9463400000000002	1.43844	0.360106	
0	0.004874100000000001	0.8544870000000001	-0.51945	0.0	0.146059	0.5132770000000001	0.8457030000000001	0.0	0.9892639999999999	-0.07999239999999999	-0.122304	0.0	-3.00398	1.87159	1.52109	0.35013299999999997	-0.105223	0.816171	-0.568148	0.0	0.413351	-0.483732	-0.771457	0.0	-0.9044719999999999	-0.316019	-0.286466	0.0	2.76147	1.9248599999999998	1.4363700000000001	0.360036	
0	0.00486295	0.853699	-0.520744	0.0	0.145815	0.514579	0.8449540000000001	0.0	0.9893	-0.0800411	-0.12197899999999999	0.0	-3.00465	1.87163	1.5150700000000001	0.349756	-0.105599	0.816348	-0.567825	0.0	0.415868	-0.48243100000000005	-0.770918	0.0	-0.903273	-0.317548	-0.288549	0.0	2.77019	1.92785	1.4091799999999999	0.35984499999999997	
0	0.00529818	0.85411	-0.520066	0.0	0.148241	0.513656	0.845093	0.0	0.9889370000000001	-0.0815727	-0.123893	0.0	-3.02165	1.8684	1.50583	0.349416	-0.109724	0.816444	-0.566904	0.0	0.41774700000000003	-0.47965	-0.771637	0.0	-0.901914	-0.32148899999999997	-0.288438	0.0	2.77719	1.92701	1.40555	0.35987199999999997	
0	0.00577372	0.8546360000000001	-0.519196	0.0	0.151075	0.5124989999999999	0.8452930000000001	0.0	0.988505	-0.0833182	-0.126155	0.0	-3.03282	1.86825	1.49004	0.349341	-0.11791300000000002	0.8164	-0.565321	0.0	0.42443400000000003	-0.47323699999999996	-0.771947	0.0	-0.897748	-0.330964	-0.29070799999999997	0.0	2.78385	1.9210900000000002	1.40468	0.35940900000000003	
0	0.00616977	0.856857	-0.515517	0.0	0.151705	0.508758	0.8474379999999999	0.0	0.9884069999999999	-0.0834352	-0.126851	0.0	-3.0322299999999998	1.87051	1.50427	0.349376	-0.126709	0.818018	-0.561063	0.0	0.42964300000000005	-0.464552	-0.7743369999999999	0.0	-0.894065	-0.339172	-0.292593	0.0	2.78536	1.92084	1.41038	0.359656	
0	0.00892442	0.858727	-0.512356	0.0	0.15387	0.505095	0.8492360000000001	0.0	0.988051	-0.0864154	-0.127625	0.0	-3.02791	1.85755	1.50427	0.34979499999999997	-0.130646	0.8173560000000001	-0.561124	0.0	0.434097	-0.46168000000000003	-0.773571	0.0	-0.891343	-0.344646	-0.294495	0.0	2.80092	1.92183	1.41289	0.359101	
0	0.0090012	0.857875	-0.51378	0.0	0.156126	0.506293	0.8481110000000001	0.0	0.9876959999999999	-0.0878485	-0.129379	0.0	-3.02236	1.8389	1.49875	0.349963	-0.130395	0.816596	-0.562288	0.0	0.437042	-0.46171599999999996	-0.771889	0.0	-0.8899389999999999	-0.346393	-0.296681	0.0	2.8111200000000003	1.94265	1.42361	0.359158	
0	0.0104407	0.8594430000000001	-0.511126	0.0	0.154899	0.5035930000000001	0.849941	0.0	0.987875	-0.088047	-0.127869	0.0	-3.02369	1.80718	1.49155	0.350434	-0.135239	0.817992	-0.559106	0.0	0.44043999999999994	-0.455842	-0.7734479999999999	0.0	-0.8875379999999999	-0.350853	-0.298629	0.0	2.8103599999999997	1.94803	1.4197799999999998	0.35944299999999996	
0	0.0169625	0.8611	-0.508153	0.0	0.159073	0.499429	0.851626	0.0	0.9871209999999999	-0.0952794	-0.12850599999999998	0.0	-3.0215400000000003	1.7905799999999998	1.51306	0.35087199999999996	-0.136382	0.8184520000000001	-0.558154	0.0	0.440916	-0.45438900000000004	-0.774031	0.0	-0.887126	-0.351663	-0.298898	0.0	2.8167400000000002	1.93597	1.40886	0.359626	
0	0.016618200000000003	0.859982	-0.510054	0.0	0.158443	0.501414	0.850576	0.0	0.9872280000000001	-0.09494960000000001	-0.127926	0.0	-3.02166	1.7841900000000002	1.52025	0.350695	-0.136079	0.819247	-0.5570609999999999	0.0	0.440725	-0.45352700000000007	-0.774645	0.0	-0.8872680000000001	-0.35092399999999996	-0.299347	0.0	2.81046	1.9296400000000002	1.40822	0.359581	
0	0.016533000000000003	0.859865	-0.510254	0.0	0.159216	0.501548	0.850353	0.0	0.9871049999999999	-0.09529939999999999	-0.12861199999999998	0.0	-3.02432	1.7830000000000001	1.52606	0.350682	-0.13657	0.819421	-0.556685	0.0	0.440326	-0.45317399999999997	-0.775079	0.0	-0.887391	-0.350975	-0.29892199999999997	0.0	2.8079400000000003	1.9174400000000003	1.40351	0.359691	
0	0.015429499999999999	0.8592920000000001	-0.511253	0.0	0.158976	0.5027020000000001	0.849716	0.0	0.9871620000000001	-0.09438769999999999	-0.12885	0.0	-3.02161	1.78453	1.52769	0.350772	-0.136025	0.819105	-0.557283	0.0	0.43930699999999995	-0.45431499999999997	-0.774989	0.0	-0.8879790000000001	-0.350236	-0.29804	0.0	2.80449	1.91703	1.40668	0.35967899999999997	
0	0.0152804	0.860684	-0.5089100000000001	0.0	0.157789	0.500517	0.851226	0.0	0.987355	-0.0933073	-0.128158	0.0	-3.0232200000000002	1.77902	1.52083	0.350919	-0.13941099999999998	0.818177	-0.557809	0.0	0.44068999999999997	-0.453189	-0.774863	0.0	-0.886768	-0.353846	-0.297383	0.0	2.80211	1.92165	1.4101299999999999	0.35951700000000003	
0	0.015088299999999999	0.8613719999999999	-0.50775	0.0	0.155164	0.49963900000000006	0.852224	0.0	0.9877739999999999	-0.0916431	-0.126115	0.0	-3.0234400000000003	1.7731599999999998	1.51661	0.351121	-0.14043699999999998	0.8164319999999999	-0.560104	0.0	0.44448699999999997	-0.45351	-0.7725029999999999	0.0	-0.884709	-0.357446	-0.29920399999999997	0.0	2.80403	1.9486700000000001	1.43052	0.359363	
0	0.012661799999999999	0.860369	-0.5095149999999999	0.0	0.153028	0.5018859999999999	0.851289	0.0	0.9881409999999999	-0.0887488	-0.125305	0.0	-3.02716	1.76613	1.51776	0.351383	-0.140552	0.816372	-0.560163	0.0	0.444054	-0.453704	-0.772638	0.0	-0.884907	-0.357338	-0.298744	0.0	2.8119400000000003	1.95777	1.43849	0.359375	
0	0.013299600000000002	0.860101	-0.50995	0.0	0.149896	0.502517	0.851474	0.0	0.988612	-0.08776360000000001	-0.122242	0.0	-3.02146	1.76162	1.53341	0.35179699999999997	-0.13961800000000002	0.816241	-0.560587	0.0	0.44367700000000004	-0.45455500000000004	-0.772354	0.0	-0.8852450000000001	-0.356554	-0.298683	0.0	2.81563	1.96357	1.4404	0.359454	
0	0.0134691	0.860431	-0.509389	0.0	0.15023	0.501911	0.851772	0.0	0.988559	-0.08799789999999999	-0.122502	0.0	-3.0181400000000003	1.7633400000000001	1.54046	0.351921	-0.139711	0.816525	-0.5601510000000001	0.0	0.444092	-0.453945	-0.772474	0.0	-0.885022	-0.35668099999999997	-0.299191	0.0	2.8161400000000003	1.9667299999999999	1.4364	0.359292	
0	0.0122851	0.8599899999999999	-0.510163	0.0	0.149151	0.5029170000000001	0.851368	0.0	0.9887379999999999	-0.0865505	-0.12209	0.0	-3.0187	1.76288	1.54613	0.352042	-0.139954	0.814718	-0.562714	0.0	0.44453100000000006	-0.45611599999999997	-0.770941	0.0	-0.884763	-0.35804	-0.29833200000000004	0.0	2.81644	1.9671900000000002	1.42477	0.359296	
0	0.011779099999999999	0.860475	-0.509356	0.0	0.14816600000000002	0.502266	0.851925	0.0	0.988892	-0.0855043	-0.121577	0.0	-3.0120400000000003	1.7569599999999999	1.53965	0.352323	-0.142203	0.815244	-0.561387	0.0	0.449596	-0.452074	-0.770385	0.0	-0.88184	-0.36194899999999997	-0.302245	0.0	2.82343	1.96773	1.40835	0.359138	
0	0.0134122	0.861014	-0.508405	0.0	0.148242	0.501119	0.8525870000000001	0.0	0.9888600000000001	-0.0868022	-0.12091800000000001	0.0	-3.00488	1.73837	1.53144	0.35274099999999997	-0.143071	0.815294	-0.561094	0.0	0.45141499999999996	-0.45076700000000003	-0.770087	0.0	-0.88077	-0.36346300000000004	-0.303544	0.0	2.8328900000000004	1.97133	1.40299	0.359016	
0	0.0175294	0.8612709999999999	-0.507844	0.0	0.14923499999999998	0.499979	0.853083	0.0	0.9886459999999999	-0.0907421	-0.11976700000000001	0.0	-2.9989	1.73338	1.53473	0.35276199999999996	-0.142995	0.8163100000000001	-0.559635	0.0	0.451349	-0.44943999999999995	-0.7709010000000001	0.0	-0.8808159999999999	-0.362825	-0.304173	0.0	2.83585	1.9714200000000002	1.4027399999999999	0.359093	
0	0.0264904	0.8618889999999999	-0.506405	0.0	0.14461300000000002	0.49795	0.8550629999999999	0.0	0.9891340000000001	-0.0958839	-0.11145	0.0	-3.00243	1.72584	1.5447	0.353555	-0.142904	0.816441	-0.559467	0.0	0.450927	-0.449485	-0.7711210000000001	0.0	-0.8810469999999999	-0.362475	-0.30392199999999997	0.0	2.83812	1.96697	1.39749	0.359103	
0	0.059338999999999996	0.8678020000000001	-0.49335500000000004	0.0	0.143051	0.48173299999999997	0.8645639999999999	0.0	0.987935	-0.121877	-0.095554	0.0	-3.01213	1.71872	1.5572	0.3525	-0.143043	0.816675	-0.5590890000000001	0.0	0.451295	-0.448931	-0.7712289999999999	0.0	-0.8808360000000001	-0.362632	-0.304345	0.0	2.83688	1.9675900000000002	1.3973	0.359054	
0	0.13181700000000002	0.8767959999999999	-0.46244300000000005	0.0	0.14919200000000002	0.443651	0.8836940000000001	0.0	0.9799829999999999	-0.185479	-0.07233010000000001	0.0	-3.01915	1.7294599999999998	1.5542200000000002	0.352123	-0.142369	0.816086	-0.56012	0.0	0.45214499999999996	-0.449775	-0.770239	0.0	-0.880509	-0.362914	-0.304956	0.0	2.83777	1.9673900000000002	1.3905100000000001	0.358912	
0	0.334439	0.874654	-0.350901	0.0	0.14594200000000002	0.319783	0.936184	0.0	0.931049	-0.36430799999999997	-0.0207007	0.0	-2.99756	1.6782400000000002	1.62868	0.35186	-0.144061	0.815811	-0.560088	0.0	0.453549	-0.44861	-0.770093	0.0	-0.879511	-0.364967	-0.305383	0.0	2.83664	1.97345	1.39321	0.358933	
0	0.591866	0.7900189999999999	-0.159891	0.0	0.06622339999999999	0.150035	0.98646	0.0	0.803312	-0.59444	0.0364828	0.0	-2.95051	1.4684	1.69258	0.351663	-0.145072	0.816855	-0.558304	0.0	0.45492299999999997	-0.44602200000000003	-0.770785	0.0	-0.878635	-0.365804	-0.30690100000000003	0.0	2.8382400000000003	1.9725	1.39262	0.359066	
0	0.764199	0.644786	0.0158231	0.0	-0.0231856	0.00294602	0.999727	0.0	0.644563	-0.764357	0.0172011	0.0	-2.93987	1.25216	1.61929	0.352512	-0.146026	0.818292	-0.555945	0.0	0.455251	-0.443345	-0.772134	0.0	-0.878307	-0.365846	-0.307789	0.0	2.83728	1.9717900000000002	1.39496	0.359191	
0	0.854208	0.49569399999999997	0.156893	0.0	-0.126307	-0.0948788	0.9874440000000001	0.0	0.504356	-0.8632989999999999	-0.0184368	0.0	-2.89456	1.0183799999999998	1.4301700000000002	0.354482	-0.150088	0.8203790000000001	-0.551772	0.0	0.457743	-0.437015	-0.774267	0.0	-0.876325	-0.368778	-0.30993200000000004	0.0	2.8353900000000003	1.96764	1.39693	0.359315	
0	0.889467	0.38908400000000004	0.23971199999999998	0.0	-0.20094800000000002	-0.13812	0.969816	0.0	0.41044899999999995	-0.910789	-0.0446679	0.0	-2.81013	0.779341	1.2461	0.355695	-0.15461	0.821681	-0.5485770000000001	0.0	0.46203599999999995	-0.430659	-0.775278	0.0	-0.87328	-0.373328	-0.313062	0.0	2.83434	1.9618799999999998	1.38794	0.359324	
0	0.9124	0.255596	0.319684	0.0	-0.274119	-0.198426	0.941003	0.0	0.30395	-0.9462020000000001	-0.11098	0.0	-2.7757	0.448172	0.8962870000000001	0.354879	-0.159987	0.822417	-0.545926	0.0	0.46862299999999996	-0.423475	-0.7752819999999999	0.0	-0.868791	-0.379869	-0.317653	0.0	2.8388299999999997	1.9639099999999998	1.38409	0.35943800000000004	
0	0.919358	0.14644300000000002	0.365151	0.0	-0.330788	-0.214721	0.918953	0.0	0.21298000000000003	-0.965634	-0.148964	0.0	-2.81587	0.202441	0.623917	0.353381	-0.16125499999999998	0.8235610000000001	-0.543824	0.0	0.473008	-0.419128	-0.77498	0.0	-0.866175	-0.382203	-0.321964	0.0	2.8433	1.97026	1.38459	0.359132	
0	0.9186709999999999	0.0814023	0.386546	0.0	-0.365587	-0.195466	0.9100219999999999	0.0	0.149635	-0.977326	-0.14981	0.0	-2.87417	-0.0613019	0.41469300000000003	0.351645	-0.161194	0.8242719999999999	-0.542763	0.0	0.472854	-0.41822	-0.775565	0.0	-0.8662709999999999	-0.381664	-0.322346	0.0	2.84592	1.9683099999999998	1.37815	0.359299	
0	0.907508	0.0872207	0.410879	0.0	-0.38469899999999996	-0.220123	0.8964110000000001	0.0	0.16863	-0.971565	-0.16621	0.0	-2.89653	-0.29197199999999995	0.296192	0.360892	-0.161425	0.8238	-0.543411	0.0	0.47251400000000005	-0.41889899999999997	-0.775406	0.0	-0.8664139999999999	-0.381939	-0.32163600000000003	0.0	2.84743	1.96545	1.38024	0.359114	
0	0.899278	0.0972327	0.426432	0.0	-0.397353	-0.225823	0.889446	0.0	0.182781	-0.969304	-0.164442	0.0	-2.8203400000000003	-0.373988	0.24276199999999998	0.361682	-0.163172	0.8241780000000001	-0.542315	0.0	0.474236	-0.416494	-0.77565	0.0	-0.865145	-0.38375	-0.322894	0.0	2.84681	1.9649	1.38134	0.359111	
0	0.893581	0.12326300000000001	0.431648	0.0	-0.402021	-0.208089	0.8916709999999999	0.0	0.199732	-0.9703120000000001	-0.13639	0.0	-2.7647	-0.39329899999999995	0.141929	0.360651	-0.165166	0.823586	-0.542611	0.0	0.47585500000000003	-0.41535	-0.7752720000000001	0.0	-0.863876	-0.386253	-0.323306	0.0	2.8450599999999997	1.9771900000000002	1.38335	0.359057	
0	0.8928799999999999	0.15153699999999998	0.42403	0.0	-0.393687	-0.19439	0.8984559999999999	0.0	0.218577	-0.9691489999999999	-0.113909	0.0	-2.76392	-0.37776	0.155589	0.35922	-0.16588	0.823391	-0.5426890000000001	0.0	0.477858	-0.41427299999999995	-0.774616	0.0	-0.862633	-0.387822	-0.324745	0.0	2.8496	1.97869	1.38503	0.358942	
0	0.892777	0.156166	0.422566	0.0	-0.392269	-0.19177	0.8996379999999999	0.0	0.22152800000000003	-0.968936	-0.109949	0.0	-2.77413	-0.363267	0.140086	0.35872	-0.165494	0.823269	-0.542992	0.0	0.478029	-0.41461800000000004	-0.7743260000000001	0.0	-0.862612	-0.387712	-0.32493	0.0	2.85157	1.9791	1.3888	0.358975	
0	0.885182	0.21277600000000002	0.413738	0.0	-0.382132	-0.174752	0.907434	0.0	0.265382	-0.961347	-0.073379	0.0	-2.773	-0.34476999999999997	0.10909300000000001	0.347747	-0.164931	0.82506	-0.540439	0.0	0.47658199999999995	-0.41306400000000004	-0.776046	0.0	-0.8635200000000001	-0.385558	-0.32508200000000004	0.0	2.85336	1.9749700000000001	1.38786	0.359063	
0	0.883473	0.228373	0.409049	0.0	-0.376546	-0.173325	0.91004	0.0	0.27872600000000003	-0.9580209999999999	-0.06713560000000002	0.0	-2.7467900000000003	-0.326173	0.08890039999999999	0.348591	-0.16506400000000002	0.8255540000000001	-0.539644	0.0	0.47573000000000004	-0.412649	-0.77679	0.0	-0.863965	-0.384945	-0.324627	0.0	2.8494099999999998	1.9706099999999998	1.38279	0.359069	
0	0.883446	0.228231	0.40918699999999997	0.0	-0.37676	-0.17311500000000002	0.909991	0.0	0.278525	-0.9580930000000001	-0.066949	0.0	-2.74633	-0.326524	0.0890193	0.348553	-0.165017	0.825559	-0.5396489999999999	0.0	0.47567299999999996	-0.412696	-0.776799	0.0	-0.8640049999999999	-0.384882	-0.324594	0.0	2.84875	1.97052	1.3839700000000001	0.359064	
0	0.883448	0.228213	0.409193	0.0	-0.376764	-0.173125	0.9099870000000001	0.0	0.278513	-0.958095	-0.0669645	0.0	-2.74638	-0.326559	0.0890632	0.348553	-0.165016	0.825559	-0.5396489999999999	0.0	0.47567299999999996	-0.412696	-0.776799	0.0	-0.8640049999999999	-0.384881	-0.32459499999999997	0.0	2.84876	1.97053	1.38398	0.359062	
0	0.883448	0.228213	0.409193	0.0	-0.376764	-0.173125	0.9099870000000001	0.0	0.278512	-0.958095	-0.0669645	0.0	-2.7463900000000003	-0.326558	0.0890647	0.348552	-0.165017	0.825559	-0.5396489999999999	0.0	0.47567299999999996	-0.412696	-0.776799	0.0	-0.8640049999999999	-0.384881	-0.32459499999999997	0.0	2.84876	1.97053	1.38398	0.359063	
0	0.883448	0.228213	0.409193	0.0	-0.376764	-0.173125	0.9099870000000001	0.0	0.278512	-0.958095	-0.0669645	0.0	-2.7463900000000003	-0.326558	0.0890647	0.348552	-0.165017	0.825559	-0.5396489999999999	0.0	0.47567299999999996	-0.412696	-0.776799	0.0	-0.8640049999999999	-0.384881	-0.32459499999999997	0.0	2.84876	1.97053	1.38398	0.359063	
0	0.883448	0.228213	0.409193	0.0	-0.376764	-0.173125	0.9099870000000001	0.0	0.278512	-0.958095	-0.0669645	0.0	-2.7463900000000003	-0.326558	0.08906489999999999	0.348552	-0.165017	0.825559	-0.5396489999999999	0.0	0.47567299999999996	-0.412696	-0.776799	0.0	-0.8640049999999999	-0.384881	-0.32459499999999997	0.0	2.84876	1.97053	1.38398	0.359063	
0	0.883448	0.228213	0.409193	0.0	-0.376764	-0.173125	0.9099870000000001	0.0	0.278512	-0.958095	-0.0669645	0.0	-2.7463900000000003	-0.326558	0.08906489999999999	0.348552	-0.165017	0.825559	-0.5396489999999999	0.0	0.47567299999999996	-0.412696	-0.776799	0.0	-0.8640049999999999	-0.384881	-0.32459499999999997	0.0	2.84876	1.97053	1.38398	0.359063	
0	0.883448	0.228213	0.409193	0.0	-0.376764	-0.173125	0.9099870000000001	0.0	0.278512	-0.958095	-0.0669645	0.0	-2.7463900000000003	-0.326558	0.08906489999999999	0.348553	-0.165017	0.8255600000000001	-0.5396489999999999	0.0	0.47567299999999996	-0.412696	-0.776799	0.0	-0.8640049999999999	-0.384881	-0.32459499999999997	0.0	2.84876	1.97053	1.38398	0.359063	
0	0.883448	0.228213	0.409193	0.0	-0.376764	-0.173125	0.9099870000000001	0.0	0.278512	-0.958095	-0.0669645	0.0	-2.7463900000000003	-0.326558	0.0890645	0.348552	-0.165017	0.825559	-0.5396489999999999	0.0	0.47567299999999996	-0.412696	-0.776799	0.0	-0.8640049999999999	-0.384881	-0.32459499999999997	0.0	2.84876	1.97053	1.38398	0.359063	
0	0.883448	0.228213	0.409193	0.0	-0.376764	-0.173125	0.9099870000000001	0.0	0.278512	-0.958095	-0.0669645	0.0	-2.7463900000000003	-0.326558	0.08906489999999999	0.348553	-0.165017	0.825559	-0.5396489999999999	0.0	0.47567299999999996	-0.412696	-0.776799	0.0	-0.8640049999999999	-0.384881	-0.32459499999999997	0.0	2.84876	1.97053	1.38398	0.359063	
0	0.883448	0.228213	0.409193	0.0	-0.376764	-0.173125	0.9099870000000001	0.0	0.278512	-0.958095	-0.0669645	0.0	-2.7463900000000003	-0.326558	0.08906460000000001	0.348552	-0.165017	0.825559	-0.5396489999999999	0.0	0.47567299999999996	-0.412696	-0.776799	0.0	-0.8640049999999999	-0.384881	-0.32459499999999997	0.0	2.84876	1.97053	1.38398	0.359063	
0	0.883448	0.228213	0.409193	0.0	-0.376764	-0.173125	0.9099870000000001	0.0	0.278512	-0.958095	-0.0669645	0.0	-2.7463900000000003	-0.326558	0.0890647	0.348553	-0.165017	0.825559	-0.5396489999999999	0.0	0.47567299999999996	-0.412696	-0.776799	0.0	-0.8640049999999999	-0.384881	-0.32459499999999997	0.0	2.84876	1.97053	1.38398	0.359063	
0	0.8728799999999999	0.44353400000000004	0.20336700000000002	0.0	-0.0644682	-0.308303	0.949101	0.0	0.483658	-0.841562	-0.240517	0.0	-2.7164599999999997	-0.320334	0.114079	0.349686	-0.168871	0.82325	-0.54198	0.0	0.47448199999999996	-0.41406899999999996	-0.7767970000000001	0.0	-0.863915	-0.388338	-0.320693	0.0	2.80625	1.9871599999999998	1.42164	0.35928000000000004	
0	0.8697090000000001	0.448008	0.20710900000000002	0.0	-0.0694385	-0.30438200000000004	0.9500149999999999	0.0	0.48865600000000003	-0.840619	-0.23361500000000002	0.0	-2.68749	-0.317065	0.155014	0.349914	-0.16989400000000002	0.822558	-0.54271	0.0	0.477055	-0.41323699999999997	-0.775664	0.0	-0.862296	-0.390683	-0.32219899999999996	0.0	2.8075	1.99437	1.42429	0.359041	
0	0.867224	0.45195799999999997	0.208943	0.0	-0.0696238	-0.30543899999999996	0.9496629999999999	0.0	0.49302700000000005	-0.838118	-0.233417	0.0	-2.67041	-0.313846	0.149765	0.349574	-0.17053	0.822011	-0.543339	0.0	0.477476	-0.413416	-0.775309	0.0	-0.8619379999999999	-0.39164499999999997	-0.32199099999999997	0.0	2.81201	1.9961200000000001	1.42218	0.359066	
0	0.871497	0.42095600000000005	0.25157199999999996	0.0	-0.11991800000000001	-0.31449	0.9416559999999999	0.0	0.475513	-0.8508180000000001	-0.223598	0.0	-2.6377200000000003	-0.338073	0.11196099999999999	0.349844	-0.171585	0.8208209999999999	-0.544804	0.0	0.478891	-0.413779	-0.774241	0.0	-0.860942	-0.39375	-0.32208600000000004	0.0	2.8252099999999998	2.00303	1.42733	0.359055	
0	0.880674	0.385308	0.275594	0.0	-0.16668	-0.29253	0.9416180000000001	0.0	0.443432	-0.875194	-0.1934	0.0	-2.63098	-0.427785	0.130074	0.349013	-0.170568	0.822218	-0.543013	0.0	0.47868900000000003	-0.41254300000000005	-0.775026	0.0	-0.8612569999999999	-0.392129	-0.32322	0.0	2.83338	2.00013	1.4257600000000001	0.359069	
0	0.889474	0.334756	0.311085	0.0	-0.22791799999999998	-0.265061	0.936908	0.0	0.396092	-0.904257	-0.159468	0.0	-2.6444400000000003	-0.6424890000000001	0.0503894	0.348018	-0.16905799999999999	0.823624	-0.541352	0.0	0.47626899999999994	-0.41260699999999995	-0.776482	0.0	-0.8628950000000001	-0.389099	-0.32251199999999997	0.0	2.82361	1.9897799999999999	1.41657	0.359199	
0	0.897618	0.214573	0.38502	0.0	-0.348306	-0.19001099999999999	0.9179209999999999	0.0	0.270119	-0.958047	-0.0958204	0.0	-2.7685	-1.23589	-0.28626999999999997	0.345516	-0.170215	0.821858	-0.54367	0.0	0.47615	-0.41444	-0.775578	0.0	-0.862733	-0.390884	-0.320784	0.0	2.8125299999999998	1.9930900000000003	1.42185	0.359239	
0	0.8903559999999999	0.208723	0.40460100000000004	0.0	-0.381548	-0.142741	0.9132620000000001	0.0	0.24837199999999998	-0.9675020000000001	-0.047452	0.0	-2.85495	-1.5540399999999999	-0.47670200000000007	0.345549	-0.17134000000000002	0.8208850000000001	-0.544786	0.0	0.477914	-0.41429499999999997	-0.774569	0.0	-0.861534	-0.393075	-0.321327	0.0	2.8115099999999997	1.9946700000000002	1.42394	0.359377	
0	0.88918	0.181437	0.420048	0.0	-0.409169	-0.0955835	0.907438	0.0	0.204792	-0.9787459999999999	-0.010752600000000001	0.0	-2.89879	-2.06303	-0.876233	0.35029899999999997	-0.173112	0.8204889999999999	-0.544822	0.0	0.480879	-0.41234399999999993	-0.773775	0.0	-0.8595280000000001	-0.395943	-0.32317399999999996	0.0	2.8315	1.9972299999999998	1.42555	0.359268	
0	0.8819819999999999	0.177264	0.43667399999999995	0.0	-0.429367	-0.0797603	0.899601	0.0	0.194297	-0.9809260000000001	0.00576425	0.0	-2.90029	-2.30694	-1.11517	0.351511	-0.173603	0.819734	-0.5458	0.0	0.48193800000000003	-0.41260399999999997	-0.7729779999999999	0.0	-0.858835	-0.397233	-0.323432	0.0	2.8469599999999997	2.00104	1.4288	0.359164	
0	0.880661	0.17858800000000002	0.43879700000000005	0.0	-0.43258199999999997	-0.0745097	0.8985110000000001	0.0	0.193158	-0.9810989999999999	0.0116361	0.0	-2.91062	-2.36238	-1.1632	0.351567	-0.173398	0.819667	-0.545966	0.0	0.482076	-0.41276899999999994	-0.772803	0.0	-0.858799	-0.3972	-0.32356799999999997	0.0	2.84758	2.00373	1.43221	0.359193	
0	0.87029	0.142483	0.47148199999999996	0.0	-0.46528	-0.0762169	0.881876	0.0	0.16158699999999998	-0.986859	-3.64166e-05	0.0	-2.95411	-2.73714	-1.51994	0.352073	-0.17288900000000001	0.82085	-0.5443479999999999	0.0	0.48215	-0.411392	-0.773491	0.0	-0.8588600000000001	-0.396185	-0.324648	0.0	2.8527299999999998	2.00754	1.43118	0.359073	
0	0.868563	0.125533	0.479416	0.0	-0.47158999999999995	-0.08796749999999999	0.8774190000000001	0.0	0.152318	-0.988182	-0.017205099999999997	0.0	-3.02292	-2.87154	-1.6824299999999999	0.350364	-0.17332899999999998	0.820451	-0.54481	0.0	0.48140600000000006	-0.41201400000000005	-0.773624	0.0	-0.859189	-0.396366	-0.323556	0.0	2.85102	2.00125	1.4313799999999999	0.359194	
0	0.8695229999999999	0.128631	0.47684799999999994	0.0	-0.472783	-0.0624688	0.8789620000000001	0.0	0.14285	-0.9897229999999999	0.00649665	0.0	-3.08771	-3.01725	-1.7409999999999999	0.349152	-0.173476	0.820401	-0.544838	0.0	0.481261	-0.412054	-0.773692	0.0	-0.85924	-0.396426	-0.323345	0.0	2.85075	1.99367	1.42563	0.359181	
0	0.8668040000000001	0.138517	0.479024	0.0	-0.47509399999999996	-0.062358800000000006	0.8777229999999999	0.0	0.151451	-0.988395	0.011755700000000001	0.0	-3.0922400000000003	-3.14741	-1.74317	0.350054	-0.17411600000000002	0.820886	-0.543902	0.0	0.48248900000000006	-0.41037700000000005	-0.7738189999999999	0.0	-0.8584219999999999	-0.397161	-0.324615	0.0	2.8472299999999997	1.99685	1.42961	0.359055	
0	0.8663379999999999	0.147633	0.47713999999999995	0.0	-0.47405	-0.057766599999999994	0.8786010000000001	0.0	0.157273	-0.9873540000000001	0.0199399	0.0	-3.0930400000000002	-3.1875	-1.74879	0.348536	-0.174283	0.820666	-0.544181	0.0	0.48164399999999996	-0.41097100000000003	-0.77403	0.0	-0.8588629999999999	-0.39700100000000005	-0.323644	0.0	2.84871	1.99387	1.42765	0.35925799999999997	
0	0.872016	0.18566300000000002	0.45289799999999997	0.0	-0.45457700000000006	-0.0359398	0.8899819999999999	0.0	0.181513	-0.9819559999999999	0.053057900000000005	0.0	-3.0860000000000003	-3.2980300000000002	-1.7648099999999998	0.34508099999999997	-0.174218	0.8205610000000001	-0.5443600000000001	0.0	0.481925	-0.411033	-0.773822	0.0	-0.858718	-0.397154	-0.323839	0.0	2.84952	1.99413	1.42918	0.359218	
0	0.8722979999999999	0.202352	0.445141	0.0	-0.449636	-0.025809	0.8928389999999999	0.0	0.192156	-0.978973	0.0684715	0.0	-3.08248	-3.3259800000000004	-1.7708599999999999	0.345402	-0.175041	0.8204549999999999	-0.544255	0.0	0.48187700000000006	-0.41066400000000003	-0.774048	0.0	-0.858577	-0.397754	-0.32347600000000004	0.0	2.85049	2.00144	1.4335200000000001	0.359255	
0	0.869283	0.224505	0.440392	0.0	-0.44987	-0.00990536	0.8930389999999999	0.0	0.204854	-0.9744229999999999	0.0923873	0.0	-2.94477	-3.3706300000000002	-1.75285	0.335956	-0.17564200000000002	0.819501	-0.545499	0.0	0.483562	-0.41084	-0.7729020000000001	0.0	-0.857507	-0.399536	-0.324119	0.0	2.86076	2.01156	1.42885	0.359133	
0	0.871301	0.216013	0.44065	0.0	-0.450377	-0.00467566	0.892827	0.0	0.194922	-0.9763799999999999	0.0932132	0.0	-2.91269	-3.42538	-1.71402	0.308651	-0.17535	0.819076	-0.54623	0.0	0.483475	-0.411674	-0.772513	0.0	-0.857615	-0.399549	-0.323816	0.0	2.86805	2.03043	1.43534	0.359117	
0	0.8719549999999999	0.20993	0.44229300000000005	0.0	-0.451612	-0.00396013	0.8922059999999999	0.0	0.189052	-0.977709	0.0913537	0.0	-2.90916	-3.45934	-1.7192	0.300722	-0.175265	0.819213	-0.5460520000000001	0.0	0.483228	-0.411652	-0.772679	0.0	-0.857772	-0.399291	-0.323719	0.0	2.8667599999999998	2.0339400000000003	1.4365700000000001	0.35893800000000003	
0	0.87308	0.20615	0.441852	0.0	-0.45114	-0.00218193	0.89245	0.0	0.184942	-0.978518	0.0910974	0.0	-2.9096	-3.49015	-1.6949	0.283762	-0.174741	0.820319	-0.544557	0.0	0.480973	-0.411473	-0.77418	0.0	-0.859145	-0.397198	-0.322651	0.0	2.86957	2.0392200000000003	1.44123	0.359114	
0	0.873031	0.203932	0.44297700000000007	0.0	-0.45239300000000005	-0.000500731	0.891819	0.0	0.182092	-0.978985	0.0918202	0.0	-2.9176	-3.49937	-1.6887599999999998	0.284008	-0.174644	0.8201379999999999	-0.54486	0.0	0.48053199999999996	-0.411998	-0.774175	0.0	-0.8594120000000001	-0.39702800000000005	-0.32214899999999996	0.0	2.8686700000000003	2.04039	1.44187	0.359063	
0	0.871302	0.191744	0.45173800000000003	0.0	-0.460924	0.00373729	0.887432	0.0	0.168472	-0.9814379999999999	0.09163589999999999	0.0	-2.9213299999999998	-3.5319	-1.6365100000000001	0.278239	-0.175084	0.8208610000000001	-0.543629	0.0	0.47871899999999995	-0.411516	-0.7755529999999999	0.0	-0.860333	-0.39603299999999997	-0.320912	0.0	2.86807	2.04927	1.44182	0.35896999999999996	
0	0.8679020000000001	0.185185	0.460926	0.0	-0.47008	0.00631303	0.882601	0.0	0.16053499999999998	-0.982683	0.09253099999999999	0.0	-2.89609	-3.5615900000000003	-1.63686	0.239878	-0.174647	0.8210780000000001	-0.543442	0.0	0.478329	-0.41167299999999996	-0.7757109999999999	0.0	-0.8606389999999999	-0.39542	-0.320848	0.0	2.8700200000000002	2.04903	1.4376799999999998	0.35880500000000004	
0	0.867066	0.186622	0.46191800000000005	0.0	-0.474893	0.0293736	0.879553	0.0	0.150576	-0.981993	0.114094	0.0	-2.87365	-3.56454	-1.64155	0.140407	-0.174654	0.8211120000000001	-0.543388	0.0	0.477283	-0.412099	-0.7761279999999999	0.0	-0.861218	-0.394904	-0.31992800000000005	0.0	2.87109	2.05439	1.44411	0.358927	
0	0.865885	0.184123	0.465125	0.0	-0.47907299999999997	0.03759319999999999	0.87697	0.0	0.143985	-0.9821840000000001	0.12075999999999999	0.0	-2.8986	-3.52449	-1.64828	0.10874	-0.17456300000000002	0.8214739999999999	-0.542871	0.0	0.47620100000000004	-0.412138	-0.776772	0.0	-0.861835	-0.394111	-0.319243	0.0	2.86951	2.0627400000000002	1.44579	0.358744	
0	0.8663290000000001	0.185021	0.463942	0.0	-0.47813599999999995	0.0386125	0.8774360000000001	0.0	0.14443	-0.9819760000000001	0.12191600000000001	0.0	-2.89888	-3.52495	-1.64957	0.108323	-0.174371	0.8215020000000001	-0.54289	0.0	0.47638500000000006	-0.412138	-0.776659	0.0	-0.861773	-0.394052	-0.319486	0.0	2.86998	2.0644400000000003	1.44454	0.358752	
0	0.885761	0.218259	0.40962299999999996	0.0	-0.429018	0.0482166	0.902008	0.0	0.177121	-0.974699	0.136345	0.0	-2.94564	-3.52916	-1.6747	0.11013699999999998	-0.173271	0.821943	-0.542574	0.0	0.475177	-0.41277600000000003	-0.777061	0.0	-0.862661	-0.392461	-0.319046	0.0	2.87161	2.07309	1.4482899999999999	0.358761	
0	0.887423	0.220746	0.40466199999999997	0.0	-0.423885	0.045877	0.904553	0.0	0.181112	-0.974252	0.13428299999999999	0.0	-2.95378	-3.5290800000000004	-1.67068	0.11072	-0.173426	0.8221069999999999	-0.542276	0.0	0.475034	-0.41250600000000004	-0.777292	0.0	-0.8627090000000001	-0.392402	-0.31899	0.0	2.87236	2.0726400000000003	1.44751	0.35873499999999997	
0	0.8852059999999999	0.397257	0.24206999999999998	0.0	-0.243011	-0.0488369	0.968794	0.0	0.39668200000000003	-0.916407	0.0533072	0.0	-3.00866	-3.18043	-1.8481400000000001	0.107653	-0.17516199999999998	0.8238030000000001	-0.539135	0.0	0.475602	-0.408669	-0.7789689999999999	0.0	-0.8620450000000001	-0.392859	-0.32021900000000003	0.0	2.87398	2.0582	1.43628	0.358939	
0	0.8286040000000001	0.5355850000000001	0.162987	0.0	-0.118927	-0.116092	0.986093	0.0	0.547058	-0.836464	-0.032499099999999996	0.0	-3.07114	-2.63327	-1.83122	0.10519400000000001	-0.179742	0.8288639999999999	-0.529791	0.0	0.483112	-0.39476300000000003	-0.781515	0.0	-0.8569110000000001	-0.396419	-0.329479	0.0	2.88072	2.05095	1.41815	0.358968	
0	0.816182	0.557806	0.15066400000000002	0.0	-0.09181139999999999	-0.13223900000000002	0.986957	0.0	0.570454	-0.819369	-0.056718399999999995	0.0	-3.10165	-2.53212	-1.82454	0.10591600000000001	-0.181625	0.830509	-0.526562	0.0	0.485152	-0.39008699999999996	-0.7825979999999999	0.0	-0.85536	-0.397602	-0.332074	0.0	2.88321	2.05072	1.41067	0.359074	
0	0.6454840000000001	0.761011	0.06491090000000001	0.0	0.14538099999999998	-0.205854	0.967723	0.0	0.7498100000000001	-0.615213	-0.24351199999999998	0.0	-3.1886	-1.07612	-1.93422	0.10533599999999999	-0.190442	0.8373	-0.512504	0.0	0.500718	-0.366197	-0.784335	0.0	-0.8444010000000001	-0.40599	-0.349512	0.0	2.91515	2.06568	1.3062200000000002	0.358766	
1	0.505179	0.862318	0.0346792	0.0	0.242225	-0.18024400000000002	0.9533309999999999	0.0	0.828324	-0.47320200000000007	-0.299931	0.0	-3.36073	-0.506269	-2.00734	0.105274	-0.191003	0.839455	-0.508756	0.0	0.501869	-0.36191599999999996	-0.7855850000000001	0.0	-0.843591	-0.405378	-0.352169	0.0	2.93132	2.06953	1.25231	0.358954	
1	0.318787	0.947657	-0.01793	0.0	0.279382	-0.07587260000000001	0.9571780000000001	0.0	0.9057149999999999	-0.310145	-0.288946	0.0	-3.41925	-0.170123	-2.09251	0.105493	-0.187671	0.8444450000000001	-0.501689	0.0	0.497687	-0.358593	-0.789759	0.0	-0.8468100000000001	-0.39789800000000003	-0.35297199999999995	0.0	2.93511	2.07635	1.18648	0.35879	
1	0.061136199999999995	0.990259	-0.12509800000000001	0.0	0.258377	0.105359	0.960282	0.0	0.964108	-0.0910303	-0.249419	0.0	-3.3035099999999997	-0.10198099999999999	-2.23982	0.105305	-0.164426	0.8482290000000001	-0.503459	0.0	0.47745699999999996	-0.378186	-0.7931020000000001	0.0	-0.863133	-0.370786	-0.34280900000000003	0.0	2.89407	2.07672	1.12925	0.358732	
1	-0.130153	0.9523659999999999	-0.27578800000000003	0.0	0.156855	0.294429	0.9427129999999999	0.0	0.979008	0.07943839999999999	-0.18770499999999998	0.0	-2.79137	-0.195237	-2.2360599999999997	0.105424	-0.15564	0.844925	-0.51174	0.0	0.43199	-0.40767	-0.804481	0.0	-0.8883469999999999	-0.34627600000000003	-0.30155	0.0	2.74138	2.0737	1.0315	0.359076	
1	-0.155395	0.914344	-0.373934	0.0	0.062761	0.38690599999999997	0.9199809999999999	0.0	0.985857	0.119492	-0.11750799999999999	0.0	-2.20197	-0.371803	-2.15465	0.105522	-0.215592	0.845774	-0.488043	0.0	0.39626	-0.381017	-0.8353459999999999	0.0	-0.892467	-0.37348600000000004	-0.253002	0.0	2.4996400000000003	2.03023	0.9454940000000001	0.35886599999999996	
1	-0.12956900000000002	0.9038280000000001	-0.407808	0.0	-0.00393474	0.410803	0.911716	0.0	0.991563	0.119735	-0.049671	0.0	-1.68262	-0.49246899999999993	-2.02239	0.105273	-0.273276	0.8371780000000001	-0.47376599999999996	0.0	0.37951	-0.358731	-0.8528100000000001	0.0	-0.883907	-0.412851	-0.219685	0.0	2.13455	1.9806400000000002	0.77799	0.359668	
1	-0.0756687	0.9054709999999999	-0.417608	0.0	-0.0305443	0.41650699999999996	0.9086190000000001	0.0	0.9966649999999999	0.0815095	-0.00385958	0.0	-1.40372	-0.592723	-1.9573200000000002	0.10611099999999998	-0.311347	0.8164100000000001	-0.48635200000000006	0.0	0.39796	-0.35273699999999997	-0.846879	0.0	-0.8629540000000001	-0.457222	-0.215075	0.0	1.86904	1.9185400000000001	0.608162	0.35869	
1	-0.0706995	0.8973479999999999	-0.435623	0.0	-0.0710983	0.431072	0.8995120000000001	0.0	0.9949610000000001	0.0945671	0.0333234	0.0	-1.15678	-0.692969	-1.9304299999999999	0.10591600000000001	-0.298369	0.767505	-0.5673729999999999	0.0	0.340097	-0.46993900000000005	-0.81455	0.0	-0.8918020000000001	-0.43599799999999994	-0.12081099999999999	0.0	1.40041	1.71115	0.39314699999999997	0.357993	
1	-0.08046	0.884182	-0.460161	0.0	-0.0930915	0.452974	0.88665	0.0	0.992401	0.114177	0.0458635	0.0	-1.1047799999999999	-0.712295	-1.91677	0.105897	-0.299104	0.760059	-0.576929	0.0	0.305089	-0.496699	-0.812534	0.0	-0.904134	-0.41904600000000003	-0.08332089999999999	0.0	1.19306	1.6854799999999999	0.378639	0.357514	
1	-0.123526	0.849151	-0.513501	0.0	-0.138087	0.497721	0.856274	0.0	0.9826870000000001	0.17668	0.055774699999999997	0.0	-1.09679	-0.705299	-1.86517	0.10625599999999999	-0.294375	0.788481	-0.540039	0.0	0.28906	-0.46515100000000004	-0.836707	0.0	-0.910927	-0.402409	-0.09098930000000001	0.0	0.867928	1.7562	0.264648	0.356811	
1	-0.14715999999999999	0.841339	-0.520088	0.0	-0.159446	0.498758	0.851949	0.0	0.9761770000000001	0.20829899999999998	0.0607508	0.0	-1.1021100000000001	-0.686355	-1.81077	0.106549	-0.3558	0.803948	-0.476524	0.0	0.26753000000000005	-0.400935	-0.876173	0.0	-0.895452	-0.43922700000000003	-0.07242760000000001	0.0	0.714823	1.68897	0.263757	0.357464	
1	-0.19967200000000002	0.810684	-0.550384	0.0	-0.213765	0.512127	0.8318840000000001	0.0	0.956261	0.28375700000000004	0.07103860000000001	0.0	-1.10905	-0.568736	-1.74751	0.106504	-0.354025	0.8193950000000001	-0.450842	0.0	0.262006	-0.375863	-0.888864	0.0	-0.8977860000000001	-0.432803	-0.0816221	0.0	0.5702119999999999	1.68343	0.24287199999999998	0.357387	
1	-0.231542	0.789025	-0.569059	0.0	-0.24993200000000002	0.517073	0.818639	0.0	0.9401709999999999	0.331775	0.0774784	0.0	-1.07266	-0.401192	-1.68902	0.105477	-0.364259	0.835059	-0.41230100000000003	0.0	0.276857	-0.32560500000000003	-0.904064	0.0	-0.889194	-0.443461	-0.11258800000000001	0.0	0.503793	1.61123	0.150868	0.357613	
1	-0.23746599999999998	0.781385	-0.5771029999999999	0.0	-0.26157600000000003	0.5207149999999999	0.81267	0.0	0.935515	0.343938	0.08073949999999999	0.0	-1.1035	-0.265052	-1.64589	0.10556900000000001	-0.43031499999999995	0.824156	-0.368234	0.0	0.276963	-0.26771300000000003	-0.922834	0.0	-0.859139	-0.499096	-0.11306	0.0	0.49518	1.42826	0.11924900000000001	0.357871	
1	-0.24304699999999999	0.790535	-0.562124	0.0	-0.256694	0.506424	0.823191	0.0	0.935434	0.34436700000000003	0.079841	0.0	-1.18449	-0.15849000000000002	-1.64883	0.105702	-0.498583	0.796704	-0.341582	0.0	0.291006	-0.21735	-0.9317049999999999	0.0	-0.8165359999999999	-0.5639350000000001	-0.12347799999999999	0.0	0.588716	1.1718	0.0525492	0.35700000000000004	
1	-0.243506	0.793008	-0.55843	0.0	-0.253716	0.503631	0.825823	0.0	0.936127	0.342775	0.07856160000000001	0.0	-1.22355	-0.13225599999999998	-1.6648900000000002	0.10495399999999999	-0.5128010000000001	0.7853439999999999	-0.346801	0.0	0.29482800000000003	-0.218292	-0.9302819999999999	0.0	-0.806295	-0.579296	-0.119601	0.0	0.6304609999999999	1.06126	0.0297216	0.357408	
1	-0.22429699999999997	0.806706	-0.546732	0.0	-0.233713	0.500125	0.8338180000000001	0.0	0.946081	0.31480199999999997	0.0763614	0.0	-1.31138	-0.111421	-1.67155	0.10594300000000001	-0.5813699999999999	0.7510939999999999	-0.312836	0.0	0.298106	-0.16112200000000002	-0.940836	0.0	-0.757061	-0.640232	-0.130234	0.0	0.754921	0.8218340000000001	-0.0569855	0.35789899999999997	
1	-0.224018	0.803049	-0.552203	0.0	-0.226721	0.508117	0.8309120000000001	0.0	0.9478469999999999	0.311336	0.0682408	0.0	-1.38081	-0.0909609	-1.67576	0.10586199999999998	-0.616909	0.728039	-0.29896999999999996	0.0	0.314183	-0.120479	-0.941687	0.0	-0.721604	-0.674866	-0.15441300000000002	0.0	0.9442959999999999	0.601708	-0.199277	0.357563	
1	-0.233896	0.787371	-0.570385	0.0	-0.23858600000000002	0.522239	0.818745	0.0	0.942533	0.32758699999999996	0.0657063	0.0	-1.42509	-0.0847008	-1.68492	0.105796	-0.615946	0.729124	-0.298311	0.0	0.320235	-0.11423599999999999	-0.940425	0.0	-0.7197640000000001	-0.6747810000000001	-0.163128	0.0	1.02039	0.528342	-0.28274499999999997	0.357554	
1	-0.24153000000000002	0.757467	-0.606554	0.0	-0.289507	0.5403479999999999	0.7900699999999999	0.0	0.926201	0.366427	0.0887823	0.0	-1.41657	-0.0541481	-1.62099	0.10526700000000001	-0.606412	0.7399319999999999	-0.291142	0.0	0.32621100000000003	-0.10241199999999999	-0.939733	0.0	-0.725155	-0.66484	-0.17927	0.0	1.09437	0.48887600000000003	-0.479155	0.357995	
