0	-0.13725	0.770358	-0.622664	0.0	0.0056987999999999995	0.629217	0.777209	0.0	0.9905200000000001	0.103123	-0.0907499	0.0	-2.86678	1.8348400000000002	1.36762	0.0	-0.198944	0.7177640000000001	-0.6672600000000001	0.0	0.38603699999999996	-0.568425	-0.726546	0.0	-0.900776	-0.402129	-0.163999	0.0	2.64656	2.05132	1.52267	1.97953e-05	
0	-0.10547999999999999	0.8256110000000001	-0.554293	0.0	0.015210499999999998	0.5586770000000001	0.8292459999999999	0.0	0.9943049999999999	0.079038	-0.07148739999999999	0.0	-2.89468	1.78088	1.35159	0.0	-0.0798837	0.706395	-0.703296	0.0	0.179514	-0.68382	-0.7072229999999999	0.0	-0.980507	-0.182747	-0.0721816	0.0	2.7389099999999997	2.02983	1.52704	-6.77109e-05	
0	-0.08037330000000001	0.858856	-0.5058729999999999	0.0	0.0590987	0.510728	0.857709	0.0	0.9950110000000001	0.0390404	-0.0918062	0.0	-2.92211	1.7369900000000003	1.30666	0.0	-0.0641052	0.732721	-0.677503	0.0	0.206116	-0.654539	-0.7273890000000001	0.0	-0.976426	-0.186273	-0.10906600000000001	0.0	2.7864299999999997	1.9971	1.42582	0.00034523	
0	-0.095573	0.8895700000000001	-0.44668900000000006	0.0	0.10468699999999999	0.455237	0.884194	0.0	0.9899020000000001	0.0377426	-0.13663499999999998	0.0	-3.05082	1.6831	1.16036	0.0	-0.0007838010000000001	0.723388	-0.690441	0.0	0.257725	-0.666971	-0.699091	0.0	-0.966218	-0.178492	-0.185912	0.0	2.8851299999999998	2.00406	1.2156	0.0	
0	-0.0923058	0.883898	-0.45848	0.0	0.12188	0.467013	0.875811	0.0	0.988243	0.0249627	-0.150838	0.0	-3.11999	1.64842	1.1149200000000001	0.0	0.0618737	0.7008800000000001	-0.7105899999999999	0.0	0.23196799999999998	-0.702557	-0.672759	0.0	-0.9707540000000001	-0.123208	-0.20605199999999999	0.0	3.0087200000000003	2.02121	1.02057	0.0	
0	-0.28125500000000003	0.606662	-0.743544	0.0	-0.013779399999999999	0.772188	0.635245	0.0	0.959534	0.188911	-0.20882199999999998	0.0	-2.99831	1.76767	1.05497	0.312295	0.17768399999999998	0.646958	-0.741534	0.0	0.18324300000000002	-0.7620979999999999	-0.620991	0.0	-0.9668770000000001	-0.0255413	-0.25396399999999997	0.0	3.05159	2.1314599999999997	0.905307	0.34768699999999997	
0	-0.43200200000000005	0.456103	-0.778039	0.0	-0.293164	0.7448239999999999	0.599409	0.0	0.8528950000000001	0.48703900000000006	-0.188052	0.0	-2.6464	2.10206	0.9955709999999999	0.302081	0.196692	0.608855	-0.7685109999999999	0.0	0.12381400000000001	-0.792972	-0.596545	0.0	-0.972616	0.022182900000000002	-0.231356	0.0	2.97635	2.15357	0.9047209999999999	0.35588600000000004	
0	-0.543234	0.45683999999999997	-0.704411	0.0	-0.280667	0.69192	0.6651859999999999	0.0	0.791279	0.559056	-0.24765399999999999	0.0	-2.46255	2.4965900000000003	0.954627	0.25754699999999997	0.25489	0.5724600000000001	-0.779308	0.0	0.0715186	-0.81488	-0.5752	0.0	-0.9643219999999999	0.09087739999999998	-0.248646	0.0	3.00719	2.23792	0.898583	0.35638200000000003	
0	-0.501332	0.540343	-0.675793	0.0	-0.256389	0.653187	0.712468	0.0	0.8263959999999999	0.530449	-0.188926	0.0	-2.57577	2.59485	0.9908950000000001	0.256252	0.26492899999999997	0.562659	-0.783088	0.0	0.0462549	-0.818588	-0.572517	0.0	-0.963158	0.115455	-0.242894	0.0	3.02922	2.28686	0.9037209999999999	0.3567	
0	-0.44226499999999996	0.648274	-0.619792	0.0	-0.24084499999999998	0.579825	0.77833	0.0	0.863942	0.49350200000000005	-0.100303	0.0	-2.7069	2.5640099999999997	1.03306	0.234017	0.272019	0.575054	-0.771569	0.0	0.0668325	-0.811158	-0.580997	0.0	-0.959968	0.106476	-0.259083	0.0	3.0723	2.30393	0.908659	0.356471	
0	-0.38187600000000005	0.740204	-0.553416	0.0	-0.237604	0.500041	0.8327690000000001	0.0	0.893149	0.449507	-0.0150785	0.0	-2.7930900000000003	2.46893	1.08231	0.24772600000000003	0.27028800000000003	0.577489	-0.770358	0.0	0.0745419	-0.81029	-0.58127	0.0	-0.9598899999999999	0.0996863	-0.26205900000000004	0.0	3.11141	2.28785	0.90917	0.35622600000000004	
0	0.16709100000000002	0.9240200000000001	-0.3439	0.0	0.00166702	0.348539	0.937293	0.0	0.9859399999999999	-0.157187	0.0566974	0.0	-2.8853299999999997	1.81948	1.40926	0.325015	0.26664299999999996	0.574433	-0.7739050000000001	0.0	0.0805406	-0.813448	-0.576034	0.0	-0.9604239999999999	0.09126469999999999	-0.263166	0.0	3.15132	2.2442900000000003	0.9663649999999999	0.356475	
0	0.611416	0.7692140000000001	-0.185691	0.0	0.05006119999999999	0.19659300000000002	0.9792059999999999	0.0	0.789724	-0.6079979999999999	0.0816921	0.0	-2.9131	1.11218	1.54774	0.338351	0.26515500000000003	0.581856	-0.768854	0.0	0.0837155	-0.8082779999999999	-0.58282	0.0	-0.960565	0.0901726	-0.263029	0.0	3.15866	2.22265	0.987243	0.356567	
0	0.8662620000000001	0.49957700000000005	0.00363865	0.0	-0.018103	0.024110200000000002	0.9995450000000001	0.0	0.499262	-0.865934	0.0299295	0.0	-3.1816299999999997	0.566333	1.3318	0.317223	0.266351	0.578071	-0.771292	0.0	0.08347660000000001	-0.811026	-0.579024	0.0	-0.960255	0.089839	-0.264273	0.0	3.16348	2.21435	0.98101	0.35672800000000005	
0	0.887542	0.4529	0.0845648	0.0	-0.0687362	-0.0513289	0.9963139999999999	0.0	0.455571	-0.890083	-0.014425899999999998	0.0	-3.33141	0.292459	1.07092	0.341059	0.268304	0.57465	-0.773169	0.0	0.08451900000000001	-0.8135439999999999	-0.575329	0.0	-0.959619	0.0890159	-0.266846	0.0	3.16325	2.25101	0.957708	0.356533	
0	0.920157	0.374713	0.113581	0.0	-0.0869256	-0.087348	0.9923780000000001	0.0	0.381778	-0.923017	-0.047801800000000005	0.0	-3.35932	0.176424	0.90779	0.350534	0.262845	0.574175	-0.7753939999999999	0.0	0.0853221	-0.814336	-0.5740890000000001	0.0	-0.961058	0.08473789999999999	-0.263034	0.0	3.1543	2.26275	0.989195	0.356569	
0	0.9260450000000001	0.32108200000000003	0.19835999999999998	0.0	-0.173111	-0.105672	0.979217	0.0	0.33537	-0.9411379999999999	-0.0422742	0.0	-3.22427	0.12219100000000001	0.764183	0.352686	0.246232	0.5943390000000001	-0.765592	0.0	0.10876199999999998	-0.801868	-0.5875199999999999	0.0	-0.963089	0.0613988	-0.262087	0.0	3.14491	2.21935	1.03623	0.356663	
0	0.9245479999999999	0.264112	0.27469299999999996	0.0	-0.24835500000000002	-0.129099	0.9600280000000001	0.0	0.289018	-0.9558129999999999	-0.05376469999999999	0.0	-3.1333900000000003	-0.025398900000000002	0.569609	0.355196	0.238227	0.6025050000000001	-0.761732	0.0	0.119183	-0.796521	-0.5927479999999999	0.0	-0.9638690000000001	0.0504227	-0.261561	0.0	3.15068	2.2043	1.0438100000000001	0.35655	
0	0.9023530000000001	0.23081999999999997	0.363981	0.0	-0.33581300000000003	-0.152841	0.9294459999999999	0.0	0.27016599999999996	-0.960917	-0.0604044	0.0	-3.07543	-0.296241	0.410629	0.355825	0.231725	0.609763	-0.757953	0.0	0.128348	-0.791514	-0.5975229999999999	0.0	-0.964277	0.0411789	-0.261676	0.0	3.15448	2.1965	1.0137399999999999	0.35680700000000004	
0	0.898827	0.211628	0.383827	0.0	-0.352699	-0.170681	0.9200389999999999	0.0	0.260219	-0.9623309999999999	-0.07877200000000001	0.0	-3.05997	-0.381364	0.312381	0.35485700000000003	0.218246	0.615063	-0.757671	0.0	0.14164200000000002	-0.78813	-0.5989899999999999	0.0	-0.9655600000000001	0.0234088	-0.259125	0.0	3.15253	2.1823200000000003	1.02309	0.356869	
0	0.8885120000000001	0.18749200000000002	0.41880100000000003	0.0	-0.389309	-0.175067	0.9043180000000001	0.0	0.24286999999999997	-0.96654	-0.0825565	0.0	-3.07462	-0.515779	0.23608400000000002	0.355331	0.21454600000000001	0.622787	-0.752401	0.0	0.15575999999999998	-0.782297	-0.603118	0.0	-0.9642139999999999	0.0122022	-0.264844	0.0	3.15416	2.13784	1.0146	0.356781	
0	0.875375	0.182395	0.447718	0.0	-0.41731899999999994	-0.18243399999999999	0.89026	0.0	0.244058	-0.966152	-0.0835816	0.0	-3.0631	-0.668713	0.15826099999999999	0.355256	0.204075	0.626628	-0.752125	0.0	0.174225	-0.779276	-0.6019760000000001	0.0	-0.963327	-0.00819081	-0.268205	0.0	3.1545900000000002	2.08748	1.01781	0.35678499999999996	
0	0.867848	0.172211	0.46602899999999997	0.0	-0.43779300000000004	-0.17841500000000002	0.8811959999999999	0.0	0.234898	-0.9687680000000001	-0.0794441	0.0	-3.0622599999999998	-0.7973279999999999	0.0983245	0.355103	0.187878	0.635376	-0.748999	0.0	0.19279100000000002	-0.771601	-0.606189	0.0	-0.9630860000000001	-0.030510400000000003	-0.267461	0.0	3.1539599999999997	2.04867	1.03118	0.35684699999999997	
0	0.867283	0.159494	0.471574	0.0	-0.44383500000000004	-0.181281	0.8775809999999999	0.0	0.225456	-0.970412	-0.08643300000000001	0.0	-3.0897900000000003	-0.8804799999999999	-0.00225064	0.354621	0.18090699999999998	0.641621	-0.745383	0.0	0.208054	-0.765702	-0.6086159999999999	0.0	-0.961242	-0.0449771	-0.272013	0.0	3.15593	2.0318099999999997	1.05657	0.356977	
0	0.865351	0.154005	0.476917	0.0	-0.45049399999999995	-0.17793699999999998	0.874868	0.0	0.21959499999999998	-0.971916	-0.0845993	0.0	-3.1111299999999997	-0.9510040000000001	-0.0579225	0.354777	0.175428	0.648043	-0.741125	0.0	0.219504	-0.759596	-0.612236	0.0	-0.9597100000000001	-0.055277	-0.275502	0.0	3.17699	2.0172	1.06345	0.357068	
0	0.8621690000000001	0.150278	0.48381899999999994	0.0	-0.454928	-0.19061	0.8698899999999999	0.0	0.222946	-0.970095	-0.0959719	0.0	-3.10891	-0.992607	-0.11350899999999998	0.354825	0.174755	0.650914	-0.7387640000000001	0.0	0.22573400000000002	-0.756811	-0.613418	0.0	-0.9583870000000001	-0.0595661	-0.27919	0.0	3.2015599999999997	1.9985	1.05769	0.35685300000000003	
0	0.8616879999999999	0.166961	0.479184	0.0	-0.44912799999999997	-0.188567	0.8733420000000001	0.0	0.236173	-0.967764	-0.08749900000000001	0.0	-3.09225	-1.05291	-0.15471500000000002	0.354317	0.169104	0.653022	-0.738218	0.0	0.233658	-0.754215	-0.613648	0.0	-0.957501	-0.06872	-0.280124	0.0	3.20357	1.98205	1.0542	0.35679099999999997	
0	0.8621270000000001	0.16422899999999999	0.479338	0.0	-0.449837	-0.187319	0.873246	0.0	0.233202	-0.9684729999999999	-0.0876165	0.0	-3.06143	-1.06603	-0.154936	0.354337	0.16945	0.651565	-0.739425	0.0	0.233618	-0.755447	-0.612146	0.0	-0.957449	-0.06901449999999999	-0.28022800000000003	0.0	3.20127	1.9799099999999998	1.0542799999999999	0.35679	
0	0.861376	0.167932	0.479405	0.0	-0.44875200000000004	-0.190651	0.8730829999999999	0.0	0.23801799999999998	-0.9671870000000001	-0.0888624	0.0	-3.0281599999999997	-1.09571	-0.0871654	0.353721	0.165991	0.6530100000000001	-0.738935	0.0	0.237533	-0.753743	-0.612739	0.0	-0.957092	-0.0738125	-0.28022600000000003	0.0	3.1994	1.98862	1.05716	0.356722	
0	0.8620469999999999	0.173028	0.47637799999999997	0.0	-0.44505900000000004	-0.191253	0.87484	0.0	0.242481	-0.9661700000000001	-0.08786139999999999	0.0	-3.03989	-1.11099	-0.10504300000000001	0.353655	0.165623	0.651846	-0.740045	0.0	0.23798699999999998	-0.754649	-0.6114470000000001	0.0	-0.957043	-0.07485119999999999	-0.280119	0.0	3.20553	1.99193	1.04801	0.356543	
0	0.8620610000000001	0.172984	0.476369	0.0	-0.44505600000000006	-0.191246	0.874843	0.0	0.24243699999999999	-0.9661790000000001	-0.087878	0.0	-3.03963	-1.11066	-0.10487	0.353654	0.165623	0.6518609999999999	-0.740032	0.0	0.23799099999999998	-0.754636	-0.6114609999999999	0.0	-0.9570420000000001	-0.0748483	-0.280122	0.0	3.2054099999999996	1.99183	1.04819	0.356543	
0	0.8620610000000001	0.172983	0.476369	0.0	-0.44505600000000006	-0.191246	0.874843	0.0	0.24243699999999999	-0.9661790000000001	-0.0878781	0.0	-3.03963	-1.11065	-0.104869	0.353655	0.165623	0.6518609999999999	-0.740031	0.0	0.23799099999999998	-0.754636	-0.611462	0.0	-0.9570420000000001	-0.0748483	-0.280122	0.0	3.2054099999999996	1.99183	1.04819	0.356543	
0	0.8620610000000001	0.172983	0.476369	0.0	-0.44505600000000006	-0.191245	0.874843	0.0	0.24243699999999999	-0.9661790000000001	-0.08787819999999999	0.0	-3.03963	-1.11065	-0.104869	0.353655	0.165623	0.6518609999999999	-0.740031	0.0	0.23799099999999998	-0.754636	-0.6114609999999999	0.0	-0.9570420000000001	-0.0748483	-0.280122	0.0	3.2054099999999996	1.99183	1.0482	0.356543	
0	0.8620610000000001	0.172983	0.476368	0.0	-0.44505600000000006	-0.191245	0.874843	0.0	0.24243699999999999	-0.9661790000000001	-0.0878781	0.0	-3.03963	-1.11065	-0.104869	0.353655	0.165623	0.6518609999999999	-0.740031	0.0	0.23799099999999998	-0.754636	-0.611462	0.0	-0.9570420000000001	-0.07484810000000001	-0.280122	0.0	3.2054099999999996	1.99183	1.0482	0.356543	
0	0.8620610000000001	0.172983	0.476369	0.0	-0.44505600000000006	-0.191245	0.874843	0.0	0.24243699999999999	-0.9661790000000001	-0.08787819999999999	0.0	-3.03963	-1.11065	-0.104869	0.353654	0.165623	0.6518609999999999	-0.740031	0.0	0.23799099999999998	-0.754636	-0.611462	0.0	-0.9570420000000001	-0.0748483	-0.280122	0.0	3.2054099999999996	1.99183	1.0482	0.356543	
0	0.8620610000000001	0.172983	0.476369	0.0	-0.44505600000000006	-0.191246	0.874843	0.0	0.24243699999999999	-0.9661790000000001	-0.0878781	0.0	-3.03963	-1.11065	-0.104869	0.353655	0.165623	0.6518609999999999	-0.740031	0.0	0.23799099999999998	-0.754636	-0.611462	0.0	-0.9570420000000001	-0.07484810000000001	-0.280122	0.0	3.2054099999999996	1.99183	1.0482	0.356543	
0	0.8620610000000001	0.172983	0.476369	0.0	-0.44505600000000006	-0.191246	0.874843	0.0	0.24243699999999999	-0.9661790000000001	-0.0878781	0.0	-3.03963	-1.11065	-0.104869	0.353655	0.165623	0.6518609999999999	-0.740031	0.0	0.23799099999999998	-0.754636	-0.611462	0.0	-0.9570420000000001	-0.0748482	-0.280122	0.0	3.2054099999999996	1.99183	1.0482	0.356544	
0	0.8620610000000001	0.172983	0.476368	0.0	-0.44505600000000006	-0.191245	0.874843	0.0	0.24243699999999999	-0.9661790000000001	-0.0878781	0.0	-3.03963	-1.11065	-0.104869	0.353655	0.165623	0.6518609999999999	-0.740031	0.0	0.23799099999999998	-0.754636	-0.6114609999999999	0.0	-0.9570420000000001	-0.0748485	-0.280122	0.0	3.2054099999999996	1.99183	1.0482	0.356543	
0	0.8620610000000001	0.172983	0.476368	0.0	-0.44505600000000006	-0.191245	0.874843	0.0	0.24243699999999999	-0.9661790000000001	-0.0878781	0.0	-3.03963	-1.11065	-0.104869	0.353655	0.165623	0.6518609999999999	-0.740031	0.0	0.23799099999999998	-0.754636	-0.6114609999999999	0.0	-0.9570420000000001	-0.0748483	-0.280122	0.0	3.2054099999999996	1.99183	1.0482	0.356544	
0	0.8620610000000001	0.172983	0.476368	0.0	-0.44505600000000006	-0.191245	0.874843	0.0	0.24243699999999999	-0.9661790000000001	-0.0878781	0.0	-3.03963	-1.11065	-0.104869	0.353655	0.165623	0.6518609999999999	-0.740031	0.0	0.23799099999999998	-0.754636	-0.611462	0.0	-0.9570420000000001	-0.0748482	-0.280122	0.0	3.2054099999999996	1.99183	1.0482	0.356544	
0	0.8620610000000001	0.172983	0.476369	0.0	-0.44505600000000006	-0.191245	0.874843	0.0	0.24243699999999999	-0.9661790000000001	-0.08787819999999999	0.0	-3.03963	-1.11065	-0.104869	0.353655	0.165623	0.6518609999999999	-0.740031	0.0	0.23799099999999998	-0.754636	-0.611462	0.0	-0.9570420000000001	-0.0748482	-0.280122	0.0	3.2054099999999996	1.99183	1.0482	0.356543	
0	0.8620610000000001	0.172983	0.476369	0.0	-0.44505600000000006	-0.191245	0.874843	0.0	0.24243699999999999	-0.9661790000000001	-0.08787819999999999	0.0	-3.03963	-1.11065	-0.104869	0.353655	0.165623	0.6518609999999999	-0.740031	0.0	0.23799099999999998	-0.754636	-0.611462	0.0	-0.9570420000000001	-0.0748483	-0.280122	0.0	3.2054099999999996	1.99183	1.0482	0.356543	
0	0.8620610000000001	0.172983	0.476368	0.0	-0.44505600000000006	-0.191245	0.874843	0.0	0.24243699999999999	-0.9661790000000001	-0.0878781	0.0	-3.03963	-1.11065	-0.104869	0.353655	0.165623	0.6518609999999999	-0.740031	0.0	0.23799099999999998	-0.754636	-0.611462	0.0	-0.9570420000000001	-0.0748482	-0.280122	0.0	3.2054099999999996	1.99183	1.0482	0.356543	
0	0.9325979999999999	0.256975	0.253425	0.0	-0.21191300000000002	-0.178509	0.9608469999999999	0.0	0.292152	-0.949789	-0.11202100000000001	0.0	-3.0396400000000003	-0.690133	0.08404249999999999	0.34994899999999995	0.132394	0.677203	-0.723787	0.0	0.277246	-0.7263689999999999	-0.6289060000000001	0.0	-0.951633	-0.117404	-0.28391900000000003	0.0	3.17307	2.02409	1.10085	0.357014	
0	0.9334290000000001	0.303163	0.191841	0.0	-0.116092	-0.250722	0.961073	0.0	0.33946	-0.919364	-0.19883699999999999	0.0	-3.17225	0.289057	0.43768500000000005	0.35146700000000003	0.126216	0.679589	-0.722654	0.0	0.28277199999999997	-0.722904	-0.630436	0.0	-0.9508469999999999	-0.124775	-0.283411	0.0	3.16905	2.03341	1.15781	0.35690500000000003	
0	0.911214	0.38089	0.156879	0.0	-0.0243466	-0.330375	0.943536	0.0	0.41121199999999997	-0.863583	-0.291769	0.0	-3.3341800000000004	1.51635	1.00829	0.353279	0.123529	0.683034	-0.719865	0.0	0.287106	-0.718996	-0.632942	0.0	-0.949901	-0.12849100000000002	-0.28492	0.0	3.17694	2.03367	1.16229	0.35687399999999997	
0	0.909552	0.387811	0.14939000000000002	0.0	0.00238796	-0.36433699999999997	0.931264	0.0	0.415583	-0.846677	-0.33231	0.0	-3.5747800000000005	2.2940400000000003	1.47055	0.350501	0.12598900000000002	0.6817810000000001	-0.720626	0.0	0.288283	-0.720228	-0.631003	0.0	-0.9492209999999999	-0.128245	-0.287287	0.0	3.19505	2.03157	1.1208200000000001	0.356542	
0	0.9277110000000001	0.350144	0.129424	0.0	0.0167805	-0.385469	0.922568	0.0	0.372921	-0.8537049999999999	-0.36348	0.0	-3.75316	2.62213	1.76255	0.350019	0.127905	0.680688	-0.721321	0.0	0.285064	-0.721837	-0.630627	0.0	-0.9499360000000001	-0.12496199999999999	-0.286366	0.0	3.19761	2.03185	1.11222	0.356575	
0	0.932366	0.338582	0.12671400000000002	0.0	0.0157798	-0.388288	0.9214030000000001	0.0	0.361172	-0.857085	-0.367369	0.0	-3.8875599999999997	2.71771	1.9505400000000002	0.350965	0.1266	0.679212	-0.722941	0.0	0.283002	-0.723247	-0.6299399999999999	0.0	-0.950727	-0.12484300000000001	-0.28378200000000003	0.0	3.17868	2.03098	1.1336899999999999	0.35684499999999997	
0	0.9068209999999999	0.389998	0.15992699999999999	0.0	-0.00465626	-0.370118	0.9289729999999999	0.0	0.42149	-0.8431569999999999	-0.33381500000000003	0.0	-3.8984699999999997	2.62204	2.0466	0.353028	0.125127	0.67876	-0.723622	0.0	0.284168	-0.723316	-0.6293350000000001	0.0	-0.950574	-0.126883	-0.283389	0.0	3.17047	2.03722	1.15698	0.356829	
0	0.8883629999999999	0.417554	0.190944	0.0	-0.0314676	-0.359525	0.9326049999999999	0.0	0.45806199999999997	-0.8345	-0.306249	0.0	-3.8033300000000003	2.51174	2.0411099999999998	0.354815	0.123521	0.676922	-0.725617	0.0	0.286156	-0.724453	-0.627123	0.0	-0.9501879999999999	-0.130177	-0.28319099999999997	0.0	3.17185	2.0407900000000003	1.16245	0.356618	
0	0.8781959999999999	0.426295	0.216898	0.0	-0.052249800000000006	-0.365259	0.9294389999999999	0.0	0.47543900000000006	-0.8275620000000001	-0.29849499999999995	0.0	-3.73645	2.46097	2.0209599999999996	0.35386300000000004	0.123771	0.675726	-0.726688	0.0	0.287175	-0.7253729999999999	-0.625592	0.0	-0.9498479999999999	-0.13125599999999998	-0.28383200000000003	0.0	3.18123	2.03911	1.15535	0.356725	
0	0.856132	0.417016	0.30518	0.0	-0.13253399999999999	-0.39361999999999997	0.9096690000000001	0.0	0.499472	-0.8192440000000001	-0.281722	0.0	-3.4658300000000004	2.24019	1.84119	0.355623	0.123652	0.675541	-0.72688	0.0	0.289073	-0.725254	-0.624854	0.0	-0.9492870000000001	-0.132857	-0.28496	0.0	3.1953099999999997	2.0375799999999997	1.14795	0.356586	
0	0.8807659999999999	0.301289	0.365344	0.0	-0.259506	-0.33825900000000003	0.904565	0.0	0.39611599999999997	-0.8915190000000001	-0.219741	0.0	-3.30062	1.7167	1.62046	0.354051	0.12124800000000001	0.6801229999999999	-0.723002	0.0	0.288999	-0.721009	-0.629782	0.0	-0.94962	-0.132588	-0.283976	0.0	3.1985099999999997	2.0331200000000003	1.14765	0.356721	
0	0.879387	0.25771700000000003	0.400325	0.0	-0.317858	-0.308205	0.896647	0.0	0.35446300000000003	-0.915746	-0.189114	0.0	-3.24122	1.15995	1.34789	0.35507	0.11926800000000001	0.68235	-0.7212310000000001	0.0	0.290879	-0.7185560000000001	-0.631717	0.0	-0.949297	-0.134448	-0.284182	0.0	3.19422	2.03226	1.14334	0.356906	
0	0.87535	0.215952	0.43258199999999997	0.0	-0.36143800000000004	-0.301981	0.8821389999999999	0.0	0.321131	-0.928532	-0.18628599999999998	0.0	-3.1160200000000002	0.6135510000000001	1.00594	0.35543800000000003	0.112651	0.684122	-0.720616	0.0	0.292027	-0.7159989999999999	-0.634087	0.0	-0.9497530000000001	-0.139009	-0.28044	0.0	3.17867	2.03452	1.1644700000000001	0.357119	
0	0.870115	0.19181600000000001	0.45398999999999995	0.0	-0.394631	-0.280658	0.874927	0.0	0.295241	-0.9404459999999999	-0.168508	0.0	-3.01761	0.206446	0.746722	0.355243	0.110972	0.685558	-0.719511	0.0	0.297283	-0.7137319999999999	-0.6342	0.0	-0.948319	-0.14352	-0.283009	0.0	3.18265	2.03837	1.17543	0.357022	
0	0.857965	0.186781	0.478549	0.0	-0.427396	-0.257293	0.8666790000000001	0.0	0.285006	-0.94811	-0.14091900000000002	0.0	-2.91735	-0.166186	0.5380510000000001	0.353591	0.109898	0.6872699999999999	-0.718041	0.0	0.300402	-0.711599	-0.635127	0.0	-0.9474600000000001	-0.145902	-0.284661	0.0	3.1977700000000002	2.03714	1.1711799999999999	0.357034	
0	0.8523219999999999	0.172029	0.493917	0.0	-0.45041499999999995	-0.238583	0.860351	0.0	0.265846	-0.955764	-0.125865	0.0	-2.8633599999999997	-0.529515	0.297315	0.35362899999999997	0.10980999999999999	0.689567	-0.715849	0.0	0.29925	-0.709725	-0.637763	0.0	-0.947835	-0.14418499999999998	-0.284288	0.0	3.21654	2.03298	1.1596600000000001	0.357222	
0	0.8563129999999999	0.148096	0.49476800000000004	0.0	-0.45289700000000005	-0.24510300000000002	0.85721	0.0	0.248218	-0.958119	-0.14281300000000002	0.0	-2.80762	-0.800056	0.10376600000000001	0.353878	0.110026	0.688869	-0.716487	0.0	0.29778000000000004	-0.710597	-0.637479	0.0	-0.9482729999999999	-0.143216	-0.283316	0.0	3.20728	2.03091	1.15319	0.357224	
0	0.8527530000000001	0.141174	0.5028739999999999	0.0	-0.451772	-0.28383400000000003	0.845778	0.0	0.262135	-0.9484239999999999	-0.17826199999999998	0.0	-2.81612	-0.9731639999999999	-0.06702799999999999	0.362146	0.10936099999999999	0.690403	-0.7151109999999999	0.0	0.300266	-0.708762	-0.638354	0.0	-0.947566	-0.14491300000000001	-0.284815	0.0	3.19815	2.0306900000000003	1.15475	0.357227	
0	0.855248	0.152197	0.49536499999999994	0.0	-0.438155	-0.29805	0.8480489999999999	0.0	0.27671399999999996	-0.9423389999999999	-0.188221	0.0	-2.85724	-1.1006200000000002	-0.158175	0.36307	0.106146	0.692477	-0.713589	0.0	0.300506	-0.706427	-0.640826	0.0	-0.9478549999999999	-0.14641600000000002	-0.283078	0.0	3.19481	2.02673	1.15307	0.357346	
0	0.8547790000000001	0.155568	0.49512799999999996	0.0	-0.43588000000000005	-0.302658	0.8475889999999999	0.0	0.28171199999999996	-0.940317	-0.190896	0.0	-2.86226	-1.13734	-0.18852	0.361966	0.103815	0.691971	-0.714422	0.0	0.300769	-0.7065140000000001	-0.640606	0.0	-0.9480299999999999	-0.148371	-0.28147	0.0	3.1979599999999997	2.0249900000000003	1.15032	0.35718	
0	0.853614	0.152588	0.49805600000000005	0.0	-0.438488	-0.305655	0.8451639999999999	0.0	0.281195	-0.939836	-0.194004	0.0	-2.8415	-1.1414	-0.208573	0.362509	0.10391500000000001	0.692179	-0.714206	0.0	0.302103	-0.706133	-0.6403989999999999	0.0	-0.9475950000000001	-0.14921700000000002	-0.282488	0.0	3.19638	2.02929	1.15165	0.357156	
0	0.8541540000000001	0.151085	0.49758800000000003	0.0	-0.438673	-0.30451100000000003	0.845482	0.0	0.27926100000000004	-0.94045	-0.193823	0.0	-2.84393	-1.14045	-0.231233	0.36357	0.103986	0.6921649999999999	-0.714209	0.0	0.301676	-0.706222	-0.640502	0.0	-0.947723	-0.148856	-0.28224699999999997	0.0	3.1949799999999997	2.03221	1.15398	0.35717	
0	0.855107	0.150586	0.496101	0.0	-0.43708800000000003	-0.305239	0.84604	0.0	0.278831	-0.9402940000000001	-0.195192	0.0	-2.8610900000000004	-1.13926	-0.23358	0.363431	0.103924	0.692767	-0.713634	0.0	0.30151999999999995	-0.705697	-0.641153	0.0	-0.947779	-0.148544	-0.282222	0.0	3.19445	2.02979	1.16212	0.357092	
0	0.854476	0.154031	0.49613100000000004	0.0	-0.436399	-0.30528299999999997	0.8463799999999999	0.0	0.281829	-0.939722	-0.193638	0.0	-2.8648599999999997	-1.14063	-0.231506	0.363427	0.10457000000000001	0.6929890000000001	-0.713324	0.0	0.301201	-0.705638	-0.641368	0.0	-0.94781	-0.147786	-0.282518	0.0	3.19424	2.02861	1.16585	0.357157	
0	0.8544870000000001	0.15398599999999998	0.496126	0.0	-0.43639799999999995	-0.3053	0.846374	0.0	0.28179699999999996	-0.939724	-0.193676	0.0	-2.86475	-1.1406	-0.23158099999999998	0.363427	0.104556	0.69299	-0.713325	0.0	0.301208	-0.705634	-0.641369	0.0	-0.947809	-0.1478	-0.282513	0.0	3.1942	2.02862	1.16577	0.357158	
0	0.8544870000000001	0.15398599999999998	0.496126	0.0	-0.43639799999999995	-0.3053	0.846374	0.0	0.28179699999999996	-0.939724	-0.193676	0.0	-2.86475	-1.1406	-0.231582	0.363427	0.104556	0.69299	-0.713325	0.0	0.301208	-0.705634	-0.641369	0.0	-0.947809	-0.1478	-0.282513	0.0	3.1942	2.02862	1.16577	0.357158	
0	0.8544870000000001	0.15398599999999998	0.496126	0.0	-0.43639799999999995	-0.3053	0.846374	0.0	0.28179699999999996	-0.939724	-0.193676	0.0	-2.86475	-1.1406	-0.231582	0.363427	0.104556	0.69299	-0.713325	0.0	0.301208	-0.705634	-0.641369	0.0	-0.947809	-0.1478	-0.282513	0.0	3.1942	2.02862	1.16577	0.357158	
0	0.8544870000000001	0.15398599999999998	0.496126	0.0	-0.43639799999999995	-0.3053	0.846374	0.0	0.28179699999999996	-0.939724	-0.193676	0.0	-2.86475	-1.1406	-0.231582	0.363427	0.104556	0.69299	-0.713325	0.0	0.301208	-0.705634	-0.641369	0.0	-0.947809	-0.1478	-0.282513	0.0	3.1942	2.02862	1.16577	0.357158	
0	0.8544870000000001	0.15398599999999998	0.496126	0.0	-0.43639799999999995	-0.3053	0.846374	0.0	0.28179699999999996	-0.939724	-0.193676	0.0	-2.86475	-1.1406	-0.231582	0.363427	0.104556	0.69299	-0.713325	0.0	0.301208	-0.705634	-0.641369	0.0	-0.947809	-0.1478	-0.282513	0.0	3.1942	2.02862	1.16577	0.357158	
0	0.8544870000000001	0.15398599999999998	0.496126	0.0	-0.43639799999999995	-0.3053	0.846374	0.0	0.28179699999999996	-0.939724	-0.193676	0.0	-2.86475	-1.1406	-0.231582	0.363427	0.104556	0.69299	-0.713325	0.0	0.301208	-0.705634	-0.641369	0.0	-0.947809	-0.147801	-0.282513	0.0	3.1942	2.02862	1.16577	0.357158	
0	0.8544870000000001	0.15398599999999998	0.496126	0.0	-0.43639799999999995	-0.3053	0.846374	0.0	0.28179699999999996	-0.939724	-0.193676	0.0	-2.86475	-1.1406	-0.231582	0.363427	0.104556	0.69299	-0.713325	0.0	0.301208	-0.705634	-0.641369	0.0	-0.947809	-0.147801	-0.282513	0.0	3.1942	2.02862	1.16577	0.357158	
0	0.8544870000000001	0.15398599999999998	0.496126	0.0	-0.43639799999999995	-0.3053	0.846374	0.0	0.28179699999999996	-0.939724	-0.193676	0.0	-2.86475	-1.1406	-0.231582	0.363427	0.104556	0.69299	-0.713325	0.0	0.301208	-0.705634	-0.641369	0.0	-0.947809	-0.1478	-0.282513	0.0	3.1942	2.02862	1.16577	0.357158	
0	0.8544870000000001	0.15398599999999998	0.496126	0.0	-0.43639799999999995	-0.3053	0.846374	0.0	0.28179699999999996	-0.939724	-0.193676	0.0	-2.86475	-1.1406	-0.231582	0.363427	0.104556	0.69299	-0.713325	0.0	0.301208	-0.705634	-0.641369	0.0	-0.947809	-0.1478	-0.282513	0.0	3.1942	2.02862	1.16577	0.357158	
0	0.8544870000000001	0.15398599999999998	0.496126	0.0	-0.43639799999999995	-0.3053	0.846374	0.0	0.28179699999999996	-0.939724	-0.193676	0.0	-2.86475	-1.1406	-0.231582	0.363427	0.104556	0.69299	-0.713325	0.0	0.301208	-0.705634	-0.641369	0.0	-0.947809	-0.1478	-0.282513	0.0	3.1942	2.02862	1.16577	0.357158	
0	0.8544870000000001	0.15398599999999998	0.496126	0.0	-0.43639799999999995	-0.3053	0.846374	0.0	0.28179699999999996	-0.939724	-0.193676	0.0	-2.86475	-1.1406	-0.231582	0.363427	0.104556	0.69299	-0.713325	0.0	0.301208	-0.705634	-0.641369	0.0	-0.947809	-0.147801	-0.282513	0.0	3.1942	2.02862	1.16577	0.357158	
0	0.8544870000000001	0.15398599999999998	0.496126	0.0	-0.43639799999999995	-0.3053	0.846374	0.0	0.28179699999999996	-0.939724	-0.193676	0.0	-2.86475	-1.1406	-0.231582	0.363427	0.104556	0.69299	-0.713325	0.0	0.301208	-0.705634	-0.641369	0.0	-0.947809	-0.1478	-0.282513	0.0	3.1942	2.02862	1.16577	0.357158	
0	0.90556	0.33263400000000004	0.26328	0.0	-0.146463	-0.337309	0.929931	0.0	0.398133	-0.880668	-0.256735	0.0	-2.73985	-1.3473899999999999	-0.37164200000000003	0.352671	0.09102389999999999	0.697451	-0.710828	0.0	0.311969	-0.697833	-0.6447510000000001	0.0	-0.945722	-0.163069	-0.28110300000000005	0.0	3.18867	2.06535	1.1782299999999999	0.356679	
0	0.916899	0.284464	0.279959	0.0	-0.19711700000000001	-0.28717600000000004	0.937377	0.0	0.347048	-0.9146639999999999	-0.20723899999999998	0.0	-2.72293	-1.6594799999999998	-0.5205270000000001	0.352222	0.0917352	0.697256	-0.710928	0.0	0.310824	-0.698317	-0.644781	0.0	-0.9460299999999999	-0.161824	-0.28078400000000003	0.0	3.19624	2.06829	1.16265	0.356723	
0	0.929226	0.22113899999999997	0.296035	0.0	-0.24273699999999998	-0.23872800000000002	0.9402590000000001	0.0	0.2786	-0.945572	-0.168154	0.0	-2.74067	-2.1897	-0.8677	0.353669	0.09123760000000002	0.69738	-0.710871	0.0	0.31161	-0.697993	-0.644752	0.0	-0.9458200000000001	-0.162689	-0.280994	0.0	3.19699	2.07535	1.1431799999999999	0.356744	
0	0.9363870000000001	0.170424	0.306816	0.0	-0.26825	-0.21619699999999997	0.938776	0.0	0.22632199999999997	-0.961361	-0.156728	0.0	-2.79655	-2.6329700000000003	-1.2181799999999998	0.35397	0.09060089999999998	0.699172	-0.70919	0.0	0.312526	-0.696106	-0.646347	0.0	-0.9455790000000001	-0.16308	-0.281577	0.0	3.20019	2.08175	1.13963	0.356854	
0	0.9413239999999999	0.127119	0.312651	0.0	-0.29425500000000004	-0.144591	0.9447260000000001	0.0	0.165299	-0.981292	-0.098701	0.0	-2.8993900000000004	-3.19752	-1.55641	0.353049	0.0892292	0.701105	-0.707454	0.0	0.317467	-0.69326	-0.646997	0.0	-0.9440620000000001	-0.16686199999999998	-0.284437	0.0	3.20724	2.0793	1.14143	0.35686100000000004	
0	0.9419850000000001	0.11124300000000001	0.316685	0.0	-0.30225599999999997	-0.129162	0.944436	0.0	0.145966	-0.9853639999999999	-0.08804479999999999	0.0	-2.92308	-3.3398199999999996	-1.6040299999999998	0.350569	0.0897953	0.700852	-0.7076319999999999	0.0	0.316452	-0.693762	-0.646957	0.0	-0.944349	-0.165838	-0.284082	0.0	3.2131	2.08339	1.14231	0.356715	
0	0.941742	0.104431	0.319711	0.0	-0.30904499999999996	-0.106398	0.9450770000000001	0.0	0.132712	-0.9888239999999999	-0.06792580000000001	0.0	-2.9628799999999997	-3.5566699999999996	-1.6376700000000002	0.34756	0.0900635	0.701087	-0.7073659999999999	0.0	0.316731	-0.693541	-0.647057	0.0	-0.9442299999999999	-0.165768	-0.284519	0.0	3.21441	2.08236	1.14388	0.356906	
0	0.9393100000000001	0.101643	0.327667	0.0	-0.325939	-0.0336335	0.944792	0.0	0.107052	-0.994252	0.00153726	0.0	-2.97553	-3.63266	-1.70533	0.347525	0.0893829	0.700678	-0.707857	0.0	0.31722399999999995	-0.6937180000000001	-0.646625	0.0	-0.9441290000000001	-0.166752	-0.28427800000000003	0.0	3.21517	2.0862	1.15097	0.356858	
0	0.9386620000000001	0.0967821	0.330978	0.0	-0.332802	0.00288508	0.942992	0.0	0.09030980000000001	-0.995301	0.0349174	0.0	-2.9691	-3.64374	-1.7329599999999998	0.348679	0.08874320000000001	0.7012430000000001	-0.707378	0.0	0.317154	-0.69311	-0.647311	0.0	-0.944213	-0.166903	-0.283911	0.0	3.22152	2.0885599999999998	1.15256	0.356772	
0	0.935298	0.134682	0.327227	0.0	-0.330277	0.00031847900000000004	0.9438840000000001	0.0	0.12702	-0.9908889999999999	0.0447803	0.0	-3.00247	-3.64966	-1.7312299999999998	0.36251300000000003	0.0894077	0.704235	-0.7043149999999999	0.0	0.319048	-0.690135	-0.649556	0.0	-0.9435120000000001	-0.16663499999999998	-0.28638800000000003	0.0	3.24555	2.09063	1.1540700000000002	0.356742	
0	0.935112	0.135746	0.32732	0.0	-0.33053299999999997	0.00119582	0.943794	0.0	0.127725	-0.990743	0.0459867	0.0	-3.0031	-3.64975	-1.7316	0.36275300000000005	0.0895262	0.703815	-0.704719	0.0	0.318348	-0.6906640000000001	-0.6493359999999999	0.0	-0.943737	-0.166213	-0.285891	0.0	3.24852	2.08929	1.15244	0.35673	
0	0.933968	0.14572000000000002	0.326297	0.0	-0.329858	0.000291016	0.944031	0.0	0.137469	-0.989326	0.0483385	0.0	-3.01191	-3.65016	-1.7327299999999999	0.362782	0.08987769999999999	0.703314	-0.705175	0.0	0.317686	-0.691299	-0.648985	0.0	-0.9439270000000001	-0.165695	-0.285565	0.0	3.25253	2.09806	1.1552200000000001	0.356852	
0	0.934006	0.161492	0.318675	0.0	-0.323247	0.00215987	0.946312	0.0	0.152133	-0.986872	0.054219100000000006	0.0	-3.02481	-3.6505400000000003	-1.73646	0.361554	0.09031660000000001	0.703955	-0.704479	0.0	0.31681	-0.690933	-0.649803	0.0	-0.9441790000000001	-0.164498	-0.285423	0.0	3.24999	2.11679	1.16299	0.35663	
0	0.9339370000000001	0.215939	0.284835	0.0	-0.292838	0.00531625	0.956147	0.0	0.20495500000000003	-0.976392	0.06820019999999999	0.0	-3.06006	-3.6562300000000003	-1.74353	0.36368	0.0906648	0.7054	-0.702987	0.0	0.3169	-0.689637	-0.651134	0.0	-0.944116	-0.163742	-0.286067	0.0	3.24904	2.1094	1.16388	0.35679099999999997	
0	0.9360120000000001	0.208358	0.28367	0.0	-0.289653	-0.00187438	0.9571299999999999	0.0	0.199958	-0.978051	0.058597300000000005	0.0	-3.05018	-3.6472800000000003	-1.75857	0.339943	0.0908199	0.705758	-0.702607	0.0	0.317285	-0.689263	-0.651342	0.0	-0.9439709999999999	-0.163772	-0.286526	0.0	3.24753	2.1069	1.16355	0.356718	
0	0.9378559999999999	0.18612599999999999	0.29288800000000004	0.0	-0.310755	0.0747865	0.947543	0.0	0.15445799999999998	-0.979676	0.127978	0.0	-3.01496	-3.59576	-1.8796599999999999	0.13610899999999998	0.0902593	0.706236	-0.702199	0.0	0.317418	-0.688707	-0.651866	0.0	-0.9439799999999999	-0.164054	-0.286335	0.0	3.24953	2.1113	1.1616799999999998	0.356712	
0	0.932944	0.189404	0.306174	0.0	-0.326728	0.088236	0.940991	0.0	0.15121199999999999	-0.977927	0.144203	0.0	-3.01746	-3.59335	-1.88526	0.136264	0.09046169999999999	0.705879	-0.702533	0.0	0.317177	-0.689113	-0.651554	0.0	-0.944042	-0.16388599999999998	-0.286227	0.0	3.2501	2.11311	1.1590799999999999	0.356543	
0	0.939528	0.20363299999999998	0.275355	0.0	-0.302232	0.11486500000000001	0.9462879999999999	0.0	0.16106700000000002	-0.9722860000000001	0.169463	0.0	-3.01629	-3.5931599999999997	-1.8758299999999999	0.135347	0.09107699999999999	0.706088	-0.7022430000000001	0.0	0.316668	-0.689106	-0.651809	0.0	-0.944154	-0.16301300000000002	-0.28635700000000003	0.0	3.25055	2.1109400000000003	1.15646	0.356531	
0	0.9514790000000001	0.24109899999999998	0.19120299999999998	0.0	-0.24848499999999998	0.23550500000000002	0.9395700000000001	0.0	0.181501	-0.941493	0.283988	0.0	-3.03858	-3.5861300000000003	-1.8855400000000002	0.134858	0.091079	0.70672	-0.701607	0.0	0.316625	-0.688527	-0.652442	0.0	-0.944168	-0.162723	-0.286476	0.0	3.2500299999999998	2.1078799999999998	1.15647	0.356533	
0	0.9612069999999999	0.24853899999999998	0.119626	0.0	-0.187094	0.268802	0.94485	0.0	0.202676	-0.9305770000000001	0.304874	0.0	-3.0463299999999998	-3.58195	-1.89327	0.134953	0.0919616	0.706296	-0.701918	0.0	0.315967	-0.689174	-0.652077	0.0	-0.9443030000000001	-0.16181700000000002	-0.286544	0.0	3.25168	2.10208	1.15333	0.356324	
0	0.95032	0.308035	0.0447983	0.0	-0.0637047	0.051592599999999995	0.996634	0.0	0.304687	-0.949975	0.0686527	0.0	-3.1059400000000004	-3.54547	-1.9182	0.135184	0.0915577	0.707712	-0.700543	0.0	0.315046	-0.687949	-0.653814	0.0	-0.94465	-0.160841	-0.28594899999999995	0.0	3.24762	2.09823	1.15317	0.356485	
0	0.941793	0.33471300000000004	0.0315236	0.0	-0.045869099999999996	0.0350392	0.998333	0.0	0.33305	-0.9416690000000001	0.0483527	0.0	-3.14836	-3.5367900000000003	-1.9100700000000002	0.135477	0.0913158	0.707979	-0.7003050000000001	0.0	0.31506799999999996	-0.687657	-0.6541100000000001	0.0	-0.944666	-0.160913	-0.285856	0.0	3.24715	2.09553	1.1505299999999998	0.35647399999999996	
0	0.919998	0.391895	0.00466889	0.0	0.012423	-0.0410663	0.999079	0.0	0.391726	-0.919093	-0.0426495	0.0	-3.31815	-2.73602	-1.66382	0.13558499999999998	0.0921124	0.7086720000000001	-0.699499	0.0	0.315974	-0.686982	-0.654383	0.0	-0.9442860000000001	-0.160747	-0.287202	0.0	3.2478599999999997	2.09082	1.14386	0.35647399999999996	
0	0.912198	0.40973100000000007	-0.00394991	0.0	0.039477	-0.0782858	0.996149	0.0	0.407844	-0.908841	-0.08758710000000001	0.0	-3.4905	-2.25256	-1.67192	0.135505	0.092534	0.7078949999999999	-0.700231	0.0	0.314066	-0.688099	-0.654127	0.0	-0.944881	-0.15939	-0.285998	0.0	3.24396	2.08885	1.14483	0.356412	
0	0.873741	0.486372	-0.00428897	0.0	0.08043560000000001	-0.13579000000000002	0.987467	0.0	0.47969399999999995	-0.863136	-0.15776700000000002	0.0	-3.65827	-1.43153	-1.57338	0.135496	0.0925087	0.710493	-0.697597	0.0	0.31506999999999996	-0.6854899999999999	-0.65638	0.0	-0.944549	-0.159071	-0.28726799999999997	0.0	3.2309200000000002	2.0794900000000003	1.1396	0.356613	
1	0.835313	0.549696	-0.0092907	0.0	0.136997	-0.191753	0.971834	0.0	0.532432	-0.813059	-0.235481	0.0	-3.7728699999999997	-0.884863	-1.54607	0.135523	0.09193430000000001	0.712395	-0.695731	0.0	0.314952	-0.683624	-0.658379	0.0	-0.944644	-0.158595	-0.287219	0.0	3.22451	2.07535	1.13616	0.356599	
1	0.796036	0.605187	-0.00865409	0.0	0.179259	-0.222083	0.958408	0.0	0.578094	-0.764478	-0.285271	0.0	-3.8717	-0.530504	-1.54104	0.135484	0.0891831	0.714266	-0.6941689999999999	0.0	0.318278	-0.6808420000000001	-0.659662	0.0	-0.943793	-0.162108	-0.288055	0.0	3.22242	2.07002	1.13501	0.356758	
1	0.625577	0.7793640000000001	-0.0353033	0.0	0.26461399999999996	-0.16939500000000002	0.94936	0.0	0.733917	-0.6032390000000001	-0.3122	0.0	-4.00932	-0.028001299999999996	-1.62161	0.135499	0.073415	0.7260449999999999	-0.683717	0.0	0.335905	-0.663512	-0.668521	0.0	-0.939031	-0.180584	-0.292594	0.0	3.20784	2.06324	1.13707	0.357213	
1	0.439171	0.8918709999999999	-0.108145	0.0	0.296096	-0.0300404	0.954686	0.0	0.848208	-0.451292	-0.27727199999999996	0.0	-3.78536	-0.09706089999999999	-1.71291	0.13536600000000001	0.0211375	0.7115020000000001	-0.7023659999999999	0.0	0.42915200000000003	-0.640966	-0.636389	0.0	-0.902985	-0.28797	-0.318891	0.0	3.1754599999999997	1.9424599999999999	1.1278700000000002	0.356941	
1	0.313394	0.9312159999999999	-0.186068	0.0	0.27453099999999997	0.09872739999999999	0.9564969999999999	0.0	0.909075	-0.350842	-0.22470700000000002	0.0	-3.31485	-0.47487700000000005	-1.796	0.135363	-0.161001	0.6330439999999999	-0.757188	0.0	0.62333	-0.529602	-0.57531	0.0	-0.765205	-0.564603	-0.309329	0.0	3.0200099999999996	1.36358	1.0779299999999998	0.360016	
1	0.247344	0.93785	-0.24343099999999998	0.0	0.25931	0.178001	0.949249	0.0	0.933584	-0.297915	-0.199166	0.0	-3.0439599999999998	-0.753405	-1.85585	0.13550299999999998	-0.30352399999999996	0.569929	-0.76358	0.0	0.6670159999999999	-0.44517799999999996	-0.597416	0.0	-0.680413	-0.690651	-0.245029	0.0	3.01746	0.882367	1.0131700000000001	0.360108	
1	0.118473	0.932113	-0.34224099999999996	0.0	0.234829	0.30859000000000003	0.921752	0.0	0.9647899999999999	-0.18957100000000002	-0.182328	0.0	-2.5482400000000003	-1.2445899999999999	-2.04244	0.135497	-0.359264	0.552303	-0.752257	0.0	0.638179	-0.44274600000000003	-0.629844	0.0	-0.680924	-0.7063550000000001	-0.193405	0.0	2.94371	0.358486	0.73816	0.35998600000000003	
1	0.0193208	0.913342	-0.40673400000000004	0.0	0.206275	0.394417	0.895481	0.0	0.978303	-0.101201	-0.180779	0.0	-2.22078	-1.51147	-2.1979	0.135363	-0.349006	0.5788	-0.737011	0.0	0.600213	-0.46591800000000005	-0.650127	0.0	-0.71968	-0.669262	-0.18479500000000001	0.0	2.7299900000000004	0.21545300000000003	0.45197200000000004	0.359736	
1	-0.036064	0.894984	-0.44463800000000003	0.0	0.19137300000000002	0.442878	0.87592	0.0	0.9808549999999999	-0.053502499999999995	-0.187248	0.0	-2.06182	-1.61191	-2.2850599999999996	0.13536199999999998	-0.343015	0.594482	-0.7272770000000001	0.0	0.576199	-0.47830900000000004	-0.662733	0.0	-0.741846	-0.6463840000000001	-0.178473	0.0	2.58848	0.18162899999999998	0.339079	0.35930700000000004	
1	-0.200377	0.7936380000000001	-0.574446	0.0	0.0888477	0.598642	0.796074	0.0	0.9756819999999999	0.108476	-0.190467	0.0	-1.7048	-1.74728	-2.3896900000000003	0.13550399999999999	-0.29767	0.640297	-0.708105	0.0	0.526561	-0.5085810000000001	-0.681233	0.0	-0.79632	-0.575643	-0.18576600000000001	0.0	2.16298	0.265874	-0.101328	0.35920100000000005	
1	-0.251929	0.740642	-0.622881	0.0	0.0315906	0.6495920000000001	0.759626	0.0	0.9672299999999999	0.171694	-0.187048	0.0	-1.57794	-1.75568	-2.3690700000000002	0.135509	-0.259022	0.655705	-0.709196	0.0	0.515512	-0.527075	-0.675602	0.0	-0.8167949999999999	-0.5405949999999999	-0.2015	0.0	2.0542700000000003	0.351166	-0.280699	0.359065	
1	-0.324955	0.637714	-0.6983729999999999	0.0	-0.0638059	0.721983	0.688963	0.0	0.943575	0.268442	-0.193922	0.0	-1.34699	-1.719	-2.29828	0.135509	-0.21983000000000003	0.683634	-0.6959310000000001	0.0	0.502496	-0.532111	-0.681437	0.0	-0.8361649999999999	-0.499503	-0.22654899999999997	0.0	1.8080200000000002	0.504784	-0.5564	0.35875300000000004	
1	-0.392351	0.499828	-0.772162	0.0	-0.178146	0.782287	0.596902	0.0	0.9024	0.371753	-0.217888	0.0	-1.14875	-1.54754	-2.17515	0.135488	-0.205438	0.694455	-0.689585	0.0	0.48546999999999996	-0.539499	-0.6879390000000001	0.0	-0.849773	-0.476101	-0.22630300000000003	0.0	1.55241	0.586819	-0.678238	0.358656	
