3	0.593133	0.516197	-0.617846	0.0	0.684595	0.08049830000000001	0.7244659999999999	0.0	0.423703	-0.852678	-0.30564	0.0	-2.7396700000000003	2.0	1.46191	1.2665999999999999e-06	-0.37238499999999997	0.704176	-0.604537	0.0	0.510945	-0.388228	-0.766951	0.0	-0.774767	-0.594486	-0.215225	0.0	2.63165	2.05598	1.50349	1.96509e-06	
3	0.044528	0.704109	-0.7086939999999999	0.0	0.208492	0.687227	0.6958810000000001	0.0	0.97701	-0.178743	-0.1162	0.0	-2.8012200000000003	2.02765	1.3187200000000001	4.0531199999999996e-05	-0.0474315	0.736236	-0.675061	0.0	0.00754994	-0.675538	-0.737287	0.0	-0.9988459999999999	-0.0400673	0.0264832	0.0	2.7407	2.20478	1.49207	5.5776400000000004e-05	
3	-0.204558	0.621934	-0.75588	0.0	-0.0711709	0.7607149999999999	0.6451720000000001	0.0	0.9762639999999999	0.185772	-0.111347	0.0	-2.94564	2.15425	1.2327299999999999	0.0	-0.0163475	0.715787	-0.698128	0.0	0.00121886	-0.698206	-0.715896	0.0	-0.999866	-0.012554000000000001	0.0105414	0.0	2.84219	2.24483	1.36224	-6.914140000000001e-05	
3	-0.233409	0.604358	-0.7617550000000001	0.0	-0.0873085	0.767204	0.635433	0.0	0.9684510000000001	0.214824	-0.126307	0.0	-2.9264200000000002	2.26404	1.15402	0.0	0.035026800000000004	0.685186	-0.727526	0.0	0.026730599999999997	-0.728355	-0.684679	0.0	-0.9990290000000001	0.00453499	-0.0438275	0.0	2.9672099999999997	2.26057	1.24391	0.0	
3	-0.25649299999999997	0.578713	-0.774146	0.0	-0.0939788	0.782213	0.6158819999999999	0.0	0.961966	0.230723	-0.14624600000000001	0.0	-2.91587	2.34842	1.07676	0.0	0.0729589	0.44877	-0.8906639999999999	0.0	0.00661741	-0.893243	-0.44952700000000007	0.0	-0.9973129999999999	0.0269032	-0.06813999999999999	0.0	3.0266900000000003	2.35336	1.16852	0.0	
3	-0.33248	0.48482600000000003	-0.808951	0.0	-0.16430799999999998	0.814852	0.555894	0.0	0.928687	0.317741	-0.191261	0.0	-2.8505599999999998	2.56035	0.961253	0.00518911	0.15107	0.412178	-0.898492	0.0	-0.0581858	-0.90364	-0.42432299999999995	0.0	-0.986809	0.116382	-0.11252999999999999	0.0	3.0255	2.54775	1.0926200000000001	0.0758045	
3	-0.407264	0.395402	-0.823282	0.0	-0.312357	0.786767	0.532382	0.0	0.8582360000000001	0.47397799999999995	-0.196916	0.0	-2.74863	2.8409	0.779734	0.312211	0.21662399999999998	0.41095299999999996	-0.8855459999999999	0.0	-0.145238	-0.883425	-0.44549700000000003	0.0	-0.965391	0.22512	-0.131685	0.0	2.9506799999999997	2.72499	0.9726440000000001	0.342848	
3	-0.408215	0.400846	-0.8201729999999999	0.0	-0.345894	0.763532	0.5453210000000001	0.0	0.8448190000000001	0.506301	-0.173035	0.0	-2.59243	2.97463	0.7407600000000001	0.31143200000000004	0.222187	0.382822	-0.896705	0.0	-0.205614	-0.8806139999999999	-0.426899	0.0	-0.9530770000000001	0.27922600000000003	-0.11694700000000001	0.0	2.89888	2.8214599999999996	0.9460719999999999	0.340917	
3	-0.401764	0.409678	-0.8189930000000001	0.0	-0.345871	0.7602180000000001	0.5499470000000001	0.0	0.847915	0.504215	-0.163733	0.0	-2.55419	2.97776	0.6948489999999999	0.311168	0.22393200000000002	0.402951	-0.8874040000000001	0.0	-0.224018	-0.864866	-0.449247	0.0	-0.9485100000000001	0.29939499999999997	-0.103403	0.0	2.9496599999999997	2.8540099999999997	0.8826209999999999	0.336354	
3	-0.381675	0.404294	-0.8311860000000001	0.0	-0.330881	0.779904	0.531289	0.0	0.863042	0.477804	-0.16389700000000001	0.0	-2.53828	2.95076	0.67499	0.31466500000000003	0.19558599999999998	0.44476400000000005	-0.8740319999999999	0.0	-0.173465	-0.861502	-0.47720500000000005	0.0	-0.9652229999999999	0.24494899999999997	-0.0913473	0.0	2.9355900000000004	2.73589	0.871848	0.338979	
3	-0.36999499999999996	0.410887	-0.833233	0.0	-0.31866300000000003	0.786341	0.529265	0.0	0.8726729999999999	0.461345	-0.16000799999999998	0.0	-2.54885	2.88955	0.666004	0.31599499999999997	0.191832	0.46488199999999996	-0.864341	0.0	-0.147973	-0.85693	-0.493737	0.0	-0.970209	0.22261399999999998	-0.09559680000000001	0.0	2.92662	2.70126	0.868627	0.339033	
3	-0.352699	0.41500299999999996	-0.838675	0.0	-0.305526	0.796078	0.522412	0.0	0.884453	0.44049099999999997	-0.153981	0.0	-2.5071	2.80655	0.684466	0.318071	0.144423	0.49456000000000006	-0.85706	0.0	-0.0942463	-0.8553280000000001	-0.5094420000000001	0.0	-0.985017	0.15435	-0.0769189	0.0	2.85867	2.59281	0.916076	0.340738	
3	-0.345316	0.43140200000000006	-0.833456	0.0	-0.283199	0.798786	0.530791	0.0	0.8947379999999999	0.419325	-0.153661	0.0	-2.50814	2.7885299999999997	0.6948489999999999	0.320293	0.10882	0.541114	-0.833879	0.0	-0.0465524	-0.835166	-0.548025	0.0	-0.9929709999999999	0.0984554	-0.0656929	0.0	2.8014200000000002	2.51728	0.98256	0.341564	
3	-0.332309	0.44054499999999996	-0.8339610000000001	0.0	-0.27641	0.799898	0.532692	0.0	0.901759	0.407533	-0.144042	0.0	-2.50101	2.76638	0.720799	0.321803	0.09151050000000001	0.553412	-0.827865	0.0	-0.0298069	-0.8294590000000001	-0.557772	0.0	-0.995358	0.07571810000000001	-0.05940890000000001	0.0	2.78158	2.44299	1.02759	0.341484	
3	-0.333431	0.44530200000000003	-0.830981	0.0	-0.263623	0.8022229999999999	0.53567	0.0	0.905167	0.39767399999999997	-0.150094	0.0	-2.50706	2.74705	0.728772	0.32351399999999997	0.0776027	0.569184	-0.8185399999999999	0.0	-0.0116373	-0.820443	-0.571611	0.0	-0.996916	0.0538842	-0.057045000000000005	0.0	2.76763	2.38046	1.04177	0.341423	
3	-0.331472	0.440333	-0.834406	0.0	-0.26514899999999997	0.805284	0.530296	0.0	0.9054409999999999	0.39702	-0.150175	0.0	-2.5125900000000003	2.73195	0.7423270000000001	0.324409	0.0596572	0.583495	-0.809922	0.0	-0.00345045	-0.811242	-0.5847	0.0	-0.9982129999999999	0.03767619999999999	-0.0463833	0.0	2.75641	2.33317	1.0621	0.34241	
3	-0.323684	0.458172	-0.827833	0.0	-0.25253400000000004	0.801361	0.542262	0.0	0.911842	0.384577	-0.143683	0.0	-2.5144900000000003	2.7213700000000003	0.785936	0.328446	0.0443721	0.597119	-0.800924	0.0	0.0189455	-0.8020729999999999	-0.5969260000000001	0.0	-0.998835	0.011313	-0.0469024	0.0	2.7498299999999998	2.2964	1.07901	0.34334499999999996	
3	-0.29589099999999996	0.505137	-0.8107310000000001	0.0	-0.224294	0.788266	0.573	0.0	0.928515	0.35138800000000003	-0.11994200000000001	0.0	-2.5121700000000002	2.6348	0.8308540000000001	0.33226700000000003	0.0369155	0.594079	-0.80356	0.0	0.025312	-0.8044060000000001	-0.593542	0.0	-0.9989979999999999	0.00157133	-0.0447327	0.0	2.7256	2.26039	1.08198	0.344825	
3	-0.297095	0.5185390000000001	-0.8017810000000001	0.0	-0.196794	0.788415	0.582816	0.0	0.934348	0.330938	-0.132188	0.0	-2.51352	2.59134	0.841777	0.33507	0.013299	0.603121	-0.797539	0.0	0.0375389	-0.797348	-0.602351	0.0	-0.999207	-0.021928	-0.0332446	0.0	2.6656	2.22905	1.12634	0.34697	
3	-0.295157	0.5197689999999999	-0.8017	0.0	-0.19372799999999998	0.789096	0.582921	0.0	0.935602	0.327365	-0.132214	0.0	-2.53625	2.5782	0.8374389999999999	0.334777	0.00154239	0.608845	-0.793288	0.0	0.0485504	-0.792399	-0.608069	0.0	-0.99882	-0.0375765	-0.030782099999999996	0.0	2.6338	2.21272	1.1711	0.34726	
3	-0.29337199999999997	0.525279	-0.798758	0.0	-0.187149	0.787801	0.58681	0.0	0.937501	0.32164	-0.13281400000000002	0.0	-2.54122	2.57416	0.845776	0.335727	9.87649e-05	0.606815	-0.7948430000000001	0.0	0.0478595	-0.7939350000000001	-0.606116	0.0	-0.9988540000000001	-0.037980900000000005	-0.0291203	0.0	2.6075	2.22609	1.1883700000000001	0.347696	
3	-0.289519	0.5320819999999999	-0.795655	0.0	-0.174474	0.787993	0.590445	0.0	0.9411360000000001	0.309766	-0.135305	0.0	-2.53799	2.5763700000000003	0.8984989999999999	0.337659	-0.00415224	0.6085470000000001	-0.793507	0.0	0.051936199999999995	-0.792312	-0.607902	0.0	-0.998642	-0.0437359	-0.028315899999999998	0.0	2.58934	2.23389	1.16756	0.346972	
3	-0.290635	0.529709	-0.7968310000000001	0.0	-0.172959	0.789977	0.588237	0.0	0.9410719999999999	0.30878099999999997	-0.137977	0.0	-2.54305	2.58371	0.907373	0.33776	-0.0049963	0.6059770000000001	-0.795467	0.0	0.05111040000000001	-0.7942819999999999	-0.605395	0.0	-0.9986809999999999	-0.043681300000000006	-0.0270034	0.0	2.58906	2.23088	1.15159	0.345985	
3	-0.289078	0.5321170000000001	-0.795792	0.0	-0.16641	0.790696	0.589159	0.0	0.942731	0.30274	-0.140023	0.0	-2.54623	2.5866599999999997	0.9156190000000001	0.33881700000000003	-0.00551516	0.600212	-0.799822	0.0	0.0492226	-0.798702	-0.599711	0.0	-0.9987729999999999	-0.0426767	-0.0251393	0.0	2.58912	2.2420400000000003	1.17182	0.346249	
3	-0.286744	0.536516	-0.79368	0.0	-0.156549	0.791092	0.591325	0.0	0.9451299999999999	0.293809	-0.142851	0.0	-2.5442299999999998	2.5845599999999997	0.92281	0.340018	-0.00657815	0.600795	-0.799376	0.0	0.0550175	-0.7979649999999999	-0.600188	0.0	-0.9984639999999999	-0.0479278	-0.0278051	0.0	2.58867	2.25311	1.20448	0.346209	
3	-0.28675900000000004	0.5365850000000001	-0.793628	0.0	-0.15619	0.791149	0.591344	0.0	0.945185	0.29353	-0.14306	0.0	-2.5448	2.58447	0.922481	0.340041	-0.00659072	0.600743	-0.799415	0.0	0.0550109	-0.798004	-0.600136	0.0	-0.9984639999999999	-0.047931800000000004	-0.0277882	0.0	2.59001	2.2536400000000003	1.2038799999999998	0.346217	
3	-0.28675900000000004	0.5365850000000001	-0.793628	0.0	-0.15618900000000002	0.791149	0.591344	0.0	0.945185	0.29353	-0.143061	0.0	-2.5448	2.58448	0.922481	0.340042	-0.00659066	0.600744	-0.799415	0.0	0.0550122	-0.798004	-0.600137	0.0	-0.9984639999999999	-0.0479329	-0.027788999999999998	0.0	2.59001	2.25363	1.20387	0.346217	
3	-0.28675900000000004	0.5365850000000001	-0.793628	0.0	-0.15618900000000002	0.791149	0.591344	0.0	0.945185	0.29353	-0.143061	0.0	-2.5448	2.58448	0.922481	0.340041	-0.00659066	0.600744	-0.799415	0.0	0.0550121	-0.798004	-0.600137	0.0	-0.9984639999999999	-0.047932800000000005	-0.027788900000000002	0.0	2.59001	2.25363	1.20387	0.34621599999999997	
3	-0.28675900000000004	0.5365850000000001	-0.793628	0.0	-0.15619	0.791149	0.591344	0.0	0.945185	0.29353	-0.14306	0.0	-2.5448	2.58448	0.92248	0.340042	-0.00659072	0.600744	-0.799415	0.0	0.0550122	-0.798004	-0.600137	0.0	-0.9984639999999999	-0.047932800000000005	-0.027788999999999998	0.0	2.59001	2.25363	1.20387	0.346217	
3	-0.28675900000000004	0.5365850000000001	-0.793628	0.0	-0.15618900000000002	0.791149	0.591344	0.0	0.945185	0.293529	-0.143061	0.0	-2.5448	2.58448	0.922482	0.340041	-0.00659066	0.600744	-0.799415	0.0	0.0550122	-0.798004	-0.600137	0.0	-0.9984639999999999	-0.047932800000000005	-0.027788999999999998	0.0	2.59001	2.25363	1.20387	0.346217	
3	-0.28675900000000004	0.5365850000000001	-0.793628	0.0	-0.15618900000000002	0.791149	0.591344	0.0	0.945185	0.29353	-0.143061	0.0	-2.5448	2.58448	0.922482	0.340042	-0.00659072	0.600744	-0.799415	0.0	0.05501230000000001	-0.798004	-0.600137	0.0	-0.9984639999999999	-0.0479329	-0.027788999999999998	0.0	2.59001	2.25363	1.20387	0.346217	
3	-0.28675900000000004	0.5365850000000001	-0.793628	0.0	-0.15618900000000002	0.791149	0.591344	0.0	0.945185	0.293529	-0.143061	0.0	-2.5448	2.58448	0.922481	0.340041	-0.00659078	0.600744	-0.799415	0.0	0.05501230000000001	-0.798004	-0.600137	0.0	-0.9984639999999999	-0.047932999999999996	-0.027788999999999998	0.0	2.59001	2.25363	1.2038799999999998	0.346217	
3	-0.28675900000000004	0.5365850000000001	-0.793628	0.0	-0.15618900000000002	0.791149	0.591344	0.0	0.945185	0.29353	-0.143061	0.0	-2.5448	2.58448	0.922481	0.340042	-0.00659066	0.600744	-0.799415	0.0	0.0550121	-0.798003	-0.600137	0.0	-0.9984639999999999	-0.047932800000000005	-0.0277888	0.0	2.59001	2.25363	1.20387	0.346217	
3	-0.28675900000000004	0.5365850000000001	-0.793628	0.0	-0.15619	0.791149	0.591344	0.0	0.945185	0.29353	-0.14306	0.0	-2.5448	2.58447	0.922481	0.340042	-0.00659084	0.600744	-0.799415	0.0	0.0550122	-0.798004	-0.600137	0.0	-0.9984639999999999	-0.0479329	-0.027788999999999998	0.0	2.59001	2.25363	1.20387	0.34621599999999997	
3	-0.28675900000000004	0.5365850000000001	-0.793628	0.0	-0.15618900000000002	0.791149	0.591344	0.0	0.945185	0.293529	-0.143061	0.0	-2.5448	2.58448	0.922481	0.340041	-0.006590899999999999	0.600744	-0.799415	0.0	0.0550122	-0.798004	-0.600137	0.0	-0.9984639999999999	-0.0479329	-0.027788999999999998	0.0	2.59001	2.25363	1.20387	0.346217	
3	-0.28675900000000004	0.5365850000000001	-0.793628	0.0	-0.15618900000000002	0.791149	0.591344	0.0	0.945185	0.293529	-0.143061	0.0	-2.5448	2.58448	0.922481	0.340041	-0.00659066	0.600744	-0.7994140000000001	0.0	0.0550121	-0.798003	-0.600137	0.0	-0.9984639999999999	-0.047932800000000005	-0.0277888	0.0	2.59001	2.25363	1.20387	0.346217	
3	-0.28675900000000004	0.5365850000000001	-0.793628	0.0	-0.15618900000000002	0.791149	0.591344	0.0	0.945185	0.29353	-0.143061	0.0	-2.5448	2.58448	0.92248	0.340041	-0.006590899999999999	0.600744	-0.799415	0.0	0.0550121	-0.798004	-0.600137	0.0	-0.9984639999999999	-0.047932800000000005	-0.027788999999999998	0.0	2.59001	2.25363	1.20387	0.346217	
3	-0.28675900000000004	0.5365850000000001	-0.793628	0.0	-0.15618900000000002	0.791149	0.591344	0.0	0.945185	0.293529	-0.143061	0.0	-2.5448	2.58448	0.922481	0.340041	-0.00659066	0.600744	-0.799415	0.0	0.0550121	-0.798003	-0.600137	0.0	-0.9984639999999999	-0.0479329	-0.0277888	0.0	2.59001	2.25363	1.20387	0.346217	
3	-0.28675900000000004	0.5365850000000001	-0.793628	0.0	-0.15618900000000002	0.791149	0.591344	0.0	0.945185	0.29353	-0.143061	0.0	-2.5448	2.58448	0.922481	0.340041	-0.006590899999999999	0.600744	-0.799415	0.0	0.0550121	-0.798004	-0.600137	0.0	-0.9984639999999999	-0.047932800000000005	-0.027788999999999998	0.0	2.59001	2.25363	1.20387	0.346217	
3	-0.28675900000000004	0.5365850000000001	-0.793628	0.0	-0.15618900000000002	0.791149	0.591344	0.0	0.945185	0.293529	-0.143061	0.0	-2.5448	2.58448	0.922481	0.340041	-0.00659066	0.600744	-0.799415	0.0	0.0550121	-0.798003	-0.600137	0.0	-0.9984639999999999	-0.047932800000000005	-0.0277888	0.0	2.59001	2.25363	1.20387	0.346217	
3	-0.28675900000000004	0.5365850000000001	-0.793629	0.0	-0.15619	0.791149	0.591344	0.0	0.945185	0.29353	-0.143061	0.0	-2.5448	2.58448	0.922481	0.340042	-0.00659072	0.600744	-0.799415	0.0	0.0550124	-0.798004	-0.600137	0.0	-0.9984639999999999	-0.047932999999999996	-0.027788999999999998	0.0	2.59001	2.25363	1.2038799999999998	0.346217	
3	-0.28675900000000004	0.5365850000000001	-0.793628	0.0	-0.15618900000000002	0.791149	0.591344	0.0	0.945185	0.293529	-0.143061	0.0	-2.5448	2.58448	0.922481	0.340041	-0.00659072	0.600744	-0.799415	0.0	0.05501230000000001	-0.798004	-0.600137	0.0	-0.9984639999999999	-0.047932999999999996	-0.027788999999999998	0.0	2.59001	2.25363	1.20387	0.346217	
3	-0.28675900000000004	0.5365850000000001	-0.793628	0.0	-0.15618900000000002	0.791149	0.591344	0.0	0.945185	0.293529	-0.143061	0.0	-2.5448	2.58448	0.922481	0.340041	-0.00659072	0.600744	-0.799415	0.0	0.05501230000000001	-0.798004	-0.600137	0.0	-0.9984639999999999	-0.047932999999999996	-0.027788999999999998	0.0	2.59001	2.25363	1.20387	0.346217	
3	-0.28675900000000004	0.5365850000000001	-0.793628	0.0	-0.15618900000000002	0.791149	0.591344	0.0	0.945185	0.29353	-0.143061	0.0	-2.5448	2.58448	0.922481	0.340041	-0.00659072	0.600744	-0.799415	0.0	0.05501230000000001	-0.798004	-0.600137	0.0	-0.9984639999999999	-0.047932999999999996	-0.027788999999999998	0.0	2.59001	2.25363	1.20387	0.346217	
3	-0.28675900000000004	0.5365850000000001	-0.793628	0.0	-0.15618900000000002	0.791149	0.591344	0.0	0.945185	0.293529	-0.143061	0.0	-2.5448	2.58448	0.922481	0.340041	-0.00659078	0.600744	-0.799415	0.0	0.05501230000000001	-0.798004	-0.600137	0.0	-0.9984639999999999	-0.047932999999999996	-0.027788999999999998	0.0	2.59001	2.25363	1.20387	0.346217	
3	-0.28675900000000004	0.5365850000000001	-0.793628	0.0	-0.15619	0.791149	0.591344	0.0	0.945185	0.29353	-0.143061	0.0	-2.5448	2.58447	0.92248	0.340042	-0.00659072	0.600744	-0.799415	0.0	0.0550122	-0.798004	-0.600137	0.0	-0.9984639999999999	-0.0479329	-0.027788999999999998	0.0	2.59001	2.25363	1.20387	0.346217	
3	-0.28675900000000004	0.5365850000000001	-0.793628	0.0	-0.15618900000000002	0.791149	0.591344	0.0	0.945185	0.29353	-0.143061	0.0	-2.5448	2.58448	0.922481	0.340041	-0.00659072	0.600744	-0.799415	0.0	0.05501230000000001	-0.798004	-0.600137	0.0	-0.9984639999999999	-0.047932999999999996	-0.027788999999999998	0.0	2.59001	2.25363	1.20387	0.346217	
3	-0.28675900000000004	0.5365850000000001	-0.793628	0.0	-0.15619	0.791149	0.591344	0.0	0.945185	0.29353	-0.14306	0.0	-2.5448	2.58448	0.922481	0.340042	-0.00659072	0.600744	-0.799415	0.0	0.05501230000000001	-0.798004	-0.600137	0.0	-0.9984639999999999	-0.047932999999999996	-0.027788999999999998	0.0	2.59001	2.25363	1.20387	0.346217	
3	-0.28675900000000004	0.5365850000000001	-0.793628	0.0	-0.15618900000000002	0.791149	0.591344	0.0	0.945185	0.293529	-0.143061	0.0	-2.5448	2.58448	0.922481	0.340041	-0.00659072	0.600744	-0.799415	0.0	0.05501230000000001	-0.798004	-0.600137	0.0	-0.9984639999999999	-0.0479329	-0.027788999999999998	0.0	2.59001	2.25363	1.20387	0.346217	
3	-0.28675900000000004	0.5365850000000001	-0.793628	0.0	-0.15618900000000002	0.791149	0.591344	0.0	0.945185	0.293529	-0.143061	0.0	-2.5448	2.58448	0.922481	0.340041	-0.00659072	0.600744	-0.799415	0.0	0.05501230000000001	-0.798004	-0.600137	0.0	-0.9984639999999999	-0.047932999999999996	-0.027788999999999998	0.0	2.59001	2.25363	1.20387	0.346217	
3	-0.28675900000000004	0.5365850000000001	-0.793628	0.0	-0.15618900000000002	0.791149	0.591344	0.0	0.945185	0.29353	-0.143061	0.0	-2.5448	2.58448	0.92248	0.340042	-0.00659072	0.600744	-0.799415	0.0	0.0550122	-0.798004	-0.600137	0.0	-0.9984639999999999	-0.0479329	-0.027788999999999998	0.0	2.59001	2.25363	1.20387	0.346217	
3	-0.28675900000000004	0.5365850000000001	-0.793628	0.0	-0.15619	0.791149	0.591344	0.0	0.945185	0.29353	-0.143061	0.0	-2.5448	2.58448	0.92248	0.340042	-0.00659072	0.600744	-0.799415	0.0	0.0550122	-0.798004	-0.600137	0.0	-0.9984639999999999	-0.0479329	-0.027788999999999998	0.0	2.59001	2.25363	1.20387	0.346217	
3	-0.28675900000000004	0.5365850000000001	-0.793628	0.0	-0.15618900000000002	0.791149	0.591344	0.0	0.945185	0.29353	-0.143061	0.0	-2.5448	2.58447	0.922481	0.340041	-0.00659072	0.600744	-0.799415	0.0	0.05501230000000001	-0.798004	-0.600137	0.0	-0.9984639999999999	-0.047932999999999996	-0.027788999999999998	0.0	2.59001	2.25363	1.20387	0.346217	
3	-0.28675900000000004	0.5365850000000001	-0.793628	0.0	-0.15618900000000002	0.791149	0.591344	0.0	0.945185	0.29353	-0.143061	0.0	-2.5448	2.58448	0.922481	0.340042	-0.00659072	0.600744	-0.799415	0.0	0.05501230000000001	-0.798004	-0.600137	0.0	-0.9984639999999999	-0.047932999999999996	-0.027788999999999998	0.0	2.59001	2.25363	1.20387	0.346217	
3	-0.28675900000000004	0.5365850000000001	-0.793628	0.0	-0.15618900000000002	0.791149	0.591344	0.0	0.945185	0.293529	-0.14306	0.0	-2.5448	2.58448	0.922481	0.340041	-0.00659072	0.600744	-0.799415	0.0	0.05501230000000001	-0.798004	-0.600137	0.0	-0.9984639999999999	-0.047932999999999996	-0.027788999999999998	0.0	2.59001	2.25363	1.20387	0.346217	
3	-0.28675900000000004	0.5365850000000001	-0.793628	0.0	-0.15618900000000002	0.791149	0.591344	0.0	0.945185	0.29353	-0.143061	0.0	-2.5448	2.58448	0.922481	0.340042	-0.00659072	0.600744	-0.799415	0.0	0.05501230000000001	-0.798004	-0.600137	0.0	-0.9984639999999999	-0.047932999999999996	-0.027788999999999998	0.0	2.59001	2.25363	1.20387	0.346217	
3	-0.28675900000000004	0.5365850000000001	-0.793628	0.0	-0.15618900000000002	0.791149	0.591344	0.0	0.945185	0.293529	-0.14306	0.0	-2.5448	2.58448	0.922481	0.340041	-0.00659072	0.600744	-0.799415	0.0	0.05501230000000001	-0.798004	-0.600137	0.0	-0.9984639999999999	-0.0479329	-0.027788999999999998	0.0	2.59001	2.25363	1.20387	0.346217	
3	-0.28675900000000004	0.5365850000000001	-0.793628	0.0	-0.15618900000000002	0.791149	0.591344	0.0	0.945185	0.29353	-0.143061	0.0	-2.5448	2.58448	0.922481	0.340041	-0.00659072	0.600744	-0.799415	0.0	0.05501230000000001	-0.798004	-0.600137	0.0	-0.9984639999999999	-0.0479329	-0.027788999999999998	0.0	2.59001	2.25363	1.20387	0.346217	
3	-0.28675900000000004	0.5365850000000001	-0.793628	0.0	-0.15618900000000002	0.791149	0.591344	0.0	0.945185	0.293529	-0.143061	0.0	-2.5448	2.58448	0.922481	0.340041	-0.00659072	0.600744	-0.799415	0.0	0.05501230000000001	-0.798004	-0.600137	0.0	-0.9984639999999999	-0.0479329	-0.027788999999999998	0.0	2.59001	2.25363	1.20387	0.346217	
3	-0.28675900000000004	0.5365850000000001	-0.793628	0.0	-0.15618900000000002	0.791149	0.591344	0.0	0.945185	0.293529	-0.143061	0.0	-2.5448	2.58448	0.922481	0.340041	-0.00659072	0.600744	-0.799415	0.0	0.05501230000000001	-0.798004	-0.600137	0.0	-0.9984639999999999	-0.0479329	-0.027788999999999998	0.0	2.59001	2.25363	1.20387	0.346217	
3	-0.28675900000000004	0.5365850000000001	-0.793628	0.0	-0.15618900000000002	0.791149	0.591344	0.0	0.945185	0.293529	-0.143061	0.0	-2.5448	2.58448	0.922481	0.340041	-0.00659072	0.600744	-0.799415	0.0	0.05501230000000001	-0.798004	-0.600137	0.0	-0.9984639999999999	-0.047932999999999996	-0.027788999999999998	0.0	2.59001	2.25363	1.20387	0.346217	
3	-0.28675900000000004	0.5365850000000001	-0.793628	0.0	-0.15618900000000002	0.791149	0.591344	0.0	0.945185	0.293529	-0.14306	0.0	-2.5448	2.58448	0.922481	0.340041	-0.00659072	0.600744	-0.799415	0.0	0.05501230000000001	-0.798004	-0.600137	0.0	-0.9984639999999999	-0.047932999999999996	-0.027788999999999998	0.0	2.59001	2.25363	1.2038799999999998	0.346217	
3	0.712859	0.698856	0.0585944	0.0	0.190435	-0.273305	0.942889	0.0	0.6749569999999999	-0.660988	-0.327914	0.0	-2.4261	2.49852	0.83483	0.352512	-0.176522	0.718646	-0.6725979999999999	0.0	0.385318	-0.578342	-0.719063	0.0	-0.9057430000000001	-0.386094	-0.174817	0.0	2.54662	2.2789599999999997	1.24605	0.347319	
3	0.721666	0.6860539999999999	0.09234980000000001	0.0	0.148068	-0.283302	0.9475319999999999	0.0	0.676221	-0.670127	-0.306032	0.0	-2.3246700000000002	2.40808	0.797218	0.352202	-0.177815	0.720062	-0.670741	0.0	0.385208	-0.57628	-0.720775	0.0	-0.905537	-0.38653899999999997	-0.174903	0.0	2.54142	2.28635	1.25519	0.34726999999999997	
3	0.804909	0.563519	0.185925	0.0	-0.012434700000000002	-0.29723499999999997	0.954723	0.0	0.5932689999999999	-0.770777	-0.23224	0.0	-2.1579099999999998	2.01797	0.742219	0.351575	-0.17973499999999998	0.723029	-0.667026	0.0	0.380695	-0.57411	-0.724893	0.0	-0.907065	-0.38422199999999995	-0.172066	0.0	2.53357	2.28125	1.25626	0.347562	
3	0.827567	0.487505	0.27833800000000003	0.0	-0.121428	-0.328629	0.9366209999999999	0.0	0.548077	-0.808914	-0.21276599999999998	0.0	-2.02757	1.7586	0.459207	0.35055	-0.18501199999999998	0.725658	-0.662716	0.0	0.376777	-0.570449	-0.729813	0.0	-0.90764	-0.38472	-0.167872	0.0	2.51249	2.27471	1.2570700000000001	0.3479	
3	0.853174	0.39663400000000004	0.338787	0.0	-0.21707100000000001	-0.32060700000000003	0.922004	0.0	0.47431599999999996	-0.8601700000000001	-0.187436	0.0	-1.8534	1.35053	0.0370689	0.351557	-0.188368	0.724109	-0.663464	0.0	0.377431	-0.5703020000000001	-0.72959	0.0	-0.9066770000000001	-0.387843	-0.165874	0.0	2.49163	2.27129	1.26029	0.348165	
3	0.8827959999999999	0.29322800000000004	0.36699899999999996	0.0	-0.290052	-0.274292	0.916861	0.0	0.369514	-0.91585	-0.157092	0.0	-1.7417099999999999	0.72033	-0.45926000000000006	0.352114	-0.190306	0.722121	-0.665075	0.0	0.384042	-0.568709	-0.72738	0.0	-0.9034909999999999	-0.393841	-0.169097	0.0	2.5122	2.2753	1.26809	0.347457	
3	0.8830479999999999	0.276134	0.379442	0.0	-0.31200900000000004	-0.2585	0.914236	0.0	0.350538	-0.9257040000000001	-0.142111	0.0	-1.7271400000000001	0.37493899999999997	-0.7096640000000001	0.353246	-0.190122	0.722367	-0.6648609999999999	0.0	0.384409	-0.568369	-0.7274520000000001	0.0	-0.903373	-0.393883	-0.169625	0.0	2.5238	2.2784299999999997	1.26842	0.347379	
3	0.8922379999999999	0.28210599999999997	0.352601	0.0	-0.329829	-0.126181	0.9355700000000001	0.0	0.308421	-0.951049	-0.0195368	0.0	-1.6239299999999999	-0.540176	-1.1308	0.357175	-0.18989	0.722308	-0.664991	0.0	0.386201	-0.567761	-0.726978	0.0	-0.902658	-0.394865	-0.17114400000000002	0.0	2.54127	2.28545	1.2736299999999998	0.347501	
3	0.8954290000000001	0.29675799999999997	0.331877	0.0	-0.340598	-0.023438900000000002	0.939917	0.0	0.286706	-0.954665	0.0800873	0.0	-1.6674200000000001	-0.8919590000000001	-1.23441	0.354315	-0.191689	0.724174	-0.6624399999999999	0.0	0.386619	-0.564665	-0.729163	0.0	-0.902098	-0.395884	-0.17174	0.0	2.54267	2.28132	1.27324	0.347418	
3	0.9172389999999999	0.346677	0.196181	0.0	-0.266257	0.16727899999999998	0.949276	0.0	0.296275	-0.922948	0.24574000000000001	0.0	-1.68385	-1.3592799999999998	-1.1724700000000001	0.364177	-0.190857	0.72588	-0.660812	0.0	0.385219	-0.5637989999999999	-0.7305729999999999	0.0	-0.9028729999999999	-0.393992	-0.172018	0.0	2.5461099999999997	2.2722700000000002	1.26362	0.34758	
3	0.952448	0.287047	0.10220800000000001	0.0	-0.17940599999999998	0.25718	0.949564	0.0	0.246284	-0.922747	0.296448	0.0	-1.74525	-1.44839	-1.16587	0.363991	-0.191451	0.726226	-0.660259	0.0	0.385386	-0.563056	-0.731058	0.0	-0.9026770000000001	-0.394416	-0.17207999999999998	0.0	2.54657	2.26553	1.25662	0.34765100000000004	
3	0.979617	0.200413	0.013594499999999999	0.0	-0.0753705	0.30399	0.9496889999999999	0.0	0.186198	-0.931356	0.312899	0.0	-1.86352	-1.4960200000000001	-1.23125	0.36397399999999996	-0.192665	0.726746	-0.659334	0.0	0.38647	-0.561416	-0.731747	0.0	-0.901954	-0.395795	-0.172701	0.0	2.54534	2.2681400000000003	1.25273	0.34757	
3	0.9871049999999999	0.156823	-0.0321045	0.0	-0.0202005	0.32099	0.946867	0.0	0.158796	-0.934009	0.320019	0.0	-1.8861299999999999	-1.50958	-1.24934	0.364103	-0.193778	0.726295	-0.659505	0.0	0.387883	-0.560751	-0.731509	0.0	-0.901109	-0.397561	-0.173057	0.0	2.54737	2.2657	1.24842	0.347646	
3	0.990927	0.10851	-0.07930110000000001	0.0	0.0378357	0.340952	0.939319	0.0	0.12896300000000002	-0.933797	0.333753	0.0	-1.92167	-1.52272	-1.2613299999999998	0.36399000000000004	-0.19381500000000002	0.724358	-0.66162	0.0	0.390967	-0.561508	-0.729283	0.0	-0.899767	-0.400017	-0.174371	0.0	2.5672099999999998	2.26641	1.24619	0.34733200000000003	
3	0.9848180000000001	0.0019047	-0.17357899999999998	0.0	0.16341	0.32721300000000003	0.9307139999999999	0.0	0.0585703	-0.9449489999999999	0.321934	0.0	-2.0228200000000003	-1.4904899999999999	-1.21495	0.36411	-0.192884	0.72405	-0.662229	0.0	0.390352	-0.5625760000000001	-0.728789	0.0	-0.900234	-0.399074	-0.174123	0.0	2.5815099999999997	2.27	1.25125	0.347301	
3	0.9702350000000001	-0.0413221	-0.23861500000000002	0.0	0.239632	0.30599499999999996	0.9213809999999999	0.0	0.0349417	-0.9511360000000001	0.306789	0.0	-2.10385	-1.46043	-1.1864299999999999	0.36399899999999996	-0.193172	0.724186	-0.6619970000000001	0.0	0.389054	-0.562861	-0.729263	0.0	-0.900734	-0.398426	-0.173018	0.0	2.58039	2.27051	1.25399	0.347401	
3	0.958967	-0.066824	-0.27553099999999997	0.0	0.282508	0.307223	0.9087370000000001	0.0	0.023924200000000003	-0.9492879999999999	0.31349499999999997	0.0	-2.23535	-1.44365	-1.0196399999999999	0.362821	-0.193614	0.7240840000000001	-0.661979	0.0	0.388637	-0.562942	-0.7294229999999999	0.0	-0.900819	-0.398496	-0.172413	0.0	2.57482	2.2692099999999997	1.25376	0.347148	
3	0.958407	-0.0368595	-0.283015	0.0	0.280403	0.306442	0.909652	0.0	0.05319840000000001	-0.951176	0.304032	0.0	-2.28891	-1.4927	-0.964824	0.361871	-0.193385	0.7239939999999999	-0.662144	0.0	0.388949	-0.5630149999999999	-0.7292	0.0	-0.900734	-0.398556	-0.172718	0.0	2.5714799999999998	2.27502	1.25548	0.347197	
3	0.9582959999999999	-0.027700299999999997	-0.284433	0.0	0.279834	0.292906	0.914275	0.0	0.0579864	-0.9557399999999999	0.28844200000000003	0.0	-2.31118	-1.5252700000000001	-0.9496870000000001	0.361686	-0.19356700000000002	0.723242	-0.662912	0.0	0.389529	-0.563496	-0.7285189999999999	0.0	-0.900444	-0.399241	-0.17265	0.0	2.57095	2.27769	1.25726	0.34719	
3	0.962513	-0.0205527	-0.270457	0.0	0.264925	0.285089	0.921162	0.0	0.058172	-0.9582809999999999	0.27984699999999996	0.0	-2.29796	-1.56324	-0.982159	0.362143	-0.193597	0.724165	-0.661895	0.0	0.389258	-0.5625859999999999	-0.729366	0.0	-0.9005540000000001	-0.398851	-0.17297300000000002	0.0	2.57216	2.27917	1.25978	0.347279	
3	0.96619	-0.022646799999999998	-0.256833	0.0	0.252556	0.283563	0.925099	0.0	0.0518778	-0.958686	0.27969499999999997	0.0	-2.29458	-1.59495	-0.989547	0.362614	-0.19373800000000002	0.7236670000000001	-0.6623979999999999	0.0	0.388477	-0.563411	-0.729146	0.0	-0.900861	-0.39859	-0.171974	0.0	2.57078	2.27413	1.25447	0.347157	
3	0.967578	-0.0124955	-0.252264	0.0	0.245196	0.286093	0.926299	0.0	0.060596199999999996	-0.9581209999999999	0.279881	0.0	-2.29665	-1.60576	-0.9661770000000001	0.362192	-0.19412000000000001	0.72419	-0.661714	0.0	0.3888	-0.562505	-0.7296729999999999	0.0	-0.90064	-0.398918	-0.172371	0.0	2.57022	2.27013	1.25124	0.347169	
3	0.9676959999999999	-0.0103265	-0.251907	0.0	0.244256	0.28598	0.926582	0.0	0.0624721	-0.9581799999999999	0.279264	0.0	-2.29598	-1.60636	-0.963098	0.36228499999999997	-0.193953	0.7242430000000001	-0.661706	0.0	0.388816	-0.5625220000000001	-0.729651	0.0	-0.900669	-0.3988	-0.172495	0.0	2.56889	2.2722900000000004	1.2564899999999999	0.347193	
3	0.9739120000000001	0.0166926	-0.22631199999999999	0.0	0.212973	0.277089	0.936944	0.0	0.07834880000000001	-0.960699	0.266305	0.0	-2.28441	-1.5808200000000001	-0.9749459999999999	0.362723	-0.193901	0.724438	-0.661507	0.0	0.38859299999999997	-0.562431	-0.729841	0.0	-0.900776	-0.398574	-0.172456	0.0	2.56913	2.2739700000000003	1.25945	0.347134	
3	0.9744790000000001	0.022556700000000002	-0.223342	0.0	0.20851	0.27759	0.9377989999999999	0.0	0.0831513	-0.960435	0.265803	0.0	-2.27775	-1.57049	-0.969036	0.36298800000000003	-0.193875	0.7243149999999999	-0.66165	0.0	0.388633	-0.562562	-0.729718	0.0	-0.9007649999999999	-0.398613	-0.172427	0.0	2.56988	2.27262	1.25633	0.347198	
3	0.9745020000000001	0.0230906	-0.223187	0.0	0.20821900000000002	0.277584	0.937866	0.0	0.0836092	-0.9604239999999999	0.26569899999999996	0.0	-2.27834	-1.57174	-0.969527	0.362996	-0.193877	0.724313	-0.661651	0.0	0.388629	-0.562565	-0.729718	0.0	-0.900766	-0.39861199999999997	-0.172421	0.0	2.5697799999999997	2.27272	1.25674	0.3472	
3	0.9745020000000001	0.0230902	-0.223187	0.0	0.20821900000000002	0.277584	0.937865	0.0	0.08360880000000001	-0.9604239999999999	0.26569899999999996	0.0	-2.27834	-1.57174	-0.969527	0.36299699999999996	-0.193877	0.724313	-0.661651	0.0	0.388629	-0.562565	-0.729718	0.0	-0.900766	-0.39861199999999997	-0.172421	0.0	2.5697799999999997	2.27272	1.25674	0.34720100000000004	
3	0.9745020000000001	0.0230902	-0.223187	0.0	0.20821900000000002	0.27758499999999997	0.937865	0.0	0.08360880000000001	-0.9604239999999999	0.26569899999999996	0.0	-2.27834	-1.57174	-0.969527	0.36299699999999996	-0.193877	0.724313	-0.661651	0.0	0.388629	-0.562565	-0.729718	0.0	-0.900766	-0.39861199999999997	-0.172421	0.0	2.5697799999999997	2.27272	1.25674	0.3472	
3	0.9745020000000001	0.0230902	-0.223187	0.0	0.20821900000000002	0.27758499999999997	0.937865	0.0	0.08360880000000001	-0.9604239999999999	0.26569899999999996	0.0	-2.27834	-1.57174	-0.969527	0.362996	-0.193877	0.724313	-0.661651	0.0	0.388629	-0.562565	-0.729718	0.0	-0.900766	-0.39861199999999997	-0.172421	0.0	2.5697799999999997	2.27272	1.25673	0.34720100000000004	
3	0.9745020000000001	0.0230902	-0.223187	0.0	0.20821900000000002	0.27758499999999997	0.937865	0.0	0.08360880000000001	-0.9604239999999999	0.26569899999999996	0.0	-2.27834	-1.57174	-0.969527	0.36299699999999996	-0.193877	0.724313	-0.661651	0.0	0.388629	-0.562565	-0.729718	0.0	-0.900766	-0.39861199999999997	-0.172421	0.0	2.5697799999999997	2.27272	1.25673	0.3472	
3	0.9745020000000001	0.0230902	-0.223187	0.0	0.20821900000000002	0.27758499999999997	0.937865	0.0	0.08360880000000001	-0.9604239999999999	0.26569899999999996	0.0	-2.27834	-1.57174	-0.969527	0.362996	-0.193877	0.724313	-0.661651	0.0	0.388629	-0.562565	-0.729718	0.0	-0.900766	-0.39861199999999997	-0.172421	0.0	2.5697799999999997	2.27272	1.25673	0.34720100000000004	
3	0.9745020000000001	0.0230902	-0.223187	0.0	0.20821900000000002	0.27758499999999997	0.937865	0.0	0.08360880000000001	-0.9604239999999999	0.26569899999999996	0.0	-2.27834	-1.57174	-0.969527	0.362996	-0.193877	0.724313	-0.661651	0.0	0.388629	-0.562565	-0.729718	0.0	-0.900766	-0.39861199999999997	-0.172421	0.0	2.5697799999999997	2.27272	1.25674	0.34720100000000004	
3	0.9745020000000001	0.0230902	-0.223187	0.0	0.20821900000000002	0.27758499999999997	0.937865	0.0	0.08360880000000001	-0.9604239999999999	0.26569899999999996	0.0	-2.27834	-1.57174	-0.969527	0.362996	-0.193877	0.724313	-0.661651	0.0	0.388629	-0.562565	-0.729718	0.0	-0.900766	-0.39861199999999997	-0.172421	0.0	2.5697799999999997	2.27272	1.25673	0.34720100000000004	
3	0.9745020000000001	0.0230902	-0.223187	0.0	0.20821900000000002	0.27758499999999997	0.937865	0.0	0.0836089	-0.9604239999999999	0.26569899999999996	0.0	-2.27834	-1.57174	-0.969527	0.362996	-0.193877	0.724313	-0.661651	0.0	0.388629	-0.562565	-0.729718	0.0	-0.900766	-0.39861199999999997	-0.172421	0.0	2.5697799999999997	2.27272	1.25673	0.34720100000000004	
3	0.9745020000000001	0.0230901	-0.223187	0.0	0.20821900000000002	0.27758499999999997	0.937865	0.0	0.08360880000000001	-0.9604239999999999	0.26569899999999996	0.0	-2.27834	-1.57174	-0.969527	0.362996	-0.193877	0.724313	-0.661651	0.0	0.388629	-0.562565	-0.729718	0.0	-0.900766	-0.39861199999999997	-0.172421	0.0	2.5697799999999997	2.27272	1.25673	0.34720100000000004	
3	0.9745020000000001	0.0230902	-0.223187	0.0	0.20821900000000002	0.27758499999999997	0.937865	0.0	0.0836089	-0.9604239999999999	0.26569899999999996	0.0	-2.27834	-1.57174	-0.969527	0.362996	-0.193877	0.724313	-0.661651	0.0	0.388629	-0.562565	-0.729718	0.0	-0.900766	-0.39861199999999997	-0.172421	0.0	2.5697799999999997	2.27272	1.25673	0.3472	
3	0.9745020000000001	0.0230902	-0.223187	0.0	0.20821900000000002	0.27758499999999997	0.937865	0.0	0.0836089	-0.9604239999999999	0.26569899999999996	0.0	-2.27834	-1.57174	-0.969527	0.362996	-0.193877	0.724313	-0.661651	0.0	0.388629	-0.562565	-0.729718	0.0	-0.900766	-0.39861199999999997	-0.172421	0.0	2.5697799999999997	2.27272	1.25674	0.34720100000000004	
3	0.9745020000000001	0.0230902	-0.223187	0.0	0.20821900000000002	0.27758499999999997	0.937866	0.0	0.0836089	-0.9604239999999999	0.26569899999999996	0.0	-2.27834	-1.57174	-0.969527	0.362996	-0.193877	0.724313	-0.661651	0.0	0.388629	-0.562565	-0.729718	0.0	-0.900766	-0.39861199999999997	-0.172421	0.0	2.5697799999999997	2.27272	1.25674	0.34720100000000004	
3	0.9745020000000001	0.0230902	-0.223187	0.0	0.20821900000000002	0.27758499999999997	0.937865	0.0	0.0836089	-0.9604239999999999	0.26569899999999996	0.0	-2.27834	-1.57174	-0.969527	0.362996	-0.193877	0.724313	-0.661651	0.0	0.388629	-0.562565	-0.729718	0.0	-0.900766	-0.39861199999999997	-0.172421	0.0	2.5697799999999997	2.27272	1.25674	0.34720100000000004	
3	0.9745020000000001	0.0230902	-0.223187	0.0	0.20821900000000002	0.27758499999999997	0.937865	0.0	0.0836089	-0.9604239999999999	0.26569899999999996	0.0	-2.27834	-1.57174	-0.969527	0.362996	-0.193877	0.724313	-0.661651	0.0	0.388629	-0.562565	-0.729718	0.0	-0.900766	-0.39861199999999997	-0.172421	0.0	2.5697799999999997	2.27272	1.25673	0.34720100000000004	
3	0.9745020000000001	0.0230902	-0.223187	0.0	0.20821900000000002	0.27758499999999997	0.937865	0.0	0.0836089	-0.9604239999999999	0.26569899999999996	0.0	-2.27834	-1.57174	-0.969527	0.362996	-0.193877	0.724313	-0.661651	0.0	0.388629	-0.562565	-0.729718	0.0	-0.900766	-0.39861199999999997	-0.172421	0.0	2.5697799999999997	2.27272	1.25673	0.34720100000000004	
3	0.9745020000000001	0.0230902	-0.223187	0.0	0.20821900000000002	0.27758499999999997	0.937865	0.0	0.0836089	-0.9604239999999999	0.26569899999999996	0.0	-2.27834	-1.57174	-0.969527	0.362996	-0.193877	0.724313	-0.661651	0.0	0.388629	-0.562565	-0.729718	0.0	-0.900766	-0.39861199999999997	-0.172421	0.0	2.5697799999999997	2.27272	1.25673	0.34720100000000004	
3	0.9745020000000001	0.0230902	-0.223187	0.0	0.20821900000000002	0.27758499999999997	0.937865	0.0	0.0836089	-0.9604239999999999	0.26569899999999996	0.0	-2.27834	-1.57174	-0.969527	0.362996	-0.193877	0.724313	-0.661651	0.0	0.388629	-0.562565	-0.729718	0.0	-0.900766	-0.39861199999999997	-0.172421	0.0	2.5697799999999997	2.27272	1.25674	0.34720100000000004	
3	0.9745020000000001	0.0230902	-0.223187	0.0	0.20821900000000002	0.27758499999999997	0.937866	0.0	0.0836089	-0.9604239999999999	0.26569899999999996	0.0	-2.27834	-1.57174	-0.969527	0.362996	-0.193877	0.724313	-0.661651	0.0	0.388629	-0.562565	-0.729718	0.0	-0.900766	-0.39861199999999997	-0.172421	0.0	2.5697799999999997	2.27272	1.25673	0.34720100000000004	
3	0.9745020000000001	0.0230902	-0.223187	0.0	0.20821900000000002	0.27758499999999997	0.937865	0.0	0.08360880000000001	-0.9604239999999999	0.26569899999999996	0.0	-2.27834	-1.57174	-0.969527	0.362996	-0.193877	0.724313	-0.661651	0.0	0.388629	-0.562565	-0.729718	0.0	-0.900766	-0.39861199999999997	-0.172421	0.0	2.5697799999999997	2.27272	1.25673	0.34720100000000004	
3	0.9745020000000001	0.0230902	-0.223187	0.0	0.20821900000000002	0.27758499999999997	0.937865	0.0	0.0836089	-0.9604239999999999	0.26569899999999996	0.0	-2.27834	-1.57174	-0.969527	0.362996	-0.193877	0.724313	-0.661651	0.0	0.388629	-0.562565	-0.729718	0.0	-0.900766	-0.39861199999999997	-0.172421	0.0	2.5697799999999997	2.27272	1.25674	0.34720100000000004	
3	0.9745020000000001	0.0230902	-0.223187	0.0	0.20821900000000002	0.27758499999999997	0.937865	0.0	0.0836089	-0.9604239999999999	0.26569899999999996	0.0	-2.27834	-1.57174	-0.969527	0.362996	-0.193877	0.724313	-0.661651	0.0	0.388629	-0.562565	-0.729718	0.0	-0.900766	-0.39861199999999997	-0.172421	0.0	2.5697799999999997	2.27272	1.25674	0.34720100000000004	
3	0.9745020000000001	0.0230902	-0.223187	0.0	0.20821900000000002	0.27758499999999997	0.937865	0.0	0.0836089	-0.9604239999999999	0.26569899999999996	0.0	-2.27834	-1.57174	-0.969527	0.362996	-0.193877	0.724313	-0.661651	0.0	0.388629	-0.562565	-0.729718	0.0	-0.900766	-0.39861199999999997	-0.172421	0.0	2.5697799999999997	2.27272	1.25674	0.34720100000000004	
3	0.9745020000000001	0.0230902	-0.223187	0.0	0.20821900000000002	0.27758499999999997	0.937865	0.0	0.0836089	-0.9604239999999999	0.26569899999999996	0.0	-2.27834	-1.57174	-0.969527	0.362996	-0.193877	0.724313	-0.661651	0.0	0.388629	-0.562565	-0.729718	0.0	-0.900766	-0.39861199999999997	-0.172421	0.0	2.5697799999999997	2.27272	1.25674	0.34720100000000004	
3	0.9745020000000001	0.0230902	-0.223187	0.0	0.20821900000000002	0.27758499999999997	0.937865	0.0	0.0836089	-0.9604239999999999	0.26569899999999996	0.0	-2.27834	-1.57174	-0.969527	0.362996	-0.193877	0.724313	-0.661651	0.0	0.388629	-0.562565	-0.729718	0.0	-0.900766	-0.39861199999999997	-0.172421	0.0	2.5697799999999997	2.27272	1.25674	0.34720100000000004	
3	0.9745020000000001	0.0230902	-0.223187	0.0	0.20821900000000002	0.27758499999999997	0.937865	0.0	0.0836089	-0.9604239999999999	0.26569899999999996	0.0	-2.27834	-1.57174	-0.969527	0.362996	-0.193877	0.724313	-0.661651	0.0	0.388629	-0.562565	-0.729718	0.0	-0.900766	-0.39861199999999997	-0.172421	0.0	2.5697799999999997	2.27272	1.25674	0.34720100000000004	
3	0.6144189999999999	0.784308	0.0857411	0.0	0.274656	-0.314498	0.9086559999999999	0.0	0.739631	-0.534745	-0.408648	0.0	-2.21789	-1.5981	-1.04229	0.351018	-0.197471	0.7290220000000001	-0.6553869999999999	0.0	0.397838	-0.551426	-0.73325	0.0	-0.8959520000000001	-0.405534	-0.181142	0.0	2.53301	2.2971	1.29473	0.346513	
3	0.624718	0.775221	0.09359880000000001	0.0	0.267867	-0.325355	0.9068579999999999	0.0	0.733468	-0.541459	-0.41091099999999997	0.0	-2.2031400000000003	-1.6265100000000001	-1.0401799999999999	0.35015	-0.1974	0.7294729999999999	-0.654907	0.0	0.39776999999999996	-0.550987	-0.7336159999999999	0.0	-0.895998	-0.40531799999999996	-0.181398	0.0	2.53356	2.2949900000000003	1.29801	0.346549	
3	0.6851470000000001	0.723494	0.08443930000000001	0.0	0.253359	-0.345391	0.903611	0.0	0.682922	-0.597713	-0.41994799999999993	0.0	-2.2128400000000004	-1.75511	-1.08113	0.350246	-0.196648	0.729611	-0.654979	0.0	0.396459	-0.551804	-0.733711	0.0	-0.8967440000000001	-0.403955	-0.18075	0.0	2.5327900000000003	2.29267	1.29531	0.346763	
3	0.7377560000000001	0.6688609999999999	0.09133229999999999	0.0	0.19711700000000001	-0.342839	0.918481	0.0	0.645648	-0.659611	-0.384775	0.0	-2.18316	-2.00172	-1.16916	0.34962	-0.196312	0.729627	-0.655062	0.0	0.395138	-0.55255	-0.733863	0.0	-0.8974	-0.402906	-0.179832	0.0	2.52921	2.29661	1.29214	0.34668699999999997	
