0	-0.0612442	0.7241390000000001	-0.686929	0.0	0.046410599999999996	0.689543	0.7227560000000001	0.0	0.997043	0.012383799999999999	-0.0758382	0.0	-2.75077	1.8736599999999999	1.44881	0.000521183	-0.0603852	0.75808	-0.64936	0.0	0.0712784	-0.645612	-0.760332	0.0	-0.995627	-0.092198	-0.015049700000000001	0.0	2.7095	1.9580099999999998	1.6515400000000002	0.0008456710000000001	
0	-0.072949	0.7386149999999999	-0.670169	0.0	0.0140986	0.672655	0.739822	0.0	0.997236	0.0445208	-0.059483100000000004	0.0	-2.78552	1.73646	1.48387	0.0	-0.07728860000000001	0.793554	-0.603571	0.0	0.0915928	-0.597171	-0.796868	0.0	-0.992793	-0.116871	-0.0265296	0.0	2.79716	1.89983	1.64437	0.0	
0	-0.0937045	0.731507	-0.6753640000000001	0.0	0.0330971	0.6802630000000001	0.732221	0.0	0.99505	0.0462597	-0.08795449999999999	0.0	-2.81687	1.63182	1.45668	0.0	-0.058333800000000005	0.8196950000000001	-0.569822	0.0	0.120071	-0.56089	-0.819137	0.0	-0.99105	-0.116202	-0.0657029	0.0	2.8435599999999996	1.8660299999999999	1.6011	0.0	
0	-0.08957430000000001	0.7339289999999999	-0.673294	0.0	0.0207488	0.67724	0.73547	0.0	0.995764	0.0519091	-0.0758914	0.0	-2.84015	1.5945799999999999	1.49241	0.0	-0.033599000000000004	0.825034	-0.564084	0.0	0.14508900000000002	-0.554397	-0.819508	0.0	-0.988848	-0.109377	-0.101077	0.0	2.90939	1.85297	1.56175	0.0	
0	-0.0998073	0.7332029999999999	-0.6726449999999999	0.0	0.0274856	0.677794	0.734738	0.0	0.994627	0.0548441	-0.08780139999999999	0.0	-2.8218	1.59341	1.46866	0.0	-0.00519496	0.855951	-0.517031	0.0	0.105768	-0.513668	-0.8514450000000001	0.0	-0.9943770000000001	-0.05910880000000001	-0.08786419999999999	0.0	2.94433	1.77128	1.50455	0.0	
0	-0.141118	0.733757	-0.6645949999999999	0.0	-0.0034896999999999997	0.67094	0.741503	0.0	0.9899870000000001	0.106958	-0.0921211	0.0	-2.79032	1.65345	1.4127	0.24631	0.07536749999999999	0.8843270000000001	-0.46074499999999996	0.0	0.129159	-0.466825	-0.8748670000000001	0.0	-0.988756	0.006427500000000001	-0.149402	0.0	2.96312	1.8796099999999998	1.35671	0.354732	
0	-0.155546	0.7272569999999999	-0.668508	0.0	-0.023272499999999998	0.673859	0.7384930000000001	0.0	0.987555	0.130427	-0.0878909	0.0	-2.6680200000000003	1.7301400000000002	1.41998	0.35238200000000003	0.08905679999999999	0.88574	-0.455558	0.0	0.140694	-0.46397700000000003	-0.874603	0.0	-0.9860399999999999	0.0137951	-0.165939	0.0	2.9657299999999998	1.9247599999999998	1.30274	0.354928	
0	-0.162769	0.734387	-0.658925	0.0	-0.0220757	0.664954	0.7465579999999999	0.0	0.986417	0.13606300000000002	-0.09202189999999999	0.0	-2.6436900000000003	1.75249	1.42162	0.35271199999999997	0.0722613	0.8933700000000001	-0.44347299999999995	0.0	0.150732	-0.44931099999999996	-0.880568	0.0	-0.98593	-0.00321475	-0.167127	0.0	2.9579299999999997	1.9124	1.2808899999999999	0.35487399999999997	
0	-0.155979	0.744639	-0.648986	0.0	-0.0203565	0.654465	0.755818	0.0	0.9875510000000001	0.131103	-0.0869247	0.0	-2.64578	1.7547599999999999	1.41495	0.352152	0.0625308	0.9047069999999999	-0.421421	0.0	0.179398	-0.425559	-0.88697	0.0	-0.9817870000000001	-0.0201389	-0.188913	0.0	2.95296	1.92413	1.24361	0.35499899999999995	
0	-0.155361	0.746041	-0.647522	0.0	-0.0130644	0.653872	0.756492	0.0	0.987771	0.12598900000000002	-0.0918398	0.0	-2.7035099999999996	1.74299	1.40045	0.352329	0.0261341	0.917974	-0.395777	0.0	0.209308	-0.392162	-0.895767	0.0	-0.9775	-0.05942959999999999	-0.202389	0.0	2.96312	1.8992	1.26173	0.355205	
0	-0.147785	0.7542409999999999	-0.63975	0.0	-0.0037491	0.646421	0.762972	0.0	0.9890120000000001	0.11515399999999999	-0.09270369999999999	0.0	-2.71655	1.71948	1.39286	0.352512	-0.000634074	0.920774	-0.390096	0.0	0.245248	-0.37804	-0.8927149999999999	0.0	-0.96946	-0.09623630000000001	-0.225579	0.0	2.9652	1.82297	1.26378	0.355045	
0	-0.149566	0.752794	-0.641039	0.0	0.00374997	0.648759	0.760985	0.0	0.9887450000000001	0.11141300000000001	-0.099855	0.0	-2.74963	1.69695	1.3781	0.35242399999999996	-0.029383799999999998	0.9224479999999999	-0.385002	0.0	0.252387	-0.365842	-0.8958020000000001	0.0	-0.9671799999999999	-0.123492	-0.22206399999999998	0.0	2.95077	1.74691	1.27247	0.354969	
0	-0.147749	0.7564770000000001	-0.637113	0.0	-0.000652194	0.644108	0.764934	0.0	0.989025	0.113434	-0.0946728	0.0	-2.75976	1.68622	1.36927	0.352423	-0.0693279	0.92516	-0.373194	0.0	0.285262	-0.340088	-0.896084	0.0	-0.955939	-0.16858099999999998	-0.240335	0.0	2.91492	1.68133	1.30418	0.355124	
0	-0.13802999999999999	0.773319	-0.6188100000000001	0.0	-0.00486892	0.624253	0.781207	0.0	0.990416	0.11084300000000001	-0.0824006	0.0	-2.7615	1.6718400000000002	1.39067	0.352281	-0.0779013	0.926681	-0.367687	0.0	0.286057	-0.332524	-0.8986649999999999	0.0	-0.955041	-0.17518699999999998	-0.23918000000000003	0.0	2.91515	1.64638	1.29831	0.355435	
0	-0.130422	0.7856989999999999	-0.604704	0.0	-0.00453648	0.609434	0.792824	0.0	0.991448	0.106145	-0.0759194	0.0	-2.7577700000000003	1.6602299999999999	1.41113	0.35227800000000004	-0.0828493	0.9274530000000001	-0.364646	0.0	0.292594	-0.327139	-0.898537	0.0	-0.952641	-0.181136	-0.24426399999999998	0.0	2.9349	1.62878	1.29102	0.35538200000000003	
0	-0.128028	0.794859	-0.5931350000000001	0.0	-0.00704286	0.597312	0.801978	0.0	0.9917459999999999	0.106853	-0.07087460000000001	0.0	-2.7566599999999997	1.6488099999999999	1.41196	0.352287	-0.08379110000000001	0.9284469999999999	-0.36189	0.0	0.29467	-0.32384	-0.8990540000000001	0.0	-0.951918	-0.181971	-0.24645100000000003	0.0	2.95455	1.62988	1.28696	0.355391	
0	-0.128392	0.799429	-0.586881	0.0	-0.0103766	0.5906640000000001	0.806851	0.0	0.991669	0.10968299999999999	-0.0675411	0.0	-2.75335	1.6639	1.41101	0.352599	-0.09556010000000001	0.928464	-0.35891999999999996	0.0	0.30596	-0.315719	-0.89817	0.0	-0.9472360000000001	-0.195644	-0.25390300000000005	0.0	2.96521	1.6121	1.27983	0.355544	
0	-0.130588	0.801688	-0.583304	0.0	-0.00945616	0.5873079999999999	0.809308	0.0	0.991392	0.111202	-0.06911460000000001	0.0	-2.7545599999999997	1.67405	1.41022	0.352242	-0.0994758	0.928507	-0.357743	0.0	0.31406799999999996	-0.311849	-0.8967229999999999	0.0	-0.944175	-0.201558	-0.26059299999999996	0.0	2.98956	1.61334	1.2818399999999999	0.355431	
0	-0.13088699999999998	0.804775	-0.57897	0.0	-0.011359000000000001	0.582738	0.812581	0.0	0.991332	0.11293299999999999	-0.06713179999999999	0.0	-2.74722	1.67619	1.4217899999999999	0.35235500000000003	-0.102354	0.9284389999999999	-0.357107	0.0	0.32149099999999997	-0.30885300000000004	-0.895128	0.0	-0.941365	-0.206427	-0.266872	0.0	3.0394200000000002	1.60382	1.27583	0.355448	
0	-0.131295	0.804207	-0.579666	0.0	-0.013136700000000001	0.5832649999999999	0.812176	0.0	0.9912559999999999	0.11425	-0.06601560000000001	0.0	-2.72981	1.6766599999999998	1.42973	0.35229699999999997	-0.10436199999999998	0.9261219999999999	-0.3625	0.0	0.324029	-0.31293899999999997	-0.89279	0.0	-0.9402729999999999	-0.21063400000000002	-0.267432	0.0	3.09564	1.60153	1.27419	0.355329	
0	-0.131052	0.80537	-0.578105	0.0	-0.0127238	0.58172	0.81329	0.0	0.991294	0.11393900000000001	-0.065988	0.0	-2.72467	1.6818400000000002	1.43021	0.35223699999999997	-0.10330999999999999	0.925099	-0.365404	0.0	0.325325	-0.315736	-0.891333	0.0	-0.939942	-0.21095799999999998	-0.268339	0.0	3.10893	1.60267	1.27404	0.355369	
0	-0.130968	0.805509	-0.577929	0.0	-0.0126309	0.581547	0.813415	0.0	0.9913059999999999	0.11383099999999999	-0.06598960000000001	0.0	-2.7248799999999997	1.68051	1.42946	0.35224099999999997	-0.10326800000000001	0.925063	-0.365506	0.0	0.3253	-0.315852	-0.891301	0.0	-0.9399549999999999	-0.21094200000000002	-0.268306	0.0	3.10871	1.60319	1.2742	0.355375	
0	-0.130966	0.805517	-0.577919	0.0	-0.012630200000000001	0.581537	0.813422	0.0	0.9913069999999999	0.11383	-0.06598760000000001	0.0	-2.7249	1.68052	1.42947	0.35224	-0.10326500000000001	0.925061	-0.36551300000000003	0.0	0.325303	-0.315859	-0.8912979999999999	0.0	-0.9399549999999999	-0.21094200000000002	-0.268308	0.0	3.10865	1.60317	1.27419	0.355376	
0	-0.130966	0.805517	-0.577919	0.0	-0.012630200000000001	0.581537	0.813422	0.0	0.9913069999999999	0.11383	-0.06598760000000001	0.0	-2.7249	1.68052	1.42947	0.35224	-0.10326500000000001	0.92506	-0.36551300000000003	0.0	0.325303	-0.315859	-0.8912979999999999	0.0	-0.9399549999999999	-0.21094200000000002	-0.268308	0.0	3.10865	1.60317	1.27419	0.355376	
0	-0.130966	0.805517	-0.577919	0.0	-0.012630500000000001	0.581537	0.813422	0.0	0.9913059999999999	0.11383	-0.06598739999999999	0.0	-2.7249	1.68052	1.42947	0.35224099999999997	-0.10326500000000001	0.925061	-0.36551300000000003	0.0	0.325303	-0.315859	-0.8912979999999999	0.0	-0.9399549999999999	-0.21094200000000002	-0.268308	0.0	3.10865	1.60317	1.27419	0.355375	
0	-0.130966	0.805517	-0.577919	0.0	-0.0126304	0.581537	0.813422	0.0	0.9913059999999999	0.11383	-0.06598739999999999	0.0	-2.7249	1.68052	1.42947	0.35224099999999997	-0.10326500000000001	0.92506	-0.36551300000000003	0.0	0.325303	-0.315859	-0.8912979999999999	0.0	-0.9399549999999999	-0.21094200000000002	-0.268308	0.0	3.10865	1.60317	1.27419	0.355375	
0	-0.130966	0.805517	-0.577919	0.0	-0.012630500000000001	0.581537	0.813422	0.0	0.9913069999999999	0.11383	-0.0659875	0.0	-2.7249	1.68052	1.42947	0.35224099999999997	-0.10326500000000001	0.92506	-0.36551300000000003	0.0	0.325303	-0.315859	-0.8912979999999999	0.0	-0.9399549999999999	-0.21094200000000002	-0.268308	0.0	3.10865	1.60317	1.27419	0.355376	
0	-0.130966	0.805517	-0.577919	0.0	-0.012630500000000001	0.581537	0.813422	0.0	0.9913069999999999	0.11383	-0.06598739999999999	0.0	-2.7249	1.68052	1.42947	0.35224099999999997	-0.10326400000000001	0.92506	-0.36551300000000003	0.0	0.325303	-0.315859	-0.8912969999999999	0.0	-0.9399549999999999	-0.21094200000000002	-0.268308	0.0	3.10865	1.60317	1.27419	0.355375	
0	-0.130966	0.805517	-0.577919	0.0	-0.012630500000000001	0.581537	0.813422	0.0	0.9913069999999999	0.11383	-0.06598739999999999	0.0	-2.7249	1.68052	1.42947	0.35224099999999997	-0.10326500000000001	0.92506	-0.36551300000000003	0.0	0.325303	-0.315859	-0.8912979999999999	0.0	-0.9399549999999999	-0.21094200000000002	-0.268308	0.0	3.10865	1.60317	1.27419	0.355376	
0	-0.130966	0.805517	-0.577919	0.0	-0.0126303	0.581537	0.813422	0.0	0.9913059999999999	0.11383	-0.0659875	0.0	-2.7249	1.68052	1.42947	0.35224099999999997	-0.10326400000000001	0.92506	-0.36551300000000003	0.0	0.325303	-0.315859	-0.8912969999999999	0.0	-0.9399549999999999	-0.21094200000000002	-0.268308	0.0	3.10865	1.60317	1.27419	0.355376	
0	-0.130966	0.805517	-0.577919	0.0	-0.0126303	0.581537	0.813422	0.0	0.9913059999999999	0.11383	-0.0659875	0.0	-2.7249	1.68052	1.42947	0.35224099999999997	-0.10326400000000001	0.92506	-0.36551300000000003	0.0	0.325303	-0.315859	-0.8912969999999999	0.0	-0.9399549999999999	-0.21094200000000002	-0.268307	0.0	3.10865	1.60317	1.27419	0.355376	
0	-0.130966	0.805517	-0.577919	0.0	-0.0126303	0.581537	0.813422	0.0	0.9913069999999999	0.11383	-0.06598760000000001	0.0	-2.7249	1.68052	1.42947	0.35224	-0.10326500000000001	0.92506	-0.36551300000000003	0.0	0.325302	-0.315859	-0.8912979999999999	0.0	-0.9399549999999999	-0.21094200000000002	-0.268307	0.0	3.10865	1.60317	1.27419	0.355376	
0	-0.130966	0.805517	-0.577919	0.0	-0.0126301	0.581537	0.813422	0.0	0.9913069999999999	0.113829	-0.0659877	0.0	-2.7249	1.68052	1.42947	0.35224	-0.10326400000000001	0.92506	-0.36551300000000003	0.0	0.325303	-0.315859	-0.8912969999999999	0.0	-0.9399549999999999	-0.21094200000000002	-0.268307	0.0	3.10865	1.60317	1.27419	0.355376	
0	-0.130966	0.805517	-0.577919	0.0	-0.0126304	0.581537	0.813422	0.0	0.9913059999999999	0.11383	-0.06598739999999999	0.0	-2.7249	1.68052	1.42947	0.35224099999999997	-0.10326500000000001	0.925061	-0.36551300000000003	0.0	0.325303	-0.315859	-0.8912979999999999	0.0	-0.9399549999999999	-0.21094200000000002	-0.268308	0.0	3.10865	1.60317	1.27419	0.355376	
0	-0.130966	0.805517	-0.577919	0.0	-0.0126303	0.581537	0.813422	0.0	0.9913059999999999	0.11383	-0.0659875	0.0	-2.7249	1.68052	1.42947	0.35224099999999997	-0.10326400000000001	0.92506	-0.36551300000000003	0.0	0.325303	-0.315859	-0.8912969999999999	0.0	-0.9399549999999999	-0.21094200000000002	-0.268308	0.0	3.10865	1.60317	1.27419	0.355375	
0	-0.130966	0.805517	-0.577919	0.0	-0.0126303	0.581537	0.813422	0.0	0.9913059999999999	0.11383	-0.0659875	0.0	-2.7249	1.68052	1.42947	0.35224099999999997	-0.10326500000000001	0.925061	-0.36551300000000003	0.0	0.325303	-0.315859	-0.8912979999999999	0.0	-0.9399549999999999	-0.21094200000000002	-0.268308	0.0	3.10865	1.60317	1.27419	0.355376	
0	-0.130966	0.805517	-0.577919	0.0	-0.0126303	0.581537	0.813422	0.0	0.9913059999999999	0.11383	-0.0659875	0.0	-2.7249	1.68052	1.42947	0.35224	-0.10326500000000001	0.925061	-0.36551300000000003	0.0	0.325303	-0.315859	-0.8912979999999999	0.0	-0.9399549999999999	-0.21094200000000002	-0.268308	0.0	3.10865	1.60317	1.27419	0.355376	
0	-0.130966	0.805517	-0.577919	0.0	-0.0126303	0.581537	0.813422	0.0	0.9913059999999999	0.11383	-0.0659875	0.0	-2.7249	1.68052	1.42947	0.35224	-0.10326500000000001	0.925061	-0.36551300000000003	0.0	0.325303	-0.315859	-0.8912979999999999	0.0	-0.9399549999999999	-0.21094200000000002	-0.268308	0.0	3.10865	1.60317	1.27419	0.355376	
0	-0.130966	0.805517	-0.577919	0.0	-0.0126304	0.581537	0.813422	0.0	0.9913059999999999	0.11383	-0.06598739999999999	0.0	-2.7249	1.68052	1.42947	0.35224099999999997	-0.10326400000000001	0.92506	-0.36551300000000003	0.0	0.325303	-0.315859	-0.8912969999999999	0.0	-0.9399549999999999	-0.21094200000000002	-0.268308	0.0	3.10865	1.60317	1.27419	0.355375	
0	-0.130966	0.805517	-0.577919	0.0	-0.0126304	0.581537	0.813422	0.0	0.9913059999999999	0.11383	-0.06598739999999999	0.0	-2.7249	1.68052	1.42947	0.35224099999999997	-0.10326500000000001	0.92506	-0.36551300000000003	0.0	0.325303	-0.315859	-0.8912979999999999	0.0	-0.9399549999999999	-0.21094200000000002	-0.268308	0.0	3.10865	1.60317	1.27419	0.355375	
0	-0.130966	0.805517	-0.577919	0.0	-0.0126303	0.581537	0.813422	0.0	0.9913059999999999	0.11383	-0.06598739999999999	0.0	-2.7249	1.68052	1.42947	0.35224099999999997	-0.10326500000000001	0.92506	-0.36551300000000003	0.0	0.325303	-0.315859	-0.8912979999999999	0.0	-0.9399549999999999	-0.21094200000000002	-0.268308	0.0	3.10865	1.60317	1.27419	0.355376	
0	-0.130966	0.805517	-0.577919	0.0	-0.012630200000000001	0.581537	0.813422	0.0	0.9913069999999999	0.11383	-0.06598760000000001	0.0	-2.7249	1.68052	1.42947	0.35224	-0.10326500000000001	0.92506	-0.36551300000000003	0.0	0.325303	-0.315859	-0.8912979999999999	0.0	-0.9399549999999999	-0.21094200000000002	-0.268308	0.0	3.10865	1.60317	1.27419	0.355376	
0	-0.130966	0.805517	-0.577919	0.0	-0.012630200000000001	0.581537	0.813422	0.0	0.9913059999999999	0.113829	-0.0659875	0.0	-2.7249	1.68052	1.42947	0.35224099999999997	-0.10326500000000001	0.92506	-0.36551300000000003	0.0	0.325303	-0.315859	-0.8912969999999999	0.0	-0.9399549999999999	-0.21094200000000002	-0.268308	0.0	3.10865	1.60317	1.27419	0.355376	
0	-0.130966	0.805517	-0.577919	0.0	-0.0126303	0.581537	0.813422	0.0	0.9913059999999999	0.11383	-0.0659875	0.0	-2.7249	1.68052	1.42947	0.35224	-0.10326400000000001	0.92506	-0.36551300000000003	0.0	0.325303	-0.315859	-0.8912969999999999	0.0	-0.9399549999999999	-0.21094200000000002	-0.268308	0.0	3.10865	1.60317	1.27419	0.355376	
0	-0.130966	0.805517	-0.577919	0.0	-0.0126304	0.581537	0.813422	0.0	0.9913059999999999	0.11383	-0.06598739999999999	0.0	-2.7249	1.68052	1.42947	0.35224099999999997	-0.10326400000000001	0.92506	-0.36551300000000003	0.0	0.325303	-0.315859	-0.8912969999999999	0.0	-0.9399549999999999	-0.21094200000000002	-0.268308	0.0	3.10865	1.60317	1.27419	0.355376	
0	0.90943	0.408433	0.07822430000000001	0.0	-0.0309209	-0.12117	0.99215	0.0	0.41470500000000005	-0.90471	-0.09756669999999999	0.0	-2.72247	1.6961700000000002	1.4170200000000002	0.348831	-0.323863	0.918341	-0.22751300000000002	0.0	0.479575	-0.0479427	-0.8761899999999999	0.0	-0.815549	-0.392875	-0.424887	0.0	3.06723	1.59285	1.31017	0.356809	
0	0.905792	0.419101	0.06241080000000001	0.0	-0.0171487	-0.11091199999999998	0.993682	0.0	0.42337600000000003	-0.9011399999999999	-0.0932764	0.0	-2.69403	1.7614299999999998	1.42944	0.34867800000000004	-0.32462399999999997	0.91876	-0.224723	0.0	0.479865	-0.0447635	-0.8762	0.0	-0.815076	-0.39227199999999995	-0.426349	0.0	3.07159	1.57325	1.29528	0.35677600000000004	
0	0.8839610000000001	0.467448	0.0102491	0.0	0.0210857	-0.061752800000000004	0.997869	0.0	0.46708500000000003	-0.881861	-0.0644436	0.0	-2.70027	1.81073	1.48061	0.348574	-0.325441	0.918784	-0.223439	0.0	0.48005200000000003	-0.0430406	-0.876184	0.0	-0.8146399999999999	-0.392408	-0.42705699999999996	0.0	3.0729	1.5651	1.2880200000000002	0.35684899999999997	
0	0.8399129999999999	0.535272	-0.08960660000000001	0.0	0.08771210000000002	0.0290555	0.9957219999999999	0.0	0.535586	-0.8441799999999999	-0.0225457	0.0	-2.68857	1.94107	1.59061	0.348692	-0.324924	0.9182620000000001	-0.226318	0.0	0.478187	-0.046944900000000005	-0.8770030000000001	0.0	-0.815943	-0.39318200000000003	-0.42384700000000003	0.0	3.07822	1.5674	1.28949	0.35665399999999997	
0	0.7684989999999999	0.6068680000000001	-0.202781	0.0	0.17127699999999998	0.11024400000000001	0.979035	0.0	0.6165010000000001	-0.787119	-0.0192198	0.0	-2.70363	2.19426	1.6855900000000001	0.350192	-0.293119	0.924026	-0.245475	0.0	0.46818000000000004	-0.0851368	-0.8795219999999999	0.0	-0.8336	-0.372731	-0.407656	0.0	3.08754	1.58358	1.30167	0.35641999999999996	
0	0.665097	0.682851	-0.30225799999999997	0.0	0.22322199999999998	0.204456	0.953084	0.0	0.7126140000000001	-0.701364	-0.016444099999999996	0.0	-2.75887	2.53202	1.78883	0.351074	-0.255284	0.92816	-0.270831	0.0	0.45298	-0.132656	-0.8815959999999999	0.0	-0.85419	-0.347738	-0.386573	0.0	3.09747	1.5824	1.2931	0.356292	
0	0.596306	0.733747	-0.32563000000000003	0.0	0.234159	0.229014	0.94484	0.0	0.7678470000000001	-0.639663	-0.0352514	0.0	-2.8614599999999997	2.859	1.9094400000000002	0.35226999999999997	-0.24422600000000003	0.931177	-0.270673	0.0	0.44388900000000003	-0.14081400000000002	-0.884949	0.0	-0.862158	-0.336276	-0.378949	0.0	3.07182	1.57318	1.30722	0.356344	
0	0.6410359999999999	0.710808	-0.289526	0.0	0.22314299999999998	0.188329	0.95642	0.0	0.7343569999999999	-0.677706	-0.0378861	0.0	-2.94978	2.9651	2.04935	0.35328000000000004	-0.25138	0.9277860000000001	-0.27571999999999997	0.0	0.452326	-0.139235	-0.8809170000000001	0.0	-0.855692	-0.34615999999999997	-0.38466100000000003	0.0	3.02541	1.5358	1.3188799999999998	0.356569	
0	0.770568	0.622937	-0.13480799999999998	0.0	0.12443399999999999	0.060403399999999996	0.9903879999999999	0.0	0.625092	-0.779936	-0.0309697	0.0	-3.0636099999999997	2.81599	2.1369599999999997	0.353536	-0.264544	0.9249649999999999	-0.272867	0.0	0.450378	-0.131698	-0.8830709999999999	0.0	-0.8527459999999999	-0.356505	-0.381744	0.0	2.9756400000000003	1.51137	1.32484	0.357016	
0	0.851608	0.50694	0.133327	0.0	-0.0749679	-0.133948	0.9881489999999999	0.0	0.518791	-0.85151	-0.0760671	0.0	-2.96694	2.33449	2.06067	0.353369	-0.292412	0.919358	-0.263205	0.0	0.45770500000000003	-0.10711199999999999	-0.8826290000000001	0.0	-0.8396440000000001	-0.37856100000000004	-0.389474	0.0	2.94236	1.49255	1.33397	0.357096	
0	0.884569	0.40584699999999996	0.22984000000000002	0.0	-0.172319	-0.173546	0.969633	0.0	0.43341	-0.8973129999999999	-0.083578	0.0	-2.75347	1.98593	1.83857	0.351245	-0.294338	0.919222	-0.261524	0.0	0.460021	-0.10358900000000001	-0.8818440000000001	0.0	-0.8377020000000001	-0.379868	-0.392371	0.0	2.94962	1.49003	1.3341100000000001	0.357272	
0	0.8925360000000001	0.346901	0.288164	0.0	-0.23122399999999999	-0.19658699999999998	0.952832	0.0	0.38718800000000003	-0.917068	-0.0952495	0.0	-2.5270799999999998	1.6943700000000002	1.60863	0.351066	-0.29667	0.919221	-0.258882	0.0	0.463992	-0.0981942	-0.8803799999999999	0.0	-0.834685	-0.381301	-0.39738	0.0	2.96722	1.4839	1.32694	0.357342	
0	0.889566	0.351306	0.291986	0.0	-0.23885599999999998	-0.187135	0.9528530000000001	0.0	0.389384	-0.9173680000000001	-0.0825569	0.0	-2.3336	1.51285	1.32605	0.35027600000000003	-0.302163	0.9179440000000001	-0.257052	0.0	0.46688100000000005	-0.09259010000000001	-0.87946	0.0	-0.831095	-0.385753	-0.400594	0.0	2.9798400000000003	1.4638200000000001	1.311	0.35733000000000004	
0	0.8922690000000001	0.358281	0.27475700000000003	0.0	-0.223954	-0.177202	0.958355	0.0	0.392048	-0.916643	-0.07787310000000001	0.0	-2.22454	1.51235	1.2168299999999999	0.35033000000000003	-0.306174	0.916148	-0.258709	0.0	0.465475	-0.09298719999999999	-0.8801629999999999	0.0	-0.8304159999999999	-0.389906	-0.397973	0.0	2.9733	1.46145	1.3142	0.357453	
0	0.8958209999999999	0.409213	0.173347	0.0	-0.131796	-0.127888	0.982993	0.0	0.424422	-0.903432	-0.060631899999999996	0.0	-2.16787	1.5435	1.1237700000000002	0.34938	-0.30896999999999997	0.915032	-0.259333	0.0	0.46686300000000003	-0.0916414	-0.879569	0.0	-0.828599	-0.392833	-0.39888	0.0	2.97012	1.4734	1.3238299999999998	0.357427	
0	0.8881049999999999	0.443092	0.122228	0.0	-0.0887159	-0.0956779	0.991451	0.0	0.45099799999999995	-0.8913559999999999	-0.0456628	0.0	-2.1659200000000003	1.5813	1.0493299999999999	0.347098	-0.30996399999999996	0.9139950000000001	-0.261795	0.0	0.46736099999999997	-0.0933122	-0.879128	0.0	-0.827947	-0.394851	-0.398242	0.0	2.97055	1.47537	1.3271	0.35733899999999996	
0	0.875184	0.47388199999999997	0.09741489999999998	0.0	-0.052836	-0.10653	0.9929049999999999	0.0	0.480897	-0.8741209999999999	-0.0681952	0.0	-2.05157	1.63915	0.967443	0.348238	-0.309264	0.9140459999999999	-0.262444	0.0	0.468286	-0.0938195	-0.878582	0.0	-0.827686	-0.39461199999999996	-0.399019	0.0	2.97932	1.48406	1.3293700000000002	0.35720999999999997	
0	0.8749790000000001	0.474287	0.0972844	0.0	-0.047941000000000004	-0.115074	0.9921989999999999	0.0	0.481782	-0.872817	-0.0779497	0.0	-2.01424	1.60745	0.914278	0.34816199999999997	-0.311772	0.913774	-0.260413	0.0	0.46906400000000004	-0.09032910000000001	-0.878533	0.0	-0.8263030000000001	-0.396052	-0.400457	0.0	2.97968	1.48838	1.33168	0.357389	
0	0.8644930000000001	0.487808	0.12122899999999999	0.0	-0.057164	-0.144203	0.9878959999999999	0.0	0.499385	-0.860958	-0.0967776	0.0	-1.8326799999999999	1.5614	0.815208	0.35217600000000004	-0.318436	0.911481	-0.260387	0.0	0.475271	-0.0841542	-0.875805	0.0	-0.820192	-0.402642	-0.406403	0.0	2.9929099999999997	1.48987	1.33117	0.35733899999999996	
0	0.8682610000000001	0.479195	0.128429	0.0	-0.06842589999999998	-0.140727	0.9876809999999999	0.0	0.49136499999999994	-0.866353	-0.0893987	0.0	-1.76941	1.54526	0.8432069999999999	0.353531	-0.320793	0.910912	-0.259483	0.0	0.47903999999999997	-0.08029889999999999	-0.8741129999999999	0.0	-0.817076	-0.404712	-0.41060399999999997	0.0	3.0224900000000003	1.4895200000000002	1.33124	0.35739299999999996	
0	0.8741540000000001	0.464747	0.140944	0.0	-0.078063	-0.15198	0.985296	0.0	0.47933400000000004	-0.872303	-0.0965747	0.0	-1.77121	1.51649	0.879662	0.354152	-0.318291	0.91201	-0.258707	0.0	0.478415	-0.0810669	-0.874384	0.0	-0.818419	-0.40207800000000005	-0.410516	0.0	3.04455	1.49099	1.32674	0.357288	
0	0.8799049999999999	0.44759799999999994	0.159447	0.0	-0.09742560000000001	-0.158486	0.982543	0.0	0.465054	-0.8800790000000001	-0.0958452	0.0	-1.82307	1.4794200000000002	0.9189440000000001	0.354765	-0.318511	0.911684	-0.259581	0.0	0.477288	-0.08235369999999999	-0.8748799999999999	0.0	-0.818991	-0.402554	-0.408905	0.0	3.0293900000000002	1.4939	1.33256	0.357408	
0	0.8806430000000001	0.44588999999999995	0.16016	0.0	-0.0975504	-0.160155	0.98226	0.0	0.46363000000000004	-0.8806440000000001	-0.09754249999999999	0.0	-1.8353400000000002	1.47395	0.921477	0.354854	-0.319366	0.9118569999999999	-0.257921	0.0	0.47668900000000003	-0.08064589999999999	-0.875365	0.0	-0.819008	-0.40251	-0.40891700000000003	0.0	3.02222	1.49169	1.32923	0.357389	
0	0.8827719999999999	0.436442	0.173875	0.0	-0.110322	-0.167176	0.979735	0.0	0.456665	-0.884065	-0.0994287	0.0	-1.8536	1.46781	0.925271	0.354758	-0.320434	0.91219	-0.255406	0.0	0.47697399999999995	-0.0775785	-0.8754870000000001	0.0	-0.8184239999999999	-0.402358	-0.410232	0.0	3.01839	1.48325	1.3245799999999999	0.35746700000000003	
0	0.882768	0.43636400000000003	0.17409000000000002	0.0	-0.11048599999999999	-0.16733900000000002	0.9796889999999999	0.0	0.456633	-0.884072	-0.09950919999999999	0.0	-1.85293	1.46807	0.9250440000000001	0.35475999999999996	-0.320457	0.9121870000000001	-0.255386	0.0	0.47698900000000005	-0.0775406	-0.875482	0.0	-0.8184060000000001	-0.402371	-0.41025500000000004	0.0	3.01856	1.4834200000000002	1.32474	0.35746500000000003	
0	0.882768	0.43636400000000003	0.17408900000000002	0.0	-0.11048599999999999	-0.16733800000000001	0.9796889999999999	0.0	0.456633	-0.884072	-0.09950880000000001	0.0	-1.8529200000000001	1.46807	0.9250440000000001	0.35475999999999996	-0.320457	0.9121870000000001	-0.255386	0.0	0.47698900000000005	-0.07754080000000001	-0.875482	0.0	-0.8184060000000001	-0.402371	-0.41025500000000004	0.0	3.01856	1.4834200000000002	1.32474	0.35746500000000003	
0	0.882768	0.43636499999999995	0.17409000000000002	0.0	-0.11048599999999999	-0.16733800000000001	0.9796889999999999	0.0	0.456633	-0.884072	-0.09950880000000001	0.0	-1.8529200000000001	1.46807	0.9250440000000001	0.35475999999999996	-0.320457	0.9121870000000001	-0.255386	0.0	0.47698900000000005	-0.077541	-0.875482	0.0	-0.818407	-0.402371	-0.41025500000000004	0.0	3.01856	1.4834200000000002	1.32474	0.35746500000000003	
0	0.882768	0.43636499999999995	0.17409000000000002	0.0	-0.11048599999999999	-0.16733900000000002	0.9796889999999999	0.0	0.45663400000000004	-0.884072	-0.0995091	0.0	-1.8529200000000001	1.46807	0.9250440000000001	0.354761	-0.320457	0.9121870000000001	-0.255386	0.0	0.47698900000000005	-0.07754080000000001	-0.875482	0.0	-0.8184060000000001	-0.402371	-0.41025500000000004	0.0	3.01856	1.4834200000000002	1.32474	0.357464	
0	0.882768	0.43636499999999995	0.17409000000000002	0.0	-0.11048599999999999	-0.16733800000000001	0.9796889999999999	0.0	0.456633	-0.884072	-0.09950880000000001	0.0	-1.8529200000000001	1.46807	0.9250440000000001	0.354761	-0.320457	0.9121870000000001	-0.255386	0.0	0.47698900000000005	-0.0775409	-0.875482	0.0	-0.818407	-0.402371	-0.41025500000000004	0.0	3.01856	1.4834200000000002	1.32474	0.357466	
0	0.882768	0.43636499999999995	0.17409000000000002	0.0	-0.11048599999999999	-0.16733800000000001	0.9796889999999999	0.0	0.456633	-0.884072	-0.09950880000000001	0.0	-1.8529200000000001	1.46807	0.9250440000000001	0.35475999999999996	-0.320457	0.9121870000000001	-0.255386	0.0	0.47698900000000005	-0.0775409	-0.875482	0.0	-0.818407	-0.402371	-0.41025500000000004	0.0	3.01856	1.4834200000000002	1.32474	0.357466	
0	0.882768	0.43636499999999995	0.17409000000000002	0.0	-0.11048599999999999	-0.16733800000000001	0.9796889999999999	0.0	0.456633	-0.884072	-0.09950880000000001	0.0	-1.8529200000000001	1.46807	0.9250440000000001	0.354761	-0.320457	0.9121870000000001	-0.255386	0.0	0.47698900000000005	-0.0775411	-0.875482	0.0	-0.818407	-0.402371	-0.41025500000000004	0.0	3.01856	1.4834200000000002	1.32474	0.357466	
0	0.882768	0.43636499999999995	0.17409000000000002	0.0	-0.11048599999999999	-0.16733800000000001	0.9796889999999999	0.0	0.456633	-0.884072	-0.09950880000000001	0.0	-1.8529200000000001	1.46807	0.9250440000000001	0.354761	-0.320457	0.9121870000000001	-0.255386	0.0	0.47698900000000005	-0.0775409	-0.875482	0.0	-0.818407	-0.402371	-0.41025500000000004	0.0	3.01856	1.4834200000000002	1.32474	0.357466	
0	0.882768	0.43636400000000003	0.17408900000000002	0.0	-0.11048599999999999	-0.16733800000000001	0.9796889999999999	0.0	0.456633	-0.884072	-0.09950880000000001	0.0	-1.8529200000000001	1.46807	0.9250440000000001	0.354761	-0.320457	0.9121870000000001	-0.255386	0.0	0.47698900000000005	-0.0775409	-0.875482	0.0	-0.818407	-0.402371	-0.41025500000000004	0.0	3.01856	1.4834200000000002	1.32474	0.357466	
0	0.882768	0.43636499999999995	0.17409000000000002	0.0	-0.11048599999999999	-0.16733800000000001	0.9796889999999999	0.0	0.456633	-0.884072	-0.09950880000000001	0.0	-1.8529200000000001	1.46807	0.9250440000000001	0.354761	-0.320457	0.9121870000000001	-0.255386	0.0	0.47698900000000005	-0.0775409	-0.875482	0.0	-0.818407	-0.402371	-0.41025500000000004	0.0	3.01856	1.4834200000000002	1.32474	0.35746500000000003	
0	0.882768	0.43636499999999995	0.17409000000000002	0.0	-0.11048599999999999	-0.16733800000000001	0.9796889999999999	0.0	0.456633	-0.884072	-0.09950880000000001	0.0	-1.8529200000000001	1.46807	0.9250440000000001	0.35475999999999996	-0.320457	0.9121870000000001	-0.255386	0.0	0.47698900000000005	-0.0775409	-0.875482	0.0	-0.8184060000000001	-0.402371	-0.41025500000000004	0.0	3.01856	1.4834200000000002	1.32474	0.35746500000000003	
0	0.882768	0.43636499999999995	0.17409000000000002	0.0	-0.11048599999999999	-0.16733900000000002	0.9796889999999999	0.0	0.45663400000000004	-0.884072	-0.0995091	0.0	-1.8529200000000001	1.46807	0.9250440000000001	0.354761	-0.320457	0.9121870000000001	-0.255386	0.0	0.47698900000000005	-0.0775409	-0.875482	0.0	-0.818407	-0.402371	-0.41025500000000004	0.0	3.01856	1.4834200000000002	1.32474	0.35746500000000003	
0	0.882768	0.43636499999999995	0.17409000000000002	0.0	-0.11048599999999999	-0.16733900000000002	0.9796889999999999	0.0	0.456633	-0.884072	-0.0995091	0.0	-1.8529200000000001	1.46807	0.9250440000000001	0.354761	-0.320457	0.9121870000000001	-0.255386	0.0	0.47698900000000005	-0.07754080000000001	-0.875482	0.0	-0.8184060000000001	-0.402371	-0.41025500000000004	0.0	3.01856	1.4834200000000002	1.32474	0.35746500000000003	
0	0.882768	0.43636400000000003	0.17408900000000002	0.0	-0.11048599999999999	-0.16733800000000001	0.9796889999999999	0.0	0.456633	-0.884072	-0.09950880000000001	0.0	-1.8529200000000001	1.46807	0.9250440000000001	0.354761	-0.320457	0.9121870000000001	-0.255386	0.0	0.47698900000000005	-0.07754080000000001	-0.875482	0.0	-0.8184060000000001	-0.402371	-0.41025500000000004	0.0	3.01856	1.4834200000000002	1.32474	0.357466	
0	0.882768	0.43636499999999995	0.17409000000000002	0.0	-0.11048599999999999	-0.16733800000000001	0.9796889999999999	0.0	0.456633	-0.884072	-0.09950880000000001	0.0	-1.8529200000000001	1.46807	0.9250440000000001	0.354761	-0.320457	0.9121870000000001	-0.255386	0.0	0.47698900000000005	-0.07754080000000001	-0.875482	0.0	-0.8184060000000001	-0.402371	-0.41025500000000004	0.0	3.01856	1.4834200000000002	1.32474	0.35746500000000003	
0	0.882768	0.43636499999999995	0.17409000000000002	0.0	-0.11048599999999999	-0.16733800000000001	0.9796889999999999	0.0	0.456633	-0.884072	-0.09950880000000001	0.0	-1.8529200000000001	1.46807	0.9250440000000001	0.354761	-0.320457	0.9121870000000001	-0.255386	0.0	0.47698900000000005	-0.07754080000000001	-0.875482	0.0	-0.8184060000000001	-0.402371	-0.41025500000000004	0.0	3.01856	1.4834200000000002	1.32474	0.357466	
0	0.882768	0.43636499999999995	0.17409000000000002	0.0	-0.11048599999999999	-0.16733800000000001	0.9796889999999999	0.0	0.456633	-0.884072	-0.09950880000000001	0.0	-1.8529200000000001	1.46807	0.9250440000000001	0.354761	-0.320457	0.9121870000000001	-0.255386	0.0	0.47698900000000005	-0.0775409	-0.875482	0.0	-0.818407	-0.402371	-0.41025500000000004	0.0	3.01856	1.4834200000000002	1.32474	0.357466	
0	0.9396190000000001	0.33797699999999997	0.053739499999999996	0.0	-0.00221105	-0.151032	0.988527	0.0	0.34221599999999996	-0.9289569999999999	-0.141165	0.0	-1.80453	1.3846399999999999	0.826406	0.35042199999999996	-0.33166	0.908437	-0.254447	0.0	0.47721800000000003	-0.0711072	-0.8759030000000001	0.0	-0.813796	-0.411929	-0.40993900000000005	0.0	2.97304	1.47976	1.3688799999999999	0.357365	
0	0.9604799999999999	0.26634	0.08088200000000001	0.0	-0.048152	-0.127211	0.990706	0.0	0.274154	-0.955448	-0.109358	0.0	-1.70268	1.14852	0.6724640000000001	0.350095	-0.329472	0.9096129999999999	-0.25308600000000003	0.0	0.47802700000000004	-0.0704526	-0.8755149999999999	0.0	-0.814211	-0.40944	-0.41160699999999995	0.0	2.9795599999999998	1.4873100000000001	1.36371	0.35749899999999996	
0	0.9704889999999999	0.213495	0.112123	0.0	-0.09279910000000001	-0.0985096	0.9908	0.0	0.22257600000000002	-0.971965	-0.0757903	0.0	-1.56028	0.781845	0.390859	0.348484	-0.330888	0.9094540000000001	-0.251806	0.0	0.477213	-0.0689403	-0.876079	0.0	-0.814114	-0.410049	-0.411192	0.0	2.98102	1.49896	1.3587	0.357587	
0	0.9744729999999999	0.176611	0.138605	0.0	-0.125869	-0.081437	0.988699	0.0	0.18590299999999998	-0.980906	-0.0571283	0.0	-1.43634	0.47464700000000004	0.0399191	0.344671	-0.333188	0.9088440000000001	-0.250974	0.0	0.478696	-0.0662664	-0.875476	0.0	-0.812303	-0.411839	-0.41298100000000004	0.0	2.99631	1.5090000000000001	1.36026	0.357658	
0	0.980485	0.159893	0.11438399999999999	0.0	-0.110001	-0.036026	0.9932780000000001	0.0	0.162939	-0.986477	-0.017734599999999996	0.0	-1.27213	0.00683793	-0.391773	0.34831599999999996	-0.333737	0.909223	-0.248865	0.0	0.481033	-0.0627809	-0.874452	0.0	-0.8106949999999999	-0.411549	-0.416414	0.0	3.01258	1.51862	1.35138	0.357657	
0	0.9794450000000001	0.170518	0.107752	0.0	-0.108426	-0.00538746	0.9940899999999999	0.0	0.17009100000000002	-0.98534	0.0132118	0.0	-1.2132	-0.189632	-0.5191640000000001	0.349111	-0.33404	0.909026	-0.249178	0.0	0.480975	-0.0629615	-0.8744709999999999	0.0	-0.810605	-0.41195600000000004	-0.416187	0.0	3.01563	1.51908	1.35058	0.357639	
0	0.986641	0.115809	0.11458099999999999	0.0	-0.119475	0.0362136	0.9921770000000001	0.0	0.11075399999999999	-0.992611	0.0495661	0.0	-1.0750899999999999	-0.6371720000000001	-0.784647	0.3501	-0.33563000000000004	0.908867	-0.24761599999999998	0.0	0.481383	-0.06046409999999999	-0.8744219999999999	0.0	-0.809705	-0.41268	-0.41722	0.0	3.0184900000000003	1.5201799999999999	1.34614	0.35775999999999997	
0	0.9876889999999999	0.0772923	0.135999	0.0	-0.140059	0.049761900000000005	0.988892	0.0	0.06966610000000001	-0.995766	0.0599748	0.0	-1.07005	-0.7982600000000001	-0.8616590000000001	0.35094899999999996	-0.335768	0.908861	-0.24745100000000003	0.0	0.48208900000000005	-0.0598778	-0.874074	0.0	-0.809228	-0.412779	-0.418047	0.0	3.01769	1.5192299999999999	1.34685	0.357664	
0	0.985389	0.0222931	0.168856	0.0	-0.170322	0.129504	0.976842	0.0	-9.077790000000001e-05	-0.9913280000000001	0.131409	0.0	-1.18069	-1.19805	-0.946451	0.349477	-0.336974	0.9083610000000001	-0.247648	0.0	0.483083	-0.058958800000000006	-0.8735870000000001	0.0	-0.808133	-0.41401000000000004	-0.418947	0.0	3.0201700000000002	1.51663	1.34586	0.357646	
0	0.98639	-0.0242887	0.162616	0.0	-0.156672	0.161182	0.97441	0.0	-0.0498779	-0.986626	0.155183	0.0	-1.33879	-1.42202	-1.02355	0.350761	-0.336894	0.908302	-0.247973	0.0	0.48353900000000005	-0.059077199999999996	-0.8733270000000001	0.0	-0.807894	-0.41412299999999996	-0.41929700000000003	0.0	3.0217	1.5205600000000001	1.3431799999999998	0.35761	
0	0.9912139999999999	-0.030102800000000002	0.12879300000000002	0.0	-0.120854	0.189523	0.97441	0.0	-0.05374169999999999	-0.9814149999999999	0.18422	0.0	-1.4746299999999999	-1.5642	-1.0502799999999999	0.35055	-0.337298	0.908524	-0.246606	0.0	0.483275	-0.0576974	-0.8735649999999999	0.0	-0.807884	-0.41383000000000003	-0.419605	0.0	3.02648	1.52461	1.34104	0.357647	
0	0.996057	-0.04376	0.0771762	0.0	-0.0665484	0.206758	0.976126	0.0	-0.0586721	-0.9774129999999999	0.20303	0.0	-1.7604	-1.76552	-1.1037700000000001	0.360672	-0.337167	0.90881	-0.24573000000000003	0.0	0.483641	-0.0567326	-0.873426	0.0	-0.807719	-0.41333500000000006	-0.42040900000000003	0.0	3.0340599999999998	1.5266	1.33446	0.35771	
0	0.998268	-0.0378249	0.0450642	0.0	-0.035568300000000004	0.22213899999999998	0.974366	0.0	-0.0468658	-0.974281	0.220408	0.0	-2.0123599999999997	-1.78025	-1.1252	0.360711	-0.337776	0.9088229999999999	-0.24484299999999998	0.0	0.483782	-0.055503	-0.8734270000000001	0.0	-0.80738	-0.413473	-0.420925	0.0	3.03764	1.5279200000000002	1.33702	0.357614	
0	0.9962840000000001	-0.0589196	-0.06281569999999999	0.0	0.07414960000000001	0.21581599999999998	0.973615	0.0	-0.0438084	-0.9746549999999999	0.219383	0.0	-2.19828	-1.7046599999999998	-1.12141	0.35278899999999996	-0.338731	0.9083870000000001	-0.245144	0.0	0.484625	-0.0548813	-0.872999	0.0	-0.806474	-0.41451400000000005	-0.421637	0.0	3.04073	1.5279399999999999	1.3381399999999999	0.357647	
0	0.9832690000000001	-0.059338800000000004	-0.172225	0.0	0.180489	0.189552	0.965139	0.0	-0.0246245	-0.9800760000000001	0.19709100000000002	0.0	-2.4371099999999997	-1.6502	-1.12879	0.35015599999999997	-0.337592	0.909465	-0.242704	0.0	0.48491000000000006	-0.052964300000000006	-0.872959	0.0	-0.80678	-0.412394	-0.423129	0.0	3.0420700000000003	1.53465	1.34009	0.357653	
0	0.972941	-0.0372015	-0.22803800000000002	0.0	0.230977	0.181892	0.9558059999999999	0.0	0.00592091	-0.982615	0.185563	0.0	-2.6087599999999997	-1.68582	-1.1732	0.351437	-0.334954	0.9107200000000001	-0.24165	0.0	0.483554	-0.053966999999999994	-0.873649	0.0	-0.8086909999999999	-0.409483	-0.422306	0.0	3.04542	1.54126	1.34426	0.357616	
0	0.9822489999999999	0.016844799999999997	-0.186823	0.0	0.182286	0.149263	0.97185	0.0	0.0442565	-0.988654	0.143543	0.0	-2.78405	-1.8103200000000002	-1.27786	0.353788	-0.335189	0.910747	-0.241221	0.0	0.481976	-0.054236599999999996	-0.8745040000000001	0.0	-0.809535	-0.409387	-0.420779	0.0	3.04395	1.54498	1.34267	0.35759	
0	0.984721	0.0395967	-0.16958	0.0	0.161605	0.155007	0.974606	0.0	0.0648772	-0.9871190000000001	0.14624	0.0	-2.79773	-1.87874	-1.33806	0.356076	-0.33619299999999996	0.9106120000000001	-0.240333	0.0	0.482313	-0.052711400000000005	-0.8744120000000001	0.0	-0.808918	-0.409887	-0.421479	0.0	3.04251	1.53957	1.33752	0.3577	
0	0.985663	0.11135899999999999	-0.12675699999999998	0.0	0.10666199999999999	0.170854	0.979506	0.0	0.130734	-0.978983	0.156527	0.0	-2.72859	-2.02104	-1.3496299999999999	0.357795	-0.33665700000000004	0.910942	-0.23842600000000003	0.0	0.483642	-0.0499747	-0.8738379999999999	0.0	-0.8079310000000001	-0.409496	-0.423746	0.0	3.04316	1.53568	1.33578	0.357505	
0	0.9866219999999999	0.115277	-0.11527799999999999	0.0	0.09613680000000001	0.159682	0.982476	0.0	0.131665	-0.9804149999999999	0.146463	0.0	-2.7046	-2.06402	-1.34512	0.362112	-0.336206	0.9109280000000001	-0.239117	0.0	0.48333000000000004	-0.051022500000000005	-0.87395	0.0	-0.8083060000000001	-0.40939899999999996	-0.423124	0.0	3.04199	1.53705	1.33604	0.357505	
0	0.985877	0.167249	-0.00865018	0.0	-0.0176606	0.15518900000000002	0.987727	0.0	0.16653900000000002	-0.9736239999999999	0.155951	0.0	-2.61642	-2.18127	-1.32992	0.363976	-0.336833	0.910716	-0.23904	0.0	0.483034	-0.0507836	-0.874128	0.0	-0.808221	-0.4099	-0.42280100000000004	0.0	3.04197	1.55017	1.34416	0.357615	
0	0.9798450000000001	0.180052	0.0865123	0.0	-0.10950399999999999	0.121931	0.9864799999999999	0.0	0.167069	-0.9760709999999999	0.13919	0.0	-2.57786	-2.28112	-1.3632600000000001	0.364004	-0.337467	0.910709	-0.23817199999999997	0.0	0.48375	-0.0492685	-0.873819	0.0	-0.8075289999999999	-0.4101	-0.423929	0.0	3.0514	1.5579	1.34361	0.35759	
0	0.975259	0.17687	0.132616	0.0	-0.152901	0.106429	0.9824940000000001	0.0	0.15966	-0.978463	0.13084	0.0	-2.56765	-2.33205	-1.32265	0.363981	-0.33636900000000003	0.911325	-0.237366	0.0	0.48396300000000003	-0.0489403	-0.873719	0.0	-0.807858	-0.40876799999999996	-0.42458599999999996	0.0	3.0716799999999997	1.55972	1.34131	0.357536	
0	0.967195	0.169471	0.189243	0.0	-0.207887	0.0998823	0.97304	0.0	0.146	-0.980461	0.13183699999999998	0.0	-2.56422	-2.3736	-1.3377299999999999	0.353931	-0.335538	0.911948	-0.236146	0.0	0.48276800000000003	-0.048792699999999994	-0.8743879999999999	0.0	-0.8089189999999999	-0.407394	-0.423887	0.0	3.08002	1.55621	1.33199	0.357736	
0	0.9666819999999999	0.166247	0.19464700000000001	0.0	-0.212747	0.09891799999999999	0.972087	0.0	0.142352	-0.98111	0.130991	0.0	-2.56475	-2.3757900000000003	-1.34256	0.354613	-0.33556199999999997	0.912092	-0.23555500000000001	0.0	0.48275	-0.0482223	-0.8744290000000001	0.0	-0.8089189999999999	-0.40714	-0.42413100000000004	0.0	3.07911	1.55746	1.33396	0.357533	
0	0.9647469999999999	0.166398	0.203897	0.0	-0.221254	0.0932853	0.970744	0.0	0.142509	-0.9816360000000001	0.126813	0.0	-2.5288	-2.38615	-1.35919	0.355243	-0.335365	0.9122030000000001	-0.23540500000000003	0.0	0.48312200000000005	-0.0479918	-0.874237	0.0	-0.808779	-0.406918	-0.42461099999999996	0.0	3.07259	1.55765	1.33562	0.357483	
