0	0.593133	0.516197	-0.617846	0.0	0.685836	0.0779938	0.723565	0.0	0.42168999999999995	-0.8529110000000001	-0.307766	0.0	-2.7396700000000003	2.0	1.46191	0.0	-0.593133	0.516197	-0.617846	0.0	0.750693	0.0772558	-0.656119	0.0	-0.290955	-0.852978	-0.433328	0.0	2.66032	2.0	1.53809	0.0	
0	-0.318954	0.37293899999999996	-0.8713120000000001	0.0	-0.09520089999999999	0.902072	0.420954	0.0	0.9429770000000001	0.21721500000000002	-0.252216	0.0	-2.73063	1.8756700000000002	1.3947100000000001	0.0180631	-0.593132	0.516197	-0.617846	0.0	0.7507119999999999	0.07731189999999999	-0.656091	0.0	-0.290905	-0.852973	-0.433371	0.0	2.66032	2.0	1.53809	0.0	
0	-0.452136	0.012101100000000002	-0.891867	0.0	-0.46987299999999993	0.846684	0.249692	0.0	0.758151	0.531959	-0.37713	0.0	-2.65746	1.86247	1.29669	0.124017	-0.593132	0.516197	-0.617846	0.0	0.75076	0.07745239999999999	-0.6560189999999999	0.0	-0.29078200000000004	-0.85296	-0.43348000000000003	0.0	2.66032	2.0	1.53809	0.0	
0	-0.466292	-0.0593969	-0.8826350000000001	0.0	-0.515126	0.8293659999999999	0.21632600000000002	0.0	0.719179	0.555539	-0.417324	0.0	-2.52193	1.984	1.23048	0.254252	-0.593132	0.516197	-0.617846	0.0	0.750801	0.0775737	-0.655958	0.0	-0.290675	-0.852949	-0.43357299999999993	0.0	2.66032	2.0	1.53809	0.0	
0	-0.42586999999999997	-0.160413	-0.890451	0.0	-0.579957	0.8037880000000001	0.132571	0.0	0.694468	0.5728810000000001	-0.435342	0.0	-2.45878	2.07708	1.24968	0.25513	-0.593133	0.516197	-0.617847	0.0	0.750845	0.07770389999999999	-0.655891	0.0	-0.29056	-0.852938	-0.433673	0.0	2.66032	2.0	1.53809	0.0	
0	-0.36440300000000003	-0.21999899999999997	-0.904882	0.0	-0.616306	0.785424	0.057236	0.0	0.698124	0.578541	-0.42179799999999995	0.0	-2.45308	2.09348	1.28409	0.252486	-0.593133	0.516197	-0.617846	0.0	0.750884	0.0778165	-0.655834	0.0	-0.290461	-0.852927	-0.43376000000000003	0.0	2.66032	2.0	1.53809	0.0	
0	-0.317749	-0.282481	-0.905119	0.0	-0.6556	0.755089	-0.00550476	0.0	0.685	0.591646	-0.425123	0.0	-2.4541	2.18282	1.33441	0.252906	-0.593133	0.516197	-0.617847	0.0	0.750925	0.077938	-0.655772	0.0	-0.290354	-0.852916	-0.433853	0.0	2.66032	2.0	1.53809	0.0	
0	-0.246484	-0.334336	-0.909651	0.0	-0.6985979999999999	0.7118479999999999	-0.07233919999999999	0.0	0.671719	0.61765	-0.409025	0.0	-2.42193	2.28442	1.37729	0.245074	-0.593132	0.516197	-0.617846	0.0	0.750969	0.0780672	-0.6557069999999999	0.0	-0.29024	-0.8529040000000001	-0.43395200000000006	0.0	2.66032	2.0	1.53809	0.0	
0	-0.375363	-0.282149	-0.88289	0.0	-0.668071	0.74263	0.0467073	0.0	0.642482	0.6073649999999999	-0.467251	0.0	-2.41118	2.34153	1.3509	0.230273	-0.593132	0.516197	-0.617846	0.0	0.751004	0.07817130000000001	-0.655654	0.0	-0.290149	-0.8528950000000001	-0.434032	0.0	2.66032	2.0	1.53809	0.0	
0	-0.507858	-0.06393120000000001	-0.859065	0.0	-0.5212439999999999	0.816772	0.247362	0.0	0.685847	0.573407	-0.44812799999999997	0.0	-2.44751	2.31366	1.37614	0.21803699999999998	-0.593133	0.516197	-0.617846	0.0	0.751047	0.078297	-0.65559	0.0	-0.290038	-0.852883	-0.434129	0.0	2.66032	2.0	1.53809	0.0	
0	-0.512775	0.0920092	-0.8535790000000001	0.0	-0.442208	0.8239	0.35446	0.0	0.735877	0.559217	-0.381788	0.0	-2.37555	2.2417599999999998	1.47875	0.208279	-0.593133	0.516197	-0.617846	0.0	0.751088	0.07841619999999999	-0.655529	0.0	-0.289933	-0.852872	-0.434221	0.0	2.66032	2.0	1.53809	0.0	
0	-0.459071	0.293105	-0.838656	0.0	-0.358108	0.8028649999999999	0.47662	0.0	0.813027	0.5191319999999999	-0.26360900000000004	0.0	-2.3386099999999996	2.00984	1.74958	0.175405	-0.593132	0.516197	-0.617846	0.0	0.751132	0.07854680000000001	-0.655463	0.0	-0.28981799999999996	-0.8528600000000001	-0.434321	0.0	2.66032	2.0	1.53809	0.0	
0	-0.473488	0.355077	-0.8060579999999999	0.0	-0.31630199999999997	0.785554	0.531844	0.0	0.822047	0.50678	-0.259639	0.0	-2.31147	1.9402	1.84207	0.11580499999999999	-0.593133	0.516197	-0.617847	0.0	0.751174	0.0786696	-0.6554	0.0	-0.28970999999999997	-0.852849	-0.43441599999999997	0.0	2.66032	2.0	1.53809	0.0	
0	-0.515737	0.41771400000000003	-0.7480180000000001	0.0	-0.252339	0.760301	0.598554	0.0	0.8187439999999999	0.49745	-0.28670999999999996	0.0	-2.38738	1.8434	1.8424	0.0680587	-0.593133	0.516197	-0.617847	0.0	0.751221	0.0788082	-0.655329	0.0	-0.289588	-0.852836	-0.434522	0.0	2.66032	2.0	1.53809	0.0	
0	-0.46599700000000005	0.413922	-0.781994	0.0	-0.258949	0.781321	0.567876	0.0	0.846045	0.46712600000000004	-0.256909	0.0	-2.5430200000000003	1.77347	1.8170099999999998	0.029781099999999998	-0.593133	0.516197	-0.617846	0.0	0.751273	0.0789623	-0.655251	0.0	-0.289452	-0.852822	-0.43463999999999997	0.0	2.66032	2.0	1.53809	0.0	
0	-0.302031	0.0412214	-0.952407	0.0	-0.4497	0.874757	0.180471	0.0	0.840564	0.48280500000000004	-0.245667	0.0	-2.47404	1.7809400000000002	1.6884400000000002	-0.0108862	-0.593133	0.516197	-0.617846	0.0	0.75134	0.0791591	-0.655151	0.0	-0.289279	-0.8528040000000001	-0.434792	0.0	2.66032	2.0	1.53809	0.0	
0	-0.499204	0.0252957	-0.866115	0.0	-0.460171	0.8392219999999999	0.28973899999999997	0.0	0.734192	0.5432	-0.407302	0.0	-2.51085	1.9645700000000001	1.39535	0.06016950000000001	-0.593133	0.516197	-0.617847	0.0	0.751409	0.07936189999999999	-0.655047	0.0	-0.2891	-0.852785	-0.43494700000000003	0.0	2.66032	2.0	1.53809	0.0	
0	-0.5524359999999999	0.247856	-0.7958529999999999	0.0	-0.327461	0.8134779999999999	0.480649	0.0	0.76654	0.526138	-0.368231	0.0	-2.55885	1.9585599999999999	1.41052	-0.00916195	-0.593133	0.516197	-0.617847	0.0	0.751476	0.07956060000000001	-0.654946	0.0	-0.288925	-0.852766	-0.4351	0.0	2.66032	2.0	1.53809	0.0	
0	-0.556952	0.31910900000000003	-0.766794	0.0	-0.27733800000000003	0.798793	0.533867	0.0	0.782871	0.51	-0.356389	0.0	-2.67082	1.87963	1.45519	-0.011065700000000001	-0.00737303	0.670689	-0.7417020000000001	0.0	0.34169499999999997	-0.695386	-0.632204	0.0	-0.939782	-0.25809699999999997	-0.224044	0.0	2.6493	2.0280099999999996	1.5062799999999998	0.00925264	
0	-0.535734	0.389676	-0.7490939999999999	0.0	-0.24276999999999999	0.778605	0.578651	0.0	0.808735	0.49186	-0.322524	0.0	-2.73211	1.79987	1.5259	-0.0115919	0.105174	0.707888	-0.69845	0.0	0.0536692	-0.705362	-0.706812	0.0	-0.9930049999999999	0.0368531	-0.112178	0.0	2.85204	1.81283	1.77257	0.0	
0	-0.483183	0.383882	-0.7868729999999999	0.0	-0.26445799999999997	0.792776	0.549153	0.0	0.834624	0.47343599999999997	-0.281535	0.0	-2.76303	1.7486400000000002	1.57776	-0.011547799999999999	0.138404	0.723317	-0.676504	0.0	0.08896330000000001	-0.689397	-0.718901	0.0	-0.9863719999999999	0.0393146	-0.15976400000000002	0.0	2.87649	1.8098299999999998	1.7142700000000002	0.0	
0	-0.49401999999999996	0.282287	-0.822349	0.0	-0.306706	0.828442	0.468631	0.0	0.813557	0.48373299999999997	-0.32268800000000003	0.0	-2.78044	1.79603	1.49348	-0.0115509	0.24227800000000002	0.627918	-0.739608	0.0	0.013891999999999998	-0.764487	-0.644489	0.0	-0.970108	0.145871	-0.193941	0.0	2.90496	1.90858	1.5087	0.0	
0	-0.44716000000000006	-0.20709499999999997	-0.870149	0.0	-0.600016	0.790921	0.120103	0.0	0.663346	0.575809	-0.477929	0.0	-2.77865	2.18909	1.1840899999999999	0.24559699999999998	0.306345	0.480975	-0.821472	0.0	-0.021783	-0.859194	-0.5111859999999999	0.0	-0.9516709999999999	0.174493	-0.252733	0.0	2.9220200000000003	2.1022	1.25983	0.336482	
0	-0.43500900000000003	-0.316917	-0.8428110000000001	0.0	-0.689398	0.7193390000000001	0.0853378	0.0	0.579222	0.618155	-0.531401	0.0	-2.80349	2.4142900000000003	0.9941209999999999	0.22798200000000002	0.316849	0.466487	-0.825831	0.0	-0.0510802	-0.861037	-0.505972	0.0	-0.9471	0.2025	-0.248991	0.0	2.82108	2.13928	1.18823	0.341413	
0	-0.446388	-0.342926	-0.826523	0.0	-0.718637	0.6877489999999999	0.102773	0.0	0.533196	0.639847	-0.553442	0.0	-2.8731299999999997	2.53071	0.8777159999999999	0.203228	0.325792	0.448403	-0.832343	0.0	-0.07251010000000001	-0.8659309999999999	-0.49488000000000004	0.0	-0.942657	0.221581	-0.249599	0.0	2.82916	2.13876	1.13642	0.342409	
0	-0.464815	-0.34838	-0.8139890000000001	0.0	-0.725255	0.677162	0.124326	0.0	0.50789	0.648138	-0.56742	0.0	-2.88503	2.5752200000000003	0.844791	0.196628	0.314785	0.441796	-0.840076	0.0	-0.0738398	-0.8709889999999999	-0.48572200000000004	0.0	-0.9462870000000001	0.214929	-0.241552	0.0	2.79845	2.1333599999999997	1.1465100000000001	0.342902	
0	-0.6040989999999999	0.11853	-0.788045	0.0	-0.39139	0.8172649999999999	0.42295600000000005	0.0	0.694175	0.56394	-0.44731800000000005	0.0	-2.80872	2.40482	1.1121299999999998	0.068495	0.305659	0.42122	-0.853901	0.0	-0.0752785	-0.883323	-0.46268100000000006	0.0	-0.949161	0.20570300000000002	-0.238287	0.0	2.76131	2.1524799999999997	1.22682	0.340903	
0	-0.650161	0.256738	-0.715105	0.0	-0.294068	0.782801	0.548404	0.0	0.700581	0.566841	-0.43344799999999994	0.0	-2.80537	2.2071	1.28077	-0.0107274	0.29132399999999997	0.421005	-0.8590030000000001	0.0	-0.049486800000000004	-0.890117	-0.45303699999999997	0.0	-0.9553440000000001	0.17449	-0.238479	0.0	2.7627900000000003	2.10319	1.30213	0.340362	
0	-0.656623	0.334378	-0.676046	0.0	-0.21775	0.774137	0.594388	0.0	0.7221029999999999	0.537497	-0.43550500000000003	0.0	-2.89006	2.06347	1.26712	-0.00413108	0.258022	0.430279	-0.865034	0.0	-0.016114	-0.8933110000000001	-0.449151	0.0	-0.9660049999999999	0.12983	-0.223561	0.0	2.76497	2.0080299999999998	1.35225	0.340488	
0	-0.46073000000000003	0.609208	-0.64544	0.0	-0.184515	0.645588	0.74106	0.0	0.8681479999999999	0.46052299999999996	-0.185034	0.0	-2.96867	1.8327200000000001	1.38647	0.193933	0.19716199999999998	0.47393599999999997	-0.858203	0.0	0.06376810000000001	-0.879732	-0.471175	0.0	-0.978295	0.038171699999999996	-0.203672	0.0	2.76655	1.89772	1.4305	0.340599	
0	0.0707816	0.905565	-0.418261	0.0	0.020386599999999998	0.417912	0.908259	0.0	0.997283	-0.07281489999999999	0.0111191	0.0	-3.07314	1.15676	1.7305	0.33871100000000004	0.0924263	0.555604	-0.8262940000000001	0.0	0.187064	-0.824759	-0.533648	0.0	-0.9779899999999999	-0.10524700000000001	-0.18016300000000002	0.0	2.7595	1.7363099999999998	1.53518	0.341907	
0	0.609646	0.773911	-0.17144600000000002	0.0	0.104591	0.13585999999999998	0.985192	0.0	0.7857430000000001	-0.61855	0.00188187	0.0	-3.42098	0.436011	1.6762400000000002	0.345505	-0.0394642	0.623658	-0.7807	0.0	0.318071	-0.732827	-0.601494	0.0	-0.9472450000000001	-0.272056	-0.16944700000000001	0.0	2.80144	1.49989	1.6308	0.342514	
0	0.669137	0.738535	-0.0825916	0.0	0.0876736	0.0319085	0.9956379999999999	0.0	0.737949	-0.6734600000000001	-0.043398900000000004	0.0	-3.5114900000000002	0.160883	1.42349	0.352716	-0.107954	0.651135	-0.751246	0.0	0.382598	-0.67025	-0.635912	0.0	-0.917587	-0.356074	-0.176766	0.0	2.84922	1.33789	1.6233799999999998	0.344222	
0	0.7715489999999999	0.632214	0.0708379	0.0	-0.0710073	-0.0250725	0.9971610000000001	0.0	0.632195	-0.774388	0.025547099999999996	0.0	-3.3121199999999997	-0.200983	1.4111200000000002	0.35422	-0.151606	0.663238	-0.732892	0.0	0.42906000000000005	-0.6238090000000001	-0.653277	0.0	-0.8904620000000001	-0.413495	-0.189995	0.0	2.8608599999999997	1.2137	1.58097	0.344453	
0	0.8518959999999999	0.478304	0.213302	0.0	-0.2093	-0.0624086	0.975858	0.0	0.48006899999999997	-0.875974	0.0469434	0.0	-3.21294	-0.679326	1.36276	0.351406	-0.184319	0.677945	-0.71163	0.0	0.456013	-0.582404	-0.6729470000000001	0.0	-0.870677	-0.448549	-0.20180399999999998	0.0	2.85467	1.15434	1.56456	0.345454	
0	0.853209	0.45096499999999995	0.26204099999999997	0.0	-0.241436	-0.103851	0.964844	0.0	0.46232399999999996	-0.8864790000000001	0.020272799999999997	0.0	-3.1200799999999997	-0.913889	1.2541	0.350608	-0.19026099999999999	0.6753640000000001	-0.7125199999999999	0.0	0.45447	-0.5827359999999999	-0.6737029999999999	0.0	-0.8702059999999999	-0.45199799999999996	-0.19605999999999998	0.0	2.8519099999999997	1.1360700000000001	1.5605	0.34562	
0	0.870455	0.388381	0.302439	0.0	-0.26509	-0.147847	0.9528209999999999	0.0	0.41477200000000003	-0.9095610000000001	-0.025738	0.0	-3.03499	-0.944765	1.13818	0.350394	-0.195669	0.67906	-0.707525	0.0	0.465605	-0.570641	-0.6764479999999999	0.0	-0.8630909999999999	-0.461787	-0.204516	0.0	2.87206	1.1241299999999999	1.55645	0.345376	
0	0.8834879999999999	0.331025	0.331468	0.0	-0.283576	-0.185288	0.9408790000000001	0.0	0.372872	-0.9252520000000001	-0.0698287	0.0	-3.02631	-0.9654520000000001	0.992296	0.349544	-0.200348	0.67875	-0.706512	0.0	0.47660600000000003	-0.56253	-0.675579	0.0	-0.855984	-0.472078	-0.210794	0.0	2.90984	1.1354600000000001	1.54799	0.3453	
0	0.888625	0.27196	0.369302	0.0	-0.309153	-0.23959699999999998	0.920336	0.0	0.338778	-0.932004	-0.12883499999999998	0.0	-3.0186	-0.9846659999999999	0.8304790000000001	0.348748	-0.206394	0.682411	-0.701226	0.0	0.489124	-0.548733	-0.677975	0.0	-0.8474430000000001	-0.482916	-0.22052800000000003	0.0	2.94053	1.1496	1.52696	0.34511	
0	0.8930610000000001	0.20838800000000002	0.39876999999999996	0.0	-0.333881	-0.287169	0.897807	0.0	0.301607	-0.9349379999999999	-0.186882	0.0	-2.9790200000000002	-0.9721270000000001	0.674833	0.34885900000000003	-0.21189499999999997	0.684873	-0.6971729999999999	0.0	0.503264	-0.535046	-0.678566	0.0	-0.837751	-0.49464600000000003	-0.231298	0.0	2.99465	1.16049	1.46865	0.345109	
0	0.8951979999999999	0.135448	0.424588	0.0	-0.368424	-0.31115	0.876042	0.0	0.250768	-0.940659	-0.228638	0.0	-2.9684	-0.967411	0.490382	0.347829	-0.214988	0.685361	-0.695745	0.0	0.51294	-0.526989	-0.677625	0.0	-0.831067	-0.502556	-0.23825300000000002	0.0	3.04678	1.18907	1.4483	0.344989	
0	0.894761	0.0699432	0.44103400000000004	0.0	-0.392974	-0.345721	0.852085	0.0	0.21207199999999998	-0.9357270000000001	-0.281852	0.0	-2.9902599999999997	-0.9913219999999999	0.202671	0.349229	-0.208885	0.690218	-0.692796	0.0	0.5244	-0.5189060000000001	-0.675086	0.0	-0.8254520000000001	-0.504318	-0.25355900000000003	0.0	3.09945	1.24756	1.43137	0.344506	
0	0.891381	0.0513086	0.450341	0.0	-0.403185	-0.364174	0.839535	0.0	0.207078	-0.929917	-0.303931	0.0	-3.03028	-1.03956	0.0263861	0.352727	-0.20413199999999998	0.694277	-0.6901520000000001	0.0	0.526999	-0.516187	-0.675147	0.0	-0.8249860000000001	-0.501529	-0.260513	0.0	3.11751	1.28151	1.41608	0.344625	
0	0.888159	0.05410269999999999	0.45633999999999997	0.0	-0.40957899999999997	-0.357087	0.839485	0.0	0.208371	-0.9325030000000001	-0.29499000000000003	0.0	-2.95935	-1.12259	-0.1368	0.358978	-0.20565999999999998	0.6962649999999999	-0.6876909999999999	0.0	0.534137	-0.508949	-0.675032	0.0	-0.820001	-0.5061479999999999	-0.267231	0.0	3.1556	1.2999100000000001	1.4333799999999999	0.344844	
0	0.8830459999999999	0.051800900000000004	0.466419	0.0	-0.41865399999999997	-0.362105	0.832832	0.0	0.21203400000000003	-0.9306969999999999	-0.298068	0.0	-2.84881	-1.1523	-0.109127	0.35952199999999995	-0.205794	0.698362	-0.685521	0.0	0.538189	-0.5042949999999999	-0.6753060000000001	0.0	-0.817313	-0.5079140000000001	-0.27207	0.0	3.1821900000000003	1.29745	1.43664	0.344709	
0	0.8828309999999999	0.032772300000000004	0.468545	0.0	-0.424255	-0.372396	0.825427	0.0	0.201535	-0.9274950000000001	-0.314859	0.0	-2.81963	-1.17787	-0.10756099999999999	0.360232	-0.20546399999999998	0.698367	-0.685615	0.0	0.539092	-0.5039319999999999	-0.674858	0.0	-0.816801	-0.508268	-0.272944	0.0	3.20083	1.28983	1.43499	0.34467600000000004	
0	0.883922	0.0269625	0.46685600000000005	0.0	-0.423695	-0.376312	0.823937	0.0	0.197899	-0.9261010000000001	-0.321206	0.0	-2.8273599999999997	-1.18435	-0.143752	0.360021	-0.20313699999999998	0.698122	-0.686557	0.0	0.537892	-0.506336	-0.6740149999999999	0.0	-0.8181729999999999	-0.506211	-0.27265900000000004	0.0	3.20553	1.3068799999999998	1.4372200000000002	0.344584	
0	0.885152	0.0231556	0.46472600000000003	0.0	-0.42229399999999995	-0.379404	0.8232379999999999	0.0	0.195381	-0.924941	-0.326052	0.0	-2.83301	-1.1858799999999998	-0.160659	0.35973	-0.203289	0.696996	-0.687656	0.0	0.536992	-0.507905	-0.673552	0.0	-0.8187270000000001	-0.506191	-0.27103	0.0	3.19484	1.31538	1.44082	0.344846	
0	0.8851889999999999	0.0232631	0.46465	0.0	-0.42219799999999996	-0.379359	0.823308	0.0	0.195422	-0.9249569999999999	-0.32598299999999997	0.0	-2.8342	-1.1861	-0.159991	0.359739	-0.203302	0.697074	-0.687573	0.0	0.536985	-0.507825	-0.673618	0.0	-0.818728	-0.5061640000000001	-0.27107600000000004	0.0	3.1943799999999998	1.31416	1.44117	0.344864	
0	0.8851870000000001	0.023261700000000003	0.464653	0.0	-0.422202	-0.379358	0.823306	0.0	0.195421	-0.924958	-0.325981	0.0	-2.83418	-1.1860899999999999	-0.159975	0.35974	-0.20330299999999998	0.6970729999999999	-0.687574	0.0	0.536983	-0.507827	-0.673618	0.0	-0.818729	-0.5061640000000001	-0.271074	0.0	3.1943900000000003	1.31416	1.44116	0.34486500000000003	
0	0.8851870000000001	0.023261700000000003	0.464653	0.0	-0.422202	-0.379358	0.823306	0.0	0.195421	-0.924958	-0.325981	0.0	-2.83418	-1.1860899999999999	-0.159975	0.359739	-0.20330299999999998	0.6970729999999999	-0.687574	0.0	0.536983	-0.507827	-0.673618	0.0	-0.818729	-0.5061640000000001	-0.271074	0.0	3.1943900000000003	1.31416	1.44116	0.34486500000000003	
0	0.8851870000000001	0.023261700000000003	0.464653	0.0	-0.422202	-0.379358	0.823306	0.0	0.195421	-0.924958	-0.325981	0.0	-2.83418	-1.1860899999999999	-0.159975	0.359739	-0.20330299999999998	0.6970729999999999	-0.687574	0.0	0.536983	-0.507827	-0.673618	0.0	-0.818729	-0.5061640000000001	-0.271074	0.0	3.1943900000000003	1.31416	1.44116	0.344864	
0	0.8851870000000001	0.023261700000000003	0.464653	0.0	-0.422202	-0.379358	0.823306	0.0	0.195421	-0.924958	-0.325981	0.0	-2.83418	-1.1860899999999999	-0.159975	0.359739	-0.20330299999999998	0.6970729999999999	-0.687574	0.0	0.536983	-0.507826	-0.673618	0.0	-0.818729	-0.5061640000000001	-0.271074	0.0	3.1943900000000003	1.31416	1.44116	0.344864	
0	0.8851870000000001	0.023261700000000003	0.464653	0.0	-0.422202	-0.379358	0.823306	0.0	0.195421	-0.924958	-0.325981	0.0	-2.83418	-1.1860899999999999	-0.159974	0.359739	-0.20330299999999998	0.6970729999999999	-0.687574	0.0	0.536983	-0.507826	-0.673618	0.0	-0.818729	-0.5061640000000001	-0.271074	0.0	3.1943900000000003	1.31416	1.44116	0.344864	
0	0.8851870000000001	0.023261700000000003	0.464653	0.0	-0.422202	-0.379358	0.823306	0.0	0.195421	-0.924958	-0.325981	0.0	-2.83418	-1.1860899999999999	-0.159975	0.359739	-0.20330299999999998	0.6970729999999999	-0.687574	0.0	0.536983	-0.507826	-0.673618	0.0	-0.818729	-0.5061640000000001	-0.271074	0.0	3.1943900000000003	1.31416	1.44116	0.344864	
0	0.8851870000000001	0.023261700000000003	0.464653	0.0	-0.422202	-0.379358	0.823306	0.0	0.195421	-0.924958	-0.325981	0.0	-2.83418	-1.1860899999999999	-0.159974	0.359738	-0.20330299999999998	0.6970729999999999	-0.687574	0.0	0.536983	-0.507826	-0.673618	0.0	-0.818729	-0.5061640000000001	-0.271074	0.0	3.1943900000000003	1.31416	1.44116	0.344864	
0	0.8851870000000001	0.023261700000000003	0.464653	0.0	-0.422202	-0.379358	0.823306	0.0	0.195421	-0.924958	-0.325981	0.0	-2.83418	-1.1860899999999999	-0.159974	0.359739	-0.20330299999999998	0.6970729999999999	-0.687574	0.0	0.536983	-0.507827	-0.673618	0.0	-0.818729	-0.5061640000000001	-0.271074	0.0	3.1943900000000003	1.31416	1.44116	0.344864	
0	0.8851870000000001	0.023261700000000003	0.464653	0.0	-0.422202	-0.379358	0.823306	0.0	0.195421	-0.924958	-0.325981	0.0	-2.83418	-1.1860899999999999	-0.159975	0.359739	-0.20330299999999998	0.6970729999999999	-0.687574	0.0	0.536983	-0.507827	-0.673618	0.0	-0.818729	-0.5061640000000001	-0.271074	0.0	3.1943900000000003	1.31416	1.44116	0.344864	
0	0.8851870000000001	0.023261700000000003	0.464653	0.0	-0.422202	-0.379358	0.823306	0.0	0.195421	-0.924958	-0.325981	0.0	-2.83418	-1.1860899999999999	-0.159974	0.359739	-0.20330299999999998	0.6970729999999999	-0.687574	0.0	0.536983	-0.507827	-0.673618	0.0	-0.818729	-0.5061640000000001	-0.271074	0.0	3.1943900000000003	1.31416	1.44116	0.344864	
0	0.850611	0.518911	0.0848078	0.0	0.00653514	-0.171716	0.985125	0.0	0.525755	-0.837404	-0.149454	0.0	-2.83817	-1.10955	-0.107429	0.348298	-0.177825	0.730267	-0.659613	0.0	0.562653	-0.47447	-0.676978	0.0	-0.807341	-0.491517	-0.32651399999999997	0.0	3.15084	1.33265	1.47107	0.34501	
0	0.856333	0.5072300000000001	0.0970077	0.0	-0.00154024	-0.185336	0.9826739999999999	0.0	0.516421	-0.8416459999999999	-0.15792799999999999	0.0	-2.8801	-1.0731700000000002	-0.0195425	0.34857	-0.177257	0.730795	-0.659181	0.0	0.561187	-0.47517299999999996	-0.677702	0.0	-0.8084859999999999	-0.490051	-0.325885	0.0	3.15176	1.33503	1.46956	0.344993	
0	0.862875	0.49119700000000005	0.11904400000000001	0.0	-0.0220911	-0.198657	0.97982	0.0	0.504934	-0.848093	-0.160565	0.0	-2.8902200000000002	-1.06354	-0.0196568	0.34892199999999995	-0.177939	0.731896	-0.6577729999999999	0.0	0.56197	-0.473138	-0.678477	0.0	-0.807792	-0.49037600000000003	-0.32711399999999996	0.0	3.15163	1.34433	1.4591	0.34505399999999997	
0	0.8721909999999999	0.46136099999999997	0.16257	0.0	-0.06800089999999999	-0.21475999999999998	0.974297	0.0	0.48441599999999996	-0.860828	-0.15593900000000002	0.0	-2.85945	-1.11277	-0.0984685	0.34992399999999996	-0.179266	0.736172	-0.652621	0.0	0.5664140000000001	-0.465159	-0.680296	0.0	-0.804387	-0.491608	-0.333592	0.0	3.15515	1.34953	1.44547	0.345091	
0	0.8956639999999999	0.399204	0.19601400000000002	0.0	-0.124829	-0.19736800000000002	0.97235	0.0	0.426853	-0.895367	-0.126943	0.0	-2.80368	-1.28862	-0.21222399999999997	0.350353	-0.18021199999999998	0.73669	-0.651776	0.0	0.56916	-0.46233	-0.679932	0.0	-0.802235	-0.493496	-0.335977	0.0	3.16337	1.3456700000000001	1.44022	0.34498	
0	0.9181030000000001	0.32066	0.232948	0.0	-0.181982	-0.181073	0.9664860000000001	0.0	0.352094	-0.929726	-0.10788900000000001	0.0	-2.77679	-1.53164	-0.36802399999999996	0.350505	-0.180278	0.739029	-0.649104	0.0	0.5695680000000001	-0.459588	-0.681447	0.0	-0.80193	-0.492559	-0.338074	0.0	3.16858	1.34263	1.4369100000000001	0.345065	
0	0.935275	0.23599	0.26376	0.0	-0.23643699999999998	-0.13794	0.9618059999999999	0.0	0.26336	-0.961915	-0.0732154	0.0	-2.76215	-1.91229	-0.62627	0.351572	-0.181319	0.738897	-0.648964	0.0	0.568847	-0.459499	-0.68211	0.0	-0.802207	-0.492841	-0.33700399999999997	0.0	3.17027	1.339	1.4396799999999998	0.345329	
0	0.945182	0.127246	0.300732	0.0	-0.289182	-0.101599	0.951867	0.0	0.151675	-0.9866540000000001	-0.059232799999999995	0.0	-2.78115	-2.30825	-0.845267	0.353725	-0.182341	0.739785	-0.6476649999999999	0.0	0.570729	-0.456743	-0.682388	0.0	-0.800637	-0.494069	-0.338934	0.0	3.1686	1.34178	1.43675	0.345146	
0	0.938334	0.0792158	0.33653299999999997	0.0	-0.332257	-0.0624772	0.941117	0.0	0.095577	-0.994898	-0.032304400000000004	0.0	-2.84749	-2.747	-1.1036299999999999	0.354569	-0.183641	0.7389979999999999	-0.648196	0.0	0.571163	-0.45645699999999995	-0.682217	0.0	-0.80003	-0.49550900000000003	-0.338264	0.0	3.16939	1.34191	1.4354200000000001	0.34520500000000004	
0	0.9298040000000001	0.0638234	0.362479	0.0	-0.360738	-0.0373708	0.931918	0.0	0.0730243	-0.9972610000000001	-0.0117241	0.0	-2.89645	-3.11997	-1.32789	0.353932	-0.184915	0.7394350000000001	-0.647335	0.0	0.57389	-0.45346899999999996	-0.681921	0.0	-0.797783	-0.497596	-0.340501	0.0	3.17481	1.3436700000000001	1.4331200000000002	0.344982	
0	0.928007	0.018969	0.37208	0.0	-0.371653	-0.0226088	0.9280959999999999	0.0	0.0260173	-0.9995639999999999	-0.013931200000000001	0.0	-2.9754400000000003	-3.40824	-1.56532	0.354077	-0.18596600000000002	0.739838	-0.646572	0.0	0.5762649999999999	-0.45086499999999996	-0.681645	0.0	-0.795824	-0.49936	-0.342498	0.0	3.18763	1.34895	1.43242	0.345225	
0	0.9295479999999999	0.01992	0.368162	0.0	-0.367392	-0.03402380000000001	0.929444	0.0	0.0310408	-0.999223	-0.0243083	0.0	-3.05862	-3.5756900000000003	-1.72725	0.363046	-0.183631	0.744771	-0.641558	0.0	0.576607	-0.44697	-0.683917	0.0	-0.796118	-0.495515	-0.34736300000000003	0.0	3.20288	1.3646399999999999	1.41866	0.345039	
0	0.925199	0.027707799999999998	0.378469	0.0	-0.377436	-0.036219699999999994	0.925327	0.0	0.0393467	-0.9989600000000001	-0.0230526	0.0	-3.06814	-3.58261	-1.74144	0.357526	-0.181506	0.7479560000000001	-0.63845	0.0	0.5788800000000001	-0.443564	-0.684214	0.0	-0.794955	-0.493775	-0.352468	0.0	3.22707	1.39375	1.4208399999999999	0.34472600000000003	
0	0.927262	-0.0026156	0.37440300000000004	0.0	-0.37393200000000004	-0.0570759	0.9256979999999999	0.0	0.0189481	-0.998366	-0.0539024	0.0	-3.05005	-3.5871699999999995	-1.72102	0.35404800000000003	-0.179704	0.751085	-0.635278	0.0	0.579946	-0.44073999999999997	-0.685136	0.0	-0.794587	-0.49154899999999996	-0.35638600000000004	0.0	3.25018	1.41022	1.40693	0.34479899999999997	
0	0.934456	0.00194265	0.356074	0.0	-0.35506	-0.0704952	0.932182	0.0	0.026912400000000003	-0.99751	-0.0651849	0.0	-3.09743	-3.6295900000000003	-1.75259	0.353756	-0.174717	0.754726	-0.632347	0.0	0.5781029999999999	-0.44124399999999997	-0.686368	0.0	-0.797039	-0.48548199999999997	-0.359216	0.0	3.25854	1.4319600000000001	1.40188	0.344735	
0	0.937116	0.0331643	0.347439	0.0	-0.34476799999999996	-0.06693610000000001	0.936299	0.0	0.054307900000000006	-0.9972059999999999	-0.051292899999999995	0.0	-3.1233	-3.6293699999999998	-1.7659099999999999	0.355342	-0.17388199999999998	0.75672	-0.6301899999999999	0.0	0.579129	-0.439004	-0.68694	0.0	-0.796477	-0.484408	-0.361904	0.0	3.26586	1.44589	1.4012	0.34463	
0	0.938435	0.060970500000000004	0.340032	0.0	-0.336485	-0.061523	0.9396770000000001	0.0	0.07821239999999999	-0.996242	-0.037219699999999994	0.0	-3.1452	-3.63026	-1.77994	0.355961	-0.172225	0.7590520000000001	-0.627837	0.0	0.579134	-0.437551	-0.687862	0.0	-0.796833	-0.48206800000000005	-0.364236	0.0	3.27663	1.45075	1.39153	0.344425	
0	0.9366909999999999	0.0941895	0.337252	0.0	-0.334758	-0.041607	0.941385	0.0	0.102701	-0.994684	-0.00744224	0.0	-3.16808	-3.6325199999999995	-1.8022099999999999	0.34028600000000003	-0.16388699999999998	0.7647689999999999	-0.623112	0.0	0.577259	-0.43786499999999995	-0.689236	0.0	-0.799946	-0.472654	-0.36971	0.0	3.2838	1.46345	1.34881	0.344482	
0	0.93245	0.11796199999999998	0.341499	0.0	-0.34580700000000003	0.0175799	0.938141	0.0	0.10466199999999999	-0.9928629999999999	0.057184500000000006	0.0	-3.15035	-3.5982300000000005	-1.9182299999999999	0.169869	-0.16062200000000001	0.766325	-0.62205	0.0	0.57872	-0.437413	-0.688297	0.0	-0.799552	-0.470549	-0.37323	0.0	3.30329	1.47427	1.32599	0.344252	
0	0.938628	0.114526	0.325363	0.0	-0.337019	0.103621	0.9357780000000001	0.0	0.07345589999999999	-0.988001	0.13585899999999998	0.0	-3.10527	-3.5883300000000005	-1.9542	0.125068	-0.160038	0.766976	-0.621398	0.0	0.579738	-0.436474	-0.688037	0.0	-0.798932	-0.47036000000000006	-0.374793	0.0	3.31834	1.4796200000000002	1.31816	0.344227	
0	0.93063	0.15268900000000002	0.33258699999999997	0.0	-0.347599	0.08453939999999999	0.933824	0.0	0.114468	-0.9846520000000001	0.13175	0.0	-3.12662	-3.5885199999999995	-1.96392	0.123922	-0.159146	0.766907	-0.621713	0.0	0.578191	-0.43804	-0.688344	0.0	-0.80023	-0.46901499999999996	-0.373707	0.0	3.3243400000000003	1.48271	1.3144	0.343842	
0	0.943154	0.248873	0.220277	0.0	-0.23058	0.0126518	0.9729709999999999	0.0	0.23936	-0.9684530000000001	0.0693177	0.0	-3.1360200000000003	-3.59723	-1.8951099999999999	0.11449100000000001	-0.157905	0.766666	-0.622326	0.0	0.57636	-0.440179	-0.6885140000000001	0.0	-0.801795	-0.467404	-0.37237	0.0	3.31585	1.48081	1.31281	0.343833	
0	0.937509	0.32164499999999996	0.132746	0.0	-0.12474500000000001	-0.0454591	0.9911469999999999	0.0	0.324832	-0.9457690000000001	-0.00249485	0.0	-2.9135400000000002	-3.49011	-1.81562	0.105678	-0.15729500000000002	0.76762	-0.6213029999999999	0.0	0.5753010000000001	-0.44013	-0.68943	0.0	-0.802675	-0.46588	-0.372383	0.0	3.29342	1.4772100000000001	1.33276	0.343746	
0	0.9202319999999999	0.37642800000000004	0.107118	0.0	-0.0836471	-0.0782041	0.9934219999999999	0.0	0.382329	-0.9231389999999999	-0.0404788	0.0	-2.88291	-3.1493599999999997	-1.73951	0.105867	-0.156433	0.767821	-0.621272	0.0	0.574206	-0.441096	-0.6897260000000001	0.0	-0.8036270000000001	-0.464635	-0.371886	0.0	3.2837199999999998	1.47848	1.33764	0.34431100000000003	
0	0.8402729999999999	0.536814	0.07597580000000001	0.0	-0.0279293	-0.09708910000000001	0.994884	0.0	0.5414439999999999	-0.838096	-0.0665885	0.0	-2.8826400000000003	-2.256	-1.56539	0.105715	-0.15648399999999998	0.767908	-0.621153	0.0	0.575817	-0.44003400000000004	-0.6890609999999999	0.0	-0.802463	-0.46549799999999997	-0.373316	0.0	3.2801099999999996	1.47946	1.3349600000000001	0.345071	
0	0.732726	0.679657	0.03432380000000001	0.0	0.0669656	-0.12220299999999999	0.990243	0.0	0.677221	-0.723279	-0.135055	0.0	-2.9593599999999998	-1.4079	-1.5338200000000002	0.105866	-0.147018	0.772324	-0.6179819999999999	0.0	0.5724859999999999	-0.443054	-0.689901	0.0	-0.8066260000000001	-0.455214	-0.37700700000000004	0.0	3.2849199999999996	1.47727	1.32074	0.34573200000000004	
0	0.642301	0.766436	0.00504005	0.0	0.129186	-0.11474000000000001	0.9849600000000001	0.0	0.755487	-0.6319899999999999	-0.17271	0.0	-3.03802	-0.967519	-1.56177	0.105923	-0.142707	0.774606	-0.616134	0.0	0.5689890000000001	-0.44515600000000005	-0.691439	0.0	-0.809868	-0.449246	-0.377215	0.0	3.2826199999999996	1.47301	1.30893	0.34647	
4	0.314305	0.942591	-0.112844	0.0	0.22557399999999997	0.041309500000000006	0.97335	0.0	0.922133	-0.331383	-0.19964	0.0	-3.25279	-0.210369	-1.7339	0.10551600000000001	-0.117119	0.771451	-0.625417	0.0	0.554079	-0.47186999999999996	-0.68581	0.0	-0.824184	-0.42685200000000006	-0.372181	0.0	3.2091	1.4327	1.29041	0.347806	
4	0.09644130000000001	0.9638459999999999	-0.248396	0.0	0.195108	0.226411	0.954291	0.0	0.976029	-0.140497	-0.166219	0.0	-3.2020299999999997	-0.16245	-1.8139	0.10568699999999999	-0.12086600000000002	0.730599	-0.672024	0.0	0.548646	-0.515023	-0.658589	0.0	-0.8272719999999999	-0.448304	-0.338591	0.0	3.1047	1.2672299999999999	1.28567	0.347883	
4	-0.0408551	0.904676	-0.42413599999999996	0.0	0.105842	0.426021	0.898501	0.0	0.9935430000000001	-0.00818315	-0.113158	0.0	-2.88299	-0.418811	-1.82883	0.105332	-0.13738399999999998	0.704375	-0.6964060000000001	0.0	0.528341	-0.542593	-0.65303	0.0	-0.837844	-0.45765500000000003	-0.297607	0.0	2.94951	1.08365	1.24684	0.34877600000000003	
4	-0.10333900000000001	0.8516610000000001	-0.513804	0.0	0.0381206	0.5195810000000001	0.85357	0.0	0.993915	0.06862069999999999	-0.0861589	0.0	-2.62472	-0.6420899999999999	-1.82338	0.105446	-0.154777	0.6779189999999999	-0.718658	0.0	0.526886	-0.5587	-0.640504	0.0	-0.835724	-0.477786	-0.27071300000000004	0.0	2.82421	0.956636	1.19812	0.349387	
4	-0.199376	0.6955680000000001	-0.690242	0.0	-0.11355499999999999	0.683239	0.721312	0.0	0.9733209999999999	0.22219299999999997	-0.0572366	0.0	-2.05196	-1.05081	-1.8078	0.104861	-0.169983	0.640899	-0.7485689999999999	0.0	0.520877	-0.586403	-0.620337	0.0	-0.8365360000000001	-0.495359	-0.234152	0.0	2.5283700000000002	0.681489	1.0351	0.349481	
4	-0.24646700000000002	0.563958	-0.788166	0.0	-0.20809	0.7634920000000001	0.611374	0.0	0.946548	0.314693	-0.0708216	0.0	-1.73832	-1.20412	-1.8249	0.105806	-0.157941	0.6467609999999999	-0.74616	0.0	0.507575	-0.594997	-0.623174	0.0	-0.847008	-0.477157	-0.234306	0.0	2.26695	0.6021880000000001	0.803396	0.34886799999999996	
4	-0.23571399999999998	0.468441	-0.8514709999999999	0.0	-0.28475900000000004	0.8044100000000001	0.5213800000000001	0.0	0.929167	0.36536	-0.0562178	0.0	-1.43559	-1.2978	-1.8438299999999999	0.105705	-0.117221	0.646935	-0.7534810000000001	0.0	0.47716400000000003	-0.628707	-0.614038	0.0	-0.8709620000000001	-0.431512	-0.234996	0.0	1.91845	0.719009	0.44294700000000004	0.34821199999999997	
4	-0.21943000000000001	0.42844799999999994	-0.876517	0.0	-0.317226	0.818263	0.479389	0.0	0.922615	0.383247	-0.0436361	0.0	-1.2984799999999999	-1.29302	-1.7866799999999998	0.10495499999999999	-0.0972909	0.669388	-0.7365149999999999	0.0	0.479954	-0.616735	-0.623925	0.0	-0.871883	-0.414195	-0.261273	0.0	1.77847	0.8669120000000001	0.280938	0.347377	
4	-0.200416	0.343006	-0.9177040000000001	0.0	-0.373911	0.839025	0.395256	0.0	0.905552	0.42235500000000004	-0.0399007	0.0	-1.12962	-1.2041600000000001	-1.67015	0.10488499999999999	-0.07319439999999999	0.7148329999999999	-0.695454	0.0	0.456355	-0.596032	-0.660671	0.0	-0.886782	-0.365731	-0.282592	0.0	1.45818	1.0373	0.0026369	0.347522	
4	-0.202021	0.31390300000000004	-0.9277139999999999	0.0	-0.38313400000000003	0.846424	0.36983	0.0	0.90133	0.43015200000000003	-0.050728699999999995	0.0	-1.1231799999999998	-1.1376899999999999	-1.6313600000000001	0.10668499999999999	-0.07233660000000001	0.723517	-0.686507	0.0	0.44901199999999997	-0.5909909999999999	-0.6701630000000001	0.0	-0.8905930000000001	-0.356727	-0.282118	0.0	1.3423	1.04136	-0.056153699999999994	0.34799800000000003	
4	-0.220752	0.263374	-0.939097	0.0	-0.399119	0.8541479999999999	0.33337	0.0	0.8899290000000001	0.448403	-0.0834373	0.0	-1.1402700000000001	-0.9501370000000001	-1.56808	0.10632899999999999	-0.0982869	0.732241	-0.673917	0.0	0.444035	-0.573778	-0.688195	0.0	-0.890602	-0.366883	-0.268746	0.0	1.08045	0.971836	-0.21779899999999996	0.347919	
4	-0.222163	0.237551	-0.945628	0.0	-0.406571	0.85895	0.311295	0.0	0.8861959999999999	0.45362399999999997	-0.09424550000000001	0.0	-1.1541700000000001	-0.8269850000000001	-1.54354	0.10475999999999999	-0.105806	0.73098	-0.674146	0.0	0.43876000000000004	-0.5740689999999999	-0.6913279999999999	0.0	-0.8923540000000001	-0.368935	-0.25998499999999997	0.0	0.992324	0.888394	-0.312289	0.348434	
4	-0.237866	0.23220100000000002	-0.943134	0.0	-0.41397700000000004	0.8541569999999999	0.314703	0.0	0.87866	0.465293	-0.107049	0.0	-1.13812	-0.742777	-1.5613	0.10356800000000001	-0.12193399999999999	0.717325	-0.685986	0.0	0.434824	-0.582683	-0.686592	0.0	-0.892222	-0.382002	-0.24086100000000002	0.0	0.939657	0.731572	-0.36601300000000003	0.34891700000000003	
4	-0.24517199999999997	0.237348	-0.9399770000000001	0.0	-0.411812	0.852253	0.32260900000000003	0.0	0.877669	0.466188	-0.111205	0.0	-1.13455	-0.690092	-1.5721399999999999	0.100874	-0.141605	0.707855	-0.6920189999999999	0.0	0.43938599999999994	-0.581485	-0.684701	0.0	-0.887067	-0.40102	-0.22868000000000002	0.0	0.9169010000000001	0.6515340000000001	-0.37557399999999996	0.349553	
4	-0.245876	0.22619099999999998	-0.942541	0.0	-0.41421199999999997	0.8546159999999999	0.313144	0.0	0.876341	0.46740699999999996	-0.11643900000000001	0.0	-1.12816	-0.5638310000000001	-1.5796299999999999	-0.00679278	-0.189726	0.692753	-0.6957720000000001	0.0	0.44316300000000003	-0.57193	-0.690292	0.0	-0.876134	-0.43930699999999995	-0.198492	0.0	0.9020370000000001	0.473717	-0.337574	0.34934699999999996	
4	-0.24110700000000002	0.228897	-0.943119	0.0	-0.415155	0.854059	0.313416	0.0	0.8772190000000001	0.46710799999999997	-0.110892	0.0	-1.13047	-0.467609	-1.53579	-0.00750542	-0.249691	0.7056180000000001	-0.663142	0.0	0.44551499999999994	-0.5243329999999999	-0.725666	0.0	-0.859751	-0.47663199999999994	-0.183442	0.0	0.913005	0.329791	-0.322231	0.34958	
4	-0.23854099999999998	0.224548	-0.944816	0.0	-0.417283	0.854808	0.30851	0.0	0.8769110000000001	0.46784799999999993	-0.110207	0.0	-1.1179700000000001	-0.4371	-1.49981	-0.00730395	-0.282159	0.7175699999999999	-0.6367729999999999	0.0	0.44548699999999997	-0.48984399999999995	-0.749396	0.0	-0.849663	-0.495123	-0.181454	0.0	0.9505950000000001	0.24058800000000002	-0.33127199999999996	0.350517	
4	-0.23568899999999998	0.222451	-0.9460270000000001	0.0	-0.418221	0.855482	0.305354	0.0	0.877236	0.467616	-0.10859400000000001	0.0	-1.1171799999999998	-0.426878	-1.47537	-0.00764942	-0.326495	0.722755	-0.609119	0.0	0.445641	-0.45060500000000003	-0.773537	0.0	-0.83355	-0.524005	-0.174969	0.0	0.9730280000000001	0.18043199999999998	-0.321498	0.35031	
4	-0.232683	0.261254	-0.9368059999999999	0.0	-0.40494	0.8497530000000001	0.33755599999999997	0.0	0.8842409999999999	0.45789399999999997	-0.0919305	0.0	-1.11827	-0.45743500000000004	-1.4157899999999999	-0.00441313	-0.381958	0.717011	-0.5830989999999999	0.0	0.44943599999999995	-0.407194	-0.79511	0.0	-0.807537	-0.565764	-0.16672	0.0	1.02321	0.0691594	-0.319789	0.34975500000000004	
4	-0.23716199999999998	0.27763499999999997	-0.930953	0.0	-0.398987	0.8459040000000001	0.353914	0.0	0.885756	0.45537299999999997	-0.08984360000000001	0.0	-1.12258	-0.505605	-1.4209200000000002	-0.00317883	-0.383477	0.715696	-0.583716	0.0	0.452734	-0.40520700000000004	-0.794254	0.0	-0.80497	-0.568846	-0.168633	0.0	1.0458100000000001	0.08083760000000001	-0.333004	0.349583	
4	-0.240081	0.315231	-0.9181450000000001	0.0	-0.381294	0.839173	0.387819	0.0	0.8927350000000001	0.443191	-0.08127369999999999	0.0	-1.19144	-0.683649	-1.47453	-4.7683699999999995e-06	-0.381563	0.722336	-0.57675	0.0	0.45272799999999996	-0.397951	-0.797917	0.0	-0.805883	-0.565567	-0.175179	0.0	1.07697	0.166765	-0.364091	0.349215	
4	-0.207448	0.464009	-0.8611969999999999	0.0	-0.276383	0.816681	0.5066	0.0	0.938391	0.343114	-0.041174699999999995	0.0	-1.2219799999999998	-0.89686	-1.4793399999999999	0.0	-0.382773	0.71824	-0.581048	0.0	0.45499700000000004	-0.40081500000000003	-0.795188	0.0	-0.804029	-0.568752	-0.173376	0.0	1.08645	0.20052799999999998	-0.379839	0.34885900000000003	
4	-0.148489	0.584883	-0.7974100000000001	0.0	-0.209608	0.769414	0.60338	0.0	0.9664450000000001	0.256739	0.0083465	0.0	-1.23195	-1.07655	-1.47675	0.0	-0.382596	0.719214	-0.579958	0.0	0.456056	-0.398903	-0.795543	0.0	-0.803513	-0.568866	-0.17538399999999998	0.0	1.10561	0.21526399999999998	-0.368132	0.348425	
4	-0.117868	0.66265	-0.739596	0.0	-0.13375	0.727407	0.673045	0.0	0.983981	0.178252	0.00289148	0.0	-1.2293100000000001	-1.1964700000000001	-1.46943	0.029182	-0.382877	0.71977	-0.579082	0.0	0.455808	-0.398042	-0.796117	0.0	-0.80352	-0.568766	-0.175676	0.0	1.1113	0.211529	-0.373582	0.348426	
4	0.00709274	0.777104	-0.629332	0.0	-0.035166199999999995	0.629153	0.776486	0.0	0.9993559999999999	0.0166238	0.0317902	0.0	-1.2279799999999998	-1.52125	-1.4509999999999998	0.36218	-0.38605	0.715389	-0.582394	0.0	0.45524	-0.401359	-0.794776	0.0	-0.802323	-0.571952	-0.170729	0.0	1.12352	0.214126	-0.356043	0.348046	
4	0.185119	0.8618319999999999	-0.472204	0.0	0.0351595	0.474393	0.879611	0.0	0.982087	-0.17943499999999998	0.0575173	0.0	-1.25486	-1.8062799999999999	-1.4351200000000002	0.360408	-0.389516	0.710036	-0.586623	0.0	0.457347	-0.40374	-0.7923560000000001	0.0	-0.7994439999999999	-0.576925	-0.16747	0.0	1.15775	0.22971	-0.312161	0.347796	
4	0.24548499999999998	0.884181	-0.397443	0.0	0.045279900000000005	0.39908299999999997	0.9157959999999999	0.0	0.968342	-0.24281	0.0579331	0.0	-1.2984200000000001	-1.97203	-1.47756	0.352869	-0.394475	0.707244	-0.5866819999999999	0.0	0.45883900000000005	-0.401564	-0.7926	0.0	-0.796151	-0.581852	-0.166104	0.0	1.17727	0.231783	-0.301235	0.34775700000000004	
4	0.389642	0.8814190000000001	-0.26698299999999997	0.0	0.0872655	0.253256	0.963455	0.0	0.9168229999999999	-0.398701	0.0217615	0.0	-1.38711	-2.42493	-1.6977200000000001	0.352702	-0.441953	0.7017479999999999	-0.558774	0.0	0.46046899999999996	-0.357105	-0.812678	0.0	-0.769835	-0.616463	-0.16530999999999998	0.0	1.22054	0.167624	-0.267123	0.347112	
4	0.41692700000000005	0.8688879999999999	-0.266842	0.0	0.0938508	0.250854	0.963465	0.0	0.9040819999999999	-0.426738	0.0230421	0.0	-1.4053799999999999	-2.57572	-1.79695	0.35326599999999997	-0.567894	0.653354	-0.500625	0.0	0.46174899999999997	-0.250618	-0.8508690000000001	0.0	-0.681385	-0.714366	-0.159361	0.0	1.29694	-0.0525516	-0.12340899999999999	0.347609	
4	0.422544	0.869035	-0.257363	0.0	0.08522560000000001	0.24460199999999999	0.9658709999999999	0.0	0.902327	-0.43005699999999997	0.029291	0.0	-1.41041	-2.6587	-1.84858	0.353407	-0.699416	0.546091	-0.46108699999999997	0.0	0.454196	-0.158504	-0.8766879999999999	0.0	-0.551836	-0.822594	-0.13717200000000002	0.0	1.49841	-0.5739310000000001	-0.0473944	0.34631	
4	0.419232	0.870151	-0.25900100000000004	0.0	0.0918242	0.24317800000000003	0.965626	0.0	0.903224	-0.428604	0.0220473	0.0	-1.41326	-2.66601	-1.86627	0.353445	-0.704267	0.536273	-0.46520900000000004	0.0	0.447403	-0.17352	-0.877338	0.0	-0.551216	-0.826016	-0.117726	0.0	1.6953	-0.887768	-0.110826	0.34666399999999997	
4	0.420782	0.871768	-0.250927	0.0	0.0826543	0.23861300000000002	0.967591	0.0	0.9033889999999999	-0.427885	0.028348599999999998	0.0	-1.4104	-2.6826	-1.8765	0.353573	-0.61782	0.627699	-0.473596	0.0	0.422308	-0.243182	-0.873223	0.0	-0.663291	-0.739498	-0.11484000000000001	0.0	1.8969200000000002	-1.0932	-0.225352	0.35831199999999996	
