0	-0.0797097	0.316904	-0.945102	0.0	-0.357668	0.875892	0.323863	0.0	0.930441	0.363848	0.0435296	0.0	-2.77315	1.94452	1.3776	0.027279900000000003	-0.593133	0.516197	-0.617846	0.0	0.751862	0.08070160000000001	-0.654363	0.0	-0.287919	-0.8526590000000001	-0.43597600000000003	0.0	2.66032	2.0	1.53809	0.0	
0	-0.0782432	0.33919099999999996	-0.937458	0.0	-0.35834499999999997	0.867925	0.343941	0.0	0.9303049999999999	0.362844	0.053638	0.0	-2.7778	1.92198	1.35722	0.0525789	-0.593133	0.516197	-0.617847	0.0	0.751889	0.08078189999999999	-0.6543220000000001	0.0	-0.287848	-0.8526520000000001	-0.43603800000000004	0.0	2.66032	2.0	1.53809	0.0	
0	-0.0686604	0.322554	-0.944058	0.0	-0.370739	0.870274	0.324308	0.0	0.9261959999999999	0.372266	0.059829999999999994	0.0	-2.72783	1.9390900000000002	1.39786	0.08913560000000001	-0.593133	0.516197	-0.617846	0.0	0.7519279999999999	0.08089600000000001	-0.6542640000000001	0.0	-0.287748	-0.852641	-0.436125	0.0	2.66032	2.0	1.53809	0.0	
0	-0.0554997	0.29393400000000003	-0.9542129999999999	0.0	-0.374788	0.8796700000000001	0.29277	0.0	0.9254479999999999	0.373877	0.061341599999999996	0.0	-2.6993099999999997	1.9478900000000001	1.48356	0.0592644	-0.593133	0.516197	-0.617847	0.0	0.751963	0.0810001	-0.6542100000000001	0.0	-0.28765599999999997	-0.8526309999999999	-0.436205	0.0	2.66032	2.0	1.53809	0.0	
0	-0.035417699999999996	0.31352399999999997	-0.9489200000000001	0.0	-0.36659200000000003	0.87925	0.304188	0.0	0.929707	0.35864	0.08379439999999999	0.0	-2.72715	1.9194900000000001	1.5156399999999999	-0.011709200000000001	-0.593133	0.516197	-0.617846	0.0	0.751996	0.0811002	-0.654159	0.0	-0.287568	-0.852621	-0.43628199999999995	0.0	2.66032	2.0	1.53809	0.0	
0	-0.0527112	0.356571	-0.9327799999999999	0.0	-0.371843	0.859899	0.349723	0.0	0.926798	0.365282	0.08726189999999999	0.0	-2.7338299999999998	1.92652	1.5085	-0.0135388	-0.593133	0.516197	-0.617847	0.0	0.752042	0.08123480000000001	-0.65409	0.0	-0.28744899999999995	-0.8526090000000001	-0.436385	0.0	2.66032	2.0	1.53809	0.0	
0	-0.0937717	0.405042	-0.9094770000000001	0.0	-0.36999099999999996	0.833901	0.409532	0.0	0.924291	0.3749	0.0716654	0.0	-2.71712	1.97202	1.5208899999999999	0.167259	-0.593133	0.516197	-0.617847	0.0	0.752078	0.08134	-0.654036	0.0	-0.287356	-0.852599	-0.43646599999999997	0.0	2.66032	2.0	1.53809	0.0	
0	-0.00992383	0.538966	-0.842269	0.0	-0.36750700000000003	0.781395	0.504342	0.0	0.929968	0.314544	0.19031900000000002	0.0	-2.61918	1.83654	1.7361799999999998	0.0146043	0.130603	0.46457200000000004	-0.8758520000000001	0.0	0.049647500000000004	-0.885375	-0.46221999999999996	0.0	-0.9901909999999999	0.0168837	-0.138698	0.0	2.63237	1.94625	1.55818	0.00618026	
0	-0.0716178	0.615524	-0.7848569999999999	0.0	-0.34825900000000004	0.721924	0.597947	0.0	0.934659	0.316158	0.162659	0.0	-2.74658	1.6927	1.7432400000000001	-0.00837302	0.23366599999999998	0.477325	-0.84709	0.0	-0.12068800000000002	-0.850232	-0.512387	0.0	-0.9647979999999999	0.22196100000000002	-0.14106300000000002	0.0	2.65665	1.71028	1.65917	0.0981905	
0	-0.057060599999999996	0.588411	-0.806546	0.0	-0.25853899999999996	0.771595	0.5812039999999999	0.0	0.9643139999999999	0.24168800000000001	0.1081	0.0	-2.82721	1.6086	1.74472	0.013441499999999999	0.155183	0.438068	-0.885446	0.0	0.00606731	-0.89671	-0.44257700000000005	0.0	-0.987867	0.0633082	-0.141812	0.0	2.57916	1.54359	1.73479	0.0980265	
0	-0.07751060000000001	0.370359	-0.9256489999999999	0.0	-0.174871	0.908999	0.378341	0.0	0.9815360000000001	0.191195	-0.00569177	0.0	-2.7757099999999997	1.60396	1.61532	0.283661	0.16433699999999998	0.290186	-0.9427549999999999	0.0	0.0952111	-0.955953	-0.27765100000000004	0.0	-0.981799	-0.044132199999999996	-0.184728	0.0	2.5097400000000003	1.4760799999999998	1.68658	0.25640100000000005	
0	-0.0973876	0.264381	-0.9594889999999999	0.0	-0.117448	0.954282	0.27486700000000003	0.0	0.9882920000000001	0.139458	-0.061884400000000006	0.0	-2.78336	1.5902100000000001	1.47252	0.277149	0.20519	0.269669	-0.940838	0.0	0.140236	-0.9594739999999999	-0.24442600000000003	0.0	-0.968623	-0.0817854	-0.234692	0.0	2.47255	1.45072	1.53778	0.175066	
0	-0.12522	0.202231	-0.9713	0.0	-0.183368	0.957421	0.22298099999999998	0.0	0.975037	0.206027	-0.08280549999999999	0.0	-2.84348	1.65275	1.29586	0.27234400000000003	0.200621	0.35618	-0.912626	0.0	0.139016	-0.9324899999999999	-0.333373	0.0	-0.969756	-0.0599878	-0.236592	0.0	2.50243	1.37552	1.4305299999999999	0.06922719999999999	
0	-0.121629	0.214628	-0.969093	0.0	-0.21320999999999998	0.947902	0.23669400000000002	0.0	0.969406	0.235409	-0.0695314	0.0	-2.90518	1.6893099999999999	1.24052	0.26976	0.186605	0.407816	-0.8937930000000001	0.0	0.148547	-0.911026	-0.38466500000000003	0.0	-0.97114	-0.060989499999999995	-0.230582	0.0	2.5871299999999997	1.29646	1.37781	0.00350458	
0	-0.148069	0.185346	-0.971454	0.0	-0.315946	0.921942	0.224056	0.0	0.9371520000000001	0.34010300000000004	-0.07795210000000001	0.0	-2.90115	1.7800900000000002	1.14246	0.308805	0.18284	0.42427299999999996	-0.886883	0.0	0.126575	-0.904742	-0.406721	0.0	-0.9749610000000001	-0.0378926	-0.219125	0.0	2.69102	1.25443	1.34981	0.0	
0	-0.208137	0.193333	-0.958802	0.0	-0.39613899999999996	0.879611	0.263359	0.0	0.8942889999999999	0.434633	-0.106493	0.0	-2.86268	1.97691	1.0343	0.310879	0.24561	0.514379	-0.8216389999999999	0.0	0.08105069999999999	-0.8555309999999999	-0.511369	0.0	-0.965974	0.0590028	-0.251818	0.0	2.79242	1.28952	1.25111	0.0	
0	-0.280952	0.18191500000000002	-0.9423229999999999	0.0	-0.41028000000000003	0.8648610000000001	0.289285	0.0	0.867604	0.467891	-0.168348	0.0	-2.88214	2.1462	0.907493	0.300306	0.31764000000000003	0.552194	-0.770835	0.0	0.0649423	-0.8236959999999999	-0.563301	0.0	-0.9459850000000001	0.128867	-0.29749899999999996	0.0	2.92595	1.3956600000000001	1.09008	0.0	
0	-0.311517	0.168531	-0.935176	0.0	-0.41640600000000005	0.860411	0.293767	0.0	0.854145	0.480926	-0.197855	0.0	-2.93059	2.23774	0.838335	0.2944	0.408083	0.415522	-0.812902	0.0	-0.07475839999999999	-0.872218	-0.483372	0.0	-0.9098790000000001	0.258027	-0.324874	0.0	3.08324	1.56217	0.93116	0.0	
0	-0.343541	0.139717	-0.928687	0.0	-0.432626	0.8541540000000001	0.288541	0.0	0.8335549999999999	0.5009	-0.23299099999999998	0.0	-2.93489	2.28618	0.757736	0.284985	0.45538599999999996	0.31543499999999997	-0.832541	0.0	-0.198121	-0.875777	-0.44018500000000005	0.0	-0.86797	0.365398	-0.336323	0.0	3.10881	1.7524099999999998	0.8159770000000001	0.0	
0	-0.328032	0.23703600000000002	-0.9144450000000001	0.0	-0.385069	0.8503850000000001	0.358563	0.0	0.8626219999999999	0.46974399999999994	-0.18767899999999998	0.0	-2.93982	2.25178	0.797311	0.161442	0.58853	0.35586999999999996	-0.7259399999999999	0.0	-0.14946099999999998	-0.8345450000000001	-0.53028	0.0	-0.7945399999999999	0.42058500000000004	-0.43796599999999997	0.0	3.11633	2.09412	0.609982	0.32500999999999997	
0	-0.326388	0.410033	-0.851672	0.0	-0.31145900000000004	0.804045	0.506464	0.0	0.8924489999999999	0.43056400000000006	-0.134723	0.0	-3.04219	2.16131	0.997426	-0.011623399999999999	0.5792430000000001	0.24460700000000002	-0.7775890000000001	0.0	-0.287554	-0.831277	-0.47570200000000007	0.0	-0.7627520000000001	0.499146	-0.411174	0.0	2.97267	2.31217	0.505867	0.314895	
0	-0.368258	0.48498100000000005	-0.793208	0.0	-0.274947	0.758196	0.591222	0.0	0.8881379999999999	0.435813	-0.145868	0.0	-3.0895900000000003	2.16853	1.0428	-0.0113277	0.55582	0.184702	-0.810524	0.0	-0.36554200000000003	-0.821382	-0.43784799999999996	0.0	-0.746621	0.5396449999999999	-0.389024	0.0	2.92742	2.48198	0.527698	0.300014	
0	-0.406966	0.47133	-0.78245	0.0	-0.266075	0.7582800000000001	0.5951609999999999	0.0	0.873833	0.4504	-0.183185	0.0	-3.09953	2.1954700000000003	0.9778040000000001	-0.0113182	0.573627	0.233177	-0.785227	0.0	-0.336785	-0.806711	-0.48558599999999996	0.0	-0.746678	0.542998	-0.38422	0.0	2.90065	2.59521	0.5775680000000001	0.293628	
0	-0.408853	0.45750100000000005	-0.789641	0.0	-0.273436	0.7641	0.58428	0.0	0.870674	0.454801	-0.187308	0.0	-3.0769	2.24131	0.9678979999999999	-0.011918799999999998	0.533433	0.285946	-0.7960430000000001	0.0	-0.321934	-0.801656	-0.503692	0.0	-0.782181	0.5249590000000001	-0.335574	0.0	2.8997900000000003	2.57143	0.653788	0.297567	
0	-0.351017	0.426246	-0.833728	0.0	-0.31002399999999997	0.787261	0.5330159999999999	0.0	0.8835569999999999	0.44557299999999994	-0.14419500000000002	0.0	-3.01494	2.25981	1.0591899999999999	-0.014630100000000002	0.47253500000000004	0.31207199999999996	-0.82421	0.0	-0.31845	-0.811561	-0.489856	0.0	-0.821767	0.493943	-0.284111	0.0	2.89047	2.48948	0.757961	0.30389	
0	-0.332421	0.360718	-0.871424	0.0	-0.336432	0.817829	0.466871	0.0	0.881085	0.44837200000000005	-0.150506	0.0	-2.9712	2.26235	1.09134	-0.0151336	0.46581999999999996	0.318869	-0.8254299999999999	0.0	-0.30349	-0.818665	-0.487526	0.0	-0.8312069999999999	0.477609	-0.284577	0.0	2.88217	2.4302900000000003	0.843814	0.29678499999999997	
0	-0.314679	0.22033000000000003	-0.923273	0.0	-0.387468	0.858139	0.336847	0.0	0.8665139999999999	0.463737	-0.184667	0.0	-2.95218	2.3348	1.07334	-0.0126123	0.45644700000000005	0.356822	-0.815067	0.0	-0.265243	-0.8198409999999999	-0.507451	0.0	-0.849295	0.44781499999999996	-0.27957	0.0	2.8911599999999997	2.34682	0.8769319999999999	0.300592	
0	-0.349609	0.144713	-0.925652	0.0	-0.417813	0.860232	0.29228899999999997	0.0	0.8385739999999999	0.488937	-0.24028200000000002	0.0	-2.94941	2.49125	0.979497	-0.011426	0.436197	0.379631	-0.815851	0.0	-0.238107	-0.825641	-0.511491	0.0	-0.867777	0.41736999999999996	-0.26975	0.0	2.89941	2.28775	0.915582	0.312565	
0	-0.397403	0.252256	-0.8822909999999999	0.0	-0.37238000000000004	0.83442	0.40629699999999996	0.0	0.838692	0.490011	-0.237666	0.0	-3.03925	2.6090299999999997	0.8682280000000001	0.203012	0.358979	0.43665	-0.824907	0.0	-0.145965	-0.846678	-0.511694	0.0	-0.9218620000000001	0.30409400000000003	-0.240204	0.0	2.88124	2.14947	1.01975	0.34276599999999996	
0	-0.0998878	0.567595	-0.817226	0.0	-0.09029880000000001	0.812773	0.575539	0.0	0.990893	0.13128399999999998	-0.029933099999999997	0.0	-3.1000099999999997	2.2645	1.2175	0.337343	0.233449	0.511049	-0.8272430000000001	0.0	-0.042068	-0.8446450000000001	-0.533671	0.0	-0.971459	0.159386	-0.175683	0.0	2.81201	1.9337799999999998	1.21052	0.35034	
0	0.347963	0.731887	-0.585886	0.0	0.173215	0.563991	0.8074100000000001	0.0	0.921367	-0.38243299999999997	0.069474	0.0	-3.21107	1.7904400000000003	1.6528900000000002	0.363622	0.0987902	0.583012	-0.806435	0.0	0.11311600000000001	-0.8117260000000001	-0.57298	0.0	-0.988658	-0.0346162	-0.14613900000000002	0.0	2.77884	1.72793	1.42074	0.353043	
0	0.741697	0.6025590000000001	-0.294631	0.0	0.22454899999999997	0.190851	0.955591	0.0	0.632031	-0.774918	0.00624961	0.0	-3.5634699999999997	1.33325	1.81866	0.363993	-0.0872181	0.646416	-0.757984	0.0	0.334845	-0.6975899999999999	-0.633441	0.0	-0.9382280000000001	-0.309054	-0.155607	0.0	2.78085	1.43044	1.63137	0.355383	
0	0.8576309999999999	0.510279	-0.06390900000000001	0.0	0.062217499999999995	0.0204047	0.9978540000000001	0.0	0.510488	-0.8597670000000001	-0.014248599999999998	0.0	-3.7919	1.07781	1.82939	0.363982	-0.20701999999999998	0.6651199999999999	-0.717467	0.0	0.470391	-0.575354	-0.669104	0.0	-0.8578309999999999	-0.476008	-0.19375699999999998	0.0	2.95777	1.08179	1.7074	0.356338	
0	0.8885049999999999	0.44519899999999996	0.111159	0.0	-0.07151039999999999	-0.104946	0.9919030000000001	0.0	0.45326000000000005	-0.8892610000000001	-0.061409000000000005	0.0	-3.7744400000000002	0.80643	1.7237799999999999	0.364032	-0.23687399999999997	0.681271	-0.6926479999999999	0.0	0.529446	-0.507255	-0.6799850000000001	0.0	-0.814603	-0.52779	-0.24054099999999998	0.0	3.18561	0.953284	1.6234600000000001	0.356744	
0	0.914659	0.339071	0.22006599999999998	0.0	-0.177317	-0.152687	0.9722370000000001	0.0	0.363259	-0.9282879999999999	-0.079533	0.0	-3.7376699999999996	0.37242800000000004	1.5016	0.363967	-0.21776900000000002	0.689947	-0.690326	0.0	0.573912	-0.481574	-0.662354	0.0	-0.789432	-0.5404260000000001	-0.291097	0.0	3.34881	0.960865	1.50614	0.357096	
0	0.914898	0.297983	0.272338	0.0	-0.206627	-0.233884	0.9500549999999999	0.0	0.34679499999999996	-0.9254760000000001	-0.152409	0.0	-3.72165	0.10966400000000001	1.17766	0.363969	-0.219737	0.690915	-0.688733	0.0	0.5725359999999999	-0.480288	-0.664475	0.0	-0.7898850000000001	-0.540334	-0.290036	0.0	3.4161	0.9644739999999999	1.43782	0.356757	
0	0.902256	0.329235	0.278456	0.0	-0.206704	-0.236498	0.94939	0.0	0.378427	-0.9141520000000001	-0.145327	0.0	-3.6444	-0.012032600000000001	0.9193209999999999	0.363064	-0.230516	0.6972109999999999	-0.6787920000000001	0.0	0.589874	-0.45466999999999996	-0.667326	0.0	-0.773894	-0.554231	-0.306458	0.0	3.41486	0.958823	1.4190200000000002	0.356998	
0	0.904684	0.30078699999999997	0.30178499999999997	0.0	-0.21382800000000002	-0.292125	0.93217	0.0	0.368544	-0.907849	-0.199964	0.0	-3.5151199999999996	0.0314348	0.774814	0.360429	-0.245506	0.697535	-0.67318	0.0	0.592197	-0.441875	-0.673833	0.0	-0.767483	-0.5640850000000001	-0.304595	0.0	3.40225	0.941709	1.44529	0.35785300000000003	
0	0.9158440000000001	0.279852	0.28794699999999995	0.0	-0.19942000000000001	-0.30541399999999996	0.931104	0.0	0.348514	-0.910168	-0.223904	0.0	-3.4966800000000005	-0.10776300000000001	0.6120329999999999	0.361048	-0.259349	0.700453	-0.664909	0.0	0.595641	-0.42592700000000006	-0.681027	0.0	-0.760231	-0.57267	-0.306755	0.0	3.39171	0.936759	1.4536	0.357327	
0	0.904198	0.290112	0.31346599999999997	0.0	-0.219457	-0.31406100000000003	0.923691	0.0	0.366421	-0.903992	-0.220306	0.0	-3.4356699999999996	-0.251413	0.545219	0.360953	-0.273579	0.7000689999999999	-0.659589	0.0	0.599396	-0.41223000000000004	-0.686142	0.0	-0.752249	-0.583069	-0.306841	0.0	3.37552	0.9245690000000001	1.45658	0.357426	
0	0.9019530000000001	0.293254	0.316992	0.0	-0.225514	-0.306147	0.9248879999999999	0.0	0.368273	-0.905691	-0.209997	0.0	-3.34197	-0.316805	0.487907	0.361036	-0.27813000000000004	0.699113	-0.6587	0.0	0.60048	-0.40869	-0.687311	0.0	-0.749711	-0.5866979999999999	-0.306135	0.0	3.3477	0.937024	1.45341	0.357371	
0	0.902694	0.294302	0.313895	0.0	-0.22308899999999998	-0.303687	0.926286	0.0	0.367933	-0.9061790000000001	-0.208481	0.0	-3.3323699999999996	-0.321648	0.467679	0.360116	-0.28739000000000003	0.697437	-0.656497	0.0	0.606865	-0.39769099999999996	-0.688154	0.0	-0.741027	-0.596174	-0.308958	0.0	3.3447199999999997	0.942716	1.47228	0.357495	
0	0.8986430000000001	0.30249299999999996	0.317709	0.0	-0.223163	-0.308292	0.924746	0.0	0.377676	-0.901917	-0.20953899999999998	0.0	-3.34482	-0.321114	0.457607	0.359553	-0.293827	0.697397	-0.6536850000000001	0.0	0.611646	-0.388354	-0.689254	0.0	-0.734544	-0.602345	-0.31245100000000003	0.0	3.3746	0.944515	1.4661899999999999	0.35728499999999996	
0	0.896013	0.30649699999999996	0.32128	0.0	-0.223345	-0.314265	0.922689	0.0	0.383769	-0.8984969999999999	-0.213131	0.0	-3.35342	-0.318797	0.45953599999999994	0.358593	-0.299408	0.695733	-0.652925	0.0	0.618275	-0.379729	-0.688144	0.0	-0.726699	-0.6097229999999999	-0.31645999999999996	0.0	3.41295	0.951757	1.45275	0.357348	
0	0.896019	0.30656100000000003	0.321202	0.0	-0.22324899999999998	-0.314265	0.9227120000000001	0.0	0.38381	-0.898475	-0.213148	0.0	-3.3527	-0.318715	0.459532	0.358632	-0.299237	0.695713	-0.6530239999999999	0.0	0.618031	-0.380106	-0.6881550000000001	0.0	-0.7269770000000001	-0.6095109999999999	-0.31623	0.0	3.4119800000000002	0.9512649999999999	1.45367	0.357342	
0	0.89602	0.306564	0.32119699999999995	0.0	-0.22324499999999997	-0.314261	0.9227139999999999	0.0	0.38381	-0.898476	-0.21314499999999997	0.0	-3.3527099999999996	-0.31871900000000003	0.45953999999999995	0.358633	-0.299234	0.695713	-0.653026	0.0	0.618027	-0.380112	-0.6881550000000001	0.0	-0.726981	-0.609507	-0.316227	0.0	3.41192	0.951257	1.4536799999999999	0.357342	
0	0.89602	0.306564	0.32119699999999995	0.0	-0.22324499999999997	-0.314261	0.922715	0.0	0.38381	-0.898476	-0.21314499999999997	0.0	-3.3527099999999996	-0.31871900000000003	0.45953999999999995	0.358633	-0.299234	0.695713	-0.653026	0.0	0.618027	-0.380112	-0.6881550000000001	0.0	-0.726981	-0.609507	-0.316227	0.0	3.41192	0.951257	1.4536799999999999	0.357342	
0	0.89602	0.306564	0.32119699999999995	0.0	-0.22324499999999997	-0.314261	0.922715	0.0	0.38381	-0.898476	-0.21314499999999997	0.0	-3.3527099999999996	-0.31871900000000003	0.45953999999999995	0.358633	-0.299234	0.695713	-0.653026	0.0	0.618027	-0.380112	-0.6881550000000001	0.0	-0.726981	-0.609507	-0.316227	0.0	3.41192	0.951256	1.4536799999999999	0.357342	
0	0.89602	0.306564	0.32119699999999995	0.0	-0.22324499999999997	-0.314261	0.922715	0.0	0.38381	-0.898476	-0.21314499999999997	0.0	-3.3527099999999996	-0.31871900000000003	0.45953999999999995	0.358633	-0.299234	0.695713	-0.653026	0.0	0.618028	-0.380112	-0.6881550000000001	0.0	-0.726981	-0.609507	-0.316227	0.0	3.41192	0.951257	1.4536799999999999	0.357342	
0	0.89602	0.306564	0.32119699999999995	0.0	-0.22324499999999997	-0.314261	0.922715	0.0	0.38381	-0.898476	-0.21314499999999997	0.0	-3.3527099999999996	-0.31871900000000003	0.45953999999999995	0.358633	-0.299234	0.695713	-0.653026	0.0	0.618027	-0.380112	-0.6881550000000001	0.0	-0.726981	-0.609507	-0.316227	0.0	3.41192	0.951257	1.4536799999999999	0.357342	
0	0.89602	0.306564	0.32119699999999995	0.0	-0.22324499999999997	-0.314261	0.922715	0.0	0.38381	-0.898476	-0.21314499999999997	0.0	-3.3527099999999996	-0.318718	0.45953999999999995	0.358633	-0.299234	0.695713	-0.653026	0.0	0.618027	-0.380112	-0.6881550000000001	0.0	-0.726981	-0.609507	-0.316227	0.0	3.41192	0.951256	1.4536799999999999	0.357342	
0	0.89602	0.306564	0.32119699999999995	0.0	-0.22324499999999997	-0.314261	0.922715	0.0	0.38381	-0.898476	-0.21314499999999997	0.0	-3.3527099999999996	-0.318718	0.45953999999999995	0.358633	-0.299234	0.695713	-0.653026	0.0	0.618027	-0.380112	-0.6881550000000001	0.0	-0.726981	-0.609507	-0.316227	0.0	3.41192	0.951257	1.4536799999999999	0.357342	
0	0.89602	0.306564	0.32119699999999995	0.0	-0.22324499999999997	-0.314261	0.922715	0.0	0.38381	-0.898476	-0.21314499999999997	0.0	-3.3527099999999996	-0.318718	0.45953999999999995	0.358633	-0.299234	0.695713	-0.653026	0.0	0.618027	-0.380112	-0.6881550000000001	0.0	-0.726981	-0.609507	-0.316227	0.0	3.41192	0.951257	1.4536799999999999	0.357342	
0	0.89602	0.306564	0.32119699999999995	0.0	-0.22324499999999997	-0.314261	0.922715	0.0	0.38381	-0.898476	-0.21314499999999997	0.0	-3.3527099999999996	-0.31871900000000003	0.45953999999999995	0.358633	-0.299234	0.695713	-0.653026	0.0	0.618028	-0.380112	-0.6881550000000001	0.0	-0.726981	-0.609507	-0.316227	0.0	3.41192	0.951257	1.4536799999999999	0.357342	
0	0.89602	0.306564	0.32119699999999995	0.0	-0.22324499999999997	-0.314261	0.922715	0.0	0.38381	-0.898476	-0.21314499999999997	0.0	-3.3527099999999996	-0.318718	0.45953999999999995	0.358633	-0.299234	0.695713	-0.653026	0.0	0.618028	-0.380112	-0.6881550000000001	0.0	-0.726981	-0.609507	-0.316227	0.0	3.41192	0.951257	1.4536799999999999	0.357342	
0	0.89602	0.306564	0.32119699999999995	0.0	-0.22324499999999997	-0.314261	0.922715	0.0	0.38381	-0.898476	-0.21314499999999997	0.0	-3.3527099999999996	-0.318718	0.45953999999999995	0.358633	-0.299234	0.695713	-0.653026	0.0	0.618027	-0.380112	-0.6881550000000001	0.0	-0.726981	-0.609507	-0.316227	0.0	3.41192	0.951256	1.4536799999999999	0.357342	
0	0.807764	0.5360779999999999	0.245231	0.0	-0.060658800000000006	-0.338202	0.939117	0.0	0.586377	-0.77346	-0.24067	0.0	-3.30211	-0.330467	0.41016400000000003	0.35651	-0.363066	0.7183189999999999	-0.5934649999999999	0.0	0.6516890000000001	-0.25945799999999997	-0.71273	0.0	-0.6659470000000001	-0.645522	-0.37392	0.0	3.3534699999999997	0.954828	1.4862799999999998	0.35768099999999997	
0	0.795571	0.542814	0.269108	0.0	-0.0728934	-0.355191	0.931947	0.0	0.601459	-0.761047	-0.243013	0.0	-3.25477	-0.365127	0.39681500000000003	0.35685100000000003	-0.360678	0.716745	-0.596815	0.0	0.649803	-0.265928	-0.712067	0.0	-0.66908	-0.6446390000000001	-0.369829	0.0	3.34723	0.957799	1.49394	0.357982	
0	0.814126	0.46984499999999996	0.34124099999999996	0.0	-0.16105	-0.381904	0.910062	0.0	0.557909	-0.795862	-0.23524899999999999	0.0	-3.17941	-0.52165	0.23948699999999998	0.355714	-0.367643	0.71807	-0.590943	0.0	0.650781	-0.255278	-0.715065	0.0	-0.664321	-0.647463	-0.37345500000000004	0.0	3.3465199999999995	0.958849	1.50512	0.358025	
0	0.8544219999999999	0.370191	0.364586	0.0	-0.22383699999999998	-0.37098400000000004	0.901259	0.0	0.468893	-0.851663	-0.23411500000000002	0.0	-3.1221200000000002	-0.83581	0.0330374	0.356041	-0.374729	0.719734	-0.584432	0.0	0.651292	-0.24428000000000002	-0.718433	0.0	-0.659846	-0.649854	-0.377219	0.0	3.3676699999999995	0.9537200000000001	1.4952299999999998	0.357831	
0	0.867025	0.257996	0.42626899999999995	0.0	-0.327872	-0.348779	0.877983	0.0	0.375189	-0.9009950000000001	-0.217811	0.0	-3.04882	-1.34194	-0.349607	0.356493	-0.388196	0.720947	-0.574056	0.0	0.651388	-0.225991	-0.724308	0.0	-0.6519189999999999	-0.6551060000000001	-0.381888	0.0	3.3649	0.938775	1.47875	0.357951	
0	0.866142	0.217178	0.450147	0.0	-0.368663	-0.330519	0.868818	0.0	0.33747	-0.918472	-0.206211	0.0	-3.02595	-1.6014700000000002	-0.598112	0.35720799999999997	-0.393315	0.720384	-0.571271	0.0	0.651087	-0.220466	-0.726279	0.0	-0.649145	-0.6576029999999999	-0.38232	0.0	3.36384	0.930082	1.48366	0.358006	
0	0.87198	0.153369	0.464896	0.0	-0.42265600000000003	-0.24330900000000003	0.87302	0.0	0.247008	-0.9577469999999999	-0.14733800000000002	0.0	-2.9952099999999997	-2.17875	-0.985576	0.356458	-0.39716399999999996	0.720811	-0.5680609999999999	0.0	0.651047	-0.214971	-0.72796	0.0	-0.646838	-0.658953	-0.383903	0.0	3.3755699999999997	0.9233120000000001	1.4840200000000001	0.357942	
0	0.8560610000000001	0.148143	0.49518900000000005	0.0	-0.465526	-0.19531500000000002	0.8632129999999999	0.0	0.224597	-0.9694870000000001	-0.098237	0.0	-2.89054	-2.50617	-1.14527	0.358592	-0.398391	0.720727	-0.567307	0.0	0.652737	-0.21174400000000002	-0.727392	0.0	-0.644375	-0.660089	-0.38608899999999996	0.0	3.38559	0.9235180000000001	1.47691	0.357973	
0	0.852936	0.128392	0.50598	0.0	-0.484976	-0.163702	0.8590690000000001	0.0	0.193127	-0.9781190000000001	-0.0773604	0.0	-2.83757	-2.65307	-1.23041	0.357503	-0.398486	0.720616	-0.56738	0.0	0.6520600000000001	-0.212454	-0.727792	0.0	-0.645001	-0.659981	-0.385225	0.0	3.3917300000000004	0.923004	1.47339	0.357885	
0	0.845864	0.0852807	0.526537	0.0	-0.521795	-0.0724838	0.849986	0.0	0.110653	-0.993717	-0.0168124	0.0	-2.7831599999999996	-2.9636400000000003	-1.36293	0.35615399999999997	-0.40211199999999997	0.718784	-0.5671470000000001	0.0	0.6519119999999999	-0.21017800000000003	-0.728585	0.0	-0.642897	-0.6627029999999999	-0.384069	0.0	3.3889099999999996	0.926585	1.47491	0.35802	
0	0.851799	0.07317560000000001	0.518733	0.0	-0.514695	-0.0675998	0.8547040000000001	0.0	0.0976097	-0.9950260000000001	-0.0199183	0.0	-2.74969	-3.22342	-1.52168	0.363994	-0.405975	0.717255	-0.56633	0.0	0.652987	-0.20588499999999998	-0.7288479999999999	0.0	-0.639369	-0.6657	-0.384774	0.0	3.38715	0.9291889999999999	1.47833	0.358012	
0	0.8409969999999999	0.07827039999999999	0.5353479999999999	0.0	-0.53008	-0.0789421	0.8442649999999999	0.0	0.10834200000000001	-0.9938020000000001	-0.0249005	0.0	-2.69752	-3.2905699999999998	-1.57949	0.36396999999999996	-0.40749	0.7170810000000001	-0.565462	0.0	0.653799	-0.203226	-0.728866	0.0	-0.637572	-0.666705	-0.38601399999999997	0.0	3.39351	0.9310370000000001	1.45939	0.35794000000000004	
0	0.845302	0.0355105	0.533107	0.0	-0.528259	-0.0939395	0.8438709999999999	0.0	0.0800461	-0.9949450000000001	-0.0606485	0.0	-2.65992	-3.3350800000000005	-1.7012200000000002	0.363989	-0.407356	0.716094	-0.566807	0.0	0.6551060000000001	-0.203307	-0.7276699999999999	0.0	-0.636316	-0.6677390000000001	-0.386299	0.0	3.39972	0.935874	1.43949	0.357831	
0	0.8497809999999999	0.017640799999999998	0.526841	0.0	-0.521614	-0.11614300000000001	0.84524	0.0	0.0760996	-0.9930760000000001	-0.0894945	0.0	-2.6714900000000004	-3.3835800000000003	-1.75252	0.36388200000000004	-0.407704	0.7157899999999999	-0.566941	0.0	0.655145	-0.20318699999999998	-0.727667	0.0	-0.6360520000000001	-0.6681010000000001	-0.38610700000000003	0.0	3.4020099999999998	0.9417049999999999	1.4337799999999998	0.357983	
0	0.8586950000000001	-0.00171769	0.512484	0.0	-0.5042	-0.18194100000000002	0.8442040000000001	0.0	0.0917916	-0.983308	-0.15709800000000002	0.0	-2.68087	-3.44915	-1.74574	0.363684	-0.40878600000000004	0.714129	-0.5682550000000001	0.0	0.655276	-0.203719	-0.7274010000000001	0.0	-0.635223	-0.669715	-0.384673	0.0	3.39753	0.949406	1.4412399999999999	0.358028	
0	0.8722559999999999	-0.00418481	0.48903199999999997	0.0	-0.48726	-0.0929191	0.8683	0.0	0.041806699999999995	-0.9956649999999999	-0.08308839999999999	0.0	-2.67473	-3.4679599999999997	-1.7373	0.369778	-0.41075100000000003	0.713935	-0.56708	0.0	0.6556810000000001	-0.200877	-0.727826	0.0	-0.633534	-0.670779	-0.385604	0.0	3.3949800000000003	0.9776600000000001	1.46075	0.358011	
0	0.8839299999999999	-0.0121367	0.46746099999999996	0.0	-0.466621	-0.0881578	0.8800530000000001	0.0	0.030529400000000005	-0.996033	-0.0835885	0.0	-2.65634	-3.47289	-1.7349900000000003	0.369026	-0.412621	0.7165159999999999	-0.562449	0.0	0.6545350000000001	-0.196206	-0.730129	0.0	-0.633505	-0.669409	-0.38802600000000004	0.0	3.4045900000000002	1.00106	1.45359	0.357964	
0	0.897408	-0.00880951	0.441114	0.0	-0.440284	-0.0823274	0.894076	0.0	0.0284394	-0.996566	-0.07775989999999999	0.0	-2.6458	-3.48792	-1.7330400000000001	0.372006	-0.41463599999999995	0.7174229999999999	-0.559805	0.0	0.654249	-0.192553	-0.7313569999999999	0.0	-0.632484	-0.6694979999999999	-0.389534	0.0	3.4109599999999998	1.01844	1.4532	0.357901	
0	0.9179459999999999	0.0119528	0.39652600000000005	0.0	-0.39508000000000004	-0.0628561	0.916494	0.0	0.0358788	-0.997951	-0.052976199999999994	0.0	-2.63734	-3.5128800000000004	-1.7372299999999998	0.376281	-0.41561899999999996	0.718075	-0.558238	0.0	0.65467	-0.18989	-0.731675	0.0	-0.631401	-0.66956	-0.39118	0.0	3.43028	1.02811	1.45232	0.35775300000000004	
0	0.9369149999999999	0.00637886	0.349498	0.0	-0.348881	-0.0450577	0.936083	0.0	0.0217187	-0.998964	-0.039989800000000006	0.0	-2.61203	-3.54176	-1.73187	0.378685	-0.41536999999999996	0.718599	-0.5577489999999999	0.0	0.654962	-0.18924000000000002	-0.731582	0.0	-0.631262	-0.6691819999999999	-0.39205100000000004	0.0	3.4498699999999998	1.03669	1.44994	0.357763	
0	0.959464	0.0254209	0.28068200000000004	0.0	-0.280332	-0.0165165	0.9597610000000001	0.0	0.0290339	-0.99954	-0.00872073	0.0	-2.59864	-3.55301	-1.7204400000000002	0.381215	-0.41526499999999994	0.720631	-0.555199	0.0	0.6544989999999999	-0.187203	-0.732521	0.0	-0.631812	-0.667567	-0.393913	0.0	3.4583199999999996	1.04931	1.4373200000000002	0.357844	
0	0.976958	0.031389099999999996	0.21111300000000002	0.0	-0.21182399999999998	0.0213365	0.977075	0.0	0.0261651	-0.9992790000000001	0.0274939	0.0	-2.8778200000000003	-3.6491300000000004	-1.5246	0.37300500000000003	-0.416245	0.722366	-0.552203	0.0	0.655038	-0.18296700000000002	-0.733109	0.0	-0.630608	-0.666867	-0.397018	0.0	3.46245	1.07213	1.42626	0.3579	
0	0.984949	0.039769	0.168205	0.0	-0.168751	0.0107582	0.9856	0.0	0.037386699999999995	-0.999151	0.017307299999999998	0.0	-2.9834400000000003	-3.6507099999999997	-1.48494	0.371261	-0.41726599999999997	0.7231390000000001	-0.550417	0.0	0.6554909999999999	-0.18002100000000001	-0.733433	0.0	-0.6294609999999999	-0.6668310000000001	-0.398894	0.0	3.49687	1.0949200000000001	1.4231	0.357769	
0	0.988642	0.0425496	0.14414200000000002	0.0	-0.144676	0.00971468	0.989431	0.0	0.040699599999999996	-0.9990469999999999	0.015760200000000002	0.0	-2.9931799999999997	-3.64457	-1.4955399999999999	0.348715	-0.41733100000000006	0.724006	-0.549227	0.0	0.656258	-0.17795999999999998	-0.73325	0.0	-0.628618	-0.666443	-0.40086700000000003	0.0	3.5058300000000004	1.10819	1.4266	0.357773	
0	0.9917739999999999	0.0327852	0.123732	0.0	-0.12362000000000001	-0.00543632	0.992315	0.0	0.0332059	-0.999448	-0.00133871	0.0	-3.1117	-3.59891	-1.44086	0.158475	-0.416604	0.72753	-0.545107	0.0	0.6570520000000001	-0.173428	-0.733625	0.0	-0.628271	-0.663795	-0.40577399999999997	0.0	3.52072	1.1434600000000001	1.4114799999999998	0.357875	
0	0.9945860000000001	0.0242583	0.10104199999999999	0.0	-0.100038	-0.0395144	0.9941989999999999	0.0	0.028110200000000002	-0.998925	-0.036873699999999995	0.0	-3.11112	-3.59714	-1.4179700000000002	0.158638	-0.417854	0.72805	-0.543453	0.0	0.657733	-0.170223	-0.733765	0.0	-0.626726	-0.664054	-0.40773400000000004	0.0	3.5430300000000003	1.15185	1.40519	0.357599	
0	0.9952270000000001	0.025426499999999998	0.0942175	0.0	-0.09310589999999999	-0.0418383	0.994777	0.0	0.0292356	-0.998801	-0.0392712	0.0	-3.1066599999999998	-3.5981199999999998	-1.41244	0.158686	-0.41832700000000006	0.727964	-0.543204	0.0	0.6573479999999999	-0.17007	-0.734146	0.0	-0.626814	-0.664187	-0.407381	0.0	3.55197	1.15327	1.4046399999999999	0.357642	
0	0.9965219999999999	0.0364794	0.07492439999999999	0.0	-0.0731876	-0.046821100000000004	0.9962190000000001	0.0	0.0398495	-0.998237	-0.043988400000000004	0.0	-3.1128299999999998	-3.5963800000000004	-1.40374	0.158876	-0.41869700000000004	0.727709	-0.543261	0.0	0.658265	-0.16891099999999998	-0.733591	0.0	-0.625604	-0.664762	-0.408303	0.0	3.55944	1.1572200000000001	1.4077600000000001	0.357539	
0	0.996384	0.07049689999999999	0.047418800000000004	0.0	-0.0436259	-0.054402099999999995	0.997566	0.0	0.072905	-0.996027	-0.051129900000000006	0.0	-3.1377599999999997	-3.59445	-1.40415	0.158852	-0.419542	0.727146	-0.543363	0.0	0.6585840000000001	-0.16811900000000002	-0.733487	0.0	-0.6247020000000001	-0.665579	-0.408354	0.0	3.56014	1.15848	1.40832	0.357583	
0	0.993936	0.10814800000000001	0.019872499999999998	0.0	-0.0102454	-0.0888562	0.995992	0.0	0.10948	-0.9901559999999999	-0.08720939999999999	0.0	-3.1823599999999996	-3.5909400000000002	-1.40042	0.158755	-0.41943400000000003	0.7272609999999999	-0.543292	0.0	0.658916	-0.16776300000000002	-0.73327	0.0	-0.624423	-0.665542	-0.408839	0.0	3.55769	1.15879	1.40659	0.357608	
0	0.9832219999999999	0.182106	-0.010615399999999999	0.0	0.04358769999999999	-0.178033	0.983059	0.0	0.17713099999999998	-0.9670280000000001	-0.18298299999999998	0.0	-3.25861	-3.4633	-1.54534	0.15801500000000002	-0.41963999999999996	0.727961	-0.542195	0.0	0.658614	-0.166844	-0.733751	0.0	-0.624604	-0.665008	-0.409431	0.0	3.5607	1.15731	1.40895	0.357454	
0	0.95773	0.287527	-0.00900133	0.0	0.09290860000000001	-0.279555	0.955624	0.0	0.272251	-0.9160659999999999	-0.294452	0.0	-3.2628	-2.97917	-1.6793	0.157873	-0.419613	0.727478	-0.542864	0.0	0.658439	-0.167722	-0.733708	0.0	-0.624807	-0.665316	-0.408621	0.0	3.5630699999999997	1.15521	1.40696	0.357531	
0	0.9296280000000001	0.36848400000000003	-0.00334686	0.0	0.13427	-0.330257	0.934292	0.0	0.34316599999999997	-0.868994	-0.35649200000000003	0.0	-3.29196	-2.64679	-1.70835	0.157805	-0.418637	0.7279770000000001	-0.542949	0.0	0.6579010000000001	-0.169023	-0.733892	0.0	-0.626027	-0.664441	-0.408177	0.0	3.56169	1.15354	1.40898	0.357536	
0	0.87145	0.48966899999999997	-0.028262	0.0	0.22198600000000002	-0.342368	0.9129659999999999	0.0	0.437375	-0.801878	-0.407057	0.0	-3.38374	-2.06376	-1.88725	0.157735	-0.41656899999999997	0.7283890000000001	-0.543986	0.0	0.658007	-0.171311	-0.733266	0.0	-0.6272939999999999	-0.663402	-0.407922	0.0	3.55632	1.1562700000000001	1.41485	0.357659	
1	0.754675	0.649558	-0.0924165	0.0	0.34248	-0.269864	0.899934	0.0	0.559619	-0.710808	-0.42612	0.0	-3.44466	-1.52391	-1.87811	0.157736	-0.376713	0.745215	-0.5502199999999999	0.0	0.655524	-0.205217	-0.7267560000000001	0.0	-0.654504	-0.6344609999999999	-0.41119799999999995	0.0	3.5427400000000002	1.18103	1.40858	0.358002	
1	0.6315850000000001	0.761563	-0.145336	0.0	0.395493	-0.15523499999999998	0.9052549999999999	0.0	0.6668470000000001	-0.6292260000000001	-0.399237	0.0	-3.47055	-1.2616100000000001	-1.86735	0.157911	-0.346181	0.754317	-0.557821	0.0	0.653521	-0.232706	-0.720249	0.0	-0.6731050000000001	-0.613884	-0.412404	0.0	3.5369800000000002	1.19351	1.39974	0.35825	
1	0.47969799999999996	0.8444020000000001	-0.238485	0.0	0.412101	0.0231385	0.9108450000000001	0.0	0.774637	-0.535211	-0.336879	0.0	-3.3927099999999997	-0.9874450000000001	-1.8096900000000002	0.157744	-0.295468	0.76139	-0.577048	0.0	0.6440359999999999	-0.287387	-0.708962	0.0	-0.7056319999999999	-0.5811149999999999	-0.405449	0.0	3.5116099999999997	1.17555	1.3735899999999999	0.357917	
1	0.145451	0.860133	-0.488892	0.0	0.29923299999999997	0.432759	0.8504	0.0	0.9430290000000001	-0.269984	-0.194435	0.0	-3.1686799999999997	-0.9521040000000001	-1.8024799999999999	0.15774200000000002	-0.170307	0.742487	-0.647849	0.0	0.598911	-0.444087	-0.666402	0.0	-0.782497	-0.501497	-0.369053	0.0	3.35015	1.03027	1.3312	0.357412	
1	0.0406499	0.795303	-0.604847	0.0	0.22581700000000002	0.5823729999999999	0.780928	0.0	0.9733209999999999	-0.16833	-0.15592	0.0	-3.0497099999999997	-1.0043799999999998	-1.83085	0.157927	-0.13789400000000002	0.72219	-0.6778109999999999	0.0	0.581709	-0.494829	-0.645569	0.0	-0.801624	-0.483308	-0.35186999999999996	0.0	3.2501700000000002	0.9525450000000001	1.30178	0.35752	
1	-0.0565941	0.652616	-0.7555729999999999	0.0	0.0782077	0.757358	0.6483	0.0	0.9953290000000001	-0.0224017	-0.0939015	0.0	-2.70223	-1.14628	-1.8005900000000001	0.15791	-0.100345	0.7124729999999999	-0.694488	0.0	0.546945	-0.543583	-0.636686	0.0	-0.831133	-0.44373500000000005	-0.335138	0.0	2.9810000000000003	0.872616	1.1882	0.357991	
1	-0.0661457	0.5385840000000001	-0.8399719999999999	0.0	-0.023391	0.8407469999999999	0.5409229999999999	0.0	0.9975360000000001	0.0554275	-0.043013800000000005	0.0	-2.30099	-1.24671	-1.67882	0.157904	-0.09046560000000001	0.712767	-0.695542	0.0	0.547421	-0.547844	-0.6326109999999999	0.0	-0.831953	-0.43798400000000004	-0.340623	0.0	2.71648	0.8426049999999999	1.0253299999999999	0.358026	
1	-0.0302955	0.428227	-0.9031629999999999	0.0	-0.12066199999999999	0.8954030000000001	0.428595	0.0	0.992231	0.12196199999999999	0.024544200000000002	0.0	-1.77075	-1.3246200000000001	-1.51367	0.157906	-0.07072460000000001	0.717734	-0.692716	0.0	0.546053	-0.553301	-0.629034	0.0	-0.8347600000000001	-0.42274799999999996	-0.35278899999999996	0.0	2.36227	0.81689	0.711792	0.357747	
1	-0.0250872	0.42379300000000003	-0.9054110000000001	0.0	-0.12280899999999999	0.8975299999999999	0.42350699999999997	0.0	0.9921129999999999	0.12181700000000001	0.029529200000000002	0.0	-1.71514	-1.3321	-1.48967	0.157911	-0.0683935	0.718046	-0.692627	0.0	0.54633	-0.553948	-0.628224	0.0	-0.834773	-0.42136899999999994	-0.354404	0.0	2.31995	0.8114439999999999	0.677163	0.357836	
1	0.0260296	0.33970700000000004	-0.9401709999999999	0.0	-0.209521	0.9214549999999999	0.32714299999999996	0.0	0.9774579999999999	0.18847	0.09516060000000001	0.0	-1.18319	-1.33556	-1.3514700000000002	0.157975	-0.061671000000000004	0.701631	-0.709867	0.0	0.49742700000000006	-0.5949949999999999	-0.631307	0.0	-0.865311	-0.39204	-0.312317	0.0	1.72567	0.7682939999999999	0.38347800000000004	0.356848	
1	0.03894280000000001	0.323594	-0.9453940000000001	0.0	-0.23077199999999998	0.9234479999999999	0.306576	0.0	0.9722280000000001	0.206231	0.11063800000000001	0.0	-1.07694	-1.2672700000000001	-1.3137299999999998	0.157986	-0.0670748	0.706059	-0.70497	0.0	0.48244	-0.595522	-0.6423439999999999	0.0	-0.8733569999999999	-0.383191	-0.300686	0.0	1.569	0.785579	0.34373400000000004	0.356867	
1	0.0434289	0.295676	-0.9543010000000001	0.0	-0.267852	0.9236780000000001	0.273998	0.0	0.9624809999999999	0.24371199999999998	0.11931199999999999	0.0	-0.905459	-1.0862399999999999	-1.24685	0.157909	-0.10696099999999999	0.7068720000000001	-0.6992079999999999	0.0	0.469438	-0.584018	-0.6622319999999999	0.0	-0.8764629999999999	-0.399067	-0.269366	0.0	1.27789	0.766174	0.291981	0.35722600000000004	
1	0.035471499999999996	0.29065100000000005	-0.9561709999999999	0.0	-0.284692	0.920069	0.26911599999999997	0.0	0.9579629999999999	0.26266799999999996	0.115382	0.0	-0.862725	-1.02386	-1.23452	0.157911	-0.136036	0.7060390000000001	-0.694984	0.0	0.47166800000000003	-0.5707439999999999	-0.672147	0.0	-0.8712200000000001	-0.419238	-0.255374	0.0	1.1924299999999999	0.718197	0.27160700000000004	0.357022	
1	0.027067599999999997	0.261644	-0.964785	0.0	-0.31801799999999997	0.917249	0.239831	0.0	0.9476979999999999	0.300327	0.10803499999999999	0.0	-0.771193	-0.808387	-1.22401	0.157324	-0.17824600000000002	0.703693	-0.687783	0.0	0.47690699999999997	-0.549612	-0.685921	0.0	-0.860691	-0.450271	-0.23763	0.0	1.0849799999999998	0.5539649999999999	0.202806	0.357408	
1	0.0256541	0.251082	-0.967626	0.0	-0.323937	0.9178040000000001	0.22956500000000002	0.0	0.945731	0.30756100000000003	0.10488	0.0	-0.735661	-0.74887	-1.2111399999999999	0.15731900000000001	-0.17965	0.70544	-0.685624	0.0	0.479954	-0.545528	-0.6870539999999999	0.0	-0.8587030000000001	-0.45249700000000004	-0.240575	0.0	1.0714299999999999	0.519277	0.18162899999999998	0.357459	
1	0.00426381	0.24092600000000003	-0.970534	0.0	-0.34394	0.911684	0.224806	0.0	0.938982	0.332847	0.0867515	0.0	-0.676362	-0.635271	-1.19221	0.15723900000000002	-0.175585	0.703336	-0.6888310000000001	0.0	0.48374799999999996	-0.54776	-0.682603	0.0	-0.8574129999999999	-0.45307600000000003	-0.24405900000000003	0.0	1.11042	0.446942	0.11469700000000001	0.357788	
1	-0.00722969	0.21962600000000002	-0.975557	0.0	-0.358532	0.910151	0.207558	0.0	0.9334889999999999	0.351269	0.07216289999999999	0.0	-0.651986	-0.565617	-1.19597	0.15700799999999998	-0.201407	0.7001350000000001	-0.6850149999999999	0.0	0.494623	-0.530934	-0.688082	0.0	-0.845448	-0.47740900000000003	-0.239369	0.0	1.16733	0.326282	0.113649	0.358041	
1	-0.0103306	0.201061	-0.979524	0.0	-0.365057	0.9112049999999999	0.190888	0.0	0.9309280000000001	0.359554	0.06398530000000001	0.0	-0.648977	-0.5038159999999999	-1.19478	0.157162	-0.226861	0.7027479999999999	-0.6743	0.0	0.49818999999999997	-0.511181	-0.700358	0.0	-0.8368639999999999	-0.494813	-0.23413499999999998	0.0	1.17765	0.26511599999999996	0.096448	0.358401	
1	-0.0208128	0.149367	-0.988563	0.0	-0.362695	0.920291	0.14668699999999998	0.0	0.9316760000000001	0.361599	0.0350206	0.0	-0.6773600000000001	-0.366979	-1.16421	0.15726400000000001	-0.303377	0.7164520000000001	-0.628219	0.0	0.517599	-0.429637	-0.739935	0.0	-0.800034	-0.5496449999999999	-0.24049299999999998	0.0	1.24469	0.16306800000000002	0.00962503	0.35917	
1	-0.0238531	0.115676	-0.993001	0.0	-0.363031	0.9244760000000001	0.116414	0.0	0.931472	0.363267	0.0199423	0.0	-0.714245	-0.334196	-1.16644	0.157313	-0.34965799999999997	0.7378279999999999	-0.577365	0.0	0.535205	-0.348501	-0.769482	0.0	-0.768958	-0.578064	-0.27303299999999997	0.0	1.3500299999999998	0.173878	-0.0887154	0.359295	
1	-0.0323407	0.10079099999999999	-0.994382	0.0	-0.366919	0.9242379999999999	0.10561500000000001	0.0	0.9296909999999999	0.368274	0.00709182	0.0	-0.733926	-0.325484	-1.1739600000000001	0.15731099999999998	-0.359877	0.750173	-0.554733	0.0	0.539697	-0.31761999999999996	-0.779644	0.0	-0.761062	-0.579964	-0.290563	0.0	1.40466	0.203765	-0.176748	0.359674	
1	-0.041564699999999996	0.0662342	-0.9969379999999999	0.0	-0.39016999999999996	0.917499	0.0772235	0.0	0.9198040000000001	0.392185	-0.012293	0.0	-0.737535	-0.317996	-1.2102700000000002	0.157192	-0.362454	0.764452	-0.533142	0.0	0.550114	-0.28628400000000004	-0.784485	0.0	-0.7523310000000001	-0.5776279999999999	-0.316771	0.0	1.46327	0.21422800000000003	-0.320756	0.359595	
1	-0.0403732	0.0612986	-0.997303	0.0	-0.391418	0.917374	0.0722313	0.0	0.919327	0.393279	-0.013043899999999999	0.0	-0.728498	-0.32671	-1.21767	0.157195	-0.369792	0.770574	-0.519105	0.0	0.551573	-0.26753499999999997	-0.790058	0.0	-0.747677	-0.5784819999999999	-0.326096	0.0	1.46496	0.219937	-0.359771	0.359419	
1	-0.0526924	0.048030699999999996	-0.997455	0.0	-0.396321	0.9158059999999999	0.06503540000000001	0.0	0.9165989999999999	0.398739	-0.0292204	0.0	-0.6913729999999999	-0.358106	-1.2571700000000001	0.157217	-0.372393	0.792891	-0.482336	0.0	0.555995	-0.225532	-0.800004	0.0	-0.743097	-0.566092	-0.35685700000000004	0.0	1.44517	0.28144600000000003	-0.518388	0.35934299999999997	
