0	-0.018221599999999998	0.869548	-0.49351300000000003	0.0	-0.0497397	0.492195	0.8690629999999999	0.0	0.9985959999999999	0.0403827	0.034282400000000005	0.0	-2.84729	1.87238	1.4978200000000002	0.0	-0.163422	0.749975	-0.640961	0.0	0.34279	-0.56605	-0.749722	0.0	-0.9250879999999999	-0.34223600000000004	-0.164579	0.0	2.6425400000000003	2.04989	1.6103	3.65989e-05	
0	-0.009430200000000001	0.880432	-0.474079	0.0	-0.0320658	0.47358999999999996	0.8801610000000001	0.0	0.999441	0.0235018	0.0237657	0.0	-2.83643	1.81325	1.5341200000000002	0.0	-0.17836300000000002	0.74556	-0.642127	0.0	0.33281700000000003	-0.568415	-0.752421	0.0	-0.9259700000000001	-0.34791500000000003	-0.146751	0.0	2.67761	2.03574	1.62865	0.0	
0	-0.00201064	0.878459	-0.477814	0.0	-0.011785700000000001	0.477761	0.878411	0.0	0.9999290000000001	0.00739747	0.00939262	0.0	-2.85282	1.76416	1.57956	0.0	-0.145128	0.730382	-0.667443	0.0	0.350539	-0.592873	-0.725	0.0	-0.9252360000000001	-0.33918200000000004	-0.169985	0.0	2.72408	2.06018	1.55562	0.0	
0	0.00233039	0.885648	-0.46435200000000004	0.0	0.0169079	0.46425200000000005	0.885542	0.0	0.9998540000000001	-0.00991488	-0.013892600000000001	0.0	-2.8852900000000004	1.7974400000000001	1.5815700000000001	0.0	-0.09318860000000001	0.720849	-0.6867989999999999	0.0	0.33773600000000004	-0.626016	-0.702878	0.0	-0.936616	-0.297457	-0.185119	0.0	2.75605	2.15063	1.4561899999999999	0.0	
0	-0.06621200000000001	0.8889040000000001	-0.453284	0.0	-0.00635332	0.453896	0.8910319999999999	0.0	0.997785	0.0618769	-0.0244059	0.0	-2.89414	1.8874799999999998	1.50177	0.0	0.0390078	0.735341	-0.676574	0.0	0.250958	-0.662597	-0.705681	0.0	-0.9672120000000001	-0.142264	-0.21038600000000002	0.0	2.80512	2.34159	1.2323	0.0	
0	-0.183039	0.913636	-0.362996	0.0	-0.0387059	0.36225	0.931277	0.0	0.9823430000000001	0.18450999999999998	-0.030942599999999997	0.0	-2.7555	2.10641	1.38225	0.351731	0.25868	0.633221	-0.729463	0.0	0.0782288	-0.766419	-0.63756	0.0	-0.9627899999999999	0.107859	-0.24779299999999999	0.0	2.79075	2.59899	0.955982	0.355956	
0	-0.177452	0.921185	-0.34630900000000003	0.0	-0.030252499999999998	0.346621	0.937517	0.0	0.983664	0.176841	-0.0336406	0.0	-2.68949	2.19824	1.3963700000000001	0.350936	0.32654299999999997	0.488314	-0.8092699999999999	0.0	-0.0877289	-0.836851	-0.540355	0.0	-0.941102	0.247446	-0.230429	0.0	2.76201	2.77255	0.874711	0.35581599999999997	
0	-0.147456	0.923593	-0.353883	0.0	-0.0238301	0.354373	0.934801	0.0	0.9887819999999999	0.146275	-0.030245099999999997	0.0	-2.71956	2.1699200000000003	1.3870799999999999	0.34965100000000005	0.256184	0.527187	-0.810212	0.0	-0.041297	-0.83145	-0.554063	0.0	-0.9657459999999999	0.175402	-0.191233	0.0	2.68891	2.83292	1.0217200000000002	0.355655	
0	-0.102021	0.9209940000000001	-0.375981	0.0	0.0165885	0.379475	0.925053	0.0	0.9946440000000001	0.088138	-0.0539925	0.0	-2.76612	2.13089	1.3985299999999998	0.34979	0.185314	0.556344	-0.810025	0.0	0.0404149	-0.8279200000000001	-0.559389	0.0	-0.9818479999999999	0.07092530000000001	-0.17590999999999998	0.0	2.60626	2.7572099999999997	1.1667299999999998	0.356041	
0	0.00749558	0.927753	-0.373119	0.0	0.056238199999999995	0.372148	0.9264680000000001	0.0	0.998389	-0.027927999999999998	-0.0493857	0.0	-2.82737	1.9857599999999997	1.4689299999999998	0.351931	0.0587793	0.615512	-0.785933	0.0	0.23931	-0.773026	-0.587505	0.0	-0.9691629999999999	-0.153548	-0.192736	0.0	2.54125	2.5182700000000002	1.3268	0.356137	
0	0.27366399999999996	0.934069	-0.2294	0.0	0.0712176	0.218171	0.973308	0.0	0.9591850000000001	-0.282697	-0.0068166	0.0	-2.83681	1.79267	1.71406	0.353401	-0.129057	0.677415	-0.724191	0.0	0.418054	-0.625061	-0.659189	0.0	-0.899208	-0.387824	-0.20252799999999999	0.0	2.4906099999999998	2.12244	1.42561	0.357367	
0	0.699678	0.707448	0.0998425	0.0	-0.119198	-0.022200400000000002	0.9926219999999999	0.0	0.704445	-0.706417	0.0687933	0.0	-2.8475	1.38305	2.0293900000000002	0.354159	-0.348292	0.6956060000000001	-0.62835	0.0	0.514703	-0.41831899999999994	-0.7483920000000001	0.0	-0.7834369999999999	-0.584073	-0.21233400000000002	0.0	2.5297400000000003	1.50679	1.42515	0.358074	
0	0.842884	0.453805	0.289149	0.0	-0.256712	-0.133133	0.957274	0.0	0.47291099999999997	-0.8811	0.00428125	0.0	-2.93688	1.17546	1.9174	0.352996	-0.372259	0.693345	-0.617005	0.0	0.521468	-0.393691	-0.75702	0.0	-0.767785	-0.6035560000000001	-0.21500300000000003	0.0	2.5510900000000003	1.39668	1.3890799999999999	0.35931199999999996	
0	0.8605079999999999	0.3055	0.407672	0.0	-0.360541	-0.200154	0.9110149999999999	0.0	0.35991300000000004	-0.930918	-0.062089099999999994	0.0	-2.83101	1.03415	1.5507600000000001	0.355491	-0.402542	0.696176	-0.59439	0.0	0.539926	-0.34378000000000003	-0.768307	0.0	-0.739216	-0.630202	-0.23749800000000001	0.0	2.59694	1.4107399999999999	1.3586	0.35905	
0	0.871133	0.195949	0.45025699999999996	0.0	-0.405281	-0.230827	0.8845709999999999	0.0	0.277262	-0.95306	-0.12166700000000001	0.0	-2.64309	0.840952	1.27271	0.35473000000000005	-0.405289	0.705126	-0.5818409999999999	0.0	0.550639	-0.319761	-0.77107	0.0	-0.7297520000000001	-0.63289	-0.25867399999999996	0.0	2.66491	1.48517	1.37707	0.35941999999999996	
0	0.8790319999999999	0.13356600000000002	0.457671	0.0	-0.41533100000000006	-0.256826	0.872663	0.0	0.2341	-0.957184	-0.170284	0.0	-2.5247	0.641304	1.05669	0.352271	-0.397712	0.715404	-0.574475	0.0	0.56725	-0.3004	-0.766803	0.0	-0.721147	-0.630838	-0.28634	0.0	2.73592	1.5654	1.30451	0.359124	
0	0.879402	0.0477425	0.47368000000000005	0.0	-0.44133	-0.2914	0.8487129999999999	0.0	0.17855	-0.9554090000000001	-0.23518699999999998	0.0	-2.5198400000000003	0.441929	0.803442	0.351425	-0.397331	0.717953	-0.5715520000000001	0.0	0.5845779999999999	-0.282082	-0.760722	0.0	-0.707387	-0.636375	-0.30762	0.0	2.86633	1.62158	1.19764	0.358929	
0	0.8696200000000001	0.030983799999999995	0.49274799999999996	0.0	-0.461867	-0.301625	0.8340870000000001	0.0	0.174469	-0.952923	-0.247989	0.0	-2.51175	0.21498699999999998	0.610506	0.357116	-0.39150799999999997	0.723123	-0.5690470000000001	0.0	0.591105	-0.27629899999999996	-0.757795	0.0	-0.705206	-0.633049	-0.319269	0.0	2.90909	1.6792599999999998	1.1906700000000001	0.35875	
0	0.8587540000000001	0.00415994	0.512371	0.0	-0.484091	-0.321127	0.813962	0.0	0.16792200000000002	-0.9470270000000001	-0.273755	0.0	-2.50544	0.0452505	0.5028819999999999	0.36233699999999996	-0.38711100000000004	0.726159	-0.568189	0.0	0.593531	-0.275327	-0.756252	0.0	-0.705597	-0.629991	-0.324415	0.0	2.9272299999999998	1.7138	1.17078	0.35886799999999996	
0	0.8540700000000001	-0.026034199999999997	0.519506	0.0	-0.493623	-0.355489	0.7937029999999999	0.0	0.16401500000000002	-0.934318	-0.316463	0.0	-2.5586599999999997	-0.121057	0.362309	0.363309	-0.38713400000000003	0.7273310000000001	-0.566673	0.0	0.594372	-0.272987	-0.7564390000000001	0.0	-0.704875	-0.6296579999999999	-0.326623	0.0	2.93286	1.73642	1.1768	0.35888400000000004	
0	0.847722	-0.0249926	0.529852	0.0	-0.49928100000000003	-0.374917	0.781125	0.0	0.179128	-0.9267209999999999	-0.330304	0.0	-2.63722	-0.22292800000000002	0.24331799999999998	0.363964	-0.38811100000000004	0.72496	-0.569037	0.0	0.598254	-0.271486	-0.753915	0.0	-0.701044	-0.633031	-0.328344	0.0	2.93677	1.7395900000000002	1.18811	0.358986	
0	0.8482940000000001	-0.0169347	0.529254	0.0	-0.49599399999999993	-0.37542800000000004	0.782971	0.0	0.18543800000000002	-0.9266969999999999	-0.326873	0.0	-2.64447	-0.26293099999999997	0.18659	0.363979	-0.384792	0.729321	-0.565708	0.0	0.595677	-0.271953	-0.755784	0.0	-0.705056	-0.627799	-0.329795	0.0	2.94197	1.7659799999999999	1.18888	0.359175	
0	0.843783	-0.00439361	0.536666	0.0	-0.499346	-0.372888	0.782054	0.0	0.19668	-0.927866	-0.31683	0.0	-2.63803	-0.284562	0.20433099999999998	0.363973	-0.38417199999999996	0.7293569999999999	-0.566084	0.0	0.5962	-0.27217800000000003	-0.7552909999999999	0.0	-0.704952	-0.6276609999999999	-0.33028	0.0	2.9499	1.78295	1.18675	0.359081	
0	0.835326	0.034958300000000005	0.548642	0.0	-0.499497	-0.36859899999999995	0.783988	0.0	0.229636	-0.928931	-0.290439	0.0	-2.59777	-0.356221	0.319496	0.363981	-0.382391	0.73275	-0.562898	0.0	0.595223	-0.270615	-0.756622	0.0	-0.7067439999999999	-0.624375	-0.332669	0.0	2.9508900000000002	1.7943099999999998	1.1889399999999999	0.35894499999999996	
0	0.8193229999999999	0.0621554	0.5699529999999999	0.0	-0.512026	-0.367937	0.776177	0.0	0.25795	-0.9277709999999999	-0.26963400000000004	0.0	-2.5397	-0.429451	0.46091499999999996	0.363874	-0.383331	0.732113	-0.563088	0.0	0.595648	-0.269977	-0.7565149999999999	0.0	-0.705875	-0.625398	-0.33259099999999997	0.0	2.95139	1.79968	1.1837600000000001	0.359058	
0	0.811327	0.0742748	0.579856	0.0	-0.517672	-0.369544	0.771656	0.0	0.271597	-0.92624	-0.261371	0.0	-2.48317	-0.47680100000000003	0.623536	0.363976	-0.38516500000000004	0.733642	-0.559837	0.0	0.595729	-0.265652	-0.7579819999999999	0.0	-0.704809	-0.625459	-0.33473200000000003	0.0	2.9572700000000003	1.81345	1.16939	0.359012	
0	0.80988	0.0703405	0.582363	0.0	-0.520656	-0.371111	0.768891	0.0	0.27020500000000003	-0.9259209999999999	-0.263933	0.0	-2.44572	-0.484925	0.669221	0.363975	-0.38522199999999995	0.735042	-0.557958	0.0	0.596386	-0.2631	-0.758355	0.0	-0.704222	-0.624893	-0.337017	0.0	2.96828	1.83477	1.16802	0.358937	
0	0.809916	0.069992	0.582356	0.0	-0.520131	-0.373209	0.768231	0.0	0.27111	-0.9251030000000001	-0.265863	0.0	-2.4394099999999996	-0.48466400000000004	0.666049	0.363976	-0.387018	0.735107	-0.556628	0.0	0.596224	-0.26098299999999997	-0.759214	0.0	-0.7033729999999999	-0.6257050000000001	-0.337283	0.0	2.97084	1.83929	1.16765	0.358941	
0	0.810349	0.0679689	0.581993	0.0	-0.5195930000000001	-0.375762	0.76735	0.0	0.270847	-0.92422	-0.26918200000000003	0.0	-2.43835	-0.48289899999999997	0.626412	0.363978	-0.386397	0.735598	-0.5564100000000001	0.0	0.5970270000000001	-0.260352	-0.758799	0.0	-0.703033	-0.62539	-0.338573	0.0	2.97517	1.85401	1.16675	0.35899000000000003	
0	0.8111550000000001	0.0650125	0.581206	0.0	-0.518602	-0.379414	0.766223	0.0	0.270332	-0.92294	-0.274048	0.0	-2.43825	-0.479383	0.605247	0.36397399999999996	-0.386366	0.736016	-0.55588	0.0	0.596132	-0.26061599999999996	-0.759412	0.0	-0.703811	-0.624788	-0.33807	0.0	2.97339	1.85677	1.17226	0.358875	
0	0.811221	0.0649837	0.581118	0.0	-0.5185350000000001	-0.37938299999999997	0.766283	0.0	0.270262	-0.922955	-0.274067	0.0	-2.43929	-0.47933000000000003	0.6063	0.36398	-0.38638	0.736013	-0.555874	0.0	0.596116	-0.26061599999999996	-0.759424	0.0	-0.703815	-0.624792	-0.338052	0.0	2.97465	1.8577099999999998	1.17234	0.35887800000000003	
0	0.811222	0.0649846	0.581116	0.0	-0.518534	-0.37938299999999997	0.766284	0.0	0.270262	-0.922955	-0.274067	0.0	-2.43927	-0.47933400000000004	0.606302	0.36398	-0.386381	0.736012	-0.555874	0.0	0.596116	-0.26061599999999996	-0.759424	0.0	-0.703815	-0.624792	-0.33805100000000005	0.0	2.97464	1.8577	1.1723299999999999	0.358879	
0	0.811222	0.0649846	0.581116	0.0	-0.518534	-0.37938299999999997	0.766284	0.0	0.270262	-0.922955	-0.274067	0.0	-2.43927	-0.47933400000000004	0.606302	0.36398	-0.386381	0.736012	-0.555874	0.0	0.596116	-0.26061599999999996	-0.759424	0.0	-0.703815	-0.624792	-0.33805100000000005	0.0	2.97464	1.8577	1.1723299999999999	0.358879	
0	0.811222	0.0649846	0.581116	0.0	-0.518534	-0.37938299999999997	0.766284	0.0	0.270262	-0.922955	-0.274067	0.0	-2.43927	-0.479335	0.606302	0.36398	-0.386381	0.736012	-0.555874	0.0	0.596116	-0.26061599999999996	-0.759424	0.0	-0.703815	-0.624792	-0.33805100000000005	0.0	2.97464	1.8577	1.1723299999999999	0.35887800000000003	
0	0.811222	0.0649846	0.581116	0.0	-0.518534	-0.37938299999999997	0.766284	0.0	0.270262	-0.922955	-0.274067	0.0	-2.43927	-0.47933400000000004	0.606302	0.36398	-0.386381	0.736012	-0.555874	0.0	0.596116	-0.26061599999999996	-0.759424	0.0	-0.703815	-0.624792	-0.33805100000000005	0.0	2.97464	1.8577	1.1723299999999999	0.35887800000000003	
0	0.811222	0.0649846	0.581116	0.0	-0.518534	-0.37938299999999997	0.766284	0.0	0.270262	-0.922955	-0.274067	0.0	-2.43927	-0.47933400000000004	0.606302	0.36398	-0.386381	0.736012	-0.555874	0.0	0.596116	-0.26061599999999996	-0.759424	0.0	-0.703815	-0.624792	-0.33805100000000005	0.0	2.97464	1.8577	1.1723299999999999	0.35887800000000003	
0	0.811222	0.0649846	0.581116	0.0	-0.518534	-0.37938299999999997	0.766284	0.0	0.270262	-0.922955	-0.274067	0.0	-2.43927	-0.47933400000000004	0.606302	0.36398	-0.386381	0.736012	-0.555874	0.0	0.596116	-0.26061599999999996	-0.759424	0.0	-0.703815	-0.624792	-0.33805100000000005	0.0	2.97464	1.8577	1.1723299999999999	0.35887800000000003	
0	0.811222	0.0649846	0.581116	0.0	-0.518534	-0.37938299999999997	0.766284	0.0	0.270262	-0.922955	-0.274067	0.0	-2.43927	-0.47933400000000004	0.606302	0.36398	-0.386381	0.736012	-0.555874	0.0	0.596116	-0.26061599999999996	-0.759424	0.0	-0.703815	-0.624792	-0.33805100000000005	0.0	2.97464	1.8577	1.1723299999999999	0.35887800000000003	
0	0.811222	0.0649846	0.581116	0.0	-0.518534	-0.37938299999999997	0.766284	0.0	0.270262	-0.922955	-0.274067	0.0	-2.43927	-0.479335	0.606302	0.36398	-0.386381	0.736012	-0.555874	0.0	0.596116	-0.26061599999999996	-0.759424	0.0	-0.703815	-0.624792	-0.33805100000000005	0.0	2.97464	1.8577	1.1723299999999999	0.35887800000000003	
0	0.811222	0.0649846	0.581116	0.0	-0.518534	-0.37938299999999997	0.766284	0.0	0.270262	-0.922955	-0.274067	0.0	-2.43927	-0.479335	0.606302	0.36398	-0.386381	0.736012	-0.555874	0.0	0.596116	-0.26061599999999996	-0.759424	0.0	-0.703815	-0.624792	-0.33805100000000005	0.0	2.97464	1.8577	1.1723299999999999	0.35887800000000003	
0	0.811222	0.0649846	0.581116	0.0	-0.518534	-0.37938299999999997	0.766284	0.0	0.270262	-0.922955	-0.274067	0.0	-2.43927	-0.47933400000000004	0.606302	0.36398	-0.386381	0.736012	-0.555874	0.0	0.596116	-0.26061599999999996	-0.759424	0.0	-0.703815	-0.624792	-0.33805100000000005	0.0	2.97464	1.8577	1.1723299999999999	0.35887800000000003	
0	0.811222	0.0649846	0.581116	0.0	-0.518534	-0.37938299999999997	0.766284	0.0	0.270262	-0.922955	-0.274067	0.0	-2.43927	-0.47933400000000004	0.606302	0.36398	-0.386381	0.736012	-0.555874	0.0	0.596116	-0.26061599999999996	-0.759424	0.0	-0.703815	-0.624792	-0.33805100000000005	0.0	2.97464	1.8577	1.1723299999999999	0.35887800000000003	
0	0.901967	0.323828	0.285642	0.0	-0.137487	-0.411707	0.9008860000000001	0.0	0.409333	-0.851841	-0.326823	0.0	-2.3893299999999997	-0.484496	0.578472	0.353403	-0.397254	0.743316	-0.5382100000000001	0.0	0.600514	-0.232929	-0.764936	0.0	-0.693954	-0.627077	-0.35384	0.0	2.92873	1.86094	1.20987	0.359085	
0	0.894349	0.312228	0.320396	0.0	-0.17974400000000001	-0.405045	0.8964540000000001	0.0	0.40967200000000004	-0.859332	-0.30613	0.0	-2.33596	-0.537844	0.557828	0.353927	-0.40176100000000003	0.745204	-0.532221	0.0	0.600561	-0.224338	-0.767463	0.0	-0.691314	-0.627967	-0.35741100000000003	0.0	2.9292	1.86392	1.22505	0.359192	
0	0.9005719999999999	0.288598	0.325085	0.0	-0.196962	-0.39576500000000003	0.896982	0.0	0.387525	-0.871826	-0.299572	0.0	-2.2951599999999996	-0.588874	0.49734700000000004	0.354158	-0.403911	0.744772	-0.531197	0.0	0.600637	-0.22206700000000001	-0.768063	0.0	-0.6899930000000001	-0.629286	-0.357642	0.0	2.94929	1.86389	1.2107	0.35901700000000003	
0	0.905758	0.260998	0.333889	0.0	-0.218153	-0.388313	0.895334	0.0	0.363334	-0.8837950000000001	-0.29478000000000004	0.0	-2.29074	-0.640506	0.382293	0.35417600000000005	-0.40525700000000003	0.744692	-0.530284	0.0	0.602383	-0.218806	-0.767632	0.0	-0.687679	-0.630522	-0.35991799999999996	0.0	2.9603	1.8637	1.19591	0.359004	
0	0.9123	0.238723	0.332746	0.0	-0.23071399999999997	-0.371703	0.899227	0.0	0.33834899999999996	-0.897133	-0.284028	0.0	-2.2652900000000002	-0.685652	0.29023699999999997	0.354216	-0.406462	0.7450899999999999	-0.5288010000000001	0.0	0.6027710000000001	-0.21627	-0.768046	0.0	-0.6866270000000001	-0.630927	-0.361213	0.0	2.97876	1.86	1.19775	0.359137	
0	0.9215620000000001	0.18726099999999998	0.34008299999999997	0.0	-0.261355	-0.348517	0.900128	0.0	0.287083	-0.918406	-0.272239	0.0	-2.2153099999999997	-0.72312	0.25745100000000004	0.354338	-0.407589	0.7445579999999999	-0.528682	0.0	0.60215	-0.21610700000000002	-0.768579	0.0	-0.686503	-0.63161	-0.36025300000000005	0.0	2.98981	1.85592	1.23007	0.35896999999999996	
0	0.9279370000000001	0.13994	0.345469	0.0	-0.289254	-0.314202	0.904217	0.0	0.235083	-0.9389860000000001	-0.251082	0.0	-2.19265	-0.798589	0.24793400000000002	0.353628	-0.409464	0.744855	-0.526812	0.0	0.604313	-0.211159	-0.768256	0.0	-0.683481	-0.6329319999999999	-0.363663	0.0	2.9971	1.85412	1.22386	0.359067	
0	0.929802	0.0885479	0.357249	0.0	-0.324442	-0.261146	0.909143	0.0	0.173797	-0.9612290000000001	-0.21408600000000003	0.0	-2.18847	-0.957091	0.215248	0.352598	-0.409818	0.743962	-0.527798	0.0	0.604696	-0.211627	-0.767826	0.0	-0.682929	-0.633826	-0.363143	0.0	3.0047599999999997	1.8542299999999998	1.2006	0.359007	
0	0.922543	0.0387654	0.383943	0.0	-0.368579	-0.206186	0.906442	0.0	0.114302	-0.9777450000000001	-0.175927	0.0	-2.2128099999999997	-1.22035	0.07508	0.351775	-0.40935900000000003	0.745078	-0.526578	0.0	0.604275	-0.21101	-0.7683270000000001	0.0	-0.683577	-0.6327189999999999	-0.36385300000000004	0.0	3.0096700000000003	1.86307	1.1965	0.35907	
0	0.926098	-0.0241827	0.376506	0.0	-0.37549099999999996	-0.156187	0.9135709999999999	0.0	0.036712800000000004	-0.987431	-0.153725	0.0	-2.2406	-1.48106	-0.146317	0.352127	-0.40982700000000005	0.7444	-0.527173	0.0	0.604096	-0.21153400000000003	-0.768324	0.0	-0.683455	-0.633343	-0.36299699999999996	0.0	3.01306	1.86468	1.1962	0.35915199999999997	
0	0.9209629999999999	-0.096425	0.377531	0.0	-0.386706	-0.10728399999999999	0.915941	0.0	-0.0478164	-0.989541	-0.13609300000000002	0.0	-2.42099	-1.8559999999999999	-0.532853	0.351427	-0.41263599999999995	0.745053	-0.52405	0.0	0.605709	-0.20526	-0.768755	0.0	-0.68033	-0.634638	-0.366588	0.0	3.01655	1.86477	1.2022	0.35913	
0	0.9206840000000001	-0.0998731	0.377316	0.0	-0.38703200000000004	-0.10859200000000001	0.9156489999999999	0.0	-0.05047530000000001	-0.989057	-0.138633	0.0	-2.43575	-1.87722	-0.568681	0.35135	-0.412937	0.745034	-0.523839	0.0	0.6056600000000001	-0.204921	-0.768885	0.0	-0.680191	-0.6347689999999999	-0.366618	0.0	3.01708	1.86522	1.20119	0.359216	
0	0.919234	-0.142405	0.367054	0.0	-0.383912	-0.11751099999999999	0.9158620000000001	0.0	-0.0872907	-0.982808	-0.162691	0.0	-2.61767	-2.08835	-1.04938	0.351339	-0.414955	0.7455069999999999	-0.521566	0.0	0.607827	-0.199416	-0.768622	0.0	-0.677022	-0.635966	-0.37039	0.0	3.0394200000000002	1.86789	1.19484	0.359191	
0	0.92027	-0.15317999999999998	0.360054	0.0	-0.376959	-0.100373	0.920775	0.0	-0.104904	-0.983088	-0.15011300000000002	0.0	-2.72076	-2.22315	-1.29789	0.351387	-0.415571	0.744717	-0.522205	0.0	0.608763	-0.198847	-0.768029	0.0	-0.675802	-0.637069	-0.370721	0.0	3.06374	1.8691	1.19088	0.359052	
0	0.925847	-0.15079800000000002	0.346507	0.0	-0.361045	-0.0822002	0.928919	0.0	-0.111596	-0.9851409999999999	-0.13055	0.0	-2.83819	-2.4127	-1.44277	0.35175700000000004	-0.416232	0.7443890000000001	-0.522146	0.0	0.609016	-0.19817200000000001	-0.7680020000000001	0.0	-0.675167	-0.637662	-0.37085999999999997	0.0	3.0726	1.86959	1.1937799999999998	0.359309	
0	0.928491	-0.12115899999999999	0.351034	0.0	-0.361966	-0.0840588	0.928394	0.0	-0.082976	-0.9890680000000001	-0.121903	0.0	-2.90226	-2.5895599999999996	-1.5244799999999998	0.35280900000000004	-0.41694799999999993	0.746003	-0.519263	0.0	0.609061	-0.19475	-0.768842	0.0	-0.6746850000000001	-0.63683	-0.373161	0.0	3.0735	1.87315	1.1896799999999998	0.359239	
0	0.929434	-0.111535	0.35172800000000004	0.0	-0.361263	-0.0810219	0.9289379999999999	0.0	-0.0751113	-0.990452	-0.115598	0.0	-2.93368	-2.73766	-1.5431700000000002	0.35292399999999996	-0.416908	0.746102	-0.519153	0.0	0.609999	-0.193773	-0.7683439999999999	0.0	-0.6738609999999999	-0.637012	-0.374336	0.0	3.07313	1.8764900000000002	1.19605	0.359104	
0	0.929206	-0.10929100000000001	0.353032	0.0	-0.362975	-0.0903435	0.927409	0.0	-0.06946360000000001	-0.9898959999999999	-0.123618	0.0	-2.9718299999999997	-2.907	-1.54504	0.362564	-0.416451	0.7471899999999999	-0.517953	0.0	0.6091409999999999	-0.193609	-0.769066	0.0	-0.6749189999999999	-0.635785	-0.37451599999999996	0.0	3.07498	1.87257	1.18828	0.359236	
0	0.9258190000000001	-0.0921561	0.366561	0.0	-0.374913	-0.100861	0.921557	0.0	-0.0479554	-0.9906229999999999	-0.127929	0.0	-2.98298	-3.0674900000000003	-1.51601	0.363978	-0.41627299999999995	0.7475189999999999	-0.517622	0.0	0.6086050000000001	-0.193875	-0.769424	0.0	-0.675513	-0.635318	-0.374238	0.0	3.07564	1.87188	1.17622	0.35925300000000004	
0	0.923157	-0.07528539999999999	0.376979	0.0	-0.38354	-0.11395999999999999	0.916466	0.0	-0.026035900000000004	-0.9906290000000001	-0.134078	0.0	-2.9703	-3.17545	-1.52396	0.363973	-0.417774	0.746483	-0.517907	0.0	0.608938	-0.192996	-0.7693810000000001	0.0	-0.674284	-0.6368010000000001	-0.373933	0.0	3.07393	1.87293	1.17835	0.359192	
0	0.911467	-0.0465124	0.408735	0.0	-0.411271	-0.125097	0.9028879999999999	0.0	0.00913617	-0.9910540000000001	-0.133151	0.0	-2.86733	-3.30435	-1.50342	0.363987	-0.417196	0.7462850000000001	-0.518658	0.0	0.609272	-0.19378599999999999	-0.768918	0.0	-0.674341	-0.636793	-0.373844	0.0	3.0824	1.8793900000000001	1.1738	0.359242	
0	0.9007129999999999	-0.0259466	0.43363999999999997	0.0	-0.433084	-0.131712	0.8916780000000001	0.0	0.0339796	-0.9909479999999999	-0.12987200000000002	0.0	-2.81927	-3.34677	-1.51409	0.363978	-0.416633	0.7468640000000001	-0.5182770000000001	0.0	0.6099	-0.19312200000000002	-0.768587	0.0	-0.674121	-0.636316	-0.375051	0.0	3.0853900000000003	1.88355	1.17317	0.359118	
0	0.887825	-0.00993285	0.460074	0.0	-0.456459	-0.14590899999999998	0.877699	0.0	0.0584111	-0.9892479999999999	-0.134076	0.0	-2.7387200000000003	-3.41771	-1.5038200000000002	0.363992	-0.41568599999999994	0.7471479999999999	-0.518628	0.0	0.609417	-0.194481	-0.768628	0.0	-0.675142	-0.635568	-0.374481	0.0	3.0852	1.8941400000000002	1.17622	0.359094	
0	0.872799	-0.00695336	0.48803100000000005	0.0	-0.482206	-0.166948	0.8600040000000001	0.0	0.07549550000000001	-0.985941	-0.149065	0.0	-2.6929	-3.4952199999999998	-1.54057	0.36398	-0.415228	0.747901	-0.5179090000000001	0.0	0.6069180000000001	-0.196345	-0.770129	0.0	-0.677669	-0.634108	-0.37238699999999997	0.0	3.08168	1.8996099999999998	1.17414	0.35930100000000004	
0	0.859527	-0.014812899999999999	0.510876	0.0	-0.5050020000000001	-0.17845	0.844469	0.0	0.0786569	-0.9838370000000001	-0.160863	0.0	-2.63105	-3.5994699999999997	-1.55417	0.363956	-0.414368	0.748742	-0.517383	0.0	0.606297	-0.196871	-0.7704840000000001	0.0	-0.678752	-0.632951	-0.372383	0.0	3.0742599999999998	1.90257	1.17525	0.35892399999999997	
0	0.852411	-0.018506799999999997	0.522545	0.0	-0.516312	-0.187612	0.835598	0.0	0.0825717	-0.9820690000000001	-0.169478	0.0	-2.6230599999999997	-3.6053699999999997	-1.55196	0.366261	-0.41361800000000004	0.749233	-0.5172720000000001	0.0	0.606302	-0.197175	-0.770402	0.0	-0.679204	-0.632275	-0.372706	0.0	3.082	1.9069	1.17292	0.358877	
0	0.8510690000000001	-0.0219262	0.524596	0.0	-0.5183409999999999	-0.194354	0.8327959999999999	0.0	0.0836972	-0.9806860000000001	-0.17677400000000001	0.0	-2.62144	-3.60449	-1.54825	0.367611	-0.412495	0.750472	-0.516372	0.0	0.605321	-0.197793	-0.771015	0.0	-0.68076	-0.6306109999999999	-0.372688	0.0	3.0937200000000002	1.91218	1.1716	0.35912	
0	0.849775	-0.03702659999999999	0.5258430000000001	0.0	-0.522071	-0.197189	0.829794	0.0	0.0729661	-0.979666	-0.186897	0.0	-2.61164	-3.60313	-1.53831	0.367349	-0.410358	0.752301	-0.515412	0.0	0.6034609999999999	-0.199721	-0.771976	0.0	-0.683696	-0.627818	-0.372027	0.0	3.10042	1.92672	1.1771200000000002	0.359112	
0	0.8483379999999999	-0.038258999999999994	0.5280699999999999	0.0	-0.524393	-0.198297	0.8280639999999999	0.0	0.073034	-0.9793950000000001	-0.18828599999999998	0.0	-2.6109	-3.6029	-1.53695	0.36754000000000003	-0.409512	0.7528590000000001	-0.51527	0.0	0.603489	-0.200023	-0.771876	0.0	-0.68418	-0.627052	-0.372431	0.0	3.10098	1.9348900000000002	1.1794200000000001	0.358994	
0	0.858693	-0.050005	0.510045	0.0	-0.508476	-0.207447	0.835714	0.0	0.06401749999999999	-0.976967	-0.20356	0.0	-2.61059	-3.6005300000000005	-1.52508	0.367487	-0.408267	0.754063	-0.514497	0.0	0.602453	-0.200871	-0.772465	0.0	-0.685834	-0.625332	-0.37227899999999997	0.0	3.0967599999999997	1.94597	1.19077	0.358908	
0	0.8716079999999999	-0.0401222	0.488559	0.0	-0.48537299999999994	-0.210204	0.848662	0.0	0.068647	-0.976834	-0.20269	0.0	-2.62376	-3.6004099999999997	-1.5278100000000001	0.36713	-0.407658	0.754703	-0.514041	0.0	0.601316	-0.201776	-0.7731140000000001	0.0	-0.687193	-0.624268	-0.37155900000000003	0.0	3.09863	1.9472200000000002	1.1927299999999998	0.35893	
0	0.934293	0.031013	0.355155	0.0	-0.34242	-0.199204	0.9181860000000001	0.0	0.09922410000000001	-0.979467	-0.175495	0.0	-2.70471	-3.60085	-1.56045	0.362092	-0.402708	0.757983	-0.513116	0.0	0.597015	-0.207416	-0.774953	0.0	-0.6938300000000001	-0.618417	-0.36899899999999997	0.0	3.0991	1.96468	1.19685	0.358944	
0	0.95199	0.0707669	0.297838	0.0	-0.285231	-0.14827	0.9469209999999999	0.0	0.111171	-0.9864120000000001	-0.120967	0.0	-2.7216400000000003	-3.6042199999999998	-1.5890799999999998	0.35823499999999997	-0.402196	0.7589670000000001	-0.512063	0.0	0.5972529999999999	-0.206407	-0.775039	0.0	-0.693922	-0.617548	-0.37027899999999997	0.0	3.09078	1.98681	1.19966	0.358783	
0	0.968583	0.065098	0.24001999999999998	0.0	-0.232239	-0.10844000000000001	0.9665950000000001	0.0	0.088951	-0.9919690000000001	-0.08991460000000001	0.0	-2.73608	-3.6017099999999997	-1.571	0.287568	-0.400836	0.76067	-0.510599	0.0	0.596263	-0.206531	-0.775768	0.0	-0.695558	-0.6154069999999999	-0.370774	0.0	3.09251	1.99039	1.19455	0.359002	
0	0.976613	0.0530073	0.20836999999999997	0.0	-0.204032	-0.07718269999999999	0.975917	0.0	0.06781319999999999	-0.995607	-0.0645624	0.0	-2.7541599999999997	-3.58837	-1.46987	0.131909	-0.400411	0.761987	-0.5089670000000001	0.0	0.594491	-0.206661	-0.777092	0.0	-0.697317	-0.6137319999999999	-0.370245	0.0	3.0941099999999997	1.99804	1.19184	0.35887199999999997	
0	0.981079	0.038537199999999994	0.189735	0.0	-0.18801099999999998	-0.0443173	0.981167	0.0	0.04622	-0.998274	-0.0362333	0.0	-2.7442	-3.5864599999999998	-1.48838	0.13211900000000001	-0.399753	0.76326	-0.507574	0.0	0.594882	-0.20525500000000002	-0.777165	0.0	-0.697362	-0.612621	-0.37199899999999997	0.0	3.09659	2.0084400000000002	1.19414	0.358766	
0	0.985728	0.024257499999999998	0.16659100000000002	0.0	-0.16589600000000002	-0.028293900000000004	0.9857370000000001	0.0	0.028625	-0.9993049999999999	-0.023865900000000002	0.0	-2.72765	-3.5777400000000004	-1.48989	0.13209400000000002	-0.399648	0.7636430000000001	-0.5070819999999999	0.0	0.594885	-0.204808	-0.777281	0.0	-0.697419	-0.612294	-0.372429	0.0	3.10221	2.0143	1.18572	0.358774	
0	0.98655	0.0293928	0.160798	0.0	-0.160597	-0.00906929	0.986978	0.0	0.0304683	-0.999527	-0.00422691	0.0	-2.72948	-3.57122	-1.50591	0.131959	-0.399149	0.7645529999999999	-0.506101	0.0	0.594802	-0.204154	-0.777516	0.0	-0.697775	-0.611375	-0.37327	0.0	3.10558	2.01423	1.18327	0.358552	
0	0.983341	0.039444	0.177438	0.0	-0.176701	-0.0214653	0.98403	0.0	0.042622900000000005	-0.998991	-0.014137899999999998	0.0	-2.75088	-3.5802400000000003	-1.50766	0.132262	-0.398431	0.764295	-0.5070560000000001	0.0	0.594971	-0.205368	-0.777067	0.0	-0.698041	-0.6112920000000001	-0.372908	0.0	3.10028	2.01448	1.1874799999999999	0.358532	
0	0.983714	0.0620779	0.168682	0.0	-0.165384	-0.054935300000000006	0.984698	0.0	0.0703946	-0.9965579999999999	-0.043773900000000004	0.0	-2.77219	-3.58777	-1.48289	0.132396	-0.39773400000000003	0.764264	-0.507649	0.0	0.594308	-0.206929	-0.7771600000000001	0.0	-0.6990029999999999	-0.610803	-0.371906	0.0	3.09177	2.01336	1.1871399999999999	0.358722	
0	0.981856	0.109856	0.154564	0.0	-0.142056	-0.11381500000000001	0.983294	0.0	0.125612	-0.98741	-0.0961448	0.0	-2.74872	-3.4356800000000005	-1.46495	0.132141	-0.396937	0.765008	-0.507153	0.0	0.594737	-0.20648200000000003	-0.7769510000000001	0.0	-0.699092	-0.610023	-0.373019	0.0	3.08568	2.0143400000000002	1.1837799999999998	0.358582	
0	0.9773229999999999	0.15834600000000001	0.140594	0.0	-0.11574100000000001	-0.15654	0.980867	0.0	0.177325	-0.9748959999999999	-0.134663	0.0	-2.67634	-3.15053	-1.4234	0.13234100000000001	-0.397142	0.765228	-0.50666	0.0	0.594691	-0.20590999999999998	-0.777138	0.0	-0.699014	-0.6099399999999999	-0.373299	0.0	3.0802400000000003	2.01439	1.1820700000000002	0.358646	
0	0.9729690000000001	0.195078	0.123596	0.0	-0.0837466	-0.200716	0.9760639999999999	0.0	0.215216	-0.9600299999999999	-0.178953	0.0	-2.68708	-2.8730700000000002	-1.42501	0.132144	-0.39673800000000004	0.765362	-0.506774	0.0	0.594092	-0.206767	-0.777369	0.0	-0.699753	-0.609482	-0.372663	0.0	3.08042	2.0160299999999998	1.18401	0.358741	
0	0.9600569999999999	0.257522	0.109418	0.0	-0.033500199999999994	-0.282449	0.9586969999999999	0.0	0.277791	-0.9240700000000001	-0.26254	0.0	-2.75149	-2.0943099999999997	-1.41229	0.132323	-0.396115	0.7664449999999999	-0.5056229999999999	0.0	0.593803	-0.20618699999999998	-0.777744	0.0	-0.7003510000000001	-0.608316	-0.373444	0.0	3.07595	2.0110200000000003	1.1803299999999999	0.358768	
0	0.956233	0.270835	0.11075299999999999	0.0	-0.0195042	-0.31866700000000003	0.947666	0.0	0.291954	-0.90835	-0.299437	0.0	-2.7940099999999997	-1.8191099999999998	-1.3961299999999999	0.132141	-0.396049	0.7667109999999999	-0.505271	0.0	0.593234	-0.20636	-0.7781319999999999	0.0	-0.70087	-0.607923	-0.37311	0.0	3.07559	2.00746	1.18156	0.358942	
0	0.939801	0.324853	0.10603800000000001	0.0	0.012566599999999999	-0.342948	0.93927	0.0	0.341491	-0.881395	-0.326385	0.0	-2.9605099999999998	-1.14616	-1.28835	0.13214	-0.396919	0.766785	-0.5044770000000001	0.0	0.594349	-0.20411400000000002	-0.777874	0.0	-0.6994319999999999	-0.608588	-0.374721	0.0	3.07591	2.01065	1.18508	0.359014	
1	0.9062899999999999	0.414013	0.0850407	0.0	0.0676397	-0.340683	0.937742	0.0	0.417209	-0.8441139999999999	-0.336762	0.0	-3.11004	-0.7563479999999999	-1.26604	0.13231600000000002	-0.396827	0.768191	-0.502405	0.0	0.593599	-0.202714	-0.7788109999999999	0.0	-0.70012	-0.6072810000000001	-0.375556	0.0	3.07416	2.0131200000000002	1.1810399999999999	0.359198	
1	0.807531	0.588765	0.0353386	0.0	0.141592	-0.251668	0.9574	0.0	0.572577	-0.768127	-0.286594	0.0	-3.15342	-0.47519300000000003	-1.21595	0.132126	-0.392971	0.768534	-0.504905	0.0	0.5937680000000001	-0.20718899999999998	-0.777504	0.0	-0.702149	-0.605333	-0.374911	0.0	3.07685	2.0127900000000003	1.17674	0.359215	
1	0.632688	0.773597	-0.03541319999999999	0.0	0.184121	-0.105851	0.977188	0.0	0.7522	-0.624775	-0.20940599999999998	0.0	-3.09885	-0.423378	-1.21058	0.132322	-0.39236	0.7695529999999999	-0.5038279999999999	0.0	0.592192	-0.20778400000000002	-0.778546	0.0	-0.70382	-0.603833	-0.374197	0.0	3.08049	2.01554	1.17849	0.35927	
1	0.47862	0.869192	-0.12420999999999999	0.0	0.17763800000000002	0.0426822	0.9831700000000001	0.0	0.859865	-0.492629	-0.133973	0.0	-2.88436	-0.555721	-1.22485	0.132325	-0.384696	0.7730100000000001	-0.504445	0.0	0.588889	-0.215295	-0.779011	0.0	-0.710788	-0.5967439999999999	-0.372394	0.0	3.05598	2.01669	1.1731200000000002	0.35938000000000003	
1	0.313181	0.922325	-0.22634899999999997	0.0	0.144025	0.18945599999999999	0.971269	0.0	0.938709	-0.336783	-0.0735036	0.0	-2.6571599999999997	-0.8544719999999999	-1.29182	0.132146	-0.270415	0.792779	-0.546239	0.0	0.581278	-0.317844	-0.7490600000000001	0.0	-0.767458	-0.5200739999999999	-0.374875	0.0	3.05993	2.03554	1.12594	0.360083	
1	0.139471	0.9330639999999999	-0.33157	0.0	0.106895	0.31869899999999995	0.941809	0.0	0.98444	-0.166799	-0.0552905	0.0	-2.43925	-1.04996	-1.42394	0.13230899999999998	-0.134414	0.780362	-0.610712	0.0	0.550058	-0.453876	-0.701023	0.0	-0.8242379999999999	-0.430154	-0.368237	0.0	3.0705299999999998	2.0442299999999998	1.06954	0.360482	
1	-0.09941839999999999	0.853147	-0.512109	0.0	-0.017531	0.513077	0.8581629999999999	0.0	0.994891	0.0942951	-0.0360528	0.0	-2.0756200000000002	-1.13778	-1.6391099999999998	0.132116	-0.019547799999999997	0.712834	-0.70106	0.0	0.45728599999999997	-0.6171800000000001	-0.640296	0.0	-0.8891049999999999	-0.33310100000000004	-0.313904	0.0	2.98012	1.92693	0.989748	0.360683	
1	-0.133713	0.825534	-0.548284	0.0	-0.0656531	0.544658	0.8360850000000001	0.0	0.988843	0.147792	-0.0186291	0.0	-1.90018	-1.14838	-1.67715	0.132158	0.0178172	0.690946	-0.722687	0.0	0.425712	-0.659253	-0.6198020000000001	0.0	-0.904683	-0.296614	-0.30589	0.0	2.9092	1.8795400000000002	0.939666	0.36036799999999997	
1	-0.197311	0.7579199999999999	-0.621792	0.0	-0.17613800000000002	0.596532	0.7830229999999999	0.0	0.9643879999999999	0.264021	0.0157959	0.0	-1.44882	-1.10883	-1.7387	0.13233699999999998	0.00730789	0.66992	-0.742398	0.0	0.38958000000000004	-0.685665	-0.614891	0.0	-0.9209639999999999	-0.28473000000000004	-0.265999	0.0	2.67338	1.7124400000000002	0.841727	0.360283	
1	-0.23355	0.710234	-0.664094	0.0	-0.22993200000000003	0.623272	0.747438	0.0	0.944767	0.327261	0.0177409	0.0	-1.30065	-1.0350700000000002	-1.77898	0.13205799999999998	-0.013099799999999998	0.66811	-0.743947	0.0	0.378661	-0.685284	-0.6220939999999999	0.0	-0.925443	-0.289853	-0.24401	0.0	2.56475	1.62582	0.800143	0.360195	
1	-0.28723899999999997	0.608927	-0.7393930000000001	0.0	-0.275791	0.686658	0.672637	0.0	0.9172969999999999	0.397125	-0.029298900000000003	0.0	-1.04243	-0.760529	-1.8935099999999998	0.131549	-0.110425	0.702449	-0.703116	0.0	0.381229	-0.623394	-0.682675	0.0	-0.9178620000000001	-0.343432	-0.198956	0.0	2.2159999999999997	1.41028	0.703068	0.360379	
1	-0.305701	0.555388	-0.773363	0.0	-0.309654	0.710098	0.632357	0.0	0.900367	0.432788	-0.0450996	0.0	-0.9688889999999999	-0.645716	-1.9066599999999998	0.13138	-0.139509	0.724279	-0.675246	0.0	0.37946399999999997	-0.590755	-0.712051	0.0	-0.9146280000000001	-0.355569	-0.192422	0.0	2.10299	1.35208	0.652567	0.360369	
1	-0.317346	0.48283400000000004	-0.816188	0.0	-0.344536	0.74316	0.573593	0.0	0.883508	0.46323400000000003	-0.0694857	0.0	-0.850598	-0.45041099999999995	-1.8338299999999998	0.131152	-0.259484	0.77962	-0.569966	0.0	0.34975500000000004	-0.474254	-0.807932	0.0	-0.9001879999999999	-0.408994	-0.149614	0.0	1.8143599999999998	1.19061	0.642077	0.361928	
1	-0.324332	0.44885200000000003	-0.8326709999999999	0.0	-0.354749	0.758296	0.546938	0.0	0.8769049999999999	0.472778	-0.08670939999999999	0.0	-0.778045	-0.292107	-1.76498	0.131192	-0.297215	0.804264	-0.51461	0.0	0.319112	-0.42430200000000007	-0.8474290000000001	0.0	-0.899906	-0.41608599999999996	-0.13054100000000002	0.0	1.5772700000000002	1.08029	0.589079	0.363147	
1	-0.321495	0.42861400000000005	-0.844352	0.0	-0.367689	0.7652140000000001	0.528443	0.0	0.872609	0.48035100000000003	-0.0884163	0.0	-0.720996	-0.252847	-1.7254	0.131169	-0.297162	0.8114979999999999	-0.503156	0.0	0.308652	-0.41703	-0.85488	0.0	-0.9035639999999999	-0.40933800000000004	-0.126545	0.0	1.48422	1.06674	0.582897	0.36240700000000003	
1	-0.285337	0.41473999999999994	-0.8640450000000001	0.0	-0.374164	0.781783	0.498816	0.0	0.882374	0.465625	-0.0678913	0.0	-0.576982	-0.21165599999999998	-1.58311	0.131431	-0.381802	0.793748	-0.473488	0.0	0.313411	-0.370755	-0.874251	0.0	-0.869483	-0.482187	-0.107214	0.0	1.27667	0.9884129999999999	0.6405689999999999	0.359196	
1	-0.28124099999999996	0.41318999999999995	-0.8661280000000001	0.0	-0.374607	0.783679	0.495497	0.0	0.883501	0.463811	-0.0656192	0.0	-0.564809	-0.209353	-1.56589	0.131439	-0.38350300000000004	0.792585	-0.47406099999999995	0.0	0.31545100000000004	-0.370019	-0.8738290000000001	0.0	-0.8679950000000001	-0.484659	-0.108119	0.0	1.26741	0.98265	0.634455	0.35920599999999997	
1	-0.261995	0.40410300000000005	-0.87639	0.0	-0.362182	0.800563	0.47741300000000003	0.0	0.8945290000000001	0.442492	-0.06338490000000001	0.0	-0.497908	-0.258897	-1.45039	0.13143	-0.361652	0.807342	-0.46626899999999993	0.0	0.3076	-0.36879	-0.877141	0.0	-0.880108	-0.46064399999999994	-0.11496500000000001	0.0	1.1799	0.9913780000000001	0.429825	0.360026	
1	-0.258022	0.397512	-0.8805729999999999	0.0	-0.355777	0.808294	0.469131	0.0	0.8982469999999999	0.43433299999999997	-0.06713229999999999	0.0	-0.492551	-0.284943	-1.42418	0.13151400000000002	-0.357747	0.8082189999999999	-0.46776	0.0	0.314666	-0.36728099999999997	-0.875266	0.0	-0.8792049999999999	-0.460312	-0.122926	0.0	1.16006	0.9962549999999999	0.338864	0.36043800000000004	
1	-0.232181	0.377176	-0.896566	0.0	-0.34476	0.83	0.438453	0.0	0.909523	0.410901	-0.0626748	0.0	-0.478871	-0.315379	-1.34667	0.13192	-0.364255	0.810427	-0.458833	0.0	0.338494	-0.343775	-0.875923	0.0	-0.867606	-0.474371	-0.14910299999999999	0.0	1.15669	0.982088	0.181822	0.36073	
1	-0.225083	0.366081	-0.9029520000000001	0.0	-0.343992	0.837198	0.42517	0.0	0.911596	0.40630700000000003	-0.0625106	0.0	-0.473053	-0.31846599999999997	-1.3071700000000002	0.131751	-0.372133	0.810068	-0.453107	0.0	0.347537	-0.33105	-0.877282	0.0	-0.8606600000000001	-0.483937	-0.158334	0.0	1.1709200000000002	0.96706	0.12964	0.36074	
1	-0.213761	0.326748	-0.9206209999999999	0.0	-0.347086	0.855511	0.38423	0.0	0.9131469999999999	0.401667	-0.06946519999999999	0.0	-0.4971	-0.2057	-1.21357	0.131841	-0.384817	0.8149689999999999	-0.433291	0.0	0.36288400000000004	-0.29805	-0.882883	0.0	-0.848665	-0.496982	-0.181045	0.0	1.25486	0.9108440000000001	-0.029704700000000004	0.360791	
1	-0.20517800000000003	0.308675	-0.928775	0.0	-0.35231	0.8620559999999999	0.364331	0.0	0.913116	0.401969	-0.0681257	0.0	-0.512335	-0.15231	-1.1724299999999999	0.13205699999999998	-0.386358	0.816711	-0.42861499999999997	0.0	0.370314	-0.288248	-0.8830520000000001	0.0	-0.8447459999999999	-0.49989700000000004	-0.191072	0.0	1.2970700000000002	0.876059	-0.0945232	0.360556	
1	-0.199123	0.290473	-0.9359360000000001	0.0	-0.36754699999999996	0.863207	0.346098	0.0	0.908438	0.41291700000000003	-0.0651221	0.0	-0.526751	-0.0370445	-1.0535	0.131965	-0.401506	0.80547	-0.435904	0.0	0.36425100000000005	-0.296252	-0.882925	0.0	-0.840306	-0.513278	-0.174447	0.0	1.3278299999999998	0.758959	-0.132157	0.361068	
1	-0.195702	0.284615	-0.9384540000000001	0.0	-0.376977	0.8615940000000001	0.339918	0.0	0.9053120000000001	0.42029799999999995	-0.0613222	0.0	-0.529	0.058728999999999996	-0.9546870000000001	0.131886	-0.435482	0.795143	-0.422023	0.0	0.351172	-0.28160999999999997	-0.892958	0.0	-0.828875	-0.5370689999999999	-0.156596	0.0	1.33655	0.648353	-0.04876969999999999	0.361734	
1	-0.190661	0.270932	-0.943528	0.0	-0.386359	0.862874	0.325845	0.0	0.9024270000000001	0.426666	-0.059839199999999995	0.0	-0.522435	0.119875	-0.9241739999999999	0.131851	-0.451165	0.793458	-0.408504	0.0	0.345884	-0.266496	-0.8996350000000001	0.0	-0.8226870000000001	-0.547179	-0.154211	0.0	1.33815	0.5927060000000001	-0.018414700000000003	0.361363	
1	-0.180813	0.248428	-0.951625	0.0	-0.409025	0.860936	0.302469	0.0	0.89443	0.443929	-0.054055200000000005	0.0	-0.45868100000000006	0.215232	-0.8383709999999999	0.131732	-0.46586000000000005	0.792222	-0.39415500000000003	0.0	0.33519699999999997	-0.25424800000000003	-0.9071940000000001	0.0	-0.818913	-0.5547449999999999	-0.147107	0.0	1.3310899999999999	0.49411499999999997	0.0318298	0.361682	
1	-0.181268	0.2495	-0.951258	0.0	-0.416804	0.856619	0.304102	0.0	0.890739	0.451613	-0.051285300000000006	0.0	-0.45292899999999997	0.253639	-0.8207760000000001	0.131454	-0.46624	0.796503	-0.384971	0.0	0.33184600000000003	-0.245923	-0.9107139999999999	0.0	-0.82006	-0.552362	-0.14965699999999998	0.0	1.32469	0.467859	0.0631212	0.36193000000000003	
1	-0.177781	0.24205	-0.953838	0.0	-0.42854899999999996	0.8534959999999999	0.296462	0.0	0.885856	0.461471	-0.048005	0.0	-0.462358	0.272539	-0.855215	0.131529	-0.465949	0.798702	-0.380745	0.0	0.329698	-0.242598	-0.912385	0.0	-0.821091	-0.550656	-0.150292	0.0	1.3333899999999999	0.47849899999999995	0.0506464	0.361568	
1	-0.18369000000000002	0.23721799999999998	-0.953932	0.0	-0.43044	0.8530459999999999	0.295016	0.0	0.8837309999999999	0.46480200000000005	-0.0545884	0.0	-0.467834	0.27660100000000004	-0.860877	0.131703	-0.46571599999999996	0.79916	-0.380067	0.0	0.329899	-0.241738	-0.91254	0.0	-0.821142	-0.550369	-0.151062	0.0	1.32974	0.485759	0.0461077	0.361433	
