0	0.593133	0.516197	-0.617846	0.0	0.6853600000000001	0.0789555	0.723911	0.0	0.42246300000000003	-0.852823	-0.30695	0.0	-2.73968	2.0	1.46191	0.0	-0.040894	0.7471760000000001	-0.663367	0.0	0.48635200000000006	-0.565075	-0.6664479999999999	0.0	-0.872806	-0.349883	-0.340283	0.0	2.69043	1.96252	1.60227	0.0	
0	0.593133	0.516197	-0.617846	0.0	0.685329	0.0790177	0.723934	0.0	0.422513	-0.852817	-0.306897	0.0	-2.7396700000000003	2.0	1.46191	0.0	-0.057747400000000004	0.73407	-0.676614	0.0	0.444087	-0.5881109999999999	-0.675953	0.0	-0.8941209999999999	-0.33951	-0.29203	0.0	2.6914	1.88526	1.65018	0.0	
0	0.593132	0.516197	-0.617847	0.0	0.6852689999999999	0.0791403	0.723978	0.0	0.422612	-0.852806	-0.306793	0.0	-2.7396700000000003	2.0	1.46191	0.0	-0.0305847	0.7079770000000001	-0.705573	0.0	0.42859899999999995	-0.628424	-0.649143	0.0	-0.902977	-0.322262	-0.28421799999999997	0.0	2.69037	1.84486	1.7026400000000002	0.0	
0	0.593133	0.516197	-0.617846	0.0	0.6852159999999999	0.0792468	0.724016	0.0	0.42269700000000004	-0.8527959999999999	-0.306703	0.0	-2.73968	2.0	1.46191	1.2889500000000002e-06	0.0384448	0.6608	-0.749577	0.0	0.463041	-0.676515	-0.572643	0.0	-0.885503	-0.32506999999999997	-0.331986	0.0	2.65757	1.9744400000000002	1.7267700000000001	0.0	
0	0.593132	0.516197	-0.617847	0.0	0.6851430000000001	0.0793945	0.724069	0.0	0.42281599999999997	-0.8527819999999999	-0.306577	0.0	-2.7396700000000003	2.0	1.46191	0.0	-0.033413099999999994	0.7338640000000001	-0.678474	0.0	0.531741	-0.561746	-0.633793	0.0	-0.846248	-0.381949	-0.371456	0.0	2.69605	2.04071	1.7008400000000001	0.276548	
0	0.593133	0.516197	-0.617846	0.0	0.685079	0.0795218	0.724115	0.0	0.422918	-0.85277	-0.306469	0.0	-2.7396700000000003	2.0	1.46191	0.0	-0.08990880000000001	0.7489140000000001	-0.656539	0.0	0.564992	-0.504518	-0.652875	0.0	-0.820183	-0.42963900000000005	-0.37777	0.0	2.6816299999999997	1.96023	1.62057	0.344224	
0	0.593133	0.516197	-0.617846	0.0	0.685024	0.079634	0.724155	0.0	0.423008	-0.8527600000000001	-0.306374	0.0	-2.73968	2.0	1.46191	0.0	-0.11254000000000002	0.76054	-0.639464	0.0	0.593611	-0.46463000000000004	-0.6570729999999999	0.0	-0.796844	-0.45353999999999994	-0.399175	0.0	2.73648	1.9262599999999999	1.57218	0.34383800000000003	
0	0.593133	0.516197	-0.617846	0.0	0.684924	0.0798351	0.724228	0.0	0.42317	-0.852741	-0.306203	0.0	-2.73968	2.0	1.46191	0.0	-0.0755941	0.742088	-0.666026	0.0	0.594309	-0.5028050000000001	-0.627681	0.0	-0.800676	-0.443274	-0.403021	0.0	2.79128	1.99142	1.54177	0.342104	
0	0.593132	0.516197	-0.617847	0.0	0.684829	0.08002689999999998	0.724296	0.0	0.423324	-0.852723	-0.30604000000000003	0.0	-2.73968	2.0	1.46191	0.0	-0.0200352	0.715449	-0.6983779999999999	0.0	0.508871	-0.593975	-0.623092	0.0	-0.86061	-0.367868	-0.352171	0.0	2.67449	2.07757	1.61533	0.344281	
0	0.593133	0.516197	-0.617846	0.0	0.684753	0.0801786	0.724351	0.0	0.423446	-0.852709	-0.305911	0.0	-2.7396700000000003	2.0	1.46191	0.0	0.016438499999999998	0.729991	-0.6832590000000001	0.0	0.466634	-0.609969	-0.640462	0.0	-0.8842979999999999	-0.308303	-0.350666	0.0	2.62285	2.15988	1.59332	0.344942	
0	0.593133	0.516197	-0.617846	0.0	0.684686	0.0803135	0.724399	0.0	0.423554	-0.8526959999999999	-0.305797	0.0	-2.7396700000000003	2.0	1.46191	0.0	0.013965200000000002	0.730589	-0.682674	0.0	0.46916800000000003	-0.6077060000000001	-0.6407619999999999	0.0	-0.882999	-0.31134	-0.351256	0.0	2.60779	2.17836	1.6069799999999999	0.344325	
0	0.593132	0.516197	-0.617846	0.0	0.684593	0.0805022	0.724467	0.0	0.423706	-0.852678	-0.305636	0.0	-2.73968	2.0	1.46191	0.0	0.014202700000000002	0.740418	-0.6719970000000001	0.0	0.478239	-0.59524	-0.645738	0.0	-0.878115	-0.312204	-0.362551	0.0	2.61173	2.16426	1.59951	0.343868	
0	0.593133	0.516197	-0.617847	0.0	0.6845319999999999	0.08062380000000001	0.724511	0.0	0.423804	-0.852667	-0.305533	0.0	-2.7396700000000003	2.0	1.46191	0.0	-0.05329880000000001	0.7360899999999999	-0.674783	0.0	0.49946	-0.565493	-0.656321	0.0	-0.8646959999999999	-0.372008	-0.337507	0.0	2.56222	2.0761	1.6746400000000001	0.34163899999999997	
0	0.593133	0.516197	-0.617846	0.0	0.6844819999999999	0.0807253	0.724547	0.0	0.423885	-0.852657	-0.30544699999999997	0.0	-2.73968	2.0	1.46191	0.0	-0.0576465	0.736125	-0.6743859999999999	0.0	0.498246	-0.5641550000000001	-0.658392	0.0	-0.865117	-0.37396399999999996	-0.33424899999999996	0.0	2.5484299999999998	2.05008	1.7130299999999998	0.335921	
0	0.593132	0.516197	-0.617846	0.0	0.684424	0.0808418	0.724588	0.0	0.42397799999999997	-0.8526459999999999	-0.305348	0.0	-2.7396700000000003	2.0	1.46191	0.0	-0.0798827	0.733708	-0.6747529999999999	0.0	0.503694	-0.554426	-0.662499	0.0	-0.860181	-0.392791	-0.325275	0.0	2.52188	2.0275	1.7362799999999998	0.345132	
0	0.593133	0.516197	-0.617846	0.0	0.68437	0.08095	0.724627	0.0	0.42406499999999997	-0.8526360000000001	-0.30525599999999997	0.0	-2.73968	2.0	1.46191	0.0	-0.07160239999999998	0.722923	-0.6872090000000001	0.0	0.482592	-0.577856	-0.65817	0.0	-0.8729129999999999	-0.378768	-0.307501	0.0	2.53477	2.0167900000000003	1.7317799999999999	0.343866	
0	0.593133	0.516197	-0.617846	0.0	0.6843130000000001	0.0810656	0.724669	0.0	0.424158	-0.852625	-0.305158	0.0	-2.73968	2.0	1.46191	0.0	-0.0411884	0.70439	-0.708617	0.0	0.452007	-0.619359	-0.641938	0.0	-0.8910629999999999	-0.34674	-0.292879	0.0	2.54485	2.01793	1.72098	0.341895	
0	0.593132	0.516197	-0.617847	0.0	0.684258	0.0811754	0.724708	0.0	0.424246	-0.852614	-0.305064	0.0	-2.7396700000000003	2.0	1.46191	0.0	-0.0350134	0.702512	-0.71081	0.0	0.448801	-0.624441	-0.639258	0.0	-0.8929450000000001	-0.341395	-0.29342399999999996	0.0	2.5493200000000003	2.02425	1.72554	0.337264	
0	0.593132	0.516197	-0.617846	0.0	0.684203	0.0812855	0.724747	0.0	0.424335	-0.8526040000000001	-0.304971	0.0	-2.7396700000000003	2.0	1.46191	0.0	-0.0329344	0.698421	-0.714929	0.0	0.45002700000000007	-0.628339	-0.6345609999999999	0.0	-0.892408	-0.342636	-0.293614	0.0	2.5333900000000003	2.0246299999999997	1.75327	0.341353	
0	0.593133	0.516197	-0.617846	0.0	0.684145	0.0814034	0.724789	0.0	0.424429	-0.852592	-0.304871	0.0	-2.7396700000000003	2.0	1.46191	0.0	-0.054149	0.70013	-0.711959	0.0	0.470192	-0.611132	-0.636739	0.0	-0.8809020000000001	-0.369236	-0.296103	0.0	2.51443	2.01593	1.8109	0.34369	
0	0.593132	0.516197	-0.617846	0.0	0.684092	0.0815082	0.724827	0.0	0.42451300000000003	-0.852582	-0.30478099999999997	0.0	-2.7396700000000003	2.0	1.46191	0.0	-0.0839498	0.703584	-0.705635	0.0	0.501306	-0.582178	-0.640126	0.0	-0.861188	-0.407477	-0.30383699999999997	0.0	2.51323	1.9401700000000002	1.80467	0.34328600000000004	
0	0.593132	0.516197	-0.617846	0.0	0.684034	0.0816256	0.724869	0.0	0.42460699999999996	-0.852571	-0.304682	0.0	-2.73968	2.0	1.46191	0.0	-0.09776389999999999	0.703342	-0.704097	0.0	0.5158520000000001	-0.569213	-0.640229	0.0	-0.851081	-0.42580100000000004	-0.307172	0.0	2.5257099999999997	1.8990099999999999	1.7932	0.343308	
0	0.593132	0.516197	-0.617846	0.0	0.683979	0.0817356	0.724908	0.0	0.424696	-0.852561	-0.304588	0.0	-2.73968	2.0	1.46191	0.0	-0.11653800000000002	0.710611	-0.693867	0.0	0.528855	-0.5469470000000001	-0.6489689999999999	0.0	-0.840673	-0.44258500000000006	-0.312071	0.0	2.5246299999999997	1.89747	1.7987400000000002	0.344235	
0	0.593132	0.516197	-0.617846	0.0	0.683923	0.0818482	0.7249479999999999	0.0	0.42478599999999994	-0.85255	-0.304492	0.0	-2.7396700000000003	2.0	1.46191	0.0	-0.14389100000000002	0.720439	-0.678427	0.0	0.549112	-0.512209	-0.660392	0.0	-0.823269	-0.46755699999999994	-0.3219	0.0	2.51609	1.8863299999999998	1.80818	0.344393	
0	0.593133	0.516197	-0.617846	0.0	0.683869	0.0819561	0.7249869999999999	0.0	0.42487299999999995	-0.85254	-0.30440100000000003	0.0	-2.7396700000000003	2.0	1.46191	0.0	-0.16281800000000002	0.724891	-0.669345	0.0	0.562211	-0.48932700000000007	-0.6666920000000001	0.0	-0.810808	-0.484863	-0.32787	0.0	2.52433	1.8689099999999998	1.81204	0.344505	
0	0.593132	0.516197	-0.617847	0.0	0.683814	0.0820678	0.7250270000000001	0.0	0.424962	-0.8525290000000001	-0.304306	0.0	-2.73968	2.0	1.46191	0.0	-0.17122	0.7298560000000001	-0.6618109999999999	0.0	0.569555	-0.474788	-0.670957	0.0	-0.803922	-0.49181899999999995	-0.3344	0.0	2.5531599999999997	1.8449200000000001	1.8043799999999999	0.34481100000000003	
0	0.593133	0.516197	-0.617846	0.0	0.683758	0.0821792	0.725067	0.0	0.425051	-0.852518	-0.304211	0.0	-2.73968	2.0	1.46191	0.0	-0.185224	0.7336010000000001	-0.653852	0.0	0.580226	-0.45536000000000004	-0.6752670000000001	0.0	-0.793114	-0.504458	-0.34131	0.0	2.56072	1.8073299999999999	1.7971099999999998	0.345887	
0	0.593132	0.516197	-0.617847	0.0	0.6836479999999999	0.08240089999999999	0.725146	0.0	0.425229	-0.852497	-0.30402199999999996	0.0	-2.73968	2.0	1.46191	0.0	-0.20579899999999998	0.7309060000000001	-0.65071	0.0	0.591123	-0.43707399999999996	-0.677894	0.0	-0.779885	-0.524159	-0.342106	0.0	2.56126	1.7828099999999998	1.81119	0.346197	
0	0.593132	0.516197	-0.617847	0.0	0.683584	0.08252860000000001	0.725191	0.0	0.425332	-0.852484	-0.30391399999999996	0.0	-2.7396700000000003	2.0	1.46191	0.0	-0.20774499999999999	0.725475	-0.656146	0.0	0.5957319999999999	-0.438199	-0.6731159999999999	0.0	-0.7758520000000001	-0.530723	-0.34115500000000004	0.0	2.58522	1.82335	1.8086099999999998	0.34577199999999997	
0	0.593133	0.516197	-0.617846	0.0	0.683531	0.082635	0.725229	0.0	0.425417	-0.852474	-0.303823	0.0	-2.73968	2.0	1.46191	0.0	-0.207686	0.72407	-0.6577149999999999	0.0	0.598295	-0.43791899999999995	-0.671022	0.0	-0.773893	-0.5328689999999999	-0.342258	0.0	2.6113	1.83758	1.80758	0.345767	
0	0.272407	0.9061040000000001	-0.323681	0.0	-0.0341916	0.34530700000000003	0.937867	0.0	0.9615739999999999	-0.24441500000000002	0.12504500000000002	0.0	-3.16716	2.38015	1.67845	0.0	-0.206283	0.725392	-0.656699	0.0	0.59482	-0.439929	-0.672793	0.0	-0.77694	-0.529403	-0.34072800000000003	0.0	2.61836	1.84313	1.80204	0.34597100000000003	
0	0.15959500000000001	0.933149	-0.32212199999999996	0.0	-0.013308	0.328308	0.944477	0.0	0.987093	-0.146447	0.0648146	0.0	-3.1402900000000002	2.61472	1.67725	0.0	-0.206697	0.725007	-0.656994	0.0	0.5934649999999999	-0.440958	-0.673317	0.0	-0.777866	-0.529075	-0.339122	0.0	2.60201	1.84359	1.8067099999999998	0.346346	
0	0.108947	0.940893	-0.320704	0.0	-0.00491115	0.32313000000000003	0.946342	0.0	0.994036	-0.101526	0.03982480000000001	0.0	-3.13908	2.7852099999999997	1.65955	0.213625	-0.209995	0.725433	-0.6554760000000001	0.0	0.595287	-0.436963	-0.674312	0.0	-0.775587	-0.531798	-0.340081	0.0	2.59654	1.85015	1.8122599999999998	0.346155	
0	0.143425	0.932911	-0.330313	0.0	0.00909451	0.332507	0.9430569999999999	0.0	0.989619	-0.138262	0.0392054	0.0	-2.88084	2.8970599999999997	1.71984	0.351121	-0.209708	0.7257140000000001	-0.655257	0.0	0.599136	-0.43423	-0.672667	0.0	-0.772696	-0.533651	-0.34374	0.0	2.61223	1.8606599999999998	1.80493	0.345886	
0	0.189414	0.9203389999999999	-0.342197	0.0	0.0179489	0.345202	0.938357	0.0	0.981733	-0.18388	0.048867	0.0	-2.77136	2.8765	1.76797	0.352852	-0.20835399999999998	0.723826	-0.657772	0.0	0.5965010000000001	-0.438932	-0.671956	0.0	-0.775097	-0.532367	-0.34031	0.0	2.62394	1.8677	1.7943900000000002	0.34574099999999997	
0	0.327399	0.898957	-0.29101	0.0	-0.00282091	0.30891199999999996	0.9510860000000001	0.0	0.944882	-0.310564	0.103673	0.0	-2.65162	2.6776400000000002	1.9023400000000001	0.353263	-0.21350100000000002	0.72587	-0.6538579999999999	0.0	0.598162	-0.432042	-0.6749390000000001	0.0	-0.772412	-0.535213	-0.341946	0.0	2.61542	1.87832	1.79991	0.345877	
0	0.513215	0.826732	-0.230488	0.0	-0.0558077	0.30013	0.9522649999999999	0.0	0.8564440000000001	-0.475854	0.200169	0.0	-2.5453799999999998	2.27284	2.0924400000000003	0.354877	-0.216204	0.727981	-0.6506149999999999	0.0	0.599874	-0.42671800000000004	-0.6768029999999999	0.0	-0.770329	-0.536615	-0.344439	0.0	2.6078799999999998	1.8882	1.7933599999999998	0.345975	
0	0.775872	0.630621	-0.018408900000000002	0.0	-0.0881205	0.137218	0.986613	0.0	0.6247050000000001	-0.763864	0.16203399999999998	0.0	-2.64491	1.5396	2.11483	0.35499	-0.21722399999999997	0.733429	-0.644123	0.0	0.600509	-0.419821	-0.6805439999999999	0.0	-0.769547	-0.534632	-0.349236	0.0	2.60157	1.8853099999999998	1.75863	0.345903	
0	0.858828	0.508091	0.0652558	0.0	-0.11657100000000001	0.0697975	0.990727	0.0	0.498824	-0.8584709999999999	0.119172	0.0	-2.77695	1.11958	1.9195799999999998	0.354734	-0.21791300000000002	0.7322489999999999	-0.645233	0.0	0.600622	-0.42048199999999997	-0.6800350000000001	0.0	-0.7692640000000001	-0.535729	-0.348177	0.0	2.60091	1.8785599999999998	1.7591700000000001	0.346172	
0	0.895647	0.42038000000000003	0.145248	0.0	-0.175608	0.0342017	0.983866	0.0	0.408629	-0.9067040000000001	0.10445499999999999	0.0	-2.85853	0.736392	1.73458	0.35452100000000003	-0.219379	0.735146	-0.6414310000000001	0.0	0.601694	-0.415587	-0.682094	0.0	-0.768009	-0.535582	-0.351162	0.0	2.60241	1.8630799999999998	1.7728	0.34644400000000003	
0	0.9189	0.313434	0.23954499999999998	0.0	-0.241245	-0.033970099999999996	0.9698700000000001	0.0	0.312127	-0.949002	0.0443991	0.0	-2.9061	0.436155	1.47591	0.353146	-0.23153400000000002	0.7393	-0.63232	0.0	0.6070300000000001	-0.39812600000000004	-0.687757	0.0	-0.760202	-0.543076	-0.356598	0.0	2.59728	1.84805	1.7770700000000001	0.347117	
0	0.91279	0.29484499999999997	0.28263	0.0	-0.269513	-0.08512289999999999	0.959227	0.0	0.30688200000000004	-0.9517459999999999	0.00176514	0.0	-2.87708	0.24565	1.1888100000000001	0.35387199999999996	-0.238409	0.740032	-0.628898	0.0	0.607692	-0.391452	-0.690996	0.0	-0.7575430000000001	-0.546916	-0.35638600000000004	0.0	2.59045	1.83197	1.77452	0.348039	
0	0.9220360000000001	0.253433	0.29261	0.0	-0.268874	-0.124519	0.9550930000000001	0.0	0.278488	-0.959305	-0.0466695	0.0	-2.84504	0.124698	0.9217190000000001	0.352407	-0.24516999999999997	0.7422880000000001	-0.623618	0.0	0.609884	-0.38193299999999997	-0.694383	0.0	-0.753613	-0.5505770000000001	-0.35907100000000003	0.0	2.59136	1.8085	1.75105	0.350219	
0	0.913825	0.23571399999999998	0.330701	0.0	-0.29168299999999997	-0.185641	0.938328	0.0	0.282568	-0.9539270000000001	-0.10088899999999999	0.0	-2.77478	0.045482999999999996	0.629217	0.35414	-0.25695500000000004	0.739679	-0.6219720000000001	0.0	0.615221	-0.371131	-0.6955319999999999	0.0	-0.7453029999999999	-0.561371	-0.359702	0.0	2.60629	1.7905400000000002	1.74463	0.35178200000000004	
0	0.904769	0.226965	0.360388	0.0	-0.314635	-0.21411599999999997	0.9247479999999999	0.0	0.28705	-0.950074	-0.12231500000000001	0.0	-2.69501	-0.020408799999999998	0.42926099999999995	0.36399000000000004	-0.26286	0.739821	-0.61933	0.0	0.617149	-0.364489	-0.697334	0.0	-0.741641	-0.565521	-0.360771	0.0	2.60949	1.7896	1.74345	0.35255	
0	0.895835	0.23449499999999998	0.37748000000000004	0.0	-0.32611599999999996	-0.230122	0.9168930000000001	0.0	0.301873	-0.9444870000000001	-0.129679	0.0	-2.60827	-0.0680951	0.295713	0.36261	-0.264842	0.740809	-0.617302	0.0	0.61846	-0.360663	-0.698162	0.0	-0.739842	-0.566679	-0.362642	0.0	2.61335	1.7920099999999999	1.7384	0.352783	
0	0.893331	0.23129	0.38531	0.0	-0.330381	-0.243213	0.9119729999999999	0.0	0.304643	-0.941994	-0.14085599999999998	0.0	-2.53766	-0.080885	0.248493	0.362247	-0.265015	0.740645	-0.617424	0.0	0.620038	-0.359487	-0.697368	0.0	-0.738458	-0.567639	-0.36395900000000003	0.0	2.6236599999999997	1.78738	1.73765	0.352721	
0	0.893202	0.22368400000000002	0.390071	0.0	-0.333436	-0.25252399999999997	0.908324	0.0	0.30168	-0.9413799999999999	-0.150971	0.0	-2.51	-0.09439539999999999	0.23628600000000002	0.361847	-0.265015	0.740749	-0.6173	0.0	0.6198130000000001	-0.359543	-0.697539	0.0	-0.738647	-0.567469	-0.363842	0.0	2.62682	1.78577	1.74243	0.352781	
0	0.8939459999999999	0.213493	0.394057	0.0	-0.334623	-0.266957	0.903749	0.0	0.29814	-0.9397629999999999	-0.167206	0.0	-2.5112900000000002	-0.10286300000000001	0.19559200000000002	0.361537	-0.265963	0.739839	-0.617983	0.0	0.619324	-0.360124	-0.697674	0.0	-0.738717	-0.568286	-0.36241999999999996	0.0	2.62624	1.7886099999999998	1.7462900000000001	0.35280100000000003	
0	0.893958	0.213709	0.393913	0.0	-0.334475	-0.266843	0.9038370000000001	0.0	0.298271	-0.9397459999999999	-0.16706700000000002	0.0	-2.51111	-0.10336400000000001	0.193445	0.361583	-0.26598	0.739827	-0.617989	0.0	0.619314	-0.360129	-0.69768	0.0	-0.738718	-0.568298	-0.362398	0.0	2.62702	1.7895900000000002	1.7467400000000002	0.352794	
0	0.893958	0.21370799999999998	0.393914	0.0	-0.334476	-0.266844	0.9038360000000001	0.0	0.298271	-0.9397459999999999	-0.16706700000000002	0.0	-2.51111	-0.10336	0.193476	0.361583	-0.265979	0.7398279999999999	-0.617989	0.0	0.619314	-0.360129	-0.69768	0.0	-0.738718	-0.568298	-0.36239899999999997	0.0	2.62702	1.78958	1.74673	0.352794	
0	0.893958	0.21370799999999998	0.393914	0.0	-0.334476	-0.266844	0.9038360000000001	0.0	0.298271	-0.9397459999999999	-0.16706700000000002	0.0	-2.51111	-0.10336	0.193476	0.361583	-0.265979	0.7398279999999999	-0.617989	0.0	0.619314	-0.360129	-0.69768	0.0	-0.738718	-0.568298	-0.36239899999999997	0.0	2.62702	1.78958	1.74673	0.352794	
0	0.893958	0.21370799999999998	0.393914	0.0	-0.334476	-0.266844	0.9038370000000001	0.0	0.298271	-0.9397459999999999	-0.16706700000000002	0.0	-2.51111	-0.10336	0.193476	0.361583	-0.265979	0.7398279999999999	-0.617989	0.0	0.619314	-0.360129	-0.69768	0.0	-0.738718	-0.568298	-0.36239899999999997	0.0	2.62702	1.78958	1.74673	0.352794	
0	0.893958	0.21370799999999998	0.393914	0.0	-0.334476	-0.266844	0.9038360000000001	0.0	0.298271	-0.9397459999999999	-0.16706700000000002	0.0	-2.51111	-0.10336	0.193476	0.361583	-0.265979	0.739827	-0.617989	0.0	0.619314	-0.360129	-0.69768	0.0	-0.738718	-0.568298	-0.36239899999999997	0.0	2.62702	1.78958	1.74673	0.352794	
0	0.893958	0.21370799999999998	0.393914	0.0	-0.334476	-0.266844	0.9038360000000001	0.0	0.298271	-0.9397459999999999	-0.16706700000000002	0.0	-2.51111	-0.10335899999999999	0.193476	0.361583	-0.265979	0.7398279999999999	-0.617989	0.0	0.619314	-0.360129	-0.69768	0.0	-0.738718	-0.568298	-0.36239899999999997	0.0	2.62702	1.78958	1.74673	0.352794	
0	0.893958	0.21370799999999998	0.393914	0.0	-0.334476	-0.266844	0.9038360000000001	0.0	0.298271	-0.9397459999999999	-0.16706700000000002	0.0	-2.51111	-0.10335899999999999	0.193476	0.361583	-0.265979	0.7398279999999999	-0.617989	0.0	0.619314	-0.360129	-0.69768	0.0	-0.738718	-0.568298	-0.36239899999999997	0.0	2.62702	1.78958	1.74673	0.352794	
0	0.893958	0.21370799999999998	0.393914	0.0	-0.334476	-0.266844	0.9038360000000001	0.0	0.298271	-0.9397459999999999	-0.16706700000000002	0.0	-2.51111	-0.10335899999999999	0.193476	0.361583	-0.265979	0.7398279999999999	-0.617989	0.0	0.619314	-0.360129	-0.69768	0.0	-0.738718	-0.568298	-0.36239899999999997	0.0	2.62702	1.78958	1.74673	0.352794	
0	0.893958	0.21370799999999998	0.393914	0.0	-0.334476	-0.266844	0.9038360000000001	0.0	0.298271	-0.9397459999999999	-0.16706700000000002	0.0	-2.51111	-0.10336	0.193476	0.361583	-0.265979	0.7398279999999999	-0.617989	0.0	0.619314	-0.360129	-0.69768	0.0	-0.738718	-0.568298	-0.36239899999999997	0.0	2.62702	1.78958	1.74673	0.352794	
0	0.893958	0.21370799999999998	0.393914	0.0	-0.334476	-0.266844	0.9038360000000001	0.0	0.298271	-0.9397459999999999	-0.16706700000000002	0.0	-2.51111	-0.10335899999999999	0.193476	0.361583	-0.265979	0.7398279999999999	-0.617989	0.0	0.619314	-0.360129	-0.69768	0.0	-0.738718	-0.568298	-0.36239899999999997	0.0	2.62702	1.78958	1.74673	0.352794	
0	0.893958	0.21370799999999998	0.393914	0.0	-0.334476	-0.266844	0.9038360000000001	0.0	0.298271	-0.9397459999999999	-0.16706700000000002	0.0	-2.51111	-0.10335899999999999	0.193476	0.361583	-0.265979	0.7398279999999999	-0.617989	0.0	0.619314	-0.360129	-0.69768	0.0	-0.738718	-0.568298	-0.36239899999999997	0.0	2.62702	1.78958	1.74673	0.352794	
0	0.893958	0.21370799999999998	0.393914	0.0	-0.334476	-0.266844	0.9038360000000001	0.0	0.298271	-0.9397459999999999	-0.16706700000000002	0.0	-2.51111	-0.10335899999999999	0.193476	0.361583	-0.265979	0.7398279999999999	-0.617989	0.0	0.619314	-0.360129	-0.69768	0.0	-0.738718	-0.568298	-0.36239899999999997	0.0	2.62702	1.78958	1.74673	0.352794	
0	0.893958	0.21370799999999998	0.393914	0.0	-0.334476	-0.266844	0.9038370000000001	0.0	0.298271	-0.9397459999999999	-0.16706700000000002	0.0	-2.51111	-0.10335899999999999	0.193476	0.361583	-0.265979	0.7398279999999999	-0.617989	0.0	0.619314	-0.360129	-0.69768	0.0	-0.738718	-0.568298	-0.36239899999999997	0.0	2.62702	1.78958	1.74673	0.352794	
0	0.893958	0.21370799999999998	0.393914	0.0	-0.334476	-0.266844	0.9038360000000001	0.0	0.298271	-0.9397459999999999	-0.16706700000000002	0.0	-2.51111	-0.10335899999999999	0.193476	0.361583	-0.265979	0.7398279999999999	-0.617989	0.0	0.619314	-0.360129	-0.69768	0.0	-0.738718	-0.568298	-0.36239899999999997	0.0	2.62702	1.78958	1.74673	0.352794	
0	0.8828379999999999	0.46801899999999996	0.039439499999999995	0.0	0.023000200000000002	-0.126951	0.991642	0.0	0.46911499999999995	-0.874552	-0.122841	0.0	-2.4502200000000003	-0.123118	0.14143	0.35261	-0.296716	0.741766	-0.6014510000000001	0.0	0.622001	-0.327783	-0.7111069999999999	0.0	-0.7246199999999999	-0.5850989999999999	-0.36412100000000003	0.0	2.58259	1.7940099999999999	1.7730000000000001	0.353274	
0	0.882167	0.46668999999999994	0.063108	0.0	-0.00259189	-0.129192	0.9916159999999999	0.0	0.47093100000000004	-0.874934	-0.112759	0.0	-2.37365	-0.156974	0.117146	0.352511	-0.29893400000000003	0.740413	-0.602018	0.0	0.622291	-0.327024	-0.711203	0.0	-0.723459	-0.587233	-0.362994	0.0	2.58173	1.79866	1.7779900000000002	0.353221	
0	0.900199	0.42705	0.0852659	0.0	-0.0406006	-0.112642	0.992806	0.0	0.43358199999999997	-0.897184	-0.084062	0.0	-2.30694	-0.312	0.043271199999999996	0.351936	-0.299798	0.740507	-0.601474	0.0	0.6243609999999999	-0.324399	-0.7105899999999999	0.0	-0.721314	-0.588571	-0.36509	0.0	2.58736	1.8014599999999998	1.77472	0.35329	
0	0.930075	0.350248	0.110846	0.0	-0.0821598	-0.09577580000000001	0.992007	0.0	0.358065	-0.9317469999999999	-0.0603023	0.0	-2.30784	-0.65496	-0.145344	0.34985700000000003	-0.300772	0.741054	-0.600313	0.0	0.624894	-0.322375	-0.711043	0.0	-0.7204470000000001	-0.5889939999999999	-0.366119	0.0	2.58992	1.8035400000000001	1.76859	0.353285	
0	0.955041	0.26324200000000003	0.13638499999999998	0.0	-0.112121	-0.10516600000000001	0.9881139999999999	0.0	0.274456	-0.958981	-0.0709229	0.0	-2.31632	-1.04894	-0.43481899999999996	0.351472	-0.299989	0.742197	-0.599291	0.0	0.623387	-0.32300500000000004	-0.712079	0.0	-0.7220770000000001	-0.587206	-0.36577800000000005	0.0	2.59567	1.80197	1.7611299999999999	0.353217	
0	0.9714809999999999	0.16378800000000002	0.17146	0.0	-0.15678699999999998	-0.09876	0.9826819999999999	0.0	0.177885	-0.98154	-0.0702638	0.0	-2.3955900000000003	-1.60055	-0.909026	0.352724	-0.300799	0.742746	-0.598205	0.0	0.623459	-0.321511	-0.712692	0.0	-0.7216779999999999	-0.587333	-0.36636199999999997	0.0	2.59222	1.79805	1.7677599999999998	0.353365	
0	0.9773360000000001	0.076815	0.197266	0.0	-0.19301300000000002	-0.059410000000000004	0.9793959999999999	0.0	0.08695189999999998	-0.995274	-0.043237300000000006	0.0	-2.4594400000000003	-2.06672	-1.31354	0.351962	-0.302631	0.7415109999999999	-0.598812	0.0	0.624616	-0.320255	-0.712244	0.0	-0.71991	-0.589575	-0.366241	0.0	2.59121	1.7950700000000002	1.77256	0.353517	
0	0.974582	0.03496969999999999	0.22128499999999998	0.0	-0.220185	-0.0327154	0.974909	0.0	0.04133169999999999	-0.9988530000000001	-0.024184	0.0	-2.48645	-2.6112900000000003	-1.75555	0.35395	-0.30462100000000003	0.7401770000000001	-0.599453	0.0	0.626418	-0.318414	-0.711486	0.0	-0.7175	-0.592242	-0.366665	0.0	2.61387	1.8008	1.76325	0.353687	
0	0.974884	0.025652800000000003	0.22123	0.0	-0.22098	-0.0122149	0.975202	0.0	0.0277189	-0.9995959999999999	-0.00623937	0.0	-2.4887799999999998	-2.9544599999999996	-2.10684	0.363859	-0.306578	0.739858	-0.598849	0.0	0.629171	-0.314585	-0.7107600000000001	0.0	-0.714251	-0.5946819999999999	-0.369053	0.0	2.63613	1.8043099999999999	1.7588400000000002	0.353507	
0	0.978232	0.11931900000000001	0.16977799999999998	0.0	-0.18348	0.11515299999999999	0.9762559999999999	0.0	0.09693560000000001	-0.9861559999999999	0.13453900000000002	0.0	-2.5150799999999998	-2.94218	-2.1659	0.363219	-0.307348	0.739753	-0.598584	0.0	0.63089	-0.312513	-0.710151	0.0	-0.7124010000000001	-0.595904	-0.370653	0.0	2.65802	1.8051	1.7572299999999998	0.353532	
0	0.9806469999999999	0.125522	0.150252	0.0	-0.166979	0.135519	0.9766030000000001	0.0	0.10222300000000001	-0.982791	0.153856	0.0	-2.5154400000000003	-2.9405099999999997	-2.17508	0.36354699999999995	-0.305956	0.74083	-0.597964	0.0	0.630149	-0.313231	-0.710492	0.0	-0.713655	-0.594186	-0.37099899999999997	0.0	2.66355	1.80055	1.75157	0.35347399999999995	
0	0.983563	0.119092	0.135722	0.0	-0.149071	0.111427	0.9825280000000001	0.0	0.101888	-0.986611	0.127348	0.0	-2.51301	-2.93923	-2.1680200000000003	0.3641	-0.306096	0.741224	-0.597404	0.0	0.6290640000000001	-0.313526	-0.7113229999999999	0.0	-0.7145520000000001	-0.593538	-0.37030799999999997	0.0	2.6606	1.79972	1.74807	0.353633	
0	0.9883649999999999	0.11758699999999998	0.09647889999999999	0.0	-0.104816	0.0668994	0.992239	0.0	0.11022	-0.990807	0.078446	0.0	-2.49072	-2.93356	-2.14703	0.365492	-0.308113	0.7397090000000001	-0.598245	0.0	0.630024	-0.31253000000000003	-0.710911	0.0	-0.7128369999999999	-0.59595	-0.369741	0.0	2.6585	1.80246	1.75295	0.353583	
0	0.985297	0.160333	0.059012	0.0	-0.0761974	0.10324000000000001	0.991734	0.0	0.152916	-0.981649	0.11394000000000001	0.0	-2.48008	-3.07443	-1.86595	0.361193	-0.308762	0.739643	-0.597993	0.0	0.631598	-0.31064400000000003	-0.710341	0.0	-0.7111609999999999	-0.597017	-0.371242	0.0	2.66918	1.80729	1.74068	0.35359	
0	0.9856469999999999	0.162491	0.0457856	0.0	-0.08471469999999999	0.241477	0.9667020000000001	0.0	0.146024	-0.956706	0.251777	0.0	-2.5000400000000003	-3.2753900000000002	-1.61375	0.36384099999999997	-0.308602	0.740016	-0.5976130000000001	0.0	0.631779	-0.310208	-0.710371	0.0	-0.71107	-0.596781	-0.371796	0.0	2.67273	1.8103	1.71327	0.353441	
0	0.981073	0.19097	0.032035	0.0	-0.0870555	0.287217	0.953901	0.0	0.172965	-0.938636	0.29840500000000003	0.0	-2.51411	-3.16273	-1.34849	0.363975	-0.30886399999999997	0.7409720000000001	-0.596291	0.0	0.631675	-0.308894	-0.7110350000000001	0.0	-0.7110479999999999	-0.596275	-0.372647	0.0	2.67702	1.82175	1.7059099999999998	0.35362	
0	0.979794	0.197697	0.030309899999999997	0.0	-0.0894967	0.29783699999999996	0.950412	0.0	0.178866	-0.9339209999999999	0.309512	0.0	-2.48525	-3.11232	-1.26682	0.363976	-0.30899099999999996	0.740873	-0.59635	0.0	0.631356	-0.309155	-0.711206	0.0	-0.711277	-0.5962649999999999	-0.372228	0.0	2.67793	1.8237299999999999	1.7044	0.353458	
0	0.9638540000000001	0.262189	0.047350699999999996	0.0	-0.1276	0.298249	0.9459209999999999	0.0	0.23388699999999998	-0.9177719999999999	0.320924	0.0	-2.39099	-2.90981	-1.0883200000000002	0.363291	-0.309329	0.740417	-0.596741	0.0	0.631376	-0.309344	-0.711106	0.0	-0.711112	-0.596733	-0.371792	0.0	2.6779599999999997	1.8239400000000001	1.70196	0.353495	
0	0.9658190000000001	0.252841	0.057145900000000006	0.0	-0.131104	0.286279	0.949134	0.0	0.22361999999999999	-0.924184	0.30964200000000003	0.0	-2.36383	-2.86577	-1.06881	0.363692	-0.309125	0.740934	-0.5962029999999999	0.0	0.631474	-0.308847	-0.711234	0.0	-0.711113	-0.5963470000000001	-0.372409	0.0	2.6783200000000003	1.8224799999999999	1.7012900000000002	0.353538	
0	0.974806	0.202025	0.0945503	0.0	-0.13880699999999999	0.217612	0.966115	0.0	0.174604	-0.9548979999999999	0.24017199999999997	0.0	-2.36389	-2.8649400000000003	-1.1279299999999999	0.36398400000000003	-0.310365	0.741039	-0.595428	0.0	0.630625	-0.308192	-0.712271	0.0	-0.711327	-0.5965560000000001	-0.371666	0.0	2.67395	1.82538	1.70753	0.35361	
0	0.977641	0.182584	0.104314	0.0	-0.140051	0.195321	0.9706879999999999	0.0	0.156857	-0.9635940000000001	0.216525	0.0	-2.39482	-2.90772	-1.1995799999999999	0.363985	-0.310731	0.740275	-0.596187	0.0	0.631708	-0.307827	-0.7114689999999999	0.0	-0.710205	-0.597692	-0.37198600000000004	0.0	2.6743200000000003	1.8286	1.70925	0.353263	
0	0.983799	0.12583	0.127699	0.0	-0.144598	0.135853	0.9801200000000001	0.0	0.10598099999999999	-0.982706	0.151847	0.0	-2.4455400000000003	-2.94299	-1.37278	0.363981	-0.31274	0.741412	-0.593719	0.0	0.631105	-0.30494899999999997	-0.713241	0.0	-0.709859	-0.597758	-0.372539	0.0	2.6886799999999997	1.8290799999999998	1.7089900000000002	0.35346900000000003	
0	0.986123	0.0967698	0.13489400000000001	0.0	-0.146148	0.12059600000000001	0.981885	0.0	0.07874919999999999	-0.987974	0.13306500000000002	0.0	-2.49499	-2.93227	-1.47991	0.358994	-0.31282	0.741905	-0.593061	0.0	0.631215	-0.304183	-0.713471	0.0	-0.709726	-0.597537	-0.373147	0.0	2.6891599999999998	1.8299400000000001	1.71117	0.35339499999999996	
0	0.9877969999999999	0.0746495	0.136688	0.0	-0.14416600000000002	0.10620399999999999	0.9838379999999999	0.0	0.05892619999999999	-0.9915379999999999	0.11567000000000001	0.0	-2.5297	-2.90395	-1.51915	0.35767	-0.312744	0.741889	-0.59312	0.0	0.630922	-0.304526	-0.713584	0.0	-0.710021	-0.597381	-0.37283499999999997	0.0	2.68885	1.82818	1.7113099999999999	0.353538	
0	0.990334	0.0444818	0.131381	0.0	-0.135188	0.0975331	0.986008	0.0	0.031045499999999997	-0.994238	0.102604	0.0	-2.5672599999999997	-2.8725400000000003	-1.56749	0.35756	-0.312913	0.74152	-0.593493	0.0	0.6310399999999999	-0.304699	-0.7134050000000001	0.0	-0.7098409999999999	-0.5977520000000001	-0.372584	0.0	2.68577	1.82738	1.7172	0.353466	
0	0.990539	0.029258199999999998	0.134078	0.0	-0.13630699999999998	0.09646030000000001	0.985959	0.0	0.0159141	-0.994907	0.09953569999999999	0.0	-2.60422	-2.9337299999999997	-1.56479	0.359174	-0.313296	0.741104	-0.593811	0.0	0.630522	-0.305248	-0.713629	0.0	-0.710133	-0.5979869999999999	-0.37164899999999995	0.0	2.68872	1.8388200000000001	1.7252599999999998	0.35347399999999995	
0	0.989533	0.0333445	0.1404	0.0	-0.143015	0.0967734	0.984978	0.0	0.0192566	-0.994748	0.100529	0.0	-2.60318	-2.9892	-1.54081	0.364007	-0.313643	0.741734	-0.5928399999999999	0.0	0.62967	-0.30485500000000004	-0.714548	0.0	-0.710735	-0.597407	-0.37143200000000004	0.0	2.69106	1.84255	1.7284099999999998	0.35346900000000003	
0	0.987563	0.0444319	0.150817	0.0	-0.154452	0.0947869	0.9834430000000001	0.0	0.029400799999999998	-0.994506	0.100471	0.0	-2.55879	-3.05967	-1.51585	0.363804	-0.312734	0.742694	-0.592118	0.0	0.6293880000000001	-0.304854	-0.714797	0.0	-0.711385	-0.596213	-0.372104	0.0	2.69325	1.84736	1.72567	0.353489	
0	0.98695	0.044450699999999996	0.154772	0.0	-0.158282	0.0910373	0.983188	0.0	0.0296134	-0.9948549999999999	0.096885	0.0	-2.5598400000000003	-3.13437	-1.54647	0.36399000000000004	-0.313585	0.74362	-0.590503	0.0	0.6273380000000001	-0.304586	-0.716711	0.0	-0.71282	-0.595195	-0.370988	0.0	2.6926799999999997	1.8504900000000002	1.7303400000000002	0.353588	
0	0.9854139999999999	0.047481800000000005	0.163418	0.0	-0.16708299999999998	0.08767380000000001	0.982037	0.0	0.0323014	-0.995017	0.0943283	0.0	-2.4912400000000003	-3.20268	-1.5357399999999999	0.363982	-0.315288	0.743771	-0.5894050000000001	0.0	0.626836	-0.30309200000000003	-0.717783	0.0	-0.7125100000000001	-0.595769	-0.370661	0.0	2.68955	1.8535099999999998	1.74153	0.35359	
0	0.9848600000000001	0.0472339	0.16679000000000002	0.0	-0.170348	0.0854279	0.9816739999999999	0.0	0.0321198	-0.995224	0.0921807	0.0	-2.46155	-3.22567	-1.54092	0.363978	-0.31585799999999997	0.743919	-0.588912	0.0	0.626541	-0.302576	-0.718258	0.0	-0.712517	-0.595845	-0.37052399999999996	0.0	2.68885	1.8586599999999998	1.7442	0.353522	
0	0.9841620000000001	0.0499824	0.170078	0.0	-0.17371099999999998	0.0806178	0.981492	0.0	0.0353459	-0.995491	0.08802339999999999	0.0	-2.40967	-3.26045	-1.5484	0.36398	-0.316961	0.7445149999999999	-0.587565	0.0	0.626307	-0.300917	-0.719159	0.0	-0.712233	-0.5959409999999999	-0.37091599999999997	0.0	2.6905799999999997	1.86087	1.7481400000000002	0.35368099999999997	
0	0.984068	0.050437699999999995	0.170489	0.0	-0.17422	0.0822692	0.9812639999999999	0.0	0.0354667	-0.995333	0.0897457	0.0	-2.38899	-3.2702400000000003	-1.54726	0.363983	-0.31669400000000003	0.744524	-0.5876979999999999	0.0	0.6261680000000001	-0.301296	-0.719121	0.0	-0.7124739999999999	-0.595739	-0.370778	0.0	2.6964	1.8635400000000002	1.75164	0.353535	
0	0.984317	0.0499096	0.1692	0.0	-0.172874	0.0818957	0.981533	0.0	0.035131199999999994	-0.995391	0.08923939999999998	0.0	-2.38374	-3.27357	-1.54201	0.36398	-0.31624	0.74533	-0.586921	0.0	0.625703	-0.301163	-0.719581	0.0	-0.713084	-0.5947979999999999	-0.37111500000000003	0.0	2.69939	1.8631099999999998	1.7537599999999998	0.353723	
0	0.9846879999999999	0.047230699999999994	0.16780499999999998	0.0	-0.171207	0.0807654	0.9819190000000001	0.0	0.03282380000000001	-0.9956139999999999	0.0876149	0.0	-2.38803	-3.27342	-1.55039	0.36398	-0.316519	0.744963	-0.5872350000000001	0.0	0.625421	-0.301561	-0.7196600000000001	0.0	-0.7132069999999999	-0.595055	-0.37046599999999996	0.0	2.6969	1.8657400000000002	1.75643	0.35372	
0	0.9851	0.049169199999999996	0.164805	0.0	-0.168408	0.0813924	0.982351	0.0	0.0348875	-0.995469	0.08846010000000001	0.0	-2.4045799999999997	-3.28704	-1.56206	0.363981	-0.31717	0.745861	-0.5857439999999999	0.0	0.6247659999999999	-0.30033899999999997	-0.720739	0.0	-0.713492	-0.594549	-0.37073	0.0	2.69555	1.8686200000000002	1.76232	0.353707	
0	0.985547	0.0482026	0.16239800000000001	0.0	-0.16592	0.0813485	0.982778	0.0	0.034161699999999996	-0.995519	0.0881706	0.0	-2.4165200000000002	-3.29775	-1.5720399999999999	0.363981	-0.317289	0.746697	-0.584613	0.0	0.62416	-0.299691	-0.721533	0.0	-0.713969	-0.5938260000000001	-0.37096999999999997	0.0	2.69599	1.86602	1.7579900000000002	0.353655	
0	0.985641	0.048471	0.161747	0.0	-0.16533299999999998	0.0824322	0.9827870000000001	0.0	0.0343035	-0.995417	0.08926239999999999	0.0	-2.4158	-3.30096	-1.57784	0.36398	-0.317177	0.747071	-0.584196	0.0	0.62407	-0.299419	-0.721724	0.0	-0.714098	-0.593493	-0.371255	0.0	2.69634	1.86468	1.75384	0.353588	
0	0.986137	0.05237130000000001	0.157451	0.0	-0.16155799999999998	0.08660069999999999	0.9830559999999999	0.0	0.037848599999999996	-0.994866	0.09386119999999999	0.0	-2.42898	-3.30494	-1.58555	0.36398	-0.317079	0.746843	-0.58454	0.0	0.6237779999999999	-0.30004400000000003	-0.721717	0.0	-0.714396	-0.593464	-0.370727	0.0	2.69988	1.8596700000000002	1.7494599999999998	0.353729	
0	0.9862200000000001	0.05285940000000001	0.15676500000000002	0.0	-0.160901	0.08610620000000001	0.9832069999999999	0.0	0.0384733	-0.994883	0.0934248	0.0	-2.42875	-3.3049199999999996	-1.58779	0.363979	-0.31716	0.74708	-0.5841930000000001	0.0	0.623495	-0.29990300000000003	-0.72202	0.0	-0.714607	-0.593237	-0.370683	0.0	2.69829	1.8600400000000001	1.7508400000000002	0.353583	
0	0.9867309999999999	0.055773500000000004	0.152481	0.0	-0.156946	0.0871176	0.983757	0.0	0.041583800000000004	-0.9946360000000001	0.09471510000000001	0.0	-2.43001	-3.3019300000000005	-1.5823399999999999	0.363982	-0.317189	0.747762	-0.583304	0.0	0.6229680000000001	-0.29946500000000004	-0.722655	0.0	-0.715054	-0.592598	-0.370845	0.0	2.70011	1.85726	1.7459900000000002	0.35359	
0	0.9867450000000001	0.0558409	0.152365	0.0	-0.156835	0.08708439999999999	0.983778	0.0	0.0416664	-0.994635	0.09468789999999999	0.0	-2.42999	-3.30219	-1.58289	0.36398	-0.317193	0.7477699999999999	-0.583291	0.0	0.6229359999999999	-0.299478	-0.7226779999999999	0.0	-0.71508	-0.5925819999999999	-0.370821	0.0	2.70004	1.85752	1.7463	0.353593	
0	0.9867459999999999	0.0558432	0.152364	0.0	-0.156834	0.08708610000000001	0.983778	0.0	0.0416686	-0.994634	0.0946899	0.0	-2.42999	-3.3022099999999996	-1.58295	0.36398	-0.317195	0.7477699999999999	-0.58329	0.0	0.622935	-0.299477	-0.722679	0.0	-0.71508	-0.5925819999999999	-0.37082	0.0	2.70004	1.85755	1.74633	0.353593	
0	0.9867459999999999	0.0558432	0.152364	0.0	-0.156834	0.08708610000000001	0.983778	0.0	0.0416685	-0.994634	0.0946899	0.0	-2.42999	-3.3022099999999996	-1.58295	0.36398	-0.317195	0.7477699999999999	-0.58329	0.0	0.622935	-0.299476	-0.722679	0.0	-0.71508	-0.5925819999999999	-0.37082	0.0	2.70004	1.85755	1.7463400000000002	0.353593	
0	0.9867459999999999	0.0558432	0.152364	0.0	-0.156834	0.08708610000000001	0.983778	0.0	0.0416686	-0.994634	0.0946899	0.0	-2.42999	-3.3022099999999996	-1.58295	0.36398	-0.317195	0.7477699999999999	-0.58329	0.0	0.6229359999999999	-0.299477	-0.722679	0.0	-0.71508	-0.5925819999999999	-0.37082	0.0	2.70004	1.85755	1.74633	0.353593	
0	0.9867459999999999	0.0558432	0.152364	0.0	-0.156834	0.0870863	0.983778	0.0	0.0416685	-0.994634	0.09469010000000001	0.0	-2.42999	-3.3022099999999996	-1.58295	0.36398	-0.317195	0.7477699999999999	-0.58329	0.0	0.622935	-0.299476	-0.722679	0.0	-0.71508	-0.5925819999999999	-0.37082	0.0	2.70004	1.85755	1.74633	0.353593	
0	0.9867459999999999	0.0558432	0.152364	0.0	-0.156834	0.08708610000000001	0.983778	0.0	0.0416686	-0.994635	0.0946899	0.0	-2.42999	-3.3022099999999996	-1.58295	0.363979	-0.317195	0.7477699999999999	-0.58329	0.0	0.6229359999999999	-0.299477	-0.722679	0.0	-0.71508	-0.5925819999999999	-0.37082	0.0	2.70004	1.85755	1.74633	0.353593	
0	0.9867459999999999	0.0558432	0.152364	0.0	-0.156834	0.0870863	0.983778	0.0	0.0416685	-0.994634	0.09469010000000001	0.0	-2.42999	-3.3022099999999996	-1.58295	0.36398	-0.317195	0.7477699999999999	-0.58329	0.0	0.622935	-0.299477	-0.722679	0.0	-0.71508	-0.5925819999999999	-0.37082	0.0	2.70004	1.85755	1.74633	0.353593	
0	0.9867459999999999	0.0558432	0.152364	0.0	-0.156834	0.08708610000000001	0.983778	0.0	0.0416685	-0.994635	0.0946899	0.0	-2.42999	-3.3022099999999996	-1.58295	0.363979	-0.317195	0.7477699999999999	-0.58329	0.0	0.622935	-0.299477	-0.722679	0.0	-0.71508	-0.5925819999999999	-0.37082	0.0	2.70004	1.85755	1.74633	0.353593	
0	0.9774299999999999	0.208946	0.031182099999999997	0.0	-0.019672	-0.056940199999999996	0.998184	0.0	0.210342	-0.976268	-0.0515447	0.0	-2.43306	-3.3041	-1.60954	0.351304	-0.319277	0.751115	-0.5778310000000001	0.0	0.618496	-0.29681599999999997	-0.7275729999999999	0.0	-0.718001	-0.589683	-0.369795	0.0	2.6545400000000003	1.86317	1.77575	0.353774	
0	0.9752639999999999	0.21748	0.0395371	0.0	-0.0289443	-0.05167959999999999	0.998244	0.0	0.219142	-0.9746959999999999	-0.044106400000000004	0.0	-2.41166	-3.33106	-1.57139	0.351217	-0.31985	0.750726	-0.578019	0.0	0.619617	-0.29578899999999997	-0.727038	0.0	-0.716778	-0.590693	-0.370555	0.0	2.66549	1.86982	1.78367	0.35365	
0	0.9739959999999999	0.221521	0.047551300000000005	0.0	-0.03823769999999999	-0.0461469	0.9982030000000001	0.0	0.22331700000000002	-0.9740629999999999	-0.0364764	0.0	-2.39388	-3.37806	-1.56873	0.351338	-0.319923	0.75047	-0.578311	0.0	0.620067	-0.295665	-0.726705	0.0	-0.716357	-0.5910810000000001	-0.370751	0.0	2.6710700000000003	1.8731400000000002	1.78485	0.353783	
0	0.9786370000000001	0.201209	0.042249800000000004	0.0	-0.0352626	-0.0381859	0.998648	0.0	0.20255	-0.9788040000000001	-0.030275	0.0	-2.34553	-3.4582300000000004	-1.6001100000000001	0.351934	-0.320295	0.750632	-0.577896	0.0	0.6202979999999999	-0.294885	-0.726824	0.0	-0.71599	-0.591266	-0.371165	0.0	2.677	1.8673	1.7787400000000002	0.35374099999999997	
0	0.979881	0.196121	0.0370176	0.0	-0.0304237	-0.036529400000000004	0.998869	0.0	0.197251	-0.979899	-0.0298277	0.0	-2.34036	-3.4609300000000003	-1.60487	0.35184299999999996	-0.32014000000000004	0.750533	-0.5781109999999999	0.0	0.62045	-0.29504600000000003	-0.726629	0.0	-0.715928	-0.591312	-0.371212	0.0	2.6760599999999997	1.86618	1.7774299999999998	0.353706	
0	0.988909	0.144925	0.0324835	0.0	-0.0362199	0.0232174	0.999074	0.0	0.144037	-0.9891700000000001	0.0282091	0.0	-2.3072	-3.43914	-1.6663599999999998	0.354638	-0.320133	0.7496430000000001	-0.579267	0.0	0.620129	-0.29643400000000003	-0.726338	0.0	-0.716209	-0.591745	-0.369977	0.0	2.67908	1.8736700000000002	1.78653	0.353722	
0	0.9897020000000001	0.140836	0.0256092	0.0	-0.030811599999999998	0.0348829	0.998916	0.0	0.13979	-0.989418	0.038863	0.0	-2.3022	-3.4357599999999997	-1.67353	0.355521	-0.320194	0.749471	-0.5794560000000001	0.0	0.619958	-0.29672800000000005	-0.726364	0.0	-0.71633	-0.591816	-0.36963	0.0	2.67892	1.8759400000000002	1.78665	0.353783	
