0	0.029689499999999997	0.80745	-0.589188	0.0	0.126937	0.58163	0.803488	0.0	0.991466	-0.0986452	-0.0852274	0.0	-2.76355	1.9808400000000002	1.36446	0.0	0.0187	0.696637	-0.71718	0.0	0.179874	-0.707947	-0.6829770000000001	0.0	-0.983512	-0.11623	-0.138545	0.0	2.69773	1.96443	1.58849	0.0	
0	0.036194699999999996	0.804251	-0.593187	0.0	0.13107	0.5846279999999999	0.8006439999999999	0.0	0.990712	-0.106728	-0.0842527	0.0	-2.77924	1.9564	1.33515	0.0	0.00194216	0.705154	-0.709052	0.0	0.184899	-0.6970810000000001	-0.692742	0.0	-0.982756	-0.12975699999999998	-0.131736	0.0	2.7261900000000003	1.86644	1.57851	0.0	
0	0.0266466	0.802767	-0.595698	0.0	0.140724	0.586963	0.7972899999999999	0.0	0.98969	-0.105074	-0.0973284	0.0	-2.80233	1.96216	1.2838	0.0	0.0101025	0.731511	-0.681755	0.0	0.214813	-0.66746	-0.712989	0.0	-0.9766030000000001	-0.139246	-0.163881	0.0	2.76115	1.8416	1.52086	0.0	
0	0.0297632	0.805109	-0.59238	0.0	0.140192	0.583422	0.799978	0.0	0.989677	-0.106857	-0.0955055	0.0	-2.79346	1.96478	1.25453	0.0	0.07269880000000001	0.718381	-0.69184	0.0	0.20763600000000001	-0.6893779999999999	-0.694006	0.0	-0.9755010000000001	-0.0931977	-0.19927899999999998	0.0	2.81353	1.9112	1.4063299999999999	0.0	
0	-0.00826496	0.809782	-0.586673	0.0	0.156245	0.580533	0.7991050000000001	0.0	0.987684	-0.0850599	-0.131322	0.0	-2.8016	2.04066	1.20878	0.047607800000000006	0.0968488	0.738751	-0.666984	0.0	0.1953	-0.671212	-0.715075	0.0	-0.97595	-0.061007500000000006	-0.20928400000000003	0.0	2.85763	1.98386	1.33911	0.195433	
0	-0.00772072	0.815801	-0.578282	0.0	0.16578800000000002	0.57134	0.803794	0.0	0.986131	-0.0896665	-0.13966099999999998	0.0	-2.7039299999999997	2.09648	1.16588	0.359501	0.14649	0.767915	-0.623577	0.0	0.206406	-0.64023	-0.739934	0.0	-0.9674379999999999	-0.0203167	-0.25229	0.0	2.74822	2.03724	1.21195	0.360714	
0	0.013315	0.8139029999999999	-0.5808479999999999	0.0	0.15345699999999998	0.5723550000000001	0.805519	0.0	0.988066	-0.09986060000000001	-0.117278	0.0	-2.61534	2.11729	1.2258799999999999	0.35836	0.144352	0.769007	-0.622729	0.0	0.197217	-0.639053	-0.74345	0.0	-0.9696739999999999	-0.015494299999999999	-0.24391	0.0	2.7118599999999997	2.01779	1.20892	0.360551	
0	0.00647564	0.805633	-0.592379	0.0	0.139767	0.585847	0.7982779999999999	0.0	0.9901629999999999	-0.08796419999999999	-0.10880699999999999	0.0	-2.56835	2.11738	1.24831	0.358167	0.12853499999999998	0.769502	-0.625576	0.0	0.189344	-0.638246	-0.7461840000000001	0.0	-0.973462	-0.022538299999999997	-0.22773800000000002	0.0	2.64986	2.00549	1.25712	0.361045	
0	0.0360329	0.817929	-0.57419	0.0	0.14757	0.56391	0.812545	0.0	0.988395	-0.11401199999999999	-0.100383	0.0	-2.51365	2.11345	1.30754	0.35870799999999997	0.0855284	0.7772560000000001	-0.6233449999999999	0.0	0.199985	-0.626297	-0.753497	0.0	-0.976059	-0.060214300000000005	-0.209006	0.0	2.63237	1.94373	1.31364	0.360852	
0	0.047136199999999996	0.823893	-0.564782	0.0	0.168428	0.550759	0.8174939999999999	0.0	0.9845860000000001	-0.133659	-0.11280599999999999	0.0	-2.4931799999999997	2.10823	1.32685	0.35888200000000003	0.0782711	0.777987	-0.623386	0.0	0.204125	-0.624563	-0.753826	0.0	-0.9758110000000001	-0.06824619999999999	-0.20769200000000002	0.0	2.62452	1.90078	1.35261	0.361056	
0	0.0797199	0.841241	-0.53475	0.0	0.194219	0.5130680000000001	0.8360860000000001	0.0	0.977714	-0.170512	-0.122483	0.0	-2.516	2.0893200000000003	1.33854	0.357829	0.0728644	0.781079	-0.620167	0.0	0.212784	-0.619677	-0.755462	0.0	-0.9743790000000001	-0.0769153	-0.211354	0.0	2.63618	1.88959	1.35299	0.360577	
0	0.111272	0.8506360000000001	-0.513845	0.0	0.212389	0.484755	0.8484709999999999	0.0	0.970829	-0.203546	-0.126726	0.0	-2.58462	2.00937	1.2771299999999999	0.357641	0.0537844	0.7822979999999999	-0.620578	0.0	0.240977	-0.613278	-0.75221	0.0	-0.969039	-0.109088	-0.22150100000000003	0.0	2.6449	1.86113	1.328	0.360056	
0	0.116182	0.8543709999999999	-0.50651	0.0	0.215802	0.476066	0.8525200000000001	0.0	0.9695010000000001	-0.208353	-0.129065	0.0	-2.61528	1.97625	1.25229	0.35680500000000004	0.05188240000000001	0.782568	-0.6203989999999999	0.0	0.24876900000000002	-0.611781	-0.750892	0.0	-0.967173	-0.115378	-0.22641999999999998	0.0	2.6547099999999997	1.85385	1.3053700000000001	0.3595	
0	0.13012	0.859669	-0.49400299999999997	0.0	0.227169	0.459136	0.85883	0.0	0.965123	-0.22397399999999998	-0.135547	0.0	-2.6813	1.94485	1.21555	0.35634099999999996	0.0374403	0.782591	-0.621409	0.0	0.27066100000000004	-0.606543	-0.7475609999999999	0.0	-0.961946	-0.140202	-0.234526	0.0	2.6616400000000002	1.8277400000000001	1.25637	0.359315	
0	0.134388	0.8616870000000001	-0.48932200000000003	0.0	0.229238	0.45337200000000005	0.8613379999999999	0.0	0.9640489999999999	-0.227924	-0.136604	0.0	-2.69844	1.9219700000000002	1.1917799999999998	0.35630300000000004	0.029414599999999996	0.7827350000000001	-0.62166	0.0	0.28431	-0.602793	-0.745526	0.0	-0.9582809999999999	-0.154815	-0.24026999999999998	0.0	2.68913	1.80486	1.25909	0.359406	
0	0.137757	0.8610959999999999	-0.489426	0.0	0.22802399999999998	0.453291	0.8617030000000001	0.0	0.9638610000000001	-0.230307	-0.133907	0.0	-2.70111	1.90055	1.17803	0.356324	0.0251754	0.782249	-0.622458	0.0	0.29579099999999997	-0.600604	-0.742821	0.0	-0.9549209999999999	-0.165417	-0.24650300000000003	0.0	2.71524	1.79489	1.2778399999999999	0.35892399999999997	
0	0.137917	0.861088	-0.48939499999999997	0.0	0.22791	0.453266	0.8617469999999999	0.0	0.963865	-0.23038699999999998	-0.13373800000000002	0.0	-2.70169	1.9015099999999998	1.17981	0.35635900000000004	0.0251035	0.7822819999999999	-0.622419	0.0	0.295688	-0.600567	-0.742892	0.0	-0.9549549999999999	-0.165393	-0.24638800000000002	0.0	2.71517	1.7956900000000002	1.27824	0.359001	
0	0.137914	0.861088	-0.48939399999999994	0.0	0.22791	0.453266	0.8617469999999999	0.0	0.963866	-0.23038499999999998	-0.133739	0.0	-2.70168	1.90152	1.17982	0.35635900000000004	0.025104400000000002	0.782281	-0.62242	0.0	0.295684	-0.6005689999999999	-0.742892	0.0	-0.9549559999999999	-0.16539	-0.246385	0.0	2.7151400000000003	1.7956900000000002	1.27823	0.359002	
0	0.137914	0.861088	-0.48939399999999994	0.0	0.22791	0.453266	0.8617469999999999	0.0	0.963866	-0.23038499999999998	-0.133739	0.0	-2.70168	1.90152	1.17982	0.35635900000000004	0.0251043	0.782281	-0.62242	0.0	0.295685	-0.6005689999999999	-0.742892	0.0	-0.9549559999999999	-0.16539	-0.246385	0.0	2.7151400000000003	1.7956900000000002	1.27823	0.359002	
0	0.137914	0.861088	-0.48939399999999994	0.0	0.22791	0.453266	0.8617469999999999	0.0	0.963866	-0.23038499999999998	-0.133739	0.0	-2.70168	1.90152	1.17982	0.35635900000000004	0.025104400000000002	0.782281	-0.62242	0.0	0.295684	-0.6005689999999999	-0.742892	0.0	-0.9549559999999999	-0.16539	-0.246385	0.0	2.7151400000000003	1.7956900000000002	1.27823	0.359002	
0	0.137914	0.861089	-0.48939399999999994	0.0	0.22791	0.453265	0.8617469999999999	0.0	0.963866	-0.23038499999999998	-0.133739	0.0	-2.70168	1.90152	1.17982	0.35635900000000004	0.0251043	0.782281	-0.62242	0.0	0.295684	-0.6005689999999999	-0.742892	0.0	-0.9549559999999999	-0.16539	-0.246385	0.0	2.7151400000000003	1.7956900000000002	1.27823	0.359001	
0	0.137914	0.861088	-0.48939399999999994	0.0	0.22791	0.453266	0.8617469999999999	0.0	0.963866	-0.23038499999999998	-0.133739	0.0	-2.70168	1.90152	1.17982	0.35635900000000004	0.0251045	0.782281	-0.62242	0.0	0.295684	-0.6005689999999999	-0.742891	0.0	-0.9549559999999999	-0.16539	-0.246385	0.0	2.7151400000000003	1.7956900000000002	1.27823	0.359001	
0	0.137914	0.861088	-0.48939399999999994	0.0	0.22791	0.453266	0.8617469999999999	0.0	0.963866	-0.23038499999999998	-0.133739	0.0	-2.70168	1.90152	1.17982	0.35635900000000004	0.0251045	0.782281	-0.62242	0.0	0.295684	-0.6005689999999999	-0.742892	0.0	-0.9549559999999999	-0.16539	-0.246385	0.0	2.7151400000000003	1.7956900000000002	1.27823	0.359001	
0	0.137914	0.861088	-0.48939399999999994	0.0	0.22791	0.453266	0.8617469999999999	0.0	0.963866	-0.23038499999999998	-0.133739	0.0	-2.70168	1.90152	1.17982	0.35635900000000004	0.0251045	0.782281	-0.62242	0.0	0.295684	-0.6005689999999999	-0.742892	0.0	-0.9549559999999999	-0.16539	-0.246385	0.0	2.7151400000000003	1.7956900000000002	1.27823	0.359001	
0	0.137914	0.861088	-0.48939399999999994	0.0	0.22791	0.453266	0.8617469999999999	0.0	0.963866	-0.23038499999999998	-0.133739	0.0	-2.70168	1.90152	1.17982	0.35635900000000004	0.0251045	0.782281	-0.62242	0.0	0.295684	-0.6005689999999999	-0.742891	0.0	-0.9549559999999999	-0.16539	-0.246385	0.0	2.7151400000000003	1.7956900000000002	1.27823	0.359001	
0	0.137914	0.861088	-0.48939399999999994	0.0	0.22791	0.453266	0.8617469999999999	0.0	0.963866	-0.23038499999999998	-0.133739	0.0	-2.70168	1.90152	1.17982	0.35635900000000004	0.0251045	0.782281	-0.62242	0.0	0.295684	-0.6005689999999999	-0.742892	0.0	-0.9549559999999999	-0.16539	-0.246385	0.0	2.7151400000000003	1.7956900000000002	1.27823	0.359001	
0	0.137914	0.861088	-0.48939399999999994	0.0	0.22791	0.453266	0.8617469999999999	0.0	0.963866	-0.23038499999999998	-0.133739	0.0	-2.70168	1.90152	1.17982	0.35635900000000004	0.0251045	0.782281	-0.62242	0.0	0.295684	-0.6005689999999999	-0.742892	0.0	-0.9549559999999999	-0.16539	-0.246385	0.0	2.7151400000000003	1.7956900000000002	1.27823	0.359001	
0	0.137914	0.861088	-0.48939399999999994	0.0	0.22791	0.453266	0.8617469999999999	0.0	0.963866	-0.23038499999999998	-0.133739	0.0	-2.70168	1.90152	1.17982	0.35635900000000004	0.0251045	0.782281	-0.62242	0.0	0.295684	-0.6005689999999999	-0.742892	0.0	-0.9549559999999999	-0.16539	-0.246385	0.0	2.7151400000000003	1.7956900000000002	1.27823	0.359002	
0	0.137914	0.861088	-0.48939399999999994	0.0	0.22791	0.453266	0.8617469999999999	0.0	0.963866	-0.23038499999999998	-0.133739	0.0	-2.70168	1.90152	1.17982	0.35635900000000004	0.0251043	0.782281	-0.62242	0.0	0.295684	-0.6005689999999999	-0.742892	0.0	-0.9549559999999999	-0.16539	-0.246385	0.0	2.7151400000000003	1.7956900000000002	1.27823	0.359001	
0	0.137914	0.861088	-0.48939399999999994	0.0	0.22791	0.453266	0.8617469999999999	0.0	0.963866	-0.23038499999999998	-0.133739	0.0	-2.70168	1.90152	1.17982	0.35635900000000004	0.0251043	0.782281	-0.62242	0.0	0.295684	-0.6005689999999999	-0.742892	0.0	-0.9549559999999999	-0.16539	-0.246385	0.0	2.7151400000000003	1.7956900000000002	1.27823	0.359001	
0	0.137914	0.861088	-0.48939399999999994	0.0	0.22791	0.453266	0.8617469999999999	0.0	0.963866	-0.23038499999999998	-0.133739	0.0	-2.70168	1.90152	1.17982	0.35635900000000004	0.0251045	0.782281	-0.62242	0.0	0.295684	-0.6005689999999999	-0.742892	0.0	-0.9549559999999999	-0.16539	-0.246385	0.0	2.7151400000000003	1.7956900000000002	1.27823	0.359002	
0	0.898892	0.30785799999999997	0.311795	0.0	-0.158349	-0.435255	0.886272	0.0	0.408556	-0.846036	-0.342498	0.0	-2.66792	1.8716099999999998	1.11247	0.35286799999999996	-0.08537510000000001	0.797305	-0.597508	0.0	0.433226	-0.5103340000000001	-0.7428819999999999	0.0	-0.897233	-0.32228	-0.301844	0.0	2.67692	1.80627	1.3067799999999998	0.361773	
0	0.895116	0.319249	0.311204	0.0	-0.151951	-0.437777	0.88615	0.0	0.41913999999999996	-0.8404950000000001	-0.343351	0.0	-2.62656	1.85675	1.0847	0.352649	-0.08556180000000001	0.796308	-0.598809	0.0	0.435463	-0.510681	-0.7413350000000001	0.0	-0.8961309999999999	-0.324189	-0.303068	0.0	2.68161	1.80539	1.3060200000000002	0.361526	
0	0.913285	0.270167	0.304829	0.0	-0.168655	-0.43038699999999996	0.886748	0.0	0.370765	-0.8612639999999999	-0.347501	0.0	-2.5754900000000003	1.76162	1.0182	0.351718	-0.08596820000000001	0.796692	-0.59824	0.0	0.43506000000000006	-0.5101680000000001	-0.741924	0.0	-0.896288	-0.324052	-0.30275100000000005	0.0	2.68519	1.8039599999999998	1.3038399999999999	0.361642	
0	0.9104629999999999	0.24828899999999998	0.33077199999999995	0.0	-0.219273	-0.388331	0.8950520000000001	0.0	0.350681	-0.887441	-0.299118	0.0	-2.43528	1.39478	0.8712700000000001	0.352327	-0.0858862	0.7967609999999999	-0.5981609999999999	0.0	0.434755	-0.510231	-0.74206	0.0	-0.896444	-0.323786	-0.30257399999999995	0.0	2.68338	1.8167200000000001	1.30559	0.361506	
0	0.8887219999999999	0.289476	0.355495	0.0	-0.258081	-0.324986	0.9098229999999999	0.0	0.37890300000000005	-0.900327	-0.214115	0.0	-2.11613	0.811178	0.631296	0.353205	-0.0873544	0.796659	-0.598083	0.0	0.436192	-0.509175	-0.741941	0.0	-0.895603	-0.325691	-0.303018	0.0	2.68098	1.81182	1.30207	0.361528	
0	0.890667	0.248967	0.380432	0.0	-0.303624	-0.297109	0.905284	0.0	0.338416	-0.9218139999999999	-0.189033	0.0	-1.87684	0.35741300000000004	0.42653599999999997	0.349802	-0.0901837	0.7967069999999999	-0.5976	0.0	0.43818500000000005	-0.507104	-0.742186	0.0	-0.894349	-0.32879200000000003	-0.303373	0.0	2.69119	1.80477	1.30719	0.361521	
0	0.897337	0.197648	0.39461599999999997	0.0	-0.342439	-0.252267	0.90504	0.0	0.278428	-0.947258	-0.158686	0.0	-1.6902700000000002	-0.115452	0.0777326	0.348973	-0.0915315	0.7976810000000001	-0.596094	0.0	0.44135699999999994	-0.504102	-0.742351	0.0	-0.892651	-0.331038	-0.305921	0.0	2.71002	1.8026400000000002	1.3063799999999999	0.36133899999999997	
0	0.8995860000000001	0.141051	0.413339	0.0	-0.380272	-0.21249400000000002	0.900133	0.0	0.214797	-0.966929	-0.137519	0.0	-1.6640700000000002	-0.48228999999999994	-0.22154000000000001	0.349734	-0.09429689999999999	0.798756	-0.59422	0.0	0.443329	-0.50074	-0.743451	0.0	-0.891385	-0.33354	-0.306894	0.0	2.72227	1.7971099999999998	1.30643	0.361388	
0	0.9089860000000001	0.10918599999999999	0.402273	0.0	-0.384289	-0.154291	0.9102290000000001	0.0	0.161451	-0.981974	-0.0982896	0.0	-1.63847	-0.8638450000000001	-0.475328	0.351943	-0.0960553	0.7982859999999999	-0.5945699999999999	0.0	0.444938	-0.49989700000000004	-0.743057	0.0	-0.890395	-0.335921	-0.30717	0.0	2.73508	1.79362	1.29577	0.361108	
0	0.92325	0.0289693	0.38310500000000003	0.0	-0.380957	-0.0602495	0.9226280000000001	0.0	0.0498098	-0.997763	-0.044589300000000005	0.0	-1.6791099999999999	-1.2414100000000001	-0.641763	0.353231	-0.0969568	0.799585	-0.592675	0.0	0.44822399999999996	-0.49659899999999996	-0.743294	0.0	-0.888648	-0.33771799999999996	-0.310245	0.0	2.75083	1.7909599999999999	1.2872299999999999	0.36109	
0	0.92976	-0.0498559	0.364774	0.0	-0.365817	-0.0133762	0.930591	0.0	-0.041516199999999996	-0.998667	-0.0306748	0.0	-1.7944900000000001	-1.48967	-0.7491909999999999	0.353106	-0.0983145	0.7997479999999999	-0.5922310000000001	0.0	0.450218	-0.49498400000000004	-0.743165	0.0	-0.88749	-0.33969699999999997	-0.311397	0.0	2.75893	1.7900200000000002	1.27767	0.360994	
0	0.9437639999999999	-0.121447	0.30750700000000003	0.0	-0.301571	0.065015	0.951224	0.0	-0.135516	-0.990466	0.0247338	0.0	-1.9632900000000002	-1.6799099999999998	-0.795704	0.35163	-0.0996302	0.7992279999999999	-0.592713	0.0	0.45132700000000003	-0.49457700000000004	-0.7427630000000001	0.0	-0.8867790000000001	-0.341509	-0.31143899999999997	0.0	2.7671900000000003	1.7891	1.27051	0.361018	
0	0.953142	-0.147428	0.26416799999999996	0.0	-0.247932	0.119683	0.961356	0.0	-0.173347	-0.9818049999999999	0.07752250000000001	0.0	-2.1345	-1.81293	-0.7670899999999999	0.354444	-0.100237	0.799435	-0.592331	0.0	0.453118	-0.493332	-0.742501	0.0	-0.885797	-0.34282199999999996	-0.312788	0.0	2.77866	1.79499	1.27221	0.36085300000000003	
0	0.960084	-0.152825	0.23426999999999998	0.0	-0.21709499999999998	0.12098900000000001	0.9686239999999999	0.0	-0.176374	-0.980819	0.0829817	0.0	-2.3643400000000003	-1.90903	-0.7644529999999999	0.352514	-0.101752	0.798441	-0.593413	0.0	0.45507299999999995	-0.49308	-0.741472	0.0	-0.8846219999999999	-0.345492	-0.313177	0.0	2.78589	1.7957900000000002	1.27609	0.360605	
0	0.966882	-0.162795	0.19656400000000002	0.0	-0.180563	0.107993	0.977617	0.0	-0.18037899999999998	-0.9807319999999999	0.07502180000000001	0.0	-2.49932	-1.9816200000000002	-0.798441	0.355067	-0.101811	0.798266	-0.593638	0.0	0.455895	-0.49294799999999994	-0.741055	0.0	-0.884191	-0.346084	-0.313738	0.0	2.79605	1.80387	1.27665	0.360404	
0	0.9730850000000001	-0.150097	0.174862	0.0	-0.162591	0.09055830000000001	0.9825290000000001	0.0	-0.16330899999999998	-0.9845149999999999	0.0637165	0.0	-2.59122	-2.06053	-0.818723	0.36222600000000005	-0.102181	0.798571	-0.593163	0.0	0.455305	-0.49261499999999997	-0.741638	0.0	-0.884452	-0.345852	-0.313258	0.0	2.7989900000000003	1.80977	1.27611	0.360478	
0	0.980991	-0.11634100000000001	0.15531099999999998	0.0	-0.14893499999999998	0.061680700000000005	0.9869209999999999	0.0	-0.124399	-0.9912920000000001	0.043181	0.0	-2.62993	-2.10695	-0.8342430000000001	0.362234	-0.102449	0.797852	-0.5940840000000001	0.0	0.456995	-0.49272	-0.740529	0.0	-0.88355	-0.34736	-0.314136	0.0	2.8056900000000002	1.80785	1.27393	0.360245	
0	0.979593	-0.12360399999999999	0.158495	0.0	-0.152828	0.0541154	0.98677	0.0	-0.130546	-0.9908549999999999	0.034121	0.0	-2.6352	-2.12494	-0.876762	0.36286799999999997	-0.10311	0.7977890000000001	-0.594055	0.0	0.455847	-0.49292700000000006	-0.7410979999999999	0.0	-0.884066	-0.347213	-0.312844	0.0	2.8112	1.80898	1.2756	0.36035	
0	0.981034	-0.0857772	0.173825	0.0	-0.172625	0.0212666	0.984758	0.0	-0.08816639999999999	-0.9960870000000001	0.00605596	0.0	-2.66241	-2.15529	-0.976757	0.362628	-0.10377	0.7971630000000001	-0.59478	0.0	0.458559	-0.49231199999999997	-0.739833	0.0	-0.882584	-0.349514	-0.314459	0.0	2.8105700000000002	1.81305	1.28229	0.360217	
0	0.9700059999999999	-0.0489035	0.23811300000000002	0.0	-0.23979099999999998	-0.0318528	0.970302	0.0	-0.0398666	-0.998295	-0.0426241	0.0	-2.57238	-2.25978	-1.16079	0.36202399999999996	-0.103826	0.797211	-0.594705	0.0	0.45812299999999995	-0.49239700000000003	-0.740046	0.0	-0.882804	-0.34928400000000004	-0.314098	0.0	2.81513	1.81893	1.28816	0.36025300000000005	
0	0.96145	-0.050818800000000004	0.270243	0.0	-0.273301	-0.0681846	0.9595090000000001	0.0	-0.0303347	-0.9963780000000001	-0.079445	0.0	-2.54696	-2.3454	-1.28264	0.361599	-0.10368	0.797796	-0.593945	0.0	0.457942	-0.49181099999999994	-0.740548	0.0	-0.882915	-0.348773	-0.314353	0.0	2.81731	1.81578	1.28119	0.36022	
0	0.951068	-0.051980700000000005	0.304577	0.0	-0.307814	-0.07381560000000001	0.9485790000000001	0.0	-0.0268253	-0.995916	-0.086204	0.0	-2.56458	-2.43646	-1.3240100000000001	0.361608	-0.103469	0.797535	-0.594334	0.0	0.45728	-0.49250299999999997	-0.7404970000000001	0.0	-0.883283	-0.348396	-0.313738	0.0	2.8162700000000003	1.8066200000000001	1.27702	0.360208	
0	0.9448110000000001	-0.0325491	0.325994	0.0	-0.327581	-0.0794826	0.941474	0.0	-0.00473329	-0.9963049999999999	-0.0857585	0.0	-2.5634099999999997	-2.51117	-1.35374	0.362773	-0.104191	0.79776	-0.593904	0.0	0.456934	-0.49200299999999997	-0.741043	0.0	-0.8833770000000001	-0.348585	-0.313262	0.0	2.81765	1.8004900000000001	1.2763799999999998	0.36035900000000004	
0	0.944843	-0.0313957	0.32601399999999997	0.0	-0.32750100000000004	-0.07912280000000001	0.9415319999999999	0.0	-0.0037649000000000003	-0.9963700000000001	-0.0850408	0.0	-2.5510200000000003	-2.55153	-1.39011	0.361588	-0.104085	0.797588	-0.594155	0.0	0.457429	-0.492075	-0.74069	0.0	-0.883134	-0.348878	-0.313623	0.0	2.81886	1.80142	1.27579	0.360291	
0	0.9427989999999999	-0.027691399999999998	0.33221100000000003	0.0	-0.333355	-0.0713786	0.9400959999999999	0.0	-0.00231983	-0.997065	-0.07652669999999999	0.0	-2.46999	-2.6086099999999997	-1.41487	0.349043	-0.105611	0.7963319999999999	-0.595568	0.0	0.459107	-0.49221800000000004	-0.739556	0.0	-0.882081	-0.351535	-0.313618	0.0	2.81724	1.8118400000000001	1.2839	0.36023099999999997	
0	0.942032	-0.021746099999999997	0.334818	0.0	-0.33551	-0.0697015	0.9394549999999999	0.0	0.00290778	-0.997331	-0.0729571	0.0	-2.4471	-2.61915	-1.3784299999999998	0.35294000000000003	-0.105145	0.7965399999999999	-0.5953729999999999	0.0	0.45848599999999995	-0.492438	-0.739794	0.0	-0.88246	-0.350756	-0.313425	0.0	2.81852	1.8164900000000002	1.28577	0.360228	
0	0.9415379999999999	-0.0224735	0.336156	0.0	-0.336892	-0.07197869999999999	0.938788	0.0	0.00309822	-0.9971530000000001	-0.0753418	0.0	-2.43243	-2.62146	-1.35372	0.362989	-0.10557899999999999	0.796554	-0.595278	0.0	0.4581	-0.49236	-0.740086	0.0	-0.882608	-0.35083400000000003	-0.312919	0.0	2.8184	1.81615	1.28536	0.360313	
0	0.9428	-0.0166603	0.332942	0.0	-0.33326	-0.0714804	0.9401219999999999	0.0	0.00813612	-0.997303	-0.07294389999999999	0.0	-2.4241900000000003	-2.6261200000000002	-1.35486	0.36398	-0.105379	0.796138	-0.5958680000000001	0.0	0.45810500000000004	-0.492972	-0.7396739999999999	0.0	-0.8826299999999999	-0.350916	-0.312766	0.0	2.81898	1.8179900000000002	1.28131	0.36017899999999997	
0	0.944818	-0.00895791	0.327473	0.0	-0.32731	-0.0674812	0.9425040000000001	0.0	0.0136554	-0.9976799999999999	-0.0666895	0.0	-2.42798	-2.62894	-1.36989	0.36398	-0.10583800000000002	0.795999	-0.595974	0.0	0.458671	-0.49269399999999997	-0.739509	0.0	-0.882281	-0.351624	-0.312956	0.0	2.81928	1.8182599999999998	1.2832299999999999	0.360148	
0	0.947691	0.00992501	0.319035	0.0	-0.317707	-0.0668715	0.9458280000000001	0.0	0.0307216	-0.997712	-0.0602203	0.0	-2.42665	-2.62003	-1.39165	0.363994	-0.106716	0.796088	-0.595697	0.0	0.46026000000000006	-0.491512	-0.739308	0.0	-0.8813469999999999	-0.353072	-0.31395500000000004	0.0	2.81981	1.82002	1.2819200000000002	0.35999899999999996	
0	0.948319	0.00884058	0.317196	0.0	-0.315893	-0.0683855	0.946327	0.0	0.0300577	-0.9976200000000001	-0.0620586	0.0	-2.42036	-2.6133900000000003	-1.38383	0.36398	-0.106305	0.796006	-0.595881	0.0	0.460322	-0.49179399999999995	-0.739083	0.0	-0.881365	-0.352865	-0.314139	0.0	2.8214599999999996	1.8232	1.27865	0.35992399999999997	
0	0.94832	0.00885496	0.317193	0.0	-0.315888	-0.0683951	0.9463280000000001	0.0	0.0300741	-0.997619	-0.0620633	0.0	-2.42042	-2.61344	-1.38383	0.36398	-0.106302	0.796006	-0.59588	0.0	0.460322	-0.49179399999999995	-0.739082	0.0	-0.881365	-0.35286300000000004	-0.31414000000000003	0.0	2.82144	1.8231700000000002	1.27867	0.359923	
0	0.94832	0.0088551	0.317193	0.0	-0.315888	-0.0683951	0.9463280000000001	0.0	0.030074200000000002	-0.997619	-0.06206319999999999	0.0	-2.42042	-2.61344	-1.38383	0.36398	-0.106303	0.796007	-0.595881	0.0	0.460322	-0.49179399999999995	-0.739082	0.0	-0.881365	-0.35286300000000004	-0.314141	0.0	2.82144	1.8231700000000002	1.27867	0.35992399999999997	
0	0.94832	0.00885512	0.317193	0.0	-0.315888	-0.0683951	0.9463280000000001	0.0	0.030074299999999998	-0.997619	-0.06206319999999999	0.0	-2.42042	-2.61344	-1.38383	0.36398	-0.106303	0.796007	-0.595881	0.0	0.460322	-0.49179399999999995	-0.739082	0.0	-0.881365	-0.35286300000000004	-0.31414000000000003	0.0	2.82144	1.8231700000000002	1.27867	0.35992399999999997	
0	0.94832	0.0088551	0.317193	0.0	-0.315888	-0.0683951	0.9463280000000001	0.0	0.030074200000000002	-0.997619	-0.06206319999999999	0.0	-2.42042	-2.61344	-1.38383	0.36398	-0.106303	0.796007	-0.595881	0.0	0.460322	-0.49179399999999995	-0.739082	0.0	-0.881365	-0.35286300000000004	-0.314141	0.0	2.82144	1.8231700000000002	1.27867	0.35992399999999997	
0	0.94832	0.00885513	0.317193	0.0	-0.315888	-0.0683951	0.9463280000000001	0.0	0.030074299999999998	-0.997619	-0.06206319999999999	0.0	-2.42042	-2.61344	-1.38383	0.36398	-0.106303	0.796007	-0.595881	0.0	0.460322	-0.49179399999999995	-0.739082	0.0	-0.881365	-0.35286300000000004	-0.31414000000000003	0.0	2.82144	1.8231700000000002	1.27867	0.35992399999999997	
0	0.94832	0.00885512	0.317193	0.0	-0.315888	-0.0683951	0.9463280000000001	0.0	0.030074299999999998	-0.997619	-0.06206319999999999	0.0	-2.42042	-2.61344	-1.38383	0.36398	-0.106303	0.796007	-0.595881	0.0	0.460322	-0.49179399999999995	-0.739082	0.0	-0.881365	-0.35286300000000004	-0.314141	0.0	2.82144	1.8231700000000002	1.27867	0.35992399999999997	
0	0.94832	0.00885509	0.317193	0.0	-0.315888	-0.0683951	0.9463280000000001	0.0	0.030074200000000002	-0.997619	-0.06206319999999999	0.0	-2.42042	-2.61344	-1.38383	0.36398	-0.106303	0.796007	-0.595881	0.0	0.460322	-0.49179399999999995	-0.739082	0.0	-0.881365	-0.35286300000000004	-0.314141	0.0	2.82144	1.8231700000000002	1.27867	0.35992399999999997	
0	0.94832	0.00885513	0.317193	0.0	-0.315888	-0.0683951	0.9463280000000001	0.0	0.030074299999999998	-0.997619	-0.06206319999999999	0.0	-2.42042	-2.61344	-1.38383	0.36398	-0.106303	0.796007	-0.595881	0.0	0.460322	-0.49179399999999995	-0.739082	0.0	-0.881365	-0.35286300000000004	-0.314141	0.0	2.82144	1.8231700000000002	1.27867	0.35992399999999997	
0	0.94832	0.00885513	0.317193	0.0	-0.315888	-0.0683949	0.9463280000000001	0.0	0.030074200000000002	-0.997619	-0.062063	0.0	-2.42042	-2.61344	-1.38383	0.36398	-0.106303	0.796007	-0.595881	0.0	0.460322	-0.49179399999999995	-0.739082	0.0	-0.881365	-0.35286300000000004	-0.31414000000000003	0.0	2.82144	1.8231700000000002	1.27867	0.35992399999999997	
0	0.94832	0.00885512	0.317193	0.0	-0.315888	-0.0683947	0.9463280000000001	0.0	0.030074200000000002	-0.997619	-0.062062900000000004	0.0	-2.42042	-2.61344	-1.38383	0.36398	-0.106303	0.796007	-0.595881	0.0	0.460322	-0.49179399999999995	-0.739082	0.0	-0.881365	-0.35286300000000004	-0.31414000000000003	0.0	2.82144	1.8231700000000002	1.27867	0.35992399999999997	
0	0.962414	0.253521	0.09739489999999999	0.0	-0.00980575	-0.325945	0.9453379999999999	0.0	0.271408	-0.9107620000000001	-0.311209	0.0	-2.40096	-2.61503	-1.41708	0.354996	-0.10822799999999999	0.799442	-0.590914	0.0	0.46643500000000004	-0.48408199999999996	-0.7403390000000001	0.0	-0.877909	-0.355749	-0.320497	0.0	2.7785900000000003	1.84066	1.30891	0.359987	
0	0.954347	0.271043	0.125533	0.0	-0.0344796	-0.31749	0.947635	0.0	0.296705	-0.9087	-0.29365	0.0	-2.38444	-2.69237	-1.42171	0.35552	-0.110234	0.799291	-0.590747	0.0	0.46693500000000004	-0.483047	-0.740701	0.0	-0.877394	-0.357491	-0.319968	0.0	2.7780099999999996	1.8394400000000002	1.30877	0.36006900000000003	
0	0.949199	0.279258	0.145041	0.0	-0.05489490000000001	-0.306902	0.950156	0.0	0.309852	-0.909849	-0.275981	0.0	-2.31604	-2.8019	-1.47013	0.354933	-0.11091400000000001	0.799086	-0.5908979999999999	0.0	0.46948999999999996	-0.481911	-0.739825	0.0	-0.8759440000000001	-0.359477	-0.321713	0.0	2.781	1.83982	1.31274	0.35975999999999997	
0	0.9633889999999999	0.22459899999999997	0.14641600000000002	0.0	-0.08066799999999999	-0.27798	0.9571940000000001	0.0	0.255686	-0.93396	-0.249685	0.0	-2.23303	-2.96176	-1.5184	0.353783	-0.11108699999999999	0.799283	-0.590598	0.0	0.46932299999999993	-0.48164300000000004	-0.740105	0.0	-0.8760110000000001	-0.359398	-0.321617	0.0	2.78554	1.83759	1.31145	0.35977600000000004	
0	0.975131	0.176837	0.133597	0.0	-0.08874169999999999	-0.24082699999999999	0.9665030000000001	0.0	0.20308800000000002	-0.9543219999999999	-0.21914499999999998	0.0	-2.22897	-3.16847	-1.56905	0.354093	-0.111475	0.799343	-0.590445	0.0	0.46895299999999995	-0.481521	-0.7404189999999999	0.0	-0.87616	-0.359429	-0.321177	0.0	2.7867	1.83821	1.3109600000000001	0.35985300000000003	
0	0.9856959999999999	0.11155699999999999	0.126328	0.0	-0.10294500000000001	-0.194946	0.975397	0.0	0.133439	-0.974449	-0.180673	0.0	-2.24642	-3.41624	-1.65273	0.353655	-0.112329	0.799083	-0.590634	0.0	0.469333	-0.48125	-0.740355	0.0	-0.8758469999999999	-0.360367	-0.32097800000000004	0.0	2.78786	1.83395	1.31016	0.35991799999999996	
0	0.988505	0.074388	0.131625	0.0	-0.117227	-0.172692	0.977975	0.0	0.0954802	-0.9821629999999999	-0.161987	0.0	-2.2694900000000002	-3.5136199999999995	-1.7129	0.35483600000000004	-0.112605	0.798257	-0.591698	0.0	0.470718	-0.48157	-0.739267	0.0	-0.8750690000000001	-0.361768	-0.32152600000000003	0.0	2.78531	1.8390799999999998	1.31225	0.35978499999999997	
0	0.998827	0.023799400000000002	0.0421638	0.0	-0.039689	-0.0963062	0.99456	0.0	0.027730599999999998	-0.995067	-0.09524860000000002	0.0	-2.20416	-3.4775699999999996	-1.7698	0.359222	-0.112305	0.799546	-0.590012	0.0	0.471595	-0.47975	-0.7398899999999999	0.0	-0.874634	-0.36134	-0.323184	0.0	2.78832	1.8455400000000002	1.32047	0.359661	
0	0.9998790000000001	0.0153832	-0.00244471	0.0	0.00342699	-0.0641554	0.997934	0.0	0.015194599999999999	-0.997821	-0.0642003	0.0	-2.19162	-3.46553	-1.7927	0.360122	-0.11214400000000001	0.799908	-0.589551	0.0	0.47191000000000005	-0.47924799999999995	-0.740015	0.0	-0.8744850000000001	-0.361203	-0.323741	0.0	2.7888900000000003	1.84685	1.31715	0.359612	
0	0.9920959999999999	0.00261965	-0.12545699999999999	0.0	0.125458	-0.0412161	0.991242	0.0	-0.00257414	-0.9991469999999999	-0.0412189	0.0	-2.22525	-3.49738	-1.7984099999999998	0.358698	-0.112203	0.79999	-0.589429	0.0	0.47200699999999995	-0.479075	-0.740065	0.0	-0.874425	-0.36125300000000005	-0.323848	0.0	2.79196	1.85005	1.32049	0.359558	
0	0.981642	-0.0294644	-0.188441	0.0	0.188165	-0.011924899999999999	0.982065	0.0	-0.031183099999999995	-0.999495	-0.00616187	0.0	-2.32513	-3.64581	-1.82575	0.358525	-0.112429	0.800241	-0.5890449999999999	0.0	0.47179	-0.478732	-0.740426	0.0	-0.8745139999999999	-0.361151	-0.32372199999999995	0.0	2.79525	1.8497400000000002	1.31964	0.359484	
0	0.959501	-0.0621432	-0.274766	0.0	0.275909	0.0104515	0.9611270000000001	0.0	-0.0568558	-0.9980129999999999	0.0271741	0.0	-2.28574	-3.64833	-1.84435	0.359557	-0.11222	0.800756	-0.588385	0.0	0.47083	-0.47858900000000004	-0.741129	0.0	-0.875058	-0.360198	-0.323312	0.0	2.79771	1.8517	1.32067	0.359462	
0	0.9249200000000001	-0.0799615	-0.371658	0.0	0.373702	0.0117744	0.927474	0.0	-0.0697861	-0.9967290000000001	0.0407721	0.0	-2.24245	-3.64782	-1.8591799999999998	0.360169	-0.111819	0.8013399999999999	-0.587665	0.0	0.47113599999999994	-0.477934	-0.7413569999999999	0.0	-0.874944	-0.359768	-0.32409899999999997	0.0	2.7964	1.8558700000000001	1.32237	0.35943600000000003	
0	0.895574	-0.0961952	-0.434389	0.0	0.43789700000000004	0.017884900000000002	0.898847	0.0	-0.07869580000000001	-0.995202	0.0581408	0.0	-2.21295	-3.6452400000000003	-1.8779099999999997	0.36023299999999997	-0.111811	0.801239	-0.587804	0.0	0.470466	-0.47834	-0.74152	0.0	-0.8753059999999999	-0.359452	-0.323472	0.0	2.79802	1.85808	1.32521	0.359446	
0	0.894372	-0.06796239999999999	-0.44213199999999997	0.0	0.444342	0.021035599999999998	0.89561	0.0	-0.0515673	-0.997466	0.0490122	0.0	-2.23306	-3.64459	-1.8703299999999998	0.359653	-0.11132	0.801372	-0.587717	0.0	0.46983800000000003	-0.478685	-0.741696	0.0	-0.875705	-0.358697	-0.323228	0.0	2.7991	1.8644599999999998	1.32895	0.359266	
0	0.8833690000000001	-0.056452999999999996	-0.465266	0.0	0.46713000000000005	0.025425200000000002	0.8838229999999999	0.0	-0.038064999999999995	-0.998082	0.0488307	0.0	-2.2363299999999997	-3.6426199999999995	-1.8746099999999999	0.357652	-0.110069	0.804144	-0.584155	0.0	0.469808	-0.47583100000000006	-0.743549	0.0	-0.8758799999999999	-0.35628200000000004	-0.32542	0.0	2.81058	1.87391	1.32856	0.359082	
0	0.885642	-0.0581341	-0.46071599999999996	0.0	0.462775	0.0283407	0.886023	0.0	-0.038451099999999995	-0.997906	0.05200269999999999	0.0	-2.26076	-3.6239199999999996	-1.92353	0.294086	-0.11016	0.804315	-0.583902	0.0	0.46929499999999996	-0.475774	-0.743909	0.0	-0.876143	-0.355971	-0.32505100000000003	0.0	2.82147	1.8768799999999999	1.32654	0.359067	
0	0.882489	-0.0750556	-0.46430600000000005	0.0	0.469663	0.08794819999999999	0.8784540000000001	0.0	-0.025097900000000003	-0.993293	0.112864	0.0	-2.2906	-3.59639	-1.97829	0.158716	-0.109653	0.804244	-0.584095	0.0	0.469304	-0.47612299999999996	-0.74368	0.0	-0.876202	-0.355665	-0.325227	0.0	2.8235099999999997	1.8755	1.32394	0.359203	
0	0.889753	-0.0773214	-0.449846	0.0	0.45552200000000004	0.0878516	0.8858790000000001	0.0	-0.0289777	-0.993128	0.11338800000000002	0.0	-2.2928900000000003	-3.5965599999999998	-1.9738900000000001	0.158588	-0.10974300000000001	0.804284	-0.584024	0.0	0.468896	-0.476192	-0.7438939999999999	0.0	-0.876409	-0.355484	-0.324867	0.0	2.82574	1.8760400000000002	1.32375	0.359123	
0	0.9289950000000001	-0.050544099999999995	-0.366626	0.0	0.370006	0.105327	0.9230389999999999	0.0	-0.00803854	-0.993152	0.11655	0.0	-2.32124	-3.5914900000000003	-1.9428400000000001	0.15899000000000002	-0.109454	0.804679	-0.583534	0.0	0.469081	-0.475763	-0.744052	0.0	-0.876346	-0.355164	-0.325386	0.0	2.82415	1.8772099999999998	1.32618	0.359062	
0	0.9094129999999999	-0.0212962	-0.41534899999999997	0.0	0.41384799999999994	0.145276	0.8986790000000001	0.0	0.0412016	-0.9891620000000001	0.140929	0.0	-2.33926	-3.5749699999999995	-1.9266599999999998	0.157998	-0.10897000000000001	0.80486	-0.583375	0.0	0.468501	-0.476017	-0.744255	0.0	-0.876717	-0.35441300000000003	-0.325206	0.0	2.82555	1.8766	1.32314	0.359118	
0	0.875655	0.0565563	-0.47961499999999996	0.0	0.455751	0.231735	0.8594120000000001	0.0	0.159749	-0.971133	0.177144	0.0	-2.4155	-3.5071800000000004	-1.9088	0.158126	-0.10854100000000001	0.805413	-0.5826899999999999	0.0	0.46801499999999996	-0.47572700000000007	-0.744745	0.0	-0.8770290000000001	-0.353544	-0.32531	0.0	2.82233	1.8747599999999998	1.3197299999999998	0.3592	
0	0.8562379999999999	0.14418499999999998	-0.49605200000000005	0.0	0.46093	0.22032	0.8596530000000001	0.0	0.23324	-0.9647120000000001	0.12218699999999999	0.0	-2.51863	-3.4217400000000002	-1.84936	0.158159	-0.108805	0.805805	-0.5821	0.0	0.467509	-0.47529499999999997	-0.7453390000000001	0.0	-0.877267	-0.353234	-0.325007	0.0	2.81161	1.8720400000000001	1.32031	0.35937800000000003	
0	0.786582	0.351988	-0.507339	0.0	0.48057700000000003	0.166946	0.860915	0.0	0.38773	-0.9209959999999999	-0.0378401	0.0	-2.6674700000000002	-3.27757	-1.7539	0.158236	-0.11041300000000001	0.806769	-0.5804590000000001	0.0	0.468937	-0.472649	-0.746125	0.0	-0.876303	-0.354581	-0.326137	0.0	2.8056099999999997	1.86802	1.3187200000000001	0.359371	
0	0.688776	0.5010180000000001	-0.523993	0.0	0.539741	0.128163	0.832018	0.0	0.484012	-0.8558950000000001	-0.182144	0.0	-2.6705400000000004	-3.20718	-1.77404	0.158756	-0.110046	0.806836	-0.580436	0.0	0.469538	-0.47251099999999996	-0.745834	0.0	-0.876028	-0.354612	-0.326842	0.0	2.81732	1.86264	1.31064	0.359242	
0	0.6259600000000001	0.589059	-0.511062	0.0	0.5590470000000001	0.11796400000000001	0.820701	0.0	0.543729	-0.799433	-0.255471	0.0	-2.67466	-2.94959	-1.90273	0.15829100000000002	-0.10973	0.807941	-0.578956	0.0	0.46904399999999996	-0.471451	-0.746814	0.0	-0.876331	-0.353504	-0.327228	0.0	2.82134	1.86159	1.30946	0.35938000000000003	
0	0.579646	0.671711	-0.461318	0.0	0.576504	0.06205549999999999	0.814735	0.0	0.5758939999999999	-0.73821	-0.351274	0.0	-2.83757	-2.34882	-1.85657	0.15878699999999998	-0.109269	0.80916	-0.577339	0.0	0.46757299999999996	-0.470706	-0.748206	0.0	-0.877175	-0.351704	-0.326908	0.0	2.81197	1.85437	1.30199	0.359502	
0	0.551675	0.727039	-0.40874099999999997	0.0	0.562625	0.0373836	0.825867	0.0	0.615718	-0.685578	-0.388427	0.0	-2.9647900000000003	-1.9527400000000001	-2.11939	0.158634	-0.10931099999999999	0.8092090000000001	-0.5772619999999999	0.0	0.46790200000000004	-0.47048900000000005	-0.7481359999999999	0.0	-0.876994	-0.35188200000000003	-0.327202	0.0	2.80765	1.8537700000000001	1.30088	0.359666	
1	0.461528	0.8414010000000001	-0.28113299999999997	0.0	0.545589	-0.019328099999999997	0.83783	0.0	0.699517	-0.540065	-0.46798	0.0	-3.16926	-1.1985299999999999	-2.45201	0.158633	-0.109518	0.811107	-0.574553	0.0	0.468703	-0.467592	-0.74945	0.0	-0.876541	-0.351373	-0.328958	0.0	2.8043400000000003	1.84969	1.3018299999999998	0.35984	
1	0.43136499999999994	0.8618809999999999	-0.26661999999999997	0.0	0.5515939999999999	-0.018099	0.833917	0.0	0.713911	-0.506789	-0.48321499999999995	0.0	-3.21434	-1.11077	-2.48943	0.158625	-0.10912899999999999	0.811487	-0.57409	0.0	0.46824499999999997	-0.467483	-0.749805	0.0	-0.876834	-0.35064	-0.328959	0.0	2.80465	1.84959	1.30119	0.359794	
1	0.257843	0.9529629999999999	-0.159304	0.0	0.56382	-0.014510299999999999	0.8257700000000001	0.0	0.784617	-0.302738	-0.541041	0.0	-3.4249099999999997	-0.7004819999999999	-2.7829900000000003	0.158443	-0.10804000000000001	0.813571	-0.57134	0.0	0.46398500000000004	-0.46700699999999995	-0.752743	0.0	-0.87923	-0.34642	-0.32703000000000004	0.0	2.78925	1.84707	1.2963200000000001	0.36046500000000004	
1	0.224503	0.9645459999999999	-0.138741	0.0	0.569198	-0.014235900000000001	0.8220770000000001	0.0	0.790956	-0.263529	-0.552214	0.0	-3.4903199999999996	-0.720665	-2.89367	0.158625	-0.11047	0.8144819999999999	-0.569575	0.0	0.46541899999999997	-0.46396899999999996	-0.753736	0.0	-0.8781700000000001	-0.348356	-0.32782100000000003	0.0	2.78642	1.84115	1.2952700000000001	0.360402	
1	0.16008	0.975756	-0.149247	0.0	0.562589	0.0340495	0.8260350000000001	0.0	0.811091	-0.216196	-0.543499	0.0	-3.48558	-0.7751239999999999	-2.9685599999999996	0.158631	-0.112312	0.817118	-0.5654239999999999	0.0	0.46653599999999995	-0.459046	-0.7560560000000001	0.0	-0.877343	-0.34870500000000004	-0.329658	0.0	2.78818	1.8347099999999998	1.28998	0.360604	
1	-0.0452274	0.959051	-0.2796	0.0	0.419704	0.272228	0.865875	0.0	0.9065340000000001	-0.07818810000000001	-0.41483000000000003	0.0	-3.12161	-1.2856100000000001	-3.18247	0.15862300000000001	-0.13331500000000002	0.8145220000000001	-0.564607	0.0	0.500332	-0.436454	-0.747781	0.0	-0.855509	-0.382181	-0.349346	0.0	2.79278	1.74689	1.19541	0.361561	
1	-0.198113	0.89112	-0.408236	0.0	0.25840599999999997	0.44924	0.855225	0.0	0.9455040000000001	0.0639398	-0.319271	0.0	-2.7496	-1.7393299999999998	-3.3421199999999995	0.158632	-0.169069	0.787373	-0.5928399999999999	0.0	0.534485	-0.43213	-0.7263539999999999	0.0	-0.828095	-0.439668	-0.347779	0.0	2.7980099999999997	1.62852	1.09107	0.361412	
1	-0.286905	0.792967	-0.537484	0.0	0.128946	0.587933	0.798566	0.0	0.949241	0.159806	-0.270931	0.0	-2.36931	-2.2616	-3.50843	0.15845599999999999	-0.226924	0.723669	-0.651774	0.0	0.5800850000000001	-0.437138	-0.687322	0.0	-0.782309	-0.534054	-0.32059299999999996	0.0	2.82354	1.39514	0.909797	0.361178	
1	-0.33150799999999997	0.72823	-0.59982	0.0	0.055801199999999995	0.6497930000000001	0.758061	0.0	0.941801	0.217833	-0.256048	0.0	-2.23034	-2.4428	-3.5991699999999995	0.158458	-0.250776	0.6955359999999999	-0.6733060000000001	0.0	0.597826	-0.43577899999999997	-0.67283	0.0	-0.76139	-0.57125	-0.306526	0.0	2.85624	1.2385	0.763189	0.360572	
1	-0.385385	0.600975	-0.70022	0.0	-0.07673780000000001	0.735333	0.673347	0.0	0.91956	0.313231	-0.237269	0.0	-1.91888	-2.6758	-3.7571199999999996	0.15872	-0.266415	0.639766	-0.7209180000000001	0.0	0.614079	-0.463841	-0.63856	0.0	-0.74292	-0.612822	-0.269293	0.0	2.89823	0.9416549999999999	0.33131700000000003	0.35979099999999997	
1	-0.3926	0.5519470000000001	-0.735677	0.0	-0.137487	0.755692	0.6403340000000001	0.0	0.909375	0.352541	-0.22079899999999997	0.0	-1.67009	-2.75276	-3.77166	0.158575	-0.256184	0.6395029999999999	-0.724849	0.0	0.599166	-0.483383	-0.6382329999999999	0.0	-0.758532	-0.5978100000000001	-0.259334	0.0	2.83955	0.810909	0.0110643	0.358795	
1	-0.39174200000000003	0.513151	-0.7636850000000001	0.0	-0.18493199999999999	0.769171	0.6117	0.0	0.9012979999999999	0.380858	-0.20641900000000002	0.0	-1.47289	-2.8019700000000003	-3.79431	0.158084	-0.236159	0.6584770000000001	-0.714589	0.0	0.570522	-0.5013340000000001	-0.650515	0.0	-0.786596	-0.561314	-0.257281	0.0	2.72748	0.7686069999999999	-0.226408	0.358601	
1	-0.396947	0.41746000000000005	-0.817411	0.0	-0.307812	0.778457	0.547044	0.0	0.8646879999999999	0.468757	-0.180507	0.0	-1.0401799999999999	-2.80286	-3.8489699999999996	0.15704100000000001	-0.22849699999999998	0.680871	-0.6958479999999999	0.0	0.520845	-0.51837	-0.678243	0.0	-0.8225020000000001	-0.517405	-0.236182	0.0	2.3058799999999997	0.693078	-0.716062	0.358093	
1	-0.399183	0.384946	-0.832148	0.0	-0.32905700000000004	0.786982	0.5219010000000001	0.0	0.8557889999999999	0.482158	-0.18748099999999998	0.0	-0.9056649999999999	-2.7479	-3.8451199999999996	0.156887	-0.24153899999999998	0.687537	-0.684801	0.0	0.510135	-0.5103489999999999	-0.6923189999999999	0.0	-0.8254819999999999	-0.516563	-0.22746799999999998	0.0	2.1331900000000004	0.669446	-0.8238780000000001	0.358133	
1	-0.40236700000000003	0.332837	-0.8528309999999999	0.0	-0.35975100000000004	0.799141	0.48161400000000004	0.0	0.841832	0.5005930000000001	-0.201809	0.0	-0.674385	-2.65955	-3.84439	0.15675799999999998	-0.271438	0.695576	-0.665204	0.0	0.49433900000000003	-0.492263	-0.716454	0.0	-0.8258030000000001	-0.523309	-0.21023200000000003	0.0	1.81207	0.583828	-0.984036	0.358304	
