 3	0.16476500000000002	0.8492959999999999	-0.501546	0.0	0.11463399999999999	0.48856099999999997	0.864967	0.0	0.979649	-0.20001	-0.0168608	0.0	-2.75751	1.95452	1.43448	9.2514e-05	-0.054527599999999996	0.6384029999999999	-0.7677689999999999	0.0	0.40224099999999996	-0.689719	-0.602071	0.0	-0.913909	-0.34165700000000004	-0.219183	0.0	2.70092	1.9940200000000001	1.51715	3.84161e-05	
 3	0.17181	0.8298409999999999	-0.530891	0.0	0.11997100000000001	0.5172680000000001	0.8473729999999999	0.0	0.977798	-0.209279	-0.0106848	0.0	-2.79008	1.9399	1.43049	0.0	0.017127299999999998	0.609737	-0.792419	0.0	0.329887	-0.751602	-0.5712	0.0	-0.943865	-0.251625	-0.214017	0.0	2.8406700000000003	1.90442	1.51849	0.0	
 3	0.16881600000000002	0.818295	-0.54945	0.0	0.135324	0.532929	0.835269	0.0	0.9763139999999999	-0.21536100000000002	-0.020767599999999997	0.0	-2.8099	1.9343599999999999	1.4216	0.0	0.0326248	0.616053	-0.787029	0.0	0.357101	-0.7426560000000001	-0.566516	0.0	-0.9334959999999999	-0.26256599999999997	-0.24422199999999997	0.0	2.92371	1.83235	1.4648700000000001	-0.000109739	
 3	0.189845	0.826657	-0.529714	0.0	0.11662	0.51672	0.848175	0.0	0.9748629999999999	-0.22279699999999997	0.0016914000000000002	0.0	-2.8168900000000003	1.90858	1.48718	0.0	-5.78165e-06	0.655643	-0.755071	0.0	0.328735	-0.713105	-0.619206	0.0	-0.944422	-0.248221	-0.215529	0.0	2.9501	1.7950700000000002	1.49161	0.0	
 3	0.24033000000000002	0.877511	-0.41498900000000005	0.0	0.183894	0.378617	0.907101	0.0	0.9531129999999999	-0.29431799999999997	-0.070376	0.0	-2.82659	1.89402	1.45726	0.0613467	-0.0175726	0.720208	-0.6935359999999999	0.0	0.351862	-0.644817	-0.678531	0.0	-0.9358870000000001	-0.25595300000000004	-0.242083	0.0	2.97136	1.79705	1.53071	0.21159	
 3	0.2727	0.8672549999999999	-0.416538	0.0	0.178519	0.379817	0.907673	0.0	0.945392	-0.321883	-0.0512454	0.0	-2.86361	1.82978	1.43716	0.356683	-0.027910400000000005	0.766559	-0.641567	0.0	0.308884	-0.603793	-0.7348640000000001	0.0	-0.9506899999999999	-0.21868	-0.219926	0.0	2.9578599999999997	1.7424400000000002	1.50758	0.358401	
 3	0.37442600000000004	0.830076	-0.41325500000000004	0.0	0.14885	0.386088	0.910373	0.0	0.9152319999999999	-0.402381	0.0210044	0.0	-2.85617	1.76215	1.60028	0.35473299999999997	-0.112352	0.7670560000000001	-0.631666	0.0	0.30034299999999997	-0.579743	-0.757425	0.0	-0.947191	-0.27481500000000003	-0.165245	0.0	2.9665	1.61184	1.60016	0.35741999999999996	
 3	0.5070439999999999	0.793235	-0.337171	0.0	0.108204	0.32950999999999997	0.937931	0.0	0.855101	-0.5120560000000001	0.0812447	0.0	-2.92204	1.60664	1.73448	0.353996	-0.192019	0.786499	-0.586982	0.0	0.3399	-0.507795	-0.791588	0.0	-0.92065	-0.351515	-0.169825	0.0	2.92732	1.49583	1.64942	0.358508	
 3	0.687962	0.705943	-0.168381	0.0	0.00137487	0.230742	0.9730139999999999	0.0	0.725745	-0.669628	0.157771	0.0	-2.97245	1.3047600000000001	1.8540299999999998	0.352582	-0.20717399999999997	0.796262	-0.568371	0.0	0.358268	-0.47886300000000004	-0.801457	0.0	-0.910342	-0.369671	-0.186067	0.0	2.94762	1.39621	1.60181	0.358428	
 3	0.804056	0.592932	0.043882	0.0	-0.11246800000000001	0.0792097	0.9904930000000001	0.0	0.583819	-0.801347	0.130375	0.0	-3.06391	1.09303	1.82398	0.35357	-0.22951300000000002	0.794342	-0.562446	0.0	0.40132399999999996	-0.449226	-0.798207	0.0	-0.8867149999999999	-0.408922	-0.215685	0.0	2.98144	1.3059	1.54237	0.358529	
 3	0.850775	0.484008	0.20474	0.0	-0.240256	0.011724799999999999	0.9706389999999999	0.0	0.467397	-0.874985	0.12626099999999998	0.0	-3.14046	0.829241	1.66188	0.352599	-0.285965	0.773502	-0.5656140000000001	0.0	0.43478999999999995	-0.421267	-0.7959229999999999	0.0	-0.853922	-0.473529	-0.21584299999999998	0.0	3.01385	1.1552200000000001	1.49168	0.35838200000000003	
 3	0.8452879999999999	0.428137	0.319668	0.0	-0.34356	-0.022692700000000003	0.9388569999999999	0.0	0.40921399999999997	-0.903429	0.127909	0.0	-3.10003	0.6390560000000001	1.52005	0.353891	-0.32908699999999996	0.756012	-0.565816	0.0	0.441327	-0.406591	-0.799946	0.0	-0.834825	-0.512962	-0.199845	0.0	3.0752900000000003	1.00735	1.50254	0.35842199999999996	
 3	0.846409	0.396389	0.355623	0.0	-0.37390100000000004	-0.033161699999999995	0.926876	0.0	0.379196	-0.917484	0.12014200000000001	0.0	-3.0604	0.53582	1.44851	0.353166	-0.340173	0.7554310000000001	-0.560006	0.0	0.443542	-0.39621999999999996	-0.803916	0.0	-0.8291879999999999	-0.521857	-0.200282	0.0	3.0893200000000003	0.9478030000000001	1.4975100000000001	0.35878499999999997	
 3	0.858877	0.255363	0.443981	0.0	-0.431414	-0.10653699999999999	0.895842	0.0	0.276065	-0.960958	0.018665	0.0	-2.9636400000000003	0.269945	1.04016	0.353428	-0.368989	0.744498	-0.5563899999999999	0.0	0.45904300000000003	-0.374544	-0.805603	0.0	-0.808163	-0.552665	-0.20355399999999998	0.0	3.1249700000000002	0.849158	1.4845899999999999	0.358462	
 3	0.865273	0.194301	0.462114	0.0	-0.440658	-0.14469400000000002	0.8859370000000001	0.0	0.239004	-0.9702120000000001	-0.0395794	0.0	-2.96062	0.15709	0.768204	0.350717	-0.399434	0.7348520000000001	-0.548129	0.0	0.47794899999999996	-0.343291	-0.808527	0.0	-0.782315	-0.5849310000000001	-0.2141	0.0	3.17983	0.826008	1.48425	0.358425	
 3	0.8684430000000001	0.12517799999999998	0.47972700000000007	0.0	-0.45325600000000005	-0.191657	0.870533	0.0	0.200915	-0.9734459999999999	-0.109706	0.0	-2.9316400000000002	0.101624	0.5425369999999999	0.35123899999999997	-0.408682	0.732984	-0.5437960000000001	0.0	0.480337	-0.333892	-0.811044	0.0	-0.7760520000000001	-0.5926640000000001	-0.21562399999999998	0.0	3.24504	0.810516	1.44916	0.35866	
 3	0.870107	0.0638335	0.488712	0.0	-0.46178100000000005	-0.24097399999999997	0.853634	0.0	0.172257	-0.9684299999999999	-0.180196	0.0	-2.89078	0.00397904	0.241602	0.349984	-0.416814	0.730481	-0.540985	0.0	0.487792	-0.322448	-0.811225	0.0	-0.7670239999999999	-0.602018	-0.22192199999999998	0.0	3.29242	0.812649	1.43519	0.358531	
 3	0.862534	-0.019429599999999998	0.505625	0.0	-0.49160299999999996	-0.268835	0.828284	0.0	0.11983599999999998	-0.96299	-0.241431	0.0	-2.9206	-0.16056800000000002	-0.0130701	0.363189	-0.41990900000000003	0.7301880000000001	-0.538983	0.0	0.48921099999999995	-0.318105	-0.8120850000000001	0.0	-0.764428	-0.6046779999999999	-0.22364099999999998	0.0	3.33475	0.8050729999999999	1.39375	0.358631	
 3	0.84262	-0.0380366	0.5371640000000001	0.0	-0.524475	-0.284208	0.8025909999999999	0.0	0.12213800000000001	-0.958008	-0.259429	0.0	-2.9245099999999997	-0.34178600000000003	-0.179956	0.363585	-0.417063	0.728695	-0.543196	0.0	0.487825	-0.324799	-0.810267	0.0	-0.766867	-0.602917	-0.220014	0.0	3.3476199999999996	0.802787	1.4104700000000001	0.358454	
 3	0.832835	-0.043747900000000006	0.55179	0.0	-0.5381600000000001	-0.297217	0.7886989999999999	0.0	0.129497	-0.953807	-0.27107600000000004	0.0	-2.9422599999999997	-0.442983	-0.252405	0.357534	-0.420757	0.729923	-0.5386810000000001	0.0	0.488041	-0.318418	-0.812666	0.0	-0.764709	-0.604833	-0.22225599999999998	0.0	3.34246	0.799612	1.41854	0.358717	
 3	0.8299790000000001	-0.0417122	0.556233	0.0	-0.542169	-0.294702	0.786895	0.0	0.1311	-0.954678	-0.267212	0.0	-2.90591	-0.47747399999999995	-0.30166	0.356162	-0.424246	0.72837	-0.538046	0.0	0.48414799999999997	-0.31967399999999996	-0.8145	0.0	-0.765256	-0.606042	-0.217018	0.0	3.33495	0.793664	1.42466	0.358725	
 3	0.82842	-0.0371734	0.558872	0.0	-0.5437310000000001	-0.292885	0.7864949999999999	0.0	0.134449	-0.955425	-0.262844	0.0	-2.90048	-0.488806	-0.309041	0.357894	-0.425617	0.727004	-0.538809	0.0	0.48651099999999997	-0.318213	-0.813663	0.0	-0.762993	-0.608445	-0.21825799999999998	0.0	3.32105	0.80686	1.43573	0.358585	
 3	0.8264450000000001	-0.0121942	0.5628850000000001	0.0	-0.54186	-0.288723	0.789321	0.0	0.152893	-0.957335	-0.24522199999999997	0.0	-2.91118	-0.5123880000000001	-0.25619200000000003	0.35901	-0.427705	0.725345	-0.539391	0.0	0.484547	-0.319769	-0.814225	0.0	-0.763075	-0.6096090000000001	-0.21469699999999997	0.0	3.31799	0.8130149999999999	1.43959	0.358675	
 3	0.829469	0.0113125	0.558438	0.0	-0.531936	-0.288957	0.7959579999999999	0.0	0.17036800000000002	-0.957276	-0.233663	0.0	-2.91286	-0.532726	-0.182724	0.35925100000000004	-0.427771	0.724733	-0.540161	0.0	0.483915	-0.321116	-0.81407	0.0	-0.7634380000000001	-0.609628	-0.21334499999999998	0.0	3.31754	0.81945	1.44435	0.35846	
 3	0.8313459999999999	0.0241149	0.555231	0.0	-0.5254439999999999	-0.29132600000000003	0.7993979999999999	0.0	0.181031	-0.9563200000000001	-0.22952199999999998	0.0	-2.8862900000000002	-0.54706	-0.161398	0.359292	-0.428679	0.7246	-0.539619	0.0	0.48517200000000005	-0.319216	-0.81407	0.0	-0.76213	-0.610783	-0.214714	0.0	3.31924	0.815999	1.44518	0.358435	
 3	0.836516	0.046491000000000005	0.545967	0.0	-0.512188	-0.28768499999999997	0.8092590000000001	0.0	0.19469	-0.9565959999999999	-0.21684099999999998	0.0	-2.88155	-0.5625479999999999	-0.154066	0.358705	-0.428874	0.72518	-0.5386850000000001	0.0	0.482893	-0.319929	-0.815144	0.0	-0.763467	-0.609721	-0.212975	0.0	3.31903	0.811863	1.44551	0.35838000000000003	
 3	0.839965	0.06726060000000002	0.538456	0.0	-0.501548	-0.282561	0.817685	0.0	0.20714499999999997	-0.956888	-0.20360699999999998	0.0	-2.87951	-0.566929	-0.141769	0.359674	-0.429774	0.725428	-0.537633	0.0	0.48330500000000004	-0.31813400000000003	-0.815602	0.0	-0.7627	-0.6103649999999999	-0.213877	0.0	3.31737	0.8077770000000001	1.44482	0.35839	
 3	0.839765	0.0664846	0.538864	0.0	-0.5020640000000001	-0.28275300000000003	0.8173020000000001	0.0	0.206704	-0.956886	-0.204067	0.0	-2.8798	-0.566437	-0.141871	0.359493	-0.42969399999999996	0.725433	-0.5376890000000001	0.0	0.48323	-0.318282	-0.815589	0.0	-0.762792	-0.6102810000000001	-0.21378699999999998	0.0	3.31724	0.8078420000000001	1.4453200000000002	0.358387	
 3	0.839767	0.06647810000000001	0.538863	0.0	-0.5020640000000001	-0.282754	0.8173020000000001	0.0	0.206698	-0.956886	-0.204071	0.0	-2.87981	-0.5664319999999999	-0.14189300000000002	0.359494	-0.429695	0.725433	-0.5376890000000001	0.0	0.48323	-0.318282	-0.815589	0.0	-0.762792	-0.610282	-0.21378699999999998	0.0	3.31724	0.807847	1.44531	0.358387	
 3	0.839766	0.06647819999999999	0.538863	0.0	-0.5020640000000001	-0.282754	0.8173020000000001	0.0	0.206698	-0.956886	-0.204071	0.0	-2.87981	-0.566431	-0.14189200000000002	0.359494	-0.429695	0.725433	-0.5376890000000001	0.0	0.48323	-0.318282	-0.815589	0.0	-0.762792	-0.610282	-0.21378699999999998	0.0	3.31724	0.807847	1.44531	0.358387	
 3	0.839766	0.06647819999999999	0.538863	0.0	-0.5020640000000001	-0.282754	0.8173020000000001	0.0	0.206698	-0.956886	-0.204071	0.0	-2.87981	-0.566431	-0.14189200000000002	0.359494	-0.429695	0.725433	-0.5376890000000001	0.0	0.48323	-0.318282	-0.815589	0.0	-0.762792	-0.610282	-0.21378699999999998	0.0	3.31724	0.807848	1.44531	0.358387	
 3	0.839766	0.06647819999999999	0.538863	0.0	-0.5020640000000001	-0.282754	0.8173020000000001	0.0	0.206698	-0.956886	-0.204071	0.0	-2.87981	-0.566431	-0.14189200000000002	0.359494	-0.429695	0.725433	-0.5376890000000001	0.0	0.48323	-0.318282	-0.815589	0.0	-0.762792	-0.610282	-0.21378699999999998	0.0	3.31724	0.807848	1.44531	0.358387	
 3	0.839766	0.06647819999999999	0.538863	0.0	-0.5020640000000001	-0.282754	0.8173020000000001	0.0	0.206698	-0.956886	-0.204071	0.0	-2.8798	-0.566433	-0.14189300000000002	0.359494	-0.429695	0.725433	-0.5376890000000001	0.0	0.48323	-0.318282	-0.815589	0.0	-0.762792	-0.610282	-0.21378699999999998	0.0	3.31724	0.807847	1.44531	0.358387	
 3	0.839766	0.06647819999999999	0.538863	0.0	-0.5020640000000001	-0.282754	0.8173020000000001	0.0	0.206698	-0.956886	-0.204071	0.0	-2.87981	-0.5664319999999999	-0.14189300000000002	0.359494	-0.429695	0.725433	-0.5376890000000001	0.0	0.48323	-0.318282	-0.815589	0.0	-0.762792	-0.610282	-0.21378699999999998	0.0	3.31724	0.807847	1.44531	0.35838600000000004	
 3	0.839766	0.06647819999999999	0.538863	0.0	-0.5020640000000001	-0.282754	0.8173020000000001	0.0	0.206698	-0.956886	-0.204071	0.0	-2.87981	-0.5664319999999999	-0.14189300000000002	0.359494	-0.429695	0.725433	-0.5376890000000001	0.0	0.48323	-0.318282	-0.815589	0.0	-0.762792	-0.610282	-0.21378699999999998	0.0	3.31724	0.807848	1.44531	0.35838600000000004	
 3	0.839766	0.06647819999999999	0.538863	0.0	-0.5020640000000001	-0.282754	0.8173020000000001	0.0	0.206698	-0.956886	-0.204071	0.0	-2.87981	-0.5664319999999999	-0.14189300000000002	0.359494	-0.429695	0.725433	-0.5376890000000001	0.0	0.48323	-0.318282	-0.815589	0.0	-0.762792	-0.610282	-0.21378699999999998	0.0	3.31724	0.807848	1.44531	0.358387	
 3	0.839767	0.06647819999999999	0.538863	0.0	-0.5020640000000001	-0.282754	0.8173020000000001	0.0	0.206698	-0.956886	-0.204071	0.0	-2.87981	-0.5664319999999999	-0.14189300000000002	0.359494	-0.429695	0.725433	-0.5376890000000001	0.0	0.48323	-0.318282	-0.815589	0.0	-0.762792	-0.610282	-0.21378699999999998	0.0	3.31724	0.807848	1.44531	0.358387	
 3	0.839766	0.06647819999999999	0.538863	0.0	-0.5020640000000001	-0.282754	0.8173020000000001	0.0	0.206698	-0.956886	-0.204071	0.0	-2.87981	-0.5664319999999999	-0.14189300000000002	0.359494	-0.429695	0.725433	-0.5376890000000001	0.0	0.48323	-0.318282	-0.815589	0.0	-0.762792	-0.610282	-0.21378699999999998	0.0	3.31724	0.807848	1.4453200000000002	0.358387	
 3	0.839766	0.06647819999999999	0.538863	0.0	-0.5020640000000001	-0.282754	0.8173020000000001	0.0	0.206698	-0.956886	-0.204071	0.0	-2.87981	-0.566431	-0.14189200000000002	0.359494	-0.429695	0.725433	-0.5376890000000001	0.0	0.48323	-0.318282	-0.815589	0.0	-0.762792	-0.610282	-0.21378699999999998	0.0	3.31724	0.807848	1.44531	0.358387	
 3	0.8771959999999999	0.267379	0.398792	0.0	-0.36132	-0.17936	0.9150290000000001	0.0	0.316187	-0.946752	-0.060724400000000005	0.0	-2.8172599999999997	-0.8021119999999999	-0.321825	0.354748	-0.444533	0.763486	-0.46848599999999996	0.0	0.453613	-0.259116	-0.852698	0.0	-0.772415	-0.591564	-0.23114200000000001	0.0	3.28177	0.814546	1.4925700000000002	0.359514	
 3	0.873294	0.208217	0.440457	0.0	-0.42649	-0.11029800000000001	0.897742	0.0	0.23550700000000002	-0.971844	-0.00752034	0.0	-2.8286599999999997	-1.18812	-0.654963	0.35283000000000003	-0.448538	0.761175	-0.46843100000000004	0.0	0.45511999999999997	-0.25654899999999997	-0.852671	0.0	-0.769207	-0.595648	-0.231354	0.0	3.29823	0.8188340000000001	1.4914100000000001	0.359356	
 3	0.878674	0.145405	0.454741	0.0	-0.447949	-0.07838930000000001	0.890616	0.0	0.16514600000000002	-0.9862620000000001	-0.00374473	0.0	-2.8288	-1.71872	-1.128	0.353423	-0.451391	0.7627149999999999	-0.46315500000000004	0.0	0.459829	-0.245998	-0.8532540000000001	0.0	-0.764725	-0.598123	-0.23967800000000003	0.0	3.34024	0.8235530000000001	1.46605	0.35917	
 3	0.878218	0.130639	0.46007299999999995	0.0	-0.456413	-0.058496900000000004	0.887843	0.0	0.1429	-0.9897030000000001	0.00825245	0.0	-2.85188	-1.9590599999999998	-1.3236700000000001	0.35373699999999997	-0.45371000000000006	0.761904	-0.46222299999999994	0.0	0.46231300000000003	-0.24218499999999998	-0.8530030000000001	0.0	-0.76185	-0.600707	-0.24235700000000002	0.0	3.35849	0.820744	1.45918	0.35937800000000003	
 3	0.859347	0.087369	0.503875	0.0	-0.5050640000000001	-0.00954238	0.863029	0.0	0.0802101	-0.99613	0.0359267	0.0	-2.88536	-2.48001	-1.7276799999999999	0.355066	-0.45444399999999996	0.7616470000000001	-0.461924	0.0	0.463133	-0.240941	-0.8529100000000001	0.0	-0.7609130000000001	-0.601532	-0.24325	0.0	3.39313	0.8194030000000001	1.44795	0.359377	
 3	0.8577469999999999	0.0762352	0.5083880000000001	0.0	-0.511147	0.021127	0.859234	0.0	0.0547632	-0.996866	0.057089	0.0	-2.8682	-2.46999	-1.7428599999999999	0.35786799999999996	-0.45541899999999996	0.762188	-0.46006800000000003	0.0	0.463574	-0.23816199999999998	-0.8534510000000001	0.0	-0.760061	-0.601953	-0.244867	0.0	3.39584	0.816195	1.44765	0.359579	
 3	0.8562040000000001	0.0576759	0.513408	0.0	-0.515998	0.0460498	0.855351	0.0	0.025690800000000003	-0.997273	0.06918869999999999	0.0	-2.85168	-2.45533	-1.74635	0.368867	-0.46029499999999995	0.761927	-0.45562700000000006	0.0	0.46635699999999997	-0.22918400000000003	-0.854392	0.0	-0.7554069999999999	-0.605757	-0.249838	0.0	3.4116199999999997	0.812177	1.41307	0.35949000000000003	
 3	0.8512549999999999	0.09917739999999999	0.5152939999999999	0.0	-0.522706	0.07362619999999999	0.8493280000000001	0.0	0.046294999999999996	-0.9923420000000001	0.114515	0.0	-2.8726	-2.4443200000000003	-1.7891599999999999	0.370216	-0.462212	0.7612220000000001	-0.45486400000000005	0.0	0.468979	-0.225502	-0.8539370000000001	0.0	-0.7526079999999999	-0.608021	-0.252767	0.0	3.4463	0.810809	1.3799299999999999	0.359513	
 3	0.852988	0.104413	0.5113800000000001	0.0	-0.51982	0.0819296	0.8503379999999999	0.0	0.0468893	-0.9911540000000001	0.124161	0.0	-2.87206	-2.4421	-1.7952599999999999	0.370998	-0.463938	0.760302	-0.45464499999999997	0.0	0.470113	-0.223685	-0.853791	0.0	-0.750836	-0.609841	-0.253651	0.0	3.4683699999999997	0.810331	1.3699299999999999	0.359648	
 3	0.853964	0.11913499999999999	0.50651	0.0	-0.518602	0.11555599999999999	0.8471709999999999	0.0	0.0423973	-0.986131	0.16046400000000002	0.0	-2.8675599999999997	-2.43295	-1.8211	0.373523	-0.459495	0.7633479999999999	-0.454053	0.0	0.473577	-0.22191599999999997	-0.8523370000000001	0.0	-0.7513920000000001	-0.6066729999999999	-0.259535	0.0	3.5174199999999995	0.8183779999999999	1.33761	0.359575	
 3	0.8582040000000001	0.137827	0.49445900000000004	0.0	-0.511084	0.139849	0.8480770000000001	0.0	0.0477386	-0.980534	0.19046	0.0	-2.86808	-2.42713	-1.8410799999999998	0.375052	-0.458822	0.763649	-0.45422700000000005	0.0	0.47751099999999996	-0.219191	-0.8508459999999999	0.0	-0.74931	-0.607286	-0.26408200000000004	0.0	3.53746	0.822067	1.32935	0.359516	
 3	0.8571290000000001	0.170218	0.48616400000000004	0.0	-0.5125270000000001	0.187566	0.837935	0.0	0.051443899999999994	-0.967391	0.248009	0.0	-2.84281	-3.07416	-1.71963	0.361678	-0.459376	0.762418	-0.455733	0.0	0.480103	-0.218543	-0.8495530000000001	0.0	-0.747312	-0.609063	-0.265646	0.0	3.5722099999999997	0.8376399999999999	1.3237299999999999	0.359588	
 3	0.853612	0.17843499999999998	0.48939499999999997	0.0	-0.518147	0.19421300000000002	0.83295	0.0	0.0535807	-0.9645940000000001	0.258239	0.0	-2.8125299999999998	-3.34027	-1.59328	0.363872	-0.458488	0.763185	-0.455345	0.0	0.480328	-0.21828000000000003	-0.849493	0.0	-0.747713	-0.608197	-0.26650100000000004	0.0	3.57973	0.845476	1.32311	0.359618	
 3	0.8400850000000001	0.167052	0.516093	0.0	-0.5409470000000001	0.187086	0.8199850000000001	0.0	0.040426300000000005	-0.968036	0.247534	0.0	-2.79968	-3.3993800000000003	-1.4635	0.364757	-0.458491	0.763206	-0.455304	0.0	0.480946	-0.217731	-0.849284	0.0	-0.747313	-0.608366	-0.267234	0.0	3.58851	0.855144	1.31784	0.359607	
 3	0.8448629999999999	0.15257	0.5127659999999999	0.0	-0.533984	0.181954	0.825684	0.0	0.032675	-0.971398	0.23519600000000002	0.0	-2.79631	-3.40115	-1.4437	0.366477	-0.45959399999999995	0.763005	-0.454529	0.0	0.480975	-0.21640500000000001	-0.849607	0.0	-0.746617	-0.609092	-0.26752800000000004	0.0	3.5903	0.853449	1.32037	0.359533	
 3	0.845087	0.145991	0.514309	0.0	-0.533771	0.175946	0.8271219999999999	0.0	0.0302618	-0.973514	0.22661599999999998	0.0	-2.8306	-3.4047199999999997	-1.42492	0.367174	-0.459319	0.762793	-0.455163	0.0	0.48150600000000005	-0.21678699999999998	-0.849209	0.0	-0.746444	-0.609221	-0.26771500000000004	0.0	3.59783	0.854201	1.3222399999999999	0.359533	
 3	0.8423940000000001	0.14791600000000002	0.518163	0.0	-0.5378	0.170452	0.8256610000000001	0.0	0.0338064	-0.974201	0.223137	0.0	-2.83621	-3.40634	-1.42101	0.367613	-0.459692	0.762655	-0.455017	0.0	0.48151099999999997	-0.21647199999999997	-0.8492870000000001	0.0	-0.746211	-0.609506	-0.267716	0.0	3.59754	0.8540209999999999	1.3225	0.359477	
 3	0.8387020000000001	0.138024	0.526809	0.0	-0.542852	0.13465	0.8289639999999999	0.0	0.043481900000000004	-0.981233	0.187858	0.0	-2.8519	-3.41054	-1.43747	0.365394	-0.459801	0.762223	-0.45563100000000006	0.0	0.481275	-0.21730500000000003	-0.8492069999999999	0.0	-0.746296	-0.60975	-0.266922	0.0	3.59714	0.8570459999999999	1.32445	0.359561	
 3	0.8351049999999999	0.134946	0.5332819999999999	0.0	-0.547744	0.114543	0.8287680000000001	0.0	0.050754900000000006	-0.98421	0.169571	0.0	-2.85621	-3.4131699999999996	-1.42842	0.3632	-0.46040699999999996	0.7620359999999999	-0.45533199999999996	0.0	0.481109	-0.216865	-0.8494139999999999	0.0	-0.7460289999999999	-0.61014	-0.266776	0.0	3.59749	0.8580040000000001	1.3233	0.359596	
 3	0.8369059999999999	0.140984	0.528878	0.0	-0.5408189999999999	0.06420740000000001	0.838685	0.0	0.0842832	-0.987928	0.129982	0.0	-2.8700799999999997	-3.41835	-1.4107299999999998	0.359055	-0.460642	0.7615029999999999	-0.45598500000000003	0.0	0.481182	-0.21744000000000002	-0.849225	0.0	-0.745837	-0.6106010000000001	-0.266259	0.0	3.60121	0.8573219999999999	1.3280100000000001	0.359556	
 3	0.8513850000000001	0.128379	0.5085890000000001	0.0	-0.518509	0.0593489	0.85301	0.0	0.0793242	-0.9899479999999999	0.117094	0.0	-2.8519	-3.6299	-1.70937	0.361245	-0.459866	0.761929	-0.456057	0.0	0.480476	-0.218406	-0.849377	0.0	-0.746771	-0.6097239999999999	-0.265651	0.0	3.6022800000000004	0.856211	1.32826	0.3595	
 3	0.855894	0.1251	0.501792	0.0	-0.511175	0.057571800000000006	0.8575459999999999	0.0	0.07838989999999998	-0.9904719999999999	0.113223	0.0	-2.84807	-3.6308800000000003	-1.71524	0.36249899999999996	-0.460042	0.762093	-0.455604	0.0	0.479793	-0.218389	-0.8497680000000001	0.0	-0.747101	-0.609525	-0.265179	0.0	3.60037	0.8542709999999999	1.32669	0.35952	
 3	0.88686	0.0907373	0.45303999999999994	0.0	-0.45855100000000004	0.052623	0.887109	0.0	0.056653499999999996	-0.994484	0.08827689999999999	0.0	-2.84353	-3.62509	-1.73649	0.360166	-0.46071899999999993	0.76125	-0.45633100000000004	0.0	0.479591	-0.219097	-0.849699	0.0	-0.746814	-0.610325	-0.26414699999999997	0.0	3.59144	0.846507	1.3347	0.35946	
 3	0.9094129999999999	0.070684	0.409843	0.0	-0.412699	0.0314559	0.910324	0.0	0.051453399999999996	-0.9970030000000001	0.0577776	0.0	-2.81707	-3.6301	-1.70928	0.353914	-0.46119499999999997	0.76073	-0.456716	0.0	0.48005	-0.21896300000000002	-0.849475	0.0	-0.746225	-0.61102	-0.264204	0.0	3.59121	0.859043	1.33731	0.359462	
 3	0.925108	0.06659069999999999	0.37382	0.0	-0.375659	0.017187	0.9265979999999999	0.0	0.055277999999999994	-0.997632	0.0409152	0.0	-2.79762	-3.56963	-1.69565	0.350831	-0.46126300000000003	0.760976	-0.45623800000000003	0.0	0.478761	-0.219457	-0.850074	0.0	-0.7470100000000001	-0.610536	-0.263098	0.0	3.59922	0.8642489999999999	1.3372700000000002	0.35942199999999996	
 3	0.9291590000000001	0.0542344	0.365681	0.0	-0.36751500000000004	0.0286048	0.929578	0.0	0.0399548	-0.9981180000000001	0.04651040000000001	0.0	-2.7866299999999997	-3.54848	-1.69881	0.350681	-0.460286	0.761458	-0.45641899999999996	0.0	0.478867	-0.219958	-0.849885	0.0	-0.747545	-0.609754	-0.263394	0.0	3.6023699999999996	0.864944	1.33399	0.359373	
 3	0.933047	-0.00714757	0.359683	0.0	-0.35793800000000003	0.08191060000000001	0.9301459999999999	0.0	-0.036110199999999995	-0.9966139999999999	0.0738681	0.0	-2.94152	-3.49411	-1.7859	0.357774	-0.460109	0.7626729999999999	-0.45456499999999994	0.0	0.476649	-0.21976300000000001	-0.851182	0.0	-0.74907	-0.608304	-0.262412	0.0	3.6016199999999996	0.864099	1.33155	0.359639	
 3	0.938793	-0.0243946	0.343618	0.0	-0.340884	0.07801260000000002	0.9368629999999999	0.0	-0.0496609	-0.996654	0.0649219	0.0	-2.97454	-3.5417	-1.7877900000000002	0.362721	-0.459859	0.762617	-0.454913	0.0	0.475383	-0.221275	-0.851498	0.0	-0.750027	-0.607827	-0.26078	0.0	3.6037	0.862766	1.33111	0.35956	
 3	0.942915	-0.0261279	0.33200799999999997	0.0	-0.328961	0.08237810000000001	0.940744	0.0	-0.0519298	-0.996259	0.06908049999999999	0.0	-3.0204	-3.60333	-1.81152	0.363926	-0.457967	0.763694	-0.45501499999999995	0.0	0.473499	-0.22364099999999998	-0.851929	0.0	-0.752373	-0.605604	-0.25918800000000003	0.0	3.60236	0.8605309999999999	1.3291600000000001	0.359645	
 3	0.949055	-0.0307214	0.313609	0.0	-0.309272	0.0998772	0.9457139999999999	0.0	-0.060376	-0.994526	0.0852877	0.0	-3.01377	-3.6227400000000003	-1.7992	0.364534	-0.45719099999999996	0.7658020000000001	-0.452243	0.0	0.471178	-0.22271100000000002	-0.8534579999999999	0.0	-0.7542989999999999	-0.6032810000000001	-0.259008	0.0	3.60501	0.866078	1.32994	0.359556	
 3	0.9517620000000001	-0.029385700000000004	0.30542600000000003	0.0	-0.30073099999999997	0.10823699999999999	0.9475469999999999	0.0	-0.06090269999999999	-0.993691	0.0941786	0.0	-3.00963	-3.62054	-1.7913299999999999	0.365025	-0.45763000000000004	0.765634	-0.452083	0.0	0.47174799999999995	-0.221908	-0.853353	0.0	-0.753677	-0.603789	-0.25963400000000003	0.0	3.6081300000000005	0.8670969999999999	1.3287799999999999	0.359749	
 3	0.9522149999999999	-0.015450499999999999	0.305037	0.0	-0.301307	0.116003	0.9464450000000001	0.0	-0.0500082	-0.993129	0.105804	0.0	-3.01019	-3.6194699999999997	-1.79172	0.364798	-0.457441	0.766199	-0.451317	0.0	0.471125	-0.22162600000000002	-0.85377	0.0	-0.754181	-0.603176	-0.25959499999999996	0.0	3.61688	0.8659290000000001	1.32358	0.359671	
 3	0.953406	-0.0135059	0.301387	0.0	-0.298259	0.108029	0.9483520000000001	0.0	-0.0453668	-0.9940559999999999	0.0989671	0.0	-3.0002400000000002	-3.6214	-1.7838	0.364695	-0.453904	0.7698470000000001	-0.44867299999999993	0.0	0.470816	-0.220291	-0.8542860000000001	0.0	-0.756508	-0.599006	-0.262465	0.0	3.6292800000000005	0.8854790000000001	1.33141	0.359671	
 3	0.95257	-0.000965238	0.304318	0.0	-0.302381	0.10968	0.9468559999999999	0.0	-0.0342914	-0.993967	0.10418599999999999	0.0	-3.01023	-3.6213800000000003	-1.79062	0.362006	-0.452772	0.770464	-0.448758	0.0	0.470347	-0.221191	-0.8543120000000001	0.0	-0.7574770000000001	-0.59788	-0.262236	0.0	3.6354300000000004	0.8943559999999999	1.3301100000000001	0.359617	
 3	0.949152	0.013332399999999998	0.314535	0.0	-0.31356300000000004	0.129124	0.9407469999999999	0.0	-0.0280715	-0.991539	0.12673800000000002	0.0	-3.0093	-3.60889	-1.84063	0.325022	-0.45198900000000003	0.770821	-0.448934	0.0	0.47011499999999995	-0.221869	-0.8542639999999999	0.0	-0.758089	-0.597168	-0.262092	0.0	3.6384	0.8958020000000001	1.33684	0.35941999999999996	
 3	0.9409	0.00853829	0.33857800000000005	0.0	-0.33566	0.156843	0.928834	0.0	-0.0451728	-0.9875870000000001	0.15043900000000002	0.0	-2.99444	-3.59881	-1.88641	0.277089	-0.45191000000000003	0.7707930000000001	-0.449061	0.0	0.46956800000000004	-0.222471	-0.854408	0.0	-0.758475	-0.5969800000000001	-0.261403	0.0	3.63691	0.897242	1.3378700000000001	0.359495	
 3	0.929741	-0.0192461	0.36771	0.0	-0.35849200000000003	0.180646	0.9158879999999999	0.0	-0.08405239999999999	-0.98336	0.161054	0.0	-2.95234	-3.5744300000000004	-1.85368	0.11484000000000001	-0.45139399999999996	0.770465	-0.450142	0.0	0.468929	-0.224369	-0.8542629999999999	0.0	-0.759177	-0.596693	-0.260015	0.0	3.63161	0.8980600000000001	1.3448799999999999	0.359568	
 3	0.928615	-0.0284952	0.369949	0.0	-0.360094	0.171235	0.9170659999999999	0.0	-0.0894803	-0.9848180000000001	0.14875	0.0	-2.9501	-3.57115	-1.84343	0.11458800000000001	-0.45082700000000003	0.771309	-0.449263	0.0	0.469059	-0.22350799999999998	-0.854417	0.0	-0.759433	-0.595925	-0.26102600000000004	0.0	3.6319	0.90479	1.35152	0.359444	
 3	0.926933	-0.0277743	0.374198	0.0	-0.365193	0.162306	0.916674	0.0	-0.0861948	-0.98635	0.14030399999999998	0.0	-2.95403	-3.5720699999999996	-1.8358400000000001	0.11483	-0.44957700000000006	0.772624	-0.44825600000000004	0.0	0.467753	-0.22389	-0.855033	0.0	-0.7609779999999999	-0.594076	-0.260741	0.0	3.63176	0.907317	1.3504200000000002	0.35927800000000004	
 3	0.925233	-0.0189644	0.37892600000000004	0.0	-0.371002	0.16375499999999998	0.9140799999999999	0.0	-0.07938610000000001	-0.9863190000000001	0.144476	0.0	-2.96027	-3.57059	-1.83657	0.114422	-0.44888199999999995	0.773195	-0.44796800000000003	0.0	0.46683500000000006	-0.22454899999999997	-0.855361	0.0	-0.761951	-0.5930840000000001	-0.26015900000000003	0.0	3.6248	0.901532	1.34833	0.359191	
 3	0.9253309999999999	-0.00613776	0.37911	0.0	-0.372541	0.1713	0.912069	0.0	-0.0705397	-0.9852	0.156223	0.0	-2.96742	-3.5712	-1.845	0.114549	-0.448567	0.7734300000000001	-0.447876	0.0	0.46661	-0.224742	-0.855433	0.0	-0.762275	-0.592703	-0.260079	0.0	3.61427	0.8959870000000001	1.3409	0.359193	
 3	0.9206040000000001	0.0298649	0.389354	0.0	-0.38817199999999996	0.178651	0.9041049999999999	0.0	-0.042557599999999994	-0.983459	0.17606	0.0	-2.98958	-3.5667699999999996	-1.8598400000000002	0.113764	-0.44897200000000004	0.773496	-0.44735699999999995	0.0	0.466819	-0.223852	-0.8555520000000001	0.0	-0.761908	-0.592954	-0.26058000000000003	0.0	3.60825	0.895244	1.34218	0.359211	
 3	0.917299	0.0706627	0.391878	0.0	-0.39818000000000003	0.172274	0.900985	0.0	-0.00384423	-0.982511	0.18616300000000002	0.0	-3.00143	-3.5403	-1.84525	0.108831	-0.44909799999999994	0.773439	-0.447329	0.0	0.46841499999999997	-0.22253	-0.855025	0.0	-0.760854	-0.593525	-0.262353	0.0	3.60859	0.893415	1.34381	0.35895	
 3	0.922676	0.119395	0.366626	0.0	-0.382681	0.167236	0.9086190000000001	0.0	0.0471709	-0.978661	0.199995	0.0	-2.93528	-3.47285	-1.74473	0.0993358	-0.449287	0.773567	-0.446917	0.0	0.467472	-0.22273800000000002	-0.8554870000000001	0.0	-0.761322	-0.59328	-0.261548	0.0	3.6135300000000004	0.892408	1.3446	0.358867	
 3	0.921193	0.212968	0.325651	0.0	-0.352848	0.104424	0.9298360000000001	0.0	0.16402	-0.971463	0.17134000000000002	0.0	-2.75888	-3.02723	-1.62691	0.0	-0.448801	0.774251	-0.44622	0.0	0.46746000000000004	-0.22216100000000003	-0.8556440000000001	0.0	-0.761616	-0.592604	-0.262225	0.0	3.61234	0.890602	1.3399	0.358953	
 3	0.9188059999999999	0.238254	0.314691	0.0	-0.337983	0.06310539999999999	0.939034	0.0	0.20387	-0.969151	0.138507	0.0	-2.7084599999999996	-2.7633900000000002	-1.61389	0.0	-0.44816300000000003	0.774437	-0.446539	0.0	0.46741499999999997	-0.222791	-0.855504	0.0	-0.762019	-0.592124	-0.262137	0.0	3.60985	0.886605	1.3403399999999999	0.359003	
 3	0.909566	0.296231	0.29144000000000003	0.0	-0.301705	-0.0115405	0.953332	0.0	0.285769	-0.955047	0.0788775	0.0	-2.66241	-2.09551	-1.6146200000000002	0.0	-0.447906	0.7759659999999999	-0.444136	0.0	0.46613699999999997	-0.22122600000000003	-0.856607	0.0	-0.7629520000000001	-0.590708	-0.26261799999999996	0.0	3.60399	0.879685	1.3396700000000001	0.359008	
 3	0.9064399999999999	0.314648	0.281715	0.0	-0.28406	-0.03940490000000001	0.957996	0.0	0.312533	-0.94839	0.0536607	0.0	-2.6781	-1.8309099999999998	-1.63562	0.0	-0.44792200000000004	0.776458	-0.44326099999999996	0.0	0.46569499999999997	-0.220597	-0.85701	0.0	-0.7632140000000001	-0.5902970000000001	-0.262783	0.0	3.60079	0.87551	1.33942	0.358971	
 3	0.9037059999999999	0.333839	0.268079	0.0	-0.24538000000000001	-0.10926099999999998	0.96325	0.0	0.35086100000000003	-0.936276	-0.016822900000000002	0.0	-2.86735	-1.07441	-1.75915	0.0	-0.446838	0.777829	-0.44194799999999995	0.0	0.465049	-0.220059	-0.857499	0.0	-0.764242	-0.5886899999999999	-0.263398	0.0	3.5940800000000004	0.863634	1.3462399999999999	0.35894000000000004	
 3	0.901741	0.34136500000000003	0.265204	0.0	-0.23521999999999998	-0.127243	0.963577	0.0	0.362676	-0.931278	-0.034444800000000005	0.0	-2.96352	-0.812959	-1.79644	0.0	-0.44629399999999997	0.77825	-0.441755	0.0	0.46430600000000005	-0.220624	-0.857756	0.0	-0.765011	-0.587921	-0.262883	0.0	3.58889	0.861743	1.34766	0.35906	
 0 e 3 	0.8969159999999999	0.352462	0.267045	0.0	-0.253151	-0.08588319999999999	0.963607	0.0	0.36256900000000003	-0.9318770000000001	0.0121963	0.0	-3.1016	-0.498633	-1.8139599999999998	0.0	-0.445979	0.7777350000000001	-0.442981	0.0	0.463237	-0.22291599999999998	-0.857741	0.0	-0.765842	-0.587739	-0.26086	0.0	3.57905	0.864818	1.35369	0.35929	
 0 e 3 	0.88149	0.361051	0.304332	0.0	-0.300324	-0.0686831	0.951361	0.0	0.364392	-0.9300129999999999	0.04788869999999999	0.0	-3.10149	-0.6077229999999999	-1.7230400000000001	0.0	-0.447975	0.7773399999999999	-0.441658	0.0	0.463634	-0.22039899999999998	-0.8581770000000001	0.0	-0.764436	-0.58921	-0.26166799999999996	0.0	3.57672	0.865258	1.35175	0.359243	
 0 e 3 	0.877333	0.358979	0.318467	0.0	-0.313227	-0.07439860000000001	0.94676	0.0	0.36356	-0.930376	0.047169199999999994	0.0	-3.09388	-0.6399130000000001	-1.7155799999999999	0.0	-0.448308	0.77723	-0.441513	0.0	0.463262	-0.22039899999999998	-0.8583780000000001	0.0	-0.764466	-0.589354	-0.261255	0.0	3.5771699999999997	0.86546	1.35153	0.359171	
 0 e 3 	0.834915	0.393135	0.385177	0.0	-0.411117	-0.0198151	0.911367	0.0	0.365923	-0.9192670000000001	0.14508	0.0	-2.89906	-1.28054	-1.4501600000000001	0.35329099999999997	-0.448534	0.7762979999999999	-0.442921	0.0	0.46479499999999996	-0.220685	-0.857475	0.0	-0.763402	-0.5904739999999999	-0.261835	0.0	3.5772800000000005	0.87093	1.35509	0.359115	
 0 e 3 	0.870088	0.31553200000000003	0.378664	0.0	-0.424843	0.0905729	0.900725	0.0	0.24991100000000002	-0.944583	0.212858	0.0	-2.82992	-2.01008	-1.27779	0.351485	-0.44846499999999995	0.778253	-0.439546	0.0	0.46357	-0.21793099999999999	-0.858842	0.0	-0.764187	-0.588921	-0.26304099999999997	0.0	3.5789400000000002	0.866082	1.35388	0.359236	
 0 e 3 	0.8655430000000001	0.289984	0.40834499999999996	0.0	-0.452917	0.105179	0.8853270000000001	0.0	0.213781	-0.951234	0.22237600000000002	0.0	-2.82492	-2.2774	-1.27407	0.351673	-0.448662	0.7786069999999999	-0.43871899999999997	0.0	0.462847	-0.21750100000000003	-0.859341	0.0	-0.76451	-0.588613	-0.262792	0.0	3.5789999999999997	0.865072	1.35232	0.359256	
 0 e 3 	0.868534	0.189651	0.45791099999999996	0.0	-0.48209799999999997	0.10885	0.8693290000000001	0.0	0.115025	-0.975799	0.18597	0.0	-2.83626	-2.76934	-1.40724	0.352556	-0.449136	0.778307	-0.43876499999999996	0.0	0.462267	-0.217819	-0.8595719999999999	0.0	-0.764583	-0.5888909999999999	-0.261956	0.0	3.5784599999999998	0.86388	1.35266	0.359392	
 0 e 3 	0.8660889999999999	0.178527	0.466925	0.0	-0.488879	0.107521	0.8657	0.0	0.10434700000000001	-0.978043	0.180401	0.0	-2.83515	-2.82246	-1.43289	0.352878	-0.44955500000000004	0.778054	-0.43878500000000004	0.0	0.462054	-0.21784699999999999	-0.8596799999999999	0.0	-0.764465	-0.5892149999999999	-0.261569	0.0	3.5784800000000003	0.8640969999999999	1.35389	0.359402	
 0 e 3 	0.855297	0.100236	0.50835	0.0	-0.516008	0.07591210000000001	0.8532129999999999	0.0	0.046932800000000004	-0.992064	0.11665	0.0	-2.86105	-3.23202	-1.7278200000000001	0.35543600000000003	-0.45181499999999997	0.7767	-0.438862	0.0	0.46492100000000003	-0.214852	-0.8588879999999999	0.0	-0.7613880000000001	-0.592094	-0.264031	0.0	3.58417	0.865771	1.34871	0.359421	
 0 e 3 	0.8547370000000001	0.0956432	0.510174	0.0	-0.517314	0.07637100000000001	0.8523809999999999	0.0	0.042562	-0.992482	0.114755	0.0	-2.8575	-3.24737	-1.7471400000000001	0.35544699999999996	-0.45182100000000003	0.7768079999999999	-0.43866499999999997	0.0	0.465475	-0.21419899999999997	-0.85875	0.0	-0.761045	-0.5921890000000001	-0.264805	0.0	3.58636	0.864749	1.34766	0.359428	
 0 e 3 	0.8648600000000001	0.0339158	0.5008670000000001	0.0	-0.501974	0.0708872	0.861973	0.0	-0.00627056	-0.996908	0.0783324	0.0	-2.80605	-3.26478	-1.7462799999999998	0.34721599999999997	-0.45143500000000003	0.776411	-0.43976499999999996	0.0	0.465116	-0.21584299999999998	-0.858533	0.0	-0.761495	-0.592113	-0.263682	0.0	3.59681	0.8602920000000001	1.34416	0.359362	
 0 e 3 	0.8632690000000001	0.0382575	0.503292	0.0	-0.504734	0.07186139999999999	0.8602790000000001	0.0	-0.00325513	-0.9966809999999999	0.0813456	0.0	-2.80978	-3.26438	-1.7494	0.34697	-0.45131800000000005	0.776417	-0.439874	0.0	0.46503	-0.216075	-0.8585209999999999	0.0	-0.761616	-0.592021	-0.26353899999999997	0.0	3.59706	0.8607469999999999	1.34542	0.35937199999999997	
 0 e 3 	0.8457370000000001	-0.0100044	0.533507	0.0	-0.531048	0.08190610000000001	0.843374	0.0	-0.052134900000000005	-0.99659	0.06395819999999999	0.0	-2.78808	-3.3469300000000004	-1.73186	0.357531	-0.452142	0.774736	-0.441986	0.0	0.46514799999999995	-0.218007	-0.8579690000000001	0.0	-0.761055	-0.593513	-0.261797	0.0	3.59668	0.865591	1.34691	0.359331	
 0 e 3 	0.8443209999999999	-0.0102339	0.53574	0.0	-0.533369	0.079809	0.842109	0.0	-0.0513749	-0.996758	0.061926	0.0	-2.79172	-3.36659	-1.7292299999999998	0.358356	-0.452446	0.774425	-0.44222	0.0	0.464711	-0.218491	-0.858083	0.0	-0.761142	-0.5937399999999999	-0.261029	0.0	3.60034	0.866459	1.34785	0.359284	
 0 e 3 	0.8425739999999999	0.00192663	0.538578	0.0	-0.535767	0.105091	0.8378	0.0	-0.05498580000000001	-0.994461	0.08957949999999999	0.0	-2.93313	-3.6143	-1.8029099999999998	0.35988000000000003	-0.45292299999999996	0.774254	-0.44203100000000006	0.0	0.46650200000000003	-0.2167	-0.8575649999999999	0.0	-0.759761	-0.594619	-0.263042	0.0	3.6133300000000004	0.870432	1.33501	0.359421	
 0 e 3 	0.841576	0.00860244	0.540071	0.0	-0.537647	0.10928399999999999	0.836058	0.0	-0.05182869999999999	-0.993973	0.0965954	0.0	-2.9403	-3.6200300000000003	-1.81096	0.360295	-0.452974	0.774257	-0.441975	0.0	0.466631	-0.21651700000000002	-0.857541	0.0	-0.759652	-0.594683	-0.263216	0.0	3.6141199999999998	0.8703209999999999	1.33332	0.359428	
 0 e 3 	0.843083	0.0268309	0.537114	0.0	-0.53573	0.129102	0.834461	0.0	-0.0469532	-0.991268	0.12321800000000001	0.0	-2.94223	-3.61455	-1.83149	0.360216	-0.452746	0.773979	-0.442694	0.0	0.46647	-0.217527	-0.8573729999999999	0.0	-0.759886	-0.594675	-0.26255300000000004	0.0	3.61766	0.870767	1.32902	0.35944499999999996	
 0 e 3 	0.846849	0.0357436	0.5306310000000001	0.0	-0.5298619999999999	0.142537	0.8360200000000001	0.0	-0.0457523	-0.989144	0.139647	0.0	-2.8122	-3.61188	-1.78486	0.36322	-0.454237	0.772463	-0.44381400000000004	0.0	0.46697299999999997	-0.217804	-0.857029	0.0	-0.758687	-0.596543	-0.261785	0.0	3.61876	0.8751049999999999	1.33179	0.359417	
 0 e 3 	0.8499770000000001	0.043617800000000005	0.525011	0.0	-0.52581	0.13192	0.84031	0.0	-0.032607	-0.9903	0.13506400000000002	0.0	-2.81902	-3.61375	-1.7806400000000002	0.36293600000000004	-0.455298	0.771882	-0.44373599999999996	0.0	0.467693	-0.216743	-0.8569049999999999	0.0	-0.757606	-0.597679	-0.262321	0.0	3.6274699999999998	0.8790950000000001	1.33063	0.35929	
 0 e 3 	0.8518100000000001	0.0438708	0.5220100000000001	0.0	-0.522996	0.128114	0.8426520000000001	0.0	-0.029908799999999996	-0.9907889999999999	0.132073	0.0	-2.8204	-3.61458	-1.7776900000000002	0.36337800000000003	-0.45551499999999995	0.771832	-0.443601	0.0	0.4674	-0.21674000000000002	-0.857065	0.0	-0.757656	-0.597746	-0.26202600000000004	0.0	3.6316	0.8813610000000001	1.33394	0.35938600000000004	
 0 e 3 	0.8584790000000001	0.0480282	0.510595	0.0	-0.51246	0.11911300000000001	0.85041	0.0	-0.019974799999999997	-0.991719	0.126868	0.0	-2.82651	-3.6173300000000004	-1.7680900000000002	0.365613	-0.45387200000000005	0.77269	-0.443791	0.0	0.466941	-0.21794299999999997	-0.85701	0.0	-0.7589239999999999	-0.596198	-0.261882	0.0	3.63761	0.8859899999999999	1.33589	0.359338	
 0 e 3 	0.862125	0.0498803	0.504235	0.0	-0.5065810000000001	0.106091	0.855641	0.0	-0.0108155	-0.9931049999999999	0.11673199999999999	0.0	-2.83255	-3.6206	-1.75689	0.36440500000000003	-0.454016	0.773033	-0.443046	0.0	0.46639899999999995	-0.21748699999999999	-0.8574219999999999	0.0	-0.7591720000000001	-0.595919	-0.2618	0.0	3.63495	0.885014	1.33331	0.35938200000000003	
 0 e 3 	0.868358	0.06084969999999999	0.492191	0.0	-0.49593400000000004	0.11077999999999999	0.861265	0.0	-0.0021175	-0.99198	0.12637400000000001	0.0	-2.83359	-3.6177300000000003	-1.76752	0.355774	-0.454323	0.773361	-0.442158	0.0	0.46570100000000003	-0.216933	-0.857941	0.0	-0.759417	-0.595696	-0.26159699999999997	0.0	3.6344199999999995	0.885475	1.33264	0.359299	
 0 e 3 	0.8690120000000001	0.061437	0.490961	0.0	-0.49478599999999995	0.112252	0.861735	0.0	-0.00216895	-0.9917790000000001	0.127946	0.0	-2.8326599999999997	-3.61714	-1.76948	0.35468299999999997	-0.454313	0.773468	-0.441982	0.0	0.46579899999999996	-0.216664	-0.8579559999999999	0.0	-0.759363	-0.595655	-0.261847	0.0	3.6346300000000005	0.88549	1.3319999999999999	0.359324	
