0	0.512714	0.666734	-0.540917	0.0	0.614392	0.155151	0.773596	0.0	0.5997060000000001	-0.7289680000000001	-0.33008699999999996	0.0	-2.78378	1.9957	1.3873	-5.96046e-06	-0.593133	0.516197	-0.617847	0.0	0.751441	0.0794578	-0.654998	0.0	-0.289015	-0.852776	-0.435021	0.0	2.66032	2.0	1.53809	0.0	
0	0.154316	0.8992870000000001	-0.40923000000000004	0.0	0.151591	0.387737	0.90922	0.0	0.9763229999999999	-0.202343	-0.0764903	0.0	-2.76226	1.90047	1.34409	-2.86102e-05	-0.243071	0.746747	-0.619101	0.0	0.42578299999999997	-0.491331	-0.759804	0.0	-0.8715649999999999	-0.448288	-0.198524	0.0	2.63127	1.95202	1.56039	1.3722999999999999e-05	
0	0.14532899999999999	0.8690889999999999	-0.472825	0.0	0.132864	0.456427	0.879785	0.0	0.9804219999999999	-0.19068	-0.0491391	0.0	-2.7184	1.7007599999999998	1.2668	0.0	-0.20146	0.7032619999999999	-0.68179	0.0	0.35536799999999996	-0.5961569999999999	-0.719938	0.0	-0.912758	-0.387325	-0.129815	0.0	2.71407	1.8123799999999999	1.50394	0.0	
0	0.13153499999999999	0.863886	-0.48621000000000003	0.0	0.121179	0.47278100000000006	0.872808	0.0	0.983877	-0.173723	-0.0424973	0.0	-2.70297	1.6275899999999999	1.18737	0.0	-0.154422	0.713969	-0.682936	0.0	0.335958	-0.6120939999999999	-0.715873	0.0	-0.929132	-0.339985	-0.145343	0.0	2.74606	1.8249400000000002	1.46764	0.0	
0	0.118854	0.8682120000000001	-0.481749	0.0	0.119406	0.46916899999999995	0.874999	0.0	0.985706	-0.16152	-0.047906800000000006	0.0	-2.70118	1.6407900000000002	1.18719	0.280886	-0.14866500000000002	0.761258	-0.631178	0.0	0.310743	-0.5699770000000001	-0.7606350000000001	0.0	-0.938796	-0.309214	-0.15182	0.0	2.77734	1.8176400000000001	1.5176399999999999	0.34654	
0	0.22766599999999998	0.8378459999999999	-0.49616800000000005	0.0	0.0616989	0.496113	0.8660629999999999	0.0	0.971783	-0.22778600000000002	0.061253800000000004	0.0	-2.51593	1.60501	1.41048	0.357509	-0.13113	0.7726350000000001	-0.621161	0.0	0.30965	-0.563301	-0.766034	0.0	-0.941765	-0.292792	-0.165381	0.0	2.7282900000000003	1.7943200000000001	1.5394299999999999	0.357638	
0	0.551225	0.779758	-0.296863	0.0	-0.0598964	0.391863	0.9180719999999999	0.0	0.832204	-0.48828299999999997	0.262709	0.0	-2.4906099999999998	1.2881	1.89225	0.35437399999999997	-0.14412	0.776792	-0.613045	0.0	0.304579	-0.554616	-0.774359	0.0	-0.9415209999999999	-0.298321	-0.156664	0.0	2.7696	1.7825099999999998	1.56044	0.358128	
0	0.763899	0.6423	-0.06252680000000001	0.0	-0.16969700000000001	0.29341	0.9408049999999999	0.0	0.622624	-0.708069	0.33313200000000004	0.0	-2.60334	0.8669530000000001	2.07911	0.354775	-0.158253	0.7963140000000001	-0.583815	0.0	0.330451	-0.514458	-0.791287	0.0	-0.9304620000000001	-0.318146	-0.181728	0.0	2.81015	1.80578	1.54587	0.357837	
0	0.85605	0.5007	0.12837	0.0	-0.268455	0.218444	0.938197	0.0	0.44171400000000005	-0.8376049999999999	0.321414	0.0	-2.8018400000000003	0.56655	1.99112	0.353973	-0.174824	0.8020510000000001	-0.571096	0.0	0.3478	-0.492331	-0.797901	0.0	-0.921126	-0.338119	-0.192883	0.0	2.8618200000000003	1.8166	1.50444	0.358174	
0	0.860115	0.43909899999999996	0.259604	0.0	-0.361804	0.16639	0.917286	0.0	0.359584	-0.8828969999999999	0.30198200000000003	0.0	-2.83029	0.425863	1.7820599999999998	0.355094	-0.17724700000000002	0.804902	-0.566318	0.0	0.355707	-0.484137	-0.799428	0.0	-0.917636	-0.34314	-0.200497	0.0	2.93814	1.8388400000000003	1.4788299999999999	0.357381	
0	0.868555	0.35991599999999996	0.34069499999999997	0.0	-0.39629200000000003	0.0915782	0.9135459999999999	0.0	0.2976	-0.928479	0.222173	0.0	-2.79575	0.339686	1.4771	0.356115	-0.188027	0.8088770000000001	-0.557104	0.0	0.361712	-0.470325	-0.804959	0.0	-0.9131319999999999	-0.352865	-0.204147	0.0	2.9888	1.8531099999999998	1.47064	0.357516	
0	0.881712	0.292767	0.36996100000000004	0.0	-0.40515500000000004	0.0680878	0.911709	0.0	0.24172800000000003	-0.953757	0.17865	0.0	-2.72642	0.249671	1.1528100000000001	0.354677	-0.190099	0.808776	-0.556545	0.0	0.367603	-0.467008	-0.804221	0.0	-0.9103459999999999	-0.357469	-0.208531	0.0	3.02714	1.911	1.4853299999999998	0.357216	
0	0.883446	0.22978600000000002	0.408315	0.0	-0.41846099999999997	-0.0050146	0.908221	0.0	0.21074299999999999	-0.9732280000000001	0.0917262	0.0	-2.71195	0.254304	0.8857309999999999	0.354559	-0.20774600000000001	0.816353	-0.538896	0.0	0.38469000000000003	-0.438341	-0.8123239999999999	0.0	-0.8993639999999999	-0.376065	-0.22298	0.0	3.0798200000000002	1.9483	1.49946	0.357462	
0	0.8943639999999999	0.16475499999999998	0.41589499999999996	0.0	-0.414008	-0.047299	0.909043	0.0	0.169441	-0.9852	0.025907299999999998	0.0	-2.74147	0.167102	0.700504	0.353973	-0.20767800000000003	0.8143520000000001	-0.541941	0.0	0.383432	-0.44191400000000003	-0.810982	0.0	-0.8999159999999999	-0.376221	-0.220473	0.0	3.13259	1.95515	1.4923799999999998	0.357163	
0	0.8924629999999999	0.11543800000000001	0.43610200000000005	0.0	-0.42478	-0.110463	0.898532	0.0	0.151897	-0.9871540000000001	-0.0495481	0.0	-2.7801400000000003	0.0230878	0.474185	0.353674	-0.214588	0.822049	-0.527435	0.0	0.3985	-0.41933400000000004	-0.8156939999999999	0.0	-0.8917120000000001	-0.385221	-0.237602	0.0	3.15705	1.9631299999999998	1.47535	0.357092	
0	0.890337	0.0922733	0.445854	0.0	-0.434838	-0.117951	0.8927510000000001	0.0	0.134966	-0.9887229999999999	-0.0648922	0.0	-2.82425	-0.259506	0.275677	0.35437199999999996	-0.21874699999999997	0.820417	-0.528266	0.0	0.394752	-0.420695	-0.816815	0.0	-0.892368	-0.38721	-0.23183600000000001	0.0	3.18775	1.96115	1.44365	0.357142	
0	0.872539	0.109423	0.476133	0.0	-0.45680600000000005	-0.16281600000000002	0.87454	0.0	0.173217	-0.98057	-0.09207860000000001	0.0	-2.77498	-0.53889	0.14724500000000001	0.363228	-0.21794899999999998	0.821968	-0.526181	0.0	0.400149	-0.41648199999999996	-0.816348	0.0	-0.890157	-0.388473	-0.23813800000000002	0.0	3.2082599999999997	1.95908	1.42317	0.35685900000000004	
0	0.864613	0.112517	0.489678	0.0	-0.46288900000000005	-0.200629	0.8634129999999999	0.0	0.195392	-0.973184	-0.12138399999999999	0.0	-2.70167	-0.713515	0.0692373	0.36398	-0.218525	0.820185	-0.5287189999999999	0.0	0.396511	-0.42043800000000003	-0.816095	0.0	-0.891642	-0.38798	-0.233337	0.0	3.2094	1.95472	1.44401	0.35722	
0	0.861742	0.126094	0.491428	0.0	-0.458441	-0.22139699999999998	0.860706	0.0	0.217331	-0.9669969999999999	-0.13298	0.0	-2.69247	-0.82189	-0.018135	0.363989	-0.22177800000000003	0.8223379999999999	-0.524	0.0	0.398593	-0.41398100000000004	-0.818379	0.0	-0.8899100000000001	-0.39036	-0.23596599999999998	0.0	3.20853	1.9604700000000002	1.45719	0.357158	
0	0.8509709999999999	0.145398	0.504686	0.0	-0.463399	-0.24442399999999997	0.851774	0.0	0.247204	-0.958706	-0.14062	0.0	-2.61469	-0.9131950000000001	-0.0492804	0.363976	-0.224635	0.823515	-0.5209239999999999	0.0	0.397554	-0.41062	-0.820574	0.0	-0.8896569999999999	-0.391426	-0.235152	0.0	3.21025	1.9623599999999999	1.4360600000000001	0.357286	
0	0.8484709999999999	0.15904100000000002	0.50478	0.0	-0.459996	-0.250062	0.851982	0.0	0.261727	-0.9550780000000001	-0.139012	0.0	-2.54073	-0.9793620000000001	-0.055646900000000006	0.363977	-0.22532	0.8237969999999999	-0.5201819999999999	0.0	0.39619899999999997	-0.410297	-0.821391	0.0	-0.8900879999999999	-0.391171	-0.23393899999999998	0.0	3.21371	1.9612599999999998	1.42964	0.357385	
0	0.8480280000000001	0.156171	0.506419	0.0	-0.46194799999999997	-0.25047800000000003	0.8508030000000001	0.0	0.25971700000000003	-0.955443	-0.140269	0.0	-2.49812	-0.9953350000000001	-0.07536430000000001	0.363977	-0.224216	0.826406	-0.516509	0.0	0.393514	-0.408098	-0.823774	0.0	-0.8915569999999999	-0.38795599999999997	-0.2337	0.0	3.21924	1.9607400000000001	1.42604	0.357096	
0	0.847385	0.155175	0.507799	0.0	-0.463525	-0.250308	0.849994	0.0	0.259004	-0.95565	-0.14018	0.0	-2.48957	-0.9981639999999999	-0.0771846	0.363981	-0.224016	0.826714	-0.5161020000000001	0.0	0.390935	-0.408864	-0.8246209999999999	0.0	-0.892741	-0.386491	-0.2316	0.0	3.22113	1.9575900000000002	1.43022	0.357283	
0	0.8473790000000001	0.15520699999999998	0.507799	0.0	-0.463524	-0.250297	0.8499979999999999	0.0	0.25902600000000003	-0.9556479999999999	-0.140154	0.0	-2.48979	-0.9980969999999999	-0.0771121	0.363979	-0.224023	0.826702	-0.5161180000000001	0.0	0.390953	-0.40886999999999996	-0.8246100000000001	0.0	-0.892732	-0.38650999999999996	-0.231605	0.0	3.22111	1.9576900000000002	1.43011	0.35728000000000004	
0	0.8473790000000001	0.15520799999999998	0.507799	0.0	-0.463524	-0.250297	0.8499979999999999	0.0	0.259027	-0.9556479999999999	-0.140154	0.0	-2.48979	-0.9980969999999999	-0.07711119999999999	0.36398	-0.22402399999999997	0.826701	-0.516119	0.0	0.390953	-0.40886999999999996	-0.8246100000000001	0.0	-0.8927309999999999	-0.38650999999999996	-0.231605	0.0	3.22111	1.9576900000000002	1.43011	0.357281	
0	0.8473790000000001	0.15520799999999998	0.507799	0.0	-0.463524	-0.250297	0.8499979999999999	0.0	0.259027	-0.9556479999999999	-0.140154	0.0	-2.48979	-0.9980959999999999	-0.0771109	0.36398	-0.22402399999999997	0.826701	-0.516119	0.0	0.390953	-0.40886999999999996	-0.8246100000000001	0.0	-0.8927309999999999	-0.38650999999999996	-0.231605	0.0	3.22111	1.9576900000000002	1.43011	0.35728000000000004	
0	0.8473790000000001	0.15520799999999998	0.507799	0.0	-0.463524	-0.250297	0.8499979999999999	0.0	0.259027	-0.9556479999999999	-0.140154	0.0	-2.48979	-0.9980969999999999	-0.07711130000000001	0.36398	-0.22402399999999997	0.826701	-0.516119	0.0	0.390953	-0.40886999999999996	-0.8246100000000001	0.0	-0.8927309999999999	-0.38650999999999996	-0.231605	0.0	3.22111	1.9576900000000002	1.43011	0.35728000000000004	
0	0.8473790000000001	0.15520799999999998	0.507799	0.0	-0.463524	-0.250297	0.8499979999999999	0.0	0.259027	-0.9556479999999999	-0.140154	0.0	-2.48979	-0.9980959999999999	-0.07711110000000002	0.36398	-0.22402399999999997	0.826701	-0.516119	0.0	0.390953	-0.408871	-0.8246100000000001	0.0	-0.8927309999999999	-0.38650999999999996	-0.231605	0.0	3.22111	1.9576900000000002	1.43011	0.357281	
0	0.8473790000000001	0.15520799999999998	0.507799	0.0	-0.463524	-0.250297	0.8499979999999999	0.0	0.259027	-0.9556479999999999	-0.140154	0.0	-2.48979	-0.9980969999999999	-0.0771114	0.36398	-0.22402399999999997	0.826701	-0.516119	0.0	0.390953	-0.40886999999999996	-0.8246100000000001	0.0	-0.8927309999999999	-0.38650999999999996	-0.231605	0.0	3.22111	1.9576900000000002	1.43011	0.35728000000000004	
0	0.8473780000000001	0.15520799999999998	0.507799	0.0	-0.463524	-0.250297	0.8499979999999999	0.0	0.259027	-0.9556479999999999	-0.140154	0.0	-2.48979	-0.9980959999999999	-0.07711110000000002	0.36398	-0.22402399999999997	0.826701	-0.516119	0.0	0.390953	-0.40886999999999996	-0.824609	0.0	-0.8927309999999999	-0.38650999999999996	-0.231605	0.0	3.22111	1.9576900000000002	1.43011	0.357281	
0	0.8473790000000001	0.15520799999999998	0.507799	0.0	-0.463524	-0.250297	0.8499979999999999	0.0	0.259027	-0.9556479999999999	-0.140154	0.0	-2.48979	-0.9980959999999999	-0.0771109	0.36398	-0.22402399999999997	0.826701	-0.516119	0.0	0.390953	-0.408871	-0.8246100000000001	0.0	-0.8927309999999999	-0.38650999999999996	-0.231605	0.0	3.22111	1.9576900000000002	1.43011	0.357281	
0	0.8473790000000001	0.15520799999999998	0.507799	0.0	-0.463524	-0.250297	0.8499979999999999	0.0	0.259027	-0.9556469999999999	-0.140153	0.0	-2.48979	-0.9980959999999999	-0.077111	0.36398	-0.22402399999999997	0.826701	-0.516119	0.0	0.390953	-0.40886999999999996	-0.8246100000000001	0.0	-0.8927309999999999	-0.38650999999999996	-0.231605	0.0	3.22111	1.9576900000000002	1.43011	0.35728000000000004	
0	0.8473790000000001	0.15520799999999998	0.507799	0.0	-0.463524	-0.250297	0.8499979999999999	0.0	0.259027	-0.9556469999999999	-0.140153	0.0	-2.48979	-0.9980959999999999	-0.07711110000000002	0.36398	-0.22402399999999997	0.826701	-0.516119	0.0	0.390953	-0.40886999999999996	-0.8246100000000001	0.0	-0.8927309999999999	-0.38650999999999996	-0.231605	0.0	3.22111	1.9576900000000002	1.43011	0.357281	
0	0.915276	0.361165	0.17840899999999998	0.0	-0.12513	-0.166076	0.978142	0.0	0.3829	-0.917594	-0.106813	0.0	-2.46029	-1.10343	-0.133803	0.351398	-0.233079	0.843886	-0.48325	0.0	0.36740900000000004	-0.383686	-0.8472280000000001	0.0	-0.90038	-0.375021	-0.220623	0.0	3.17635	1.97128	1.47127	0.357476	
0	0.935156	0.308831	0.173512	0.0	-0.158992	-0.0717855	0.984667	0.0	0.316551	-0.9484040000000001	-0.0180291	0.0	-2.4668200000000002	-1.35474	-0.134878	0.350675	-0.235271	0.8444309999999999	-0.481232	0.0	0.36954899999999996	-0.38022399999999995	-0.847859	0.0	-0.898934	-0.377315	-0.22260300000000002	0.0	3.18477	1.97281	1.4642700000000002	0.357335	
0	0.9620479999999999	0.197853	0.187931	0.0	-0.18304	-0.0428943	0.9821690000000001	0.0	0.20238699999999998	-0.9792930000000001	-0.00505124	0.0	-2.60784	-1.74718	-0.337254	0.350048	-0.23614000000000002	0.845794	-0.478405	0.0	0.369458	-0.377206	-0.849244	0.0	-0.8987430000000001	-0.377291	-0.223412	0.0	3.22045	1.98681	1.45807	0.35744899999999996	
0	0.9714430000000001	0.114048	0.208064	0.0	-0.203596	-0.0496487	0.9777950000000001	0.0	0.12184600000000001	-0.9922340000000001	-0.0250113	0.0	-2.7942	-2.10445	-0.782597	0.35347199999999995	-0.23851599999999998	0.8463200000000001	-0.47629	0.0	0.369899	-0.374303	-0.8503370000000001	0.0	-0.897934	-0.378998	-0.22377600000000003	0.0	3.25427	2.01265	1.46364	0.357477	
0	0.976074	0.0500619	0.21159899999999998	0.0	-0.20864699999999997	-0.058311800000000004	0.976251	0.0	0.0612116	-0.997043	-0.0464714	0.0	-2.89589	-2.3988	-1.2229299999999999	0.354707	-0.24016700000000002	0.848086	-0.472304	0.0	0.372118	-0.368944	-0.8517100000000001	0.0	-0.896576	-0.380305	-0.22698000000000002	0.0	3.28071	2.01973	1.46691	0.35744899999999996	
0	0.964252	0.017815599999999997	0.264389	0.0	-0.262802	-0.0636043	0.962751	0.0	0.0339682	-0.997816	-0.056648500000000004	0.0	-2.96874	-2.6263400000000003	-1.5499	0.354273	-0.242871	0.850706	-0.466168	0.0	0.371216	-0.362473	-0.854876	0.0	-0.8962209999999999	-0.38067399999999996	-0.22776100000000002	0.0	3.30033	2.0181400000000003	1.4547	0.357648	
0	0.964183	-0.0270986	0.26385	0.0	-0.26509	-0.0652336	0.9620139999999999	0.0	-0.00885729	-0.997502	-0.0700807	0.0	-3.01761	-2.77169	-1.7147	0.351506	-0.243128	0.851801	-0.46403	0.0	0.370605	-0.360518	-0.855966	0.0	-0.8964040000000001	-0.38008200000000003	-0.22803	0.0	3.3239	2.00825	1.44646	0.35738600000000004	
0	0.9629049999999999	-0.0262875	0.268558	0.0	-0.269656	-0.0568683	0.961276	0.0	-0.00999719	-0.998036	-0.061847400000000004	0.0	-3.0667	-2.8622799999999997	-1.8759599999999998	0.353539	-0.241992	0.852348	-0.46361899999999995	0.0	0.366795	-0.362001	-0.856981	0.0	-0.898277	-0.377436	-0.225036	0.0	3.33039	2.01558	1.45054	0.357593	
0	0.956239	-0.006748899999999999	0.292509	0.0	-0.292127	-0.0780524	0.953189	0.0	0.0163981	-0.996926	-0.0766082	0.0	-3.04222	-3.03443	-2.0215	0.352663	-0.23776	0.8552850000000001	-0.46038900000000005	0.0	0.361871	-0.361863	-0.85913	0.0	-0.9013979999999999	-0.370869	-0.223466	0.0	3.33661	2.04803	1.46794	0.357664	
0	0.9524360000000001	0.0383524	0.30231399999999997	0.0	-0.292722	-0.160677	0.942601	0.0	0.08472589999999999	-0.9862620000000001	-0.141808	0.0	-3.07901	-3.08681	-1.99768	0.355478	-0.234846	0.859507	-0.453977	0.0	0.356926	-0.358161	-0.862742	0.0	-0.9041299999999999	-0.364648	-0.22266799999999998	0.0	3.34208	2.0694	1.47046	0.357513	
0	0.947816	0.0636027	0.31240999999999997	0.0	-0.305503	-0.09904210000000001	0.947026	0.0	0.09117510000000001	-0.993049	-0.0744428	0.0	-3.12154	-3.34975	-1.9840099999999998	0.36286599999999997	-0.237308	0.8618709999999999	-0.448179	0.0	0.359589	-0.35065100000000005	-0.864719	0.0	-0.90243	-0.366365	-0.226708	0.0	3.35097	2.07864	1.46549	0.357671	
0	0.94245	0.131302	0.307487	0.0	-0.31693699999999997	0.0579321	0.9466760000000001	0.0	0.10648699999999998	-0.989648	0.09621239999999999	0.0	-3.16452	-3.44596	-2.03286	0.371156	-0.23830700000000002	0.861975	-0.447446	0.0	0.358849	-0.349965	-0.8653049999999999	0.0	-0.9024620000000001	-0.366774	-0.22591999999999998	0.0	3.3837300000000003	2.08333	1.45678	0.357796	
0	0.943192	0.151222	0.29584099999999997	0.0	-0.310839	0.0871579	0.946458	0.0	0.11734000000000001	-0.98465	0.129212	0.0	-3.17265	-3.44832	-2.0522	0.374619	-0.23853000000000002	0.8634639999999999	-0.44444799999999995	0.0	0.363317	-0.34508	-0.865402	0.0	-0.9006129999999999	-0.3679	-0.23139899999999997	0.0	3.39941	2.10054	1.44854	0.357687	
0	0.94181	0.168102	0.291094	0.0	-0.310859	0.10603900000000001	0.944523	0.0	0.127909	-0.98005	0.152124	0.0	-3.18303	-3.44878	-2.06511	0.3777	-0.23575700000000002	0.865401	-0.442155	0.0	0.363724	-0.343335	-0.865925	0.0	-0.9011790000000001	-0.36496999999999996	-0.233823	0.0	3.41205	2.10683	1.4354	0.357641	
0	0.937076	0.205037	0.282574	0.0	-0.31301100000000004	0.134916	0.940118	0.0	0.154635	-0.969411	0.190606	0.0	-3.20903	-3.45365	-2.0853099999999998	0.379108	-0.23522300000000002	0.866801	-0.43968900000000005	0.0	0.36744499999999997	-0.339501	-0.865866	0.0	-0.8998079999999999	-0.365233	-0.238643	0.0	3.4365699999999997	2.12355	1.42085	0.357338	
0	0.933312	0.19902999999999998	0.29885700000000004	0.0	-0.328912	0.140023	0.9339219999999999	0.0	0.144032	-0.969938	0.196149	0.0	-3.2074	-3.45289	-2.08699	0.383187	-0.22711199999999998	0.869806	-0.438017	0.0	0.360255	-0.342828	-0.867574	0.0	-0.9047850000000001	-0.35483400000000004	-0.23549099999999998	0.0	3.44295	2.13781	1.42509	0.357585	
0	0.924675	0.215227	0.314093	0.0	-0.346945	0.136415	0.9279120000000001	0.0	0.156864	-0.966989	0.200811	0.0	-3.22758	-3.4645	-2.08359	0.386807	-0.226963	0.86992	-0.437866	0.0	0.360222	-0.34273000000000003	-0.867627	0.0	-0.9048360000000001	-0.354648	-0.235578	0.0	3.4509	2.15246	1.43006	0.35752399999999995	
0	0.92355	0.21667899999999998	0.316395	0.0	-0.349632	0.13686900000000002	0.9268360000000001	0.0	0.157522	-0.966601	0.202164	0.0	-3.2336099999999997	-3.4746599999999996	-2.06881	0.388682	-0.227609	0.871078	-0.43522	0.0	0.36201300000000003	-0.33921999999999997	-0.8682610000000001	0.0	-0.903958	-0.355179	-0.238132	0.0	3.48599	2.1541	1.42201	0.357547	
0	0.913166	0.217129	0.344938	0.0	-0.378933	0.140558	0.914687	0.0	0.150121	-0.9659700000000001	0.21063	0.0	-3.24755	-3.4851099999999997	-2.05463	0.38140300000000005	-0.229233	0.87069	-0.435144	0.0	0.363991	-0.337936	-0.867934	0.0	-0.902753	-0.35734699999999997	-0.239458	0.0	3.5114699999999996	2.15817	1.41571	0.357674	
0	0.887709	0.21977399999999997	0.404565	0.0	-0.441708	0.158661	0.8830180000000001	0.0	0.129876	-0.962563	0.23792	0.0	-2.7433099999999997	-3.59515	-1.55045	0.21695100000000003	-0.227625	0.8723	-0.432758	0.0	0.364433	-0.335811	-0.8685729999999999	0.0	-0.9029809999999999	-0.35541999999999996	-0.241456	0.0	3.5280400000000003	2.16457	1.4118600000000001	0.357475	
0	0.866344	0.20607199999999998	0.454953	0.0	-0.490595	0.180369	0.8525159999999999	0.0	0.09362000000000001	-0.9617700000000001	0.257359	0.0	-2.7345200000000003	-3.5867400000000003	-1.60376	0.141243	-0.225663	0.8740469999999999	-0.43025399999999997	0.0	0.36735300000000004	-0.33269899999999997	-0.868541	0.0	-0.9022899999999999	-0.354053	-0.246006	0.0	3.53805	2.17788	1.3976	0.35749000000000003	
0	0.844241	0.198453	0.49786800000000003	0.0	-0.5314409999999999	0.189555	0.825614	0.0	0.0694725	-0.9616049999999999	0.265497	0.0	-2.76214	-3.58143	-1.60667	0.140984	-0.22165900000000002	0.8755379999999999	-0.429303	0.0	0.36604699999999996	-0.33334899999999995	-0.868843	0.0	-0.9038129999999999	-0.349731	-0.246598	0.0	3.54541	2.1932400000000003	1.38509	0.357632	
0	0.8281120000000001	0.21069200000000002	0.519461	0.0	-0.5543359999999999	0.17005399999999998	0.814735	0.0	0.0833215	-0.962648	0.25761799999999996	0.0	-2.79187	-3.5876699999999997	-1.60179	0.141221	-0.221585	0.876188	-0.428014	0.0	0.366638	-0.331861	-0.8691639999999999	0.0	-0.903591	-0.34952	-0.247709	0.0	3.5512	2.19634	1.37995	0.357482	
0	0.820738	0.23963099999999998	0.5186189999999999	0.0	-0.558845	0.148199	0.815922	0.0	0.11866199999999999	-0.9594860000000001	0.25554899999999997	0.0	-2.82418	-3.5819	-1.59897	0.141457	-0.21960100000000002	0.87695	-0.427475	0.0	0.366767	-0.331818	-0.8691260000000001	0.0	-0.9040229999999999	-0.347644	-0.24876900000000002	0.0	3.55177	2.20102	1.37804	0.357327	
0	0.831564	0.272248	0.48413	0.0	-0.530637	0.131902	0.8372729999999999	0.0	0.164088	-0.9531440000000001	0.25415	0.0	-2.82317	-3.5710800000000003	-1.59758	0.14140899999999998	-0.218453	0.8769889999999999	-0.42798100000000006	0.0	0.365506	-0.333115	-0.86916	0.0	-0.904811	-0.346301	-0.24777399999999997	0.0	3.54949	2.1987	1.3773600000000001	0.357325	
0	0.8538969999999999	0.35643	0.379232	0.0	-0.421737	0.046923400000000004	0.9055030000000001	0.0	0.30495300000000003	-0.9331430000000001	0.190388	0.0	-2.80544	-3.53569	-1.5837	0.141548	-0.220521	0.878652	-0.42348800000000003	0.0	0.365531	-0.32808899999999996	-0.8710600000000001	0.0	-0.9043	-0.346884	-0.248824	0.0	3.5419699999999996	2.19017	1.38616	0.357587	
0	0.8535739999999999	0.403393	0.329675	0.0	-0.33814	-0.05242130000000001	0.939635	0.0	0.39632399999999995	-0.913524	0.0916581	0.0	-2.74955	-3.09317	-1.62032	0.14114100000000002	-0.21517600000000003	0.8804540000000001	-0.422493	0.0	0.376499	-0.324392	-0.867766	0.0	-0.9010809999999999	-0.34579099999999996	-0.261689	0.0	3.5487	2.1978299999999997	1.36443	0.35825799999999997	
0	0.821134	0.49385500000000004	0.286087	0.0	-0.238655	-0.158225	0.9581280000000001	0.0	0.518442	-0.855028	-0.012063200000000001	0.0	-2.6541	-2.06833	-1.5533299999999999	0.14109100000000002	-0.188381	0.8876649999999999	-0.420195	0.0	0.430158	-0.310054	-0.8478389999999999	0.0	-0.8828799999999999	-0.340467	-0.323427	0.0	3.5795800000000004	2.2404900000000003	1.28073	0.358039	
0	0.7741779999999999	0.589559	0.230366	0.0	-0.07738919999999999	-0.27305300000000005	0.958881	0.0	0.628219	-0.760173	-0.165766	0.0	-2.79086	-1.1037	-1.70183	0.141506	-0.175331	0.892932	-0.414646	0.0	0.496721	-0.283402	-0.8203360000000001	0.0	-0.850016	-0.34979299999999997	-0.393849	0.0	3.6917800000000005	2.25798	1.10877	0.358056	
1	0.654666	0.734063	0.180456	0.0	0.0653586	-0.292799	0.953938	0.0	0.753087	-0.612716	-0.23966300000000001	0.0	-3.04212	-0.492105	-1.85559	0.141521	-0.168511	0.8882969999999999	-0.42723900000000004	0.0	0.5478430000000001	-0.275924	-0.7897689999999999	0.0	-0.819435	-0.367144	-0.440151	0.0	3.79187	2.2105099999999998	0.978794	0.357695	
1	0.42221000000000003	0.903689	0.0713067	0.0	0.203929	-0.17133299999999999	0.9638770000000001	0.0	0.8832620000000001	-0.392417	-0.256627	0.0	-3.23336	-0.129552	-2.01333	0.141519	-0.156503	0.871031	-0.465631	0.0	0.566599	-0.30697399999999997	-0.764678	0.0	-0.808995	-0.3835	-0.445483	0.0	3.81932	2.09285	0.892125	0.358072	
1	0.0968316	0.971909	-0.21451599999999998	0.0	0.173842	0.1957	0.965132	0.0	0.980001	-0.130747	-0.150009	0.0	-2.57306	-0.44561000000000006	-2.09159	0.14114000000000002	-0.331801	0.737096	-0.588725	0.0	0.602346	-0.314756	-0.733559	0.0	-0.726008	-0.598012	-0.33955100000000005	0.0	3.4367699999999997	1.3191700000000002	0.888144	0.359547	
1	-0.0318052	0.934528	-0.35446500000000003	0.0	0.0978696	0.355852	0.9294040000000001	0.0	0.994691	-0.00513157	-0.10278	0.0	-1.9520400000000002	-0.758524	-2.10777	0.14113399999999998	-0.35734699999999997	0.692435	-0.626767	0.0	0.52451	-0.406475	-0.748109	0.0	-0.772782	-0.59608	-0.217937	0.0	2.99402	0.643205	0.7154229999999999	0.359662	
1	-0.0822122	0.912475	-0.400787	0.0	0.0783674	0.40682199999999996	0.91014	0.0	0.9935290000000001	0.0434159	-0.10495399999999999	0.0	-1.75922	-0.794658	-2.18574	0.141527	-0.35904899999999995	0.698181	-0.619376	0.0	0.49147399999999997	-0.422728	-0.761416	0.0	-0.793434	-0.577793	-0.191358	0.0	2.7744	0.54977	0.641653	0.359272	
1	-0.17161300000000002	0.8531920000000001	-0.492558	0.0	0.025022299999999997	0.5035890000000001	0.8635809999999999	0.0	0.9848469999999999	0.135876	-0.107771	0.0	-1.4072	-0.875208	-2.3961099999999997	0.141525	-0.284366	0.7464350000000001	-0.601641	0.0	0.40781100000000003	-0.47376499999999994	-0.780536	0.0	-0.867656	-0.467314	-0.169682	0.0	2.16567	0.584797	0.38400100000000004	0.357705	
1	-0.180134	0.825681	-0.534605	0.0	-0.0202219	0.540272	0.841247	0.0	0.983434	0.162348	-0.0806245	0.0	-1.13636	-0.9291950000000001	-2.4575400000000003	0.14113399999999998	-0.255302	0.772058	-0.58202	0.0	0.350385	-0.487171	-0.799934	0.0	-0.9011389999999999	-0.408156	-0.146143	0.0	1.63531	0.675046	0.284794	0.357292	
1	-0.228452	0.771492	-0.593809	0.0	-0.0655816	0.5963579999999999	0.800035	0.0	0.9713440000000001	0.221712	-0.0856437	0.0	-0.97035	-0.8991379999999999	-2.4800400000000002	0.141532	-0.243829	0.7827569999999999	-0.5725720000000001	0.0	0.311422	-0.495929	-0.810599	0.0	-0.918457	-0.375959	-0.122846	0.0	1.28315	0.803231	0.28133600000000003	0.357673	
1	-0.286709	0.69106	-0.663501	0.0	-0.11080599999999999	0.664008	0.7394689999999999	0.0	0.9515879999999999	0.285533	-0.113804	0.0	-0.87929	-0.8262639999999999	-2.46338	0.141597	-0.222487	0.809314	-0.543609	0.0	0.288022	-0.478134	-0.829717	0.0	-0.93142	-0.341173	-0.126722	0.0	1.09505	0.9749950000000001	0.270404	0.357515	
1	-0.31033299999999997	0.622974	-0.71805	0.0	-0.16350699999999999	0.7091069999999999	0.6858810000000001	0.0	0.9364610000000001	0.330258	-0.118199	0.0	-0.807894	-0.727537	-2.36872	0.14166600000000001	-0.20385999999999999	0.824075	-0.528528	0.0	0.272434	-0.470789	-0.8391290000000001	0.0	-0.9403299999999999	-0.315054	-0.128531	0.0	1.0028299999999999	1.14048	0.247538	0.357212	
1	-0.33287100000000003	0.534331	-0.7769729999999999	0.0	-0.240688	0.748525	0.617883	0.0	0.9117379999999999	0.39268400000000003	-0.120555	0.0	-0.690663	-0.5200229999999999	-2.10759	0.14167000000000002	-0.19131199999999998	0.847269	-0.495514	0.0	0.261612	-0.44256	-0.8577290000000001	0.0	-0.946023	-0.293727	-0.136989	0.0	0.876726	1.31345	0.29438400000000003	0.359009	
1	-0.326902	0.514046	-0.793027	0.0	-0.250402	0.762026	0.597172	0.0	0.9112809999999999	0.393793	-0.12039000000000001	0.0	-0.67767	-0.428072	-1.9946	0.14166700000000002	-0.204677	0.856434	-0.47395	0.0	0.275192	-0.414322	-0.8675290000000001	0.0	-0.939349	-0.30799	-0.150881	0.0	0.805215	1.31199	0.290945	0.358772	
1	-0.339061	0.457554	-0.8219989999999999	0.0	-0.262685	0.792957	0.549741	0.0	0.9033459999999999	0.402323	-0.148668	0.0	-0.740969	-0.219479	-1.8420299999999998	0.14166700000000002	-0.23331500000000002	0.864609	-0.44498999999999994	0.0	0.27111799999999997	-0.381633	-0.8836579999999999	0.0	-0.933841	-0.326815	-0.14537	0.0	0.751158	1.23716	0.343663	0.359039	
1	-0.34527800000000003	0.442475	-0.8276469999999999	0.0	-0.273987	0.7959390000000001	0.539825	0.0	0.897616	0.413155	-0.153588	0.0	-0.790227	-0.14260699999999998	-1.7904799999999998	0.14166700000000002	-0.238341	0.8690760000000001	-0.43347600000000003	0.0	0.271912	-0.368773	-0.8888590000000001	0.0	-0.93234	-0.329719	-0.148419	0.0	0.7719	1.20515	0.338069	0.358898	
1	-0.337964	0.454004	-0.824416	0.0	-0.265374	0.794447	0.546288	0.0	0.902971	0.403404	-0.148014	0.0	-0.917953	0.044477499999999996	-1.5889	0.14163499999999998	-0.295258	0.872707	-0.38885	0.0	0.296491	-0.303208	-0.905626	0.0	-0.908249	-0.382684	-0.169225	0.0	0.8494659999999999	1.0315	0.206578	0.359177	
1	-0.335656	0.46971	-0.816522	0.0	-0.255877	0.788754	0.558922	0.0	0.906566	0.39653499999999997	-0.144562	0.0	-1.03151	0.192821	-1.47475	0.141596	-0.34526599999999996	0.8622780000000001	-0.370498	0.0	0.31971700000000003	-0.263094	-0.9102540000000001	0.0	-0.882368	-0.432734	-0.184847	0.0	0.987762	0.8845430000000001	0.09395310000000001	0.35925100000000004	
1	-0.345357	0.47788800000000003	-0.807683	0.0	-0.25624	0.779917	0.571025	0.0	0.9028120000000001	0.40416799999999997	-0.146896	0.0	-1.14927	0.289402	-1.41645	0.14159000000000002	-0.376792	0.853749	-0.359362	0.0	0.355185	-0.22513699999999998	-0.90728	0.0	-0.8554950000000001	-0.469496	-0.21840900000000002	0.0	1.15935	0.7200350000000001	-0.0863654	0.359079	
1	-0.357745	0.462768	-0.811088	0.0	-0.264177	0.782935	0.563226	0.0	0.8956719999999999	0.41576199999999996	-0.157839	0.0	-1.24557	0.344351	-1.38355	0.141595	-0.377875	0.850417	-0.366063	0.0	0.37701999999999997	-0.219775	-0.899753	0.0	-0.845616	-0.47800699999999996	-0.237577	0.0	1.33418	0.5656869999999999	-0.273393	0.359543	
1	-0.358156	0.452481	-0.816692	0.0	-0.279661	0.782567	0.556218	0.0	0.8907940000000001	0.42761000000000005	-0.15374000000000002	0.0	-1.25025	0.349515	-1.36295	0.141619	-0.378585	0.8499120000000001	-0.366501	0.0	0.390036	-0.21260300000000001	-0.89592	0.0	-0.8393719999999999	-0.48213	-0.25100900000000004	0.0	1.39808	0.497846	-0.360709	0.35953	
1	-0.353068	0.432393	-0.8296870000000001	0.0	-0.307877	0.783713	0.539449	0.0	0.88349	0.445904	-0.14357999999999999	0.0	-1.14534	0.34021999999999997	-1.26664	0.141324	-0.367384	0.857576	-0.359989	0.0	0.39073	-0.20893299999999998	-0.896481	0.0	-0.8440139999999999	-0.470012	-0.258323	0.0	1.36669	0.403697	-0.543231	0.359904	
1	-0.34876	0.422523	-0.836565	0.0	-0.320233	0.785163	0.530066	0.0	0.880805	0.45276099999999997	-0.138527	0.0	-1.09769	0.343559	-1.24691	0.141257	-0.359724	0.8647739999999999	-0.350377	0.0	0.38553899999999997	-0.204198	-0.899813	0.0	-0.8496809999999999	-0.458768	-0.259949	0.0	1.30122	0.411127	-0.582531	0.359889	
1	-0.334704	0.406979	-0.849907	0.0	-0.335625	0.791295	0.5110859999999999	0.0	0.8805280000000001	0.456312	-0.12825699999999998	0.0	-0.986518	0.31245700000000004	-1.22406	0.141247	-0.345342	0.872195	-0.346431	0.0	0.37593899999999997	-0.209662	-0.9026139999999999	0.0	-0.8598889999999999	-0.44194799999999995	-0.25548699999999996	0.0	1.1623	0.42556400000000005	-0.670582	0.359849	
1	-0.320079	0.398494	-0.859507	0.0	-0.355408	0.790471	0.49883999999999995	0.0	0.8782	0.46514399999999995	-0.11138599999999999	0.0	-0.8102659999999999	0.24748699999999998	-1.19505	0.14113699999999998	-0.327652	0.883194	-0.335577	0.0	0.36735300000000004	-0.20814699999999997	-0.906492	0.0	-0.870458	-0.420289	-0.256245	0.0	0.8809170000000001	0.47824700000000003	-0.7145020000000001	0.359699	
1	-0.304788	0.43261099999999997	-0.8485	0.0	-0.348364	0.778518	0.522066	0.0	0.886424	0.45470600000000005	-0.08657680000000001	0.0	-0.6678229999999999	0.23598400000000003	-1.16388	0.141201	-0.32259899999999997	0.8848209999999999	-0.336187	0.0	0.35312899999999997	-0.217027	-0.9100540000000001	0.0	-0.8781969999999999	-0.41230100000000003	-0.242443	0.0	0.709815	0.48035100000000003	-0.745336	0.35936799999999997	
1	-0.303404	0.444383	-0.842894	0.0	-0.347088	0.772277	0.532089	0.0	0.8873979999999999	0.453996	-0.0800715	0.0	-0.622217	0.219998	-1.16444	0.14121199999999998	-0.323337	0.885927	-0.332545	0.0	0.351075	-0.214034	-0.911557	0.0	-0.878749	-0.41148900000000005	-0.24182199999999998	0.0	0.644944	0.481012	-0.750015	0.359531	
1	-0.310317	0.444374	-0.8403780000000001	0.0	-0.353621	0.766622	0.5359510000000001	0.0	0.882415	0.46348999999999996	-0.08075560000000001	0.0	-0.590344	0.206238	-1.1856	0.140132	-0.330942	0.8831690000000001	-0.332401	0.0	0.33058899999999997	-0.221419	-0.917434	0.0	-0.883849	-0.41350600000000004	-0.218689	0.0	0.6014430000000001	0.47614700000000004	-0.721346	0.360647	
1	-0.31853400000000004	0.431479	-0.844015	0.0	-0.36140900000000004	0.767857	0.528942	0.0	0.87631	0.473521	-0.08864839999999999	0.0	-0.574455	0.202183	-1.2028	0.140533	-0.329127	0.8839450000000001	-0.33213899999999996	0.0	0.324628	-0.22438000000000002	-0.918842	0.0	-0.8867309999999999	-0.410238	-0.213104	0.0	0.616042	0.485203	-0.741843	0.36104899999999995	
1	-0.313394	0.427762	-0.847824	0.0	-0.37044	0.766999	0.523914	0.0	0.87439	0.478259	-0.08191269999999999	0.0	-0.551216	0.19785999999999998	-1.2034799999999999	0.139996	-0.331729	0.880009	-0.339912	0.0	0.32592899999999997	-0.23121599999999998	-0.916684	0.0	-0.885283	-0.41487799999999997	-0.210119	0.0	0.636329	0.487034	-0.7370770000000001	0.360888	
1	-0.305834	0.41638500000000006	-0.8562059999999999	0.0	-0.378822	0.771827	0.510664	0.0	0.873476	0.48052799999999996	-0.0783155	0.0	-0.5237229999999999	0.203815	-1.17514	0.139941	-0.33704	0.8462850000000001	-0.41256099999999996	0.0	0.34102	-0.298709	-0.891335	0.0	-0.877559	-0.44110699999999997	-0.187923	0.0	0.6558069999999999	0.5009520000000001	-0.691581	0.348285	
1	-0.305176	0.41596400000000006	-0.8566459999999999	0.0	-0.378262	0.772601	0.509908	0.0	0.873948	0.47964799999999996	-0.078436	0.0	-0.530197	0.198881	-1.1513	0.13992000000000002	-0.348696	0.8333209999999999	-0.428937	0.0	0.316019	-0.326323	-0.890868	0.0	-0.882351	-0.446194	-0.149558	0.0	0.657359	0.492781	-0.681281	0.313172	
1	-0.30225100000000005	0.38756399999999996	-0.870884	0.0	-0.381992	0.7878029999999999	0.483166	0.0	0.8733420000000001	0.47870799999999997	-0.09006789999999999	0.0	-0.49555	0.197729	-1.1508200000000002	0.14206	-0.342447	0.808604	-0.47842299999999993	0.0	0.369489	-0.352277	-0.859872	0.0	-0.863833	-0.471233	-0.178134	0.0	0.711598	0.481763	-0.696113	0.215292	
1	-0.303787	0.397726	-0.8657530000000001	0.0	-0.368975	0.788672	0.49178599999999995	0.0	0.878391	0.468839	-0.0928372	0.0	-0.48063599999999995	0.21425999999999998	-1.15487	0.14166600000000001	-0.34031500000000003	0.8155859999999999	-0.46798	0.0	0.387656	-0.33173400000000003	-0.860044	0.0	-0.856685	-0.474101	-0.203273	0.0	0.727925	0.48426800000000003	-0.699691	0.216085	
1	-0.321484	0.423335	-0.847016	0.0	-0.357611	0.773979	0.522562	0.0	0.876791	0.470897	-0.09743210000000001	0.0	-0.470583	0.25853400000000004	-1.14511	0.14183800000000002	-0.35173499999999996	0.8291059999999999	-0.434587	0.0	0.370603	-0.30298400000000003	-0.877983	0.0	-0.859614	-0.46987700000000004	-0.200699	0.0	0.7497739999999999	0.512879	-0.709897	0.216038	
1	-0.344028	0.46323800000000004	-0.816734	0.0	-0.340624	0.749005	0.5683020000000001	0.0	0.8749969999999999	0.473711	-0.0998887	0.0	-0.48162299999999997	0.338555	-1.09694	0.142502	-0.361007	0.84851	-0.386918	0.0	0.335924	-0.268725	-0.902741	0.0	-0.869959	-0.455871	-0.188024	0.0	0.755433	0.563091	-0.693746	0.215531	
1	-0.344004	0.48403	-0.8045979999999999	0.0	-0.230681	0.787068	0.5721109999999999	0.0	0.910191	0.382413	-0.159098	0.0	-0.361773	0.47821400000000003	-1.07831	0.21750799999999998	-0.438942	0.8351790000000001	-0.33137	0.0	0.371695	-0.166981	-0.913214	0.0	-0.81803	-0.524016	-0.237137	0.0	0.622825	0.538944	-0.659439	0.218631	
1	-0.334777	0.522486	-0.784176	0.0	-0.248088	0.7539640000000001	0.608269	0.0	0.9090520000000001	0.39818000000000003	-0.122787	0.0	-0.313592	0.521981	-1.06336	0.245294	-0.451068	0.836116	-0.312168	0.0	0.328311	-0.169798	-0.929183	0.0	-0.82991	-0.521613	-0.197916	0.0	0.649145	0.570769	-0.6476810000000001	0.21779400000000002	
1	-0.28892399999999996	0.686603	-0.667158	0.0	-0.196262	0.639597	0.7432340000000001	0.0	0.937019	0.34567600000000004	-0.0500407	0.0	-0.247788	0.5706359999999999	-1.02435	0.30356	-0.5221899999999999	0.794741	-0.30935999999999997	0.0	0.320488	-0.153288	-0.934768	0.0	-0.79032	-0.5872729999999999	-0.17465999999999998	0.0	0.756871	0.641778	-0.5810529999999999	0.217637	
1	-0.217574	0.8217129999999999	-0.526734	0.0	-0.128795	0.5107729999999999	0.8500139999999999	0.0	0.9675090000000001	0.252781	-0.00529861	0.0	-0.172997	0.579968	-1.0326799999999998	0.354479	-0.639486	0.738729	-0.212925	0.0	0.335861	0.019309299999999998	-0.9417139999999999	0.0	-0.691559	-0.673726	-0.26045799999999997	0.0	0.8519760000000001	0.628088	-0.601633	0.218125	
1	-0.183902	0.869713	-0.45801800000000004	0.0	-0.0583577	0.45548299999999997	0.88833	0.0	0.981211	0.190094	-0.033009699999999996	0.0	-0.112673	0.573915	-1.10249	0.36843899999999996	-0.67064	0.716481	-0.19208699999999998	0.0	0.321737	0.04763030000000001	-0.94563	0.0	-0.668377	-0.695979	-0.262461	0.0	0.945161	0.624023	-0.661079	0.217777	
1	-0.0403027	0.957216	-0.286553	0.0	0.0903894	0.289103	0.9530209999999999	0.0	0.995091	0.012508	-0.0981738	0.0	-1.0116	0.0698077	-1.49769	0.353733	-0.7298479999999999	0.590328	-0.344725	0.0	0.40776799999999996	-0.0287943	-0.912632	0.0	-0.548678	-0.80665	-0.21970100000000004	0.0	2.07973	0.789525	-0.515971	0.21485900000000002	
1	0.0641961	0.967621	-0.24410700000000002	0.0	0.161666	0.23129699999999997	0.959357	0.0	0.9847549999999999	-0.101051	-0.141583	0.0	-1.8344099999999999	-0.27414499999999997	-1.76551	0.351429	-0.807107	0.47322200000000003	-0.353043	0.0	0.401756	0.00203246	-0.915745	0.0	-0.432633	-0.880941	-0.19175999999999999	0.0	3.10164	0.8065979999999999	-0.41514799999999996	0.214941	
2	0.100369	0.9668559999999999	-0.23476599999999997	0.0	0.17419500000000002	0.21523699999999998	0.9609	0.0	0.979583	-0.13733900000000002	-0.146818	0.0	-2.02312	-0.412646	-1.7778200000000002	0.35028000000000004	-0.86488	0.333465	-0.375212	0.0	0.403654	0.017662900000000002	-0.914741	0.0	-0.29840700000000003	-0.9425969999999999	-0.149881	0.0	3.5653	0.31955	-0.584942	0.215207	
2	0.134319	0.9652280000000001	-0.22426300000000002	0.0	0.185393	0.19784100000000002	0.962543	0.0	0.973441	-0.17086400000000002	-0.152372	0.0	-2.0752099999999998	-0.506076	-1.73186	0.350573	-0.8785229999999999	0.270676	-0.393613	0.0	0.41135299999999997	0.00973451	-0.911424	0.0	-0.242869	-0.962621	-0.119896	0.0	3.9961300000000004	-0.197828	-0.734939	0.21490399999999998	
2	0.23509699999999997	0.9554790000000001	-0.178294	0.0	0.207558	0.129853	0.969566	0.0	0.9495520000000001	-0.264948	-0.16778900000000002	0.0	-2.1111299999999997	-0.6309779999999999	-1.6758400000000002	0.35221399999999997	-0.86034	0.25106100000000003	-0.443604	0.0	0.456705	-0.006790399999999999	-0.889592	0.0	-0.226354	-0.9679469999999999	-0.108819	0.0	4.34269	-0.5474899999999999	-0.8208120000000001	0.215152	
2	0.295604	0.9418700000000001	-0.15968800000000002	0.0	0.21741999999999997	0.09644119999999999	0.971302	0.0	0.93024	-0.32184	-0.176273	0.0	-2.17836	-0.830343	-1.65915	0.351808	-0.845783	0.281158	-0.45343199999999995	0.0	0.460269	-0.0452971	-0.8866229999999999	0.0	-0.26982	-0.958592	-0.091097	0.0	4.5762599999999996	-0.8305899999999999	-0.8243090000000001	0.215153	
2	0.318959	0.935989	-0.14896500000000001	0.0	0.21326399999999998	0.08226499999999999	0.973525	0.0	0.9234629999999999	-0.342283	-0.173374	0.0	-2.19333	-0.9368209999999999	-1.60944	0.35241500000000003	-0.843859	0.315243	-0.434195	0.0	0.433526	-0.07623710000000002	-0.897911	0.0	-0.316161	-0.945944	-0.07233300000000001	0.0	4.49503	-1.03829	-0.773824	0.21522399999999997	
2	0.367967	0.9212809999999999	-0.125865	0.0	0.20848000000000003	0.0501725	0.9767389999999999	0.0	0.906166	-0.385648	-0.17360699999999998	0.0	-2.1827099999999997	-1.00621	-1.55615	0.352466	-0.8567959999999999	0.324859	-0.400458	0.0	0.392757	-0.09208569999999999	-0.9150200000000001	0.0	-0.334129	-0.941269	-0.0486919	0.0	4.2095	-1.1370799999999999	-0.731187	0.215219	
2	0.428386	0.898906	-0.0919455	0.0	0.19478499999999999	0.00749627	0.980817	0.0	0.882352	-0.43807799999999997	-0.171882	0.0	-2.1649700000000003	-1.11311	-1.4990700000000001	0.352961	-0.8952100000000001	0.299255	-0.33022199999999996	0.0	0.31454499999999996	-0.100621	-0.943895	0.0	-0.31569200000000003	-0.9488530000000001	-0.00405264	0.0	3.54578	-1.26414	-0.599982	0.214871	
2	0.47523699999999997	0.8776290000000001	-0.06259239999999999	0.0	0.185327	-0.030303899999999998	0.98221	0.0	0.860118	-0.478383	-0.17705	0.0	-2.15	-1.12776	-1.4561600000000001	0.353041	-0.892918	0.290311	-0.344119	0.0	0.323758	-0.11708800000000001	-0.938867	0.0	-0.31285599999999997	-0.949742	0.0105597	0.0	3.24887	-1.2755299999999998	-0.5273720000000001	0.214901	
2	0.5159590000000001	0.856253	-0.0248517	0.0	0.168927	-0.07326410000000001	0.982902	0.0	0.839792	-0.511335	-0.182445	0.0	-2.15103	-1.12734	-1.42137	0.35297199999999995	-0.887442	0.298367	-0.35131799999999996	0.0	0.336302	-0.10207999999999999	-0.936206	0.0	-0.315195	-0.9489770000000001	-0.00975138	0.0	3.15163	-1.26301	-0.403984	0.215209	
2	0.5202319999999999	0.853893	-0.015025100000000001	0.0	0.171236	-0.0870571	0.981376	0.0	0.8366819999999999	-0.513117	-0.19150699999999998	0.0	-2.17823	-1.12711	-1.41951	0.352506	-0.891833	0.29283000000000003	-0.344798	0.0	0.334633	-0.08582970000000001	-0.9384319999999999	0.0	-0.30439499999999997	-0.952305	-0.021445	0.0	3.12261	-1.2848899999999999	-0.332434	0.21522	
