0	0.150035	0.728979	-0.667891	0.0	0.42142799999999997	0.563941	0.71019	0.0	0.894365	-0.388021	-0.22260100000000002	0.0	-2.7426	1.9590299999999998	1.30399	0.0191562	-0.593133	0.516197	-0.617847	0.0	0.750289	0.0760753	-0.656718	0.0	-0.291993	-0.8530840000000001	-0.43241999999999997	0.0	2.66032	2.0	1.53809	0.0	
0	-0.0644754	0.772836	-0.631323	0.0	0.123549	0.633953	0.763439	0.0	0.990242	-0.0287765	-0.13635799999999998	0.0	-2.74456	1.8774	1.2846799999999998	-0.0006905339999999999	-0.593133	0.516197	-0.617847	0.0	0.750313	0.0761433	-0.656684	0.0	-0.291933	-0.8530780000000001	-0.43247299999999994	0.0	2.66032	2.0	1.53809	0.0	
0	-0.0761954	0.773048	-0.6297550000000001	0.0	0.1246	0.634023	0.763211	0.0	0.9892770000000001	-0.020314099999999998	-0.14463099999999998	0.0	-2.7731	1.82913	1.17424	0.0	-0.593133	0.516197	-0.617846	0.0	0.75034	0.0762239	-0.656643	0.0	-0.291863	-0.8530709999999999	-0.43253400000000003	0.0	2.66032	2.0	1.53809	0.0	
0	-0.14316099999999998	0.758759	-0.635444	0.0	0.172706	0.651359	0.738853	0.0	0.974514	-0.00396991	-0.22429200000000002	0.0	-2.7627599999999997	1.86562	0.9932190000000001	0.0926545	-0.593133	0.516197	-0.617847	0.0	0.7503850000000001	0.07635549999999999	-0.656576	0.0	-0.291747	-0.853059	-0.43263599999999997	0.0	2.66032	2.0	1.53809	0.0	
0	-0.179052	0.705932	-0.6852739999999999	0.0	0.113416	0.706697	0.698367	0.0	0.9772799999999999	0.0473234	-0.20659899999999998	0.0	-2.59045	1.9108900000000002	0.9298799999999999	0.0455495	-0.593132	0.516197	-0.617846	0.0	0.7504270000000001	0.0764789	-0.656514	0.0	-0.291638	-0.8530479999999999	-0.43273100000000003	0.0	2.66032	2.0	1.53809	0.0	
0	-0.144085	0.723852	-0.674742	0.0	0.154799	0.68995	0.7071109999999999	0.0	0.977383	-0.00256515	-0.21146399999999999	0.0	-2.53057	1.91756	0.9331280000000001	0.0	-0.593133	0.516197	-0.617847	0.0	0.750472	0.07661	-0.656447	0.0	-0.291523	-0.853037	-0.432832	0.0	2.66032	2.0	1.53809	0.0	
0	-0.16062200000000001	0.7022149999999999	-0.6936100000000001	0.0	0.261211	0.707921	0.6562140000000001	0.0	0.951824	-0.0757764	-0.297134	0.0	-2.50312	1.9525099999999997	0.8702549999999999	0.119228	-0.593132	0.516197	-0.617846	0.0	0.75052	0.07674960000000002	-0.6563760000000001	0.0	-0.2914	-0.853024	-0.432939	0.0	2.66032	2.0	1.53809	0.0	
0	-0.16155999999999998	0.691918	-0.703667	0.0	0.29128200000000004	0.714701	0.63589	0.0	0.942896	-0.10223099999999999	-0.317011	0.0	-2.46919	1.9368299999999998	0.7929430000000001	0.15684800000000002	-0.593133	0.516197	-0.617847	0.0	0.7505609999999999	0.0768701	-0.656315	0.0	-0.291294	-0.8530129999999999	-0.433032	0.0	2.66032	2.0	1.53809	0.0	
0	-0.148607	0.735582	-0.660935	0.0	0.0987184	0.6760520000000001	0.7302109999999999	0.0	0.983957	0.043268	-0.17308199999999999	0.0	-2.4344799999999998	1.83863	0.721306	0.0	-0.203556	0.777044	-0.5956239999999999	0.0	0.28225500000000003	-0.535958	-0.795664	0.0	-0.9374950000000001	-0.33008000000000004	-0.11022799999999999	0.0	2.69014	2.02542	1.56208	3.10061e-05	
0	-0.190342	0.683546	-0.7046520000000001	0.0	0.0804505	0.726221	0.682737	0.0	0.978416	0.073264	-0.193222	0.0	-2.50465	1.8284099999999999	0.688341	0.0	-0.187243	0.816569	-0.546036	0.0	0.257745	-0.495551	-0.829456	0.0	-0.947896	-0.296047	-0.11767799999999999	0.0	2.78937	2.0338700000000003	1.47852	0.0	
0	-0.23847100000000002	0.632839	-0.736646	0.0	0.0788423	0.768641	0.634803	0.0	0.967944	0.093303	-0.23319299999999998	0.0	-2.57697	1.93629	0.6366850000000001	0.0	-0.00995284	0.6279239999999999	-0.778211	0.0	0.29694	-0.7412880000000001	-0.601929	0.0	-0.954844	-0.237073	-0.179078	0.0	2.82959	2.2429799999999998	1.32489	0.0	
0	-0.30659899999999995	0.574531	-0.758888	0.0	0.058036199999999996	0.807087	0.5875739999999999	0.0	0.950068	0.136107	-0.280796	0.0	-2.6221799999999997	2.1121	0.555986	0.027906	0.0327865	0.693591	-0.7196229999999999	0.0	0.229672	-0.70597	-0.669968	0.0	-0.972716	-0.143311	-0.182445	0.0	2.87834	2.34393	1.18984	0.186564	
0	-0.41229499999999997	0.468012	-0.781651	0.0	-0.0415016	0.847427	0.529287	0.0	0.9101049999999999	0.250662	-0.329967	0.0	-2.47113	2.35819	0.388421	0.349506	0.14721900000000002	0.629076	-0.7632760000000001	0.0	0.0951096	-0.777112	-0.622134	0.0	-0.9845209999999999	0.018994999999999998	-0.17423699999999998	0.0	2.81859	2.40637	1.01636	0.357244	
0	-0.39657600000000004	0.49317	-0.774281	0.0	-0.0282829	0.836477	0.547271	0.0	0.917566	0.238934	-0.317779	0.0	-2.43398	2.39514	0.400081	0.350694	0.141872	0.633516	-0.760612	0.0	0.108366	-0.773706	-0.624209	0.0	-0.983936	0.00613365	-0.178419	0.0	2.77311	2.42381	1.0710600000000001	0.356748	
0	-0.356985	0.5511	-0.7542220000000001	0.0	0.0242967	0.812628	0.582277	0.0	0.933794	0.189539	-0.30348600000000003	0.0	-2.46358	2.40734	0.42056499999999997	0.353738	0.10560499999999999	0.617454	-0.779486	0.0	0.164771	-0.783899	-0.598626	0.0	-0.980662	-0.0652192	-0.184522	0.0	2.74507	2.3818900000000003	1.13073	0.35599200000000003	
0	-0.26083	0.617753	-0.7418560000000001	0.0	0.109143	0.782399	0.613139	0.0	0.9591959999999999	0.0789559	-0.271496	0.0	-2.52034	2.32859	0.501595	0.355108	0.075554	0.651371	-0.754988	0.0	0.247004	-0.745781	-0.6187090000000001	0.0	-0.9660639999999999	-0.139739	-0.21723800000000001	0.0	2.79542	2.31505	1.14476	0.355798	
0	-0.225596	0.657115	-0.719241	0.0	0.159079	0.753211	0.638254	0.0	0.961145	0.029571100000000003	-0.274455	0.0	-2.53162	2.28218	0.545982	0.35558	0.06713480000000001	0.657918	-0.750091	0.0	0.283777	-0.733329	-0.617818	0.0	-0.9565370000000001	-0.171382	-0.235934	0.0	2.8433599999999997	2.28068	1.12253	0.355768	
0	-0.14881	0.695891	-0.702561	0.0	0.195994	0.717132	0.6688109999999999	0.0	0.969248	-0.0381716	-0.24310700000000002	0.0	-2.50813	2.1812099999999996	0.6035689999999999	0.355779	0.0465816	0.674704	-0.736617	0.0	0.325417	-0.707441	-0.627401	0.0	-0.9444229999999999	-0.21048200000000003	-0.25251399999999996	0.0	2.89953	2.22516	1.09887	0.35586799999999996	
0	-0.132735	0.7060609999999999	-0.6956	0.0	0.205229	0.706179	0.6776369999999999	0.0	0.969671	-0.0528114	-0.238639	0.0	-2.48927	2.1339	0.6124609999999999	0.356175	0.025932999999999998	0.6834100000000001	-0.729574	0.0	0.35373899999999997	-0.688873	-0.6327109999999999	0.0	-0.9349850000000001	-0.24166999999999997	-0.25961300000000004	0.0	2.93059	2.18412	1.09361	0.355927	
0	-0.12625999999999998	0.7069	-0.6959529999999999	0.0	0.187056	0.7059479999999999	0.683116	0.0	0.974201	-0.043932	-0.221363	0.0	-2.4432400000000003	2.1118099999999997	0.608739	0.356616	0.010771600000000001	0.6844060000000001	-0.729021	0.0	0.37042600000000003	-0.679924	-0.632841	0.0	-0.9288	-0.263231	-0.260846	0.0	2.9449400000000003	2.1634	1.10978	0.355885	
0	-0.11943599999999999	0.709993	-0.694006	0.0	0.186909	0.7025899999999999	0.686609	0.0	0.97509	-0.0477099	-0.216619	0.0	-2.40481	2.1063400000000003	0.617382	0.356197	0.00339973	0.686535	-0.727089	0.0	0.373328	-0.6753939999999999	-0.635979	0.0	-0.927693	-0.26928	-0.25859899999999997	0.0	2.94104	2.16125	1.1175899999999999	0.356093	
0	-0.107447	0.720076	-0.685525	0.0	0.204763	0.690762	0.693484	0.0	0.9728959999999999	-0.0658572	-0.22166599999999997	0.0	-2.39646	2.06173	0.614567	0.35581	-0.036456199999999994	0.699383	-0.713817	0.0	0.397961	-0.645051	-0.652332	0.0	-0.9166770000000001	-0.30785300000000004	-0.254811	0.0	2.9191700000000003	2.1217799999999998	1.15923	0.356267	
0	-0.105249	0.722474	-0.68334	0.0	0.21581599999999998	0.6873739999999999	0.693499	0.0	0.9707450000000001	-0.0744852	-0.228267	0.0	-2.41752	2.04935	0.635394	0.355189	-0.0436059	0.7021930000000001	-0.71065	0.0	0.40269	-0.63863	-0.655738	0.0	-0.9142969999999999	-0.314766	-0.254918	0.0	2.90596	2.1131599999999997	1.17785	0.356379	
0	-0.105154	0.7224189999999999	-0.683413	0.0	0.215383	0.6874560000000001	0.6935520000000001	0.0	0.970852	-0.0742655	-0.227886	0.0	-2.41837	2.04888	0.635616	0.35519	-0.0441244	0.702362	-0.710451	0.0	0.40294	-0.6382220000000001	-0.655982	0.0	-0.914162	-0.315213	-0.254849	0.0	2.90505	2.11171	1.1777	0.35635900000000004	
0	-0.105153	0.722422	-0.6834100000000001	0.0	0.21538400000000002	0.687453	0.693555	0.0	0.970852	-0.07426569999999999	-0.227886	0.0	-2.41826	2.04891	0.63557	0.355191	-0.0441347	0.7023689999999999	-0.710443	0.0	0.402947	-0.63821	-0.655989	0.0	-0.914159	-0.315223	-0.25485	0.0	2.90508	2.11177	1.1776799999999998	0.35635900000000004	
0	-0.105153	0.722422	-0.6834100000000001	0.0	0.215383	0.687453	0.693555	0.0	0.970852	-0.07426569999999999	-0.227886	0.0	-2.41826	2.04891	0.63557	0.355191	-0.0441346	0.7023689999999999	-0.710443	0.0	0.402947	-0.63821	-0.655989	0.0	-0.914159	-0.315223	-0.25485	0.0	2.90508	2.11178	1.1776799999999998	0.35635900000000004	
0	-0.105153	0.722422	-0.6834100000000001	0.0	0.215383	0.687453	0.693555	0.0	0.970852	-0.0742655	-0.227885	0.0	-2.41826	2.04891	0.6355689999999999	0.355191	-0.0441346	0.7023689999999999	-0.710443	0.0	0.402947	-0.63821	-0.655989	0.0	-0.914159	-0.315223	-0.25485	0.0	2.90508	2.11178	1.1776799999999998	0.35635900000000004	
0	-0.105153	0.722422	-0.6834100000000001	0.0	0.215383	0.687453	0.693555	0.0	0.970852	-0.0742656	-0.227885	0.0	-2.41826	2.04891	0.6355689999999999	0.355191	-0.0441344	0.7023689999999999	-0.710443	0.0	0.402947	-0.63821	-0.655989	0.0	-0.914159	-0.315223	-0.25485	0.0	2.90508	2.11178	1.1776799999999998	0.356358	
0	-0.105153	0.722422	-0.6834100000000001	0.0	0.215383	0.687453	0.693555	0.0	0.970852	-0.0742655	-0.227885	0.0	-2.41826	2.04891	0.63557	0.355191	-0.0441347	0.7023689999999999	-0.710443	0.0	0.402947	-0.63821	-0.655989	0.0	-0.914159	-0.315223	-0.254851	0.0	2.90508	2.11178	1.1776799999999998	0.35635900000000004	
0	-0.105153	0.722422	-0.6834100000000001	0.0	0.215383	0.687453	0.693555	0.0	0.970852	-0.0742655	-0.227885	0.0	-2.41826	2.04891	0.63557	0.355191	-0.0441346	0.7023689999999999	-0.710443	0.0	0.402947	-0.63821	-0.655989	0.0	-0.914159	-0.315223	-0.25485	0.0	2.90508	2.11178	1.1776799999999998	0.35635900000000004	
0	-0.105153	0.722422	-0.6834100000000001	0.0	0.215383	0.687453	0.693555	0.0	0.970852	-0.0742656	-0.227886	0.0	-2.41826	2.04891	0.63557	0.355191	-0.0441344	0.7023689999999999	-0.710443	0.0	0.402947	-0.63821	-0.655989	0.0	-0.914159	-0.315223	-0.25485	0.0	2.90508	2.11177	1.1776799999999998	0.35635900000000004	
0	-0.105153	0.722422	-0.6834100000000001	0.0	0.215383	0.687453	0.693555	0.0	0.970852	-0.0742656	-0.227886	0.0	-2.41826	2.04891	0.63557	0.355191	-0.0441344	0.7023689999999999	-0.710443	0.0	0.402947	-0.63821	-0.655989	0.0	-0.914159	-0.315223	-0.25485	0.0	2.90508	2.11178	1.1776799999999998	0.35635900000000004	
0	-0.105153	0.722422	-0.6834100000000001	0.0	0.215383	0.687453	0.693555	0.0	0.970852	-0.0742656	-0.227885	0.0	-2.41826	2.04891	0.63557	0.355191	-0.0441344	0.7023689999999999	-0.710443	0.0	0.402947	-0.63821	-0.655989	0.0	-0.914159	-0.315223	-0.25485	0.0	2.90508	2.11177	1.1776799999999998	0.35635900000000004	
0	-0.105153	0.722422	-0.6834100000000001	0.0	0.215383	0.687453	0.693555	0.0	0.970852	-0.0742655	-0.227885	0.0	-2.41826	2.04891	0.63557	0.355191	-0.0441346	0.7023689999999999	-0.710443	0.0	0.402947	-0.63821	-0.655989	0.0	-0.914159	-0.315223	-0.254851	0.0	2.90508	2.11178	1.1776799999999998	0.35635900000000004	
0	-0.105153	0.722422	-0.6834100000000001	0.0	0.215383	0.687453	0.693555	0.0	0.970852	-0.0742655	-0.227885	0.0	-2.41826	2.04891	0.63557	0.355191	-0.0441347	0.7023689999999999	-0.710443	0.0	0.402947	-0.63821	-0.655989	0.0	-0.914159	-0.315223	-0.254851	0.0	2.90508	2.11177	1.1776799999999998	0.35635900000000004	
0	-0.105153	0.722422	-0.6834100000000001	0.0	0.215383	0.687453	0.693555	0.0	0.970852	-0.0742655	-0.227885	0.0	-2.41826	2.04891	0.6355689999999999	0.355191	-0.0441347	0.7023689999999999	-0.710443	0.0	0.402947	-0.63821	-0.655989	0.0	-0.914159	-0.315223	-0.25485	0.0	2.90508	2.11178	1.1776799999999998	0.35635900000000004	
0	-0.105153	0.722422	-0.6834100000000001	0.0	0.215383	0.687453	0.693555	0.0	0.970852	-0.0742655	-0.227885	0.0	-2.41826	2.04891	0.63557	0.355191	-0.0441344	0.7023689999999999	-0.710443	0.0	0.402947	-0.63821	-0.655989	0.0	-0.914159	-0.315223	-0.25485	0.0	2.90508	2.11177	1.1776799999999998	0.35635900000000004	
0	-0.105154	0.722422	-0.6834100000000001	0.0	0.215383	0.687453	0.693555	0.0	0.970852	-0.0742655	-0.227886	0.0	-2.41826	2.04891	0.63557	0.355191	-0.0441344	0.7023689999999999	-0.710443	0.0	0.402947	-0.63821	-0.655989	0.0	-0.914159	-0.315223	-0.25485	0.0	2.90508	2.11177	1.1776799999999998	0.35635900000000004	
0	-0.105154	0.722422	-0.6834100000000001	0.0	0.215383	0.687453	0.693555	0.0	0.970852	-0.0742655	-0.227886	0.0	-2.41826	2.04891	0.63557	0.355191	-0.0441347	0.7023689999999999	-0.710443	0.0	0.402947	-0.63821	-0.655989	0.0	-0.914159	-0.315223	-0.254851	0.0	2.90508	2.11178	1.1776799999999998	0.35635900000000004	
0	-0.105154	0.722422	-0.6834100000000001	0.0	0.215383	0.687453	0.693555	0.0	0.970852	-0.0742655	-0.227886	0.0	-2.41826	2.04891	0.63557	0.355191	-0.0441346	0.7023689999999999	-0.710443	0.0	0.402947	-0.63821	-0.655989	0.0	-0.914159	-0.315223	-0.254851	0.0	2.90508	2.11178	1.1776799999999998	0.35635900000000004	
0	-0.105154	0.722422	-0.6834100000000001	0.0	0.215383	0.687453	0.693555	0.0	0.970852	-0.0742655	-0.227886	0.0	-2.41826	2.04891	0.63557	0.355191	-0.0441344	0.7023689999999999	-0.710443	0.0	0.402947	-0.63821	-0.655989	0.0	-0.914159	-0.315223	-0.25485	0.0	2.90508	2.11178	1.1776799999999998	0.35635900000000004	
0	-0.105154	0.722422	-0.6834100000000001	0.0	0.215383	0.687453	0.693555	0.0	0.970852	-0.0742655	-0.227886	0.0	-2.41826	2.04891	0.63557	0.355191	-0.0441347	0.7023689999999999	-0.710443	0.0	0.402947	-0.63821	-0.655989	0.0	-0.914159	-0.315223	-0.254851	0.0	2.90508	2.11177	1.1776799999999998	0.35635900000000004	
0	-0.105154	0.722422	-0.6834100000000001	0.0	0.215383	0.687453	0.693555	0.0	0.970852	-0.0742655	-0.227886	0.0	-2.41826	2.04891	0.63557	0.355191	-0.0441347	0.7023689999999999	-0.710443	0.0	0.402947	-0.63821	-0.655989	0.0	-0.914159	-0.315223	-0.254851	0.0	2.90508	2.11178	1.1776799999999998	0.35635900000000004	
0	-0.105153	0.722422	-0.6834100000000001	0.0	0.215383	0.687453	0.693555	0.0	0.970852	-0.0742656	-0.227886	0.0	-2.41826	2.04891	0.63557	0.355191	-0.0441347	0.7023689999999999	-0.710443	0.0	0.402947	-0.63821	-0.655989	0.0	-0.914159	-0.315223	-0.254851	0.0	2.90508	2.11178	1.1776799999999998	0.35635900000000004	
0	-0.105154	0.722422	-0.6834100000000001	0.0	0.215383	0.687453	0.693555	0.0	0.970852	-0.0742655	-0.227886	0.0	-2.41826	2.04891	0.63557	0.355191	-0.0441347	0.7023689999999999	-0.710443	0.0	0.402947	-0.63821	-0.655989	0.0	-0.914159	-0.315223	-0.254851	0.0	2.90508	2.11178	1.1776799999999998	0.35635900000000004	
0	-0.105154	0.722422	-0.6834100000000001	0.0	0.215383	0.687453	0.693555	0.0	0.970852	-0.0742655	-0.227886	0.0	-2.41826	2.04891	0.63557	0.355191	-0.0441347	0.7023689999999999	-0.710443	0.0	0.402947	-0.63821	-0.655989	0.0	-0.914159	-0.315223	-0.25485	0.0	2.90508	2.11177	1.1776799999999998	0.35635900000000004	
0	-0.105154	0.722422	-0.6834100000000001	0.0	0.215383	0.687453	0.693555	0.0	0.970852	-0.0742655	-0.227886	0.0	-2.41826	2.04891	0.63557	0.355191	-0.0441344	0.7023689999999999	-0.710443	0.0	0.402947	-0.63821	-0.655989	0.0	-0.914159	-0.315223	-0.25485	0.0	2.90508	2.11178	1.1776799999999998	0.35635900000000004	
0	-0.105153	0.722422	-0.6834100000000001	0.0	0.215383	0.687453	0.693555	0.0	0.970852	-0.0742655	-0.227885	0.0	-2.41826	2.04891	0.6355689999999999	0.355191	-0.0441344	0.7023689999999999	-0.710443	0.0	0.402947	-0.63821	-0.655989	0.0	-0.914159	-0.315223	-0.25485	0.0	2.90508	2.11178	1.1776799999999998	0.35635900000000004	
0	-0.105153	0.722422	-0.6834100000000001	0.0	0.215383	0.687453	0.693555	0.0	0.970852	-0.0742656	-0.227885	0.0	-2.41826	2.04891	0.63557	0.355191	-0.0441344	0.7023689999999999	-0.710443	0.0	0.402947	-0.63821	-0.655989	0.0	-0.914159	-0.315223	-0.25485	0.0	2.90508	2.11177	1.1776799999999998	0.35635900000000004	
0	-0.105153	0.722422	-0.6834100000000001	0.0	0.215383	0.687453	0.693555	0.0	0.970852	-0.0742655	-0.227885	0.0	-2.41826	2.04891	0.63557	0.355191	-0.0441347	0.7023689999999999	-0.710443	0.0	0.402947	-0.63821	-0.655989	0.0	-0.914159	-0.315223	-0.254851	0.0	2.90508	2.11177	1.1776799999999998	0.35635900000000004	
0	-0.105153	0.722422	-0.6834100000000001	0.0	0.215383	0.687453	0.693555	0.0	0.970852	-0.0742656	-0.227885	0.0	-2.41826	2.04891	0.63557	0.355191	-0.0441344	0.7023689999999999	-0.710443	0.0	0.402947	-0.63821	-0.655989	0.0	-0.914159	-0.315223	-0.25485	0.0	2.90508	2.11177	1.1776799999999998	0.35635900000000004	
0	-0.105153	0.722422	-0.6834100000000001	0.0	0.215383	0.687453	0.693555	0.0	0.970852	-0.0742656	-0.227885	0.0	-2.41826	2.04891	0.63557	0.355191	-0.0441344	0.7023689999999999	-0.710443	0.0	0.402947	-0.63821	-0.655989	0.0	-0.914159	-0.315223	-0.25485	0.0	2.90508	2.11178	1.1776799999999998	0.35635900000000004	
0	0.805838	0.578204	-0.12769	0.0	0.23083499999999998	-0.108171	0.9669610000000001	0.0	0.545289	-0.8086899999999999	-0.220638	0.0	-2.38806	1.9462099999999998	0.642658	0.350681	-0.333325	0.747937	-0.5740069999999999	0.0	0.555026	-0.336481	-0.760741	0.0	-0.762129	-0.572163	-0.302967	0.0	2.85888	2.11194	1.2132100000000001	0.359191	
0	0.8922049999999999	0.451456	-0.0125436	0.0	0.116198	-0.202624	0.9723379999999999	0.0	0.43642600000000004	-0.868983	-0.23324099999999998	0.0	-2.27947	1.9487599999999998	0.5640539999999999	0.3524	-0.32193499999999997	0.7493609999999999	-0.578634	0.0	0.5527350000000001	-0.347439	-0.757476	0.0	-0.768663	-0.563689	-0.302345	0.0	2.8594	2.1204400000000003	1.21424	0.359209	
0	0.935486	0.349227	0.0539076	0.0	0.00156121	-0.156639	0.987655	0.0	0.35336	-0.923853	-0.147079	0.0	-2.17334	1.69475	0.58463	0.352419	-0.32808699999999996	0.7501760000000001	-0.574103	0.0	0.5519930000000001	-0.340944	-0.7609600000000001	0.0	-0.766591	-0.566563	-0.302233	0.0	2.85386	2.1127700000000003	1.20892	0.359259	
0	0.9470709999999999	0.299111	0.11657000000000001	0.0	-0.101859	-0.064367	0.992714	0.0	0.304435	-0.952045	-0.0304931	0.0	-2.1188700000000003	1.24745	0.545279	0.351339	-0.329446	0.750764	-0.572554	0.0	0.549035	-0.341012	-0.763067	0.0	-0.768131	-0.565742	-0.29985100000000003	0.0	2.84612	2.1097599999999996	1.21154	0.359265	
0	0.9559190000000001	0.201963	0.213144	0.0	-0.20006400000000002	-0.08334630000000001	0.976231	0.0	0.214927	-0.9758399999999999	-0.039266699999999995	0.0	-1.9333799999999999	0.806671	0.277275	0.35004	-0.33158699999999997	0.750862	-0.571188	0.0	0.547308	-0.340047	-0.764737	0.0	-0.768443	-0.5661930000000001	-0.298197	0.0	2.82269	2.10748	1.21593	0.35924	
0	0.9523219999999999	0.15651500000000002	0.261888	0.0	-0.251239	-0.0846912	0.9642129999999999	0.0	0.173093	-0.984038	-0.0413307	0.0	-1.7426	0.397954	-0.123546	0.348092	-0.336378	0.748765	-0.57114	0.0	0.5492739999999999	-0.33664	-0.764835	0.0	-0.76495	-0.570986	-0.298039	0.0	2.81323	2.1059099999999997	1.2239	0.35922	
0	0.949609	0.10144	0.296567	0.0	-0.289138	-0.08176510000000001	0.9537889999999999	0.0	0.121001	-0.991476	-0.048314800000000005	0.0	-1.6109799999999999	0.00964288	-0.49876400000000004	0.348091	-0.341251	0.747521	-0.5698770000000001	0.0	0.55257	-0.330916	-0.764958	0.0	-0.760404	-0.57594	-0.300132	0.0	2.82416	2.1110700000000002	1.2296200000000002	0.35934299999999997	
0	0.9446700000000001	0.08336360000000001	0.317253	0.0	-0.312195	-0.0683157	0.947559	0.0	0.100665	-0.994175	-0.0385101	0.0	-1.52562	-0.340087	-0.748969	0.346154	-0.342631	0.7470680000000001	-0.569643	0.0	0.5534100000000001	-0.32948099999999997	-0.764971	0.0	-0.7591720000000001	-0.577348	-0.300545	0.0	2.83852	2.11634	1.23155	0.359188	
0	0.9462520000000001	0.0702317	0.315712	0.0	-0.31695999999999996	0.00710776	0.948412	0.0	0.0643646	-0.997505	0.028986400000000002	0.0	-1.46884	-0.75537	-0.904332	0.34991300000000003	-0.342481	0.748102	-0.568376	0.0	0.554078	-0.32773800000000003	-0.7652359999999999	0.0	-0.7587520000000001	-0.5770029999999999	-0.302263	0.0	2.84675	2.12244	1.2297200000000001	0.359166	
0	0.9562639999999999	0.058743	0.286545	0.0	-0.290225	0.06848839999999999	0.9545049999999999	0.0	0.0364454	-0.995921	0.0825417	0.0	-1.46308	-1.08616	-0.9727459999999999	0.35179699999999997	-0.344198	0.748646	-0.56662	0.0	0.553078	-0.32600100000000004	-0.7667	0.0	-0.758705	-0.577281	-0.30185100000000004	0.0	2.8502099999999997	2.1141	1.22547	0.359304	
0	0.968139	0.0378782	0.247531	0.0	-0.250233	0.10885	0.962047	0.0	0.009496899999999999	-0.9933360000000001	0.11485999999999999	0.0	-1.4721	-1.2031100000000001	-0.980988	0.35131100000000004	-0.34476	0.748296	-0.5667409999999999	0.0	0.554611	-0.324726	-0.766133	0.0	-0.757329	-0.5784520000000001	-0.30306	0.0	2.85129	2.11322	1.22425	0.359177	
0	0.991865	-0.029115	0.12391700000000001	0.0	-0.116815	0.178564	0.9769700000000001	0.0	-0.0505717	-0.983498	0.17371	0.0	-1.68345	-1.41422	-1.04055	0.350412	-0.346204	0.74767	-0.566685	0.0	0.55587	-0.323112	-0.765903	0.0	-0.755746	-0.580162	-0.303745	0.0	2.86405	2.10953	1.2222600000000001	0.359188	
0	0.999541	-0.0123103	-0.0276703	0.0	0.0297592	0.22970500000000002	0.9728049999999999	0.0	-0.00561949	-0.973182	0.22996599999999998	0.0	-1.87601	-1.53847	-1.0603799999999999	0.351356	-0.347506	0.746116	-0.567936	0.0	0.556624	-0.323279	-0.765285	0.0	-0.7545930000000001	-0.582067	-0.302964	0.0	2.86922	2.1162099999999997	1.22169	0.359275	
0	0.986604	-0.03578169999999999	-0.159163	0.0	0.16308399999999998	0.240893	0.956752	0.0	0.00410704	-0.969892	0.24350100000000002	0.0	-2.02661	-1.67187	-1.13788	0.352919	-0.348186	0.744645	-0.569448	0.0	0.558484	-0.32311	-0.764	0.0	-0.752903	-0.584041	-0.303369	0.0	2.88769	2.13044	1.2263	0.35899000000000003	
0	0.9629190000000001	-0.077521	-0.258412	0.0	0.269676	0.248825	0.930248	0.0	-0.00781435	-0.965441	0.260504	0.0	-2.1787400000000003	-1.75846	-1.17677	0.35030900000000004	-0.349121	0.743985	-0.569738	0.0	0.559716	-0.322063	-0.76354	0.0	-0.7515539999999999	-0.5854590000000001	-0.30398200000000003	0.0	2.89623	2.12883	1.22498	0.359063	
0	0.9325040000000001	-0.142703	-0.33177199999999996	0.0	0.358131	0.24663200000000002	0.900508	0.0	-0.0466794	-0.9585450000000001	0.281092	0.0	-2.31915	-1.83526	-1.21936	0.35012600000000005	-0.349258	0.743422	-0.570389	0.0	0.559319	-0.322983	-0.763442	0.0	-0.751786	-0.585667	-0.303005	0.0	2.90355	2.12724	1.21976	0.359058	
0	0.917193	-0.11894400000000001	-0.380275	0.0	0.398339	0.251921	0.881965	0.0	-0.00910521	-0.96041	0.27844	0.0	-2.42795	-1.95313	-1.20014	0.3524	-0.349373	0.74244	-0.571595	0.0	0.559409	-0.324104	-0.762901	0.0	-0.7516649999999999	-0.5862930000000001	-0.30209400000000003	0.0	2.90351	2.13389	1.2214	0.358985	
0	0.912935	-0.11449300000000001	-0.391716	0.0	0.408083	0.266385	0.873217	0.0	0.00437005	-0.957043	0.28991500000000003	0.0	-2.4563599999999997	-2.03353	-1.25072	0.35654	-0.352358	0.743857	-0.56791	0.0	0.558232	-0.319999	-0.7654920000000001	0.0	-0.751146	-0.586752	-0.302491	0.0	2.90367	2.15375	1.22879	0.358871	
0	0.906121	-0.09131460000000001	-0.41304399999999997	0.0	0.422125	0.25857199999999997	0.8688790000000001	0.0	0.027460200000000004	-0.961667	0.272843	0.0	-2.2829200000000003	-2.13935	-1.20292	0.35649699999999995	-0.352704	0.744776	-0.566487	0.0	0.55742	-0.319025	-0.7664890000000001	0.0	-0.751587	-0.5861149999999999	-0.302632	0.0	2.9232299999999998	2.1821	1.2406	0.358863	
0	0.9179510000000001	-0.102047	-0.383344	0.0	0.396613	0.25561	0.8816809999999999	0.0	0.00801384	-0.9613790000000001	0.275111	0.0	-2.22667	-2.27765	-1.2159799999999998	0.35743600000000003	-0.35187199999999996	0.746317	-0.564975	0.0	0.555774	-0.319094	-0.767655	0.0	-0.753195	-0.5841149999999999	-0.302504	0.0	2.925	2.19528	1.24158	0.358941	
0	0.927162	-0.0886403	-0.36402399999999996	0.0	0.37442800000000004	0.25340999999999997	0.891957	0.0	0.013183799999999999	-0.963289	0.26814099999999996	0.0	-2.1720099999999998	-2.3679	-1.25167	0.355815	-0.35330700000000004	0.745456	-0.5652159999999999	0.0	0.5563229999999999	-0.318321	-0.767578	0.0	-0.752116	-0.585633	-0.302249	0.0	2.92583	2.19862	1.24464	0.358954	
0	0.932074	-0.0766081	-0.354075	0.0	0.36166	0.253345	0.897228	0.0	0.020968	-0.9643379999999999	0.263842	0.0	-2.0495099999999997	-2.41437	-1.21712	0.35069	-0.353034	0.746674	-0.563778	0.0	0.556171	-0.31707199999999996	-0.768205	0.0	-0.7523569999999999	-0.584759	-0.303342	0.0	2.92876	2.20151	1.2475	0.358991	
0	0.9372010000000001	-0.07143719999999999	-0.341396	0.0	0.34818899999999997	0.24906399999999998	0.903732	0.0	0.0204693	-0.965849	0.258296	0.0	-1.9999	-2.4372700000000003	-1.22656	0.350162	-0.353481	0.747376	-0.562566	0.0	0.5551050000000001	-0.31646799999999997	-0.769225	0.0	-0.752934	-0.5841890000000001	-0.303007	0.0	2.93175	2.20483	1.25026	0.358927	
0	0.9395610000000001	-0.0650033	-0.33615500000000004	0.0	0.34165100000000004	0.24214000000000002	0.908099	0.0	0.0223672	-0.9680610000000001	0.249714	0.0	-1.93651	-2.4544099999999998	-1.23728	0.348441	-0.353722	0.7468090000000001	-0.563167	0.0	0.555248	-0.31687600000000005	-0.768953	0.0	-0.7527149999999999	-0.584693	-0.302579	0.0	2.93201	2.20633	1.25033	0.35899000000000003	
0	0.941574	-0.0618888	-0.331072	0.0	0.336098	0.236402	0.911676	0.0	0.0218437	-0.9696819999999999	0.243391	0.0	-1.9204599999999998	-2.45585	-1.2425	0.33718200000000004	-0.353672	0.7469180000000001	-0.563053	0.0	0.556003	-0.316193	-0.7686890000000001	0.0	-0.752181	-0.584923	-0.30346100000000004	0.0	2.93195	2.2067200000000002	1.25019	0.35899000000000003	
0	0.945873	-0.0562255	-0.31963	0.0	0.32376	0.23161900000000002	0.917351	0.0	0.022454	-0.971181	0.23728600000000002	0.0	-1.9129200000000002	-2.4546900000000003	-1.2612700000000001	0.313302	-0.354376	0.747263	-0.562153	0.0	0.555547	-0.315327	-0.769374	0.0	-0.7521869999999999	-0.58495	-0.30339499999999997	0.0	2.93305	2.20268	1.2501	0.359094	
0	0.951716	-0.0550413	-0.302005	0.0	0.30651999999999996	0.22422199999999998	0.9250790000000001	0.0	0.0167986	-0.972983	0.230267	0.0	-1.9006299999999998	-2.45532	-1.28103	0.3279	-0.354496	0.74749	-0.561776	0.0	0.555269	-0.315107	-0.7696649999999999	0.0	-0.752336	-0.58478	-0.303354	0.0	2.93138	2.2008799999999997	1.2486899999999999	0.359117	
0	0.9573139999999999	-0.0541028	-0.283942	0.0	0.288813	0.218912	0.9320219999999999	0.0	0.0117334	-0.9742430000000001	0.22519299999999998	0.0	-1.89062	-2.4554	-1.28252	0.350844	-0.35486799999999996	0.7476619999999999	-0.561311	0.0	0.555185	-0.314539	-0.769958	0.0	-0.7522220000000001	-0.584865	-0.303471	0.0	2.9317599999999997	2.19697	1.2531700000000001	0.359202	
0	0.957457	-0.0546751	-0.283348	0.0	0.288378	0.21757800000000002	0.9324690000000001	0.0	0.0106675	-0.97451	0.22408899999999998	0.0	-1.8942400000000001	-2.4544799999999998	-1.2848899999999999	0.35152	-0.354865	0.747963	-0.560913	0.0	0.555318	-0.314027	-0.770071	0.0	-0.7521260000000001	-0.584756	-0.303921	0.0	2.93067	2.19692	1.2531299999999999	0.359087	
0	0.958399	-0.0493577	-0.28113299999999997	0.0	0.285067	0.215402	0.933991	0.0	0.014457	-0.9752770000000001	0.220511	0.0	-1.9066900000000002	-2.45017	-1.2861	0.351505	-0.35476399999999997	0.7475350000000001	-0.561546	0.0	0.5552010000000001	-0.314812	-0.769835	0.0	-0.75226	-0.5848800000000001	-0.303348	0.0	2.9325200000000002	2.1952700000000003	1.24852	0.359188	
0	0.9590700000000001	-0.0472211	-0.279206	0.0	0.28274	0.214048	0.935009	0.0	0.015611400000000001	-0.9756809999999999	0.218639	0.0	-1.91203	-2.44735	-1.2830000000000001	0.351804	-0.354056	0.748388	-0.560856	0.0	0.5550510000000001	-0.314512	-0.770066	0.0	-0.752704	-0.58395	-0.304039	0.0	2.93547	2.20013	1.25045	0.359141	
0	0.9590219999999999	-0.047390100000000004	-0.279339	0.0	0.282905	0.214135	0.934939	0.0	0.0155092	-0.9756540000000001	0.21876700000000002	0.0	-1.9115400000000002	-2.4476400000000003	-1.2831299999999999	0.35181100000000004	-0.354117	0.7483069999999999	-0.560926	0.0	0.555083	-0.31453400000000004	-0.770034	0.0	-0.7526520000000001	-0.5840420000000001	-0.303991	0.0	2.93526	2.19972	1.2503799999999998	0.359124	
0	0.959023	-0.0473894	-0.27933800000000003	0.0	0.282905	0.21413400000000002	0.934939	0.0	0.015509700000000001	-0.9756540000000001	0.218766	0.0	-1.9115400000000002	-2.4476400000000003	-1.2831299999999999	0.35181	-0.354117	0.7483069999999999	-0.5609270000000001	0.0	0.555083	-0.31453400000000004	-0.770033	0.0	-0.7526510000000001	-0.584043	-0.303991	0.0	2.93526	2.19971	1.25037	0.359124	
0	0.959023	-0.0473894	-0.27933800000000003	0.0	0.282905	0.21413400000000002	0.934939	0.0	0.015509700000000001	-0.9756540000000001	0.218766	0.0	-1.9115400000000002	-2.4476400000000003	-1.2831299999999999	0.35181	-0.354117	0.7483069999999999	-0.5609270000000001	0.0	0.555083	-0.31453400000000004	-0.770033	0.0	-0.7526510000000001	-0.584043	-0.303991	0.0	2.93526	2.19971	1.25037	0.359124	
0	0.959023	-0.0473893	-0.27933800000000003	0.0	0.282905	0.21413400000000002	0.934939	0.0	0.015509700000000001	-0.9756540000000001	0.218766	0.0	-1.9115400000000002	-2.4476400000000003	-1.2831299999999999	0.35181	-0.354117	0.7483069999999999	-0.5609270000000001	0.0	0.555083	-0.31453400000000004	-0.770033	0.0	-0.7526510000000001	-0.584043	-0.303991	0.0	2.93526	2.19971	1.25037	0.359125	
0	0.959023	-0.0473894	-0.27933800000000003	0.0	0.282905	0.21413400000000002	0.934939	0.0	0.015509799999999999	-0.9756540000000001	0.218766	0.0	-1.9115400000000002	-2.4476400000000003	-1.2831299999999999	0.35181	-0.354117	0.7483069999999999	-0.5609270000000001	0.0	0.555083	-0.31453400000000004	-0.770033	0.0	-0.7526510000000001	-0.584043	-0.303991	0.0	2.93526	2.19971	1.25037	0.359124	
0	0.959023	-0.0473894	-0.27933800000000003	0.0	0.282905	0.21413400000000002	0.934939	0.0	0.015509700000000001	-0.9756540000000001	0.218766	0.0	-1.9115400000000002	-2.4476400000000003	-1.2831299999999999	0.35181	-0.354117	0.7483069999999999	-0.5609270000000001	0.0	0.555083	-0.31453400000000004	-0.770033	0.0	-0.7526510000000001	-0.584043	-0.303991	0.0	2.93526	2.19971	1.25037	0.359124	
0	0.959023	-0.0473894	-0.27933800000000003	0.0	0.282905	0.21413400000000002	0.934939	0.0	0.015509799999999999	-0.9756540000000001	0.218766	0.0	-1.9115400000000002	-2.4476400000000003	-1.2831299999999999	0.35181100000000004	-0.354117	0.7483069999999999	-0.5609270000000001	0.0	0.555083	-0.31453400000000004	-0.770033	0.0	-0.7526510000000001	-0.584043	-0.303991	0.0	2.93526	2.19971	1.25037	0.359124	
0	0.959023	-0.0473894	-0.27933800000000003	0.0	0.282905	0.21413400000000002	0.934939	0.0	0.015509700000000001	-0.9756540000000001	0.218766	0.0	-1.9115400000000002	-2.4476400000000003	-1.2831299999999999	0.35181	-0.354117	0.7483069999999999	-0.5609270000000001	0.0	0.555083	-0.31453400000000004	-0.770033	0.0	-0.7526510000000001	-0.584043	-0.303991	0.0	2.93526	2.19972	1.25037	0.359124	
0	0.959023	-0.0473894	-0.27933800000000003	0.0	0.282905	0.21413400000000002	0.934939	0.0	0.015509799999999999	-0.9756540000000001	0.218766	0.0	-1.9115400000000002	-2.4476400000000003	-1.2831299999999999	0.35181	-0.354117	0.7483069999999999	-0.5609270000000001	0.0	0.555083	-0.31453400000000004	-0.770033	0.0	-0.7526510000000001	-0.584043	-0.303991	0.0	2.93526	2.19971	1.25037	0.359124	
0	0.959023	-0.0473894	-0.27933800000000003	0.0	0.282905	0.21413400000000002	0.934939	0.0	0.015509799999999999	-0.9756540000000001	0.218766	0.0	-1.9115400000000002	-2.4476400000000003	-1.2831299999999999	0.35181	-0.354117	0.7483069999999999	-0.5609270000000001	0.0	0.555083	-0.31453400000000004	-0.770033	0.0	-0.7526510000000001	-0.584043	-0.303991	0.0	2.93526	2.19971	1.25037	0.359124	
0	0.952744	0.13641199999999998	-0.271423	0.0	0.27770100000000003	-0.0289459	0.960232	0.0	0.12312999999999999	-0.9902290000000001	-0.0654597	0.0	-1.9163	-2.4929099999999997	-1.32865	0.35221199999999997	-0.35199400000000003	0.74864	-0.561817	0.0	0.548473	-0.321413	-0.771927	0.0	-0.758471	-0.579855	-0.29747399999999996	0.0	2.88777	2.20575	1.2906799999999998	0.35925	
0	0.938147	0.167725	-0.3029	0.0	0.320098	-0.0866929	0.9434100000000001	0.0	0.131974	-0.982015	-0.135019	0.0	-1.92957	-2.61366	-1.32667	0.35244200000000003	-0.35277600000000003	0.748429	-0.561608	0.0	0.551908	-0.318244	-0.770791	0.0	-0.7556109999999999	-0.5818720000000001	-0.300794	0.0	2.89514	2.2044	1.28349	0.359157	
0	0.900382	0.051285500000000005	-0.43206700000000003	0.0	0.434616	-0.059179999999999996	0.898669	0.0	0.020519	-0.9969290000000001	-0.0755741	0.0	-2.04121	-2.9446	-1.33142	0.351472	-0.3534	0.748167	-0.5615640000000001	0.0	0.551998	-0.317873	-0.770879	0.0	-0.755252	-0.582411	-0.300651	0.0	2.89988	2.20586	1.28044	0.359256	
0	0.861196	0.00778508	-0.508214	0.0	0.508158	-0.0345031	0.8605729999999999	0.0	-0.010835299999999999	-0.999374	-0.03367	0.0	-2.2122	-3.24556	-1.40421	0.349625	-0.353918	0.747587	-0.56201	0.0	0.552316	-0.317875	-0.770651	0.0	-0.754778	-0.583154	-0.30040300000000003	0.0	2.90817	2.20273	1.28386	0.35935500000000004	
0	0.8553	0.000472337	-0.518133	0.0	0.517957	-0.026833600000000003	0.854986	0.0	-0.013499500000000001	-0.99964	-0.0231954	0.0	-2.2616099999999997	-3.3958	-1.45769	0.349909	-0.353771	0.747645	-0.562026	0.0	0.552296	-0.317967	-0.7706270000000001	0.0	-0.754862	-0.58303	-0.30043400000000003	0.0	2.9114299999999997	2.20319	1.2841200000000002	0.359246	
0	0.834375	-0.0290171	-0.5504319999999999	0.0	0.550285	-0.0135394	0.834867	0.0	-0.0316779	-0.9994870000000001	0.00467075	0.0	-2.30947	-3.64385	-1.57989	0.35181799999999996	-0.355	0.748414	-0.5602239999999999	0.0	0.552191	-0.315685	-0.77164	0.0	-0.75436	-0.583283	-0.3012	0.0	2.92024	2.2061	1.2829899999999999	0.359248	
0	0.840382	-0.018182499999999997	-0.54169	0.0	0.541326	-0.0214823	0.8405379999999999	0.0	-0.0269197	-0.999604	-0.00821072	0.0	-2.31501	-3.64451	-1.57836	0.355985	-0.355346	0.7481270000000001	-0.560388	0.0	0.551983	-0.315874	-0.771712	0.0	-0.75435	-0.583549	-0.300709	0.0	2.92204	2.20624	1.28344	0.35935700000000004	
0	0.8381379999999999	-0.0230365	-0.544971	0.0	0.5437390000000001	-0.0439653	0.838102	0.0	-0.0432667	-0.998767	-0.0243232	0.0	-2.3098799999999997	-3.6425	-1.57794	0.36421	-0.354729	0.749498	-0.558945	0.0	0.5504439999999999	-0.315826	-0.77283	0.0	-0.755764	-0.581813	-0.30052399999999996	0.0	2.92542	2.20808	1.28085	0.35932600000000003	
0	0.8354889999999999	-0.022857299999999997	-0.549031	0.0	0.5473319999999999	-0.0542028	0.835159	0.0	-0.0488485	-0.998268	-0.03277530000000001	0.0	-2.31198	-3.64236	-1.57853	0.37077899999999997	-0.355247	0.7498779999999999	-0.558106	0.0	0.550199	-0.314936	-0.773367	0.0	-0.755699	-0.581806	-0.300702	0.0	2.9249400000000003	2.21054	1.27979	0.359247	
0	0.8241709999999999	-0.0479425	-0.564308	0.0	0.5610569999999999	-0.06667089999999999	0.8250879999999999	0.0	-0.0771796	-0.9966229999999999	-0.0280498	0.0	-2.30579	-3.6439999999999997	-1.5975700000000002	0.381723	-0.356398	0.750315	-0.5567840000000001	0.0	0.549798	-0.313409	-0.7742720000000001	0.0	-0.7554489999999999	-0.582067	-0.300823	0.0	2.92575	2.21112	1.28203	0.35931399999999997	
0	0.823592	-0.049375	-0.565029	0.0	0.562177	-0.060996	0.824765	0.0	-0.0751873	-0.996916	-0.0224783	0.0	-2.30915	-3.64644	-1.6036	0.38314699999999996	-0.35635900000000004	0.750271	-0.556869	0.0	0.55003	-0.313334	-0.774138	0.0	-0.7552979999999999	-0.5821649999999999	-0.301012	0.0	2.92605	2.20967	1.2811	0.359292	
0	0.8271700000000001	-0.0252349	-0.561385	0.0	0.5597340000000001	-0.0516564	0.827061	0.0	-0.0498699	-0.998346	-0.028603800000000002	0.0	-2.34433	-3.65905	-1.62125	0.396019	-0.355876	0.750546	-0.556806	0.0	0.550322	-0.313242	-0.773967	0.0	-0.755313	-0.581859	-0.30156700000000003	0.0	2.9297299999999997	2.20966	1.28193	0.359219	
0	0.8241649999999999	-0.040745800000000006	-0.564882	0.0	0.563527	-0.040463599999999995	0.8251059999999999	0.0	-0.0564768	-0.99835	-0.0103874	0.0	-2.34709	-3.65838	-1.6456400000000002	0.386536	-0.356775	0.75056	-0.556213	0.0	0.549614	-0.312807	-0.774647	0.0	-0.755405	-0.582076	-0.30091599999999996	0.0	2.93138	2.2104	1.28608	0.359196	
0	0.8319469999999999	-0.0412963	-0.553316	0.0	0.553936	0.00443418	0.832548	0.0	-0.0319276	-0.999137	0.026564499999999998	0.0	-2.4783	-3.5962400000000003	-1.8476599999999999	0.127217	-0.357163	0.751165	-0.555145	0.0	0.550523	-0.310843	-0.774791	0.0	-0.754559	-0.5823470000000001	-0.302512	0.0	2.93083	2.20667	1.28147	0.359103	
0	0.8158770000000001	-0.053079999999999995	-0.575784	0.0	0.576824	0.0054433	0.81685	0.0	-0.040224300000000004	-0.998575	0.0350589	0.0	-2.4697299999999998	-3.5960199999999998	-1.8530799999999998	0.12701800000000002	-0.35697199999999996	0.751958	-0.554193	0.0	0.551089	-0.30950500000000003	-0.774924	0.0	-0.754236	-0.582036	-0.303911	0.0	2.93098	2.20555	1.28359	0.359256	
0	0.816869	-0.0207306	-0.576451	0.0	0.576756	0.0140514	0.816796	0.0	-0.00883266	-0.9996860000000001	0.0234347	0.0	-2.47459	-3.5950300000000004	-1.84802	0.126773	-0.357216	0.753283	-0.552234	0.0	0.550311	-0.30798400000000004	-0.7760819999999999	0.0	-0.754688	-0.581129	-0.304523	0.0	2.9318400000000002	2.20025	1.28409	0.35923099999999997	
0	0.8036840000000001	-0.00015133600000000002	-0.595057	0.0	0.593784	0.0655748	0.801948	0.0	0.038899500000000004	-0.997848	0.05279119999999999	0.0	-2.47439	-3.58322	-1.85178	0.127331	-0.356977	0.753678	-0.5518489999999999	0.0	0.5502020000000001	-0.30777	-0.7762439999999999	0.0	-0.75488	-0.58073	-0.30480799999999997	0.0	2.93229	2.1947799999999997	1.28334	0.359089	
0	0.77884	0.0609428	-0.624255	0.0	0.60787	0.171983	0.775187	0.0	0.154603	-0.9832129999999999	0.0969015	0.0	-2.48296	-3.5478699999999996	-1.85663	0.127439	-0.357199	0.754219	-0.550966	0.0	0.54993	-0.30697800000000003	-0.776751	0.0	-0.7549739999999999	-0.580447	-0.305115	0.0	2.93272	2.18851	1.2853299999999999	0.359238	
0	0.7660710000000001	0.109304	-0.633394	0.0	0.60002	0.23171399999999998	0.765692	0.0	0.23045900000000002	-0.9666239999999999	0.111925	0.0	-2.49131	-3.5176300000000005	-1.85673	0.127129	-0.357754	0.754703	-0.549941	0.0	0.549953	-0.305674	-0.777249	0.0	-0.754695	-0.5805060000000001	-0.305695	0.0	2.9319900000000003	2.18737	1.28524	0.35930100000000004	
0	0.689157	0.304321	-0.65761	0.0	0.487642	0.476498	0.731543	0.0	0.535974	-0.8248270000000001	0.179982	0.0	-2.5095	-3.43143	-1.85188	0.12733599999999998	-0.35778699999999997	0.7545970000000001	-0.5500649999999999	0.0	0.5501729999999999	-0.305618	-0.777115	0.0	-0.7545189999999999	-0.5806720000000001	-0.305813	0.0	2.93018	2.18456	1.28331	0.35933000000000004	
0	0.6397579999999999	0.470549	-0.607695	0.0	0.643135	0.10516400000000001	0.758498	0.0	0.420818	-0.876085	-0.23534699999999997	0.0	-2.55534	-3.3606	-1.7688099999999998	0.12750799999999998	-0.357129	0.754473	-0.550664	0.0	0.550401	-0.306334	-0.776671	0.0	-0.754664	-0.580457	-0.30586199999999997	0.0	2.93128	2.1872599999999998	1.28349	0.359238	
0	0.642117	0.540824	-0.543319	0.0	0.654283	-0.017287999999999998	0.7560520000000001	0.0	0.399498	-0.840958	-0.364953	0.0	-2.61445	-2.61836	-1.6850599999999998	0.12771	-0.35802	0.754287	-0.550338	0.0	0.551425	-0.30483699999999997	-0.7765340000000001	0.0	-0.7534930000000001	-0.581485	-0.306795	0.0	2.9310400000000003	2.19414	1.2849700000000002	0.35923499999999997	
0	0.674064	0.579228	-0.45840299999999995	0.0	0.633297	-0.133725	0.7622680000000001	0.0	0.380227	-0.8041229999999999	-0.456962	0.0	-2.54755	-1.8933099999999998	-1.9757099999999999	0.127501	-0.35794000000000004	0.754425	-0.5502020000000001	0.0	0.551066	-0.305008	-0.776722	0.0	-0.753794	-0.581217	-0.30656300000000003	0.0	2.93139	2.19785	1.2857299999999998	0.35933200000000004	
1	0.66317	0.632371	-0.40039	0.0	0.608535	-0.144099	0.780334	0.0	0.43576400000000004	-0.761146	-0.480382	0.0	-2.54851	-0.851316	-2.1943099999999998	0.127522	-0.35798800000000003	0.7533890000000001	-0.551589	0.0	0.551685	-0.305938	-0.7759159999999999	0.0	-0.753318	-0.582072	-0.306111	0.0	2.92919	2.20338	1.28558	0.35933400000000004	
1	0.659878	0.6473439999999999	-0.381454	0.0	0.608092	-0.161903	0.7771819999999999	0.0	0.441346	-0.744804	-0.5004810000000001	0.0	-2.55314	-0.658504	-2.1905900000000003	0.127522	-0.358385	0.753305	-0.551446	0.0	0.5516399999999999	-0.305659	-0.776058	0.0	-0.753162	-0.582327	-0.30601	0.0	2.92908	2.2039	1.2882799999999999	0.359381	
1	0.556873	0.771543	-0.307594	0.0	0.636046	-0.157953	0.755312	0.0	0.53417	-0.6162569999999999	-0.578696	0.0	-2.73873	-0.230533	-2.34746	0.127506	-0.359105	0.755033	-0.548607	0.0	0.552455	-0.30180300000000004	-0.776987	0.0	-0.7522220000000001	-0.5821	-0.308743	0.0	2.93172	2.19259	1.2812299999999999	0.35949200000000003	
