 3	0.593132	0.516197	-0.617847	0.0	0.685146	0.07938839999999998	0.724067	0.0	0.422811	-0.852783	-0.306583	0.0	-2.7396700000000003	2.0	1.46191	0.0	-0.593132	0.516197	-0.617846	0.0	0.751173	0.0786681	-0.655401	0.0	-0.289711	-0.852849	-0.434414	0.0	2.66032	2.0	1.53809	0.0	
 3	0.593132	0.516197	-0.617846	0.0	0.685053	0.07957510000000001	0.724134	0.0	0.422961	-0.852765	-0.306424	0.0	-2.7396700000000003	2.0	1.46191	0.0	0.136398	0.633912	-0.761282	0.0	0.052653099999999994	-0.772017	-0.633417	0.0	-0.9892540000000001	0.0463128	-0.138679	0.0	2.73589	2.03442	1.45723	0.0	
 3	0.577724	0.44378599999999996	-0.6850470000000001	0.0	0.44869899999999996	0.528419	0.720724	0.0	0.6818390000000001	-0.723759	0.106154	0.0	-2.80743	1.95924	1.41596	-1.33514e-05	0.116495	0.557157	-0.8221950000000001	0.0	0.099925	-0.830206	-0.548427	0.0	-0.988152	-0.018268799999999998	-0.152389	0.0	2.6905799999999997	1.9917799999999999	1.43198	0.0	
 3	0.587183	0.409825	-0.69804	0.0	0.343636	0.6545850000000001	0.673375	0.0	0.732892	-0.635266	0.243531	0.0	-2.8540799999999997	1.8521400000000001	1.29855	0.0	0.132048	0.580425	-0.8035359999999999	0.0	0.07922539999999999	-0.814221	-0.575124	0.0	-0.988072	0.0122835	-0.153501	0.0	2.6787799999999997	2.02317	1.36618	0.0	
 3	0.493302	0.171095	-0.852866	0.0	0.42846899999999993	0.805477	0.40941700000000003	0.0	0.757012	-0.567392	0.324034	0.0	-2.87221	1.7801799999999999	1.1451200000000001	0.0	0.13218	0.582327	-0.802137	0.0	0.0750082	-0.8127939999999999	-0.577703	0.0	-0.988384	0.0161939	-0.151114	0.0	2.74142	2.02506	1.27674	0.357148	
 3	0.613329	-0.00233501	-0.789824	0.0	0.5400159999999999	0.7309869999999999	0.417182	0.0	0.576377	-0.682387	0.449596	0.0	-2.90828	1.9322400000000002	1.01318	0.351378	0.149016	0.571828	-0.806726	0.0	0.050018099999999996	-0.819149	-0.571395	0.0	-0.987569	0.0447959	-0.150668	0.0	2.72198	2.0392099999999997	1.18492	0.352317	
 3	0.622157	-0.0118263	-0.782803	0.0	0.585745	0.670451	0.45541000000000004	0.0	0.519446	-0.741859	0.42405299999999996	0.0	-2.92695	2.09165	0.8957350000000001	0.344435	0.147318	0.572519	-0.8065479999999999	0.0	0.0258658	-0.817396	-0.575496	0.0	-0.988751	0.063919	-0.135226	0.0	2.66703	2.08138	0.948084	0.352557	
 3	0.6067779999999999	-0.0174662	-0.79468	0.0	0.606954	0.65573	0.449028	0.0	0.513252	-0.754794	0.408483	0.0	-2.7728	2.0902700000000003	0.8760620000000001	0.34418000000000004	0.167658	0.532895	-0.829406	0.0	-0.015770600000000003	-0.839757	-0.542734	0.0	-0.985719	0.104074	-0.132388	0.0	2.64933	2.16396	0.776188	0.352068	
 3	0.605688	-0.00580266	-0.7956810000000001	0.0	0.613012	0.640942	0.461963	0.0	0.507305	-0.767567	0.391768	0.0	-2.73905	2.0882	0.855117	0.328277	0.176501	0.5231180000000001	-0.833784	0.0	-0.030201	-0.843806	-0.535799	0.0	-0.9838370000000001	0.11975	-0.133134	0.0	2.57335	2.18575	0.778754	0.352777	
 3	0.585904	-0.013455700000000001	-0.8102689999999999	0.0	0.6366930000000001	0.626202	0.449992	0.0	0.501337	-0.7795449999999999	0.375461	0.0	-2.61003	2.04351	0.8776010000000001	0.286296	0.150863	0.5335850000000001	-0.832182	0.0	0.0027523000000000005	-0.842041	-0.539407	0.0	-0.9885510000000001	0.0790862	-0.128501	0.0	2.4727799999999998	2.11722	0.921291	0.354369	
 3	0.6009770000000001	0.00125799	-0.799266	0.0	0.628644	0.616812	0.473656	0.0	0.49359200000000003	-0.7871100000000001	0.369899	0.0	-2.56264	1.9780000000000002	0.8990969999999999	0.31862399999999996	0.156588	0.5485260000000001	-0.82134	0.0	0.0239033	-0.8334590000000001	-0.552063	0.0	-0.987375	0.0668138	-0.143621	0.0	2.41371	2.0159	1.01959	0.35441300000000003	
 3	0.6188520000000001	0.0759344	-0.781828	0.0	0.595932	0.603051	0.530278	0.0	0.511749	-0.79408	0.327948	0.0	-2.46671	1.9584599999999999	0.937258	0.34136700000000003	0.143562	0.541942	-0.8280629999999999	0.0	0.06779450000000001	-0.840151	-0.538099	0.0	-0.987316	0.0211127	-0.157355	0.0	2.37053	1.8964400000000001	1.05165	0.354659	
 3	0.6562100000000001	0.142373	-0.741025	0.0	0.540694	0.596287	0.5933729999999999	0.0	0.5263439999999999	-0.790045	0.31431	0.0	-2.44758	1.94335	0.954235	0.34334699999999996	0.14843299999999998	0.549822	-0.8219870000000001	0.0	0.0821548	-0.8351780000000001	-0.54381	0.0	-0.985504	0.013188900000000002	-0.169138	0.0	2.3540400000000004	1.8758599999999999	1.06002	0.354639	
 3	0.6527229999999999	0.14791400000000002	-0.743017	0.0	0.535561	0.603591	0.590637	0.0	0.535842	-0.783453	0.314761	0.0	-2.48883	1.92533	0.958382	0.339487	0.124609	0.564261	-0.8161390000000001	0.0	0.112785	-0.825274	-0.553357	0.0	-0.985775	-0.0230948	-0.166476	0.0	2.33505	1.8216599999999998	1.09673	0.355099	
 3	0.658561	0.241351	-0.712774	0.0	0.45172399999999996	0.6307550000000001	0.630946	0.0	0.601866	-0.737494	0.306367	0.0	-2.5455200000000002	1.8946	0.937557	0.339254	0.11961500000000001	0.582869	-0.803714	0.0	0.140999	-0.811294	-0.567381	0.0	-0.982757	-0.045455300000000004	-0.179227	0.0	2.32877	1.81093	1.08931	0.355031	
 3	0.619024	0.389422	-0.682026	0.0	0.32616100000000003	0.662512	0.674312	0.0	0.714442	-0.6398659999999999	0.283097	0.0	-2.58032	1.8663299999999998	0.87929	0.34383600000000003	0.106553	0.599118	-0.793539	0.0	0.169945	-0.797312	-0.579148	0.0	-0.979676	-0.0731483	-0.186773	0.0	2.3310400000000002	1.8043	1.09023	0.35491	
 3	0.5951850000000001	0.48135	-0.643473	0.0	0.24191700000000002	0.656274	0.714689	0.0	0.76631	-0.58104	0.274158	0.0	-2.57065	1.84181	0.838392	0.34636300000000003	0.101162	0.607583	-0.787787	0.0	0.185174	-0.789512	-0.585134	0.0	-0.977485	-0.0866841	-0.192377	0.0	2.35242	1.78532	1.0872700000000002	0.355005	
 3	0.525831	0.619993	-0.582332	0.0	0.110071	0.629267	0.769355	0.0	0.8434370000000001	-0.468649	0.262644	0.0	-2.61305	1.76256	0.745189	0.34655199999999997	0.0962158	0.616283	-0.781625	0.0	0.20724499999999998	-0.780462	-0.589855	0.0	-0.9735459999999999	-0.105235	-0.202815	0.0	2.3969400000000003	1.75542	1.0909799999999998	0.355086	
 3	0.196628	0.8801899999999999	-0.431976	0.0	-0.159602	0.463434	0.87164	0.0	0.9674010000000001	-0.10244400000000001	0.231604	0.0	-2.62268	1.54237	0.45560100000000003	0.349748	0.0819291	0.629831	-0.772399	0.0	0.233821	-0.765521	-0.599421	0.0	-0.968822	-0.131493	-0.209986	0.0	2.4122	1.72298	1.11927	0.35543800000000003	
 3	-0.262049	0.947717	-0.182105	0.0	-0.350957	0.0821924	0.9327770000000001	0.0	0.898977	0.308345	0.311069	0.0	-2.4567099999999997	1.31729	0.19256900000000002	0.30688499999999996	0.0599764	0.650414	-0.757209	0.0	0.269592	-0.740939	-0.615085	0.0	-0.9611049999999999	-0.167246	-0.21978499999999998	0.0	2.4285200000000002	1.6969999999999998	1.16108	0.355594	
 3	-0.576354	0.8168880000000001	0.0225809	0.0	-0.291677	-0.23144699999999999	0.9280930000000001	0.0	0.763375	0.528323	0.371663	0.0	-2.28668	1.28006	0.19658	0.306606	0.0162553	0.6691729999999999	-0.742929	0.0	0.311515	-0.709434	-0.632188	0.0	-0.950102	-0.22115700000000002	-0.21999000000000002	0.0	2.42887	1.61542	1.2019799999999998	0.356133	
 3	-0.6393479999999999	0.7644489999999999	0.0827751	0.0	-0.19778099999999998	-0.267527	0.943034	0.0	0.743045	0.5865560000000001	0.322236	0.0	-2.19156	1.6599599999999999	0.54127	0.334088	-0.0109397	0.6810689999999999	-0.732138	0.0	0.340444	-0.6859029999999999	-0.643145	0.0	-0.9402010000000001	-0.256288	-0.224363	0.0	2.4251400000000003	1.53894	1.21645	0.356549	
 3	-0.656165	0.7487060000000001	0.0942657	0.0	-0.17616300000000001	-0.273447	0.9456180000000001	0.0	0.7337670000000001	0.603876	0.311321	0.0	-2.19425	2.09921	0.865447	0.334018	-0.026799	0.68576	-0.727334	0.0	0.350595	-0.6749310000000001	-0.64927	0.0	-0.9361440000000001	-0.2724	-0.22233699999999998	0.0	2.4221	1.5107	1.23712	0.356659	
 3	-0.6654140000000001	0.735672	0.126533	0.0	-0.187102	-0.328468	0.925798	0.0	0.722646	0.592364	0.356213	0.0	-2.35716	2.35892	1.1171200000000001	0.335333	-0.0319725	0.689805	-0.7232890000000001	0.0	0.36589499999999997	-0.665347	-0.6507189999999999	0.0	-0.930107	-0.285453	-0.23112399999999997	0.0	2.426	1.5055100000000001	1.22081	0.356498	
 3	-0.632008	0.766688	0.112937	0.0	-0.238298	-0.330937	0.913069	0.0	0.737414	0.5501550000000001	0.391855	0.0	-2.5817	2.52168	1.3213	0.334358	-0.0401894	0.697902	-0.715065	0.0	0.38260700000000003	-0.65035	-0.656245	0.0	-0.9230370000000001	-0.29996300000000004	-0.240885	0.0	2.44136	1.5177100000000001	1.20696	0.355912	
 3	-0.629095	0.7686189999999999	0.11604	0.0	-0.23784499999999997	-0.332453	0.912636	0.0	0.740047	0.546535	0.391957	0.0	-2.7161299999999997	2.63273	1.43909	0.335073	-0.0411546	0.698839	-0.714094	0.0	0.38948	-0.646942	-0.655569	0.0	-0.920115	-0.305105	-0.24555900000000003	0.0	2.48105	1.54513	1.19641	0.355869	
 3	-0.625452	0.765817	0.149445	0.0	-0.160375	-0.313618	0.935908	0.0	0.7636029999999999	0.561398	0.318971	0.0	-2.85422	2.68625	1.45499	0.335706	-0.04215580000000001	0.698819	-0.714056	0.0	0.392438	-0.64567	-0.6550600000000001	0.0	-0.9188120000000001	-0.30783699999999997	-0.24702399999999997	0.0	2.49086	1.5634700000000001	1.16106	0.355578	
 3	-0.5982890000000001	0.779097	0.18724100000000002	0.0	-0.101713	-0.30563	0.946702	0.0	0.794799	0.547357	0.26209899999999997	0.0	-2.78118	2.4676299999999998	1.37281	0.339915	-0.053522400000000005	0.706956	-0.70523	0.0	0.40624099999999996	-0.629741	-0.662114	0.0	-0.9121969999999999	-0.32193099999999997	-0.25348899999999996	0.0	2.49507	1.56692	1.14808	0.355935	
 3	-0.57484	0.797072	0.185027	0.0	-0.103128	-0.29489	0.94995	0.0	0.8117409999999999	0.526988	0.251715	0.0	-2.65318	2.2002200000000003	1.25581	0.341812	-0.06965110000000001	0.7206100000000001	-0.6898340000000001	0.0	0.430579	-0.602064	-0.672399	0.0	-0.899861	-0.343861	-0.268345	0.0	2.53182	1.5270299999999999	1.17626	0.356086	
 3	-0.5486949999999999	0.8224790000000001	0.149872	0.0	-0.10478399999999999	-0.245511	0.963714	0.0	0.8294299999999999	0.513081	0.22089299999999998	0.0	-2.50684	1.7680900000000002	1.00334	0.340965	-0.0772121	0.730317	-0.6787310000000001	0.0	0.443812	-0.584421	-0.679326	0.0	-0.8927870000000001	-0.35368099999999997	-0.278999	0.0	2.57048	1.49289	1.17854	0.356211	
 3	-0.521877	0.845425	0.113581	0.0	-0.151299	-0.222781	0.9630559999999999	0.0	0.8394959999999999	0.485413	0.24417600000000003	0.0	-2.34057	1.38236	0.729424	0.332413	-0.0945159	0.732498	-0.674176	0.0	0.455581	-0.5703090000000001	-0.683516	0.0	-0.8851620000000001	-0.371745	-0.27980900000000003	0.0	2.56196	1.46591	1.17736	0.356477	
 3	-0.558758	0.8229350000000001	0.102799	0.0	-0.156253	-0.226198	0.961468	0.0	0.8144779999999999	0.521165	0.25497600000000004	0.0	-2.1511400000000003	1.02583	0.339334	0.331979	-0.106179	0.734258	-0.670516	0.0	0.46237700000000004	-0.5605289999999999	-0.687034	0.0	-0.8803030000000001	-0.38298000000000004	-0.279987	0.0	2.5539099999999997	1.41334	1.16961	0.356604	
 3	-0.598638	0.79545	0.09430039999999999	0.0	-0.10522000000000001	-0.194794	0.975184	0.0	0.794079	0.57386	0.20030799999999999	0.0	-2.03315	0.679212	-0.03980530000000001	0.326671	-0.11137799999999999	0.735391	-0.668427	0.0	0.463056	-0.5567300000000001	-0.68966	0.0	-0.8793030000000001	-0.386332	-0.27852	0.0	2.54203	1.37889	1.15983	0.356926	
 3	-0.6279680000000001	0.77305	0.08971989999999999	0.0	-0.07358110000000001	-0.173747	0.982038	0.0	0.774753	0.6100869999999999	0.165989	0.0	-1.91352	0.386434	-0.32305700000000004	0.325633	-0.125387	0.736146	-0.665107	0.0	0.471951	-0.545427	-0.692656	0.0	-0.872663	-0.400748	-0.279035	0.0	2.5325599999999997	1.36042	1.16458	0.357098	
 3	-0.657845	0.750112	0.06761360000000001	0.0	-0.07816110000000001	-0.15728399999999998	0.984456	0.0	0.749087	0.642334	0.162098	0.0	-1.8706	0.100793	-0.5649770000000001	0.316282	-0.129883	0.736042	-0.664359	0.0	0.476328	-0.541337	-0.692868	0.0	-0.8696219999999999	-0.406445	-0.280287	0.0	2.53885	1.34235	1.1624	0.357055	
 3	-0.670207	0.742081	-0.0117624	0.0	-0.18773900000000002	-0.15417999999999998	0.970043	0.0	0.718037	0.652338	0.24265	0.0	-1.8608900000000002	-0.00901486	-0.622212	0.277098	-0.14183099999999998	0.738108	-0.659606	0.0	0.485299	-0.5289229999999999	-0.696222	0.0	-0.862768	-0.41885200000000006	-0.283186	0.0	2.5398	1.3232700000000002	1.16974	0.357224	
 3	-0.6716300000000001	0.740243	-0.0308885	0.0	-0.165107	-0.1089	0.980245	0.0	0.722256	0.663462	0.195359	0.0	-1.8701400000000001	-0.027800400000000003	-0.640174	0.27065900000000004	-0.145535	0.739387	-0.657363	0.0	0.486387	-0.525127	-0.698333	0.0	-0.8615379999999999	-0.421365	-0.283204	0.0	2.5484299999999998	1.30796	1.16478	0.357308	
 3	-0.6640699999999999	0.74667	-0.0386642	0.0	-0.156947	-0.08865110000000001	0.98362	0.0	0.731012	0.659261	0.176058	0.0	-1.9013400000000003	-0.0026000999999999997	-0.674148	0.267545	-0.146574	0.7404229999999999	-0.6559649999999999	0.0	0.48820399999999997	-0.522593	-0.698966	0.0	-0.860333	-0.42269399999999996	-0.284879	0.0	2.5618	1.30237	1.15812	0.356964	
 3	-0.662072	0.747855	-0.0487106	0.0	-0.154454	-0.0725585	0.985332	0.0	0.733351	0.659885	0.163548	0.0	-1.9084299999999998	0.0170167	-0.6965640000000001	0.265005	-0.14835	0.740582	-0.6553859999999999	0.0	0.491342	-0.519939	-0.698746	0.0	-0.858239	-0.425678	-0.286746	0.0	2.57208	1.2974700000000001	1.15145	0.35695	
 3	-0.660934	0.748783	-0.0498989	0.0	-0.144281	-0.061538199999999994	0.9876219999999999	0.0	0.736444	0.6599520000000001	0.14870799999999998	0.0	-1.90435	0.0248127	-0.704329	0.263739	-0.14956	0.7404810000000001	-0.655225	0.0	0.493334	-0.518415	-0.698476	0.0	-0.856886	-0.427709	-0.287771	0.0	2.58317	1.29808	1.15249	0.35691300000000004	
 3	-0.6610149999999999	0.748713	-0.049873900000000006	0.0	-0.1445	-0.061789199999999996	0.987574	0.0	0.736328	0.660008	0.149032	0.0	-1.9050599999999998	0.0244377	-0.704432	0.263852	-0.149566	0.740479	-0.655226	0.0	0.493332	-0.518415	-0.6984779999999999	0.0	-0.856886	-0.427712	-0.287765	0.0	2.58285	1.29808	1.1525	0.356912	
 3	-0.6610159999999999	0.748712	-0.049875800000000005	0.0	-0.144496	-0.0617836	0.987575	0.0	0.736328	0.66001	0.149026	0.0	-1.90507	0.024434900000000002	-0.704431	0.263851	-0.149566	0.740479	-0.655226	0.0	0.493331	-0.518415	-0.698477	0.0	-0.856886	-0.427712	-0.287765	0.0	2.58285	1.29808	1.1525	0.356912	
 3	-0.6610159999999999	0.748712	-0.049875800000000005	0.0	-0.144495	-0.0617828	0.987575	0.0	0.736328	0.66001	0.149025	0.0	-1.90507	0.0244356	-0.704432	0.26385	-0.149566	0.740479	-0.655226	0.0	0.493332	-0.518415	-0.698477	0.0	-0.856886	-0.427712	-0.287765	0.0	2.58285	1.29808	1.1525	0.356912	
 3	-0.6610159999999999	0.748712	-0.0498756	0.0	-0.144495	-0.0617831	0.987575	0.0	0.736328	0.66001	0.149025	0.0	-1.90507	0.024434599999999997	-0.704433	0.263851	-0.149566	0.740479	-0.655226	0.0	0.493332	-0.518415	-0.698477	0.0	-0.856886	-0.427712	-0.287765	0.0	2.58285	1.29808	1.1525	0.356912	
 3	-0.6610159999999999	0.748713	-0.049875199999999995	0.0	-0.144496	-0.061784000000000006	0.987575	0.0	0.736328	0.6600090000000001	0.149026	0.0	-1.90507	0.0244343	-0.704432	0.263851	-0.149566	0.740479	-0.655226	0.0	0.493332	-0.518415	-0.698477	0.0	-0.856886	-0.427712	-0.287765	0.0	2.58285	1.29808	1.1525	0.356912	
 3	-0.6610159999999999	0.748713	-0.049875199999999995	0.0	-0.144496	-0.0617847	0.987575	0.0	0.736328	0.6600090000000001	0.149027	0.0	-1.90507	0.0244343	-0.704431	0.26385	-0.149566	0.740479	-0.655226	0.0	0.493332	-0.518415	-0.698477	0.0	-0.856886	-0.427712	-0.287765	0.0	2.58285	1.29808	1.1525	0.356912	
 3	-0.66101	0.7487149999999999	-0.0499152	0.0	-0.144536	-0.0617658	0.9875700000000001	0.0	0.736325	0.660008	0.149044	0.0	-1.9053799999999999	0.0244643	-0.704574	0.263917	-0.149566	0.740479	-0.655226	0.0	0.493332	-0.518415	-0.698477	0.0	-0.856886	-0.427712	-0.287765	0.0	2.58285	1.29808	1.1525	0.356912	
 3	-0.66101	0.7487149999999999	-0.0499157	0.0	-0.144537	-0.0617661	0.9875700000000001	0.0	0.736325	0.660008	0.149045	0.0	-1.9053799999999999	0.0244646	-0.704574	0.263917	-0.149566	0.740479	-0.655226	0.0	0.493331	-0.518415	-0.698477	0.0	-0.856886	-0.427712	-0.28776399999999996	0.0	2.58285	1.29808	1.1525	0.356912	
 3	-0.66101	0.7487149999999999	-0.049915100000000004	0.0	-0.144536	-0.0617663	0.9875700000000001	0.0	0.736325	0.660008	0.149045	0.0	-1.9053799999999999	0.0244627	-0.704572	0.263918	-0.149566	0.740479	-0.655226	0.0	0.493332	-0.518415	-0.698477	0.0	-0.856886	-0.427712	-0.287765	0.0	2.58285	1.29808	1.1525	0.356912	
 3	-0.6610159999999999	0.748713	-0.0498756	0.0	-0.144496	-0.06178380000000001	0.987575	0.0	0.736328	0.6600090000000001	0.149026	0.0	-1.90507	0.024434900000000002	-0.704433	0.263851	-0.149566	0.740479	-0.655226	0.0	0.493332	-0.518415	-0.698477	0.0	-0.856886	-0.427712	-0.287765	0.0	2.58285	1.29808	1.1525	0.356912	
 3	-0.66101	0.7487149999999999	-0.0499156	0.0	-0.144537	-0.0617663	0.9875700000000001	0.0	0.736325	0.660008	0.149045	0.0	-1.9053799999999999	0.0244638	-0.704572	0.263917	-0.149566	0.740479	-0.655226	0.0	0.493331	-0.518415	-0.698477	0.0	-0.856886	-0.427712	-0.287765	0.0	2.58285	1.29808	1.1525	0.356912	
 3	-0.66101	0.7487149999999999	-0.0499157	0.0	-0.144537	-0.0617663	0.9875700000000001	0.0	0.736325	0.660008	0.149045	0.0	-1.9053799999999999	0.0244641	-0.704572	0.263916	-0.149566	0.740479	-0.655226	0.0	0.493332	-0.518415	-0.698477	0.0	-0.856886	-0.427712	-0.287765	0.0	2.58285	1.29808	1.1525	0.356912	
 3	-0.6610159999999999	0.748713	-0.049875300000000004	0.0	-0.144495	-0.061783000000000005	0.987575	0.0	0.736328	0.66001	0.149024	0.0	-1.90507	0.024435299999999997	-0.704431	0.263851	-0.149566	0.740479	-0.655226	0.0	0.493331	-0.518415	-0.698477	0.0	-0.856886	-0.427712	-0.287765	0.0	2.58285	1.29808	1.1525	0.356912	
 3	-0.66101	0.7487149999999999	-0.0499154	0.0	-0.144536	-0.06176519999999999	0.9875700000000001	0.0	0.736325	0.660008	0.149043	0.0	-1.9053799999999999	0.0244638	-0.704572	0.263917	-0.149566	0.740479	-0.655226	0.0	0.493331	-0.518415	-0.698477	0.0	-0.856886	-0.427712	-0.287765	0.0	2.58285	1.29808	1.1525	0.356912	
 3	-0.6610159999999999	0.748713	-0.0498751	0.0	-0.144496	-0.0617844	0.987575	0.0	0.736328	0.6600090000000001	0.149026	0.0	-1.90507	0.0244348	-0.704432	0.263851	-0.149566	0.740479	-0.655226	0.0	0.493331	-0.518415	-0.698477	0.0	-0.856886	-0.427712	-0.287765	0.0	2.58285	1.29808	1.1525	0.356912	
 3	-0.6610159999999999	0.748713	-0.049875300000000004	0.0	-0.144495	-0.0617837	0.987575	0.0	0.736328	0.6600090000000001	0.149025	0.0	-1.90507	0.0244345	-0.704432	0.263851	-0.149566	0.740479	-0.655226	0.0	0.493332	-0.518415	-0.698477	0.0	-0.856886	-0.427712	-0.287765	0.0	2.58285	1.29808	1.1525	0.356912	
 3	-0.6610159999999999	0.748712	-0.0498756	0.0	-0.144496	-0.0617836	0.987575	0.0	0.736328	0.66001	0.149026	0.0	-1.90507	0.0244355	-0.704433	0.26385	-0.149566	0.740479	-0.655226	0.0	0.493332	-0.518414	-0.698477	0.0	-0.856886	-0.427712	-0.287765	0.0	2.58285	1.29808	1.1525	0.356912	
 3	-0.66101	0.7487149999999999	-0.0499152	0.0	-0.144537	-0.061766499999999995	0.9875700000000001	0.0	0.736325	0.660008	0.149045	0.0	-1.9053799999999999	0.0244632	-0.704572	0.263917	-0.149566	0.740479	-0.655226	0.0	0.493332	-0.518415	-0.698477	0.0	-0.856886	-0.427712	-0.287765	0.0	2.58285	1.29808	1.1525	0.356912	
 3	-0.6610159999999999	0.748713	-0.0498749	0.0	-0.14449700000000001	-0.0617855	0.987574	0.0	0.736328	0.6600090000000001	0.149028	0.0	-1.90507	0.0244352	-0.704433	0.26385	-0.149566	0.740479	-0.655226	0.0	0.493332	-0.518415	-0.698477	0.0	-0.856886	-0.427712	-0.287765	0.0	2.58285	1.29808	1.1525	0.356912	
 3	-0.6610159999999999	0.748713	-0.049875499999999996	0.0	-0.144496	-0.061784000000000006	0.987575	0.0	0.736328	0.6600090000000001	0.149026	0.0	-1.90507	0.024434400000000002	-0.704433	0.26385	-0.149566	0.740479	-0.655226	0.0	0.493332	-0.518415	-0.698477	0.0	-0.856886	-0.427712	-0.287765	0.0	2.58285	1.29808	1.1525	0.356912	
 3	-0.6610159999999999	0.748713	-0.049875499999999996	0.0	-0.14449700000000001	-0.0617844	0.987575	0.0	0.736328	0.6600090000000001	0.149027	0.0	-1.90507	0.0244348	-0.704432	0.263851	-0.149566	0.740479	-0.655226	0.0	0.493332	-0.518415	-0.698477	0.0	-0.856886	-0.427712	-0.287765	0.0	2.58285	1.29808	1.1525	0.356912	
 3	-0.6610159999999999	0.748712	-0.049875699999999995	0.0	-0.144495	-0.06178290000000001	0.987575	0.0	0.736328	0.66001	0.149025	0.0	-1.90507	0.024435	-0.704432	0.263851	-0.149566	0.740479	-0.655226	0.0	0.493332	-0.518415	-0.698477	0.0	-0.856886	-0.427712	-0.287765	0.0	2.58285	1.29808	1.1525	0.356912	
 3	-0.66101	0.7487149999999999	-0.0499156	0.0	-0.144538	-0.0617673	0.9875700000000001	0.0	0.736325	0.660008	0.149047	0.0	-1.9053799999999999	0.0244637	-0.704572	0.263917	-0.149566	0.740479	-0.655226	0.0	0.493332	-0.518415	-0.698477	0.0	-0.856886	-0.427712	-0.287765	0.0	2.58285	1.29808	1.1525	0.356912	
 3	-0.6610159999999999	0.748712	-0.049875800000000005	0.0	-0.144496	-0.0617839	0.987575	0.0	0.736328	0.66001	0.149026	0.0	-1.90507	0.0244348	-0.704432	0.263851	-0.149566	0.740479	-0.655226	0.0	0.493332	-0.518415	-0.698477	0.0	-0.856886	-0.427712	-0.287765	0.0	2.58285	1.29808	1.1525	0.356912	
 3	-0.66101	0.7487149999999999	-0.0499154	0.0	-0.144538	-0.0617679	0.9875700000000001	0.0	0.736325	0.660008	0.149047	0.0	-1.9053799999999999	0.024463	-0.7045710000000001	0.263917	-0.149566	0.740479	-0.655226	0.0	0.493332	-0.518415	-0.698477	0.0	-0.856886	-0.427712	-0.287765	0.0	2.58285	1.29808	1.1525	0.356912	
 3	-0.6610159999999999	0.748712	-0.049875699999999995	0.0	-0.144495	-0.061783000000000005	0.987575	0.0	0.736328	0.66001	0.149025	0.0	-1.90507	0.0244352	-0.704432	0.263849	-0.149566	0.740479	-0.655226	0.0	0.493332	-0.518415	-0.698477	0.0	-0.856886	-0.427712	-0.287765	0.0	2.58285	1.29808	1.1525	0.356912	
 3	-0.6610159999999999	0.748713	-0.0498756	0.0	-0.144495	-0.06178340000000001	0.987575	0.0	0.736328	0.6600090000000001	0.149025	0.0	-1.90507	0.0244343	-0.704433	0.263851	-0.149566	0.740479	-0.655226	0.0	0.493332	-0.518415	-0.698477	0.0	-0.856886	-0.427712	-0.287765	0.0	2.58285	1.29808	1.1525	0.356912	
 3	-0.6610159999999999	0.748712	-0.049875199999999995	0.0	-0.144496	-0.061784000000000006	0.987575	0.0	0.736328	0.6600090000000001	0.149026	0.0	-1.90507	0.024434599999999997	-0.704431	0.26385	-0.149566	0.740479	-0.655226	0.0	0.493331	-0.518415	-0.698477	0.0	-0.856886	-0.427712	-0.287765	0.0	2.58285	1.29808	1.1525	0.356912	
 3	-0.66101	0.7487149999999999	-0.049915100000000004	0.0	-0.144538	-0.0617674	0.9875700000000001	0.0	0.736325	0.660008	0.149046	0.0	-1.9053799999999999	0.0244625	-0.70457	0.263917	-0.149566	0.740479	-0.655226	0.0	0.493332	-0.518415	-0.698477	0.0	-0.856886	-0.427712	-0.287765	0.0	2.58285	1.29808	1.1525	0.356912	
 3	-0.6610159999999999	0.748713	-0.0498756	0.0	-0.144496	-0.0617839	0.987575	0.0	0.736328	0.66001	0.149026	0.0	-1.90507	0.0244352	-0.704433	0.263851	-0.149566	0.740479	-0.655226	0.0	0.493331	-0.518415	-0.698477	0.0	-0.856886	-0.427712	-0.28776399999999996	0.0	2.58285	1.29808	1.1525	0.356912	
 3	-0.6610159999999999	0.748712	-0.049875300000000004	0.0	-0.144496	-0.0617841	0.987575	0.0	0.736328	0.66001	0.149026	0.0	-1.90507	0.024434	-0.704431	0.26385	-0.149566	0.740479	-0.655226	0.0	0.493331	-0.518415	-0.698477	0.0	-0.856886	-0.427712	-0.287765	0.0	2.58285	1.29808	1.1525	0.356912	
 3	-0.6610159999999999	0.748713	-0.049875300000000004	0.0	-0.144496	-0.0617839	0.987575	0.0	0.736328	0.6600090000000001	0.149026	0.0	-1.90507	0.0244348	-0.704433	0.26385	-0.149566	0.740479	-0.655226	0.0	0.493331	-0.518415	-0.698477	0.0	-0.856886	-0.427712	-0.287765	0.0	2.58285	1.29808	1.1525	0.356912	
 3	-0.66101	0.7487149999999999	-0.0499152	0.0	-0.144537	-0.061766699999999994	0.9875700000000001	0.0	0.736325	0.660008	0.149045	0.0	-1.9053799999999999	0.0244642	-0.704572	0.263917	-0.149566	0.740479	-0.655226	0.0	0.493331	-0.518415	-0.698477	0.0	-0.856886	-0.427712	-0.287765	0.0	2.58285	1.29808	1.1525	0.356912	
 3	-0.66101	0.7487149999999999	-0.0499158	0.0	-0.144537	-0.061765999999999995	0.9875700000000001	0.0	0.736325	0.660008	0.149045	0.0	-1.9053799999999999	0.0244642	-0.704572	0.263917	-0.149566	0.740479	-0.655226	0.0	0.493331	-0.518415	-0.698477	0.0	-0.856886	-0.427712	-0.287765	0.0	2.58285	1.29808	1.1525	0.356912	
 3	-0.739266	0.666656	0.0951694	0.0	-0.124877	-0.27458499999999997	0.95342	0.0	0.6617350000000001	0.692946	0.28624	0.0	-1.54015	0.170302	-0.679036	0.298854	-0.210479	0.7468560000000001	-0.630797	0.0	0.541461	-0.44817700000000005	-0.711307	0.0	-0.813952	-0.491267	-0.31006100000000003	0.0	2.5411799999999998	1.31082	1.18666	0.357014	
 3	-0.7648199999999999	0.6305470000000001	0.132143	0.0	0.0295289	-0.17058800000000002	0.9849	0.0	0.643568	0.757173	0.11185	0.0	-1.51004	0.0979855	-0.743815	0.329442	-0.212698	0.74758	-0.629193	0.0	0.5435439999999999	-0.44458000000000003	-0.711975	0.0	-0.8119850000000001	-0.49343000000000004	-0.311781	0.0	2.5541099999999997	1.3162399999999999	1.18813	0.35697199999999996	
 3	-0.794441	0.5789529999999999	0.183513	0.0	0.12068699999999999	-0.145645	0.9819479999999999	0.0	0.59523	0.802247	0.0458336	0.0	-1.34235	-0.0784398	-1.05665	0.329558	-0.214148	0.74927	-0.626686	0.0	0.544423	-0.441126	-0.7134510000000001	0.0	-0.8110149999999999	-0.49396599999999996	-0.313454	0.0	2.5472	1.3302	1.19044	0.357066	
 3	-0.806804	0.5583520000000001	0.19316	0.0	0.152979	-0.11836300000000001	0.981115	0.0	0.570671	0.821117	0.010079000000000001	0.0	-1.2617	-0.179296	-1.1844700000000001	0.32845100000000005	-0.21588800000000002	0.749675	-0.625604	0.0	0.546514	-0.438175	-0.71367	0.0	-0.809145	-0.49597399999999997	-0.31511100000000003	0.0	2.54071	1.33407	1.19141	0.356988	
 3	-0.820643	0.528506	0.21731799999999998	0.0	0.20548899999999998	-0.0819294	0.975224	0.0	0.533216	0.844967	-0.041367400000000006	0.0	-1.1085399999999999	-0.582105	-1.5866	0.32785	-0.219245	0.74948	-0.62467	0.0	0.549434	-0.43423599999999996	-0.7138359999999999	0.0	-0.8062590000000001	-0.49972	-0.31658600000000003	0.0	2.55082	1.32209	1.1900600000000001	0.357161	
 3	-0.826235	0.511135	0.23680700000000002	0.0	0.240021	-0.06088009999999999	0.968857	0.0	0.509633	0.857342	-0.0723821	0.0	-1.00573	-0.810699	-1.80036	0.32861999999999997	-0.220412	0.7517	-0.621584	0.0	0.550304	-0.430321	-0.715535	0.0	-0.805348	-0.49977200000000005	-0.318815	0.0	2.5623	1.31235	1.18866	0.35714	
 3	-0.829168	0.502987	0.24389499999999997	0.0	0.255208	-0.047561599999999996	0.965716	0.0	0.49734300000000004	0.862984	-0.0889297	0.0	-0.9806950000000001	-0.871031	-1.86011	0.328484	-0.220344	0.752149	-0.621065	0.0	0.5499970000000001	-0.430042	-0.715938	0.0	-0.805575	-0.49933599999999995	-0.318923	0.0	2.56477	1.3109	1.18816	0.357157	
 3	-0.8547030000000001	0.443853	0.269217	0.0	0.31959	0.0412252	0.946659	0.0	0.40907899999999997	0.895151	-0.177087	0.0	-0.9425110000000001	-0.923486	-1.89638	0.326102	-0.22034099999999998	0.751884	-0.621386	0.0	0.5495939999999999	-0.43059899999999995	-0.715913	0.0	-0.805852	-0.499255	-0.318352	0.0	2.5627	1.3084	1.18979	0.357246	
 3	-0.8581709999999999	0.43803400000000003	0.267712	0.0	0.32278	0.054890999999999995	0.944881	0.0	0.39919499999999997	0.897281	-0.188495	0.0	-0.9456190000000001	-0.9349069999999999	-1.90885	0.32241	-0.220347	0.751979	-0.621269	0.0	0.549665	-0.43044099999999996	-0.715953	0.0	-0.805801	-0.49924799999999997	-0.31849	0.0	2.56238	1.30977	1.1916799999999999	0.357218	
 3	-0.88282	0.390416	0.261158	0.0	0.330905	0.122342	0.9357	0.0	0.333362	0.912473	-0.237196	0.0	-1.11319	-0.9237790000000001	-1.91193	0.314943	-0.221777	0.752963	-0.6195649999999999	0.0	0.551321	-0.42725100000000005	-0.716591	0.0	-0.804276	-0.5005029999999999	-0.32037	0.0	2.56301	1.30865	1.18739	0.35736100000000004	
 3	-0.8831100000000001	0.392788	0.256583	0.0	0.327023	0.123198	0.936952	0.0	0.336413	0.9113389999999999	-0.237249	0.0	-1.1679700000000002	-0.8996860000000001	-1.8987599999999998	0.314459	-0.22257600000000002	0.753232	-0.618953	0.0	0.552363	-0.42571499999999995	-0.7167020000000001	0.0	-0.8033399999999999	-0.5014069999999999	-0.321303	0.0	2.56711	1.30776	1.18811	0.357297	
 3	-0.86961	0.44271400000000005	0.218594	0.0	0.276202	0.0692172	0.9586040000000001	0.0	0.40925700000000004	0.8939870000000001	-0.182471	0.0	-1.1973799999999999	-0.814867	-1.78663	0.314272	-0.22532	0.7536149999999999	-0.617492	0.0	0.555653	-0.42121099999999995	-0.71682	0.0	-0.8003	-0.504625	-0.323841	0.0	2.5874900000000003	1.3106799999999998	1.1916200000000001	0.357248	
 3	-0.8560120000000001	0.48544499999999996	0.177725	0.0	0.21181	0.015742700000000002	0.977184	0.0	0.47157200000000005	0.874125	-0.116298	0.0	-1.1675200000000001	-0.78125	-1.6961400000000002	0.315388	-0.22629000000000002	0.7547560000000001	-0.61574	0.0	0.555725	-0.419126	-0.717986	0.0	-0.799977	-0.504655	-0.32459299999999996	0.0	2.59262	1.30979	1.1925299999999999	0.357227	
 3	-0.8556819999999999	0.48616099999999995	0.177359	0.0	0.21024	0.013410900000000002	0.977558	0.0	0.472872	0.873767	-0.113686	0.0	-1.17364	-0.783679	-1.69913	0.315668	-0.226311	0.754783	-0.615699	0.0	0.555729	-0.419076	-0.718011	0.0	-0.799968	-0.504656	-0.324614	0.0	2.59233	1.30969	1.1923700000000002	0.357219	
 3	-0.855685	0.486138	0.17740899999999998	0.0	0.210306	0.0134327	0.977543	0.0	0.472837	0.8737790000000001	-0.113732	0.0	-1.17314	-0.783475	-1.69881	0.315504	-0.226311	0.754784	-0.615698	0.0	0.555729	-0.419075	-0.718012	0.0	-0.799968	-0.504655	-0.324614	0.0	2.59233	1.30969	1.1923700000000002	0.357219	
 3	-0.8556809999999999	0.48616000000000004	0.17736500000000002	0.0	0.210247	0.013412100000000001	0.977556	0.0	0.47286999999999996	0.873767	-0.11369000000000001	0.0	-1.17369	-0.783726	-1.6991599999999998	0.315663	-0.226311	0.754784	-0.615698	0.0	0.555729	-0.419075	-0.718012	0.0	-0.799968	-0.504655	-0.324615	0.0	2.59233	1.30969	1.1923700000000002	0.357219	
 3	-0.8556809999999999	0.48616000000000004	0.17736500000000002	0.0	0.210248	0.0134125	0.977556	0.0	0.47286999999999996	0.873767	-0.11369100000000001	0.0	-1.17369	-0.783725	-1.6991599999999998	0.31566500000000003	-0.226311	0.754784	-0.615698	0.0	0.555729	-0.419075	-0.718012	0.0	-0.799968	-0.504655	-0.324615	0.0	2.59233	1.30969	1.1923700000000002	0.357219	
 3	-0.8556819999999999	0.486159	0.177362	0.0	0.210215	0.013360399999999998	0.977564	0.0	0.47288199999999997	0.873768	-0.11363	0.0	-1.17371	-0.7837069999999999	-1.6991599999999998	0.315664	-0.226311	0.754784	-0.615698	0.0	0.555729	-0.419075	-0.718012	0.0	-0.799968	-0.504655	-0.324615	0.0	2.59233	1.30969	1.1923700000000002	0.357219	
 3	-0.8556809999999999	0.48616099999999995	0.17736300000000002	0.0	0.210229	0.013382499999999999	0.977561	0.0	0.472879	0.873767	-0.113657	0.0	-1.17371	-0.783706	-1.6991599999999998	0.315666	-0.226311	0.754784	-0.615698	0.0	0.555729	-0.419075	-0.718012	0.0	-0.799968	-0.504655	-0.324614	0.0	2.59233	1.30969	1.1923700000000002	0.357219	
 3	-0.8556819999999999	0.486159	0.177362	0.0	0.210215	0.013359399999999999	0.977564	0.0	0.47288199999999997	0.873768	-0.113629	0.0	-1.17371	-0.783709	-1.6991599999999998	0.315664	-0.226311	0.754784	-0.615698	0.0	0.555729	-0.419075	-0.718012	0.0	-0.799968	-0.504656	-0.324615	0.0	2.59233	1.30969	1.1923700000000002	0.357219	
 3	-0.8556809999999999	0.48616099999999995	0.17736300000000002	0.0	0.210229	0.013381700000000002	0.977561	0.0	0.472879	0.873767	-0.113656	0.0	-1.17371	-0.7837069999999999	-1.6991599999999998	0.315666	-0.226311	0.754784	-0.615698	0.0	0.555729	-0.419075	-0.718012	0.0	-0.799968	-0.504655	-0.324615	0.0	2.59233	1.30969	1.1923700000000002	0.357219	
 3	-0.8556860000000001	0.48613599999999996	0.17740799999999998	0.0	0.21027600000000002	0.0133793	0.9775510000000001	0.0	0.47284799999999994	0.8737809999999999	-0.11367100000000001	0.0	-1.17314	-0.783516	-1.69882	0.31550300000000003	-0.226311	0.754784	-0.615698	0.0	0.555729	-0.419075	-0.718012	0.0	-0.799968	-0.504655	-0.324615	0.0	2.59233	1.30969	1.1923700000000002	0.357219	
 3	-0.8556860000000001	0.48613599999999996	0.17740799999999998	0.0	0.21027600000000002	0.0133791	0.9775510000000001	0.0	0.47284899999999996	0.8737809999999999	-0.11367100000000001	0.0	-1.17314	-0.783515	-1.69882	0.315502	-0.226311	0.754784	-0.615698	0.0	0.555729	-0.419075	-0.718012	0.0	-0.799968	-0.504656	-0.324615	0.0	2.59233	1.30969	1.1923700000000002	0.357219	
 3	-0.8556809999999999	0.48616000000000004	0.17736500000000002	0.0	0.210248	0.013412799999999999	0.977556	0.0	0.47286999999999996	0.873767	-0.11369100000000001	0.0	-1.17369	-0.783726	-1.6991599999999998	0.315664	-0.226311	0.754784	-0.615698	0.0	0.555729	-0.419075	-0.718012	0.0	-0.799968	-0.504655	-0.324614	0.0	2.59233	1.30969	1.1923700000000002	0.357219	
 3	-0.8556809999999999	0.48616099999999995	0.17736300000000002	0.0	0.21023000000000003	0.013382699999999999	0.97756	0.0	0.472879	0.873767	-0.113657	0.0	-1.17371	-0.7837069999999999	-1.6991599999999998	0.31566500000000003	-0.226311	0.754784	-0.615698	0.0	0.555729	-0.419075	-0.718012	0.0	-0.799968	-0.504655	-0.324615	0.0	2.59233	1.30969	1.1923700000000002	0.357219	
 3	-0.8556860000000001	0.48613599999999996	0.17740799999999998	0.0	0.210275	0.013378899999999999	0.9775510000000001	0.0	0.47284899999999996	0.8737809999999999	-0.11367100000000001	0.0	-1.17314	-0.783516	-1.69882	0.31550300000000003	-0.226311	0.754784	-0.615698	0.0	0.555729	-0.419075	-0.718012	0.0	-0.799968	-0.504655	-0.324615	0.0	2.59233	1.30969	1.1923700000000002	0.35722	
 3	-0.8556860000000001	0.48613599999999996	0.17740799999999998	0.0	0.21027600000000002	0.013380100000000002	0.9775510000000001	0.0	0.47284799999999994	0.8737809999999999	-0.11367200000000001	0.0	-1.17314	-0.783516	-1.69882	0.315502	-0.226311	0.754784	-0.615698	0.0	0.555729	-0.419075	-0.718012	0.0	-0.799968	-0.504655	-0.324615	0.0	2.59233	1.30969	1.1923700000000002	0.357219	
 3	-0.8556819999999999	0.486159	0.177361	0.0	0.210215	0.013360399999999998	0.977564	0.0	0.47288199999999997	0.873768	-0.11363	0.0	-1.17371	-0.78371	-1.6991599999999998	0.315663	-0.226311	0.754784	-0.615698	0.0	0.555729	-0.419075	-0.718012	0.0	-0.799968	-0.504655	-0.324615	0.0	2.59233	1.30969	1.1923700000000002	0.357219	
 3	-0.8556819999999999	0.486159	0.177361	0.0	0.210215	0.013359999999999999	0.977564	0.0	0.47288199999999997	0.873768	-0.11363	0.0	-1.17371	-0.783709	-1.6991599999999998	0.315663	-0.226311	0.754784	-0.615698	0.0	0.555729	-0.419075	-0.718012	0.0	-0.799968	-0.504656	-0.324615	0.0	2.59233	1.30969	1.1923700000000002	0.357219	
 3	-0.855685	0.486138	0.17740899999999998	0.0	0.21030300000000002	0.013426800000000001	0.9775440000000001	0.0	0.472839	0.8737790000000001	-0.113725	0.0	-1.17315	-0.783479	-1.69881	0.31550300000000003	-0.226311	0.754784	-0.615698	0.0	0.555729	-0.419075	-0.718012	0.0	-0.799968	-0.504656	-0.324615	0.0	2.59233	1.30969	1.1923700000000002	0.357219	
 3	-0.8556860000000001	0.48613599999999996	0.17740799999999998	0.0	0.21027600000000002	0.013380600000000001	0.97755	0.0	0.47284799999999994	0.8737809999999999	-0.11367200000000001	0.0	-1.17314	-0.783517	-1.69882	0.315502	-0.226311	0.754784	-0.615698	0.0	0.555729	-0.419075	-0.718012	0.0	-0.799968	-0.504655	-0.324615	0.0	2.59233	1.30969	1.1923700000000002	0.357219	
 3	-0.8556860000000001	0.48613599999999996	0.17740799999999998	0.0	0.210287	0.013400299999999999	0.977548	0.0	0.472844	0.8737799999999999	-0.113694	0.0	-1.17315	-0.783483	-1.69882	0.315504	-0.226311	0.754784	-0.615698	0.0	0.555729	-0.419075	-0.718012	0.0	-0.799968	-0.504655	-0.324615	0.0	2.59233	1.30969	1.1923700000000002	0.357219	
 3	-0.8556860000000001	0.48613599999999996	0.17740799999999998	0.0	0.210286	0.0133994	0.977548	0.0	0.472844	0.8737799999999999	-0.113693	0.0	-1.17315	-0.783483	-1.69881	0.31550300000000003	-0.226311	0.754784	-0.615698	0.0	0.555729	-0.419075	-0.718012	0.0	-0.799968	-0.504655	-0.324615	0.0	2.59233	1.30969	1.1923700000000002	0.357219	
 3	-0.8556860000000001	0.48613599999999996	0.17740799999999998	0.0	0.210286	0.0134004	0.977548	0.0	0.472844	0.8737799999999999	-0.113694	0.0	-1.17315	-0.7834840000000001	-1.69881	0.31550500000000004	-0.226311	0.754784	-0.615698	0.0	0.555729	-0.419075	-0.718012	0.0	-0.799968	-0.504656	-0.324615	0.0	2.59233	1.30969	1.1923700000000002	0.357219	
 3	-0.8556809999999999	0.48616000000000004	0.17736500000000002	0.0	0.210247	0.0134122	0.977556	0.0	0.47286999999999996	0.873767	-0.11369100000000001	0.0	-1.17369	-0.783726	-1.6991599999999998	0.315664	-0.226311	0.754784	-0.615698	0.0	0.555729	-0.419075	-0.718012	0.0	-0.799968	-0.504655	-0.324615	0.0	2.59233	1.30969	1.1923700000000002	0.357219	
 3	-0.8556809999999999	0.48616099999999995	0.17736300000000002	0.0	0.210229	0.0133826	0.977561	0.0	0.472879	0.873767	-0.113657	0.0	-1.17371	-0.783708	-1.6991599999999998	0.315666	-0.226311	0.754784	-0.615698	0.0	0.555729	-0.419075	-0.718012	0.0	-0.799968	-0.504656	-0.324615	0.0	2.59233	1.30969	1.1923700000000002	0.357219	
 3	-0.855685	0.486138	0.17740899999999998	0.0	0.210302	0.0134259	0.9775440000000001	0.0	0.472839	0.8737790000000001	-0.113724	0.0	-1.17315	-0.7834800000000001	-1.69881	0.315504	-0.226311	0.754784	-0.615698	0.0	0.555729	-0.419075	-0.718012	0.0	-0.799968	-0.504656	-0.324615	0.0	2.59233	1.30969	1.1923700000000002	0.357219	
 3	-0.8556809999999999	0.48616099999999995	0.17736300000000002	0.0	0.210229	0.013382499999999999	0.977561	0.0	0.472879	0.873767	-0.113657	0.0	-1.17371	-0.7837069999999999	-1.6991599999999998	0.31566700000000003	-0.226311	0.754784	-0.615698	0.0	0.555729	-0.419075	-0.718012	0.0	-0.799968	-0.504656	-0.324615	0.0	2.59233	1.30969	1.1923700000000002	0.357219	
 3	-0.855683	0.486159	0.177362	0.0	0.21021399999999998	0.013358400000000001	0.977564	0.0	0.47288199999999997	0.873768	-0.11362799999999999	0.0	-1.17371	-0.783709	-1.6991599999999998	0.31566500000000003	-0.226311	0.754784	-0.615698	0.0	0.555729	-0.419075	-0.718012	0.0	-0.799968	-0.504656	-0.324615	0.0	2.59233	1.30969	1.1923700000000002	0.357219	
 3	-0.855685	0.486138	0.17740899999999998	0.0	0.210302	0.0134259	0.9775440000000001	0.0	0.472839	0.8737790000000001	-0.113724	0.0	-1.17315	-0.783478	-1.69881	0.315504	-0.226311	0.754784	-0.615698	0.0	0.555729	-0.419075	-0.718012	0.0	-0.799968	-0.504655	-0.324614	0.0	2.59233	1.30969	1.1923700000000002	0.357219	
 3	-0.8556809999999999	0.48616000000000004	0.17736500000000002	0.0	0.210248	0.0134131	0.977556	0.0	0.47286999999999996	0.873767	-0.113692	0.0	-1.17369	-0.7837270000000001	-1.6991599999999998	0.31566500000000003	-0.226311	0.754784	-0.615698	0.0	0.555729	-0.419075	-0.718012	0.0	-0.799968	-0.504656	-0.324615	0.0	2.59233	1.30969	1.1923700000000002	0.357219	
 3	-0.8556809999999999	0.48616000000000004	0.17736500000000002	0.0	0.210247	0.0134118	0.977556	0.0	0.47286999999999996	0.873767	-0.11369000000000001	0.0	-1.17369	-0.783726	-1.6991599999999998	0.315664	-0.226311	0.754784	-0.615698	0.0	0.555729	-0.419075	-0.718012	0.0	-0.799968	-0.504656	-0.324615	0.0	2.59233	1.30969	1.1923700000000002	0.357219	
 3	-0.8556860000000001	0.48613599999999996	0.17740799999999998	0.0	0.210286	0.013399600000000001	0.977548	0.0	0.472844	0.8737799999999999	-0.113694	0.0	-1.17315	-0.7834840000000001	-1.69881	0.315504	-0.226311	0.754784	-0.615698	0.0	0.555729	-0.419075	-0.718012	0.0	-0.799968	-0.504656	-0.324615	0.0	2.59233	1.30969	1.1923700000000002	0.357219	
 3	-0.8556860000000001	0.48613599999999996	0.17740799999999998	0.0	0.210287	0.0134001	0.977548	0.0	0.472844	0.8737799999999999	-0.113694	0.0	-1.17315	-0.7834840000000001	-1.69881	0.315504	-0.226311	0.754784	-0.615698	0.0	0.555729	-0.419075	-0.718012	0.0	-0.799968	-0.504656	-0.324615	0.0	2.59233	1.30969	1.1923700000000002	0.357219	
 3	-0.8556819999999999	0.486159	0.177362	0.0	0.210215	0.0133595	0.977564	0.0	0.47288199999999997	0.873768	-0.113629	0.0	-1.17371	-0.783708	-1.6991599999999998	0.315664	-0.226311	0.754784	-0.615698	0.0	0.555729	-0.419075	-0.718012	0.0	-0.799968	-0.504655	-0.324615	0.0	2.59233	1.30969	1.1923700000000002	0.357219	
 3	-0.7541770000000001	0.6530100000000001	-0.06924860000000001	0.0	-0.214061	-0.144781	0.966031	0.0	0.6208020000000001	0.743382	0.248975	0.0	-0.767458	-0.7736930000000001	-1.55666	0.319231	-0.379454	0.729671	-0.568855	0.0	0.567904	-0.301699	-0.765809	0.0	-0.7304109999999999	-0.613644	-0.299902	0.0	2.55611	1.3117299999999998	1.2181600000000001	0.359236	
 3	-0.7518729999999999	0.6557970000000001	-0.06795169999999999	0.0	-0.21184	-0.14269500000000002	0.966831	0.0	0.6243479999999999	0.741329	0.246212	0.0	-0.752142	-0.786844	-1.57756	0.319621	-0.378506	0.729995	-0.56907	0.0	0.567195	-0.302927	-0.76585	0.0	-0.731453	-0.6126520000000001	-0.29938899999999996	0.0	2.55764	1.31179	1.22023	0.35937600000000003	
