3	0.33405100000000004	0.781887	-0.526367	0.0	0.394794	0.391031	0.831404	0.0	0.8558899999999999	-0.485538	-0.17806	0.0	-2.79209	1.94987	1.3655	-1.1444100000000001e-05	-0.593133	0.516197	-0.617847	0.0	0.754788	0.0894794	-0.649838	0.0	-0.28015999999999996	-0.851783	-0.442693	0.0	2.66032	2.0	1.53809	0.0	
3	0.135043	0.8503139999999999	-0.508655	0.0	0.0587313	0.505586	0.860775	0.0	0.9890979999999999	-0.14611500000000002	0.0183356	0.0	-2.8551599999999997	1.8880599999999998	1.29549	-0.000109739	-0.593133	0.516197	-0.617847	0.0	0.7548050000000001	0.0895324	-0.64981	0.0	-0.280113	-0.851777	-0.442733	0.0	2.66032	2.0	1.53809	0.0	
3	-0.0316053	0.774204	-0.632147	0.0	-0.003171	0.632382	0.77465	0.0	0.999495	0.0264875	-0.017531599999999998	0.0	-2.8296	1.9703	1.07534	0.0	-0.593133	0.516197	-0.617846	0.0	0.754845	0.0896558	-0.649746	0.0	-0.280004	-0.851764	-0.442827	0.0	2.66032	2.0	1.53809	0.0	
3	-0.12673	0.71544	-0.687084	0.0	-0.0648153	0.6852159999999999	0.72545	0.0	0.989818	0.13647	-0.040466	0.0	-2.78073	2.1023099999999997	0.96854	0.121975	-0.593132	0.516197	-0.617846	0.0	0.7548739999999999	0.0897433	-0.649701	0.0	-0.279926	-0.8517549999999999	-0.44289399999999995	0.0	2.66032	2.0	1.53809	0.0	
3	-0.15925699999999998	0.711282	-0.6846270000000001	0.0	-0.07068839999999998	0.6834819999999999	0.726536	0.0	0.9847030000000001	0.164101	-0.0585702	0.0	-2.71713	2.17361	0.871426	0.118019	-0.593133	0.516197	-0.617847	0.0	0.754905	0.08983580000000001	-0.6496529999999999	0.0	-0.279844	-0.8517450000000001	-0.442964	0.0	2.66032	2.0	1.53809	0.0	
3	-0.163581	0.712562	-0.6822729999999999	0.0	-0.0853488	0.678774	0.729371	0.0	0.9828309999999999	0.177543	-0.05021830000000001	0.0	-2.71023	2.17539	0.8373879999999999	0.115605	-0.593133	0.516197	-0.617846	0.0	0.754921	0.0898865	-0.649626	0.0	-0.27979899999999996	-0.8517399999999999	-0.443003	0.0	2.66032	2.0	1.53809	0.0	
3	-0.146644	0.723353	-0.6747270000000001	0.0	-0.0762177	0.67181	0.736792	0.0	0.9862489999999999	0.159472	-0.0433846	0.0	-2.63655	2.17557	0.833442	0.0130928	-0.593133	0.516197	-0.617846	0.0	0.754959	0.090001	-0.649567	0.0	-0.279698	-0.851728	-0.44309	0.0	2.66032	2.0	1.53809	0.0	
3	-0.0760275	0.7722859999999999	-0.630709	0.0	-0.029637	0.63051	0.7756149999999999	0.0	0.9966649999999999	0.07766039999999999	-0.0250479	0.0	-2.63049	2.12056	0.872397	0.0	-0.593133	0.516197	-0.617847	0.0	0.75498	0.09006360000000001	-0.6495340000000001	0.0	-0.279642	-0.851721	-0.44313800000000003	0.0	2.66032	2.0	1.53809	0.0	
3	-0.06242469999999999	0.7735890000000001	-0.630605	0.0	-0.0671802	0.6271479999999999	0.775998	0.0	0.9957860000000001	0.0908056	0.012820400000000001	0.0	-2.63781	1.97803	0.895783	0.0	-0.23461100000000001	0.709734	-0.664255	0.0	0.317938	-0.589721	-0.742391	0.0	-0.918626	-0.385365	-0.087297	0.0	2.65794	1.9847700000000001	1.64765	0.0	
3	-0.0533824	0.752885	-0.655984	0.0	-0.07890230000000001	0.651686	0.754374	0.0	0.995452	0.0920289	0.0246158	0.0	-2.63551	1.90789	0.907509	0.0	-0.255063	0.687355	-0.680063	0.0	0.288419	-0.617224	-0.732017	0.0	-0.9229069999999999	-0.38285399999999997	-0.040815699999999996	0.0	2.68284	1.85795	1.64611	0.0	
3	-0.0615267	0.6993119999999999	-0.712164	0.0	-0.0588214	0.709735	0.702008	0.0	0.9963709999999999	0.0850827	-0.00253332	0.0	-2.69101	1.88252	0.910594	0.0	-0.15700699999999998	0.634179	-0.757077	0.0	0.310371	-0.69606	-0.6474340000000001	0.0	-0.9375600000000001	-0.33662600000000004	-0.0875447	0.0	2.74379	1.98594	1.62345	0.0	
3	-0.14870799999999998	0.5869439999999999	-0.795854	0.0	-0.09766760000000001	0.79215	0.6024619999999999	0.0	0.9840459999999999	0.16732	-0.06047380000000001	0.0	-2.71006	2.05423	0.851577	0.0	-0.13481600000000002	0.611129	-0.7799649999999999	0.0	0.275007	-0.73315	-0.6219819999999999	0.0	-0.951943	-0.298349	-0.0692245	0.0	2.7303	2.08126	1.5912	0.0	
3	-0.353883	0.247723	-0.9018870000000001	0.0	-0.394857	0.834568	0.384166	0.0	0.8478530000000001	0.492066	-0.197525	0.0	-2.59102	2.60324	0.5726220000000001	0.31040999999999996	-0.0328781	0.56384	-0.8252299999999999	0.0	0.21013099999999998	-0.803322	-0.557243	0.0	-0.9771200000000001	-0.191727	-0.0920684	0.0	2.65652	2.17243	1.50621	0.357656	
3	-0.358452	0.234738	-0.9035540000000001	0.0	-0.404354	0.8333299999999999	0.376907	0.0	0.841433	0.500459	-0.203792	0.0	-2.54874	2.73068	0.560679	0.313838	-0.0221481	0.551866	-0.8336389999999999	0.0	0.20726599999999998	-0.813193	-0.543837	0.0	-0.9780340000000001	-0.18483	-0.09637260000000002	0.0	2.61053	2.16798	1.49349	0.357242	
3	-0.258256	0.395202	-0.8815440000000001	0.0	-0.22566799999999998	0.862576	0.452809	0.0	0.93935	0.315877	-0.133581	0.0	-2.5933599999999997	2.6590700000000003	0.677909	0.332054	-0.0787824	0.5662229999999999	-0.8204790000000001	0.0	0.251052	-0.785241	-0.5660109999999999	0.0	-0.9647620000000001	-0.250575	-0.0802884	0.0	2.5728299999999997	2.0333099999999997	1.46528	0.358211	
3	-0.14331300000000002	0.51727	-0.8437379999999999	0.0	-0.0509869	0.8475469999999999	0.528266	0.0	0.9883629999999999	0.118727	-0.09509069999999999	0.0	-2.62453	2.45416	0.783881	0.354213	-0.122262	0.572128	-0.8109999999999999	0.0	0.27766799999999997	-0.764784	-0.581384	0.0	-0.952866	-0.296269	-0.065358	0.0	2.5531599999999997	1.94325	1.46154	0.358451	
3	0.198787	0.642392	-0.740146	0.0	0.12285	0.732928	0.669122	0.0	0.9723129999999999	-0.22394	0.0667788	0.0	-2.66672	1.82592	0.9889889999999999	0.357705	-0.28232199999999996	0.5925739999999999	-0.75442	0.0	0.397179	-0.6436430000000001	-0.654196	0.0	-0.873237	-0.484333	-0.053643399999999994	0.0	2.5022599999999997	1.67235	1.4318799999999998	0.358729	
3	0.386385	0.6794319999999999	-0.623762	0.0	0.16054300000000002	0.616418	0.770879	0.0	0.908258	-0.397997	0.129097	0.0	-2.6743	1.46894	1.02845	0.35936	-0.40460799999999997	0.595849	-0.6937270000000001	0.0	0.44055	-0.537764	-0.7188359999999999	0.0	-0.801379	-0.596468	-0.04491780000000001	0.0	2.53706	1.4002700000000001	1.33451	0.358718	
3	0.531647	0.662054	-0.528239	0.0	0.154976	0.5371130000000001	0.829151	0.0	0.832667	-0.52268	0.182952	0.0	-2.69862	1.17554	1.06816	0.359582	-0.406955	0.602783	-0.6863239999999999	0.0	0.44701599999999997	-0.523818	-0.725115	0.0	-0.796596	-0.601887	-0.056284	0.0	2.56068	1.29119	1.22424	0.358065	
3	0.623112	0.62151	-0.47482299999999994	0.0	0.13903900000000002	0.509397	0.849225	0.0	0.769675	-0.5951810000000001	0.23099699999999998	0.0	-2.81965	0.939736	1.09182	0.35854899999999995	-0.410876	0.6060369999999999	-0.681103	0.0	0.456108	-0.5102220000000001	-0.729136	0.0	-0.789397	-0.610241	-0.066781	0.0	2.5413200000000002	1.25292	1.1394799999999998	0.358606	
3	0.652917	0.623751	-0.429691	0.0	0.113469	0.48035	0.869706	0.0	0.7488819999999999	-0.6166020000000001	0.24285199999999998	0.0	-2.8584400000000003	0.8237979999999999	1.0675299999999999	0.358033	-0.420446	0.602876	-0.67806	0.0	0.465893	-0.497827	-0.731514	0.0	-0.778569	-0.623466	-0.0715662	0.0	2.53233	1.23761	1.1215600000000001	0.358637	
3	0.746268	0.609394	-0.267812	0.0	0.0567077	0.342668	0.937743	0.0	0.663226	-0.7149949999999999	0.221165	0.0	-2.85462	0.7204050000000001	1.0447899999999999	0.35649400000000003	-0.44559399999999993	0.614959	-0.650593	0.0	0.488775	-0.441738	-0.752307	0.0	-0.75003	-0.653217	-0.10374000000000001	0.0	2.56467	1.23981	1.10171	0.359151	
3	0.791817	0.586956	-0.168843	0.0	0.0351542	0.23219	0.972035	0.0	0.609746	-0.77561	0.163218	0.0	-2.91784	0.6127	0.923284	0.356514	-0.458437	0.620214	-0.63653	0.0	0.504494	-0.408033	-0.760917	0.0	-0.731657	-0.6699579999999999	-0.125836	0.0	2.63072	1.23742	1.05954	0.359229	
3	0.832398	0.5508569999999999	-0.060572400000000005	0.0	-0.014422200000000001	0.130797	0.9913040000000001	0.0	0.55399	-0.8242870000000001	0.11682000000000001	0.0	-2.93437	0.501735	0.78045	0.35681	-0.45833599999999997	0.622159	-0.6347010000000001	0.0	0.51181	-0.399075	-0.760782	0.0	-0.726621	-0.6735399999999999	-0.135517	0.0	2.69368	1.23796	1.02547	0.35937800000000003	
3	0.846619	0.532197	-0.00185937	0.0	-0.0467749	0.07788880000000001	0.995864	0.0	0.53014	-0.84303	0.0908355	0.0	-2.96183	0.425122	0.676736	0.355391	-0.456329	0.626316	-0.632054	0.0	0.5149060000000001	-0.393447	-0.761625	0.0	-0.725697	-0.6729999999999999	-0.142953	0.0	2.71312	1.24424	1.00657	0.359145	
3	0.8653709999999999	0.496212	0.0700496	0.0	-0.0829933	0.00405584	0.996542	0.0	0.494212	-0.868192	0.0446921	0.0	-2.99362	0.318301	0.47471599999999997	0.355503	-0.45913400000000004	0.62863	-0.627711	0.0	0.5161789999999999	-0.386298	-0.764417	0.0	-0.723019	-0.674981	-0.147123	0.0	2.72559	1.2563	1.00189	0.359362	
3	0.869028	0.482343	0.11015899999999999	0.0	-0.10803099999999999	-0.0322903	0.9936229999999999	0.0	0.482824	-0.875387	0.024046599999999998	0.0	-2.96086	0.23158800000000002	0.35293	0.354732	-0.45875	0.63097	-0.625641	0.0	0.519414	-0.38085399999999997	-0.764957	0.0	-0.720942	-0.67589	-0.15301800000000002	0.0	2.72779	1.2812299999999999	0.977311	0.35949899999999996	
3	0.875592	0.460793	0.14494100000000001	0.0	-0.14066099999999998	-0.043833	0.989087	0.0	0.462117	-0.886425	0.0264358	0.0	-2.93166	0.187803	0.319998	0.354599	-0.45436899999999997	0.634358	-0.6254109999999999	0.0	0.523829	-0.37759299999999996	-0.763562	0.0	-0.7205229999999999	-0.674547	-0.16072899999999998	0.0	2.73539	1.30945	0.9514299999999999	0.359295	
3	0.875709	0.44531000000000004	0.186638	0.0	-0.176366	-0.0648278	0.982188	0.0	0.44947700000000007	-0.893027	0.021767099999999998	0.0	-2.86713	0.0988549	0.26472399999999996	0.354026	-0.45141800000000004	0.6423979999999999	-0.619311	0.0	0.528936	-0.36632800000000004	-0.7655270000000001	0.0	-0.718644	-0.673149	-0.174421	0.0	2.77046	1.35056	0.904883	0.359115	
3	0.8748370000000001	0.44554099999999996	0.19014	0.0	-0.17966500000000002	-0.0660908	0.981505	0.0	0.449867	-0.892819	0.0222294	0.0	-2.86059	0.0968635	0.262405	0.354085	-0.451495	0.642408	-0.6192449999999999	0.0	0.529208	-0.36597199999999996	-0.765509	0.0	-0.718395	-0.673333	-0.174733	0.0	2.7728200000000003	1.35037	0.9021299999999999	0.359247	
3	0.874835	0.44554499999999997	0.190139	0.0	-0.17966300000000002	-0.0660916	0.981506	0.0	0.44987200000000005	-0.892817	0.0222287	0.0	-2.86068	0.0969206	0.262446	0.354084	-0.451495	0.642407	-0.619246	0.0	0.5292060000000001	-0.365975	-0.765509	0.0	-0.718396	-0.6733319999999999	-0.17473	0.0	2.77277	1.35036	0.9021680000000001	0.359247	
3	0.874835	0.44554499999999997	0.190139	0.0	-0.17966300000000002	-0.0660916	0.981506	0.0	0.44987200000000005	-0.892817	0.0222287	0.0	-2.86068	0.0969206	0.262446	0.354084	-0.451495	0.642407	-0.619246	0.0	0.5292060000000001	-0.365975	-0.765509	0.0	-0.7183970000000001	-0.6733319999999999	-0.17473	0.0	2.77277	1.35036	0.9021680000000001	0.359248	
3	0.874835	0.44554499999999997	0.190139	0.0	-0.17966300000000002	-0.0660916	0.981506	0.0	0.44987200000000005	-0.892817	0.0222287	0.0	-2.86068	0.0969206	0.262446	0.354084	-0.451495	0.642407	-0.619246	0.0	0.5292060000000001	-0.365975	-0.765509	0.0	-0.7183970000000001	-0.6733319999999999	-0.17473	0.0	2.77277	1.35036	0.902169	0.359248	
3	0.874835	0.44554499999999997	0.190139	0.0	-0.17966300000000002	-0.0660916	0.981506	0.0	0.44987200000000005	-0.892817	0.0222287	0.0	-2.86068	0.0969206	0.262446	0.354084	-0.451495	0.642407	-0.619246	0.0	0.5292060000000001	-0.365975	-0.765509	0.0	-0.718396	-0.6733319999999999	-0.17473	0.0	2.77277	1.35036	0.902169	0.359247	
3	0.874835	0.44554499999999997	0.190139	0.0	-0.17966300000000002	-0.0660916	0.981506	0.0	0.44987200000000005	-0.892817	0.0222287	0.0	-2.86068	0.0969206	0.262446	0.354084	-0.451495	0.642407	-0.619246	0.0	0.5292060000000001	-0.365975	-0.765509	0.0	-0.718396	-0.6733319999999999	-0.17473	0.0	2.77277	1.35036	0.902169	0.359247	
3	0.874835	0.44554499999999997	0.190139	0.0	-0.17966300000000002	-0.0660916	0.981506	0.0	0.44987200000000005	-0.892817	0.0222287	0.0	-2.86068	0.0969206	0.262446	0.354084	-0.451495	0.642407	-0.619246	0.0	0.5292060000000001	-0.365975	-0.765509	0.0	-0.718396	-0.6733319999999999	-0.17473	0.0	2.77277	1.35036	0.902169	0.359247	
3	0.874835	0.44554499999999997	0.190139	0.0	-0.17966300000000002	-0.0660916	0.981506	0.0	0.44987200000000005	-0.892817	0.0222287	0.0	-2.86068	0.0969205	0.262446	0.354084	-0.451495	0.642407	-0.619246	0.0	0.5292060000000001	-0.365975	-0.765509	0.0	-0.718396	-0.6733319999999999	-0.17473	0.0	2.77277	1.35036	0.902169	0.359247	
3	0.874835	0.44554499999999997	0.190139	0.0	-0.17966300000000002	-0.0660916	0.981506	0.0	0.44987200000000005	-0.892817	0.0222287	0.0	-2.86068	0.0969205	0.262446	0.354084	-0.451495	0.642407	-0.619246	0.0	0.5292060000000001	-0.365975	-0.765509	0.0	-0.718396	-0.6733319999999999	-0.17473	0.0	2.77277	1.35036	0.902169	0.359247	
3	0.874835	0.44554499999999997	0.190139	0.0	-0.17966300000000002	-0.0660916	0.981506	0.0	0.44987200000000005	-0.892817	0.022228599999999998	0.0	-2.86068	0.0969207	0.262446	0.354084	-0.451495	0.642407	-0.619246	0.0	0.5292060000000001	-0.365975	-0.765509	0.0	-0.718396	-0.6733319999999999	-0.17473	0.0	2.77277	1.35036	0.902169	0.359247	
3	0.874835	0.44554499999999997	0.190139	0.0	-0.17966300000000002	-0.0660916	0.981506	0.0	0.44987200000000005	-0.892817	0.0222287	0.0	-2.86068	0.0969205	0.262446	0.354084	-0.451495	0.642407	-0.619246	0.0	0.5292060000000001	-0.365975	-0.765509	0.0	-0.718396	-0.6733319999999999	-0.17473	0.0	2.77277	1.35036	0.902169	0.359247	
3	0.874835	0.44554499999999997	0.190139	0.0	-0.17966300000000002	-0.0660916	0.981506	0.0	0.44987200000000005	-0.892817	0.0222287	0.0	-2.86068	0.0969206	0.262446	0.354084	-0.451495	0.642407	-0.619246	0.0	0.5292060000000001	-0.36597399999999997	-0.765509	0.0	-0.718396	-0.6733319999999999	-0.17473	0.0	2.77277	1.35036	0.9021680000000001	0.359247	
3	0.874835	0.44554499999999997	0.190139	0.0	-0.17966300000000002	-0.0660916	0.981506	0.0	0.44987200000000005	-0.892817	0.022228599999999998	0.0	-2.86068	0.0969205	0.262446	0.354084	-0.451495	0.642407	-0.619246	0.0	0.5292060000000001	-0.36597399999999997	-0.765509	0.0	-0.718396	-0.6733319999999999	-0.17473	0.0	2.77277	1.35036	0.902169	0.359247	
3	0.874835	0.44554499999999997	0.190139	0.0	-0.17966300000000002	-0.0660916	0.981506	0.0	0.44987200000000005	-0.892817	0.0222287	0.0	-2.86068	0.0969207	0.262446	0.354084	-0.451495	0.642407	-0.619246	0.0	0.5292060000000001	-0.36597399999999997	-0.765509	0.0	-0.718396	-0.6733319999999999	-0.17473	0.0	2.77277	1.35036	0.902169	0.359248	
3	0.874835	0.44554499999999997	0.190139	0.0	-0.17966300000000002	-0.0660916	0.981506	0.0	0.44987200000000005	-0.892817	0.0222287	0.0	-2.86068	0.0969206	0.262446	0.354084	-0.451495	0.642407	-0.619246	0.0	0.5292060000000001	-0.36597399999999997	-0.765509	0.0	-0.718396	-0.6733319999999999	-0.17473	0.0	2.77277	1.35036	0.9021680000000001	0.359248	
3	0.874835	0.44554499999999997	0.190139	0.0	-0.17966300000000002	-0.0660916	0.981506	0.0	0.44987200000000005	-0.892817	0.0222287	0.0	-2.86068	0.0969206	0.262446	0.354084	-0.451495	0.642407	-0.619246	0.0	0.5292060000000001	-0.36597399999999997	-0.765509	0.0	-0.718396	-0.6733319999999999	-0.17473	0.0	2.77277	1.35036	0.902169	0.359248	
3	0.874835	0.44554499999999997	0.190139	0.0	-0.17966300000000002	-0.0660916	0.981506	0.0	0.44987200000000005	-0.892817	0.0222287	0.0	-2.86068	0.0969206	0.262446	0.354084	-0.451495	0.642407	-0.619246	0.0	0.5292060000000001	-0.36597399999999997	-0.765509	0.0	-0.718396	-0.6733319999999999	-0.17473	0.0	2.77277	1.35036	0.902169	0.359248	
3	0.874835	0.44554499999999997	0.190139	0.0	-0.17966300000000002	-0.0660916	0.981506	0.0	0.44987200000000005	-0.892817	0.0222287	0.0	-2.86068	0.0969206	0.262446	0.354084	-0.451495	0.642407	-0.619246	0.0	0.5292060000000001	-0.36597399999999997	-0.765509	0.0	-0.718396	-0.6733319999999999	-0.17473	0.0	2.77277	1.35036	0.902169	0.359248	
3	0.874835	0.44554499999999997	0.190139	0.0	-0.17966300000000002	-0.0660916	0.981506	0.0	0.44987200000000005	-0.892817	0.022228599999999998	0.0	-2.86068	0.0969206	0.262446	0.354084	-0.451495	0.642407	-0.619246	0.0	0.5292060000000001	-0.36597399999999997	-0.765509	0.0	-0.718396	-0.6733319999999999	-0.17473	0.0	2.77277	1.35036	0.902169	0.359248	
3	0.874835	0.44554499999999997	0.190139	0.0	-0.17966300000000002	-0.0660916	0.981506	0.0	0.44987200000000005	-0.892817	0.0222287	0.0	-2.86068	0.0969206	0.262446	0.354084	-0.451495	0.642407	-0.619246	0.0	0.5292060000000001	-0.36597399999999997	-0.765509	0.0	-0.718396	-0.6733319999999999	-0.17473	0.0	2.77277	1.35036	0.902169	0.359248	
3	0.874835	0.44554499999999997	0.190139	0.0	-0.17966300000000002	-0.0660916	0.981506	0.0	0.44987200000000005	-0.892817	0.0222287	0.0	-2.86068	0.0969206	0.262446	0.354084	-0.451495	0.642407	-0.619246	0.0	0.5292060000000001	-0.36597399999999997	-0.765509	0.0	-0.718396	-0.6733319999999999	-0.17473	0.0	2.77277	1.35036	0.902169	0.359248	
3	0.9143819999999999	0.368041	0.168673	0.0	-0.0787133	-0.24706399999999998	0.9657969999999999	0.0	0.39712600000000003	-0.896385	-0.196941	0.0	-2.84008	0.0587279	0.206008	0.35124299999999997	-0.46577299999999994	0.673998	-0.573396	0.0	0.559055	-0.27815500000000004	-0.781081	0.0	-0.68594	-0.684366	-0.24724400000000002	0.0	2.72391	1.35611	0.94485	0.35946100000000003	
3	0.917795	0.33792	0.20847600000000002	0.0	-0.151842	-0.186435	0.9706629999999999	0.0	0.366873	-0.922525	-0.119799	0.0	-2.81383	-0.214035	0.173507	0.349923	-0.46770200000000006	0.6739390000000001	-0.571893	0.0	0.557266	-0.277392	-0.782629	0.0	-0.686083	-0.684733	-0.24582600000000002	0.0	2.70191	1.3694600000000001	0.9511809999999999	0.35940900000000003	
3	0.920374	0.32316	0.220178	0.0	-0.18195	-0.144483	0.972635	0.0	0.346129	-0.93525	-0.0741798	0.0	-2.7921400000000003	-0.434162	0.110177	0.34942399999999996	-0.468988	0.674858	-0.569752	0.0	0.5561689999999999	-0.275465	-0.784089	0.0	-0.686095	-0.684606	-0.246146	0.0	2.70237	1.3720700000000001	0.949311	0.359412	
3	0.939059	0.19044	0.28618299999999997	0.0	-0.279548	-0.0614283	0.9581649999999999	0.0	0.200053	-0.979775	-0.00444779	0.0	-2.9041799999999998	-1.1482	-0.204537	0.346921	-0.469894	0.675774	-0.567916	0.0	0.556913	-0.27221	-0.784697	0.0	-0.68487	-0.685005	-0.24843800000000002	0.0	2.7257	1.37304	0.9395540000000001	0.359373	
3	0.936206	0.153723	0.316052	0.0	-0.31045100000000003	-0.0598101	0.9487059999999999	0.0	0.164741	-0.986302	-0.00827118	0.0	-2.9496700000000002	-1.43205	-0.423599	0.349366	-0.47099300000000005	0.6756300000000001	-0.567177	0.0	0.5574140000000001	-0.270385	-0.7849729999999999	0.0	-0.683707	-0.685869	-0.249257	0.0	2.72759	1.37489	0.935751	0.359431	
3	0.9243129999999999	0.167683	0.34282199999999996	0.0	-0.34612	-0.0100801	0.9381360000000001	0.0	0.16076500000000002	-0.9857889999999999	0.0487214	0.0	-2.9094	-2.06238	-0.904112	0.354215	-0.47091700000000003	0.678247	-0.564109	0.0	0.558457	-0.265812	-0.7857930000000001	0.0	-0.682908	-0.6850729999999999	-0.253596	0.0	2.73746	1.39593	0.9414969999999999	0.359565	
3	0.9207549999999999	0.145222	0.362107	0.0	-0.366704	0.00528927	0.930323	0.0	0.133188	-0.9893850000000001	0.05812369999999999	0.0	-2.87712	-2.2652	-1.07121	0.35622800000000004	-0.471395	0.678087	-0.563901	0.0	0.560175	-0.263637	-0.7853020000000001	0.0	-0.6811689999999999	-0.686071	-0.255571	0.0	2.73731	1.4045	0.943744	0.35942399999999997	
3	0.907488	0.13639500000000002	0.397318	0.0	-0.40314099999999997	0.016916099999999996	0.914982	0.0	0.118078	-0.99051	0.07033769999999999	0.0	-2.85623	-2.64425	-1.40411	0.35649699999999995	-0.473433	0.678822	-0.561304	0.0	0.5610390000000001	-0.258865	-0.786272	0.0	-0.679041	-0.68716	-0.258291	0.0	2.7429900000000003	1.42445	0.954319	0.359439	
3	0.9087459999999999	0.123878	0.398542	0.0	-0.403945	0.020988099999999996	0.914542	0.0	0.10492699999999999	-0.9920760000000001	0.0691127	0.0	-2.8461	-2.74114	-1.4764700000000002	0.355308	-0.473419	0.6787989999999999	-0.561343	0.0	0.561736	-0.258211	-0.78599	0.0	-0.678474	-0.687429	-0.259063	0.0	2.74463	1.4273200000000001	0.9505370000000001	0.359491	
3	0.884893	0.131629	0.446808	0.0	-0.44978999999999997	-0.00781158	0.8931	0.0	0.121049	-0.991268	0.052293200000000005	0.0	-2.74019	-2.9396400000000003	-1.64688	0.354812	-0.471296	0.681613	-0.559718	0.0	0.562652	-0.25635	-0.785944	0.0	-0.679193	-0.685339	-0.262694	0.0	2.76009	1.43903	0.917579	0.359358	
3	0.8730450000000001	0.135483	0.468442	0.0	-0.473042	0.00201194	0.8810379999999999	0.0	0.118423	-0.990778	0.0658459	0.0	-2.69219	-3.06173	-1.68195	0.354693	-0.47196400000000005	0.683349	-0.557032	0.0	0.5617479999999999	-0.253866	-0.787395	0.0	-0.679477	-0.684533	-0.26405500000000004	0.0	2.76377	1.44779	0.903608	0.35927	
3	0.870667	0.128064	0.474909	0.0	-0.478861	8.48323e-05	0.877891	0.0	0.11238599999999999	-0.991766	0.0613986	0.0	-2.6582	-3.13631	-1.7372	0.36393400000000004	-0.47321599999999997	0.6832560000000001	-0.556083	0.0	0.56105	-0.252916	-0.788198	0.0	-0.679183	-0.684978	-0.26365700000000003	0.0	2.77231	1.4499799999999998	0.8968280000000001	0.35939299999999996	
3	0.8613049999999999	0.13128599999999999	0.490834	0.0	-0.495701	0.00510973	0.8684780000000001	0.0	0.11151099999999999	-0.991331	0.0694798	0.0	-2.64328	-3.19108	-1.7306099999999998	0.364002	-0.470743	0.685954	-0.554858	0.0	0.560322	-0.253343	-0.788579	0.0	-0.681499	-0.682117	-0.265096	0.0	2.79679	1.4571399999999999	0.8985790000000001	0.359323	
3	0.856931	0.138318	0.496525	0.0	-0.502577	0.010429899999999999	0.8644700000000001	0.0	0.11439300000000001	-0.990333	0.07845310000000001	0.0	-2.63904	-3.227	-1.7047299999999999	0.363978	-0.469106	0.688768	-0.552755	0.0	0.561296	-0.250692	-0.788733	0.0	-0.681826	-0.6802590000000001	-0.269002	0.0	2.80318	1.46272	0.8731610000000001	0.35932	
3	0.852617	0.1499	0.5005729999999999	0.0	-0.509522	0.0260295	0.8600639999999999	0.0	0.11589400000000001	-0.988359	0.0985703	0.0	-2.58261	-3.2652900000000002	-1.64913	0.363902	-0.46916599999999997	0.6905399999999999	-0.550489	0.0	0.562121	-0.24725	-0.7892319999999999	0.0	-0.6811050000000001	-0.679723	-0.272165	0.0	2.8047400000000002	1.48714	0.8673120000000001	0.359381	
3	0.8566010000000001	0.139438	0.49678100000000003	0.0	-0.50508	0.0297579	0.862559	0.0	0.105491	-0.989784	0.0959182	0.0	-2.5949299999999997	-3.2673099999999997	-1.58548	0.36398400000000003	-0.467139	0.6929569999999999	-0.5491739999999999	0.0	0.563611	-0.24519499999999997	-0.78881	0.0	-0.681266	-0.678005	-0.276018	0.0	2.81524	1.52401	0.8655940000000001	0.358955	
3	0.858223	0.140289	0.493734	0.0	-0.5021800000000001	0.030548900000000004	0.864224	0.0	0.10615799999999999	-0.9896389999999999	0.0966679	0.0	-2.61309	-3.27523	-1.59395	0.36398	-0.46561099999999994	0.693237	-0.550118	0.0	0.564448	-0.246141	-0.787917	0.0	-0.681619	-0.677376	-0.27669	0.0	2.81783	1.53072	0.864477	0.35917899999999997	
3	0.8766219999999999	0.155341	0.45541499999999996	0.0	-0.466684	0.043912900000000005	0.8833340000000001	0.0	0.11722	-0.986884	0.11099	0.0	-2.63815	-3.28924	-1.59	0.363978	-0.465904	0.695337	-0.547211	0.0	0.563534	-0.24361100000000002	-0.7893560000000001	0.0	-0.682175	-0.676136	-0.27834699999999996	0.0	2.8168900000000003	1.53898	0.8614780000000001	0.358995	
3	0.896899	0.17543499999999998	0.405948	0.0	-0.420095	0.0511817	0.9060360000000001	0.0	0.138173	-0.98316	0.119604	0.0	-2.66105	-3.29469	-1.56435	0.36398400000000003	-0.463821	0.698239	-0.545283	0.0	0.562999	-0.24291999999999997	-0.7899510000000001	0.0	-0.684034	-0.673389	-0.280437	0.0	2.8289400000000002	1.54966	0.8424940000000001	0.35913	
3	0.9351790000000001	0.187097	0.30072600000000005	0.0	-0.318201	0.0709823	0.945362	0.0	0.155528	-0.9797739999999999	0.125916	0.0	-2.70845	-3.3187599999999997	-1.5648600000000001	0.36397199999999996	-0.46180699999999997	0.700708	-0.543822	0.0	0.56193	-0.24325100000000002	-0.79061	0.0	-0.686272	-0.6706989999999999	-0.281415	0.0	2.8393900000000003	1.55705	0.8085060000000001	0.359172	
3	0.950752	0.186927	0.247241	0.0	-0.26514899999999997	0.0774031	0.961096	0.0	0.160518	-0.9793200000000001	0.123155	0.0	-2.73093	-3.31746	-1.5628799999999998	0.363985	-0.460467	0.701813	-0.543533	0.0	0.562214	-0.24326799999999998	-0.790402	0.0	-0.6869390000000001	-0.669536	-0.282552	0.0	2.8420799999999997	1.56483	0.793277	0.359006	
3	0.964513	0.174281	0.198345	0.0	-0.217379	0.0977469	0.971181	0.0	0.14987	-0.979833	0.132163	0.0	-2.77798	-3.34206	-1.60113	0.356243	-0.45630699999999996	0.7097640000000001	-0.536674	0.0	0.561643	-0.238069	-0.792389	0.0	-0.690175	-0.662991	-0.290002	0.0	2.8428400000000003	1.62899	0.8159649999999999	0.359051	
3	0.9727629999999999	0.158589	0.169061	0.0	-0.1877	0.110943	0.975941	0.0	0.136017	-0.981092	0.137689	0.0	-2.7728200000000003	-3.3529	-1.5892899999999999	0.341801	-0.45552	0.7120489999999999	-0.5343100000000001	0.0	0.559575	-0.237781	-0.793937	0.0	-0.692371	-0.660641	-0.290131	0.0	2.84484	1.6474099999999998	0.822267	0.359067	
3	0.9814360000000001	0.140034	0.131047	0.0	-0.152075	0.151873	0.9766309999999999	0.0	0.11685899999999999	-0.9784299999999999	0.170349	0.0	-2.7652799999999997	-3.38951	-1.5523200000000001	0.286546	-0.45565600000000006	0.712316	-0.5338390000000001	0.0	0.559232	-0.23751799999999998	-0.794257	0.0	-0.692558	-0.6604479999999999	-0.290123	0.0	2.84193	1.6668	0.828875	0.359073	
3	0.985783	0.127876	0.10899	0.0	-0.129799	0.167678	0.97726	0.0	0.10669200000000001	-0.977513	0.181892	0.0	-2.7537	-3.3719699999999997	-1.5873700000000002	0.18161	-0.45509799999999995	0.715653	-0.529837	0.0	0.5594600000000001	-0.233109	-0.795403	0.0	-0.692742	-0.658408	-0.294292	0.0	2.85048	1.6922099999999998	0.8267049999999999	0.359057	
3	0.9895370000000001	0.105965	0.09791960000000001	0.0	-0.115356	0.173427	0.978068	0.0	0.0866594	-0.97913	0.183836	0.0	-2.75223	-3.36997	-1.6563299999999999	0.0797516	-0.454143	0.719057	-0.526033	0.0	0.559099	-0.229681	-0.796652	0.0	-0.693658	-0.655899	-0.297716	0.0	2.89773	1.7116900000000002	0.818	0.35923099999999997	
3	0.9932709999999999	0.079279	0.0844239	0.0	-0.0976941	0.182075	0.978419	0.0	0.0621966	-0.9800840000000001	0.188595	0.0	-2.75451	-3.36171	-1.6662400000000002	0.0	-0.45265299999999997	0.724115	-0.5203479999999999	0.0	0.558875	-0.224322	-0.798335	0.0	-0.694812	-0.6521779999999999	-0.30315	0.0	2.9106799999999997	1.72948	0.7975899999999999	0.359057	
3	0.994409	0.07274889999999999	0.0765446	0.0	-0.0891807	0.190348	0.977658	0.0	0.0565534	-0.979018	0.195771	0.0	-2.7596	-3.36288	-1.62175	0.00189111	-0.4529	0.724342	-0.519817	0.0	0.558895	-0.22359899999999996	-0.798523	0.0	-0.694635	-0.652175	-0.303563	0.0	2.91865	1.73364	0.793186	0.359188	
3	0.9963870000000001	0.0631244	0.0568179	0.0	-0.0686808	0.205353	0.976275	0.0	0.0499591	-0.97665	0.208946	0.0	-2.77572	-3.46919	-1.5510700000000002	0.0	-0.454305	0.724962	-0.5177229999999999	0.0	0.559357	-0.220176	-0.7991510000000001	0.0	-0.693344	-0.65265	-0.305485	0.0	2.9413099999999996	1.7375200000000002	0.789327	0.359207	
3	0.9955700000000001	0.0934432	0.0104575	0.0	-0.029804	0.208128	0.977648	0.0	0.089178	-0.973628	0.20999099999999998	0.0	-2.78655	-3.4646	-1.5996	0.0	-0.45441899999999996	0.725533	-0.5168229999999999	0.0	0.559038	-0.21943000000000001	-0.7995800000000001	0.0	-0.6935279999999999	-0.652267	-0.30588699999999996	0.0	2.94345	1.73577	0.792799	0.35925	
3	0.9886510000000001	0.12333399999999999	-0.0857798	0.0	0.060429	0.19627999999999998	0.978684	0.0	0.137542	-0.9727600000000001	0.1866	0.0	-2.7585	-3.36249	-1.63729	0.0	-0.45397200000000004	0.727014	-0.5151319999999999	0.0	0.558664	-0.218137	-0.800194	0.0	-0.694121	-0.651051	-0.307129	0.0	2.94637	1.7332	0.785658	0.359338	
3	0.975123	0.172651	-0.13902	0.0	0.10764000000000001	0.17943599999999998	0.9778629999999999	0.0	0.193774	-0.9685010000000001	0.156388	0.0	-2.74085	-3.20329	-1.6795799999999999	0.0	-0.452567	0.729059	-0.513474	0.0	0.557331	-0.21824200000000002	-0.801095	0.0	-0.6961069999999999	-0.648724	-0.307558	0.0	2.95092	1.7267	0.778077	0.35961	
3	0.9698209999999999	0.188211	-0.154997	0.0	0.12178399999999999	0.176793	0.976685	0.0	0.211225	-0.9660850000000001	0.148536	0.0	-2.75936	-3.09357	-1.70965	0.0	-0.45282799999999995	0.730046	-0.51184	0.0	0.556258	-0.21731999999999999	-0.802091	0.0	-0.696796	-0.6479229999999999	-0.307686	0.0	2.95225	1.7203099999999998	0.770848	0.359602	
3	0.9724360000000001	0.190161	-0.134936	0.0	0.10156	0.175496	0.9792280000000001	0.0	0.209892	-0.9659399999999999	0.151345	0.0	-2.76661	-3.06842	-1.72082	0.0	-0.451621	0.73088	-0.5117149999999999	0.0	0.5575289999999999	-0.216588	-0.8014060000000001	0.0	-0.696563	-0.647227	-0.30967100000000003	0.0	2.95116	1.72147	0.769506	0.359402	
3	0.9758690000000001	0.218214	0.00783139	0.0	-0.0376893	0.13300499999999998	0.990398	0.0	0.215077	-0.9667950000000001	0.13802	0.0	-2.72116	-3.1316200000000003	-1.7636599999999998	0.0	-0.45057700000000006	0.7310949999999999	-0.512329	0.0	0.556237	-0.218966	-0.801657	0.0	-0.69827	-0.646185	-0.308001	0.0	2.91946	1.71871	0.771203	0.359541	
0	0.9761850000000001	0.201982	0.0791559	0.0	-0.0973477	0.0817688	0.991886	0.0	0.19387000000000001	-0.9759700000000001	0.099484	0.0	-2.74241	-3.18308	-1.72355	0.124028	-0.452505	0.72944	-0.512989	0.0	0.555451	-0.21948800000000002	-0.802059	0.0	-0.697649	-0.647876	-0.305849	0.0	2.91265	1.7171299999999998	0.777065	0.359737	
0	0.961283	0.225021	0.159063	0.0	-0.174629	0.0509233	0.983317	0.0	0.213167	-0.9730219999999999	0.08824689999999999	0.0	-2.7558700000000003	-3.3451199999999996	-1.7124099999999998	0.35480900000000004	-0.45352600000000004	0.729824	-0.511538	0.0	0.557767	-0.21524200000000002	-0.801603	0.0	-0.695134	-0.648867	-0.309454	0.0	2.94124	1.7181799999999998	0.773895	0.359634	
0	0.960558	0.227483	0.159936	0.0	-0.177951	0.0608861	0.9821540000000001	0.0	0.21368600000000001	-0.971877	0.0989655	0.0	-2.75611	-3.36059	-1.7014200000000002	0.355636	-0.45250799999999997	0.730082	-0.512071	0.0	0.557366	-0.21669699999999997	-0.801489	0.0	-0.696117	-0.648091	-0.308866	0.0	2.94654	1.72449	0.776487	0.35965199999999997	
0	0.9624149999999999	0.23068200000000003	0.143331	0.0	-0.171257	0.105876	0.9795209999999999	0.0	0.21078200000000002	-0.967252	0.141403	0.0	-2.73537	-3.3757099999999998	-1.6662599999999999	0.356679	-0.45182700000000003	0.729738	-0.513162	0.0	0.557251	-0.218333	-0.801125	0.0	-0.696652	-0.64793	-0.30799899999999997	0.0	2.95025	1.73385	0.779501	0.359479	
0	0.9620879999999999	0.242946	0.123954	0.0	-0.164408	0.15397	0.974301	0.0	0.21761799999999998	-0.957742	0.188075	0.0	-2.73081	-3.4106300000000003	-1.6746400000000001	0.357145	-0.45382799999999995	0.727884	-0.514029	0.0	0.559341	-0.21635900000000002	-0.800204	0.0	-0.69367	-0.650672	-0.308946	0.0	2.9508900000000002	1.7375599999999998	0.785767	0.359718	
0	0.9615290000000001	0.244258	0.125703	0.0	-0.168993	0.165191	0.971676	0.0	0.216574	-0.9555370000000001	0.200113	0.0	-2.7185	-3.44	-1.67231	0.35628200000000004	-0.45413400000000004	0.7277640000000001	-0.513929	0.0	0.559566	-0.215887	-0.8001739999999999	0.0	-0.693288	-0.650963	-0.309191	0.0	2.9497299999999997	1.73715	0.788644	0.359554	
0	0.9608049999999999	0.24250100000000002	0.13434300000000002	0.0	-0.182069	0.186531	0.9654309999999999	0.0	0.20905900000000002	-0.95205	0.223372	0.0	-2.7296400000000003	-3.50075	-1.6805299999999999	0.356197	-0.45251800000000003	0.728225	-0.5147	0.0	0.560628	-0.216531	-0.799257	0.0	-0.693487	-0.650233	-0.31028	0.0	2.9565200000000003	1.73826	0.779697	0.359616	
0	0.9597600000000001	0.246023	0.135403	0.0	-0.18420599999999998	0.1876	0.9648180000000001	0.0	0.211966	-0.950936	0.22537	0.0	-2.73808	-3.5108800000000002	-1.6796799999999998	0.358879	-0.45026099999999997	0.730817	-0.513004	0.0	0.5603130000000001	-0.216075	-0.799601	0.0	-0.695208	-0.647471	-0.31219600000000003	0.0	2.95917	1.74374	0.762594	0.359773	
0	0.9595239999999999	0.24341999999999997	0.14163499999999998	0.0	-0.18848900000000002	0.181399	0.9651770000000001	0.0	0.20925100000000002	-0.952807	0.21993800000000002	0.0	-2.7319999999999998	-3.52636	-1.68072	0.36164	-0.449216	0.732528	-0.511475	0.0	0.560262	-0.214966	-0.7999350000000001	0.0	-0.695925	-0.645904	-0.313842	0.0	2.96053	1.75475	0.754958	0.359558	
0	0.9585459999999999	0.247207	0.14169500000000002	0.0	-0.189308	0.18085299999999999	0.9651190000000001	0.0	0.21295799999999998	-0.9519350000000001	0.22015500000000002	0.0	-2.6934	-3.6137300000000003	-1.68665	0.360969	-0.44899700000000003	0.732527	-0.51167	0.0	0.559747	-0.215765	-0.800081	0.0	-0.696481	-0.64564	-0.313152	0.0	2.95935	1.75915	0.758624	0.359703	
0	0.9598540000000001	0.24429800000000002	0.13784000000000002	0.0	-0.18553699999999998	0.184398	0.965181	0.0	0.21037399999999998	-0.9520059999999999	0.222321	0.0	-2.67378	-3.6125199999999995	-1.67031	0.360799	-0.44943500000000003	0.731245	-0.513117	0.0	0.560555	-0.21638000000000002	-0.799349	0.0	-0.6955479999999999	-0.646885	-0.312655	0.0	2.95958	1.75765	0.757263	0.359551	
0	0.9615360000000001	0.238841	0.135658	0.0	-0.182443	0.186133	0.9654370000000001	0.0	0.20533600000000002	-0.953053	0.222548	0.0	-2.6624	-3.61134	-1.66861	0.359885	-0.44996800000000003	0.7314930000000001	-0.512296	0.0	0.561049	-0.214761	-0.799439	0.0	-0.694805	-0.647145	-0.313768	0.0	2.95785	1.76505	0.7623989999999999	0.359632	
0	0.9626040000000001	0.23422800000000002	0.13613	0.0	-0.181877	0.186315	0.9655090000000001	0.0	0.200786	-0.954161	0.221948	0.0	-2.65378	-3.61084	-1.661	0.3607	-0.44936400000000004	0.732322	-0.511641	0.0	0.561465	-0.213955	-0.799362	0.0	-0.694859	-0.646473	-0.31503000000000003	0.0	2.9615299999999998	1.77348	0.763426	0.359572	
0	0.9632950000000001	0.234132	0.13131900000000002	0.0	-0.177319	0.187691	0.96609	0.0	0.201545	-0.953915	0.222318	0.0	-2.65349	-3.6106599999999998	-1.6601299999999999	0.360722	-0.449355	0.7326520000000001	-0.5111760000000001	0.0	0.5614560000000001	-0.213461	-0.799501	0.0	-0.694872	-0.646262	-0.315432	0.0	2.96107	1.7800799999999999	0.766119	0.359541	
0	0.9621780000000001	0.23919	0.130386	0.0	-0.17646900000000001	0.182631	0.9672149999999999	0.0	0.20753600000000003	-0.953642	0.21793400000000002	0.0	-2.65957	-3.61205	-1.65425	0.359937	-0.44811899999999993	0.734129	-0.510141	0.0	0.5606180000000001	-0.21372199999999997	-0.8000189999999999	0.0	-0.696346	-0.6444979999999999	-0.315793	0.0	2.96557	1.7840599999999998	0.766372	0.359456	
0	0.9608639999999999	0.243252	0.132551	0.0	-0.178707	0.178679	0.967542	0.0	0.211673	-0.953364	0.21515700000000001	0.0	-2.66515	-3.61325	-1.64992	0.360057	-0.44671400000000006	0.734837	-0.510353	0.0	0.558825	-0.216299	-0.800581	0.0	-0.6986859999999999	-0.642829	-0.31402199999999997	0.0	2.95688	1.78512	0.768525	0.35951500000000003	
0	0.960533	0.244339	0.132948	0.0	-0.179371	0.178759	0.967404	0.0	0.21260900000000002	-0.9530709999999999	0.215531	0.0	-2.66606	-3.6134	-1.64936	0.360091	-0.44827700000000004	0.7339899999999999	-0.510202	0.0	0.559399	-0.214837	-0.800573	0.0	-0.6972229999999999	-0.644285	-0.314287	0.0	2.95263	1.7846799999999998	0.77469	0.359619	
0	0.960116	0.24472199999999997	0.135234	0.0	-0.18181	0.178975	0.966909	0.0	0.21241999999999997	-0.952932	0.21633000000000002	0.0	-2.66705	-3.61345	-1.64947	0.360556	-0.44867399999999996	0.733213	-0.51097	0.0	0.560739	-0.21423899999999999	-0.799796	0.0	-0.695891	-0.645368	-0.31501799999999996	0.0	2.95329	1.7843900000000001	0.776736	0.359404	
0	0.960541	0.24390100000000003	0.13369	0.0	-0.180282	0.17993900000000002	0.967016	0.0	0.2118	-0.9529610000000001	0.21681	0.0	-2.66529	-3.61297	-1.65133	0.359586	-0.447675	0.73405	-0.510644	0.0	0.5614279999999999	-0.21373899999999998	-0.799446	0.0	-0.695978	-0.644582	-0.316431	0.0	2.9600299999999997	1.78961	0.780999	0.359478	
0	0.960542	0.24431599999999998	0.132923	0.0	-0.179677	0.180264	0.967068	0.0	0.21230900000000003	-0.952793	0.217049	0.0	-2.6655599999999997	-3.6128400000000003	-1.65209	0.358784	-0.44763800000000004	0.735348	-0.508807	0.0	0.559546	-0.213496	-0.80083	0.0	-0.697516	-0.643183	-0.315893	0.0	2.96295	1.7924200000000001	0.778193	0.35951500000000003	
0	0.9622129999999999	0.239627	0.129323	0.0	-0.17690999999999998	0.189098	0.9658909999999999	0.0	0.206999	-0.9522719999999999	0.224345	0.0	-2.6594	-3.60949	-1.66403	0.349662	-0.44715699999999997	0.735378	-0.5091859999999999	0.0	0.55908	-0.214575	-0.800867	0.0	-0.698198	-0.642789	-0.315187	0.0	2.96254	1.7963900000000002	0.775981	0.359423	
0	0.9680549999999999	0.21062399999999998	0.136041	0.0	-0.176701	0.188129	0.966118	0.0	0.177895	-0.9592940000000001	0.219336	0.0	-2.6152900000000003	-3.5915800000000004	-1.72248	0.197569	-0.447167	0.735598	-0.5088590000000001	0.0	0.56007	-0.213302	-0.800515	0.0	-0.697397	-0.642961	-0.316605	0.0	2.96097	1.8013099999999997	0.776898	0.359321	
0	0.9692430000000001	0.189684	0.156808	0.0	-0.189952	0.171459	0.966706	0.0	0.15648199999999998	-0.966758	0.202216	0.0	-2.59648	-3.5828800000000003	-1.7084400000000002	0.184187	-0.446696	0.737386	-0.50668	0.0	0.55974	-0.21147	-0.8012319999999999	0.0	-0.697965	-0.641515	-0.318282	0.0	2.95939	1.8076900000000002	0.780898	0.35941100000000004	
0	0.969519	0.162228	0.183619	0.0	-0.21305100000000002	0.188059	0.958772	0.0	0.12100799999999999	-0.9686670000000001	0.21689	0.0	-2.57206	-3.5723	-1.71165	0.183783	-0.44579799999999997	0.739686	-0.504112	0.0	0.560865	-0.20809699999999998	-0.8013279999999999	0.0	-0.697635	-0.639969	-0.32209499999999996	0.0	2.9725099999999998	1.8207	0.746056	0.35929	
0	0.9711559999999999	0.157666	0.178877	0.0	-0.20961	0.20689699999999997	0.9556450000000001	0.0	0.11366400000000002	-0.965575	0.23397800000000002	0.0	-2.57163	-3.5652	-1.70222	0.183805	-0.44599300000000003	0.740071	-0.503374	0.0	0.5602689999999999	-0.20774600000000001	-0.801836	0.0	-0.6979890000000001	-0.639638	-0.321986	0.0	2.98557	1.82162	0.72926	0.359529	
0	0.972735	0.156666	0.171001	0.0	-0.20194600000000001	0.209641	0.9566969999999999	0.0	0.114033	-0.965146	0.235564	0.0	-2.57713	-3.56406	-1.6775200000000001	0.183808	-0.446047	0.739578	-0.50405	0.0	0.560549	-0.208196	-0.801523	0.0	-0.6977300000000001	-0.640062	-0.321704	0.0	2.98896	1.82457	0.729433	0.35935100000000003	
0	0.972843	0.162163	0.165168	0.0	-0.197107	0.20628400000000002	0.958434	0.0	0.12135	-0.9649610000000001	0.232646	0.0	-2.60102	-3.56722	-1.64247	0.183826	-0.445517	0.740835	-0.502671	0.0	0.5604680000000001	-0.20704099999999998	-0.801879	0.0	-0.698133	-0.6389819999999999	-0.322974	0.0	2.9902599999999997	1.82627	0.723221	0.359248	
0	0.9765959999999999	0.165542	0.137317	0.0	-0.167238	0.183	0.968784	0.0	0.135246	-0.969075	0.206402	0.0	-2.63828	-3.5423199999999997	-1.6745599999999998	0.183726	-0.445328	0.740841	-0.502831	0.0	0.560177	-0.207575	-0.801944	0.0	-0.698488	-0.6388020000000001	-0.32256399999999996	0.0	2.98637	1.82172	0.717709	0.359379	
0	0.975153	0.18912	0.115373	0.0	-0.14188299999999998	0.133198	0.980881	0.0	0.17013699999999998	-0.972878	0.156721	0.0	-2.61179	-3.40409	-1.77378	0.183719	-0.445744	0.740959	-0.502287	0.0	0.560064	-0.20688099999999998	-0.8022020000000001	0.0	-0.698313	-0.63889	-0.32276900000000003	0.0	2.98466	1.8199299999999998	0.721892	0.35930500000000004	
0	0.971418	0.227163	0.06887410000000001	0.0	-0.121433	0.226258	0.966469	0.0	0.203963	-0.947209	0.247376	0.0	-2.57582	-3.18313	-1.8018	0.183771	-0.44540100000000005	0.741508	-0.501781	0.0	0.559843	-0.20670700000000003	-0.802401	0.0	-0.698709	-0.638309	-0.323061	0.0	2.98046	1.81308	0.721856	0.359369	
0	0.963924	0.262468	0.0442854	0.0	-0.0582173	0.0455401	0.997265	0.0	0.259734	-0.963865	0.0591774	0.0	-2.54527	-2.66932	-1.87392	0.183724	-0.445082	0.742054	-0.501256	0.0	0.560275	-0.205904	-0.8023060000000001	0.0	-0.698565	-0.637933	-0.32411100000000004	0.0	2.9803900000000003	1.8075599999999998	0.718673	0.359203	
0	0.956475	0.28989699999999996	0.0333865	0.0	-0.0303887	-0.0148379	0.9994280000000001	0.0	0.29022600000000004	-0.956943	-0.00538254	0.0	-2.55872	-2.16934	-1.9329599999999998	0.18373299999999998	-0.445159	0.7425109999999999	-0.5005109999999999	0.0	0.560072	-0.20524699999999999	-0.802617	0.0	-0.69868	-0.637614	-0.324493	0.0	2.9764	1.8054	0.716603	0.35925300000000004	
0	0.937127	0.348877	0.00884753	0.0	0.020093	-0.0792474	0.9966520000000001	0.0	0.348411	-0.9338120000000001	-0.0812749	0.0	-2.61446	-1.5273	-1.9699900000000001	0.18373399999999998	-0.44413100000000005	0.743019	-0.50067	0.0	0.559349	-0.206592	-0.802776	0.0	-0.699912	-0.636587	-0.323853	0.0	2.97072	1.8061599999999998	0.7296189999999999	0.359412	
