0	0.585491	0.532894	-0.610921	0.0	0.677723	0.09177510000000001	0.729567	0.0	0.444849	-0.841191	-0.307421	0.0	-2.7591200000000002	1.9988400000000002	1.44328	3.4347199999999996e-06	-0.593133	0.516197	-0.617847	0.0	0.7503449999999999	0.07623719999999999	-0.656636	0.0	-0.291851	-0.8530700000000001	-0.43254499999999996	0.0	2.66032	2.0	1.53809	0.0	
0	0.202327	0.85178	-0.483254	0.0	0.271034	0.42548199999999997	0.8634270000000001	0.0	0.9410649999999999	-0.30567300000000003	-0.144775	0.0	-2.80092	1.9901	1.33743	0.0	-0.47114799999999996	0.6567109999999999	-0.588855	0.0	0.652877	-0.18925799999999998	-0.7334390000000001	0.0	-0.5931029999999999	-0.730008	-0.33958299999999997	0.0	2.64252	2.0064900000000003	1.52125	-3.3117800000000005e-06	
0	0.168941	0.832037	-0.528369	0.0	0.251498	0.48193800000000003	0.8393360000000001	0.0	0.953	-0.27468200000000004	-0.12783599999999998	0.0	-2.89359	1.98603	1.10064	0.0	-0.0191527	0.7783770000000001	-0.627505	0.0	0.030364799999999997	-0.6268779999999999	-0.778526	0.0	-0.9993549999999999	-0.0339648	-0.0116289	0.0	2.6499	2.02724	1.3012299999999999	0.0	
0	0.0542908	0.735931	-0.6748770000000001	0.0	0.273962	0.638959	0.718802	0.0	0.9602069999999999	-0.223915	-0.166928	0.0	-2.8672400000000002	2.01	0.856835	0.028361	0.0208185	0.709625	-0.704272	0.0	0.0211729	-0.70458	-0.709309	0.0	-0.999559	-0.00014466	-0.0296933	0.0	2.6286400000000003	2.01669	1.0698299999999998	0.0	
0	-0.087909	0.5851149999999999	-0.806171	0.0	0.162465	0.80689	0.567921	0.0	0.982791	-0.081049	-0.165993	0.0	-2.73936	2.0533200000000003	0.670559	0.35338	0.106885	0.578412	-0.808712	0.0	-0.028524599999999997	-0.811253	-0.5839989999999999	0.0	-0.9938620000000001	0.0854887	-0.0702118	0.0	2.62954	2.0802099999999997	0.862138	0.132442	
0	-0.128003	0.473792	-0.8712840000000001	0.0	0.206035	0.8720479999999999	0.443938	0.0	0.970137	-0.122689	-0.20924299999999998	0.0	-2.57475	2.03881	0.594992	0.349254	0.141235	0.43281800000000004	-0.890349	0.0	-0.027922000000000002	-0.897265	-0.44060900000000003	0.0	-0.989582	0.08709	-0.114641	0.0	2.57963	2.11253	0.6480779999999999	0.291784	
0	-0.0844898	0.324017	-0.9422709999999999	0.0	0.291792	0.912242	0.287527	0.0	0.952743	-0.250654	-0.171621	0.0	-2.55805	1.7841900000000002	0.570106	0.119743	0.0974094	0.437895	-0.893733	0.0	0.0347495	-0.8989530000000001	-0.43666499999999997	0.0	-0.9946379999999999	0.011478499999999999	-0.102783	0.0	2.52675	1.9881900000000001	0.541115	0.0701567	
0	-0.0709152	0.387209	-0.9192610000000001	0.0	0.288595	0.8901309999999999	0.35267600000000005	0.0	0.954822	-0.24028400000000003	-0.17487	0.0	-2.63757	1.6119	0.417562	0.0	0.109204	0.47504300000000005	-0.87316	0.0	0.030722199999999998	-0.8796069999999999	-0.474708	0.0	-0.9935450000000001	0.0250144	-0.110651	0.0	2.52857	1.89612	0.358819	0.0	
0	-0.0701667	0.42911499999999997	-0.9005200000000001	0.0	0.25140999999999997	0.8812110000000001	0.40032399999999996	0.0	0.965334	-0.198311	-0.169716	0.0	-2.70539	1.43896	0.25763600000000003	0.0708701	0.16061	0.49386899999999995	-0.854575	0.0	0.022800400000000002	-0.867441	-0.49701899999999993	0.0	-0.9867549999999999	0.0603413	-0.15058	0.0	2.50988	1.83798	0.162099	0.0	
0	-0.0850862	0.591997	-0.8014359999999999	0.0	0.26395799999999997	0.789007	0.554792	0.0	0.960774	-0.16434	-0.223396	0.0	-2.72624	1.26778	0.040024300000000006	0.363501	0.204948	0.514211	-0.832817	0.0	0.0399017	-0.85456	-0.517817	0.0	-0.977959	0.0728946	-0.195658	0.0	2.47289	1.73058	-0.0105517	0.16148900000000002	
0	-0.0751997	0.659454	-0.747975	0.0	0.30394	0.729564	0.612664	0.0	0.9497190000000001	-0.181267	-0.255297	0.0	-2.79454	1.02483	-0.140762	0.363985	0.229776	0.534818	-0.813125	0.0	0.08623	-0.8433809999999999	-0.530352	0.0	-0.9694159999999999	0.051746400000000005	-0.239906	0.0	2.4291400000000003	1.56303	-0.15121099999999998	0.269443	
0	-0.026827999999999998	0.724056	-0.6892189999999999	0.0	0.34729499999999996	0.6532720000000001	0.672772	0.0	0.937372	-0.221313	-0.268987	0.0	-2.8758	0.792647	-0.284506	0.36396300000000004	0.234575	0.576621	-0.782613	0.0	0.12579100000000001	-0.8163130000000001	-0.563747	0.0	-0.963925	0.0337952	-0.26402	0.0	2.38212	1.35202	-0.24146700000000001	0.30945100000000003	
0	0.0932543	0.747529	-0.657651	0.0	0.400332	0.576631	0.712202	0.0	0.9116129999999999	-0.329694	-0.245486	0.0	-2.9516299999999998	0.5127430000000001	-0.395621	0.363954	0.196358	0.638418	-0.744222	0.0	0.16861099999999998	-0.769676	-0.615767	0.0	-0.9659260000000001	-0.00457308	-0.258777	0.0	2.34715	1.10951	-0.315651	0.339163	
0	0.222021	0.667825	-0.710433	0.0	0.49268999999999996	0.551916	0.6727890000000001	0.0	0.841405	-0.49939700000000004	-0.206494	0.0	-3.06205	0.11995	-0.477814	0.363912	0.175425	0.6735760000000001	-0.7179989999999999	0.0	0.181916	-0.738928	-0.648763	0.0	-0.96754	-0.016805599999999997	-0.252161	0.0	2.35126	0.892439	-0.36838200000000004	0.339319	
0	0.21995100000000004	0.576944	-0.786611	0.0	0.6080939999999999	0.54943	0.573017	0.0	0.762787	-0.6043689999999999	-0.229989	0.0	-3.23845	-0.157829	-0.59085	0.36398	0.176291	0.6918	-0.7002390000000001	0.0	0.191983	-0.721884	-0.664851	0.0	-0.965435	-0.0172264	-0.260075	0.0	2.37911	0.771306	-0.426796	0.33825	
0	0.211866	0.47208999999999995	-0.855712	0.0	0.698766	0.5389729999999999	0.470355	0.0	0.6832560000000001	-0.697595	-0.215691	0.0	-3.4011699999999996	-0.384846	-0.70699	0.363595	0.165073	0.6912149999999999	-0.703543	0.0	0.201204	-0.721928	-0.6620699999999999	0.0	-0.96554	-0.0322663	-0.25824600000000003	0.0	2.3991599999999997	0.701395	-0.44725299999999996	0.337702	
0	0.21405500000000002	0.365291	-0.905949	0.0	0.769279	0.5085189999999999	0.386805	0.0	0.601988	-0.779725	-0.17215899999999998	0.0	-3.5368199999999996	-0.625974	-0.8204549999999999	0.362927	0.191374	0.608866	-0.769843	0.0	0.195946	-0.792251	-0.577879	0.0	-0.9617600000000001	-0.0402565	-0.270921	0.0	2.4055299999999997	0.646785	-0.419058	0.335723	
0	0.251979	0.291414	-0.9228129999999999	0.0	0.806539	0.463732	0.366671	0.0	0.534791	-0.836678	-0.11818599999999999	0.0	-3.5814	-0.7912239999999999	-0.8707719999999999	0.362437	0.192328	0.571238	-0.797933	0.0	0.193645	-0.819218	-0.5398	0.0	-0.9620350000000001	-0.0506972	-0.268176	0.0	2.40233	0.5876060000000001	-0.396978	0.334606	
0	0.290839	0.198783	-0.935894	0.0	0.847453	0.400527	0.348427	0.0	0.444112	-0.8944629999999999	-0.0519706	0.0	-3.6247	-0.9329200000000001	-0.93191	0.36028899999999997	0.165352	0.523526	-0.83581	0.0	0.22213400000000003	-0.84547	-0.48563100000000003	0.0	-0.960893	-0.10536199999999998	-0.25609299999999996	0.0	2.37308	0.471229	-0.340213	0.332262	
0	0.334956	0.13903900000000002	-0.931919	0.0	0.860107	0.358732	0.362667	0.0	0.384734	-0.923027	0.000571132	0.0	-3.67277	-1.0206	-0.99979	0.35868	0.143822	0.49502399999999996	-0.856894	0.0	0.239907	-0.857507	-0.455112	0.0	-0.960083	-0.140119	-0.242088	0.0	2.35046	0.370222	-0.294912	0.333825	
0	0.410695	0.09286910000000001	-0.9070309999999999	0.0	0.86067	0.288878	0.419281	0.0	0.30095900000000003	-0.952851	0.038711	0.0	-3.6765	-1.0624200000000001	-1.09532	0.354983	0.127689	0.46406899999999995	-0.876547	0.0	0.26313200000000003	-0.8679620000000001	-0.42119300000000004	0.0	-0.9562719999999999	-0.176866	-0.232942	0.0	2.35032	0.27232199999999995	-0.24458000000000002	0.334437	
0	0.47623699999999997	0.0440908	-0.8782110000000001	0.0	0.8523270000000001	0.222406	0.473366	0.0	0.21619000000000002	-0.973957	0.0683379	0.0	-3.6769	-1.08884	-1.20308	0.352937	0.116862	0.446824	-0.886956	0.0	0.283038	-0.871024	-0.401506	0.0	-0.9519629999999999	-0.204122	-0.22825700000000002	0.0	2.36143	0.196975	-0.228573	0.335055	
0	0.54333	0.0181373	-0.8393229999999999	0.0	0.8272889999999999	0.15846500000000002	0.538964	0.0	0.142779	-0.9871979999999999	0.07109410000000001	0.0	-3.65056	-1.0986799999999999	-1.31775	0.351746	0.10712	0.43805200000000005	-0.892545	0.0	0.30248	-0.869516	-0.390447	0.0	-0.947118	-0.228152	-0.22564499999999998	0.0	2.38708	0.112758	-0.168902	0.335289	
0	0.5825670000000001	0.054236599999999996	-0.810971	0.0	0.7970550000000001	0.157211	0.583084	0.0	0.159118	-0.986075	0.048356199999999995	0.0	-3.43094	-1.11525	-1.59648	0.34429899999999997	0.09850310000000001	0.43182600000000004	-0.8965620000000001	0.0	0.32158600000000004	-0.866417	-0.381974	0.0	-0.941743	-0.25069600000000003	-0.224214	0.0	2.40972	0.015597	-0.163852	0.336111	
0	0.616999	0.0755965	-0.783325	0.0	0.769029	0.153375	0.62054	0.0	0.167053	-0.9852719999999999	0.0364964	0.0	-3.17049	-1.1925299999999999	-1.84507	0.326328	0.0919942	0.42719799999999997	-0.899466	0.0	0.333934	-0.864223	-0.376306	0.0	-0.938097	-0.265745	-0.22216	0.0	2.43107	-0.0643294	-0.183401	0.33619099999999996	
0	0.633343	0.09806360000000001	-0.767633	0.0	0.751496	0.15887	0.640324	0.0	0.184746	-0.982418	0.0269244	0.0	-3.0711	-1.30118	-2.03801	0.323031	0.0799311	0.41505600000000004	-0.906278	0.0	0.345569	-0.864342	-0.365371	0.0	-0.934983	-0.283977	-0.21251799999999998	0.0	2.43479	-0.122269	-0.121826	0.33612800000000004	
0	0.637081	0.11068800000000001	-0.762808	0.0	0.744959	0.165664	0.646213	0.0	0.197899	-0.979951	0.023083199999999998	0.0	-2.9581	-1.3389	-2.14646	0.319922	0.0734409	0.409327	-0.9094270000000001	0.0	0.352667	-0.8636299999999999	-0.360234	0.0	-0.9328620000000001	-0.294269	-0.20778200000000002	0.0	2.4340599999999997	-0.152304	-0.0797013	0.335949	
0	0.637867	0.120282	-0.760696	0.0	0.741637	0.170326	0.648817	0.0	0.207607	-0.9780190000000001	0.0194393	0.0	-2.86879	-1.3421100000000001	-2.1916599999999997	0.319698	0.07072339999999999	0.40669099999999997	-0.910824	0.0	0.355473	-0.8634379999999999	-0.357931	0.0	-0.9320069999999999	-0.29846	-0.20563299999999998	0.0	2.4388	-0.173238	-0.054864199999999995	0.335998	
0	0.639741	0.122607	-0.758748	0.0	0.7389600000000001	0.173347	0.651068	0.0	0.21135199999999998	-0.9771989999999999	0.0202955	0.0	-2.8273099999999998	-1.3472899999999999	-2.2004200000000003	0.31992800000000005	0.06872339999999999	0.403924	-0.912208	0.0	0.35865	-0.863243	-0.355222	0.0	-0.930939	-0.30275100000000005	-0.204192	0.0	2.44339	-0.190617	-0.0611058	0.335945	
0	0.64095	0.11889300000000001	-0.758319	0.0	0.738247	0.17503	0.6514260000000001	0.0	0.210179	-0.977358	0.0244133	0.0	-2.7454400000000003	-1.35448	-2.21618	0.32166	0.06727369999999999	0.40382399999999996	-0.9123600000000001	0.0	0.35935100000000003	-0.862869	-0.35542199999999996	0.0	-0.930775	-0.30394699999999997	-0.203163	0.0	2.4424099999999997	-0.217271	-0.0327977	0.336354	
0	0.637884	0.11722300000000001	-0.761159	0.0	0.74242	0.169148	0.64823	0.0	0.204736	-0.9785950000000001	0.020868	0.0	-2.80062	-1.34776	-2.20697	0.321195	0.0649555	0.40110500000000004	-0.913726	0.0	0.36028499999999997	-0.863323	-0.353367	0.0	-0.930578	-0.306249	-0.20059000000000002	0.0	2.43702	-0.222458	0.00143266	0.336319	
0	0.637877	0.117219	-0.761165	0.0	0.74243	0.169129	0.648223	0.0	0.204719	-0.978599	0.0208569	0.0	-2.80017	-1.34779	-2.20712	0.321194	0.0649578	0.401102	-0.9137270000000001	0.0	0.360288	-0.863324	-0.35336300000000004	0.0	-0.9305770000000001	-0.306251	-0.20059200000000002	0.0	2.43696	-0.222469	0.00137292	0.336319	
0	0.637877	0.117219	-0.761165	0.0	0.74243	0.169129	0.648223	0.0	0.204719	-0.978598	0.0208569	0.0	-2.80017	-1.34779	-2.20712	0.321194	0.0649577	0.401102	-0.9137280000000001	0.0	0.36028699999999997	-0.863324	-0.35336300000000004	0.0	-0.9305770000000001	-0.306251	-0.20059200000000002	0.0	2.43696	-0.22246999999999997	0.00137252	0.336319	
0	0.637877	0.117219	-0.761165	0.0	0.74243	0.169129	0.648223	0.0	0.204719	-0.978598	0.0208569	0.0	-2.80017	-1.34779	-2.20712	0.321194	0.0649576	0.401102	-0.9137280000000001	0.0	0.360288	-0.863324	-0.35336300000000004	0.0	-0.9305770000000001	-0.306251	-0.20059200000000002	0.0	2.43696	-0.222469	0.00137288	0.336319	
0	0.637877	0.117219	-0.761165	0.0	0.74243	0.169129	0.648223	0.0	0.204719	-0.978599	0.0208569	0.0	-2.80017	-1.34779	-2.20712	0.321194	0.0649577	0.401102	-0.9137280000000001	0.0	0.360288	-0.863324	-0.35336300000000004	0.0	-0.9305770000000001	-0.306251	-0.20059200000000002	0.0	2.43696	-0.22246999999999997	0.00137242	0.336319	
0	0.637877	0.117219	-0.761165	0.0	0.74243	0.169129	0.648223	0.0	0.204719	-0.978599	0.0208569	0.0	-2.80017	-1.34779	-2.20712	0.321194	0.0649577	0.401102	-0.9137280000000001	0.0	0.360288	-0.863324	-0.35336300000000004	0.0	-0.9305770000000001	-0.306251	-0.20059200000000002	0.0	2.43696	-0.22246999999999997	0.00137252	0.336319	
0	0.637877	0.117219	-0.761165	0.0	0.74243	0.169129	0.648223	0.0	0.204719	-0.978599	0.0208569	0.0	-2.80017	-1.34779	-2.20712	0.321194	0.0649577	0.401102	-0.9137280000000001	0.0	0.36028699999999997	-0.863324	-0.35336300000000004	0.0	-0.9305770000000001	-0.306251	-0.20059200000000002	0.0	2.43696	-0.222469	0.00137275	0.336319	
0	0.637877	0.117219	-0.761165	0.0	0.74243	0.169129	0.648223	0.0	0.204719	-0.978599	0.0208569	0.0	-2.80017	-1.34779	-2.20712	0.321194	0.0649577	0.401102	-0.9137280000000001	0.0	0.360288	-0.863324	-0.35336300000000004	0.0	-0.9305770000000001	-0.306251	-0.20059200000000002	0.0	2.43696	-0.22246999999999997	0.00137227	0.336319	
0	0.637877	0.117219	-0.761165	0.0	0.74243	0.169129	0.648223	0.0	0.204719	-0.978598	0.0208569	0.0	-2.80017	-1.34779	-2.20712	0.321194	0.0649577	0.401102	-0.9137280000000001	0.0	0.360288	-0.863324	-0.35336300000000004	0.0	-0.9305770000000001	-0.306251	-0.20059200000000002	0.0	2.43696	-0.22246999999999997	0.00137254	0.336319	
0	0.637877	0.117219	-0.761165	0.0	0.74243	0.169129	0.648223	0.0	0.204719	-0.978598	0.0208569	0.0	-2.80017	-1.34779	-2.20712	0.321194	0.0649577	0.401102	-0.9137280000000001	0.0	0.360288	-0.863324	-0.35336300000000004	0.0	-0.9305770000000001	-0.306251	-0.20059200000000002	0.0	2.43696	-0.222469	0.00137259	0.336319	
0	0.637877	0.117219	-0.761165	0.0	0.74243	0.169129	0.648223	0.0	0.204719	-0.978599	0.0208569	0.0	-2.80017	-1.34779	-2.20712	0.321194	0.0649577	0.401102	-0.9137280000000001	0.0	0.360288	-0.863324	-0.35336300000000004	0.0	-0.9305770000000001	-0.306251	-0.20059200000000002	0.0	2.43696	-0.222469	0.00137269	0.336319	
0	0.637877	0.117219	-0.761165	0.0	0.74243	0.169129	0.648223	0.0	0.204719	-0.978599	0.0208569	0.0	-2.80017	-1.34779	-2.20712	0.321194	0.0649577	0.401102	-0.9137280000000001	0.0	0.360288	-0.863324	-0.35336300000000004	0.0	-0.9305770000000001	-0.306251	-0.20059200000000002	0.0	2.43696	-0.22246999999999997	0.00137234	0.336319	
0	0.637877	0.117219	-0.761165	0.0	0.74243	0.169129	0.648223	0.0	0.204719	-0.978598	0.0208569	0.0	-2.80017	-1.34779	-2.20712	0.321194	0.0649577	0.401102	-0.9137280000000001	0.0	0.36028699999999997	-0.863324	-0.35336300000000004	0.0	-0.9305770000000001	-0.306251	-0.20059200000000002	0.0	2.43696	-0.22246999999999997	0.00137254	0.336319	
0	0.637877	0.117219	-0.761165	0.0	0.74243	0.169129	0.648223	0.0	0.204719	-0.978599	0.0208569	0.0	-2.80017	-1.34779	-2.20712	0.321194	0.0649577	0.401102	-0.9137280000000001	0.0	0.36028699999999997	-0.863324	-0.35336300000000004	0.0	-0.9305770000000001	-0.306251	-0.20059200000000002	0.0	2.43696	-0.22246999999999997	0.00137245	0.336319	
0	0.637877	0.117219	-0.761165	0.0	0.74243	0.169129	0.648223	0.0	0.204719	-0.978599	0.0208569	0.0	-2.80017	-1.3478	-2.20712	0.321194	0.0649577	0.401102	-0.9137280000000001	0.0	0.36028699999999997	-0.863324	-0.35336300000000004	0.0	-0.9305770000000001	-0.306251	-0.20059200000000002	0.0	2.43696	-0.22246999999999997	0.00137257	0.336319	
0	0.637877	0.117219	-0.761165	0.0	0.74243	0.169129	0.648223	0.0	0.204719	-0.978598	0.0208569	0.0	-2.80017	-1.34779	-2.20712	0.321194	0.0649577	0.401102	-0.9137280000000001	0.0	0.36028699999999997	-0.863324	-0.35336300000000004	0.0	-0.9305770000000001	-0.306251	-0.20059200000000002	0.0	2.43696	-0.22246999999999997	0.00137264	0.336319	
0	0.637877	0.117219	-0.761165	0.0	0.74243	0.169129	0.648223	0.0	0.204719	-0.978599	0.0208569	0.0	-2.80017	-1.34779	-2.20712	0.321194	0.0649577	0.401102	-0.9137280000000001	0.0	0.360288	-0.863324	-0.35336300000000004	0.0	-0.9305770000000001	-0.306251	-0.20059200000000002	0.0	2.43696	-0.222469	0.00137249	0.336319	
0	0.637877	0.117219	-0.761165	0.0	0.74243	0.169129	0.648223	0.0	0.204719	-0.978599	0.0208569	0.0	-2.80017	-1.34779	-2.20712	0.321194	0.0649577	0.401102	-0.9137280000000001	0.0	0.360288	-0.863324	-0.35336300000000004	0.0	-0.9305770000000001	-0.306251	-0.20059200000000002	0.0	2.43696	-0.222469	0.00137267	0.336319	
0	0.637877	0.117219	-0.761165	0.0	0.74243	0.169129	0.648223	0.0	0.204719	-0.978599	0.0208569	0.0	-2.80017	-1.34779	-2.20712	0.321194	0.0649577	0.401102	-0.9137280000000001	0.0	0.360288	-0.863324	-0.35336300000000004	0.0	-0.9305770000000001	-0.306251	-0.20059200000000002	0.0	2.43696	-0.22246999999999997	0.00137271	0.336319	
0	0.637877	0.117219	-0.761165	0.0	0.74243	0.169129	0.648223	0.0	0.204719	-0.978599	0.0208569	0.0	-2.80017	-1.34779	-2.20712	0.321194	0.0649577	0.401102	-0.9137280000000001	0.0	0.360288	-0.863324	-0.35336300000000004	0.0	-0.9305770000000001	-0.306251	-0.20059200000000002	0.0	2.43696	-0.222469	0.00137262	0.336319	
0	0.637877	0.117219	-0.761165	0.0	0.74243	0.169129	0.648223	0.0	0.204719	-0.978598	0.020857	0.0	-2.80017	-1.34779	-2.20712	0.321194	0.0649577	0.401102	-0.9137280000000001	0.0	0.360288	-0.863324	-0.35336300000000004	0.0	-0.9305770000000001	-0.306251	-0.20059200000000002	0.0	2.43696	-0.22246999999999997	0.00137234	0.336319	
0	0.637877	0.117219	-0.761165	0.0	0.74243	0.169129	0.648223	0.0	0.204719	-0.978599	0.0208569	0.0	-2.80017	-1.34779	-2.20712	0.321194	0.0649577	0.401102	-0.9137280000000001	0.0	0.36028699999999997	-0.863324	-0.35336300000000004	0.0	-0.9305770000000001	-0.306251	-0.20059200000000002	0.0	2.43696	-0.22246999999999997	0.00137244	0.336319	
0	0.637877	0.117219	-0.761165	0.0	0.74243	0.169129	0.648223	0.0	0.204719	-0.978599	0.0208569	0.0	-2.80017	-1.34779	-2.20712	0.321194	0.0649577	0.401102	-0.9137280000000001	0.0	0.360288	-0.863324	-0.35336300000000004	0.0	-0.9305770000000001	-0.306251	-0.20059200000000002	0.0	2.43696	-0.222469	0.00137244	0.336319	
0	0.637877	0.117219	-0.761165	0.0	0.74243	0.169129	0.648223	0.0	0.204719	-0.978599	0.0208569	0.0	-2.80017	-1.34779	-2.20712	0.321194	0.0649577	0.401102	-0.9137280000000001	0.0	0.360288	-0.863324	-0.35336300000000004	0.0	-0.9305770000000001	-0.306251	-0.20059200000000002	0.0	2.43696	-0.222469	0.00137272	0.336319	
0	0.637877	0.117219	-0.761165	0.0	0.74243	0.169129	0.648223	0.0	0.204719	-0.978598	0.0208569	0.0	-2.80017	-1.34779	-2.20712	0.321194	0.0649577	0.401102	-0.9137280000000001	0.0	0.360288	-0.863324	-0.35336300000000004	0.0	-0.9305770000000001	-0.306251	-0.20059200000000002	0.0	2.43696	-0.222469	0.00137253	0.336319	
0	0.637877	0.117219	-0.761165	0.0	0.74243	0.169129	0.648223	0.0	0.204719	-0.978599	0.0208569	0.0	-2.80017	-1.34779	-2.20712	0.321194	0.0649577	0.401102	-0.9137280000000001	0.0	0.360288	-0.863324	-0.35336300000000004	0.0	-0.9305770000000001	-0.306251	-0.20059200000000002	0.0	2.43696	-0.22246999999999997	0.00137239	0.336319	
0	0.637877	0.117219	-0.761165	0.0	0.74243	0.169129	0.648223	0.0	0.204719	-0.978598	0.0208569	0.0	-2.80017	-1.34779	-2.20712	0.321194	0.0649577	0.401102	-0.9137280000000001	0.0	0.360288	-0.863324	-0.35336300000000004	0.0	-0.9305770000000001	-0.306251	-0.20059200000000002	0.0	2.43696	-0.222469	0.00137258	0.336319	
0	0.637877	0.117219	-0.761165	0.0	0.74243	0.169129	0.648223	0.0	0.204719	-0.978599	0.0208569	0.0	-2.80017	-1.34779	-2.20712	0.321194	0.0649577	0.401102	-0.9137280000000001	0.0	0.360288	-0.863324	-0.35336300000000004	0.0	-0.9305770000000001	-0.306251	-0.20059200000000002	0.0	2.43696	-0.222469	0.00137277	0.336319	
0	0.485149	0.156722	-0.860273	0.0	0.874416	-0.0810554	0.478358	0.0	0.00523952	-0.984311	-0.17636400000000002	0.0	-2.8791599999999997	-1.37585	-2.22897	0.34363299999999997	0.026627299999999996	0.361288	-0.932074	0.0	0.368611	-0.8702489999999999	-0.326793	0.0	-0.9292020000000001	-0.33487100000000003	-0.156347	0.0	2.40072	-0.18574000000000002	0.0273795	0.336019	
0	0.48263	0.142451	-0.8641620000000001	0.0	0.875756	-0.0908263	0.47413299999999997	0.0	-0.0109479	-0.985626	-0.16858800000000002	0.0	-2.9433599999999998	-1.4640799999999998	-2.22174	0.343796	0.024631999999999998	0.357166	-0.933716	0.0	0.36894299999999997	-0.8713139999999999	-0.323563	0.0	-0.929125	-0.336518	-0.15323599999999998	0.0	2.40167	-0.193716	0.0450356	0.33597899999999997	
0	0.48081599999999997	0.132322	-0.8667799999999999	0.0	0.876617	-0.09389199999999999	0.47193999999999997	0.0	-0.0189354	-0.98675	-0.161141	0.0	-2.99953	-1.53098	-2.20148	0.343846	0.0240572	0.35714	-0.9337409999999999	0.0	0.369005	-0.8712280000000001	-0.323723	0.0	-0.9291159999999999	-0.33676799999999996	-0.152746	0.0	2.40096	-0.195484	0.049151099999999996	0.33614499999999997	
0	0.479922	0.12115799999999999	-0.8689049999999999	0.0	0.876648	-0.104746	0.46959300000000004	0.0	-0.0341189	-0.9870909999999999	-0.15648299999999998	0.0	-3.0966299999999998	-1.62275	-2.18971	0.343883	0.022715799999999998	0.355946	-0.9342309999999999	0.0	0.36909000000000003	-0.8714430000000001	-0.323049	0.0	-0.9291159999999999	-0.33747699999999997	-0.151172	0.0	2.40212	-0.198074	0.0533697	0.33619899999999997	
0	0.4771	0.107234	-0.872283	0.0	0.877725	-0.108331	0.46675900000000003	0.0	-0.044442699999999995	-0.9883139999999999	-0.145807	0.0	-3.19326	-1.72315	-2.19883	0.344092	0.022423	0.355108	-0.9345559999999999	0.0	0.36913	-0.8716809999999999	-0.32236	0.0	-0.929107	-0.337744	-0.150627	0.0	2.40227	-0.201478	0.0504774	0.336134	
0	0.474724	0.10020599999999999	-0.8744120000000001	0.0	0.878808	-0.10851199999999998	0.464675	0.0	-0.0483207	-0.989032	-0.139575	0.0	-3.2730099999999998	-1.8660599999999998	-2.20473	0.343884	0.0209114	0.354606	-0.934782	0.0	0.369498	-0.8715299999999999	-0.322345	0.0	-0.9289959999999999	-0.338659	-0.149251	0.0	2.4047099999999997	-0.21101	0.0455762	0.33618600000000004	
0	0.471976	0.0766135	-0.8782760000000001	0.0	0.8798590000000001	-0.103717	0.463779	0.0	-0.0555602	-0.9916520000000001	-0.11636099999999999	0.0	-3.35354	-2.07556	-2.17342	0.34304	0.0208813	0.354224	-0.9349270000000001	0.0	0.370192	-0.8714049999999999	-0.321889	0.0	-0.9287209999999999	-0.339381	-0.149327	0.0	2.40671	-0.22050999999999998	0.031225799999999998	0.336194	
0	0.471638	0.08250260000000001	-0.8779239999999999	0.0	0.88015	-0.104782	0.462987	0.0	-0.0537931	-0.991067	-0.12203399999999999	0.0	-3.3792199999999997	-2.24769	-2.2085	0.343152	0.020722900000000002	0.353535	-0.935192	0.0	0.370687	-0.87144	-0.321221	0.0	-0.928527	-0.340007	-0.14911	0.0	2.40325	-0.21777800000000003	0.036526499999999996	0.336129	
0	0.471336	0.0875625	-0.8775959999999999	0.0	0.880742	-0.09886410000000001	0.46316199999999996	0.0	-0.046207099999999994	-0.991241	-0.12371800000000001	0.0	-3.40182	-2.4241200000000003	-2.27242	0.34172600000000003	0.021044	0.35345	-0.935217	0.0	0.370714	-0.8715	-0.32102800000000004	0.0	-0.928509	-0.339942	-0.149369	0.0	2.3975299999999997	-0.20835399999999998	0.0479414	0.336056	
0	0.47325100000000003	0.08838789999999999	-0.876482	0.0	0.88021	-0.08758930000000001	0.46643100000000004	0.0	-0.0355435	-0.9922280000000001	-0.119252	0.0	-3.3942900000000003	-2.63373	-2.2878700000000003	0.34165300000000004	0.0209137	0.351688	-0.935884	0.0	0.370255	-0.8722549999999999	-0.31950300000000004	0.0	-0.928695	-0.339834	-0.148457	0.0	2.39777	-0.20388900000000001	0.0566184	0.33612800000000004	
0	0.47724399999999995	0.0947472	-0.873648	0.0	0.878433	-0.0789919	0.47129099999999996	0.0	-0.0243576	-0.9923620000000001	-0.12092699999999999	0.0	-3.3745300000000005	-2.79262	-2.31583	0.341607	0.0209268	0.351133	-0.936092	0.0	0.370688	-0.872287	-0.318912	0.0	-0.928522	-0.340325	-0.14841500000000002	0.0	2.39643	-0.198897	0.0584994	0.33620900000000004	
0	0.47764799999999996	0.0982874	-0.873036	0.0	0.8783	-0.0771625	0.471841	0.0	-0.020989599999999997	-0.9921620000000001	-0.123182	0.0	-3.3465599999999998	-2.9313599999999997	-2.34994	0.341351	0.0207514	0.351564	-0.935934	0.0	0.370992	-0.872007	-0.319326	0.0	-0.9284040000000001	-0.340597	-0.148523	0.0	2.39876	-0.196028	0.0552568	0.336226	
0	0.476768	0.088091	-0.874604	0.0	0.8785879999999999	-0.079266	0.47095600000000004	0.0	-0.0278394	-0.9929540000000001	-0.11518699999999998	0.0	-3.3440800000000004	-3.06865	-2.36979	0.340953	0.0206831	0.351391	-0.936001	0.0	0.37145100000000003	-0.8718889999999999	-0.319114	0.0	-0.9282219999999999	-0.341078	-0.148558	0.0	2.39962	-0.197043	0.0585679	0.33619899999999997	
0	0.480353	0.0745425	-0.8739020000000001	0.0	0.8765149999999999	-0.07642810000000001	0.47526899999999994	0.0	-0.031362799999999996	-0.9942850000000001	-0.10205	0.0	-3.32881	-3.21618	-2.35506	0.339729	0.0207394	0.350995	-0.936148	0.0	0.37161900000000003	-0.8719690000000001	-0.3187	0.0	-0.928154	-0.34128000000000003	-0.14852100000000001	0.0	2.3984900000000002	-0.195195	0.0638253	0.336144	
0	0.48375799999999997	0.062065499999999996	-0.872999	0.0	0.874482	-0.0747272	0.479267	0.0	-0.0354906	-0.9952709999999999	-0.09042510000000001	0.0	-3.3111099999999998	-3.3515900000000003	-2.36285	0.339938	0.0207946	0.350396	-0.936371	0.0	0.371627	-0.8721770000000001	-0.318121	0.0	-0.928149	-0.341366	-0.14835299999999998	0.0	2.39722	-0.192545	0.060251400000000004	0.336198	
0	0.487471	0.0548766	-0.8714129999999999	0.0	0.872361	-0.0727434	0.48341999999999996	0.0	-0.036861	-0.99584	-0.0833326	0.0	-3.3148800000000005	-3.46075	-2.35128	0.33999	0.021086900000000002	0.35001	-0.936509	0.0	0.37216	-0.8721479999999999	-0.317576	0.0	-0.9279290000000001	-0.341834	-0.148651	0.0	2.39894	-0.18827	0.0596274	0.336014	
0	0.489396	0.0464151	-0.870825	0.0	0.87134	-0.0666428	0.486134	0.0	-0.0354702	-0.9966969999999999	-0.0730581	0.0	-3.3163699999999996	-3.5702199999999995	-2.3523	0.340373	0.0213196	0.349493	-0.9366959999999999	0.0	0.37198600000000004	-0.872416	-0.31704299999999996	0.0	-0.9279940000000001	-0.341679	-0.148607	0.0	2.40389	-0.187187	0.0546187	0.336158	
0	0.49169799999999997	0.0401556	-0.8698389999999999	0.0	0.870132	-0.060769500000000004	0.489058	0.0	-0.0332212	-0.997344	-0.064821	0.0	-3.3213800000000004	-3.6256	-2.34375	0.340554	0.0212268	0.34941300000000003	-0.936729	0.0	0.371517	-0.872605	-0.317075	0.0	-0.928184	-0.34128000000000003	-0.148335	0.0	2.40719	-0.18798	0.0499684	0.336124	
0	0.493015	0.033467500000000004	-0.8693770000000001	0.0	0.8693700000000001	-0.057598800000000006	0.49079399999999995	0.0	-0.0336492	-0.9977790000000001	-0.0574928	0.0	-3.32254	-3.62735	-2.3513599999999997	0.342167	0.0211943	0.349507	-0.936694	0.0	0.372001	-0.872391	-0.317096	0.0	-0.92799	-0.34173000000000003	-0.148507	0.0	2.40882	-0.186824	0.051811	0.336134	
0	0.49510699999999996	0.0282721	-0.8683719999999999	0.0	0.8681549999999999	-0.055541599999999997	0.493175	0.0	-0.0342877	-0.9980559999999999	-0.0520436	0.0	-3.3200300000000005	-3.6277199999999996	-2.35569	0.34165	0.0211888	0.350027	-0.9365	0.0	0.372578	-0.872001	-0.31749	0.0	-0.927759	-0.342192	-0.14888900000000002	0.0	2.4048700000000003	-0.186774	0.0553842	0.336017	
0	0.497221	0.017014500000000002	-0.8674569999999999	0.0	0.866761	-0.0543257	0.49575600000000003	0.0	-0.0386902	-0.9983780000000001	-0.0417594	0.0	-3.2945699999999998	-3.6211599999999997	-2.35304	0.30701799999999996	0.021339700000000003	0.349627	-0.9366459999999999	0.0	0.37282600000000005	-0.872064	-0.31702600000000003	0.0	-0.9276559999999999	-0.34244	-0.14895999999999998	0.0	2.40409	-0.186993	0.0538803	0.336003	
0	0.48991599999999996	0.0102132	-0.87171	0.0	0.870075	-0.06804099999999999	0.488201	0.0	-0.0543258	-0.9976299999999999	-0.0422207	0.0	-3.27677	-3.60695	-2.34369	0.201931	0.0217	0.350066	-0.936474	0.0	0.373307	-0.871783	-0.317233	0.0	-0.9274540000000001	-0.342708	-0.1496	0.0	2.4052599999999997	-0.186337	0.0583383	0.336338	
0	0.490708	0.00843939	-0.871283	0.0	0.870942	-0.034388999999999996	0.49018199999999995	0.0	-0.025825599999999997	-0.999373	-0.024225200000000002	0.0	-3.27996	-3.5986300000000004	-2.35233	0.164528	0.0216681	0.3501	-0.9364620000000001	0.0	0.37344499999999997	-0.8717159999999999	-0.317253	0.0	-0.927399	-0.342843	-0.149632	0.0	2.40864	-0.188702	0.050794900000000004	0.33631700000000003	
0	0.48636599999999997	0.00785592	-0.87372	0.0	0.873481	-0.029392599999999998	0.48596999999999996	0.0	-0.021863099999999996	-0.9995370000000001	-0.0211576	0.0	-3.27975	-3.59752	-2.35161	0.164898	0.0213962	0.352342	-0.9356270000000001	0.0	0.374477	-0.8705370000000001	-0.319267	0.0	-0.926989	-0.34354	-0.15057	0.0	2.41014	-0.18845399999999998	0.0513775	0.3363	
0	0.48345600000000005	0.00494978	-0.8753549999999999	0.0	0.8750100000000001	-0.0313605	0.483088	0.0	-0.0250604	-0.9994959999999999	-0.0194926	0.0	-3.2773199999999996	-3.5968400000000003	-2.35541	0.16430699999999998	0.021835499999999997	0.351838	-0.9358059999999999	0.0	0.374783	-0.8706520000000001	-0.31859699999999996	0.0	-0.9268559999999999	-0.343767	-0.150874	0.0	2.41235	-0.190778	0.05009380000000001	0.336029	
0	0.482422	0.00289205	-0.875934	0.0	0.875555	-0.031209300000000002	0.48211000000000004	0.0	-0.0259429	-0.999509	-0.017588299999999998	0.0	-3.2771199999999996	-3.59655	-2.35533	0.164322	0.0223445	0.35385	-0.9350350000000001	0.0	0.375336	-0.8698239999999999	-0.320203	0.0	-0.9266200000000001	-0.343798	-0.152249	0.0	2.41204	-0.196348	0.0494298	0.33565100000000003	
0	0.47850299999999996	-0.00141659	-0.878085	0.0	0.8778729999999999	-0.0212632	0.478422	0.0	-0.0193485	-0.9997729999999999	-0.00893098	0.0	-3.28009	-3.59536	-2.35593	0.16394	0.0220239	0.35186799999999996	-0.935791	0.0	0.375812	-0.870283	-0.318391	0.0	-0.926434	-0.344669	-0.151403	0.0	2.41417	-0.20540999999999998	0.041852600000000004	0.33518000000000003	
0	0.467062	0.00243762	-0.8842209999999999	0.0	0.8840549999999999	-0.0208431	0.466917	0.0	-0.0172918	-0.9997799999999999	-0.011890000000000001	0.0	-3.30341	-3.59458	-2.3536900000000003	0.164328	0.020064500000000002	0.350091	-0.936501	0.0	0.380461	-0.868892	-0.31666500000000003	0.0	-0.92458	-0.349948	-0.15063	0.0	2.41316	-0.2214	0.028091500000000002	0.333294	
0	0.44984399999999997	0.0113171	-0.893035	0.0	0.893107	-0.00598642	0.449804	0.0	-0.000255674	-0.9999180000000001	-0.012800299999999999	0.0	-3.40595	-3.58069	-2.23806	0.164485	0.019798	0.349637	-0.9366760000000001	0.0	0.381398	-0.868656	-0.316185	0.0	-0.924199	-0.350986	-0.15054800000000002	0.0	2.4149599999999998	-0.23610100000000003	0.029412200000000003	0.331374	
0	0.44941800000000004	0.029738599999999997	-0.892826	0.0	0.8932100000000001	0.0008686480000000001	0.44964	0.0	0.0141472	-0.9995569999999999	-0.0261724	0.0	-3.39235	-3.2410099999999997	-2.15462	0.164492	0.0193294	0.35084099999999996	-0.9362360000000001	0.0	0.380238	-0.8686280000000001	-0.317655	0.0	-0.924687	-0.349852	-0.150193	0.0	2.4192099999999996	-0.246881	0.0393723	0.331443	
0	0.450437	0.0414251	-0.891847	0.0	0.8925620000000001	0.00258505	0.45091800000000004	0.0	0.0209849	-0.999138	-0.0358101	0.0	-3.39655	-3.08265	-2.17138	0.164077	0.0193025	0.350837	-0.9362370000000001	0.0	0.379785	-0.8687969999999999	-0.317735	0.0	-0.924874	-0.349435	-0.150013	0.0	2.41833	-0.24906799999999998	0.0432675	0.331987	
0	0.448979	0.0749905	-0.89039	0.0	0.8934780000000001	-0.0257335	0.44836899999999996	0.0	0.0107106	-0.9968520000000001	-0.0785562	0.0	-3.41245	-2.71029	-2.15496	0.164497	0.0192267	0.35134299999999996	-0.93605	0.0	0.379801	-0.86861	-0.318228	0.0	-0.924869	-0.349394	-0.150141	0.0	2.41509	-0.250323	0.0459191	0.332513	
0	0.44028199999999995	0.100853	-0.892177	0.0	0.8973770000000001	-0.0168723	0.44094099999999997	0.0	0.029417099999999998	-0.994758	-0.0979315	0.0	-3.44306	-2.4495299999999998	-2.12247	0.16448800000000002	0.019746299999999998	0.35125100000000004	-0.9360729999999999	0.0	0.378784	-0.869091	-0.318126	0.0	-0.9252739999999999	-0.348288	-0.15020999999999998	0.0	2.4161599999999996	-0.249323	0.0477096	0.332932	
0	0.439266	0.12876600000000002	-0.8890809999999999	0.0	0.897681	-0.0245117	0.439964	0.0	0.0348595	-0.9913719999999999	-0.126358	0.0	-3.4469199999999995	-2.18981	-2.08878	0.164071	0.019623599999999998	0.349948	-0.936564	0.0	0.376211	-0.870482	-0.317374	0.0	-0.926326	-0.346117	-0.14873599999999998	0.0	2.41186	-0.249302	0.0444894	0.33352600000000004	
0	0.43731499999999995	0.13531400000000002	-0.88907	0.0	0.8986190000000001	-0.0270449	0.437895	0.0	0.0352084	-0.990434	-0.133423	0.0	-3.48081	-1.96938	-2.10656	0.164069	0.0190775	0.348986	-0.936934	0.0	0.374675	-0.8713120000000001	-0.316915	0.0	-0.92696	-0.344999	-0.147379	0.0	2.40771	-0.25081	0.0463092	0.335003	
0	0.42967	0.151591	-0.8901709999999999	0.0	0.9020969999999999	-0.0283185	0.430604	0.0	0.0400675	-0.988038	-0.148917	0.0	-3.4621699999999995	-1.74873	-2.09477	0.164074	0.0193915	0.349887	-0.936591	0.0	0.37466700000000003	-0.871049	-0.31764499999999996	0.0	-0.9269569999999999	-0.34475	-0.147982	0.0	2.40286	-0.250583	0.060474599999999996	0.336448	
0	0.426738	0.144783	-0.892711	0.0	0.9037290000000001	-0.0309603	0.426983	0.0	0.034181199999999995	-0.988979	-0.144056	0.0	-3.46825	-1.6266399999999999	-2.06644	0.164511	0.0192171	0.350124	-0.936506	0.0	0.37441199999999997	-0.871042	-0.31796599999999997	0.0	-0.927063	-0.344529	-0.14783	0.0	2.40347	-0.25202399999999997	0.06289059999999999	0.336818	
0	0.405861	0.157574	-0.9002479999999999	0.0	0.9111670000000001	0.0068444000000000005	0.41198199999999996	0.0	0.0710796	-0.987484	-0.140799	0.0	-3.4413699999999996	-1.44054	-2.03887	0.164518	0.020565	0.35099600000000003	-0.9361510000000001	0.0	0.374208	-0.870991	-0.318344	0.0	-0.927117	-0.34376799999999996	-0.149257	0.0	2.40268	-0.253081	0.07497619999999999	0.337393	
0	0.394441	0.185391	-0.900026	0.0	0.9028790000000001	0.104023	0.41711899999999996	0.0	0.170953	-0.977144	-0.126355	0.0	-3.29699	-1.2172399999999999	-1.9570900000000002	0.164512	0.024704900000000002	0.349697	-0.9365370000000001	0.0	0.37081	-0.873199	-0.316266	0.0	-0.9283799999999999	-0.339464	-0.15124400000000002	0.0	2.39882	-0.252743	0.0811763	0.338452	
1	0.39197	0.19697699999999999	-0.8986430000000001	0.0	0.8860239999999999	0.1821	0.42638100000000007	0.0	0.24763000000000002	-0.963348	-0.103149	0.0	-3.1116599999999996	-1.20094	-1.8821700000000001	0.16405699999999998	0.025057	0.351759	-0.9357549999999999	0.0	0.369349	-0.8730760000000001	-0.318307	0.0	-0.928953	-0.337644	-0.151799	0.0	2.3900900000000003	-0.25813400000000003	0.062359000000000005	0.33870700000000004	
1	0.383175	0.207671	-0.900028	0.0	0.8657360000000001	0.258927	0.42832	0.0	0.32199099999999997	-0.943308	-0.0805742	0.0	-2.8574900000000003	-1.27399	-1.81846	0.164044	0.0316253	0.348437	-0.9367979999999999	0.0	0.36599699999999996	-0.8762059999999999	-0.313544	0.0	-0.9300790000000001	-0.332949	-0.15523699999999999	0.0	2.37049	-0.246462	0.0493189	0.338857	
1	0.378714	0.223536	-0.8981129999999999	0.0	0.841353	0.321164	0.434716	0.0	0.385617	-0.920264	-0.0664439	0.0	-2.61369	-1.40838	-1.7572900000000002	0.164045	0.0318185	0.349018	-0.9365760000000001	0.0	0.36093800000000004	-0.8778299999999999	-0.314863	0.0	-0.932047	-0.32802800000000004	-0.153905	0.0	2.3517099999999997	-0.24417199999999997	0.040166900000000005	0.338965	
1	0.355221	0.242785	-0.902703	0.0	0.825011	0.372621	0.42486599999999997	0.0	0.439517	-0.895661	-0.0679369	0.0	-2.33794	-1.54562	-1.75616	0.164054	0.0309155	0.35551	-0.934161	0.0	0.351244	-0.878863	-0.322841	0.0	-0.935773	-0.31813800000000003	-0.152041	0.0	2.31297	-0.25740799999999997	0.05841369999999999	0.338871	
1	0.338547	0.22574	-0.9134700000000001	0.0	0.824091	0.397433	0.403636	0.0	0.45416000000000006	-0.889432	-0.051480700000000004	0.0	-2.1543900000000002	-1.6743599999999998	-1.72865	0.164053	0.03375209999999999	0.36641	-0.929841	0.0	0.345069	-0.8774299999999999	-0.33323200000000003	0.0	-0.9379700000000001	-0.309612	-0.156052	0.0	2.2775	-0.272306	0.056304599999999996	0.338913	
1	0.328428	0.219365	-0.918703	0.0	0.814767	0.42622899999999997	0.393045	0.0	0.47779799999999994	-0.8776149999999999	-0.0387456	0.0	-1.90592	-1.8068799999999998	-1.7238200000000001	0.164073	0.035497100000000004	0.380134	-0.92425	0.0	0.34097	-0.8739459999999999	-0.34634899999999996	0.0	-0.9394040000000001	-0.302847	-0.160637	0.0	2.21373	-0.281469	0.05627190000000001	0.338528	
1	0.337887	0.21153400000000003	-0.917107	0.0	0.796606	0.454671	0.398363	0.0	0.50125	-0.865175	-0.014881799999999999	0.0	-1.58122	-1.92271	-1.69662	0.164054	0.026876	0.408803	-0.912227	0.0	0.354153	-0.857261	-0.373736	0.0	-0.934801	-0.313023	-0.167818	0.0	2.03286	-0.347563	-0.0246511	0.338225	
1	0.346066	0.206965	-0.915098	0.0	0.786146	0.468379	0.40323200000000003	0.0	0.5120680000000001	-0.8589450000000001	-0.0006140469999999999	0.0	-1.36794	-1.96417	-1.6684900000000003	0.16403900000000002	0.0122322	0.421737	-0.9066360000000001	0.0	0.373772	-0.8429049999999999	-0.387048	0.0	-0.9274399999999999	-0.33414	-0.167944	0.0	1.85907	-0.380654	-0.062106600000000005	0.33786900000000003	
1	0.352202	0.205033	-0.91319	0.0	0.771112	0.489392	0.407285	0.0	0.530415	-0.847618	0.014261099999999999	0.0	-1.19343	-1.9793599999999998	-1.6484299999999998	0.164045	0.00823563	0.443324	-0.896324	0.0	0.396894	-0.824176	-0.403992	0.0	-0.9178270000000001	-0.352419	-0.18274	0.0	1.75292	-0.42806700000000003	-0.15653699999999998	0.337491	
1	0.351777	0.200889	-0.914274	0.0	0.766842	0.49829700000000005	0.40454	0.0	0.536848	-0.843412	0.021238999999999997	0.0	-1.0931	-1.9763099999999998	-1.63741	0.16448	0.00434548	0.45334399999999997	-0.891325	0.0	0.40865999999999997	-0.814312	-0.412182	0.0	-0.912676	-0.362458	-0.188803	0.0	1.72157	-0.454967	-0.21356999999999998	0.337454	
1	0.36896799999999996	0.191851	-0.9094260000000001	0.0	0.7418060000000001	0.528738	0.412504	0.0	0.559987	-0.8268190000000001	0.0527714	0.0	-0.809679	-1.94006	-1.51004	0.164472	0.000208497	0.46506400000000003	-0.8852770000000001	0.0	0.42935500000000004	-0.7995680000000001	-0.419937	0.0	-0.903136	-0.38001	-0.199844	0.0	1.60618	-0.5039779999999999	-0.306761	0.33774699999999996	
1	0.383642	0.182174	-0.905335	0.0	0.723213	0.550361	0.41721199999999997	0.0	0.574267	-0.81481	0.079391	0.0	-0.6247689999999999	-1.8977	-1.3867399999999999	0.164035	-0.00526196	0.466184	-0.8846719999999999	0.0	0.445238	-0.791063	-0.419504	0.0	-0.8953969999999999	-0.396097	-0.2034	0.0	1.5269	-0.558234	-0.295058	0.337818	
1	0.3899	0.165693	-0.9058280000000001	0.0	0.705368	0.57862	0.409456	0.0	0.591975	-0.798589	0.10872899999999999	0.0	-0.504306	-1.83962	-1.28057	0.164466	-0.012682500000000001	0.472505	-0.881237	0.0	0.470472	-0.774841	-0.422228	0.0	-0.882324	-0.41995200000000005	-0.21247399999999997	0.0	1.50708	-0.643853	-0.318312	0.337744	
1	0.391428	0.159673	-0.90625	0.0	0.696227	0.5925739999999999	0.405121	0.0	0.601707	-0.789532	0.120782	0.0	-0.459401	-1.80552	-1.23126	0.164475	-0.0153877	0.47699899999999995	-0.878769	0.0	0.483336	-0.76582	-0.424154	0.0	-0.8753	-0.431267	-0.21876700000000002	0.0	1.51368	-0.692355	-0.30036199999999996	0.337831	
1	0.40203	0.15193099999999998	-0.902933	0.0	0.656863	0.639155	0.400014	0.0	0.637889	-0.753922	0.157162	0.0	-0.36201	-1.72433	-1.11123	0.164469	-0.0161377	0.48794399999999993	-0.872726	0.0	0.4971	-0.75341	-0.430425	0.0	-0.8675430000000001	-0.44077799999999995	-0.230398	0.0	1.59601	-0.7756890000000001	-0.310892	0.33716399999999996	
1	0.40632399999999996	0.154082	-0.900644	0.0	0.6457649999999999	0.648922	0.402353	0.0	0.646443	-0.7450899999999999	0.164172	0.0	-0.33808	-1.7154200000000002	-1.06643	0.16408599999999998	-0.0172722	0.48230200000000006	-0.875835	0.0	0.503323	-0.752688	-0.424414	0.0	-0.863926	-0.448158	-0.229753	0.0	1.65503	-0.766787	-0.30205	0.337235	
1	0.42841899999999994	0.162614	-0.888827	0.0	0.6235609999999999	0.658691	0.42106899999999997	0.0	0.653934	-0.734631	0.180796	0.0	-0.204891	-1.5346799999999998	-0.889152	0.164495	-0.019464	0.47921199999999997	-0.877484	0.0	0.5110680000000001	-0.749556	-0.420684	0.0	-0.8593200000000001	-0.456642	-0.230321	0.0	1.70577	-0.8706790000000001	-0.328986	0.338336	
1	0.44005299999999997	0.151299	-0.885134	0.0	0.617334	0.664852	0.420559	0.0	0.6521140000000001	-0.731491	0.199168	0.0	-0.11703399999999999	-1.42097	-0.762408	0.165074	-0.019042	0.47684	-0.878784	0.0	0.5061760000000001	-0.753382	-0.419763	0.0	-0.8622200000000001	-0.452813	-0.227019	0.0	1.6735099999999998	-0.909394	-0.35581999999999997	0.337564	
