0	0.129876	0.8503649999999999	-0.5099130000000001	0.0	0.107925	0.49908900000000006	0.8598040000000001	0.0	0.9856389999999999	-0.166701	-0.0269563	0.0	-2.85869	1.9207299999999998	1.20081	0.0	-0.0912698	0.8225540000000001	-0.561316	0.0	0.11682999999999999	-0.550932	-0.826333	0.0	-0.988949	-0.140998	-0.045815499999999995	0.0	2.62525	2.01342	1.4760799999999998	2.4943600000000003e-05	
0	0.115476	0.849133	-0.5154	0.0	0.0944159	0.507139	0.856677	0.0	0.9888129999999999	-0.147587	-0.0216094	0.0	-2.9013400000000003	1.8882400000000001	1.08681	0.0	-0.00448906	0.7690140000000001	-0.639217	0.0	-0.00442141	-0.639232	-0.769001	0.0	-0.99998	-0.000625789	0.0062695	0.0	2.63633	1.9604099999999998	1.41631	0.0	
0	0.0652364	0.771335	-0.633078	0.0	0.105894	0.625495	0.773008	0.0	0.9922350000000001	-0.117468	-0.04087469999999999	0.0	-2.92929	1.85175	0.987201	0.0	0.010601000000000001	0.715985	-0.698036	0.0	-0.00321311	-0.698047	-0.7160449999999999	0.0	-0.9999389999999999	0.00983375	-0.00509967	0.0	2.60797	1.92308	1.28682	0.0	
0	-0.07088530000000001	0.620922	-0.7806609999999999	0.0	0.121154	0.782194	0.6111409999999999	0.0	0.990099	-0.051259400000000004	-0.130673	0.0	-2.91248	1.8590799999999998	0.809391	0.0324996	0.07380310000000001	0.634159	-0.769672	0.0	-0.00452581	-0.771556	-0.636145	0.0	-0.9972629999999999	0.0504329	-0.0540731	0.0	2.54763	1.8623599999999998	1.09778	0.0	
0	-0.200293	0.5000819999999999	-0.8424969999999999	0.0	0.0646827	0.8647959999999999	0.49793999999999994	0.0	0.977598	0.045239	-0.20555900000000002	0.0	-2.7927299999999997	1.82188	0.5886	0.354455	0.174317	0.559497	-0.810294	0.0	-0.040417400000000006	-0.818134	-0.5736060000000001	0.0	-0.9838600000000001	0.13273900000000002	-0.120001	0.0	2.50496	1.7752400000000002	0.8358030000000001	0.0822837	
0	-0.209319	0.519105	-0.828683	0.0	0.08050560000000001	0.853728	0.514459	0.0	0.9745280000000001	0.0409724	-0.220492	0.0	-2.77593	1.75722	0.529251	0.35426599999999997	0.196186	0.55616	-0.8075869999999999	0.0	-0.0447616	-0.817654	-0.573967	0.0	-0.9795450000000001	0.148753	-0.135518	0.0	2.49761	1.75606	0.764416	0.254984	
0	-0.207891	0.481339	-0.851525	0.0	0.140105	0.8762209999999999	0.46109399999999995	0.0	0.968066	-0.0234454	-0.249596	0.0	-2.7709799999999998	1.63371	0.48978900000000003	0.34017	0.19884300000000002	0.581088	-0.789176	0.0	-0.038767	-0.799962	-0.5987979999999999	0.0	-0.9792639999999999	0.149661	-0.13654000000000002	0.0	2.44936	1.66575	0.70735	0.292876	
0	-0.177654	0.522239	-0.83409	0.0	0.20966300000000002	0.8481989999999999	0.48641599999999996	0.0	0.961499	-0.0884635	-0.26018	0.0	-2.82448	1.35043	0.414394	0.26802600000000004	0.184197	0.6373260000000001	-0.748256	0.0	-0.000845999	-0.761179	-0.648541	0.0	-0.9828889999999999	0.120092	-0.13966800000000001	0.0	2.39838	1.48538	0.667888	0.29686799999999997	
0	-0.189843	0.533728	-0.8240719999999999	0.0	0.269248	0.8354590000000001	0.479076	0.0	0.944174	-0.130931	-0.302311	0.0	-2.91395	1.05866	0.22569099999999997	0.339326	0.16913699999999998	0.644432	-0.745722	0.0	0.039812400000000005	-0.760472	-0.648149	0.0	-0.9847879999999999	0.0799372	-0.154281	0.0	2.36386	1.28995	0.616833	0.344305	
0	-0.13531600000000002	0.509177	-0.849958	0.0	0.38224600000000003	0.8182659999999999	0.42933599999999994	0.0	0.9141	-0.266797	-0.30535500000000004	0.0	-2.99056	0.694883	0.148622	0.360293	0.172628	0.627111	-0.75956	0.0	0.0546212	-0.776046	-0.628307	0.0	-0.9834719999999999	0.0669757	-0.168221	0.0	2.33616	1.1366399999999999	0.581308	0.351538	
0	-0.09007710000000001	0.44350600000000007	-0.891733	0.0	0.49645500000000004	0.796195	0.345842	0.0	0.8633770000000001	-0.411553	-0.2919	0.0	-3.10542	0.266766	0.0834468	0.362666	0.183969	0.603184	-0.776096	0.0	0.060651300000000005	-0.795034	-0.603525	0.0	-0.981059	0.0639585	-0.182845	0.0	2.31716	1.0144	0.558924	0.35170300000000004	
0	0.015918	0.296619	-0.9548629999999999	0.0	0.660652	0.713709	0.23271999999999998	0.0	0.7505229999999999	-0.634537	-0.184601	0.0	-3.27503	-0.26710700000000004	0.198995	0.362976	0.197391	0.529795	-0.824836	0.0	0.0771929	-0.8471780000000001	-0.525672	0.0	-0.977281	0.0400915	-0.20812199999999997	0.0	2.2960599999999998	0.907055	0.545616	0.350516	
0	0.0273468	0.240436	-0.9702799999999999	0.0	0.74983	0.636965	0.178974	0.0	0.6610659999999999	-0.7324390000000001	-0.162867	0.0	-3.39899	-0.5303640000000001	0.2338	0.361982	0.185819	0.5089600000000001	-0.8404940000000001	0.0	0.100112	-0.8607469999999999	-0.499091	0.0	-0.9774709999999999	0.00859702	-0.210896	0.0	2.29195	0.844985	0.594551	0.35086799999999996	
0	0.035026800000000004	0.24510500000000002	-0.968864	0.0	0.763309	0.619205	0.18424300000000002	0.0	0.645084	-0.745995	-0.165402	0.0	-3.4763900000000003	-0.638626	0.17469300000000001	0.361709	0.17885	0.501681	-0.8463620000000001	0.0	0.11156600000000001	-0.865025	-0.48916800000000005	0.0	-0.9775299999999999	-0.00693744	-0.21068	0.0	2.28704	0.8026	0.6143770000000001	0.35082800000000003	
0	0.06326860000000001	0.304777	-0.95032	0.0	0.779772	0.5791970000000001	0.23766900000000002	0.0	0.622858	-0.75607	-0.201012	0.0	-3.6748199999999995	-0.857368	-0.126633	0.360266	0.164145	0.495208	-0.8531270000000001	0.0	0.137261	-0.8679100000000001	-0.47738	0.0	-0.9768399999999999	-0.0387411	-0.210436	0.0	2.2799099999999997	0.699284	0.630875	0.348792	
0	0.0713798	0.35890500000000003	-0.9306409999999999	0.0	0.782579	0.558347	0.275352	0.0	0.618446	-0.747954	-0.241017	0.0	-3.75905	-0.915134	-0.310667	0.35984	0.15576600000000002	0.496791	-0.853778	0.0	0.150504	-0.8661719999999999	-0.47654399999999997	0.0	-0.976261	-0.054267899999999994	-0.209689	0.0	2.27798	0.634181	0.664049	0.34773899999999996	
0	0.0784742	0.405983	-0.9105049999999999	0.0	0.792067	0.529216	0.304237	0.0	0.6053689999999999	-0.745056	-0.280036	0.0	-3.8151300000000004	-0.9607190000000001	-0.538425	0.359165	0.147645	0.5019279999999999	-0.852215	0.0	0.173555	-0.8614360000000001	-0.47729099999999997	0.0	-0.9736940000000001	-0.07743639999999999	-0.214298	0.0	2.27924	0.547246	0.663326	0.347885	
0	0.09158530000000001	0.45302600000000004	-0.8867809999999999	0.0	0.798774	0.49833500000000003	0.337079	0.0	0.5946199999999999	-0.739209	-0.316225	0.0	-3.8107	-1.01025	-0.730496	0.358099	0.145072	0.506546	-0.8499209999999999	0.0	0.18293800000000002	-0.85793	-0.48009399999999997	0.0	-0.9723620000000001	-0.08583500000000001	-0.21712800000000002	0.0	2.29442	0.452984	0.624379	0.347825	
0	0.0973694	0.499929	-0.860576	0.0	0.810212	0.462351	0.360261	0.0	0.577993	-0.7323270000000001	-0.360029	0.0	-3.8280800000000004	-1.04346	-0.953307	0.35608	0.14143599999999998	0.50576	-0.851001	0.0	0.195356	-0.8569969999999999	-0.47685600000000006	0.0	-0.9704799999999999	-0.0988038	-0.220014	0.0	2.30618	0.416943	0.60928	0.34781999999999996	
0	0.10511199999999998	0.538245	-0.836208	0.0	0.805605	0.44691400000000003	0.388932	0.0	0.583054	-0.714534	-0.386637	0.0	-3.8209800000000005	-1.0998700000000001	-1.09655	0.355724	0.140426	0.504734	-0.851777	0.0	0.19864500000000002	-0.8571719999999999	-0.475181	0.0	-0.969959	-0.10247300000000001	-0.22063200000000002	0.0	2.32239	0.389461	0.5875630000000001	0.34780900000000003	
0	0.11003199999999999	0.563759	-0.818577	0.0	0.788485	0.45190699999999995	0.41721899999999995	0.0	0.605132	-0.691343	-0.394791	0.0	-3.7198900000000004	-1.16373	-1.23806	0.349619	0.13764500000000002	0.5024069999999999	-0.8536040000000001	0.0	0.20333900000000002	-0.857785	-0.47207899999999997	0.0	-0.969385	-0.10859200000000001	-0.220229	0.0	2.3269900000000003	0.353844	0.569391	0.34774299999999997	
0	0.11536400000000001	0.582296	-0.80475	0.0	0.742963	0.487159	0.459002	0.0	0.659316	-0.6508520000000001	-0.376423	0.0	-3.55064	-1.25979	-1.3013	0.33705	0.132907	0.499775	-0.8558979999999999	0.0	0.212346	-0.857865	-0.46795	0.0	-0.9681139999999999	-0.11955299999999999	-0.220142	0.0	2.3226299999999998	0.328517	0.604028	0.345439	
0	0.179088	0.46957299999999996	-0.86454	0.0	0.7730899999999999	0.47632700000000006	0.418861	0.0	0.60849	-0.74338	-0.277717	0.0	-3.38447	-1.3559999999999999	-1.22145	0.295662	0.13155799999999998	0.49782299999999996	-0.857243	0.0	0.21626199999999998	-0.8583430000000001	-0.46527299999999994	0.0	-0.9674309999999999	-0.124178	-0.22058200000000003	0.0	2.32843	0.309446	0.61257	0.342523	
0	0.21608400000000003	0.39365100000000003	-0.893503	0.0	0.806964	0.44316700000000003	0.390401	0.0	0.549653	-0.805383	-0.22190100000000001	0.0	-3.3898099999999998	-1.3820299999999999	-1.16879	0.298653	0.130113	0.4955	-0.858808	0.0	0.217982	-0.859274	-0.46274399999999993	0.0	-0.967241	-0.126996	-0.21981399999999998	0.0	2.3304099999999996	0.299063	0.6216010000000001	0.340976	
0	0.21531	0.398204	-0.8916700000000001	0.0	0.800913	0.45041499999999995	0.394542	0.0	0.5587300000000001	-0.799099	-0.221948	0.0	-3.32001	-1.3914799999999998	-1.1838799999999998	0.304202	0.12879200000000002	0.493634	-0.86008	0.0	0.220398	-0.8598600000000001	-0.460505	0.0	-0.9668700000000001	-0.130251	-0.21953899999999998	0.0	2.33149	0.294796	0.624319	0.340805	
0	0.223144	0.382944	-0.896416	0.0	0.806454	0.444053	0.390447	0.0	0.547575	-0.810044	-0.20973899999999998	0.0	-3.29581	-1.4018	-1.1714	0.310687	0.126091	0.49249499999999996	-0.861133	0.0	0.224502	-0.859707	-0.45880699999999996	0.0	-0.966282	-0.135474	-0.218967	0.0	2.33458	0.267706	0.605247	0.340616	
0	0.223746	0.381918	-0.896703	0.0	0.806846	0.443532	0.39023	0.0	0.546752	-0.810813	-0.208911	0.0	-3.2995699999999997	-1.40248	-1.16874	0.310373	0.126095	0.49250299999999997	-0.8611270000000001	0.0	0.224431	-0.859712	-0.45883100000000004	0.0	-0.966297	-0.135407	-0.21893800000000002	0.0	2.33298	0.267208	0.605849	0.340622	
0	0.22375100000000003	0.381909	-0.896706	0.0	0.806848	0.443528	0.390229	0.0	0.546746	-0.81082	-0.20890300000000003	0.0	-3.29956	-1.40248	-1.16875	0.310373	0.126095	0.49250299999999997	-0.8611270000000001	0.0	0.224431	-0.859712	-0.45883100000000004	0.0	-0.966298	-0.135408	-0.218939	0.0	2.33298	0.267212	0.605853	0.340622	
0	0.22375100000000003	0.381909	-0.896706	0.0	0.806848	0.443528	0.390229	0.0	0.546746	-0.81082	-0.208902	0.0	-3.29956	-1.40248	-1.16875	0.310373	0.126095	0.49250299999999997	-0.8611270000000001	0.0	0.224431	-0.859712	-0.45883	0.0	-0.966298	-0.135408	-0.218939	0.0	2.33298	0.267212	0.605853	0.340622	
0	0.421885	0.021252700000000003	-0.9064	0.0	0.88771	0.193589	0.417725	0.0	0.184347	-0.9808520000000001	0.0628062	0.0	-3.37822	-1.43226	-1.16136	0.353027	0.11373699999999999	0.478455	-0.870715	0.0	0.233803	-0.8646790000000001	-0.444597	0.0	-0.965609	-0.15300899999999998	-0.210211	0.0	2.30166	0.300121	0.626709	0.340401	
0	0.46937399999999996	-0.049386400000000004	-0.881618	0.0	0.8740620000000001	0.167684	0.455958	0.0	0.125315	-0.9846030000000001	0.121873	0.0	-3.42696	-1.42239	-1.14968	0.353081	0.111864	0.475678	-0.8724780000000001	0.0	0.23458800000000002	-0.865814	-0.441967	0.0	-0.9656370000000001	-0.15523199999999998	-0.20844200000000002	0.0	2.30095	0.29635100000000003	0.637814	0.340504	
0	0.49596999999999997	-0.0772071	-0.864901	0.0	0.862568	0.15845499999999998	0.480488	0.0	0.0999508	-0.9843430000000001	0.14518499999999998	0.0	-3.4324199999999996	-1.41898	-1.11711	0.35265100000000005	0.11121800000000001	0.47576899999999994	-0.872511	0.0	0.235514	-0.865566	-0.441961	0.0	-0.9654860000000001	-0.156334	-0.208317	0.0	2.29996	0.292132	0.647492	0.340515	
0	0.522258	-0.0706841	-0.8498530000000001	0.0	0.8444219999999999	0.182104	0.503775	0.0	0.119153	-0.980735	0.15479300000000001	0.0	-3.44147	-1.39983	-1.16676	0.353456	0.107904	0.471062	-0.875476	0.0	0.23670100000000002	-0.867467	-0.43757799999999997	0.0	-0.965572	-0.16000899999999998	-0.205104	0.0	2.30437	0.271271	0.677338	0.340504	
0	0.552884	-0.057004700000000005	-0.831306	0.0	0.8218840000000001	0.20158399999999999	0.532795	0.0	0.137206	-0.9778110000000001	0.158304	0.0	-3.4139	-1.39052	-1.22326	0.34521799999999997	0.107162	0.46950699999999995	-0.876401	0.0	0.236602	-0.8681969999999999	-0.43618100000000004	0.0	-0.9656790000000001	-0.160616	-0.204125	0.0	2.30668	0.263262	0.6910069999999999	0.340456	
0	0.5678380000000001	-0.05442819999999999	-0.8213389999999999	0.0	0.8108310000000001	0.20889699999999997	0.5467310000000001	0.0	0.141817	-0.9764219999999999	0.162752	0.0	-3.3647699999999996	-1.38463	-1.2615	0.345015	0.10599700000000001	0.468153	-0.877267	0.0	0.237096	-0.86869	-0.434929	0.0	-0.965686	-0.161896	-0.203076	0.0	2.3056099999999997	0.258389	0.702163	0.340489	
0	0.568551	-0.0529075	-0.820945	0.0	0.810819	0.20465999999999998	0.548349	0.0	0.139003	-0.977402	0.15925799999999998	0.0	-3.36311	-1.3658299999999999	-1.2891299999999999	0.344646	0.10630799999999999	0.467826	-0.8774040000000001	0.0	0.23734699999999997	-0.868836	-0.4345	0.0	-0.965591	-0.16205799999999998	-0.203401	0.0	2.3083400000000003	0.25545300000000004	0.703597	0.340611	
0	0.5686060000000001	-0.0575207	-0.8205959999999999	0.0	0.8113319999999999	0.203828	0.5479	0.0	0.135745	-0.9773149999999999	0.16256600000000002	0.0	-3.3835900000000003	-1.34568	-1.32439	0.34410999999999997	0.105571	0.465463	-0.878749	0.0	0.23595700000000003	-0.870175	-0.43257399999999996	0.0	-0.9660120000000001	-0.161679	-0.201695	0.0	2.3096799999999997	0.252946	0.702572	0.340492	
0	0.570308	-0.09127610000000001	-0.816344	0.0	0.812376	0.20982800000000001	0.544075	0.0	0.12163099999999999	-0.973469	0.19381700000000002	0.0	-3.39705	-1.2932700000000001	-1.34453	0.344066	0.102142	0.458366	-0.882875	0.0	0.23466199999999998	-0.8735719999999999	-0.426388	0.0	-0.9666959999999999	-0.163625	-0.19679000000000002	0.0	2.30835	0.24142399999999997	0.708068	0.340712	
0	0.562558	-0.13978	-0.814856	0.0	0.819102	0.22804899999999997	0.52637	0.0	0.112251	-0.963564	0.242785	0.0	-3.42176	-1.17021	-1.34643	0.34305399999999997	0.0981846	0.453475	-0.8858440000000001	0.0	0.235298	-0.8754850000000001	-0.422092	0.0	-0.966951	-0.166995	-0.192661	0.0	2.30822	0.21836999999999998	0.719101	0.340613	
0	0.5253439999999999	-0.141755	-0.8389989999999999	0.0	0.842935	0.221214	0.490433	0.0	0.116077	-0.9648680000000001	0.235704	0.0	-3.42927	-0.945992	-1.43654	0.343437	0.09734839999999999	0.452824	-0.8862690000000001	0.0	0.235781	-0.875642	-0.421496	0.0	-0.966918	-0.167933	-0.19201	0.0	2.3056400000000004	0.200228	0.728115	0.340571	
0	0.504726	-0.10984300000000001	-0.8562629999999999	0.0	0.850892	0.23073000000000002	0.47196099999999996	0.0	0.145723	-0.9667979999999999	0.20992	0.0	-3.43247	-0.670714	-1.52775	0.344661	0.0971663	0.45321300000000003	-0.886091	0.0	0.23557199999999998	-0.8754780000000001	-0.42195299999999997	0.0	-0.966988	-0.167738	-0.191831	0.0	2.3064	0.19155	0.7253569999999999	0.340748	
0	0.49672200000000005	-0.0500884	-0.8664629999999999	0.0	0.846349	0.24909499999999998	0.470792	0.0	0.192251	-0.967183	0.166123	0.0	-3.39195	-0.370593	-1.54339	0.34636500000000003	0.09447660000000001	0.447383	-0.889338	0.0	0.236304	-0.8778809999999999	-0.416517	0.0	-0.967075	-0.170803	-0.188657	0.0	2.30455	0.18294000000000002	0.733206	0.340599	
0	0.463042	-0.000825375	-0.886336	0.0	0.8529190000000001	0.272416	0.44533100000000003	0.0	0.241085	-0.9621790000000001	0.126844	0.0	-3.30347	-0.050546600000000004	-1.55062	0.346669	0.0943905	0.447483	-0.8892969999999999	0.0	0.23645100000000002	-0.877801	-0.416601	0.0	-0.9670479999999999	-0.170952	-0.188664	0.0	2.3063700000000003	0.179197	0.7367199999999999	0.340814	
0	0.447467	0.031572300000000005	-0.8937430000000001	0.0	0.8553799999999999	0.276507	0.438028	0.0	0.260956	-0.960493	0.0967215	0.0	-3.20649	0.23900700000000002	-1.58332	0.34729499999999996	0.0935949	0.44438599999999995	-0.890933	0.0	0.236021	-0.8792559999999999	-0.413767	0.0	-0.9672299999999999	-0.171552	-0.18717899999999998	0.0	2.30599	0.176598	0.736206	0.340825	
0	0.44704099999999997	0.037989499999999995	-0.8937069999999999	0.0	0.8551690000000001	0.274901	0.43945	0.0	0.262375	-0.960722	0.0904044	0.0	-3.15712	0.356674	-1.60381	0.347296	0.09329630000000001	0.443456	-0.8914270000000001	0.0	0.235875	-0.8796879999999999	-0.41293	0.0	-0.9672950000000001	-0.17174	-0.186672	0.0	2.3054099999999997	0.176228	0.739536	0.340752	
0	0.44489300000000004	0.0359069	-0.894864	0.0	0.864117	0.245325	0.43945100000000004	0.0	0.235312	-0.968776	0.0781157	0.0	-3.05916	0.653127	-1.5858	0.347411	0.0897986	0.438137	-0.8944120000000001	0.0	0.236306	-0.881769	-0.408219	0.0	-0.967521	-0.174697	-0.18271600000000002	0.0	2.3039	0.162348	0.739159	0.34073400000000004	
0	0.455342	0.034515	-0.889647	0.0	0.8638879999999999	0.224531	0.45086899999999996	0.0	0.215315	-0.9738559999999999	0.0724212	0.0	-3.01317	0.839715	-1.6094	0.34765999999999997	0.085257	0.432149	-0.8977629999999999	0.0	0.23842800000000003	-0.883713	-0.402744	0.0	-0.967411	-0.179715	-0.178379	0.0	2.29854	0.140784	0.75276	0.340665	
0	0.46348999999999996	0.0273161	-0.8856809999999999	0.0	0.8640329999999999	0.20775300000000002	0.45856899999999995	0.0	0.196529	-0.9778	0.0726897	0.0	-2.97015	0.992273	-1.6354600000000001	0.346789	0.0855706	0.43221499999999996	-0.897702	0.0	0.238656	-0.883668	-0.40270900000000004	0.0	-0.967327	-0.179782	-0.178767	0.0	2.29467	0.13135	0.759641	0.34069099999999997	
0	0.469375	0.021664700000000002	-0.882733	0.0	0.864417	0.192737	0.464366	0.0	0.180196	-0.9810110000000001	0.0717388	0.0	-2.93575	1.0744799999999999	-1.5988	0.34665300000000004	0.0853401	0.43144	-0.8980959999999999	0.0	0.239598	-0.88382	-0.40181500000000003	0.0	-0.9671139999999999	-0.180891	-0.178798	0.0	2.2939	0.128099	0.757881	0.340699	
0	0.471102	0.019569200000000002	-0.881862	0.0	0.864458	0.188591	0.46598999999999996	0.0	0.17543	-0.9818610000000001	0.0719287	0.0	-2.92342	1.1224399999999999	-1.61175	0.346391	0.0852487	0.43123900000000004	-0.898201	0.0	0.23955900000000002	-0.8839100000000001	-0.40164099999999997	0.0	-0.967132	-0.18093299999999998	-0.17865899999999998	0.0	2.29632	0.12800899999999998	0.758895	0.34074499999999996	
0	0.47108599999999995	0.0195894	-0.88187	0.0	0.864458	0.188629	0.465974	0.0	0.175475	-0.9818530000000001	0.0719263	0.0	-2.9238299999999997	1.12103	-1.61142	0.3464	0.0852513	0.43123100000000003	-0.8982049999999999	0.0	0.239558	-0.883914	-0.401633	0.0	-0.967132	-0.18093199999999998	-0.17865999999999999	0.0	2.29625	0.127986	0.7589100000000001	0.340746	
0	0.47108599999999995	0.019589500000000003	-0.88187	0.0	0.864458	0.188629	0.465974	0.0	0.175475	-0.9818530000000001	0.0719262	0.0	-2.9238299999999997	1.12103	-1.61142	0.3464	0.0852513	0.43123100000000003	-0.8982049999999999	0.0	0.239558	-0.883914	-0.401633	0.0	-0.967132	-0.18093199999999998	-0.17865999999999999	0.0	2.29625	0.127987	0.7589100000000001	0.340746	
0	0.47108500000000003	0.019589500000000003	-0.88187	0.0	0.864458	0.188629	0.465974	0.0	0.175475	-0.9818530000000001	0.0719261	0.0	-2.9238299999999997	1.12103	-1.61142	0.346402	0.08525139999999999	0.43123100000000003	-0.8982049999999999	0.0	0.239558	-0.883914	-0.401633	0.0	-0.967132	-0.18093199999999998	-0.17865999999999999	0.0	2.29625	0.127987	0.7589100000000001	0.340746	
0	0.47108599999999995	0.0195896	-0.88187	0.0	0.864458	0.188629	0.465974	0.0	0.175475	-0.9818530000000001	0.0719261	0.0	-2.9238299999999997	1.12103	-1.61142	0.346401	0.08525139999999999	0.43123100000000003	-0.8982049999999999	0.0	0.239558	-0.883914	-0.401633	0.0	-0.967132	-0.18093199999999998	-0.17865999999999999	0.0	2.29625	0.127987	0.7589100000000001	0.340746	
0	0.47108500000000003	0.0195896	-0.88187	0.0	0.864458	0.188629	0.465974	0.0	0.175475	-0.9818530000000001	0.0719261	0.0	-2.9238299999999997	1.12103	-1.61142	0.346401	0.08525139999999999	0.43123100000000003	-0.8982049999999999	0.0	0.239558	-0.883914	-0.401633	0.0	-0.967132	-0.18093199999999998	-0.17865999999999999	0.0	2.29625	0.127986	0.7589100000000001	0.340746	
0	0.47108500000000003	0.0195896	-0.88187	0.0	0.864458	0.188629	0.465974	0.0	0.175475	-0.9818530000000001	0.0719261	0.0	-2.9238299999999997	1.12103	-1.61142	0.346401	0.08525139999999999	0.43123100000000003	-0.8982049999999999	0.0	0.239558	-0.883914	-0.401633	0.0	-0.967132	-0.18093199999999998	-0.17865999999999999	0.0	2.29625	0.127987	0.7589100000000001	0.340746	
0	0.47108500000000003	0.0195896	-0.88187	0.0	0.864458	0.188629	0.465974	0.0	0.175475	-0.9818530000000001	0.0719261	0.0	-2.9238299999999997	1.12103	-1.61142	0.346401	0.0852513	0.43123100000000003	-0.8982049999999999	0.0	0.239558	-0.883914	-0.401633	0.0	-0.967132	-0.18093199999999998	-0.17865999999999999	0.0	2.29625	0.127987	0.7589100000000001	0.340746	
0	0.47108599999999995	0.0195896	-0.88187	0.0	0.864458	0.188629	0.465974	0.0	0.175475	-0.9818530000000001	0.0719261	0.0	-2.9238299999999997	1.12103	-1.61142	0.346401	0.0852513	0.43123100000000003	-0.8982049999999999	0.0	0.239558	-0.883914	-0.401633	0.0	-0.967132	-0.18093199999999998	-0.17865999999999999	0.0	2.29625	0.127987	0.7589100000000001	0.340746	
0	0.47108599999999995	0.019589500000000003	-0.88187	0.0	0.864458	0.188629	0.465974	0.0	0.175475	-0.9818530000000001	0.0719262	0.0	-2.9238299999999997	1.12103	-1.61142	0.346401	0.0852513	0.43123100000000003	-0.8982049999999999	0.0	0.239558	-0.883914	-0.401633	0.0	-0.967132	-0.18093199999999998	-0.17865999999999999	0.0	2.29625	0.127987	0.7589100000000001	0.340746	
0	0.47108500000000003	0.0195896	-0.88187	0.0	0.864458	0.188629	0.465974	0.0	0.175475	-0.9818530000000001	0.0719261	0.0	-2.9238299999999997	1.12103	-1.61142	0.346401	0.08525139999999999	0.43123100000000003	-0.8982049999999999	0.0	0.239558	-0.883914	-0.401633	0.0	-0.967132	-0.18093199999999998	-0.17865999999999999	0.0	2.29625	0.127987	0.7589100000000001	0.340746	
0	0.47108599999999995	0.0195896	-0.88187	0.0	0.864458	0.188629	0.465974	0.0	0.175475	-0.9818530000000001	0.0719261	0.0	-2.9238299999999997	1.12103	-1.61142	0.3464	0.08525139999999999	0.43123100000000003	-0.8982049999999999	0.0	0.239558	-0.883914	-0.401633	0.0	-0.967132	-0.18093199999999998	-0.17865999999999999	0.0	2.29625	0.127987	0.7589100000000001	0.340746	
0	0.47108500000000003	0.0195896	-0.88187	0.0	0.864458	0.188629	0.465974	0.0	0.175475	-0.9818530000000001	0.0719261	0.0	-2.9238299999999997	1.12103	-1.61142	0.346402	0.08525139999999999	0.43123100000000003	-0.8982049999999999	0.0	0.239558	-0.883914	-0.401633	0.0	-0.967132	-0.18093199999999998	-0.17865999999999999	0.0	2.29625	0.127987	0.7589100000000001	0.340746	
0	0.47108500000000003	0.0195896	-0.88187	0.0	0.864458	0.188629	0.465974	0.0	0.175475	-0.9818530000000001	0.0719261	0.0	-2.9238299999999997	1.12103	-1.61142	0.346402	0.08525139999999999	0.43123100000000003	-0.8982049999999999	0.0	0.239558	-0.883914	-0.401633	0.0	-0.967132	-0.18093199999999998	-0.17865999999999999	0.0	2.29625	0.127987	0.7589100000000001	0.340746	
0	0.47108500000000003	0.0195896	-0.88187	0.0	0.864458	0.188629	0.465974	0.0	0.175475	-0.9818530000000001	0.0719261	0.0	-2.9238299999999997	1.12103	-1.61142	0.346401	0.08525139999999999	0.43123100000000003	-0.8982049999999999	0.0	0.239558	-0.883914	-0.401633	0.0	-0.967132	-0.18093199999999998	-0.17865999999999999	0.0	2.29625	0.127987	0.7589100000000001	0.340746	
0	0.47108500000000003	0.0195896	-0.88187	0.0	0.864458	0.188629	0.465974	0.0	0.175475	-0.9818530000000001	0.0719261	0.0	-2.9238299999999997	1.12103	-1.61142	0.346402	0.08525139999999999	0.43123100000000003	-0.8982049999999999	0.0	0.239558	-0.883914	-0.401633	0.0	-0.967132	-0.18093199999999998	-0.17865999999999999	0.0	2.29625	0.127987	0.7589100000000001	0.340746	
0	0.47108500000000003	0.0195896	-0.88187	0.0	0.864458	0.188629	0.465974	0.0	0.175475	-0.9818530000000001	0.0719261	0.0	-2.9238299999999997	1.12103	-1.61142	0.3464	0.08525139999999999	0.43123100000000003	-0.8982049999999999	0.0	0.239558	-0.883914	-0.401633	0.0	-0.967132	-0.18093199999999998	-0.17865999999999999	0.0	2.29625	0.127986	0.7589100000000001	0.340746	
0	0.47108500000000003	0.0195896	-0.88187	0.0	0.864458	0.188629	0.465974	0.0	0.175475	-0.9818530000000001	0.0719261	0.0	-2.9238299999999997	1.12103	-1.61142	0.346401	0.08525139999999999	0.43123100000000003	-0.8982049999999999	0.0	0.239558	-0.883914	-0.401633	0.0	-0.967132	-0.18093199999999998	-0.17865999999999999	0.0	2.29625	0.127986	0.7589100000000001	0.340746	
0	0.47108500000000003	0.0195896	-0.88187	0.0	0.864458	0.188629	0.465974	0.0	0.175475	-0.9818530000000001	0.0719261	0.0	-2.9238299999999997	1.12103	-1.61142	0.346402	0.0852513	0.43123100000000003	-0.8982049999999999	0.0	0.239558	-0.883914	-0.401633	0.0	-0.967132	-0.18093199999999998	-0.17865999999999999	0.0	2.29625	0.127987	0.7589100000000001	0.340746	
0	0.47108500000000003	0.0195896	-0.88187	0.0	0.864458	0.188629	0.465974	0.0	0.175475	-0.9818530000000001	0.0719261	0.0	-2.9238299999999997	1.12103	-1.61142	0.346401	0.0852513	0.43123100000000003	-0.8982049999999999	0.0	0.239558	-0.883914	-0.401633	0.0	-0.967132	-0.18093199999999998	-0.17865999999999999	0.0	2.29625	0.127987	0.7589100000000001	0.340746	
0	0.47108500000000003	0.0195896	-0.88187	0.0	0.864458	0.188629	0.465974	0.0	0.175475	-0.9818530000000001	0.0719261	0.0	-2.9238299999999997	1.12103	-1.61142	0.3464	0.08525139999999999	0.43123100000000003	-0.8982049999999999	0.0	0.239558	-0.883914	-0.401633	0.0	-0.967132	-0.18093199999999998	-0.17865999999999999	0.0	2.29625	0.127987	0.7589100000000001	0.340746	
0	0.47108599999999995	0.019589500000000003	-0.88187	0.0	0.864458	0.188629	0.465974	0.0	0.175475	-0.9818530000000001	0.0719262	0.0	-2.9238299999999997	1.12103	-1.61142	0.346401	0.08525139999999999	0.43123100000000003	-0.8982049999999999	0.0	0.239558	-0.883914	-0.401633	0.0	-0.967132	-0.18093199999999998	-0.17865999999999999	0.0	2.29625	0.127987	0.7589100000000001	0.340746	
0	0.473555	0.0322897	-0.880172	0.0	0.8711040000000001	0.130431	0.47346099999999997	0.0	0.13009	-0.9909319999999999	0.0336384	0.0	-2.96906	1.0941100000000001	-1.6349	0.34573200000000004	0.07064830000000001	0.41572200000000004	-0.9067440000000001	0.0	0.242141	-0.8889739999999999	-0.388709	0.0	-0.967666	-0.192098	-0.163468	0.0	2.26491	0.169451	0.778158	0.340306	
0	0.473817	0.0321805	-0.880035	0.0	0.8715069999999999	0.12628399999999998	0.473843	0.0	0.126383	-0.9914719999999999	0.03179	0.0	-2.96358	1.0956299999999999	-1.6337899999999999	0.34591500000000003	0.06932289999999999	0.414335	-0.907481	0.0	0.24279699999999999	-0.889323	-0.387497	0.0	-0.9675969999999999	-0.193471	-0.16225	0.0	2.26559	0.165102	0.7772720000000001	0.340317	
0	0.47166800000000003	0.028278700000000004	-0.881323	0.0	0.873066	0.125159	0.471265	0.0	0.12363199999999999	-0.991734	0.034344400000000004	0.0	-2.96558	1.09079	-1.63123	0.345855	0.06862489999999999	0.413583	-0.907877	0.0	0.242785	-0.8895870000000001	-0.386899	0.0	-0.96765	-0.193868	-0.16146	0.0	2.2680599999999997	0.159972	0.774778	0.340273	
0	0.47103900000000004	0.030098900000000005	-0.881599	0.0	0.8740459999999999	0.11891800000000001	0.47106400000000004	0.0	0.11901700000000001	-0.992448	0.0297073	0.0	-2.96466	1.075	-1.64861	0.345877	0.0662637	0.410361	-0.9095120000000001	0.0	0.243031	-0.890702	-0.384168	0.0	-0.9677530000000001	-0.19558299999999998	-0.158752	0.0	2.26598	0.153054	0.774563	0.34029499999999996	
0	0.467661	0.0332171	-0.8832840000000001	0.0	0.8765729999999999	0.111043	0.46828400000000003	0.0	0.11363800000000002	-0.99326	0.0228134	0.0	-2.9756	1.04455	-1.70881	0.345891	0.066027	0.40993999999999997	-0.9097200000000001	0.0	0.243337	-0.890798	-0.383753	0.0	-0.967692	-0.19602999999999998	-0.15857000000000002	0.0	2.26409	0.157108	0.784749	0.340219	
0	0.466917	0.0367083	-0.883539	0.0	0.877123	0.10782699999999999	0.46800600000000003	0.0	0.11244900000000001	-0.993492	0.018148599999999997	0.0	-2.97535	1.01597	-1.7062700000000002	0.34585	0.06618450000000001	0.40991400000000006	-0.9097200000000001	0.0	0.24343800000000002	-0.890803	-0.383679	0.0	-0.967656	-0.19606600000000002	-0.158746	0.0	2.26494	0.15772	0.787672	0.34018899999999996	
0	0.4642	0.0306789	-0.885199	0.0	0.8788540000000001	0.10834	0.46462700000000007	0.0	0.11015699999999999	-0.99364	0.0233291	0.0	-2.97741	0.809006	-1.67685	0.346161	0.0659816	0.409386	-0.9099719999999999	0.0	0.242968	-0.8911030000000001	-0.383279	0.0	-0.9677879999999999	-0.195805	-0.15826400000000002	0.0	2.26686	0.158909	0.785552	0.34018699999999996	
0	0.465218	0.021597799999999997	-0.884933	0.0	0.8775350000000001	0.11998800000000001	0.464258	0.0	0.11620799999999999	-0.99254	0.0368676	0.0	-2.94368	0.582779	-1.6652099999999999	0.34565999999999997	0.06561080000000001	0.408835	-0.9102469999999999	0.0	0.24279499999999998	-0.891338	-0.382841	0.0	-0.9678559999999999	-0.195885	-0.157745	0.0	2.2654900000000002	0.15873199999999998	0.787082	0.340149	
0	0.466538	0.012374	-0.884415	0.0	0.875919	0.13248900000000002	0.46391000000000004	0.0	0.12291600000000001	-0.991107	0.0509726	0.0	-2.95621	0.316726	-1.63184	0.34591900000000003	0.0655256	0.408594	-0.9103610000000001	0.0	0.243106	-0.8913690000000001	-0.38257199999999997	0.0	-0.967784	-0.196246	-0.15773900000000002	0.0	2.26456	0.158772	0.790652	0.340275	
0	0.46447299999999997	0.00600904	-0.885567	0.0	0.875993	0.143681	0.460426	0.0	0.13000599999999998	-0.989606	0.0614719	0.0	-2.96411	0.056257299999999996	-1.61628	0.345887	0.0653334	0.408435	-0.9104459999999999	0.0	0.24337899999999998	-0.8913639999999999	-0.38240999999999997	0.0	-0.9677290000000001	-0.196599	-0.15764	0.0	2.26461	0.157776	0.7925300000000001	0.340024	
0	0.461012	0.010069799999999999	-0.887337	0.0	0.877067	0.14693399999999998	0.457344	0.0	0.134986	-0.9890950000000001	0.05890650000000001	0.0	-2.9927	-0.178582	-1.63287	0.345702	0.06520319999999999	0.408401	-0.9104709999999999	0.0	0.24377100000000002	-0.891287	-0.382338	0.0	-0.9676389999999999	-0.197017	-0.157671	0.0	2.26652	0.155962	0.786571	0.340054	
0	0.460667	0.00756666	-0.887541	0.0	0.8763059999999999	0.154949	0.456157	0.0	0.140975	-0.987894	0.06474930000000001	0.0	-2.98963	-0.38909699999999997	-1.6268200000000002	0.34526	0.0654933	0.408916	-0.910219	0.0	0.24350500000000003	-0.89115	-0.382828	0.0	-0.967686	-0.196571	-0.15793800000000002	0.0	2.26661	0.15554	0.784166	0.340269	
0	0.45961899999999994	0.011301899999999998	-0.8880440000000001	0.0	0.875483	0.16229000000000002	0.455183	0.0	0.149265	-0.986678	0.0646969	0.0	-2.97057	-0.584531	-1.62034	0.345302	0.0649725	0.408357	-0.910507	0.0	0.243565	-0.8913280000000001	-0.382374	0.0	-0.967706	-0.196924	-0.157374	0.0	2.26611	0.150752	0.780655	0.34018699999999996	
0	0.459266	0.014891399999999999	-0.888174	0.0	0.8749620000000001	0.165028	0.455201	0.0	0.153352	-0.9861770000000001	0.0627621	0.0	-2.97898	-0.728156	-1.62601	0.344889	0.0649266	0.408352	-0.9105129999999999	0.0	0.24391300000000002	-0.8912549999999999	-0.382323	0.0	-0.967621	-0.19726300000000002	-0.157469	0.0	2.26632	0.152559	0.785438	0.34023400000000004	
0	0.45636400000000005	0.019494900000000003	-0.8895790000000001	0.0	0.8744149999999999	0.175241	0.452425	0.0	0.164711	-0.984333	0.0629269	0.0	-2.95438	-0.904051	-1.64488	0.344835	0.0649809	0.40794600000000003	-0.910691	0.0	0.243652	-0.891483	-0.381957	0.0	-0.967683	-0.197072	-0.157326	0.0	2.26497	0.151552	0.789058	0.340181	
0	0.452479	0.030700099999999998	-0.8912459999999999	0.0	0.8740209999999999	0.18316400000000002	0.450043	0.0	0.177061	-0.9826030000000001	0.05604540000000001	0.0	-2.93744	-1.08175	-1.70967	0.344196	0.0640482	0.406464	-0.9114190000000001	0.0	0.24338600000000002	-0.8920790000000001	-0.380735	0.0	-0.9678129999999999	-0.197441	-0.156064	0.0	2.26447	0.153793	0.799143	0.34020500000000004	
0	0.44374600000000003	0.0357801	-0.895438	0.0	0.8754780000000001	0.19608299999999998	0.44168999999999997	0.0	0.191384	-0.979934	0.0556862	0.0	-2.97048	-1.25955	-1.78077	0.34321	0.0628557	0.40484499999999995	-0.912223	0.0	0.243682	-0.892591	-0.379342	0.0	-0.967816	-0.198448	-0.15475799999999998	0.0	2.2660099999999996	0.154218	0.819176	0.34012800000000004	
0	0.43940500000000005	0.034026	-0.897644	0.0	0.875397	0.207936	0.43639700000000003	0.0	0.20150099999999999	-0.97755	0.061581899999999995	0.0	-3.0041900000000004	-1.4860200000000001	-1.8020599999999998	0.34176999999999996	0.0626081	0.404123	-0.91256	0.0	0.244004	-0.892804	-0.378634	0.0	-0.967751	-0.198963	-0.154505	0.0	2.26766	0.15659	0.817879	0.340183	
0	0.43	0.00815409	-0.902792	0.0	0.8815780000000001	0.211891	0.421809	0.0	0.194733	-0.977259	0.0839245	0.0	-3.08397	-1.7263	-1.7865	0.339868	0.0628759	0.403354	-0.9128809999999999	0.0	0.24391100000000002	-0.893164	-0.377843	0.0	-0.967757	-0.198905	-0.154541	0.0	2.2652200000000002	0.156116	0.816178	0.340143	
0	0.427504	-0.0102209	-0.903956	0.0	0.8853040000000001	0.207116	0.41634099999999996	0.0	0.18296800000000002	-0.9782629999999999	0.09759119999999999	0.0	-3.13068	-1.8145900000000001	-1.77565	0.33925500000000003	0.0628285	0.40326100000000004	-0.912926	0.0	0.24372	-0.8932379999999999	-0.377792	0.0	-0.967809	-0.198762	-0.15440399999999999	0.0	2.2642700000000002	0.155279	0.818695	0.34013000000000004	
0	0.43142700000000006	-0.00134546	-0.9021469999999999	0.0	0.884152	0.19937	0.422525	0.0	0.179292	-0.979923	0.087203	0.0	-3.18459	-1.8739299999999999	-1.77515	0.339737	0.06275560000000001	0.40312	-0.912993	0.0	0.243635	-0.893308	-0.377682	0.0	-0.967835	-0.198735	-0.154274	0.0	2.26381	0.153618	0.8183	0.34019499999999997	
0	0.45258100000000007	0.0286207	-0.891264	0.0	0.873308	0.18784700000000001	0.449495	0.0	0.180287	-0.9817809999999999	0.060021500000000005	0.0	-3.34942	-2.00755	-1.84733	0.338371	0.06244209999999999	0.402494	-0.9132899999999999	0.0	0.244158	-0.893432	-0.37704899999999997	0.0	-0.967723	-0.199443	-0.15406	0.0	2.2694900000000002	0.155302	0.8169810000000001	0.340132	
0	0.455322	0.0279553	-0.8898879999999999	0.0	0.870999	0.193143	0.451725	0.0	0.184504	-0.980772	0.0635932	0.0	-3.3290900000000003	-2.0295	-1.8648200000000001	0.336378	0.0624904	0.402739	-0.9131790000000001	0.0	0.244579	-0.8932479999999999	-0.377212	0.0	-0.967614	-0.199773	-0.154321	0.0	2.26818	0.155867	0.8205	0.34012800000000004	
0	0.457251	0.029922700000000003	-0.888834	0.0	0.869798	0.193305	0.453966	0.0	0.1854	-0.9806819999999999	0.0623623	0.0	-3.25164	-2.0476	-1.8750099999999998	0.336327	0.0624989	0.40231	-0.9133680000000001	0.0	0.244354	-0.893473	-0.376826	0.0	-0.96767	-0.19963399999999998	-0.154147	0.0	2.26652	0.157417	0.813203	0.340032	
0	0.457441	0.0289263	-0.888769	0.0	0.869675	0.193953	0.453926	0.0	0.18550999999999998	-0.980584	0.0635654	0.0	-3.23297	-2.05135	-1.87923	0.336451	0.062432299999999996	0.401913	-0.9135469999999999	0.0	0.244527	-0.893595	-0.376424	0.0	-0.9676309999999999	-0.19988599999999998	-0.154068	0.0	2.26613	0.158816	0.81596	0.34012600000000004	
0	0.458162	0.0280591	-0.888426	0.0	0.8691979999999999	0.194969	0.454403	0.0	0.18596500000000002	-0.980408	0.0649382	0.0	-3.21695	-2.0551	-1.8831099999999998	0.336387	0.0624726	0.401173	-0.9138700000000001	0.0	0.244396	-0.8939299999999999	-0.375713	0.0	-0.9676610000000001	-0.199875	-0.153891	0.0	2.26395	0.160907	0.810592	0.340133	
0	0.45839799999999997	0.025233099999999998	-0.888389	0.0	0.8697299999999999	0.192941	0.454251	0.0	0.182868	-0.980886	0.06649769999999999	0.0	-3.20722	-2.05685	-1.8841299999999999	0.336754	0.0624577	0.401433	-0.9137559999999999	0.0	0.244398	-0.8938209999999999	-0.37596999999999997	0.0	-0.9676620000000001	-0.19983800000000002	-0.153936	0.0	2.2669799999999998	0.162705	0.8016399999999999	0.340134	
0	0.45746099999999995	0.0244718	-0.888893	0.0	0.8704860000000001	0.19183599999999998	0.453269	0.0	0.181614	-0.9811219999999999	0.0664549	0.0	-3.21279	-2.05432	-1.88632	0.337123	0.06237380000000001	0.401622	-0.9136790000000001	0.0	0.24430300000000002	-0.893756	-0.376187	0.0	-0.967691	-0.199751	-0.153865	0.0	2.26782	0.16185	0.802675	0.34015	
0	0.454916	0.0222894	-0.8902549999999999	0.0	0.8727309999999999	0.187736	0.450662	0.0	0.177178	-0.981967	0.0659515	0.0	-3.2925	-2.03682	-1.8815400000000002	0.337422	0.062413699999999996	0.401865	-0.9135690000000001	0.0	0.2442	-0.893681	-0.376433	0.0	-0.967714	-0.199599	-0.15391400000000002	0.0	2.26859	0.15854100000000002	0.7969579999999999	0.340122	
0	0.453953	0.0203944	-0.890792	0.0	0.8733620000000001	0.187895	0.44937200000000005	0.0	0.17654	-0.981977	0.0674836	0.0	-3.31895	-2.03308	-1.8778400000000002	0.337483	0.0623451	0.402044	-0.9134950000000001	0.0	0.244398	-0.89356	-0.376591	0.0	-0.967669	-0.199778	-0.153968	0.0	2.26664	0.159371	0.79728	0.34012600000000004	
0	0.452848	0.0189425	-0.891386	0.0	0.874325	0.18634900000000001	0.448141	0.0	0.174598	-0.982301	0.0678259	0.0	-3.3495699999999995	-2.02845	-1.87103	0.337355	0.06255430000000001	0.40278400000000003	-0.9131549999999999	0.0	0.244371	-0.893278	-0.377277	0.0	-0.9676620000000001	-0.199549	-0.154308	0.0	2.26586	0.15796400000000002	0.809551	0.340147	
0	0.452271	0.0183747	-0.891691	0.0	0.8745860000000001	0.18679500000000002	0.44744399999999995	0.0	0.174785	-0.9822270000000001	0.06841160000000002	0.0	-3.35415	-2.0262700000000002	-1.87307	0.337487	0.0626516	0.403023	-0.913043	0.0	0.244182	-0.893227	-0.37751999999999997	0.0	-0.9677040000000001	-0.199296	-0.154373	0.0	2.26586	0.15867799999999999	0.816923	0.340192	
0	0.452272	0.0183756	-0.891691	0.0	0.8745860000000001	0.18679500000000002	0.447446	0.0	0.174785	-0.9822270000000001	0.0684109	0.0	-3.35414	-2.02628	-1.87305	0.337487	0.062652	0.403021	-0.9130440000000001	0.0	0.244182	-0.893227	-0.377519	0.0	-0.9677040000000001	-0.199296	-0.154373	0.0	2.26586	0.158674	0.816904	0.34019299999999997	
0	0.452272	0.0183756	-0.891691	0.0	0.8745860000000001	0.18679500000000002	0.447446	0.0	0.174785	-0.9822270000000001	0.068411	0.0	-3.35414	-2.02628	-1.87304	0.337488	0.062652	0.403021	-0.9130440000000001	0.0	0.24418099999999998	-0.893227	-0.377519	0.0	-0.9677040000000001	-0.199296	-0.154373	0.0	2.26586	0.158674	0.816904	0.34019299999999997	
0	0.452272	0.0183756	-0.891691	0.0	0.8745860000000001	0.18679500000000002	0.447446	0.0	0.174785	-0.9822270000000001	0.068411	0.0	-3.35414	-2.02628	-1.87305	0.337488	0.062652	0.403021	-0.9130440000000001	0.0	0.244182	-0.893227	-0.377519	0.0	-0.9677040000000001	-0.199296	-0.154373	0.0	2.26586	0.158674	0.816904	0.34019299999999997	
0	0.452272	0.0183756	-0.891691	0.0	0.8745860000000001	0.18679500000000002	0.447446	0.0	0.174785	-0.9822270000000001	0.068411	0.0	-3.35414	-2.02628	-1.87305	0.337488	0.062652	0.403021	-0.9130440000000001	0.0	0.244182	-0.893227	-0.377519	0.0	-0.9677040000000001	-0.199296	-0.154373	0.0	2.26586	0.158674	0.816904	0.34019299999999997	
0	0.452272	0.0183756	-0.891691	0.0	0.8745860000000001	0.18679500000000002	0.447446	0.0	0.174785	-0.9822270000000001	0.068411	0.0	-3.35414	-2.02628	-1.87305	0.337488	0.062652	0.403021	-0.9130440000000001	0.0	0.244182	-0.893227	-0.377519	0.0	-0.9677040000000001	-0.199296	-0.154373	0.0	2.26586	0.158673	0.816904	0.34019299999999997	
0	0.452272	0.0183756	-0.891691	0.0	0.8745860000000001	0.18679500000000002	0.447446	0.0	0.174785	-0.9822270000000001	0.068411	0.0	-3.35414	-2.02628	-1.87304	0.337488	0.0626519	0.403021	-0.9130440000000001	0.0	0.244182	-0.893227	-0.377519	0.0	-0.9677040000000001	-0.199296	-0.154373	0.0	2.26586	0.158673	0.816904	0.34019299999999997	
0	0.452272	0.0183756	-0.891691	0.0	0.8745860000000001	0.18679500000000002	0.447446	0.0	0.174785	-0.9822270000000001	0.068411	0.0	-3.35414	-2.02628	-1.87304	0.337488	0.062652	0.403021	-0.9130440000000001	0.0	0.244182	-0.893227	-0.377519	0.0	-0.9677040000000001	-0.199296	-0.154373	0.0	2.26586	0.158673	0.816904	0.34019299999999997	
0	0.452272	0.0183756	-0.891691	0.0	0.8745860000000001	0.18679500000000002	0.447446	0.0	0.174785	-0.9822270000000001	0.068411	0.0	-3.35414	-2.02628	-1.87305	0.337488	0.062652	0.403021	-0.9130440000000001	0.0	0.244182	-0.893227	-0.377519	0.0	-0.9677040000000001	-0.199296	-0.154373	0.0	2.26586	0.158673	0.816904	0.34019299999999997	
0	0.452272	0.0183756	-0.891691	0.0	0.8745860000000001	0.18679500000000002	0.447446	0.0	0.174785	-0.9822270000000001	0.068411	0.0	-3.35414	-2.02628	-1.87305	0.337488	0.062652	0.403021	-0.9130440000000001	0.0	0.244182	-0.893227	-0.377519	0.0	-0.9677040000000001	-0.199296	-0.154373	0.0	2.26586	0.158674	0.816904	0.34019299999999997	
0	0.452272	0.0183756	-0.891691	0.0	0.8745860000000001	0.18679500000000002	0.447446	0.0	0.174785	-0.9822270000000001	0.068411	0.0	-3.35414	-2.02628	-1.87304	0.337488	0.062652	0.403021	-0.9130440000000001	0.0	0.244182	-0.893227	-0.377519	0.0	-0.9677040000000001	-0.199296	-0.154373	0.0	2.26586	0.158673	0.816904	0.34019299999999997	
