0	0.267543	0.661131	-0.700947	0.0	0.51441	0.517116	0.684086	0.0	0.8147409999999999	-0.543597	-0.201742	0.0	-2.77356	1.98022	1.3443	2.12193e-05	-0.593133	0.516197	-0.617847	0.0	0.7499979999999999	0.0752267	-0.657148	0.0	-0.29273899999999997	-0.85316	-0.431767	0.0	2.66032	2.0	1.53809	0.0	
0	-0.0124724	0.627703	-0.778353	0.0	0.147352	0.771069	0.619468	0.0	0.9890059999999999	-0.106966	-0.10211100000000001	0.0	-2.81592	1.9346	1.3139	3.8147e-05	-0.310512	0.76018	-0.57071	0.0	0.431044	-0.422509	-0.7973	0.0	-0.8472209999999999	-0.493572	-0.19647699999999998	0.0	2.62085	2.02061	1.5204600000000001	0.00637449	
0	-0.0106706	0.70149	-0.712599	0.0	0.0817351	0.710867	0.698561	0.0	0.996597	-0.050790300000000003	-0.0649218	0.0	-2.94307	1.8808099999999999	1.14658	0.00034526699999999996	-0.09648129999999999	0.720661	-0.686542	0.0	0.0838243	-0.681426	-0.727071	0.0	-0.991799	-0.127698	0.00533605	0.0	2.6977900000000004	1.9630299999999998	1.44144	0.0	
0	-0.021937799999999997	0.740223	-0.672003	0.0	0.0974285	0.670549	0.73544	0.0	0.995001	-0.049338400000000004	-0.0868292	0.0	-3.01114	1.89515	1.0231700000000001	0.0	-0.0721316	0.6833140000000001	-0.7265520000000001	0.0	0.0738072	-0.722796	-0.687109	0.0	-0.99466	-0.10318699999999999	0.00170301	0.0	2.7132400000000003	1.9353799999999999	1.30106	0.0	
0	-0.0757487	0.694054	-0.7159270000000001	0.0	0.104243	0.719567	0.686554	0.0	0.991663	-0.022624400000000003	-0.126856	0.0	-3.04567	1.89952	0.911693	0.050827	0.0414464	0.5938060000000001	-0.8035399999999999	0.0	0.0364491	-0.804595	-0.592705	0.0	-0.998476	-0.00472277	-0.0549913	0.0	2.72411	2.00506	1.09503	0.09877319999999999	
0	-0.306847	0.460801	-0.8327709999999999	0.0	-0.00628562	0.8739809999999999	0.48591999999999996	0.0	0.951738	0.154337	-0.265282	0.0	-2.97405	2.0693	0.736504	0.351481	0.12775899999999998	0.553478	-0.8230059999999999	0.0	0.0171054	-0.8309129999999999	-0.55614	0.0	-0.991658	0.056974199999999996	-0.115624	0.0	2.71389	2.0529	0.9115559999999999	0.317642	
0	-0.328746	0.48129399999999994	-0.812578	0.0	0.0200143	0.863757	0.50351	0.0	0.944206	0.149264	-0.293589	0.0	-2.9397	2.1236099999999998	0.654668	0.351906	0.150307	0.585256	-0.796796	0.0	0.0184583	-0.807473	-0.589616	0.0	-0.988467	0.0739158	-0.132172	0.0	2.66736	2.04473	0.780537	0.347951	
0	-0.264866	0.466257	-0.844068	0.0	0.0835087	0.8831319999999999	0.461632	0.0	0.9606620000000001	0.0517837	-0.27284899999999995	0.0	-2.89825	2.01873	0.702576	0.34664	0.136628	0.6332899999999999	-0.761759	0.0	0.0369382	-0.771692	-0.634922	0.0	-0.989934	0.058609900000000006	-0.128827	0.0	2.66292	1.9684	0.675706	0.328117	
0	-0.0937818	0.37961500000000004	-0.9203790000000001	0.0	0.25201799999999996	0.9033969999999999	0.346931	0.0	0.963168	-0.199416	-0.180392	0.0	-2.8928700000000003	1.5457	0.7572949999999999	0.0249828	0.0428961	0.699372	-0.7134689999999999	0.0	0.113876	-0.712895	-0.691963	0.0	-0.992568	-0.0515643	-0.110222	0.0	2.66815	1.7495900000000002	0.604979	0.0302776	
0	-0.087844	0.37744099999999997	-0.921858	0.0	0.278337	0.897875	0.341099	0.0	0.956458	-0.226623	-0.183929	0.0	-2.97835	1.28106	0.64703	-0.000143051	0.0563672	0.679485	-0.731521	0.0	0.11818699999999999	-0.7320760000000001	-0.6708930000000001	0.0	-0.99139	-0.0486396	-0.121571	0.0	2.69579	1.60256	0.450747	0.0	
0	-0.135453	0.244196	-0.960219	0.0	0.308371	0.931406	0.193368	0.0	0.941573	-0.269911	-0.201464	0.0	-3.05003	1.03782	0.49568900000000005	0.106053	0.138147	0.560982	-0.8162189999999999	0.0	0.0639836	-0.8274549999999999	-0.557875	0.0	-0.9883430000000001	0.024844099999999997	-0.150204	0.0	2.6627400000000003	1.54815	0.24810300000000002	0.0	
0	-0.15622	0.20255599999999999	-0.96673	0.0	0.371286	0.919008	0.13255899999999998	0.0	0.915283	-0.338225	-0.21877399999999997	0.0	-3.0714900000000003	0.765914	0.33874099999999996	0.365221	0.235921	0.404559	-0.8835569999999999	0.0	0.0587184	-0.9134959999999999	-0.402589	0.0	-0.9699969999999999	0.0430981	-0.23926799999999998	0.0	2.62855	1.5842399999999999	0.0835581	0.238538	
0	-0.127917	0.227527	-0.965334	0.0	0.428045	0.890676	0.15320999999999999	0.0	0.894659	-0.393608	-0.211325	0.0	-3.10704	0.559531	0.177368	0.363229	0.24745999999999999	0.390798	-0.886589	0.0	0.06991030000000001	-0.919866	-0.38595300000000005	0.0	-0.9663729999999999	0.03352619999999999	-0.25495100000000004	0.0	2.59041	1.52207	-0.036154	0.287548	
0	-0.0984965	0.292117	-0.951297	0.0	0.47758199999999995	0.852541	0.21234299999999998	0.0	0.8730479999999999	-0.433408	-0.22348200000000001	0.0	-3.19353	0.333886	-0.0892436	0.362249	0.269877	0.387733	-0.8813790000000001	0.0	0.09656870000000001	-0.9216280000000001	-0.37587	0.0	-0.95804	0.016325	-0.286169	0.0	2.5384900000000004	1.39113	-0.165698	0.322523	
0	-0.06556519999999999	0.28141	-0.9573450000000001	0.0	0.537833	0.818087	0.20364100000000002	0.0	0.840498	-0.50154	-0.20499	0.0	-3.2681299999999998	0.13187100000000002	-0.256496	0.362572	0.277523	0.350493	-0.894503	0.0	0.11954300000000001	-0.9364389999999999	-0.329836	0.0	-0.953253	-0.015394399999999999	-0.301782	0.0	2.49417	1.26716	-0.256265	0.337422	
0	-0.027547900000000004	0.266563	-0.963424	0.0	0.606614	0.7704979999999999	0.195838	0.0	0.794519	-0.5790310000000001	-0.182926	0.0	-3.3637699999999997	-0.12971400000000002	-0.36370399999999997	0.361786	0.240119	0.28792	-0.927063	0.0	0.173348	-0.952371	-0.250881	0.0	-0.955141	-0.100463	-0.278593	0.0	2.42499	1.05341	-0.292164	0.33848	
0	-0.00110774	0.20997600000000002	-0.977706	0.0	0.672144	0.72407	0.15474300000000002	0.0	0.74042	-0.656988	-0.14193599999999998	0.0	-3.47249	-0.377181	-0.44115	0.362322	0.199976	0.241893	-0.949472	0.0	0.22076199999999999	-0.955252	-0.19686900000000002	0.0	-0.954606	-0.170238	-0.244428	0.0	2.36516	0.823968	-0.286976	0.338826	
0	0.0260209	0.19583	-0.9802930000000001	0.0	0.702832	0.693759	0.157246	0.0	0.7108800000000001	-0.693072	-0.119583	0.0	-3.5438300000000003	-0.561445	-0.5202720000000001	0.361894	0.186141	0.22356399999999998	-0.95675	0.0	0.242269	-0.9541459999999999	-0.175821	0.0	-0.9521860000000001	-0.19906300000000002	-0.231769	0.0	2.32211	0.686604	-0.27523200000000003	0.338972	
0	0.0711587	0.165659	-0.983612	0.0	0.742675	0.649483	0.163114	0.0	0.6658609999999999	-0.742111	-0.0768147	0.0	-3.62592	-0.772055	-0.616556	0.359862	0.174742	0.222227	-0.959208	0.0	0.272967	-0.946946	-0.169659	0.0	-0.9460209999999999	-0.232185	-0.22613200000000003	0.0	2.2885	0.583594	-0.20940300000000003	0.338909	
0	0.0968476	0.158145	-0.982655	0.0	0.771586	0.611725	0.174494	0.0	0.62871	-0.7751020000000001	-0.0627785	0.0	-3.6896400000000003	-0.953693	-0.705967	0.35940300000000003	0.174242	0.23365300000000003	-0.9565809999999999	0.0	0.284744	-0.941895	-0.178199	0.0	-0.942635	-0.241331	-0.23064899999999997	0.0	2.3128900000000003	0.541503	-0.168429	0.339116	
0	0.119849	0.164677	-0.979039	0.0	0.782196	0.591642	0.195268	0.0	0.6113970000000001	-0.789203	-0.057902300000000004	0.0	-3.69487	-1.11824	-0.822693	0.358056	0.177951	0.24740700000000002	-0.9524299999999999	0.0	0.297653	-0.9360719999999999	-0.18754500000000002	0.0	-0.9379430000000001	-0.25012	-0.24021599999999999	0.0	2.36329	0.486519	-0.19201500000000002	0.339196	
0	0.146485	0.192572	-0.9702879999999999	0.0	0.798658	0.555737	0.230871	0.0	0.583684	-0.808747	-0.0723923	0.0	-3.7092400000000003	-1.2900200000000002	-1.00839	0.356008	0.180579	0.26113200000000003	-0.948262	0.0	0.30897800000000003	-0.930366	-0.197364	0.0	-0.9337690000000001	-0.257352	-0.248689	0.0	2.39906	0.43391599999999997	-0.229868	0.339337	
0	0.15942699999999999	0.198201	-0.967109	0.0	0.810652	0.532801	0.242829	0.0	0.5634060000000001	-0.822702	-0.07572910000000001	0.0	-3.70319	-1.37463	-1.12788	0.353903	0.180483	0.265411	-0.947092	0.0	0.31192600000000004	-0.928645	-0.200799	0.0	-0.9328059999999999	-0.259182	-0.250393	0.0	2.40545	0.410969	-0.242389	0.339415	
0	0.159603	0.22146	-0.9620200000000001	0.0	0.80062	0.5410739999999999	0.257383	0.0	0.5775239999999999	-0.811292	-0.09094830000000001	0.0	-3.6114699999999997	-1.40016	-1.29081	0.34273899999999996	0.181101	0.272698	-0.944901	0.0	0.323385	-0.9238729999999999	-0.204649	0.0	-0.928776	-0.268504	-0.25550100000000003	0.0	2.41262	0.36880300000000005	-0.278161	0.339256	
0	0.16117599999999999	0.237954	-0.95781	0.0	0.798917	0.5383399999999999	0.268181	0.0	0.579442	-0.8084359999999999	-0.10333800000000001	0.0	-3.51871	-1.39485	-1.38838	0.33677399999999996	0.17991600000000002	0.27319899999999997	-0.944983	0.0	0.32810700000000004	-0.9223110000000001	-0.204176	0.0	-0.927349	-0.273321	-0.255577	0.0	2.41903	0.347157	-0.274287	0.339447	
0	0.187447	0.23523400000000003	-0.953692	0.0	0.800905	0.52551	0.287037	0.0	0.568696	-0.817621	-0.0898946	0.0	-3.42352	-1.39178	-1.4760799999999998	0.33085	0.177557	0.274545	-0.945039	0.0	0.341296	-0.917877	-0.20253	0.0	-0.923033	-0.28657699999999997	-0.256677	0.0	2.41451	0.336291	-0.239525	0.33913699999999997	
0	0.255834	0.20476	-0.944787	0.0	0.827907	0.458179	0.32348499999999997	0.0	0.499119	-0.8649540000000001	-0.0523043	0.0	-3.3364199999999995	-1.39136	-1.52902	0.323321	0.17686	0.271187	-0.946139	0.0	0.343359	-0.9179	-0.19891	0.0	-0.922402	-0.289686	-0.25545500000000004	0.0	2.416	0.328592	-0.213112	0.33927199999999996	
0	0.305638	0.16639500000000002	-0.9374959999999999	0.0	0.850244	0.395484	0.347387	0.0	0.428568	-0.903275	-0.020601599999999998	0.0	-3.29031	-1.3910200000000001	-1.5548799999999998	0.302136	0.176679	0.269176	-0.9467459999999999	0.0	0.346654	-0.917265	-0.196102	0.0	-0.9212030000000001	-0.29354600000000003	-0.255373	0.0	2.42024	0.323467	-0.197075	0.339333	
0	0.347091	0.125211	-0.929435	0.0	0.8614729999999999	0.349129	0.368745	0.0	0.370664	-0.9286719999999999	0.0133136	0.0	-3.26878	-1.39232	-1.5751700000000002	0.30043400000000003	0.177322	0.27026300000000003	-0.9463159999999999	0.0	0.348093	-0.916623	-0.19655699999999998	0.0	-0.920537	-0.294552	-0.256614	0.0	2.4278299999999997	0.320999	-0.196776	0.339471	
0	0.39455300000000004	0.0598763	-0.9169200000000001	0.0	0.8790100000000001	0.266133	0.395619	0.0	0.26771100000000003	-0.962075	0.0523717	0.0	-3.29636	-1.3841	-1.57904	0.308192	0.175778	0.26487	-0.9481280000000001	0.0	0.35186100000000003	-0.9164049999999999	-0.190775	0.0	-0.9194	-0.300075	-0.254281	0.0	2.4368	0.30905900000000003	-0.192502	0.339387	
0	0.43736499999999995	0.00994715	-0.8992290000000001	0.0	0.877235	0.21534899999999998	0.42904899999999996	0.0	0.197916	-0.9764860000000001	0.0854602	0.0	-3.3330300000000004	-1.38173	-1.57938	0.313893	0.172449	0.25868	-0.9504450000000001	0.0	0.35720599999999997	-0.915643	-0.184397	0.0	-0.917968	-0.307706	-0.25030399999999997	0.0	2.43605	0.29196500000000003	-0.154028	0.339333	
0	0.456825	-0.028700200000000002	-0.889094	0.0	0.878499	0.171658	0.44583999999999996	0.0	0.139825	-0.9847379999999999	0.103631	0.0	-3.42829	-1.38267	-1.51536	0.33117199999999997	0.170812	0.255917	-0.9514879999999999	0.0	0.360573	-0.9149309999999999	-0.181354	0.0	-0.916957	-0.312103	-0.248558	0.0	2.43175	0.280674	-0.119027	0.339382	
0	0.491859	-0.0750974	-0.8674299999999999	0.0	0.8694139999999999	0.09596669999999999	0.484675	0.0	0.0468465	-0.992548	0.11249300000000001	0.0	-3.5344	-1.36358	-1.46119	0.327146	0.169691	0.257377	-0.9512950000000001	0.0	0.36861900000000003	-0.911801	-0.18093800000000002	0.0	-0.913961	-0.31996199999999997	-0.24959800000000001	0.0	2.4438	0.263354	-0.101061	0.33939400000000003	
0	0.510985	-0.0565702	-0.857726	0.0	0.858339	0.0873928	0.505586	0.0	0.046357999999999996	-0.994566	0.0932128	0.0	-3.56586	-1.34294	-1.46557	0.319655	0.16633199999999998	0.254171	-0.952749	0.0	0.37479	-0.909992	-0.177333	0.0	-0.912067	-0.327585	-0.24662199999999998	0.0	2.45682	0.22567199999999998	-0.06429270000000001	0.33936	
0	0.53571	-0.034561400000000006	-0.843694	0.0	0.843231	0.07449360000000001	0.532365	0.0	0.044450699999999996	-0.9966229999999999	0.06905019999999999	0.0	-3.48144	-1.33904	-1.49775	0.276897	0.165319	0.25901399999999997	-0.9516209999999999	0.0	0.387892	-0.9042110000000001	-0.178723	0.0	-0.906758	-0.33958	-0.249953	0.0	2.49775	0.19226600000000002	-0.0661872	0.33975900000000003	
0	0.5423060000000001	-0.032518200000000004	-0.8395520000000001	0.0	0.8390709999999999	0.07230729999999999	0.539195	0.0	0.0431721	-0.9968520000000001	0.06649780000000001	0.0	-3.43739	-1.34476	-1.50088	0.29282199999999997	0.164737	0.259691	-0.9515370000000001	0.0	0.39053000000000004	-0.90305	-0.178847	0.0	-0.905731	-0.342141	-0.250182	0.0	2.52085	0.166893	-0.057964	0.33947	
0	0.542293	-0.0374458	-0.839355	0.0	0.839361	0.0685099	0.5392399999999999	0.0	0.0373119	-0.996948	0.068583	0.0	-3.43145	-1.34826	-1.495	0.295718	0.161295	0.256886	-0.952887	0.0	0.39221500000000004	-0.902691	-0.176964	0.0	-0.9056219999999999	-0.345194	-0.246354	0.0	2.51932	0.15457100000000001	-0.0373985	0.33956	
0	0.541353	-0.037346199999999996	-0.839966	0.0	0.839968	0.068327	0.538316	0.0	0.037288199999999994	-0.996964	0.0683586	0.0	-3.44335	-1.3468200000000001	-1.4893	0.296202	0.159904	0.256463	-0.953235	0.0	0.394875	-0.901652	-0.176345	0.0	-0.9047129999999999	-0.34820999999999996	-0.245448	0.0	2.51914	0.145479	-0.023306099999999996	0.339486	
0	0.541587	-0.03766969999999999	-0.839801	0.0	0.839857	0.067505	0.5385949999999999	0.0	0.036402	-0.997008	0.06819689999999999	0.0	-3.44591	-1.35195	-1.4713100000000001	0.297244	0.158841	0.25600100000000003	-0.9535370000000001	0.0	0.39851	-0.9002530000000001	-0.175312	0.0	-0.9033040000000001	-0.352148	-0.24501599999999998	0.0	2.51993	0.133475	-0.014830100000000002	0.339535	
0	0.541539	-0.041273800000000006	-0.8396620000000001	0.0	0.8399620000000001	0.06771289999999999	0.538404	0.0	0.0346341	-0.996851	0.0713375	0.0	-3.44845	-1.35589	-1.46195	0.296473	0.158661	0.259509	-0.9526190000000001	0.0	0.399911	-0.899043	-0.178308	0.0	-0.902717	-0.352672	-0.246423	0.0	2.52367	0.120271	-0.0176553	0.339483	
0	0.541432	-0.0417825	-0.839706	0.0	0.840088	0.0663616	0.5383760000000001	0.0	0.0332295	-0.99692	0.0710312	0.0	-3.45241	-1.35709	-1.4553200000000002	0.297637	0.157255	0.257067	-0.9535129999999999	0.0	0.401961	-0.898589	-0.175968	0.0	-0.9020520000000001	-0.355604	-0.244639	0.0	2.52236	0.112258	-0.010214	0.339523	
0	0.541189	-0.0435597	-0.839772	0.0	0.840201	0.0687471	0.537899	0.0	0.034301099999999994	-0.996683	0.07380410000000001	0.0	-3.45479	-1.35746	-1.4574200000000002	0.29707100000000003	0.15473900000000002	0.25397600000000004	-0.954752	0.0	0.404883	-0.897813	-0.17321	0.0	-0.90118	-0.35975999999999997	-0.241758	0.0	2.52442	0.0867826	-0.0360856	0.33924299999999996	
0	0.541122	-0.044212800000000003	-0.839781	0.0	0.840252	0.06894460000000001	0.537795	0.0	0.034121	-0.99664	0.0744572	0.0	-3.4513300000000005	-1.36022	-1.45231	0.296415	0.154272	0.253844	-0.9548629999999999	0.0	0.405344	-0.8976190000000001	-0.17313699999999999	0.0	-0.9010530000000001	-0.360338	-0.24137199999999998	0.0	2.5276400000000003	0.07738939999999998	-0.05611669999999999	0.339331	
0	0.541153	-0.0442725	-0.839758	0.0	0.840231	0.06899839999999999	0.537821	0.0	0.0341313	-0.996634	0.0745378	0.0	-3.4512400000000003	-1.36009	-1.45276	0.296352	0.15429400000000001	0.25376	-0.954882	0.0	0.405335	-0.89764	-0.173052	0.0	-0.9010530000000001	-0.360346	-0.24135900000000002	0.0	2.52751	0.0774209	-0.0552967	0.339333	
0	0.541153	-0.0442716	-0.839758	0.0	0.840231	0.06899680000000001	0.537821	0.0	0.0341305	-0.996634	0.0745362	0.0	-3.4512400000000003	-1.36009	-1.45276	0.296352	0.15429500000000002	0.253761	-0.954881	0.0	0.405335	-0.89764	-0.17305299999999998	0.0	-0.9010530000000001	-0.36034499999999997	-0.24135900000000002	0.0	2.52751	0.077426	-0.0552933	0.339333	
0	0.541153	-0.0442716	-0.839758	0.0	0.840231	0.068997	0.537821	0.0	0.0341305	-0.996634	0.07453639999999999	0.0	-3.4512400000000003	-1.36009	-1.45276	0.29635	0.15429500000000002	0.253761	-0.954881	0.0	0.405335	-0.89764	-0.17305299999999998	0.0	-0.9010530000000001	-0.36034499999999997	-0.24135900000000002	0.0	2.52751	0.07742660000000001	-0.0552929	0.339333	
0	0.541153	-0.0442716	-0.839758	0.0	0.840231	0.06899680000000001	0.537821	0.0	0.0341305	-0.996634	0.0745362	0.0	-3.4512400000000003	-1.36009	-1.45276	0.296352	0.15429500000000002	0.253761	-0.954881	0.0	0.405335	-0.89764	-0.17305299999999998	0.0	-0.9010530000000001	-0.36034499999999997	-0.24135900000000002	0.0	2.52751	0.07742589999999999	-0.0552932	0.339333	
0	0.541153	-0.0442716	-0.839758	0.0	0.840231	0.06899680000000001	0.537821	0.0	0.0341305	-0.996634	0.0745362	0.0	-3.4512400000000003	-1.36009	-1.45276	0.296352	0.15429500000000002	0.253761	-0.954881	0.0	0.405335	-0.89764	-0.17305299999999998	0.0	-0.9010530000000001	-0.36034499999999997	-0.24135900000000002	0.0	2.52751	0.07742610000000001	-0.0552932	0.339333	
0	0.541153	-0.0442716	-0.839758	0.0	0.840231	0.06899680000000001	0.537821	0.0	0.0341305	-0.996634	0.0745362	0.0	-3.4512400000000003	-1.36009	-1.45276	0.296352	0.15429500000000002	0.253761	-0.954881	0.0	0.405335	-0.89764	-0.17305299999999998	0.0	-0.9010530000000001	-0.36034499999999997	-0.24135900000000002	0.0	2.52751	0.0774263	-0.0552932	0.339333	
0	0.541153	-0.0442716	-0.839758	0.0	0.840231	0.068997	0.537821	0.0	0.0341305	-0.996634	0.07453639999999999	0.0	-3.4512400000000003	-1.36009	-1.45276	0.29635	0.15429500000000002	0.253761	-0.954881	0.0	0.405335	-0.89764	-0.17305299999999998	0.0	-0.9010530000000001	-0.36034499999999997	-0.24135900000000002	0.0	2.52751	0.0774258	-0.0552934	0.339333	
0	0.541153	-0.0442716	-0.839758	0.0	0.840231	0.06899680000000001	0.537821	0.0	0.0341305	-0.996634	0.0745362	0.0	-3.4512400000000003	-1.36009	-1.45276	0.296352	0.15429500000000002	0.253761	-0.954881	0.0	0.405335	-0.89764	-0.17305299999999998	0.0	-0.9010530000000001	-0.36034499999999997	-0.24135900000000002	0.0	2.5275	0.07742589999999999	-0.0552932	0.339333	
0	0.541153	-0.0442716	-0.839758	0.0	0.840231	0.06899680000000001	0.537821	0.0	0.0341305	-0.996634	0.0745362	0.0	-3.4512400000000003	-1.36009	-1.45276	0.296352	0.15429500000000002	0.253761	-0.954881	0.0	0.405335	-0.89764	-0.17305299999999998	0.0	-0.9010530000000001	-0.36034499999999997	-0.24135900000000002	0.0	2.52751	0.07742610000000001	-0.0552933	0.339333	
0	0.541153	-0.0442716	-0.839758	0.0	0.840231	0.06899680000000001	0.537821	0.0	0.0341305	-0.996634	0.0745362	0.0	-3.4512400000000003	-1.36009	-1.45276	0.296352	0.15429500000000002	0.253761	-0.954881	0.0	0.405335	-0.89764	-0.17305299999999998	0.0	-0.9010530000000001	-0.36034499999999997	-0.24135900000000002	0.0	2.52751	0.07742669999999999	-0.055292999999999995	0.339333	
0	0.541153	-0.0442716	-0.839758	0.0	0.840231	0.068997	0.537821	0.0	0.0341305	-0.996634	0.07453639999999999	0.0	-3.4512400000000003	-1.36009	-1.45276	0.29635	0.15429500000000002	0.253761	-0.954881	0.0	0.405335	-0.89764	-0.17305299999999998	0.0	-0.9010530000000001	-0.36034499999999997	-0.24135900000000002	0.0	2.52751	0.0774255	-0.055293600000000005	0.339333	
0	0.541153	-0.0442716	-0.839758	0.0	0.840231	0.068997	0.537821	0.0	0.0341305	-0.996634	0.07453639999999999	0.0	-3.4512400000000003	-1.36009	-1.45276	0.29635	0.15429500000000002	0.253761	-0.954881	0.0	0.405334	-0.89764	-0.17305299999999998	0.0	-0.9010530000000001	-0.36034499999999997	-0.24135900000000002	0.0	2.52751	0.07742539999999999	-0.055293499999999995	0.339332	
0	0.541153	-0.0442716	-0.839758	0.0	0.840231	0.06899680000000001	0.537821	0.0	0.0341305	-0.996634	0.0745362	0.0	-3.4512400000000003	-1.36009	-1.45276	0.296352	0.15429500000000002	0.253761	-0.954881	0.0	0.405335	-0.89764	-0.17305299999999998	0.0	-0.9010530000000001	-0.36034499999999997	-0.24135900000000002	0.0	2.52751	0.0774257	-0.0552933	0.339333	
0	0.541153	-0.0442716	-0.839758	0.0	0.840231	0.06899680000000001	0.537821	0.0	0.0341305	-0.996634	0.0745362	0.0	-3.4512400000000003	-1.36009	-1.45276	0.296352	0.15429500000000002	0.253761	-0.954881	0.0	0.405335	-0.89764	-0.17305299999999998	0.0	-0.9010530000000001	-0.36034499999999997	-0.24135900000000002	0.0	2.52751	0.0774262	-0.0552932	0.339333	
0	0.541153	-0.0442716	-0.839758	0.0	0.840231	0.06899680000000001	0.537821	0.0	0.0341305	-0.996634	0.0745362	0.0	-3.4512400000000003	-1.36009	-1.45276	0.296352	0.15429500000000002	0.253761	-0.954881	0.0	0.405335	-0.89764	-0.17305299999999998	0.0	-0.9010530000000001	-0.36034499999999997	-0.24135900000000002	0.0	2.52751	0.0774262	-0.0552933	0.339333	
0	0.541153	-0.0442716	-0.839758	0.0	0.840231	0.06899680000000001	0.537821	0.0	0.0341305	-0.996634	0.0745362	0.0	-3.4512400000000003	-1.36009	-1.45276	0.296352	0.15429500000000002	0.253761	-0.954881	0.0	0.405335	-0.89764	-0.17305299999999998	0.0	-0.9010530000000001	-0.36034499999999997	-0.24135900000000002	0.0	2.52751	0.0774262	-0.0552933	0.339333	
0	0.541153	-0.0442716	-0.839758	0.0	0.840231	0.068997	0.537821	0.0	0.0341305	-0.996634	0.07453639999999999	0.0	-3.4512400000000003	-1.36009	-1.45276	0.29635	0.15429500000000002	0.253761	-0.954881	0.0	0.405335	-0.89764	-0.17305299999999998	0.0	-0.9010530000000001	-0.36034499999999997	-0.24135900000000002	0.0	2.52751	0.0774262	-0.0552934	0.339333	
0	0.541153	-0.0442716	-0.839758	0.0	0.840231	0.068997	0.537821	0.0	0.0341305	-0.996634	0.07453639999999999	0.0	-3.4512400000000003	-1.36009	-1.45276	0.29635	0.15429500000000002	0.253761	-0.954881	0.0	0.405335	-0.89764	-0.17305299999999998	0.0	-0.9010530000000001	-0.36034499999999997	-0.24135900000000002	0.0	2.52751	0.0774268	-0.0552929	0.339333	
0	0.541153	-0.0442716	-0.839758	0.0	0.840231	0.06899680000000001	0.537821	0.0	0.0341305	-0.996634	0.0745362	0.0	-3.4512400000000003	-1.36009	-1.45276	0.296352	0.15429500000000002	0.253761	-0.954881	0.0	0.405335	-0.89764	-0.17305299999999998	0.0	-0.9010530000000001	-0.36034499999999997	-0.24135900000000002	0.0	2.52751	0.0774262	-0.0552933	0.339333	
0	0.5230060000000001	0.189998	-0.830882	0.0	0.836126	0.0748075	0.543413	0.0	0.165404	-0.97893	-0.11973800000000001	0.0	-3.47005	-1.3837899999999999	-1.48787	0.308498	0.12396900000000001	0.21338600000000002	-0.9690709999999999	0.0	0.434539	-0.8896569999999999	-0.140311	0.0	-0.8920809999999999	-0.40370500000000004	-0.203015	0.0	2.49277	0.11407	-0.0472524	0.338589	
0	0.5221680000000001	0.19395	-0.8304959999999999	0.0	0.836303	0.0744047	0.543195	0.0	0.16714600000000002	-0.9781860000000001	-0.123349	0.0	-3.45165	-1.3876600000000001	-1.49708	0.308327	0.124528	0.214354	-0.968785	0.0	0.434584	-0.889533	-0.140957	0.0	-0.8919809999999999	-0.403465	-0.203927	0.0	2.50294	0.10701	-0.04776969999999999	0.33853	
0	0.5219159999999999	0.20088599999999998	-0.8290040000000001	0.0	0.8361290000000001	0.07183439999999999	0.543809	0.0	0.168795	-0.9769770000000001	-0.130475	0.0	-3.44906	-1.40236	-1.5201	0.308231	0.123475	0.21263800000000002	-0.969298	0.0	0.435536	-0.88928	-0.139602	0.0	-0.8916620000000001	-0.404927	-0.202416	0.0	2.5081	0.10013899999999999	-0.0608881	0.338541	
0	0.5202859999999999	0.21359099999999998	-0.82685	0.0	0.8366969999999999	0.0663788	0.543629	0.0	0.171	-0.974665	-0.144175	0.0	-3.4498800000000003	-1.41499	-1.5523200000000001	0.306386	0.12332699999999999	0.21243	-0.969363	0.0	0.435724	-0.889215	-0.139431	0.0	-0.891592	-0.405179	-0.202225	0.0	2.50906	0.0965073	-0.0583759	0.338604	
0	0.518727	0.22425599999999998	-0.8250040000000001	0.0	0.836933	0.0638122	0.543573	0.0	0.174545	-0.9724389999999999	-0.154586	0.0	-3.4367	-1.43907	-1.5947200000000001	0.297637	0.12259	0.21116	-0.969734	0.0	0.43697299999999994	-0.8887799999999999	-0.138292	0.0	-0.8910809999999999	-0.406794	-0.201227	0.0	2.50975	0.09504939999999999	-0.051744500000000006	0.338648	
0	0.521345	0.21120300000000003	-0.8267969999999999	0.0	0.8356450000000001	0.0699615	0.5447960000000001	0.0	0.172906	-0.974935	-0.140016	0.0	-3.39057	-1.57724	-1.6559700000000002	0.291561	0.122723	0.211155	-0.9697180000000001	0.0	0.437259	-0.888659	-0.138167	0.0	-0.8909229999999999	-0.407062	-0.201388	0.0	2.50754	0.09371180000000001	-0.051512300000000004	0.338596	
0	0.522072	0.189477	-0.8315889999999999	0.0	0.8369479999999999	0.0738845	0.542272	0.0	0.164189	-0.979101	-0.12000899999999999	0.0	-3.3642199999999995	-1.73593	-1.70615	0.291549	0.121196	0.20955500000000002	-0.9702569999999999	0.0	0.43746	-0.8886950000000001	-0.137295	0.0	-0.891033	-0.40780900000000003	-0.199378	0.0	2.5087900000000003	0.08981449999999999	-0.0502089	0.338537	
0	0.526215	0.17068	-0.833046	0.0	0.835333	0.07955069999999999	0.543959	0.0	0.159113	-0.98211	-0.100714	0.0	-3.33966	-1.9439099999999998	-1.76299	0.28844000000000003	0.119155	0.206817	-0.971097	0.0	0.438246	-0.8885879999999999	-0.135471	0.0	-0.8909219999999999	-0.409437	-0.196516	0.0	2.51041	0.0860018	-0.0473618	0.33858299999999997	
0	0.525692	0.155871	-0.8362729999999999	0.0	0.8369120000000001	0.08135869999999999	0.541258	0.0	0.15240399999999998	-0.9844209999999999	-0.0876806	0.0	-3.32301	-2.1290299999999998	-1.8245900000000002	0.28775100000000003	0.118565	0.205749	-0.9713959999999999	0.0	0.439733	-0.8880129999999999	-0.134416	0.0	-0.8902680000000001	-0.41121800000000003	-0.195762	0.0	2.51131	0.0866696	-0.041339999999999995	0.338453	
0	0.526062	0.139459	-0.8389340000000001	0.0	0.838053	0.0827895	0.539272	0.0	0.14466199999999999	-0.9867610000000001	-0.073322	0.0	-3.28318	-2.33106	-1.86674	0.287848	0.11832000000000001	0.204907	-0.9716040000000001	0.0	0.440051	-0.8879670000000001	-0.13368	0.0	-0.890144	-0.411738	-0.195234	0.0	2.5115	0.0869189	-0.0373985	0.338316	
0	0.521339	0.12976500000000002	-0.843426	0.0	0.842455	0.0791693	0.5329189999999999	0.0	0.135928	-0.9883790000000001	-0.0680469	0.0	-3.2735	-2.55539	-1.9255200000000001	0.287296	0.116897	0.203408	-0.972091	0.0	0.44013100000000005	-0.8880450000000001	-0.132894	0.0	-0.890292	-0.412313	-0.19333599999999998	0.0	2.5122400000000003	0.0852602	-0.0332144	0.338402	
0	0.518785	0.11657200000000001	-0.8469200000000001	0.0	0.845413	0.07726160000000001	0.528496	0.0	0.12704200000000002	-0.990173	-0.0584692	0.0	-3.28956	-2.74835	-2.01156	0.2844	0.116276	0.20187	-0.9724860000000001	0.0	0.44068	-0.8879600000000001	-0.131633	0.0	-0.8901020000000001	-0.413249	-0.192209	0.0	2.50849	0.0852507	-0.025469	0.338468	
0	0.518101	0.114899	-0.847567	0.0	0.8462850000000001	0.0747867	0.527456	0.0	0.123991	-0.9905579999999999	-0.05849019999999999	0.0	-3.2993900000000003	-2.8906	-2.0916099999999997	0.283746	0.11610699999999999	0.200797	-0.972728	0.0	0.44086800000000004	-0.888007	-0.130686	0.0	-0.8900309999999999	-0.413671	-0.191629	0.0	2.5066200000000003	0.0888872	-0.0219796	0.338408	
0	0.5176069999999999	0.10723800000000001	-0.8488709999999999	0.0	0.847584	0.071375	0.5258390000000001	0.0	0.116978	-0.991668	-0.0539489	0.0	-3.3171800000000005	-3.01365	-2.13425	0.277392	0.11635799999999999	0.20089100000000001	-0.9726790000000001	0.0	0.44088299999999997	-0.8880030000000001	-0.130661	0.0	-0.889991	-0.413634	-0.191895	0.0	2.5093	0.0916572	-0.020882400000000002	0.338359	
0	0.5178659999999999	0.106048	-0.8488629999999999	0.0	0.847404	0.0722796	0.5260060000000001	0.0	0.117138	-0.9917309999999999	-0.0524347	0.0	-3.34395	-3.1283	-2.15049	0.276487	0.116299	0.200293	-0.972809	0.0	0.440644	-0.888191	-0.130192	0.0	-0.890117	-0.413521	-0.191554	0.0	2.511	0.0911166	-0.021624599999999997	0.338413	
0	0.5188020000000001	0.103351	-0.8486239999999999	0.0	0.8469629999999999	0.0727649	0.5266489999999999	0.0	0.11617999999999999	-0.99198	-0.0497834	0.0	-3.3438	-3.2240599999999997	-2.18689	0.27463200000000004	0.11625899999999999	0.200129	-0.9728479999999999	0.0	0.44083900000000004	-0.88812	-0.130017	0.0	-0.890025	-0.413754	-0.191477	0.0	2.51113	0.09083669999999999	-0.0179138	0.338354	
0	0.516683	0.10261400000000001	-0.8500049999999999	0.0	0.8486290000000001	0.07015139999999999	0.524316	0.0	0.11343099999999999	-0.992245	-0.050835000000000005	0.0	-3.34975	-3.28422	-2.19707	0.274273	0.116218	0.199725	-0.972935	0.0	0.441454	-0.887885	-0.12953299999999998	0.0	-0.889726	-0.41445200000000004	-0.191358	0.0	2.50861	0.0937559	-0.0121665	0.338462	
0	0.5145	0.0987222	-0.8517889999999999	0.0	0.849734	0.07460939999999999	0.521907	0.0	0.115075	-0.9923139999999999	-0.045501099999999996	0.0	-3.3585599999999998	-3.3819800000000004	-2.2263	0.27570300000000003	0.116599	0.19897	-0.973045	0.0	0.441327	-0.8880680000000001	-0.12871	0.0	-0.889739	-0.41442399999999996	-0.191359	0.0	2.5068900000000003	0.100489	-0.00848979	0.338321	
0	0.51003	0.095848	-0.8548	0.0	0.851817	0.0817667	0.517419	0.0	0.11948800000000001	-0.992032	-0.039941500000000005	0.0	-3.3625199999999995	-3.47064	-2.19507	0.276414	0.116703	0.197651	-0.973301	0.0	0.44095200000000007	-0.8884219999999999	-0.12754300000000002	0.0	-0.889911	-0.41429399999999994	-0.19083599999999998	0.0	2.50235	0.104895	-0.00672123	0.338242	
0	0.504026	0.0944838	-0.858505	0.0	0.854663	0.08876	0.5115390000000001	0.0	0.12453299999999999	-0.991562	-0.0360144	0.0	-3.34065	-3.5495300000000003	-2.2113	0.27629000000000004	0.11656099999999998	0.19673800000000002	-0.9735030000000001	0.0	0.44054499999999996	-0.8887219999999999	-0.126856	0.0	-0.8901309999999999	-0.41408599999999995	-0.19026300000000002	0.0	2.50257	0.106984	-0.00672744	0.338294	
0	0.496547	0.09516669999999999	-0.862777	0.0	0.8581620000000001	0.09547339999999999	0.504422	0.0	0.130376	-0.990872	-0.034261400000000004	0.0	-3.3439400000000004	-3.60351	-2.2435	0.27902	0.11646500000000001	0.197105	-0.97344	0.0	0.441064	-0.8884270000000001	-0.127121	0.0	-0.8898870000000001	-0.41454399999999997	-0.190406	0.0	2.50256	0.106366	-0.00016523900000000002	0.338329	
0	0.496775	0.0984201	-0.862281	0.0	0.8575299999999999	0.0973127	0.505145	0.0	0.133627	-0.990376	-0.036055699999999996	0.0	-3.35269	-3.5985199999999997	-2.2473400000000003	0.247993	0.116753	0.197803	-0.9732639999999999	0.0	0.44197600000000004	-0.887928	-0.12744	0.0	-0.889396	-0.41528100000000007	-0.191093	0.0	2.50399	0.107228	-0.000890442	0.338208	
0	0.48689499999999997	0.09978789999999998	-0.867742	0.0	0.8603350000000001	0.11678499999999999	0.49617	0.0	0.150851	-0.988131	-0.028988999999999997	0.0	-3.33961	-3.5910300000000004	-2.2713900000000002	0.203128	0.1169	0.196672	-0.973476	0.0	0.44186800000000004	-0.888135	-0.126369	0.0	-0.889431	-0.415375	-0.190726	0.0	2.50435	0.105012	-0.000668767	0.338237	
0	0.475601	0.103102	-0.873598	0.0	0.86529	0.12395	0.485706	0.0	0.15836	-0.9869180000000001	-0.030262200000000003	0.0	-3.30539	-3.58786	-2.27546	0.183826	0.11704400000000001	0.197706	-0.973249	0.0	0.44178199999999995	-0.888049	-0.12727	0.0	-0.8894549999999999	-0.415067	-0.19128399999999998	0.0	2.50473	0.10681600000000001	0.00138888	0.338088	
0	0.45876999999999996	0.0950443	-0.8834569999999999	0.0	0.871661	0.14482	0.468225	0.0	0.17244400000000001	-0.984883	-0.0164075	0.0	-3.29377	-3.58644	-2.27376	0.174521	0.117177	0.197464	-0.973282	0.0	0.441852	-0.888056	-0.126976	0.0	-0.889402	-0.41516800000000004	-0.19130999999999998	0.0	2.505	0.104227	0.00354811	0.338036	
0	0.446388	0.097468	-0.889516	0.0	0.876767	0.151134	0.45655	0.0	0.17893499999999998	-0.9836969999999999	-0.0179925	0.0	-3.2974	-3.5859699999999997	-2.2655	0.174538	0.11735999999999999	0.199036	-0.9729399999999999	0.0	0.442748	-0.887443	-0.12814	0.0	-0.888933	-0.415728	-0.192273	0.0	2.50648	0.10212	0.00493276	0.337905	
0	0.427336	0.108697	-0.8975350000000001	0.0	0.881755	0.169207	0.44031499999999996	0.0	0.19973	-0.979568	-0.0235358	0.0	-3.3205400000000003	-3.58609	-2.2619	0.174533	0.11732100000000001	0.19931400000000002	-0.9728870000000001	0.0	0.442884	-0.88734	-0.128381	0.0	-0.88887	-0.415814	-0.192377	0.0	2.51345	0.0956138	-0.00217015	0.33813899999999997	
0	0.400036	0.11785699999999999	-0.90889	0.0	0.889991	0.186834	0.415945	0.0	0.218833	-0.975297	-0.0301512	0.0	-3.34058	-3.58333	-2.2665900000000003	0.174709	0.118026	0.200351	-0.9725889999999999	0.0	0.44326499999999996	-0.8870680000000001	-0.128943	0.0	-0.8885860000000001	-0.415896	-0.19350599999999998	0.0	2.51533	0.09293989999999999	-0.0064251	0.338196	
0	0.388285	0.123454	-0.913233	0.0	0.8931389999999999	0.19371300000000002	0.405929	0.0	0.22701799999999997	-0.97326	-0.0350462	0.0	-3.34554	-3.5838099999999997	-2.26285	0.17463900000000002	0.11813599999999999	0.201233	-0.9723940000000001	0.0	0.443226	-0.886976	-0.129708	0.0	-0.888591	-0.415667	-0.193976	0.0	2.52006	0.0855235	-0.0146791	0.338023	
0	0.393499	0.12575699999999998	-0.910683	0.0	0.887916	0.204737	0.411933	0.0	0.238254	-0.9707049999999999	-0.031097800000000002	0.0	-3.35037	-3.58239	-2.2621599999999997	0.174651	0.118056	0.201354	-0.9723780000000001	0.0	0.443457	-0.8868469999999999	-0.129803	0.0	-0.888487	-0.41588400000000003	-0.19399	0.0	2.52027	0.084862	-0.012609100000000002	0.338037	
0	0.405087	0.12509	-0.905681	0.0	0.880368	0.213917	0.423311	0.0	0.246692	-0.9688100000000001	-0.0234703	0.0	-3.34079	-3.58189	-2.18967	0.174433	0.11816800000000001	0.201967	-0.9722370000000001	0.0	0.44378	-0.8866209999999999	-0.130244	0.0	-0.8883110000000001	-0.41606800000000005	-0.194399	0.0	2.52298	0.0840089	-0.0180741	0.33809	
0	0.42472200000000004	0.130365	-0.8958879999999999	0.0	0.870957	0.21123000000000003	0.44364	0.0	0.247074	-0.9687040000000001	-0.023828099999999998	0.0	-3.30049	-3.5554099999999997	-2.04956	0.174609	0.118249	0.20338900000000001	-0.971931	0.0	0.44368100000000005	-0.886481	-0.131528	0.0	-0.88835	-0.415674	-0.19506600000000002	0.0	2.5245900000000003	0.0835488	-0.0178207	0.33820100000000003	
0	0.44773	0.133461	-0.8841530000000001	0.0	0.864843	0.186524	0.466107	0.0	0.227123	-0.9733430000000001	-0.031910400000000005	0.0	-3.27861	-3.44385	-2.05635	0.174545	0.117975	0.20364100000000002	-0.9719120000000001	0.0	0.443155	-0.886675	-0.13199	0.0	-0.888648	-0.41513599999999995	-0.19485	0.0	2.52635	0.0809722	-0.020815	0.33807600000000004	
0	0.470301	0.13533299999999998	-0.8720680000000001	0.0	0.8604350000000001	0.14929800000000001	0.48719700000000005	0.0	0.196132	-0.9794870000000001	-0.0462302	0.0	-3.29222	-3.27047	-2.03662	0.17461	0.116704	0.203329	-0.972131	0.0	0.44518	-0.8856879999999999	-0.131805	0.0	-0.8878030000000001	-0.417391	-0.193881	0.0	2.52739	0.07055689999999999	-0.028562599999999997	0.33811599999999997	
0	0.487755	0.15233	-0.8595879999999999	0.0	0.8551719999999999	0.11450199999999999	0.505541	0.0	0.175433	-0.981675	-0.0744192	0.0	-3.33385	-3.0672200000000003	-1.994	0.174647	0.115922	0.20263399999999998	-0.972369	0.0	0.446198	-0.885252	-0.13128499999999999	0.0	-0.887395	-0.41865	-0.19303499999999998	0.0	2.5249900000000003	0.059792200000000004	-0.0301955	0.338053	
0	0.5060819999999999	0.157523	-0.847979	0.0	0.849458	0.079202	0.521678	0.0	0.149338	-0.984334	-0.09372639999999999	0.0	-3.3503800000000004	-2.80485	-1.97112	0.17463399999999998	0.11587	0.202895	-0.9723209999999999	0.0	0.44607399999999997	-0.885272	-0.131573	0.0	-0.8874639999999999	-0.41848100000000005	-0.193083	0.0	2.52565	0.05486130000000001	-0.0404746	0.33816	
0	0.526199	0.163948	-0.834408	0.0	0.842225	0.034939099999999994	0.537993	0.0	0.11735599999999999	-0.98585	-0.119696	0.0	-3.36021	-2.54388	-1.9594	0.174644	0.11530599999999999	0.203489	-0.9722639999999999	0.0	0.447608	-0.884431	-0.132022	0.0	-0.8867649999999999	-0.41996999999999995	-0.193063	0.0	2.52556	0.0438283	-0.0570774	0.33821999999999997	
0	0.5376	0.16871	-0.826149	0.0	0.833893	0.0387898	0.550561	0.0	0.124931	-0.984902	-0.119833	0.0	-3.3669800000000003	-2.24455	-1.82047	0.17460799999999999	0.11321300000000001	0.20161600000000002	-0.9729	0.0	0.448842	-0.883964	-0.130955	0.0	-0.8864110000000001	-0.42185200000000006	-0.19057000000000002	0.0	2.52651	0.0290647	-0.0660395	0.338158	
0	0.53993	0.17988099999999999	-0.822264	0.0	0.8320719999999999	0.0333447	0.553665	0.0	0.12701199999999999	-0.983123	-0.13167	0.0	-3.39945	-2.06524	-1.76352	0.174604	0.112777	0.201498	-0.972975	0.0	0.44952	-0.8836290000000001	-0.130891	0.0	-0.886123	-0.42261000000000004	-0.19023099999999998	0.0	2.52563	0.0198136	-0.0752008	0.338091	
0	0.5357069999999999	0.19476500000000002	-0.821635	0.0	0.8333079999999999	0.0352818	0.551682	0.0	0.136437	-0.980215	-0.143398	0.0	-3.39374	-1.81411	-1.66895	0.17460599999999998	0.111703	0.201508	-0.973097	0.0	0.450775	-0.882958	-0.131097	0.0	-0.8856209999999999	-0.424004	-0.18946400000000002	0.0	2.5251799999999998	0.0136311	-0.07277860000000001	0.33819299999999997	
0	0.528245	0.20436300000000002	-0.824132	0.0	0.836809	0.0391952	0.54609	0.0	0.143903	-0.97811	-0.150308	0.0	-3.38182	-1.7028599999999998	-1.6235	0.174478	0.111971	0.201882	-0.972988	0.0	0.451079	-0.8827799999999999	-0.13125499999999998	0.0	-0.885432	-0.42419799999999996	-0.18991	0.0	2.52673	0.011334499999999999	-0.06926239999999999	0.33825	
0	0.520393	0.231947	-0.8218219999999999	0.0	0.83811	0.0456425	0.543589	0.0	0.16359400000000002	-0.971657	-0.170645	0.0	-3.29196	-1.40305	-1.48537	0.174473	0.112374	0.203407	-0.9726239999999999	0.0	0.45109499999999997	-0.882592	-0.13246	0.0	-0.885373	-0.423861	-0.190936	0.0	2.52684	0.00619015	-0.07669680000000001	0.338408	
0	0.519683	0.240777	-0.819729	0.0	0.8376170000000001	0.0454233	0.544366	0.0	0.16830599999999998	-0.969517	-0.178074	0.0	-3.2692900000000003	-1.30796	-1.4456200000000001	0.17460799999999999	0.11244200000000001	0.206515	-0.9719610000000001	0.0	0.451902	-0.881782	-0.135076	0.0	-0.8849530000000001	-0.424043	-0.192474	0.0	2.52778	0.00212379	-0.07306289999999999	0.33872199999999997	
0	0.515602	0.27266599999999996	-0.812286	0.0	0.82511	0.0975483	0.556487	0.0	0.23097199999999998	-0.957151	-0.174683	0.0	-3.1673299999999998	-1.0704200000000001	-1.35456	0.17447100000000001	0.110366	0.2186	-0.9695530000000001	0.0	0.453255	-0.879236	-0.146642	0.0	-0.8845219999999999	-0.423271	-0.19611900000000002	0.0	2.49797	-0.00740167	-0.0275988	0.338766	
0	0.507583	0.284881	-0.8131430000000001	0.0	0.823161	0.118415	0.555323	0.0	0.25448899999999997	-0.9512209999999999	-0.174398	0.0	-3.0983	-1.01179	-1.33428	0.174599	0.111122	0.222964	-0.9684729999999999	0.0	0.4506	-0.8798860000000001	-0.150868	0.0	-0.885783	-0.419629	-0.198242	0.0	2.48155	-0.011924700000000002	-0.00329693	0.33871599999999996	
0	0.477163	0.31955700000000004	-0.818657	0.0	0.809451	0.202925	0.5510079999999999	0.0	0.34220500000000004	-0.925583	-0.161838	0.0	-2.8547599999999997	-0.966384	-1.2879200000000002	0.17460699999999998	0.101926	0.244662	-0.9642360000000001	0.0	0.44546	-0.877899	-0.17566700000000002	0.0	-0.889481	-0.411624	-0.198468	0.0	2.4434400000000003	-0.06700210000000001	-0.018078999999999998	0.33891	
0	0.44645100000000004	0.33163400000000004	-0.831084	0.0	0.797529	0.273675	0.537633	0.0	0.405744	-0.902841	-0.142306	0.0	-2.65691	-1.02051	-1.22035	0.174477	0.0973201	0.250303	-0.9632639999999999	0.0	0.435968	-0.8807790000000001	-0.18482300000000002	0.0	-0.8946850000000001	-0.401965	-0.19484200000000002	0.0	2.39569	-0.102312	-0.019583700000000002	0.338846	
0	0.42585200000000006	0.342679	-0.83739	0.0	0.784194	0.321863	0.530513	0.0	0.45132	-0.8825959999999999	-0.131661	0.0	-2.52087	-1.0561399999999999	-1.15582	0.174596	0.0956819	0.257742	-0.961465	0.0	0.43055	-0.8815850000000001	-0.193481	0.0	-0.897481	-0.395446	-0.195323	0.0	2.35109	-0.12452300000000001	-0.0145355	0.338341	
4	0.39144	0.350503	-0.850836	0.0	0.768177	0.38459899999999997	0.511847	0.0	0.506636	-0.85395	-0.118701	0.0	-2.22789	-1.14191	-1.0773	0.17460599999999998	0.09419730000000001	0.286829	-0.9533389999999999	0.0	0.414415	-0.881986	-0.22441399999999997	0.0	-0.9052	-0.37393899999999997	-0.20194700000000002	0.0	2.2784400000000002	-0.16153900000000002	-0.0199886	0.338037	
4	0.376956	0.351287	-0.857031	0.0	0.7634270000000001	0.406114	0.502246	0.0	0.5244850000000001	-0.8436049999999999	-0.115095	0.0	-2.1316200000000003	-1.17969	-1.08877	0.174482	0.0926644	0.29994499999999996	-0.9494450000000001	0.0	0.4106	-0.880207	-0.237997	0.0	-0.9070950000000001	-0.367788	-0.20472100000000001	0.0	2.2522900000000003	-0.18229800000000002	-0.030579200000000004	0.337981	
4	0.352109	0.355958	-0.8656290000000001	0.0	0.747495	0.449639	0.488954	0.0	0.563267	-0.819219	-0.10775499999999999	0.0	-1.89795	-1.28132	-1.03968	0.17460699999999998	0.0907592	0.329497	-0.9397840000000001	0.0	0.398744	-0.876756	-0.26889	0.0	-0.91256	-0.350329	-0.210959	0.0	2.16266	-0.252734	-0.0811091	0.338523	
4	0.34828600000000004	0.35184099999999996	-0.8688530000000001	0.0	0.736835	0.470209	0.48577600000000004	0.0	0.579458	-0.8093899999999999	-0.095481	0.0	-1.73586	-1.3262	-1.03775	0.174477	0.0873535	0.337581	-0.937234	0.0	0.395284	-0.875339	-0.278445	0.0	-0.9143959999999999	-0.34615100000000004	-0.209905	0.0	2.04648	-0.293991	-0.140012	0.3385	
