0	0.593133	0.516197	-0.617846	0.0	0.686419	0.0768125	0.7231380000000001	0.0	0.42073999999999995	-0.853018	-0.308768	0.0	-2.7396700000000003	2.0	1.46191	0.0	-0.593132	0.516197	-0.617846	0.0	0.750278	0.076044	-0.656734	0.0	-0.29202100000000003	-0.853087	-0.432396	0.0	2.66032	2.0	1.53809	0.0	
0	-0.010378299999999998	0.894719	-0.44651	0.0	0.182827	0.440705	0.8788370000000001	0.0	0.9830899999999999	-0.0725132	-0.168152	0.0	-2.80119	2.0211200000000002	1.32897	2.74181e-05	-0.202395	0.808359	-0.552804	0.0	0.290122	-0.48965299999999995	-0.822235	0.0	-0.935342	-0.326797	-0.135419	0.0	2.6179	2.0611099999999998	1.50318	5.5283300000000005e-06	
0	-0.109417	0.842717	-0.52712	0.0	0.0832014	0.536208	0.839975	0.0	0.9905079999999999	0.048050699999999995	-0.12878599999999998	0.0	-2.8929400000000003	1.98636	1.22809	0.0	0.0144615	0.793556	-0.608325	0.0	-0.0206161	-0.608023	-0.793652	0.0	-0.999683	0.024018599999999998	0.00756706	0.0	2.71323	2.0439599999999998	1.45018	0.0	
0	-0.267872	0.712487	-0.648542	0.0	-0.018757	0.669158	0.742884	0.0	0.9632719999999999	0.211162	-0.165885	0.0	-2.8602	2.11364	1.0558	0.0637132	0.115506	0.7136170000000001	-0.690948	0.0	-0.028494299999999997	-0.692937	-0.720435	0.0	-0.992898	0.102903	-0.0597046	0.0	2.7152	2.09117	1.2678399999999999	0.0	
0	-0.44423199999999996	0.60837	-0.6576810000000001	0.0	-0.08586010000000001	0.701802	0.707179	0.0	0.8917879999999999	0.37062	-0.25952800000000004	0.0	-2.7516599999999998	2.39824	0.775925	0.320777	0.22589499999999998	0.641592	-0.733029	0.0	-0.0630024	-0.741282	-0.66823	0.0	-0.9721120000000001	0.197133	-0.12703	0.0	2.75051	2.16451	1.04375	0.275926	
0	-0.226773	0.650081	-0.725237	0.0	0.0217625	0.747833	0.6635300000000001	0.0	0.9737049999999999	0.134688	-0.18373499999999998	0.0	-2.70551	2.16928	0.9189280000000001	0.0910245	0.149755	0.5898439999999999	-0.79351	0.0	-0.00115678	-0.802455	-0.596712	0.0	-0.9887229999999999	0.09027869999999999	-0.11949000000000001	0.0	2.67785	2.09944	1.0462	-0.011171500000000001	
0	-0.21387399999999998	0.692295	-0.6891930000000001	0.0	0.05895369999999999	0.713379	0.698295	0.0	0.975081	0.10871700000000001	-0.19338699999999998	0.0	-2.73125	2.01626	0.881444	0.0	0.15191300000000002	0.615503	-0.773356	0.0	-0.00269508	-0.782176	-0.623052	0.0	-0.98839	0.09673430000000001	-0.117164	0.0	2.69805	2.0164400000000002	1.00705	0.0	
0	-0.24365	0.707585	-0.6632939999999999	0.0	0.0462686	0.691606	0.720792	0.0	0.968759	0.144931	-0.201248	0.0	-2.79618	1.91645	0.745352	0.0	0.15598800000000002	0.63657	-0.755279	0.0	-0.00621113	-0.763992	-0.645196	0.0	-0.9877389999999999	0.105334	-0.115219	0.0	2.72338	1.9302	0.9126129999999999	0.0	
0	-0.31854	0.623581	-0.713918	0.0	0.037153	0.760784	0.64794	0.0	0.9471809999999999	0.179871	-0.26550799999999997	0.0	-2.79908	1.95513	0.512256	0.350095	0.17574700000000001	0.596801	-0.782906	0.0	0.0424936	-0.799142	-0.599638	0.0	-0.983518	0.07211619999999999	-0.16580699999999998	0.0	2.73938	1.90257	0.775508	0.358699	
0	-0.276376	0.6460199999999999	-0.71153	0.0	0.12314000000000001	0.758069	0.640443	0.0	0.9531280000000001	0.0893857	-0.289063	0.0	-2.8097	1.79287	0.408416	0.356394	0.13464	0.6071529999999999	-0.783095	0.0	0.0661972	-0.794037	-0.604255	0.0	-0.9886809999999999	0.0295183	-0.147101	0.0	2.62296	1.7774599999999998	0.684565	0.354894	
0	-0.189459	0.6361060000000001	-0.74798	0.0	0.24344899999999997	0.768423	0.591827	0.0	0.9512299999999999	-0.0699679	-0.30044299999999996	0.0	-2.86443	1.4921	0.337959	0.356957	0.128662	0.640313	-0.757262	0.0	0.0861258	-0.767938	-0.634707	0.0	-0.987942	0.0164427	-0.153952	0.0	2.59584	1.61717	0.552761	0.354976	
0	-0.14508900000000002	0.598025	-0.788235	0.0	0.403015	0.763301	0.504926	0.0	0.9036190000000001	-0.24441100000000002	-0.35176	0.0	-2.9989999999999997	1.06104	0.194313	0.357948	0.141998	0.638336	-0.756548	0.0	0.090798	-0.76947	-0.632196	0.0	-0.9856940000000001	0.0210774	-0.167223	0.0	2.56786	1.50029	0.39965300000000004	0.355505	
0	-0.160868	0.471206	-0.8672290000000001	0.0	0.462805	0.8120970000000001	0.355402	0.0	0.871741	-0.34418499999999996	-0.348717	0.0	-3.20718	0.650812	0.0688737	0.358102	0.158029	0.641622	-0.7505649999999999	0.0	0.08040499999999999	-0.765954	-0.637848	0.0	-0.9841559999999999	0.0404491	-0.17263199999999998	0.0	2.53959	1.35041	0.272429	0.35538600000000004	
0	-0.123957	0.409786	-0.9037200000000001	0.0	0.5589689999999999	0.7813329999999999	0.277621	0.0	0.8198709999999999	-0.470738	-0.325909	0.0	-3.4207400000000003	0.186828	-0.08476130000000001	0.35898800000000003	0.155686	0.659424	-0.735474	0.0	0.0697362	-0.7500319999999999	-0.6577149999999999	0.0	-0.985342	0.051108	-0.16275599999999998	0.0	2.49483	1.21218	0.199573	0.35536599999999996	
0	-0.029952	0.401514	-0.9153629999999999	0.0	0.625779	0.72163	0.296059	0.0	0.779425	-0.563948	-0.272874	0.0	-3.59341	-0.24453899999999998	-0.188126	0.35796500000000003	0.14971500000000001	0.681847	-0.71601	0.0	0.07345499999999999	-0.729842	-0.679659	0.0	-0.9859969999999999	0.049160699999999995	-0.159353	0.0	2.4372599999999998	1.0523799999999999	0.194406	0.355401	
0	0.06192919999999999	0.402082	-0.913507	0.0	0.668247	0.663139	0.33718400000000004	0.0	0.741358	-0.6313300000000001	-0.227622	0.0	-3.73244	-0.576747	-0.266631	0.357119	0.134181	0.695483	-0.705902	0.0	0.07871130000000001	-0.7175739999999999	-0.692021	0.0	-0.987826	0.037293599999999996	-0.151027	0.0	2.41167	0.9214549999999999	0.235677	0.355115	
0	0.13004300000000002	0.407619	-0.9038450000000001	0.0	0.687276	0.619996	0.378492	0.0	0.714661	-0.670412	-0.199521	0.0	-3.86726	-0.906947	-0.410132	0.356565	0.12321199999999999	0.6977140000000001	-0.705701	0.0	0.0871585	-0.7159800000000001	-0.692659	0.0	-0.9885450000000001	0.0238364	-0.149029	0.0	2.40095	0.818828	0.268464	0.355261	
0	0.162475	0.38703000000000004	-0.90764	0.0	0.701001	0.602083	0.382222	0.0	0.6944060000000001	-0.698358	-0.173485	0.0	-3.92424	-1.16971	-0.538846	0.356346	0.124902	0.699563	-0.7035710000000001	0.0	0.0879978	-0.71414	-0.69445	0.0	-0.988259	0.0248255	-0.150757	0.0	2.39875	0.761523	0.303532	0.35524	
0	0.172526	0.388782	-0.905032	0.0	0.704835	0.593104	0.38914699999999997	0.0	0.688072	-0.705036	-0.171701	0.0	-3.9369	-1.2808	-0.6138520000000001	0.35543	0.118546	0.694331	-0.709824	0.0	0.0934688	-0.719494	-0.68818	0.0	-0.98854	0.015234799999999998	-0.15019200000000002	0.0	2.39403	0.736375	0.31649499999999997	0.355202	
0	0.196949	0.334974	-0.921414	0.0	0.739535	0.566253	0.363931	0.0	0.64366	-0.7530939999999999	-0.136203	0.0	-3.93321	-1.54231	-0.8046220000000001	0.352356	0.11607	0.68338	-0.720777	0.0	0.100966	-0.7300409999999999	-0.675904	0.0	-0.9880959999999999	0.00567824	-0.15373299999999998	0.0	2.3888	0.70899	0.328996	0.355135	
0	0.20881999999999998	0.32192800000000005	-0.9234479999999999	0.0	0.747772	0.555991	0.362921	0.0	0.630263	-0.766314	-0.124627	0.0	-3.92363	-1.62953	-0.867302	0.351147	0.115888	0.6811699999999999	-0.722895	0.0	0.10356099999999999	-0.732119	-0.673259	0.0	-0.987849	0.00315922	-0.155386	0.0	2.39037	0.704883	0.328455	0.355213	
0	0.22194899999999998	0.337521	-0.9147780000000001	0.0	0.7208640000000001	0.574943	0.387035	0.0	0.6565770000000001	-0.745332	-0.115699	0.0	-3.8216300000000003	-1.7501400000000003	-1.08825	0.348034	0.117444	0.671082	-0.7320220000000001	0.0	0.111855	-0.741371	-0.661708	0.0	-0.9867600000000001	-0.00416633	-0.162134	0.0	2.3942900000000003	0.672193	0.328006	0.355242	
0	0.234028	0.34529099999999996	-0.908848	0.0	0.70643	0.581869	0.40297	0.0	0.6679729999999999	-0.736344	-0.10775	0.0	-3.6953199999999997	-1.7859099999999999	-1.1929299999999998	0.346015	0.11685999999999999	0.67211	-0.731172	0.0	0.11264	-0.7404350000000001	-0.662622	0.0	-0.98674	-0.004924800000000001	-0.162234	0.0	2.39094	0.659918	0.341321	0.35524	
0	0.255363	0.407377	-0.876832	0.0	0.6700050000000001	0.5792729999999999	0.46425900000000003	0.0	0.6970529999999999	-0.706036	-0.12502	0.0	-3.5369300000000004	-1.80272	-1.3478700000000001	0.339306	0.11529500000000001	0.6721630000000001	-0.731371	0.0	0.11653800000000002	-0.74035	-0.662043	0.0	-0.9864719999999999	-0.00890237	-0.163691	0.0	2.38936	0.647928	0.33971799999999996	0.355122	
0	0.26096199999999997	0.427374	-0.865592	0.0	0.650367	0.584793	0.484809	0.0	0.713388	-0.68947	-0.125341	0.0	-3.37664	-1.8093299999999999	-1.51777	0.32806	0.113495	0.669806	-0.733811	0.0	0.120555	-0.74241	-0.65901	0.0	-0.9861979999999999	-0.0136702	-0.165008	0.0	2.39109	0.631815	0.329315	0.355186	
0	0.30695500000000003	0.320073	-0.896288	0.0	0.696245	0.566543	0.44076400000000004	0.0	0.6488619999999999	-0.7593300000000001	-0.048945800000000005	0.0	-3.1367599999999998	-1.8633099999999998	-1.56871	0.28133800000000003	0.10601	0.663427	-0.740694	0.0	0.13297799999999999	-0.747659	-0.650633	0.0	-0.985433	-0.0295221	-0.16748	0.0	2.38836	0.5788909999999999	0.342521	0.355123	
0	0.40326300000000004	0.22174000000000002	-0.887812	0.0	0.7544270000000001	0.468528	0.459697	0.0	0.517898	-0.855168	0.021653099999999998	0.0	-3.12067	-1.8700299999999999	-1.56578	0.31959899999999997	0.10631700000000001	0.663127	-0.7409180000000001	0.0	0.13294	-0.747931	-0.650328	0.0	-0.985405	-0.029356999999999998	-0.167674	0.0	2.3888	0.571523	0.364822	0.355317	
0	0.422944	0.21936999999999998	-0.879201	0.0	0.754351	0.452346	0.47575	0.0	0.502069	-0.864442	0.025835300000000002	0.0	-3.1475299999999997	-1.84912	-1.6181299999999998	0.345619	0.10684300000000001	0.6619689999999999	-0.741877	0.0	0.133984	-0.7489279999999999	-0.648965	0.0	-0.9852069999999999	-0.030062400000000003	-0.168711	0.0	2.38651	0.57519	0.355033	0.355247	
0	0.423883	0.223217	-0.8777799999999999	0.0	0.751572	0.454147	0.478425	0.0	0.505433	-0.862511	0.0247412	0.0	-3.10462	-1.8507099999999999	-1.63804	0.345826	0.106598	0.661569	-0.742269	0.0	0.13254100000000002	-0.749314	-0.6488149999999999	0.0	-0.9854290000000001	-0.029218599999999997	-0.167561	0.0	2.38594	0.573014	0.36687600000000004	0.355383	
0	0.42085	0.22815	-0.877971	0.0	0.750229	0.45653999999999995	0.478254	0.0	0.509942	-0.8599530000000001	0.0209704	0.0	-3.08893	-1.85181	-1.6375	0.34618699999999997	0.10671900000000001	0.660759	-0.742973	0.0	0.132409	-0.750029	-0.648016	0.0	-0.985433	-0.029220599999999996	-0.167532	0.0	2.38498	0.574471	0.371295	0.355311	
0	0.419646	0.23847100000000002	-0.8758020000000001	0.0	0.7472880000000001	0.456916	0.48248100000000005	0.0	0.5152260000000001	-0.8569479999999999	0.013536600000000001	0.0	-3.08776	-1.84843	-1.63854	0.34679	0.10659500000000001	0.6609649999999999	-0.742807	0.0	0.13204100000000002	-0.749857	-0.6482899999999999	0.0	-0.9854959999999999	-0.0289765	-0.167206	0.0	2.38273	0.5708850000000001	0.381669	0.355396	
0	0.423331	0.232448	-0.875648	0.0	0.751772	0.44926099999999997	0.482704	0.0	0.505598	-0.8626309999999999	0.015438	0.0	-3.12141	-1.8438900000000003	-1.6308200000000002	0.347122	0.10634	0.6609149999999999	-0.742888	0.0	0.132259	-0.749888	-0.6482100000000001	0.0	-0.9854950000000001	-0.029323099999999998	-0.167156	0.0	2.37552	0.56701	0.384891	0.35544699999999996	
0	0.431389	0.222084	-0.8744040000000001	0.0	0.767547	0.41899899999999995	0.48508900000000005	0.0	0.474105	-0.880408	0.010291799999999999	0.0	-3.19417	-1.80625	-1.67022	0.350636	0.106618	0.661591	-0.742247	0.0	0.132203	-0.749306	-0.648894	0.0	-0.9854719999999999	-0.0289435	-0.167354	0.0	2.37371	0.565773	0.392285	0.355378	
0	0.43619300000000005	0.216547	-0.873409	0.0	0.774597	0.403624	0.486917	0.0	0.45796899999999996	-0.8889290000000001	0.00832111	0.0	-3.2093700000000003	-1.7926799999999998	-1.6774	0.354623	0.106616	0.661559	-0.742275	0.0	0.131624	-0.749351	-0.64896	0.0	-0.98555	-0.0285117	-0.166969	0.0	2.37213	0.563492	0.394045	0.355375	
0	0.43547299999999994	0.21744000000000002	-0.8735459999999999	0.0	0.773733	0.405575	0.48666899999999996	0.0	0.460109	-0.8878229999999999	0.00837675	0.0	-3.2067	-1.79462	-1.67615	0.354453	0.10663199999999999	0.661554	-0.742278	0.0	0.131705	-0.749354	-0.64894	0.0	-0.9855370000000001	-0.0285637	-0.167035	0.0	2.3721400000000004	0.563458	0.393918	0.355375	
0	0.43547700000000006	0.21743400000000002	-0.8735459999999999	0.0	0.773736	0.405567	0.48667	0.0	0.4601	-0.8878280000000001	0.00837845	0.0	-3.20668	-1.79463	-1.6761400000000002	0.354453	0.10663199999999999	0.661554	-0.742278	0.0	0.131705	-0.749354	-0.64894	0.0	-0.9855370000000001	-0.028563599999999998	-0.167035	0.0	2.3721400000000004	0.563461	0.393915	0.355375	
0	0.43547700000000006	0.21743400000000002	-0.8735459999999999	0.0	0.773736	0.405567	0.48667	0.0	0.4601	-0.8878280000000001	0.00837845	0.0	-3.20668	-1.79463	-1.6761400000000002	0.354453	0.10663199999999999	0.661554	-0.742278	0.0	0.131705	-0.749354	-0.64894	0.0	-0.9855370000000001	-0.028563599999999998	-0.167035	0.0	2.3721400000000004	0.5634600000000001	0.393915	0.355376	
0	0.43547700000000006	0.21743400000000002	-0.8735459999999999	0.0	0.773736	0.405567	0.48667	0.0	0.4601	-0.8878280000000001	0.00837839	0.0	-3.20668	-1.79463	-1.6761400000000002	0.354453	0.10663199999999999	0.661554	-0.742278	0.0	0.131705	-0.749354	-0.64894	0.0	-0.9855370000000001	-0.028563599999999998	-0.167035	0.0	2.3721400000000004	0.563461	0.393915	0.355375	
0	0.43547700000000006	0.21743400000000002	-0.8735459999999999	0.0	0.773736	0.405567	0.48667	0.0	0.4601	-0.8878280000000001	0.00837839	0.0	-3.20668	-1.79463	-1.6761400000000002	0.354453	0.10663199999999999	0.661554	-0.742278	0.0	0.131705	-0.749354	-0.64894	0.0	-0.9855370000000001	-0.0285637	-0.167035	0.0	2.3721400000000004	0.563461	0.393915	0.355375	
0	0.43547700000000006	0.21743400000000002	-0.8735459999999999	0.0	0.773736	0.405567	0.48667	0.0	0.4601	-0.8878280000000001	0.00837839	0.0	-3.20668	-1.79463	-1.6761400000000002	0.354453	0.10663199999999999	0.661554	-0.742278	0.0	0.131705	-0.749354	-0.64894	0.0	-0.9855370000000001	-0.028563599999999998	-0.167035	0.0	2.3721400000000004	0.5634600000000001	0.393915	0.355375	
0	0.43547700000000006	0.21743400000000002	-0.8735459999999999	0.0	0.773736	0.405567	0.48667	0.0	0.4601	-0.8878280000000001	0.00837839	0.0	-3.20668	-1.79463	-1.6761400000000002	0.354453	0.10663199999999999	0.661554	-0.742278	0.0	0.131705	-0.749354	-0.64894	0.0	-0.9855370000000001	-0.028563599999999998	-0.167035	0.0	2.3721400000000004	0.563461	0.393915	0.355375	
0	0.43547700000000006	0.21743400000000002	-0.8735459999999999	0.0	0.773736	0.405567	0.48667	0.0	0.4601	-0.8878280000000001	0.00837839	0.0	-3.20668	-1.79463	-1.6761400000000002	0.354453	0.10663199999999999	0.661554	-0.742278	0.0	0.131704	-0.749354	-0.64894	0.0	-0.9855370000000001	-0.028563400000000003	-0.167035	0.0	2.3721400000000004	0.563461	0.393915	0.355376	
0	0.43547700000000006	0.21743400000000002	-0.8735459999999999	0.0	0.773736	0.405567	0.48667	0.0	0.4601	-0.8878280000000001	0.00837839	0.0	-3.20668	-1.79463	-1.6761400000000002	0.354453	0.10663199999999999	0.661554	-0.742278	0.0	0.131704	-0.749354	-0.64894	0.0	-0.9855370000000001	-0.028563400000000003	-0.167035	0.0	2.3721400000000004	0.5634600000000001	0.393915	0.355375	
0	0.43547700000000006	0.21743400000000002	-0.8735459999999999	0.0	0.773736	0.405567	0.48667	0.0	0.4601	-0.8878280000000001	0.00837839	0.0	-3.20668	-1.79463	-1.6761400000000002	0.354453	0.10663199999999999	0.661554	-0.742278	0.0	0.131704	-0.749354	-0.64894	0.0	-0.9855370000000001	-0.0285635	-0.167035	0.0	2.3721400000000004	0.563461	0.393915	0.355375	
0	0.43547700000000006	0.21743400000000002	-0.8735459999999999	0.0	0.773736	0.405567	0.48667	0.0	0.4601	-0.8878280000000001	0.00837839	0.0	-3.20668	-1.79463	-1.6761400000000002	0.354453	0.10663199999999999	0.661554	-0.742278	0.0	0.131704	-0.749354	-0.64894	0.0	-0.9855370000000001	-0.028563400000000003	-0.167035	0.0	2.3721400000000004	0.563461	0.393915	0.355376	
0	0.43547700000000006	0.21743400000000002	-0.8735459999999999	0.0	0.773736	0.405567	0.48667	0.0	0.4601	-0.8878280000000001	0.00837839	0.0	-3.20668	-1.79463	-1.6761400000000002	0.354453	0.10663199999999999	0.661554	-0.742278	0.0	0.131705	-0.749354	-0.64894	0.0	-0.9855370000000001	-0.028563599999999998	-0.167035	0.0	2.3721400000000004	0.5634600000000001	0.393915	0.355375	
0	0.43547700000000006	0.21743400000000002	-0.8735459999999999	0.0	0.773736	0.405567	0.48667	0.0	0.4601	-0.8878280000000001	0.00837839	0.0	-3.20668	-1.79463	-1.6761400000000002	0.354453	0.10663199999999999	0.661554	-0.742278	0.0	0.131705	-0.749354	-0.64894	0.0	-0.9855370000000001	-0.028563599999999998	-0.167035	0.0	2.3721400000000004	0.5634600000000001	0.393915	0.355375	
0	0.43547700000000006	0.21743400000000002	-0.8735459999999999	0.0	0.773736	0.405567	0.48667	0.0	0.4601	-0.8878280000000001	0.00837839	0.0	-3.20668	-1.79463	-1.6761400000000002	0.354453	0.10663199999999999	0.661554	-0.742278	0.0	0.131705	-0.749354	-0.64894	0.0	-0.9855370000000001	-0.028563599999999998	-0.167035	0.0	2.3721400000000004	0.5634600000000001	0.393915	0.355375	
0	0.43547700000000006	0.21743400000000002	-0.8735459999999999	0.0	0.773736	0.405567	0.48667	0.0	0.4601	-0.8878280000000001	0.00837839	0.0	-3.20668	-1.79463	-1.6761400000000002	0.354453	0.10663199999999999	0.661554	-0.742278	0.0	0.131704	-0.749354	-0.64894	0.0	-0.9855370000000001	-0.028563400000000003	-0.167035	0.0	2.3721400000000004	0.563461	0.393915	0.355375	
0	0.43547700000000006	0.21743400000000002	-0.8735459999999999	0.0	0.773736	0.405567	0.48667	0.0	0.4601	-0.8878280000000001	0.00837839	0.0	-3.20668	-1.79463	-1.6761400000000002	0.354453	0.10663199999999999	0.661554	-0.742278	0.0	0.131704	-0.749354	-0.64894	0.0	-0.9855370000000001	-0.028563400000000003	-0.167035	0.0	2.3721400000000004	0.5634600000000001	0.393915	0.355376	
0	0.43547700000000006	0.21743400000000002	-0.8735459999999999	0.0	0.773736	0.405567	0.48667	0.0	0.4601	-0.8878280000000001	0.00837839	0.0	-3.20668	-1.79463	-1.6761400000000002	0.354453	0.10663199999999999	0.661554	-0.742278	0.0	0.131704	-0.749354	-0.64894	0.0	-0.9855370000000001	-0.028563400000000003	-0.167035	0.0	2.3721400000000004	0.5634600000000001	0.393915	0.355376	
0	0.43547700000000006	0.21743400000000002	-0.8735459999999999	0.0	0.773736	0.405567	0.48667	0.0	0.4601	-0.8878280000000001	0.00837839	0.0	-3.20668	-1.79463	-1.6761400000000002	0.354453	0.10663199999999999	0.661554	-0.742278	0.0	0.131704	-0.749354	-0.64894	0.0	-0.9855370000000001	-0.028563400000000003	-0.167035	0.0	2.3721400000000004	0.5634600000000001	0.393915	0.355376	
0	0.43547700000000006	0.21743400000000002	-0.8735459999999999	0.0	0.773736	0.405567	0.48667	0.0	0.4601	-0.8878280000000001	0.00837839	0.0	-3.20668	-1.79463	-1.6761400000000002	0.354453	0.10663199999999999	0.661554	-0.742278	0.0	0.131704	-0.749354	-0.64894	0.0	-0.9855370000000001	-0.028563400000000003	-0.167035	0.0	2.3721400000000004	0.5634600000000001	0.393915	0.355376	
0	0.43547700000000006	0.21743400000000002	-0.8735459999999999	0.0	0.773736	0.405567	0.48667	0.0	0.4601	-0.8878280000000001	0.00837839	0.0	-3.20668	-1.79463	-1.6761400000000002	0.354453	0.10663199999999999	0.661554	-0.742278	0.0	0.131704	-0.749354	-0.64894	0.0	-0.9855370000000001	-0.028563400000000003	-0.167035	0.0	2.3721400000000004	0.5634600000000001	0.393915	0.355376	
0	0.43547700000000006	0.21743400000000002	-0.8735459999999999	0.0	0.773736	0.405567	0.48667	0.0	0.4601	-0.8878280000000001	0.00837839	0.0	-3.20668	-1.79463	-1.6761400000000002	0.354453	0.10663199999999999	0.661554	-0.742278	0.0	0.131704	-0.749354	-0.64894	0.0	-0.9855370000000001	-0.028563400000000003	-0.167035	0.0	2.3721400000000004	0.5634600000000001	0.393915	0.355375	
0	0.43547700000000006	0.21743400000000002	-0.8735459999999999	0.0	0.773736	0.405567	0.48667	0.0	0.4601	-0.8878280000000001	0.00837839	0.0	-3.20668	-1.79463	-1.6761400000000002	0.354453	0.10663199999999999	0.661554	-0.742278	0.0	0.131704	-0.749354	-0.64894	0.0	-0.9855370000000001	-0.0285635	-0.167035	0.0	2.3721400000000004	0.563461	0.393915	0.355375	
0	0.43547700000000006	0.21743400000000002	-0.8735459999999999	0.0	0.773736	0.405567	0.48667	0.0	0.4601	-0.8878280000000001	0.00837839	0.0	-3.20668	-1.79463	-1.6761400000000002	0.354453	0.10663199999999999	0.661554	-0.742278	0.0	0.131704	-0.749354	-0.64894	0.0	-0.9855370000000001	-0.028563400000000003	-0.167035	0.0	2.3721400000000004	0.5634600000000001	0.393915	0.355375	
0	0.43547700000000006	0.21743400000000002	-0.8735459999999999	0.0	0.773736	0.405567	0.48667	0.0	0.4601	-0.8878280000000001	0.00837839	0.0	-3.20668	-1.79463	-1.6761400000000002	0.354453	0.10663199999999999	0.661554	-0.742278	0.0	0.131704	-0.749354	-0.64894	0.0	-0.9855370000000001	-0.0285635	-0.167035	0.0	2.3721400000000004	0.5634600000000001	0.393915	0.355376	
0	0.43547700000000006	0.21743400000000002	-0.8735459999999999	0.0	0.773736	0.405567	0.48667	0.0	0.4601	-0.8878280000000001	0.00837839	0.0	-3.20668	-1.79463	-1.6761400000000002	0.354453	0.10663199999999999	0.661554	-0.742278	0.0	0.131705	-0.749354	-0.64894	0.0	-0.9855370000000001	-0.0285635	-0.167035	0.0	2.3721400000000004	0.5634600000000001	0.393915	0.355375	
0	0.43547700000000006	0.21743400000000002	-0.8735459999999999	0.0	0.773736	0.405567	0.48667	0.0	0.4601	-0.8878280000000001	0.00837839	0.0	-3.20668	-1.79463	-1.6761400000000002	0.354453	0.10663199999999999	0.661554	-0.742278	0.0	0.131705	-0.749354	-0.64894	0.0	-0.9855370000000001	-0.0285635	-0.167035	0.0	2.3721400000000004	0.5634600000000001	0.393915	0.355375	
0	0.554591	-0.025596599999999997	-0.83173	0.0	0.829941	0.08936430000000001	0.550647	0.0	0.0602322	-0.99567	0.0708043	0.0	-3.25932	-1.85608	-1.6853900000000002	0.341934	0.0640067	0.5666220000000001	-0.8214879999999999	0.0	0.171388	-0.817187	-0.5503020000000001	0.0	-0.9831219999999999	-0.10557000000000001	-0.149418	0.0	2.34535	0.598403	0.42235600000000006	0.355006	
0	0.554741	-0.0220452	-0.831731	0.0	0.8299620000000001	0.08497260000000001	0.551309	0.0	0.0585207	-0.996139	0.0654345	0.0	-3.26345	-1.8802900000000002	-1.67019	0.34195	0.0603569	0.562029	-0.8249120000000001	0.0	0.172727	-0.819833	-0.54593	0.0	-0.9831190000000001	-0.10953399999999999	-0.14656	0.0	2.34408	0.5865239999999999	0.42303599999999997	0.355025	
0	0.5552060000000001	-0.0296534	-0.831184	0.0	0.829965	0.0845155	0.551376	0.0	0.05389780000000001	-0.9959809999999999	0.07153480000000001	0.0	-3.26428	-1.8971200000000001	-1.67763	0.340752	0.0594385	0.560027	-0.8263389999999999	0.0	0.173512	-0.820998	-0.543927	0.0	-0.983037	-0.111049	-0.14597000000000002	0.0	2.34118	0.5878979999999999	0.434812	0.355076	
0	0.556286	-0.0342249	-0.8302860000000001	0.0	0.829398	0.0847062	0.552199	0.0	0.051431399999999995	-0.995818	0.0755069	0.0	-3.29819	-1.94318	-1.7508099999999998	0.341229	0.059245900000000004	0.560049	-0.8263379999999999	0.0	0.173877	-0.8209280000000001	-0.5439149999999999	0.0	-0.982984	-0.111456	-0.146016	0.0	2.3387599999999997	0.5887	0.44183100000000003	0.354956	
0	0.556229	-0.0228524	-0.830715	0.0	0.829033	0.084507	0.552778	0.0	0.0575689	-0.9961610000000001	0.06595060000000001	0.0	-3.32965	-1.99368	-1.78055	0.342148	0.05788189999999999	0.557613	-0.828081	0.0	0.173401	-0.8224790000000001	-0.54172	0.0	-0.9831489999999999	-0.11223499999999999	-0.144298	0.0	2.33997	0.580992	0.452138	0.35488000000000003	
0	0.554117	-0.0149157	-0.832305	0.0	0.8302139999999999	0.082951	0.551239	0.0	0.0608185	-0.996442	0.0583479	0.0	-3.37335	-2.07692	-1.8139	0.340744	0.056960800000000006	0.5571550000000001	-0.8284530000000001	0.0	0.17316600000000001	-0.822737	-0.541404	0.0	-0.983244	-0.112621	-0.143344	0.0	2.3362700000000003	0.5789569999999999	0.455812	0.354946	
0	0.557653	0.010756700000000001	-0.8300040000000001	0.0	0.8275899999999999	0.0700928	0.55694	0.0	0.06416820000000001	-0.997483	0.030185200000000002	0.0	-3.3933699999999996	-2.14205	-1.91029	0.341879	0.055416499999999994	0.555181	-0.829882	0.0	0.174125	-0.8237959999999999	-0.539482	0.0	-0.9831629999999999	-0.114607	-0.142323	0.0	2.3350299999999997	0.575153	0.45976999999999996	0.354846	
0	0.556657	0.00890353	-0.830694	0.0	0.8281149999999999	0.07352339999999999	0.555717	0.0	0.06602330000000001	-0.9972540000000001	0.0335542	0.0	-3.3918699999999995	-2.20785	-1.93222	0.341805	0.055291999999999994	0.5550430000000001	-0.829982	0.0	0.174367	-0.8238479999999999	-0.539325	0.0	-0.9831270000000001	-0.114901	-0.142333	0.0	2.3353900000000003	0.576697	0.460203	0.354883	
0	0.552639	0.00609532	-0.833398	0.0	0.8308180000000001	0.07492869999999999	0.551477	0.0	0.065807	-0.9971700000000001	0.0363444	0.0	-3.41428	-2.4022099999999997	-2.00096	0.342764	0.055130099999999994	0.554584	-0.8303	0.0	0.174602	-0.8241059999999999	-0.5388539999999999	0.0	-0.983094	-0.115265	-0.142265	0.0	2.33622	0.578421	0.462272	0.354748	
0	0.546277	0.0102304	-0.837542	0.0	0.8342790000000001	0.08237330000000001	0.5451550000000001	0.0	0.07456839999999999	-0.996549	0.0364636	0.0	-3.4316199999999997	-2.55419	-2.02964	0.343082	0.054513099999999995	0.5546800000000001	-0.830276	0.0	0.174429	-0.824017	-0.539046	0.0	-0.98316	-0.11543900000000001	-0.141672	0.0	2.33677	0.57089	0.46032	0.354518	
0	0.540562	0.0070571	-0.841274	0.0	0.8375030000000001	0.09043810000000001	0.5388970000000001	0.0	0.07988630000000001	-0.995877	0.0429771	0.0	-3.4236800000000005	-2.65271	-2.01583	0.342673	0.054025199999999995	0.5543020000000001	-0.8305600000000001	0.0	0.17484	-0.824177	-0.538669	0.0	-0.9831139999999999	-0.11611300000000001	-0.141441	0.0	2.33681	0.567667	0.46637399999999996	0.354532	
0	0.531331	0.00415462	-0.8471540000000001	0.0	0.8433790000000001	0.0918349	0.529413	0.0	0.0799979	-0.995766	0.0452908	0.0	-3.39509	-2.73883	-2.05055	0.342622	0.0538153	0.553733	-0.830953	0.0	0.174933	-0.8245180000000001	-0.538116	0.0	-0.983109	-0.11640199999999999	-0.141238	0.0	2.33606	0.567987	0.465106	0.35444899999999996	
0	0.516209	-0.00333595	-0.856456	0.0	0.8528190000000001	0.09415060000000001	0.51365	0.0	0.0789225	-0.995552	0.05144630000000001	0.0	-3.3406599999999997	-2.8587599999999997	-2.0374	0.342233	0.0537701	0.553597	-0.831047	0.0	0.175491	-0.8245370000000001	-0.537906	0.0	-0.9830120000000001	-0.11691800000000001	-0.141487	0.0	2.33595	0.571734	0.46877399999999997	0.35434	
0	0.5040640000000001	0.00012180200000000001	-0.863667	0.0	0.8601030000000001	0.0906701	0.501997	0.0	0.07836989999999999	-0.9958809999999999	0.0455987	0.0	-3.33952	-2.97308	-2.07176	0.341775	0.0535886	0.5532819999999999	-0.831268	0.0	0.175473	-0.824729	-0.537617	0.0	-0.983025	-0.11705499999999999	-0.141282	0.0	2.3355900000000003	0.577685	0.472912	0.354199	
0	0.49609200000000003	-0.000372738	-0.8682700000000001	0.0	0.864535	0.09286599999999999	0.493918	0.0	0.0804487	-0.9956790000000001	0.0463923	0.0	-3.3317300000000003	-3.0861	-2.12545	0.3417	0.0536016	0.552621	-0.831707	0.0	0.175397	-0.825166	-0.53697	0.0	-0.983038	-0.117097	-0.141158	0.0	2.3369400000000002	0.582873	0.475054	0.354209	
0	0.489358	0.00736806	-0.872052	0.0	0.868158	0.0906515	0.487939	0.0	0.082648	-0.9958549999999999	0.037964300000000006	0.0	-3.31976	-3.19295	-2.13699	0.33919	0.0535344	0.552535	-0.8317690000000001	0.0	0.17600000000000002	-0.8251440000000001	-0.536806	0.0	-0.982934	-0.117654	-0.14142000000000002	0.0	2.33373	0.584201	0.48203999999999997	0.353962	
0	0.48547299999999993	0.0142563	-0.874135	0.0	0.870292	0.0871747	0.48476	0.0	0.08311339999999999	-0.996091	0.029913799999999997	0.0	-3.32631	-3.2551400000000004	-2.17806	0.33603299999999997	0.0532924	0.551967	-0.8321620000000001	0.0	0.176081	-0.825483	-0.5362600000000001	0.0	-0.9829319999999999	-0.117949	-0.141183	0.0	2.33396	0.587936	0.487458	0.353691	
0	0.484706	0.026215199999999998	-0.8742840000000001	0.0	0.870505	0.0830526	0.485101	0.0	0.0853286	-0.9962	0.0174356	0.0	-3.3149900000000003	-3.30652	-2.25924	0.32848	0.053131899999999996	0.551348	-0.8325819999999999	0.0	0.17696900000000002	-0.8257610000000001	-0.535538	0.0	-0.9827809999999999	-0.11888699999999999	-0.14144600000000002	0.0	2.3322599999999998	0.5894020000000001	0.47799200000000003	0.353659	
0	0.485828	0.0383355	-0.8732129999999999	0.0	0.869849	0.0766765	0.48732299999999995	0.0	0.0856368	-0.9963190000000001	0.0039055	0.0	-3.32515	-3.32493	-2.35028	0.32214	0.0533533	0.5502729999999999	-0.8332790000000001	0.0	0.17716800000000002	-0.8264450000000001	-0.534416	0.0	-0.982733	-0.119117	-0.141585	0.0	2.33555	0.59224	0.473512	0.353682	
0	0.4812	0.0481824	-0.875286	0.0	0.8719680000000001	0.0763205	0.48357799999999995	0.0	0.0901021	-0.995919	-0.00528806	0.0	-3.3106400000000002	-3.4135	-2.4262099999999998	0.317824	0.0531476	0.548828	-0.8342440000000001	0.0	0.177583	-0.827303	-0.532948	0.0	-0.98267	-0.119823	-0.141432	0.0	2.33771	0.595541	0.47606000000000004	0.353432	
0	0.47989899999999996	0.0546525	-0.8756200000000001	0.0	0.8724790000000001	0.07502189999999999	0.48285900000000004	0.0	0.0920803	-0.995683	-0.0116803	0.0	-3.3331699999999995	-3.5011300000000003	-2.49306	0.317349	0.052312300000000006	0.5473359999999999	-0.835276	0.0	0.1793	-0.8279770000000001	-0.531324	0.0	-0.982403	-0.12197000000000001	-0.141451	0.0	2.33848	0.597499	0.475317	0.35332800000000003	
0	0.477075	0.053541	-0.87723	0.0	0.873991	0.07605039999999999	0.479955	0.0	0.09241110000000001	-0.9956659999999999	-0.010512700000000002	0.0	-3.3309699999999998	-3.5442099999999996	-2.5036099999999997	0.3167	0.05231619999999999	0.546968	-0.835518	0.0	0.180333	-0.828083	-0.530809	0.0	-0.9822129999999999	-0.122902	-0.141959	0.0	2.34049	0.599003	0.475911	0.353403	
0	0.47408900000000004	0.0502791	-0.8790399999999999	0.0	0.875376	0.0803898	0.47671199999999997	0.0	0.0946346	-0.995495	-0.00590125	0.0	-3.3334300000000003	-3.61533	-2.5127900000000003	0.316442	0.0523725	0.546276	-0.835966	0.0	0.181644	-0.828362	-0.529927	0.0	-0.9819690000000001	-0.12409500000000001	-0.142611	0.0	2.3459	0.596345	0.46414399999999995	0.35315599999999997	
0	0.471879	0.0472353	-0.880397	0.0	0.8765059999999999	0.0827135	0.474231	0.0	0.0952212	-0.995453	-0.00237137	0.0	-3.3345599999999997	-3.6146800000000003	-2.5171200000000002	0.315227	0.0521805	0.5463979999999999	-0.835899	0.0	0.181732	-0.8282579999999999	-0.5300590000000001	0.0	-0.9819629999999999	-0.12425	-0.142517	0.0	2.346	0.5971890000000001	0.46743500000000004	0.35296500000000003	
0	0.46846000000000004	0.0379089	-0.8826709999999999	0.0	0.8775620000000001	0.0955277	0.469851	0.0	0.102131	-0.994705	0.011483499999999999	0.0	-3.35826	-3.60784	-2.53882	0.29231599999999996	0.050308	0.5457390000000001	-0.8364440000000001	0.0	0.184668	-0.8281459999999999	-0.5292180000000001	0.0	-0.981512	-0.127841	-0.14244300000000001	0.0	2.34876	0.5912	0.473793	0.352462	
0	0.47216800000000003	0.03385440000000001	-0.880858	0.0	0.875281	0.10056	0.47304399999999996	0.0	0.104594	-0.9943549999999999	0.0178491	0.0	-3.3621300000000005	-3.60682	-2.54312	0.290519	0.0494911	0.546247	-0.836161	0.0	0.187417	-0.8273950000000001	-0.5294270000000001	0.0	-0.981033	-0.130509	-0.143325	0.0	2.3466	0.588956	0.47967299999999996	0.352643	
0	0.474272	0.0219045	-0.8801059999999999	0.0	0.8736870000000001	0.11131400000000001	0.473583	0.0	0.10834200000000001	-0.9935440000000001	0.033655199999999996	0.0	-3.37846	-3.60269	-2.5634200000000003	0.273042	0.0481783	0.545666	-0.836616	0.0	0.18820699999999999	-0.8275450000000001	-0.528911	0.0	-0.9809469999999999	-0.131975	-0.142568	0.0	2.34622	0.589521	0.484996	0.352609	
0	0.476476	0.0239433	-0.878861	0.0	0.872374	0.11133399999999999	0.475992	0.0	0.10924400000000001	-0.9934950000000001	0.0321603	0.0	-3.3867599999999998	-3.6010800000000005	-2.5646	0.26259	0.0459718	0.545847	-0.836623	0.0	0.190555	-0.8269209999999999	-0.529046	0.0	-0.9806	-0.135101	-0.142029	0.0	2.34538	0.586778	0.49129700000000004	0.352657	
0	0.474709	0.011977799999999999	-0.8800620000000001	0.0	0.8722610000000001	0.127115	0.47223100000000007	0.0	0.117525	-0.991816	0.04989469999999999	0.0	-3.4412	-3.58961	-2.60299	0.163411	0.0440856	0.5454600000000001	-0.8369770000000001	0.0	0.19206900000000002	-0.8267899999999999	-0.528705	0.0	-0.980391	-0.137449	-0.141215	0.0	2.34491	0.5805239999999999	0.495746	0.352613	
0	0.467142	0.00107661	-0.884182	0.0	0.876302	0.13264700000000001	0.46314099999999997	0.0	0.117782	-0.9911629999999999	0.0610214	0.0	-3.4738800000000003	-3.5886400000000003	-2.6298	0.12885	0.038087	0.545741	-0.8370879999999999	0.0	0.19686900000000002	-0.825376	-0.529148	0.0	-0.97969	-0.144643	-0.138876	0.0	2.34642	0.581322	0.498928	0.35241	
0	0.443954	0.00105461	-0.896049	0.0	0.8866290000000001	0.144109	0.439456	0.0	0.129592	-0.989561	0.06304270000000001	0.0	-3.4865	-3.5870699999999998	-2.63822	0.128824	0.035794599999999996	0.546137	-0.836931	0.0	0.198795	-0.824622	-0.5296029999999999	0.0	-0.9793870000000001	-0.14742	-0.138086	0.0	2.3468299999999997	0.580411	0.502674	0.351446	
0	0.408981	0.008547399999999998	-0.9125030000000001	0.0	0.899098	0.167246	0.404539	0.0	0.15607000000000001	-0.985878	0.0607153	0.0	-3.50684	-3.58495	-2.64166	0.12878499999999998	0.0351714	0.546719	-0.836577	0.0	0.19931500000000002	-0.824116	-0.530195	0.0	-0.9793040000000001	-0.148094	-0.137954	0.0	2.3454099999999998	0.574336	0.506724	0.35151	
0	0.404979	0.00840971	-0.9142870000000001	0.0	0.8997280000000001	0.174309	0.400133	0.0	0.162733	-0.984655	0.06302490000000001	0.0	-3.5121	-3.58494	-2.64295	0.128802	0.0347983	0.547006	-0.836405	0.0	0.199377	-0.823889	-0.530525	0.0	-0.979305	-0.148298	-0.13773	0.0	2.3448700000000002	0.5717869999999999	0.508179	0.351729	
0	0.36891	-0.00859368	-0.929425	0.0	0.903808	0.236643	0.356554	0.0	0.21687800000000002	-0.9715590000000001	0.095067	0.0	-3.49767	-3.58315	-2.58416	0.12872999999999998	0.0343084	0.548547	-0.8354159999999999	0.0	0.200226	-0.822733	-0.531997	0.0	-0.9791489999999999	-0.14902	-0.13806	0.0	2.34627	0.565821	0.5056579999999999	0.351418	
0	0.354333	-0.01481	-0.935002	0.0	0.897483	0.286199	0.335581	0.0	0.262627	-0.9580559999999999	0.114701	0.0	-3.39015	-3.5829699999999995	-2.36544	0.128401	0.033396499999999996	0.549967	-0.834519	0.0	0.202181	-0.8214389999999999	-0.5332560000000001	0.0	-0.9787790000000001	-0.15091500000000002	-0.138627	0.0	2.34976	0.557455	0.496327	0.35141999999999995	
0	0.34513699999999997	-0.0108398	-0.9384899999999999	0.0	0.8945799999999999	0.30628099999999997	0.32545100000000005	0.0	0.283914	-0.9518790000000001	0.115406	0.0	-3.3300400000000003	-3.5117300000000005	-2.25415	0.12850899999999998	0.0309252	0.549349	-0.8350209999999999	0.0	0.20566900000000002	-0.82104	-0.5325350000000001	0.0	-0.978133	-0.15526900000000002	-0.138375	0.0	2.34895	0.549555	0.497295	0.350892	
0	0.34058499999999997	-0.0132488	-0.9401200000000001	0.0	0.895898	0.30793400000000004	0.320225	0.0	0.28525300000000003	-0.9513149999999999	0.116748	0.0	-3.3281699999999996	-3.4428199999999998	-2.25482	0.128512	0.030436200000000004	0.5496800000000001	-0.8348209999999999	0.0	0.20705900000000002	-0.820558	-0.53274	0.0	-0.9778549999999999	-0.156643	-0.138791	0.0	2.34908	0.546746	0.49907399999999996	0.351027	
0	0.32908699999999996	-0.011140899999999999	-0.944234	0.0	0.910443	0.269096	0.314135	0.0	0.250589	-0.9630489999999999	0.09869889999999999	0.0	-3.3043699999999996	-3.08465	-2.2322	0.12848800000000002	0.028145099999999996	0.5475800000000001	-0.8362799999999999	0.0	0.21170799999999998	-0.8208979999999999	-0.5303829999999999	0.0	-0.976928	-0.162119	-0.139031	0.0	2.35453	0.5362520000000001	0.519683	0.35138	
0	0.341787	-0.00947982	-0.93973	0.0	0.909416	0.25545500000000004	0.32818400000000003	0.0	0.236948	-0.966774	0.0959322	0.0	-3.3363099999999997	-2.82346	-2.20151	0.12835	0.0262221	0.5472560000000001	-0.8365540000000001	0.0	0.216709	-0.8200540000000001	-0.529669	0.0	-0.975884	-0.1674	-0.140099	0.0	2.3545599999999998	0.520424	0.529017	0.351958	
0	0.354164	-0.00795385	-0.935149	0.0	0.9062899999999999	0.249561	0.34111199999999997	0.0	0.23066399999999998	-0.968326	0.0955941	0.0	-3.33461	-2.58025	-2.20411	0.12835	0.0225294	0.545756	-0.837641	0.0	0.21845900000000001	-0.8202940000000001	-0.5285770000000001	0.0	-0.9755860000000001	-0.17108099999999998	-0.137706	0.0	2.35454	0.5035689999999999	0.529663	0.35181100000000004	
0	0.37396599999999997	-0.00636366	-0.9274209999999999	0.0	0.8987700000000001	0.249209	0.360703	0.0	0.22882600000000003	-0.9684290000000001	0.098915	0.0	-3.19578	-2.1319	-1.8710799999999999	0.128398	0.0214975	0.545501	-0.837834	0.0	0.221045	-0.819882	-0.528141	0.0	-0.9750270000000001	-0.173845	-0.138206	0.0	2.3521900000000002	0.49971099999999996	0.5422640000000001	0.351749	
0	0.388235	-0.0113022	-0.921491	0.0	0.8989870000000001	0.224602	0.37599899999999997	0.0	0.202719	-0.9743850000000001	0.097359	0.0	-3.17829	-1.7337099999999999	-1.7913	0.128393	0.0187389	0.543995	-0.838879	0.0	0.22323800000000002	-0.8201219999999999	-0.526844	0.0	-0.974584	-0.177397	-0.136809	0.0	2.34904	0.49674700000000005	0.554717	0.351747	
0	0.393394	-0.00995353	-0.919316	0.0	0.896135	0.227537	0.381011	0.0	0.205386	-0.9737180000000001	0.09843160000000001	0.0	-3.17943	-1.51831	-1.72905	0.128395	0.0187476	0.5442899999999999	-0.8386879999999999	0.0	0.22698800000000002	-0.819249	-0.5266	0.0	-0.973717	-0.180499	-0.138906	0.0	2.3470400000000002	0.498799	0.555802	0.35174099999999997	
0	0.39862800000000004	0.00243628	-0.9171100000000001	0.0	0.8930030000000001	0.226753	0.388752	0.0	0.208904	-0.973949	0.08821439999999998	0.0	-3.1246	-1.26667	-1.6356899999999999	0.1284	0.0167972	0.544931	-0.8383120000000001	0.0	0.24221199999999998	-0.815675	-0.525364	0.0	-0.9700780000000001	-0.194225	-0.14569000000000001	0.0	2.3547599999999997	0.49740200000000007	0.544208	0.35191999999999996	
0	0.382687	0.015601499999999999	-0.923746	0.0	0.898042	0.22852199999999998	0.375898	0.0	0.21696100000000001	-0.9734139999999999	0.07344149999999999	0.0	-3.07083	-1.00595	-1.55229	0.12848900000000002	0.016405799999999998	0.546507	-0.8372940000000001	0.0	0.273556	-0.807909	-0.521968	0.0	-0.961716	-0.220484	-0.16275499999999998	0.0	2.3748	0.47616099999999995	0.526736	0.352067	
0	0.370886	0.027339699999999998	-0.928276	0.0	0.898775	0.241044	0.366198	0.0	0.233767	-0.9701290000000001	0.0648274	0.0	-3.04175	-0.864131	-1.47898	0.128404	0.0183917	0.544335	-0.838667	0.0	0.287492	-0.806264	-0.516999	0.0	-0.957607	-0.231602	-0.171321	0.0	2.38173	0.44510299999999997	0.49996199999999996	0.351876	
0	0.34665999999999997	0.0706043	-0.9353299999999999	0.0	0.877863	0.326851	0.350034	0.0	0.330428	-0.942435	0.051325300000000004	0.0	-2.96278	-0.6034189999999999	-1.30647	0.128397	0.0242361	0.530914	-0.8470790000000001	0.0	0.32205500000000004	-0.8063020000000001	-0.496142	0.0	-0.9464110000000001	-0.260781	-0.190525	0.0	2.3445	0.383048	0.459025	0.35230100000000003	
0	0.329304	0.08558339999999999	-0.9403370000000001	0.0	0.872002	0.354426	0.33763000000000004	0.0	0.362176	-0.9311590000000001	0.0420851	0.0	-2.9184799999999997	-0.5391090000000001	-1.25278	0.128485	0.023117099999999998	0.522104	-0.852569	0.0	0.33552600000000005	-0.8073859999999999	-0.485336	0.0	-0.9417469999999999	-0.274839	-0.19384400000000002	0.0	2.30951	0.33316100000000004	0.424759	0.351976	
0	0.29646100000000003	0.10668499999999999	-0.949068	0.0	0.851196	0.421134	0.313229	0.0	0.43310200000000004	-0.900702	0.034040499999999994	0.0	-2.7589799999999998	-0.506479	-1.1115700000000002	0.128486	0.037132	0.49824700000000005	-0.86624	0.0	0.36359600000000003	-0.81416	-0.452705	0.0	-0.930816	-0.298151	-0.211392	0.0	2.22031	0.265099	0.343041	0.351881	
0	0.27808499999999997	0.117459	-0.953348	0.0	0.834957	0.461117	0.30036399999999996	0.0	0.474886	-0.879531	0.0301562	0.0	-2.60981	-0.543043	-1.06389	0.12849100000000002	0.05047530000000001	0.480822	-0.8753639999999999	0.0	0.384153	-0.818397	-0.42738000000000004	0.0	-0.921889	-0.314701	-0.226018	0.0	2.13985	0.203487	0.249629	0.351605	
1	0.27162800000000004	0.118406	-0.955091	0.0	0.817699	0.494957	0.293915	0.0	0.50753	-0.8608120000000001	0.0376242	0.0	-2.46118	-0.5897789999999999	-1.04498	0.128394	0.0628652	0.45876000000000006	-0.8863340000000001	0.0	0.40344	-0.823976	-0.39786900000000003	0.0	-0.9128440000000001	-0.332571	-0.236882	0.0	2.05733	0.157358	0.187351	0.3423	
1	0.267276	0.11936	-0.956199	0.0	0.812056	0.506317	0.290188	0.0	0.518777	-0.8540469999999999	0.038399199999999994	0.0	-2.36293	-0.628733	-1.00352	0.128485	0.0731965	0.448991	-0.890533	0.0	0.40066799999999997	-0.830939	-0.38601199999999997	0.0	-0.9132950000000001	-0.32855300000000004	-0.24071900000000002	0.0	1.96753	0.15565	0.120124	0.34225500000000003	
