3	0.39257	0.7340720000000001	-0.5541	0.0	0.507691	0.329401	0.796081	0.0	0.7669020000000001	-0.59383	-0.243369	0.0	-2.77536	2.00042	1.35267	-1.1444100000000001e-05	-0.593133	0.516197	-0.617846	0.0	0.750629	0.0770682	-0.6562140000000001	0.0	-0.29112	-0.8529950000000001	-0.433184	0.0	2.66032	2.0	1.53809	0.0	
3	0.09460930000000001	0.8512370000000001	-0.516183	0.0	0.12095999999999998	0.504837	0.854698	0.0	0.988139	-0.1433	-0.055202999999999995	0.0	-2.76669	2.05254	1.1279299999999999	0.0	-0.102441	0.8345100000000001	-0.5413859999999999	0.0	0.011061399999999999	-0.5432600000000001	-0.839492	0.0	-0.9946780000000001	-0.0919864	0.046420800000000005	0.0	2.65294	2.04126	1.48676	0.0	
3	0.0549036	0.8419719999999999	-0.53672	0.0	0.08814960000000001	0.531345	0.842557	0.0	0.9945930000000001	-0.0935711	-0.045046699999999995	0.0	-2.75128	2.03808	1.00742	0.0	-0.08117260000000001	0.810655	-0.579871	0.0	-0.00666261	-0.5822189999999999	-0.813005	0.0	-0.9966780000000001	-0.0621303	0.05266130000000001	0.0	2.61184	2.06485	1.42425	0.0	
3	9.842219999999999e-05	0.8194290000000001	-0.573181	0.0	0.0653179	0.571951	0.8176829999999999	0.0	0.997865	-0.0375195	-0.0534672	0.0	-2.70324	2.03594	0.9591569999999999	0.19803199999999999	-0.040429400000000004	0.785217	-0.617899	0.0	-0.039455699999999996	-0.6191770000000001	-0.784259	0.0	-0.998403	-0.00732738	0.0560141	0.0	2.59667	2.13597	1.38354	0.0	
3	-0.0196713	0.796196	-0.604719	0.0	0.06308240000000001	0.6046199999999999	0.794013	0.0	0.997815	-0.022527900000000003	-0.062119600000000004	0.0	-2.5756	2.02815	0.919723	0.349188	-0.00961816	0.7939109999999999	-0.607958	0.0	-0.0365573	-0.607859	-0.793203	0.0	-0.9992850000000001	0.0145963	0.0348694	0.0	2.61363	2.15789	1.30898	0.24348699999999998	
3	0.0390576	0.790223	-0.611574	0.0	0.0779638	0.607765	0.790281	0.0	0.9961909999999999	-0.0785471	-0.0378709	0.0	-2.5185	2.00401	0.9661299999999999	0.0987393	-0.00829798	0.7956840000000001	-0.605655	0.0	-0.036519800000000005	-0.605513	-0.7949970000000001	0.0	-0.9992989999999999	0.0155216	0.0340826	0.0	2.59325	2.15552	1.2345700000000002	0.267467	
3	0.049867199999999993	0.815144	-0.5771069999999999	0.0	0.0965055	0.57119	0.815125	0.0	0.994082	-0.096342	-0.050182300000000006	0.0	-2.6422	2.00427	0.895288	0.0	-0.022887599999999998	0.807878	-0.588906	0.0	-0.0241153	-0.589335	-0.8075289999999999	0.0	-0.999447	-0.00428075	0.0329705	0.0	2.5717	2.15003	1.16804	0.064442	
3	-0.0320999	0.804608	-0.592938	0.0	0.06714049999999999	0.593639	0.801925	0.0	0.9972270000000001	-0.0140685	-0.0730776	0.0	-2.70105	2.0489	0.737323	0.0	-0.028201799999999996	0.815873	-0.577544	0.0	-0.021356	-0.578134	-0.815663	0.0	-0.999374	-0.010669	0.0337279	0.0	2.61498	2.1408099999999997	1.09299	0.0	
3	-0.12084400000000001	0.738924	-0.662864	0.0	0.021103900000000002	0.669519	0.742495	0.0	0.992447	0.07573730000000001	-0.0965015	0.0	-2.70696	2.13089	0.641261	0.164903	0.00997865	0.787655	-0.6160359999999999	0.0	-0.0619621	-0.614396	-0.786561	0.0	-0.998029	0.04601980000000001	0.042673800000000005	0.0	2.62405	2.16525	1.0018200000000002	0.061172000000000004	
3	-0.171688	0.694157	-0.699049	0.0	0.00853351	0.7106060000000001	0.703538	0.0	0.9851139999999999	0.114824	-0.127926	0.0	-2.57505	2.1894400000000003	0.601923	0.35147399999999995	0.054638400000000004	0.761124	-0.646301	0.0	-0.06061709999999999	-0.643545	-0.763004	0.0	-0.9966649999999999	0.08086619999999999	0.0109748	0.0	2.58259	2.21061	0.9213309999999999	0.355796	
3	-0.196571	0.751232	-0.630088	0.0	0.034501300000000006	0.6475270000000001	0.761261	0.0	0.979883	0.127903	-0.153204	0.0	-2.5238400000000003	2.17279	0.524341	0.353575	0.0860084	0.7946489999999999	-0.600945	0.0	-0.07811489999999999	-0.595945	-0.799217	0.0	-0.9932270000000001	0.115682	0.010817499999999999	0.0	2.49377	2.16909	0.835443	0.358113	
3	-0.15776400000000002	0.82995	-0.535064	0.0	0.091555	0.55181	0.8289290000000001	0.0	0.983223	0.08178760000000002	-0.16304200000000002	0.0	-2.5216	2.10549	0.492684	0.35429099999999997	0.113152	0.822308	-0.557679	0.0	-0.08010779999999999	-0.551906	-0.83005	0.0	-0.9903430000000001	0.138596	0.0034239000000000006	0.0	2.48343	2.1192900000000003	0.735795	0.360775	
3	-0.139518	0.8759389999999999	-0.46180600000000005	0.0	0.114381	0.47750200000000004	0.8711540000000001	0.0	0.983591	0.0687199	-0.166811	0.0	-2.54168	2.02676	0.444655	0.354481	0.154225	0.8555889999999999	-0.494148	0.0	-0.09838560000000002	-0.48434799999999995	-0.869326	0.0	-0.983125	0.18268900000000002	0.00947922	0.0	2.48358	2.0845599999999997	0.660018	0.362863	
3	-0.104425	0.900601	-0.42191599999999996	0.0	0.141068	0.433359	0.8901120000000001	0.0	0.984477	0.033431300000000004	-0.172299	0.0	-2.58585	1.9323700000000001	0.404967	0.354983	0.18304600000000001	0.8621030000000001	-0.472517	0.0	-0.116433	-0.458244	-0.881167	0.0	-0.9761850000000001	0.21631	0.016497900000000003	0.0	2.4839700000000002	2.0283	0.5987680000000001	0.361688	
3	-0.0997298	0.905955	-0.411459	0.0	0.153641	0.422583	0.893207	0.0	0.983081	0.0258624	-0.181336	0.0	-2.6558900000000003	1.87185	0.357652	0.353761	0.233748	0.773381	-0.589274	0.0	-0.188086	-0.558649	-0.807796	0.0	-0.953932	0.299655	0.014879	0.0	2.46168	2.02886	0.515515	0.345122	
3	-0.09842630000000001	0.9069950000000001	-0.409478	0.0	0.157582	0.42048900000000006	0.893508	0.0	0.9825889999999999	0.023418099999999997	-0.184314	0.0	-2.68452	1.85333	0.336442	0.353022	0.25963800000000004	0.6872560000000001	-0.67843	0.0	-0.24839299999999997	-0.63136	-0.734634	0.0	-0.933215	0.359256	0.00678469	0.0	2.46521	2.075	0.47088500000000005	0.33359099999999997	
3	-0.10195	0.90689	-0.40884899999999996	0.0	0.170951	0.42084799999999994	0.8908780000000001	0.0	0.979991	0.0209321	-0.197939	0.0	-2.7277	1.82912	0.308881	0.351154	0.30999099999999996	0.444474	-0.8404450000000001	0.0	-0.348369	-0.769408	-0.5353979999999999	0.0	-0.884616	0.458754	-0.08366860000000001	0.0	2.45666	2.18545	0.30007399999999995	0.31340300000000004	
3	-0.0981145	0.9088440000000001	-0.405435	0.0	0.18232	0.41691999999999996	0.8904700000000001	0.0	0.978332	0.013449000000000001	-0.206607	0.0	-2.7391099999999997	1.83055	0.309942	0.351331	0.29089699999999996	0.614005	-0.733741	0.0	-0.302178	-0.668689	-0.67937	0.0	-0.907782	0.419347	-0.00898086	0.0	2.45363	2.10597	0.42209399999999997	0.249556	
3	-0.0980944	0.9099780000000001	-0.402886	0.0	0.18456	0.41445	0.8911610000000001	0.0	0.977914	0.0130612	-0.208601	0.0	-2.7623	1.81827	0.305559	0.35136999999999996	0.28876	0.755071	-0.58863	0.0	-0.243327	-0.536752	-0.807892	0.0	-0.9259639999999999	0.37651599999999996	0.028736900000000003	0.0	2.50809	2.04791	0.427966	0.32406599999999997	
3	-0.09713719999999999	0.912207	-0.39805	0.0	0.181912	0.409477	0.894001	0.0	0.978505	0.014430799999999999	-0.20571599999999998	0.0	-2.74067	1.7689099999999998	0.30031399999999997	0.351331	0.287583	0.77686	-0.5601649999999999	0.0	-0.236884	-0.509007	-0.827525	0.0	-0.927999	0.370676	0.037643699999999995	0.0	2.5288	2.05137	0.442308	0.327241	
3	-0.0977745	0.912306	-0.39766599999999996	0.0	0.182748	0.40924499999999997	0.8939360000000001	0.0	0.9782860000000001	0.014731399999999999	-0.206736	0.0	-2.74159	1.7387299999999999	0.303149	0.351487	0.280736	0.770884	-0.571774	0.0	-0.243817	-0.5189090000000001	-0.819321	0.0	-0.9283	0.369421	0.0422781	0.0	2.56582	2.06027	0.44656	0.325786	
3	-0.10781400000000001	0.907142	-0.40678000000000003	0.0	0.178404	0.420177	0.889732	0.0	0.978033	0.0233543	-0.20713800000000002	0.0	-2.74048	1.71643	0.31879	0.35069	0.310332	0.63281	-0.709398	0.0	-0.290605	-0.647367	-0.704603	0.0	-0.90512	0.42481499999999994	-0.0170015	0.0	2.57896	2.10642	0.372299	0.312774	
3	-0.10266199999999999	0.9027280000000001	-0.417783	0.0	0.179448	0.42991899999999994	0.884855	0.0	0.9783959999999999	0.0158703	-0.206129	0.0	-2.73501	1.67765	0.344337	0.350346	0.32379	0.593504	-0.736826	0.0	-0.292163	-0.677998	-0.674507	0.0	-0.8998889999999999	0.433672	-0.046129	0.0	2.5935799999999998	2.12739	0.290827	0.311849	
3	-0.113607	0.884526	-0.45244700000000004	0.0	0.181232	0.466204	0.865915	0.0	0.976857	0.0163759	-0.21326900000000001	0.0	-2.73599	1.66429	0.36169	0.34876799999999997	0.301659	0.5806479999999999	-0.756207	0.0	-0.289326	-0.700002	-0.652907	0.0	-0.9084559999999999	0.415746	-0.043165499999999996	0.0	2.55554	2.02116	0.305747	0.318642	
3	-0.09794560000000001	0.870835	-0.48171899999999995	0.0	0.197224	0.49143100000000006	0.848291	0.0	0.975453	-0.011920100000000001	-0.219883	0.0	-2.74904	1.6153	0.380067	0.348454	0.27121100000000004	0.575254	-0.771704	0.0	-0.24930500000000003	-0.73241	-0.633579	0.0	-0.929673	0.364223	-0.0552245	0.0	2.53481	1.9219400000000002	0.335627	0.328179	
3	-0.0880571	0.858585	-0.5050520000000001	0.0	0.20924099999999998	0.511652	0.833325	0.0	0.973891	-0.0322975	-0.224706	0.0	-2.77331	1.5679299999999998	0.386544	0.347938	0.252258	0.564921	-0.78564	0.0	-0.226433	-0.754895	-0.615517	0.0	-0.940794	0.33316399999999996	-0.0625116	0.0	2.5045900000000003	1.8606599999999998	0.350499	0.333466	
3	-0.06934069999999999	0.831715	-0.550856	0.0	0.24786799999999998	0.549233	0.798063	0.0	0.966309	-0.0812012	-0.24424	0.0	-2.83255	1.45153	0.40358499999999997	0.34730900000000003	0.219484	0.513894	-0.8293010000000001	0.0	-0.174842	-0.8155479999999999	-0.5516449999999999	0.0	-0.9598209999999999	0.266074	-0.0891493	0.0	2.44873	1.73722	0.4273	0.34575900000000004	
3	-0.055332799999999994	0.812978	-0.5796600000000001	0.0	0.29074	0.568511	0.769588	0.0	0.955201	-0.125947	-0.267823	0.0	-2.8959599999999996	1.3671799999999998	0.369852	0.347342	0.195409	0.498571	-0.8445370000000001	0.0	-0.146628	-0.836606	-0.527816	0.0	-0.969699	0.226973	-0.0903758	0.0	2.44597	1.6580400000000002	0.466268	0.351086	
3	-0.0547913	0.806647	-0.588489	0.0	0.29975999999999997	0.575476	0.760901	0.0	0.95244	-0.134715	-0.273332	0.0	-2.93397	1.33485	0.34915	0.34744200000000003	0.20518699999999998	0.550172	-0.80945	0.0	-0.0888482	-0.8131619999999999	-0.575217	0.0	-0.9746819999999999	0.189945	-0.117969	0.0	2.44543	1.6515099999999998	0.478812	0.35131399999999996	
3	-0.0590778	0.791814	-0.607899	0.0	0.303795	0.5943390000000001	0.744628	0.0	0.9509040000000001	-0.140685	-0.275661	0.0	-2.98743	1.30726	0.338256	0.347584	0.189169	0.592569	-0.782993	0.0	-0.0315011	-0.793317	-0.607993	0.0	-0.981439	0.139679	-0.131405	0.0	2.49036	1.5762399999999999	0.45822799999999997	0.351528	
3	-0.0629377	0.787671	-0.612873	0.0	0.301186	0.60045	0.740775	0.0	0.951486	-0.137966	-0.275027	0.0	-2.99025	1.3045200000000001	0.334417	0.347502	0.18679400000000002	0.593957	-0.782511	0.0	-0.022010299999999997	-0.793801	-0.60778	0.0	-0.982153	0.130753	-0.135204	0.0	2.5043599999999997	1.56136	0.453592	0.351567	
3	-0.08592480000000001	0.752667	-0.652771	0.0	0.27779899999999996	0.647309	0.709802	0.0	0.9567889999999999	-0.120349	-0.26471	0.0	-3.0007200000000003	1.28964	0.33361399999999997	0.347319	0.178283	0.5938	-0.784613	0.0	-0.00469923	-0.7968649999999999	-0.60414	0.0	-0.9839680000000001	0.11139500000000001	-0.139277	0.0	2.5582	1.51034	0.425912	0.352001	
3	-0.0841581	0.739225	-0.66818	0.0	0.272138	0.662117	0.698242	0.0	0.958571	-0.123075	-0.256894	0.0	-2.99112	1.2716	0.395396	0.34686	0.164542	0.584091	-0.794836	0.0	0.00937778	-0.806709	-0.590875	0.0	-0.986326	0.08977	-0.138215	0.0	2.54815	1.48564	0.43528900000000004	0.35195	
3	-0.08188	0.738679	-0.6690649999999999	0.0	0.270002	0.662656	0.6985600000000001	0.0	0.9593719999999999	-0.123451	-0.253703	0.0	-2.98061	1.24027	0.40031500000000003	0.345459	0.158985	0.577918	-0.800459	0.0	0.0169005	-0.812246	-0.583071	0.0	-0.987136	0.0791712	-0.138902	0.0	2.52999	1.4689299999999998	0.444953	0.35172	
3	-0.046362099999999996	0.744646	-0.665848	0.0	0.277999	0.64985	0.707398	0.0	0.959462	-0.152309	-0.237139	0.0	-2.97099	1.14721	0.40731	0.33553099999999997	0.152347	0.576184	-0.802996	0.0	0.022024900000000004	-0.814258	-0.580086	0.0	-0.988082	0.0706885	-0.13674	0.0	2.5251099999999997	1.45089	0.461153	0.351689	
3	0.00943868	0.755985	-0.654521	0.0	0.28831599999999996	0.624694	0.725693	0.0	0.9574889999999999	-0.19555799999999998	-0.212067	0.0	-2.9756400000000003	1.03366	0.45762299999999995	0.32985	0.15255	0.580641	-0.79974	0.0	0.0232875	-0.811099	-0.584446	0.0	-0.9880209999999999	0.0705332	-0.137255	0.0	2.5215	1.4156600000000001	0.447774	0.351879	
3	0.0684781	0.755063	-0.652066	0.0	0.29696500000000003	0.608546	0.7358560000000001	0.0	0.9524299999999999	-0.244031	-0.182555	0.0	-3.0152799999999997	0.88207	0.503137	0.329963	0.15136	0.5858800000000001	-0.796137	0.0	0.0271936	-0.80758	-0.5891310000000001	0.0	-0.9881049999999999	0.0675211	-0.138168	0.0	2.52027	1.38373	0.432618	0.351981	
3	0.129395	0.75773	-0.6396109999999999	0.0	0.321727	0.5780569999999999	0.749894	0.0	0.937949	-0.302813	-0.168985	0.0	-3.08413	0.707129	0.525791	0.329781	0.151342	0.58809	-0.79451	0.0	0.029156599999999998	-0.806074	-0.591096	0.0	-0.988051	0.0662923	-0.139139	0.0	2.51942	1.35332	0.41284499999999996	0.35213099999999997	
3	0.18801700000000002	0.716349	-0.671933	0.0	0.360198	0.586175	0.725711	0.0	0.913732	-0.378475	-0.147817	0.0	-3.18635	0.439803	0.53187	0.334554	0.149999	0.5899939999999999	-0.7933520000000001	0.0	0.0308825	-0.8048350000000001	-0.5926939999999999	0.0	-0.9882040000000001	0.06440309999999999	-0.138945	0.0	2.5230599999999996	1.33204	0.402016	0.35246	
3	0.21934499999999998	0.695244	-0.684488	0.0	0.394521	0.578451	0.713966	0.0	0.892323	-0.42665	-0.14740799999999998	0.0	-3.25597	0.242206	0.51055	0.335179	0.149706	0.591122	-0.792567	0.0	0.0313827	-0.804038	-0.59375	0.0	-0.988232	0.0640147	-0.13892000000000002	0.0	2.52275	1.32195	0.396373	0.352491	
3	0.242912	0.67613	-0.695588	0.0	0.419317	0.5734239999999999	0.703817	0.0	0.8747379999999999	-0.46263699999999996	-0.14422100000000002	0.0	-3.33334	0.0674949	0.447927	0.338125	0.14536500000000002	0.589399	-0.794656	0.0	0.036592400000000004	-0.805841	-0.591	0.0	-0.988701	0.0568321	-0.138708	0.0	2.52141	1.3036299999999998	0.41369700000000004	0.35231599999999996	
3	0.258006	0.6756340000000001	-0.690617	0.0	0.4492	0.548971	0.7048760000000001	0.0	0.855367	-0.492087	-0.161857	0.0	-3.4621800000000005	-0.0646572	0.36401100000000003	0.332606	0.145334	0.5896680000000001	-0.794462	0.0	0.035244	-0.8055640000000001	-0.59146	0.0	-0.9887549999999999	0.0579591	-0.13785799999999998	0.0	2.51727	1.29393	0.43309899999999996	0.352236	
3	0.268793	0.682016	-0.6801510000000001	0.0	0.467905	0.524764	0.711117	0.0	0.8419120000000001	-0.509389	-0.178066	0.0	-3.5291099999999997	-0.15087799999999998	0.24781799999999998	0.327356	0.142125	0.588699	-0.79576	0.0	0.0363226	-0.806481	-0.5901430000000001	0.0	-0.989182	0.0549702	-0.136005	0.0	2.50202	1.29336	0.44040200000000007	0.352321	
3	0.28270500000000004	0.702705	-0.652904	0.0	0.47630100000000003	0.48798500000000006	0.731442	0.0	0.8325950000000001	-0.5177609999999999	-0.196744	0.0	-3.57217	-0.22983499999999998	0.0961794	0.324656	0.140066	0.590442	-0.794833	0.0	0.039361400000000005	-0.805433	-0.591379	0.0	-0.989359	0.05154680000000001	-0.136055	0.0	2.4967599999999996	1.29589	0.47134	0.35236799999999996	
3	0.305879	0.701068	-0.6441600000000001	0.0	0.49056000000000005	0.46380600000000005	0.7377229999999999	0.0	0.815959	-0.5416529999999999	-0.202047	0.0	-3.58881	-0.340979	-0.082433	0.325139	0.136796	0.5928979999999999	-0.793573	0.0	0.042327300000000005	-0.803871	-0.593296	0.0	-0.9896950000000001	0.0475706	-0.135062	0.0	2.48659	1.28187	0.469884	0.352418	
3	0.319809	0.701538	-0.636841	0.0	0.49633599999999994	0.44849300000000003	0.7433069999999999	0.0	0.807077	-0.5538029999999999	-0.204767	0.0	-3.59721	-0.435725	-0.24203400000000003	0.325621	0.13534100000000002	0.593829	-0.793126	0.0	0.0439948	-0.803304	-0.593942	0.0	-0.989822	0.045491500000000004	-0.134846	0.0	2.48305	1.25681	0.45843900000000004	0.352437	
3	0.340993	0.6796409999999999	-0.64947	0.0	0.509649	0.44688100000000003	0.735225	0.0	0.789925	-0.581708	-0.193995	0.0	-3.57479	-0.576457	-0.36977	0.327421	0.133681	0.59324	-0.793849	0.0	0.046657199999999996	-0.803918	-0.592908	0.0	-0.989926	0.042221800000000004	-0.135147	0.0	2.47938	1.24822	0.458574	0.35240900000000003	
3	0.400685	0.634158	-0.661283	0.0	0.532829	0.425868	0.731252	0.0	0.7453489999999999	-0.645353	-0.167258	0.0	-3.6328400000000003	-0.8112520000000001	-0.535554	0.325947	0.13015	0.589535	-0.797189	0.0	0.0472659	-0.8068029999999999	-0.588928	0.0	-0.990367	0.038968800000000005	-0.13287000000000002	0.0	2.45381	1.24128	0.467476	0.352313	
3	0.436726	0.601079	-0.669309	0.0	0.550131	0.410228	0.727371	0.0	0.711777	-0.68587	-0.151515	0.0	-3.72336	-1.0307899999999999	-0.609815	0.324764	0.128687	0.589598	-0.797379	0.0	0.04889280000000001	-0.806859	-0.588717	0.0	-0.9904790000000001	0.0367745	-0.13266	0.0	2.43692	1.24149	0.468237	0.3524	
3	0.43926099999999996	0.5941609999999999	-0.673812	0.0	0.552003	0.413238	0.7242430000000001	0.0	0.708762	-0.690077	-0.14645899999999998	0.0	-3.8362300000000005	-1.14414	-0.724155	0.323033	0.12875	0.590078	-0.797014	0.0	0.0491938	-0.8065140000000001	-0.5891649999999999	0.0	-0.990456	0.0366471	-0.132867	0.0	2.43337	1.24153	0.46727700000000005	0.352362	
3	0.44120299999999996	0.61173	-0.656602	0.0	0.5510609999999999	0.39279400000000003	0.736237	0.0	0.708288	-0.686658	-0.163799	0.0	-3.93174	-1.20059	-0.860604	0.322529	0.12898099999999998	0.590163	-0.796914	0.0	0.0487233	-0.8064279999999999	-0.589322	0.0	-0.990449	0.0371833	-0.132769	0.0	2.4343	1.23835	0.465291	0.352375	
3	0.44435	0.61259	-0.653672	0.0	0.549739	0.389671	0.73888	0.0	0.7073470000000001	-0.68767	-0.163614	0.0	-3.94294	-1.24546	-0.918488	0.322917	0.127388	0.589567	-0.797611	0.0	0.050189599999999994	-0.806964	-0.588465	0.0	-0.990582	0.034931300000000005	-0.13238699999999998	0.0	2.43349	1.23803	0.46956899999999996	0.35235500000000003	
3	0.44038299999999997	0.6190060000000001	-0.650303	0.0	0.540871	0.395216	0.742471	0.0	0.716604	-0.678702	-0.16075699999999998	0.0	-3.93477	-1.31421	-1.0591899999999999	0.317296	0.1234	0.588521	-0.799009	0.0	0.052950800000000006	-0.807921	-0.586907	0.0	-0.990943	0.030116200000000003	-0.13086	0.0	2.42846	1.2262600000000001	0.4897	0.352412	
3	0.435566	0.617214	-0.6552319999999999	0.0	0.5434979999999999	0.39993	0.738015	0.0	0.7175600000000001	-0.6775720000000001	-0.16125899999999999	0.0	-3.85829	-1.3321	-1.08294	0.31358400000000003	0.121223	0.588392	-0.799437	0.0	0.055087699999999996	-0.8081229999999999	-0.586432	0.0	-0.9910950000000001	0.0270503	-0.130377	0.0	2.4276299999999997	1.21569	0.474592	0.35236100000000004	
3	0.42642399999999997	0.620654	-0.65799	0.0	0.5520390000000001	0.397679	0.732874	0.0	0.71653	-0.675751	-0.173046	0.0	-3.83086	-1.3301399999999999	-1.09342	0.313888	0.120303	0.5873510000000001	-0.800341	0.0	0.0539028	-0.808872	-0.5855090000000001	0.0	-0.991273	0.0272978	-0.128969	0.0	2.4270099999999997	1.22638	0.468109	0.35227600000000003	
3	0.41125	0.624854	-0.66365	0.0	0.553632	0.40716399999999997	0.726436	0.0	0.72413	-0.666165	-0.178493	0.0	-3.86004	-1.33996	-1.0281799999999999	0.304617	0.119309	0.584773	-0.802375	0.0	0.0526311	-0.810737	-0.583041	0.0	-0.991461	0.027332299999999997	-0.127506	0.0	2.42042	1.24007	0.463904	0.352229	
3	0.408354	0.6276	-0.6628470000000001	0.0	0.5588420000000001	0.402277	0.725168	0.0	0.721763	-0.666552	-0.18645799999999998	0.0	-3.89816	-1.33372	-0.996082	0.30519	0.11955999999999999	0.584178	-0.802771	0.0	0.051436	-0.81113	-0.5826	0.0	-0.9914940000000001	0.028364599999999997	-0.127027	0.0	2.41339	1.24738	0.461678	0.352059	
3	0.39942	0.6328010000000001	-0.663345	0.0	0.558516	0.405826	0.72344	0.0	0.726997	-0.659445	-0.191334	0.0	-3.9246800000000004	-1.32974	-0.9867020000000001	0.305543	0.11600899999999999	0.58706	-0.801188	0.0	0.051542399999999995	-0.809106	-0.585398	0.0	-0.9919100000000001	0.026616300000000002	-0.124122	0.0	2.40725	1.23738	0.460846	0.352119	
3	0.397147	0.633175	-0.664352	0.0	0.555936	0.40998599999999996	0.723082	0.0	0.730212	-0.656507	-0.18918	0.0	-3.91888	-1.33435	-0.9807319999999999	0.306176	0.109917	0.589155	-0.800509	0.0	0.0553184	-0.807767	-0.5869	0.0	-0.9924	0.0202272	-0.121378	0.0	2.4027	1.22825	0.47166099999999994	0.35217	
3	0.399527	0.63175	-0.6642819999999999	0.0	0.555129	0.40993	0.723733	0.0	0.729527	-0.657913	-0.186924	0.0	-3.9024400000000004	-1.3402	-0.973877	0.305977	0.10943800000000001	0.591604	-0.798767	0.0	0.058154899999999995	-0.806028	-0.589014	0.0	-0.992291	0.0180082	-0.12261500000000002	0.0	2.40219	1.2128299999999999	0.47098599999999996	0.352256	
3	0.397685	0.633145	-0.6640590000000001	0.0	0.555703	0.40970100000000004	0.723422	0.0	0.730096	-0.656714	-0.188908	0.0	-3.8972599999999997	-1.33978	-0.976517	0.306181	0.10818399999999999	0.591164	-0.7992630000000001	0.0	0.058814599999999995	-0.80638	-0.5884659999999999	0.0	-0.99239	0.016654	-0.12200599999999999	0.0	2.40236	1.19926	0.464449	0.352089	
3	0.397907	0.631929	-0.665083	0.0	0.554921	0.41151000000000004	0.722996	0.0	0.7305699999999999	-0.656754	-0.186928	0.0	-3.8980099999999998	-1.34286	-0.9686819999999999	0.305684	0.108856	0.588618	-0.801049	0.0	0.05733200000000001	-0.808214	-0.5860920000000001	0.0	-0.992403	0.017874	-0.121726	0.0	2.4022799999999997	1.19869	0.463783	0.351988	
3	0.400255	0.627625	-0.667745	0.0	0.552975	0.415637	0.722125	0.0	0.730763	-0.65828	-0.1807	0.0	-3.8642	-1.35435	-0.963889	0.30643400000000004	0.102624	0.587741	-0.8025140000000001	0.0	0.056785	-0.8089189999999999	-0.585171	0.0	-0.9930979999999999	0.0144821	-0.11639000000000001	0.0	2.39613	1.19087	0.494943	0.352014	
3	0.399789	0.628186	-0.667497	0.0	0.551506	0.41680500000000004	0.722576	0.0	0.7321270000000001	-0.6570060000000001	-0.179814	0.0	-3.8272199999999996	-1.3636	-0.9606879999999999	0.306532	0.10056699999999999	0.587641	-0.802848	0.0	0.05795830000000001	-0.809029	-0.584905	0.0	-0.993241	0.0122906	-0.11542100000000001	0.0	2.39281	1.19181	0.509898	0.351956	
3	0.399903	0.6281869999999999	-0.6674260000000001	0.0	0.5502779999999999	0.417792	0.722941	0.0	0.732988	-0.656377	-0.178602	0.0	-3.81227	-1.36827	-0.956374	0.306487	0.100365	0.588928	-0.80193	0.0	0.059175900000000003	-0.808106	-0.5860569999999999	0.0	-0.99319	0.0113645	-0.11595599999999999	0.0	2.39338	1.1881700000000002	0.5060180000000001	0.35184699999999997	
3	0.401434	0.6270020000000001	-0.667622	0.0	0.550346	0.41752799999999995	0.723042	0.0	0.7321	-0.657676	-0.177458	0.0	-3.8018400000000003	-1.37086	-0.955836	0.30630999999999997	0.10044	0.589805	-0.801275	0.0	0.0594511	-0.807467	-0.58691	0.0	-0.993165	0.011312799999999998	-0.116167	0.0	2.3932599999999997	1.1819899999999999	0.49809	0.352075	
3	0.402116	0.625953	-0.668195	0.0	0.551721	0.416761	0.722436	0.0	0.730689	-0.6591600000000001	-0.177766	0.0	-3.7984699999999996	-1.3709200000000001	-0.954574	0.306305	0.100095	0.590379	-0.800896	0.0	0.0597814	-0.807053	-0.587446	0.0	-0.99318	0.010921799999999999	-0.116076	0.0	2.39431	1.17775	0.49276000000000003	0.35193	
3	0.401999	0.624714	-0.669424	0.0	0.5529109999999999	0.417137	0.721308	0.0	0.729853	-0.660098	-0.177723	0.0	-3.80515	-1.37296	-0.9377969999999999	0.306259	0.0998872	0.591657	-0.799978	0.0	0.0608654	-0.806126	-0.588605	0.0	-0.993136	0.010103200000000001	-0.116533	0.0	2.39488	1.17109	0.484183	0.351998	
3	0.400928	0.623562	-0.671139	0.0	0.551874	0.420353	0.7202350000000001	0.0	0.731226	-0.659147	-0.175596	0.0	-3.80953	-1.38463	-0.8842959999999999	0.30675	0.09912560000000001	0.591629	-0.800093	0.0	0.061482100000000005	-0.8061590000000001	-0.588497	0.0	-0.993174	0.00914368	-0.11628599999999999	0.0	2.39431	1.16857	0.497961	0.351933	
3	0.399453	0.623004	-0.672535	0.0	0.5499729999999999	0.42408	0.719504	0.0	0.733463	-0.657284	-0.173235	0.0	-3.80189	-1.39288	-0.860819	0.30656100000000003	0.0971721	0.591629	-0.800333	0.0	0.0620836	-0.806176	-0.58841	0.0	-0.9933290000000001	0.0074895	-0.115068	0.0	2.39316	1.165	0.49796999999999997	0.351862	
3	0.398528	0.6191439999999999	-0.676635	0.0	0.549715	0.42930100000000004	0.716599	0.0	0.734158	-0.657542	-0.169264	0.0	-3.78735	-1.4018	-0.8424709999999999	0.306397	0.0962278	0.5949	-0.7980189999999999	0.0	0.0642133	-0.80378	-0.5914520000000001	0.0	-0.9932860000000001	0.00567076	-0.115547	0.0	2.39466	1.15904	0.492914	0.352009	
3	0.395335	0.613279	-0.683813	0.0	0.549477	0.438666	0.7110890000000001	0.0	0.736061	-0.656857	-0.16356199999999999	0.0	-3.7756	-1.41196	-0.82401	0.304173	0.0968294	0.599345	-0.794613	0.0	0.0654627	-0.800471	-0.5957859999999999	0.0	-0.9931459999999999	0.0056721	-0.116744	0.0	2.39702	1.1421700000000001	0.516745	0.351891	
3	0.39155300000000004	0.601534	-0.696307	0.0	0.5529729999999999	0.45101199999999997	0.7005779999999999	0.0	0.735464	-0.659353	-0.15603699999999998	0.0	-3.76965	-1.4396	-0.7080489999999999	0.293794	0.0941774	0.600902	-0.793755	0.0	0.068232	-0.79932	-0.597019	0.0	-0.993215	0.00206625	-0.116279	0.0	2.39779	1.10355	0.523746	0.352073	
3	0.360956	0.603934	-0.710615	0.0	0.557141	0.471413	0.6836409999999999	0.0	0.7478670000000001	-0.642677	-0.16631700000000002	0.0	-3.77843	-1.45329	-0.609236	0.281725	0.09280010000000001	0.60429	-0.791342	0.0	0.0716787	-0.796764	-0.600024	0.0	-0.993101	-0.00104001	-0.117255	0.0	2.39867	1.07774	0.534251	0.352065	
3	0.318427	0.617013	-0.7196520000000001	0.0	0.553186	0.495546	0.6696409999999999	0.0	0.769798	-0.611333	-0.183528	0.0	-3.8318800000000004	-1.45331	-0.532049	0.273011	0.0908194	0.6130770000000001	-0.784786	0.0	0.0747568	-0.7900159999999999	-0.6085119999999999	0.0	-0.993058	-0.00340337	-0.11758099999999999	0.0	2.39948	1.04818	0.529085	0.35217	
3	0.30380799999999997	0.623594	-0.7203	0.0	0.553221	0.500052	0.666254	0.0	0.775659	-0.6008979999999999	-0.19306500000000001	0.0	-3.87261	-1.45869	-0.41245	0.269443	0.08919160000000001	0.620088	-0.779446	0.0	0.0789191	-0.784504	-0.615081	0.0	-0.992883	-0.0066531	-0.11890799999999999	0.0	2.40751	1.0025700000000002	0.510785	0.352095	
3	0.305368	0.625175	-0.718266	0.0	0.5539569999999999	0.496892	0.6680050000000001	0.0	0.774521	-0.601875	-0.19458499999999998	0.0	-3.90766	-1.45517	-0.376775	0.283567	0.09081080000000001	0.624362	-0.7758390000000001	0.0	0.07830269999999999	-0.781123	-0.619449	0.0	-0.992785	-0.00449762	-0.119824	0.0	2.41509	0.985712	0.505258	0.352472	
3	0.307589	0.632282	-0.7110609999999999	0.0	0.5537979999999999	0.488721	0.674136	0.0	0.773755	-0.601141	-0.19983099999999998	0.0	-3.9160699999999995	-1.44549	-0.39918899999999996	0.299527	0.0907268	0.629694	-0.7715270000000001	0.0	0.0785685	-0.776834	-0.624786	0.0	-0.992772	-0.00393283	-0.11995399999999999	0.0	2.41737	0.981232	0.500171	0.352634	
3	0.313173	0.6245	-0.715488	0.0	0.5648529999999999	0.483158	0.668954	0.0	0.763455	-0.613644	-0.201439	0.0	-3.96695	-1.41874	-0.48358500000000004	0.305753	0.0864422	0.635799	-0.766999	0.0	0.0863177	-0.7717649999999999	-0.630022	0.0	-0.99251	-0.011745100000000001	-0.12159400000000001	0.0	2.41382	0.9594520000000001	0.49398800000000004	0.35273699999999997	
3	0.301321	0.633019	-0.713087	0.0	0.5648	0.484046	0.6683560000000001	0.0	0.768249	-0.604142	-0.21167600000000003	0.0	-4.04179	-1.39592	-0.49777	0.303845	0.08084789999999999	0.638057	-0.765733	0.0	0.0967442	-0.769644	-0.631101	0.0	-0.9920200000000001	-0.023056999999999998	-0.123953	0.0	2.41295	0.8976139999999999	0.490124	0.352653	
3	0.299356	0.641069	-0.7066939999999999	0.0	0.553823	0.486375	0.67581	0.0	0.7769590000000001	-0.593691	-0.20944000000000002	0.0	-3.9960000000000004	-1.40658	-0.519898	0.30474	0.0778403	0.634319	-0.769143	0.0	0.0987318	-0.772596	-0.627175	0.0	-0.992065	-0.0271193	-0.122767	0.0	2.39971	0.860361	0.538611	0.352546	
3	0.296638	0.634146	-0.7140479999999999	0.0	0.556793	0.492623	0.668808	0.0	0.775878	-0.595971	-0.20695700000000003	0.0	-3.9862800000000003	-1.40897	-0.5196890000000001	0.305246	0.0761755	0.633342	-0.7701140000000001	0.0	0.0956059	-0.773439	-0.6266189999999999	0.0	-0.9925	-0.0258943	-0.119468	0.0	2.39748	0.856757	0.548826	0.352607	
3	0.296435	0.633004	-0.715145	0.0	0.556764	0.493859	0.66792	0.0	0.775977	-0.596162	-0.20603600000000002	0.0	-3.9851099999999997	-1.4088200000000002	-0.521017	0.305789	0.07562510000000001	0.6341640000000001	-0.769491	0.0	0.0959989	-0.7727470000000001	-0.627413	0.0	-0.992504	-0.026422199999999996	-0.11931800000000001	0.0	2.3978	0.855317	0.548492	0.352667	
3	0.315394	0.6296109999999999	-0.710012	0.0	0.559408	0.481019	0.6750430000000001	0.0	0.766544	-0.6100909999999999	-0.200499	0.0	-3.9703800000000005	-1.40636	-0.501322	0.306639	0.07477539999999999	0.6378560000000001	-0.766517	0.0	0.09780069999999999	-0.769654	-0.630926	0.0	-0.9923930000000001	-0.027788099999999996	-0.11993399999999999	0.0	2.3959799999999998	0.8513459999999999	0.548812	0.352595	
3	0.31745999999999996	0.632972	-0.706092	0.0	0.561098	0.47488500000000006	0.677978	0.0	0.7644529999999999	-0.611418	-0.204402	0.0	-3.9734599999999998	-1.39475	-0.5012770000000001	0.312399	0.0748435	0.636476	-0.7676569999999999	0.0	0.0996242	-0.770737	-0.629317	0.0	-0.9922059999999999	-0.0293769	-0.121093	0.0	2.39659	0.854389	0.526997	0.35267	
3	0.316218	0.6344350000000001	-0.705335	0.0	0.563072	0.472854	0.677761	0.0	0.763516	-0.611475	-0.207708	0.0	-3.9746900000000003	-1.3914600000000001	-0.504713	0.31455900000000003	0.07476360000000001	0.639502	-0.765146	0.0	0.0996115	-0.768245	-0.632359	0.0	-0.9922139999999999	-0.028939799999999998	-0.12113900000000001	0.0	2.39804	0.84985	0.5177350000000001	0.35267800000000005	
3	0.315821	0.633301	-0.706531	0.0	0.56308	0.47423999999999994	0.676784	0.0	0.763674	-0.611576	-0.20682399999999998	0.0	-3.99724	-1.38602	-0.509251	0.316905	0.0720609	0.637157	-0.767358	0.0	0.10000099999999999	-0.770097	-0.630041	0.0	-0.992375	-0.0313352	-0.11921099999999998	0.0	2.39919	0.833512	0.508333	0.352594	
3	0.313654	0.636259	-0.704838	0.0	0.558856	0.47641700000000003	0.678754	0.0	0.76766	-0.606797	-0.20614699999999997	0.0	-3.98541	-1.3893	-0.51674	0.320189	0.07144299999999999	0.6339279999999999	-0.770085	0.0	0.0997449	-0.772729	-0.62685	0.0	-0.992445	-0.032027999999999994	-0.11843699999999999	0.0	2.3974599999999997	0.849873	0.48683000000000004	0.352524	
3	0.313372	0.639722	-0.7018220000000001	0.0	0.555398	0.47600299999999995	0.681876	0.0	0.77028	-0.603471	-0.206134	0.0	-3.9662800000000002	-1.39225	-0.526134	0.32163	0.07154210000000001	0.633916	-0.7700859999999999	0.0	0.100271	-0.772724	-0.626772	0.0	-0.9923850000000001	-0.032376499999999996	-0.11884600000000001	0.0	2.39571	0.8541270000000001	0.471797	0.352487	
3	0.316629	0.637662	-0.702235	0.0	0.553313	0.477157	0.682763	0.0	0.7704479999999999	-0.604739	-0.201745	0.0	-3.9491699999999996	-1.39916	-0.521242	0.32761799999999996	0.0730206	0.630514	-0.7727350000000001	0.0	0.09709960000000001	-0.775618	-0.62369	0.0	-0.9925930000000001	-0.02949	-0.11785899999999999	0.0	2.3952400000000003	0.8684370000000001	0.45204799999999995	0.35243	
3	0.315635	0.637722	-0.702627	0.0	0.556149	0.475628	0.681525	0.0	0.768813	-0.605879	-0.204543	0.0	-3.9582300000000004	-1.39506	-0.52081	0.331104	0.0728328	0.6302180000000001	-0.772995	0.0	0.09408419999999999	-0.775939	-0.623753	0.0	-0.9928969999999999	-0.0272969	-0.115807	0.0	2.38826	0.883465	0.44512799999999997	0.35247	
3	0.31233299999999997	0.633319	-0.708064	0.0	0.556268	0.48227600000000004	0.67674	0.0	0.7700739999999999	-0.6052420000000001	-0.201664	0.0	-3.9622699999999997	-1.3968399999999999	-0.516029	0.331398	0.0724173	0.6282369999999999	-0.774645	0.0	0.0937	-0.7775350000000001	-0.6218199999999999	0.0	-0.9929629999999999	-0.0275536	-0.115173	0.0	2.38123	0.886065	0.447085	0.352567	
3	0.31254899999999997	0.631908	-0.709229	0.0	0.5552739999999999	0.484241	0.6761520000000001	0.0	0.770703	-0.605147	-0.199533	0.0	-3.95497	-1.39842	-0.512784	0.331407	0.0717448	0.62858	-0.774429	0.0	0.094486	-0.777221	-0.622093	0.0	-0.9929379999999999	-0.0285407	-0.11515399999999999	0.0	2.37679	0.877036	0.45222299999999993	0.352623	
3	0.314213	0.6326890000000001	-0.707796	0.0	0.553462	0.48367	0.678044	0.0	0.7713300000000001	-0.604789	-0.198194	0.0	-3.94536	-1.39995	-0.500628	0.331335	0.0713948	0.6285350000000001	-0.774497	0.0	0.0987708	-0.777118	-0.621557	0.0	-0.9925459999999999	-0.0321218	-0.11756300000000001	0.0	2.3875599999999997	0.8680479999999999	0.453933	0.352385	
3	0.31448400000000004	0.630158	-0.7099310000000001	0.0	0.555308	0.484432	0.675987	0.0	0.769892	-0.606817	-0.19758499999999998	0.0	-3.9462699999999997	-1.40002	-0.49663	0.331232	0.07242380000000001	0.624583	-0.777593	0.0	0.0979877	-0.780325	-0.6176510000000001	0.0	-0.992549	-0.0314618	-0.11771600000000002	0.0	2.39109	0.875576	0.467767	0.35237199999999996	
3	0.31375	0.625746	-0.714145	0.0	0.555476	0.489025	0.672533	0.0	0.77007	-0.607698	-0.194156	0.0	-3.95247	-1.39782	-0.504115	0.33106199999999997	0.0719364	0.6207050000000001	-0.780737	0.0	0.0954562	-0.783456	-0.6140720000000001	0.0	-0.9928309999999999	-0.030352099999999996	-0.11560899999999999	0.0	2.39115	0.8829309999999999	0.489516	0.3524	
3	0.314854	0.6257510000000001	-0.713655	0.0	0.555964	0.487813	0.67301	0.0	0.769266	-0.608666	-0.194305	0.0	-3.93665	-1.39133	-0.502252	0.331525	0.0714282	0.6221949999999999	-0.779597	0.0	0.0956169	-0.782265	-0.615564	0.0	-0.9928520000000001	-0.030574	-0.11536800000000001	0.0	2.38591	0.88376	0.498832	0.35235700000000003	
3	0.313209	0.624529	-0.715447	0.0	0.5554479999999999	0.49059300000000006	0.6714140000000001	0.0	0.77031	-0.607686	-0.193235	0.0	-3.9314	-1.3906	-0.495465	0.33164699999999997	0.0713177	0.622442	-0.77941	0.0	0.0967439	-0.782032	-0.615684	0.0	-0.992751	-0.031493900000000005	-0.11599000000000001	0.0	2.38499	0.8796229999999999	0.49870600000000004	0.352302	
3	0.31559899999999996	0.622059	-0.716548	0.0	0.555591	0.49102399999999996	0.67098	0.0	0.769231	-0.6098680000000001	-0.190644	0.0	-3.91384	-1.38877	-0.47437700000000005	0.332916	0.07161519999999999	0.620653	-0.780808	0.0	0.09798369999999999	-0.783409	-0.613734	0.0	-0.992608	-0.0325538	-0.11691800000000001	0.0	2.39149	0.881452	0.500607	0.352007	
3	0.311449	0.6215310000000001	-0.718817	0.0	0.556054	0.49421099999999996	0.668251	0.0	0.770586	-0.607827	-0.191683	0.0	-3.91318	-1.3762	-0.509121	0.33466	0.0718549	0.619607	-0.781617	0.0	0.0977589	-0.7842439999999999	-0.612703	0.0	-0.992613	-0.0323842	-0.116924	0.0	2.3898	0.885793	0.5117189999999999	0.350412	
3	0.30989099999999997	0.6222449999999999	-0.718873	0.0	0.555767	0.494914	0.66797	0.0	0.771421	-0.606524	-0.192454	0.0	-3.90887	-1.36889	-0.521497	0.33489800000000003	0.0711528	0.620171	-0.781233	0.0	0.0983488	-0.783764	-0.613222	0.0	-0.992605	-0.0332008	-0.11675999999999999	0.0	2.3907599999999998	0.8798030000000001	0.521939	0.350263	
3	0.308568	0.6244109999999999	-0.7175630000000001	0.0	0.554682	0.49471400000000004	0.669018	0.0	0.7727310000000001	-0.604457	-0.193697	0.0	-3.9055199999999997	-1.36614	-0.5181939999999999	0.3353	0.0709549	0.621101	-0.780512	0.0	0.0989919	-0.7830060000000001	-0.6140869999999999	0.0	-0.992555	-0.033691900000000004	-0.11704200000000001	0.0	2.39174	0.8760399999999999	0.509753	0.350157	
3	0.310254	0.6233989999999999	-0.717716	0.0	0.5551689999999999	0.49404499999999996	0.66911	0.0	0.771706	-0.6060479999999999	-0.19281199999999998	0.0	-3.90456	-1.36666	-0.516339	0.335396	0.0711582	0.6215729999999999	-0.7801170000000001	0.0	0.0991112	-0.782636	-0.6145390000000001	0.0	-0.9925290000000001	-0.0335888	-0.117296	0.0	2.39155	0.8738879999999999	0.506444	0.350211	
3	0.308935	0.623222	-0.718439	0.0	0.555879	0.49461700000000003	0.668097	0.0	0.771724	-0.605763	-0.193632	0.0	-3.90401	-1.36531	-0.501125	0.335517	0.0711783	0.622222	-0.7795989999999999	0.0	0.0990903	-0.782126	-0.615192	0.0	-0.9925299999999999	-0.03346230000000001	-0.117327	0.0	2.3951599999999997	0.872302	0.503768	0.35015	
3	0.30853400000000003	0.62378	-0.718126	0.0	0.556033	0.49426899999999996	0.668226	0.0	0.771774	-0.605472	-0.19434300000000002	0.0	-3.8993300000000004	-1.36485	-0.49916400000000005	0.33564	0.0710304	0.622184	-0.7796420000000001	0.0	0.0991817	-0.782148	-0.6151479999999999	0.0	-0.9925309999999999	-0.033632	-0.11726600000000001	0.0	2.39562	0.87161	0.505529	0.350221	
3	0.307041	0.624877	-0.717812	0.0	0.5543359999999999	0.495662	0.668604	0.0	0.773588	-0.6031979999999999	-0.194203	0.0	-3.89592	-1.36487	-0.498841	0.336165	0.0709178	0.620366	-0.7811	0.0	0.09973760000000001	-0.783557	-0.613262	0.0	-0.992483	-0.0344138	-0.117442	0.0	2.3937	0.878085	0.535474	0.350084	
3	0.307044	0.62563	-0.717155	0.0	0.5541699999999999	0.49508800000000003	0.669167	0.0	0.773705	-0.602889	-0.194691	0.0	-3.8982099999999997	-1.36455	-0.49726400000000004	0.33679499999999996	0.0709791	0.620538	-0.780958	0.0	0.0997418	-0.783424	-0.613432	0.0	-0.9924790000000001	-0.0343532	-0.1175	0.0	2.3946099999999997	0.881968	0.5390689999999999	0.350113	
3	0.30687800000000004	0.625835	-0.717047	0.0	0.554268	0.49494	0.669194	0.0	0.773701	-0.602797	-0.194994	0.0	-3.8982699999999997	-1.3639700000000001	-0.49845600000000007	0.336906	0.0710814	0.620628	-0.780877	0.0	0.0997784	-0.783354	-0.6135149999999999	0.0	-0.992467	-0.0343051	-0.11760699999999999	0.0	2.39549	0.8821190000000001	0.539874	0.350159	
3	0.30689299999999997	0.6258319999999999	-0.717043	0.0	0.554258	0.49494	0.669203	0.0	0.773702	-0.602801	-0.19497899999999999	0.0	-3.8969300000000002	-1.36399	-0.500219	0.33687399999999995	0.0711253	0.6206109999999999	-0.780886	0.0	0.0997543	-0.78337	-0.613499	0.0	-0.992467	-0.034261400000000004	-0.117626	0.0	2.3953599999999997	0.8816209999999999	0.539141	0.35015100000000005	
3	0.30689299999999997	0.6258319999999999	-0.717043	0.0	0.554258	0.49494	0.669203	0.0	0.773701	-0.602801	-0.19497899999999999	0.0	-3.8969300000000002	-1.36399	-0.500217	0.336873	0.0711253	0.6206109999999999	-0.780886	0.0	0.09975419999999999	-0.78337	-0.613499	0.0	-0.992467	-0.034261400000000004	-0.117626	0.0	2.3953599999999997	0.8816209999999999	0.539141	0.35015100000000005	
3	0.30689299999999997	0.6258319999999999	-0.717043	0.0	0.554258	0.49494	0.669203	0.0	0.773701	-0.602801	-0.19497899999999999	0.0	-3.8969300000000002	-1.36399	-0.500217	0.336873	0.0711253	0.6206109999999999	-0.780886	0.0	0.09975419999999999	-0.78337	-0.613499	0.0	-0.992467	-0.03426130000000001	-0.117626	0.0	2.3953599999999997	0.8816200000000001	0.539141	0.35015100000000005	
3	0.30689299999999997	0.6258319999999999	-0.717043	0.0	0.554258	0.49494	0.669203	0.0	0.773701	-0.602801	-0.19497899999999999	0.0	-3.8969300000000002	-1.36399	-0.500218	0.336873	0.0711253	0.6206109999999999	-0.780886	0.0	0.09975419999999999	-0.78337	-0.613499	0.0	-0.992467	-0.03426130000000001	-0.117626	0.0	2.3953599999999997	0.8816200000000001	0.539141	0.35015100000000005	
3	0.30689299999999997	0.6258319999999999	-0.717043	0.0	0.554258	0.49494	0.669203	0.0	0.773701	-0.602801	-0.19497899999999999	0.0	-3.8969300000000002	-1.36399	-0.500218	0.336873	0.0711253	0.6206109999999999	-0.780886	0.0	0.09975419999999999	-0.78337	-0.613499	0.0	-0.992467	-0.03426130000000001	-0.117626	0.0	2.3953599999999997	0.8816200000000001	0.539141	0.35015100000000005	
3	0.30689299999999997	0.6258319999999999	-0.717043	0.0	0.554258	0.49494	0.669203	0.0	0.773701	-0.602801	-0.19497899999999999	0.0	-3.8969300000000002	-1.36399	-0.500218	0.336873	0.0711253	0.6206109999999999	-0.780886	0.0	0.09975419999999999	-0.78337	-0.613499	0.0	-0.992467	-0.03426130000000001	-0.117626	0.0	2.3953599999999997	0.8816209999999999	0.539141	0.35015100000000005	
3	0.30689299999999997	0.6258319999999999	-0.717043	0.0	0.554258	0.49494	0.669203	0.0	0.773701	-0.602801	-0.19497899999999999	0.0	-3.8969300000000002	-1.36399	-0.500217	0.336873	0.0711253	0.6206109999999999	-0.780886	0.0	0.09975419999999999	-0.78337	-0.613499	0.0	-0.992467	-0.03426130000000001	-0.117626	0.0	2.3953599999999997	0.8816209999999999	0.539141	0.35015100000000005	
3	0.30689299999999997	0.6258319999999999	-0.717043	0.0	0.554258	0.49494	0.669203	0.0	0.773701	-0.602801	-0.19497899999999999	0.0	-3.8969300000000002	-1.36399	-0.500217	0.336873	0.0711253	0.6206109999999999	-0.780886	0.0	0.09975419999999999	-0.78337	-0.613499	0.0	-0.992467	-0.03426130000000001	-0.117626	0.0	2.3953599999999997	0.8816209999999999	0.539141	0.35015100000000005	
