0	0.11506199999999998	0.77203	-0.625085	0.0	0.157195	0.6071840000000001	0.778856	0.0	0.980842	-0.187877	-0.0514951	0.0	-2.7625	1.91008	1.20377	0.0	-0.11863	0.8904610000000001	-0.439324	0.0	0.031595599999999995	-0.43883900000000003	-0.8980100000000001	0.0	-0.9924360000000001	-0.12041099999999999	0.0239247	0.0	2.66195	1.92877	1.3670799999999999	0.0	
0	0.0932376	0.783269	-0.6146520000000001	0.0	0.168227	0.596072	0.7851100000000001	0.0	0.9813290000000001	-0.176603	-0.0761905	0.0	-2.77347	1.86926	1.0153299999999998	0.0	-0.09695880000000001	0.870251	-0.482972	0.0	0.031554900000000004	-0.48232700000000006	-0.875423	0.0	-0.9947879999999999	-0.10012	0.0193049	0.0	2.63174	1.89615	1.25272	0.0	
0	-0.004108	0.758182	-0.65203	0.0	0.164149	0.643702	0.747464	0.0	0.986427	-0.10396	-0.127099	0.0	-2.74533	1.88868	0.805304	0.10213	-0.07006060000000001	0.8559450000000001	-0.512299	0.0	-0.00691912	-0.513966	-0.857783	0.0	-0.997519	-0.056552099999999994	0.041931199999999995	0.0	2.5951	1.8716599999999999	1.14193	0.0	
0	-0.04952619999999999	0.745988	-0.664115	0.0	0.15548599999999999	0.662583	0.732672	0.0	0.9865959999999999	-0.06697410000000001	-0.148806	0.0	-2.62768	1.93809	0.702383	0.350698	-0.047486900000000005	0.8608120000000001	-0.506704	0.0	-0.011060500000000001	-0.507698	-0.8614639999999999	0.0	-0.998811	-0.0353038	0.0336298	0.0	2.57875	1.8810900000000002	1.05334	0.329755	
0	-0.0541822	0.7490979999999999	-0.660239	0.0	0.163392	0.65895	0.734226	0.0	0.985072	-0.06809580000000001	-0.1581	0.0	-2.57105	1.9567599999999998	0.673763	0.34965300000000005	-0.0494825	0.860417	-0.507182	0.0	-0.032881400000000005	-0.508933	-0.8601780000000001	0.0	-0.9982340000000001	-0.025886900000000004	0.053474900000000006	0.0	2.49059	1.8638599999999999	0.9960200000000001	0.352875	
0	-0.012189100000000001	0.736747	-0.676059	0.0	0.17793499999999998	0.666916	0.723576	0.0	0.983967	-0.111475	-0.139222	0.0	-2.55127	1.96022	0.711322	0.23838099999999998	-0.05791759999999999	0.854276	-0.516583	0.0	-0.0486272	-0.519251	-0.8532370000000001	0.0	-0.997136	-0.0242974	0.07161469999999999	0.0	2.45648	1.8468799999999999	0.9716020000000001	0.30841	
0	0.0240215	0.735448	-0.6771560000000001	0.0	0.23011399999999999	0.655095	0.719651	0.0	0.972867	-0.17310999999999999	-0.1535	0.0	-2.66945	1.90999	0.688997	0.0	-0.06464980000000001	0.8572379999999999	-0.510845	0.0	-0.04485019999999999	-0.513895	-0.8566799999999999	0.0	-0.9969	-0.0324726	0.0716704	0.0	2.46389	1.81555	0.9424319999999999	0.0	
0	-0.0288202	0.698959	-0.714581	0.0	0.193072	0.705308	0.682103	0.0	0.9807610000000001	-0.118307	-0.155276	0.0	-2.73369	1.9065299999999998	0.643463	0.00034526699999999996	-0.038269300000000006	0.8449559999999999	-0.533465	0.0	-0.04108	-0.5347350000000001	-0.8440209999999999	0.0	-0.998423	-0.0103853	0.05517469999999999	0.0	2.4760400000000002	1.81214	0.8708	0.0	
0	-0.14771700000000001	0.610403	-0.778196	0.0	0.09755950000000001	0.791983	0.602698	0.0	0.9842059999999999	0.013108199999999999	-0.17654	0.0	-2.7357400000000003	1.99301	0.578376	0.0	0.0336716	0.798329	-0.60128	0.0	-0.078929	-0.597618	-0.797886	0.0	-0.9963120000000001	0.0743246	0.0428884	0.0	2.47015	1.83915	0.7565350000000001	0.0	
0	-0.259262	0.553309	-0.791601	0.0	0.0661152	0.8278709999999999	0.557008	0.0	0.963541	0.09207389999999999	-0.251217	0.0	-2.71775	2.11062	0.488229	0.35673699999999997	0.113659	0.766735	-0.631822	0.0	-0.09789919999999999	-0.624205	-0.775103	0.0	-0.988685	0.149952	0.004116300000000001	0.0	2.4878099999999996	1.9213200000000001	0.6436529999999999	0.16259500000000002	
0	-0.280025	0.559172	-0.780328	0.0	0.0501246	0.820256	0.569796	0.0	0.958683	0.12044400000000001	-0.257721	0.0	-2.64526	2.1374299999999997	0.45343500000000003	0.35213099999999997	0.185557	0.734383	-0.652878	0.0	-0.0950698	-0.647883	-0.755784	0.0	-0.978024	0.20231	-0.0504013	0.0	2.48758	1.982	0.498586	0.33734899999999995	
0	-0.281006	0.6129439999999999	-0.738468	0.0	0.0881578	0.782706	0.616116	0.0	0.955649	0.10803	-0.273981	0.0	-2.63689	2.11147	0.43439099999999997	0.351655	0.18845499999999998	0.74598	-0.638748	0.0	-0.11520799999999999	-0.6291180000000001	-0.768725	0.0	-0.975301	0.21845900000000001	-0.032617400000000005	0.0	2.47885	1.94655	0.43094899999999997	0.355002	
0	-0.278609	0.64474	-0.71182	0.0	0.11965899999999999	0.758695	0.640363	0.0	0.9529209999999999	0.093235	-0.288528	0.0	-2.65421	2.0301099999999996	0.39060100000000003	0.351419	0.224793	0.7701479999999999	-0.596942	0.0	-0.128103	-0.583946	-0.8016220000000001	0.0	-0.965949	0.256669	-0.0326089	0.0	2.48712	1.90973	0.36009800000000003	0.352079	
0	-0.280085	0.6608109999999999	-0.696334	0.0	0.132899	0.745073	0.653608	0.0	0.950731	0.09052389999999999	-0.296505	0.0	-2.73263	1.9398900000000001	0.347746	0.351013	0.294116	0.682639	-0.668954	0.0	-0.21507199999999999	-0.634691	-0.7422340000000001	0.0	-0.931257	0.36217699999999997	-0.0398565	0.0	2.4891099999999997	1.9344700000000001	0.207722	0.332794	
0	-0.284934	0.66115	-0.694041	0.0	0.13814300000000002	0.7448199999999999	0.652809	0.0	0.948541	0.09013020000000001	-0.303558	0.0	-2.7768599999999997	1.87254	0.328546	0.350512	0.349826	0.536632	-0.767885	0.0	-0.303477	-0.710561	-0.634827	0.0	-0.8862979999999999	0.45511499999999994	-0.0857171	0.0	2.4999	1.98063	0.0832196	0.30858	
0	-0.275654	0.6615850000000001	-0.6973659999999999	0.0	0.15048399999999998	0.746229	0.648458	0.0	0.9494049999999999	0.0738079	-0.305259	0.0	-2.80152	1.7694900000000002	0.32179	0.35084	0.394283	0.306869	-0.86624	0.0	-0.38049	-0.803504	-0.45783	0.0	-0.836521	0.510111	-0.200047	0.0	2.5235	2.1099200000000002	-0.06247130000000001	0.287481	
0	-0.260355	0.6643439999999999	-0.700615	0.0	0.16819800000000001	0.745753	0.644641	0.0	0.95075	0.049993300000000004	-0.305902	0.0	-2.7768200000000003	1.7001400000000002	0.324692	0.351675	0.39884400000000003	0.30790100000000004	-0.863783	0.0	-0.378533	-0.802673	-0.460901	0.0	-0.835247	0.510798	-0.20359100000000002	0.0	2.52597	2.0716099999999997	-0.084638	0.284469	
0	-0.217414	0.703001	-0.677142	0.0	0.20245	0.711128	0.673283	0.0	0.9548530000000001	0.00929356	-0.29693200000000003	0.0	-2.73329	1.55376	0.34763	0.35231799999999996	0.45287200000000005	0.419808	-0.786555	0.0	-0.31256100000000003	-0.751463	-0.581041	0.0	-0.834993	0.508983	-0.209101	0.0	2.52177	1.97157	-0.109226	0.293614	
0	-0.192982	0.7217	-0.6647609999999999	0.0	0.218727	0.69209	0.687873	0.0	0.956513	-0.012654	-0.291417	0.0	-2.7073099999999997	1.4748700000000001	0.37830199999999997	0.352483	0.418548	0.542863	-0.7280909999999999	0.0	-0.271378	-0.6903060000000001	-0.6706949999999999	0.0	-0.8667020000000001	0.47830600000000006	-0.141605	0.0	2.49585	1.8608900000000002	-0.050306699999999996	0.305299	
0	-0.169497	0.740085	-0.650803	0.0	0.242088	0.671391	0.700448	0.0	0.955335	-0.0388273	-0.29296500000000003	0.0	-2.71975	1.40593	0.362913	0.35284699999999997	0.380389	0.55379	-0.74069	0.0	-0.279016	-0.694858	-0.662814	0.0	-0.881734	0.45879200000000003	-0.1098	0.0	2.52852	1.80919	-0.0054043	0.306631	
0	-0.145371	0.7100310000000001	-0.689002	0.0	0.26068800000000003	0.699279	0.66562	0.0	0.9544159999999999	-0.0828528	-0.286752	0.0	-2.74402	1.33713	0.397631	0.352619	0.33682399999999996	0.347649	-0.8750370000000001	0.0	-0.365843	-0.808001	-0.461838	0.0	-0.8675879999999999	0.475684	-0.14496900000000001	0.0	2.5367	1.8395099999999998	0.00678373	0.293752	
0	-0.0276262	0.606169	-0.794856	0.0	0.392484	0.7378819999999999	0.549079	0.0	0.919344	-0.296799	-0.258296	0.0	-2.80225	0.930068	0.531434	0.35391999999999996	0.43597600000000003	0.0248055	-0.899616	0.0	-0.498072	-0.8259219999999999	-0.264152	0.0	-0.749566	0.563238	-0.34772800000000004	0.0	2.61008	2.01808	-0.281604	0.288508	
0	0.06788989999999999	0.58899	-0.805284	0.0	0.46263999999999994	0.6965359999999999	0.548454	0.0	0.883943	-0.40979099999999996	-0.22520199999999999	0.0	-2.89138	0.613155	0.559773	0.353194	0.44250200000000006	0.129484	-0.8873700000000001	0.0	-0.43549499999999997	-0.8339770000000001	-0.33886	0.0	-0.7839229999999999	0.536392	-0.31264699999999995	0.0	2.60328	1.9576200000000001	-0.21871100000000002	0.290763	
0	0.15718800000000002	0.593126	-0.789616	0.0	0.529849	0.624085	0.574263	0.0	0.833398	-0.508644	-0.21616799999999997	0.0	-3.0215099999999997	0.33293	0.56306	0.352351	0.382982	0.295095	-0.875353	0.0	-0.313002	-0.850093	-0.423523	0.0	-0.8691110000000001	0.43618900000000005	-0.233206	0.0	2.5636400000000004	1.7541900000000001	-0.0871503	0.31296599999999997	
0	0.23414200000000002	0.586968	-0.775014	0.0	0.566283	0.565641	0.599478	0.0	0.790254	-0.57924	-0.19995	0.0	-3.18284	0.0109169	0.511373	0.351923	0.271019	0.440621	-0.8558049999999999	0.0	-0.16535899999999998	-0.8545510000000001	-0.492341	0.0	-0.948264	0.274949	-0.15874000000000002	0.0	2.48972	1.4729	0.137433	0.335974	
0	0.273952	0.5754020000000001	-0.770625	0.0	0.5881689999999999	0.53373	0.60761	0.0	0.760926	-0.619714	-0.192217	0.0	-3.3208599999999997	-0.140951	0.4178	0.35129099999999996	0.257448	0.45755	-0.8510979999999999	0.0	-0.11919500000000001	-0.859024	-0.497866	0.0	-0.9589120000000001	0.229621	-0.16661700000000002	0.0	2.45594	1.33276	0.143869	0.336241	
0	0.301636	0.570603	-0.763825	0.0	0.610221	0.5000140000000001	0.614505	0.0	0.732561	-0.651459	-0.197372	0.0	-3.45161	-0.28934299999999996	0.281859	0.351917	0.258809	0.43969300000000006	-0.860051	0.0	-0.112078	-0.870704	-0.47886599999999996	0.0	-0.959404	0.220327	-0.176066	0.0	2.42975	1.2780799999999999	0.12377300000000001	0.338251	
0	0.313213	0.580422	-0.75167	0.0	0.609237	0.48436	0.6278739999999999	0.0	0.728511	-0.654604	-0.201907	0.0	-3.52003	-0.365458	0.190308	0.350894	0.254291	0.432011	-0.865276	0.0	-0.10130499999999999	-0.877866	-0.46806800000000004	0.0	-0.961807	0.206682	-0.17946800000000002	0.0	2.41846	1.2677200000000002	0.13965	0.338958	
0	0.335458	0.586703	-0.737053	0.0	0.63041	0.441583	0.638426	0.0	0.700037	-0.67881	-0.22173099999999998	0.0	-3.5981699999999996	-0.42599	-0.0193318	0.350693	0.261011	0.42995900000000004	-0.864296	0.0	-0.0965972	-0.8792059999999999	-0.46654799999999996	0.0	-0.960491	0.205263	-0.18795	0.0	2.4064900000000002	1.2687899999999999	0.149566	0.339048	
0	0.355285	0.5857020000000001	-0.728509	0.0	0.651726	0.403482	0.642227	0.0	0.670094	-0.702962	-0.238366	0.0	-3.68963	-0.5018090000000001	-0.265153	0.350021	0.26211599999999996	0.423662	-0.867067	0.0	-0.08714329999999999	-0.8844200000000001	-0.458484	0.0	-0.961094	0.195735	-0.194902	0.0	2.3830400000000003	1.2292	0.140854	0.33918200000000004	
0	0.359203	0.587605	-0.7250479999999999	0.0	0.660327	0.388984	0.642386	0.0	0.659501	-0.709516	-0.24828699999999998	0.0	-3.7725699999999995	-0.542079	-0.496604	0.349086	0.261388	0.41998800000000003	-0.869072	0.0	-0.08554099999999999	-0.886753	-0.45426000000000005	0.0	-0.9614360000000001	0.19308	-0.19586099999999998	0.0	2.3700200000000002	1.21248	0.14363399999999998	0.339366	
0	0.363682	0.576883	-0.7313970000000001	0.0	0.671769	0.381522	0.634955	0.0	0.645338	-0.722252	-0.248779	0.0	-3.8144699999999996	-0.582091	-0.685315	0.34676799999999997	0.256021	0.415959	-0.8726010000000001	0.0	-0.0747727	-0.89146	-0.446887	0.0	-0.963775	0.17965899999999999	-0.197131	0.0	2.3597799999999998	1.17334	0.14465	0.339548	
0	0.36801799999999996	0.572738	-0.732485	0.0	0.675437	0.37673	0.6339239999999999	0.0	0.639021	-0.728043	-0.248205	0.0	-3.8021599999999998	-0.613387	-0.758432	0.341361	0.25398899999999996	0.414062	-0.8740950000000001	0.0	-0.0738408	-0.8927930000000001	-0.444375	0.0	-0.964384	0.17740999999999998	-0.196185	0.0	2.3561799999999997	1.1586100000000001	0.163873	0.339316	
0	0.38108000000000003	0.557232	-0.737747	0.0	0.686239	0.364253	0.629599	0.0	0.619559	-0.746199	-0.243585	0.0	-3.75923	-0.758694	-0.9447700000000001	0.331397	0.251338	0.41204700000000005	-0.875812	0.0	-0.0708575	-0.894598	-0.441219	0.0	-0.965302	0.172953	-0.19565	0.0	2.3512	1.13929	0.179085	0.339344	
0	0.362921	0.5471560000000001	-0.75426	0.0	0.682339	0.395202	0.615003	0.0	0.634588	-0.737859	-0.22991799999999998	0.0	-3.71454	-0.8973399999999999	-1.06828	0.332822	0.25103400000000003	0.40971	-0.8769950000000001	0.0	-0.07134460000000001	-0.895711	-0.43887600000000004	0.0	-0.9653450000000001	0.172742	-0.195624	0.0	2.34439	1.1378700000000002	0.197857	0.33931	
0	0.356667	0.5329	-0.7673369999999999	0.0	0.681074	0.413894	0.604012	0.0	0.639474	-0.738045	-0.21532199999999999	0.0	-3.6953	-1.0719	-1.17428	0.3377	0.249552	0.407558	-0.8784200000000001	0.0	-0.0722526	-0.896755	-0.436591	0.0	-0.9656620000000001	0.17242000000000002	-0.19434	0.0	2.33822	1.13855	0.215694	0.339385	
0	0.335548	0.531836	-0.777533	0.0	0.674141	0.440946	0.592538	0.0	0.657983	-0.722992	-0.21057399999999998	0.0	-3.6255900000000003	-1.1939799999999998	-1.24324	0.332778	0.247521	0.40648	-0.8794930000000001	0.0	-0.0691716	-0.8980090000000001	-0.43450500000000003	0.0	-0.96641	0.16838499999999998	-0.194159	0.0	2.33525	1.13422	0.214952	0.339444	
0	0.31746399999999997	0.533988	-0.783628	0.0	0.66486	0.463894	0.5854600000000001	0.0	0.67615	-0.706865	-0.207758	0.0	-3.5017	-1.24377	-1.2859200000000002	0.332349	0.247358	0.405417	-0.8800290000000001	0.0	-0.06907819999999999	-0.8985639999999999	-0.43337200000000003	0.0	-0.966458	0.167989	-0.194262	0.0	2.33255	1.12839	0.21393800000000002	0.339337	
0	0.319307	0.519881	-0.792317	0.0	0.664471	0.473292	0.578337	0.0	0.675664	-0.7111390000000001	-0.19432	0.0	-3.40725	-1.28304	-1.25722	0.332869	0.24323000000000003	0.4027	-0.882424	0.0	-0.0659981	-0.900766	-0.429262	0.0	-0.9677209999999999	0.16264800000000001	-0.19251600000000002	0.0	2.32665	1.11216	0.211222	0.339337	
0	0.316605	0.517814	-0.794751	0.0	0.660547	0.48095600000000005	0.5765060000000001	0.0	0.680763	-0.707496	-0.18976800000000002	0.0	-3.3615800000000005	-1.31569	-1.18072	0.33171999999999996	0.242302	0.402627	-0.882712	0.0	-0.064323	-0.901156	-0.428696	0.0	-0.968066	0.160653	-0.192454	0.0	2.32032	1.09659	0.205783	0.339452	
0	0.316956	0.5193939999999999	-0.7935800000000001	0.0	0.659792	0.48032700000000006	0.577893	0.0	0.6813319999999999	-0.7067640000000001	-0.19045	0.0	-3.3347599999999997	-1.3286	-1.1486299999999998	0.330796	0.242315	0.402165	-0.88292	0.0	-0.0634447	-0.901525	-0.428051	0.0	-0.9681209999999999	0.15974000000000002	-0.192938	0.0	2.31988	1.09471	0.210677	0.339398	
0	0.319651	0.516633	-0.794301	0.0	0.6614760000000001	0.478538	0.5774520000000001	0.0	0.678434	-0.709994	-0.188775	0.0	-3.3435699999999997	-1.33343	-1.12416	0.33107800000000004	0.24257800000000002	0.402059	-0.8828950000000001	0.0	-0.06368099999999999	-0.901516	-0.42803500000000005	0.0	-0.96804	0.160056	-0.193084	0.0	2.3180099999999997	1.0963399999999999	0.21226799999999998	0.33945	
0	0.319929	0.514505	-0.795569	0.0	0.663308	0.477947	0.575837	0.0	0.676511	-0.711935	-0.188367	0.0	-3.34977	-1.3363200000000002	-1.10624	0.331663	0.24245	0.40224699999999997	-0.8828450000000001	0.0	-0.0637435	-0.901425	-0.42821800000000004	0.0	-0.968068	0.160097	-0.19291	0.0	2.31533	1.09095	0.20913	0.339462	
0	0.320846	0.512514	-0.796484	0.0	0.664493	0.47743800000000003	0.574893	0.0	0.674913	-0.7137100000000001	-0.187378	0.0	-3.3628	-1.3392899999999999	-1.0853700000000002	0.33211	0.24106799999999998	0.40120700000000004	-0.8836959999999999	0.0	-0.0627822	-0.9021959999999999	-0.42673199999999994	0.0	-0.968476	0.158352	-0.192302	0.0	2.31835	1.08828	0.205523	0.339586	
0	0.323203	0.511138	-0.796415	0.0	0.665816	0.475221	0.575199	0.0	0.67248	-0.716172	-0.186731	0.0	-3.3749	-1.3405799999999999	-1.06933	0.33234400000000003	0.24128899999999998	0.402817	-0.8829030000000001	0.0	-0.06063060000000001	-0.90175	-0.42798500000000006	0.0	-0.968558	0.156799	-0.193159	0.0	2.31874	1.08879	0.21008400000000002	0.33958	
0	0.323311	0.5102909999999999	-0.7969149999999999	0.0	0.666135	0.47541000000000005	0.574674	0.0	0.672112	-0.716651	-0.186218	0.0	-3.37569	-1.3413	-1.06643	0.332756	0.2412	0.402845	-0.882915	0.0	-0.0605055	-0.9017629999999999	-0.42797399999999997	0.0	-0.9685870000000001	0.156649	-0.193131	0.0	2.31921	1.0898	0.20878899999999997	0.339514	
0	0.323305	0.510306	-0.796908	0.0	0.666129	0.47541000000000005	0.57468	0.0	0.6721199999999999	-0.716641	-0.186227	0.0	-3.3756800000000005	-1.3412899999999999	-1.0665	0.332754	0.241202	0.402834	-0.882919	0.0	-0.0605105	-0.901768	-0.427965	0.0	-0.9685870000000001	0.15665199999999999	-0.193133	0.0	2.3191200000000003	1.08976	0.208921	0.339516	
0	0.323305	0.510306	-0.796908	0.0	0.666129	0.47541000000000005	0.57468	0.0	0.6721199999999999	-0.716641	-0.186227	0.0	-3.3756800000000005	-1.3412899999999999	-1.0665	0.332754	0.241202	0.402835	-0.882919	0.0	-0.0605105	-0.901768	-0.427965	0.0	-0.9685870000000001	0.15665199999999999	-0.193133	0.0	2.3191200000000003	1.08976	0.208921	0.339517	
0	0.323305	0.510306	-0.796908	0.0	0.666129	0.47541000000000005	0.57468	0.0	0.6721199999999999	-0.716641	-0.186227	0.0	-3.3756800000000005	-1.3412899999999999	-1.0665	0.332754	0.241202	0.402834	-0.882919	0.0	-0.060510400000000006	-0.901768	-0.427965	0.0	-0.9685870000000001	0.15665199999999999	-0.193133	0.0	2.3191200000000003	1.08976	0.208921	0.339517	
0	0.323305	0.510306	-0.796908	0.0	0.666129	0.47541000000000005	0.57468	0.0	0.6721199999999999	-0.716641	-0.186227	0.0	-3.3756800000000005	-1.3412899999999999	-1.0665	0.332754	0.241202	0.402834	-0.882919	0.0	-0.0605105	-0.901768	-0.427965	0.0	-0.9685870000000001	0.15665199999999999	-0.193133	0.0	2.31913	1.08976	0.208921	0.339517	
0	0.323305	0.510306	-0.796908	0.0	0.666129	0.47541000000000005	0.57468	0.0	0.6721199999999999	-0.716641	-0.186227	0.0	-3.3756800000000005	-1.3412899999999999	-1.0665	0.332754	0.241202	0.402834	-0.882919	0.0	-0.060510400000000006	-0.901768	-0.427965	0.0	-0.9685870000000001	0.15665199999999999	-0.193133	0.0	2.31913	1.08976	0.208921	0.339517	
0	0.323305	0.510306	-0.796908	0.0	0.666129	0.47541000000000005	0.57468	0.0	0.6721199999999999	-0.716641	-0.186227	0.0	-3.3756800000000005	-1.3412899999999999	-1.0665	0.332754	0.241202	0.402834	-0.882919	0.0	-0.0605105	-0.901768	-0.427965	0.0	-0.9685870000000001	0.15665199999999999	-0.193133	0.0	2.3191200000000003	1.08976	0.208921	0.339517	
0	0.323305	0.510306	-0.796908	0.0	0.666129	0.47541000000000005	0.57468	0.0	0.6721199999999999	-0.716641	-0.186227	0.0	-3.3756800000000005	-1.3412899999999999	-1.0665	0.332754	0.241202	0.402834	-0.882919	0.0	-0.0605105	-0.901767	-0.427965	0.0	-0.9685870000000001	0.15665199999999999	-0.193133	0.0	2.3191200000000003	1.08976	0.20892	0.339517	
0	0.323305	0.510306	-0.796908	0.0	0.666129	0.47541000000000005	0.57468	0.0	0.6721199999999999	-0.716641	-0.186227	0.0	-3.3756800000000005	-1.3412899999999999	-1.0665	0.332754	0.241202	0.402835	-0.882919	0.0	-0.0605105	-0.901768	-0.427965	0.0	-0.9685870000000001	0.15665199999999999	-0.193133	0.0	2.3191200000000003	1.08976	0.208921	0.339517	
0	0.323305	0.510306	-0.796908	0.0	0.666129	0.47541000000000005	0.57468	0.0	0.6721199999999999	-0.716641	-0.186227	0.0	-3.3756800000000005	-1.3412899999999999	-1.0665	0.332754	0.241202	0.402834	-0.882919	0.0	-0.060510400000000006	-0.901768	-0.427965	0.0	-0.9685870000000001	0.15665199999999999	-0.193133	0.0	2.31913	1.08976	0.208921	0.339516	
0	0.323305	0.510306	-0.796908	0.0	0.666129	0.47541000000000005	0.57468	0.0	0.6721199999999999	-0.716641	-0.186227	0.0	-3.3756800000000005	-1.3412899999999999	-1.0665	0.332754	0.241202	0.402834	-0.882919	0.0	-0.060510400000000006	-0.901767	-0.427965	0.0	-0.9685870000000001	0.15665199999999999	-0.193133	0.0	2.3191200000000003	1.08976	0.208921	0.339517	
0	0.323305	0.510306	-0.796908	0.0	0.666129	0.47541000000000005	0.57468	0.0	0.6721199999999999	-0.716641	-0.186227	0.0	-3.3756800000000005	-1.3412899999999999	-1.0665	0.332754	0.241202	0.402834	-0.882919	0.0	-0.060510400000000006	-0.901768	-0.427965	0.0	-0.9685870000000001	0.15665199999999999	-0.193133	0.0	2.31913	1.08976	0.208921	0.339516	
0	0.323305	0.510306	-0.796908	0.0	0.666129	0.47541000000000005	0.57468	0.0	0.6721199999999999	-0.716641	-0.186227	0.0	-3.3756800000000005	-1.3412899999999999	-1.0665	0.332754	0.241202	0.402834	-0.882919	0.0	-0.060510400000000006	-0.901768	-0.427965	0.0	-0.9685870000000001	0.15665199999999999	-0.193133	0.0	2.31913	1.08976	0.208921	0.339516	
0	0.323305	0.510306	-0.796908	0.0	0.666129	0.47541000000000005	0.57468	0.0	0.6721199999999999	-0.716641	-0.186227	0.0	-3.3756800000000005	-1.3412899999999999	-1.0665	0.332754	0.241202	0.402834	-0.882919	0.0	-0.060510400000000006	-0.901767	-0.427965	0.0	-0.9685870000000001	0.15665199999999999	-0.193133	0.0	2.3191200000000003	1.08976	0.208921	0.339517	
0	0.323305	0.510306	-0.796908	0.0	0.666129	0.47541000000000005	0.57468	0.0	0.6721199999999999	-0.716641	-0.186227	0.0	-3.3756800000000005	-1.3412899999999999	-1.0665	0.332754	0.241202	0.402834	-0.882919	0.0	-0.0605105	-0.901768	-0.427965	0.0	-0.9685870000000001	0.15665199999999999	-0.193133	0.0	2.31913	1.08976	0.208921	0.339516	
0	0.323305	0.510306	-0.796908	0.0	0.666129	0.47541000000000005	0.57468	0.0	0.6721199999999999	-0.716641	-0.186227	0.0	-3.3756800000000005	-1.3412899999999999	-1.0665	0.332754	0.241202	0.402834	-0.882919	0.0	-0.060510400000000006	-0.901768	-0.427965	0.0	-0.9685870000000001	0.15665199999999999	-0.193133	0.0	2.3191200000000003	1.08976	0.208921	0.339516	
0	0.323305	0.510306	-0.796908	0.0	0.666129	0.47541000000000005	0.57468	0.0	0.6721199999999999	-0.716641	-0.186227	0.0	-3.3756800000000005	-1.3412899999999999	-1.0665	0.332754	0.241202	0.402834	-0.882919	0.0	-0.060510400000000006	-0.901767	-0.427965	0.0	-0.9685860000000001	0.15665199999999999	-0.193133	0.0	2.3191200000000003	1.08976	0.208921	0.339516	
0	0.323305	0.510306	-0.796908	0.0	0.666129	0.47541000000000005	0.57468	0.0	0.6721199999999999	-0.716641	-0.186227	0.0	-3.3756800000000005	-1.3412899999999999	-1.0665	0.332754	0.241202	0.402834	-0.882919	0.0	-0.060510400000000006	-0.901768	-0.427965	0.0	-0.9685870000000001	0.15665199999999999	-0.193133	0.0	2.31913	1.08976	0.208921	0.339516	
0	0.323305	0.510306	-0.796908	0.0	0.666129	0.47541000000000005	0.57468	0.0	0.6721199999999999	-0.716641	-0.186227	0.0	-3.3756800000000005	-1.3412899999999999	-1.0665	0.332754	0.241202	0.402834	-0.882919	0.0	-0.060510400000000006	-0.901767	-0.427965	0.0	-0.9685860000000001	0.15665199999999999	-0.193133	0.0	2.3191200000000003	1.08976	0.208921	0.339516	
0	0.323305	0.510306	-0.796908	0.0	0.666129	0.47541000000000005	0.57468	0.0	0.6721199999999999	-0.716641	-0.186227	0.0	-3.3756800000000005	-1.3412899999999999	-1.0665	0.332754	0.241202	0.402834	-0.882919	0.0	-0.060510400000000006	-0.901768	-0.427965	0.0	-0.9685870000000001	0.15665199999999999	-0.193133	0.0	2.31913	1.08976	0.208921	0.339516	
0	0.323305	0.510306	-0.796908	0.0	0.666129	0.47541000000000005	0.57468	0.0	0.6721199999999999	-0.716641	-0.186227	0.0	-3.3756800000000005	-1.3412899999999999	-1.0665	0.332754	0.241202	0.402834	-0.882919	0.0	-0.060510400000000006	-0.901767	-0.427965	0.0	-0.9685860000000001	0.15665199999999999	-0.193133	0.0	2.3191200000000003	1.08976	0.208921	0.339516	
0	-0.030144099999999997	0.62037	-0.78373	0.0	0.644621	0.6113069999999999	0.45909300000000003	0.0	0.763908	-0.49137	-0.41833100000000006	0.0	-3.3938699999999997	-1.38309	-1.0990799999999998	0.352378	0.24072600000000002	0.388036	-0.889651	0.0	-0.0610521	-0.9087370000000001	-0.41288	0.0	-0.968671	0.15370599999999998	-0.19506600000000002	0.0	2.3033799999999998	1.13646	0.225541	0.33879699999999996	
0	-0.02713	0.617091	-0.786424	0.0	0.652496	0.606934	0.45374	0.0	0.757306	-0.500829	-0.419116	0.0	-3.39057	-1.38527	-1.09313	0.35286100000000004	0.24068	0.385726	-0.890668	0.0	-0.061600999999999996	-0.9097219999999999	-0.410624	0.0	-0.968648	0.153695	-0.195191	0.0	2.30501	1.14	0.226861	0.338627	
0	-0.0222007	0.613761	-0.78918	0.0	0.6634909999999999	0.599528	0.4476	0.0	0.747855	-0.513676	-0.420534	0.0	-3.40185	-1.40903	-1.10235	0.3528	0.240871	0.384827	-0.8910049999999999	0.0	-0.062239199999999995	-0.91002	-0.409866	0.0	-0.9685590000000001	0.15417999999999998	-0.195246	0.0	2.30592	1.1398700000000002	0.230116	0.33863499999999996	
0	0.000841799	0.611201	-0.791475	0.0	0.688699	0.5735020000000001	0.443608	0.0	0.725047	-0.545462	-0.420451	0.0	-3.4243	-1.46409	-1.12006	0.352425	0.240831	0.387315	-0.8899370000000001	0.0	-0.060877099999999996	-0.909091	-0.412125	0.0	-0.968656	0.153429	-0.195359	0.0	2.30451	1.14167	0.23139099999999999	0.338715	
0	0.0332119	0.607934	-0.793293	0.0	0.7114560000000001	0.543083	0.44597299999999995	0.0	0.7019449999999999	-0.579205	-0.41448100000000004	0.0	-3.47296	-1.55416	-1.1844700000000001	0.352464	0.24144699999999997	0.388381	-0.8893049999999999	0.0	-0.0593047	-0.9088	-0.41299600000000003	0.0	-0.9686	0.15245699999999998	-0.196394	0.0	2.30857	1.13678	0.223898	0.33881300000000003	
0	0.0871318	0.593673	-0.799976	0.0	0.740696	0.49838599999999994	0.450534	0.0	0.666166	-0.631795	-0.396306	0.0	-3.52961	-1.66445	-1.25434	0.351602	0.241958	0.388008	-0.889329	0.0	-0.0602854	-0.908781	-0.412897	0.0	-0.968412	0.15351700000000001	-0.196496	0.0	2.3113	1.13619	0.22482399999999997	0.338663	
0	0.131104	0.567913	-0.81258	0.0	0.754373	0.47466	0.453453	0.0	0.643221	-0.672438	-0.366188	0.0	-3.6017699999999997	-1.7792	-1.33959	0.350298	0.24201	0.38662199999999997	-0.889918	0.0	-0.0619601	-0.9091530000000001	-0.41182799999999997	0.0	-0.9682930000000001	0.154806	-0.196069	0.0	2.31208	1.12856	0.22122600000000003	0.33875700000000003	
0	0.204118	0.524886	-0.8263360000000001	0.0	0.7699020000000001	0.43528199999999995	0.46666899999999994	0.0	0.604637	-0.731453	-0.315262	0.0	-3.6944199999999996	-1.9548400000000001	-1.43789	0.35083200000000003	0.241837	0.386412	-0.890057	0.0	-0.0621173	-0.9092379999999999	-0.411617	0.0	-0.968327	0.154832	-0.195884	0.0	2.3075900000000003	1.12572	0.236896	0.338687	
0	0.26759	0.497517	-0.82515	0.0	0.781295	0.38914499999999996	0.488	0.0	0.563891	-0.77527	-0.284577	0.0	-3.84461	-2.15706	-1.6339299999999999	0.350053	0.241331	0.386166	-0.890301	0.0	-0.0615529	-0.909479	-0.41116899999999995	0.0	-0.9684889999999999	0.154029	-0.195716	0.0	2.30635	1.1285100000000001	0.24364	0.338792	
0	0.303016	0.476037	-0.825572	0.0	0.78503	0.366454	0.499439	0.0	0.5402859999999999	-0.799438	-0.262662	0.0	-3.97811	-2.33453	-1.88495	0.350106	0.24117600000000003	0.38561599999999996	-0.890581	0.0	-0.0609215	-0.9098440000000001	-0.410455	0.0	-0.968567	0.153247	-0.19594	0.0	2.30539	1.1368200000000002	0.24932800000000002	0.338775	
0	0.333972	0.456833	-0.8244799999999999	0.0	0.784291	0.35049600000000003	0.511898	0.0	0.522829	-0.817592	-0.241234	0.0	-4.04475	-2.45033	-2.0232799999999997	0.350491	0.24148000000000003	0.386286	-0.890208	0.0	-0.06009540000000001	-0.909643	-0.411021	0.0	-0.968543	0.152751	-0.196447	0.0	2.3064	1.13706	0.24808400000000003	0.338858	
0	0.370877	0.435555	-0.820208	0.0	0.783414	0.32755100000000004	0.528179	0.0	0.49871099999999996	-0.8384520000000001	-0.219739	0.0	-4.074	-2.60406	-2.11932	0.352045	0.24173699999999998	0.386608	-0.889999	0.0	-0.0600414	-0.909485	-0.41138	0.0	-0.968483	0.152883	-0.196644	0.0	2.30858	1.1393799999999998	0.24128400000000003	0.338835	
0	0.40886100000000003	0.394815	-0.822772	0.0	0.7827149999999999	0.311865	0.538607	0.0	0.46924399999999994	-0.8642120000000001	-0.181518	0.0	-4.1067599999999995	-2.79135	-2.2004	0.353461	0.24191700000000002	0.386708	-0.889906	0.0	-0.0603553	-0.909375	-0.411575	0.0	-0.968418	0.153278	-0.196654	0.0	2.3054200000000002	1.12939	0.237775	0.338738	
0	0.400563	0.398046	-0.825293	0.0	0.770515	0.341087	0.538485	0.0	0.495838	-0.851598	-0.170074	0.0	-4.08629	-2.93004	-2.31051	0.353932	0.24199299999999999	0.387034	-0.8897440000000001	0.0	-0.060318100000000006	-0.909224	-0.41191300000000003	0.0	-0.9684010000000001	0.153348	-0.19668	0.0	2.30456	1.12943	0.240708	0.33889600000000003	
0	0.398323	0.381923	-0.83395	0.0	0.7644350000000001	0.364255	0.531938	0.0	0.50693	-0.849384	-0.14686400000000002	0.0	-3.93462	-3.06814	-2.3655	0.354418	0.24159099999999997	0.386251	-0.890193	0.0	-0.0600799	-0.9096540000000001	-0.41100000000000003	0.0	-0.968517	0.152777	-0.19655899999999998	0.0	2.3059	1.1344299999999998	0.252744	0.338827	
0	0.398636	0.33214899999999997	-0.854849	0.0	0.7680739999999999	0.388436	0.509096	0.0	0.50115	-0.8595309999999999	-0.100271	0.0	-3.7927	-3.19707	-2.42568	0.353878	0.241691	0.385328	-0.890566	0.0	-0.060275	-0.910041	-0.410113	0.0	-0.9684790000000001	0.152799	-0.196723	0.0	2.3048	1.13886	0.256218	0.338816	
0	0.39574000000000004	0.326548	-0.858345	0.0	0.767246	0.39608899999999997	0.5044270000000001	0.0	0.5047010000000001	-0.8581840000000001	-0.0937949	0.0	-3.7557199999999997	-3.215	-2.43782	0.353742	0.24179099999999998	0.385461	-0.890482	0.0	-0.0604073	-0.9099520000000001	-0.41029099999999996	0.0	-0.9684459999999999	0.152996	-0.196734	0.0	2.3043400000000003	1.13773	0.256443	0.338851	
0	0.385561	0.31872	-0.8658870000000001	0.0	0.765184	0.41395200000000004	0.49309	0.0	0.5155930000000001	-0.8526790000000001	-0.0842756	0.0	-3.7067300000000003	-3.2381900000000003	-2.44711	0.353055	0.241666	0.38504099999999997	-0.890697	0.0	-0.0608967	-0.910077	-0.409941	0.0	-0.968447	0.153309	-0.196487	0.0	2.30475	1.1350799999999999	0.257063	0.338956	
0	0.370377	0.306419	-0.876886	0.0	0.762634	0.438625	0.475392	0.0	0.530293	-0.844817	-0.0712284	0.0	-3.6789400000000003	-3.26625	-2.39262	0.349957	0.241722	0.384943	-0.890724	0.0	-0.06051469999999999	-0.910178	-0.40977299999999994	0.0	-0.968457	0.152953	-0.196715	0.0	2.3048900000000003	1.13212	0.257836	0.33875	
0	0.36293600000000004	0.297647	-0.8829969999999999	0.0	0.75867	0.455796	0.46547700000000003	0.0	0.5410149999999999	-0.838842	-0.060391499999999994	0.0	-3.65875	-3.28861	-2.3167	0.348624	0.24150700000000003	0.38503699999999996	-0.890742	0.0	-0.0600365	-0.910226	-0.40973699999999996	0.0	-0.96854	0.15243099999999998	-0.19671	0.0	2.3043	1.13511	0.257383	0.338665	
0	0.365859	0.282666	-0.886706	0.0	0.756155	0.46516	0.46027799999999996	0.0	0.542565	-0.838884	-0.043556199999999996	0.0	-3.6497300000000004	-3.3027699999999998	-2.28145	0.34891300000000003	0.241619	0.385311	-0.8905930000000001	0.0	-0.0599408	-0.910107	-0.410016	0.0	-0.968518	0.152451	-0.196803	0.0	2.30703	1.13611	0.26104	0.33878	
0	0.368571	0.26803	-0.8901209999999999	0.0	0.750261	0.479599	0.455074	0.0	0.548875	-0.83555	-0.024326499999999997	0.0	-3.6428599999999998	-3.3182199999999997	-2.26178	0.345423	0.241443	0.385264	-0.890661	0.0	-0.0588585	-0.9103110000000001	-0.40972	0.0	-0.968628	0.151347	-0.19711199999999998	0.0	2.30808	1.1367399999999999	0.263849	0.33871100000000004	
0	0.37522300000000003	0.260452	-0.889591	0.0	0.74965	0.479203	0.45649700000000004	0.0	0.54519	-0.8381700000000001	-0.0154399	0.0	-3.6393199999999997	-3.31457	-2.26852	0.34339400000000003	0.24168299999999998	0.385653	-0.8904270000000001	0.0	-0.0582523	-0.910209	-0.41003199999999995	0.0	-0.9686049999999999	0.15096700000000002	-0.197517	0.0	2.30554	1.13572	0.26155	0.33874699999999996	
0	0.37798699999999996	0.259027	-0.8888370000000001	0.0	0.747396	0.48121400000000003	0.458075	0.0	0.546374	-0.83746	-0.011703100000000001	0.0	-3.63913	-3.31504	-2.27168	0.342265	0.24180700000000002	0.385203	-0.8905879999999999	0.0	-0.058502	-0.9103680000000001	-0.40964300000000003	0.0	-0.9685590000000001	0.15115599999999998	-0.197598	0.0	2.3058099999999997	1.1370200000000001	0.25908400000000004	0.33869699999999997	
0	0.38509899999999997	0.254287	-0.887151	0.0	0.74583	0.480412	0.46145600000000003	0.0	0.5435399999999999	-0.8393700000000001	-0.00464892	0.0	-3.63971	-3.3124	-2.2755400000000003	0.340938	0.24195500000000003	0.38469699999999996	-0.890767	0.0	-0.0586961	-0.91056	-0.40918899999999997	0.0	-0.968511	0.15129	-0.197734	0.0	2.30763	1.13713	0.259167	0.338584	
0	0.387409	0.25396199999999997	-0.886238	0.0	0.745135	0.47979399999999994	0.463218	0.0	0.542852	-0.839822	-0.0033588999999999997	0.0	-3.63885	-3.31181	-2.27684	0.340474	0.24088299999999999	0.384444	-0.891167	0.0	-0.058725	-0.910748	-0.408765	0.0	-0.968776	0.15079800000000002	-0.19680699999999998	0.0	2.3073599999999996	1.14045	0.264256	0.33860300000000004	
0	0.385791	0.25588	-0.886392	0.0	0.7444689999999999	0.481124	0.46291000000000004	0.0	0.544914	-0.8384780000000001	-0.00488174	0.0	-3.63931	-3.3121699999999996	-2.27458	0.338495	0.240684	0.384375	-0.89125	0.0	-0.058168	-0.9108809999999999	-0.40855	0.0	-0.968859	0.150174	-0.196877	0.0	2.30765	1.1391799999999999	0.26369899999999996	0.338604	
0	0.383049	0.270135	-0.883346	0.0	0.740179	0.48235500000000003	0.468475	0.0	0.552638	-0.833283	-0.0151827	0.0	-3.64373	-3.31786	-2.2688	0.338252	0.24076399999999998	0.38483	-0.891033	0.0	-0.05742869999999999	-0.910781	-0.408877	0.0	-0.9688829999999999	0.14961300000000002	-0.197183	0.0	2.31358	1.14105	0.246329	0.33852899999999997	
0	0.381536	0.278165	-0.8815069999999999	0.0	0.738643	0.48159300000000005	0.47167200000000004	0.0	0.5557300000000001	-0.8310790000000001	-0.0217196	0.0	-3.6456800000000005	-3.32053	-2.26491	0.33871799999999996	0.241112	0.385556	-0.890624	0.0	-0.0571555	-0.910465	-0.40961800000000004	0.0	-0.9688129999999999	0.149668	-0.19748800000000002	0.0	2.31814	1.13911	0.24560500000000002	0.338609	
0	0.380247	0.277748	-0.8821950000000001	0.0	0.740762	0.47967200000000004	0.47030500000000003	0.0	0.55379	-0.8323290000000001	-0.0233514	0.0	-3.64491	-3.31892	-2.26294	0.33907600000000004	0.240986	0.385919	-0.890501	0.0	-0.057261599999999996	-0.910291	-0.409991	0.0	-0.9688379999999999	0.149794	-0.197269	0.0	2.31835	1.13294	0.24130900000000002	0.338575	
0	0.379319	0.279569	-0.882019	0.0	0.740082	0.48046300000000003	0.470567	0.0	0.555334	-0.8312620000000001	-0.0246551	0.0	-3.6459300000000003	-3.32041	-2.26214	0.339212	0.24093499999999998	0.385986	-0.8904860000000001	0.0	-0.0566285	-0.9103610000000001	-0.409923	0.0	-0.968888	0.14919200000000002	-0.19748	0.0	2.32005	1.1334799999999998	0.24264000000000002	0.338721	
0	0.378863	0.279353	-0.8822840000000001	0.0	0.740211	0.48075	0.47007200000000005	0.0	0.555474	-0.831169	-0.0246423	0.0	-3.6461699999999997	-3.3207	-2.26222	0.339417	0.24111999999999997	0.38555700000000004	-0.8906219999999999	0.0	-0.056629599999999995	-0.910545	-0.409513	0.0	-0.968842	0.149177	-0.197717	0.0	2.32063	1.13405	0.23884699999999998	0.3386	
0	0.378861	0.27901	-0.882393	0.0	0.740204	0.480944	0.469884	0.0	0.555484	-0.8311719999999999	-0.0243132	0.0	-3.64621	-3.3209400000000002	-2.2621700000000002	0.339677	0.24126399999999998	0.38552	-0.890599	0.0	-0.0568062	-0.910525	-0.409534	0.0	-0.9687959999999999	0.149397	-0.197777	0.0	2.32068	1.13333	0.236438	0.338634	
0	0.378628	0.278152	-0.882764	0.0	0.7398520000000001	0.482112	0.46924099999999996	0.0	0.556111	-0.8307829999999999	-0.023250200000000002	0.0	-3.6468599999999998	-3.32216	-2.26313	0.340398	0.241432	0.385322	-0.890639	0.0	-0.05664740000000001	-0.9106280000000001	-0.409326	0.0	-0.9687629999999999	0.149277	-0.198028	0.0	2.31927	1.13075	0.239091	0.338593	
0	0.37846399999999997	0.27724	-0.8831209999999999	0.0	0.7407239999999999	0.481422	0.46857299999999996	0.0	0.5550609999999999	-0.8314870000000001	-0.0231569	0.0	-3.6470599999999997	-3.32257	-2.2637	0.342303	0.241666	0.38506999999999997	-0.890684	0.0	-0.056925199999999995	-0.9106850000000001	-0.40916199999999997	0.0	-0.9686879999999999	0.149583	-0.19816199999999998	0.0	2.3215	1.13271	0.238542	0.338597	
0	0.378444	0.27723200000000003	-0.8831319999999999	0.0	0.7407590000000001	0.48139	0.468551	0.0	0.555028	-0.831509	-0.0231834	0.0	-3.6470599999999997	-3.3225599999999997	-2.26368	0.342346	0.241655	0.38510900000000003	-0.8906700000000001	0.0	-0.056914	-0.9106690000000001	-0.409198	0.0	-0.968692	0.149576	-0.19815	0.0	2.32137	1.13259	0.23874099999999998	0.338594	
0	0.378444	0.27723200000000003	-0.8831319999999999	0.0	0.7407590000000001	0.481389	0.468551	0.0	0.555028	-0.831509	-0.0231837	0.0	-3.6470599999999997	-3.3225599999999997	-2.26368	0.34234699999999996	0.241655	0.38510900000000003	-0.8906700000000001	0.0	-0.056914	-0.9106690000000001	-0.409198	0.0	-0.968692	0.149576	-0.19815	0.0	2.32136	1.13259	0.238744	0.338594	
0	0.378444	0.27723200000000003	-0.8831319999999999	0.0	0.7407590000000001	0.481389	0.468551	0.0	0.555028	-0.831509	-0.0231837	0.0	-3.6470599999999997	-3.3225599999999997	-2.26368	0.34234699999999996	0.241655	0.38510900000000003	-0.8906700000000001	0.0	-0.056914	-0.9106690000000001	-0.409198	0.0	-0.968692	0.149576	-0.19815	0.0	2.32136	1.13259	0.23874499999999999	0.338594	
0	0.378444	0.27723200000000003	-0.8831319999999999	0.0	0.7407590000000001	0.481389	0.468551	0.0	0.555028	-0.831509	-0.0231837	0.0	-3.6470599999999997	-3.3225599999999997	-2.26368	0.34234699999999996	0.241655	0.38510900000000003	-0.8906700000000001	0.0	-0.056914	-0.9106690000000001	-0.409198	0.0	-0.968692	0.149576	-0.19815	0.0	2.32136	1.13259	0.238744	0.338594	
0	0.378444	0.27723200000000003	-0.8831319999999999	0.0	0.7407590000000001	0.481389	0.468551	0.0	0.555028	-0.831509	-0.0231837	0.0	-3.6470599999999997	-3.3225599999999997	-2.26368	0.34234699999999996	0.241655	0.38510900000000003	-0.8906700000000001	0.0	-0.056914	-0.9106690000000001	-0.409198	0.0	-0.968692	0.149576	-0.19815	0.0	2.32136	1.13259	0.238744	0.338594	
0	0.378444	0.27723200000000003	-0.8831319999999999	0.0	0.7407590000000001	0.481389	0.468551	0.0	0.555028	-0.831509	-0.0231836	0.0	-3.6470599999999997	-3.3225599999999997	-2.26368	0.34234699999999996	0.241655	0.38510900000000003	-0.8906700000000001	0.0	-0.056914	-0.9106690000000001	-0.409198	0.0	-0.968692	0.149576	-0.19815	0.0	2.32136	1.13259	0.238744	0.338594	
0	0.378444	0.27723200000000003	-0.8831319999999999	0.0	0.7407590000000001	0.48139	0.468551	0.0	0.555028	-0.831508	-0.0231835	0.0	-3.6470599999999997	-3.3225599999999997	-2.26368	0.342346	0.241655	0.38510900000000003	-0.8906700000000001	0.0	-0.056914	-0.9106690000000001	-0.409198	0.0	-0.968692	0.149576	-0.19815	0.0	2.32136	1.13259	0.23874499999999999	0.338594	
0	0.378444	0.27723200000000003	-0.8831319999999999	0.0	0.7407590000000001	0.48139	0.468551	0.0	0.555028	-0.831509	-0.0231835	0.0	-3.6470599999999997	-3.3225599999999997	-2.26368	0.342346	0.241655	0.38510900000000003	-0.8906700000000001	0.0	-0.056914	-0.9106690000000001	-0.409198	0.0	-0.968692	0.149576	-0.19815	0.0	2.32136	1.13259	0.238744	0.338594	
0	0.378444	0.27723200000000003	-0.8831319999999999	0.0	0.7407590000000001	0.481389	0.468551	0.0	0.555028	-0.831509	-0.0231836	0.0	-3.6470599999999997	-3.3225599999999997	-2.26368	0.34234699999999996	0.241655	0.38510900000000003	-0.8906700000000001	0.0	-0.056914	-0.9106690000000001	-0.409198	0.0	-0.968692	0.149576	-0.19815	0.0	2.32136	1.13259	0.238744	0.338594	
0	0.378444	0.27723200000000003	-0.8831319999999999	0.0	0.7407590000000001	0.481389	0.468551	0.0	0.555028	-0.831509	-0.0231836	0.0	-3.6470599999999997	-3.3225599999999997	-2.26368	0.34234699999999996	0.241655	0.38510900000000003	-0.8906700000000001	0.0	-0.056914	-0.9106690000000001	-0.409198	0.0	-0.968692	0.149576	-0.19815	0.0	2.32136	1.13259	0.238744	0.338594	
0	0.378444	0.27723200000000003	-0.8831319999999999	0.0	0.7407590000000001	0.481389	0.468551	0.0	0.555028	-0.831509	-0.0231835	0.0	-3.6470599999999997	-3.3225599999999997	-2.26368	0.342346	0.241655	0.38510900000000003	-0.8906700000000001	0.0	-0.056914	-0.9106690000000001	-0.409198	0.0	-0.968692	0.149576	-0.19815	0.0	2.32136	1.13259	0.238744	0.338594	
0	0.378444	0.27723200000000003	-0.8831319999999999	0.0	0.7407590000000001	0.481389	0.468551	0.0	0.555028	-0.831509	-0.0231835	0.0	-3.6470599999999997	-3.3225599999999997	-2.26368	0.34234699999999996	0.241655	0.38510900000000003	-0.8906700000000001	0.0	-0.0569139	-0.9106690000000001	-0.409198	0.0	-0.968692	0.149576	-0.19815	0.0	2.32136	1.13259	0.23874499999999999	0.338594	
0	0.378444	0.27723200000000003	-0.8831319999999999	0.0	0.7407590000000001	0.481389	0.468551	0.0	0.555028	-0.831509	-0.0231837	0.0	-3.6470599999999997	-3.3225599999999997	-2.26368	0.34234699999999996	0.241655	0.38510900000000003	-0.8906700000000001	0.0	-0.056914099999999995	-0.9106690000000001	-0.409198	0.0	-0.968692	0.149577	-0.19815	0.0	2.32136	1.13259	0.238744	0.338594	
