0	0.548135	0.611155	-0.570998	0.0	0.672115	0.0844684	0.735613	0.0	0.497805	-0.786991	-0.364467	0.0	-2.77924	1.99545	1.42292	3.5762800000000003e-06	-0.593132	0.516197	-0.617846	0.0	0.750636	0.07709060000000001	-0.656203	0.0	-0.2911	-0.852993	-0.433201	0.0	2.66032	2.0	1.53809	0.0	
0	0.174602	0.893249	-0.41426999999999997	0.0	0.162075	0.388922	0.9069020000000001	0.0	0.971208	-0.22549	-0.07686699999999999	0.0	-2.76231	1.90142	1.42458	0.0	-0.0188832	0.7965	-0.604344	0.0	0.0445997	-0.603179	-0.796358	0.0	-0.998827	-0.0419914	-0.0241338	0.0	2.67395	2.00097	1.56399	0.0	
0	0.20738	0.8212940000000001	-0.531479	0.0	0.222471	0.48946000000000006	0.8431700000000001	0.0	0.952628	-0.293095	-0.08120939999999999	0.0	-2.78076	1.81044	1.44166	0.0	0.00955588	0.749033	-0.662464	0.0	0.0499022	-0.662026	-0.747818	0.0	-0.998708	-0.0259123	-0.0437047	0.0	2.70313	1.98187	1.52227	0.0	
0	0.0493023	0.664866	-0.745334	0.0	0.271803	0.709146	0.650565	0.0	0.961089	-0.234659	-0.14575	0.0	-2.77988	1.7703400000000002	1.3672	0.0	0.0497048	0.668381	-0.742157	0.0	0.0375454	-0.7438	-0.667347	0.0	-0.998058	0.00530574	-0.0620651	0.0	2.67815	1.9722	1.47527	0.0	
0	-0.10700799999999999	0.450621	-0.886279	0.0	0.137044	0.889574	0.435749	0.0	0.984768	-0.0748311	-0.156946	0.0	-2.72818	1.8288900000000001	1.26231	0.360036	0.100358	0.604318	-0.790397	0.0	0.0171954	-0.795343	-0.605916	0.0	-0.9948030000000001	0.04721740000000001	-0.09021060000000002	0.0	2.67026	2.00895	1.43211	0.0689774	
0	-0.13939400000000002	0.49762799999999996	-0.856117	0.0	0.14349800000000001	0.865583	0.47976499999999994	0.0	0.979784	-0.0559746	-0.19206600000000001	0.0	-2.5556900000000002	1.8551900000000001	1.21757	0.356689	0.133722	0.567021	-0.8127770000000001	0.0	0.013099600000000001	-0.821082	-0.5706600000000001	0.0	-0.9909319999999999	0.0656625	-0.117224	0.0	2.65884	2.01761	1.35102	0.306066	
0	-0.111051	0.5315439999999999	-0.8397190000000001	0.0	0.161873	0.8433360000000001	0.512426	0.0	0.980543	-0.0790227	-0.179697	0.0	-2.5314	1.78355	1.17581	0.34383800000000003	0.12359	0.581285	-0.8042600000000001	0.0	0.0254954	-0.812066	-0.583009	0.0	-0.9920059999999999	0.0515489	-0.115183	0.0	2.63207	1.9796599999999998	1.32575	0.252498	
0	-0.038353399999999996	0.589061	-0.807178	0.0	0.191116	0.797185	0.572688	0.0	0.9808180000000001	-0.1323	-0.143154	0.0	-2.4660900000000003	1.6522400000000002	1.16436	0.00964475	0.109365	0.587055	-0.802126	0.0	0.0499055	-0.809192	-0.585421	0.0	-0.992748	0.023994099999999997	-0.11779500000000001	0.0	2.6127700000000003	1.9358799999999998	1.29239	0.021415299999999998	
0	-0.042865499999999994	0.657343	-0.752372	0.0	0.13654000000000002	0.749853	0.647363	0.0	0.989707	-0.0749791	-0.121896	0.0	-2.56005	1.59934	1.03656	0.0	0.114694	0.5900029999999999	-0.7992130000000001	0.0	0.07225210000000001	-0.807346	-0.585638	0.0	-0.99077	0.00942457	-0.13522699999999999	0.0	2.64724	1.9072	1.1978	0.0	
0	-0.0459218	0.749124	-0.660836	0.0	0.112104	0.661219	0.741769	0.0	0.992635	-0.0400189	-0.114344	0.0	-2.57313	1.58755	0.904558	0.0	0.11889300000000001	0.595816	-0.794272	0.0	0.0585625	-0.802762	-0.593418	0.0	-0.991179	0.0240388	-0.13033499999999998	0.0	2.62797	1.9	1.10207	0.0	
0	-0.112542	0.916809	-0.383139	0.0	0.12495	0.395586	0.90989	0.0	0.985759	0.0545278	-0.159075	0.0	-2.6342	1.6764700000000001	0.648359	0.278422	0.130223	0.604413	-0.785956	0.0	0.0555525	-0.795909	-0.602863	0.0	-0.989927	0.03484469999999999	-0.137222	0.0	2.6299099999999997	1.9054099999999998	0.9737959999999999	0.197899	
0	-0.052494900000000004	0.9582719999999999	-0.280997	0.0	0.168273	0.28584899999999996	0.943385	0.0	0.984342	0.00223881	-0.176257	0.0	-2.6104700000000003	1.7111599999999998	0.471996	0.35492399999999996	0.115254	0.636716	-0.762436	0.0	0.07418580000000001	-0.770925	-0.632591	0.0	-0.990562	0.0163465	-0.13608699999999999	0.0	2.57629	1.8878400000000002	0.832915	0.29726199999999997	
0	-0.000907391	0.981367	-0.192139	0.0	0.197548	0.188529	0.961994	0.0	0.9802930000000001	-0.0370838	-0.19403800000000002	0.0	-2.6585	1.7269999999999999	0.28564	0.35727800000000004	0.0505811	0.7167060000000001	-0.695539	0.0	0.10841500000000001	-0.6962550000000001	-0.7095600000000001	0.0	-0.992818	-0.0395165	-0.112919	0.0	2.49179	1.8309900000000001	0.696773	0.355619	
0	-0.00233206	0.9856450000000001	-0.168818	0.0	0.20189000000000001	0.16580599999999998	0.9652709999999999	0.0	0.979405	-0.031831599999999995	-0.199378	0.0	-2.7282900000000003	1.7316	0.142489	0.356879	0.0297628	0.7525310000000001	-0.657884	0.0	0.121367	-0.656027	-0.744916	0.0	-0.9921620000000001	-0.0576746	-0.110858	0.0	2.40975	1.77958	0.586281	0.353246	
0	0.00441071	0.9820120000000001	-0.18876700000000002	0.0	0.21284299999999998	0.18352100000000002	0.9596969999999999	0.0	0.9770760000000001	-0.0444107	-0.20820500000000003	0.0	-2.76615	1.7398200000000001	0.00893142	0.3541	-0.00654221	0.781075	-0.6244029999999999	0.0	0.150083	-0.616577	-0.772857	0.0	-0.9886520000000001	-0.0987687	-0.113193	0.0	2.33491	1.73081	0.440309	0.353951	
0	0.0107455	0.9800030000000001	-0.198692	0.0	0.21868	0.191591	0.9568030000000001	0.0	0.9757379999999999	-0.0537314	-0.212248	0.0	-2.77658	1.74415	-0.0402907	0.352781	-0.00822377	0.785237	-0.6191399999999999	0.0	0.15542899999999998	-0.610632	-0.776511	0.0	-0.9878129999999999	-0.102618	-0.11702699999999999	0.0	2.30207	1.71714	0.356696	0.354263	
0	-0.0745829	0.8848969999999999	-0.459776	0.0	0.305998	0.45912600000000003	0.834008	0.0	0.9491059999999999	-0.07848789999999999	-0.30501999999999996	0.0	-2.87106	1.64736	-0.521233	0.35010399999999997	-0.0174676	0.804733	-0.59338	0.0	0.197445	-0.579008	-0.791053	0.0	-0.980158	-0.130978	-0.148777	0.0	2.17198	1.63504	-0.0756738	0.353838	
0	-0.07267130000000001	0.85524	-0.513111	0.0	0.336402	0.505342	0.794647	0.0	0.93891	-0.11486400000000001	-0.324429	0.0	-2.9179	1.36958	-0.764994	0.349675	-0.0128332	0.825751	-0.56389	0.0	0.258567	-0.5420149999999999	-0.799602	0.0	-0.965908	-0.156064	-0.206556	0.0	2.12433	1.42882	-0.315673	0.35358	
0	-0.0631137	0.857801	-0.510092	0.0	0.386119	0.492296	0.780101	0.0	0.9202870000000001	-0.147721	-0.362284	0.0	-2.95681	1.01987	-0.9529049999999999	0.348621	-0.00412393	0.8432059999999999	-0.537574	0.0	0.29996300000000004	-0.511781	-0.805049	0.0	-0.953942	-0.164572	-0.25082	0.0	2.09912	1.12025	-0.5187149999999999	0.354121	
0	-0.07669429999999999	0.8567389999999999	-0.510016	0.0	0.402944	0.49452299999999993	0.770119	0.0	0.912006	-0.14644400000000002	-0.38314499999999996	0.0	-3.04145	0.824788	-1.0079200000000001	0.348428	0.024815	0.841281	-0.540029	0.0	0.322862	-0.517992	-0.792114	0.0	-0.9461209999999999	-0.154699	-0.284472	0.0	2.11872	0.983107	-0.589309	0.354223	
0	-0.07548780000000001	0.8592129999999999	-0.506019	0.0	0.409168	0.489467	0.770068	0.0	0.909331	-0.14891600000000002	-0.388511	0.0	-3.10328	0.638284	-1.00416	0.34879099999999996	0.0379059	0.8420799999999999	-0.5380189999999999	0.0	0.34424499999999997	-0.516454	-0.7840739999999999	0.0	-0.9381149999999999	-0.15548900000000002	-0.309458	0.0	2.1851700000000003	0.8307399999999999	-0.651525	0.354558	
0	-0.0635241	0.8423139999999999	-0.535231	0.0	0.41727700000000006	0.509601	0.752454	0.0	0.906557	-0.175541	-0.38385	0.0	-3.11004	0.500209	-0.944321	0.34928000000000003	0.0300642	0.839844	-0.541995	0.0	0.37394099999999997	-0.512315	-0.773112	0.0	-0.9269649999999999	-0.179431	-0.329455	0.0	2.24688	0.710554	-0.662147	0.354582	
0	-0.0120266	0.836976	-0.547107	0.0	0.428296	0.498726	0.753548	0.0	0.903558	-0.22526100000000002	-0.36447199999999996	0.0	-3.08049	0.312248	-0.9035350000000001	0.35026599999999997	0.0380101	0.8344940000000001	-0.549704	0.0	0.388085	-0.519249	-0.7614270000000001	0.0	-0.92084	-0.18439	-0.343591	0.0	2.3158	0.604793	-0.739138	0.354559	
0	0.00828263	0.836831	-0.5473979999999999	0.0	0.42561499999999997	0.49240600000000007	0.759202	0.0	0.904866	-0.239269	-0.35209	0.0	-3.03154	0.15087799999999998	-0.8870459999999999	0.350591	0.0517091	0.8247639999999999	-0.5631079999999999	0.0	0.400945	-0.533568	-0.74468	0.0	-0.914641	-0.18726900000000002	-0.35827600000000004	0.0	2.3868099999999997	0.531875	-0.8095760000000001	0.354927	
0	0.015374700000000002	0.8347030000000001	-0.5504859999999999	0.0	0.421862	0.493734	0.760433	0.0	0.90653	-0.243921	-0.344539	0.0	-3.00482	0.09032180000000001	-0.8272860000000001	0.35080100000000003	0.0631457	0.816851	-0.573382	0.0	0.39897	-0.547284	-0.735733	0.0	-0.9147870000000001	-0.182304	-0.360458	0.0	2.41554	0.491824	-0.8490110000000001	0.354662	
0	0.0205726	0.832883	-0.553066	0.0	0.42266400000000004	0.49407399999999996	0.759767	0.0	0.9060530000000001	-0.249392	-0.341866	0.0	-3.00149	0.060644399999999994	-0.8212790000000001	0.35075	0.06507959999999999	0.812617	-0.579153	0.0	0.39811599999999997	-0.553337	-0.731657	0.0	-0.915024	-0.182954	-0.359527	0.0	2.41862	0.458621	-0.8512299999999999	0.354821	
0	0.020920599999999998	0.8307399999999999	-0.556268	0.0	0.424055	0.496489	0.757414	0.0	0.9053950000000001	-0.251734	-0.341893	0.0	-3.00616	0.052984800000000006	-0.821679	0.35083400000000003	0.0674669	0.8094180000000001	-0.583344	0.0	0.395842	-0.5584060000000001	-0.729035	0.0	-0.9158370000000001	-0.181726	-0.358075	0.0	2.4097299999999997	0.451583	-0.843542	0.354763	
0	0.0197354	0.8282709999999999	-0.559979	0.0	0.424795	0.500074	0.754636	0.0	0.9050739999999999	-0.25277	-0.341977	0.0	-3.02389	0.054327	-0.8210129999999999	0.350642	0.06973480000000001	0.804743	-0.5895130000000001	0.0	0.393516	-0.565221	-0.725032	0.0	-0.9166690000000001	-0.181423	-0.356095	0.0	2.3843900000000002	0.458318	-0.8247549999999999	0.35489899999999996	
0	0.0307027	0.819118	-0.572803	0.0	0.43215299999999995	0.5058630000000001	0.746557	0.0	0.901278	-0.27046	-0.338453	0.0	-3.0373799999999997	0.0542349	-0.803718	0.350161	0.07073910000000001	0.801904	-0.593251	0.0	0.390914	-0.569454	-0.723125	0.0	-0.9177049999999999	-0.180757	-0.353758	0.0	2.3721900000000002	0.46182399999999996	-0.80942	0.355056	
0	0.0569961	0.794507	-0.604575	0.0	0.426212	0.528241	0.734374	0.0	0.902826	-0.299533	-0.30851999999999996	0.0	-3.0564	-0.018952	-0.7466619999999999	0.350941	0.0683928	0.797818	-0.599007	0.0	0.392931	-0.573425	-0.718881	0.0	-0.9170209999999999	-0.186202	-0.352705	0.0	2.36143	0.44438599999999995	-0.7663760000000001	0.354939	
0	0.114561	0.7146979999999999	-0.689987	0.0	0.45961899999999994	0.5776180000000001	0.674617	0.0	0.880697	-0.394416	-0.262316	0.0	-3.13102	-0.22826	-0.639171	0.350258	0.06777639999999999	0.797722	-0.599205	0.0	0.39520900000000003	-0.572923	-0.7180310000000001	0.0	-0.9160870000000001	-0.188146	-0.354097	0.0	2.3628	0.438392	-0.755817	0.355017	
0	0.191672	0.6408510000000001	-0.743352	0.0	0.5003029999999999	0.587805	0.635754	0.0	0.844369	-0.49375699999999995	-0.207954	0.0	-3.2641	-0.5163270000000001	-0.47560399999999997	0.350238	0.0679592	0.795179	-0.6025550000000001	0.0	0.39605999999999997	-0.5758260000000001	-0.7152350000000001	0.0	-0.9157059999999999	-0.19004100000000002	-0.354071	0.0	2.37387	0.433551	-0.763369	0.355215	
0	0.242308	0.589114	-0.770864	0.0	0.52086	0.591344	0.615644	0.0	0.81853	-0.5506880000000001	-0.16355799999999998	0.0	-3.41345	-0.8290639999999999	-0.409598	0.350463	0.0696927	0.794424	-0.603352	0.0	0.394986	-0.577367	-0.7145859999999999	0.0	-0.91604	-0.18851400000000001	-0.354025	0.0	2.37405	0.427915	-0.770516	0.35505	
0	0.30167	0.531442	-0.791558	0.0	0.561082	0.572286	0.598059	0.0	0.770832	-0.624546	-0.125541	0.0	-3.5764099999999996	-1.18245	-0.386508	0.350304	0.0700257	0.790509	-0.608434	0.0	0.393262	-0.582411	-0.711437	0.0	-0.9167559999999999	-0.18945499999999998	-0.351661	0.0	2.37072	0.40977600000000003	-0.766158	0.355138	
0	0.322693	0.493539	-0.8076439999999999	0.0	0.588559	0.563631	0.579585	0.0	0.741261	-0.662374	-0.108597	0.0	-3.70482	-1.41211	-0.397196	0.349306	0.06929260000000001	0.788053	-0.611695	0.0	0.392867	-0.585176	-0.709383	0.0	-0.9169809999999999	-0.19116	-0.350148	0.0	2.36295	0.401306	-0.756848	0.355132	
0	0.331771	0.483454	-0.810062	0.0	0.605712	0.549141	0.57581	0.0	0.723216	-0.681701	-0.11064500000000001	0.0	-3.8060300000000002	-1.57924	-0.47231300000000004	0.347987	0.069491	0.787879	-0.611897	0.0	0.393514	-0.585291	-0.7089300000000001	0.0	-0.916689	-0.191526	-0.35071399999999997	0.0	2.36185	0.395999	-0.758217	0.355018	
0	0.326464	0.48638000000000003	-0.810467	0.0	0.612491	0.5442130000000001	0.573312	0.0	0.719914	-0.683569	-0.12023699999999998	0.0	-3.83615	-1.6367399999999999	-0.533542	0.34610799999999997	0.06995889999999999	0.786774	-0.613264	0.0	0.39325	-0.5867359999999999	-0.7078810000000001	0.0	-0.916766	-0.191643	-0.350446	0.0	2.36217	0.391725	-0.763016	0.355094	
0	0.327443	0.50062	-0.801349	0.0	0.628378	0.517993	0.5803659999999999	0.0	0.7056359999999999	-0.693587	-0.144965	0.0	-3.8677	-1.70705	-0.707708	0.343404	0.0696222	0.781506	-0.620001	0.0	0.393552	-0.5926170000000001	-0.702796	0.0	-0.9166620000000001	-0.195072	-0.348823	0.0	2.3522	0.381921	-0.7563	0.355103	
0	0.32558200000000004	0.513012	-0.794239	0.0	0.630468	0.508214	0.586711	0.0	0.704633	-0.691764	-0.157972	0.0	-3.8735199999999996	-1.71101	-0.8039350000000001	0.342906	0.06901710000000001	0.778451	-0.6239	0.0	0.393191	-0.5959949999999999	-0.700137	0.0	-0.9168629999999999	-0.19699	-0.34721399999999997	0.0	2.3239099999999997	0.374688	-0.760831	0.35507	
0	0.31906599999999996	0.529792	-0.7858229999999999	0.0	0.62212	0.5084270000000001	0.5953729999999999	0.0	0.714957	-0.6788390000000001	-0.167372	0.0	-3.8593599999999997	-1.70311	-0.93296	0.34365300000000004	0.0686166	0.777216	-0.6254810000000001	0.0	0.39420700000000003	-0.597061	-0.698655	0.0	-0.916457	-0.19863	-0.347353	0.0	2.31183	0.372248	-0.758333	0.35515	
0	0.32413600000000004	0.556409	-0.7650779999999999	0.0	0.613588	0.491899	0.617693	0.0	0.7200310000000001	-0.66966	-0.18196400000000001	0.0	-3.8122199999999995	-1.71628	-1.0578100000000001	0.344928	0.06807300000000001	0.776522	-0.626402	0.0	0.394466	-0.597647	-0.698008	0.0	-0.916386	-0.199579	-0.346995	0.0	2.31271	0.370567	-0.751206	0.355052	
0	0.321735	0.5743020000000001	-0.752771	0.0	0.6023310000000001	0.489279	0.630717	0.0	0.730537	-0.656341	-0.188502	0.0	-3.77475	-1.73636	-1.14939	0.344584	0.0683832	0.776655	-0.626203	0.0	0.394353	-0.597598	-0.698113	0.0	-0.9164110000000001	-0.199206	-0.347143	0.0	2.3107599999999997	0.36757199999999995	-0.754829	0.355048	
0	0.319826	0.580275	-0.7489939999999999	0.0	0.5990770000000001	0.48858999999999997	0.63434	0.0	0.734042	-0.651584	-0.191365	0.0	-3.7257599999999997	-1.7465	-1.1854	0.343789	0.0681636	0.773456	-0.630174	0.0	0.393411	-0.601299	-0.695462	0.0	-0.916832	-0.200512	-0.345273	0.0	2.30792	0.35746300000000003	-0.738318	0.355008	
0	0.30791999999999997	0.596542	-0.741163	0.0	0.591367	0.49024300000000004	0.64027	0.0	0.7452989999999999	-0.635452	-0.20182	0.0	-3.66584	-1.7501200000000001	-1.22888	0.343001	0.066723	0.7717149999999999	-0.632459	0.0	0.394435	-0.60264	-0.693719	0.0	-0.9164979999999999	-0.203177	-0.344602	0.0	2.3066	0.347215	-0.7323609999999999	0.355117	
0	0.305584	0.6020840000000001	-0.737641	0.0	0.588729	0.48938999999999994	0.643347	0.0	0.748343	-0.630867	-0.20491399999999999	0.0	-3.64411	-1.7479799999999999	-1.26214	0.34265999999999996	0.0659909	0.7701720000000001	-0.634414	0.0	0.395313	-0.603954	-0.692074	0.0	-0.9161729999999999	-0.205121	-0.344314	0.0	2.30819	0.345634	-0.7274930000000001	0.355091	
0	0.307188	0.6048140000000001	-0.734735	0.0	0.589808	0.48490200000000006	0.645753	0.0	0.746835	-0.63172	-0.20776799999999998	0.0	-3.6317800000000005	-1.73341	-1.33528	0.342442	0.06601069999999999	0.770175	-0.634408	0.0	0.39628	-0.603739	-0.691709	0.0	-0.9157540000000001	-0.20574299999999998	-0.345058	0.0	2.3073599999999996	0.3498	-0.731268	0.35489299999999996	
0	0.308896	0.603024	-0.73549	0.0	0.590645	0.48449200000000003	0.645295	0.0	0.745467	-0.6337430000000001	-0.206515	0.0	-3.6286199999999997	-1.7313	-1.34667	0.34279899999999996	0.0660666	0.769385	-0.63536	0.0	0.396396	-0.604587	-0.690902	0.0	-0.9157	-0.206209	-0.34492399999999995	0.0	2.3096900000000002	0.351936	-0.727264	0.355059	
0	0.30961700000000003	0.6008180000000001	-0.736991	0.0	0.592056	0.484683	0.643857	0.0	0.7440479999999999	-0.6356890000000001	-0.205652	0.0	-3.62549	-1.7311	-1.34917	0.34277199999999997	0.06651660000000001	0.768622	-0.6362359999999999	0.0	0.39565900000000004	-0.605692	-0.6903560000000001	0.0	-0.9159860000000001	-0.205812	-0.3444	0.0	2.31142	0.352959	-0.7251	0.355103	
0	0.31002199999999996	0.5998220000000001	-0.737632	0.0	0.593908	0.48366400000000004	0.642917	0.0	0.742401	-0.637404	-0.20629299999999998	0.0	-3.6439999999999997	-1.72784	-1.344	0.343074	0.0659845	0.767465	-0.637686	0.0	0.395809	-0.606781	-0.6893130000000001	0.0	-0.915959	-0.206918	-0.343808	0.0	2.30985	0.344995	-0.725229	0.355012	
0	0.309502	0.5997020000000001	-0.737947	0.0	0.59429	0.483829	0.64244	0.0	0.742313	-0.637391	-0.20665100000000003	0.0	-3.65352	-1.72555	-1.34481	0.34315999999999997	0.0653139	0.7663270000000001	-0.6391220000000001	0.0	0.396362	-0.607719	-0.688168	0.0	-0.915769	-0.20837600000000003	-0.343435	0.0	2.31061	0.33973200000000003	-0.720952	0.35485500000000003	
0	0.308541	0.599412	-0.738585	0.0	0.593217	0.485717	0.642007	0.0	0.74357	-0.6362270000000001	-0.205717	0.0	-3.6553400000000003	-1.7269	-1.3416299999999999	0.343323	0.06494130000000001	0.7657069999999999	-0.6399020000000001	0.0	0.397295	-0.6080810000000001	-0.6873100000000001	0.0	-0.9153899999999999	-0.20959499999999998	-0.343702	0.0	2.31046	0.345445	-0.713413	0.355085	
0	0.308642	0.599382	-0.738567	0.0	0.59316	0.485717	0.6420600000000001	0.0	0.743574	-0.636255	-0.205616	0.0	-3.65531	-1.7269	-1.34159	0.343328	0.06490560000000001	0.765671	-0.639949	0.0	0.397306	-0.608108	-0.687279	0.0	-0.9153879999999999	-0.20964699999999997	-0.343675	0.0	2.30849	0.34501	-0.711439	0.355069	
0	0.308643	0.599382	-0.738567	0.0	0.59316	0.485716	0.6420600000000001	0.0	0.7435729999999999	-0.636256	-0.205616	0.0	-3.65531	-1.72689	-1.3416	0.343328	0.0649051	0.765672	-0.639948	0.0	0.397304	-0.608108	-0.68728	0.0	-0.9153889999999999	-0.209646	-0.343674	0.0	2.30851	0.345007	-0.7114659999999999	0.355069	
0	0.308643	0.599382	-0.738567	0.0	0.59316	0.485716	0.6420600000000001	0.0	0.7435729999999999	-0.636256	-0.205616	0.0	-3.65531	-1.72689	-1.3416	0.343328	0.0649052	0.765672	-0.639948	0.0	0.397304	-0.608108	-0.68728	0.0	-0.9153889999999999	-0.209646	-0.343674	0.0	2.30851	0.345008	-0.711465	0.355068	
0	0.308643	0.599382	-0.738567	0.0	0.59316	0.485716	0.6420600000000001	0.0	0.7435729999999999	-0.636256	-0.205616	0.0	-3.65531	-1.72689	-1.3416	0.343327	0.06490499999999999	0.765672	-0.639948	0.0	0.397305	-0.608108	-0.68728	0.0	-0.9153889999999999	-0.209646	-0.343674	0.0	2.30851	0.345008	-0.7114659999999999	0.355068	
0	0.308643	0.599382	-0.738567	0.0	0.59316	0.485716	0.6420600000000001	0.0	0.7435729999999999	-0.636256	-0.205616	0.0	-3.65531	-1.72689	-1.3416	0.343327	0.06490499999999999	0.765672	-0.639948	0.0	0.397305	-0.608108	-0.68728	0.0	-0.9153889999999999	-0.209646	-0.343674	0.0	2.30851	0.345008	-0.711465	0.355068	
0	0.308643	0.599382	-0.738567	0.0	0.59316	0.485716	0.6420600000000001	0.0	0.7435729999999999	-0.636256	-0.205616	0.0	-3.65531	-1.72689	-1.3416	0.343327	0.06490499999999999	0.765672	-0.639948	0.0	0.397305	-0.608108	-0.68728	0.0	-0.9153889999999999	-0.209646	-0.343674	0.0	2.30851	0.345008	-0.7114659999999999	0.355068	
0	0.308643	0.599382	-0.738567	0.0	0.59316	0.485716	0.6420600000000001	0.0	0.7435729999999999	-0.636256	-0.205616	0.0	-3.65531	-1.72689	-1.3416	0.343327	0.06490499999999999	0.765672	-0.639948	0.0	0.397305	-0.608108	-0.68728	0.0	-0.9153889999999999	-0.209646	-0.343674	0.0	2.30851	0.345008	-0.7114659999999999	0.355069	
0	0.308643	0.599382	-0.738567	0.0	0.59316	0.485716	0.6420600000000001	0.0	0.7435729999999999	-0.636256	-0.205616	0.0	-3.65531	-1.72689	-1.3416	0.343328	0.06490499999999999	0.765672	-0.639948	0.0	0.397305	-0.608108	-0.68728	0.0	-0.9153889999999999	-0.209646	-0.343674	0.0	2.30851	0.345008	-0.7114659999999999	0.355069	
0	0.308643	0.599382	-0.738567	0.0	0.59316	0.485716	0.6420600000000001	0.0	0.7435729999999999	-0.636256	-0.205616	0.0	-3.65531	-1.7269	-1.3416	0.343328	0.06490499999999999	0.765672	-0.639948	0.0	0.397305	-0.608108	-0.68728	0.0	-0.9153889999999999	-0.209646	-0.343674	0.0	2.30851	0.345008	-0.7114659999999999	0.355068	
0	0.308643	0.599382	-0.738567	0.0	0.59316	0.485716	0.6420600000000001	0.0	0.7435729999999999	-0.636256	-0.205616	0.0	-3.65531	-1.7269	-1.3416	0.343328	0.06490499999999999	0.765672	-0.639948	0.0	0.397305	-0.608108	-0.68728	0.0	-0.9153889999999999	-0.209646	-0.343674	0.0	2.30851	0.345008	-0.711465	0.355069	
0	0.308643	0.599382	-0.738567	0.0	0.59316	0.485716	0.6420600000000001	0.0	0.7435729999999999	-0.636256	-0.205616	0.0	-3.65531	-1.72689	-1.3416	0.343328	0.06490499999999999	0.765672	-0.639948	0.0	0.397305	-0.608108	-0.68728	0.0	-0.9153889999999999	-0.209646	-0.343674	0.0	2.30851	0.345008	-0.7114659999999999	0.355068	
0	0.308643	0.599382	-0.738567	0.0	0.59316	0.485716	0.6420600000000001	0.0	0.7435729999999999	-0.636256	-0.205616	0.0	-3.65531	-1.72689	-1.3416	0.343328	0.0649051	0.765672	-0.639948	0.0	0.397304	-0.608108	-0.68728	0.0	-0.9153889999999999	-0.209646	-0.343674	0.0	2.30851	0.345008	-0.7114659999999999	0.355068	
0	0.308643	0.599382	-0.738567	0.0	0.59316	0.485716	0.6420600000000001	0.0	0.7435729999999999	-0.636256	-0.205616	0.0	-3.65531	-1.7269	-1.3416	0.343328	0.06490499999999999	0.765672	-0.639948	0.0	0.397305	-0.608108	-0.68728	0.0	-0.9153889999999999	-0.209646	-0.343674	0.0	2.30851	0.345008	-0.7114659999999999	0.355068	
0	0.308643	0.599382	-0.738567	0.0	0.59316	0.485716	0.6420600000000001	0.0	0.7435729999999999	-0.636256	-0.205616	0.0	-3.65531	-1.72689	-1.3416	0.343328	0.06490499999999999	0.765672	-0.639948	0.0	0.397305	-0.608108	-0.68728	0.0	-0.9153889999999999	-0.209646	-0.343674	0.0	2.30851	0.345008	-0.711465	0.355068	
0	0.308643	0.599382	-0.738567	0.0	0.59316	0.485716	0.6420600000000001	0.0	0.7435729999999999	-0.636256	-0.205616	0.0	-3.65531	-1.72689	-1.3416	0.343328	0.06490499999999999	0.765672	-0.639948	0.0	0.397305	-0.608108	-0.68728	0.0	-0.9153889999999999	-0.209646	-0.343674	0.0	2.30851	0.345008	-0.7114659999999999	0.355069	
0	0.308643	0.599382	-0.738567	0.0	0.59316	0.485716	0.6420600000000001	0.0	0.7435729999999999	-0.636256	-0.205616	0.0	-3.65531	-1.7269	-1.3416	0.343328	0.06490499999999999	0.765672	-0.639948	0.0	0.397305	-0.608108	-0.68728	0.0	-0.9153889999999999	-0.209646	-0.343674	0.0	2.30851	0.345008	-0.711465	0.355069	
0	0.308643	0.599382	-0.738567	0.0	0.59316	0.485716	0.6420600000000001	0.0	0.7435729999999999	-0.636256	-0.205616	0.0	-3.65531	-1.72689	-1.3416	0.343328	0.0649051	0.765672	-0.639948	0.0	0.397304	-0.608108	-0.68728	0.0	-0.9153889999999999	-0.209646	-0.343674	0.0	2.30851	0.345008	-0.7114659999999999	0.355068	
0	0.308643	0.599382	-0.738567	0.0	0.59316	0.485716	0.6420600000000001	0.0	0.7435729999999999	-0.636256	-0.205616	0.0	-3.65531	-1.72689	-1.3416	0.343328	0.0649052	0.765672	-0.639948	0.0	0.397304	-0.608108	-0.68728	0.0	-0.9153889999999999	-0.209646	-0.343674	0.0	2.30851	0.345008	-0.7114659999999999	0.355069	
0	0.308643	0.599382	-0.738567	0.0	0.59316	0.485716	0.6420600000000001	0.0	0.7435729999999999	-0.636256	-0.205616	0.0	-3.65531	-1.72689	-1.3416	0.343328	0.06490499999999999	0.765672	-0.639948	0.0	0.397305	-0.608108	-0.68728	0.0	-0.9153889999999999	-0.209646	-0.343674	0.0	2.30851	0.345008	-0.7114659999999999	0.355068	
0	0.308643	0.599382	-0.738567	0.0	0.59316	0.485716	0.6420600000000001	0.0	0.7435729999999999	-0.636256	-0.205616	0.0	-3.65531	-1.72689	-1.3416	0.343328	0.0649052	0.765672	-0.639948	0.0	0.397305	-0.608108	-0.68728	0.0	-0.9153889999999999	-0.209646	-0.343674	0.0	2.30851	0.345008	-0.7114659999999999	0.355069	
0	0.308643	0.599382	-0.738567	0.0	0.59316	0.485716	0.6420600000000001	0.0	0.7435729999999999	-0.636256	-0.205616	0.0	-3.65531	-1.72689	-1.3416	0.343328	0.06490499999999999	0.765672	-0.639948	0.0	0.397305	-0.608108	-0.68728	0.0	-0.9153889999999999	-0.209646	-0.343674	0.0	2.30851	0.345008	-0.7114659999999999	0.355068	
0	0.308643	0.599382	-0.738567	0.0	0.59316	0.485716	0.6420600000000001	0.0	0.7435729999999999	-0.636256	-0.205616	0.0	-3.65531	-1.72689	-1.3416	0.343328	0.0649051	0.765672	-0.639948	0.0	0.397304	-0.608108	-0.68728	0.0	-0.9153889999999999	-0.209646	-0.343674	0.0	2.30851	0.345008	-0.7114659999999999	0.355069	
0	0.308643	0.599382	-0.738567	0.0	0.59316	0.485716	0.6420600000000001	0.0	0.7435729999999999	-0.636256	-0.205616	0.0	-3.65531	-1.7269	-1.3416	0.343328	0.0649052	0.765672	-0.639948	0.0	0.397304	-0.608108	-0.68728	0.0	-0.9153889999999999	-0.209646	-0.343674	0.0	2.30851	0.345008	-0.7114659999999999	0.355068	
0	0.308643	0.599382	-0.738567	0.0	0.59316	0.485716	0.6420600000000001	0.0	0.7435729999999999	-0.636256	-0.205616	0.0	-3.65531	-1.72689	-1.3416	0.343328	0.06490499999999999	0.765672	-0.639948	0.0	0.397305	-0.608108	-0.68728	0.0	-0.9153889999999999	-0.209646	-0.343674	0.0	2.30851	0.345008	-0.7114659999999999	0.355069	
0	0.308643	0.599382	-0.738567	0.0	0.59316	0.485716	0.6420600000000001	0.0	0.7435729999999999	-0.636256	-0.205616	0.0	-3.65531	-1.72689	-1.3416	0.343328	0.06490499999999999	0.765672	-0.639948	0.0	0.397305	-0.608108	-0.68728	0.0	-0.9153889999999999	-0.209646	-0.343674	0.0	2.30851	0.345008	-0.711465	0.355068	
0	0.308643	0.599382	-0.738567	0.0	0.59316	0.485716	0.6420600000000001	0.0	0.7435729999999999	-0.636256	-0.205616	0.0	-3.65531	-1.72689	-1.3416	0.343328	0.06490499999999999	0.765672	-0.639948	0.0	0.397305	-0.608108	-0.68728	0.0	-0.9153889999999999	-0.209646	-0.343674	0.0	2.30851	0.345008	-0.7114659999999999	0.355069	
0	-0.152601	0.8257540000000001	-0.542994	0.0	0.442075	0.548431	0.7097829999999999	0.0	0.8839020000000001	-0.131731	-0.448737	0.0	-3.65961	-1.7554900000000002	-1.38949	0.349256	0.0702175	0.74826	-0.659679	0.0	0.387963	-0.629732	-0.672995	0.0	-0.9189959999999999	-0.208675	-0.334516	0.0	2.27069	0.372925	-0.682621	0.354528	
0	-0.157402	0.828335	-0.537667	0.0	0.44192299999999995	0.545978	0.711767	0.0	0.883136	-0.125574	-0.45199799999999996	0.0	-3.65836	-1.7662900000000001	-1.3899700000000001	0.348529	0.06972660000000001	0.745548	-0.662794	0.0	0.386141	-0.632789	-0.6711739999999999	0.0	-0.919801	-0.20913299999999999	-0.332009	0.0	2.27028	0.364769	-0.682078	0.35476399999999997	
0	-0.148062	0.827907	-0.54097	0.0	0.444028	0.544416	0.711653	0.0	0.8836950000000001	-0.13483699999999998	-0.448221	0.0	-3.65838	-1.78878	-1.39801	0.348686	0.06949010000000001	0.745233	-0.6631729999999999	0.0	0.386571	-0.632955	-0.670769	0.0	-0.919638	-0.20975100000000002	-0.33207	0.0	2.2677	0.359308	-0.6857	0.354771	
0	-0.140767	0.828939	-0.5413359999999999	0.0	0.448655	0.540824	0.71149	0.0	0.882549	-0.142719	-0.448038	0.0	-3.65691	-1.79938	-1.40499	0.348531	0.06911160000000001	0.745	-0.663475	0.0	0.386685	-0.633077	-0.670588	0.0	-0.9196190000000001	-0.21020999999999998	-0.331833	0.0	2.26987	0.358768	-0.687891	0.35476399999999997	
0	-0.079992	0.8124680000000001	-0.577493	0.0	0.49353199999999997	0.5356350000000001	0.6852159999999999	0.0	0.866041	-0.230199	-0.443825	0.0	-3.6406300000000003	-1.91785	-1.4129	0.348935	0.0691301	0.744809	-0.663687	0.0	0.3872	-0.633157	-0.670215	0.0	-0.9194	-0.210648	-0.33216100000000004	0.0	2.27095	0.35661	-0.696453	0.354754	
0	-0.00574247	0.794746	-0.606916	0.0	0.534266	0.515479	0.669956	0.0	0.845297	-0.320407	-0.427565	0.0	-3.6183699999999996	-2.06129	-1.43429	0.349221	0.068853	0.743671	-0.664991	0.0	0.386909	-0.634307	-0.669295	0.0	-0.919544	-0.21120799999999998	-0.331407	0.0	2.26994	0.352114	-0.702576	0.354932	
0	0.0884677	0.738711	-0.668191	0.0	0.60538	0.49283699999999997	0.6250020000000001	0.0	0.7910050000000001	-0.45980200000000004	-0.40360100000000004	0.0	-3.61945	-2.31062	-1.4805	0.349652	0.068284	0.743714	-0.6650020000000001	0.0	0.387923	-0.633898	-0.669096	0.0	-0.9191590000000001	-0.212281	-0.331788	0.0	2.2723	0.348948	-0.703494	0.354904	
0	0.204286	0.657567	-0.725171	0.0	0.6751510000000001	0.44176400000000005	0.590775	0.0	0.708829	-0.610287	-0.353711	0.0	-3.6888900000000002	-2.62751	-1.5830799999999998	0.349319	0.0684784	0.743193	-0.665564	0.0	0.388788	-0.634267	-0.668244	0.0	-0.9187790000000001	-0.21300300000000003	-0.332378	0.0	2.2772900000000003	0.350107	-0.703847	0.354825	
0	0.269592	0.5900989999999999	-0.760988	0.0	0.706375	0.415912	0.572758	0.0	0.654488	-0.691954	-0.304705	0.0	-3.7246	-2.79487	-1.64087	0.349059	0.0690466	0.7427050000000001	-0.66605	0.0	0.388388	-0.634981	-0.667798	0.0	-0.918906	-0.212577	-0.332301	0.0	2.27766	0.349015	-0.709573	0.354876	
0	0.314302	0.5202260000000001	-0.79409	0.0	0.745843	0.382178	0.5455800000000001	0.0	0.587309	-0.763744	-0.267888	0.0	-3.7865300000000004	-3.03048	-1.80115	0.34884	0.0685	0.741166	-0.667818	0.0	0.388338	-0.636405	-0.66647	0.0	-0.918967	-0.21368600000000001	-0.331417	0.0	2.2782400000000003	0.34983200000000003	-0.702519	0.354984	
0	0.324548	0.48181199999999996	-0.8139569999999999	0.0	0.7774479999999999	0.35425700000000004	0.519688	0.0	0.538742	-0.801473	-0.25961	0.0	-3.8258099999999997	-3.13695	-1.92507	0.347659	0.06806319999999999	0.740732	-0.6683439999999999	0.0	0.388866	-0.636613	-0.665963	0.0	-0.9187770000000001	-0.214569	-0.331376	0.0	2.2761400000000003	0.34824	-0.704941	0.354885	
0	0.33711399999999997	0.441572	-0.8314860000000001	0.0	0.803214	0.32582300000000003	0.49868500000000004	0.0	0.491123	-0.835974	-0.244837	0.0	-3.88444	-3.2128	-2.011	0.346749	0.06846619999999999	0.740178	-0.668916	0.0	0.38859699999999997	-0.637321	-0.665443	0.0	-0.918861	-0.214378	-0.331266	0.0	2.2774099999999997	0.349883	-0.70309	0.354823	
0	0.341417	0.423961	-0.8388629999999999	0.0	0.811605	0.317162	0.490617	0.0	0.474058	-0.848331	-0.23580399999999999	0.0	-3.89678	-3.2424	-2.05665	0.345828	0.06854930000000001	0.7402380000000001	-0.668841	0.0	0.388137	-0.6373880000000001	-0.665647	0.0	-0.919049	-0.21397199999999997	-0.33100599999999997	0.0	2.27894	0.34894000000000003	-0.707537	0.35493	
0	0.34633600000000003	0.366568	-0.863527	0.0	0.8385090000000001	0.291799	0.460171	0.0	0.42066000000000003	-0.8834489999999999	-0.20631	0.0	-3.87983	-3.36102	-2.14573	0.34372600000000003	0.0675582	0.735892	-0.673721	0.0	0.387653	-0.64157	-0.6619010000000001	0.0	-0.919326	-0.216453	-0.32861399999999996	0.0	2.27828	0.346354	-0.7115600000000001	0.35488800000000004	
0	0.351927	0.328759	-0.876393	0.0	0.8493	0.28145	0.44662700000000005	0.0	0.393494	-0.901501	-0.18016500000000002	0.0	-3.8599900000000003	-3.4407900000000002	-2.19616	0.343441	0.0671669	0.734642	-0.675122	0.0	0.387964	-0.642632	-0.6606890000000001	0.0	-0.9192239999999999	-0.21754600000000002	-0.328178	0.0	2.27475	0.346896	-0.710799	0.354935	
0	0.354725	0.288792	-0.889252	0.0	0.861426	0.2688	0.43091999999999997	0.0	0.363477	-0.918883	-0.153423	0.0	-3.85834	-3.52145	-2.2798700000000003	0.34369	0.06747660000000001	0.734017	-0.675771	0.0	0.38808000000000004	-0.6432869999999999	-0.659982	0.0	-0.9191520000000001	-0.21771999999999997	-0.328264	0.0	2.2742	0.3504	-0.709587	0.354887	
0	0.357277	0.254318	-0.898708	0.0	0.86464	0.273812	0.42121800000000004	0.0	0.3532	-0.92755	-0.12206600000000001	0.0	-3.8292900000000003	-3.5653099999999998	-2.33287	0.34441900000000003	0.06760319999999999	0.733452	-0.676372	0.0	0.38760500000000003	-0.64398	-0.6595850000000001	0.0	-0.919343	-0.217575	-0.327825	0.0	2.27461	0.349688	-0.707847	0.354943	
0	0.353086	0.229787	-0.906933	0.0	0.872188	0.269935	0.407951	0.0	0.338555	-0.935058	-0.10510699999999999	0.0	-3.76011	-3.593	-2.35827	0.344859	0.0673565	0.7317819999999999	-0.678203	0.0	0.386393	-0.645835	-0.658482	0.0	-0.9198719999999999	-0.21769899999999998	-0.326256	0.0	2.27211	0.347174	-0.677528	0.355018	
0	0.34819	0.204853	-0.914767	0.0	0.8829819999999999	0.25604	0.393429	0.0	0.314812	-0.9447110000000001	-0.09173150000000001	0.0	-3.72376	-3.5954599999999997	-2.3777	0.345062	0.0661801	0.729494	-0.680778	0.0	0.387061	-0.647618	-0.656335	0.0	-0.919676	-0.22006599999999998	-0.325218	0.0	2.26945	0.337953	-0.6432829999999999	0.354985	
0	0.349026	0.189112	-0.917833	0.0	0.8887780000000001	0.243691	0.388187	0.0	0.297078	-0.9512370000000001	-0.0830241	0.0	-3.70634	-3.5952900000000003	-2.3878	0.344292	0.06598760000000001	0.7289760000000001	-0.6813520000000001	0.0	0.387518	-0.647964	-0.655724	0.0	-0.9194979999999999	-0.220766	-0.32524899999999995	0.0	2.2705900000000003	0.338379	-0.644655	0.355	
0	0.364191	0.151517	-0.918916	0.0	0.894241	0.218763	0.39048299999999997	0.0	0.26019000000000003	-0.963943	-0.055821	0.0	-3.6704	-3.5962400000000003	-2.4100200000000003	0.345781	0.0656225	0.727594	-0.682862	0.0	0.388499	-0.6489699999999999	-0.654146	0.0	-0.91911	-0.22236399999999998	-0.325257	0.0	2.2734	0.339146	-0.6340020000000001	0.354998	
0	0.371126	0.13459100000000002	-0.9187770000000001	0.0	0.8935420000000001	0.217479	0.392791	0.0	0.252681	-0.966741	-0.039550800000000004	0.0	-3.6553699999999996	-3.5961800000000004	-2.42282	0.347987	0.0657502	0.7271850000000001	-0.683285	0.0	0.387965	-0.64952	-0.653917	0.0	-0.919326	-0.222095	-0.324828	0.0	2.2715	0.341074	-0.635354	0.355026	
0	0.377326	0.12626099999999998	-0.9174329999999999	0.0	0.891367	0.219177	0.39676999999999996	0.0	0.251177	-0.9674809999999999	-0.029843099999999997	0.0	-3.64534	-3.59639	-2.42848	0.351121	0.06495459999999999	0.7271770000000001	-0.68337	0.0	0.388308	-0.649259	-0.653972	0.0	-0.9192370000000001	-0.22288000000000002	-0.32454099999999997	0.0	2.2711799999999998	0.336524	-0.6328600000000001	0.355025	
0	0.395493	0.10404100000000001	-0.912557	0.0	0.8877729999999999	0.211414	0.408856	0.0	0.235465	-0.971843	-0.00875226	0.0	-3.62395	-3.59775	-2.44076	0.353199	0.0626758	0.72401	-0.686937	0.0	0.390642	-0.651171	-0.650672	0.0	-0.918406	-0.22756500000000002	-0.323641	0.0	2.27113	0.327081	-0.642282	0.35493	
0	0.412446	0.08791399999999999	-0.9067299999999999	0.0	0.884991	0.197389	0.421696	0.0	0.216052	-0.976375	0.00360918	0.0	-3.6025699999999996	-3.60051	-2.4447099999999997	0.355763	0.0623803	0.723546	-0.6874520000000001	0.0	0.390986	-0.651456	-0.6501819999999999	0.0	-0.9182809999999999	-0.228225	-0.323534	0.0	2.2724599999999997	0.326345	-0.6421020000000001	0.35496300000000003	
0	0.42751999999999996	0.0799235	-0.900466	0.0	0.8788870000000001	0.196431	0.43471000000000004	0.0	0.211623	-0.9772549999999999	0.013734399999999999	0.0	-3.5975699999999997	-3.60114	-2.44719	0.357321	0.0619876	0.72251	-0.688577	0.0	0.39114299999999996	-0.652303	-0.649237	0.0	-0.91824	-0.22908699999999999	-0.32303899999999997	0.0	2.2761400000000003	0.322641	-0.64456	0.354851	
0	0.42891	0.07913060000000001	-0.899875	0.0	0.8779459999999999	0.198051	0.435874	0.0	0.21271199999999998	-0.976992	0.015473400000000002	0.0	-3.59714	-3.60106	-2.44797	0.358112	0.061326099999999995	0.72168	-0.689505	0.0	0.391309	-0.652887	-0.6485489999999999	0.0	-0.918214	-0.230037	-0.322439	0.0	2.2751900000000003	0.321525	-0.643243	0.354902	
0	0.441326	0.06644630000000001	-0.894883	0.0	0.869292	0.21575500000000003	0.444725	0.0	0.22262600000000002	-0.974184	0.0374569	0.0	-3.5242400000000003	-3.5991699999999995	-2.46465	0.358977	0.0569111	0.7183729999999999	-0.693326	0.0	0.394658	-0.6540779999999999	-0.645312	0.0	-0.917064	-0.236902	-0.320736	0.0	2.27299	0.30222	-0.6250220000000001	0.354944	
0	0.445691	0.06584960000000001	-0.8927620000000001	0.0	0.865296	0.223869	0.448492	0.0	0.229395	-0.972392	0.0427971	0.0	-3.45066	-3.5979900000000002	-2.47296	0.358642	0.056434000000000005	0.718288	-0.693453	0.0	0.39562600000000003	-0.653791	-0.645009	0.0	-0.916676	-0.237948	-0.32106999999999997	0.0	2.27242	0.296263	-0.630691	0.35489499999999996	
0	0.453934	0.06423530000000001	-0.888717	0.0	0.8616229999999999	0.222505	0.456178	0.0	0.22704699999999997	-0.9728129999999999	0.045656	0.0	-3.4249400000000003	-3.5943400000000003	-2.47641	0.343444	0.054492200000000005	0.717638	-0.694281	0.0	0.39794	-0.653319	-0.6440640000000001	0.0	-0.915792	-0.241186	-0.321178	0.0	2.27273	0.28470500000000004	-0.640487	0.354821	
0	0.45643900000000004	0.06409590000000001	-0.887443	0.0	0.859992	0.224034	0.45850100000000005	0.0	0.22820500000000002	-0.9724709999999999	0.0471359	0.0	-3.4216699999999998	-3.5928400000000003	-2.4765599999999997	0.336803	0.053316300000000004	0.717317	-0.694704	0.0	0.398804	-0.6531	-0.643752	0.0	-0.915485	-0.24272800000000003	-0.32089	0.0	2.2763400000000003	0.282071	-0.6440520000000001	0.35489899999999996	
0	0.461584	0.0634563	-0.8848239999999999	0.0	0.858193	0.22059299999999998	0.463512	0.0	0.22459899999999997	-0.9733	0.04736459999999999	0.0	-3.39715	-3.5868	-2.46861	0.293943	0.0516351	0.716399	-0.695778	0.0	0.401285	-0.652871	-0.642441	0.0	-0.9144969999999999	-0.24603200000000003	-0.321191	0.0	2.27942	0.271402	-0.6410859999999999	0.35491	
0	0.46365	0.060887699999999996	-0.8839239999999999	0.0	0.857665	0.219518	0.46499700000000005	0.0	0.222349	-0.973707	0.049558	0.0	-3.38844	-3.58253	-2.4672099999999997	0.28184699999999996	0.0501611	0.715406	-0.6969069999999999	0.0	0.402742	-0.653025	-0.641371	0.0	-0.9139379999999999	-0.24850100000000003	-0.32088	0.0	2.27996	0.268173	-0.640803	0.35484099999999996	
0	0.47369799999999995	0.0469393	-0.8794360000000001	0.0	0.855701	0.211648	0.472209	0.0	0.208296	-0.976218	0.060091099999999995	0.0	-3.30266	-3.5840300000000003	-2.45968	0.19133499999999998	0.0478315	0.713499	-0.699022	0.0	0.405465	-0.6534409999999999	-0.639229	0.0	-0.912858	-0.252854	-0.320554	0.0	2.27957	0.266982	-0.638084	0.354691	
0	0.478338	0.0444799	-0.877049	0.0	0.849982	0.22758499999999998	0.47511800000000004	0.0	0.22073600000000002	-0.972742	0.0710552	0.0	-3.21247	-3.58163	-2.50135	0.112971	0.0443209	0.712184	-0.700593	0.0	0.40922	-0.652691	-0.637601	0.0	-0.911359	-0.258437	-0.320368	0.0	2.2758700000000003	0.261941	-0.6336390000000001	0.354593	
0	0.47038500000000005	0.043050599999999994	-0.8814110000000001	0.0	0.8567290000000001	0.21716300000000002	0.46781999999999996	0.0	0.21155	-0.9751860000000001	0.0652676	0.0	-3.2147200000000002	-3.58143	-2.50219	0.113704	0.040657599999999995	0.71136	-0.701651	0.0	0.41325200000000006	-0.651327	-0.636393	0.0	-0.909709	-0.26408400000000004	-0.320452	0.0	2.27758	0.251397	-0.641412	0.354575	
0	0.45922700000000005	0.0406532	-0.887388	0.0	0.864144	0.211019	0.45686499999999997	0.0	0.20582899999999998	-0.9766360000000001	0.0617754	0.0	-3.21576	-3.5821199999999997	-2.49914	0.11395599999999999	0.038631	0.710079	-0.703062	0.0	0.415583	-0.651269	-0.634933	0.0	-0.9087350000000001	-0.267652	-0.320256	0.0	2.2812200000000002	0.23562800000000003	-0.6498520000000001	0.35425100000000004	
0	0.445583	0.0402132	-0.894337	0.0	0.8698799999999999	0.216648	0.443139	0.0	0.211577	-0.9754209999999999	0.0615543	0.0	-3.2237	-3.5829199999999997	-2.50052	0.11426700000000001	0.0384937	0.70985	-0.7033	0.0	0.41470500000000005	-0.651697	-0.6350680000000001	0.0	-0.909141	-0.267216	-0.31946399999999997	0.0	2.28398	0.22920500000000002	-0.653151	0.354069	
0	0.43684700000000004	0.0403974	-0.8986280000000001	0.0	0.8713489999999999	0.229116	0.433886	0.0	0.22341799999999998	-0.972561	0.0648885	0.0	-3.23589	-3.5828599999999997	-2.50378	0.114076	0.035830900000000006	0.707867	-0.705436	0.0	0.416371	-0.6522789999999999	-0.633378	0.0	-0.908489	-0.271029	-0.31810700000000003	0.0	2.28306	0.223421	-0.654339	0.35304	
0	0.43723999999999996	0.0423119	-0.898349	0.0	0.870448	0.23126799999999997	0.43455299999999997	0.0	0.226146	-0.9719690000000001	0.0642895	0.0	-3.23705	-3.5828300000000004	-2.50257	0.114077	0.036103300000000005	0.708374	-0.704913	0.0	0.417171	-0.651658	-0.633491	0.0	-0.9081110000000001	-0.271198	-0.31904	0.0	2.2818099999999997	0.22195900000000002	-0.650405	0.353073	
0	0.437946	0.0391767	-0.8981469999999999	0.0	0.871317	0.227523	0.434788	0.0	0.221383	-0.972984	0.0655076	0.0	-3.2345099999999998	-3.58271	-2.50434	0.113925	0.0337465	0.707715	-0.705691	0.0	0.420203	-0.650699	-0.632471	0.0	-0.906803	-0.27519	-0.319342	0.0	2.27914	0.220033	-0.644899	0.35320999999999997	
0	0.438747	0.0361801	-0.897882	0.0	0.8718440000000001	0.224915	0.435087	0.0	0.217689	-0.973706	0.06713739999999999	0.0	-3.23306	-3.5817	-2.4988200000000003	0.113906	0.0322119	0.705867	-0.707612	0.0	0.421501	-0.651537	-0.630742	0.0	-0.9062549999999999	-0.277942	-0.318511	0.0	2.2803299999999997	0.213844	-0.644587	0.353202	
