0	0.187372	0.8223219999999999	-0.537287	0.0	0.34174099999999996	0.45823400000000003	0.820509	0.0	0.920926	-0.337354	-0.195161	0.0	-2.7802700000000002	2.0310200000000003	1.3336299999999999	0.00012517	-0.333383	0.71926	-0.609525	0.0	0.475612	-0.42990900000000004	-0.7674449999999999	0.0	-0.814033	-0.54575	-0.198764	0.0	2.62839	2.05018	1.51216	7.012860000000001e-06	
0	0.0397225	0.8521	-0.52187	0.0	0.171093	0.5087689999999999	0.8437309999999999	0.0	0.984454	-0.122804	-0.125579	0.0	-2.93866	2.06173	1.24975	0.0	-0.0703038	0.74502	-0.663327	0.0	0.0694948	-0.659698	-0.748311	0.0	-0.995102	-0.0987068	-0.00539576	0.0	2.77224	2.13672	1.38923	0.0	
0	-0.0180233	0.8352879999999999	-0.5495180000000001	0.0	0.14819300000000002	0.545768	0.824728	0.0	0.9887940000000001	-0.0665703	-0.13362000000000002	0.0	-2.9839	2.1070599999999997	1.16083	0.0	-0.0233393	0.71834	-0.6953010000000001	0.0	0.0436325	-0.694096	-0.7185590000000001	0.0	-0.998775	-0.0471084	-0.015143200000000002	0.0	2.79612	2.16692	1.27142	0.0	
0	-0.10274900000000001	0.762679	-0.638564	0.0	0.134375	0.64672	0.750798	0.0	0.9855889999999999	-0.00866351	-0.168934	0.0	-2.95312	2.15881	1.06274	0.339469	0.0506645	0.686643	-0.7252270000000001	0.0	0.0202626	-0.7267170000000001	-0.686638	0.0	-0.99851	0.020093299999999998	-0.050732099999999995	0.0	2.81276	2.22857	1.13666	0.224275	
0	-0.147334	0.617421	-0.772712	0.0	0.11604300000000001	0.786633	0.606418	0.0	0.9822559999999999	-0.000322312	-0.18754500000000002	0.0	-2.76151	2.16914	1.05062	0.349117	0.0888116	0.687916	-0.720336	0.0	0.00906253	-0.723722	-0.690032	0.0	-0.996007	0.054754899999999995	-0.07050930000000001	0.0	2.75055	2.2416	1.0369700000000002	0.353192	
0	-0.053845800000000006	0.469081	-0.8815120000000001	0.0	0.21089699999999997	0.8682209999999999	0.449126	0.0	0.976024	-0.161724	-0.145678	0.0	-2.7427200000000003	2.00304	1.16857	0.204911	0.0714023	0.707109	-0.70349	0.0	0.0130034	-0.70589	-0.708202	0.0	-0.9973629999999999	0.041419599999999994	-0.059597199999999996	0.0	2.72175	2.1573700000000002	0.9807600000000001	0.293607	
0	-0.0705799	0.460074	-0.8850709999999999	0.0	0.219477	0.8727030000000001	0.43614200000000003	0.0	0.9730610000000001	-0.16347	-0.162571	0.0	-2.82476	1.9093900000000001	1.08037	0.0	0.048848800000000005	0.6988310000000001	-0.7136170000000001	0.0	0.0401151	-0.715266	-0.6977	0.0	-0.998	0.00545502	-0.06297380000000001	0.0	2.70992	2.06514	0.9283370000000001	0.000976563	
0	-0.13883199999999998	0.499349	-0.8552049999999999	0.0	0.14994200000000002	0.8642110000000001	0.480267	0.0	0.978899	-0.061555099999999995	-0.194854	0.0	-2.89207	1.88045	0.869793	0.00119597	0.057082100000000004	0.700562	-0.711305	0.0	0.0137931	-0.712952	-0.7010770000000001	0.0	-0.998274	0.0302079	-0.0503598	0.0	2.73598	1.99255	0.809141	0.0	
0	-0.178173	0.7443029999999999	-0.643636	0.0	0.180867	0.66773	0.722097	0.0	0.967234	0.0122454	-0.253591	0.0	-2.92932	1.90831	0.49397299999999994	0.35600000000000004	0.0778051	0.700964	-0.70894	0.0	-0.017679900000000002	-0.710013	-0.703966	0.0	-0.996812	0.0673063	-0.0428499	0.0	2.6929	1.9247599999999998	0.684512	0.0	
0	-0.177999	0.877602	-0.44511999999999996	0.0	0.193524	0.474729	0.858592	0.0	0.9648129999999999	0.0666873	-0.254338	0.0	-2.99963	1.9202599999999999	0.24924899999999997	0.354878	0.09334880000000001	0.717762	-0.6900029999999999	0.0	-0.0144043	-0.691984	-0.72177	0.0	-0.9955290000000001	0.0773154	-0.0542572	0.0	2.68303	1.8781599999999998	0.558484	0.137706	
0	-0.149768	0.942192	-0.29974	0.0	0.232769	0.32823800000000003	0.915466	0.0	0.960931	0.0673372	-0.268472	0.0	-3.13964	1.9343700000000001	-0.00409146	0.353197	0.09689060000000001	0.74092	-0.664568	0.0	0.0283235	-0.669492	-0.74228	0.0	-0.994892	0.0530971	-0.0858531	0.0	2.6292299999999997	1.77988	0.353433	0.360914	
0	-0.130982	0.9582149999999999	-0.254298	0.0	0.22387800000000002	0.278471	0.9339870000000001	0.0	0.965775	0.0654042	-0.250998	0.0	-3.21348	1.91373	-0.117424	0.342537	0.08713860000000001	0.767256	-0.635394	0.0	0.0382453	-0.639927	-0.767484	0.0	-0.9954620000000001	0.0425767	-0.0851064	0.0	2.56962	1.6648	0.196145	0.35227800000000004	
0	-0.060027	0.9702620000000001	-0.234496	0.0	0.21882100000000002	0.24199600000000002	0.9452809999999999	0.0	0.973917	0.00542969	-0.22684	0.0	-3.22174	1.7780599999999998	-0.177095	0.327833	0.0759582	0.784171	-0.615879	0.0	0.0663403	-0.62027	-0.781579	0.0	-0.9949020000000001	0.0185098	-0.099137	0.0	2.54675	1.58451	0.0644994	0.350632	
0	-0.00224173	0.923759	-0.382968	0.0	0.26760300000000004	0.369556	0.889841	0.0	0.963527	-0.100489	-0.248029	0.0	-3.21424	1.55549	-0.25708000000000003	0.34357600000000005	0.06220560000000001	0.778692	-0.624316	0.0	0.085328	-0.627386	-0.774019	0.0	-0.994409	-0.00512326	-0.10547100000000001	0.0	2.49353	1.47379	-0.0324906	0.340624	
0	0.06392769999999999	0.7928649999999999	-0.606035	0.0	0.35707300000000003	0.5489	0.755783	0.0	0.9318860000000001	-0.264714	-0.248021	0.0	-3.11755	1.24264	-0.296283	0.35575500000000004	0.06542619999999999	0.718771	-0.6921609999999999	0.0	0.0881143	-0.695099	-0.713494	0.0	-0.993959	-0.014308000000000001	-0.10881199999999999	0.0	2.4283	1.39444	-0.116599	0.332392	
0	0.0433293	0.565142	-0.8238549999999999	0.0	0.4015	0.745257	0.532343	0.0	0.914833	-0.353844	-0.194613	0.0	-3.03067	0.9283610000000001	-0.31073	0.361327	0.0893201	0.621196	-0.7785479999999999	0.0	0.0821084	-0.783604	-0.615811	0.0	-0.992613	-0.008921	-0.12099700000000001	0.0	2.3525	1.28146	-0.250469	0.328809	
0	0.035975599999999996	0.44565	-0.8944840000000001	0.0	0.48575	0.774419	0.40536700000000003	0.0	0.8733569999999999	-0.449079	-0.188614	0.0	-2.9476299999999998	0.602308	-0.33516	0.362392	0.101573	0.591993	-0.799517	0.0	0.07227919999999999	-0.805941	-0.5875670000000001	0.0	-0.9921989999999999	0.00189278	-0.124651	0.0	2.26651	1.20066	-0.325776	0.331811	
0	0.0701252	0.299954	-0.9513729999999999	0.0	0.6025689999999999	0.747322	0.280035	0.0	0.79498	-0.592905	-0.12833699999999998	0.0	-3.08661	0.0787423	-0.436275	0.363966	0.120593	0.5457569999999999	-0.8292200000000001	0.0	0.061739499999999996	-0.837823	-0.5424399999999999	0.0	-0.9907799999999999	0.0142187	-0.13473	0.0	2.19142	1.1385299999999998	-0.389069	0.34679299999999996	
0	0.0965455	0.309925	-0.9458469999999999	0.0	0.644474	0.704716	0.296697	0.0	0.7585069999999999	-0.6382180000000001	-0.131701	0.0	-3.21923	-0.223588	-0.5535439999999999	0.363315	0.13839500000000002	0.52627	-0.83898	0.0	0.060033	-0.850032	-0.5233	0.0	-0.988556	0.022055500000000002	-0.149234	0.0	2.15046	1.0945200000000002	-0.397976	0.34949	
0	0.115652	0.36557199999999995	-0.9235700000000001	0.0	0.653338	0.6723680000000001	0.347953	0.0	0.748181	-0.643645	-0.161081	0.0	-3.31245	-0.467131	-0.7354510000000001	0.362163	0.135478	0.543164	-0.828625	0.0	0.0649601	-0.839405	-0.53961	0.0	-0.988649	0.0192776	-0.149005	0.0	2.13603	1.02518	-0.419775	0.348505	
0	0.141198	0.363234	-0.9209370000000001	0.0	0.6769069999999999	0.6433939999999999	0.357549	0.0	0.722399	-0.6738729999999999	-0.155029	0.0	-3.3422199999999997	-0.6927979999999999	-0.892444	0.360675	0.133865	0.5571010000000001	-0.819585	0.0	0.07054099999999999	-0.8302870000000001	-0.552854	0.0	-0.9884860000000001	0.0161934	-0.150445	0.0	2.14597	0.946888	-0.44842600000000005	0.341886	
0	0.209858	0.314015	-0.925934	0.0	0.734124	0.574883	0.361347	0.0	0.645772	-0.755582	-0.109882	0.0	-3.41184	-0.9550870000000001	-0.980592	0.359244	0.13157	0.5758489999999999	-0.806899	0.0	0.0818015	-0.8175060000000001	-0.5700810000000001	0.0	-0.987926	0.00899988	-0.154665	0.0	2.16637	0.900301	-0.466212	0.342514	
0	0.23266900000000001	0.30333699999999997	-0.924041	0.0	0.745437	0.554617	0.369763	0.0	0.6246510000000001	-0.774846	-0.09707669999999999	0.0	-3.51508	-1.14695	-1.1180700000000001	0.35737199999999997	0.12413800000000001	0.598065	-0.791775	0.0	0.099616	-0.801428	-0.589737	0.0	-0.987252	-0.00566474	-0.159064	0.0	2.19655	0.8303709999999999	-0.51125	0.34218699999999996	
0	0.186568	0.20740999999999998	-0.960299	0.0	0.7760640000000001	0.568258	0.27351	0.0	0.602426	-0.796281	-0.0549443	0.0	-3.55015	-1.28206	-1.19365	0.355998	0.12805999999999998	0.611992	-0.7804270000000001	0.0	0.114254	-0.790771	-0.601355	0.0	-0.9851629999999999	-0.0121581	-0.171189	0.0	2.22697	0.800305	-0.550813	0.339172	
0	0.183886	0.059609699999999995	-0.981138	0.0	0.8425030000000001	0.504612	0.18856099999999998	0.0	0.5063340000000001	-0.8612860000000001	0.042569800000000005	0.0	-3.56736	-1.50918	-1.15865	0.354724	0.132297	0.61556	-0.776907	0.0	0.114222	-0.788043	-0.604932	0.0	-0.984607	-0.00870946	-0.174566	0.0	2.24284	0.768357	-0.582132	0.33867800000000003	
0	0.182827	0.00268912	-0.983142	0.0	0.858892	0.486176	0.161051	0.0	0.47841300000000003	-0.873857	0.08657619999999999	0.0	-3.6025	-1.7275	-1.23108	0.350514	0.156886	0.578752	-0.800271	0.0	0.10117999999999999	-0.8154600000000001	-0.569901	0.0	-0.9824200000000001	0.00843847	-0.18649200000000002	0.0	2.2238700000000002	0.7713770000000001	-0.5886779999999999	0.33909	
0	0.184149	-0.0406744	-0.9820559999999999	0.0	0.847582	0.512486	0.137707	0.0	0.49768900000000005	-0.8577319999999999	0.128849	0.0	-3.53079	-1.8692	-1.3030899999999999	0.345459	0.15538	0.5778840000000001	-0.801191	0.0	0.100586	-0.816082	-0.569117	0.0	-0.982721	0.00784075	-0.18492999999999998	0.0	2.20532	0.78705	-0.565278	0.339548	
0	0.192082	-0.0230449	-0.981108	0.0	0.842615	0.516372	0.152839	0.0	0.503095	-0.8560540000000001	0.118604	0.0	-3.43174	-1.8648900000000002	-1.44992	0.335596	0.160638	0.572751	-0.803836	0.0	0.10460499999999999	-0.8197049999999999	-0.563154	0.0	-0.981455	0.00637865	-0.191588	0.0	2.2031	0.772176	-0.578997	0.33889600000000003	
0	0.20116099999999998	-0.014991599999999999	-0.9794440000000001	0.0	0.834548	0.526162	0.163348	0.0	0.512897	-0.850252	0.118354	0.0	-3.3708199999999997	-1.84625	-1.59915	0.333201	0.161171	0.575404	-0.801832	0.0	0.10705999999999999	-0.817852	-0.565381	0.0	-0.981102	0.00527859	-0.193417	0.0	2.2067	0.754613	-0.587024	0.338277	
0	0.20809899999999998	0.010599299999999999	-0.97805	0.0	0.817114	0.547723	0.179792	0.0	0.537606	-0.836593	0.10532000000000001	0.0	-3.29334	-1.8472	-1.64408	0.333074	0.16136	0.577136	-0.8005479999999999	0.0	0.10780899999999999	-0.816631	-0.567001	0.0	-0.9809899999999999	0.00518546	-0.193992	0.0	2.21842	0.740061	-0.577204	0.336826	
0	0.215151	0.0229579	-0.976311	0.0	0.809894	0.5544319999999999	0.19151500000000002	0.0	0.5456949999999999	-0.8319129999999999	0.10069299999999999	0.0	-3.21932	-1.8549400000000003	-1.65681	0.332947	0.163027	0.574613	-0.8020229999999999	0.0	0.10651	-0.818398	-0.564695	0.0	-0.980856	0.00663695	-0.194624	0.0	2.21794	0.739418	-0.564645	0.338365	
0	0.215457	0.0237289	-0.976225	0.0	0.8092199999999999	0.555214	0.19209400000000001	0.0	0.5465720000000001	-0.831369	0.100423	0.0	-3.1918	-1.85968	-1.6538400000000002	0.335421	0.160959	0.5739	-0.802951	0.0	0.105625	-0.818904	-0.564128	0.0	-0.9812930000000001	0.00599	-0.192428	0.0	2.20663	0.735229	-0.551154	0.338453	
0	0.214646	0.022418599999999997	-0.976434	0.0	0.807924	0.5576770000000001	0.190407	0.0	0.548804	-0.8297549999999999	0.101591	0.0	-3.18843	-1.8629200000000001	-1.6478099999999998	0.336133	0.160723	0.575342	-0.801966	0.0	0.106547	-0.8178949999999999	-0.5654170000000001	0.0	-0.981232	0.00542837	-0.19275599999999998	0.0	2.2026	0.726214	-0.545632	0.338604	
0	0.214698	0.022456599999999997	-0.9764219999999999	0.0	0.8079569999999999	0.557605	0.190479	0.0	0.548736	-0.8298030000000001	0.10157200000000001	0.0	-3.18885	-1.86307	-1.64667	0.336135	0.16076600000000002	0.57533	-0.801966	0.0	0.10651300000000001	-0.8179029999999999	-0.565411	0.0	-0.9812290000000001	0.00547889	-0.192771	0.0	2.20192	0.725755	-0.5443279999999999	0.338656	
0	0.214698	0.022456099999999996	-0.9764219999999999	0.0	0.807958	0.557603	0.190479	0.0	0.548734	-0.8298040000000001	0.10157200000000001	0.0	-3.18885	-1.86306	-1.6466900000000002	0.336135	0.16076700000000002	0.575329	-0.801967	0.0	0.10651300000000001	-0.817904	-0.5654100000000001	0.0	-0.9812280000000001	0.00548002	-0.192772	0.0	2.20194	0.725766	-0.544354	0.33865500000000004	
0	0.214698	0.022456099999999996	-0.9764219999999999	0.0	0.807958	0.557603	0.190479	0.0	0.548734	-0.8298040000000001	0.101573	0.0	-3.18885	-1.86306	-1.6466900000000002	0.336135	0.16076700000000002	0.575329	-0.801967	0.0	0.10651300000000001	-0.817904	-0.5654100000000001	0.0	-0.9812280000000001	0.00547996	-0.192772	0.0	2.20194	0.725767	-0.544354	0.338656	
0	0.214698	0.022456	-0.9764219999999999	0.0	0.807958	0.557604	0.190479	0.0	0.548734	-0.8298040000000001	0.101573	0.0	-3.18885	-1.86306	-1.6466900000000002	0.336135	0.16076700000000002	0.575329	-0.801967	0.0	0.10651300000000001	-0.817904	-0.5654100000000001	0.0	-0.9812280000000001	0.00547996	-0.192772	0.0	2.20194	0.725767	-0.544354	0.33865500000000004	
0	0.214698	0.022456099999999996	-0.9764219999999999	0.0	0.807958	0.557603	0.190479	0.0	0.548734	-0.8298040000000001	0.101573	0.0	-3.18885	-1.86306	-1.6466900000000002	0.336135	0.16076700000000002	0.575329	-0.801967	0.0	0.10651300000000001	-0.817904	-0.5654100000000001	0.0	-0.9812280000000001	0.0054799	-0.192772	0.0	2.20194	0.725767	-0.544354	0.33865500000000004	
0	0.214698	0.022456099999999996	-0.9764219999999999	0.0	0.807958	0.557603	0.190479	0.0	0.548734	-0.8298040000000001	0.101573	0.0	-3.18885	-1.86306	-1.6466900000000002	0.336135	0.16076700000000002	0.575329	-0.801967	0.0	0.10651300000000001	-0.817904	-0.5654100000000001	0.0	-0.9812280000000001	0.00547999	-0.192772	0.0	2.20194	0.725767	-0.544354	0.338656	
0	0.214698	0.022456099999999996	-0.9764219999999999	0.0	0.807958	0.557603	0.19047999999999998	0.0	0.548734	-0.8298040000000001	0.101573	0.0	-3.18885	-1.86306	-1.6466900000000002	0.336135	0.16076700000000002	0.575329	-0.801967	0.0	0.10651300000000001	-0.817904	-0.5654100000000001	0.0	-0.9812280000000001	0.00547996	-0.192772	0.0	2.20194	0.725767	-0.544354	0.33865500000000004	
0	0.214698	0.022456099999999996	-0.9764219999999999	0.0	0.807958	0.557603	0.190479	0.0	0.548734	-0.8298040000000001	0.101573	0.0	-3.18885	-1.86306	-1.6466900000000002	0.336135	0.16076700000000002	0.575329	-0.801967	0.0	0.10651300000000001	-0.817904	-0.5654100000000001	0.0	-0.9812280000000001	0.00547984	-0.192772	0.0	2.20194	0.725767	-0.544354	0.33865500000000004	
0	0.214698	0.022456099999999996	-0.9764219999999999	0.0	0.807958	0.557603	0.190479	0.0	0.548734	-0.8298040000000001	0.101573	0.0	-3.18885	-1.86306	-1.6466900000000002	0.336135	0.16076700000000002	0.575329	-0.801967	0.0	0.10651300000000001	-0.817904	-0.5654100000000001	0.0	-0.9812280000000001	0.0054799	-0.192772	0.0	2.20194	0.7257680000000001	-0.544354	0.338656	
0	0.214698	0.022456099999999996	-0.9764219999999999	0.0	0.807958	0.557603	0.190479	0.0	0.548734	-0.8298040000000001	0.101573	0.0	-3.18885	-1.86306	-1.6466900000000002	0.336135	0.16076700000000002	0.575329	-0.801967	0.0	0.10651300000000001	-0.817904	-0.5654100000000001	0.0	-0.9812280000000001	0.00548005	-0.192772	0.0	2.20194	0.725766	-0.544354	0.338656	
0	0.214698	0.022456099999999996	-0.9764219999999999	0.0	0.807958	0.557603	0.190479	0.0	0.548734	-0.8298040000000001	0.101573	0.0	-3.18885	-1.86306	-1.6466900000000002	0.336135	0.16076700000000002	0.575329	-0.801967	0.0	0.10651300000000001	-0.817904	-0.5654100000000001	0.0	-0.9812280000000001	0.00547996	-0.192772	0.0	2.20194	0.725767	-0.544354	0.338656	
0	0.214698	0.022456099999999996	-0.9764219999999999	0.0	0.807958	0.557603	0.190479	0.0	0.548734	-0.8298040000000001	0.101573	0.0	-3.18885	-1.86306	-1.6466900000000002	0.336135	0.16076700000000002	0.575329	-0.801967	0.0	0.10651300000000001	-0.817904	-0.5654100000000001	0.0	-0.9812280000000001	0.00547996	-0.192772	0.0	2.20194	0.725767	-0.544354	0.33865500000000004	
0	0.214698	0.022456099999999996	-0.9764219999999999	0.0	0.807958	0.557603	0.190479	0.0	0.548734	-0.8298040000000001	0.101573	0.0	-3.18885	-1.86306	-1.6466900000000002	0.336135	0.16076700000000002	0.575329	-0.801967	0.0	0.10651300000000001	-0.817904	-0.5654100000000001	0.0	-0.9812280000000001	0.00547996	-0.192772	0.0	2.20194	0.725767	-0.544354	0.33865500000000004	
0	0.214698	0.022456099999999996	-0.9764219999999999	0.0	0.807958	0.557603	0.190479	0.0	0.548734	-0.8298040000000001	0.101573	0.0	-3.18885	-1.86306	-1.6466900000000002	0.336135	0.16076700000000002	0.575329	-0.801967	0.0	0.10651300000000001	-0.817904	-0.5654100000000001	0.0	-0.9812280000000001	0.0054799	-0.192772	0.0	2.20194	0.725767	-0.544354	0.33865500000000004	
0	0.214698	0.022456099999999996	-0.9764219999999999	0.0	0.807958	0.557603	0.19047999999999998	0.0	0.548734	-0.8298040000000001	0.101573	0.0	-3.18885	-1.86306	-1.6466900000000002	0.336135	0.16076700000000002	0.575329	-0.801967	0.0	0.10651300000000001	-0.817904	-0.5654100000000001	0.0	-0.9812280000000001	0.0054799	-0.192772	0.0	2.20194	0.725767	-0.544354	0.33865500000000004	
0	0.214698	0.022456099999999996	-0.9764219999999999	0.0	0.807958	0.557603	0.19047999999999998	0.0	0.548734	-0.8298040000000001	0.101573	0.0	-3.18885	-1.86306	-1.6466900000000002	0.336135	0.16076700000000002	0.575329	-0.801967	0.0	0.10651300000000001	-0.817904	-0.5654100000000001	0.0	-0.9812280000000001	0.0054799	-0.192772	0.0	2.20194	0.725767	-0.544354	0.33865500000000004	
0	0.214698	0.022456099999999996	-0.9764219999999999	0.0	0.807958	0.557603	0.190479	0.0	0.548734	-0.8298040000000001	0.101573	0.0	-3.18885	-1.86306	-1.6466900000000002	0.336135	0.16076700000000002	0.575329	-0.801967	0.0	0.10651300000000001	-0.817904	-0.5654100000000001	0.0	-0.9812280000000001	0.00547999	-0.192772	0.0	2.20194	0.725766	-0.544354	0.33865500000000004	
0	0.214698	0.022456099999999996	-0.9764219999999999	0.0	0.807958	0.557603	0.190479	0.0	0.548734	-0.8298040000000001	0.101573	0.0	-3.18885	-1.86306	-1.6466900000000002	0.336135	0.16076700000000002	0.575329	-0.801967	0.0	0.10651300000000001	-0.817904	-0.5654100000000001	0.0	-0.9812280000000001	0.00547996	-0.192772	0.0	2.20194	0.725767	-0.544354	0.33865500000000004	
0	0.214698	0.022456099999999996	-0.9764219999999999	0.0	0.807958	0.557603	0.190479	0.0	0.548734	-0.8298040000000001	0.101573	0.0	-3.18885	-1.86306	-1.6466900000000002	0.336135	0.16076700000000002	0.575329	-0.801967	0.0	0.10651300000000001	-0.817904	-0.5654100000000001	0.0	-0.9812280000000001	0.00547993	-0.192772	0.0	2.20194	0.725767	-0.544354	0.33865500000000004	
0	0.214698	0.022456099999999996	-0.9764219999999999	0.0	0.807958	0.557603	0.190479	0.0	0.548734	-0.8298040000000001	0.101573	0.0	-3.18885	-1.86306	-1.6466900000000002	0.336135	0.16076700000000002	0.575329	-0.801967	0.0	0.10651300000000001	-0.817904	-0.5654100000000001	0.0	-0.9812280000000001	0.0054799	-0.192772	0.0	2.20193	0.725766	-0.544355	0.33865500000000004	
0	0.214698	0.022456099999999996	-0.9764219999999999	0.0	0.807958	0.557603	0.190479	0.0	0.548734	-0.8298040000000001	0.101573	0.0	-3.18885	-1.86306	-1.6466900000000002	0.336135	0.16076700000000002	0.575329	-0.801967	0.0	0.10651300000000001	-0.817904	-0.5654100000000001	0.0	-0.9812280000000001	0.00547987	-0.192772	0.0	2.20194	0.725767	-0.544354	0.33865500000000004	
0	0.214698	0.022456099999999996	-0.9764219999999999	0.0	0.807958	0.557603	0.190479	0.0	0.548734	-0.8298040000000001	0.101573	0.0	-3.18885	-1.86306	-1.6466900000000002	0.336135	0.16076700000000002	0.575329	-0.801967	0.0	0.10651300000000001	-0.817904	-0.5654100000000001	0.0	-0.9812280000000001	0.0054799	-0.192772	0.0	2.20194	0.725767	-0.544354	0.33865500000000004	
0	0.214698	0.022456099999999996	-0.9764219999999999	0.0	0.807958	0.557603	0.190479	0.0	0.548734	-0.8298040000000001	0.101573	0.0	-3.18885	-1.86306	-1.6466900000000002	0.336135	0.16076700000000002	0.575329	-0.801967	0.0	0.10651300000000001	-0.817904	-0.5654100000000001	0.0	-0.9812280000000001	0.00548002	-0.192772	0.0	2.20194	0.725766	-0.544354	0.33865500000000004	
0	0.311627	-0.00074628	-0.950204	0.0	0.908433	0.293473	0.297697	0.0	0.27863699999999997	-0.955967	0.092132	0.0	-3.23582	-1.89599	-1.65865	0.357419	0.15924100000000002	0.5411819999999999	-0.8256899999999999	0.0	0.11009300000000001	-0.84088	-0.529906	0.0	-0.981082	-0.00651997	-0.193483	0.0	2.1827900000000002	0.769949	-0.5241640000000001	0.337454	
0	0.311189	-0.00135931	-0.9503469999999999	0.0	0.909327	0.291054	0.29734099999999997	0.0	0.276199	-0.9567049999999999	0.091809	0.0	-3.23537	-1.89678	-1.65369	0.357535	0.15930899999999998	0.538913	-0.82716	0.0	0.10940699999999999	-0.8423370000000001	-0.527729	0.0	-0.9811479999999999	-0.00642529	-0.193153	0.0	2.18425	0.767405	-0.519997	0.337435	
0	0.311604	0.00308174	-0.950207	0.0	0.90964	0.288121	0.299235	0.0	0.27469699999999997	-0.9575889999999999	0.08697619999999999	0.0	-3.23801	-1.89083	-1.66083	0.357199	0.16251600000000002	0.530259	-0.8321139999999999	0.0	0.104072	-0.847833	-0.51995	0.0	-0.981202	-0.00209925	-0.192972	0.0	2.19415	0.771575	-0.523246	0.337302	
0	0.313838	0.00254416	-0.949473	0.0	0.909589	0.285995	0.301421	0.0	0.272312	-0.9582280000000001	0.08744199999999999	0.0	-3.23564	-1.8913099999999998	-1.66405	0.35729099999999997	0.16176300000000002	0.5312359999999999	-0.8316379999999999	0.0	0.104984	-0.847219	-0.520768	0.0	-0.9812299999999999	-0.00306728	-0.19282	0.0	2.19978	0.772096	-0.520015	0.337389	
0	0.319183	0.0103734	-0.947636	0.0	0.911976	0.26857	0.310111	0.0	0.257723	-0.9632040000000001	0.0762625	0.0	-3.2331	-1.89156	-1.67535	0.356617	0.162544	0.529722	-0.832451	0.0	0.104976	-0.848166	-0.519225	0.0	-0.981101	-0.00299078	-0.193472	0.0	2.19988	0.772343	-0.5210600000000001	0.337421	
0	0.326257	0.028896699999999997	-0.944839	0.0	0.9102319999999999	0.26005100000000003	0.32226	0.0	0.255019	-0.9651620000000001	0.0585409	0.0	-3.24859	-1.8971099999999999	-1.7299799999999999	0.356299	0.16286199999999998	0.528957	-0.832875	0.0	0.103952	-0.8486459999999999	-0.5186470000000001	0.0	-0.981158	-0.00211099	-0.193198	0.0	2.2002599999999997	0.772564	-0.520371	0.33762600000000004	
0	0.328384	0.0397879	-0.9437059999999999	0.0	0.910803	0.251321	0.32753000000000004	0.0	0.250205	-0.9670860000000001	0.0462908	0.0	-3.25795	-1.9071099999999999	-1.75965	0.35541500000000004	0.162939	0.529151	-0.8327370000000001	0.0	0.103548	-0.848526	-0.5189229999999999	0.0	-0.981188	-0.00167561	-0.19305	0.0	2.2012099999999997	0.771403	-0.520517	0.337604	
0	0.329529	0.030425099999999997	-0.9436549999999999	0.0	0.921901	0.205308	0.328552	0.0	0.203736	-0.978224	0.0396059	0.0	-3.27374	-2.0097400000000003	-1.8745	0.353215	0.161619	0.527154	-0.834259	0.0	0.10533699999999999	-0.849758	-0.516541	0.0	-0.981215	-0.00439584	-0.192866	0.0	2.19225	0.775844	-0.512633	0.337618	
0	0.34319099999999997	0.0377275	-0.938507	0.0	0.9218780000000001	0.177836	0.34425900000000004	0.0	0.17988800000000002	-0.9833370000000001	0.026251599999999996	0.0	-3.3061	-2.09377	-2.00256	0.352529	0.161491	0.525142	-0.8355520000000001	0.0	0.10549800000000001	-0.850999	-0.514461	0.0	-0.9812190000000001	-0.00506842	-0.192831	0.0	2.18989	0.780167	-0.512219	0.33782199999999996	
0	0.356664	0.0111589	-0.9341659999999999	0.0	0.92394	0.143808	0.354477	0.0	0.138296	-0.9895430000000001	0.040980699999999995	0.0	-3.3349900000000003	-2.25158	-2.09607	0.35148	0.1619	0.5239729999999999	-0.8362059999999999	0.0	0.10436600000000001	-0.851725	-0.51349	0.0	-0.981273	-0.00413764	-0.192579	0.0	2.1903099999999998	0.7813329999999999	-0.51358	0.337735	
0	0.37285100000000004	0.00774962	-0.927859	0.0	0.920241	0.125051	0.370834	0.0	0.118904	-0.9921200000000001	0.039494	0.0	-3.36056	-2.38402	-2.2	0.345434	0.16191	0.5226390000000001	-0.837039	0.0	0.103797	-0.8525450000000001	-0.5122439999999999	0.0	-0.981332	-0.00394413	-0.19228399999999998	0.0	2.18882	0.7818930000000001	-0.505599	0.337755	
0	0.376178	-0.00494552	-0.926534	0.0	0.921155	0.109732	0.373408	0.0	0.09982339999999999	-0.993949	0.0458341	0.0	-3.35449	-2.50082	-2.3285	0.344599	0.160804	0.5204479999999999	-0.838615	0.0	0.105325	-0.85387	-0.5097189999999999	0.0	-0.98135	-0.00636217	-0.19212200000000001	0.0	2.18578	0.789837	-0.49674799999999997	0.337863	
0	0.40411199999999997	-0.04048	-0.9138129999999999	0.0	0.912165	0.09229780000000001	0.39929499999999996	0.0	0.06817949999999999	-0.994908	0.074223	0.0	-3.39259	-2.64187	-2.40834	0.344614	0.160591	0.518473	-0.839879	0.0	0.106197	-0.85506	-0.507538	0.0	-0.981291	-0.00768635	-0.192375	0.0	2.18531	0.8005260000000001	-0.48931800000000003	0.337915	
0	0.431012	-0.054696	-0.9006870000000001	0.0	0.899465	0.105741	0.42400600000000005	0.0	0.0720479	-0.9928879999999999	0.09477260000000001	0.0	-3.4484199999999996	-2.7993799999999998	-2.51571	0.344622	0.161199	0.517115	-0.840599	0.0	0.105869	-0.855884	-0.506215	0.0	-0.9812270000000001	-0.00739226	-0.192714	0.0	2.1853599999999997	0.814773	-0.479455	0.337859	
0	0.444296	-0.0691049	-0.8932110000000001	0.0	0.892843	0.11618800000000001	0.435123	0.0	0.0737114	-0.99082	0.113322	0.0	-3.47453	-2.96412	-2.57782	0.344308	0.16125899999999999	0.516307	-0.841084	0.0	0.10467	-0.8563790000000001	-0.505628	0.0	-0.9813459999999999	-0.00649938	-0.19214	0.0	2.1876599999999997	0.818976	-0.47708900000000004	0.337984	
0	0.444771	-0.078925	-0.8921600000000001	0.0	0.8924139999999999	0.123578	0.43396599999999996	0.0	0.0760009	-0.9891909999999999	0.125398	0.0	-3.46035	-3.08655	-2.6088	0.343861	0.160724	0.515264	-0.8418260000000001	0.0	0.105127	-0.857	-0.50448	0.0	-0.9813850000000001	-0.00741644	-0.191909	0.0	2.18588	0.819629	-0.472946	0.338117	
0	0.44573	-0.0866705	-0.890962	0.0	0.891862	0.128444	0.43368599999999996	0.0	0.0768508	-0.987922	0.134549	0.0	-3.4432300000000002	-3.17868	-2.62596	0.343976	0.160173	0.514361	-0.842483	0.0	0.106377	-0.857527	-0.503321	0.0	-0.98134	-0.00900276	-0.19206900000000002	0.0	2.18701	0.821938	-0.46665500000000004	0.338042	
0	0.44188	-0.093071	-0.8922329999999999	0.0	0.893632	0.132719	0.42872899999999997	0.0	0.07851439999999998	-0.9867739999999999	0.141817	0.0	-3.42613	-3.2951	-2.66246	0.343866	0.160327	0.513813	-0.8427879999999999	0.0	0.106797	-0.857851	-0.502679	0.0	-0.9812690000000001	-0.00941424	-0.192411	0.0	2.18445	0.824549	-0.462797	0.338037	
0	0.43661700000000003	-0.0939328	-0.8947299999999999	0.0	0.8955639999999999	0.140032	0.42232200000000003	0.0	0.0856211	-0.9856809999999999	0.145263	0.0	-3.42565	-3.3425199999999995	-2.6909	0.344357	0.160405	0.513795	-0.842784	0.0	0.10606600000000001	-0.8578690000000001	-0.502804	0.0	-0.9813360000000001	-0.00873902	-0.192103	0.0	2.18595	0.82696	-0.463132	0.338007	
0	0.434554	-0.10634600000000001	-0.8943450000000001	0.0	0.896028	0.151476	0.41735900000000004	0.0	0.09108780000000001	-0.9827239999999999	0.161113	0.0	-3.3772699999999998	-3.3919599999999996	-2.66947	0.344046	0.160206	0.515048	-0.8420569999999999	0.0	0.106097	-0.8571190000000001	-0.504075	0.0	-0.9813649999999999	-0.00858369	-0.191961	0.0	2.18534	0.820276	-0.469079	0.338024	
0	0.426471	-0.12156900000000001	-0.896294	0.0	0.899546	0.16058599999999998	0.406237	0.0	0.0945462	-0.979507	0.177842	0.0	-3.34732	-3.43349	-2.62088	0.34439200000000003	0.15951400000000002	0.5145609999999999	-0.8424860000000001	0.0	0.106948	-0.857398	-0.503419	0.0	-0.9813860000000001	-0.009799200000000001	-0.191798	0.0	2.18598	0.8171689999999999	-0.469658	0.33819499999999997	
0	0.426151	-0.123277	-0.8962129999999999	0.0	0.899905	0.159122	0.406019	0.0	0.0925543	-0.979532	0.178747	0.0	-3.31795	-3.45499	-2.59576	0.343389	0.15926500000000002	0.5146430000000001	-0.842483	0.0	0.10744100000000001	-0.857342	-0.503409	0.0	-0.9813719999999999	-0.0103417	-0.191839	0.0	2.1855599999999997	0.818322	-0.465505	0.337853	
0	0.42707700000000004	-0.120379	-0.896166	0.0	0.899043	0.162384	0.406636	0.0	0.0965727	-0.9793569999999999	0.17757699999999998	0.0	-3.3206900000000004	-3.4651099999999997	-2.5965599999999998	0.34354	0.159374	0.5147010000000001	-0.842427	0.0	0.10751300000000001	-0.8573069999999999	-0.5034529999999999	0.0	-0.981347	-0.010334600000000001	-0.191969	0.0	2.18571	0.819837	-0.464979	0.33784899999999995	
0	0.435978	-0.12014000000000001	-0.8919020000000001	0.0	0.89302	0.180568	0.41220200000000007	0.0	0.111527	-0.976198	0.18601099999999998	0.0	-3.33059	-3.49911	-2.60458	0.34310300000000005	0.154568	0.513029	-0.84434	0.0	0.11146600000000001	-0.85821	-0.501051	0.0	-0.9816739999999999	-0.0166686	-0.18983699999999998	0.0	2.18356	0.810551	-0.46850299999999995	0.337782	
0	0.436327	-0.126503	-0.8908510000000001	0.0	0.892608	0.18568199999999999	0.41081999999999996	0.0	0.113446	-0.974433	0.193936	0.0	-3.3321099999999997	-3.55261	-2.6052	0.342514	0.152884	0.513729	-0.8442209999999999	0.0	0.114205	-0.857725	-0.501264	0.0	-0.9816229999999999	-0.0197787	-0.189803	0.0	2.1834	0.805623	-0.47021999999999997	0.337776	
0	0.43668	-0.125797	-0.8907780000000001	0.0	0.893116	0.179449	0.412483	0.0	0.10795999999999999	-0.975691	0.19071300000000002	0.0	-3.3322800000000004	-3.59916	-2.58121	0.334859	0.150421	0.5125270000000001	-0.8453930000000001	0.0	0.11721500000000001	-0.8583370000000001	-0.499518	0.0	-0.981649	-0.0239546	-0.18918800000000002	0.0	2.18489	0.794301	-0.47896099999999997	0.337924	
0	0.437291	-0.128411	-0.8901049999999999	0.0	0.8928200000000001	0.18077100000000002	0.412545	0.0	0.10793	-0.9751059999999999	0.193698	0.0	-3.3315599999999996	-3.59164	-2.57333	0.267515	0.147446	0.511181	-0.8467309999999999	0.0	0.118924	-0.8590399999999999	-0.497903	0.0	-0.9818950000000001	-0.027283099999999998	-0.187454	0.0	2.1846799999999997	0.802018	-0.46538999999999997	0.337873	
0	0.43509	-0.14288800000000001	-0.888977	0.0	0.894307	0.183123	0.408265	0.0	0.104456	-0.972651	0.207461	0.0	-3.35278	-3.58225	-2.60277	0.129881	0.140648	0.5130680000000001	-0.8467459999999999	0.0	0.125776	-0.8575780000000001	-0.49873900000000004	0.0	-0.982038	-0.0363533	-0.185148	0.0	2.1823	0.793033	-0.464825	0.337376	
0	0.434983	-0.140776	-0.889366	0.0	0.894817	0.177776	0.40951	0.0	0.100459	-0.97395	0.203298	0.0	-3.31333	-3.5831	-2.5763700000000003	0.129607	0.134947	0.515353	-0.8462860000000001	0.0	0.129959	-0.855927	-0.5005	0.0	-0.9822930000000001	-0.0424412	-0.18248	0.0	2.18332	0.795455	-0.457692	0.337246	
0	0.43255600000000005	-0.13908399999999999	-0.8908149999999999	0.0	0.8951969999999999	0.183862	0.405977	0.0	0.107322	-0.9730629999999999	0.204038	0.0	-3.3050900000000003	-3.5814800000000004	-2.55994	0.130082	0.127114	0.5185	-0.845577	0.0	0.133271	-0.85369	-0.503441	0.0	-0.982894	-0.0486966	-0.177618	0.0	2.17844	0.78618	-0.455125	0.337068	
0	0.431192	-0.13691199999999998	-0.891812	0.0	0.8955270000000001	0.185469	0.404515	0.0	0.11002100000000001	-0.973066	0.20258099999999998	0.0	-3.31365	-3.5813800000000002	-2.55744	0.12987	0.12021099999999998	0.521764	-0.844578	0.0	0.137126	-0.8513200000000001	-0.506411	0.0	-0.983232	-0.054936900000000004	-0.17388599999999999	0.0	2.17691	0.774301	-0.44778900000000005	0.33724499999999996	
0	0.43332200000000004	-0.133218	-0.891339	0.0	0.891967	0.204893	0.403005	0.0	0.128942	-0.969676	0.20761100000000002	0.0	-3.33768	-3.58216	-2.5594200000000003	0.129734	0.114327	0.526159	-0.842666	0.0	0.142724	-0.8481270000000001	-0.510206	0.0	-0.983137	-0.0619385	-0.17206	0.0	2.1732400000000003	0.7670140000000001	-0.440566	0.336721	
0	0.44001999999999997	-0.131666	-0.888283	0.0	0.886941	0.21840500000000002	0.406983	0.0	0.14042000000000002	-0.966935	0.21288200000000002	0.0	-3.36401	-3.58206	-2.54122	0.12962100000000001	0.110881	0.5291710000000001	-0.84124	0.0	0.14688800000000002	-0.8458889999999999	-0.512734	0.0	-0.9829190000000001	-0.0667156	-0.171522	0.0	2.1747	0.7591640000000001	-0.43581499999999995	0.337341	
0	0.44685600000000003	-0.129164	-0.885232	0.0	0.8822620000000001	0.227442	0.412171	0.0	0.148102	-0.9651870000000001	0.21559099999999998	0.0	-3.38606	-3.5742	-2.5213200000000002	0.129886	0.110393	0.5307350000000001	-0.840318	0.0	0.14722000000000002	-0.8448899999999999	-0.514283	0.0	-0.982924	-0.0669383	-0.171405	0.0	2.1731	0.7574350000000001	-0.43098000000000003	0.337402	
0	0.446658	-0.129245	-0.8853200000000001	0.0	0.8822209999999999	0.228343	0.41176	0.0	0.14893900000000002	-0.9649639999999999	0.21601399999999998	0.0	-3.4300300000000004	-3.4792699999999996	-2.5053400000000003	0.129885	0.108779	0.5294939999999999	-0.841311	0.0	0.148757	-0.845474	-0.51288	0.0	-0.982873	-0.0693605	-0.170736	0.0	2.17404	0.7510439999999999	-0.42132299999999995	0.337156	
0	0.457157	-0.129628	-0.8798889999999999	0.0	0.8780540000000001	0.22320500000000001	0.423321	0.0	0.141522	-0.9661139999999999	0.21586	0.0	-3.4414599999999997	-3.25568	-2.4539	0.12989	0.107307	0.530379	-0.840942	0.0	0.150108	-0.844773	-0.51364	0.0	-0.9828290000000001	-0.071115	-0.170264	0.0	2.1744	0.743352	-0.41238500000000006	0.336983	
0	0.46913599999999994	-0.106348	-0.876699	0.0	0.871086	0.21909299999999998	0.43955500000000003	0.0	0.145333	-0.969891	0.195423	0.0	-3.43005	-2.97117	-2.3791599999999997	0.129733	0.10738099999999999	0.530375	-0.840935	0.0	0.1501	-0.8447790000000001	-0.513633	0.0	-0.982822	-0.07107000000000001	-0.170323	0.0	2.17615	0.742075	-0.411512	0.336828	
0	0.46915100000000004	-0.0866617	-0.878856	0.0	0.869172	0.221471	0.442143	0.0	0.156324	-0.971309	0.179227	0.0	-3.42254	-2.76907	-2.34662	0.129881	0.107235	0.5302060000000001	-0.84106	0.0	0.149551	-0.844916	-0.513568	0.0	-0.982922	-0.0707092	-0.169897	0.0	2.17348	0.740287	-0.410559	0.33671599999999996	
0	0.46702	-0.080804	-0.880547	0.0	0.8688809999999999	0.22677399999999998	0.440022	0.0	0.164129	-0.97059	0.176117	0.0	-3.42519	-2.66439	-2.35567	0.129883	0.106333	0.529872	-0.841385	0.0	0.151013	-0.844973	-0.513046	0.0	-0.9827959999999999	-0.07250670000000001	-0.16986600000000002	0.0	2.1718	0.738351	-0.40841700000000003	0.33670500000000003	
0	0.466221	-0.05911040000000001	-0.882691	0.0	0.865506	0.23702199999999998	0.44127200000000005	0.0	0.183133	-0.9697049999999999	0.161665	0.0	-3.3804199999999995	-2.38044	-2.30501	0.129727	0.101502	0.5315340000000001	-0.840934	0.0	0.159262	-0.8430790000000001	-0.513667	0.0	-0.9820049999999999	-0.081791	-0.170228	0.0	2.17118	0.715396	-0.391847	0.337327	
0	0.46060200000000007	-0.0469235	-0.886366	0.0	0.8682059999999999	0.231463	0.43891199999999997	0.0	0.184565	-0.9717120000000001	0.147351	0.0	-3.3268400000000002	-2.14823	-2.28099	0.129883	0.0989028	0.530526	-0.841879	0.0	0.16360999999999998	-0.843183	-0.512127	0.0	-0.981555	-0.08708889999999998	-0.170193	0.0	2.17118	0.690674	-0.378246	0.337742	
0	0.45898900000000004	-0.039737800000000004	-0.887553	0.0	0.870067	0.22223099999999998	0.439997	0.0	0.179757	-0.974184	0.136576	0.0	-3.2801199999999997	-1.90047	-2.28273	0.129733	0.0884997	0.521521	-0.8486370000000001	0.0	0.177422	-0.8466090000000001	-0.501772	0.0	-0.9801479999999999	-0.10615999999999999	-0.167454	0.0	2.17061	0.6268229999999999	-0.404378	0.33836700000000003	
0	0.45951400000000003	-0.039181400000000005	-0.8873059999999999	0.0	0.870366	0.218896	0.441075	0.0	0.176946	-0.9749610000000001	0.134688	0.0	-3.27116	-1.7609	-2.2608099999999998	0.129733	0.0860995	0.517584	-0.85129	0.0	0.178921	-0.8486040000000001	-0.497855	0.0	-0.980089	-0.109448	-0.165671	0.0	2.1689599999999998	0.604398	-0.40066799999999997	0.338481	
0	0.45943599999999996	-0.0272786	-0.887792	0.0	0.8701770000000001	0.214216	0.44373900000000005	0.0	0.178075	-0.976405	0.122156	0.0	-3.21461	-1.44852	-2.20097	0.12972	0.0928034	0.504293	-0.8585309999999999	0.0	0.185067	-0.855964	-0.48278000000000004	0.0	-0.978334	-0.11408299999999999	-0.172765	0.0	2.16352	0.589987	-0.392532	0.33935	
0	0.46005100000000004	-0.00905302	-0.8878459999999999	0.0	0.864345	0.233327	0.445495	0.0	0.203126	-0.972356	0.115167	0.0	-3.1873400000000003	-1.25804	-2.1701799999999998	0.129879	0.104549	0.474728	-0.873901	0.0	0.192677	-0.8717360000000001	-0.45050100000000004	0.0	-0.975677	-0.121281	-0.182609	0.0	2.1621099999999998	0.550373	-0.39764	0.339441	
0	0.456168	0.033244800000000005	-0.889273	0.0	0.840875	0.310981	0.442967	0.0	0.291274	-0.9498340000000001	0.11390499999999999	0.0	-3.0796799999999998	-1.0392	-2.04812	0.129717	0.104951	0.436489	-0.893568	0.0	0.214522	-0.8873120000000001	-0.408237	0.0	-0.9710639999999999	-0.148845	-0.18675999999999998	0.0	2.10465	0.447222	-0.364719	0.339758	
0	0.44923900000000005	0.0652443	-0.891026	0.0	0.8269709999999999	0.347046	0.442355	0.0	0.338088	-0.9355760000000001	0.101951	0.0	-2.89263	-0.8784290000000001	-1.9682	0.129725	0.0889615	0.39844	-0.9128700000000001	0.0	0.24171399999999998	-0.8977430000000001	-0.368282	0.0	-0.966261	-0.187891	-0.176173	0.0	2.03793	0.325484	-0.340518	0.33987	
0	0.445479	0.0750984	-0.8921370000000001	0.0	0.812682	0.38416	0.43814200000000003	0.0	0.375627	-0.920207	0.110104	0.0	-2.67695	-0.8432799999999999	-1.93734	0.12998900000000002	0.09487369999999999	0.36129	-0.927615	0.0	0.264588	-0.9074540000000001	-0.326376	0.0	-0.959683	-0.214471	-0.181686	0.0	1.90715	0.21002600000000002	-0.427966	0.339713	
1	0.44509399999999993	0.0823176	-0.891692	0.0	0.806783	0.39523	0.439197	0.0	0.388577	-0.9148860000000001	0.109502	0.0	-2.57734	-0.847967	-1.9385	0.129909	0.0978321	0.343922	-0.9338879999999999	0.0	0.27470100000000003	-0.911266	-0.306813	0.0	-0.95654	-0.22652399999999998	-0.18362699999999998	0.0	1.86477	0.147824	-0.497209	0.33973200000000003	
1	0.44922	0.0970821	-0.888131	0.0	0.783507	0.434885	0.443838	0.0	0.42932299999999995	-0.8952379999999999	0.11929400000000001	0.0	-2.36735	-0.876972	-1.9594	0.129882	0.10641199999999999	0.331469	-0.9374459999999999	0.0	0.294048	-0.911121	-0.28878200000000004	0.0	-0.9498479999999999	-0.24492399999999998	-0.194422	0.0	1.7380900000000001	0.0568798	-0.638271	0.338378	
1	0.444567	0.110297	-0.8889290000000001	0.0	0.76413	0.471135	0.440611	0.0	0.467404	-0.875138	0.12517	0.0	-2.1684099999999997	-0.8868969999999999	-1.96812	0.129982	0.100173	0.332321	-0.937832	0.0	0.30136999999999997	-0.908429	-0.28971199999999997	0.0	-0.9482309999999999	-0.25361300000000003	-0.191152	0.0	1.61789	0.000174584	-0.723292	0.33841	
1	0.44595100000000004	0.11050499999999999	-0.88821	0.0	0.748785	0.497597	0.437856	0.0	0.490356	-0.86034	0.139159	0.0	-1.9758200000000001	-0.8933530000000001	-1.9726599999999999	0.12972899999999998	0.0890322	0.333978	-0.9383670000000001	0.0	0.32353699999999996	-0.900718	-0.289881	0.0	-0.942018	-0.27778800000000003	-0.188247	0.0	1.48253	-0.0830043	-0.822717	0.338053	
1	0.450054	0.09877910000000001	-0.8875209999999999	0.0	0.731707	0.528943	0.429912	0.0	0.511915	-0.8428889999999999	0.165776	0.0	-1.8235700000000001	-0.882742	-1.9314900000000002	0.129732	0.0850842	0.345962	-0.934383	0.0	0.343055	-0.890618	-0.29852	0.0	-0.9354540000000001	-0.295145	-0.194462	0.0	1.38744	-0.177148	-0.8917649999999999	0.337804	
1	0.45041499999999995	0.09804650000000001	-0.8874200000000001	0.0	0.731481	0.529382	0.429756	0.0	0.5119199999999999	-0.842699	0.166722	0.0	-1.69633	-0.863345	-1.8822900000000002	0.129908	0.0731758	0.346866	-0.935056	0.0	0.363913	-0.8822110000000001	-0.29878299999999997	0.0	-0.9285540000000001	-0.318415	-0.19078599999999998	0.0	1.3216299999999999	-0.257309	-0.927845	0.33771	
1	0.447941	0.0940816	-0.889099	0.0	0.735093	0.527293	0.426147	0.0	0.508908	-0.844459	0.167037	0.0	-1.61998	-0.858634	-1.84979	0.12972999999999998	0.06875880000000001	0.35287399999999997	-0.933141	0.0	0.375798	-0.875617	-0.303431	0.0	-0.9241469999999999	-0.329809	-0.19281600000000002	0.0	1.2581200000000001	-0.331545	-0.9568969999999999	0.337056	
1	0.456437	0.103105	-0.883762	0.0	0.722534	0.536693	0.43578199999999995	0.0	0.5192399999999999	-0.837455	0.17047	0.0	-1.5216100000000001	-0.8522370000000001	-1.8420299999999998	0.129724	0.05670259999999999	0.359244	-0.9315200000000001	0.0	0.387178	-0.867917	-0.311147	0.0	-0.9202600000000001	-0.343021	-0.188304	0.0	1.18737	-0.42473999999999995	-1.03419	0.33772199999999997	
1	0.46035	0.10931400000000001	-0.8809809999999999	0.0	0.712757	0.546075	0.440204	0.0	0.5292020000000001	-0.8305739999999999	0.17347100000000001	0.0	-1.39588	-0.849751	-1.8209	0.129725	0.0460612	0.37898699999999996	-0.9242549999999999	0.0	0.400943	-0.854454	-0.330384	0.0	-0.9149440000000001	-0.35535500000000003	-0.19130899999999998	0.0	1.11205	-0.577745	-1.14639	0.337435	
1	0.46664799999999995	0.11479600000000001	-0.8769610000000001	0.0	0.697477	0.561932	0.4447	0.0	0.543842	-0.819179	0.18215699999999999	0.0	-1.33077	-0.85914	-1.8015599999999998	0.129991	0.0438094	0.39312199999999997	-0.918442	0.0	0.404584	-0.8475469999999999	-0.343478	0.0	-0.913451	-0.356539	-0.196182	0.0	1.06368	-0.636739	-1.25335	0.337825	
