0	0.055488199999999994	0.695032	-0.716834	0.0	0.00694248	0.717655	0.696365	0.0	0.9984350000000001	-0.0436166	0.0349962	0.0	-2.67273	1.9534900000000002	1.21471	0.0	-0.593132	0.516197	-0.617846	0.0	0.751239	0.078862	-0.655302	0.0	-0.28954	-0.8528309999999999	-0.43456300000000003	0.0	2.66032	2.0	1.53809	0.0	
0	0.055488199999999994	0.695032	-0.716834	0.0	0.00694248	0.717655	0.696365	0.0	0.9984350000000001	-0.0436166	0.0349962	0.0	-2.67273	1.9534900000000002	1.21471	0.0	-0.593132	0.516197	-0.617846	0.0	0.751239	0.078862	-0.655302	0.0	-0.28954	-0.8528309999999999	-0.43456300000000003	0.0	2.66032	2.0	1.53809	0.0	
0	0.055763599999999997	0.680934	-0.730218	0.0	0.05705790000000001	0.727988	0.683212	0.0	0.996812	-0.079763	0.00174248	0.0	-2.61898	1.9203700000000001	0.9943549999999999	0.0	-0.23665500000000003	0.6348699999999999	-0.735483	0.0	-0.09676889999999999	-0.768624	-0.63234	0.0	-0.9667629999999999	-0.0784745	0.24333400000000002	0.0	2.6069299999999997	2.0374	1.46326	0.0	
0	0.034399	0.655456	-0.7544489999999999	0.0	0.118006	0.7469520000000001	0.654323	0.0	0.992417	-0.11153800000000001	-0.0516535	0.0	-2.54172	1.9202400000000002	0.834643	0.0	-0.240646	0.6529659999999999	-0.71814	0.0	-0.10512300000000001	-0.7530640000000001	-0.6494949999999999	0.0	-0.9649040000000001	-0.080805	0.249863	0.0	2.52601	2.0098599999999998	1.37671	-0.00048828099999999997	
0	-0.00557911	0.654158	-0.756337	0.0	0.142301	0.749171	0.64691	0.0	0.989808	-0.104019	-0.0972672	0.0	-2.53567	2.01913	0.578092	0.0	-0.236136	0.704681	-0.669078	0.0	-0.05203330000000001	-0.696732	-0.715442	0.0	-0.970326	-0.134127	0.20119	0.0	2.49194	1.97318	1.27825	0.0	
0	-0.00090111	0.7044590000000001	-0.7097439999999999	0.0	0.164212	0.700214	0.6947909999999999	0.0	0.986425	-0.115923	-0.11631199999999998	0.0	-2.56086	2.02008	0.375375	0.0	-0.25801199999999996	0.716568	-0.648043	0.0	0.0311125	-0.664244	-0.746869	0.0	-0.965641	-0.21286300000000002	0.149088	0.0	2.4683900000000003	1.8556400000000002	1.1275700000000002	0.0	
0	0.0897153	0.792723	-0.6029439999999999	0.0	0.181053	0.582318	0.7925439999999999	0.0	0.9793729999999999	-0.180268	-0.091282	0.0	-2.52011	1.81975	0.331453	0.0	-0.324257	0.754962	-0.569991	0.0	0.151029	-0.553502	-0.81904	0.0	-0.9338350000000001	-0.351664	0.0654553	0.0	2.44023	1.66198	0.9930190000000001	0.0	
0	0.12703699999999998	0.794184	-0.59425	0.0	0.221198	0.561334	0.797481	0.0	0.9669190000000001	-0.232756	-0.10436199999999998	0.0	-2.48887	1.72603	0.350713	0.0	-0.34647	0.709381	-0.61379	0.0	0.19561099999999998	-0.585298	-0.7868689999999999	0.0	-0.9174389999999999	-0.392691	0.06402519999999999	0.0	2.4174599999999997	1.57778	0.9004340000000001	0.0	
0	0.11510799999999999	0.7581600000000001	-0.641828	0.0	0.24905700000000003	0.603457	0.757502	0.0	0.9616239999999999	-0.24704600000000002	-0.11936300000000001	0.0	-2.48813	1.69186	0.263399	0.0	-0.284559	0.680524	-0.6752130000000001	0.0	0.177559	-0.6547310000000001	-0.734711	0.0	-0.9420719999999999	-0.328959	0.0654766	0.0	2.44188	1.59521	0.7206859999999999	0.0	
0	0.09991219999999999	0.733965	-0.671798	0.0	0.25896199999999997	0.632726	0.729792	0.0	0.960706	-0.246885	-0.126852	0.0	-2.44798	1.6734200000000001	0.135033	0.0	-0.269814	0.692565	-0.668995	0.0	0.15646	-0.653997	-0.7401409999999999	0.0	-0.950116	-0.304371	0.0680987	0.0	2.45056	1.6294799999999998	0.584882	0.0	
0	0.10554200000000001	0.719847	-0.686062	0.0	0.235492	0.652197	0.720543	0.0	0.9661290000000001	-0.23761	-0.100685	0.0	-2.38131	1.61552	0.061627999999999995	0.0	-0.233246	0.681617	-0.693538	0.0	0.19480899999999998	-0.665998	-0.720067	0.0	-0.9527040000000001	-0.30306	0.022556	0.0	2.52449	1.64306	0.473445	0.0	
0	0.10438599999999999	0.716348	-0.689891	0.0	0.226913	0.658229	0.717806	0.0	0.968305	-0.23147399999999999	-0.09383889999999999	0.0	-2.30418	1.58849	0.0285002	0.0	-0.19852899999999998	0.663458	-0.721395	0.0	0.214158	-0.688894	-0.692504	0.0	-0.956411	-0.291975	-0.00531957	0.0	2.55291	1.6408200000000002	0.392271	0.0	
0	0.115066	0.709259	-0.695493	0.0	0.244679	0.6583359999999999	0.711847	0.0	0.962752	-0.25208200000000003	-0.0977886	0.0	-2.23506	1.55216	0.028223	0.0	-0.184023	0.659964	-0.7284109999999999	0.0	0.227787	-0.6922590000000001	-0.684756	0.0	-0.9561629999999999	-0.291934	-0.0229397	0.0	2.56759	1.61846	0.340275	0.0	
0	0.117334	0.665936	-0.7367239999999999	0.0	0.281467	0.689128	0.667741	0.0	0.95237	-0.28571199999999997	-0.106581	0.0	-2.21949	1.48409	0.0273116	0.0	-0.18141300000000002	0.6612060000000001	-0.7279399999999999	0.0	0.222023	-0.6935720000000001	-0.6853199999999999	0.0	-0.958016	-0.285945	-0.0209791	0.0	2.5635	1.58175	0.318315	0.0	
0	0.107878	0.661096	-0.742506	0.0	0.274681	0.697971	0.661352	0.0	0.955465	-0.275298	-0.106295	0.0	-2.1625	1.43003	0.00045366300000000004	0.0	-0.17784	0.656705	-0.732879	0.0	0.19550399999999998	-0.706327	-0.680353	0.0	-0.964443	-0.264275	-0.00277524	0.0	2.52956	1.56112	0.297699	0.0	
0	0.104948	0.666978	-0.737649	0.0	0.262604	0.6968310000000001	0.6674329999999999	0.0	0.9591790000000001	-0.263755	-0.10202	0.0	-2.11122	1.42595	-0.013344	0.0	-0.165381	0.654526	-0.737729	0.0	0.202989	-0.7094239999999999	-0.674918	0.0	-0.9651139999999999	-0.261369	-0.015536500000000002	0.0	2.52775	1.60646	0.27913000000000004	0.0	
0	0.0985198	0.664723	-0.7405649999999999	0.0	0.261813	0.700655	0.66373	0.0	0.9600770000000001	-0.25928	-0.105005	0.0	-2.0812	1.47163	-0.0848177	0.0	-0.169436	0.647621	-0.7428859999999999	0.0	0.19653199999999998	-0.716442	-0.669392	0.0	-0.9657469999999999	-0.25942	-0.00588754	0.0	2.5368	1.64172	0.250266	0.0	
0	0.0549066	0.662858	-0.746729	0.0	0.28386	0.706637	0.648142	0.0	0.957292	-0.247554	-0.14936	0.0	-2.05482	1.60677	-0.16512000000000002	0.0	-0.165353	0.657209	-0.735347	0.0	0.19431099999999998	-0.709287	-0.677611	0.0	-0.9669030000000001	-0.25493000000000005	-0.010420700000000001	0.0	2.53041	1.67619	0.194627	0.0	
0	0.0107316	0.621843	-0.783069	0.0	0.277208	0.75057	0.599834	0.0	0.96075	-0.22351	-0.164325	0.0	-2.03464	1.7129400000000001	-0.215989	0.0	-0.15171500000000002	0.660961	-0.734924	0.0	0.198268	-0.708069	-0.6777380000000001	0.0	-0.9683350000000001	-0.248534	-0.0236227	0.0	2.49607	1.6981	0.120826	0.0	
0	-0.014842099999999999	0.620224	-0.784285	0.0	0.27870500000000004	0.755851	0.592464	0.0	0.9602620000000001	-0.20979099999999998	-0.184078	0.0	-1.96596	1.7704900000000001	-0.303654	0.0	-0.136567	0.655036	-0.743154	0.0	0.18792	-0.719431	-0.668659	0.0	-0.9726440000000001	-0.23096999999999998	-0.0248438	0.0	2.40469	1.7265	0.0644182	0.0	
0	-0.0827582	0.614631	-0.784462	0.0	0.26423	0.772522	0.577401	0.0	0.9609030000000001	-0.159493	-0.226336	0.0	-1.9374799999999999	1.8118599999999998	-0.446903	0.0	-0.134581	0.662215	-0.737129	0.0	0.17899400000000001	-0.715413	-0.6753859999999999	0.0	-0.9746020000000001	-0.222836	-0.0222514	0.0	2.34187	1.74225	0.0100288	0.0	
0	-0.10334700000000001	0.623838	-0.774691	0.0	0.25801599999999997	0.7690140000000001	0.584846	0.0	0.9605969999999999	-0.139441	-0.24043499999999998	0.0	-1.9382	1.8328200000000001	-0.558215	0.0461117	-0.12355	0.658857	-0.742053	0.0	0.175094	-0.721576	-0.669828	0.0	-0.976769	-0.212687	-0.026211599999999998	0.0	2.28951	1.77655	-0.03514930000000001	0.0	
0	-0.152849	0.6597270000000001	-0.735797	0.0	0.218379	0.748688	0.625921	0.0	0.9638190000000001	-0.06501069999999999	-0.25850700000000004	0.0	-1.98289	1.8775700000000002	-0.762316	0.326937	-0.115468	0.674949	-0.728774	0.0	0.161881	-0.711086	-0.6842159999999999	0.0	-0.980032	-0.196979	-0.027153500000000004	0.0	2.22034	1.77784	-0.0838997	0.0231294	
0	-0.158903	0.685938	-0.710098	0.0	0.201939	0.726611	0.656701	0.0	0.9664219999999999	-0.039044499999999996	-0.25397800000000004	0.0	-1.98072	1.9046	-0.849565	0.360143	-0.0709075	0.6674859999999999	-0.7412380000000001	0.0	0.184721	-0.721468	-0.667354	0.0	-0.9802299999999999	-0.18424300000000002	-0.0721415	0.0	2.21886	1.7782200000000001	-0.202435	0.301966	
0	-0.15626099999999998	0.71731	-0.679006	0.0	0.211486	0.695806	0.686388	0.0	0.964809	-0.036344	-0.260428	0.0	-1.97879	1.90603	-0.9579290000000001	0.359069	-0.0854757	0.662345	-0.7443069999999999	0.0	0.20971700000000001	-0.718345	-0.663325	0.0	-0.9740190000000001	-0.212792	-0.0775043	0.0	2.10668	1.71833	-0.303197	0.31861	
0	-0.120001	0.7905939999999999	-0.600468	0.0	0.253695	0.609176	0.751361	0.0	0.9598120000000001	-0.062171800000000006	-0.27367199999999997	0.0	-1.98701	1.84127	-1.09687	0.331313	-0.10531900000000001	0.661832	-0.742217	0.0	0.220691	-0.712201	-0.666383	0.0	-0.969641	-0.233983	-0.0710527	0.0	2.04326	1.61099	-0.39077399999999995	0.322764	
0	-0.08268930000000001	0.829916	-0.551726	0.0	0.259285	0.5524720000000001	0.7921779999999999	0.0	0.962254	-0.07754989999999999	-0.260868	0.0	-2.02631	1.6884299999999999	-1.2305	0.21077600000000002	-0.10169	0.652108	-0.751275	0.0	0.22620500000000002	-0.720251	-0.6557970000000001	0.0	-0.968757	-0.23663	-0.0742674	0.0	1.99626	1.50514	-0.517597	0.321573	
0	-0.09164630000000001	0.834749	-0.54295	0.0	0.257293	0.5465800000000001	0.796901	0.0	0.9619780000000001	-0.06666430000000001	-0.264867	0.0	-1.9913	1.65205	-1.3477299999999999	0.205256	-0.104913	0.646038	-0.756061	0.0	0.219032	-0.726577	-0.651238	0.0	-0.9700610000000001	-0.233925	-0.065276	0.0	1.9638900000000001	1.42432	-0.627903	0.32105300000000003	
0	-0.09383839999999999	0.842935	-0.529768	0.0	0.256301	0.5346350000000001	0.80528	0.0	0.962031	-0.060214	-0.26621500000000003	0.0	-1.95796	1.64945	-1.39085	0.274938	-0.10516400000000001	0.641336	-0.760019	0.0	0.212875	-0.732024	-0.6471680000000001	0.0	-0.971404	-0.22984699999999997	-0.059542099999999994	0.0	1.91403	1.3819700000000001	-0.7258680000000001	0.321523	
0	-0.0872176	0.857864	-0.506422	0.0	0.256938	0.5105310000000001	0.820574	0.0	0.962484	-0.0585509	-0.264945	0.0	-1.89415	1.61275	-1.45617	0.33258899999999997	-0.10986199999999999	0.6408020000000001	-0.7598050000000001	0.0	0.21259899999999998	-0.731591	-0.6477470000000001	0.0	-0.970944	-0.232697	-0.0558601	0.0	1.85086	1.3472	-0.795131	0.32354099999999997	
0	-0.0767172	0.868555	-0.48961899999999997	0.0	0.256069	0.491758	0.8322280000000001	0.0	0.9636100000000001	-0.0615298	-0.26013600000000003	0.0	-1.8733799999999998	1.53293	-1.50978	0.357369	-0.123767	0.6375850000000001	-0.760373	0.0	0.22363200000000003	-0.728631	-0.647369	0.0	-0.966784	-0.25016700000000003	-0.052404	0.0	1.80308	1.26746	-0.8506950000000001	0.325863	
0	-0.0599976	0.867052	-0.49459200000000003	0.0	0.243725	0.493212	0.8350690000000001	0.0	0.967987	-0.07044210000000001	-0.240914	0.0	-1.86844	1.41025	-1.58669	0.358057	-0.13242400000000001	0.638871	-0.757831	0.0	0.235816	-0.722304	-0.650129	0.0	-0.962733	-0.264801	-0.055005399999999996	0.0	1.78762	1.1269200000000001	-0.924716	0.330571	
0	-0.043123400000000006	0.871765	-0.488022	0.0	0.23952800000000002	0.48325100000000004	0.8420770000000001	0.0	0.969931	-0.0805817	-0.229652	0.0	-1.8796700000000002	1.27534	-1.68682	0.35712	-0.131983	0.639529	-0.7573529999999999	0.0	0.236657	-0.7216130000000001	-0.650591	0.0	-0.9625870000000001	-0.265099	-0.0561089	0.0	1.78948	1.0105899999999999	-1.01633	0.33279200000000003	
0	-0.030438099999999996	0.865347	-0.5002479999999999	0.0	0.249173	0.49124799999999996	0.8346180000000001	0.0	0.967981	-0.0992441	-0.23057399999999997	0.0	-1.9051200000000001	1.10543	-1.77226	0.356254	-0.132642	0.6427390000000001	-0.7545149999999999	0.0	0.25156999999999996	-0.714482	-0.6528619999999999	0.0	-0.958707	-0.27641	-0.0669244	0.0	1.7974700000000001	0.908322	-1.11064	0.333494	
0	-0.0203868	0.855065	-0.51812	0.0	0.261374	0.504763	0.822738	0.0	0.9650219999999999	-0.11865	-0.23378200000000002	0.0	-1.95796	0.9219219999999999	-1.88454	0.35552	-0.11003399999999999	0.644038	-0.757039	0.0	0.26918000000000003	-0.7138899999999999	-0.646454	0.0	-0.9567829999999999	-0.274912	-0.09480989999999999	0.0	1.8098400000000001	0.83667	-1.28461	0.334253	
0	-0.035846499999999996	0.830209	-0.556298	0.0	0.28311	0.542288	0.791058	0.0	0.958417	-0.129137	-0.254479	0.0	-2.0246	0.734695	-2.08597	0.35588200000000003	-0.0843964	0.634979	-0.7679060000000001	0.0	0.27679499999999996	-0.7253850000000001	-0.630239	0.0	-0.957216	-0.26574200000000003	-0.11453900000000002	0.0	1.83876	0.7606539999999999	-1.4923600000000001	0.333943	
0	-0.0454272	0.8132159999999999	-0.580187	0.0	0.290984	0.5663729999999999	0.771071	0.0	0.955649	-0.133798	-0.262362	0.0	-2.07185	0.5997859999999999	-2.2341900000000003	0.35586799999999996	-0.08061189999999999	0.634069	-0.769063	0.0	0.28868499999999997	-0.7236520000000001	-0.626888	0.0	-0.954024	-0.272552	-0.12471199999999999	0.0	1.8477299999999999	0.708024	-1.6052899999999999	0.334355	
0	-0.0717071	0.792241	-0.605981	0.0	0.311179	0.59499	0.741049	0.0	0.947642	-0.13543	-0.289194	0.0	-2.14233	0.42666400000000004	-2.44847	0.35597399999999996	-0.0647936	0.637193	-0.767976	0.0	0.294137	-0.7232069999999999	-0.6248640000000001	0.0	-0.953565	-0.266377	-0.14056300000000002	0.0	1.8675099999999998	0.6241760000000001	-1.8143	0.334617	
0	-0.0769559	0.788461	-0.610251	0.0	0.32929	0.597821	0.730875	0.0	0.9410870000000001	-0.144705	-0.305639	0.0	-2.2067099999999997	0.312745	-2.58276	0.355797	-0.0529716	0.640215	-0.766368	0.0	0.299298	-0.721985	-0.623825	0.0	-0.9526879999999999	-0.262417	-0.15337	0.0	1.8793	0.553426	-1.9683700000000002	0.335025	
0	-0.0959865	0.783014	-0.614553	0.0	0.343624	0.605514	0.717827	0.0	0.9341889999999999	-0.142273	-0.327183	0.0	-2.27278	0.21948600000000001	-2.78124	0.35544000000000003	-0.0496539	0.653029	-0.755703	0.0	0.303627	-0.710956	-0.634312	0.0	-0.9514959999999999	-0.260948	-0.162976	0.0	1.89874	0.45638900000000004	-2.1267	0.335936	
0	-0.0940564	0.784516	-0.612934	0.0	0.356218	0.601424	0.715121	0.0	0.929657	-0.151076	-0.33602600000000005	0.0	-2.36206	0.11153900000000001	-2.96239	0.35530700000000004	-0.058348500000000005	0.656319	-0.752224	0.0	0.30836199999999997	-0.704811	-0.6388699999999999	0.0	-0.949478	-0.26923400000000003	-0.16125899999999999	0.0	1.91681	0.346535	-2.24632	0.335939	
0	-0.10462300000000001	0.777626	-0.619962	0.0	0.351508	0.612061	0.708396	0.0	0.930321	-0.143807	-0.337377	0.0	-2.38866	0.0464026	-3.07064	0.355064	-0.08512769999999999	0.657555	-0.748582	0.0	0.317369	-0.694282	-0.645949	0.0	-0.9444739999999999	-0.292564	-0.149585	0.0	1.9232900000000002	0.24054899999999999	-2.22892	0.336098	
0	-0.10028300000000001	0.773586	-0.6257060000000001	0.0	0.34189200000000003	0.617375	0.70849	0.0	0.934373	-0.142874	-0.326395	0.0	-2.40925	-0.00238389	-3.1489	0.347534	-0.10401600000000001	0.659122	-0.744808	0.0	0.324273	-0.685474	-0.6519	0.0	-0.9402280000000001	-0.309329	-0.14243499999999998	0.0	1.95915	0.11835799999999999	-2.1884	0.33617199999999997	
0	-0.12003399999999999	0.7642329999999999	-0.633672	0.0	0.331408	0.632518	0.700064	0.0	0.9358209999999999	-0.125972	-0.329196	0.0	-2.4346900000000002	-0.0428974	-3.17167	0.346051	-0.11430699999999999	0.66192	-0.740807	0.0	0.325376	-0.679621	-0.657455	0.0	-0.93865	-0.316193	-0.137688	0.0	2.01324	0.0103677	-2.13746	0.336248	
0	-0.12593900000000002	0.7574609999999999	-0.6406189999999999	0.0	0.321808	0.642033	0.695869	0.0	0.938392	-0.118519	-0.324614	0.0	-2.43831	-0.056547900000000005	-3.1817599999999997	0.34608	-0.11798900000000001	0.666064	-0.736504	0.0	0.32948299999999997	-0.673409	-0.661787	0.0	-0.93676	-0.32074899999999995	-0.140002	0.0	2.07813	-0.0634205	-2.15055	0.337192	
0	-0.130422	0.751274	-0.646976	0.0	0.31605	0.6500100000000001	0.691086	0.0	0.939735	-0.114345	-0.322216	0.0	-2.439	-0.0655493	-3.17503	0.345983	-0.111101	0.664218	-0.739237	0.0	0.325932	-0.678348	-0.658493	0.0	-0.938842	-0.314101	-0.141125	0.0	2.1654400000000003	-0.142189	-2.20153	0.337444	
0	-0.129589	0.753516	-0.644532	0.0	0.319244	0.647108	0.69234	0.0	0.9387709999999999	-0.11604300000000001	-0.324413	0.0	-2.45005	-0.06449099999999999	-3.17808	0.346252	-0.09583380000000001	0.665396	-0.740313	0.0	0.32150500000000004	-0.683182	-0.6556649999999999	0.0	-0.9420459999999999	-0.300849	-0.148456	0.0	2.21752	-0.18793800000000002	-2.22202	0.338066	
0	-0.128883	0.75415	-0.643931	0.0	0.322263	0.645954	0.6920189999999999	0.0	0.937836	-0.118325	-0.326287	0.0	-2.47704	-0.0628995	-3.1812400000000003	0.346588	-0.0928625	0.667876	-0.738456	0.0	0.322384	-0.681541	-0.656941	0.0	-0.9420430000000001	-0.29907100000000003	-0.152023	0.0	2.23277	-0.19558499999999998	-2.2344	0.338818	
0	-0.12904300000000002	0.753215	-0.644992	0.0	0.324284	0.646722	0.6903560000000001	0.0	0.937117	-0.120076	-0.32771100000000003	0.0	-2.50352	-0.0629049	-3.1804099999999997	0.346526	-0.0931694	0.665957	-0.740149	0.0	0.323356	-0.682848	-0.655103	0.0	-0.94168	-0.300367	-0.151721	0.0	2.24035	-0.197074	-2.24632	0.33834899999999996	
0	-0.125581	0.746838	-0.653041	0.0	0.33053299999999997	0.652141	0.682247	0.0	0.9354030000000001	-0.130175	-0.328751	0.0	-2.5121900000000004	-0.0654019	-3.16589	0.345488	-0.0927364	0.665451	-0.740658	0.0	0.323701	-0.683307	-0.654453	0.0	-0.9416040000000001	-0.300444	-0.15204	0.0	2.24507	-0.196285	-2.25147	0.338129	
0	-0.122325	0.7403529999999999	-0.660995	0.0	0.338987	0.657111	0.67327	0.0	0.9328040000000001	-0.141711	-0.331351	0.0	-2.53695	-0.0625063	-3.16121	0.344613	-0.0939122	0.6625770000000001	-0.7430829999999999	0.0	0.32397	-0.6854210000000001	-0.6521060000000001	0.0	-0.9413950000000001	-0.301978	-0.150286	0.0	2.245	-0.197438	-2.24742	0.337916	
0	-0.12237200000000001	0.740408	-0.660924	0.0	0.338911	0.6570739999999999	0.6733439999999999	0.0	0.932826	-0.141596	-0.33134	0.0	-2.53669	-0.0625901	-3.1612	0.344618	-0.09389349999999999	0.662612	-0.743054	0.0	0.323966	-0.685396	-0.652133	0.0	-0.941398	-0.30195500000000003	-0.15031	0.0	2.24499	-0.197433	-2.24746	0.337917	
0	-0.12237200000000001	0.7404069999999999	-0.660925	0.0	0.338912	0.657075	0.6733439999999999	0.0	0.932826	-0.141597	-0.33134	0.0	-2.53669	-0.0625898	-3.1612	0.344618	-0.09389349999999999	0.662612	-0.743054	0.0	0.323966	-0.685396	-0.652133	0.0	-0.941398	-0.301956	-0.15031	0.0	2.24499	-0.197434	-2.24746	0.337917	
0	-0.12237200000000001	0.7404069999999999	-0.660925	0.0	0.338912	0.657075	0.6733439999999999	0.0	0.932826	-0.141597	-0.33134	0.0	-2.53669	-0.0625902	-3.1612	0.344618	-0.09389349999999999	0.662612	-0.743054	0.0	0.323966	-0.685396	-0.652133	0.0	-0.941398	-0.301956	-0.15031	0.0	2.24499	-0.197434	-2.24746	0.337917	
0	-0.12237200000000001	0.740408	-0.660925	0.0	0.338912	0.657075	0.6733439999999999	0.0	0.932826	-0.141597	-0.33134	0.0	-2.53669	-0.0625898	-3.1612	0.344619	-0.09389349999999999	0.662612	-0.743054	0.0	0.323966	-0.685396	-0.652133	0.0	-0.941398	-0.301956	-0.15031	0.0	2.24499	-0.197433	-2.24746	0.337917	
0	-0.12237200000000001	0.740408	-0.660925	0.0	0.338912	0.657075	0.6733439999999999	0.0	0.932826	-0.141597	-0.33134	0.0	-2.53669	-0.0625901	-3.1612	0.344619	-0.09389349999999999	0.662612	-0.743054	0.0	0.323966	-0.685396	-0.652133	0.0	-0.941398	-0.301956	-0.15031	0.0	2.24499	-0.197434	-2.24746	0.337917	
0	-0.12237200000000001	0.740408	-0.660925	0.0	0.338912	0.657075	0.6733439999999999	0.0	0.932826	-0.141597	-0.33134	0.0	-2.53669	-0.0625899	-3.1612	0.344619	-0.09389360000000001	0.662612	-0.743054	0.0	0.323966	-0.685396	-0.652133	0.0	-0.941398	-0.301956	-0.15031	0.0	2.24499	-0.197433	-2.24746	0.337918	
0	-0.12237200000000001	0.7404069999999999	-0.660925	0.0	0.338912	0.657075	0.6733439999999999	0.0	0.932826	-0.141597	-0.33134	0.0	-2.53669	-0.0625899	-3.1612	0.344618	-0.09389360000000001	0.662612	-0.743054	0.0	0.323966	-0.685396	-0.652133	0.0	-0.941398	-0.301956	-0.15031	0.0	2.24499	-0.197434	-2.24746	0.337918	
0	-0.12237200000000001	0.7404069999999999	-0.660925	0.0	0.338912	0.657075	0.6733439999999999	0.0	0.932826	-0.141597	-0.33134	0.0	-2.53669	-0.0625898	-3.1612	0.344619	-0.09389360000000001	0.662612	-0.743054	0.0	0.323967	-0.685396	-0.652133	0.0	-0.941398	-0.301956	-0.15031	0.0	2.24499	-0.197433	-2.24746	0.337918	
0	-0.12237200000000001	0.740408	-0.660925	0.0	0.338912	0.657075	0.6733439999999999	0.0	0.932826	-0.141597	-0.33134	0.0	-2.53669	-0.0625901	-3.1612	0.344619	-0.09389349999999999	0.662612	-0.743054	0.0	0.323966	-0.685396	-0.652133	0.0	-0.941398	-0.301956	-0.15031	0.0	2.24499	-0.197434	-2.24746	0.337917	
0	-0.12237200000000001	0.740408	-0.660925	0.0	0.338912	0.657075	0.6733439999999999	0.0	0.932826	-0.141597	-0.33134	0.0	-2.53669	-0.06258999999999999	-3.1612	0.344619	-0.09389360000000001	0.662612	-0.743054	0.0	0.323966	-0.685396	-0.652133	0.0	-0.941398	-0.301956	-0.15031	0.0	2.24499	-0.197434	-2.24746	0.337918	
0	-0.12237200000000001	0.740408	-0.660925	0.0	0.338912	0.657075	0.6733439999999999	0.0	0.932826	-0.141597	-0.33134	0.0	-2.53669	-0.06258999999999999	-3.1612	0.344619	-0.09389360000000001	0.662612	-0.743054	0.0	0.323966	-0.685396	-0.652133	0.0	-0.941398	-0.301956	-0.15031	0.0	2.24499	-0.197434	-2.24746	0.337917	
0	-0.12237200000000001	0.7404069999999999	-0.660925	0.0	0.338912	0.657075	0.6733439999999999	0.0	0.932826	-0.141597	-0.33134	0.0	-2.53669	-0.06258999999999999	-3.1612	0.344619	-0.09389360000000001	0.662612	-0.743054	0.0	0.323966	-0.685396	-0.652133	0.0	-0.941398	-0.301956	-0.15031	0.0	2.24499	-0.197434	-2.24746	0.337918	
0	-0.12237200000000001	0.740408	-0.660925	0.0	0.338912	0.657075	0.6733439999999999	0.0	0.932826	-0.141597	-0.33134	0.0	-2.53669	-0.0625901	-3.1612	0.344618	-0.09389360000000001	0.662612	-0.743054	0.0	0.323966	-0.685396	-0.652133	0.0	-0.941398	-0.301956	-0.15031	0.0	2.24499	-0.197433	-2.24746	0.337917	
0	-0.12237200000000001	0.7404069999999999	-0.660925	0.0	0.338912	0.657075	0.6733439999999999	0.0	0.932826	-0.141597	-0.33134	0.0	-2.53669	-0.06258999999999999	-3.1612	0.344618	-0.09389360000000001	0.662612	-0.743054	0.0	0.323966	-0.685396	-0.652133	0.0	-0.941398	-0.301956	-0.15031	0.0	2.24499	-0.197434	-2.24746	0.337918	
0	-0.12237200000000001	0.740408	-0.660925	0.0	0.338912	0.657075	0.6733439999999999	0.0	0.932826	-0.141597	-0.33134	0.0	-2.53669	-0.0625903	-3.1612	0.344619	-0.09389360000000001	0.662612	-0.743054	0.0	0.323966	-0.685396	-0.652133	0.0	-0.941398	-0.301956	-0.15031	0.0	2.24499	-0.197433	-2.24746	0.337917	
0	-0.12237200000000001	0.7404069999999999	-0.660925	0.0	0.338912	0.657075	0.6733439999999999	0.0	0.932826	-0.141597	-0.33134	0.0	-2.53669	-0.0625901	-3.1612	0.344618	-0.09389360000000001	0.662612	-0.743054	0.0	0.323966	-0.685396	-0.652133	0.0	-0.941398	-0.301956	-0.15031	0.0	2.24499	-0.197433	-2.24746	0.337917	
0	-0.12237200000000001	0.740408	-0.660925	0.0	0.338912	0.657075	0.6733439999999999	0.0	0.932826	-0.141597	-0.33134	0.0	-2.53669	-0.0625899	-3.1612	0.344619	-0.09389360000000001	0.662612	-0.743054	0.0	0.323966	-0.685396	-0.652133	0.0	-0.941398	-0.301956	-0.15031	0.0	2.24499	-0.197434	-2.24746	0.337918	
0	-0.12237200000000001	0.740408	-0.660925	0.0	0.338912	0.657075	0.6733439999999999	0.0	0.932826	-0.141597	-0.33134	0.0	-2.53669	-0.0625902	-3.1612	0.344619	-0.09389360000000001	0.662612	-0.743054	0.0	0.323966	-0.685396	-0.652133	0.0	-0.941398	-0.301956	-0.15031	0.0	2.24499	-0.197434	-2.24746	0.337917	
0	-0.12237200000000001	0.740408	-0.660925	0.0	0.338912	0.657075	0.6733439999999999	0.0	0.932826	-0.141597	-0.33134	0.0	-2.53669	-0.06258999999999999	-3.1612	0.344618	-0.09389349999999999	0.662612	-0.743054	0.0	0.323966	-0.685396	-0.652133	0.0	-0.941398	-0.301956	-0.15031	0.0	2.24499	-0.197434	-2.24746	0.337917	
0	-0.12237200000000001	0.740408	-0.660925	0.0	0.338912	0.657075	0.6733439999999999	0.0	0.932826	-0.141597	-0.33134	0.0	-2.53669	-0.0625899	-3.1612	0.344618	-0.09389349999999999	0.662612	-0.743054	0.0	0.323966	-0.685396	-0.652133	0.0	-0.941398	-0.301956	-0.15031	0.0	2.24499	-0.197434	-2.24746	0.337917	
0	-0.12237200000000001	0.740408	-0.660925	0.0	0.338912	0.657075	0.6733439999999999	0.0	0.932826	-0.141597	-0.33134	0.0	-2.53669	-0.0625902	-3.1612	0.344618	-0.09389360000000001	0.662612	-0.743054	0.0	0.323967	-0.685396	-0.652133	0.0	-0.941398	-0.301956	-0.15031	0.0	2.24499	-0.197433	-2.24746	0.337918	
0	-0.12237200000000001	0.740408	-0.660925	0.0	0.338912	0.657075	0.6733439999999999	0.0	0.932826	-0.141597	-0.33134	0.0	-2.53669	-0.0625902	-3.1612	0.344619	-0.09389360000000001	0.662612	-0.743054	0.0	0.323967	-0.685396	-0.652133	0.0	-0.941398	-0.301956	-0.15031	0.0	2.24499	-0.197434	-2.24746	0.337918	
0	-0.182299	0.8944409999999999	-0.40834000000000004	0.0	-0.0199943	0.411841	0.9110360000000001	0.0	0.9830399999999999	0.174245	-0.0571944	0.0	-2.52394	-0.166202	-3.20166	0.306872	-0.08697	0.674813	-0.732846	0.0	-0.042161699999999996	-0.737468	-0.6740649999999999	0.0	-0.995318	-0.027725299999999998	0.0925888	0.0	2.23144	-0.192623	-2.24214	0.338172	
0	-0.092309	0.9013200000000001	-0.423203	0.0	0.0550771	0.428989	0.9016290000000001	0.0	0.9942059999999999	0.0599196	-0.0892416	0.0	-2.5945	-0.40105999999999997	-3.2316700000000003	0.313896	-0.08635010000000001	0.7023119999999999	-0.706612	0.0	-0.0276765	-0.710679	-0.702972	0.0	-0.9958799999999999	-0.0411451	0.0808046	0.0	2.23077	-0.345773	-2.38476	0.339623	
0	-0.00245596	0.865059	-0.501664	0.0	0.124624	0.49801899999999993	0.8581639999999999	0.0	0.992201	-0.06041180000000001	-0.10903	0.0	-2.73449	-0.721961	-3.28539	0.31172	-0.0933635	0.705141	-0.702893	0.0	0.00608364	-0.7055600000000001	-0.708624	0.0	-0.9956139999999999	-0.0704357	0.061583500000000006	0.0	2.24566	-0.550732	-2.54894	0.345002	
0	0.09153739999999999	0.8183819999999999	-0.567337	0.0	0.23679	0.535499	0.810661	0.0	0.967239	-0.208546	-0.144766	0.0	-2.8835	-1.07341	-3.29675	0.30840700000000004	-0.0997527	0.6843640000000001	-0.7222850000000001	0.0	0.040372500000000006	-0.722525	-0.690166	0.0	-0.994193	-0.0980062	0.044444	0.0	2.2560599999999997	-0.753292	-2.7044900000000003	0.345078	
0	0.16131199999999998	0.772333	-0.614394	0.0	0.333609	0.543226	0.770461	0.0	0.9288069999999999	-0.329252	-0.17002899999999999	0.0	-3.03065	-1.43226	-3.34053	0.309132	-0.11586400000000001	0.672876	-0.730626	0.0	0.0760403	-0.727412	-0.681975	0.0	-0.99035	-0.134573	0.0331153	0.0	2.2224	-0.9958309999999999	-2.83026	0.344973	
0	0.22259600000000002	0.713743	-0.664095	0.0	0.423653	0.5426890000000001	0.725263	0.0	0.878049	-0.44278599999999996	-0.181579	0.0	-3.20178	-1.77463	-3.35607	0.309654	-0.135193	0.6510100000000001	-0.746933	0.0	0.09430989999999999	-0.741977	-0.663759	0.0	-0.9863209999999999	-0.160179	0.0389131	0.0	2.1863200000000003	-1.20425	-2.90931	0.344999	
0	0.266737	0.680477	-0.682497	0.0	0.485529	0.516848	0.705074	0.0	0.832534	-0.519442	-0.192529	0.0	-3.29429	-1.95675	-3.3406300000000004	0.31241599999999997	-0.145361	0.643206	-0.7517689999999999	0.0	0.10936300000000002	-0.744737	-0.6583359999999999	0.0	-0.983316	-0.177912	0.037912400000000006	0.0	2.16804	-1.28765	-2.92887	0.345071	
0	0.312979	0.61843	-0.720825	0.0	0.604669	0.455521	0.653357	0.0	0.7324069999999999	-0.6403479999999999	-0.231377	0.0	-3.64198	-2.29598	-3.4463699999999995	0.31281	-0.160978	0.628131	-0.761273	0.0	0.123455	-0.75246	-0.646965	0.0	-0.9792059999999999	-0.19813	0.043583	0.0	2.1332	-1.4789700000000001	-2.97293	0.344638	
0	0.317885	0.6037399999999999	-0.731059	0.0	0.635347	0.436684	0.6369	0.0	0.7037640000000001	-0.666937	-0.24476900000000001	0.0	-3.7681400000000003	-2.36444	-3.4635	0.312752	-0.163457	0.6238819999999999	-0.764234	0.0	0.124171	-0.755482	-0.643295	0.0	-0.9787049999999999	-0.200047	0.046021	0.0	2.12624	-1.50556	-2.97293	0.34483800000000003	
0	0.321617	0.58972	-0.740805	0.0	0.6622640000000001	0.41906800000000005	0.621119	0.0	0.6767340000000001	-0.690371	-0.255771	0.0	-3.88467	-2.42027	-3.4962400000000002	0.312296	-0.165722	0.620382	-0.766591	0.0	0.12424400000000001	-0.758012	-0.6402979999999999	0.0	-0.9783149999999999	-0.201356	0.0485403	0.0	2.1205	-1.52158	-2.9737	0.34474299999999997	
0	0.341231	0.510737	-0.789119	0.0	0.719968	0.39771799999999996	0.568742	0.0	0.604324	-0.762213	-0.232001	0.0	-4.085	-2.6198799999999998	-3.45254	0.31183299999999997	-0.172826	0.619894	-0.765417	0.0	0.130443	-0.7558600000000001	-0.641608	0.0	-0.9762770000000001	-0.21073000000000003	0.0497716	0.0	2.1076200000000003	-1.55711	-2.9536599999999997	0.34493	
0	0.37638299999999997	0.420212	-0.825686	0.0	0.756009	0.375848	0.5359	0.0	0.535525	-0.8259299999999999	-0.17622100000000002	0.0	-4.13748	-2.84762	-3.2617599999999998	0.31253000000000003	-0.191662	0.6214689999999999	-0.759633	0.0	0.167989	-0.741787	-0.649255	0.0	-0.9669770000000001	-0.25204699999999997	0.0377725	0.0	2.07801	-1.6833099999999999	-2.99134	0.345405	
0	0.384838	0.403049	-0.830332	0.0	0.755912	0.378579	0.534112	0.0	0.52962	-0.8332040000000001	-0.158978	0.0	-4.12676	-2.88041	-3.19423	0.31285	-0.196338	0.622603	-0.7575069999999999	0.0	0.178479	-0.736946	-0.651963	0.0	-0.9641559999999999	-0.263204	0.03356869999999999	0.0	2.0699	-1.7232599999999998	-3.01091	0.34570500000000004	
0	0.438759	0.333766	-0.8343209999999999	0.0	0.74628	0.381846	0.545215	0.0	0.500556	-0.8618549999999999	-0.0815451	0.0	-3.9817199999999997	-2.98525	-2.96405	0.312096	-0.231429	0.613965	-0.754644	0.0	0.251822	-0.7114590000000001	-0.656057	0.0	-0.9396950000000001	-0.34186700000000003	0.010042299999999999	0.0	2.0708900000000003	-1.8952099999999998	-3.07439	0.345729	
0	0.453962	0.318221	-0.8322579999999999	0.0	0.742821	0.380673	0.5507310000000001	0.0	0.492072	-0.86823	-0.0635703	0.0	-3.90648	-2.99436	-2.88572	0.311896	-0.23901599999999998	0.6116050000000001	-0.754195	0.0	0.262223	-0.707195	-0.656593	0.0	-0.934939	-0.354704	0.00865364	0.0	2.09243	-1.96148	-3.06217	0.345458	
0	0.478418	0.30328	-0.824098	0.0	0.7352890000000001	0.3747	0.564757	0.0	0.48006899999999997	-0.8761399999999999	-0.0437353	0.0	-3.7896900000000002	-2.95845	-2.74064	0.313239	-0.24751599999999999	0.6060270000000001	-0.755955	0.0	0.270617	-0.7059380000000001	-0.654536	0.0	-0.9303239999999999	-0.366582	0.0107295	0.0	2.10803	-2.06613	-3.08127	0.345695	
0	0.489755	0.301181	-0.818188	0.0	0.727611	0.375824	0.5738800000000001	0.0	0.480336	-0.876383	-0.035080599999999997	0.0	-3.7054099999999996	-2.9428099999999997	-2.70016	0.314619	-0.24957600000000002	0.603511	-0.757289	0.0	0.26876300000000003	-0.708142	-0.652918	0.0	-0.9303110000000001	-0.36648400000000003	0.0145336	0.0	2.10875	-2.09061	-3.08219	0.345469	
0	0.506033	0.28688400000000003	-0.813405	0.0	0.7286050000000001	0.362516	0.581134	0.0	0.46158999999999994	-0.886724	-0.0255799	0.0	-3.58961	-2.94698	-2.6107	0.32864699999999997	-0.253336	0.601142	-0.7579239999999999	0.0	0.271739	-0.707716	-0.652148	0.0	-0.928428	-0.37117	0.015936600000000002	0.0	2.09368	-2.10882	-3.08714	0.345738	
0	0.517772	0.275092	-0.810084	0.0	0.7332489999999999	0.345125	0.585862	0.0	0.440746	-0.897337	-0.0230149	0.0	-3.5612	-2.94759	-2.56811	0.33574499999999996	-0.255852	0.599398	-0.75846	0.0	0.27268200000000004	-0.707969	-0.651479	0.0	-0.9274610000000001	-0.3735	0.017690099999999997	0.0	2.0866599999999997	-2.11984	-3.08405	0.34544899999999995	
0	0.5287430000000001	0.261443	-0.8075140000000001	0.0	0.736584	0.331398	0.589593	0.0	0.421753	-0.906545	-0.017350599999999997	0.0	-3.55849	-2.94817	-2.53384	0.34484499999999996	-0.25598000000000004	0.597889	-0.7596069999999999	0.0	0.27328	-0.708976	-0.650131	0.0	-0.92725	-0.374006	0.0180925	0.0	2.0859400000000003	-2.12227	-3.0807599999999997	0.34556	
0	0.5453319999999999	0.235186	-0.80455	0.0	0.7451909999999999	0.30345700000000003	0.593805	0.0	0.383801	-0.923364	-0.009774	0.0	-3.54989	-2.9498	-2.50009	0.34694200000000003	-0.259104	0.59709	-0.759177	0.0	0.27736	-0.706915	-0.650648	0.0	-0.925169	-0.37915	0.017555599999999998	0.0	2.08009	-2.13108	-3.0834	0.345604	
0	0.561906	0.22425900000000001	-0.796222	0.0	0.750021	0.267862	0.604746	0.0	0.34889699999999996	-0.9369940000000001	-0.0176859	0.0	-3.5722699999999996	-2.9454	-2.44556	0.346837	-0.26100300000000004	0.596576	-0.75893	0.0	0.279415	-0.7058399999999999	-0.650936	0.0	-0.924016	-0.381952	0.017533700000000003	0.0	2.07472	-2.1445	-3.06745	0.345563	
0	0.576446	0.214	-0.788615	0.0	0.752548	0.23702800000000002	0.614402	0.0	0.31840599999999997	-0.9476399999999999	-0.0244112	0.0	-3.57185	-2.94726	-2.40014	0.346711	-0.26240399999999997	0.595731	-0.759111	0.0	0.28118000000000004	-0.705334	-0.650725	0.0	-0.923083	-0.38419899999999996	0.0175743	0.0	2.07327	-2.1562900000000003	-3.06827	0.345525	
0	0.590262	0.195575	-0.783161	0.0	0.757089	0.202423	0.621161	0.0	0.280013	-0.95957	-0.028584699999999998	0.0	-3.5647300000000004	-2.97954	-2.35015	0.34688800000000003	-0.26422399999999996	0.593408	-0.7602979999999999	0.0	0.28121999999999997	-0.7066560000000001	-0.649271	0.0	-0.922552	-0.385364	0.019837099999999996	0.0	2.0632099999999998	-2.17006	-3.06846	0.345697	
0	0.601015	0.18270799999999998	-0.7780739999999999	0.0	0.7561640000000001	0.185292	0.6276010000000001	0.0	0.258839	-0.965549	-0.0267942	0.0	-3.51896	-3.04526	-2.37754	0.346982	-0.266639	0.5920569999999999	-0.760508	0.0	0.283702	-0.7059	-0.6490130000000001	0.0	-0.9210950000000001	-0.38881	0.0202529	0.0	2.05191	-2.1777	-3.06941	0.345659	
0	0.6087229999999999	0.163434	-0.776367	0.0	0.758369	0.16763599999999998	0.6299	0.0	0.233094	-0.972208	-0.0218998	0.0	-3.4912300000000003	-3.1109299999999998	-2.3793900000000003	0.34674299999999997	-0.266959	0.590357	-0.761717	0.0	0.28385	-0.707171	-0.647563	0.0	-0.920957	-0.389086	0.021212400000000003	0.0	2.05088	-2.17156	-3.05737	0.345548	
0	0.6100479999999999	0.161448	-0.775742	0.0	0.758113	0.16580799999999998	0.6306930000000001	0.0	0.230449	-0.9728530000000001	-0.0212451	0.0	-3.48864	-3.11971	-2.37646	0.346534	-0.266943	0.59012	-0.7619060000000001	0.0	0.283931	-0.707344	-0.647339	0.0	-0.9209370000000001	-0.38913000000000003	0.021266800000000002	0.0	2.04988	-2.16882	-3.05231	0.345538	
0	0.624166	0.13619900000000001	-0.769329	0.0	0.7538739999999999	0.15358	0.638817	0.0	0.205159	-0.9787049999999999	-0.00681779	0.0	-3.4633800000000003	-3.2585900000000003	-2.3753599999999997	0.346423	-0.26819899999999997	0.5886	-0.7626390000000001	0.0	0.285198	-0.707645	-0.646452	0.0	-0.9201799999999999	-0.390882	0.021922099999999996	0.0	2.04846	-2.17093	-3.04869	0.3456	
0	0.625012	0.132021	-0.76937	0.0	0.755317	0.146603	0.6387520000000001	0.0	0.197121	-0.9803459999999999	-0.0080891	0.0	-3.4493	-3.30041	-2.39324	0.346684	-0.26916	0.587813	-0.7629090000000001	0.0	0.285901	-0.707667	-0.6461180000000001	0.0	-0.919681	-0.392025	0.022419400000000003	0.0	2.04638	-2.17845	-3.04945	0.345488	
0	0.6285390000000001	0.103128	-0.77091	0.0	0.76383	0.105018	0.6368159999999999	0.0	0.14663299999999999	-0.989109	-0.0127641	0.0	-3.42164	-3.36346	-2.42116	0.346903	-0.270149	0.5862539999999999	-0.763758	0.0	0.28529699999999997	-0.708886	-0.645047	0.0	-0.919579	-0.39215700000000003	0.0242476	0.0	2.03882	-2.18928	-3.05993	0.345401	
0	0.628402	0.07952669999999999	-0.773813	0.0	0.772095	0.0574177	0.632908	0.0	0.09476369999999999	-0.9951780000000001	-0.0253208	0.0	-3.49405	-3.4645099999999998	-2.50041	0.346833	-0.27056199999999997	0.584028	-0.765316	0.0	0.283533	-0.7113649999999999	-0.6430939999999999	0.0	-0.920003	-0.390989	0.0268776	0.0	2.01915	-2.17767	-3.03916	0.345492	
0	0.631555	0.074791	-0.7717149999999999	0.0	0.770435	0.051142900000000005	0.635464	0.0	0.0869948	-0.9958870000000001	-0.0253222	0.0	-3.4958	-3.48211	-2.51926	0.348367	-0.271449	0.583291	-0.765563	0.0	0.28328600000000004	-0.711771	-0.642752	0.0	-0.919817	-0.39134800000000003	0.027971499999999996	0.0	2.01288	-2.1794599999999997	-3.0326400000000002	0.345423	
0	0.6339739999999999	0.0671822	-0.7704310000000001	0.0	0.771037	0.022153299999999997	0.636405	0.0	0.0598227	-0.997495	-0.037755300000000006	0.0	-3.4354	-3.552	-2.55832	0.34755	-0.273948	0.582133	-0.765554	0.0	0.28362800000000005	-0.711703	-0.642678	0.0	-0.9189709999999999	-0.39319299999999996	0.029860400000000006	0.0	1.9916	-2.18833	-3.01076	0.345217	
0	0.628582	0.0503075	-0.776115	0.0	0.777199	-0.0032768999999999997	0.629247	0.0	0.0291126	-0.9987280000000001	-0.0411587	0.0	-3.40495	-3.5911699999999995	-2.57858	0.348207	-0.27323800000000004	0.580815	-0.766809	0.0	0.282647	-0.71348	-0.641137	0.0	-0.919485	-0.391919	0.0307846	0.0	1.9909299999999999	-2.18788	-3.00863	0.34529	
0	0.630795	0.0525558	-0.7741680000000001	0.0	0.77533	-0.00281884	0.63155	0.0	0.031009500000000002	-0.9986139999999999	-0.04252619999999999	0.0	-3.3948400000000003	-3.6227699999999996	-2.5810400000000002	0.346514	-0.273611	0.579978	-0.767309	0.0	0.28173200000000004	-0.714436	-0.640475	0.0	-0.9196549999999999	-0.391416	0.0320791	0.0	1.9855599999999998	-2.18249	-2.99922	0.345384	
0	0.627196	0.0498389	-0.777265	0.0	0.778265	-0.00103317	0.6279359999999999	0.0	0.030492599999999998	-0.998757	-0.0394359	0.0	-3.3914199999999997	-3.6436699999999997	-2.58562	0.346674	-0.274281	0.5796560000000001	-0.767313	0.0	0.28145	-0.7145859999999999	-0.6404310000000001	0.0	-0.9195409999999999	-0.39161799999999997	0.032853	0.0	1.98702	-2.1790000000000003	-2.99753	0.345344	
0	0.621542	0.0502332	-0.781768	0.0	0.781712	0.0253245	0.623125	0.0	0.051099599999999995	-0.998416	-0.023527700000000002	0.0	-3.38096	-3.63836	-2.59639	0.349061	-0.27429499999999996	0.580804	-0.766439	0.0	0.282696	-0.713091	-0.6415489999999999	0.0	-0.9191549999999999	-0.392642	0.0314058	0.0	1.98393	-2.18198	-3.00221	0.345289	
0	0.60863	0.0437795	-0.792245	0.0	0.792067	0.0254958	0.609902	0.0	0.046900199999999996	-0.9987159999999999	-0.0191588	0.0	-3.31109	-3.63814	-2.58183	0.347081	-0.274382	0.582016	-0.7654880000000001	0.0	0.28373000000000004	-0.711601	-0.642745	0.0	-0.91881	-0.393549	0.030114799999999997	0.0	1.98347	-2.1850099999999997	-3.00464	0.345373	
0	0.606978	0.040501	-0.793686	0.0	0.793366	0.027372000000000004	0.608129	0.0	0.0463547	-0.9988049999999999	-0.0155179	0.0	-3.27664	-3.63639	-2.56073	0.342409	-0.274446	0.584204	-0.763796	0.0	0.28492	-0.709225	-0.644841	0.0	-0.918423	-0.394595	0.028192599999999998	0.0	1.98183	-2.1884099999999997	-3.00732	0.345453	
0	0.606187	0.039042	-0.794363	0.0	0.793428	0.039206	0.6074	0.0	0.054858000000000004	-0.998468	-0.00721093	0.0	-3.26855	-3.63079	-2.50522	0.334975	-0.28383600000000003	0.587959	-0.7574569999999999	0.0	0.30045	-0.6956319999999999	-0.652554	0.0	-0.910586	-0.412797	0.0207931	0.0	1.9870700000000001	-2.24533	-3.0301299999999998	0.345765	
0	0.605246	0.0335234	-0.7953319999999999	0.0	0.794048	0.0451872	0.606174	0.0	0.0562599	-0.998416	0.0007301419999999999	0.0	-3.2691	-3.6285800000000004	-2.50316	0.33300599999999997	-0.29707	0.5882569999999999	-0.7521329999999999	0.0	0.310772	-0.685241	-0.6586850000000001	0.0	-0.902868	-0.429417	0.0207503	0.0	2.00752	-2.34954	-3.05465	0.345366	
0	0.604345	0.029919499999999998	-0.796161	0.0	0.794655	0.049319	0.605055	0.0	0.057368899999999994	-0.9983350000000001	0.00602993	0.0	-3.26843	-3.6282900000000002	-2.5051900000000002	0.332529	-0.303314	0.585364	-0.751897	0.0	0.314677	-0.683271	-0.658878	0.0	-0.899433	-0.43645100000000003	0.0230449	0.0	2.0028599999999996	-2.40268	-3.06688	0.345487	
0	0.6021880000000001	0.025903100000000002	-0.797934	0.0	0.7965899999999999	0.0469276	0.602696	0.0	0.05305700000000001	-0.9985620000000001	0.007625	0.0	-3.2682	-3.62586	-2.50097	0.324178	-0.318335	0.574936	-0.753732	0.0	0.321696	-0.682397	-0.656389	0.0	-0.891726	-0.451424	0.0322759	0.0	1.98765	-2.5274900000000002	-3.07492	0.344808	
0	0.602205	0.0241144	-0.797977	0.0	0.7967489999999999	0.0449447	0.602637	0.0	0.0503971	-0.998698	0.0078527	0.0	-3.26912	-3.62451	-2.5019299999999998	0.31214899999999995	-0.321733	0.5714670000000001	-0.754926	0.0	0.32366300000000003	-0.682908	-0.654888	0.0	-0.889792	-0.455041	0.034751300000000006	0.0	1.98095	-2.55882	-3.05467	0.344736	
0	0.598078	0.015916899999999998	-0.80128	0.0	0.800354	0.0401206	0.598184	0.0	0.0416691	-0.9990680000000001	0.011256100000000002	0.0	-3.28931	-3.6076099999999998	-2.5122400000000003	0.22214299999999998	-0.321327	0.566673	-0.758703	0.0	0.322313	-0.68791	-0.650304	0.0	-0.8904290000000001	-0.453499	0.0383977	0.0	1.9710900000000002	-2.5765	-3.03589	0.34473899999999996	
0	0.5983069999999999	0.00339442	-0.8012600000000001	0.0	0.80088	0.028563799999999997	0.598144	0.0	0.024917500000000002	-0.9995860000000001	0.0143714	0.0	-3.3017300000000005	-3.59611	-2.52372	0.13081500000000001	-0.32008000000000003	0.5644319999999999	-0.760898	0.0	0.320844	-0.6911109999999999	-0.64763	0.0	-0.891408	-0.45142299999999996	0.0401161	0.0	1.96145	-2.57145	-3.0316	0.344645	
