0	0.593133	0.516197	-0.617846	0.0	0.686001	0.07765989999999999	0.723444	0.0	0.421422	-0.852942	-0.30804899999999996	0.0	-2.7396700000000003	2.0	1.46191	0.0	-0.512809	0.5807939999999999	-0.632223	0.0	0.695185	-0.151174	-0.702755	0.0	-0.503731	-0.799891	-0.326236	0.0	2.65124	2.00084	1.5363200000000001	1.43461e-05	
0	0.593132	0.516197	-0.617847	0.0	0.6859689999999999	0.0777255	0.723468	0.0	0.421475	-0.852936	-0.307994	0.0	-2.7396700000000003	2.0	1.46191	0.0	-0.180599	0.603813	-0.7763979999999999	0.0	-0.014556200000000002	-0.790932	-0.611731	0.0	-0.983449	-0.09917669999999999	0.151631	0.0	2.66606	2.09386	1.53154	5.75455e-05	
0	0.593132	0.516197	-0.617847	0.0	0.685932	0.0778003	0.723495	0.0	0.42153500000000005	-0.852929	-0.30793000000000004	0.0	-2.7396700000000003	2.0	1.46191	0.0	-0.177534	0.58741	-0.7895770000000001	0.0	-0.0918742	-0.808711	-0.580987	0.0	-0.979817	-0.0306034	0.197542	0.0	2.70335	2.1050299999999997	1.47642	0.0	
0	0.593132	0.516197	-0.617847	0.0	0.685867	0.0779308	0.723542	0.0	0.42163999999999996	-0.852917	-0.307819	0.0	-2.7396700000000003	2.0	1.46191	0.0	-0.178064	0.5841109999999999	-0.791902	0.0	-0.0813169	-0.8107449999999999	-0.579725	0.0	-0.9806530000000001	-0.0388328	0.19186199999999998	0.0	2.71937	2.17289	1.38887	0.0	
0	0.593133	0.516197	-0.617846	0.0	0.68581	0.07804610000000001	0.723584	0.0	0.421732	-0.8529059999999999	-0.307722	0.0	-2.7396700000000003	2.0	1.46191	0.0	-0.183455	0.615272	-0.766672	0.0	-0.0259372	-0.782666	-0.621901	0.0	-0.9826860000000001	-0.0942056	0.15954200000000002	0.0	2.74844	2.23707	1.30017	0.0	
0	0.593132	0.516197	-0.617846	0.0	0.685752	0.07816419999999999	0.723626	0.0	0.42182700000000006	-0.8528959999999999	-0.307622	0.0	-2.7396700000000003	2.0	1.46191	0.0	-0.188914	0.624577	-0.7577699999999999	0.0	0.0317808	-0.767372	-0.640415	0.0	-0.9814790000000001	-0.145066	0.125118	0.0	2.79842	2.20443	1.15631	0.0	
0	0.593132	0.516197	-0.617846	0.0	0.685688	0.0782928	0.723673	0.0	0.42193100000000006	-0.852884	-0.307512	0.0	-2.7396700000000003	2.0	1.46191	0.0	-0.21881799999999998	0.567955	-0.793439	0.0	0.187038	-0.7736529999999999	-0.605374	0.0	-0.957672	-0.28087	0.0630604	0.0	2.83022	2.0735200000000003	1.00445	0.0	
0	0.593132	0.516197	-0.617847	0.0	0.6856359999999999	0.0783992	0.723711	0.0	0.422016	-0.852874	-0.307422	0.0	-2.7396700000000003	2.0	1.46191	0.0	-0.199324	0.557914	-0.805607	0.0	0.20711999999999997	-0.7795449999999999	-0.59111	0.0	-0.9577950000000001	-0.28468000000000004	0.0398266	0.0	2.8443	2.02872	0.8457319999999999	0.0	
0	0.593133	0.516197	-0.617846	0.0	0.685575	0.0785206	0.723755	0.0	0.42211400000000004	-0.8528629999999999	-0.307319	0.0	-2.7396700000000003	2.0	1.46191	0.0	-0.170701	0.565375	-0.806978	0.0	0.201074	-0.781776	-0.590251	0.0	-0.9645879999999999	-0.263019	0.0197679	0.0	2.85759	2.06624	0.6534270000000001	0.0	
0	0.593133	0.516197	-0.617846	0.0	0.685513	0.0786463	0.7238	0.0	0.42221499999999995	-0.852851	-0.307212	0.0	-2.7396700000000003	2.0	1.46191	0.0	-0.150779	0.607651	-0.7797609999999999	0.0	0.125432	-0.770644	-0.6248	0.0	-0.9805780000000001	-0.19201300000000002	0.0399778	0.0	2.86001	2.10893	0.493904	0.0244044	
0	0.593132	0.516197	-0.617846	0.0	0.6854560000000001	0.07876110000000001	0.723841	0.0	0.422307	-0.852841	-0.307115	0.0	-2.7396700000000003	2.0	1.46191	0.0	-0.106851	0.621555	-0.77605	0.0	0.10324100000000001	-0.769363	-0.630414	0.0	-0.988901	-0.14748	0.018037099999999997	0.0	2.8504400000000003	2.17885	0.432978	0.17699700000000002	
0	0.593132	0.516197	-0.617847	0.0	0.685401	0.0788739	0.723882	0.0	0.42239799999999994	-0.85283	-0.307019	0.0	-2.7396700000000003	2.0	1.46191	0.0	-0.0498577	0.6409199999999999	-0.765987	0.0	0.0286282	-0.7657079999999999	-0.64255	0.0	-0.998346	-0.0539649	0.019828099999999998	0.0	2.7949	2.2839400000000003	0.357105	0.17577	
0	0.593132	0.516197	-0.617846	0.0	0.685341	0.0789938	0.723925	0.0	0.422494	-0.8528190000000001	-0.306917	0.0	-2.7396700000000003	2.0	1.46191	0.0	0.00489354	0.6404340000000001	-0.767997	0.0	-0.00821325	-0.767955	-0.640451	0.0	-0.9999540000000001	0.00944188	0.00150189	0.0	2.8039099999999997	2.38515	0.307785	0.31301999999999996	
0	0.593132	0.516197	-0.617846	0.0	0.685277	0.07912310000000002	0.7239720000000001	0.0	0.422598	-0.852807	-0.30680799999999997	0.0	-2.7396700000000003	2.0	1.46191	0.0	0.062412699999999995	0.629708	-0.774321	0.0	-0.112043	-0.766508	-0.632386	0.0	-0.991741	0.126226	0.0227143	0.0	2.77484	2.49811	0.262477	0.329252	
0	0.593132	0.516197	-0.617847	0.0	0.685225	0.0792284	0.72401	0.0	0.422683	-0.8527969999999999	-0.306718	0.0	-2.7396700000000003	2.0	1.46191	0.0	0.120469	0.618617	-0.776402	0.0	-0.166499	-0.758428	-0.630131	0.0	-0.9786549999999999	0.205181	0.0116321	0.0	2.79013	2.61908	0.185554	0.354036	
0	0.593133	0.516197	-0.617846	0.0	0.6851619999999999	0.0793557	0.724055	0.0	0.422785	-0.852786	-0.30661	0.0	-2.7396700000000003	2.0	1.46191	0.0	0.174774	0.608787	-0.773842	0.0	-0.23645	-0.736989	-0.633197	0.0	-0.9557959999999999	0.293642	0.0151411	0.0	2.7832	2.78556	0.0660074	0.330308	
0	0.593132	0.516197	-0.617846	0.0	0.685106	0.0794681	0.724096	0.0	0.422875	-0.852775	-0.306515	0.0	-2.7396700000000003	2.0	1.46191	0.0	0.184069	0.590531	-0.7857430000000001	0.0	-0.238765	-0.748594	-0.618545	0.0	-0.9534729999999999	0.301462	0.00320496	0.0	2.85739	2.90092	0.0112301	0.219847	
0	0.593132	0.516197	-0.617847	0.0	0.68505	0.0795817	0.724136	0.0	0.422967	-0.852764	-0.30641799999999997	0.0	-2.7396700000000003	2.0	1.46191	0.0	0.178373	0.570125	-0.80196	0.0	-0.19275499999999998	-0.778993	-0.59667	0.0	-0.9648979999999999	0.26101199999999997	-0.029056799999999997	0.0	2.89404	2.9687200000000002	-0.0707015	0.011112	
0	-0.209019	0.693479	-0.689491	0.0	0.313969	0.715326	0.6242850000000001	0.0	0.92614	-0.0859914	-0.367247	0.0	-2.71992	1.93071	1.33585	0.0	0.145128	0.557143	-0.817637	0.0	-0.0959492	-0.814566	-0.5720810000000001	0.0	-0.98475	0.161477	-0.064759	0.0	2.93242	2.86898	-0.290569	0.0	
0	-0.22010900000000003	0.622164	-0.751308	0.0	0.128563	0.781981	0.6099	0.0	0.966966	0.0376543	-0.252108	0.0	-2.57761	1.8105900000000001	1.30431	0.0	0.12570499999999998	0.560706	-0.818418	0.0	-0.0789459	-0.816692	-0.571649	0.0	-0.988922	0.13647	-0.058396800000000006	0.0	2.8519400000000004	2.79086	-0.361948	8.15065e-05	
0	-0.149581	0.686968	-0.711126	0.0	0.041662	0.722958	0.689635	0.0	0.987872	0.07352919999999999	-0.136761	0.0	-2.4525099999999997	1.59112	1.39119	0.0	0.0590317	0.515917	-0.8546020000000001	0.0	-0.0577414	-0.8528969999999999	-0.518877	0.0	-0.996585	0.07997610000000001	-0.0205583	0.0	2.6851	2.60583	-0.34576799999999996	0.0	
0	-0.134501	0.731729	-0.668194	0.0	0.07551319999999999	0.679929	0.72938	0.0	0.988032	0.04764469999999999	-0.146706	0.0	-2.5189	1.38775	1.3119299999999998	0.0	-0.0198428	0.483446	-0.875149	0.0	-0.0620323	-0.87423	-0.48153199999999996	0.0	-0.997877	0.0447326	0.0473364	0.0	2.5588	2.3540900000000002	-0.22061799999999998	0.0	
0	-0.12685	0.765927	-0.630289	0.0	0.16261	0.642883	0.748505	0.0	0.978503	-0.00754389	-0.20609699999999997	0.0	-2.68708	1.2540799999999999	1.10261	0.0	-0.0744998	0.5004890000000001	-0.862532	0.0	-0.0243649	-0.865591	-0.50016	0.0	-0.996923	-0.016246200000000002	0.0766805	0.0	2.49245	2.08224	-0.11304600000000001	0.0	
0	-0.0615561	0.8310299999999999	-0.552812	0.0	0.24406399999999998	0.5495800000000001	0.798996	0.0	0.9678040000000001	-0.08573839999999999	-0.236654	0.0	-2.75618	1.14294	0.995383	0.0	-0.116227	0.508538	-0.853159	0.0	0.0318096	-0.856634	-0.514943	0.0	-0.992713	-0.08698910000000001	0.0833876	0.0	2.4786599999999996	1.85916	-0.098285	0.0	
0	-0.013069799999999998	0.87256	-0.488331	0.0	0.319454	0.466422	0.8248629999999999	0.0	0.9475120000000001	-0.145218	-0.284839	0.0	-2.7923	1.08241	0.912228	0.0	-0.13503099999999998	0.521393	-0.842565	0.0	0.079874	-0.841858	-0.533756	0.0	-0.987617	-0.139373	0.0720312	0.0	2.47076	1.70373	-0.18015	0.0	
0	0.043227800000000004	0.908159	-0.41638800000000004	0.0	0.365858	0.37343699999999996	0.852463	0.0	0.929666	-0.18918900000000002	-0.316114	0.0	-2.8435	0.99087	0.812308	0.108453	-0.162748	0.544294	-0.8229569999999999	0.0	0.120992	-0.816773	-0.564131	0.0	-0.9792209999999999	-0.191383	0.0670727	0.0	2.45328	1.57027	-0.335974	0.0	
0	0.222363	0.944436	-0.24206399999999997	0.0	0.37233	0.147203	0.9163530000000001	0.0	0.901069	-0.29389099999999996	-0.318909	0.0	-2.8256099999999997	0.8659969999999999	0.784992	0.352369	-0.19047999999999998	0.565537	-0.802425	0.0	0.151848	-0.790579	-0.593234	0.0	-0.9698760000000001	-0.234846	0.0647136	0.0	2.42991	1.46791	-0.433482	0.0	
0	0.395808	0.915899	-0.0668173	0.0	0.307946	-0.0638284	0.94926	0.0	0.8651620000000001	-0.396301	-0.307311	0.0	-2.8793	0.701207	0.749657	0.351513	-0.22266	0.581069	-0.782803	0.0	0.160365	-0.770192	-0.617322	0.0	-0.961616	-0.26298699999999997	0.0783076	0.0	2.35932	1.37363	-0.426404	0.06986010000000001	
0	0.516413	0.855291	0.0423733	0.0	0.228921	-0.18556199999999998	0.9555950000000001	0.0	0.825175	-0.483781	-0.291621	0.0	-2.92835	0.525142	0.719987	0.350326	-0.280204	0.573329	-0.769922	0.0	0.221478	-0.7418	-0.632993	0.0	-0.934042	-0.347887	0.0808757	0.0	2.3045400000000003	1.1938600000000001	-0.359059	0.21398899999999998	
0	0.5445300000000001	0.835714	0.0712068	0.0	0.209521	-0.21774000000000002	0.953252	0.0	0.81215	-0.504155	-0.293666	0.0	-2.9765	0.395377	0.621566	0.348754	-0.31793499999999997	0.564571	-0.761694	0.0	0.229089	-0.73383	-0.63954	0.0	-0.920019	-0.377828	0.103973	0.0	2.26843	1.06051	-0.343926	0.22160900000000003	
0	0.568114	0.818188	0.0884015	0.0	0.197774	-0.240013	0.9504100000000001	0.0	0.798832	-0.522458	-0.298171	0.0	-3.01638	0.344619	0.535559	0.348498	-0.35027800000000003	0.562823	-0.748689	0.0	0.239473	-0.71895	-0.652506	0.0	-0.905515	-0.40784899999999996	0.117052	0.0	2.21502	1.00633	-0.328545	0.270808	
0	0.595432	0.7984829999999999	0.08880299999999999	0.0	0.190189	-0.24748299999999998	0.950042	0.0	0.78057	-0.548796	-0.299222	0.0	-3.04469	0.27874	0.40996000000000005	0.347407	-0.404859	0.563926	-0.719776	0.0	0.264376	-0.681361	-0.682535	0.0	-0.875326	-0.46662200000000004	0.12676600000000002	0.0	2.1822	0.8852690000000001	-0.34679	0.283563	
0	0.6396390000000001	0.7624770000000001	0.09741849999999999	0.0	0.15526500000000001	-0.252282	0.955116	0.0	0.752831	-0.595804	-0.279756	0.0	-3.04996	0.139678	0.268585	0.34765300000000005	-0.46005	0.5586260000000001	-0.690138	0.0	0.284748	-0.643396	-0.710605	0.0	-0.840995	-0.5234300000000001	0.136927	0.0	2.15217	0.7410479999999999	-0.40273400000000004	0.28333200000000003	
0	0.673133	0.73244	0.1021	0.0	0.125567	-0.24925799999999998	0.9602620000000001	0.0	0.728783	-0.633563	-0.259754	0.0	-3.07765	-0.0346506	0.168579	0.348001	-0.516706	0.5502130000000001	-0.655958	0.0	0.30414800000000003	-0.598223	-0.741366	0.0	-0.800318	-0.582577	0.141758	0.0	2.14054	0.602035	-0.47216499999999995	0.278361	
0	0.686756	0.719228	0.105253	0.0	0.0960037	-0.233279	0.967659	0.0	0.720521	-0.6544409999999999	-0.22925399999999999	0.0	-3.09822	-0.24195100000000003	-0.0279265	0.346213	-0.5675979999999999	0.54335	-0.618549	0.0	0.32051599999999997	-0.546199	-0.77391	0.0	-0.758355	-0.637524	0.13586900000000002	0.0	2.15062	0.451416	-0.586649	0.27562600000000004	
0	0.6696770000000001	0.737117	0.09050599999999999	0.0	0.0933605	-0.204461	0.974413	0.0	0.736761	-0.644092	-0.20574	0.0	-3.04602	-0.33864	-0.135461	0.342696	-0.586386	0.545129	-0.599155	0.0	0.323006	-0.5209590000000001	-0.790107	0.0	-0.742845	-0.656838	0.129403	0.0	2.16512	0.371227	-0.686401	0.267514	
0	0.60082	0.799379	0.0029500999999999998	0.0	0.140706	-0.10938699999999998	0.9839899999999999	0.0	0.786904	-0.5907859999999999	-0.1782	0.0	-2.97554	-0.365055	-0.268958	0.312973	-0.59155	0.554703	-0.5851270000000001	0.0	0.322809	-0.502074	-0.80232	0.0	-0.738826	-0.663496	0.11793900000000002	0.0	2.16647	0.325594	-0.808227	0.270013	
0	0.438134	0.8882709999999999	-0.13788599999999998	0.0	0.212233	0.0468361	0.976096	0.0	0.8734959999999999	-0.456925	-0.168	0.0	-2.87966	-0.264875	-0.39674899999999996	0.311776	-0.583653	0.574339	-0.574008	0.0	0.31041599999999997	-0.49539399999999995	-0.811312	0.0	-0.750328	-0.651705	0.110854	0.0	2.13406	0.308496	-0.894069	0.276881	
0	0.32200100000000004	0.91199	-0.25414499999999995	0.0	0.251248	0.1765	0.951694	0.0	0.912792	-0.3703	-0.17230299999999998	0.0	-2.7309900000000003	-0.109774	-0.537654	0.308327	-0.5499970000000001	0.586255	-0.5948180000000001	0.0	0.303717	-0.52305	-0.796351	0.0	-0.777984	-0.6186470000000001	0.10962000000000001	0.0	2.13763	0.249552	-1.03736	0.287173	
0	0.235235	0.9109229999999999	-0.338946	0.0	0.26466300000000004	0.27552	0.9241440000000001	0.0	0.93521	-0.30709699999999995	-0.176275	0.0	-2.63449	-0.0286265	-0.712539	0.305967	-0.5220020000000001	0.586255	-0.619531	0.0	0.304095	-0.5506979999999999	-0.777341	0.0	-0.796894	-0.59417	0.10918800000000001	0.0	2.14584	0.153675	-1.2099600000000001	0.291898	
0	0.19025	0.898325	-0.396002	0.0	0.285735	0.335239	0.897759	0.0	0.939234	-0.28395	-0.192904	0.0	-2.56137	-0.0391996	-0.893906	0.293634	-0.512754	0.580859	-0.632207	0.0	0.317357	-0.5559850000000001	-0.7682220000000001	0.0	-0.7977270000000001	-0.594544	0.100744	0.0	2.1629099999999997	0.060618200000000004	-1.37195	0.29182800000000003	
0	0.170345	0.887998	-0.427133	0.0	0.304841	0.364714	0.8798040000000001	0.0	0.9370459999999999	-0.280078	-0.208571	0.0	-2.55147	-0.137924	-1.0980299999999998	0.293258	-0.506663	0.57627	-0.641253	0.0	0.326927	-0.559817	-0.761396	0.0	-0.797754	-0.595414	0.0952409	0.0	2.18762	-0.030715	-1.51099	0.29101	
0	0.16081199999999998	0.8853200000000001	-0.43628999999999996	0.0	0.320829	0.371148	0.871389	0.0	0.933386	-0.280104	-0.22435100000000002	0.0	-2.5488299999999997	-0.294596	-1.33638	0.293692	-0.503215	0.56479	-0.654055	0.0	0.338294	-0.567712	-0.7505069999999999	0.0	-0.795194	-0.598929	0.09461560000000001	0.0	2.2195099999999996	-0.145314	-1.6774	0.290476	
0	0.142761	0.8702209999999999	-0.471525	0.0	0.3314	0.406878	0.851249	0.0	0.9326270000000001	-0.27778800000000003	-0.230305	0.0	-2.53483	-0.429125	-1.4966	0.29438200000000003	-0.497812	0.5544439999999999	-0.666914	0.0	0.341864	-0.581263	-0.7384189999999999	0.0	-0.797064	-0.595588	0.09981469999999999	0.0	2.2643	-0.25044299999999997	-1.7873400000000002	0.29265	
0	0.139904	0.860449	-0.48995299999999997	0.0	0.33916199999999996	0.423242	0.84014	0.0	0.930267	-0.28371199999999996	-0.232619	0.0	-2.53044	-0.543238	-1.6523599999999998	0.291389	-0.48849899999999996	0.5372239999999999	-0.687575	0.0	0.33015100000000003	-0.615611	-0.715558	0.0	-0.8076939999999999	-0.576553	0.12336	0.0	2.31568	-0.342358	-1.8660700000000001	0.31804699999999997	
0	0.10923699999999999	0.844671	-0.524022	0.0	0.344704	0.46227399999999996	0.816996	0.0	0.932334	-0.269879	-0.240664	0.0	-2.5606400000000002	-0.614793	-1.79975	0.290933	-0.46946899999999997	0.54179	-0.697182	0.0	0.328463	-0.625771	-0.707476	0.0	-0.81958	-0.561137	0.11582200000000001	0.0	2.34213	-0.374697	-1.9395	0.31754899999999997	
0	0.102626	0.835299	-0.540133	0.0	0.350539	0.47779799999999994	0.805501	0.0	0.930908	-0.272003	-0.24377	0.0	-2.5623	-0.671741	-1.88707	0.27931	-0.454887	0.554271	-0.697038	0.0	0.329698	-0.622274	-0.709982	0.0	-0.8272709999999999	-0.552773	0.10032200000000001	0.0	2.33459	-0.380461	-2.07959	0.319454	
0	0.0880461	0.8344030000000001	-0.544077	0.0	0.352443	0.48477299999999995	0.800487	0.0	0.931682	-0.262236	-0.251397	0.0	-2.59645	-0.68007	-2.01594	0.266759	-0.45154799999999995	0.559678	-0.6948840000000001	0.0	0.328086	-0.620091	-0.712634	0.0	-0.8297370000000001	-0.54977	0.0963787	0.0	2.3458200000000002	-0.383085	-2.19964	0.311215	
0	0.06641760000000001	0.8396440000000001	-0.539061	0.0	0.366173	0.482048	0.795957	0.0	0.9281729999999999	-0.250255	-0.275439	0.0	-2.67181	-0.667903	-2.08189	0.243376	-0.43453400000000003	0.560055	-0.705349	0.0	0.33262600000000003	-0.6279939999999999	-0.703551	0.0	-0.836983	-0.540335	0.086596	0.0	2.34682	-0.370015	-2.32441	0.30186799999999997	
0	0.0446192	0.839643	-0.5413020000000001	0.0	0.377988	0.48736999999999997	0.787144	0.0	0.9247350000000001	-0.239727	-0.295629	0.0	-2.7239299999999997	-0.646073	-2.12791	0.235673	-0.42572600000000005	0.558268	-0.712105	0.0	0.335784	-0.633319	-0.697248	0.0	-0.840242	-0.5359510000000001	0.0821626	0.0	2.37301	-0.365881	-2.42706	0.303411	
0	0.0255343	0.838932	-0.543637	0.0	0.387394	0.493017	0.779012	0.0	0.9215610000000001	-0.23049299999999998	-0.312408	0.0	-2.79746	-0.624574	-2.1686900000000002	0.236698	-0.412308	0.550493	-0.72592	0.0	0.33715300000000004	-0.64803	-0.682923	0.0	-0.8463629999999999	-0.526321	0.08158760000000001	0.0	2.41929	-0.365612	-2.48141	0.305581	
0	0.0100019	0.835492	-0.549412	0.0	0.389623	0.5027590000000001	0.77164	0.0	0.9209200000000001	-0.221781	-0.320498	0.0	-2.8710000000000004	-0.610234	-2.19809	0.237627	-0.40589899999999995	0.5414399999999999	-0.736267	0.0	0.33017199999999997	-0.66433	-0.670561	0.0	-0.852193	-0.515275	0.0908823	0.0	2.4416900000000004	-0.376916	-2.47632	0.312078	
0	0.00779606	0.833299	-0.552768	0.0	0.387465	0.507083	0.769895	0.0	0.921852	-0.22018000000000001	-0.318921	0.0	-2.8987	-0.612879	-2.19437	0.238242	-0.40451	0.543345	-0.735627	0.0	0.33014	-0.663377	-0.671519	0.0	-0.852865	-0.514496	0.08896319999999999	0.0	2.44801	-0.378195	-2.4717599999999997	0.312381	
0	0.012332700000000002	0.8276979999999999	-0.561038	0.0	0.385708	0.51372	0.766369	0.0	0.9225389999999999	-0.225848	-0.31291399999999997	0.0	-2.90709	-0.618871	-2.1831	0.239837	-0.40029000000000003	0.542447	-0.738593	0.0	0.328421	-0.667525	-0.668245	0.0	-0.8555159999999999	-0.510061	0.08905260000000001	0.0	2.4487099999999997	-0.378707	-2.4715599999999998	0.31264899999999995	
0	0.016430900000000002	0.8235889999999999	-0.5669489999999999	0.0	0.388482	0.5172180000000001	0.762605	0.0	0.9213100000000001	-0.23278000000000001	-0.31145100000000003	0.0	-2.90309	-0.621238	-2.17529	0.24010599999999999	-0.401868	0.540682	-0.73903	0.0	0.328857	-0.668008	-0.667546	0.0	-0.854608	-0.511301	0.0906439	0.0	2.45065	-0.380208	-2.4680299999999997	0.312567	
0	0.020737099999999998	0.818384	-0.5742970000000001	0.0	0.394702	0.521061	0.7567729999999999	0.0	0.918575	-0.24236999999999997	-0.312213	0.0	-2.90061	-0.61935	-2.17172	0.240615	-0.404504	0.538652	-0.739074	0.0	0.330351	-0.667514	-0.667303	0.0	-0.852786	-0.514081	0.0920677	0.0	2.4529400000000003	-0.380873	-2.46913	0.312342	
0	0.025085299999999998	0.812973	-0.581761	0.0	0.398905	0.525466	0.751505	0.0	0.9166489999999999	-0.250919	-0.311118	0.0	-2.90846	-0.620996	-2.16201	0.239261	-0.40531799999999996	0.5378569999999999	-0.739207	0.0	0.330511	-0.667691	-0.667046	0.0	-0.8523379999999999	-0.514682	0.0928593	0.0	2.45392	-0.38162399999999996	-2.46794	0.31234	
0	0.0250742	0.8129770000000001	-0.581756	0.0	0.398904	0.525465	0.7515069999999999	0.0	0.91665	-0.250908	-0.31112399999999996	0.0	-2.90834	-0.620988	-2.1621200000000003	0.23926399999999998	-0.405319	0.5378569999999999	-0.739207	0.0	0.330511	-0.667692	-0.667046	0.0	-0.8523370000000001	-0.514682	0.09286069999999999	0.0	2.4539	-0.381616	-2.46795	0.312341	
0	0.025074000000000003	0.8129770000000001	-0.581756	0.0	0.398904	0.525465	0.751506	0.0	0.91665	-0.250908	-0.31112399999999996	0.0	-2.90834	-0.620988	-2.1621200000000003	0.239263	-0.405319	0.5378569999999999	-0.739207	0.0	0.330511	-0.667692	-0.667046	0.0	-0.8523370000000001	-0.514683	0.09286069999999999	0.0	2.4539	-0.381616	-2.46795	0.312341	
0	0.0250741	0.8129770000000001	-0.581756	0.0	0.398904	0.525465	0.751506	0.0	0.91665	-0.250908	-0.31112399999999996	0.0	-2.90834	-0.620987	-2.1621200000000003	0.239263	-0.405319	0.5378569999999999	-0.739207	0.0	0.330511	-0.667692	-0.667046	0.0	-0.8523370000000001	-0.514682	0.09286069999999999	0.0	2.4539	-0.381616	-2.46795	0.312341	
0	0.025074000000000003	0.8129770000000001	-0.581756	0.0	0.398904	0.525465	0.751506	0.0	0.91665	-0.250908	-0.31112399999999996	0.0	-2.90834	-0.620987	-2.1621200000000003	0.239263	-0.405319	0.5378569999999999	-0.739207	0.0	0.330511	-0.667692	-0.667046	0.0	-0.8523370000000001	-0.514682	0.09286069999999999	0.0	2.4539	-0.381616	-2.46795	0.312341	
0	0.0250741	0.8129770000000001	-0.581756	0.0	0.398904	0.525465	0.751506	0.0	0.91665	-0.250908	-0.31112399999999996	0.0	-2.90834	-0.620987	-2.1621200000000003	0.239263	-0.405319	0.5378569999999999	-0.739207	0.0	0.330511	-0.667692	-0.667046	0.0	-0.8523370000000001	-0.514682	0.09286069999999999	0.0	2.4539	-0.381616	-2.46795	0.312341	
0	0.0250741	0.8129770000000001	-0.581756	0.0	0.398904	0.525465	0.751506	0.0	0.91665	-0.250908	-0.31112399999999996	0.0	-2.90834	-0.620987	-2.1621200000000003	0.239263	-0.405319	0.5378569999999999	-0.739207	0.0	0.330511	-0.667692	-0.667046	0.0	-0.8523370000000001	-0.514682	0.09286069999999999	0.0	2.4539	-0.381616	-2.46795	0.312341	
0	0.025074000000000003	0.8129770000000001	-0.581756	0.0	0.398904	0.525465	0.751506	0.0	0.91665	-0.250908	-0.31112399999999996	0.0	-2.90834	-0.620987	-2.1621200000000003	0.239263	-0.405319	0.5378569999999999	-0.739207	0.0	0.330511	-0.667692	-0.667046	0.0	-0.8523370000000001	-0.514682	0.09286080000000001	0.0	2.4539	-0.381616	-2.46795	0.31234	
0	0.0250741	0.8129770000000001	-0.581756	0.0	0.398904	0.525465	0.751506	0.0	0.91665	-0.250908	-0.31112399999999996	0.0	-2.90834	-0.620988	-2.1621200000000003	0.239263	-0.405319	0.5378569999999999	-0.739207	0.0	0.330511	-0.667692	-0.667046	0.0	-0.8523370000000001	-0.514682	0.09286069999999999	0.0	2.4539	-0.381616	-2.46795	0.312341	
0	0.025074000000000003	0.8129770000000001	-0.581756	0.0	0.398904	0.525465	0.7515069999999999	0.0	0.91665	-0.250908	-0.31112399999999996	0.0	-2.90834	-0.620987	-2.1621200000000003	0.23926399999999998	-0.405319	0.5378569999999999	-0.739207	0.0	0.330511	-0.667692	-0.667046	0.0	-0.8523370000000001	-0.514682	0.09286080000000001	0.0	2.4539	-0.381616	-2.46795	0.31234	
0	0.025074000000000003	0.8129770000000001	-0.581756	0.0	0.398904	0.525465	0.7515069999999999	0.0	0.91665	-0.250908	-0.31112399999999996	0.0	-2.90834	-0.620987	-2.1621200000000003	0.23926399999999998	-0.405319	0.5378569999999999	-0.739207	0.0	0.330511	-0.667692	-0.667046	0.0	-0.8523370000000001	-0.514683	0.09286069999999999	0.0	2.4539	-0.381616	-2.46795	0.312341	
0	0.025074000000000003	0.8129770000000001	-0.581756	0.0	0.398904	0.525465	0.7515069999999999	0.0	0.91665	-0.250908	-0.31112399999999996	0.0	-2.90834	-0.620987	-2.1621200000000003	0.23926399999999998	-0.405319	0.5378569999999999	-0.739207	0.0	0.330511	-0.667692	-0.667046	0.0	-0.8523370000000001	-0.514682	0.09286069999999999	0.0	2.4539	-0.381616	-2.46795	0.31234	
0	0.025074000000000003	0.8129770000000001	-0.581756	0.0	0.398904	0.525465	0.7515069999999999	0.0	0.91665	-0.250908	-0.31112399999999996	0.0	-2.90834	-0.620987	-2.1621200000000003	0.23926399999999998	-0.405319	0.5378569999999999	-0.739207	0.0	0.330511	-0.667692	-0.667046	0.0	-0.8523370000000001	-0.514682	0.09286069999999999	0.0	2.4539	-0.381616	-2.46795	0.312341	
0	0.025074000000000003	0.8129770000000001	-0.581756	0.0	0.398904	0.525465	0.7515069999999999	0.0	0.91665	-0.250908	-0.31112399999999996	0.0	-2.90834	-0.620987	-2.1621200000000003	0.23926399999999998	-0.405319	0.5378569999999999	-0.739207	0.0	0.330511	-0.667692	-0.667046	0.0	-0.8523370000000001	-0.514682	0.09286069999999999	0.0	2.4539	-0.381616	-2.46795	0.312341	
0	0.025074000000000003	0.8129770000000001	-0.581756	0.0	0.398904	0.525465	0.751506	0.0	0.91665	-0.250908	-0.31112399999999996	0.0	-2.90834	-0.620987	-2.1621200000000003	0.23926399999999998	-0.405319	0.5378569999999999	-0.739207	0.0	0.330511	-0.667692	-0.667046	0.0	-0.8523370000000001	-0.514682	0.09286069999999999	0.0	2.4539	-0.381615	-2.46795	0.312341	
0	0.025074000000000003	0.8129770000000001	-0.581756	0.0	0.398904	0.525465	0.7515069999999999	0.0	0.91665	-0.250908	-0.31112399999999996	0.0	-2.90834	-0.620987	-2.1621200000000003	0.23926399999999998	-0.405319	0.537856	-0.739207	0.0	0.330511	-0.667692	-0.667046	0.0	-0.8523370000000001	-0.514683	0.09286080000000001	0.0	2.4539	-0.381616	-2.46795	0.31234	
0	0.025074000000000003	0.8129770000000001	-0.581756	0.0	0.398904	0.525465	0.7515069999999999	0.0	0.91665	-0.250908	-0.31112399999999996	0.0	-2.90834	-0.620988	-2.1621200000000003	0.23926399999999998	-0.405319	0.5378569999999999	-0.739207	0.0	0.330511	-0.667692	-0.667046	0.0	-0.8523370000000001	-0.514683	0.09286069999999999	0.0	2.4539	-0.381616	-2.46795	0.312341	
0	0.025074000000000003	0.8129770000000001	-0.581756	0.0	0.398904	0.525465	0.7515069999999999	0.0	0.91665	-0.250908	-0.31112399999999996	0.0	-2.90834	-0.620988	-2.1621200000000003	0.23926399999999998	-0.405319	0.5378569999999999	-0.739207	0.0	0.330511	-0.667692	-0.667046	0.0	-0.8523370000000001	-0.514682	0.09286069999999999	0.0	2.4539	-0.381616	-2.46795	0.312341	
0	0.0250741	0.8129770000000001	-0.581756	0.0	0.398904	0.525465	0.751506	0.0	0.91665	-0.250908	-0.31112399999999996	0.0	-2.90834	-0.620987	-2.1621200000000003	0.239263	-0.405319	0.5378569999999999	-0.739207	0.0	0.330511	-0.667692	-0.667046	0.0	-0.8523370000000001	-0.514682	0.09286069999999999	0.0	2.4539	-0.381616	-2.46795	0.312341	
0	0.0250741	0.8129770000000001	-0.581756	0.0	0.398904	0.525465	0.751506	0.0	0.91665	-0.250908	-0.31112399999999996	0.0	-2.90834	-0.620987	-2.1621200000000003	0.239263	-0.405319	0.5378569999999999	-0.739207	0.0	0.330511	-0.667692	-0.667046	0.0	-0.8523370000000001	-0.514682	0.09286069999999999	0.0	2.4539	-0.381616	-2.46795	0.312341	
0	0.0250741	0.8129770000000001	-0.581756	0.0	0.398904	0.525465	0.751506	0.0	0.91665	-0.250908	-0.31112399999999996	0.0	-2.90834	-0.620987	-2.1621200000000003	0.239263	-0.405319	0.5378569999999999	-0.739207	0.0	0.330511	-0.667692	-0.667046	0.0	-0.8523370000000001	-0.514682	0.09286080000000001	0.0	2.4539	-0.381616	-2.46795	0.312341	
0	0.0250741	0.8129770000000001	-0.581756	0.0	0.398904	0.525465	0.751506	0.0	0.91665	-0.250908	-0.31112399999999996	0.0	-2.90834	-0.620987	-2.1621200000000003	0.239263	-0.405319	0.5378569999999999	-0.739207	0.0	0.330511	-0.667692	-0.667046	0.0	-0.8523370000000001	-0.514682	0.09286069999999999	0.0	2.4539	-0.381616	-2.46795	0.312341	
0	0.0250741	0.8129770000000001	-0.581756	0.0	0.398904	0.525465	0.751506	0.0	0.91665	-0.250908	-0.31112399999999996	0.0	-2.90834	-0.620987	-2.1621200000000003	0.239263	-0.405319	0.5378569999999999	-0.739207	0.0	0.330511	-0.667692	-0.667046	0.0	-0.8523370000000001	-0.514682	0.09286069999999999	0.0	2.4539	-0.381616	-2.46795	0.312341	
0	0.0250741	0.8129770000000001	-0.581756	0.0	0.398904	0.525465	0.751506	0.0	0.91665	-0.250908	-0.31112399999999996	0.0	-2.90834	-0.620987	-2.1621200000000003	0.239263	-0.405319	0.5378569999999999	-0.739207	0.0	0.330511	-0.667692	-0.667046	0.0	-0.8523370000000001	-0.514682	0.09286069999999999	0.0	2.4539	-0.381616	-2.46795	0.312341	
0	0.029006599999999997	0.975182	-0.21949699999999997	0.0	0.0413989	0.218229	0.9750190000000001	0.0	0.9987219999999999	-0.037369	-0.0340415	0.0	-2.9278299999999997	-0.738749	-2.25018	0.30644	-0.0885149	0.840419	-0.534659	0.0	-0.15972	-0.541796	-0.8251950000000001	0.0	-0.983186	0.0123538	0.18218900000000002	0.0	2.4267	-0.430555	-2.43539	0.32593099999999997	
0	0.151753	0.9769479999999999	-0.150147	0.0	0.09402510000000001	0.136949	0.9861059999999999	0.0	0.983936	-0.163762	-0.07107530000000001	0.0	-3.0265400000000002	-1.01144	-2.37835	0.307948	-0.10725699999999999	0.842191	-0.528404	0.0	-0.14693599999999998	-0.539061	-0.8293510000000001	0.0	-0.9833139999999999	-0.0113121	0.181565	0.0	2.39725	-0.563366	-2.4603	0.325815	
0	0.229444	0.9675590000000001	-0.105761	0.0	0.11456199999999998	0.08105810000000001	0.9901040000000001	0.0	0.966556	-0.23929	-0.0922475	0.0	-3.08617	-1.2177	-2.4394400000000003	0.307111	-0.122358	0.83967	-0.529134	0.0	-0.13633	-0.5423060000000001	-0.829046	0.0	-0.9830780000000001	-0.029304000000000004	0.180828	0.0	2.38147	-0.641614	-2.47812	0.325587	
0	0.311641	0.947728	-0.0684943	0.0	0.123328	0.031131299999999997	0.991878	0.0	0.942163	-0.31755700000000003	-0.10718	0.0	-3.17298	-1.4885899999999999	-2.5156099999999997	0.30459899999999995	-0.138059	0.833915	-0.534345	0.0	-0.13213	-0.550197	-0.824515	0.0	-0.9815709999999999	-0.043229000000000004	0.186145	0.0	2.36702	-0.684182	-2.4805200000000003	0.325648	
0	0.421508	0.9051530000000001	-0.05504259999999999	0.0	0.13805699999999999	-0.00406237	0.990416	0.0	0.8962540000000001	-0.42506700000000003	-0.126675	0.0	-3.2828199999999996	-1.78098	-2.59861	0.303268	-0.158099	0.8285030000000001	-0.537203	0.0	-0.124201	-0.5564100000000001	-0.821573	0.0	-0.9795809999999999	-0.0631686	0.190869	0.0	2.33387	-0.780493	-2.45903	0.326302	
0	0.46695600000000004	0.8828889999999999	-0.0495849	0.0	0.136964	-0.0168148	0.990433	0.0	0.873609	-0.46928100000000006	-0.128776	0.0	-3.33101	-1.90563	-2.6076099999999998	0.303978	-0.16136	0.8284360000000001	-0.5363359999999999	0.0	-0.12404200000000001	-0.5561729999999999	-0.821758	0.0	-0.9790690000000001	-0.0660701	0.19250499999999998	0.0	2.32655	-0.802212	-2.46132	0.32643099999999997	
0	0.605675	0.795562	-0.015488499999999999	0.0	0.0915824	-0.0503614	0.9945229999999999	0.0	0.790425	-0.603776	-0.103362	0.0	-3.48642	-2.2814200000000002	-2.63472	0.304007	-0.170525	0.826406	-0.536633	0.0	-0.121315	-0.558074	-0.820875	0.0	-0.977857	-0.07487769999999999	0.195421	0.0	2.31397	-0.855542	-2.47052	0.326832	
0	0.66835	0.74379	0.00915641	0.0	0.060694200000000004	-0.0667984	0.995919	0.0	0.741367	-0.665067	-0.0897885	0.0	-3.60145	-2.43165	-2.64935	0.301491	-0.173809	0.8247690000000001	-0.538095	0.0	-0.12139000000000001	-0.560188	-0.8194229999999999	0.0	-0.977269	-0.0771037	0.197484	0.0	2.3102099999999997	-0.8799629999999999	-2.47178	0.32666799999999996	
0	0.7035680000000001	0.710041	0.028883299999999997	0.0	0.0419842	-0.0821066	0.9957389999999999	0.0	0.709387	-0.699357	-0.0875781	0.0	-3.63231	-2.45223	-2.60471	0.30149000000000004	-0.175793	0.822691	-0.5406270000000001	0.0	-0.12455799999999999	-0.563354	-0.816773	0.0	-0.9765149999999999	-0.07624360000000001	0.201507	0.0	2.30838	-0.885862	-2.4668900000000002	0.32659	
0	0.776269	0.6265539999999999	0.06954149999999999	0.0	0.000545382	-0.110981	0.9938229999999999	0.0	0.630401	-0.771436	-0.0864925	0.0	-3.7213	-2.4316299999999997	-2.58275	0.279963	-0.181294	0.819008	-0.544389	0.0	-0.126923	-0.568419	-0.812891	0.0	-0.9752040000000001	-0.0782765	0.20700100000000002	0.0	2.2924900000000004	-0.901011	-2.46326	0.32666999999999996	
0	0.805746	0.589254	0.0596144	0.0	0.00361636	-0.105549	0.994408	0.0	0.592251	-0.801024	-0.0871762	0.0	-3.72465	-2.40318	-2.55205	0.274373	-0.18151099999999998	0.8178489999999999	-0.546056	0.0	-0.126354	-0.5700729999999999	-0.81182	0.0	-0.9752379999999999	-0.07835800000000001	0.20681300000000002	0.0	2.29051	-0.8962709999999999	-2.45838	0.32647	
0	0.8246479999999999	0.564226	0.0400703	0.0	0.0157295	-0.09368660000000001	0.9954770000000001	0.0	0.5654279999999999	-0.8202879999999999	-0.0861335	0.0	-3.7133800000000003	-2.3891299999999998	-2.52698	0.273495	-0.182024	0.816973	-0.547194	0.0	-0.128088	-0.57145	-0.810579	0.0	-0.974916	-0.0774558	0.208662	0.0	2.29025	-0.8940229999999999	-2.4595599999999997	0.326473	
0	0.8708799999999999	0.488922	-0.050230800000000006	0.0	0.0773192	-0.0353573	0.9963790000000001	0.0	0.485375	-0.871611	-0.068595	0.0	-3.70684	-2.39263	-2.40225	0.27005999999999997	-0.180975	0.816171	-0.5487380000000001	0.0	-0.130307	-0.5729310000000001	-0.809179	0.0	-0.974817	-0.0749367	0.210038	0.0	2.28932	-0.8929809999999999	-2.4538599999999997	0.326588	
0	0.87231	0.479308	-0.0966386	0.0	0.111175	-0.00196015	0.993799	0.0	0.476146	-0.8776450000000001	-0.054996699999999996	0.0	-3.6604900000000002	-2.3887099999999997	-2.3427599999999997	0.263328	-0.181122	0.8149649999999999	-0.550479	0.0	-0.130995	-0.574741	-0.807783	0.0	-0.974698	-0.07419780000000001	0.21085399999999999	0.0	2.28734	-0.900141	-2.45589	0.326801	
0	0.877793	0.43667799999999996	-0.196957	0.0	0.185542	0.06913739999999999	0.980201	0.0	0.44165	-0.896957	-0.020333700000000003	0.0	-3.5318400000000003	-2.4163900000000003	-2.17024	0.259914	-0.18449100000000002	0.813508	-0.5515140000000001	0.0	-0.132615	-0.57662	-0.806178	0.0	-0.9738459999999999	-0.0755935	0.21426399999999998	0.0	2.28526	-0.907961	-2.45175	0.326781	
0	0.88451	0.404318	-0.232742	0.0	0.210067	0.100274	0.9725309999999999	0.0	0.41655	-0.9091049999999999	0.00375947	0.0	-3.4917199999999995	-2.4455299999999998	-2.10853	0.248013	-0.185028	0.813387	-0.551512	0.0	-0.133239	-0.576784	-0.805958	0.0	-0.973659	-0.0756416	0.215096	0.0	2.28582	-0.908537	-2.4469	0.326714	
0	0.883288	0.332785	-0.33023800000000003	0.0	0.295889	0.15068499999999999	0.943262	0.0	0.363666	-0.9308860000000001	0.0346309	0.0	-3.43053	-2.5251900000000003	-1.97406	0.246829	-0.187603	0.812187	-0.5524100000000001	0.0	-0.132215	-0.578158	-0.805142	0.0	-0.973306	-0.0780097	0.21584699999999998	0.0	2.28575	-0.908637	-2.4412	0.32694	
0	0.850972	0.30139499999999997	-0.430125	0.0	0.393419	0.176756	0.902208	0.0	0.347948	-0.936973	0.0318395	0.0	-3.2991099999999998	-2.57114	-1.9516799999999999	0.252452	-0.188625	0.810193	-0.5549850000000001	0.0	-0.131805	-0.580902	-0.803231	0.0	-0.9731639999999999	-0.07836010000000002	0.21636	0.0	2.28385	-0.905334	-2.43887	0.32653899999999997	
0	0.8371190000000001	0.263606	-0.479317	0.0	0.444032	0.184299	0.8768520000000001	0.0	0.319481	-0.9468610000000001	0.0372305	0.0	-3.17355	-2.61096	-1.97691	0.2536	-0.189641	0.808938	-0.556467	0.0	-0.131223	-0.582549	-0.802133	0.0	-0.973045	-0.0790956	0.216626	0.0	2.2833900000000003	-0.907582	-2.44022	0.326466	
0	0.813184	0.228589	-0.535238	0.0	0.508888	0.167011	0.844477	0.0	0.282429	-0.959091	0.0194847	0.0	-3.1343099999999997	-2.66016	-2.0058700000000003	0.25811300000000004	-0.189335	0.808055	-0.5578529999999999	0.0	-0.131751	-0.5838979999999999	-0.8010649999999999	0.0	-0.9730340000000001	-0.078172	0.21701399999999998	0.0	2.28373	-0.9063129999999999	-2.43836	0.32616999999999996	
0	0.78542	0.217619	-0.579445	0.0	0.5634859999999999	0.135979	0.814858	0.0	0.256121	-0.966515	-0.015825	0.0	-3.14479	-2.6968400000000003	-2.10016	0.261126	-0.192222	0.804912	-0.561398	0.0	-0.132866	-0.588144	-0.797767	0.0	-0.9723149999999999	-0.07875750000000001	0.22	0.0	2.27462	-0.915372	-2.4365099999999997	0.32611	
0	0.77342	0.19756500000000002	-0.60232	0.0	0.5907100000000001	0.12007899999999999	0.797899	0.0	0.229963	-0.972908	-0.023831799999999997	0.0	-3.1865200000000002	-2.72568	-2.15108	0.26679400000000003	-0.19463699999999998	0.8032520000000001	-0.562941	0.0	-0.132598	-0.590196	-0.796295	0.0	-0.9718709999999999	-0.0803435	0.22138400000000003	0.0	2.26626	-0.924233	-2.43899	0.326406	
0	0.739019	0.175231	-0.650497	0.0	0.645663	0.0913571	0.758138	0.0	0.192276	-0.9802799999999999	-0.0456254	0.0	-3.2966	-2.76633	-2.22417	0.275688	-0.195928	0.801773	-0.5646	0.0	-0.133883	-0.5922390000000001	-0.794562	0.0	-0.9714360000000001	-0.080087	0.22338000000000002	0.0	2.2587	-0.929284	-2.42732	0.32640399999999997	
0	0.711106	0.141373	-0.688725	0.0	0.691297	0.038034899999999996	0.7215689999999999	0.0	0.128206	-0.989226	-0.0706839	0.0	-3.4347	-2.7868	-2.2546	0.293039	-0.196875	0.800354	-0.566282	0.0	-0.136918	-0.59437	-0.792451	0.0	-0.9708209999999999	-0.07847919999999999	0.22659899999999997	0.0	2.24464	-0.9310940000000001	-2.40873	0.326315	
0	0.691908	0.104689	-0.7143550000000001	0.0	0.717615	0.00898584	0.696382	0.0	0.079323	-0.9944649999999999	-0.0689093	0.0	-3.55041	-2.8143599999999998	-2.28776	0.294152	-0.198247	0.7993180000000001	-0.567264	0.0	-0.137818	-0.595734	-0.79127	0.0	-0.9704149999999999	-0.07868789999999999	0.22826300000000002	0.0	2.23188	-0.9310379999999999	-2.3946	0.32643099999999997	
0	0.684331	0.09708860000000001	-0.722679	0.0	0.72602	0.00131804	0.6876720000000001	0.0	0.0677177	-0.995275	-0.06958639999999999	0.0	-3.62365	-2.83314	-2.31262	0.29428200000000004	-0.198622	0.798592	-0.568155	0.0	-0.138224	-0.5967359999999999	-0.790443	0.0	-0.9702799999999999	-0.0784668	0.22891	0.0	2.2264	-0.929875	-2.38998	0.326544	
0	0.669491	0.11271800000000001	-0.734218	0.0	0.73545	0.0383116	0.676495	0.0	0.10438199999999999	-0.9928879999999999	-0.057249400000000006	0.0	-3.6854199999999997	-2.90991	-2.31219	0.295554	-0.199434	0.797059	-0.57002	0.0	-0.139163	-0.5988479999999999	-0.788679	0.0	-0.969979	-0.0779637	0.230352	0.0	2.22132	-0.927852	-2.3870299999999998	0.32667199999999996	
0	0.6641729999999999	0.106823	-0.739908	0.0	0.7406590000000001	0.04032619999999999	0.67067	0.0	0.10148099999999999	-0.99346	-0.0523362	0.0	-3.6556900000000003	-2.9434400000000003	-2.3082599999999998	0.29715199999999997	-0.200871	0.795824	-0.571239	0.0	-0.140559	-0.6005050000000001	-0.78717	0.0	-0.9694809999999999	-0.07782689999999999	0.23248400000000002	0.0	2.21808	-0.930844	-2.38479	0.326602	
0	0.661197	0.106732	-0.742581	0.0	0.742855	0.045139	0.667929	0.0	0.10480899999999999	-0.9932629999999999	-0.0494403	0.0	-3.61915	-2.9819400000000003	-2.2755	0.325194	-0.20285899999999998	0.793728	-0.57345	0.0	-0.142861	-0.60335	-0.784576	0.0	-0.9687309999999999	-0.0772352	0.235787	0.0	2.21139	-0.9314309999999999	-2.37511	0.32677399999999995	
0	0.648405	0.107083	-0.753727	0.0	0.7532989999999999	0.0528765	0.6555489999999999	0.0	0.110052	-0.992843	-0.0463798	0.0	-3.54346	-3.02717	-2.20562	0.34676	-0.203544	0.794118	-0.572666	0.0	-0.1421	-0.602679	-0.78523	0.0	-0.968699	-0.07845310000000001	0.23551599999999998	0.0	2.20779	-0.932573	-2.35984	0.326612	
0	0.629318	0.120405	-0.767764	0.0	0.766975	0.06310009999999999	0.638567	0.0	0.125333	-0.990717	-0.0526379	0.0	-3.48464	-3.04418	-2.1903900000000003	0.347004	-0.203775	0.793435	-0.573531	0.0	-0.143624	-0.603712	-0.784158	0.0	-0.968425	-0.0774191	0.23697800000000002	0.0	2.20528	-0.9267690000000001	-2.3512299999999997	0.326462	
0	0.622061	0.11621600000000001	-0.774296	0.0	0.773977	0.0581672	0.630536	0.0	0.118317	-0.991519	-0.053765099999999996	0.0	-3.43339	-3.06907	-2.1594599999999997	0.34715300000000004	-0.206659	0.791629	-0.5749920000000001	0.0	-0.144091	-0.605895	-0.7823869999999999	0.0	-0.9677450000000001	-0.0788356	0.23928000000000002	0.0	2.19348	-0.9249870000000001	-2.3327299999999997	0.32636	
0	0.6140479999999999	0.108743	-0.781742	0.0	0.782454	0.0460054	0.621007	0.0	0.103495	-0.9930049999999999	-0.0568369	0.0	-3.4061800000000004	-3.11825	-2.19121	0.346862	-0.20839899999999997	0.790415	-0.576033	0.0	-0.143941	-0.607338	-0.781295	0.0	-0.9673940000000001	-0.0799062	0.240342	0.0	2.1858	-0.930724	-2.32651	0.326123	
0	0.605012	0.103433	-0.78947	0.0	0.791176	0.033289	0.610681	0.0	0.0894455	-0.994079	-0.061693700000000004	0.0	-3.39373	-3.16181	-2.22547	0.347147	-0.209069	0.788176	-0.578851	0.0	-0.14381300000000002	-0.6102770000000001	-0.779025	0.0	-0.967268	-0.07962360000000002	0.24094000000000002	0.0	2.18438	-0.928076	-2.3205299999999998	0.325517	
0	0.597557	0.11299200000000001	-0.793825	0.0	0.796638	0.028782299999999997	0.6037710000000001	0.0	0.09106950000000001	-0.993179	-0.0728148	0.0	-3.3146400000000003	-3.1947799999999997	-2.2086099999999997	0.346478	-0.20995500000000003	0.787304	-0.579717	0.0	-0.143644	-0.611337	-0.778224	0.0	-0.967102	-0.0801192	0.241445	0.0	2.18349	-0.929009	-2.31719	0.32563400000000003	
0	0.5890890000000001	0.106065	-0.801077	0.0	0.804426	0.017035400000000003	0.593808	0.0	0.0766288	-0.9942129999999999	-0.0752858	0.0	-3.2511099999999997	-3.2387	-2.2164200000000003	0.346248	-0.21059099999999997	0.7867770000000001	-0.580201	0.0	-0.14415	-0.612015	-0.777598	0.0	-0.966888	-0.0801188	0.242299	0.0	2.1842099999999998	-0.929415	-2.31304	0.32528	
0	0.563178	0.11286199999999999	-0.818592	0.0	0.824951	-0.0194609	0.56487	0.0	0.0478221	-0.9934200000000001	-0.104066	0.0	-3.24309	-3.27797	-2.19541	0.34648	-0.211089	0.786594	-0.580268	0.0	-0.14384	-0.612179	-0.777526	0.0	-0.966825	-0.08066210000000001	0.24236799999999997	0.0	2.18083	-0.9398559999999999	-2.31641	0.325033	
0	0.553164	0.10811300000000001	-0.8260270000000001	0.0	0.8324600000000001	-0.033738	0.553056	0.0	0.0319241	-0.993566	-0.108662	0.0	-3.28303	-3.33901	-2.2817	0.34426599999999996	-0.21286100000000002	0.784555	-0.582378	0.0	-0.145266	-0.614825	-0.77517	0.0	-0.966224	-0.0804035	0.24484099999999998	0.0	2.17493	-0.9480139999999999	-2.31629	0.324943	
