0	0.0293347	0.760257	-0.64896	0.0	0.304097	0.611677	0.730326	0.0	0.952189	-0.218771	-0.21324899999999997	0.0	-2.76249	1.9304599999999998	1.3274700000000001	0.00109172	-0.593133	0.516197	-0.617847	0.0	0.75176	0.0803993	-0.654517	0.0	-0.288186	-0.8526879999999999	-0.43574399999999996	0.0	2.66032	2.0	1.53809	0.0	
0	0.0107907	0.659099	-0.751979	0.0	0.276339	0.72077	0.63571	0.0	0.961	-0.21466100000000002	-0.17435699999999998	0.0	-2.7631	1.82182	1.22348	0.0	-0.299056	0.597079	-0.744354	0.0	0.28625500000000004	-0.6879930000000001	-0.666877	0.0	-0.9102879999999999	-0.412508	0.0348313	0.0	2.6279	2.01575	1.49537	0.000271248	
0	0.0161934	0.626563	-0.7792020000000001	0.0	0.27974699999999997	0.7453420000000001	0.60515	0.0	0.959937	-0.227779	-0.16321	0.0	-2.73222	1.7024299999999999	1.11995	0.0	-0.259388	0.590422	-0.7642770000000001	0.0	0.168683	-0.751502	-0.6378020000000001	0.0	-0.9509280000000001	-0.29435900000000004	0.0953362	0.0	2.63406	1.9587700000000001	1.30094	0.0	
0	0.00487402	0.593555	-0.804779	0.0	0.291187	0.769071	0.568982	0.0	0.9566540000000001	-0.237114	-0.169087	0.0	-2.69653	1.6136700000000002	1.01399	0.00014301399999999998	-0.256781	0.6129560000000001	-0.7472270000000001	0.0	0.18170799999999998	-0.728745	-0.660237	0.0	-0.949234	-0.305314	0.0757488	0.0	2.62474	1.9093099999999998	1.17803	0.0	
0	-0.000991264	0.596148	-0.802874	0.0	0.28873000000000004	0.7688510000000001	0.570529	0.0	0.95741	-0.231248	-0.17288800000000001	0.0	-2.67624	1.55617	0.927376	0.0	-0.260442	0.621732	-0.738661	0.0	0.172157	-0.7228979999999999	-0.669164	0.0	-0.950017	-0.301444	0.08123689999999999	0.0	2.6143	1.8060599999999998	1.0783	0.0	
0	0.00326246	0.598647	-0.801007	0.0	0.26650300000000005	0.771521	0.577695	0.0	0.963829	-0.215356	-0.157024	0.0	-2.60469	1.51999	0.865318	0.0	-0.27970500000000004	0.6021880000000001	-0.747753	0.0	0.196937	-0.726292	-0.658571	0.0	-0.9396709999999999	-0.331466	0.0845547	0.0	2.5741099999999997	1.7215900000000002	1.0258200000000002	0.0	
0	0.00225667	0.591562	-0.806257	0.0	0.24660100000000001	0.78103	0.573743	0.0	0.969115	-0.20011800000000002	-0.144117	0.0	-2.52421	1.5018200000000002	0.813501	0.0	-0.312241	0.558277	-0.768656	0.0	0.239337	-0.736784	-0.632351	0.0	-0.9193610000000001	-0.381413	0.0964375	0.0	2.5600400000000003	1.6233	1.02959	0.0	
0	0.0010720999999999999	0.59155	-0.806268	0.0	0.23114	0.784288	0.575731	0.0	0.9729200000000001	-0.186978	-0.13589	0.0	-2.45717	1.49529	0.790297	0.0	-0.315605	0.526604	-0.7893560000000001	0.0	0.261334	-0.751463	-0.605812	0.0	-0.9121940000000001	-0.397482	0.0995458	0.0	2.57575	1.53283	1.00769	-0.000143051	
0	0.000476595	0.5853	-0.810817	0.0	0.204315	0.793656	0.573032	0.0	0.9789049999999999	-0.165935	-0.119207	0.0	-2.3782200000000002	1.51404	0.718058	0.0	-0.320782	0.48679300000000003	-0.812485	0.0	0.25721	-0.7808109999999999	-0.569366	0.0	-0.91156	-0.39162199999999997	0.12526099999999998	0.0	2.57268	1.4151200000000002	0.946888	0.0	
0	-0.00155906	0.584699	-0.811249	0.0	0.177432	0.798539	0.575198	0.0	0.984132	-0.143045	-0.10499000000000001	0.0	-2.2728200000000003	1.5312700000000001	0.612737	0.0	-0.318983	0.45884300000000006	-0.829284	0.0	0.23209000000000002	-0.810535	-0.537742	0.0	-0.918904	-0.36399899999999996	0.152054	0.0	2.51107	1.345	0.931515	0.0	
0	-0.00161608	0.601658	-0.798752	0.0	0.164432	0.788041	0.5932569999999999	0.0	0.9863870000000001	-0.130382	-0.10020499999999999	0.0	-2.22669	1.5264799999999998	0.548222	0.0	-0.321981	0.484097	-0.813621	0.0	0.20182	-0.804538	-0.5585600000000001	0.0	-0.9249850000000001	-0.34405	0.16134500000000002	0.0	2.49041	1.30195	0.915376	0.0	
0	-0.007089699999999999	0.619834	-0.784701	0.0	0.15442899999999998	0.775985	0.611554	0.0	0.987979	-0.116845	-0.101222	0.0	-2.1947900000000002	1.48056	0.476628	0.0	-0.313835	0.505743	-0.803574	0.0	0.191555	-0.795205	-0.575288	0.0	-0.9299540000000001	-0.334474	0.152685	0.0	2.48782	1.26425	0.881044	0.0	
0	-0.0099025	0.632304	-0.7746569999999999	0.0	0.151587	0.766691	0.6238640000000001	0.0	0.9883940000000001	-0.11125	-0.103441	0.0	-2.19785	1.3867	0.380459	0.0	-0.328936	0.531157	-0.780816	0.0	0.21238800000000002	-0.764035	-0.609214	0.0	-0.9201590000000001	-0.366228	0.138507	0.0	2.48421	1.21502	0.910414	0.0	
0	-0.0153846	0.634367	-0.772879	0.0	0.151669	0.7655069999999999	0.625297	0.0	0.9883120000000001	-0.107602	-0.107991	0.0	-2.1993	1.34465	0.327449	0.0	-0.350389	0.530243	-0.7720560000000001	0.0	0.230542	-0.750125	-0.619809	0.0	-0.9077879999999999	-0.39516599999999996	0.140592	0.0	2.47953	1.18272	1.00205	0.0	
0	-0.055077999999999995	0.6192310000000001	-0.783275	0.0	0.134784	0.781896	0.6086630000000001	0.0	0.9893430000000001	-0.0720492	-0.126528	0.0	-2.20558	1.34327	0.207946	-0.00034523	-0.300295	0.514424	-0.803238	0.0	0.239552	-0.7744409999999999	-0.585539	0.0	-0.923276	-0.368251	0.109329	0.0	2.44604	1.22898	0.938803	0.0	
0	-0.0567376	0.609324	-0.7908890000000001	0.0	0.10431800000000001	0.791447	0.60227	0.0	0.992924	-0.0483329	-0.10846800000000001	0.0	-2.2147200000000002	1.33388	0.164447	0.0	-0.27155999999999997	0.536155	-0.799245	0.0	0.198772	-0.781303	-0.591655	0.0	-0.9416709999999999	-0.319538	0.105598	0.0	2.41593	1.33628	0.813769	0.0	
0	-0.069765	0.6117670000000001	-0.787956	0.0	0.0947154	0.790374	0.605259	0.0	0.993057	-0.0324057	-0.11308399999999999	0.0	-2.21351	1.33305	0.181869	0.0	-0.255662	0.558709	-0.788975	0.0	0.16350599999999998	-0.779352	-0.604877	0.0	-0.952839	-0.283646	0.107899	0.0	2.41183	1.4040700000000002	0.7534270000000001	0.0	
0	-0.07809939999999999	0.606064	-0.791573	0.0	0.0754452	0.7953140000000001	0.601485	0.0	0.994087	-0.012744799999999999	-0.10783800000000002	0.0	-2.2220400000000002	1.3273	0.19627999999999998	0.0	-0.24041500000000002	0.5625819999999999	-0.791014	0.0	0.165266	-0.779293	-0.604475	0.0	-0.956498	-0.276053	0.0943773	0.0	2.44818	1.46012	0.759162	0.0	
0	-0.0912222	0.597649	-0.796551	0.0	0.0548874	0.801688	0.595218	0.0	0.994317	0.0105764	-0.10593499999999999	0.0	-2.2106	1.32491	0.22110900000000003	0.0	-0.21068499999999998	0.558675	-0.802181	0.0	0.17619300000000002	-0.78546	-0.5933039999999999	0.0	-0.9615450000000001	-0.266339	0.06704969999999999	0.0	2.48718	1.50721	0.743197	0.0	
0	-0.08879730000000001	0.58665	-0.804958	0.0	0.0395674	0.8095899999999999	0.585661	0.0	0.9952639999999999	0.0201549	-0.09510160000000001	0.0	-2.2015599999999997	1.3119999999999998	0.292246	0.0	-0.17463099999999998	0.556838	-0.812056	0.0	0.182195	-0.7922130000000001	-0.582412	0.0	-0.9676309999999999	-0.24965900000000002	0.0368913	0.0	2.50378	1.56227	0.686699	0.0	
0	-0.109802	0.54594	-0.830598	0.0	0.000645757	0.8356899999999999	0.5492020000000001	0.0	0.9939530000000001	0.0597669	-0.09211269999999999	0.0	-2.18379	1.32241	0.306819	0.0	-0.15346500000000002	0.5642020000000001	-0.811249	0.0	0.17419500000000002	-0.792671	-0.584234	0.0	-0.9726790000000001	-0.230975	0.023365599999999997	0.0	2.52661	1.63229	0.645425	0.0	
0	-0.11307	0.550214	-0.827333	0.0	0.00565809	0.833016	0.5532199999999999	0.0	0.9935709999999999	0.0578714	-0.0973021	0.0	-2.15798	1.33548	0.32661399999999996	0.0	-0.11839200000000001	0.5587810000000001	-0.8208209999999999	0.0	0.139821	-0.809018	-0.570912	0.0	-0.983074	-0.182359	0.0176513	0.0	2.54089	1.69455	0.606413	0.0	
0	-0.10672899999999999	0.558085	-0.822891	0.0	0.00594279	0.8279620000000001	0.560753	0.0	0.9942700000000001	0.05495830000000001	-0.0916841	0.0	-2.14373	1.33636	0.329718	0.0	-0.0633375	0.581964	-0.8107439999999999	0.0	0.117493	-0.802377	-0.585137	0.0	-0.991052	-0.13231800000000002	-0.0175562	0.0	2.53574	1.80575	0.52418	0.0	
0	-0.110523	0.571117	-0.813395	0.0	0.0110965	0.819066	0.573591	0.0	0.993812	0.0543692	-0.0968632	0.0	-2.1570400000000003	1.31255	0.30575	0.0	-0.0217145	0.604029	-0.796666	0.0	0.126553	-0.788784	-0.6015020000000001	0.0	-0.9917219999999999	-0.113882	-0.0593137	0.0	2.5430599999999997	1.8705	0.35844299999999996	0.0	
0	-0.10711500000000002	0.574324	-0.8115899999999999	0.0	-1.23978e-05	0.816286	0.5776479999999999	0.0	0.9942469999999999	0.06188490000000001	-0.0874297	0.0	-2.1368099999999997	1.3044799999999999	0.27891	0.0	-0.014063399999999998	0.610995	-0.79151	0.0	0.130004	-0.783752	-0.607316	0.0	-0.9914139999999999	-0.11144000000000001	-0.0684095	0.0	2.54127	1.9100400000000002	0.277895	0.0	
0	-0.108849	0.56924	-0.814934	0.0	-0.016941099999999997	0.818624	0.57408	0.0	0.993914	0.0762938	-0.0794625	0.0	-2.06346	1.31663	0.169016	0.0	0.00374776	0.625099	-0.780537	0.0	0.14413800000000002	-0.772729	-0.618154	0.0	-0.98955	-0.11018800000000001	-0.0929966	0.0	2.51682	1.9172900000000002	0.174291	0.0	
0	-0.118433	0.583054	-0.803755	0.0	-0.0104235	0.8086770000000001	0.5881609999999999	0.0	0.992907	0.0780358	-0.08969680000000001	0.0	-2.02156	1.33204	0.093377	0.0	0.0295749	0.5983649999999999	-0.800678	0.0	0.15696500000000002	-0.79387	-0.587479	0.0	-0.9871610000000001	-0.108304	-0.117401	0.0	2.4906900000000003	1.92095	0.09376169999999999	0.0	
0	-0.142508	0.579699	-0.802272	0.0	0.00514558	0.810968	0.585068	0.0	0.9897799999999999	0.07924860000000002	-0.118552	0.0	-1.98755	1.29155	-0.0298265	0.12798900000000002	0.034622	0.604669	-0.795724	0.0	0.148224	-0.790502	-0.594252	0.0	-0.988348	-0.0973712	-0.116995	0.0	2.435	1.9108900000000002	0.0232703	0.032477099999999995	
0	-0.15686	0.555579	-0.816534	0.0	-0.00364664	0.8264370000000001	0.563018	0.0	0.987614	0.0912925	-0.127609	0.0	-1.96406	1.25878	-0.16767200000000002	0.356666	0.0376965	0.594985	-0.802852	0.0	0.17441800000000002	-0.795008	-0.580983	0.0	-0.98395	-0.118131	-0.133746	0.0	2.40997	1.85832	-0.0537865	0.159155	
0	-0.164277	0.555405	-0.815192	0.0	-0.00119206	0.826307	0.563218	0.0	0.9864129999999999	0.0934956	-0.135081	0.0	-1.93187	1.18593	-0.309242	0.357717	0.0136662	0.585172	-0.810794	0.0	0.23059000000000002	-0.790858	-0.566897	0.0	-0.9729549999999999	-0.179213	-0.145743	0.0	2.3176400000000004	1.69887	-0.188729	0.21728000000000003	
0	-0.178993	0.561666	-0.807771	0.0	0.015680700000000002	0.8225540000000001	0.568471	0.0	0.983725	0.0890859	-0.156039	0.0	-1.93449	1.16085	-0.5082949999999999	0.35752399999999995	-0.00992662	0.585421	-0.810669	0.0	0.264801	-0.780227	-0.5666800000000001	0.0	-0.964252	-0.220291	-0.147275	0.0	2.23913	1.5438100000000001	-0.29628000000000004	0.24368499999999998	
0	-0.180868	0.597362	-0.7813100000000001	0.0	0.0286478	0.797275	0.6029359999999999	0.0	0.9830899999999999	0.0866691	-0.16131500000000001	0.0	-1.9572	1.1185399999999999	-0.724564	0.35194899999999996	-0.013778	0.5898100000000001	-0.807425	0.0	0.285155	-0.771651	-0.5685439999999999	0.0	-0.958383	-0.23807399999999998	-0.157555	0.0	2.18804	1.38849	-0.44082299999999996	0.23585100000000003	
0	-0.164772	0.605676	-0.778465	0.0	0.0549293	0.793662	0.605874	0.0	0.984801	0.0570702	-0.16404200000000002	0.0	-1.98285	1.05784	-0.9143309999999999	0.249336	-0.0171008	0.564821	-0.8250370000000001	0.0	0.318033	-0.77923	-0.540053	0.0	-0.947926	-0.271624	-0.16630599999999998	0.0	2.14508	1.2032399999999999	-0.615239	0.143948	
0	-0.157961	0.6371319999999999	-0.754394	0.0	0.07892489999999999	0.769688	0.633523	0.0	0.9842860000000001	0.0405315	-0.17186600000000002	0.0	-1.99945	1.0364799999999998	-1.12609	0.114125	-0.0196132	0.553054	-0.8329139999999999	0.0	0.32781	-0.783467	-0.52794	0.0	-0.9445399999999999	-0.28339200000000003	-0.165931	0.0	2.13289	1.04572	-0.790759	0.11348599999999999	
0	-0.16000899999999998	0.65164	-0.74146	0.0	0.136469	0.758528	0.6371899999999999	0.0	0.9776370000000001	0.000769705	-0.2103	0.0	-2.02771	1.00403	-1.34007	0.111141	-0.0162031	0.5455399999999999	-0.8379280000000001	0.0	0.335934	-0.786353	-0.518458	0.0	-0.9417459999999999	-0.289889	-0.170524	0.0	2.1214	0.9530290000000001	-0.9784129999999999	0.107624	
0	-0.13939000000000001	0.618607	-0.773237	0.0	0.228879	0.779842	0.5826319999999999	0.0	0.9634229999999999	-0.0957648	-0.250289	0.0	-2.02754	0.8405799999999999	-1.5881299999999998	0.243164	-0.00460857	0.5675319999999999	-0.8233389999999999	0.0	0.358838	-0.767573	-0.5311	0.0	-0.9333889999999999	-0.29789299999999996	-0.20011400000000001	0.0	2.1132299999999997	0.875449	-1.24912	0.122419	
0	-0.08537280000000001	0.6236109999999999	-0.7770600000000001	0.0	0.245352	0.769049	0.590226	0.0	0.9656680000000001	-0.140264	-0.21866	0.0	-1.92239	0.462826	-1.8555599999999999	0.300898	0.0327156	0.560271	-0.8276629999999999	0.0	0.367834	-0.776734	-0.511256	0.0	-0.929316	-0.287717	-0.231498	0.0	2.05914	0.733665	-1.6925	0.23231999999999997	
0	-0.0603663	0.647483	-0.759686	0.0	0.260323	0.744947	0.614236	0.0	0.963633	-0.160684	-0.213524	0.0	-1.87808	0.342092	-2.01237	0.23699699999999999	0.0370097	0.5602659999999999	-0.827486	0.0	0.380013	-0.7737350000000001	-0.506877	0.0	-0.924241	-0.295696	-0.241544	0.0	1.9861900000000001	0.662431	-2.00726	0.245706	
0	-0.0666759	0.666262	-0.742731	0.0	0.27277399999999996	0.728202	0.628741	0.0	0.959765	-0.16067599999999999	-0.23029299999999997	0.0	-1.89535	0.34979299999999997	-2.1454299999999997	0.226652	0.0288806	0.57421	-0.818199	0.0	0.385842	-0.761505	-0.520803	0.0	-0.922113	-0.300654	-0.24354699999999999	0.0	1.8626599999999998	0.606583	-2.08431	0.258326	
0	-0.083104	0.6632399999999999	-0.7437779999999999	0.0	0.269164	0.733559	0.624053	0.0	0.9595020000000001	-0.148337	-0.23948200000000003	0.0	-1.9392	0.35490700000000003	-2.26513	0.260506	0.0274577	0.573709	-0.818599	0.0	0.388495	-0.7606569999999999	-0.52007	0.0	-0.921042	-0.303741	-0.243769	0.0	1.87	0.5237850000000001	-2.16288	0.258581	
0	-0.0886602	0.661471	-0.744712	0.0	0.266789	0.736109	0.6220680000000001	0.0	0.9596680000000001	-0.143528	-0.241736	0.0	-1.9516	0.33210500000000004	-2.37751	0.301104	0.02521	0.57365	-0.818712	0.0	0.389536	-0.759877	-0.5204310000000001	0.0	-0.920666	-0.305798	-0.242614	0.0	1.91657	0.42122	-2.19793	0.25941	
0	-0.103703	0.663325	-0.741111	0.0	0.272638	0.735546	0.6201939999999999	0.0	0.956512	-0.137739	-0.257126	0.0	-1.9276900000000001	0.273534	-2.45779	0.306687	0.0272847	0.587958	-0.8084319999999999	0.0	0.385707	-0.7522979999999999	-0.534114	0.0	-0.922218	-0.297245	-0.247306	0.0	1.9839900000000001	0.347003	-2.2540299999999998	0.289254	
0	-0.0979727	0.671117	-0.734849	0.0	0.280262	0.727122	0.626695	0.0	0.9549110000000001	-0.144551	-0.259327	0.0	-1.9403400000000002	0.235427	-2.56527	0.30806300000000003	0.0361819	0.583866	-0.811044	0.0	0.372246	-0.761046	-0.531266	0.0	-0.9274290000000001	-0.28268499999999996	-0.244878	0.0	2.0241	0.32411	-2.29296	0.31149699999999997	
0	-0.104901	0.6711560000000001	-0.733857	0.0	0.286954	0.726969	0.623838	0.0	0.952183	-0.14514200000000002	-0.268851	0.0	-1.9717	0.196726	-2.61767	0.307242	0.040997399999999996	0.5955060000000001	-0.802304	0.0	0.37053400000000003	-0.754784	-0.5413	0.0	-0.9279139999999999	-0.275089	-0.2516	0.0	2.05691	0.28736999999999996	-2.27799	0.315811	
0	-0.102547	0.675882	-0.729841	0.0	0.292271	0.721796	0.627366	0.0	0.950822	-0.148977	-0.271559	0.0	-2.00145	0.17952200000000001	-2.69266	0.308003	0.050125499999999996	0.595704	-0.801638	0.0	0.36539099999999997	-0.757941	-0.540385	0.0	-0.9295040000000001	-0.265824	-0.255657	0.0	2.0979	0.27631300000000003	-2.3397799999999997	0.31843299999999997	
0	-0.11252000000000001	0.664248	-0.738995	0.0	0.291804	0.733015	0.614442	0.0	0.949837	-0.146504	-0.276309	0.0	-2.0758	0.17280399999999999	-2.74736	0.308128	0.05372330000000001	0.5975199999999999	-0.800053	0.0	0.367248	-0.7568779999999999	-0.540614	0.0	-0.9285700000000001	-0.26477399999999995	-0.2601	0.0	2.15093	0.271901	-2.3629	0.32563800000000004	
0	-0.11006099999999999	0.663682	-0.739874	0.0	0.294035	0.7328180000000001	0.613613	0.0	0.9494370000000001	-0.150014	-0.275801	0.0	-2.1236900000000003	0.172122	-2.76322	0.310292	0.0579894	0.5944550000000001	-0.802035	0.0	0.363338	-0.760857	-0.537664	0.0	-0.929851	-0.260231	-0.26011	0.0	2.18624	0.271175	-2.38052	0.327654	
0	-0.10875699999999999	0.661833	-0.7417199999999999	0.0	0.296666	0.733753	0.611225	0.0	0.9487680000000001	-0.153568	-0.276144	0.0	-2.18202	0.168663	-2.76021	0.313798	0.0670424	0.591933	-0.803194	0.0	0.354091	-0.766722	-0.5354979999999999	0.0	-0.9328049999999999	-0.24850300000000003	-0.26100100000000004	0.0	2.2065900000000003	0.269957	-2.40421	0.328531	
0	-0.108617	0.661678	-0.741879	0.0	0.297266	0.733765	0.610919	0.0	0.9485969999999999	-0.15417899999999998	-0.27639400000000003	0.0	-2.19014	0.16963599999999998	-2.7632	0.313625	0.0728804	0.585869	-0.807122	0.0	0.351611	-0.772407	-0.52892	0.0	-0.9333049999999999	-0.245245	-0.262291	0.0	2.2172099999999997	0.27220500000000003	-2.4254700000000002	0.328391	
0	-0.1066	0.6573680000000001	-0.745992	0.0	0.297567	0.7369720000000001	0.6068979999999999	0.0	0.948731	-0.157288	-0.274173	0.0	-2.21012	0.16566199999999998	-2.78632	0.31333099999999997	0.076481	0.585637	-0.806958	0.0	0.35220999999999997	-0.7730199999999999	-0.527626	0.0	-0.932791	-0.243865	-0.265388	0.0	2.24877	0.27722199999999997	-2.4603900000000003	0.32873	
0	-0.108848	0.65533	-0.747459	0.0	0.29741300000000004	0.738952	0.604562	0.0	0.9485239999999999	-0.156499	-0.275338	0.0	-2.22171	0.150326	-2.7781	0.313919	0.07958639999999999	0.585953	-0.806427	0.0	0.352497	-0.773267	-0.527071	0.0	-0.932423	-0.24231599999999998	-0.26808899999999997	0.0	2.2682	0.28075100000000003	-2.48105	0.332577	
0	-0.106218	0.650796	-0.751787	0.0	0.295362	0.742588	0.601102	0.0	0.949463	-0.158201	-0.271096	0.0	-2.23663	0.141453	-2.78341	0.313924	0.07942189999999999	0.584348	-0.807607	0.0	0.350833	-0.774718	-0.52605	0.0	-0.9330639999999999	-0.24155500000000002	-0.26653899999999997	0.0	2.2826299999999997	0.271459	-2.46631	0.331884	
0	-0.103277	0.645839	-0.756456	0.0	0.295518	0.746105	0.596655	0.0	0.9497389999999999	-0.161926	-0.267913	0.0	-2.23837	0.129384	-2.77597	0.31368	0.0810131	0.583095	-0.808355	0.0	0.349013	-0.776269	-0.5249729999999999	0.0	-0.93361	-0.23959699999999998	-0.266396	0.0	2.29542	0.260281	-2.4431700000000003	0.331488	
0	-0.09732400000000001	0.641839	-0.7606390000000001	0.0	0.298675	0.747876	0.592853	0.0	0.9493790000000001	-0.169485	-0.264488	0.0	-2.24473	0.1117	-2.74966	0.313243	0.0821949	0.579358	-0.810919	0.0	0.34429099999999996	-0.780084	-0.5224300000000001	0.0	-0.935258	-0.23625100000000002	-0.263586	0.0	2.28955	0.251877	-2.42243	0.331275	
0	-0.0963132	0.640263	-0.7620939999999999	0.0	0.30548400000000003	0.7477159999999999	0.589576	0.0	0.947314	-0.176024	-0.26760500000000004	0.0	-2.27394	0.110952	-2.74519	0.311281	0.08384789999999999	0.576529	-0.812764	0.0	0.338231	-0.78368	-0.521005	0.0	-0.937321	-0.23121599999999998	-0.26071	0.0	2.2722599999999997	0.250837	-2.42576	0.331523	
0	-0.0909776	0.6302260000000001	-0.771063	0.0	0.316485	0.7524310000000001	0.577655	0.0	0.944225	-0.191476	-0.267911	0.0	-2.28684	0.112696	-2.7387200000000003	0.30748600000000004	0.0866837	0.573897	-0.814327	0.0	0.334206	-0.786788	-0.518913	0.0	-0.9385049999999999	-0.22717199999999999	-0.260002	0.0	2.27222	0.250817	-2.43145	0.33165500000000003	
0	-0.0903819	0.629145	-0.772015	0.0	0.318554	0.752726	0.5761310000000001	0.0	0.943586	-0.193857	-0.26845	0.0	-2.2903	0.11274300000000001	-2.7359400000000003	0.30785	0.0872005	0.573348	-0.814658	0.0	0.333478	-0.787393	-0.518464	0.0	-0.938717	-0.22646	-0.25986	0.0	2.2726900000000003	0.250521	-2.43188	0.331708	
0	-0.0903793	0.629143	-0.772018	0.0	0.31855500000000003	0.752727	0.576129	0.0	0.943586	-0.19386	-0.268447	0.0	-2.29027	0.11274100000000001	-2.73597	0.30785100000000004	0.0871985	0.5733520000000001	-0.814656	0.0	0.33348	-0.7873899999999999	-0.518467	0.0	-0.938716	-0.226462	-0.259861	0.0	2.2726900000000003	0.250525	-2.43188	0.331708	
0	-0.0903799	0.6291439999999999	-0.772017	0.0	0.318554	0.752727	0.57613	0.0	0.943586	-0.193858	-0.268447	0.0	-2.29027	0.11274200000000001	-2.73597	0.307852	0.087198	0.5733520000000001	-0.814656	0.0	0.33348099999999997	-0.787389	-0.518468	0.0	-0.938716	-0.226463	-0.259861	0.0	2.2726900000000003	0.250525	-2.43188	0.33170900000000003	
0	-0.0903799	0.6291439999999999	-0.772017	0.0	0.318554	0.752727	0.57613	0.0	0.943586	-0.193858	-0.268447	0.0	-2.29027	0.11274200000000001	-2.73597	0.307852	0.087198	0.5733520000000001	-0.814656	0.0	0.33348099999999997	-0.787389	-0.518468	0.0	-0.938716	-0.226463	-0.259861	0.0	2.2726900000000003	0.250525	-2.43188	0.33170900000000003	
0	-0.0903799	0.6291439999999999	-0.772017	0.0	0.318554	0.752727	0.57613	0.0	0.943586	-0.193858	-0.268447	0.0	-2.29027	0.11274200000000001	-2.73597	0.307852	0.087198	0.5733520000000001	-0.814656	0.0	0.33348099999999997	-0.787389	-0.518468	0.0	-0.938716	-0.226463	-0.259861	0.0	2.2726900000000003	0.250525	-2.43188	0.33170900000000003	
0	-0.0903799	0.6291439999999999	-0.772017	0.0	0.318554	0.752727	0.57613	0.0	0.943586	-0.193858	-0.268447	0.0	-2.29027	0.11274200000000001	-2.73597	0.307852	0.087198	0.5733520000000001	-0.814656	0.0	0.33348099999999997	-0.787389	-0.518468	0.0	-0.938716	-0.226463	-0.259861	0.0	2.2726900000000003	0.250525	-2.43188	0.33170900000000003	
0	-0.0903799	0.6291439999999999	-0.772017	0.0	0.318554	0.752727	0.57613	0.0	0.943586	-0.193858	-0.268447	0.0	-2.29027	0.11274100000000001	-2.73597	0.307852	0.087198	0.5733520000000001	-0.814656	0.0	0.33348099999999997	-0.787389	-0.518468	0.0	-0.938716	-0.226463	-0.259861	0.0	2.2726900000000003	0.250525	-2.43188	0.33170900000000003	
0	-0.0903799	0.6291439999999999	-0.772017	0.0	0.318554	0.752727	0.57613	0.0	0.943586	-0.193858	-0.268447	0.0	-2.29027	0.11274200000000001	-2.73597	0.307852	0.087198	0.5733520000000001	-0.814656	0.0	0.33348099999999997	-0.787389	-0.518468	0.0	-0.938716	-0.226463	-0.259861	0.0	2.2726900000000003	0.250525	-2.43188	0.33170900000000003	
0	-0.0903799	0.6291439999999999	-0.772017	0.0	0.318554	0.752727	0.57613	0.0	0.943586	-0.193858	-0.268447	0.0	-2.29027	0.11274200000000001	-2.73597	0.307852	0.087198	0.5733520000000001	-0.814656	0.0	0.33348099999999997	-0.787389	-0.518468	0.0	-0.938716	-0.226463	-0.259861	0.0	2.2726900000000003	0.250525	-2.43188	0.33170900000000003	
0	-0.0903799	0.6291439999999999	-0.772017	0.0	0.318554	0.752727	0.57613	0.0	0.943586	-0.193858	-0.268447	0.0	-2.29027	0.11274200000000001	-2.73597	0.307852	0.087198	0.5733520000000001	-0.814656	0.0	0.33348099999999997	-0.787389	-0.518468	0.0	-0.938716	-0.226463	-0.259861	0.0	2.2726900000000003	0.250525	-2.43188	0.33170900000000003	
0	-0.0903799	0.6291439999999999	-0.772017	0.0	0.318554	0.752727	0.57613	0.0	0.943586	-0.193858	-0.268447	0.0	-2.29027	0.11274200000000001	-2.73597	0.307852	0.087198	0.5733520000000001	-0.814656	0.0	0.33348099999999997	-0.787389	-0.518468	0.0	-0.938716	-0.226463	-0.259861	0.0	2.2726900000000003	0.250525	-2.43188	0.33170900000000003	
0	-0.0903799	0.6291439999999999	-0.772017	0.0	0.318554	0.752727	0.57613	0.0	0.943586	-0.193858	-0.268447	0.0	-2.29027	0.11274200000000001	-2.73597	0.307852	0.087198	0.5733520000000001	-0.814656	0.0	0.33348099999999997	-0.787389	-0.518468	0.0	-0.938716	-0.226463	-0.259861	0.0	2.2726900000000003	0.250525	-2.43188	0.33170900000000003	
0	-0.0903799	0.629143	-0.772017	0.0	0.318554	0.752727	0.57613	0.0	0.943586	-0.193858	-0.268447	0.0	-2.29027	0.11274200000000001	-2.73597	0.307852	0.087198	0.5733520000000001	-0.814656	0.0	0.33348099999999997	-0.787389	-0.518468	0.0	-0.938716	-0.226463	-0.259861	0.0	2.2726900000000003	0.250525	-2.43188	0.33170900000000003	
0	-0.0903799	0.6291439999999999	-0.772017	0.0	0.318554	0.752727	0.57613	0.0	0.943586	-0.193858	-0.268447	0.0	-2.29027	0.11274200000000001	-2.73597	0.307852	0.087198	0.5733520000000001	-0.814656	0.0	0.33348099999999997	-0.787389	-0.518468	0.0	-0.938716	-0.226463	-0.259861	0.0	2.2726900000000003	0.250525	-2.43188	0.33170900000000003	
0	-0.0903799	0.629143	-0.772017	0.0	0.318554	0.752727	0.57613	0.0	0.943586	-0.193858	-0.268447	0.0	-2.29027	0.11274200000000001	-2.73597	0.307852	0.087198	0.5733520000000001	-0.814656	0.0	0.33348099999999997	-0.787389	-0.518468	0.0	-0.938716	-0.226463	-0.259861	0.0	2.2726900000000003	0.250525	-2.43188	0.33170900000000003	
0	-0.0903799	0.6291439999999999	-0.772017	0.0	0.318554	0.752727	0.57613	0.0	0.943586	-0.193858	-0.268447	0.0	-2.29027	0.11274200000000001	-2.73597	0.307852	0.087198	0.5733520000000001	-0.814656	0.0	0.33348099999999997	-0.787389	-0.518468	0.0	-0.938716	-0.226463	-0.259861	0.0	2.2726900000000003	0.250525	-2.43188	0.33170900000000003	
0	-0.0903799	0.6291439999999999	-0.772017	0.0	0.318554	0.752727	0.57613	0.0	0.943586	-0.193858	-0.268447	0.0	-2.29027	0.11274200000000001	-2.73597	0.307852	0.087198	0.5733520000000001	-0.814656	0.0	0.33348099999999997	-0.787389	-0.518468	0.0	-0.938716	-0.226463	-0.259861	0.0	2.2726900000000003	0.250525	-2.43188	0.33170900000000003	
0	-0.0903799	0.6291439999999999	-0.772017	0.0	0.318554	0.752727	0.57613	0.0	0.943586	-0.193858	-0.268447	0.0	-2.29027	0.11274200000000001	-2.73597	0.307852	0.087198	0.5733520000000001	-0.814656	0.0	0.33348099999999997	-0.787389	-0.518468	0.0	-0.938716	-0.226463	-0.259861	0.0	2.2726900000000003	0.250525	-2.43188	0.33170900000000003	
0	-0.0903799	0.6291439999999999	-0.772017	0.0	0.318554	0.752727	0.57613	0.0	0.943586	-0.193858	-0.268447	0.0	-2.29027	0.11274200000000001	-2.73597	0.307852	0.087198	0.5733520000000001	-0.814656	0.0	0.33348099999999997	-0.787389	-0.518468	0.0	-0.938716	-0.226463	-0.259861	0.0	2.2726900000000003	0.250525	-2.43188	0.33170900000000003	
0	-0.0903799	0.6291439999999999	-0.772017	0.0	0.318554	0.752727	0.57613	0.0	0.943586	-0.193858	-0.268447	0.0	-2.29027	0.11274100000000001	-2.73597	0.307852	0.087198	0.5733520000000001	-0.814656	0.0	0.33348099999999997	-0.787389	-0.518468	0.0	-0.938716	-0.226463	-0.259861	0.0	2.2726900000000003	0.250525	-2.43188	0.33170900000000003	
0	-0.0903799	0.6291439999999999	-0.772017	0.0	0.318554	0.752727	0.57613	0.0	0.943586	-0.193858	-0.268447	0.0	-2.29027	0.11274100000000001	-2.73597	0.307852	0.087198	0.5733520000000001	-0.814656	0.0	0.33348099999999997	-0.787389	-0.518468	0.0	-0.938716	-0.226463	-0.259861	0.0	2.2726900000000003	0.250525	-2.43188	0.33170900000000003	
0	-0.0903799	0.629143	-0.772017	0.0	0.318554	0.752727	0.57613	0.0	0.943586	-0.193858	-0.268447	0.0	-2.29027	0.11274200000000001	-2.73597	0.307852	0.087198	0.5733520000000001	-0.814656	0.0	0.33348099999999997	-0.787389	-0.518468	0.0	-0.938716	-0.226463	-0.259861	0.0	2.2726900000000003	0.250525	-2.43188	0.33170900000000003	
0	-0.0903799	0.6291439999999999	-0.772017	0.0	0.318554	0.752727	0.57613	0.0	0.943586	-0.193858	-0.268447	0.0	-2.29027	0.11274200000000001	-2.73597	0.307852	0.087198	0.5733520000000001	-0.814656	0.0	0.33348099999999997	-0.787389	-0.518468	0.0	-0.938716	-0.226463	-0.259861	0.0	2.2726900000000003	0.250525	-2.43188	0.33170900000000003	
0	-0.0903799	0.6291439999999999	-0.772017	0.0	0.318554	0.752727	0.57613	0.0	0.943586	-0.193858	-0.268447	0.0	-2.29027	0.11274200000000001	-2.73597	0.307852	0.087198	0.5733520000000001	-0.814656	0.0	0.33348099999999997	-0.787389	-0.518468	0.0	-0.938716	-0.226463	-0.259861	0.0	2.2726900000000003	0.250525	-2.43188	0.33170900000000003	
0	-0.132551	0.7711399999999999	-0.622714	0.0	-0.30796599999999996	0.56512	0.765373	0.0	0.942118	0.29322600000000004	0.162577	0.0	-2.20434	0.0956933	-2.7677099999999997	0.277904	-0.016452	0.5297890000000001	-0.8479700000000001	0.0	0.00197709	-0.848066	-0.529887	0.0	-0.999863	-0.010394200000000001	0.0129049	0.0	2.24499	0.282985	-2.40518	0.335582	
0	-0.13250499999999998	0.7742760000000001	-0.61882	0.0	-0.308606	0.561066	0.768093	0.0	0.941916	0.292748	0.164602	0.0	-2.20004	0.0935206	-2.7701700000000002	0.276436	-0.016842199999999998	0.529648	-0.84805	0.0	0.00207552	-0.84815	-0.529752	0.0	-0.999856	-0.010682299999999999	0.013185399999999998	0.0	2.24437	0.281383	-2.40709	0.335465	
0	-0.12855899999999998	0.7772560000000001	-0.6159100000000001	0.0	-0.309988	0.558447	0.7694439999999999	0.0	0.942008	0.289844	0.169147	0.0	-2.20094	0.07246339999999998	-2.7714	0.276969	-0.0173365	0.53351	-0.845616	0.0	0.00351244	-0.8457049999999999	-0.5336390000000001	0.0	-0.9998440000000001	-0.0122216	0.0127876	0.0	2.24044	0.268012	-2.40775	0.33576	
0	-0.12625899999999998	0.773759	-0.6207699999999999	0.0	-0.310562	0.563489	0.7655270000000001	0.0	0.9421309999999999	0.28944200000000003	0.169154	0.0	-2.20887	0.06667150000000001	-2.77066	0.27666399999999997	-0.018708799999999998	0.5372399999999999	-0.8432219999999999	0.0	0.0029757	-0.8433360000000001	-0.537379	0.0	-0.999821	-0.012562799999999999	0.0141789	0.0	2.23746	0.249396	-2.41758	0.33594	
0	-0.123799	0.7710359999999999	-0.624641	0.0	-0.312039	0.5673020000000001	0.7621020000000001	0.0	0.9419690000000001	0.28926	0.17036199999999999	0.0	-2.20545	0.0600145	-2.77083	0.27689	-0.0202172	0.5381279999999999	-0.842621	0.0	0.00218269	-0.842767	-0.538274	0.0	-0.999793	-0.0127215	0.0158635	0.0	2.23617	0.24268299999999998	-2.4195599999999997	0.335973	
0	-0.11101199999999999	0.786014	-0.60816	0.0	-0.314566	0.552688	0.771741	0.0	0.942722	0.276979	0.185898	0.0	-2.20864	0.0349548	-2.75247	0.278184	-0.0197906	0.544972	-0.8382209999999999	0.0	0.000250399	-0.838382	-0.545083	0.0	-0.9998040000000001	-0.0109974	0.0164555	0.0	2.2286200000000003	0.22738899999999998	-2.42415	0.336367	
0	-0.0823336	0.803908	-0.589028	0.0	-0.301603	0.543221	0.7835479999999999	0.0	0.9498719999999999	0.24216500000000002	0.197736	0.0	-2.23028	-0.10624000000000001	-2.78131	0.277856	-0.0388851	0.556064	-0.8302299999999999	0.0	0.000772566	-0.8308409999999999	-0.5565100000000001	0.0	-0.999243	-0.0222813	0.031877499999999996	0.0	2.1935599999999997	0.140468	-2.4363200000000003	0.337395	
0	-0.0315567	0.806106	-0.590929	0.0	-0.220714	0.571008	0.790718	0.0	0.974828	0.155379	0.1599	0.0	-2.2699	-0.327536	-2.84253	0.29012899999999997	-0.0601255	0.5554279999999999	-0.8293879999999999	0.0	0.010845100000000002	-0.8304790000000001	-0.556944	0.0	-0.998132	-0.04248130000000001	0.043909199999999995	0.0	2.14625	0.00913508	-2.46665	0.33805	
0	-0.00190961	0.790626	-0.612296	0.0	-0.172901	0.6028140000000001	0.778922	0.0	0.9849370000000001	0.10735399999999999	0.135549	0.0	-2.29149	-0.45917600000000003	-2.87445	0.296831	-0.0749643	0.549898	-0.8318610000000001	0.0	0.026573700000000002	-0.8328110000000001	-0.55292	0.0	-0.9968319999999999	-0.0635549	0.047818099999999995	0.0	2.1171599999999997	-0.0817956	-2.4927200000000003	0.338094	
0	0.07702139999999999	0.738848	-0.669456	0.0	-0.06454700000000001	0.673737	0.736147	0.0	0.9949379999999999	-0.0134878	0.09958260000000001	0.0	-2.3575	-0.8475799999999999	-2.94844	0.31106999999999996	-0.10888199999999999	0.518979	-0.847824	0.0	0.0558552	-0.848353	-0.526476	0.0	-0.992484	-0.104679	0.0633828	0.0	2.0123	-0.38310500000000003	-2.58492	0.337898	
0	0.163003	0.707284	-0.68788	0.0	0.0282457	0.693574	0.7198319999999999	0.0	0.9862209999999999	-0.136765	0.09307689999999999	0.0	-2.45974	-1.21337	-3.00169	0.322348	-0.122553	0.496583	-0.859294	0.0	0.0871411	-0.857093	-0.507739	0.0	-0.9886290000000001	-0.137105	0.0617664	0.0	1.9615	-0.638512	-2.68082	0.337179	
0	0.226423	0.6778850000000001	-0.6994319999999999	0.0	0.115077	0.694435	0.710294	0.0	0.9672069999999999	-0.24131599999999997	0.07922710000000001	0.0	-2.5762099999999997	-1.53905	-3.0522	0.330829	-0.1337	0.48863199999999996	-0.8621850000000001	0.0	0.121044	-0.8554299999999999	-0.503575	0.0	-0.9836020000000001	-0.171691	0.0552254	0.0	1.9668599999999998	-0.800457	-2.73443	0.337677	
0	0.257648	0.659212	-0.706439	0.0	0.151394	0.694551	0.703334	0.0	0.954305	-0.288164	0.0791489	0.0	-2.6371900000000004	-1.66419	-3.05786	0.331394	-0.142094	0.491704	-0.8590909999999999	0.0	0.14325	-0.8485459999999999	-0.509362	0.0	-0.979433	-0.195442	0.0501371	0.0	1.9622700000000002	-0.89587	-2.77572	0.337801	
0	0.39263000000000003	0.589325	-0.706071	0.0	0.293103	0.647511	0.703435	0.0	0.871741	-0.483142	0.0814995	0.0	-2.78894	-2.0331900000000003	-2.99322	0.33352600000000004	-0.149648	0.495414	-0.855669	0.0	0.169678	-0.839708	-0.515848	0.0	-0.9740709999999999	-0.222383	0.0415996	0.0	1.97642	-1.02911	-2.84235	0.338025	
0	0.5368310000000001	0.459642	-0.707489	0.0	0.454927	0.5485140000000001	0.70155	0.0	0.71053	-0.698471	0.08535620000000001	0.0	-3.15406	-2.4918099999999996	-2.90988	0.333306	-0.16296300000000002	0.48142799999999997	-0.861203	0.0	0.185864	-0.8422629999999999	-0.506011	0.0	-0.968967	-0.24252800000000002	0.0477774	0.0	1.9820900000000001	-1.15832	-2.8660099999999997	0.33845	
0	0.564476	0.41934799999999994	-0.7109949999999999	0.0	0.524845	0.482476	0.701253	0.0	0.637107	-0.7690020000000001	0.052252999999999994	0.0	-3.43793	-2.62174	-2.90216	0.332391	-0.163949	0.477818	-0.863024	0.0	0.181722	-0.845261	-0.502505	0.0	-0.9695860000000001	-0.23921599999999998	0.0517489	0.0	1.9824700000000002	-1.1887	-2.87206	0.338206	
0	0.565473	0.41475	-0.7128979999999999	0.0	0.535953	0.472207	0.69984	0.0	0.626894	-0.77782	0.0447334	0.0	-3.4850800000000004	-2.63263	-2.91247	0.332451	-0.163828	0.477332	-0.863316	0.0	0.181366	-0.845649	-0.501981	0.0	-0.9696739999999999	-0.238814	0.0519687	0.0	1.98033	-1.19071	-2.8698099999999998	0.33823600000000004	
0	0.5828770000000001	0.37464000000000003	-0.7210409999999999	0.0	0.581326	0.42773	0.692175	0.0	0.567728	-0.8226129999999999	0.0315258	0.0	-3.75567	-2.7275	-2.9033700000000002	0.336487	-0.163338	0.471091	-0.8668299999999999	0.0	0.176278	-0.850555	-0.495462	0.0	-0.9706940000000001	-0.233731	0.055885199999999996	0.0	1.9590900000000002	-1.19429	-2.84652	0.33820700000000004	
0	0.594538	0.359012	-0.7194689999999999	0.0	0.596795	0.402619	0.69407	0.0	0.538851	-0.8420270000000001	0.0251155	0.0	-3.77052	-2.75685	-2.8818599999999996	0.342931	-0.16356099999999998	0.466958	-0.8690209999999999	0.0	0.173486	-0.853542	-0.49129300000000004	0.0	-0.971159	-0.23111900000000002	0.0585957	0.0	1.9479400000000002	-1.19077	-2.83256	0.338172	
0	0.5959260000000001	0.365399	-0.7150920000000001	0.0	0.616297	0.362789	0.698973	0.0	0.514831	-0.857244	-0.00899869	0.0	-3.8139	-2.7819599999999998	-2.92652	0.346524	-0.163279	0.46506499999999995	-0.8700889999999999	0.0	0.16707	-0.856153	-0.488968	0.0	-0.972331	-0.225204	0.062092999999999995	0.0	1.9354200000000001	-1.18426	-2.8204599999999997	0.338092	
0	0.5895130000000001	0.358294	-0.723947	0.0	0.6091880000000001	0.391335	0.6897439999999999	0.0	0.5304369999999999	-0.847633	0.012428299999999998	0.0	-3.8146199999999997	-2.78098	-2.92105	0.346482	-0.17161300000000002	0.46111899999999995	-0.870585	0.0	0.17135999999999998	-0.856253	-0.487306	0.0	-0.970147	-0.232812	0.0679265	0.0	1.92242	-1.19981	-2.81053	0.338165	
0	0.59117	0.346951	-0.728109	0.0	0.6103970000000001	0.39761799999999997	0.685066	0.0	0.527193	-0.849426	0.023281700000000002	0.0	-3.7875900000000002	-2.77504	-2.8776900000000003	0.346136	-0.172422	0.45630200000000004	-0.8729600000000001	0.0	0.172957	-0.85844	-0.48287299999999994	0.0	-0.96972	-0.23424299999999998	0.0690936	0.0	1.91933	-1.2028299999999998	-2.80769	0.33820700000000004	
0	0.60168	0.30389	-0.7386689999999999	0.0	0.621904	0.402082	0.671986	0.0	0.501215	-0.8637020000000001	0.05293430000000001	0.0	-3.73593	-2.7890599999999997	-2.7823900000000004	0.34579899999999997	-0.173833	0.450538	-0.8756700000000001	0.0	0.17135	-0.861806	-0.47741999999999996	0.0	-0.9697530000000001	-0.23303800000000002	0.0726108	0.0	1.9199599999999999	-1.19215	-2.79915	0.338183	
0	0.60931	0.276371	-0.74321	0.0	0.634843	0.39156199999999997	0.6660729999999999	0.0	0.475096	-0.877667	0.06312999999999999	0.0	-3.6863300000000003	-2.80377	-2.65481	0.345767	-0.173429	0.45194300000000004	-0.875026	0.0	0.173402	-0.860597	-0.478858	0.0	-0.969461	-0.23478000000000002	0.07088489999999999	0.0	1.9200099999999998	-1.19509	-2.7977	0.338233	
0	0.618492	0.239143	-0.748518	0.0	0.647621	0.384356	0.6579189999999999	0.0	0.44503400000000004	-0.8916729999999999	0.08284760000000001	0.0	-3.6234599999999997	-2.82955	-2.57578	0.346132	-0.172762	0.45023599999999997	-0.8760370000000001	0.0	0.173421	-0.861612	-0.477023	0.0	-0.969577	-0.23433400000000001	0.0707732	0.0	1.92145	-1.19451	-2.7953099999999997	0.338179	
0	0.624151	0.187554	-0.758459	0.0	0.676035	0.357014	0.644606	0.0	0.391679	-0.915076	0.09603719999999999	0.0	-3.5231199999999996	-2.85719	-2.44483	0.34581799999999996	-0.17563800000000002	0.447601	-0.876815	0.0	0.174203	-0.862475	-0.475175	0.0	-0.9689200000000001	-0.236202	0.0735096	0.0	1.90229	-1.19733	-2.7837	0.338214	
0	0.619332	0.159528	-0.768752	0.0	0.6952109999999999	0.343568	0.6313810000000001	0.0	0.364842	-0.925479	0.101877	0.0	-3.47975	-2.8675	-2.36307	0.34574099999999997	-0.177851	0.448484	-0.8759170000000001	0.0	0.17632	-0.86118	-0.476739	0.0	-0.968133	-0.23923000000000003	0.0740845	0.0	1.89421	-1.20315	-2.7802	0.33818200000000004	
0	0.6151800000000001	0.140414	-0.775782	0.0	0.709437	0.330615	0.622409	0.0	0.343881	-0.933262	0.103773	0.0	-3.41919	-2.88185	-2.30019	0.34584899999999996	-0.17677400000000001	0.44814	-0.8763110000000001	0.0	0.177558	-0.8612059999999999	-0.476233	0.0	-0.9681040000000001	-0.23978200000000002	0.0726674	0.0	1.89357	-1.2022899999999999	-2.77727	0.337809	
0	0.612271	0.12206099999999999	-0.781169	0.0	0.720233	0.32149	0.614743	0.0	0.32617399999999996	-0.9390129999999999	0.108927	0.0	-3.3938800000000002	-2.89606	-2.28083	0.345898	-0.176966	0.44596	-0.877384	0.0	0.17656	-0.862608	-0.47406099999999995	0.0	-0.968251	-0.238804	0.0739133	0.0	1.89431	-1.19874	-2.77277	0.337871	
0	0.608078	0.100355	-0.787509	0.0	0.736762	0.298119	0.606883	0.0	0.295675	-0.9492389999999999	0.107342	0.0	-3.3266400000000003	-2.9475599999999997	-2.2496	0.34623200000000004	-0.177189	0.442816	-0.8789299999999999	0.0	0.176458	-0.864295	-0.471016	0.0	-0.9682290000000001	-0.23855300000000002	0.075005	0.0	1.89547	-1.19339	-2.77021	0.337873	
0	0.604089	0.09139610000000001	-0.791658	0.0	0.747066	0.280886	0.602491	0.0	0.277431	-0.9553790000000001	0.10140199999999999	0.0	-3.3132800000000002	-2.96653	-2.21601	0.346254	-0.177112	0.440018	-0.88035	0.0	0.176281	-0.865843	-0.468232	0.0	-0.968275	-0.238118	0.07578480000000001	0.0	1.89555	-1.19054	-2.7692900000000003	0.33785	
0	0.5894229999999999	0.0727383	-0.804543	0.0	0.77609	0.225419	0.588958	0.0	0.22419899999999998	-0.971543	0.0764156	0.0	-3.3178400000000003	-3.02497	-2.26967	0.345491	-0.175817	0.436723	-0.8822479999999999	0.0	0.174318	-0.8682340000000001	-0.464525	0.0	-0.968866	-0.23546399999999998	0.0765217	0.0	1.8968099999999999	-1.1760700000000002	-2.76533	0.33769899999999997	
0	0.587905	0.06984080000000001	-0.805909	0.0	0.779351	0.218038	0.587427	0.0	0.216745	-0.9734379999999999	0.0737551	0.0	-3.3183800000000003	-3.0299099999999997	-2.2770900000000003	0.345781	-0.175467	0.435566	-0.8828889999999999	0.0	0.17371199999999998	-0.869034	-0.463254	0.0	-0.969038	-0.23465500000000003	0.0768236	0.0	1.89641	-1.17435	-2.76241	0.33774299999999996	
0	0.569988	0.052842200000000006	-0.819952	0.0	0.807843	0.14615	0.57099	0.0	0.150009	-0.98785	0.0406157	0.0	-3.3329699999999995	-3.0545	-2.32879	0.345729	-0.17865699999999998	0.432936	-0.8835430000000001	0.0	0.172503	-0.8702989999999999	-0.46132700000000004	0.0	-0.968671	-0.23483400000000001	0.08080230000000001	0.0	1.8631	-1.18286	-2.7513900000000002	0.337696	
0	0.565603	0.0511526	-0.82309	0.0	0.8140270000000001	0.12525899999999998	0.56716	0.0	0.13211199999999998	-0.9908040000000001	0.029207499999999997	0.0	-3.3329400000000002	-3.0659099999999997	-2.33011	0.345636	-0.178905	0.432572	-0.8836709999999999	0.0	0.17288199999999998	-0.870366	-0.461059	0.0	-0.968558	-0.235256	0.0809286	0.0	1.86093	-1.18661	-2.75082	0.337456	
0	0.565807	0.0433793	-0.8233959999999999	0.0	0.818637	0.08970850000000001	0.567262	0.0	0.09847310000000001	-0.995023	0.0152458	0.0	-3.3519400000000004	-3.12683	-2.46774	0.345366	-0.179695	0.429753	-0.884885	0.0	0.170514	-0.8723040000000001	-0.45826999999999996	0.0	-0.9688319999999999	-0.23323400000000002	0.0834693	0.0	1.8561400000000001	-1.18316	-2.74839	0.337484	
0	0.567651	0.03480080000000001	-0.822534	0.0	0.818585	0.0825763	0.568419	0.0	0.0877032	-0.995977	0.018387099999999997	0.0	-3.3531199999999997	-3.2338	-2.53572	0.345163	-0.18195699999999998	0.425573	-0.886442	0.0	0.171198	-0.8740120000000001	-0.454747	0.0	-0.968289	-0.23450100000000001	0.0861757	0.0	1.85257	-1.17641	-2.7381900000000003	0.337534	
