0	0.118789	0.776185	-0.619214	0.0	0.327558	0.558084	0.762396	0.0	0.937334	-0.29339299999999996	-0.187951	0.0	-2.70129	1.94415	1.3506799999999999	0.00604486	-0.265369	0.502987	-0.8225469999999999	0.0	-0.00466728	-0.8537950000000001	-0.52059	0.0	-0.9641360000000001	-0.13430899999999998	0.228917	0.0	2.52947	2.05612	1.40442	0.0	
0	0.101493	0.731583	-0.6741550000000001	0.0	0.27168600000000004	0.631512	0.726209	0.0	0.9570190000000001	-0.256864	-0.134667	0.0	-2.65932	1.8408900000000001	1.3320299999999998	0.0	-0.278192	0.514058	-0.81139	0.0	-0.00854942	-0.8460270000000001	-0.533071	0.0	-0.9604879999999999	-0.14135899999999998	0.23975300000000002	0.0	2.48936	2.04186	1.3620700000000001	0.0	
0	0.12178800000000001	0.648321	-0.751563	0.0	0.253163	0.711865	0.655101	0.0	0.959727	-0.270052	-0.0774341	0.0	-2.61342	1.7472599999999998	1.33684	0.0	-0.28125900000000004	0.530564	-0.799622	0.0	0.00885543	-0.8317889999999999	-0.555022	0.0	-0.959591	-0.163186	0.22925	0.0	2.4388900000000002	2.0409	1.33181	0.00034523	
0	0.121396	0.65254	-0.747967	0.0	0.249352	0.709328	0.659301	0.0	0.960774	-0.266544	-0.0766023	0.0	-2.533	1.6877099999999998	1.21878	0.0	-0.273945	0.5645859999999999	-0.778586	0.0	0.018075099999999997	-0.8063899999999999	-0.591108	0.0	-0.961576	-0.176004	0.21070100000000003	0.0	2.39285	2.01214	1.2171100000000001	0.0	
0	0.09936560000000001	0.6584810000000001	-0.746009	0.0	0.257328	0.70721	0.65851	0.0	0.961202	-0.257402	-0.0991734	0.0	-2.51156	1.6860099999999998	1.0783399999999999	0.0	-0.27854	0.583395	-0.7629319999999999	0.0	-0.00164822	-0.794659	-0.607054	0.0	-0.9604229999999999	-0.16783199999999998	0.222306	0.0	2.35081	1.9275900000000001	1.14283	0.0	
0	0.0254741	0.647014	-0.762053	0.0	0.26297800000000005	0.731113	0.629536	0.0	0.964465	-0.21644000000000002	-0.151526	0.0	-2.47832	1.7344400000000002	0.878172	0.0	-0.252365	0.599435	-0.759598	0.0	-0.0211419	-0.7882359999999999	-0.6150100000000001	0.0	-0.9674010000000001	-0.139148	0.211596	0.0	2.30864	1.8567099999999999	1.09681	0.0	
0	-0.0221065	0.650528	-0.759161	0.0	0.244996	0.739718	0.626733	0.0	0.9692719999999999	-0.17213699999999998	-0.17573	0.0	-2.4085799999999997	1.8388200000000001	0.714616	0.0	-0.228831	0.5777720000000001	-0.783464	0.0	-0.0376271	-0.8094680000000001	-0.585958	0.0	-0.9727389999999999	-0.10460599999999999	0.20697100000000002	0.0	2.2642700000000002	1.8317299999999999	1.05851	0.0	
0	-0.0600018	0.628711	-0.775321	0.0	0.24680700000000003	0.761948	0.598767	0.0	0.9672059999999999	-0.155427	-0.200888	0.0	-2.3854	1.87555	0.572447	0.0	-0.17538299999999998	0.606833	-0.775239	0.0	-0.00277221	-0.787745	-0.615995	0.0	-0.9844959999999999	-0.105886	0.13983900000000002	0.0	2.2319299999999997	1.8476599999999999	1.00834	0.0	
0	-0.0859531	0.623775	-0.776864	0.0	0.24936399999999997	0.7684	0.589389	0.0	0.9645879999999999	-0.143062	-0.22159299999999998	0.0	-2.3744	1.89103	0.46033900000000005	0.0	-0.158575	0.5897359999999999	-0.791875	0.0	0.00616908	-0.801416	-0.598076	0.0	-0.9873280000000001	-0.0997253	0.123447	0.0	2.18771	1.8388900000000001	0.8703790000000001	0.00034523	
0	-0.08822970000000001	0.641702	-0.761862	0.0	0.23876799999999998	0.756171	0.609258	0.0	0.96706	-0.128153	-0.21993400000000002	0.0	-2.36315	1.8211	0.298224	0.0	-0.186277	0.566867	-0.802473	0.0	0.0183398	-0.81462	-0.579705	0.0	-0.982326	-0.12270299999999999	0.141349	0.0	2.1630700000000003	1.8355400000000002	0.743477	0.0	
0	-0.09094769999999999	0.6521319999999999	-0.752631	0.0	0.22739	0.749396	0.621851	0.0	0.969548	-0.11458499999999999	-0.216444	0.0	-2.32838	1.73937	0.172172	-0.00034526699999999996	-0.191904	0.606103	-0.771889	0.0	0.0391271	-0.781157	-0.623108	0.0	-0.980634	-0.149779	0.126192	0.0	2.1808799999999997	1.7851599999999999	0.563624	-0.000143051	
0	-0.0845451	0.64998	-0.755234	0.0	0.197374	0.753853	0.6266970000000001	0.0	0.976676	-0.09607919999999999	-0.192024	0.0	-2.29963	1.643	0.0589283	0.0	-0.203626	0.628962	-0.750296	0.0	0.0760814	-0.753869	-0.652605	0.0	-0.976088	-0.189971	0.105655	0.0	2.15139	1.7156900000000002	0.371394	0.0	
0	-0.0971687	0.63775	-0.7640899999999999	0.0	0.14848599999999998	0.76842	0.6224810000000001	0.0	0.9841290000000001	-0.0529711	-0.169363	0.0	-2.26912	1.56695	-0.0345881	0.0	-0.200008	0.646301	-0.736405	0.0	0.0976836	-0.734694	-0.671329	0.0	-0.9749129999999999	-0.206206	0.0838112	0.0	2.12058	1.6461400000000002	0.154817	0.0	
0	-0.13352	0.640641	-0.756142	0.0	0.156868	0.7670170000000001	0.622155	0.0	0.9785530000000001	-0.0355443	-0.20290899999999998	0.0	-2.28214	1.5098799999999999	-0.210921	0.24411599999999997	-0.162981	0.660255	-0.7331449999999999	0.0	0.10770199999999999	-0.726734	-0.678424	0.0	-0.980733	-0.189532	0.0473327	0.0	2.0781400000000003	1.5875299999999999	-0.151612	0.00827203	
0	-0.15976300000000002	0.614481	-0.772586	0.0	0.176119	0.787824	0.590182	0.0	0.971318	-0.0417784	-0.234087	0.0	-2.26551	1.44241	-0.378728	0.35789299999999996	-0.13556300000000002	0.63071	-0.764087	0.0	0.138041	-0.75166	-0.644943	0.0	-0.9811049999999999	-0.192906	0.0148332	0.0	2.05538	1.5326600000000001	-0.386499	0.24044000000000001	
0	-0.162545	0.6439819999999999	-0.747574	0.0	0.18729200000000001	0.764012	0.61742	0.0	0.9687629999999999	-0.039656699999999996	-0.244799	0.0	-2.28897	1.38056	-0.560955	0.35899699999999996	-0.136403	0.607621	-0.7824260000000001	0.0	0.182891	-0.760786	-0.6227	0.0	-0.973625	-0.228037	-0.00735463	0.0	1.98029	1.4955100000000001	-0.519135	0.34171399999999996	
0	-0.170944	0.667633	-0.724599	0.0	0.201174	0.743582	0.637663	0.0	0.9645239999999999	-0.0367659	-0.261422	0.0	-2.30064	1.33284	-0.725671	0.35880700000000004	-0.16850199999999999	0.591643	-0.788395	0.0	0.236206	-0.7522909999999999	-0.6150329999999999	0.0	-0.956982	-0.289858	-0.0129872	0.0	1.87853	1.40304	-0.602774	0.341364	
0	-0.184199	0.679887	-0.709807	0.0	0.212973	0.732615	0.646466	0.0	0.9595379999999999	-0.0320914	-0.279744	0.0	-2.30728	1.33761	-0.908063	0.35771	-0.19047999999999998	0.588611	-0.785655	0.0	0.259698	-0.741583	-0.618556	0.0	-0.9467180000000001	-0.321856	-0.0116045	0.0	1.8236	1.35085	-0.6908380000000001	0.323837	
0	-0.18604	0.703551	-0.6858609999999999	0.0	0.21374	0.71031	0.6706529999999999	0.0	0.9590120000000001	-0.021827799999999998	-0.282523	0.0	-2.31622	1.3290600000000001	-1.07491	0.35581	-0.242977	0.584108	-0.774455	0.0	0.31150900000000004	-0.709109	-0.632556	0.0	-0.9186540000000001	-0.394946	-0.0096575	0.0	1.7815400000000001	1.2926600000000001	-0.743901	0.30691799999999997	
0	-0.18454	0.716145	-0.673113	0.0	0.206783	0.697837	0.685759	0.0	0.9608260000000001	-0.012638	-0.276866	0.0	-2.30582	1.3441100000000001	-1.24734	0.334818	-0.255021	0.584611	-0.770192	0.0	0.324292	-0.698684	-0.6377109999999999	0.0	-0.910933	-0.412397	-0.011406	0.0	1.75275	1.28799	-0.8550610000000001	0.276833	
0	-0.17064300000000002	0.708886	-0.684369	0.0	0.176009	0.7053149999999999	0.686696	0.0	0.969485	-0.00327501	-0.245127	0.0	-2.26543	1.33792	-1.31647	0.282982	-0.255835	0.581765	-0.7720739999999999	0.0	0.33925	-0.693832	-0.6352220000000001	0.0	-0.9052389999999999	-0.42443800000000004	-0.019857299999999998	0.0	1.69229	1.33754	-0.953793	0.181256	
0	-0.172433	0.713	-0.679631	0.0	0.163275	0.701109	0.694109	0.0	0.9713950000000001	0.00872034	-0.23730900000000002	0.0	-2.22044	1.3825399999999999	-1.39218	0.287438	-0.257137	0.5510229999999999	-0.793886	0.0	0.39902600000000005	-0.687667	-0.606541	0.0	-0.8801469999999999	-0.472746	-0.0430476	0.0	1.6696799999999998	1.3519700000000001	-1.061	0.108503	
0	-0.170568	0.708566	-0.68472	0.0	0.142817	0.705343	0.694331	0.0	0.974941	0.020640900000000004	-0.221504	0.0	-2.13988	1.43876	-1.49227	0.322273	-0.242378	0.564303	-0.789187	0.0	0.430145	-0.666617	-0.608768	0.0	-0.8696139999999999	-0.487016	-0.08115850000000001	0.0	1.66798	1.2542799999999998	-1.29713	0.12871	
0	-0.16683599999999998	0.71004	-0.6841119999999999	0.0	0.142101	0.703908	0.695932	0.0	0.975691	0.0188934	-0.21833400000000003	0.0	-2.1207	1.44336	-1.51401	0.356765	-0.227017	0.578864	-0.7831859999999999	0.0	0.44400200000000006	-0.654227	-0.6122489999999999	0.0	-0.86679	-0.486727	-0.10849600000000001	0.0	1.70973	1.1307399999999999	-1.43019	0.23900500000000002	
0	-0.11581199999999998	0.727174	-0.676613	0.0	0.176877	0.685408	0.70635	0.0	0.9773959999999999	-0.037873699999999996	-0.207999	0.0	-2.1326099999999997	1.2977299999999998	-1.50518	0.356819	-0.187169	0.580231	-0.792654	0.0	0.45795699999999995	-0.6623220000000001	-0.592963	0.0	-0.8690469999999999	-0.47398599999999996	-0.141754	0.0	1.80122	0.943738	-1.62469	0.33031	
0	-0.0865891	0.7595930000000001	-0.644609	0.0	0.231555	0.644664	0.728554	0.0	0.9689610000000001	-0.08617760000000001	-0.231708	0.0	-2.21608	1.07189	-1.6085200000000002	0.356162	-0.17093599999999998	0.58917	-0.789721	0.0	0.47075	-0.65528	-0.590765	0.0	-0.865549	-0.47274399999999994	-0.16534100000000002	0.0	1.8939099999999998	0.763551	-1.74737	0.323121	
0	-0.0607936	0.756321	-0.651369	0.0	0.25116	0.643171	0.72336	0.0	0.9660350000000001	-0.119622	-0.22905799999999998	0.0	-2.34127	0.7603840000000001	-1.72986	0.356306	-0.15196400000000002	0.602422	-0.783579	0.0	0.458887	-0.659159	-0.595761	0.0	-0.875403	-0.450108	-0.176275	0.0	1.9695	0.572321	-1.8934400000000002	0.32495599999999997	
0	-0.0334338	0.750993	-0.659464	0.0	0.239511	0.646626	0.72423	0.0	0.970318	-0.133735	-0.20149	0.0	-2.43688	0.469459	-1.8076299999999998	0.35688400000000003	-0.15669	0.621789	-0.767351	0.0	0.45615600000000006	-0.643555	-0.614621	0.0	-0.8759969999999999	-0.446337	-0.182794	0.0	2.02106	0.412012	-2.00011	0.326303	
0	-0.0137125	0.756713	-0.6536029999999999	0.0	0.23145500000000002	0.638314	0.734156	0.0	0.972749	-0.14121199999999998	-0.183898	0.0	-2.48487	0.275429	-1.8183	0.357041	-0.157974	0.6539229999999999	-0.739885	0.0	0.450734	-0.618923	-0.643252	0.0	-0.878569	-0.435108	-0.196972	0.0	2.06708	0.291577	-2.05725	0.32659299999999997	
0	0.00998169	0.767241	-0.641282	0.0	0.23139099999999999	0.622135	0.747935	0.0	0.9728100000000001	-0.155853	-0.171323	0.0	-2.50851	0.0944323	-1.83005	0.35590700000000003	-0.15187799999999999	0.671034	-0.725704	0.0	0.432997	-0.614848	-0.659148	0.0	-0.888508	-0.414337	-0.197174	0.0	2.12328	0.174597	-2.13522	0.326424	
0	0.0380961	0.781883	-0.62226	0.0	0.24827399999999997	0.59578	0.763811	0.0	0.9679409999999999	-0.183589	-0.171424	0.0	-2.51825	-0.0662677	-1.85962	0.354655	-0.145876	0.676254	-0.7220810000000001	0.0	0.41837700000000005	-0.619237	-0.664459	0.0	-0.896482	-0.39903099999999997	-0.192597	0.0	2.15156	0.07778260000000001	-2.1806200000000002	0.33329899999999996	
0	0.0556259	0.7932640000000001	-0.6063310000000001	0.0	0.25132600000000005	0.5765939999999999	0.777416	0.0	0.966303	-0.195632	-0.167295	0.0	-2.54071	-0.17443699999999998	-1.9355200000000001	0.354752	-0.144618	0.67394	-0.724493	0.0	0.404956	-0.627753	-0.664784	0.0	-0.902827	-0.38952800000000004	-0.182132	0.0	2.15292	0.0114242	-2.23674	0.335957	
0	0.0646006	0.7976979999999999	-0.599587	0.0	0.248223	0.569113	0.783898	0.0	0.9665469999999999	-0.199472	-0.161242	0.0	-2.58764	-0.263292	-2.0123900000000003	0.354865	-0.141807	0.674187	-0.72482	0.0	0.395762	-0.63254	-0.665782	0.0	-0.9073389999999999	-0.381268	-0.177119	0.0	2.17658	-0.0730262	-2.28565	0.33734699999999995	
0	0.0486055	0.7981189999999999	-0.600536	0.0	0.239621	0.5743699999999999	0.7827390000000001	0.0	0.969649	-0.181946	-0.163328	0.0	-2.56372	-0.31104299999999996	-2.10527	0.354645	-0.13126	0.666355	-0.7339899999999999	0.0	0.373327	-0.652664	-0.659285	0.0	-0.918367	-0.360556	-0.1631	0.0	2.21007	-0.150529	-2.27067	0.340105	
0	0.0177739	0.801407	-0.597856	0.0	0.23068400000000003	0.578531	0.78236	0.0	0.972866	-0.151822	-0.17458900000000002	0.0	-2.53661	-0.340527	-2.19403	0.34844200000000003	-0.10831099999999999	0.663658	-0.740154	0.0	0.34386300000000003	-0.673564	-0.65427	0.0	-0.932752	-0.325376	-0.155253	0.0	2.23981	-0.179707	-2.34945	0.35311	
0	-0.0257649	0.805653	-0.591827	0.0	0.21798	0.5823050000000001	0.7832020000000001	0.0	0.975613	-0.108827	-0.190619	0.0	-2.57691	-0.343287	-2.38722	0.346091	-0.0828832	0.671914	-0.735977	0.0	0.32561999999999997	-0.679724	-0.657227	0.0	-0.9418610000000001	-0.294122	-0.162451	0.0	2.27089	-0.19464800000000002	-2.44559	0.354491	
0	-0.0822983	0.803286	-0.5898800000000001	0.0	0.218042	0.592061	0.775836	0.0	0.972463	-0.06476849999999999	-0.22387600000000002	0.0	-2.59897	-0.302879	-2.5474200000000002	0.345042	-0.06549169999999999	0.666538	-0.742589	0.0	0.303632	-0.695587	-0.651127	0.0	-0.950536	-0.268117	-0.156827	0.0	2.28662	-0.201808	-2.49723	0.354155	
0	-0.12452300000000001	0.802099	-0.584064	0.0	0.214583	0.596485	0.773408	0.0	0.968735	-0.029023700000000003	-0.24639299999999997	0.0	-2.59845	-0.2401	-2.72094	0.344695	-0.0485831	0.6584800000000001	-0.751028	0.0	0.255409	-0.718727	-0.646682	0.0	-0.965612	-0.223237	-0.13326400000000002	0.0	2.30668	-0.22329699999999997	-2.52127	0.354821	
0	-0.15035	0.7993779999999999	-0.581712	0.0	0.214969	0.6007560000000001	0.769987	0.0	0.9649780000000001	-0.00928235	-0.262166	0.0	-2.59603	-0.17613399999999999	-2.87629	0.345072	-0.0234201	0.650334	-0.7592869999999999	0.0	0.22310300000000002	-0.736942	-0.638077	0.0	-0.974514	-0.184343	-0.127833	0.0	2.33462	-0.23368000000000003	-2.53963	0.355757	
0	-0.15667	0.796381	-0.58415	0.0	0.21117800000000003	0.604787	0.767878	0.0	0.9648100000000001	-0.00305685	-0.26293	0.0	-2.6196900000000003	-0.16181900000000002	-2.91701	0.344702	-0.018127200000000003	0.646818	-0.762429	0.0	0.205418	-0.7438779999999999	-0.6359640000000001	0.0	-0.978507	-0.16814500000000002	-0.11938399999999999	0.0	2.35183	-0.24508200000000002	-2.53669	0.355607	
0	-0.15526199999999998	0.797165	-0.583457	0.0	0.211617	0.603747	0.768575	0.0	0.964942	-0.00413862	-0.26243299999999997	0.0	-2.67377	-0.162827	-2.9163099999999997	0.344758	-0.0151827	0.644468	-0.7644810000000001	0.0	0.19517400000000001	-0.7479520000000001	-0.63441	0.0	-0.980651	-0.158838	-0.114427	0.0	2.35672	-0.251633	-2.5337	0.355192	
0	-0.1566	0.798822	-0.5808270000000001	0.0	0.21439	0.601554	0.769525	0.0	0.9641129999999999	-0.00401643	-0.265463	0.0	-2.68845	-0.15806199999999998	-2.92315	0.34472600000000003	-0.013895	0.64493	-0.764115	0.0	0.192275	-0.748204	-0.634997	0.0	-0.981243	-0.155744	-0.11360799999999999	0.0	2.3634	-0.259843	-2.51136	0.35535300000000003	
0	-0.15366300000000002	0.797098	-0.583971	0.0	0.21053000000000002	0.60383	0.768808	0.0	0.965435	-0.00480542	-0.26059899999999997	0.0	-2.69829	-0.16228399999999998	-2.9199	0.344644	-0.0129465	0.643041	-0.765722	0.0	0.191403	-0.7500319999999999	-0.633101	0.0	-0.981426	-0.15475799999999998	-0.11337	0.0	2.37305	-0.264406	-2.50041	0.355012	
0	-0.150359	0.797443	-0.584361	0.0	0.215254	0.6033069999999999	0.767911	0.0	0.9649129999999999	-0.010323899999999999	-0.262365	0.0	-2.70002	-0.161313	-2.9163	0.345432	-0.012271299999999999	0.641261	-0.767225	0.0	0.188836	-0.7519899999999999	-0.631548	0.0	-0.9819319999999999	-0.15263	-0.11186600000000001	0.0	2.3791	-0.268006	-2.49372	0.354568	
0	-0.147873	0.7808579999999999	-0.606955	0.0	0.244443	0.623518	0.7426119999999999	0.0	0.9583219999999999	-0.0385539	-0.283077	0.0	-2.7249	-0.14725	-2.89941	0.345033	-0.0125345	0.639196	-0.768942	0.0	0.18801700000000002	-0.753779	-0.629657	0.0	-0.982086	-0.15246700000000002	-0.110732	0.0	2.3780799999999997	-0.271341	-2.47803	0.35299200000000003	
0	-0.14727300000000002	0.779788	-0.608475	0.0	0.245173	0.624764	0.741323	0.0	0.9582280000000001	-0.0400049	-0.283193	0.0	-2.72724	-0.148105	-2.8957599999999997	0.344802	-0.0124838	0.639175	-0.7689600000000001	0.0	0.187999	-0.7538060000000001	-0.62963	0.0	-0.98209	-0.152424	-0.11075399999999999	0.0	2.37582	-0.271445	-2.47729	0.352856	
0	-0.147263	0.77979	-0.608475	0.0	0.245162	0.624762	0.741329	0.0	0.958232	-0.0400044	-0.283179	0.0	-2.72716	-0.148124	-2.8958	0.344804	-0.0124838	0.639176	-0.7689590000000001	0.0	0.187998	-0.753804	-0.629631	0.0	-0.98209	-0.152423	-0.11075399999999999	0.0	2.37584	-0.271439	-2.47732	0.35285500000000003	
0	-0.147263	0.77979	-0.608474	0.0	0.245162	0.624762	0.741329	0.0	0.958232	-0.040004000000000005	-0.283179	0.0	-2.72716	-0.148124	-2.8958	0.344803	-0.0124838	0.639176	-0.7689590000000001	0.0	0.187998	-0.753804	-0.629631	0.0	-0.98209	-0.152423	-0.11075399999999999	0.0	2.37584	-0.27144	-2.47732	0.35285500000000003	
0	-0.147263	0.77979	-0.608474	0.0	0.245162	0.624762	0.741329	0.0	0.958232	-0.0400041	-0.283179	0.0	-2.72716	-0.148124	-2.8958	0.344803	-0.0124839	0.639176	-0.7689590000000001	0.0	0.187998	-0.753804	-0.629631	0.0	-0.98209	-0.152423	-0.11075399999999999	0.0	2.37584	-0.271439	-2.47732	0.35285500000000003	
0	-0.147263	0.77979	-0.608474	0.0	0.245162	0.624762	0.741329	0.0	0.958232	-0.0400041	-0.283179	0.0	-2.72716	-0.148124	-2.8958	0.344803	-0.0124838	0.639176	-0.7689590000000001	0.0	0.187998	-0.753804	-0.629631	0.0	-0.98209	-0.152423	-0.11075399999999999	0.0	2.37584	-0.271439	-2.47732	0.35285500000000003	
0	-0.147263	0.77979	-0.608474	0.0	0.245162	0.624762	0.741329	0.0	0.958232	-0.0400041	-0.283179	0.0	-2.72716	-0.148124	-2.8958	0.344803	-0.0124839	0.639176	-0.7689590000000001	0.0	0.187998	-0.753804	-0.629631	0.0	-0.98209	-0.152423	-0.11075399999999999	0.0	2.37584	-0.271439	-2.47732	0.35285500000000003	
0	-0.147263	0.77979	-0.608474	0.0	0.245162	0.624762	0.741329	0.0	0.958232	-0.0400041	-0.283179	0.0	-2.72716	-0.148124	-2.8958	0.344803	-0.0124839	0.639176	-0.7689590000000001	0.0	0.187998	-0.753804	-0.629631	0.0	-0.98209	-0.152423	-0.11075399999999999	0.0	2.37584	-0.27144	-2.47732	0.35285500000000003	
0	-0.147263	0.77979	-0.608474	0.0	0.245162	0.624762	0.741329	0.0	0.958232	-0.0400041	-0.283179	0.0	-2.72716	-0.148124	-2.8958	0.344803	-0.0124838	0.639176	-0.7689590000000001	0.0	0.187998	-0.753804	-0.629631	0.0	-0.98209	-0.152423	-0.11075399999999999	0.0	2.37584	-0.271439	-2.47732	0.35285500000000003	
0	-0.147263	0.77979	-0.608474	0.0	0.245162	0.624762	0.741329	0.0	0.958232	-0.0400041	-0.283179	0.0	-2.72716	-0.148124	-2.8958	0.344803	-0.0124839	0.639176	-0.7689590000000001	0.0	0.187998	-0.753804	-0.629631	0.0	-0.98209	-0.152423	-0.11075399999999999	0.0	2.37584	-0.271439	-2.47732	0.35285500000000003	
0	-0.147263	0.77979	-0.608474	0.0	0.245162	0.624762	0.741329	0.0	0.958232	-0.0400041	-0.283179	0.0	-2.72716	-0.148124	-2.8958	0.344803	-0.0124838	0.639176	-0.7689590000000001	0.0	0.187998	-0.753804	-0.629631	0.0	-0.98209	-0.152423	-0.11075399999999999	0.0	2.37584	-0.271439	-2.47732	0.35285500000000003	
0	-0.147263	0.77979	-0.608474	0.0	0.245162	0.624762	0.741329	0.0	0.958232	-0.0400041	-0.283179	0.0	-2.72716	-0.148124	-2.8958	0.344803	-0.0124838	0.639176	-0.7689590000000001	0.0	0.187998	-0.753804	-0.629631	0.0	-0.98209	-0.152423	-0.11075399999999999	0.0	2.37584	-0.27144	-2.47732	0.35285500000000003	
0	-0.147263	0.77979	-0.608474	0.0	0.245162	0.624762	0.741329	0.0	0.958232	-0.0400042	-0.283179	0.0	-2.72716	-0.148124	-2.8958	0.344803	-0.0124839	0.639176	-0.7689590000000001	0.0	0.187998	-0.753804	-0.629631	0.0	-0.98209	-0.152423	-0.11075399999999999	0.0	2.37584	-0.27144	-2.47732	0.352856	
0	-0.147263	0.77979	-0.608474	0.0	0.245162	0.624762	0.741329	0.0	0.958232	-0.0400041	-0.283179	0.0	-2.72716	-0.148124	-2.8958	0.344803	-0.0124839	0.639176	-0.7689590000000001	0.0	0.187998	-0.753804	-0.629631	0.0	-0.98209	-0.152423	-0.11075399999999999	0.0	2.37584	-0.271439	-2.47732	0.35285500000000003	
0	-0.147263	0.77979	-0.608474	0.0	0.245162	0.624762	0.741329	0.0	0.958232	-0.040004000000000005	-0.283179	0.0	-2.72716	-0.148124	-2.8958	0.344803	-0.0124839	0.639176	-0.7689590000000001	0.0	0.187998	-0.753804	-0.629632	0.0	-0.98209	-0.152423	-0.11075399999999999	0.0	2.37584	-0.271439	-2.47732	0.35285500000000003	
0	-0.147263	0.77979	-0.608474	0.0	0.245162	0.624762	0.741329	0.0	0.958232	-0.0400041	-0.283179	0.0	-2.72716	-0.148124	-2.8958	0.344803	-0.0124839	0.639176	-0.7689590000000001	0.0	0.187998	-0.753804	-0.629631	0.0	-0.98209	-0.152423	-0.11075399999999999	0.0	2.37584	-0.271439	-2.47732	0.352856	
0	-0.147263	0.77979	-0.608474	0.0	0.245162	0.624762	0.741329	0.0	0.958232	-0.0400041	-0.283179	0.0	-2.72716	-0.148124	-2.8958	0.344803	-0.0124838	0.639176	-0.7689590000000001	0.0	0.187998	-0.753804	-0.629631	0.0	-0.98209	-0.152423	-0.11075399999999999	0.0	2.37584	-0.27144	-2.47732	0.35285500000000003	
0	-0.147263	0.77979	-0.608474	0.0	0.245162	0.624762	0.741329	0.0	0.958232	-0.0400041	-0.283179	0.0	-2.72716	-0.148124	-2.8958	0.344803	-0.0124838	0.639176	-0.7689590000000001	0.0	0.187998	-0.753804	-0.629631	0.0	-0.98209	-0.152423	-0.11075399999999999	0.0	2.37584	-0.271439	-2.47732	0.35285500000000003	
0	-0.147263	0.77979	-0.608474	0.0	0.245162	0.624762	0.741329	0.0	0.958232	-0.0400041	-0.283179	0.0	-2.72716	-0.148124	-2.8958	0.344803	-0.0124839	0.639176	-0.7689590000000001	0.0	0.187998	-0.753804	-0.629631	0.0	-0.98209	-0.152423	-0.11075399999999999	0.0	2.37584	-0.271439	-2.47732	0.352856	
0	-0.147263	0.77979	-0.608474	0.0	0.245162	0.624762	0.741329	0.0	0.958232	-0.0400041	-0.283179	0.0	-2.72716	-0.148124	-2.8958	0.344803	-0.0124839	0.639176	-0.7689590000000001	0.0	0.187998	-0.753804	-0.629631	0.0	-0.98209	-0.152423	-0.11075399999999999	0.0	2.37584	-0.271439	-2.47732	0.35285500000000003	
0	-0.147263	0.77979	-0.608474	0.0	0.245162	0.624762	0.741329	0.0	0.958232	-0.0400041	-0.283179	0.0	-2.72716	-0.148124	-2.8958	0.344803	-0.0124839	0.639176	-0.7689590000000001	0.0	0.187998	-0.753804	-0.629631	0.0	-0.98209	-0.152423	-0.11075399999999999	0.0	2.37584	-0.271439	-2.47732	0.35285500000000003	
0	-0.147263	0.77979	-0.608474	0.0	0.245162	0.624762	0.741329	0.0	0.958232	-0.0400042	-0.283179	0.0	-2.72716	-0.148124	-2.8958	0.344802	-0.0124839	0.639176	-0.7689590000000001	0.0	0.187998	-0.753804	-0.629631	0.0	-0.98209	-0.152423	-0.11075399999999999	0.0	2.37584	-0.271439	-2.47732	0.35285500000000003	
0	-0.17707	0.838902	-0.514674	0.0	-0.00117618	0.5227569999999999	0.8524809999999999	0.0	0.9841979999999999	0.151554	-0.0915779	0.0	-2.70581	-0.19077	-2.95834	0.350943	0.0247268	0.640795	-0.767314	0.0	-0.0291079	-0.7667619999999999	-0.6412720000000001	0.0	-0.9992700000000001	0.0381915	-0.000307441	0.0	2.35182	-0.238858	-2.45003	0.31988099999999997	
0	-0.17813299999999999	0.857771	-0.48218	0.0	-0.0820391	0.475365	0.8759549999999999	0.0	0.9805809999999999	0.19559400000000002	-0.014307399999999998	0.0	-2.67537	-0.219631	-2.95757	0.33558000000000004	0.028073900000000002	0.654412	-0.755617	0.0	-0.048197000000000004	-0.754149	-0.654932	0.0	-0.9984430000000001	0.05480499999999999	0.0103686	0.0	2.35813	-0.271536	-2.48241	0.309258	
0	-0.17416800000000002	0.866284	-0.46820600000000007	0.0	-0.0816475	0.461132	0.883567	0.0	0.981325	0.192117	-0.00958472	0.0	-2.65956	-0.271408	-2.9875	0.330425	0.0279339	0.668153	-0.7435	0.0	-0.0459191	-0.742147	-0.668662	0.0	-0.998555	0.0528193	0.00994962	0.0	2.3524	-0.31249	-2.51821	0.311251	
0	-0.16257	0.874416	-0.457129	0.0	-0.08528569999999999	0.44910600000000006	0.8893989999999999	0.0	0.9830040000000001	0.183576	0.00156385	0.0	-2.62934	-0.340509	-3.02221	0.330138	0.0264428	0.675329	-0.737042	0.0	-0.0540255	-0.7352569999999999	-0.675632	0.0	-0.998189	0.0576847	0.017042599999999998	0.0	2.34117	-0.36085	-2.5562099999999996	0.311954	
0	-0.15353599999999998	0.875871	-0.457467	0.0	-0.0862413	0.449312	0.889202	0.0	0.9843719999999999	0.175977	0.00655091	0.0	-2.62226	-0.393216	-3.0394200000000002	0.330185	0.0254769	0.682016	-0.730893	0.0	-0.05622819999999999	-0.728996	-0.6822060000000001	0.0	-0.998093	0.0584774	0.0197758	0.0	2.33375	-0.3987	-2.58442	0.312535	
0	-0.138294	0.869317	-0.474513	0.0	-0.09907200000000001	0.464571	0.879976	0.0	0.985424	0.168706	0.0218778	0.0	-2.60303	-0.521051	-3.1015099999999998	0.328723	0.00869739	0.6794279999999999	-0.733691	0.0	-0.065238	-0.73177	-0.6784220000000001	0.0	-0.9978319999999999	0.053765099999999996	0.0379598	0.0	2.35093	-0.523034	-2.6425099999999997	0.326158	
0	-0.0987238	0.8535940000000001	-0.5114989999999999	0.0	-0.0655396	0.507317	0.8592639999999999	0.0	0.9929540000000001	0.118353	0.00585985	0.0	-2.56302	-0.862432	-3.26551	0.33512800000000004	-0.00826806	0.671625	-0.740845	0.0	-0.04826180000000001	-0.740275	-0.67057	0.0	-0.998801	0.030210300000000002	0.0385342	0.0	2.3871900000000004	-0.788428	-2.8101	0.32701199999999997	
0	-0.0749929	0.843058	-0.532568	0.0	-0.05624490000000001	0.529645	0.846352	0.0	0.995597	0.09342460000000001	0.00769812	0.0	-2.5442	-1.0484200000000001	-3.35187	0.337577	-0.012972999999999998	0.6691090000000001	-0.743051	0.0	-0.04246369999999999	-0.742812	-0.6681520000000001	0.0	-0.999014	0.022884799999999997	0.038049099999999995	0.0	2.39316	-0.9007379999999999	-2.89946	0.32757800000000004	
0	-0.028657799999999997	0.817401	-0.5753560000000001	0.0	-0.00615576	0.575437	0.817823	0.0	0.9995700000000001	0.026978700000000005	-0.011459100000000002	0.0	-2.47912	-1.56165	-3.6052199999999996	0.34482199999999996	-0.0199217	0.653518	-0.756649	0.0	-0.016669	-0.756911	-0.653306	0.0	-0.999663	-0.00040233099999999997	0.0259723	0.0	2.3498099999999997	-1.22918	-3.20947	0.32919299999999996	
0	0.00590028	0.808833	-0.58801	0.0	0.045611599999999995	0.58719	0.808163	0.0	0.998942	-0.031588599999999994	-0.0334276	0.0	-2.45724	-1.94527	-3.8326300000000004	0.348719	-0.030228700000000004	0.655881	-0.754259	0.0	0.0121693	-0.754306	-0.65641	0.0	-0.999469	-0.0290212	0.0148201	0.0	2.2641400000000003	-1.4695799999999999	-3.4086800000000004	0.334615	
0	0.027897199999999997	0.812145	-0.582788	0.0	0.0769158	0.579543	0.811304	0.0	0.996647	-0.06745880000000001	-0.046299099999999996	0.0	-2.46236	-2.12601	-3.9703	0.34875100000000003	-0.0446483	0.6514	-0.757419	0.0	0.0392789	-0.756445	-0.652877	0.0	-0.99823	-0.0589004	0.00818762	0.0	2.20611	-1.5964	-3.5093400000000003	0.33470700000000003	
0	0.056887	0.8123560000000001	-0.58038	0.0	0.174294	0.564314	0.806952	0.0	0.983049	-0.147062	-0.10948599999999999	0.0	-2.56327	-2.35429	-4.26336	0.34886999999999996	-0.0815893	0.6468119999999999	-0.758273	0.0	0.0795572	-0.754155	-0.651859	0.0	-0.9934860000000001	-0.11351099999999999	0.010072200000000002	0.0	2.0365599999999997	-1.88185	-3.63386	0.334358	
0	0.08946649999999999	0.809937	-0.579653	0.0	0.21408600000000003	0.5527449999999999	0.8053819999999999	0.0	0.972709	-0.19615	-0.123944	0.0	-2.6621799999999998	-2.40478	-4.29875	0.35015599999999997	-0.0937832	0.6396729999999999	-0.762904	0.0	0.08153300000000001	-0.7587729999999999	-0.6462319999999999	0.0	-0.9922489999999999	-0.12280799999999999	0.0190055	0.0	1.99741	-1.96301	-3.64195	0.334179	
0	0.17127799999999999	0.812813	-0.556776	0.0	0.272163	0.504101	0.8196399999999999	0.0	0.9468850000000001	-0.29191999999999996	-0.134876	0.0	-2.83316	-2.4237599999999997	-4.2573	0.35084699999999996	-0.108423	0.629384	-0.769494	0.0	0.0811559	-0.7658699999999999	-0.637854	0.0	-0.9907870000000001	-0.131607	0.0319596	0.0	1.96753	-2.01765	-3.6317699999999995	0.33425	
0	0.275659	0.812479	-0.513702	0.0	0.334983	0.419712	0.8435799999999999	0.0	0.900998	-0.404623	-0.15647	0.0	-3.14248	-2.36497	-4.1689099999999994	0.35149400000000003	-0.11608099999999999	0.632103	-0.766141	0.0	0.0932419	-0.7610140000000001	-0.642	0.0	-0.9888540000000001	-0.14595999999999998	0.029400799999999998	0.0	1.96544	-2.01999	-3.59785	0.334414	
0	0.304746	0.801033	-0.5152439999999999	0.0	0.350087	0.408895	0.8427600000000001	0.0	0.885759	-0.43720699999999996	-0.15582200000000002	0.0	-3.27274	-2.34711	-4.09275	0.35120100000000004	-0.11752699999999999	0.634562	-0.763884	0.0	0.096671	-0.758252	-0.644756	0.0	-0.988353	-0.149621	0.0277707	0.0	1.97227	-2.0293400000000004	-3.6026	0.334478	
0	0.41154799999999997	0.7548189999999999	-0.5107619999999999	0.0	0.343097	0.39088	0.8541059999999999	0.0	0.844342	-0.526746	-0.0981106	0.0	-3.5265199999999997	-2.37833	-3.7199699999999996	0.348529	-0.12205899999999999	0.635896	-0.762062	0.0	0.102256	-0.75566	-0.646932	0.0	-0.987241	-0.156889	0.027211400000000004	0.0	1.9819200000000001	-2.07513	-3.5972199999999996	0.33470700000000003	
0	0.438687	0.736889	-0.514342	0.0	0.338812	0.394491	0.8541569999999999	0.0	0.8323219999999999	-0.5489729999999999	-0.076609	0.0	-3.59285	-2.40063	-3.56236	0.34770700000000004	-0.12300000000000001	0.634171	-0.763347	0.0	0.10157000000000001	-0.757104	-0.645351	0.0	-0.987195	-0.156912	0.028710500000000003	0.0	1.98355	-2.08068	-3.58585	0.334807	
0	0.496167	0.704498	-0.507446	0.0	0.342555	0.378205	0.86001	0.0	0.797794	-0.600536	-0.0536761	0.0	-3.70151	-2.47473	-3.30265	0.347008	-0.13284100000000001	0.632016	-0.7634850000000001	0.0	0.103492	-0.757257	-0.6448659999999999	0.0	-0.98572	-0.164679	0.035186	0.0	1.985	-2.08982	-3.5711800000000005	0.33479899999999996	
0	0.5201479999999999	0.678647	-0.51854	0.0	0.338459	0.39363899999999996	0.8546889999999999	0.0	0.78415	-0.62007	-0.0249438	0.0	-3.7089300000000005	-2.53416	-3.20704	0.344387	-0.139818	0.631321	-0.762814	0.0	0.106546	-0.756316	-0.645472	0.0	-0.9844280000000001	-0.171524	0.0384816	0.0	1.9848400000000002	-2.10339	-3.5533900000000003	0.334865	
0	0.56483	0.63873	-0.522487	0.0	0.34866199999999997	0.38914699999999997	0.852643	0.0	0.7479319999999999	-0.6637689999999999	-0.00289962	0.0	-3.6772	-2.62337	-3.08061	0.345037	-0.140032	0.6292800000000001	-0.764459	0.0	0.106826	-0.757958	-0.643497	0.0	-0.984368	-0.171774	0.038914300000000006	0.0	1.9902799999999998	-2.0906700000000003	-3.53234	0.334675	
0	0.612711	0.585176	-0.531181	0.0	0.370962	0.380525	0.8471059999999999	0.0	0.6978340000000001	-0.716079	0.0160737	0.0	-3.58731	-2.7318599999999997	-2.95066	0.343991	-0.141092	0.628851	-0.764618	0.0	0.107478	-0.758049	-0.643281	0.0	-0.984145	-0.172941	0.0393663	0.0	1.99784	-2.09939	-3.5302599999999997	0.334721	
0	0.66171	0.5189050000000001	-0.541181	0.0	0.39935	0.36696599999999996	0.840153	0.0	0.634554	-0.772058	0.0356003	0.0	-3.4675300000000004	-2.81155	-2.76735	0.34239400000000003	-0.141539	0.6277149999999999	-0.765468	0.0	0.10703	-0.759016	-0.642215	0.0	-0.98413	-0.172826	0.040246	0.0	2.00122	-2.1006299999999998	-3.5244800000000005	0.334723	
0	0.686813	0.48836499999999994	-0.538319	0.0	0.419099	0.339022	0.8422709999999999	0.0	0.593838	-0.804092	0.0281716	0.0	-3.4415199999999997	-2.7789099999999998	-2.76398	0.343181	-0.14288599999999999	0.6255189999999999	-0.7670130000000001	0.0	0.107956	-0.760491	-0.640311	0.0	-0.983834	-0.174295	0.0411357	0.0	2.00461	-2.0906700000000003	-3.5087300000000003	0.33452600000000005	
0	0.7129439999999999	0.444338	-0.54247	0.0	0.446147	0.309396	0.839778	0.0	0.540983	-0.8407370000000001	0.0223417	0.0	-3.4322	-2.79335	-2.74644	0.341382	-0.143673	0.622256	-0.769517	0.0	0.10606900000000001	-0.763422	-0.637131	0.0	-0.983925	-0.17316099999999998	0.043680699999999996	0.0	2.00738	-2.0794900000000003	-3.4961300000000004	0.334629	
0	0.722036	0.41913100000000003	-0.550449	0.0	0.465437	0.294394	0.834686	0.0	0.511891	-0.858872	0.017483500000000003	0.0	-3.47844	-2.92508	-2.68297	0.34070500000000004	-0.144024	0.6230319999999999	-0.7688229999999999	0.0	0.105833	-0.7627689999999999	-0.6379520000000001	0.0	-0.983899	-0.173247	0.04392	0.0	2.00285	-2.07631	-3.4907800000000004	0.334596	
0	0.7326600000000001	0.400133	-0.5505479999999999	0.0	0.476206	0.276543	0.834716	0.0	0.48624799999999996	-0.8737379999999999	0.0120665	0.0	-3.51	-2.99947	-2.6362200000000002	0.33871999999999997	-0.14444400000000002	0.622631	-0.769069	0.0	0.105777	-0.76305	-0.637625	0.0	-0.983843	-0.17345	0.0443576	0.0	1.99983	-2.07594	-3.4853	0.33454	
0	0.738158	0.381309	-0.55653	0.0	0.48673500000000003	0.270196	0.8307120000000001	0.0	0.467131	-0.88408	0.0138509	0.0	-3.5590900000000003	-3.03851	-2.64972	0.334841	-0.144421	0.622807	-0.76893	0.0	0.10615	-0.762842	-0.6378119999999999	0.0	-0.983806	-0.173736	0.0440594	0.0	1.99918	-2.07577	-3.4875300000000005	0.334534	
0	0.744237	0.35232800000000003	-0.56743	0.0	0.508655	0.251617	0.823382	0.0	0.43287600000000004	-0.901418	0.00804932	0.0	-3.6928199999999998	-3.09852	-2.71123	0.32672199999999996	-0.144906	0.6212979999999999	-0.770059	0.0	0.10491500000000001	-0.764238	-0.6363439999999999	0.0	-0.983867	-0.173001	0.0455591	0.0	1.9972	-2.0733099999999998	-3.4843900000000003	0.33436	
0	0.740316	0.331802	-0.584671	0.0	0.523617	0.260846	0.8110390000000001	0.0	0.421613	-0.9065690000000001	0.0193712	0.0	-3.84335	-3.14245	-2.70813	0.327388	-0.149401	0.619892	-0.770333	0.0	0.10544200000000001	-0.7646470000000001	-0.6357659999999999	0.0	-0.983139	-0.176209	0.048875999999999996	0.0	1.9928700000000001	-2.0810299999999997	-3.4813300000000003	0.334427	
0	0.7403029999999999	0.32663400000000004	-0.58759	0.0	0.5236310000000001	0.267995	0.808696	0.0	0.42161899999999997	-0.90636	0.027361400000000004	0.0	-3.861	-3.1638	-2.7079400000000002	0.328191	-0.14968499999999998	0.618973	-0.771017	0.0	0.10528299999999999	-0.7653909999999999	-0.634896	0.0	-0.9831120000000001	-0.176209	0.0494	0.0	1.99105	-2.07764	-3.47455	0.334482	
0	0.742344	0.295682	-0.6012460000000001	0.0	0.532651	0.283934	0.7972859999999999	0.0	0.406457	-0.912115	0.0532818	0.0	-3.8521400000000003	-3.22336	-2.63712	0.330978	-0.149586	0.614951	-0.774247	0.0	0.10408599999999998	-0.768913	-0.6308239999999999	0.0	-0.9832549999999999	-0.174951	0.051011	0.0	1.9948099999999998	-2.07344	-3.47073	0.33428800000000003	
0	0.7471979999999999	0.26659	-0.608789	0.0	0.547946	0.271264	0.7913100000000001	0.0	0.376098	-0.924849	0.0566107	0.0	-3.84116	-3.27704	-2.59502	0.344389	-0.149325	0.61339	-0.775536	0.0	0.102395	-0.77052	-0.629138	0.0	-0.9834719999999999	-0.17335699999999998	0.0522495	0.0	1.9919	-2.06639	-3.4603099999999998	0.334308	
0	0.746056	0.261073	-0.6125689999999999	0.0	0.549995	0.27699	0.7878970000000001	0.0	0.375374	-0.924726	0.0630612	0.0	-3.79665	-3.30709	-2.58252	0.347672	-0.15016600000000002	0.613483	-0.775299	0.0	0.102127	-0.770371	-0.629364	0.0	-0.9833719999999999	-0.173688	0.05302949999999999	0.0	1.9886099999999998	-2.06845	-3.45929	0.334419	
0	0.7457010000000001	0.255029	-0.615541	0.0	0.5532229999999999	0.277857	0.785328	0.0	0.371314	-0.9261510000000001	0.06610980000000001	0.0	-3.7725	-3.31547	-2.56907	0.347794	-0.15127000000000002	0.613201	-0.775308	0.0	0.101641	-0.7705270000000001	-0.629251	0.0	-0.983253	-0.17399	0.054231100000000004	0.0	1.98846	-2.07323	-3.45879	0.334377	
0	0.742005	0.23486500000000002	-0.627907	0.0	0.571705	0.267473	0.775637	0.0	0.350118	-0.9345030000000001	0.064193	0.0	-3.7300400000000002	-3.31938	-2.52853	0.347206	-0.153745	0.613686	-0.774436	0.0	0.103868	-0.769375	-0.630296	0.0	-0.9826360000000001	-0.177344	0.0545452	0.0	1.9897900000000002	-2.08094	-3.43862	0.334275	
0	0.734618	0.21893600000000002	-0.6421859999999999	0.0	0.587299	0.268743	0.763451	0.0	0.33973000000000003	-0.938	0.0688424	0.0	-3.7012199999999997	-3.31946	-2.47308	0.346607	-0.15425899999999998	0.613455	-0.774518	0.0	0.10399800000000001	-0.769465	-0.630166	0.0	-0.982542	-0.177757	0.054898	0.0	1.9882400000000002	-2.08339	-3.4363	0.33417600000000003	
0	0.724879	0.212725	-0.655209	0.0	0.602324	0.265847	0.752683	0.0	0.3343	-0.9402520000000001	0.0645773	0.0	-3.6819800000000003	-3.3038199999999995	-2.4403900000000003	0.346368	-0.155174	0.612795	-0.774857	0.0	0.104776	-0.769725	-0.6297189999999999	0.0	-0.9823149999999999	-0.178902	0.055234500000000006	0.0	1.98822	-2.08537	-3.43214	0.334099	
0	0.70701	0.19367	-0.680168	0.0	0.629447	0.26610700000000004	0.730058	0.0	0.322388	-0.9442879999999999	0.0662357	0.0	-3.6377300000000004	-3.27498	-2.4030400000000003	0.346047	-0.156396	0.613833	-0.7737890000000001	0.0	0.10501300000000001	-0.768655	-0.630985	0.0	-0.9820959999999999	-0.17994100000000002	0.055754099999999994	0.0	1.98574	-2.1001	-3.44141	0.334181	
0	0.683094	0.18899100000000002	-0.705454	0.0	0.6546270000000001	0.269816	0.7061609999999999	0.0	0.323801	-0.944183	0.0605914	0.0	-3.5861300000000003	-3.2246200000000003	-2.36789	0.344491	-0.157976	0.613362	-0.773842	0.0	0.105702	-0.768675	-0.630845	0.0	-0.981769	-0.181456	0.056598699999999995	0.0	1.98237	-2.117	-3.4602	0.334002	
0	0.671596	0.15995299999999998	-0.723445	0.0	0.681813	0.24873	0.687942	0.0	0.289981	-0.955274	0.057988	0.0	-3.5306800000000003	-3.19916	-2.31545	0.34225500000000003	-0.158353	0.6122	-0.774684	0.0	0.105581	-0.769587	-0.629754	0.0	-0.981722	-0.181515	0.057229300000000004	0.0	1.9809999999999999	-2.11977	-3.4623800000000005	0.333836	
0	0.641811	0.11773399999999999	-0.757771	0.0	0.732475	0.198471	0.6512220000000001	0.0	0.227066	-0.97301	0.0411437	0.0	-3.47572	-3.1869099999999997	-2.2360700000000002	0.339877	-0.16020299999999998	0.6105079999999999	-0.775638	0.0	0.10646199999999999	-0.770517	-0.628466	0.0	-0.981326	-0.183258	0.058443499999999995	0.0	1.9824700000000002	-2.12454	-3.46386	0.33394	
0	0.6111949999999999	0.085135	-0.786888	0.0	0.7736460000000001	0.145599	0.616663	0.0	0.167069	-0.9856739999999999	0.023124799999999997	0.0	-3.40257	-3.19752	-2.2075299999999998	0.340477	-0.16136099999999998	0.609438	-0.776239	0.0	0.10584600000000001	-0.771323	-0.627581	0.0	-0.981203	-0.183429	0.059954999999999994	0.0	1.9810400000000001	-2.12978	-3.46927	0.334023	
0	0.596639	0.0738437	-0.7991050000000001	0.0	0.7897609999999999	0.12276199999999998	0.601006	0.0	0.14248	-0.989685	0.014925399999999998	0.0	-3.38936	-3.2066	-2.20169	0.340273	-0.162375	0.608712	-0.776598	0.0	0.106118	-0.771705	-0.6270640000000001	0.0	-0.9810059999999999	-0.184231	0.060709900000000004	0.0	1.97996	-2.1303900000000002	-3.46926	0.333795	
0	0.551344	0.052061699999999995	-0.8326520000000001	0.0	0.830996	0.054173400000000003	0.553635	0.0	0.0739309	-0.997174	-0.013394999999999999	0.0	-3.35909	-3.20388	-2.2147900000000003	0.339892	-0.164715	0.607272	-0.7772319999999999	0.0	0.107894	-0.772173	-0.626185	0.0	-0.9804219999999999	-0.187001	0.06166699999999999	0.0	1.9791599999999998	-2.13678	-3.4554099999999996	0.333279	
0	0.5286890000000001	0.0417019	-0.847791	0.0	0.8477180000000001	0.0248347	0.5298649999999999	0.0	0.0431511	-0.998821	-0.0222217	0.0	-3.3496599999999996	-3.21837	-2.24713	0.339373	-0.165978	0.605681	-0.778205	0.0	0.106803	-0.773468	-0.6247729999999999	0.0	-0.9803290000000001	-0.186813	0.06369019999999999	0.0	1.98017	-2.1398099999999998	-3.4503699999999995	0.333364	
0	0.512332	0.0457508	-0.857568	0.0	0.8583299999999999	0.00531539	0.513071	0.0	0.0280317	-0.9989389999999999	-0.0365461	0.0	-3.33733	-3.22222	-2.26662	0.339607	-0.167099	0.604167	-0.779141	0.0	0.10753800000000001	-0.7743680000000001	-0.62353	0.0	-0.980058	-0.187978	0.0644252	0.0	1.98333	-2.14304	-3.4444	0.333436	
0	0.465761	0.029577299999999997	-0.884416	0.0	0.884376	-0.0503029	0.464057	0.0	-0.030763	-0.998296	-0.0495866	0.0	-3.3243400000000003	-3.27	-2.29839	0.33942	-0.16755899999999999	0.6023689999999999	-0.780433	0.0	0.10722899999999999	-0.7757930000000001	-0.6218100000000001	0.0	-0.9800129999999999	-0.187875	0.0653994	0.0	1.9850400000000001	-2.1430000000000002	-3.43975	0.333021	
0	0.45655500000000004	0.020703599999999996	-0.8894540000000001	0.0	0.888834	-0.054604599999999996	0.45496499999999995	0.0	-0.0391489	-0.998293	-0.043332	0.0	-3.33215	-3.29811	-2.30056	0.339547	-0.168707	0.601668	-0.780726	0.0	0.106853	-0.7762479999999999	-0.6213069999999999	0.0	-0.979857	-0.18824200000000002	0.0666683	0.0	1.98512	-2.14213	-3.4365300000000003	0.33306199999999997	
0	0.438271	0.0342912	-0.8981879999999999	0.0	0.89848	-0.0451003	0.436692	0.0	-0.0255338	-0.998394	-0.050576199999999995	0.0	-3.28407	-3.3553699999999997	-2.35555	0.338652	-0.169873	0.599352	-0.782254	0.0	0.107556	-0.7777729999999999	-0.619275	0.0	-0.9795790000000001	-0.189334	0.0676577	0.0	1.9825	-2.14414	-3.4313800000000003	0.333011	
0	0.427608	0.0345696	-0.9033030000000001	0.0	0.903781	-0.036443300000000005	0.42644	0.0	-0.0181774	-0.9987379999999999	-0.0468269	0.0	-3.2513799999999997	-3.38465	-2.35338	0.338742	-0.170193	0.598226	-0.783046	0.0	0.10700599999999999	-0.77872	-0.618179	0.0	-0.979584	-0.18899999999999997	0.0685184	0.0	1.9828	-2.1421799999999998	-3.4281900000000003	0.332983	
0	0.403807	0.0393807	-0.9139959999999999	0.0	0.9148290000000001	-0.0230863	0.40318000000000004	0.0	-0.00522324	-0.998958	-0.045349	0.0	-3.25559	-3.3936800000000003	-2.3412	0.335489	-0.172194	0.595566	-0.784634	0.0	0.10892	-0.7801359999999999	-0.616056	0.0	-0.979023	-0.191544	0.06946530000000001	0.0	1.9804599999999999	-2.13879	-3.42885	0.332975	
