0	0.0269575	0.870186	-0.49198500000000006	0.0	0.178095	0.480109	0.8589399999999999	0.0	0.9836440000000001	-0.110775	-0.142034	0.0	-2.71844	1.9269	1.32639	0.0	-0.593133	0.516197	-0.617847	0.0	0.752815	0.08353569999999999	-0.65291	0.0	-0.285418	-0.8523860000000001	-0.43814899999999996	0.0	2.66032	2.0	1.53809	0.0	
0	0.035743000000000004	0.8049649999999999	-0.592245	0.0	0.177425	0.578097	0.796445	0.0	0.983485	-0.133546	-0.12215799999999999	0.0	-2.70202	1.8615	1.3033700000000001	0.0	-0.49792	0.618586	-0.607805	0.0	0.618139	-0.23842399999999997	-0.749038	0.0	-0.60826	-0.7486689999999999	-0.263656	0.0	2.64269	1.99785	1.53407	1.45771e-05	
0	0.0248511	0.784482	-0.619654	0.0	0.182101	0.6059220000000001	0.774401	0.0	0.982966	-0.13208399999999998	-0.127797	0.0	-2.69275	1.8108099999999998	1.2641799999999999	0.0	-0.232675	0.702364	-0.672716	0.0	-0.00164059	-0.691983	-0.721912	0.0	-0.9725530000000001	-0.16686700000000002	0.16216	0.0	2.6731599999999998	2.00044	1.5201200000000001	0.0	
0	0.00929124	0.767576	-0.640891	0.0	0.196182	0.6270640000000001	0.7538590000000001	0.0	0.980524	-0.132736	-0.144758	0.0	-2.68582	1.8119999999999998	1.24102	0.0	-0.22803099999999998	0.697922	-0.678901	0.0	-0.011033	-0.699079	-0.714959	0.0	-0.973592	-0.15554300000000001	0.16711199999999998	0.0	2.67962	1.9905099999999998	1.44721	0.0	
0	-0.0007999089999999999	0.778679	-0.627423	0.0	0.21735900000000002	0.612558	0.759953	0.0	0.976092	-0.135768	-0.169743	0.0	-2.69674	1.80561	1.12575	0.0	-0.20944200000000002	0.6946439999999999	-0.688188	0.0	-0.028033099999999995	-0.707774	-0.705882	0.0	-0.977419	-0.12855	0.167711	0.0	2.6688099999999997	1.98837	1.3452600000000001	0.0	
0	-0.0400033	0.756949	-0.652249	0.0	0.24185	0.640696	0.728709	0.0	0.9694889999999999	-0.12859600000000002	-0.208698	0.0	-2.69447	1.8192099999999998	0.9689540000000001	0.0	-0.19089	0.693237	-0.69497	0.0	-0.052889599999999995	-0.714225	-0.697916	0.0	-0.9801860000000001	-0.0964685	0.173003	0.0	2.6552599999999997	1.99787	1.2119799999999998	0.0	
0	-0.0486621	0.753998	-0.655071	0.0	0.220468	0.64778	0.729229	0.0	0.9741799999999999	-0.10893599999999999	-0.197755	0.0	-2.61175	1.8107799999999998	0.8783110000000001	0.0	-0.17740699999999998	0.710359	-0.6811149999999999	0.0	-0.055144500000000006	-0.698181	-0.713795	0.0	-0.982592	-0.0890722	0.16303399999999998	0.0	2.6213	1.9731299999999998	1.09159	0.0	
0	-0.059943899999999994	0.756501	-0.6512399999999999	0.0	0.193119	0.648875	0.735979	0.0	0.9793430000000001	-0.0816496	-0.18499100000000002	0.0	-2.5166	1.80676	0.850858	0.127943	-0.146618	0.7178680000000001	-0.680565	0.0	-0.0760393	-0.694144	-0.715809	0.0	-0.986266	-0.053201	0.15636	0.0	2.61538	1.9823099999999998	0.992967	0.0493585	
0	-0.0587689	0.7764800000000001	-0.627396	0.0	0.165845	0.627343	0.760879	0.0	0.984399	-0.0593342	-0.165643	0.0	-2.38967	1.74433	0.790425	0.362775	-0.09853200000000001	0.707687	-0.6996220000000001	0.0	-0.0482265	-0.705613	-0.706955	0.0	-0.993965	-0.035917199999999996	0.103654	0.0	2.59631	2.0261299999999998	0.8636290000000001	0.24709299999999998	
0	-0.053568	0.807645	-0.5872310000000001	0.0	0.170502	0.5868369999999999	0.79155	0.0	0.9839	-0.0577225	-0.169141	0.0	-2.23789	1.68763	0.773943	0.364001	-0.0829493	0.664296	-0.742853	0.0	0.00912994	-0.744884	-0.667132	0.0	-0.9965120000000001	-0.062120299999999996	0.0557226	0.0	2.55951	2.03131	0.7025520000000001	0.277566	
0	-0.025856999999999998	0.829253	-0.558275	0.0	0.193436	0.552057	0.811058	0.0	0.980772	-0.087019	-0.174682	0.0	-2.18261	1.68147	0.7810630000000001	0.363962	-0.0849379	0.640476	-0.763267	0.0	0.00968167	-0.765468	-0.643401	0.0	-0.996339	-0.062038699999999995	0.058816099999999996	0.0	2.52093	1.9969299999999999	0.599625	0.301737	
0	-0.0282817	0.850548	-0.525137	0.0	0.236002	0.516177	0.823325	0.0	0.971341	-0.100648	-0.215329	0.0	-2.16479	1.67544	0.6611819999999999	0.360529	-0.08464989999999999	0.61851	-0.781204	0.0	0.0240664	-0.78252	-0.62216	0.0	-0.9961200000000001	-0.0714666	0.051354899999999995	0.0	2.4603	1.92976	0.47814399999999996	0.317052	
0	-0.005282	0.874492	-0.485012	0.0	0.281034	0.46676899999999993	0.8385389999999999	0.0	0.959684	-0.131876	-0.248227	0.0	-2.15813	1.59029	0.376019	0.344167	-0.105603	0.606108	-0.788341	0.0	0.0984078	-0.782513	-0.614809	0.0	-0.989527	-0.142504	0.0229898	0.0	2.32478	1.7732900000000003	0.319144	0.340252	
0	0.00306278	0.8773639999999999	-0.47981599999999996	0.0	0.30559899999999995	0.456042	0.835844	0.0	0.952155	-0.14919100000000002	-0.266725	0.0	-2.16321	1.54601	0.251291	0.339861	-0.125164	0.5987899999999999	-0.791065	0.0	0.127772	-0.780967	-0.611363	0.0	-0.983874	-0.177597	0.0212406	0.0	2.26796	1.6840000000000002	0.264358	0.32509499999999997	
0	0.018595	0.8617379999999999	-0.507013	0.0	0.375282	0.464008	0.802409	0.0	0.926724	-0.20519400000000002	-0.314766	0.0	-2.2112	1.34457	-0.106021	0.285623	-0.12642899999999999	0.603878	-0.786986	0.0	0.120995	-0.778041	-0.616452	0.0	-0.984569	-0.17315899999999998	0.025300200000000002	0.0	2.1661799999999998	1.45141	0.055884500000000004	0.32725	
0	0.00359985	0.8028350000000001	-0.596191	0.0	0.411013	0.54232	0.7327739999999999	0.0	0.9116219999999999	-0.24768	-0.328023	0.0	-2.26951	0.9681219999999999	-0.609142	0.25111700000000003	-0.125091	0.569145	-0.812666	0.0	0.132219	-0.802231	-0.5821890000000001	0.0	-0.983296	-0.180277	0.0251	0.0	2.02478	1.20993	-0.17936400000000002	0.327286	
0	-0.0328827	0.766981	-0.640827	0.0	0.393383	0.599352	0.697156	0.0	0.9187870000000001	-0.22916599999999998	-0.321425	0.0	-2.31203	0.759637	-0.8624639999999999	0.32111799999999996	-0.129672	0.561839	-0.817021	0.0	0.150366	-0.8033060000000001	-0.5762729999999999	0.0	-0.98009	-0.197579	0.0196844	0.0	1.9512200000000002	1.0840299999999998	-0.324469	0.334894	
0	-0.0565205	0.731969	-0.67899	0.0	0.35017800000000004	0.651408	0.673085	0.0	0.9349770000000001	-0.199724	-0.293137	0.0	-2.27102	0.564095	-1.04969	0.36027800000000004	-0.115799	0.54898	-0.827775	0.0	0.16213	-0.811758	-0.561038	0.0	-0.979951	-0.199175	0.00499472	0.0	1.91983	0.9626549999999999	-0.535155	0.335853	
0	-0.0502399	0.734282	-0.676984	0.0	0.321967	0.653559	0.6849810000000001	0.0	0.945417	-0.183553	-0.26924899999999996	0.0	-2.2156599999999997	0.40260300000000004	-1.15679	0.361219	-0.0996831	0.535008	-0.8389459999999999	0.0	0.184419	-0.818603	-0.543948	0.0	-0.97778	-0.20894000000000001	-0.017064799999999998	0.0	1.90068	0.863859	-0.741789	0.335438	
0	-0.0445094	0.735484	-0.676079	0.0	0.30656100000000003	0.654154	0.69145	0.0	0.95081	-0.176484	-0.254587	0.0	-2.15786	0.324484	-1.23466	0.361248	-0.10866500000000001	0.535072	-0.8377889999999999	0.0	0.201577	-0.8134100000000001	-0.5456479999999999	0.0	-0.973426	-0.228171	-0.019468700000000002	0.0	1.8876099999999998	0.759199	-0.9195620000000001	0.33655	
0	-0.028074900000000003	0.74242	-0.669346	0.0	0.302062	0.6446069999999999	0.702311	0.0	0.952875	-0.18246700000000002	-0.24235399999999999	0.0	-2.1578	0.232424	-1.31615	0.360689	-0.106526	0.541783	-0.833741	0.0	0.215844	-0.805917	-0.55128	0.0	-0.9706	-0.238684	-0.0310903	0.0	1.88362	0.6563399999999999	-1.05246	0.337565	
0	-0.0244454	0.7475470000000001	-0.663759	0.0	0.300971	0.6386569999999999	0.708191	0.0	0.9533200000000001	-0.18245999999999998	-0.240602	0.0	-2.17785	0.122655	-1.4139899999999999	0.36001700000000003	-0.111292	0.555143	-0.824276	0.0	0.241296	-0.789513	-0.5643100000000001	0.0	-0.9640489999999999	-0.261698	-0.046087800000000005	0.0	1.8894	0.525835	-1.19833	0.337843	
0	-0.0132786	0.753259	-0.65759	0.0	0.301348	0.6300859999999999	0.7156680000000001	0.0	0.9534219999999999	-0.188661	-0.23535999999999999	0.0	-2.22297	-0.0142618	-1.51043	0.359063	-0.106982	0.565446	-0.817818	0.0	0.25709099999999996	-0.778832	-0.572122	0.0	-0.9604469999999999	-0.271461	-0.0620501	0.0	1.90264	0.38809	-1.35753	0.337974	
0	-0.0245298	0.759338	-0.650234	0.0	0.306159	0.624883	0.718184	0.0	0.951664	-0.18145799999999998	-0.24780700000000003	0.0	-2.27336	-0.11146099999999999	-1.59879	0.35802	-0.112641	0.5676140000000001	-0.815553	0.0	0.27054	-0.7722479999999999	-0.57484	0.0	-0.956096	-0.28539000000000003	-0.06657539999999999	0.0	1.90137	0.256765	-1.4854100000000001	0.33819099999999996	
0	-0.038139400000000004	0.756253	-0.653167	0.0	0.310788	0.630202	0.711517	0.0	0.949714	-0.17586	-0.25906999999999997	0.0	-2.32645	-0.18900799999999998	-1.7255099999999999	0.358053	-0.111518	0.575882	-0.809891	0.0	0.280545	-0.7635810000000001	-0.581583	0.0	-0.95334	-0.292068	-0.0764078	0.0	1.90393	0.117583	-1.5579399999999999	0.33905	
0	-0.061232400000000006	0.7463489999999999	-0.662733	0.0	0.31445500000000004	0.644591	0.696864	0.0	0.9472950000000001	-0.165729	-0.274163	0.0	-2.37258	-0.246579	-1.8951900000000002	0.358052	-0.0975804	0.595425	-0.797463	0.0	0.282129	-0.751866	-0.595903	0.0	-0.954401	-0.283136	-0.0946191	0.0	1.93202	0.0142075	-1.67832	0.339866	
0	-0.07093060000000001	0.740001	-0.668855	0.0	0.32376	0.65132	0.686267	0.0	0.943477	-0.167871	-0.285781	0.0	-2.42898	-0.32621999999999995	-2.0392200000000003	0.35772600000000004	-0.0832566	0.599291	-0.796191	0.0	0.290027	-0.749807	-0.594705	0.0	-0.95339	-0.28043	-0.111384	0.0	1.9781900000000001	-0.0646649	-1.7887	0.34055	
0	-0.113875	0.71817	-0.686487	0.0	0.310638	0.682075	0.662025	0.0	0.943682	-0.13786099999999998	-0.300762	0.0	-2.50707	-0.443511	-2.30966	0.35536599999999996	-0.061080999999999996	0.597105	-0.799834	0.0	0.286595	-0.757095	-0.5870850000000001	0.0	-0.956103	-0.26508899999999996	-0.124883	0.0	2.02629	-0.15831199999999998	-1.96545	0.342897	
0	-0.145958	0.710964	-0.687914	0.0	0.29349200000000003	0.695175	0.656197	0.0	0.9447530000000001	-0.10612	-0.310129	0.0	-2.50485	-0.423785	-2.4592099999999997	0.34834	-0.0583924	0.594803	-0.8017479999999999	0.0	0.279869	-0.761158	-0.585074	0.0	-0.958261	-0.258548	-0.122021	0.0	2.03194	-0.191701	-1.9871400000000001	0.348722	
0	-0.16666	0.715619	-0.6783170000000001	0.0	0.290674	0.693024	0.659717	0.0	0.9421959999999999	-0.0872207	-0.323511	0.0	-2.50976	-0.374282	-2.60354	0.347616	-0.058199400000000005	0.601638	-0.796646	0.0	0.26961199999999996	-0.7588729999999999	-0.592808	0.0	-0.961209	-0.249286	-0.11804300000000001	0.0	2.03665	-0.21322800000000003	-1.99121	0.353734	
0	-0.182662	0.711337	-0.678701	0.0	0.277555	0.699545	0.658483	0.0	0.943185	-0.0680971	-0.325216	0.0	-2.50524	-0.356574	-2.66475	0.346572	-0.0500255	0.616193	-0.7860050000000001	0.0	0.24307800000000002	-0.755814	-0.607995	0.0	-0.968716	-0.22147600000000003	-0.111973	0.0	2.06304	-0.254098	-1.98043	0.356894	
0	-0.18803	0.711354	-0.677215	0.0	0.27300599999999997	0.700195	0.659693	0.0	0.943458	-0.060842099999999996	-0.325862	0.0	-2.50391	-0.356455	-2.6704	0.345767	-0.0438152	0.614314	-0.787844	0.0	0.23539000000000002	-0.7600520000000001	-0.605734	0.0	-0.9709129999999999	-0.21199099999999999	-0.111301	0.0	2.0712900000000003	-0.262621	-1.9846599999999999	0.357694	
0	-0.19906400000000002	0.714904	-0.670288	0.0	0.262793	0.697868	0.666273	0.0	0.9440940000000001	-0.043515899999999996	-0.326793	0.0	-2.46694	-0.353733	-2.6859599999999997	0.344663	-0.030231	0.611622	-0.790572	0.0	0.213527	-0.768724	-0.602885	0.0	-0.976469	-0.18703399999999998	-0.107358	0.0	2.04785	-0.26822199999999996	-1.99341	0.35878699999999997	
0	-0.20044700000000001	0.7157979999999999	-0.66892	0.0	0.25535599999999997	0.697349	0.6697	0.0	0.9458409999999999	-0.036573400000000006	-0.32256399999999996	0.0	-2.42371	-0.357642	-2.6816	0.343451	-0.0228486	0.6078	-0.793762	0.0	0.19482	-0.776041	-0.599839	0.0	-0.9805729999999999	-0.168346	-0.10068099999999999	0.0	2.03367	-0.27124499999999996	-2.00219	0.358516	
0	-0.199773	0.714538	-0.670467	0.0	0.253726	0.698645	0.668968	0.0	0.946422	-0.036473	-0.320867	0.0	-2.4096900000000003	-0.359077	-2.67863	0.342609	-0.0207977	0.607513	-0.794038	0.0	0.18967799999999999	-0.777388	-0.599742	0.0	-0.981626	-0.16308499999999998	-0.09906430000000001	0.0	2.02546	-0.27138	-2.00437	0.358222	
0	-0.192055	0.714283	-0.6729890000000001	0.0	0.250102	0.6987359999999999	0.670237	0.0	0.948981	-0.039593199999999995	-0.312839	0.0	-2.39522	-0.3707	-2.65995	0.336284	-0.0214266	0.60627	-0.79497	0.0	0.18751500000000002	-0.778605	-0.5988439999999999	0.0	-0.982028	-0.1619	-0.097002	0.0	2.01783	-0.271104	-2.0076099999999997	0.357604	
0	-0.189907	0.7141350000000001	-0.673756	0.0	0.25085799999999997	0.69876	0.66993	0.0	0.9492139999999999	-0.041792800000000005	-0.311845	0.0	-2.39423	-0.371769	-2.65804	0.33109299999999997	-0.021492700000000003	0.606835	-0.7945369999999999	0.0	0.18826700000000002	-0.778046	-0.599333	0.0	-0.981883	-0.162466	-0.0975245	0.0	2.0177400000000003	-0.271194	-2.00642	0.357459	
0	-0.16791199999999998	0.721267	-0.6719970000000001	0.0	0.256651	0.6901520000000001	0.676624	0.0	0.951807	-0.0588556	-0.30099899999999996	0.0	-2.4298900000000003	-0.39917600000000003	-2.63803	0.147195	-0.0206112	0.609404	-0.792592	0.0	0.19126600000000002	-0.7757149999999999	-0.6014010000000001	0.0	-0.9813219999999999	-0.163992	-0.10057	0.0	2.0190799999999998	-0.267951	-2.01068	0.355261	
0	-0.14920899999999998	0.726406	-0.6708729999999999	0.0	0.259881	0.683425	0.682197	0.0	0.954043	-0.07255700000000001	-0.290752	0.0	-2.44603	-0.41810600000000003	-2.61861	0.0	-0.0211968	0.6101270000000001	-0.79202	0.0	0.19133699999999998	-0.77508	-0.602197	0.0	-0.981296	-0.16430699999999998	-0.100311	0.0	2.01823	-0.269737	-2.00465	0.35187399999999996	
0	-0.14917	0.7264149999999999	-0.670872	0.0	0.259865	0.6834140000000001	0.682214	0.0	0.9540540000000001	-0.0725702	-0.290714	0.0	-2.44611	-0.417996	-2.6187	0.0	-0.021195500000000003	0.6101300000000001	-0.792018	0.0	0.191339	-0.775077	-0.6022	0.0	-0.981295	-0.16430799999999998	-0.100314	0.0	2.01824	-0.26973600000000003	-2.00466	0.351871	
0	-0.14917	0.7264149999999999	-0.670872	0.0	0.259864	0.6834140000000001	0.682214	0.0	0.9540540000000001	-0.0725697	-0.290714	0.0	-2.44611	-0.417996	-2.6187	0.0	-0.021195500000000003	0.6101300000000001	-0.792018	0.0	0.191339	-0.775077	-0.6022	0.0	-0.981295	-0.16430799999999998	-0.100314	0.0	2.01824	-0.26973600000000003	-2.00466	0.35187199999999996	
0	-0.14917	0.7264149999999999	-0.670872	0.0	0.259864	0.6834140000000001	0.682214	0.0	0.9540540000000001	-0.0725698	-0.290714	0.0	-2.44611	-0.417996	-2.6187	0.0	-0.021195500000000003	0.6101300000000001	-0.792018	0.0	0.191339	-0.775077	-0.6022	0.0	-0.981295	-0.16430799999999998	-0.100314	0.0	2.01824	-0.26973600000000003	-2.00466	0.351871	
0	-0.14917	0.7264149999999999	-0.670872	0.0	0.259864	0.6834140000000001	0.682214	0.0	0.9540540000000001	-0.0725696	-0.290714	0.0	-2.44611	-0.417996	-2.6187	0.0	-0.021195500000000003	0.6101300000000001	-0.792018	0.0	0.191339	-0.775077	-0.6022	0.0	-0.981295	-0.16430799999999998	-0.100314	0.0	2.01824	-0.26973600000000003	-2.00466	0.35187199999999996	
0	-0.14917	0.7264149999999999	-0.670872	0.0	0.259865	0.6834140000000001	0.682214	0.0	0.9540540000000001	-0.0725702	-0.290715	0.0	-2.44611	-0.417996	-2.6187	0.0	-0.021195500000000003	0.6101300000000001	-0.792018	0.0	0.191339	-0.775077	-0.6022	0.0	-0.981295	-0.16430799999999998	-0.100314	0.0	2.01825	-0.26973600000000003	-2.00466	0.351871	
0	-0.14917	0.7264149999999999	-0.670872	0.0	0.259864	0.6834140000000001	0.682214	0.0	0.9540540000000001	-0.0725698	-0.290715	0.0	-2.44611	-0.417996	-2.6187	0.0	-0.021195500000000003	0.6101300000000001	-0.792018	0.0	0.191339	-0.775077	-0.6022	0.0	-0.981295	-0.16430799999999998	-0.100314	0.0	2.01824	-0.26973600000000003	-2.00466	0.35187199999999996	
0	-0.14917	0.7264149999999999	-0.670872	0.0	0.259864	0.6834140000000001	0.682214	0.0	0.9540540000000001	-0.0725696	-0.290714	0.0	-2.44611	-0.417996	-2.6187	0.0	-0.021195500000000003	0.6101300000000001	-0.792018	0.0	0.191339	-0.775077	-0.6022	0.0	-0.981295	-0.16430799999999998	-0.100314	0.0	2.01824	-0.26973600000000003	-2.00466	0.35187199999999996	
0	-0.14917	0.7264149999999999	-0.670872	0.0	0.259865	0.6834140000000001	0.682214	0.0	0.9540540000000001	-0.07256989999999999	-0.290715	0.0	-2.44611	-0.417996	-2.6187	0.0	-0.021195500000000003	0.6101300000000001	-0.792018	0.0	0.191339	-0.775077	-0.6022	0.0	-0.981295	-0.16430799999999998	-0.100314	0.0	2.01824	-0.26973600000000003	-2.00466	0.351871	
0	-0.14917	0.7264149999999999	-0.670872	0.0	0.259865	0.6834140000000001	0.682214	0.0	0.9540540000000001	-0.0725702	-0.290715	0.0	-2.44611	-0.417996	-2.6187	0.0	-0.021195500000000003	0.6101300000000001	-0.792018	0.0	0.191339	-0.775077	-0.6022	0.0	-0.981295	-0.16430799999999998	-0.100314	0.0	2.01824	-0.26973600000000003	-2.00466	0.35187199999999996	
0	-0.14917	0.7264149999999999	-0.670872	0.0	0.259865	0.6834140000000001	0.682214	0.0	0.9540540000000001	-0.07257000000000001	-0.290715	0.0	-2.44611	-0.417996	-2.6187	0.0	-0.021195500000000003	0.6101300000000001	-0.792018	0.0	0.191339	-0.775077	-0.6022	0.0	-0.981295	-0.16430799999999998	-0.100314	0.0	2.01824	-0.26973600000000003	-2.00466	0.351871	
0	-0.14917	0.7264149999999999	-0.670872	0.0	0.259865	0.6834140000000001	0.682214	0.0	0.9540540000000001	-0.07257000000000001	-0.290715	0.0	-2.44611	-0.417996	-2.6187	0.0	-0.021195500000000003	0.6101300000000001	-0.792018	0.0	0.191339	-0.775077	-0.6022	0.0	-0.981295	-0.16430799999999998	-0.100314	0.0	2.01825	-0.26973600000000003	-2.00466	0.35187199999999996	
0	-0.14917	0.7264149999999999	-0.670872	0.0	0.259865	0.6834140000000001	0.682214	0.0	0.9540540000000001	-0.0725703	-0.290715	0.0	-2.44611	-0.417996	-2.6187	0.0	-0.021195500000000003	0.6101300000000001	-0.792018	0.0	0.191339	-0.775077	-0.6022	0.0	-0.981295	-0.16430799999999998	-0.100314	0.0	2.01825	-0.26973600000000003	-2.00466	0.35187199999999996	
0	-0.14917	0.7264149999999999	-0.670872	0.0	0.259864	0.6834140000000001	0.682214	0.0	0.9540540000000001	-0.0725698	-0.290714	0.0	-2.44611	-0.417996	-2.6187	0.0	-0.021195500000000003	0.6101300000000001	-0.792018	0.0	0.191339	-0.775077	-0.6022	0.0	-0.981295	-0.16430799999999998	-0.100314	0.0	2.01825	-0.269735	-2.00466	0.351871	
0	-0.14917	0.7264149999999999	-0.670872	0.0	0.259864	0.6834140000000001	0.682214	0.0	0.9540540000000001	-0.07256989999999999	-0.290714	0.0	-2.44611	-0.417996	-2.6187	0.0	-0.021195500000000003	0.6101300000000001	-0.792018	0.0	0.191339	-0.775077	-0.6022	0.0	-0.981295	-0.16430799999999998	-0.100314	0.0	2.01824	-0.26973600000000003	-2.00466	0.35187199999999996	
0	-0.14917	0.7264149999999999	-0.670872	0.0	0.259865	0.6834140000000001	0.682214	0.0	0.9540540000000001	-0.07257050000000001	-0.290715	0.0	-2.44611	-0.417996	-2.6187	0.0	-0.021195500000000003	0.6101300000000001	-0.792018	0.0	0.191339	-0.775077	-0.6022	0.0	-0.981295	-0.16430799999999998	-0.100314	0.0	2.01825	-0.26973600000000003	-2.00466	0.351871	
0	-0.14917	0.7264149999999999	-0.670872	0.0	0.259865	0.6834140000000001	0.682214	0.0	0.9540540000000001	-0.07257000000000001	-0.290715	0.0	-2.44611	-0.417996	-2.6187	0.0	-0.021195500000000003	0.6101300000000001	-0.792018	0.0	0.191339	-0.775077	-0.6022	0.0	-0.981295	-0.16430799999999998	-0.100314	0.0	2.01824	-0.26973600000000003	-2.00466	0.351871	
0	-0.14917	0.7264149999999999	-0.670872	0.0	0.259864	0.6834140000000001	0.682214	0.0	0.9540540000000001	-0.0725698	-0.290714	0.0	-2.44611	-0.417996	-2.6187	0.0	-0.021195500000000003	0.6101300000000001	-0.792018	0.0	0.191339	-0.775077	-0.6022	0.0	-0.981295	-0.16430799999999998	-0.100314	0.0	2.01824	-0.26973600000000003	-2.00466	0.351871	
0	-0.14917	0.7264149999999999	-0.670872	0.0	0.259865	0.6834140000000001	0.682214	0.0	0.9540540000000001	-0.07257050000000001	-0.290715	0.0	-2.44611	-0.417996	-2.6187	0.0	-0.021195500000000003	0.6101300000000001	-0.792018	0.0	0.191339	-0.775077	-0.6022	0.0	-0.981295	-0.16430799999999998	-0.100314	0.0	2.01825	-0.26973600000000003	-2.00466	0.35187199999999996	
0	-0.14917	0.7264149999999999	-0.670872	0.0	0.259865	0.6834140000000001	0.682214	0.0	0.9540540000000001	-0.0725701	-0.290715	0.0	-2.44611	-0.417996	-2.6187	0.0	-0.021195500000000003	0.6101300000000001	-0.792018	0.0	0.191339	-0.775077	-0.6022	0.0	-0.981295	-0.16430799999999998	-0.100314	0.0	2.01825	-0.26973600000000003	-2.00466	0.351871	
0	-0.14917	0.7264149999999999	-0.670872	0.0	0.259865	0.6834140000000001	0.682214	0.0	0.9540540000000001	-0.07257000000000001	-0.290715	0.0	-2.44611	-0.417996	-2.6187	0.0	-0.021195500000000003	0.6101300000000001	-0.792018	0.0	0.191339	-0.775077	-0.6022	0.0	-0.981295	-0.16430799999999998	-0.100314	0.0	2.01824	-0.26973600000000003	-2.00466	0.351873	
0	-0.14917	0.7264149999999999	-0.670872	0.0	0.259864	0.6834140000000001	0.682214	0.0	0.9540540000000001	-0.07256950000000001	-0.290714	0.0	-2.44611	-0.417996	-2.6187	0.0	-0.0211956	0.6101300000000001	-0.792018	0.0	0.191339	-0.7750779999999999	-0.6022	0.0	-0.981295	-0.16430799999999998	-0.100314	0.0	2.01824	-0.26973600000000003	-2.00466	0.35187199999999996	
0	-0.14917	0.7264149999999999	-0.670872	0.0	0.259865	0.6834140000000001	0.682214	0.0	0.9540540000000001	-0.0725702	-0.290715	0.0	-2.44611	-0.417996	-2.6187	0.0	-0.0211956	0.6101300000000001	-0.792018	0.0	0.191339	-0.7750779999999999	-0.6022	0.0	-0.981295	-0.16430799999999998	-0.100314	0.0	2.01824	-0.26973600000000003	-2.00466	0.35187199999999996	
0	-0.14917	0.7264149999999999	-0.670872	0.0	0.259865	0.6834140000000001	0.682214	0.0	0.9540540000000001	-0.0725703	-0.290715	0.0	-2.44611	-0.417996	-2.6187	0.0	-0.0211956	0.6101300000000001	-0.792018	0.0	0.191339	-0.7750779999999999	-0.6022	0.0	-0.981295	-0.16430799999999998	-0.100314	0.0	2.01824	-0.26973600000000003	-2.00466	0.35187199999999996	
0	-0.24513600000000002	0.7292420000000001	-0.638838	0.0	-0.11363499999999999	0.632789	0.765941	0.0	0.9628059999999999	0.260354	-0.07225160000000001	0.0	-2.41528	-0.451042	-2.6659	0.306003	0.04651040000000001	0.623445	-0.780483	0.0	-0.00744185	-0.78109	-0.624374	0.0	-0.99889	0.034848199999999996	-0.0316893	0.0	1.9982099999999998	-0.231965	-1.9710400000000001	0.332947	
0	-0.23740100000000003	0.736295	-0.633649	0.0	-0.193822	0.603278	0.773621	0.0	0.9518790000000001	0.30647399999999997	-0.000508785	0.0	-2.35816	-0.435809	-2.66299	0.320687	0.0396484	0.626449	-0.778454	0.0	-0.00378537	-0.778967	-0.627054	0.0	-0.999207	0.027808499999999996	-0.0285137	0.0	1.9888599999999999	-0.25643499999999997	-1.9822400000000002	0.335028	
0	-0.22792800000000002	0.757999	-0.611136	0.0	-0.178763	0.584411	0.7915220000000001	0.0	0.9571270000000001	0.289659	0.00229871	0.0	-2.32422	-0.471046	-2.68498	0.320853	0.030291500000000002	0.64681	-0.762049	0.0	-0.00392067	-0.762317	-0.647192	0.0	-0.999533	0.0225922	-0.020555900000000002	0.0	1.95082	-0.31214000000000003	-1.99006	0.33719099999999996	
0	-0.22813699999999998	0.766628	-0.600197	0.0	-0.17499	0.574129	0.7998460000000001	0.0	0.957775	0.287503	0.00317228	0.0	-2.31731	-0.490846	-2.7019900000000003	0.317873	0.0255886	0.657641	-0.752897	0.0	-0.00021073200000000001	-0.7531399999999999	-0.65786	0.0	-0.9996729999999999	0.0169924	-0.0191333	0.0	1.9381599999999999	-0.351718	-2.00541	0.33757600000000004	
0	-0.212223	0.784153	-0.583151	0.0	-0.15412	0.5624180000000001	0.8123630000000001	0.0	0.9649909999999999	0.262277	0.00149512	0.0	-2.31332	-0.575563	-2.7318700000000002	0.316576	0.013519799999999998	0.664434	-0.747224	0.0	0.0102825	-0.747346	-0.6643560000000001	0.0	-0.999856	0.00129864	-0.016936	0.0	1.91162	-0.457437	-2.07717	0.33882199999999996	
0	-0.152096	0.7955810000000001	-0.586445	0.0	-0.0919095	0.579392	0.80985	0.0	0.984083	0.177075	-0.0150019	0.0	-2.2564599999999997	-0.8514700000000001	-2.81288	0.32621700000000003	-0.00947201	0.670099	-0.742211	0.0	0.0228646	-0.741905	-0.670115	0.0	-0.9996940000000001	-0.023317700000000004	-0.00829424	0.0	1.87946	-0.6217199999999999	-2.19963	0.340517	
0	-0.124617	0.790101	-0.6001770000000001	0.0	-0.049027999999999995	0.599249	0.79906	0.0	0.990993	0.129002	-0.035939599999999995	0.0	-2.2380400000000003	-0.9944700000000001	-2.8597900000000003	0.33228800000000003	-0.015578999999999999	0.666341	-0.7454850000000001	0.0	0.0340129	-0.744791	-0.666431	0.0	-0.9993	-0.0357383	-0.0110613	0.0	1.86192	-0.7012970000000001	-2.26131	0.341417	
0	-0.018123900000000002	0.7939649999999999	-0.607693	0.0	0.0793469	0.6070180000000001	0.790717	0.0	0.996682	-0.03388769999999999	-0.0740002	0.0	-2.23559	-1.53874	-3.06898	0.34762	-0.0498034	0.660751	-0.748951	0.0	0.0844962	-0.744406	-0.6623600000000001	0.0	-0.9951780000000001	-0.0962713	-0.018757	0.0	1.81328	-0.9881709999999999	-2.51633	0.33982199999999996	
0	0.0202745	0.797709	-0.6027020000000001	0.0	0.137087	0.594914	0.792013	0.0	0.990352	-0.0986804	-0.0972939	0.0	-2.2469900000000003	-1.7549099999999997	-3.14466	0.347505	-0.0623327	0.656514	-0.751734	0.0	0.108721	-0.74425	-0.658993	0.0	-0.992116	-0.122806	-0.024985499999999997	0.0	1.7853700000000001	-1.0988799999999999	-2.5981799999999997	0.33934899999999996	
0	0.150808	0.778953	-0.6086779999999999	0.0	0.302379	0.5498609999999999	0.778601	0.0	0.941182	-0.301471	-0.152616	0.0	-2.43254	-2.2864299999999997	-3.4244800000000004	0.34775100000000003	-0.11406400000000001	0.648077	-0.752985	0.0	0.184513	-0.730925	-0.657041	0.0	-0.976189	-0.21388000000000001	-0.036206300000000004	0.0	1.7190599999999998	-1.42774	-2.79385	0.334464	
0	0.222016	0.745748	-0.6281479999999999	0.0	0.397183	0.519184	0.7567659999999999	0.0	0.8904799999999999	-0.41750299999999996	-0.18093099999999998	0.0	-2.66624	-2.55572	-3.51041	0.330462	-0.14044500000000001	0.642005	-0.753728	0.0	0.21186100000000002	-0.7241529999999999	-0.656291	0.0	-0.9671559999999999	-0.251859	-0.034312199999999994	0.0	1.68871	-1.62575	-2.8587	0.33407	
0	0.26353699999999997	0.7312109999999999	-0.629189	0.0	0.44978199999999996	0.483864	0.750714	0.0	0.8533719999999999	-0.480839	-0.20137	0.0	-2.80825	-2.6490299999999998	-3.51108	0.330044	-0.154151	0.63707	-0.755235	0.0	0.231458	-0.7198180000000001	-0.654438	0.0	-0.9605540000000001	-0.275688	-0.0364944	0.0	1.68508	-1.7269599999999998	-2.9037599999999997	0.334077	
0	0.30946	0.710638	-0.631845	0.0	0.514834	0.433442	0.739645	0.0	0.799487	-0.554186	-0.23172800000000002	0.0	-3.0966099999999996	-2.75562	-3.5481	0.33071	-0.161773	0.633501	-0.756641	0.0	0.24391999999999997	-0.71728	-0.652697	0.0	-0.956208	-0.290149	-0.0384879	0.0	1.71355	-1.87555	-2.97149	0.334098	
0	0.31381	0.698054	-0.643618	0.0	0.555463	0.41478999999999994	0.720701	0.0	0.770055	-0.583669	-0.257577	0.0	-3.3926300000000005	-2.7580299999999998	-3.59973	0.33781500000000003	-0.166914	0.6240859999999999	-0.76332	0.0	0.257726	-0.719648	-0.644736	0.0	-0.951692	-0.304343	-0.0407239	0.0	1.79732	-1.9805099999999998	-3.0256	0.334239	
0	0.312427	0.6957760000000001	-0.64675	0.0	0.557014	0.417324	0.718037	0.0	0.769497	-0.584583	-0.257173	0.0	-3.41917	-2.75157	-3.59867	0.338042	-0.167456	0.623858	-0.763387	0.0	0.258293	-0.719512	-0.6446609999999999	0.0	-0.951443	-0.30513	-0.0406515	0.0	1.8026099999999998	-1.9869400000000002	-3.02385	0.33432199999999995	
0	0.31384	0.669848	-0.67291	0.0	0.5768439999999999	0.42841	0.695497	0.0	0.754159	-0.6064390000000001	-0.251946	0.0	-3.59324	-2.6475	-3.48173	0.338848	-0.16684100000000002	0.621279	-0.765622	0.0	0.26255300000000004	-0.720475	-0.641858	0.0	-0.950384	-0.308104	-0.0429138	0.0	1.85828	-2.0114900000000002	-3.02212	0.333677	
0	0.310881	0.664499	-0.679555	0.0	0.579996	0.43378999999999995	0.689515	0.0	0.752966	-0.608496	-0.25055	0.0	-3.61292	-2.60937	-3.42576	0.339129	-0.166736	0.620663	-0.7661439999999999	0.0	0.262804	-0.720938	-0.641235	0.0	-0.950333	-0.308262	-0.0429063	0.0	1.865	-2.01445	-3.0244299999999997	0.333751	
0	0.325343	0.632713	-0.702728	0.0	0.578078	0.45503000000000005	0.6773279999999999	0.0	0.748317	-0.626596	-0.217716	0.0	-3.64802	-2.53621	-3.22017	0.344409	-0.166663	0.618807	-0.76766	0.0	0.260921	-0.723118	-0.639548	0.0	-0.950865	-0.30688699999999997	-0.0409432	0.0	1.87391	-2.02084	-3.0144599999999997	0.333615	
0	0.36993899999999996	0.601961	-0.7076640000000001	0.0	0.575604	0.449395	0.6831729999999999	0.0	0.729264	-0.6600659999999999	-0.18024300000000001	0.0	-3.6261	-2.55233	-3.00851	0.342679	-0.166765	0.61728	-0.7688659999999999	0.0	0.26053200000000004	-0.724485	-0.638157	0.0	-0.9509540000000001	-0.306736	-0.0400026	0.0	1.87375	-2.01914	-3.00157	0.333855	
0	0.397569	0.5820420000000001	-0.709342	0.0	0.5819489999999999	0.43774700000000005	0.6853560000000001	0.0	0.709418	-0.685277	-0.164684	0.0	-3.62966	-2.55952	-2.8946	0.342433	-0.167479	0.6161409999999999	-0.769624	0.0	0.260289	-0.725316	-0.637312	0.0	-0.950894	-0.30706100000000003	-0.038899699999999995	0.0	1.87333	-2.01887	-2.99662	0.333857	
0	0.42141300000000004	0.55108	-0.720224	0.0	0.582303	0.44440799999999997	0.6807529999999999	0.0	0.6952229999999999	-0.706266	-0.133616	0.0	-3.65726	-2.5617099999999997	-2.74083	0.342721	-0.16734300000000002	0.615095	-0.77049	0.0	0.260069	-0.7262890000000001	-0.636293	0.0	-0.9509790000000001	-0.30685999999999997	-0.0384277	0.0	1.87285	-2.0167200000000003	-2.98976	0.333636	
0	0.45856899999999995	0.52099	-0.719919	0.0	0.5877680000000001	0.42979300000000004	0.685424	0.0	0.666516	-0.73746	-0.10913199999999999	0.0	-3.61107	-2.5802	-2.57366	0.342478	-0.167668	0.6129060000000001	-0.772161	0.0	0.259712	-0.728121	-0.634343	0.0	-0.9510190000000001	-0.306898	-0.0370966	0.0	1.8708	-2.01721	-2.98915	0.333791	
0	0.48181	0.493196	-0.724305	0.0	0.601893	0.414466	0.6826	0.0	0.6368550000000001	-0.764837	-0.0971571	0.0	-3.6122400000000003	-2.5876200000000003	-2.5030200000000002	0.34229899999999996	-0.168218	0.6113930000000001	-0.773241	0.0	0.259536	-0.729273	-0.6330899999999999	0.0	-0.9509700000000001	-0.30718	-0.036002	0.0	1.8717099999999998	-2.01697	-2.98252	0.333856	
0	0.502894	0.46695699999999996	-0.7273569999999999	0.0	0.635898	0.370086	0.6772520000000001	0.0	0.585432	-0.803111	-0.110823	0.0	-3.6614199999999997	-2.5743400000000003	-2.4122	0.341019	-0.16707	0.607722	-0.7763770000000001	0.0	0.25856	-0.732879	-0.629313	0.0	-0.9514379999999999	-0.305879	-0.034690399999999996	0.0	1.8736700000000002	-2.00822	-2.9746799999999998	0.333809	
0	0.5211859999999999	0.450405	-0.7249140000000001	0.0	0.658537	0.328045	0.6772859999999999	0.0	0.5428569999999999	-0.830374	-0.125636	0.0	-3.6835	-2.5722099999999997	-2.4058900000000003	0.342544	-0.166427	0.605248	-0.7784449999999999	0.0	0.256762	-0.7356199999999999	-0.626846	0.0	-0.9520370000000001	-0.3042	-0.0329775	0.0	1.87155	-1.9991700000000001	-2.96797	0.33374499999999996	
0	0.536151	0.430072	-0.7263470000000001	0.0	0.67737	0.294254	0.6742279999999999	0.0	0.503698	-0.8534940000000001	-0.133554	0.0	-3.67855	-2.58851	-2.381	0.34314	-0.16675	0.602777	-0.780291	0.0	0.255279	-0.737995	-0.624657	0.0	-0.9523799999999999	-0.30335300000000004	-0.0308159	0.0	1.86915	-1.99573	-2.96718	0.333638	
0	0.557346	0.40513899999999997	-0.724726	0.0	0.6891430000000001	0.26111	0.6759470000000001	0.0	0.463085	-0.8761760000000001	-0.13367	0.0	-3.66224	-2.637	-2.37947	0.342941	-0.166856	0.601876	-0.780964	0.0	0.255156	-0.7387279999999999	-0.623841	0.0	-0.9523940000000001	-0.303359	-0.0303111	0.0	1.8628099999999999	-1.9930599999999998	-2.94984	0.333644	
0	0.5757479999999999	0.38564699999999996	-0.720965	0.0	0.696138	0.231278	0.679634	0.0	0.428842	-0.8931889999999999	-0.13530599999999998	0.0	-3.6264	-2.68546	-2.3399900000000002	0.344019	-0.166211	0.600126	-0.782447	0.0	0.253745	-0.740734	-0.622035	0.0	-0.9528840000000001	-0.301931	-0.029161000000000003	0.0	1.86205	-1.99045	-2.94212	0.33319299999999996	
0	0.59407	0.362267	-0.718222	0.0	0.701961	0.202578	0.6827989999999999	0.0	0.392851	-0.9097940000000001	-0.133951	0.0	-3.5677199999999996	-2.7498099999999996	-2.34413	0.347233	-0.166707	0.597781	-0.784134	0.0	0.25198899999999996	-0.743024	-0.6200140000000001	0.0	-0.953263	-0.300954	-0.026766900000000003	0.0	1.85168	-1.9869299999999999	-2.93043	0.333423	
0	0.6055050000000001	0.350594	-0.7144560000000001	0.0	0.702202	0.187129	0.6869460000000001	0.0	0.374535	-0.917642	-0.132881	0.0	-3.5207900000000003	-2.78815	-2.2944400000000003	0.34729899999999997	-0.16700399999999999	0.5967319999999999	-0.78487	0.0	0.251152	-0.744043	-0.619131	0.0	-0.953432	-0.300519	-0.0256122	0.0	1.84119	-1.9842	-2.92555	0.333518	
0	0.629469	0.319379	-0.708354	0.0	0.706494	0.14426	0.69286	0.0	0.323472	-0.936582	-0.134832	0.0	-3.44401	-2.87144	-2.24445	0.34883400000000003	-0.16582	0.5937060000000001	-0.787411	0.0	0.250221	-0.747005	-0.615933	0.0	-0.953883	-0.299161	-0.02469	0.0	1.8363	-1.97868	-2.9193700000000002	0.333359	
0	0.645147	0.306282	-0.699984	0.0	0.709577	0.09957150000000001	0.697557	0.0	0.283348	-0.9467190000000001	-0.153093	0.0	-3.40654	-2.89893	-2.22336	0.34886300000000003	-0.165883	0.591967	-0.788706	0.0	0.248545	-0.748871	-0.6143430000000001	0.0	-0.95431	-0.29793800000000004	-0.022905099999999998	0.0	1.82728	-1.9731	-2.91	0.33350100000000005	
0	0.650618	0.292512	-0.700808	0.0	0.718453	0.06186130000000001	0.69282	0.0	0.246011	-0.954259	-0.169908	0.0	-3.3834	-2.89788	-2.20943	0.349964	-0.16601	0.591481	-0.789044	0.0	0.248243	-0.749313	-0.613926	0.0	-0.954367	-0.297793	-0.0224376	0.0	1.8242599999999998	-1.9733	-2.90662	0.333552	
0	0.669629	0.264859	-0.693863	0.0	0.721169	-0.00857906	0.692706	0.0	0.177517	-0.964249	-0.19675299999999998	0.0	-3.3692800000000003	-3.00801	-2.2883299999999998	0.348146	-0.166293	0.5891430000000001	-0.790732	0.0	0.245432	-0.751933	-0.61185	0.0	-0.955045	-0.295817	-0.019553499999999998	0.0	1.8120900000000002	-1.96977	-2.9013400000000003	0.333449	
0	0.679631	0.245901	-0.6911109999999999	0.0	0.7187100000000001	-0.0346404	0.694447	0.0	0.146825	-0.968676	-0.200274	0.0	-3.34275	-3.06766	-2.32343	0.34772	-0.166622	0.586633	-0.7925270000000001	0.0	0.24410700000000002	-0.754201	-0.609585	0.0	-0.955327	-0.295032	-0.0175345	0.0	1.79708	-1.96557	-2.89352	0.333509	
0	0.679668	0.23713099999999998	-0.694133	0.0	0.7222890000000001	-0.051398900000000004	0.689679	0.0	0.127866	-0.970117	-0.206211	0.0	-3.3277900000000002	-3.10175	-2.33993	0.347884	-0.165947	0.586629	-0.792671	0.0	0.244383	-0.754279	-0.609378	0.0	-0.955374	-0.29484	-0.0181926	0.0	1.79035	-1.9613099999999999	-2.8877200000000003	0.333541	
0	0.684533	0.223888	-0.693749	0.0	0.7218899999999999	-0.07577180000000001	0.687847	0.0	0.101434	-0.971665	-0.21349	0.0	-3.3351300000000004	-3.1334	-2.37649	0.347873	-0.16564600000000002	0.584885	-0.794022	0.0	0.243112	-0.756079	-0.607653	0.0	-0.95575	-0.293692	-0.016951400000000002	0.0	1.7786	-1.9578900000000001	-2.88021	0.333446	
0	0.696511	0.199536	-0.689244	0.0	0.714432	-0.10346099999999998	0.692013	0.0	0.0667716	-0.974413	-0.214617	0.0	-3.37901	-3.21818	-2.46981	0.34894400000000003	-0.16484000000000001	0.5799340000000001	-0.797813	0.0	0.23892800000000003	-0.761307	-0.6027640000000001	0.0	-0.956944	-0.289979	-0.013068600000000001	0.0	1.75059	-1.94205	-2.86033	0.333311	
0	0.695588	0.18834700000000001	-0.693313	0.0	0.716263	-0.106715	0.689623	0.0	0.055902099999999996	-0.9762879999999999	-0.20913600000000002	0.0	-3.38027	-3.24392	-2.4600299999999997	0.349537	-0.16547	0.578523	-0.798706	0.0	0.237163	-0.7627619999999999	-0.601621	0.0	-0.957274	-0.28897399999999995	-0.0109896	0.0	1.74355	-1.93763	-2.85117	0.33323800000000003	
0	0.696038	0.18429500000000001	-0.69395	0.0	0.7158899999999999	-0.103992	0.690426	0.0	0.0550769	-0.9773540000000001	-0.204317	0.0	-3.37955	-3.26647	-2.45103	0.349504	-0.16566199999999998	0.57857	-0.798632	0.0	0.236881	-0.762768	-0.601725	0.0	-0.957311	-0.288864	-0.0106906	0.0	1.73622	-1.93397	-2.8469599999999997	0.333239	
0	0.700052	0.151052	-0.697933	0.0	0.713328	-0.102737	0.6932590000000001	0.0	0.0330149	-0.983173	-0.179671	0.0	-3.3969300000000002	-3.39759	-2.42409	0.34918299999999997	-0.165998	0.576897	-0.799772	0.0	0.23460599999999998	-0.7646350000000001	-0.600245	0.0	-0.9578129999999999	-0.28726999999999997	-0.00841595	0.0	1.7236799999999999	-1.9330200000000002	-2.83334	0.332872	
0	0.696017	0.143337	-0.703573	0.0	0.716259	-0.06991	0.6943239999999999	0.0	0.0503356	-0.987202	-0.151325	0.0	-3.3631300000000004	-3.48714	-2.38042	0.35020500000000004	-0.166883	0.575277	-0.800754	0.0	0.234552	-0.7656649999999999	-0.598951	0.0	-0.957672	-0.287773	-0.00715543	0.0	1.7215799999999999	-1.9341599999999999	-2.82499	0.332932	
0	0.694203	0.143612	-0.705307	0.0	0.716956	-0.0512576	0.695232	0.0	0.063691	-0.9883059999999999	-0.138546	0.0	-3.3408900000000004	-3.5240099999999996	-2.34726	0.349952	-0.16708699999999999	0.575068	-0.800862	0.0	0.234812	-0.765698	-0.598808	0.0	-0.957573	-0.288105	-0.00709438	0.0	1.7205400000000002	-1.93815	-2.8208900000000003	0.33307	
0	0.6889069999999999	0.137802	-0.71163	0.0	0.721106	-0.0306508	0.692146	0.0	0.0735672	-0.989985	-0.120486	0.0	-3.34571	-3.5294199999999996	-2.32994	0.349867	-0.16864500000000002	0.574408	-0.8010079999999999	0.0	0.234805	-0.765841	-0.598626	0.0	-0.9573010000000001	-0.289036	-0.00571859	0.0	1.71625	-1.95167	-2.80817	0.333022	
0	0.687647	0.134736	-0.713434	0.0	0.7227779999999999	-0.033916699999999994	0.690248	0.0	0.0688038	-0.990301	-0.120707	0.0	-3.34635	-3.52945	-2.32661	0.351025	-0.168596	0.573281	-0.801825	0.0	0.234094	-0.766908	-0.597538	0.0	-0.957484	-0.288445	-0.00490382	0.0	1.7152	-1.95735	-2.8084	0.33307	
0	0.694155	0.13592100000000001	-0.7068760000000001	0.0	0.715603	-0.024103	0.698091	0.0	0.0778475	-0.9904270000000001	-0.113997	0.0	-3.34815	-3.5303	-2.32476	0.353348	-0.170072	0.569534	-0.804181	0.0	0.23235100000000003	-0.769885	-0.594383	0.0	-0.9576479999999999	-0.28794000000000003	-0.00139591	0.0	1.7078	-1.95317	-2.7985700000000002	0.332744	
0	0.7004779999999999	0.13188	-0.701383	0.0	0.709213	-0.0189165	0.704741	0.0	0.07967360000000001	-0.991085	-0.10678199999999999	0.0	-3.3490599999999997	-3.52929	-2.32876	0.354687	-0.170248	0.5678810000000001	-0.805312	0.0	0.23132399999999997	-0.771373	-0.592852	0.0	-0.957865	-0.28722	-3.9771199999999996e-05	0.0	1.70688	-1.9496	-2.7955900000000002	0.33255999999999997	
0	0.703996	0.12472000000000001	-0.699167	0.0	0.705971	-0.0155692	0.70807	0.0	0.07742489999999999	-0.9920700000000001	-0.09900919999999999	0.0	-3.3509	-3.52811	-2.3282	0.354837	-0.170688	0.567188	-0.805707	0.0	0.23085999999999998	-0.771925	-0.592314	0.0	-0.9578979999999999	-0.287106	0.000816926	0.0	1.70492	-1.94585	-2.78883	0.332434	
0	0.703333	0.112701	-0.70187	0.0	0.7067260000000001	-0.00452273	0.7074729999999999	0.0	0.07655880000000001	-0.993619	-0.0828301	0.0	-3.3595300000000003	-3.64416	-2.22307	0.352337	-0.17058399999999999	0.56699	-0.805868	0.0	0.231156	-0.772004	-0.5920949999999999	0.0	-0.9578459999999999	-0.287283	0.0006278459999999999	0.0	1.69944	-1.9453799999999999	-2.7865	0.332202	
0	0.699075	0.11113699999999999	-0.706359	0.0	0.710511	0.00313997	0.7036789999999999	0.0	0.08042250000000001	-0.9938	-0.0767687	0.0	-3.3594199999999996	-3.6464300000000005	-2.21873	0.35631199999999996	-0.170846	0.566651	-0.806052	0.0	0.230573	-0.772371	-0.5918439999999999	0.0	-0.95794	-0.286968	0.00130166	0.0	1.69845	-1.94472	-2.78532	0.331961	
0	0.694296	0.11063699999999999	-0.7111350000000001	0.0	0.71523	0.00375997	0.6988800000000001	0.0	0.0799956	-0.9938540000000001	-0.07652010000000001	0.0	-3.3592400000000002	-3.64561	-2.21865	0.356182	-0.170842	0.5657409999999999	-0.8066909999999999	0.0	0.22998000000000002	-0.773216	-0.59097	0.0	-0.958083	-0.286485	0.00198925	0.0	1.6987700000000001	-1.9430900000000002	-2.78431	0.332086	
0	0.652487	0.09125269999999999	-0.752285	0.0	0.7536609999999999	0.0254649	0.6567689999999999	0.0	0.07908889999999999	-0.995502	-0.0521581	0.0	-3.3509900000000004	-3.6398	-2.17208	0.35807100000000003	-0.170495	0.5630149999999999	-0.808669	0.0	0.228546	-0.775709	-0.588253	0.0	-0.9584879999999999	-0.285112	0.00357985	0.0	1.6885	-1.9365299999999999	-2.78091	0.331775	
0	0.647302	0.0917385	-0.7566930000000001	0.0	0.758211	0.0243705	0.651554	0.0	0.0782137	-0.9954850000000001	-0.0537821	0.0	-3.34104	-3.6414	-2.15181	0.35883899999999996	-0.170923	0.562705	-0.808794	0.0	0.22839099999999998	-0.775888	-0.5880770000000001	0.0	-0.958448	-0.285238	0.00410067	0.0	1.6852099999999999	-1.93517	-2.77878	0.331897	
0	0.626332	0.08671380000000001	-0.7747189999999999	0.0	0.775226	0.035325300000000004	0.630696	0.0	0.0820572	-0.995607	-0.045097500000000006	0.0	-3.3418699999999997	-3.636	-2.14062	0.350009	-0.171132	0.561357	-0.8096869999999999	0.0	0.227764	-0.7770090000000001	-0.5868399999999999	0.0	-0.9585600000000001	-0.28484499999999996	0.00511414	0.0	1.68183	-1.9294900000000001	-2.76749	0.33179000000000003	
