0	0.036744	0.843018	-0.536629	0.0	0.34651	0.492928	0.798093	0.0	0.937326	-0.215273	-0.274002	0.0	-2.67696	1.9755099999999999	1.28559	0.0	-0.345988	0.771775	-0.533532	0.0	0.259409	-0.46779799999999994	-0.84491	0.0	-0.9016649999999999	-0.43073199999999995	-0.0383528	0.0	2.64795	1.97252	1.49006	0.0	
0	0.036974599999999996	0.840735	-0.540183	0.0	0.340447	0.497619	0.7977920000000001	0.0	0.9395370000000001	-0.21340100000000004	-0.267826	0.0	-2.64998	1.96658	1.2650299999999999	0.0	-0.337014	0.752991	-0.565179	0.0	0.27979499999999996	-0.493075	-0.823767	0.0	-0.898964	-0.435755	-0.0445099	0.0	2.65383	1.95087	1.42486	0.0	
0	0.0375487	0.830874	-0.555193	0.0	0.31741199999999997	0.516896	0.795027	0.0	0.947544	-0.206077	-0.244321	0.0	-2.5197599999999998	1.8598	1.1873	0.0	-0.322065	0.707752	-0.628778	0.0	0.280493	-0.5630109999999999	-0.777395	0.0	-0.9042110000000001	-0.42673999999999995	-0.017194	0.0	2.65446	1.81102	1.26106	0.0	
0	0.0423071	0.825105	-0.563394	0.0	0.273019	0.532888	0.8009310000000001	0.0	0.9610780000000001	-0.187703	-0.202725	0.0	-2.4383	1.77235	1.12618	0.0	-0.31439	0.712816	-0.626939	0.0	0.25940799999999997	-0.5707800000000001	-0.779049	0.0	-0.913163	-0.407558	-0.00546291	0.0	2.65512	1.7203400000000002	1.19515	0.0	
0	0.0525934	0.812628	-0.580404	0.0	0.24752800000000003	0.552462	0.795937	0.0	0.9674520000000001	-0.185528	-0.172093	0.0	-2.38606	1.70638	1.0816	0.0	-0.380657	0.7166	-0.584453	0.0	0.25162399999999996	-0.527917	-0.8111649999999999	0.0	-0.889824	-0.455838	0.020641	0.0	2.64221	1.62599	1.15225	0.0	
0	0.062173900000000004	0.817437	-0.572653	0.0	0.22921799999999998	0.546732	0.805322	0.0	0.9713879999999999	-0.181332	-0.153378	0.0	-2.3428400000000003	1.6898	1.06531	0.0	-0.40883400000000003	0.6734399999999999	-0.615901	0.0	0.344754	-0.510903	-0.787479	0.0	-0.844985	-0.5342819999999999	-0.0232967	0.0	2.6933	1.55041	1.13345	0.0	
0	0.0425369	0.797182	-0.602238	0.0	0.196975	0.584262	0.787299	0.0	0.979485	-0.152115	-0.132172	0.0	-2.32004	1.66831	1.0243200000000001	0.0	-0.42065600000000003	0.652115	-0.63071	0.0	0.389524	-0.498044	-0.774741	0.0	-0.819341	-0.571576	-0.04451	0.0	2.7130799999999997	1.48949	1.10386	0.0	
0	0.030166900000000003	0.794772	-0.606159	0.0	0.18523699999999999	0.591484	0.78475	0.0	0.982231	-0.135957	-0.129378	0.0	-2.2892200000000003	1.66655	0.9496379999999999	0.0	-0.416284	0.6618229999999999	-0.6234569999999999	0.0	0.35951500000000003	-0.510005	-0.7814369999999999	0.0	-0.835139	-0.549442	-0.025628700000000004	0.0	2.70703	1.48471	1.10932	0.0	
0	0.0114486	0.7898970000000001	-0.613133	0.0	0.193096	0.599885	0.776436	0.0	0.9811129999999999	-0.12728299999999998	-0.14565799999999998	0.0	-2.27314	1.6701400000000002	0.908726	0.0	-0.40829699999999997	0.679293	-0.609798	0.0	0.340445	-0.5065069999999999	-0.792179	0.0	-0.846989	-0.531047	-0.0244567	0.0	2.70934	1.4611100000000001	1.08524	0.0	
0	0.00353017	0.786231	-0.617922	0.0	0.188251	0.606356	0.7725890000000001	0.0	0.982115	-0.119052	-0.145868	0.0	-2.24149	1.69108	0.879144	0.0	-0.43306000000000006	0.676545	-0.5956060000000001	0.0	0.345483	-0.485731	-0.802937	0.0	-0.832527	-0.553492	-0.0233842	0.0	2.6966099999999997	1.40117	1.09174	0.0	
0	0.00558673	0.786086	-0.618092	0.0	0.18246700000000002	0.606923	0.7735310000000001	0.0	0.983196	-0.117103	-0.140044	0.0	-2.21137	1.7052599999999998	0.886582	0.0	-0.45739300000000005	0.67925	-0.573943	0.0	0.368677	-0.442488	-0.817485	0.0	-0.80924	-0.585511	-0.0480329	0.0	2.68203	1.36886	1.1060299999999998	0.0	
0	0.0125626	0.795617	-0.6056699999999999	0.0	0.178739	0.594176	0.784224	0.0	0.983816	-0.11810899999999999	-0.134743	0.0	-2.18024	1.74787	0.890985	0.0	-0.458032	0.631158	-0.625976	0.0	0.520302	-0.38061300000000003	-0.764473	0.0	-0.720758	-0.67585	-0.15406	0.0	2.71422	1.26949	1.11551	0.0	
0	0.00829981	0.8135680000000001	-0.581412	0.0	0.188432	0.569743	0.799929	0.0	0.982051	-0.11619600000000001	-0.148574	0.0	-2.23216	1.7186299999999999	0.803408	0.0	-0.348426	0.622586	-0.700704	0.0	0.544501	-0.47404799999999997	-0.691952	0.0	-0.7629670000000001	-0.622628	-0.173828	0.0	2.76497	1.30095	0.996157	0.0	
0	0.00504193	0.8278209999999999	-0.56097	0.0	0.187157	0.550283	0.813733	0.0	0.982317	-0.10909200000000001	-0.152158	0.0	-2.2647	1.6943700000000002	0.732325	0.0	-0.34517600000000004	0.6608310000000001	-0.66645	0.0	0.48786	-0.480286	-0.728916	0.0	-0.8017770000000001	-0.576739	-0.15661	0.0	2.80754	1.30437	0.922272	0.0	
0	0.00349292	0.83042	-0.557127	0.0	0.188958	0.546545	0.815833	0.0	0.981979	-0.108123	-0.155005	0.0	-2.29449	1.67431	0.7081	0.0	-0.347479	0.6683640000000001	-0.657684	0.0	0.442589	-0.501441	-0.7434189999999999	0.0	-0.826664	-0.5494060000000001	-0.121571	0.0	2.84817	1.29132	0.918905	0.0	
0	0.000679463	0.8275450000000001	-0.561399	0.0	0.182611	0.5518569999999999	0.8137	0.0	0.9831850000000001	-0.10307000000000001	-0.15074400000000002	0.0	-2.2907599999999997	1.6700400000000002	0.708126	0.0	-0.285943	0.667902	-0.687127	0.0	0.463743	-0.53105	-0.709175	0.0	-0.838558	-0.5214340000000001	-0.157885	0.0	2.88612	1.31683	0.9114690000000001	0.0	
0	-0.00280631	0.8251459999999999	-0.564913	0.0	0.170959	0.556994	0.8127300000000001	0.0	0.985274	-0.09429630000000001	-0.14263	0.0	-2.27712	1.6691900000000002	0.71992	0.0	-0.220241	0.638055	-0.737821	0.0	0.49692	-0.577497	-0.647741	0.0	-0.839383	-0.509297	-0.189874	0.0	2.87983	1.33515	0.9002889999999999	0.0	
0	-0.0044935	0.824319	-0.566108	0.0	0.168656	0.558628	0.81209	0.0	0.985665	-0.0918285	-0.141537	0.0	-2.2688900000000003	1.6706599999999998	0.726019	0.0	-0.21093499999999998	0.594134	-0.776216	0.0	0.46037799999999995	-0.640115	-0.615065	0.0	-0.862298	-0.487092	-0.138503	0.0	2.8607	1.3002	0.9176280000000001	0.0	
0	-0.0112801	0.819186	-0.573417	0.0	0.156858	0.567803	0.808081	0.0	0.987557	-0.0808301	-0.134901	0.0	-2.2583599999999997	1.66894	0.745238	0.0	-0.164131	0.526365	-0.834266	0.0	0.393158	-0.7407520000000001	-0.544713	0.0	-0.904703	-0.41740299999999997	-0.08536410000000001	0.0	2.84444	1.3166799999999999	0.942865	0.0	
0	-0.00963297	0.821652	-0.569908	0.0	0.15128	0.5645720000000001	0.8114020000000001	0.0	0.9884440000000001	-0.07839969999999999	-0.12973800000000002	0.0	-2.23652	1.6558400000000002	0.7952229999999999	0.0	-0.126095	0.52027	-0.844642	0.0	0.329807	-0.7810199999999999	-0.530317	0.0	-0.9355899999999999	-0.345439	-0.07310599999999999	0.0	2.84593	1.40857	0.956801	0.0	
0	-0.00620908	0.826227	-0.563303	0.0	0.14792	0.557876	0.8166359999999999	0.0	0.98898	-0.0782534	-0.12568	0.0	-2.2238599999999997	1.61073	0.794866	0.0	-0.10278399999999999	0.502946	-0.8581850000000001	0.0	0.28128000000000003	-0.812846	-0.510063	0.0	-0.9541059999999999	-0.29381599999999997	-0.0579212	0.0	2.8523099999999997	1.47052	0.9691129999999999	0.0	
0	-0.00769411	0.8269040000000001	-0.56229	0.0	0.145123	0.557277	0.817546	0.0	0.989384	-0.075311	-0.12429100000000001	0.0	-2.23582	1.55925	0.764494	0.0	-0.11812	0.520289	-0.8457819999999999	0.0	0.296468	-0.794421	-0.530097	0.0	-0.94771	-0.313362	-0.060412400000000005	0.0	2.82817	1.50807	1.01388	0.0	
0	-0.00724168	0.828514	-0.559921	0.0	0.143455	0.555005	0.819384	0.0	0.9896299999999999	-0.07439	-0.122874	0.0	-2.2516700000000003	1.5084	0.746438	0.0	-0.0956581	0.652281	-0.7519170000000001	0.0	0.319101	-0.695421	-0.643867	0.0	-0.942881	-0.301529	-0.141621	0.0	2.82807	1.5979	0.987728	0.0	
0	-0.00693668	0.828033	-0.5606359999999999	0.0	0.140454	0.555899	0.819298	0.0	0.9900629999999999	-0.07306019999999999	-0.120156	0.0	-2.2530099999999997	1.4852100000000001	0.763927	0.0	-0.0617577	0.64169	-0.764473	0.0	0.31990599999999997	-0.712801	-0.62416	0.0	-0.945435	-0.28310599999999997	-0.16126	0.0	2.86968	1.69523	0.9499120000000001	0.0	
0	-0.00819089	0.82357	-0.567156	0.0	0.135441	0.562862	0.8153779999999999	0.0	0.9907520000000001	-0.0701378	-0.116156	0.0	-2.25452	1.4735	0.7728619999999999	0.0	-0.013754399999999998	0.61263	-0.79025	0.0	0.320477	-0.7459319999999999	-0.58385	0.0	-0.947156	-0.261288	-0.186074	0.0	2.8940099999999997	1.77305	0.9294819999999999	0.0	
0	-0.00820799	0.816922	-0.5766899999999999	0.0	0.125845	0.572968	0.809859	0.0	0.992016	-0.065926	-0.10750799999999999	0.0	-2.25135	1.42107	0.771199	0.0	0.080416	0.591866	-0.8020149999999999	0.0	0.244419	-0.791764	-0.559794	0.0	-0.9663299999999999	-0.15101099999999998	-0.20833400000000002	0.0	2.94305	1.89103	0.7811670000000001	0.0	
0	-0.00626427	0.808533	-0.588418	0.0	0.109101	0.5854689999999999	0.80332	0.0	0.9940110000000001	-0.0591649	-0.0918795	0.0	-2.25429	1.37212	0.793795	0.0	0.0803938	0.60835	-0.789586	0.0	0.202281	-0.785625	-0.584702	0.0	-0.976022	-0.11271199999999999	-0.186217	0.0	2.97863	1.90422	0.751501	0.0	
0	-0.014880200000000001	0.7769229999999999	-0.629419	0.0	0.0779574	0.628474	0.773914	0.0	0.9968459999999999	-0.0375519	-0.0699188	0.0	-2.2621900000000004	1.32837	0.7743680000000001	0.0	0.0686773	0.6221180000000001	-0.779906	0.0	0.204172	-0.7739689999999999	-0.599404	0.0	-0.9765229999999999	-0.11807000000000001	-0.180173	0.0	2.9657400000000003	1.87756	0.7728970000000001	0.0	
0	-0.0247905	0.723811	-0.689553	0.0	0.042666	0.6899029999999999	0.722644	0.0	0.998782	-0.0115059	-0.0479851	0.0	-2.2616099999999997	1.26563	0.797904	0.0	0.10372200000000001	0.632275	-0.7677689999999999	0.0	0.252583	-0.763371	-0.594531	0.0	-0.9620000000000001	-0.13226	-0.23888	0.0	2.96318	1.8824599999999998	0.7802319999999999	0.0	
0	-0.0488514	0.6767380000000001	-0.7346010000000001	0.0	0.0111333	0.7358020000000001	0.6771050000000001	0.0	0.9987440000000001	0.0248989	-0.0434794	0.0	-2.2486099999999998	1.25478	0.8259040000000001	0.0	0.142901	0.6112529999999999	-0.7784270000000001	0.0	0.246211	-0.783729	-0.570218	0.0	-0.958624	-0.110172	-0.262493	0.0	2.952	1.9288	0.756695	0.0	
0	-0.12230799999999999	0.587421	-0.799986	0.0	-0.0213275	0.804296	0.593846	0.0	0.9922629999999999	0.0896935	-0.0858433	0.0	-2.23995	1.2705899999999999	0.771378	0.0	0.181396	0.573806	-0.798651	0.0	0.215761	-0.815558	-0.536948	0.0	-0.959449	-0.0749172	-0.271744	0.0	2.95224	1.9900900000000001	0.744314	0.0	
0	-0.200708	0.53318	-0.8218489999999999	0.0	0.00339177	0.8392930000000001	0.543668	0.0	0.9796450000000001	0.106331	-0.170262	0.0	-2.23382	1.31932	0.6994779999999999	0.0	0.225104	0.54277	-0.809153	0.0	0.15046800000000002	-0.8398700000000001	-0.521515	0.0	-0.9626459999999999	-0.00435644	-0.270728	0.0	2.95456	2.05573	0.676057	0.0	
0	-0.21391100000000002	0.504009	-0.8367899999999999	0.0	-0.028216200000000004	0.8530719999999999	0.521029	0.0	0.9764450000000001	0.13506500000000002	-0.168261	0.0	-2.23189	1.30691	0.657636	0.0	0.23153600000000002	0.512968	-0.826592	0.0	0.10933699999999999	-0.8580190000000001	-0.501845	0.0	-0.9666629999999999	0.025818099999999997	-0.254749	0.0	2.94214	2.14253	0.668562	-0.00048828099999999997	
0	-0.18742799999999998	0.5185029999999999	-0.834282	0.0	0.017352700000000002	0.8509479999999999	0.524963	0.0	0.982125	0.0839158	-0.168489	0.0	-2.1861099999999998	1.31641	0.6800069999999999	0.0	0.176518	0.545941	-0.819018	0.0	0.139354	-0.837564	-0.528269	0.0	-0.974383	-0.0208845	-0.22392399999999998	0.0	2.90682	2.17998	0.694217	0.0	
0	-0.18140799999999999	0.5152140000000001	-0.837643	0.0	0.00918037	0.852626	0.5224409999999999	0.0	0.9833649999999999	0.087085	-0.159403	0.0	-2.1501	1.3307799999999999	0.730734	0.0	0.158924	0.5467069999999999	-0.8221040000000001	0.0	0.169819	-0.835413	-0.52273	0.0	-0.972576	-0.0565346	-0.225609	0.0	2.87772	2.1741	0.69576	0.0	
0	-0.187487	0.550126	-0.813763	0.0	0.048712599999999995	0.832641	0.551666	0.0	0.981058	0.0637899	-0.182908	0.0	-2.1862	1.3330000000000002	0.757814	0.0	0.138719	0.528358	-0.8376129999999999	0.0	0.19081700000000001	-0.844202	-0.500912	0.0	-0.971775	-0.09034489999999999	-0.217927	0.0	2.82623	2.12047	0.706208	0.0	
0	-0.182116	0.5771189999999999	-0.796096	0.0	0.06388540000000001	0.814869	0.576114	0.0	0.9812	0.054060300000000006	-0.18527000000000002	0.0	-2.22034	1.22813	0.760981	0.0	0.124524	0.517976	-0.846283	0.0	0.191856	-0.8493950000000001	-0.49165	0.0	-0.973491	-0.101142	-0.205148	0.0	2.7700299999999998	2.0717	0.70275	0.0	
0	-0.19313	0.593047	-0.781662	0.0	0.0700359	0.8029609999999999	0.591903	0.0	0.978671	0.0595693	-0.19660999999999998	0.0	-2.2650099999999997	1.15111	0.7144149999999999	0.15348900000000001	0.11425	0.520519	-0.8461719999999999	0.0	0.203596	-0.845939	-0.492886	0.0	-0.972366	-0.11596500000000001	-0.202624	0.0	2.69802	2.0074400000000003	0.678559	0.0	
0	-0.187631	0.617961	-0.7634920000000001	0.0	0.10605099999999999	0.7854979999999999	0.6097100000000001	0.0	0.976498	0.0334311	-0.212919	0.0	-2.2718	1.11765	0.685153	0.236411	0.0953512	0.537381	-0.837932	0.0	0.201666	-0.8347399999999999	-0.512386	0.0	-0.9748020000000001	-0.120126	-0.18796500000000002	0.0	2.6333900000000003	1.9378	0.663328	0.0	
0	-0.157751	0.6750189999999999	-0.720738	0.0	0.14867	0.737793	0.658452	0.0	0.976223	-0.00328076	-0.21674200000000002	0.0	-2.29465	1.05586	0.656975	0.16904	0.0935752	0.544196	-0.833723	0.0	0.188198	-0.8319690000000001	-0.521928	0.0	-0.977663	-0.10806600000000001	-0.180268	0.0	2.57376	1.91028	0.636093	0.0	
0	-0.138201	0.746211	-0.651207	0.0	0.21244899999999997	0.664547	0.71641	0.0	0.96735	-0.039339099999999995	-0.250373	0.0	-2.34963	0.989489	0.567228	0.176174	0.071077	0.617264	-0.783539	0.0	0.238125	-0.7733140000000001	-0.587607	0.0	-0.9686299999999999	-0.144815	-0.201951	0.0	2.55196	1.8874099999999998	0.6076159999999999	0.211215	
0	-0.0520582	0.8642120000000001	-0.500428	0.0	0.317299	0.489454	0.812254	0.0	0.946896	-0.116501	-0.299694	0.0	-2.4594	0.863483	0.365608	0.183817	-0.00391942	0.6699109999999999	-0.7424310000000001	0.0	0.308526	-0.705407	-0.6381319999999999	0.0	-0.9512079999999999	-0.23156100000000002	-0.203921	0.0	2.47043	1.75135	0.512756	0.28491	
0	0.0910306	0.92801	-0.361263	0.0	0.382793	0.30229	0.872978	0.0	0.9193379999999999	-0.217757	-0.327718	0.0	-2.5453799999999998	0.750084	0.273924	0.20793299999999998	-0.0698763	0.687955	-0.722382	0.0	0.327284	-0.668259	-0.6680689999999999	0.0	-0.9423389999999999	-0.28310599999999997	-0.17846099999999998	0.0	2.43344	1.6227	0.507312	0.301034	
0	0.200472	0.942315	-0.26805300000000004	0.0	0.378769	0.177783	0.9082549999999999	0.0	0.903518	-0.28361	-0.321279	0.0	-2.69101	0.562395	0.148723	0.215317	-0.13126500000000002	0.7082890000000001	-0.693611	0.0	0.347721	-0.622317	-0.701293	0.0	-0.928364	-0.33323800000000003	-0.164598	0.0	2.41132	1.45155	0.44278999999999996	0.309259	
0	0.299762	0.9357190000000001	-0.185936	0.0	0.363738	0.06807780000000001	0.92901	0.0	0.881951	-0.346114	-0.31995	0.0	-2.79216	0.418137	0.07256119999999999	0.218998	-0.216432	0.71648	-0.663185	0.0	0.36225300000000005	-0.571859	-0.7360369999999999	0.0	-0.9066040000000001	-0.399542	-0.135778	0.0	2.3906099999999997	1.2581799999999999	0.42197799999999996	0.315431	
0	0.367583	0.9199719999999999	-0.136141	0.0	0.347472	-7.27028e-05	0.9376899999999999	0.0	0.8626389999999999	-0.391984	-0.319691	0.0	-2.87909	0.265226	-0.0007690510000000001	0.228394	-0.265979	0.7181270000000001	-0.6430779999999999	0.0	0.365014	-0.542406	-0.756677	0.0	-0.8922	-0.435993	-0.11785799999999999	0.0	2.37918	1.1175700000000002	0.403752	0.324178	
0	0.430381	0.8956040000000001	-0.112541	0.0	0.32305900000000004	-0.0364123	0.945678	0.0	0.8428549999999999	-0.443359	-0.305005	0.0	-2.9386099999999997	0.07247630000000001	-0.0235475	0.240941	-0.306671	0.709132	-0.63489	0.0	0.365179	-0.528324	-0.766497	0.0	-0.878975	-0.46691099999999996	-0.09693869999999999	0.0	2.3588400000000003	0.9830180000000001	0.414904	0.327944	
0	0.430304	0.8962870000000001	-0.10727300000000001	0.0	0.311886	-0.0361016	0.949434	0.0	0.847093	-0.44200200000000006	-0.295074	0.0	-2.94414	-0.0485356	-0.0987247	0.24510700000000002	-0.306212	0.708852	-0.635424	0.0	0.36075	-0.5312979999999999	-0.7665390000000001	0.0	-0.8809620000000001	-0.46395200000000003	-0.09302830000000001	0.0	2.33871	0.9593440000000001	0.391139	0.327336	
0	0.37904899999999997	0.9136850000000001	-0.146634	0.0	0.300425	0.0283711	0.953383	0.0	0.875252	-0.405431	-0.26374000000000003	0.0	-2.90367	-0.0428626	-0.127406	0.24618400000000001	-0.2861	0.708739	-0.644854	0.0	0.358741	-0.544813	-0.757948	0.0	-0.888511	-0.448184	-0.0983831	0.0	2.33403	1.00345	0.311657	0.326465	
0	0.29336799999999996	0.933184	-0.207612	0.0	0.288559	0.120602	0.949836	0.0	0.9114110000000001	-0.33855999999999997	-0.233898	0.0	-2.8167299999999997	0.0246101	-0.204784	0.24705500000000002	-0.258392	0.711765	-0.653165	0.0	0.34980300000000003	-0.561307	-0.7500479999999999	0.0	-0.9004840000000001	-0.422285	-0.10394	0.0	2.3236	1.04035	0.24176799999999998	0.325334	
0	0.20133399999999999	0.93681	-0.286096	0.0	0.274882	0.226304	0.934466	0.0	0.940162	-0.266783	-0.21195	0.0	-2.75814	0.08274069999999999	-0.280472	0.248925	-0.22119	0.7072430000000001	-0.671478	0.0	0.321342	-0.597225	-0.734889	0.0	-0.920768	-0.378324	-0.0951669	0.0	2.26993	1.0575299999999999	0.14486500000000002	0.32576900000000003	
0	0.156014	0.930594	-0.33114	0.0	0.260496	0.284613	0.9225709999999999	0.0	0.952786	-0.23019499999999998	-0.19801300000000002	0.0	-2.74916	0.102591	-0.35681799999999997	0.25922399999999995	-0.19702999999999998	0.704498	-0.681808	0.0	0.298668	-0.6192529999999999	-0.72617	0.0	-0.933797	-0.34671199999999996	-0.0883997	0.0	2.24364	1.0702399999999999	0.108866	0.326073	
0	-0.0299658	0.8633149999999999	-0.503775	0.0	0.20810399999999998	0.498346	0.8416319999999999	0.0	0.977648	-0.07961739999999999	-0.19459200000000001	0.0	-2.7454	0.168184	-0.584248	0.28203	-0.157978	0.694674	-0.701763	0.0	0.255679	-0.657673	-0.7085859999999999	0.0	-0.953767	-0.291367	-0.0737156	0.0	2.19778	1.07441	-0.019186900000000003	0.324959	
0	-0.11303699999999998	0.82083	-0.559875	0.0	0.189147	0.570959	0.798892	0.0	0.9754209999999999	-0.015594299999999998	-0.219797	0.0	-2.74016	0.249052	-0.707751	0.294501	-0.121197	0.6774859999999999	-0.725482	0.0	0.211525	-0.6964560000000001	-0.685716	0.0	-0.969829	-0.236564	-0.0588971	0.0	2.1840900000000003	1.1237	-0.10141499999999999	0.32566100000000003	
0	-0.189497	0.758119	-0.623977	0.0	0.141501	0.649943	0.746694	0.0	0.9716319999999999	0.0532025	-0.230437	0.0	-2.7498099999999996	0.361637	-0.9009879999999999	0.32576900000000003	-0.06359169999999999	0.651435	-0.756034	0.0	0.147242	-0.743153	-0.652721	0.0	-0.9870540000000001	-0.152828	-0.048660400000000006	0.0	2.18613	1.20678	-0.218525	0.325369	
0	-0.24435	0.7054229999999999	-0.665335	0.0	0.09390230000000001	0.7001229999999999	0.707821	0.0	0.9651299999999999	0.110479	-0.237316	0.0	-2.8187599999999997	0.475314	-1.07368	0.326194	0.012948900000000001	0.61505	-0.7883819999999999	0.0	0.0735572	-0.786898	-0.612684	0.0	-0.997207	-0.0500575	-0.055431100000000004	0.0	2.17299	1.36121	-0.346478	0.325979	
0	-0.28577600000000003	0.6881659999999999	-0.6669039999999999	0.0	0.079821	0.710601	0.6990529999999999	0.0	0.954967	0.146539	-0.25800300000000004	0.0	-2.84987	0.635972	-1.18865	0.325933	0.0576976	0.585633	-0.80852	0.0	0.025000599999999998	-0.810463	-0.585256	0.0	-0.9980209999999999	0.013554399999999998	-0.061403	0.0	2.16208	1.47538	-0.47698100000000004	0.324152	
0	-0.334254	0.662718	-0.670134	0.0	0.0532394	0.723171	0.6886140000000001	0.0	0.9409790000000001	0.194494	-0.277005	0.0	-2.84004	0.840648	-1.2947799999999998	0.322875	0.0707465	0.587902	-0.805833	0.0	0.0166463	-0.808441	-0.5883430000000001	0.0	-0.9973559999999999	0.028209199999999997	-0.066981	0.0	2.12471	1.5377100000000001	-0.560283	0.324027	
0	-0.366087	0.646282	-0.669551	0.0	0.028777299999999995	0.727017	0.686016	0.0	0.930135	0.23187399999999997	-0.28475	0.0	-2.82458	1.0256399999999999	-1.40184	0.305685	0.0690667	0.588507	-0.805537	0.0	0.00381264	-0.807615	-0.5896979999999999	0.0	-0.997605	0.037657300000000005	-0.0580232	0.0	2.03684	1.5508	-0.61624	0.323677	
0	-0.366313	0.6546569999999999	-0.661241	0.0	0.0300042	0.718577	0.6948	0.0	0.930008	0.23467399999999997	-0.282867	0.0	-2.82448	1.06776	-1.46633	0.297182	0.06096939999999999	0.576857	-0.814567	0.0	-0.0158069	-0.815425	-0.5786479999999999	0.0	-0.998015	0.048155699999999996	-0.0405978	0.0	1.99436	1.54162	-0.617946	0.322868	
0	-0.363693	0.65679	-0.660572	0.0	0.0388866	0.719221	0.693693	0.0	0.930707	0.226604	-0.287116	0.0	-2.79025	1.01289	-1.53637	0.299594	0.0335718	0.576228	-0.816599	0.0	-0.0410756	-0.815574	-0.577194	0.0	-0.998592	0.052919799999999996	-0.00371155	0.0	1.96217	1.5200200000000001	-0.55934	0.322709	
0	-0.35429499999999997	0.658737	-0.663732	0.0	0.039516	0.719685	0.693175	0.0	0.934298	0.219361	-0.281012	0.0	-2.7111400000000003	0.932629	-1.56568	0.301105	-0.0150326	0.59763	-0.8016310000000001	0.0	-0.0303764	-0.801625	-0.597055	0.0	-0.999426	0.0153754	0.030204200000000004	0.0	1.92891	1.41086	-0.49694499999999997	0.323725	
0	-0.338217	0.66555	-0.665321	0.0	0.046775	0.718001	0.694469	0.0	0.9399049999999999	0.203761	-0.273972	0.0	-2.6928	0.759092	-1.62039	0.301979	-0.054646400000000005	0.5997899999999999	-0.798289	0.0	-0.010013	-0.799773	-0.600219	0.0	-0.9984559999999999	-0.0248065	0.0497103	0.0	1.91605	1.12984	-0.47397100000000003	0.32447600000000004	
0	-0.318178	0.666846	-0.673855	0.0	0.0532283	0.722238	0.689593	0.0	0.946536	0.183545	-0.265295	0.0	-2.70807	0.63071	-1.63401	0.30359	-0.07083930000000001	0.598598	-0.7979109999999999	0.0	0.00875562	-0.799517	-0.60058	0.0	-0.997449	-0.04953080000000001	0.0513961	0.0	1.94038	0.901942	-0.523017	0.324455	
0	-0.29683400000000004	0.664375	-0.6859270000000001	0.0	0.0606459	0.729967	0.680787	0.0	0.953002	0.16048199999999999	-0.25697	0.0	-2.72967	0.509188	-1.67838	0.306189	-0.08097889999999999	0.605034	-0.792071	0.0	0.0366569	-0.7923359999999999	-0.608984	0.0	-0.996042	-0.0783496	0.0419836	0.0	1.9522400000000002	0.721769	-0.629217	0.325361	
0	-0.280264	0.665975	-0.6913239999999999	0.0	0.0690735	0.7323109999999999	0.677458	0.0	0.957434	0.14211500000000002	-0.251242	0.0	-2.74495	0.43023500000000003	-1.66265	0.309148	-0.0808454	0.612992	-0.785942	0.0	0.061244900000000005	-0.783978	-0.6177600000000001	0.0	-0.994843	-0.0980779	0.025838200000000002	0.0	1.96312	0.627319	-0.7326050000000001	0.325751	
0	-0.272897	0.668088	-0.692232	0.0	0.0730761	0.7318600000000001	0.677525	0.0	0.9592639999999999	0.13430899999999998	-0.24854400000000001	0.0	-2.75143	0.391237	-1.6549900000000002	0.309548	-0.0678545	0.6125	-0.787553	0.0	0.07117739999999999	-0.784389	-0.616172	0.0	-0.9951530000000001	-0.0978659	0.00962806	0.0	1.9713200000000002	0.6060409999999999	-0.803345	0.325432	
0	-0.24931199999999998	0.655235	-0.7130989999999999	0.0	0.0612471	0.745545	0.6636350000000001	0.0	0.966485	0.121777	-0.226005	0.0	-2.77029	0.332478	-1.65127	0.309842	-0.061765099999999996	0.626264	-0.7771600000000001	0.0	0.108672	-0.769798	-0.6289680000000001	0.0	-0.992157	-0.123304	-0.020510900000000002	0.0	1.97105	0.606991	-0.918588	0.325828	
0	-0.233302	0.63045	-0.7403390000000001	0.0	0.038975699999999995	0.7668	0.6407010000000001	0.0	0.9716229999999999	0.12062200000000001	-0.203468	0.0	-2.84822	0.310055	-1.6156700000000002	0.311423	-0.07386269999999999	0.646886	-0.759001	0.0	0.13046	-0.748272	-0.650438	0.0	-0.988698	-0.147063	-0.0291238	0.0	1.9850700000000001	0.519516	-1.03585	0.32579400000000003	
0	-0.227446	0.627326	-0.7448020000000001	0.0	0.0332466	0.769405	0.637895	0.0	0.973223	0.120324	-0.195854	0.0	-2.8826	0.308108	-1.6021299999999998	0.314318	-0.0752336	0.651594	-0.7548279999999999	0.0	0.138146	-0.742863	-0.655035	0.0	-0.98755	-0.153557	-0.0341269	0.0	1.99535	0.47584499999999996	-1.08604	0.325596	
0	-0.22505799999999998	0.6378159999999999	-0.7365729999999999	0.0	0.0375993	0.761089	0.6475569999999999	0.0	0.97362	0.11804300000000001	-0.195271	0.0	-2.9475	0.305954	-1.58657	0.31273	-0.0811667	0.6544939999999999	-0.751698	0.0	0.158273	-0.736153	-0.658049	0.0	-0.9840540000000001	-0.17238499999999998	-0.0438378	0.0	2.03572	0.315483	-1.2134	0.32598499999999997	
0	-0.222027	0.651763	-0.725196	0.0	0.0435108	0.749642	0.660412	0.0	0.9740690000000001	0.115075	-0.194799	0.0	-2.97379	0.25850100000000004	-1.6194	0.311056	-0.0843189	0.659479	-0.746979	0.0	0.172655	-0.72864	-0.662778	0.0	-0.981367	-0.184854	-0.05242430000000001	0.0	2.0791	0.21456799999999998	-1.30156	0.32607600000000003	
0	-0.20013399999999998	0.661353	-0.7228829999999999	0.0	0.056421400000000003	0.7443649999999999	0.6653859999999999	0.0	0.978143	0.0923802	-0.18628699999999998	0.0	-2.99432	0.17869300000000002	-1.61735	0.309295	-0.0909913	0.664403	-0.741815	0.0	0.185302	-0.7206	-0.668131	0.0	-0.97846	-0.19825399999999999	-0.0575475	0.0	2.11551	0.151778	-1.35895	0.327176	
0	-0.163852	0.6813600000000001	-0.7133729999999999	0.0	0.08381489999999998	0.730147	0.67813	0.0	0.9829180000000001	0.0513217	-0.176744	0.0	-2.99802	0.036714699999999996	-1.5867	0.30611	-0.10236100000000001	0.6695270000000001	-0.735701	0.0	0.20325	-0.709907	-0.674331	0.0	-0.9737620000000001	-0.21855700000000003	-0.0634149	0.0	2.14317	0.08186660000000001	-1.35471	0.326918	
0	-0.14507799999999998	0.696129	-0.703106	0.0	0.0989178	0.717268	0.6897399999999999	0.0	0.9844629999999999	0.030516200000000004	-0.17291900000000002	0.0	-3.00561	-0.0503562	-1.57194	0.30685	-0.105807	0.674128	-0.730997	0.0	0.210696	-0.703234	-0.679021	0.0	-0.971809	-0.225863	-0.0676297	0.0	2.1581799999999998	0.0519901	-1.35006	0.326968	
0	-0.09241669999999999	0.731982	-0.675027	0.0	0.143309	0.6806479999999999	0.718458	0.0	0.9853540000000001	-0.030339799999999997	-0.167803	0.0	-2.9830400000000004	-0.288599	-1.6764400000000002	0.30641	-0.114027	0.6873229999999999	-0.717346	0.0	0.226884	-0.684958	-0.692355	0.0	-0.967224	-0.24170100000000003	-0.077839	0.0	2.19513	-0.018518400000000004	-1.38161	0.32919	
0	-0.0881601	0.74345	-0.662956	0.0	0.147647	0.667948	0.729414	0.0	0.9851030000000001	-0.033578199999999996	-0.168655	0.0	-2.98906	-0.38214899999999996	-1.7168	0.305369	-0.11943800000000002	0.691422	-0.7125100000000001	0.0	0.236008	-0.677305	-0.69682	0.0	-0.964383	-0.25138499999999997	-0.08228510000000001	0.0	2.20832	-0.0462418	-1.3748200000000002	0.329795	
0	-0.0615015	0.7651939999999999	-0.6408560000000001	0.0	0.16781300000000002	0.640858	0.749092	0.0	0.983899	-0.061473900000000005	-0.167824	0.0	-2.94867	-0.545251	-1.7799900000000002	0.3039	-0.127282	0.70213	-0.700581	0.0	0.248991	-0.66109	-0.707788	0.0	-0.9601059999999999	-0.264527	-0.0906791	0.0	2.26958	-0.10581600000000001	-1.39943	0.339279	
0	-0.05442280000000001	0.773345	-0.631645	0.0	0.168956	0.6305930000000001	0.7575	0.0	0.9841200000000001	-0.0654951	-0.16498	0.0	-2.94912	-0.5952569999999999	-1.8136900000000002	0.299168	-0.129492	0.704799	-0.697489	0.0	0.25099499999999997	-0.657205	-0.710692	0.0	-0.9592879999999999	-0.26709499999999997	-0.09179839999999999	0.0	2.2885299999999997	-0.127111	-1.38971	0.339395	
0	-0.0388511	0.7800520000000001	-0.6245069999999999	0.0	0.177085	0.6204609999999999	0.7639819999999999	0.0	0.9834280000000001	-0.08090939999999999	-0.162241	0.0	-2.967	-0.701504	-1.89647	0.297856	-0.130017	0.708856	-0.693267	0.0	0.254385	-0.65195	-0.714317	0.0	-0.9583229999999999	-0.26923	-0.0955573	0.0	2.3376200000000003	-0.169049	-1.4715799999999999	0.339408	
0	-0.0335079	0.776361	-0.629397	0.0	0.17795999999999998	0.624322	0.760626	0.0	0.983467	-0.0865204	-0.159081	0.0	-2.98552	-0.737133	-1.9212599999999997	0.297928	-0.12593800000000002	0.7120350000000001	-0.690758	0.0	0.254148	-0.649907	-0.716262	0.0	-0.958931	-0.265759	-0.09911410000000001	0.0	2.36395	-0.208796	-1.51851	0.340447	
0	-0.0320556	0.774999	-0.631149	0.0	0.18124200000000001	0.625512	0.758871	0.0	0.982916	-0.09006510000000001	-0.16051400000000002	0.0	-3.0132	-0.747863	-1.9224400000000001	0.2989	-0.12236500000000002	0.7132	-0.690198	0.0	0.24735300000000002	-0.651565	-0.717133	0.0	-0.961168	-0.258474	-0.09668339999999999	0.0	2.36984	-0.233425	-1.5882	0.342727	
0	-0.031217500000000002	0.7738430000000001	-0.632608	0.0	0.18254	0.626686	0.757591	0.0	0.9827030000000001	-0.0918258	-0.16082	0.0	-3.05372	-0.747065	-1.9280099999999998	0.30121	-0.122919	0.715441	-0.687775	0.0	0.243184	-0.650188	-0.719804	0.0	-0.96216	-0.255734	-0.09406289999999999	0.0	2.3717	-0.24193800000000001	-1.6133899999999999	0.34762600000000005	
0	-0.0290611	0.769099	-0.638468	0.0	0.180081	0.632315	0.753491	0.0	0.9832219999999999	-0.09307889999999999	-0.156876	0.0	-3.05839	-0.751326	-1.9215400000000002	0.301836	-0.125443	0.715433	-0.6873279999999999	0.0	0.242396	-0.649702	-0.720508	0.0	-0.9620340000000001	-0.256988	-0.0919178	0.0	2.37245	-0.251281	-1.5992899999999999	0.34939000000000003	
0	-0.026376499999999997	0.7655390000000001	-0.642848	0.0	0.17740999999999998	0.6364489999999999	0.7506390000000001	0.0	0.983784	-0.0942484	-0.152601	0.0	-3.06308	-0.7706890000000001	-1.87715	0.301608	-0.128398	0.711501	-0.690855	0.0	0.241231	-0.653291	-0.717648	0.0	-0.961937	-0.2588	-0.0877552	0.0	2.3867599999999998	-0.28467600000000004	-1.5419399999999999	0.349184	
0	-0.0251227	0.764803	-0.643775	0.0	0.176568	0.6372479999999999	0.750159	0.0	0.9839680000000001	-0.09482389999999999	-0.151049	0.0	-3.06186	-0.773015	-1.8741700000000001	0.301665	-0.12826300000000002	0.711208	-0.691182	0.0	0.241261	-0.653625	-0.717334	0.0	-0.9619469999999999	-0.258762	-0.0877513	0.0	2.39154	-0.293673	-1.5369700000000002	0.349409	
0	-0.0251014	0.76388	-0.6448699999999999	0.0	0.177358	0.638243	0.7491260000000001	0.0	0.983826	-0.0955688	-0.151501	0.0	-3.06713	-0.773275	-1.8771400000000003	0.302317	-0.127589	0.709812	-0.6927399999999999	0.0	0.24153899999999998	-0.655183	-0.715817	0.0	-0.961967	-0.258654	-0.08785269999999999	0.0	2.40462	-0.299994	-1.53659	0.349342	
0	-0.0211925	0.761092	-0.6482979999999999	0.0	0.17587	0.641169	0.746975	0.0	0.9841850000000001	-0.09818610000000001	-0.14744200000000002	0.0	-3.07135	-0.776967	-1.87432	0.302017	-0.12692	0.708163	-0.6945479999999999	0.0	0.23923699999999998	-0.6576850000000001	-0.714295	0.0	-0.9626299999999999	-0.25682	-0.08594539999999999	0.0	2.41472	-0.31301799999999996	-1.51715	0.349548	
0	-0.020728599999999996	0.762031	-0.647209	0.0	0.177309	0.639889	0.747733	0.0	0.9839370000000001	-0.0992562	-0.14837899999999998	0.0	-3.0703400000000003	-0.775551	-1.8842900000000002	0.301931	-0.127703	0.707429	-0.695152	0.0	0.238222	-0.6584949999999999	-0.713888	0.0	-0.962778	-0.256766	-0.0844336	0.0	2.42164	-0.317361	-1.51516	0.349618	
0	-0.0209462	0.7625029999999999	-0.646646	0.0	0.17861300000000002	0.6392359999999999	0.74798	0.0	0.9836959999999999	-0.0998324	-0.149583	0.0	-3.07899	-0.7755850000000001	-1.8914400000000002	0.301469	-0.127436	0.706671	-0.695971	0.0	0.238252	-0.659337	-0.7130989999999999	0.0	-0.9628059999999999	-0.256691	-0.0843425	0.0	2.43017	-0.316411	-1.5501	0.349551	
0	-0.0207879	0.762026	-0.647213	0.0	0.17911300000000002	0.6397189999999999	0.747448	0.0	0.9836090000000001	-0.100386	-0.14978699999999998	0.0	-3.07895	-0.775266	-1.89304	0.300194	-0.128045	0.705465	-0.697082	0.0	0.23879099999999998	-0.660261	-0.712064	0.0	-0.962592	-0.257633	-0.0839157	0.0	2.4336	-0.315178	-1.55905	0.349425	
0	-0.021428400000000004	0.754596	-0.65584	0.0	0.188473	0.647278	0.738586	0.0	0.9818450000000001	-0.10778099999999999	-0.156091	0.0	-3.08062	-0.771352	-1.8924400000000001	0.283159	-0.13055799999999998	0.702435	-0.6996720000000001	0.0	0.241959	-0.661799	-0.709562	0.0	-0.961463	-0.26193099999999997	-0.0835577	0.0	2.42968	-0.315719	-1.54887	0.349093	
0	-0.0215097	0.753596	-0.656986	0.0	0.188691	0.648388	0.737556	0.0	0.981801	-0.10810299999999999	-0.156143	0.0	-3.07931	-0.7694850000000001	-1.89865	0.277754	-0.130608	0.702491	-0.6996060000000001	0.0	0.242069	-0.661698	-0.7096180000000001	0.0	-0.9614280000000001	-0.262035	-0.083628	0.0	2.4312099999999996	-0.315696	-1.54817	0.349105	
0	-0.0215072	0.7535390000000001	-0.6570520000000001	0.0	0.188684	0.648453	0.7375010000000001	0.0	0.9818020000000001	-0.10811400000000002	-0.156127	0.0	-3.07957	-0.769724	-1.8980400000000002	0.277592	-0.130609	0.702492	-0.699604	0.0	0.24206799999999998	-0.661697	-0.70962	0.0	-0.9614280000000001	-0.262035	-0.0836275	0.0	2.43108	-0.315718	-1.54827	0.34910599999999997	
0	-0.0215072	0.7535390000000001	-0.6570520000000001	0.0	0.188684	0.648452	0.7375010000000001	0.0	0.9818020000000001	-0.10811400000000002	-0.156128	0.0	-3.07957	-0.769724	-1.8980400000000002	0.277592	-0.130609	0.702492	-0.699604	0.0	0.24206799999999998	-0.661697	-0.70962	0.0	-0.9614280000000001	-0.262035	-0.0836275	0.0	2.43108	-0.315718	-1.54827	0.34910599999999997	
0	-0.0215072	0.7535390000000001	-0.6570520000000001	0.0	0.188684	0.648452	0.7375010000000001	0.0	0.9818020000000001	-0.10811400000000002	-0.156128	0.0	-3.07957	-0.769724	-1.8980400000000002	0.277591	-0.130609	0.702492	-0.699604	0.0	0.24206799999999998	-0.661697	-0.70962	0.0	-0.9614280000000001	-0.262035	-0.0836275	0.0	2.43108	-0.315717	-1.54827	0.34910599999999997	
0	-0.0215072	0.7535390000000001	-0.6570520000000001	0.0	0.188684	0.648452	0.7375010000000001	0.0	0.9818020000000001	-0.10811400000000002	-0.156128	0.0	-3.07957	-0.769724	-1.8980400000000002	0.277591	-0.130609	0.702492	-0.699604	0.0	0.24206799999999998	-0.661697	-0.70962	0.0	-0.9614280000000001	-0.262035	-0.0836275	0.0	2.43108	-0.315718	-1.54827	0.34910599999999997	
0	-0.021507	0.7535390000000001	-0.657051	0.0	0.188684	0.648452	0.7375010000000001	0.0	0.9818020000000001	-0.10811400000000002	-0.156127	0.0	-3.07957	-0.769724	-1.8980400000000002	0.277592	-0.130609	0.702492	-0.699604	0.0	0.24206799999999998	-0.661697	-0.70962	0.0	-0.9614280000000001	-0.262035	-0.0836273	0.0	2.43108	-0.315717	-1.54827	0.34910599999999997	
0	-0.021507	0.7535390000000001	-0.657051	0.0	0.188684	0.648452	0.7375010000000001	0.0	0.9818020000000001	-0.10811400000000002	-0.156127	0.0	-3.07957	-0.769724	-1.8980400000000002	0.277591	-0.130609	0.702492	-0.699604	0.0	0.24206799999999998	-0.661697	-0.70962	0.0	-0.9614280000000001	-0.262035	-0.0836275	0.0	2.43108	-0.315718	-1.54827	0.349105	
0	-0.0215072	0.7535390000000001	-0.6570520000000001	0.0	0.188684	0.648452	0.7375010000000001	0.0	0.9818020000000001	-0.10811400000000002	-0.156128	0.0	-3.07957	-0.769724	-1.8980400000000002	0.277592	-0.130609	0.702492	-0.699604	0.0	0.24206799999999998	-0.661697	-0.70962	0.0	-0.9614280000000001	-0.262035	-0.0836275	0.0	2.43108	-0.315718	-1.54827	0.34910599999999997	
0	-0.0215072	0.7535390000000001	-0.6570520000000001	0.0	0.188684	0.648452	0.7375010000000001	0.0	0.9818020000000001	-0.10811400000000002	-0.156128	0.0	-3.07957	-0.769724	-1.8980400000000002	0.277592	-0.130609	0.702492	-0.699604	0.0	0.24206799999999998	-0.661697	-0.70962	0.0	-0.9614280000000001	-0.262035	-0.0836275	0.0	2.43108	-0.315718	-1.54827	0.34910599999999997	
0	-0.0215072	0.7535390000000001	-0.6570520000000001	0.0	0.188684	0.648452	0.7375010000000001	0.0	0.9818020000000001	-0.10811400000000002	-0.156128	0.0	-3.07957	-0.769724	-1.8980400000000002	0.277592	-0.130609	0.702492	-0.699604	0.0	0.24206799999999998	-0.661697	-0.70962	0.0	-0.9614280000000001	-0.262035	-0.0836275	0.0	2.43108	-0.315718	-1.54827	0.349105	
0	-0.021507	0.7535390000000001	-0.657051	0.0	0.188684	0.648452	0.7375010000000001	0.0	0.9818020000000001	-0.10811400000000002	-0.156127	0.0	-3.07957	-0.769724	-1.8980400000000002	0.277591	-0.130609	0.702492	-0.699604	0.0	0.24206799999999998	-0.661697	-0.70962	0.0	-0.9614280000000001	-0.262035	-0.0836275	0.0	2.43108	-0.315718	-1.54827	0.349105	
0	-0.0215071	0.7535390000000001	-0.6570520000000001	0.0	0.188684	0.648453	0.7375010000000001	0.0	0.9818020000000001	-0.10811400000000002	-0.156127	0.0	-3.07957	-0.769724	-1.8980400000000002	0.277591	-0.130609	0.702492	-0.699604	0.0	0.24206799999999998	-0.661697	-0.70962	0.0	-0.9614280000000001	-0.262035	-0.0836275	0.0	2.43108	-0.315718	-1.54827	0.34910599999999997	
0	-0.021507	0.7535390000000001	-0.6570520000000001	0.0	0.188684	0.648452	0.7375010000000001	0.0	0.9818020000000001	-0.10811400000000002	-0.156127	0.0	-3.07957	-0.769724	-1.8980400000000002	0.277591	-0.130609	0.702492	-0.699604	0.0	0.24206799999999998	-0.661697	-0.70962	0.0	-0.9614280000000001	-0.262035	-0.0836275	0.0	2.43108	-0.315718	-1.54827	0.34910599999999997	
0	-0.0215072	0.7535390000000001	-0.6570520000000001	0.0	0.188684	0.648452	0.7375010000000001	0.0	0.9818020000000001	-0.10811400000000002	-0.156128	0.0	-3.07957	-0.769724	-1.8980400000000002	0.277592	-0.130609	0.702492	-0.699604	0.0	0.24206799999999998	-0.661697	-0.70962	0.0	-0.9614280000000001	-0.262035	-0.0836275	0.0	2.43108	-0.315718	-1.54827	0.34910599999999997	
0	-0.021507	0.7535390000000001	-0.657051	0.0	0.188684	0.648452	0.7375010000000001	0.0	0.9818020000000001	-0.10811400000000002	-0.156127	0.0	-3.07957	-0.7697229999999999	-1.8980400000000002	0.277592	-0.130609	0.702492	-0.699604	0.0	0.24206799999999998	-0.661697	-0.70962	0.0	-0.9614280000000001	-0.262035	-0.0836275	0.0	2.43108	-0.315718	-1.54827	0.349105	
0	-0.021507	0.7535390000000001	-0.6570520000000001	0.0	0.188684	0.648452	0.7375010000000001	0.0	0.9818020000000001	-0.10811400000000002	-0.156127	0.0	-3.07957	-0.769724	-1.8980400000000002	0.277591	-0.130609	0.702492	-0.699604	0.0	0.24206799999999998	-0.661697	-0.70962	0.0	-0.9614280000000001	-0.262035	-0.0836275	0.0	2.43108	-0.315718	-1.54827	0.34910599999999997	
0	-0.021507	0.7535390000000001	-0.657051	0.0	0.188684	0.648452	0.7375010000000001	0.0	0.9818020000000001	-0.10811400000000002	-0.156127	0.0	-3.07957	-0.769724	-1.8980400000000002	0.277592	-0.130609	0.702492	-0.699604	0.0	0.24206799999999998	-0.661697	-0.70962	0.0	-0.9614280000000001	-0.262035	-0.0836275	0.0	2.43108	-0.315718	-1.54827	0.34910599999999997	
0	-0.021507	0.7535390000000001	-0.657051	0.0	0.188684	0.648452	0.7375010000000001	0.0	0.9818020000000001	-0.10811400000000002	-0.156127	0.0	-3.07957	-0.769724	-1.8980400000000002	0.277592	-0.130609	0.702492	-0.699604	0.0	0.24206799999999998	-0.661697	-0.70962	0.0	-0.9614280000000001	-0.262035	-0.0836273	0.0	2.43108	-0.315717	-1.54827	0.34910599999999997	
0	-0.0215071	0.7535390000000001	-0.6570520000000001	0.0	0.188684	0.648452	0.7375010000000001	0.0	0.9818020000000001	-0.10811400000000002	-0.156127	0.0	-3.07957	-0.769724	-1.8980400000000002	0.277592	-0.130609	0.702492	-0.699604	0.0	0.24206799999999998	-0.661697	-0.70962	0.0	-0.9614280000000001	-0.262035	-0.0836273	0.0	2.43108	-0.315718	-1.54827	0.34910599999999997	
0	-0.021507	0.7535390000000001	-0.6570520000000001	0.0	0.188684	0.648452	0.7375010000000001	0.0	0.9818020000000001	-0.10811400000000002	-0.156127	0.0	-3.07957	-0.769724	-1.8980400000000002	0.277591	-0.130609	0.702492	-0.699604	0.0	0.24206799999999998	-0.661697	-0.70962	0.0	-0.9614280000000001	-0.262035	-0.0836273	0.0	2.43108	-0.315718	-1.54827	0.34910599999999997	
0	-0.021507	0.7535390000000001	-0.6570520000000001	0.0	0.188684	0.648452	0.7375010000000001	0.0	0.9818020000000001	-0.10811400000000002	-0.156127	0.0	-3.07957	-0.769724	-1.8980400000000002	0.277591	-0.130609	0.702492	-0.699604	0.0	0.24206799999999998	-0.661697	-0.70962	0.0	-0.9614280000000001	-0.262035	-0.0836275	0.0	2.43108	-0.315718	-1.54827	0.34910599999999997	
0	-0.021507	0.7535390000000001	-0.6570520000000001	0.0	0.188684	0.648452	0.7375010000000001	0.0	0.9818020000000001	-0.10811400000000002	-0.156127	0.0	-3.07957	-0.769724	-1.8980400000000002	0.277591	-0.130609	0.702492	-0.699604	0.0	0.24206799999999998	-0.661697	-0.70962	0.0	-0.9614280000000001	-0.262035	-0.0836275	0.0	2.43108	-0.315718	-1.5482799999999999	0.34910599999999997	
0	-0.021507	0.7535390000000001	-0.6570520000000001	0.0	0.188684	0.648453	0.7375010000000001	0.0	0.9818020000000001	-0.10811400000000002	-0.156127	0.0	-3.07957	-0.7697229999999999	-1.8980400000000002	0.277591	-0.130609	0.702492	-0.699604	0.0	0.24206799999999998	-0.661697	-0.70962	0.0	-0.9614280000000001	-0.262035	-0.0836275	0.0	2.43108	-0.315718	-1.54827	0.349105	
0	-0.0215071	0.7535390000000001	-0.6570520000000001	0.0	0.188684	0.648452	0.7375010000000001	0.0	0.9818020000000001	-0.10811400000000002	-0.156127	0.0	-3.07957	-0.769724	-1.8980400000000002	0.277592	-0.130609	0.702492	-0.699604	0.0	0.24206799999999998	-0.661697	-0.70962	0.0	-0.9614280000000001	-0.262035	-0.0836275	0.0	2.43108	-0.315718	-1.54827	0.34910599999999997	
