0	0.593132	0.516197	-0.617846	0.0	0.685917	0.0778307	0.7235060000000001	0.0	0.421559	-0.8529260000000001	-0.307904	0.0	-2.73968	2.0	1.46191	0.0	-0.464203	0.577386	-0.67167	0.0	0.589982	-0.364044	-0.720689	0.0	-0.660634	-0.73082	-0.171657	0.0	2.63741	2.0089599999999996	1.52631	2.83569e-05	
0	0.593133	0.516197	-0.617847	0.0	0.68585	0.077966	0.7235550000000001	0.0	0.42166800000000004	-0.852914	-0.30779	0.0	-2.73968	2.0	1.46191	0.0	-0.263891	0.49682299999999996	-0.826758	0.0	-0.00864117	-0.858325	-0.513034	0.0	-0.964514	-0.12824100000000002	0.23079699999999997	0.0	2.65195	2.24365	1.41123	0.0	
0	0.593133	0.516197	-0.617846	0.0	0.6857880000000001	0.07809189999999999	0.7236	0.0	0.42176899999999995	-0.852902	-0.307683	0.0	-2.73968	2.0	1.46191	0.0	-0.272784	0.48571400000000003	-0.830464	0.0	0.0101682	-0.8616969999999999	-0.507321	0.0	-0.9620209999999999	-0.146834	0.23011900000000002	0.0	2.67686	2.46683	1.24861	0.0	
0	0.593133	0.516197	-0.617846	0.0	0.685728	0.0782115	0.723643	0.0	0.421865	-0.852891	-0.307581	0.0	-2.73968	2.0	1.46191	0.0	-0.272027	0.473141	-0.837938	0.0	0.0200417	-0.867801	-0.49650900000000003	0.0	-0.962081	-0.151857	0.226582	0.0	2.68887	2.6390700000000002	1.07692	0.0	
0	0.593133	0.516197	-0.617846	0.0	0.685668	0.0783334	0.723687	0.0	0.42196300000000003	-0.85288	-0.30747800000000003	0.0	-2.73968	2.0	1.46191	0.0	-0.270955	0.480187	-0.834269	0.0	0.0317478	-0.8617600000000001	-0.506321	0.0	-0.962068	-0.163677	0.218254	0.0	2.70453	2.79724	0.905863	0.012410299999999999	
0	0.593132	0.516197	-0.617846	0.0	0.685616	0.07843910000000001	0.723725	0.0	0.422048	-0.8528700000000001	-0.307388	0.0	-2.7396700000000003	2.0	1.46191	0.0	-0.26650100000000004	0.507541	-0.819377	0.0	0.037941	-0.843939	-0.535095	0.0	-0.963087	-0.173692	0.205654	0.0	2.7281299999999997	2.8923	0.784071	0.120806	
0	0.593132	0.516197	-0.617847	0.0	0.685553	0.07856619999999999	0.723771	0.0	0.42215	-0.852859	-0.30728	0.0	-2.73968	2.0	1.46191	0.0	-0.272983	0.533614	-0.8004600000000001	0.0	0.0430916	-0.8244450000000001	-0.564299	0.0	-0.961053	-0.18853699999999998	0.202066	0.0	2.71821	2.94936	0.695293	0.183245	
0	0.593132	0.516197	-0.617846	0.0	0.685493	0.0786877	0.723815	0.0	0.42224799999999996	-0.8528469999999999	-0.307177	0.0	-2.7396700000000003	2.0	1.46191	0.0	-0.270786	0.543413	-0.794592	0.0	0.041072000000000004	-0.818157	-0.573525	0.0	-0.9617629999999999	-0.18793800000000002	0.199227	0.0	2.70831	2.9512099999999997	0.631033	0.152272	
0	0.593133	0.516197	-0.617846	0.0	0.685433	0.0788078	0.723858	0.0	0.42234499999999997	-0.852836	-0.307075	0.0	-2.73968	2.0	1.46191	0.0	-0.282285	0.558768	-0.7798039999999999	0.0	0.0463672	-0.8039649999999999	-0.592866	0.0	-0.95821	-0.203514	0.20103900000000002	0.0	2.64984	2.8799099999999997	0.5951960000000001	-0.00254978	
0	-0.00117749	0.8259719999999999	-0.56371	0.0	0.202595	0.552217	0.80871	0.0	0.9792620000000001	-0.11325299999999999	-0.167988	0.0	-2.75983	1.9516900000000001	1.3669799999999999	0.0	-0.304992	0.5714779999999999	-0.761836	0.0	0.0163802	-0.796683	-0.604175	0.0	-0.9522139999999999	-0.196747	0.233621	0.0	2.63299	2.76229	0.612129	0.0	
0	0.0141155	0.797841	-0.6027020000000001	0.0	0.209229	0.587062	0.782037	0.0	0.977765	-0.13714200000000001	-0.158645	0.0	-2.72159	1.86221	1.33709	0.0	-0.331703	0.5688310000000001	-0.752599	0.0	0.0148861	-0.79451	-0.607069	0.0	-0.943267	-0.21256999999999998	0.255073	0.0	2.62874	2.62518	0.6068680000000001	0.0	
0	0.0170059	0.8064020000000001	-0.591124	0.0	0.206197	0.5756720000000001	0.791255	0.0	0.9783629999999999	-0.135344	-0.15648800000000002	0.0	-2.66736	1.79433	1.29988	0.0	-0.343361	0.580168	-0.738585	0.0	0.0386366	-0.777004	-0.628309	0.0	-0.938409	-0.244273	0.244377	0.0	2.64554	2.44919	0.559429	0.0	
0	0.0235122	0.815416	-0.578398	0.0	0.190389	0.564317	0.803305	0.0	0.981427	-0.12900799999999998	-0.141978	0.0	-2.60058	1.71593	1.25015	0.0	-0.387851	0.5528390000000001	-0.737524	0.0	0.09222380000000001	-0.772868	-0.627831	0.0	-0.9170969999999999	-0.31152199999999997	0.248772	0.0	2.6689599999999998	2.1995	0.495745	-0.00048828099999999997	
0	0.0242257	0.80097	-0.598214	0.0	0.17326	0.58597	0.7915939999999999	0.0	0.9845780000000001	-0.122823	-0.124581	0.0	-2.56202	1.60483	1.18658	0.0	-0.45852200000000004	0.49761700000000003	-0.736298	0.0	0.0897569	-0.798359	-0.5954550000000001	0.0	-0.8841389999999999	-0.339117	0.3214	0.0	2.68355	1.8437	0.429492	0.0	
0	0.0219004	0.7983210000000001	-0.601834	0.0	0.160564	0.591356	0.7902640000000001	0.0	0.9867819999999999	-0.11394000000000001	-0.115231	0.0	-2.51717	1.53072	1.12758	0.0	-0.44028199999999995	0.48072600000000004	-0.758323	0.0	0.138023	-0.7983140000000001	-0.586213	0.0	-0.8871879999999999	-0.362765	0.285132	0.0	2.68644	1.67084	0.374992	0.0	
0	-0.00186516	0.786784	-0.617225	0.0	0.176254	0.607822	0.774265	0.0	0.9843430000000001	-0.10734400000000001	-0.139807	0.0	-2.42088	1.52372	1.05988	0.0	-0.42428999999999994	0.447337	-0.787317	0.0	0.145202	-0.8245969999999999	-0.546769	0.0	-0.893809	-0.34630900000000003	0.284914	0.0	2.68318	1.52372	0.300614	0.0	
0	-0.00960177	0.7885810000000001	-0.6148560000000001	0.0	0.178715	0.606337	0.7748649999999999	0.0	0.9838540000000001	-0.10244400000000001	-0.146753	0.0	-2.3954299999999997	1.52735	0.975828	0.0	-0.406826	0.505911	-0.7606229999999999	0.0	0.0426549	-0.821213	-0.569026	0.0	-0.91251	-0.263939	0.31251100000000004	0.0	2.6615	1.46696	0.23040300000000002	0.0	
0	-0.0007920410000000001	0.793637	-0.608391	0.0	0.172817	0.599346	0.781613	0.0	0.9849540000000001	-0.104521	-0.137629	0.0	-2.37715	1.5151	0.9519629999999999	0.0	-0.374143	0.489116	-0.787898	0.0	0.149252	-0.80677	-0.571705	0.0	-0.9152819999999999	-0.331495	0.228845	0.0	2.62305	1.36392	0.199631	0.0	
0	0.0336107	0.812938	-0.58138	0.0	0.18346099999999999	0.566805	0.803165	0.0	0.982452	-0.133655	-0.130092	0.0	-2.37053	1.45891	0.982131	0.0	-0.33215700000000004	0.4523	-0.8277059999999999	0.0	0.18043399999999998	-0.8308540000000001	-0.526428	0.0	-0.9258059999999999	-0.324202	0.194363	0.0	2.56737	1.4730299999999998	0.13102	0.0	
0	0.0776918	0.857819	-0.508045	0.0	0.183352	0.4886	0.853025	0.0	0.979973	-0.159424	-0.119323	0.0	-2.3681400000000004	1.40793	1.01099	0.0	-0.33866199999999996	0.524849	-0.780924	0.0	0.227465	-0.759681	-0.609216	0.0	-0.912999	-0.38395100000000004	0.13789	0.0	2.5733599999999996	1.5023799999999998	0.14011099999999999	0.0	
0	0.0831053	0.8758299999999999	-0.475412	0.0	0.162009	0.458841	0.8736229999999999	0.0	0.983284	-0.149624	-0.10376099999999999	0.0	-2.34919	1.39281	1.02467	0.0	-0.34483600000000003	0.553604	-0.75803	0.0	0.236868	-0.730107	-0.640966	0.0	-0.908285	-0.400581	0.120636	0.0	2.5724299999999998	1.44565	0.13023800000000002	0.0	
0	0.0857439	0.884434	-0.458722	0.0	0.151882	0.443432	0.883346	0.0	0.9846729999999999	-0.14541300000000001	-0.0963077	0.0	-2.36325	1.39015	1.01587	0.0	-0.374778	0.535179	-0.75705	0.0	0.2781	-0.71407	-0.642468	0.0	-0.8844219999999999	-0.45131800000000005	0.11878399999999999	0.0	2.56747	1.36471	0.151435	0.0	
0	0.07990710000000001	0.878394	-0.471209	0.0	0.142577	0.45778800000000003	0.8775540000000001	0.0	0.986553	-0.13730599999999998	-0.088658	0.0	-2.39507	1.38151	0.936204	0.0	-0.23366599999999998	0.471678	-0.850247	0.0	0.26855300000000004	-0.809131	-0.522672	0.0	-0.934494	-0.35046700000000003	0.062395900000000004	0.0	2.5632200000000003	1.4215	-0.00187191	0.0	
0	0.0550476	0.8730610000000001	-0.484493	0.0	0.13800199999999999	0.47392	0.8696870000000001	0.0	0.988901	-0.11473499999999999	-0.09439589999999999	0.0	-2.46739	1.40161	0.8604450000000001	0.0	-0.22115300000000002	0.469442	-0.854819	0.0	0.21539	-0.8313659999999999	-0.5122869999999999	0.0	-0.9511569999999999	-0.297414	0.0827454	0.0	2.57408	1.46295	-0.0964033	0.0	
0	0.031802699999999996	0.867466	-0.496478	0.0	0.11303800000000001	0.490421	0.864124	0.0	0.993082	-0.0836025	-0.0824602	0.0	-2.4575400000000003	1.4263299999999999	0.848816	0.0	-0.216085	0.487766	-0.845809	0.0	0.200999	-0.8254969999999999	-0.527403	0.0	-0.955462	-0.28397100000000003	0.08033710000000001	0.0	2.56861	1.44746	-0.11100299999999999	0.0	
0	0.00053966	0.8665940000000001	-0.499013	0.0	0.0942337	0.49674799999999997	0.862764	0.0	0.99555	-0.0474894	-0.0813943	0.0	-2.42168	1.47476	0.8327760000000001	0.0	-0.1786	0.465883	-0.866634	0.0	0.205112	-0.843816	-0.49588699999999997	0.0	-0.962305	-0.266323	0.055146900000000006	0.0	2.5876799999999998	1.4605299999999999	-0.11000499999999999	0.0	
0	-0.0475728	0.856727	-0.513572	0.0	0.0744184	0.5157649999999999	0.853492	0.0	0.996092	0.00238389	-0.0882926	0.0	-2.41299	1.5148	0.759676	0.0	-0.118529	0.417959	-0.9007	0.0	0.180179	-0.8829819999999999	-0.43344799999999994	0.0	-0.976466	-0.213664	0.029351699999999998	0.0	2.59638	1.5641200000000002	-0.122877	0.0	
0	-0.08090710000000001	0.8301799999999999	-0.551593	0.0	0.0493134	0.556063	0.829676	0.0	0.995501	0.0399256	-0.08592860000000001	0.0	-2.4102	1.58475	0.76321	0.0	-0.08283689999999999	0.430562	-0.898752	0.0	0.158519	-0.884676	-0.438429	0.0	-0.983875	-0.178787	0.00503145	0.0	2.6038900000000003	1.63725	-0.152852	0.0	
0	-0.12119300000000001	0.80469	-0.581194	0.0	0.0460568	0.589438	0.8065	0.0	0.99156	0.070974	-0.108497	0.0	-2.4411400000000003	1.629	0.746513	0.0	-0.060460400000000004	0.43179300000000004	-0.8999440000000001	0.0	0.147671	-0.8878030000000001	-0.435888	0.0	-0.987187	-0.15925	-0.0100869	0.0	2.6071	1.6714799999999999	-0.21122399999999997	0.0	
0	-0.17906	0.756073	-0.629517	0.0	0.060949500000000004	0.647154	0.759919	0.0	0.9819479999999999	0.09770269999999999	-0.161962	0.0	-2.49067	1.6721700000000002	0.7106210000000001	0.0	-0.030714099999999998	0.43028900000000003	-0.902169	0.0	0.104853	-0.896227	-0.431025	0.0	-0.994014	-0.107833	-0.017590599999999998	0.0	2.6034900000000003	1.8106900000000001	-0.308277	0.0	
0	-0.21908899999999998	0.739324	-0.6367109999999999	0.0	0.0868276	0.6647489999999999	0.742004	0.0	0.971834	0.107281	-0.209833	0.0	-2.54255	1.69305	0.6095510000000001	0.0	0.0241375	0.42060200000000003	-0.906924	0.0	0.0953906	-0.904018	-0.41671499999999995	0.0	-0.9951469999999999	-0.0764535	-0.0619423	0.0	2.59413	2.02578	-0.42993400000000004	0.0	
0	-0.21788400000000002	0.746707	-0.628455	0.0	0.102672	0.6578890000000001	0.7460829999999999	0.0	0.9705590000000001	0.0980347	-0.22000999999999998	0.0	-2.60806	1.69862	0.470948	0.0	0.0549119	0.44188500000000003	-0.8953899999999999	0.0	0.10938800000000001	-0.894008	-0.43449399999999994	0.0	-0.992481	-0.0740865	-0.0974288	0.0	2.61481	2.11252	-0.594426	0.0	
0	-0.21245799999999998	0.757254	-0.617599	0.0	0.142967	0.649315	0.746961	0.0	0.9666549999999999	0.07040139999999999	-0.24621500000000002	0.0	-2.66086	1.72377	0.35747199999999996	0.0	0.07427339999999999	0.46385600000000005	-0.882792	0.0	0.14319	-0.881024	-0.45088	0.0	-0.9869040000000001	-0.0929184	-0.131856	0.0	2.6116200000000003	2.09725	-0.735432	0.0	
0	-0.210412	0.7771560000000001	-0.593089	0.0	0.200231	0.628069	0.7519560000000001	0.0	0.956888	0.0394658	-0.28776399999999996	0.0	-2.73201	1.7089900000000002	0.225965	0.0	0.0647574	0.49675699999999995	-0.8654709999999999	0.0	0.199659	-0.8562040000000001	-0.476499	0.0	-0.977723	-0.141942	-0.154628	0.0	2.5413200000000002	2.03515	-0.858419	0.0	
0	-0.20540100000000003	0.784085	-0.585681	0.0	0.226615	0.6202810000000001	0.750931	0.0	0.9520799999999999	0.0215178	-0.30509200000000003	0.0	-2.77295	1.6976200000000001	0.134472	0.0412828	0.0557453	0.506035	-0.8607100000000001	0.0	0.20183199999999998	-0.849965	-0.486645	0.0	-0.9778319999999999	-0.14659	-0.149515	0.0	2.48592	1.9879200000000001	-0.9138200000000001	0.0	
0	-0.203749	0.7872899999999999	-0.581946	0.0	0.24251	0.616476	0.749097	0.0	0.9485120000000001	0.0115	-0.31653200000000004	0.0	-2.7896900000000002	1.67565	0.0640908	0.171139	0.049283600000000004	0.5230229999999999	-0.850892	0.0	0.24499400000000002	-0.8322309999999999	-0.497363	0.0	-0.9682709999999999	-0.183951	-0.169153	0.0	2.46726	1.9285299999999999	-0.958557	0.0754435	
0	-0.194381	0.7963520000000001	-0.5727479999999999	0.0	0.24656	0.604805	0.757245	0.0	0.949434	0.00597742	-0.313911	0.0	-2.71844	1.6464400000000001	0.0492914	0.278873	0.0437478	0.529509	-0.847176	0.0	0.24986599999999998	-0.826837	-0.503893	0.0	-0.967292	-0.189636	-0.168479	0.0	2.46588	1.84227	-0.9958899999999999	0.12526800000000002	
0	-0.192109	0.798067	-0.571125	0.0	0.23919400000000002	0.602491	0.76144	0.0	0.9517770000000001	0.00967026	-0.306637	0.0	-2.66407	1.6254	0.06035359999999999	0.325056	0.028916900000000002	0.529288	-0.84795	0.0	0.254698	-0.824205	-0.505781	0.0	-0.9665879999999999	-0.201345	-0.158642	0.0	2.4694599999999998	1.78083	-0.979426	0.157091	
0	-0.18370999999999998	0.806897	-0.561397	0.0	0.248908	0.5906899999999999	0.767548	0.0	0.950944	0.00126976	-0.309359	0.0	-2.62487	1.60992	0.0690058	0.324198	0.016663400000000002	0.532464	-0.846289	0.0	0.258627	-0.819897	-0.5107659999999999	0.0	-0.965834	-0.210362	-0.151372	0.0	2.45498	1.71983	-0.9755360000000001	0.16059400000000001	
0	-0.165159	0.820932	-0.54662	0.0	0.26759299999999997	0.5707409999999999	0.776305	0.0	0.9492719999999999	-0.0180582	-0.31393899999999997	0.0	-2.6175200000000003	1.5438100000000001	0.0322466	0.323274	0.0012392999999999998	0.5370520000000001	-0.843548	0.0	0.253136	-0.816244	-0.519296	0.0	-0.9674299999999999	-0.212889	-0.136959	0.0	2.44635	1.67652	-0.916768	0.161874	
0	-0.164044	0.828189	-0.535904	0.0	0.26708899999999997	0.560262	0.7840729999999999	0.0	0.949607	-0.0145119	-0.313107	0.0	-2.61585	1.49963	-0.035826	0.324155	-0.0032326	0.533435	-0.845835	0.0	0.249325	-0.8186979999999999	-0.517273	0.0	-0.9684149999999999	-0.21256	-0.130353	0.0	2.43073	1.6676099999999998	-0.891042	0.183326	
0	-0.158221	0.8361139999999999	-0.525242	0.0	0.288695	0.547871	0.785171	0.0	0.944257	-0.0274041	-0.32806599999999997	0.0	-2.61995	1.46937	-0.09588139999999999	0.33731	-0.0149696	0.532239	-0.846462	0.0	0.245821	-0.818616	-0.519077	0.0	-0.9692	-0.215848	-0.11858099999999999	0.0	2.4194299999999997	1.6672200000000001	-0.8595079999999999	0.244506	
0	-0.14571800000000001	0.8471799999999999	-0.510933	0.0	0.325917	0.528724	0.7837270000000001	0.0	0.9341010000000001	-0.0523192	-0.353155	0.0	-2.6509400000000003	1.41165	-0.169936	0.343804	-0.0349342	0.539737	-0.841109	0.0	0.24334	-0.811699	-0.530971	0.0	-0.9693120000000001	-0.223225	-0.10298399999999999	0.0	2.4088	1.6477	-0.796146	0.256942	
0	-0.12726099999999999	0.860008	-0.49415699999999996	0.0	0.355808	0.504631	0.786605	0.0	0.9258540000000001	-0.07572100000000001	-0.370218	0.0	-2.6843	1.39925	-0.201984	0.347224	-0.0590997	0.54852	-0.834046	0.0	0.25416	-0.799705	-0.543944	0.0	-0.965355	-0.244128	-0.0921495	0.0	2.39961	1.59148	-0.752745	0.270448	
0	-0.11521500000000001	0.8649450000000001	-0.488462	0.0	0.379554	0.492758	0.783026	0.0	0.917968	-0.0951816	-0.38506599999999996	0.0	-2.72715	1.38683	-0.20692800000000003	0.346163	-0.09772410000000001	0.560534	-0.8223459999999999	0.0	0.271665	-0.779895	-0.5638810000000001	0.0	-0.957417	-0.278507	-0.07606310000000001	0.0	2.36745	1.51773	-0.756255	0.279835	
0	-0.0774335	0.878871	-0.470733	0.0	0.4168	0.45744799999999997	0.785506	0.0	0.905694	-0.135377	-0.401735	0.0	-2.7519	1.3834899999999999	-0.186865	0.34830500000000003	-0.134997	0.57075	-0.809951	0.0	0.297588	-0.7563409999999999	-0.582572	0.0	-0.945102	-0.319677	-0.0677448	0.0	2.36289	1.41655	-0.7772439999999999	0.292756	
0	-0.0467461	0.887855	-0.457743	0.0	0.41487399999999997	0.434108	0.7996439999999999	0.0	0.9086770000000001	-0.152525	-0.38864099999999996	0.0	-2.77462	1.3091	-0.203783	0.349866	-0.145562	0.581571	-0.800367	0.0	0.305464	-0.7430399999999999	-0.5954689999999999	0.0	-0.9410120000000001	-0.33116100000000004	-0.0694905	0.0	2.3705	1.38	-0.820069	0.302521	
0	0.00960696	0.89533	-0.445299	0.0	0.394946	0.40571599999999997	0.8242649999999999	0.0	0.9186540000000001	-0.183788	-0.34970999999999997	0.0	-2.76831	1.19909	-0.202309	0.349434	-0.165549	0.594548	-0.786833	0.0	0.31603200000000004	-0.723785	-0.6134	0.0	-0.934193	-0.35021199999999997	-0.068074	0.0	2.38573	1.3487	-0.8555860000000001	0.306298	
0	0.1024	0.903767	-0.41559399999999996	0.0	0.364927	0.354531	0.860893	0.0	0.9253879999999999	-0.239817	-0.293506	0.0	-2.79054	1.01932	-0.14392	0.348998	-0.17863099999999998	0.603741	-0.776909	0.0	0.31203000000000003	-0.71409	-0.626667	0.0	-0.9331280000000001	-0.354362	-0.06082669999999999	0.0	2.38109	1.30637	-0.9084049999999999	0.311814	
0	0.20597600000000002	0.913299	-0.351366	0.0	0.341136	0.269523	0.900546	0.0	0.91717	-0.30535500000000004	-0.256044	0.0	-2.82461	0.891086	-0.140007	0.346627	-0.212738	0.614164	-0.7599640000000001	0.0	0.315205	-0.693052	-0.648325	0.0	-0.9248719999999999	-0.37746799999999997	-0.0461491	0.0	2.35697	1.25539	-0.941349	0.322604	
0	0.313126	0.899281	-0.305361	0.0	0.33423400000000003	0.196614	0.9217540000000001	0.0	0.8889540000000001	-0.390687	-0.239006	0.0	-2.91391	0.720291	-0.130904	0.346321	-0.237607	0.614192	-0.752537	0.0	0.32202800000000004	-0.681104	-0.657568	0.0	-0.916428	-0.398581	-0.0359519	0.0	2.30178	1.20355	-0.98745	0.323495	
0	0.37156300000000003	0.8745790000000001	-0.31153200000000003	0.0	0.341711	0.183171	0.921782	0.0	0.8632350000000001	-0.448954	-0.230794	0.0	-3.00631	0.5604640000000001	-0.17955	0.345267	-0.273484	0.608355	-0.745058	0.0	0.330098	-0.668187	-0.666755	0.0	-0.9034610000000001	-0.42828900000000003	-0.0180787	0.0	2.24507	1.10182	-1.02626	0.33061999999999997	
0	0.437967	0.831441	-0.341893	0.0	0.351957	0.191369	0.9162450000000001	0.0	0.8272309999999999	-0.521616	-0.20881799999999998	0.0	-3.07038	0.384156	-0.210506	0.33875	-0.306064	0.602173	-0.7373689999999999	0.0	0.338212	-0.655237	-0.675483	0.0	-0.8899090000000001	-0.456128	-0.00311723	0.0	2.20308	0.982563	-1.0482200000000002	0.334523	
0	0.47973299999999997	0.7919010000000001	-0.377821	0.0	0.362309	0.213392	0.907301	0.0	0.799117	-0.5721510000000001	-0.184542	0.0	-3.15061	0.190984	-0.24840700000000002	0.33873600000000004	-0.330253	0.593783	-0.733727	0.0	0.34101	-0.64978	-0.679337	0.0	-0.8801399999999999	-0.47456099999999996	0.0121056	0.0	2.18437	0.8828729999999999	-1.0158399999999999	0.334356	
0	0.510437	0.750947	-0.418965	0.0	0.385414	0.235752	0.8921190000000001	0.0	0.7687069999999999	-0.616846	-0.16908900000000002	0.0	-3.1787	0.00444289	-0.30099000000000004	0.33885	-0.347456	0.586888	-0.731326	0.0	0.345049	-0.645173	-0.6816840000000001	0.0	-0.8719030000000001	-0.489199	0.0216637	0.0	2.1684900000000003	0.787126	-1.0045899999999999	0.334467	
0	0.525105	0.73606	-0.427178	0.0	0.394167	0.234515	0.8886139999999999	0.0	0.754253	-0.634995	-0.166986	0.0	-3.1884200000000003	-0.08552	-0.382327	0.339043	-0.352165	0.586056	-0.729739	0.0	0.344188	-0.643958	-0.683267	0.0	-0.870353	-0.49178900000000003	0.0250658	0.0	2.15774	0.7512260000000001	-0.991822	0.334739	
0	0.550029	0.700967	-0.45399799999999996	0.0	0.41962	0.238051	0.875928	0.0	0.722071	-0.672293	-0.163205	0.0	-3.15531	-0.22546999999999998	-0.431936	0.33897	-0.356639	0.581637	-0.7311	0.0	0.344015	-0.645813	-0.6816	0.0	-0.868598	-0.494595	0.030229900000000004	0.0	2.1402	0.720584	-0.9681780000000001	0.334504	
0	0.565098	0.681392	-0.465156	0.0	0.433804	0.23417399999999997	0.870044	0.0	0.701769	-0.693446	-0.163259	0.0	-3.11458	-0.319036	-0.528609	0.339379	-0.36085	0.579353	-0.730847	0.0	0.344624	-0.64535	-0.681732	0.0	-0.8666159999999999	-0.49787	0.0332153	0.0	2.13583	0.695275	-0.9778620000000001	0.334456	
0	0.552776	0.682505	-0.47814799999999996	0.0	0.44353100000000006	0.244799	0.86218	0.0	0.705492	-0.688666	-0.16739300000000001	0.0	-3.0552599999999996	-0.360987	-0.5888369999999999	0.339054	-0.36020599999999997	0.576784	-0.733194	0.0	0.343614	-0.64866	-0.679095	0.0	-0.867284	-0.49654899999999996	0.035459899999999996	0.0	2.1343	0.683266	-0.977345	0.334136	
0	0.515604	0.702574	-0.490451	0.0	0.445812	0.26884600000000003	0.8538	0.0	0.7317130000000001	-0.658871	-0.174598	0.0	-2.98591	-0.332316	-0.683966	0.339476	-0.35779	0.570453	-0.7393029999999999	0.0	0.341221	-0.657095	-0.6721560000000001	0.0	-0.8692270000000001	-0.49275699999999995	0.040451	0.0	2.1144700000000003	0.708398	-0.945285	0.333582	
0	0.455319	0.7465890000000001	-0.485066	0.0	0.428018	0.294177	0.8545530000000001	0.0	0.780695	-0.596711	-0.18561	0.0	-2.9165400000000004	-0.24254499999999998	-0.735681	0.340362	-0.360146	0.5780810000000001	-0.732201	0.0	0.343112	-0.647776	-0.680192	0.0	-0.8675069999999999	-0.496195	0.034947000000000006	0.0	2.11215	0.7215020000000001	-0.936112	0.333368	
0	0.405826	0.778153	-0.479357	0.0	0.414022	0.311062	0.855469	0.0	0.8147949999999999	-0.545636	-0.195935	0.0	-2.88152	-0.169577	-0.8038029999999999	0.339967	-0.343077	0.588251	-0.732297	0.0	0.339723	-0.64913	-0.680602	0.0	-0.8757209999999999	-0.48227700000000007	0.0228593	0.0	2.14015	0.699014	-0.998446	0.33328	
0	0.288197	0.807001	-0.5154529999999999	0.0	0.401871	0.386662	0.8300559999999999	0.0	0.8691620000000001	-0.44636499999999996	-0.212876	0.0	-2.87866	-0.068564	-0.942401	0.34022800000000003	-0.288073	0.583451	-0.7593409999999999	0.0	0.317546	-0.6898880000000001	-0.6505529999999999	0.0	-0.9034260000000001	-0.428533	0.0134655	0.0	2.1608	0.7067140000000001	-1.1187200000000002	0.33348099999999997	
0	0.0867155	0.799816	-0.5939479999999999	0.0	0.363933	0.529556	0.766239	0.0	0.92738	-0.282602	-0.24515900000000002	0.0	-2.86405	0.131666	-1.17363	0.342498	-0.204206	0.5698270000000001	-0.795988	0.0	0.27101	-0.748434	-0.60531	0.0	-0.940667	-0.339329	-0.00159483	0.0	2.1663	0.767188	-1.38418	0.33374499999999996	
0	-0.0344541	0.777113	-0.628417	0.0	0.30392199999999997	0.607157	0.73416	0.0	0.952074	-0.165695	-0.257101	0.0	-2.84119	0.31904499999999997	-1.41598	0.345354	-0.135327	0.541147	-0.829968	0.0	0.2232	-0.799492	-0.557669	0.0	-0.965334	-0.260716	-0.0125916	0.0	2.1562099999999997	0.8379209999999999	-1.58843	0.333923	
0	-0.079851	0.757883	-0.6474850000000001	0.0	0.25995300000000005	0.642915	0.720476	0.0	0.9623139999999999	-0.110785	-0.24835100000000002	0.0	-2.8092900000000003	0.378852	-1.57241	0.346047	-0.125379	0.531479	-0.837742	0.0	0.197081	-0.814234	-0.546061	0.0	-0.9723370000000001	-0.233567	-0.0026571999999999998	0.0	2.1393	0.813444	-1.71963	0.334321	
0	-0.09513730000000001	0.75012	-0.654423	0.0	0.24218699999999999	0.655093	0.71568	0.0	0.9655540000000001	-0.0904049	-0.243993	0.0	-2.73427	0.27837	-1.69708	0.345939	-0.12926300000000002	0.529486	-0.838413	0.0	0.191011	-0.816377	-0.545018	0.0	-0.97304	-0.23059699999999997	0.00438973	0.0	2.0977099999999997	0.708048	-1.86242	0.334402	
0	-0.108098	0.742271	-0.661324	0.0	0.234442	0.665493	0.70863	0.0	0.966101	-0.078441	-0.24595799999999998	0.0	-2.68677	0.0859893	-1.86305	0.353544	-0.150557	0.515776	-0.84339	0.0	0.179803	-0.8246	-0.536382	0.0	-0.9721129999999999	-0.2324	0.031411400000000006	0.0	2.10228	0.513173	-1.97724	0.334572	
0	-0.131886	0.739949	-0.6596069999999999	0.0	0.245128	0.669098	0.701584	0.0	0.960478	-0.0691588	-0.269627	0.0	-2.66134	0.00874062	-2.0328	0.355146	-0.171337	0.507049	-0.844716	0.0	0.177774	-0.8274100000000001	-0.5327189999999999	0.0	-0.9690409999999999	-0.241443	0.0516257	0.0	2.1215599999999997	0.35501	-2.00475	0.334541	
0	-0.161369	0.7378819999999999	-0.655355	0.0	0.259667	0.672405	0.693141	0.0	0.9521200000000001	-0.05832280000000001	-0.300109	0.0	-2.65143	0.00283241	-2.17418	0.355092	-0.187408	0.5037149999999999	-0.843297	0.0	0.186869	-0.8245469999999999	-0.534043	0.0	-0.9643440000000001	-0.25766999999999995	0.060398	0.0	2.14037	0.22858	-2.0422	0.335374	
0	-0.171247	0.743297	-0.646672	0.0	0.268493	0.666733	0.6952550000000001	0.0	0.947938	-0.05456609999999999	-0.313746	0.0	-2.65657	0.00523648	-2.28205	0.354137	-0.192546	0.498226	-0.845397	0.0	0.19030899999999998	-0.826202	-0.530258	0.0	-0.962657	-0.26298499999999997	0.0642645	0.0	2.16615	0.118243	-2.09004	0.335647	
0	-0.173156	0.762048	-0.623939	0.0	0.280876	0.645409	0.710321	0.0	0.943995	-0.0522531	-0.325797	0.0	-2.6837	-0.013587700000000001	-2.36446	0.352883	-0.179609	0.49678500000000003	-0.8490850000000001	0.0	0.18947	-0.829492	-0.5254	0.0	-0.9653200000000001	-0.255242	0.05485840000000001	0.0	2.22092	0.0336769	-2.17583	0.336468	
0	-0.17260899999999998	0.766767	-0.6182840000000001	0.0	0.291462	0.639355	0.71153	0.0	0.9408799999999999	-0.0573896	-0.333842	0.0	-2.72844	-0.09311489999999999	-2.41607	0.351009	-0.161407	0.495016	-0.8537610000000001	0.0	0.185555	-0.8344530000000001	-0.5189010000000001	0.0	-0.9692870000000001	-0.24217399999999997	0.0428343	0.0	2.28745	-0.015261600000000002	-2.30875	0.336714	
0	-0.171467	0.765588	-0.6200600000000001	0.0	0.29591999999999996	0.640342	0.7087979999999999	0.0	0.9396969999999999	-0.0619526	-0.33635	0.0	-2.76295	-0.165321	-2.46755	0.350326	-0.152481	0.49597399999999997	-0.854844	0.0	0.17922000000000002	-0.836742	-0.517439	0.0	-0.9719209999999999	-0.232105	0.0386984	0.0	2.30671	-0.030201599999999995	-2.3182400000000003	0.338477	
0	-0.171994	0.758366	-0.628728	0.0	0.285003	0.649252	0.705156	0.0	0.9429700000000001	-0.0579072	-0.327804	0.0	-2.7814099999999997	-0.235492	-2.5265400000000002	0.350668	-0.15675999999999998	0.5002979999999999	-0.8515450000000001	0.0	0.172183	-0.8351569999999999	-0.522366	0.0	-0.972512	-0.22850700000000002	0.0447769	0.0	2.3103599999999997	-0.0629962	-2.33931	0.346569	
0	-0.167073	0.745269	-0.645492	0.0	0.270088	0.664246	0.6970149999999999	0.0	0.9482290000000001	-0.0578873	-0.312266	0.0	-2.7624	-0.286464	-2.48659	0.351389	-0.15267999999999998	0.504117	-0.850033	0.0	0.164122	-0.83524	-0.5248229999999999	0.0	-0.9745530000000001	-0.219639	0.0447875	0.0	2.31997	-0.08442949999999999	-2.35832	0.353777	
0	-0.158585	0.735172	-0.6590699999999999	0.0	0.25893	0.675121	0.690773	0.0	0.952789	-0.061107100000000004	-0.29742199999999996	0.0	-2.73621	-0.316065	-2.4511700000000003	0.352141	-0.15043399999999998	0.504855	-0.8499950000000001	0.0	0.15903599999999998	-0.836224	-0.524822	0.0	-0.9757440000000001	-0.214131	0.0455062	0.0	2.34428	-0.10710399999999999	-2.39969	0.354111	
0	-0.15517999999999998	0.729089	-0.6665939999999999	0.0	0.252812	0.681607	0.686657	0.0	0.95499	-0.0619673	-0.290095	0.0	-2.7305099999999998	-0.339003	-2.40501	0.353265	-0.141819	0.505572	-0.8510489999999999	0.0	0.148976	-0.839046	-0.523267	0.0	-0.978618	-0.200995	0.0436741	0.0	2.3585700000000003	-0.11821400000000001	-2.41826	0.355063	
0	-0.143794	0.713912	-0.685312	0.0	0.23748200000000003	0.697166	0.676433	0.0	0.9606899999999999	-0.06548240000000001	-0.26979000000000003	0.0	-2.71385	-0.356998	-2.38998	0.355686	-0.135605	0.51818	-0.8444530000000001	0.0	0.13893	-0.83396	-0.53405	0.0	-0.980974	-0.18973900000000002	0.0410983	0.0	2.38259	-0.134394	-2.43248	0.35567600000000005	
0	-0.130686	0.694559	-0.707466	0.0	0.22054400000000002	0.716073	0.662269	0.0	0.966583	-0.0694778	-0.24676199999999998	0.0	-2.69155	-0.378753	-2.38116	0.356365	-0.126729	0.51515	-0.8476799999999999	0.0	0.130422	-0.8384969999999999	-0.529068	0.0	-0.983326	-0.17760399999999998	0.0390747	0.0	2.39725	-0.13955	-2.47427	0.355562	
0	-0.0727232	0.656921	-0.750444	0.0	0.164919	0.7499979999999999	0.64055	0.0	0.9836229999999999	-0.0771795	-0.162881	0.0	-2.6052	-0.440118	-2.1283	0.35804	-0.11775	0.536367	-0.835731	0.0	0.11694	-0.82824	-0.548036	0.0	-0.9861340000000001	-0.162262	0.0348024	0.0	2.40728	-0.136389	-2.51741	0.355364	
0	-0.0576256	0.636254	-0.769324	0.0	0.12851700000000002	0.768921	0.6262939999999999	0.0	0.990032	-0.06278049999999999	-0.126079	0.0	-2.57242	-0.44438	-1.97712	0.357876	-0.108296	0.54777	-0.8295899999999999	0.0	0.105905	-0.823393	-0.557502	0.0	-0.9884620000000001	-0.148233	0.031158299999999996	0.0	2.44991	-0.136409	-2.5545	0.355483	
0	-0.054099	0.623317	-0.780095	0.0	0.10564200000000001	0.780428	0.6162569999999999	0.0	0.9929319999999999	-0.049071699999999996	-0.10806900000000001	0.0	-2.56529	-0.43908500000000006	-1.9555099999999999	0.356581	-0.108176	0.546728	-0.8302930000000001	0.0	0.10456099999999999	-0.824305	-0.556407	0.0	-0.988618	-0.147006	0.0320038	0.0	2.4518299999999997	-0.135977	-2.5565	0.35522800000000004	
0	-0.04817	0.6394920000000001	-0.7672869999999999	0.0	0.10230800000000001	0.7672979999999999	0.633078	0.0	0.9935860000000001	-0.0480041	-0.102386	0.0	-2.53876	-0.443208	-1.8765900000000002	0.356387	-0.10819000000000001	0.546342	-0.8305450000000001	0.0	0.10057999999999999	-0.825147	-0.5558930000000001	0.0	-0.989029	-0.143678	0.0343216	0.0	2.43737	-0.139676	-2.53147	0.355363	
0	-0.0504944	0.6569649999999999	-0.752228	0.0	0.112947	0.752113	0.6492829999999999	0.0	0.992317	-0.05217669999999999	-0.11218	0.0	-2.55155	-0.475975	-1.9013799999999998	0.355569	-0.108926	0.545717	-0.83086	0.0	0.101388	-0.825376	-0.5554060000000001	0.0	-0.988866	-0.144738	0.0345754	0.0	2.41625	-0.13889300000000002	-2.5259400000000003	0.355247	
0	-0.0533188	0.664543	-0.745345	0.0	0.120178	0.745252	0.655863	0.0	0.9913200000000001	-0.0546044	-0.119599	0.0	-2.59081	-0.485724	-1.9484099999999998	0.355067	-0.109017	0.545203	-0.8311850000000001	0.0	0.102026	-0.825616	-0.554932	0.0	-0.98879	-0.1453	0.0343815	0.0	2.41609	-0.138404	-2.52542	0.35522800000000004	
0	-0.05757819999999999	0.668136	-0.741808	0.0	0.12599100000000002	0.741962	0.658497	0.0	0.990359	-0.0555464	-0.1269	0.0	-2.6244	-0.482767	-1.9726400000000002	0.354775	-0.108473	0.545474	-0.8310790000000001	0.0	0.101508	-0.825564	-0.555104	0.0	-0.9889030000000001	-0.144575	0.034181300000000005	0.0	2.41578	-0.138343	-2.52737	0.355249	
0	-0.061837199999999995	0.675998	-0.734305	0.0	0.13425399999999998	0.7346600000000001	0.6650189999999999	0.0	0.989016	-0.0574604	-0.136185	0.0	-2.66578	-0.46953500000000004	-2.0192900000000003	0.355175	-0.10802300000000001	0.5436310000000001	-0.8323440000000001	0.0	0.09928789999999998	-0.827158	-0.55313	0.0	-0.9891780000000001	-0.14239200000000002	0.035375699999999996	0.0	2.41427	-0.139369	-2.52387	0.355174	
0	-0.06445319999999999	0.682227	-0.728294	0.0	0.138133	0.7288859999999999	0.670556	0.0	0.9883139999999999	-0.05738240000000001	-0.141217	0.0	-2.68342	-0.46095200000000003	-2.04252	0.35548	-0.10796700000000001	0.543042	-0.832736	0.0	0.0983859	-0.827684	-0.552503	0.0	-0.989274	-0.14158099999999998	0.0359345	0.0	2.4102099999999997	-0.139923	-2.52008	0.355257	
0	-0.0782868	0.700911	-0.708939	0.0	0.155105	0.711026	0.685846	0.0	0.984791	-0.056267700000000004	-0.164379	0.0	-2.69983	-0.416547	-2.14129	0.356211	-0.10995999999999999	0.541567	-0.833435	0.0	0.0974475	-0.828606	-0.5512859999999999	0.0	-0.9891479999999999	-0.141835	0.038338699999999996	0.0	2.4020799999999998	-0.142561	-2.5068	0.355311	
0	-0.0868922	0.710576	-0.698235	0.0	0.165055	0.7014670000000001	0.693325	0.0	0.982449	-0.0550029	-0.17823599999999998	0.0	-2.72313	-0.399525	-2.15683	0.356236	-0.11033499999999999	0.541312	-0.833551	0.0	0.0976314	-0.8287129999999999	-0.551093	0.0	-0.989088	-0.14218499999999998	0.0385866	0.0	2.40291	-0.142454	-2.5068900000000003	0.355191	
0	-0.0868924	0.710569	-0.698242	0.0	0.16505	0.701475	0.6933189999999999	0.0	0.98245	-0.0550008	-0.178232	0.0	-2.72306	-0.399599	-2.15672	0.356236	-0.11033499999999999	0.541313	-0.833551	0.0	0.0976311	-0.8287120000000001	-0.551094	0.0	-0.989088	-0.14218599999999998	0.038587199999999995	0.0	2.40292	-0.142455	-2.5069	0.355191	
0	-0.08689119999999999	0.710568	-0.6982430000000001	0.0	0.16505	0.701476	0.6933189999999999	0.0	0.98245	-0.0550016	-0.178231	0.0	-2.72306	-0.399602	-2.15672	0.356236	-0.11033599999999999	0.541313	-0.833551	0.0	0.09763089999999999	-0.8287120000000001	-0.551094	0.0	-0.989088	-0.14218499999999998	0.038587300000000005	0.0	2.40292	-0.142455	-2.5069	0.355191	
0	-0.08689119999999999	0.710568	-0.6982430000000001	0.0	0.16505	0.701476	0.6933189999999999	0.0	0.98245	-0.0550016	-0.178231	0.0	-2.72306	-0.399602	-2.15672	0.356236	-0.11033599999999999	0.541313	-0.833551	0.0	0.097631	-0.8287120000000001	-0.551094	0.0	-0.989088	-0.14218499999999998	0.038587300000000005	0.0	2.40292	-0.142455	-2.5069	0.355191	
0	-0.08689119999999999	0.710568	-0.6982430000000001	0.0	0.16505	0.701476	0.6933189999999999	0.0	0.98245	-0.0550016	-0.178231	0.0	-2.72306	-0.399602	-2.15672	0.356236	-0.11033599999999999	0.541313	-0.833551	0.0	0.097631	-0.8287120000000001	-0.551094	0.0	-0.989088	-0.14218499999999998	0.038587300000000005	0.0	2.40292	-0.142455	-2.5069	0.355191	
0	-0.08689119999999999	0.710568	-0.6982430000000001	0.0	0.16505	0.701476	0.6933189999999999	0.0	0.98245	-0.0550016	-0.178231	0.0	-2.72306	-0.399602	-2.15672	0.356236	-0.11033599999999999	0.541313	-0.833551	0.0	0.097631	-0.8287120000000001	-0.551094	0.0	-0.989088	-0.14218499999999998	0.038587300000000005	0.0	2.40292	-0.142454	-2.5069	0.355191	
0	-0.08689119999999999	0.710568	-0.6982430000000001	0.0	0.16505	0.701476	0.6933189999999999	0.0	0.98245	-0.0550016	-0.178231	0.0	-2.72306	-0.399602	-2.15672	0.356236	-0.11033599999999999	0.541313	-0.833551	0.0	0.09763089999999999	-0.8287120000000001	-0.551094	0.0	-0.989088	-0.14218499999999998	0.038587300000000005	0.0	2.40292	-0.142455	-2.5069	0.355191	
0	-0.08689119999999999	0.710568	-0.6982430000000001	0.0	0.16505	0.701476	0.6933189999999999	0.0	0.98245	-0.0550016	-0.178231	0.0	-2.72306	-0.399602	-2.15672	0.356236	-0.11033599999999999	0.541313	-0.833551	0.0	0.09763089999999999	-0.8287120000000001	-0.551094	0.0	-0.989088	-0.14218499999999998	0.038587300000000005	0.0	2.40292	-0.142455	-2.5069	0.355191	
0	-0.08689119999999999	0.710568	-0.6982430000000001	0.0	0.16505	0.701476	0.6933189999999999	0.0	0.98245	-0.0550015	-0.178231	0.0	-2.72306	-0.399602	-2.15672	0.356236	-0.11033599999999999	0.541313	-0.833551	0.0	0.09763089999999999	-0.8287120000000001	-0.551094	0.0	-0.989088	-0.14218499999999998	0.038587300000000005	0.0	2.40292	-0.142455	-2.5069	0.355191	
0	-0.08689119999999999	0.710568	-0.6982430000000001	0.0	0.16505	0.701476	0.6933189999999999	0.0	0.98245	-0.0550016	-0.178231	0.0	-2.72306	-0.399602	-2.15672	0.356236	-0.11033599999999999	0.541313	-0.833551	0.0	0.09763089999999999	-0.8287120000000001	-0.551094	0.0	-0.989088	-0.14218499999999998	0.038587300000000005	0.0	2.40292	-0.142455	-2.5069	0.355191	
0	-0.08689119999999999	0.710568	-0.6982430000000001	0.0	0.16505	0.701476	0.6933189999999999	0.0	0.98245	-0.0550016	-0.178231	0.0	-2.72306	-0.399602	-2.15672	0.356236	-0.11033499999999999	0.541313	-0.833551	0.0	0.09763089999999999	-0.8287120000000001	-0.551094	0.0	-0.989088	-0.14218499999999998	0.038587300000000005	0.0	2.40292	-0.142455	-2.5069	0.355191	
0	-0.08689119999999999	0.710568	-0.6982430000000001	0.0	0.16505	0.701476	0.6933189999999999	0.0	0.98245	-0.0550016	-0.178231	0.0	-2.72305	-0.399602	-2.15672	0.356236	-0.11033599999999999	0.541313	-0.833551	0.0	0.097631	-0.8287120000000001	-0.551094	0.0	-0.989088	-0.14218499999999998	0.038587300000000005	0.0	2.40292	-0.142455	-2.5069	0.355191	
0	-0.08689119999999999	0.710568	-0.6982430000000001	0.0	0.16505	0.701476	0.6933189999999999	0.0	0.98245	-0.0550016	-0.178231	0.0	-2.72305	-0.399602	-2.15672	0.356236	-0.11033599999999999	0.541313	-0.833551	0.0	0.097631	-0.8287120000000001	-0.551094	0.0	-0.989088	-0.14218599999999998	0.038587300000000005	0.0	2.40292	-0.142455	-2.5069	0.355191	
0	-0.08689119999999999	0.710568	-0.6982430000000001	0.0	0.16505	0.701476	0.6933189999999999	0.0	0.98245	-0.0550016	-0.178231	0.0	-2.72306	-0.39960100000000004	-2.15672	0.356236	-0.11033599999999999	0.541313	-0.833551	0.0	0.097631	-0.8287120000000001	-0.551094	0.0	-0.989088	-0.14218599999999998	0.038587199999999995	0.0	2.40292	-0.142455	-2.5069	0.355191	
0	-0.08689119999999999	0.710568	-0.6982430000000001	0.0	0.16505	0.701476	0.6933189999999999	0.0	0.98245	-0.0550016	-0.178231	0.0	-2.72306	-0.399602	-2.15672	0.356236	-0.11033599999999999	0.541313	-0.833551	0.0	0.09763089999999999	-0.8287120000000001	-0.551094	0.0	-0.989088	-0.14218499999999998	0.038587300000000005	0.0	2.40292	-0.142455	-2.5069	0.355191	
0	-0.08689119999999999	0.710568	-0.6982430000000001	0.0	0.16505	0.701476	0.6933189999999999	0.0	0.98245	-0.0550015	-0.178231	0.0	-2.72306	-0.399602	-2.15672	0.356236	-0.11033599999999999	0.541313	-0.833551	0.0	0.097631	-0.8287120000000001	-0.551094	0.0	-0.989088	-0.14218599999999998	0.038587300000000005	0.0	2.40292	-0.142455	-2.5069	0.355191	
0	-0.08689119999999999	0.710568	-0.6982430000000001	0.0	0.16505	0.701476	0.6933189999999999	0.0	0.98245	-0.0550016	-0.178231	0.0	-2.72306	-0.399602	-2.15672	0.356236	-0.11033599999999999	0.541313	-0.833551	0.0	0.097631	-0.8287120000000001	-0.551094	0.0	-0.989088	-0.14218599999999998	0.038587300000000005	0.0	2.40292	-0.142455	-2.5069	0.355191	
0	-0.08689119999999999	0.710568	-0.6982430000000001	0.0	0.16505	0.701476	0.6933189999999999	0.0	0.98245	-0.0550015	-0.178231	0.0	-2.72305	-0.399602	-2.15672	0.356236	-0.11033599999999999	0.541313	-0.833551	0.0	0.097631	-0.8287120000000001	-0.551094	0.0	-0.989088	-0.14218599999999998	0.038587199999999995	0.0	2.40292	-0.142455	-2.5069	0.355191	
0	-0.08689119999999999	0.710568	-0.6982430000000001	0.0	0.16505	0.701476	0.6933189999999999	0.0	0.98245	-0.0550016	-0.178231	0.0	-2.72306	-0.399602	-2.15672	0.356236	-0.11033599999999999	0.541313	-0.833551	0.0	0.0976311	-0.8287120000000001	-0.551094	0.0	-0.989088	-0.14218599999999998	0.038587199999999995	0.0	2.40292	-0.142454	-2.5069	0.355191	
0	-0.08689119999999999	0.710568	-0.6982430000000001	0.0	0.16505	0.701476	0.6933189999999999	0.0	0.98245	-0.0550015	-0.178231	0.0	-2.72306	-0.399602	-2.15672	0.356236	-0.11033599999999999	0.541313	-0.833551	0.0	0.097631	-0.8287120000000001	-0.551094	0.0	-0.989088	-0.14218599999999998	0.038587199999999995	0.0	2.40292	-0.142455	-2.5069	0.355191	
0	-0.08689119999999999	0.710568	-0.6982430000000001	0.0	0.16505	0.701476	0.6933189999999999	0.0	0.98245	-0.0550016	-0.178231	0.0	-2.72306	-0.399602	-2.15672	0.356236	-0.11033599999999999	0.541313	-0.833551	0.0	0.097631	-0.8287120000000001	-0.551094	0.0	-0.989088	-0.14218599999999998	0.038587300000000005	0.0	2.40292	-0.142454	-2.5069	0.355191	
0	-0.124024	0.775302	-0.619294	0.0	-0.043103699999999995	0.619314	0.783959	0.0	0.991343	0.123924	-0.0433915	0.0	-2.70007	-0.44793999999999995	-2.21616	0.348608	-0.07160219999999999	0.534253	-0.8422870000000001	0.0	-0.0165843	-0.844975	-0.5345479999999999	0.0	-0.997295	-0.024306099999999997	0.0693623	0.0	2.38267	-0.106522	-2.47973	0.333825	
0	-0.135071	0.8590709999999999	-0.493713	0.0	-0.279789	0.44493299999999997	0.8507370000000001	0.0	0.9505129999999999	0.25304499999999996	0.18026099999999998	0.0	-2.64479	-0.527931	-2.2003	0.301798	-0.0541049	0.548253	-0.8345600000000001	0.0	-0.07413099999999999	-0.835684	-0.544185	0.0	-0.9957799999999999	0.0324238	0.0858571	0.0	2.38682	-0.16399999999999998	-2.5163599999999997	0.337266	
0	-0.0941477	0.881977	-0.461793	0.0	-0.184559	0.44035100000000005	0.878652	0.0	0.978302	0.167951	0.12131900000000001	0.0	-2.69142	-0.6928380000000001	-2.24531	0.31303600000000004	-0.054119600000000004	0.574706	-0.816569	0.0	-0.0652522	-0.818055	-0.571427	0.0	-0.9964	0.0223575	0.0817735	0.0	2.38111	-0.247452	-2.5588900000000003	0.338449	
0	-0.07520639999999999	0.889409	-0.450884	0.0	-0.127151	0.43992	0.88899	0.0	0.989028	0.124188	0.08000460000000001	0.0	-2.72075	-0.795778	-2.29877	0.320537	-0.0594143	0.570597	-0.819079	0.0	-0.055811400000000004	-0.8211440000000001	-0.567987	0.0	-0.9966719999999999	0.011967499999999999	0.0806332	0.0	2.36762	-0.323966	-2.59025	0.33871799999999996	
0	-0.025921	0.887491	-0.46009399999999995	0.0	-0.014413200000000001	0.45987	0.887869	0.0	0.99956	0.0296459	0.00087136	0.0	-2.77526	-0.988822	-2.39164	0.337187	-0.0708137	0.5640149999999999	-0.822723	0.0	-0.039157599999999994	-0.82573	-0.562706	0.0	-0.996721	-0.007631300000000001	0.0805582	0.0	2.331	-0.49268100000000004	-2.65224	0.339124	
0	0.0269085	0.8715940000000001	-0.489489	0.0	0.053518100000000006	0.487708	0.871365	0.0	0.9982040000000001	-0.0496437	-0.0335226	0.0	-2.8679200000000002	-1.24827	-2.51888	0.345926	-0.0928079	0.5491729999999999	-0.8305389999999999	0.0	-0.00761548	-0.834507	-0.550945	0.0	-0.995655	-0.044807099999999996	0.08163089999999999	0.0	2.28467	-0.688289	-2.71287	0.339276	
0	0.142826	0.819118	-0.55556	0.0	0.235276	0.517127	0.822937	0.0	0.961377	-0.24824699999999997	-0.11886	0.0	-3.02142	-1.77088	-2.72328	0.341457	-0.120404	0.530682	-0.838975	0.0	0.04403680000000001	-0.8414370000000001	-0.538558	0.0	-0.991748	-0.10178999999999999	0.0779426	0.0	2.24131	-1.02086	-2.81332	0.339569	
