0	-0.079488	0.667502	-0.740354	0.0	0.0966433	0.7443649999999999	0.6607430000000001	0.0	0.9921399999999999	-0.0190291	-0.123678	0.0	-2.78165	1.8837099999999998	1.2754299999999998	0.0	-0.107179	0.5755170000000001	-0.810736	0.0	0.0379962	-0.812466	-0.581769	0.0	-0.9935129999999999	-0.09315830000000001	0.0652117	0.0	2.69233	2.0190900000000003	1.47136	-0.000597954	
0	-0.105288	0.629321	-0.769981	0.0	0.10335499999999999	0.777016	0.620938	0.0	0.9890559999999999	-0.014203499999999999	-0.14685399999999998	0.0	-2.77392	1.849	1.20223	0.0	-0.0964817	0.5596439999999999	-0.823098	0.0	0.0300454	-0.824941	-0.56442	0.0	-0.9948809999999999	-0.0791865	0.06277669999999999	0.0	2.7024	1.9949700000000001	1.43058	0.0	
0	-0.190796	0.500103	-0.844686	0.0	0.0513645	0.864401	0.500173	0.0	0.9802850000000001	0.0520441	-0.19061199999999998	0.0	-2.72131	1.86221	1.02972	0.0	-0.0956932	0.556284	-0.825464	0.0	0.011957299999999999	-0.828567	-0.559762	0.0	-0.995339	-0.0634357	0.0726365	0.0	2.70935	1.93802	1.38152	0.0	
0	-0.189412	0.493774	-0.8487110000000001	0.0	0.051299000000000004	0.8681540000000001	0.493637	0.0	0.980557	0.0499625	-0.189769	0.0	-2.68185	1.85434	1.00263	0.0	-0.0709125	0.52166	-0.850202	0.0	-0.0185257	-0.8528889999999999	-0.521764	0.0	-0.9973110000000001	-0.021249	0.0701445	0.0	2.70519	1.91282	1.3383399999999999	0.0	
0	-0.193163	0.507664	-0.839622	0.0	0.0449001	0.859416	0.509302	0.0	0.980139	0.0606789	-0.188801	0.0	-2.63078	1.8169400000000002	0.933174	0.0	-0.0577535	0.539067	-0.840281	0.0	-0.0519895	-0.842167	-0.536704	0.0	-0.996976	0.012689299999999999	0.0766637	0.0	2.69842	1.83958	1.28342	0.0	
0	-0.199004	0.515178	-0.8336600000000001	0.0	0.0376343	0.8540639999999999	0.518804	0.0	0.979276	0.0718697	-0.18935	0.0	-2.59603	1.8088	0.821408	0.0	-0.07267539999999999	0.557747	-0.826823	0.0	-0.0588826	-0.8299690000000001	-0.5546939999999999	0.0	-0.995616	0.00837293	0.09316	0.0	2.68283	1.7485700000000002	1.2488299999999999	0.0	
0	-0.230217	0.512548	-0.8272209999999999	0.0	0.00843349	0.851073	0.52498	0.0	0.973103	0.113883	-0.200254	0.0	-2.55894	1.8216	0.7384149999999999	0.0	-0.09083560000000002	0.528596	-0.8440000000000001	0.0	-0.0159218	-0.848166	-0.529492	0.0	-0.9957389999999999	-0.034658600000000005	0.0854596	0.0	2.6951099999999997	1.63553	1.2416200000000002	0.0	
0	-0.26163200000000003	0.490821	-0.83105	0.0	-0.0307349	0.856368	0.515451	0.0	0.964678	0.1604	-0.208968	0.0	-2.5101400000000003	1.8654	0.641529	0.0	-0.0567957	0.490967	-0.869325	0.0	0.0318476	-0.869397	-0.493088	0.0	-0.997878	-0.05569109999999999	0.0337416	0.0	2.69651	1.60228	1.19833	0.0	
0	-0.278415	0.509536	-0.8141609999999999	0.0	-0.00108114	0.84751	0.530778	0.0	0.960461	0.14865599999999998	-0.235408	0.0	-2.47551	1.8924900000000002	0.5685479999999999	0.0	-0.10930999999999999	0.4813	-0.869714	0.0	0.0184759	-0.873822	-0.48589499999999997	0.0	-0.993836	-0.0691822	0.0866252	0.0	2.62594	1.56417	1.2995	0.0	
0	-0.242418	0.582086	-0.776151	0.0	0.0837712	0.809584	0.5809949999999999	0.0	0.966548	0.0758246	-0.24502	0.0	-2.47215	1.8781400000000001	0.5571729999999999	0.0	-0.11153900000000001	0.530582	-0.8402629999999999	0.0	0.0496137	-0.841512	-0.537956	0.0	-0.9925209999999999	-0.101691	0.06753669999999999	0.0	2.60716	1.57246	1.32185	0.0	
0	-0.206932	0.63093	-0.747734	0.0	0.129324	0.7752100000000001	0.618324	0.0	0.96977	0.031251	-0.242011	0.0	-2.46667	1.8232400000000002	0.523123	0.0	-0.0840775	0.535415	-0.8403940000000001	0.0	0.04378819999999999	-0.8405809999999999	-0.539914	0.0	-0.995497	-0.0821939	0.0472289	0.0	2.61164	1.5838	1.20392	0.0	
0	-0.206877	0.663656	-0.718862	0.0	0.14341800000000002	0.74739	0.648721	0.0	0.9677979999999999	0.031107999999999997	-0.249798	0.0	-2.45505	1.7145299999999999	0.390395	0.00034526699999999996	-0.07888049999999999	0.527668	-0.84578	0.0	0.05183480000000001	-0.8451049999999999	-0.532081	0.0	-0.9955360000000001	-0.08581169999999999	0.0393107	0.0	2.58462	1.55841	1.05106	0.0	
0	-0.197898	0.680026	-0.705976	0.0	0.155596	0.732881	0.662326	0.0	0.9677950000000001	0.0212258	-0.250845	0.0	-2.43577	1.61792	0.299506	0.0	-0.07444939999999999	0.545665	-0.8346899999999999	0.0	0.0506987	-0.83386	-0.5496439999999999	0.0	-0.995935	-0.0832383	0.0344158	0.0	2.50867	1.5348600000000001	0.874167	0.0	
0	-0.193079	0.70417	-0.683276	0.0	0.148706	0.709336	0.689006	0.0	0.969849	0.031424799999999996	-0.24167199999999997	0.0	-2.40542	1.46127	0.16766099999999998	0.0	-0.0840735	0.565338	-0.820564	0.0	0.07785399999999999	-0.817235	-0.571021	0.0	-0.9934139999999999	-0.111892	0.024694	0.0	2.427	1.46494	0.650876	0.0	
0	-0.20095	0.7351340000000001	-0.647455	0.0	0.158093	0.67661	0.71917	0.0	0.9667600000000001	0.042159300000000004	-0.252185	0.0	-2.4169	1.32891	0.012120700000000002	0.0961261	-0.100867	0.577485	-0.810146	0.0	0.135607	-0.798719	-0.586224	0.0	-0.985615	-0.168992	0.00225393	0.0	2.32954	1.34285	0.432421	0.179378	
0	-0.191078	0.765917	-0.613889	0.0	0.166406	0.641636	0.74874	0.0	0.967367	0.040913	-0.250056	0.0	-2.42863	1.2050299999999998	-0.13203900000000002	0.30769	-0.12439700000000001	0.5739350000000001	-0.809397	0.0	0.20294700000000002	-0.783771	-0.586955	0.0	-0.9712559999999999	-0.23728000000000002	-0.0189796	0.0	2.22574	1.2264899999999999	0.285823	0.202939	
0	-0.126853	0.80172	-0.584084	0.0	0.17221199999999998	0.597699	0.7830060000000001	0.0	0.976858	-0.00125957	-0.213885	0.0	-2.4371	0.9930950000000001	-0.300082	0.31258600000000003	-0.137847	0.575942	-0.8057850000000001	0.0	0.21341100000000002	-0.7771710000000001	-0.5919989999999999	0.0	-0.967189	-0.25356799999999996	-0.0157818	0.0	2.1654400000000003	1.0820100000000001	0.0956759	0.153566	
0	-0.0812334	0.83541	-0.543592	0.0	0.199328	0.5479930000000001	0.812387	0.0	0.97656	-0.0423601	-0.211035	0.0	-2.47421	0.786629	-0.475429	0.210391	-0.141492	0.57604	-0.805083	0.0	0.23478400000000002	-0.770534	-0.592583	0.0	-0.9616950000000001	-0.272866	-0.026220499999999997	0.0	2.13558	0.9802129999999999	-0.0848857	0.15498599999999998	
0	-0.0871529	0.859848	-0.503057	0.0	0.22540700000000002	0.508903	0.8307889999999999	0.0	0.970359	-0.040987	-0.238168	0.0	-2.5375799999999997	0.704955	-0.728074	0.20786100000000002	-0.134963	0.5833050000000001	-0.800962	0.0	0.240277	-0.764964	-0.597576	0.0	-0.961276	-0.27310300000000004	-0.0369129	0.0	2.10354	0.886899	-0.288963	0.14904	
0	-0.09239580000000001	0.8664709999999999	-0.490604	0.0	0.23475700000000002	0.497778	0.834929	0.0	0.9676530000000001	-0.0380287	-0.24940199999999998	0.0	-2.55451	0.627689	-0.9382520000000001	0.20140999999999998	-0.133189	0.598508	-0.789968	0.0	0.25231	-0.7503310000000001	-0.6110180000000001	0.0	-0.9584370000000001	-0.280697	-0.0510743	0.0	2.0559	0.803982	-0.501764	0.166009	
0	-0.0921087	0.856927	-0.507142	0.0	0.22212300000000001	0.5141560000000001	0.8284360000000001	0.0	0.970658	-0.0363415	-0.23770100000000002	0.0	-2.53123	0.507011	-1.11504	0.178095	-0.102121	0.5908100000000001	-0.800322	0.0	0.258372	-0.761165	-0.594871	0.0	-0.960633	-0.267529	-0.0749177	0.0	2.03483	0.723367	-0.758474	0.21652600000000002	
0	-0.07734500000000001	0.844823	-0.529425	0.0	0.218117	0.5324909999999999	0.81785	0.0	0.9728530000000001	-0.05221990000000001	-0.225456	0.0	-2.50317	0.328546	-1.2600799999999999	0.17894300000000002	-0.111883	0.592659	-0.7976449999999999	0.0	0.261857	-0.756732	-0.598989	0.0	-0.9586	-0.275885	-0.07052649999999999	0.0	1.9990400000000002	0.631316	-0.937833	0.222031	
0	-0.06484490000000001	0.837083	-0.543219	0.0	0.216914	0.543172	0.811118	0.0	0.974035	-0.0652351	-0.216797	0.0	-2.45762	0.128306	-1.43944	0.180901	-0.130517	0.602689	-0.78723	0.0	0.27058499999999996	-0.742225	-0.613095	0.0	-0.953807	-0.293032	-0.0662058	0.0	1.96672	0.54079	-1.02895	0.22510500000000003	
0	-0.0613604	0.841068	-0.537439	0.0	0.215574	0.536912	0.815631	0.0	0.974558	-0.06581039999999999	-0.214257	0.0	-2.40944	0.0138257	-1.61703	0.180327	-0.128273	0.631683	-0.764541	0.0	0.270175	-0.719493	-0.6397930000000001	0.0	-0.9542280000000001	-0.288628	-0.0783735	0.0	1.9484599999999999	0.46209300000000003	-1.1739899999999999	0.23694	
0	-0.07486860000000001	0.8483350000000001	-0.5241399999999999	0.0	0.228621	0.5262180000000001	0.81904	0.0	0.9706319999999999	-0.0585092	-0.23334499999999997	0.0	-2.39374	-0.0525868	-1.8110099999999998	0.175827	-0.127143	0.654406	-0.745378	0.0	0.263852	-0.702087	-0.661405	0.0	-0.956147	-0.280762	-0.08340139999999999	0.0	1.93651	0.380533	-1.3165200000000001	0.257626	
0	-0.08542369999999999	0.864721	-0.494935	0.0	0.24042199999999997	0.49996199999999996	0.8320069999999999	0.0	0.966902	-0.0479204	-0.250607	0.0	-2.39731	-0.048854	-2.0152200000000002	0.16409200000000002	-0.136996	0.679481	-0.7207899999999999	0.0	0.266625	-0.675503	-0.6874640000000001	0.0	-0.9540139999999999	-0.28636	-0.0886253	0.0	1.93514	0.29354	-1.53522	0.259421	
0	-0.0985206	0.877566	-0.469225	0.0	0.257934	0.47792399999999996	0.839678	0.0	0.961126	-0.0383038	-0.27344	0.0	-2.41109	-0.00177055	-2.24126	0.16181500000000001	-0.152324	0.701393	-0.696308	0.0	0.275939	-0.646332	-0.7114159999999999	0.0	-0.9490280000000001	-0.300504	-0.0950904	0.0	1.89808	0.19053499999999998	-1.7112900000000002	0.265499	
0	-0.11142300000000001	0.879863	-0.46198100000000003	0.0	0.269656	0.474203	0.8381040000000001	0.0	0.9564889999999999	-0.031191800000000002	-0.290097	0.0	-2.4270099999999997	0.0430475	-2.3765400000000003	0.16128900000000002	-0.154064	0.710899	-0.686212	0.0	0.272514	-0.636993	-0.721093	0.0	-0.949737	-0.298097	-0.0955922	0.0	1.88057	0.134771	-1.84073	0.266423	
0	-0.128341	0.8794719999999999	-0.45832	0.0	0.280723	0.47545699999999996	0.8337479999999999	0.0	0.9511700000000001	-0.0216572	-0.307908	0.0	-2.47402	0.09187680000000001	-2.50775	0.156092	-0.154999	0.718873	-0.6776399999999999	0.0	0.269057	-0.629283	-0.729116	0.0	-0.95057	-0.295337	-0.09587960000000001	0.0	1.85011	0.0946722	-1.9182400000000002	0.277762	
0	-0.117317	0.8831760000000001	-0.454133	0.0	0.278231	0.468207	0.838672	0.0	0.9533229999999999	-0.027963599999999998	-0.300655	0.0	-2.5424900000000004	0.0458291	-2.52955	0.152732	-0.162433	0.7201890000000001	-0.674495	0.0	0.26658699999999996	-0.62612	-0.732738	0.0	-0.950025	-0.29883200000000004	-0.09029060000000001	0.0	1.80915	0.034545599999999996	-1.93018	0.27781300000000003	
0	-0.101495	0.878131	-0.46753	0.0	0.26966799999999996	0.47664700000000004	0.8367120000000001	0.0	0.9575899999999999	-0.041155800000000006	-0.285182	0.0	-2.57954	-0.056936099999999996	-2.5211099999999997	0.141179	-0.178463	0.7176640000000001	-0.673134	0.0	0.266901	-0.623159	-0.7351439999999999	0.0	-0.9470559999999999	-0.310856	-0.080335	0.0	1.80377	-0.05682190000000001	-1.9000099999999998	0.277733	
0	-0.0754044	0.873891	-0.480238	0.0	0.259098	0.482238	0.8368479999999999	0.0	0.9629030000000001	-0.061327	-0.262787	0.0	-2.5844	-0.21275500000000003	-2.45338	0.13967000000000002	-0.20127	0.720692	-0.663396	0.0	0.272177	-0.609438	-0.7446510000000001	0.0	-0.9409620000000001	-0.330437	-0.0734936	0.0	1.85667	-0.20158800000000002	-1.8669	0.282562	
0	-0.044873199999999995	0.8680209999999999	-0.494496	0.0	0.24884499999999998	0.489104	0.835975	0.0	0.9675030000000001	-0.0855398	-0.23795	0.0	-2.60703	-0.341055	-2.41661	0.14208900000000002	-0.212265	0.718683	-0.662148	0.0	0.25294	-0.6140899999999999	-0.747607	0.0	-0.943909	-0.32617399999999996	-0.05143430000000001	0.0	1.93625	-0.33829899999999996	-1.81387	0.308722	
0	-0.026800499999999998	0.863593	-0.503476	0.0	0.238499	0.49463599999999996	0.835735	0.0	0.970773	-0.0976804	-0.219223	0.0	-2.5931	-0.444008	-2.35927	0.14313199999999998	-0.19363699999999998	0.724867	-0.661114	0.0	0.252621	-0.614306	-0.747536	0.0	-0.947991	-0.311762	-0.064164	0.0	1.99737	-0.380282	-1.87533	0.318931	
0	-0.016755799999999998	0.8597239999999999	-0.510484	0.0	0.22830799999999998	0.5003569999999999	0.835175	0.0	0.9734450000000001	-0.10255299999999999	-0.204665	0.0	-2.57802	-0.49237299999999995	-2.3589700000000002	0.142243	-0.185589	0.728904	-0.65898	0.0	0.25724600000000003	-0.611201	-0.748504	0.0	-0.948357	-0.30843400000000004	-0.0740756	0.0	2.04343	-0.381878	-1.9135799999999998	0.319949	
0	-0.0115346	0.8597239999999999	-0.510629	0.0	0.21775799999999998	0.500567	0.8378629999999999	0.0	0.975935	-0.101529	-0.192985	0.0	-2.53923	-0.541127	-2.34063	0.135787	-0.172684	0.729413	-0.6619189999999999	0.0	0.258966	-0.614751	-0.744996	0.0	-0.950325	-0.300064	-0.08273589999999999	0.0	2.1354	-0.38463800000000004	-1.97685	0.320527	
0	-0.0197741	0.850627	-0.525397	0.0	0.191613	0.518983	0.833031	0.0	0.9812719999999999	-0.0842004	-0.173254	0.0	-2.5282400000000003	-0.6266	-2.29319	0.114543	-0.170763	0.72949	-0.6623319999999999	0.0	0.262365	-0.614272	-0.7442	0.0	-0.9497389999999999	-0.30085500000000004	-0.0864972	0.0	2.19587	-0.38764099999999996	-2.0209200000000003	0.319893	
0	-0.025374400000000002	0.845807	-0.532886	0.0	0.173949	0.5286609999999999	0.8308190000000001	0.0	0.9844280000000001	-0.0716133	-0.16054200000000002	0.0	-2.50866	-0.659852	-2.25584	0.11083499999999999	-0.171774	0.7296600000000001	-0.661884	0.0	0.264819	-0.6129399999999999	-0.74443	0.0	-0.948876	-0.303153	-0.0879409	0.0	2.22752	-0.386735	-2.03818	0.32008400000000004	
0	-0.032117900000000005	0.840867	-0.540289	0.0	0.160307	0.537903	0.827624	0.0	0.9865450000000001	-0.0600306	-0.152073	0.0	-2.50133	-0.675018	-2.24515	0.10753900000000001	-0.167001	0.7295159999999999	-0.663263	0.0	0.263623	-0.6151800000000001	-0.743006	0.0	-0.95006	-0.29893400000000003	-0.08958200000000001	0.0	2.2459599999999997	-0.385534	-2.05404	0.319392	
0	-0.0315067	0.839298	-0.542759	0.0	0.156276	0.540486	0.8267120000000001	0.0	0.9872110000000001	-0.05877330000000001	-0.14819100000000002	0.0	-2.49605	-0.677132	-2.24677	0.10830999999999999	-0.166674	0.729121	-0.663779	0.0	0.263154	-0.615883	-0.742589	0.0	-0.950247	-0.298446	-0.08922000000000001	0.0	2.2511799999999997	-0.385486	-2.0581	0.31953400000000004	
0	-0.027785400000000005	0.835895	-0.548185	0.0	0.143147	0.546072	0.825418	0.0	0.989311	-0.055536699999999994	-0.134829	0.0	-2.48736	-0.7039810000000001	-2.19627	0.11104100000000001	-0.16780699999999998	0.730108	-0.662407	0.0	0.264393	-0.613987	-0.743718	0.0	-0.9497040000000001	-0.299937	-0.0900045	0.0	2.2614	-0.386008	-2.06092	0.3197	
0	-0.0247387	0.8360690000000001	-0.5480659999999999	0.0	0.14583	0.545388	0.825401	0.0	0.9890000000000001	-0.05950509999999999	-0.135416	0.0	-2.49113	-0.713644	-2.16582	0.11553699999999999	-0.16807	0.730316	-0.662111	0.0	0.26558200000000004	-0.613284	-0.7438739999999999	0.0	-0.949326	-0.300867	-0.090884	0.0	2.2878700000000003	-0.38876	-2.06238	0.319309	
0	-0.0205519	0.833729	-0.5517920000000001	0.0	0.147311	0.5484100000000001	0.823132	0.0	0.988877	-0.0643682	-0.134089	0.0	-2.5002299999999997	-0.718395	-2.15382	0.115825	-0.167695	0.72941	-0.663204	0.0	0.265425	-0.614484	-0.7429399999999999	0.0	-0.9494360000000001	-0.300618	-0.0905578	0.0	2.3149900000000003	-0.39103499999999997	-2.06609	0.318562	
0	-0.014424200000000002	0.83041	-0.556966	0.0	0.147775	0.552678	0.820189	0.0	0.988916	-0.070475	-0.130686	0.0	-2.49852	-0.7196560000000001	-2.15097	0.11621500000000001	-0.167291	0.7291350000000001	-0.663608	0.0	0.265059	-0.61505	-0.7426020000000001	0.0	-0.949609	-0.300126	-0.09037139999999999	0.0	2.32503	-0.39468400000000003	-2.0592599999999996	0.31866500000000003	
0	-0.0104606	0.8283659999999999	-0.56009	0.0	0.148506	0.555195	0.818354	0.0	0.988856	-0.0746164	-0.128825	0.0	-2.4963900000000003	-0.721205	-2.14625	0.11583199999999999	-0.166757	0.7283430000000001	-0.664612	0.0	0.263834	-0.61651	-0.741827	0.0	-0.950044	-0.299052	-0.08935470000000001	0.0	2.32363	-0.397478	-2.0507299999999997	0.317077	
0	-0.00510336	0.8263450000000001	-0.563141	0.0	0.150386	0.5573779999999999	0.816525	0.0	0.988614	-0.0805217	-0.127115	0.0	-2.50125	-0.723619	-2.13901	0.116034	-0.16379100000000002	0.726757	-0.66708	0.0	0.260513	-0.6203420000000001	-0.739803	0.0	-0.951475	-0.294956	-0.0877239	0.0	2.32671	-0.39960500000000004	-2.05135	0.315225	
0	-0.0034983	0.825643	-0.564182	0.0	0.151612	0.5581010000000001	0.815804	0.0	0.988434	-0.08268289999999999	-0.12713	0.0	-2.52065	-0.726671	-2.13268	0.115271	-0.163579	0.7242029999999999	-0.669905	0.0	0.257769	-0.6240859999999999	-0.737613	0.0	-0.952259	-0.29333899999999996	-0.0845904	0.0	2.3221	-0.406342	-2.03345	0.313777	
0	-0.00241311	0.8256879999999999	-0.5641229999999999	0.0	0.153361	0.557756	0.815714	0.0	0.988167	-0.0845461	-0.127974	0.0	-2.5319599999999998	-0.726102	-2.13275	0.11483099999999999	-0.163963	0.721971	-0.672216	0.0	0.25643699999999997	-0.626816	-0.735759	0.0	-0.9525520000000001	-0.293018	-0.0823652	0.0	2.30724	-0.40794600000000003	-2.02313	0.312839	
0	-0.00245777	0.825679	-0.564135	0.0	0.153327	0.5577770000000001	0.815706	0.0	0.9881719999999999	-0.0844923	-0.12797	0.0	-2.53002	-0.725349	-2.13466	0.114677	-0.163936	0.721975	-0.672218	0.0	0.256434	-0.626822	-0.735755	0.0	-0.952558	-0.292996	-0.08238089999999999	0.0	2.30706	-0.407862	-2.02331	0.312894	
0	-0.00245908	0.825678	-0.564136	0.0	0.153327	0.557778	0.815705	0.0	0.988173	-0.08449119999999999	-0.12797	0.0	-2.53001	-0.7253569999999999	-2.13464	0.114676	-0.163936	0.721975	-0.672219	0.0	0.256434	-0.626822	-0.735755	0.0	-0.952558	-0.292996	-0.08238089999999999	0.0	2.30709	-0.40786100000000003	-2.02332	0.312894	
0	-0.002459	0.825678	-0.564136	0.0	0.153327	0.557778	0.815705	0.0	0.9881719999999999	-0.0844913	-0.12797	0.0	-2.53001	-0.7253569999999999	-2.13464	0.114677	-0.163936	0.721975	-0.672219	0.0	0.256434	-0.626822	-0.735755	0.0	-0.952558	-0.292996	-0.08238089999999999	0.0	2.30709	-0.40786100000000003	-2.02332	0.312894	
0	-0.00245905	0.825678	-0.564136	0.0	0.153327	0.557778	0.815705	0.0	0.988173	-0.0844913	-0.12797	0.0	-2.53001	-0.725356	-2.13464	0.114677	-0.163935	0.721975	-0.672219	0.0	0.256434	-0.626822	-0.735755	0.0	-0.952558	-0.292996	-0.0823807	0.0	2.30709	-0.40786100000000003	-2.02332	0.312894	
0	-0.00245908	0.825678	-0.564136	0.0	0.153327	0.557778	0.815705	0.0	0.988173	-0.08449119999999999	-0.12797	0.0	-2.53001	-0.7253569999999999	-2.13464	0.114676	-0.163935	0.721975	-0.672219	0.0	0.256434	-0.626822	-0.735755	0.0	-0.952558	-0.292996	-0.0823807	0.0	2.30709	-0.40786100000000003	-2.02332	0.312894	
0	-0.002459	0.825678	-0.564136	0.0	0.153327	0.557778	0.815705	0.0	0.9881719999999999	-0.0844913	-0.12797	0.0	-2.53001	-0.7253569999999999	-2.13464	0.114677	-0.163936	0.721975	-0.672218	0.0	0.256434	-0.626822	-0.735755	0.0	-0.952558	-0.292996	-0.0823807	0.0	2.30709	-0.40786100000000003	-2.02332	0.312894	
0	-0.002459	0.825678	-0.564136	0.0	0.153327	0.557778	0.815705	0.0	0.9881719999999999	-0.0844913	-0.12797	0.0	-2.53001	-0.7253569999999999	-2.13464	0.114677	-0.163936	0.721975	-0.672219	0.0	0.256434	-0.626822	-0.735755	0.0	-0.952558	-0.292996	-0.08238089999999999	0.0	2.30709	-0.40786100000000003	-2.02332	0.312894	
0	-0.00245905	0.825678	-0.564136	0.0	0.153327	0.557778	0.815705	0.0	0.988173	-0.08449119999999999	-0.12797	0.0	-2.53001	-0.7253569999999999	-2.13464	0.114677	-0.163936	0.721975	-0.672219	0.0	0.256434	-0.626822	-0.735755	0.0	-0.952558	-0.292996	-0.08238089999999999	0.0	2.30709	-0.40786100000000003	-2.02332	0.312894	
0	-0.00245905	0.825678	-0.564136	0.0	0.153327	0.557778	0.815705	0.0	0.988173	-0.08449119999999999	-0.12797	0.0	-2.53001	-0.7253569999999999	-2.13464	0.114677	-0.163936	0.721975	-0.672219	0.0	0.256434	-0.626822	-0.735755	0.0	-0.952558	-0.292996	-0.08238089999999999	0.0	2.30709	-0.40786100000000003	-2.02332	0.312894	
0	-0.00245908	0.825678	-0.564136	0.0	0.153327	0.557778	0.815705	0.0	0.988173	-0.08449119999999999	-0.12797	0.0	-2.53001	-0.725356	-2.13464	0.114676	-0.163936	0.721975	-0.672219	0.0	0.256434	-0.626822	-0.735755	0.0	-0.952558	-0.292996	-0.08238089999999999	0.0	2.30709	-0.40786100000000003	-2.02332	0.312894	
0	-0.002459	0.825678	-0.564136	0.0	0.153327	0.557778	0.815705	0.0	0.9881719999999999	-0.0844913	-0.12797	0.0	-2.53001	-0.7253569999999999	-2.13464	0.114677	-0.163936	0.721975	-0.672219	0.0	0.256434	-0.626822	-0.735755	0.0	-0.952558	-0.292996	-0.08238089999999999	0.0	2.30709	-0.40786100000000003	-2.02332	0.312894	
0	-0.002459	0.825678	-0.564136	0.0	0.153327	0.557778	0.815705	0.0	0.9881719999999999	-0.0844913	-0.12797	0.0	-2.53001	-0.725356	-2.13464	0.114677	-0.163936	0.721975	-0.672219	0.0	0.256434	-0.626822	-0.735755	0.0	-0.952558	-0.292996	-0.08238089999999999	0.0	2.30709	-0.40786100000000003	-2.02332	0.312894	
0	-0.00245908	0.825679	-0.564136	0.0	0.153327	0.557778	0.815705	0.0	0.988173	-0.08449119999999999	-0.12797	0.0	-2.53001	-0.7253569999999999	-2.13464	0.114676	-0.163936	0.721975	-0.672219	0.0	0.256434	-0.626822	-0.735755	0.0	-0.952558	-0.292996	-0.08238089999999999	0.0	2.30709	-0.40786100000000003	-2.02332	0.312894	
0	-0.00245905	0.825678	-0.564136	0.0	0.153327	0.557778	0.815705	0.0	0.988173	-0.08449119999999999	-0.12797	0.0	-2.53001	-0.7253569999999999	-2.13464	0.114677	-0.163936	0.721975	-0.672219	0.0	0.256434	-0.626822	-0.735755	0.0	-0.952558	-0.292996	-0.08238089999999999	0.0	2.30709	-0.40786100000000003	-2.02332	0.312894	
0	-0.00245905	0.825678	-0.564136	0.0	0.153327	0.557778	0.815705	0.0	0.9881719999999999	-0.08449119999999999	-0.12797	0.0	-2.53001	-0.7253569999999999	-2.13464	0.114677	-0.163936	0.721975	-0.672219	0.0	0.256434	-0.626822	-0.735755	0.0	-0.952558	-0.292996	-0.08238089999999999	0.0	2.30709	-0.40786100000000003	-2.02332	0.312894	
0	-0.002459	0.825678	-0.564136	0.0	0.153327	0.557778	0.815705	0.0	0.9881719999999999	-0.0844913	-0.12797	0.0	-2.53001	-0.725356	-2.13464	0.114677	-0.163936	0.721975	-0.672219	0.0	0.256434	-0.626822	-0.735755	0.0	-0.952558	-0.292996	-0.08238089999999999	0.0	2.30709	-0.40786100000000003	-2.02332	0.312894	
0	-0.00245905	0.825678	-0.564136	0.0	0.153327	0.557778	0.815705	0.0	0.9881719999999999	-0.08449119999999999	-0.12797	0.0	-2.53001	-0.7253569999999999	-2.13464	0.114677	-0.163936	0.721975	-0.672219	0.0	0.256434	-0.626822	-0.735755	0.0	-0.952558	-0.292996	-0.08238089999999999	0.0	2.30709	-0.40786100000000003	-2.02332	0.312894	
0	-0.002459	0.825678	-0.564136	0.0	0.153327	0.557778	0.815705	0.0	0.9881719999999999	-0.0844913	-0.12797	0.0	-2.53001	-0.725356	-2.13464	0.114678	-0.163936	0.721975	-0.672219	0.0	0.256434	-0.626822	-0.735755	0.0	-0.952558	-0.292996	-0.08238089999999999	0.0	2.30709	-0.40786100000000003	-2.02332	0.312894	
0	-0.00245905	0.825678	-0.564136	0.0	0.153327	0.557778	0.815705	0.0	0.9881719999999999	-0.08449119999999999	-0.12797	0.0	-2.53001	-0.7253569999999999	-2.13464	0.114677	-0.163936	0.721975	-0.672219	0.0	0.256434	-0.626822	-0.735755	0.0	-0.952558	-0.292996	-0.0823808	0.0	2.30709	-0.40786100000000003	-2.02332	0.312894	
0	-0.002459	0.825678	-0.564136	0.0	0.153327	0.557778	0.815705	0.0	0.9881719999999999	-0.0844913	-0.12797	0.0	-2.53001	-0.7253569999999999	-2.13464	0.114677	-0.163936	0.721975	-0.672219	0.0	0.256434	-0.626822	-0.735755	0.0	-0.952558	-0.292996	-0.08238089999999999	0.0	2.30709	-0.40786100000000003	-2.02332	0.312894	
0	-0.1561	0.8405459999999999	-0.518764	0.0	-0.0235898	0.52188	0.852693	0.0	0.98746	0.145343	-0.061637300000000006	0.0	-2.52895	-0.77512	-2.19462	0.186415	-0.043681599999999994	0.6518550000000001	-0.757084	0.0	0.0757564	-0.7534649999999999	-0.6531100000000001	0.0	-0.9961690000000001	-0.0858828	-0.016469900000000003	0.0	2.29083	-0.377746	-1.9839799999999999	0.278861	
0	-0.199522	0.837249	-0.509123	0.0	-0.08597830000000001	0.502607	0.8602290000000001	0.0	0.9761139999999999	0.215408	-0.0282959	0.0	-2.5192900000000003	-0.785039	-2.1884900000000003	0.218271	-0.0115542	0.630166	-0.776375	0.0	0.0159207	-0.776212	-0.630271	0.0	-0.999807	-0.019642700000000003	-0.00106424	0.0	2.3104	-0.371356	-1.99793	0.263842	
0	-0.19842200000000002	0.8374870000000001	-0.509161	0.0	-0.09272689999999999	0.50112	0.8603959999999999	0.0	0.975721	0.21793400000000002	-0.021775700000000002	0.0	-2.50685	-0.80133	-2.20147	0.224377	-0.011165799999999998	0.636047	-0.77157	0.0	0.0161815	-0.771402	-0.636142	0.0	-0.999807	-0.019588099999999997	-0.00167888	0.0	2.31418	-0.435355	-2.0344599999999997	0.26340399999999997	
0	-0.19650499999999999	0.839701	-0.5062479999999999	0.0	-0.0956916	0.49742700000000006	0.8622120000000001	0.0	0.975822	0.217873	-0.0173947	0.0	-2.4900599999999997	-0.8059310000000001	-2.2039299999999997	0.231246	-0.0100061	0.64012	-0.7682100000000001	0.0	0.0152194	-0.768062	-0.640195	0.0	-0.999834	-0.0180975	-0.00205703	0.0	2.3075099999999997	-0.46745	-2.048	0.26423800000000003	
0	-0.19531199999999999	0.842131	-0.5026609999999999	0.0	-0.0915431	0.49463999999999997	0.8642639999999999	0.0	0.97646	0.21481599999999998	-0.0195181	0.0	-2.48835	-0.804754	-2.2035099999999996	0.23525100000000002	-0.00975657	0.643872	-0.7650710000000001	0.0	0.014465200000000001	-0.764937	-0.643943	0.0	-0.999848	-0.0173496	-0.00185075	0.0	2.3043	-0.477484	-2.05272	0.264513	
0	-0.183903	0.8571280000000001	-0.48115699999999995	0.0	-0.07638450000000001	0.47556400000000004	0.876359	0.0	0.979972	0.197917	-0.0219863	0.0	-2.47357	-0.839996	-2.20202	0.255375	-0.016109799999999997	0.650241	-0.7595569999999999	0.0	0.013552100000000001	-0.759444	-0.650432	0.0	-0.9997790000000001	-0.0207718	0.00342201	0.0	2.2796	-0.49803400000000003	-2.04914	0.265517	
0	-0.113601	0.9021959999999999	-0.41609799999999997	0.0	-0.0120285	0.417529	0.9085840000000001	0.0	0.9934540000000001	0.108221	-0.0365797	0.0	-2.4847900000000003	-0.9717950000000001	-2.1997	0.28193	-0.0285056	0.665361	-0.745978	0.0	0.0188205	-0.745791	-0.665914	0.0	-0.999417	-0.033021800000000004	0.00873661	0.0	2.25742	-0.547672	-2.0550200000000003	0.285407	
0	0.0276621	0.940508	-0.33864299999999997	0.0	0.0875459	0.33519099999999996	0.938074	0.0	0.995776	-0.055596000000000007	-0.07306560000000001	0.0	-2.49494	-1.32166	-2.22811	0.325302	-0.0710306	0.689258	-0.7210260000000001	0.0	0.051232799999999995	-0.719377	-0.692728	0.0	-0.996158	-0.086145	0.015784899999999998	0.0	2.21418	-0.696509	-2.0716099999999997	0.309465	
0	0.244013	0.9311389999999999	-0.270996	0.0	0.179869	0.231138	0.95615	0.0	0.952945	-0.282057	-0.111082	0.0	-2.5501	-1.7947799999999998	-2.25149	0.347089	-0.133266	0.703765	-0.697822	0.0	0.0969926	-0.691461	-0.715873	0.0	-0.986323	-0.16308499999999998	0.023888200000000002	0.0	2.15687	-0.921416	-2.0989400000000002	0.320679	
0	0.41530600000000006	0.884833	-0.211168	0.0	0.241646	0.11648599999999999	0.963347	0.0	0.876999	-0.451112	-0.165439	0.0	-2.69542	-2.20781	-2.36012	0.34779	-0.203478	0.701688	-0.682811	0.0	0.158771	-0.6645220000000001	-0.7302069999999999	0.0	-0.9661200000000001	-0.25699099999999997	0.023808199999999998	0.0	2.1193	-1.20325	-2.11465	0.323807	
0	0.5081289999999999	0.835169	-0.210468	0.0	0.270375	0.07733630000000001	0.959644	0.0	0.817742	-0.544529	-0.18651199999999998	0.0	-2.80741	-2.43228	-2.43899	0.347428	-0.2351	0.693968	-0.680541	0.0	0.180672	-0.656762	-0.7321350000000001	0.0	-0.955032	-0.295079	0.029024	0.0	2.1068700000000002	-1.34913	-2.1295599999999997	0.32392	
0	0.615525	0.7562760000000001	-0.221757	0.0	0.303879	0.0318765	0.952177	0.0	0.7271770000000001	-0.6534760000000001	-0.210195	0.0	-3.07315	-2.7824299999999997	-2.52508	0.342667	-0.285192	0.676954	-0.678527	0.0	0.213333	-0.645336	-0.733506	0.0	-0.934428	-0.35394200000000003	0.039627499999999996	0.0	2.07404	-1.60006	-2.1374400000000002	0.324092	
0	0.643107	0.728418	-0.236263	0.0	0.343567	0.00127691	0.939127	0.0	0.684379	-0.685132	-0.24944000000000002	0.0	-3.3445099999999996	-2.90825	-2.63568	0.320481	-0.320858	0.664574	-0.6748270000000001	0.0	0.229591	-0.6366729999999999	-0.736163	0.0	-0.9188790000000001	-0.391138	0.051701300000000006	0.0	2.05804	-1.8304599999999998	-2.1192599999999997	0.323728	
0	0.645558	0.721067	-0.251629	0.0	0.39265700000000003	-0.030777699999999998	0.91917	0.0	0.655039	-0.692181	-0.303001	0.0	-3.4773400000000003	-2.84607	-2.7791	0.31038000000000004	-0.327793	0.6624329999999999	-0.673599	0.0	0.230771	-0.635252	-0.737021	0.0	-0.916132	-0.397037	0.055360900000000005	0.0	2.03215	-1.9053	-2.09145	0.323019	
0	0.65835	0.705633	-0.262025	0.0	0.41646700000000003	-0.0515047	0.907691	0.0	0.627001	-0.706703	-0.327781	0.0	-3.63446	-2.79964	-2.83337	0.29934	-0.334512	0.659634	-0.673042	0.0	0.229983	-0.635451	-0.737096	0.0	-0.913898	-0.401355	0.060861	0.0	2.00569	-1.9400700000000002	-2.07856	0.32218	
0	0.6529550000000001	0.706558	-0.27281	0.0	0.43045	-0.0498151	0.9012389999999999	0.0	0.6231869999999999	-0.7059	-0.336665	0.0	-3.71431	-2.78228	-2.85493	0.29643600000000003	-0.337435	0.657803	-0.673374	0.0	0.231632	-0.635314	-0.736697	0.0	-0.9124059999999999	-0.404562	0.062009	0.0	1.9998799999999999	-1.9509599999999998	-2.07638	0.32156	
0	0.6055470000000001	0.733466	-0.308772	0.0	0.47028100000000006	-0.0168116	0.8823559999999999	0.0	0.641988	-0.6795180000000001	-0.355116	0.0	-3.8153699999999997	-2.6783200000000003	-2.91433	0.295477	-0.34194	0.655077	-0.673759	0.0	0.23567600000000002	-0.634283	-0.7363029999999999	0.0	-0.909689	-0.41056099999999995	0.06250069999999999	0.0	1.99728	-1.96442	-2.06751	0.32150100000000004	
0	0.596729	0.736495	-0.318575	0.0	0.47365100000000004	-0.00281008	0.880708	0.0	0.647742	-0.676438	-0.350518	0.0	-3.8142	-2.64635	-2.89114	0.293523	-0.342699	0.65381	-0.674604	0.0	0.23704099999999997	-0.634674	-0.735528	0.0	-0.909049	-0.411973	0.0625219	0.0	1.9998900000000002	-1.96714	-2.0684	0.321339	
0	0.6017979999999999	0.720191	-0.34520100000000004	0.0	0.47408	0.0257053	0.8801059999999999	0.0	0.642718	-0.6933	-0.325959	0.0	-3.80136	-2.64068	-2.8426400000000003	0.280065	-0.34523400000000004	0.6521020000000001	-0.674964	0.0	0.239302	-0.6342479999999999	-0.735163	0.0	-0.9074959999999999	-0.41532299999999994	0.062915	0.0	2.00181	-1.9801	-2.0695200000000002	0.321565	
0	0.596109	0.708671	-0.37741199999999997	0.0	0.47093500000000005	0.0721033	0.879216	0.0	0.650287	-0.701846	-0.29075700000000004	0.0	-3.7884900000000004	-2.67481	-2.74166	0.273606	-0.346396	0.65177	-0.674689	0.0	0.23991700000000002	-0.633746	-0.735395	0.0	-0.90689	-0.41660699999999995	0.0631564	0.0	2.0062900000000004	-1.9995900000000002	-2.07606	0.321445	
0	0.600068	0.683632	-0.41541000000000006	0.0	0.46384	0.12573800000000002	0.876951	0.0	0.651744	-0.718914	-0.241644	0.0	-3.76099	-2.7344	-2.5438	0.26155	-0.347317	0.651629	-0.6743520000000001	0.0	0.240998	-0.63294	-0.735736	0.0	-0.906251	-0.418051	0.06278969999999999	0.0	2.01057	-2.01816	-2.0787299999999997	0.32110900000000003	
0	0.610425	0.666585	-0.427838	0.0	0.454208	0.147929	0.8785280000000001	0.0	0.648904	-0.730603	-0.21246900000000002	0.0	-3.72981	-2.76736	-2.3949700000000003	0.258427	-0.34868000000000005	0.65059	-0.674652	0.0	0.241669	-0.633076	-0.735399	0.0	-0.9055489999999999	-0.419461	0.06351369999999999	0.0	2.01041	-2.02516	-2.08106	0.32081	
0	0.636197	0.640141	-0.430666	0.0	0.44918	0.146527	0.881344	0.0	0.627288	-0.754155	-0.194319	0.0	-3.68875	-2.80615	-2.21207	0.25047800000000003	-0.349051	0.6499149999999999	-0.67511	0.0	0.242144	-0.6334029999999999	-0.7349600000000001	0.0	-0.9052790000000001	-0.420012	0.06371639999999999	0.0	2.01117	-2.0255400000000003	-2.0813	0.319852	
0	0.649958	0.623468	-0.43456000000000006	0.0	0.449346	0.145879	0.881367	0.0	0.612897	-0.768119	-0.185338	0.0	-3.6818800000000005	-2.8389	-2.1753400000000003	0.244246	-0.348763	0.64928	-0.67587	0.0	0.242637	-0.634011	-0.734273	0.0	-0.905258	-0.42007799999999995	0.06358009999999999	0.0	2.01088	-2.02412	-2.07967	0.320033	
0	0.679333	0.5746859999999999	-0.45633599999999996	0.0	0.45962	0.15156	0.8750879999999999	0.0	0.572063	-0.804218	-0.161178	0.0	-3.68684	-2.97744	-2.12181	0.23188899999999998	-0.348774	0.6478970000000001	-0.67719	0.0	0.24198000000000003	-0.63581	-0.732934	0.0	-0.90543	-0.419495	0.0649752	0.0	2.01191	-2.0176	-2.06727	0.320229	
0	0.686723	0.558651	-0.46510200000000007	0.0	0.457867	0.16452999999999998	0.873663	0.0	0.564596	-0.81292	-0.14280199999999998	0.0	-3.65975	-3.06007	-2.05495	0.232859	-0.349629	0.647466	-0.677161	0.0	0.24326599999999998	-0.635249	-0.7329939999999999	0.0	-0.904755	-0.42100600000000005	0.0645943	0.0	2.01036	-2.02318	-2.0735	0.320452	
0	0.6907979999999999	0.549821	-0.46956899999999996	0.0	0.459574	0.167486	0.8722040000000001	0.0	0.5582020000000001	-0.8183189999999999	-0.136984	0.0	-3.6379	-3.09385	-2.02772	0.23289200000000002	-0.34979699999999997	0.6472859999999999	-0.677246	0.0	0.242786	-0.635582	-0.7328640000000001	0.0	-0.904819	-0.42078000000000004	0.06517300000000001	0.0	2.00915	-2.0234099999999997	-2.07343	0.32051399999999997	
0	0.702689	0.525003	-0.48020799999999997	0.0	0.468962	0.16581300000000002	0.8675139999999999	0.0	0.535072	-0.834792	-0.129691	0.0	-3.60143	-3.18292	-2.02178	0.23720300000000002	-0.349433	0.646188	-0.6784819999999999	0.0	0.24241300000000002	-0.637125	-0.731647	0.0	-0.9050600000000001	-0.420134	0.06598789999999999	0.0	2.01281	-2.01689	-2.0691599999999997	0.320352	
0	0.711442	0.5063770000000001	-0.48727	0.0	0.480337	0.155724	0.8631489999999999	0.0	0.512958	-0.8481350000000001	-0.132442	0.0	-3.59712	-3.2276	-2.0079599999999997	0.25955700000000004	-0.34930500000000003	0.645891	-0.6788310000000001	0.0	0.24283000000000002	-0.637316	-0.7313430000000001	0.0	-0.904998	-0.42030200000000006	0.0657755	0.0	2.0125	-2.00959	-2.06354	0.320466	
0	0.719492	0.488212	-0.493943	0.0	0.49199	0.143681	0.858663	0.0	0.49018	-0.860816	-0.136819	0.0	-3.59525	-3.28815	-1.98892	0.27426	-0.348752	0.645253	-0.679721	0.0	0.242327	-0.6385109999999999	-0.730466	0.0	-0.9053450000000001	-0.419466	0.0663195	0.0	2.01294	-2.0044	-2.06032	0.320335	
0	0.723539	0.47956800000000005	-0.496493	0.0	0.501512	0.129022	0.855476	0.0	0.474318	-0.8679680000000001	-0.14715699999999998	0.0	-3.5954900000000003	-3.3224199999999997	-2.02698	0.277542	-0.34815799999999997	0.644908	-0.6803520000000001	0.0	0.24175	-0.639444	-0.729842	0.0	-0.9057280000000001	-0.418576	0.0667209	0.0	2.01315	-2.00163	-2.05303	0.320403	
0	0.73314	0.437929	-0.520312	0.0	0.552471	0.0626395	0.831175	0.0	0.396588	-0.896825	-0.19602	0.0	-3.6063199999999997	-3.3778300000000003	-2.13825	0.282483	-0.348551	0.644159	-0.6808609999999999	0.0	0.24017199999999997	-0.640781	-0.72919	0.0	-0.9059969999999999	-0.41768299999999997	0.06863589999999999	0.0	1.99849	-1.9898799999999999	-2.03056	0.320569	
0	0.7248979999999999	0.43339700000000003	-0.535435	0.0	0.576908	0.0427957	0.8156869999999999	0.0	0.376431	-0.900186	-0.21900799999999998	0.0	-3.6238099999999998	-3.3959	-2.19821	0.291056	-0.348583	0.643648	-0.6813279999999999	0.0	0.239681	-0.6415390000000001	-0.728685	0.0	-0.906115	-0.417308	0.06935930000000001	0.0	1.99785	-1.9868599999999998	-2.0231	0.320548	
0	0.721691	0.41935500000000003	-0.55073	0.0	0.598399	0.0219818	0.800897	0.0	0.347966	-0.9075559999999999	-0.235078	0.0	-3.5952599999999997	-3.42576	-2.2599	0.30159899999999995	-0.34884299999999996	0.64257	-0.682211	0.0	0.238749	-0.64299	-0.727711	0.0	-0.9062600000000001	-0.416734	0.0708897	0.0	1.99345	-1.9836200000000002	-2.01743	0.320378	
0	0.720997	0.40046	-0.565504	0.0	0.617219	-0.00019984900000000002	0.786791	0.0	0.31496599999999997	-0.916314	-0.24731599999999998	0.0	-3.59016	-3.4513300000000005	-2.3033099999999997	0.303244	-0.349013	0.641521	-0.6831109999999999	0.0	0.23908600000000002	-0.6438699999999999	-0.7268220000000001	0.0	-0.906106	-0.41699200000000003	0.07134	0.0	1.9892	-1.9809	-2.0125	0.320465	
0	0.71535	0.38753699999999996	-0.581455	0.0	0.633065	-0.00717057	0.774065	0.0	0.29581	-0.921826	-0.25046599999999997	0.0	-3.56291	-3.5057	-2.30651	0.30648800000000004	-0.349068	0.639955	-0.68455	0.0	0.238825	-0.645625	-0.725349	0.0	-0.9061530000000001	-0.416684	0.0725293	0.0	1.9855	-1.97174	-2.00054	0.320511	
0	0.714408	0.394516	-0.577908	0.0	0.6288779999999999	0.00012844200000000001	0.777504	0.0	0.306812	-0.918889	-0.248011	0.0	-3.49402	-3.5328800000000005	-2.24506	0.316339	-0.3492	0.639947	-0.684491	0.0	0.23935	-0.645328	-0.72544	0.0	-0.905964	-0.417156	0.07217689999999999	0.0	1.9857900000000002	-1.9688	-1.99895	0.320654	
0	0.713832	0.386894	-0.583745	0.0	0.6329739999999999	0.000213068	0.774173	0.0	0.299647	-0.9221239999999999	-0.24474200000000002	0.0	-3.4690300000000005	-3.5478199999999998	-2.23064	0.31709499999999996	-0.349502	0.6401939999999999	-0.684106	0.0	0.239173	-0.645001	-0.725789	0.0	-0.9058940000000001	-0.417285	0.07231189999999998	0.0	1.9856900000000002	-1.9688	-2.00032	0.320813	
0	0.709939	0.35739699999999996	-0.6068399999999999	0.0	0.652813	-0.010661	0.757444	0.0	0.26423800000000003	-0.933892	-0.240882	0.0	-3.44976	-3.5855	-2.21608	0.316633	-0.348945	0.639907	-0.684658	0.0	0.239064	-0.645626	-0.7252689999999999	0.0	-0.9061379999999999	-0.416756	0.072309	0.0	1.9862799999999998	-1.96688	-2.00372	0.320356	
0	0.7089310000000001	0.35197	-0.611174	0.0	0.662615	-0.0355724	0.748115	0.0	0.241573	-0.935335	-0.258439	0.0	-3.4579400000000002	-3.60449	-2.22815	0.329314	-0.34884299999999996	0.638584	-0.685944	0.0	0.237304	-0.647883	-0.723834	0.0	-0.90664	-0.41528100000000007	0.07447089999999999	0.0	1.9872400000000001	-1.9667299999999999	-2.00133	0.320565	
0	0.711332	0.347034	-0.611208	0.0	0.664024	-0.0467664	0.746247	0.0	0.23038899999999998	-0.936686	-0.263705	0.0	-3.44065	-3.6086400000000003	-2.2330400000000004	0.335854	-0.349002	0.639015	-0.685461	0.0	0.23734	-0.647334	-0.724312	0.0	-0.9065690000000001	-0.415473	0.074257	0.0	1.9853599999999998	-1.96767	-2.00184	0.32056999999999997	
0	0.7197979999999999	0.331807	-0.60975	0.0	0.6651520000000001	-0.0782978	0.742592	0.0	0.198655	-0.9400930000000001	-0.27706	0.0	-3.4105199999999996	-3.62834	-2.25177	0.334271	-0.349068	0.6387520000000001	-0.685674	0.0	0.236666	-0.64789	-0.724037	0.0	-0.9067200000000001	-0.415013	0.0749862	0.0	1.98003	-1.96534	-1.99882	0.320046	
0	0.730498	0.29775799999999997	-0.614583	0.0	0.668392	-0.127125	0.732866	0.0	0.14008800000000002	-0.946139	-0.291883	0.0	-3.3765300000000003	-3.62574	-2.28686	0.32255100000000003	-0.348841	0.638929	-0.685624	0.0	0.23646399999999998	-0.6479050000000001	-0.724089	0.0	-0.90686	-0.414717	0.07493179999999999	0.0	1.9747299999999999	-1.96517	-1.99973	0.319954	
0	0.730483	0.289821	-0.618384	0.0	0.6711	-0.13681600000000002	0.728634	0.0	0.12656900000000001	-0.9472520000000001	-0.29444000000000004	0.0	-3.3631800000000003	-3.62054	-2.28373	0.313682	-0.348567	0.638452	-0.686207	0.0	0.236317	-0.648606	-0.723508	0.0	-0.9070030000000001	-0.414354	0.0752056	0.0	1.97301	-1.9633	-1.99875	0.32001799999999997	
0	0.7149369999999999	0.26004299999999997	-0.6490319999999999	0.0	0.693189	-0.142273	0.7065739999999999	0.0	0.0914003	-0.955058	-0.281975	0.0	-3.3249199999999997	-3.61027	-2.27006	0.280436	-0.348756	0.637219	-0.6872560000000001	0.0	0.23536500000000002	-0.6502479999999999	-0.722344	0.0	-0.907178	-0.413678	0.0767987	0.0	1.9652599999999998	-1.95585	-1.9938799999999999	0.32034	
0	0.700127	0.239817	-0.6725399999999999	0.0	0.710958	-0.147021	0.687695	0.0	0.0660438	-0.959621	-0.273433	0.0	-3.32315	-3.6008199999999997	-2.24663	0.22677399999999998	-0.348546	0.636128	-0.6883729999999999	0.0	0.235583	-0.6513939999999999	-0.72124	0.0	-0.9072020000000001	-0.413554	0.0771798	0.0	1.9645400000000002	-1.95092	-1.9909999999999999	0.320399	
0	0.6958409999999999	0.23326999999999998	-0.679258	0.0	0.715986	-0.15116400000000002	0.681553	0.0	0.0563063	-0.960591	-0.272204	0.0	-3.32099	-3.59617	-2.2336400000000003	0.192717	-0.34865300000000005	0.635658	-0.688752	0.0	0.23503400000000002	-0.652085	-0.7207939999999999	0.0	-0.9073040000000001	-0.41318699999999997	0.0779498	0.0	1.9643099999999998	-1.94875	-1.99269	0.320322	
0	0.694448	0.22794299999999998	-0.682484	0.0	0.717403	-0.146227	0.68114	0.0	0.05546330000000001	-0.9626319999999999	-0.265074	0.0	-3.3252800000000002	-3.59025	-2.2303	0.167771	-0.348642	0.6353449999999999	-0.6890470000000001	0.0	0.234882	-0.652488	-0.720479	0.0	-0.9073479999999999	-0.413034	0.0782537	0.0	1.96305	-1.94435	-1.9886400000000002	0.320538	
0	0.686767	0.22488200000000003	-0.6912159999999999	0.0	0.723775	-0.12379100000000001	0.6788420000000001	0.0	0.0670929	-0.966491	-0.24778000000000003	0.0	-3.3349800000000003	-3.5834	-2.24634	0.163363	-0.348627	0.635108	-0.6892729999999999	0.0	0.235048	-0.652667	-0.720263	0.0	-0.9073100000000001	-0.413116	0.07825639999999999	0.0	1.9611900000000002	-1.9424099999999997	-1.98835	0.320472	
