3	0.361338	0.6964060000000001	-0.620043	0.0	0.520116	0.401373	0.753909	0.0	0.773895	-0.59491	-0.21718099999999999	0.0	-2.75825	1.9914599999999998	1.36604	0.014725700000000001	-0.531148	0.59287	-0.605299	0.0	0.598952	-0.242567	-0.763163	0.0	-0.599283	-0.767897	-0.226262	0.0	2.64581	1.99174	1.5330000000000001	2.18302e-05	
3	0.0354154	0.687929	-0.724913	0.0	0.13416199999999998	0.715529	0.685579	0.0	0.990326	-0.12153599999999999	-0.0669535	0.0	-2.73273	1.9376799999999998	1.39079	0.00119604	-0.34584699999999996	0.671153	-0.655701	0.0	-0.019603400000000003	-0.7038409999999999	-0.710087	0.0	-0.9380860000000001	-0.23272800000000002	0.25657800000000003	0.0	2.65258	2.03382	1.5266600000000001	7.01167e-05	
3	0.0251525	0.659388	-0.751382	0.0	0.15629300000000002	0.739783	0.6544409999999999	0.0	0.98739	-0.13389700000000002	-0.08445060000000001	0.0	-2.7473	1.92523	1.37697	0.0	-0.347221	0.677271	-0.6486460000000001	0.0	-0.0105944	-0.694469	-0.719445	0.0	-0.937724	-0.242934	0.248309	0.0	2.67833	2.0119599999999997	1.44561	0.0	
3	0.021422099999999996	0.659097	-0.751753	0.0	0.175866	0.737716	0.651802	0.0	0.984181	-0.146171	-0.100109	0.0	-2.76388	1.91773	1.32402	0.0	-0.345593	0.685331	-0.641005	0.0	-0.00327399	-0.683971	-0.7295020000000001	0.0	-0.9383790000000001	-0.250012	0.238619	0.0	2.6894299999999998	1.9565099999999997	1.32663	0.0	
3	0.00722062	0.667661	-0.74443	0.0	0.20067100000000002	0.728338	0.655175	0.0	0.979632	-0.154117	-0.128721	0.0	-2.77285	1.8940700000000001	1.2217	0.0	-0.342384	0.678199	-0.650245	0.0	-0.024086700000000003	-0.698182	-0.715515	0.0	-0.9392510000000001	-0.229319	0.255382	0.0	2.71265	1.86625	1.2284700000000002	0.0	
3	-0.025475400000000002	0.661604	-0.749421	0.0	0.198245	0.738119	0.644887	0.0	0.9798209999999999	-0.13214	-0.149963	0.0	-2.76591	1.8902	1.08876	0.0	-0.345775	0.672786	-0.6540630000000001	0.0	-0.0408802	-0.707199	-0.705832	0.0	-0.937426	-0.21732100000000001	0.272036	0.0	2.68885	1.7744799999999998	1.21187	0.0	
3	-0.0464153	0.650841	-0.757794	0.0	0.146569	0.754838	0.639325	0.0	0.9881110000000001	-0.08139450000000001	-0.130429	0.0	-2.6393400000000002	1.8426	0.921674	0.0	-0.313644	0.616284	-0.722372	0.0	0.019488299999999997	-0.756422	-0.653794	0.0	-0.949341	-0.219137	0.225237	0.0	2.65573	1.66845	1.12111	0.0	
3	-0.111225	0.56808	-0.815423	0.0	0.12598800000000002	0.821953	0.555445	0.0	0.985777	-0.0409544	-0.162993	0.0	-2.51609	1.78662	0.72717	0.0	-0.290626	0.577752	-0.7627189999999999	0.0	0.0808932	-0.779436	-0.621238	0.0	-0.953411	-0.24224600000000002	0.179788	0.0	2.61427	1.5197200000000002	0.987598	0.0	
3	-0.17893299999999998	0.538875	-0.8231629999999999	0.0	0.10918699999999999	0.842374	0.527717	0.0	0.977784	0.00454655	-0.20956599999999997	0.0	-2.53974	1.7649700000000001	0.356431	0.0	-0.267004	0.57406	-0.774057	0.0	0.0975603	-0.782989	-0.614337	0.0	-0.958744	-0.239548	0.153056	0.0	2.51035	1.4337	0.6765220000000001	0.0	
3	-0.195571	0.54501	-0.8153020000000001	0.0	0.139723	0.838359	0.526907	0.0	0.970685	-0.0108691	-0.24010900000000002	0.0	-2.6070599999999997	1.6448900000000002	-0.00255673	0.0	-0.276473	0.598953	-0.751544	0.0	0.135257	-0.749991	-0.647472	0.0	-0.951456	-0.28065999999999997	0.126339	0.0	2.43586	1.25223	0.340821	0.0	
3	-0.133401	0.5550039999999999	-0.821082	0.0	0.20826799999999998	0.825686	0.524278	0.0	0.968932	-0.101066	-0.22573600000000002	0.0	-2.62679	1.47098	-0.20742	0.0	-0.279994	0.619306	-0.733528	0.0	0.162071	-0.722629	-0.671968	0.0	-0.9462219999999999	-0.30703	0.10196000000000001	0.0	2.3942099999999997	1.07471	0.06797669999999999	0.0	
3	-0.11937	0.585942	-0.801513	0.0	0.22751	0.8019470000000001	0.552377	0.0	0.966432	-0.116415	-0.229037	0.0	-2.63332	1.3352600000000001	-0.440194	0.0	-0.284116	0.609204	-0.740371	0.0	0.21169899999999997	-0.713276	-0.668148	0.0	-0.935127	-0.346567	0.0736854	0.0	2.32819	0.967773	-0.180838	0.0	
3	-0.11208699999999999	0.6265850000000001	-0.771251	0.0	0.22955799999999998	0.771475	0.5934050000000001	0.0	0.9668190000000001	-0.110534	-0.23031	0.0	-2.59813	1.22393	-0.669764	0.0	-0.271823	0.6262840000000001	-0.730671	0.0	0.236202	-0.692616	-0.681537	0.0	-0.93291	-0.35784299999999997	0.040339099999999996	0.0	2.28445	0.913385	-0.44229700000000005	0.0	
3	-0.101749	0.629717	-0.7701319999999999	0.0	0.23473200000000002	0.7674880000000001	0.596542	0.0	0.96672	-0.120077	-0.225906	0.0	-2.58412	1.15559	-0.749041	0.0	-0.267233	0.637039	-0.7230270000000001	0.0	0.239786	-0.682754	-0.690181	0.0	-0.933322	-0.35781	0.0297014	0.0	2.27552	0.8844040000000001	-0.570619	0.0	
3	-0.018249099999999997	0.647668	-0.761704	0.0	0.253949	0.739851	0.623001	0.0	0.967045	-0.182065	-0.177976	0.0	-2.46305	0.76686	-0.9559709999999999	-0.00034526699999999996	-0.243425	0.655899	-0.714521	0.0	0.24906399999999998	-0.6697069999999999	-0.6996140000000001	0.0	-0.9373959999999999	-0.34826599999999996	-0.000337511	0.0	2.2031	0.828471	-0.940933	0.0	
3	0.0170382	0.687928	-0.725578	0.0	0.253008	0.6991	0.6687649999999999	0.0	0.9673139999999999	-0.194972	-0.16214	0.0	-2.36102	0.478178	-1.06389	0.018065400000000002	-0.260336	0.6544909999999999	-0.709835	0.0	0.260114	-0.660462	-0.7043659999999999	0.0	-0.9298200000000001	-0.36801	0.00169969	0.0	2.1553299999999997	0.730398	-1.07457	0.0	
3	0.0412971	0.70709	-0.705917	0.0	0.25898699999999997	0.674796	0.6910689999999999	0.0	0.9649979999999999	-0.211362	-0.15525999999999998	0.0	-2.3174799999999998	0.23415100000000003	-1.15765	0.09378639999999999	-0.267567	0.6613760000000001	-0.700706	0.0	0.252407	-0.653716	-0.7134050000000001	0.0	-0.929892	-0.367747	0.0079765	0.0	2.1126099999999997	0.629567	-1.1890100000000001	0.0	
3	0.0735555	0.69684	-0.713445	0.0	0.264867	0.676042	0.6876140000000001	0.0	0.961476	-0.239546	-0.13484300000000002	0.0	-2.29208	0.0558049	-1.2267	0.22943200000000002	-0.279596	0.666496	-0.691092	0.0	0.251999	-0.643622	-0.7226670000000001	0.0	-0.926457	-0.37621	0.011998	0.0	2.04243	0.5372859999999999	-1.24074	0.0	
3	0.0807582	0.687056	-0.7221029999999999	0.0	0.27633800000000003	0.680636	0.678507	0.0	0.9576620000000001	-0.254339	-0.134893	0.0	-2.30269	-0.07605419999999999	-1.35493	0.24159899999999998	-0.294273	0.660591	-0.690669	0.0	0.265669	-0.637645	-0.723069	0.0	-0.918054	-0.396269	0.0121425	0.0	1.96009	0.365423	-1.34358	0.0	
3	0.073793	0.6713899999999999	-0.737421	0.0	0.28131300000000004	0.695395	0.6612779999999999	0.0	0.956775	-0.256244	-0.13755499999999998	0.0	-2.33167	-0.132249	-1.43236	0.25551999999999997	-0.30172899999999997	0.659311	-0.6886720000000001	0.0	0.289337	-0.624947	-0.72507	0.0	-0.90843	-0.41803199999999996	-0.0021984	0.0	1.98472	0.192187	-1.4457200000000001	0.13606400000000002	
3	0.07112160000000001	0.668359	-0.7404310000000001	0.0	0.28876199999999996	0.696728	0.656648	0.0	0.9547559999999999	-0.26050999999999996	-0.14344400000000002	0.0	-2.36456	-0.19081900000000002	-1.5356299999999998	0.272909	-0.28813099999999997	0.650429	-0.702796	0.0	0.296451	-0.637279	-0.711332	0.0	-0.9105479999999999	-0.41330100000000003	-0.00920051	0.0	2.01615	0.0420718	-1.5292	0.116249	
3	0.0630558	0.6612859999999999	-0.747479	0.0	0.29630300000000004	0.7027939999999999	0.64675	0.0	0.95301	-0.262261	-0.151626	0.0	-2.39681	-0.264959	-1.60887	0.279131	-0.279167	0.640034	-0.715837	0.0	0.303142	-0.6486109999999999	-0.6981470000000001	0.0	-0.9111370000000001	-0.4119	-0.012950999999999999	0.0	2.05023	-0.0723105	-1.59827	0.172342	
3	0.034041800000000004	0.667412	-0.7439100000000001	0.0	0.30195900000000003	0.702687	0.644245	0.0	0.9527129999999999	-0.24656199999999998	-0.17761	0.0	-2.4474	-0.316417	-1.81047	0.301681	-0.268305	0.63022	-0.728585	0.0	0.312434	-0.658506	-0.684657	0.0	-0.9112620000000001	-0.41133100000000006	-0.020221799999999998	0.0	2.05706	-0.172198	-1.6660700000000002	0.22363400000000003	
3	-0.0109658	0.672057	-0.740418	0.0	0.310854	0.7060649999999999	0.6362720000000001	0.0	0.9503950000000001	-0.22318400000000002	-0.21665399999999999	0.0	-2.50349	-0.329887	-2.0436	0.319116	-0.257366	0.626574	-0.735641	0.0	0.31600900000000004	-0.664853	-0.676838	0.0	-0.9131819999999999	-0.40666399999999997	-0.0268931	0.0	2.08755	-0.24998299999999998	-1.7555599999999998	0.251239	
3	-0.0727849	0.659089	-0.7485350000000001	0.0	0.32432300000000003	0.725376	0.607161	0.0	0.943142	-0.198575	-0.266554	0.0	-2.4977400000000003	-0.298406	-2.2652400000000004	0.329339	-0.249766	0.63063	-0.734795	0.0	0.311693	-0.666095	-0.677617	0.0	-0.9167690000000001	-0.398276	-0.0301958	0.0	2.1316	-0.305542	-1.8367099999999998	0.287738	
3	-0.111	0.655299	-0.747169	0.0	0.319654	0.735406	0.597494	0.0	0.94101	-0.172514	-0.291099	0.0	-2.49249	-0.267885	-2.4860900000000004	0.328343	-0.25066700000000003	0.639012	-0.7272069999999999	0.0	0.303195	-0.661575	-0.685851	0.0	-0.9193690000000001	-0.392406	-0.0279105	0.0	2.19081	-0.387085	-1.83339	0.293977	
3	-0.101423	0.666441	-0.738627	0.0	0.324818	0.72395	0.608597	0.0	0.9403229999999999	-0.17819400000000002	-0.28989699999999996	0.0	-2.46112	-0.276336	-2.57133	0.328567	-0.249283	0.650334	-0.7175819999999999	0.0	0.304202	-0.650885	-0.695565	0.0	-0.9194120000000001	-0.39168200000000003	-0.0355778	0.0	2.2205	-0.407883	-1.88065	0.298055	
3	-0.100712	0.660808	-0.743768	0.0	0.314384	0.730402	0.606363	0.0	0.943939	-0.17276	-0.28130700000000003	0.0	-2.41604	-0.29031	-2.62187	0.327718	-0.25154699999999997	0.6552720000000001	-0.71228	0.0	0.305377	-0.6446149999999999	-0.700869	0.0	-0.918406	-0.393815	-0.0379543	0.0	2.22933	-0.41751800000000006	-1.8914799999999998	0.29871	
3	-0.0974492	0.659457	-0.7453989999999999	0.0	0.310668	0.731695	0.606719	0.0	0.9455100000000001	-0.172447	-0.276175	0.0	-2.401	-0.310228	-2.5855200000000003	0.329326	-0.251026	0.662712	-0.705549	0.0	0.306749	-0.6368590000000001	-0.70733	0.0	-0.918091	-0.393984	-0.0434179	0.0	2.2330200000000002	-0.41425	-1.9071200000000001	0.30846599999999996	
3	-0.09510249999999999	0.659968	-0.74525	0.0	0.30634	0.731716	0.608891	0.0	0.94716	-0.17039300000000002	-0.27176300000000003	0.0	-2.3935	-0.332689	-2.53741	0.329633	-0.24972600000000003	0.6759539999999999	-0.693343	0.0	0.311987	-0.621678	-0.718457	0.0	-0.9166799999999999	-0.395731	-0.05563919999999999	0.0	2.2509200000000003	-0.402907	-1.9784099999999998	0.31943299999999997	
3	-0.09357539999999999	0.658953	-0.746341	0.0	0.30364800000000003	0.732804	0.608931	0.0	0.9481780000000001	-0.16964400000000002	-0.268662	0.0	-2.39412	-0.356311	-2.48293	0.32985	-0.249297	0.6802199999999999	-0.6893130000000001	0.0	0.311641	-0.617575	-0.722136	0.0	-0.9169139999999999	-0.394845	-0.0580248	0.0	2.2560700000000002	-0.392337	-2.01535	0.334386	
3	-0.07854	0.654204	-0.7522300000000001	0.0	0.29235900000000004	0.736498	0.609997	0.0	0.9530780000000001	-0.172012	-0.24910700000000002	0.0	-2.40055	-0.38513200000000003	-2.43637	0.33173400000000003	-0.24130300000000002	0.693796	-0.678542	0.0	0.30990700000000004	-0.6075020000000001	-0.731368	0.0	-0.919636	-0.386766	-0.0684201	0.0	2.26888	-0.38108600000000004	-2.05461	0.340008	
3	-0.0612841	0.651598	-0.756085	0.0	0.288051	0.7368239999999999	0.6116510000000001	0.0	0.9556520000000001	-0.180307	-0.23284899999999997	0.0	-2.40014	-0.40910799999999997	-2.39431	0.331715	-0.242331	0.6980970000000001	-0.6737479999999999	0.0	0.315108	-0.600165	-0.735193	0.0	-0.917596	-0.390463	-0.0745372	0.0	2.28474	-0.375114	-2.0790599999999997	0.340424	
3	-0.0237666	0.641898	-0.766422	0.0	0.276667	0.740919	0.6119600000000001	0.0	0.960672	-0.1975	-0.19520099999999999	0.0	-2.4060200000000003	-0.450312	-2.33283	0.33103499999999997	-0.23735599999999998	0.705956	-0.6673	0.0	0.31702600000000003	-0.5930270000000001	-0.7401449999999999	0.0	-0.918236	-0.387229	-0.0830477	0.0	2.32694	-0.369162	-2.10792	0.340345	
3	0.00676641	0.627694	-0.7784310000000001	0.0	0.26514099999999996	0.74946	0.606639	0.0	0.9641860000000001	-0.210498	-0.161356	0.0	-2.4201599999999996	-0.50067	-2.2432	0.326935	-0.22938699999999998	0.715725	-0.659636	0.0	0.32001999999999997	-0.584571	-0.745563	0.0	-0.919222	-0.382119	-0.09495310000000001	0.0	2.38136	-0.362336	-2.13484	0.34029499999999996	
3	0.00758975	0.6272760000000001	-0.77876	0.0	0.26605500000000004	0.7494460000000001	0.606256	0.0	0.9639280000000001	-0.211794	-0.161201	0.0	-2.455	-0.5159020000000001	-2.20716	0.322069	-0.227082	0.716329	-0.6597770000000001	0.0	0.31703899999999996	-0.5861970000000001	-0.74556	0.0	-0.920826	-0.37847800000000004	-0.0939892	0.0	2.39693	-0.365289	-2.1345	0.340935	
3	0.011010299999999999	0.624754	-0.780744	0.0	0.265047	0.7510399999999999	0.604722	0.0	0.964173	-0.21359299999999998	-0.15732000000000002	0.0	-2.46643	-0.523157	-2.19311	0.321417	-0.226937	0.716047	-0.660133	0.0	0.314897	-0.587461	-0.7454729999999999	0.0	-0.9215959999999999	-0.37705	-0.09216460000000001	0.0	2.39776	-0.365218	-2.1391299999999998	0.340837	
3	0.011084100000000001	0.625003	-0.7805439999999999	0.0	0.264787	0.750892	0.60502	0.0	0.9642430000000001	-0.21338400000000002	-0.15717	0.0	-2.47218	-0.527307	-2.18245	0.321021	-0.226944	0.716282	-0.659877	0.0	0.313797	-0.587642	-0.745794	0.0	-0.9219700000000001	-0.37632	-0.0914061	0.0	2.39433	-0.367258	-2.13108	0.34078200000000003	
3	0.012900799999999999	0.624898	-0.7806	0.0	0.265331	0.75054	0.605219	0.0	0.9640709999999999	-0.214925	-0.156123	0.0	-2.47034	-0.526423	-2.18587	0.320415	-0.22568200000000002	0.715904	-0.660719	0.0	0.313475	-0.588781	-0.745031	0.0	-0.9223889999999999	-0.375258	-0.091541	0.0	2.3951	-0.36741799999999997	-2.13314	0.340681	
3	0.0189525	0.620442	-0.7840229999999999	0.0	0.272375	0.751301	0.601132	0.0	0.9620049999999999	-0.22494099999999997	-0.154754	0.0	-2.48516	-0.528943	-2.1781900000000003	0.316015	-0.22615300000000002	0.714957	-0.661582	0.0	0.315052	-0.588987	-0.744202	0.0	-0.9217360000000001	-0.376736	-0.0920475	0.0	2.39039	-0.365483	-2.13274	0.339982	
3	0.0197857	0.619744	-0.784554	0.0	0.273045	0.751529	0.600542	0.0	0.9617979999999999	-0.22610100000000002	-0.15434900000000001	0.0	-2.48576	-0.529838	-2.17548	0.316267	-0.22615	0.714979	-0.66156	0.0	0.31501399999999996	-0.5889800000000001	-0.744224	0.0	-0.9217489999999999	-0.376707	-0.0920306	0.0	2.38943	-0.365695	-2.13143	0.340008	
3	0.0198625	0.619698	-0.784589	0.0	0.273079	0.7515430000000001	0.600509	0.0	0.9617870000000001	-0.22618200000000002	-0.154299	0.0	-2.4857299999999998	-0.529753	-2.17575	0.316276	-0.226149	0.714988	-0.66155	0.0	0.315004	-0.588974	-0.744232	0.0	-0.921753	-0.37669899999999995	-0.0920284	0.0	2.38955	-0.3657	-2.1316	0.340008	
3	0.0198606	0.619699	-0.7845880000000001	0.0	0.27307800000000004	0.751542	0.600511	0.0	0.9617870000000001	-0.22618000000000002	-0.1543	0.0	-2.4857299999999998	-0.529752	-2.17575	0.316276	-0.226149	0.714988	-0.66155	0.0	0.31500500000000003	-0.588974	-0.744233	0.0	-0.921753	-0.37669899999999995	-0.0920285	0.0	2.38955	-0.3657	-2.1316	0.340009	
3	0.0198606	0.619699	-0.7845880000000001	0.0	0.27307800000000004	0.751542	0.600511	0.0	0.9617870000000001	-0.22618000000000002	-0.1543	0.0	-2.4857299999999998	-0.529752	-2.17575	0.316276	-0.226149	0.714988	-0.66155	0.0	0.315004	-0.588974	-0.744232	0.0	-0.921753	-0.37669899999999995	-0.0920284	0.0	2.38955	-0.365701	-2.1316	0.340008	
3	0.0198606	0.619699	-0.7845880000000001	0.0	0.27307800000000004	0.751542	0.600511	0.0	0.9617870000000001	-0.22618000000000002	-0.1543	0.0	-2.4857299999999998	-0.529752	-2.17575	0.316276	-0.226149	0.714988	-0.66155	0.0	0.31500500000000003	-0.588974	-0.744233	0.0	-0.921753	-0.37669899999999995	-0.0920285	0.0	2.38955	-0.3657	-2.1316	0.340009	
3	0.0198606	0.619699	-0.7845880000000001	0.0	0.27307800000000004	0.751542	0.600511	0.0	0.9617870000000001	-0.22618000000000002	-0.1543	0.0	-2.4857299999999998	-0.529752	-2.17575	0.316276	-0.226149	0.714988	-0.66155	0.0	0.31500500000000003	-0.588974	-0.744233	0.0	-0.921753	-0.37669899999999995	-0.0920285	0.0	2.38955	-0.3657	-2.1316	0.340009	
3	0.0198608	0.619699	-0.7845880000000001	0.0	0.27307800000000004	0.751542	0.600511	0.0	0.9617870000000001	-0.22618000000000002	-0.1543	0.0	-2.4857299999999998	-0.529752	-2.17575	0.316276	-0.226149	0.714988	-0.66155	0.0	0.31500500000000003	-0.588974	-0.744233	0.0	-0.921753	-0.37669899999999995	-0.0920285	0.0	2.38955	-0.3657	-2.1316	0.340009	
3	0.0198608	0.619699	-0.7845880000000001	0.0	0.27307800000000004	0.751542	0.600511	0.0	0.9617870000000001	-0.22618000000000002	-0.1543	0.0	-2.4857299999999998	-0.529752	-2.17575	0.316276	-0.226149	0.714988	-0.66155	0.0	0.315004	-0.588974	-0.744233	0.0	-0.921753	-0.37669899999999995	-0.0920284	0.0	2.38955	-0.365701	-2.1316	0.340008	
3	0.0198608	0.619699	-0.7845880000000001	0.0	0.27307800000000004	0.751542	0.600511	0.0	0.9617870000000001	-0.22618000000000002	-0.1543	0.0	-2.4857299999999998	-0.529752	-2.17575	0.316276	-0.226149	0.714988	-0.66155	0.0	0.315004	-0.588974	-0.744233	0.0	-0.921753	-0.37669899999999995	-0.0920284	0.0	2.38955	-0.3657	-2.1316	0.340008	
3	0.0198608	0.619699	-0.7845880000000001	0.0	0.27307800000000004	0.751542	0.600511	0.0	0.9617870000000001	-0.22618000000000002	-0.1543	0.0	-2.4857299999999998	-0.529752	-2.17575	0.316276	-0.226149	0.714988	-0.66155	0.0	0.315004	-0.588974	-0.744232	0.0	-0.921753	-0.37669899999999995	-0.09202819999999999	0.0	2.38955	-0.365701	-2.1316	0.340008	
3	0.0198608	0.619699	-0.7845880000000001	0.0	0.27307800000000004	0.751542	0.600511	0.0	0.9617870000000001	-0.22618000000000002	-0.1543	0.0	-2.4857299999999998	-0.529752	-2.17575	0.316276	-0.226149	0.714988	-0.66155	0.0	0.315004	-0.588974	-0.744232	0.0	-0.921753	-0.37669899999999995	-0.09202830000000001	0.0	2.38955	-0.3657	-2.1316	0.340008	
3	0.0198608	0.619699	-0.7845880000000001	0.0	0.27307800000000004	0.751542	0.600511	0.0	0.9617870000000001	-0.22618000000000002	-0.1543	0.0	-2.4857299999999998	-0.529752	-2.17575	0.316276	-0.226149	0.714988	-0.66155	0.0	0.315004	-0.588974	-0.744232	0.0	-0.921753	-0.37669899999999995	-0.09202830000000001	0.0	2.38955	-0.3657	-2.1316	0.340008	
3	0.0198608	0.619699	-0.7845880000000001	0.0	0.27307800000000004	0.751542	0.600511	0.0	0.9617870000000001	-0.22618000000000002	-0.1543	0.0	-2.4857299999999998	-0.529752	-2.17575	0.316276	-0.226149	0.714988	-0.66155	0.0	0.315004	-0.588974	-0.744232	0.0	-0.921753	-0.37669899999999995	-0.09202830000000001	0.0	2.38955	-0.365701	-2.1316	0.340008	
3	0.0198608	0.619699	-0.7845880000000001	0.0	0.27307800000000004	0.751542	0.600511	0.0	0.9617870000000001	-0.22618000000000002	-0.1543	0.0	-2.4857299999999998	-0.529752	-2.17575	0.316276	-0.226149	0.714988	-0.66155	0.0	0.315004	-0.588974	-0.744232	0.0	-0.921753	-0.37669899999999995	-0.09202830000000001	0.0	2.38955	-0.3657	-2.1316	0.340008	
3	0.0198608	0.619699	-0.7845880000000001	0.0	0.27307800000000004	0.751542	0.600511	0.0	0.9617870000000001	-0.22618000000000002	-0.1543	0.0	-2.4857299999999998	-0.529752	-2.17575	0.316276	-0.226149	0.714988	-0.66155	0.0	0.315004	-0.588974	-0.744232	0.0	-0.921753	-0.37669899999999995	-0.09202819999999999	0.0	2.38955	-0.365701	-2.1316	0.340008	
3	0.0198608	0.619699	-0.7845880000000001	0.0	0.27307800000000004	0.751542	0.600511	0.0	0.9617870000000001	-0.22618000000000002	-0.1543	0.0	-2.4857299999999998	-0.529752	-2.17575	0.316276	-0.226149	0.714988	-0.66155	0.0	0.315004	-0.588974	-0.744232	0.0	-0.921753	-0.37669899999999995	-0.09202830000000001	0.0	2.38955	-0.365701	-2.1316	0.340008	
3	0.0198608	0.619699	-0.7845880000000001	0.0	0.27307800000000004	0.751542	0.600511	0.0	0.9617870000000001	-0.22618000000000002	-0.1543	0.0	-2.4857299999999998	-0.529752	-2.17575	0.316276	-0.226149	0.714988	-0.66155	0.0	0.315004	-0.588974	-0.744233	0.0	-0.921753	-0.37669899999999995	-0.0920284	0.0	2.38955	-0.365701	-2.1316	0.340008	
3	0.0198608	0.619699	-0.7845880000000001	0.0	0.27307800000000004	0.751542	0.600511	0.0	0.9617870000000001	-0.22618000000000002	-0.1543	0.0	-2.4857299999999998	-0.529752	-2.17575	0.316276	-0.226149	0.714988	-0.66155	0.0	0.315004	-0.588974	-0.744232	0.0	-0.921753	-0.37669899999999995	-0.09202830000000001	0.0	2.38955	-0.365701	-2.1316	0.340008	
3	0.0198608	0.619699	-0.7845880000000001	0.0	0.27307800000000004	0.751542	0.600511	0.0	0.9617870000000001	-0.22618000000000002	-0.1543	0.0	-2.4857299999999998	-0.529752	-2.17575	0.316276	-0.226149	0.714988	-0.66155	0.0	0.315004	-0.588974	-0.744233	0.0	-0.921753	-0.37669899999999995	-0.0920284	0.0	2.38955	-0.365701	-2.1316	0.340008	
3	0.0198608	0.619699	-0.7845880000000001	0.0	0.27307800000000004	0.751542	0.600511	0.0	0.9617870000000001	-0.22618000000000002	-0.1543	0.0	-2.4857299999999998	-0.529752	-2.17575	0.316276	-0.226149	0.714988	-0.66155	0.0	0.315004	-0.588974	-0.744233	0.0	-0.921753	-0.37669899999999995	-0.0920284	0.0	2.38955	-0.3657	-2.1316	0.340008	
3	0.0198608	0.619699	-0.7845880000000001	0.0	0.27307800000000004	0.751542	0.600511	0.0	0.9617870000000001	-0.22618000000000002	-0.1543	0.0	-2.4857299999999998	-0.529752	-2.17575	0.316276	-0.226149	0.714988	-0.66155	0.0	0.315004	-0.588974	-0.744232	0.0	-0.921753	-0.37669899999999995	-0.09202830000000001	0.0	2.38955	-0.3657	-2.1316	0.340008	
3	0.0198608	0.619699	-0.7845880000000001	0.0	0.27307800000000004	0.751542	0.600511	0.0	0.9617870000000001	-0.22618000000000002	-0.1543	0.0	-2.4857299999999998	-0.529752	-2.17575	0.316276	-0.226149	0.714988	-0.66155	0.0	0.315004	-0.588974	-0.744233	0.0	-0.921753	-0.37669899999999995	-0.0920284	0.0	2.38955	-0.365701	-2.1316	0.340008	
3	-0.25412199999999996	0.744839	-0.616957	0.0	-0.1608	0.596482	0.786354	0.0	0.9537110000000001	0.299037	-0.0318094	0.0	-2.41603	-0.5464859999999999	-2.2141599999999997	0.280244	0.000587046	0.604362	-0.79671	0.0	-0.18344000000000002	-0.783125	-0.594192	0.0	-0.983031	0.14649700000000002	0.110404	0.0	2.37853	-0.330287	-2.1059799999999997	0.256164	
3	-0.235504	0.78113	-0.57825	0.0	-0.151882	0.558094	0.815759	0.0	0.959932	0.27994	-0.0127942	0.0	-2.38846	-0.622881	-2.2299599999999997	0.27528800000000003	0.00337648	0.649329	-0.7605	0.0	-0.191276	-0.746043	-0.637835	0.0	-0.9815309999999999	0.147619	0.121682	0.0	2.3563	-0.40443	-2.16032	0.284413	
3	-0.194522	0.825074	-0.530486	0.0	-0.043059	0.533112	0.8449479999999999	0.0	0.9799530000000001	0.187203	-0.0681751	0.0	-2.3820900000000003	-0.793488	-2.2979700000000003	0.24526199999999998	-0.013538299999999998	0.69407	-0.71978	0.0	-0.170898	-0.71086	-0.6822550000000001	0.0	-0.985196	0.113773	0.12823900000000002	0.0	2.29015	-0.58418	-2.2545599999999997	0.287674	
3	-0.155501	0.839684	-0.5203369999999999	0.0	-0.00764316	0.525706	0.8506319999999999	0.0	0.987806	0.136251	-0.0753298	0.0	-2.39683	-0.9750610000000001	-2.40138	0.251857	-0.0380231	0.7090310000000001	-0.704152	0.0	-0.135629	-0.701803	-0.699341	0.0	-0.99003	0.068912	0.122849	0.0	2.20758	-0.775208	-2.35776	0.289043	
3	-0.104288	0.842816	-0.528001	0.0	0.0692129	0.535759	0.8415290000000001	0.0	0.992136	0.051216899999999996	-0.11420699999999999	0.0	-2.4197599999999997	-1.17039	-2.4933799999999997	0.254242	-0.066068	0.701526	-0.709575	0.0	-0.0807127	-0.7125560000000001	-0.6969569999999999	0.0	-0.9945459999999999	0.011225299999999999	0.103699	0.0	2.13234	-1.01236	-2.48752	0.289815	
3	-0.042213099999999996	0.816908	-0.575222	0.0	0.166907	0.5734100000000001	0.802087	0.0	0.9850690000000001	-0.0621504	-0.160554	0.0	-2.4652700000000003	-1.36055	-2.54314	0.255008	-0.07379169999999999	0.6856479999999999	-0.724183	0.0	-0.041547	-0.727646	-0.6846939999999999	0.0	-0.996408	-0.020437	0.0821807	0.0	2.09872	-1.19928	-2.63192	0.28926199999999996	
3	-0.0183616	0.803322	-0.595262	0.0	0.22032399999999996	0.583978	0.7812979999999999	0.0	0.9752540000000001	-0.11680499999999999	-0.18771400000000002	0.0	-2.50011	-1.4622	-2.57544	0.255687	-0.0840029	0.681483	-0.726997	0.0	-0.0205142	-0.730604	-0.682493	0.0	-0.9962540000000001	-0.042417500000000004	0.0753528	0.0	2.08609	-1.28797	-2.68853	0.290081	
3	0.028425799999999998	0.7687069999999999	-0.638969	0.0	0.316157	0.599498	0.735286	0.0	0.9482809999999999	-0.22291599999999998	-0.225991	0.0	-2.58878	-1.7427700000000002	-2.68207	0.255848	-0.105298	0.673979	-0.731208	0.0	0.0480341	-0.730991	-0.6806949999999999	0.0	-0.9932799999999999	-0.106799	0.044598	0.0	2.05571	-1.5452700000000001	-2.8311	0.297045	
3	0.078087	0.726826	-0.682368	0.0	0.489225	0.568442	0.661463	0.0	0.868655	-0.385483	-0.311193	0.0	-2.84614	-2.06564	-2.82813	0.256015	-0.142628	0.644713	-0.751001	0.0	0.126466	-0.7406689999999999	-0.6598609999999999	0.0	-0.981664	-0.18909	0.024105599999999998	0.0	2.03191	-1.89473	-2.9917599999999998	0.30250900000000003	
3	0.110071	0.7001189999999999	-0.705491	0.0	0.580529	0.53086	0.6173930000000001	0.0	0.806765	-0.47751499999999997	-0.348007	0.0	-3.08944	-2.23138	-2.90302	0.245775	-0.152144	0.635069	-0.757324	0.0	0.152793	-0.74192	-0.6528470000000001	0.0	-0.976477	-0.21504099999999998	0.0158441	0.0	2.06127	-2.03212	-3.04968	0.302358	
3	0.140879	0.660412	-0.73757	0.0	0.668875	0.48576499999999995	0.562706	0.0	0.729903	-0.572616	-0.373299	0.0	-3.45799	-2.41934	-2.9962299999999997	0.22887600000000002	-0.156126	0.627842	-0.762522	0.0	0.156003	-0.746625	-0.646694	0.0	-0.97534	-0.21992199999999998	0.0186224	0.0	2.07888	-2.08498	-3.06067	0.30292199999999997	
3	0.16363	0.6361220000000001	-0.754039	0.0	0.728716	0.437277	0.527031	0.0	0.66498	-0.635718	-0.392	0.0	-3.68871	-2.55269	-3.03278	0.229111	-0.161177	0.620925	-0.767121	0.0	0.157084	-0.751235	-0.6410710000000001	0.0	-0.9743440000000001	-0.22382800000000003	0.023544799999999998	0.0	2.06913	-2.10321	-3.04618	0.30283499999999997	
3	0.174604	0.61358	-0.7700859999999999	0.0	0.750468	0.423379	0.507491	0.0	0.637425	-0.666536	-0.386548	0.0	-3.8792699999999996	-2.63971	-3.04918	0.229846	-0.165733	0.614866	-0.7710199999999999	0.0	0.162296	-0.754167	-0.636312	0.0	-0.972724	-0.23059200000000002	0.0251999	0.0	2.05373	-2.1497	-3.04711	0.304739	
3	0.20138499999999998	0.566178	-0.799304	0.0	0.783803	0.396252	0.47816000000000003	0.0	0.587449	-0.722791	-0.363973	0.0	-3.98779	-2.73982	-2.97562	0.23296	-0.169518	0.611368	-0.772976	0.0	0.163975	-0.755898	-0.633822	0.0	-0.9717899999999999	-0.23419299999999998	0.027889099999999997	0.0	2.0424700000000002	-2.1781099999999998	-3.05212	0.30695700000000004	
3	0.229413	0.52888	-0.817102	0.0	0.793534	0.384494	0.47166499999999995	0.0	0.563625	-0.7566039999999999	-0.331477	0.0	-4.05382	-2.84344	-2.90977	0.23733600000000002	-0.171112	0.610196	-0.773552	0.0	0.167054	-0.755795	-0.633141	0.0	-0.970986	-0.23756300000000002	0.027389900000000002	0.0	2.03952	-2.18577	-3.05056	0.307365	
3	0.265139	0.485216	-0.833227	0.0	0.791906	0.383415	0.47526599999999997	0.0	0.550079	-0.785848	-0.282587	0.0	-4.08972	-2.96597	-2.78307	0.24529099999999998	-0.172741	0.607452	-0.775347	0.0	0.169126	-0.757196	-0.630912	0.0	-0.970339	-0.240116	0.0280627	0.0	2.03872	-2.19775	-3.0474799999999997	0.307409	
3	0.323258	0.399133	-0.8580190000000001	0.0	0.7760630000000001	0.407026	0.48172200000000004	0.0	0.541507	-0.8215979999999999	-0.178178	0.0	-3.95011	-3.2096299999999998	-2.47332	0.263348	-0.176861	0.603075	-0.777831	0.0	0.172499	-0.7590640000000001	-0.627747	0.0	-0.969002	-0.24519899999999997	0.0302191	0.0	2.03652	-2.21062	-3.05083	0.306747	
3	0.365817	0.345857	-0.864038	0.0	0.7681020000000001	0.41205200000000003	0.49013599999999996	0.0	0.5255449999999999	-0.8429690000000001	-0.114917	0.0	-3.76516	-3.32596	-2.3012200000000003	0.2797	-0.177258	0.602805	-0.77795	0.0	0.174483	-0.758696	-0.6276430000000001	0.0	-0.9685739999999999	-0.24699400000000002	0.029305099999999997	0.0	2.03882	-2.2113400000000003	-3.0497400000000003	0.307023	
3	0.373396	0.338108	-0.8638629999999999	0.0	0.768278	0.409206	0.49223999999999996	0.0	0.519928	-0.8474870000000001	-0.106965	0.0	-3.7440300000000004	-3.3409800000000005	-2.27776	0.28157600000000005	-0.177347	0.602841	-0.7779010000000001	0.0	0.174843	-0.7585569999999999	-0.627711	0.0	-0.968493	-0.247333	0.0291253	0.0	2.03933	-2.21129	-3.0499099999999997	0.307086	
3	0.40148	0.301078	-0.864966	0.0	0.750166	0.433698	0.49915600000000004	0.0	0.525419	-0.849269	-0.051737	0.0	-3.5411699999999997	-3.4462099999999998	-2.11978	0.35199899999999995	-0.17918800000000001	0.597824	-0.7813439999999999	0.0	0.176672	-0.761734	-0.623337	0.0	-0.967822	-0.249736	0.0308747	0.0	2.03956	-2.21548	-3.03821	0.30738000000000004	
3	0.406008	0.29980999999999997	-0.863291	0.0	0.754494	0.423054	0.501762	0.0	0.515652	-0.855067	-0.054441199999999995	0.0	-3.448	-3.4449099999999997	-2.1057200000000003	0.352258	-0.180223	0.597112	-0.78165	0.0	0.176376	-0.762165	-0.622894	0.0	-0.967683	-0.25012399999999996	0.0320433	0.0	2.03535	-2.21568	-3.02984	0.307368	
3	0.416185	0.29365	-0.860558	0.0	0.765597	0.397431	0.505876	0.0	0.490563	-0.8693780000000001	-0.059412599999999996	0.0	-3.31969	-3.4377699999999995	-2.08237	0.351165	-0.181793	0.597742	-0.7808039999999999	0.0	0.17894100000000002	-0.7606689999999999	-0.6239899999999999	0.0	-0.966918	-0.253155	0.0313237	0.0	2.0283900000000004	-2.21983	-3.02568	0.306664	
3	0.420289	0.29288400000000003	-0.858822	0.0	0.778097	0.3706	0.50717	0.0	0.466822	-0.8814049999999999	-0.0721326	0.0	-3.27083	-3.43606	-2.0800799999999997	0.349543	-0.18202000000000002	0.595915	-0.782148	0.0	0.179655	-0.761892	-0.622291	0.0	-0.966744	-0.253786	0.0316202	0.0	2.026	-2.22535	-3.0182	0.306555	
3	0.422004	0.292006	-0.8582799999999999	0.0	0.7845989999999999	0.356685	0.5071289999999999	0.0	0.454221	-0.887417	-0.0785856	0.0	-3.2608099999999998	-3.4354699999999996	-2.0746900000000004	0.348099	-0.182427	0.593828	-0.7836380000000001	0.0	0.178653	-0.763725	-0.620328	0.0	-0.9668530000000001	-0.253164	0.033235	0.0	2.0228099999999998	-2.22233	-3.01533	0.306327	
3	0.42499899999999996	0.287015	-0.8584860000000001	0.0	0.797946	0.328993	0.50502	0.0	0.42738400000000004	-0.899659	-0.0892005	0.0	-3.24566	-3.43919	-2.0706	0.347804	-0.183159	0.591541	-0.785195	0.0	0.177456	-0.7656930000000001	-0.618243	0.0	-0.966935	-0.25257399999999997	0.035270800000000005	0.0	2.01494	-2.217	-3.00463	0.306325	
3	0.42656099999999997	0.28629299999999996	-0.857952	0.0	0.799638	0.323885	0.505646	0.0	0.422641	-0.90174	-0.0907743	0.0	-3.24621	-3.4405900000000003	-2.0702599999999998	0.347654	-0.183145	0.590901	-0.7856810000000001	0.0	0.177386	-0.766217	-0.6176119999999999	0.0	-0.96695	-0.25248200000000004	0.035511	0.0	2.0148	-2.2159299999999997	-3.0045	0.305994	
3	0.439486	0.271809	-0.856138	0.0	0.818755	0.270798	0.50627	0.0	0.36944899999999997	-0.923466	-0.10353299999999999	0.0	-3.25557	-3.46947	-2.06346	0.34683800000000004	-0.182615	0.58882	-0.787365	0.0	0.17614100000000002	-0.768281	-0.615401	0.0	-0.9672780000000001	-0.25106799999999996	0.0365842	0.0	2.01231	-2.2147099999999997	-3.00497	0.305899	
3	0.463106	0.24345100000000003	-0.852211	0.0	0.8416629999999999	0.180509	0.50894	0.0	0.27773400000000004	-0.952968	-0.12130899999999999	0.0	-3.27052	-3.5043699999999998	-2.0621400000000003	0.34771199999999997	-0.180821	0.582892	-0.792175	0.0	0.17022400000000001	-0.774749	-0.608924	0.0	-0.968673	-0.24495300000000003	0.0408681	0.0	1.99964	-2.19936	-2.99138	0.305157	
3	0.489125	0.21498899999999999	-0.845303	0.0	0.849627	0.10168300000000001	0.5174890000000001	0.0	0.197207	-0.971309	-0.132925	0.0	-3.3357	-3.5153	-2.1160799999999997	0.348533	-0.180223	0.577637	-0.79615	0.0	0.16579100000000002	-0.779985	-0.603438	0.0	-0.9695530000000001	-0.240748	0.0448043	0.0	1.9822799999999998	-2.17075	-2.96562	0.303784	
3	0.503717	0.197773	-0.840925	0.0	0.848616	0.0688306	0.524512	0.0	0.161616	-0.977828	-0.133162	0.0	-3.3435699999999997	-3.4950300000000003	-2.14057	0.34976999999999997	-0.179643	0.5759310000000001	-0.797516	0.0	0.164411	-0.781725	-0.601561	0.0	-0.9698959999999999	-0.23918699999999998	0.045742000000000005	0.0	1.97827	-2.14558	-2.94638	0.30087600000000003	
3	0.520371	0.173618	-0.8361049999999999	0.0	0.84788	0.0113982	0.530067	0.0	0.101559	-0.9847469999999999	-0.141275	0.0	-3.38904	-3.4437900000000004	-2.1253599999999997	0.3523	-0.18040599999999998	0.573616	-0.7990109999999999	0.0	0.16161199999999998	-0.784012	-0.5993390000000001	0.0	-0.970224	-0.237254	0.048737300000000004	0.0	1.97459	-2.1221099999999997	-2.92178	0.29899699999999996	
3	0.517077	0.165157	-0.8398540000000001	0.0	0.85341	-0.0241158	0.520682	0.0	0.0657405	-0.985973	-0.153416	0.0	-3.44885	-3.4107800000000004	-2.1327599999999998	0.348902	-0.179123	0.5727359999999999	-0.7999310000000001	0.0	0.160933	-0.785071	-0.598133	0.0	-0.970575	-0.235875	0.0484514	0.0	1.9740400000000002	-2.1116099999999998	-2.91319	0.29849899999999996	
3	0.519996	0.160773	-0.838902	0.0	0.852852	-0.043198900000000005	0.520363	0.0	0.04742059999999999	-0.9860459999999999	-0.159578	0.0	-3.4517300000000004	-3.40125	-2.15822	0.347856	-0.178655	0.5701930000000001	-0.80185	0.0	0.158092	-0.787737	-0.59538	0.0	-0.9711280000000001	-0.23313299999999998	0.0505899	0.0	1.97213	-2.10627	-2.90994	0.297638	
3	0.529774	0.16503199999999998	-0.8319280000000001	0.0	0.845994	-0.0331103	0.5321640000000001	0.0	0.060278599999999995	-0.9857319999999999	-0.157157	0.0	-3.3943	-3.42394	-2.21126	0.34933400000000003	-0.179228	0.5688439999999999	-0.802679	0.0	0.157648	-0.788741	-0.594167	0.0	-0.971094	-0.23303200000000002	0.0516871	0.0	1.96918	-2.10655	-2.90826	0.297059	
3	0.5245449999999999	0.15698	-0.836785	0.0	0.849774	-0.036147399999999996	0.525907	0.0	0.0523095	-0.9869399999999999	-0.152359	0.0	-3.33009	-3.4412800000000003	-2.20325	0.349337	-0.17923699999999998	0.568383	-0.803004	0.0	0.157692	-0.7890699999999999	-0.593719	0.0	-0.971086	-0.233044	0.051801099999999996	0.0	1.9693200000000002	-2.10703	-2.90626	0.29699899999999996	
3	0.532925	0.172604	-0.8283709999999999	0.0	0.8410059999999999	-0.000129625	0.541026	0.0	0.0932758	-0.984991	-0.14523	0.0	-3.32116	-3.4819	-2.19999	0.344119	-0.179257	0.567868	-0.803363	0.0	0.157496	-0.7894939999999999	-0.5932069999999999	0.0	-0.9711139999999999	-0.23286300000000001	0.0520857	0.0	1.96753	-2.10213	-2.90347	0.297275	
3	0.533746	0.17511500000000002	-0.827314	0.0	0.838176	0.0201817	0.545026	0.0	0.11213900000000002	-0.984341	-0.136006	0.0	-3.3325099999999996	-3.4892199999999995	-2.2065599999999996	0.340417	-0.179971	0.5689850000000001	-0.802413	0.0	0.15770499999999998	-0.7884909999999999	-0.594484	0.0	-0.9709479999999999	-0.23353400000000002	0.0521741	0.0	1.96802	-2.10681	-2.90689	0.297426	
3	0.514995	0.198377	-0.8339219999999999	0.0	0.844809	0.0473081	0.532972	0.0	0.145181	-0.978983	-0.143228	0.0	-3.3547300000000004	-3.5023400000000002	-2.1897	0.333717	-0.182294	0.571112	-0.800375	0.0	0.161473	-0.785574	-0.597328	0.0	-0.9698950000000001	-0.238128	0.0509864	0.0	1.96714	-2.11215	-2.9095299999999997	0.297239	
3	0.511613	0.196682	-0.8364020000000001	0.0	0.846708	0.0500884	0.5296960000000001	0.0	0.146076	-0.979187	-0.140906	0.0	-3.35885	-3.50474	-2.19283	0.336728	-0.183258	0.5709989999999999	-0.800235	0.0	0.16362000000000002	-0.7849510000000001	-0.5975630000000001	0.0	-0.969353	-0.240443	0.0504214	0.0	1.96658	-2.13289	-2.91636	0.29640700000000003	
3	0.50616	0.194517	-0.840217	0.0	0.8501200000000001	0.051551	0.5240600000000001	0.0	0.145253	-0.9795440000000001	-0.13927	0.0	-3.35794	-3.50417	-2.19077	0.335505	-0.18371600000000002	0.570731	-0.800322	0.0	0.164486	-0.7848510000000001	-0.597456	0.0	-0.9691200000000001	-0.241404	0.050312	0.0	1.9662099999999998	-2.15421	-2.92865	0.296478	
3	0.501396	0.191957	-0.843656	0.0	0.851203	0.0653564	0.5207510000000001	0.0	0.1551	-0.979225	-0.130625	0.0	-3.36326	-3.50823	-2.19353	0.333808	-0.18418199999999998	0.5701189999999999	-0.800651	0.0	0.164188	-0.785295	-0.596954	0.0	-0.969082	-0.24140599999999998	0.051030599999999995	0.0	1.9656799999999999	-2.15959	-2.9306200000000002	0.296545	
3	0.49950600000000006	0.18901400000000002	-0.8454389999999999	0.0	0.849044	0.0870583	0.521099	0.0	0.172098	-0.978108	-0.116995	0.0	-3.37295	-3.51505	-2.20185	0.330189	-0.185203	0.5698350000000001	-0.800617	0.0	0.164661	-0.785199	-0.596951	0.0	-0.968807	-0.242387	0.051591899999999996	0.0	1.96403	-2.16361	-2.93187	0.296609	
3	0.49691599999999997	0.19050899999999998	-0.8466290000000001	0.0	0.848209	0.09950039999999999	0.5202319999999999	0.0	0.183349	-0.9766299999999999	-0.112148	0.0	-3.37869	-3.5192099999999997	-2.2020299999999997	0.327371	-0.185197	0.570303	-0.800285	0.0	0.165426	-0.784658	-0.597449	0.0	-0.968678	-0.24303400000000003	0.0509734	0.0	1.96607	-2.16391	-2.93582	0.296539	
3	0.478447	0.219786	-0.850166	0.0	0.847476	0.137949	0.512596	0.0	0.22994099999999998	-0.9657450000000001	-0.120262	0.0	-3.41171	-3.5419099999999997	-2.1884099999999997	0.32257600000000003	-0.18853399999999998	0.569754	-0.7998970000000001	0.0	0.169469	-0.78341	-0.597954	0.0	-0.967334	-0.248292	0.051143400000000006	0.0	1.96327	-2.18792	-2.94794	0.29657	
3	0.47763100000000003	0.22697699999999998	-0.848734	0.0	0.843513	0.15166300000000002	0.515252	0.0	0.24567199999999997	-0.9620190000000001	-0.119019	0.0	-3.4207099999999997	-3.54857	-2.18818	0.32046399999999997	-0.189474	0.570017	-0.799487	0.0	0.170467	-0.782775	-0.5985020000000001	0.0	-0.966975	-0.249687	0.051147000000000005	0.0	1.96242	-2.19995	-2.95982	0.296526	
3	0.467596	0.243729	-0.849677	0.0	0.83804	0.183497	0.513828	0.0	0.281148	-0.952326	-0.118453	0.0	-3.44335	-3.5658199999999995	-2.18356	0.316449	-0.191391	0.5694819999999999	-0.799412	0.0	0.17256300000000002	-0.782258	-0.598577	0.0	-0.966225	-0.252511	0.05144580000000001	0.0	1.95945	-2.21497	-2.9618599999999997	0.296265	
3	0.462212	0.250369	-0.850691	0.0	0.836568	0.195081	0.511954	0.0	0.294131	-0.948293	-0.119282	0.0	-3.44962	-3.5702599999999998	-2.17901	0.312368	-0.191937	0.5698840000000001	-0.798995	0.0	0.172512	-0.781864	-0.599106	0.0	-0.966126	-0.252827	0.0517562	0.0	1.9581	-2.21941	-2.96188	0.296281	
3	0.43797200000000003	0.27662800000000004	-0.8553700000000001	0.0	0.832018	0.235631	0.502219	0.0	0.340479	-0.9316409999999999	-0.12696	0.0	-3.4772199999999995	-3.59162	-2.16165	0.302371	-0.194671	0.567983	-0.799686	0.0	0.174217	-0.782299	-0.5980439999999999	0.0	-0.9652729999999999	-0.255741	0.053339199999999996	0.0	1.9578099999999998	-2.2252099999999997	-2.96089	0.296245	
3	0.4337	0.285852	-0.854514	0.0	0.8275450000000001	0.24881999999999999	0.503247	0.0	0.35647399999999996	-0.925407	-0.128642	0.0	-3.4854199999999995	-3.5989999999999998	-2.1576400000000002	0.298722	-0.196903	0.566962	-0.7998649999999999	0.0	0.174738	-0.7824810000000001	-0.597654	0.0	-0.964726	-0.257447	0.055002699999999995	0.0	1.9558099999999998	-2.2332400000000003	-2.96104	0.29651	
3	0.4174	0.299254	-0.858035	0.0	0.819775	0.283421	0.49763599999999997	0.0	0.392104	-0.9111090000000001	-0.127021	0.0	-3.45301	-3.5592699999999997	-2.0893599999999997	0.310485	-0.201242	0.564182	-0.80075	0.0	0.177524	-0.782931	-0.596242	0.0	-0.9633209999999999	-0.262141	0.057402499999999995	0.0	1.95505	-2.24093	-2.95943	0.29657100000000003	
3	0.401285	0.31101799999999996	-0.861532	0.0	0.81808	0.301345	0.489833	0.0	0.41196499999999997	-0.901365	-0.13351300000000002	0.0	-2.97417	-3.26689	-1.82945	0.350657	-0.201245	0.564561	-0.8004819999999999	0.0	0.17869000000000002	-0.78233	-0.5966819999999999	0.0	-0.9631040000000001	-0.26311799999999996	0.056558699999999996	0.0	1.9535	-2.24569	-2.9577299999999997	0.296448	
3	0.393464	0.324315	-0.8602360000000001	0.0	0.803124	0.334124	0.49330799999999997	0.0	0.447412	-0.884975	-0.128999	0.0	-3.00159	-3.2678	-1.82682	0.354621	-0.202425	0.563006	-0.801279	0.0	0.17890699999999998	-0.783188	-0.595491	0.0	-0.962817	-0.263897	0.0578113	0.0	1.95255	-2.25035	-2.9577	0.296518	
3	0.371454	0.333444	-0.866509	0.0	0.803244	0.35265100000000005	0.480038	0.0	0.46564099999999997	-0.8743299999999999	-0.13684300000000002	0.0	-3.01012	-3.26877	-1.82145	0.35572	-0.20523200000000003	0.561312	-0.801754	0.0	0.180048	-0.783557	-0.594661	0.0	-0.96201	-0.266398	0.059747800000000004	0.0	1.95117	-2.2591200000000002	-2.95362	0.296601	
3	0.372363	0.340663	-0.8633040000000001	0.0	0.79251	0.36737	0.48679300000000003	0.0	0.482984	-0.865441	-0.133184	0.0	-3.02251	-3.2442900000000003	-1.8116	0.357767	-0.207765	0.559056	-0.8026760000000001	0.0	0.182497	-0.784021	-0.593301	0.0	-0.9610040000000001	-0.269753	0.060865999999999996	0.0	1.9505400000000002	-2.26437	-2.95685	0.29673299999999997	
