0	0.593132	0.516197	-0.617846	0.0	0.6853779999999999	0.0789195	0.7238979999999999	0.0	0.42243400000000003	-0.852826	-0.306981	0.0	-2.73968	2.0	1.46191	0.0	-0.593132	0.516197	-0.617846	0.0	0.751016	0.0782057	-0.655636	0.0	-0.290118	-0.852892	-0.43405900000000003	0.0	2.66032	2.0	1.53809	0.0	
0	0.593132	0.516197	-0.617847	0.0	0.685343	0.0789903	0.723924	0.0	0.422491	-0.85282	-0.30691999999999997	0.0	-2.7396700000000003	2.0	1.46191	0.0	-0.23441900000000002	0.537895	-0.809763	0.0	0.101452	-0.8148890000000001	-0.57067	0.0	-0.966827	-0.215928	0.136455	0.0	2.66202	2.0408	1.5107	5.6947600000000003e-05	
0	0.073232	0.609375	-0.789493	0.0	-0.08368939999999998	0.792582	0.603995	0.0	0.9937969999999999	0.021840400000000003	0.10904000000000001	0.0	-2.73105	1.9283299999999999	1.37782	2.55108e-05	-0.21944699999999998	0.556234	-0.801528	0.0	0.0112153	-0.8200620000000001	-0.572166	0.0	-0.97556	-0.134549	0.17372100000000001	0.0	2.71348	1.96945	1.36858	0.0	
0	0.0549222	0.560315	-0.826457	0.0	-0.184351	0.819167	0.543121	0.0	0.981325	0.122528	0.148285	0.0	-2.76663	1.8600299999999999	1.27511	0.0	-0.22256199999999998	0.582609	-0.781686	0.0	-0.00525382	-0.802502	-0.596627	0.0	-0.9749049999999999	-0.128679	0.181667	0.0	2.6769700000000003	1.91609	1.2786600000000001	0.0	
0	0.04184380000000001	0.597854	-0.800512	0.0	-0.0732846	0.800892	0.5943069999999999	0.0	0.996433	0.033797100000000004	0.0773258	0.0	-2.81149	1.8954400000000002	1.02324	-0.00034523	-0.22051700000000002	0.6332270000000001	-0.741887	0.0	0.0250593	-0.756681	-0.653304	0.0	-0.9750610000000001	-0.162655	0.15099200000000002	0.0	2.6164400000000003	1.81987	1.15983	0.0	
0	0.0672994	0.603876	-0.7942319999999999	0.0	0.040135000000000004	0.793754	0.606913	0.0	0.996925	-0.07272139999999999	0.0291827	0.0	-2.81607	1.9734599999999998	0.837134	0.0	-0.24661	0.644641	-0.723617	0.0	0.0670058	-0.733549	-0.676325	0.0	-0.9667959999999999	-0.215275	0.137705	0.0	2.56373	1.7183599999999999	1.04104	0.0	
0	0.0749539	0.555855	-0.827893	0.0	0.12066500000000001	0.819072	0.5608569999999999	0.0	0.9898600000000001	-0.14193599999999998	-0.00567985	0.0	-2.8253	2.08043	0.704309	0.0	-0.270474	0.64867	-0.711387	0.0	0.14945999999999998	-0.701678	-0.696643	0.0	-0.9510549999999999	-0.294747	0.0928345	0.0	2.53481	1.62766	0.9189139999999999	0.0	
0	0.036415499999999996	0.492824	-0.869367	0.0	0.211094	0.84652	0.488716	0.0	0.9767870000000001	-0.20131500000000002	-0.0732057	0.0	-2.94503	2.20431	0.33708899999999997	0.0	-0.243035	0.608212	-0.755654	0.0	0.20555199999999998	-0.729028	-0.652892	0.0	-0.947989	-0.31400100000000003	0.052159500000000004	0.0	2.5714799999999998	1.48727	0.552783	0.0	
0	0.00194564	0.43950900000000004	-0.898236	0.0	0.137724	0.88956	0.435562	0.0	0.990469	-0.12455699999999999	-0.05880030000000001	0.0	-2.95382	2.1316599999999997	-0.0103089	0.0	-0.195859	0.6102	-0.767655	0.0	0.205756	-0.73982	-0.640571	0.0	-0.9588030000000001	-0.283411	0.0193483	0.0	2.54032	1.4937799999999999	0.260794	0.0	
0	-0.055343899999999994	0.44881400000000005	-0.8919100000000001	0.0	0.104992	0.890942	0.441813	0.0	0.9929319999999999	-0.0691914	-0.0964299	0.0	-2.85889	2.02861	-0.22384400000000002	0.0	-0.0866472	0.601993	-0.793786	0.0	0.292773	-0.746212	-0.5978720000000001	0.0	-0.952248	-0.28420300000000004	-0.11159000000000001	0.0	2.4569900000000002	1.54721	0.00871359	0.0	
0	-0.111319	0.45723400000000003	-0.882352	0.0	0.11209200000000001	0.8879809999999999	0.446009	0.0	0.9874430000000001	-0.04925569999999999	-0.150101	0.0	-2.8181700000000003	1.99659	-0.343594	0.0	-0.0538996	0.578788	-0.813695	0.0	0.257392	-0.779289	-0.571365	0.0	-0.9648030000000001	-0.240235	-0.106972	0.0	2.39202	1.54774	-0.19453800000000002	0.0	
0	-0.14184000000000002	0.48058900000000004	-0.865399	0.0	0.165537	0.8734430000000001	0.457925	0.0	0.975951	-0.0783031	-0.203444	0.0	-2.7895	1.8152400000000002	-0.477471	0.0	-0.11084100000000001	0.565469	-0.817288	0.0	0.268975	-0.774596	-0.5724100000000001	0.0	-0.9567479999999999	-0.283277	-0.0662398	0.0	2.3604	1.56879	-0.258329	0.0	
0	-0.105288	0.527825	-0.842802	0.0	0.176108	0.8440139999999999	0.506584	0.0	0.9787239999999999	-0.0950865	-0.181819	0.0	-2.68687	1.7511599999999998	-0.463041	0.0	-0.151006	0.565967	-0.810481	0.0	0.25042600000000004	-0.7712359999999999	-0.58522	0.0	-0.9562870000000001	-0.291337	-0.0252721	0.0	2.369	1.56466	-0.24307399999999998	0.0	
0	-0.0793275	0.584935	-0.807192	0.0	0.136641	0.808481	0.572441	0.0	0.987439	-0.0648851	-0.144061	0.0	-2.65836	1.7475599999999998	-0.45774899999999996	0.0	-0.158246	0.5730430000000001	-0.8041020000000001	0.0	0.249138	-0.764841	-0.594094	0.0	-0.9554520000000001	-0.29434499999999997	-0.021734299999999998	0.0	2.36978	1.5465	-0.251312	0.0	
0	-0.10079099999999999	0.606161	-0.78893	0.0	0.108025	0.794948	0.596983	0.0	0.9890260000000001	-0.0250535	-0.145603	0.0	-2.64068	1.77367	-0.473559	0.0	-0.156605	0.582974	-0.7972560000000001	0.0	0.24854899999999996	-0.757975	-0.603073	0.0	-0.9558760000000001	-0.292601	-0.0261955	0.0	2.3646	1.53712	-0.269608	0.0	
0	-0.0970971	0.604283	-0.790832	0.0	0.0938497	0.796605	0.597171	0.0	0.9908399999999999	-0.0162358	-0.13405999999999998	0.0	-2.53697	1.78338	-0.498802	0.0	-0.163224	0.586202	-0.793553	0.0	0.271929	-0.7464529999999999	-0.607341	0.0	-0.9483739999999999	-0.314922	-0.0375659	0.0	2.34789	1.4717200000000001	-0.335425	0.0	
0	-0.10856700000000001	0.621975	-0.775474	0.0	0.0965352	0.782995	0.614492	0.0	0.989391	-0.00814694	-0.14505	0.0	-2.45205	1.7951599999999999	-0.604753	0.0	-0.163139	0.595071	-0.786941	0.0	0.26369499999999996	-0.74231	-0.615988	0.0	-0.9507110000000001	-0.308004	-0.035818300000000004	0.0	2.30639	1.3957899999999999	-0.45828	0.0	
0	-0.122796	0.640104	-0.758412	0.0	0.0752385	0.768	0.636015	0.0	0.989576	0.021038099999999997	-0.142468	0.0	-2.38216	1.7828400000000002	-0.772046	0.0	-0.168603	0.5775279999999999	-0.79877	0.0	0.249221	-0.7590640000000001	-0.601424	0.0	-0.953657	-0.30047199999999996	-0.0159513	0.0	2.21999	1.31239	-0.5269689999999999	0.0	
0	-0.17852300000000002	0.640532	-0.746892	0.0	0.121176	0.76762	0.6293449999999999	0.0	0.9764450000000001	0.0218475	-0.214655	0.0	-2.36163	1.7454599999999998	-1.0473700000000001	0.15793	-0.17843399999999998	0.570409	-0.8017449999999999	0.0	0.245587	-0.763215	-0.597654	0.0	-0.9528110000000001	-0.30354000000000003	-0.0039020000000000005	0.0	2.12763	1.2267299999999999	-0.545084	0.0	
0	-0.21014899999999997	0.6248020000000001	-0.7519710000000001	0.0	0.161406	0.780764	0.6036189999999999	0.0	0.9642540000000001	0.0054771	-0.264924	0.0	-2.37703	1.7275599999999998	-1.2619	0.306176	-0.184602	0.555372	-0.810854	0.0	0.228713	-0.778108	-0.585012	0.0	-0.955831	-0.29344699999999996	0.016619	0.0	2.04409	1.12895	-0.6332840000000001	0.014566800000000001	
0	-0.199071	0.65669	-0.727413	0.0	0.1646	0.75413	0.635763	0.0	0.9660629999999999	0.00682965	-0.258216	0.0	-2.3862	1.64599	-1.4959799999999999	0.305319	-0.178534	0.5456340000000001	-0.818785	0.0	0.248083	-0.780308	-0.574086	0.0	-0.952145	-0.30562	0.00394896	0.0	1.98403	1.02567	-0.740946	0.196456	
0	-0.19203699999999999	0.687074	-0.70075	0.0	0.198407	0.726476	0.657926	0.0	0.961123	-0.0126876	-0.27583	0.0	-2.41669	1.54178	-1.73459	0.28525100000000003	-0.185096	0.538147	-0.822276	0.0	0.256131	-0.781397	-0.569048	0.0	-0.9487549999999999	-0.31593899999999997	0.00679702	0.0	1.9371099999999999	0.909803	-0.8745719999999999	0.164934	
0	-0.17570999999999998	0.695179	-0.697032	0.0	0.21404	0.718087	0.662222	0.0	0.960892	-0.0328339	-0.274971	0.0	-2.45244	1.4002700000000001	-1.9534799999999999	0.24251799999999998	-0.190847	0.540207	-0.819606	0.0	0.265432	-0.7754489999999999	-0.572909	0.0	-0.945052	-0.326887	0.00460312	0.0	1.8883	0.803629	-1.02379	0.225559	
0	-0.175871	0.72539	-0.6654909999999999	0.0	0.24438400000000002	0.687038	0.684292	0.0	0.9535959999999999	-0.0422879	-0.298104	0.0	-2.49171	1.2297200000000001	-2.2512	0.24846500000000002	-0.199626	0.525403	-0.8271040000000001	0.0	0.278977	-0.778686	-0.561979	0.0	-0.93932	-0.342928	0.00887012	0.0	1.8360900000000002	0.694472	-1.1919600000000001	0.235195	
0	-0.166303	0.732266	-0.660401	0.0	0.26007199999999997	0.678586	0.686938	0.0	0.95116	-0.0575118	-0.303293	0.0	-2.5068799999999998	1.10689	-2.46103	0.251089	-0.20749099999999998	0.530184	-0.822103	0.0	0.293815	-0.767814	-0.569328	0.0	-0.9330700000000001	-0.359677	0.00353879	0.0	1.80942	0.589336	-1.34581	0.238594	
0	-0.159211	0.726499	-0.66847	0.0	0.278444	0.682661	0.675605	0.0	0.9471649999999999	-0.0785682	-0.310977	0.0	-2.519	0.986201	-2.59428	0.251181	-0.20944899999999997	0.530323	-0.821516	0.0	0.302611	-0.7637510000000001	-0.570185	0.0	-0.929816	-0.368025	-0.000514969	0.0	1.79657	0.483426	-1.4952	0.255851	
0	-0.143708	0.717308	-0.681775	0.0	0.298967	0.688204	0.6610550000000001	0.0	0.9433809999999999	-0.10883	-0.313352	0.0	-2.52088	0.831779	-2.78652	0.242972	-0.207427	0.524608	-0.8256879999999999	0.0	0.312983	-0.764091	-0.564098	0.0	-0.926831	-0.37543499999999996	-0.00570056	0.0	1.77718	0.368089	-1.6547	0.2628	
0	-0.128021	0.7303890000000001	-0.670927	0.0	0.308558	0.6722520000000001	0.672955	0.0	0.942551	-0.120868	-0.31143000000000004	0.0	-2.5009799999999998	0.704635	-2.9676400000000003	0.244432	-0.187369	0.527316	-0.828752	0.0	0.325829	-0.762564	-0.558867	0.0	-0.926676	-0.374746	-0.0289339	0.0	1.76937	0.28991999999999996	-1.78302	0.271022	
0	-0.10791300000000001	0.737586	-0.666575	0.0	0.318035	0.660868	0.6797850000000001	0.0	0.941918	-0.13863599999999998	-0.305894	0.0	-2.4830799999999997	0.573436	-3.1472900000000004	0.248071	-0.179591	0.526922	-0.830723	0.0	0.339967	-0.75918	-0.5550390000000001	0.0	-0.9231299999999999	-0.382098	-0.0427942	0.0	1.7686099999999998	0.19233499999999998	-1.95872	0.28725	
0	-0.082708	0.739287	-0.668292	0.0	0.32008400000000004	0.654766	0.68471	0.0	0.9437719999999999	-0.157278	-0.290788	0.0	-2.4517599999999997	0.43000600000000005	-3.25956	0.24987399999999999	-0.17130599999999999	0.520456	-0.8365290000000001	0.0	0.346536	-0.762993	-0.545669	0.0	-0.922262	-0.383363	-0.04965119999999999	0.0	1.7892400000000002	0.0872797	-2.1548700000000003	0.296319	
0	-0.0506244	0.7433850000000001	-0.666945	0.0	0.325813	0.643559	0.692588	0.0	0.9440780000000001	-0.18223699999999998	-0.27478400000000003	0.0	-2.46164	0.27745	-3.33279	0.261347	-0.176295	0.52409	-0.833217	0.0	0.355257	-0.755546	-0.5504020000000001	0.0	-0.9179940000000001	-0.39303899999999997	-0.0529883	0.0	1.8151	-0.04082	-2.2588	0.295218	
0	-0.0216428	0.738643	-0.6737489999999999	0.0	0.325867	0.642317	0.693715	0.0	0.945168	-0.204539	-0.254601	0.0	-2.4567200000000002	0.11504400000000001	-3.3913699999999998	0.262359	-0.180092	0.521842	-0.833815	0.0	0.356049	-0.7556109999999999	-0.5498	0.0	-0.916949	-0.395894	-0.0497217	0.0	1.85008	-0.14608800000000002	-2.35431	0.30249699999999996	
0	-0.00309265	0.740788	-0.671732	0.0	0.31792	0.637612	0.701696	0.0	0.9481120000000001	-0.211387	-0.237483	0.0	-2.50559	-0.034487699999999996	-3.4526800000000004	0.261623	-0.17768	0.5256529999999999	-0.831937	0.0	0.353068	-0.755054	-0.552481	0.0	-0.9185709999999999	-0.391896	-0.051432900000000004	0.0	1.8889799999999999	-0.233028	-2.44069	0.30601999999999996	
0	0.000323907	0.736904	-0.6759970000000001	0.0	0.30695100000000003	0.6432899999999999	0.701398	0.0	0.951725	-0.207725	-0.225985	0.0	-2.54887	-0.129776	-3.51018	0.24975300000000003	-0.174905	0.538851	-0.824044	0.0	0.353174	-0.746911	-0.563375	0.0	-0.919063	-0.389569	-0.0596694	0.0	1.89684	-0.30696	-2.51111	0.316105	
0	-0.00362225	0.731192	-0.6821619999999999	0.0	0.290076	0.653604	0.699041	0.0	0.956997	-0.195347	-0.214469	0.0	-2.59728	-0.16706300000000002	-3.49525	0.254756	-0.170093	0.548257	-0.8188300000000001	0.0	0.344373	-0.745476	-0.570678	0.0	-0.9232959999999999	-0.379051	-0.06200419999999999	0.0	1.8999099999999998	-0.346402	-2.5798200000000002	0.331973	
0	-0.00641376	0.732559	-0.680673	0.0	0.285196	0.6537569999999999	0.700904	0.0	0.958448	-0.18963	-0.21311599999999997	0.0	-2.63638	-0.183196	-3.4810199999999996	0.265598	-0.165885	0.564533	-0.808569	0.0	0.33409	-0.739271	-0.584691	0.0	-0.9278290000000001	-0.367126	-0.0659706	0.0	1.9156400000000002	-0.371316	-2.64722	0.348853	
0	-0.00467715	0.725924	-0.687759	0.0	0.277925	0.661614	0.696438	0.0	0.960591	-0.187888	-0.20484699999999997	0.0	-2.64399	-0.191216	-3.48081	0.26596	-0.16018	0.583913	-0.7958569999999999	0.0	0.332841	-0.7270979999999999	-0.6004550000000001	0.0	-0.9292790000000001	-0.361075	-0.0778838	0.0	1.91567	-0.36691799999999997	-2.75317	0.351634	
0	-0.00191495	0.7192470000000001	-0.694752	0.0	0.269177	0.669481	0.692343	0.0	0.963089	-0.185686	-0.19488699999999998	0.0	-2.67218	-0.20333099999999998	-3.4670400000000003	0.26609299999999997	-0.155351	0.59588	-0.787904	0.0	0.328849	-0.720903	-0.610047	0.0	-0.931517	-0.353873	-0.08396189999999999	0.0	1.88631	-0.35441500000000004	-2.87665	0.352146	
0	2.73809e-05	0.710715	-0.70348	0.0	0.253397	0.680515	0.687524	0.0	0.967362	-0.178279	-0.180074	0.0	-2.72993	-0.22089699999999998	-3.4493300000000002	0.264948	-0.145814	0.609556	-0.779217	0.0	0.326949	-0.713689	-0.619477	0.0	-0.933725	-0.345093	-0.0952283	0.0	1.8747599999999998	-0.338532	-2.95004	0.35252100000000003	
0	0.00239563	0.703567	-0.710625	0.0	0.241623	0.689164	0.683133	0.0	0.970367	-0.17334000000000002	-0.168347	0.0	-2.78753	-0.23373400000000003	-3.43833	0.264361	-0.138369	0.619243	-0.772911	0.0	0.323075	-0.709504	-0.6262800000000001	0.0	-0.9362030000000001	-0.336366	-0.101889	0.0	1.87665	-0.328717	-2.99831	0.352511	
0	0.00476685	0.692508	-0.721395	0.0	0.221782	0.702705	0.676031	0.0	0.9750850000000001	-0.163215	-0.15023599999999998	0.0	-2.8325299999999998	-0.24319699999999997	-3.4572599999999998	0.262289	-0.128841	0.6306649999999999	-0.765286	0.0	0.318173	-0.7046279999999999	-0.6342439999999999	0.0	-0.9392370000000001	-0.325209	-0.109875	0.0	1.9597	-0.311908	-3.13925	0.35286300000000004	
0	0.00803936	0.68761	-0.726036	0.0	0.21671100000000001	0.7076060000000001	0.672555	0.0	0.976203	-0.162747	-0.143324	0.0	-2.83285	-0.265743	-3.40041	0.261641	-0.128748	0.6284420000000001	-0.767127	0.0	0.316742	-0.706986	-0.632333	0.0	-0.939733	-0.324393	-0.10803099999999999	0.0	1.98132	-0.308235	-3.1735900000000004	0.352596	
0	0.01119	0.684559	-0.7288720000000001	0.0	0.214479	0.710309	0.670417	0.0	0.976665	-0.16383	-0.138875	0.0	-2.81782	-0.27820100000000003	-3.3694300000000004	0.260896	-0.127493	0.627279	-0.768288	0.0	0.314228	-0.709162	-0.63115	0.0	-0.9407479999999999	-0.321884	-0.106695	0.0	1.99449	-0.31235	-3.17246	0.352608	
0	0.017212	0.6790390000000001	-0.733901	0.0	0.21517399999999998	0.714295	0.665945	0.0	0.976424	-0.169379	-0.13381700000000002	0.0	-2.8091	-0.283806	-3.3573199999999996	0.25947800000000004	-0.127575	0.626451	-0.76895	0.0	0.31545300000000004	-0.709399	-0.630272	0.0	-0.940327	-0.322974	-0.10711400000000001	0.0	2.00055	-0.314515	-3.1667799999999997	0.352558	
0	0.0194455	0.678551	-0.734296	0.0	0.220216	0.713491	0.665158	0.0	0.9752569999999999	-0.17463800000000002	-0.135554	0.0	-2.81187	-0.282561	-3.3539800000000004	0.258748	-0.12480999999999999	0.624933	-0.770637	0.0	0.312967	-0.7122609999999999	-0.6282810000000001	0.0	-0.941528	-0.3196	-0.10668599999999999	0.0	2.0114099999999997	-0.318641	-3.1607	0.352446	
0	0.0208215	0.678998	-0.733845	0.0	0.22547399999999998	0.711905	0.665095	0.0	0.9740270000000001	-0.179312	-0.138274	0.0	-2.83353	-0.279532	-3.35845	0.24261100000000002	-0.12247999999999999	0.6239239999999999	-0.771827	0.0	0.310487	-0.714558	-0.6269	0.0	-0.9426540000000001	-0.316425	-0.106202	0.0	2.01955	-0.324552	-3.14804	0.352785	
0	0.0205203	0.679395	-0.733486	0.0	0.228273	0.711078	0.665026	0.0	0.9733809999999999	-0.181082	-0.140496	0.0	-2.83707	-0.275976	-3.36491	0.238298	-0.12091099999999999	0.623104	-0.772737	0.0	0.308894	-0.716182	-0.625833	0.0	-0.9433799999999999	-0.314364	-0.105879	0.0	2.02481	-0.326994	-3.145	0.352912	
0	0.0205847	0.6794020000000001	-0.733478	0.0	0.22831100000000001	0.711054	0.665039	0.0	0.9733709999999999	-0.18115	-0.140478	0.0	-2.8349900000000003	-0.275453	-3.36725	0.234954	-0.120893	0.6230859999999999	-0.7727539999999999	0.0	0.308822	-0.716226	-0.625819	0.0	-0.943406	-0.314301	-0.10583599999999999	0.0	2.02451	-0.327258	-3.1441	0.352917	
0	0.0205847	0.6794020000000001	-0.733478	0.0	0.22830999999999999	0.711054	0.665039	0.0	0.9733709999999999	-0.18115	-0.140478	0.0	-2.83501	-0.275458	-3.36723	0.234956	-0.120893	0.6230859999999999	-0.7727539999999999	0.0	0.308823	-0.716225	-0.6258199999999999	0.0	-0.9434049999999999	-0.314301	-0.10583699999999999	0.0	2.02451	-0.327255	-3.14411	0.352917	
0	0.020584599999999998	0.6794020000000001	-0.733478	0.0	0.22830999999999999	0.711054	0.665039	0.0	0.9733709999999999	-0.18115	-0.140478	0.0	-2.83501	-0.275458	-3.36723	0.234956	-0.120893	0.6230859999999999	-0.7727539999999999	0.0	0.308823	-0.716225	-0.6258199999999999	0.0	-0.9434049999999999	-0.314301	-0.10583699999999999	0.0	2.02451	-0.327255	-3.14411	0.352917	
0	0.0205847	0.6794020000000001	-0.733478	0.0	0.22830999999999999	0.711054	0.665039	0.0	0.9733709999999999	-0.18115	-0.140478	0.0	-2.83501	-0.275458	-3.36723	0.234956	-0.120893	0.6230859999999999	-0.7727539999999999	0.0	0.308823	-0.716225	-0.6258199999999999	0.0	-0.9434049999999999	-0.314301	-0.10583699999999999	0.0	2.02451	-0.327255	-3.14411	0.352917	
0	0.0205847	0.6794020000000001	-0.733478	0.0	0.22830999999999999	0.711054	0.665039	0.0	0.9733709999999999	-0.18115	-0.140478	0.0	-2.83501	-0.275458	-3.36723	0.234956	-0.120893	0.6230859999999999	-0.7727539999999999	0.0	0.308823	-0.716225	-0.6258199999999999	0.0	-0.9434049999999999	-0.314301	-0.10583699999999999	0.0	2.02451	-0.327255	-3.14411	0.352917	
0	0.0205847	0.6794020000000001	-0.733478	0.0	0.22830999999999999	0.711054	0.665039	0.0	0.9733709999999999	-0.18115	-0.140478	0.0	-2.83501	-0.275458	-3.36723	0.234956	-0.120893	0.6230859999999999	-0.7727539999999999	0.0	0.308823	-0.716225	-0.6258199999999999	0.0	-0.9434049999999999	-0.314301	-0.10583699999999999	0.0	2.02451	-0.327255	-3.14411	0.352917	
0	0.0205847	0.6794020000000001	-0.733478	0.0	0.22830999999999999	0.711054	0.665039	0.0	0.9733709999999999	-0.18115	-0.140478	0.0	-2.83501	-0.275458	-3.36723	0.234956	-0.120893	0.6230859999999999	-0.7727539999999999	0.0	0.308823	-0.716225	-0.6258199999999999	0.0	-0.9434049999999999	-0.314301	-0.10583699999999999	0.0	2.02451	-0.327255	-3.14411	0.352917	
0	0.0205847	0.6794020000000001	-0.733478	0.0	0.22830999999999999	0.711054	0.665039	0.0	0.9733709999999999	-0.18115	-0.140478	0.0	-2.83501	-0.275458	-3.36723	0.234956	-0.120893	0.6230859999999999	-0.7727539999999999	0.0	0.308823	-0.716225	-0.6258199999999999	0.0	-0.9434049999999999	-0.314301	-0.10583699999999999	0.0	2.02451	-0.327255	-3.14411	0.352917	
0	0.0205847	0.6794020000000001	-0.733478	0.0	0.22830999999999999	0.711054	0.665039	0.0	0.9733709999999999	-0.18115	-0.140478	0.0	-2.83501	-0.275458	-3.36723	0.234956	-0.120893	0.6230859999999999	-0.7727539999999999	0.0	0.308823	-0.716225	-0.6258199999999999	0.0	-0.9434049999999999	-0.314301	-0.10583699999999999	0.0	2.02451	-0.327255	-3.14411	0.352917	
0	0.0205847	0.6794020000000001	-0.733478	0.0	0.22830999999999999	0.711054	0.665039	0.0	0.9733709999999999	-0.18115	-0.140478	0.0	-2.83501	-0.275458	-3.36723	0.234956	-0.120893	0.6230859999999999	-0.7727539999999999	0.0	0.308823	-0.716225	-0.6258199999999999	0.0	-0.9434049999999999	-0.314301	-0.10583699999999999	0.0	2.02451	-0.327255	-3.14411	0.352917	
0	0.0205847	0.6794020000000001	-0.733478	0.0	0.22830999999999999	0.711054	0.665039	0.0	0.9733709999999999	-0.18115	-0.140478	0.0	-2.83501	-0.275458	-3.36723	0.234956	-0.120893	0.6230859999999999	-0.7727539999999999	0.0	0.308823	-0.716225	-0.6258199999999999	0.0	-0.9434049999999999	-0.314301	-0.10583699999999999	0.0	2.02451	-0.327255	-3.14411	0.352917	
0	0.0205847	0.6794020000000001	-0.733478	0.0	0.22830999999999999	0.711054	0.665039	0.0	0.9733709999999999	-0.18115	-0.140478	0.0	-2.83501	-0.275458	-3.36723	0.234956	-0.120893	0.6230859999999999	-0.7727539999999999	0.0	0.308823	-0.716225	-0.625819	0.0	-0.9434049999999999	-0.314301	-0.10583699999999999	0.0	2.02451	-0.327255	-3.14411	0.352917	
0	0.0205847	0.6794020000000001	-0.733478	0.0	0.22830999999999999	0.711054	0.665039	0.0	0.9733709999999999	-0.18115	-0.140478	0.0	-2.83501	-0.275458	-3.36723	0.234956	-0.120893	0.6230859999999999	-0.7727539999999999	0.0	0.308823	-0.716225	-0.6258199999999999	0.0	-0.9434049999999999	-0.314301	-0.10583699999999999	0.0	2.02451	-0.327255	-3.14411	0.352917	
0	0.0205847	0.6794020000000001	-0.733478	0.0	0.22830999999999999	0.711054	0.665039	0.0	0.9733709999999999	-0.18115	-0.140478	0.0	-2.83501	-0.275458	-3.36723	0.234956	-0.120893	0.6230859999999999	-0.7727539999999999	0.0	0.308823	-0.716225	-0.6258199999999999	0.0	-0.9434049999999999	-0.314301	-0.10583699999999999	0.0	2.02451	-0.327255	-3.14411	0.352917	
0	0.0205847	0.6794020000000001	-0.733478	0.0	0.22830999999999999	0.711054	0.665039	0.0	0.9733709999999999	-0.18115	-0.140478	0.0	-2.83501	-0.275458	-3.36723	0.234956	-0.120893	0.6230859999999999	-0.7727539999999999	0.0	0.308823	-0.716225	-0.625819	0.0	-0.9434049999999999	-0.314301	-0.10583699999999999	0.0	2.02451	-0.327255	-3.14411	0.352917	
0	0.0205847	0.6794020000000001	-0.733478	0.0	0.22830999999999999	0.711054	0.665039	0.0	0.9733709999999999	-0.18115	-0.140478	0.0	-2.83501	-0.275458	-3.36723	0.234956	-0.120893	0.6230859999999999	-0.7727539999999999	0.0	0.308823	-0.716225	-0.625819	0.0	-0.9434049999999999	-0.314301	-0.10583699999999999	0.0	2.02451	-0.327255	-3.14411	0.352917	
0	0.0205847	0.6794020000000001	-0.733478	0.0	0.22830999999999999	0.711054	0.665039	0.0	0.9733709999999999	-0.18115	-0.140478	0.0	-2.83501	-0.275458	-3.36723	0.234956	-0.120893	0.6230859999999999	-0.7727539999999999	0.0	0.308823	-0.716225	-0.6258199999999999	0.0	-0.9434049999999999	-0.314301	-0.10583699999999999	0.0	2.02451	-0.327255	-3.14411	0.352917	
0	0.0205847	0.6794020000000001	-0.733478	0.0	0.22830999999999999	0.711054	0.665039	0.0	0.9733709999999999	-0.18115	-0.140478	0.0	-2.83501	-0.275458	-3.36723	0.234956	-0.120893	0.6230859999999999	-0.7727539999999999	0.0	0.308823	-0.716225	-0.6258199999999999	0.0	-0.9434049999999999	-0.314301	-0.10583699999999999	0.0	2.02451	-0.327255	-3.14411	0.352917	
0	0.0205847	0.6794020000000001	-0.733478	0.0	0.22830999999999999	0.711054	0.665039	0.0	0.9733709999999999	-0.18115	-0.140478	0.0	-2.83501	-0.275458	-3.36723	0.234956	-0.120893	0.6230859999999999	-0.7727539999999999	0.0	0.308823	-0.716225	-0.625819	0.0	-0.9434049999999999	-0.314301	-0.10583699999999999	0.0	2.02451	-0.327255	-3.14411	0.352917	
0	0.0205847	0.6794020000000001	-0.733478	0.0	0.22830999999999999	0.711054	0.665039	0.0	0.9733709999999999	-0.18115	-0.140478	0.0	-2.83501	-0.275458	-3.36723	0.234956	-0.120893	0.6230859999999999	-0.7727539999999999	0.0	0.308823	-0.716225	-0.6258199999999999	0.0	-0.9434049999999999	-0.314301	-0.10583699999999999	0.0	2.02451	-0.327255	-3.14411	0.352917	
0	-0.213914	0.793767	-0.569364	0.0	-0.142968	0.55114	0.822074	0.0	0.966334	0.257254	-0.00441307	0.0	-2.78573	-0.292421	-3.3847	0.242919	0.0168845	0.493287	-0.8697030000000001	0.0	-0.0751194	-0.866742	-0.49306700000000003	0.0	-0.9970319999999999	0.0736567	0.0224209	0.0	2.01264	-0.26182	-3.09731	0.310654	
0	-0.202224	0.793551	-0.573918	0.0	-0.180053	0.54591	0.818268	0.0	0.9626450000000001	0.268809	0.0324847	0.0	-2.72434	-0.302886	-3.34979	0.239229	0.0147917	0.499066	-0.8664379999999999	0.0	-0.0762246	-0.863448	-0.498645	0.0	-0.9969809999999999	0.0734197	0.025269200000000002	0.0	2.02193	-0.263828	-3.09077	0.307336	
0	-0.197945	0.7975800000000001	-0.569811	0.0	-0.190693	0.5388729999999999	0.820519	0.0	0.9614860000000001	0.27107600000000004	0.04542569999999999	0.0	-2.70558	-0.314576	-3.3292800000000002	0.237756	0.0152315	0.511296	-0.8592700000000001	0.0	-0.0793415	-0.856042	-0.510782	0.0	-0.9967309999999999	0.0759557	0.0275281	0.0	2.0039	-0.294053	-3.09203	0.307726	
0	-0.189385	0.815696	-0.546602	0.0	-0.192705	0.5149729999999999	0.8352649999999999	0.0	0.962807	0.26352	0.059660000000000005	0.0	-2.67385	-0.350813	-3.31981	0.23833400000000002	0.0111964	0.53597	-0.8441629999999999	0.0	-0.08492360000000002	-0.840656	-0.53487	0.0	-0.996325	0.0776779	0.036104199999999996	0.0	1.96566	-0.360105	-3.11766	0.315592	
0	-0.181592	0.8338129999999999	-0.5213260000000001	0.0	-0.180944	0.492756	0.851147	0.0	0.966584	0.248892	0.0613929	0.0	-2.67043	-0.443517	-3.3569400000000003	0.23542800000000003	0.00322956	0.558833	-0.829274	0.0	-0.0777049	-0.8266309999999999	-0.557354	0.0	-0.9969709999999999	0.0662387	0.0407544	0.0	1.9122299999999999	-0.44705200000000006	-3.14837	0.328239	
0	-0.17008399999999999	0.850039	-0.498503	0.0	-0.160683	0.47518	0.865092	0.0	0.972241	0.22724	0.0557665	0.0	-2.64886	-0.587607	-3.4095699999999995	0.214928	-0.014170400000000001	0.569661	-0.821757	0.0	-0.0681467	-0.8204799999999999	-0.5676	0.0	-0.997575	0.047957099999999996	0.0504467	0.0	1.8796	-0.599028	-3.20257	0.33898	
0	-0.145813	0.8560459999999999	-0.495907	0.0	-0.127604	0.480803	0.8674940000000001	0.0	0.9810479999999999	0.189772	0.0391271	0.0	-2.6402	-0.684469	-3.4338699999999998	0.21971500000000002	-0.031606	0.571099	-0.8202719999999999	0.0	-0.0464716	-0.820635	-0.569561	0.0	-0.9984200000000001	0.020117799999999998	0.052476800000000004	0.0	1.8758700000000001	-0.70067	-3.22761	0.342039	
0	-0.08298860000000001	0.8712549999999999	-0.483763	0.0	-0.0419995	0.48194899999999996	0.875192	0.0	0.9956649999999999	0.0929487	-0.00340402	0.0	-2.59144	-0.9722139999999999	-3.50679	0.23428600000000002	-0.069329	0.597962	-0.79852	0.0	0.0458291	-0.797692	-0.601321	0.0	-0.996541	-0.07828439999999999	0.0278988	0.0	1.85105	-1.03455	-3.3316199999999996	0.342265	
0	-0.00812282	0.88289	-0.469509	0.0	0.058301900000000004	0.46914399999999995	0.8811950000000001	0.0	0.998266	-0.0202154	-0.055284900000000005	0.0	-2.59148	-1.29165	-3.5875800000000004	0.236354	-0.0959637	0.621305	-0.77767	0.0	0.10032999999999999	-0.7712600000000001	-0.628564	0.0	-0.990316	-0.138343	0.011677600000000002	0.0	1.82092	-1.2772299999999999	-3.44055	0.33824699999999996	
0	0.0436212	0.894317	-0.44530299999999995	0.0	0.1425	0.4356	0.8887889999999999	0.0	0.988833	-0.102226	-0.10843900000000001	0.0	-2.59081	-1.48396	-3.69339	0.23828600000000003	-0.112418	0.643278	-0.7573350000000001	0.0	0.135899	-0.745052	-0.653016	0.0	-0.984324	-0.176332	-0.00366342	0.0	1.78607	-1.41591	-3.51114	0.341397	
0	0.226241	0.897133	-0.379431	0.0	0.307689	0.303767	0.901695	0.0	0.924199	-0.320747	-0.207313	0.0	-2.6718599999999997	-2.0152099999999997	-3.9036	0.261181	-0.181112	0.672319	-0.7177640000000001	0.0	0.23478400000000002	-0.6791729999999999	-0.6954140000000001	0.0	-0.955026	-0.29446700000000003	-0.034843400000000004	0.0	1.74163	-1.7578099999999999	-3.63593	0.341449	
0	0.302698	0.8879600000000001	-0.346267	0.0	0.349871	0.234421	0.906993	0.0	0.886546	-0.395694	-0.239713	0.0	-2.79184	-2.31053	-4.08739	0.258488	-0.223625	0.6728810000000001	-0.70514	0.0	0.26506199999999996	-0.654211	-0.7083430000000001	0.0	-0.937941	-0.34530900000000003	-0.032057499999999996	0.0	1.7130900000000002	-2.01861	-3.69385	0.340314	
0	0.388831	0.866194	-0.31387600000000004	0.0	0.397131	0.14983	0.905449	0.0	0.8313229999999999	-0.476717	-0.285734	0.0	-2.87779	-2.4047400000000003	-4.16627	0.25922	-0.278221	0.675721	-0.6826369999999999	0.0	0.283603	-0.621222	-0.7305149999999999	0.0	-0.917694	-0.396843	-0.0188	0.0	1.69091	-2.16925	-3.6767199999999995	0.340926	
0	0.45683500000000005	0.8298780000000001	-0.320318	0.0	0.40486	0.126662	0.9055639999999999	0.0	0.79208	-0.543377	-0.27812	0.0	-2.97174	-2.4777	-4.15376	0.256186	-0.297568	0.677354	-0.6727890000000001	0.0	0.289613	-0.607459	-0.7396739999999999	0.0	-0.9097129999999999	-0.41495200000000004	-0.0154102	0.0	1.68009	-2.2248900000000003	-3.66747	0.342826	
0	0.531752	0.7599600000000001	-0.373765	0.0	0.41987399999999997	0.146708	0.895647	0.0	0.73549	-0.633196	-0.241075	0.0	-3.1915	-2.5754099999999998	-3.95623	0.225627	-0.311075	0.678315	-0.665673	0.0	0.30351300000000003	-0.592842	-0.745935	0.0	-0.900618	-0.43408199999999997	-0.0214592	0.0	1.69387	-2.27651	-3.6740800000000005	0.344416	
0	0.558962	0.694941	-0.452349	0.0	0.43911300000000003	0.214673	0.872408	0.0	0.703379	-0.6862739999999999	-0.18516400000000002	0.0	-3.2841099999999996	-2.60638	-3.71305	0.19155999999999998	-0.312862	0.679198	-0.663934	0.0	0.310483	-0.587487	-0.747301	0.0	-0.897618	-0.439942	-0.027076999999999997	0.0	1.75765	-2.29235	-3.71386	0.344211	
0	0.576045	0.650567	-0.494909	0.0	0.46527700000000005	0.236844	0.852891	0.0	0.672079	-0.7215729999999999	-0.166261	0.0	-3.39457	-2.58927	-3.5015099999999997	0.190774	-0.312954	0.6805760000000001	-0.6624770000000001	0.0	0.31176	-0.585255	-0.74852	0.0	-0.897143	-0.440787	-0.029018900000000004	0.0	1.77578	-2.30552	-3.7164900000000003	0.344495	
0	0.597908	0.5949270000000001	-0.537185	0.0	0.495532	0.252423	0.831102	0.0	0.630043	-0.763115	-0.143879	0.0	-3.4464099999999998	-2.5813599999999997	-3.33163	0.19354100000000002	-0.313771	0.679867	-0.6628189999999999	0.0	0.30998000000000003	-0.586477	-0.7483029999999999	0.0	-0.897474	-0.44025600000000004	-0.026725099999999998	0.0	1.7742799999999999	-2.31482	-3.6981699999999997	0.345236	
0	0.606297	0.534658	-0.58868	0.0	0.527849	0.283102	0.800768	0.0	0.594793	-0.796238	-0.110575	0.0	-3.50209	-2.60338	-3.14236	0.194733	-0.315387	0.680289	-0.661618	0.0	0.311262	-0.584471	-0.74934	0.0	-0.8964629999999999	-0.44226899999999997	-0.0274139	0.0	1.7734900000000002	-2.32251	-3.69084	0.345285	
0	0.591067	0.508529	-0.62613	0.0	0.545924	0.319239	0.7746310000000001	0.0	0.593808	-0.799678	-0.0889268	0.0	-3.50906	-2.56431	-2.9886	0.19176500000000002	-0.317302	0.678784	-0.662247	0.0	0.31350300000000003	-0.58399	-0.748781	0.0	-0.895006	-0.44520600000000005	-0.027500099999999996	0.0	1.77633	-2.34098	-3.70888	0.345175	
0	0.583232	0.48471099999999995	-0.65184	0.0	0.566761	0.33203699999999997	0.754012	0.0	0.581913	-0.8092010000000001	-0.0810603	0.0	-3.4409	-2.4505	-2.84226	0.189998	-0.319268	0.6767489999999999	-0.663384	0.0	0.31509299999999996	-0.584385	-0.747804	0.0	-0.893748	-0.44777700000000004	-0.026663799999999998	0.0	1.77625	-2.35581	-3.7122900000000003	0.344953	
0	0.58658	0.46938199999999997	-0.660003	0.0	0.578754	0.32712600000000003	0.747016	0.0	0.5665399999999999	-0.8201639999999999	-0.07977089999999999	0.0	-3.41506	-2.38773	-2.76888	0.19005	-0.321264	0.674622	-0.664586	0.0	0.314389	-0.586006	-0.7468319999999999	0.0	-0.89328	-0.44886899999999996	-0.023831	0.0	1.77347	-2.36293	-3.7033099999999997	0.344721	
0	0.5997819999999999	0.42767299999999997	-0.6762819999999999	0.0	0.6079439999999999	0.30596100000000004	0.732661	0.0	0.520255	-0.8505780000000001	-0.0764914	0.0	-3.43557	-2.32079	-2.67577	0.191196	-0.32291	0.672833	-0.665602	0.0	0.315406	-0.58657	-0.745959	0.0	-0.8923270000000001	-0.450812	-0.022806599999999996	0.0	1.7713900000000002	-2.3661	-3.69939	0.34471399999999996	
0	0.615368	0.392329	-0.683667	0.0	0.62934	0.27769	0.725823	0.0	0.474609	-0.876907	-0.0760268	0.0	-3.44352	-2.3286599999999997	-2.57947	0.198624	-0.323527	0.6723439999999999	-0.665796	0.0	0.317285	-0.585816	-0.745754	0.0	-0.891437	-0.45251899999999995	-0.023797799999999997	0.0	1.7682900000000001	-2.37391	-3.6935800000000003	0.344804	
0	0.622563	0.36940300000000004	-0.689896	0.0	0.637337	0.272228	0.7208979999999999	0.0	0.454111	-0.888501	-0.0659558	0.0	-3.44662	-2.37265	-2.54622	0.200461	-0.32359099999999996	0.6713819999999999	-0.6667350000000001	0.0	0.316745	-0.58713	-0.74495	0.0	-0.8916059999999999	-0.452244	-0.0226669	0.0	1.7695599999999998	-2.37513	-3.6909400000000003	0.344697	
0	0.631333	0.295736	-0.716909	0.0	0.673491	0.249234	0.695911	0.0	0.384484	-0.922184	-0.0418261	0.0	-3.45454	-2.5649	-2.47031	0.212873	-0.324728	0.67001	-0.667562	0.0	0.317811	-0.587475	-0.744224	0.0	-0.890813	-0.453829	-0.0221673	0.0	1.76859	-2.3747700000000003	-3.69236	0.34466399999999997	
0	0.6304770000000001	0.257966	-0.732088	0.0	0.6926680000000001	0.238661	0.6806260000000001	0.0	0.35029899999999997	-0.936213	-0.028214299999999998	0.0	-3.49208	-2.68701	-2.47288	0.214044	-0.324783	0.669175	-0.6683720000000001	0.0	0.317842	-0.588357	-0.743513	0.0	-0.890782	-0.45391800000000004	-0.0216032	0.0	1.77092	-2.3677099999999998	-3.6820699999999995	0.34457	
0	0.6255930000000001	0.228421	-0.745961	0.0	0.710666	0.22761599999999999	0.6656920000000001	0.0	0.321851	-0.9465809999999999	-0.0199367	0.0	-3.5325300000000004	-2.76494	-2.47106	0.21245300000000003	-0.32461	0.668442	-0.669189	0.0	0.317521	-0.589433	-0.742798	0.0	-0.8909600000000001	-0.45360100000000003	-0.020909	0.0	1.77175	-2.36482	-3.6743	0.344494	
0	0.623318	0.194918	-0.757286	0.0	0.72775	0.209725	0.652989	0.0	0.286101	-0.9581350000000001	-0.0111265	0.0	-3.55223	-2.84635	-2.42457	0.21181399999999997	-0.325008	0.667534	-0.669901	0.0	0.317737	-0.590105	-0.742172	0.0	-0.8907370000000001	-0.454064	-0.0203113	0.0	1.76803	-2.36219	-3.6709699999999996	0.344502	
0	0.619276	0.171689	-0.7661720000000001	0.0	0.741566	0.192776	0.642586	0.0	0.258025	-0.9661059999999999	-0.00793782	0.0	-3.5687900000000004	-2.8888599999999998	-2.43108	0.212346	-0.32445	0.666207	-0.671491	0.0	0.31760900000000003	-0.591951	-0.740755	0.0	-0.8909860000000001	-0.45361	-0.0195349	0.0	1.7681099999999998	-2.36122	-3.67366	0.344423	
0	0.614428	0.142655	-0.7759689999999999	0.0	0.755951	0.175118	0.630771	0.0	0.22586900000000001	-0.974158	-0.000242442	0.0	-3.64198	-2.98353	-2.42726	0.21480700000000003	-0.32456599999999997	0.66428	-0.673342	0.0	0.316914	-0.5943609999999999	-0.7391220000000001	0.0	-0.891192	-0.45328500000000005	-0.017611	0.0	1.7674299999999998	-2.3552299999999997	-3.65904	0.34470500000000004	
0	0.613023	0.137627	-0.777986	0.0	0.7579600000000001	0.17540899999999998	0.628274	0.0	0.222933	-0.9748290000000001	0.00321403	0.0	-3.62795	-3.02153	-2.42523	0.22315300000000002	-0.32469699999999996	0.6639430000000001	-0.673611	0.0	0.31725	-0.594487	-0.738876	0.0	-0.8910239999999999	-0.453614	-0.0176078	0.0	1.7705400000000002	-2.3565099999999997	-3.6621599999999996	0.344742	
0	0.614358	0.12253299999999999	-0.779455	0.0	0.76002	0.173497	0.626313	0.0	0.211977	-0.977182	0.013462	0.0	-3.5645	-3.11625	-2.39182	0.23670700000000003	-0.325417	0.6626920000000001	-0.674495	0.0	0.31721	-0.595475	-0.738097	0.0	-0.890776	-0.454146	-0.016435400000000003	0.0	1.77075	-2.3514	-3.658	0.34476999999999997	
0	0.617462	0.12226400000000001	-0.777041	0.0	0.7557699999999999	0.181642	0.6291399999999999	0.0	0.218065	-0.975734	0.019753200000000002	0.0	-3.48676	-3.21317	-2.33317	0.259277	-0.326707	0.6597890000000001	-0.676714	0.0	0.317373	-0.597842	-0.736112	0.0	-0.8902459999999999	-0.45526300000000003	-0.0140798	0.0	1.7675299999999998	-2.3630299999999997	-3.6577599999999997	0.34389200000000003	
0	0.614957	0.1187	-0.779576	0.0	0.758419	0.181687	0.6259319999999999	0.0	0.215937	-0.976166	0.0217058	0.0	-3.4224	-3.28442	-2.29105	0.267708	-0.328261	0.657425	-0.6782600000000001	0.0	0.317845	-0.599301	-0.7347199999999999	0.0	-0.8895049999999999	-0.456761	-0.0122324	0.0	1.7652299999999999	-2.37128	-3.6491800000000003	0.343113	
0	0.614649	0.116541	-0.780144	0.0	0.759586	0.179227	0.6252260000000001	0.0	0.212687	-0.976881	0.021639	0.0	-3.39111	-3.31221	-2.2713200000000002	0.269392	-0.328803	0.656701	-0.6786989999999999	0.0	0.31850500000000004	-0.5994430000000001	-0.734318	0.0	-0.889069	-0.45761499999999994	-0.0120646	0.0	1.7632900000000002	-2.37182	-3.64313	0.34294	
0	0.604973	0.10850599999999999	-0.788818	0.0	0.771572	0.164821	0.6144189999999999	0.0	0.196681	-0.9803370000000001	0.015992	0.0	-3.3534699999999997	-3.36082	-2.22812	0.271973	-0.329452	0.6552560000000001	-0.67978	0.0	0.318942	-0.600418	-0.7333310000000001	0.0	-0.8886719999999999	-0.458408	-0.011180200000000001	0.0	1.7645400000000002	-2.3728700000000003	-3.6339599999999996	0.34155399999999997	
0	0.591116	0.0995017	-0.800426	0.0	0.787673	0.142429	0.599404	0.0	0.173646	-0.984791	0.00581717	0.0	-3.3300099999999997	-3.3782099999999997	-2.2308	0.272486	-0.330457	0.653192	-0.681277	0.0	0.319277	-0.601909	-0.731962	0.0	-0.888178	-0.459398	-0.00964478	0.0	1.7649599999999999	-2.37702	-3.63075	0.341028	
0	0.5831310000000001	0.0975742	-0.806497	0.0	0.796616	0.12592899999999999	0.5912229999999999	0.0	0.159249	-0.9872290000000001	-0.00429621	0.0	-3.3127699999999995	-3.38069	-2.23526	0.272623	-0.330129	0.652609	-0.681994	0.0	0.31924600000000003	-0.6027319999999999	-0.731298	0.0	-0.8883110000000001	-0.459147	-0.00936392	0.0	1.7639599999999998	-2.3713	-3.6213300000000004	0.33989	
0	0.573448	0.0971306	-0.8134640000000001	0.0	0.8095359999999999	0.0852115	0.580854	0.0	0.12573499999999999	-0.991617	-0.029766300000000002	0.0	-3.3214300000000003	-3.40898	-2.2991599999999996	0.27727199999999996	-0.32956199999999997	0.650487	-0.684292	0.0	0.318394	-0.605753	-0.729169	0.0	-0.8888280000000001	-0.45818100000000006	-0.00747845	0.0	1.76311	-2.3651299999999997	-3.6124099999999997	0.339097	
0	0.572734	0.101851	-0.81339	0.0	0.811933	0.0661471	0.579991	0.0	0.112876	-0.992598	-0.044811699999999996	0.0	-3.34251	-3.44335	-2.3673	0.283819	-0.329533	0.650137	-0.684638	0.0	0.317971	-0.60636	-0.72885	0.0	-0.88899	-0.457875	-0.0069091000000000005	0.0	1.76095	-2.36269	-3.60754	0.338562	
0	0.566237	0.0970516	-0.818509	0.0	0.8188880000000001	0.0467671	0.572045	0.0	0.0937972	-0.99418	-0.0529931	0.0	-3.3334099999999998	-3.49076	-2.44856	0.282077	-0.32999	0.648911	-0.685581	0.0	0.31785	-0.607476	-0.727973	0.0	-0.888863	-0.458136	-0.00579548	0.0	1.7566599999999999	-2.36024	-3.60344	0.3385	
0	0.560001	0.0938422	-0.82316	0.0	0.825158	0.025864699999999997	0.5643090000000001	0.0	0.0742468	-0.995251	-0.0629504	0.0	-3.33452	-3.5094800000000004	-2.49054	0.282744	-0.32946	0.6475770000000001	-0.687095	0.0	0.317312	-0.609455	-0.7265520000000001	0.0	-0.889252	-0.45739399999999997	-0.00469351	0.0	1.7565	-2.3468	-3.5992800000000003	0.337671	
0	0.55432	0.090544	-0.827364	0.0	0.8302	0.010482799999999999	0.5573670000000001	0.0	0.0591394	-0.9958370000000001	-0.0693589	0.0	-3.34016	-3.5285	-2.52419	0.28669	-0.328891	0.645999	-0.688852	0.0	0.316313	-0.611942	-0.724896	0.0	-0.889819	-0.456304	-0.0030759	0.0	1.7542400000000002	-2.3409299999999997	-3.59171	0.33674499999999996	
0	0.556415	0.0961955	-0.825318	0.0	0.8287040000000001	0.00800586	0.559631	0.0	0.0604413	-0.9953299999999999	-0.075263	0.0	-3.31305	-3.5481599999999998	-2.54712	0.29585	-0.328277	0.64467	-0.690388	0.0	0.315096	-0.61429	-0.723438	0.0	-0.8904770000000001	-0.45502600000000004	-0.00147626	0.0	1.7498	-2.33565	-3.58943	0.336606	
0	0.556982	0.0952578	-0.8250430000000001	0.0	0.828484	0.005863	0.559982	0.0	0.0581799	-0.9954350000000001	-0.075654	0.0	-3.2685400000000002	-3.61491	-2.54783	0.309246	-0.327996	0.642323	-0.692704	0.0	0.31356999999999996	-0.6176689999999999	-0.721221	0.0	-0.8911190000000001	-0.453769	0.00117943	0.0	1.72902	-2.32156	-3.58391	0.33670500000000003	
0	0.557783	0.0942155	-0.824622	0.0	0.8280879999999999	0.0039936	0.560584	0.0	0.056109000000000006	-0.9955440000000001	-0.0757913	0.0	-3.23674	-3.6324099999999997	-2.53836	0.31058600000000003	-0.327936	0.641832	-0.693189	0.0	0.313793	-0.618099	-0.720755	0.0	-0.8910620000000001	-0.45388	0.00129405	0.0	1.72471	-2.31529	-3.57695	0.336428	
0	0.5579850000000001	0.0854225	-0.825443	0.0	0.827525	0.017137799999999998	0.561167	0.0	0.0620826	-0.9961979999999999	-0.06112669999999999	0.0	-3.2223	-3.6296199999999996	-2.53353	0.314663	-0.32803499999999997	0.641746	-0.693221	0.0	0.313652	-0.618207	-0.720724	0.0	-0.891075	-0.45385299999999995	0.00150853	0.0	1.72603	-2.30672	-3.57272	0.335406	
0	0.559723	0.085268	-0.8242809999999999	0.0	0.825938	0.0234481	0.5632729999999999	0.0	0.067357	-0.996082	-0.0573017	0.0	-3.22349	-3.62776	-2.53028	0.314133	-0.32821100000000003	0.641675	-0.693203	0.0	0.31355500000000003	-0.618237	-0.7207399999999999	0.0	-0.8910450000000001	-0.453912	0.00171167	0.0	1.7269400000000001	-2.30893	-3.5741	0.335475	
0	0.556319	0.07513389999999999	-0.827565	0.0	0.8284459999999999	0.027389499999999997	0.559399	0.0	0.0646965	-0.9967969999999999	-0.047007099999999996	0.0	-3.22905	-3.62293	-2.51073	0.30322	-0.327997	0.641609	-0.693366	0.0	0.313695	-0.618348	-0.720584	0.0	-0.891075	-0.453855	0.00154611	0.0	1.72488	-2.31387	-3.57462	0.335363	
