0	-0.0627592	0.660554	-0.748151	0.0	0.12044400000000001	0.749162	0.6513439999999999	0.0	0.990734	-0.0492329	-0.126577	0.0	-2.72345	2.0157700000000003	1.30241	0.00433131	-0.593133	0.516197	-0.617847	0.0	0.751949	0.0809595	-0.654231	0.0	-0.287692	-0.852635	-0.43617399999999995	0.0	2.66032	2.0	1.53809	0.0	
0	-0.10762999999999999	0.587112	-0.802319	0.0	0.0445546	0.809044	0.586056	0.0	0.993192	0.0273301	-0.11323599999999999	0.0	-2.6772400000000003	2.0513	1.25298	0.00444768	-0.593133	0.516197	-0.617847	0.0	0.7519680000000001	0.08101389999999999	-0.654203	0.0	-0.287644	-0.8526299999999999	-0.436216	0.0	2.66032	2.0	1.53809	0.0	
0	-0.160278	0.5031220000000001	-0.849223	0.0	0.0160796	0.861562	0.507397	0.0	0.986941	0.0676696	-0.14618	0.0	-2.60845	2.12738	1.17278	-0.00304706	-0.264519	0.6246729999999999	-0.7347199999999999	0.0	-0.0242511	-0.765925	-0.642473	0.0	-0.964075	-0.152129	0.21775100000000003	0.0	2.63306	2.02651	1.5333700000000001	0.0	
0	-0.159366	0.501354	-0.850439	0.0	0.0542193	0.8645940000000001	0.49953800000000004	0.0	0.9857299999999999	0.0334991	-0.16497	0.0	-2.6183799999999997	2.10013	1.1512	0.0	-0.262318	0.6211810000000001	-0.73846	0.0	-0.015532599999999999	-0.767877	-0.640409	0.0	-0.964857	-0.156521	0.211076	0.0	2.6160400000000004	1.9991700000000001	1.48298	0.0	
0	-0.166793	0.53247	-0.8298530000000001	0.0	0.07064880000000001	0.845933	0.5285880000000001	0.0	0.9834579999999999	0.0295368	-0.178714	0.0	-2.64603	2.03362	1.06958	0.0	-0.24755100000000002	0.587022	-0.770794	0.0	-0.018306	-0.798248	-0.602051	0.0	-0.9687020000000001	-0.134928	0.208353	0.0	2.63767	1.92333	1.39073	0.0	
0	-0.221385	0.495414	-0.8399719999999999	0.0	0.00553353	0.8619700000000001	0.50693	0.0	0.9751709999999999	0.107579	-0.19356900000000002	0.0	-2.69935	1.9853599999999998	0.910766	0.0	-0.246725	0.588923	-0.769608	0.0	-0.038330699999999995	-0.7994680000000001	-0.599485	0.0	-0.968327	-0.118408	0.219822	0.0	2.63357	1.84705	1.3295299999999999	0.0	
0	-0.289144	0.36439699999999997	-0.8852180000000001	0.0	-0.0864025	0.911008	0.403235	0.0	0.9533780000000001	0.193078	-0.23192800000000002	0.0	-2.69675	1.98521	0.758969	0.0	-0.259544	0.600222	-0.756552	0.0	-0.0499465	-0.7906920000000001	-0.610173	0.0	-0.9644389999999999	-0.12057999999999999	0.235199	0.0	2.59437	1.7802900000000002	1.2884200000000001	0.0	
0	-0.28974	0.34509	-0.8927280000000001	0.0	-0.11195699999999999	0.914114	0.38969299999999996	0.0	0.950535	0.21285700000000002	-0.226221	0.0	-2.64562	1.9881799999999998	0.6968	0.0	-0.24384699999999998	0.6022390000000001	-0.760162	0.0	0.0394225	-0.7770199999999999	-0.6282409999999999	0.0	-0.9690120000000001	-0.183162	0.165732	0.0	2.60334	1.69042	1.1986299999999999	0.0	
0	-0.290524	0.35341999999999996	-0.889208	0.0	-0.11266400000000001	0.910192	0.39857	0.0	0.9502120000000001	0.21597600000000003	-0.224615	0.0	-2.61699	1.9681400000000002	0.6663359999999999	0.0	-0.23241399999999998	0.5724859999999999	-0.786285	0.0	0.0473781	-0.8007989999999999	-0.597057	0.0	-0.971462	-0.176017	0.158993	0.0	2.59622	1.62006	1.0821100000000001	0.0	
0	-0.306542	0.343456	-0.887733	0.0	-0.0842312	0.9191860000000001	0.38471	0.0	0.9481229999999999	0.192705	-0.25284	0.0	-2.60867	1.9464599999999999	0.559517	-0.000143051	-0.21206	0.5418390000000001	-0.81329	0.0	0.0181324	-0.829893	-0.557628	0.0	-0.977089	-0.132997	0.16616199999999998	0.0	2.55797	1.60811	1.0097200000000002	0.0	
0	-0.295955	0.359617	-0.884922	0.0	-0.103929	0.908801	0.404079	0.0	0.9495309999999999	0.211558	-0.23159000000000002	0.0	-2.5657099999999997	1.9246	0.49768999999999997	0.0	-0.21782800000000002	0.526455	-0.821825	0.0	-0.0259894	-0.844875	-0.5343319999999999	0.0	-0.975641	-0.0950337	0.197719	0.0	2.49942	1.62947	0.9174979999999999	0.0	
0	-0.314832	0.36748600000000003	-0.8751200000000001	0.0	-0.0801629	0.908417	0.410307	0.0	0.9457559999999999	0.19933	-0.25654	0.0	-2.54691	1.88717	0.39266	0.0	-0.19128900000000001	0.531246	-0.82534	0.0	-0.0453144	-0.844751	-0.533238	0.0	-0.9804870000000001	-0.0646029	0.185665	0.0	2.47027	1.6420400000000002	0.7798619999999999	0.0	
0	-0.289141	0.392196	-0.873258	0.0	-0.058461900000000004	0.903285	0.42503900000000006	0.0	0.9555	0.173948	-0.23824800000000002	0.0	-2.51706	1.8721400000000001	0.327347	0.0	-0.190394	0.5534979999999999	-0.810796	0.0	-0.00419906	-0.826355	-0.563134	0.0	-0.981699	-0.10381300000000002	0.159657	0.0	2.45018	1.59342	0.695272	0.0	
0	-0.26848299999999997	0.424055	-0.864925	0.0	-0.0156463	0.895853	0.444075	0.0	0.963158	0.132759	-0.233886	0.0	-2.48223	1.87162	0.207968	0.0	-0.192552	0.5216609999999999	-0.83114	0.0	0.0447385	-0.841442	-0.538492	0.0	-0.980266	-0.140872	0.138683	0.0	2.43878	1.5075100000000001	0.621173	0.0	
0	-0.251774	0.46562700000000007	-0.848411	0.0	0.00195961	0.8768950000000001	0.480679	0.0	0.967784	0.11936	-0.221692	0.0	-2.43532	1.8485599999999998	0.129387	0.0	-0.181928	0.39675	-0.899718	0.0	0.129193	-0.8974110000000001	-0.42185600000000006	0.0	-0.9747879999999999	-0.192985	0.112007	0.0	2.38531	1.33535	0.47423999999999994	-0.000130835	
0	-0.239637	0.49176499999999995	-0.837103	0.0	0.0532839	0.8675879999999999	0.49441999999999997	0.0	0.969399	0.0738773	-0.23410999999999998	0.0	-2.38483	1.80223	0.050073599999999996	0.0	-0.0352486	0.198125	-0.979543	0.0	0.0957515	-0.974973	-0.200646	0.0	-0.9947809999999999	-0.100865	0.0153954	0.0	2.3660400000000004	1.37371	0.173997	0.0	
0	-0.23929099999999998	0.51488	-0.8231879999999999	0.0	0.06683960000000001	0.854543	0.515062	0.0	0.9686440000000001	0.0682279	-0.23889899999999997	0.0	-2.33272	1.6752799999999999	-0.11115799999999999	0.00034526699999999996	-0.0114605	0.217869	-0.9759110000000001	0.0	0.0656287	-0.973707	-0.218148	0.0	-0.997778	-0.0665478	-0.00313942	0.0	2.3768700000000003	1.33866	-0.0975417	0.0	
0	-0.238425	0.528821	-0.8145560000000001	0.0	0.06272989999999999	0.8453790000000001	0.53047	0.0	0.969133	0.07538049999999999	-0.234733	0.0	-2.26638	1.6076700000000002	-0.19353900000000002	0.0	-0.019964	0.289308	-0.9570280000000001	0.0	0.0756903	-0.9540350000000001	-0.289982	0.0	-0.9969319999999999	-0.07822689999999999	-0.00285171	0.0	2.40403	1.28234	-0.198647	0.0	
0	-0.241492	0.530672	-0.812446	0.0	0.0558729	0.84344	0.534309	0.0	0.968793	0.0836378	-0.233334	0.0	-2.2258400000000003	1.56827	-0.254433	0.0	0.0126701	0.321266	-0.9469040000000001	0.0	0.053585900000000006	-0.945838	-0.320187	0.0	-0.998483	-0.0466839	-0.0291992	0.0	2.48705	1.27902	-0.282099	0.0	
0	-0.23821799999999999	0.536533	-0.809559	0.0	0.0557398	0.839734	0.54013	0.0	0.9696110000000001	0.08354389999999999	-0.229946	0.0	-2.18173	1.54703	-0.265877	0.0	0.0627196	0.346169	-0.9360729999999999	0.0	0.0275152	-0.938163	-0.345098	0.0	-0.9976520000000001	-0.00411189	-0.06836619999999999	0.0	2.57959	1.38114	-0.350549	0.0	
0	-0.238247	0.5470229999999999	-0.802499	0.0	0.0612879	0.8331129999999999	0.549696	0.0	0.969269	0.0817799	-0.232012	0.0	-2.17865	1.50291	-0.27055100000000004	0.0	0.0952206	0.342558	-0.934659	0.0	0.010849	-0.939226	-0.343127	0.0	-0.995397	0.0225326	-0.09315010000000001	0.0	2.61385	1.4912100000000001	-0.361761	0.0	
0	-0.23078800000000002	0.540197	-0.8092739999999999	0.0	0.041464999999999995	0.836432	0.5465	0.0	0.9721200000000001	0.09256879999999999	-0.215437	0.0	-2.2015700000000002	1.4351200000000002	-0.279621	0.0	0.0830061	0.356319	-0.9306700000000001	0.0	-0.00550902	-0.933715	-0.357976	0.0	-0.996534	0.0348413	-0.0755411	0.0	2.62546	1.55725	-0.374631	0.0	
0	-0.232877	0.5534789999999999	-0.799643	0.0	0.040553	0.827061	0.560647	0.0	0.9716600000000001	0.0981337	-0.215049	0.0	-2.21338	1.3946	-0.304583	0.0	0.0988995	0.38950300000000004	-0.9157	0.0	-0.0214238	-0.919164	-0.393291	0.0	-0.9948670000000001	0.058514	-0.0825603	0.0	2.66952	1.61648	-0.426638	0.0	
0	-0.237724	0.565725	-0.7895840000000001	0.0	0.0475204	0.8186869999999999	0.57227	0.0	0.9701700000000001	0.0985209	-0.221505	0.0	-2.2822400000000003	1.34505	-0.36706300000000003	0.0	0.106522	0.401008	-0.909861	0.0	0.027678300000000003	-0.915909	-0.400433	0.0	-0.993925	0.017471599999999997	-0.10866400000000001	0.0	2.71781	1.62724	-0.48565	0.0	
0	-0.252734	0.508981	-0.822839	0.0	0.069445	0.8577969999999999	0.509275	0.0	0.965041	0.0715693	-0.252141	0.0	-2.3344099999999997	1.22527	-0.5048739999999999	0.0	0.128235	0.416232	-0.9001709999999999	0.0	0.0781206	-0.909084	-0.409224	0.0	-0.988662	-0.0178451	-0.149092	0.0	2.75583	1.6334899999999999	-0.582299	0.0	
0	-0.25472	0.492359	-0.8322870000000001	0.0	0.0943844	0.869225	0.485324	0.0	0.962398	0.045066699999999994	-0.26788	0.0	-2.38287	1.10394	-0.663039	0.08127619999999999	0.14185599999999998	0.398841	-0.905982	0.0	0.11516300000000002	-0.9156719999999999	-0.385075	0.0	-0.983166	-0.0497106	-0.175825	0.0	2.75696	1.5718299999999998	-0.676994	0.0	
0	-0.240236	0.478703	-0.84447	0.0	0.0877664	0.8770950000000001	0.47223000000000004	0.0	0.9667389999999999	0.0393304	-0.252724	0.0	-2.4321099999999998	0.944376	-0.8673120000000001	0.282921	0.150544	0.394913	-0.9063	0.0	0.164967	-0.9139299999999999	-0.37083499999999997	0.0	-0.974742	-0.0936828	-0.202734	0.0	2.69559	1.40993	-0.770083	0.0	
0	-0.230395	0.503714	-0.8325809999999999	0.0	0.07565830000000001	0.862281	0.500747	0.0	0.970152	0.052377599999999996	-0.236775	0.0	-2.43518	0.83665	-0.967103	0.346769	0.128391	0.42817200000000005	-0.8945299999999999	0.0	0.18336	-0.8966930000000001	-0.40289	0.0	-0.974626	-0.112294	-0.19363699999999998	0.0	2.65574	1.21672	-0.902761	0.11401800000000001	
0	-0.219232	0.532349	-0.8176439999999999	0.0	0.0781317	0.8449190000000001	0.529158	0.0	0.97254	0.052124199999999996	-0.226827	0.0	-2.4323599999999996	0.710542	-1.0544	0.358978	0.0778679	0.42501400000000006	-0.9018309999999999	0.0	0.23059000000000002	-0.887727	-0.398457	0.0	-0.96993	-0.176926	-0.16713	0.0	2.61635	0.9764290000000001	-1.01819	0.112721	
0	-0.189023	0.54523	-0.816697	0.0	0.0766202	0.8373440000000001	0.541281	0.0	0.978979	0.0397391	-0.200053	0.0	-2.42596	0.589997	-1.17387	0.357962	0.0621456	0.448996	-0.8913700000000001	0.0	0.257876	-0.8699950000000001	-0.42025	0.0	-0.9641770000000001	-0.203747	-0.169852	0.0	2.6128099999999996	0.806655	-1.13317	0.0978197	
0	-0.194395	0.5881460000000001	-0.785044	0.0	0.101864	0.808088	0.580187	0.0	0.97562	0.032818	-0.21699899999999997	0.0	-2.44726	0.504209	-1.31738	0.358048	0.039632	0.483825	-0.874267	0.0	0.270728	-0.847427	-0.45669899999999997	0.0	-0.9618399999999999	-0.218588	-0.16457	0.0	2.57127	0.656511	-1.26599	0.290377	
0	-0.200753	0.640461	-0.7412880000000001	0.0	0.131331	0.767457	0.627504	0.0	0.970799	0.028619	-0.238182	0.0	-2.50742	0.409696	-1.56455	0.356442	0.034232900000000004	0.524882	-0.8504870000000001	0.0	0.283202	-0.821199	-0.495407	0.0	-0.958449	-0.2239	-0.17676	0.0	2.48893	0.585317	-1.46967	0.279091	
0	-0.20679499999999998	0.667003	-0.715781	0.0	0.153141	0.744644	0.649656	0.0	0.966325	0.0247305	-0.25613400000000003	0.0	-2.55334	0.340016	-1.81995	0.355174	0.0432611	0.53583	-0.843217	0.0	0.293295	-0.813629	-0.501981	0.0	-0.955043	-0.225595	-0.192355	0.0	2.47181	0.51393	-1.6772900000000002	0.270059	
0	-0.214456	0.6600739999999999	-0.719939	0.0	0.15800699999999998	0.750825	0.641324	0.0	0.9638690000000001	0.0237801	-0.265315	0.0	-2.60118	0.271613	-2.00787	0.353246	0.0591177	0.543758	-0.8371569999999999	0.0	0.294553	-0.810787	-0.505829	0.0	-0.9538049999999999	-0.21668400000000002	-0.208098	0.0	2.4553	0.46643900000000005	-1.8529200000000001	0.259515	
0	-0.213779	0.670186	-0.710738	0.0	0.166384	0.741907	0.6495310000000001	0.0	0.962609	0.020600999999999998	-0.27011199999999996	0.0	-2.6543	0.163806	-2.23277	0.35268299999999997	0.0799789	0.540035	-0.837834	0.0	0.282019	-0.818444	-0.5006149999999999	0.0	-0.9560690000000001	-0.196247	-0.21775799999999998	0.0	2.41549	0.394769	-2.10224	0.26623800000000003	
0	-0.214825	0.673098	-0.707665	0.0	0.166465	0.739215	0.652573	0.0	0.962362	0.022387999999999998	-0.27084899999999995	0.0	-2.68547	0.07021619999999999	-2.34764	0.35291500000000003	0.0788245	0.541509	-0.836992	0.0	0.279141	-0.818006	-0.502937	0.0	-0.957009	-0.193995	-0.21563600000000002	0.0	2.3693	0.31853200000000004	-2.24504	0.287887	
0	-0.20814000000000002	0.675026	-0.7078260000000001	0.0	0.161487	0.73746	0.655801	0.0	0.964676	0.022193900000000003	-0.26250300000000004	0.0	-2.6987	-0.0234356	-2.43267	0.352624	0.08368110000000001	0.531988	-0.842607	0.0	0.276291	-0.824808	-0.49331099999999994	0.0	-0.9574239999999999	-0.191524	-0.21600500000000003	0.0	2.37344	0.218487	-2.34155	0.301689	
0	-0.21061999999999997	0.649453	-0.730651	0.0	0.141305	0.759793	0.634624	0.0	0.967302	0.030419799999999997	-0.251798	0.0	-2.6454299999999997	-0.0920586	-2.5089099999999998	0.353323	0.08874119999999999	0.517922	-0.8508129999999999	0.0	0.266192	-0.8354459999999999	-0.480803	0.0	-0.9598270000000001	-0.18381199999999998	-0.21200500000000003	0.0	2.39721	0.093727	-2.40188	0.304134	
0	-0.203812	0.64565	-0.735933	0.0	0.134691	0.763055	0.632143	0.0	0.969701	0.0297147	-0.242483	0.0	-2.64095	-0.117876	-2.54228	0.353335	0.09195189999999999	0.5115569999999999	-0.8543149999999999	0.0	0.263756	-0.8398180000000001	-0.474488	0.0	-0.960197	-0.181701	-0.21214899999999998	0.0	2.4142900000000003	0.039781699999999996	-2.4215299999999997	0.309717	
0	-0.184892	0.619422	-0.762976	0.0	0.12551099999999998	0.784886	0.606795	0.0	0.9747110000000001	0.0164292	-0.222863	0.0	-2.6444400000000003	-0.242811	-2.61595	0.35262	0.09250939999999999	0.49880399999999997	-0.861764	0.0	0.234498	-0.852045	-0.468005	0.0	-0.9677049999999999	-0.15878699999999998	-0.19579100000000002	0.0	2.46545	-0.159159	-2.50533	0.324226	
0	-0.177733	0.613263	-0.769623	0.0	0.11947200000000001	0.789737	0.6017	0.0	0.9768	0.0149934	-0.21362899999999999	0.0	-2.66131	-0.313132	-2.68433	0.34587199999999996	0.0962101	0.498357	-0.861617	0.0	0.201932	-0.857404	-0.47337299999999993	0.0	-0.974663	-0.128444	-0.183125	0.0	2.49994	-0.24611599999999997	-2.54399	0.342742	
0	-0.194254	0.602484	-0.77413	0.0	0.109135	0.7975369999999999	0.593316	0.0	0.9748620000000001	0.030769900000000003	-0.220677	0.0	-2.68555	-0.334829	-2.79441	0.343456	0.101784	0.488791	-0.8664430000000001	0.0	0.181197	-0.865506	-0.466976	0.0	-0.978165	-0.10946700000000001	-0.17666199999999999	0.0	2.4817099999999996	-0.26506399999999997	-2.56756	0.34172600000000003	
0	-0.208919	0.594831	-0.776227	0.0	0.0986074	0.802511	0.588433	0.0	0.972949	0.046392699999999995	-0.226314	0.0	-2.71207	-0.34433400000000003	-2.8717	0.34055100000000005	0.11033	0.49014399999999997	-0.8646309999999999	0.0	0.17099	-0.866331	-0.469289	0.0	-0.9790760000000001	-0.09606630000000001	-0.179392	0.0	2.48385	-0.261778	-2.6383900000000002	0.340778	
0	-0.223122	0.590534	-0.775556	0.0	0.0905866	0.8047310000000001	0.586688	0.0	0.9705729999999999	0.0606477	-0.23304699999999998	0.0	-2.72363	-0.332803	-2.93482	0.339115	0.11472	0.49110699999999996	-0.8635120000000001	0.0	0.15995399999999999	-0.867041	-0.471864	0.0	-0.9804360000000001	-0.08398960000000001	-0.178022	0.0	2.49091	-0.259898	-2.6919	0.34153	
0	-0.225367	0.58692	-0.777647	0.0	0.0806053	0.8066770000000001	0.5854699999999999	0.0	0.970934	0.06926310000000001	-0.229107	0.0	-2.69259	-0.323946	-2.97412	0.33883800000000003	0.114639	0.486767	-0.865977	0.0	0.155503	-0.869771	-0.468314	0.0	-0.9811610000000001	-0.080975	-0.175404	0.0	2.50323	-0.263677	-2.7044799999999998	0.341491	
0	-0.231281	0.5797100000000001	-0.7813100000000001	0.0	0.0665443	0.8106300000000001	0.581766	0.0	0.970609	0.0825596	-0.22605999999999998	0.0	-2.6238099999999998	-0.326399	-2.98047	0.336972	0.11665899999999998	0.48628000000000005	-0.865981	0.0	0.152981	-0.8703270000000001	-0.468112	0.0	-0.981319	-0.0778688	-0.175923	0.0	2.51288	-0.26656799999999997	-2.70575	0.340758	
0	-0.23035500000000003	0.5813560000000001	-0.78036	0.0	0.06764730000000001	0.809553	0.583136	0.0	0.9707520000000001	0.08153919999999999	-0.22581199999999998	0.0	-2.60755	-0.332558	-2.96441	0.337473	0.11633900000000001	0.486234	-0.866049	0.0	0.151116	-0.870484	-0.46842399999999995	0.0	-0.9816459999999999	-0.0763782	-0.174749	0.0	2.51566	-0.26764299999999996	-2.70803	0.340627	
0	-0.231582	0.583814	-0.778159	0.0	0.0711783	0.807929	0.584966	0.0	0.970208	0.0800794	-0.22865700000000003	0.0	-2.62004	-0.332696	-2.96061	0.337352	0.117552	0.48280500000000004	-0.8678030000000001	0.0	0.144544	-0.8728739999999999	-0.466046	0.0	-0.982491	-0.0706512	-0.172395	0.0	2.5167200000000003	-0.269771	-2.7083	0.340999	
0	-0.233579	0.584817	-0.776807	0.0	0.07399939999999999	0.8072819999999999	0.5855090000000001	0.0	0.969518	0.0792793	-0.23184000000000002	0.0	-2.67395	-0.321942	-2.98835	0.336902	0.11723199999999999	0.480455	-0.869149	0.0	0.141296	-0.8743489999999999	-0.464272	0.0	-0.983002	-0.06837939999999999	-0.170388	0.0	2.51357	-0.272442	-2.7048	0.340933	
0	-0.231613	0.583878	-0.7781020000000001	0.0	0.0732753	0.80805	0.584539	0.0	0.970045	0.07837100000000001	-0.22993899999999998	0.0	-2.69685	-0.31965	-2.9983400000000002	0.337343	0.11693900000000002	0.478451	-0.870293	0.0	0.138713	-0.875584	-0.462722	0.0	-0.9834040000000001	-0.06661030000000001	-0.168758	0.0	2.5141299999999998	-0.275276	-2.69945	0.340514	
0	-0.232052	0.586637	-0.775893	0.0	0.0767548	0.806222	0.586613	0.0	0.969671	0.0765711	-0.232113	0.0	-2.70891	-0.314539	-3.00792	0.33699	0.116693	0.477095	-0.8710700000000001	0.0	0.137543	-0.876374	-0.461574	0.0	-0.983598	-0.0659475	-0.167888	0.0	2.51619	-0.27970100000000003	-2.6873299999999998	0.338944	
0	-0.23336199999999999	0.588011	-0.774458	0.0	0.0797087	0.805335	0.587436	0.0	0.969118	0.07535410000000001	-0.23480399999999998	0.0	-2.72348	-0.309427	-3.0176	0.33673800000000004	0.11664100000000001	0.475366	-0.872022	0.0	0.13628900000000002	-0.8773700000000001	-0.460052	0.0	-0.983778	-0.0651862	-0.167125	0.0	2.5204400000000002	-0.280596	-2.6882900000000003	0.338819	
0	-0.233343	0.588322	-0.774228	0.0	0.08210139999999999	0.805284	0.5871770000000001	0.0	0.968922	0.07344830000000001	-0.236209	0.0	-2.72359	-0.30314	-3.02937	0.335899	0.115183	0.469184	-0.8755569999999999	0.0	0.130177	-0.880951	-0.454949	0.0	-0.984778	-0.0615754	-0.162547	0.0	2.52022	-0.28899600000000003	-2.67258	0.336093	
0	-0.23309899999999997	0.588377	-0.774259	0.0	0.082669	0.805299	0.5870770000000001	0.0	0.968933	0.0728398	-0.236355	0.0	-2.72598	-0.302886	-3.02964	0.336009	0.115147	0.468355	-0.8760049999999999	0.0	0.130313	-0.8813719999999999	-0.45409499999999997	0.0	-0.984764	-0.061867399999999996	-0.16252	0.0	2.5298599999999998	-0.294158	-2.65959	0.33582199999999995	
0	-0.232684	0.586715	-0.775644	0.0	0.08867389999999999	0.8070109999999999	0.5838409999999999	0.0	0.9685010000000001	0.0670712	-0.23980500000000002	0.0	-2.7302299999999997	-0.30243000000000003	-3.02271	0.336212	0.115149	0.467149	-0.876648	0.0	0.13138	-0.881928	-0.45270600000000005	0.0	-0.9846219999999999	-0.0630457	-0.162928	0.0	2.5434400000000004	-0.29694299999999996	-2.6493900000000004	0.334717	
0	-0.23329699999999998	0.585654	-0.776262	0.0	0.0912987	0.807956	0.5821270000000001	0.0	0.96811	0.064937	-0.24196399999999998	0.0	-2.72627	-0.299369	-3.02448	0.335275	0.11532200000000001	0.46689899999999995	-0.8767590000000001	0.0	0.13153199999999998	-0.8820530000000001	-0.45241800000000004	0.0	-0.9845809999999999	-0.06314840000000001	-0.163133	0.0	2.54711	-0.297784	-2.6461200000000002	0.33472199999999996	
0	-0.23329899999999998	0.585655	-0.776261	0.0	0.0913153	0.807956	0.582124	0.0	0.968108	0.06492440000000001	-0.241975	0.0	-2.7263599999999997	-0.29943400000000003	-3.0244	0.33527399999999996	0.115325	0.466894	-0.876761	0.0	0.13153299999999998	-0.882056	-0.452412	0.0	-0.9845809999999999	-0.063149	-0.163135	0.0	2.5470099999999998	-0.297775	-2.6461900000000003	0.33472199999999996	
0	-0.23329899999999998	0.585655	-0.7762600000000001	0.0	0.09131510000000001	0.807956	0.582124	0.0	0.968108	0.0649245	-0.24197399999999997	0.0	-2.7263599999999997	-0.29943400000000003	-3.0244	0.33527399999999996	0.115325	0.466894	-0.876761	0.0	0.13153299999999998	-0.882056	-0.452412	0.0	-0.9845809999999999	-0.063149	-0.163135	0.0	2.5470099999999998	-0.297775	-2.6461900000000003	0.33472199999999996	
0	-0.23329899999999998	0.585655	-0.7762600000000001	0.0	0.0913152	0.807956	0.582124	0.0	0.968108	0.0649245	-0.24197399999999997	0.0	-2.7263599999999997	-0.299435	-3.0244	0.33527399999999996	0.115325	0.466894	-0.876761	0.0	0.13153299999999998	-0.882056	-0.452412	0.0	-0.9845809999999999	-0.063149	-0.163135	0.0	2.5470099999999998	-0.29777600000000004	-2.6461900000000003	0.33471999999999996	
0	-0.23329899999999998	0.585655	-0.776261	0.0	0.0913152	0.807956	0.582124	0.0	0.968108	0.0649245	-0.241975	0.0	-2.7263599999999997	-0.29943400000000003	-3.0244	0.335275	0.115325	0.466894	-0.876761	0.0	0.13153299999999998	-0.882056	-0.452412	0.0	-0.9845809999999999	-0.063149	-0.163135	0.0	2.5470099999999998	-0.297775	-2.6461900000000003	0.33471999999999996	
0	-0.23329899999999998	0.585655	-0.7762600000000001	0.0	0.0913153	0.807956	0.582124	0.0	0.968108	0.0649245	-0.241975	0.0	-2.7263599999999997	-0.299435	-3.0244	0.33527399999999996	0.115325	0.466894	-0.876761	0.0	0.13153299999999998	-0.882056	-0.452412	0.0	-0.9845809999999999	-0.063149	-0.163135	0.0	2.5470099999999998	-0.297775	-2.6461900000000003	0.334721	
0	-0.23329899999999998	0.585655	-0.7762600000000001	0.0	0.0913152	0.807956	0.582124	0.0	0.968108	0.0649246	-0.241975	0.0	-2.7263599999999997	-0.299435	-3.0244	0.33527399999999996	0.115325	0.466894	-0.876761	0.0	0.13153299999999998	-0.882056	-0.452412	0.0	-0.9845809999999999	-0.063149	-0.163135	0.0	2.5470099999999998	-0.297775	-2.6461900000000003	0.334721	
0	-0.23329899999999998	0.585655	-0.7762600000000001	0.0	0.0913152	0.807956	0.582124	0.0	0.968108	0.0649246	-0.241975	0.0	-2.7263599999999997	-0.299435	-3.0244	0.33527399999999996	0.115325	0.466894	-0.876761	0.0	0.13153299999999998	-0.882056	-0.452412	0.0	-0.9845809999999999	-0.063149	-0.163135	0.0	2.5470099999999998	-0.297775	-2.6461900000000003	0.334721	
0	-0.23329899999999998	0.585655	-0.7762600000000001	0.0	0.0913152	0.807956	0.582124	0.0	0.968108	0.0649246	-0.241975	0.0	-2.7263599999999997	-0.299435	-3.0244	0.335275	0.115325	0.466894	-0.876761	0.0	0.13153299999999998	-0.882056	-0.452412	0.0	-0.9845809999999999	-0.063149	-0.163135	0.0	2.5470099999999998	-0.297775	-2.6461900000000003	0.33471999999999996	
0	-0.23329899999999998	0.585655	-0.7762600000000001	0.0	0.0913152	0.807956	0.582124	0.0	0.968108	0.0649246	-0.241975	0.0	-2.7263599999999997	-0.29943400000000003	-3.0244	0.33527399999999996	0.115325	0.466894	-0.876761	0.0	0.13153299999999998	-0.882056	-0.452412	0.0	-0.9845809999999999	-0.063149	-0.163135	0.0	2.5470099999999998	-0.297775	-2.6461900000000003	0.334721	
0	-0.23329899999999998	0.585655	-0.7762600000000001	0.0	0.0913152	0.807956	0.582124	0.0	0.968108	0.0649245	-0.241975	0.0	-2.7263599999999997	-0.29943400000000003	-3.0244	0.33527399999999996	0.115325	0.466894	-0.876761	0.0	0.13153299999999998	-0.882056	-0.452412	0.0	-0.9845809999999999	-0.0631491	-0.163135	0.0	2.5470099999999998	-0.297775	-2.6461900000000003	0.33472199999999996	
0	-0.23329899999999998	0.585655	-0.7762600000000001	0.0	0.0913153	0.807956	0.582124	0.0	0.968108	0.0649245	-0.241975	0.0	-2.7263599999999997	-0.29943400000000003	-3.0244	0.33527399999999996	0.115325	0.466894	-0.876761	0.0	0.13153299999999998	-0.882056	-0.452412	0.0	-0.9845809999999999	-0.063149	-0.163135	0.0	2.5470099999999998	-0.297775	-2.6461900000000003	0.334721	
0	-0.23329899999999998	0.585655	-0.7762600000000001	0.0	0.0913152	0.807956	0.582124	0.0	0.968108	0.0649246	-0.241975	0.0	-2.7263599999999997	-0.29943400000000003	-3.0244	0.33527399999999996	0.115325	0.466894	-0.876761	0.0	0.13153299999999998	-0.882056	-0.452412	0.0	-0.9845809999999999	-0.063149	-0.163135	0.0	2.5470099999999998	-0.297775	-2.6461900000000003	0.334721	
0	-0.23329899999999998	0.585655	-0.7762600000000001	0.0	0.0913152	0.807956	0.582124	0.0	0.968108	0.0649246	-0.241975	0.0	-2.7263599999999997	-0.29943400000000003	-3.0244	0.33527399999999996	0.115325	0.466894	-0.876761	0.0	0.13153299999999998	-0.882056	-0.452412	0.0	-0.9845809999999999	-0.063149	-0.163135	0.0	2.5470099999999998	-0.297775	-2.6461900000000003	0.334721	
0	-0.23329899999999998	0.585655	-0.7762600000000001	0.0	0.0913153	0.807956	0.582124	0.0	0.968108	0.0649245	-0.241975	0.0	-2.7263599999999997	-0.299435	-3.0244	0.33527399999999996	0.115325	0.466894	-0.876761	0.0	0.13153299999999998	-0.882056	-0.452412	0.0	-0.9845809999999999	-0.063149	-0.163135	0.0	2.5470099999999998	-0.297775	-2.6461900000000003	0.334721	
0	-0.23329899999999998	0.585655	-0.7762600000000001	0.0	0.0913152	0.807956	0.582124	0.0	0.968108	0.0649246	-0.241975	0.0	-2.7263599999999997	-0.299435	-3.0244	0.335275	0.115325	0.466894	-0.876761	0.0	0.13153299999999998	-0.882056	-0.452412	0.0	-0.9845809999999999	-0.063149	-0.163135	0.0	2.5470099999999998	-0.297775	-2.6461900000000003	0.334721	
0	-0.23329899999999998	0.585655	-0.7762600000000001	0.0	0.0913152	0.807956	0.582124	0.0	0.968108	0.0649246	-0.241975	0.0	-2.7263599999999997	-0.29943400000000003	-3.0244	0.33527399999999996	0.115325	0.466894	-0.876761	0.0	0.13153299999999998	-0.882056	-0.452412	0.0	-0.9845809999999999	-0.063149	-0.163135	0.0	2.5470099999999998	-0.297775	-2.6461900000000003	0.33472199999999996	
0	-0.23329899999999998	0.585655	-0.7762600000000001	0.0	0.0913152	0.807956	0.582124	0.0	0.968108	0.0649245	-0.241975	0.0	-2.7263599999999997	-0.29943400000000003	-3.0244	0.33527399999999996	0.115325	0.466894	-0.876761	0.0	0.13153299999999998	-0.882056	-0.452412	0.0	-0.9845809999999999	-0.063149	-0.163135	0.0	2.5470099999999998	-0.297775	-2.6461900000000003	0.334721	
0	-0.23329899999999998	0.585655	-0.7762600000000001	0.0	0.0913152	0.807956	0.582124	0.0	0.968108	0.0649246	-0.241975	0.0	-2.7263599999999997	-0.299435	-3.0244	0.33527399999999996	0.115325	0.466894	-0.876761	0.0	0.13153299999999998	-0.882056	-0.452412	0.0	-0.9845809999999999	-0.063149	-0.163135	0.0	2.5470099999999998	-0.297775	-2.6461900000000003	0.334721	
0	-0.23329899999999998	0.585655	-0.7762600000000001	0.0	0.0913152	0.807956	0.582124	0.0	0.968108	0.0649246	-0.241975	0.0	-2.7263599999999997	-0.29943400000000003	-3.0244	0.33527399999999996	0.115325	0.466894	-0.876761	0.0	0.13153299999999998	-0.882056	-0.452412	0.0	-0.9845809999999999	-0.063149	-0.163135	0.0	2.5470099999999998	-0.297775	-2.6461900000000003	0.334721	
0	-0.23329899999999998	0.585655	-0.7762600000000001	0.0	0.0913152	0.807956	0.582124	0.0	0.968108	0.0649246	-0.241975	0.0	-2.7263599999999997	-0.299435	-3.0244	0.335275	0.115325	0.466894	-0.876761	0.0	0.13153299999999998	-0.882056	-0.452412	0.0	-0.9845809999999999	-0.063149	-0.163135	0.0	2.5470099999999998	-0.297775	-2.6461900000000003	0.334721	
0	-0.23329899999999998	0.585655	-0.7762600000000001	0.0	0.0913153	0.807956	0.582124	0.0	0.968108	0.0649245	-0.241975	0.0	-2.7263599999999997	-0.29943400000000003	-3.0244	0.33527399999999996	0.115325	0.466894	-0.876761	0.0	0.13153299999999998	-0.882056	-0.452412	0.0	-0.9845809999999999	-0.0631491	-0.163135	0.0	2.5470099999999998	-0.297775	-2.6461900000000003	0.334721	
0	-0.275133	0.7921159999999999	-0.5448430000000001	0.0	-0.223624	0.498443	0.837584	0.0	0.9350370000000001	0.352287	0.0399981	0.0	-2.64515	-0.296011	-3.06065	0.27971799999999997	0.029217	0.519529	-0.8539530000000001	0.0	-0.0880715	-0.849657	-0.519929	0.0	-0.9956860000000001	0.0903997	0.0209312	0.0	2.5385299999999997	-0.24456999999999998	-2.6120400000000004	0.24393600000000001	
0	-0.268011	0.801793	-0.534133	0.0	-0.22734200000000002	0.486124	0.8438	0.0	0.936208	0.34757899999999997	0.051994399999999996	0.0	-2.61749	-0.30659899999999995	-3.06344	0.279355	0.028352999999999996	0.536662	-0.8433209999999999	0.0	-0.0871222	-0.839123	-0.53692	0.0	-0.9957940000000001	0.08869529999999999	0.022963499999999998	0.0	2.55229	-0.258468	-2.62767	0.23938099999999998	
0	-0.26526900000000003	0.81104	-0.521389	0.0	-0.22693899999999997	0.47305	0.8513059999999999	0.0	0.9370860000000001	0.344149	0.058571500000000006	0.0	-2.6141900000000002	-0.330557	-3.06812	0.279587	0.0288671	0.554305	-0.8318129999999999	0.0	-0.0857065	-0.827723	-0.554554	0.0	-0.9959020000000001	0.0873001	0.023613400000000003	0.0	2.54937	-0.284754	-2.66229	0.242562	
0	-0.221077	0.853757	-0.47140699999999996	0.0	-0.211273	0.429962	0.8777790000000001	0.0	0.952097	0.293652	0.08532089999999999	0.0	-2.64205	-0.570014	-3.13383	0.285479	0.0263084	0.60345	-0.796967	0.0	-0.100904	-0.791568	-0.602693	0.0	-0.994548	0.096273	0.0400656	0.0	2.49936	-0.46223500000000006	-2.79542	0.279808	
0	-0.181811	0.876165	-0.44640799999999997	0.0	-0.131774	0.428171	0.8940389999999999	0.0	0.974464	0.221371	0.0376101	0.0	-2.67961	-0.741099	-3.20742	0.29393	0.017381200000000003	0.613908	-0.7891859999999999	0.0	-0.0919496	-0.784979	-0.612661	0.0	-0.995612	0.08321410000000001	0.042804699999999994	0.0	2.45475	-0.6032850000000001	-2.88945	0.299109	
0	-0.141517	0.8964270000000001	-0.419991	0.0	-0.0362834	0.419279	0.9071319999999999	0.0	0.9892709999999999	0.14361300000000002	-0.0268098	0.0	-2.72883	-0.9697610000000001	-3.31541	0.305693	0.00901031	0.607058	-0.794607	0.0	-0.0608206	-0.7928350000000001	-0.606394	0.0	-0.998108	0.0537923	0.0297779	0.0	2.40706	-0.778155	-3.00714	0.298003	
0	-0.094239	0.895659	-0.434643	0.0	0.054054099999999994	0.44054499999999996	0.8961020000000001	0.0	0.994081	0.0609536	-0.0899305	0.0	-2.79918	-1.23223	-3.4437300000000004	0.320662	-0.00200045	0.599016	-0.8007350000000001	0.0	-0.0341495	-0.8003100000000001	-0.5986130000000001	0.0	-0.9994149999999999	0.0261472	0.0220571	0.0	2.36501	-0.985447	-3.1422	0.294144	
0	-0.0649564	0.890524	-0.45027399999999995	0.0	0.08843730000000001	0.454589	0.8863	0.0	0.9939610000000001	0.0177498	-0.10828399999999999	0.0	-2.8628099999999996	-1.3868200000000002	-3.5252800000000004	0.320279	-0.00501645	0.5954699999999999	-0.803362	0.0	-0.021705099999999998	-0.803248	-0.59525	0.0	-0.9997520000000001	0.014450999999999999	0.0169542	0.0	2.34479	-1.09727	-3.21259	0.295182	
0	0.00148924	0.847517	-0.530767	0.0	0.223615	0.517045	0.826233	0.0	0.974676	-0.11991800000000001	-0.188747	0.0	-3.05634	-1.7591700000000001	-3.70338	0.303661	-0.0142877	0.589846	-0.807389	0.0	0.026492599999999998	-0.8069649999999999	-0.590005	0.0	-0.999547	-0.0298197	-0.00409684	0.0	2.30603	-1.32686	-3.3589800000000003	0.29780700000000004	
0	0.025685900000000005	0.8334959999999999	-0.551928	0.0	0.276352	0.524674	0.8052	0.0	0.9607129999999999	-0.173209	-0.216862	0.0	-3.1376	-1.8873900000000001	-3.74261	0.29448	-0.0193	0.589949	-0.80721	0.0	0.05047530000000001	-0.805756	-0.590093	0.0	-0.998539	-0.0521328	-0.014227000000000002	0.0	2.29335	-1.4111200000000002	-3.4134	0.299115	
0	0.11988299999999999	0.79238	-0.598133	0.0	0.412796	0.5081439999999999	0.755903	0.0	0.9029	-0.337527	-0.26617399999999997	0.0	-3.3849699999999996	-2.23723	-3.87552	0.26824000000000003	-0.04058219999999999	0.569707	-0.820845	0.0	0.112627	-0.813678	-0.5703010000000001	0.0	-0.992808	-0.115593	-0.0311433	0.0	2.27857	-1.7067	-3.56695	0.294788	
0	0.180917	0.7416590000000001	-0.645918	0.0	0.498154	0.497172	0.710396	0.0	0.8480040000000001	-0.45028999999999997	-0.279514	0.0	-3.6152599999999997	-2.49859	-3.92579	0.23295300000000002	-0.0726168	0.542619	-0.836834	0.0	0.17258199999999999	-0.819556	-0.546392	0.0	-0.9823149999999999	-0.1841	-0.0341329	0.0	2.2845299999999997	-1.95575	-3.6173699999999998	0.28371199999999996	
0	0.24329699999999999	0.683442	-0.6882689999999999	0.0	0.5373939999999999	0.49574700000000005	0.682234	0.0	0.807474	-0.5358569999999999	-0.246664	0.0	-3.79691	-2.7335599999999998	-3.9105	0.23567800000000003	-0.09197369999999999	0.528556	-0.843901	0.0	0.198533	-0.820744	-0.53569	0.0	-0.975769	-0.21681199999999998	-0.029449	0.0	2.27834	-2.13026	-3.6415	0.279837	
0	0.28725300000000004	0.6227600000000001	-0.727774	0.0	0.553288	0.51234	0.656795	0.0	0.781894	-0.591336	-0.19739400000000001	0.0	-3.91149	-2.91768	-3.7581300000000004	0.253382	-0.100449	0.522356	-0.846791	0.0	0.21361100000000002	-0.819926	-0.531123	0.0	-0.971741	-0.23423400000000003	-0.0292207	0.0	2.2962700000000003	-2.23038	-3.6642900000000003	0.2822	
0	0.323923	0.585834	-0.742881	0.0	0.572469	0.503784	0.6469010000000001	0.0	0.753228	-0.6348229999999999	-0.172185	0.0	-3.96791	-2.97834	-3.57314	0.26858200000000004	-0.09997389999999999	0.519834	-0.848397	0.0	0.212811	-0.821766	-0.528594	0.0	-0.971965	-0.23339400000000002	-0.0284714	0.0	2.30463	-2.24465	-3.6632	0.281915	
0	0.371795	0.549088	-0.748513	0.0	0.618283	0.45498299999999997	0.640871	0.0	0.692455	-0.7010649999999999	-0.17033199999999998	0.0	-4.0559199999999995	-3.07012	-3.5204	0.271364	-0.103752	0.5153979999999999	-0.8506469999999999	0.0	0.21726700000000002	-0.8228629999999999	-0.5250630000000001	0.0	-0.970583	-0.239294	-0.026605599999999997	0.0	2.30539	-2.2598599999999998	-3.6599699999999995	0.282447	
0	0.38092800000000004	0.541945	-0.7491260000000001	0.0	0.6249439999999999	0.446204	0.640583	0.0	0.681424	-0.7121770000000001	-0.168714	0.0	-4.06269	-3.0860000000000003	-3.4998199999999997	0.271861	-0.10559500000000001	0.5134310000000001	-0.8516090000000001	0.0	0.219175	-0.82332	-0.523552	0.0	-0.9699549999999999	-0.241936	-0.0255926	0.0	2.30505	-2.26523	-3.65595	0.282758	
0	0.452612	0.45574499999999996	-0.766446	0.0	0.671082	0.391906	0.629332	0.0	0.58719	-0.799191	-0.128461	0.0	-4.03569	-3.2177	-3.26452	0.285196	-0.10698599999999998	0.5064	-0.8556360000000001	0.0	0.219334	-0.827354	-0.517087	0.0	-0.969766	-0.24299099999999998	-0.0225558	0.0	2.29901	-2.26914	-3.57651	0.282512	
0	0.485807	0.43100900000000003	-0.76041	0.0	0.665723	0.381286	0.6414310000000001	0.0	0.566396	-0.8178340000000001	-0.101702	0.0	-3.93414	-3.24974	-3.14114	0.28441900000000003	-0.107895	0.505371	-0.85613	0.0	0.22064299999999998	-0.827508	-0.516282	0.0	-0.969369	-0.24460300000000001	-0.022222400000000003	0.0	2.29667	-2.2732799999999997	-3.56695	0.282519	
0	0.493914	0.42589	-0.7580680000000001	0.0	0.655822	0.389974	0.646388	0.0	0.570917	-0.816418	-0.0866941	0.0	-3.83935	-3.2526599999999997	-3.0475	0.284666	-0.10874	0.504445	-0.85657	0.0	0.22182800000000003	-0.8276370000000001	-0.515567	0.0	-0.9690040000000001	-0.246074	-0.0219032	0.0	2.29471	-2.27433	-3.5569800000000003	0.282287	
0	0.505446	0.423125	-0.7519899999999999	0.0	0.637351	0.40439400000000003	0.655934	0.0	0.581643	-0.810821	-0.0652801	0.0	-3.6459900000000003	-3.18208	-2.87589	0.284118	-0.10823599999999998	0.502572	-0.857733	0.0	0.221475	-0.8289280000000001	-0.513642	0.0	-0.969141	-0.245561	-0.0215875	0.0	2.29758	-2.2697599999999998	-3.54851	0.282127	
0	0.536896	0.394984	-0.7454729999999999	0.0	0.638506	0.38729600000000003	0.665065	0.0	0.551409	-0.83306	-0.044262	0.0	-3.53705	-3.16476	-2.7185200000000003	0.28488	-0.110009	0.499749	-0.8591559999999999	0.0	0.221104	-0.8304389999999999	-0.511356	0.0	-0.969026	-0.246216	-0.0191408	0.0	2.29677	-2.27284	-3.54682	0.28220100000000004	
0	0.5381199999999999	0.393196	-0.745536	0.0	0.638818	0.386768	0.6650729999999999	0.0	0.549854	-0.834151	-0.0430523	0.0	-3.5288699999999995	-3.16662	-2.70064	0.284383	-0.110285	0.499701	-0.8591489999999999	0.0	0.22085	-0.83049	-0.511382	0.0	-0.969052	-0.246141	-0.018769	0.0	2.2962	-2.27265	-3.5459099999999997	0.282405	
0	0.558493	0.378011	-0.738372	0.0	0.632396	0.38200700000000004	0.673904	0.0	0.536806	-0.8433139999999999	-0.025703800000000002	0.0	-3.4725300000000003	-3.18175	-2.6240900000000003	0.281993	-0.11142	0.49881800000000004	-0.8595149999999999	0.0	0.224046	-0.830025	-0.510746	0.0	-0.968189	-0.24947800000000003	-0.0192768	0.0	2.29073	-2.27872	-3.5403300000000004	0.282422	
0	0.561667	0.359095	-0.745373	0.0	0.646146	0.372292	0.666253	0.0	0.516744	-0.855833	-0.022924	0.0	-3.4462599999999997	-3.22721	-2.64012	0.28363	-0.111544	0.49858800000000003	-0.859633	0.0	0.224282	-0.830082	-0.510551	0.0	-0.9681200000000001	-0.24974899999999997	-0.0192334	0.0	2.29239	-2.2812200000000002	-3.5408	0.281825	
0	0.56676	0.326409	-0.756466	0.0	0.668601	0.354285	0.6538010000000001	0.0	0.481411	-0.8763219999999999	-0.017443200000000002	0.0	-3.5030900000000003	-3.32027	-2.56126	0.28084499999999996	-0.11444100000000001	0.49758800000000003	-0.8598309999999999	0.0	0.22749699999999998	-0.829391	-0.510251	0.0	-0.967031	-0.254002	-0.0182831	0.0	2.28962	-2.29398	-3.5436199999999998	0.28162800000000004	
0	0.5664	0.319102	-0.759845	0.0	0.67552	0.348382	0.649848	0.0	0.472084	-0.881365	-0.0182362	0.0	-3.53453	-3.32459	-2.54026	0.280536	-0.114541	0.49780399999999997	-0.859693	0.0	0.227622	-0.8292139999999999	-0.510483	0.0	-0.96699	-0.254156	-0.0183322	0.0	2.29057	-2.3001099999999997	-3.5461199999999997	0.281515	
0	0.5691510000000001	0.30458	-0.76374	0.0	0.684843	0.338443	0.6453270000000001	0.0	0.45503599999999994	-0.89033	-0.0159649	0.0	-3.58929	-3.3405400000000003	-2.54314	0.281141	-0.114955	0.49576000000000003	-0.8608180000000001	0.0	0.22741999999999998	-0.830414	-0.5086189999999999	0.0	-0.966988	-0.254235	-0.017285599999999998	0.0	2.2898400000000003	-2.30567	-3.54737	0.28120700000000004	
0	0.581954	0.28382199999999996	-0.7620859999999999	0.0	0.695936	0.311001	0.647265	0.0	0.42071800000000004	-0.907041	-0.0165336	0.0	-3.60512	-3.36741	-2.51507	0.286918	-0.11533800000000001	0.492963	-0.8623719999999999	0.0	0.22753099999999998	-0.8319719999999999	-0.506016	0.0	-0.966916	-0.254579	-0.0162061	0.0	2.28925	-2.3029900000000003	-3.54216	0.281042	
0	0.586973	0.275196	-0.7614	0.0	0.699867	0.30030300000000004	0.648077	0.0	0.406999	-0.913283	-0.016331000000000002	0.0	-3.6185	-3.38193	-2.51905	0.292995	-0.11548900000000001	0.49266400000000005	-0.8625219999999999	0.0	0.227177	-0.832217	-0.505772	0.0	-0.966982	-0.25435599999999997	-0.0158108	0.0	2.28897	-2.29913	-3.5360199999999997	0.280771	
0	0.594062	0.269832	-0.757814	0.0	0.703646	0.28223400000000004	0.652093	0.0	0.389836	-0.920617	-0.022202	0.0	-3.64627	-3.40306	-2.53562	0.312137	-0.11518699999999998	0.492674	-0.862557	0.0	0.226235	-0.8325049999999999	-0.505721	0.0	-0.9672379999999999	-0.253393	-0.0155672	0.0	2.28172	-2.3001099999999997	-3.5325900000000003	0.279469	
0	0.597557	0.266771	-0.756147	0.0	0.7040649999999999	0.27669	0.654015	0.0	0.383691	-0.9231879999999999	-0.0224865	0.0	-3.64184	-3.41331	-2.53565	0.31763	-0.115575	0.49205600000000005	-0.862858	0.0	0.225814	-0.832918	-0.505229	0.0	-0.96729	-0.253237	-0.0148485	0.0	2.2770200000000003	-2.30063	-3.53079	0.279527	
0	0.603951	0.26463000000000003	-0.751807	0.0	0.6996020000000001	0.275887	0.6591229999999999	0.0	0.381838	-0.9240440000000001	-0.0185139	0.0	-3.6150300000000004	-3.42558	-2.51475	0.322628	-0.115962	0.49217799999999995	-0.8627360000000001	0.0	0.22681199999999999	-0.832525	-0.505429	0.0	-0.96701	-0.25429	-0.0150912	0.0	2.27303	-2.30002	-3.5273199999999996	0.279698	
0	0.624988	0.24825	-0.74011	0.0	0.699248	0.243461	0.672145	0.0	0.347048	-0.9376030000000001	-0.021428299999999997	0.0	-3.53649	-3.46896	-2.46907	0.324948	-0.11574000000000001	0.492021	-0.862856	0.0	0.22681300000000001	-0.832651	-0.505221	0.0	-0.967037	-0.254181	-0.015225899999999999	0.0	2.27568	-2.30303	-3.5348800000000002	0.279116	
0	0.631166	0.239313	-0.737807	0.0	0.7014199999999999	0.229967	0.6746300000000001	0.0	0.331119	-0.9433159999999999	-0.0227113	0.0	-3.5201	-3.48535	-2.4547	0.325079	-0.115879	0.491124	-0.863348	0.0	0.226179	-0.8333209999999999	-0.504401	0.0	-0.9671690000000001	-0.25372	-0.014518200000000002	0.0	2.2755400000000003	-2.30442	-3.53705	0.279017	
0	0.642621	0.22814299999999998	-0.73143	0.0	0.707616	0.189342	0.680757	0.0	0.2938	-0.95504	-0.039762	0.0	-3.4493199999999997	-3.49606	-2.41283	0.324901	-0.11605499999999999	0.490579	-0.863634	0.0	0.224617	-0.8340209999999999	-0.503941	0.0	-0.967512	-0.252471	-0.0133999	0.0	2.2692099999999997	-2.30108	-3.53055	0.27855	
0	0.650932	0.21409699999999998	-0.72832	0.0	0.715479	0.147643	0.682856	0.0	0.253729	-0.96559	-0.0570764	0.0	-3.4147800000000004	-3.51594	-2.42193	0.32409699999999997	-0.11849200000000001	0.4888	-0.8643120000000001	0.0	0.225992	-0.834324	-0.5028229999999999	0.0	-0.9668959999999999	-0.25490799999999997	-0.011604600000000001	0.0	2.26666	-2.3188	-3.53847	0.278104	
