0	0.593132	0.516197	-0.617846	0.0	0.671295	0.106579	0.733488	0.0	0.444474	-0.8498129999999999	-0.28330500000000003	0.0	-2.7396700000000003	2.0	1.46191	0.0	-0.277708	0.562244	-0.778948	0.0	0.07482219999999999	-0.79572	-0.601025	0.0	-0.9577469999999999	-0.225192	0.17890899999999998	0.0	2.6716900000000003	1.98459	1.50657	0.0	
0	0.593132	0.516197	-0.617847	0.0	0.671281	0.10660499999999999	0.733496	0.0	0.44449399999999994	-0.849809	-0.283283	0.0	-2.7396700000000003	2.0	1.46191	0.0	-0.27416999999999997	0.569786	-0.774709	0.0	0.119653	-0.779107	-0.615366	0.0	-0.954209	-0.261411	0.145431	0.0	2.70993	1.90294	1.43049	0.0	
0	0.593132	0.516197	-0.617846	0.0	0.671268	0.10663199999999999	0.7335050000000001	0.0	0.44451499999999994	-0.849806	-0.28326	0.0	-2.7396700000000003	2.0	1.46191	0.0	-0.26623800000000003	0.5635760000000001	-0.781984	0.0	0.173408	-0.770025	-0.613996	0.0	-0.9481809999999999	-0.299072	0.107281	0.0	2.7246799999999998	1.81253	1.32708	0.0	
0	-0.0318977	0.823641	-0.566213	0.0	0.367533	0.5364760000000001	0.759679	0.0	0.9294629999999999	-0.18387	-0.319828	0.0	-2.74988	1.9324299999999999	1.38758	-0.00059802	-0.299941	0.510625	-0.80579	0.0	0.289265	-0.7562300000000001	-0.586892	0.0	-0.9090440000000001	-0.40912	0.07911789999999999	0.0	2.7363	1.66307	1.19767	0.0	
0	-0.07222970000000001	0.771684	-0.631891	0.0	0.326385	0.6169520000000001	0.7161310000000001	0.0	0.942473	-0.154514	-0.296428	0.0	-2.75013	1.8065	1.30974	0.0	-0.288655	0.520612	-0.8035180000000001	0.0	0.293484	-0.750729	-0.591839	0.0	-0.911343	-0.406657	0.0639099	0.0	2.74001	1.6278700000000002	1.05679	6.77109e-05	
0	-0.112228	0.712332	-0.692812	0.0	0.284393	0.691077	0.6644800000000001	0.0	0.952116	-0.122457	-0.28014	0.0	-2.69512	1.7365099999999998	1.24844	0.0	-0.306551	0.5293979999999999	-0.791053	0.0	0.336227	-0.717266	-0.610313	0.0	-0.890493	-0.45306499999999994	0.0418806	0.0	2.76357	1.53562	0.953026	0.0	
0	-0.104566	0.6939569999999999	-0.712383	0.0	0.264063	0.709972	0.652848	0.0	0.9588200000000001	-0.119849	-0.25748699999999997	0.0	-2.6943200000000003	1.6636900000000001	1.2088	0.0	-0.330065	0.54986	-0.767275	0.0	0.337177	-0.690529	-0.639907	0.0	-0.881685	-0.469918	0.04251919999999999	0.0	2.7812799999999998	1.42861	0.8733719999999999	0.0	
0	-0.100872	0.695441	-0.711468	0.0	0.24504299999999998	0.7104520000000001	0.659706	0.0	0.96425	-0.107794	-0.24207800000000002	0.0	-2.69194	1.64125	1.18044	0.0	-0.332985	0.562489	-0.756788	0.0	0.33378	-0.680311	-0.652509	0.0	-0.8818799999999999	-0.469876	0.0387852	0.0	2.79566	1.3819299999999999	0.8327559999999999	0.0	
0	-0.12113499999999999	0.7227680000000001	-0.680392	0.0	0.200264	0.6891390000000001	0.6964060000000001	0.0	0.972225	-0.0518991	-0.228223	0.0	-2.71657	1.6365299999999998	1.03804	0.0	-0.347199	0.557841	-0.753835	0.0	0.313381	-0.688615	-0.653913	0.0	-0.8838809999999999	-0.463275	0.06426939999999999	0.0	2.81698	1.23712	0.73072	0.0	
0	-0.148286	0.734314	-0.662415	0.0	0.160645	0.67881	0.716527	0.0	0.9758100000000001	-0.000162721	-0.218621	0.0	-2.6928	1.7235900000000002	0.988632	0.0	-0.336971	0.558541	-0.757947	0.0	0.302007	-0.698367	-0.648903	0.0	-0.8917639999999999	-0.447567	0.0666458	0.0	2.8403	1.18563	0.691738	0.0	
0	-0.151535	0.737082	-0.6585949999999999	0.0	0.15179	0.675739	0.7213430000000001	0.0	0.976728	0.009341	-0.21428000000000003	0.0	-2.68526	1.76003	0.9586049999999999	0.0	-0.333305	0.558538	-0.759568	0.0	0.297873	-0.701987	-0.6469060000000001	0.0	-0.8945280000000001	-0.441871	0.06760219999999999	0.0	2.84225	1.17967	0.700883	0.0	
0	-0.16253199999999998	0.736225	-0.65693	0.0	0.111223	0.6752090000000001	0.729193	0.0	0.9804149999999999	0.0454514	-0.191628	0.0	-2.62728	1.8414400000000002	0.865556	0.0	-0.29038800000000003	0.516407	-0.805605	0.0	0.290067	-0.754768	-0.588377	0.0	-0.9118860000000001	-0.404537	0.0693826	0.0	2.78567	1.14875	0.725984	0.0	
0	-0.183076	0.73223	-0.65599	0.0	0.0929782	0.6771729999999999	0.7299260000000001	0.0	0.978692	0.07263919999999999	-0.192056	0.0	-2.6047	1.85125	0.8282370000000001	0.0	-0.24268499999999998	0.5024689999999999	-0.829837	0.0	0.286256	-0.78023	-0.5561470000000001	0.0	-0.92691	-0.372514	0.045514599999999995	0.0	2.7639299999999998	1.19302	0.715829	0.0	
0	-0.194179	0.720128	-0.6661159999999999	0.0	0.0736065	0.687822	0.722137	0.0	0.978201	0.0911936	-0.186567	0.0	-2.63082	1.8558	0.797763	0.0	-0.186763	0.46036099999999996	-0.867864	0.0	0.253196	-0.8310069999999999	-0.49529799999999996	0.0	-0.949216	-0.312243	0.0386393	0.0	2.7057700000000002	1.3093	0.707954	0.0	
0	-0.202485	0.707551	-0.677031	0.0	0.0569823	0.6986939999999999	0.713148	0.0	0.977626	0.105823	-0.181793	0.0	-2.63575	1.8552099999999998	0.79174	0.0	-0.155479	0.449139	-0.8798299999999999	0.0	0.229888	-0.849756	-0.47441099999999997	0.0	-0.960717	-0.276024	0.0288675	0.0	2.6496	1.42195	0.669745	0.0	
0	-0.228985	0.678434	-0.698063	0.0	0.0451701	0.72375	0.6885819999999999	0.0	0.9723809999999999	0.126144	-0.196373	0.0	-2.6344	1.8679400000000002	0.761971	0.0	-0.20846399999999998	0.5408470000000001	-0.814879	0.0	0.26700799999999997	-0.770061	-0.579407	0.0	-0.9408770000000001	-0.338365	0.016119799999999997	0.0	2.62259	1.5336	0.635211	0.0	
0	-0.254796	0.641335	-0.7237180000000001	0.0	0.027295999999999997	0.752892	0.657578	0.0	0.966609	0.147794	-0.20934	0.0	-2.63103	1.88572	0.732033	0.0	-0.188932	0.6090979999999999	-0.770263	0.0	0.258237	-0.725964	-0.637409	0.0	-0.947427	-0.319337	-0.0201341	0.0	2.65267	1.59654	0.578164	0.0	
0	-0.339077	0.431479	-0.835975	0.0	-0.04161	0.880869	0.47152799999999995	0.0	0.939838	0.194669	-0.28072800000000003	0.0	-2.60843	2.03429	0.659217	0.0	-0.19492	0.6269819999999999	-0.754255	0.0	0.252915	-0.710869	-0.656277	0.0	-0.94765	-0.318684	-0.0200107	0.0	2.69751	1.66162	0.49217299999999997	0.0	
0	-0.372346	0.338667	-0.8640969999999999	0.0	-0.0776374	0.916415	0.392627	0.0	0.924841	0.213279	-0.31493000000000004	0.0	-2.59553	2.10473	0.577172	0.0	-0.199641	0.618974	-0.7596149999999999	0.0	0.273136	-0.709341	-0.649794	0.0	-0.941032	-0.33720300000000003	-0.0274509	0.0	2.68318	1.7206400000000002	0.43673100000000004	0.0	
0	-0.384021	0.323021	-0.864977	0.0	-0.0826557	0.921019	0.38064699999999996	0.0	0.919617	0.21767199999999998	-0.326991	0.0	-2.59395	2.2085	0.491809	0.0	-0.195744	0.619896	-0.7598779999999999	0.0	0.260928	-0.714012	-0.649695	0.0	-0.945305	-0.325447	-0.0219848	0.0	2.6449	1.78814	0.346889	0.0	
0	-0.383075	0.329462	-0.862965	0.0	-0.0895415	0.916586	0.389681	0.0	0.919367	0.226548	-0.321621	0.0	-2.60117	2.29563	0.353014	0.0	-0.19406600000000002	0.630031	-0.751931	0.0	0.247563	-0.710241	-0.658992	0.0	-0.9492370000000001	-0.314038	-0.0181388	0.0	2.5948900000000004	1.84024	0.269884	0.0	
0	-0.388071	0.33369099999999996	-0.859099	0.0	-0.09302919999999999	0.913209	0.396731	0.0	0.9169229999999999	0.233881	-0.323347	0.0	-2.6095599999999997	2.33327	0.24580900000000003	0.0	-0.192821	0.63742	-0.746	0.0	0.23893000000000003	-0.7068840000000001	-0.665754	0.0	-0.9517	-0.306613	-0.0159964	0.0	2.5653799999999998	1.85516	0.204204	0.0	
0	-0.385232	0.39471300000000004	-0.834145	0.0	-0.045894300000000006	0.894596	0.444514	0.0	0.9216780000000001	0.20952300000000001	-0.32651199999999997	0.0	-2.58448	2.38667	0.038385199999999994	0.0	-0.188997	0.651798	-0.734466	0.0	0.21001399999999998	-0.703811	-0.678635	0.0	-0.959257	-0.282508	-0.00386906	0.0	2.45717	1.85241	-0.00100605	0.0	
0	-0.358693	0.45339799999999997	-0.815947	0.0	0.0139482	0.8766200000000001	0.48098100000000005	0.0	0.933351	0.161143	-0.320761	0.0	-2.50832	2.36008	-0.06083009999999999	0.0	-0.185168	0.6545300000000001	-0.733009	0.0	0.190248	-0.707921	-0.680187	0.0	-0.9641149999999999	-0.26540199999999997	0.00656064	0.0	2.3780799999999997	1.86999	-0.105223	8.15065e-05	
0	-0.308637	0.520839	-0.795909	0.0	0.102449	0.850094	0.51657	0.0	0.9456469999999999	0.07789249999999999	-0.31573	0.0	-2.3542	2.24225	-0.130365	0.0	-0.175447	0.658542	-0.731807	0.0	0.189028	-0.706972	-0.681513	0.0	-0.9661709999999999	-0.25790100000000005	-0.00044724300000000005	0.0	2.26155	1.9409900000000002	-0.212589	0.0	
0	-0.28328200000000003	0.555393	-0.78185	0.0	0.161722	0.8312350000000001	0.531878	0.0	0.9453030000000001	0.0242291	-0.325293	0.0	-2.29204	2.13596	-0.181887	0.0	-0.176744	0.664376	-0.7262	0.0	0.181068	-0.703276	-0.687472	0.0	-0.9674590000000001	-0.252998	0.00400294	0.0	2.2099900000000003	1.94564	-0.294189	0.0	
0	-0.26322399999999996	0.566808	-0.780668	0.0	0.21714499999999998	0.823249	0.524508	0.0	0.9399790000000001	-0.0314555	-0.339778	0.0	-2.23066	1.9949299999999999	-0.279046	0.0	-0.168677	0.672313	-0.720793	0.0	0.18043299999999998	-0.697854	-0.693141	0.0	-0.969016	-0.24697199999999997	-0.00359592	0.0	2.12983	1.94213	-0.445779	0.0	
0	-0.26223	0.5908359999999999	-0.762987	0.0	0.19933299999999998	0.806768	0.55623	0.0	0.9441940000000001	-0.00622833	-0.329332	0.0	-2.12163	1.81818	-0.49894499999999997	0.220433	-0.177452	0.671871	-0.719097	0.0	0.23972399999999996	-0.6791739999999999	-0.6937260000000001	0.0	-0.9544860000000001	-0.29548800000000003	-0.0405425	0.0	2.01585	1.8334	-0.716816	0.192747	
0	-0.25347600000000003	0.538041	-0.803904	0.0	0.12239100000000001	0.8422040000000001	0.525084	0.0	0.959568	0.0347058	-0.279329	0.0	-2.03287	1.72112	-0.6005659999999999	0.35572	-0.175814	0.661922	-0.728662	0.0	0.257389	-0.683535	-0.683031	0.0	-0.9501790000000001	-0.307636	-0.0501969	0.0	1.96134	1.7708599999999999	-0.9512200000000001	0.249419	
0	-0.248779	0.525205	-0.8137989999999999	0.0	0.0847751	0.8487979999999999	0.521877	0.0	0.964843	0.06084199999999999	-0.255687	0.0	-1.9275400000000003	1.65842	-0.636922	0.359342	-0.183591	0.645358	-0.74149	0.0	0.295958	-0.6830229999999999	-0.6677489999999999	0.0	-0.937392	-0.342043	-0.0656018	0.0	1.9268	1.71488	-1.05966	0.240197	
0	-0.243721	0.556717	-0.794145	0.0	0.113774	0.8295950000000001	0.546652	0.0	0.963149	0.0428776	-0.26553000000000004	0.0	-1.8714	1.49347	-0.8010970000000001	0.35872600000000004	-0.17261400000000002	0.632777	-0.75485	0.0	0.31252199999999997	-0.6915720000000001	-0.6511979999999999	0.0	-0.9340959999999999	-0.348313	-0.07838189999999999	0.0	1.86247	1.61368	-1.21747	0.256357	
0	-0.238289	0.579842	-0.779104	0.0	0.140735	0.8143600000000001	0.563038	0.0	0.960944	0.024518400000000003	-0.27565700000000004	0.0	-1.86696	1.36439	-1.00325	0.35785500000000003	-0.17186700000000002	0.625221	-0.761289	0.0	0.327075	-0.692735	-0.64276	0.0	-0.9292389999999999	-0.359467	-0.08543610000000001	0.0	1.8272099999999998	1.47959	-1.37337	0.257361	
0	-0.23342	0.590444	-0.772587	0.0	0.145261	0.806793	0.572699	0.0	0.961465	0.0214526	-0.27409	0.0	-1.87782	1.29433	-1.09808	0.357032	-0.17106300000000002	0.62037	-0.7654270000000001	0.0	0.328433	-0.696539	-0.637938	0.0	-0.928908	-0.360519	-0.0845982	0.0	1.80751	1.4126	-1.42709	0.26102800000000004	
0	-0.21401900000000001	0.606171	-0.765998	0.0	0.162725	0.795335	0.583921	0.0	0.9631799999999999	0.00032347400000000003	-0.268856	0.0	-1.8849599999999997	1.1411799999999999	-1.2616399999999999	0.34829899999999997	-0.18545699999999998	0.601711	-0.776885	0.0	0.333923	-0.704962	-0.6257189999999999	0.0	-0.924176	-0.37546399999999996	-0.070185	0.0	1.7700900000000002	1.24987	-1.43959	0.265727	
0	-0.191968	0.634324	-0.748853	0.0	0.19309300000000001	0.7725420000000001	0.604891	0.0	0.962218	-0.0284786	-0.270787	0.0	-1.89861	1.0221200000000001	-1.29459	0.347873	-0.204208	0.591141	-0.780289	0.0	0.338308	-0.705358	-0.622911	0.0	-0.9186110000000001	-0.39118200000000003	-0.0559479	0.0	1.7560099999999998	1.11011	-1.43777	0.285547	
0	-0.16533399999999998	0.6532319999999999	-0.7388859999999999	0.0	0.232584	0.75389	0.614454	0.0	0.95842	-0.0702632	-0.276575	0.0	-1.9097	0.882534	-1.38984	0.34877600000000003	-0.221584	0.586468	-0.7790739999999999	0.0	0.350655	-0.697571	-0.624848	0.0	-0.909913	-0.41164300000000004	-0.051077199999999996	0.0	1.75705	0.9799680000000001	-1.3849799999999999	0.287465	
0	-0.126654	0.668034	-0.733273	0.0	0.261606	0.73555	0.624923	0.0	0.956829	-0.11268	-0.267922	0.0	-1.9441700000000002	0.674237	-1.44905	0.34877600000000003	-0.228421	0.5742229999999999	-0.786188	0.0	0.357808	-0.7015060000000001	-0.6163310000000001	0.0	-0.9054270000000001	-0.422087	-0.0452226	0.0	1.78948	0.8279110000000001	-1.39662	0.289574	
0	-0.0823602	0.674039	-0.7340909999999999	0.0	0.281028	0.7224079999999999	0.631783	0.0	0.956159	-0.15426700000000002	-0.24892199999999998	0.0	-1.9748400000000002	0.414494	-1.54116	0.350269	-0.23100900000000002	0.5676	-0.790231	0.0	0.361741	-0.703871	-0.611318	0.0	-0.9032049999999999	-0.427079	-0.0427244	0.0	1.8119299999999998	0.6828810000000001	-1.48117	0.289458	
0	-0.0648747	0.686058	-0.724648	0.0	0.281457	0.709275	0.646306	0.0	0.9573780000000001	-0.162029	-0.23911	0.0	-1.99583	0.243617	-1.6775200000000001	0.350407	-0.227606	0.565603	-0.792647	0.0	0.36388000000000004	-0.705638	-0.608003	0.0	-0.903209	-0.426813	-0.045204400000000006	0.0	1.81532	0.59583	-1.52439	0.289835	
0	-0.0489505	0.691689	-0.720535	0.0	0.28115	0.7017720000000001	0.6545770000000001	0.0	0.958415	-0.170536	-0.22882	0.0	-1.9468	0.151765	-1.79289	0.349337	-0.227865	0.5641689999999999	-0.793593	0.0	0.36993200000000004	-0.70376	-0.606525	0.0	-0.900682	-0.431781	-0.0483421	0.0	1.81882	0.524541	-1.59581	0.290279	
0	-0.018106099999999997	0.703386	-0.7105779999999999	0.0	0.295138	0.6827850000000001	0.668355	0.0	0.955283	-0.19761700000000001	-0.219958	0.0	-1.90933	-0.00478362	-1.89238	0.349056	-0.22555100000000003	0.565936	-0.792996	0.0	0.38314499999999996	-0.696852	-0.606298	0.0	-0.895727	-0.440583	-0.0596601	0.0	1.83601	0.407428	-1.7640200000000001	0.294756	
0	0.00510392	0.704526	-0.7096600000000001	0.0	0.310165	0.673554	0.670912	0.0	0.9506690000000001	-0.223536	-0.215081	0.0	-1.90672	-0.0790797	-1.91475	0.348702	-0.22221300000000002	0.565814	-0.794025	0.0	0.389942	-0.6948439999999999	-0.604266	0.0	-0.893626	-0.443899	-0.066231	0.0	1.8501400000000001	0.354527	-1.8707799999999999	0.295659	
0	0.0323773	0.721701	-0.691447	0.0	0.33965100000000004	0.6426930000000001	0.686719	0.0	0.939994	-0.257085	-0.224318	0.0	-1.9514	-0.22433899999999998	-2.01793	0.348348	-0.221879	0.559549	-0.798545	0.0	0.39816999999999997	-0.695574	-0.598028	0.0	-0.890073	-0.450647	-0.0684629	0.0	1.8689799999999999	0.247034	-2.03322	0.298663	
0	0.0318025	0.7427050000000001	-0.668864	0.0	0.34666399999999997	0.6194649999999999	0.704335	0.0	0.93745	-0.254271	-0.237769	0.0	-1.9893299999999998	-0.247387	-2.14998	0.347482	-0.217606	0.5580510000000001	-0.800766	0.0	0.404926	-0.694874	-0.5942930000000001	0.0	-0.888078	-0.45357299999999995	-0.07476089999999999	0.0	1.8876700000000002	0.187723	-2.16036	0.299319	
0	0.0219744	0.754558	-0.6558649999999999	0.0	0.351387	0.6083390000000001	0.711654	0.0	0.9359719999999999	-0.2461	-0.251774	0.0	-2.00657	-0.24119000000000002	-2.2281400000000002	0.34625	-0.20916300000000002	0.556074	-0.804383	0.0	0.40137399999999995	-0.701275	-0.589163	0.0	-0.8917120000000001	-0.446089	-0.0765133	0.0	1.89543	0.165653	-2.21335	0.3034	
0	-0.00145107	0.770731	-0.637159	0.0	0.371881	0.591879	0.7151109999999999	0.0	0.9282790000000001	-0.23590999999999998	-0.287479	0.0	-2.0534	-0.218596	-2.48022	0.345856	-0.192712	0.5725819999999999	-0.7968770000000001	0.0	0.397859	-0.696756	-0.596858	0.0	-0.8969790000000001	-0.432066	-0.0935332	0.0	1.8964299999999998	0.145715	-2.41751	0.329778	
0	-0.013967600000000002	0.773772	-0.63331	0.0	0.37656300000000004	0.590811	0.713542	0.0	0.926286	-0.228515	-0.299626	0.0	-2.07419	-0.214308	-2.58029	0.345432	-0.19067	0.572362	-0.797525	0.0	0.39767600000000003	-0.697743	-0.595826	0.0	-0.897496	-0.430763	-0.0945758	0.0	1.89773	0.145656	-2.48802	0.339346	
0	-0.0184452	0.772131	-0.635196	0.0	0.382843	0.59234	0.708918	0.0	0.923629	-0.230104	-0.30653	0.0	-2.0958	-0.21375500000000003	-2.73527	0.345342	-0.193211	0.568945	-0.799357	0.0	0.408062	-0.694308	-0.592808	0.0	-0.892275	-0.440724	-0.0980174	0.0	1.9352	0.157003	-2.61291	0.340644	
0	-0.021896400000000003	0.776265	-0.630027	0.0	0.394442	0.585765	0.708021	0.0	0.91866	-0.233006	-0.31901799999999997	0.0	-2.14649	-0.215288	-2.73189	0.344974	-0.191572	0.571183	-0.798154	0.0	0.41114300000000004	-0.691724	-0.5937	0.0	-0.891214	-0.441892	-0.102323	0.0	1.99888	0.14489100000000002	-2.64831	0.340409	
0	-0.027901	0.774131	-0.63241	0.0	0.40121999999999997	0.5881310000000001	0.702228	0.0	0.915557	-0.234143	-0.327006	0.0	-2.2214400000000003	-0.20158099999999998	-2.77431	0.345571	-0.188129	0.567074	-0.801895	0.0	0.406673	-0.6982149999999999	-0.589163	0.0	-0.893993	-0.43694799999999995	-0.09925930000000001	0.0	2.0238400000000003	0.12803399999999998	-2.63269	0.340767	
0	-0.0271517	0.769568	-0.637988	0.0	0.402145	0.592709	0.697836	0.0	0.9151729999999999	-0.237616	-0.325571	0.0	-2.24785	-0.19458399999999998	-2.80147	0.346285	-0.18711	0.565353	-0.803347	0.0	0.403473	-0.701398	-0.58758	0.0	-0.8956559999999999	-0.434071	-0.0968665	0.0	2.03171	0.118227	-2.60775	0.340837	
0	-0.0237297	0.7660140000000001	-0.642386	0.0	0.403416	0.5952649999999999	0.694921	0.0	0.914709	-0.242659	-0.323148	0.0	-2.2500400000000003	-0.198326	-2.79034	0.346412	-0.19237	0.5581	-0.807167	0.0	0.398463	-0.7072470000000001	-0.5839770000000001	0.0	-0.896784	-0.43396599999999996	-0.0863289	0.0	2.03516	0.0959752	-2.53923	0.34164	
0	-0.023688099999999997	0.768042	-0.639961	0.0	0.405436	0.5925159999999999	0.696094	0.0	0.913816	-0.242975	-0.325428	0.0	-2.24788	-0.201907	-2.77483	0.345923	-0.191304	0.558125	-0.807403	0.0	0.39470500000000003	-0.70941	-0.583906	0.0	-0.8986719999999999	-0.430389	-0.0845818	0.0	2.0510099999999998	0.0772528	-2.5596799999999997	0.341525	
0	-0.0242418	0.768721	-0.639125	0.0	0.406075	0.591767	0.696358	0.0	0.913518	-0.24265100000000003	-0.326504	0.0	-2.24817	-0.20381400000000002	-2.7681	0.34586100000000003	-0.190052	0.5574680000000001	-0.8081520000000001	0.0	0.392409	-0.711411	-0.583018	0.0	-0.899942	-0.42793000000000003	-0.08355089999999998	0.0	2.0615799999999997	0.0661029	-2.57578	0.34175900000000003	
0	-0.0240127	0.768962	-0.638843	0.0	0.405823	0.5915050000000001	0.696728	0.0	0.913636	-0.242527	-0.326266	0.0	-2.2578	-0.21106	-2.7489999999999997	0.345588	-0.189807	0.552671	-0.8114979999999999	0.0	0.38810700000000004	-0.716973	-0.579071	0.0	-0.901857	-0.42486	-0.0784097	0.0	2.08091	0.0465586	-2.57692	0.341488	
0	-0.0232734	0.768401	-0.639545	0.0	0.406853	0.591627	0.696023	0.0	0.9131969999999999	-0.244002	-0.326396	0.0	-2.25162	-0.215756	-2.73235	0.345754	-0.189352	0.55197	-0.812081	0.0	0.386653	-0.718308	-0.578388	0.0	-0.9025770000000001	-0.423512	-0.07740810000000001	0.0	2.07502	0.0396454	-2.5591	0.341333	
0	-0.0225138	0.766602	-0.641729	0.0	0.407999	0.593051	0.694138	0.0	0.9127049999999999	-0.24619699999999997	-0.326125	0.0	-2.2575	-0.21656799999999998	-2.72955	0.345679	-0.18934600000000001	0.5496409999999999	-0.813661	0.0	0.38554099999999997	-0.720486	-0.576418	0.0	-0.9030540000000001	-0.422842	-0.07548839999999998	0.0	2.06195	0.0389469	-2.55487	0.341396	
0	-0.0223698	0.7676189999999999	-0.640516	0.0	0.408491	0.591774	0.6949380000000001	0.0	0.912488	-0.24609899999999998	-0.326803	0.0	-2.26286	-0.217781	-2.72427	0.345828	-0.190176	0.548557	-0.814198	0.0	0.385317	-0.721083	-0.575821	0.0	-0.902975	-0.423232	-0.0742358	0.0	2.04738	0.038011300000000005	-2.5468900000000003	0.34144800000000003	
0	-0.022849500000000002	0.7679779999999999	-0.6400680000000001	0.0	0.408927	0.591407	0.694994	0.0	0.9122809999999999	-0.24586100000000002	-0.32756	0.0	-2.27181	-0.21805100000000002	-2.72265	0.345854	-0.189894	0.54713	-0.815224	0.0	0.384685	-0.72248	-0.574492	0.0	-0.9033040000000001	-0.422696	-0.07327869999999999	0.0	2.0463299999999998	0.036335400000000004	-2.53954	0.34142100000000003	
0	-0.022487200000000002	0.7666890000000001	-0.641624	0.0	0.407607	0.593054	0.694366	0.0	0.9128809999999999	-0.245916	-0.325844	0.0	-2.27256	-0.21750799999999998	-2.7271900000000002	0.346065	-0.190005	0.542389	-0.8183600000000001	0.0	0.381805	-0.727111	-0.570557	0.0	-0.904502	-0.420862	-0.0689328	0.0	2.0476400000000003	0.0327323	-2.53565	0.34143	
0	-0.0205416	0.762274	-0.646929	0.0	0.408932	0.59687	0.6903050000000001	0.0	0.912333	-0.25037	-0.323979	0.0	-2.2749900000000003	-0.218784	-2.7233400000000003	0.346223	-0.18980999999999998	0.534193	-0.823778	0.0	0.371521	-0.737564	-0.56389	0.0	-0.9088149999999999	-0.413083	-0.0584675	0.0	2.0408	0.0106991	-2.45392	0.342031	
0	-0.0210107	0.760145	-0.649413	0.0	0.408773	0.599314	0.688279	0.0	0.912394	-0.25100100000000003	-0.323319	0.0	-2.27861	-0.219282	-2.72166	0.34608	-0.190615	0.533451	-0.8240729999999999	0.0	0.370852	-0.7381260000000001	-0.563595	0.0	-0.9089200000000001	-0.413038	-0.0571332	0.0	2.03228	0.0050571	-2.42135	0.341975	
0	-0.0209919	0.760119	-0.6494449999999999	0.0	0.408769	0.599338	0.68826	0.0	0.9123959999999999	-0.251025	-0.323294	0.0	-2.27869	-0.219349	-2.72165	0.346094	-0.190606	0.5334439999999999	-0.8240790000000001	0.0	0.37088899999999997	-0.738116	-0.563583	0.0	-0.908906	-0.41306499999999996	-0.0571595	0.0	2.03249	0.00523889	-2.4226	0.341975	
0	-0.0209917	0.760116	-0.6494489999999999	0.0	0.40876799999999996	0.599341	0.688258	0.0	0.9123969999999999	-0.251026	-0.323292	0.0	-2.27871	-0.21935500000000002	-2.7216299999999998	0.346093	-0.190608	0.5334439999999999	-0.8240790000000001	0.0	0.370888	-0.738116	-0.563584	0.0	-0.908906	-0.41306499999999996	-0.057157799999999995	0.0	2.03251	0.00525509	-2.4227	0.341975	
0	-0.0209917	0.760116	-0.6494489999999999	0.0	0.40876799999999996	0.599341	0.688258	0.0	0.9123969999999999	-0.251026	-0.323292	0.0	-2.27871	-0.21935500000000002	-2.7216299999999998	0.346094	-0.190608	0.5334439999999999	-0.8240790000000001	0.0	0.370888	-0.738116	-0.563584	0.0	-0.908906	-0.41306499999999996	-0.057157799999999995	0.0	2.03251	0.00525491	-2.4227	0.341975	
0	-0.0209917	0.760116	-0.6494489999999999	0.0	0.40876799999999996	0.599341	0.688258	0.0	0.9123969999999999	-0.251026	-0.323292	0.0	-2.27871	-0.21935500000000002	-2.7216299999999998	0.346094	-0.190608	0.5334439999999999	-0.8240790000000001	0.0	0.370888	-0.738116	-0.563584	0.0	-0.908906	-0.41306499999999996	-0.057157799999999995	0.0	2.03251	0.0052548000000000004	-2.4227	0.341975	
0	-0.0209915	0.760116	-0.6494489999999999	0.0	0.40876799999999996	0.599341	0.688258	0.0	0.9123969999999999	-0.251026	-0.323292	0.0	-2.27871	-0.21935500000000002	-2.7216299999999998	0.346094	-0.190608	0.5334439999999999	-0.8240790000000001	0.0	0.370888	-0.738116	-0.563584	0.0	-0.908906	-0.41306499999999996	-0.0571577	0.0	2.03251	0.00525505	-2.4227	0.341975	
0	-0.0209915	0.760116	-0.6494489999999999	0.0	0.40876799999999996	0.599341	0.688258	0.0	0.9123969999999999	-0.251026	-0.323292	0.0	-2.27871	-0.21935500000000002	-2.7216299999999998	0.346094	-0.190608	0.5334439999999999	-0.8240790000000001	0.0	0.370888	-0.738116	-0.563584	0.0	-0.908906	-0.41306499999999996	-0.0571577	0.0	2.03251	0.00525485	-2.4227	0.341975	
0	-0.0209915	0.760116	-0.6494489999999999	0.0	0.40876799999999996	0.599342	0.688258	0.0	0.9123969999999999	-0.251026	-0.323292	0.0	-2.27871	-0.21935500000000002	-2.7216299999999998	0.346094	-0.190608	0.5334439999999999	-0.8240790000000001	0.0	0.370888	-0.738116	-0.563584	0.0	-0.908906	-0.41306499999999996	-0.0571577	0.0	2.03251	0.00525478	-2.4227	0.341975	
0	-0.0209915	0.760116	-0.6494489999999999	0.0	0.40876799999999996	0.599341	0.688258	0.0	0.9123969999999999	-0.251026	-0.323292	0.0	-2.27871	-0.21935500000000002	-2.7216299999999998	0.346094	-0.190608	0.5334439999999999	-0.8240790000000001	0.0	0.370888	-0.738116	-0.563584	0.0	-0.908906	-0.41306499999999996	-0.0571577	0.0	2.03251	0.00525508	-2.4227	0.341975	
0	-0.0209918	0.760116	-0.6494489999999999	0.0	0.40876799999999996	0.599342	0.688258	0.0	0.9123969999999999	-0.251026	-0.323292	0.0	-2.27871	-0.21935500000000002	-2.7216299999999998	0.346094	-0.190608	0.5334439999999999	-0.8240790000000001	0.0	0.370888	-0.738116	-0.563584	0.0	-0.908906	-0.41306499999999996	-0.0571577	0.0	2.03251	0.00525465	-2.4227	0.341975	
0	-0.0209915	0.760116	-0.6494489999999999	0.0	0.40876799999999996	0.599342	0.688258	0.0	0.9123969999999999	-0.251026	-0.323292	0.0	-2.27871	-0.21935500000000002	-2.7216299999999998	0.346094	-0.190608	0.5334439999999999	-0.8240790000000001	0.0	0.370888	-0.738116	-0.563584	0.0	-0.908906	-0.41306499999999996	-0.0571577	0.0	2.03251	0.00525494	-2.4227	0.341975	
0	-0.0209914	0.760116	-0.6494489999999999	0.0	0.40876799999999996	0.599342	0.688258	0.0	0.9123969999999999	-0.251026	-0.323292	0.0	-2.27871	-0.21935500000000002	-2.7216299999999998	0.346094	-0.190608	0.5334439999999999	-0.8240790000000001	0.0	0.370888	-0.738116	-0.563584	0.0	-0.908906	-0.41306499999999996	-0.0571576	0.0	2.03251	0.00525482	-2.4227	0.341975	
0	-0.0209916	0.760116	-0.6494489999999999	0.0	0.40876799999999996	0.599341	0.688258	0.0	0.9123969999999999	-0.251026	-0.323292	0.0	-2.27871	-0.21935500000000002	-2.7216299999999998	0.346094	-0.190608	0.5334439999999999	-0.8240790000000001	0.0	0.370888	-0.738116	-0.563584	0.0	-0.908906	-0.41306499999999996	-0.057157799999999995	0.0	2.03251	0.00525499	-2.4227	0.341975	
0	-0.0209916	0.760116	-0.6494489999999999	0.0	0.40876799999999996	0.599342	0.688258	0.0	0.9123969999999999	-0.251026	-0.323292	0.0	-2.27871	-0.21935500000000002	-2.7216299999999998	0.346094	-0.190608	0.5334439999999999	-0.8240790000000001	0.0	0.370888	-0.738116	-0.563584	0.0	-0.908906	-0.41306499999999996	-0.0571577	0.0	2.03251	0.00525485	-2.4227	0.341975	
0	-0.0209915	0.760116	-0.6494489999999999	0.0	0.40876799999999996	0.599341	0.688258	0.0	0.9123969999999999	-0.251026	-0.323292	0.0	-2.27871	-0.21935500000000002	-2.7216299999999998	0.346094	-0.190608	0.5334439999999999	-0.8240790000000001	0.0	0.370888	-0.738116	-0.563584	0.0	-0.908906	-0.41306499999999996	-0.0571576	0.0	2.03251	0.0052549	-2.4227	0.341975	
0	-0.0209918	0.760116	-0.6494489999999999	0.0	0.40876799999999996	0.599341	0.688258	0.0	0.9123969999999999	-0.251026	-0.323292	0.0	-2.27871	-0.21935500000000002	-2.7216299999999998	0.346094	-0.190608	0.5334439999999999	-0.8240790000000001	0.0	0.370888	-0.738116	-0.563584	0.0	-0.908906	-0.41306499999999996	-0.0571577	0.0	2.03251	0.00525467	-2.4227	0.341975	
0	-0.0209914	0.760116	-0.6494489999999999	0.0	0.40876799999999996	0.599342	0.688258	0.0	0.9123969999999999	-0.251026	-0.323292	0.0	-2.27871	-0.21935500000000002	-2.7216299999999998	0.346094	-0.190608	0.5334439999999999	-0.8240790000000001	0.0	0.370888	-0.738116	-0.563584	0.0	-0.908906	-0.41306499999999996	-0.057157799999999995	0.0	2.03251	0.00525478	-2.4227	0.341975	
0	-0.0209915	0.760116	-0.6494489999999999	0.0	0.40876799999999996	0.599341	0.688258	0.0	0.9123969999999999	-0.251026	-0.323292	0.0	-2.27871	-0.21935500000000002	-2.7216299999999998	0.346094	-0.190608	0.5334439999999999	-0.8240790000000001	0.0	0.370888	-0.738116	-0.563584	0.0	-0.908906	-0.41306499999999996	-0.057157799999999995	0.0	2.03251	0.00525473	-2.4227	0.341975	
0	-0.0209915	0.760116	-0.6494489999999999	0.0	0.40876799999999996	0.599341	0.688258	0.0	0.9123969999999999	-0.251026	-0.323292	0.0	-2.27871	-0.21935500000000002	-2.7216299999999998	0.346094	-0.190608	0.5334439999999999	-0.8240790000000001	0.0	0.370888	-0.738116	-0.563584	0.0	-0.908906	-0.41306499999999996	-0.057157799999999995	0.0	2.03251	0.00525515	-2.4227	0.341975	
0	-0.0209915	0.760116	-0.6494489999999999	0.0	0.40876799999999996	0.599341	0.688258	0.0	0.9123969999999999	-0.251026	-0.323292	0.0	-2.27871	-0.21935500000000002	-2.7216299999999998	0.346094	-0.190608	0.5334439999999999	-0.8240790000000001	0.0	0.370888	-0.738116	-0.563584	0.0	-0.908906	-0.41306499999999996	-0.057157799999999995	0.0	2.03251	0.00525487	-2.4227	0.341975	
0	-0.0209916	0.760116	-0.6494489999999999	0.0	0.40876799999999996	0.599342	0.688258	0.0	0.9123969999999999	-0.251026	-0.323292	0.0	-2.27871	-0.21935500000000002	-2.7216299999999998	0.346093	-0.190608	0.5334439999999999	-0.8240790000000001	0.0	0.370888	-0.738116	-0.563584	0.0	-0.908906	-0.41306499999999996	-0.057157799999999995	0.0	2.03251	0.00525495	-2.4227	0.341975	
0	-0.0209916	0.760116	-0.6494489999999999	0.0	0.40876799999999996	0.599342	0.688258	0.0	0.9123969999999999	-0.251026	-0.323292	0.0	-2.27871	-0.21935500000000002	-2.7216299999999998	0.346094	-0.190608	0.5334439999999999	-0.8240790000000001	0.0	0.370888	-0.738116	-0.563584	0.0	-0.908906	-0.41306499999999996	-0.057157799999999995	0.0	2.03251	0.00525502	-2.4227	0.341975	
0	-0.0209915	0.760116	-0.6494489999999999	0.0	0.40876799999999996	0.599341	0.688258	0.0	0.9123969999999999	-0.251026	-0.323292	0.0	-2.27871	-0.21935500000000002	-2.7216299999999998	0.346094	-0.190608	0.5334439999999999	-0.8240790000000001	0.0	0.370888	-0.738116	-0.563584	0.0	-0.908906	-0.41306499999999996	-0.0571577	0.0	2.03251	0.00525511	-2.4227	0.341975	
0	-0.0209915	0.760116	-0.6494489999999999	0.0	0.40876799999999996	0.599342	0.688258	0.0	0.9123969999999999	-0.251026	-0.323292	0.0	-2.27871	-0.21935500000000002	-2.7216299999999998	0.346094	-0.190608	0.5334439999999999	-0.8240790000000001	0.0	0.370888	-0.738116	-0.563584	0.0	-0.908906	-0.41306499999999996	-0.0571577	0.0	2.03251	0.00525492	-2.4227	0.341975	
0	-0.0209916	0.760116	-0.6494489999999999	0.0	0.40876799999999996	0.599342	0.688258	0.0	0.9123969999999999	-0.251026	-0.323292	0.0	-2.27871	-0.21935500000000002	-2.7216299999999998	0.346094	-0.190608	0.5334439999999999	-0.8240790000000001	0.0	0.370888	-0.738116	-0.563584	0.0	-0.908906	-0.41306499999999996	-0.0571577	0.0	2.03251	0.00525479	-2.4227	0.341975	
0	-0.0209916	0.760116	-0.6494489999999999	0.0	0.40876799999999996	0.599342	0.688258	0.0	0.9123969999999999	-0.251026	-0.323292	0.0	-2.27871	-0.21935500000000002	-2.7216299999999998	0.346094	-0.190608	0.5334439999999999	-0.8240790000000001	0.0	0.370888	-0.738116	-0.563584	0.0	-0.908906	-0.41306499999999996	-0.0571577	0.0	2.03251	0.00525475	-2.4227	0.341975	
0	-0.0209914	0.760116	-0.6494489999999999	0.0	0.40876799999999996	0.599342	0.688258	0.0	0.9123969999999999	-0.251026	-0.323292	0.0	-2.27871	-0.21935500000000002	-2.7216299999999998	0.346094	-0.190608	0.5334439999999999	-0.8240790000000001	0.0	0.370888	-0.738116	-0.563584	0.0	-0.908906	-0.41306499999999996	-0.0571577	0.0	2.03251	0.00525498	-2.4227	0.341975	
0	-0.0209916	0.760116	-0.6494489999999999	0.0	0.40876799999999996	0.599342	0.688258	0.0	0.9123969999999999	-0.251026	-0.323292	0.0	-2.27871	-0.21935500000000002	-2.7216299999999998	0.346094	-0.190608	0.5334439999999999	-0.8240790000000001	0.0	0.370888	-0.738116	-0.563584	0.0	-0.908906	-0.41306499999999996	-0.057157799999999995	0.0	2.03251	0.00525503	-2.4227	0.341975	
0	-0.298607	0.700993	-0.647644	0.0	-0.0173915	0.674495	0.738075	0.0	0.954218	0.231658	-0.189218	0.0	-2.25083	-0.30199899999999996	-2.76099	0.306039	0.0432914	0.523644	-0.8508370000000001	0.0	-0.06539919999999999	-0.8483229999999999	-0.525425	0.0	-0.99692	0.0783906	-0.00247955	0.0	2.00212	-0.00219325	-2.4268400000000003	0.306748	
0	-0.278009	0.727831	-0.626876	0.0	0.0185862	0.656556	0.7540479999999999	0.0	0.960399	0.197981	-0.196056	0.0	-2.25034	-0.344752	-2.76737	0.301767	0.0424476	0.5308039999999999	-0.8464309999999999	0.0	-0.059816999999999995	-0.844325	-0.532482	0.0	-0.9973069999999999	0.0732336	-0.0040887	0.0	1.98932	-0.0356796	-2.44506	0.307784	
0	-0.20588800000000002	0.8029270000000001	-0.559392	0.0	0.0866148	0.584348	0.806868	0.0	0.974735	0.117672	-0.189855	0.0	-2.22974	-0.5134029999999999	-2.78448	0.297173	0.0195288	0.537136	-0.8432700000000001	0.0	-0.0217958	-0.843001	-0.53747	0.0	-0.9995719999999999	0.028875900000000003	-0.00475547	0.0	1.93095	-0.19706700000000002	-2.49856	0.30837	
0	-0.15998199999999999	0.843627	-0.512542	0.0	0.12495999999999999	0.532361	0.8372440000000001	0.0	0.9791790000000001	0.069897	-0.190588	0.0	-2.19469	-0.659468	-2.79937	0.298928	-0.00666332	0.5311060000000001	-0.8472790000000001	0.0	0.014709799999999999	-0.8471549999999999	-0.531143	0.0	-0.99987	-0.0160024	-0.00216761	0.0	1.8846599999999998	-0.35541	-2.5167	0.305586	
0	-0.11511099999999999	0.86779	-0.483416	0.0	0.158707	0.49646599999999996	0.853425	0.0	0.980593	0.0215171	-0.194873	0.0	-2.18914	-0.754905	-2.81387	0.297427	-0.029954900000000003	0.519458	-0.8539709999999999	0.0	0.0376779	-0.8531610000000001	-0.5202859999999999	0.0	-0.998841	-0.0477609	0.00598403	0.0	1.84745	-0.491174	-2.53124	0.297331	
0	0.026687400000000003	0.8978	-0.439594	0.0	0.245891	0.42034399999999994	0.8734120000000001	0.0	0.96893	-0.131402	-0.20954299999999998	0.0	-2.2168099999999997	-1.09897	-2.81981	0.298813	-0.0856352	0.505892	-0.8583360000000001	0.0	0.090964	-0.8539329999999999	-0.512372	0.0	-0.992165	-0.121955	0.0271086	0.0	1.74482	-0.79567	-2.53887	0.291281	
0	0.07619580000000001	0.903106	-0.422604	0.0	0.276356	0.388104	0.8792059999999999	0.0	0.9580299999999999	-0.183781	-0.220007	0.0	-2.2275099999999997	-1.22805	-2.8092799999999998	0.298689	-0.10938699999999998	0.49866499999999997	-0.859865	0.0	0.114945	-0.852907	-0.509252	0.0	-0.987331	-0.154542	0.035977499999999996	0.0	1.7080000000000002	-0.922117	-2.53022	0.285842	
0	0.20923200000000003	0.9046700000000001	-0.371205	0.0	0.353528	0.28395	0.891286	0.0	0.911724	-0.317717	-0.260415	0.0	-2.33581	-1.55322	-2.9274299999999998	0.302257	-0.16054200000000002	0.48966000000000004	-0.8570059999999999	0.0	0.160045	-0.843864	-0.5121319999999999	0.0	-0.973967	-0.21937800000000002	0.0571082	0.0	1.62048	-1.25023	-2.4979400000000003	0.28444400000000003	
0	0.32319200000000003	0.8918709999999999	-0.316406	0.0	0.41653	0.166154	0.893809	0.0	0.849735	-0.42066499999999996	-0.317792	0.0	-2.51206	-1.75908	-3.0529	0.307782	-0.18764	0.48471800000000004	-0.8543059999999999	0.0	0.179083	-0.8382950000000001	-0.514967	0.0	-0.965775	-0.24961999999999998	0.0704931	0.0	1.56523	-1.43692	-2.50904	0.28455199999999997	
0	0.392361	0.8692559999999999	-0.300744	0.0	0.436179	0.11202899999999999	0.8928590000000001	0.0	0.809815	-0.48150200000000004	-0.33519499999999997	0.0	-2.63652	-1.8898099999999998	-3.13963	0.31547600000000003	-0.199209	0.481333	-0.853601	0.0	0.18573399999999998	-0.836726	-0.515163	0.0	-0.962195	-0.261168	0.077283	0.0	1.54681	-1.5287600000000001	-2.50502	0.285109	
0	0.43576499999999996	0.8552569999999999	-0.280435	0.0	0.45343	0.06054690000000001	0.8892329999999999	0.0	0.777502	-0.514654	-0.36141599999999996	0.0	-2.89874	-2.01963	-3.29921	0.318916	-0.21232399999999998	0.47261000000000003	-0.8553120000000001	0.0	0.195051	-0.837159	-0.510999	0.0	-0.957535	-0.275327	0.0855662	0.0	1.53199	-1.6397	-2.50345	0.284962	
0	0.454409	0.857175	-0.24241	0.0	0.471475	-0.000544667	0.8818790000000001	0.0	0.755793	-0.5150239999999999	-0.404385	0.0	-3.01837	-1.92639	-3.3477699999999997	0.319119	-0.21253200000000003	0.47166199999999997	-0.855783	0.0	0.197506	-0.83698	-0.5103489999999999	0.0	-0.956986	-0.277488	0.0847294	0.0	1.53235	-1.6473099999999998	-2.4769099999999997	0.284521	
0	0.46938199999999997	0.8521190000000001	-0.231461	0.0	0.48703900000000006	-0.0311962	0.8728229999999999	0.0	0.736528	-0.522418	-0.429658	0.0	-3.15899	-1.8366900000000002	-3.3312	0.320284	-0.212205	0.471081	-0.8561840000000001	0.0	0.200229	-0.83659	-0.509927	0.0	-0.956492	-0.279642	0.0832047	0.0	1.53156	-1.64367	-2.4955700000000003	0.284593	
0	0.5001399999999999	0.8375940000000001	-0.21976300000000001	0.0	0.48445200000000005	-0.0602889	0.8727379999999999	0.0	0.717751	-0.542956	-0.43592700000000006	0.0	-3.2513900000000002	-1.79928	-3.30871	0.31966300000000003	-0.212463	0.47148599999999996	-0.8558979999999999	0.0	0.20156300000000002	-0.8359129999999999	-0.510512	0.0	-0.956155	-0.280982	0.08256619999999999	0.0	1.53054	-1.64782	-2.50228	0.284808	
0	0.542423	0.8033020000000001	-0.24593099999999998	0.0	0.476133	-0.05277040000000001	0.8777889999999999	0.0	0.692152	-0.593229	-0.411103	0.0	-3.43285	-1.76952	-3.16919	0.318585	-0.213544	0.471099	-0.855842	0.0	0.20424	-0.8351620000000001	-0.510676	0.0	-0.9553459999999999	-0.28384899999999996	0.0821263	0.0	1.53393	-1.6597099999999998	-2.48244	0.285181	
0	0.61656	0.726884	-0.302479	0.0	0.450665	-0.0108147	0.8926270000000001	0.0	0.645566	-0.686675	-0.33424899999999996	0.0	-3.4626	-1.91271	-2.8409400000000002	0.317546	-0.213812	0.471016	-0.85582	0.0	0.20509299999999997	-0.83491	-0.5107470000000001	0.0	-0.955103	-0.284727	0.0819114	0.0	1.54342	-1.6634799999999998	-2.4800299999999997	0.285262	
0	0.646945	0.685477	-0.334041	0.0	0.45159499999999997	0.00856043	0.8921819999999999	0.0	0.61443	-0.7280439999999999	-0.30401999999999996	0.0	-3.5337099999999997	-1.9988400000000002	-2.5655200000000002	0.313288	-0.214387	0.471393	-0.855469	0.0	0.207261	-0.833933	-0.511468	0.0	-0.954506	-0.286958	0.0810828	0.0	1.54989	-1.6711799999999999	-2.48086	0.28536	
0	0.65049	0.674719	-0.34873699999999996	0.0	0.460013	0.0153654	0.8877790000000001	0.0	0.60436	-0.737915	-0.30038400000000004	0.0	-3.54609	-2.00081	-2.49347	0.304176	-0.214943	0.47061400000000003	-0.855758	0.0	0.20720300000000003	-0.834316	-0.5108659999999999	0.0	-0.9543940000000001	-0.287122	0.08181770000000001	0.0	1.5542	-1.67589	-2.48283	0.285727	
0	0.6611859999999999	0.656043	-0.36392399999999997	0.0	0.470901	0.0147108	0.8820629999999999	0.0	0.584025	-0.75458	-0.299205	0.0	-3.5198099999999997	-1.8625599999999998	-2.26074	0.302361	-0.215202	0.46903500000000004	-0.85656	0.0	0.2069	-0.835302	-0.509376	0.0	-0.954401	-0.286841	0.0827154	0.0	1.561	-1.6743400000000002	-2.48488	0.28631599999999996	
0	0.6888770000000001	0.627692	-0.362563	0.0	0.47243100000000005	-0.00942199	0.881317	0.0	0.549779	-0.778405	-0.303032	0.0	-3.51165	-1.78625	-2.16155	0.30151700000000003	-0.215128	0.467704	-0.8573059999999999	0.0	0.20691500000000002	-0.8361	-0.508058	0.0	-0.954414	-0.28668699999999997	0.0830934	0.0	1.56188	-1.66667	-2.4744599999999997	0.286781	
0	0.687433	0.6280140000000001	-0.364738	0.0	0.47726999999999997	-0.012109700000000001	0.8786729999999999	0.0	0.547403	-0.778108	-0.308057	0.0	-3.5405599999999997	-1.75387	-2.13432	0.300782	-0.214833	0.46694300000000005	-0.8577950000000001	0.0	0.20681	-0.836635	-0.507219	0.0	-0.9545040000000001	-0.286367	0.08316810000000001	0.0	1.56418	-1.66025	-2.46847	0.286769	
0	0.692887	0.624782	-0.359939	0.0	0.47130600000000006	-0.014644999999999998	0.881848	0.0	0.545691	-0.780662	-0.304611	0.0	-3.5161	-1.7567400000000002	-2.11787	0.296638	-0.214821	0.46770600000000007	-0.857382	0.0	0.20710100000000004	-0.836098	-0.5079859999999999	0.0	-0.954443	-0.28669	0.08274880000000001	0.0	1.5646799999999998	-1.6661400000000002	-2.47942	0.286919	
0	0.717383	0.583321	-0.380918	0.0	0.47105	-0.00328409	0.8821	0.0	0.513297	-0.812235	-0.27713000000000004	0.0	-3.44668	-1.9070200000000002	-2.10473	0.289037	-0.21568	0.466447	-0.8578520000000001	0.0	0.207431	-0.836591	-0.507039	0.0	-0.954177	-0.28730300000000003	0.0836804	0.0	1.56419	-1.6654	-2.4769099999999997	0.28730700000000003	
0	0.729147	0.561297	-0.391522	0.0	0.47460399999999997	-0.00256453	0.8801959999999999	0.0	0.49304799999999993	-0.8276100000000001	-0.268264	0.0	-3.43362	-1.9820799999999998	-2.0952	0.288584	-0.215993	0.465214	-0.858442	0.0	0.208234	-0.8370209999999999	-0.505999	0.0	-0.953932	-0.288049	0.0839178	0.0	1.56364	-1.66695	-2.4787	0.287769	
0	0.748209	0.518845	-0.41350200000000004	0.0	0.479609	0.00766963	0.8774489999999999	0.0	0.45843199999999995	-0.854834	-0.243104	0.0	-3.39143	-2.14111	-2.0547299999999997	0.28720300000000004	-0.215427	0.46537799999999996	-0.8584959999999999	0.0	0.21029499999999998	-0.8364010000000001	-0.506171	0.0	-0.953607	-0.289581	0.08231619999999999	0.0	1.5779299999999998	-1.6642400000000002	-2.47381	0.28800000000000003	
0	0.770671	0.47366400000000003	-0.42627200000000004	0.0	0.480022	0.00842925	0.877216	0.0	0.419099	-0.8806649999999999	-0.220873	0.0	-3.33572	-2.26084	-1.98626	0.28720100000000004	-0.21500999999999998	0.465236	-0.858677	0.0	0.210259	-0.83657	-0.505907	0.0	-0.9537100000000001	-0.289319	0.08205060000000002	0.0	1.58251	-1.67055	-2.48205	0.288094	
0	0.783288	0.44765	-0.431358	0.0	0.48113100000000003	0.00286704	0.8766440000000001	0.0	0.39366599999999996	-0.8942049999999999	-0.21313200000000002	0.0	-3.32844	-2.315	-1.96058	0.286767	-0.215283	0.465458	-0.8584879999999999	0.0	0.21031999999999998	-0.8363719999999999	-0.506209	0.0	-0.953635	-0.289535	0.08216119999999999	0.0	1.58541	-1.67344	-2.48219	0.288118	
