0	0.317888	0.726757	-0.6089100000000001	0.0	0.553895	0.37888499999999997	0.7413810000000001	0.0	0.769511	-0.5729479999999999	-0.282105	0.0	-2.75639	1.9988700000000001	1.35012	5.7220500000000006e-06	-0.323748	0.6406189999999999	-0.696272	0.0	0.121873	-0.701539	-0.702133	0.0	-0.938261	-0.312171	0.149048	0.0	2.64775	2.0146900000000003	1.5467600000000001	4.39938e-05	
0	0.0116962	0.768834	-0.6393409999999999	0.0	0.255846	0.6158	0.745207	0.0	0.9666469999999999	-0.172289	-0.189501	0.0	-2.7452900000000002	1.9658900000000001	1.3217700000000001	1.7643e-05	-0.300462	0.631161	-0.715093	0.0	0.027711700000000002	-0.743643	-0.668003	0.0	-0.953391	-0.22052600000000003	0.205946	0.0	2.6776	2.0171200000000002	1.51916	4.2438500000000004e-05	
0	-0.0809416	0.746312	-0.6606569999999999	0.0	0.128886	0.665104	0.735544	0.0	0.988351	-0.0256134	-0.150024	0.0	-2.72424	1.9332099999999999	1.35165	0.0	-0.303392	0.628915	-0.715835	0.0	0.039260199999999995	-0.742356	-0.668855	0.0	-0.9520569999999999	-0.23102899999999998	0.200533	0.0	2.72027	1.9828299999999999	1.46234	0.0	
0	-0.149767	0.624428	-0.76659	0.0	0.0984436	0.780899	0.616851	0.0	0.983808	0.0169178	-0.178424	0.0	-2.60394	1.97754	1.26071	0.0	-0.258813	0.58827	-0.76613	0.0	0.0179694	-0.790085	-0.612734	0.0	-0.9657600000000001	-0.17235	0.193913	0.0	2.7798700000000003	1.8744	1.28871	0.0	
0	-0.171989	0.626943	-0.759844	0.0	0.130671	0.779041	0.613205	0.0	0.9763940000000001	0.00617439	-0.21591	0.0	-2.50267	1.9959	1.10391	0.0	-0.254904	0.613451	-0.747464	0.0	-0.00379819	-0.773628	-0.633629	0.0	-0.966959	-0.158676	0.199531	0.0	2.66226	1.7179	1.28804	0.0	
0	-0.22576999999999997	0.5748810000000001	-0.786473	0.0	0.049950800000000004	0.813087	0.5799949999999999	0.0	0.972899	0.0916608	-0.21228699999999998	0.0	-2.3775	2.00665	0.8241229999999999	0.0	-0.271512	0.599225	-0.7531329999999999	0.0	0.030437799999999997	-0.776792	-0.629022	0.0	-0.9619540000000001	-0.193711	0.192669	0.0	2.5634900000000003	1.57764	1.29469	0.0	
0	-0.23733	0.527384	-0.815807	0.0	-0.0415696	0.833518	0.5509270000000001	0.0	0.9705389999999999	0.164664	-0.175895	0.0	-2.2042900000000003	2.02674	0.72604	0.0	-0.254664	0.577555	-0.775614	0.0	0.0611747	-0.79083	-0.608971	0.0	-0.965093	-0.202531	0.16606400000000002	0.0	2.53278	1.50925	1.28162	0.0	
0	-0.22344899999999998	0.514213	-0.8280430000000001	0.0	-0.0784222	0.837284	0.541115	0.0	0.971556	0.18584900000000001	-0.146765	0.0	-2.04866	2.03483	0.7356560000000001	0.0	-0.24631599999999998	0.49518999999999996	-0.8331360000000001	0.0	0.0232873	-0.856349	-0.515872	0.0	-0.96891	-0.14646900000000002	0.199401	0.0	2.51139	1.51747	1.28958	0.0	
0	-0.268341	0.47942299999999993	-0.8355520000000001	0.0	-0.10043200000000001	0.848714	0.519229	0.0	0.958075	0.223246	-0.179595	0.0	-1.97659	2.07213	0.629256	0.0	-0.244658	0.404719	-0.8811040000000001	0.0	0.0247909	-0.9058120000000001	-0.42295200000000005	0.0	-0.969292	-0.125322	0.211581	0.0	2.52037	1.51593	1.22922	0.0	
0	-0.289035	0.466262	-0.836097	0.0	-0.07886710000000001	0.858808	0.506191	0.0	0.9540649999999999	0.212247	-0.21145300000000003	0.0	-1.99973	2.08658	0.556686	0.0	-0.219139	0.501935	-0.836684	0.0	0.11442999999999999	-0.8383879999999999	-0.532928	0.0	-0.96896	-0.212527	0.12628699999999998	0.0	2.5093	1.54098	1.21052	0.0	
0	-0.289555	0.429386	-0.8554450000000001	0.0	-0.0873091	0.8781559999999999	0.470339	0.0	0.9531709999999999	0.210877	-0.21678499999999998	0.0	-2.04562	2.07113	0.48686899999999994	0.0	-0.188871	0.5774630000000001	-0.79427	0.0	0.138299	-0.7851239999999999	-0.6037	0.0	-0.9722149999999999	-0.22386799999999998	0.06842460000000002	0.0	2.55579	1.56028	1.079	0.0	
0	-0.262106	0.44548999999999994	-0.85606	0.0	-0.0301036	0.882867	0.468657	0.0	0.964569	0.148608	-0.217994	0.0	-2.0616	2.07115	0.480971	0.0	-0.16843699999999998	0.589124	-0.790292	0.0	0.178473	-0.770269	-0.612236	0.0	-0.9694209999999999	-0.244169	0.024598500000000002	0.0	2.5943099999999997	1.5568899999999999	0.947514	0.0	
0	-0.258984	0.452658	-0.853246	0.0	-0.014618899999999999	0.881447	0.47205600000000003	0.0	0.9657709999999999	0.134728	-0.221663	0.0	-2.0361	2.0899400000000004	0.487857	0.0	-0.157726	0.553188	-0.8179890000000001	0.0	0.241576	-0.781571	-0.575141	0.0	-0.957478	-0.288321	-0.0103629	0.0	2.58283	1.58612	0.831642	0.0	
0	-0.25688099999999997	0.450884	-0.854819	0.0	-0.015971	0.8823989999999999	0.47023100000000007	0.0	0.966311	0.134446	-0.21946999999999997	0.0	-2.02873	2.08423	0.496594	0.0	-0.150706	0.549338	-0.8218979999999999	0.0	0.27870300000000003	-0.7740600000000001	-0.5684680000000001	0.0	-0.9484790000000001	-0.314737	-0.0364464	0.0	2.5810299999999997	1.59764	0.784096	0.0	
0	-0.256283	0.480389	-0.8387760000000001	0.0	0.0195958	0.8701610000000001	0.49237700000000006	0.0	0.966403	0.109751	-0.23242100000000002	0.0	-2.0197700000000003	2.07288	0.533834	0.0	-0.09032710000000001	0.507003	-0.8571989999999999	0.0	0.30446599999999996	-0.80545	-0.508478	0.0	-0.9482309999999999	-0.306917	-0.0816107	0.0	2.60091	1.65629	0.649863	0.0	
0	-0.251915	0.501714	-0.8275399999999999	0.0	0.0479326	0.8605370000000001	0.507127	0.0	0.966562	0.0880868	-0.240831	0.0	-2.0082	2.02465	0.549824	0.0	0.032452800000000004	0.43031099999999994	-0.9020969999999999	0.0	0.212729	-0.8848659999999999	-0.41443900000000006	0.0	-0.9765719999999999	-0.178453	-0.12025599999999999	0.0	2.64062	1.8114400000000002	0.442758	0.0	
0	-0.264484	0.516783	-0.814239	0.0	0.0434476	0.8498319999999999	0.5252600000000001	0.0	0.963411	0.103546	-0.24722	0.0	-2.05824	1.97973	0.525083	0.0	0.07251469999999999	0.36804699999999996	-0.926975	0.0	0.0993638	-0.927464	-0.360468	0.0	-0.992405	-0.0659685	-0.103825	0.0	2.65801	1.97131	0.328703	0.0	
0	-0.293319	0.550129	-0.781871	0.0	0.024781900000000003	0.821944	0.569028	0.0	0.955693	0.147531	-0.254725	0.0	-2.1135099999999998	1.9586400000000002	0.5049779999999999	0.0	0.100715	0.37307399999999996	-0.922319	0.0	0.0159832	-0.9275200000000001	-0.373433	0.0	-0.9947870000000001	0.0228686	-0.099378	0.0	2.6438	2.0682	0.287113	0.0	
0	-0.30814899999999995	0.5658979999999999	-0.764725	0.0	0.000145614	0.803869	0.5948060000000001	0.0	0.9513379999999999	0.183177	-0.24779400000000001	0.0	-2.2236	1.91694	0.542779	0.0	0.116907	0.389835	-0.913434	0.0	-0.06099980000000001	-0.915186	-0.398389	0.0	-0.991268	0.10229400000000001	-0.0832118	0.0	2.60616	2.122	0.279099	0.0	
0	-0.326166	0.5682510000000001	-0.755452	0.0	-0.023391099999999998	0.794059	0.607391	0.0	0.945023	0.215781	-0.24570300000000003	0.0	-2.3283400000000003	1.94081	0.570348	0.0	0.136541	0.411037	-0.901335	0.0	-0.100075	-0.8994780000000001	-0.42535100000000003	0.0	-0.985567	0.148278	-0.0816808	0.0	2.59554	2.15941	0.25614899999999996	0.0	
0	-0.336275	0.565489	-0.753088	0.0	-0.052436300000000005	0.787173	0.614499	0.0	0.9403030000000001	0.24613000000000002	-0.23505399999999999	0.0	-2.4262799999999998	1.9639	0.581386	0.0	0.151774	0.42156000000000005	-0.894009	0.0	-0.10954900000000001	-0.89174	-0.43908800000000003	0.0	-0.982326	0.16458	-0.08916160000000001	0.0	2.5869299999999997	2.20243	0.248788	0.0	
0	-0.33228800000000003	0.5764729999999999	-0.746501	0.0	-0.0391524	0.782361	0.6215930000000001	0.0	0.942365	0.235776	-0.23739899999999997	0.0	-2.49594	1.98132	0.592972	0.0	0.18663	0.42887	-0.883878	0.0	-0.115191	-0.883926	-0.453217	0.0	-0.9756540000000001	0.186399	-0.11556500000000001	0.0	2.60652	2.2322599999999997	0.17953	0.0	
0	-0.328014	0.582338	-0.743834	0.0	-0.0417345	0.777697	0.627253	0.0	0.943751	0.23679099999999997	-0.230792	0.0	-2.54146	1.9684700000000002	0.5925159999999999	0.0	0.215297	0.43605900000000003	-0.873785	0.0	-0.128718	-0.87429	-0.468026	0.0	-0.9680280000000001	0.21323699999999998	-0.132104	0.0	2.6430599999999997	2.30309	0.146538	0.0	
0	-0.310808	0.6199100000000001	-0.720493	0.0	-0.0372069	0.74952	0.660936	0.0	0.949744	0.232231	-0.209892	0.0	-2.60248	1.9351599999999998	0.586875	0.0	0.245718	0.430584	-0.868458	0.0	-0.147488	-0.8688879999999999	-0.47252700000000003	0.0	-0.9580549999999999	0.244196	-0.149996	0.0	2.6925	2.39724	0.0751706	0.0	
0	-0.29032600000000003	0.6504909999999999	-0.701835	0.0	0.00565243	0.734578	0.6785	0.0	0.9569110000000001	0.193019	-0.216944	0.0	-2.71256	1.8546799999999999	0.561397	0.0	0.243205	0.433867	-0.8675309999999999	0.0	-0.15098699999999998	-0.86655	-0.475704	0.0	-0.958151	0.24668	-0.145242	0.0	2.70715	2.41415	0.030290800000000003	0.0	
0	-0.26098499999999997	0.6890350000000001	-0.6761050000000001	0.0	0.0628918	0.711026	0.700347	0.0	0.963292	0.140258	-0.228902	0.0	-2.81409	1.7525099999999998	0.517884	0.0	0.238835	0.444734	-0.863232	0.0	-0.154194	-0.860311	-0.48589	0.0	-0.9587399999999999	0.249153	-0.136897	0.0	2.68838	2.41721	-0.0156185	0.0	
0	-0.20792399999999997	0.726564	-0.654884	0.0	0.120174	0.683419	0.720067	0.0	0.970735	0.0710194	-0.229413	0.0	-2.90912	1.62742	0.510545	0.0	0.195416	0.48675	-0.851403	0.0	-0.0843086	-0.8565889999999999	-0.509065	0.0	-0.97709	0.17126	-0.126354	0.0	2.64087	2.37661	-0.0148224	0.0	
0	-0.15726099999999998	0.763363	-0.6265350000000001	0.0	0.17409000000000002	0.6459229999999999	0.7432880000000001	0.0	0.972091	0.00781634	-0.23447199999999999	0.0	-2.94374	1.47337	0.5304810000000001	0.03339280000000001	0.144049	0.524034	-0.839427	0.0	-0.0452733	-0.8438959999999999	-0.534593	0.0	-0.988535	0.11501099999999999	-0.0978375	0.0	2.52084	2.26275	-0.00817547	5.3405799999999996e-05	
0	-0.105322	0.799872	-0.590857	0.0	0.226733	0.597827	0.768892	0.0	0.9682459999999999	-0.052985500000000005	-0.244321	0.0	-2.94575	1.3783100000000001	0.5231680000000001	0.105398	0.05399690000000001	0.5961	-0.801092	0.0	0.0225568	-0.802786	-0.5958399999999999	0.0	-0.998286	0.014103399999999999	-0.056794000000000004	0.0	2.41709	2.10908	0.09166419999999999	0.0	
0	-0.0677793	0.8242459999999999	-0.56216	0.0	0.248836	0.559615	0.790513	0.0	0.9661709999999999	-0.08630510000000001	-0.24303200000000003	0.0	-2.9285400000000004	1.32445	0.529718	0.228107	0.0272397	0.618009	-0.7856989999999999	0.0	0.0606294	-0.785565	-0.6158020000000001	0.0	-0.9977889999999999	-0.030862200000000003	-0.05886810000000001	0.0	2.3269900000000003	1.96986	0.141093	0.215177	
0	-0.0402661	0.857559	-0.512807	0.0	0.286023	0.5016390000000001	0.816425	0.0	0.957376	-0.1138	-0.26548	0.0	-2.92627	1.31806	0.5012	0.288503	5.62668e-05	0.631049	-0.7757430000000001	0.0	0.08520760000000001	-0.772925	-0.6287510000000001	0.0	-0.9963629999999999	-0.06606369999999999	-0.0538138	0.0	2.27735	1.8675099999999998	0.162826	0.25401599999999996	
0	0.00973015	0.892632	-0.45068199999999997	0.0	0.321267	0.424018	0.846756	0.0	0.946939	-0.153028	-0.282647	0.0	-2.93779	1.25223	0.436521	0.33328	-0.00483078	0.6480520000000001	-0.7615810000000001	0.0	0.09017819999999999	-0.758205	-0.6457510000000001	0.0	-0.995914	-0.07179730000000001	-0.0547778	0.0	2.26778	1.78972	0.14149	0.302672	
0	0.059777199999999996	0.914856	-0.399331	0.0	0.36083000000000004	0.353192	0.863166	0.0	0.9307139999999999	-0.195688	-0.30899499999999996	0.0	-3.00148	1.14635	0.34225700000000003	0.341944	-0.0118313	0.663878	-0.747748	0.0	0.10901199999999998	-0.742487	-0.660932	0.0	-0.99397	-0.08933300000000001	-0.0635862	0.0	2.2629599999999996	1.70186	0.113845	0.320754	
0	0.0648894	0.921766	-0.382279	0.0	0.36714	0.33416399999999996	0.8680680000000001	0.0	0.9279	-0.196678	-0.316733	0.0	-3.04465	1.05599	0.24039699999999997	0.343618	-0.0115376	0.684113	-0.729284	0.0	0.11215399999999999	-0.723846	-0.680786	0.0	-0.993624	-0.08964680000000001	-0.06837489999999999	0.0	2.26649	1.5871	0.0407338	0.332714	
0	0.0599451	0.9288049999999999	-0.365689	0.0	0.343402	0.324798	0.881239	0.0	0.9372739999999999	-0.178405	-0.29948400000000003	0.0	-3.03017	0.9878979999999999	0.158326	0.345814	-0.00976986	0.6858310000000001	-0.727695	0.0	0.096688	-0.723672	-0.683338	0.0	-0.995267	-0.07703539999999999	-0.059241499999999996	0.0	2.26261	1.48505	-0.0554455	0.333814	
0	0.0616931	0.91806	-0.391612	0.0	0.290057	0.358935	0.887149	0.0	0.9550190000000001	-0.168321	-0.244146	0.0	-2.97666	0.83983	0.116658	0.34413699999999997	-0.0187973	0.680815	-0.732214	0.0	0.0866642	-0.728478	-0.679566	0.0	-0.9960600000000001	-0.0762307	-0.0453089	0.0	2.23267	1.40103	-0.120175	0.333044	
0	0.054563	0.8992209999999999	-0.434079	0.0	0.239015	0.410326	0.880059	0.0	0.969482	-0.15177000000000002	-0.19253900000000002	0.0	-2.9218900000000003	0.6339359999999999	0.0534216	0.342617	-0.042095999999999995	0.662313	-0.7480439999999999	0.0	0.0853773	-0.743584	-0.663169	0.0	-0.995459	-0.0917826	-0.025244799999999998	0.0	2.2069799999999997	1.2564600000000001	-0.176277	0.33270500000000003	
0	0.027051799999999997	0.8587239999999999	-0.511724	0.0	0.208339	0.495827	0.8430610000000001	0.0	0.977683	-0.129418	-0.165492	0.0	-2.84592	0.47761899999999996	0.0076988	0.34213000000000005	-0.0666485	0.6545350000000001	-0.753089	0.0	0.0949332	-0.747183	-0.6578039999999999	0.0	-0.99325	-0.115335	-0.012338600000000002	0.0	2.18896	1.0901100000000001	-0.22511199999999998	0.33266999999999997	
0	-0.012084899999999999	0.819507	-0.5729420000000001	0.0	0.192249	0.564198	0.802945	0.0	0.9812719999999999	-0.100444	-0.16436800000000001	0.0	-2.83081	0.360501	-0.0631678	0.343488	-0.0837493	0.649925	-0.75537	0.0	0.100263	-0.748691	-0.6552939999999999	0.0	-0.9914299999999999	-0.130616	-0.0024613000000000005	0.0	2.18079	0.9300950000000001	-0.25398200000000004	0.332875	
0	-0.047738199999999995	0.8033899999999999	-0.593537	0.0	0.194546	0.590313	0.783379	0.0	0.9797309999999999	-0.0780731	-0.184477	0.0	-2.81802	0.265577	-0.24701700000000001	0.341916	-0.0886517	0.6467890000000001	-0.757499	0.0	0.104698	-0.7502300000000001	-0.652835	0.0	-0.9905450000000001	-0.137183	-0.00120844	0.0	2.1186599999999998	0.80111	-0.370003	0.332857	
0	-0.0661765	0.7916270000000001	-0.60741	0.0	0.21595599999999998	0.60568	0.765843	0.0	0.974158	-0.0804932	-0.211038	0.0	-2.8294599999999996	0.226586	-0.40393	0.341855	-0.10485799999999999	0.6451020000000001	-0.756867	0.0	0.113245	-0.748367	-0.653546	0.0	-0.9880180000000001	-0.15424100000000002	0.00541745	0.0	2.08071	0.730012	-0.449708	0.33343	
0	-0.0895068	0.793413	-0.602067	0.0	0.241157	0.60377	0.7598060000000001	0.0	0.96635	-0.0771847	-0.245378	0.0	-2.85736	0.180327	-0.62772	0.341097	-0.113982	0.645061	-0.755583	0.0	0.125297	-0.745133	-0.655041	0.0	-0.98555	-0.16933399999999998	0.00410737	0.0	2.07478	0.628352	-0.516081	0.333373	
0	-0.134312	0.803812	-0.579522	0.0	0.290513	0.591065	0.752492	0.0	0.947398	-0.06729	-0.31290500000000004	0.0	-2.92072	0.169701	-0.9408770000000001	0.341136	-0.11832100000000001	0.64689	-0.7533489999999999	0.0	0.136506	-0.7408779999999999	-0.657621	0.0	-0.983548	-0.180648	-0.000642896	0.0	2.0793	0.567675	-0.563864	0.333365	
0	-0.185926	0.806689	-0.560967	0.0	0.324832	0.589284	0.739749	0.0	0.927316	-0.044682	-0.371602	0.0	-2.95681	0.207891	-1.2536100000000001	0.340358	-0.12281900000000001	0.647133	-0.752419	0.0	0.143202	-0.738668	-0.658682	0.0	-0.982043	-0.188647	-0.00194852	0.0	2.07817	0.5140560000000001	-0.661706	0.333369	
0	-0.204477	0.815576	-0.5413180000000001	0.0	0.339115	0.577778	0.7424109999999999	0.0	0.9182540000000001	-0.031763	-0.394717	0.0	-2.99047	0.222872	-1.42024	0.338903	-0.134452	0.642894	-0.754062	0.0	0.15523800000000001	-0.7379100000000001	-0.656803	0.0	-0.978685	-0.205367	-0.0005883430000000001	0.0	2.08202	0.452219	-0.747904	0.333412	
0	-0.209116	0.815208	-0.5401	0.0	0.34698	0.578229	0.7384149999999999	0.0	0.9142629999999999	-0.0329894	-0.403777	0.0	-3.0244299999999997	0.199581	-1.5961100000000001	0.334921	-0.131961	0.639356	-0.7575029999999999	0.0	0.15901600000000002	-0.740635	-0.652821	0.0	-0.978417	-0.206602	-0.00393265	0.0	2.09902	0.387867	-0.7607510000000001	0.333367	
0	-0.200552	0.816921	-0.540758	0.0	0.355433	0.575037	0.736885	0.0	0.912933	-0.0444193	-0.405685	0.0	-3.0867299999999998	0.104604	-1.73954	0.329733	-0.141746	0.637658	-0.757166	0.0	0.16999	-0.737847	-0.653211	0.0	-0.975198	-0.22130100000000003	-0.00380901	0.0	2.1231	0.294718	-0.774197	0.333482	
0	-0.195181	0.806554	-0.55801	0.0	0.347513	0.588912	0.729669	0.0	0.9171370000000001	-0.051498	-0.395232	0.0	-3.12406	-0.00478972	-1.77515	0.32426900000000003	-0.14719200000000002	0.64199	-0.752452	0.0	0.17991500000000002	-0.730669	-0.6586	0.0	-0.972608	-0.232317	-0.007955	0.0	2.1518900000000003	0.21151199999999998	-0.823923	0.333393	
0	-0.185238	0.793172	-0.5801430000000001	0.0	0.330034	0.606283	0.723532	0.0	0.925616	-0.0574418	-0.374081	0.0	-3.13605	-0.0832527	-1.76541	0.326927	-0.14802300000000002	0.644958	-0.749746	0.0	0.189309	-0.725601	-0.661563	0.0	-0.9706959999999999	-0.23986	-0.014690799999999999	0.0	2.20308	0.136418	-0.876341	0.333577	
0	-0.134576	0.792771	-0.594477	0.0	0.313948	0.60314	0.7332529999999999	0.0	0.9398540000000001	-0.08795610000000001	-0.330057	0.0	-3.1101900000000002	-0.177096	-1.63673	0.340213	-0.147552	0.649573	-0.745844	0.0	0.19956600000000002	-0.7190350000000001	-0.665704	0.0	-0.9687120000000001	-0.247071	-0.0235376	0.0	2.24078	0.08457339999999999	-0.9546459999999999	0.334252	
0	-0.0868358	0.7993239999999999	-0.594593	0.0	0.301374	0.589959	0.749081	0.0	0.949544	-0.114148	-0.292125	0.0	-3.06506	-0.263114	-1.51904	0.344427	-0.139795	0.65198	-0.745238	0.0	0.209654	-0.716075	-0.665794	0.0	-0.9677309999999999	-0.249317	-0.0365866	0.0	2.2730900000000003	0.0249627	-0.9956799999999999	0.334392	
0	-0.030255	0.811638	-0.583376	0.0	0.297908	0.5644399999999999	0.769843	0.0	0.9541149999999999	-0.150501	-0.25887	0.0	-3.0777799999999997	-0.370739	-1.4326299999999998	0.344612	-0.140292	0.644944	-0.751243	0.0	0.21923600000000001	-0.7196779999999999	-0.658786	0.0	-0.965533	-0.25712199999999996	-0.0404297	0.0	2.33715	-0.0629284	-1.05664	0.33415900000000004	
0	0.00221416	0.810844	-0.585258	0.0	0.286756	0.5601659999999999	0.777165	0.0	0.958001	-0.169547	-0.23127399999999998	0.0	-3.12292	-0.48106499999999996	-1.41353	0.343258	-0.14063900000000001	0.6388659999999999	-0.7563529999999999	0.0	0.222388	-0.72404	-0.652924	0.0	-0.9647610000000001	-0.26003000000000004	-0.040248	0.0	2.40557	-0.159657	-1.08638	0.334516	
0	0.035674199999999996	0.811091	-0.583831	0.0	0.268995	0.554848	0.7872640000000001	0.0	0.9624809999999999	-0.185133	-0.19838599999999998	0.0	-3.14957	-0.6041300000000001	-1.37635	0.343449	-0.138727	0.635931	-0.759175	0.0	0.224108	-0.726542	-0.6495479999999999	0.0	-0.9646399999999999	-0.260247	-0.041726599999999996	0.0	2.47302	-0.260407	-1.1064100000000001	0.33523400000000003	
0	0.0488821	0.8134060000000001	-0.579639	0.0	0.251784	0.551556	0.79523	0.0	0.966548	-0.184817	-0.177842	0.0	-3.17123	-0.687079	-1.3734899999999999	0.338509	-0.132581	0.634278	-0.761652	0.0	0.218054	-0.730945	-0.646662	0.0	-0.9668899999999999	-0.251816	-0.041397500000000004	0.0	2.54094	-0.34072199999999997	-1.2216	0.343305	
0	0.0460335	0.809347	-0.585525	0.0	0.240957	0.5598420000000001	0.79279	0.0	0.969443	-0.177581	-0.169246	0.0	-3.16357	-0.748947	-1.34353	0.337007	-0.11078199999999999	0.635822	-0.763844	0.0	0.20517	-0.737388	-0.643556	0.0	-0.9724360000000001	-0.228012	-0.048762599999999996	0.0	2.62963	-0.396992	-1.35296	0.351623	
0	0.0476069	0.805257	-0.591012	0.0	0.23398899999999997	0.566229	0.790338	0.0	0.971073	-0.17591600000000002	-0.161465	0.0	-3.13889	-0.7680939999999999	-1.3382	0.337444	-0.0860293	0.643701	-0.760426	0.0	0.199469	-0.7366729999999999	-0.646161	0.0	-0.9761200000000001	-0.20726999999999998	-0.0650231	0.0	2.6976	-0.409983	-1.4642700000000002	0.35318	
0	0.0482089	0.806574	-0.5891649999999999	0.0	0.233448	0.564416	0.791794	0.0	0.971174	-0.17571099999999998	-0.161083	0.0	-3.13337	-0.770666	-1.3462	0.337152	-0.0708477	0.645412	-0.760542	0.0	0.197499	-0.738287	-0.6449239999999999	0.0	-0.9777399999999999	-0.19589700000000002	-0.0751622	0.0	2.7391400000000004	-0.394371	-1.5859999999999999	0.353997	
0	0.0417603	0.815466	-0.577296	0.0	0.23958000000000002	0.55277	0.7981520000000001	0.0	0.9699780000000001	-0.17164000000000001	-0.172286	0.0	-3.14442	-0.764969	-1.3665	0.332728	-0.07225880000000001	0.6434439999999999	-0.762075	0.0	0.192464	-0.7407159999999999	-0.643659	0.0	-0.97864	-0.193182	-0.0703167	0.0	2.75755	-0.39092899999999997	-1.64125	0.354617	
0	0.0110219	0.8162010000000001	-0.577663	0.0	0.24086100000000002	0.5585220000000001	0.793751	0.0	0.9704969999999999	-0.147885	-0.190435	0.0	-3.14328	-0.7524890000000001	-1.4178600000000001	0.320471	-0.07508989999999999	0.639524	-0.765095	0.0	0.189327	-0.744162	-0.640608	0.0	-0.979039	-0.192956	-0.0652	0.0	2.77561	-0.403398	-1.62675	0.354904	
0	-0.066936	0.795874	-0.601751	0.0	0.22725700000000001	0.599412	0.767502	0.0	0.971532	-0.0853786	-0.22099000000000002	0.0	-3.17341	-0.731928	-1.60725	0.31058	-0.08192460000000001	0.630666	-0.771718	0.0	0.179743	-0.752275	-0.633857	0.0	-0.980296	-0.19064	-0.0517279	0.0	2.8279900000000002	-0.431816	-1.57107	0.354689	
0	-0.0945112	0.782746	-0.615123	0.0	0.218889	0.619107	0.754185	0.0	0.9711620000000001	-0.0633645	-0.22984699999999997	0.0	-3.1752599999999997	-0.7260449999999999	-1.6709900000000002	0.308454	-0.08494810000000001	0.627808	-0.7737189999999999	0.0	0.18074500000000002	-0.753933	-0.631598	0.0	-0.9798549999999999	-0.193499	-0.0494282	0.0	2.83721	-0.43830600000000003	-1.55226	0.354583	
0	-0.120831	0.781375	-0.6122529999999999	0.0	0.228169	0.62212	0.748937	0.0	0.966095	-0.049202300000000004	-0.253456	0.0	-3.18614	-0.689107	-1.77269	0.308571	-0.09336330000000001	0.623781	-0.776003	0.0	0.177759	-0.756441	-0.629443	0.0	-0.979635	-0.196709	-0.040259199999999995	0.0	2.84722	-0.45114799999999994	-1.5247899999999999	0.354699	
0	-0.14285799999999998	0.780889	-0.608116	0.0	0.235458	0.623592	0.745448	0.0	0.9613280000000001	-0.036692699999999995	-0.272952	0.0	-3.19359	-0.633208	-1.9194799999999999	0.306476	-0.0954145	0.621996	-0.7771859999999999	0.0	0.170505	-0.758997	-0.628372	0.0	-0.980726	-0.19247	-0.033634500000000005	0.0	2.85316	-0.46874099999999996	-1.47404	0.35482199999999997	
0	-0.16483599999999998	0.779859	-0.603862	0.0	0.234708	0.625664	0.743947	0.0	0.957988	-0.0191025	-0.286171	0.0	-3.19928	-0.593472	-2.0253	0.304189	-0.09659569999999999	0.618577	-0.779764	0.0	0.163776	-0.762871	-0.625464	0.0	-0.981757	-0.188124	-0.027618200000000002	0.0	2.85289	-0.47623999999999994	-1.4628	0.355011	
0	-0.176995	0.7762359999999999	-0.605087	0.0	0.22481199999999998	0.630426	0.7429819999999999	0.0	0.958192	-0.004527000000000001	-0.286089	0.0	-3.22268	-0.567763	-2.10967	0.29554600000000003	-0.0998908	0.616578	-0.780931	0.0	0.160885	-0.76452	-0.6242	0.0	-0.9819049999999999	-0.18799200000000002	-0.0228301	0.0	2.8269599999999997	-0.48178999999999994	-1.4398600000000001	0.35535900000000004	
0	-0.181131	0.7744409999999999	-0.606162	0.0	0.21716999999999997	0.6326390000000001	0.743375	0.0	0.959181	0.00300798	-0.282776	0.0	-3.23227	-0.568129	-2.12492	0.278441	-0.10080499999999999	0.6176689999999999	-0.7799510000000001	0.0	0.163328	-0.763035	-0.6253810000000001	0.0	-0.981408	-0.19043	-0.023964799999999998	0.0	2.8144299999999998	-0.481727	-1.43251	0.355442	
0	-0.17998699999999998	0.772938	-0.608417	0.0	0.211511	0.6344609999999999	0.7434529999999999	0.0	0.9606600000000001	0.00512511	-0.27768000000000004	0.0	-3.22626	-0.5734020000000001	-2.122	0.275471	-0.0995697	0.617938	-0.7798970000000001	0.0	0.163126	-0.76305	-0.625416	0.0	-0.981568	-0.189494	-0.024825299999999998	0.0	2.8195	-0.47987799999999997	-1.44308	0.355373	
0	-0.181143	0.773439	-0.607437	0.0	0.213033	0.633849	0.743541	0.0	0.9601059999999999	0.00528279	-0.279585	0.0	-3.22189	-0.58081	-2.09925	0.276025	-0.09925039999999999	0.616909	-0.780751	0.0	0.160797	-0.76437	-0.624406	0.0	-0.981984	-0.18751500000000002	-0.0233333	0.0	2.82935	-0.481584	-1.44661	0.35547	
0	-0.179978	0.771813	-0.609846	0.0	0.21135900000000002	0.635832	0.742324	0.0	0.9606950000000001	0.00470531	-0.277566	0.0	-3.22289	-0.5876170000000001	-2.08366	0.27670700000000004	-0.101092	0.617225	-0.780265	0.0	0.162056	-0.763592	-0.625033	0.0	-0.98159	-0.189633	-0.022831900000000002	0.0	2.82803	-0.48246700000000003	-1.44248	0.355488	
0	-0.178801	0.770713	-0.611582	0.0	0.20992	0.637169	0.741586	0.0	0.9612299999999999	0.00421298	-0.275714	0.0	-3.2199299999999997	-0.597959	-2.0583099999999996	0.27725900000000003	-0.0997189	0.618791	-0.779201	0.0	0.163744	-0.7622220000000001	-0.626263	0.0	-0.98145	-0.190039	-0.0253153	0.0	2.84593	-0.48130200000000006	-1.4486299999999999	0.35539899999999996	
0	-0.146887	0.776361	-0.612934	0.0	0.18857000000000002	0.630269	0.753128	0.0	0.9710129999999999	-0.00495595	-0.238977	0.0	-3.20968	-0.631888	-2.016	0.28079699999999996	-0.0996594	0.61974	-0.778454	0.0	0.164211	-0.761378	-0.627167	0.0	-0.9813780000000001	-0.190334	-0.025890100000000003	0.0	2.85411	-0.48208500000000004	-1.4478799999999998	0.35541100000000003	
0	-0.0841599	0.772492	-0.629423	0.0	0.152247	0.634216	0.7580180000000001	0.0	0.9847530000000001	-0.0320332	-0.170985	0.0	-3.2048200000000002	-0.72469	-1.8448	0.28428400000000004	-0.100229	0.619764	-0.778362	0.0	0.164745	-0.761165	-0.627285	0.0	-0.9812299999999999	-0.191104	-0.0258122	0.0	2.85814	-0.48163900000000004	-1.45238	0.35539	
0	-0.0510108	0.7680680000000001	-0.638333	0.0	0.12428800000000001	0.6390779999999999	0.759033	0.0	0.990934	-0.040618	-0.12806099999999998	0.0	-3.20561	-0.7820699999999999	-1.74243	0.283186	-0.100591	0.619718	-0.778352	0.0	0.165349	-0.761027	-0.6272939999999999	0.0	-0.981092	-0.191799	-0.025917000000000003	0.0	2.8612	-0.48188500000000006	-1.45177	0.355324	
0	-0.043704900000000005	0.7660779999999999	-0.64126	0.0	0.12192599999999999	0.641165	0.757655	0.0	0.991577	-0.045073199999999994	-0.121427	0.0	-3.20926	-0.805722	-1.6734200000000001	0.284369	-0.10013999999999999	0.619257	-0.778776	0.0	0.164394	-0.761656	-0.626782	0.0	-0.981299	-0.19079200000000002	-0.0255303	0.0	2.86885	-0.48225100000000004	-1.45462	0.35531599999999997	
0	-0.0252817	0.760252	-0.6491359999999999	0.0	0.10494500000000001	0.647774	0.75457	0.0	0.994157	-0.049047	-0.0961617	0.0	-3.2118700000000002	-0.839008	-1.61168	0.28444	-0.10030599999999999	0.617867	-0.7798579999999999	0.0	0.163638	-0.762893	-0.625473	0.0	-0.981408	-0.190353	-0.024583900000000002	0.0	2.8695	-0.48333000000000004	-1.45239	0.35533200000000004	
0	-0.00526145	0.7520899999999999	-0.659039	0.0	0.0869211	0.656898	0.7489520000000001	0.0	0.996201	-0.0533439	-0.0688288	0.0	-3.2094400000000003	-0.8694930000000001	-1.56275	0.283049	-0.10081	0.617424	-0.780145	0.0	0.163486	-0.7632	-0.625139	0.0	-0.981381	-0.190563	-0.0240019	0.0	2.87093	-0.484414	-1.4496799999999999	0.355193	
0	-0.00024996700000000003	0.7506430000000001	-0.660708	0.0	0.083682	0.658406	0.747997	0.0	0.996492	-0.0551023	-0.06297989999999999	0.0	-3.2024	-0.8814690000000001	-1.53657	0.28134000000000003	-0.10091900000000001	0.6176010000000001	-0.77999	0.0	0.163573	-0.7630239999999999	-0.6253310000000001	0.0	-0.9813559999999999	-0.190693	-0.024018900000000003	0.0	2.87128	-0.48471800000000004	-1.44899	0.355403	
0	-0.000174925	0.7518060000000001	-0.659384	0.0	0.08668010000000001	0.656914	0.748966	0.0	0.996236	-0.0570245	-0.0652815	0.0	-3.18108	-0.887943	-1.50803	0.27778600000000003	-0.0996193	0.617237	-0.7804449999999999	0.0	0.16321	-0.763587	-0.624738	0.0	-0.981549	-0.189612	-0.024671000000000002	0.0	2.87988	-0.48418199999999995	-1.4535799999999999	0.355271	
0	-0.00032261	0.75167	-0.659539	0.0	0.08621269999999999	0.657104	0.748853	0.0	0.9962770000000001	-0.056619100000000006	-0.0650155	0.0	-3.17959	-0.8890030000000001	-1.50522	0.276945	-0.100031	0.6158640000000001	-0.7814760000000001	0.0	0.160972	-0.7650520000000001	-0.623525	0.0	-0.981877	-0.188168	-0.0226084	0.0	2.88341	-0.486492	-1.4513200000000002	0.35525300000000004	
0	-1.83284e-05	0.7518779999999999	-0.659302	0.0	0.0866117	0.656825	0.749052	0.0	0.996242	-0.0570895	-0.0651335	0.0	-3.1787	-0.8893409999999999	-1.50426	0.275844	-0.100252	0.615877	-0.781438	0.0	0.16169	-0.7648699999999999	-0.623563	0.0	-0.981736	-0.188864	-0.0229018	0.0	2.88345	-0.48497700000000005	-1.45593	0.35520100000000004	
0	0.00114888	0.751708	-0.6594949999999999	0.0	0.08666410000000001	0.656939	0.748946	0.0	0.996237	-0.05801509999999999	-0.0643914	0.0	-3.18945	-0.890584	-1.50065	0.273897	-0.100366	0.615154	-0.781993	0.0	0.16115	-0.765533	-0.622889	0.0	-0.9818129999999999	-0.18853499999999998	-0.0222987	0.0	2.88292	-0.485807	-1.45329	0.354988	
0	0.00115578	0.751713	-0.659489	0.0	0.0866548	0.656934	0.7489520000000001	0.0	0.996238	-0.058013499999999996	-0.0643803	0.0	-3.1891	-0.890591	-1.50066	0.273901	-0.100372	0.6151479999999999	-0.781996	0.0	0.161158	-0.7655350000000001	-0.622884	0.0	-0.9818120000000001	-0.18854500000000002	-0.0222982	0.0	2.88295	-0.48578000000000005	-1.4534200000000002	0.355007	
0	0.00115578	0.751713	-0.659489	0.0	0.086655	0.656933	0.7489520000000001	0.0	0.996238	-0.058013699999999994	-0.0643805	0.0	-3.1891	-0.890591	-1.50066	0.273901	-0.100371	0.6151479999999999	-0.781996	0.0	0.161158	-0.7655350000000001	-0.622884	0.0	-0.9818110000000001	-0.18854500000000002	-0.0222982	0.0	2.88295	-0.48578000000000005	-1.4534200000000002	0.355006	
0	0.00115578	0.751713	-0.659489	0.0	0.086655	0.656933	0.7489520000000001	0.0	0.996238	-0.058013699999999994	-0.0643805	0.0	-3.1891	-0.890592	-1.50066	0.273901	-0.100371	0.6151479999999999	-0.781996	0.0	0.161158	-0.7655350000000001	-0.622884	0.0	-0.9818110000000001	-0.18854500000000002	-0.0222982	0.0	2.88295	-0.48578000000000005	-1.4534200000000002	0.355006	
0	0.00115578	0.751713	-0.659489	0.0	0.086655	0.656933	0.7489520000000001	0.0	0.996238	-0.058013699999999994	-0.0643805	0.0	-3.1891	-0.890592	-1.50066	0.273901	-0.100371	0.6151479999999999	-0.781996	0.0	0.161158	-0.7655350000000001	-0.622884	0.0	-0.9818110000000001	-0.18854500000000002	-0.0222982	0.0	2.88295	-0.48578000000000005	-1.4534200000000002	0.355007	
0	0.00115578	0.751713	-0.659489	0.0	0.086655	0.656933	0.7489520000000001	0.0	0.996238	-0.058013699999999994	-0.0643805	0.0	-3.1891	-0.890592	-1.50066	0.273901	-0.100371	0.6151479999999999	-0.781996	0.0	0.161158	-0.7655350000000001	-0.622884	0.0	-0.9818110000000001	-0.18854500000000002	-0.0222982	0.0	2.88295	-0.48578000000000005	-1.4534200000000002	0.355006	
0	0.00115578	0.751713	-0.659489	0.0	0.086655	0.656933	0.7489520000000001	0.0	0.996238	-0.058013699999999994	-0.0643805	0.0	-3.1891	-0.890591	-1.50066	0.273901	-0.100372	0.6151479999999999	-0.781996	0.0	0.161158	-0.7655350000000001	-0.622884	0.0	-0.9818120000000001	-0.18854500000000002	-0.022298099999999998	0.0	2.88295	-0.48578000000000005	-1.4534200000000002	0.355007	
0	0.00115578	0.751713	-0.659489	0.0	0.086655	0.656933	0.7489520000000001	0.0	0.996238	-0.058013699999999994	-0.0643805	0.0	-3.1891	-0.890591	-1.50066	0.273901	-0.100372	0.6151479999999999	-0.781996	0.0	0.161158	-0.7655350000000001	-0.622884	0.0	-0.9818120000000001	-0.18854500000000002	-0.0222982	0.0	2.88295	-0.48578000000000005	-1.4534200000000002	0.355007	
0	0.00115578	0.751713	-0.659489	0.0	0.086655	0.656933	0.7489520000000001	0.0	0.996238	-0.058013699999999994	-0.0643805	0.0	-3.1891	-0.890592	-1.50066	0.273901	-0.100372	0.6151479999999999	-0.781996	0.0	0.161158	-0.7655350000000001	-0.622884	0.0	-0.9818120000000001	-0.18854500000000002	-0.0222982	0.0	2.88295	-0.48578000000000005	-1.4534200000000002	0.355007	
0	0.00115581	0.751713	-0.659489	0.0	0.0866551	0.656933	0.7489520000000001	0.0	0.996238	-0.058013699999999994	-0.0643805	0.0	-3.1891	-0.890591	-1.50066	0.273901	-0.100372	0.6151479999999999	-0.781996	0.0	0.161158	-0.7655350000000001	-0.622884	0.0	-0.9818120000000001	-0.18854500000000002	-0.0222982	0.0	2.88295	-0.48578000000000005	-1.4534200000000002	0.355007	
0	0.00115578	0.751713	-0.659489	0.0	0.086655	0.656933	0.7489520000000001	0.0	0.996238	-0.058013699999999994	-0.0643805	0.0	-3.1891	-0.890591	-1.50066	0.273901	-0.100372	0.6151479999999999	-0.781996	0.0	0.161158	-0.7655350000000001	-0.622884	0.0	-0.9818120000000001	-0.18854500000000002	-0.022298099999999998	0.0	2.88295	-0.48578000000000005	-1.4534200000000002	0.355007	
0	0.00115575	0.751713	-0.659489	0.0	0.086655	0.656933	0.7489520000000001	0.0	0.996238	-0.0580136	-0.0643805	0.0	-3.1891	-0.890592	-1.50066	0.273901	-0.100372	0.6151479999999999	-0.781996	0.0	0.161158	-0.7655350000000001	-0.622884	0.0	-0.9818120000000001	-0.18854500000000002	-0.022298099999999998	0.0	2.88295	-0.48578000000000005	-1.4534200000000002	0.355006	
0	0.00115578	0.751713	-0.659489	0.0	0.086655	0.656933	0.7489520000000001	0.0	0.996238	-0.058013699999999994	-0.0643805	0.0	-3.1891	-0.890591	-1.50066	0.273901	-0.100372	0.6151479999999999	-0.781996	0.0	0.161158	-0.7655350000000001	-0.622884	0.0	-0.9818120000000001	-0.18854500000000002	-0.022298099999999998	0.0	2.88295	-0.48578000000000005	-1.4534200000000002	0.355007	
0	0.00115578	0.751713	-0.659489	0.0	0.086655	0.656933	0.7489520000000001	0.0	0.996238	-0.058013699999999994	-0.0643805	0.0	-3.1891	-0.890591	-1.50066	0.273901	-0.100372	0.6151479999999999	-0.781996	0.0	0.161158	-0.7655350000000001	-0.622884	0.0	-0.9818120000000001	-0.18854500000000002	-0.0222982	0.0	2.88295	-0.48578000000000005	-1.4534200000000002	0.355007	
0	0.00115581	0.751713	-0.659489	0.0	0.0866551	0.656933	0.7489520000000001	0.0	0.996238	-0.058013699999999994	-0.0643805	0.0	-3.1891	-0.890591	-1.50066	0.273901	-0.100372	0.6151479999999999	-0.781996	0.0	0.161158	-0.7655350000000001	-0.622884	0.0	-0.9818120000000001	-0.18854500000000002	-0.0222982	0.0	2.88295	-0.48578000000000005	-1.4534200000000002	0.355007	
0	0.00115575	0.751713	-0.659489	0.0	0.086655	0.656933	0.7489520000000001	0.0	0.996238	-0.0580136	-0.0643805	0.0	-3.1891	-0.890592	-1.50066	0.273901	-0.100372	0.6151479999999999	-0.781996	0.0	0.161158	-0.7655350000000001	-0.622884	0.0	-0.9818120000000001	-0.18854500000000002	-0.0222982	0.0	2.88295	-0.48578000000000005	-1.4534200000000002	0.355007	
0	0.00115578	0.751713	-0.659489	0.0	0.086655	0.656933	0.7489520000000001	0.0	0.996238	-0.058013699999999994	-0.0643805	0.0	-3.1891	-0.890592	-1.50066	0.273901	-0.100372	0.6151479999999999	-0.781996	0.0	0.161158	-0.7655350000000001	-0.622884	0.0	-0.9818120000000001	-0.18854500000000002	-0.0222982	0.0	2.88295	-0.48578000000000005	-1.4534200000000002	0.355006	
0	0.00115575	0.751713	-0.659489	0.0	0.086655	0.656933	0.7489520000000001	0.0	0.996238	-0.0580136	-0.0643805	0.0	-3.1891	-0.890592	-1.50066	0.273901	-0.100372	0.6151479999999999	-0.781996	0.0	0.161158	-0.7655350000000001	-0.622884	0.0	-0.9818120000000001	-0.18854500000000002	-0.0222982	0.0	2.88295	-0.48578000000000005	-1.4534200000000002	0.355007	
0	0.00115575	0.751713	-0.659489	0.0	0.086655	0.656933	0.7489520000000001	0.0	0.996238	-0.0580136	-0.0643805	0.0	-3.1891	-0.890592	-1.50066	0.273901	-0.100372	0.6151479999999999	-0.781996	0.0	0.161158	-0.7655350000000001	-0.622884	0.0	-0.9818120000000001	-0.18854500000000002	-0.0222982	0.0	2.88295	-0.48578000000000005	-1.4534200000000002	0.355007	
0	0.00115578	0.751713	-0.659489	0.0	0.086655	0.656933	0.7489520000000001	0.0	0.996238	-0.0580136	-0.0643804	0.0	-3.1891	-0.890591	-1.50066	0.273901	-0.100372	0.6151479999999999	-0.781996	0.0	0.161158	-0.7655350000000001	-0.622884	0.0	-0.9818120000000001	-0.18854500000000002	-0.022298099999999998	0.0	2.88295	-0.48578000000000005	-1.4534200000000002	0.355007	
0	0.00115575	0.751713	-0.659489	0.0	0.086655	0.656933	0.7489520000000001	0.0	0.996238	-0.0580136	-0.0643805	0.0	-3.1891	-0.890592	-1.50066	0.273901	-0.100372	0.6151479999999999	-0.781996	0.0	0.161158	-0.7655350000000001	-0.622884	0.0	-0.9818120000000001	-0.18854500000000002	-0.022298099999999998	0.0	2.88295	-0.48578000000000005	-1.4534200000000002	0.355007	
0	0.00115572	0.751713	-0.659489	0.0	0.08665489999999999	0.656933	0.7489520000000001	0.0	0.996238	-0.0580136	-0.0643805	0.0	-3.1891	-0.890592	-1.50066	0.273901	-0.100372	0.6151479999999999	-0.781996	0.0	0.161158	-0.7655350000000001	-0.622884	0.0	-0.9818120000000001	-0.18854500000000002	-0.0222982	0.0	2.88295	-0.48578000000000005	-1.4534200000000002	0.355007	
0	-0.091541	0.787227	-0.609831	0.0	-0.285463	0.565955	0.773438	0.0	0.954008	0.244885	0.17291600000000001	0.0	-3.1041	-0.8866129999999999	-1.52595	0.27801	-0.0634778	0.530243	-0.8454659999999999	0.0	-0.136398	-0.843835	-0.518979	0.0	-0.988618	0.0823763	0.125888	0.0	2.8742799999999997	-0.444791	-1.4139700000000002	0.32913600000000004	
0	-0.0946775	0.800239	-0.5921609999999999	0.0	-0.288261	0.547312	0.785719	0.0	0.95286	0.245087	0.17886	0.0	-3.09918	-0.878431	-1.5337100000000001	0.27961199999999997	-0.061119900000000005	0.537373	-0.8411270000000001	0.0	-0.132459	-0.839616	-0.526782	0.0	-0.989302	0.0792184	0.12249700000000001	0.0	2.8853299999999997	-0.46459300000000003	-1.42763	0.328812	
0	-0.0904909	0.820152	-0.564945	0.0	-0.294678	0.51982	0.8018430000000001	0.0	0.9513030000000001	0.23903600000000003	0.194641	0.0	-3.08374	-0.9289350000000001	-1.55879	0.277851	-0.061723400000000005	0.562988	-0.8241569999999999	0.0	-0.130614	-0.8231870000000001	-0.552543	0.0	-0.98951	0.0735418	0.12434400000000001	0.0	2.88814	-0.505846	-1.4723	0.33119	
0	-0.08055839999999999	0.852101	-0.517141	0.0	-0.303588	0.47320100000000004	0.8269920000000001	0.0	0.949392	0.223619	0.220567	0.0	-3.07943	-1.0493700000000001	-1.61681	0.277572	-0.0558557	0.594694	-0.80201	0.0	-0.121273	-0.801357	-0.5857640000000001	0.0	-0.9910469999999999	0.0645438	0.11688	0.0	2.89299	-0.580357	-1.5502	0.333985	
0	-0.07833760000000001	0.8603930000000001	-0.503574	0.0	-0.306463	0.459883	0.833419	0.0	0.9486540000000001	0.219615	0.227652	0.0	-3.0575	-1.14848	-1.6664700000000001	0.276806	-0.0637543	0.5917100000000001	-0.8036260000000001	0.0	-0.120701	-0.803925	-0.582354	0.0	-0.99064	0.05987130000000001	0.122674	0.0	2.86687	-0.650299	-1.59155	0.33694	
0	-0.0547615	0.857441	-0.51166	0.0	-0.29573	0.47551099999999996	0.8285129999999999	0.0	0.953701	0.196684	0.22753099999999998	0.0	-3.00528	-1.38998	-1.78675	0.283802	-0.0744679	0.5906680000000001	-0.803471	0.0	-0.0960794	-0.80621	-0.5837760000000001	0.0	-0.992584	0.0337245	0.11678800000000002	0.0	2.7896	-0.8417899999999999	-1.7018099999999998	0.339879	
0	-0.0198865	0.8334360000000001	-0.552258	0.0	-0.215493	0.535812	0.816375	0.0	0.976303	0.135243	0.168944	0.0	-2.9826099999999998	-1.83095	-2.02307	0.293744	-0.0884443	0.574933	-0.8134060000000001	0.0	-0.0653745	-0.818196	-0.5712109999999999	0.0	-0.993934	0.00265571	0.109951	0.0	2.74792	-1.16855	-1.8861299999999999	0.340368	
0	-0.0122131	0.8064100000000001	-0.5912310000000001	0.0	-0.159753	0.582106	0.797265	0.0	0.987082	0.10418800000000002	0.121717	0.0	-2.96412	-2.1983599999999996	-2.29882	0.299601	-0.09458899999999999	0.548922	-0.8305049999999999	0.0	-0.056221400000000005	-0.83586	-0.546058	0.0	-0.993928	-0.00495881	0.10992400000000001	0.0	2.72592	-1.4214799999999999	-2.0470200000000003	0.340123	
0	-0.0165585	0.789474	-0.6135609999999999	0.0	-0.126711	0.6070409999999999	0.784503	0.0	0.991801	0.0907353	0.08998350000000001	0.0	-2.97213	-2.4740599999999997	-2.5527599999999997	0.301523	-0.0842461	0.532613	-0.8421559999999999	0.0	-0.0302432	-0.846138	-0.5321060000000001	0.0	-0.995986	-0.0193583	0.0873916	0.0	2.67727	-1.63791	-2.21005	0.336487	
0	-0.0223042	0.7793	-0.626254	0.0	-0.0697568	0.62367	0.778569	0.0	0.997315	0.0610509	0.040451	0.0	-3.00035	-2.7195099999999996	-2.84602	0.30800900000000003	-0.0854466	0.52859	-0.844566	0.0	-0.0177385	-0.848339	-0.529157	0.0	-0.996185	-0.0302332	0.08186389999999999	0.0	2.59345	-1.85444	-2.36312	0.33576500000000004	
0	-0.040273800000000005	0.7703180000000001	-0.636387	0.0	-0.046254	0.634784	0.771304	0.0	0.9981180000000001	0.060498699999999996	0.0100651	0.0	-3.00362	-2.83055	-3.02658	0.309569	-0.0847237	0.52899	-0.8443879999999999	0.0	-0.00698844	-0.8477299999999999	-0.530382	0.0	-0.9963799999999999	-0.0390349	0.0755195	0.0	2.55091	-1.9607400000000001	-2.43444	0.336118	
0	-0.0562947	0.763827	-0.642961	0.0	-0.00998542	0.64352	0.765365	0.0	0.9983639999999999	0.0495061	-0.0285996	0.0	-3.04446	-3.07564	-3.3944199999999998	0.312555	-0.0893003	0.51912	-0.850024	0.0	0.012328200000000001	-0.852792	-0.5221060000000001	0.0	-0.9959290000000001	-0.0571034	0.0697546	0.0	2.4552400000000003	-2.21293	-2.62006	0.33607600000000004	
