3	0.593133	0.516197	-0.617846	0.0	0.68528	0.07911699999999999	0.723969	0.0	0.42259300000000005	-0.852808	-0.306813	0.0	-2.7396700000000003	2.0	1.46191	0.0	-0.26321100000000003	0.601428	-0.754324	0.0	0.207612	-0.728263	-0.653093	0.0	-0.9421350000000001	-0.32850799999999997	0.06682260000000001	0.0	2.60869	2.0281599999999997	1.55374	0.00312716	
3	0.593133	0.516197	-0.617847	0.0	0.685212	0.0792534	0.724019	0.0	0.422703	-0.8527950000000001	-0.306697	0.0	-2.7396700000000003	2.0	1.46191	0.0	-0.18329600000000001	0.57513	-0.797263	0.0	-0.0590582	-0.8159810000000001	-0.575055	0.0	-0.981282	-0.05831990000000001	0.183532	0.0	2.60422	1.9749599999999998	1.43221	0.0	
3	0.593132	0.516197	-0.617846	0.0	0.685149	0.07938060000000001	0.724064	0.0	0.42280500000000004	-0.852783	-0.306589	0.0	-2.73968	2.0	1.46191	0.0	-0.192049	0.579238	-0.7922130000000001	0.0	-0.023180700000000002	-0.8096909999999999	-0.586398	0.0	-0.9811120000000001	-0.0942529	0.168927	0.0	2.57061	1.9181400000000002	1.3187200000000001	0.0	
3	0.593132	0.516197	-0.617847	0.0	0.6850970000000001	0.07948619999999999	0.724102	0.0	0.42289	-0.852773	-0.30649899999999997	0.0	-2.7396700000000003	2.0	1.46191	0.0	-0.20569400000000002	0.593577	-0.778046	0.0	-3.62098e-05	-0.7950520000000001	-0.606541	0.0	-0.9786159999999999	-0.124733	0.16355899999999998	0.0	2.55797	1.8664599999999998	1.2209299999999998	0.0	
3	0.376436	0.6860430000000001	-0.622609	0.0	0.5179189999999999	0.401382	0.755416	0.0	0.768151	-0.606826	-0.20422	0.0	-2.77462	1.9875599999999998	1.35279	1.74046e-05	-0.222296	0.602614	-0.766447	0.0	0.0125305	-0.7842859999999999	-0.620274	0.0	-0.974899	-0.147488	0.166792	0.0	2.54838	1.7652900000000002	1.1269799999999999	0.0	
3	-0.00859743	0.727008	-0.686575	0.0	-0.0324666	0.686036	0.726843	0.0	0.9994360000000001	0.028539599999999995	0.0177053	0.0	-2.681	1.90295	1.1174	0.0	-0.255706	0.5584359999999999	-0.789153	0.0	0.0168743	-0.813589	-0.581196	0.0	-0.966607	-0.161932	0.19861600000000001	0.0	2.5404299999999997	1.59023	1.0144600000000001	0.0	
3	-0.011711200000000001	0.704702	-0.7094060000000001	0.0	-0.0507358	0.708123	0.704264	0.0	0.9986430000000001	0.044240100000000004	0.0274607	0.0	-2.53992	1.9343700000000001	0.875863	0.0	-0.26648499999999997	0.563675	-0.781829	0.0	-0.0422281	-0.81721	-0.5747909999999999	0.0	-0.9629139999999999	-0.12015799999999999	0.241577	0.0	2.48275	1.5273299999999999	0.97372	0.0	
3	0.00350308	0.66555	-0.746345	0.0	-0.0710216	0.74463	0.6636880000000001	0.0	0.997469	0.0506816	0.0498769	0.0	-2.44823	1.92157	0.732696	0.0	-0.256965	0.550092	-0.794586	0.0	-0.061212800000000005	-0.829809	-0.5546810000000001	0.0	-0.9644799999999999	-0.0938944	0.24690399999999998	0.0	2.43621	1.5669799999999998	0.9800200000000001	0.0	
3	-0.00382673	0.49071099999999995	-0.8713139999999999	0.0	-0.0724553	0.868894	0.489667	0.0	0.9973639999999999	0.0650052	0.0322296	0.0	-2.40389	1.91495	0.649382	0.0	-0.163451	0.467534	-0.868733	0.0	-0.041045	-0.883035	-0.467509	0.0	-0.9856969999999999	-0.0407576	0.163523	0.0	2.36003	1.6469999999999998	0.8993469999999999	0.0	
3	-0.026675599999999997	0.42585500000000004	-0.9043979999999999	0.0	-0.12083599999999999	0.8967120000000001	0.4258	0.0	0.9923139999999999	0.12064200000000001	0.0275382	0.0	-2.33517	1.89736	0.511149	0.0	-0.157655	0.40022399999999997	-0.902755	0.0	-0.0671783	-0.916416	-0.394548	0.0	-0.9852069999999999	-0.00155689	0.17136400000000002	0.0	2.2839099999999997	1.63781	0.793243	0.0	
3	-0.0422299	0.350489	-0.935614	0.0	-0.13083399999999998	0.9264459999999999	0.35296	0.0	0.990505	0.13731600000000002	0.00673223	0.0	-2.30226	1.92295	0.48822	0.0	-0.154298	0.375307	-0.913968	0.0	-0.08887819999999999	-0.9265680000000001	-0.365477	0.0	-0.9840190000000001	0.0248396	0.176324	0.0	2.2221599999999997	1.67635	0.7364109999999999	0.0	
3	-0.0287685	0.33889600000000003	-0.940384	0.0	-0.140152	0.930113	0.339482	0.0	0.989712	0.14156300000000002	0.020738999999999997	0.0	-2.2429099999999997	1.94881	0.502393	0.0	-0.169286	0.42123999999999995	-0.8910100000000001	0.0	-0.0799979	-0.906949	-0.413576	0.0	-0.9823149999999999	0.00126624	0.18723199999999998	0.0	2.19565	1.72228	0.649788	0.0	
3	-0.035436199999999994	0.384363	-0.922502	0.0	-0.168283	0.9076059999999999	0.38461999999999996	0.0	0.985102	0.168871	0.032519799999999995	0.0	-2.2208	1.9537	0.48792700000000006	0.0	-0.17083299999999998	0.5377350000000001	-0.825626	0.0	-0.0213368	-0.839766	-0.542529	0.0	-0.9850690000000001	-0.07506560000000001	0.154933	0.0	2.22153	1.7109999999999999	0.606637	0.0	
3	-0.0337042	0.4102	-0.911373	0.0	-0.184647	0.8936370000000001	0.409046	0.0	0.9822270000000001	0.182069	0.0456228	0.0	-2.21143	1.9204400000000001	0.45973400000000003	0.0	-0.179254	0.559509	-0.8092090000000001	0.0	-0.025719299999999997	-0.824915	-0.564671	0.0	-0.983467	-0.08040710000000001	0.162259	0.0	2.29379	1.64642	0.536475	0.0	
3	-0.0387892	0.584805	-0.810246	0.0	-0.151265	0.798076	0.583262	0.0	0.9877319999999999	0.14518599999999998	0.0575038	0.0	-2.1738	1.89638	0.46617600000000003	0.0	-0.183789	0.548601	-0.815634	0.0	0.0298029	-0.826277	-0.562476	0.0	-0.9825139999999999	-0.127685	0.13551	0.0	2.32908	1.59376	0.49739099999999997	0.0	
3	-0.0424901	0.6002069999999999	-0.798715	0.0	-0.140035	0.787968	0.59958	0.0	0.9892340000000001	0.137324	0.050569199999999995	0.0	-2.1381799999999997	1.87041	0.44723900000000005	0.0	-0.198402	0.535551	-0.820866	0.0	0.0684918	-0.827892	-0.556689	0.0	-0.977725	-0.166671	0.127574	0.0	2.31433	1.53025	0.413362	0.0	
3	-0.0212073	0.5683229999999999	-0.822533	0.0	-0.0906767	0.818233	0.5676899999999999	0.0	0.995655	0.0866237	0.0341811	0.0	-2.0594	1.7476099999999999	0.327735	0.0	-0.180345	0.51641	-0.8371360000000001	0.0	0.0202972	-0.8489559999999999	-0.5280739999999999	0.0	-0.9833940000000001	-0.112227	0.142623	0.0	2.28689	1.4641600000000001	0.203806	0.0	
3	-0.0643823	0.548571	-0.833622	0.0	-0.0901163	0.8287459999999999	0.552322	0.0	0.993848	0.11068299999999999	-0.00392139	0.0	-2.0334	1.74564	0.116475	0.0	-0.17583	0.54388	-0.820535	0.0	-0.0223845	-0.835515	-0.549012	0.0	-0.984166	-0.07816530000000001	0.159083	0.0	2.22401	1.40936	0.0821658	0.0	
3	-0.13086	0.542932	-0.829518	0.0	0.00130576	0.836807	0.547496	0.0	0.9914	0.070562	-0.110213	0.0	-2.03979	1.8071400000000002	-0.09454019999999999	0.0	-0.17179	0.545867	-0.8200719999999999	0.0	-0.0317637	-0.835084	-0.549205	0.0	-0.9846209999999999	-0.0682995	0.160798	0.0	2.13947	1.4020299999999999	0.034919099999999995	0.0	
3	-0.13676	0.543779	-0.828011	0.0	0.00657547	0.8363440000000001	0.548165	0.0	0.990582	0.06952260000000002	-0.117954	0.0	-2.06487	1.8068099999999998	-0.186885	0.0	-0.172718	0.5457380000000001	-0.8199629999999999	0.0	-0.0399075	-0.835667	-0.547784	0.0	-0.9841629999999999	-0.0618895	0.166113	0.0	2.1207599999999998	1.41554	0.0249749	0.0	
3	-0.12953800000000001	0.552549	-0.8233530000000001	0.0	0.00130293	0.830443	0.5571020000000001	0.0	0.991574	0.0710931	-0.108294	0.0	-2.12005	1.7825099999999998	-0.293244	0.0	-0.146109	0.543798	-0.8264	0.0	-0.045468800000000004	-0.838173	-0.543506	0.0	-0.988223	-0.0418356	0.14719000000000002	0.0	2.0742599999999998	1.4787700000000001	-0.047668699999999994	0.0	
3	-0.13699999999999998	0.556458	-0.8195030000000001	0.0	-0.00641984	0.826788	0.562477	0.0	0.99055	0.0823203	-0.109697	0.0	-2.18197	1.7784099999999998	-0.382469	0.0	-0.116568	0.539872	-0.8336370000000001	0.0	-0.06299249999999999	-0.8416879999999999	-0.5362779999999999	0.0	-0.991183	-0.00999972	0.13212100000000002	0.0	2.05076	1.5384	-0.0848666	0.0	
3	-0.143497	0.561484	-0.81495	0.0	0.00344595	0.823751	0.566941	0.0	0.9896450000000001	0.07854630000000001	-0.12014100000000001	0.0	-2.22657	1.84018	-0.420358	0.0	-0.10488299999999999	0.530153	-0.84139	0.0	-0.06311599999999999	-0.847899	-0.5263869999999999	0.0	-0.9924799999999999	-0.00210354	0.12239100000000001	0.0	2.0472799999999998	1.60102	-0.115951	0.0	
3	-0.16050999999999999	0.564728	-0.809517	0.0	-0.00328827	0.8198409999999999	0.5725819999999999	0.0	0.987029	0.0945672	-0.129736	0.0	-2.26778	1.8892200000000001	-0.535583	0.0	-0.105143	0.538065	-0.8363200000000001	0.0	-0.0428467	-0.8426520000000001	-0.536752	0.0	-0.993534	-0.020602000000000002	0.111653	0.0	2.0519	1.6425299999999998	-0.21421199999999999	0.0	
3	-0.173501	0.5737720000000001	-0.800427	0.0	0.00290456	0.813048	0.58219	0.0	0.9848299999999999	0.0986853	-0.142731	0.0	-2.30871	1.9141	-0.654303	0.0	-0.07921210000000001	0.536871	-0.839938	0.0	-0.00273317	-0.842699	-0.538378	0.0	-0.9968540000000001	-0.040350300000000006	0.0682191	0.0	2.09077	1.69105	-0.34856	0.0	
3	-0.174157	0.58933	-0.788898	0.0	0.0101643	0.8021739999999999	0.597004	0.0	0.9846659999999999	0.0959534	-0.14569400000000002	0.0	-2.3426	1.92215	-0.735066	0.050035	-0.0666112	0.5419	-0.837799	0.0	0.027623500000000002	-0.838341	-0.544447	0.0	-0.997397	-0.0594091	0.040873400000000004	0.0	2.1120799999999997	1.6826299999999998	-0.45420299999999997	0.0	
3	-0.170336	0.603536	-0.778929	0.0	0.00852314	0.791354	0.6112989999999999	0.0	0.985349	0.0974872	-0.13994	0.0	-2.36532	1.92985	-0.810571	0.156701	-0.0498017	0.5501560000000001	-0.833575	0.0	0.047355699999999994	-0.8323719999999999	-0.552191	0.0	-0.9976360000000001	-0.06697460000000001	0.0154004	0.0	2.11686	1.6660700000000002	-0.552604	0.0	
3	-0.17312	0.626628	-0.759847	0.0	0.010085	0.772583	0.634833	0.0	0.984849	0.102239	-0.140069	0.0	-2.38545	1.9162299999999999	-0.865914	0.259393	-0.058280099999999994	0.562254	-0.824908	0.0	0.0993866	-0.81894	-0.565208	0.0	-0.993341	-0.114925	-0.00815274	0.0	2.09622	1.59006	-0.621792	0.0746362	
3	-0.17064300000000002	0.6464840000000001	-0.743599	0.0	0.0498189	0.759363	0.6487569999999999	0.0	0.984073	0.0736607	-0.161787	0.0	-2.38954	1.8116299999999999	-0.98316	0.332307	-0.07888730000000001	0.584743	-0.8073739999999999	0.0	0.124008	-0.797851	-0.589962	0.0	-0.9891399999999999	-0.146662	-0.00957257	0.0	2.0849599999999997	1.44213	-0.695152	0.262088	
3	-0.160237	0.670569	-0.7243350000000001	0.0	0.0475124	0.738206	0.6729	0.0	0.985934	0.0734086	-0.150148	0.0	-2.36836	1.67743	-1.12689	0.354678	-0.0942017	0.604863	-0.790738	0.0	0.156223	-0.7754489999999999	-0.611779	0.0	-0.9832190000000001	-0.181162	-0.021445	0.0	2.05404	1.2456200000000002	-0.818619	0.320766	
3	-0.150641	0.679665	-0.717888	0.0	0.0533911	0.730708	0.680599	0.0	0.987146	0.0641972	-0.14636300000000002	0.0	-2.3439900000000002	1.51662	-1.2845600000000001	0.354659	-0.127613	0.592845	-0.795141	0.0	0.20117100000000002	-0.76956	-0.606059	0.0	-0.971208	-0.2373	-0.0210572	0.0	2.03526	1.0329899999999999	-0.9393610000000001	0.334573	
3	-0.124661	0.681423	-0.721195	0.0	0.06614389999999999	0.730956	0.679212	0.0	0.989992	0.036968400000000005	-0.136193	0.0	-2.32228	1.29456	-1.43719	0.35432800000000003	-0.153856	0.58687	-0.794929	0.0	0.219296	-0.764163	-0.6066010000000001	0.0	-0.9634510000000001	-0.267654	-0.0111272	0.0	2.02662	0.810775	-1.01827	0.33523000000000003	
3	-0.0776028	0.674741	-0.733963	0.0	0.0854938	0.737975	0.6693899999999999	0.0	0.9933120000000001	-0.010802899999999999	-0.114955	0.0	-2.2856099999999997	1.03902	-1.52639	0.354696	-0.17106500000000002	0.578663	-0.797424	0.0	0.23308600000000002	-0.7626109999999999	-0.603403	0.0	-0.957292	-0.289089	-0.00442271	0.0	2.0359700000000003	0.628532	-1.0740299999999998	0.334149	
3	-0.0511935	0.671503	-0.739232	0.0	0.099772	0.739938	0.665235	0.0	0.993692	-0.039698800000000006	-0.104877	0.0	-2.24171	0.836067	-1.62485	0.35481999999999997	-0.202753	0.5661579999999999	-0.798972	0.0	0.254239	-0.7575029999999999	-0.601291	0.0	-0.94565	-0.32504299999999997	0.00964607	0.0	2.02699	0.46373400000000004	-1.11516	0.334685	
3	-0.0416386	0.6776409999999999	-0.734213	0.0	0.115712	0.7331770000000001	0.670122	0.0	0.99241	-0.05705419999999999	-0.10893900000000001	0.0	-2.19423	0.6837770000000001	-1.7419900000000001	0.354223	-0.211473	0.5606939999999999	-0.800563	0.0	0.261704	-0.756696	-0.599101	0.0	-0.9416959999999999	-0.336204	0.0132847	0.0	2.01689	0.329177	-1.25281	0.334696	
3	-0.0310539	0.684593	-0.728263	0.0	0.136682	0.724679	0.675395	0.0	0.9901280000000001	-0.0785668	-0.116076	0.0	-2.18843	0.534312	-1.88664	0.353956	-0.196022	0.5605859999999999	-0.804562	0.0	0.272532	-0.757011	-0.593853	0.0	-0.941967	-0.335677	-0.00438692	0.0	2.0108200000000003	0.270652	-1.37242	0.33453499999999997	
3	-0.0112865	0.689686	-0.724021	0.0	0.151978	0.716838	0.680475	0.0	0.9883190000000001	-0.102355	-0.112908	0.0	-2.21359	0.37249899999999997	-1.9855	0.353754	-0.20736300000000002	0.565046	-0.7985760000000001	0.0	0.288663	-0.744629	-0.6018319999999999	0.0	-0.9347059999999999	-0.355317	-0.00869907	0.0	1.9707	0.179308	-1.50504	0.33482399999999995	
3	0.0390577	0.69635	-0.716639	0.0	0.17109100000000002	0.7019350000000001	0.691387	0.0	0.9844809999999999	-0.149615	-0.09172360000000002	0.0	-2.2323	0.130917	-2.05652	0.353917	-0.22161399999999998	0.5605020000000001	-0.79795	0.0	0.308001	-0.736173	-0.602649	0.0	-0.925215	-0.379325	-0.00948907	0.0	1.94082	0.00430059	-1.6173	0.334308	
3	0.0771328	0.697178	-0.7127359999999999	0.0	0.181338	0.693133	0.697627	0.0	0.980391	-0.183056	-0.07296160000000002	0.0	-2.22436	-0.0445279	-2.08284	0.35384899999999997	-0.227358	0.5532020000000001	-0.801421	0.0	0.318459	-0.735486	-0.5980340000000001	0.0	-0.9202670000000001	-0.39118800000000004	-0.00895345	0.0	1.90962	-0.140399	-1.7397	0.33473800000000004	
3	0.09432539999999999	0.705439	-0.702466	0.0	0.18635	0.680629	0.7085319999999999	0.0	0.9779450000000001	-0.197737	-0.0672576	0.0	-2.24516	-0.164426	-2.1022	0.35359	-0.22703	0.55245	-0.802033	0.0	0.326396	-0.732746	-0.597117	0.0	-0.9175639999999999	-0.39734400000000003	-0.0139624	0.0	1.91412	-0.267873	-1.8331099999999998	0.33459	
3	0.105155	0.70333	-0.7030430000000001	0.0	0.18422	0.680949	0.708782	0.0	0.977244	-0.204046	-0.0579625	0.0	-2.28991	-0.277376	-2.14993	0.35282399999999997	-0.21318099999999998	0.553132	-0.8053560000000001	0.0	0.33942100000000003	-0.731033	-0.591932	0.0	-0.9161590000000001	-0.399543	-0.0319022	0.0	1.94543	-0.384739	-1.91917	0.334991	
3	0.103407	0.69499	-0.711545	0.0	0.186112	0.689225	0.700237	0.0	0.9770719999999999	-0.20483600000000002	-0.0580754	0.0	-2.3012099999999998	-0.363134	-2.24635	0.350549	-0.199261	0.548404	-0.812126	0.0	0.339826	-0.738648	-0.582166	0.0	-0.9191370000000001	-0.391984	-0.039178500000000005	0.0	1.9907	-0.46644300000000005	-2.06946	0.33550399999999997	
3	0.0971385	0.690934	-0.7163619999999999	0.0	0.183822	0.694928	0.695187	0.0	0.9781479999999999	-0.199213	-0.0595049	0.0	-2.33035	-0.454992	-2.35372	0.34512800000000005	-0.193496	0.553756	-0.8098850000000001	0.0	0.34372600000000003	-0.734904	-0.5846100000000001	0.0	-0.918919	-0.391498	-0.0481396	0.0	2.04128	-0.535057	-2.2084099999999998	0.33632199999999995	
3	0.08666230000000001	0.696443	-0.71236	0.0	0.188565	0.690658	0.698166	0.0	0.9782299999999999	-0.194831	-0.0714706	0.0	-2.3672400000000002	-0.498537	-2.47143	0.344292	-0.19012	0.551813	-0.812008	0.0	0.338607	-0.739487	-0.581811	0.0	-0.9215200000000001	-0.385565	-0.0462565	0.0	2.07842	-0.5746720000000001	-2.29261	0.337016	
3	0.0654165	0.70348	-0.7076979999999999	0.0	0.192074	0.687078	0.7007359999999999	0.0	0.9791979999999999	-0.18177000000000001	-0.0901736	0.0	-2.39874	-0.496565	-2.60081	0.343492	-0.18825799999999998	0.5562630000000001	-0.8094020000000001	0.0	0.338482	-0.736897	-0.5851609999999999	0.0	-0.921949	-0.384129	-0.0495582	0.0	2.10474	-0.596464	-2.3565400000000003	0.33894	
3	0.0614131	0.703608	-0.707929	0.0	0.191252	0.68783	0.7002229999999999	0.0	0.979618	-0.178396	-0.09232489999999999	0.0	-2.41367	-0.48472600000000005	-2.66813	0.344019	-0.19001400000000002	0.556578	-0.808774	0.0	0.338152	-0.736276	-0.586132	0.0	-0.921709	-0.384862	-0.0483052	0.0	2.11007	-0.606017	-2.34833	0.33965500000000004	
3	0.0585423	0.705856	-0.705932	0.0	0.191375	0.686094	0.70189	0.0	0.979769	-0.176188	-0.0949178	0.0	-2.41071	-0.47225500000000004	-2.71517	0.344254	-0.192497	0.553829	-0.8100729999999999	0.0	0.336656	-0.738139	-0.584648	0.0	-0.9217420000000001	-0.385259	-0.044360199999999995	0.0	2.11649	-0.6138779999999999	-2.34215	0.34121799999999997	
3	0.059657100000000005	0.7071729999999999	-0.704519	0.0	0.19272999999999998	0.6843359999999999	0.703235	0.0	0.9794370000000001	-0.177735	-0.095468	0.0	-2.4081599999999996	-0.465937	-2.74111	0.344124	-0.190529	0.550666	-0.8126899999999999	0.0	0.326468	-0.745193	-0.581469	0.0	-0.9258059999999999	-0.376104	-0.0377944	0.0	2.1286400000000003	-0.622889	-2.36361	0.345638	
3	0.055089099999999995	0.708787	-0.703268	0.0	0.197388	0.682707	0.703526	0.0	0.978776	-0.177574	-0.102297	0.0	-2.4138599999999997	-0.45961	-2.75503	0.343638	-0.187969	0.551042	-0.813032	0.0	0.314684	-0.750361	-0.5813189999999999	0.0	-0.930399	-0.365118	-0.0323596	0.0	2.1487700000000003	-0.636644	-2.39485	0.35215	
3	0.042908800000000004	0.707278	-0.7056319999999999	0.0	0.20180499999999998	0.685588	0.6994600000000001	0.0	0.9784860000000001	-0.172413	-0.11331400000000001	0.0	-2.4314299999999998	-0.45252700000000007	-2.76808	0.343024	-0.18345799999999998	0.552886	-0.81281	0.0	0.309814	-0.7521869999999999	-0.581576	0.0	-0.9329299999999999	-0.35851500000000003	-0.0332976	0.0	2.17414	-0.653007	-2.43895	0.353039	
3	0.0350616	0.705043	-0.7082970000000001	0.0	0.204257	0.688717	0.6956640000000001	0.0	0.978289	-0.16906600000000002	-0.11986199999999998	0.0	-2.44397	-0.447567	-2.77739	0.343074	-0.183642	0.550554	-0.81435	0.0	0.310942	-0.753366	-0.579444	0.0	-0.9325180000000001	-0.359626	-0.0328408	0.0	2.18295	-0.658431	-2.45919	0.352896	
3	0.0347753	0.703627	-0.7097180000000001	0.0	0.203618	0.690263	0.694317	0.0	0.978433	-0.168656	-0.11926700000000001	0.0	-2.4474099999999996	-0.448317	-2.7773	0.343444	-0.184873	0.5482199999999999	-0.815645	0.0	0.31145900000000004	-0.7544850000000001	-0.577707	0.0	-0.932103	-0.36084299999999997	-0.031263900000000004	0.0	2.18372	-0.660698	-2.46244	0.352786	
3	0.0348404	0.69845	-0.714811	0.0	0.201917	0.695575	0.689496	0.0	0.978783	-0.168354	-0.11679500000000001	0.0	-2.44676	-0.449351	-2.77961	0.343933	-0.184751	0.545959	-0.817188	0.0	0.310743	-0.756392	-0.575595	0.0	-0.932366	-0.36027800000000004	-0.0299089	0.0	2.1915	-0.6663359999999999	-2.44513	0.352865	
3	0.0352734	0.698422	-0.714816	0.0	0.204718	0.695044	0.689206	0.0	0.9781850000000001	-0.170646	-0.11846300000000001	0.0	-2.4641599999999997	-0.450165	-2.7734099999999997	0.34420700000000004	-0.183695	0.54168	-0.820267	0.0	0.30887	-0.760396	-0.571313	0.0	-0.9331969999999999	-0.35830300000000004	-0.0276278	0.0	2.1995	-0.671713	-2.4312400000000003	0.352879	
3	0.0364004	0.6975319999999999	-0.715629	0.0	0.20648200000000003	0.695401	0.688319	0.0	0.977773	-0.172819	-0.11871500000000001	0.0	-2.47838	-0.44856599999999996	-2.77779	0.344252	-0.18271600000000002	0.534351	-0.8252780000000001	0.0	0.302417	-0.768166	-0.564327	0.0	-0.9355	-0.352689	-0.0212406	0.0	2.20817	-0.681633	-2.41119	0.353074	
3	0.0359304	0.698437	-0.714769	0.0	0.20811100000000002	0.694321	0.688918	0.0	0.9774450000000001	-0.173504	-0.120405	0.0	-2.4957	-0.44849399999999995	-2.77513	0.34431100000000003	-0.17961	0.527085	-0.830615	0.0	0.296072	-0.776235	-0.5565979999999999	0.0	-0.938127	-0.345893	-0.016635900000000002	0.0	2.2126799999999998	-0.689341	-2.39411	0.353339	
3	0.03354480000000001	0.69943	-0.713913	0.0	0.20864699999999997	0.693675	0.6894060000000001	0.0	0.977416	-0.17208199999999998	-0.12266500000000001	0.0	-2.52458	-0.445883	-2.78182	0.344211	-0.179088	0.525392	-0.8318	0.0	0.293611	-0.778399	-0.5548770000000001	0.0	-0.9390000000000001	-0.343597	-0.0148588	0.0	2.21326	-0.6966479999999999	-2.3756	0.353607	
3	0.0316583	0.698612	-0.7148	0.0	0.209774	0.694585	0.6881470000000001	0.0	0.9772370000000001	-0.171732	-0.12456099999999999	0.0	-2.5615900000000003	-0.44594799999999996	-2.78116	0.34424	-0.177052	0.5242439999999999	-0.832959	0.0	0.29339699999999996	-0.779736	-0.55311	0.0	-0.9394530000000001	-0.342317	-0.0157584	0.0	2.23325	-0.70428	-2.35637	0.353815	
3	0.0312698	0.693446	-0.71983	0.0	0.210371	0.699483	0.682984	0.0	0.9771209999999999	-0.172788	-0.124008	0.0	-2.56147	-0.44501999999999997	-2.78452	0.343677	-0.172679	0.5214	-0.835658	0.0	0.293995	-0.782445	-0.54895	0.0	-0.9400790000000001	-0.340472	-0.0181772	0.0	2.26862	-0.707374	-2.35492	0.35387399999999997	
3	0.0421485	0.678651	-0.733251	0.0	0.214971	0.710554	0.6700010000000001	0.0	0.9757100000000001	-0.185867	-0.115942	0.0	-2.5592	-0.447486	-2.78428	0.334951	-0.171624	0.520634	-0.8363520000000001	0.0	0.296398	-0.782327	-0.547826	0.0	-0.9395180000000001	-0.341913	-0.0200488	0.0	2.28863	-0.70912	-2.3527099999999996	0.353455	
3	0.049098199999999995	0.66982	-0.740899	0.0	0.22531500000000002	0.715244	0.661558	0.0	0.9730479999999999	-0.199417	-0.115803	0.0	-2.57273	-0.444457	-2.7899	0.31294	-0.17011500000000002	0.520213	-0.8369219999999999	0.0	0.298746	-0.7821060000000001	-0.546864	0.0	-0.939048	-0.343057	-0.0223633	0.0	2.30677	-0.7078369999999999	-2.35863	0.353285	
3	0.0486466	0.669449	-0.741264	0.0	0.225973	0.7155229999999999	0.661031	0.0	0.9729180000000001	-0.199663	-0.11647	0.0	-2.573	-0.443018	-2.7924599999999997	0.31264899999999995	-0.17009000000000002	0.520246	-0.836907	0.0	0.298687	-0.782112	-0.546888	0.0	-0.9390719999999999	-0.342993	-0.0223615	0.0	2.30558	-0.707795	-2.3587	0.353285	
3	0.0486497	0.66945	-0.741262	0.0	0.22596599999999997	0.7155229999999999	0.661034	0.0	0.9729200000000001	-0.199659	-0.11646300000000001	0.0	-2.5729599999999997	-0.44304799999999994	-2.7924	0.312648	-0.17009100000000002	0.5202479999999999	-0.8369059999999999	0.0	0.298686	-0.782112	-0.54689	0.0	-0.9390719999999999	-0.342993	-0.0223608	0.0	2.30557	-0.707797	-2.35869	0.353285	
3	0.04864980000000001	0.66945	-0.741262	0.0	0.22596599999999997	0.7155229999999999	0.661034	0.0	0.9729200000000001	-0.199659	-0.11646300000000001	0.0	-2.5729599999999997	-0.44304899999999997	-2.7924	0.312648	-0.17009100000000002	0.5202479999999999	-0.8369059999999999	0.0	0.298686	-0.782112	-0.54689	0.0	-0.9390719999999999	-0.342993	-0.0223609	0.0	2.30557	-0.707797	-2.35869	0.353286	
3	0.04864980000000001	0.66945	-0.741262	0.0	0.22596599999999997	0.7155229999999999	0.661034	0.0	0.9729200000000001	-0.199659	-0.11646300000000001	0.0	-2.5729599999999997	-0.44304899999999997	-2.7924	0.312648	-0.17009100000000002	0.5202479999999999	-0.8369059999999999	0.0	0.298686	-0.782112	-0.54689	0.0	-0.9390719999999999	-0.342993	-0.0223609	0.0	2.30557	-0.707797	-2.35869	0.353285	
3	0.04864980000000001	0.66945	-0.741262	0.0	0.22596599999999997	0.7155229999999999	0.661034	0.0	0.9729200000000001	-0.199659	-0.11646300000000001	0.0	-2.5729599999999997	-0.44304899999999997	-2.7924	0.312648	-0.17009100000000002	0.520247	-0.8369059999999999	0.0	0.298686	-0.782112	-0.54689	0.0	-0.9390719999999999	-0.342993	-0.022360599999999998	0.0	2.30557	-0.707797	-2.35869	0.353285	
3	0.04864980000000001	0.66945	-0.741262	0.0	0.22596599999999997	0.7155229999999999	0.661034	0.0	0.9729200000000001	-0.199659	-0.11646300000000001	0.0	-2.5729599999999997	-0.44304899999999997	-2.7924	0.312648	-0.17009100000000002	0.520247	-0.8369059999999999	0.0	0.298686	-0.782112	-0.54689	0.0	-0.9390719999999999	-0.342993	-0.022360599999999998	0.0	2.30557	-0.707797	-2.35869	0.353285	
3	0.04864980000000001	0.66945	-0.741262	0.0	0.22596599999999997	0.7155229999999999	0.661034	0.0	0.9729200000000001	-0.199659	-0.11646300000000001	0.0	-2.5729599999999997	-0.44304899999999997	-2.7924	0.312648	-0.17009100000000002	0.520247	-0.8369059999999999	0.0	0.298686	-0.782112	-0.54689	0.0	-0.9390719999999999	-0.342993	-0.022360599999999998	0.0	2.30557	-0.707797	-2.35869	0.353285	
3	0.04864980000000001	0.66945	-0.741262	0.0	0.22596599999999997	0.7155229999999999	0.661034	0.0	0.9729200000000001	-0.199659	-0.11646300000000001	0.0	-2.5729599999999997	-0.44304899999999997	-2.7924	0.312648	-0.17009100000000002	0.520247	-0.8369059999999999	0.0	0.298686	-0.782112	-0.54689	0.0	-0.9390719999999999	-0.342993	-0.022360599999999998	0.0	2.30557	-0.707797	-2.35869	0.353285	
3	0.04864980000000001	0.66945	-0.741262	0.0	0.22596599999999997	0.7155229999999999	0.661034	0.0	0.9729200000000001	-0.199659	-0.11646300000000001	0.0	-2.5729599999999997	-0.44304899999999997	-2.7924	0.312648	-0.17009100000000002	0.5202479999999999	-0.8369059999999999	0.0	0.298686	-0.782112	-0.54689	0.0	-0.9390719999999999	-0.342993	-0.022360599999999998	0.0	2.30557	-0.707797	-2.35869	0.353285	
3	0.04864980000000001	0.66945	-0.741262	0.0	0.22596599999999997	0.7155229999999999	0.661034	0.0	0.9729200000000001	-0.199659	-0.11646300000000001	0.0	-2.5729599999999997	-0.44304899999999997	-2.7924	0.312648	-0.17009100000000002	0.520247	-0.8369059999999999	0.0	0.298686	-0.782112	-0.54689	0.0	-0.9390719999999999	-0.342993	-0.022360599999999998	0.0	2.30557	-0.707797	-2.35869	0.353285	
3	0.0486496	0.66945	-0.741263	0.0	0.22596599999999997	0.7155229999999999	0.661034	0.0	0.9729200000000001	-0.199659	-0.11646300000000001	0.0	-2.5729599999999997	-0.44304899999999997	-2.7924	0.312648	-0.17009100000000002	0.520247	-0.8369059999999999	0.0	0.298686	-0.782112	-0.54689	0.0	-0.9390719999999999	-0.342993	-0.022360599999999998	0.0	2.30557	-0.707797	-2.35869	0.353285	
3	-0.00381055	0.678194	-0.734873	0.0	0.126185	0.72933	0.672425	0.0	0.992	-0.090168	-0.08835739999999999	0.0	-2.56906	-0.47651899999999997	-2.81406	0.327988	-0.12301400000000001	0.532447	-0.837477	0.0	0.18265599999999999	-0.817322	-0.546463	0.0	-0.9754510000000001	-0.220192	0.00328763	0.0	2.28323	-0.6634260000000001	-2.3265	0.33587100000000003	
3	-0.0576486	0.698924	-0.712869	0.0	-0.0198907	0.7131109999999999	0.700769	0.0	0.9981389999999999	0.0545778	-0.027207799999999997	0.0	-2.55892	-0.338516	-2.66986	0.331995	-0.0429142	0.545147	-0.837242	0.0	-0.0277496	-0.838341	-0.5444399999999999	0.0	-0.998693	-0.000131041	0.051104199999999995	0.0	2.33358	-0.42929700000000004	-2.19645	0.320469	
3	-0.06132050000000001	0.733801	-0.6765909999999999	0.0	-0.057438499999999997	0.674149	0.736358	0.0	0.9964639999999999	0.08401619999999999	0.000809193	0.0	-2.63485	-0.0717914	-2.44936	0.324381	-0.0275004	0.5736859999999999	-0.818613	0.0	-0.07142589999999999	-0.817958	-0.5708270000000001	0.0	-0.997067	0.0427723	0.0634701	0.0	2.41759	-0.0990504	-1.96291	0.31552199999999997	
3	-0.07307280000000001	0.737409	-0.671482	0.0	-0.0840717	0.666331	0.740901	0.0	0.993777	0.11059200000000001	0.013304499999999999	0.0	-2.68607	0.018731099999999997	-2.40225	0.320258	-0.0209231	0.5893	-0.8076439999999999	0.0	-0.101114	-0.804926	-0.584697	0.0	-0.994655	0.0694307	0.0764278	0.0	2.45361	0.0251026	-1.8683900000000002	0.31609699999999996	
3	-0.0843115	0.756731	-0.648267	0.0	-0.146852	0.634042	0.7592260000000001	0.0	0.985559	0.159211	0.0576706	0.0	-2.7624400000000002	0.214523	-2.25695	0.312346	0.020432299999999997	0.6032029999999999	-0.797326	0.0	-0.18879300000000002	-0.780818	-0.5955520000000001	0.0	-0.9818040000000001	0.162698	0.09792630000000001	0.0	2.56924	0.326421	-1.66743	0.311551	
3	-0.08718039999999999	0.768069	-0.634405	0.0	-0.172343	0.615599	0.768983	0.0	0.9811719999999999	0.176375	0.0787028	0.0	-2.80016	0.24905	-2.18261	0.302898	0.0280899	0.6085619999999999	-0.793009	0.0	-0.223149	-0.7694840000000001	-0.598413	0.0	-0.9743799999999999	0.193769	0.114185	0.0	2.60795	0.418188	-1.5943399999999999	0.30646	
3	-0.09254689999999999	0.773382	-0.627149	0.0	-0.19299000000000002	0.603975	0.773285	0.0	0.976827	0.192598	0.0933589	0.0	-2.85778	0.331845	-2.0723700000000003	0.299172	0.039282	0.625138	-0.779525	0.0	-0.280621	-0.741829	-0.60905	0.0	-0.959015	0.242675	0.146286	0.0	2.6447	0.536461	-1.47179	0.29635	
3	-0.0891368	0.780061	-0.619322	0.0	-0.21088800000000002	0.5929180000000001	0.777158	0.0	0.9734379999999999	0.199881	0.11165499999999999	0.0	-2.85399	0.33414499999999997	-2.02236	0.297055	0.038036900000000005	0.629525	-0.776049	0.0	-0.282886	-0.738059	-0.612572	0.0	-0.958399	0.24283400000000002	0.15001	0.0	2.65029	0.555399	-1.44879	0.296559	
3	-0.0836557	0.801146	-0.592593	0.0	-0.229946	0.563109	0.793746	0.0	0.969601	0.202666	0.137113	0.0	-2.84543	0.325343	-1.9638099999999998	0.296143	0.0372075	0.643332	-0.764683	0.0	-0.277412	-0.728487	-0.626378	0.0	-0.9600299999999999	0.235438	0.151363	0.0	2.65722	0.536464	-1.4436	0.29875300000000005	
3	-0.0772528	0.8273440000000001	-0.556358	0.0	-0.211142	0.5317930000000001	0.820132	0.0	0.974398	0.180828	0.133604	0.0	-2.85422	0.278933	-1.97259	0.304413	0.03648680000000001	0.656022	-0.7538590000000001	0.0	-0.27519299999999997	-0.718599	-0.638658	0.0	-0.9606969999999999	0.23075900000000002	0.154313	0.0	2.65783	0.498331	-1.45233	0.309069	
3	-0.061231799999999996	0.847669	-0.526981	0.0	-0.184765	0.50922	0.840569	0.0	0.980873	0.148837	0.12543900000000002	0.0	-2.85432	0.21354	-1.98675	0.310795	0.034609	0.665242	-0.745825	0.0	-0.277413	-0.710551	-0.6466529999999999	0.0	-0.9601270000000001	0.229282	0.159956	0.0	2.653	0.461638	-1.46224	0.31761500000000004	
3	-0.0144447	0.8886930000000001	-0.458276	0.0	-0.08183969999999999	0.45573500000000006	0.886345	0.0	0.996541	0.050308099999999994	0.0661474	0.0	-2.8203099999999997	0.0393225	-2.07849	0.327424	0.00211334	0.699094	-0.7150270000000001	0.0	-0.240331	-0.693717	-0.678968	0.0	-0.9706889999999999	0.173278	0.166548	0.0	2.6223400000000003	0.310744	-1.48403	0.328117	
3	0.053701	0.9169350000000001	-0.395408	0.0	-0.0137483	0.396621	0.9178799999999999	0.0	0.9984629999999999	-0.043855	0.0339051	0.0	-2.83364	-0.18390399999999998	-2.16565	0.34008299999999997	-0.0431132	0.727751	-0.684485	0.0	-0.169469	-0.68052	-0.712862	0.0	-0.984592	0.085265	0.152671	0.0	2.54528	0.0696204	-1.52036	0.344853	
3	0.120322	0.92804	-0.352512	0.0	0.0401086	0.35025700000000004	0.935794	0.0	0.991924	-0.126736	0.00492144	0.0	-2.84364	-0.33885	-2.2160900000000003	0.34124	-0.0691556	0.74103	-0.667902	0.0	-0.128252	-0.670553	-0.730692	0.0	-0.9893280000000001	0.0351282	0.14140999999999998	0.0	2.50128	-0.067708	-1.5486799999999998	0.348583	
3	0.31345	0.910475	-0.269786	0.0	0.136007	0.23813	0.9616629999999999	0.0	0.939815	-0.33812600000000004	-0.0491892	0.0	-2.86901	-0.864384	-2.37368	0.347389	-0.14238199999999998	0.7466119999999999	-0.649844	0.0	-0.0549399	-0.661482	-0.747946	0.0	-0.9882860000000001	-0.07079169999999999	0.135202	0.0	2.42235	-0.42583699999999997	-1.6462599999999998	0.35018299999999997	
3	0.444396	0.862293	-0.24282199999999998	0.0	0.16187	0.189303	0.968485	0.0	0.881085	-0.469696	-0.05545359999999999	0.0	-2.91986	-1.27417	-2.44936	0.346574	-0.199527	0.734999	-0.648047	0.0	-0.0019871	-0.6616479999999999	-0.7498130000000001	0.0	-0.979891	-0.14832	0.13347699999999998	0.0	2.39853	-0.709019	-1.67756	0.350217	
3	0.5531510000000001	0.8006270000000001	-0.230262	0.0	0.17121	0.161247	0.97195	0.0	0.815298	-0.577058	-0.04788169999999999	0.0	-3.0167	-1.6769	-2.5261	0.347002	-0.24379	0.720499	-0.649189	0.0	0.0258278	-0.664326	-0.746997	0.0	-0.969484	-0.198878	0.143347	0.0	2.3732599999999997	-0.96598	-1.6970599999999998	0.35033000000000003	
3	0.617877	0.749247	-0.238446	0.0	0.17925	0.161048	0.970533	0.0	0.76557	-0.642411	-0.0347942	0.0	-3.12685	-1.9073900000000001	-2.5249200000000003	0.34627600000000003	-0.26259099999999996	0.71087	-0.652464	0.0	0.0372979	-0.668211	-0.743037	0.0	-0.9641860000000001	-0.21945100000000003	0.148952	0.0	2.36365	-1.08572	-1.69975	0.35041	
3	0.719174	0.628127	-0.29706	0.0	0.218232	0.201701	0.954825	0.0	0.659669	-0.751514	0.00798067	0.0	-3.40846	-2.34042	-2.40272	0.33592	-0.292638	0.697541	-0.654064	0.0	0.051412900000000004	-0.6715409999999999	-0.739182	0.0	-0.9548399999999999	-0.24994	0.160656	0.0	2.35288	-1.2976	-1.68097	0.350473	
3	0.7432350000000001	0.591082	-0.313407	0.0	0.256108	0.181401	0.949475	0.0	0.61807	-0.785949	-0.0165574	0.0	-3.7313099999999997	-2.4727799999999998	-2.4024	0.316366	-0.295218	0.696233	-0.6542979999999999	0.0	0.0501124	-0.6725949999999999	-0.738312	0.0	-0.9541149999999999	-0.250752	0.163672	0.0	2.35475	-1.3683100000000001	-1.6902	0.350457	
3	0.736931	0.59677	-0.31748899999999997	0.0	0.263772	0.17857699999999999	0.9479110000000001	0.0	0.6223810000000001	-0.782289	-0.0258123	0.0	-3.81938	-2.47067	-2.4428	0.316377	-0.294419	0.695468	-0.655471	0.0	0.050245	-0.673658	-0.737333	0.0	-0.954355	-0.250019	0.163394	0.0	2.35609	-1.36686	-1.6910599999999998	0.350408	
3	0.7455149999999999	0.594082	-0.302116	0.0	0.25674	0.16233	0.952751	0.0	0.615054	-0.787855	-0.0315055	0.0	-3.88206	-2.4226900000000002	-2.49819	0.319236	-0.294673	0.692978	-0.657989	0.0	0.047245300000000004	-0.6771560000000001	-0.734322	0.0	-0.9544299999999999	-0.24747199999999997	0.166799	0.0	2.3490900000000003	-1.34843	-1.6664400000000001	0.350483	
3	0.765652	0.5704520000000001	-0.297256	0.0	0.258546	0.150229	0.9542459999999999	0.0	0.589008	-0.807475	-0.032465	0.0	-3.90449	-2.4513700000000003	-2.46018	0.321031	-0.2964	0.692699	-0.657507	0.0	0.047675800000000004	-0.6768529999999999	-0.734572	0.0	-0.953873	-0.249075	0.167595	0.0	2.34251	-1.36099	-1.67005	0.35047	
3	0.772325	0.555344	-0.308395	0.0	0.27199	0.149628	0.9505959999999999	0.0	0.574052	-0.818049	-0.0354866	0.0	-3.96366	-2.45931	-2.46013	0.31996399999999997	-0.296569	0.69257	-0.657567	0.0	0.0492255	-0.676543	-0.734757	0.0	-0.953742	-0.250275	0.166549	0.0	2.34537	-1.3685	-1.6690900000000002	0.350281	
3	0.7715890000000001	0.555045	-0.310767	0.0	0.27268000000000003	0.152779	0.9498969999999999	0.0	0.5747140000000001	-0.817669	-0.0334668	0.0	-3.9765599999999997	-2.46795	-2.4561599999999997	0.32101199999999996	-0.297134	0.691238	-0.658712	0.0	0.048838	-0.677964	-0.733471	0.0	-0.953586	-0.25011	0.167687	0.0	2.34877	-1.37558	-1.6680099999999998	0.350376	
3	0.779195	0.532205	-0.33108000000000004	0.0	0.276506	0.182169	0.9435879999999999	0.0	0.562495	-0.826784	-0.00521268	0.0	-3.8763300000000003	-2.5225299999999997	-2.3741	0.32497800000000004	-0.297825	0.687723	-0.662071	0.0	0.046660400000000005	-0.682227	-0.72965	0.0	-0.9534799999999999	-0.2482	0.171095	0.0	2.34841	-1.3588	-1.6367200000000002	0.35031999999999996	
3	0.788696	0.5066430000000001	-0.34824099999999997	0.0	0.29101	0.191303	0.937399	0.0	0.541546	-0.840664	0.00344126	0.0	-3.8362300000000005	-2.5447	-2.32409	0.32597600000000004	-0.298119	0.687453	-0.662219	0.0	0.0470814	-0.682331	-0.729526	0.0	-0.953367	-0.248664	0.17105	0.0	2.34943	-1.35154	-1.62915	0.35034299999999996	
3	0.788609	0.478204	-0.38654499999999997	0.0	0.33402	0.194643	0.92225	0.0	0.516262	-0.856408	-0.00623226	0.0	-3.72316	-2.5642400000000003	-2.28609	0.325859	-0.298408	0.688347	-0.661159	0.0	0.047875	-0.681053	-0.730667	0.0	-0.9532370000000001	-0.24969	0.170277	0.0	2.3470299999999997	-1.36376	-1.63648	0.350134	
3	0.783037	0.46151800000000004	-0.416958	0.0	0.369929	0.19334	0.9087200000000001	0.0	0.500005	-0.865807	-0.019336000000000002	0.0	-3.65202	-2.5560099999999997	-2.27679	0.325518	-0.29987600000000003	0.686337	-0.662583	0.0	0.0468304	-0.68312	-0.728804	0.0	-0.9528280000000001	-0.24958000000000002	0.172709	0.0	2.34321	-1.37704	-1.6358	0.350306	
3	0.791192	0.419278	-0.44522	0.0	0.401981	0.19211	0.8952680000000001	0.0	0.460898	-0.887299	-0.0165458	0.0	-3.5655699999999997	-2.57519	-2.20988	0.324236	-0.301206	0.684359	-0.664025	0.0	0.0477586	-0.684664	-0.7272930000000001	0.0	-0.952363	-0.250778	0.17354	0.0	2.34196	-1.38258	-1.63032	0.350085	
3	0.792583	0.396359	-0.46337	0.0	0.423874	0.188146	0.885964	0.0	0.438341	-0.89861	-0.018884900000000003	0.0	-3.54009	-2.5897099999999997	-2.18909	0.322239	-0.30112300000000003	0.684235	-0.66419	0.0	0.047813800000000004	-0.684808	-0.7271529999999999	0.0	-0.9523860000000001	-0.25072	0.173495	0.0	2.34338	-1.38303	-1.62561	0.350051	
3	0.794868	0.34970999999999997	-0.49587	0.0	0.475297	0.14916400000000002	0.8670889999999999	0.0	0.37719600000000003	-0.9249069999999999	-0.0476504	0.0	-3.4706099999999998	-2.60511	-2.19518	0.32104699999999997	-0.300937	0.68179	-0.666782	0.0	0.0472481	-0.6876760000000001	-0.724479	0.0	-0.9524729999999999	-0.249527	0.174734	0.0	2.33975	-1.3779299999999999	-1.6179299999999999	0.350081	
3	0.796678	0.339792	-0.499845	0.0	0.48145	0.14318699999999998	0.864698	0.0	0.36538899999999996	-0.9295370000000001	-0.04951919999999999	0.0	-3.4595	-2.6061799999999997	-2.1939	0.321116	-0.30096	0.681392	-0.667179	0.0	0.046789	-0.688222	-0.7239899999999999	0.0	-0.9524879999999999	-0.24910900000000002	0.175246	0.0	2.33941	-1.37402	-1.61355	0.350018	
3	0.813347	0.25659899999999997	-0.522134	0.0	0.526856	0.0557924	0.8481209999999999	0.0	0.246758	-0.9649059999999999	-0.089812	0.0	-3.47592	-2.6094	-2.20316	0.319838	-0.30090300000000003	0.679841	-0.6687850000000001	0.0	0.0456525	-0.690214	-0.722164	0.0	-0.9525610000000001	-0.247833	0.176651	0.0	2.33435	-1.36622	-1.60263	0.350091	
3	0.817433	0.22675599999999999	-0.529514	0.0	0.538076	0.0275408	0.8424459999999999	0.0	0.20561300000000002	-0.973562	-0.0994995	0.0	-3.48947	-2.62549	-2.17497	0.31944	-0.30132600000000004	0.6793819999999999	-0.669061	0.0	0.0448124	-0.690809	-0.721648	0.0	-0.952468	-0.247433	0.177714	0.0	2.33002	-1.3691200000000001	-1.60186	0.35017800000000004	
3	0.812026	0.18526700000000002	-0.553435	0.0	0.565659	-0.016388	0.824476	0.0	0.143679	-0.9825520000000001	-0.11810599999999999	0.0	-3.5104699999999998	-2.6663099999999997	-2.14642	0.317432	-0.30292600000000003	0.6773680000000001	-0.67038	0.0	0.0440798	-0.69272	-0.719859	0.0	-0.951994	-0.247614	0.179984	0.0	2.31915	-1.37434	-1.59816	0.34991300000000003	
3	0.808557	0.16354200000000002	-0.565234	0.0	0.579013	-0.050073900000000005	0.813779	0.0	0.10478299999999999	-0.985265	-0.135181	0.0	-3.5468699999999997	-2.7191	-2.22084	0.309201	-0.304265	0.67575	-0.671405	0.0	0.043876099999999994	-0.694133	-0.7185090000000001	0.0	-0.951576	-0.24807600000000002	0.181551	0.0	2.3077900000000002	-1.38471	-1.60091	0.35002300000000003	
3	0.806359	0.157903	-0.569958	0.0	0.583808	-0.05833150000000001	0.809794	0.0	0.0946224	-0.9857299999999999	-0.139221	0.0	-3.5640699999999996	-2.7485	-2.24372	0.30033899999999997	-0.304267	0.674986	-0.6721729999999999	0.0	0.043613599999999995	-0.695018	-0.717669	0.0	-0.9515879999999999	-0.247678	0.182032	0.0	2.30635	-1.38279	-1.59971	0.35003	
3	0.799317	0.160301	-0.579133	0.0	0.594194	-0.0671706	0.801512	0.0	0.0895822	-0.9847799999999999	-0.14894000000000002	0.0	-3.5438300000000003	-2.86551	-2.3138099999999997	0.295204	-0.304906	0.674628	-0.672242	0.0	0.04286040000000001	-0.695419	-0.717326	0.0	-0.951418	-0.24753000000000003	0.183122	0.0	2.3005	-1.38608	-1.5989799999999998	0.34999600000000003	
3	0.7906569999999999	0.160128	-0.590949	0.0	0.6046	-0.052003	0.79483	0.0	0.0965434	-0.985726	-0.13793	0.0	-3.5117	-2.93087	-2.3371	0.296311	-0.306017	0.673653	-0.672715	0.0	0.0431342	-0.696078	-0.71667	0.0	-0.951048	-0.24833000000000002	0.183954	0.0	2.29514	-1.38715	-1.59217	0.350105	
3	0.7744770000000001	0.16326500000000002	-0.611171	0.0	0.6234149999999999	-0.032917400000000006	0.781198	0.0	0.107424	-0.9860329999999999	-0.127276	0.0	-3.4889	-3.05698	-2.34368	0.315697	-0.308616	0.671027	-0.6741510000000001	0.0	0.042995599999999995	-0.698181	-0.714629	0.0	-0.9502149999999999	-0.249532	0.186619	0.0	2.28977	-1.39581	-1.58948	0.350141	
3	0.728069	0.193957	-0.657493	0.0	0.665578	0.029563599999999995	0.745743	0.0	0.16408	-0.980564	-0.10756900000000001	0.0	-3.43875	-3.19532	-2.32009	0.345316	-0.312658	0.668235	-0.67506	0.0	0.045328	-0.699384	-0.713307	0.0	-0.948784	-0.25361999999999996	0.188378	0.0	2.28877	-1.40028	-1.5811600000000001	0.35021599999999997	
3	0.707865	0.206348	-0.675535	0.0	0.680208	0.0586341	0.730671	0.0	0.190382	-0.97672	-0.0988543	0.0	-3.3593599999999997	-3.2383599999999997	-2.30246	0.346674	-0.314773	0.666876	-0.6754220000000001	0.0	0.0465097	-0.6999029999999999	-0.712723	0.0	-0.9480270000000001	-0.25576	0.18929400000000002	0.0	2.2892099999999997	-1.41016	-1.57955	0.350209	
3	0.705571	0.197725	-0.680496	0.0	0.6846899999999999	0.0573285	0.726577	0.0	0.182674	-0.9785799999999999	-0.0949308	0.0	-3.3264199999999997	-3.25385	-2.29029	0.346675	-0.315612	0.666601	-0.6753020000000001	0.0	0.04688730000000001	-0.699852	-0.7127479999999999	0.0	-0.947729	-0.256615	0.189626	0.0	2.2897	-1.4181700000000002	-1.58386	0.35021199999999997	
