0	0.024878900000000002	0.821889	-0.5691039999999999	0.0	0.258834	0.5445720000000001	0.797776	0.0	0.965601	-0.167152	-0.199185	0.0	-2.72972	1.9575200000000001	1.13875	0.0	-0.336677	0.64669	-0.6844279999999999	0.0	0.133529	-0.6867270000000001	-0.714546	0.0	-0.932105	-0.331962	0.144853	0.0	2.62963	2.02979	1.4984600000000001	0.00783697	
0	0.022529499999999997	0.819114	-0.5731890000000001	0.0	0.244981	0.551331	0.797508	0.0	0.969266	-0.158388	-0.188246	0.0	-2.7022	1.93812	1.02814	0.0	-0.306084	0.640813	-0.70404	0.0	0.0578995	-0.725634	-0.6856399999999999	0.0	-0.950242	-0.250627	0.185002	0.0	2.65801	2.03261	1.36499	0.0	
0	0.0107075	0.788115	-0.6154350000000001	0.0	0.256091	0.592783	0.7635609999999999	0.0	0.966593	-0.16578299999999999	-0.195482	0.0	-2.6207599999999998	1.92645	0.8670950000000001	0.0	-0.294295	0.624814	-0.723186	0.0	0.0334666	-0.749495	-0.6611640000000001	0.0	-0.9551280000000001	-0.21878000000000003	0.199663	0.0	2.62174	1.99833	1.1595799999999998	0.0	
0	-0.015697	0.744592	-0.667335	0.0	0.308393	0.638484	0.7051470000000001	0.0	0.9511290000000001	-0.194733	-0.23964899999999997	0.0	-2.53213	1.92737	0.658885	0.0	-0.303111	0.635659	-0.709973	0.0	-0.0166554	-0.748442	-0.662991	0.0	-0.95281	-0.189135	0.237448	0.0	2.5346900000000003	1.8958400000000002	1.06892	0.0	
0	-0.00689747	0.7581600000000001	-0.652033	0.0	0.256364	0.6315970000000001	0.731685	0.0	0.966556	-0.16211099999999998	-0.198721	0.0	-2.47053	1.80208	0.39969499999999997	0.0	-0.325625	0.6170329999999999	-0.716408	0.0	0.0416959	-0.747595	-0.662845	0.0	-0.94458	-0.24570999999999998	0.217707	0.0	2.44095	1.65346	1.04538	0.0	
0	0.00745819	0.746228	-0.6656489999999999	0.0	0.190164	0.652461	0.733575	0.0	0.9817239999999999	-0.132053	-0.13703900000000002	0.0	-2.33511	1.6508900000000002	0.284373	0.0	-0.308212	0.562844	-0.76695	0.0	0.09028660000000001	-0.7852520000000001	-0.612558	0.0	-0.947024	-0.25804299999999997	0.191207	0.0	2.33397	1.44159	0.8510340000000001	0.0	
0	0.0100328	0.730949	-0.682358	0.0	0.131888	0.675463	0.725503	0.0	0.9912139999999999	-0.0972739	-0.0896269	0.0	-2.2515	1.5676299999999999	0.205393	0.0	-0.278725	0.527601	-0.802465	0.0	0.0879115	-0.8180529999999999	-0.568385	0.0	-0.9563389999999999	-0.228969	0.18162899999999998	0.0	2.30652	1.38477	0.711843	0.0	
0	-0.0269389	0.728834	-0.684161	0.0	0.0942613	0.683212	0.724111	0.0	0.995183	-0.0449831	-0.0871058	0.0	-2.16452	1.53914	0.08607569999999999	0.0	-0.26202600000000004	0.47951800000000006	-0.837499	0.0	0.0678568	-0.856518	-0.511638	0.0	-0.962672	-0.190892	0.191891	0.0	2.28721	1.37478	0.544341	0.0	
0	-0.0444608	0.744717	-0.665899	0.0	0.114105	0.665981	0.73719	0.0	0.9924729999999999	-0.043206699999999994	-0.114586	0.0	-2.14147	1.51987	-0.0184334	0.0	-0.262021	0.479729	-0.8373790000000001	0.0	0.0994858	-0.8496450000000001	-0.517886	0.0	-0.9599200000000001	-0.219005	0.174899	0.0	2.25808	1.3816	0.401476	0.0	
0	-0.0955932	0.735801	-0.670416	0.0	0.158272	0.676168	0.719546	0.0	0.982757	-0.037324	-0.181094	0.0	-2.14684	1.48387	-0.28524099999999997	0.0	-0.247021	0.535876	-0.8073520000000001	0.0	0.132857	-0.806575	-0.576009	0.0	-0.959859	-0.24954899999999997	0.128046	0.0	2.25087	1.37036	0.16403900000000002	0.0	
0	-0.117523	0.687022	-0.71707	0.0	0.163697	0.725598	0.6683640000000001	0.0	0.979485	-0.0388338	-0.197738	0.0	-2.1541	1.4519799999999998	-0.515519	0.0	-0.222861	0.560944	-0.797292	0.0	0.148827	-0.788696	-0.596497	0.0	-0.9634229999999999	-0.251594	0.09228560000000001	0.0	2.2526599999999997	1.32399	-0.03859509999999999	0.0	
0	-0.13679000000000002	0.633418	-0.7616229999999999	0.0	0.183556	0.7717430000000001	0.608867	0.0	0.9734450000000001	-0.0565134	-0.221835	0.0	-2.13524	1.35464	-0.7431840000000001	0.0	-0.19389800000000001	0.574329	-0.79533	0.0	0.161931	-0.7808579999999999	-0.603356	0.0	-0.967565	-0.24577800000000002	0.058405200000000004	0.0	2.2434	1.2828600000000001	-0.30908800000000003	0.0	
0	-0.230521	0.554253	-0.79979	0.0	0.22365500000000002	0.830101	0.510794	0.0	0.947016	-0.061128199999999994	-0.315317	0.0	-2.08534	1.1978	-1.21476	0.361193	-0.12574200000000002	0.6058180000000001	-0.785604	0.0	0.200015	-0.760146	-0.6182	0.0	-0.971691	-0.234866	-0.025590099999999998	0.0	2.19671	1.29928	-0.876458	0.09576289999999998	
0	-0.24823800000000001	0.591213	-0.767363	0.0	0.25814499999999996	0.803886	0.5358430000000001	0.0	0.9336700000000001	-0.0650747	-0.352174	0.0	-2.06872	1.1646100000000001	-1.51904	0.35691100000000003	-0.157423	0.614408	-0.773124	0.0	0.26015	-0.72943	-0.632656	0.0	-0.952649	-0.300723	-0.0450094	0.0	2.1372	1.14165	-1.16262	0.0704953	
0	-0.22186399999999998	0.671863	-0.706666	0.0	0.313664	0.735383	0.600688	0.0	0.923251	-0.0883846	-0.373894	0.0	-2.06915	1.0973	-1.6833799999999999	0.316923	-0.159828	0.607334	-0.778204	0.0	0.281819	-0.727456	-0.625609	0.0	-0.9460620000000001	-0.319302	-0.0548903	0.0	2.11821	0.983651	-1.3279299999999998	0.029035000000000002	
0	-0.215901	0.699886	-0.6808420000000001	0.0	0.34889699999999996	0.706551	0.615676	0.0	0.9119520000000001	-0.104619	-0.39673400000000003	0.0	-2.0685599999999997	1.00403	-1.8504900000000002	0.237461	-0.164298	0.603969	-0.77989	0.0	0.306226	-0.72034	-0.622364	0.0	-0.937674	-0.341075	-0.066601	0.0	2.10975	0.8530549999999999	-1.49465	0.0	
0	-0.216446	0.697825	-0.682782	0.0	0.372727	0.705451	0.602838	0.0	0.902344	-0.12401	-0.41279099999999996	0.0	-2.0827400000000003	0.9532079999999999	-1.92287	0.23534899999999997	-0.147005	0.597372	-0.7883760000000001	0.0	0.309289	-0.729308	-0.610286	0.0	-0.9395370000000001	-0.33355100000000004	-0.077549	0.0	2.1139799999999997	0.804754	-1.6163299999999998	0.0	
0	-0.20186199999999999	0.6883819999999999	-0.6966939999999999	0.0	0.387718	0.709392	0.58859	0.0	0.8994030000000001	-0.151307	-0.41009700000000004	0.0	-2.11622	0.788927	-2.11197	0.261324	-0.12168599999999999	0.575294	-0.808845	0.0	0.33076700000000003	-0.744818	-0.5795170000000001	0.0	-0.935834	-0.33805799999999997	-0.0996542	0.0	2.09934	0.6814640000000001	-1.8212099999999998	0.0	
0	-0.21823800000000002	0.661151	-0.7178100000000001	0.0	0.337056	0.7413420000000001	0.580349	0.0	0.915841	-0.11528800000000002	-0.38463400000000003	0.0	-2.08455	0.682603	-2.21897	0.33755599999999997	-0.0962837	0.539654	-0.836363	0.0	0.347366	-0.76922	-0.536319	0.0	-0.932774	-0.342163	-0.11339400000000001	0.0	2.0867400000000003	0.583994	-1.98482	0.0	
0	-0.193302	0.665967	-0.7205010000000001	0.0	0.31714499999999995	0.737341	0.596446	0.0	0.9284680000000001	-0.11320899999999999	-0.353738	0.0	-2.07649	0.510187	-2.25148	0.360527	-0.0706318	0.491333	-0.8681030000000001	0.0	0.369707	-0.7954	-0.48026499999999994	0.0	-0.9264600000000001	-0.35486599999999996	-0.125469	0.0	2.09245	0.43173900000000004	-2.17623	0.00034526699999999996	
0	-0.168432	0.677795	-0.715699	0.0	0.319308	0.724438	0.610927	0.0	0.9325629999999999	-0.125629	-0.338444	0.0	-2.13727	0.288028	-2.32175	0.359717	-0.0424284	0.465794	-0.883875	0.0	0.380594	-0.810434	-0.44536099999999995	0.0	-0.923768	-0.355294	-0.14289300000000002	0.0	2.1419599999999996	0.221386	-2.34375	0.0	
0	-0.161834	0.688588	-0.706864	0.0	0.327432	0.713195	0.619791	0.0	0.9309129999999999	-0.131147	-0.340884	0.0	-2.19998	0.213881	-2.36825	0.359086	-0.035481599999999995	0.443629	-0.895508	0.0	0.384577	-0.8210069999999999	-0.42195900000000003	0.0	-0.9224110000000001	-0.359363	-0.141479	0.0	2.18265	0.122251	-2.3969400000000003	0.0	
0	-0.183749	0.690639	-0.6994670000000001	0.0	0.33424699999999996	0.7130810000000001	0.616274	0.0	0.9244	-0.120555	-0.36187199999999997	0.0	-2.3839	0.10904900000000001	-2.54013	0.358041	-0.0148996	0.470783	-0.882123	0.0	0.35982600000000003	-0.820591	-0.44402200000000003	0.0	-0.9329	-0.324027	-0.157174	0.0	2.2717099999999997	-0.015822700000000002	-2.5373200000000002	0.124375	
0	-0.204501	0.696904	-0.687389	0.0	0.34	0.709079	0.617743	0.0	0.9179209999999999	-0.10738299999999999	-0.38195500000000004	0.0	-2.48371	0.08410989999999999	-2.70503	0.357515	-0.00221294	0.497424	-0.867505	0.0	0.3521	-0.811566	-0.466247	0.0	-0.93596	-0.30648000000000003	-0.173347	0.0	2.3365099999999996	-0.0770461	-2.63623	0.28022600000000003	
0	-0.217588	0.698258	-0.681976	0.0	0.342927	0.708862	0.616374	0.0	0.9138139999999999	-0.09975189999999999	-0.393691	0.0	-2.56025	0.0748175	-2.8852700000000002	0.357115	0.019908000000000002	0.488021	-0.872605	0.0	0.33259099999999997	-0.826304	-0.454539	0.0	-0.9428610000000001	-0.281171	-0.17876199999999998	0.0	2.3898200000000003	-0.13050599999999998	-2.6814400000000003	0.26561599999999996	
0	-0.2382	0.687806	-0.685699	0.0	0.33789600000000003	0.720604	0.6054390000000001	0.0	0.910542	-0.0874793	-0.404055	0.0	-2.5994099999999998	0.08217630000000001	-3.01147	0.356342	0.024707800000000002	0.489137	-0.871857	0.0	0.330248	-0.827155	-0.45469899999999996	0.0	-0.9435709999999999	-0.276694	-0.181974	0.0	2.43692	-0.13158399999999998	-2.74018	0.266511	
0	-0.24765500000000001	0.6832779999999999	-0.686875	0.0	0.337613	0.725387	0.5998600000000001	0.0	0.908122	-0.08333919999999999	-0.410329	0.0	-2.62128	0.0840788	-3.08196	0.356404	0.026335300000000002	0.49075799999999997	-0.870898	0.0	0.32955300000000004	-0.82676	-0.45592	0.0	-0.9437700000000001	-0.275	-0.183503	0.0	2.46828	-0.126639	-2.77855	0.271098	
0	-0.238659	0.675829	-0.697351	0.0	0.34530900000000003	0.730229	0.589515	0.0	0.9076360000000001	-0.100108	-0.407645	0.0	-2.66331	0.034673199999999994	-3.08534	0.355281	0.029276299999999998	0.494328	-0.8687819999999999	0.0	0.323511	-0.82706	-0.459687	0.0	-0.9457709999999999	-0.26760300000000004	-0.184134	0.0	2.4784900000000003	-0.124898	-2.79088	0.288445	
0	-0.239616	0.668008	-0.704521	0.0	0.34125500000000003	0.7373069999999999	0.58303	0.0	0.908917	-0.10071799999999999	-0.404632	0.0	-2.68788	0.00940498	-3.11547	0.354608	0.0294389	0.49515299999999995	-0.8683069999999999	0.0	0.321745	-0.8271459999999999	-0.460772	0.0	-0.946369	-0.265808	-0.18366300000000002	0.0	2.4603	-0.123367	-2.78872	0.311998	
0	-0.23784299999999997	0.6637390000000001	-0.709141	0.0	0.343358	0.7404069999999999	0.577843	0.0	0.90859	-0.106053	-0.404001	0.0	-2.70533	0.00183364	-3.12551	0.35484299999999996	0.029439299999999998	0.49334300000000003	-0.869337	0.0	0.320029	-0.828585	-0.459379	0.0	-0.946951	-0.264689	-0.182277	0.0	2.4373400000000003	-0.121751	-2.78815	0.31912399999999996	
0	-0.23273899999999997	0.649041	-0.724278	0.0	0.34806	0.750989	0.561132	0.0	0.9081229999999999	-0.121494	-0.40068899999999996	0.0	-2.7317	0.00313674	-3.12143	0.354952	0.028571	0.492508	-0.8698389999999999	0.0	0.31936	-0.829084	-0.45894300000000005	0.0	-0.947203	-0.264679	-0.180975	0.0	2.42639	-0.13001300000000002	-2.7580299999999998	0.330057	
0	-0.234044	0.62895	-0.7413810000000001	0.0	0.361199	0.764231	0.534309	0.0	0.90264	-0.142735	-0.406039	0.0	-2.75657	0.0009764960000000001	-3.07101	0.35624	0.028638099999999996	0.486279	-0.873334	0.0	0.321705	-0.831692	-0.45254300000000003	0.0	-0.946407	-0.267996	-0.180256	0.0	2.4172700000000003	-0.135899	-2.72463	0.334123	
0	-0.241325	0.6009760000000001	-0.7619640000000001	0.0	0.363025	0.7840699999999999	0.503436	0.0	0.8999860000000001	-0.155121	-0.407385	0.0	-2.7574400000000003	0.039943	-3.07369	0.35504	0.0285992	0.48193500000000006	-0.87574	0.0	0.320137	-0.834368	-0.448712	0.0	-0.94694	-0.267524	-0.178147	0.0	2.4184900000000003	-0.140548	-2.70955	0.339959	
0	-0.240581	0.587954	-0.7722899999999999	0.0	0.371743	0.790805	0.486246	0.0	0.8966200000000001	-0.17011199999999999	-0.40881999999999996	0.0	-2.75733	0.0703721	-3.0552900000000003	0.34926	0.0303343	0.479937	-0.8767780000000001	0.0	0.320998	-0.8353950000000001	-0.446179	0.0	-0.946594	-0.267909	-0.1794	0.0	2.41503	-0.143281	-2.69544	0.33771999999999996	
0	-0.24693299999999999	0.579684	-0.776525	0.0	0.379616	0.7951590000000001	0.47287799999999997	0.0	0.891581	-0.17801199999999998	-0.416408	0.0	-2.78172	0.11059300000000001	-3.03957	0.338958	0.033377199999999996	0.47626999999999997	-0.878666	0.0	0.323181	-0.837067	-0.441445	0.0	-0.9457479999999999	-0.26923400000000003	-0.181861	0.0	2.40752	-0.144796	-2.67275	0.332889	
0	-0.253617	0.566437	-0.7841090000000001	0.0	0.38398000000000004	0.802964	0.45586099999999996	0.0	0.887827	-0.185468	-0.421146	0.0	-2.8127299999999997	0.14456	-2.99125	0.33068600000000004	0.0407858	0.467192	-0.883215	0.0	0.330859	-0.8403959999999999	-0.429263	0.0	-0.9427979999999999	-0.274712	-0.188851	0.0	2.39485	-0.132736	-2.66485	0.32960500000000004	
0	-0.25995	0.557765	-0.788242	0.0	0.383329	0.8088350000000001	0.445921	0.0	0.8862760000000001	-0.18623900000000002	-0.42406400000000005	0.0	-2.81209	0.20667199999999997	-3.0131799999999997	0.331987	0.0415341	0.457983	-0.88799	0.0	0.333239	-0.844218	-0.41981999999999997	0.0	-0.9419270000000001	-0.278476	-0.187682	0.0	2.3916	-0.120073	-2.6758	0.330906	
0	-0.259797	0.544496	-0.797515	0.0	0.374697	0.818006	0.43642600000000004	0.0	0.8900040000000001	-0.185444	-0.416537	0.0	-2.7862299999999998	0.238702	-2.97327	0.332462	0.0428223	0.45034399999999997	-0.8918280000000001	0.0	0.335075	-0.8474200000000001	-0.41183100000000006	0.0	-0.941218	-0.28119299999999997	-0.18718800000000002	0.0	2.38915	-0.11336900000000001	-2.6799	0.33066100000000004	
0	-0.259728	0.544317	-0.797659	0.0	0.374743	0.818087	0.43623599999999996	0.0	0.8900049999999999	-0.185615	-0.416459	0.0	-2.78557	0.239102	-2.97421	0.332447	0.04277380000000001	0.450692	-0.8916540000000001	0.0	0.33511599999999997	-0.84724	-0.412167	0.0	-0.941205	-0.28117800000000004	-0.187274	0.0	2.38823	-0.11361900000000001	-2.67897	0.330664	
0	-0.259725	0.544317	-0.79766	0.0	0.374744	0.818087	0.43623599999999996	0.0	0.890006	-0.185617	-0.41645699999999997	0.0	-2.7856099999999997	0.23905	-2.97427	0.332446	0.0427745	0.45070200000000005	-0.891649	0.0	0.335119	-0.8472350000000001	-0.412175	0.0	-0.941204	-0.28117800000000004	-0.187279	0.0	2.38824	-0.113624	-2.67896	0.330663	
0	-0.259726	0.544317	-0.79766	0.0	0.374744	0.818087	0.43623599999999996	0.0	0.890006	-0.185617	-0.416458	0.0	-2.7856099999999997	0.23905	-2.97427	0.332447	0.0427745	0.45070200000000005	-0.891649	0.0	0.335119	-0.8472350000000001	-0.412175	0.0	-0.941204	-0.28117800000000004	-0.187279	0.0	2.38824	-0.113624	-2.67896	0.330664	
0	-0.259725	0.544317	-0.79766	0.0	0.374744	0.818087	0.43623599999999996	0.0	0.890006	-0.185617	-0.41645699999999997	0.0	-2.7856099999999997	0.23905	-2.97427	0.332447	0.0427745	0.45070200000000005	-0.891649	0.0	0.335119	-0.8472350000000001	-0.412175	0.0	-0.941204	-0.28117800000000004	-0.187279	0.0	2.38824	-0.113624	-2.67896	0.330663	
0	-0.259725	0.544317	-0.79766	0.0	0.374744	0.818087	0.43623599999999996	0.0	0.8900049999999999	-0.185617	-0.41645699999999997	0.0	-2.7856099999999997	0.23905	-2.97427	0.332447	0.0427745	0.45070200000000005	-0.891649	0.0	0.335119	-0.8472350000000001	-0.412175	0.0	-0.941204	-0.28117800000000004	-0.187279	0.0	2.38824	-0.113624	-2.67896	0.330664	
0	-0.259725	0.544317	-0.79766	0.0	0.374744	0.818087	0.43623599999999996	0.0	0.890006	-0.185617	-0.41645699999999997	0.0	-2.7856099999999997	0.23905	-2.97427	0.332447	0.0427745	0.45070200000000005	-0.891649	0.0	0.335119	-0.8472350000000001	-0.412175	0.0	-0.941204	-0.28117800000000004	-0.187279	0.0	2.38824	-0.113624	-2.67896	0.330664	
0	-0.259725	0.544317	-0.79766	0.0	0.374744	0.818087	0.43623599999999996	0.0	0.890006	-0.185617	-0.41645699999999997	0.0	-2.7856099999999997	0.23905	-2.97427	0.332447	0.0427745	0.45070200000000005	-0.891649	0.0	0.335119	-0.8472350000000001	-0.412175	0.0	-0.941204	-0.28117800000000004	-0.187279	0.0	2.38824	-0.113624	-2.67896	0.330664	
0	-0.259726	0.544317	-0.79766	0.0	0.374744	0.818087	0.43623599999999996	0.0	0.890006	-0.185617	-0.41645699999999997	0.0	-2.7856099999999997	0.23905	-2.97427	0.332447	0.0427745	0.45070200000000005	-0.891649	0.0	0.335119	-0.8472350000000001	-0.412175	0.0	-0.941204	-0.28117800000000004	-0.187279	0.0	2.38824	-0.113624	-2.67896	0.330664	
0	-0.259726	0.544317	-0.79766	0.0	0.374744	0.818087	0.43623599999999996	0.0	0.890006	-0.185617	-0.41645699999999997	0.0	-2.7856099999999997	0.23905	-2.97427	0.332447	0.042774599999999996	0.45070200000000005	-0.891649	0.0	0.335119	-0.8472350000000001	-0.412175	0.0	-0.941204	-0.28117800000000004	-0.187279	0.0	2.38824	-0.113624	-2.67896	0.330664	
0	-0.259725	0.544317	-0.79766	0.0	0.374744	0.818087	0.43623599999999996	0.0	0.890006	-0.185617	-0.41645699999999997	0.0	-2.7856099999999997	0.23905	-2.97427	0.332447	0.0427745	0.45070200000000005	-0.891649	0.0	0.335119	-0.8472350000000001	-0.412175	0.0	-0.941204	-0.28117800000000004	-0.187279	0.0	2.38824	-0.113624	-2.67896	0.330664	
0	-0.259725	0.544317	-0.79766	0.0	0.374744	0.818087	0.43623599999999996	0.0	0.890006	-0.185617	-0.41645699999999997	0.0	-2.7856099999999997	0.23905	-2.97427	0.332447	0.042774599999999996	0.45070200000000005	-0.891649	0.0	0.335119	-0.8472350000000001	-0.412175	0.0	-0.941204	-0.28117800000000004	-0.187279	0.0	2.38824	-0.113624	-2.67896	0.330664	
0	-0.259725	0.544317	-0.79766	0.0	0.374744	0.818087	0.43623599999999996	0.0	0.890006	-0.185617	-0.41645699999999997	0.0	-2.7856099999999997	0.23905	-2.97427	0.332447	0.042774599999999996	0.450701	-0.891649	0.0	0.335119	-0.8472350000000001	-0.412175	0.0	-0.941204	-0.28117800000000004	-0.187279	0.0	2.38824	-0.113624	-2.67896	0.330664	
0	-0.259725	0.544317	-0.79766	0.0	0.374744	0.818087	0.43623599999999996	0.0	0.890006	-0.185617	-0.41645699999999997	0.0	-2.7856099999999997	0.23905	-2.97427	0.332447	0.042774599999999996	0.45070200000000005	-0.891649	0.0	0.335119	-0.8472350000000001	-0.412175	0.0	-0.941204	-0.28117800000000004	-0.187279	0.0	2.38824	-0.113624	-2.67896	0.330664	
0	-0.259726	0.544317	-0.79766	0.0	0.374744	0.818087	0.43623599999999996	0.0	0.890006	-0.185617	-0.416458	0.0	-2.7856099999999997	0.23905	-2.97427	0.332447	0.0427745	0.45070200000000005	-0.891649	0.0	0.335119	-0.8472350000000001	-0.412175	0.0	-0.941204	-0.28117800000000004	-0.187279	0.0	2.38824	-0.113624	-2.67896	0.330664	
0	-0.259726	0.544317	-0.79766	0.0	0.374744	0.818087	0.43623599999999996	0.0	0.890006	-0.185617	-0.41645699999999997	0.0	-2.7856099999999997	0.23905	-2.97427	0.332446	0.0427745	0.45070200000000005	-0.891649	0.0	0.335119	-0.8472350000000001	-0.412175	0.0	-0.941204	-0.28117800000000004	-0.187279	0.0	2.38824	-0.113624	-2.67896	0.330664	
0	-0.259726	0.544317	-0.79766	0.0	0.374744	0.818087	0.43623599999999996	0.0	0.890006	-0.185617	-0.41645699999999997	0.0	-2.7856099999999997	0.23905	-2.97427	0.332446	0.0427745	0.45070200000000005	-0.891649	0.0	0.335119	-0.8472350000000001	-0.412175	0.0	-0.941204	-0.28117800000000004	-0.187279	0.0	2.38824	-0.113624	-2.67896	0.330664	
0	-0.259726	0.544317	-0.79766	0.0	0.374744	0.818087	0.43623599999999996	0.0	0.890006	-0.185617	-0.41645699999999997	0.0	-2.7856099999999997	0.23905	-2.97427	0.332447	0.0427745	0.45070200000000005	-0.891649	0.0	0.335119	-0.8472350000000001	-0.412175	0.0	-0.941204	-0.28117800000000004	-0.187279	0.0	2.38824	-0.113624	-2.67896	0.330664	
0	-0.259726	0.544317	-0.79766	0.0	0.374744	0.818087	0.43623599999999996	0.0	0.890006	-0.185617	-0.41645699999999997	0.0	-2.7856099999999997	0.23905	-2.97427	0.332447	0.0427745	0.45070200000000005	-0.891649	0.0	0.335119	-0.8472350000000001	-0.412175	0.0	-0.941204	-0.28117800000000004	-0.187279	0.0	2.38824	-0.113624	-2.67896	0.330664	
0	-0.259725	0.544317	-0.79766	0.0	0.374744	0.818087	0.43623599999999996	0.0	0.8900049999999999	-0.185617	-0.41645699999999997	0.0	-2.7856099999999997	0.23905	-2.97427	0.332447	0.0427745	0.45070200000000005	-0.891649	0.0	0.335119	-0.8472350000000001	-0.412175	0.0	-0.941204	-0.28117800000000004	-0.187279	0.0	2.38824	-0.113624	-2.67896	0.330664	
0	-0.192976	0.8213360000000001	-0.536813	0.0	-0.11620899999999999	0.5241140000000001	0.8436819999999999	0.0	0.974298	0.22519299999999998	-0.00569439	0.0	-2.74868	0.257932	-2.99512	0.322342	0.032576999999999995	0.54264	-0.839333	0.0	-0.08096489999999999	-0.8355870000000001	-0.5433600000000001	0.0	-0.996185	0.0856576	0.0167138	0.0	2.37225	-0.0537367	-2.63532	0.333242	
0	-0.189654	0.8286899999999999	-0.526598	0.0	-0.128253	0.510827	0.8500629999999999	0.0	0.9734389999999999	0.228756	0.00940168	0.0	-2.75679	0.26965	-3.00504	0.323399	0.0295074	0.551438	-0.833694	0.0	-0.0775347	-0.830282	-0.551925	0.0	-0.996553	0.08092619999999999	0.018255900000000002	0.0	2.36502	-0.0768002	-2.63614	0.334517	
0	-0.186398	0.838461	-0.512092	0.0	-0.132442	0.495025	0.858725	0.0	0.973507	0.22788699999999998	0.018775999999999998	0.0	-2.73935	0.234402	-3.02631	0.323178	0.0272949	0.5607449999999999	-0.8275379999999999	0.0	-0.0778182	-0.824142	-0.5610109999999999	0.0	-0.9965940000000001	0.07971030000000001	0.0211414	0.0	2.35341	-0.11468800000000001	-2.65269	0.335928	
0	-0.180647	0.851202	-0.49276899999999996	0.0	-0.129865	0.475983	0.869813	0.0	0.974937	0.22112300000000001	0.0245571	0.0	-2.73429	0.19834000000000002	-3.05776	0.322544	0.027518	0.575651	-0.817232	0.0	-0.0767327	-0.813913	-0.575897	0.0	-0.9966719999999999	0.078556	0.0217739	0.0	2.33451	-0.171381	-2.6795	0.33650399999999997	
0	-0.10765699999999999	0.875892	-0.470344	0.0	-0.0293242	0.470091	0.882131	0.0	0.9937549999999999	0.10876	-0.0249237	0.0	-2.77776	-0.060486	-3.11196	0.32903000000000004	0.00288558	0.593933	-0.804509	0.0	-0.06548380000000001	-0.802674	-0.592813	0.0	-0.99785	0.054393	0.0365765	0.0	2.27643	-0.358634	-2.75888	0.338206	
0	-0.06868450000000001	0.867417	-0.49281800000000003	0.0	0.0284365	0.495486	0.86815	0.0	0.997233	0.0456143	-0.0586987	0.0	-2.80097	-0.182246	-3.13605	0.33823200000000003	-0.011731	0.59282	-0.80525	0.0	-0.05329590000000001	-0.804531	-0.591515	0.0	-0.99851	0.035977499999999996	0.041032599999999995	0.0	2.24875	-0.448408	-2.78024	0.338278	
0	0.09136160000000002	0.822384	-0.561549	0.0	0.17901199999999998	0.541158	0.8216459999999999	0.0	0.9795959999999999	-0.175591	-0.0977756	0.0	-2.91953	-0.702716	-3.1878599999999997	0.335069	-0.059453399999999997	0.582983	-0.810307	0.0	-0.0057869	-0.81193	-0.583726	0.0	-0.9982139999999999	-0.0300153	0.0516456	0.0	2.11247	-0.783801	-2.84269	0.338925	
0	0.254169	0.759898	-0.598292	0.0	0.32898099999999997	0.513792	0.7923319999999999	0.0	0.909488	-0.398213	-0.119402	0.0	-3.07223	-1.3501299999999998	-3.27068	0.346182	-0.09254989999999999	0.5778439999999999	-0.810883	0.0	0.0494241	-0.810708	-0.583361	0.0	-0.994481	-0.094067	0.0464713	0.0	2.0461400000000003	-1.07231	-2.92901	0.339364	
0	0.300632	0.73055	-0.613121	0.0	0.368902	0.5037520000000001	0.781118	0.0	0.8795059999999999	-0.46101099999999995	-0.118058	0.0	-3.14641	-1.56211	-3.28024	0.348033	-0.104752	0.569121	-0.815554	0.0	0.0604539	-0.814905	-0.576433	0.0	-0.9926590000000001	-0.10968599999999999	0.050957199999999994	0.0	2.02791	-1.17516	-2.96018	0.339306	
0	0.448482	0.599378	-0.66303	0.0	0.5246970000000001	0.42398500000000006	0.7381939999999999	0.0	0.723572	-0.6789569999999999	-0.12434200000000001	0.0	-3.43724	-2.2031400000000003	-3.3064699999999996	0.34946	-0.130251	0.549481	-0.825291	0.0	0.0945698	-0.821702	-0.562017	0.0	-0.9869610000000001	-0.151251	0.0550633	0.0	1.98993	-1.38887	-3.01059	0.339287	
0	0.5071479999999999	0.5105609999999999	-0.694355	0.0	0.6094689999999999	0.357187	0.707789	0.0	0.609384	-0.782141	-0.130024	0.0	-3.8436800000000004	-2.62974	-3.29199	0.348885	-0.13335	0.5446880000000001	-0.8279690000000001	0.0	0.09427360000000001	-0.8246709999999999	-0.557702	0.0	-0.986575	-0.152425	0.058619500000000005	0.0	1.97775	-1.48175	-3.0244299999999997	0.338783	
0	0.509604	0.495059	-0.703719	0.0	0.629609	0.342886	0.697153	0.0	0.586427	-0.798339	-0.136957	0.0	-4.11736	-2.77638	-3.3609400000000003	0.34831599999999996	-0.135103	0.537145	-0.8326	0.0	0.0898547	-0.830199	-0.550178	0.0	-0.986749	-0.149144	0.0638975	0.0	1.98029	-1.4546700000000001	-2.95499	0.338998	
0	0.5108739999999999	0.476017	-0.715832	0.0	0.652075	0.328038	0.683512	0.0	0.560184	-0.8159649999999999	-0.14281300000000002	0.0	-4.24142	-2.78583	-3.35883	0.34799	-0.135184	0.533964	-0.8346309999999999	0.0	0.0918079	-0.831989	-0.547144	0.0	-0.986558	-0.150591	0.0634493	0.0	1.98242	-1.44374	-2.9221	0.338525	
0	0.5122680000000001	0.460901	-0.7246739999999999	0.0	0.661938	0.325726	0.675086	0.0	0.547192	-0.825514	-0.138229	0.0	-4.26502	-2.79491	-3.33831	0.347841	-0.134828	0.532788	-0.8354389999999999	0.0	0.09164510000000001	-0.8328180000000001	-0.5459069999999999	0.0	-0.9866219999999999	-0.150167	0.0634595	0.0	1.98301	-1.4441700000000002	-2.9186099999999997	0.33864299999999997	
0	0.521633	0.41601000000000005	-0.744873	0.0	0.684289	0.31743499999999997	0.656493	0.0	0.5095569999999999	-0.8521559999999999	-0.11908599999999998	0.0	-4.2845	-2.86786	-3.23904	0.348235	-0.135541	0.5313859999999999	-0.836217	0.0	0.0883748	-0.8341569999999999	-0.544401	0.0	-0.986823	-0.14768900000000001	0.06610089999999999	0.0	1.98115	-1.44868	-2.91297	0.33881100000000003	
0	0.5277470000000001	0.402478	-0.7479939999999999	0.0	0.6809310000000001	0.325945	0.6558149999999999	0.0	0.507756	-0.8554370000000001	-0.102043	0.0	-4.27997	-2.88763	-3.19971	0.34851	-0.136487	0.5298930000000001	-0.83701	0.0	0.08706339999999999	-0.835231	-0.542964	0.0	-0.986809	-0.14698	0.0678637	0.0	1.9840200000000001	-1.4456200000000001	-2.91145	0.338785	
0	0.539709	0.371879	-0.755262	0.0	0.672172	0.34978400000000004	0.652561	0.0	0.506853	-0.859859	-0.0611851	0.0	-4.18118	-2.9122	-3.07707	0.34884499999999996	-0.138347	0.527877	-0.8379770000000001	0.0	0.08782569999999999	-0.836241	-0.541283	0.0	-0.986482	-0.148481	0.0693301	0.0	1.9826	-1.44907	-2.90465	0.338977	
0	0.5437609999999999	0.352959	-0.76141	0.0	0.657562	0.38455900000000004	0.647864	0.0	0.521476	-0.8529559999999999	-0.0229842	0.0	-4.0667	-2.9335	-2.96473	0.349593	-0.14216199999999998	0.5255489999999999	-0.838802	0.0	0.0904722	-0.8369620000000001	-0.53973	0.0	-0.9857	-0.152617	0.07143669999999999	0.0	1.9779099999999998	-1.46259	-2.89652	0.338955	
0	0.5501020000000001	0.33711599999999997	-0.764029	0.0	0.6488470000000001	0.40342100000000003	0.645174	0.0	0.525724	-0.850649	0.00318664	0.0	-3.95601	-2.92223	-2.84419	0.349699	-0.144341	0.5243329999999999	-0.83919	0.0	0.0907837	-0.8374780000000001	-0.538878	0.0	-0.985355	-0.15396700000000002	0.0732815	0.0	1.97292	-1.48501	-2.9026	0.338923	
0	0.557689	0.32482	-0.7638550000000001	0.0	0.6419560000000001	0.414587	0.644989	0.0	0.5261899999999999	-0.8500639999999999	0.0226905	0.0	-3.84976	-2.90675	-2.69811	0.349408	-0.146843	0.522452	-0.839929	0.0	0.09346089999999999	-0.838007	-0.537596	0.0	-0.984735	-0.157443	0.07422669999999999	0.0	1.96714	-1.5064899999999999	-2.90918	0.33905100000000005	
0	0.5608350000000001	0.314594	-0.765829	0.0	0.6388510000000001	0.423929	0.641991	0.0	0.526624	-0.849303	0.0367761	0.0	-3.8081400000000003	-2.9051299999999998	-2.64669	0.349162	-0.147344	0.521518	-0.8404219999999999	0.0	0.0933934	-0.838564	-0.5367390000000001	0.0	-0.9846659999999999	-0.157575	0.0748511	0.0	1.96544	-1.514	-2.9095400000000002	0.339079	
0	0.579267	0.290325	-0.761683	0.0	0.639791	0.417071	0.6455390000000001	0.0	0.505092	-0.8612569999999999	0.0558481	0.0	-3.72031	-2.91745	-2.54835	0.34922600000000004	-0.14792	0.52045	-0.840983	0.0	0.0938511	-0.8391129999999999	-0.5358	0.0	-0.9845360000000001	-0.158183	0.0752768	0.0	1.96207	-1.52373	-2.92079	0.339096	
0	0.601364	0.26577399999999995	-0.753476	0.0	0.6448520000000001	0.395342	0.654118	0.0	0.471728	-0.879243	0.06636	0.0	-3.6305099999999997	-2.96076	-2.40455	0.349136	-0.150075	0.516875	-0.8428030000000001	0.0	0.09102089999999999	-0.841614	-0.532354	0.0	-0.984476	-0.156606	0.0792589	0.0	1.96498	-1.51824	-2.90421	0.33908699999999997	
0	0.610758	0.253146	-0.750261	0.0	0.652451	0.375971	0.657992	0.0	0.448644	-0.891383	0.0644621	0.0	-3.6147400000000003	-2.9845599999999997	-2.39834	0.348972	-0.150764	0.514373	-0.84421	0.0	0.089612	-0.8433440000000001	-0.529849	0.0	-0.9845	-0.155534	0.08105189999999998	0.0	1.9648700000000001	-1.5067	-2.89019	0.338926	
0	0.625125	0.233042	-0.744923	0.0	0.668345	0.33313899999999996	0.665082	0.0	0.40315500000000004	-0.913624	0.052501400000000004	0.0	-3.6087300000000004	-3.04469	-2.40142	0.348585	-0.151636	0.512857	-0.8449760000000001	0.0	0.089387	-0.8442440000000001	-0.528453	0.0	-0.9843860000000001	-0.15566300000000002	0.0821753	0.0	1.9608400000000001	-1.50017	-2.88577	0.33902600000000005	
0	0.631729	0.22313400000000003	-0.7423810000000001	0.0	0.675365	0.311681	0.668383	0.0	0.380525	-0.923616	0.0462012	0.0	-3.6013900000000003	-3.0608299999999997	-2.40144	0.349078	-0.151518	0.512312	-0.845327	0.0	0.0888429	-0.8446809999999999	-0.527845	0.0	-0.984454	-0.155079	0.0824692	0.0	1.95285	-1.49927	-2.88318	0.338963	
0	0.645489	0.20618699999999998	-0.735412	0.0	0.6851649999999999	0.269133	0.6768430000000001	0.0	0.33748	-0.940773	0.032450599999999996	0.0	-3.5663699999999996	-3.15984	-2.4194	0.34885900000000003	-0.153146	0.507927	-0.847677	0.0	0.0871201	-0.847517	-0.523571	0.0	-0.9843559999999999	-0.154032	0.0855425	0.0	1.93963	-1.48191	-2.85147	0.33902	
0	0.6524409999999999	0.18973399999999999	-0.733705	0.0	0.693938	0.239538	0.679022	0.0	0.304583	-0.952168	0.0246207	0.0	-3.57594	-3.2414400000000003	-2.48475	0.348598	-0.153195	0.507054	-0.848191	0.0	0.0863225	-0.848175	-0.5226350000000001	0.0	-0.984419	-0.153283	0.0861654	0.0	1.93196	-1.47044	-2.83997	0.339107	
0	0.65491	0.176887	-0.7347130000000001	0.0	0.703846	0.21117399999999997	0.678238	0.0	0.275124	-0.96131	0.013799100000000002	0.0	-3.5565800000000003	-3.32384	-2.56961	0.349119	-0.15453499999999998	0.505484	-0.848884	0.0	0.0850803	-0.8492049999999999	-0.5211640000000001	0.0	-0.984317	-0.15276199999999998	0.0882254	0.0	1.9262	-1.46355	-2.8317799999999997	0.339077	
0	0.655104	0.168938	-0.736409	0.0	0.7082729999999999	0.202012	0.6764180000000001	0.0	0.263036	-0.9647030000000001	0.0126845	0.0	-3.4866099999999998	-3.3896699999999997	-2.5918200000000002	0.349124	-0.155254	0.504552	-0.849308	0.0	0.0844185	-0.8498110000000001	-0.5202829999999999	0.0	-0.984261	-0.152473	0.0893428	0.0	1.9204	-1.4682600000000001	-2.8285400000000003	0.339217	
0	0.6562279999999999	0.159948	-0.737416	0.0	0.710746	0.197149	0.675257	0.0	0.253386	-0.9672379999999999	0.0156922	0.0	-3.4696800000000003	-3.4189300000000005	-2.58665	0.349416	-0.156676	0.503929	-0.849416	0.0	0.083736	-0.8501639999999999	-0.519818	0.0	-0.984094	-0.15257	0.09100319999999999	0.0	1.91537	-1.4747299999999999	-2.83113	0.33916799999999997	
0	0.661745	0.143954	-0.735779	0.0	0.717312	0.163894	0.677201	0.0	0.21807600000000002	-0.9759180000000001	0.00519629	0.0	-3.38245	-3.4950099999999997	-2.59842	0.348787	-0.158722	0.5019319999999999	-0.8502190000000001	0.0	0.08286089999999999	-0.851325	-0.518053	0.0	-0.9838399999999999	-0.152676	0.09353339999999999	0.0	1.90631	-1.49631	-2.83816	0.339025	
0	0.6643939999999999	0.139405	-0.734266	0.0	0.718019	0.153617	0.678859	0.0	0.207432	-0.978248	0.00196636	0.0	-3.3684	-3.5232	-2.59945	0.348163	-0.160416	0.500993	-0.850455	0.0	0.08255939999999999	-0.851784	-0.5173479999999999	0.0	-0.983591	-0.153204	0.0952778	0.0	1.9030799999999999	-1.50053	-2.83589	0.338897	
0	0.665912	0.134188	-0.733863	0.0	0.7194050000000001	0.144949	0.679298	0.0	0.197526	-0.980298	-1.2472300000000001e-05	0.0	-3.31999	-3.57305	-2.61218	0.348376	-0.160794	0.500034	-0.8509469999999999	0.0	0.0825867	-0.852326	-0.51645	0.0	-0.983527	-0.153319	0.0957525	0.0	1.90352	-1.48841	-2.82022	0.338943	
0	0.673021	0.120164	-0.729797	0.0	0.7171310000000001	0.135466	0.683646	0.0	0.181013	-0.983468	0.00499797	0.0	-3.3040800000000004	-3.58817	-2.60957	0.347491	-0.16195	0.499367	-0.8511200000000001	0.0	0.0827442	-0.8525959999999999	-0.5159779999999999	0.0	-0.983324	-0.153988	0.0967582	0.0	1.89745	-1.51015	-2.83019	0.33895	
0	0.672497	0.109922	-0.731891	0.0	0.722442	0.117229	0.681421	0.0	0.160702	-0.9870030000000001	-0.000576302	0.0	-3.2907800000000003	-3.6127300000000004	-2.59884	0.347188	-0.162277	0.49863199999999996	-0.8514879999999999	0.0	0.0824526	-0.8530559999999999	-0.515264	0.0	-0.983294	-0.15382300000000002	0.09731770000000001	0.0	1.89878	-1.5084	-2.8268299999999997	0.33891	
0	0.680747	0.09557589999999999	-0.7262569999999999	0.0	0.720111	0.0943909	0.687409	0.0	0.134252	-0.9909370000000001	-0.00456896	0.0	-3.27685	-3.61792	-2.58855	0.346599	-0.16308699999999998	0.49663199999999996	-0.8525020000000001	0.0	0.0813965	-0.854352	-0.513281	0.0	-0.983248	-0.1531	0.0989092	0.0	1.89907	-1.50589	-2.82373	0.33874899999999997	
0	0.6805859999999999	0.0904216	-0.727068	0.0	0.7224520000000001	0.0823194	0.686503	0.0	0.121927	-0.9924959999999999	-0.00929992	0.0	-3.26799	-3.62035	-2.58394	0.34648	-0.164326	0.495526	-0.852907	0.0	0.0800687	-0.855107	-0.512231	0.0	-0.983151	-0.15246400000000002	0.10084	0.0	1.8975099999999998	-1.49694	-2.8134799999999998	0.33869299999999997	
0	0.68272	0.0667838	-0.727622	0.0	0.72623	0.0477108	0.685794	0.0	0.0805154	-0.996626	-0.0159273	0.0	-3.2749099999999998	-3.6288699999999996	-2.57786	0.344771	-0.165211	0.49344799999999994	-0.853941	0.0	0.07926910000000001	-0.8563940000000001	-0.510201	0.0	-0.983068	-0.151982	0.10237	0.0	1.89851	-1.4713200000000002	-2.7951	0.338665	
0	0.677507	0.0479776	-0.73395	0.0	0.733765	0.0247368	0.678953	0.0	0.0507301	-0.998542	-0.0184449	0.0	-3.30436	-3.6358900000000003	-2.5968299999999997	0.343538	-0.164882	0.49223999999999996	-0.854701	0.0	0.07833760000000001	-0.8572879999999999	-0.508842	0.0	-0.9831979999999999	-0.150854	0.10279	0.0	1.9001599999999998	-1.4661799999999998	-2.78895	0.338494	
0	0.6744829999999999	0.040430400000000005	-0.737183	0.0	0.737761	0.0009071530000000001	0.6750619999999999	0.0	0.0279618	-0.999182	-0.029216100000000002	0.0	-3.3505	-3.6419699999999997	-2.6012	0.341049	-0.164971	0.489957	-0.855994	0.0	0.07613560000000001	-0.8589700000000001	-0.5063340000000001	0.0	-0.983355	-0.148702	0.104402	0.0	1.88932	-1.44913	-2.77573	0.33864299999999997	
0	0.676251	0.0368543	-0.735749	0.0	0.736317	-0.00283924	0.6766310000000001	0.0	0.022848	-0.999317	-0.0290565	0.0	-3.36082	-3.6435400000000002	-2.6003	0.34074299999999996	-0.165638	0.48863199999999996	-0.8566229999999999	0.0	0.0749599	-0.8598709999999999	-0.504979	0.0	-0.983334	-0.147856	0.1058	0.0	1.87854	-1.44662	-2.7713	0.338589	
0	0.675	0.0326365	-0.737095	0.0	0.73765	-0.00855772	0.675129	0.0	0.015726	-0.999431	-0.029850799999999997	0.0	-3.38248	-3.6362	-2.5863099999999997	0.32124899999999995	-0.166453	0.487803	-0.8569370000000001	0.0	0.0735357	-0.8605	-0.504115	0.0	-0.9833040000000001	-0.146927	0.10736099999999998	0.0	1.8650900000000001	-1.44052	-2.7551200000000002	0.33860500000000004	
0	0.681629	0.030721299999999997	-0.731053	0.0	0.731557	-0.00904591	0.68172	0.0	0.0143304	-0.9994870000000001	-0.0286404	0.0	-3.3806199999999995	-3.6031199999999997	-2.56118	0.171851	-0.16725299999999999	0.48624700000000004	-0.857665	0.0	0.073166	-0.861399	-0.502632	0.0	-0.983195	-0.146819	0.10849500000000001	0.0	1.86116	-1.43623	-2.74907	0.338511	
0	0.686467	0.04278869999999999	-0.725901	0.0	0.726696	-0.00468066	0.6869430000000001	0.0	0.0259957	-0.999073	-0.0343075	0.0	-3.4054699999999998	-3.60207	-2.56676	0.168766	-0.16751	0.486046	-0.8577299999999999	0.0	0.0733072	-0.8614729999999999	-0.502483	0.0	-0.9831409999999999	-0.147049	0.108674	0.0	1.86132	-1.4358600000000001	-2.74716	0.338524	
0	0.68045	0.042076300000000004	-0.731586	0.0	0.7321439999999999	0.00303954	0.681144	0.0	0.030883799999999996	-0.99911	-0.0287377	0.0	-3.43645	-3.5950300000000004	-2.60679	0.145504	-0.16761199999999998	0.485019	-0.858291	0.0	0.07351060000000001	-0.862035	-0.50149	0.0	-0.983109	-0.147149	0.10883399999999999	0.0	1.85998	-1.4370399999999999	-2.7456400000000003	0.338595	
0	0.682995	0.0388384	-0.72939	0.0	0.729633	0.01014	0.683763	0.0	0.0339524	-0.999194	-0.021412200000000003	0.0	-3.43643	-3.59445	-2.61793	0.144938	-0.167475	0.48547700000000005	-0.858058	0.0	0.073689	-0.8617520000000001	-0.501949	0.0	-0.9831190000000001	-0.147294	0.108548	0.0	1.85965	-1.4353200000000002	-2.74764	0.338539	
0	0.6839689999999999	0.0352612	-0.728658	0.0	0.728726	0.013290100000000001	0.6846760000000001	0.0	0.033826499999999995	-0.99929	-0.0166058	0.0	-3.4352300000000002	-3.59481	-2.62652	0.14490799999999998	-0.167996	0.48513999999999996	-0.8581469999999999	0.0	0.074072	-0.8618459999999999	-0.501732	0.0	-0.983001	-0.14785299999999998	0.108851	0.0	1.8607099999999999	-1.43397	-2.74832	0.338516	
0	0.692399	0.0439548	-0.720175	0.0	0.719881	0.0250618	0.693645	0.0	0.048538	-0.998719	-0.014289500000000002	0.0	-3.44695	-3.59426	-2.6272	0.145285	-0.168008	0.48605	-0.8576299999999999	0.0	0.0744079	-0.8612620000000001	-0.502685	0.0	-0.982973	-0.14827	0.10853299999999999	0.0	1.86047	-1.43343	-2.75274	0.338508	
0	0.696824	0.0473715	-0.715676	0.0	0.714993	0.03309190000000001	0.698348	0.0	0.0567649	-0.9983290000000001	-0.010811	0.0	-3.4555300000000004	-3.5944	-2.63173	0.145045	-0.168398	0.486084	-0.857534	0.0	0.0740859	-0.8612559999999999	-0.502743	0.0	-0.982931	-0.14819200000000002	0.10902200000000001	0.0	1.85969	-1.4331399999999999	-2.75517	0.338458	
0	0.725152	0.0853141	-0.683283	0.0	0.680037	0.0671771	0.7300939999999999	0.0	0.108188	-0.994087	-0.00930306	0.0	-3.50388	-3.58967	-2.6781599999999997	0.14525	-0.16974	0.486947	-0.8567799999999999	0.0	0.0757613	-0.860375	-0.503999	0.0	-0.9825719999999999	-0.15045999999999998	0.109149	0.0	1.8590900000000001	-1.43655	-2.7534099999999997	0.338405	
0	0.732785	0.106452	-0.672082	0.0	0.667219	0.08148999999999999	0.74039	0.0	0.13358399999999998	-0.990973	-0.0113124	0.0	-3.47183	-3.5186900000000003	-2.70721	0.145253	-0.169177	0.488158	-0.856201	0.0	0.07825239999999999	-0.8593280000000001	-0.5054029999999999	0.0	-0.982474	-0.152503	0.107179	0.0	1.8703599999999998	-1.4392399999999999	-2.7671200000000002	0.33834000000000003	
0	0.73632	0.11823199999999999	-0.6662239999999999	0.0	0.660142	0.09053839999999999	0.7456649999999999	0.0	0.14848	-0.98885	-0.0113844	0.0	-3.47364	-3.4458800000000003	-2.69512	0.145249	-0.169261	0.48844799999999994	-0.8560200000000001	0.0	0.0788118	-0.8590620000000001	-0.505768	0.0	-0.9824149999999999	-0.153071	0.10690999999999999	0.0	1.88505	-1.44385	-2.7737	0.338409	
0	0.73754	0.15475899999999998	-0.657331	0.0	0.650451	0.0988368	0.7530899999999999	0.0	0.181516	-0.9829959999999999	-0.027766900000000004	0.0	-3.4679300000000004	-3.25311	-2.63983	0.144816	-0.169349	0.48969300000000004	-0.855291	0.0	0.0792586	-0.858248	-0.507079	0.0	-0.9823639999999999	-0.153662	0.106531	0.0	1.89957	-1.44299	-2.77881	0.338489	
0	0.736637	0.202732	-0.6451859999999999	0.0	0.637308	0.111114	0.7625569999999999	0.0	0.226284	-0.97291	-0.0473519	0.0	-3.4029300000000005	-2.97741	-2.60783	0.144813	-0.172329	0.49013199999999996	-0.8544430000000001	0.0	0.0814947	-0.857353	-0.5082369999999999	0.0	-0.981663	-0.157216	0.107803	0.0	1.8973900000000001	-1.4639799999999998	-2.78305	0.338226	
0	0.736676	0.229109	-0.636253	0.0	0.626027	0.124752	0.7697579999999999	0.0	0.255732	-0.9653729999999999	-0.051526800000000005	0.0	-3.34726	-2.81777	-2.58225	0.144811	-0.173933	0.492321	-0.852858	0.0	0.08294510000000001	-0.855657	-0.510853	0.0	-0.981258	-0.15959500000000001	0.107991	0.0	1.88742	-1.50195	-2.79312	0.338289	
0	0.736034	0.251092	-0.628655	0.0	0.6127779999999999	0.147517	0.776365	0.0	0.28767600000000004	-0.956656	-0.0452865	0.0	-3.3449800000000005	-2.64854	-2.54271	0.145267	-0.176751	0.492842	-0.851978	0.0	0.0861024	-0.8545450000000001	-0.5121899999999999	0.0	-0.980482	-0.163888	0.108607	0.0	1.87735	-1.5417299999999998	-2.8073799999999998	0.338171	
0	0.734079	0.280114	-0.618599	0.0	0.597855	0.165393	0.784356	0.0	0.322021	-0.9456120000000001	-0.04605580000000001	0.0	-3.3393599999999997	-2.49137	-2.45414	0.14524600000000001	-0.17909	0.49288999999999994	-0.851461	0.0	0.0876543	-0.854018	-0.5128060000000001	0.0	-0.9799200000000001	-0.166473	0.109742	0.0	1.8767599999999998	-1.5594	-2.79956	0.33815700000000004	
0	0.728549	0.321898	-0.604647	0.0	0.5814060000000001	0.17614100000000002	0.7943180000000001	0.0	0.362192	-0.9302450000000001	-0.0588261	0.0	-3.31158	-2.25122	-2.37482	0.145277	-0.182035	0.49244399999999994	-0.851095	0.0	0.088665	-0.8538100000000001	-0.512979	0.0	-0.9792860000000001	-0.168843	0.11176099999999999	0.0	1.875	-1.57192	-2.7917799999999997	0.338156	
