3	-0.05630840000000001	0.81381	-0.578397	0.0	0.163749	0.5789989999999999	0.798716	0.0	0.984894	-0.0497375	-0.165863	0.0	-2.6966099999999997	1.9145299999999998	1.28455	0.00107002	-0.593133	0.516197	-0.617847	0.0	0.751387	0.07929800000000001	-0.65508	0.0	-0.28915599999999997	-0.852791	-0.434899	0.0	2.66032	2.0	1.53809	0.0	
3	-0.0452041	0.7829149999999999	-0.620484	0.0	0.126814	0.620591	0.7738119999999999	0.0	0.9908959999999999	-0.043706800000000004	-0.127338	0.0	-2.5851900000000003	1.7955900000000002	1.18848	0.0	-0.310307	0.33910300000000004	-0.888099	0.0	0.038030699999999994	-0.929039	-0.368023	0.0	-0.949875	-0.147975	0.275391	0.0	2.56054	1.96449	1.54515	0.00010967299999999999	
3	-0.031687799999999995	0.748941	-0.661879	0.0	0.115924	0.660496	0.741826	0.0	0.9927520000000001	-0.0532211	-0.10775	0.0	-2.47131	1.6711900000000002	1.06569	0.0	-0.350748	0.401658	-0.845959	0.0	0.0647722	-0.8907799999999999	-0.44979399999999997	0.0	-0.934227	-0.21255900000000003	0.286423	0.0	2.4814	1.72629	1.58495	0.0	
3	-0.0309526	0.7543300000000001	-0.6557649999999999	0.0	0.121726	0.654041	0.7466010000000001	0.0	0.992081	-0.0567144	-0.11206600000000001	0.0	-2.39673	1.66221	0.965842	0.0	-0.423171	0.557703	-0.714069	0.0	0.12152400000000001	-0.746055	-0.654702	0.0	-0.897863	-0.363827	0.24793400000000002	0.0	2.4329099999999997	1.4161	1.61885	0.0	
3	-0.0167913	0.778934	-0.626881	0.0	0.142624	0.622423	0.769576	0.0	0.989635	-0.07648619999999999	-0.121546	0.0	-2.355	1.67366	0.955983	0.0	-0.48014700000000005	0.5570069999999999	-0.6776449999999999	0.0	0.152658	-0.707671	-0.689854	0.0	-0.8638030000000001	-0.43467799999999995	0.254754	0.0	2.45684	1.17734	1.60632	0.0	
3	0.00147533	0.8099930000000001	-0.586438	0.0	0.146856	0.579904	0.801339	0.0	0.989157	-0.0873045	-0.11809700000000001	0.0	-2.34214	1.6704	0.9470059999999999	0.0	-0.48908	0.5411729999999999	-0.684056	0.0	0.195511	-0.696281	-0.690629	0.0	-0.850045	-0.471513	0.234731	0.0	2.52655	1.0610600000000001	1.54778	0.0	
3	-0.00308801	0.815994	-0.578052	0.0	0.132981	0.573256	0.808513	0.0	0.9911139999999999	-0.0743732	-0.11028199999999999	0.0	-2.3235	1.65271	0.9244040000000001	0.0	-0.498593	0.509685	-0.7011609999999999	0.0	0.218417	-0.708907	-0.6706310000000001	0.0	-0.8388680000000001	-0.48751700000000003	0.24213200000000001	0.0	2.5868900000000004	0.9691870000000001	1.46123	0.0	
3	-0.0115096	0.813573	-0.581348	0.0	0.10608599999999999	0.579099	0.808326	0.0	0.99429	-0.052369399999999997	-0.0929739	0.0	-2.31687	1.6297	0.9210280000000001	0.0	-0.516754	0.502676	-0.693024	0.0	0.22628299999999998	-0.7005	-0.676828	0.0	-0.8256879999999999	-0.5065729999999999	0.248239	0.0	2.6961	0.8775149999999999	1.39208	0.0	
3	-0.0215524	0.803796	-0.594514	0.0	0.076637	0.5942310000000001	0.800635	0.0	0.996826	-0.0283062	-0.0744076	0.0	-2.29351	1.61071	0.904157	0.0	-0.503308	0.506085	-0.7004	0.0	0.233724	-0.700604	-0.674187	0.0	-0.8318979999999999	-0.503024	0.23433400000000001	0.0	2.74816	0.792509	1.3029	0.0	
3	-0.022349900000000002	0.802497	-0.596237	0.0	0.0713302	0.596146	0.799701	0.0	0.997202	-0.024656599999999997	-0.0705661	0.0	-2.27303	1.60134	0.901648	0.0	-0.47314799999999996	0.496705	-0.7276090000000001	0.0	0.25626	-0.712597	-0.653097	0.0	-0.8428889999999999	-0.49546899999999994	0.209878	0.0	2.75559	0.778034	1.26781	0.0	
3	-0.0291992	0.804505	-0.593228	0.0	0.06700210000000001	0.593722	0.801876	0.0	0.997325	-0.0163334	-0.07123969999999999	0.0	-2.27445	1.59741	0.8927149999999999	0.0	-0.38049099999999997	0.497154	-0.7797850000000001	0.0	0.314244	-0.723528	-0.614621	0.0	-0.869757	-0.4789	0.11906800000000001	0.0	2.74421	0.8342450000000001	1.22034	0.0	
3	-0.03889840000000001	0.799188	-0.5998220000000001	0.0	0.060780799999999996	0.601057	0.796892	0.0	0.997393	-0.00545993	-0.07195549999999999	0.0	-2.30289	1.5707799999999998	0.8691780000000001	0.0	-0.36933	0.496645	-0.785455	0.0	0.309996	-0.730958	-0.60795	0.0	-0.8760700000000001	-0.46802200000000005	0.116007	0.0	2.72683	0.841166	1.1755200000000001	0.0	
3	-0.0491881	0.792378	-0.6080439999999999	0.0	0.054721000000000006	0.610004	0.790506	0.0	0.997289	0.00561079	-0.07336469999999999	0.0	-2.3107900000000003	1.5609	0.852432	0.0	-0.361363	0.49701300000000004	-0.78892	0.0	0.279729	-0.749337	-0.600205	0.0	-0.8894770000000001	-0.437576	0.131753	0.0	2.70535	0.881292	1.13716	0.0	
3	-0.049824	0.792331	-0.608054	0.0	0.0604216	0.610086	0.790028	0.0	0.9969290000000001	0.00262275	-0.0782708	0.0	-2.31682	1.56051	0.856347	0.0	-0.407056	0.5488729999999999	-0.7300989999999999	0.0	0.266301	-0.693278	-0.669664	0.0	-0.8737219999999999	-0.467017	0.136037	0.0	2.64438	0.963226	1.17301	0.0	
3	-0.050796100000000004	0.79003	-0.6109600000000001	0.0	0.0735854	0.613047	0.786612	0.0	0.9959950000000001	-0.00500098	-0.08927510000000001	0.0	-2.31506	1.57121	0.862052	0.0	-0.435408	0.593827	-0.676601	0.0	0.277298	-0.626571	-0.7283649999999999	0.0	-0.856461	-0.5047560000000001	0.10814700000000001	0.0	2.64637	1.0338200000000002	1.13581	0.0	
3	-0.043608	0.7829619999999999	-0.62054	0.0	0.0595124	0.622063	0.780702	0.0	0.997275	-0.00288498	-0.0737229	0.0	-2.3164700000000003	1.5671	0.864067	0.0	-0.431228	0.596568	-0.676868	0.0	0.273334	-0.628571	-0.72814	0.0	-0.859844	-0.49900500000000003	0.10799500000000001	0.0	2.66741	1.09026	1.07969	0.0	
3	-0.044712800000000004	0.782712	-0.620776	0.0	0.062101300000000005	0.622373	0.780253	0.0	0.9970680000000001	-0.00366363	-0.07643539999999999	0.0	-2.31554	1.57332	0.8684850000000001	0.0	-0.400916	0.588258	-0.702296	0.0	0.304787	-0.637284	-0.707795	0.0	-0.863928	-0.497817	0.07620419999999999	0.0	2.70154	1.16819	1.03785	0.0	
3	-0.040937400000000006	0.7837270000000001	-0.6197560000000001	0.0	0.0738665	0.6209520000000001	0.78036	0.0	0.9964280000000001	-0.0138333	-0.0833113	0.0	-2.3210900000000003	1.57178	0.8726879999999999	0.0	-0.289981	0.543412	-0.787791	0.0	0.329924	-0.715938	-0.615291	0.0	-0.898366	-0.438334	0.0283235	0.0	2.7176299999999998	1.3345799999999999	0.84991	0.0	
3	-0.0448097	0.777522	-0.627257	0.0	0.048332099999999996	0.62884	0.776031	0.0	0.997826	0.00445703	-0.0657574	0.0	-2.31543	1.56112	0.8604	0.0	-0.21737399999999998	0.554805	-0.803081	0.0	0.294902	-0.746977	-0.5958680000000001	0.0	-0.930474	-0.36635700000000004	-0.00123982	0.0	2.7297700000000003	1.5247	0.672967	0.0	
3	-0.060004499999999995	0.761774	-0.645058	0.0	-0.014455899999999999	0.645491	0.7636310000000001	0.0	0.998093	0.0551462	-0.0277202	0.0	-2.31118	1.52645	0.8253940000000001	0.0	-0.155194	0.583593	-0.797079	0.0	0.203715	-0.7706069999999999	-0.603875	0.0	-0.966651	-0.25609499999999996	0.0007071639999999999	0.0	2.68195	1.71947	0.49858500000000006	0.0	
3	-0.0636163	0.756093	-0.651365	0.0	-0.033124400000000005	0.650728	0.758588	0.0	0.997425	0.0698346	-0.0163518	0.0	-2.30955	1.50721	0.812229	0.0	-0.140547	0.58809	-0.7964899999999999	0.0	0.190001	-0.773502	-0.604644	0.0	-0.971672	-0.236315	-0.00302434	0.0	2.66016	1.7703900000000001	0.47787700000000005	0.0	
3	-0.106926	0.738359	-0.665877	0.0	-0.08123369999999999	0.66099	0.745984	0.0	0.990943	0.133857	-0.010697100000000001	0.0	-2.31121	1.39291	0.654582	0.0	-0.054429899999999996	0.5747359999999999	-0.816526	0.0	0.07403269999999999	-0.8131649999999999	-0.577306	0.0	-0.995769	-0.0918723	0.00171123	0.0	2.5644400000000003	1.88825	0.323313	0.0	
3	-0.121366	0.735117	-0.666988	0.0	-0.0778227	0.66284	0.7447060000000001	0.0	0.9895520000000001	0.142289	-0.0232375	0.0	-2.30422	1.4080700000000002	0.548345	0.0	-0.020819400000000002	0.567245	-0.8232860000000001	0.0	0.0384375	-0.822401	-0.567608	0.0	-0.999044	-0.0434623	-0.00468159	0.0	2.51036	1.9707700000000001	0.27589	0.0	
3	-0.143822	0.727927	-0.670401	0.0	-0.0636545	0.6692359999999999	0.740318	0.0	0.987554	0.149148	-0.0499148	0.0	-2.31278	1.48801	0.432697	0.0	-0.00518399	0.581	-0.813887	0.0	0.0251057	-0.813566	-0.5809300000000001	0.0	-0.9996709999999999	-0.0234447	-0.010369100000000001	0.0	2.48273	2.0057099999999997	0.17969300000000002	0.0	
3	-0.173217	0.7104729999999999	-0.682074	0.0	-0.0624036	0.683233	0.727529	0.0	0.9829049999999999	0.16858399999999998	-0.0740113	0.0	-2.32194	1.54172	0.28629899999999997	0.22061399999999998	-0.00900525	0.584739	-0.811172	0.0	0.0199306	-0.8109390000000001	-0.584792	0.0	-0.999761	-0.0214333	-0.00435174	0.0	2.45226	1.97517	0.115345	0.0	
3	-0.179774	0.714667	-0.675967	0.0	-0.051747900000000006	0.6793399999999999	0.731996	0.0	0.9823459999999999	0.166574	-0.0851454	0.0	-2.27724	1.51816	0.183662	0.297427	-0.00540292	0.583654	-0.8119850000000001	0.0	0.0176357	-0.811815	-0.583649	0.0	-0.9998299999999999	-0.0174733	-0.00590707	0.0	2.4122	1.95915	0.09825249999999999	0.019798	
3	-0.173587	0.716427	-0.675722	0.0	-0.037544	0.680825	0.731483	0.0	0.9841030000000001	0.152345	-0.09128489999999999	0.0	-2.2564599999999997	1.47213	0.127394	0.319063	-0.014994	0.594735	-0.803782	0.0	0.03584369999999999	-0.803036	-0.594852	0.0	-0.999245	-0.0377297	-0.00927688	0.0	2.38408	1.93199	0.101204	0.128645	
3	-0.151127	0.734629	-0.661423	0.0	0.0218144	0.671424	0.740753	0.0	0.988274	0.09751900000000001	-0.117496	0.0	-2.16325	1.264	-0.0681547	0.33729899999999996	-0.05518390000000001	0.6068720000000001	-0.7928810000000001	0.0	0.11021700000000001	-0.785536	-0.608921	0.0	-0.992374	-0.120992	-0.023538800000000002	0.0	2.28583	1.7629099999999998	0.09923839999999999	0.237431	
3	-0.11736500000000001	0.738884	-0.663533	0.0	0.031224099999999998	0.670566	0.741193	0.0	0.992598	0.0662721	-0.101772	0.0	-2.14762	1.07174	-0.26152600000000004	0.34000199999999997	-0.0691905	0.62344	-0.778804	0.0	0.132396	-0.768031	-0.626578	0.0	-0.9887790000000001	-0.146464	-0.029400599999999995	0.0	2.25106	1.60919	0.008121699999999999	0.281368	
3	-0.105808	0.7621140000000001	-0.6387390000000001	0.0	0.045338800000000005	0.645374	0.76252	0.0	0.993352	0.051721300000000005	-0.10283900000000001	0.0	-2.1609	0.954995	-0.431612	0.34044	-0.07905269999999999	0.628618	-0.773686	0.0	0.14559	-0.760512	-0.632791	0.0	-0.986182	-0.162665	-0.0314001	0.0	2.22519	1.4760799999999998	-0.107876	0.302996	
3	-0.10142000000000001	0.772346	-0.627053	0.0	0.0529288	0.6336	0.771848	0.0	0.9934350000000001	0.0450918	-0.10513900000000001	0.0	-2.18657	0.889674	-0.53971	0.340528	-0.0803004	0.6296579999999999	-0.772712	0.0	0.148891	-0.758941	-0.6339090000000001	0.0	-0.9855879999999999	-0.165953	-0.0328071	0.0	2.21175	1.4096899999999999	-0.191987	0.306606	
3	-0.0994553	0.790776	-0.6039720000000001	0.0	0.083889	0.611484	0.7867970000000001	0.0	0.991499	0.0275845	-0.127153	0.0	-2.21972	0.7327020000000001	-0.9268190000000001	0.340467	-0.09204180000000001	0.6323949999999999	-0.769159	0.0	0.15778399999999998	-0.753416	-0.638332	0.0	-0.983175	-0.180114	-0.030436400000000002	0.0	2.1345099999999997	1.24557	-0.44688500000000003	0.33050999999999997	
3	-0.107494	0.797216	-0.594047	0.0	0.0952934	0.60302	0.792014	0.0	0.9896280000000001	0.028527999999999998	-0.140791	0.0	-2.2295700000000003	0.667546	-1.16713	0.340138	-0.09782539999999999	0.636706	-0.764876	0.0	0.163624	-0.747814	-0.643429	0.0	-0.981661	-0.188096	-0.0310249	0.0	2.08574	1.1433200000000001	-0.6460560000000001	0.33124000000000003	
3	-0.107458	0.803493	-0.585535	0.0	0.118068	0.595091	0.794938	0.0	0.987174	0.0162893	-0.158814	0.0	-2.2435400000000003	0.597515	-1.3795899999999999	0.340459	-0.10168300000000001	0.639517	-0.762023	0.0	0.166243	-0.7442979999999999	-0.646826	0.0	-0.980828	-0.192452	-0.030633099999999996	0.0	2.05954	1.054	-0.817371	0.332276	
3	-0.108714	0.804411	-0.5840420000000001	0.0	0.13916900000000001	0.594054	0.792296	0.0	0.984283	0.00485277	-0.176531	0.0	-2.25259	0.549245	-1.53417	0.339698	-0.12186300000000001	0.635529	-0.7623989999999999	0.0	0.183133	-0.7405390000000001	-0.646579	0.0	-0.975506	-0.218414	-0.0261416	0.0	2.0314200000000002	0.955774	-0.912565	0.332877	
3	-0.104453	0.8093779999999999	-0.577925	0.0	0.162241	0.587186	0.793026	0.0	0.9812069999999999	-0.010928700000000001	-0.192648	0.0	-2.2691	0.469358	-1.68213	0.33961199999999997	-0.15087	0.640796	-0.752741	0.0	0.20529699999999998	-0.724546	-0.657941	0.0	-0.967001	-0.253799	-0.022241900000000002	0.0	1.9845700000000002	0.817458	-1.02589	0.33303699999999997	
3	-0.100095	0.814333	-0.571702	0.0	0.18016600000000002	0.579923	0.7945	0.0	0.9785299999999999	-0.023475599999999996	-0.204763	0.0	-2.3027900000000003	0.355984	-1.8677	0.339625	-0.15271400000000002	0.647343	-0.746743	0.0	0.226841	-0.712471	-0.664024	0.0	-0.961884	-0.270798	-0.0380395	0.0	1.9491	0.656825	-1.19411	0.333088	
3	-0.0853908	0.8155939999999999	-0.572289	0.0	0.186118	0.577334	0.795013	0.0	0.9788100000000001	-0.0386263	-0.201096	0.0	-2.32833	0.254355	-1.90357	0.339798	-0.157579	0.64589	-0.746991	0.0	0.24183000000000002	-0.7081689999999999	-0.6633359999999999	0.0	-0.9574379999999999	-0.285173	-0.0446034	0.0	1.9496	0.523886	-1.32736	0.33294	
3	-0.062486599999999996	0.813385	-0.57836	0.0	0.188744	0.578666	0.793424	0.0	0.980036	-0.059583500000000005	-0.18968	0.0	-2.34971	0.125891	-1.9093099999999998	0.339852	-0.160438	0.645626	-0.74661	0.0	0.25755100000000003	-0.7028220000000001	-0.6631060000000001	0.0	-0.952852	-0.298678	-0.0535225	0.0	1.96534	0.379697	-1.50311	0.333171	
3	-0.03421319999999999	0.809782	-0.585733	0.0	0.195218	0.580201	0.7907310000000001	0.0	0.9801629999999999	-0.0872923	-0.17793499999999998	0.0	-2.31782	-0.00148457	-1.9296799999999998	0.33985	-0.15931800000000002	0.644291	-0.7480020000000001	0.0	0.26689	-0.701358	-0.660959	0.0	-0.9504670000000001	-0.304937	-0.06021569999999999	0.0	1.9765599999999999	0.2572	-1.59859	0.332872	
3	-0.0172338	0.808617	-0.588084	0.0	0.19518	0.579576	0.791199	0.0	0.9806159999999999	-0.101147	-0.16781400000000002	0.0	-2.29582	-0.11584000000000001	-1.89583	0.339781	-0.157696	0.642672	-0.749736	0.0	0.270728	-0.702008	-0.658704	0.0	-0.949652	-0.30685	-0.0632857	0.0	1.9917799999999999	0.171289	-1.6444599999999998	0.33311199999999996	
3	-0.00995187	0.808461	-0.5884659999999999	0.0	0.195047	0.578761	0.791829	0.0	0.9807440000000001	-0.106898	-0.163448	0.0	-2.2688599999999997	-0.195715	-1.8689	0.340359	-0.173294	0.638614	-0.749761	0.0	0.277903	-0.6986359999999999	-0.659301	0.0	-0.9448489999999999	-0.32261300000000004	-0.056403800000000004	0.0	2.00632	0.0871302	-1.6328799999999999	0.33323600000000003	
3	0.00573772	0.807786	-0.589448	0.0	0.19982	0.576643	0.792184	0.0	0.979816	-0.122329	-0.158103	0.0	-2.26218	-0.259556	-1.84528	0.343052	-0.171016	0.640599	-0.7485890000000001	0.0	0.27830900000000003	-0.697433	-0.660403	0.0	-0.9451440000000001	-0.321278	-0.0590124	0.0	2.03061	0.0299849	-1.64852	0.333575	
3	0.00844763	0.807657	-0.589592	0.0	0.204519	0.575753	0.7916310000000001	0.0	0.978826	-0.12727	-0.16031800000000002	0.0	-2.27692	-0.298452	-1.83955	0.342986	-0.175651	0.642442	-0.7459319999999999	0.0	0.28025300000000003	-0.693729	-0.663475	0.0	-0.9437190000000001	-0.32558899999999996	-0.0581922	0.0	2.0584700000000002	-0.0275856	-1.6624299999999999	0.333915	
3	0.00854986	0.807492	-0.589817	0.0	0.215425	0.574501	0.789646	0.0	0.976483	-0.13381300000000002	-0.169042	0.0	-2.31358	-0.302607	-1.8496599999999999	0.34242399999999995	-0.17943900000000002	0.643197	-0.744378	0.0	0.281492	-0.691454	-0.665323	0.0	-0.9426370000000001	-0.328921	-0.0569816	0.0	2.08281	-0.0669124	-1.68344	0.334333	
3	-0.00207006	0.8069430000000001	-0.590625	0.0	0.22573400000000002	0.575759	0.785841	0.0	0.974187	-0.131697	-0.183346	0.0	-2.3776200000000003	-0.292112	-1.88536	0.34267600000000004	-0.17852200000000001	0.6440859999999999	-0.74383	0.0	0.282921	-0.690446	-0.665763	0.0	-0.942383	-0.329298	-0.05896559999999999	0.0	2.08393	-0.0668309	-1.70945	0.334325	
3	0.0134622	0.803707	-0.594873	0.0	0.240855	0.574804	0.782042	0.0	0.970468	-0.153806	-0.185838	0.0	-2.438	-0.33787	-1.9680900000000001	0.342484	-0.17671900000000001	0.648572	-0.740355	0.0	0.28563099999999997	-0.6860310000000001	-0.669161	0.0	-0.9419049999999999	-0.329721	-0.0640174	0.0	2.08757	-0.06462709999999999	-1.7478099999999999	0.3349	
3	0.012977500000000001	0.80074	-0.598871	0.0	0.24671700000000002	0.5778399999999999	0.7779659999999999	0.0	0.969001	-0.157848	-0.190057	0.0	-2.47716	-0.383896	-1.97967	0.342383	-0.170549	0.64976	-0.7407600000000001	0.0	0.28591300000000003	-0.6867979999999999	-0.668254	0.0	-0.9429569999999999	-0.325762	-0.0686423	0.0	2.0996099999999998	-0.0668032	-1.78498	0.33535	
3	0.013687799999999998	0.798039	-0.60245	0.0	0.249786	0.580675	0.77487	0.0	0.9682040000000001	-0.16109	-0.191391	0.0	-2.5300700000000003	-0.433058	-2.00197	0.342277	-0.163449	0.652092	-0.7403109999999999	0.0	0.288148	-0.686126	-0.667983	0.0	-0.943533	-0.3225	-0.07575269999999999	0.0	2.1229	-0.0856793	-1.81952	0.335723	
3	0.012831899999999999	0.7940149999999999	-0.607763	0.0	0.247473	0.586382	0.771306	0.0	0.9688100000000001	-0.160302	-0.188973	0.0	-2.5316	-0.447883	-2.0282400000000003	0.34217	-0.159614	0.6507890000000001	-0.742292	0.0	0.28838400000000003	-0.688393	-0.6655449999999999	0.0	-0.944118	-0.320296	-0.0778005	0.0	2.1597299999999997	-0.11141400000000001	-1.8644599999999998	0.336893	
3	0.014763	0.794327	-0.60731	0.0	0.247527	0.585568	0.771907	0.0	0.9687680000000001	-0.161721	-0.187973	0.0	-2.53126	-0.449924	-2.0554200000000002	0.342007	-0.15572	0.648151	-0.745421	0.0	0.286091	-0.692691	-0.6620659999999999	0.0	-0.945465	-0.316355	-0.0775642	0.0	2.17918	-0.141095	-1.82263	0.337472	
3	0.019623500000000002	0.791876	-0.610367	0.0	0.24971	0.587255	0.7699199999999999	0.0	0.9681219999999999	-0.167524	-0.18621600000000002	0.0	-2.5365	-0.470005	-2.03613	0.341888	-0.150239	0.643109	-0.750892	0.0	0.281211	-0.700342	-0.65608	0.0	-0.9478129999999999	-0.309728	-0.0756308	0.0	2.1884799999999998	-0.16073199999999999	-1.78303	0.340013	
3	0.032517000000000004	0.7918569999999999	-0.6098399999999999	0.0	0.25279	0.583808	0.771534	0.0	0.966975	-0.179249	-0.18119000000000002	0.0	-2.57135	-0.5245770000000001	-2.0142599999999997	0.341775	-0.150924	0.639985	-0.753419	0.0	0.280775	-0.703009	-0.653409	0.0	-0.947833	-0.310156	-0.0735908	0.0	2.1911	-0.167139	-1.77862	0.340059	
3	0.0316019	0.791088	-0.6108859999999999	0.0	0.252727	0.585006	0.770648	0.0	0.9670219999999999	-0.178741	-0.18144200000000002	0.0	-2.5792200000000003	-0.535375	-2.01897	0.341685	-0.151501	0.6385069999999999	-0.7545569999999999	0.0	0.281589	-0.703858	-0.652144	0.0	-0.9475	-0.311275	-0.07316139999999999	0.0	2.1903900000000003	-0.16925	-1.7656	0.33987	
3	0.0314252	0.79059	-0.611539	0.0	0.252386	0.585737	0.770203	0.0	0.967116	-0.178548	-0.181127	0.0	-2.5813099999999998	-0.538047	-2.0214	0.34163699999999997	-0.151278	0.636586	-0.756223	0.0	0.2812	-0.705706	-0.650313	0.0	-0.947651	-0.311028	-0.0722502	0.0	2.19135	-0.172823	-1.74977	0.339681	
3	0.0312779	0.7913020000000001	-0.610625	0.0	0.25249499999999997	0.584854	0.770839	0.0	0.967093	-0.17829	-0.181507	0.0	-2.58505	-0.538851	-2.0339400000000003	0.341197	-0.15109	0.634382	-0.758111	0.0	0.279983	-0.708047	-0.648289	0.0	-0.948041	-0.310208	-0.07063689999999999	0.0	2.19237	-0.175196	-1.7467099999999998	0.33970100000000003	
3	0.032359399999999997	0.790279	-0.611892	0.0	0.254244	0.585565	0.7697229999999999	0.0	0.966599	-0.180478	-0.181975	0.0	-2.59297	-0.5421229999999999	-2.0528299999999997	0.34066399999999997	-0.15173399999999998	0.630441	-0.761263	0.0	0.278699	-0.711642	-0.644897	0.0	-0.9483159999999999	-0.31001599999999996	-0.0677233	0.0	2.1922	-0.179534	-1.7358900000000002	0.339586	
3	0.026753	0.789804	-0.612776	0.0	0.2555	0.587232	0.768035	0.0	0.9664389999999999	-0.177111	-0.186084	0.0	-2.59532	-0.545122	-2.0608299999999997	0.340233	-0.15140599999999999	0.6272409999999999	-0.7639670000000001	0.0	0.277345	-0.714874	-0.641899	0.0	-0.948765	-0.30906999999999996	-0.06572599999999999	0.0	2.19353	-0.18506199999999998	-1.7234099999999999	0.339469	
3	0.025726699999999998	0.788771	-0.6141479999999999	0.0	0.254984	0.588853	0.766965	0.0	0.9666030000000001	-0.17633	-0.185975	0.0	-2.59979	-0.5594979999999999	-2.035	0.340145	-0.15202000000000002	0.624708	-0.765917	0.0	0.27755799999999997	-0.716758	-0.639702	0.0	-0.9486049999999999	-0.309834	-0.06443120000000001	0.0	2.19137	-0.187431	-1.71642	0.33921999999999997	
3	0.0265438	0.789037	-0.613772	0.0	0.255196	0.588295	0.7673220000000001	0.0	0.966525	-0.177	-0.185744	0.0	-2.59742	-0.564013	-2.03015	0.340239	-0.15143399999999999	0.623915	-0.76668	0.0	0.276925	-0.7177859999999999	-0.638824	0.0	-0.9488840000000001	-0.309052	-0.0640804	0.0	2.1945099999999997	-0.185977	-1.7268299999999999	0.339069	
3	0.0263807	0.7899010000000001	-0.612667	0.0	0.256079	0.58709	0.7679520000000001	0.0	0.9662959999999999	-0.17715	-0.186789	0.0	-2.6065400000000003	-0.566437	-2.02696	0.339913	-0.151371	0.6232260000000001	-0.767252	0.0	0.27608699999999997	-0.71865	-0.638216	0.0	-0.9491379999999999	-0.308435	-0.0632815	0.0	2.19122	-0.186928	-1.72322	0.338959	
3	0.026693400000000003	0.7910699999999999	-0.611143	0.0	0.257798	0.585234	0.768792	0.0	0.96583	-0.178073	-0.188314	0.0	-2.60612	-0.565974	-2.0298700000000003	0.33904	-0.153128	0.620974	-0.768728	0.0	0.276863	-0.7197899999999999	-0.6365930000000001	0.0	-0.94863	-0.310313	-0.06170509999999999	0.0	2.1888900000000002	-0.18798499999999999	-1.7173900000000002	0.338629	
3	0.027772	0.7900159999999999	-0.612456	0.0	0.25885199999999997	0.58611	0.76777	0.0	0.965518	-0.179858	-0.18822	0.0	-2.61195	-0.567416	-2.0274400000000004	0.339627	-0.15358	0.620423	-0.769083	0.0	0.278004	-0.719749	-0.6361399999999999	0.0	-0.9482229999999999	-0.311506	-0.061941199999999995	0.0	2.18945	-0.18801500000000002	-1.7170599999999998	0.338278	
3	0.022143799999999998	0.775221	-0.631302	0.0	0.266178	0.604093	0.751147	0.0	0.96367	-0.184672	-0.19297	0.0	-2.61777	-0.55671	-2.04452	0.34160799999999997	-0.154625	0.615317	-0.7729659999999999	0.0	0.280992	-0.722676	-0.6314930000000001	0.0	-0.9471719999999999	-0.314842	-0.061154999999999994	0.0	2.1846799999999997	-0.1827	-1.72943	0.335801	
3	0.0215666	0.7654850000000001	-0.643093	0.0	0.26662600000000003	0.615542	0.741632	0.0	0.963559	-0.18746	-0.190823	0.0	-2.61485	-0.536203	-2.06907	0.346516	-0.154645	0.610848	-0.7764989999999999	0.0	0.280235	-0.726553	-0.627367	0.0	-0.947393	-0.314621	-0.058822900000000004	0.0	2.18533	-0.177768	-1.7409400000000002	0.335714	
3	0.0224065	0.764945	-0.643706	0.0	0.267449	0.615815	0.741109	0.0	0.963311	-0.18876400000000002	-0.19078499999999998	0.0	-2.61152	-0.533567	-2.06933	0.34666199999999997	-0.155331	0.609705	-0.7772600000000001	0.0	0.280014	-0.727364	-0.626525	0.0	-0.9473459999999999	-0.31496199999999996	-0.057744000000000004	0.0	2.18434	-0.178214	-1.7393900000000002	0.335528	
3	0.0225333	0.76469	-0.644004	0.0	0.270452	0.615487	0.7402920000000001	0.0	0.96247	-0.190853	-0.192943	0.0	-2.60797	-0.529991	-2.0694	0.34675700000000004	-0.15608	0.608273	-0.77823	0.0	0.280402	-0.728187	-0.625395	0.0	-0.947108	-0.315828	-0.056905700000000004	0.0	2.18112	-0.17888199999999999	-1.73541	0.335584	
3	0.0225363	0.764703	-0.643989	0.0	0.270489	0.615464	0.740297	0.0	0.9624590000000001	-0.190875	-0.192973	0.0	-2.6080799999999997	-0.530093	-2.0693200000000003	0.346771	-0.156074	0.608254	-0.778247	0.0	0.280413	-0.7282	-0.625375	0.0	-0.947106	-0.315835	-0.0569095	0.0	2.18132	-0.179006	-1.7349900000000003	0.335582	
3	0.0225361	0.764703	-0.643989	0.0	0.270488	0.615464	0.740297	0.0	0.96246	-0.190875	-0.192973	0.0	-2.6080799999999997	-0.530094	-2.0693200000000003	0.34676999999999997	-0.156074	0.608254	-0.778247	0.0	0.280412	-0.7282	-0.625375	0.0	-0.947106	-0.315834	-0.0569095	0.0	2.18132	-0.179007	-1.7349900000000003	0.335581	
3	0.0225361	0.764703	-0.643989	0.0	0.270488	0.615464	0.740297	0.0	0.9624590000000001	-0.190875	-0.192973	0.0	-2.6080799999999997	-0.530093	-2.0693200000000003	0.346771	-0.156074	0.608254	-0.778247	0.0	0.280412	-0.7282	-0.625375	0.0	-0.947106	-0.315834	-0.0569095	0.0	2.18132	-0.179007	-1.7349900000000003	0.335582	
3	0.0225361	0.764703	-0.643989	0.0	0.270488	0.615464	0.740297	0.0	0.96246	-0.190875	-0.192973	0.0	-2.6080799999999997	-0.530093	-2.0693200000000003	0.346771	-0.156073	0.608254	-0.778247	0.0	0.280412	-0.7282	-0.625375	0.0	-0.947106	-0.315834	-0.056909400000000006	0.0	2.18132	-0.179007	-1.7349900000000003	0.335582	
3	0.0225361	0.764703	-0.643989	0.0	0.270489	0.615464	0.740297	0.0	0.9624590000000001	-0.190875	-0.192973	0.0	-2.6080799999999997	-0.530093	-2.0693200000000003	0.346771	-0.156073	0.608254	-0.778247	0.0	0.280412	-0.7282	-0.625375	0.0	-0.947106	-0.315834	-0.056909400000000006	0.0	2.18132	-0.179007	-1.7349900000000003	0.335582	
3	0.0225361	0.764703	-0.643989	0.0	0.270488	0.615464	0.740297	0.0	0.9624590000000001	-0.190875	-0.192973	0.0	-2.6080799999999997	-0.530093	-2.0693200000000003	0.346771	-0.156073	0.608254	-0.778247	0.0	0.280412	-0.7282	-0.625375	0.0	-0.947106	-0.315834	-0.056909400000000006	0.0	2.18132	-0.179007	-1.7349900000000003	0.335582	
3	0.0225362	0.764703	-0.643989	0.0	0.270488	0.615464	0.740297	0.0	0.9624590000000001	-0.190875	-0.192973	0.0	-2.6080799999999997	-0.530094	-2.0693200000000003	0.34676999999999997	-0.156074	0.608254	-0.778247	0.0	0.280412	-0.7282	-0.625375	0.0	-0.947106	-0.315834	-0.0569095	0.0	2.18132	-0.179007	-1.7349900000000003	0.335582	
3	0.0225362	0.764703	-0.643989	0.0	0.270488	0.615464	0.740297	0.0	0.9624590000000001	-0.190875	-0.192973	0.0	-2.6080799999999997	-0.530093	-2.0693200000000003	0.34676999999999997	-0.156073	0.608254	-0.778247	0.0	0.280412	-0.7282	-0.625375	0.0	-0.947106	-0.315834	-0.056909400000000006	0.0	2.18132	-0.179007	-1.7349900000000003	0.335582	
3	0.0225362	0.764703	-0.643989	0.0	0.270488	0.615464	0.740297	0.0	0.9624590000000001	-0.190875	-0.192973	0.0	-2.6080799999999997	-0.530093	-2.0693200000000003	0.34676999999999997	-0.156073	0.608254	-0.778247	0.0	0.280412	-0.7282	-0.625375	0.0	-0.947106	-0.315834	-0.056909400000000006	0.0	2.18132	-0.179007	-1.7349900000000003	0.335582	
3	0.0225362	0.764703	-0.643989	0.0	0.270488	0.615464	0.740297	0.0	0.9624590000000001	-0.190875	-0.192973	0.0	-2.6080799999999997	-0.530093	-2.0693200000000003	0.34676999999999997	-0.156074	0.608254	-0.778247	0.0	0.280412	-0.7282	-0.625375	0.0	-0.947106	-0.315834	-0.0569095	0.0	2.18132	-0.179007	-1.7349900000000003	0.335582	
3	0.0225362	0.764703	-0.643989	0.0	0.270488	0.615464	0.740297	0.0	0.9624590000000001	-0.190875	-0.192973	0.0	-2.6080799999999997	-0.530093	-2.0693200000000003	0.34676999999999997	-0.156073	0.608254	-0.778247	0.0	0.280412	-0.7282	-0.625375	0.0	-0.947106	-0.315834	-0.056909400000000006	0.0	2.18132	-0.179007	-1.7349900000000003	0.335582	
3	0.0225362	0.764703	-0.643989	0.0	0.270488	0.615464	0.740297	0.0	0.9624590000000001	-0.190875	-0.192973	0.0	-2.6080799999999997	-0.530094	-2.0693200000000003	0.34676999999999997	-0.156073	0.608254	-0.778247	0.0	0.280412	-0.7282	-0.625375	0.0	-0.947106	-0.315834	-0.056909400000000006	0.0	2.18132	-0.179007	-1.7349900000000003	0.335582	
3	0.0225362	0.764703	-0.643989	0.0	0.270488	0.615464	0.740297	0.0	0.9624590000000001	-0.190875	-0.192973	0.0	-2.6080799999999997	-0.530093	-2.0693200000000003	0.34676999999999997	-0.156073	0.608254	-0.778247	0.0	0.280412	-0.7282	-0.625375	0.0	-0.947106	-0.315834	-0.056909400000000006	0.0	2.18132	-0.179007	-1.7349900000000003	0.335582	
3	0.0225363	0.764703	-0.643989	0.0	0.270488	0.615464	0.740297	0.0	0.9624590000000001	-0.190875	-0.192973	0.0	-2.6080799999999997	-0.530093	-2.0693200000000003	0.34676999999999997	-0.156073	0.608254	-0.778247	0.0	0.280412	-0.7282	-0.625375	0.0	-0.947106	-0.315834	-0.056909400000000006	0.0	2.18132	-0.179007	-1.7349900000000003	0.335582	
3	0.0225363	0.764703	-0.643989	0.0	0.270488	0.615464	0.740297	0.0	0.9624590000000001	-0.190875	-0.192973	0.0	-2.6080799999999997	-0.530093	-2.0693200000000003	0.34676999999999997	-0.156073	0.608254	-0.778247	0.0	0.280412	-0.7282	-0.625375	0.0	-0.947106	-0.315834	-0.056909400000000006	0.0	2.18132	-0.179007	-1.7349900000000003	0.335582	
3	0.0225363	0.764703	-0.643989	0.0	0.270488	0.615464	0.740297	0.0	0.9624590000000001	-0.190875	-0.192973	0.0	-2.6080799999999997	-0.530093	-2.0693200000000003	0.34676999999999997	-0.156074	0.608254	-0.778247	0.0	0.280412	-0.7282	-0.625375	0.0	-0.947106	-0.315834	-0.0569095	0.0	2.18132	-0.179007	-1.7349900000000003	0.335582	
3	0.0225363	0.764703	-0.643989	0.0	0.270488	0.615464	0.740297	0.0	0.9624590000000001	-0.190875	-0.192973	0.0	-2.6080799999999997	-0.530093	-2.0693200000000003	0.34676999999999997	-0.156074	0.608254	-0.778247	0.0	0.280412	-0.7282	-0.625375	0.0	-0.947106	-0.315834	-0.0569095	0.0	2.18132	-0.179007	-1.7349900000000003	0.335581	
3	0.0225363	0.764703	-0.643989	0.0	0.270488	0.615464	0.740297	0.0	0.9624590000000001	-0.190875	-0.192973	0.0	-2.6080799999999997	-0.530093	-2.0693200000000003	0.34676999999999997	-0.156073	0.608254	-0.778247	0.0	0.280412	-0.7282	-0.625375	0.0	-0.947106	-0.315834	-0.056909400000000006	0.0	2.18132	-0.179007	-1.7349900000000003	0.335582	
3	0.0225362	0.764703	-0.643989	0.0	0.270488	0.615464	0.740297	0.0	0.9624590000000001	-0.190875	-0.192973	0.0	-2.6080799999999997	-0.530093	-2.0693200000000003	0.34676999999999997	-0.156074	0.608254	-0.778247	0.0	0.280412	-0.7282	-0.625375	0.0	-0.947106	-0.315834	-0.0569095	0.0	2.18132	-0.179007	-1.7349900000000003	0.335582	
3	0.0225362	0.764703	-0.643989	0.0	0.270488	0.615464	0.740297	0.0	0.9624590000000001	-0.190875	-0.192973	0.0	-2.6080799999999997	-0.530093	-2.0693200000000003	0.34676999999999997	-0.156074	0.608254	-0.778247	0.0	0.280412	-0.7282	-0.625375	0.0	-0.947106	-0.315834	-0.0569095	0.0	2.18132	-0.179007	-1.7349900000000003	0.335581	
3	0.0225362	0.764703	-0.643989	0.0	0.270488	0.615464	0.740297	0.0	0.9624590000000001	-0.190875	-0.192973	0.0	-2.6080799999999997	-0.530093	-2.0693200000000003	0.34676999999999997	-0.156073	0.608254	-0.778247	0.0	0.280412	-0.7282	-0.625375	0.0	-0.947106	-0.315834	-0.056909400000000006	0.0	2.18132	-0.179007	-1.7349900000000003	0.335582	
3	0.0225362	0.764703	-0.643989	0.0	0.270488	0.615464	0.740297	0.0	0.9624590000000001	-0.190875	-0.192973	0.0	-2.6080799999999997	-0.530093	-2.0693200000000003	0.34676999999999997	-0.156073	0.608254	-0.778247	0.0	0.280412	-0.7282	-0.625375	0.0	-0.947106	-0.315834	-0.056909400000000006	0.0	2.18132	-0.179007	-1.7349900000000003	0.335582	
3	0.0225363	0.764703	-0.643989	0.0	0.270488	0.615464	0.740297	0.0	0.9624590000000001	-0.190875	-0.192973	0.0	-2.6080799999999997	-0.530093	-2.0693200000000003	0.34676999999999997	-0.156074	0.608254	-0.778247	0.0	0.280412	-0.7282	-0.625375	0.0	-0.947106	-0.315834	-0.0569095	0.0	2.18132	-0.179007	-1.7349900000000003	0.335581	
3	0.0225362	0.764703	-0.643989	0.0	0.270488	0.615464	0.740297	0.0	0.9624590000000001	-0.190875	-0.192973	0.0	-2.6080799999999997	-0.530094	-2.0693200000000003	0.34676999999999997	-0.156073	0.608254	-0.778247	0.0	0.280412	-0.7282	-0.625375	0.0	-0.947106	-0.315834	-0.056909400000000006	0.0	2.18132	-0.179007	-1.7349900000000003	0.335582	
3	0.0225363	0.764703	-0.643989	0.0	0.270488	0.615464	0.740297	0.0	0.9624590000000001	-0.190875	-0.192973	0.0	-2.6080799999999997	-0.530093	-2.0693200000000003	0.34676999999999997	-0.156074	0.608254	-0.778247	0.0	0.280412	-0.7282	-0.625375	0.0	-0.947106	-0.315834	-0.0569095	0.0	2.18132	-0.179007	-1.7349900000000003	0.335581	
3	0.0225363	0.764703	-0.643989	0.0	0.270488	0.615464	0.740297	0.0	0.9624590000000001	-0.190875	-0.192973	0.0	-2.6080799999999997	-0.530093	-2.0693200000000003	0.34676999999999997	-0.156074	0.608254	-0.778247	0.0	0.280412	-0.7282	-0.625375	0.0	-0.947106	-0.315834	-0.0569095	0.0	2.18132	-0.179007	-1.7349900000000003	0.335582	
3	-0.06316580000000001	0.779596	-0.623089	0.0	0.178367	0.623102	0.7615310000000001	0.0	0.981935	-0.0630356	-0.17841300000000002	0.0	-2.61043	-0.570184	-2.11333	0.330429	-0.104504	0.597083	-0.795343	0.0	0.140951	-0.7827569999999999	-0.606155	0.0	-0.9844860000000001	-0.17545	-0.00235839	0.0	2.15817	-0.167988	-1.71386	0.334267	
3	-0.213004	0.785485	-0.58107	0.0	0.00968736	0.596387	0.802639	0.0	0.9770030000000001	0.16533599999999998	-0.134642	0.0	-2.5928	-0.564804	-2.12106	0.314056	-0.013963499999999998	0.553541	-0.8327049999999999	0.0	-0.162021	-0.823034	-0.5443939999999999	0.0	-0.9866889999999999	0.127314	0.101177	0.0	2.16831	-0.131643	-1.70386	0.331291	
3	-0.212982	0.797791	-0.564064	0.0	-0.00120354	0.577095	0.8166760000000001	0.0	0.9770549999999999	0.17461600000000002	-0.121951	0.0	-2.5714799999999998	-0.633415	-2.1905	0.315075	-0.013434200000000002	0.572075	-0.820092	0.0	-0.161024	-0.810699	-0.5628850000000001	0.0	-0.986859	0.124492	0.10300799999999999	0.0	2.16257	-0.179747	-1.72935	0.333433	
3	-0.208635	0.81308	-0.543482	0.0	0.011671899999999999	0.557742	0.829933	0.0	0.977924	0.16680899999999999	-0.125854	0.0	-2.55345	-0.6786369999999999	-2.21921	0.315242	-0.010423100000000001	0.5978289999999999	-0.801556	0.0	-0.164966	-0.791644	-0.588291	0.0	-0.986244	0.12609800000000002	0.106873	0.0	2.1242400000000004	-0.222606	-1.76407	0.335443	
3	-0.20594099999999999	0.819413	-0.534931	0.0	0.0182267	0.549765	0.8351200000000001	0.0	0.9783950000000001	0.162235	-0.128154	0.0	-2.5585	-0.704285	-2.25734	0.314288	-0.013213800000000001	0.610524	-0.791888	0.0	-0.169829	-0.781821	-0.599929	0.0	-0.9853850000000001	0.126558	0.114015	0.0	2.09197	-0.265177	-1.79404	0.338479	
3	-0.186751	0.829908	-0.5257149999999999	0.0	0.043843599999999996	0.541637	0.839468	0.0	0.9814290000000001	0.133722	-0.137537	0.0	-2.56735	-0.756386	-2.2915799999999997	0.296704	-0.021215	0.63607	-0.7713399999999999	0.0	-0.164725	-0.763193	-0.624821	0.0	-0.9861110000000001	0.113803	0.120968	0.0	2.01287	-0.417567	-1.87372	0.34389400000000003	
3	-0.176352	0.833477	-0.5236569999999999	0.0	0.0627589	0.5404329999999999	0.839043	0.0	0.982325	0.115103	-0.147615	0.0	-2.58115	-0.805149	-2.32888	0.296283	-0.029117900000000002	0.644048	-0.7644310000000001	0.0	-0.157815	-0.758126	-0.632724	0.0	-0.9870389999999999	0.102215	0.123715	0.0	1.9833599999999998	-0.472875	-1.9038700000000002	0.346561	
3	-0.134113	0.8415370000000001	-0.523287	0.0	0.13128499999999999	0.5384909999999999	0.832341	0.0	0.982231	0.042928100000000004	-0.182699	0.0	-2.61705	-0.9586690000000001	-2.40076	0.280408	-0.058141899999999996	0.647149	-0.760143	0.0	-0.127987	-0.75998	-0.637221	0.0	-0.9900700000000001	0.0602389	0.12701300000000001	0.0	1.8794799999999998	-0.669729	-1.97606	0.347499	
3	-0.09083279999999999	0.8392629999999999	-0.536085	0.0	0.188216	0.543075	0.818318	0.0	0.9779180000000001	-0.02657	-0.207292	0.0	-2.6467099999999997	-1.11267	-2.42234	0.271346	-0.07954789999999999	0.643355	-0.761424	0.0	-0.107761	-0.7649189999999999	-0.635049	0.0	-0.9909889999999999	0.031535099999999996	0.130176	0.0	1.8139599999999998	-0.830249	-2.03194	0.347569	
3	0.0169849	0.811329	-0.5843430000000001	0.0	0.30389499999999997	0.5525899999999999	0.776075	0.0	0.9525540000000001	-0.19075999999999999	-0.237173	0.0	-2.74034	-1.42676	-2.45728	0.258186	-0.105348	0.629364	-0.769937	0.0	-0.0823427	-0.777107	-0.623958	0.0	-0.9910209999999999	-0.00233403	0.13369	0.0	1.7560799999999999	-1.0277	-2.10586	0.346902	
3	0.0670872	0.797834	-0.599133	0.0	0.351441	0.5431050000000001	0.762578	0.0	0.933803	-0.261719	-0.243957	0.0	-2.8164	-1.60253	-2.46555	0.257644	-0.118002	0.623911	-0.772536	0.0	-0.0761821	-0.781366	-0.619406	0.0	-0.990087	-0.0142375	0.139733	0.0	1.72823	-1.12671	-2.1465799999999997	0.347062	
3	0.151085	0.75572	-0.637229	0.0	0.46099399999999996	0.516375	0.721694	0.0	0.874447	-0.402796	-0.270366	0.0	-2.9986099999999998	-1.9787400000000002	-2.50465	0.257695	-0.145549	0.611105	-0.778053	0.0	-0.0571235	-0.790307	-0.610043	0.0	-0.987701	-0.044345800000000005	0.149937	0.0	1.6727599999999998	-1.31129	-2.19802	0.347011	
3	0.18038099999999999	0.741556	-0.646187	0.0	0.500386	0.49641199999999996	0.709358	0.0	0.8468040000000001	-0.451297	-0.281521	0.0	-3.08318	-2.13073	-2.5211200000000002	0.258343	-0.158149	0.606052	-0.7795449999999999	0.0	-0.0465218	-0.793177	-0.607212	0.0	-0.9863190000000001	-0.059764	0.153635	0.0	1.6515799999999998	-1.3815899999999999	-2.2187099999999997	0.34686100000000003	
3	0.243049	0.691503	-0.680258	0.0	0.580775	0.457959	0.673034	0.0	0.776935	-0.558657	-0.29030100000000003	0.0	-3.3866	-2.45363	-2.63101	0.25893499999999997	-0.182395	0.587525	-0.7883819999999999	0.0	-0.0289267	-0.804692	-0.592987	0.0	-0.9828	-0.0853528	0.163767	0.0	1.59172	-1.54295	-2.214	0.34348	
3	0.259241	0.680876	-0.684983	0.0	0.608819	0.435366	0.663171	0.0	0.7497560000000001	-0.588952	-0.301665	0.0	-3.47454	-2.52707	-2.64682	0.258979	-0.186782	0.5819989999999999	-0.7914479999999999	0.0	-0.0269192	-0.808355	-0.588079	0.0	-0.982033	-0.0885373	0.166653	0.0	1.58343	-1.57291	-2.20542	0.342617	
3	0.270544	0.667636	-0.693591	0.0	0.659288	0.396514	0.638839	0.0	0.701531	-0.630111	-0.33289	0.0	-3.6899599999999997	-2.6352900000000004	-2.6793400000000003	0.25723	-0.186001	0.5789979999999999	-0.79383	0.0	-0.0250301	-0.810458	-0.585262	0.0	-0.982231	-0.08898930000000001	0.16523800000000002	0.0	1.5835	-1.56308	-2.1745099999999997	0.338433	
3	0.27015300000000003	0.664802	-0.6964600000000001	0.0	0.670786	0.388959	0.631473	0.0	0.6906979999999999	-0.6377689999999999	-0.340861	0.0	-3.72756	-2.63786	-2.68836	0.256934	-0.18648199999999998	0.579843	-0.7931	0.0	-0.0252824	-0.809825	-0.5861270000000001	0.0	-0.982133	-0.0892504	0.165677	0.0	1.58343	-1.57019	-2.1784	0.33823800000000004	
3	0.277861	0.638501	-0.717712	0.0	0.685508	0.39160500000000004	0.613779	0.0	0.6729569999999999	-0.662542	-0.328886	0.0	-3.79845	-2.67769	-2.68867	0.257351	-0.186899	0.578447	-0.79402	0.0	-0.028667	-0.81113	-0.584163	0.0	-0.9819610000000001	-0.08641739999999999	0.168182	0.0	1.57427	-1.58946	-2.18142	0.338499	
3	0.280481	0.6308010000000001	-0.723478	0.0	0.687431	0.39403299999999997	0.610063	0.0	0.669903	-0.668452	-0.323113	0.0	-3.8046800000000003	-2.69323	-2.68463	0.257332	-0.187222	0.577886	-0.794353	0.0	-0.0292262	-0.811571	-0.5835229999999999	0.0	-0.981883	-0.0860325	0.16883299999999998	0.0	1.5714299999999999	-1.58995	-2.18155	0.338568	
3	0.347244	0.546991	-0.761724	0.0	0.702324	0.386563	0.597755	0.0	0.62142	-0.7425430000000001	-0.249933	0.0	-3.88007	-2.93281	-2.47551	0.258612	-0.18842799999999998	0.576659	-0.794959	0.0	-0.0281303	-0.812295	-0.5825670000000001	0.0	-0.981684	-0.08740980000000001	0.169281	0.0	1.56187	-1.5870600000000001	-2.17237	0.33821599999999996	
3	0.351781	0.542007	-0.763202	0.0	0.697916	0.391484	0.599711	0.0	0.62383	-0.743618	-0.240558	0.0	-3.89739	-2.97383	-2.42077	0.26195999999999997	-0.18791	0.57622	-0.7954	0.0	-0.0283358	-0.812669	-0.582036	0.0	-0.981778	-0.0868323	0.169036	0.0	1.56312	-1.58748	-2.17585	0.337978	
3	0.375161	0.518738	-0.7682220000000001	0.0	0.691439	0.395377	0.60464	0.0	0.617387	-0.758016	-0.21034499999999998	0.0	-3.8904099999999997	-3.03156	-2.3119400000000003	0.283148	-0.189376	0.573986	-0.796666	0.0	-0.031440499999999996	-0.814476	-0.579345	0.0	-0.981401	-0.08466649999999999	0.172289	0.0	1.55336	-1.5897299999999999	-2.17644	0.338501	
3	0.395546	0.5002770000000001	-0.770238	0.0	0.6991189999999999	0.379867	0.605751	0.0	0.595631	-0.77809	-0.199498	0.0	-3.86372	-3.07783	-2.24505	0.309002	-0.189683	0.572695	-0.7975220000000001	0.0	-0.030873	-0.815346	-0.578151	0.0	-0.98136	-0.0850435	0.17233800000000002	0.0	1.54932	-1.57608	-2.1636900000000003	0.338339	
3	0.421702	0.47703199999999996	-0.771108	0.0	0.694563	0.376739	0.612903	0.0	0.5828810000000001	-0.794046	-0.172458	0.0	-3.8569699999999996	-3.1663900000000003	-2.1665200000000002	0.322034	-0.189155	0.5691510000000001	-0.80018	0.0	-0.031057099999999997	-0.817951	-0.57445	0.0	-0.981456	-0.08380850000000001	0.172395	0.0	1.54905	-1.55702	-2.14697	0.33731500000000003	
3	0.42530500000000004	0.48044499999999996	-0.767	0.0	0.691314	0.37450500000000003	0.617924	0.0	0.584124	-0.793044	-0.17285999999999999	0.0	-3.8076199999999996	-3.15805	-2.15214	0.321745	-0.18926199999999999	0.566774	-0.80184	0.0	-0.0326006	-0.819775	-0.571757	0.0	-0.9813850000000001	-0.0820715	0.173629	0.0	1.5525799999999998	-1.54786	-2.14701	0.336934	
3	0.43568100000000004	0.47816800000000004	-0.762586	0.0	0.692673	0.362912	0.623297	0.0	0.574793	-0.7997810000000001	-0.1731	0.0	-3.77947	-3.1573700000000002	-2.13824	0.322459	-0.189237	0.566409	-0.802104	0.0	-0.032713900000000004	-0.820047	-0.571361	0.0	-0.9813860000000001	-0.0818824	0.17371199999999998	0.0	1.5540399999999999	-1.54585	-2.14245	0.337221	
