3	0.593132	0.516197	-0.617846	0.0	0.685321	0.07903439999999999	0.7239399999999999	0.0	0.42252700000000004	-0.852815	-0.306883	0.0	-2.7396700000000003	2.0	1.46191	0.0	-0.176116	0.587716	-0.789667	0.0	-0.0225284	-0.8044020000000001	-0.593658	0.0	-0.9841120000000001	-0.0867625	0.154908	0.0	2.7173	2.09653	1.43699	0.000976563	
3	0.059243899999999995	0.8237040000000001	-0.563916	0.0	0.297254	0.524725	0.797687	0.0	0.952959	-0.214885	-0.213763	0.0	-2.71184	2.01392	1.30398	0.00527453	-0.18040899999999999	0.602015	-0.777837	0.0	-0.0116791	-0.792068	-0.610321	0.0	-0.9835219999999999	-0.101023	0.149927	0.0	2.77419	2.07254	1.29833	0.0	
3	-0.0143694	0.827233	-0.5616760000000001	0.0	0.21761	0.550856	0.805732	0.0	0.97593	-0.110648	-0.18792899999999998	0.0	-2.69528	2.0324	1.2112399999999999	0.0	-0.179297	0.638488	-0.748456	0.0	-0.00854212	-0.7617659999999999	-0.647796	0.0	-0.983758	-0.10975399999999999	0.142036	0.0	2.8	2.02029	1.11313	0.0	
3	-0.016503599999999997	0.8241569999999999	-0.566121	0.0	0.23011900000000002	0.554129	0.799991	0.0	0.973023	-0.117073	-0.198799	0.0	-2.66595	2.04672	1.09521	0.0	-0.174334	0.670222	-0.721395	0.0	-0.0296322	-0.7358520000000001	-0.676493	0.0	-0.984241	-0.09655939999999999	0.148144	0.0	2.76635	1.96203	1.01085	0.0	
3	-0.0295651	0.826896	-0.561577	0.0	0.200433	0.555316	0.807125	0.0	0.979261	-0.0886961	-0.18215499999999998	0.0	-2.6238099999999998	2.03666	0.978524	0.0	-0.180377	0.6910609999999999	-0.6999270000000001	0.0	-0.0613852	-0.718121	-0.693206	0.0	-0.9816799999999999	-0.08207350000000001	0.171954	0.0	2.6739599999999997	1.80906	0.942682	0.0	
3	-0.040181699999999994	0.8160810000000001	-0.5765399999999999	0.0	0.18068800000000002	0.573427	0.799083	0.0	0.982719	-0.07206549999999999	-0.170497	0.0	-2.5886400000000003	2.01592	0.8890440000000001	0.0	-0.20108299999999998	0.6839689999999999	-0.70125	0.0	-0.0276569	-0.719551	-0.6938880000000001	0.0	-0.979184	-0.12013499999999999	0.163606	0.0	2.60395	1.7262400000000002	0.964097	0.0	
3	-0.0483685	0.813459	-0.579608	0.0	0.149814	0.579631	0.8009890000000001	0.0	0.9875299999999999	-0.0480906	-0.149903	0.0	-2.4804	1.9683099999999998	0.831901	0.0	-0.19961700000000002	0.657855	-0.72621	0.0	-0.00845519	-0.742254	-0.6700649999999999	0.0	-0.9798379999999999	-0.127616	0.153729	0.0	2.53772	1.63639	0.951225	0.0	
3	-0.077519	0.761682	-0.643297	0.0	0.065184	0.64773	0.759076	0.0	0.994858	0.0169102	-0.0998608	0.0	-2.39225	1.84655	0.770895	0.0	-0.216496	0.610958	-0.7614850000000001	0.0	-0.0459043	-0.7854909999999999	-0.617168	0.0	-0.9752040000000001	-0.0986587	0.198101	0.0	2.4874400000000003	1.57266	0.9663209999999999	0.0	
3	-0.140249	0.664157	-0.73432	0.0	-0.035712	0.737775	0.6741020000000001	0.0	0.9894719999999999	0.12076600000000001	-0.0797538	0.0	-2.2783	1.7855900000000002	0.718963	0.0	-0.204246	0.608147	-0.7671	0.0	-0.08020219999999999	-0.79138	-0.6060409999999999	0.0	-0.9756290000000001	-0.06225830000000001	0.21040999999999999	0.0	2.48489	1.55406	0.9177649999999999	0.0	
3	-0.151634	0.617463	-0.7718470000000001	0.0	-0.0684795	0.772437	0.6313880000000001	0.0	0.9860620000000001	0.148595	-0.07484389999999999	0.0	-2.1689700000000003	1.7569299999999999	0.701209	0.0	-0.165608	0.626325	-0.761768	0.0	-0.039731300000000004	-0.776045	-0.629425	0.0	-0.985391	-0.0739719	0.15340399999999998	0.0	2.50153	1.5466600000000001	0.791694	0.0	
3	-0.127278	0.64058	-0.75727	0.0	-0.0243771	0.761228	0.648025	0.0	0.991568	0.100939	-0.0812719	0.0	-2.12174	1.8136	0.629549	0.0	-0.168946	0.616261	-0.769207	0.0	0.0290255	-0.776976	-0.628861	0.0	-0.9851979999999999	-0.12857000000000002	0.11338	0.0	2.49335	1.44544	0.645306	0.0	
3	-0.12073199999999999	0.675602	-0.727314	0.0	0.0160172	0.733904	0.6790649999999999	0.0	0.992556	0.07033539999999999	-0.0994272	0.0	-2.12988	1.7717200000000002	0.442486	0.0	-0.16655799999999998	0.614391	-0.771221	0.0	0.0307472	-0.77853	-0.626854	0.0	-0.9855520000000001	-0.128121	0.11077999999999999	0.0	2.46207	1.32913	0.355799	0.0	
3	-0.11666900000000001	0.6943600000000001	-0.710108	0.0	-0.0147012	0.713705	0.700292	0.0	0.9930620000000001	0.092142	-0.0730595	0.0	-2.07022	1.6805900000000003	0.281935	-0.00034526699999999996	-0.16587000000000002	0.5949260000000001	-0.7864800000000001	0.0	0.025934699999999998	-0.79462	-0.606553	0.0	-0.985807	-0.12100599999999999	0.116374	0.0	2.4134599999999997	1.26114	0.204889	0.0	
3	-0.12353099999999999	0.706378	-0.696972	0.0	-0.00822228	0.7015979999999999	0.712525	0.0	0.9923069999999999	0.0937499	-0.0808615	0.0	-2.02077	1.64231	0.20884299999999997	0.0	-0.161252	0.603267	-0.781068	0.0	0.0389459	-0.7869189999999999	-0.615826	0.0	-0.986145	-0.129722	0.103397	0.0	2.37206	1.2300799999999998	0.0840517	0.0	
3	-0.13909100000000002	0.707733	-0.692653	0.0	0.039468699999999995	0.702858	0.7102350000000001	0.0	0.9894930000000001	0.07144869999999999	-0.125694	0.0	-2.0270599999999996	1.64664	0.127387	0.0	-0.14898	0.616767	-0.7729189999999999	0.0	0.0672356	-0.773515	-0.630202	0.0	-0.9865520000000001	-0.14585499999999998	0.0737693	0.0	2.29733	1.23481	-0.0373064	0.0	
3	-0.133966	0.7185560000000001	-0.682445	0.0	0.037888099999999994	0.691863	0.7210340000000001	0.0	0.9902610000000001	0.0707377	-0.11991099999999999	0.0	-2.0653900000000003	1.6285	0.0409339	0.0	-0.138298	0.633707	-0.7611100000000001	0.0	0.0867485	-0.75779	-0.646706	0.0	-0.986584	-0.15546300000000002	0.049827800000000005	0.0	2.22247	1.24117	-0.210102	0.0	
3	-0.135502	0.731117	-0.66866	0.0	0.0460741	0.678804	0.7328720000000001	0.0	0.989705	0.0684977	-0.125665	0.0	-2.08874	1.63471	-0.0756155	0.0	-0.13710799999999998	0.635411	-0.759905	0.0	0.09327919999999999	-0.755458	-0.648523	0.0	-0.9861540000000001	-0.159801	0.0443087	0.0	2.18308	1.25557	-0.344248	0.0	
3	-0.138303	0.743869	-0.653859	0.0	0.052213699999999995	0.6647609999999999	0.745229	0.0	0.9890129999999999	0.0689273	-0.130779	0.0	-2.11579	1.63972	-0.196608	0.0	-0.13694800000000001	0.64571	-0.751202	0.0	0.10232000000000001	-0.74507	-0.659092	0.0	-0.9852799999999999	-0.167124	0.0359668	0.0	2.1637299999999997	1.2525700000000002	-0.440291	0.0	
3	-0.13789300000000002	0.761357	-0.6335	0.0	0.0476884	0.643971	0.763562	0.0	0.989298	0.07507910000000001	-0.125107	0.0	-2.12423	1.6408	-0.321494	0.0	-0.139907	0.65213	-0.7450859999999999	0.0	0.137451	-0.73241	-0.666846	0.0	-0.9805780000000001	-0.195709	0.012833700000000002	0.0	2.14636	1.21836	-0.568171	0.0	
3	-0.13985799999999998	0.784209	-0.60453	0.0	0.047238	0.615119	0.787018	0.0	0.989044	0.08151439999999999	-0.123074	0.0	-2.11826	1.56671	-0.462055	0.108244	-0.137176	0.692393	-0.708361	0.0	0.13817100000000002	-0.694755	-0.70585	0.0	-0.9808629999999999	-0.1947	-0.00036528699999999995	0.0	2.15461	1.12754	-0.681682	0.15503599999999998	
3	-0.127716	0.777355	-0.615961	0.0	0.0630758	0.626155	0.777143	0.0	0.9898030000000001	0.0604015	-0.129003	0.0	-2.10669	1.45241	-0.609826	0.288111	-0.166729	0.691641	-0.702734	0.0	0.18418199999999998	-0.678319	-0.711309	0.0	-0.968648	-0.248027	-0.0142924	0.0	2.10589	0.977942	-0.820717	0.27514299999999997	
3	-0.103467	0.773034	-0.6258699999999999	0.0	0.0464541	0.632316	0.773317	0.0	0.993548	0.050938699999999996	-0.10133500000000001	0.0	-2.10292	1.27741	-0.803293	0.302027	-0.177286	0.715534	-0.675708	0.0	0.189157	-0.6490090000000001	-0.736891	0.0	-0.9658100000000001	-0.25845500000000005	-0.0202883	0.0	2.04833	0.86024	-0.9798379999999999	0.263973	
3	-0.059496900000000005	0.784196	-0.617654	0.0	0.0662341	0.620488	0.781414	0.0	0.996029	0.00558186	-0.0888577	0.0	-2.10744	1.00805	-1.0215	0.31952800000000003	-0.197183	0.70397	-0.682309	0.0	0.210896	-0.64922	-0.7307779999999999	0.0	-0.957414	-0.287993	-0.0204497	0.0	1.9918	0.689137	-1.16638	0.293533	
3	-0.0236878	0.7858539999999999	-0.617958	0.0	0.08643630000000001	0.6174270000000001	0.7818649999999999	0.0	0.995976	-0.0348935	-0.08255180000000001	0.0	-2.1278900000000003	0.734406	-1.2311	0.318286	-0.213732	0.691367	-0.690167	0.0	0.217798	-0.654986	-0.7235729999999999	0.0	-0.952304	-0.304967	-0.010586799999999999	0.0	1.94255	0.475933	-1.33861	0.29747399999999996	
3	-0.00178172	0.788564	-0.61495	0.0	0.110625	0.611332	0.783604	0.0	0.9938610000000001	-0.06663279999999999	-0.08832410000000002	0.0	-2.1519	0.521742	-1.39524	0.318468	-0.249623	0.680665	-0.688755	0.0	0.239089	-0.645928	-0.724992	0.0	-0.938363	-0.345649	-0.00150147	0.0	1.91868	0.27622199999999997	-1.4267299999999998	0.29738200000000004	
3	0.0107039	0.790618	-0.612216	0.0	0.131795	0.6057939999999999	0.78463	0.0	0.9912190000000001	-0.0890857	-0.09771519999999999	0.0	-2.16132	0.35208	-1.60801	0.318473	-0.25799099999999997	0.689792	-0.6764819999999999	0.0	0.24725	-0.62973	-0.7364149999999999	0.0	-0.933975	-0.357248	-0.00808668	0.0	1.92147	0.0780455	-1.5361200000000002	0.29836599999999996	
3	0.0154459	0.796308	-0.604694	0.0	0.154701	0.595581	0.788258	0.0	0.987841	-0.105722	-0.11399000000000001	0.0	-2.18141	0.204488	-1.8133400000000002	0.319114	-0.258157	0.699088	-0.6668069999999999	0.0	0.254126	-0.6167590000000001	-0.745002	0.0	-0.9320809999999999	-0.36178	-0.0184355	0.0	1.9247400000000001	-0.049300199999999995	-1.65169	0.299554	
3	0.020070599999999997	0.804668	-0.593385	0.0	0.177119	0.581256	0.794211	0.0	0.983985	-0.12104000000000001	-0.130856	0.0	-2.2086	0.0646413	-1.99435	0.318535	-0.255025	0.704653	-0.662138	0.0	0.25611999999999996	-0.6110939999999999	-0.748977	0.0	-0.932398	-0.360594	-0.0246315	0.0	1.9230200000000002	-0.142075	-1.73692	0.301386	
3	0.024603599999999996	0.801013	-0.5981420000000001	0.0	0.20119	0.582113	0.787824	0.0	0.979243	-0.139724	-0.146834	0.0	-2.24896	-0.0741033	-2.14624	0.317828	-0.26217199999999996	0.7105060000000001	-0.65303	0.0	0.268978	-0.5960810000000001	-0.7565310000000001	0.0	-0.9267780000000001	-0.373992	-0.034835000000000005	0.0	1.89943	-0.23657199999999998	-1.8409	0.304361	
3	0.0347024	0.799461	-0.599715	0.0	0.226694	0.578138	0.7838149999999999	0.0	0.973348	-0.163152	-0.161171	0.0	-2.28583	-0.21242800000000003	-2.24627	0.317848	-0.259839	0.72382	-0.639193	0.0	0.27773000000000003	-0.5779449999999999	-0.767363	0.0	-0.924851	-0.37691399999999997	-0.0508541	0.0	1.90343	-0.347999	-1.96813	0.30906	
3	0.041283	0.802579	-0.595116	0.0	0.234862	0.5711390000000001	0.786536	0.0	0.971152	-0.172241	-0.164917	0.0	-2.2689	-0.347381	-2.35166	0.31757399999999997	-0.258718	0.739441	-0.621524	0.0	0.292161	-0.553393	-0.779999	0.0	-0.92071	-0.383384	-0.0728635	0.0	1.9173200000000001	-0.47032700000000005	-2.08854	0.329702	
3	0.056159900000000006	0.805319	-0.590176	0.0	0.24553000000000003	0.561817	0.789985	0.0	0.9677610000000001	-0.189272	-0.166179	0.0	-2.28035	-0.467762	-2.43209	0.322479	-0.255752	0.763011	-0.593638	0.0	0.294168	-0.523519	-0.79962	0.0	-0.9209	-0.379134	-0.09056289999999999	0.0	1.91945	-0.541775	-2.21923	0.33984000000000003	
3	0.068488	0.799461	-0.596802	0.0	0.23961999999999997	0.567513	0.787725	0.0	0.968448	-0.196955	-0.152699	0.0	-2.29509	-0.590461	-2.4664200000000003	0.331371	-0.263565	0.7804979999999999	-0.566883	0.0	0.297743	-0.49314600000000003	-0.817408	0.0	-0.917542	-0.384226	-0.10241199999999999	0.0	1.9119099999999998	-0.604075	-2.3480000000000003	0.343996	
3	0.06683389999999999	0.801887	-0.593726	0.0	0.233746	0.565914	0.7906350000000001	0.0	0.9699979999999999	-0.19162300000000002	-0.149616	0.0	-2.3191200000000003	-0.657747	-2.45719	0.337433	-0.263804	0.799028	-0.540335	0.0	0.297648	-0.465409	-0.8335469999999999	0.0	-0.9175040000000001	-0.380723	-0.115053	0.0	1.9286299999999998	-0.660537	-2.49436	0.346353	
3	0.0508479	0.809254	-0.5852539999999999	0.0	0.239378	0.559054	0.793824	0.0	0.9695940000000001	-0.18046099999999998	-0.16529100000000002	0.0	-2.32013	-0.657154	-2.48105	0.33772800000000003	-0.261369	0.812641	-0.5208659999999999	0.0	0.299085	-0.44488199999999994	-0.844173	0.0	-0.917733	-0.376424	-0.126771	0.0	1.91363	-0.6785869999999999	-2.58518	0.352574	
3	0.0274733	0.814214	-0.579914	0.0	0.242306	0.557408	0.794093	0.0	0.9698110000000001	-0.162333	-0.181975	0.0	-2.33566	-0.642339	-2.53163	0.33717199999999997	-0.24639	0.8199069999999999	-0.516763	0.0	0.298394	-0.44312399999999996	-0.845342	0.0	-0.922092	-0.362482	-0.135474	0.0	1.91451	-0.679772	-2.72712	0.352427	
3	0.00987626	0.816865	-0.576745	0.0	0.24105100000000002	0.557819	0.794187	0.0	0.970462	-0.146869	-0.191397	0.0	-2.34158	-0.616143	-2.61192	0.337376	-0.240302	0.8221430000000001	-0.5160779999999999	0.0	0.299573	-0.44289300000000004	-0.845046	0.0	-0.923315	-0.357669	-0.13986400000000002	0.0	1.91482	-0.67083	-2.82205	0.35267	
3	-0.00754429	0.8201350000000001	-0.57212	0.0	0.23388899999999999	0.557714	0.796399	0.0	0.972234	-0.127804	-0.196028	0.0	-2.3496799999999998	-0.597245	-2.67916	0.337483	-0.241323	0.823383	-0.5136189999999999	0.0	0.297599	-0.440971	-0.8467459999999999	0.0	-0.923687	-0.357192	-0.138622	0.0	1.91261	-0.667989	-2.85429	0.352546	
3	-0.017211700000000003	0.823557	-0.566972	0.0	0.233409	0.5546979999999999	0.798643	0.0	0.972226	-0.118591	-0.201773	0.0	-2.3548299999999998	-0.578626	-2.73234	0.33768200000000004	-0.23952199999999998	0.82376	-0.513857	0.0	0.29475100000000004	-0.44258800000000004	-0.846899	0.0	-0.925068	-0.354311	-0.136795	0.0	1.90762	-0.667644	-2.8691	0.352172	
3	-0.0226683	0.8255129999999999	-0.563928	0.0	0.233598	0.552832	0.7998810000000001	0.0	0.9720690000000001	-0.113601	-0.20536999999999997	0.0	-2.3597200000000003	-0.567879	-2.76143	0.338104	-0.23836999999999997	0.8228770000000001	-0.515803	0.0	0.29423699999999997	-0.444959	-0.845834	0.0	-0.925529	-0.35339	-0.13605599999999998	0.0	1.90295	-0.665154	-2.88722	0.351615	
3	-0.0227555	0.8249129999999999	-0.564802	0.0	0.232467	0.553829	0.79952	0.0	0.9723379999999999	-0.113104	-0.204368	0.0	-2.35363	-0.565176	-2.7711200000000002	0.33844	-0.240281	0.820691	-0.5183939999999999	0.0	0.29408	-0.44739700000000004	-0.8446020000000001	0.0	-0.925085	-0.355391	-0.133848	0.0	1.89641	-0.664996	-2.88856	0.351529	
3	-0.0233144	0.8256	-0.563774	0.0	0.23221	0.552976	0.800185	0.0	0.9723860000000001	-0.112258	-0.204605	0.0	-2.35112	-0.5646720000000001	-2.77193	0.338371	-0.236431	0.821319	-0.5191680000000001	0.0	0.2939	-0.448838	-0.843901	0.0	-0.926134	-0.352108	-0.135267	0.0	1.8971200000000001	-0.665231	-2.89142	0.35028400000000004	
3	-0.0289324	0.826829	-0.561708	0.0	0.23007600000000003	0.5523640000000001	0.8012239999999999	0.0	0.972743	-0.106054	-0.20621399999999998	0.0	-2.3551	-0.563876	-2.77759	0.338119	-0.235763	0.8198629999999999	-0.521767	0.0	0.295032	-0.45117799999999997	-0.8422559999999999	0.0	-0.9259440000000001	-0.352511	-0.135515	0.0	1.9057400000000002	-0.665855	-2.89538	0.349446	
3	-0.0286057	0.8262290000000001	-0.562607	0.0	0.229383	0.553244	0.8008149999999999	0.0	0.972916	-0.106145	-0.20534899999999998	0.0	-2.36291	-0.565303	-2.77623	0.337932	-0.23653000000000002	0.81693	-0.526004	0.0	0.29554	-0.45522299999999993	-0.8398979999999999	0.0	-0.925586	-0.354116	-0.133762	0.0	1.9129900000000002	-0.667866	-2.8930599999999997	0.349558	
3	-0.0273003	0.8273280000000001	-0.561055	0.0	0.230273	0.551374	0.801848	0.0	0.972743	-0.107305	-0.205564	0.0	-2.35702	-0.563438	-2.7799400000000003	0.338072	-0.23296799999999998	0.8163100000000001	-0.5285489999999999	0.0	0.29583200000000004	-0.458258	-0.8381430000000001	0.0	-0.9263959999999999	-0.351622	-0.134732	0.0	1.92445	-0.671652	-2.88626	0.34792399999999996	
3	-0.026782599999999997	0.8274239999999999	-0.5609390000000001	0.0	0.233165	0.550833	0.801385	0.0	0.972068	-0.109328	-0.207679	0.0	-2.35902	-0.5614	-2.78001	0.338329	-0.23399999999999999	0.813254	-0.532787	0.0	0.29838200000000004	-0.461484	-0.835465	0.0	-0.925318	-0.354473	-0.13467300000000001	0.0	1.9302599999999999	-0.672813	-2.88374	0.347145	
3	-0.0244716	0.825938	-0.56323	0.0	0.23322600000000002	0.552569	0.800171	0.0	0.972115	-0.11177899999999999	-0.20615300000000003	0.0	-2.3637799999999998	-0.562387	-2.77842	0.338365	-0.239197	0.806346	-0.540918	0.0	0.30255	-0.467459	-0.83063	0.0	-0.922631	-0.36233899999999997	-0.132145	0.0	1.9315099999999998	-0.675465	-2.8717099999999998	0.346722	
3	-0.00876311	0.8061229999999999	-0.591684	0.0	0.245245	0.575367	0.780261	0.0	0.9694219999999999	-0.13827	-0.202739	0.0	-2.3744400000000003	-0.567757	-2.7504	0.338543	-0.24156100000000003	0.8047890000000001	-0.542184	0.0	0.305512	-0.467243	-0.829667	0.0	-0.9210379999999999	-0.366059	-0.13300499999999998	0.0	1.94177	-0.677242	-2.86232	0.34685900000000003	
3	0.00940838	0.791929	-0.61054	0.0	0.252755	0.588857	0.767699	0.0	0.967485	-0.16154000000000002	-0.194624	0.0	-2.36863	-0.572062	-2.7305099999999998	0.340754	-0.241256	0.8041189999999999	-0.543312	0.0	0.307344	-0.46772299999999994	-0.8287190000000001	0.0	-0.920509	-0.36691599999999996	-0.1343	0.0	1.95442	-0.6761739999999999	-2.8664099999999997	0.346458	
3	0.00926746	0.79202	-0.610424	0.0	0.252712	0.58878	0.7677729999999999	0.0	0.9674969999999999	-0.161377	-0.194696	0.0	-2.36868	-0.571943	-2.73108	0.340746	-0.241256	0.80412	-0.543311	0.0	0.307336	-0.467725	-0.8287209999999999	0.0	-0.9205110000000001	-0.366913	-0.134294	0.0	1.95409	-0.6762199999999999	-2.86626	0.346462	
3	0.00926497	0.792022	-0.6104229999999999	0.0	0.252711	0.588778	0.767774	0.0	0.9674969999999999	-0.161374	-0.194698	0.0	-2.36868	-0.5719420000000001	-2.73108	0.340746	-0.241256	0.80412	-0.543311	0.0	0.307336	-0.467725	-0.8287209999999999	0.0	-0.9205110000000001	-0.366912	-0.134294	0.0	1.9540799999999998	-0.6762199999999999	-2.86626	0.346462	
3	0.00926495	0.792022	-0.6104229999999999	0.0	0.252711	0.588778	0.767774	0.0	0.9674969999999999	-0.161374	-0.194698	0.0	-2.36868	-0.5719420000000001	-2.73108	0.340746	-0.241256	0.80412	-0.543311	0.0	0.307336	-0.467725	-0.8287209999999999	0.0	-0.9205110000000001	-0.366912	-0.134293	0.0	1.9540799999999998	-0.6762199999999999	-2.86626	0.346462	
3	0.00926495	0.792022	-0.6104229999999999	0.0	0.252711	0.588778	0.767774	0.0	0.9674969999999999	-0.161374	-0.194698	0.0	-2.36868	-0.5719420000000001	-2.73108	0.340746	-0.241256	0.80412	-0.543311	0.0	0.307336	-0.467724	-0.8287209999999999	0.0	-0.9205110000000001	-0.366913	-0.134294	0.0	1.9540799999999998	-0.6762199999999999	-2.86626	0.346462	
3	0.00926495	0.792022	-0.6104229999999999	0.0	0.252711	0.588778	0.767774	0.0	0.9674969999999999	-0.161374	-0.194698	0.0	-2.36868	-0.5719420000000001	-2.73108	0.340746	-0.241256	0.80412	-0.543311	0.0	0.307336	-0.467725	-0.8287209999999999	0.0	-0.9205110000000001	-0.366912	-0.134293	0.0	1.9540799999999998	-0.6762199999999999	-2.86626	0.346462	
3	0.00926497	0.792022	-0.6104229999999999	0.0	0.252711	0.588778	0.767774	0.0	0.9674969999999999	-0.161374	-0.194698	0.0	-2.36868	-0.5719420000000001	-2.73108	0.340746	-0.241256	0.80412	-0.543311	0.0	0.307336	-0.467725	-0.8287209999999999	0.0	-0.9205110000000001	-0.366912	-0.134293	0.0	1.9540799999999998	-0.6762199999999999	-2.86626	0.346462	
3	0.00926495	0.792022	-0.6104229999999999	0.0	0.252711	0.588778	0.767774	0.0	0.9674969999999999	-0.161374	-0.194698	0.0	-2.36868	-0.5719420000000001	-2.73108	0.340746	-0.241256	0.80412	-0.543311	0.0	0.30733499999999997	-0.467725	-0.8287209999999999	0.0	-0.9205110000000001	-0.366912	-0.134293	0.0	1.9540799999999998	-0.6762199999999999	-2.86626	0.346462	
3	0.00926498	0.792022	-0.6104229999999999	0.0	0.252711	0.588778	0.767774	0.0	0.9674969999999999	-0.161374	-0.194698	0.0	-2.36868	-0.5719420000000001	-2.73108	0.340746	-0.241256	0.80412	-0.543311	0.0	0.30733499999999997	-0.467725	-0.8287209999999999	0.0	-0.9205110000000001	-0.366912	-0.134293	0.0	1.9540799999999998	-0.6762199999999999	-2.86626	0.346462	
3	0.00926495	0.792022	-0.6104229999999999	0.0	0.252711	0.588778	0.767774	0.0	0.9674969999999999	-0.161374	-0.194698	0.0	-2.36868	-0.5719420000000001	-2.73108	0.340746	-0.241256	0.80412	-0.543311	0.0	0.307336	-0.467724	-0.8287209999999999	0.0	-0.9205110000000001	-0.366913	-0.134294	0.0	1.9540799999999998	-0.6762199999999999	-2.86626	0.346462	
3	0.00926497	0.792022	-0.6104229999999999	0.0	0.252711	0.588778	0.767774	0.0	0.9674969999999999	-0.161374	-0.194698	0.0	-2.36868	-0.5719420000000001	-2.73108	0.340746	-0.241256	0.80412	-0.543311	0.0	0.307336	-0.467725	-0.8287209999999999	0.0	-0.9205110000000001	-0.366912	-0.134293	0.0	1.9540799999999998	-0.6762199999999999	-2.86626	0.346462	
3	0.00926497	0.792022	-0.6104229999999999	0.0	0.252711	0.588778	0.767774	0.0	0.9674969999999999	-0.161374	-0.194698	0.0	-2.36868	-0.5719420000000001	-2.73108	0.340746	-0.241256	0.80412	-0.543311	0.0	0.307336	-0.467725	-0.8287209999999999	0.0	-0.9205110000000001	-0.366912	-0.134294	0.0	1.9540799999999998	-0.6762199999999999	-2.86626	0.346462	
3	0.009265	0.792022	-0.6104229999999999	0.0	0.252711	0.588778	0.767774	0.0	0.9674969999999999	-0.161374	-0.194698	0.0	-2.36868	-0.5719420000000001	-2.73108	0.340746	-0.241256	0.80412	-0.543311	0.0	0.30733499999999997	-0.467725	-0.8287209999999999	0.0	-0.9205110000000001	-0.366912	-0.134293	0.0	1.9540799999999998	-0.6762199999999999	-2.86626	0.346463	
3	0.009265	0.792022	-0.6104229999999999	0.0	0.252711	0.588778	0.767774	0.0	0.9674969999999999	-0.161374	-0.194698	0.0	-2.36868	-0.5719420000000001	-2.73108	0.340746	-0.241256	0.80412	-0.543311	0.0	0.307336	-0.467724	-0.8287209999999999	0.0	-0.9205110000000001	-0.366913	-0.134294	0.0	1.9540799999999998	-0.6762199999999999	-2.86626	0.346462	
3	0.009265	0.792022	-0.6104229999999999	0.0	0.252711	0.588778	0.767774	0.0	0.9674969999999999	-0.161374	-0.194698	0.0	-2.36868	-0.5719420000000001	-2.73108	0.340746	-0.241256	0.80412	-0.543311	0.0	0.30733499999999997	-0.467725	-0.8287209999999999	0.0	-0.9205110000000001	-0.366912	-0.134293	0.0	1.9540799999999998	-0.6762199999999999	-2.86626	0.346463	
3	0.00926501	0.792022	-0.6104229999999999	0.0	0.252711	0.588778	0.767774	0.0	0.9674969999999999	-0.161374	-0.194698	0.0	-2.36868	-0.5719420000000001	-2.73108	0.340746	-0.241256	0.80412	-0.543311	0.0	0.307336	-0.467725	-0.8287209999999999	0.0	-0.9205110000000001	-0.366912	-0.134293	0.0	1.9540799999999998	-0.6762199999999999	-2.86626	0.346463	
3	0.00926498	0.792022	-0.6104229999999999	0.0	0.252711	0.588778	0.767774	0.0	0.9674969999999999	-0.161374	-0.194698	0.0	-2.36868	-0.5719420000000001	-2.73108	0.340746	-0.241256	0.80412	-0.543311	0.0	0.307336	-0.467725	-0.8287209999999999	0.0	-0.9205110000000001	-0.366912	-0.134293	0.0	1.9540799999999998	-0.6762199999999999	-2.86626	0.346463	
3	0.009265	0.792022	-0.6104229999999999	0.0	0.252711	0.588778	0.767774	0.0	0.9674969999999999	-0.161374	-0.194698	0.0	-2.36868	-0.5719420000000001	-2.73108	0.340746	-0.241256	0.80412	-0.543311	0.0	0.307336	-0.467725	-0.8287209999999999	0.0	-0.9205110000000001	-0.366912	-0.134293	0.0	1.9540799999999998	-0.6762199999999999	-2.86626	0.346462	
3	0.009265	0.792022	-0.6104229999999999	0.0	0.252711	0.588778	0.767774	0.0	0.9674969999999999	-0.161374	-0.194698	0.0	-2.36868	-0.5719420000000001	-2.73108	0.340746	-0.241256	0.80412	-0.543311	0.0	0.307336	-0.467724	-0.8287209999999999	0.0	-0.9205110000000001	-0.366912	-0.134294	0.0	1.9540799999999998	-0.6762199999999999	-2.86626	0.346462	
3	0.00926501	0.792022	-0.6104229999999999	0.0	0.252711	0.588778	0.767774	0.0	0.9674969999999999	-0.161374	-0.194698	0.0	-2.36868	-0.5719420000000001	-2.73108	0.340746	-0.241256	0.80412	-0.543311	0.0	0.30733499999999997	-0.467724	-0.8287209999999999	0.0	-0.9205110000000001	-0.366912	-0.134293	0.0	1.9540799999999998	-0.6762199999999999	-2.86626	0.346463	
3	0.009265	0.792022	-0.6104229999999999	0.0	0.252711	0.588778	0.767774	0.0	0.9674969999999999	-0.161374	-0.194698	0.0	-2.36868	-0.5719420000000001	-2.73108	0.340746	-0.241256	0.80412	-0.543311	0.0	0.30733499999999997	-0.467724	-0.8287209999999999	0.0	-0.9205110000000001	-0.366912	-0.134293	0.0	1.9540799999999998	-0.6762199999999999	-2.86626	0.346462	
3	0.00926501	0.792022	-0.6104229999999999	0.0	0.252711	0.588778	0.767774	0.0	0.9674969999999999	-0.161374	-0.194698	0.0	-2.36868	-0.5719420000000001	-2.73108	0.340746	-0.241256	0.80412	-0.543311	0.0	0.30733499999999997	-0.467724	-0.8287209999999999	0.0	-0.9205110000000001	-0.366912	-0.134293	0.0	1.9540799999999998	-0.6762199999999999	-2.86626	0.346462	
3	0.009265	0.792022	-0.6104229999999999	0.0	0.252711	0.588778	0.767774	0.0	0.9674969999999999	-0.161374	-0.194698	0.0	-2.36868	-0.5719420000000001	-2.73108	0.340746	-0.241256	0.80412	-0.543311	0.0	0.30733499999999997	-0.467724	-0.8287209999999999	0.0	-0.9205110000000001	-0.366912	-0.134293	0.0	1.9540799999999998	-0.6762199999999999	-2.86626	0.346462	
3	0.00926503	0.792022	-0.6104229999999999	0.0	0.252711	0.588778	0.767774	0.0	0.9674969999999999	-0.161374	-0.194698	0.0	-2.36868	-0.5719420000000001	-2.73108	0.340746	-0.241256	0.80412	-0.543311	0.0	0.30733499999999997	-0.467724	-0.8287209999999999	0.0	-0.9205110000000001	-0.366912	-0.134293	0.0	1.9540799999999998	-0.6762199999999999	-2.86626	0.346463	
3	-0.163697	0.87555	-0.45455	0.0	-0.25299499999999997	0.408096	0.877184	0.0	0.953518	0.25859099999999996	0.15470599999999998	0.0	-2.29782	-0.596427	-2.83581	0.255025	-0.107948	0.5703779999999999	-0.814258	0.0	-0.137954	-0.8197139999999999	-0.555912	0.0	-0.9845379999999999	0.052320500000000006	0.16717200000000002	0.0	1.9449599999999998	-0.655849	-2.86187	0.29886999999999997	
3	-0.164392	0.885915	-0.43373900000000004	0.0	-0.260854	0.385022	0.8852760000000001	0.0	0.9512780000000001	0.258675	0.1678	0.0	-2.28668	-0.610865	-2.8641799999999997	0.250062	-0.10766099999999999	0.585006	-0.803851	0.0	-0.141013	-0.809362	-0.57013	0.0	-0.984136	0.0519721	0.16963	0.0	1.94111	-0.6715979999999999	-2.87491	0.309676	
3	-0.15068399999999998	0.9163120000000001	-0.371035	0.0	-0.199452	0.339423	0.9192450000000001	0.0	0.968253	0.212519	0.131615	0.0	-2.27354	-0.733843	-2.96968	0.25652600000000003	-0.10199	0.6447729999999999	-0.7575390000000001	0.0	-0.135713	-0.763409	-0.631498	0.0	-0.985485	0.0384017	0.165364	0.0	1.8917099999999998	-0.818571	-2.97076	0.326389	
3	-0.137356	0.923356	-0.358534	0.0	-0.11983599999999998	0.343815	0.9313600000000001	0.0	0.983246	0.17089300000000002	0.0634263	0.0	-2.2953799999999998	-0.813736	-3.08455	0.264971	-0.110035	0.672782	-0.731613	0.0	-0.129296	-0.739517	-0.660604	0.0	-0.985482	0.0219046	0.16836099999999998	0.0	1.8466900000000002	-0.94634	-3.0468900000000003	0.327356	
3	-0.11878399999999999	0.9229700000000001	-0.366083	0.0	-0.0701559	0.35996999999999996	0.930322	0.0	0.990439	0.136191	0.0219929	0.0	-2.32304	-0.8906790000000001	-3.14169	0.269428	-0.11314600000000001	0.673487	-0.730489	0.0	-0.11686099999999999	-0.739128	-0.663351	0.0	-0.986682	0.01031	0.162333	0.0	1.82257	-1.0166	-3.09266	0.327376	
3	-0.013117600000000002	0.9048780000000001	-0.42546999999999996	0.0	0.0462806	0.4256	0.9037270000000001	0.0	0.998842	-0.007836399999999999	-0.047461199999999995	0.0	-2.4333	-1.23033	-3.26638	0.266011	-0.142682	0.663542	-0.734408	0.0	-0.061525699999999996	-0.7465109999999999	-0.662523	0.0	-0.9878549999999999	-0.0493454	0.14733800000000002	0.0	1.76719	-1.25006	-3.24297	0.326865	
3	0.042812800000000005	0.889185	-0.45553999999999994	0.0	0.113971	0.44863500000000006	0.886418	0.0	0.992561	-0.0898686	-0.0821344	0.0	-2.4877700000000003	-1.42836	-3.3256300000000003	0.26429899999999995	-0.16106600000000001	0.654358	-0.7388319999999999	0.0	-0.0354514	-0.751959	-0.6582560000000001	0.0	-0.9863069999999999	-0.0798297	0.14431300000000002	0.0	1.73717	-1.38034	-3.30723	0.326909	
3	0.161334	0.80867	-0.565707	0.0	0.28588600000000003	0.510343	0.81106	0.0	0.944585	-0.292579	-0.14885199999999998	0.0	-2.66135	-1.94285	-3.4330800000000004	0.24149600000000002	-0.195262	0.636108	-0.7464850000000001	0.0	0.0372214	-0.755781	-0.653766	0.0	-0.980045	-0.155441	0.12389800000000001	0.0	1.6926	-1.65399	-3.4182900000000003	0.32745	
3	0.207652	0.778846	-0.5918439999999999	0.0	0.34475100000000003	0.507942	0.789393	0.0	0.915438	-0.367958	-0.16303299999999998	0.0	-2.74816	-2.1475	-3.4712300000000003	0.22680300000000003	-0.208635	0.6279600000000001	-0.7497590000000001	0.0	0.06385969999999999	-0.756246	-0.6511640000000001	0.0	-0.9759059999999999	-0.18373499999999998	0.11767799999999999	0.0	1.70013	-1.75747	-3.45232	0.327723	
3	0.282696	0.685267	-0.671187	0.0	0.493591	0.49605200000000005	0.714353	0.0	0.822466	-0.533237	-0.19801	0.0	-3.0244299999999997	-2.60283	-3.54681	0.221063	-0.224516	0.602064	-0.766232	0.0	0.101221	-0.767644	-0.632832	0.0	-0.969199	-0.21964	0.11140699999999999	0.0	1.73133	-2.02833	-3.5272099999999997	0.328678	
3	0.327761	0.62516	-0.708342	0.0	0.587689	0.45213000000000003	0.6709689999999999	0.0	0.739726	-0.636202	-0.21920900000000001	0.0	-3.2823800000000003	-2.89628	-3.59631	0.22141	-0.232975	0.590206	-0.772903	0.0	0.128538	-0.769112	-0.6260560000000001	0.0	-0.963951	-0.24520300000000003	0.10332000000000001	0.0	1.73957	-2.16634	-3.5788800000000003	0.32861999999999997	
3	0.34087399999999995	0.6002460000000001	-0.72354	0.0	0.6225970000000001	0.43253	0.652143	0.0	0.704399	-0.672773	-0.226273	0.0	-3.4401699999999997	-3.01357	-3.6522699999999997	0.219773	-0.23860100000000004	0.584449	-0.7755569999999999	0.0	0.132358	-0.7715989999999999	-0.6221869999999999	0.0	-0.9620559999999999	-0.251106	0.10674700000000001	0.0	1.7440799999999999	-2.2128799999999997	-3.5973699999999997	0.32860300000000003	
3	0.343744	0.561833	-0.752452	0.0	0.679589	0.40415100000000004	0.612226	0.0	0.648073	-0.721807	-0.242891	0.0	-3.68234	-3.09598	-3.67405	0.21996100000000002	-0.244694	0.5767140000000001	-0.779439	0.0	0.148285	-0.772162	-0.6178819999999999	0.0	-0.958195	-0.266771	0.103425	0.0	1.7533900000000002	-2.24497	-3.57778	0.32853000000000004	
3	0.338486	0.528934	-0.778239	0.0	0.702056	0.408729	0.583145	0.0	0.626534	-0.743754	-0.232992	0.0	-3.88789	-3.11469	-3.6272300000000004	0.21917199999999998	-0.246006	0.574519	-0.780647	0.0	0.145643	-0.774343	-0.615777	0.0	-0.9582639999999999	-0.26518	0.10681800000000001	0.0	1.7564099999999998	-2.2606900000000003	-3.56895	0.328504	
3	0.339158	0.472937	-0.8132050000000001	0.0	0.7263270000000001	0.417717	0.545858	0.0	0.597846	-0.7757850000000001	-0.201835	0.0	-3.98494	-3.1247	-3.4757800000000003	0.220619	-0.24767399999999998	0.571706	-0.782183	0.0	0.147546	-0.775663	-0.61366	0.0	-0.957543	-0.267395	0.107759	0.0	1.7552	-2.26801	-3.5636400000000004	0.328392	
3	0.335646	0.444047	-0.8307610000000001	0.0	0.741178	0.41981199999999996	0.523844	0.0	0.581375	-0.791568	-0.18821	0.0	-4.03613	-3.1334400000000002	-3.3855800000000005	0.220065	-0.247444	0.5718270000000001	-0.7821670000000001	0.0	0.14774400000000001	-0.775562	-0.613739	0.0	-0.957572	-0.267427	0.107423	0.0	1.7527099999999998	-2.26864	-3.56325	0.32833	
3	0.303641	0.391592	-0.8685950000000001	0.0	0.741059	0.475933	0.473624	0.0	0.598861	-0.787492	-0.14568	0.0	-4.0578199999999995	-3.07334	-3.1817900000000003	0.22401500000000002	-0.24848	0.569803	-0.783315	0.0	0.146634	-0.777231	-0.611891	0.0	-0.9574739999999999	-0.266904	0.109573	0.0	1.7551900000000002	-2.27297	-3.56544	0.32824699999999996	
3	0.3076	0.392759	-0.8666729999999999	0.0	0.73069	0.48592700000000005	0.479549	0.0	0.609487	-0.780779	-0.13751300000000002	0.0	-3.92642	-2.9180099999999998	-2.9809	0.22289299999999998	-0.24911999999999998	0.569575	-0.783278	0.0	0.147824	-0.776936	-0.611979	0.0	-0.957125	-0.268243	0.10935399999999999	0.0	1.75185	-2.27471	-3.5626599999999997	0.328307	
3	0.30457199999999995	0.407951	-0.8607040000000001	0.0	0.723737	0.48834700000000003	0.487568	0.0	0.619226	-0.771423	-0.14651199999999998	0.0	-3.7905900000000003	-2.7330200000000002	-2.84748	0.217023	-0.24965	0.56617	-0.785574	0.0	0.147309	-0.779614	-0.608688	0.0	-0.957066	-0.267681	0.111228	0.0	1.7509	-2.2749900000000003	-3.5602300000000002	0.328025	
3	0.317236	0.40372399999999997	-0.8581190000000001	0.0	0.726511	0.47813	0.49353100000000005	0.0	0.6095430000000001	-0.779999	-0.14163	0.0	-3.6870800000000004	-2.60391	-2.74305	0.214352	-0.248914	0.564463	-0.787034	0.0	0.148923	-0.780641	-0.606978	0.0	-0.957008	-0.268293	0.110251	0.0	1.75151	-2.26931	-3.5547800000000005	0.328002	
3	0.313127	0.393273	-0.864458	0.0	0.721646	0.493205	0.485774	0.0	0.617397	-0.775942	-0.129368	0.0	-3.53433	-2.45752	-2.59875	0.189451	-0.24931	0.564472	-0.786903	0.0	0.149972	-0.780254	-0.607217	0.0	-0.956741	-0.269398	0.10987000000000001	0.0	1.76098	-2.2701599999999997	-3.55669	0.328047	
3	0.329785	0.380324	-0.864058	0.0	0.7258859999999999	0.48303500000000005	0.48966099999999996	0.0	0.603599	-0.78869	-0.116774	0.0	-3.47234	-2.42308	-2.51506	0.176426	-0.249763	0.564472	-0.786759	0.0	0.150026	-0.78014	-0.607349	0.0	-0.956614	-0.269728	0.11016400000000001	0.0	1.7652900000000002	-2.27204	-3.55591	0.328204	
3	0.356592	0.330074	-0.8740100000000001	0.0	0.7511909999999999	0.45492200000000005	0.478286	0.0	0.555476	-0.827102	-0.08572719999999999	0.0	-3.445	-2.4109700000000003	-2.3119099999999997	0.185303	-0.24990500000000002	0.5622659999999999	-0.788292	0.0	0.150135	-0.781777	-0.605215	0.0	-0.9565600000000001	-0.269596	0.110954	0.0	1.76873	-2.27452	-3.5548800000000003	0.32817199999999996	
3	0.382299	0.29583000000000004	-0.8754040000000001	0.0	0.771918	0.41850699999999996	0.478534	0.0	0.507927	-0.858683	-0.0683618	0.0	-3.42876	-2.44581	-2.162	0.20161199999999999	-0.24952800000000003	0.5609609999999999	-0.7893399999999999	0.0	0.149768	-0.782961	-0.603773	0.0	-0.956716	-0.268876	0.111357	0.0	1.7690299999999999	-2.27356	-3.55289	0.328135	
3	0.399001	0.266631	-0.8773290000000001	0.0	0.802003	0.362345	0.474865	0.0	0.44451	-0.893092	-0.06926260000000001	0.0	-3.4877	-2.50333	-2.09427	0.204397	-0.249815	0.56185	-0.788617	0.0	0.149948	-0.782168	-0.6047560000000001	0.0	-0.9566129999999999	-0.269329	0.111149	0.0	1.76642	-2.27566	-3.5575099999999997	0.32814899999999997	
3	0.404491	0.25315	-0.878807	0.0	0.812779	0.341015	0.472333	0.0	0.419258	-0.905331	-0.0678174	0.0	-3.5101400000000003	-2.5369	-2.0902	0.20513	-0.249575	0.562121	-0.7885	0.0	0.14963800000000002	-0.782099	-0.604921	0.0	-0.956724	-0.268963	0.111078	0.0	1.76652	-2.2749200000000003	-3.5544599999999997	0.328131	
3	0.414513	0.21295300000000003	-0.884777	0.0	0.837492	0.291139	0.462433	0.0	0.356069	-0.9326780000000001	-0.057666199999999994	0.0	-3.58446	-2.688	-2.1323	0.206137	-0.250207	0.5594899999999999	-0.7901699999999999	0.0	0.150043	-0.783862	-0.602535	0.0	-0.9564959999999999	-0.26931700000000003	0.11218	0.0	1.76702	-2.2696	-3.5534	0.32807800000000004	
3	0.4046	0.188595	-0.894835	0.0	0.8589760000000001	0.257371	0.44263	0.0	0.313783	-0.94773	-0.0578659	0.0	-3.68129	-2.7831799999999998	-2.2016299999999998	0.209646	-0.25056799999999996	0.5569729999999999	-0.7918310000000001	0.0	0.150829	-0.7854760000000001	-0.600232	0.0	-0.956277	-0.26983	0.11280699999999999	0.0	1.76912	-2.2685400000000002	-3.5507	0.328085	
3	0.401277	0.177226	-0.898648	0.0	0.8648299999999999	0.249889	0.435458	0.0	0.301737	-0.951917	-0.0529952	0.0	-3.73757	-2.84497	-2.2194599999999998	0.21189000000000002	-0.24925100000000003	0.556033	-0.7929069999999999	0.0	0.15141500000000002	-0.786303	-0.599	0.0	-0.9565290000000001	-0.269359	0.111795	0.0	1.7783400000000003	-2.26613	-3.55344	0.327878	
3	0.40389899999999995	0.164667	-0.899862	0.0	0.861553	0.26224000000000003	0.434692	0.0	0.307559	-0.95085	-0.035951	0.0	-3.6961199999999996	-2.92956	-2.21065	0.227755	-0.24948499999999998	0.554974	-0.793575	0.0	0.150114	-0.7874180000000001	-0.597861	0.0	-0.956673	-0.268284	0.113139	0.0	1.777	-2.2664	-3.5533300000000003	0.327744	
3	0.409524	0.136471	-0.902035	0.0	0.869886	0.23956	0.431172	0.0	0.274934	-0.961242	-0.020609099999999998	0.0	-3.6339599999999996	-3.02693	-2.21044	0.234754	-0.249304	0.553852	-0.794415	0.0	0.150301	-0.788248	-0.59672	0.0	-0.956691	-0.268165	0.11326900000000001	0.0	1.7776	-2.2646599999999997	-3.55338	0.327785	
3	0.41156400000000004	0.119717	-0.9034840000000001	0.0	0.871101	0.239785	0.42858599999999997	0.0	0.267951	-0.9634159999999999	-0.00559852	0.0	-3.5596099999999997	-3.15732	-2.20381	0.24644699999999997	-0.249346	0.5525869999999999	-0.795283	0.0	0.149367	-0.789449	-0.5953649999999999	0.0	-0.9568260000000001	-0.267241	0.11430799999999999	0.0	1.7767700000000002	-2.2623599999999997	-3.5582	0.32795100000000005	
3	0.411709	0.10663399999999999	-0.9050549999999999	0.0	0.872648	0.240092	0.425255	0.0	0.26264299999999996	-0.9648760000000001	0.00579444	0.0	-3.46999	-3.2216400000000003	-2.18424	0.251121	-0.249825	0.553307	-0.7946310000000001	0.0	0.149812	-0.7886850000000001	-0.596266	0.0	-0.9566309999999999	-0.26800799999999997	0.114141	0.0	1.7735	-2.26418	-3.55735	0.327966	
3	0.412526	0.0902961	-0.90646	0.0	0.878164	0.225127	0.422074	0.0	0.242181	-0.9701360000000001	0.013575899999999998	0.0	-3.39495	-3.2789	-2.18513	0.250301	-0.249322	0.553318	-0.794782	0.0	0.150177	-0.78868	-0.5961810000000001	0.0	-0.956706	-0.267999	0.11353900000000001	0.0	1.7730000000000001	-2.2650099999999997	-3.55901	0.327962	
3	0.41813500000000003	0.0795798	-0.904892	0.0	0.8811120000000001	0.206733	0.42532700000000007	0.0	0.220919	-0.9751559999999999	0.0163235	0.0	-3.36131	-3.32675	-2.12626	0.250959	-0.24865	0.55242	-0.795617	0.0	0.149398	-0.7897109999999999	-0.59501	0.0	-0.957002	-0.266812	0.11383099999999999	0.0	1.7706099999999998	-2.26423	-3.56052	0.327898	
3	0.418321	0.07463339999999999	-0.905228	0.0	0.8830530000000001	0.19992100000000002	0.42455699999999996	0.0	0.21266	-0.976965	0.017726	0.0	-3.35414	-3.34765	-2.1105099999999997	0.251873	-0.249094	0.551657	-0.796007	0.0	0.148047	-0.790564	-0.594214	0.0	-0.957097	-0.265861	0.115254	0.0	1.77099	-2.26099	-3.55851	0.327789	
3	0.41902799999999996	0.0663419	-0.905546	0.0	0.8875120000000001	0.180609	0.423915	0.0	0.191673	-0.9813149999999999	0.0168009	0.0	-3.3129	-3.3978699999999997	-2.1137200000000003	0.272307	-0.24937399999999998	0.5532159999999999	-0.794837	0.0	0.146627	-0.7897350000000001	-0.595668	0.0	-0.9572430000000001	-0.265088	0.115823	0.0	1.76577	-2.26431	-3.55879	0.327896	
3	0.413404	0.057697000000000005	-0.908718	0.0	0.894921	0.158354	0.417182	0.0	0.16797	-0.9856950000000001	0.01383	0.0	-3.30338	-3.40217	-2.1171	0.276939	-0.24916300000000002	0.5528649999999999	-0.795147	0.0	0.14666300000000002	-0.790031	-0.5952649999999999	0.0	-0.957292	-0.264937	0.11576199999999999	0.0	1.7599900000000002	-2.26273	-3.55784	0.32800799999999997	
3	0.40465300000000004	0.0515119	-0.913018	0.0	0.903375	0.132535	0.407857	0.0	0.142016	-0.9898389999999999	0.00709599	0.0	-3.34459	-3.4176	-2.15308	0.281275	-0.248581	0.552214	-0.7957810000000001	0.0	0.145004	-0.791095	-0.594258	0.0	-0.9576959999999999	-0.263113	0.116578	0.0	1.7547	-2.26091	-3.55499	0.327783	
3	0.400001	0.047146600000000004	-0.915301	0.0	0.9075540000000001	0.11893499999999999	0.40274099999999996	0.0	0.12785	-0.9917819999999999	0.00478613	0.0	-3.36226	-3.4914	-2.2116599999999997	0.280843	-0.248515	0.550979	-0.796657	0.0	0.144053	-0.7922899999999999	-0.592895	0.0	-0.957857	-0.262104	0.117525	0.0	1.7467400000000002	-2.26228	-3.5522	0.32766300000000004	
3	0.39925900000000003	0.0445923	-0.915753	0.0	0.908919	0.11174300000000001	0.401721	0.0	0.120243	-0.9927360000000001	0.00408357	0.0	-3.35773	-3.50865	-2.1996	0.28029299999999996	-0.248295	0.5498149999999999	-0.7975300000000001	0.0	0.142973	-0.793495	-0.591545	0.0	-0.958076	-0.260903	0.11841199999999999	0.0	1.74337	-2.26095	-3.5510800000000002	0.327658	
3	0.391574	0.035025	-0.91948	0.0	0.915292	0.0876907	0.39313000000000003	0.0	0.0943992	-0.995532	0.00227928	0.0	-3.3927400000000003	-3.5544	-2.21025	0.285804	-0.248021	0.547733	-0.799046	0.0	0.141811	-0.795405	-0.589254	0.0	-0.958319	-0.259461	0.119602	0.0	1.73985	-2.25296	-3.54585	0.327462	
3	0.387838	0.0340403	-0.921099	0.0	0.917466	0.081732	0.389329	0.0	0.0885362	-0.996073	0.00046792599999999996	0.0	-3.4072400000000003	-3.5572	-2.2166900000000003	0.28935700000000003	-0.24811599999999998	0.547138	-0.799424	0.0	0.13964000000000001	-0.7964100000000001	-0.5884149999999999	0.0	-0.958614	-0.257626	0.121199	0.0	1.73472	-2.2554	-3.54722	0.327343	
3	0.391323	0.0346538	-0.919601	0.0	0.915933	0.0820588	0.392854	0.0	0.08907539999999999	-0.996025	0.0003708	0.0	-3.41036	-3.55754	-2.2196700000000003	0.289354	-0.248073	0.5470010000000001	-0.799531	0.0	0.139195	-0.796639	-0.5882109999999999	0.0	-0.9586889999999999	-0.25721	0.121485	0.0	1.7280200000000001	-2.25609	-3.5468900000000003	0.327264	
