3	-0.0384215	0.925017	-0.37797800000000004	0.0	0.09616480000000001	0.379924	0.920006	0.0	0.994624	-0.00100029	-0.103551	0.0	-2.77267	1.98405	1.3602299999999998	0.00183654	-0.133703	0.9585959999999999	-0.251429	0.0	0.272924	-0.20828000000000002	-0.939219	0.0	-0.9527	-0.194198	-0.233776	0.0	2.6280200000000002	2.00535	1.58044	0.0103546	
3	-0.06880599999999999	0.9414959999999999	-0.329925	0.0	0.0416093	0.333129	0.9419629999999999	0.0	0.996762	0.0510846	-0.0620964	0.0	-2.81255	1.95385	1.3700299999999999	0.0	-0.00718659	0.982089	-0.188282	0.0	0.139666	-0.18545599999999998	-0.972676	0.0	-0.990173	-0.033287	-0.13583199999999998	0.0	2.63685	1.98459	1.57907	0.0	
3	-0.0677953	0.9541719999999999	-0.291478	0.0	0.0498471	0.295025	0.9541879999999999	0.0	0.996453	0.050160199999999995	-0.067564	0.0	-2.8801	1.9787400000000002	1.358	0.0	0.00217855	0.97972	-0.20035799999999998	0.0	0.128685	-0.198968	-0.971521	0.0	-0.991683	-0.0236664	-0.12650899999999998	0.0	2.6425799999999997	1.99448	1.5733	0.0	
3	-0.06597130000000001	0.954764	-0.289955	0.0	0.0525241	0.293508	0.954513	0.0	0.9964379999999999	0.0477406	-0.06951139999999999	0.0	-2.90748	1.9952400000000001	1.37268	0.0	0.000923812	0.9813200000000001	-0.192382	0.0	0.09633739999999999	-0.191574	-0.9767389999999999	0.0	-0.995348	-0.017631099999999997	-0.0947148	0.0	2.6428	1.97298	1.60753	0.0	
3	-0.0671263	0.956325	-0.284494	0.0	0.08067389999999999	0.289406	0.953801	0.0	0.9944780000000001	0.0410737	-0.0965773	0.0	-2.90044	2.0239	1.39349	0.0039649	-0.00411153	0.9819370000000001	-0.189166	0.0	0.105682	-0.187682	-0.9765280000000001	0.0	-0.994392	-0.024006299999999998	-0.103001	0.0	2.65482	1.96996	1.61994	0.0715198	
3	-0.101256	0.9683700000000001	-0.228052	0.0	0.103192	0.238217	0.965715	0.0	0.9894940000000001	0.0742513	-0.124049	0.0	-2.89363	2.09248	1.3876600000000001	0.35985100000000003	-0.00208014	0.9848690000000001	-0.173286	0.0	0.137819	-0.171351	-0.9755229999999999	0.0	-0.990455	-0.025911200000000002	-0.135377	0.0	2.6926900000000002	1.96065	1.57085	0.344	
3	-0.0603455	0.986215	-0.15407300000000002	0.0	0.077577	0.158521	0.984303	0.0	0.995158	0.0474457	-0.0860737	0.0	-2.8105900000000004	2.02664	1.43062	0.34915	0.00605536	0.988028	-0.154158	0.0	0.13245	-0.153595	-0.979217	0.0	-0.9911709999999999	-0.014488800000000001	-0.131794	0.0	2.68548	1.9106900000000002	1.53855	0.346395	
3	0.0433019	0.9939309999999999	-0.101124	0.0	0.099187	0.0964418	0.990384	0.0	0.9941260000000001	-0.05291569999999999	-0.094409	0.0	-2.84009	1.79131	1.444	0.346978	0.0282503	0.994965	-0.0961559	0.0	0.132624	-0.09907460000000001	-0.986202	0.0	-0.990764	0.0151079	-0.13475499999999999	0.0	2.66591	1.7724099999999998	1.4647299999999999	0.357592	
3	0.166884	0.9855430000000001	-0.029249400000000002	0.0	0.09757489999999999	0.0130115	0.995143	0.0	0.981137	-0.168928	-0.093993	0.0	-2.85668	1.32138	1.2818399999999999	0.348468	-0.06654689999999999	0.99775	-0.00819615	0.0	0.157735	0.00240856	-0.9874790000000001	0.0	-0.985237	-0.0670063	-0.15754	0.0	2.5814	1.41307	1.29446	0.35828000000000004	
3	0.305058	0.9517680000000001	0.0328392	0.0	0.144745	-0.0804202	0.986196	0.0	0.94127	-0.296093	-0.162296	0.0	-2.72139	0.893649	0.9547979999999999	0.352191	-0.173466	0.983658	0.04824	0.0	0.167439	0.0777262	-0.982814	0.0	-0.9705020000000001	-0.162407	-0.17818499999999998	0.0	2.43015	0.895287	0.9926299999999999	0.35939099999999996	
3	0.492328	0.8615370000000001	0.12396700000000001	0.0	0.138971	-0.218401	0.9659129999999999	0.0	0.859244	-0.458318	-0.22725399999999998	0.0	-2.75054	0.441378	0.567125	0.351379	-0.31208	0.943132	0.11448900000000001	0.0	0.154178	0.169186	-0.97345	0.0	-0.9374620000000001	-0.286142	-0.19821	0.0	2.2717	0.335311	0.507888	0.359184	
3	0.64039	0.742819	0.195248	0.0	0.101201	-0.333604	0.937265	0.0	0.761354	-0.5804560000000001	-0.28881100000000004	0.0	-2.7939700000000003	-0.00865378	-0.0389484	0.352219	-0.47819399999999995	0.8627530000000001	0.164278	0.0	0.142449	0.260766	-0.954835	0.0	-0.866625	-0.433195	-0.24759499999999998	0.0	2.03843	-0.308751	-0.31916500000000003	0.359112	
3	0.736872	0.634664	0.232855	0.0	0.0523457	-0.396974	0.916336	0.0	0.674003	-0.663033	-0.325741	0.0	-2.81399	-0.22841199999999998	-0.5087149999999999	0.3507	-0.589488	0.783587	0.196204	0.0	0.08619260000000001	0.302523	-0.9492370000000001	0.0	-0.8031659999999999	-0.542652	-0.245873	0.0	1.82627	-0.626691	-0.8156260000000001	0.360103	
3	0.7756390000000001	0.552484	0.305198	0.0	-0.0269105	-0.454151	0.890518	0.0	0.630602	-0.698934	-0.33739	0.0	-2.72704	-0.36439	-0.8819879999999999	0.351926	-0.6558039999999999	0.724042	0.21374	0.0	0.0483345	0.322814	-0.9452280000000001	0.0	-0.753383	-0.609553	-0.24669899999999997	0.0	1.63378	-0.817864	-1.22606	0.359783	
3	0.838159	0.421734	0.34587399999999996	0.0	-0.12467	-0.469214	0.87424	0.0	0.530986	-0.7758729999999999	-0.340699	0.0	-2.60803	-0.544114	-1.1936200000000001	0.350997	-0.7139449999999999	0.666817	0.213626	0.0	0.011615700000000001	0.31633	-0.948578	0.0	-0.700105	-0.674752	-0.23358800000000002	0.0	1.45866	-0.962583	-1.4868299999999999	0.35940900000000003	
3	0.868735	0.33297	0.36664800000000003	0.0	-0.20385899999999998	-0.434276	0.877409	0.0	0.45137700000000003	-0.83698	-0.309392	0.0	-2.55029	-0.759506	-1.3938	0.350689	-0.693181	0.687685	0.21584699999999998	0.0	-0.00114363	0.29841999999999996	-0.954434	0.0	-0.720763	-0.661842	-0.206073	0.0	1.3028	-0.9969370000000001	-1.61905	0.359503	
3	0.884416	0.282097	0.371791	0.0	-0.268689	-0.343595	0.89986	0.0	0.381594	-0.895748	-0.22808499999999998	0.0	-2.51937	-1.06839	-1.43429	0.349571	-0.689565	0.692902	0.210684	0.0	-0.00290659	0.28826	-0.957548	0.0	-0.724219	-0.660903	-0.19676	0.0	1.1920600000000001	-1.00591	-1.6562599999999998	0.359317	
3	0.8857079999999999	0.26560700000000004	0.380755	0.0	-0.297076	-0.305981	0.904501	0.0	0.356746	-0.9142370000000001	-0.192104	0.0	-2.4919700000000002	-1.23916	-1.4665700000000002	0.350092	-0.691847	0.691994	0.206137	0.0	-0.00521487	0.280694	-0.9597829999999999	0.0	-0.7220260000000001	-0.665098	-0.190589	0.0	1.15089	-1.00892	-1.6576	0.359508	
3	0.8902959999999999	0.264491	0.3707	0.0	-0.300676	-0.269945	0.914726	0.0	0.342005	-0.9258370000000001	-0.160805	0.0	-2.43315	-1.42052	-1.45907	0.348977	-0.6977909999999999	0.689312	0.194776	0.0	-0.000216812	0.271716	-0.9623780000000001	0.0	-0.716302	-0.6715800000000001	-0.189452	0.0	1.1561700000000001	-0.999318	-1.6482900000000003	0.35980300000000004	
3	0.944095	0.20363900000000001	0.25926	0.0	-0.230725	-0.153585	0.9608209999999999	0.0	0.235479	-0.966924	-0.0980143	0.0	-2.42409	-1.62294	-1.38008	0.347826	-0.6944359999999999	0.698338	0.17344500000000002	0.0	0.0089905	0.249446	-0.968347	0.0	-0.719499	-0.670895	-0.179503	0.0	1.18003	-1.01547	-1.60075	0.360159	
3	0.968829	0.144057	0.20154	0.0	-0.184137	-0.125475	0.974859	0.0	0.165723	-0.981582	-0.0950372	0.0	-2.52481	-1.81115	-1.30731	0.346002	-0.6912159999999999	0.703646	0.164629	0.0	0.0155037	0.2422	-0.970102	0.0	-0.722481	-0.667998	-0.178322	0.0	1.18426	-1.03126	-1.5696299999999999	0.35986399999999996	
3	0.984218	0.123965	0.12628699999999998	0.0	-0.12361099999999998	-0.0290811	0.9919049999999999	0.0	0.126634	-0.9918610000000001	-0.0132988	0.0	-2.59572	-2.10373	-1.21803	0.344248	-0.689858	0.707451	0.15365399999999999	0.0	0.0179228	0.228871	-0.973292	0.0	-0.723723	-0.668679	-0.170568	0.0	1.18011	-1.04185	-1.51463	0.360131	
3	0.9836459999999999	0.12048299999999999	0.133882	0.0	-0.128632	-0.0503835	0.9904120000000001	0.0	0.126073	-0.9914360000000001	-0.0340616	0.0	-2.62859	-2.18112	-1.20574	0.345356	-0.690757	0.707695	0.1484	0.0	0.0214764	0.225221	-0.9740709999999999	0.0	-0.7227680000000001	-0.669659	-0.170772	0.0	1.179	-1.04034	-1.4979799999999999	0.359863	
3	0.987144	0.09539210000000001	0.128243	0.0	-0.12215699999999999	-0.0671407	0.990237	0.0	0.10307100000000001	-0.993173	-0.05462480000000001	0.0	-2.72085	-2.55234	-1.36354	0.348032	-0.690461	0.7109310000000001	0.13356700000000002	0.0	0.029164999999999996	0.21185500000000002	-0.976866	0.0	-0.722781	-0.670593	-0.167012	0.0	1.16246	-1.0160200000000001	-1.4417799999999998	0.359968	
3	0.990625	0.0917308	0.101235	0.0	-0.0953186	-0.06673889999999999	0.993207	0.0	0.09786389999999999	-0.9935450000000001	-0.057369500000000004	0.0	-2.82049	-2.78497	-1.51415	0.35583400000000004	-0.686357	0.7159760000000001	0.127646	0.0	0.0273964	0.200844	-0.97924	0.0	-0.726749	-0.668611	-0.157466	0.0	1.1083100000000001	-1.0076399999999999	-1.33335	0.360168	
3	0.990044	0.11040799999999999	0.08730589999999999	0.0	-0.0775249	-0.0899833	0.992922	0.0	0.11748299999999999	-0.9898049999999999	-0.080528	0.0	-2.86718	-3.0226900000000003	-1.6032	0.35315799999999997	-0.690817	0.7146560000000001	0.10972	0.0	0.037655	0.187105	-0.981618	0.0	-0.7220479999999999	-0.673987	-0.156166	0.0	1.10859	-0.965483	-1.24787	0.359846	
3	0.9872690000000001	0.124125	0.09946460000000001	0.0	-0.08604930000000001	-0.109128	0.990296	0.0	0.133775	-0.986247	-0.0970578	0.0	-2.91088	-3.1144	-1.5969200000000001	0.351605	-0.6913199999999999	0.7161890000000001	0.0956548	0.0	0.0447708	0.17459000000000002	-0.9836229999999999	0.0	-0.72116	-0.675716	-0.15276199999999998	0.0	1.11171	-0.906857	-1.16214	0.359657	
3	0.983825	0.14403	0.106511	0.0	-0.093428	-0.09474819999999999	0.991107	0.0	0.152841	-0.9850270000000001	-0.0797592	0.0	-2.8675900000000003	-3.23923	-1.60077	0.35179699999999997	-0.691584	0.716774	0.0891512	0.0	0.0462418	0.16711099999999998	-0.9848530000000001	0.0	-0.720815	-0.676986	-0.14871600000000001	0.0	1.09616	-0.847541	-1.09677	0.359483	
3	0.984109	0.14081	0.108173	0.0	-0.09903680000000001	-0.07036619999999999	0.9925930000000001	0.0	0.147378	-0.987533	-0.055302699999999996	0.0	-2.83854	-3.2711	-1.57034	0.351351	-0.691591	0.7169260000000001	0.087861	0.0	0.0457562	0.164884	-0.985251	0.0	-0.720839	-0.67737	-0.146836	0.0	1.08856	-0.809376	-1.04446	0.359433	
3	0.9839209999999999	0.139481	0.11155799999999999	0.0	-0.104327	-0.0581437	0.992842	0.0	0.14496900000000001	-0.988517	-0.04265719999999999	0.0	-2.8446700000000003	-3.28325	-1.5249	0.351722	-0.691581	0.717129	0.08627130000000001	0.0	0.0465471	0.16344	-0.985455	0.0	-0.7207979999999999	-0.677506	-0.146412	0.0	1.07426	-0.768702	-0.994643	0.359173	
3	0.984031	0.13654000000000002	0.11419100000000001	0.0	-0.11011800000000001	-0.037041199999999996	0.9932280000000001	0.0	0.139845	-0.989942	-0.0214142	0.0	-2.83986	-3.3041199999999997	-1.46749	0.327484	-0.69147	0.7171810000000001	0.0867218	0.0	0.04444	0.162048	-0.9857819999999999	0.0	-0.721037	-0.6777850000000001	-0.143923	0.0	1.0688600000000001	-0.726136	-0.937492	0.35926199999999997	
3	0.983095	0.141734	0.11591300000000002	0.0	-0.111693	-0.037405900000000006	0.9930379999999999	0.0	0.145083	-0.9891979999999999	-0.0209428	0.0	-2.8336200000000002	-3.3080000000000003	-1.42852	0.313864	-0.692191	0.716896	0.08326239999999999	0.0	0.04423	0.157288	-0.986562	0.0	-0.7203579999999999	-0.6792060000000001	-0.14058199999999998	0.0	1.08521	-0.690078	-0.8746729999999999	0.359313	
3	0.983988	0.13661600000000002	0.11447	0.0	-0.11082	-0.0340571	0.993257	0.0	0.139593	-0.9900389999999999	-0.0183721	0.0	-2.8171	-3.31405	-1.4161299999999999	0.29593800000000003	-0.693411	0.715399	0.0859412	0.0	0.0408216	0.158085	-0.9865809999999999	0.0	-0.719385	-0.6805979999999999	-0.138822	0.0	1.0846200000000001	-0.66906	-0.836148	0.359426	
3	0.983928	0.134876	0.117024	0.0	-0.114221	-0.028363599999999996	0.993051	0.0	0.137258	-0.9904569999999999	-0.0125022	0.0	-2.81587	-3.31774	-1.39881	0.296536	-0.6913600000000001	0.717603	0.0840658	0.0	0.0430967	0.157104	-0.986641	0.0	-0.721224	-0.678502	-0.139542	0.0	1.1002	-0.6332909999999999	-0.797802	0.359419	
3	0.982885	0.137495	0.122603	0.0	-0.12026300000000001	-0.0252345	0.9924209999999999	0.0	0.139546	-0.990181	-0.00826712	0.0	-2.80799	-3.3170900000000003	-1.41382	0.352573	-0.687116	0.721367	0.0866105	0.0	0.049729699999999995	0.165624	-0.984934	0.0	-0.7248439999999999	-0.672457	-0.149676	0.0	1.13075	-0.566637	-0.7700739999999999	0.359242	
3	0.981057	0.152571	0.119367	0.0	-0.11934700000000001	-0.00932293	0.992809	0.0	0.152587	-0.9882489999999999	0.00906256	0.0	-2.7875	-3.2999699999999996	-1.40441	0.347452	-0.6854680000000001	0.7226859999999999	0.0886492	0.0	0.0503437	0.168505	-0.9844139999999999	0.0	-0.72636	-0.670322	-0.15188800000000002	0.0	1.14321	-0.550084	-0.761737	0.359392	
3	0.9817299999999999	0.15016500000000002	0.116862	0.0	-0.115481	-0.0179167	0.9931479999999999	0.0	0.151229	-0.988499	-0.00024831	0.0	-2.80432	-3.27815	-1.39405	0.347611	-0.6812239999999999	0.7274609999999999	0.082063	0.0	0.051383000000000005	0.159333	-0.9858870000000001	0.0	-0.730269	-0.6673939999999999	-0.14592	0.0	1.16486	-0.544508	-0.722765	0.35939	
3	0.98108	0.151086	0.121058	0.0	-0.117632	-0.031444099999999996	0.992559	0.0	0.15376900000000002	-0.9880200000000001	-0.013076599999999999	0.0	-2.8162700000000003	-3.2681299999999998	-1.4124299999999999	0.347404	-0.684057	0.724946	0.08074160000000001	0.0	0.0517536	0.158649	-0.985978	0.0	-0.727591	-0.6702859999999999	-0.146043	0.0	1.1819600000000001	-0.5434829999999999	-0.675922	0.359664	
3	0.980405	0.153647	0.123287	0.0	-0.119278	-0.0350755	0.992241	0.0	0.156779	-0.987503	-0.0160615	0.0	-2.8124	-3.2771	-1.4662	0.347504	-0.6918270000000001	0.717538	0.08071539999999999	0.0	0.0582845	0.166913	-0.984247	0.0	-0.719708	-0.6762239999999999	-0.157296	0.0	1.2082700000000002	-0.546995	-0.66892	0.359577	
3	0.978964	0.158122	0.128948	0.0	-0.12548	-0.031765499999999995	0.9915870000000001	0.0	0.160888	-0.986908	-0.011256	0.0	-2.76609	-3.2894400000000004	-1.50315	0.347496	-0.689409	0.720853	0.07131699999999999	0.0	0.07757539999999999	0.17135999999999998	-0.98215	0.0	-0.720206	-0.671571	-0.174058	0.0	1.24363	-0.547423	-0.683607	0.359125	
3	0.9793569999999999	0.155007	0.12974000000000002	0.0	-0.125953	-0.0340464	0.991452	0.0	0.158099	-0.9873270000000001	-0.013819899999999998	0.0	-2.72943	-3.2923199999999997	-1.51558	0.347674	-0.682845	0.726435	0.0775543	0.0	0.0798268	0.17971199999999998	-0.980475	0.0	-0.7261890000000001	-0.6633220000000001	-0.180705	0.0	1.2578	-0.543323	-0.693343	0.359477	
3	0.9793350000000001	0.15517	0.12971400000000002	0.0	-0.125916	-0.0341036	0.991455	0.0	0.15826800000000002	-0.9872989999999999	-0.013860399999999998	0.0	-2.72815	-3.2923	-1.5179	0.347752	-0.682978	0.726306	0.07759769999999999	0.0	0.079669	0.179671	-0.9804950000000001	0.0	-0.7260810000000001	-0.663475	-0.180576	0.0	1.25768	-0.5436989999999999	-0.694186	0.359493	
3	0.9793299999999999	0.155194	0.129722	0.0	-0.125923	-0.0341102	0.9914540000000001	0.0	0.15829300000000002	-0.987295	-0.0138627	0.0	-2.7286900000000003	-3.2922300000000004	-1.51748	0.34775300000000003	-0.682999	0.726284	0.0776156	0.0	0.0796313	0.179668	-0.980499	0.0	-0.726066	-0.663499	-0.18054800000000001	0.0	1.25752	-0.543752	-0.693928	0.359493	
3	0.9793299999999999	0.155194	0.129722	0.0	-0.125923	-0.0341102	0.9914540000000001	0.0	0.15829200000000002	-0.987295	-0.0138627	0.0	-2.7287	-3.2922300000000004	-1.51748	0.347754	-0.682998	0.726284	0.0776154	0.0	0.07963150000000001	0.179668	-0.980499	0.0	-0.726066	-0.663499	-0.18054800000000001	0.0	1.2575100000000001	-0.543752	-0.6939270000000001	0.359493	
3	0.9793299999999999	0.155194	0.129722	0.0	-0.125923	-0.034110400000000006	0.9914540000000001	0.0	0.15829200000000002	-0.987295	-0.0138629	0.0	-2.7287	-3.2922300000000004	-1.51748	0.34775300000000003	-0.682999	0.726284	0.0776154	0.0	0.07963150000000001	0.179668	-0.980499	0.0	-0.726066	-0.663499	-0.18054800000000001	0.0	1.2575100000000001	-0.543752	-0.6939270000000001	0.359493	
3	0.9793299999999999	0.155194	0.129722	0.0	-0.125923	-0.034110400000000006	0.9914540000000001	0.0	0.15829200000000002	-0.987295	-0.0138629	0.0	-2.7287	-3.2922300000000004	-1.51748	0.34775300000000003	-0.682999	0.726284	0.0776154	0.0	0.07963150000000001	0.179668	-0.980499	0.0	-0.726066	-0.663499	-0.18054800000000001	0.0	1.2575100000000001	-0.543752	-0.6939270000000001	0.359493	
3	0.9793299999999999	0.155194	0.129722	0.0	-0.125923	-0.034110400000000006	0.9914540000000001	0.0	0.15829200000000002	-0.987295	-0.0138629	0.0	-2.7287	-3.2922300000000004	-1.51748	0.34775300000000003	-0.682999	0.726284	0.0776155	0.0	0.07963150000000001	0.179668	-0.980499	0.0	-0.726066	-0.663499	-0.18054800000000001	0.0	1.2575100000000001	-0.543752	-0.6939270000000001	0.359493	
3	0.9793299999999999	0.155194	0.129722	0.0	-0.125923	-0.034110400000000006	0.9914540000000001	0.0	0.15829200000000002	-0.987295	-0.0138629	0.0	-2.7287	-3.2922300000000004	-1.51748	0.34775300000000003	-0.682999	0.726284	0.0776154	0.0	0.07963150000000001	0.179668	-0.980499	0.0	-0.726066	-0.663499	-0.18054800000000001	0.0	1.2575100000000001	-0.543752	-0.6939270000000001	0.359493	
3	0.9793299999999999	0.155194	0.129722	0.0	-0.125923	-0.034110400000000006	0.9914540000000001	0.0	0.15829200000000002	-0.987295	-0.0138629	0.0	-2.7287	-3.2922300000000004	-1.51748	0.34775300000000003	-0.682999	0.726284	0.0776155	0.0	0.07963150000000001	0.179668	-0.980499	0.0	-0.726066	-0.663499	-0.18054800000000001	0.0	1.2575100000000001	-0.543752	-0.6939270000000001	0.359493	
3	0.9793299999999999	0.155194	0.129722	0.0	-0.125923	-0.034110400000000006	0.9914540000000001	0.0	0.15829200000000002	-0.987295	-0.0138629	0.0	-2.7287	-3.2922300000000004	-1.51748	0.34775300000000003	-0.682999	0.726284	0.0776154	0.0	0.07963150000000001	0.179668	-0.980499	0.0	-0.726066	-0.663499	-0.18054800000000001	0.0	1.2575100000000001	-0.543752	-0.693926	0.359493	
3	0.9793299999999999	0.155194	0.129722	0.0	-0.125923	-0.034110400000000006	0.9914540000000001	0.0	0.15829200000000002	-0.987295	-0.0138629	0.0	-2.7287	-3.2922300000000004	-1.51748	0.34775300000000003	-0.682999	0.726284	0.0776154	0.0	0.07963150000000001	0.179668	-0.980499	0.0	-0.726066	-0.663499	-0.18054800000000001	0.0	1.2575100000000001	-0.543752	-0.693926	0.359493	
3	0.9793299999999999	0.155194	0.129722	0.0	-0.125923	-0.034110400000000006	0.9914540000000001	0.0	0.15829200000000002	-0.987295	-0.0138629	0.0	-2.7287	-3.2922300000000004	-1.51748	0.34775300000000003	-0.682999	0.726284	0.0776155	0.0	0.07963150000000001	0.179668	-0.980499	0.0	-0.726066	-0.663499	-0.18054800000000001	0.0	1.2575100000000001	-0.543752	-0.6939270000000001	0.359493	
3	0.861877	0.449666	0.23445300000000002	0.0	-0.06777689999999999	-0.356037	0.932011	0.0	0.502567	-0.8191689999999999	-0.276383	0.0	-2.74966	-3.51309	-1.65805	0.349597	-0.479917	0.8770030000000001	0.0233676	0.0	0.147585	0.10695999999999999	-0.9832489999999999	0.0	-0.8648110000000001	-0.468429	-0.180764	0.0	1.23526	-0.551201	-0.64922	0.35993800000000004	
3	0.9024409999999999	0.393399	0.17560599999999998	0.0	-0.048630099999999996	-0.31199	0.94884	0.0	0.42806000000000005	-0.864812	-0.262421	0.0	-2.70398	-3.6283300000000005	-1.6707400000000001	0.354553	-0.481455	0.8761610000000001	0.023297	0.0	0.146724	0.10677400000000001	-0.983398	0.0	-0.864102	-0.47004399999999996	-0.17996099999999998	0.0	1.2398799999999999	-0.549951	-0.648864	0.359925	
3	0.924322	0.346624	0.159626	0.0	-0.0583544	-0.28499	0.9567530000000001	0.0	0.377125	-0.8936620000000001	-0.243195	0.0	-2.65592	-3.6180000000000003	-1.7009900000000002	0.357241	-0.476904	0.878659	0.0228331	0.0	0.146067	0.104842	-0.9837040000000001	0.0	-0.866734	-0.465797	-0.178342	0.0	1.2423799999999998	-0.551347	-0.650633	0.359912	
3	0.93791	0.324862	0.12161500000000001	0.0	-0.0487055	-0.22379200000000002	0.973419	0.0	0.343443	-0.918903	-0.194074	0.0	-2.63895	-3.62241	-1.75747	0.359935	-0.474236	0.8800549999999999	0.0245703	0.0	0.146066	0.106171	-0.983561	0.0	-0.868196	-0.462851	-0.178896	0.0	1.24013	-0.5497920000000001	-0.6517649999999999	0.359873	
3	0.9443590000000001	0.304695	0.123883	0.0	-0.0564332	-0.22096100000000002	0.973649	0.0	0.32403899999999997	-0.926465	-0.191471	0.0	-2.62221	-3.6198300000000003	-1.7697900000000002	0.36306900000000003	-0.469699	0.8824649999999999	0.025244	0.0	0.14565799999999998	0.10566700000000001	-0.983676	0.0	-0.870727	-0.458355	-0.17817	0.0	1.23339	-0.548675	-0.650686	0.359937	
3	0.9494440000000001	0.295919	0.104824	0.0	-0.0404143	-0.215912	0.975576	0.0	0.311325	-0.930491	-0.193037	0.0	-2.61626	-3.61925	-1.77082	0.356664	-0.464765	0.8850370000000001	0.0265149	0.0	0.143539	0.10486	-0.984074	0.0	-0.8737219999999999	-0.453557	-0.175773	0.0	1.2140799999999998	-0.541891	-0.64073	0.360043	
3	0.956642	0.280968	0.0767634	0.0	-0.017940400000000002	-0.20621	0.9783430000000001	0.0	0.29071199999999997	-0.9373020000000001	-0.19222899999999998	0.0	-2.6074900000000003	-3.61796	-1.77171	0.349867	-0.46035699999999996	0.887333	0.026668200000000003	0.0	0.142455	0.103492	-0.984376	0.0	-0.876229	-0.449366	-0.174048	0.0	1.20539	-0.535833	-0.645355	0.359831	
3	0.9615870000000001	0.26929899999999996	0.0531845	0.0	0.0014344000000000002	-0.198677	0.9800639999999999	0.0	0.274497	-0.94234	-0.191431	0.0	-2.59885	-3.61701	-1.7734599999999998	0.34489200000000003	-0.45811499999999994	0.8885129999999999	0.025997900000000004	0.0	0.14114100000000002	0.101586	-0.984764	0.0	-0.877616	-0.44746499999999995	-0.171943	0.0	1.19984	-0.533144	-0.638023	0.360052	
3	0.971617	0.236143	0.0140541	0.0	0.031314499999999995	-0.187277	0.981808	0.0	0.234479	-0.953501	-0.189356	0.0	-2.58656	-3.61805	-1.7823799999999999	0.328436	-0.457766	0.888626	0.028186799999999998	0.0	0.140703	0.10371300000000001	-0.984605	0.0	-0.877869	-0.44675299999999996	-0.172508	0.0	1.19258	-0.532072	-0.63808	0.35978699999999997	
3	0.9750540000000001	0.22125	-0.017839400000000002	0.0	0.0325216	-0.0628964	0.99749	0.0	0.219572	-0.9731870000000001	-0.06852280000000001	0.0	-2.5792200000000003	-3.6052800000000005	-1.7301799999999998	0.166632	-0.456775	0.889141	0.0280126	0.0	0.141551	0.103735	-0.9844809999999999	0.0	-0.8782479999999999	-0.445721	-0.173242	0.0	1.18917	-0.5312479999999999	-0.641536	0.359586	
3	0.979613	0.19125899999999998	-0.061472000000000006	0.0	0.06285059999999999	-0.00114438	0.998022	0.0	0.19080999999999998	-0.9815389999999999	-0.0131418	0.0	-2.5748900000000003	-3.5981	-1.72862	0.114251	-0.45482700000000004	0.8900870000000001	0.0296308	0.0	0.140034	0.104335	-0.984634	0.0	-0.879501	-0.44368900000000006	-0.172097	0.0	1.1896799999999998	-0.528904	-0.635365	0.35954899999999995	
3	0.9768389999999999	0.186933	-0.104122	0.0	0.101961	0.0211666	0.994563	0.0	0.188121	-0.982145	0.00161648	0.0	-2.57413	-3.59516	-1.74475	0.115275	-0.451859	0.8913770000000001	0.0356441	0.0	0.140178	0.11040499999999999	-0.983952	0.0	-0.881007	-0.439611	-0.17484	0.0	1.1833	-0.5402819999999999	-0.640299	0.359633	
3	0.9559489999999999	0.22130999999999998	-0.192831	0.0	0.19437100000000002	0.015014500000000002	0.9808129999999999	0.0	0.21995900000000002	-0.975088	-0.0286632	0.0	-2.60126	-3.59681	-1.73374	0.11417000000000001	-0.44733999999999996	0.8935709999999999	0.0376462	0.0	0.140199	0.111634	-0.9838100000000001	0.0	-0.883307	-0.43481899999999996	-0.175216	0.0	1.17276	-0.56125	-0.66187	0.359294	
3	0.9384120000000001	0.260967	-0.226448	0.0	0.240907	-0.024372799999999997	0.970242	0.0	0.247682	-0.96504	-0.08574069999999999	0.0	-2.63147	-3.60604	-1.6866599999999998	0.115199	-0.44136099999999995	0.8964340000000001	0.040071499999999996	0.0	0.140469	0.11312799999999999	-0.9836010000000001	0.0	-0.886267	-0.428494	-0.175852	0.0	1.1633	-0.572825	-0.672635	0.359239	
3	0.9214120000000001	0.330194	-0.20486999999999997	0.0	0.251203	-0.1039	0.962342	0.0	0.296473	-0.938177	-0.178681	0.0	-2.69116	-3.6118900000000003	-1.60175	0.115443	-0.433953	0.8998959999999999	0.043254	0.0	0.137596	0.113646	-0.9839469999999999	0.0	-0.890366	-0.42103599999999997	-0.17313900000000002	0.0	1.1312200000000001	-0.579599	-0.672622	0.35930300000000004	
3	0.9164049999999999	0.358283	-0.178422	0.0	0.265581	-0.21080500000000002	0.940759	0.0	0.299446	-0.909502	-0.288337	0.0	-2.80773	-3.6127800000000003	-1.54215	0.117568	-0.428796	0.9021319999999999	0.0478898	0.0	0.136697	0.117192	-0.983657	0.0	-0.893	-0.41524099999999997	-0.17357	0.0	1.1129	-0.5874149999999999	-0.6815859999999999	0.359216	
3	0.9150590000000001	0.361982	-0.17786300000000002	0.0	0.27778800000000003	-0.245935	0.9286280000000001	0.0	0.292403	-0.899158	-0.3256	0.0	-3.05658	-3.61386	-1.5967	0.115907	-0.425458	0.9037370000000001	0.04738780000000001	0.0	0.13689400000000002	0.116031	-0.9837670000000001	0.0	-0.8945639999999999	-0.41206400000000004	-0.17308199999999999	0.0	1.1070799999999998	-0.594114	-0.691261	0.35923299999999997	
3	0.916892	0.385905	-0.101914	0.0	0.266764	-0.402566	0.875658	0.0	0.296894	-0.8300709999999999	-0.472055	0.0	-3.5524199999999997	-3.3206	-1.7657900000000002	-0.000597954	-0.412001	0.9099649999999999	0.047112400000000006	0.0	0.133141	0.11127000000000001	-0.9848309999999999	0.0	-0.9014040000000001	-0.399479	-0.166997	0.0	1.09447	-0.617488	-0.715378	0.359317	
0	0.910877	0.409104	-0.054201599999999996	0.0	0.260913	-0.46914700000000004	0.8436969999999999	0.0	0.319731	-0.782646	-0.534076	0.0	-3.6245	-2.9455	-1.72469	0.0	-0.40396	0.913417	0.049858099999999995	0.0	0.13028900000000002	0.111397	-0.9851979999999999	0.0	-0.905451	-0.39148499999999997	-0.164008	0.0	1.0764799999999999	-0.634343	-0.725627	0.359539	
0	0.899322	0.43723999999999996	-0.00643203	0.0	0.255132	-0.5127010000000001	0.8197840000000001	0.0	0.355144	-0.738891	-0.572637	0.0	-3.66166	-2.68047	-1.68104	0.0	-0.398598	0.9157569999999999	0.0500829	0.0	0.129328	0.110187	-0.985461	0.0	-0.907961	-0.386326	-0.162353	0.0	1.05039	-0.639305	-0.741082	0.359417	
0	0.853651	0.51902	0.0435686	0.0	0.266842	-0.5076510000000001	0.819198	0.0	0.447298	-0.687683	-0.571853	0.0	-3.64615	-2.50204	-1.66793	0.0	-0.391507	0.918487	0.0557148	0.0	0.128547	0.114547	-0.985066	0.0	-0.9111520000000001	-0.378498	-0.162915	0.0	1.0098200000000002	-0.644525	-0.756879	0.359602	
0	0.797605	0.596309	0.09078810000000001	0.0	0.28334299999999996	-0.5032810000000001	0.816349	0.0	0.532488	-0.6254	-0.570379	0.0	-3.56984	-2.3418200000000002	-1.66058	0.0	-0.386575	0.921134	0.0455159	0.0	0.127157	0.102116	-0.986612	0.0	-0.91345	-0.375612	-0.156604	0.0	0.9787040000000001	-0.7044560000000001	-0.782482	0.359456	
0	0.7582439999999999	0.624744	0.186443	0.0	0.20067100000000002	-0.49572	0.844981	0.0	0.62032	-0.603288	-0.5012439999999999	0.0	-3.4254300000000004	-2.3409400000000002	-1.62485	0.0	-0.381589	0.9238799999999999	0.028906	0.0	0.12923099999999998	0.0842891	-0.9880260000000001	0.0	-0.9152540000000001	-0.373284	-0.151558	0.0	0.962938	-0.8098350000000001	-0.819506	0.359663	
0	0.768238	0.580195	0.27052600000000004	0.0	0.0423039	-0.46767600000000004	0.8828870000000001	0.0	0.6387649999999999	-0.6668229999999999	-0.383831	0.0	-3.3395099999999998	-2.58872	-1.58886	0.0	-0.382157	0.92374	0.025692000000000003	0.0	0.128957	0.080839	-0.98835	0.0	-0.915056	-0.374391	-0.150016	0.0	0.9689690000000001	-0.8255600000000001	-0.812336	0.360068	
0	0.763113	0.5223180000000001	0.380583	0.0	-0.10398800000000001	-0.481983	0.8699879999999999	0.0	0.637845	-0.703475	-0.31349299999999997	0.0	-3.24779	-2.88873	-1.6386	0.0	-0.384484	0.922869	0.0220294	0.0	0.12976500000000002	0.07765839999999999	-0.988499	0.0	-0.913966	-0.377204	-0.149615	0.0	0.972628	-0.828987	-0.8135140000000001	0.360065	
0	0.769706	0.418959	0.481691	0.0	-0.24917899999999998	-0.49751899999999993	0.830895	0.0	0.587761	-0.759572	-0.278547	0.0	-3.21443	-3.19408	-1.59218	0.141	-0.385157	0.922676	0.0180078	0.0	0.12975799999999998	0.0734642	-0.98882	0.0	-0.913683	-0.37851399999999996	-0.14802	0.0	0.9766969999999999	-0.821377	-0.812924	0.36005	
0	0.762083	0.361676	0.537048	0.0	-0.354863	-0.46046499999999996	0.813661	0.0	0.541573	-0.810655	-0.22256700000000001	0.0	-3.23853	-3.43822	-1.62887	0.174012	-0.38566	0.9224899999999999	0.0166616	0.0	0.128902	0.0717531	-0.989058	0.0	-0.913592	-0.379292	-0.146583	0.0	0.979878	-0.817176	-0.807843	0.360143	
0	0.8039270000000001	0.309778	0.50768	0.0	-0.366489	-0.41425200000000006	0.8331149999999999	0.0	0.468388	-0.855823	-0.219498	0.0	-3.2147900000000003	-3.6034800000000002	-1.57358	0.26716799999999996	-0.384065	0.923175	0.0155322	0.0	0.13053900000000002	0.0709457	-0.988901	0.0	-0.914032	-0.377775	-0.147758	0.0	0.98031	-0.816743	-0.8057949999999999	0.360054	
0	0.820191	0.282341	0.497565	0.0	-0.37068	-0.40019299999999997	0.8381190000000001	0.0	0.43575699999999995	-0.8718540000000001	-0.22357600000000002	0.0	-3.1896299999999997	-3.5981199999999998	-1.56221	0.275251	-0.383139	0.9235760000000001	0.014535399999999999	0.0	0.128224	0.06876339999999999	-0.989358	0.0	-0.914748	-0.377198	-0.144771	0.0	0.983441	-0.810696	-0.7896340000000001	0.360268	
0	0.833932	0.274094	0.478988	0.0	-0.362811	-0.381714	0.850096	0.0	0.415843	-0.882704	-0.218879	0.0	-3.17392	-3.5978	-1.54682	0.29744699999999996	-0.383589	0.9234379999999999	0.0110451	0.0	0.129254	0.0655255	-0.9894440000000001	0.0	-0.914414	-0.378112	-0.144493	0.0	0.9839379999999999	-0.808002	-0.78381	0.360166	
0	0.829824	0.28324499999999997	0.480796	0.0	-0.364104	-0.378092	0.8511610000000001	0.0	0.422872	-0.881373	-0.210619	0.0	-3.17957	-3.5983	-1.5498	0.300887	-0.38458400000000004	0.923055	0.00802493	0.0	0.12930999999999998	0.062479599999999996	-0.989634	0.0	-0.9139879999999999	-0.37956	-0.14338900000000002	0.0	0.9865149999999999	-0.799979	-0.777543	0.36021	
0	0.8427459999999999	0.260348	0.471166	0.0	-0.362806	-0.371911	0.854432	0.0	0.39768200000000004	-0.891012	-0.218971	0.0	-3.1577599999999997	-3.59314	-1.54203	0.301055	-0.385964	0.9224959999999999	0.00577751	0.0	0.129194	0.0602524	-0.9897870000000001	0.0	-0.913423	-0.381276	-0.14243599999999998	0.0	0.987605	-0.79571	-0.774247	0.36023099999999997	
0	0.873258	0.193877	0.44702700000000006	0.0	-0.357537	-0.368342	0.858191	0.0	0.331042	-0.90925	-0.252339	0.0	-3.0994099999999998	-3.58605	-1.51203	0.30749299999999996	-0.38705300000000004	0.922054	0.00276554	0.0	0.128865	0.057063300000000004	-0.9900190000000001	0.0	-0.913008	-0.382833	-0.140907	0.0	0.993856	-0.7844399999999999	-0.7636270000000001	0.36035	
0	0.8766149999999999	0.190078	0.44205900000000004	0.0	-0.35506	-0.36453800000000003	0.8608389999999999	0.0	0.32477399999999995	-0.911582	-0.252071	0.0	-3.1042799999999997	-3.58397	-1.51404	0.308263	-0.388368	0.921502	0.00201789	0.0	0.127443	0.0558793	-0.9902709999999999	0.0	-0.91265	-0.384332	-0.13914100000000001	0.0	0.990267	-0.803188	-0.7549359999999999	0.360344	
0	0.8794639999999999	0.19179100000000002	0.43561300000000003	0.0	-0.346461	-0.369579	0.862193	0.0	0.326354	-0.909191	-0.258583	0.0	-3.10534	-3.5851300000000004	-1.50969	0.30791999999999997	-0.391515	0.920171	0.00114769	0.0	0.129575	0.056366099999999995	-0.989966	0.0	-0.9110030000000001	-0.387438	-0.141299	0.0	0.996337	-0.802674	-0.7488859999999999	0.360333	
0	0.8809040000000001	0.197127	0.43028999999999995	0.0	-0.33458699999999997	-0.383648	0.8607360000000001	0.0	0.334754	-0.902194	-0.27200100000000005	0.0	-3.1158900000000003	-3.5871	-1.50363	0.308314	-0.391339	0.9202450000000001	0.00193268	0.0	0.129806	0.0572795	-0.989884	0.0	-0.9110459999999999	-0.387129	-0.141868	0.0	1.00614	-0.807982	-0.749747	0.360229	
0	0.8994340000000001	0.18298699999999998	0.396907	0.0	-0.299221	-0.40412	0.8643799999999999	0.0	0.318569	-0.896216	-0.308726	0.0	-3.1227400000000003	-3.5853699999999997	-1.48499	0.319494	-0.38892899999999997	0.921268	0.00039169199999999996	0.0	0.12865	0.0547327	-0.9901790000000001	0.0	-0.912241	-0.38505900000000004	-0.139808	0.0	1.0091700000000001	-0.8072090000000001	-0.749058	0.360291	
0	0.917794	0.156142	0.365066	0.0	-0.271081	-0.42539499999999997	0.863455	0.0	0.290119	-0.891437	-0.348099	0.0	-3.4455400000000003	-3.5817900000000003	-1.85316	0.347699	-0.387718	0.9217780000000001	0.0006368459999999999	0.0	0.129274	0.055059000000000004	-0.990079	0.0	-0.912668	-0.383789	-0.140509	0.0	1.00204	-0.802729	-0.74545	0.360185	
0	0.922394	0.142738	0.35890900000000003	0.0	-0.263255	-0.447633	0.8545879999999999	0.0	0.282642	-0.8827520000000001	-0.375318	0.0	-3.4889300000000003	-3.5820199999999995	-1.90357	0.345237	-0.388268	0.9215469999999999	-0.0005122719999999999	0.0	0.12821400000000002	0.0534688	-0.9903040000000001	0.0	-0.9125840000000001	-0.384569	-0.138915	0.0	0.9979	-0.808331	-0.7466079999999999	0.360346	
0	0.9217930000000001	0.140076	0.361492	0.0	-0.262934	-0.45932799999999996	0.84846	0.0	0.28489200000000003	-0.8771530000000001	-0.386574	0.0	-3.4934199999999995	-3.5432699999999997	-1.9055900000000001	0.34530900000000003	-0.38938	0.921076	-0.00142995	0.0	0.12843	0.0527555	-0.9903139999999999	0.0	-0.9120799999999999	-0.385792	-0.138835	0.0	0.999445	-0.806882	-0.742904	0.360336	
0	0.922599	0.12651099999999998	0.364425	0.0	-0.260734	-0.49173100000000003	0.830794	0.0	0.284304	-0.8615079999999999	-0.42068500000000003	0.0	-3.47784	-3.29209	-1.7954599999999998	0.344931	-0.39147600000000005	0.920183	-0.00329247	0.0	0.129853	0.0517009	-0.9901840000000001	0.0	-0.9109799999999999	-0.388061	-0.139728	0.0	1.0070299999999999	-0.8136909999999999	-0.728883	0.36035100000000003	
0	0.923167	0.127754	0.36254899999999995	0.0	-0.255157	-0.5017560000000001	0.82652	0.0	0.287503	-0.8555229999999999	-0.43060699999999996	0.0	-3.47994	-3.26803	-1.82027	0.34534000000000004	-0.390932	0.920416	-0.00273648	0.0	0.129469	0.0520457	-0.990217	0.0	-0.9112680000000001	-0.387462	-0.139511	0.0	1.0106700000000002	-0.8127909999999999	-0.72497	0.360435	
0	0.8996430000000001	0.123876	0.41868500000000003	0.0	-0.310785	-0.491859	0.813319	0.0	0.306685	-0.8618180000000001	-0.403999	0.0	-3.45945	-3.29486	-1.9493599999999998	0.348521	-0.390594	0.920557	-0.00338766	0.0	0.128679	0.0509542	-0.990376	0.0	-0.911525	-0.387271	-0.13835899999999998	0.0	1.01211	-0.8150609999999999	-0.720322	0.360519	
0	0.876182	0.115926	0.46783100000000005	0.0	-0.37195900000000004	-0.45464499999999997	0.809286	0.0	0.306514	-0.8830959999999999	-0.355232	0.0	-3.4373400000000003	-3.4325	-2.0727	0.34779899999999997	-0.391034	0.920359	-0.00556466	0.0	0.12862200000000001	0.0486588	-0.990499	0.0	-0.9113450000000001	-0.38803499999999996	-0.137405	0.0	1.0157399999999999	-0.806619	-0.720644	0.360209	
0	0.8644149999999999	0.125914	0.48675799999999997	0.0	-0.393532	-0.43311099999999997	0.810894	0.0	0.312922	-0.892503	-0.324836	0.0	-3.42925	-3.53074	-2.13561	0.347864	-0.39105300000000004	0.92035	-0.0058299	0.0	0.127574	0.047930099999999996	-0.99067	0.0	-0.911484	-0.388148	-0.136155	0.0	1.01831	-0.8032560000000001	-0.717936	0.360392	
0	0.822507	0.1331	0.552962	0.0	-0.469185	-0.390752	0.791946	0.0	0.321479	-0.9108219999999999	-0.258948	0.0	-3.39106	-3.5837	-2.2267799999999998	0.354953	-0.39452	0.9188540000000001	-0.00780818	0.0	0.127248	0.0462157	-0.9907940000000001	0.0	-0.910034	-0.391881	-0.135155	0.0	1.02393	-0.7898689999999999	-0.717852	0.36028899999999997	
0	0.815772	0.12385299999999999	0.5649569999999999	0.0	-0.491762	-0.365639	0.790239	0.0	0.304444	-0.92248	-0.23737199999999997	0.0	-3.36611	-3.5856	-2.24609	0.356669	-0.396009	0.918214	-0.00778586	0.0	0.12774000000000002	0.0466913	-0.990708	0.0	-0.9093180000000001	-0.393323	-0.135783	0.0	1.0281799999999999	-0.784774	-0.709286	0.36037199999999997	
0	0.765926	0.116507	0.6322840000000001	0.0	-0.573815	-0.319698	0.754009	0.0	0.289987	-0.9403290000000001	-0.17801199999999998	0.0	-3.3212099999999998	-3.5867699999999996	-2.29028	0.361742	-0.39849	0.917091	-0.012208499999999999	0.0	0.128219	0.0425231	-0.990834	0.0	-0.908166	-0.396402	-0.134534	0.0	1.0412700000000001	-0.775935	-0.698874	0.360236	
0	0.74075	0.10026900000000001	0.6642560000000001	0.0	-0.6182350000000001	-0.285099	0.732464	0.0	0.262822	-0.953239	-0.149197	0.0	-3.2743700000000002	-3.5889800000000003	-2.3153200000000003	0.365848	-0.397517	0.917492	-0.013709899999999999	0.0	0.13059300000000001	0.0417798	-0.990555	0.0	-0.9082540000000001	-0.39555300000000004	-0.136427	0.0	1.04359	-0.771051	-0.6960689999999999	0.360249	
0	0.7122069999999999	0.110827	0.693166	0.0	-0.660061	-0.230354	0.715022	0.0	0.23891700000000002	-0.966775	-0.0909068	0.0	-3.2300400000000002	-3.59663	-2.3672299999999997	0.369795	-0.395203	0.918402	-0.0187601	0.0	0.12799000000000002	0.0348298	-0.9911639999999999	0.0	-0.909634	-0.39411199999999996	-0.13131099999999998	0.0	1.05182	-0.75473	-0.688431	0.36028000000000004	
0	0.711056	0.125307	0.69188	0.0	-0.6637460000000001	-0.2051	0.719288	0.0	0.23203600000000002	-0.9706870000000001	-0.062665	0.0	-3.2263599999999997	-3.60295	-2.39398	0.36683000000000004	-0.395135	0.9183979999999999	-0.020354	0.0	0.127835	0.033031599999999994	-0.991245	0.0	-0.9096850000000001	-0.394278	-0.130455	0.0	1.05345	-0.745866	-0.675447	0.360462	
0	0.6690189999999999	0.164748	0.7247560000000001	0.0	-0.711605	-0.139502	0.688591	0.0	0.214549	-0.9764209999999999	0.023905700000000002	0.0	-3.19658	-3.61786	-2.4516299999999998	0.367807	-0.397446	0.9173979999999999	-0.0204448	0.0	0.12803499999999998	0.033378899999999996	-0.991208	0.0	-0.90865	-0.396569	-0.130725	0.0	1.05603	-0.748761	-0.6420779999999999	0.36040900000000003	
0	0.65837	0.183451	0.729997	0.0	-0.719987	-0.129302	0.681836	0.0	0.219473	-0.9744879999999999	0.0469539	0.0	-3.19773	-3.6217599999999996	-2.4680299999999997	0.368996	-0.398451	0.916952	-0.0208954	0.0	0.128003	0.033034	-0.991224	0.0	-0.908214	-0.397629	-0.13053499999999998	0.0	1.0535700000000001	-0.7552409999999999	-0.639779	0.360362	
0	0.649142	0.208698	0.731478	0.0	-0.726402	-0.115293	0.677531	0.0	0.22573400000000002	-0.971161	0.0767564	0.0	-3.2025900000000003	-3.6266199999999995	-2.4887799999999998	0.367696	-0.40116599999999997	0.915791	-0.019800799999999997	0.0	0.127638	0.034480800000000006	-0.9912209999999999	0.0	-0.907069	-0.400171	-0.130723	0.0	1.05226	-0.773047	-0.636087	0.36035100000000003	
0	0.62336	0.216813	0.751276	0.0	-0.746955	-0.119045	0.65413	0.0	0.23126	-0.968928	0.0877413	0.0	-3.20738	-3.62402	-2.46201	0.360755	-0.40079000000000004	0.91601	-0.0171303	0.0	0.12774100000000002	0.0373569	-0.9911040000000001	0.0	-0.9072209999999999	-0.399412	-0.131984	0.0	1.04769	-0.787171	-0.649253	0.36025	
0	0.598205	0.21361100000000002	0.7723479999999999	0.0	-0.7711	-0.10884400000000001	0.627342	0.0	0.218073	-0.970836	0.0996047	0.0	-3.18903	-3.6248199999999997	-2.4538	0.358122	-0.396302	0.917976	-0.0163039	0.0	0.129469	0.038294999999999996	-0.9908440000000001	0.0	-0.9089459999999999	-0.394784	-0.134026	0.0	1.05035	-0.78384	-0.6583979999999999	0.360025	
0	0.588461	0.217489	0.778725	0.0	-0.780933	-0.0965795	0.617103	0.0	0.20942199999999997	-0.9712729999999999	0.11301099999999999	0.0	-3.1825799999999997	-3.6271699999999996	-2.45819	0.356352	-0.392879	0.919428	-0.0172585	0.0	0.12725	0.0357689	-0.991225	0.0	-0.9107430000000001	-0.39162800000000003	-0.13105	0.0	1.0513700000000001	-0.772644	-0.6537890000000001	0.360178	
0	0.57927	0.216932	0.78574	0.0	-0.787574	-0.0995934	0.608118	0.0	0.210175	-0.971093	0.113159	0.0	-3.1834599999999997	-3.6259099999999997	-2.45371	0.354566	-0.394944	0.9185190000000001	-0.0184959	0.0	0.12703399999999998	0.0346606	-0.991293	0.0	-0.9098799999999999	-0.393854	-0.130373	0.0	1.04334	-0.7784310000000001	-0.648837	0.360236	
0	0.5654779999999999	0.21673699999999999	0.795776	0.0	-0.795384	-0.11192300000000001	0.5956819999999999	0.0	0.21817199999999998	-0.969793	0.1091	0.0	-3.19001	-3.62267	-2.4437900000000004	0.35337399999999997	-0.395993	0.9180709999999999	-0.0183263	0.0	0.126669	0.034847500000000003	-0.991333	0.0	-0.909475	-0.394882	-0.13009	0.0	1.04375	-0.781075	-0.637196	0.360257	
0	0.547763	0.208069	0.810348	0.0	-0.809304	-0.113765	0.576268	0.0	0.21209299999999998	-0.971476	0.106075	0.0	-3.18743	-3.61991	-2.43051	0.35028400000000004	-0.395592	0.9183290000000001	-0.013410399999999998	0.0	0.12551600000000002	0.0395929	-0.991301	0.0	-0.909809	-0.393834	-0.130928	0.0	1.04138	-0.798057	-0.6361479999999999	0.360196	
0	0.510726	0.214115	0.8326549999999999	0.0	-0.833354	-0.114824	0.5406810000000001	0.0	0.211376	-0.970036	0.11979000000000001	0.0	-3.18129	-3.6208099999999996	-2.43217	0.35038	-0.393584	0.9191530000000001	-0.0158013	0.0	0.128141	0.0378332	-0.991034	0.0	-0.910314	-0.39208000000000004	-0.132671	0.0	1.04209	-0.797674	-0.6518729999999999	0.360094	
