0	-0.101622	0.9210209999999999	-0.37602199999999997	0.0	0.207848	0.38929400000000003	0.897357	0.0	0.9728680000000001	0.013035499999999998	-0.23099299999999998	0.0	-2.76589	2.0118099999999997	1.2968600000000001	1.40667e-05	-0.11369000000000001	0.9295899999999999	-0.350624	0.0	0.355503	-0.291482	-0.8880629999999999	0.0	-0.9277350000000001	-0.22561199999999998	-0.297333	0.0	2.6027299999999998	2.03832	1.52156	0.015092600000000001	
0	-0.315779	0.8850389999999999	-0.342037	0.0	0.0179385	0.36598600000000003	0.9304479999999999	0.0	0.9486629999999999	0.28768	-0.131447	0.0	-2.80539	1.9298400000000002	1.3872799999999998	0.0	0.23495	0.9423239999999999	-0.238378	0.0	0.030458099999999995	-0.25226	-0.9671799999999999	0.0	-0.9715299999999999	0.219978	-0.0879698	0.0	2.63786	1.9550599999999998	1.56228	0.0	
0	-0.319108	0.8811450000000001	-0.348933	0.0	0.0228102	0.375216	0.926657	0.0	0.9474440000000001	0.287744	-0.13983399999999999	0.0	-2.81023	1.9383400000000002	1.3953799999999998	0.0	0.21436999999999998	0.947722	-0.23636500000000002	0.0	0.018902000000000002	-0.245971	-0.969093	0.0	-0.97657	0.20327699999999999	-0.0706429	0.0	2.6454299999999997	1.9391	1.57161	0.0	
0	-0.28568000000000005	0.914647	-0.286021	0.0	0.06317909999999999	0.315785	0.946725	0.0	0.95624	0.25239	-0.14800000000000002	0.0	-2.80117	1.9402	1.41039	0.0	0.212693	0.949218	-0.231834	0.0	0.0262995	-0.24273899999999998	-0.969735	0.0	-0.976765	0.200159	-0.0765931	0.0	2.68981	1.97138	1.59064	0.17636400000000002	
0	-0.243186	0.957802	-0.153219	0.0	0.12983599999999998	0.188683	0.973417	0.0	0.961251	0.21682800000000002	-0.170242	0.0	-2.82863	1.9166599999999998	1.39449	0.27696	0.214671	0.965026	-0.150471	0.0	0.07532989999999999	-0.169964	-0.982567	0.0	-0.973777	0.199594	-0.10918199999999999	0.0	2.68878	1.9573099999999999	1.54834	0.310768	
0	-0.06131469999999999	0.9972690000000001	0.041173900000000006	0.0	0.183692	-0.029272199999999998	0.982548	0.0	0.9810700000000001	0.06780800000000001	-0.181395	0.0	-2.78963	1.73158	1.3328200000000001	0.337473	0.135599	0.9907600000000001	-0.00277105	0.0	0.149397	-0.023211900000000004	-0.988505	0.0	-0.9794350000000001	0.133626	-0.15116400000000002	0.0	2.6146	1.7623099999999998	1.46861	0.354931	
0	0.156622	0.980784	0.11633199999999999	0.0	0.177819	-0.14386300000000002	0.973491	0.0	0.971519	-0.13178399999999998	-0.196934	0.0	-2.66462	1.35338	1.21549	0.348183	-0.05007380000000001	0.9944940000000001	0.092056	0.0	0.183679	0.0997693	-0.9779100000000001	0.0	-0.9817100000000001	-0.0320589	-0.18766300000000002	0.0	2.49294	1.47522	1.39476	0.353835	
0	0.391084	0.9070229999999999	0.156083	0.0	0.142815	-0.227343	0.9632860000000001	0.0	0.909207	-0.354434	-0.21844699999999997	0.0	-2.6031299999999997	0.810372	1.0466600000000001	0.348756	-0.22587600000000002	0.9681649999999999	0.10787100000000001	0.0	0.19028699999999998	0.15245	-0.9698190000000001	0.0	-0.95539	-0.198532	-0.218664	0.0	2.29366	1.05346	1.305	0.35379	
0	0.595205	0.788082	0.157031	0.0	0.14666099999999999	-0.298671	0.9430200000000001	0.0	0.790077	-0.5382600000000001	-0.29335100000000003	0.0	-2.6575599999999997	0.341885	0.782192	0.349738	-0.40365100000000004	0.903917	0.14142000000000002	0.0	0.16883599999999999	0.225512	-0.959499	0.0	-0.8992	-0.363426	-0.243642	0.0	2.08867	0.619827	1.16245	0.353704	
0	0.760795	0.637837	0.11981199999999999	0.0	0.114721	-0.31387800000000005	0.942507	0.0	0.6387729999999999	-0.70331	-0.31196999999999997	0.0	-2.76378	-0.144092	0.482709	0.349535	-0.578375	0.802148	0.14846099999999998	0.0	0.134357	0.273171	-0.952536	0.0	-0.8046300000000001	-0.530977	-0.26577	0.0	1.87235	0.08999220000000001	0.890124	0.347546	
0	0.8755639999999999	0.478522	0.06635930000000001	0.0	0.110596	-0.332256	0.936683	0.0	0.470272	-0.812787	-0.34383400000000003	0.0	-2.88843	-0.63842	0.150374	0.349461	-0.742369	0.653938	0.145785	0.0	0.0949957	0.318131	-0.943276	0.0	-0.663222	-0.6864100000000001	-0.298292	0.0	1.70488	-0.469067	0.524307	0.346287	
0	0.943998	0.32826	0.0333711	0.0	0.07693710000000001	-0.317341	0.945185	0.0	0.320857	-0.8896850000000001	-0.324825	0.0	-3.03088	-1.19645	-0.171873	0.348473	-0.820256	0.5571050000000001	0.129672	0.0	0.0696405	0.322279	-0.9440799999999999	0.0	-0.567742	-0.765356	-0.303149	0.0	1.60816	-0.941249	0.167251	0.351259	
0	0.9637959999999999	0.265617	0.023366400000000002	0.0	0.0620068	-0.30849499999999996	0.949203	0.0	0.259333	-0.9133889999999999	-0.313796	0.0	-3.18499	-1.62773	-0.502212	0.347607	-0.853721	0.509504	0.107544	0.0	0.0688757	0.315195	-0.946524	0.0	-0.516155	-0.800661	-0.304181	0.0	1.53548	-1.32323	-0.121778	0.353752	
0	0.969857	0.241977	0.028717400000000004	0.0	0.0495376	-0.311182	0.949059	0.0	0.238587	-0.9190280000000001	-0.313789	0.0	-3.24187	-1.8588200000000001	-0.7600979999999999	0.346448	-0.876091	0.477092	0.06962289999999999	0.0	0.078288	0.28325	-0.9558450000000001	0.0	-0.47574700000000003	-0.831957	-0.285503	0.0	1.4320700000000002	-1.6151	-0.35359	0.354153	
0	0.9720200000000001	0.233106	0.028963799999999998	0.0	0.0440235	-0.301899	0.9523229999999999	0.0	0.23073600000000002	-0.9244020000000001	-0.303714	0.0	-3.20971	-2.03671	-0.9601700000000001	0.346599	-0.863349	0.500693	0.0627305	0.0	0.098688	0.289453	-0.952091	0.0	-0.494863	-0.815796	-0.29931199999999997	0.0	1.36154	-1.781	-0.6024470000000001	0.353231	
0	0.96965	0.239814	0.047628	0.0	0.0229268	-0.283124	0.958809	0.0	0.24341999999999997	-0.928617	-0.280029	0.0	-3.09415	-2.2869099999999998	-1.13878	0.34536	-0.8376309999999999	0.545837	0.020899099999999997	0.0	0.15168099999999998	0.26918200000000003	-0.9510700000000001	0.0	-0.524755	-0.7934760000000001	-0.308269	0.0	1.2070100000000001	-1.9254799999999999	-0.926114	0.35397399999999996	
0	0.957996	0.270325	0.0957456	0.0	-0.011977400000000001	-0.295858	0.9551569999999999	0.0	0.28653	-0.916184	-0.28019299999999997	0.0	-2.86658	-2.5467400000000002	-1.3237299999999999	0.344997	-0.812024	0.583245	0.0210052	0.0	0.170455	0.271431	-0.9472430000000001	0.0	-0.558177	-0.765604	-0.319826	0.0	1.12049	-2.07092	-1.28509	0.355084	
0	0.951507	0.281789	0.12340899999999999	0.0	-0.048828500000000004	-0.257733	0.964982	0.0	0.303728	-0.924212	-0.231475	0.0	-2.65226	-2.70478	-1.3631799999999998	0.34634699999999996	-0.783961	0.6208060000000001	0.00228953	0.0	0.191519	0.24535700000000002	-0.950327	0.0	-0.59053	-0.744581	-0.311246	0.0	1.10527	-2.11433	-1.46897	0.35483899999999996	
0	0.9614799999999999	0.23094099999999998	0.149072	0.0	-0.10584600000000001	-0.189445	0.9761690000000001	0.0	0.253679	-0.9543459999999999	-0.15770399999999998	0.0	-2.55639	-2.78511	-1.2554	0.346109	-0.772624	0.634861	-0.00207976	0.0	0.189881	0.227956	-0.9549770000000001	0.0	-0.605804	-0.738233	-0.296673	0.0	1.05351	-2.14108	-1.54227	0.35546300000000003	
0	0.963413	0.172193	0.20538800000000001	0.0	-0.179582	-0.154139	0.971592	0.0	0.19896	-0.972929	-0.117577	0.0	-2.58529	-2.94212	-1.14487	0.346206	-0.751941	0.659223	-0.00328088	0.0	0.186847	0.20834899999999998	-0.960041	0.0	-0.6321979999999999	-0.722507	-0.27984000000000003	0.0	0.978628	-2.17476	-1.5027	0.35567	
0	0.964751	0.149791	0.216376	0.0	-0.195775	-0.140944	0.970468	0.0	0.17586400000000002	-0.97862	-0.10665	0.0	-2.56101	-3.09783	-1.14592	0.346561	-0.745577	0.666419	6.05285e-05	0.0	0.18245699999999998	0.204217	-0.961772	0.0	-0.6409560000000001	-0.717064	-0.273853	0.0	0.9140860000000001	-2.2330799999999997	-1.45997	0.356178	
0	0.9719200000000001	0.128197	0.197326	0.0	-0.18068800000000002	-0.130618	0.9748290000000001	0.0	0.15074400000000002	-0.98311	-0.10378599999999999	0.0	-2.58622	-3.18601	-1.12218	0.345652	-0.7378779999999999	0.674925	-0.00363651	0.0	0.177544	0.18890099999999999	-0.9658129999999999	0.0	-0.6511640000000001	-0.7132970000000001	-0.25921500000000003	0.0	0.898949	-2.28729	-1.37504	0.35681599999999997	
0	0.971802	0.12848099999999998	0.197721	0.0	-0.180029	-0.137262	0.974037	0.0	0.152285	-0.982167	-0.11026099999999998	0.0	-2.6811700000000003	-3.1855599999999997	-1.17339	0.34574099999999997	-0.7399600000000001	0.672604	-0.00799352	0.0	0.182176	0.188952	-0.9649399999999999	0.0	-0.647512	-0.7154729999999999	-0.262349	0.0	0.8948659999999999	-2.30133	-1.34323	0.356584	
0	0.9739129999999999	0.117346	0.194227	0.0	-0.174791	-0.157915	0.9718600000000001	0.0	0.144715	-0.980456	-0.13328399999999999	0.0	-2.76887	-3.15559	-1.2334100000000001	0.343156	-0.738007	0.6746850000000001	-0.0121083	0.0	0.186752	0.186971	-0.9644510000000001	0.0	-0.648437	-0.714032	-0.26398499999999997	0.0	0.900854	-2.2984299999999998	-1.29609	0.356643	
0	0.9781209999999999	0.0917424	0.186718	0.0	-0.1686	-0.176235	0.969802	0.0	0.121878	-0.9800639999999999	-0.156911	0.0	-2.8113799999999998	-3.16717	-1.26044	0.343901	-0.736632	0.6762050000000001	-0.010953399999999999	0.0	0.18470599999999998	0.185578	-0.9651139999999999	0.0	-0.650582	-0.712957	-0.261602	0.0	0.9051819999999999	-2.30613	-1.28742	0.35697199999999996	
0	0.982886	0.08615880000000001	0.162827	0.0	-0.142429	-0.205152	0.968311	0.0	0.11683299999999999	-0.97493	-0.189369	0.0	-2.9367	-3.15364	-1.35453	0.343161	-0.730911	0.682393	-0.0104113	0.0	0.18604500000000002	0.184549	-0.9650540000000001	0.0	-0.656625	-0.707306	-0.261845	0.0	0.907839	-2.31025	-1.28801	0.356717	
0	0.98865	0.07522050000000001	0.130047	0.0	-0.111571	-0.212081	0.9708629999999999	0.0	0.100609	-0.974353	-0.201282	0.0	-2.97803	-3.16215	-1.40751	0.34333400000000003	-0.725775	0.687855	-0.0103331	0.0	0.187907	0.183772	-0.964841	0.0	-0.661772	-0.702199	-0.26263000000000003	0.0	0.907125	-2.32821	-1.3027799999999998	0.356662	
0	0.992632	0.0784768	0.0923187	0.0	-0.0728433	-0.22235100000000002	0.972242	0.0	0.09682560000000001	-0.9718030000000001	-0.214997	0.0	-3.0312799999999998	-3.23694	-1.4402	0.34366399999999997	-0.724352	0.689338	-0.0112771	0.0	0.185255	0.178858	-0.966277	0.0	-0.6640739999999999	-0.702014	-0.257259	0.0	0.902807	-2.3645400000000003	-1.28709	0.356672	
0	0.9935280000000001	0.07795389999999999	0.082615	0.0	-0.0646149	-0.210306	0.975498	0.0	0.0934182	-0.9745229999999999	-0.203908	0.0	-3.01707	-3.2926800000000003	-1.4282299999999999	0.34297	-0.723964	0.689763	-0.010151799999999999	0.0	0.183541	0.17841400000000002	-0.966686	0.0	-0.6649729999999999	-0.701709	-0.255765	0.0	0.8997370000000001	-2.37875	-1.29395	0.356645	
0	0.9931629999999999	0.0806287	0.08441799999999999	0.0	-0.0656943	-0.21173899999999998	0.975116	0.0	0.0964969	-0.973995	-0.204994	0.0	-3.01189	-3.3608	-1.46306	0.342991	-0.724897	0.688779	-0.010420100000000002	0.0	0.18523499999999998	0.180334	-0.9660059999999999	0.0	-0.663485	-0.7021850000000001	-0.258309	0.0	0.89712	-2.38702	-1.30714	0.356671	
0	0.990604	0.09649500000000001	0.0969195	0.0	-0.0761677	-0.199337	0.976967	0.0	0.11359200000000001	-0.9751690000000001	-0.190115	0.0	-2.9758299999999998	-3.42717	-1.43461	0.343105	-0.725929	0.687658	-0.0124039	0.0	0.183198	0.175948	-0.967203	0.0	-0.662922	-0.704393	-0.253704	0.0	0.900445	-2.38185	-1.29493	0.356989	
0	0.986662	0.11725899999999999	0.11290499999999999	0.0	-0.090494	-0.181422	0.979233	0.0	0.13530799999999998	-0.97639	-0.168391	0.0	-2.90181	-3.5216	-1.43066	0.322251	-0.727402	0.686037	-0.015493600000000001	0.0	0.184803	0.174102	-0.967231	0.0	-0.660859	-0.706429	-0.253424	0.0	0.901967	-2.36923	-1.27505	0.35674	
0	0.980298	0.140509	0.138828	0.0	-0.113685	-0.17340899999999998	0.978266	0.0	0.16153	-0.974775	-0.15401900000000002	0.0	-2.87689	-3.5997	-1.38988	0.329278	-0.726467	0.6869350000000001	-0.0191478	0.0	0.186443	0.170201	-0.9676110000000001	0.0	-0.6614270000000001	-0.706507	-0.251719	0.0	0.906703	-2.3565099999999997	-1.24789	0.35691100000000003	
0	0.980468	0.136165	0.141921	0.0	-0.115951	-0.182666	0.9763139999999999	0.0	0.158864	-0.9737	-0.16330999999999998	0.0	-2.86347	-3.60121	-1.39695	0.348623	-0.7254079999999999	0.688074	-0.018384099999999997	0.0	0.183422	0.167493	-0.9686600000000001	0.0	-0.66343	-0.706046	-0.24770799999999998	0.0	0.903718	-2.34125	-1.2225700000000002	0.35693	
0	0.975985	0.15576700000000002	0.152284	0.0	-0.13253800000000002	-0.130181	0.982592	0.0	0.17288	-0.9791780000000001	-0.10640999999999999	0.0	-2.87596	-3.6035	-1.4105	0.30389099999999997	-0.726743	0.6866359999999999	-0.019386700000000003	0.0	0.184353	0.167778	-0.968434	0.0	-0.661709	-0.707376	-0.248515	0.0	0.8965040000000001	-2.32021	-1.21269	0.35684899999999997	
0	0.97154	0.16736900000000002	0.167624	0.0	-0.147681	-0.125307	0.981065	0.0	0.185205	-0.977899	-0.0970234	0.0	-2.8818	-3.6000400000000004	-1.43271	0.27125900000000003	-0.725671	0.687771	-0.0193164	0.0	0.183309	0.166198	-0.9689040000000001	0.0	-0.6631739999999999	-0.706647	-0.24668	0.0	0.8856780000000001	-2.30954	-1.1998	0.356718	
0	0.9651620000000001	0.17920899999999998	0.19065	0.0	-0.174618	-0.10148099999999999	0.9793930000000001	0.0	0.194863	-0.978563	-0.0666527	0.0	-2.87702	-3.59301	-1.4679799999999998	0.16806500000000002	-0.724759	0.688651	-0.022021000000000002	0.0	0.18168	0.160181	-0.970224	0.0	-0.664618	-0.707179	-0.241206	0.0	0.8646010000000001	-2.29681	-1.17755	0.356695	
0	0.9613450000000001	0.191368	0.197974	0.0	-0.19026500000000002	-0.058041300000000004	0.980016	0.0	0.199034	-0.979801	-0.0193872	0.0	-2.88464	-3.59246	-1.50305	0.126149	-0.725059	0.6884100000000001	-0.019528599999999997	0.0	0.181843	0.16402	-0.9695520000000001	0.0	-0.664246	-0.706533	-0.24410700000000002	0.0	0.850672	-2.25814	-1.13972	0.35667600000000005	
0	0.959498	0.19780899999999998	0.20058900000000002	0.0	-0.1942	-0.05139540000000001	0.979615	0.0	0.204086	-0.978892	-0.010899299999999999	0.0	-2.8877	-3.59374	-1.51207	0.12621400000000002	-0.724146	0.689458	-0.016114700000000003	0.0	0.181381	0.16785799999999998	-0.968981	0.0	-0.665367	-0.704607	-0.246608	0.0	0.8522549999999999	-2.23285	-1.1151	0.356444	
0	0.959742	0.198435	0.198795	0.0	-0.192604	-0.0502278	0.9799899999999999	0.0	0.20445	-0.978826	-0.00998623	0.0	-2.88607	-3.59329	-1.52787	0.12576600000000002	-0.7232350000000001	0.690429	-0.0154239	0.0	0.17987	0.16676	-0.9694520000000001	0.0	-0.666766	-0.703916	-0.244794	0.0	0.852914	-2.23215	-1.1126200000000002	0.356365	
0	0.957514	0.218388	0.188346	0.0	-0.177755	-0.06735010000000001	0.9817670000000001	0.0	0.227091	-0.973535	-0.025669099999999997	0.0	-2.89908	-3.59196	-1.53265	0.125832	-0.724318	0.6893060000000001	-0.0148644	0.0	0.181496	0.169827	-0.9686170000000001	0.0	-0.665149	-0.704284	-0.248115	0.0	0.8507879999999999	-2.23157	-1.12141	0.35635700000000003	
0	0.957412	0.223593	0.182668	0.0	-0.164426	-0.0978102	0.9815280000000001	0.0	0.23732899999999998	-0.9697629999999999	-0.056880099999999996	0.0	-2.8784099999999997	-3.59421	-1.5347600000000001	0.125673	-0.7249359999999999	0.6886800000000001	-0.013715399999999999	0.0	0.180053	0.170238	-0.968814	0.0	-0.664867	-0.704797	-0.24741	0.0	0.851634	-2.23385	-1.1192600000000001	0.356586	
0	0.95785	0.23334000000000002	0.16755699999999998	0.0	-0.143041	-0.11841199999999999	0.982608	0.0	0.24912199999999998	-0.965159	-0.0800437	0.0	-2.79125	-3.53744	-1.57669	0.125822	-0.7264970000000001	0.687017	-0.014465	0.0	0.180807	0.17080399999999998	-0.9685739999999999	0.0	-0.662956	-0.706281	-0.248306	0.0	0.848873	-2.2321400000000002	-1.12345	0.356269	
0	0.9583219999999999	0.23334699999999997	0.16483	0.0	-0.13152	-0.151843	0.979615	0.0	0.253618	-0.960465	-0.114825	0.0	-2.78194	-3.3238300000000005	-1.57221	0.125823	-0.726454	0.687096	-0.0128056	0.0	0.181949	0.174336	-0.96773	0.0	-0.662691	-0.705341	-0.251664	0.0	0.8518680000000001	-2.22383	-1.11247	0.356292	
0	0.9566520000000001	0.238587	0.16701400000000002	0.0	-0.11680499999999999	-0.211002	0.970482	0.0	0.266785	-0.9479209999999999	-0.173987	0.0	-2.78655	-2.96747	-1.53829	0.125643	-0.7254689999999999	0.688137	-0.0127352	0.0	0.181382	0.173307	-0.9680209999999999	0.0	-0.663924	-0.70458	-0.25054499999999996	0.0	0.858982	-2.20877	-1.09178	0.356337	
0	0.953767	0.244838	0.174305	0.0	-0.109002	-0.258679	0.959794	0.0	0.28008299999999997	-0.93442	-0.220031	0.0	-2.78143	-2.57491	-1.49706	0.125831	-0.718907	0.694991	-0.0126525	0.0	0.181686	0.17030599999999999	-0.9684969999999999	0.0	-0.670942	-0.698558	-0.248704	0.0	0.8700969999999999	-2.19255	-1.0799299999999998	0.35636999999999996	
0	0.9539200000000001	0.245227	0.17291800000000002	0.0	-0.09666169999999999	-0.294417	0.9507760000000001	0.0	0.284066	-0.9236790000000001	-0.257146	0.0	-2.79514	-2.21912	-1.43478	0.125638	-0.696327	0.71736	-0.0228682	0.0	0.189668	0.15319100000000002	-0.969824	0.0	-0.69221	-0.679652	-0.242731	0.0	0.8896350000000001	-2.17833	-1.08007	0.35694000000000004	
0	0.946887	0.273543	0.169052	0.0	-0.0727437	-0.329873	0.941218	0.0	0.313229	-0.903525	-0.292454	0.0	-2.80804	-1.77893	-1.2339799999999999	0.12583	-0.634957	0.770945	-0.04974919999999999	0.0	0.22132	0.119828	-0.9678110000000001	0.0	-0.740168	-0.625529	-0.246711	0.0	0.93048	-2.11618	-1.11432	0.3576	
0	0.906259	0.38657600000000003	0.171037	0.0	-0.026804700000000004	-0.35124099999999997	0.935902	0.0	0.421872	-0.8527540000000001	-0.30795300000000003	0.0	-2.83825	-1.35162	-1.0332700000000001	0.125641	-0.4757	0.868922	-0.136689	0.0	0.297092	0.0124527	-0.9547680000000001	0.0	-0.827917	-0.494792	-0.264074	0.0	0.9792379999999999	-1.97669	-1.2110299999999998	0.357973	
0	0.8047979999999999	0.5663050000000001	0.177761	0.0	0.0170458	-0.321416	0.946785	0.0	0.5933039999999999	-0.75894	-0.268328	0.0	-2.7494099999999997	-1.04474	-0.8888030000000001	0.12564	-0.30685	0.926258	-0.218836	0.0	0.347921	-0.10485	-0.931642	0.0	-0.8858860000000001	-0.362012	-0.290092	0.0	0.986707	-1.8617700000000001	-1.30734	0.35789299999999996	
1	0.6744720000000001	0.722252	0.1531	0.0	0.0493711	-0.251027	0.96672	0.0	0.736648	-0.644467	-0.204969	0.0	-2.61177	-0.893094	-0.801571	0.125824	-0.131364	0.9313629999999999	-0.339569	0.0	0.40071999999999997	-0.263418	-0.877516	0.0	-0.906734	-0.251346	-0.33861199999999997	0.0	0.9636899999999999	-1.82307	-1.45086	0.356928	
1	0.493229	0.861957	0.11728599999999999	0.0	0.0374537	-0.155745	0.987087	0.0	0.869093	-0.48246700000000003	-0.109101	0.0	-2.44177	-0.877394	-0.777997	0.125629	0.0861238	0.8735450000000001	-0.47906499999999996	0.0	0.419529	-0.46793900000000005	-0.777836	0.0	-0.903647	-0.133991	-0.40677800000000003	0.0	0.905201	-1.80433	-1.6505	0.355715	
1	0.314944	0.947412	0.056751300000000005	0.0	0.014155500000000001	-0.06447649999999999	0.997819	0.0	0.9490049999999999	-0.313454	-0.033717699999999996	0.0	-2.25747	-0.926798	-0.8036369999999999	0.125824	0.191147	0.788243	-0.584924	0.0	0.411246	-0.6054	-0.681445	0.0	-0.891258	-0.11029100000000001	-0.439882	0.0	0.781586	-1.86522	-1.7380400000000003	0.355256	
1	0.184218	0.982856	0.00758398	0.0	-0.017774	-0.00438362	0.999833	0.0	0.982725	-0.184322	0.0166618	0.0	-2.08353	-1.00358	-0.826207	0.125637	0.277715	0.690958	-0.6674220000000001	0.0	0.385999	-0.71646	-0.5811109999999999	0.0	-0.879704	-0.0962415	-0.46568100000000007	0.0	0.661687	-1.8980299999999999	-1.79473	0.352556	
1	0.124129	0.992244	0.00655881	0.0	-0.0329246	-0.00248766	0.999455	0.0	0.99172	-0.124277	0.032360400000000004	0.0	-1.9182400000000002	-1.0727200000000001	-0.834982	0.125822	0.30948200000000003	0.59607	-0.740893	0.0	0.339358	-0.797072	-0.499513	0.0	-0.888289	-0.09683760000000001	-0.44896099999999994	0.0	0.5524020000000001	-1.9305400000000001	-1.7710700000000001	0.350992	
1	0.044334	0.999007	0.0044753	0.0	-0.0756622	-0.0011093	0.997133	0.0	0.9961479999999999	-0.0445456	0.0755377	0.0	-1.78503	-1.16385	-0.8502790000000001	0.125639	0.325644	0.540728	-0.775609	0.0	0.314648	-0.835543	-0.450405	0.0	-0.891601	-0.0973724	-0.44222799999999995	0.0	0.482367	-1.95278	-1.72445	0.34989899999999996	
1	0.0337068	0.9988370000000001	0.0344843	0.0	-0.0788646	-0.0317382	0.9963799999999999	0.0	0.996315	-0.0363044	0.077703	0.0	-1.7254099999999999	-1.19979	-0.860582	0.125826	0.319902	0.507516	-0.800057	0.0	0.30242600000000003	-0.8549549999999999	-0.421415	0.0	-0.8978870000000001	-0.107147	-0.42698800000000003	0.0	0.428831	-1.98796	-1.63414	0.347048	
1	0.0363089	0.998302	0.0455562	0.0	-0.08016060000000001	-0.0425301	0.9958739999999999	0.0	0.9961209999999999	-0.039811	0.07848010000000001	0.0	-1.70661	-1.27821	-0.9031629999999999	0.125822	0.313243	0.493903	-0.811134	0.0	0.301887	-0.8616020000000001	-0.408051	0.0	-0.9004129999999999	-0.117052	-0.418994	0.0	0.41319700000000004	-2.00442	-1.58826	0.34521999999999997	
1	0.0329692	0.9978090000000001	0.0573655	0.0	-0.06467080000000001	-0.0551467	0.996382	0.0	0.9973620000000001	-0.0365599	0.06271080000000001	0.0	-1.7307099999999997	-1.32141	-0.955261	0.125638	0.31292600000000004	0.48304300000000006	-0.817769	0.0	0.30184	-0.8669520000000001	-0.396593	0.0	-0.900539	-0.12273099999999999	-0.41709399999999996	0.0	0.41390600000000005	-2.00096	-1.5574700000000001	0.33937399999999995	
1	0.00874966	0.998027	0.0621692	0.0	-0.0619049	-0.061511800000000005	0.996185	0.0	0.998044	-0.012565	0.06124450000000001	0.0	-1.77302	-1.3266799999999999	-0.9903049999999999	0.125636	0.312098	0.46099399999999996	-0.8307100000000001	0.0	0.293116	-0.878453	-0.377365	0.0	-0.903702	-0.12572	-0.409289	0.0	0.424267	-1.99643	-1.5180200000000001	0.338777	
1	-0.004767	0.998333	0.0575184	0.0	-0.05876169999999999	-0.0576995	0.996603	0.0	0.9982610000000001	0.00137073	0.0589385	0.0	-1.81883	-1.35437	-1.02249	0.125641	0.306836	0.443507	-0.8421120000000001	0.0	0.284748	-0.887044	-0.36341799999999996	0.0	-0.908168	-0.12828	-0.398465	0.0	0.40070700000000004	-1.96033	-1.45184	0.337891	
1	-0.0610981	0.9976379999999999	0.0313911	0.0	-0.0576686	-0.0349257	0.997725	0.0	0.9964649999999999	0.0591487	0.05966619999999999	0.0	-1.8360299999999998	-1.36142	-1.0654	0.125827	0.308283	0.434565	-0.8462360000000001	0.0	0.27468200000000004	-0.892335	-0.358173	0.0	-0.910775	-0.122027	-0.394459	0.0	0.34807899999999997	-1.89625	-1.40805	0.337967	
1	-0.0713553	0.997133	0.0252	0.0	-0.060698400000000007	-0.0295586	0.997719	0.0	0.995603	0.06966280000000001	0.0626333	0.0	-1.82815	-1.36491	-1.07307	0.125823	0.311475	0.409174	-0.857648	0.0	0.25548200000000004	-0.905373	-0.339159	0.0	-0.915266	-0.113474	-0.386538	0.0	0.320398	-1.87245	-1.3784	0.338923	
1	-0.113621	0.9934639999999999	-0.0109531	0.0	-0.0715012	0.00281948	0.9974360000000001	0.0	0.9909479999999999	0.114113	0.0707135	0.0	-1.7961200000000002	-1.37132	-1.0903100000000001	0.125824	0.334357	0.354234	-0.873341	0.0	0.222531	-0.9301450000000001	-0.292079	0.0	-0.915798	-0.09668660000000001	-0.389828	0.0	0.28939899999999996	-1.83533	-1.34927	0.340436	
1	-0.203424	0.974576	-0.0939123	0.0	-0.100983	0.0745221	0.992093	0.0	0.9738690000000001	0.211299	0.0832562	0.0	-1.74288	-1.36303	-1.11985	0.12589	0.396306	0.222023	-0.890869	0.0	0.154149	-0.9726370000000001	-0.173828	0.0	-0.905085	-0.06843710000000001	-0.419687	0.0	0.24228400000000003	-1.8046799999999998	-1.36324	0.34069499999999997	
1	-0.21829899999999997	0.972001	-0.0869484	0.0	-0.102378	0.0657951	0.992567	0.0	0.9704969999999999	0.22557800000000003	0.0851485	0.0	-1.70078	-1.3544399999999999	-1.10839	0.125639	0.447999	0.077204	-0.8906950000000001	0.0	0.0586217	-0.996657	-0.056903300000000004	0.0	-0.8921100000000001	-0.0267214	-0.45102700000000007	0.0	0.227812	-1.76846	-1.42858	0.339884	
1	-0.217823	0.97267	-0.08041010000000001	0.0	-0.103941	0.0588009	0.9928440000000001	0.0	0.9704379999999999	0.224622	0.0882921	0.0	-1.68775	-1.39949	-1.12775	0.125826	0.44466300000000003	-0.017761700000000002	-0.8955219999999999	0.0	0.00334068	-0.999764	0.021488	0.0	-0.895692	-0.012546600000000002	-0.444499	0.0	0.23434000000000002	-1.7726	-1.44824	0.339954	
1	-0.232923	0.967368	-0.0997336	0.0	-0.11027200000000001	0.0756207	0.9910209999999999	0.0	0.9662229999999999	0.241829	0.0890599	0.0	-1.68212	-1.4625299999999999	-1.18594	0.125649	0.44456599999999996	-0.07036360000000001	-0.892978	0.0	-0.0236322	-0.997484	0.0668332	0.0	-0.8954340000000001	-0.00860874	-0.445111	0.0	0.233558	-1.8005400000000003	-1.4462700000000002	0.339318	
1	-0.246754	0.9597549999999999	-0.134099	0.0	-0.12625899999999998	0.105358	0.9863870000000001	0.0	0.9608180000000001	0.260326	0.0951803	0.0	-1.66783	-1.49794	-1.2080600000000001	0.1259	0.45093900000000003	-0.0983232	-0.887123	0.0	-0.0439458	-0.9951549999999999	0.0879583	0.0	-0.8914719999999999	-0.000678502	-0.453075	0.0	0.242988	-1.8084200000000001	-1.48845	0.338337	
1	-0.244126	0.960726	-0.131944	0.0	-0.121925	0.104572	0.987015	0.0	0.9620479999999999	0.257044	0.09160789999999999	0.0	-1.65952	-1.5006700000000002	-1.2032399999999999	0.125825	0.44172700000000004	-0.11233199999999999	-0.8900889999999999	0.0	-0.053750099999999995	-0.993662	0.09872819999999999	0.0	-0.895538	0.00423153	-0.44496499999999994	0.0	0.22974	-1.8062900000000002	-1.48767	0.33852899999999997	
1	-0.250447	0.9583379999999999	-0.137351	0.0	-0.121092	0.10975	0.986555	0.0	0.960527	0.263712	0.0885599	0.0	-1.66602	-1.50064	-1.2165700000000002	0.125823	0.43481099999999995	-0.121848	-0.8922399999999999	0.0	-0.05921619999999999	-0.9925280000000001	0.10668599999999999	0.0	-0.898573	0.00644668	-0.438778	0.0	0.213469	-1.8002099999999999	-1.4462	0.338161	
1	-0.261818	0.9515319999999999	-0.16136099999999998	0.0	-0.127917	0.13150499999999998	0.983028	0.0	0.9566030000000001	0.278015	0.08728639999999999	0.0	-1.6649900000000002	-1.44422	-1.20032	0.125361	0.425604	-0.127979	-0.8958139999999999	0.0	-0.06422869999999999	-0.9917239999999999	0.11116600000000001	0.0	-0.9026270000000001	0.010224299999999999	-0.430302	0.0	0.159824	-1.77893	-1.4041	0.338186	
1	-0.273049	0.945226	-0.17886400000000002	0.0	-0.129446	0.14813800000000002	0.9804579999999999	0.0	0.9532510000000001	0.29086599999999996	0.0819072	0.0	-1.61286	-1.35814	-1.15529	0.125527	0.425674	-0.13223800000000002	-0.8951620000000001	0.0	-0.06919410000000001	-0.991125	0.11350999999999999	0.0	-0.902227	0.0136217	-0.431046	0.0	0.112785	-1.7663799999999998	-1.38707	0.33774499999999996	
1	-0.27745	0.943947	-0.178846	0.0	-0.127654	0.148283	0.980672	0.0	0.9522219999999999	0.294917	0.07935729999999999	0.0	-1.57413	-1.30392	-1.12566	0.125533	0.415071	-0.135978	-0.8995700000000001	0.0	-0.0684773	-0.990633	0.118146	0.0	-0.907208	0.0125611	-0.420495	0.0	0.10001499999999999	-1.7622200000000001	-1.3462	0.337529	
1	-0.293435	0.940148	-0.173258	0.0	-0.120173	0.143522	0.982324	0.0	0.9483959999999999	0.309069	0.07086619999999999	0.0	-1.5590899999999999	-1.2414399999999999	-1.1232	0.12550999999999998	0.40971499999999994	-0.135214	-0.9021370000000001	0.0	-0.0718656	-0.990664	0.115844	0.0	-0.909379	0.0173695	-0.41560699999999995	0.0	0.092375	-1.75273	-1.31254	0.337559	
1	-0.313756	0.9312370000000001	-0.185349	0.0	-0.122151	0.153996	0.980492	0.0	0.941614	0.330276	0.0654348	0.0	-1.53667	-1.19527	-1.1652799999999999	0.125227	0.402904	-0.13308499999999998	-0.905515	0.0	-0.0759178	-0.990822	0.11184300000000001	0.0	-0.9120879999999999	0.023682599999999998	-0.40931	0.0	0.07722319999999999	-1.74499	-1.29249	0.338633	
1	-0.31801	0.928098	-0.19366	0.0	-0.132443	0.158773	0.978392	0.0	0.9387909999999999	0.336787	0.072429	0.0	-1.5251700000000001	-1.1817600000000001	-1.1559	0.12521600000000002	0.387373	-0.12593	-0.9132819999999999	0.0	-0.0744403	-0.991665	0.10516400000000001	0.0	-0.9189129999999999	0.0272472	-0.393519	0.0	0.0781076	-1.7139799999999998	-1.2614299999999998	0.339138	
1	-0.318682	0.9276040000000001	-0.194916	0.0	-0.13353199999999998	0.159651	0.978101	0.0	0.938409	0.337731	0.0729868	0.0	-1.52626	-1.16941	-1.14642	0.125202	0.388924	-0.127201	-0.9124459999999999	0.0	-0.0783653	-0.9914	0.104805	0.0	-0.9179309999999999	0.030742900000000004	-0.395547	0.0	0.069985	-1.6984	-1.24891	0.339266	
1	-0.324854	0.92461	-0.198914	0.0	-0.140321	0.160873	0.976949	0.0	0.9352969999999999	0.34527800000000003	0.0774823	0.0	-1.51015	-1.17972	-1.11996	0.12504	0.37201	-0.112221	-0.9214200000000001	0.0	-0.0715211	-0.993179	0.092085	0.0	-0.9254690000000001	0.0316444	-0.377498	0.0	0.036136400000000006	-1.6678400000000002	-1.19839	0.33769499999999997	
1	-0.327707	0.9198	-0.215815	0.0	-0.15057	0.174664	0.9730469999999999	0.0	0.9327040000000001	0.35136999999999996	0.0812555	0.0	-1.5217399999999999	-1.20386	-1.09248	0.12495899999999999	0.347664	-0.0874808	-0.933529	0.0	-0.0514864	-0.995917	0.07415260000000001	0.0	-0.936205	0.022283900000000002	-0.350748	0.0	0.0421002	-1.6682099999999997	-1.17987	0.31911999999999996	
1	-0.372867	0.9059659999999999	-0.200488	0.0	-0.157378	0.15119100000000002	0.9758959999999999	0.0	0.914441	0.395432	0.0862054	0.0	-1.537	-1.33536	-1.0252700000000001	0.126307	0.31327	-0.053887800000000007	-0.948134	0.0	-0.0126741	-0.9985379999999999	0.0525648	0.0	-0.94958	-0.0044502	-0.31349499999999997	0.0	0.0424325	-1.67661	-1.151	0.171029	
1	-0.373904	0.906351	-0.196784	0.0	-0.15548900000000002	0.14791300000000002	0.976701	0.0	0.914341	0.39579000000000003	0.08562239999999999	0.0	-1.52166	-1.36166	-1.00491	0.125541	0.309383	-0.0510971	-0.949564	0.0	-0.00849692	-0.998664	0.050970800000000004	0.0	-0.9509	-0.00770115	-0.309404	0.0	0.056906399999999996	-1.70252	-1.13713	0.171032	
1	-0.368626	0.9082809999999999	-0.197838	0.0	-0.14743299999999998	0.153006	0.977166	0.0	0.9178120000000001	0.389377	0.0775088	0.0	-1.51617	-1.37204	-0.9964860000000001	0.12565	0.305473	-0.0543766	-0.9506469999999999	0.0	-0.0140666	-0.998517	0.0525948	0.0	-0.952097	-0.00269392	-0.305785	0.0	0.0613692	-1.72298	-1.1331	0.17085999999999998	
1	-0.368711	0.9081540000000001	-0.198261	0.0	-0.143484	0.155128	0.977419	0.0	0.9184030000000001	0.388833	0.07310830000000001	0.0	-1.52396	-1.36924	-0.9869879999999999	0.126744	0.303154	-0.0562275	-0.9512809999999999	0.0	-0.015321600000000001	-0.998416	0.0541308	0.0	-0.9528190000000001	-0.0018348	-0.303535	0.0	0.054358000000000004	-1.7240099999999998	-1.12545	0.170733	
1	-0.368424	0.908574	-0.19686800000000002	0.0	-0.144663	0.15315499999999999	0.977556	0.0	0.918333	0.388635	0.07501100000000001	0.0	-1.53598	-1.36668	-0.98611	0.125816	0.305101	-0.05367190000000001	-0.9508059999999999	0.0	-0.0146214	-0.9985569999999999	0.051675599999999995	0.0	-0.9522079999999999	-0.00186415	-0.305446	0.0	0.0410589	-1.7173900000000002	-1.12491	0.170653	
1	-0.368546	0.908334	-0.197745	0.0	-0.14488099999999998	0.153995	0.977392	0.0	0.91825	0.388863	0.07484589999999999	0.0	-1.53625	-1.36206	-0.9854	0.12686	0.305637	-0.0547055	-0.950575	0.0	-0.014600700000000001	-0.9985	0.052769100000000006	0.0	-0.9520360000000001	-0.00224909	-0.305977	0.0	0.0422358	-1.7159400000000002	-1.12152	0.17066199999999998	
1	-0.365098	0.911034	-0.191629	0.0	-0.149473	0.145804	0.977957	0.0	0.918891	0.385693	0.0829423	0.0	-1.5169	-1.33992	-0.9621629999999999	0.125987	0.311239	-0.0452976	-0.9492520000000001	0.0	-0.015375799999999998	-0.998973	0.0426289	0.0	-0.9502079999999999	0.00132777	-0.311616	0.0	0.0609428	-1.69212	-1.0950600000000001	0.170477	
1	-0.360033	0.914365	-0.18523699999999999	0.0	-0.14523	0.141202	0.9792700000000001	0.0	0.921566	0.379471	0.0819558	0.0	-1.4905700000000002	-1.33579	-0.9814200000000001	0.126038	0.312102	-0.0397509	-0.949217	0.0	-0.020140900000000003	-0.9991770000000001	0.0352207	0.0	-0.949835	0.00812562	-0.312645	0.0	0.085551	-1.69575	-1.11542	0.170513	
1	-0.355065	0.918091	-0.176177	0.0	-0.139266	0.134406	0.9810909999999999	0.0	0.9244100000000001	0.37288699999999997	0.080136	0.0	-1.48108	-1.32474	-0.9828020000000001	0.126458	0.310774	-0.0327422	-0.9499200000000001	0.0	-0.0247977	-0.999346	0.026333099999999995	0.0	-0.950161	0.0153722	-0.31138299999999997	0.0	0.0923463	-1.69205	-1.12242	0.170352	
1	-0.31092800000000004	0.937682	-0.155166	0.0	-0.11719600000000001	0.12418699999999999	0.9853139999999999	0.0	0.9431799999999999	0.324546	0.07127889999999999	0.0	-1.4834200000000002	-1.30874	-0.9780120000000001	0.135966	0.305881	-0.020910599999999998	-0.9518399999999999	0.0	-0.0357857	-0.9993049999999999	0.010453299999999999	0.0	-0.9513969999999999	0.030864799999999998	-0.306417	0.0	0.08038189999999999	-1.69439	-1.13913	0.17106500000000002	
1	-0.21920900000000001	0.968806	-0.115594	0.0	-0.0615725	0.104503	0.992617	0.0	0.973733	0.224708	0.03674380000000001	0.0	-1.5073	-1.19176	-0.984392	0.336762	0.305226	0.0383194	-0.951509	0.0	0.028132099999999997	-0.999117	-0.0312124	0.0	-0.9518639999999999	-0.0172411	-0.306035	0.0	0.13416	-1.8064799999999999	-1.1148	0.171007	
1	-0.181382	0.979978	-0.08212380000000001	0.0	-0.0422892	0.0756591	0.996237	0.0	0.982503	0.184173	0.0277193	0.0	-1.5419999999999998	-1.2633299999999998	-1.0028	0.347369	0.299985	0.045444099999999994	-0.9528610000000001	0.0	0.036610699999999996	-0.998677	-0.036103199999999995	0.0	-0.953241	-0.0240545	-0.301252	0.0	0.233771	-1.7837900000000002	-1.11815	0.171008	
1	-0.169561	0.982857	-0.0723953	0.0	-0.041474199999999996	0.06627739999999999	0.9969389999999999	0.0	0.9846469999999999	0.172044	0.0295251	0.0	-1.5534299999999999	-1.28021	-1.00391	0.347547	0.29958	0.0471315	-0.9529059999999999	0.0	0.0380914	-0.9985729999999999	-0.037414800000000005	0.0	-0.95331	-0.0250888	-0.300948	0.0	0.255782	-1.76865	-1.1131	0.171007	
1	-0.058076699999999995	0.997376	0.0432347	0.0	0.018954099999999998	-0.042198599999999996	0.9989299999999999	0.0	0.998132	0.05883390000000001	-0.016453799999999998	0.0	-1.65628	-1.42726	-1.09985	0.348623	0.269611	0.0736994	-0.960145	0.0	0.066372	-0.9961180000000001	-0.0578232	0.0	-0.9606790000000001	-0.048137	-0.273456	0.0	0.385913	-1.6981	-1.08412	0.171016	
1	-0.0443646	0.9975639999999999	0.053830499999999996	0.0	0.0264601	-0.052691499999999995	0.99826	0.0	0.9986649999999999	0.045711699999999994	-0.0240581	0.0	-1.66562	-1.4329	-1.10236	0.348588	0.265113	0.0810558	-0.9608049999999999	0.0	0.07499760000000001	-0.995175	-0.0632615	0.0	-0.9612959999999999	-0.0552865	-0.269913	0.0	0.401461	-1.69375	-1.07935	0.171016	
2	0.07474650000000001	0.985342	0.153343	0.0	0.0860305	-0.159572	0.9834299999999999	0.0	0.9934850000000001	-0.0603158	-0.09669680000000001	0.0	-1.8756	-1.50035	-1.1876	0.348672	0.254226	0.16506600000000002	-0.9529540000000001	0.0	0.179784	-0.9762190000000001	-0.12113399999999999	0.0	-0.9502879999999999	-0.14053	-0.277856	0.0	0.646964	-1.5835	-1.0666	0.171009	
2	0.151375	0.9693430000000001	0.193544	0.0	0.10204400000000001	-0.210079	0.9723450000000001	0.0	0.983195	-0.127439	-0.130716	0.0	-1.95323	-1.5413	-1.23686	0.349589	0.227785	0.206727	-0.951514	0.0	0.236002	-0.9597870000000001	-0.152027	0.0	-0.944678	-0.189929	-0.267414	0.0	0.7576930000000001	-1.55454	-1.08879	0.171012	
2	0.35191	0.893963	0.27747	0.0	0.145927	-0.345204	0.927114	0.0	0.924589	-0.28576999999999997	-0.251934	0.0	-2.263	-1.7058200000000001	-1.4602700000000002	0.348503	0.0865198	0.40910100000000005	-0.908378	0.0	0.522274	-0.795085	-0.30833299999999997	0.0	-0.848377	-0.447745	-0.282454	0.0	1.10334	-1.50784	-1.01159	0.17102	
2	0.480372	0.830451	0.282123	0.0	0.184862	-0.41031000000000006	0.893013	0.0	0.8573620000000001	-0.376825	-0.35062	0.0	-2.5656	-1.86925	-1.7351	0.346904	-0.114455	0.500502	-0.858136	0.0	0.780648	-0.488925	-0.389282	0.0	-0.614401	-0.714458	-0.334756	0.0	1.34566	-1.7115599999999997	-1.0708	0.170917	
2	0.515463	0.81214	0.273363	0.0	0.201683	-0.425029	0.882426	0.0	0.8328399999999999	-0.399725	-0.38288099999999997	0.0	-2.72237	-1.9170200000000002	-1.85522	0.346914	-0.18948299999999998	0.5071359999999999	-0.840779	0.0	0.849877	-0.34413	-0.39910300000000004	0.0	-0.491737	-0.7901819999999999	-0.365797	0.0	1.5608799999999998	-1.8277299999999999	-1.20435	0.171011	
2	0.5333399999999999	0.806372	0.255564	0.0	0.20883400000000002	-0.418286	0.883983	0.0	0.819717	-0.41809300000000005	-0.391487	0.0	-2.84143	-1.98384	-1.9355200000000001	0.346902	-0.328858	0.439377	-0.835943	0.0	0.905546	-0.10451400000000001	-0.41117299999999996	0.0	-0.26802800000000004	-0.892202	-0.363506	0.0	2.0384700000000002	-2.1371700000000002	-1.4990299999999999	0.170933	
2	0.525687	0.81161	0.25484	0.0	0.205965	-0.412092	0.887558	0.0	0.825368	-0.41408900000000004	-0.383794	0.0	-2.7576099999999997	-2.0117599999999998	-1.94754	0.346876	-0.388873	0.403708	-0.8281290000000001	0.0	0.909402	0.0242604	-0.41521	0.0	-0.147533	-0.914566	-0.376567	0.0	2.37832	-2.31428	-1.74147	0.170927	
2	0.5268229999999999	0.810669	0.25548699999999996	0.0	0.202236	-0.411501	0.888689	0.0	0.825565	-0.41651400000000005	-0.380735	0.0	-2.69581	-2.03505	-1.9139400000000002	0.34681300000000004	-0.41037399999999996	0.392208	-0.8232659999999999	0.0	0.908452	0.0971957	-0.406532	0.0	-0.0794269	-0.9147270000000001	-0.396189	0.0	2.6886799999999997	-2.4148400000000003	-2.0186900000000003	0.170922	
2	0.5260520000000001	0.8108380000000001	0.256537	0.0	0.198825	-0.41054399999999996	0.8899	0.0	0.826885	-0.417127	-0.377183	0.0	-2.6793299999999998	-2.0449	-1.9039	0.346765	-0.41477200000000003	0.385606	-0.8241799999999999	0.0	0.9081239999999999	0.118452	-0.401597	0.0	-0.0572327	-0.9150280000000001	-0.399309	0.0	2.79155	-2.42807	-2.13786	0.170991	
2	0.523496	0.813841	0.25222100000000003	0.0	0.202204	-0.406235	0.891116	0.0	0.8276870000000001	-0.415496	-0.377224	0.0	-2.6534400000000002	-2.04061	-1.8964400000000001	0.34617600000000004	-0.38813600000000004	0.356603	-0.849815	0.0	0.921176	0.122076	-0.369502	0.0	-0.0280241	-0.9262459999999999	-0.37587600000000004	0.0	2.93177	-2.4198	-2.2151400000000003	0.171062	
2	0.522261	0.8136770000000001	0.25529	0.0	0.201264	-0.408509	0.890288	0.0	0.8286950000000001	-0.41358199999999995	-0.37711300000000003	0.0	-2.6417599999999997	-2.0394799999999997	-1.89419	0.346479	-0.378163	0.324299	-0.8670770000000001	0.0	0.925523	0.15268299999999999	-0.346548	0.0	0.0200026	-0.933551	-0.357885	0.0	3.15861	-2.5723599999999998	-2.33138	0.170955	
2	0.521302	0.813393	0.25813800000000003	0.0	0.199264	-0.410152	0.8899819999999999	0.0	0.829782	-0.412512	-0.375894	0.0	-2.62561	-2.04414	-1.88053	0.34667800000000004	-0.37809299999999996	0.293025	-0.8781700000000001	0.0	0.9242450000000001	0.173867	-0.339915	0.0	0.0530808	-0.940163	-0.336564	0.0	3.21624	-2.66235	-2.35853	0.170876	
2	0.520406	0.81353	0.25951199999999996	0.0	0.19828800000000002	-0.41072700000000006	0.889935	0.0	0.830578	-0.41167	-0.375058	0.0	-2.61531	-2.04874	-1.87356	0.346535	-0.375031	0.26604	-0.8880170000000001	0.0	0.925624	0.159874	-0.343017	0.0	0.050714300000000004	-0.9506120000000001	-0.306211	0.0	3.2225900000000003	-2.6945099999999997	-2.3849099999999996	0.170812	
2	0.518642	0.814042	0.26143099999999997	0.0	0.197871	-0.41175	0.8895559999999999	0.0	0.83178	-0.409631	-0.374626	0.0	-2.58319	-2.05298	-1.8683299999999998	0.346507	-0.390484	0.232077	-0.890877	0.0	0.9177350000000001	0.174546	-0.356786	0.0	0.0726978	-0.956909	-0.281143	0.0	3.22779	-2.8023599999999997	-2.40563	0.170882	
2	0.523122	0.811934	0.25905	0.0	0.194733	-0.409789	0.891152	0.0	0.8297129999999999	-0.415735	-0.37248000000000003	0.0	-2.55258	-2.06743	-1.8589200000000001	0.346499	-0.42861400000000005	0.17931	-0.885516	0.0	0.897244	0.199501	-0.393893	0.0	0.10603199999999999	-0.9633520000000001	-0.246394	0.0	3.3059	-2.97308	-2.40882	0.170877	
2	0.5262020000000001	0.81043	0.25751599999999997	0.0	0.193131	-0.408816	0.891948	0.0	0.8281379999999999	-0.41961000000000004	-0.371638	0.0	-2.54744	-2.07441	-1.86428	0.346548	-0.43646	0.171078	-0.883309	0.0	0.892733	0.204493	-0.40151	0.0	0.11194100000000001	-0.963802	-0.24198000000000003	0.0	3.3073699999999997	-3.00236	-2.40637	0.17086500000000002	
2	0.525517	0.8111119999999999	0.256766	0.0	0.19276300000000002	-0.407467	0.8926440000000001	0.0	0.828658	-0.419605	-0.370483	0.0	-2.54107	-2.08488	-1.86418	0.346694	-0.518271	0.10335	-0.848949	0.0	0.8463120000000001	0.20485	-0.491724	0.0	0.12308699999999999	-0.9733219999999999	-0.193634	0.0	3.3249199999999997	-3.23615	-2.32335	0.17113399999999998	
2	0.52558	0.81099	0.257024	0.0	0.193045	-0.40792399999999995	0.892374	0.0	0.8285530000000001	-0.419397	-0.370954	0.0	-2.53714	-2.08429	-1.86027	0.346441	-0.5777399999999999	0.11705399999999999	-0.8077840000000001	0.0	0.811916	0.183916	-0.554046	0.0	0.08371139999999999	-0.9759469999999999	-0.201294	0.0	3.3035400000000004	-3.2663900000000003	-2.29239	0.180199	
2	0.5250729999999999	0.81121	0.257365	0.0	0.192554	-0.407802	0.8925360000000001	0.0	0.828988	-0.41908999999999996	-0.37032800000000005	0.0	-2.53515	-2.08481	-1.86312	0.346381	-0.63118	0.0969324	-0.769556	0.0	0.7694479999999999	0.203329	-0.605481	0.0	0.0977826	-0.9743	-0.202922	0.0	3.3096699999999997	-3.4866800000000002	-2.17775	0.35152	
