0	-0.161391	0.985507	-0.0522322	0.0	0.231946	0.0893217	0.968619	0.0	0.959247	0.14421199999999998	-0.24300100000000002	0.0	-2.77252	2.02166	1.40362	-2.3603400000000002e-05	0.100695	0.97705	-0.18770599999999998	0.0	0.202062	-0.204816	-0.957717	0.0	-0.974182	0.05850930000000001	-0.218048	0.0	2.63265	2.02807	1.54342	0.006895	
0	-0.161391	0.985507	-0.0522322	0.0	0.231946	0.0893217	0.968619	0.0	0.959247	0.14421199999999998	-0.24300100000000002	0.0	-2.77252	2.02166	1.40362	-2.3603400000000002e-05	0.100695	0.97705	-0.18770599999999998	0.0	0.202062	-0.204816	-0.957717	0.0	-0.974182	0.05850930000000001	-0.218048	0.0	2.63265	2.02807	1.54342	0.006895	
0	-0.158199	0.9867469999999999	-0.0361145	0.0	0.226727	0.07189889999999999	0.971301	0.0	0.961025	0.14547000000000002	-0.235096	0.0	-2.7551099999999997	2.04067	1.45651	0.0	0.177102	0.9717610000000001	-0.155936	0.0	0.141505	-0.181936	-0.973075	0.0	-0.973967	0.150268	-0.16973	0.0	2.6402900000000002	1.98102	1.56772	0.0	
0	-0.129474	0.9914790000000001	-0.0143514	0.0	0.23579299999999997	0.044843	0.9707680000000001	0.0	0.96314	0.122306	-0.23959	0.0	-2.72323	2.0653799999999998	1.4894	0.0	0.173599	0.9739270000000001	-0.146047	0.0	0.12057899999999999	-0.168203	-0.97835	0.0	-0.977407	0.15223	-0.146635	0.0	2.65061	2.016	1.61555	0.0	
0	-0.06931799999999999	0.997187	0.028509100000000002	0.0	0.27785	-0.00814858	0.9605899999999999	0.0	0.9581200000000001	0.0745073	-0.27650399999999997	0.0	-2.69663	2.10514	1.52536	0.0	0.169883	0.97721	-0.127278	0.0	0.12895	-0.150088	-0.9802270000000001	0.0	-0.9769909999999999	0.150111	-0.151509	0.0	2.68635	2.03887	1.62134	0.140058	
0	0.0935249	0.9837020000000001	0.15357300000000002	0.0	0.329742	-0.176148	0.927493	0.0	0.939427	-0.0361044	-0.34084200000000003	0.0	-2.62181	2.15971	1.51867	0.343004	0.156139	0.986668	-0.0458925	0.0	0.186829	-0.0751255	-0.9795159999999999	0.0	-0.9699049999999999	0.144367	-0.196069	0.0	2.68487	1.9716599999999997	1.5321	0.345432	
0	0.28087	0.923631	0.260801	0.0	0.319616	-0.346244	0.8820209999999999	0.0	0.904963	-0.164378	-0.392457	0.0	-2.57707	2.04616	1.4318600000000001	0.345582	0.0725457	0.996923	0.029700999999999998	0.0	0.226814	0.0125086	-0.973858	0.0	-0.971232	0.0773859	-0.22520900000000002	0.0	2.64532	1.78557	1.43946	0.355076	
0	0.46929	0.8337459999999999	0.29091999999999996	0.0	0.279855	-0.45289300000000005	0.846504	0.0	0.837525	-0.315841	-0.445866	0.0	-2.51249	1.75745	1.23729	0.346954	-0.00937757	0.996099	0.087741	0.0	0.24611599999999997	0.08734460000000001	-0.965297	0.0	-0.969195	0.0125425	-0.245975	0.0	2.5777900000000002	1.50134	1.2589	0.355673	
0	0.539239	0.795957	0.275088	0.0	0.24305900000000003	-0.459844	0.854088	0.0	0.806315	-0.39369499999999996	-0.441431	0.0	-2.46497	1.44859	1.03157	0.348719	-0.07294060000000001	0.992927	0.0936738	0.0	0.255686	0.109402	-0.96055	0.0	-0.9640040000000001	-0.046112	-0.261857	0.0	2.50142	1.2554	1.0617	0.356184	
0	0.680475	0.6881510000000001	0.251799	0.0	0.194217	-0.50071	0.8435459999999999	0.0	0.706565	-0.525108	-0.474371	0.0	-2.44276	1.07985	0.76962	0.34974299999999997	-0.185977	0.9800969999999999	0.06943889999999998	0.0	0.250895	0.115699	-0.961075	0.0	-0.949981	-0.16131600000000001	-0.267419	0.0	2.35745	0.8702799999999999	0.863772	0.35720799999999997	
0	0.778306	0.5979770000000001	0.191475	0.0	0.15374300000000002	-0.477166	0.8652610000000001	0.0	0.608772	-0.644	-0.463316	0.0	-2.46106	0.6057779999999999	0.49801000000000006	0.34875900000000004	-0.30273	0.951421	0.056155899999999995	0.0	0.24611100000000002	0.13496	-0.9598	0.0	-0.920752	-0.27674	-0.275012	0.0	2.17033	0.421587	0.5785279999999999	0.356429	
0	0.8611	0.491888	0.128656	0.0	0.128272	-0.45503299999999997	0.881187	0.0	0.491989	-0.742287	-0.454925	0.0	-2.4567799999999997	0.189023	0.245056	0.350578	-0.400729	0.9153540000000001	0.039281	0.0	0.24024099999999998	0.14635399999999998	-0.959617	0.0	-0.8841379999999999	-0.375109	-0.278554	0.0	1.99721	0.023472	0.283867	0.356944	
0	0.925039	0.37604499999999996	0.053791599999999995	0.0	0.10301700000000001	-0.384629	0.9173049999999999	0.0	0.365638	-0.843001	-0.39453499999999997	0.0	-2.44123	-0.30640100000000003	0.12626500000000002	0.34866199999999997	-0.472246	0.8813280000000001	0.0156616	0.0	0.214466	0.132116	-0.9677549999999999	0.0	-0.854979	-0.45366000000000006	-0.251406	0.0	1.83477	-0.365456	0.0740265	0.357486	
0	0.969317	0.244377	-0.026520699999999998	0.0	0.107302	-0.323588	0.9400950000000001	0.0	0.221156	-0.9140959999999999	-0.339882	0.0	-2.49476	-0.808996	-0.00551955	0.349416	-0.536319	0.8439180000000001	-0.012830600000000001	0.0	0.218748	0.124302	-0.967832	0.0	-0.815176	-0.5218729999999999	-0.251271	0.0	1.6832	-0.706711	-0.12209	0.357592	
0	0.9881620000000001	0.152058	-0.02037	0.0	0.06245850000000001	-0.277461	0.9587040000000001	0.0	0.140127	-0.948627	-0.283674	0.0	-2.65328	-1.2458200000000001	-0.19656099999999999	0.349504	-0.571044	0.820901	-0.00546944	0.0	0.205114	0.13622599999999999	-0.969211	0.0	-0.794882	-0.554584	-0.24616999999999997	0.0	1.60415	-0.9313530000000001	-0.229442	0.35747199999999996	
0	0.988042	0.153865	0.00996167	0.0	0.0298931	-0.25453899999999996	0.966601	0.0	0.15126199999999998	-0.954744	-0.25609499999999996	0.0	-2.68762	-1.5364799999999998	-0.36093200000000003	0.348506	-0.578741	0.815342	-0.016631200000000002	0.0	0.203003	0.12428299999999999	-0.971259	0.0	-0.789841	-0.565483	-0.237445	0.0	1.55518	-1.06195	-0.28578000000000003	0.357543	
0	0.99241	0.11876500000000001	0.0318877	0.0	-0.00650484	-0.208247	0.9780549999999999	0.0	0.122799	-0.9708389999999999	-0.205894	0.0	-2.64164	-1.8825900000000002	-0.47461899999999996	0.348057	-0.580531	0.8141149999999999	-0.014188999999999998	0.0	0.196925	0.123472	-0.972613	0.0	-0.7900659999999999	-0.567426	-0.23199899999999998	0.0	1.53728	-1.10788	-0.2994	0.35772600000000004	
0	0.9956280000000001	0.0625473	0.0693806	0.0	-0.0525121	-0.23950300000000002	0.969475	0.0	0.0772548	-0.968879	-0.235171	0.0	-2.66682	-2.0499400000000003	-0.706483	0.347625	-0.585529	0.810331	-0.0227999	0.0	0.202212	0.11876199999999999	-0.9721139999999999	0.0	-0.785026	-0.573811	-0.233397	0.0	1.53624	-1.11408	-0.288929	0.357591	
0	0.9946879999999999	0.0567345	0.085892	0.0	-0.06926689999999999	-0.248338	0.966194	0.0	0.0761468	-0.9670110000000001	-0.243089	0.0	-2.66045	-2.1642200000000003	-0.9040600000000001	0.347419	-0.58327	0.8119	-0.0247791	0.0	0.197971	0.11250399999999999	-0.9737299999999999	0.0	-0.787784	-0.572853	-0.22635300000000003	0.0	1.53944	-1.1180299999999999	-0.27000799999999997	0.357695	
0	0.9906510000000001	0.0746743	0.11417000000000001	0.0	-0.09076369999999999	-0.264013	0.960239	0.0	0.10184700000000001	-0.9616239999999999	-0.254767	0.0	-2.52474	-2.23999	-1.06821	0.348128	-0.583494	0.811663	-0.027161400000000002	0.0	0.19880699999999998	0.110332	-0.973809	0.0	-0.787408	-0.573611	-0.225742	0.0	1.5426	-1.1183	-0.224804	0.357575	
0	0.990132	0.0793192	0.11552899999999999	0.0	-0.09121939999999999	-0.26103200000000004	0.9610110000000001	0.0	0.10638299999999999	-0.962066	-0.251221	0.0	-2.41161	-2.31025	-1.17534	0.34755199999999997	-0.584548	0.8107949999999999	-0.0302452	0.0	0.19581300000000001	0.104801	-0.975025	0.0	-0.7873760000000001	-0.575872	-0.22002600000000003	0.0	1.54958	-1.11312	-0.174034	0.357662	
0	0.990075	0.07546230000000001	0.11856099999999999	0.0	-0.0953206	-0.259343	0.9610700000000001	0.0	0.103272	-0.9628329999999999	-0.249575	0.0	-2.34275	-2.35977	-1.23596	0.347524	-0.5846779999999999	0.810665	-0.0312	0.0	0.19416	0.102487	-0.9756020000000001	0.0	-0.7876890000000001	-0.576471	-0.21732100000000001	0.0	1.55213	-1.11585	-0.15445699999999998	0.357589	
0	0.9903430000000001	0.0703197	0.119485	0.0	-0.0976688	-0.257808	0.961247	0.0	0.09839869999999999	-0.963634	-0.24845	0.0	-2.31713	-2.37954	-1.25661	0.34780300000000003	-0.583703	0.811499	-0.0275579	0.0	0.192902	0.105625	-0.9755159999999999	0.0	-0.78872	-0.574728	-0.218194	0.0	1.5554299999999999	-1.11998	-0.126223	0.357741	
0	0.991149	0.0684179	0.11376800000000001	0.0	-0.09342080000000001	-0.24941799999999997	0.963879	0.0	0.09432230000000001	-0.9659760000000001	-0.24081799999999998	0.0	-2.31871	-2.37839	-1.28619	0.34779099999999996	-0.5811689999999999	0.813413	-0.024525400000000003	0.0	0.18995499999999998	0.10629100000000001	-0.976022	0.0	-0.791303	-0.571892	-0.21628499999999998	0.0	1.5569899999999999	-1.13001	-0.112158	0.357879	
0	0.991715	0.07774	0.102265	0.0	-0.08287230000000001	-0.22109	0.971726	0.0	0.0981517	-0.97215	-0.21281599999999998	0.0	-2.35445	-2.33123	-1.2718200000000002	0.34760599999999997	-0.579984	0.8143020000000001	-0.023012400000000002	0.0	0.193242	0.11008399999999999	-0.9749559999999999	0.0	-0.791376	-0.569906	-0.221205	0.0	1.55274	-1.1347399999999999	-0.120951	0.35771	
0	0.9911190000000001	0.112193	0.0713842	0.0	-0.0470525	-0.20620500000000003	0.977377	0.0	0.124374	-0.9720559999999999	-0.199095	0.0	-2.36765	-2.17239	-1.17947	0.34765100000000004	-0.577973	0.815743	-0.0226062	0.0	0.19247999999999998	0.109352	-0.975189	0.0	-0.793031	-0.567984	-0.220217	0.0	1.54376	-1.13165	-0.113318	0.357846	
0	0.99064	0.120983	0.0632129	0.0	-0.0375356	-0.203801	0.9782930000000001	0.0	0.13124	-0.9715090000000001	-0.197352	0.0	-2.35734	-2.11975	-1.13808	0.347625	-0.5781270000000001	0.815657	-0.021746900000000003	0.0	0.192031	0.110109	-0.9751920000000001	0.0	-0.793028	-0.5679609999999999	-0.22028899999999998	0.0	1.53978	-1.13375	-0.11049	0.35783400000000004	
0	0.9906360000000001	0.121055	0.063136	0.0	-0.0374473	-0.203786	0.978299	0.0	0.131294	-0.9715020000000001	-0.197344	0.0	-2.3574900000000003	-2.12091	-1.13896	0.34763	-0.578126	0.815658	-0.021744299999999998	0.0	0.19203	0.11011099999999999	-0.9751920000000001	0.0	-0.793029	-0.56796	-0.22028899999999998	0.0	1.53985	-1.13374	-0.11053900000000001	0.357833	
0	0.9906360000000001	0.121055	0.06313640000000001	0.0	-0.0374477	-0.203786	0.978299	0.0	0.131294	-0.9715020000000001	-0.197344	0.0	-2.3575	-2.12092	-1.13896	0.34763	-0.578126	0.815658	-0.021744299999999998	0.0	0.19203	0.11011099999999999	-0.9751920000000001	0.0	-0.793029	-0.56796	-0.22028899999999998	0.0	1.53985	-1.13374	-0.11053900000000001	0.357833	
0	0.9906360000000001	0.121055	0.06313640000000001	0.0	-0.0374477	-0.203786	0.978299	0.0	0.131294	-0.9715020000000001	-0.197344	0.0	-2.3575	-2.12092	-1.13896	0.34763	-0.578126	0.815658	-0.021744299999999998	0.0	0.19203	0.11011099999999999	-0.9751920000000001	0.0	-0.793029	-0.56796	-0.22028899999999998	0.0	1.53985	-1.13374	-0.11053900000000001	0.357833	
0	0.9498780000000001	0.310936	-0.032407099999999994	0.0	0.115932	-0.254083	0.960209	0.0	0.290329	-0.915839	-0.277395	0.0	-2.33376	-2.06377	-1.09172	0.347629	-0.5068739999999999	0.860099	-0.057516899999999996	0.0	0.214658	0.06131759999999999	-0.9747629999999999	0.0	-0.834866	-0.506429	-0.21570799999999998	0.0	1.50281	-1.12158	-0.0400404	0.35772800000000005	
0	0.9649790000000001	0.261284	-0.023394799999999997	0.0	0.08562739999999999	-0.22943000000000002	0.9695520000000001	0.0	0.24795999999999999	-0.9376	-0.24376799999999998	0.0	-2.30004	-2.14831	-0.966464	0.347934	-0.48763	0.87075	-0.0633387	0.0	0.217293	0.0507799	-0.974785	0.0	-0.845578	-0.489097	-0.213969	0.0	1.49577	-1.07339	-0.0213545	0.35774	
0	0.9865780000000001	0.162582	-0.015187200000000001	0.0	0.047167400000000005	-0.194702	0.979728	0.0	0.156329	-0.9672940000000001	-0.199758	0.0	-2.285	-2.49281	-1.02885	0.348453	-0.474663	0.877899	-0.063152	0.0	0.211376	0.0440481	-0.9764120000000001	0.0	-0.85441	-0.476815	-0.206474	0.0	1.46328	-1.04427	0.011825200000000001	0.357827	
0	0.994509	0.10365999999999999	-0.0143428	0.0	0.0304959	-0.15597	0.987291	0.0	0.100106	-0.9823069999999999	-0.158275	0.0	-2.3388	-2.87515	-1.15588	0.34710599999999997	-0.471567	0.8797219999999999	-0.060949500000000004	0.0	0.209037	0.044369900000000004	-0.976901	0.0	-0.8566959999999999	-0.473415	-0.20481799999999997	0.0	1.44271	-1.02896	0.0276238	0.359533	
0	0.997826	0.06444710000000001	-0.0137816	0.0	0.023577599999999997	-0.15381	0.987819	0.0	0.0615423	-0.9859959999999999	-0.154995	0.0	-2.43014	-3.2422400000000002	-1.40911	0.34730900000000003	-0.471412	0.8797950000000001	-0.061086	0.0	0.209612	0.044494599999999995	-0.976772	0.0	-0.856641	-0.47326599999999996	-0.205391	0.0	1.42651	-1.0268899999999999	0.010629399999999999	0.35777600000000004	
0	0.998575	0.052497699999999994	-0.00961007	0.0	0.0168726	-0.139704	0.99005	0.0	0.0506327	-0.988801	-0.14039100000000002	0.0	-2.48942	-3.5621	-1.6535	0.347075	-0.472109	0.8794299999999999	-0.0609717	0.0	0.207409	0.0435884	-0.977283	0.0	-0.8567940000000001	-0.47403	-0.20298	0.0	1.4213	-1.02304	0.00430611	0.357908	
0	0.9995299999999999	0.028526799999999998	-0.0112554	0.0	0.01486	-0.129477	0.9914709999999999	0.0	0.0268262	-0.9911719999999999	-0.12984	0.0	-2.4596400000000003	-3.6146800000000003	-1.69917	0.352976	-0.471141	0.8797459999999999	-0.063821	0.0	0.21095	0.042126	-0.9765889999999999	0.0	-0.8564620000000001	-0.473574	-0.20543000000000003	0.0	1.4196799999999998	-1.02147	-0.00873091	0.35783899999999996	
0	0.999877	0.0156824	-0.00034587699999999997	0.0	0.00300209	-0.169672	0.9854959999999999	0.0	0.0153963	-0.985376	-0.16969800000000002	0.0	-2.44691	-3.6123800000000004	-1.68825	0.364683	-0.46827399999999997	0.8813049999999999	-0.0634146	0.0	0.210635	0.0416418	-0.976678	0.0	-0.85811	-0.47071	-0.205134	0.0	1.4288299999999998	-1.01902	0.00212775	0.35799200000000003	
0	0.999985	0.00522445	0.00193935	0.0	-0.000789442	-0.211691	0.9773360000000001	0.0	0.00551659	-0.9773229999999999	-0.211684	0.0	-2.43854	-3.60835	-1.6706299999999998	0.372475	-0.46651099999999995	0.8820530000000001	-0.0659573	0.0	0.208195	0.037026199999999995	-0.9773860000000001	0.0	-0.859665	-0.469693	-0.20091199999999998	0.0	1.4397799999999998	-1.02436	0.0113864	0.35785300000000003	
0	0.999991	0.00121559	-0.00399466	0.0	0.00416015	-0.20803000000000002	0.9781139999999999	0.0	0.000357975	-0.9781219999999999	-0.20803400000000002	0.0	-2.43167	-3.60436	-1.68973	0.361592	-0.46792700000000004	0.880883	-0.0713437	0.0	0.209092	0.0319111	-0.977375	0.0	-0.858676	-0.472258	-0.19911800000000002	0.0	1.44747	-1.0145600000000001	0.030427199999999998	0.357849	
0	0.999375	0.0104334	-0.0337818	0.0	0.0350024	-0.157122	0.986959	0.0	0.0049895	-0.987524	-0.157389	0.0	-2.4226	-3.6122099999999997	-1.74685	0.356442	-0.46116599999999996	0.884164	-0.0747012	0.0	0.208056	0.0259082	-0.977774	0.0	-0.862577	-0.466458	-0.195903	0.0	1.46181	-0.9825940000000001	0.04808219999999999	0.357892	
0	0.997483	0.0493814	-0.050882199999999995	0.0	0.0576164	-0.146242	0.9875700000000001	0.0	0.0413264	-0.988016	-0.14871900000000002	0.0	-2.44464	-3.6125199999999995	-1.7578	0.357835	-0.45999300000000004	0.884878	-0.07346710000000001	0.0	0.209412	0.0277087	-0.977435	0.0	-0.862875	-0.46499799999999997	-0.19805	0.0	1.46331	-0.971535	0.0345338	0.357765	
0	0.991028	0.0635755	-0.117566	0.0	0.12196400000000002	-0.07039880000000001	0.990035	0.0	0.0546655	-0.995491	-0.0775211	0.0	-2.44548	-3.6151800000000005	-1.81292	0.292391	-0.458333	0.886467	-0.06408380000000001	0.0	0.209952	0.037925099999999996	-0.9769760000000001	0.0	-0.863627	-0.46123500000000006	-0.203498	0.0	1.4586	-0.972309	-0.00148266	0.35784699999999997	
0	0.9887520000000001	0.0647064	-0.134844	0.0	0.13760799999999998	-0.0403277	0.9896659999999999	0.0	0.0585997	-0.9970889999999999	-0.0487782	0.0	-2.44252	-3.59544	-1.7541799999999999	0.156048	-0.45816599999999996	0.886976	-0.057946300000000006	0.0	0.213684	0.0466299	-0.9757889999999999	0.0	-0.862799	-0.45945600000000003	-0.21089699999999997	0.0	1.44928	-0.9977889999999999	-0.0496008	0.357502	
0	0.989079	0.06918969999999999	-0.130137	0.0	0.132186	-0.0258995	0.990886	0.0	0.0651886	-0.997267	-0.0347626	0.0	-2.45263	-3.5969900000000004	-1.77698	0.156306	-0.455404	0.8880120000000001	-0.06358630000000001	0.0	0.208882	0.0371469	-0.9772350000000001	0.0	-0.865434	-0.458319	-0.202407	0.0	1.44838	-1.02472	-0.0289152	0.357543	
0	0.989598	0.0685377	-0.12648199999999998	0.0	0.127951	-0.017464	0.991627	0.0	0.065755	-0.9974959999999999	-0.0260519	0.0	-2.45899	-3.59214	-1.78004	0.155854	-0.45736499999999997	0.887317	-0.0590396	0.0	0.20992800000000003	0.043215699999999996	-0.9767610000000001	0.0	-0.8641459999999999	-0.45913100000000007	-0.206038	0.0	1.45026	-1.02499	-0.012713200000000001	0.357646	
0	0.990022	0.07362300000000001	-0.120147	0.0	0.12188	-0.019513	0.992353	0.0	0.0707156	-0.9970950000000001	-0.0282915	0.0	-2.46752	-3.5971699999999998	-1.77587	0.15597	-0.459554	0.886407	-0.0556216	0.0	0.214617	0.050060400000000005	-0.9754149999999999	0.0	-0.8618299999999999	-0.460193	-0.213243	0.0	1.44638	-1.0329	-0.0510189	0.357275	
0	0.983189	0.09579560000000001	-0.155444	0.0	0.163787	-0.086408	0.9827040000000001	0.0	0.0807071	-0.9916440000000001	-0.100645	0.0	-2.50223	-3.59006	-1.7708700000000002	0.156385	-0.454875	0.8890020000000001	-0.052573699999999994	0.0	0.217754	0.053786900000000006	-0.9745209999999999	0.0	-0.8635229999999999	-0.454734	-0.21805	0.0	1.44499	-1.0359	-0.081759	0.357108	
0	0.981331	0.114747	-0.15434900000000001	0.0	0.170622	-0.149032	0.974001	0.0	0.088761	-0.982152	-0.165828	0.0	-2.54515	-3.5877	-1.75794	0.15603599999999998	-0.44706999999999997	0.8930040000000001	-0.05170159999999999	0.0	0.214513	0.050921100000000004	-0.9753930000000001	0.0	-0.868397	-0.44716000000000006	-0.21432600000000002	0.0	1.44658	-1.03736	-0.09546639999999999	0.357309	
0	0.9784870000000001	0.120039	-0.167791	0.0	0.189776	-0.204698	0.960252	0.0	0.080921	-0.9714370000000001	-0.223075	0.0	-2.61518	-3.24732	-1.66125	0.155067	-0.43337200000000003	0.8995270000000001	-0.055136300000000006	0.0	0.216033	0.0442938	-0.9753809999999999	0.0	-0.8749389999999999	-0.43461400000000006	-0.213523	0.0	1.44426	-1.0459	-0.11139	0.357792	
0	0.9776729999999999	0.13439500000000001	-0.16153499999999998	0.0	0.193933	-0.281119	0.939873	0.0	0.08090399999999999	-0.950216	-0.300906	0.0	-2.82551	-2.69758	-1.57103	0.155129	-0.42289	0.904515	-0.05492330000000001	0.0	0.21643800000000002	0.0419644	-0.9753940000000001	0.0	-0.8799540000000001	-0.424372	-0.21351799999999999	0.0	1.43469	-1.07785	-0.145729	0.35796500000000003	
0	0.972932	0.202483	-0.11137000000000001	0.0	0.17710399999999998	-0.343752	0.9222090000000001	0.0	0.148447	-0.9169709999999999	-0.37030799999999997	0.0	-2.85474	-1.9608700000000001	-1.5875700000000001	0.155826	-0.382875	0.9209709999999999	-0.07224850000000001	0.0	0.23342	0.0207759	-0.9721540000000001	0.0	-0.893824	-0.38907800000000003	-0.222927	0.0	1.42992	-1.08475	-0.255377	0.358404	
0	0.9444370000000001	0.327798	-0.0242365	0.0	0.146429	-0.353575	0.923874	0.0	0.294275	-0.8760889999999999	-0.381929	0.0	-2.7483	-1.64793	-1.48559	0.15581199999999998	-0.32504099999999997	0.9417459999999999	-0.0863931	0.0	0.24679099999999998	-0.00371969	-0.9690620000000001	0.0	-0.9129309999999999	-0.336306	-0.231206	0.0	1.42325	-1.1058700000000001	-0.37449099999999996	0.358952	
4	0.864359	0.49726099999999995	0.07493	0.0	0.13384300000000002	-0.37111500000000003	0.918891	0.0	0.48473599999999994	-0.784223	-0.387332	0.0	-2.5221299999999998	-1.4064299999999998	-1.42486	0.155388	-0.226877	0.966251	-0.12201300000000001	0.0	0.27621999999999997	-0.05629630000000001	-0.9594440000000001	0.0	-0.933932	-0.25137800000000005	-0.254126	0.0	1.39598	-1.1571200000000001	-0.581563	0.358718	
4	0.7473569999999999	0.64081	0.175555	0.0	0.10988599999999998	-0.379794	0.918522	0.0	0.655273	-0.6671729999999999	-0.354258	0.0	-2.36992	-1.24278	-1.43508	0.15538	-0.0951386	0.9785659999999999	-0.18263900000000002	0.0	0.291611	-0.148026	-0.9450139999999999	0.0	-0.951794	-0.14316700000000002	-0.271278	0.0	1.3431799999999998	-1.22514	-0.8477379999999999	0.35890700000000003	
4	0.61179	0.763813	0.205677	0.0	0.08378669999999999	-0.321126	0.9433229999999999	0.0	0.78657	-0.559883	-0.260459	0.0	-2.25192	-1.26821	-1.5084899999999999	0.15539	-0.0230821	0.974505	-0.223175	0.0	0.305185	-0.205711	-0.929809	0.0	-0.9520129999999999	-0.0895716	-0.29265599999999997	0.0	1.24773	-1.30011	-1.1026	0.358234	
4	0.48753900000000006	0.8379690000000001	0.24518099999999998	0.0	0.04150569999999999	-0.302743	0.952168	0.0	0.872114	-0.45404300000000003	-0.18237899999999999	0.0	-2.12184	-1.48793	-1.6330200000000001	0.155378	0.0349194	0.9679139999999999	-0.248842	0.0	0.29239699999999996	-0.247993	-0.923582	0.0	-0.955659	-0.0405098	-0.291675	0.0	1.03016	-1.33555	-1.2748700000000002	0.358901	
4	0.371564	0.902882	0.216203	0.0	0.000538051	-0.233085	0.972456	0.0	0.928407	-0.361213	-0.0870917	0.0	-2.02238	-1.7282799999999998	-1.7452	0.15581	0.0488331	0.9666600000000001	-0.251364	0.0	0.286621	-0.25464200000000003	-0.923583	0.0	-0.956799	-0.0269445	-0.2895	0.0	0.862293	-1.3404200000000002	-1.43957	0.357946	
4	0.265558	0.9380700000000001	0.222496	0.0	-0.029231299999999998	-0.222842	0.974416	0.0	0.9636520000000001	-0.265268	-0.0317565	0.0	-1.8634700000000002	-1.8486799999999999	-1.85008	0.15581199999999998	0.0581304	0.970076	-0.23574099999999998	0.0	0.292223	-0.242331	-0.9251389999999999	0.0	-0.9545819999999999	-0.0151101	-0.297565	0.0	0.7093189999999999	-1.30647	-1.60194	0.358281	
4	0.104085	0.976878	0.18675	0.0	-0.07930219999999999	-0.17902	0.9806440000000001	0.0	0.991402	-0.11688	0.0588352	0.0	-1.6513799999999998	-2.00875	-2.0058599999999998	0.155389	0.0641844	0.974376	-0.215574	0.0	0.311737	-0.224786	-0.9231959999999999	0.0	-0.947998	-0.00794756	-0.318177	0.0	0.579153	-1.1883700000000001	-1.84228	0.358144	
4	0.03885159999999999	0.985458	0.165417	0.0	-0.10894300000000001	-0.160378	0.981025	0.0	0.993288	-0.056135500000000005	0.101128	0.0	-1.50852	-2.04791	-2.05765	0.155805	0.06776130000000001	0.9747020000000001	-0.212988	0.0	0.316314	-0.22345399999999999	-0.9219620000000001	0.0	-0.9462309999999999	-0.00489759	-0.323454	0.0	0.5059859999999999	-1.1123100000000001	-1.9821799999999998	0.358243	
4	-0.07600549999999999	0.993554	0.08410980000000001	0.0	-0.154219	-0.0950524	0.983454	0.0	0.985109	0.0617765	0.160449	0.0	-1.40526	-2.0604400000000003	-2.09357	0.155384	0.056561099999999996	0.977398	-0.203701	0.0	0.32103200000000004	-0.210997	-0.923265	0.0	-0.945378	-0.013173599999999999	-0.32571100000000003	0.0	0.440608	-1.0719	-2.04383	0.358535	
4	-0.17132	0.984614	-0.034411300000000006	0.0	-0.21134299999999998	-0.00261384	0.9774079999999999	0.0	0.9622799999999999	0.17472200000000002	0.20853899999999997	0.0	-1.34425	-1.9469999999999998	-2.02047	0.155804	0.0150442	0.985367	-0.169781	0.0	0.34284699999999996	-0.16459000000000001	-0.92486	0.0	-0.939271	-0.044295	-0.340306	0.0	0.386962	-1.07609	-2.1005700000000003	0.358489	
4	-0.200494	0.973823	-0.107099	0.0	-0.24112199999999998	0.0569063	0.968825	0.0	0.949559	0.220067	0.22340100000000002	0.0	-1.36248	-1.87285	-1.9562	0.154869	-0.0311692	0.989716	-0.13960699999999998	0.0	0.34646	-0.12031700000000001	-0.9303170000000001	0.0	-0.9375469999999999	-0.0773652	-0.339147	0.0	0.350134	-1.07354	-2.1156200000000003	0.360847	
4	-0.20754499999999998	0.972109	-0.10922	0.0	-0.23295900000000003	0.0593221	0.970676	0.0	0.950082	0.22690300000000002	0.21415	0.0	-1.43842	-1.8035900000000002	-1.9275799999999998	0.154825	-0.0931709	0.9884790000000001	-0.119288	0.0	0.344814	-0.08036080000000001	-0.935225	0.0	-0.9340360000000001	-0.128268	-0.333354	0.0	0.336113	-1.1266399999999999	-2.0903	0.359554	
4	-0.215529	0.970219	-0.11055799999999999	0.0	-0.23722	0.057805499999999996	0.969735	0.0	0.9472459999999999	0.23523200000000002	0.217696	0.0	-1.48599	-1.62551	-1.85427	0.15441300000000002	-0.12223800000000001	0.986459	-0.109345	0.0	0.346263	-0.0608622	-0.936161	0.0	-0.93014	-0.15229600000000001	-0.334135	0.0	0.323761	-1.32136	-2.14811	0.359614	
4	-0.221719	0.9686799999999999	-0.111801	0.0	-0.226846	0.060269100000000006	0.9720639999999999	0.0	0.948357	0.240887	0.206379	0.0	-1.56019	-1.58971	-1.8698099999999998	0.154375	-0.18769	0.978936	-0.0803605	0.0	0.356035	-0.00844559	-0.934435	0.0	-0.91543	-0.203995	-0.34695	0.0	0.377409	-1.44086	-2.14985	0.359249	
4	-0.22754499999999997	0.960094	-0.16261	0.0	-0.246444	0.104775	0.963477	0.0	0.942066	0.259309	0.21276799999999998	0.0	-1.59235	-1.56013	-1.84725	0.15404400000000001	-0.250454	0.966717	-0.0522635	0.0	0.374239	0.0468865	-0.9261459999999999	0.0	-0.8928709999999999	-0.25151599999999996	-0.373526	0.0	0.47143999999999997	-1.6056	-2.22586	0.359018	
4	-0.224135	0.957699	-0.18049	0.0	-0.25461500000000004	0.121225	0.959414	0.0	0.94071	0.260994	0.216673	0.0	-1.58867	-1.55339	-1.8283200000000002	0.153901	-0.26908699999999997	0.9621870000000001	-0.0422916	0.0	0.377398	0.064941	-0.9237709999999999	0.0	-0.886094	-0.264536	-0.380602	0.0	0.49048500000000006	-1.6679400000000002	-2.2724599999999997	0.359663	
4	-0.225294	0.943641	-0.24245300000000003	0.0	-0.269429	0.178804	0.946276	0.0	0.9362959999999999	0.278514	0.21395999999999998	0.0	-1.60832	-1.51937	-1.79197	0.154548	-0.282893	0.958895	-0.0221681	0.0	0.395484	0.095557	-0.913489	0.0	-0.873822	-0.26718600000000003	-0.40626	0.0	0.5558310000000001	-1.758	-2.37243	0.362162	
4	-0.225055	0.939682	-0.257581	0.0	-0.27673400000000004	0.19183	0.9416049999999999	0.0	0.934221	0.283194	0.21686999999999998	0.0	-1.5653299999999999	-1.47822	-1.6879099999999998	0.15454	-0.287323	0.957723	-0.0145381	0.0	0.41313999999999995	0.110223	-0.9039729999999999	0.0	-0.8641530000000001	-0.265739	-0.42734300000000003	0.0	0.513337	-1.7874	-2.57672	0.359931	
4	-0.22668400000000002	0.939615	-0.256396	0.0	-0.278816	0.189628	0.9414370000000001	0.0	0.933207	0.284896	0.218994	0.0	-1.54565	-1.47485	-1.67146	0.154514	-0.289436	0.9568	-0.0275726	0.0	0.411937	0.0985076	-0.9058719999999999	0.0	-0.864022	-0.27355	-0.422653	0.0	0.478729	-1.8091099999999998	-2.65155	0.359862	
4	-0.22716399999999998	0.938008	-0.261797	0.0	-0.279908	0.19459300000000002	0.940098	0.0	0.9327639999999999	0.28683600000000004	0.21835100000000002	0.0	-1.53477	-1.48015	-1.67058	0.154477	-0.285983	0.957635	-0.0338932	0.0	0.41845200000000005	0.09298830000000001	-0.903466	0.0	-0.8620389999999999	-0.272559	-0.427317	0.0	0.45407700000000006	-1.80698	-2.6836599999999997	0.359946	
4	-0.223517	0.9349860000000001	-0.275394	0.0	-0.294049	0.20469500000000002	0.9336139999999999	0.0	0.9292879999999999	0.28965799999999997	0.229179	0.0	-1.47917	-1.47858	-1.62523	0.154494	-0.262867	0.9629469999999999	-0.06028290000000001	0.0	0.421864	0.0585203	-0.904769	0.0	-0.867717	-0.263265	-0.421616	0.0	0.39653299999999997	-1.80676	-2.7217	0.359742	
4	-0.217772	0.932255	-0.288923	0.0	-0.304004	0.21650999999999998	0.927742	0.0	0.9274459999999999	0.28986999999999996	0.23625900000000002	0.0	-1.4493	-1.4869999999999999	-1.61409	0.154415	-0.255117	0.964556	-0.0674283	0.0	0.42379300000000003	0.048863800000000006	-0.9044399999999999	0.0	-0.869088	-0.259314	-0.42123900000000003	0.0	0.374029	-1.80332	-2.72863	0.359302	
4	-0.203767	0.9448770000000001	-0.256296	0.0	-0.324919	0.18168199999999998	0.928127	0.0	0.92353	0.272397	0.269987	0.0	-1.39004	-1.53322	-1.6006799999999999	0.154071	-0.24363600000000002	0.9661360000000001	-0.0849841	0.0	0.414195	0.024415700000000002	-0.909861	0.0	-0.876975	-0.256875	-0.406117	0.0	0.31846599999999997	-1.8136900000000002	-2.6343099999999997	0.359242	
4	-0.20609	0.946327	-0.24898299999999998	0.0	-0.3293	0.172533	0.9283290000000001	0.0	0.9214600000000001	0.27331	0.276068	0.0	-1.38411	-1.5605	-1.60323	0.153791	-0.252343	0.963074	-0.0938722	0.0	0.404464	0.0168492	-0.914399	0.0	-0.8790520000000001	-0.26871	-0.393781	0.0	0.29425999999999997	-1.81787	-2.57782	0.35947399999999996	
4	-0.189781	0.958644	-0.21209899999999998	0.0	-0.310942	0.146221	0.9391139999999999	0.0	0.9312889999999999	0.24417600000000003	0.270332	0.0	-1.38175	-1.6079	-1.59348	0.154445	-0.284781	0.951541	-0.11605599999999999	0.0	0.41211400000000004	0.0122214	-0.91105	0.0	-0.865484	-0.307278	-0.395624	0.0	0.341252	-1.8585200000000002	-2.54102	0.35733899999999996	
4	-0.187539	0.964391	-0.186494	0.0	-0.2962	0.125501	0.946845	0.0	0.936533	0.23281	0.26211599999999996	0.0	-1.3999	-1.66115	-1.60677	0.154826	-0.35384699999999997	0.930422	-0.0954323	0.0	0.419583	0.0667196	-0.9052610000000001	0.0	-0.835908	-0.36036599999999996	-0.413998	0.0	0.42104899999999995	-1.8670400000000003	-2.53116	0.35639099999999996	
1	-0.19089	0.964884	-0.18044300000000002	0.0	-0.289472	0.120316	0.9495950000000001	0.0	0.937959	0.23350100000000001	0.25634	0.0	-1.41769	-1.6904	-1.6321	0.154508	-0.383565	0.920258	-0.07748780000000001	0.0	0.42454899999999995	0.10119299999999999	-0.899733	0.0	-0.8201440000000001	-0.37800300000000003	-0.429508	0.0	0.505808	-1.8753799999999998	-2.5213900000000002	0.357118	
1	-0.189084	0.9657450000000001	-0.17771800000000001	0.0	-0.288502	0.11835899999999999	0.9501360000000001	0.0	0.938624	0.230927	0.256239	0.0	-1.45071	-1.71226	-1.67213	0.154115	-0.46458299999999997	0.884833	-0.0351285	0.0	0.42058599999999996	0.18557200000000001	-0.8880709999999999	0.0	-0.779276	-0.427357	-0.458362	0.0	0.662189	-1.90415	-2.49492	0.358161	
1	-0.189939	0.965591	-0.177645	0.0	-0.285362	0.118832	0.951024	0.0	0.9394100000000001	0.231329	0.252972	0.0	-1.45944	-1.70048	-1.67557	0.154191	-0.5174979999999999	0.855295	-0.025822199999999997	0.0	0.412596	0.222977	-0.883202	0.0	-0.74964	-0.46770900000000004	-0.468282	0.0	0.766548	-1.9401400000000002	-2.50809	0.358194	
1	-0.19528199999999998	0.9659770000000001	-0.16957	0.0	-0.284369	0.10970099999999999	0.952418	0.0	0.938616	0.234211	0.253271	0.0	-1.46536	-1.7043	-1.67897	0.15420599999999998	-0.534367	0.844406	-0.037815800000000004	0.0	0.39916799999999997	0.212664	-0.891874	0.0	-0.745062	-0.491683	-0.4507	0.0	0.841726	-1.9366299999999999	-2.45549	0.358057	
1	-0.196849	0.9660120000000001	-0.167544	0.0	-0.28376	0.107439	0.952857	0.0	0.938473	0.235112	0.25296599999999997	0.0	-1.46445	-1.71039	-1.68071	0.154201	-0.533895	0.844219	-0.0474367	0.0	0.39499	0.199406	-0.896783	0.0	-0.7476229999999999	-0.497525	-0.43992	0.0	0.865557	-1.92589	-2.41987	0.357865	
1	-0.200706	0.966966	-0.157141	0.0	-0.285663	0.0956669	0.953543	0.0	0.937077	0.236271	0.257025	0.0	-1.43765	-1.73255	-1.6877	0.154184	-0.483029	0.872389	-0.0749682	0.0	0.394466	0.140371	-0.908126	0.0	-0.7817149999999999	-0.468224	-0.41193199999999996	0.0	0.863345	-1.88695	-2.3467	0.35839899999999997	
1	-0.20288699999999998	0.966726	-0.15581	0.0	-0.289865	0.09269329999999999	0.9525680000000001	0.0	0.935315	0.23842800000000003	0.261414	0.0	-1.41887	-1.7423	-1.6933599999999998	0.154143	-0.39908299999999997	0.9071100000000001	-0.133735	0.0	0.414575	0.0484185	-0.908726	0.0	-0.817839	-0.4181	-0.395388	0.0	0.8227450000000001	-1.83417	-2.31399	0.35796500000000003	
1	-0.20533099999999999	0.96916	-0.136262	0.0	-0.289122	0.0729473	0.954509	0.0	0.9350120000000001	0.235386	0.265227	0.0	-1.36834	-1.7829700000000002	-1.69828	0.15418900000000002	-0.313947	0.9275180000000001	-0.20285	0.0	0.424654	-0.053914800000000006	-0.903749	0.0	-0.8491799999999999	-0.369871	-0.376948	0.0	0.690447	-1.75708	-2.24739	0.358219	
1	-0.20700300000000002	0.9698620000000001	-0.128519	0.0	-0.28929699999999997	0.0648094	0.955043	0.0	0.9345889999999999	0.234877	0.267163	0.0	-1.33145	-1.8151700000000002	-1.70353	0.15420999999999999	-0.258153	0.930384	-0.260273	0.0	0.43365600000000004	-0.129146	-0.891776	0.0	-0.8633069999999999	-0.34308299999999997	-0.370127	0.0	0.587324	-1.7186700000000001	-2.17599	0.35846	
1	-0.20713800000000002	0.969944	-0.127685	0.0	-0.290682	0.0636014	0.9547040000000001	0.0	0.9341299999999999	0.234871	0.268771	0.0	-1.31569	-1.84368	-1.7134	0.154203	-0.22952399999999998	0.930896	-0.284167	0.0	0.43382	-0.16351	-0.8860389999999999	0.0	-0.871274	-0.326644	-0.36631199999999997	0.0	0.49249899999999996	-1.72754	-2.16764	0.358183	
1	-0.203759	0.969686	-0.134873	0.0	-0.29387199999999997	0.07083099999999999	0.953217	0.0	0.933874	0.233862	0.270532	0.0	-1.30768	-1.8444099999999999	-1.71305	0.154149	-0.200784	0.92786	-0.314264	0.0	0.44066000000000005	-0.200966	-0.8748889999999999	0.0	-0.8749309999999999	-0.31414699999999995	-0.368521	0.0	0.422853	-1.7429700000000001	-2.17801	0.35798	
1	-0.21017399999999997	0.968102	-0.136401	0.0	-0.295249	0.0701527	0.9528409999999999	0.0	0.932017	0.240535	0.27108699999999997	0.0	-1.3152	-1.84231	-1.68399	0.154116	-0.185066	0.920796	-0.343344	0.0	0.444101	-0.23330700000000001	-0.8650680000000001	0.0	-0.876656	-0.31257399999999996	-0.365749	0.0	0.384726	-1.7760099999999999	-2.16876	0.35828499999999996	
1	-0.202213	0.969295	-0.139921	0.0	-0.292103	0.0766747	0.953309	0.0	0.934765	0.233643	0.267629	0.0	-1.3058	-1.8436299999999999	-1.66215	0.153824	-0.175729	0.9204319999999999	-0.34917800000000004	0.0	0.44084399999999996	-0.24356799999999998	-0.8639049999999999	0.0	-0.8802139999999999	-0.305746	-0.362964	0.0	0.374593	-1.81237	-2.14874	0.358555	
1	-0.211389	0.9659129999999999	-0.149419	0.0	-0.29484099999999996	0.0827345	0.951958	0.0	0.9318709999999999	0.245288	0.267301	0.0	-1.28696	-1.8315	-1.62368	0.155192	-0.172727	0.921537	-0.347758	0.0	0.43617700000000004	-0.244996	-0.865867	0.0	-0.883128	-0.301243	-0.359636	0.0	0.340117	-1.84107	-2.1581900000000003	0.35785100000000003	
1	-0.210981	0.965476	-0.152783	0.0	-0.298469	0.0852069	0.950608	0.0	0.930808	0.24616100000000002	0.270187	0.0	-1.29561	-1.8218	-1.58455	0.155164	-0.18736	0.9205690000000001	-0.34271	0.0	0.427565	-0.237675	-0.872181	0.0	-0.8843559999999999	-0.309942	-0.349072	0.0	0.341072	-1.89632	-2.1630599999999998	0.267778	
1	-0.216625	0.967046	-0.133779	0.0	-0.291056	0.06682619999999999	0.954369	0.0	0.931858	0.245677	0.266988	0.0	-1.3060399999999999	-1.8427799999999999	-1.56587	0.155338	-0.185951	0.9192670000000001	-0.346943	0.0	0.435914	-0.23926599999999998	-0.8676010000000001	0.0	-0.880569	-0.312569	-0.356229	0.0	0.335254	-1.8973799999999998	-2.18181	0.18750899999999998	
1	-0.216198	0.968933	-0.12011	0.0	-0.289216	0.0539423	0.955743	0.0	0.93253	0.24136799999999997	0.268569	0.0	-1.31282	-1.8829	-1.58485	0.15607200000000002	-0.18144000000000002	0.916375	-0.356842	0.0	0.431054	-0.252039	-0.8664120000000001	0.0	-0.8838959999999999	-0.31101999999999996	-0.34927800000000003	0.0	0.33172199999999996	-1.90346	-2.20333	0.17007	
1	-0.22565300000000002	0.966917	-0.118966	0.0	-0.286798	0.0507704	0.9566450000000001	0.0	0.9310360000000001	0.249989	0.265853	0.0	-1.31341	-1.8786200000000002	-1.58657	0.15621400000000002	-0.183259	0.915867	-0.357217	0.0	0.42852399999999996	-0.252608	-0.8675	0.0	-0.8847510000000001	-0.312053	-0.346179	0.0	0.335368	-1.90473	-2.20189	0.169435	
1	-0.210562	0.972266	-0.1018	0.0	-0.271065	0.0419843	0.9616450000000001	0.0	0.939248	0.23008	0.254707	0.0	-1.30671	-1.8730200000000001	-1.57569	0.15601600000000002	-0.186814	0.9164629999999999	-0.35383200000000004	0.0	0.42780100000000004	-0.248337	-0.869088	0.0	-0.8843559999999999	-0.313728	-0.345671	0.0	0.335088	-1.89212	-2.2077	0.167731	
1	-0.212385	0.972827	-0.0921946	0.0	-0.288406	0.027740800000000003	0.9571059999999999	0.0	0.933657	0.22986399999999999	0.27467800000000003	0.0	-1.2930700000000002	-1.86875	-1.5757299999999999	0.156626	-0.181015	0.9181889999999999	-0.35236799999999996	0.0	0.43312399999999995	-0.24724400000000002	-0.866761	0.0	-0.882971	-0.30951599999999996	-0.352935	0.0	0.335796	-1.8896400000000002	-2.22281	0.166925	
1	-0.199781	0.978406	-0.0529971	0.0	-0.23843000000000003	0.00391901	0.971152	0.0	0.9503889999999999	0.206654	0.232498	0.0	-1.29121	-1.8394700000000002	-1.6160700000000001	0.320204	-0.176609	0.93186	-0.316932	0.0	0.423055	-0.21886799999999998	-0.879273	0.0	-0.888726	-0.289367	-0.355574	0.0	0.35920799999999997	-1.8582	-2.1649599999999998	0.151951	
1	-0.182875	0.982815	-0.0251353	0.0	-0.21674699999999997	-0.015366999999999999	0.976107	0.0	0.958946	0.183953	0.215833	0.0	-1.28724	-1.84238	-1.5997	0.332039	-0.18031	0.929809	-0.320848	0.0	0.36241599999999996	-0.240443	-0.900468	0.0	-0.914409	-0.278644	-0.293624	0.0	0.389611	-1.84785	-2.1587	0.15174100000000001	
1	-0.1251	0.9873350000000001	0.0975727	0.0	-0.168719	-0.118084	0.978565	0.0	0.977693	0.105956	0.181354	0.0	-1.3631	-1.98659	-1.6257	0.349628	-0.202897	0.914135	-0.350986	0.0	0.408731	-0.24665700000000002	-0.878692	0.0	-0.8898159999999999	-0.32174200000000003	-0.32358899999999996	0.0	0.47016899999999995	-1.7353	-2.09389	0.150324	
1	-0.0439361	0.9829399999999999	0.1786	0.0	-0.11413499999999999	-0.182541	0.9765510000000001	0.0	0.9924930000000001	0.0225212	0.120209	0.0	-1.48786	-2.09195	-1.75689	0.34734699999999996	-0.227561	0.9028579999999999	-0.364779	0.0	0.380537	-0.262365	-0.886767	0.0	-0.89633	-0.340605	-0.283867	0.0	0.573825	-1.60451	-1.9799400000000003	0.149929	
2	0.1224	0.939982	0.318517	0.0	0.00885496	-0.32195100000000004	0.946715	0.0	0.992441	-0.11305699999999999	-0.0477301	0.0	-1.7204400000000002	-2.20538	-2.01634	0.34665100000000004	-0.296518	0.886992	-0.35401	0.0	0.45432700000000004	-0.19503900000000002	-0.8692219999999999	0.0	-0.840038	-0.418576	-0.345152	0.0	0.866499	-1.4213200000000001	-1.88388	0.150168	
2	0.180365	0.9220879999999999	0.342378	0.0	0.0643138	-0.35839699999999997	0.931351	0.0	0.9814950000000001	-0.145963	-0.123945	0.0	-1.84243	-2.22753	-2.16807	0.347285	-0.324604	0.880188	-0.346267	0.0	0.444147	-0.181375	-0.8774040000000001	0.0	-0.8350850000000001	-0.43860200000000005	-0.332058	0.0	0.9894620000000001	-1.34657	-1.84713	0.149696	
2	0.303442	0.879603	0.366363	0.0	0.178316	-0.43012	0.884986	0.0	0.936016	-0.203214	-0.287364	0.0	-2.03357	-2.24308	-2.5030799999999997	0.347229	-0.41757	0.847598	-0.327433	0.0	0.47090600000000005	-0.10631800000000001	-0.8757530000000001	0.0	-0.777099	-0.519879	-0.354744	0.0	1.22035	-1.21678	-1.7804200000000001	0.151226	
2	0.40629899999999997	0.8422790000000001	0.354241	0.0	0.23847	-0.47198999999999997	0.8487379999999999	0.0	0.882073	-0.260365	-0.392627	0.0	-2.1619599999999997	-2.32878	-2.7448200000000003	0.34613299999999997	-0.600212	0.721605	-0.34501	0.0	0.502152	0.004217800000000001	-0.864769	0.0	-0.622567	-0.692292	-0.36488699999999996	0.0	1.3817700000000002	-1.30738	-1.75403	0.150119	
2	0.43086499999999994	0.8331219999999999	0.34679	0.0	0.257806	-0.481915	0.837433	0.0	0.864807	-0.271417	-0.42242399999999997	0.0	-2.19413	-2.38059	-2.8323	0.346097	-0.691615	0.618091	-0.37367399999999995	0.0	0.528032	0.07970110000000001	-0.845476	0.0	-0.492799	-0.7820560000000001	-0.381495	0.0	1.496	-1.40804	-1.7956599999999998	0.150172	
2	0.45269799999999993	0.8211139999999999	0.347615	0.0	0.264031	-0.495809	0.8273219999999999	0.0	0.851676	-0.282746	-0.441251	0.0	-2.21018	-2.41324	-2.88543	0.346096	-0.752648	0.5330090000000001	-0.386552	0.0	0.524288	0.13001400000000002	-0.841557	0.0	-0.3983	-0.836061	-0.377306	0.0	1.6598	-1.51634	-1.8612	0.150275	
2	0.47660600000000003	0.805021	0.35325300000000004	0.0	0.274017	-0.517844	0.810403	0.0	0.8353209999999999	-0.289446	-0.467397	0.0	-2.2269400000000004	-2.49507	-3.00962	0.345568	-0.835311	0.312029	-0.452651	0.0	0.516648	0.164029	-0.840339	0.0	-0.187962	-0.9358059999999999	-0.298224	0.0	2.15518	-1.95845	-2.1734400000000003	0.148896	
2	0.475815	0.805624	0.352946	0.0	0.276397	-0.517911	0.809551	0.0	0.834988	-0.287644	-0.469102	0.0	-2.2154599999999998	-2.5091200000000002	-3.02914	0.345047	-0.848424	0.22552600000000003	-0.478868	0.0	0.516407	0.154077	-0.842368	0.0	-0.116193	-0.961976	-0.24718600000000002	0.0	2.25914	-2.14986	-2.23778	0.148973	
2	0.48831099999999994	0.800423	0.347672	0.0	0.283483	-0.522287	0.8042729999999999	0.0	0.825343	-0.29417600000000005	-0.481944	0.0	-2.1941900000000003	-2.5181400000000003	-3.03534	0.344821	-0.828614	0.126525	-0.545335	0.0	0.5597989999999999	0.195654	-0.805198	0.0	0.00481936	-0.972477	-0.23295100000000002	0.0	2.4344	-2.41336	-2.53995	0.147818	
2	0.486725	0.8016939999999999	0.346966	0.0	0.284543	-0.521026	0.804716	0.0	0.8259139999999999	-0.29294899999999996	-0.481712	0.0	-2.18722	-2.51897	-3.0394200000000002	0.344722	-0.8316030000000001	0.101175	-0.546077	0.0	0.555142	0.179636	-0.812126	0.0	0.015928	-0.9785159999999999	-0.205553	0.0	2.4460599999999997	-2.4378599999999997	-2.57651	0.141354	
2	0.49274799999999996	0.796145	0.351216	0.0	0.285738	-0.529275	0.798888	0.0	0.8219209999999999	-0.293294	-0.488288	0.0	-2.12107	-2.52297	-3.04813	0.344331	-0.8035140000000001	-0.027609300000000003	-0.594646	0.0	0.581761	0.175303	-0.794243	0.0	0.126172	-0.9841270000000001	-0.124796	0.0	2.7843400000000003	-2.7328799999999998	-2.8556	0.12203	
