0	0.593132	0.516197	-0.617846	0.0	0.685904	0.07785589999999999	0.7235149999999999	0.0	0.421579	-0.852924	-0.307883	0.0	-2.73968	2.0	1.46191	0.0	-0.593133	0.516197	-0.617846	0.0	0.750682	0.077226	-0.656134	0.0	-0.290981	-0.852981	-0.433306	0.0	2.66032	2.0	1.53809	0.0	
0	0.593132	0.516197	-0.617846	0.0	0.685904	0.07785589999999999	0.7235149999999999	0.0	0.421579	-0.852924	-0.307883	0.0	-2.73968	2.0	1.46191	0.0	-0.593133	0.516197	-0.617846	0.0	0.750682	0.077226	-0.656134	0.0	-0.290981	-0.852981	-0.433306	0.0	2.66032	2.0	1.53809	0.0	
0	-0.151134	0.9419489999999999	-0.29982	0.0	0.1443	0.321077	0.935995	0.0	0.977924	0.09819639999999999	-0.184449	0.0	-2.7915099999999997	1.95826	1.3832	0.0	0.12353399999999999	0.9758469999999999	-0.18017	0.0	0.0879846	-0.191617	-0.977518	0.0	-0.988432	0.104904	-0.10953099999999999	0.0	2.6406400000000003	1.96143	1.57629	0.0	
0	-0.152662	0.9410370000000001	-0.3019	0.0	0.16000999999999999	0.324986	0.932085	0.0	0.975239	0.0939864	-0.200188	0.0	-2.81529	1.96829	1.37066	0.0	0.112543	0.97378	-0.197706	0.0	0.06042190000000001	-0.205308	-0.9768309999999999	0.0	-0.991808	0.0979893	-0.0819437	0.0	2.63897	1.89905	1.58608	0.0	
0	-0.150372	0.950678	-0.271291	0.0	0.177851	0.29594699999999996	0.938501	0.0	0.9725010000000001	0.0928751	-0.21358200000000002	0.0	-2.8090900000000003	1.9853900000000002	1.3805399999999999	0.031629500000000005	0.09814310000000001	0.9811129999999999	-0.166691	0.0	0.06573430000000001	-0.17352599999999999	-0.982633	0.0	-0.992999	0.0854815	-0.0815232	0.0	2.67582	1.9247599999999998	1.59356	0.165133	
0	-0.0757141	0.99366	-0.083113	0.0	0.210905	0.0974254	0.9726389999999999	0.0	0.97457	0.0561136	-0.21694499999999997	0.0	-2.7633099999999997	2.00547	1.38858	0.34373200000000004	0.0881752	0.9908389999999999	-0.10228999999999999	0.0	0.11120899999999999	-0.11184000000000001	-0.987484	0.0	-0.989878	0.0756959	-0.12005199999999999	0.0	2.7057900000000004	1.9786599999999999	1.5567799999999998	0.354586	
0	-0.00731891	0.999771	-0.020111	0.0	0.207458	0.021192	0.9780139999999999	0.0	0.978217	0.00298584	-0.20756599999999997	0.0	-2.66376	1.91303	1.4067399999999999	0.347972	0.0424566	0.9981110000000001	-0.0444151	0.0	0.10865899999999999	-0.0488043	-0.9928799999999999	0.0	-0.9931719999999999	0.0373282	-0.110525	0.0	2.69352	1.90152	1.56764	0.356629	
0	0.0349504	0.9987790000000001	0.034923800000000005	0.0	0.197252	-0.0411518	0.9794889999999999	0.0	0.9797299999999999	-0.0273447	-0.19845	0.0	-2.6072900000000003	1.8010599999999999	1.41466	0.34783200000000003	-0.00923923	0.99972	0.021783	0.0	0.124873	0.0227667	-0.9919120000000001	0.0	-0.99213	-0.00644422	-0.125048	0.0	2.6714599999999997	1.81597	1.5889799999999998	0.357566	
0	0.151336	0.9740479999999999	0.16831	0.0	0.229571	-0.200249	0.952469	0.0	0.961455	-0.105503	-0.253918	0.0	-2.61884	1.7371299999999998	1.33645	0.34739200000000003	-0.0946997	0.9871270000000001	0.128888	0.0	0.135985	0.141083	-0.980614	0.0	-0.986175	-0.07533680000000001	-0.147595	0.0	2.64039	1.70409	1.56098	0.357033	
0	0.35643400000000003	0.889225	0.286763	0.0	0.271548	-0.392266	0.878857	0.0	0.8939889999999999	-0.23538499999999998	-0.381284	0.0	-2.67486	1.5915700000000002	0.965773	0.348992	-0.23830199999999999	0.927575	0.28778000000000004	0.0	0.14602	0.327169	-0.933616	0.0	-0.960151	-0.18046099999999998	-0.21340900000000002	0.0	2.5543400000000003	1.40143	1.31346	0.356777	
0	0.473437	0.811234	0.343156	0.0	0.281871	-0.508631	0.813538	0.0	0.8345090000000001	-0.288434	-0.46946800000000005	0.0	-2.72254	1.4644700000000002	0.5389229999999999	0.34791500000000003	-0.357456	0.8609540000000001	0.36191599999999996	0.0	0.132864	0.430457	-0.8927790000000001	0.0	-0.924431	-0.271043	-0.26826	0.0	2.4921599999999997	1.1076700000000002	0.93861	0.356406	
0	0.552354	0.743397	0.377183	0.0	0.282112	-0.592471	0.7545810000000001	0.0	0.7844220000000001	-0.310388	-0.536974	0.0	-2.75975	1.37273	0.08232300000000001	0.34784299999999996	-0.41908999999999996	0.8218979999999999	0.385809	0.0	0.13458699999999998	0.476466	-0.8688299999999999	0.0	-0.897915	-0.312193	-0.310299	0.0	2.43783	0.800424	0.437379	0.356174	
0	0.572937	0.720435	0.39079	0.0	0.298352	-0.62742	0.7192569999999999	0.0	0.763367	-0.295496	-0.574415	0.0	-2.71771	1.2978399999999999	-0.32876700000000003	0.347538	-0.43140100000000003	0.813646	0.38971	0.0	0.151202	0.491072	-0.8578959999999999	0.0	-0.8894	-0.311172	-0.334874	0.0	2.38266	0.529729	-0.142647	0.35590700000000003	
0	0.576394	0.735338	0.35643800000000003	0.0	0.28784299999999996	-0.590928	0.753626	0.0	0.764798	-0.331787	-0.552269	0.0	-2.65468	1.12348	-0.6409699999999999	0.34822800000000004	-0.42123599999999994	0.8327969999999999	0.35917899999999997	0.0	0.169924	0.46148500000000003	-0.8707219999999999	0.0	-0.890891	-0.305746	-0.335906	0.0	2.27503	0.325453	-0.532747	0.356054	
0	0.643896	0.7067760000000001	0.29303	0.0	0.20749499999999999	-0.529943	0.822257	0.0	0.73644	-0.468646	-0.48788000000000004	0.0	-2.46919	0.73693	-0.8248530000000001	0.35142199999999996	-0.407052	0.85078	0.33239	0.0	0.161674	0.42526499999999995	-0.8905120000000001	0.0	-0.898983	-0.308746	-0.310654	0.0	2.06383	0.09389839999999999	-0.851273	0.356653	
0	0.7889649999999999	0.5533859999999999	0.267016	0.0	0.0392114	-0.47903	0.876922	0.0	0.6131850000000001	-0.681391	-0.39963699999999996	0.0	-2.3540900000000002	0.132822	-0.913341	0.350988	-0.423933	0.8707950000000001	0.24899200000000002	0.0	0.164462	0.34436300000000003	-0.92432	0.0	-0.8906370000000001	-0.3509	-0.289199	0.0	1.8355	-0.19356500000000001	-1.0893	0.35687800000000003	
0	0.963335	0.155642	0.218545	0.0	-0.204648	-0.100513	0.9736610000000001	0.0	0.173509	-0.9826870000000001	-0.0649761	0.0	-2.46943	-1.58502	-0.774666	0.34734499999999996	-0.41189799999999993	0.898224	0.15341	0.0	0.158814	0.23654099999999997	-0.9585549999999999	0.0	-0.897284	-0.370463	-0.240081	0.0	1.48527	-0.509826	-1.35856	0.35804	
0	0.964586	0.108074	0.24061	0.0	-0.236289	-0.051345299999999996	0.970325	0.0	0.117221	-0.992816	-0.0239903	0.0	-2.36945	-1.9748	-0.8176359999999999	0.347777	-0.401943	0.9034989999999999	0.148766	0.0	0.16867200000000002	0.232744	-0.9578	0.0	-0.8999959999999999	-0.359888	-0.24594499999999997	0.0	1.42562	-0.481988	-1.43137	0.357642	
0	0.9687040000000001	0.06818769999999999	0.238668	0.0	-0.23223200000000002	-0.09051410000000001	0.96844	0.0	0.0876385	-0.9935579999999999	-0.07184600000000001	0.0	-2.4043200000000002	-2.16949	-0.9941030000000001	0.329341	-0.402958	0.906334	0.12721500000000002	0.0	0.16505899999999998	0.20868699999999998	-0.9639530000000001	0.0	-0.9002120000000001	-0.36743400000000004	-0.23369099999999998	0.0	1.39707	-0.443325	-1.38847	0.357811	
0	0.9714709999999999	0.0651584	0.22803	0.0	-0.21798499999999998	-0.133391	0.966793	0.0	0.09341189999999999	-0.9889190000000001	-0.115382	0.0	-2.45562	-2.20602	-1.11424	0.345725	-0.419961	0.9014840000000001	0.10468599999999999	0.0	0.168197	0.190665	-0.967139	0.0	-0.8918200000000001	-0.38855300000000004	-0.231699	0.0	1.41016	-0.41371499999999994	-1.3060399999999999	0.358168	
0	0.9725540000000001	0.0526776	0.226636	0.0	-0.21214	-0.19937	0.956686	0.0	0.0955804	-0.978507	-0.182723	0.0	-2.4687	-2.28488	-1.32693	0.347574	-0.418155	0.903108	0.09768819999999999	0.0	0.180126	0.187843	-0.965541	0.0	-0.890338	-0.38614899999999996	-0.241221	0.0	1.4883	-0.31543899999999997	-1.17545	0.357734	
0	0.974777	0.0378161	0.219955	0.0	-0.206196	-0.224527	0.9524030000000001	0.0	0.0854018	-0.973734	-0.21106599999999998	0.0	-2.51924	-2.32649	-1.38863	0.34649800000000003	-0.416307	0.9037459999999999	0.09965310000000001	0.0	0.177655	0.188343	-0.965901	0.0	-0.891699	-0.38440799999999997	-0.23896399999999998	0.0	1.50947	-0.323337	-1.1268	0.357742	
0	0.980477	0.036284500000000004	0.19325799999999999	0.0	-0.179607	-0.234805	0.955305	0.0	0.0800405	-0.9713649999999999	-0.223704	0.0	-2.58174	-2.3635200000000003	-1.4847299999999999	0.34686	-0.413817	0.904417	0.103852	0.0	0.171533	0.189498	-0.9667819999999999	0.0	-0.8940540000000001	-0.382257	-0.233555	0.0	1.51167	-0.357346	-1.10321	0.357962	
0	0.9820409999999999	0.0346083	0.18546700000000002	0.0	-0.172044	-0.239207	0.9556049999999999	0.0	0.07743689999999999	-0.9703510000000001	-0.22895700000000002	0.0	-2.5908	-2.41947	-1.52863	0.346447	-0.414613	0.903235	0.11073800000000002	0.0	0.178352	0.199987	-0.9634290000000001	0.0	-0.892349	-0.3797	-0.244011	0.0	1.51135	-0.36954699999999996	-1.11335	0.357869	
0	0.9808049999999999	0.0425865	0.190282	0.0	-0.176085	-0.22571799999999997	0.958147	0.0	0.08375410000000001	-0.9732620000000001	-0.213887	0.0	-2.5682400000000003	-2.4647200000000002	-1.55623	0.346409	-0.40815	0.906959	0.10411600000000001	0.0	0.174846	0.18959700000000002	-0.9661690000000001	0.0	-0.896015	-0.376137	-0.235963	0.0	1.5180200000000001	-0.36944499999999997	-1.12066	0.35806	
0	0.981615	0.0454034	0.185395	0.0	-0.172069	-0.209902	0.962462	0.0	0.08261389999999999	-0.976668	-0.19823	0.0	-2.5596099999999997	-2.4938	-1.52023	0.346656	-0.401776	0.9104690000000001	0.0980938	0.0	0.181842	0.18431	-0.9659	0.0	-0.897502	-0.370238	-0.23961300000000002	0.0	1.52273	-0.33794	-1.11364	0.358117	
0	0.984741	0.0469019	0.16758699999999999	0.0	-0.157417	-0.170508	0.972701	0.0	0.0741965	-0.984239	-0.160523	0.0	-2.54366	-2.5396400000000003	-1.39168	0.347661	-0.395519	0.913379	0.0964569	0.0	0.17565799999999998	0.178308	-0.9681690000000001	0.0	-0.9015040000000001	-0.365985	-0.230967	0.0	1.51715	-0.31499699999999997	-1.09588	0.358767	
0	0.987333	0.06018099999999999	0.146806	0.0	-0.138992	-0.118158	0.9832190000000001	0.0	0.0765174	-0.9911690000000001	-0.108296	0.0	-2.56993	-2.58195	-1.25665	0.348623	-0.393942	0.914064	0.0964217	0.0	0.180896	0.17995799999999998	-0.9668979999999999	0.0	-0.901158	-0.36345900000000003	-0.236244	0.0	1.51076	-0.289848	-1.0945	0.358296	
0	0.990481	0.06382789999999999	0.12195299999999999	0.0	-0.117244	-0.07296269999999999	0.990419	0.0	0.0721144	-0.99529	-0.0647848	0.0	-2.61751	-2.57346	-1.05856	0.348709	-0.38974899999999996	0.915589	0.0989565	0.0	0.178808	0.180645	-0.967158	0.0	-0.9033959999999999	-0.359255	-0.234121	0.0	1.50908	-0.275638	-1.09125	0.35879	
0	0.9908819999999999	0.07048839999999999	0.114824	0.0	-0.11168800000000001	-0.04694280000000001	0.992634	0.0	0.07535939999999999	-0.9964069999999999	-0.0386421	0.0	-2.63424	-2.53743	-0.911326	0.349421	-0.387491	0.916099	0.10301700000000001	0.0	0.177098	0.183639	-0.966909	0.0	-0.904703	-0.356425	-0.233398	0.0	1.5009299999999999	-0.29026	-1.10503	0.358653	
0	0.992075	0.07029880000000001	0.10414200000000001	0.0	-0.101998	-0.0334427	0.9942219999999999	0.0	0.0733754	-0.996965	-0.026007299999999997	0.0	-2.66292	-2.51442	-0.795375	0.34911	-0.38726900000000003	0.915825	0.106244	0.0	0.180307	0.188243	-0.9654290000000001	0.0	-0.904164	-0.354725	-0.238031	0.0	1.49462	-0.274491	-1.1185100000000001	0.358632	
0	0.9922620000000001	0.0722059	0.101011	0.0	-0.09903139999999999	-0.030495299999999996	0.994617	0.0	0.07489760000000001	-0.996923	-0.0231086	0.0	-2.64851	-2.47959	-0.7382810000000001	0.348885	-0.386681	0.9167569999999999	0.10017100000000001	0.0	0.177333	0.180508	-0.967455	0.0	-0.9050030000000001	-0.356333	-0.23237	0.0	1.50217	-0.237602	-1.10811	0.35880500000000004	
0	0.992265	0.0722923	0.10091599999999999	0.0	-0.0989413	-0.0303975	0.9946290000000001	0.0	0.0749715	-0.99692	-0.0230097	0.0	-2.64732	-2.47919	-0.740585	0.34892	-0.38671300000000003	0.916744	0.100168	0.0	0.17736400000000002	0.180526	-0.9674459999999999	0.0	-0.904984	-0.356358	-0.232409	0.0	1.50207	-0.23691900000000002	-1.10727	0.35881599999999997	
0	0.992265	0.07229239999999999	0.100918	0.0	-0.0989443	-0.030397399999999998	0.9946290000000001	0.0	0.0749718	-0.99692	-0.0230093	0.0	-2.64735	-2.4792400000000003	-0.7406189999999999	0.348921	-0.38671300000000003	0.916744	0.100168	0.0	0.17736500000000002	0.180526	-0.9674459999999999	0.0	-0.904983	-0.356358	-0.23240999999999998	0.0	1.50206	-0.23697600000000002	-1.1073	0.358817	
0	0.992265	0.07229239999999999	0.100918	0.0	-0.0989442	-0.030397399999999998	0.9946290000000001	0.0	0.0749718	-0.99692	-0.0230093	0.0	-2.64735	-2.4792400000000003	-0.74062	0.348921	-0.386714	0.916744	0.100168	0.0	0.17736500000000002	0.180526	-0.9674459999999999	0.0	-0.904983	-0.356358	-0.23240999999999998	0.0	1.50206	-0.23697600000000002	-1.1073	0.358817	
0	0.992265	0.07229239999999999	0.100918	0.0	-0.0989443	-0.030397399999999998	0.9946290000000001	0.0	0.0749718	-0.99692	-0.0230093	0.0	-2.64735	-2.4792400000000003	-0.74062	0.348921	-0.386714	0.916744	0.100168	0.0	0.17736500000000002	0.180526	-0.9674459999999999	0.0	-0.904983	-0.356358	-0.23240999999999998	0.0	1.50206	-0.23697600000000002	-1.1073	0.358817	
0	0.992265	0.07229239999999999	0.100918	0.0	-0.0989442	-0.030397399999999998	0.9946290000000001	0.0	0.0749718	-0.99692	-0.0230093	0.0	-2.64735	-2.4792400000000003	-0.74062	0.348921	-0.386714	0.916744	0.100168	0.0	0.17736500000000002	0.180526	-0.9674459999999999	0.0	-0.904983	-0.356358	-0.23240999999999998	0.0	1.50206	-0.23697600000000002	-1.1073	0.358817	
0	0.992265	0.07229239999999999	0.100918	0.0	-0.0989442	-0.030397399999999998	0.9946290000000001	0.0	0.0749717	-0.99692	-0.0230093	0.0	-2.64735	-2.4792400000000003	-0.74062	0.348921	-0.386714	0.916744	0.100168	0.0	0.17736500000000002	0.180526	-0.9674459999999999	0.0	-0.904983	-0.356358	-0.232411	0.0	1.50206	-0.23697600000000002	-1.1073	0.358817	
0	0.992265	0.07229239999999999	0.100918	0.0	-0.0989442	-0.030397399999999998	0.9946290000000001	0.0	0.0749717	-0.99692	-0.0230093	0.0	-2.64735	-2.4792400000000003	-0.74062	0.348921	-0.386714	0.916744	0.100168	0.0	0.17736500000000002	0.180527	-0.9674459999999999	0.0	-0.904983	-0.356358	-0.23240999999999998	0.0	1.50206	-0.23697600000000002	-1.1073	0.358817	
0	0.992265	0.07229239999999999	0.100918	0.0	-0.0989442	-0.030397399999999998	0.9946290000000001	0.0	0.0749718	-0.99692	-0.0230093	0.0	-2.64735	-2.4792400000000003	-0.74062	0.348921	-0.386714	0.916744	0.100168	0.0	0.17736500000000002	0.180526	-0.9674459999999999	0.0	-0.904983	-0.356358	-0.23240999999999998	0.0	1.50206	-0.23697600000000002	-1.1073	0.358817	
0	0.992265	0.07229239999999999	0.100918	0.0	-0.0989442	-0.030397399999999998	0.9946290000000001	0.0	0.0749718	-0.99692	-0.0230093	0.0	-2.64735	-2.4792400000000003	-0.74062	0.348921	-0.386714	0.916744	0.100168	0.0	0.17736500000000002	0.180527	-0.9674459999999999	0.0	-0.904983	-0.356358	-0.23240999999999998	0.0	1.50206	-0.23697600000000002	-1.1073	0.358817	
0	0.992265	0.07229239999999999	0.100918	0.0	-0.0989443	-0.030397399999999998	0.9946290000000001	0.0	0.0749718	-0.99692	-0.0230093	0.0	-2.64735	-2.4792400000000003	-0.74062	0.348921	-0.38671300000000003	0.916744	0.100168	0.0	0.17736500000000002	0.180527	-0.9674459999999999	0.0	-0.904983	-0.356358	-0.23240999999999998	0.0	1.50206	-0.23697600000000002	-1.1073	0.358817	
0	0.923645	0.310616	0.22449499999999997	0.0	-0.04964419999999999	-0.483864	0.873734	0.0	0.380021	-0.8181649999999999	-0.43149799999999994	0.0	-2.69815	-2.63307	-0.910582	0.348946	-0.179789	0.983564	0.0166307	0.0	0.181353	0.0497571	-0.982159	0.0	-0.966844	-0.173566	-0.187318	0.0	1.47706	-0.23321	-1.05894	0.35879099999999997	
0	0.931557	0.285029	0.22574299999999997	0.0	-0.0631196	-0.48466400000000004	0.8724200000000001	0.0	0.358074	-0.826958	-0.43350200000000005	0.0	-2.76114	-2.72433	-0.976764	0.348827	-0.182927	0.983081	0.00953174	0.0	0.177742	0.042605699999999996	-0.9831549999999999	0.0	-0.9669260000000001	-0.178151	-0.182528	0.0	1.4761600000000001	-0.227479	-1.04888	0.358685	
0	0.946044	0.250139	0.20599	0.0	-0.063756	-0.47958199999999995	0.875178	0.0	0.317705	-0.84109	-0.437758	0.0	-2.85376	-2.9407099999999997	-1.13232	0.349113	-0.197239	0.980347	-0.00394928	0.0	0.181227	0.0325021	-0.9829040000000001	0.0	-0.9634590000000001	-0.194583	-0.184076	0.0	1.4968700000000001	-0.213265	-1.00632	0.35867899999999997	
0	0.947089	0.237375	0.216045	0.0	-0.077535	-0.483967	0.8716450000000001	0.0	0.311465	-0.842276	-0.43995500000000004	0.0	-2.85188	-3.05985	-1.2015799999999999	0.348673	-0.198712	0.980039	-0.00613329	0.0	0.184852	0.031332900000000004	-0.982267	0.0	-0.962468	-0.196322	-0.187388	0.0	1.5275	-0.193082	-0.9819680000000001	0.358766	
0	0.9516469999999999	0.21085500000000001	0.223402	0.0	-0.100315	-0.474062	0.874758	0.0	0.290354	-0.8548709999999999	-0.42998800000000004	0.0	-2.8432	-3.21835	-1.3032700000000002	0.34904	-0.197966	0.980181	-0.00737348	0.0	0.185907	0.030159199999999997	-0.9821040000000001	0.0	-0.962418	-0.195794	-0.188193	0.0	1.56485	-0.167305	-0.970825	0.358501	
0	0.954624	0.19706600000000002	0.22328800000000001	0.0	-0.11383399999999999	-0.451374	0.885044	0.0	0.27519899999999997	-0.870302	-0.40846	0.0	-2.85321	-3.3733699999999995	-1.3665200000000002	0.34871599999999997	-0.194267	0.9808870000000001	-0.011005299999999999	0.0	0.18665	0.025947700000000004	-0.9820840000000001	0.0	-0.9630280000000001	-0.192841	-0.188123	0.0	1.58115	-0.157843	-0.921775	0.35836799999999996	
0	0.9552780000000001	0.19276500000000002	0.22424299999999997	0.0	-0.125949	-0.42086999999999997	0.898335	0.0	0.267545	-0.886403	-0.377769	0.0	-2.85555	-3.54915	-1.38445	0.347846	-0.190619	0.98151	-0.017405700000000003	0.0	0.180949	0.0177038	-0.983333	0.0	-0.964843	-0.190591	-0.180978	0.0	1.57812	-0.15096199999999999	-0.8912950000000001	0.358566	
0	0.9575030000000001	0.177033	0.2277	0.0	-0.145567	-0.384922	0.9113969999999999	0.0	0.248994	-0.905811	-0.342794	0.0	-2.83434	-3.58417	-1.41575	0.346966	-0.18903	0.981698	-0.0231543	0.0	0.180578	0.0115745	-0.983492	0.0	-0.965225	-0.190091	-0.17946099999999998	0.0	1.57071	-0.137344	-0.8743129999999999	0.358458	
0	0.960742	0.176994	0.213653	0.0	-0.15945499999999999	-0.277931	0.947274	0.0	0.227043	-0.944154	-0.23879699999999998	0.0	-2.81287	-3.5892800000000005	-1.4933100000000001	0.337943	-0.186151	0.982193	-0.025380700000000003	0.0	0.17710599999999999	0.00813454	-0.984158	0.0	-0.966427	-0.187697	-0.175466	0.0	1.56739	-0.12021199999999999	-0.8582930000000001	0.358306	
0	0.965943	0.156888	0.205767	0.0	-0.171257	-0.2085	0.9629120000000001	0.0	0.193972	-0.965357	-0.174531	0.0	-2.7829099999999998	-3.59551	-1.54186	0.33478800000000003	-0.180614	0.983107	-0.029666	0.0	0.169601	0.00142014	-0.985512	0.0	-0.9688209999999999	-0.183029	-0.166993	0.0	1.5593700000000001	-0.0844249	-0.8311940000000001	0.358493	
0	0.971259	0.140013	0.19248900000000002	0.0	-0.16675	-0.17683	0.9700129999999999	0.0	0.169853	-0.974232	-0.148401	0.0	-2.75394	-3.59815	-1.55895	0.338533	-0.178834	0.9834729999999999	-0.0282894	0.0	0.165427	0.0017125	-0.9862209999999999	0.0	-0.969872	-0.181049	-0.162999	0.0	1.57029	-0.0270874	-0.7771939999999999	0.358576	
0	0.977527	0.120674	0.172853	0.0	-0.153727	-0.15301800000000002	0.976193	0.0	0.14425	-0.980828	-0.131028	0.0	-2.73558	-3.59964	-1.57197	0.335334	-0.180856	0.983017	-0.031132	0.0	0.16297999999999999	-0.00126135	-0.9866290000000001	0.0	-0.9699120000000001	-0.18351199999999998	-0.159984	0.0	1.5751600000000001	-0.013269999999999999	-0.759496	0.358437	
0	0.986533	0.11981099999999999	0.111351	0.0	-0.108206	-0.0324633	0.993598	0.0	0.12265799999999999	-0.992266	-0.019061900000000003	0.0	-2.73285	-3.62165	-1.6604400000000001	0.32553499999999996	-0.179677	0.983261	-0.0302423	0.0	0.156123	-0.00185072	-0.9877360000000001	0.0	-0.971258	-0.182195	-0.153177	0.0	1.58514	-0.00408838	-0.724854	0.358508	
0	0.9905309999999999	0.104628	0.08888710000000001	0.0	-0.0905957	0.011683	0.995819	0.0	0.103152	-0.9944430000000001	0.0210512	0.0	-2.72092	-3.63257	-1.6922099999999998	0.32303699999999996	-0.177994	0.983582	-0.0297486	0.0	0.151426	-0.00249368	-0.988466	0.0	-0.972311	-0.180446	-0.148497	0.0	1.58725	0.00395191	-0.684668	0.358616	
0	0.9941709999999999	0.09337680000000001	0.0539005	0.0	-0.0557558	0.0173735	0.998293	0.0	0.09228099999999999	-0.9954790000000001	0.022478599999999998	0.0	-2.7059599999999997	-3.64181	-1.67638	0.340457	-0.17658900000000002	0.9839190000000001	-0.0268306	0.0	0.152923	0.00049752	-0.988238	0.0	-0.972333	-0.178615	-0.150552	0.0	1.5870600000000001	0.0159857	-0.665413	0.358402	
0	0.9929389999999999	0.107476	0.050206	0.0	-0.0554169	0.0460574	0.997401	0.0	0.10488399999999999	-0.9931399999999999	0.051688099999999994	0.0	-2.71541	-3.60645	-1.79532	0.232938	-0.174045	0.9844040000000001	-0.0256531	0.0	0.148055	0.000404179	-0.988979	0.0	-0.9735440000000001	-0.175925	-0.145817	0.0	1.59093	0.0295887	-0.6366970000000001	0.358534	
0	0.9896209999999999	0.119844	0.0792943	0.0	-0.0937428	0.120172	0.988317	0.0	0.10891500000000001	-0.9854930000000001	0.130159	0.0	-2.72949	-3.5880199999999998	-1.8032400000000002	0.11451099999999999	-0.173847	0.9844350000000001	-0.025787400000000002	0.0	0.147541	0.000146687	-0.9890559999999999	0.0	-0.973657	-0.175749	-0.14527	0.0	1.59083	0.042944300000000005	-0.607269	0.35857100000000003	
0	0.9914120000000001	0.112573	0.0665615	0.0	-0.08089210000000001	0.127942	0.988477	0.0	0.10275999999999999	-0.9853719999999999	0.13594900000000001	0.0	-2.72749	-3.5863400000000003	-1.80367	0.118379	-0.169731	0.985116	-0.027181200000000003	0.0	0.146296	-0.00208896	-0.989239	0.0	-0.974571	-0.171881	-0.143764	0.0	1.58849	0.0390827	-0.596303	0.358392	
0	0.9907600000000001	0.11626600000000001	0.0698341	0.0	-0.0860775	0.14113299999999998	0.986242	0.0	0.10480999999999999	-0.98314	0.149837	0.0	-2.72943	-3.58377	-1.80555	0.110626	-0.164549	0.9859950000000001	-0.0271548	0.0	0.144837	-0.0030786999999999998	-0.989451	0.0	-0.975677	-0.166746	-0.142302	0.0	1.56711	0.0448961	-0.5867140000000001	0.358337	
0	0.985245	0.162923	0.0524226	0.0	-0.0765638	0.145625	0.9863729999999999	0.0	0.153069	-0.975833	0.155951	0.0	-2.76099	-3.5844099999999997	-1.8068799999999998	0.11897200000000001	-0.15886	0.9869469999999999	-0.026432799999999996	0.0	0.139409	-0.00408113	-0.9902270000000001	0.0	-0.977409	-0.160992	-0.13694	0.0	1.52847	0.0461966	-0.5660810000000001	0.35846300000000003	
0	0.984375	0.176072	-0.00232015	0.0	-0.024963299999999997	0.152582	0.9879760000000001	0.0	0.174309	-0.9724799999999999	0.154593	0.0	-2.78824	-3.5862800000000004	-1.8036	0.118903	-0.15951300000000002	0.9868379999999999	-0.026580400000000004	0.0	0.139704	-0.00408882	-0.990185	0.0	-0.977261	-0.161661	-0.137213	0.0	1.5227600000000001	0.051019	-0.552546	0.358566	
0	0.976934	0.20444600000000002	-0.0616568	0.0	0.0496661	0.06327580000000001	0.9967600000000001	0.0	0.20768499999999998	-0.9768309999999999	0.0516622	0.0	-2.83181	-3.5809599999999997	-1.7638200000000002	0.117747	-0.16146	0.9866229999999999	-0.022490700000000002	0.0	0.141263	0.0005506280000000001	-0.989972	0.0	-0.9767170000000001	-0.163018	-0.139462	0.0	1.52594	0.043779000000000005	-0.544806	0.35866	
0	0.971724	0.22143800000000002	-0.08196160000000001	0.0	0.08547610000000001	-0.0063185	0.9963200000000001	0.0	0.220106	-0.9751540000000001	-0.0250675	0.0	-2.97947	-3.5753800000000004	-1.55682	0.11796300000000001	-0.162669	0.986476	-0.0201181	0.0	0.142618	0.00333226	-0.989772	0.0	-0.976319	-0.163875	-0.141232	0.0	1.54377	0.030094599999999996	-0.553127	0.358478	
0	0.966325	0.237693	-0.0985794	0.0	0.113607	-0.0503414	0.99225	0.0	0.230888	-0.9700350000000001	-0.07564960000000001	0.0	-2.99423	-3.57555	-1.4543700000000002	0.11863	-0.161099	0.9867940000000001	-0.016897799999999998	0.0	0.142679	0.00634462	-0.989749	0.0	-0.97657	-0.161859	-0.141817	0.0	1.54555	0.0162968	-0.559454	0.358697	
0	0.956248	0.27355799999999997	-0.103707	0.0	0.132635	-0.08941610000000001	0.987123	0.0	0.260762	-0.9576899999999999	-0.12178699999999999	0.0	-2.9597700000000002	-3.5138199999999995	-1.38477	0.11818599999999999	-0.158637	0.987242	-0.0137179	0.0	0.143309	0.00927663	-0.989635	0.0	-0.976881	-0.158959	-0.142952	0.0	1.54074	0.00184591	-0.572561	0.358955	
0	0.9435790000000001	0.324294	-0.06702849999999999	0.0	0.12119200000000001	-0.14981	0.981259	0.0	0.308174	-0.934019	-0.180659	0.0	-2.9679900000000004	-3.17665	-1.33972	0.11898199999999999	-0.157585	0.987425	-0.012653900000000001	0.0	0.14138299999999998	0.00987756	-0.989906	0.0	-0.977332	-0.157783	-0.14116199999999998	0.0	1.53452	-0.00637295	-0.576494	0.359111	
0	0.932359	0.36080999999999996	-0.0228579	0.0	0.11453800000000001	-0.234823	0.965266	0.0	0.34291	-0.902593	-0.260266	0.0	-3.0983099999999997	-2.51115	-0.84234	0.11824000000000001	-0.15548399999999998	0.987735	-0.014284700000000001	0.0	0.14083099999999998	0.00785148	-0.990002	0.0	-0.977748	-0.155941	-0.140325	0.0	1.53336	-0.0075411	-0.577196	0.358912	
0	0.918957	0.390559	0.0545947	0.0	0.0805862	-0.321498	0.943475	0.0	0.386035	-0.862614	-0.326917	0.0	-3.1010400000000002	-2.11803	-0.698091	0.11872	-0.15143299999999998	0.9883540000000001	-0.0150101	0.0	0.13986800000000002	0.00639284	-0.990149	0.0	-0.9785219999999999	-0.15204	-0.139208	0.0	1.51155	-0.00235962	-0.5669569999999999	0.358885	
0	0.912481	0.384231	0.140519	0.0	0.038788199999999995	-0.42316899999999996	0.9052209999999999	0.0	0.407277	-0.8205459999999999	-0.401037	0.0	-3.04367	-1.8128400000000002	-0.747999	0.11870399999999999	-0.149246	0.988663	-0.0164843	0.0	0.136384	0.00407082	-0.990648	0.0	-0.979349	-0.150099	-0.135446	0.0	1.49876	-0.00417932	-0.548894	0.359009	
0	0.898739	0.391719	0.197037	0.0	0.00906354	-0.46586099999999997	0.884811	0.0	0.43838900000000003	-0.793429	-0.422238	0.0	-3.0213400000000004	-1.5936700000000001	-0.775638	0.118237	-0.147775	0.988891	-0.0160201	0.0	0.136673	0.00437593	-0.990606	0.0	-0.979532	-0.148577	-0.135801	0.0	1.49171	-0.0180672	-0.529225	0.358931	
0	0.85903	0.43528199999999995	0.269439	0.0	-0.0268938	-0.487225	0.872862	0.0	0.5112180000000001	-0.757061	-0.406835	0.0	-3.0343299999999997	-1.45459	-0.759142	0.11824000000000001	-0.14618499999999998	0.9892139999999999	-0.00929189	0.0	0.141182	0.011565100000000002	-0.989916	0.0	-0.979131	-0.146022	-0.141349	0.0	1.48406	-0.028957599999999997	-0.522868	0.35963	
1	0.796424	0.472282	0.377702	0.0	-0.0693096	-0.5491699999999999	0.832832	0.0	0.600754	-0.689466	-0.404638	0.0	-3.02814	-1.26286	-0.7563300000000001	0.118236	-0.13933199999999998	0.990194	0.0101161	0.0	0.139051	0.0296783	-0.989841	0.0	-0.9804350000000001	-0.136509	-0.141822	0.0	1.47305	-0.0649419	-0.5166029999999999	0.360058	
1	0.700599	0.542008	0.4641	0.0	-0.0742374	-0.5915090000000001	0.802874	0.0	0.709683	-0.596946	-0.374173	0.0	-3.04852	-1.20649	-0.78943	0.11823199999999999	-0.119546	0.9927440000000001	0.0129862	0.0	0.159979	0.0321705	-0.9865959999999999	0.0	-0.9798549999999999	-0.11586600000000001	-0.162664	0.0	1.4460600000000001	-0.12043499999999999	-0.555296	0.360045	
1	0.439824	0.729879	0.523289	0.0	-0.0353624	-0.568146	0.822168	0.0	0.897388	-0.380114	-0.22407399999999997	0.0	-3.02331	-1.2480799999999999	-0.871653	0.11871099999999998	-0.0649655	0.9970399999999999	-0.041119	0.0	0.190718	-0.0280409	-0.981244	0.0	-0.9794930000000001	-0.071589	-0.188332	0.0	1.43749	-0.190198	-0.670026	0.35931799999999997	
1	0.171629	0.864189	0.472991	0.0	-0.0348423	-0.47448999999999997	0.8795709999999999	0.0	0.9845450000000001	-0.16744	-0.051326	0.0	-2.92769	-1.35156	-0.922449	0.11871199999999998	-0.0165049	0.9966139999999999	-0.0805553	0.0	0.231325	-0.07457439999999999	-0.9700139999999999	0.0	-0.9727370000000001	-0.0346443	-0.22931100000000001	0.0	1.3888	-0.283001	-0.785254	0.35936	
1	0.00510556	0.925401	0.378956	0.0	-0.0521016	-0.3782	0.924257	0.0	0.9986290000000001	-0.0244632	0.0462837	0.0	-2.81877	-1.5803399999999999	-1.01583	0.11870399999999999	0.0314431	0.9864209999999999	-0.161199	0.0	0.260791	-0.16378900000000002	-0.9514	0.0	-0.964883	-0.0121242	-0.2624	0.0	1.27759	-0.402099	-0.884654	0.35916	
1	-0.133955	0.9594020000000001	0.2482	0.0	-0.123304	-0.264648	0.9564299999999999	0.0	0.9832870000000001	0.097514	0.153749	0.0	-2.6752	-1.80627	-1.0701100000000001	0.11869500000000001	0.0670942	0.975994	-0.207208	0.0	0.263324	-0.217635	-0.939838	0.0	-0.9623719999999999	0.00849497	-0.271604	0.0	1.10657	-0.502714	-0.920075	0.359536	
1	-0.22158200000000003	0.96839	0.11455499999999999	0.0	-0.191032	-0.158307	0.968734	0.0	0.956247	0.192771	0.22007100000000002	0.0	-2.5439	-1.92645	-1.11487	0.11844500000000001	0.0680288	0.973691	-0.21748	0.0	0.260383	-0.22775700000000001	-0.938257	0.0	-0.9631059999999999	0.00720042	-0.269027	0.0	0.917808	-0.647404	-0.9750200000000001	0.359401	
1	-0.22576500000000002	0.971249	0.0755305	0.0	-0.263945	-0.13561700000000002	0.9549559999999999	0.0	0.937744	0.195659	0.28697399999999995	0.0	-2.2960700000000003	-2.1200099999999997	-1.10152	0.117524	-0.037295	0.98685	-0.157277	0.0	0.278086	-0.140921	-0.9501629999999999	0.0	-0.959832	-0.07917300000000001	-0.26917399999999997	0.0	0.677662	-0.799153	-1.00905	0.358648	
1	-0.24020300000000003	0.968749	0.061869600000000004	0.0	-0.312128	-0.137429	0.940048	0.0	0.9191729999999999	0.20649099999999998	0.335385	0.0	-2.1567	-2.24099	-1.0902100000000001	0.11710799999999999	-0.115971	0.988137	-0.10068300000000001	0.0	0.263125	-0.0671812	-0.96242	0.0	-0.957766	-0.138104	-0.252212	0.0	0.44971099999999997	-0.901904	-1.01458	0.358526	
1	-0.257326	0.9646809999999999	0.056335	0.0	-0.33400599999999997	-0.14349800000000001	0.931584	0.0	0.9067649999999999	0.22090500000000002	0.359135	0.0	-2.06045	-2.28238	-1.0508899999999999	0.11649100000000001	-0.20414200000000002	0.9784799999999999	-0.0300519	0.0	0.22610500000000003	0.0172598	-0.97395	0.0	-0.952472	-0.205619	-0.22476300000000002	0.0	0.203951	-1.00082	-0.9381379999999999	0.359155	
1	-0.290783	0.956124	0.035655400000000004	0.0	-0.35620300000000005	-0.142767	0.9234370000000001	0.0	0.8880120000000001	0.255819	0.382089	0.0	-2.0026599999999997	-2.19786	-0.93884	0.115943	-0.267427	0.963558	0.00626746	0.0	0.209644	0.0645307	-0.9756459999999999	0.0	-0.9404959999999999	-0.2596	-0.219261	0.0	0.07564630000000001	-1.0786200000000001	-0.9662959999999999	0.359066	
1	-0.292688	0.9558690000000001	0.0254822	0.0	-0.358223	-0.134319	0.923924	0.0	0.8865719999999999	0.261293	0.381727	0.0	-2.00264	-2.13707	-0.882927	0.115853	-0.286029	0.9579219999999999	0.023937	0.0	0.21087600000000004	0.0872947	-0.973607	0.0	-0.93473	-0.273432	-0.22697199999999998	0.0	0.0333153	-1.10038	-1.0063	0.35927	
1	-0.296889	0.954859	0.0101119	0.0	-0.35399899999999995	-0.11988900000000001	0.92753	0.0	0.8868719999999999	0.271794	0.373612	0.0	-2.0188	-2.0102700000000002	-0.80081	0.11572	-0.356543	0.931883	0.06686399999999999	0.0	0.208959	0.149294	-0.966461	0.0	-0.9106110000000001	-0.330613	-0.247955	0.0	-0.0314055	-1.1639	-1.06503	0.35971	
1	-0.27174899999999996	0.9622799999999999	0.013027	0.0	-0.373084	-0.117818	0.920286	0.0	0.887108	0.245227	0.39102800000000004	0.0	-2.02942	-1.9243599999999998	-0.707992	0.11592899999999999	-0.39759099999999997	0.912537	0.0959075	0.0	0.22380300000000003	0.19781300000000002	-0.954349	0.0	-0.88985	-0.357976	-0.282877	0.0	-0.0299822	-1.16215	-1.12584	0.35975	
1	-0.27131	0.9624450000000001	0.00953493	0.0	-0.372539	-0.11414200000000001	0.9209709999999999	0.0	0.8874719999999999	0.246317	0.389515	0.0	-2.0357	-1.90993	-0.694222	0.115908	-0.405416	0.90838	0.102387	0.0	0.22403	0.207321	-0.952276	0.0	-0.8862549999999999	-0.36313	-0.287556	0.0	-0.027093	-1.16093	-1.1316700000000002	0.359743	
1	-0.27432399999999996	0.9615530000000001	0.012768600000000001	0.0	-0.39962	-0.126065	0.9079709999999999	0.0	0.8746719999999999	0.243975	0.418838	0.0	-2.03785	-1.70185	-0.47103599999999995	0.115823	-0.45346400000000003	0.8805299999999999	0.137974	0.0	0.23833000000000001	0.268964	-0.9331969999999999	0.0	-0.858819	-0.390288	-0.331822	0.0	0.040331599999999995	-1.19164	-1.27653	0.35943	
1	-0.298819	0.954303	-0.00366935	0.0	-0.403834	-0.122966	0.90653	0.0	0.8646530000000001	0.27237	0.422125	0.0	-2.04576	-1.6549900000000002	-0.39851	0.115476	-0.48017299999999996	0.8637299999999999	0.152988	0.0	0.244281	0.299182	-0.9223969999999999	0.0	-0.8424729999999999	-0.405538	-0.354652	0.0	0.049819999999999996	-1.1940899999999999	-1.3098100000000001	0.359243	
1	-0.301651	0.953393	0.00692123	0.0	-0.43060600000000004	-0.14271199999999998	0.891186	0.0	0.8506379999999999	0.265847	0.453586	0.0	-2.04587	-1.54453	-0.24556599999999998	0.115434	-0.4793	0.864002	0.154185	0.0	0.260022	0.307585	-0.9153030000000001	0.0	-0.838249	-0.398613	-0.372085	0.0	0.0763241	-1.20699	-1.41269	0.359255	
1	-0.305417	0.95196	0.022168599999999997	0.0	-0.444582	-0.163146	0.880756	0.0	0.8420610000000001	0.259142	0.47305200000000003	0.0	-2.04599	-1.52219	-0.20164300000000002	0.115426	-0.465038	0.873876	0.141708	0.0	0.264777	0.290034	-0.91966	0.0	-0.8447680000000001	-0.390156	-0.366259	0.0	0.0742649	-1.22814	-1.44433	0.35890500000000003	
1	-0.321713	0.944839	0.061490300000000005	0.0	-0.473958	-0.21691999999999997	0.853411	0.0	0.819674	0.24540900000000002	0.517599	0.0	-2.05692	-1.48547	-0.14388299999999998	0.114872	-0.443405	0.8887700000000001	0.116103	0.0	0.28068899999999997	0.260703	-0.9237139999999999	0.0	-0.8512379999999999	-0.37699	-0.36506500000000003	0.0	0.04681969999999999	-1.26134	-1.48515	0.358427	
1	-0.335052	0.9371729999999999	0.097195	0.0	-0.46044399999999996	-0.252863	0.8509120000000001	0.0	0.8220290000000001	0.24034699999999998	0.516238	0.0	-2.07697	-1.48011	-0.10790799999999999	0.11509000000000001	-0.42044799999999993	0.905256	0.06111180000000001	0.0	0.293408	0.199391	-0.9349629999999999	0.0	-0.8585659999999999	-0.375172	-0.34944200000000003	0.0	0.00784286	-1.28391	-1.42711	0.35855	
1	-0.302548	0.9431860000000001	0.137351	0.0	-0.46398999999999996	-0.271621	0.8431700000000001	0.0	0.832573	0.19137	0.519807	0.0	-2.08279	-1.50227	-0.110508	0.11656500000000002	-0.41643	0.9081	0.0440517	0.0	0.29292399999999996	0.17987999999999998	-0.9390629999999999	0.0	-0.8606870000000001	-0.37815	-0.340912	0.0	0.00934457	-1.28833	-1.39711	0.358428	
1	-0.347873	0.925632	0.148963	0.0	-0.47295200000000004	-0.310447	0.824584	0.0	0.809507	0.216398	0.545776	0.0	-2.07648	-1.56071	-0.113924	0.11546400000000001	-0.438089	0.8987040000000001	0.0202212	0.0	0.28989699999999996	0.16253599999999999	-0.943155	0.0	-0.8509040000000001	-0.40732399999999996	-0.331737	0.0	0.0296538	-1.23193	-1.29576	0.358506	
1	-0.349815	0.923691	0.156283	0.0	-0.478389	-0.319563	0.8179390000000001	0.0	0.805465	0.21136300000000002	0.553671	0.0	-2.0678	-1.5716	-0.115917	0.115496	-0.45555200000000007	0.8902040000000001	-0.00306258	0.0	0.29585	0.148151	-0.9436760000000001	0.0	-0.8396110000000001	-0.430799	-0.330857	0.0	0.0805516	-1.1801	-1.26715	0.358176	
1	-0.322937	0.927155	0.189986	0.0	-0.478199	-0.333081	0.812639	0.0	0.816724	0.17157999999999998	0.550929	0.0	-2.0627400000000002	-1.58494	-0.11398699999999999	0.117024	-0.461075	0.8872469999999999	-0.014223900000000001	0.0	0.291901	0.136516	-0.9466559999999999	0.0	-0.837976	-0.44063100000000005	-0.32193299999999997	0.0	0.12529400000000002	-1.13234	-1.2418200000000001	0.358175	
1	-0.345292	0.9102049999999999	0.228692	0.0	-0.46577399999999997	-0.377753	0.8002229999999999	0.0	0.814757	0.169792	0.554385	0.0	-2.06635	-1.59417	-0.11432	0.11744600000000001	-0.46232700000000004	0.886418	-0.022736900000000004	0.0	0.29227600000000004	0.128133	-0.9477110000000001	0.0	-0.837155	-0.44479799999999997	-0.318318	0.0	0.142481	-1.10976	-1.22154	0.35799000000000003	
1	-0.377704	0.8953909999999999	0.235828	0.0	-0.455132	-0.401336	0.794848	0.0	0.806346	0.192885	0.559107	0.0	-2.0598400000000003	-1.60801	-0.10241600000000001	0.116749	-0.461301	0.886433	-0.0379288	0.0	0.283918	0.10697999999999999	-0.9528620000000001	0.0	-0.84059	-0.450325	-0.30102399999999996	0.0	0.172454	-1.06633	-1.1505100000000001	0.35802	
1	-0.36185	0.8962040000000001	0.256678	0.0	-0.44749799999999995	-0.408523	0.7955220000000001	0.0	0.817808	0.172997	0.5488729999999999	0.0	-2.00278	-1.62871	-0.1104	0.117876	-0.442712	0.894489	-0.06240509999999999	0.0	0.271279	0.0672792	-0.9601459999999999	0.0	-0.854642	-0.44199799999999995	-0.272442	0.0	0.150924	-1.0226899999999999	-1.04851	0.357653	
1	-0.380062	0.8921620000000001	0.24413	0.0	-0.44687	-0.408195	0.7960430000000001	0.0	0.809852	0.19345199999999999	0.55382	0.0	-1.97308	-1.6562	-0.121857	0.116828	-0.427501	0.9003690000000001	-0.0811101	0.0	0.258764	0.0359058	-0.9652729999999999	0.0	-0.866189	-0.43364300000000006	-0.248333	0.0	0.127506	-0.987718	-0.9687540000000001	0.35782800000000003	
1	-0.37890100000000004	0.890381	0.252301	0.0	-0.425913	-0.40981599999999996	0.806629	0.0	0.8216040000000001	0.198175	0.534504	0.0	-1.91605	-1.7118200000000001	-0.150323	0.117248	-0.390525	0.9123549999999999	-0.12288199999999999	0.0	0.247898	-0.024331099999999998	-0.9684809999999999	0.0	-0.8865879999999999	-0.408677	-0.216669	0.0	0.0721042	-0.978402	-0.8568819999999999	0.35841100000000004	
1	-0.379731	0.8892110000000001	0.255164	0.0	-0.42191300000000004	-0.41193500000000005	0.807651	0.0	0.823282	0.199033	0.531594	0.0	-1.8857599999999999	-1.7277099999999999	-0.173378	0.11724200000000001	-0.376737	0.9164979999999999	-0.13453800000000002	0.0	0.24960300000000002	-0.0394298	-0.9675450000000001	0.0	-0.892058	-0.398091	-0.21390599999999999	0.0	0.048875	-0.982168	-0.8282200000000001	0.358392	
1	-0.361329	0.89061	0.276142	0.0	-0.411675	-0.418096	0.809765	0.0	0.8366389999999999	0.178911	0.517712	0.0	-1.83722	-1.8123599999999997	-0.211126	0.11812	-0.366527	0.908538	-0.200541	0.0	0.247736	-0.11245999999999999	-0.9622790000000001	0.0	-0.896819	-0.402382	-0.183858	0.0	0.0127796	-1.0345	-0.758706	0.358485	
1	-0.376925	0.886567	0.268191	0.0	-0.404841	-0.41811400000000004	0.813194	0.0	0.8330850000000001	0.197938	0.516517	0.0	-1.8091099999999998	-1.8374400000000002	-0.21844	0.117388	-0.35841100000000004	0.910299	-0.207117	0.0	0.243296	-0.12311199999999999	-0.9621069999999999	0.0	-0.9013040000000001	-0.395221	-0.177348	0.0	0.00238941	-1.0347600000000001	-0.736526	0.35862	
1	-0.36182800000000004	0.8894989999999999	0.27905599999999997	0.0	-0.406915	-0.42001000000000005	0.811179	0.0	0.838749	0.179955	0.513922	0.0	-1.74794	-1.89283	-0.21985500000000002	0.118176	-0.34739699999999996	0.912364	-0.21658200000000002	0.0	0.241247	-0.136235	-0.9608540000000001	0.0	-0.9061540000000001	-0.386047	-0.172777	0.0	-0.05449	-1.05637	-0.664672	0.358417	
1	-0.363965	0.889064	0.277659	0.0	-0.40877199999999997	-0.42033400000000004	0.810077	0.0	0.8369200000000001	0.18134	0.516412	0.0	-1.70659	-1.8960099999999998	-0.21002300000000002	0.11816800000000001	-0.336542	0.918004	-0.20978200000000002	0.0	0.236636	-0.133182	-0.962427	0.0	-0.911451	-0.373539	-0.17241199999999998	0.0	-0.09621519999999999	-1.07542	-0.665148	0.358508	
1	-0.368155	0.889084	0.272015	0.0	-0.413929	-0.41870100000000005	0.8083020000000001	0.0	0.832541	0.18498499999999998	0.522165	0.0	-1.67484	-1.86985	-0.163688	0.11813	-0.334323	0.924615	-0.182525	0.0	0.247238	-0.10084299999999999	-0.963693	0.0	-0.909451	-0.36731199999999997	-0.194886	0.0	-0.142647	-1.0802200000000002	-0.68491	0.358029	
1	-0.372318	0.8886860000000001	0.267613	0.0	-0.419832	-0.418422	0.805397	0.0	0.8277200000000001	0.18751099999999998	0.528885	0.0	-1.64363	-1.8458	-0.127788	0.11807999999999999	-0.312105	0.936549	-0.159584	0.0	0.23924600000000001	-0.08508260000000001	-0.967224	0.0	-0.91943	-0.340055	-0.197511	0.0	-0.237129	-1.14047	-0.71329	0.35748800000000003	
1	-0.373046	0.888948	0.26572199999999996	0.0	-0.420583	-0.41730200000000006	0.8055859999999999	0.0	0.827011	0.18876300000000001	0.5295489999999999	0.0	-1.6966700000000001	-1.8651400000000002	-0.10363199999999999	0.118154	-0.294453	0.94395	-0.14918499999999998	0.0	0.265687	-0.0690939	-0.9615809999999999	0.0	-0.917992	-0.322776	-0.23045	0.0	-0.29472	-1.17046	-0.677928	0.354464	
1	-0.369372	0.891286	0.263009	0.0	-0.419759	-0.412529	0.808469	0.0	0.829076	0.188225	0.526502	0.0	-1.73081	-1.8980599999999999	-0.0618524	0.11784000000000001	-0.324223	0.934269	-0.148391	0.0	0.247718	-0.0675396	-0.966475	0.0	-0.9129700000000001	-0.350113	-0.209538	0.0	-0.33360300000000004	-1.21535	-0.624001	0.288574	
1	-0.582069	0.804078	0.121056	0.0	-0.390542	-0.407026	0.825716	0.0	0.713213	0.433346	0.5509430000000001	0.0	-1.75606	-1.92725	-0.047943599999999996	0.119333	-0.350348	0.925622	-0.143111	0.0	0.153505	-0.0939838	-0.983668	0.0	-0.923955	-0.36659400000000003	-0.10916	0.0	-0.34544899999999995	-1.2297	-0.6034079999999999	0.230131	
