0	0.593133	0.516197	-0.617846	0.0	0.685774	0.0781203	0.7236100000000001	0.0	0.421792	-0.8529	-0.307659	0.0	-2.73968	2.0	1.46191	0.0	-0.18271600000000002	0.9418569999999999	-0.281995	0.0	0.233906	-0.23694400000000002	-0.942945	0.0	-0.954936	-0.238252	-0.177012	0.0	2.62662	2.01864	1.57461	-1.8144e-05	
0	0.198076	0.911665	-0.360045	0.0	0.334704	0.282335	0.899033	0.0	0.92127	-0.298586	-0.249214	0.0	-2.76011	1.9777	1.36483	0.0104713	0.0952438	0.9803059999999999	-0.173001	0.0	-0.0933727	-0.164227	-0.981993	0.0	-0.991065	0.10968199999999999	0.075892	0.0	2.68095	1.9588299999999998	1.60755	0.0	
0	-0.11866099999999999	0.9640290000000001	-0.237841	0.0	0.0456538	0.244577	0.9685549999999999	0.0	0.991885	0.104071	-0.07303330000000001	0.0	-2.74131	1.8972200000000001	1.3495	0.0	0.0928096	0.983417	-0.15581	0.0	-0.102171	-0.146254	-0.983957	0.0	-0.9904280000000001	0.10724000000000002	0.0869029	0.0	2.6842799999999998	1.94347	1.61581	0.0	
0	-0.0781664	0.977508	-0.195879	0.0	0.055980999999999996	0.200474	0.9780979999999999	0.0	0.995367	0.065489	-0.0703921	0.0	-2.74428	1.79204	1.30977	0.0	0.103467	0.9842559999999999	-0.143301	0.0	-0.115105	-0.13125799999999999	-0.984643	0.0	-0.98795	0.118373	0.099712	0.0	2.6863900000000003	1.9247900000000002	1.6119700000000001	0.0	
0	0.0262453	0.9924280000000001	-0.119992	0.0	0.12247000000000001	0.11593699999999998	0.985677	0.0	0.992125	-0.040565	-0.1185	0.0	-2.77488	1.5798299999999998	1.19967	0.0	0.0786321	0.990799	-0.11015599999999999	0.0	-0.11512599999999999	-0.100733	-0.9882299999999999	0.0	-0.9902340000000001	0.0903885	0.106146	0.0	2.72493	1.8209400000000002	1.5880299999999998	0.0	
0	0.0935303	0.9820760000000001	-0.16364	0.0	0.202762	0.142127	0.968859	0.0	0.974751	-0.123798	-0.185835	0.0	-2.9008599999999998	1.34485	1.04752	0.0	0.0619489	0.9925139999999999	-0.10525799999999999	0.0	-0.102672	-0.09856439999999998	-0.98982	0.0	-0.992784	0.0721255	0.09579739999999999	0.0	2.76818	1.67598	1.53249	0.0	
0	0.11711300000000001	0.973032	-0.198728	0.0	0.243389	0.165882	0.9556389999999999	0.0	0.9628329999999999	-0.16028599999999998	-0.217398	0.0	-3.09659	1.12837	0.9183680000000001	0.0	0.0456859	0.99306	-0.108374	0.0	-0.0757669	-0.10472999999999999	-0.99161	0.0	-0.996078	0.0535139	0.0704562	0.0	2.7964599999999997	1.5579100000000001	1.47854	0.0	
0	0.11171600000000001	0.974366	-0.19527	0.0	0.24838600000000002	0.162884	0.954868	0.0	0.962197	-0.155177	-0.223822	0.0	-3.2734799999999997	1.00942	0.7944359999999999	0.0	0.0109853	0.992667	-0.12038099999999999	0.0	-0.048215499999999994	-0.119723	-0.9916360000000001	0.0	-0.998777	0.0166979	0.0465466	0.0	2.8077099999999997	1.43384	1.43415	0.0	
0	0.06509569999999999	0.9761350000000001	-0.207179	0.0	0.221779	0.188274	0.9567479999999999	0.0	0.972922	-0.10822799999999999	-0.204231	0.0	-3.35635	0.9027379999999999	0.692531	0.00034526699999999996	0.00269735	0.9943270000000001	-0.10633	0.0	-0.0336719	-0.10618	-0.993777	0.0	-0.9994290000000001	0.00626099	0.0331945	0.0	2.79523	1.31532	1.36691	0.0	
0	0.0312031	0.9661139999999999	-0.25622399999999995	0.0	0.222085	0.24323899999999998	0.9442	0.0	0.9745280000000001	-0.0863656	-0.20697	0.0	-3.375	0.842253	0.6352270000000001	0.0	-0.000221372	0.99311	-0.117183	0.0	-0.017372799999999997	-0.11716900000000001	-0.9929600000000001	0.0	-0.999849	0.00181609	0.017278900000000003	0.0	2.7685299999999997	1.24585	1.3331899999999999	0.0	
0	0.021678599999999996	0.9574809999999999	-0.287681	0.0	0.235542	0.27475700000000003	0.932217	0.0	0.971622	-0.0879702	-0.21957100000000002	0.0	-3.3973400000000002	0.8440639999999999	0.631058	0.0	-0.0112326	0.9905579999999999	-0.136632	0.0	-0.021828099999999996	-0.136851	-0.990351	0.0	-0.999699	-0.00814173	0.023159	0.0	2.75011	1.21894	1.32562	0.0	
0	0.00902744	0.94576	-0.324741	0.0	0.259695	0.311393	0.914108	0.0	0.965648	-0.0925856	-0.242798	0.0	-3.4137	0.9148280000000001	0.671553	0.0	-0.0229263	0.9869950000000001	-0.159111	0.0	-0.0186981	-0.159548	-0.9870129999999999	0.0	-0.9995620000000001	-0.0196535	0.022112700000000002	0.0	2.74701	1.2556100000000001	1.36184	0.0	
0	-0.00193053	0.949909	-0.31251999999999996	0.0	0.273755	0.301084	0.913459	0.0	0.9617979999999999	-0.0837903	-0.260623	0.0	-3.4419	0.9692719999999999	0.680387	0.0738993	0.00389779	0.9913299999999999	-0.13133599999999998	0.0	0.0298715	-0.131394	-0.9908799999999999	0.0	-0.9995459999999999	-6.0945699999999995e-05	-0.0301247	0.0	2.7997900000000002	1.3443100000000001	1.36657	0.256333	
0	0.00531653	0.9832129999999999	-0.182386	0.0	0.24286999999999997	0.17565799999999998	0.9540219999999999	0.0	0.970044	-0.0493684	-0.23785900000000001	0.0	-3.4544599999999996	1.0253	0.648798	0.34780900000000003	0.0327713	0.994175	-0.102673	0.0	0.0456356	-0.104109	-0.993518	0.0	-0.9984209999999999	0.027873500000000002	-0.048781599999999994	0.0	2.8107	1.41032	1.33592	0.354535	
0	0.0601087	0.990761	-0.121573	0.0	0.236316	0.104207	0.9660719999999999	0.0	0.969815	-0.0867991	-0.22786900000000002	0.0	-3.4228099999999997	0.978266	0.648703	0.35013099999999997	0.0101229	0.997144	-0.07484489999999999	0.0	0.0682321	-0.0753631	-0.994819	0.0	-0.997618	0.00496364	-0.0688001	0.0	2.80748	1.43518	1.337	0.35618299999999997	
0	0.16788499999999998	0.9857739999999999	-0.00805962	0.0	0.27224499999999996	-0.038504699999999996	0.961457	0.0	0.947469	-0.163608	-0.274837	0.0	-3.5227199999999996	0.908701	0.539237	0.349986	-0.0352888	0.9993700000000001	-0.00382009	0.0	0.092471	-0.000541002	-0.995715	0.0	-0.9950899999999999	-0.0354908	-0.0923938	0.0	2.7797400000000003	1.32456	1.22455	0.35847199999999996	
0	0.40775	0.911277	0.05756939999999999	0.0	0.297265	-0.19209600000000002	0.935271	0.0	0.86335	-0.364244	-0.349218	0.0	-3.69985	0.618891	0.23881	0.35017800000000004	-0.179144	0.980917	0.075563	0.0	0.131643	0.10001499999999999	-0.986239	0.0	-0.9749760000000001	-0.166731	-0.147048	0.0	2.6572	0.92311	0.942026	0.359552	
0	0.574445	0.811051	0.11049300000000001	0.0	0.251346	-0.303244	0.919168	0.0	0.778998	-0.500239	-0.378051	0.0	-3.72886	0.145832	-0.21110500000000001	0.350051	-0.30688899999999997	0.944867	0.114219	0.0	0.142761	0.164353	-0.976016	0.0	-0.9409770000000001	-0.283222	-0.185328	0.0	2.50756	0.41448900000000005	0.427332	0.359887	
0	0.730403	0.67003	0.132556	0.0	0.200543	-0.395899	0.8961290000000001	0.0	0.6529119999999999	-0.6279520000000001	-0.42353500000000005	0.0	-3.7622400000000003	-0.148173	-0.504525	0.350668	-0.40423400000000004	0.908508	0.105873	0.0	0.153652	0.181557	-0.971302	0.0	-0.901658	-0.376365	-0.212986	0.0	2.3770599999999997	0.0284823	0.040969599999999995	0.360122	
0	0.8309639999999999	0.529389	0.171018	0.0	0.08099289999999999	-0.419249	0.904251	0.0	0.5504	-0.737549	-0.391257	0.0	-3.76956	-0.560008	-0.688839	0.34973000000000004	-0.507834	0.8577040000000001	0.0803058	0.0	0.161053	0.186106	-0.96924	0.0	-0.846266	-0.479279	-0.232647	0.0	2.24294	-0.3448	-0.26605100000000004	0.359929	
0	0.882066	0.42298500000000006	0.20747	0.0	-0.0214204	-0.403909	0.914549	0.0	0.47063900000000003	-0.811136	-0.34721399999999997	0.0	-3.6882699999999997	-1.03694	-0.8533	0.34976599999999997	-0.555168	0.82937	0.06272430000000001	0.0	0.169961	0.186945	-0.967556	0.0	-0.814188	-0.5264949999999999	-0.244747	0.0	2.12276	-0.642875	-0.5054960000000001	0.360051	
0	0.9058200000000001	0.34468200000000004	0.246342	0.0	-0.110275	-0.369593	0.9226270000000001	0.0	0.409059	-0.8629	-0.296775	0.0	-3.5939	-1.52639	-0.968476	0.34923200000000004	-0.596064	0.801614	0.0460702	0.0	0.155832	0.171778	-0.972733	0.0	-0.78767	-0.572631	-0.22730799999999998	0.0	1.98423	-0.929889	-0.646256	0.360174	
0	0.929162	0.273898	0.248271	0.0	-0.156857	-0.316031	0.935693	0.0	0.33474499999999996	-0.9083530000000001	-0.250682	0.0	-3.54641	-1.97891	-1.01383	0.34773200000000004	-0.6191180000000001	0.784415	0.0372429	0.0	0.14628	0.16179100000000002	-0.975923	0.0	-0.771554	-0.598763	-0.214912	0.0	1.86117	-1.11992	-0.7112850000000001	0.360327	
0	0.9306479999999999	0.231248	0.28358099999999997	0.0	-0.21030700000000002	-0.296169	0.931695	0.0	0.29944	-0.9267190000000001	-0.226996	0.0	-3.54205	-2.4075900000000003	-1.12316	0.34744200000000003	-0.646163	0.762038	0.0420807	0.0	0.143449	0.175421	-0.973987	0.0	-0.7495970000000001	-0.623318	-0.222664	0.0	1.7694900000000002	-1.28355	-0.7838930000000001	0.360373	
0	0.9123690000000001	0.23654699999999998	0.33410700000000004	0.0	-0.24805500000000003	-0.329801	0.9108790000000001	0.0	0.325654	-0.913935	-0.24222399999999997	0.0	-3.4705	-2.77658	-1.3068899999999999	0.349926	-0.669161	0.741736	0.0452865	0.0	0.133864	0.18026199999999998	-0.974467	0.0	-0.730961	-0.6460130000000001	-0.21991599999999997	0.0	1.7069400000000001	-1.4049399999999999	-0.857605	0.360032	
0	0.9075040000000001	0.210614	0.363425	0.0	-0.282171	-0.335237	0.8988860000000001	0.0	0.311151	-0.918291	-0.2448	0.0	-3.37008	-2.96455	-1.3852	0.34810100000000005	-0.669287	0.741805	0.0422025	0.0	0.12751099999999999	0.170631	-0.97705	0.0	-0.731981	-0.6485449999999999	-0.20879	0.0	1.67755	-1.46156	-0.860933	0.359873	
0	0.90199	0.203902	0.380575	0.0	-0.300292	-0.337066	0.892307	0.0	0.310222	-0.9191360000000001	-0.2428	0.0	-3.27728	-3.10222	-1.45928	0.348142	-0.666948	0.7441439999999999	0.037816300000000004	0.0	0.122853	0.159883	-0.979461	0.0	-0.734907	-0.648604	-0.198054	0.0	1.63406	-1.46602	-0.813308	0.360041	
0	0.8944690000000001	0.207884	0.395864	0.0	-0.308108	-0.355033	0.8826219999999999	0.0	0.32402800000000004	-0.9114469999999999	-0.253515	0.0	-3.2299700000000002	-3.17492	-1.55431	0.347868	-0.670099	0.741611	0.0313262	0.0	0.119965	0.14985199999999999	-0.981404	0.0	-0.732513	-0.653879	-0.189383	0.0	1.62579	-1.45393	-0.752402	0.360055	
0	0.8827709999999999	0.194602	0.427605	0.0	-0.348586	-0.338887	0.8738670000000001	0.0	0.31496599999999997	-0.920481	-0.23132399999999997	0.0	-3.1482	-3.26464	-1.5350700000000002	0.3472	-0.6746810000000001	0.737627	0.026677299999999998	0.0	0.121741	0.14685399999999998	-0.9816379999999999	0.0	-0.728001	-0.659045	-0.188879	0.0	1.62186	-1.43266	-0.717394	0.35979099999999997	
0	0.87776	0.17139200000000002	0.44739399999999996	0.0	-0.387129	-0.296421	0.873079	0.0	0.28225500000000003	-0.9395530000000001	-0.19383599999999998	0.0	-3.09654	-3.4493400000000003	-1.5435299999999998	0.345315	-0.679129	0.733647	0.0233537	0.0	0.115972	0.13866199999999998	-0.983526	0.0	-0.7248	-0.665233	-0.179253	0.0	1.62744	-1.41419	-0.670148	0.359797	
0	0.8721209999999999	0.152925	0.46477799999999997	0.0	-0.41768999999999995	-0.26204099999999997	0.869983	0.0	0.254833	-0.9528639999999999	-0.164656	0.0	-3.08593	-3.5905400000000003	-1.5679	0.345634	-0.689843	0.723619	0.0221972	0.0	0.11006800000000001	0.13513599999999998	-0.9846950000000001	0.0	-0.715544	-0.676841	-0.17287	0.0	1.62989	-1.3992	-0.607739	0.359712	
0	0.877391	0.139587	0.45902200000000004	0.0	-0.42106899999999997	-0.234562	0.876175	0.0	0.229971	-0.9620270000000001	-0.147027	0.0	-3.06617	-3.59326	-1.58275	0.344265	-0.698148	0.715648	0.0209142	0.0	0.10342	0.12971	-0.986144	0.0	-0.708445	-0.686311	-0.164569	0.0	1.62392	-1.37012	-0.517313	0.359736	
0	0.882317	0.138009	0.44996800000000003	0.0	-0.416153	-0.217823	0.882819	0.0	0.21985	-0.966182	-0.134757	0.0	-3.06014	-3.5949800000000005	-1.5847	0.348465	-0.7061270000000001	0.707683	0.023890099999999997	0.0	0.100178	0.133244	-0.986007	0.0	-0.700964	-0.6938529999999999	-0.164982	0.0	1.5956700000000001	-1.34699	-0.469211	0.359653	
0	0.8862459999999999	0.13564500000000002	0.44290799999999997	0.0	-0.408754	-0.220811	0.8855299999999999	0.0	0.217917	-0.965838	-0.140248	0.0	-3.06071	-3.5954900000000003	-1.58541	0.34610100000000005	-0.712634	0.700808	0.0319629	0.0	0.0918097	0.13833499999999999	-0.9861209999999999	0.0	-0.695503	-0.699809	-0.162923	0.0	1.5827	-1.32917	-0.42906099999999997	0.359869	
0	0.888642	0.121254	0.44228199999999995	0.0	-0.408403	-0.22948000000000002	0.8834850000000001	0.0	0.208621	-0.9657309999999999	-0.154405	0.0	-3.05336	-3.5934699999999995	-1.57955	0.334309	-0.7206859999999999	0.6924359999999999	0.0338331	0.0	0.0914927	0.143374	-0.9854299999999999	0.0	-0.687199	-0.70709	-0.166681	0.0	1.57323	-1.30841	-0.400935	0.359375	
0	0.8984770000000001	0.10537	0.42618900000000004	0.0	-0.39611399999999997	-0.22400799999999998	0.8904569999999999	0.0	0.189297	-0.968875	-0.159527	0.0	-3.0574	-3.58969	-1.55192	0.285914	-0.726784	0.685975	0.0349929	0.0	0.08773860000000001	0.143245	-0.985791	0.0	-0.68124	-0.713386	-0.164295	0.0	1.56008	-1.29749	-0.359736	0.359554	
0	0.908869	0.0823161	0.408877	0.0	-0.385284	-0.209731	0.898649	0.0	0.159727	-0.9742879999999999	-0.158903	0.0	-3.0725599999999997	-3.5838900000000002	-1.49993	0.18245699999999998	-0.730043	0.682511	0.034861300000000005	0.0	0.0829276	0.13910699999999998	-0.986799	0.0	-0.678351	-0.717515	-0.158153	0.0	1.5580200000000002	-1.2839399999999999	-0.304102	0.359433	
0	0.9271729999999999	0.050894800000000004	0.371161	0.0	-0.356348	-0.185934	0.915666	0.0	0.11561400000000001	-0.981243	-0.154257	0.0	-3.06569	-3.5791	-1.50908	0.128045	-0.734591	0.6773899999999999	0.038975300000000004	0.0	0.0820307	0.14568499999999998	-0.985924	0.0	-0.673534	-0.721054	-0.16258599999999998	0.0	1.5484200000000001	-1.26966	-0.265534	0.35934699999999997	
0	0.93884	0.038695	0.342172	0.0	-0.332636	-0.155093	0.930215	0.0	0.0890631	-0.987142	-0.132736	0.0	-3.1034599999999997	-3.57407	-1.57561	0.128005	-0.736841	0.6746850000000001	0.0431985	0.0	0.08194989999999999	0.15256	-0.984891	0.0	-0.671081	-0.722168	-0.167703	0.0	1.54945	-1.25832	-0.256914	0.359319	
0	0.943091	0.0470646	0.329187	0.0	-0.321141	-0.12800899999999998	0.93834	0.0	0.0863015	-0.990656	-0.105609	0.0	-3.16462	-3.57249	-1.6157700000000002	0.127931	-0.734246	0.677362	0.04542519999999999	0.0	0.0795738	0.152321	-0.985123	0.0	-0.674203	-0.719708	-0.165741	0.0	1.54978	-1.26701	-0.26113200000000003	0.359153	
0	0.966717	0.0791061	0.243312	0.0	-0.228938	-0.157088	0.960683	0.0	0.11421700000000001	-0.9844120000000001	-0.133749	0.0	-3.20378	-3.5753199999999996	-1.5852700000000002	0.128316	-0.735838	0.675147	0.0521501	0.0	0.0804928	0.163675	-0.983225	0.0	-0.672357	-0.719296	-0.174783	0.0	1.5414	-1.27577	-0.268857	0.358819	
0	0.973841	0.131277	0.185472	0.0	-0.149973	-0.241873	0.958648	0.0	0.170709	-0.9613870000000001	-0.215858	0.0	-3.2294	-3.57916	-1.53144	0.127887	-0.73638	0.673707	0.0621584	0.0	0.0785313	0.17636400000000002	-0.981187	0.0	-0.671995	-0.717645	-0.182778	0.0	1.56142	-1.2988	-0.28859	0.359006	
0	0.965893	0.196272	0.168902	0.0	-0.0985461	-0.324567	0.940715	0.0	0.239456	-0.925275	-0.294155	0.0	-3.23093	-3.24709	-1.55539	0.127883	-0.71825	0.6936	0.055089599999999996	0.0	0.105808	0.187136	-0.976619	0.0	-0.687693	-0.695628	-0.20779899999999998	0.0	1.6097	-1.32021	-0.345609	0.358752	
0	0.9425889999999999	0.280341	0.181478	0.0	-0.0489577	-0.42155200000000004	0.905482	0.0	0.33034600000000003	-0.862382	-0.383626	0.0	-3.26201	-2.5533799999999998	-1.50708	0.127888	-0.652293	0.756081	0.0534374	0.0	0.137265	0.187169	-0.9726899999999999	0.0	-0.745434	-0.6271439999999999	-0.225872	0.0	1.66904	-1.32531	-0.47001899999999996	0.359039	
0	0.9045139999999999	0.356273	0.23435799999999998	0.0	-0.0193819	-0.51465	0.857181	0.0	0.42600299999999997	-0.779875	-0.458603	0.0	-3.2966900000000003	-1.8074700000000001	-1.40375	0.127897	-0.618949	0.781954	0.07382430000000001	0.0	0.166331	0.22235500000000002	-0.960673	0.0	-0.767617	-0.582328	-0.267689	0.0	1.70281	-1.33781	-0.618392	0.359031	
1	0.8830629999999999	0.40272600000000003	0.240856	0.0	0.0263399	-0.5550039999999999	0.8314299999999999	0.0	0.46851499999999996	-0.727861	-0.500711	0.0	-3.33989	-1.2980200000000002	-1.30374	0.1279	-0.614359	0.783442	0.09371260000000001	0.0	0.17613199999999998	0.251943	-0.9515790000000001	0.0	-0.769117	-0.568105	-0.292772	0.0	1.7129299999999998	-1.41804	-0.7332569999999999	0.358865	
1	0.834609	0.47808999999999996	0.27360300000000004	0.0	0.060517499999999995	-0.573275	0.817125	0.0	0.547509	-0.6654220000000001	-0.507393	0.0	-3.3828300000000002	-0.908402	-1.18771	0.127892	-0.587179	0.7997479999999999	0.12499600000000001	0.0	0.173833	0.275402	-0.9454819999999999	0.0	-0.790572	-0.533439	-0.300733	0.0	1.71055	-1.4955100000000001	-0.788985	0.358595	
1	0.7122069999999999	0.6575810000000001	0.24565900000000002	0.0	0.144241	-0.47958	0.865562	0.0	0.68699	-0.581025	-0.436411	0.0	-3.40639	-0.722584	-1.09775	0.127893	-0.590965	0.7766310000000001	0.218183	0.0	0.13372	0.361032	-0.922917	0.0	-0.7955369999999999	-0.5162359999999999	-0.317208	0.0	1.65418	-1.62784	-0.7761680000000001	0.358923	
1	0.5570689999999999	0.797995	0.22995300000000002	0.0	0.167229	-0.37901399999999996	0.9101549999999999	0.0	0.813455	-0.46856400000000004	-0.344585	0.0	-3.3839599999999996	-0.691712	-1.0803399999999999	0.127878	-0.6217020000000001	0.7126239999999999	0.325045	0.0	0.08253710000000002	0.472288	-0.8775719999999999	0.0	-0.7788930000000001	-0.51876	-0.35244000000000003	0.0	1.59208	-1.7777900000000002	-0.7603810000000001	0.358687	
1	0.31283099999999997	0.9423030000000001	0.119175	0.0	0.169498	-0.178843	0.969167	0.0	0.9345620000000001	-0.282986	-0.215666	0.0	-3.3506400000000003	-0.775208	-1.09256	0.127895	-0.676638	0.598118	0.429437	0.0	0.0168086	0.595619	-0.803091	0.0	-0.736124	-0.536184	-0.41307200000000005	0.0	1.5021799999999998	-1.9619799999999998	-0.7177060000000001	0.357754	
1	0.0331586	0.9983270000000001	-0.0473696	0.0	0.058901499999999996	0.04536130000000001	0.997233	0.0	0.997713	-0.035857099999999996	-0.0572989	0.0	-3.2987	-0.974198	-1.16164	0.127897	-0.6849029999999999	0.544511	0.484166	0.0	-0.00730264	0.659321	-0.751827	0.0	-0.728598	-0.518464	-0.44759399999999994	0.0	1.4124299999999999	-2.10617	-0.6620060000000001	0.357692	
1	-0.12128399999999999	0.972043	-0.20105399999999998	0.0	-0.0293363	0.19895	0.9795709999999999	0.0	0.9921840000000001	0.124704	0.00438637	0.0	-3.22571	-1.1833799999999999	-1.23305	0.127896	-0.687559	0.516343	0.5105430000000001	0.0	-0.010938	0.695657	-0.718291	0.0	-0.726047	-0.49945100000000003	-0.472657	0.0	1.31219	-2.14538	-0.5565760000000001	0.357498	
1	-0.174867	0.937627	-0.300462	0.0	-0.0831722	0.290006	0.9534040000000001	0.0	0.981073	0.191709	0.0272721	0.0	-3.1251599999999997	-1.39824	-1.3197299999999998	0.12766	-0.668661	0.509342	0.541722	0.0	-0.00768474	0.723772	-0.689996	0.0	-0.743528	-0.465537	-0.48004399999999997	0.0	1.23065	-2.1229	-0.506652	0.358111	
1	-0.187686	0.906316	-0.378635	0.0	-0.11922200000000001	0.361615	0.924673	0.0	0.974967	0.21869	0.0401829	0.0	-2.95288	-1.65858	-1.42876	0.12739	-0.651981	0.532028	0.540247	0.0	0.0251229	0.727272	-0.6858890000000001	0.0	-0.7578189999999999	-0.43361400000000005	-0.487534	0.0	1.0990799999999998	-2.06798	-0.5289229999999999	0.35783000000000004	
1	-0.185088	0.8792	-0.43903400000000004	0.0	-0.16275699999999999	0.413159	0.8959969999999999	0.0	0.969151	0.237294	0.0666257	0.0	-2.84461	-1.8901400000000002	-1.49871	0.127163	-0.603707	0.595478	0.530042	0.0	0.08096469999999999	0.707234	-0.702328	0.0	-0.793085	-0.381085	-0.475175	0.0	1.01744	-1.97984	-0.569315	0.357978	
1	-0.21952800000000003	0.802146	-0.5553100000000001	0.0	-0.194694	0.521726	0.8306	0.0	0.955982	0.290455	0.041639300000000004	0.0	-2.70649	-2.03651	-1.6402	0.126891	-0.587393	0.616745	0.524018	0.0	0.11685999999999999	0.705345	-0.6991649999999999	0.0	-0.80082	-0.349448	-0.486387	0.0	0.934522	-1.90378	-0.648478	0.35780700000000004	
1	-0.22221	0.741951	-0.632559	0.0	-0.208632	0.597568	0.774199	0.0	0.952416	0.304007	0.022009400000000002	0.0	-2.60268	-2.14419	-1.71629	0.126942	-0.5722649999999999	0.626872	0.52872	0.0	0.137231	0.708838	-0.691894	0.0	-0.808505	-0.323389	-0.49167	0.0	0.860034	-1.84559	-0.6969569999999999	0.357678	
1	-0.21815	0.709221	-0.670385	0.0	-0.22070700000000001	0.633279	0.741786	0.0	0.950631	0.30977899999999997	0.0183803	0.0	-2.49618	-2.21015	-1.7585	0.126875	-0.557574	0.634948	0.534746	0.0	0.147251	0.709607	-0.6890390000000001	0.0	-0.816963	-0.305448	-0.489155	0.0	0.79109	-1.81253	-0.723274	0.357234	
1	-0.21640399999999999	0.623818	-0.751013	0.0	-0.247198	0.709164	0.660287	0.0	0.944491	0.328538	0.0007407669999999999	0.0	-2.33561	-2.16776	-1.7457599999999998	0.127032	-0.530568	0.6435489999999999	0.551672	0.0	0.146059	0.710507	-0.688365	0.0	-0.8349639999999999	-0.284648	-0.47096899999999997	0.0	0.6538619999999999	-1.7723400000000002	-0.744242	0.356837	
1	-0.21327	0.561105	-0.799798	0.0	-0.266658	0.754119	0.600165	0.0	0.9398989999999999	0.341269	-0.0112079	0.0	-2.24739	-2.12282	-1.7254900000000002	0.126925	-0.5306850000000001	0.63525	0.561098	0.0	0.13683399999999998	0.717537	-0.682947	0.0	-0.8364510000000001	-0.285652	-0.46771	0.0	0.592533	-1.7577900000000002	-0.743183	0.35653	
1	-0.204664	0.4848	-0.850342	0.0	-0.28982600000000003	0.799762	0.52572	0.0	0.934941	0.354047	-0.023174599999999997	0.0	-2.17292	-2.03998	-1.68898	0.12689	-0.540474	0.6149680000000001	0.574198	0.0	0.12461300000000002	0.733446	-0.6682279999999999	0.0	-0.832082	-0.289607	-0.473041	0.0	0.5375270000000001	-1.75249	-0.782012	0.356259	
1	-0.18954300000000002	0.44446800000000003	-0.8755120000000001	0.0	-0.30630599999999997	0.8204110000000001	0.482808	0.0	0.9328719999999999	0.359687	-0.0193598	0.0	-2.0895200000000003	-1.9271599999999998	-1.58627	0.126858	-0.549388	0.589739	0.5919300000000001	0.0	0.10299000000000001	0.7508090000000001	-0.6524409999999999	0.0	-0.8291959999999999	-0.29748	-0.47322200000000003	0.0	0.49928900000000004	-1.76964	-0.8037810000000001	0.355894	
1	-0.187779	0.414062	-0.890669	0.0	-0.31886	0.831989	0.454007	0.0	0.9290139999999999	0.369252	-0.024202	0.0	-2.01265	-1.81845	-1.5435	0.126776	-0.559854	0.56767	0.603585	0.0	0.08782260000000001	0.764997	-0.638018	0.0	-0.823924	-0.304188	-0.478141	0.0	0.473839	-1.8066	-0.812999	0.35584099999999996	
1	-0.183108	0.380689	-0.906393	0.0	-0.333395	0.843298	0.421541	0.0	0.9248350000000001	0.379374	-0.027495	0.0	-1.93241	-1.7005099999999997	-1.51825	0.126671	-0.572447	0.538925	0.6179520000000001	0.0	0.06976289999999999	0.782933	-0.618182	0.0	-0.816969	-0.310766	-0.485785	0.0	0.44510200000000005	-1.85362	-0.820549	0.35580100000000003	
1	-0.173578	0.345857	-0.922092	0.0	-0.346541	0.854973	0.385916	0.0	0.9218350000000001	0.386529	-0.0285512	0.0	-1.86378	-1.6361299999999999	-1.47526	0.126662	-0.5811689999999999	0.5110979999999999	0.633262	0.0	0.053277099999999994	0.8003979999999999	-0.597097	0.0	-0.812037	-0.313276	-0.492396	0.0	0.407746	-1.90885	-0.8568979999999999	0.355982	
1	-0.171993	0.320947	-0.931349	0.0	-0.35605	0.8612700000000001	0.36255	0.0	0.9185030000000001	0.393962	-0.0338595	0.0	-1.8112700000000002	-1.5401799999999999	-1.37725	0.12665099999999999	-0.5847060000000001	0.495288	0.642502	0.0	0.0466431	0.8112090000000001	-0.582893	0.0	-0.809904	-0.310852	-0.497421	0.0	0.369989	-1.9680000000000002	-0.909014	0.355981	
1	-0.166931	0.285801	-0.9436379999999999	0.0	-0.375853	0.8663549999999999	0.328883	0.0	0.9115200000000001	0.40957	-0.037203	0.0	-1.7543	-1.45946	-1.32308	0.125923	-0.588511	0.486015	0.6461	0.0	0.04498680000000001	0.817591	-0.5740390000000001	0.0	-0.807237	-0.308762	-0.503025	0.0	0.35284499999999996	-1.9925400000000002	-0.9466389999999999	0.356522	
1	-0.16326	0.267429	-0.9496459999999999	0.0	-0.380333	0.8711	0.310695	0.0	0.910326	0.41190600000000005	-0.0405036	0.0	-1.7663200000000001	-1.44229	-1.31359	0.126103	-0.593897	0.46738500000000005	0.654857	0.0	0.035589800000000005	0.8284159999999999	-0.558982	0.0	-0.8037529999999999	-0.30867100000000003	-0.508628	0.0	0.352285	-1.97328	-0.9423450000000001	0.357586	
1	-0.163966	0.250338	-0.9541729999999999	0.0	-0.383753	0.874886	0.295481	0.0	0.9087620000000001	0.414616	-0.047383499999999995	0.0	-1.77375	-1.43087	-1.3002	0.126089	-0.599158	0.455103	0.658704	0.0	0.0368039	0.837518	-0.545169	0.0	-0.799784	-0.3024	-0.518555	0.0	0.339385	-1.9547900000000002	-0.9465520000000001	0.35783000000000004	
1	-0.1512	0.21880100000000002	-0.9639840000000001	0.0	-0.392664	0.881661	0.261705	0.0	0.907168	0.418091	-0.0473916	0.0	-1.7861	-1.42445	-1.30555	0.125743	-0.597494	0.45375699999999997	0.66114	0.0	0.0384325	0.839751	-0.54161	0.0	-0.800952	-0.298199	-0.519185	0.0	0.346889	-1.9423400000000002	-0.977299	0.358162	
1	-0.151726	0.202774	-0.9674	0.0	-0.396348	0.884117	0.24748	0.0	0.9054770000000001	0.420976	-0.0537745	0.0	-1.80945	-1.4075	-1.29482	0.125725	-0.599374	0.45198599999999994	0.66065	0.0	0.0448809	0.8430059999999999	-0.536028	0.0	-0.7992100000000001	-0.291631	-0.525562	0.0	0.338622	-1.9258400000000002	-1.0054100000000001	0.35784299999999997	
1	-0.15478699999999998	0.194578	-0.9685969999999999	0.0	-0.395156	0.88638	0.24120999999999998	0.0	0.905479	0.420083	-0.0603119	0.0	-1.82387	-1.41015	-1.26306	0.126089	-0.5925590000000001	0.455617	0.6642939999999999	0.0	0.050036800000000006	0.8438969999999999	-0.5341670000000001	0.0	-0.803971	-0.28328600000000004	-0.522856	0.0	0.31154699999999996	-1.91363	-1.02099	0.357752	
1	-0.15190399999999998	0.18379600000000001	-0.9711559999999999	0.0	-0.397596	0.888193	0.230285	0.0	0.904899	0.421109	-0.061842999999999995	0.0	-1.82893	-1.4289100000000001	-1.2424	0.126022	-0.5899449999999999	0.45983199999999996	0.663717	0.0	0.055817	0.8432559999999999	-0.5346069999999999	0.0	-0.805512	-0.27834200000000003	-0.523141	0.0	0.289537	-1.905	-1.00247	0.356157	
1	-0.15467899999999998	0.194305	-0.968669	0.0	-0.394669	0.8866860000000001	0.240882	0.0	0.90571	0.419563	-0.060465599999999994	0.0	-1.8162099999999999	-1.4650100000000001	-1.21852	0.126025	-0.5903689999999999	0.463887	0.66051	0.0	0.0533999	0.838996	-0.541511	0.0	-0.805365	-0.28442	-0.520088	0.0	0.24374899999999997	-1.8869599999999997	-0.9571649999999999	0.356196	
1	-0.154204	0.189888	-0.96962	0.0	-0.390441	0.8897729999999999	0.23634499999999997	0.0	0.9076219999999999	0.415025	-0.063067	0.0	-1.6599099999999998	-1.48585	-1.28608	0.126579	-0.568384	0.475605	0.6713720000000001	0.0	0.0465184	0.833267	-0.5509109999999999	0.0	-0.821448	-0.28189699999999995	-0.49573999999999996	0.0	0.058788	-1.89238	-0.803395	0.35270799999999997	
1	-0.158147	0.202997	-0.966324	0.0	-0.385817	0.8881370000000001	0.24971500000000002	0.0	0.9089200000000001	0.41231599999999996	-0.062136699999999996	0.0	-1.6308799999999999	-1.5396100000000001	-1.2597200000000002	0.12645699999999999	-0.56723	0.48827200000000004	0.6632060000000001	0.0	0.056208100000000004	0.8263659999999999	-0.560322	0.0	-0.8216399999999999	-0.280553	-0.496184	0.0	0.0209129	-1.87085	-0.690826	0.351589	
1	-0.15783699999999998	0.194407	-0.968139	0.0	-0.389807	0.8885379999999999	0.241973	0.0	0.90727	0.41558	-0.0644627	0.0	-1.6151200000000001	-1.59998	-1.27205	0.126416	-0.562317	0.503152	0.65623	0.0	0.056084800000000004	0.81496	-0.576797	0.0	-0.825018	-0.287538	-0.48648500000000006	0.0	0.00393416	-1.75767	-0.535559	0.35271199999999997	
1	-0.143048	0.18742799999999998	-0.971807	0.0	-0.393389	0.8902399999999999	0.22960300000000003	0.0	0.908176	0.415142	-0.053614999999999996	0.0	-1.60327	-1.6243	-1.29308	0.12631900000000001	-0.565344	0.5066579999999999	0.65091	0.0	0.0585165	0.811767	-0.5810420000000001	0.0	-0.8227770000000001	-0.2904	-0.488576	0.0	0.013595699999999999	-1.6982	-0.49672799999999995	0.354018	
1	-0.134294	0.169533	-0.976332	0.0	-0.409703	0.8876040000000001	0.21048000000000003	0.0	0.90228	0.42827200000000004	-0.049742	0.0	-1.55695	-1.6586900000000002	-1.26768	0.12600699999999998	-0.5598850000000001	0.495174	0.664328	0.0	0.0523097	0.8213	-0.5680930000000001	0.0	-0.826918	-0.283316	-0.48573599999999995	0.0	0.021497799999999997	-1.6802400000000002	-0.475389	0.35030700000000004	
1	-0.129484	0.164227	-0.9778870000000001	0.0	-0.39829499999999995	0.8945200000000001	0.202965	0.0	0.9080719999999999	0.41576899999999994	-0.050415499999999995	0.0	-1.55441	-1.69035	-1.24416	0.126248	-0.5650350000000001	0.49968	0.6565479999999999	0.0	0.03711880000000001	0.810341	-0.584782	0.0	-0.824232	-0.306052	-0.476418	0.0	0.0263995	-1.68734	-0.485145	0.283175	
1	-0.140483	0.193125	-0.971065	0.0	-0.41177600000000003	0.880545	0.234694	0.0	0.9003909999999999	0.432832	-0.044177499999999995	0.0	-1.56501	-1.71068	-1.2569	0.125924	-0.569429	0.5442239999999999	0.6160939999999999	0.0	0.0357995	0.765175	-0.642827	0.0	-0.821261	-0.343988	-0.455196	0.0	0.0899624	-1.7003	-0.48855200000000004	0.182635	
1	-0.140506	0.19015	-0.971649	0.0	-0.41215	0.881077	0.232025	0.0	0.900217	0.433066	-0.0454265	0.0	-1.56352	-1.71416	-1.2686600000000001	0.125883	-0.564653	0.5489109999999999	0.6163310000000001	0.0	0.029404800000000002	0.759676	-0.649637	0.0	-0.8248040000000001	-0.348696	-0.44509399999999993	0.0	0.0942553	-1.7009	-0.505358	0.182755	
1	-0.12192599999999999	0.189681	-0.974246	0.0	-0.40826	0.8851030000000001	0.223419	0.0	0.9046870000000001	0.424986	-0.0304781	0.0	-1.54169	-1.69425	-1.2563799999999998	0.126381	-0.56314	0.5675939999999999	0.600592	0.0	0.0251222	0.738214	-0.674099	0.0	-0.8259799999999999	-0.36452399999999996	-0.42997700000000005	0.0	0.087868	-1.69376	-0.52274	0.18190699999999999	
1	-0.135068	0.19786700000000002	-0.970879	0.0	-0.41192	0.879956	0.236643	0.0	0.9011540000000001	0.431888	-0.0373483	0.0	-1.5073	-1.68897	-1.2384700000000002	0.127886	-0.563278	0.570351	0.597845	0.0	0.0230634	0.734119	-0.678629	0.0	-0.825946	-0.36846799999999996	-0.426667	0.0	0.06858600000000001	-1.68632	-0.5246970000000001	0.191456	
1	-0.11746199999999998	0.179839	-0.976658	0.0	-0.411612	0.886194	0.21268499999999999	0.0	0.903758	0.426987	-0.030069799999999997	0.0	-1.5164	-1.6634	-1.24273	0.11262	-0.566449	0.569391	0.595759	0.0	0.052868	0.7465430000000001	-0.663234	0.0	-0.822399	-0.344192	-0.452981	0.0	0.116424	-1.6881700000000002	-0.520079	0.181317	
1	-0.11915899999999999	0.20613	-0.971242	0.0	-0.402855	0.884034	0.23704699999999998	0.0	0.907474	0.419516	-0.022300200000000003	0.0	-1.4966899999999999	-1.62484	-1.21232	0.11256500000000001	-0.572639	0.5697770000000001	0.589438	0.0	0.0480441	0.741084	-0.669691	0.0	-0.818398	-0.355172	-0.45174899999999996	0.0	0.116776	-1.7068299999999998	-0.521568	0.182524	
1	-0.10917	0.19881600000000002	-0.973937	0.0	-0.405481	0.8856620000000001	0.22624699999999998	0.0	0.9075610000000001	0.419613	-0.0160714	0.0	-1.48069	-1.49474	-1.22233	0.175128	-0.578839	0.537752	0.613	0.0	0.066539	0.7803800000000001	-0.6217550000000001	0.0	-0.812723	-0.31910700000000003	-0.487496	0.0	0.08693279999999999	-1.82135	-0.539845	0.155524	
1	-0.12321300000000002	0.294402	-0.9477059999999999	0.0	-0.391675	0.863028	0.31901999999999997	0.0	0.911817	0.410499	0.00897378	0.0	-1.31085	-1.49509	-1.17181	0.267998	-0.593565	0.528864	0.606617	0.0	0.0465265	0.775051	-0.630184	0.0	-0.8034399999999999	-0.345831	-0.484649	0.0	0.125906	-1.8033099999999997	-0.56828	0.137222	
1	-0.131866	0.308126	-0.942162	0.0	-0.38690399999999997	0.859075	0.335104	0.0	0.912643	0.408715	0.00593174	0.0	-1.3106799999999998	-1.53675	-1.17445	0.269648	-0.600579	0.5251560000000001	0.602923	0.0	0.0347682	0.7705029999999999	-0.636488	0.0	-0.798809	-0.361299	-0.48100600000000004	0.0	0.13894600000000001	-1.7847400000000002	-0.5944619999999999	0.135819	
1	-0.127192	0.39300799999999997	-0.910696	0.0	-0.36162	0.836584	0.41153100000000004	0.0	0.923609	0.381669	0.035712400000000005	0.0	-1.3838700000000002	-1.6666299999999998	-1.1614799999999998	0.277731	-0.6219210000000001	0.504444	0.598957	0.0	0.007794800000000001	0.768824	-0.639413	0.0	-0.783041	-0.392996	-0.48208	0.0	0.233224	-1.6873099999999999	-0.6624369999999999	0.13101300000000002	
1	-0.121893	0.47258599999999995	-0.872814	0.0	-0.345411	0.8042060000000001	0.483677	0.0	0.930502	0.360437	0.065209	0.0	-1.42759	-1.78078	-1.1838799999999998	0.286389	-0.641363	0.48290500000000003	0.596201	0.0	0.00372848	0.779027	-0.626979	0.0	-0.767228	-0.399898	-0.50144	0.0	0.300325	-1.61389	-0.6718350000000001	0.130614	
1	-0.0914335	0.606161	-0.7900689999999999	0.0	-0.248302	0.754455	0.607572	0.0	0.9643579999999999	0.251728	0.0815286	0.0	-1.51074	-2.0379400000000003	-1.18706	0.31164200000000003	-0.678812	0.430216	0.595087	0.0	-0.0210982	0.798639	-0.60144	0.0	-0.73401	-0.42081999999999997	-0.533049	0.0	0.513704	-1.50492	-0.770316	0.12846300000000002	
5	-0.07226289999999999	0.682615	-0.727197	0.0	-0.160941	0.711568	0.683937	0.0	0.9843149999999999	0.166459	0.058440599999999995	0.0	-1.5679100000000001	-2.16214	-1.1974799999999999	0.325587	-0.7030649999999999	0.403466	0.585589	0.0	-0.0357691	0.802362	-0.595765	0.0	-0.710226	-0.439808	-0.5496810000000001	0.0	0.619826	-1.4775200000000002	-0.843828	0.126866	
5	-0.034778500000000004	0.752342	-0.657854	0.0	-0.0698826	0.65481	0.752556	0.0	0.996949	0.0721452	0.029802299999999997	0.0	-1.63506	-2.3813299999999997	-1.26447	0.342917	-0.7349100000000001	0.35346	0.578769	0.0	-0.074349	0.806297	-0.58682	0.0	-0.674077	-0.47429099999999996	-0.566276	0.0	0.84883	-1.4496	-0.971673	0.12621500000000002	
5	-0.0311343	0.777508	-0.628102	0.0	-0.0321043	0.627305	0.778112	0.0	0.998999	0.0443907	0.00543058	0.0	-1.7326	-2.53736	-1.38562	0.34903	-0.755106	0.328744	0.567224	0.0	-0.0900849	0.80496	-0.5864510000000001	0.0	-0.649385	-0.49393000000000004	-0.5782149999999999	0.0	1.13341	-1.4359	-1.11386	0.12604300000000002	
5	-0.030983899999999998	0.7896810000000001	-0.612734	0.0	-0.0236084	0.612279	0.790289	0.0	0.9992409999999999	0.038952	-0.00032764700000000003	0.0	-1.7655299999999998	-2.59108	-1.43909	0.352078	-0.766624	0.310359	0.5621079999999999	0.0	-0.10435599999999999	0.803563	-0.586	0.0	-0.63356	-0.507901	-0.583643	0.0	1.20974	-1.44277	-1.1487	0.12606099999999998	
5	0.00470877	0.8206600000000001	-0.571397	0.0	0.0133945	0.5713	0.8206319999999999	0.0	0.999899	-0.0115178	-0.00830227	0.0	-1.82618	-2.7328799999999998	-1.50427	0.356423	-0.816749	0.182159	0.547484	0.0	-0.22313400000000003	0.775319	-0.5908399999999999	0.0	-0.5321020000000001	-0.60473	-0.592596	0.0	1.4231	-1.49925	-1.2569299999999999	0.125925	
5	0.0358751	0.852269	-0.521872	0.0	0.07681489999999999	0.518311	0.851735	0.0	0.9964	-0.0706437	-0.0468726	0.0	-1.8868099999999999	-2.77829	-1.5635700000000001	0.354742	-0.845356	0.0602039	0.5308	0.0	-0.341621	0.702971	-0.6238	0.0	-0.410692	-0.708665	-0.5736939999999999	0.0	1.56227	-1.57838	-1.3296700000000001	0.125826	
5	0.0838472	0.89264	-0.442904	0.0	0.159551	0.426708	0.8902040000000001	0.0	0.9836219999999999	-0.145307	-0.106644	0.0	-1.99291	-2.8147599999999997	-1.6870599999999998	0.351223	-0.8549700000000001	-0.00443433	0.518659	0.0	-0.41753500000000004	0.59914	-0.6831510000000001	0.0	-0.30772	-0.800632	-0.5140979999999999	0.0	1.7190299999999998	-1.71918	-1.40352	0.125998	
5	0.177456	0.940657	-0.28926399999999997	0.0	0.255965	0.239697	0.9364969999999999	0.0	0.950258	-0.240229	-0.19824	0.0	-2.14216	-2.77452	-1.8326799999999999	0.34985900000000003	-0.8653059999999999	-0.07014889999999999	0.49631099999999995	0.0	-0.460621	0.501763	-0.732162	0.0	-0.19767	-0.8621559999999999	-0.466491	0.0	1.92251	-1.96272	-1.54136	0.125748	
5	0.189679	0.943923	-0.270243	0.0	0.264573	0.21591999999999997	0.939883	0.0	0.945528	-0.24977600000000003	-0.208781	0.0	-2.15388	-2.76538	-1.8613400000000002	0.349246	-0.8639819999999999	-0.0781538	0.497421	0.0	-0.46675900000000003	0.49486099999999994	-0.732973	0.0	-0.18887	-0.865451	-0.46403	0.0	1.95491	-2.0091	-1.57172	0.126124	
5	0.31847800000000004	0.9421149999999999	-0.10483699999999999	0.0	0.327032	-0.00539421	0.944998	0.0	0.8897309999999999	-0.33524699999999996	-0.309819	0.0	-2.26947	-2.68994	-1.98787	0.34789899999999996	-0.8710399999999999	-0.098975	0.481138	0.0	-0.476346	0.40935	-0.7781560000000001	0.0	-0.11993599999999999	-0.906993	-0.403706	0.0	2.18471	-2.39566	-1.74237	0.125824	
5	0.35200000000000004	0.934357	-0.055434000000000004	0.0	0.350688	-0.076741	0.933343	0.0	0.867821	-0.347977	-0.35468099999999997	0.0	-2.37624	-2.6356	-2.1036	0.346911	-0.8809999999999999	-0.0898982	0.46449799999999997	0.0	-0.463262	0.36325999999999997	-0.808351	0.0	-0.09606410000000001	-0.927341	-0.361678	0.0	2.31792	-2.58963	-1.8753900000000001	0.120179	
5	0.373807	0.9268290000000001	-0.0354457	0.0	0.355039	-0.107679	0.928629	0.0	0.856864	-0.359713	-0.369312	0.0	-2.4253099999999996	-2.63132	-2.11823	0.346974	-0.9038200000000001	-0.0953555	0.417153	0.0	-0.425328	0.307165	-0.8513200000000001	0.0	-0.046956599999999994	-0.946867	-0.318179	0.0	2.3100099999999997	-2.67696	-1.98846	0.127992	
5	0.383146	0.923324	-0.0259302	0.0	0.34828200000000004	-0.11840999999999999	0.929881	0.0	0.855511	-0.365311	-0.36694499999999997	0.0	-2.43625	-2.65004	-2.09694	0.34717	-0.912543	-0.0962619	0.397491	0.0	-0.40687399999999996	0.31222	-0.8584709999999999	0.0	-0.0414669	-0.9451200000000001	-0.324081	0.0	2.3155900000000003	-2.66568	-2.00922	0.132162	
5	0.386294	0.922156	-0.0201452	0.0	0.345525	-0.124422	0.930125	0.0	0.8552129999999999	-0.366262	-0.366691	0.0	-2.43954	-2.69995	-2.09227	0.347427	-0.9291290000000001	-0.113451	0.35191999999999996	0.0	-0.369726	0.273235	-0.888057	0.0	0.00459403	-0.955234	-0.295817	0.0	2.32591	-2.59483	-2.07177	0.14232999999999998	
5	0.382643	0.923658	-0.0209799	0.0	0.342696	-0.120807	0.9316469999999999	0.0	0.8579889999999999	-0.363678	-0.362759	0.0	-2.43655	-2.70871	-2.08764	0.346968	-0.938451	-0.108125	0.328054	0.0	-0.344264	0.215362	-0.913839	0.0	0.028158299999999997	-0.9705299999999999	-0.239331	0.0	2.35685	-2.54658	-2.1346700000000003	0.143087	
5	0.381538	0.9240870000000001	-0.0221895	0.0	0.343848	-0.119604	0.931377	0.0	0.8580200000000001	-0.362985	-0.36337800000000003	0.0	-2.42488	-2.70733	-2.09	0.346887	-0.9411889999999999	-0.1104	0.319336	0.0	-0.335876	0.202897	-0.919794	0.0	0.0367527	-0.972957	-0.228046	0.0	2.3496200000000003	-2.54568	-2.1471299999999998	0.14309000000000002	
5	0.386319	0.9222389999999999	-0.015261700000000001	0.0	0.344758	-0.12903	0.929781	0.0	0.855511	-0.364454	-0.367796	0.0	-2.41817	-2.70837	-2.0924099999999997	0.346952	-0.9407059999999999	-0.118753	0.317757	0.0	-0.337882	0.24482600000000002	-0.9087879999999999	0.0	0.030125799999999998	-0.962267	-0.270434	0.0	2.35555	-2.49837	-2.1009700000000002	0.139544	
5	0.387648	0.9217139999999999	-0.013119200000000001	0.0	0.34615	-0.13236099999999998	0.928795	0.0	0.854347	-0.364586	-0.370361	0.0	-2.4366	-2.71656	-2.10474	0.346796	-0.943139	-0.11314500000000001	0.312551	0.0	-0.33217800000000003	0.286437	-0.8986719999999999	0.0	0.0121544	-0.9513950000000001	-0.307734	0.0	2.50438	-2.24293	-1.96947	0.10360699999999999	
5	0.38566500000000004	0.9225469999999999	-0.013016999999999999	0.0	0.346879	-0.131909	0.928588	0.0	0.854949	-0.362639	-0.37088499999999996	0.0	-2.44575	-2.72092	-2.10193	0.346756	-0.947392	-0.102386	0.30326	0.0	-0.32006100000000004	0.29341999999999996	-0.9008139999999999	0.0	0.00324774	-0.950485	-0.310754	0.0	2.97222	-1.8671400000000002	-1.41212	0.0	
5	0.383704	0.923415	-0.00874928	0.0	0.34519	-0.13463599999999998	0.928826	0.0	0.856513	-0.359414	-0.37041399999999997	0.0	-2.43758	-2.7208099999999997	-2.11282	0.347033	-0.9473860000000001	-0.0900448	0.307167	0.0	-0.319821	0.30584	-0.896759	0.0	-0.0131955	-0.947815	-0.31854699999999997	0.0	2.94599	-1.6977200000000001	-1.3131700000000002	0.0	
5	0.381763	0.924241	-0.0059323	0.0	0.343558	-0.135944	0.92924	0.0	0.858036	-0.356788	-0.369429	0.0	-2.4192400000000003	-2.72978	-2.1352	0.347353	-0.9422659999999999	-0.09148669999999999	0.322125	0.0	-0.333411	0.345846	-0.877056	0.0	-0.031166700000000002	-0.9338200000000001	-0.35638200000000003	0.0	2.92435	-1.51835	-1.26047	0.0	
5	0.381826	0.924225	-0.00409678	0.0	0.342833	-0.137516	0.929277	0.0	0.858298	-0.35622600000000004	-0.36936199999999997	0.0	-2.41324	-2.73861	-2.1480799999999998	0.34715100000000004	-0.939041	-0.0879008	0.332379	0.0	-0.340852	0.364473	-0.866591	0.0	-0.044969199999999994	-0.927056	-0.372216	0.0	2.9085	-1.42805	-1.24084	0.0	
5	0.38350300000000004	0.923525	-0.00509232	0.0	0.34375500000000003	-0.137626	0.9289200000000001	0.0	0.8571799999999999	-0.357994	-0.370246	0.0	-2.4155	-2.74372	-2.15612	0.34697	-0.9410459999999999	-0.0828303	0.32798	0.0	-0.335134	0.360162	-0.8706139999999999	0.0	-0.0460127	-0.929205	-0.366688	0.0	2.88814	-1.34995	-1.18756	0.0	
5	0.382304	0.9240229999999999	-0.00492677	0.0	0.345696	-0.138079	0.928132	0.0	0.856935	-0.356532	-0.37222	0.0	-2.4146400000000003	-2.74077	-2.15817	0.347097	-0.9379219999999999	-0.07895	0.337744	0.0	-0.34278400000000003	0.359631	-0.867851	0.0	-0.0529462	-0.9297489999999999	-0.36436799999999997	0.0	2.82428	-1.32361	-1.1197	0.0	
