0	-0.293275	0.7868029999999999	-0.543076	0.0	0.0775963	0.58577	0.806754	0.0	0.952874	0.19446	-0.232844	0.0	-2.78174	1.97338	1.36125	3.7670100000000004e-05	0.200464	0.919969	-0.336854	0.0	0.037316699999999994	-0.350754	-0.935724	0.0	-0.9789899999999999	0.175008	-0.104644	0.0	2.65498	2.0007900000000003	1.55558	3.9869e-05	
0	-0.301858	0.786503	-0.53879	0.0	0.06393099999999999	0.58058	0.811689	0.0	0.951207	0.21056999999999998	-0.22553499999999999	0.0	-2.77495	1.94724	1.3972799999999999	0.0	0.192199	0.9259629999999999	-0.325042	0.0	0.036889599999999995	-0.337801	-0.9404950000000001	0.0	-0.980663	0.168772	-0.0990837	0.0	2.63876	1.94219	1.5842200000000002	0.0	
0	-0.30701799999999996	0.790116	-0.530525	0.0	0.05606559999999999	0.571495	0.818688	0.0	0.950051	0.221608	-0.21975799999999998	0.0	-2.77391	1.9241700000000002	1.38976	0.0	0.170973	0.946009	-0.275382	0.0	-0.00638354	-0.278428	-0.9604360000000001	0.0	-0.9852549999999999	0.165966	-0.041564699999999996	0.0	2.63037	1.86943	1.58114	0.0	
0	-0.273687	0.8457620000000001	-0.458021	0.0	0.06466000000000001	0.491304	0.868585	0.0	0.959643	0.20810399999999998	-0.18915	0.0	-2.76838	1.81808	1.39182	0.06507980000000001	0.18336	0.961368	-0.205306	0.0	-0.00638795	-0.207677	-0.9781770000000001	0.0	-0.983025	0.18067	-0.0319387	0.0	2.6177200000000003	1.7552599999999998	1.61163	0.107955	
0	-0.217417	0.9419120000000001	-0.25599099999999997	0.0	0.103183	0.282974	0.9535610000000001	0.0	0.9706100000000001	0.18090599999999998	-0.15871300000000002	0.0	-2.7443299999999997	1.6749599999999998	1.37487	0.344145	0.18967799999999999	0.9709610000000001	-0.145797	0.0	0.044873	-0.15691	-0.986593	0.0	-0.9808209999999999	0.180593	-0.07333250000000001	0.0	2.5628599999999997	1.55998	1.604	0.35578200000000004	
0	-0.0954715	0.9918299999999999	-0.0846074	0.0	0.14662	0.0980799	0.984319	0.0	0.984575	0.0815691	-0.15478599999999998	0.0	-2.6471400000000003	1.37622	1.33038	0.348938	0.152592	0.983835	-0.0937256	0.0	0.05186369999999999	-0.102677	-0.9933620000000001	0.0	-0.986928	0.14671800000000002	-0.06669320000000001	0.0	2.4201599999999996	1.2072100000000001	1.58679	0.357193	
0	0.10263199999999999	0.994719	8.9705e-05	0.0	0.17233900000000002	-0.0178702	0.984876	0.0	0.979676	-0.101064	-0.173263	0.0	-2.5999	0.9487770000000001	1.23264	0.351431	0.0872409	0.995783	-0.028385000000000004	0.0	0.0910742	-0.036347000000000004	-0.995181	0.0	-0.992015	0.08423530000000001	-0.09386110000000002	0.0	2.2508	0.8319700000000001	1.48415	0.358231	
0	0.266892	0.9598260000000001	0.0866173	0.0	0.202525	-0.14373	0.968672	0.0	0.942206	-0.240988	-0.23274899999999998	0.0	-2.56438	0.555046	1.0338100000000001	0.35137399999999996	-0.0708914	0.9951959999999999	0.0675162	0.0	0.12311300000000001	0.07589860000000001	-0.9894860000000001	0.0	-0.989857	-0.061834	-0.127902	0.0	2.05994	0.369849	1.2694	0.35781399999999997	
0	0.5785020000000001	0.8003	0.157654	0.0	0.162451	-0.30244899999999997	0.93922	0.0	0.7993399999999999	-0.51773	-0.304977	0.0	-2.67176	0.0194456	0.64669	0.351733	-0.321822	0.929266	0.181372	0.0	0.10688199999999999	0.22599499999999997	-0.968247	0.0	-0.9407479999999999	-0.292217	-0.172052	0.0	1.7945	-0.201172	0.820825	0.358012	
0	0.681467	0.7179840000000001	0.141782	0.0	0.143218	-0.320817	0.936251	0.0	0.717699	-0.617718	-0.321454	0.0	-2.74134	-0.250104	0.403876	0.351674	-0.426212	0.8774799999999999	0.21993800000000002	0.0	0.0861956	0.281413	-0.955708	0.0	-0.900507	-0.388376	-0.195576	0.0	1.58085	-0.448903	0.517979	0.35799899999999996	
0	0.80306	0.576583	0.15049	0.0	0.0728121	-0.345595	0.9355549999999999	0.0	0.591434	-0.7403489999999999	-0.31951599999999997	0.0	-2.7261599999999997	-0.544006	0.21201199999999998	0.351122	-0.452288	0.860964	0.23275900000000002	0.0	0.0786245	0.298453	-0.9511799999999999	0.0	-0.8883989999999999	-0.41190699999999997	-0.202679	0.0	1.3846399999999999	-0.578811	0.27062800000000004	0.358136	
0	0.8855870000000001	0.444259	0.135535	0.0	0.0180511	-0.324502	0.9457129999999999	0.0	0.46412299999999995	-0.8350639999999999	-0.295394	0.0	-2.71693	-0.7810159999999999	0.110899	0.35070100000000004	-0.487252	0.8419700000000001	0.231673	0.0	0.0598405	0.296865	-0.9530430000000001	0.0	-0.871209	-0.450508	-0.19503199999999998	0.0	1.2637	-0.69465	0.230028	0.357956	
0	0.9514549999999999	0.24970100000000003	0.17995	0.0	-0.106272	-0.282184	0.953456	0.0	0.288858	-0.9262950000000001	-0.24194899999999997	0.0	-2.78232	-1.24609	-0.07953510000000001	0.34949	-0.500628	0.838098	0.21671300000000002	0.0	0.043706199999999994	0.274496	-0.9605950000000001	0.0	-0.864559	-0.47142799999999996	-0.17405	0.0	1.14486	-0.7977	0.286145	0.357829	
0	0.95299	0.20759	0.22071799999999997	0.0	-0.180447	-0.196354	0.963786	0.0	0.243412	-0.958307	-0.14966500000000002	0.0	-2.65397	-1.6602599999999998	-0.15469000000000002	0.348883	-0.508654	0.835368	0.208404	0.0	0.036754400000000007	0.26290399999999997	-0.9641219999999999	0.0	-0.860186	-0.48274399999999995	-0.164431	0.0	1.12354	-0.79918	0.42864300000000005	0.35862	
0	0.9494	0.15115	0.275307	0.0	-0.24401399999999998	-0.196879	0.949576	0.0	0.19773	-0.968706	-0.150034	0.0	-2.5775099999999997	-1.99935	-0.292971	0.348986	-0.5266029999999999	0.8245469999999999	0.206909	0.0	0.038008600000000003	0.265984	-0.9632280000000001	0.0	-0.849261	-0.499374	-0.171408	0.0	1.16565	-0.8043779999999999	0.514296	0.358619	
0	0.958045	0.0970489	0.269687	0.0	-0.24449400000000002	-0.214312	0.9456709999999999	0.0	0.149573	-0.971932	-0.181593	0.0	-2.61491	-2.23703	-0.620106	0.34777199999999997	-0.540244	0.819508	0.191164	0.0	0.0425616	0.253488	-0.9664020000000001	0.0	-0.840432	-0.5139560000000001	-0.171825	0.0	1.24841	-0.7965720000000001	0.58204	0.358389	
0	0.957766	0.0615585	0.280881	0.0	-0.260786	-0.225555	0.9386770000000001	0.0	0.12113800000000001	-0.972284	-0.199975	0.0	-2.5386900000000003	-2.43831	-0.867058	0.348179	-0.537446	0.822757	0.184994	0.0	0.0407704	0.244464	-0.968801	0.0	-0.8423120000000001	-0.5131359999999999	-0.16493	0.0	1.28403	-0.794093	0.705974	0.35820599999999997	
0	0.9622	0.0203885	0.271581	0.0	-0.261049	-0.215173	0.941039	0.0	0.0776233	-0.9763629999999999	-0.201717	0.0	-2.5937900000000003	-2.68575	-1.03626	0.34786	-0.535766	0.8228040000000001	0.1896	0.0	0.037690499999999995	0.24762800000000001	-0.9681219999999999	0.0	-0.843525	-0.51154	-0.163683	0.0	1.28046	-0.8192229999999999	0.764353	0.358456	
0	0.97001	-0.00478972	0.243019	0.0	-0.239186	-0.196731	0.950835	0.0	0.043255	-0.9804459999999999	-0.191977	0.0	-2.68439	-2.8607	-1.14157	0.347041	-0.533818	0.823209	0.193299	0.0	0.0341411	0.24939	-0.967801	0.0	-0.84491	-0.51003	-0.161234	0.0	1.27652	-0.8418469999999999	0.7790189999999999	0.358404	
0	0.977217	-0.0120483	0.211898	0.0	-0.21053000000000002	-0.181513	0.9605879999999999	0.0	0.026889	-0.9833149999999999	-0.17991500000000002	0.0	-2.83823	-3.08033	-1.2579200000000001	0.347474	-0.534191	0.822933	0.193447	0.0	0.0336606	0.24935700000000002	-0.9678260000000001	0.0	-0.8446940000000001	-0.5104920000000001	-0.160905	0.0	1.2839399999999999	-0.843791	0.809387	0.358506	
0	0.97883	-0.013424700000000001	0.204235	0.0	-0.20285599999999998	-0.196384	0.9593139999999999	0.0	0.0272301	-0.9804350000000001	-0.19495	0.0	-2.9335400000000003	-3.20506	-1.35799	0.357937	-0.532867	0.823254	0.195721	0.0	0.031147199999999996	0.250219	-0.9676879999999999	0.0	-0.845626	-0.5095529999999999	-0.158975	0.0	1.28627	-0.845208	0.8072560000000001	0.358506	
0	0.982016	0.000662602	0.188799	0.0	-0.185131	-0.192799	0.963616	0.0	0.037038699999999994	-0.9812379999999999	-0.189209	0.0	-2.99358	-3.31221	-1.35018	0.35676199999999997	-0.5361020000000001	0.8210930000000001	0.19596	0.0	0.0333955	0.25258600000000003	-0.9669979999999999	0.0	-0.843492	-0.5118659999999999	-0.162833	0.0	1.2807899999999999	-0.848309	0.788479	0.358375	
0	0.9818	0.009315799999999999	0.18968800000000002	0.0	-0.184451	-0.191118	0.964081	0.0	0.045233999999999996	-0.9815229999999999	-0.185922	0.0	-3.00388	-3.34459	-1.35372	0.3564	-0.538661	0.820623	0.19085	0.0	0.031127600000000002	0.24575100000000002	-0.9688329999999999	0.0	-0.8419479999999999	-0.515931	-0.15792	0.0	1.2957299999999998	-0.844851	0.8253229999999999	0.358346	
0	0.9817370000000001	0.0101573	0.189972	0.0	-0.184558	-0.191459	0.963993	0.0	0.046163300000000004	-0.981448	-0.186088	0.0	-3.00812	-3.35039	-1.3479	0.355969	-0.539764	0.8205290000000001	0.188115	0.0	0.030857299999999997	0.242598	-0.969636	0.0	-0.841251	-0.51757	-0.15626500000000002	0.0	1.30035	-0.842347	0.8420219999999999	0.35838400000000004	
0	0.9818620000000001	0.0163638	0.188887	0.0	-0.182206	-0.19396300000000002	0.963939	0.0	0.05241080000000001	-0.980872	-0.18746300000000002	0.0	-2.99979	-3.35285	-1.35885	0.355674	-0.541694	0.820401	0.183059	0.0	0.0343699	0.239213	-0.970359	0.0	-0.839873	-0.519345	-0.157778	0.0	1.31777	-0.8353780000000001	0.879768	0.358605	
0	0.9820969999999999	0.0210536	0.187193	0.0	-0.17973699999999998	-0.192719	0.9646520000000001	0.0	0.0563851	-0.981028	-0.18548499999999998	0.0	-2.99423	-3.35497	-1.35843	0.35485	-0.543871	0.818714	0.184152	0.0	0.039517000000000004	0.244189	-0.968922	0.0	-0.8382379999999999	-0.519691	-0.16516	0.0	1.32722	-0.8396899999999999	0.881266	0.35831799999999997	
0	0.982676	0.0255955	0.183555	0.0	-0.175547	-0.189001	0.966158	0.0	0.0594215	-0.981643	-0.181233	0.0	-2.9872099999999997	-3.3539199999999996	-1.34494	0.349432	-0.54179	0.8200709999999999	0.184248	0.0	0.040270099999999996	0.244284	-0.968867	0.0	-0.839549	-0.5175029999999999	-0.165375	0.0	1.3362	-0.8465450000000001	0.87913	0.358496	
0	0.983139	0.024565599999999996	0.181204	0.0	-0.173529	-0.1872	0.966873	0.0	0.057673199999999994	-0.982015	-0.17978	0.0	-2.98717	-3.35331	-1.33111	0.349456	-0.539675	0.8218559999999999	0.18249300000000002	0.0	0.043997800000000004	0.24400700000000003	-0.968775	0.0	-0.840723	-0.514794	-0.167845	0.0	1.33635	-0.850778	0.8768020000000001	0.358317	
0	0.983935	0.0282906	0.176272	0.0	-0.16855799999999999	-0.17813199999999998	0.969462	0.0	0.0588264	-0.9836	-0.170502	0.0	-2.97855	-3.3521099999999997	-1.29799	0.34613	-0.537374	0.823292	0.182809	0.0	0.044727800000000005	0.244284	-0.968672	0.0	-0.8421569999999999	-0.512362	-0.168096	0.0	1.3326200000000001	-0.846676	0.878742	0.358259	
0	0.983936	0.0282704	0.17627	0.0	-0.168562	-0.178083	0.9694709999999999	0.0	0.058798	-0.9836090000000001	-0.170457	0.0	-2.97885	-3.35174	-1.2962	0.346585	-0.537529	0.8232370000000001	0.1826	0.0	0.0448298	0.244137	-0.9687040000000001	0.0	-0.842053	-0.512521	-0.16813699999999998	0.0	1.33273	-0.8460209999999999	0.87803	0.35826399999999997	
0	0.983936	0.028273000000000003	0.176268	0.0	-0.168561	-0.178071	0.9694729999999999	0.0	0.0587981	-0.983611	-0.170444	0.0	-2.9788799999999998	-3.35175	-1.29635	0.346586	-0.537528	0.8232379999999999	0.182602	0.0	0.044828	0.24413800000000002	-0.9687040000000001	0.0	-0.8420540000000001	-0.512519	-0.16813499999999998	0.0	1.33275	-0.846039	0.878028	0.35826399999999997	
0	0.983936	0.028272500000000002	0.176269	0.0	-0.168561	-0.178072	0.9694729999999999	0.0	0.058798	-0.983611	-0.170445	0.0	-2.9788799999999998	-3.35175	-1.29636	0.346585	-0.537528	0.8232379999999999	0.182602	0.0	0.0448283	0.24413800000000002	-0.9687040000000001	0.0	-0.842053	-0.51252	-0.16813499999999998	0.0	1.33275	-0.8460409999999999	0.878028	0.35826399999999997	
0	0.983936	0.0282726	0.176269	0.0	-0.168561	-0.178072	0.9694729999999999	0.0	0.058798	-0.983611	-0.170445	0.0	-2.9788799999999998	-3.35175	-1.29636	0.346585	-0.537528	0.8232379999999999	0.182602	0.0	0.0448284	0.24413800000000002	-0.9687040000000001	0.0	-0.842053	-0.51252	-0.16813499999999998	0.0	1.33275	-0.84604	0.878027	0.35826399999999997	
0	0.9531620000000001	0.30246100000000004	3.23504e-05	0.0	0.0656099	-0.206864	0.976167	0.0	0.29525999999999997	-0.930443	-0.21701900000000002	0.0	-2.9294	-3.02153	-1.20933	0.34781599999999996	-0.534334	0.8269860000000001	0.174875	0.0	0.0596477	0.243261	-0.968125	0.0	-0.843166	-0.506872	-0.17931	0.0	1.32295	-0.8717360000000001	0.922032	0.358614	
0	0.9514299999999999	0.30785	0.00307727	0.0	0.0879163	-0.281263	0.9555950000000001	0.0	0.295045	-0.908911	-0.294667	0.0	-2.91978	-2.14032	-0.914849	0.349167	-0.531619	0.830493	0.166321	0.0	0.0648784	0.23571999999999999	-0.9696530000000001	0.0	-0.8444959999999999	-0.504695	-0.179195	0.0	1.3462399999999999	-0.863949	0.9357	0.35882800000000004	
0	0.9541639999999999	0.299097	0.0105479	0.0	0.08647460000000001	-0.309265	0.9470360000000001	0.0	0.286518	-0.902716	-0.320954	0.0	-2.8893299999999997	-1.84371	-0.7992670000000001	0.348856	-0.531259	0.831202	0.163913	0.0	0.0693929	0.235515	-0.96939	0.0	-0.844363	-0.5036229999999999	-0.182799	0.0	1.35181	-0.8565879999999999	0.9436459999999999	0.358667	
0	0.953988	0.295954	0.04815730000000001	0.0	0.0601331	-0.34618000000000004	0.9362389999999999	0.0	0.293754	-0.890265	-0.348048	0.0	-2.85011	-1.76878	-0.8154399999999999	0.348896	-0.5247229999999999	0.834357	0.16886099999999998	0.0	0.0679413	0.238777	-0.9686950000000001	0.0	-0.848558	-0.49682299999999996	-0.181979	0.0	1.34315	-0.8542549999999999	0.950608	0.358568	
0	0.9635540000000001	0.259739	0.06402569999999999	0.0	0.0310928	-0.346452	0.937552	0.0	0.2657	-0.901392	-0.341901	0.0	-2.75483	-1.9433	-0.926056	0.349321	-0.520169	0.836391	0.172842	0.0	0.0679832	0.242283	-0.9678209999999999	0.0	-0.851353	-0.49168	-0.18288900000000002	0.0	1.3267799999999998	-0.857899	0.952772	0.358225	
0	0.9743149999999999	0.21224099999999999	0.0752569	0.0	-0.00166494	-0.327396	0.944886	0.0	0.225183	-0.9207420000000001	-0.31863400000000003	0.0	-2.71728	-2.2047	-1.04605	0.348574	-0.519986	0.836715	0.171823	0.0	0.065843	0.23982199999999998	-0.9685819999999999	0.0	-0.851634	-0.492335	-0.179796	0.0	1.31959	-0.8589319999999999	0.954267	0.358626	
0	0.97456	0.198121	0.10479400000000001	0.0	-0.0435523	-0.29125	0.9556549999999999	0.0	0.219856	-0.9359069999999999	-0.27521100000000004	0.0	-2.67076	-2.57825	-1.12218	0.348327	-0.5213260000000001	0.835908	0.17169	0.0	0.0601251	0.236673	-0.969727	0.0	-0.8512370000000001	-0.495221	-0.17364300000000002	0.0	1.3246200000000001	-0.8555389999999999	0.983762	0.358749	
0	0.975509	0.179177	0.127585	0.0	-0.0753495	-0.27273200000000003	0.9591350000000001	0.0	0.20665100000000003	-0.945258	-0.252551	0.0	-2.60887	-2.8951	-1.1943700000000002	0.348475	-0.523513	0.834377	0.172481	0.0	0.0650746	0.24100300000000002	-0.96834	0.0	-0.8495290000000001	-0.49571499999999996	-0.18046500000000001	0.0	1.3340100000000001	-0.8633069999999999	0.9779180000000001	0.358587	
0	0.9754450000000001	0.157252	0.154201	0.0	-0.116745	-0.22450799999999999	0.967454	0.0	0.186753	-0.961701	-0.20063699999999998	0.0	-2.58153	-3.2198	-1.25279	0.347638	-0.523265	0.8351200000000001	0.16961199999999999	0.0	0.0676367	0.239108	-0.968634	0.0	-0.849482	-0.49538000000000004	-0.18160199999999999	0.0	1.34734	-0.8878219999999999	0.947651	0.35839099999999996	
0	0.977678	0.13408499999999998	0.161762	0.0	-0.133354	-0.19894900000000001	0.9708950000000001	0.0	0.162365	-0.970794	-0.176627	0.0	-2.5811	-3.47977	-1.25904	0.347509	-0.512656	0.8431799999999999	0.161962	0.0	0.06860989999999999	0.228264	-0.9711790000000001	0.0	-0.855849	-0.48676800000000003	-0.174871	0.0	1.35417	-0.899489	0.935167	0.358547	
0	0.981742	0.10195800000000001	0.160584	0.0	-0.140326	-0.181738	0.973283	0.0	0.128418	-0.9780469999999999	-0.164113	0.0	-2.56871	-3.5122800000000005	-1.2671299999999999	0.35029299999999997	-0.5092899999999999	0.844274	0.166811	0.0	0.07177069999999999	0.23482399999999998	-0.969385	0.0	-0.8575969999999999	-0.48172600000000004	-0.18018800000000001	0.0	1.35342	-0.901611	0.92394	0.35835100000000003	
0	0.9847969999999999	0.09026319999999999	0.14841500000000002	0.0	-0.13076300000000002	-0.17721900000000002	0.9754459999999999	0.0	0.114349	-0.980024	-0.162721	0.0	-2.55677	-3.50684	-1.2778399999999999	0.351209	-0.5064489999999999	0.846038	0.166524	0.0	0.0716755	0.23376	-0.969649	0.0	-0.8592860000000001	-0.479141	-0.179028	0.0	1.34881	-0.911755	0.9090159999999999	0.358212	
0	0.9867870000000001	0.08562789999999999	0.137547	0.0	-0.11883099999999999	-0.194602	0.973658	0.0	0.11013900000000001	-0.977138	-0.181856	0.0	-2.5501	-3.5082699999999996	-1.2806799999999998	0.348734	-0.508023	0.845356	0.165181	0.0	0.06968139999999999	0.23147800000000002	-0.970341	0.0	-0.8585200000000001	-0.481446	-0.176502	0.0	1.3491600000000001	-0.9104479999999999	0.921794	0.3585	
0	0.990075	0.0705812	0.121529	0.0	-0.10448699999999998	-0.20861300000000002	0.9724010000000001	0.0	0.09398569999999999	-0.975448	-0.199168	0.0	-2.56969	-3.51965	-1.31138	0.34801	-0.512825	0.8431069999999999	0.161806	0.0	0.07104939999999998	0.229512	-0.970709	0.0	-0.855549	-0.486307	-0.177602	0.0	1.35261	-0.90666	0.9288799999999999	0.35834	
0	0.9925719999999999	0.057543	0.107189	0.0	-0.0948285	-0.185999	0.9779629999999999	0.0	0.07621189999999999	-0.980864	-0.17915999999999999	0.0	-2.6354	-3.6070800000000003	-1.42374	0.36680300000000005	-0.513959	0.843008	0.158693	0.0	0.0698826	0.225529	-0.971727	0.0	-0.8549629999999999	-0.488338	-0.174824	0.0	1.3650200000000001	-0.902027	0.9468780000000001	0.35835	
0	0.993258	0.0793186	0.0845433	0.0	-0.0692038	-0.179386	0.981342	0.0	0.09300449999999999	-0.980576	-0.17268699999999998	0.0	-2.65793	-3.6083300000000005	-1.4346299999999998	0.367421	-0.515883	0.8422540000000001	0.15644	0.0	0.0722237	0.224728	-0.971741	0.0	-0.8536090000000001	-0.49000600000000005	-0.176764	0.0	1.36907	-0.903475	0.9582450000000001	0.358505	
0	0.992267	0.124052	0.00406978	0.0	0.015475799999999998	-0.15618900000000002	0.987606	0.0	0.12315	-0.9799059999999999	-0.156901	0.0	-2.71158	-3.61061	-1.43816	0.359177	-0.518896	0.8408129999999999	0.15420899999999998	0.0	0.07008969999999999	0.221635	-0.972607	0.0	-0.851959	-0.49387299999999995	-0.173938	0.0	1.386	-0.891345	1.00715	0.358685	
0	0.9892299999999999	0.14351	-0.028797500000000004	0.0	0.0545026	-0.178555	0.982419	0.0	0.135845	-0.9734079999999999	-0.184453	0.0	-2.73515	-3.6042	-1.4051	0.352691	-0.519518	0.8401299999999999	0.15583	0.0	0.0708892	0.224123	-0.971979	0.0	-0.851514	-0.493914	-0.175992	0.0	1.39467	-0.888234	1.01934	0.358369	
0	0.9914729999999999	0.12600899999999998	-0.0332239	0.0	0.0589884	-0.20663299999999998	0.9766389999999999	0.0	0.1162	-0.9702709999999999	-0.212304	0.0	-2.7231400000000003	-3.5989999999999998	-1.38198	0.35317600000000005	-0.514687	0.84324	0.155065	0.0	0.07240339999999999	0.22296	-0.9721350000000001	0.0	-0.854316	-0.48911800000000005	-0.175808	0.0	1.39593	-0.8921600000000001	1.0119	0.358221	
0	0.9931610000000001	0.10031699999999999	-0.0597336	0.0	0.07972560000000001	-0.20893299999999998	0.974675	0.0	0.0852963	-0.9727709999999999	-0.215502	0.0	-2.71469	-3.5991699999999995	-1.3972	0.356292	-0.507572	0.8477100000000001	0.154138	0.0	0.06873810000000001	0.218165	-0.9734879999999999	0.0	-0.8588629999999999	-0.48352	-0.169005	0.0	1.3904	-0.8874290000000001	1.02345	0.358421	
0	0.993398	0.100781	-0.0548	0.0	0.0748889	-0.207866	0.9752860000000001	0.0	0.08689880000000001	-0.972952	-0.21404099999999998	0.0	-2.71464	-3.60105	-1.40929	0.361281	-0.504159	0.8501569999999999	0.151847	0.0	0.0660965	0.213296	-0.974749	0.0	-0.861078	-0.481392	-0.16372799999999998	0.0	1.3829799999999999	-0.882653	1.04583	0.35838400000000004	
0	0.9935309999999999	0.09839289999999999	-0.056704399999999995	0.0	0.07565060000000001	-0.201035	0.976659	0.0	0.0846967	-0.9746299999999999	-0.20717800000000003	0.0	-2.7132	-3.60336	-1.42256	0.364677	-0.506637	0.848432	0.15324000000000002	0.0	0.0636556	0.21406599999999998	-0.974743	0.0	-0.859806	-0.484087	-0.162461	0.0	1.37579	-0.885819	1.06251	0.358415	
0	0.993843	0.0996248	-0.048476599999999995	0.0	0.06976439999999999	-0.22281700000000002	0.972361	0.0	0.08606989999999999	-0.969756	-0.22839600000000002	0.0	-2.71263	-3.60249	-1.4192799999999999	0.375969	-0.509897	0.8462780000000001	0.154331	0.0	0.0648503	0.21671100000000001	-0.9740790000000001	0.0	-0.8577870000000001	-0.48667200000000005	-0.165382	0.0	1.37077	-0.909499	1.06092	0.35847399999999996	
0	0.9940959999999999	0.0949627	-0.0524922	0.0	0.07459439999999999	-0.24679600000000002	0.966192	0.0	0.07879739999999999	-0.964403	-0.252423	0.0	-2.70828	-3.59964	-1.40535	0.376444	-0.510917	0.8469190000000001	0.147285	0.0	0.06630889999999999	0.209652	-0.975525	0.0	-0.8570690000000001	-0.488646	-0.163273	0.0	1.37972	-0.909913	1.06514	0.3582	
0	0.9935350000000001	0.09485249999999999	-0.0623818	0.0	0.0855967	-0.264914	0.960465	0.0	0.0745767	-0.9595959999999999	-0.27132	0.0	-2.70906	-3.59554	-1.38111	0.362863	-0.509927	0.848	0.14447000000000002	0.0	0.0646135	0.205229	-0.9765790000000001	0.0	-0.8577879999999999	-0.488649	-0.159444	0.0	1.39117	-0.88871	1.0816299999999999	0.358238	
0	0.993675	0.0867985	-0.0712475	0.0	0.08874	-0.21815199999999998	0.971872	0.0	0.06881419999999999	-0.9720469999999999	-0.224475	0.0	-2.71544	-3.58285	-1.40604	0.186643	-0.51125	0.8475010000000001	0.142709	0.0	0.06423179999999999	0.203265	-0.977015	0.0	-0.857028	-0.490332	-0.158356	0.0	1.39355	-0.879925	1.0896700000000001	0.358207	
0	0.993401	0.0809428	-0.0812621	0.0	0.0936607	-0.163528	0.982083	0.0	0.06620380000000001	-0.9832120000000001	-0.17003	0.0	-2.72171	-3.58183	-1.50616	0.11398399999999999	-0.512793	0.8471049999999999	0.139489	0.0	0.0655814	0.200654	-0.9774649999999999	0.0	-0.8560040000000001	-0.492088	-0.158449	0.0	1.39677	-0.8791450000000001	1.11117	0.358219	
0	0.993215	0.0835072	-0.0809365	0.0	0.0903965	-0.11653800000000002	0.9890639999999999	0.0	0.0731618	-0.98967	-0.123296	0.0	-2.8449299999999997	-3.57875	-1.6521599999999999	0.113732	-0.511048	0.848275	0.138782	0.0	0.0632659	0.198141	-0.9781299999999999	0.0	-0.8572209999999999	-0.491091	-0.154927	0.0	1.40618	-0.8715280000000001	1.14365	0.358271	
0	0.9918879999999999	0.09300900000000001	-0.08665089999999999	0.0	0.0961505	-0.103049	0.9900180000000001	0.0	0.0831513	-0.990318	-0.11115599999999999	0.0	-2.87931	-3.5744	-1.6925599999999998	0.113934	-0.510857	0.847751	0.142631	0.0	0.06340169999999999	0.202618	-0.977203	0.0	-0.857324	-0.49016800000000005	-0.15725699999999998	0.0	1.40054	-0.8925040000000001	1.15454	0.357994	
0	0.985216	0.12828599999999998	-0.11354600000000001	0.0	0.129946	-0.12767	0.983267	0.0	0.111643	-0.983485	-0.142453	0.0	-2.93798	-3.5680099999999997	-1.7300200000000001	0.114756	-0.5102979999999999	0.848299	0.14136500000000002	0.0	0.0632187	0.200935	-0.977563	0.0	-0.857671	-0.489912	-0.156165	0.0	1.3993799999999998	-0.8991020000000001	1.15917	0.358217	
0	0.9808600000000001	0.145101	-0.129847	0.0	0.151329	-0.148421	0.9772770000000001	0.0	0.12253199999999999	-0.9782209999999999	-0.16753800000000002	0.0	-2.93649	-3.56576	-1.71775	0.11376700000000001	-0.5089	0.849166	0.141203	0.0	0.0619725	0.199747	-0.977886	0.0	-0.858592	-0.48889499999999997	-0.154276	0.0	1.40515	-0.892583	1.1694799999999999	0.358006	
0	0.976483	0.159338	-0.145234	0.0	0.169819	-0.153424	0.973459	0.0	0.132826	-0.9752299999999999	-0.176874	0.0	-2.93922	-3.5593	-1.7071900000000002	0.113712	-0.50925	0.848657	0.142992	0.0	0.0630251	0.202479	-0.9772559999999999	0.0	-0.858308	-0.488655	-0.156599	0.0	1.40349	-0.8930020000000001	1.1714799999999999	0.357875	
0	0.9700270000000001	0.189647	-0.151927	0.0	0.185581	-0.174564	0.9669989999999999	0.0	0.156868	-0.96621	-0.204527	0.0	-2.9514299999999998	-3.55485	-1.67735	0.11436500000000001	-0.510941	0.8470639999999999	0.14636	0.0	0.060408800000000006	0.205223	-0.976849	0.0	-0.857491	-0.490271	-0.156027	0.0	1.40134	-0.897242	1.1687100000000001	0.358199	
0	0.9629280000000001	0.234296	-0.133696	0.0	0.18742999999999999	-0.224654	0.9562430000000001	0.0	0.194009	-0.945852	-0.26024	0.0	-2.9756299999999998	-3.4843300000000004	-1.6517	0.11343299999999999	-0.512296	0.846133	0.147011	0.0	0.07259199999999999	0.21323000000000003	-0.974302	0.0	-0.855736	-0.488458	-0.17065999999999998	0.0	1.39821	-0.918851	1.10201	0.358388	
0	0.949472	0.285407	-0.13056199999999998	0.0	0.208317	-0.261936	0.942334	0.0	0.23475	-0.921918	-0.308156	0.0	-2.99841	-3.04752	-1.60795	0.113256	-0.501617	0.852576	0.14661300000000002	0.0	0.0871419	0.21841300000000002	-0.971958	0.0	-0.86069	-0.474774	-0.183855	0.0	1.42375	-0.973476	1.00905	0.358653	
0	0.9409200000000001	0.321731	-0.10563800000000001	0.0	0.208054	-0.30312	0.9299639999999999	0.0	0.267177	-0.896999	-0.352149	0.0	-2.8907700000000003	-2.59285	-1.57409	0.112997	-0.461138	0.8789629999999999	0.12155999999999999	0.0	0.140604	0.207646	-0.968046	0.0	-0.8761180000000001	-0.42931099999999994	-0.21933899999999998	0.0	1.47055	-1.1011600000000001	0.761519	0.3583	
0	0.936742	0.337535	-0.0926568	0.0	0.214419	-0.34413299999999997	0.9141100000000001	0.0	0.27665700000000004	-0.8761530000000001	-0.39473800000000003	0.0	-2.85486	-2.26326	-1.50176	0.113238	-0.44840699999999994	0.887648	0.104939	0.0	0.171599	0.200711	-0.964505	0.0	-0.8772030000000001	-0.414484	-0.24231999999999998	0.0	1.51886	-1.28203	0.510393	0.358161	
0	0.9303610000000001	0.358525	-0.0767369	0.0	0.215035	-0.36404699999999995	0.906217	0.0	0.29696500000000003	-0.85961	-0.41579099999999997	0.0	-2.81717	-2.0164299999999997	-1.3859	0.113232	-0.42850699999999997	0.900008	0.0797952	0.0	0.18424000000000001	0.173494	-0.967448	0.0	-0.884555	-0.399857	-0.240161	0.0	1.5417299999999998	-1.4394200000000001	0.366465	0.358389	
0	0.9148	0.397946	-0.0691309	0.0	0.21736	-0.34076999999999996	0.914675	0.0	0.340434	-0.851772	-0.39823400000000003	0.0	-2.74275	-1.8450900000000001	-1.2583600000000001	0.113227	-0.414917	0.907783	0.06143869999999999	0.0	0.190843	0.152853	-0.9696469999999999	0.0	-0.8896200000000001	-0.390598	-0.23666500000000001	0.0	1.54166	-1.5399100000000001	0.30838899999999997	0.358377	
0	0.8923190000000001	0.44897600000000004	-0.0467642	0.0	0.20826799999999998	-0.317569	0.9250809999999999	0.0	0.400488	-0.8352069999999999	-0.37688	0.0	-2.6669099999999997	-1.71629	-1.1213899999999999	0.113449	-0.391449	0.9195690000000001	0.034079000000000005	0.0	0.20340899999999998	0.12258800000000002	-0.971389	0.0	-0.897437	-0.373318	-0.23503600000000002	0.0	1.53201	-1.5882399999999999	0.280615	0.359083	
1	0.8232870000000001	0.566253	-0.039448500000000004	0.0	0.22869299999999998	-0.267288	0.9360860000000001	0.0	0.519518	-0.7796890000000001	-0.349553	0.0	-2.61971	-1.62565	-1.0502	0.113462	-0.308564	0.9509559999999999	-0.0217104	0.0	0.25909499999999996	0.06206559999999999	-0.9638559999999999	0.0	-0.9152370000000001	-0.303036	-0.26554	0.0	1.51745	-1.61155	0.12621300000000002	0.358711	
1	0.671593	0.739061	-0.0524589	0.0	0.255064	-0.164143	0.95289	0.0	0.695633	-0.653334	-0.298745	0.0	-2.58643	-1.63332	-1.07431	0.113114	-0.211492	0.972767	-0.0948424	0.0	0.303224	-0.026945599999999997	-0.9525379999999999	0.0	-0.929154	-0.230213	-0.289267	0.0	1.43424	-1.7206400000000002	-0.10254300000000001	0.359239	
1	0.548231	0.834095	-0.0610669	0.0	0.25605	-0.0978865	0.9616950000000001	0.0	0.796167	-0.542867	-0.267234	0.0	-2.59019	-1.64998	-1.13687	0.113456	-0.14105299999999998	0.976584	-0.162442	0.0	0.338355	-0.106648	-0.9349559999999999	0.0	-0.9303870000000001	-0.186841	-0.315389	0.0	1.3711200000000001	-1.7908099999999998	-0.234806	0.359493	
1	0.23088899999999998	0.954656	-0.187943	0.0	0.251152	0.12814	0.9594280000000001	0.0	0.9400069999999999	-0.26872399999999996	-0.21017800000000003	0.0	-2.70736	-1.8728	-1.41055	0.113225	0.063239	0.931852	-0.35728499999999996	0.0	0.374368	-0.35401	-0.8570450000000001	0.0	-0.9251219999999999	-0.0795573	-0.371242	0.0	1.18824	-1.9758200000000001	-0.68153	0.357629	
1	-0.0198485	0.9491809999999999	-0.314105	0.0	0.195498	0.311787	0.9298219999999999	0.0	0.980503	-0.0429514	-0.191752	0.0	-2.73182	-1.94795	-1.5799	0.113113	0.064666	0.927048	-0.369325	0.0	0.354431	-0.367306	-0.859922	0.0	-0.932844	-0.0752922	-0.352327	0.0	0.9955870000000001	-2.06753	-0.81308	0.35678699999999997	
1	-0.26565700000000003	0.810403	-0.5221819999999999	0.0	0.11596	0.564573	0.8171970000000001	0.0	0.957068	0.15654200000000001	-0.243957	0.0	-2.74072	-1.95638	-1.74596	0.11312699999999999	-0.23222800000000002	0.972651	-0.00445673	0.0	0.318185	0.07163760000000001	-0.945318	0.0	-0.9191450000000001	-0.22094699999999998	-0.32611999999999997	0.0	0.689868	-2.19814	-0.779309	0.35636999999999996	
1	-0.314832	0.736153	-0.599133	0.0	0.0628376	0.6460130000000001	0.760735	0.0	0.9470649999999999	0.201856	-0.249644	0.0	-2.7170400000000003	-1.97075	-1.78476	0.11345799999999999	-0.319407	0.9387	0.129699	0.0	0.26657800000000004	0.220349	-0.9382870000000001	0.0	-0.909349	-0.265121	-0.32061799999999996	0.0	0.598829	-2.2890900000000003	-0.775554	0.357096	
1	-0.403383	0.524759	-0.749606	0.0	-0.06719	0.800016	0.596205	0.0	0.9125610000000001	0.290865	-0.287454	0.0	-2.65875	-1.96859	-1.9082400000000002	0.11353800000000001	-0.428598	0.813419	0.39326	0.0	0.12316600000000001	0.483803	-0.866467	0.0	-0.8950610000000001	-0.32293	-0.307543	0.0	0.43404899999999996	-2.47566	-0.8325040000000001	0.357638	
1	-0.40163899999999997	0.459215	-0.7923439999999999	0.0	-0.118789	0.8317620000000001	0.5422739999999999	0.0	0.908061	0.31192	-0.279518	0.0	-2.66364	-1.9698	-1.9168900000000002	0.11354500000000001	-0.472343	0.74742	0.467178	0.0	0.0637725	0.557623	-0.827641	0.0	-0.8791049999999999	-0.361137	-0.311054	0.0	0.403017	-2.51493	-0.8252940000000001	0.358034	
1	-0.361584	0.328782	-0.872444	0.0	-0.188994	0.890483	0.413909	0.0	0.912983	0.31455	-0.259847	0.0	-2.6907799999999997	-1.9751900000000002	-1.86815	0.113429	-0.5303800000000001	0.663403	0.527821	0.0	0.0244256	0.634305	-0.7726970000000001	0.0	-0.847409	-0.39693	-0.352627	0.0	0.378661	-2.5146599999999997	-0.8667870000000001	0.357825	
1	-0.30642800000000003	0.207308	-0.9290459999999999	0.0	-0.250065	0.924185	0.28870300000000004	0.0	0.9184610000000001	0.320788	-0.231356	0.0	-2.69445	-1.9868	-1.78213	0.11317999999999999	-0.556389	0.6306510000000001	0.541028	0.0	0.018607299999999997	0.660411	-0.750674	0.0	-0.830714	-0.407599	-0.37918	0.0	0.39166100000000004	-2.49797	-0.881926	0.358083	
1	-0.26406799999999997	0.150792	-0.952643	0.0	-0.273256	0.9355379999999999	0.22383000000000003	0.0	0.9249860000000001	0.319422	-0.205841	0.0	-2.6846099999999997	-2.00504	-1.72734	0.11316	-0.5814600000000001	0.595508	0.5543239999999999	0.0	0.013541999999999998	0.688334	-0.725268	0.0	-0.813463	-0.41420799999999997	-0.408303	0.0	0.38295799999999997	-2.47687	-0.932523	0.357852	
1	-0.201345	0.0994362	-0.97446	0.0	-0.25246799999999997	0.955953	0.149713	0.0	0.946425	0.27616399999999997	-0.167372	0.0	-2.6934299999999998	-2.0419	-1.60722	0.11338599999999999	-0.591609	0.5790890000000001	0.560941	0.0	0.0167473	0.704439	-0.7095670000000001	0.0	-0.8060510000000001	-0.41039200000000003	-0.426451	0.0	0.378646	-2.44738	-0.982975	0.357742	
1	-0.129692	0.0320933	-0.991035	0.0	-0.287632	0.955283	0.0685765	0.0	0.9489190000000001	0.29394699999999996	-0.11466099999999999	0.0	-2.6556599999999997	-2.1428	-1.53429	0.113069	-0.5533939999999999	0.6228100000000001	0.553049	0.0	0.0349669	0.680775	-0.731658	0.0	-0.8321860000000001	-0.385556	-0.398514	0.0	0.380898	-2.49991	-1.01555	0.357952	
1	-0.11105699999999999	0.00994338	-0.993764	0.0	-0.310985	0.949384	0.0442532	0.0	0.9439040000000001	0.313961	-0.102344	0.0	-2.62365	-2.15929	-1.5303799999999999	0.112853	-0.536151	0.6600659999999999	0.52617	0.0	0.05953869999999999	0.651352	-0.756436	0.0	-0.8420200000000001	-0.374236	-0.388523	0.0	0.372568	-2.5244	-1.01284	0.358147	
1	-0.094483	-0.0100825	-0.995475	0.0	-0.321148	0.9467979999999999	0.0208915	0.0	0.9423040000000001	0.321669	-0.0926943	0.0	-2.55097	-2.20692	-1.51637	0.112802	-0.518651	0.7095100000000001	0.47707	0.0	0.0980925	0.6036819999999999	-0.791167	0.0	-0.84934	-0.363543	-0.382698	0.0	0.34319299999999997	-2.52259	-1.03475	0.357617	
1	-0.0827831	-0.040704000000000004	-0.9957360000000001	0.0	-0.35931399999999997	0.9331799999999999	-0.00827438	0.0	0.929538	0.357096	-0.091877	0.0	-2.39073	-2.27307	-1.5270700000000001	0.11283699999999999	-0.477013	0.767637	0.42800900000000003	0.0	0.11783199999999999	0.5384439999999999	-0.834382	0.0	-0.8709620000000001	-0.347578	-0.34729699999999997	0.0	0.237433	-2.50487	-0.9339639999999999	0.357931	
1	-0.08433260000000001	-0.045375599999999995	-0.9954040000000001	0.0	-0.367726	0.929866	-0.0112336	0.0	0.9261030000000001	0.365088	-0.0951039	0.0	-2.3738900000000003	-2.27461	-1.5327	0.112695	-0.473991	0.77035	0.42649	0.0	0.11855299999999999	0.535778	-0.835995	0.0	-0.8725129999999999	-0.345692	-0.345281	0.0	0.22746100000000002	-2.50366	-0.923845	0.35799000000000003	
1	-0.0851852	-0.10144199999999999	-0.991188	0.0	-0.400405	0.9144260000000001	-0.059174300000000006	0.0	0.9123700000000001	0.391835	-0.11851300000000001	0.0	-2.17299	-2.1931	-1.56994	0.112647	-0.450093	0.786567	0.422763	0.0	0.119022	0.522047	-0.844572	0.0	-0.885014	-0.329817	-0.328588	0.0	0.127684	-2.52769	-0.8584370000000001	0.358188	
1	-0.08599989999999999	-0.12651800000000002	-0.9882290000000001	0.0	-0.41598500000000005	0.905866	-0.07977310000000001	0.0	0.9052959999999999	0.40422800000000003	-0.13053399999999998	0.0	-2.0501400000000003	-2.12544	-1.55751	0.111944	-0.445441	0.794639	0.41247	0.0	0.114576	0.5075069999999999	-0.8539959999999999	0.0	-0.88795	-0.33314499999999997	-0.31711100000000003	0.0	0.052156600000000004	-2.52524	-0.7976	0.35934299999999997	
1	-0.0783597	-0.13539500000000002	-0.9876879999999999	0.0	-0.423113	0.901594	-0.090025	0.0	0.902683	0.41084899999999996	-0.127936	0.0	-2.03392	-2.11388	-1.54925	0.11211900000000001	-0.44191499999999995	0.794922	0.415705	0.0	0.11573599999999999	0.5100600000000001	-0.852317	0.0	-0.88956	-0.32853899999999997	-0.317404	0.0	0.06119310000000001	-2.49612	-0.786801	0.36075300000000005	
1	-0.08031260000000001	-0.175539	-0.981191	0.0	-0.44362399999999996	0.887799	-0.122519	0.0	0.8926069999999999	0.42544	-0.149175	0.0	-1.98255	-2.07878	-1.5382	0.112416	-0.446006	0.7889010000000001	0.422746	0.0	0.12239000000000001	0.521645	-0.8443379999999999	0.0	-0.8866229999999999	-0.32484	-0.32921	0.0	0.08335	-2.41866	-0.804289	0.36252	
1	-0.07184249999999999	-0.195628	-0.978043	0.0	-0.45305500000000004	0.8799819999999999	-0.142734	0.0	0.888583	0.432853	-0.15185	0.0	-1.8734400000000002	-2.03931	-1.49747	0.112358	-0.46225200000000005	0.773011	0.434485	0.0	0.12441600000000001	0.541667	-0.831335	0.0	-0.877977	-0.330229	-0.346561	0.0	0.0214499	-2.3768599999999998	-0.8427600000000001	0.36196100000000003	
1	-0.064552	-0.212669	-0.9749899999999999	0.0	-0.45892299999999997	0.873907	-0.160236	0.0	0.886128	0.43710200000000005	-0.15401099999999998	0.0	-1.8114400000000002	-1.9997900000000002	-1.44523	0.112363	-0.488547	0.750546	0.444974	0.0	0.123553	0.564345	-0.816241	0.0	-0.8637450000000001	-0.34379499999999996	-0.36844099999999996	0.0	0.00120954	-2.34443	-0.8620209999999999	0.360829	
1	-0.06203530000000001	-0.221568	-0.9731700000000001	0.0	-0.46173100000000006	0.8708049999999999	-0.168828	0.0	0.884848	0.43886899999999995	-0.156325	0.0	-1.79713	-1.9789299999999999	-1.41756	0.112419	-0.501967	0.740046	0.447618	0.0	0.129969	0.5762109999999999	-0.806901	0.0	-0.855066	-0.34686100000000003	-0.385422	0.0	-0.00969783	-2.32967	-0.8811370000000001	0.360358	
1	-0.0671178	-0.24132800000000001	-0.9681200000000001	0.0	-0.47080299999999997	0.863152	-0.182522	0.0	0.879682	0.443543	-0.17155	0.0	-1.79672	-1.94907	-1.40905	0.11151400000000002	-0.512091	0.720258	0.46796400000000005	0.0	0.11173399999999999	0.596052	-0.795133	0.0	-0.851633	-0.35489299999999996	-0.38571	0.0	-0.00833762	-2.31941	-0.955692	0.358193	
1	-0.0500525	-0.247367	-0.967628	0.0	-0.456056	0.867599	-0.198204	0.0	0.888542	0.43137200000000003	-0.15623800000000002	0.0	-1.78984	-1.9419	-1.41543	0.111793	-0.520087	0.710603	0.473871	0.0	0.09618789999999999	0.600011	-0.794188	0.0	-0.8486799999999999	-0.36746599999999996	-0.380409	0.0	0.0031466999999999997	-2.31236	-0.9533280000000001	0.359734	
1	0.00297954	-0.231383	-0.972858	0.0	-0.44453400000000004	0.8711459999999999	-0.208554	0.0	0.895757	0.43309	-0.100262	0.0	-1.7553400000000001	-1.92973	-1.40327	0.11298	-0.5339430000000001	0.682366	0.49928100000000003	0.0	0.050413599999999996	0.6151439999999999	-0.786801	0.0	-0.844016	-0.394936	-0.362852	0.0	0.008629399999999999	-2.32595	-0.9176850000000001	0.354662	
1	0.0177157	-0.256823	-0.9662959999999999	0.0	-0.446499	0.8626959999999999	-0.237474	0.0	0.894609	0.43565699999999996	-0.09938810000000001	0.0	-1.77025	-1.9740400000000002	-1.3686	0.111377	-0.517701	0.682354	0.516119	0.0	0.0252238	0.615163	-0.7879970000000001	0.0	-0.85519	-0.394928	-0.33568200000000004	0.0	0.015683199999999998	-2.31603	-0.820206	0.282826	
1	0.0236932	-0.27382	-0.9614889999999999	0.0	-0.442381	0.8596010000000001	-0.255705	0.0	0.8965139999999999	0.431403	-0.100766	0.0	-1.7704099999999998	-2.00338	-1.32866	0.113597	-0.510946	0.673616	0.5340189999999999	0.0	-0.00345916	0.619616	-0.784898	0.0	-0.859606	-0.402888	-0.31426	0.0	0.023333700000000002	-2.32796	-0.758731	0.260936	
1	0.0287601	-0.27805799999999997	-0.960134	0.0	-0.44437200000000004	0.8568399999999999	-0.261455	0.0	0.895381	0.434176	-0.0989182	0.0	-1.76319	-1.9936	-1.3064200000000001	0.113123	-0.517225	0.672495	0.529366	0.0	-0.00382182	0.6167060000000001	-0.787184	0.0	-0.855841	-0.409175	-0.316406	0.0	0.031161599999999998	-2.3103599999999997	-0.73151	0.261048	
1	0.030946800000000003	-0.279434	-0.959666	0.0	-0.443687	0.856506	-0.263704	0.0	0.895647	0.43395200000000006	-0.0974753	0.0	-1.7554400000000001	-1.9850599999999998	-1.30335	0.11360999999999999	-0.518578	0.673307	0.5270060000000001	0.0	-0.00270408	0.615064	-0.788473	0.0	-0.8550270000000001	-0.41030900000000003	-0.31713800000000003	0.0	0.036911	-2.29548	-0.721029	0.260932	
1	0.0330623	-0.280937	-0.9591569999999999	0.0	-0.44594300000000003	0.8547100000000001	-0.265716	0.0	0.894451	0.436514	-0.097023	0.0	-1.73468	-1.9802400000000002	-1.3089	0.11362699999999999	-0.522359	0.671452	0.525636	0.0	-0.0049198	0.614035	-0.789263	0.0	-0.852712	-0.414864	-0.317443	0.0	0.058610800000000005	-2.2810599999999996	-0.724426	0.260918	
1	0.0353744	-0.281843	-0.958808	0.0	-0.446636	0.853806	-0.26745599999999997	0.0	0.894016	0.437699	-0.09567830000000001	0.0	-1.72164	-1.97695	-1.3082799999999999	0.113132	-0.5244810000000001	0.670767	0.524397	0.0	-0.00404596	0.6139359999999999	-0.789345	0.0	-0.851413	-0.41611800000000004	-0.319284	0.0	0.0719158	-2.2791	-0.723124	0.261027	
1	0.024720500000000003	-0.270231	-0.9624780000000001	0.0	-0.44471700000000003	0.85929	-0.252681	0.0	0.89533	0.434277	-0.0989342	0.0	-1.7044599999999999	-1.9647599999999998	-1.30213	0.11370799999999999	-0.5149739999999999	0.669517	0.535303	0.0	-0.00402302	0.622579	-0.782547	0.0	-0.857197	-0.405145	-0.317919	0.0	0.0894706	-2.28593	-0.731336	0.260968	
1	-0.14760399999999999	-0.20291800000000002	-0.968007	0.0	-0.552487	0.8287059999999999	-0.0894728	0.0	0.820349	0.521604	-0.23443000000000003	0.0	-1.5152299999999999	-1.7841	-1.31575	0.300657	-0.5128510000000001	0.723376	0.46229	0.0	0.0962673	0.583562	-0.806342	0.0	-0.8530629999999999	-0.36903	-0.36891799999999997	0.0	-0.00472092	-2.34029	-0.817578	0.26195100000000004	
1	-0.15313	-0.208871	-0.96588	0.0	-0.558229	0.8248059999999999	-0.0898628	0.0	0.815434	0.525421	-0.2429	0.0	-1.46423	-1.7592299999999998	-1.3279	0.293871	-0.512121	0.7221	0.46508599999999994	0.0	0.09637000000000001	0.58637	-0.804291	0.0	-0.85349	-0.36707399999999996	-0.369881	0.0	-0.0037145000000000004	-2.3197400000000004	-0.8385969999999999	0.261743	
1	-0.162347	-0.198382	-0.9665860000000001	0.0	-0.55707	0.826965	-0.0761617	0.0	0.814442	0.526092	-0.24476799999999999	0.0	-1.40239	-1.70218	-1.34807	0.29636999999999997	-0.514984	0.710022	0.480271	0.0	0.1061	0.608768	-0.786222	0.0	-0.850608	-0.353935	-0.388839	0.0	0.00939492	-2.2895	-0.8703040000000001	0.261703	
1	-0.164253	-0.22311799999999998	-0.9608530000000001	0.0	-0.567037	0.8184130000000001	-0.0931102	0.0	0.807149	0.529546	-0.260943	0.0	-1.4071	-1.6686599999999998	-1.34008	0.299494	-0.517254	0.702925	0.48820600000000003	0.0	0.11203800000000001	0.621153	-0.77564	0.0	-0.848467	-0.346505	-0.400048	0.0	0.0174803	-2.26227	-0.8810549999999999	0.261824	
