0	-0.187298	0.94471	-0.269152	0.0	0.134218	0.29604400000000003	0.9456969999999999	0.0	0.973091	0.141002	-0.182246	0.0	-2.75181	1.8559	1.3871	0.0	-0.0372313	0.9941989999999999	0.100909	0.0	0.11788900000000001	0.104644	-0.987498	0.0	-0.9923290000000001	-0.0248697	-0.121101	0.0	2.62685	1.82657	1.53637	0.0	
0	-0.188181	0.9449569999999999	-0.267664	0.0	0.13945	0.295479	0.945117	0.0	0.972184	0.14052699999999999	-0.187378	0.0	-2.74383	1.8510900000000001	1.38778	0.0	-0.042424500000000004	0.9939620000000001	0.101191	0.0	0.11408299999999999	0.105439	-0.9878600000000001	0.0	-0.9925649999999999	-0.0303654	-0.11786700000000001	0.0	2.62089	1.7864400000000002	1.5206	0.0	
0	-0.191666	0.9461940000000001	-0.260732	0.0	0.148675	0.290583	0.9452290000000001	0.0	0.970134	0.142404	-0.19637000000000002	0.0	-2.7213	1.8522599999999998	1.39821	0.0	-0.0413625	0.9946219999999999	0.09495289999999999	0.0	0.103084	0.0987751	-0.989756	0.0	-0.993812	-0.0311505	-0.106616	0.0	2.6171	1.7473299999999998	1.50671	0.0	
0	-0.228582	0.9405479999999999	-0.251235	0.0	0.15443199999999999	0.28983200000000003	0.944536	0.0	0.961198	0.17710499999999998	-0.21150100000000002	0.0	-2.6992599999999998	1.86645	1.3708799999999999	0.114033	-0.027049200000000002	0.9948440000000001	0.0977415	0.0	0.0996062	0.099973	-0.989992	0.0	-0.994659	-0.0170428	-0.101797	0.0	2.61532	1.71917	1.4638200000000001	0.0301197	
0	-0.22353800000000001	0.96646	-0.126435	0.0	0.174806	0.167365	0.970274	0.0	0.958892	0.19479100000000002	-0.206355	0.0	-2.64614	1.91993	1.3149899999999999	0.340487	-0.022460400000000002	0.9984040000000001	0.0518178	0.0	0.140705	0.0544716	-0.9885520000000001	0.0	-0.9897969999999999	-0.014912	-0.141704	0.0	2.67158	1.78718	1.40246	0.366193	
0	-0.209918	0.9752360000000001	-0.0696329	0.0	0.18173499999999998	0.108899	0.977299	0.0	0.96068	0.192498	-0.200095	0.0	-2.61381	1.90642	1.29366	0.340706	-0.09596410000000001	0.992476	0.0760415	0.0	0.164457	0.0911529	-0.9821639999999999	0.0	-0.9817049999999999	-0.08174669999999999	-0.171967	0.0	2.63877	1.7286099999999998	1.39175	0.355063	
0	-0.192936	0.9809629999999999	-0.0220811	0.0	0.194704	0.06033139999999999	0.9790049999999999	0.0	0.9617	0.184586	-0.202638	0.0	-2.6137	1.91352	1.2868	0.34029899999999996	-0.168729	0.9797809999999999	0.107521	0.0	0.25560700000000003	0.148848	-0.955254	0.0	-0.951943	-0.133696	-0.275554	0.0	2.59832	1.72485	1.3895	0.345202	
0	-0.158388	0.9863139999999999	0.0458091	0.0	0.219937	-0.00998628	0.975463	0.0	0.96257	0.164576	-0.215346	0.0	-2.64135	1.93249	1.2697200000000002	0.33979899999999996	-0.17513499999999999	0.9771110000000001	0.12075599999999999	0.0	0.256345	0.163676	-0.952627	0.0	-0.9505870000000001	-0.135883	-0.279143	0.0	2.5954099999999998	1.69977	1.37724	0.339992	
0	-0.109824	0.9841610000000001	0.13916199999999998	0.0	0.25506999999999996	-0.10741500000000001	0.960938	0.0	0.960665	0.14103	-0.239234	0.0	-2.67921	1.9735	1.18123	0.340291	-0.19237200000000002	0.968475	0.15826800000000002	0.0	0.281871	0.209017	-0.936409	0.0	-0.939969	-0.135527	-0.31319400000000003	0.0	2.57137	1.6389599999999998	1.2768899999999999	0.344903	
0	0.040349800000000005	0.9599989999999999	0.277081	0.0	0.287434	-0.276738	0.9169510000000001	0.0	0.95695	0.0426436	-0.287102	0.0	-2.65079	1.8150700000000002	0.814507	0.343148	-0.159169	0.969887	0.184351	0.0	0.29425	0.22485	-0.928902	0.0	-0.9423809999999999	-0.09360779999999999	-0.321178	0.0	2.50359	1.40988	0.855505	0.35627800000000004	
0	0.137844	0.9468700000000001	0.290579	0.0	0.292363	-0.319205	0.9014610000000001	0.0	0.946321	-0.0393066	-0.32083	0.0	-2.53125	1.57889	0.435554	0.34491700000000003	-0.158118	0.969939	0.184976	0.0	0.2958	0.22525799999999999	-0.9283110000000001	0.0	-0.9420729999999999	-0.092067	-0.322525	0.0	2.45233	1.21213	0.491288	0.356453	
0	0.15374300000000002	0.9411870000000001	0.300883	0.0	0.27851	-0.333433	0.900697	0.0	0.948048	-0.05467709999999999	-0.313394	0.0	-2.45332	1.40665	0.182661	0.34577199999999997	-0.139767	0.9761059999999999	0.16638	0.0	0.296205	0.20155	-0.933617	0.0	-0.944843	-0.0812058	-0.317298	0.0	2.42855	1.07266	0.23701599999999998	0.357115	
0	0.226983	0.941895	0.247615	0.0	0.251392	-0.30230100000000004	0.919466	0.0	0.940894	-0.146455	-0.305402	0.0	-2.27906	1.03304	-0.31011700000000003	0.345806	-0.180097	0.976325	0.11981199999999999	0.0	0.305663	0.171321	-0.9366	0.0	-0.934952	-0.132056	-0.329281	0.0	2.33053	0.641255	-0.43824399999999997	0.356863	
0	0.387444	0.8957	0.218196	0.0	0.19253499999999998	-0.310081	0.93101	0.0	0.9015639999999999	-0.318704	-0.292593	0.0	-2.07863	0.651501	-0.553665	0.349044	-0.221692	0.9745889999999999	0.0320658	0.0	0.298342	0.09909810000000001	-0.9493010000000001	0.0	-0.928356	-0.20088599999999998	-0.31273	0.0	2.23822	0.308256	-0.8758	0.35706	
0	0.549257	0.803038	0.231186	0.0	0.10313499999999999	-0.339681	0.9348690000000001	0.0	0.8292649999999999	-0.48963999999999996	-0.269393	0.0	-1.90832	0.280312	-0.6788810000000001	0.35115999999999997	-0.24293499999999998	0.97004	-0.00232321	0.0	0.293286	0.07116660000000001	-0.9533719999999999	0.0	-0.924644	-0.232289	-0.301788	0.0	2.07061	0.0339013	-1.1261	0.35830300000000004	
0	0.663659	0.722535	0.193651	0.0	0.061489499999999996	-0.310698	0.9485180000000001	0.0	0.745504	-0.617585	-0.250625	0.0	-1.8686	0.035062800000000005	-0.708951	0.35088600000000003	-0.278022	0.9595809999999999	-0.0436847	0.0	0.301593	0.0440226	-0.95242	0.0	-0.9120010000000001	-0.277968	-0.301643	0.0	1.98406	-0.131801	-1.21215	0.357564	
0	0.8378129999999999	0.5253909999999999	0.14843599999999998	0.0	-0.0188125	-0.24394000000000002	0.969608	0.0	0.545633	-0.8151430000000001	-0.194492	0.0	-1.9116900000000001	-0.52062	-0.7032430000000001	0.351427	-0.319994	0.9436379999999999	-0.08456060000000001	0.0	0.305375	0.018239599999999998	-0.9520569999999999	0.0	-0.896856	-0.330475	-0.294	0.0	1.81935	-0.499363	-1.29608	0.358513	
0	0.902615	0.395223	0.170542	0.0	-0.09137680000000001	-0.21123699999999998	0.9731540000000001	0.0	0.420638	-0.893967	-0.154551	0.0	-2.0087900000000003	-0.660976	-0.593758	0.35057	-0.366705	0.925423	-0.09549919999999999	0.0	0.31154699999999996	0.0254284	-0.949891	0.0	-0.8766219999999999	-0.37808200000000003	-0.297637	0.0	1.7492299999999998	-0.721065	-1.3294	0.358132	
0	0.924602	0.331332	0.187962	0.0	-0.126217	-0.199087	0.9718200000000001	0.0	0.35941599999999996	-0.922271	-0.142257	0.0	-2.07223	-0.68299	-0.545103	0.351287	-0.37317	0.922968	-0.0942053	0.0	0.310603	0.0286058	-0.950109	0.0	-0.8742260000000001	-0.383812	-0.29735100000000003	0.0	1.7371599999999998	-0.797449	-1.3365799999999999	0.358164	
0	0.9745969999999999	0.146519	0.169388	0.0	-0.15346600000000002	-0.11395599999999999	0.981561	0.0	0.16312000000000001	-0.9826219999999999	-0.08857519999999999	0.0	-2.2607	-0.8621489999999999	-0.492349	0.349711	-0.388653	0.916322	-0.0964541	0.0	0.31406100000000003	0.0333326	-0.948818	0.0	-0.866207	-0.399054	-0.300736	0.0	1.7109599999999998	-0.948167	-1.34721	0.358227	
0	0.9812350000000001	0.120965	0.15015	0.0	-0.138688	-0.098218	0.985454	0.0	0.133953	-0.987786	-0.0795986	0.0	-2.32594	-0.9631219999999999	-0.515729	0.349585	-0.38976	0.9158719999999999	-0.0962625	0.0	0.31966500000000003	0.0365214	-0.9468270000000001	0.0	-0.863656	-0.399807	-0.30700700000000003	0.0	1.70153	-0.974748	-1.35889	0.35799200000000003	
0	0.9833120000000001	0.07019550000000001	0.16783900000000002	0.0	-0.160916	-0.0948048	0.982404	0.0	0.08487239999999999	-0.9930180000000001	-0.0819271	0.0	-2.43846	-1.17745	-0.682779	0.34912	-0.40295	0.9084540000000001	-0.111104	0.0	0.32715900000000003	0.0296	-0.944506	0.0	-0.854751	-0.416937	-0.309136	0.0	1.6601299999999999	-0.96616	-1.35629	0.357532	
0	0.978333	0.0729063	0.193774	0.0	-0.184554	-0.11706400000000002	0.975826	0.0	0.0938278	-0.990445	-0.101073	0.0	-2.43015	-1.25987	-0.788686	0.349516	-0.407936	0.905183	-0.119299	0.0	0.32785	0.0232775	-0.944443	0.0	-0.852117	-0.424385	-0.30626	0.0	1.64405	-0.936322	-1.33522	0.357414	
0	0.993966	0.0511202	0.0970451	0.0	-0.0943539	-0.0526649	0.9941450000000001	0.0	0.0559318	-0.997303	-0.047523699999999995	0.0	-2.43019	-1.5174299999999998	-0.8557379999999999	0.348876	-0.42267	0.896619	-0.132004	0.0	0.33016799999999996	0.0166962	-0.943775	0.0	-0.844002	-0.442488	-0.30309200000000003	0.0	1.62507	-0.842599	-1.24317	0.35740500000000003	
0	0.999317	0.0227609	0.029111200000000004	0.0	-0.029024	-0.00414948	0.9995700000000001	0.0	0.0228719	-0.999732	-0.00348603	0.0	-2.49631	-1.8317900000000003	-0.7947810000000001	0.34784299999999996	-0.453538	0.8807379999999999	-0.136398	0.0	0.340932	0.030048500000000002	-0.939608	0.0	-0.823449	-0.47265	-0.3139	0.0	1.63719	-0.730703	-1.1689200000000002	0.356863	
0	0.9944569999999999	0.09012200000000001	0.0541559	0.0	-0.0509566	-0.0374312	0.997999	0.0	0.0919688	-0.9952270000000001	-0.032631400000000005	0.0	-2.42769	-1.9439	-0.87175	0.348525	-0.47679799999999994	0.8751200000000001	-0.0826361	0.0	0.3339	0.09334980000000001	-0.937975	0.0	-0.813126	-0.474817	-0.33671100000000004	0.0	1.68093	-0.554539	-1.10944	0.356462	
0	0.994683	0.08077639999999998	0.0638866	0.0	-0.060503999999999995	-0.0436552	0.9972129999999999	0.0	0.08334019999999999	-0.995776	-0.0385358	0.0	-2.3572900000000003	-2.04599	-0.917027	0.34767	-0.485271	0.871878	-0.065889	0.0	0.32774200000000003	0.111517	-0.938162	0.0	-0.810615	-0.476858	-0.33986700000000003	0.0	1.70069	-0.49312399999999995	-1.06065	0.356747	
0	0.997657	0.05292959999999999	0.043354699999999996	0.0	-0.0414241	-0.0370427	0.998455	0.0	0.054453800000000004	-0.9979110000000001	-0.0347634	0.0	-2.41695	-2.25042	-0.948536	0.349117	-0.490104	0.8691530000000001	-0.06612280000000001	0.0	0.3297	0.114621	-0.937102	0.0	-0.806906	-0.48107799999999995	-0.342736	0.0	1.7398	-0.46654300000000004	-1.0196399999999999	0.35644899999999996	
0	0.997732	0.052980200000000005	0.0415244	0.0	-0.0388075	-0.0513203	0.997928	0.0	0.0550014	-0.997276	-0.0491479	0.0	-2.47573	-2.31277	-0.9947950000000001	0.349606	-0.49241999999999997	0.867764	-0.067149	0.0	0.327623	0.113329	-0.9379870000000001	0.0	-0.806342	-0.483883	-0.340105	0.0	1.74846	-0.461296	-0.9944459999999999	0.356729	
0	0.9983129999999999	0.046022900000000005	0.035396300000000006	0.0	-0.031879000000000005	-0.0750339	0.9966709999999999	0.0	0.048525599999999995	-0.9961180000000001	-0.0734402	0.0	-2.55501	-2.40469	-1.07276	0.345545	-0.49423100000000003	0.8668540000000001	-0.0655752	0.0	0.328802	0.116569	-0.937177	0.0	-0.804752	-0.48474300000000003	-0.34263499999999997	0.0	1.76252	-0.44378999999999996	-0.928776	0.35643600000000003	
0	0.9982790000000001	0.0401431	0.0427577	0.0	-0.0387534	-0.0957178	0.994654	0.0	0.044021199999999996	-0.994599	-0.0939973	0.0	-2.58555	-2.4233700000000002	-1.11286	0.3462	-0.494831	0.8665729999999999	-0.064764	0.0	0.327916	0.11718900000000002	-0.9374100000000001	0.0	-0.804744	-0.485097	-0.34215100000000004	0.0	1.7647599999999999	-0.439928	-0.902072	0.356563	
0	0.9993719999999999	0.0344046	0.00845085	0.0	-0.00475113	-0.10622999999999999	0.9943299999999999	0.0	0.0351073	-0.9937459999999999	-0.105999	0.0	-2.6689599999999998	-2.50349	-1.17129	0.346575	-0.497116	0.8653290000000001	-0.0638792	0.0	0.32579600000000003	0.117916	-0.938058	0.0	-0.804197	-0.48713599999999996	-0.340539	0.0	1.7630099999999997	-0.433812	-0.8643959999999999	0.356585	
0	0.999434	0.033464	-0.00332026	0.0	0.00762231	-0.12926400000000002	0.9915809999999999	0.0	0.0327531	-0.9910459999999999	-0.129446	0.0	-2.7641	-2.57842	-1.2497200000000002	0.34713499999999997	-0.493569	0.8677729999999999	-0.0579692	0.0	0.317112	0.117499	-0.941081	0.0	-0.809833	-0.482871	-0.333175	0.0	1.79182	-0.438885	-0.768814	0.356644	
0	0.99949	0.0317732	-0.00303481	0.0	0.007410300000000001	-0.138514	0.990333	0.0	0.0310457	-0.989851	-0.138679	0.0	-2.78684	-2.58443	-1.27993	0.34671799999999997	-0.49733999999999995	0.865885	-0.0538143	0.0	0.315019	0.122446	-0.941154	0.0	-0.808342	-0.485026	-0.33366799999999996	0.0	1.80298	-0.442492	-0.7296279999999999	0.35690700000000003	
0	0.999352	0.032918699999999995	-0.0145893	0.0	0.0191945	-0.144234	0.9893569999999999	0.0	0.030464099999999997	-0.9889959999999999	-0.144772	0.0	-2.85544	-2.59762	-1.30114	0.34659	-0.497917	0.86608	-0.044546499999999996	0.0	0.31740799999999997	0.134196	-0.9387459999999999	0.0	-0.8070510000000001	-0.48155600000000004	-0.341719	0.0	1.8717599999999999	-0.493791	-0.755379	0.356885	
0	0.998344	0.045804500000000005	-0.0348159	0.0	0.0410117	-0.14215	0.9889950000000001	0.0	0.04035130000000001	-0.988785	-0.143793	0.0	-2.88104	-2.59976	-1.30767	0.346674	-0.49136	0.8698809999999999	-0.0432761	0.0	0.317954	0.13289700000000002	-0.9387459999999999	0.0	-0.810846	-0.475022	-0.341882	0.0	1.89409	-0.505488	-0.788895	0.35691100000000003	
0	0.996449	0.056762900000000005	-0.062187099999999995	0.0	0.0691658	-0.130655	0.9890129999999999	0.0	0.0480142	-0.9898020000000001	-0.13411700000000001	0.0	-2.87819	-2.6219200000000003	-1.25122	0.347558	-0.485885	0.872558	-0.05057380000000001	0.0	0.316877	0.12193599999999999	-0.9405959999999999	0.0	-0.814558	-0.47304700000000005	-0.335741	0.0	1.87336	-0.479976	-0.785039	0.357296	
0	0.9959790000000001	0.054477	-0.07112139999999999	0.0	0.0773916	-0.12329200000000001	0.989348	0.0	0.0451281	-0.990874	-0.12701199999999999	0.0	-2.9283099999999997	-2.62226	-1.23395	0.34741	-0.48577200000000004	0.872606	-0.0508418	0.0	0.319206	0.122949	-0.9396760000000001	0.0	-0.813716	-0.47269700000000003	-0.338266	0.0	1.85263	-0.464624	-0.791956	0.357481	
0	0.9958520000000001	0.055425300000000004	-0.0721541	0.0	0.0784118	-0.12057000000000001	0.989603	0.0	0.0461494	-0.9911559999999999	-0.12441600000000001	0.0	-2.94152	-2.62296	-1.22997	0.347385	-0.48650600000000005	0.872195	-0.0508827	0.0	0.319363	0.123326	-0.939573	0.0	-0.8132159999999999	-0.473358	-0.338546	0.0	1.84968	-0.46305	-0.800722	0.35728200000000004	
0	0.995851	0.055434000000000004	-0.0721597	0.0	0.0784173	-0.120546	0.989606	0.0	0.0461593	-0.991159	-0.124393	0.0	-2.9412599999999998	-2.62295	-1.23006	0.347384	-0.486512	0.8721909999999999	-0.0508836	0.0	0.319365	0.123329	-0.939572	0.0	-0.813211	-0.473364	-0.338548	0.0	1.84975	-0.46310100000000004	-0.800595	0.357281	
0	0.995851	0.0554341	-0.0721597	0.0	0.0784173	-0.120546	0.989606	0.0	0.0461593	-0.991159	-0.124393	0.0	-2.9412599999999998	-2.62295	-1.23006	0.347384	-0.486512	0.8721909999999999	-0.0508836	0.0	0.319365	0.123329	-0.939572	0.0	-0.813211	-0.473364	-0.338548	0.0	1.84975	-0.46310100000000004	-0.800595	0.357281	
0	0.995851	0.0554341	-0.0721597	0.0	0.0784173	-0.120546	0.989606	0.0	0.0461593	-0.991159	-0.124393	0.0	-2.9412599999999998	-2.62295	-1.23006	0.347385	-0.486512	0.8721909999999999	-0.0508837	0.0	0.319365	0.123329	-0.939572	0.0	-0.813211	-0.473364	-0.338548	0.0	1.84975	-0.46310200000000007	-0.800595	0.357281	
0	0.995851	0.0554341	-0.0721597	0.0	0.0784173	-0.120546	0.989606	0.0	0.0461593	-0.991159	-0.124393	0.0	-2.9412599999999998	-2.62295	-1.23006	0.347385	-0.486512	0.8721909999999999	-0.0508837	0.0	0.319365	0.123329	-0.939572	0.0	-0.813211	-0.473364	-0.338548	0.0	1.84975	-0.46310100000000004	-0.800595	0.357281	
0	0.995851	0.0554341	-0.0721597	0.0	0.0784174	-0.120546	0.989606	0.0	0.0461593	-0.991159	-0.124393	0.0	-2.9412599999999998	-2.62295	-1.23006	0.347385	-0.486512	0.8721909999999999	-0.0508837	0.0	0.319365	0.123329	-0.939572	0.0	-0.813211	-0.473364	-0.338548	0.0	1.84975	-0.46310100000000004	-0.800595	0.357281	
0	0.995851	0.055434000000000004	-0.0721597	0.0	0.0784174	-0.120546	0.989606	0.0	0.0461593	-0.991159	-0.124393	0.0	-2.9412599999999998	-2.62295	-1.23006	0.347385	-0.486512	0.8721909999999999	-0.0508837	0.0	0.319365	0.123329	-0.939572	0.0	-0.813211	-0.473364	-0.338548	0.0	1.84975	-0.46310100000000004	-0.800595	0.357281	
0	0.995851	0.055434000000000004	-0.0721597	0.0	0.0784173	-0.120546	0.989606	0.0	0.0461593	-0.991159	-0.124393	0.0	-2.9412599999999998	-2.62295	-1.23006	0.347384	-0.486512	0.8721909999999999	-0.0508837	0.0	0.319365	0.123329	-0.939572	0.0	-0.813211	-0.473364	-0.338548	0.0	1.84975	-0.46310100000000004	-0.800595	0.357281	
0	0.995851	0.0554341	-0.0721597	0.0	0.0784174	-0.120546	0.989606	0.0	0.0461593	-0.991159	-0.124393	0.0	-2.9412599999999998	-2.62295	-1.23006	0.347385	-0.486512	0.8721909999999999	-0.0508837	0.0	0.319365	0.123329	-0.939572	0.0	-0.813211	-0.473364	-0.338548	0.0	1.84975	-0.46310100000000004	-0.800595	0.357281	
0	0.995851	0.055434000000000004	-0.0721597	0.0	0.0784174	-0.120546	0.989606	0.0	0.0461592	-0.991159	-0.124393	0.0	-2.9412599999999998	-2.62295	-1.23006	0.347385	-0.486512	0.8721909999999999	-0.0508836	0.0	0.319365	0.123329	-0.939572	0.0	-0.813211	-0.473364	-0.338548	0.0	1.84975	-0.46310100000000004	-0.800595	0.357281	
0	0.974735	0.21717399999999998	0.0522285	0.0	-0.0086586	-0.19691199999999998	0.980383	0.0	0.223198	-0.956066	-0.190057	0.0	-2.92766	-2.64534	-1.2918	0.351337	-0.461658	0.8868360000000001	-0.0198579	0.0	0.343884	0.158289	-0.925575	0.0	-0.817689	-0.43412799999999996	-0.378044	0.0	1.8122599999999998	-0.48395699999999997	-0.755324	0.357215	
0	0.952047	0.258973	0.162911	0.0	-0.10425899999999999	-0.225991	0.968534	0.0	0.287641	-0.939074	-0.188154	0.0	-2.88826	-2.74563	-1.31607	0.351068	-0.46677399999999997	0.8839670000000001	-0.0269281	0.0	0.336897	0.149579	-0.929584	0.0	-0.817693	-0.442978	-0.367626	0.0	1.81472	-0.49340900000000004	-0.76645	0.357523	
0	0.9409629999999999	0.19078499999999998	0.279624	0.0	-0.240965	-0.202652	0.949141	0.0	0.23774800000000001	-0.9604860000000001	-0.144716	0.0	-2.82185	-3.06011	-1.38093	0.35074099999999997	-0.46796000000000004	0.8832700000000001	-0.0291303	0.0	0.336204	0.147445	-0.930176	0.0	-0.817301	-0.445078	-0.365958	0.0	1.80962	-0.494738	-0.7697109999999999	0.357515	
0	0.934264	0.17851199999999998	0.308681	0.0	-0.273775	-0.195552	0.9417040000000001	0.0	0.228469	-0.96431	-0.133825	0.0	-2.78707	-3.17975	-1.4168	0.35076599999999997	-0.469124	0.8826290000000001	-0.029814799999999995	0.0	0.336606	0.147493	-0.9300229999999999	0.0	-0.8164680000000001	-0.44633100000000003	-0.366291	0.0	1.80913	-0.49415299999999995	-0.768836	0.357655	
0	0.9328280000000001	0.154437	0.325548	0.0	-0.299584	-0.16958399999999998	0.9388780000000001	0.0	0.200205	-0.97334	-0.111926	0.0	-2.77195	-3.4138599999999997	-1.48108	0.350539	-0.469278	0.882466	-0.032133499999999995	0.0	0.336098	0.144843	-0.930623	0.0	-0.816588	-0.447521	-0.36456700000000003	0.0	1.80955	-0.49231	-0.760983	0.35740900000000003	
0	0.9259	0.137601	0.35181599999999996	0.0	-0.328381	-0.167214	0.9296260000000001	0.0	0.186746	-0.9762709999999999	-0.10963800000000001	0.0	-2.77313	-3.60483	-1.58294	0.351772	-0.472008	0.880941	-0.033938800000000005	0.0	0.3379	0.14522100000000002	-0.929911	0.0	-0.814268	-0.45039399999999996	-0.366215	0.0	1.8115400000000002	-0.49186199999999997	-0.756286	0.357356	
0	0.92869	0.12318299999999999	0.349802	0.0	-0.330428	-0.153417	0.9312790000000001	0.0	0.16838399999999998	-0.980454	-0.101773	0.0	-2.7568900000000003	-3.6071	-1.59202	0.351833	-0.472731	0.880411	-0.0374385	0.0	0.338943	0.142448	-0.92996	0.0	-0.8134140000000001	-0.45231099999999996	-0.365749	0.0	1.8152	-0.481731	-0.748698	0.357389	
0	0.9404459999999999	0.11059400000000001	0.321452	0.0	-0.310208	-0.10757699999999999	0.9445620000000001	0.0	0.139044	-0.9880260000000001	-0.06686339999999999	0.0	-2.738	-3.61708	-1.6306100000000001	0.35328000000000004	-0.475071	0.878812	-0.0446874	0.0	0.340956	0.137023	-0.93004	0.0	-0.811207	-0.45707200000000003	-0.364732	0.0	1.8262099999999999	-0.433932	-0.718808	0.357267	
0	0.945483	0.0883669	0.31345500000000004	0.0	-0.304177	-0.10426500000000001	0.946892	0.0	0.116356	-0.9906159999999999	-0.0717017	0.0	-2.7185	-3.61922	-1.63571	0.357576	-0.47445200000000004	0.879077	-0.0460399	0.0	0.34108499999999997	0.13537000000000002	-0.930235	0.0	-0.811515	-0.45705500000000004	-0.364066	0.0	1.8334599999999999	-0.405649	-0.6860569999999999	0.357337	
0	0.951183	0.0705841	0.30044899999999997	0.0	-0.29238200000000003	-0.1056	0.9504530000000001	0.0	0.09881439999999998	-0.991901	-0.0798077	0.0	-2.70688	-3.61935	-1.63383	0.358187	-0.47434	0.87903	-0.048049400000000006	0.0	0.342837	0.134178	-0.9297629999999999	0.0	-0.8108420000000001	-0.45749700000000004	-0.36501	0.0	1.83398	-0.394866	-0.6854979999999999	0.356976	
0	0.970575	0.0679001	0.231027	0.0	-0.22592600000000002	-0.0751687	0.97124	0.0	0.0833133	-0.994857	-0.057616499999999994	0.0	-2.66832	-3.6208099999999996	-1.6520599999999999	0.346367	-0.47193999999999997	0.879998	-0.0536297	0.0	0.341235	0.126237	-0.9314629999999999	0.0	-0.8129149999999999	-0.457895	-0.359863	0.0	1.8250099999999998	-0.372399	-0.658203	0.357216	
0	0.9815879999999999	0.0999774	0.16275699999999999	0.0	-0.162631	-0.00947139	0.986642	0.0	0.10018300000000001	-0.9949450000000001	0.00696239	0.0	-2.6625799999999997	-3.63685	-1.7016	0.3408	-0.47270200000000007	0.8794139999999999	-0.056431100000000005	0.0	0.34024	0.123064	-0.932251	0.0	-0.81289	-0.45987700000000004	-0.35738400000000003	0.0	1.81663	-0.350265	-0.6290140000000001	0.357166	
0	0.9949600000000001	0.0938455	0.03530730000000001	0.0	-0.0448504	0.101608	0.993813	0.0	0.08967739999999999	-0.9903879999999999	0.105305	0.0	-2.61282	-3.6171699999999998	-1.77748	0.346586	-0.474646	0.878178	-0.05928580000000001	0.0	0.341121	0.12144300000000001	-0.932142	0.0	-0.8113859999999999	-0.46266	-0.35720799999999997	0.0	1.81577	-0.32166	-0.616255	0.35715	
0	0.995338	0.0912671	0.0311827	0.0	-0.0415058	0.11349200000000001	0.9926719999999999	0.0	0.0870592	-0.9893379999999999	0.116751	0.0	-2.60871	-3.61346	-1.78983	0.339993	-0.47497700000000004	0.877967	-0.059762	0.0	0.341505	0.12131199999999999	-0.932018	0.0	-0.8110310000000001	-0.463096	-0.35745	0.0	1.81614	-0.32101599999999997	-0.617592	0.357157	
0	0.996606	0.0821672	0.00495724	0.0	-0.0201181	0.184732	0.982583	0.0	0.0798203	-0.979348	0.18575899999999998	0.0	-2.6097099999999998	-3.5982199999999995	-1.8096400000000001	0.283562	-0.47339	0.87895	-0.0578703	0.0	0.341097	0.12234500000000001	-0.932032	0.0	-0.81213	-0.460954	-0.357724	0.0	1.81634	-0.31797800000000004	-0.622942	0.35707300000000003	
0	0.99492	0.0734423	0.06885039999999999	0.0	-0.08624689999999999	0.269122	0.9592370000000001	0.0	0.0519194	-0.960302	0.27408899999999997	0.0	-2.6369700000000003	-3.58258	-1.8169099999999998	0.140211	-0.47163900000000003	0.879934	-0.05721130000000001	0.0	0.341013	0.122178	-0.932085	0.0	-0.813184	-0.459117	-0.357693	0.0	1.82119	-0.310311	-0.588222	0.35690500000000003	
0	0.995799	0.06985169999999999	0.0592115	0.0	-0.0770628	0.289983	0.953924	0.0	0.049462900000000004	-0.9544790000000001	0.294148	0.0	-2.63508	-3.5773699999999997	-1.8180900000000002	0.139621	-0.471684	0.8799790000000001	-0.056134699999999996	0.0	0.34061199999999997	0.12311400000000002	-0.932109	0.0	-0.813325	-0.45878100000000005	-0.35780300000000004	0.0	1.8213099999999998	-0.314824	-0.5679850000000001	0.356917	
0	0.997239	0.0696756	0.025680500000000002	0.0	-0.044470499999999996	0.283408	0.957968	0.0	0.05946900000000001	-0.956465	0.285724	0.0	-2.6670700000000003	-3.56849	-1.8177	0.139322	-0.470211	0.8809049999999999	-0.0539293	0.0	0.341278	0.125135	-0.9315959999999999	0.0	-0.8138989999999999	-0.456451	-0.35947399999999996	0.0	1.82047	-0.314556	-0.572379	0.356824	
0	0.9968940000000001	0.0705336	0.035039999999999995	0.0	-0.0531433	0.274074	0.960239	0.0	0.0581255	-0.959118	0.276971	0.0	-2.6720599999999997	-3.56938	-1.81715	0.13971	-0.46968000000000004	0.881222	-0.0533799	0.0	0.341503	0.125594	-0.9314520000000001	0.0	-0.8141109999999999	-0.45571300000000003	-0.359929	0.0	1.8204900000000002	-0.314244	-0.5741109999999999	0.35677800000000004	
0	0.9973870000000001	0.0721746	0.00316593	0.0	-0.0153411	0.168769	0.9855360000000001	0.0	0.07059639999999999	-0.98301	0.169435	0.0	-2.66357	-3.56351	-1.80513	0.139572	-0.456316	0.888468	-0.0489939	0.0	0.33697699999999997	0.12158699999999999	-0.933629	0.0	-0.823543	-0.44254	-0.354875	0.0	1.79174	-0.320522	-0.581083	0.356809	
0	0.9971389999999999	0.0739214	-0.0157977	0.0	0.00459658	0.149307	0.9887799999999999	0.0	0.0754507	-0.986024	0.14854	0.0	-2.65064	-3.57372	-1.79225	0.140226	-0.45343500000000003	0.89012	-0.0456382	0.0	0.335044	0.122777	-0.934169	0.0	-0.8259190000000001	-0.43887600000000004	-0.353901	0.0	1.7714	-0.32263200000000003	-0.579291	0.357026	
0	0.9959379999999999	0.082289	-0.0365389	0.0	0.025218099999999997	0.134633	0.990575	0.0	0.0864327	-0.9874729999999999	0.132012	0.0	-2.67405	-3.5822199999999995	-1.7710700000000001	0.140427	-0.45075200000000004	0.8919969999999999	-0.034101	0.0	0.332293	0.132216	-0.9338629999999999	0.0	-0.8284950000000001	-0.43227299999999996	-0.356001	0.0	1.7460799999999999	-0.345068	-0.595777	0.35712	
0	0.996323	0.08459580000000001	-0.0135841	0.0	0.00794309	0.0666652	0.9977440000000001	0.0	0.0853105	-0.994183	0.06574810000000002	0.0	-2.88751	-3.57683	-1.72012	0.139995	-0.447014	0.8941030000000001	-0.0275311	0.0	0.332137	0.13732	-0.933182	0.0	-0.8305799999999999	-0.42628900000000003	-0.358349	0.0	1.7414900000000002	-0.36214	-0.613011	0.357212	
0	0.994236	0.107051	-0.00591834	0.0	0.00181437	0.0383935	0.9992610000000001	0.0	0.107199	-0.9935120000000001	0.037978	0.0	-2.9691400000000003	-3.55295	-1.73748	0.139967	-0.43817700000000004	0.898537	-0.025143400000000003	0.0	0.327753	0.13366	-0.935261	0.0	-0.8370059999999999	-0.418051	-0.353065	0.0	1.72839	-0.424883	-0.641238	0.357158	
0	0.9953	0.09585239999999999	-0.013808500000000001	0.0	0.013291899999999999	0.00602632	0.999893	0.0	0.0959254	-0.9953770000000001	0.00472393	0.0	-2.95322	-3.54615	-1.7129	0.140287	-0.432925	0.901274	-0.0167818	0.0	0.322813	0.137626	-0.9364030000000001	0.0	-0.8416459999999999	-0.41081000000000006	-0.350525	0.0	1.7237099999999999	-0.458628	-0.654688	0.357677	
0	0.9963299999999999	0.079967	-0.030528899999999998	0.0	0.031058600000000002	-0.00538769	0.999503	0.0	0.07976280000000001	-0.996783	-0.00785158	0.0	-2.93218	-3.46389	-1.68405	0.13988599999999998	-0.42093500000000006	0.9069440000000001	-0.0163186	0.0	0.318454	0.130909	-0.9388559999999999	0.0	-0.849353	-0.400394	-0.343925	0.0	1.7119900000000001	-0.51639	-0.688275	0.357768	
0	0.9964930000000001	0.0778792	-0.0306043	0.0	0.032248900000000004	-0.019947200000000002	0.999281	0.0	0.0772127	-0.996763	-0.0223887	0.0	-2.92997	-3.4049300000000002	-1.66842	0.140438	-0.41730200000000006	0.908633	-0.015659899999999997	0.0	0.317558	0.129654	-0.939333	0.0	-0.8514790000000001	-0.396958	-0.342648	0.0	1.69618	-0.5287689999999999	-0.6942229999999999	0.357833	
0	0.9953129999999999	0.0963673	-0.00812464	0.0	0.0150811	-0.0716803	0.9973139999999999	0.0	0.095526	-0.992761	-0.07279760000000002	0.0	-2.95181	-3.1764099999999997	-1.63517	0.139976	-0.412567	0.9108209999999999	-0.0139333	0.0	0.315676	0.128608	-0.940111	0.0	-0.8544809999999999	-0.392257	-0.34058299999999997	0.0	1.6705900000000002	-0.552971	-0.713784	0.357898	
0	0.994296	0.10271300000000001	0.0287286	0.0	-0.014078499999999999	-0.14060599999999998	0.989966	0.0	0.105722	-0.9847229999999999	-0.13835799999999998	0.0	-2.97634	-2.878	-1.5663799999999999	0.14003800000000002	-0.404048	0.914645	-0.013063299999999998	0.0	0.314144	0.125333	-0.941066	0.0	-0.8591040000000001	-0.384339	-0.337971	0.0	1.6480700000000001	-0.566629	-0.719494	0.358143	
0	0.993424	0.10608499999999998	0.0430615	0.0	-0.026241300000000002	-0.155125	0.9875459999999999	0.0	0.111444	-0.982182	-0.151321	0.0	-2.98855	-2.74742	-1.55175	0.14059100000000002	-0.399331	0.916695	-0.0143113	0.0	0.311794	0.121111	-0.942399	0.0	-0.86216	-0.380791	-0.33418400000000004	0.0	1.6360700000000001	-0.564077	-0.710358	0.358103	
0	0.993516	0.10812999999999999	0.035123800000000004	0.0	-0.0152511	-0.179392	0.9836600000000001	0.0	0.11266400000000001	-0.977817	-0.17658	0.0	-3.44941	-2.2325	-1.48301	0.140432	-0.392232	0.919759	-0.014089099999999998	0.0	0.309678	0.11760899999999999	-0.9435399999999999	0.0	-0.8661719999999999	-0.37445	-0.330959	0.0	1.59784	-0.557496	-0.694675	0.358106	
1	0.988993	0.140377	0.0467654	0.0	-0.019975	-0.1865	0.982252	0.0	0.146607	-0.972374	-0.181643	0.0	-3.47635	-2.02977	-1.4095799999999998	0.140429	-0.389235	0.920975	-0.017372799999999997	0.0	0.305298	0.11118900000000001	-0.945743	0.0	-0.869074	-0.37342	-0.32445100000000004	0.0	1.57705	-0.551693	-0.685475	0.358259	
1	0.9807540000000001	0.184194	0.0647598	0.0	-0.029763799999999997	-0.18675999999999998	0.9819540000000001	0.0	0.192965	-0.964983	-0.17768399999999998	0.0	-3.4278	-1.8737400000000002	-1.30001	0.139817	-0.38703000000000004	0.92184	-0.0204476	0.0	0.303372	0.10636500000000002	-0.946917	0.0	-0.8707309999999999	-0.372688	-0.320827	0.0	1.56853	-0.553559	-0.688742	0.358148	
1	0.970549	0.222621	0.0920533	0.0	-0.0500517	-0.187434	0.981001	0.0	0.235646	-0.9567180000000001	-0.170771	0.0	-3.3877900000000003	-1.81217	-1.2220799999999998	0.140443	-0.385619	0.9224530000000001	-0.0194716	0.0	0.302377	0.10640999999999999	-0.9472299999999999	0.0	-0.8717030000000001	-0.371158	-0.31996199999999997	0.0	1.56682	-0.551121	-0.68919	0.358614	
1	0.9202049999999999	0.331735	0.207783	0.0	-0.154687	-0.17943299999999998	0.971533	0.0	0.359575	-0.9261510000000001	-0.1138	0.0	-3.3270800000000005	-1.7289400000000001	-1.0807200000000001	0.139817	-0.36956	0.9290450000000001	-0.0173583	0.0	0.296195	0.100075	-0.9498700000000001	0.0	-0.880735	-0.35617600000000005	-0.312162	0.0	1.5519100000000001	-0.560408	-0.70913	0.358505	
1	0.847001	0.451434	0.280708	0.0	-0.21139000000000002	-0.198481	0.957037	0.0	0.487754	-0.86995	-0.07268510000000002	0.0	-3.2962599999999997	-1.75672	-1.10037	0.140443	-0.35045	0.936558	-0.00660348	0.0	0.287698	0.100938	-0.9523870000000001	0.0	-0.891299	-0.33566399999999996	-0.30482	0.0	1.51393	-0.580443	-0.7180340000000001	0.359205	
1	0.754998	0.570327	0.323583	0.0	-0.242277	-0.215928	0.945874	0.0	0.609328	-0.792529	-0.0248476	0.0	-3.3378099999999997	-1.81942	-1.2041	0.140435	-0.32598	0.9451649999999999	-0.0200104	0.0	0.287663	0.07900499999999999	-0.954468	0.0	-0.9005489999999999	-0.316893	-0.297643	0.0	1.4875	-0.634516	-0.7517510000000001	0.35902199999999995	
1	0.74034	0.5772550000000001	0.34449	0.0	-0.241233	-0.250187	0.9376639999999999	0.0	0.627458	-0.777292	-0.045970300000000006	0.0	-3.36847	-1.85179	-1.30456	0.14035799999999998	-0.303323	0.9522209999999999	-0.035649400000000005	0.0	0.286179	0.055348	-0.956576	0.0	-0.908898	-0.300354	-0.289294	0.0	1.44698	-0.666371	-0.762284	0.359321	
1	0.584953	0.739797	0.332463	0.0	-0.21116	-0.256863	0.943098	0.0	0.783098	-0.62187	0.00596271	0.0	-3.5148599999999997	-1.91685	-1.52576	0.14036400000000002	-0.257967	0.964096	-0.06302	0.0	0.27107800000000004	0.00961697	-0.9625100000000001	0.0	-0.9273459999999999	-0.265379	-0.263826	0.0	1.3364200000000002	-0.700145	-0.7213229999999999	0.360119	
1	0.580679	0.7445930000000001	0.329231	0.0	-0.20958600000000002	-0.25404699999999997	0.944211	0.0	0.786693	-0.617286	0.00853662	0.0	-3.51725	-1.91828	-1.5370700000000002	0.14036600000000002	-0.255011	0.96475	-0.0650102	0.0	0.27015	0.00652963	-0.9627959999999999	0.0	-0.928433	-0.263086	-0.262293	0.0	1.32902	-0.7016600000000001	-0.716663	0.360104	
1	0.355335	0.889418	0.287527	0.0	-0.22271999999999997	-0.21818200000000001	0.950154	0.0	0.907818	-0.401661	0.12056300000000002	0.0	-3.56342	-1.9894	-1.7250900000000002	0.14035599999999998	-0.200443	0.9751690000000001	-0.09417	0.0	0.281933	-0.0346397	-0.958809	0.0	-0.938263	-0.218736	-0.267989	0.0	1.19271	-0.701731	-0.723251	0.360964	
1	0.231616	0.9441799999999999	0.234262	0.0	-0.24048200000000003	-0.177765	0.9542370000000001	0.0	0.942615	-0.277352	0.185885	0.0	-3.56143	-2.04549	-1.8257	0.14035	-0.16370099999999999	0.980931	-0.10476400000000001	0.0	0.297779	-0.052109300000000004	-0.953211	0.0	-0.940494	-0.18723900000000002	-0.283571	0.0	1.10496	-0.706172	-0.75032	0.361007	
1	0.16159	0.965454	0.204422	0.0	-0.255837	-0.15908	0.953542	0.0	0.953119	-0.206382	0.221293	0.0	-3.5489900000000003	-2.09357	-1.8575099999999998	0.14035	-0.137571	0.9839700000000001	-0.113478	0.0	0.314973	-0.065161	-0.9468610000000001	0.0	-0.939077	-0.16600299999999998	-0.30095900000000003	0.0	1.0430700000000002	-0.7269979999999999	-0.7765770000000001	0.36104	
1	-0.00239766	0.991348	0.131235	0.0	-0.305126	-0.125703	0.9439799999999999	0.0	0.952309	-0.03778	0.302787	0.0	-3.4574199999999995	-2.2191	-1.9337799999999998	0.14035	-0.0984883	0.987099	-0.12623800000000002	0.0	0.33973600000000004	-0.085881	-0.936591	0.0	-0.93535	-0.135131	-0.326895	0.0	0.9311649999999999	-0.771774	-0.828393	0.360095	
1	-0.0626831	0.993859	0.0911887	0.0	-0.33721599999999996	-0.10708599999999999	0.935317	0.0	0.9393379999999999	0.0278783	0.341858	0.0	-3.4085900000000002	-2.26828	-1.9552599999999998	0.13957	-0.0817581	0.9882709999999999	-0.128984	0.0	0.339679	-0.0940383	-0.9358290000000001	0.0	-0.936981	-0.120324	-0.328006	0.0	0.8944219999999999	-0.764133	-0.827867	0.360291	
1	-0.0969765	0.993575	0.058356500000000006	0.0	-0.397418	-0.092412	0.9129729999999999	0.0	0.912499	0.0653448	0.403826	0.0	-3.2099599999999997	-2.3685400000000003	-1.9205299999999998	0.138524	-0.0538845	0.988712	-0.13980499999999998	0.0	0.342177	-0.113249	-0.932786	0.0	-0.938089	-0.09810060000000001	-0.332212	0.0	0.762092	-0.7540680000000001	-0.8285030000000001	0.35990900000000003	
1	-0.114201	0.99215	0.050956699999999994	0.0	-0.433367	-0.09590610000000001	0.8961	0.0	0.8939530000000001	0.08025260000000001	0.44091800000000003	0.0	-3.03698	-2.4239599999999997	-1.85245	0.13774	-0.0432948	0.987642	-0.15062799999999998	0.0	0.338019	-0.127397	-0.932477	0.0	-0.9401430000000001	-0.0912863	-0.328326	0.0	0.663971	-0.779478	-0.821672	0.360284	
1	-0.129355	0.990505	0.046547399999999996	0.0	-0.42703500000000005	-0.0980115	0.898908	0.0	0.894935	0.09640069999999999	0.435659	0.0	-2.98829	-2.42291	-1.85517	0.13718	-0.035319699999999996	0.985605	-0.16533499999999998	0.0	0.34318699999999996	-0.14341600000000002	-0.9282540000000001	0.0	-0.9386030000000001	-0.08952639999999999	-0.333181	0.0	0.6097229999999999	-0.7865850000000001	-0.834784	0.359761	
1	-0.154541	0.986489	0.054364800000000005	0.0	-0.43605	-0.11748	0.8922209999999999	0.0	0.8865540000000001	0.114179	0.44831400000000005	0.0	-2.86592	-2.36892	-1.8465200000000002	0.137997	-0.038615699999999996	0.9816440000000001	-0.18677	0.0	0.32505700000000004	-0.164404	-0.9312950000000001	0.0	-0.9449059999999999	-0.0966735	-0.312742	0.0	0.49444	-0.8274879999999999	-0.7832899999999999	0.359437	
1	-0.15721300000000002	0.9865200000000001	0.0454105	0.0	-0.437576	-0.11080699999999999	0.892328	0.0	0.885331	0.12041400000000001	0.44909799999999994	0.0	-2.8265700000000002	-2.3531299999999997	-1.8411	0.137908	-0.043606400000000003	0.98101	-0.188993	0.0	0.32072399999999995	-0.165414	-0.932617	0.0	-0.946168	-0.101283	-0.30741999999999997	0.0	0.440043	-0.82886	-0.7526	0.359641	
1	-0.168399	0.985376	0.0260031	0.0	-0.432875	-0.09762610000000001	0.8961520000000001	0.0	0.8855850000000001	0.139655	0.442985	0.0	-2.6613700000000002	-2.319	-1.8279299999999998	0.136571	-0.07244099999999999	0.97725	-0.19933599999999999	0.0	0.324887	-0.16583900000000001	-0.931099	0.0	-0.942974	-0.132211	-0.305483	0.0	0.34563499999999997	-0.8951319999999999	-0.765239	0.359199	
1	-0.172214	0.9842209999999999	0.0406298	0.0	-0.462187	-0.117158	0.879009	0.0	0.8699	0.132599	0.475071	0.0	-2.53398	-2.32761	-1.75595	0.137193	-0.0835603	0.9740979999999999	-0.21012199999999998	0.0	0.321252	-0.173269	-0.931008	0.0	-0.9433	-0.145297	-0.298452	0.0	0.304475	-0.9662649999999999	-0.800191	0.359563	
1	-0.17263900000000001	0.9843860000000001	0.034362000000000004	0.0	-0.467546	-0.112602	0.876768	0.0	0.8669469999999999	0.135299	0.47968500000000003	0.0	-2.4628099999999997	-2.33963	-1.72907	0.136441	-0.090739	0.972515	-0.214434	0.0	0.322376	-0.175045	-0.9302870000000001	0.0	-0.9422530000000001	-0.153541	-0.297632	0.0	0.283637	-1.0018	-0.8171430000000001	0.359744	
1	-0.178646	0.983682	0.021322999999999998	0.0	-0.474736	-0.10515799999999999	0.8738229999999999	0.0	0.861807	0.145982	0.48577600000000004	0.0	-2.29995	-2.41355	-1.66976	0.13633299999999998	-0.11860599999999999	0.9686100000000001	-0.21846500000000002	0.0	0.33571	-0.167944	-0.926873	0.0	-0.9344690000000001	-0.183273	-0.30525399999999997	0.0	0.204929	-1.09612	-0.9210459999999999	0.359824	
1	-0.17967	0.983671	0.010494	0.0	-0.477128	-0.0964677	0.8735229999999999	0.0	0.8602719999999999	0.15193900000000002	0.48666899999999996	0.0	-2.24748	-2.4199	-1.62232	0.136965	-0.12929300000000002	0.965261	-0.227056	0.0	0.342436	-0.171428	-0.9237690000000001	0.0	-0.9306030000000001	-0.197189	-0.30837600000000004	0.0	0.16630699999999998	-1.14424	-0.9807799999999999	0.35989499999999996	
1	-0.17782699999999999	0.9840450000000001	-0.00571916	0.0	-0.47654799999999997	-0.0810292	0.8754069999999999	0.0	0.8609760000000001	0.158396	0.483353	0.0	-2.1769700000000003	-2.41825	-1.55494	0.13616099999999998	-0.145316	0.9598530000000001	-0.23992800000000003	0.0	0.360369	-0.174495	-0.916344	0.0	-0.921422	-0.21962199999999998	-0.320544	0.0	0.0737027	-1.28027	-1.18184	0.359268	
1	-0.18013800000000002	0.983615	-0.00722	0.0	-0.47759399999999996	-0.0810443	0.874835	0.0	0.859915	0.16103900000000002	0.484368	0.0	-2.15618	-2.41627	-1.5114299999999998	0.136949	-0.167576	0.956874	-0.237298	0.0	0.368591	-0.162435	-0.9152899999999999	0.0	-0.9143629999999999	-0.240846	-0.325475	0.0	-0.00405767	-1.3525399999999999	-1.28758	0.35928899999999997	
1	-0.17911400000000002	0.9837040000000001	-0.0156708	0.0	-0.47361499999999995	-0.0722531	0.877763	0.0	0.862326	0.164641	0.478839	0.0	-2.1424	-2.41308	-1.50872	0.136133	-0.17507999999999999	0.955059	-0.239186	0.0	0.37036399999999997	-0.161207	-0.914791	0.0	-0.9122379999999999	-0.24874699999999997	-0.325495	0.0	-0.0468244	-1.41615	-1.38737	0.358921	
1	-0.182582	0.983173	-0.00580621	0.0	-0.48048599999999997	-0.08407410000000001	0.8729629999999999	0.0	0.857786	0.162177	0.48775100000000005	0.0	-2.1219	-2.42714	-1.49804	0.136927	-0.21650100000000003	0.9440870000000001	-0.248653	0.0	0.38052800000000003	-0.152947	-0.912034	0.0	-0.899069	-0.292076	-0.326138	0.0	-0.0929821	-1.63211	-1.59455	0.35870599999999997	
1	-0.18481199999999998	0.9827739999999999	-0.000293583	0.0	-0.481663	-0.090317	0.87169	0.0	0.856648	0.16124000000000002	0.490058	0.0	-2.11177	-2.43008	-1.50085	0.13695	-0.230368	0.9406479999999999	-0.249223	0.0	0.37494	-0.150536	-0.914745	0.0	-0.89797	-0.304172	-0.318008	0.0	-0.139915	-1.7788700000000002	-1.7179900000000001	0.35887800000000003	
1	-0.184557	0.982806	-0.00556454	0.0	-0.477828	-0.0847787	0.874353	0.0	0.858848	0.164027	0.48525799999999997	0.0	-2.09978	-2.42563	-1.50613	0.136154	-0.23658800000000002	0.940795	-0.24275700000000003	0.0	0.365556	-0.145302	-0.919378	0.0	-0.9002190000000001	-0.306255	-0.309537	0.0	-0.17101	-1.8394599999999999	-1.79085	0.358914	
1	-0.18626700000000002	0.9824930000000001	-0.0034323	0.0	-0.47895699999999997	-0.0877524	0.873442	0.0	0.857849	0.164338	0.486917	0.0	-2.09127	-2.42353	-1.51085	0.13613499999999998	-0.27147	0.9334479999999999	-0.23447600000000002	0.0	0.353281	-0.129974	-0.926444	0.0	-0.8952629999999999	-0.334338	-0.294486	0.0	-0.22637100000000002	-1.94835	-1.8895	0.358446	
1	-0.188053	0.982142	-0.00575301	0.0	-0.475926	-0.08599939999999999	0.8752709999999999	0.0	0.859146	0.16733499999999998	0.483599	0.0	-2.08796	-2.4285900000000002	-1.5136	0.13611700000000002	-0.283384	0.932668	-0.223215	0.0	0.341148	-0.119492	-0.932384	0.0	-0.896277	-0.34037199999999995	-0.284316	0.0	-0.271389	-2.0817900000000003	-1.9876	0.358712	
1	-0.186925	0.9823639999999999	-0.0045681	0.0	-0.479892	-0.0872548	0.872978	0.0	0.857183	0.165373	0.487738	0.0	-2.08873	-2.42964	-1.5332	0.13609100000000002	-0.28081100000000003	0.934264	-0.21976300000000001	0.0	0.334728	-0.11926500000000001	-0.934737	0.0	-0.899501	-0.336046	-0.27923400000000004	0.0	-0.27958099999999997	-2.11863	-2.03167	0.359518	
1	-0.187626	0.9822219999999999	-0.0060617	0.0	-0.476021	-0.08552910000000001	0.875265	0.0	0.859186	0.167108	0.48360600000000004	0.0	-2.10812	-2.43249	-1.5892899999999999	0.13698	-0.27881999999999996	0.9355110000000001	-0.21697800000000003	0.0	0.33419899999999997	-0.11729500000000001	-0.935175	0.0	-0.900317	-0.33326	-0.279942	0.0	-0.28335	-2.1427400000000003	-2.07545	0.359562	
