0	0.00292286	0.9622959999999999	-0.271987	0.0	0.23993299999999998	0.263369	0.9343819999999999	0.0	0.970785	-0.06798989999999999	-0.23011700000000002	0.0	-2.77427	2.03347	1.43147	-1.00136e-05	-0.171147	0.9563309999999999	-0.23694	0.0	0.279926	-0.18337799999999999	-0.9423450000000001	0.0	-0.944643	-0.22760500000000003	-0.23631799999999997	0.0	2.64678	2.0491200000000003	1.60467	-9.72301e-06	
0	-0.0585125	0.966247	-0.25088299999999997	0.0	0.167027	0.257247	0.951802	0.0	0.984215	0.013788	-0.17644200000000002	0.0	-2.7927400000000002	2.0587299999999997	1.4929700000000001	0.0	-0.028945599999999995	0.989395	-0.142335	0.0	0.130503	-0.137436	-0.981876	0.0	-0.991025	-0.0469961	-0.125141	0.0	2.69385	2.0683700000000003	1.6059	0.00034523	
0	-0.0661002	0.9764219999999999	-0.20550300000000002	0.0	0.170058	0.213964	0.961925	0.0	0.983215	0.028635900000000002	-0.18019100000000002	0.0	-2.8301	2.09883	1.46682	0.0	-0.06748860000000001	0.990762	-0.117628	0.0	0.158695	-0.105736	-0.98165	0.0	-0.9850190000000001	-0.08491699999999999	-0.150093	0.0	2.69719	2.08521	1.5738299999999998	0.0	
0	-0.06502909999999999	0.995236	-0.07264019999999999	0.0	0.216448	0.0851291	0.972576	0.0	0.974126	0.047522800000000004	-0.220953	0.0	-2.83357	2.1987099999999997	1.39458	0.240627	-0.09143860000000001	0.9929319999999999	-0.07567019999999999	0.0	0.170692	-0.059235800000000005	-0.983542	0.0	-0.981073	-0.10285	-0.164069	0.0	2.7316599999999998	2.0657400000000004	1.4658799999999998	0.18332	
0	-0.00758725	0.9974709999999999	0.07066180000000001	0.0	0.24445	-0.0666698	0.967367	0.0	0.9696319999999999	0.024612900000000004	-0.24332600000000001	0.0	-2.77019	2.27268	1.26817	0.34345	-0.125068	0.992035	0.0150244	0.0	0.211654	0.041472	-0.9764649999999999	0.0	-0.96931	-0.11894400000000001	-0.215155	0.0	2.70545	1.9793900000000002	1.23288	0.354743	
0	0.130934	0.960591	0.245196	0.0	0.26066300000000003	-0.27198	0.926327	0.0	0.9565100000000001	-0.05737419999999999	-0.286002	0.0	-2.73375	2.23991	1.07279	0.345233	-0.179028	0.9756809999999999	0.126474	0.0	0.19284400000000002	0.160858	-0.9679549999999999	0.0	-0.964759	-0.148901	-0.216953	0.0	2.64467	1.80666	1.0272700000000001	0.354892	
0	0.213219	0.88959	0.40394	0.0	0.27616	-0.451463	0.8484790000000001	0.0	0.937163	-0.0693597	-0.34193	0.0	-2.65294	2.14832	0.594424	0.34642399999999995	-0.250361	0.9248709999999999	0.28624	0.0	0.15976500000000002	0.33107	-0.929983	0.0	-0.954879	-0.1871	-0.23064899999999997	0.0	2.53114	1.54504	0.628709	0.356435	
0	0.24447600000000003	0.8529110000000001	0.46127399999999996	0.0	0.265669	-0.516424	0.81408	0.0	0.932551	-0.0764767	-0.352846	0.0	-2.6076	2.07194	0.17718299999999998	0.346641	-0.267056	0.891951	0.364834	0.0	0.125498	0.40755	-0.904518	0.0	-0.9554739999999999	-0.195771	-0.220777	0.0	2.43683	1.33476	0.245423	0.35700000000000004	
0	0.285885	0.806845	0.5169819999999999	0.0	0.24654299999999998	-0.583267	0.773961	0.0	0.926006	-0.0938056	-0.365669	0.0	-2.41995	1.9571599999999998	-0.24340900000000001	0.346376	-0.319952	0.853885	0.410501	0.0	0.111955	0.464316	-0.8785649999999999	0.0	-0.940796	-0.235141	-0.24415599999999998	0.0	2.2757099999999997	1.0690600000000001	-0.319619	0.356994	
0	0.36751100000000003	0.760422	0.535439	0.0	0.21254800000000001	-0.629166	0.747645	0.0	0.9054059999999999	-0.160961	-0.392851	0.0	-2.23538	1.70033	-0.6485890000000001	0.347344	-0.43183299999999997	0.804226	0.40834000000000004	0.0	0.08022119999999999	0.48518100000000003	-0.870726	0.0	-0.898379	-0.34325	-0.27403299999999997	0.0	2.08006	0.802592	-0.8291959999999999	0.35728899999999997	
0	0.49609200000000003	0.671127	0.550891	0.0	0.146895	-0.6901970000000001	0.708554	0.0	0.8557530000000001	-0.27058499999999996	-0.44098699999999996	0.0	-2.1111	1.36185	-1.0229700000000002	0.34714	-0.5424770000000001	0.7382770000000001	0.400832	0.0	0.051893100000000005	0.505679	-0.86116	0.0	-0.838467	-0.446359	-0.31263	0.0	1.88973	0.563366	-1.26871	0.356477	
0	0.61428	0.6271439999999999	0.478905	0.0	0.18271500000000002	-0.703462	0.686846	0.0	0.7676430000000001	-0.334413	-0.546711	0.0	-2.06851	1.06154	-1.47476	0.346828	-0.635045	0.6746300000000001	0.376287	0.0	0.0667323	0.533209	-0.843347	0.0	-0.769587	-0.5104529999999999	-0.38363200000000003	0.0	1.7246599999999999	0.346469	-1.72835	0.35538000000000003	
0	0.65517	0.623876	0.42606499999999997	0.0	0.21751700000000002	-0.695858	0.684447	0.0	0.723491	-0.35575300000000004	-0.591609	0.0	-2.05859	0.8795729999999999	-1.77325	0.34584899999999996	-0.670717	0.649351	0.35844499999999996	0.0	0.0990188	0.557331	-0.824365	0.0	-0.735075	-0.517422	-0.438109	0.0	1.6578099999999998	0.21311300000000002	-2.0548	0.34722	
0	0.675439	0.638875	0.368269	0.0	0.275509	-0.681871	0.677604	0.0	0.684016	-0.356219	-0.6365770000000001	0.0	-2.08453	0.743667	-2.0523700000000002	0.343586	-0.740171	0.607896	0.28741700000000003	0.0	0.0944967	0.5172329999999999	-0.850612	0.0	-0.665745	-0.6024390000000001	-0.44028500000000004	0.0	1.58582	0.00849137	-2.24617	0.342837	
0	0.608237	0.7384029999999999	0.29122	0.0	0.392844	-0.598839	0.697901	0.0	0.6897260000000001	-0.310085	-0.654313	0.0	-2.16119	0.6573220000000001	-2.23719	0.340886	-0.707544	0.683121	0.18090499999999998	0.0	0.12187200000000001	0.370118	-0.920956	0.0	-0.6960810000000001	-0.62957	-0.34512800000000005	0.0	1.48224	-0.13533	-2.21539	0.32705100000000004	
0	0.555481	0.815671	0.16162100000000001	0.0	0.4488	-0.457716	0.767512	0.0	0.700014	-0.35380300000000003	-0.620326	0.0	-2.2008900000000002	0.528138	-2.26705	0.341475	-0.652908	0.752899	0.08278889999999998	0.0	0.164968	0.24802800000000003	-0.9546040000000001	0.0	-0.739254	-0.609611	-0.286144	0.0	1.2624600000000001	-0.23738099999999998	-2.12898	0.356729	
0	0.6758	0.725383	0.130823	0.0	0.315442	-0.445035	0.838117	0.0	0.666176	-0.525133	-0.529571	0.0	-2.19673	0.312539	-2.0988	0.348632	-0.645814	0.761754	0.0515299	0.0	0.171404	0.21042399999999997	-0.962467	0.0	-0.7440060000000001	-0.612742	-0.266463	0.0	1.11714	-0.313523	-2.0188099999999998	0.355678	
0	0.851459	0.485308	0.198731	0.0	0.0226493	-0.412631	0.910617	0.0	0.523932	-0.7708520000000001	-0.36233000000000004	0.0	-2.16807	0.0030079	-1.7185700000000002	0.349208	-0.6535350000000001	0.756386	0.027789099999999997	0.0	0.202731	0.210302	-0.9563860000000001	0.0	-0.72924	-0.619398	-0.29078200000000004	0.0	1.07751	-0.41439	-2.04881	0.35589299999999996	
0	0.904783	0.311133	0.2908	0.0	-0.175656	-0.3494	0.9203610000000001	0.0	0.387961	-0.883808	-0.261479	0.0	-2.27431	-0.17397100000000001	-1.45704	0.349009	-0.659304	0.751286	0.0297987	0.0	0.21540700000000002	0.226708	-0.949844	0.0	-0.72036	-0.6198170000000001	-0.311302	0.0	1.1372	-0.521786	-2.08633	0.355597	
0	0.918207	0.191452	0.34675900000000004	0.0	-0.302289	-0.227014	0.925789	0.0	0.25596399999999997	-0.954888	-0.150572	0.0	-2.3669	-0.379844	-1.2402600000000001	0.348163	-0.652884	0.756827	0.0309196	0.0	0.21733400000000003	0.226277	-0.949508	0.0	-0.7256090000000001	-0.6131979999999999	-0.312217	0.0	1.18446	-0.640628	-2.1584	0.356067	
0	0.911795	0.19961600000000002	0.358863	0.0	-0.341093	-0.118453	0.932536	0.0	0.22865700000000003	-0.9726879999999999	-0.0399168	0.0	-2.38393	-0.5776479999999999	-0.9307690000000001	0.348057	-0.650586	0.7588060000000001	0.0308616	0.0	0.221367	0.228356	-0.9480770000000001	0.0	-0.726454	-0.609974	-0.31654	0.0	1.20947	-0.7054630000000001	-2.17787	0.355916	
0	0.9260870000000001	0.151949	0.345362	0.0	-0.328573	-0.125184	0.9361459999999999	0.0	0.18548	-0.9804290000000001	-0.06600460000000001	0.0	-2.387	-0.683728	-0.791082	0.347159	-0.65152	0.757744	0.0366897	0.0	0.21810300000000002	0.23340999999999998	-0.9476030000000001	0.0	-0.726604	-0.60938	-0.317338	0.0	1.22806	-0.772625	-2.1714	0.356258	
0	0.929493	0.11665199999999999	0.349907	0.0	-0.335522	-0.12659700000000002	0.9334870000000001	0.0	0.15319000000000002	-0.9850709999999999	-0.0785317	0.0	-2.42693	-0.846231	-0.9088139999999999	0.347666	-0.647889	0.761096	0.0311915	0.0	0.23994400000000002	0.242775	-0.93994	0.0	-0.722957	-0.601493	-0.339912	0.0	1.25937	-0.8241440000000001	-2.2215700000000003	0.356037	
0	0.937543	0.06733710000000001	0.341289	0.0	-0.334638	-0.09342189999999999	0.9377049999999999	0.0	0.0950261	-0.993347	-0.06505359999999999	0.0	-2.5164299999999997	-1.10248	-0.9956780000000001	0.347285	-0.63605	0.771302	0.0231	0.0	0.27020900000000003	0.25066700000000003	-0.929599	0.0	-0.722791	-0.58503	-0.367849	0.0	1.31756	-0.866042	-2.3052099999999998	0.356223	
0	0.9386040000000001	0.0860566	0.33409099999999997	0.0	-0.325506	-0.0999828	0.9402389999999999	0.0	0.114317	-0.9912610000000001	-0.0658323	0.0	-2.64344	-1.62588	-1.10925	0.358954	-0.614399	0.7888890000000001	0.012964400000000001	0.0	0.29723099999999997	0.24664699999999998	-0.922399	0.0	-0.7308680000000001	-0.562868	-0.386022	0.0	1.40626	-0.967744	-2.44846	0.356115	
0	0.94755	0.10553	0.301682	0.0	-0.28971199999999997	-0.114998	0.9501799999999999	0.0	0.134965	-0.9877450000000001	-0.0783937	0.0	-2.69749	-1.8980400000000002	-1.2138	0.32516300000000004	-0.598426	0.800926	-0.020104300000000002	0.0	0.324207	0.219137	-0.9202549999999999	0.0	-0.73265	-0.5572229999999999	-0.390803	0.0	1.42972	-0.958907	-2.43015	0.355865	
0	0.9617290000000001	0.061337699999999995	0.267049	0.0	-0.256682	-0.139342	0.956399	0.0	0.09587430000000001	-0.9883430000000001	-0.11826500000000001	0.0	-2.7602	-2.06316	-1.0872700000000002	0.351825	-0.589371	0.806938	-0.038631599999999995	0.0	0.348679	0.21095	-0.9131940000000001	0.0	-0.728742	-0.5516800000000001	-0.40569	0.0	1.49009	-0.889152	-2.39926	0.355607	
0	0.965842	0.0771664	0.24737699999999999	0.0	-0.228659	-0.195363	0.9537030000000001	0.0	0.121922	-0.977691	-0.171045	0.0	-2.95645	-2.21508	-1.14616	0.352973	-0.571937	0.818807	-0.0494343	0.0	0.365658	0.20053900000000002	-0.9088879999999999	0.0	-0.734291	-0.537903	-0.414099	0.0	1.55121	-0.8472930000000001	-2.3740099999999997	0.355061	
0	0.967464	0.10796800000000001	0.228814	0.0	-0.20213	-0.214108	0.9556680000000001	0.0	0.152173	-0.970825	-0.185319	0.0	-3.0009099999999997	-2.21391	-1.22674	0.34718899999999997	-0.561366	0.8263799999999999	-0.0443293	0.0	0.368073	0.20134100000000002	-0.9077360000000001	0.0	-0.741209	-0.525889	-0.41719399999999995	0.0	1.5616	-0.855606	-2.35974	0.355095	
0	0.967634	0.107857	0.228148	0.0	-0.201013	-0.217166	0.9552139999999999	0.0	0.15257300000000001	-0.970158	-0.18845599999999998	0.0	-3.00558	-2.20799	-1.2577200000000002	0.34724	-0.5572189999999999	0.8295290000000001	-0.0372606	0.0	0.364065	0.203731	-0.908818	0.0	-0.7463	-0.519976	-0.415525	0.0	1.5593	-0.880181	-2.3612900000000003	0.355277	
0	0.9687020000000001	0.10624600000000001	0.22434099999999998	0.0	-0.19731300000000002	-0.21879099999999999	0.955614	0.0	0.150614	-0.9699700000000001	-0.190979	0.0	-3.01706	-2.19475	-1.3216700000000001	0.347475	-0.556277	0.83042	-0.0309505	0.0	0.365708	0.211194	-0.906452	0.0	-0.746199	-0.5155569999999999	-0.421174	0.0	1.55436	-0.883812	-2.38	0.355459	
0	0.9674809999999999	0.11671600000000001	0.22440700000000002	0.0	-0.194713	-0.22264099999999998	0.9552579999999999	0.0	0.161456	-0.9678889999999999	-0.192674	0.0	-3.02128	-2.19403	-1.32588	0.347083	-0.5560430000000001	0.830677	-0.028131	0.0	0.36508	0.213693	-0.906119	0.0	-0.746681	-0.514111	-0.42208599999999996	0.0	1.54905	-0.875416	-2.41082	0.355952	
0	0.9645889999999999	0.125276	0.23210999999999998	0.0	-0.199796	-0.227462	0.9530700000000001	0.0	0.172193	-0.9656950000000001	-0.194377	0.0	-2.9904599999999997	-2.21353	-1.29793	0.347674	-0.557254	0.8296450000000001	-0.0340268	0.0	0.374332	0.214429	-0.9021610000000001	0.0	-0.7411770000000001	-0.51547	-0.430055	0.0	1.54197	-0.853722	-2.45148	0.356119	
0	0.9615090000000001	0.136496	0.238473	0.0	-0.203595	-0.22892600000000002	0.951915	0.0	0.184525	-0.963827	-0.192324	0.0	-2.90001	-2.2496	-1.3106200000000001	0.347985	-0.554512	0.831361	-0.036819599999999994	0.0	0.38278	0.215525	-0.8983479999999999	0.0	-0.738916	-0.512238	-0.43773999999999996	0.0	1.54861	-0.819652	-2.4422599999999997	0.356299	
0	0.9598209999999999	0.144458	0.240575	0.0	-0.20642	-0.21729	0.954031	0.0	0.190092	-0.9653579999999999	-0.178741	0.0	-2.84695	-2.2906400000000002	-1.2779	0.34818000000000005	-0.5539149999999999	0.8318200000000001	-0.0354139	0.0	0.387927	0.220219	-0.8949950000000001	0.0	-0.736676	-0.5094890000000001	-0.444668	0.0	1.56129	-0.807141	-2.44596	0.35594899999999996	
0	0.960175	0.147589	0.237238	0.0	-0.205918	-0.200094	0.957894	0.0	0.188844	-0.9685969999999999	-0.161734	0.0	-2.82177	-2.3048900000000003	-1.28524	0.348192	-0.555191	0.830867	-0.0377248	0.0	0.386153	0.217327	-0.896468	0.0	-0.736647	-0.512279	-0.4415	0.0	1.56897	-0.805232	-2.43185	0.356377	
0	0.960548	0.14839000000000002	0.235219	0.0	-0.206357	-0.18674100000000002	0.960492	0.0	0.186452	-0.971138	-0.148752	0.0	-2.81407	-2.3155	-1.25176	0.348247	-0.556977	0.8296969999999999	-0.0371547	0.0	0.38564299999999996	0.218744	-0.896343	0.0	-0.7355649999999999	-0.513571	-0.44180200000000003	0.0	1.57108	-0.8041010000000001	-2.4319	0.356605	
0	0.960542	0.148373	0.23525300000000002	0.0	-0.20636300000000002	-0.186899	0.9604600000000001	0.0	0.186474	-0.97111	-0.14890499999999998	0.0	-2.81422	-2.31527	-1.25262	0.34824499999999997	-0.5569609999999999	0.829708	-0.0371504	0.0	0.385653	0.218745	-0.896338	0.0	-0.735572	-0.513552	-0.441812	0.0	1.57097	-0.8042	-2.43195	0.356605	
0	0.960542	0.148373	0.23525300000000002	0.0	-0.20636300000000002	-0.186898	0.9604600000000001	0.0	0.186474	-0.97111	-0.14890499999999998	0.0	-2.81422	-2.31527	-1.25263	0.348246	-0.5569609999999999	0.829708	-0.0371504	0.0	0.385653	0.218745	-0.896338	0.0	-0.735572	-0.513552	-0.441812	0.0	1.57097	-0.8042	-2.43195	0.356605	
0	0.960542	0.148373	0.23525300000000002	0.0	-0.20636300000000002	-0.186898	0.9604600000000001	0.0	0.186474	-0.97111	-0.14890499999999998	0.0	-2.81422	-2.31527	-1.25263	0.348246	-0.5569609999999999	0.829708	-0.0371504	0.0	0.385653	0.218745	-0.896338	0.0	-0.735572	-0.513552	-0.441812	0.0	1.57097	-0.8042	-2.43195	0.356605	
0	0.960542	0.148373	0.23525300000000002	0.0	-0.20636300000000002	-0.186898	0.9604600000000001	0.0	0.186474	-0.97111	-0.14890499999999998	0.0	-2.81422	-2.31527	-1.25263	0.348246	-0.5569609999999999	0.829708	-0.0371504	0.0	0.385653	0.218745	-0.896338	0.0	-0.735572	-0.513552	-0.441812	0.0	1.57097	-0.8042	-2.43195	0.356605	
0	0.960542	0.148373	0.23525300000000002	0.0	-0.20636300000000002	-0.186898	0.9604600000000001	0.0	0.186474	-0.97111	-0.14890499999999998	0.0	-2.81422	-2.31527	-1.25263	0.348246	-0.5569609999999999	0.829708	-0.0371504	0.0	0.385653	0.218745	-0.896338	0.0	-0.735572	-0.5135529999999999	-0.441812	0.0	1.57097	-0.8042	-2.43195	0.356605	
0	0.960542	0.148373	0.23525300000000002	0.0	-0.20636300000000002	-0.186898	0.9604600000000001	0.0	0.186474	-0.97111	-0.14890499999999998	0.0	-2.81422	-2.31527	-1.25263	0.348246	-0.5569609999999999	0.829708	-0.0371504	0.0	0.385653	0.218745	-0.896338	0.0	-0.735572	-0.513552	-0.441812	0.0	1.57097	-0.8042	-2.43195	0.356605	
0	0.960542	0.148373	0.23525300000000002	0.0	-0.20636300000000002	-0.186898	0.9604600000000001	0.0	0.186474	-0.97111	-0.14890499999999998	0.0	-2.81422	-2.31527	-1.25263	0.348246	-0.5569609999999999	0.829708	-0.0371505	0.0	0.385653	0.218745	-0.896338	0.0	-0.735572	-0.513552	-0.441812	0.0	1.57097	-0.8042	-2.43195	0.356605	
0	0.960542	0.148373	0.23525300000000002	0.0	-0.20636300000000002	-0.186898	0.9604600000000001	0.0	0.186474	-0.97111	-0.14890499999999998	0.0	-2.81422	-2.31527	-1.25263	0.348246	-0.5569609999999999	0.829708	-0.0371504	0.0	0.385653	0.218745	-0.896338	0.0	-0.735572	-0.513552	-0.441812	0.0	1.57097	-0.8042	-2.43195	0.356604	
0	0.960542	0.148373	0.23525300000000002	0.0	-0.20636300000000002	-0.186898	0.9604600000000001	0.0	0.186474	-0.97111	-0.14890499999999998	0.0	-2.81422	-2.31527	-1.25263	0.348246	-0.5569609999999999	0.829708	-0.0371504	0.0	0.385653	0.218745	-0.896338	0.0	-0.735572	-0.513552	-0.441812	0.0	1.57097	-0.8042	-2.43195	0.356605	
0	0.945951	0.274611	0.172526	0.0	-0.13423800000000002	-0.152723	0.97911	0.0	0.295223	-0.949349	-0.107606	0.0	-2.73611	-2.56452	-1.37379	0.347968	-0.506753	0.861611	-0.028773000000000003	0.0	0.404816	0.208358	-0.890343	0.0	-0.761134	-0.46283199999999997	-0.45438	0.0	1.56457	-0.843693	-2.41027	0.357155	
0	0.9571540000000001	0.230571	0.17519400000000002	0.0	-0.14441800000000002	-0.144309	0.9789370000000001	0.0	0.250996	-0.9622950000000001	-0.10482799999999999	0.0	-2.7032	-2.77293	-1.44818	0.348258	-0.506464	0.861749	-0.029697199999999997	0.0	0.405831	0.20784299999999997	-0.8900020000000001	0.0	-0.760786	-0.46280600000000005	-0.45498900000000003	0.0	1.57893	-0.8530760000000001	-2.40472	0.3572	
0	0.96841	0.195446	0.154867	0.0	-0.130416	-0.132383	0.9825809999999999	0.0	0.21254299999999998	-0.9717379999999999	-0.10271199999999998	0.0	-2.77338	-2.93586	-1.53373	0.348113	-0.505153	0.8624370000000001	-0.0319788	0.0	0.40741700000000003	0.20564200000000002	-0.8897879999999999	0.0	-0.76081	-0.462508	-0.45525200000000005	0.0	1.6027799999999999	-0.85908	-2.4037	0.357212	
0	0.9718680000000001	0.182338	0.14908	0.0	-0.125932	-0.132597	0.983138	0.0	0.19903099999999999	-0.9742540000000001	-0.105905	0.0	-2.82501	-3.0541	-1.57348	0.347046	-0.503684	0.8633790000000001	-0.0296471	0.0	0.40778000000000003	0.20735900000000002	-0.889223	0.0	-0.7615890000000001	-0.459977	-0.456512	0.0	1.61646	-0.8607540000000001	-2.41278	0.35714	
0	0.970618	0.178252	0.161639	0.0	-0.140961	-0.123203	0.982319	0.0	0.19501500000000002	-0.976242	-0.0944562	0.0	-2.93186	-3.23516	-1.6019700000000001	0.346504	-0.498547	0.866158	-0.0349403	0.0	0.40715500000000004	0.19838699999999998	-0.8915540000000001	0.0	-0.765295	-0.458707	-0.45156499999999994	0.0	1.61153	-0.854593	-2.41077	0.35706	
0	0.9809120000000001	0.142498	0.13231300000000001	0.0	-0.119923	-0.0923194	0.988482	0.0	0.153071	-0.9854799999999999	-0.0734684	0.0	-2.97798	-3.47821	-1.63175	0.34489899999999996	-0.498932	0.8656950000000001	-0.040489	0.0	0.40737199999999996	0.19303399999999998	-0.8926290000000001	0.0	-0.764929	-0.461855	-0.448971	0.0	1.59459	-0.8507450000000001	-2.40386	0.357252	
0	0.983675	0.129937	0.12449500000000001	0.0	-0.11428699999999999	-0.0832958	0.98995	0.0	0.13900099999999999	-0.988017	-0.06708589999999999	0.0	-3.08374	-3.6217	-1.7011900000000002	0.348815	-0.49913900000000005	0.8655809999999999	-0.04036	0.0	0.407614	0.19344	-0.89243	0.0	-0.764664	-0.461898	-0.449377	0.0	1.5886799999999999	-0.851448	-2.37909	0.357199	
0	0.9877610000000001	0.124124	0.09445239999999999	0.0	-0.0887033	-0.0510671	0.994748	0.0	0.128295	-0.990952	-0.0394319	0.0	-3.0838900000000002	-3.6319999999999997	-1.73448	0.35233000000000003	-0.500308	0.864785	-0.0428921	0.0	0.407023	0.191176	-0.8931879999999999	0.0	-0.764215	-0.46432700000000005	-0.44763400000000003	0.0	1.5857299999999999	-0.85477	-2.3630400000000003	0.357167	
0	0.9873870000000001	0.129833	0.09061430000000001	0.0	-0.08821110000000001	-0.0241549	0.995809	0.0	0.13147799999999998	-0.991242	-0.012397499999999999	0.0	-3.0870900000000003	-3.6409199999999995	-1.76049	0.354522	-0.49981499999999995	0.8649	-0.0461861	0.0	0.410718	0.189726	-0.891804	0.0	-0.762558	-0.464707	-0.450058	0.0	1.5881399999999999	-0.841219	-2.3677599999999996	0.356958	
0	0.9882540000000001	0.125444	0.0872757	0.0	-0.08761410000000001	-0.00282751	0.996151	0.0	0.12520799999999999	-0.9920969999999999	0.00819634	0.0	-3.08359	-3.6467699999999996	-1.7756599999999998	0.353714	-0.497129	0.866408	-0.0469094	0.0	0.410396	0.187156	-0.892495	0.0	-0.7644850000000001	-0.462937	-0.448611	0.0	1.5902	-0.813725	-2.35704	0.356979	
0	0.9882049999999999	0.122573	0.0918007	0.0	-0.09169839999999999	-0.00648756	0.995766	0.0	0.12265	-0.9924379999999999	0.00482872	0.0	-3.0819400000000003	-3.64666	-1.77443	0.35397399999999996	-0.495546	0.867091	-0.0508708	0.0	0.41008	0.18193	-0.8937200000000001	0.0	-0.765682	-0.46374099999999996	-0.44573199999999996	0.0	1.58903	-0.798124	-2.34646	0.356917	
0	0.9873709999999999	0.127944	0.09342400000000001	0.0	-0.0930862	-0.008630500000000001	0.9956209999999999	0.0	0.12819	-0.9917440000000001	0.00338833	0.0	-3.08659	-3.64635	-1.7764400000000002	0.352088	-0.49495600000000006	0.867281	-0.0533129	0.0	0.411997	0.180221	-0.893184	0.0	-0.765034	-0.464052	-0.44651899999999994	0.0	1.58733	-0.795247	-2.3376799999999998	0.35679099999999997	
0	0.984361	0.134449	0.113824	0.0	-0.114514	-0.00261378	0.993418	0.0	0.13386199999999998	-0.990917	0.0128234	0.0	-3.09985	-3.61991	-1.8643900000000002	0.25795500000000005	-0.492208	0.8688020000000001	-0.053978399999999996	0.0	0.41107899999999997	0.177336	-0.894185	0.0	-0.767297	-0.462315	-0.444432	0.0	1.5893700000000002	-0.783195	-2.3254599999999996	0.356723	
0	0.9830129999999999	0.141163	0.117299	0.0	-0.12166500000000001	0.0226814	0.9923120000000001	0.0	0.137417	-0.989727	0.0394707	0.0	-3.0981799999999997	-3.59352	-1.9433599999999998	0.11323399999999999	-0.492159	0.8687799999999999	-0.054776	0.0	0.41338	0.177873	-0.893016	0.0	-0.766092	-0.46215	-0.44667799999999996	0.0	1.5886799999999999	-0.767088	-2.3139	0.356548	
0	0.980131	0.13591099999999998	0.14446900000000001	0.0	-0.14468599999999998	-0.00833072	0.9894430000000001	0.0	0.13568	-0.9906860000000001	0.011499299999999999	0.0	-3.10081	-3.5901	-1.94783	0.115542	-0.48966899999999997	0.870123	-0.055765199999999994	0.0	0.41338	0.175369	-0.893511	0.0	-0.7676850000000001	-0.46057700000000007	-0.445565	0.0	1.59181	-0.756174	-2.30399	0.356324	
0	0.980826	0.13897400000000001	0.136626	0.0	-0.144336	0.046957	0.9884139999999999	0.0	0.130948	-0.989182	0.06611560000000001	0.0	-3.09953	-3.5832900000000003	-1.94582	0.11508800000000001	-0.487997	0.8711459999999999	-0.0544388	0.0	0.412181	0.175019	-0.894134	0.0	-0.7693939999999999	-0.45877299999999993	-0.444478	0.0	1.58114	-0.753217	-2.29613	0.356308	
0	0.9760280000000001	0.163996	0.14309000000000002	0.0	-0.157244	0.0767798	0.9845709999999999	0.0	0.150479	-0.983468	0.100727	0.0	-3.13196	-3.5427400000000002	-1.9518400000000002	0.11510699999999999	-0.485038	0.872951	-0.0519163	0.0	0.411534	0.175472	-0.894343	0.0	-0.7716069999999999	-0.45515600000000006	-0.44436000000000003	0.0	1.5593	-0.766551	-2.29913	0.35623	
0	0.959781	0.191168	0.20561	0.0	-0.223311	0.07595930000000001	0.971783	0.0	0.170156	-0.978614	0.115594	0.0	-3.16644	-3.53672	-1.8758	0.11553499999999998	-0.481912	0.874704	-0.051524900000000005	0.0	0.408978	0.172539	-0.896084	0.0	-0.774918	-0.45290600000000003	-0.440884	0.0	1.53883	-0.7792060000000001	-2.29087	0.35632600000000003	
0	0.943048	0.226481	0.243654	0.0	-0.258756	0.0391039	0.965151	0.0	0.20906100000000002	-0.9732299999999999	0.0954802	0.0	-3.16888	-3.55027	-1.76657	0.116725	-0.47159700000000004	0.879755	-0.0602235	0.0	0.405532	0.155728	-0.900718	0.0	-0.783033	-0.44919799999999993	-0.43021000000000004	0.0	1.5282	-0.789806	-2.2795799999999997	0.35638200000000003	
0	0.918027	0.297173	0.262518	0.0	-0.25759299999999996	-0.0563648	0.964608	0.0	0.301452	-0.953159	0.024805200000000003	0.0	-2.87166	-3.55441	-1.5756	0.11616099999999999	-0.46125900000000003	0.88546	-0.0565812	0.0	0.401961	0.15168900000000002	-0.903005	0.0	-0.790992	-0.439262	-0.425888	0.0	1.48217	-0.80406	-2.25165	0.356545	
0	0.9021790000000001	0.341132	0.264011	0.0	-0.23508600000000002	-0.124333	0.96399	0.0	0.361673	-0.9317559999999999	-0.0319758	0.0	-2.8582400000000003	-3.3576699999999997	-1.55421	0.115916	-0.447378	0.8924629999999999	-0.0579856	0.0	0.392102	0.137456	-0.909594	0.0	-0.803809	-0.42966899999999997	-0.41143199999999996	0.0	1.44423	-0.842643	-2.23473	0.356548	
0	0.883516	0.375636	0.27981500000000004	0.0	-0.21199	-0.212027	0.953994	0.0	0.41768299999999997	-0.9021879999999999	-0.107698	0.0	-2.91549	-2.92251	-1.4252200000000002	0.116006	-0.437017	0.897491	-0.0593759	0.0	0.389452	0.129306	-0.911925	0.0	-0.810767	-0.421651	-0.406038	0.0	1.42002	-0.857167	-2.21686	0.356387	
0	0.875159	0.36732600000000004	0.314909	0.0	-0.204104	-0.309832	0.9286260000000001	0.0	0.43867799999999996	-0.87697	-0.196179	0.0	-2.7296099999999996	-2.02493	-1.33839	0.116013	-0.426068	0.9023399999999999	-0.0651774	0.0	0.383982	0.11513599999999999	-0.916134	0.0	-0.81916	-0.41536300000000004	-0.395538	0.0	1.40075	-0.867201	-2.1975599999999997	0.35663	
0	0.8777520000000001	0.356592	0.31999099999999997	0.0	-0.18923199999999998	-0.355556	0.915298	0.0	0.440163	-0.863957	-0.24461100000000002	0.0	-2.7549799999999998	-1.61845	-1.2954700000000001	0.11608199999999999	-0.416575	0.906424	-0.0697168	0.0	0.377798	0.102855	-0.920157	0.0	-0.826882	-0.409653	-0.385293	0.0	1.3518700000000001	-0.8826799999999999	-2.19133	0.356831	
4	0.8882709999999999	0.338057	0.310952	0.0	-0.17516199999999998	-0.37651100000000004	0.909702	0.0	0.424608	-0.8625299999999999	-0.275229	0.0	-2.7911900000000003	-1.4214	-1.2327299999999999	0.11608800000000001	-0.40872800000000004	0.909325	-0.0779073	0.0	0.37056500000000003	0.08733969999999999	-0.924691	0.0	-0.83404	-0.406816	-0.372663	0.0	1.32247	-0.9094469999999999	-2.1823599999999996	0.357383	
4	0.896941	0.328804	0.29561	0.0	-0.159357	-0.383242	0.909797	0.0	0.41243500000000005	-0.863142	-0.291348	0.0	-2.8614599999999997	-1.3413700000000002	-1.203	0.115942	-0.398147	0.9136209999999999	-0.0823145	0.0	0.366093	0.0759772	-0.927472	0.0	-0.841103	-0.399405	-0.364721	0.0	1.3165200000000001	-0.937738	-2.16246	0.357574	
4	0.8683059999999999	0.39359	0.30187800000000004	0.0	-0.130761	-0.405436	0.9047229999999999	0.0	0.478483	-0.825051	-0.300577	0.0	-2.92145	-1.28921	-1.22488	0.116211	-0.385614	0.919225	-0.0795375	0.0	0.35938200000000003	0.0702435	-0.930543	0.0	-0.849792	-0.387415	-0.35744000000000004	0.0	1.3066	-0.9865459999999999	-2.11172	0.357773	
4	0.764039	0.552661	0.332883	0.0	-0.117318	-0.388348	0.914014	0.0	0.634414	-0.737395	-0.23187600000000003	0.0	-2.8580799999999997	-1.27749	-1.26088	0.11609000000000001	-0.363782	0.926193	-0.09914819999999999	0.0	0.358338	0.0409004	-0.9326959999999999	0.0	-0.859801	-0.37482600000000005	-0.346769	0.0	1.26078	-1.0319200000000002	-2.0975599999999996	0.358167	
4	0.61464	0.692882	0.377004	0.0	-0.11670799999999999	-0.392802	0.9121870000000001	0.0	0.780126	-0.604667	-0.16056700000000002	0.0	-2.68763	-1.31008	-1.38631	0.116217	-0.302469	0.9416100000000001	-0.14793	0.0	0.401028	-0.0150773	-0.915942	0.0	-0.86469	-0.336368	-0.373052	0.0	1.22286	-1.09828	-2.1560599999999996	0.358619	
4	0.455668	0.813345	0.361715	0.0	-0.104084	-0.35488200000000003	0.929099	0.0	0.884044	-0.461009	-0.07705269999999999	0.0	-2.66264	-1.36594	-1.6119700000000001	0.116172	-0.2019	0.945259	-0.256363	0.0	0.449647	-0.143077	-0.8816729999999999	0.0	-0.8700889999999999	-0.293283	-0.39614499999999997	0.0	1.2594100000000001	-1.20516	-2.27678	0.357508	
4	0.256205	0.9224049999999999	0.289014	0.0	-0.06778830000000001	-0.281112	0.9572780000000001	0.0	0.9642430000000001	-0.264851	-0.00949414	0.0	-2.69692	-1.43206	-1.80813	0.11602699999999999	-0.140373	0.939408	-0.312743	0.0	0.488403	-0.20906599999999997	-0.8472040000000001	0.0	-0.8612540000000001	-0.27166799999999997	-0.429462	0.0	1.28598	-1.3317299999999999	-2.3791700000000002	0.35635100000000003	
4	0.131646	0.970086	0.203967	0.0	-0.031813299999999996	-0.201518	0.9789680000000001	0.0	0.9907860000000001	-0.13536700000000002	0.00433239	0.0	-2.69793	-1.54762	-1.96816	0.11686099999999999	-0.0532173	0.9135639999999999	-0.40319699999999997	0.0	0.48118999999999995	-0.330339	-0.8119930000000001	0.0	-0.875	-0.237227	-0.422019	0.0	1.27962	-1.41234	-2.44782	0.35644899999999996	
4	0.0441371	0.996899	0.0651579	0.0	-0.0367085	-0.06355930000000001	0.997303	0.0	0.998351	-0.04641	0.033789099999999996	0.0	-2.62042	-1.7281400000000002	-2.07605	0.116069	0.0170451	0.8800469999999999	-0.47458100000000003	0.0	0.460171	-0.42829700000000004	-0.777692	0.0	-0.887667	-0.205132	-0.412272	0.0	1.2203600000000001	-1.41992	-2.4445200000000002	0.35596	
4	-0.032967199999999995	0.998826	-0.035504	0.0	-0.0696594	0.033140699999999995	0.99702	0.0	0.997026	0.035342	0.068485	0.0	-2.5558099999999997	-1.90025	-2.20305	0.116014	0.07777769999999999	0.846709	-0.526342	0.0	0.43290200000000006	-0.504256	-0.74721	0.0	-0.8980799999999999	-0.169738	-0.405762	0.0	1.12215	-1.38911	-2.42957	0.355248	
4	-0.11576600000000001	0.9857809999999999	-0.1218	0.0	-0.06981160000000002	0.114246	0.9909969999999999	0.0	0.99082	0.123227	0.0555929	0.0	-2.4439	-2.103	-2.33187	0.116347	0.169222	0.77615	-0.607417	0.0	0.384786	-0.619423	-0.684292	0.0	-0.9073610000000001	-0.11792799999999999	-0.403471	0.0	0.98619	-1.3436700000000001	-2.41055	0.354265	
4	-0.175992	0.9661370000000001	-0.188699	0.0	-0.07214730000000001	0.178516	0.981289	0.0	0.9817440000000001	0.186313	0.0382866	0.0	-2.40104	-2.1449700000000003	-2.38532	0.11696400000000001	0.18002100000000001	0.757587	-0.627418	0.0	0.368004	-0.6433909999999999	-0.671284	0.0	-0.9122309999999999	-0.110047	-0.394619	0.0	0.886861	-1.3198299999999998	-2.3721	0.354376	
4	-0.21852	0.948751	-0.22830100000000003	0.0	-0.12436199999999999	0.204972	0.970835	0.0	0.9678760000000001	0.240538	0.0731984	0.0	-2.3256900000000003	-2.21679	-2.4041099999999997	0.117171	0.20422	0.715457	-0.668144	0.0	0.34315999999999997	-0.6915399999999999	-0.635621	0.0	-0.9168069999999999	-0.0994732	-0.386743	0.0	0.73553	-1.26633	-2.29223	0.354171	
4	-0.23908200000000002	0.940472	-0.241563	0.0	-0.15084	0.209785	0.966042	0.0	0.9592120000000001	0.2674	0.0917045	0.0	-2.2713900000000002	-2.23883	-2.4336	0.117243	0.213002	0.678262	-0.703271	0.0	0.32555500000000004	-0.7279260000000001	-0.603438	0.0	-0.921219	-0.10041900000000001	-0.375862	0.0	0.629239	-1.2151100000000001	-2.1752700000000003	0.353777	
4	-0.261023	0.9333969999999999	-0.246246	0.0	-0.12585	0.22000799999999998	0.9673459999999999	0.0	0.957094	0.283489	0.060041	0.0	-2.20523	-2.2502400000000002	-2.45818	0.115657	0.21170500000000003	0.6499090000000001	-0.729931	0.0	0.30785799999999997	-0.753184	-0.5813229999999999	0.0	-0.92758	-0.101646	-0.359532	0.0	0.557098	-1.161	-2.07013	0.353114	
4	-0.302383	0.9124540000000001	-0.27566799999999997	0.0	-0.13410899999999998	0.245604	0.9600489999999999	0.0	0.9437049999999999	0.327272	0.0481019	0.0	-2.09958	-2.1936	-2.52907	0.115249	0.203347	0.6347659999999999	-0.745468	0.0	0.28720300000000004	-0.766554	-0.5743779999999999	0.0	-0.9360370000000001	-0.09730219999999999	-0.338183	0.0	0.453715	-1.13963	-1.94808	0.35278699999999996	
4	-0.31208400000000003	0.9054979999999999	-0.287537	0.0	-0.137107	0.25655900000000004	0.9567549999999999	0.0	0.940109	0.338011	0.044081699999999994	0.0	-2.0423	-2.13364	-2.50561	0.11473699999999999	0.198154	0.637632	-0.7444189999999999	0.0	0.288401	-0.763788	-0.577454	0.0	-0.936781	-0.100266	-0.335241	0.0	0.41387700000000005	-1.17164	-1.9141299999999999	0.352635	
4	-0.32761999999999997	0.8961870000000001	-0.299189	0.0	-0.13586800000000002	0.26868600000000004	0.9535969999999999	0.0	0.934989	0.353068	0.0337355	0.0	-2.00395	-2.06488	-2.4819400000000003	0.11455499999999999	0.200984	0.641304	-0.740496	0.0	0.28823699999999997	-0.761173	-0.580978	0.0	-0.9362290000000001	-0.0966712	-0.337831	0.0	0.401057	-1.1872	-1.91093	0.352819	
4	-0.372494	0.8705309999999999	-0.32159699999999997	0.0	-0.109365	0.302944	0.9467120000000001	0.0	0.921568	0.387816	-0.0176394	0.0	-1.9921900000000001	-1.9674900000000002	-2.4654700000000003	0.11395599999999999	0.19867	0.642591	-0.740004	0.0	0.28670999999999996	-0.76013	-0.583094	0.0	-0.937191	-0.09632339999999999	-0.335253	0.0	0.390771	-1.21003	-1.9281700000000002	0.3533	
4	-0.390069	0.845433	-0.36481399999999997	0.0	-0.117183	0.34739699999999996	0.930367	0.0	0.9132979999999999	0.405658	-0.0364385	0.0	-1.99105	-1.8508	-2.4070400000000003	0.113702	0.195152	0.647033	-0.737065	0.0	0.284831	-0.756514	-0.588692	0.0	-0.9385020000000001	-0.0950548	-0.33193	0.0	0.364653	-1.2746600000000001	-1.9635599999999998	0.353512	
4	-0.413157	0.8104399999999999	-0.415317	0.0	-0.124878	0.401332	0.90738	0.0	0.902057	0.426754	-0.06460700000000001	0.0	-1.99472	-1.7337099999999999	-2.33829	0.11344000000000001	0.164707	0.6702199999999999	-0.7236560000000001	0.0	0.30374	-0.732487	-0.609267	0.0	-0.9384100000000001	-0.119453	-0.324218	0.0	0.322307	-1.37239	-2.02422	0.35397	
4	-0.436946	0.7760819999999999	-0.454725	0.0	-0.132088	0.444696	0.8858889999999999	0.0	0.8897370000000001	0.44714899999999996	-0.09179689999999999	0.0	-2.01356	-1.62982	-2.28016	0.113256	0.16022999999999998	0.682253	-0.7133430000000001	0.0	0.309992	-0.720897	-0.619848	0.0	-0.93714	-0.121813	-0.327002	0.0	0.312128	-1.45478	-2.08732	0.35415100000000005	
4	-0.46836300000000003	0.7423770000000001	-0.479075	0.0	-0.140406	0.472796	0.869914	0.0	0.872309	0.4747	-0.11720599999999999	0.0	-2.0387	-1.50444	-2.2459700000000002	0.109376	0.150601	0.6971069999999999	-0.700972	0.0	0.31972	-0.705298	-0.6327189999999999	0.0	-0.935467	-0.128827	-0.329098	0.0	0.332867	-1.5056100000000001	-2.11092	0.354039	
4	-0.460035	0.687882	-0.5614140000000001	0.0	-0.201676	0.534814	0.820549	0.0	0.864693	0.490705	-0.107304	0.0	-2.0581	-1.3903	-2.22663	0.11475899999999999	0.157095	0.705699	-0.690876	0.0	0.31528	-0.698793	-0.642095	0.0	-0.9359059999999999	-0.116949	-0.33226999999999995	0.0	0.331232	-1.58871	-2.18177	0.353792	
4	-0.459983	0.6598069999999999	-0.594198	0.0	-0.21504	0.566495	0.795513	0.0	0.8614950000000001	0.493699	-0.11869400000000001	0.0	-2.0666	-1.37236	-2.2119400000000002	0.11468099999999999	0.158369	0.709116	-0.687076	0.0	0.314397	-0.695855	-0.645709	0.0	-0.9359879999999999	-0.113755	-0.333146	0.0	0.325289	-1.6073899999999999	-2.21808	0.353513	
4	-0.46462	0.667259	-0.582146	0.0	-0.20704699999999998	0.55733	0.8040619999999999	0.0	0.860964	0.49411499999999997	-0.12079300000000001	0.0	-2.08118	-1.38541	-2.18264	0.115147	0.15734700000000001	0.713741	-0.682507	0.0	0.31353000000000003	-0.691465	-0.650827	0.0	-0.936451	-0.111581	-0.332579	0.0	0.317538	-1.62806	-2.29345	0.353693	
4	-0.474571	0.666131	-0.575371	0.0	-0.188086	0.561828	0.805588	0.0	0.8598870000000001	0.49052799999999996	-0.141337	0.0	-2.0822	-1.46545	-2.12673	0.11529500000000001	0.16359200000000002	0.729154	-0.664509	0.0	0.325392	-0.67577	-0.661404	0.0	-0.931321	-0.108026	-0.34781100000000004	0.0	0.36120599999999997	-1.70685	-2.45225	0.35397	
4	-0.463321	0.636404	-0.616704	0.0	-0.21554099999999998	0.5940810000000001	0.774991	0.0	0.8595790000000001	0.491994	-0.138079	0.0	-2.10684	-1.5015399999999999	-2.0951299999999997	0.114675	0.16858499999999998	0.740771	-0.6502600000000001	0.0	0.324996	-0.664586	-0.672832	0.0	-0.9305680000000001	-0.0979025	-0.35278699999999996	0.0	0.381875	-1.75373	-2.5467	0.353885	
4	-0.40229899999999996	0.6568	-0.637785	0.0	-0.24688000000000002	0.593008	0.766415	0.0	0.8815930000000001	0.46578400000000003	-0.0764161	0.0	-2.11695	-1.54698	-1.9988599999999999	0.11526099999999999	0.165143	0.751366	-0.638887	0.0	0.326899	-0.652864	-0.683305	0.0	-0.9305190000000001	-0.0960087	-0.353437	0.0	0.378155	-1.7915299999999998	-2.63167	0.353806	
4	-0.37032600000000004	0.666495	-0.647026	0.0	-0.260992	0.593834	0.761081	0.0	0.891483	0.45071700000000003	-0.045961699999999994	0.0	-2.09691	-1.57961	-1.92727	0.114918	0.167726	0.75444	-0.6345770000000001	0.0	0.32085199999999997	-0.6504260000000001	-0.688477	0.0	-0.93216	-0.0881305	-0.351157	0.0	0.367066	-1.8218	-2.71314	0.35375	
4	-0.35113	0.666354	-0.6577850000000001	0.0	-0.265374	0.602887	0.7523989999999999	0.0	0.897934	0.438749	-0.0348588	0.0	-2.0465299999999997	-1.6412799999999999	-1.85792	0.11510899999999999	0.16675	0.74769	-0.642771	0.0	0.31004	-0.658592	-0.685662	0.0	-0.9359860000000001	-0.08495069999999999	-0.341634	0.0	0.350099	-1.8411099999999998	-2.77466	0.353631	
4	-0.344491	0.680211	-0.6470229999999999	0.0	-0.271464	0.58759	0.762263	0.0	0.898684	0.43823599999999996	-0.017766999999999998	0.0	-2.00639	-1.7311400000000001	-1.80568	0.11473199999999999	0.156454	0.7297899999999999	-0.665529	0.0	0.295344	-0.677564	-0.673557	0.0	-0.942493	-0.0911797	-0.32154699999999997	0.0	0.27637399999999995	-1.82906	-2.76003	0.353456	
4	-0.302686	0.695863	-0.6512720000000001	0.0	-0.29094899999999996	0.583246	0.758401	0.0	0.907596	0.41904399999999997	0.02592	0.0	-1.99662	-1.77184	-1.8007900000000001	0.114933	0.157737	0.725174	-0.670255	0.0	0.289769	-0.682863	-0.670621	0.0	-0.944009	-0.0884377	-0.317846	0.0	0.23665100000000003	-1.8156400000000001	-2.75852	0.352025	
4	-0.30775	0.70202	-0.642229	0.0	-0.280475	0.57806	0.7662770000000001	0.0	0.9091889999999999	0.415951	0.0190011	0.0	-1.9654200000000002	-1.82065	-1.76719	0.115127	0.14966400000000002	0.700142	-0.698141	0.0	0.275892	-0.707621	-0.650505	0.0	-0.949465	-0.09525449999999999	-0.29906900000000003	0.0	0.198184	-1.84153	-2.7385599999999997	0.350091	
4	-0.27279699999999996	0.718746	-0.639521	0.0	-0.31423	0.561711	0.7653369999999999	0.0	0.909308	0.409738	0.07261849999999999	0.0	-1.92965	-1.8470799999999998	-1.7249299999999999	0.124785	0.135329	0.665656	-0.7338859999999999	0.0	0.26214499999999996	-0.73836	-0.621374	0.0	-0.955493	-0.108294	-0.27442	0.0	0.139601	-1.90474	-2.6261	0.344666	
4	-0.27973400000000004	0.72053	-0.634496	0.0	-0.302802	0.560937	0.770494	0.0	0.911076	0.40765999999999997	0.0612649	0.0	-1.92565	-1.8427200000000001	-1.68163	0.13787	0.125974	0.648526	-0.750696	0.0	0.259133	-0.7519640000000001	-0.606136	0.0	-0.957591	-0.118173	-0.262783	0.0	0.114944	-1.92362	-2.5221299999999998	0.337726	
4	-0.37326	0.653046	-0.658944	0.0	-0.352335	0.5572739999999999	0.751868	0.0	0.858217	0.512811	0.0220827	0.0	-1.89983	-1.8495099999999998	-1.6917099999999998	0.14068699999999998	0.125382	0.644843	-0.753961	0.0	0.255392	-0.755325	-0.603539	0.0	-0.958673	-0.11688299999999999	-0.259392	0.0	0.11045999999999999	-1.9153	-2.49115	0.33741	
4	-0.371673	0.6597390000000001	-0.65315	0.0	-0.336003	0.5602560000000001	0.7571100000000001	0.0	0.865426	0.500857	0.013441999999999999	0.0	-1.89025	-1.8514099999999998	-1.69281	0.139375	0.1182	0.6412979999999999	-0.758133	0.0	0.251163	-0.7579670000000001	-0.601999	0.0	-0.960701	-0.11925899999999999	-0.250663	0.0	0.111729	-1.9297	-2.41879	0.337627	
4	-0.275325	0.7201	-0.6369090000000001	0.0	-0.31213	0.559663	0.7676930000000001	0.0	0.90927	0.410163	0.0706755	0.0	-1.9334200000000001	-1.8668799999999999	-1.70605	0.129608	0.0767664	0.644072	-0.761103	0.0	0.25135100000000005	-0.751203	-0.610342	0.0	-0.9648469999999999	-0.14445	-0.21955500000000003	0.0	0.115347	-2.0021299999999997	-2.28963	0.339781	
4	-0.283027	0.715356	-0.638875	0.0	-0.290856	0.570728	0.7679020000000001	0.0	0.913947	0.40315700000000004	0.0465341	0.0	-1.9478099999999998	-1.87378	-1.7357200000000002	0.11966099999999999	0.059462	0.651146	-0.75662	0.0	0.272444	-0.739771	-0.6152350000000001	0.0	-0.960333	-0.16955399999999998	-0.22138899999999997	0.0	0.11463499999999999	-2.0222	-2.24797	0.33981500000000003	
4	-0.288414	0.721097	-0.62995	0.0	-0.28980900000000004	0.561307	0.775207	0.0	0.912594	0.406146	0.0470915	0.0	-1.9779200000000001	-1.8655	-1.77575	0.12240899999999999	-0.00104308	0.695934	-0.718105	0.0	0.352195	-0.671838	-0.6516069999999999	0.0	-0.935926	-0.25359299999999996	-0.244404	0.0	0.164416	-2.01687	-2.20023	0.33847	
4	-0.287506	0.717357	-0.634618	0.0	-0.28894899999999996	0.566757	0.7715529999999999	0.0	0.9131530000000001	0.405198	0.044333199999999996	0.0	-1.9970400000000001	-1.86925	-1.7988099999999998	0.122446	-0.0100758	0.7158359999999999	-0.698196	0.0	0.391382	-0.639704	-0.661513	0.0	-0.9201729999999999	-0.279927	-0.27371999999999996	0.0	0.211119	-1.9778900000000001	-2.24056	0.33928200000000003	
4	-0.293435	0.7218640000000001	-0.626744	0.0	-0.197547	0.5956670000000001	0.77856	0.0	0.9353450000000001	0.35226799999999997	-0.0321876	0.0	-2.01716	-1.9025299999999998	-1.82801	0.123296	-0.061437	0.783343	-0.6185470000000001	0.0	0.486925	-0.517447	-0.703671	0.0	-0.8712799999999999	-0.34441700000000003	-0.349639	0.0	0.361531	-1.90977	-2.36862	0.339346	
4	-0.321157	0.701221	-0.6365109999999999	0.0	-0.286273	0.568789	0.7710560000000001	0.0	0.9027209999999999	0.429846	0.0180703	0.0	-1.9988099999999998	-1.90923	-1.82515	0.12095299999999999	-0.0900513	0.81187	-0.576853	0.0	0.541175	-0.446346	-0.712675	0.0	-0.836075	-0.376355	-0.399169	0.0	0.49190500000000004	-1.9125900000000002	-2.52936	0.340036	
