0	0.593132	0.516197	-0.617846	0.0	0.686051	0.07755989999999999	0.7234079999999999	0.0	0.42134099999999997	-0.852951	-0.308134	0.0	-2.7396700000000003	2.0	1.46191	0.0	-0.593133	0.516197	-0.617846	0.0	0.7505729999999999	0.0769039	-0.6562979999999999	0.0	-0.29126399999999997	-0.85301	-0.433058	0.0	2.66032	2.0	1.53809	0.0	
0	-0.07193830000000001	0.9285389999999999	-0.364198	0.0	0.16604000000000002	0.37119800000000003	0.913588	0.0	0.983492	0.00525066	-0.180878	0.0	-2.75307	1.9683700000000002	1.34528	2.4318699999999998e-05	0.0246832	0.977986	-0.207206	0.0	0.10643	-0.208662	-0.9721790000000001	0.0	-0.994014	0.0019435	-0.10923800000000002	0.0	2.63801	2.00659	1.5705799999999999	0.0035594000000000003	
0	-0.135208	0.9296120000000001	-0.342842	0.0	0.0868909	0.355811	0.9305100000000001	0.0	0.987	0.0960218	-0.128883	0.0	-2.74118	1.8912400000000003	1.36972	0.0	0.158961	0.972678	-0.169203	0.0	-0.0157665	-0.16885899999999998	-0.9855139999999999	0.0	-0.987159	0.159326	-0.0115064	0.0	2.66094	1.9463	1.58704	0.0	
0	-0.12416500000000001	0.9332159999999999	-0.337181	0.0	0.0930705	0.349265	0.9323899999999999	0.0	0.9878870000000001	0.0843885	-0.130221	0.0	-2.7208	1.86998	1.36723	0.0	0.152039	0.9779979999999999	-0.142841	0.0	-0.0388691	-0.138493	-0.9896	0.0	-0.98761	0.15600999999999998	0.0169576	0.0	2.6551299999999998	1.89547	1.633	0.0	
0	-0.09035560000000001	0.949468	-0.300578	0.0	0.149203	0.311312	0.938522	0.0	0.98467	0.0399534	-0.169793	0.0	-2.71335	1.896	1.3867	0.027469999999999998	0.14984	0.9812700000000001	-0.12106300000000002	0.0	-0.0305467	-0.11779300000000001	-0.992568	0.0	-0.988238	0.152424	0.012324600000000002	0.0	2.6651700000000003	1.87563	1.6526	0.0628848	
0	-0.125167	0.950026	-0.28598	0.0	0.138141	0.302127	0.943205	0.0	0.9824719999999999	0.0785529	-0.169054	0.0	-2.70876	1.9131099999999999	1.3885299999999998	0.361983	0.185789	0.9759639999999999	-0.113918	0.0	-0.010943600000000001	-0.113874	-0.9934350000000001	0.0	-0.9825290000000001	0.185816	-0.0104761	0.0	2.7061599999999997	1.8694	1.61415	0.342598	
0	-0.0333689	0.9769030000000001	-0.211062	0.0	0.13764200000000001	0.21365900000000002	0.9671629999999999	0.0	0.98992	0.00322205	-0.141592	0.0	-2.65452	1.7338799999999999	1.52186	0.347281	0.21423299999999998	0.9737629999999999	-0.0767499	0.0	0.026156400000000003	-0.08426510000000001	-0.9961	0.0	-0.976432	0.21139000000000002	-0.0435226	0.0	2.71407	1.78742	1.55273	0.356652	
0	0.157379	0.974424	-0.160404	0.0	0.182955	0.130847	0.974375	0.0	0.9704430000000001	-0.182693	-0.157683	0.0	-2.70432	1.34294	1.6303	0.34788800000000003	0.0344996	0.999361	0.00937253	0.0	0.12281900000000001	0.00506747	-0.992416	0.0	-0.9918290000000001	0.0353891	-0.12256600000000001	0.0	2.72433	1.4893399999999999	1.48468	0.356462	
0	0.389533	0.919024	-0.0604927	0.0	0.226938	-0.0321183	0.9733790000000001	0.0	0.892616	-0.392892	-0.221072	0.0	-2.6487	0.706508	1.5076200000000002	0.352586	-0.245824	0.9648200000000001	0.0932344	0.0	0.159936	0.13524	-0.9778190000000001	0.0	-0.9560290000000001	-0.22546	-0.187555	0.0	2.5621400000000003	0.8501299999999999	1.2705799999999998	0.357914	
0	0.558916	0.8268459999999999	-0.0627581	0.0	0.278042	-0.115567	0.953592	0.0	0.781221	-0.550427	-0.29449000000000003	0.0	-2.7035099999999996	0.299429	1.33674	0.352259	-0.407723	0.9012379999999999	0.146739	0.0	0.106724	0.206637	-0.9725799999999999	0.0	-0.906847	-0.38088299999999997	-0.18043399999999998	0.0	2.3725400000000003	0.29685	1.0489700000000002	0.358302	
0	0.718226	0.693239	-0.0597613	0.0	0.282756	-0.21231	0.9354	0.0	0.635768	-0.6887260000000001	-0.348504	0.0	-2.85902	-0.0763168	1.0836700000000001	0.350815	-0.5286890000000001	0.8262079999999999	0.194598	0.0	0.053379499999999996	0.261167	-0.963817	0.0	-0.8471360000000001	-0.499172	-0.182179	0.0	2.2054400000000003	-0.141345	0.7981229999999999	0.358479	
0	0.766142	0.639127	-0.0674057	0.0	0.290144	-0.250392	0.923645	0.0	0.573449	-0.727201	-0.377275	0.0	-2.9405200000000002	-0.23090300000000002	0.9316549999999999	0.351838	-0.548208	0.811094	0.203948	0.0	0.0478086	0.27385	-0.960584	0.0	-0.834975	-0.516849	-0.188904	0.0	2.1433299999999997	-0.313782	0.656717	0.358904	
0	0.866693	0.488746	-0.0998508	0.0	0.275371	-0.301846	0.9127209999999999	0.0	0.41594899999999996	-0.818545	-0.396194	0.0	-3.17394	-0.706379	0.45382700000000004	0.352674	-0.601137	0.773551	0.200633	0.0	0.0500475	0.287007	-0.95662	0.0	-0.7975770000000001	-0.565018	-0.211245	0.0	1.9786299999999999	-0.731885	0.178064	0.358555	
0	0.895827	0.434263	-0.0943938	0.0	0.257664	-0.334486	0.906493	0.0	0.362083	-0.836382	-0.41153599999999996	0.0	-3.2305	-0.94789	0.136195	0.35225700000000004	-0.630355	0.753292	0.187629	0.0	0.058384500000000006	0.287013	-0.9561459999999999	0.0	-0.774109	-0.5917560000000001	-0.2249	0.0	1.87578	-0.9364520000000001	-0.0718297	0.358569	
0	0.9142520000000001	0.39559	-0.0874765	0.0	0.228371	-0.324843	0.917782	0.0	0.33465	-0.8590610000000001	-0.387329	0.0	-3.27113	-1.23042	-0.186654	0.353004	-0.6572100000000001	0.731324	0.182317	0.0	0.06068919999999999	0.292456	-0.9543510000000001	0.0	-0.75126	-0.6161449999999999	-0.236589	0.0	1.7506400000000002	-1.11659	-0.268502	0.35947399999999996	
0	0.916326	0.395903	-0.060058400000000005	0.0	0.194373	-0.308632	0.93111	0.0	0.350093	-0.864874	-0.35975999999999997	0.0	-3.25832	-1.44639	-0.497745	0.35399	-0.7062649999999999	0.6875220000000001	0.168826	0.0	0.0560006	0.291981	-0.9547829999999999	0.0	-0.705729	-0.664876	-0.244718	0.0	1.6577	-1.2411	-0.42726400000000003	0.358591	
0	0.9252360000000001	0.375727	-0.05260650000000001	0.0	0.170764	-0.28860399999999997	0.942097	0.0	0.338789	-0.8806459999999999	-0.331187	0.0	-3.18318	-1.62105	-0.688521	0.35397	-0.715685	0.680013	0.159302	0.0	0.0666933	0.293586	-0.9536030000000001	0.0	-0.695232	-0.671855	-0.255467	0.0	1.605	-1.3461	-0.549304	0.358877	
0	0.925842	0.3779	0.00296324	0.0	0.108151	-0.272464	0.956068	0.0	0.362106	-0.884848	-0.293129	0.0	-3.08777	-1.77574	-0.8643370000000001	0.353544	-0.7284689999999999	0.667063	0.156076	0.0	0.0569995	0.286048	-0.956519	0.0	-0.682703	-0.687898	-0.24639899999999998	0.0	1.5669	-1.44561	-0.635545	0.359567	
0	0.935567	0.339318	0.0978645	0.0	-0.013166399999999998	-0.24341300000000002	0.969833	0.0	0.352903	-0.908633	-0.22326100000000001	0.0	-2.88702	-1.99013	-0.939371	0.353258	-0.721754	0.675045	0.152922	0.0	0.0551611	0.276334	-0.959478	0.0	-0.689948	-0.684071	-0.236681	0.0	1.54112	-1.50488	-0.709963	0.359116	
0	0.9225770000000001	0.255261	0.289299	0.0	-0.24290799999999999	-0.198262	0.949572	0.0	0.299746	-0.946327	-0.12090699999999999	0.0	-2.67899	-2.3765099999999997	-1.01938	0.35182399999999997	-0.713704	0.684425	0.14896099999999998	0.0	0.047076099999999996	0.259054	-0.964715	0.0	-0.698864	-0.681508	-0.217108	0.0	1.4913399999999999	-1.52653	-0.671133	0.359338	
0	0.915106	0.193947	0.353505	0.0	-0.340089	-0.099725	0.935091	0.0	0.21661100000000003	-0.97593	-0.0252997	0.0	-2.64252	-2.72213	-1.0668799999999998	0.349093	-0.712041	0.685756	0.150785	0.0	0.0433773	0.257303	-0.965357	0.0	-0.700797	-0.680833	-0.212957	0.0	1.47021	-1.53954	-0.644433	0.359412	
0	0.929235	0.149808	0.337758	0.0	-0.323547	-0.111551	0.939614	0.0	0.17843900000000001	-0.982402	-0.0551873	0.0	-2.65636	-2.97822	-1.2761	0.349747	-0.706141	0.6923600000000001	0.148334	0.0	0.0438371	0.251836	-0.966777	0.0	-0.706713	-0.676178	-0.20818299999999998	0.0	1.46555	-1.5507600000000001	-0.6354489999999999	0.35908	
0	0.958834	0.121773	0.25653200000000004	0.0	-0.24211300000000002	-0.121494	0.9626110000000001	0.0	0.148387	-0.985094	-0.0870102	0.0	-2.7568200000000003	-3.1591400000000003	-1.4828299999999999	0.35533400000000004	-0.704792	0.6942689999999999	0.145802	0.0	0.0387627	0.24290599999999998	-0.969275	0.0	-0.708354	-0.6774859999999999	-0.19810999999999998	0.0	1.4218899999999999	-1.53485	-0.575378	0.359317	
0	0.9736530000000001	0.09348060000000001	0.207992	0.0	-0.194103	-0.138959	0.971089	0.0	0.11968	-0.985876	-0.117153	0.0	-2.78621	-3.21909	-1.56471	0.351354	-0.709615	0.690909	0.138173	0.0	0.0415349	0.23678200000000002	-0.9706739999999999	0.0	-0.703365	-0.683066	-0.196721	0.0	1.4331200000000002	-1.53672	-0.5331359999999999	0.359286	
0	0.98444	0.112167	0.13526400000000002	0.0	-0.115524	-0.166909	0.979181	0.0	0.132409	-0.9795709999999999	-0.151354	0.0	-2.8487299999999998	-3.28977	-1.55057	0.349475	-0.709871	0.6903189999999999	0.139795	0.0	0.0404728	0.23813099999999998	-0.970389	0.0	-0.703168	-0.683193	-0.196981	0.0	1.4471399999999999	-1.54665	-0.5010020000000001	0.359371	
0	0.9853959999999999	0.14127	0.09506110000000001	0.0	-0.0681132	-0.184636	0.9804440000000001	0.0	0.156059	-0.972601	-0.172318	0.0	-2.89577	-3.3244300000000004	-1.53595	0.34878899999999996	-0.705967	0.693886	0.14189100000000002	0.0	0.0377655	0.236938	-0.970791	0.0	-0.707237	-0.679988	-0.193475	0.0	1.4568299999999998	-1.55736	-0.485418	0.359062	
0	0.9811290000000001	0.186893	0.049576999999999996	0.0	-0.012935299999999999	-0.192385	0.981234	0.0	0.192924	-0.963358	-0.186337	0.0	-2.93664	-3.39014	-1.52158	0.35253	-0.703806	0.696543	0.13959000000000002	0.0	0.0380325	0.23315999999999998	-0.9716950000000001	0.0	-0.7093729999999999	-0.6785760000000001	-0.190591	0.0	1.45125	-1.5615299999999999	-0.46482799999999996	0.35925300000000004	
0	0.972499	0.2329	0.0019882999999999997	0.0	0.0401846	-0.17619200000000002	0.983535	0.0	0.22941599999999998	-0.956407	-0.180705	0.0	-2.99949	-3.47856	-1.53519	0.35297199999999995	-0.703117	0.697871	0.13639300000000001	0.0	0.035881199999999995	0.22638899999999998	-0.973376	0.0	-0.710168	-0.679503	-0.184218	0.0	1.43051	-1.55177	-0.43780600000000003	0.359213	
0	0.968507	0.248957	-0.00391857	0.0	0.048627	-0.17369	0.983599	0.0	0.244193	-0.9528129999999999	-0.180326	0.0	-3.03068	-3.5430599999999997	-1.5482	0.342619	-0.704734	0.698141	0.12629300000000002	0.0	0.0403783	0.21719000000000002	-0.9752940000000001	0.0	-0.708322	-0.6822229999999999	-0.181251	0.0	1.4240899999999999	-1.53591	-0.42127700000000007	0.359119	
0	0.966723	0.255803	-0.00326405	0.0	0.049448	-0.174323	0.9834459999999999	0.0	0.251	-0.950882	-0.181171	0.0	-3.03461	-3.58395	-1.55247	0.335183	-0.707937	0.695263	0.12424	0.0	0.0365176	0.21170500000000003	-0.976651	0.0	-0.705331	-0.68687	-0.175264	0.0	1.41126	-1.51338	-0.372716	0.359094	
0	0.960867	0.276964	-0.00502299	0.0	0.0560283	-0.176556	0.9826950000000001	0.0	0.271284	-0.9445209999999999	-0.185165	0.0	-3.0497799999999997	-3.5868599999999997	-1.56221	0.31704699999999997	-0.7090350000000001	0.694113	0.124402	0.0	0.031767500000000004	0.207675	-0.9776819999999999	0.0	-0.704457	-0.6892590000000001	-0.169299	0.0	1.39621	-1.48504	-0.302849	0.35935100000000003	
0	0.9601290000000001	0.279485	-0.00629872	0.0	0.0563298	-0.171345	0.983599	0.0	0.27382199999999995	-0.944737	-0.180257	0.0	-3.0494	-3.5824	-1.57133	0.304569	-0.712333	0.691109	0.122271	0.0	0.0305496	0.20458199999999999	-0.9783729999999999	0.0	-0.701176	-0.693192	-0.16684300000000002	0.0	1.38652	-1.44633	-0.247315	0.359176	
0	0.959202	0.28265300000000004	-0.00623557	0.0	0.0489534	-0.144324	0.9883190000000001	0.0	0.278451	-0.9483030000000001	-0.152272	0.0	-2.91623	-3.60969	-1.62358	0.24980500000000003	-0.717963	0.684699	0.125364	0.0	0.0221645	0.202497	-0.979032	0.0	-0.695728	-0.70013	-0.16056099999999998	0.0	1.38079	-1.40864	-0.184257	0.359187	
0	0.967591	0.25230199999999997	0.0106082	0.0	0.0226852	-0.128684	0.991426	0.0	0.25150300000000003	-0.9590540000000001	-0.130237	0.0	-2.83167	-3.5772699999999995	-1.63888	0.11538699999999999	-0.722115	0.6802229999999999	0.125884	0.0	0.0198734	0.202296	-0.979123	0.0	-0.691488	-0.704537	-0.159599	0.0	1.3652	-1.3825399999999999	-0.153976	0.358987	
0	0.9724870000000001	0.22709400000000002	0.051932500000000006	0.0	-0.027761900000000003	-0.10836199999999999	0.9937239999999999	0.0	0.231296	-0.967825	-0.0990764	0.0	-2.84441	-3.54123	-1.68482	0.11510899999999999	-0.725309	0.676714	0.126433	0.0	0.0193194	0.20359100000000002	-0.978865	0.0	-0.6881520000000001	-0.707537	-0.16074000000000002	0.0	1.36248	-1.3698700000000001	-0.13905599999999999	0.358773	
0	0.9739049999999999	0.217725	0.06406519999999999	0.0	-0.046822699999999995	-0.0834556	0.995411	0.0	0.222072	-0.9724360000000001	-0.0710833	0.0	-2.84932	-3.5125900000000003	-1.71318	0.115196	-0.7272810000000001	0.674063	0.129236	0.0	0.0177229	0.20667800000000003	-0.978248	0.0	-0.6861109999999999	-0.709171	-0.16226	0.0	1.36096	-1.36465	-0.133223	0.358821	
0	0.975825	0.210313	0.0594491	0.0	-0.047940300000000005	-0.0594081	0.997082	0.0	0.213231	-0.975827	-0.0478894	0.0	-2.84071	-3.4807699999999997	-1.7149599999999998	0.11495799999999999	-0.7239180000000001	0.6762560000000001	0.136456	0.0	0.013166299999999999	0.211302	-0.977332	0.0	-0.68976	-0.705712	-0.161869	0.0	1.35724	-1.36976	-0.13238699999999998	0.358744	
0	0.977767	0.203228	0.051667099999999994	0.0	-0.04398080000000001	-0.04216	0.998142	0.0	0.205029	-0.978223	-0.0322845	0.0	-2.81969	-3.45948	-1.6540000000000001	0.114946	-0.7202890000000001	0.679253	0.140714	0.0	0.012457700000000002	0.21548699999999998	-0.976427	0.0	-0.693563	-0.7015560000000001	-0.163675	0.0	1.35388	-1.37574	-0.134653	0.358402	
0	0.979167	0.202049	0.0202269	0.0	-0.00928945	-0.0549352	0.998447	0.0	0.202846	-0.977834	-0.0519138	0.0	-2.81189	-3.47181	-1.50556	0.115726	-0.7227399999999999	0.674904	0.148833	0.0	0.012228399999999999	0.227804	-0.9736299999999999	0.0	-0.691012	-0.701862	-0.172896	0.0	1.34344	-1.39115	-0.144229	0.35885100000000003	
0	0.9737180000000001	0.22748800000000002	-0.011081200000000001	0.0	0.038907300000000006	-0.118202	0.9922270000000001	0.0	0.22441	-0.9665799999999999	-0.123947	0.0	-2.86689	-3.3754699999999995	-1.4033799999999998	0.115389	-0.7250770000000001	0.671818	0.151409	0.0	0.016871599999999997	0.23711999999999997	-0.971334	0.0	-0.688462	-0.7017369999999999	-0.183265	0.0	1.35277	-1.40298	-0.172164	0.358734	
0	0.964752	0.260395	-0.038056900000000005	0.0	0.0934441	-0.203776	0.974548	0.0	0.24601199999999998	-0.9437530000000001	-0.220925	0.0	-2.86192	-2.90358	-1.33536	0.115397	-0.702277	0.698741	0.136267	0.0	0.0476759	0.237144	-0.970304	0.0	-0.710306	-0.674925	-0.199854	0.0	1.3593	-1.4498	-0.259129	0.359381	
0	0.9569120000000001	0.28722	-0.042701300000000005	0.0	0.128419	-0.2867	0.9493739999999999	0.0	0.260437	-0.9139520000000001	-0.311232	0.0	-2.87256	-2.45933	-1.30305	0.11539400000000001	-0.698511	0.702608	0.135743	0.0	0.0656398	0.2518	-0.965551	0.0	-0.712583	-0.6655369999999999	-0.222004	0.0	1.38555	-1.49207	-0.383725	0.359431	
0	0.9506709999999999	0.308873	-0.028672500000000004	0.0	0.146791	-0.36651500000000004	0.91876	0.0	0.27327199999999996	-0.877647	-0.393775	0.0	-2.91372	-1.9667599999999998	-1.2864200000000001	0.115381	-0.6785640000000001	0.726701	0.10703599999999999	0.0	0.10950499999999999	0.24416999999999997	-0.9635299999999999	0.0	-0.726333	-0.642096	-0.24526199999999998	0.0	1.45194	-1.52257	-0.499445	0.359489	
0	0.946421	0.3229	0.00480576	0.0	0.146814	-0.443471	0.8841829999999999	0.0	0.28763299999999997	-0.8361040000000001	-0.467116	0.0	-2.92457	-1.4990299999999999	-1.24706	0.11538	-0.632594	0.770428	0.07916110000000001	0.0	0.159152	0.229344	-0.9602459999999999	0.0	-0.757955	-0.594847	-0.267696	0.0	1.48637	-1.52243	-0.612442	0.360001	
1	0.9160010000000001	0.39884200000000003	0.043208300000000005	0.0	0.173871	-0.491752	0.8531989999999999	0.0	0.36154000000000003	-0.774019	-0.519792	0.0	-2.93669	-1.11105	-1.23386	0.11537599999999999	-0.56381	0.8252790000000001	0.0321262	0.0	0.24133800000000002	0.201827	-0.9492219999999999	0.0	-0.7898569999999999	-0.527428	-0.312963	0.0	1.51825	-1.52027	-0.734337	0.360086	
1	0.85862	0.5102439999999999	0.0492325	0.0	0.214858	-0.44541899999999995	0.869159	0.0	0.465412	-0.735699	-0.492076	0.0	-2.9100200000000003	-0.9061309999999999	-1.15096	0.115211	-0.47840699999999997	0.8775790000000001	-0.0313271	0.0	0.308596	0.134616	-0.9416200000000001	0.0	-0.8221290000000001	-0.46014499999999997	-0.33521799999999996	0.0	1.5559	-1.5575	-0.8572120000000001	0.359846	
1	0.6970770000000001	0.716903	0.011538	0.0	0.296091	-0.30248400000000003	0.905999	0.0	0.653004	-0.628135	-0.42312299999999997	0.0	-2.8572599999999997	-0.856333	-1.1290200000000001	0.11539200000000001	-0.318696	0.9320639999999999	-0.17230399999999998	0.0	0.41729799999999995	-0.0252481	-0.9084190000000001	0.0	-0.8510549999999999	-0.361412	-0.380902	0.0	1.55199	-1.66565	-1.03254	0.359338	
1	0.469491	0.8791370000000001	-0.0818293	0.0	0.303583	-0.07370399999999999	0.94995	0.0	0.829105	-0.47083500000000006	-0.30149499999999996	0.0	-2.7908	-0.998027	-1.1496600000000001	0.11538699999999999	-0.114951	0.935473	-0.334181	0.0	0.459254	-0.248254	-0.8529100000000001	0.0	-0.8808360000000001	-0.251517	-0.40108299999999997	0.0	1.51386	-1.8751400000000003	-1.2208700000000001	0.35877	
1	0.309255	0.9237620000000001	-0.225888	0.0	0.255484	0.148095	0.9554040000000001	0.0	0.916018	-0.353174	-0.190208	0.0	-2.72836	-1.2796100000000001	-1.16814	0.11538599999999999	-0.0646943	0.934666	-0.349592	0.0	0.43764899999999995	-0.288263	-0.851685	0.0	-0.8968149999999999	-0.208098	-0.390407	0.0	1.44086	-2.16188	-1.31466	0.358133	
1	0.09514389999999999	0.900582	-0.424146	0.0	0.156291	0.40728000000000003	0.8998309999999999	0.0	0.983118	-0.15190399999999998	-0.102003	0.0	-2.59287	-1.59646	-1.24328	0.11516900000000001	-0.282199	0.953118	-0.109224	0.0	0.327666	-0.011247	-0.9447270000000001	0.0	-0.9016639999999999	-0.30239	-0.309131	0.0	1.2675	-2.63007	-1.2178200000000001	0.35823	
1	-0.0392594	0.8250719999999999	-0.563663	0.0	0.0742312	0.564947	0.821781	0.0	0.996468	-0.00957873	-0.0834255	0.0	-2.50435	-1.71629	-1.3277700000000001	0.115174	-0.433353	0.8939030000000001	0.11464500000000001	0.0	0.23184899999999997	0.23350700000000002	-0.9443090000000001	0.0	-0.870891	-0.382639	-0.308442	0.0	1.21933	-2.92307	-1.17184	0.358009	
1	-0.11383599999999999	0.73926	-0.663729	0.0	-0.0539756	0.662483	0.7471300000000001	0.0	0.992032	0.120875	-0.035512300000000004	0.0	-2.44765	-1.8031099999999998	-1.3826399999999999	0.115327	-0.49373999999999996	0.8093739999999999	0.318017	0.0	0.100119	0.41617600000000005	-0.903755	0.0	-0.863827	-0.41438	-0.286517	0.0	1.13727	-3.06547	-1.11772	0.35808	
1	-0.156693	0.657222	-0.737229	0.0	-0.173197	0.716598	0.6756409999999999	0.0	0.9723430000000001	0.23355399999999998	0.00154263	0.0	-2.4032	-1.8443	-1.4664700000000002	0.11540299999999999	-0.534067	0.713583	0.4534	0.0	-0.00355577	0.534387	-0.845232	0.0	-0.845435	-0.45302299999999995	-0.28286100000000003	0.0	1.04861	-3.08114	-1.0406600000000001	0.35851500000000003	
1	-0.184606	0.562653	-0.805818	0.0	-0.253576	0.764881	0.592162	0.0	0.9495370000000001	0.313653	0.00147396	0.0	-2.3955	-1.82463	-1.60103	0.114811	-0.563172	0.613564	0.553513	0.0	-0.09135449999999999	0.619502	-0.7796609999999999	0.0	-0.821274	-0.489649	-0.292835	0.0	0.962335	-3.06549	-0.991785	0.359082	
1	-0.226183	0.44232200000000005	-0.867867	0.0	-0.287302	0.8210280000000001	0.49332700000000007	0.0	0.930752	0.36092199999999997	-0.058622400000000005	0.0	-2.38877	-1.7316900000000002	-1.7502799999999998	0.11451300000000002	-0.598477	0.524888	0.6052420000000001	0.0	-0.136572	0.677574	-0.722663	0.0	-0.7894140000000001	-0.5151560000000001	-0.333827	0.0	0.8433940000000001	-2.9888	-0.9718459999999999	0.359076	
1	-0.25805	0.34156	-0.90374	0.0	-0.311745	0.855949	0.412512	0.0	0.9144540000000001	0.388185	-0.114398	0.0	-2.3883099999999997	-1.61009	-1.84736	0.11455599999999999	-0.605399	0.46925	0.642883	0.0	-0.156125	0.722015	-0.674032	0.0	-0.78046	-0.508428	-0.363846	0.0	0.73017	-2.86555	-0.9523459999999999	0.359125	
1	-0.258167	0.307882	-0.9157280000000001	0.0	-0.324284	0.865251	0.382335	0.0	0.910049	0.395662	-0.12353800000000001	0.0	-2.35174	-1.53011	-1.85684	0.11446300000000001	-0.610825	0.446838	0.6536270000000001	0.0	-0.14264300000000002	0.749919	-0.645968	0.0	-0.7788109999999999	-0.487809	-0.394331	0.0	0.6702130000000001	-2.75592	-0.9535969999999999	0.35881799999999997	
1	-0.25305	0.272883	-0.9281709999999999	0.0	-0.32932	0.877805	0.34785900000000003	0.0	0.9096780000000001	0.393691	-0.13226300000000002	0.0	-2.32592	-1.54316	-1.83808	0.114872	-0.617559	0.462625	0.636081	0.0	-0.0746703	0.7705850000000001	-0.632948	0.0	-0.782972	-0.438379	-0.441338	0.0	0.647259	-2.62356	-1.0126600000000001	0.358707	
1	-0.249896	0.246937	-0.936255	0.0	-0.318472	0.892174	0.320314	0.0	0.9144	0.378216	-0.144308	0.0	-2.2874	-1.6137299999999999	-1.85424	0.114897	-0.6227050000000001	0.52904	0.576503	0.0	0.020152	0.7473850000000001	-0.664086	0.0	-0.782197	-0.401912	-0.476062	0.0	0.654569	-2.48739	-1.04683	0.357747	
1	-0.23577199999999998	0.247639	-0.9397270000000001	0.0	-0.29513	0.903071	0.312027	0.0	0.92591	0.350909	-0.13983299999999999	0.0	-2.2642	-1.71249	-1.82168	0.115014	-0.600249	0.631387	0.490971	0.0	0.12279100000000001	0.679327	-0.72349	0.0	-0.790331	-0.373987	-0.48529399999999995	0.0	0.6993689999999999	-2.33429	-1.05103	0.35731199999999996	
1	-0.231492	0.24966300000000002	-0.940255	0.0	-0.283113	0.907387	0.310638	0.0	0.93073	0.338108	-0.13937	0.0	-2.2421900000000003	-1.8043099999999999	-1.7897299999999998	0.11513599999999999	-0.603705	0.660181	0.44688100000000003	0.0	0.148564	0.643903	-0.750545	0.0	-0.783243	-0.38671700000000003	-0.486806	0.0	0.745506	-2.19928	-0.970044	0.357412	
1	-0.22586399999999998	0.246863	-0.942361	0.0	-0.29067800000000005	0.9062110000000001	0.30706300000000003	0.0	0.9297799999999999	0.343278	-0.132923	0.0	-2.19442	-1.86945	-1.7935	0.11509100000000001	-0.5847140000000001	0.696332	0.41621099999999994	0.0	0.19403099999999998	0.618206	-0.761691	0.0	-0.787694	-0.364613	-0.496584	0.0	0.8076	-2.03856	-0.8860950000000001	0.357178	
1	-0.22437800000000002	0.23823699999999998	-0.944933	0.0	-0.300584	0.905457	0.29966	0.0	0.9269870000000001	0.351269	-0.131554	0.0	-2.16278	-1.8990099999999999	-1.8023	0.11504	-0.57291	0.697333	0.430699	0.0	0.20656300000000002	0.631369	-0.7474649999999999	0.0	-0.793162	-0.339264	-0.505761	0.0	0.838266	-1.8934400000000002	-0.8418040000000001	0.357283	
1	-0.223417	0.188635	-0.9562959999999999	0.0	-0.31561	0.914241	0.254075	0.0	0.922212	0.358581	-0.144722	0.0	-2.1436	-1.9158400000000002	-1.8090400000000002	0.11486700000000001	-0.561431	0.6940689999999999	0.450626	0.0	0.21944299999999997	0.649922	-0.72763	0.0	-0.7978970000000001	-0.309627	-0.517195	0.0	0.829411	-1.7685400000000002	-0.834282	0.356707	
1	-0.21932100000000002	0.148142	-0.96434	0.0	-0.350111	0.910623	0.219516	0.0	0.9106709999999999	0.38577100000000003	-0.14785299999999998	0.0	-2.0415	-1.9109599999999998	-1.81361	0.114746	-0.5481659999999999	0.6981310000000001	0.46057299999999995	0.0	0.235269	0.657157	-0.716096	0.0	-0.8025979999999999	-0.28418000000000004	-0.5244800000000001	0.0	0.790794	-1.7150299999999998	-0.8874540000000001	0.356446	
1	-0.22749499999999998	0.0768924	-0.9707389999999999	0.0	-0.400527	0.9012600000000001	0.165253	0.0	0.887595	0.42640100000000003	-0.174235	0.0	-1.9563400000000002	-1.8279	-1.80745	0.114597	-0.53228	0.704669	0.46917	0.0	0.24308000000000002	0.658083	-0.7126279999999999	0.0	-0.81092	-0.26527199999999995	-0.521575	0.0	0.725272	-1.6762	-0.9053950000000001	0.355745	
1	-0.22789600000000002	0.004603100000000001	-0.973675	0.0	-0.431281	0.896066	0.105181	0.0	0.8729610000000001	0.44389700000000004	-0.202224	0.0	-1.9023599999999998	-1.76669	-1.80135	0.11450999999999999	-0.5153220000000001	0.707286	0.483933	0.0	0.246448	0.663135	-0.7067640000000001	0.0	-0.8207969999999999	-0.244946	-0.516037	0.0	0.628127	-1.6569900000000002	-0.900866	0.355887	
1	-0.22663899999999998	-0.05597130000000001	-0.972369	0.0	-0.458685	0.886841	0.0558616	0.0	0.8592110000000001	0.458671	-0.22666599999999998	0.0	-1.85729	-1.7156200000000001	-1.77983	0.114474	-0.49997299999999995	0.704109	0.504239	0.0	0.24473899999999998	0.673374	-0.697617	0.0	-0.8307399999999999	-0.225383	-0.508992	0.0	0.567243	-1.67684	-0.932242	0.35543	
1	-0.22511399999999998	-0.0735647	-0.971551	0.0	-0.46772299999999994	0.882899	0.0415223	0.0	0.854727	0.463764	-0.233161	0.0	-1.81453	-1.6833900000000002	-1.7596	0.114473	-0.493533	0.698654	0.517984	0.0	0.23581100000000002	0.680754	-0.6935180000000001	0.0	-0.837149	-0.22012800000000002	-0.500725	0.0	0.518271	-1.72525	-0.953197	0.355719	
1	-0.22313400000000003	-0.0934306	-0.9703	0.0	-0.47705	0.878517	0.0251113	0.0	0.8500790000000001	0.46848500000000004	-0.240598	0.0	-1.7762	-1.6504400000000001	-1.73069	0.11449200000000001	-0.494885	0.694778	0.521893	0.0	0.232146	0.684476	-0.691086	0.0	-0.837375	-0.22085300000000002	-0.500027	0.0	0.479788	-1.78995	-0.971368	0.3558	
1	-0.216719	-0.105081	-0.970562	0.0	-0.48207	0.8760389999999999	0.012795299999999999	0.0	0.8489059999999999	0.47065200000000007	-0.240511	0.0	-1.74226	-1.63078	-1.7134200000000002	0.11449300000000001	-0.494813	0.69217	0.525415	0.0	0.231283	0.687709	-0.68816	0.0	-0.837657	-0.218991	-0.500374	0.0	0.46759300000000004	-1.81105	-0.9709780000000001	0.355862	
1	-0.217273	-0.12203900000000001	-0.9684520000000001	0.0	-0.49019700000000005	0.871612	0.000139892	0.0	0.844097	0.47476199999999996	-0.24920100000000003	0.0	-1.71723	-1.61848	-1.6897400000000002	0.11448499999999999	-0.505448	0.6750659999999999	0.537408	0.0	0.215427	0.7018300000000001	-0.6789890000000001	0.0	-0.8355319999999999	-0.227421	-0.500166	0.0	0.425249	-1.80792	-0.9589790000000001	0.35580500000000004	
1	-0.20918899999999999	-0.137281	-0.968191	0.0	-0.497992	0.8670459999999999	-0.015342500000000002	0.0	0.841572	0.47894200000000003	-0.249741	0.0	-1.6463700000000001	-1.58616	-1.62847	0.11448900000000001	-0.504686	0.66985	0.544603	0.0	0.213497	0.708084	-0.67308	0.0	-0.8364870000000001	-0.223423	-0.500371	0.0	0.390206	-1.8127900000000001	-0.964885	0.355273	
1	-0.195652	-0.161088	-0.967353	0.0	-0.505017	0.862115	-0.041421	0.0	0.840641	0.480425	-0.250026	0.0	-1.5921399999999999	-1.57226	-1.5644	0.11450899999999999	-0.509292	0.660067	0.552208	0.0	0.207434	0.716895	-0.665608	0.0	-0.8352200000000001	-0.224442	-0.502029	0.0	0.354749	-1.8580400000000001	-0.9600850000000001	0.354675	
1	-0.187291	-0.17740999999999998	-0.966151	0.0	-0.509622	0.8583850000000001	-0.058830099999999996	0.0	0.839766	0.481354	-0.25118	0.0	-1.55512	-1.56259	-1.49611	0.11452999999999999	-0.518752	0.650934	0.55424	0.0	0.202308	0.723344	-0.6601859999999999	0.0	-0.830644	-0.230345	-0.506925	0.0	0.336968	-1.87552	-0.9600700000000001	0.352674	
1	-0.181892	-0.185223	-0.965716	0.0	-0.512976	0.8557440000000001	-0.0675117	0.0	0.8389110000000001	0.483109	-0.250668	0.0	-1.5361799999999999	-1.56102	-1.48675	0.114684	-0.521378	0.647877	0.555357	0.0	0.201164	0.7257899999999999	-0.6578470000000001	0.0	-0.829276	-0.231269	-0.50874	0.0	0.332842	-1.8780599999999998	-0.961003	0.3505	
1	-0.17374	-0.194184	-0.965457	0.0	-0.5164810000000001	0.8526879999999999	-0.0785586	0.0	0.8384879999999999	0.484991	-0.24843800000000002	0.0	-1.46186	-1.5439100000000001	-1.4560600000000001	0.114701	-0.5234409999999999	0.6427350000000001	0.559376	0.0	0.199587	0.730721	-0.652849	0.0	-0.828356	-0.230084	-0.510771	0.0	0.324765	-1.89759	-0.967115	0.337016	
1	-0.16909200000000002	-0.205235	-0.963995	0.0	-0.517069	0.851145	-0.09051139999999999	0.0	0.839076	0.48314700000000005	-0.250042	0.0	-1.45294	-1.55154	-1.4429	0.114659	-0.525834	0.639072	0.561325	0.0	0.186575	0.730514	-0.656917	0.0	-0.829873	-0.2407	-0.503364	0.0	0.33465100000000003	-1.90441	-0.9357780000000001	0.303697	
1	-0.150693	-0.234138	-0.9604540000000001	0.0	-0.5108050000000001	0.850245	-0.127127	0.0	0.8463860000000001	0.471448	-0.247725	0.0	-1.46717	-1.57805	-1.41592	0.114917	-0.523606	0.631501	0.571878	0.0	0.176805	0.737179	-0.6521560000000001	0.0	-0.833413	-0.24036100000000002	-0.497644	0.0	0.340677	-1.89783	-0.87472	0.21631199999999998	
1	-0.141024	-0.247545	-0.958558	0.0	-0.501798	0.852517	-0.146335	0.0	0.8534120000000001	0.460366	-0.24444200000000002	0.0	-1.49502	-1.59941	-1.4176	0.11515299999999999	-0.522558	0.61761	0.587785	0.0	0.141807	0.7427560000000001	-0.654374	0.0	-0.840728	-0.258596	-0.475714	0.0	0.36375	-1.91557	-0.8230059999999999	0.17369300000000001	
1	-0.13156900000000002	-0.25714000000000004	-0.957376	0.0	-0.4977	0.8523629999999999	-0.16053800000000001	0.0	0.8573120000000001	0.45536400000000005	-0.240123	0.0	-1.50145	-1.6037	-1.4132200000000001	0.115674	-0.517578	0.6188140000000001	0.590916	0.0	0.133656	0.740611	-0.658507	0.0	-0.845133	-0.261849	-0.46603199999999995	0.0	0.39205500000000004	-1.9090599999999998	-0.793138	0.161254	
1	-0.12028599999999999	-0.261932	-0.9575610000000001	0.0	-0.488966	0.855081	-0.172477	0.0	0.8639700000000001	0.44746800000000003	-0.23093000000000002	0.0	-1.49348	-1.60938	-1.38341	0.114955	-0.50975	0.61957	0.596899	0.0	0.111608	0.735568	-0.668194	0.0	-0.8530530000000001	-0.273993	-0.444105	0.0	0.41673999999999994	-1.9032099999999998	-0.744015	0.155937	
1	-0.127405	-0.26057800000000003	-0.957009	0.0	-0.488371	0.8562850000000001	-0.16813699999999998	0.0	0.8632850000000001	0.445954	-0.236354	0.0	-1.50109	-1.60487	-1.357	0.11499300000000001	-0.511412	0.618223	0.596874	0.0	0.09999789999999999	0.732671	-0.673197	0.0	-0.853498	-0.284594	-0.436518	0.0	0.42167	-1.89142	-0.727657	0.154083	
1	-0.14901099999999998	-0.214139	-0.9653700000000001	0.0	-0.460784	0.878833	-0.12381800000000001	0.0	0.874914	0.42637700000000006	-0.229627	0.0	-1.51893	-1.59404	-1.3519	0.121201	-0.5142329999999999	0.621747	0.590759	0.0	0.0957489	0.726123	-0.6808649999999999	0.0	-0.852289	-0.293559	-0.432928	0.0	0.42040500000000003	-1.89559	-0.714565	0.141965	
1	-0.160307	-0.218602	-0.962557	0.0	-0.534899	0.838808	-0.10141499999999999	0.0	0.82957	0.49861300000000003	-0.251397	0.0	-1.45591	-1.51376	-1.37008	0.262849	-0.523656	0.639917	0.562398	0.0	0.110304	0.7055170000000001	-0.7000569999999999	0.0	-0.844759	-0.304554	-0.44003400000000004	0.0	0.394406	-1.8676400000000002	-0.723359	0.11984600000000001	
1	-0.160556	-0.22975399999999999	-0.9599139999999999	0.0	-0.566498	0.81785	-0.100998	0.0	0.808271	0.527574	-0.261466	0.0	-1.41046	-1.44541	-1.35427	0.306246	-0.533991	0.6331869999999999	0.560293	0.0	0.11134300000000001	0.709577	-0.6957760000000001	0.0	-0.8381270000000001	-0.309153	-0.449409	0.0	0.390279	-1.85128	-0.7365470000000001	0.120531	
1	-0.167235	-0.233287	-0.9579190000000001	0.0	-0.567825	0.81707	-0.0998538	0.0	0.805982	0.527231	-0.269109	0.0	-1.42265	-1.42549	-1.33447	0.313017	-0.541977	0.620848	0.566399	0.0	0.122501	0.7251340000000001	-0.677624	0.0	-0.831417	-0.29787199999999997	-0.46906099999999995	0.0	0.481946	-1.76278	-0.771205	0.120572	
1	-0.169073	-0.232252	-0.9578479999999999	0.0	-0.561596	0.821343	-0.100024	0.0	0.809954	0.521012	-0.269298	0.0	-1.43412	-1.41885	-1.3227799999999998	0.314314	-0.545042	0.6126590000000001	0.572345	0.0	0.13025599999999998	0.7362449999999999	-0.66406	0.0	-0.8282290000000001	-0.287389	-0.481087	0.0	0.519733	-1.6888299999999998	-0.8128489999999999	0.12055999999999999	
1	-0.169121	-0.23087800000000003	-0.9581719999999999	0.0	-0.556387	0.824818	-0.10054099999999999	0.0	0.81353	0.516111	-0.267952	0.0	-1.45716	-1.41756	-1.29911	0.315499	-0.550715	0.603156	0.57699	0.0	0.136938	0.7471800000000001	-0.650362	0.0	-0.823384	-0.279152	-0.49407799999999996	0.0	0.563481	-1.60996	-0.814948	0.12053699999999999	
1	-0.175738	-0.217536	-0.960101	0.0	-0.5451189999999999	0.8336110000000001	-0.0890968	0.0	0.819733	0.5077109999999999	-0.26508000000000004	0.0	-1.46814	-1.42975	-1.24361	0.3165	-0.5626680000000001	0.5912890000000001	0.577738	0.0	0.1448	0.758552	-0.63532	0.0	-0.813902	-0.273818	-0.512432	0.0	0.612681	-1.54598	-0.821427	0.12053299999999999	
5	-0.187346	-0.179547	-0.9657459999999999	0.0	-0.512886	0.856377	-0.0597182	0.0	0.837765	0.484129	-0.25252600000000003	0.0	-1.48264	-1.5362799999999999	-1.22022	0.31850900000000004	-0.58095	0.578572	0.572497	0.0	0.157403	0.769947	-0.61839	0.0	-0.798575	-0.26914	-0.538369	0.0	0.694767	-1.44376	-0.838461	0.120617	
5	-0.20047	-0.11318399999999999	-0.97314	0.0	-0.459247	0.888266	-0.00870642	0.0	0.8653930000000001	0.445166	-0.23005	0.0	-1.50102	-1.61548	-1.1754799999999999	0.322229	-0.597294	0.566474	0.567757	0.0	0.155224	0.776171	-0.611118	0.0	-0.786858	-0.276887	-0.551532	0.0	0.745147	-1.39721	-0.852575	0.120523	
5	-0.228134	0.21510900000000002	-0.94957	0.0	-0.168293	0.951896	0.256069	0.0	0.958975	0.21822399999999997	-0.18095899999999998	0.0	-1.6349	-1.9913	-1.1830200000000002	0.345681	-0.658977	0.5083979999999999	0.55433	0.0	0.111053	0.794666	-0.596803	0.0	-0.74392	-0.331719	-0.580126	0.0	0.9303790000000001	-1.24396	-0.838873	0.12062300000000001	
5	-0.18900999999999998	0.5504020000000001	-0.813224	0.0	0.180851	0.8334959999999999	0.522089	0.0	0.9651780000000001	-0.048392199999999996	-0.25708000000000003	0.0	-1.86253	-2.29985	-1.31691	0.363027	-0.73155	0.395522	0.555335	0.0	-0.00514312	0.811303	-0.584604	0.0	-0.681769	-0.43052299999999993	-0.5914739999999999	0.0	1.13837	-1.2042	-0.82419	0.120591	
5	-0.033821199999999996	0.812764	-0.581611	0.0	0.528518	0.50846	0.679806	0.0	0.848248	-0.2844	-0.44675699999999996	0.0	-2.3056	-2.4922	-1.7134599999999998	0.362293	-0.814898	0.226279	0.53361	0.0	-0.14425	0.812499	-0.564833	0.0	-0.561368	-0.537255	-0.629464	0.0	1.43527	-1.26754	-0.884417	0.1206	
5	0.110496	0.870233	-0.48008900000000004	0.0	0.678018	0.28718699999999997	0.67662	0.0	0.726692	-0.400273	-0.558301	0.0	-2.70622	-2.43103	-2.09616	0.359664	-0.86446	0.0780525	0.496604	0.0	-0.251273	0.788521	-0.561335	0.0	-0.435396	-0.610035	-0.662032	0.0	1.84097	-1.40729	-1.08781	0.12050999999999999	
5	0.222989	0.873541	-0.43266899999999997	0.0	0.721884	0.1503	0.675495	0.0	0.6551020000000001	-0.46296499999999996	-0.59708	0.0	-2.88053	-2.33101	-2.27395	0.357531	-0.8811479999999999	0.033272300000000005	0.47166899999999995	0.0	-0.291358	0.7474430000000001	-0.5970260000000001	0.0	-0.37240999999999996	-0.663492	-0.648914	0.0	2.1665099999999997	-1.53148	-1.18869	0.120484	
5	0.278673	0.883601	-0.376285	0.0	0.740586	0.051739999999999994	0.669967	0.0	0.611453	-0.465373	-0.639964	0.0	-2.98009	-2.18912	-2.3951	0.348576	-0.902565	0.00694771	0.43049799999999994	0.0	-0.31195700000000004	0.678581	-0.664989	0.0	-0.296747	-0.7344930000000001	-0.610296	0.0	2.5341400000000003	-1.69354	-1.23975	0.12030199999999999	
5	0.312844	0.879143	-0.359495	0.0	0.74315	0.00913924	0.669063	0.0	0.591487	-0.476471	-0.650476	0.0	-3.0046	-2.1594	-2.40163	0.347537	-0.9097620000000001	-0.00359307	0.415116	0.0	-0.320877	0.640526	-0.697685	0.0	-0.263386	-0.7679279999999999	-0.583879	0.0	2.6896	-1.7801900000000002	-1.20515	0.120465	
5	0.327883	0.875717	-0.354418	0.0	0.744746	-0.00878146	0.6672899999999999	0.0	0.581245	-0.482745	-0.655066	0.0	-3.03036	-2.1716599999999997	-2.30916	0.346463	-0.915116	-0.061167099999999995	0.398524	0.0	-0.358734	0.574713	-0.735538	0.0	-0.18404600000000002	-0.816066	-0.547872	0.0	2.96903	-1.9822099999999998	-1.21105	0.120648	
5	0.336692	0.875732	-0.346024	0.0	0.742589	-0.0209981	0.669419	0.0	0.578965	-0.482342	-0.657378	0.0	-3.03139	-2.1760900000000003	-2.2930599999999997	0.345876	-0.913924	-0.048258300000000004	0.403007	0.0	-0.361482	0.548334	-0.754096	0.0	-0.184591	-0.834866	-0.51858	0.0	3.04045	-2.08015	-1.1734200000000001	0.120307	
5	0.347302	0.894561	-0.281321	0.0	0.728773	-0.06868060000000001	0.681303	0.0	0.590146	-0.441637	-0.6757850000000001	0.0	-3.04372	-2.07881	-2.32306	0.344217	-0.92094	-0.0466198	0.386907	0.0	-0.36643200000000004	0.441553	-0.818999	0.0	-0.132658	-0.8960229999999999	-0.423727	0.0	3.09029	-2.4121	-1.01796	0.12066400000000001	
5	0.346136	0.896508	-0.27652	0.0	0.7287640000000001	-0.0713097	0.681042	0.0	0.590841	-0.437251	-0.678026	0.0	-3.04166	-2.0600099999999997	-2.31917	0.344281	-0.920464	-0.0443744	0.388302	0.0	-0.366681	0.44187299999999996	-0.818715	0.0	-0.13525	-0.8959799999999999	-0.42299899999999996	0.0	3.0878099999999997	-2.43482	-1.00969	0.120145	
5	0.321896	0.912587	-0.252128	0.0	0.722059	-0.0643829	0.688829	0.0	0.612384	-0.40378200000000003	-0.679667	0.0	-3.0238099999999997	-1.91773	-2.3404700000000003	0.343927	-0.907489	-0.046964099999999995	0.417444	0.0	-0.39741	0.418001	-0.816909	0.0	-0.136127	-0.9072319999999999	-0.397995	0.0	2.9903299999999997	-2.62887	-0.999023	0.116927	
2	0.314921	0.9164469999999999	-0.246879	0.0	0.718168	-0.060025999999999996	0.693275	0.0	0.620531	-0.39562800000000004	-0.677067	0.0	-3.0091099999999997	-1.90179	-2.3098400000000003	0.344022	-0.905457	-0.047455699999999996	0.421778	0.0	-0.400124	0.42694899999999997	-0.8109350000000001	0.0	-0.141594	-0.9030290000000001	-0.405573	0.0	2.92883	-2.68256	-1.05434	0.116855	
2	0.31706799999999996	0.9161299999999999	-0.24530500000000002	0.0	0.718907	-0.0634636	0.692203	0.0	0.61858	-0.395827	-0.6787340000000001	0.0	-3.0039	-1.89693	-2.2994	0.343859	-0.903322	-0.0538675	0.425569	0.0	-0.40513699999999997	0.43317799999999995	-0.805122	0.0	-0.140977	-0.899697	-0.41312299999999996	0.0	2.88619	-2.67939	-1.07375	0.115704	
2	0.314846	0.916308	-0.247489	0.0	0.72007	-0.060718799999999996	0.69124	0.0	0.6183609999999999	-0.39584400000000003	-0.6789229999999999	0.0	-3.0098599999999998	-1.8980599999999999	-2.28803	0.343501	-0.895209	-0.06693560000000001	0.440591	0.0	-0.42054300000000006	0.45402299999999995	-0.7854979999999999	0.0	-0.14746099999999998	-0.8884719999999999	-0.434595	0.0	2.87458	-2.67903	-1.12239	0.115749	
2	0.312992	0.9170159999999999	-0.247219	0.0	0.719635	-0.0591114	0.691832	0.0	0.619807	-0.394446	-0.6784180000000001	0.0	-3.01233	-1.89772	-2.2894400000000004	0.34380700000000003	-0.891552	-0.078921	0.44598999999999994	0.0	-0.42698400000000003	0.474889	-0.769523	0.0	-0.151064	-0.8765	-0.457086	0.0	2.87419	-2.6684200000000002	-1.16154	0.115899	
2	0.30728099999999997	0.918538	-0.248731	0.0	0.718429	-0.052514099999999994	0.693615	0.0	0.62405	-0.39183	-0.676041	0.0	-2.9725200000000003	-1.90556	-2.29275	0.344478	-0.8876299999999999	-0.105172	0.44838900000000004	0.0	-0.435539	0.508205	-0.742989	0.0	-0.149732	-0.8547899999999999	-0.49690500000000004	0.0	2.88366	-2.6421099999999997	-1.3046	0.116047	
2	0.307648	0.918358	-0.248941	0.0	0.717244	-0.051911599999999995	0.694886	0.0	0.6252310000000001	-0.392331	-0.674657	0.0	-2.94421	-1.90778	-2.29067	0.344428	-0.88655	-0.105655	0.45040600000000003	0.0	-0.438115	0.504469	-0.74402	0.0	-0.148606	-0.856941	-0.493526	0.0	2.89235	-2.63993	-1.35055	0.11588	
2	0.310554	0.9182799999999999	-0.24559499999999998	0.0	0.717909	-0.0572384	0.6937800000000001	0.0	0.623027	-0.39177199999999995	-0.677017	0.0	-2.93092	-1.91852	-2.23949	0.344617	-0.885618	-0.12230799999999999	0.44802	0.0	-0.44486000000000003	0.5003989999999999	-0.742766	0.0	-0.13334300000000002	-0.8571129999999999	-0.497572	0.0	2.8841	-2.60969	-1.36273	0.11588599999999999	
2	0.310105	0.9187190000000001	-0.244522	0.0	0.718855	-0.0582737	0.692714	0.0	0.62216	-0.39059	-0.678496	0.0	-2.93034	-1.9224900000000003	-2.21279	0.344816	-0.8862389999999999	-0.129144	0.444862	0.0	-0.44525	0.5024390000000001	-0.741153	0.0	-0.1278	-0.8549129999999999	-0.502783	0.0	2.90243	-2.5950900000000003	-1.40412	0.115755	
2	0.30853	0.919243	-0.24454299999999998	0.0	0.718645	-0.056832900000000006	0.693051	0.0	0.623184	-0.38956599999999997	-0.678144	0.0	-2.9325900000000003	-1.92704	-2.19485	0.34529899999999997	-0.874352	-0.148715	0.461945	0.0	-0.473516	0.469868	-0.744988	0.0	-0.106262	-0.8701200000000001	-0.481249	0.0	2.88547	-2.61159	-1.38795	0.115522	
2	0.30809000000000003	0.9192610000000001	-0.245029	0.0	0.717936	-0.0556625	0.69388	0.0	0.624218	-0.38969299999999996	-0.6771199999999999	0.0	-2.93434	-1.9295099999999998	-2.1872700000000003	0.34545	-0.871301	-0.155842	0.465347	0.0	-0.481612	0.453662	-0.749827	0.0	-0.0942552	-0.877442	-0.47033100000000005	0.0	2.87269	-2.6307	-1.36386	0.115673	
2	0.308766	0.919258	-0.244189	0.0	0.717753	-0.0567355	0.693983	0.0	0.624095	-0.389546	-0.677318	0.0	-2.93515	-1.93222	-2.18387	0.34582199999999996	-0.867576	-0.16758199999999998	0.468218	0.0	-0.49173	0.42965699999999996	-0.757361	0.0	-0.0742534	-0.8873049999999999	-0.45516599999999996	0.0	2.85529	-2.65108	-1.34825	0.115623	
