0	0.593132	0.516197	-0.617847	0.0	0.68606	0.077541	0.7234010000000001	0.0	0.42132600000000003	-0.8529530000000001	-0.30815	0.0	-2.7396700000000003	2.0	1.46191	0.0	-0.048286199999999994	0.945734	-0.321336	0.0	0.231321	-0.302377	-0.924694	0.0	-0.971678	-0.11898199999999999	-0.20416800000000002	0.0	2.6414400000000002	2.00799	1.6051600000000001	1.5534500000000002e-05	
0	0.0902865	0.891473	-0.44398699999999997	0.0	0.30094299999999996	0.400546	0.8654459999999999	0.0	0.9493590000000001	-0.21175300000000002	-0.232118	0.0	-2.74887	1.9851299999999998	1.37836	0.0	-0.0498386	0.954108	-0.29528699999999997	0.0	0.19761099999999998	-0.280389	-0.939325	0.0	-0.9790129999999999	-0.10516700000000001	-0.174568	0.0	2.64772	1.98082	1.60564	0.0	
0	0.040463400000000004	0.906597	-0.42005299999999995	0.0	0.20912600000000003	0.403402	0.890805	0.0	0.977051	-0.12388900000000001	-0.17327	0.0	-2.75546	1.94386	1.3916899999999999	0.0	-0.058967599999999995	0.961124	-0.269746	0.0	0.182027	-0.255334	-0.949564	0.0	-0.981524	-0.105094	-0.159894	0.0	2.6480099999999998	1.966	1.61267	0.0	
0	0.0540061	0.9081809999999999	-0.415079	0.0	0.220756	0.394541	0.891967	0.0	0.973833	-0.139803	-0.179179	0.0	-2.75914	1.9417	1.39883	0.0	-0.05505940000000001	0.973972	-0.219881	0.0	0.139299	-0.210569	-0.9676040000000001	0.0	-0.988719	-0.0839049	-0.12408	0.0	2.65278	1.9288299999999998	1.61161	0.0	
0	0.0890072	0.9262530000000001	-0.366241	0.0	0.261739	0.333027	0.9058620000000001	0.0	0.961026	-0.176488	-0.21279499999999998	0.0	-2.76978	1.9689599999999998	1.40701	0.0	-0.0394951	0.9828040000000001	-0.18037899999999998	0.0	0.13967100000000002	-0.173318	-0.9749120000000001	0.0	-0.98941	-0.06369780000000001	-0.130424	0.0	2.66106	1.8889099999999999	1.58775	0.0325691	
0	0.139031	0.9634969999999999	-0.228789	0.0	0.284215	0.18249	0.941233	0.0	0.948626	-0.19588599999999998	-0.248469	0.0	-2.88781	1.9852299999999998	1.36991	0.348694	-0.05786619999999999	0.996081	-0.0668977	0.0	0.18448499999999998	-0.0551867	-0.9812850000000001	0.0	-0.981131	-0.06912460000000001	-0.180568	0.0	2.69693	1.7592700000000001	1.48179	0.281922	
0	0.219546	0.963525	-0.153033	0.0	0.290236	0.0852525	0.95315	0.0	0.9314309999999999	-0.253676	-0.26093299999999997	0.0	-2.89946	1.8687099999999999	1.30879	0.348169	-0.174757	0.984506	0.0143994	0.0	0.21161999999999997	0.051838999999999996	-0.9759760000000001	0.0	-0.961601	-0.167512	-0.217401	0.0	2.66245	1.53142	1.3764399999999999	0.320011	
0	0.35928499999999997	0.931524	-0.0563748	0.0	0.309952	-0.062131500000000006	0.9487200000000001	0.0	0.880252	-0.35833400000000004	-0.31105	0.0	-2.8872299999999997	1.67275	1.16971	0.349456	-0.238292	0.969723	0.0534261	0.0	0.188	0.10002799999999999	-0.9770620000000001	0.0	-0.952824	-0.222782	-0.206144	0.0	2.56545	1.1848299999999998	1.20442	0.349891	
0	0.41340600000000005	0.9105340000000001	0.00494987	0.0	0.301237	-0.141895	0.942933	0.0	0.859274	-0.38832300000000003	-0.332946	0.0	-2.90362	1.4069399999999999	0.9625040000000001	0.349611	-0.313609	0.94619	0.0798437	0.0	0.160822	0.135797	-0.9775969999999999	0.0	-0.935834	-0.293742	-0.19475599999999998	0.0	2.4020799999999998	0.829879	1.06371	0.355209	
0	0.49978500000000003	0.866067	0.011932799999999999	0.0	0.30795300000000003	-0.190554	0.932124	0.0	0.809556	-0.462186	-0.361944	0.0	-2.92719	1.06559	0.714497	0.349051	-0.363971	0.9281950000000001	0.0773317	0.0	0.140624	0.136837	-0.980561	0.0	-0.920734	-0.346021	-0.180331	0.0	2.19735	0.426208	0.806441	0.357362	
0	0.65049	0.759275	0.0190844	0.0	0.307684	-0.286407	0.90736	0.0	0.6944020000000001	-0.584356	-0.419921	0.0	-2.97974	0.638698	0.303881	0.34925900000000004	-0.511184	0.854951	0.0880316	0.0	0.138536	0.183049	-0.9732940000000001	0.0	-0.848233	-0.48533699999999996	-0.21201399999999998	0.0	1.87845	-0.178472	0.253013	0.357633	
0	0.75336	0.6566770000000001	0.0349925	0.0	0.26318	-0.349837	0.899083	0.0	0.602649	-0.6681239999999999	-0.43637700000000007	0.0	-3.07402	0.349137	-0.0172195	0.349235	-0.611006	0.786022	0.0940217	0.0	0.13621	0.221386	-0.965627	0.0	-0.7798189999999999	-0.5771970000000001	-0.24233200000000002	0.0	1.7259	-0.587804	-0.20134100000000002	0.35738400000000003	
0	0.854311	0.518077	0.041816900000000004	0.0	0.190049	-0.386246	0.9026049999999999	0.0	0.483771	-0.763158	-0.428435	0.0	-3.07038	0.012707600000000001	-0.276192	0.35009	-0.651149	0.754405	0.0829327	0.0	0.127393	0.21636599999999998	-0.967965	0.0	-0.748182	-0.619725	-0.236992	0.0	1.6119700000000001	-0.932472	-0.573541	0.35745	
0	0.926308	0.374949	0.036969800000000004	0.0	0.111974	-0.367657	0.9231959999999999	0.0	0.359743	-0.851024	-0.382548	0.0	-3.08455	-0.333233	-0.45169499999999996	0.34992199999999996	-0.654287	0.752879	0.0712907	0.0	0.123424	0.19931300000000002	-0.972132	0.0	-0.746107	-0.627254	-0.223332	0.0	1.52041	-1.1205200000000002	-0.770767	0.358956	
0	0.965979	0.249545	0.06790560000000001	0.0	0.00723214	-0.288533	0.957443	0.0	0.25851799999999997	-0.9243790000000001	-0.280522	0.0	-3.10133	-0.883677	-0.671485	0.347794	-0.671605	0.738464	0.060153099999999994	0.0	0.125946	0.193794	-0.972924	0.0	-0.730126	-0.645845	-0.22316	0.0	1.4663899999999999	-1.23748	-0.892842	0.35830700000000004	
0	0.9598409999999999	0.230804	0.159484	0.0	-0.108444	-0.21904899999999997	0.969669	0.0	0.258738	-0.948023	-0.185222	0.0	-2.9580599999999997	-1.3143200000000002	-0.7883979999999999	0.34789200000000003	-0.698817	0.7121069999999999	0.06751410000000001	0.0	0.127449	0.216831	-0.9678540000000001	0.0	-0.703855	-0.667748	-0.24228200000000003	0.0	1.4451200000000002	-1.21951	-0.9238930000000001	0.358387	
0	0.952609	0.21106799999999998	0.219058	0.0	-0.182766	-0.178535	0.9668100000000001	0.0	0.24317199999999997	-0.9610290000000001	-0.131499	0.0	-2.82293	-1.65271	-0.856922	0.347794	-0.698621	0.711634	0.07420689999999999	0.0	0.13003599999999998	0.22827199999999997	-0.964874	0.0	-0.703577	-0.664431	-0.25201399999999996	0.0	1.4591399999999999	-1.18267	-0.9460559999999999	0.358743	
0	0.9522780000000001	0.15632200000000002	0.262165	0.0	-0.24375300000000003	-0.127495	0.9614209999999999	0.0	0.18371600000000002	-0.9794430000000001	-0.083307	0.0	-2.76942	-2.09852	-0.995567	0.346544	-0.6993659999999999	0.710673	0.0763608	0.0	0.137209	0.23833200000000002	-0.961442	0.0	-0.701471	-0.661922	-0.264192	0.0	1.46644	-1.1680700000000002	-0.993491	0.358721	
0	0.9404540000000001	0.153677	0.303197	0.0	-0.281011	-0.150366	0.947852	0.0	0.191254	-0.976613	-0.09822710000000001	0.0	-2.67365	-2.40733	-1.12455	0.347095	-0.6788069999999999	0.730121	0.0783904	0.0	0.142538	0.23573200000000002	-0.9613079999999999	0.0	-0.72035	-0.641369	-0.264086	0.0	1.48862	-1.13195	-0.953902	0.358638	
0	0.9346700000000001	0.125849	0.332497	0.0	-0.314772	-0.1418	0.938516	0.0	0.16526	-0.9818629999999999	-0.09292260000000001	0.0	-2.62449	-2.71683	-1.19781	0.347049	-0.6455960000000001	0.756907	0.10148	0.0	0.158966	0.263167	-0.9515629999999999	0.0	-0.746951	-0.598194	-0.290222	0.0	1.49871	-1.0308	-1.02027	0.359116	
0	0.954047	0.055445600000000005	0.294483	0.0	-0.28743	-0.108546	0.9516309999999999	0.0	0.08472869999999999	-0.9925440000000001	-0.08762110000000001	0.0	-2.7448200000000003	-2.99475	-1.28976	0.345342	-0.630884	0.765676	0.125407	0.0	0.166965	0.291823	-0.941787	0.0	-0.7577	-0.5732189999999999	-0.311947	0.0	1.52035	-1.00874	-1.16591	0.35874	
0	0.9669780000000001	0.013373	0.25451	0.0	-0.251569	-0.109912	0.961578	0.0	0.0408328	-0.993851	-0.10291800000000001	0.0	-2.92509	-3.21795	-1.47532	0.34481100000000003	-0.6043390000000001	0.785509	0.133231	0.0	0.167017	0.28841	-0.9428280000000001	0.0	-0.779025	-0.547536	-0.305491	0.0	1.40806	-0.965519	-1.24953	0.358952	
0	0.9696459999999999	-0.00687078	0.244417	0.0	-0.242986	-0.138626	0.960073	0.0	0.027286	-0.9903209999999999	-0.13608800000000001	0.0	-3.02026	-3.31566	-1.60909	0.348353	-0.594609	0.793678	0.128511	0.0	0.167595	0.278677	-0.945649	0.0	-0.786354	-0.540754	-0.29872	0.0	1.3352899999999999	-0.9375	-1.27055	0.359013	
0	0.97367	-0.00659125	0.227865	0.0	-0.226623	-0.13611099999999998	0.964425	0.0	0.024658199999999998	-0.9906719999999999	-0.134021	0.0	-3.07638	-3.3745800000000004	-1.66688	0.314679	-0.59325	0.796096	0.119519	0.0	0.16322899999999999	0.264341	-0.950516	0.0	-0.788296	-0.544385	-0.28676599999999997	0.0	1.28445	-0.8984530000000001	-1.2410700000000001	0.359191	
0	0.976059	-0.00928877	0.217308	0.0	-0.216442	-0.140185	0.9661790000000001	0.0	0.0214886	-0.990082	-0.13883900000000002	0.0	-3.06507	-3.39454	-1.68777	0.324804	-0.595126	0.796058	0.110073	0.0	0.16111	0.252374	-0.9541229999999999	0.0	-0.787317	-0.55009	-0.27844800000000003	0.0	1.28467	-0.857981	-1.20276	0.359172	
0	0.9876159999999999	0.00519349	0.156802	0.0	-0.15476900000000002	-0.131443	0.979168	0.0	0.025695799999999998	-0.99131	-0.129012	0.0	-3.06771	-3.47191	-1.6615099999999998	0.324414	-0.5914520000000001	0.79904	0.10826199999999998	0.0	0.164931	0.251306	-0.953752	0.0	-0.789293	-0.546242	-0.280422	0.0	1.30596	-0.792324	-1.1594799999999998	0.358718	
0	0.9912700000000001	0.0463135	0.123446	0.0	-0.11872100000000001	-0.09372960000000001	0.9884940000000001	0.0	0.05735119999999999	-0.9945200000000001	-0.08741289999999999	0.0	-3.04109	-3.58495	-1.5979700000000001	0.32936	-0.587105	0.802007	0.10996600000000001	0.0	0.16175499999999998	0.249329	-0.9548139999999999	0.0	-0.793186	-0.5427890000000001	-0.27610999999999997	0.0	1.30761	-0.752275	-1.12182	0.359023	
0	0.990785	0.0631133	0.119841	0.0	-0.114604	-0.0809312	0.990109	0.0	0.072188	-0.99472	-0.07295239999999999	0.0	-2.9607900000000003	-3.61865	-1.55508	0.337278	-0.5890029999999999	0.800888	0.10795199999999999	0.0	0.164425	0.24955500000000003	-0.954299	0.0	-0.791227	-0.544335	-0.278675	0.0	1.30945	-0.736596	-1.1017	0.35886399999999996	
0	0.9887299999999999	0.0865112	0.122181	0.0	-0.115836	-0.0749302	0.9904379999999999	0.0	0.09483899999999999	-0.9934290000000001	-0.0640646	0.0	-2.92814	-3.6193199999999996	-1.52641	0.33692300000000003	-0.58519	0.804059	0.105077	0.0	0.16228800000000002	0.243089	-0.956332	0.0	-0.794491	-0.542583	-0.272742	0.0	1.32572	-0.715797	-1.0648600000000001	0.358718	
0	0.9854799999999999	0.104352	0.133943	0.0	-0.126702	-0.07320360000000001	0.989236	0.0	0.113034	-0.991843	-0.058919000000000006	0.0	-2.89744	-3.6179099999999997	-1.5125600000000001	0.328716	-0.5817720000000001	0.806441	0.105808	0.0	0.163415	0.243329	-0.9560790000000001	0.0	-0.796767	-0.538929	-0.273346	0.0	1.3166799999999999	-0.693462	-1.03577	0.358494	
0	0.982101	0.12036199999999998	0.14488399999999999	0.0	-0.135628	-0.0818681	0.9873719999999999	0.0	0.13070299999999999	-0.9893489999999999	-0.0640783	0.0	-2.90702	-3.6150900000000004	-1.5021	0.325252	-0.58058	0.807034	0.10781700000000001	0.0	0.160931	0.24355100000000002	-0.9564440000000001	0.0	-0.798141	-0.53794	-0.271278	0.0	1.31742	-0.673953	-1.0076200000000002	0.35870599999999997	
0	0.9802	0.118248	0.158824	0.0	-0.147015	-0.10271	0.9837870000000001	0.0	0.132644	-0.987658	-0.08329260000000001	0.0	-2.90505	-3.61122	-1.48728	0.324169	-0.580234	0.807631	0.10516800000000001	0.0	0.161917	0.240938	-0.956939	0.0	-0.798193	-0.53822	-0.27057	0.0	1.3191700000000002	-0.667509	-0.9893620000000001	0.358404	
0	0.979483	0.121959	0.160432	0.0	-0.151255	-0.0811663	0.985157	0.0	0.133171	-0.9892110000000001	-0.06105409999999999	0.0	-2.90886	-3.60509	-1.47739	0.269491	-0.580724	0.807208	0.10571199999999999	0.0	0.161584	0.24155500000000002	-0.9568399999999999	0.0	-0.797904	-0.538578	-0.27070900000000003	0.0	1.32102	-0.6594899999999999	-0.952034	0.358358	
0	0.9796389999999999	0.119824	0.16109	0.0	-0.1517	-0.0837983	0.9848680000000001	0.0	0.13151	-0.989252	-0.06391480000000001	0.0	-2.89545	-3.5893599999999997	-1.48309	0.136322	-0.5760109999999999	0.810483	0.10643499999999999	0.0	0.159053	0.238839	-0.957945	0.0	-0.801819	-0.534858	-0.266484	0.0	1.33391	-0.6276109999999999	-0.918876	0.358086	
0	0.9776729999999999	0.120475	0.172165	0.0	-0.16426	-0.07280160000000001	0.983727	0.0	0.131048	-0.990043	-0.051386900000000006	0.0	-2.89325	-3.59	-1.49347	0.136277	-0.57308	0.812801	0.104565	0.0	0.159715	0.23592600000000002	-0.958556	0.0	-0.8037850000000001	-0.532629	-0.265021	0.0	1.33134	-0.60539	-0.8765799999999999	0.35804600000000003	
0	0.9775469999999999	0.125661	0.169147	0.0	-0.16254000000000002	-0.061164800000000005	0.9848040000000001	0.0	0.134097	-0.990186	-0.0393665	0.0	-2.8954	-3.5909800000000005	-1.50683	0.13630599999999998	-0.569401	0.814929	0.108051	0.0	0.156392	0.236423	-0.958982	0.0	-0.8070470000000001	-0.529146	-0.26206799999999997	0.0	1.32528	-0.594961	-0.8507170000000001	0.357783	
0	0.9795940000000001	0.14505	0.139123	0.0	-0.131205	-0.0628434	0.9893620000000001	0.0	0.15225	-0.987427	-0.0425297	0.0	-2.91249	-3.59197	-1.51826	0.13637	-0.568628	0.8152229999999999	0.10988599999999998	0.0	0.155194	0.237504	-0.958909	0.0	-0.807823	-0.528208	-0.261569	0.0	1.3145	-0.586546	-0.827968	0.358016	
0	0.979168	0.178358	0.0970499	0.0	-0.0730459	-0.136551	0.987936	0.0	0.189459	-0.9744450000000001	-0.120678	0.0	-2.8104299999999998	-3.5831	-1.7177200000000001	0.136153	-0.5688850000000001	0.814833	0.111436	0.0	0.154573	0.239019	-0.958633	0.0	-0.807761	-0.528126	-0.26192600000000005	0.0	1.30898	-0.599066	-0.815153	0.35790900000000003	
0	0.9762850000000001	0.203873	0.0728198	0.0	-0.0358365	-0.179536	0.983099	0.0	0.21350100000000002	-0.9623950000000001	-0.167972	0.0	-2.76183	-3.33785	-1.70307	0.13577999999999998	-0.56787	0.8150390000000001	0.115047	0.0	0.157907	0.245044	-0.956566	0.0	-0.80783	-0.525039	-0.267853	0.0	1.31059	-0.612561	-0.803354	0.357871	
0	0.9725520000000001	0.226392	0.0537425	0.0	0.00449178	-0.249192	0.9684440000000001	0.0	0.23264	-0.9416209999999999	-0.243369	0.0	-2.75852	-2.87102	-1.6440400000000002	0.135712	-0.569601	0.8129350000000001	0.12120999999999998	0.0	0.16383	0.256807	-0.952476	0.0	-0.8054279999999999	-0.522674	-0.279461	0.0	1.32966	-0.620433	-0.81135	0.357581	
0	0.964023	0.258151	0.0633909	0.0	0.0333514	-0.354051	0.934631	0.0	0.26371999999999995	-0.898892	-0.349923	0.0	-2.7789099999999998	-2.22993	-1.73155	0.13608199999999998	-0.5641109999999999	0.8157270000000001	0.127936	0.0	0.17025099999999999	0.266522	-0.948673	0.0	-0.807956	-0.513376	-0.28922600000000004	0.0	1.35469	-0.643968	-0.8467899999999999	0.357619	
0	0.9428700000000001	0.32098000000000004	0.0892572	0.0	0.0513461	-0.404712	0.9130010000000001	0.0	0.329179	-0.856259	-0.398072	0.0	-2.7655	-1.56445	-1.66186	0.136079	-0.546035	0.827343	0.13172	0.0	0.186025	0.273042	-0.943845	0.0	-0.8168479999999999	-0.49086899999999994	-0.302996	0.0	1.39056	-0.6629550000000001	-0.890252	0.357304	
1	0.904532	0.41009700000000004	0.116801	0.0	0.0605489	-0.39467399999999997	0.916824	0.0	0.42208500000000004	-0.822224	-0.381826	0.0	-2.70369	-1.0423	-1.4098	0.135917	-0.471996	0.8741129999999999	0.11466199999999999	0.0	0.23381999999999997	0.249523	-0.939716	0.0	-0.8500280000000001	-0.416732	-0.32215900000000003	0.0	1.43909	-0.677539	-0.9781350000000001	0.35786	
1	0.82583	0.555763	0.0955684	0.0	0.118599	-0.33685	0.934059	0.0	0.551307	-0.760039	-0.344094	0.0	-2.68693	-0.659866	-1.21624	0.13609200000000002	-0.372965	0.92732	0.031206499999999998	0.0	0.321974	0.160894	-0.9329770000000001	0.0	-0.870189	-0.33792	-0.358581	0.0	1.47729	-0.728489	-1.13495	0.35832600000000003	
1	0.686878	0.726073	0.0318831	0.0	0.185503	-0.217569	0.958255	0.0	0.702699	-0.6522899999999999	-0.284132	0.0	-2.6804900000000003	-0.43244799999999994	-1.05334	0.135923	-0.26519000000000004	0.9620569999999999	-0.0641998	0.0	0.381112	0.043425599999999995	-0.923509	0.0	-0.8856790000000001	-0.269372	-0.378168	0.0	1.47785	-0.856764	-1.30205	0.358696	
1	0.46524099999999996	0.882215	-0.07243480000000001	0.0	0.15833	-0.00242616	0.987383	0.0	0.870909	-0.47084	-0.14081	0.0	-2.57404	-0.404265	-1.00346	0.13608199999999998	-0.24741999999999997	0.9688389999999999	-0.011587899999999998	0.0	0.395704	0.09012250000000001	-0.9139459999999999	0.0	-0.8844219999999999	-0.23071399999999997	-0.405672	0.0	1.4197799999999998	-1.09171	-1.42899	0.358576	
1	0.223627	0.9370649999999999	-0.268142	0.0	0.0598232	0.261394	0.963377	0.0	0.9728370000000001	-0.23147800000000002	0.00239646	0.0	-2.3853299999999997	-0.47933000000000003	-0.966334	0.13608900000000002	-0.363388	0.9178729999999999	0.159557	0.0	0.32844	0.286485	-0.9000299999999999	0.0	-0.8718239999999999	-0.27465500000000004	-0.405571	0.0	1.3043	-1.3574899999999999	-1.46076	0.358531	
1	0.060932400000000005	0.8965360000000001	-0.43876000000000004	0.0	-0.0232957	0.44073500000000004	0.897335	0.0	0.99787	-0.0444556	0.0477405	0.0	-2.26441	-0.568401	-1.0468600000000001	0.13608800000000001	-0.480116	0.812463	0.33074499999999996	0.0	0.22625	0.47898	-0.848168	0.0	-0.847526	-0.332387	-0.413786	0.0	1.187	-1.5714	-1.45738	0.358136	
1	-0.0200463	0.826735	-0.562234	0.0	-0.134911	0.554967	0.82086	0.0	0.990655	0.0923067	0.100411	0.0	-2.1665200000000002	-0.6817840000000001	-1.11105	0.135927	-0.503695	0.7462310000000001	0.435237	0.0	0.146764	0.570409	-0.808142	0.0	-0.851324	-0.34318000000000004	-0.396832	0.0	1.03589	-1.7011599999999998	-1.41931	0.35839299999999996	
1	-0.0602367	0.772108	-0.63263	0.0	-0.23239	0.605518	0.761146	0.0	0.9707549999999999	0.192866	0.142956	0.0	-2.12418	-0.798009	-1.17845	0.135925	-0.553976	0.632145	0.54176	0.0	0.0480166	0.673914	-0.7372479999999999	0.0	-0.831147	-0.382404	-0.403686	0.0	0.8394590000000001	-1.7507700000000002	-1.30837	0.3578	
1	-0.07069360000000001	0.709411	-0.701241	0.0	-0.265872	0.664168	0.698708	0.0	0.961413	0.23583400000000002	0.14165999999999998	0.0	-2.10834	-0.901225	-1.26004	0.135208	-0.5745319999999999	0.548316	0.607671	0.0	-0.00555444	0.7398060000000001	-0.672797	0.0	-0.8184640000000001	-0.389918	-0.421997	0.0	0.680886	-1.71918	-1.21748	0.357673	
1	-0.0880874	0.651921	-0.753154	0.0	-0.27707800000000005	0.710217	0.647162	0.0	0.956801	0.265689	0.118072	0.0	-2.11046	-0.950008	-1.31513	0.135285	-0.578328	0.503862	0.641608	0.0	-0.0368246	0.769548	-0.6375270000000001	0.0	-0.814973	-0.392326	-0.426496	0.0	0.58628	-1.6846400000000001	-1.13081	0.357504	
1	-0.139104	0.562246	-0.815187	0.0	-0.29807100000000003	0.761242	0.5759029999999999	0.0	0.9443540000000001	0.323094	0.061697800000000004	0.0	-2.11859	-0.936217	-1.39636	0.134903	-0.585651	0.47457299999999997	0.6571100000000001	0.0	-0.039451599999999996	0.793033	-0.607899	0.0	-0.809603	-0.381941	-0.445718	0.0	0.468808	-1.61924	-1.0419200000000002	0.357275	
1	-0.139272	0.539609	-0.830317	0.0	-0.283665	0.78161	0.555535	0.0	0.9487559999999999	0.31290300000000004	0.044211900000000005	0.0	-2.12235	-0.9551	-1.41137	0.135184	-0.601579	0.455736	0.656054	0.0	-0.027305	0.809075	-0.587071	0.0	-0.798346	-0.371083	-0.474279	0.0	0.395336	-1.56234	-1.00921	0.35738000000000003	
1	-0.15254	0.519162	-0.8409540000000001	0.0	-0.283638	0.792118	0.540462	0.0	0.9467209999999999	0.320968	0.0264248	0.0	-2.08909	-0.978476	-1.43206	0.135205	-0.616242	0.45646899999999996	0.64178	0.0	-0.00492708	0.81265	-0.5827319999999999	0.0	-0.787542	-0.362266	-0.49854	0.0	0.378949	-1.49405	-1.03315	0.35738000000000003	
1	-0.15908699999999998	0.494001	-0.854783	0.0	-0.28102699999999997	0.807333	0.518881	0.0	0.946422	0.322765	0.010391200000000001	0.0	-2.04082	-1.0112700000000001	-1.4465299999999999	0.135273	-0.609733	0.463243	0.643142	0.0	0.00395496	0.813194	-0.581979	0.0	-0.792597	-0.35230900000000004	-0.49766400000000005	0.0	0.353147	-1.4980200000000001	-1.0303200000000001	0.357322	
1	-0.181147	0.439259	-0.879908	0.0	-0.299063	0.827734	0.474782	0.0	0.936882	0.34915300000000005	-0.0185753	0.0	-1.97669	-1.0079200000000001	-1.4780799999999998	0.135205	-0.625482	0.461183	0.629352	0.0	0.023721700000000002	0.817481	-0.5754670000000001	0.0	-0.779879	-0.345014	-0.522259	0.0	0.326421	-1.4913100000000001	-1.05386	0.35684499999999997	
1	-0.180517	0.409681	-0.8941899999999999	0.0	-0.29578499999999996	0.8444309999999999	0.446596	0.0	0.9380430000000001	0.34510599999999997	-0.0312567	0.0	-1.90905	-1.07423	-1.49056	0.135327	-0.632989	0.46155	0.621528	0.0	0.0421485	0.8221959999999999	-0.567641	0.0	-0.7730130000000001	-0.33311399999999997	-0.539895	0.0	0.319841	-1.46546	-1.08694	0.356408	
1	-0.18215499999999998	0.395374	-0.900278	0.0	-0.307604	0.846725	0.434093	0.0	0.933916	0.356001	-0.0326166	0.0	-1.8358400000000001	-1.10144	-1.4747700000000001	0.135272	-0.628811	0.46716599999999997	0.6215729999999999	0.0	0.0557827	0.824434	-0.5632020000000001	0.0	-0.775555	-0.319474	-0.544474	0.0	0.299279	-1.45666	-1.09285	0.355427	
1	-0.195961	0.324385	-0.9254049999999999	0.0	-0.34783800000000004	0.8593430000000001	0.37488499999999997	0.0	0.916847	0.395353	-0.0555646	0.0	-1.73465	-1.07598	-1.48109	0.13519	-0.621112	0.4691	0.627826	0.0	0.058626300000000006	0.8266479999999999	-0.559657	0.0	-0.781526	-0.310802	-0.540942	0.0	0.241135	-1.482	-1.0455299999999998	0.35543800000000003	
1	-0.20707399999999998	0.25856999999999997	-0.9435370000000001	0.0	-0.347568	0.882081	0.318008	0.0	0.9145040000000001	0.39379400000000003	-0.0927855	0.0	-1.6529099999999999	-1.0385	-1.46381	0.135088	-0.6268699999999999	0.477417	0.615717	0.0	0.075168	0.823641	-0.5621079999999999	0.0	-0.775489	-0.306087	-0.5522020000000001	0.0	0.21254499999999998	-1.48989	-1.03331	0.355244	
1	-0.206319	0.248995	-0.946274	0.0	-0.357167	0.881187	0.309743	0.0	0.910969	0.401883	-0.0928733	0.0	-1.60843	-1.0547	-1.44729	0.135025	-0.627225	0.477721	0.615119	0.0	0.07740169999999999	0.8241149999999999	-0.561109	0.0	-0.774982	-0.30433000000000004	-0.553882	0.0	0.20346199999999998	-1.48958	-1.03102	0.354758	
1	-0.20416900000000002	0.225838	-0.9525290000000001	0.0	-0.379013	0.8789020000000001	0.289621	0.0	0.902588	0.420153	-0.0938486	0.0	-1.5242799999999999	-1.05958	-1.43528	0.13508	-0.621704	0.482037	0.6173529999999999	0.0	0.0841776	0.8247469999999999	-0.5592020000000001	0.0	-0.778716	-0.295691	-0.553325	0.0	0.195231	-1.50419	-1.0200799999999999	0.35401	
1	-0.205641	0.161656	-0.965183	0.0	-0.41398599999999997	0.8792989999999999	0.235475	0.0	0.8867510000000001	0.447996	-0.113897	0.0	-1.44149	-0.9878549999999999	-1.41764	0.13506400000000002	-0.614167	0.489016	0.619404	0.0	0.08745689999999999	0.8222149999999999	-0.5624170000000001	0.0	-0.784315	-0.291247	-0.5477449999999999	0.0	0.173451	-1.52932	-0.98214	0.354047	
1	-0.204355	0.0936815	-0.974404	0.0	-0.44228	0.879181	0.177283	0.0	0.873286	0.467188	-0.138231	0.0	-1.4194200000000001	-0.965541	-1.4088399999999999	0.134388	-0.61598	0.485759	0.620166	0.0	0.08533020000000001	0.8237629999999999	-0.560476	0.0	-0.783126	-0.292323	-0.548872	0.0	0.180087	-1.48394	-0.94937	0.355087	
1	-0.211878	0.036124800000000006	-0.9766290000000001	0.0	-0.461916	0.876948	0.132649	0.0	0.861244	0.47922600000000004	-0.16911900000000002	0.0	-1.41622	-0.971032	-1.41885	0.13464500000000001	-0.617678	0.48526	0.6188670000000001	0.0	0.08625260000000001	0.8239850000000001	-0.560008	0.0	-0.781687	-0.292526	-0.550813	0.0	0.190207	-1.45526	-0.956367	0.35281	
1	-0.20907399999999998	0.0224201	-0.977643	0.0	-0.46607299999999996	0.8766010000000001	0.119775	0.0	0.8596889999999999	0.480695	-0.172825	0.0	-1.41323	-0.9921780000000001	-1.40719	0.13430899999999998	-0.614829	0.487825	0.619687	0.0	0.0832586	0.8215030000000001	-0.564092	0.0	-0.784253	-0.29522600000000004	-0.5457	0.0	0.20413900000000001	-1.4478799999999998	-0.944254	0.31587	
1	-0.200047	0.00325158	-0.9797809999999999	0.0	-0.47451400000000005	0.874574	0.0997864	0.0	0.857215	0.48488100000000006	-0.173413	0.0	-1.4230399999999999	-1.05392	-1.3952200000000001	0.136467	-0.6063189999999999	0.496436	0.621232	0.0	0.0813221	0.815817	-0.572563	0.0	-0.791053	-0.296636	-0.535017	0.0	0.210831	-1.43686	-0.9375530000000001	0.198171	
1	-0.201259	-0.0124417	-0.979459	0.0	-0.479177	0.87336	0.0873669	0.0	0.854333	0.486917	-0.181733	0.0	-1.40577	-1.06472	-1.36219	0.135537	-0.598939	0.5130239999999999	0.614881	0.0	0.0884272	0.8055140000000001	-0.585943	0.0	-0.7958970000000001	-0.296572	-0.5278189999999999	0.0	0.228214	-1.44836	-0.901233	0.198033	
1	-0.196933	-0.0265393	-0.980058	0.0	-0.479914	0.874293	0.0727585	0.0	0.854927	0.48467200000000005	-0.18491300000000002	0.0	-1.37765	-1.05974	-1.33431	0.135129	-0.596304	0.527816	0.604841	0.0	0.096411	0.795087	-0.598784	0.0	-0.796949	-0.298744	-0.525	0.0	0.251139	-1.44908	-0.860392	0.19785999999999998	
1	-0.188196	-0.0364274	-0.981456	0.0	-0.48003199999999996	0.8752260000000001	0.0595625	0.0	0.856826	0.48234	-0.182201	0.0	-1.3518700000000001	-1.0641100000000001	-1.31274	0.13610899999999998	-0.596407	0.53989	0.5939840000000001	0.0	0.107182	0.786938	-0.6076520000000001	0.0	-0.7954939999999999	-0.298743	-0.5272020000000001	0.0	0.270491	-1.46538	-0.820092	0.198331	
1	-0.186063	-0.0375077	-0.981822	0.0	-0.479962	0.875402	0.057514300000000004	0.0	0.857332	0.48193800000000003	-0.180882	0.0	-1.32277	-1.0673700000000002	-1.29861	0.136446	-0.5973149999999999	0.542212	0.590951	0.0	0.108177	0.784575	-0.610524	0.0	-0.794678	-0.300748	-0.527293	0.0	0.297782	-1.47122	-0.801772	0.198472	
1	-0.16173800000000002	-0.029578899999999998	-0.98639	0.0	-0.46349700000000005	0.884716	0.049469599999999996	0.0	0.8712129999999999	0.46518999999999994	-0.156802	0.0	-1.33303	-1.05792	-1.3162	0.142318	-0.590933	0.542903	0.596704	0.0	0.07285189999999998	0.772556	-0.630753	0.0	-0.803425	-0.329261	-0.49608	0.0	0.313056	-1.44707	-0.81109	0.197577	
1	-0.15554	-0.0584347	-0.9861	0.0	-0.515504	0.856342	0.030566200000000005	0.0	0.8426530000000001	0.513092	-0.163319	0.0	-1.23481	-0.927293	-1.33561	0.29630500000000004	-0.606703	0.5242640000000001	0.597544	0.0	0.0587052	0.779192	-0.624031	0.0	-0.792758	-0.343522	-0.5035149999999999	0.0	0.312591	-1.46348	-0.825916	0.197604	
1	-0.173655	-0.0454236	-0.983758	0.0	-0.51089	0.858158	0.0505591	0.0	0.841924	0.511372	-0.17223	0.0	-1.23367	-0.882726	-1.335	0.30291999999999997	-0.6181760000000001	0.513092	0.595479	0.0	0.065057	0.788366	-0.6117560000000001	0.0	-0.783343	-0.339433	-0.520729	0.0	0.31592800000000004	-1.43535	-0.8342459999999999	0.197497	
1	-0.171743	-0.0386042	-0.9843850000000001	0.0	-0.5030319999999999	0.862583	0.05393490000000001	0.0	0.847032	0.50444	-0.167561	0.0	-1.2934700000000001	-0.87877	-1.33631	0.306367	-0.639945	0.493329	0.5891489999999999	0.0	0.067209	0.799697	-0.59663	0.0	-0.765476	-0.342215	-0.5449189999999999	0.0	0.393502	-1.40574	-0.894284	0.19750399999999999	
1	-0.17791500000000002	-0.0324665	-0.98351	0.0	-0.495486	0.8664700000000001	0.0610294	0.0	0.8502	0.498173	-0.170245	0.0	-1.4547700000000001	-0.812769	-1.3166	0.306116	-0.6684640000000001	0.46860799999999997	0.577549	0.0	0.0658459	0.8107810000000001	-0.581635	0.0	-0.7408239999999999	-0.350773	-0.572833	0.0	0.579431	-1.36873	-1.0005	0.197569	
1	-0.189547	-0.00941643	-0.981827	0.0	-0.48235900000000004	0.8718629999999999	0.08476	0.0	0.8552209999999999	0.489658	-0.169801	0.0	-1.5818299999999998	-0.786754	-1.3258	0.306015	-0.693068	0.437112	0.573229	0.0	0.06732339999999999	0.830959	-0.552245	0.0	-0.717722	-0.34415100000000004	-0.6053390000000001	0.0	0.7840239999999999	-1.2866	-1.08907	0.197497	
5	-0.198707	0.0182614	-0.9798889999999999	0.0	-0.467304	0.8770870000000001	0.111108	0.0	0.861477	0.479983	-0.16575	0.0	-1.63975	-0.817369	-1.33184	0.308668	-0.715526	0.414836	0.562079	0.0	0.064786	0.840533	-0.5378729999999999	0.0	-0.695575	-0.348448	-0.6282989999999999	0.0	0.946081	-1.23983	-1.15771	0.197509	
5	-0.20849299999999998	0.11141	-0.971658	0.0	-0.40120500000000003	0.896308	0.188859	0.0	0.8919450000000001	0.429209	-0.142176	0.0	-1.7107299999999999	-0.917545	-1.3193700000000002	0.31840100000000005	-0.754691	0.375107	0.538271	0.0	0.0439449	0.8474940000000001	-0.528983	0.0	-0.6546069999999999	-0.375564	-0.65608	0.0	1.2029299999999998	-1.1569	-1.19383	0.19756600000000002	
5	-0.207382	0.287591	-0.935032	0.0	-0.222597	0.916866	0.33137300000000003	0.0	0.952598	0.276856	-0.126124	0.0	-1.7771099999999997	-1.0749799999999998	-1.31067	0.334944	-0.778825	0.356703	0.515941	0.0	-6.67423e-05	0.822509	-0.568753	0.0	-0.627242	-0.442993	-0.640567	0.0	1.40891	-1.13879	-1.1840700000000002	0.197505	
5	-0.153257	0.6262260000000001	-0.76443	0.0	0.115646	0.779619	0.615484	0.0	0.9813959999999999	0.00592428	-0.191902	0.0	-1.8737	-1.37507	-1.37584	0.362166	-0.822033	0.26775	0.502566	0.0	-0.161102	0.737153	-0.6562399999999999	0.0	-0.546177	-0.6204149999999999	-0.562829	0.0	1.53044	-1.31158	-1.0911899999999999	0.19758399999999998	
5	0.00184324	0.8306610000000001	-0.556775	0.0	0.37935599999999997	0.5145770000000001	0.7689600000000001	0.0	0.925249	-0.212633	-0.314168	0.0	-2.05079	-1.81919	-1.6678400000000002	0.35919	-0.8459840000000001	0.107097	0.522342	0.0	-0.337093	0.651595	-0.679553	0.0	-0.413133	-0.750969	-0.515137	0.0	1.75099	-1.56588	-1.10293	0.19756500000000002	
5	0.128778	0.878893	-0.45930699999999997	0.0	0.47664700000000004	0.351296	0.8058529999999999	0.0	0.869611	-0.322703	-0.373683	0.0	-2.1903	-1.93255	-1.82008	0.349022	-0.854791	0.0326986	0.517942	0.0	-0.417312	0.549992	-0.723436	0.0	-0.308519	-0.8345299999999999	-0.45648199999999994	0.0	1.95585	-1.85949	-1.2141899999999999	0.19752	
5	0.305042	0.885143	-0.35138600000000003	0.0	0.5392	0.143611	0.829843	0.0	0.784992	-0.442604	-0.433462	0.0	-2.36375	-2.0220599999999997	-1.9496900000000001	0.34730700000000003	-0.8738549999999999	0.0214562	0.48571400000000003	0.0	-0.424309	0.454075	-0.7834399999999999	0.0	-0.23736	-0.890705	-0.387691	0.0	2.17787	-2.2607	-1.3202200000000002	0.197551	
5	0.478127	0.834706	-0.273239	0.0	0.554517	-0.045633099999999996	0.8309200000000001	0.0	0.6811050000000001	-0.548801	-0.484678	0.0	-2.5499400000000003	-2.0765700000000002	-2.0503099999999996	0.34676599999999996	-0.892117	0.000551239	0.451805	0.0	-0.416811	0.384884	-0.8234879999999999	0.0	-0.174347	-0.9229649999999999	-0.343132	0.0	2.33976	-2.61888	-1.4001700000000001	0.197525	
5	0.535942	0.806693	-0.24902399999999997	0.0	0.552795	-0.11236600000000001	0.825707	0.0	0.6381100000000001	-0.58019	-0.506157	0.0	-2.6884	-2.10183	-2.1097799999999998	0.34641900000000003	-0.890242	-0.0249338	0.45480600000000004	0.0	-0.42487700000000006	0.405327	-0.809438	0.0	-0.164163	-0.913832	-0.371433	0.0	2.33137	-2.67034	-1.3849200000000002	0.197435	
5	0.536851	0.806658	-0.24717199999999998	0.0	0.551225	-0.113575	0.826591	0.0	0.638704	-0.5800029999999999	-0.5056229999999999	0.0	-2.76341	-2.11877	-2.14447	0.34574499999999997	-0.8985569999999999	-0.0645524	0.434083	0.0	-0.41813900000000004	0.426255	-0.802164	0.0	-0.133249	-0.9022969999999999	-0.41000600000000004	0.0	2.29006	-2.73317	-1.39786	0.19707	
5	0.556639	0.796682	-0.23548200000000002	0.0	0.545632	-0.136854	0.826775	0.0	0.62645	-0.588701	-0.5108729999999999	0.0	-2.79205	-2.14965	-2.13334	0.3462	-0.903017	-0.10104400000000001	0.41755200000000003	0.0	-0.41493500000000005	0.456952	-0.78678	0.0	-0.111302	-0.883734	-0.45456199999999997	0.0	2.26861	-2.77516	-1.42016	0.19714	
5	0.5586800000000001	0.7944640000000001	-0.23812600000000003	0.0	0.547686	-0.137786	0.825261	0.0	0.622829	-0.591475	-0.512095	0.0	-2.78872	-2.15645	-2.12521	0.345199	-0.896538	-0.105358	0.430255	0.0	-0.42742700000000006	0.46077799999999997	-0.7778109999999999	0.0	-0.116303	-0.8812399999999999	-0.458138	0.0	2.26162	-2.79577	-1.42503	0.196846	
5	0.566566	0.789858	-0.23479099999999997	0.0	0.544855	-0.14533800000000002	0.825839	0.0	0.618171	-0.595819	-0.512702	0.0	-2.7875099999999997	-2.15873	-2.1248099999999996	0.34505	-0.888862	-0.122548	0.441483	0.0	-0.442091	0.482475	-0.756158	0.0	-0.12033900000000002	-0.867295	-0.48303	0.0	2.27101	-2.83615	-1.37986	0.19705599999999998	
5	0.569709	0.789665	-0.22773000000000002	0.0	0.541995	-0.152704	0.826392	0.0	0.617797	-0.594232	-0.514991	0.0	-2.75176	-2.16485	-2.1231299999999997	0.345427	-0.8895649999999999	-0.0821076	0.44937	0.0	-0.41019399999999995	0.576495	-0.706678	0.0	-0.201036	-0.8129649999999999	-0.54651	0.0	2.30652	-2.83711	-1.3718700000000001	0.197012	
5	0.571484	0.788532	-0.227208	0.0	0.5428729999999999	-0.15565199999999998	0.8252639999999999	0.0	0.615382	-0.594971	-0.517025	0.0	-2.78105	-2.15741	-2.13289	0.34469099999999997	-0.904112	-0.028394599999999996	0.42635	0.0	-0.362413	0.57953	-0.729932	0.0	-0.226357	-0.8144560000000001	-0.534251	0.0	2.3267700000000002	-2.7156	-1.40295	0.197262	
5	0.572808	0.7885810000000001	-0.223677	0.0	0.54351	-0.161128	0.823793	0.0	0.613587	-0.593446	-0.520897	0.0	-2.8002700000000003	-2.16071	-2.1341799999999997	0.345142	-0.918645	-0.018301400000000002	0.39465900000000004	0.0	-0.33310100000000004	0.573034	-0.748783	0.0	-0.21244899999999997	-0.819327	-0.532511	0.0	2.82848	-2.44615	-1.72948	0.197495	
5	0.57345	0.790327	-0.21572800000000003	0.0	0.541325	-0.167891	0.823881	0.0	0.614916	-0.589234	-0.524101	0.0	-2.82292	-2.1876599999999997	-2.1131	0.34577399999999997	-0.921982	0.0283055	0.386198	0.0	-0.295238	0.593961	-0.748362	0.0	-0.25056999999999996	-0.803996	-0.5392640000000001	0.0	3.01759	-2.1038099999999997	-1.8174099999999997	0.197602	
5	0.571829	0.791918	-0.214191	0.0	0.5410739999999999	-0.16781500000000002	0.8240620000000001	0.0	0.616645	-0.587116	-0.524447	0.0	-2.8151900000000003	-2.21577	-2.0987400000000003	0.346037	-0.9234969999999999	0.0669177	0.377724	0.0	-0.259666	0.615732	-0.743941	0.0	-0.282359	-0.7851090000000001	-0.55125	0.0	3.03756	-1.9109099999999999	-1.75863	0.19761099999999998	
5	0.571168	0.7926449999999999	-0.21326399999999998	0.0	0.54063	-0.167772	0.824362	0.0	0.617646	-0.5861460000000001	-0.524354	0.0	-2.80207	-2.22421	-2.09923	0.34573200000000004	-0.927474	0.051506399999999994	0.370324	0.0	-0.263358	0.613063	-0.744846	0.0	-0.265396	-0.788353	-0.5550350000000001	0.0	3.0678400000000003	-1.77493	-1.7098799999999998	0.197522	
5	0.571519	0.792845	-0.21157199999999998	0.0	0.5410020000000001	-0.170195	0.82362	0.0	0.616995	-0.585176	-0.526201	0.0	-2.79737	-2.22529	-2.09884	0.34610599999999997	-0.928622	0.041560599999999996	0.368693	0.0	-0.26914299999999997	0.608541	-0.7464850000000001	0.0	-0.255389	-0.7924329999999999	-0.5539189999999999	0.0	3.10542	-1.74455	-1.7039799999999998	0.197519	
5	0.571303	0.793412	-0.210027	0.0	0.540506	-0.17113699999999998	0.823751	0.0	0.61763	-0.584132	-0.5266149999999999	0.0	-2.7946299999999997	-2.23049	-2.10018	0.346094	-0.9170229999999999	0.0417844	0.39664099999999997	0.0	-0.30652399999999996	0.562439	-0.7679229999999999	0.0	-0.25517399999999996	-0.825782	-0.502962	0.0	3.10048	-1.8754099999999998	-1.6401299999999999	0.197524	
5	0.570559	0.794139	-0.2093	0.0	0.540746	-0.171461	0.823526	0.0	0.618108	-0.583048	-0.5272560000000001	0.0	-2.78979	-2.23184	-2.10514	0.346211	-0.9113209999999999	0.0414704	0.409603	0.0	-0.338571	0.490554	-0.802949	0.0	-0.234231	-0.870423	-0.433011	0.0	3.00544	-2.12405	-1.4867299999999999	0.19751300000000002	
5	0.571477	0.794021	-0.20723000000000003	0.0	0.539964	-0.173683	0.823573	0.0	0.617942	-0.58255	-0.527999	0.0	-2.7832	-2.23264	-2.10893	0.34629099999999996	-0.906732	0.028250099999999997	0.42076	0.0	-0.361093	0.46336499999999997	-0.809262	0.0	-0.217827	-0.885717	-0.409948	0.0	2.9511700000000003	-2.2393400000000003	-1.43472	0.19759300000000002	
5	0.57081	0.7950229999999999	-0.20521799999999998	0.0	0.5406920000000001	-0.17586	0.822633	0.0	0.617922	-0.580527	-0.530245	0.0	-2.7810799999999998	-2.2398	-2.12547	0.346351	-0.900017	0.022797	0.435259	0.0	-0.38687	0.418182	-0.8218610000000001	0.0	-0.200754	-0.908077	-0.367551	0.0	2.89677	-2.4871	-1.33045	0.19758299999999998	
5	0.5706600000000001	0.795361	-0.204324	0.0	0.540307	-0.176291	0.822794	0.0	0.618398	-0.5799340000000001	-0.530341	0.0	-2.7585900000000003	-2.24608	-2.13435	0.346531	-0.9013190000000001	0.0181627	0.432777	0.0	-0.389336	0.40394	-0.827799	0.0	-0.189851	-0.9146049999999999	-0.357008	0.0	2.88678	-2.4761900000000003	-1.33931	0.197709	
5	0.570613	0.795585	-0.20357999999999998	0.0	0.539758	-0.176506	0.823108	0.0	0.61892	-0.5795600000000001	-0.53014	0.0	-2.7516	-2.24579	-2.1369700000000003	0.346543	-0.902425	0.0129245	0.430654	0.0	-0.391808	0.39114	-0.832764	0.0	-0.17920899999999998	-0.920241	-0.347911	0.0	2.8759900000000003	-2.46655	-1.3466200000000002	0.197703	
5	0.570592	0.795895	-0.202425	0.0	0.5396270000000001	-0.177559	0.822968	0.0	0.619053	-0.578813	-0.5308	0.0	-2.74505	-2.24657	-2.14161	0.34676399999999996	-0.9025620000000001	-0.008562	0.430476	0.0	-0.399586	0.389013	-0.83006	0.0	-0.160353	-0.921193	-0.354529	0.0	2.85935	-2.47288	-1.3435	0.197797	
5	0.570678	0.7958109999999999	-0.202513	0.0	0.540222	-0.178099	0.8224600000000001	0.0	0.618455	-0.578762	-0.531552	0.0	-2.7467799999999998	-2.24856	-2.14027	0.346557	-0.899582	-0.035983600000000004	0.43526899999999996	0.0	-0.41333000000000003	0.39213200000000004	-0.8218219999999999	0.0	-0.14110999999999999	-0.9192049999999999	-0.367628	0.0	2.84545	-2.48644	-1.33413	0.197721	
5	0.5706	0.795826	-0.202676	0.0	0.540416	-0.178044	0.8223450000000001	0.0	0.618358	-0.578759	-0.531669	0.0	-2.7492400000000004	-2.24943	-2.14067	0.346655	-0.899956	-0.0458552	0.43356400000000006	0.0	-0.414714	0.396843	-0.818858	0.0	-0.134508	-0.91674	-0.376158	0.0	2.83869	-2.49572	-1.32755	0.197768	
5	0.569491	0.79693	-0.20145	0.0	0.540578	-0.178477	0.8221450000000001	0.0	0.6192380000000001	-0.5771029999999999	-0.5324439999999999	0.0	-2.74646	-2.2476	-2.13816	0.3466	-0.9002399999999999	-0.0656059	0.43042299999999994	0.0	-0.41875100000000004	0.401181	-0.814678	0.0	-0.11922999999999999	-0.913646	-0.38863200000000003	0.0	2.8245400000000003	-2.50953	-1.3176700000000001	0.197725	
5	0.56776	0.798575	-0.199817	0.0	0.539438	-0.177572	0.8230879999999999	0.0	0.621816	-0.575106	-0.5316	0.0	-2.72955	-2.24989	-2.15423	0.34667	-0.89689	-0.0998363	0.43083699999999997	0.0	-0.432964	0.396829	-0.809363	0.0	-0.09016460000000001	-0.9124469999999999	-0.399138	0.0	2.80136	-2.52292	-1.31067	0.197765	
5	0.567392	0.799029	-0.199048	0.0	0.539377	-0.177983	0.82304	0.0	0.622205	-0.574348	-0.531964	0.0	-2.72349	-2.24942	-2.15433	0.34663499999999997	-0.8934620000000001	-0.118327	0.43327200000000005	0.0	-0.44258800000000004	0.396106	-0.804497	0.0	-0.07642810000000001	-0.9105489999999999	-0.406276	0.0	2.7927	-2.5318400000000003	-1.30554	0.19776300000000002	
2	0.566512	0.7995369999999999	-0.199511	0.0	0.53923	-0.176597	0.823434	0.0	0.623133	-0.574068	-0.531179	0.0	-2.71743	-2.25238	-2.15358	0.346507	-0.896619	-0.157377	0.413893	0.0	-0.440698	0.408183	-0.799482	0.0	-0.043123699999999994	-0.899233	-0.43533999999999995	0.0	2.9878299999999998	-2.7730200000000003	-1.50475	0.197634	
2	0.5667399999999999	0.799341	-0.199652	0.0	0.538898	-0.176347	0.8237059999999999	0.0	0.623213	-0.574419	-0.530706	0.0	-2.71386	-2.25296	-2.15423	0.346549	-0.89699	-0.16668	0.40942199999999995	0.0	-0.44033	0.41853599999999996	-0.794316	0.0	-0.03896090000000001	-0.892774	-0.448817	0.0	3.0653	-2.8429	-1.56056	0.197602	
2	0.5673739999999999	0.798632	-0.200681	0.0	0.539985	-0.176847	0.822886	0.0	0.621693	-0.57525	-0.5315880000000001	0.0	-2.71105	-2.25101	-2.1531700000000003	0.346281	-0.902256	-0.186633	0.388719	0.0	-0.429896	0.45940600000000004	-0.777262	0.0	-0.0335172	-0.868398	-0.49473500000000004	0.0	3.10454	-2.82317	-1.6545900000000002	0.197631	
2	0.5678949999999999	0.7987479999999999	-0.198739	0.0	0.540065	-0.17938099999999998	0.822285	0.0	0.6211479999999999	-0.574304	-0.533245	0.0	-2.71231	-2.24836	-2.1518599999999997	0.346312	-0.9078639999999999	-0.185908	0.375795	0.0	-0.417612	0.48050299999999996	-0.771179	0.0	-0.0372019	-0.8570620000000001	-0.5138689999999999	0.0	3.0926299999999998	-2.7797400000000003	-1.71488	0.19763499999999998	
2	0.567114	0.799337	-0.198601	0.0	0.540272	-0.179025	0.822227	0.0	0.621681	-0.573595	-0.533387	0.0	-2.71367	-2.2495	-2.15298	0.346539	-0.9156190000000001	-0.176959	0.36101	0.0	-0.399282	0.505382	-0.7649600000000001	0.0	-0.047081599999999994	-0.844556	-0.5333939999999999	0.0	3.08525	-2.70728	-1.73017	0.197634	
2	0.565978	0.8001729999999999	-0.198474	0.0	0.539719	-0.177645	0.822889	0.0	0.6231949999999999	-0.572858	-0.532411	0.0	-2.71097	-2.2513099999999997	-2.15345	0.346422	-0.917493	-0.168273	0.36040500000000003	0.0	-0.394135	0.506564	-0.766845	0.0	-0.0535289	-0.845622	-0.531091	0.0	3.08174	-2.68835	-1.71397	0.19763699999999998	
