0	-0.16833499999999998	0.967392	-0.18925	0.0	0.226198	0.224777	0.947792	0.0	0.959426	0.11673900000000001	-0.25666	0.0	-2.77985	2.00251	1.38752	-0.00034526699999999996	-0.593133	0.516197	-0.617847	0.0	0.75226	0.08188250000000001	-0.653758	0.0	-0.286877	-0.8525469999999999	-0.436882	0.0	2.66032	2.0	1.53809	0.0	
0	-0.15287699999999999	0.969986	-0.189093	0.0	0.235767	0.221615	0.946203	0.0	0.9597100000000001	0.10007100000000001	-0.26256999999999997	0.0	-2.79101	1.98558	1.39961	0.0	-0.12383699999999999	0.96857	-0.21572399999999997	0.0	0.299595	-0.170758	-0.9386610000000001	0.0	-0.945996	-0.180871	-0.269032	0.0	2.63191	2.00596	1.59002	-2.48104e-05	
0	-0.132098	0.978195	-0.160262	0.0	0.25208	0.18951500000000002	0.948968	0.0	0.958648	0.08495760000000001	-0.27161799999999997	0.0	-2.80333	1.9776099999999999	1.40372	0.0	0.08067200000000001	0.990634	-0.11016600000000001	0.0	0.106525	-0.11846300000000001	-0.9872280000000001	0.0	-0.991032	0.0679061	-0.11508399999999999	0.0	2.65325	1.94767	1.59141	0.0	
0	-0.14819200000000002	0.976777	-0.15474300000000002	0.0	0.259259	0.189369	0.947061	0.0	0.9543709999999999	0.100228	-0.281301	0.0	-2.8126	1.9877099999999999	1.37616	0.0	0.0776418	0.992765	-0.09160019999999999	0.0	0.0763459	-0.09752849999999999	-0.9923	0.0	-0.9940540000000001	0.07005089999999999	-0.083366	0.0	2.6588	1.92923	1.5892700000000002	0.0	
0	-0.216745	0.96931	-0.11601600000000001	0.0	0.250471	0.170079	0.953068	0.0	0.94355	0.177514	-0.279648	0.0	-2.81776	2.02089	1.29739	0.194965	0.089287	0.9937469999999999	-0.06704260000000001	0.0	0.11713399999999999	-0.077321	-0.990101	0.0	-0.989094	0.08055019999999999	-0.123305	0.0	2.68933	1.97255	1.54386	0.183608	
0	-0.17962	0.9820049999999999	-0.058332	0.0	0.252785	0.10338	0.9619840000000001	0.0	0.9507030000000001	0.158046	-0.266806	0.0	-2.71789	1.99768	1.24781	0.344435	0.0338976	0.99934	-0.0130238	0.0	0.183828	-0.0190433	-0.9827739999999999	0.0	-0.982374	0.0309195	-0.184353	0.0	2.6968	1.9106599999999998	1.41357	0.354757	
0	-0.104822	0.9936	0.0420823	0.0	0.27078800000000003	-0.012200299999999999	0.962562	0.0	0.956915	0.112293	-0.267777	0.0	-2.61421	1.9205400000000001	1.17598	0.344937	-0.00436872	0.9993139999999999	0.0367684	0.0	0.190168	0.036927999999999996	-0.981057	0.0	-0.981742	0.00270623	-0.190199	0.0	2.67247	1.7439200000000001	1.25475	0.356622	
0	0.039937900000000005	0.9815459999999999	0.18700999999999998	0.0	0.341913	-0.18928599999999998	0.9204709999999999	0.0	0.938883	0.027179500000000002	-0.343163	0.0	-2.5557	1.8199400000000001	0.953585	0.345842	-0.0617081	0.993849	0.0919647	0.0	0.203898	0.10274900000000001	-0.973585	0.0	-0.9770459999999999	-0.0413266	-0.208984	0.0	2.64685	1.51252	0.9912040000000001	0.35736599999999996	
0	0.178608	0.960324	0.21418800000000002	0.0	0.373271	-0.267548	0.8883059999999999	0.0	0.910367	-0.0787085	-0.406248	0.0	-2.48671	1.65377	0.627273	0.347549	-0.11546300000000001	0.9852129999999999	0.126583	0.0	0.21260199999999999	0.14899400000000002	-0.9657129999999999	0.0	-0.9702930000000001	-0.0845918	-0.226662	0.0	2.64459	1.24396	0.657509	0.357513	
0	0.187185	0.951923	0.242497	0.0	0.3754	-0.297444	0.8778389999999999	0.0	0.9077639999999999	-0.0732851	-0.413029	0.0	-2.41603	1.46614	0.24187899999999998	0.34794	-0.13128199999999998	0.9821040000000001	0.135047	0.0	0.219646	0.161657	-0.962093	0.0	-0.966706	-0.0966429	-0.236938	0.0	2.63801	1.00455	0.262635	0.357862	
0	0.301886	0.904327	0.301759	0.0	0.394904	-0.406715	0.823793	0.0	0.867707	-0.129526	-0.47990299999999997	0.0	-2.28364	1.24566	-0.286242	0.34815999999999997	-0.236537	0.9602430000000001	0.14827100000000001	0.0	0.231852	0.203976	-0.951125	0.0	-0.9435540000000001	-0.190599	-0.270882	0.0	2.55313	0.623139	-0.376281	0.357213	
0	0.343982	0.870721	0.351455	0.0	0.411973	-0.47629799999999994	0.7768010000000001	0.0	0.843774	-0.12241500000000001	-0.522552	0.0	-2.2383599999999997	1.17014	-0.718638	0.347539	-0.287497	0.944154	0.160995	0.0	0.243133	0.23452800000000001	-0.941214	0.0	-0.926408	-0.23145300000000002	-0.296981	0.0	2.44372	0.44770299999999996	-0.8324590000000001	0.357717	
0	0.43228900000000003	0.811232	0.39373800000000003	0.0	0.392366	-0.5623630000000001	0.727871	0.0	0.811896	-0.160161	-0.561403	0.0	-2.15643	1.1282299999999998	-1.02085	0.34872600000000004	-0.396175	0.9019809999999999	0.171683	0.0	0.239195	0.281914	-0.9291450000000001	0.0	-0.8864709999999999	-0.32703899999999997	-0.327437	0.0	2.29048	0.270457	-1.13935	0.357416	
0	0.608483	0.697092	0.379226	0.0	0.275674	-0.633795	0.722709	0.0	0.744146	-0.335214	-0.577823	0.0	-2.05077	0.930774	-1.1426100000000001	0.34994200000000003	-0.439824	0.885093	0.152203	0.0	0.24781199999999998	0.282503	-0.9267049999999999	0.0	-0.863217	-0.369869	-0.343588	0.0	2.1898299999999997	0.121952	-1.3789200000000001	0.35714	
0	0.6829069999999999	0.644004	0.344814	0.0	0.161997	-0.593778	0.788153	0.0	0.712317	-0.482376	-0.509822	0.0	-1.9034400000000002	0.637592	-1.12955	0.351556	-0.463728	0.8761129999999999	0.13184200000000001	0.0	0.234864	0.265047	-0.9351950000000001	0.0	-0.8542799999999999	-0.402711	-0.328677	0.0	2.06313	-0.000832733	-1.4930299999999999	0.356716	
0	0.785844	0.5397390000000001	0.30188000000000004	0.0	0.025638099999999997	-0.516157	0.8561110000000001	0.0	0.6178939999999999	-0.665029	-0.41945699999999997	0.0	-1.7507	0.348854	-0.9114700000000001	0.35178899999999996	-0.45972700000000005	0.882431	0.09983910000000001	0.0	0.23342800000000002	0.228544	-0.945134	0.0	-0.856833	-0.41119799999999995	-0.311052	0.0	1.95245	-0.0503856	-1.44597	0.357736	
0	0.895382	0.334011	0.294496	0.0	-0.126453	-0.4434	0.88736	0.0	0.426968	-0.831765	-0.354775	0.0	-1.7942200000000001	0.148832	-0.646922	0.351759	-0.457446	0.8860610000000001	0.0750974	0.0	0.224244	0.196667	-0.954483	0.0	-0.860499	-0.419784	-0.288659	0.0	1.85422	-0.15623499999999998	-1.3813799999999998	0.357419	
0	0.91732	0.25035599999999997	0.309589	0.0	-0.219534	-0.330644	0.917867	0.0	0.33215700000000004	-0.9099430000000001	-0.24834499999999998	0.0	-1.8558599999999998	-0.117521	-0.319732	0.351504	-0.464438	0.884123	0.05122090000000001	0.0	0.211351	0.166819	-0.9630690000000001	0.0	-0.860016	-0.436461	-0.264337	0.0	1.8138400000000001	-0.25199499999999997	-1.2546899999999999	0.358066	
0	0.944736	0.154838	0.288962	0.0	-0.241851	-0.265876	0.933177	0.0	0.22132	-0.951491	-0.213734	0.0	-1.9321099999999998	-0.32066500000000003	-0.16745	0.351025	-0.463954	0.884267	0.05309880000000001	0.0	0.208538	0.167278	-0.9636030000000001	0.0	-0.860964	-0.43599399999999994	-0.262013	0.0	1.79614	-0.331938	-1.1875200000000001	0.357979	
0	0.9759389999999999	0.0783372	0.203487	0.0	-0.183317	-0.21052300000000002	0.960247	0.0	0.11806199999999999	-0.9744450000000001	-0.191097	0.0	-2.10863	-0.57611	-0.11863699999999999	0.35012600000000005	-0.463055	0.885308	0.0425361	0.0	0.20714699999999997	0.15475899999999998	-0.965992	0.0	-0.861783	-0.438496	-0.255051	0.0	1.7850599999999999	-0.43049799999999994	-1.12663	0.35801	
0	0.985505	0.0475305	0.16285	0.0	-0.151034	-0.191321	0.9698379999999999	0.0	0.0772534	-0.980376	-0.181369	0.0	-2.2335599999999998	-0.753617	-0.16106900000000002	0.35026399999999996	-0.46074499999999996	0.8866860000000001	0.038757599999999996	0.0	0.211736	0.152222	-0.9654	0.0	-0.861906	-0.436597	-0.25787899999999997	0.0	1.7813	-0.465782	-1.08956	0.357642	
0	0.989504	0.027714099999999995	0.141824	0.0	-0.133617	-0.198294	0.970992	0.0	0.055033000000000006	-0.979751	-0.19250899999999999	0.0	-2.38725	-0.9195059999999999	-0.213954	0.349598	-0.45668400000000003	0.889027	0.0327133	0.0	0.214856	0.145903	-0.965686	0.0	-0.863294	-0.433985	-0.25764499999999996	0.0	1.78226	-0.491041	-1.03924	0.35780300000000004	
0	0.991934	0.029226099999999998	0.123339	0.0	-0.117282	-0.15748299999999998	0.980533	0.0	0.048081	-0.987089	-0.152785	0.0	-2.46434	-1.1991	-0.282708	0.349844	-0.455999	0.889542	0.027933799999999998	0.0	0.215531	0.140829	-0.966289	0.0	-0.8634879999999999	-0.43460600000000005	-0.255942	0.0	1.78397	-0.513976	-0.964974	0.357869	
0	0.992756	0.019403099999999996	0.118574	0.0	-0.114558	-0.144722	0.9828180000000001	0.0	0.03623	-0.989282	-0.141451	0.0	-2.50126	-1.32275	-0.30225100000000005	0.34870100000000004	-0.456967	0.889071	0.0270957	0.0	0.216271	0.140605	-0.9661559999999999	0.0	-0.862791	-0.435641	-0.25653200000000004	0.0	1.7821200000000001	-0.527139	-0.941368	0.35786999999999997	
0	0.995381	0.0417475	0.0864462	0.0	-0.0808066	-0.12179100000000001	0.9892610000000001	0.0	0.0518275	-0.9916780000000001	-0.117855	0.0	-2.55536	-1.7701	-0.402119	0.348747	-0.46173000000000003	0.8866629999999999	0.0251972	0.0	0.22563200000000003	0.144875	-0.9633799999999999	0.0	-0.857844	-0.43913599999999997	-0.266953	0.0	1.78177	-0.569751	-0.938334	0.357638	
0	0.996704	0.030023900000000003	0.0753682	0.0	-0.07158239999999999	-0.111748	0.9911549999999999	0.0	0.038180599999999995	-0.993283	-0.10923	0.0	-2.61648	-2.04534	-0.49632200000000004	0.347967	-0.462892	0.8862690000000001	0.0160884	0.0	0.23174699999999998	0.138519	-0.9628639999999999	0.0	-0.855585	-0.44197299999999995	-0.26950999999999997	0.0	1.7918	-0.5596899999999999	-0.933335	0.35784	
0	0.9938790000000001	0.0485949	0.0992112	0.0	-0.0914921	-0.141251	0.9857370000000001	0.0	0.0619155	-0.9887799999999999	-0.135941	0.0	-2.63977	-2.25164	-0.677697	0.348918	-0.461541	0.887107	0.00447699	0.0	0.240659	0.130064	-0.9618559999999999	0.0	-0.853852	-0.442859	-0.27352	0.0	1.79961	-0.531929	-0.909322	0.35734299999999997	
0	0.99285	0.0642653	0.100593	0.0	-0.09042380000000001	-0.145222	0.985258	0.0	0.0779263	-0.98731	-0.138373	0.0	-2.6269299999999998	-2.40002	-0.751586	0.347657	-0.45688500000000004	0.8895200000000001	-0.00331864	0.0	0.242796	0.121117	-0.9624870000000001	0.0	-0.855749	-0.440551	-0.271309	0.0	1.7850099999999998	-0.566504	-0.8629049999999999	0.35765	
0	0.991635	0.0705679	0.108078	0.0	-0.09402769999999999	-0.178697	0.9794010000000001	0.0	0.08842739999999999	-0.9813700000000001	-0.170567	0.0	-2.64276	-2.4641599999999997	-0.82291	0.348051	-0.455742	0.8900879999999999	-0.00657454	0.0	0.240958	0.11625799999999999	-0.9635469999999999	0.0	-0.856877	-0.440713	-0.267458	0.0	1.7858	-0.581968	-0.778775	0.357565	
0	0.989352	0.11058	0.09463049999999999	0.0	-0.07162	-0.196125	0.97796	0.0	0.126702	-0.974324	-0.186117	0.0	-2.62873	-2.48379	-0.893143	0.348788	-0.458876	0.8884780000000001	-0.00636193	0.0	0.24216999999999997	0.11817799999999999	-0.96301	0.0	-0.8548610000000001	-0.443442	-0.269392	0.0	1.79794	-0.5946779999999999	-0.698357	0.357646	
0	0.9881549999999999	0.125063	0.0889345	0.0	-0.0605079	-0.21505500000000002	0.974726	0.0	0.141028	-0.968561	-0.20494099999999998	0.0	-2.61145	-2.48064	-0.9483219999999999	0.349065	-0.460552	0.887618	-0.005157800000000001	0.0	0.245844	0.12197100000000001	-0.9616049999999999	0.0	-0.852909	-0.444137	-0.274389	0.0	1.84142	-0.623388	-0.665148	0.357498	
0	0.988167	0.12441300000000001	0.08970239999999999	0.0	-0.0606192	-0.220433	0.973517	0.0	0.14089200000000002	-0.967435	-0.210283	0.0	-2.6092400000000002	-2.4914099999999997	-0.965875	0.349314	-0.46068400000000004	0.8875270000000001	-0.00818709	0.0	0.25001799999999996	0.12091400000000001	-0.9606620000000001	0.0	-0.8516229999999999	-0.444608	-0.27760100000000004	0.0	1.8584900000000002	-0.634799	-0.641201	0.357563	
0	0.988175	0.124329	0.08973989999999998	0.0	-0.060685	-0.22035900000000003	0.9735290000000001	0.0	0.14081300000000002	-0.967463	-0.210208	0.0	-2.6084400000000003	-2.49152	-0.966735	0.34929	-0.460636	0.887551	-0.00823438	0.0	0.24999699999999997	0.12083499999999998	-0.960677	0.0	-0.8516549999999999	-0.44458000000000003	-0.277546	0.0	1.8597	-0.633447	-0.641533	0.357587	
0	0.988175	0.124328	0.0897408	0.0	-0.060685800000000005	-0.220361	0.9735290000000001	0.0	0.140812	-0.967462	-0.210211	0.0	-2.60845	-2.49151	-0.9667049999999999	0.34929	-0.460635	0.887551	-0.0082334	0.0	0.249995	0.120834	-0.960678	0.0	-0.851656	-0.44458000000000003	-0.277544	0.0	1.85968	-0.633448	-0.641558	0.357588	
0	0.988175	0.124328	0.08974069999999999	0.0	-0.060685800000000005	-0.220361	0.9735290000000001	0.0	0.140812	-0.967462	-0.210211	0.0	-2.60845	-2.49151	-0.9667049999999999	0.34929	-0.460635	0.887551	-0.00823346	0.0	0.249995	0.120834	-0.960678	0.0	-0.851656	-0.44458000000000003	-0.277544	0.0	1.85968	-0.633448	-0.641558	0.357588	
0	0.988175	0.124328	0.08974069999999999	0.0	-0.060685800000000005	-0.220361	0.9735290000000001	0.0	0.140812	-0.967462	-0.210211	0.0	-2.60845	-2.49151	-0.9667049999999999	0.34929	-0.460635	0.887551	-0.00823346	0.0	0.249995	0.120834	-0.960678	0.0	-0.851656	-0.44458000000000003	-0.277544	0.0	1.85968	-0.6334489999999999	-0.641558	0.357588	
0	0.988175	0.124328	0.0897408	0.0	-0.060685800000000005	-0.220361	0.9735290000000001	0.0	0.140812	-0.967462	-0.210211	0.0	-2.60845	-2.49151	-0.9667049999999999	0.34929	-0.460635	0.887551	-0.00823343	0.0	0.249995	0.120834	-0.960678	0.0	-0.851656	-0.44458000000000003	-0.277544	0.0	1.85968	-0.633448	-0.641558	0.357588	
0	0.9522010000000001	0.282882	-0.11528699999999999	0.0	0.15598499999999998	-0.125778	0.979719	0.0	0.262644	-0.9508719999999999	-0.163891	0.0	-2.57095	-2.2805	-0.892459	0.349998	-0.464145	0.88502	-0.036193699999999995	0.0	0.27928000000000003	0.107445	-0.9541790000000001	0.0	-0.8405790000000001	-0.45298599999999994	-0.297039	0.0	1.8388	-0.603468	-0.572451	0.35736	
0	0.948652	0.291174	-0.12360299999999999	0.0	0.167897	-0.132327	0.976883	0.0	0.26808699999999996	-0.9474739999999999	-0.17442	0.0	-2.51842	-2.03841	-0.7494529999999999	0.349655	-0.45490699999999995	0.8899809999999999	-0.03152870000000001	0.0	0.289215	0.11416	-0.950433	0.0	-0.842268	-0.44147700000000006	-0.30932800000000005	0.0	1.8308	-0.5337890000000001	-0.548971	0.357464	
0	0.950391	0.294631	-0.0997434	0.0	0.15288800000000002	-0.163209	0.974673	0.0	0.27089	-0.9415709999999999	-0.200158	0.0	-2.45115	-1.8578299999999999	-0.679876	0.34981100000000004	-0.441557	0.896862	-0.0258195	0.0	0.28760399999999997	0.114222	-0.9509139999999999	0.0	-0.8498889999999999	-0.42730799999999997	-0.308377	0.0	1.84035	-0.48314300000000004	-0.522323	0.357602	
0	0.959052	0.275706	-0.06484680000000001	0.0	0.118652	-0.183204	0.9758879999999999	0.0	0.257178	-0.943622	-0.20841500000000002	0.0	-2.3941	-1.8844400000000001	-0.703256	0.35031799999999996	-0.43720600000000004	0.8989879999999999	-0.0259298	0.0	0.28896700000000003	0.113114	-0.950633	0.0	-0.8516739999999999	-0.42311499999999996	-0.309233	0.0	1.85178	-0.428354	-0.49505699999999997	0.35735	
0	0.9756100000000001	0.21330700000000002	-0.05182180000000001	0.0	0.09503439999999999	-0.197631	0.975659	0.0	0.197873	-0.956787	-0.21308200000000002	0.0	-2.37248	-2.08371	-0.806287	0.349909	-0.435391	0.8999159999999999	-0.024206099999999998	0.0	0.288958	0.11423499999999999	-0.9505020000000001	0.0	-0.852607	-0.420835	-0.309775	0.0	1.8515099999999998	-0.405254	-0.485757	0.357646	
0	0.9882489999999999	0.146775	-0.0426657	0.0	0.0691238	-0.180194	0.9811989999999999	0.0	0.136327	-0.972619	-0.188223	0.0	-2.46275	-2.41066	-0.9769049999999999	0.348709	-0.435119	0.900066	-0.023523699999999998	0.0	0.287559	0.11416099999999998	-0.9509350000000001	0.0	-0.853218	-0.420534	-0.308496	0.0	1.8502900000000002	-0.396048	-0.482979	0.357632	
0	0.9913200000000001	0.13002	-0.019460599999999998	0.0	0.0436463	-0.185855	0.981607	0.0	0.124011	-0.973937	-0.189917	0.0	-2.53574	-2.70553	-1.12396	0.348812	-0.437105	0.8991450000000001	-0.0218643	0.0	0.286599	0.116201	-0.9509780000000001	0.0	-0.852526	-0.421944	-0.30848600000000004	0.0	1.8536400000000002	-0.399925	-0.48325100000000004	0.35751900000000003	
0	0.9944040000000001	0.10316199999999999	-0.022742099999999998	0.0	0.0386168	-0.154603	0.9872219999999999	0.0	0.0983279	-0.982576	-0.157722	0.0	-2.5714099999999998	-3.02432	-1.24101	0.348445	-0.42522200000000004	0.904975	-0.0143566	0.0	0.28344400000000003	0.118084	-0.951691	0.0	-0.859561	-0.408749	-0.306723	0.0	1.86904	-0.41746700000000003	-0.493252	0.35791100000000003	
0	0.9954719999999999	0.049725	-0.0810153	0.0	0.0873294	-0.141773	0.9860399999999999	0.0	0.037545	-0.988649	-0.145474	0.0	-2.6551400000000003	-3.28519	-1.29681	0.347792	-0.414832	0.9097709999999999	-0.0151888	0.0	0.28673699999999996	0.11486600000000001	-0.951098	0.0	-0.8635370000000001	-0.398901	-0.308515	0.0	1.89452	-0.451445	-0.540975	0.35789499999999996	
0	0.9952610000000001	0.0568518	-0.0788915	0.0	0.08710570000000001	-0.160573	0.983173	0.0	0.0432273	-0.9853850000000001	-0.16476400000000002	0.0	-2.77642	-3.43943	-1.43642	0.347808	-0.401778	0.915472	-0.0220475	0.0	0.289154	0.103985	-0.9516180000000001	0.0	-0.8688870000000001	-0.388714	-0.30649099999999996	0.0	1.91278	-0.454216	-0.566466	0.357809	
0	0.994769	0.0736325	-0.0708049	0.0	0.0807568	-0.14238900000000002	0.986511	0.0	0.06255740000000001	-0.9870680000000001	-0.147591	0.0	-2.86441	-3.6084300000000002	-1.54335	0.35072	-0.395082	0.9183889999999999	-0.0217488	0.0	0.289585	0.102039	-0.9516979999999999	0.0	-0.8718090000000001	-0.382296	-0.306266	0.0	1.92147	-0.43252299999999994	-0.564735	0.357973	
0	0.996561	0.071368	-0.042098699999999996	0.0	0.0510675	-0.128908	0.990341	0.0	0.0652518	-0.989085	-0.132109	0.0	-2.85783	-3.61315	-1.56379	0.35486	-0.39603	0.917982	-0.0216574	0.0	0.29254600000000003	0.103781	-0.9506030000000001	0.0	-0.870389	-0.382803	-0.309653	0.0	1.92933	-0.43026800000000004	-0.6031880000000001	0.35781	
0	0.9968549999999999	0.06914160000000001	-0.0387158	0.0	0.0477734	-0.13456600000000002	0.9897530000000001	0.0	0.06322330000000001	-0.98849	-0.137446	0.0	-2.85557	-3.6124300000000003	-1.56069	0.356057	-0.389809	0.92053	-0.025941900000000004	0.0	0.29428499999999996	0.0978259	-0.9506979999999999	0.0	-0.872609	-0.378225	-0.309031	0.0	1.95072	-0.42979700000000004	-0.621446	0.357665	
0	0.996936	0.07422050000000001	-0.024696400000000004	0.0	0.03526780000000001	-0.14468699999999998	0.988849	0.0	0.06981960000000001	-0.98669	-0.146861	0.0	-2.8590400000000002	-3.61064	-1.55408	0.359754	-0.375542	0.9263600000000001	-0.0287267	0.0	0.293335	0.08940039999999999	-0.9518200000000001	0.0	-0.87916	-0.365875	-0.30530799999999997	0.0	1.96419	-0.424084	-0.62405	0.357731	
0	0.9946	0.103341	0.00955502	0.0	0.00191423	-0.11032	0.993894	0.0	0.10376400000000001	-0.988509	-0.109922	0.0	-2.87454	-3.60195	-1.52572	0.26262800000000003	-0.374002	0.9268790000000001	-0.031914599999999994	0.0	0.29441100000000003	0.086024	-0.9518	0.0	-0.8794569999999999	-0.365371	-0.305057	0.0	1.95645	-0.40831300000000004	-0.609487	0.357476	
0	0.9943139999999999	0.102355	0.0293759	0.0	-0.0201948	-0.0896075	0.9957719999999999	0.0	0.104555	-0.9907040000000001	-0.087031	0.0	-2.8610900000000004	-3.58816	-1.51257	0.12871400000000002	-0.371578	0.927851	-0.031978700000000006	0.0	0.29420999999999997	0.0850133	-0.951953	0.0	-0.880551	-0.363133	-0.30457199999999995	0.0	1.94717	-0.39684200000000003	-0.584819	0.357553	
0	0.992233	0.1135	0.050898900000000004	0.0	-0.0400324	-0.0960448	0.9945719999999999	0.0	0.117773	-0.988885	-0.0907551	0.0	-2.8688599999999997	-3.58797	-1.51377	0.128952	-0.36983499999999997	0.928536	-0.0322936	0.0	0.29220799999999997	0.0832512	-0.952724	0.0	-0.88195	-0.36178699999999997	-0.302115	0.0	1.94105	-0.397866	-0.553874	0.357502	
0	0.985125	0.155031	0.0741221	0.0	-0.0648441	-0.0640773	0.995836	0.0	0.159135	-0.9858299999999999	-0.05307130000000001	0.0	-2.8984099999999997	-3.5851	-1.58789	0.12867699999999999	-0.370556	0.9283549999999999	-0.029097199999999997	0.0	0.29335900000000004	0.0872561	-0.9520120000000001	0.0	-0.881266	-0.361309	-0.304674	0.0	1.9445700000000001	-0.402619	-0.53525	0.35713	
0	0.976548	0.203904	0.0691137	0.0	-0.0382341	-0.151668	0.987692	0.0	0.211876	-0.9671709999999999	-0.140315	0.0	-2.90865	-3.58954	-1.61994	0.12878399999999998	-0.365775	0.930377	-0.024630000000000003	0.0	0.296563	0.09142660000000001	-0.950627	0.0	-0.8821899999999999	-0.35501900000000003	-0.309357	0.0	1.9572599999999998	-0.405085	-0.5438890000000001	0.357336	
0	0.97506	0.216044	0.050813	0.0	-0.00944784	-0.18833699999999998	0.982059	0.0	0.22173800000000002	-0.958047	-0.181599	0.0	-2.82487	-3.58711	-1.6964299999999999	0.12831199999999998	-0.353987	0.934995	-0.021861500000000002	0.0	0.294095	0.08909349999999999	-0.951615	0.0	-0.887807	-0.343289	-0.306515	0.0	1.97495	-0.417441	-0.5710770000000001	0.35735500000000003	
0	0.9742209999999999	0.219389	0.052552800000000004	0.0	-0.00327383	-0.219178	0.9756790000000001	0.0	0.22557199999999997	-0.950699	-0.21281	0.0	-2.82032	-3.37931	-1.66377	0.128064	-0.347722	0.937448	-0.016732499999999997	0.0	0.295531	0.09264800000000001	-0.95083	0.0	-0.889804	-0.33557	-0.309261	0.0	1.96038	-0.41499899999999995	-0.583976	0.35749200000000003	
0	0.9739110000000001	0.219171	0.0588285	0.0	-0.00124453	-0.254076	0.967184	0.0	0.226925	-0.942024	-0.24717399999999998	0.0	-2.81359	-3.1886200000000002	-1.63495	0.12803599999999998	-0.339293	0.9405540000000001	-0.0154498	0.0	0.293455	0.09022680000000001	-0.9517059999999999	0.0	-0.8937370000000001	-0.32744	-0.30662399999999995	0.0	1.9525099999999997	-0.41463900000000004	-0.590878	0.357551	
0	0.9632950000000001	0.254817	0.0844514	0.0	-0.00544352	-0.295986	0.955177	0.0	0.268392	-0.9205760000000001	-0.283735	0.0	-2.86442	-2.66345	-1.59531	0.128462	-0.313931	0.949363	-0.012553700000000001	0.0	0.282087	0.0806375	-0.955994	0.0	-0.906573	-0.303657	-0.293118	0.0	1.93609	-0.42477299999999996	-0.615626	0.358788	
0	0.968268	0.243025	0.05828200000000001	0.0	0.015225799999999998	-0.290138	0.9568639999999999	0.0	0.249452	-0.9256129999999999	-0.28463099999999997	0.0	-2.90049	-2.33011	-1.41782	0.12826700000000002	-0.312828	0.949792	0.00582087	0.0	0.279904	0.09804310000000001	-0.955009	0.0	-0.9076299999999999	-0.297124	-0.296521	0.0	1.9049599999999998	-0.45433900000000005	-0.646027	0.35936	
0	0.96426	0.254837	0.0725272	0.0	0.0116574	-0.314272	0.949261	0.0	0.2647	-0.9144899999999999	-0.30601	0.0	-2.98652	-1.99153	-1.28478	0.128462	-0.309985	0.950305	0.028817000000000002	0.0	0.27778600000000003	0.11951700000000001	-0.9531790000000001	0.0	-0.9092549999999999	-0.287466	-0.30103	0.0	1.9026299999999998	-0.53065	-0.7379760000000001	0.360034	
0	0.950419	0.29944299999999996	0.08388960000000001	0.0	0.018033900000000002	-0.322386	0.9464370000000001	0.0	0.310448	-0.897999	-0.311802	0.0	-3.0524	-1.68108	-1.1452	0.128462	-0.299645	0.953412	0.034915499999999995	0.0	0.292098	0.126519	-0.947983	0.0	-0.908236	-0.273859	-0.31640100000000004	0.0	1.9120700000000002	-0.6576069999999999	-0.8493790000000001	0.360321	
0	0.920773	0.36930100000000005	0.125677	0.0	0.00189957	-0.326406	0.9452280000000001	0.0	0.39009499999999997	-0.870101	-0.301247	0.0	-3.02725	-1.5238200000000002	-1.0514700000000001	0.128262	-0.291607	0.9562450000000001	0.023672	0.0	0.302516	0.115673	-0.9461	0.0	-0.9074409999999999	-0.268728	-0.32300999999999996	0.0	1.90228	-0.7374189999999999	-0.9045280000000001	0.360155	
0	0.804392	0.554925	0.212162	0.0	-0.00684619	-0.348434	0.9373090000000001	0.0	0.59406	-0.755416	-0.276478	0.0	-2.92688	-1.28148	-0.9171819999999999	0.12826500000000002	-0.189797	0.977554	-0.0914677	0.0	0.359168	-0.017574799999999998	-0.933107	0.0	-0.9137700000000001	-0.20995300000000003	-0.347771	0.0	1.8486599999999997	-1.00706	-1.10079	0.359847	
0	0.634851	0.723657	0.27071	0.0	-0.0123306	-0.340839	0.940041	0.0	0.772536	-0.600124	-0.207459	0.0	-2.87542	-1.30544	-1.01502	0.12826500000000002	-0.0697795	0.977461	-0.199251	0.0	0.366886	-0.160592	-0.9163	0.0	-0.927645	-0.137041	-0.347411	0.0	1.7166599999999999	-1.1788100000000001	-1.2166700000000001	0.360057	
4	0.521945	0.8149109999999999	0.25198000000000004	0.0	0.0120207	-0.30240900000000004	0.953102	0.0	0.852894	-0.494438	-0.16763699999999998	0.0	-2.86689	-1.36085	-1.1009799999999998	0.12846	-0.038912999999999996	0.9706229999999999	-0.237438	0.0	0.363556	-0.207581	-0.90815	0.0	-0.930759	-0.12166099999999999	-0.34479899999999997	0.0	1.6276700000000002	-1.2709	-1.21679	0.360154	
4	0.20411300000000002	0.963541	0.172992	0.0	0.011567200000000001	-0.179074	0.983768	0.0	0.978879	-0.198799	-0.0476969	0.0	-2.7075	-1.59038	-1.29309	0.12845499999999999	0.0464798	0.9344459999999999	-0.353059	0.0	0.352362	-0.346059	-0.8695309999999999	0.0	-0.934709	-0.0839888	-0.345348	0.0	1.3417700000000001	-1.44655	-1.23526	0.359516	
4	0.045351300000000004	0.9958100000000001	0.0794041	0.0	0.00647846	-0.07977739999999998	0.996792	0.0	0.99895	-0.0446914	-0.010069400000000001	0.0	-2.5331900000000003	-1.6974900000000002	-1.36649	0.128461	0.0719153	0.925601	-0.371606	0.0	0.344055	-0.372724	-0.8618020000000001	0.0	-0.936191	-0.065876	-0.345263	0.0	1.12686	-1.49194	-1.25315	0.35931199999999996	
4	-0.014517700000000001	0.999862	0.00806266	0.0	-0.021958099999999998	-0.00838035	0.999724	0.0	0.999654	0.014336600000000001	0.0220767	0.0	-2.4451	-1.77935	-1.39278	0.12826400000000002	0.0835578	0.9205540000000001	-0.381573	0.0	0.339543	-0.3863	-0.8576030000000001	0.0	-0.9368719999999999	-0.0579011	-0.344846	0.0	1.01682	-1.48048	-1.2678200000000002	0.359282	
4	-0.158919	0.983168	-0.0901435	0.0	-0.042055800000000004	0.0844796	0.9955370000000001	0.0	0.9863959999999999	0.162001	0.0279223	0.0	-2.26092	-1.86805	-1.4991700000000001	0.128261	0.0960928	0.912839	-0.396852	0.0	0.330004	-0.40536500000000003	-0.852512	0.0	-0.939076	-0.04904240000000001	-0.34019299999999997	0.0	0.7967420000000001	-1.3894	-1.2433100000000001	0.36016	
4	-0.200786	0.971535	-0.12572	0.0	-0.0484018	0.11833800000000001	0.991793	0.0	0.978439	0.205223	0.023263299999999997	0.0	-2.21201	-1.90335	-1.5485	0.128547	0.0900486	0.911867	-0.400488	0.0	0.336469	-0.406332	-0.849519	0.0	-0.9373790000000001	-0.0582538	-0.343404	0.0	0.734699	-1.39025	-1.2556100000000001	0.360177	
4	-0.250814	0.950514	-0.183346	0.0	-0.0926569	0.164958	0.9819389999999999	0.0	0.963591	0.263272	0.0466978	0.0	-2.1394900000000003	-1.96912	-1.6003	0.128527	0.0939999	0.905424	-0.413971	0.0	0.36054	-0.418547	-0.833564	0.0	-0.9279950000000001	-0.07089830000000001	-0.36578499999999997	0.0	0.646975	-1.38842	-1.33596	0.360309	
4	-0.308882	0.921579	-0.23512600000000003	0.0	-0.15300999999999998	0.195845	0.9686239999999999	0.0	0.9387120000000001	0.335167	0.08051749999999999	0.0	-2.05556	-1.99773	-1.6325399999999999	0.127474	0.09666989999999999	0.886234	-0.453039	0.0	0.363111	-0.45520200000000005	-0.812984	0.0	-0.926718	-0.08591230000000001	-0.365806	0.0	0.596486	-1.40691	-1.4197600000000001	0.359622	
4	-0.283506	0.9265950000000001	-0.247077	0.0	-0.16031700000000002	0.208227	0.964852	0.0	0.945475	0.313151	0.0895148	0.0	-2.02146	-1.9832599999999998	-1.6415	0.127052	0.0979707	0.880265	-0.464258	0.0	0.371584	-0.465121	-0.803485	0.0	-0.923216	-0.0937929	-0.372661	0.0	0.571946	-1.39383	-1.43428	0.35997199999999996	
4	-0.305812	0.904648	-0.29680100000000004	0.0	-0.180875	0.250857	0.950976	0.0	0.9347530000000001	0.344504	0.0869132	0.0	-1.90097	-1.89678	-1.6151	0.12674000000000002	0.10575599999999999	0.860036	-0.49915299999999996	0.0	0.40994200000000003	-0.49503500000000006	-0.7660859999999999	0.0	-0.90596	-0.123606	-0.404918	0.0	0.522416	-1.37604	-1.48549	0.360354	
4	-0.33326300000000003	0.8809549999999999	-0.335939	0.0	-0.170408	0.294159	0.940442	0.0	0.927307	0.370661	0.052089199999999995	0.0	-1.82122	-1.8872	-1.55433	0.12637	0.12089100000000001	0.8416629999999999	-0.5262979999999999	0.0	0.426066	-0.522861	-0.738298	0.0	-0.8965790000000001	-0.134984	-0.421813	0.0	0.499597	-1.3627200000000002	-1.54496	0.360406	
4	-0.323034	0.883808	-0.338426	0.0	-0.18161	0.293061	0.938687	0.0	0.9287989999999999	0.364689	0.06584010000000001	0.0	-1.7998900000000002	-1.8897599999999999	-1.53941	0.12625799999999998	0.12295999999999999	0.83701	-0.533193	0.0	0.42495200000000005	-0.529929	-0.733888	0.0	-0.896826	-0.13634200000000002	-0.42085	0.0	0.495929	-1.3652	-1.55734	0.36041799999999996	
4	-0.321377	0.868654	-0.377038	0.0	-0.20834699999999998	0.32354	0.922992	0.0	0.923747	0.375183	0.0770031	0.0	-1.66785	-1.88363	-1.44269	0.125885	0.134257	0.821542	-0.5541159999999999	0.0	0.414745	-0.5544319999999999	-0.721521	0.0	-0.8999790000000001	-0.132948	-0.415167	0.0	0.426742	-1.38729	-1.65956	0.360107	
4	-0.32797600000000005	0.859099	-0.392913	0.0	-0.215398	0.336957	0.91655	0.0	0.919802	0.385239	0.0745339	0.0	-1.61471	-1.83247	-1.36875	0.125781	0.132212	0.823297	-0.551998	0.0	0.41526899999999994	-0.551665	-0.723338	0.0	-0.90004	-0.13359400000000002	-0.41482600000000003	0.0	0.393229	-1.38431	-1.69573	0.36020599999999997	
4	-0.32398000000000005	0.8631190000000001	-0.387378	0.0	-0.224084	0.327801	0.9177870000000001	0.0	0.919142	0.38415	0.0872105	0.0	-1.58714	-1.79184	-1.275	0.125615	0.132905	0.8215819999999999	-0.5543819999999999	0.0	0.404957	-0.555539	-0.726214	0.0	-0.904625	-0.12798299999999999	-0.406539	0.0	0.37167	-1.39097	-1.7178400000000003	0.360048	
4	-0.329449	0.862502	-0.384128	0.0	-0.225392	0.323235	0.919085	0.0	0.916876	0.389371	0.0879115	0.0	-1.56019	-1.7766400000000002	-1.2523600000000001	0.12570599999999998	0.131272	0.8204229999999999	-0.556483	0.0	0.396623	-0.557921	-0.728982	0.0	-0.9085469999999999	-0.12501900000000002	-0.398638	0.0	0.335037	-1.4151	-1.74258	0.35944899999999996	
4	-0.33576100000000003	0.8630899999999999	-0.377281	0.0	-0.21959099999999998	0.317776	0.9223870000000001	0.0	0.9159940000000001	0.392549	0.0828296	0.0	-1.5818	-1.7553900000000002	-1.2474299999999998	0.125698	0.118926	0.8203590000000001	-0.559346	0.0	0.400054	-0.555184	-0.729197	0.0	-0.9087430000000001	-0.137047	-0.394214	0.0	0.2788	-1.44476	-1.74653	0.358639	
4	-0.349051	0.858233	-0.376297	0.0	-0.21369200000000002	0.318076	0.923668	0.0	0.912414	0.402819	0.07237289999999999	0.0	-1.5845200000000002	-1.7082700000000002	-1.24358	0.12569	0.11392999999999999	0.823937	-0.555111	0.0	0.395667	-0.5501550000000001	-0.735375	0.0	-0.9113	-0.135857	-0.388685	0.0	0.263312	-1.46363	-1.7472400000000001	0.358406	
4	-0.356192	0.85326	-0.380887	0.0	-0.21277	0.322851	0.9222229999999999	0.0	0.909866	0.40953	0.0665509	0.0	-1.5924200000000002	-1.6711	-1.23691	0.125596	0.104523	0.828767	-0.549746	0.0	0.397868	-0.541458	-0.740625	0.0	-0.9114690000000001	-0.14131400000000002	-0.386335	0.0	0.25908200000000003	-1.48147	-1.75407	0.35838200000000003	
4	-0.363111	0.8551209999999999	-0.370027	0.0	-0.214285	0.309846	0.926325	0.0	0.9067709999999999	0.415649	0.07073120000000001	0.0	-1.6441700000000001	-1.58766	-1.2187	0.124768	0.0787947	0.839161	-0.538145	0.0	0.38792600000000005	-0.5230859999999999	-0.758877	0.0	-0.918316	-0.14896500000000001	-0.366749	0.0	0.251204	-1.53946	-1.75423	0.35861	
4	-0.360698	0.852325	-0.378734	0.0	-0.22100999999999998	0.316397	0.922523	0.0	0.906119	0.41645600000000005	0.07424810000000001	0.0	-1.64893	-1.5965200000000002	-1.2142899999999999	0.124374	0.0671571	0.841166	-0.536591	0.0	0.382856	-0.518361	-0.764672	0.0	-0.921364	-0.154083	-0.35685700000000004	0.0	0.24254499999999998	-1.55475	-1.7314900000000002	0.358367	
4	-0.358518	0.85534	-0.37397600000000003	0.0	-0.21929899999999997	0.312229	0.924349	0.0	0.907399	0.413408	0.07563589999999999	0.0	-1.6566299999999998	-1.6028799999999999	-1.21707	0.124347	0.061759100000000004	0.844708	-0.5316529999999999	0.0	0.380941	-0.512296	-0.7697	0.0	-0.922535	-0.15499200000000002	-0.353423	0.0	0.225417	-1.56217	-1.7095799999999999	0.358028	
4	-0.36536199999999996	0.8536379999999999	-0.371231	0.0	-0.214155	0.31102199999999997	0.92596	0.0	0.9058959999999999	0.417812	0.06917539999999998	0.0	-1.62885	-1.62402	-1.2093399999999999	0.12457	0.0411725	0.8508760000000001	-0.52375	0.0	0.387872	-0.496696	-0.776433	0.0	-0.9207930000000001	-0.17118	-0.350481	0.0	0.21048699999999998	-1.57831	-1.64104	0.355744	
4	-0.361063	0.8515	-0.380238	0.0	-0.21639699999999998	0.32011100000000003	0.922335	0.0	0.9070860000000001	0.415303	0.0686815	0.0	-1.62096	-1.6416099999999998	-1.20399	0.126904	0.0294272	0.848784	-0.52792	0.0	0.386849	-0.496662	-0.776965	0.0	-0.921673	-0.181361	-0.342967	0.0	0.203815	-1.58881	-1.61994	0.3348	
4	-0.360012	0.862539	-0.355553	0.0	-0.216889	0.29328699999999996	0.931097	0.0	0.907387	0.412322	0.08148810000000001	0.0	-1.6149200000000001	-1.6798099999999998	-1.19335	0.12479900000000001	0.0225251	0.8382620000000001	-0.5448029999999999	0.0	0.400685	-0.506829	-0.763267	0.0	-0.915939	-0.201102	-0.347296	0.0	0.210575	-1.5791600000000001	-1.56023	0.216277	
4	-0.359086	0.8667459999999999	-0.34613499999999997	0.0	-0.21074	0.285993	0.9347709999999999	0.0	0.909201	0.408607	0.07996239999999999	0.0	-1.64704	-1.7361900000000001	-1.15998	0.12528699999999998	0.023218	0.835433	-0.5491020000000001	0.0	0.401296	-0.510847	-0.760261	0.0	-0.9156540000000001	-0.202701	-0.347117	0.0	0.318152	-1.56643	-1.57808	0.125833	
4	-0.357758	0.866291	-0.348639	0.0	-0.21275100000000002	0.28791700000000003	0.933724	0.0	0.909256	0.408221	0.0812995	0.0	-1.6410799999999999	-1.7461200000000001	-1.1597899999999999	0.125092	0.0222035	0.8323280000000001	-0.5538390000000001	0.0	0.395447	-0.516109	-0.759772	0.0	-0.91822	-0.20214400000000002	-0.34060100000000004	0.0	0.335254	-1.56559	-1.56759	0.12770399999999998	
4	-0.359178	0.864324	-0.352044	0.0	-0.21250500000000003	0.291564	0.9326479999999999	0.0	0.9087540000000001	0.40979799999999994	0.07894939999999999	0.0	-1.62842	-1.74806	-1.1466399999999999	0.125272	0.0176512	0.830607	-0.556579	0.0	0.39124000000000003	-0.5180170000000001	-0.7606510000000001	0.0	-0.92012	-0.20432899999999998	-0.334111	0.0	0.343073	-1.56829	-1.56671	0.12834600000000002	
4	-0.34925700000000004	0.864223	-0.36213	0.0	-0.212263	0.303451	0.9289040000000001	0.0	0.9126690000000001	0.401293	0.07746019999999999	0.0	-1.65848	-1.8289900000000001	-1.15301	0.132482	0.025761900000000004	0.8371219999999999	-0.546409	0.0	0.398146	-0.5099600000000001	-0.762509	0.0	-0.91696	-0.197907	-0.346434	0.0	0.386868	-1.50458	-1.58561	0.122022	
4	-0.338407	0.867765	-0.363958	0.0	-0.240619	0.294121	0.924984	0.0	0.909716	0.400596	0.109268	0.0	-1.67303	-1.87073	-1.18566	0.14065	0.040505599999999996	0.84147	-0.538784	0.0	0.389809	-0.509807	-0.766907	0.0	-0.920005	-0.17895899999999998	-0.34866199999999997	0.0	0.399887	-1.50355	-1.59975	0.11741300000000002	
4	-0.349351	0.863771	-0.363115	0.0	-0.224615	0.299032	0.9274309999999999	0.0	0.9096709999999999	0.40556	0.08954880000000001	0.0	-1.7033200000000002	-1.89042	-1.19359	0.14916400000000002	0.0615374	0.841505	-0.536734	0.0	0.374396	-0.517948	-0.7691279999999999	0.0	-0.925225	-0.153621	-0.346929	0.0	0.42304899999999995	-1.4794100000000001	-1.60012	0.115383	
4	-0.34220500000000004	0.8666790000000001	-0.362994	0.0	-0.222061	0.30078	0.927481	0.0	0.913009	0.397995	0.0895274	0.0	-1.72967	-1.94985	-1.22094	0.146949	0.0737548	0.843983	-0.531275	0.0	0.369603	-0.517922	-0.77146	0.0	-0.926258	-0.139462	-0.350138	0.0	0.43299399999999993	-1.39859	-1.59607	0.11284000000000001	
4	-0.33316100000000004	0.875122	-0.350951	0.0	-0.22625599999999998	0.287137	0.9307850000000001	0.0	0.9153209999999999	0.389506	0.102339	0.0	-1.75173	-1.9866099999999998	-1.27758	0.162155	0.0808203	0.842634	-0.5323869999999999	0.0	0.368392	-0.521566	-0.769582	0.0	-0.9261510000000001	-0.133929	-0.352573	0.0	0.42508100000000004	-1.35037	-1.6066799999999999	0.11126	
4	-0.344409	0.874964	-0.34032399999999996	0.0	-0.21579099999999998	0.279017	0.9357260000000001	0.0	0.913683	0.39571100000000003	0.0927131	0.0	-1.75718	-2.01583	-1.30311	0.170897	0.0948465	0.8444969999999999	-0.527096	0.0	0.368602	-0.521641	-0.7694300000000001	0.0	-0.9247360000000001	-0.12131099999999999	-0.360759	0.0	0.418096	-1.317	-1.6057299999999999	0.108819	
4	-0.323889	0.8809239999999999	-0.345063	0.0	-0.24584699999999998	0.273828	0.9298270000000001	0.0	0.913595	0.385993	0.127883	0.0	-1.7385700000000002	-2.0293400000000004	-1.3322200000000002	0.177529	0.107103	0.843399	-0.526505	0.0	0.358862	-0.526647	-0.770624	0.0	-0.927225	-0.10640699999999999	-0.359069	0.0	0.427095	-1.29311	-1.58907	0.106753	
4	-0.344181	0.8790290000000001	-0.32992	0.0	-0.215491	0.268052	0.938995	0.0	0.91384	0.394279	0.09716430000000001	0.0	-1.72111	-2.0815	-1.33455	0.181809	0.113104	0.8431709999999999	-0.5256149999999999	0.0	0.344408	-0.529482	-0.775263	0.0	-0.931982	-0.0933408	-0.350281	0.0	0.443614	-1.2638	-1.58596	0.107155	
4	-0.34070100000000003	0.8884879999999999	-0.30742600000000003	0.0	-0.215702	0.244398	0.9453790000000001	0.0	0.915093	0.388405	0.10838199999999999	0.0	-1.69619	-2.09884	-1.35101	0.181617	0.11078299999999999	0.843067	-0.526275	0.0	0.343329	-0.5293979999999999	-0.775798	0.0	-0.932659	-0.09474060000000001	-0.348098	0.0	0.435666	-1.23542	-1.5675	0.107741	
4	-0.337489	0.895842	-0.289081	0.0	-0.21759	0.22454000000000002	0.9498610000000001	0.0	0.9158360000000001	0.383469	0.119147	0.0	-1.68218	-2.1055200000000003	-1.37666	0.193929	0.11824000000000001	0.843786	-0.523492	0.0	0.350459	-0.528726	-0.7730640000000001	0.0	-0.929084	-0.0920552	-0.358229	0.0	0.436057	-1.18993	-1.54675	0.10589200000000001	
4	-0.335906	0.902701	-0.268883	0.0	-0.21032800000000001	0.20637399999999997	0.955601	0.0	0.918112	0.377546	0.12054100000000001	0.0	-1.65569	-2.04374	-1.40192	0.197431	0.145823	0.846311	-0.51234	0.0	0.34970999999999997	-0.528537	-0.773532	0.0	-0.9254399999999999	-0.06637169999999999	-0.37303600000000003	0.0	0.464451	-1.16266	-1.54918	0.10518800000000002	
4	-0.34173000000000003	0.9041299999999999	-0.256456	0.0	-0.20876999999999998	0.19303299999999998	0.958725	0.0	0.916316	0.38116500000000003	0.12279000000000001	0.0	-1.63365	-2.0399700000000003	-1.4275799999999998	0.201048	0.155914	0.8469969999999999	-0.50822	0.0	0.341996	-0.528978	-0.776673	0.0	-0.9266770000000001	-0.0527149	-0.37214400000000003	0.0	0.49079300000000003	-1.18431	-1.5616299999999999	0.104841	
4	-0.46719399999999994	0.833752	-0.294257	0.0	-0.229593	0.206992	0.9510209999999999	0.0	0.853825	0.511871	0.0947185	0.0	-1.6003399999999999	-2.02386	-1.47123	0.209852	0.154853	0.8476809999999999	-0.5074029999999999	0.0	0.34212600000000004	-0.527831	-0.777396	0.0	-0.9268069999999999	-0.053214	-0.37175	0.0	0.5295770000000001	-1.22886	-1.57057	0.10488299999999999	
4	-0.341084	0.9042899999999999	-0.256753	0.0	-0.203098	0.19579000000000002	0.959384	0.0	0.917831	0.37937600000000005	0.116878	0.0	-1.61153	-2.04997	-1.4901	0.20818499999999998	0.156639	0.8543940000000001	-0.49545500000000003	0.0	0.337936	-0.517733	-0.785972	0.0	-0.9280430000000001	-0.044318	-0.36982800000000005	0.0	0.553465	-1.22304	-1.5704200000000001	0.103567	
4	-0.344396	0.90425	-0.25243699999999997	0.0	-0.19900199999999998	0.19246300000000002	0.9609139999999999	0.0	0.917491	0.38117	0.11366400000000002	0.0	-1.60804	-2.0649599999999997	-1.52292	0.207292	0.153176	0.854295	-0.49670699999999995	0.0	0.337894	-0.517621	-0.786064	0.0	-0.928636	-0.0474274	-0.367948	0.0	0.544832	-1.22785	-1.58578	0.105206	
4	-0.461771	0.8383889999999999	-0.289605	0.0	-0.219998	0.20804299999999998	0.953058	0.0	0.859284	0.503807	0.08837560000000001	0.0	-1.59249	-2.05347	-1.5374700000000001	0.209846	0.156912	0.8577229999999999	-0.48958199999999996	0.0	0.343507	-0.51217	-0.787201	0.0	-0.925949	-0.0446533	-0.375	0.0	0.564705	-1.22809	-1.58822	0.10306099999999999	
4	-0.33979000000000004	0.908112	-0.24469499999999997	0.0	-0.20260699999999998	0.183387	0.961935	0.0	0.9184190000000001	0.376433	0.121677	0.0	-1.60449	-2.04927	-1.5412700000000001	0.20976999999999998	0.162236	0.856828	-0.489413	0.0	0.341627	-0.514083	-0.786772	0.0	-0.9257270000000001	-0.0395538	-0.376119	0.0	0.572116	-1.22655	-1.58237	0.10228200000000001	
4	-0.451689	0.856892	-0.248421	0.0	-0.25611799999999996	0.14218499999999998	0.956131	0.0	0.8546229999999999	0.49549899999999997	0.15524200000000002	0.0	-1.67717	-1.85359	-1.37714	0.248022	0.226877	0.8489260000000001	-0.477338	0.0	0.330232	-0.528139	-0.7823140000000001	0.0	-0.916228	0.0198565	-0.400165	0.0	0.774304	-1.3116	-1.80152	0.0935743	
4	-0.446791	0.8651409999999999	-0.22783499999999998	0.0	-0.254361	0.121315	0.95947	0.0	0.8577170000000001	0.48663500000000004	0.165856	0.0	-1.6993599999999998	-1.86559	-1.39248	0.256362	0.24415100000000003	0.848208	-0.47003500000000004	0.0	0.314523	-0.5277649999999999	-0.7890119999999999	0.0	-0.917314	0.0448013	-0.395636	0.0	0.838989	-1.2642200000000001	-1.83145	0.0	
