0	0.0474951	0.946499	-0.31919200000000003	0.0	0.339119	0.285294	0.8964409999999999	0.0	0.939544	-0.150821	-0.30742600000000003	0.0	-2.74456	2.01432	1.33378	-2.0265599999999998e-05	-0.593133	0.516197	-0.617846	0.0	0.7504529999999999	0.076554	-0.656475	0.0	-0.291572	-0.853042	-0.432788	0.0	2.66032	2.0	1.53809	0.0	
0	-0.27166399999999996	0.934366	-0.23056100000000002	0.0	0.0943368	0.264271	0.959824	0.0	0.957758	0.238999	-0.15993800000000002	0.0	-2.76547	1.9524299999999999	1.35759	0.0	-0.162383	0.939731	-0.300894	0.0	0.360671	-0.227312	-0.9045690000000001	0.0	-0.918449	-0.25540999999999997	-0.302023	0.0	2.61056	2.0178599999999998	1.54031	0.00509564	
0	-0.26277399999999995	0.9365899999999999	-0.231839	0.0	0.101614	0.26581	0.9586549999999999	0.0	0.959492	0.22835100000000003	-0.165019	0.0	-2.74729	1.90894	1.3762299999999998	0.0	0.17632899999999999	0.9716389999999999	-0.15755999999999998	0.0	0.0323281	-0.165699	-0.9856459999999999	0.0	-0.9838	0.168705	-0.060628800000000004	0.0	2.6321	1.9003400000000001	1.5639299999999998	0.0	
0	-0.276947	0.9315610000000001	-0.235573	0.0	0.11907000000000001	0.276544	0.9535959999999999	0.0	0.9534790000000001	0.236046	-0.18750899999999998	0.0	-2.7107	1.9608	1.35037	0.0	0.165517	0.976139	-0.140557	0.0	-0.00323147	-0.141985	-0.989864	0.0	-0.986202	0.164294	-0.0203466	0.0	2.6285	1.8041900000000002	1.57412	0.0	
0	-0.31486	0.927945	-0.19945	0.0	0.104604	0.24278400000000003	0.964424	0.0	0.943356	0.282796	-0.17351	0.0	-2.6840900000000003	1.95402	1.29789	0.14531	0.172402	0.9802559999999999	-0.09682589999999999	0.0	0.00869089	-0.0998076	-0.9949690000000001	0.0	-0.984988	0.170693	-0.0257264	0.0	2.67	1.76532	1.5532700000000002	0.226667	
0	-0.270955	0.961987	-0.0341154	0.0	0.132218	0.07229939999999999	0.9885799999999999	0.0	0.953468	0.26335	-0.146782	0.0	-2.6124	1.83263	1.19782	0.33955599999999997	0.141037	0.9899600000000001	0.00941968	0.0	0.10636099999999998	-0.00569206	-0.9943110000000001	0.0	-0.984274	0.141237	-0.10609600000000001	0.0	2.63247	1.66861	1.45488	0.355837	
0	-0.09220249999999999	0.9826870000000001	0.160701	0.0	0.20847600000000002	-0.138761	0.968134	0.0	0.973672	0.122767	-0.192073	0.0	-2.49158	1.55374	0.949622	0.34577399999999997	0.0538737	0.9914129999999999	0.11915899999999999	0.0	0.146744	0.110176	-0.9830200000000001	0.0	-0.987706	0.0704447	-0.139548	0.0	2.51588	1.3446	1.28752	0.358433	
0	0.0867445	0.9692569999999999	0.230254	0.0	0.23521799999999998	-0.244517	0.940683	0.0	0.9680639999999999	-0.0274394	-0.24919699999999997	0.0	-2.39473	1.1525299999999998	0.491258	0.348724	-0.040476599999999995	0.9786440000000001	0.201537	0.0	0.148848	0.20535799999999998	-0.967302	0.0	-0.988031	-0.00915462	-0.153981	0.0	2.36974	0.879603	0.9005139999999999	0.359107	
0	0.13561099999999998	0.94837	0.28671199999999997	0.0	0.266047	-0.313614	0.911518	0.0	0.954374	-0.047332900000000004	-0.29484	0.0	-2.43719	0.832982	-0.06920189999999998	0.347075	-0.119648	0.9636170000000001	0.239012	0.0	0.152048	0.255686	-0.954728	0.0	-0.9811040000000001	-0.07789	-0.177108	0.0	2.2667200000000003	0.40689699999999995	0.300352	0.357771	
0	0.275781	0.9347049999999999	0.224215	0.0	0.275397	-0.30031599999999997	0.913218	0.0	0.920924	-0.1901	-0.34023600000000004	0.0	-2.31319	0.32548499999999997	-0.726366	0.349601	-0.23947	0.9487909999999999	0.206035	0.0	0.16147999999999998	0.248175	-0.955161	0.0	-0.9573809999999999	-0.195462	-0.212641	0.0	2.02078	-0.173025	-0.5650430000000001	0.35793400000000003	
0	0.396673	0.897666	0.191951	0.0	0.25748000000000004	-0.30951599999999996	0.9153709999999999	0.0	0.8811100000000001	-0.313679	-0.353908	0.0	-2.19813	-0.08271569999999999	-1.08451	0.35049600000000003	-0.315067	0.9384469999999999	0.141596	0.0	0.17896199999999998	0.20526399999999997	-0.9622059999999999	0.0	-0.9320440000000001	-0.277819	-0.232618	0.0	1.7977299999999998	-0.48939499999999997	-0.996409	0.357528	
0	0.571793	0.811282	0.121958	0.0	0.203118	-0.284023	0.937056	0.0	0.794856	-0.511031	-0.32718800000000003	0.0	-2.1023400000000003	-0.678855	-1.47452	0.349173	-0.326879	0.942841	0.0648149	0.0	0.20352699999999999	0.137203	-0.969408	0.0	-0.92289	-0.303688	-0.236742	0.0	1.5008700000000001	-0.712649	-1.4374200000000001	0.357265	
0	0.749887	0.65805	0.06811210000000001	0.0	0.11601199999999999	-0.232161	0.965734	0.0	0.651315	-0.71629	-0.250436	0.0	-2.06945	-1.1192600000000001	-1.61163	0.348009	-0.363532	0.9311309999999999	-0.0289779	0.0	0.209865	0.0515496	-0.9763709999999999	0.0	-0.9076350000000001	-0.361023	-0.214152	0.0	1.24015	-0.785928	-1.52253	0.357952	
0	0.815172	0.579218	0.0008620619999999999	0.0	0.0997181	-0.141806	0.984859	0.0	0.570571	-0.802744	-0.173355	0.0	-2.12745	-1.34487	-1.6331799999999999	0.34729	-0.351145	0.9313790000000001	-0.0960709	0.0	0.206727	-0.022953599999999998	-0.9781290000000001	0.0	-0.913215	-0.36332600000000004	-0.184482	0.0	1.0461799999999999	-0.8267329999999999	-1.5549	0.358464	
0	0.854866	0.5105770000000001	-0.09227560000000001	0.0	0.130999	-0.0403102	0.990563	0.0	0.502039	-0.8588870000000001	-0.101345	0.0	-2.0986	-1.53839	-1.55885	0.346537	-0.377594	0.9037780000000001	-0.201515	0.0	0.228502	-0.11995	-0.966126	0.0	-0.897335	-0.41084899999999996	-0.161223	0.0	0.9166030000000001	-0.892098	-1.50901	0.358239	
0	0.884179	0.44497700000000007	-0.142209	0.0	0.138203	0.0416292	0.9895290000000001	0.0	0.446238	-0.894574	-0.0246894	0.0	-2.10514	-1.6776099999999998	-1.3898700000000002	0.347605	-0.386461	0.8952110000000001	-0.221912	0.0	0.230213	-0.13936099999999998	-0.96311	0.0	-0.8931129999999999	-0.423292	-0.152232	0.0	0.871502	-0.93286	-1.4622700000000002	0.358154	
0	0.906537	0.385716	-0.171503	0.0	0.141317	0.10553399999999999	0.984323	0.0	0.397769	-0.9165620000000001	0.041162199999999996	0.0	-2.12967	-1.7610599999999998	-1.17075	0.346362	-0.386866	0.8927799999999999	-0.23082199999999997	0.0	0.224823	-0.15144100000000002	-0.962559	0.0	-0.89431	-0.424275	-0.142131	0.0	0.863441	-0.9470200000000001	-1.44429	0.358223	
0	0.923342	0.323446	-0.20693499999999998	0.0	0.173105	0.130413	0.976231	0.0	0.34274499999999997	-0.937217	0.0644253	0.0	-2.1762799999999998	-1.7753900000000002	-0.9612809999999999	0.34683400000000003	-0.385377	0.89307	-0.232188	0.0	0.24433200000000002	-0.14388399999999998	-0.958957	0.0	-0.889824	-0.42628999999999995	-0.16275599999999998	0.0	0.8962709999999999	-0.97859	-1.46999	0.357927	
0	0.939061	0.263452	-0.220813	0.0	0.194876	0.12116199999999999	0.973316	0.0	0.28317600000000004	-0.957034	0.062438	0.0	-2.2198599999999997	-1.8464099999999999	-0.866352	0.346004	-0.387752	0.889958	-0.24004699999999998	0.0	0.252153	-0.148077	-0.956291	0.0	-0.8866040000000001	-0.43133299999999997	-0.166989	0.0	0.905119	-1.01705	-1.4814	0.357933	
0	0.946681	0.24348699999999998	-0.210972	0.0	0.194356	0.0906447	0.976734	0.0	0.256945	-0.965659	0.038488699999999994	0.0	-2.29491	-1.97458	-0.9682729999999999	0.343923	-0.387682	0.886509	-0.252596	0.0	0.261945	-0.15678	-0.952263	0.0	-0.883791	-0.435342	-0.17143599999999998	0.0	0.933486	-0.9911709999999999	-1.44846	0.357916	
0	0.952599	0.21497399999999997	-0.215272	0.0	0.20644	0.0630012	0.9764290000000001	0.0	0.223469	-0.9745860000000001	0.0156357	0.0	-2.3193799999999998	-2.1232900000000003	-1.0098	0.33302	-0.391926	0.883283	-0.257304	0.0	0.274982	-0.154425	-0.948967	0.0	-0.877941	-0.44267799999999996	-0.182364	0.0	0.969965	-0.986711	-1.44855	0.357302	
0	0.955285	0.208169	-0.209992	0.0	0.21089000000000002	0.0181326	0.977342	0.0	0.20726	-0.977925	-0.0265788	0.0	-2.36563	-2.28752	-1.09566	0.308548	-0.394371	0.886073	-0.243612	0.0	0.28179099999999996	-0.135721	-0.9498280000000001	0.0	-0.8746799999999999	-0.44323199999999996	-0.196163	0.0	1.0021200000000001	-1.05339	-1.47054	0.357412	
0	0.9602799999999999	0.18073399999999998	-0.21259699999999998	0.0	0.223483	-0.041930300000000004	0.973806	0.0	0.16708599999999998	-0.9826379999999999	-0.0806558	0.0	-2.5025	-2.42613	-1.25482	0.281552	-0.393731	0.88828	-0.23650500000000002	0.0	0.283489	-0.127408	-0.9504739999999999	0.0	-0.8744200000000001	-0.44127799999999995	-0.201653	0.0	1.04796	-1.15157	-1.4769700000000001	0.357652	
0	0.95395	0.189339	-0.232661	0.0	0.24740700000000002	-0.0580486	0.9671709999999999	0.0	0.16961700000000002	-0.980195	-0.102219	0.0	-2.65204	-2.53938	-1.3993	0.335185	-0.389694	0.891229	-0.232058	0.0	0.278984	-0.125897	-0.952008	0.0	-0.8776709999999999	-0.43573199999999995	-0.199577	0.0	1.06702	-1.18859	-1.47732	0.357592	
0	0.9423450000000001	0.23362800000000003	-0.239592	0.0	0.259988	-0.0603453	0.963724	0.0	0.210695	-0.9704520000000001	-0.11760699999999999	0.0	-2.78682	-2.77145	-1.52014	0.354543	-0.382763	0.895474	-0.22719899999999998	0.0	0.280026	-0.121902	-0.9522209999999999	0.0	-0.8803850000000001	-0.428097	-0.204096	0.0	1.0688	-1.20814	-1.48924	0.357419	
0	0.937156	0.238294	-0.254862	0.0	0.272781	-0.0449454	0.961026	0.0	0.217552	-0.970152	-0.107123	0.0	-2.82157	-3.02521	-1.50226	0.356464	-0.37805900000000003	0.896281	-0.231845	0.0	0.274516	-0.130638	-0.952667	0.0	-0.8841450000000001	-0.42381	-0.196654	0.0	1.0290700000000002	-1.20832	-1.46614	0.35722600000000004	
0	0.933709	0.25035799999999997	-0.255946	0.0	0.27420900000000004	-0.0403952	0.960822	0.0	0.230211	-0.96731	-0.106368	0.0	-2.87343	-3.14705	-1.5722200000000002	0.356005	-0.374231	0.897768	-0.232303	0.0	0.272794	-0.132845	-0.952857	0.0	-0.8863040000000001	-0.419959	-0.195191	0.0	0.9914709999999999	-1.19471	-1.44238	0.357271	
0	0.9304459999999999	0.250175	-0.267737	0.0	0.278401	-0.007568600000000001	0.960435	0.0	0.23825100000000002	-0.9681709999999999	-0.07669139999999999	0.0	-2.86329	-3.2461900000000004	-1.54357	0.35573699999999997	-0.377949	0.8974469999999999	-0.22746999999999998	0.0	0.270837	-0.127772	-0.954108	0.0	-0.8853260000000001	-0.422212	-0.194771	0.0	0.970584	-1.1887	-1.42838	0.357518	
0	0.930628	0.24812199999999998	-0.269011	0.0	0.276321	0.00556428	0.9610489999999999	0.0	0.239954	-0.9687129999999999	-0.06338300000000001	0.0	-2.84984	-3.31092	-1.50928	0.35583899999999996	-0.376552	0.8982030000000001	-0.226805	0.0	0.27339600000000003	-0.126175	-0.9535899999999999	0.0	-0.885134	-0.421084	-0.198054	0.0	0.9743950000000001	-1.1916	-1.44585	0.357215	
0	0.9307280000000001	0.250787	-0.266179	0.0	0.27124000000000004	0.014827600000000002	0.962398	0.0	0.24530300000000002	-0.967929	-0.054223099999999996	0.0	-2.81449	-3.35112	-1.4741600000000001	0.356135	-0.37650100000000003	0.898231	-0.226778	0.0	0.274808	-0.12548800000000002	-0.953275	0.0	-0.884719	-0.421229	-0.199595	0.0	0.975419	-1.1909100000000001	-1.45448	0.35739	
0	0.931528	0.250243	-0.263882	0.0	0.267953	0.0183026	0.963258	0.0	0.245878	-0.96801	-0.0500039	0.0	-2.79312	-3.3651699999999996	-1.46131	0.356553	-0.375677	0.8988709999999999	-0.22560300000000003	0.0	0.27019299999999996	-0.126626	-0.954443	0.0	-0.886489	-0.419519	-0.195298	0.0	0.971225	-1.18592	-1.45563	0.357487	
0	0.93069	0.249862	-0.26718000000000003	0.0	0.267085	0.034944699999999995	0.963039	0.0	0.24996300000000002	-0.967651	-0.0342116	0.0	-2.79015	-3.3688599999999997	-1.47364	0.349088	-0.37588299999999997	0.8990100000000001	-0.224706	0.0	0.274071	-0.123787	-0.953709	0.0	-0.88521	-0.42006800000000005	-0.199864	0.0	0.963563	-1.18441	-1.4631	0.357606	
0	0.9301729999999999	0.250152	-0.268703	0.0	0.267351	0.040037699999999996	0.962767	0.0	0.25159699999999996	-0.9673780000000001	-0.029636400000000004	0.0	-2.78317	-3.36176	-1.4711100000000001	0.347566	-0.37593699999999997	0.898862	-0.22521	0.0	0.272269	-0.125164	-0.954046	0.0	-0.8857430000000001	-0.41997799999999996	-0.197678	0.0	0.9651770000000001	-1.18641	-1.46224	0.357527	
0	0.930168	0.250141	-0.268733	0.0	0.267373	0.040068400000000004	0.9627600000000001	0.0	0.251593	-0.9673799999999999	-0.0296106	0.0	-2.78329	-3.36185	-1.47117	0.347569	-0.37593699999999997	0.898861	-0.225212	0.0	0.27226300000000003	-0.125169	-0.954047	0.0	-0.8857450000000001	-0.41997799999999996	-0.197671	0.0	0.9651709999999999	-1.1863700000000001	-1.4622600000000001	0.357527	
0	0.930168	0.250141	-0.268732	0.0	0.267373	0.040068400000000004	0.9627600000000001	0.0	0.251593	-0.9673799999999999	-0.0296106	0.0	-2.78329	-3.36185	-1.47117	0.347569	-0.37593699999999997	0.898861	-0.225212	0.0	0.27226300000000003	-0.125169	-0.954047	0.0	-0.8857450000000001	-0.419979	-0.197671	0.0	0.9651709999999999	-1.1863700000000001	-1.4622600000000001	0.357527	
0	0.930168	0.250141	-0.268732	0.0	0.267373	0.040068400000000004	0.9627600000000001	0.0	0.251593	-0.9673799999999999	-0.0296106	0.0	-2.78329	-3.36185	-1.47117	0.347569	-0.37593699999999997	0.898861	-0.225212	0.0	0.27226300000000003	-0.125169	-0.954047	0.0	-0.8857450000000001	-0.419979	-0.197671	0.0	0.9651709999999999	-1.1863700000000001	-1.4622600000000001	0.357527	
0	0.930168	0.250141	-0.268732	0.0	0.267373	0.040068400000000004	0.9627600000000001	0.0	0.251593	-0.9673799999999999	-0.0296106	0.0	-2.78329	-3.36185	-1.47117	0.347569	-0.37593699999999997	0.898861	-0.225212	0.0	0.27226300000000003	-0.125169	-0.954047	0.0	-0.8857450000000001	-0.419979	-0.197671	0.0	0.9651709999999999	-1.1863700000000001	-1.4622600000000001	0.357527	
0	0.930168	0.250141	-0.268732	0.0	0.267373	0.040068400000000004	0.9627600000000001	0.0	0.251593	-0.9673799999999999	-0.0296106	0.0	-2.78329	-3.36185	-1.47117	0.347569	-0.37593699999999997	0.898861	-0.225212	0.0	0.27226300000000003	-0.125169	-0.954047	0.0	-0.8857450000000001	-0.419979	-0.197671	0.0	0.9651709999999999	-1.1863700000000001	-1.4622600000000001	0.357527	
0	0.930168	0.250141	-0.268732	0.0	0.267373	0.040068400000000004	0.9627600000000001	0.0	0.251593	-0.9673799999999999	-0.0296106	0.0	-2.78329	-3.36185	-1.47117	0.347569	-0.37593699999999997	0.898861	-0.225212	0.0	0.27226300000000003	-0.125169	-0.954047	0.0	-0.8857450000000001	-0.419979	-0.197671	0.0	0.9651709999999999	-1.1863700000000001	-1.4622600000000001	0.357527	
0	0.930168	0.250141	-0.268732	0.0	0.267373	0.040068400000000004	0.9627600000000001	0.0	0.251593	-0.9673799999999999	-0.0296106	0.0	-2.78329	-3.36185	-1.47117	0.347569	-0.37593699999999997	0.898861	-0.225212	0.0	0.27226300000000003	-0.125169	-0.954047	0.0	-0.8857450000000001	-0.419979	-0.197671	0.0	0.9651709999999999	-1.1863700000000001	-1.4622600000000001	0.357527	
0	0.855824	0.505102	-0.111524	0.0	0.243679	-0.203508	0.948264	0.0	0.45627399999999996	-0.838723	-0.29725	0.0	-2.80127	-3.4077300000000004	-1.48627	0.349273	-0.334397	0.915781	-0.22254200000000002	0.0	0.26918600000000004	-0.133486	-0.953793	0.0	-0.903171	-0.37885	-0.201878	0.0	0.941484	-1.17649	-1.4025299999999998	0.35751900000000003	
0	0.889014	0.44743900000000003	-0.0972237	0.0	0.192082	-0.171693	0.9662430000000001	0.0	0.415642	-0.8776790000000001	-0.23858200000000002	0.0	-2.75096	-3.64725	-1.5613	0.349488	-0.326836	0.919157	-0.219836	0.0	0.270646	-0.131839	-0.953609	0.0	-0.9054989999999999	-0.371172	-0.20567600000000003	0.0	0.947875	-1.16441	-1.41154	0.357256	
0	0.908984	0.41145	-0.0667625	0.0	0.152187	-0.17848	0.972103	0.0	0.388056	-0.8937860000000001	-0.224852	0.0	-2.71164	-3.6467699999999996	-1.5802	0.352869	-0.328023	0.919054	-0.21849899999999997	0.0	0.268815	-0.130924	-0.954252	0.0	-0.905616	-0.37175199999999997	-0.20410999999999999	0.0	0.948774	-1.16936	-1.39996	0.357657	
0	0.925834	0.37506	-0.0464803	0.0	0.121227	-0.178234	0.976492	0.0	0.357959	-0.9097049999999999	-0.21048200000000003	0.0	-2.6745799999999997	-3.6376199999999996	-1.59812	0.356113	-0.328072	0.918058	-0.222573	0.0	0.266656	-0.13603099999999999	-0.9541440000000001	0.0	-0.906236	-0.372379	-0.200178	0.0	0.949473	-1.17041	-1.39168	0.357512	
0	0.940607	0.337997	-0.0318901	0.0	0.0871477	-0.149596	0.984899	0.0	0.32812199999999997	-0.929182	-0.170167	0.0	-2.63627	-3.63554	-1.6399599999999999	0.359442	-0.326004	0.9187360000000001	-0.222811	0.0	0.26574200000000003	-0.137126	-0.954242	0.0	-0.90725	-0.370297	-0.199443	0.0	0.9526100000000001	-1.16462	-1.39018	0.357468	
0	0.94191	0.335762	-0.00836386	0.0	0.06395880000000001	-0.154865	0.9858629999999999	0.0	0.329721	-0.9291290000000001	-0.167344	0.0	-2.62914	-3.63555	-1.64917	0.364219	-0.326447	0.91879	-0.22194099999999997	0.0	0.262527	-0.137433	-0.9550870000000001	0.0	-0.908026	-0.370051	-0.19634300000000002	0.0	0.958261	-1.15792	-1.38372	0.357607	
0	0.9519610000000001	0.305334	-0.0232642	0.0	0.0570448	-0.102184	0.993129	0.0	0.300859	-0.9467469999999999	-0.114693	0.0	-2.60071	-3.6444300000000003	-1.7062	0.371159	-0.330347	0.917709	-0.220637	0.0	0.262257	-0.13530999999999999	-0.955465	0.0	-0.9066930000000001	-0.373498	-0.195976	0.0	0.961393	-1.1511	-1.3761299999999999	0.357636	
0	0.9583950000000001	0.281197	-0.0490555	0.0	0.0675271	-0.0563748	0.996123	0.0	0.277341	-0.957993	-0.0730178	0.0	-2.58517	-3.6511099999999996	-1.73638	0.363717	-0.33262800000000003	0.9171239999999999	-0.21964099999999998	0.0	0.265802	-0.13228800000000002	-0.954908	0.0	-0.904825	-0.37601	-0.199771	0.0	0.9743629999999999	-1.1518	-1.3766399999999999	0.357592	
0	0.962398	0.26584	-0.0558461	0.0	0.060992	-0.0111344	0.9980760000000001	0.0	0.264707	-0.9639530000000001	-0.0269298	0.0	-2.57877	-3.6343199999999998	-1.69855	0.262507	-0.333694	0.916845	-0.21918800000000002	0.0	0.266379	-0.13133	-0.954879	0.0	-0.9042629999999999	-0.37702399999999997	-0.200404	0.0	0.9852690000000001	-1.15547	-1.38176	0.357471	
0	0.9605889999999999	0.268916	-0.070379	0.0	0.06945269999999999	0.012969399999999999	0.997501	0.0	0.26915700000000004	-0.963076	-0.00621866	0.0	-2.5968400000000003	-3.6075699999999995	-1.7987900000000001	0.134516	-0.333389	0.9181440000000001	-0.214158	0.0	0.269743	-0.12476500000000001	-0.954815	0.0	-0.9033770000000001	-0.376092	-0.20606799999999997	0.0	0.9909959999999999	-1.15305	-1.37975	0.357342	
0	0.955886	0.266262	-0.12404000000000001	0.0	0.11009000000000001	0.06675729999999999	0.991677	0.0	0.272327	-0.961586	0.034499699999999994	0.0	-2.56569	-3.5893800000000002	-1.80703	0.133801	-0.333495	0.917695	-0.215908	0.0	0.266673	-0.127838	-0.9552709999999999	0.0	-0.904249	-0.376155	-0.20209100000000002	0.0	0.995782	-1.1501299999999999	-1.37619	0.357421	
0	0.95239	0.26414	-0.15226199999999998	0.0	0.107858	0.175213	0.9786040000000001	0.0	0.285167	-0.9484360000000001	0.138382	0.0	-2.53298	-3.54629	-1.82838	0.13275599999999999	-0.333123	0.9187879999999999	-0.211794	0.0	0.26760300000000004	-0.123259	-0.9556129999999999	0.0	-0.904112	-0.375014	-0.20481	0.0	0.9957950000000001	-1.14783	-1.3781299999999999	0.357162	
0	0.95147	0.257309	-0.16881300000000002	0.0	0.148055	0.0981619	0.9840959999999999	0.0	0.269787	-0.9613309999999999	0.055302199999999996	0.0	-2.5190900000000003	-3.52081	-1.82666	0.133454	-0.332972	0.9188069999999999	-0.21195100000000003	0.0	0.266606	-0.12387000000000001	-0.9558120000000001	0.0	-0.9044620000000001	-0.374766	-0.203714	0.0	0.993423	-1.15151	-1.3777700000000002	0.357098	
0	0.933682	0.271787	-0.233173	0.0	0.217745	0.08604830000000001	0.9722049999999999	0.0	0.28429699999999997	-0.9585030000000001	0.0211615	0.0	-2.49911	-3.52028	-1.82054	0.133073	-0.331798	0.9197069999999999	-0.209877	0.0	0.26815100000000003	-0.121352	-0.9557030000000001	0.0	-0.904436	-0.37338000000000005	-0.20635599999999998	0.0	0.9949530000000001	-1.1494	-1.37133	0.356917	
0	0.921903	0.288723	-0.258329	0.0	0.24689499999999998	0.076016	0.9660559999999999	0.0	0.29856	-0.95439	-0.00120483	0.0	-2.48847	-3.5347699999999995	-1.81024	0.13334100000000002	-0.33236	0.92022	-0.20671799999999999	0.0	0.267034	-0.118397	-0.9563870000000001	0.0	-0.9045610000000001	-0.37306500000000004	-0.20638	0.0	0.993079	-1.15277	-1.37115	0.357111	
0	0.910675	0.297728	-0.286409	0.0	0.284565	0.050517	0.957325	0.0	0.299491	-0.953313	-0.0387184	0.0	-2.48138	-3.55896	-1.81105	0.134262	-0.333748	0.9205540000000001	-0.202961	0.0	0.268838	-0.11341500000000002	-0.956485	0.0	-0.903515	-0.373788	-0.209628	0.0	0.9935450000000001	-1.1604299999999999	-1.3767	0.35696500000000003	
0	0.9002899999999999	0.312332	-0.303193	0.0	0.30683299999999997	0.038711699999999995	0.950976	0.0	0.308758	-0.949184	-0.060982100000000004	0.0	-2.49627	-3.5640300000000003	-1.81355	0.13389600000000002	-0.335042	0.920765	-0.199844	0.0	0.26973	-0.10949400000000001	-0.956691	0.0	-0.902769	-0.374436	-0.211673	0.0	0.9965229999999999	-1.16652	-1.3842299999999998	0.356984	
0	0.8927729999999999	0.324804	-0.312185	0.0	0.335225	-0.0160116	0.942002	0.0	0.300967	-0.9456459999999999	-0.123177	0.0	-2.62442	-3.59254	-1.6548	0.134164	-0.33416399999999996	0.922484	-0.19328299999999998	0.0	0.272895	-0.10159	-0.956665	0.0	-0.902143	-0.372429	-0.21779400000000002	0.0	1.0111	-1.17689	-1.3996600000000001	0.356837	
0	0.888259	0.374783	-0.26558200000000004	0.0	0.335154	-0.133417	0.9326690000000001	0.0	0.31411500000000003	-0.9174629999999999	-0.244119	0.0	-2.84845	-3.3424199999999997	-1.411	0.134205	-0.334146	0.923113	-0.19028499999999998	0.0	0.26918000000000003	-0.10001499999999999	-0.957883	0.0	-0.903266	-0.371293	-0.21506399999999998	0.0	1.0128	-1.19297	-1.4053799999999999	0.35677800000000004	
0	0.858655	0.461359	-0.223294	0.0	0.35155	-0.21308000000000002	0.9115969999999999	0.0	0.372994	-0.861246	-0.34515300000000004	0.0	-2.81561	-2.85995	-1.41923	0.134184	-0.323854	0.926703	-0.190634	0.0	0.26815	-0.103325	-0.9578200000000001	0.0	-0.9073120000000001	-0.36131199999999997	-0.215033	0.0	1.01914	-1.20433	-1.42	0.356689	
0	0.818365	0.5554439999999999	-0.147517	0.0	0.341452	-0.263465	0.9022180000000001	0.0	0.462266	-0.788713	-0.40526799999999996	0.0	-2.71023	-2.47225	-1.4476	0.13465	-0.31693499999999997	0.929283	-0.189696	0.0	0.267669	-0.10424000000000001	-0.9578559999999999	0.0	-0.9098930000000001	-0.354354	-0.21570300000000003	0.0	1.0227600000000001	-1.21611	-1.4305700000000001	0.356788	
0	0.775478	0.6244810000000001	-0.0930432	0.0	0.345514	-0.296398	0.8903760000000001	0.0	0.5284449999999999	-0.722614	-0.445617	0.0	-2.6690400000000003	-2.21107	-1.44654	0.134196	-0.310729	0.930365	-0.194599	0.0	0.26395100000000005	-0.11222	-0.957986	0.0	-0.913114	-0.349038	-0.21070100000000003	0.0	1.03144	-1.22793	-1.44084	0.356892	
0	0.72517	0.688218	-0.022022	0.0	0.357705	-0.349198	0.866088	0.0	0.588367	-0.635938	-0.499407	0.0	-2.62435	-1.7968400000000002	-1.37634	0.13421	-0.299055	0.9332239999999999	-0.19914600000000002	0.0	0.26055700000000004	-0.120906	-0.957858	0.0	-0.917974	-0.338341	-0.20700100000000002	0.0	1.03674	-1.23009	-1.44794	0.356655	
0	0.707231	0.705846	0.0400731	0.0	0.354602	-0.403192	0.84362	0.0	0.6116229999999999	-0.5824239999999999	-0.5354439999999999	0.0	-2.61768	-1.5058200000000002	-1.34111	0.13472	-0.291385	0.9356180000000001	-0.199284	0.0	0.25702600000000003	-0.124091	-0.958405	0.0	-0.92143	-0.330485	-0.20432	0.0	1.01787	-1.2303600000000001	-1.44694	0.35673699999999997	
4	0.6630020000000001	0.731272	0.16021300000000002	0.0	0.276127	-0.43780399999999997	0.855618	0.0	0.695832	-0.523037	-0.49218900000000004	0.0	-2.5930299999999997	-1.3295	-1.33245	0.134716	-0.27002800000000005	0.9399549999999999	-0.20873200000000003	0.0	0.2426	-0.143373	-0.9594739999999999	0.0	-0.931789	-0.309723	-0.18931900000000002	0.0	0.9855790000000001	-1.22122	-1.43046	0.35680700000000004	
4	0.543451	0.767871	0.339169	0.0	0.115856	-0.46878500000000006	0.875682	0.0	0.831408	-0.43659499999999996	-0.343724	0.0	-2.4905	-1.4223700000000001	-1.3904	0.134717	-0.23453600000000002	0.9517979999999999	-0.197669	0.0	0.22752199999999997	-0.143947	-0.963075	0.0	-0.9451069999999999	-0.27084899999999995	-0.182795	0.0	0.859893	-1.19994	-1.38893	0.356968	
4	0.43201999999999996	0.809603	0.397369	0.0	0.0709821	-0.469765	0.879933	0.0	0.8990670000000001	-0.35194200000000003	-0.260415	0.0	-2.3294200000000003	-1.63155	-1.51643	0.134193	-0.196489	0.9633700000000001	-0.182514	0.0	0.22587800000000002	-0.136663	-0.9645219999999999	0.0	-0.954134	-0.23074299999999998	-0.190751	0.0	0.704923	-1.2393299999999998	-1.38991	0.35886799999999996	
4	0.2453	0.897791	0.365786	0.0	0.0312127	-0.384432	0.9226260000000001	0.0	0.9689450000000001	-0.214903	-0.122324	0.0	-2.2997400000000003	-1.96035	-1.7221	0.134195	-0.11173699999999999	0.962986	-0.245302	0.0	0.26329600000000003	-0.209337	-0.941729	0.0	-0.9582219999999999	-0.16981300000000002	-0.23016	0.0	0.589021	-1.22322	-1.5334299999999998	0.35839099999999996	
4	-0.00287116	0.976814	0.214069	0.0	0.024108599999999997	-0.21394000000000002	0.976549	0.0	0.999705	0.0079647	-0.022935499999999998	0.0	-2.24475	-2.26068	-1.9242700000000001	0.134633	-0.05179059999999999	0.948787	-0.31164200000000003	0.0	0.308059	-0.28166399999999997	-0.908716	0.0	-0.9499569999999999	-0.143067	-0.27769499999999997	0.0	0.41668999999999995	-1.2485700000000002	-1.63893	0.359556	
4	-0.0469801	0.9847520000000001	0.167501	0.0	0.0119995	-0.16711800000000002	0.985864	0.0	0.9988239999999999	0.04832569999999999	-0.0039655	0.0	-2.18205	-2.47316	-2.02295	0.134469	-0.0176512	0.9244760000000001	-0.380832	0.0	0.354557	-0.350351	-0.866916	0.0	-0.934868	-0.150329	-0.32159499999999996	0.0	0.324921	-1.31586	-1.76475	0.358724	
4	-0.18546600000000002	0.982626	0.00692534	0.0	-0.0436217	-0.0152737	0.9989309999999999	0.0	0.9816819999999999	0.18496600000000002	0.0456964	0.0	-2.0762099999999997	-2.61741	-2.07273	0.134719	0.0288163	0.903343	-0.42795	0.0	0.37269	-0.406967	-0.8339549999999999	0.0	-0.927509	-0.135461	-0.348394	0.0	0.264231	-1.35321	-1.86635	0.358016	
4	-0.255031	0.961823	-0.09927260000000002	0.0	-0.0778352	0.0819136	0.9935950000000001	0.0	0.9637950000000001	0.261125	0.0539732	0.0	-2.0555	-2.63936	-2.0930400000000002	0.134703	0.0352821	0.891114	-0.45240600000000003	0.0	0.367316	-0.432565	-0.8233870000000001	0.0	-0.929427	-0.137125	-0.34258299999999997	0.0	0.23595500000000003	-1.37049	-1.88263	0.358048	
4	-0.270721	0.945608	-0.18037999999999998	0.0	-0.0878462	0.162328	0.982819	0.0	0.958642	0.281915	0.0391223	0.0	-2.0371799999999998	-2.53893	-2.0843700000000003	0.134251	0.0332606	0.8883280000000001	-0.458003	0.0	0.366777	-0.437133	-0.821212	0.0	-0.9297139999999999	-0.140671	-0.340358	0.0	0.22416	-1.36487	-1.8813099999999998	0.357377	
4	-0.310135	0.9109999999999999	-0.271835	0.0	-0.122947	0.2451	0.9616709999999999	0.0	0.942709	0.331669	0.0359911	0.0	-2.04936	-2.42279	-2.08573	0.133642	0.029686900000000002	0.889023	-0.4569	0.0	0.365217	-0.435144	-0.8229620000000001	0.0	-0.930449	-0.14243599999999998	-0.337604	0.0	0.214548	-1.35895	-1.8720700000000001	0.35724	
4	-0.346886	0.872238	-0.344777	0.0	-0.123366	0.321977	0.9386760000000001	0.0	0.929758	0.368147	-0.00408494	0.0	-2.08287	-2.25168	-2.0848299999999997	0.13313	0.0255361	0.893185	-0.448963	0.0	0.365464	-0.426363	-0.8274360000000001	0.0	-0.930475	-0.14295	-0.33731500000000003	0.0	0.227798	-1.3843299999999998	-1.8797099999999998	0.357854	
4	-0.391864	0.816451	-0.424087	0.0	-0.12187100000000001	0.410826	0.903532	0.0	0.9119149999999999	0.405746	-0.0614865	0.0	-2.12549	-2.0688	-2.06026	0.132724	0.0229605	0.89517	-0.445133	0.0	0.37167100000000003	-0.42098	-0.827428	0.0	-0.9280809999999999	-0.146445	-0.34237399999999996	0.0	0.245885	-1.44418	-1.93175	0.357765	
4	-0.444902	0.741958	-0.501558	0.0	-0.12573399999999998	0.502743	0.855243	0.0	0.88671	0.443562	-0.130382	0.0	-2.20379	-1.8872799999999998	-2.02419	0.13029100000000002	0.0208388	0.895277	-0.44502299999999995	0.0	0.388773	-0.41734399999999994	-0.8213889999999999	0.0	-0.921098	-0.155896	-0.356757	0.0	0.290197	-1.5066700000000002	-1.97279	0.358069	
4	-0.482099	0.675349	-0.558107	0.0	-0.143952	0.5673060000000001	0.810828	0.0	0.86421	0.47123999999999994	-0.17628	0.0	-2.26978	-1.66965	-1.94222	0.130057	0.00629556	0.884209	-0.467049	0.0	0.40419099999999997	-0.42945500000000003	-0.807588	0.0	-0.914653	-0.183693	-0.360093	0.0	0.29625	-1.59096	-1.95774	0.358821	
4	-0.515386	0.6189899999999999	-0.592646	0.0	-0.1622	0.608608	0.776716	0.0	0.841469	0.496435	-0.21326799999999999	0.0	-2.31996	-1.4884	-1.8651200000000001	0.129995	0.00045377	0.869358	-0.49418199999999995	0.0	0.42941	-0.44647	-0.78503	0.0	-0.903109	-0.21185	-0.373514	0.0	0.312368	-1.68757	-2.00575	0.358742	
4	-0.487972	0.602007	-0.632038	0.0	-0.197578	0.629125	0.751775	0.0	0.8502040000000001	0.491721	-0.188052	0.0	-2.4049400000000003	-1.38266	-1.79531	0.12958699999999998	0.03490069999999999	0.829204	-0.557856	0.0	0.42436999999999997	-0.5176689999999999	-0.74292	0.0	-0.904816	-0.21080900000000002	-0.369956	0.0	0.31495100000000004	-1.80998	-2.08908	0.359663	
4	-0.48849799999999993	0.6049399999999999	-0.6288229999999999	0.0	-0.19773	0.625167	0.755029	0.0	0.849867	0.493167	-0.185778	0.0	-2.37237	-1.37208	-1.76673	0.129572	0.0923074	0.780353	-0.6184890000000001	0.0	0.40018400000000004	-0.597843	-0.694577	0.0	-0.911774	-0.183395	-0.36746999999999996	0.0	0.303514	-1.8242200000000002	-2.14788	0.359668	
4	-0.47163900000000003	0.600366	-0.645846	0.0	-0.214883	0.632093	0.744503	0.0	0.855209	0.489918	-0.16911199999999998	0.0	-2.3075	-1.40701	-1.73448	0.129627	0.136408	0.727939	-0.6719350000000001	0.0	0.376756	-0.665429	-0.644406	0.0	-0.916214	-0.165253	-0.365026	0.0	0.24984699999999999	-1.82454	-2.17077	0.359745	
4	-0.461258	0.607102	-0.647046	0.0	-0.21932800000000002	0.628609	0.746154	0.0	0.8597309999999999	0.48608500000000004	-0.156797	0.0	-2.26054	-1.49517	-1.70862	0.129877	0.178405	0.676362	-0.714637	0.0	0.36942800000000003	-0.719198	-0.588453	0.0	-0.9119729999999999	-0.159024	-0.378176	0.0	0.200124	-1.8406099999999999	-2.23637	0.358952	
4	-0.43408900000000006	0.610987	-0.662014	0.0	-0.235842	0.632158	0.738075	0.0	0.869451	0.47652100000000003	-0.13031600000000002	0.0	-2.2204200000000003	-1.6235700000000002	-1.6969999999999998	0.1297	0.188796	0.658906	-0.7281479999999999	0.0	0.361929	-0.735974	-0.572145	0.0	-0.9128870000000001	-0.15551900000000002	-0.377427	0.0	0.173896	-1.8570400000000002	-2.2899	0.358656	
4	-0.41653900000000005	0.609421	-0.674613	0.0	-0.245435	0.639116	0.7288979999999999	0.0	0.8753610000000001	0.469188	-0.11664300000000001	0.0	-2.20628	-1.74341	-1.6999400000000002	0.129673	0.186918	0.648642	-0.737784	0.0	0.34829899999999997	-0.745991	-0.567615	0.0	-0.918559	-0.150872	-0.365361	0.0	0.145751	-1.8535099999999998	-2.29561	0.358536	
4	-0.403407	0.622308	-0.670818	0.0	-0.244549	0.633125	0.734404	0.0	0.8817360000000001	0.46031099999999997	-0.10322200000000001	0.0	-2.21615	-1.83823	-1.71163	0.129638	0.171921	0.639234	-0.749549	0.0	0.34771199999999997	-0.7512810000000001	-0.560958	0.0	-0.9217049999999999	-0.164187	-0.351431	0.0	0.0900064	-1.8381299999999998	-2.24832	0.358557	
4	-0.413279	0.607187	-0.678619	0.0	-0.24259699999999998	0.64489	0.72475	0.0	0.8776940000000001	0.46415500000000004	-0.119218	0.0	-2.2256400000000003	-1.9007599999999998	-1.7482	0.129831	0.160051	0.635423	-0.7553949999999999	0.0	0.341934	-0.75357	-0.561439	0.0	-0.9259940000000001	-0.16843699999999998	-0.337883	0.0	0.0759194	-1.80699	-2.15245	0.357951	
4	-0.42007799999999995	0.592569	-0.687312	0.0	-0.246338	0.6544810000000001	0.714823	0.0	0.8734139999999999	0.469592	-0.128961	0.0	-2.22249	-1.91934	-1.76298	0.129858	0.161358	0.6378060000000001	-0.753105	0.0	0.339001	-0.752492	-0.564653	0.0	-0.926845	-0.164192	-0.337638	0.0	0.06771310000000001	-1.81443	-2.1404099999999997	0.357754	
4	-0.40726	0.583086	-0.702958	0.0	-0.260038	0.663794	0.701254	0.0	0.875511	0.46838900000000006	-0.11871300000000001	0.0	-2.19876	-1.91503	-1.77823	0.12978199999999998	0.159132	0.636071	-0.7550439999999999	0.0	0.32875	-0.755283	-0.5669850000000001	0.0	-0.9309139999999999	-0.157995	-0.329298	0.0	0.0528696	-1.8607599999999997	-2.13155	0.357587	
4	-0.43110699999999996	0.5711579999999999	-0.698517	0.0	-0.252998	0.666579	0.701188	0.0	0.8661059999999999	0.47901000000000005	-0.14286500000000002	0.0	-2.17748	-1.91075	-1.78529	0.13000899999999999	0.152847	0.634353	-0.757783	0.0	0.32095300000000004	-0.757091	-0.569037	0.0	-0.93468	-0.156237	-0.319316	0.0	0.011839299999999999	-1.8943299999999998	-2.0935799999999998	0.357453	
4	-0.419296	0.56579	-0.7099810000000001	0.0	-0.26361	0.6724760000000001	0.691583	0.0	0.868735	0.47713599999999995	-0.13281800000000002	0.0	-2.1635	-1.8918700000000002	-1.78815	0.129724	0.142775	0.6365430000000001	-0.757911	0.0	0.321135	-0.754121	-0.572865	0.0	-0.9362090000000001	-0.161601	-0.31208600000000003	0.0	4.11533e-05	-1.9141099999999998	-2.06221	0.357454	
4	-0.43006099999999997	0.543619	-0.720781	0.0	-0.27131500000000003	0.683653	0.6775	0.0	0.861066	0.486925	-0.14652	0.0	-2.10372	-1.87162	-1.75711	0.129441	0.115121	0.64459	-0.755812	0.0	0.33405100000000004	-0.741679	-0.5816560000000001	0.0	-0.9354979999999999	-0.18551900000000002	-0.300709	0.0	-0.0331394	-2.0036400000000003	-2.03384	0.357219	
4	-0.415125	0.554754	-0.721054	0.0	-0.278038	0.677291	0.6811550000000001	0.0	0.866237	0.483245	-0.126918	0.0	-2.0766	-1.86434	-1.74813	0.13005	0.11722300000000001	0.645472	-0.754735	0.0	0.330524	-0.742006	-0.58325	0.0	-0.9364899999999999	-0.181088	-0.300324	0.0	-0.0318603	-2.03191	-2.0041700000000002	0.357227	
4	-0.418063	0.546782	-0.725433	0.0	-0.27344	0.685787	0.674482	0.0	0.866288	0.480338	-0.13719	0.0	-2.05035	-1.8653400000000002	-1.75035	0.130885	0.1192	0.647281	-0.7528729999999999	0.0	0.32806	-0.741368	-0.585449	0.0	-0.937106	-0.177202	-0.300718	0.0	-0.0268457	-2.02846	-2.00032	0.35748800000000003	
4	-0.421674	0.5480109999999999	-0.722409	0.0	-0.28862600000000005	0.674145	0.67987	0.0	0.859585	0.49518999999999996	-0.126099	0.0	-2.00429	-1.8600299999999999	-1.7529400000000002	0.137434	0.120367	0.651055	-0.749426	0.0	0.322262	-0.739657	-0.590809	0.0	-0.938967	-0.170398	-0.29884099999999997	0.0	-0.05992669999999999	-2.04097	-1.96374	0.35730300000000004	
4	-0.44115	0.529899	-0.7242890000000001	0.0	-0.283005	0.6837449999999999	0.672608	0.0	0.851643	0.501698	-0.15167	0.0	-1.98535	-1.8694400000000002	-1.76937	0.13714200000000001	0.11994500000000001	0.661561	-0.740237	0.0	0.333308	-0.729176	-0.597668	0.0	-0.935157	-0.175039	-0.307965	0.0	-0.0902955	-2.05402	-1.97987	0.355679	
4	-0.41490299999999997	0.538725	-0.733233	0.0	-0.292456	0.6841430000000001	0.668145	0.0	0.861583	0.491654	-0.126299	0.0	-1.9576200000000001	-1.87865	-1.79407	0.138606	0.120992	0.666597	-0.735533	0.0	0.341406	-0.723717	-0.599729	0.0	-0.9320959999999999	-0.178553	-0.315145	0.0	-0.113424	-2.06115	-1.9813599999999998	0.349973	
4	-0.418732	0.537515	-0.7319439999999999	0.0	-0.262964	0.699705	0.664277	0.0	0.8692030000000001	0.470629	-0.151642	0.0	-1.9654900000000002	-1.9463599999999999	-1.7819200000000002	0.155005	0.0937182	0.676553	-0.730406	0.0	0.346206	-0.709996	-0.6132270000000001	0.0	-0.933466	-0.195401	-0.300767	0.0	-0.122152	-2.0489900000000003	-1.9899900000000001	0.253327	
4	-0.432542	0.550148	-0.714314	0.0	-0.281122	0.670473	0.686612	0.0	0.856667	0.49779799999999996	-0.135349	0.0	-2.06058	-2.0093	-1.7779599999999998	0.154357	0.108927	0.6724060000000001	-0.732123	0.0	0.362435	-0.712671	-0.600617	0.0	-0.925622	-0.199924	-0.321333	0.0	-0.00508134	-2.0213	-2.01563	0.142552	
4	-0.40697	0.549323	-0.729808	0.0	-0.256825	0.697923	0.668539	0.0	0.8765940000000001	0.459509	-0.142954	0.0	-2.06918	-2.1179	-1.7441900000000001	0.10593399999999999	0.102014	0.684411	-0.721924	0.0	0.382819	-0.696832	-0.606527	0.0	-0.9181739999999999	-0.21449200000000002	-0.333092	0.0	0.0491351	-1.96019	-2.08468	0.110919	
4	-0.4645	0.5087149999999999	-0.724879	0.0	-0.30551300000000003	0.676235	0.670349	0.0	0.831205	0.532837	-0.158692	0.0	-2.11876	-2.0355	-1.76625	0.133588	0.09815080000000001	0.6822199999999999	-0.724529	0.0	0.37107199999999996	-0.700628	-0.6094470000000001	0.0	-0.9234020000000001	-0.209035	-0.32192	0.0	0.127936	-2.0510200000000003	-2.0674	0.0029701000000000003	
4	-0.41058100000000003	0.552883	-0.7250810000000001	0.0	-0.257175	0.6926979999999999	0.673818	0.0	0.8748049999999999	0.46313000000000004	-0.14222100000000001	0.0	-2.07231	-1.90733	-1.74912	0.138426	0.09129580000000001	0.683553	-0.724169	0.0	0.376171	-0.696998	-0.610483	0.0	-0.922041	-0.216677	-0.320766	0.0	0.0890688	-2.18489	-2.06996	0.0	
4	-0.43071499999999996	0.550485	-0.715158	0.0	-0.288079	0.667112	0.687002	0.0	0.855275	0.5019239999999999	-0.128752	0.0	-1.94248	-1.86042	-1.7530000000000001	0.164149	0.0842581	0.6832699999999999	-0.725288	0.0	0.38369000000000003	-0.693999	-0.609219	0.0	-0.91961	-0.226954	-0.320639	0.0	0.043570099999999994	-2.2455700000000003	-2.06658	0.0	
4	-0.451646	0.535291	-0.713778	0.0	-0.283301	0.6725770000000001	0.683652	0.0	0.846024	0.510983	-0.152119	0.0	-1.9414900000000002	-1.86031	-1.74882	0.164398	0.0789367	0.689883	-0.719605	0.0	0.389368	-0.685854	-0.6148140000000001	0.0	-0.917693	-0.23165999999999998	-0.322757	0.0	0.052360300000000005	-2.2370099999999997	-2.0686	0.0	
4	-0.41385500000000003	0.547057	-0.727635	0.0	-0.302646	0.671153	0.6767270000000001	0.0	0.858563	0.500283	-0.112195	0.0	-1.93597	-1.86018	-1.75121	0.164605	0.050225099999999995	0.713904	-0.69844	0.0	0.388651	-0.658171	-0.644796	0.0	-0.9200149999999999	-0.239064	-0.31051599999999996	0.0	0.09148730000000001	-2.20797	-2.0354900000000002	0.0	
1	-0.42617700000000003	0.556718	-0.7130479999999999	0.0	-0.291026	0.661938	0.690755	0.0	0.856549	0.501899	-0.120084	0.0	-1.93425	-1.85769	-1.7523400000000002	0.164503	-0.026769599999999998	0.78277	-0.621736	0.0	0.402517	-0.560869	-0.723468	0.0	-0.9150209999999999	-0.26962600000000003	-0.300064	0.0	0.0970562	-2.2158700000000002	-2.01208	0.0	
1	-0.450057	0.54809	-0.705015	0.0	-0.26931700000000003	0.669425	0.692343	0.0	0.8514209999999999	0.501466	-0.153669	0.0	-1.94753	-1.87307	-1.7431599999999998	0.144781	-0.24470300000000003	0.8752110000000001	-0.417283	0.0	0.42899499999999996	-0.288223	-0.85609	0.0	-0.8695309999999999	-0.38850100000000004	-0.304933	0.0	0.17923	-2.29082	-1.97298	0.359189	
1	-0.43772	0.552254	-0.709518	0.0	-0.278106	0.6672739999999999	0.690944	0.0	0.8550200000000001	0.49976099999999996	-0.138494	0.0	-1.9438099999999998	-1.87035	-1.7554900000000002	0.144262	-0.404003	0.8819819999999999	-0.24267199999999997	0.0	0.38123	-0.0788117	-0.921115	0.0	-0.8315319999999999	-0.46464700000000003	-0.304398	0.0	0.23684499999999997	-2.37425	-1.9241	0.35718	
1	-0.43009	0.550342	-0.715645	0.0	-0.282991	0.670569	0.68575	0.0	0.8572860000000001	0.49745500000000004	-0.132663	0.0	-1.94356	-1.8792400000000002	-1.75635	0.14407799999999998	-0.5937600000000001	0.804618	0.00626776	0.0	0.262604	0.20113699999999998	-0.943707	0.0	-0.760584	-0.558689	-0.33072399999999996	0.0	0.488533	-2.5072799999999997	-1.8963299999999998	0.357955	
1	-0.40727399999999997	0.570209	-0.713435	0.0	-0.284779	0.662925	0.6924100000000001	0.0	0.8677729999999999	0.485171	-0.107609	0.0	-1.94402	-1.8918700000000002	-1.7622099999999998	0.143758	-0.6355649999999999	0.754321	0.164494	0.0	0.15528699999999998	0.33360700000000004	-0.9298350000000001	0.0	-0.75627	-0.565426	-0.329165	0.0	0.59332	-2.4278299999999997	-1.73682	0.358797	
1	-0.42821099999999995	0.5684319999999999	-0.7025100000000001	0.0	-0.281459	0.654829	0.7014130000000001	0.0	0.8587290000000001	0.49808100000000005	-0.12041400000000001	0.0	-1.95343	-1.90677	-1.7693400000000001	0.156694	-0.642516	0.716072	0.272789	0.0	0.101313	0.432255	-0.896042	0.0	-0.759545	-0.548085	-0.35027800000000003	0.0	0.65925	-2.2483400000000002	-1.52672	0.35914	
1	-0.426059	0.562796	-0.708332	0.0	-0.28371999999999997	0.660333	0.695315	0.0	0.8590559999999999	0.497213	-0.12166400000000001	0.0	-1.94862	-1.9085400000000001	-1.78741	0.154542	-0.599708	0.722172	0.344699	0.0	0.0858575	0.486338	-0.869542	0.0	-0.7956	-0.49187600000000004	-0.353665	0.0	0.645587	-1.98755	-1.33241	0.359606	
1	-0.42805	0.562276	-0.707544	0.0	-0.282538	0.660395	0.695738	0.0	0.858455	0.49771899999999997	-0.12381800000000001	0.0	-1.94661	-1.9065599999999998	-1.79565	0.15477	-0.576839	0.718525	0.38856	0.0	0.0705441	0.517718	-0.8526379999999999	0.0	-0.813806	-0.464424	-0.349328	0.0	0.590892	-1.8395599999999999	-1.25063	0.35985300000000003	
1	-0.42923599999999995	0.558419	-0.7098770000000001	0.0	-0.286896	0.66096	0.6934140000000001	0.0	0.8564149999999999	0.5012989999999999	-0.1235	0.0	-1.8931200000000001	-1.92307	-1.7791	0.154605	-0.516145	0.716892	0.46868000000000004	0.0	0.037307599999999996	0.565501	-0.823903	0.0	-0.8556889999999999	-0.40776799999999996	-0.318626	0.0	0.449074	-1.52806	-1.0746200000000001	0.359412	
