0	-0.091326	0.89904	-0.42823599999999995	0.0	0.106887	0.436399	0.893382	0.0	0.9900680000000001	0.0358159	-0.135951	0.0	-2.73637	1.8562	1.40759	0.0	0.042199900000000005	0.9649559999999999	-0.258999	0.0	0.103402	-0.262056	-0.9594969999999999	0.0	-0.9937440000000001	0.013709799999999998	-0.11083699999999999	0.0	2.64202	1.9627700000000001	1.58744	0.0	
0	-0.091326	0.89904	-0.42823599999999995	0.0	0.106887	0.436399	0.893382	0.0	0.9900680000000001	0.0358159	-0.135951	0.0	-2.73637	1.8562	1.40759	0.0	0.042199900000000005	0.9649559999999999	-0.258999	0.0	0.103402	-0.262056	-0.9594969999999999	0.0	-0.9937440000000001	0.013709799999999998	-0.11083699999999999	0.0	2.64202	1.9627700000000001	1.58744	0.0	
0	-0.0737747	0.89892	-0.431857	0.0	0.10366600000000001	0.437604	0.893172	0.0	0.991872	0.021124599999999997	-0.125471	0.0	-2.69401	1.8065900000000001	1.40399	0.0	0.0230985	0.976498	-0.214286	0.0	0.06641749999999999	-0.21536799999999998	-0.9742719999999999	0.0	-0.997525	0.00827193	-0.0698314	0.0	2.63727	1.89258	1.59267	0.0	
0	-0.0551991	0.9135639999999999	-0.402931	0.0	0.13402	0.406673	0.90369	0.0	0.98944	-0.00411779	-0.14488399999999999	0.0	-2.63731	1.8083599999999997	1.41801	0.0	0.0172084	0.975766	-0.218139	0.0	0.0851351	-0.218809	-0.972046	0.0	-0.9962209999999999	-0.00184402	-0.08683719999999999	0.0	2.69208	1.9164299999999999	1.5872899999999999	0.302717	
0	-0.075063	0.928585	-0.36344899999999997	0.0	0.184111	0.371116	0.9101520000000001	0.0	0.980035	0.00140369	-0.19882	0.0	-2.6501900000000003	1.8939	1.3895899999999999	0.310355	0.020644799999999998	0.977143	-0.21157800000000002	0.0	0.0861968	-0.21257399999999999	-0.9733360000000001	0.0	-0.996064	0.00185713	-0.08861530000000001	0.0	2.6975	1.9247299999999998	1.57651	0.354427	
0	-0.010480100000000001	0.9597110000000001	-0.28079299999999996	0.0	0.163211	0.278684	0.946413	0.0	0.9865360000000001	-0.0359101	-0.159556	0.0	-2.57235	1.87599	1.41155	0.357496	0.0121973	0.981751	-0.18978	0.0	0.0989664	-0.190047	-0.976774	0.0	-0.995016	-0.006867799999999999	-0.0994785	0.0	2.69644	1.9235900000000001	1.56784	0.356771	
0	0.0812039	0.9826600000000001	-0.166687	0.0	0.200724	0.14769000000000002	0.9684510000000001	0.0	0.976276	-0.1121	-0.18525	0.0	-2.58798	1.8216700000000001	1.37478	0.34730500000000003	-0.0131704	0.993395	-0.11399100000000001	0.0	0.131251	-0.11129700000000001	-0.985082	0.0	-0.9912620000000001	-0.0279353	-0.128918	0.0	2.68292	1.84873	1.51129	0.357175	
0	0.226277	0.972931	-0.0469478	0.0	0.27851	-0.0184375	0.960256	0.0	0.933398	-0.230359	-0.27514299999999997	0.0	-2.6491700000000002	1.7135799999999999	1.17222	0.347598	-0.13508	0.990667	-0.0182237	0.0	0.169929	0.00504246	-0.9854430000000001	0.0	-0.9761549999999999	-0.13621	-0.169024	0.0	2.6477	1.63293	1.3511	0.357186	
0	0.368544	0.9294610000000001	0.0166763	0.0	0.291698	-0.132658	0.947267	0.0	0.882659	-0.34424499999999997	-0.32001199999999996	0.0	-2.65429	1.48634	0.911761	0.348926	-0.195391	0.9802860000000001	0.029358600000000002	0.0	0.180767	0.0654207	-0.981348	0.0	-0.963922	-0.18643900000000002	-0.189986	0.0	2.58435	1.3563100000000001	1.1447100000000001	0.358142	
0	0.508421	0.8590540000000001	0.05944630000000001	0.0	0.279248	-0.22978600000000002	0.932319	0.0	0.814573	-0.45741000000000004	-0.356717	0.0	-2.64608	1.15926	0.597353	0.350551	-0.325579	0.9431309999999999	0.06709780000000001	0.0	0.183598	0.13267400000000001	-0.974007	0.0	-0.9275180000000001	-0.304797	-0.21635300000000002	0.0	2.44715	0.95675	0.878218	0.358621	
0	0.733484	0.672088	0.101482	0.0	0.20971599999999999	-0.365789	0.9067620000000001	0.0	0.646545	-0.643813	-0.409248	0.0	-2.65765	0.535307	0.0887229	0.351466	-0.46843599999999996	0.880191	0.07636389999999998	0.0	0.167101	0.17314000000000002	-0.970618	0.0	-0.8675510000000001	-0.44191199999999997	-0.228186	0.0	2.15152	0.217204	0.257723	0.358772	
0	0.9185629999999999	0.381682	0.102769	0.0	0.058888499999999996	-0.389234	0.9192549999999999	0.0	0.390864	-0.838341	-0.380013	0.0	-2.64968	-0.181121	-0.21924699999999997	0.350443	-0.612872	0.789341	0.036438599999999995	0.0	0.145989	0.15843	-0.976518	0.0	-0.776579	-0.5931609999999999	-0.212333	0.0	1.8063	-0.539143	-0.225442	0.359111	
0	0.981823	0.145636	0.12170999999999998	0.0	-0.0696616	-0.319996	0.9448540000000001	0.0	0.17655099999999999	-0.936159	-0.304034	0.0	-2.6585799999999997	-0.982634	-0.5096930000000001	0.350076	-0.648962	0.760792	0.0065307	0.0	0.132447	0.121423	-0.983725	0.0	-0.749203	-0.6375350000000001	-0.179564	0.0	1.5443200000000001	-1.12637	-0.45157299999999995	0.359967	
0	0.97915	0.051434400000000005	0.196518	0.0	-0.18268800000000002	-0.200053	0.9626030000000001	0.0	0.08882480000000001	-0.978434	-0.18648499999999998	0.0	-2.69996	-1.83877	-0.699619	0.349117	-0.663671	0.748024	-0.00136697	0.0	0.12925899999999999	0.112882	-0.985165	0.0	-0.736772	-0.6540020000000001	-0.17160599999999998	0.0	1.45058	-1.3786200000000002	-0.537075	0.35977800000000004	
0	0.967385	0.026195799999999998	0.25195100000000004	0.0	-0.24320300000000003	-0.182104	0.952728	0.0	0.07083869999999999	-0.98293	-0.169794	0.0	-2.61092	-2.33127	-0.828267	0.348813	-0.6661630000000001	0.745738	-0.0100945	0.0	0.130596	0.10331400000000002	-0.986038	0.0	-0.734283	-0.65818	-0.166215	0.0	1.4413799999999999	-1.42814	-0.552608	0.359809	
0	0.959167	-0.00624309	0.282773	0.0	-0.279519	-0.173709	0.9442959999999999	0.0	0.043224900000000004	-0.984777	-0.16836099999999998	0.0	-2.54973	-2.59618	-0.923744	0.348447	-0.667122	0.744746	-0.0173792	0.0	0.124785	0.08871799999999999	-0.988209	0.0	-0.7344229999999999	-0.661425	-0.152119	0.0	1.44455	-1.43361	-0.516061	0.359844	
0	0.9595020000000001	-0.033454000000000005	0.27970700000000004	0.0	-0.281489	-0.152309	0.947399	0.0	0.010907700000000001	-0.9877670000000001	-0.155558	0.0	-2.5638	-2.8534599999999997	-1.06455	0.347909	-0.671257	0.740838	-0.0239463	0.0	0.126366	0.0825443	-0.9885440000000001	0.0	-0.730374	-0.666592	-0.149025	0.0	1.4441899999999999	-1.42422	-0.444582	0.359775	
0	0.955623	-0.0462443	0.290939	0.0	-0.294582	-0.157772	0.9425129999999999	0.0	0.00231603	-0.986392	-0.164393	0.0	-2.6042099999999997	-3.09281	-1.23325	0.34695	-0.675268	0.737267	-0.021215599999999998	0.0	0.126088	0.08704830000000001	-0.988193	0.0	-0.726715	-0.66997	-0.15174100000000001	0.0	1.44581	-1.4144700000000001	-0.406246	0.359985	
0	0.9518479999999999	-0.0306541	0.305033	0.0	-0.305215	-0.188203	0.933501	0.0	0.028792599999999998	-0.9816520000000001	-0.188497	0.0	-2.62577	-3.28946	-1.42911	0.348569	-0.675662	0.7369140000000001	-0.0209638	0.0	0.12271300000000002	0.0843827	-0.988848	0.0	-0.726927	-0.6706989999999999	-0.14744300000000002	0.0	1.45031	-1.41172	-0.38472399999999995	0.360006	
0	0.9503440000000001	-0.0390473	0.308743	0.0	-0.309936	-0.20819400000000002	0.927683	0.0	0.0280548	-0.977308	-0.209958	0.0	-2.64609	-3.33649	-1.4846	0.348682	-0.675668	0.736937	-0.0199343	0.0	0.12170299999999999	0.0848336	-0.988935	0.0	-0.7270909999999999	-0.670617	-0.147007	0.0	1.44831	-1.40362	-0.375198	0.359796	
0	0.950368	-0.038947	0.308679	0.0	-0.30985799999999997	-0.207986	0.9277549999999999	0.0	0.028067599999999998	-0.977356	-0.20973200000000003	0.0	-2.64569	-3.33506	-1.48315	0.34867600000000004	-0.675668	0.736937	-0.019930200000000002	0.0	0.121709	0.0848452	-0.988933	0.0	-0.72709	-0.670616	-0.147019	0.0	1.4482899999999999	-1.4039	-0.375427	0.3598	
0	0.9503719999999999	-0.03893	0.30867	0.0	-0.309846	-0.20796199999999998	0.927765	0.0	0.0280736	-0.9773620000000001	-0.20970300000000003	0.0	-2.64563	-3.33494	-1.48301	0.34867600000000004	-0.675668	0.736937	-0.0199293	0.0	0.12170999999999998	0.0848466	-0.988933	0.0	-0.72709	-0.670616	-0.147021	0.0	1.4482899999999999	-1.40393	-0.375448	0.3598	
0	0.9687610000000001	-0.0711658	0.237567	0.0	-0.24793800000000002	-0.25692800000000005	0.934085	0.0	-0.00543721	-0.963807	-0.266546	0.0	-2.60013	-3.36473	-1.4920200000000001	0.353639	-0.681194	0.731633	-0.026245499999999998	0.0	0.116895	0.07330729999999999	-0.9904350000000001	0.0	-0.722711	-0.677746	-0.135461	0.0	1.42377	-1.41915	-0.30204699999999995	0.359829	
0	0.9769700000000001	-0.0661517	0.20286500000000002	0.0	-0.213127	-0.256405	0.94278	0.0	-0.0103511	-0.964303	-0.264598	0.0	-2.58974	-3.36725	-1.48892	0.354479	-0.6846479999999999	0.728428	-0.025502700000000003	0.0	0.114712	0.0731321	-0.9907030000000001	0.0	-0.719791	-0.681208	-0.133629	0.0	1.41701	-1.39855	-0.271475	0.359873	
0	0.977483	-0.0669605	0.20010899999999998	0.0	-0.210594	-0.24972800000000003	0.9451379999999999	0.0	-0.0133143	-0.9659979999999999	-0.258206	0.0	-2.59555	-3.42631	-1.48219	0.35704600000000003	-0.688129	0.725172	-0.0245908	0.0	0.117273	0.0777094	-0.9900549999999999	0.0	-0.7160489999999999	-0.6841689999999999	-0.138517	0.0	1.4190200000000002	-1.3789	-0.255703	0.359689	
0	0.9791129999999999	-0.0565257	0.195299	0.0	-0.203246	-0.247083	0.9474389999999999	0.0	-0.00529964	-0.9673440000000001	-0.253411	0.0	-2.62248	-3.4518199999999997	-1.47668	0.357139	-0.687928	0.725525	-0.0191962	0.0	0.11698099999999999	0.0847382	-0.9895129999999999	0.0	-0.7162890000000001	-0.682959	-0.14316700000000002	0.0	1.42651	-1.37704	-0.256977	0.35995900000000003	
0	0.979824	-0.057614099999999994	0.191381	0.0	-0.199689	-0.242073	0.9494870000000001	0.0	-0.00837578	-0.9685459999999999	-0.248694	0.0	-2.63081	-3.4600699999999995	-1.4766299999999999	0.35735900000000004	-0.6895180000000001	0.724167	-0.0121285	0.0	0.117574	0.0953934	-0.9884719999999999	0.0	-0.714661	-0.682995	-0.150919	0.0	1.43569	-1.37937	-0.272599	0.360299	
0	0.986777	-0.0293258	0.159409	0.0	-0.161925	-0.22196799999999997	0.961515	0.0	0.00718659	-0.974613	-0.223782	0.0	-2.67381	-3.4422599999999997	-1.39765	0.35833000000000004	-0.68371	0.729707	-0.00831604	0.0	0.125453	0.106304	-0.9863879999999999	0.0	-0.7188899999999999	-0.675447	-0.164225	0.0	1.4382	-1.37011	-0.33659	0.360213	
0	0.993583	0.0299868	0.10905799999999999	0.0	-0.0999222	-0.219063	0.9705809999999999	0.0	0.052995299999999995	-0.97525	-0.21466100000000002	0.0	-2.65027	-3.33655	-1.2523600000000001	0.349819	-0.67706	0.7358210000000001	-0.0125338	0.0	0.130243	0.103045	-0.9861129999999999	0.0	-0.7243109999999999	-0.6692899999999999	-0.165603	0.0	1.44879	-1.35451	-0.316112	0.360081	
0	0.995237	0.04272480000000001	0.087626	0.0	-0.0746426	-0.24420799999999998	0.9668459999999999	0.0	0.0627072	-0.968781	-0.23985599999999999	0.0	-2.64712	-3.16908	-1.22806	0.350147	-0.669563	0.7426159999999999	-0.014372799999999998	0.0	0.128181	0.0964679	-0.9870479999999999	0.0	-0.731611	-0.662733	-0.15978	0.0	1.46401	-1.3357	-0.287638	0.360041	
0	0.9984959999999999	0.021433700000000003	0.0504545	0.0	-0.0435129	-0.24991799999999997	0.967289	0.0	0.0333421	-0.96803	-0.24860900000000002	0.0	-2.70349	-3.1731700000000003	-1.1828299999999998	0.349594	-0.66645	0.745367	-0.016513800000000002	0.0	0.130331	0.0946661	-0.986941	0.0	-0.734069	-0.659899	-0.160235	0.0	1.4700799999999998	-1.32533	-0.26558899999999996	0.359865	
0	0.995508	0.0940327	-0.0110073	0.0	0.0347096	-0.25432899999999997	0.9664950000000001	0.0	0.0880827	-0.9625360000000001	-0.25645	0.0	-2.8216099999999997	-3.30723	-1.23084	0.350624	-0.66106	0.7500100000000001	-0.022020500000000002	0.0	0.129323	0.0849786	-0.9879549999999999	0.0	-0.739104	-0.655945	-0.153169	0.0	1.47214	-1.31132	-0.24117399999999997	0.360163	
0	0.994042	0.107182	-0.0198296	0.0	0.0472511	-0.25978	0.964511	0.0	0.0982268	-0.959701	-0.263297	0.0	-2.8501	-3.42115	-1.32283	0.351249	-0.659713	0.751088	-0.025404200000000002	0.0	0.13083599999999998	0.08149989999999999	-0.988049	0.0	-0.740041	-0.6551520000000001	-0.15203599999999998	0.0	1.469	-1.2893	-0.21472600000000003	0.359989	
0	0.991505	0.129194	-0.015030000000000002	0.0	0.0499468	-0.271503	0.961141	0.0	0.120093	-0.953727	-0.275649	0.0	-2.88017	-3.51053	-1.42177	0.350966	-0.658148	0.752418	-0.0266222	0.0	0.131088	0.07970089999999999	-0.9881620000000001	0.0	-0.7413890000000001	-0.6538470000000001	-0.151088	0.0	1.4841799999999998	-1.26579	-0.15916	0.359984	
0	0.990107	0.139204	-0.017591700000000002	0.0	0.055520299999999995	-0.273546	0.960255	0.0	0.128859	-0.9517329999999999	-0.278568	0.0	-2.89508	-3.56627	-1.4551	0.354706	-0.6565380000000001	0.753625	-0.031731999999999996	0.0	0.135103	0.07610139999999999	-0.9879049999999999	0.0	-0.742095	-0.652884	-0.15178	0.0	1.5132299999999999	-1.24061	-0.110925	0.359711	
0	0.9898170000000001	0.142067	-0.0089175	0.0	0.0494654	-0.284543	0.9573860000000001	0.0	0.133476	-0.9480780000000001	-0.288673	0.0	-2.9010599999999998	-3.58371	-1.44909	0.356581	-0.652166	0.757397	-0.0320822	0.0	0.135987	0.0752493	-0.987849	0.0	-0.74578	-0.648604	-0.152071	0.0	1.53073	-1.22129	-0.0722928	0.359985	
0	0.9893700000000001	0.145367	-0.00391103	0.0	0.0460316	-0.287554	0.956658	0.0	0.137942	-0.9466690000000001	-0.291188	0.0	-2.90128	-3.5825099999999996	-1.4530299999999998	0.340174	-0.649656	0.75946	-0.0341816	0.0	0.13913499999999998	0.07457480000000001	-0.9874620000000001	0.0	-0.747388	-0.646266	-0.154116	0.0	1.54126	-1.19949	-0.046151599999999994	0.35963	
0	0.989664	0.143322	-0.00482401	0.0	0.0441671	-0.272633	0.9611040000000001	0.0	0.136432	-0.951383	-0.276145	0.0	-2.84918	-3.5829	-1.5109	0.23249699999999998	-0.6468	0.761975	-0.032311400000000004	0.0	0.135189	0.07285269999999999	-0.988138	0.0	-0.750583	-0.6434949999999999	-0.150132	0.0	1.53894	-1.16811	-0.0174213	0.359631	
0	0.9909959999999999	0.133743	0.00631082	0.0	0.029626099999999995	-0.264998	0.963794	0.0	0.130573	-0.9549290000000001	-0.266575	0.0	-2.7829599999999997	-3.5793800000000005	-1.59087	0.10878399999999999	-0.645353	0.76318	-0.032786800000000005	0.0	0.134626	0.071382	-0.9883219999999999	0.0	-0.751927	-0.642231	-0.14881	0.0	1.5284	-1.1053	0.041068099999999996	0.359487	
0	0.99124	0.131153	0.015562999999999999	0.0	0.015374500000000001	-0.231621	0.972685	0.0	0.131175	-0.963925	-0.23160799999999998	0.0	-2.7875400000000004	-3.5443800000000003	-1.61251	0.10793	-0.6426689999999999	0.765756	-0.0243763	0.0	0.132937	0.0801217	-0.9878809999999999	0.0	-0.754522	-0.638121	-0.153289	0.0	1.53172	-1.07243	0.086265	0.359484	
0	0.9922610000000001	0.123733	0.0103595	0.0	0.011327799999999999	-0.173294	0.9848049999999999	0.0	0.123649	-0.977067	-0.173355	0.0	-2.78203	-3.47002	-1.6510799999999999	0.108287	-0.642117	0.766455	-0.0152476	0.0	0.13966099999999998	0.09740089999999998	-0.985397	0.0	-0.753778	-0.6348699999999999	-0.169586	0.0	1.52714	-1.06617	0.053719	0.359189	
0	0.990192	0.13971	-0.00017508099999999997	0.0	0.0276965	-0.19507	0.980398	0.0	0.13693699999999998	-0.9707879999999999	-0.197026	0.0	-2.70896	-3.4962400000000002	-1.4492200000000002	0.10807699999999999	-0.628682	0.777642	-0.00577477	0.0	0.148886	0.113071	-0.982369	0.0	-0.763278	-0.6184569999999999	-0.186866	0.0	1.5268899999999999	-1.06741	-5.93513e-05	0.358525	
0	0.9847610000000001	0.171242	-0.0303779	0.0	0.07021369999999999	-0.231656	0.970261	0.0	0.15911199999999998	-0.957607	-0.24014899999999997	0.0	-2.64063	-3.28999	-1.3390799999999998	0.107799	-0.616858	0.787034	-0.00798628	0.0	0.153271	0.11016500000000001	-0.982024	0.0	-0.772007	-0.6069939999999999	-0.188586	0.0	1.53043	-1.0709600000000001	-0.018262	0.358956	
0	0.972065	0.22868200000000002	-0.0528562	0.0	0.12016800000000001	-0.291453	0.9490069999999999	0.0	0.20161500000000002	-0.9288489999999999	-0.310791	0.0	-2.60879	-2.7546	-1.17206	0.10804200000000001	-0.552618	0.8322959999999999	-0.0435504	0.0	0.185042	0.0715765	-0.9801209999999999	0.0	-0.8126329999999999	-0.549691	-0.19356500000000001	0.0	1.5468899999999999	-1.07185	-0.0971665	0.359034	
0	0.9671139999999999	0.24873299999999998	-0.0531337	0.0	0.13869	-0.3406	0.9299229999999999	0.0	0.213205	-0.90671	-0.363896	0.0	-2.65239	-2.17905	-1.08502	0.10788699999999998	-0.483385	0.872066	-0.0764258	0.0	0.214788	0.0335146	-0.976086	0.0	-0.848649	-0.48823999999999995	-0.20351	0.0	1.57318	-1.03769	-0.217358	0.35991300000000004	
0	0.950725	0.304873	-0.056335300000000005	0.0	0.177033	-0.384667	0.9059200000000001	0.0	0.254521	-0.8712540000000001	-0.41968500000000003	0.0	-2.69083	-1.53023	-0.881023	0.10788800000000001	-0.411229	0.9065290000000001	-0.09537530000000001	0.0	0.244404	0.00885451	-0.969633	0.0	-0.8781559999999999	-0.42205200000000004	-0.2252	0.0	1.6285100000000001	-0.997231	-0.353589	0.359833	
0	0.9227559999999999	0.382108	-0.050141500000000006	0.0	0.224804	-0.428014	0.875367	0.0	0.313023	-0.819023	-0.48085200000000006	0.0	-2.73863	-0.934113	-0.68447	0.107897	-0.328927	0.935891	-0.126156	0.0	0.28476599999999996	-0.0290738	-0.9581559999999999	0.0	-0.9003969999999999	-0.351088	-0.256947	0.0	1.62001	-1.05397	-0.527516	0.360029	
1	0.865224	0.497055	-0.06575360000000001	0.0	0.299531	-0.407256	0.8628	0.0	0.402081	-0.7662100000000001	-0.501251	0.0	-2.8050599999999997	-0.529787	-0.521352	0.108021	-0.187809	0.957658	-0.218218	0.0	0.35496700000000003	-0.140978	-0.9241879999999999	0.0	-0.9158200000000001	-0.251031	-0.31346	0.0	1.58307	-1.12887	-0.746504	0.359237	
1	0.694159	0.713835	-0.09264589999999999	0.0	0.394331	-0.269434	0.878583	0.0	0.602201	-0.646409	-0.46851800000000005	0.0	-2.81351	-0.349552	-0.446792	0.10802300000000001	-0.07272819999999999	0.936715	-0.342456	0.0	0.38795599999999997	-0.28975300000000004	-0.874948	0.0	-0.9188040000000001	-0.196491	-0.342331	0.0	1.48316	-1.3026799999999998	-0.9274530000000001	0.358552	
1	0.45909099999999997	0.87831	-0.133443	0.0	0.41861899999999996	-0.0813888	0.904508	0.0	0.783578	-0.471113	-0.405043	0.0	-2.71778	-0.35794699999999996	-0.46533800000000003	0.108022	0.0801927	0.847668	-0.5244310000000001	0.0	0.38571	-0.511529	-0.767832	0.0	-0.9191280000000001	-0.140704	-0.367975	0.0	1.24127	-1.54883	-1.0483799999999999	0.358902	
1	0.312278	0.9372370000000001	-0.155143	0.0	0.357514	0.03536040000000001	0.9332379999999999	0.0	0.880151	-0.346896	-0.324033	0.0	-2.6061099999999997	-0.532532	-0.532331	0.108028	0.1124	0.803193	-0.585019	0.0	0.393604	-0.57658	-0.715983	0.0	-0.9123829999999999	-0.149789	-0.380948	0.0	1.0226600000000001	-1.8225799999999999	-1.12355	0.35791300000000004	
1	0.1067	0.959938	-0.259101	0.0	0.272661	0.22235	0.9360639999999999	0.0	0.956175	-0.170525	-0.238013	0.0	-2.47322	-0.730433	-0.6643359999999999	0.10776	0.0529798	0.8199540000000001	-0.569972	0.0	0.41393199999999997	-0.537461	-0.734708	0.0	-0.9087649999999999	-0.19700499999999999	-0.36788000000000004	0.0	0.77	-2.07177	-1.14605	0.357634	
1	-0.042345	0.938059	-0.343879	0.0	0.223597	0.344356	0.911824	0.0	0.9737610000000001	-0.038279099999999996	-0.224329	0.0	-2.3668099999999996	-0.8810100000000001	-0.828548	0.10801400000000001	-0.18342999999999998	0.9112239999999999	-0.368815	0.0	0.395165	-0.275183	-0.876424	0.0	-0.9001100000000001	-0.306505	-0.309607	0.0	0.5528310000000001	-2.33875	-1.0713700000000002	0.356881	
1	-0.0946993	0.935708	-0.339826	0.0	0.186371	0.351989	0.9172620000000001	0.0	0.9779049999999999	0.0235304	-0.207722	0.0	-2.25592	-1.0172700000000001	-0.9722729999999999	0.108026	-0.334836	0.928741	-0.15914	0.0	0.353698	-0.0326595	-0.934789	0.0	-0.873375	-0.369288	-0.317558	0.0	0.36634099999999997	-2.48355	-1.06261	0.356555	
1	-0.178351	0.9006049999999999	-0.396361	0.0	0.16851300000000002	0.424824	0.8894540000000001	0.0	0.9694299999999999	0.0918432	-0.227532	0.0	-2.16915	-1.08559	-1.12463	0.107754	-0.47539799999999993	0.879733	0.00819162	0.0	0.27105799999999997	0.15532200000000002	-0.9499489999999999	0.0	-0.836973	-0.449383	-0.312299	0.0	0.298568	-2.6012	-1.00494	0.357162	
1	-0.174205	0.8998450000000001	-0.399915	0.0	0.173147	0.427788	0.8871399999999999	0.0	0.969367	0.08530039999999998	-0.23032800000000003	0.0	-2.15171	-1.21915	-1.31592	0.108021	-0.529792	0.8456100000000001	0.0653016	0.0	0.260657	0.23560799999999998	-0.936241	0.0	-0.80708	-0.47899200000000003	-0.345237	0.0	0.273264	-2.58773	-0.9936209999999999	0.356682	
1	-0.22660100000000002	0.869833	-0.43822700000000003	0.0	0.18070899999999998	0.47966499999999995	0.858642	0.0	0.9570770000000001	0.115378	-0.265879	0.0	-2.12725	-1.2442799999999998	-1.43612	0.108018	-0.616426	0.767046	0.177931	0.0	0.21253200000000003	0.379659	-0.900383	0.0	-0.758188	-0.517203	-0.397054	0.0	0.31197199999999997	-2.5419	-1.02219	0.356651	
1	-0.257432	0.820543	-0.5103310000000001	0.0	0.177886	0.559348	0.809621	0.0	0.949782	0.11764100000000001	-0.289957	0.0	-2.1417900000000003	-1.25139	-1.4823600000000001	0.108019	-0.661913	0.693994	0.283271	0.0	0.163393	0.5024029999999999	-0.8490549999999999	0.0	-0.7315550000000001	-0.515716	-0.445941	0.0	0.35575999999999997	-2.45685	-1.04298	0.35717600000000005	
1	-0.264234	0.769656	-0.581214	0.0	0.21485700000000002	0.634464	0.742491	0.0	0.9402219999999999	0.07131389999999999	-0.333013	0.0	-2.15161	-1.30303	-1.5348	0.10802300000000001	-0.694735	0.607011	0.385853	0.0	0.11024	0.619976	-0.776838	0.0	-0.7107680000000001	-0.497159	-0.49763599999999997	0.0	0.397505	-2.2831799999999998	-1.08586	0.357288	
1	-0.27409	0.720586	-0.636892	0.0	0.226267	0.6919810000000001	0.6855399999999999	0.0	0.934708	0.043791699999999996	-0.35270999999999997	0.0	-2.1368099999999997	-1.37216	-1.53378	0.10776199999999998	-0.703738	0.55935	0.438042	0.0	0.09521260000000001	0.685251	-0.722056	0.0	-0.704051	-0.46643100000000004	-0.5354939999999999	0.0	0.42571899999999996	-2.14628	-1.11561	0.356813	
1	-0.292916	0.6416430000000001	-0.708869	0.0	0.200246	0.766113	0.610715	0.0	0.934934	0.03694	-0.35289299999999996	0.0	-2.0787	-1.48127	-1.5334	0.108022	-0.684144	0.5662050000000001	0.45973800000000004	0.0	0.11700999999999999	0.707384	-0.6970770000000001	0.0	-0.7199	-0.42310699999999996	-0.550204	0.0	0.442881	-1.9942	-1.0883399999999999	0.356695	
1	-0.318168	0.555725	-0.768075	0.0	0.160077	0.8300350000000001	0.5342439999999999	0.0	0.934422	0.0470288	-0.353049	0.0	-2.04799	-1.60006	-1.58255	0.10802300000000001	-0.674401	0.572001	0.46690299999999996	0.0	0.140215	0.7200529999999999	-0.679606	0.0	-0.72493	-0.39286	-0.565808	0.0	0.42150200000000004	-1.8532799999999998	-1.03716	0.35594000000000003	
1	-0.32974000000000003	0.49699099999999996	-0.802665	0.0	0.107075	0.864418	0.49123900000000004	0.0	0.9379799999999999	0.0760362	-0.33824899999999997	0.0	-1.9549299999999998	-1.6702299999999999	-1.5507	0.10776500000000001	-0.631097	0.608314	0.481322	0.0	0.14488900000000002	0.702018	-0.697264	0.0	-0.7620520000000001	-0.370303	-0.53118	0.0	0.378888	-1.82305	-0.9820409999999999	0.35580900000000004	
1	-0.34087	0.43187700000000007	-0.835039	0.0	0.0407663	0.8941899999999999	0.445828	0.0	0.939226	0.11792799999999999	-0.322408	0.0	-1.90715	-1.6814900000000002	-1.57421	0.108024	-0.614432	0.62762	0.47808599999999996	0.0	0.154646	0.690013	-0.707083	0.0	-0.7736649999999999	-0.36052	-0.521025	0.0	0.322386	-1.84693	-0.985368	0.356108	
1	-0.34729099999999996	0.390964	-0.8523709999999999	0.0	0.00442259	0.9096190000000001	0.41541999999999996	0.0	0.9377469999999999	0.140502	-0.317632	0.0	-1.8328400000000002	-1.6674400000000003	-1.55969	0.10776	-0.608874	0.630981	0.48076499999999994	0.0	0.160183	0.691369	-0.704522	0.0	-0.776926	-0.351954	-0.522029	0.0	0.264125	-1.85038	-0.999575	0.356098	
1	-0.359697	0.32063600000000003	-0.8762479999999999	0.0	-0.0749435	0.926141	0.369657	0.0	0.930055	0.198633	-0.3091	0.0	-1.7377	-1.60205	-1.54211	0.108021	-0.588525	0.650489	0.48010600000000003	0.0	0.172806	0.681326	-0.71129	0.0	-0.789795	-0.335647	-0.5133850000000001	0.0	0.200008	-1.8378599999999998	-1.03364	0.355619	
1	-0.354723	0.28931100000000004	-0.889084	0.0	-0.113426	0.930582	0.348069	0.0	0.928066	0.224313	-0.297284	0.0	-1.65652	-1.53419	-1.49118	0.10776500000000001	-0.568972	0.672255	0.473649	0.0	0.181418	0.664385	-0.725038	0.0	-0.802096	-0.326598	-0.499975	0.0	0.15257300000000001	-1.8492	-1.04641	0.355796	
1	-0.347182	0.237875	-0.907127	0.0	-0.169666	0.9354	0.310225	0.0	0.922322	0.261613	-0.284395	0.0	-1.56188	-1.49298	-1.4688700000000001	0.10776600000000001	-0.563975	0.6779999999999999	0.47143199999999996	0.0	0.189629	0.661958	-0.7251569999999999	0.0	-0.803725	-0.319573	-0.501896	0.0	0.110116	-1.8854799999999998	-1.08008	0.355798	
1	-0.34849	0.21180100000000002	-0.913069	0.0	-0.192191	0.937291	0.290773	0.0	0.9173969999999999	0.276816	-0.28593	0.0	-1.5204600000000001	-1.45597	-1.43749	0.107983	-0.5643560000000001	0.6756449999999999	0.47434799999999994	0.0	0.191423	0.666039	-0.7209369999999999	0.0	-0.803032	-0.31606300000000004	-0.505217	0.0	0.100175	-1.89913	-1.1171799999999998	0.356142	
1	-0.344407	0.179829	-0.9214370000000001	0.0	-0.220291	0.938601	0.265517	0.0	0.91261	0.29443	-0.283646	0.0	-1.5001200000000001	-1.4430399999999999	-1.41927	0.107993	-0.565613	0.672375	0.477488	0.0	0.191654	0.670324	-0.716892	0.0	-0.802092	-0.313971	-0.508008	0.0	0.126425	-1.8676099999999998	-1.09269	0.355771	
1	-0.342844	0.167323	-0.9243709999999999	0.0	-0.229229	0.939362	0.255056	0.0	0.9109950000000001	0.29933699999999996	-0.283699	0.0	-1.47704	-1.43715	-1.39681	0.107964	-0.565699	0.669647	0.481205	0.0	0.192024	0.674487	-0.712878	0.0	-0.8019430000000001	-0.310871	-0.5101439999999999	0.0	0.151866	-1.86163	-1.0618	0.354044	
1	-0.341685	0.129121	-0.930902	0.0	-0.25566	0.940392	0.22427600000000003	0.0	0.904372	0.314626	-0.28830700000000004	0.0	-1.47212	-1.47775	-1.38982	0.107921	-0.57168	0.666772	0.47811800000000004	0.0	0.157172	0.660937	-0.733798	0.0	-0.8052819999999999	-0.344351	-0.482642	0.0	0.17281300000000002	-1.84368	-1.04383	0.3161	
1	-0.336102	0.142837	-0.930932	0.0	-0.20584499999999997	0.9533950000000001	0.22060100000000002	0.0	0.919056	0.26577199999999995	-0.291035	0.0	-1.45757	-1.5036	-1.33982	0.10784400000000001	-0.624433	0.6319	0.45911499999999994	0.0	0.147799	0.672768	-0.7249399999999999	0.0	-0.766968	-0.384819	-0.513493	0.0	0.149726	-1.8622400000000001	-1.0052	0.23389400000000002	
1	-0.33445	0.153588	-0.9298139999999999	0.0	-0.16959000000000002	0.960715	0.21969299999999997	0.0	0.9270290000000001	0.23116399999999998	-0.295265	0.0	-1.4375799999999999	-1.4692399999999999	-1.2923200000000001	0.108373	-0.59954	0.652492	0.46347200000000005	0.0	0.169869	0.669638	-0.723	0.0	-0.782111	-0.354738	-0.512313	0.0	0.16308599999999998	-1.88336	-0.9615	0.23415	
1	-0.332206	0.163251	-0.9289709999999999	0.0	-0.15847	0.961247	0.225593	0.0	0.9297989999999999	0.22215700000000002	-0.293462	0.0	-1.40104	-1.43717	-1.26421	0.108747	-0.5932189999999999	0.656123	0.46646899999999997	0.0	0.17688800000000002	0.671509	-0.7195739999999999	0.0	-0.785367	-0.344352	-0.514412	0.0	0.193955	-1.87178	-0.935383	0.23441599999999999	
1	-0.322233	0.18318399999999999	-0.928768	0.0	-0.153195	0.9580770000000001	0.242115	0.0	0.934183	0.2203	-0.280661	0.0	-1.40293	-1.425	-1.25855	0.113732	-0.586774	0.664776	0.46235200000000004	0.0	0.149803	0.650243	-0.744811	0.0	-0.795774	-0.367774	-0.48113100000000003	0.0	0.21339899999999998	-1.8515700000000002	-0.9229459999999999	0.233938	
1	-0.328892	0.180199	-0.927016	0.0	-0.155361	0.9579270000000001	0.24132800000000001	0.0	0.9315	0.22339299999999998	-0.287058	0.0	-1.39629	-1.37619	-1.21215	0.24026	-0.5920920000000001	0.6641020000000001	0.456504	0.0	0.15127000000000002	0.647993	-0.7464729999999999	0.0	-0.791546	-0.37292600000000004	-0.48413	0.0	0.17286500000000002	-1.88022	-0.9445379999999999	0.23393200000000003	
1	-0.318452	0.222621	-0.921427	0.0	-0.141234	0.95004	0.278345	0.0	0.937359	0.21877600000000003	-0.27110100000000004	0.0	-1.37455	-1.34195	-1.17438	0.35754600000000003	-0.614931	0.647613	0.449953	0.0	0.136188	0.649226	-0.748304	0.0	-0.776732	-0.398877	-0.487426	0.0	0.197648	-1.88759	-0.983841	0.23388299999999998	
1	-0.315753	0.232675	-0.9198709999999999	0.0	-0.134937	0.9486030000000001	0.286261	0.0	0.939198	0.21451199999999998	-0.26812800000000003	0.0	-1.36715	-1.339	-1.1696799999999998	0.358148	-0.619316	0.643275	0.45016000000000006	0.0	0.135549	0.652341	-0.7457060000000001	0.0	-0.773352	-0.400809	-0.491201	0.0	0.20638	-1.8849099999999999	-0.9841850000000001	0.233879	
1	-0.27070700000000003	0.39050100000000004	-0.8799020000000001	0.0	-0.032673900000000006	0.909776	0.413812	0.0	0.9621069999999999	0.140772	-0.23352399999999998	0.0	-1.44214	-1.45066	-1.0888	0.364222	-0.68008	0.5774590000000001	0.4517	0.0	0.13913699999999998	0.7065819999999999	-0.693818	0.0	-0.7198140000000001	-0.409003	-0.560878	0.0	0.322542	-1.77063	-1.0953899999999999	0.23392399999999997	
1	-0.192923	0.516957	-0.833988	0.0	0.073461	0.8551790000000001	0.5131	0.0	0.97846	0.0377232	-0.20296	0.0	-1.53915	-1.63776	-1.0050700000000001	0.363969	-0.720953	0.513658	0.46517	0.0	0.11366199999999999	0.749815	-0.6518109999999999	0.0	-0.6836	-0.41705299999999995	-0.598965	0.0	0.497126	-1.6270200000000001	-1.16425	0.233923	
2	-0.127375	0.5761689999999999	-0.807345	0.0	0.12404000000000001	0.8168380000000001	0.5633739999999999	0.0	0.984068	-0.028383299999999997	-0.175512	0.0	-1.5936700000000001	-1.75204	-0.957526	0.363975	-0.74173	0.48939799999999994	0.45861499999999994	0.0	0.100517	0.7571760000000001	-0.6454300000000001	0.0	-0.6631239999999999	-0.43263599999999997	-0.610813	0.0	0.5838300000000001	-1.56427	-1.17151	0.233929	
2	0.04566919999999999	0.71913	-0.6933739999999999	0.0	0.310569	0.6494800000000001	0.694062	0.0	0.9494530000000001	-0.247038	-0.193678	0.0	-1.86717	-2.06986	-0.998151	0.36245700000000003	-0.8013680000000001	0.352152	0.48352700000000004	0.0	-0.046678500000000005	0.769061	-0.637469	0.0	-0.5963470000000001	-0.533417	-0.599863	0.0	0.873258	-1.46517	-1.12963	0.23399999999999999	
2	0.182049	0.783379	-0.594286	0.0	0.44934399999999997	0.471308	0.7589199999999999	0.0	0.874613	-0.405199	-0.266205	0.0	-2.0922099999999997	-2.26484	-1.15564	0.360279	-0.8367979999999999	0.201252	0.5091829999999999	0.0	-0.226496	0.719444	-0.656582	0.0	-0.49846599999999996	-0.664755	-0.556446	0.0	1.0451700000000002	-1.5007	-1.1057	0.23387600000000003	
2	0.303899	0.802022	-0.514204	0.0	0.519361	0.313013	0.795165	0.0	0.798692	-0.508707	-0.321415	0.0	-2.28425	-2.38265	-1.32341	0.355423	-0.853734	0.08789939999999999	0.513238	0.0	-0.347382	0.6381060000000001	-0.68713	0.0	-0.387898	-0.764915	-0.5142369999999999	0.0	1.25404	-1.61337	-1.09184	0.23399299999999998	
2	0.32602	0.835717	-0.44191499999999995	0.0	0.563088	0.203821	0.800868	0.0	0.75937	-0.509936	-0.404132	0.0	-2.36919	-2.3142	-1.55577	0.349146	-0.8731899999999999	-0.0181763	0.48704200000000003	0.0	-0.42422200000000004	0.520328	-0.7411439999999999	0.0	-0.23995	-0.853773	-0.462055	0.0	1.53979	-1.83434	-1.12354	0.23399	
2	0.333808	0.865489	-0.373498	0.0	0.594903	0.113927	0.795683	0.0	0.731206	-0.48780100000000004	-0.47685200000000005	0.0	-2.38837	-2.15509	-1.6656799999999998	0.34839899999999996	-0.8849370000000001	-0.0895383	0.45702299999999996	0.0	-0.45332799999999995	0.39041	-0.801295	0.0	-0.10668	-0.916277	-0.386079	0.0	1.79903	-2.08062	-1.1654799999999998	0.23390500000000003	
2	0.35851	0.878655	-0.315334	0.0	0.608876	0.0359621	0.79245	0.0	0.70763	-0.476101	-0.522099	0.0	-2.39014	-2.04334	-1.75131	0.34763	-0.8881889999999999	-0.136139	0.43884700000000004	0.0	-0.45700100000000005	0.36078899999999997	-0.8130069999999999	0.0	-0.0476489	-0.922658	-0.38266500000000003	0.0	2.08269	-2.30536	-1.2373	0.23399299999999998	
2	0.385276	0.8731459999999999	-0.298627	0.0	0.607847	0.00336155	0.7940470000000001	0.0	0.6943229999999999	-0.487447	-0.5294439999999999	0.0	-2.39357	-2.04894	-1.72682	0.347454	-0.8887120000000001	-0.178794	0.422166	0.0	-0.458462	0.342557	-0.820041	0.0	0.00200246	-0.922327	-0.386405	0.0	2.3390299999999997	-2.50897	-1.34323	0.233882	
2	0.385418	0.873483	-0.297456	0.0	0.6072310000000001	0.00262978	0.794521	0.0	0.694783	-0.48684700000000003	-0.529393	0.0	-2.39455	-2.05439	-1.7281099999999998	0.34723000000000004	-0.8875559999999999	-0.18757200000000002	0.420786	0.0	-0.46065600000000007	0.348718	-0.816206	0.0	0.00636186	-0.918266	-0.395913	0.0	2.39375	-2.53404	-1.37202	0.233988	
2	0.39998	0.8701530000000001	-0.28783800000000004	0.0	0.6045010000000001	-0.014402799999999999	0.796474	0.0	0.688909	-0.492572	-0.5317689999999999	0.0	-2.39527	-2.10011	-1.7247400000000002	0.34723200000000004	-0.8887	-0.23300500000000002	0.394869	0.0	-0.454574	0.335458	-0.825125	0.0	0.0597961	-0.9127850000000001	-0.40404	0.0	2.58855	-2.6406400000000003	-1.48551	0.234094	
2	0.404013	0.870591	-0.28079499999999996	0.0	0.601495	-0.0215635	0.798586	0.0	0.689186	-0.491536	-0.5323680000000001	0.0	-2.40124	-2.11616	-1.71563	0.347066	-0.8876440000000001	-0.256021	0.382807	0.0	-0.452895	0.334556	-0.826413	0.0	0.0835085	-0.906932	-0.412918	0.0	2.5702599999999998	-2.6499	-1.47651	0.234116	
2	0.406656	0.870223	-0.278106	0.0	0.6030909999999999	-0.027051099999999998	0.797214	0.0	0.686231	-0.491915	-0.535824	0.0	-2.40537	-2.1505900000000002	-1.67357	0.347206	-0.8822840000000001	-0.25854299999999997	0.393358	0.0	-0.464282	0.34025500000000003	-0.8177220000000001	0.0	0.0775743	-0.904092	-0.420238	0.0	2.5794	-2.6572299999999998	-1.46959	0.23409499999999997	
2	0.41387299999999994	0.8679309999999999	-0.2746	0.0	0.5977779999999999	-0.0316138	0.801038	0.0	0.686565	-0.49567799999999995	-0.531914	0.0	-2.38059	-2.18872	-1.6629900000000002	0.347389	-0.8782620000000001	-0.26723600000000003	0.396537	0.0	-0.46937	0.323319	-0.821679	0.0	0.0913743	-0.9077719999999999	-0.40939200000000003	0.0	2.57206	-2.65473	-1.4736	0.23414899999999997	
2	0.4117	0.8689819999999999	-0.274542	0.0	0.597884	-0.0301928	0.801014	0.0	0.6877770000000001	-0.493922	-0.531981	0.0	-2.35795	-2.1978	-1.6695099999999998	0.347394	-0.868934	-0.282366	0.406477	0.0	-0.47776199999999996	0.26411799999999996	-0.8378459999999999	0.0	0.129221	-0.9222309999999999	-0.36440500000000003	0.0	2.55348	-2.64535	-1.4924899999999999	0.23419	
2	0.41097399999999995	0.8696450000000001	-0.27353	0.0	0.598869	-0.031314299999999996	0.800235	0.0	0.687354	-0.492684	-0.533673	0.0	-2.35616	-2.1991099999999997	-1.67147	0.347642	-0.863981	-0.298081	0.405814	0.0	-0.4824	0.259011	-0.836782	0.0	0.144318	-0.9187280000000001	-0.367575	0.0	2.54631	-2.6529599999999998	-1.4859200000000001	0.23424699999999998	
2	0.408894	0.8691409999999999	-0.278208	0.0	0.598417	-0.0252008	0.8007890000000001	0.0	0.688987	-0.493922	-0.530413	0.0	-2.33917	-2.2037	-1.6716900000000001	0.347061	-0.833606	-0.359998	0.41893100000000005	0.0	-0.5152979999999999	0.23370700000000003	-0.8245299999999999	0.0	0.19892200000000002	-0.903207	-0.380326	0.0	2.52223	-2.68518	-1.47231	0.234183	
2	0.40917	0.8699209999999999	-0.275351	0.0	0.597288	-0.027222000000000003	0.801565	0.0	0.689802	-0.49244	-0.5307310000000001	0.0	-2.31903	-2.20412	-1.67429	0.347434	-0.811623	-0.401687	0.42416499999999996	0.0	-0.53622	0.224138	-0.813775	0.0	0.23181100000000002	-0.8879239999999999	-0.397309	0.0	2.5030099999999997	-2.7083	-1.46007	0.234104	
2	0.41189799999999993	0.869073	-0.273957	0.0	0.597546	-0.0306307	0.80125	0.0	0.687952	-0.49373599999999995	-0.531928	0.0	-2.2781	-2.21188	-1.68133	0.347342	-0.795744	-0.43320299999999995	0.42323299999999997	0.0	-0.546175	0.21134699999999998	-0.810571	0.0	0.261693	-0.876166	-0.404783	0.0	2.48392	-2.72095	-1.45357	0.23415300000000003	
2	0.41225200000000006	0.8687020000000001	-0.27460100000000004	0.0	0.598745	-0.031151400000000003	0.800334	0.0	0.686697	-0.49435500000000004	-0.5329729999999999	0.0	-2.31963	-2.21006	-1.67367	0.347037	-0.793376	-0.446518	0.413734	0.0	-0.539454	0.20083	-0.817714	0.0	0.282034	-0.8719459999999999	-0.40021	0.0	2.46454	-2.72229	-1.45495	0.234145	
2	0.412421	0.870325	-0.269152	0.0	0.5997640000000001	-0.0370165	0.799321	0.0	0.685706	-0.491084	-0.5372560000000001	0.0	-2.32712	-2.21932	-1.64578	0.34723000000000004	-0.795354	-0.46374799999999994	0.39032100000000003	0.0	-0.529601	0.218431	-0.819641	0.0	0.29484899999999997	-0.858619	-0.41933100000000006	0.0	2.4508	-2.73906	-1.44013	0.2342	
2	0.411246	0.8718030000000001	-0.26615	0.0	0.595356	-0.035798199999999995	0.802664	0.0	0.690238	-0.488546	-0.533755	0.0	-2.30139	-2.2408200000000003	-1.6392099999999998	0.347326	-0.795085	-0.46966199999999997	0.383743	0.0	-0.527878	0.22433699999999998	-0.819157	0.0	0.298639	-0.8538680000000001	-0.426291	0.0	2.4483099999999998	-2.74724	-1.43264	0.234217	
2	0.409944	0.872009	-0.267482	0.0	0.596637	-0.0345518	0.801767	0.0	0.689906	-0.48826899999999995	-0.5344369999999999	0.0	-2.29337	-2.24315	-1.63689	0.347377	-0.79475	-0.472415	0.38104699999999997	0.0	-0.527162	0.22615500000000002	-0.819118	0.0	0.300788	-0.851867	-0.42877600000000005	0.0	2.44761	-2.7503599999999997	-1.43016	0.234256	
2	0.406449	0.874187	-0.265701	0.0	0.594668	-0.0323266	0.803321	0.0	0.6936640000000001	-0.484513	-0.53299	0.0	-2.25645	-2.25375	-1.63852	0.347696	-0.799353	-0.495307	0.340156	0.0	-0.502057	0.239554	-0.830995	0.0	0.330112	-0.8350360000000001	-0.44016099999999997	0.0	3.03153	-3.03871	-1.52112	0.23419600000000002	
2	0.40687199999999996	0.8745780000000001	-0.263759	0.0	0.59241	-0.032836300000000006	0.804967	0.0	0.695346	-0.48377200000000004	-0.531469	0.0	-2.2482599999999997	-2.25847	-1.64527	0.347866	-0.8005399999999999	-0.503189	0.32548	0.0	-0.49438699999999997	0.24756599999999998	-0.833242	0.0	0.3387	-0.8279569999999999	-0.446956	0.0	3.02009	-3.04422	-1.50681	0.23408600000000002	
2	0.405998	0.8754190000000001	-0.262309	0.0	0.592474	-0.0335991	0.8048890000000001	0.0	0.695802	-0.482195	-0.532304	0.0	-2.24056	-2.2616400000000003	-1.6483900000000002	0.34787199999999996	-0.802982	-0.521466	0.288606	0.0	-0.48345600000000005	0.286698	-0.8270879999999999	0.0	0.348556	-0.803665	-0.48231899999999994	0.0	3.00336	-3.07302	-1.46926	0.23417399999999997	
2	0.403161	0.876458	-0.263216	0.0	0.592259	-0.0306272	0.8051649999999999	0.0	0.6976319999999999	-0.48050299999999996	-0.531438	0.0	-2.22285	-2.26555	-1.6495099999999998	0.347636	-0.80128	-0.554945	0.223575	0.0	-0.45739399999999997	0.327314	-0.826835	0.0	0.385669	-0.764789	-0.516098	0.0	2.9535099999999996	-3.10586	-1.4147100000000001	0.23401799999999998	
2	0.402522	0.877491	-0.26074200000000003	0.0	0.5916239999999999	-0.0320162	0.805578	0.0	0.698539	-0.478524	-0.532032	0.0	-2.21956	-2.2688099999999998	-1.64747	0.34770700000000004	-0.801942	-0.5599649999999999	0.208154	0.0	-0.44831499999999996	0.333806	-0.829209	0.0	0.394845	-0.758296	-0.518734	0.0	2.94011	-3.10785	-1.4036600000000001	0.234006	
2	0.405516	0.876258	-0.260246	0.0	0.589353	-0.0330061	0.8072010000000001	0.0	0.6987270000000001	-0.48071	-0.52981	0.0	-2.20498	-2.28438	-1.6053600000000001	0.347914	-0.81633	-0.539121	0.207256	0.0	-0.441223	0.350508	-0.826116	0.0	0.372731	-0.765828	-0.524003	0.0	2.95965	-3.12315	-1.40039	0.234075	
2	0.404817	0.876484	-0.260573	0.0	0.588559	-0.03167059999999999	0.807834	0.0	0.699801	-0.48038800000000004	-0.528683	0.0	-2.1964599999999996	-2.28746	-1.59768	0.347987	-0.831515	-0.5163989999999999	0.204733	0.0	-0.428713	0.362183	-0.827665	0.0	0.35325500000000004	-0.775987	-0.5225479999999999	0.0	2.9747	-3.13687	-1.39516	0.23412600000000003	
2	0.406381	0.876767	-0.25716500000000003	0.0	0.587924	-0.0354671	0.808138	0.0	0.6994279999999999	-0.479605	-0.529886	0.0	-2.189	-2.29522	-1.58455	0.348638	-0.878999	-0.442453	0.177757	0.0	-0.349128	0.34329499999999996	-0.871928	0.0	0.324764	-0.828483	-0.456229	0.0	2.97496	-3.1413	-1.38982	0.23434499999999997	
2	0.40584899999999996	0.8765219999999999	-0.258837	0.0	0.588125	-0.0336923	0.808068	0.0	0.699569	-0.480182	-0.5291779999999999	0.0	-2.18847	-2.2995	-1.57548	0.34896	-0.913082	-0.370832	0.169604	0.0	-0.304502	0.343421	-0.8884479999999999	0.0	0.271219	-0.8628709999999999	-0.426491	0.0	2.99445	-3.17872	-1.3549	0.234945	
2	0.40571	0.876066	-0.26059	0.0	0.587787	-0.0317462	0.808393	0.0	0.699933	-0.481145	-0.52782	0.0	-2.18581	-2.2993099999999997	-1.57998	0.349113	-0.934768	-0.31552199999999997	0.16326300000000002	0.0	-0.27282399999999996	0.343217	-0.89876	0.0	0.227543	-0.884674	-0.40691	0.0	2.98644	-3.22371	-1.28004	0.24831199999999998	
2	0.404469	0.87646	-0.261193	0.0	0.5874060000000001	-0.0300663	0.808733	0.0	0.70097	-0.480534	-0.526999	0.0	-2.18532	-2.29845	-1.58507	0.350221	-0.955851	-0.24520100000000003	0.161943	0.0	-0.241378	0.34086700000000003	-0.908596	0.0	0.16758699999999999	-0.9075719999999999	-0.385004	0.0	2.88868	-3.35777	-1.01566	0.35473499999999997	
