3	-0.149276	0.9002049999999999	-0.409082	0.0	0.11129000000000001	0.42638400000000004	0.8976700000000001	0.0	0.982513	0.0884737	-0.163833	0.0	-2.7413	1.95977	1.4123700000000001	0.0	0.0448438	0.9901399999999999	-0.132714	0.0	-0.016878900000000002	-0.132078	-0.9910959999999999	0.0	-0.998851	0.0466846	0.0107894	0.0	2.64724	1.9685700000000002	1.63283	0.0	
3	-0.137917	0.915067	-0.378988	0.0	0.100811	0.393627	0.913726	0.0	0.9853	0.0878125	-0.146536	0.0	-2.7298299999999998	1.9416400000000003	1.43159	0.0	0.0391155	0.992658	-0.11445699999999999	0.0	-0.0275507	-0.113429	-0.9931639999999999	0.0	-0.9988549999999999	0.0420014	0.022911700000000004	0.0	2.64839	1.9506599999999998	1.6304	0.0	
3	-0.0944255	0.93516	-0.341408	0.0	0.100332	0.350134	0.9313110000000001	0.0	0.9904629999999999	0.053685300000000005	-0.126888	0.0	-2.68885	1.9017	1.5082	0.0	0.015830200000000003	0.9994799999999999	-0.0280987	0.0	-0.0698052	-0.026929	-0.9971969999999999	0.0	-0.9974350000000001	0.017747400000000003	0.0693424	0.0	2.63073	1.85172	1.65572	0.0	
3	-0.045302999999999996	0.960158	-0.27576300000000004	0.0	0.08792480000000001	0.278807	0.9563139999999999	0.0	0.9950959999999999	0.019077599999999997	-0.09705239999999998	0.0	-2.6939	1.7876599999999998	1.56483	0.0	0.0176415	0.999245	0.0346254	0.0	-0.0554063	0.03555440000000001	-0.9978309999999999	0.0	-0.998308	0.0156848	0.055991599999999996	0.0	2.61045	1.76003	1.62521	0.040168300000000004	
3	0.124286	0.9830610000000001	-0.1347	0.0	0.125048	0.119152	0.9849700000000001	0.0	0.9843350000000001	-0.139262	-0.10812100000000001	0.0	-2.76458	1.35001	1.6281700000000001	0.21176199999999998	-0.130521	0.987977	0.0828596	0.0	0.06303330000000001	0.0916745	-0.993792	0.0	-0.98944	-0.12448800000000002	-0.074241	0.0	2.47749	1.42141	1.5090299999999999	0.358239	
3	0.383461	0.9234100000000001	-0.0164895	0.0	0.205657	-0.0679695	0.976261	0.0	0.9003680000000001	-0.377749	-0.21597	0.0	-2.61606	0.8360549999999999	1.37316	0.350615	-0.301546	0.945398	0.12366300000000001	0.0	0.104101	0.16157	-0.981355	0.0	-0.947752	-0.28305	-0.14713800000000002	0.0	2.1792700000000003	0.825348	1.23261	0.360414	
3	0.55576	0.8312799999999999	0.010190799999999998	0.0	0.209657	-0.152009	0.965887	0.0	0.8044720000000001	-0.534665	-0.258764	0.0	-2.5283	0.33150599999999997	1.03396	0.353073	-0.520975	0.832775	0.187274	0.0	0.104359	0.279898	-0.954341	0.0	-0.8471690000000001	-0.47764300000000004	-0.232727	0.0	1.97071	0.243983	0.787868	0.358755	
3	0.760534	0.649296	-0.00135812	0.0	0.194953	-0.226356	0.9543360000000001	0.0	0.6193390000000001	-0.72607	-0.298734	0.0	-2.68425	-0.300112	0.6590689999999999	0.350754	-0.659887	0.724167	0.200328	0.0	0.07681239999999999	0.330241	-0.940766	0.0	-0.747428	-0.605412	-0.273547	0.0	1.8028	-0.373515	0.139456	0.357716	
3	0.852345	0.516406	-0.08266130000000001	0.0	0.211961	-0.196614	0.9572959999999999	0.0	0.478101	-0.833468	-0.277041	0.0	-2.82572	-0.8353879999999999	0.245608	0.35044000000000003	-0.665497	0.728422	0.16283699999999998	0.0	0.07775180000000001	0.28463	-0.9554790000000001	0.0	-0.74234	-0.623207	-0.24605700000000003	0.0	1.6267200000000002	-0.792141	-0.309906	0.35907100000000003	
3	0.878885	0.46735699999999997	-0.0955945	0.0	0.212534	-0.20422300000000002	0.9555739999999999	0.0	0.427072	-0.860157	-0.278818	0.0	-2.8542799999999997	-1.0790799999999998	-0.0832498	0.351916	-0.6517	0.7434470000000001	0.150247	0.0	0.0660271	0.252946	-0.965225	0.0	-0.755598	-0.619116	-0.21393299999999998	0.0	1.4599	-0.968566	-0.477596	0.35930100000000004	
3	0.923117	0.347024	-0.16562000000000002	0.0	0.244106	-0.19608699999999998	0.949717	0.0	0.297099	-0.917128	-0.26572199999999996	0.0	-2.8656200000000003	-1.35449	-0.44156999999999996	0.351587	-0.653904	0.747268	0.118328	0.0	0.0472972	0.196468	-0.979369	0.0	-0.7550979999999999	-0.6348159999999999	-0.16381500000000002	0.0	1.24053	-1.1507100000000001	-0.548958	0.359681	
3	0.936552	0.284368	-0.204954	0.0	0.261265	-0.176488	0.948996	0.0	0.233692	-0.9423309999999999	-0.239585	0.0	-2.91134	-1.51885	-0.6527029999999999	0.350174	-0.647212	0.754872	0.106228	0.0	0.043359800000000004	0.17557799999999998	-0.98351	0.0	-0.761076	-0.631934	-0.146368	0.0	1.12446	-1.17383	-0.546254	0.35973	
3	0.938141	0.285609	-0.19575399999999998	0.0	0.25517199999999995	-0.188124	0.948418	0.0	0.23405	-0.939701	-0.24936599999999998	0.0	-2.93642	-1.55758	-0.754468	0.350459	-0.6440020000000001	0.7580279999999999	0.103224	0.0	0.043394699999999994	0.170908	-0.984331	0.0	-0.763792	-0.629432	-0.142959	0.0	1.10022	-1.17392	-0.5488729999999999	0.359485	
3	0.94926	0.279066	-0.14501	0.0	0.195825	-0.163693	0.96688	0.0	0.246087	-0.946217	-0.210035	0.0	-2.8696	-1.8206	-0.9824860000000001	0.349787	-0.636784	0.765107	0.0954914	0.0	0.0456009	0.161001	-0.9859	0.0	-0.7696930000000001	-0.623451	-0.13741199999999998	0.0	1.0533299999999999	-1.21307	-0.567098	0.359467	
3	0.957206	0.274934	-0.090376	0.0	0.134983	-0.147892	0.979749	0.0	0.256	-0.9500209999999999	-0.178674	0.0	-2.75345	-2.0316400000000003	-0.989661	0.349149	-0.62885	0.7724479999999999	0.08872580000000001	0.0	0.041489	0.147287	-0.988223	0.0	-0.776419	-0.6177630000000001	-0.124669	0.0	1.04071	-1.2687899999999999	-0.594238	0.35985	
3	0.961996	0.270067	-0.040349300000000005	0.0	0.0790633	-0.134044	0.987816	0.0	0.261368	-0.953465	-0.150302	0.0	-2.66149	-2.18622	-0.9677020000000001	0.350234	-0.620263	0.780525	0.07780980000000001	0.0	0.041247900000000004	0.13151600000000002	-0.990456	0.0	-0.783308	-0.6111340000000001	-0.11377000000000001	0.0	1.0359	-1.29429	-0.616367	0.359623	
3	0.964744	0.263018	0.00953682	0.0	0.0238984	-0.12362999999999999	0.992041	0.0	0.26210300000000003	-0.956837	-0.125557	0.0	-2.5884400000000003	-2.3307900000000004	-0.9224709999999999	0.351162	-0.6150260000000001	0.785096	0.07326210000000001	0.0	0.04490209999999999	0.127633	-0.9908049999999999	0.0	-0.7872279999999999	-0.6060810000000001	-0.11375	0.0	1.0299200000000002	-1.31459	-0.633267	0.35996500000000003	
3	0.960139	0.26266799999999996	0.0956	0.0	-0.069438	-0.10715999999999999	0.991814	0.0	0.270762	-0.958917	-0.08464889999999999	0.0	-2.5322	-2.45803	-0.9063120000000001	0.351211	-0.611869	0.787762	0.07105299999999999	0.0	0.042811199999999994	0.12268399999999999	-0.9915219999999999	0.0	-0.7898	-0.603639	-0.10879100000000001	0.0	1.02328	-1.3286200000000001	-0.650192	0.35987399999999997	
3	0.951142	0.245671	0.18701600000000002	0.0	-0.162675	-0.116075	0.979828	0.0	0.262423	-0.9623790000000001	-0.0704395	0.0	-2.4606	-2.5437	-0.8616020000000001	0.35073899999999997	-0.607683	0.791154	0.0692544	0.0	0.0393389	0.11708199999999999	-0.992343	0.0	-0.793205	-0.600306	-0.102272	0.0	1.01026	-1.3356	-0.65078	0.359793	
3	0.954075	0.197716	0.225054	0.0	-0.206301	-0.11108	0.9721629999999999	0.0	0.21721100000000002	-0.9739450000000001	-0.06519019999999999	0.0	-2.44507	-2.65072	-0.927974	0.34965999999999997	-0.606058	0.792099	0.0726203	0.0	0.0387527	0.120593	-0.9919450000000001	0.0	-0.7944760000000001	-0.598362	-0.103782	0.0	1.00215	-1.3385200000000002	-0.650415	0.359781	
3	0.956073	0.167187	0.240774	0.0	-0.224566	-0.11017	0.968211	0.0	0.188399	-0.979751	-0.06778630000000001	0.0	-2.4960299999999997	-2.74392	-0.963491	0.348907	-0.6036729999999999	0.793928	0.0725161	0.0	0.0385416	0.11991600000000001	-0.992036	0.0	-0.7963	-0.59607	-0.10299000000000001	0.0	0.996102	-1.34379	-0.662334	0.35967899999999997	
3	0.9615600000000001	0.13056500000000001	0.241567	0.0	-0.228825	-0.105303	0.967756	0.0	0.151792	-0.9858319999999999	-0.07137919999999999	0.0	-2.58438	-2.89459	-1.07855	0.348089	-0.600362	0.796606	0.0705937	0.0	0.0328051	0.112729	-0.993084	0.0	-0.7990550000000001	-0.593895	-0.09381089999999999	0.0	0.978533	-1.34877	-0.6452060000000001	0.35982600000000003	
3	0.9632850000000001	0.108731	0.245477	0.0	-0.233062	-0.11523499999999999	0.9656100000000001	0.0	0.133279	-0.9873700000000001	-0.08566289999999999	0.0	-2.63713	-2.99373	-1.11564	0.348281	-0.601015	0.796534	0.06568710000000001	0.0	0.0349646	0.108313	-0.993502	0.0	-0.7984720000000001	-0.594813	-0.09294789999999999	0.0	0.9741780000000001	-1.34817	-0.619807	0.359761	
3	0.9720049999999999	0.0908615	0.21668099999999998	0.0	-0.20602199999999998	-0.11379500000000001	0.971908	0.0	0.11296600000000001	-0.989341	-0.09188980000000001	0.0	-2.76512	-3.0977799999999998	-1.25791	0.346557	-0.602225	0.796199	0.0582441	0.0	0.0292904	0.0949453	-0.995051	0.0	-0.7977890000000001	-0.597539	-0.0804995	0.0	0.97614	-1.34551	-0.568422	0.36019	
3	0.9802120000000001	0.09768450000000001	0.17216700000000001	0.0	-0.16072899999999998	-0.114902	0.9802879999999999	0.0	0.115541	-0.988562	-0.096928	0.0	-2.8001099999999997	-3.10059	-1.33227	0.347326	-0.6049180000000001	0.794442	0.0541813	0.0	0.029745099999999997	0.090539	-0.995449	0.0	-0.795732	-0.600553	-0.0783995	0.0	0.9823120000000001	-1.33454	-0.5308930000000001	0.359951	
3	0.990771	0.0868892	0.10403499999999999	0.0	-0.09351860000000001	-0.117405	0.988671	0.0	0.0981192	-0.989276	-0.108196	0.0	-2.80707	-3.09112	-1.33455	0.34784299999999996	-0.605322	0.794088	0.0548533	0.0	0.028458099999999997	0.0904591	-0.9954940000000001	0.0	-0.7954720000000001	-0.601033	-0.0773553	0.0	0.9842049999999999	-1.3376	-0.517365	0.360039	
3	0.994014	0.08306419999999999	0.0709645	0.0	-0.061492599999999994	-0.111508	0.991859	0.0	0.09030110000000001	-0.9902860000000001	-0.10573199999999999	0.0	-2.8189599999999997	-3.10036	-1.33677	0.353099	-0.60602	0.7939109999999999	0.0494485	0.0	0.0274981	0.08303610000000002	-0.996167	0.0	-0.794974	-0.602337	-0.07215269999999999	0.0	0.989109	-1.33749	-0.495237	0.359838	
3	0.993984	0.09273010000000001	0.0582798	0.0	-0.0489584	-0.0998023	0.9938020000000001	0.0	0.09797180000000001	-0.990677	-0.094662	0.0	-2.764	-3.14007	-1.3243	0.356448	-0.608456	0.792655	0.038469	0.0	0.023428900000000003	0.0663958	-0.997518	0.0	-0.793242	-0.6060439999999999	-0.05897	0.0	0.9938629999999999	-1.32241	-0.45866599999999996	0.359747	
3	0.9938440000000001	0.09296360000000001	0.06026140000000001	0.0	-0.0507431	-0.10155700000000001	0.9935350000000001	0.0	0.0984825	-0.990477	-0.0962142	0.0	-2.6926900000000002	-3.18059	-1.3407	0.35686799999999996	-0.616201	0.786646	0.038511699999999996	0.0	0.0185372	0.0633706	-0.997818	0.0	-0.78737	-0.614143	-0.053631200000000004	0.0	0.995439	-1.31231	-0.40268400000000004	0.359788	
3	0.9932719999999999	0.10187	0.055078499999999996	0.0	-0.045774300000000004	-0.0915191	0.994751	0.0	0.106376	-0.9905790000000001	-0.0862403	0.0	-2.64836	-3.25863	-1.30914	0.357675	-0.619106	0.7845270000000001	0.035005800000000004	0.0	0.0115994	0.0537066	-0.998489	0.0	-0.785222	-0.617765	-0.04235	0.0	1.00975	-1.30918	-0.305973	0.35975999999999997	
3	0.993142	0.10353299999999999	0.05431609999999999	0.0	-0.0451079	-0.0892955	0.994983	0.0	0.10786400000000002	-0.99061	-0.08401289999999999	0.0	-2.64934	-3.32162	-1.29083	0.358506	-0.620586	0.7834899999999999	0.0318761	0.0	0.00787222	0.046874	-0.99887	0.0	-0.784099	-0.619633	-0.035257300000000005	0.0	1.01886	-1.30275	-0.23608	0.359833	
3	0.992728	0.10299200000000001	0.06232719999999999	0.0	-0.053087199999999994	-0.090143	0.9945129999999999	0.0	0.108046	-0.9905889999999999	-0.0840199	0.0	-2.61936	-3.40295	-1.29129	0.358591	-0.627816	0.777613	0.034156099999999995	0.0	0.00536361	0.048202800000000004	-0.9988229999999999	0.0	-0.7783439999999999	-0.626894	-0.0344336	0.0	1.01756	-1.30005	-0.200709	0.359714	
3	0.993024	0.08855	0.0778636	0.0	-0.06985110000000001	-0.09024410000000001	0.993467	0.0	0.09499819999999999	-0.991975	-0.0834292	0.0	-2.63135	-3.48175	-1.32295	0.357677	-0.634332	0.772287	0.0345914	0.0	0.00366378	0.0477487	-0.9988530000000001	0.0	-0.773053	-0.6334770000000001	-0.033118	0.0	1.0253299999999999	-1.28957	-0.159901	0.359557	
3	0.9929309999999999	0.0868244	0.08092460000000001	0.0	-0.07207469999999999	-0.10063	0.99231	0.0	0.09430010000000001	-0.9911280000000001	-0.09366039999999999	0.0	-2.64906	-3.4876400000000003	-1.3408	0.345959	-0.638933	0.76832	0.0380787	0.0	-0.00122917	0.048480300000000004	-0.9988239999999999	0.0	-0.769262	-0.638227	-0.0300315	0.0	1.0376	-1.27965	-0.0934705	0.359295	
3	0.992917	0.0841529	0.0838721	0.0	-0.07499700000000001	-0.103592	0.9917879999999999	0.0	0.0921504	-0.9910530000000001	-0.09654739999999999	0.0	-2.6512599999999997	-3.48255	-1.35493	0.326392	-0.640174	0.767204	0.039680599999999996	0.0	-0.00367117	0.0485961	-0.998812	0.0	-0.768221	-0.639559	-0.0282937	0.0	1.03695	-1.27379	-0.0668545	0.35930100000000004	
3	0.993059	0.0633028	0.0991278	0.0	-0.0936748	-0.08397080000000001	0.9920549999999999	0.0	0.0711237	-0.9944559999999999	-0.0774581	0.0	-2.6474599999999997	-3.37848	-1.46609	0.042951800000000005	-0.643273	0.764135	0.047936599999999996	0.0	-0.018630400000000002	0.0469694	-0.9987229999999999	0.0	-0.76541	-0.643345	-0.015978100000000002	0.0	1.01575	-1.25055	0.0426606	0.359056	
3	0.993815	0.0525538	0.0978274	0.0	-0.092489	-0.09587380000000001	0.991087	0.0	0.0614644	-0.9940049999999999	-0.0904202	0.0	-2.6592700000000002	-3.37629	-1.48854	0.0	-0.645183	0.762443	0.0491995	0.0	-0.0245958	0.0436347	-0.9987450000000001	0.0	-0.763632	-0.645583	-0.00939941	0.0	1.01631	-1.22851	0.130951	0.359052	
3	0.9935120000000001	0.0510908	0.10160599999999999	0.0	-0.0959567	-0.102959	0.9900469999999999	0.0	0.061043499999999994	-0.993373	-0.0973883	0.0	-2.68693	-3.3764800000000004	-1.52554	-0.00114512	-0.6454310000000001	0.762062	0.0517872	0.0	-0.030325	0.042181	-0.99865	0.0	-0.763217	-0.646129	-0.00411558	0.0	1.0156399999999999	-1.21165	0.20313	0.359072	
3	0.9942469999999999	0.054899	0.0919721	0.0	-0.0860781	-0.101483	0.991107	0.0	0.06374439999999999	-0.9933219999999999	-0.0961733	0.0	-2.70965	-3.37612	-1.57712	0.0	-0.6467430000000001	0.760989	0.051175099999999994	0.0	-0.028886500000000002	0.042609100000000004	-0.998674	0.0	-0.762161	-0.647364	-0.005575	0.0	1.01462	-1.2067	0.23426100000000002	0.35885700000000004	
3	0.995993	0.0613755	0.0650471	0.0	-0.057283900000000006	-0.120723	0.991032	0.0	0.0686777	-0.9907870000000001	-0.11672300000000001	0.0	-2.74791	-3.3746400000000003	-1.5745799999999999	0.00128849	-0.648134	0.7596649999999999	0.0532217	0.0	-0.030177099999999995	0.0442123	-0.998566	0.0	-0.760929	-0.6488109999999999	-0.00573117	0.0	1.0206	-1.20696	0.25635399999999997	0.359009	
3	0.9970700000000001	0.07085889999999999	0.0288055	0.0	-0.0195376	-0.128171	0.99156	0.0	0.0739529	-0.989217	-0.126411	0.0	-2.7519400000000003	-3.3517699999999997	-1.59064	0.0	-0.65109	0.757117	0.05345	0.0	-0.026188799999999998	0.04797	-0.998505	0.0	-0.758549	-0.651516	-0.011404899999999999	0.0	1.03413	-1.22262	0.261499	0.35880300000000004	
3	0.9962540000000001	0.0815805	0.028671199999999997	0.0	-0.0172494	-0.13741199999999998	0.9903639999999999	0.0	0.0847341	-0.9871489999999999	-0.13549	0.0	-2.74764	-3.28692	-1.5760399999999999	0.0	-0.651378	0.756745	0.0551673	0.0	-0.0257123	0.0506509	-0.9983850000000001	0.0	-0.758318	-0.651745	-0.0135352	0.0	1.03892	-1.22981	0.259187	0.358727	
3	0.9945	0.102756	0.0202732	0.0	-0.00544691	-0.142561	0.989771	0.0	0.10459500000000001	-0.9844379999999999	-0.141217	0.0	-2.73959	-3.0394799999999997	-1.5162799999999999	0.0	-0.654293	0.7542439999999999	0.054933	0.0	-0.0177398	0.05731169999999999	-0.998199	0.0	-0.756034	-0.654089	-0.0241187	0.0	1.03948	-1.23787	0.22691599999999998	0.358614	
3	0.9955299999999999	0.0899838	0.028670400000000002	0.0	-0.016196600000000002	-0.136406	0.9905209999999999	0.0	0.0930416	-0.986558	-0.13433900000000001	0.0	-2.73608	-3.0044	-1.47468	0.0	-0.652381	0.7561359999999999	0.05154980000000001	0.0	-0.0184262	0.052173000000000004	-0.998468	0.0	-0.757668	-0.652331	-0.020104	0.0	1.04372	-1.23498	0.22329200000000002	0.35885700000000004	
3	0.9953709999999999	0.0724232	0.0631831	0.0	-0.0517427	-0.150194	0.987301	0.0	0.0809933	-0.986	-0.145752	0.0	-2.7408	-3.0909299999999997	-1.40665	0.012589	-0.650231	0.7581979999999999	0.0483318	0.0	-0.0199924	0.046518300000000005	-0.998717	0.0	-0.759474	-0.650363	-0.015089600000000002	0.0	1.05105	-1.22801	0.23867600000000003	0.359087	
3	0.995508	0.0703452	0.0633621	0.0	-0.0542086	-0.125166	0.990654	0.0	0.07761849999999999	-0.9896389999999999	-0.12079100000000001	0.0	-2.7427599999999996	-3.29955	-1.34497	0.31648200000000004	-0.650341	0.757995	0.050006800000000004	0.0	-0.025297299999999998	0.044182400000000004	-0.9987030000000001	0.0	-0.759221	-0.650762	-0.00955844	0.0	1.05361	-1.23486	0.257332	0.359186	
3	0.9957590000000001	0.077218	0.050016500000000005	0.0	-0.040918	-0.11521600000000001	0.992497	0.0	0.08240139999999999	-0.9903350000000001	-0.111568	0.0	-2.77541	-3.44119	-1.34291	0.324281	-0.653767	0.755373	0.0447356	0.0	-0.0235386	0.038789599999999994	-0.99897	0.0	-0.7563300000000001	-0.654146	-0.00757915	0.0	1.0552700000000002	-1.22918	0.272377	0.359263	
3	0.995317	0.08637080000000001	0.043399599999999997	0.0	-0.0348534	-0.0981073	0.9945649999999999	0.0	0.0901592	-0.9914209999999999	-0.0946376	0.0	-2.7781	-3.47718	-1.32836	0.326131	-0.653624	0.755452	0.045487400000000004	0.0	-0.025686700000000003	0.037924400000000004	-0.998951	0.0	-0.7563840000000001	-0.6541060000000001	-0.00538343	0.0	1.05893	-1.22528	0.27870700000000004	0.359377	
3	0.993864	0.10853199999999999	0.0213284	0.0	-0.0130006	-0.07686810000000001	0.996957	0.0	0.10984100000000001	-0.991117	-0.0749854	0.0	-2.74105	-3.4534	-1.2849899999999999	0.34115500000000004	-0.655071	0.7540319999999999	0.048143	0.0	-0.021761700000000002	0.044862400000000004	-0.998756	0.0	-0.755253	-0.655304	-0.0129791	0.0	1.05669	-1.22726	0.277035	0.35923499999999997	
3	0.9934629999999999	0.11068099999999999	0.027950599999999996	0.0	-0.0172736	-0.09627530000000001	0.9952049999999999	0.0	0.11284200000000001	-0.989182	-0.093734	0.0	-2.71014	-3.4095699999999995	-1.2829899999999999	0.342525	-0.6512760000000001	0.757302	0.0483125	0.0	-0.0226944	0.0441996	-0.998765	0.0	-0.758502	-0.651568	-0.011599700000000001	0.0	1.05245	-1.24442	0.267125	0.359086	
3	0.9949030000000001	0.0938469	0.0368906	0.0	-0.0245477	-0.129429	0.9912850000000001	0.0	0.0978037	-0.987138	-0.12646500000000002	0.0	-2.74942	-3.4388699999999996	-1.32426	0.34584299999999996	-0.648867	0.75945	0.046984500000000005	0.0	-0.0232635	0.0419192	-0.99885	0.0	-0.760546	-0.6492140000000001	-0.00953245	0.0	1.06098	-1.24384	0.297036	0.359137	
3	0.994718	0.0923515	0.044796499999999996	0.0	-0.0303621	-0.152161	0.9878889999999999	0.0	0.0980493	-0.984031	-0.148554	0.0	-2.76189	-3.4657199999999997	-1.37117	0.34031999999999996	-0.649263	0.7592220000000001	0.045159899999999996	0.0	-0.0232347	0.0395495	-0.998948	0.0	-0.760209	-0.649629	-0.00803787	0.0	1.06659	-1.2397200000000002	0.32191	0.359045	
3	0.995509	0.07772689999999999	0.054046500000000004	0.0	-0.0388182	-0.185555	0.981867	0.0	0.0863461	-0.979555	-0.181704	0.0	-2.7801	-3.5127300000000004	-1.51099	0.329519	-0.650421	0.7585189999999999	0.0400135	0.0	-0.0243101	0.031863999999999996	-0.9991969999999999	0.0	-0.759185	-0.650871	-0.00228554	0.0	1.0742399999999999	-1.23317	0.363692	0.359039	
3	0.9959549999999999	0.0634452	0.0636321	0.0	-0.0476835	-0.22705100000000003	0.972715	0.0	0.0761618	-0.971814	-0.22310700000000003	0.0	-2.8054900000000003	-3.5260000000000002	-1.51819	0.316633	-0.652687	0.756698	0.0375124	0.0	-0.0287446	0.0247445	-0.99928	0.0	-0.7570819999999999	-0.653296	0.00560057	0.0	1.08693	-1.226	0.423439	0.359039	
3	0.995808	0.06729960000000001	0.0619525	0.0	-0.044863	-0.23089899999999997	0.971943	0.0	0.07971610000000001	-0.970648	-0.226911	0.0	-2.81878	-3.52665	-1.51863	0.31296599999999997	-0.653127	0.756278	0.038327	0.0	-0.031628199999999995	0.023324900000000003	-0.9992280000000001	0.0	-0.756588	-0.653835	0.00868541	0.0	1.10122	-1.21102	0.493684	0.359122	
3	0.995455	0.074143	0.059764199999999996	0.0	-0.0408537	-0.234408	0.9712799999999999	0.0	0.08602280000000001	-0.9693069999999999	-0.230314	0.0	-2.8331	-3.52777	-1.51999	0.308542	-0.659405	0.750686	0.040701999999999995	0.0	-0.032002800000000005	0.0260622	-0.9991479999999999	0.0	-0.751107	-0.660146	0.00683844	0.0	1.1054899999999999	-1.19519	0.533664	0.35896999999999996	
3	0.9957010000000001	0.07839349999999999	0.04933169999999999	0.0	-0.0307642	-0.22246300000000002	0.974456	0.0	0.0873654	-0.971785	-0.21909499999999998	0.0	-2.8327400000000003	-3.51775	-1.5547799999999998	0.27164299999999997	-0.663207	0.7470060000000001	0.0462474	0.0	-0.0364379	0.029491900000000005	-0.998901	0.0	-0.747548	-0.6641630000000001	0.00765997	0.0	1.10741	-1.17212	0.557779	0.35898	
3	0.995674	0.0772033	0.0517082	0.0	-0.0332277	-0.22386	0.9740549999999999	0.0	0.08677560000000001	-0.9715590000000001	-0.22032600000000002	0.0	-2.85158	-3.5360699999999996	-1.65438	0.147623	-0.662107	0.747836	0.048549699999999994	0.0	-0.0364398	0.03258	-0.9988049999999999	0.0	-0.7485229999999999	-0.663084	0.00567919	0.0	1.10655	-1.15315	0.566602	0.358819	
3	0.9960110000000001	0.07452080000000001	0.049072000000000005	0.0	-0.0335393	-0.196953	0.9798389999999999	0.0	0.08268330000000002	-0.977577	-0.193668	0.0	-2.84672	-3.5132800000000004	-1.69901	0.111927	-0.6620199999999999	0.747907	0.048627699999999996	0.0	-0.037768699999999995	0.0315081	-0.99879	0.0	-0.748534	-0.6630550000000001	0.00738817	0.0	1.1023	-1.14557	0.57322	0.358854	
3	0.9959	0.077919	0.0459602	0.0	-0.032039099999999994	-0.17132	0.9846940000000001	0.0	0.0846003	-0.9821290000000001	-0.168121	0.0	-2.84377	-3.4963599999999997	-1.7131900000000002	0.10716099999999999	-0.6626569999999999	0.7472850000000001	0.0495006	0.0	-0.038285	0.0322084	-0.998748	0.0	-0.7479439999999999	-0.663722	0.00726664	0.0	1.09941	-1.1414600000000001	0.5763699999999999	0.35889099999999996	
3	0.995972	0.078306	0.043680199999999995	0.0	-0.035849900000000004	-0.0987523	0.994466	0.0	0.08218610000000001	-0.9920260000000001	-0.0955473	0.0	-2.8189599999999997	-3.3791	-1.70095	0.00185932	-0.662862	0.7466659999999999	0.055713599999999995	0.0	-0.0403421	0.0386856	-0.9984370000000001	0.0	-0.747654	-0.6640739999999999	0.00447875	0.0	1.0829	-1.12565	0.575774	0.358823	
3	0.9954059999999999	0.0946971	0.014147	0.0	-0.00514533	-0.0946345	0.995499	0.0	0.09560969999999999	-0.9909979999999999	-0.09371239999999999	0.0	-2.81948	-3.37915	-1.60964	0.00288871	-0.664972	0.744516	0.0592261	0.0	-0.03868730000000001	0.0448562	-0.998244	0.0	-0.745866	-0.666096	-0.00102478	0.0	1.08647	-1.1354799999999998	0.55829	0.358746	
3	0.9940459999999999	0.10805799999999999	-0.0139959	0.0	0.026234399999999998	-0.11268199999999999	0.9932850000000001	0.0	0.10575599999999999	-0.9877379999999999	-0.114846	0.0	-2.7035099999999996	-3.3668400000000003	-1.49644	0.0	-0.664084	0.744904	0.06411739999999999	0.0	-0.0341285	0.0554664	-0.997877	0.0	-0.746879	-0.664863	-0.011412	0.0	1.09054	-1.1543700000000001	0.49355	0.358581	
3	0.9916200000000001	0.12621300000000002	-0.0275677	0.0	0.0466675	-0.150976	0.9874350000000001	0.0	0.120465	-0.980447	-0.155601	0.0	-2.61888	-2.91542	-1.34879	0.0	-0.661415	0.747304	0.0637824	0.0	-0.0353303	0.05390269999999999	-0.997921	0.0	-0.749188	-0.662293	-0.00924981	0.0	1.08869	-1.16279	0.463502	0.358557	
3	0.991585	0.128975	-0.0111696	0.0	0.034632300000000005	-0.181141	0.9828469999999999	0.0	0.12474	-0.9749629999999999	-0.184084	0.0	-2.55152	-2.6324099999999997	-1.26082	0.0	-0.6603859999999999	0.748268	0.0631287	0.0	-0.0338006	0.0543625	-0.997949	0.0	-0.750165	-0.661166	-0.0106086	0.0	1.08035	-1.1667100000000001	0.44672700000000004	0.358532	
3	0.991713	0.128458	0.00175336	0.0	0.0228468	-0.189778	0.981561	0.0	0.126423	-0.9733870000000001	-0.19114	0.0	-2.51867	-2.41825	-1.19282	0.0	-0.652094	0.755339	0.0650802	0.0	-0.038348	0.052869900000000004	-0.997865	0.0	-0.757167	-0.653198	-0.00551039	0.0	1.0810899999999999	-1.1653200000000001	0.45331000000000005	0.358511	
3	0.991741	0.1281	0.00629221	0.0	0.019780900000000004	-0.201246	0.979341	0.0	0.12672	-0.9711280000000001	-0.20211800000000002	0.0	-2.4945	-2.39531	-1.19331	0.0	-0.652818	0.7548189999999999	0.0638527	0.0	-0.0364467	0.052897	-0.997935	0.0	-0.756638	-0.6537970000000001	-0.00702161	0.0	1.0802200000000002	-1.16745	0.462879	0.35856	
3	0.990976	0.133047	0.016266299999999997	0.0	0.013347799999999998	-0.21870799999999999	0.975699	0.0	0.13337100000000002	-0.966678	-0.21850999999999998	0.0	-2.48026	-2.4091299999999998	-1.22322	0.0	-0.6558350000000001	0.752788	0.0564909	0.0	-0.0413766	0.0388736	-0.9983870000000001	0.0	-0.7537699999999999	-0.6571140000000001	0.00565296	0.0	1.09521	-1.1771200000000002	0.5295569999999999	0.359034	
3	0.985433	0.160712	0.0556101	0.0	-0.022250299999999997	-0.202347	0.9790610000000001	0.0	0.168599	-0.966037	-0.195823	0.0	-2.41474	-2.55551	-1.17651	0.319024	-0.653738	0.755005	0.0509342	0.0	-0.0371731	0.03518640000000001	-0.9986889999999999	0.0	-0.755807	-0.654775	0.00506306	0.0	1.1649399999999999	-1.13234	0.662413	0.35944499999999996	
3	0.984981	0.162183	0.0592418	0.0	-0.0239148	-0.211654	0.977052	0.0	0.171	-0.963794	-0.204596	0.0	-2.3889299999999998	-2.59594	-1.16994	0.330892	-0.652638	0.756129	0.0482986	0.0	-0.0314676	0.0366409	-0.998833	0.0	-0.757017	-0.653396	-0.000119686	0.0	1.1889399999999999	-1.12483	0.6822550000000001	0.35935900000000004	
3	0.987456	0.150558	0.0475687	0.0	-0.0168988	-0.198765	0.979902	0.0	0.156987	-0.968414	-0.19372799999999998	0.0	-2.38721	-2.6364400000000003	-1.12192	0.345023	-0.640192	0.765995	0.058361199999999995	0.0	-0.029668700000000003	0.05126030000000001	-0.998245	0.0	-0.767641	-0.6408	-0.0100904	0.0	1.1934	-1.11832	0.681811	0.359257	
0	0.98775	0.149121	0.0459591	0.0	-0.0160768	-0.19571	0.9805299999999999	0.0	0.155212	-0.969258	-0.190915	0.0	-2.42784	-2.64582	-1.05685	0.345697	-0.621224	0.78067	0.0680824	0.0	-0.039004699999999996	0.0559686	-0.9976700000000001	0.0	-0.782662	-0.622432	-0.00431949	0.0	1.1411	-1.12256	0.6769390000000001	0.359338	
0	0.9887969999999999	0.139577	0.052898	0.0	-0.0237125	-0.203003	0.978891	0.0	0.14737	-0.9691790000000001	-0.197419	0.0	-2.50801	-2.68667	-1.0001799999999998	0.34662	-0.611765	0.787375	0.0760595	0.0	-0.0447755	0.0615297	-0.9971	0.0	-0.789772	-0.613397	-0.00238663	0.0	1.07722	-1.09236	0.676953	0.359626	
0	0.9886719999999999	0.140301	0.0533222	0.0	-0.027102299999999996	-0.182544	0.982824	0.0	0.147625	-0.9731360000000001	-0.176673	0.0	-2.60158	-2.78114	-1.03172	0.345643	-0.6132850000000001	0.786208	0.0758789	0.0	-0.0414714	0.0638822	-0.9970950000000001	0.0	-0.788772	-0.6146510000000001	-0.00657278	0.0	1.0438100000000001	-1.06962	0.61368	0.359559	
0	0.988698	0.138809	0.056643200000000005	0.0	-0.0301281	-0.186151	0.982059	0.0	0.146862	-0.972666	-0.179865	0.0	-2.6259900000000003	-2.7981599999999998	-1.0564799999999999	0.346072	-0.615901	0.783882	0.07871389999999999	0.0	-0.0413659	0.0675982	-0.9968549999999999	0.0	-0.786737	-0.61722	-0.00920796	0.0	1.04208	-1.03744	0.583808	0.359623	
0	0.9878049999999999	0.145924	0.0542928	0.0	-0.026509699999999997	-0.18598499999999998	0.982195	0.0	0.153424	-0.971656	-0.179848	0.0	-2.64838	-2.8107599999999997	-1.07965	0.345902	-0.61529	0.7843939999999999	0.0783891	0.0	-0.0412349	0.0672789	-0.9968819999999999	0.0	-0.787222	-0.616603	-0.00905186	0.0	1.02952	-1.00726	0.483362	0.35935500000000004	
0	0.9869559999999999	0.15031	0.0576616	0.0	-0.0286289	-0.188593	0.9816379999999999	0.0	0.158425	-0.970484	-0.181829	0.0	-2.6433299999999997	-2.8109900000000003	-1.09473	0.345866	-0.615661	0.783925	0.080147	0.0	-0.0438344	0.067481	-0.996757	0.0	-0.786791	-0.617178	-0.00718242	0.0	1.02532	-1.01118	0.473804	0.35968	
0	0.9851690000000001	0.160961	0.05944339999999999	0.0	-0.029267	-0.183726	0.982542	0.0	0.169073	-0.9697100000000001	-0.17629	0.0	-2.55965	-2.84999	-1.12648	0.345938	-0.619204	0.781565	0.075777	0.0	-0.047994	0.05865259999999999	-0.997124	0.0	-0.783762	-0.6210600000000001	0.00119239	0.0	1.03261	-1.00578	0.49733299999999997	0.359415	
0	0.984252	0.165149	0.0630344	0.0	-0.0322235	-0.18299	0.9825870000000001	0.0	0.173808	-0.969144	-0.174787	0.0	-2.49131	-2.87463	-1.10761	0.346044	-0.622432	0.7788689999999999	0.07707660000000001	0.0	-0.049330900000000004	0.0592422	-0.997024	0.0	-0.781118	-0.624382	0.00154793	0.0	1.04081	-1.01509	0.535733	0.359572	
0	0.9842569999999999	0.165224	0.0627583	0.0	-0.031912	-0.183116	0.9825729999999999	0.0	0.173836	-0.969108	-0.17496099999999998	0.0	-2.48129	-2.87793	-1.10171	0.346099	-0.622922	0.778492	0.0769298	0.0	-0.0484102	0.0597899	-0.9970370000000001	0.0	-0.7807850000000001	-0.6248	0.000442326	0.0	1.04318	-1.02111	0.541086	0.35944	
0	0.984259	0.165214	0.0627528	0.0	-0.031905	-0.183133	0.98257	0.0	0.173827	-0.9691059999999999	-0.174979	0.0	-2.48248	-2.8774900000000003	-1.10237	0.346093	-0.6229319999999999	0.7784840000000001	0.0769247	0.0	-0.0483815	0.059806399999999996	-0.9970370000000001	0.0	-0.780778	-0.624808	0.00040894699999999995	0.0	1.04292	-1.02064	0.5404770000000001	0.35943200000000003	
0	0.984259	0.165215	0.0627528	0.0	-0.0319051	-0.183133	0.98257	0.0	0.173827	-0.9691059999999999	-0.174979	0.0	-2.48248	-2.87748	-1.10237	0.346094	-0.6229319999999999	0.7784840000000001	0.0769248	0.0	-0.04838169999999999	0.059806399999999996	-0.9970370000000001	0.0	-0.780778	-0.624808	0.00040894699999999995	0.0	1.04292	-1.02064	0.5404770000000001	0.35943200000000003	
0	0.984259	0.165214	0.0627528	0.0	-0.0319051	-0.183132	0.98257	0.0	0.173827	-0.9691059999999999	-0.174979	0.0	-2.48248	-2.8774900000000003	-1.10237	0.346094	-0.6229319999999999	0.7784840000000001	0.0769248	0.0	-0.04838169999999999	0.059806200000000004	-0.9970370000000001	0.0	-0.780778	-0.624808	0.00040894699999999995	0.0	1.04292	-1.02064	0.5404760000000001	0.35943200000000003	
0	0.984259	0.165215	0.0627528	0.0	-0.0319051	-0.183132	0.98257	0.0	0.173827	-0.9691059999999999	-0.174979	0.0	-2.48248	-2.8774900000000003	-1.10237	0.346094	-0.6229319999999999	0.7784840000000001	0.0769247	0.0	-0.04838169999999999	0.059806200000000004	-0.9970370000000001	0.0	-0.780778	-0.624808	0.000409126	0.0	1.04292	-1.02064	0.5404760000000001	0.359431	
0	0.984259	0.165214	0.0627528	0.0	-0.0319051	-0.183132	0.98257	0.0	0.173827	-0.9691059999999999	-0.174979	0.0	-2.48248	-2.8774900000000003	-1.10237	0.346094	-0.6229319999999999	0.7784840000000001	0.0769248	0.0	-0.04838169999999999	0.059806200000000004	-0.9970370000000001	0.0	-0.780778	-0.624808	0.000409126	0.0	1.04292	-1.02064	0.5404760000000001	0.35943200000000003	
0	0.984259	0.165215	0.0627528	0.0	-0.0319051	-0.183132	0.98257	0.0	0.173827	-0.9691059999999999	-0.174979	0.0	-2.48248	-2.8774900000000003	-1.10237	0.346094	-0.6229319999999999	0.7784840000000001	0.0769248	0.0	-0.0483818	0.059806200000000004	-0.9970370000000001	0.0	-0.780778	-0.624808	0.000409126	0.0	1.04292	-1.02064	0.5404760000000001	0.35943200000000003	
0	0.984259	0.165214	0.0627528	0.0	-0.0319051	-0.183132	0.98257	0.0	0.173827	-0.9691059999999999	-0.174979	0.0	-2.48248	-2.8774900000000003	-1.10237	0.346094	-0.6229319999999999	0.778485	0.0769247	0.0	-0.0483818	0.0598061	-0.9970370000000001	0.0	-0.780778	-0.624808	0.000409126	0.0	1.04292	-1.02064	0.5404760000000001	0.35943200000000003	
0	0.984259	0.165214	0.0627528	0.0	-0.0319051	-0.183132	0.98257	0.0	0.173827	-0.9691059999999999	-0.174979	0.0	-2.48248	-2.87748	-1.10237	0.346094	-0.6229319999999999	0.778485	0.0769247	0.0	-0.0483818	0.0598061	-0.9970370000000001	0.0	-0.780778	-0.624808	0.000409126	0.0	1.04292	-1.02064	0.5404760000000001	0.35943200000000003	
0	0.984259	0.165214	0.0627528	0.0	-0.0319051	-0.183132	0.98257	0.0	0.173827	-0.9691059999999999	-0.174979	0.0	-2.48248	-2.87748	-1.10237	0.346094	-0.6229319999999999	0.778485	0.0769247	0.0	-0.0483818	0.0598061	-0.9970370000000001	0.0	-0.780778	-0.624808	0.000409126	0.0	1.04292	-1.02064	0.5404760000000001	0.35943200000000003	
0	0.984259	0.165214	0.0627528	0.0	-0.0319051	-0.183132	0.98257	0.0	0.173827	-0.9691059999999999	-0.174979	0.0	-2.48248	-2.8774900000000003	-1.10237	0.346094	-0.6229319999999999	0.778485	0.0769248	0.0	-0.0483819	0.0598061	-0.9970370000000001	0.0	-0.780778	-0.624808	0.000409126	0.0	1.04292	-1.02064	0.5404760000000001	0.35943200000000003	
0	0.984259	0.165214	0.0627528	0.0	-0.0319051	-0.183132	0.98257	0.0	0.173827	-0.9691059999999999	-0.174979	0.0	-2.48248	-2.8774900000000003	-1.10237	0.346094	-0.6229319999999999	0.778485	0.0769247	0.0	-0.0483818	0.0598061	-0.9970370000000001	0.0	-0.780778	-0.624808	0.000409126	0.0	1.04292	-1.02064	0.5404760000000001	0.35943200000000003	
0	0.984259	0.165214	0.0627528	0.0	-0.0319051	-0.183132	0.98257	0.0	0.173827	-0.9691059999999999	-0.174979	0.0	-2.48248	-2.8774900000000003	-1.10237	0.346094	-0.6229319999999999	0.7784840000000001	0.0769247	0.0	-0.0483818	0.0598061	-0.9970370000000001	0.0	-0.780778	-0.624808	0.000409126	0.0	1.04292	-1.02064	0.5404760000000001	0.359431	
0	0.984259	0.165214	0.0627528	0.0	-0.0319051	-0.183132	0.98257	0.0	0.173827	-0.9691059999999999	-0.174979	0.0	-2.48248	-2.8774900000000003	-1.10237	0.346094	-0.6229319999999999	0.778485	0.0769248	0.0	-0.0483819	0.0598061	-0.9970370000000001	0.0	-0.780778	-0.624808	0.000409126	0.0	1.04292	-1.02064	0.5404760000000001	0.35943200000000003	
0	0.984259	0.165214	0.0627528	0.0	-0.0319051	-0.183132	0.98257	0.0	0.173827	-0.9691059999999999	-0.174979	0.0	-2.48248	-2.87748	-1.10237	0.346094	-0.6229319999999999	0.778485	0.0769247	0.0	-0.0483818	0.0598061	-0.9970370000000001	0.0	-0.780778	-0.624808	0.000409126	0.0	1.04292	-1.02064	0.5404760000000001	0.35943200000000003	
0	0.984259	0.165215	0.0627528	0.0	-0.0319051	-0.183132	0.98257	0.0	0.173827	-0.9691059999999999	-0.174979	0.0	-2.48248	-2.8774900000000003	-1.10237	0.346094	-0.6229319999999999	0.778485	0.0769247	0.0	-0.0483818	0.0598061	-0.9970370000000001	0.0	-0.780778	-0.624808	0.000409126	0.0	1.04292	-1.02064	0.5404760000000001	0.35943200000000003	
0	0.984259	0.165215	0.0627528	0.0	-0.0319051	-0.183132	0.98257	0.0	0.173827	-0.9691059999999999	-0.174979	0.0	-2.48248	-2.87748	-1.10237	0.346094	-0.6229319999999999	0.778485	0.0769248	0.0	-0.0483819	0.0598061	-0.9970370000000001	0.0	-0.780778	-0.624808	0.000409126	0.0	1.04292	-1.02064	0.5404760000000001	0.35943200000000003	
0	0.991757	0.127723	-0.010271200000000001	0.0	0.0639518	-0.42392799999999997	0.903436	0.0	0.111035	-0.896645	-0.428601	0.0	-2.67128	-2.80278	-1.35867	0.348013	-0.632102	0.7731140000000001	0.05235940000000001	0.0	-0.0255704	0.0467228	-0.9985809999999999	0.0	-0.774463	-0.632544	-0.00976461	0.0	1.04413	-1.0367	0.597082	0.359458	
0	0.9975620000000001	0.0221485	0.0661716	0.0	-0.0523681	-0.3891	0.9197059999999999	0.0	0.0461175	-0.9209299999999999	-0.386991	0.0	-2.66818	-2.7817	-1.37734	0.34873899999999997	-0.631778	0.7735350000000001	0.0500052	0.0	-0.020071099999999998	0.048164	-0.9986379999999999	0.0	-0.77489	-0.631921	-0.0149033	0.0	1.06851	-1.06687	0.5762109999999999	0.35930300000000004	
0	0.9929520000000001	-0.0159463	0.11743699999999999	0.0	-0.11454	-0.383596	0.91637	0.0	0.030435700000000003	-0.9233629999999999	-0.38271900000000003	0.0	-2.908	-2.84341	-1.41089	0.344695	-0.628206	0.7763899999999999	0.0507532	0.0	-0.018563200000000002	0.050256699999999994	-0.9985639999999999	0.0	-0.777826	-0.628246	-0.017159200000000003	0.0	1.0678	-1.1190200000000001	0.548864	0.359477	
0	0.9895709999999999	-0.029907	0.140904	0.0	-0.14183199999999999	-0.37303600000000003	0.9169120000000001	0.0	0.02514	-0.927335	-0.373388	0.0	-2.91483	-2.8364700000000003	-1.4199899999999999	0.344982	-0.623576	0.780133	0.050446	0.0	-0.0188331	0.0495187	-0.9985959999999999	0.0	-0.781536	-0.62365	-0.0161865	0.0	1.061	-1.14066	0.534946	0.359217	
0	0.983675	-0.019401599999999998	0.17890699999999998	0.0	-0.173033	-0.375075	0.910702	0.0	0.049434399999999996	-0.926791	-0.372309	0.0	-2.94521	-2.84783	-1.4250399999999999	0.34658	-0.62079	0.7823760000000001	0.050081400000000005	0.0	-0.0235832	0.045216	-0.998699	0.0	-0.783622	-0.621163	-0.00961894	0.0	1.05233	-1.12694	0.544161	0.359404	
0	0.9658559999999999	-0.037012199999999995	0.256422	0.0	-0.252808	-0.35109	0.901567	0.0	0.05665830000000001	-0.93561	-0.34846	0.0	-2.99566	-2.89756	-1.46042	0.344478	-0.6246619999999999	0.779436	0.04772390000000001	0.0	-0.0243585	0.0416359	-0.9988360000000001	0.0	-0.780515	-0.625097	-0.007022499999999999	0.0	1.05293	-1.0991	0.5616869999999999	0.359518	
0	0.9286280000000001	-0.045922199999999996	0.368158	0.0	-0.364962	-0.291531	0.884202	0.0	0.06672489999999999	-0.9554590000000001	-0.287484	0.0	-3.05155	-3.1064	-1.52806	0.342771	-0.6332939999999999	0.772771	0.041995300000000006	0.0	-0.02009	0.0378298	-0.999082	0.0	-0.773651	-0.6335569999999999	-0.00843263	0.0	1.07145	-1.06514	0.565213	0.359645	
0	0.916909	-0.0700568	0.3929	0.0	-0.395789	-0.28611	0.872635	0.0	0.051278599999999994	-0.9556319999999999	-0.290064	0.0	-3.04447	-3.2610799999999998	-1.5331700000000001	0.338131	-0.635772	0.770827	0.0402525	0.0	-0.0167554	0.038354400000000004	-0.999124	0.0	-0.771695	-0.635889	-0.0114692	0.0	1.08263	-1.0677	0.562766	0.359518	
0	0.879135	-0.08175460000000001	0.46950699999999995	0.0	-0.471975	-0.28586	0.833981	0.0	0.06603139999999999	-0.954778	-0.289896	0.0	-3.10157	-3.40734	-1.5645799999999999	0.3352	-0.635803	0.770892	0.0384735	0.0	-0.0160027	0.036669400000000005	-0.999199	0.0	-0.7716850000000001	-0.6359100000000001	-0.0109782	0.0	1.1087799999999999	-1.07956	0.564599	0.359487	
0	0.842685	-0.0607962	0.534963	0.0	-0.5282140000000001	-0.285773	0.7995770000000001	0.0	0.10426700000000001	-0.956367	-0.27293	0.0	-3.1562099999999997	-3.59015	-2.02164	0.369305	-0.636321	0.7706310000000001	0.034975599999999996	0.0	-0.015250299999999998	0.0327636	-0.999347	0.0	-0.771274	-0.6364380000000001	-0.00909585	0.0	1.11411	-1.08617	0.583044	0.35949000000000003	
0	0.8315520000000001	-0.0584855	0.552359	0.0	-0.544399	-0.283171	0.789585	0.0	0.110233	-0.957285	-0.267311	0.0	-3.15897	-3.58974	-2.0273	0.367797	-0.635656	0.771175	0.0350766	0.0	-0.017068	0.0313868	-0.9993620000000001	0.0	-0.771784	-0.635849	-0.00678885	0.0	1.11881	-1.08597	0.594969	0.359415	
0	0.805891	-0.042818300000000004	0.590514	0.0	-0.576879	-0.281229	0.766891	0.0	0.133232	-0.958685	-0.25134	0.0	-3.16568	-3.59166	-2.04128	0.352545	-0.636649	0.7703770000000001	0.0346162	0.0	-0.014705600000000001	0.0327522	-0.9993549999999999	0.0	-0.7710140000000001	-0.636748	-0.00952297	0.0	1.12434	-1.07355	0.603116	0.359435	
0	0.80453	-0.044405400000000005	0.592249	0.0	-0.5790390000000001	-0.280414	0.76556	0.0	0.13208	-0.958851	-0.251314	0.0	-3.1651	-3.5910800000000003	-2.0414	0.35728200000000004	-0.633999	0.772652	0.0324712	0.0	-0.0148678	0.029802600000000002	-0.999445	0.0	-0.773191	-0.63413	-0.00740707	0.0	1.12237	-1.06466	0.6022609999999999	0.359508	
0	0.79392	-0.039337800000000006	0.606749	0.0	-0.591661	-0.279926	0.756029	0.0	0.140104	-0.9592149999999999	-0.245513	0.0	-3.1683	-3.5917199999999996	-2.04738	0.360792	-0.630706	0.775405	0.030945999999999998	0.0	-0.0180274	0.025227	-0.999519	0.0	-0.775813	-0.6309600000000001	-0.00193256	0.0	1.10927	-1.04739	0.6225729999999999	0.359584	
0	0.766532	-0.00915289	0.642141	0.0	-0.620529	-0.26814899999999997	0.736912	0.0	0.165444	-0.963334	-0.211225	0.0	-3.1768	-3.59354	-2.0625299999999998	0.358774	-0.630193	0.7758229999999999	0.0309024	0.0	-0.020408799999999998	0.0232347	-0.9995219999999999	0.0	-0.77617	-0.630523	0.00119108	0.0	1.10237	-1.0410700000000002	0.647251	0.359632	
0	0.78205	0.0393494	0.6219720000000001	0.0	-0.600791	-0.21770599999999998	0.769191	0.0	0.165674	-0.9752209999999999	-0.146616	0.0	-3.19577	-3.59659	-2.1149299999999998	0.33798	-0.6335770000000001	0.773088	0.030262599999999997	0.0	-0.0204517	0.022366	-0.999541	0.0	-0.773409	-0.633905	0.0016402	0.0	1.09756	-1.03881	0.681675	0.359624	
0	0.695974	0.090278	0.7123689999999999	0.0	-0.688565	-0.197534	0.697752	0.0	0.203709	-0.9761299999999999	-0.0753163	0.0	-3.20056	-3.6030599999999997	-2.17801	0.32616300000000004	-0.638312	0.769345	0.0258046	0.0	-0.017290299999999998	0.0191841	-0.999667	0.0	-0.769584	-0.638545	0.00105649	0.0	1.11341	-1.02516	0.6991	0.359538	
0	0.7977	0.154996	0.582796	0.0	-0.595947	0.054674099999999996	0.80116	0.0	0.092313	-0.986401	0.135983	0.0	-3.2199	-3.6308199999999995	-2.2944299999999997	0.326096	-0.6410100000000001	0.7671319999999999	0.024769	0.0	-0.017196	0.017909	-0.999692	0.0	-0.767339	-0.641239	0.00171179	0.0	1.13612	-1.00625	0.7049880000000001	0.359555	
