0	-0.157335	0.9464440000000001	-0.281939	0.0	0.161605	0.306321	0.93811	0.0	0.974233	0.102034	-0.201146	0.0	-2.81202	2.0394099999999997	1.40751	0.0	-0.593132	0.516197	-0.617847	0.0	0.753108	0.0844127	-0.652459	0.0	-0.284643	-0.8523	-0.438821	0.0	2.6511099999999996	1.9999	1.54685	-2.75671e-06	
0	-0.158104	0.9511229999999999	-0.26526900000000003	0.0	0.161128	0.289898	0.9433969999999999	0.0	0.974187	0.10641199999999999	-0.199087	0.0	-2.83802	2.0527	1.41806	0.0	0.0497785	0.9617319999999999	-0.269432	0.0	0.053119000000000006	-0.271934	-0.960849	0.0	-0.997347	0.0335176	-0.06462269999999999	0.0	2.63613	1.96557	1.5329899999999999	0.0	
0	-0.17002799999999998	0.94976	-0.262768	0.0	0.152945	0.288853	0.9450780000000001	0.0	0.973498	0.120501	-0.194374	0.0	-2.84105	2.0762400000000003	1.40104	0.0	0.0527854	0.9613139999999999	-0.270351	0.0	0.038303199999999996	-0.272478	-0.961399	0.0	-0.997871	0.0403925	-0.051204099999999995	0.0	2.6393400000000002	1.9401400000000002	1.50993	0.0	
0	-0.167478	0.955119	-0.24433200000000002	0.0	0.171389	0.272266	0.946835	0.0	0.970864	0.116698	-0.209296	0.0	-2.87564	2.12724	1.38879	0.0	0.0556649	0.9595469999999999	-0.275991	0.0	0.0256089	-0.27770100000000003	-0.960326	0.0	-0.9981209999999999	0.046388599999999995	-0.0400311	0.0	2.64033	1.94776	1.51216	0.0	
0	-0.174681	0.962957	-0.205427	0.0	0.19374	0.238171	0.9517030000000001	0.0	0.965376	0.126445	-0.22816799999999998	0.0	-2.90199	2.22392	1.3820700000000001	0.0	0.036305699999999996	0.9660610000000001	-0.25575	0.0	0.0327009	-0.256931	-0.9658770000000001	0.0	-0.998806	0.026703700000000004	-0.040919199999999996	0.0	2.6386	1.9467	1.52051	0.0	
0	-0.22561399999999998	0.955651	-0.18928699999999998	0.0	0.21407800000000002	0.23818000000000003	0.947334	0.0	0.9504049999999999	0.17321	-0.258321	0.0	-2.93784	2.36123	1.33625	0.246973	0.037928500000000004	0.974457	-0.221348	0.0	0.0751513	-0.223662	-0.971765	0.0	-0.996451	0.020222999999999998	-0.0817149	0.0	2.69864	1.9715599999999998	1.45631	0.338437	
0	-0.18777	0.9725440000000001	-0.137479	0.0	0.224572	0.17877	0.9579190000000001	0.0	0.9561950000000001	0.14899500000000002	-0.251974	0.0	-2.83869	2.45998	1.36805	0.350193	0.027750999999999998	0.9808389999999999	-0.192832	0.0	0.08008960000000001	-0.194468	-0.977634	0.0	-0.996401	0.011686499999999999	-0.08395180000000001	0.0	2.69407	1.90215	1.37106	0.355185	
0	-0.152054	0.985626	-0.0736269	0.0	0.238182	0.108838	0.965103	0.0	0.9592440000000001	0.129211	-0.251308	0.0	-2.83337	2.48493	1.38005	0.34318699999999996	0.00641698	0.986526	-0.163481	0.0	0.112942	-0.163154	-0.980115	0.0	-0.9935809999999999	-0.0121746	-0.11246700000000001	0.0	2.6878900000000003	1.80375	1.2615100000000001	0.356477	
0	-0.056507299999999996	0.997035	0.052230399999999996	0.0	0.285356	-0.0340036	0.9578180000000001	0.0	0.9567549999999999	0.0690278	-0.282589	0.0	-2.9384799999999998	2.47926	1.3148600000000001	0.34070900000000004	-0.05413430000000001	0.9934129999999999	-0.100994	0.0	0.156143	-0.0914765	-0.98349	0.0	-0.98625	-0.06901	-0.15016300000000002	0.0	2.66994	1.56323	1.0533	0.356697	
0	0.32246199999999997	0.921522	0.21636799999999998	0.0	0.33077199999999995	-0.323866	0.8863979999999999	0.0	0.8869090000000001	-0.21426199999999998	-0.409248	0.0	-2.82177	2.2069900000000002	0.8451860000000001	0.346785	-0.151793	0.98806	-0.0263784	0.0	0.186506	0.00242388	-0.9824510000000001	0.0	-0.970657	-0.154049	-0.184647	0.0	2.66181	0.9875450000000001	0.42810200000000004	0.35657	
0	0.45118800000000003	0.863366	0.22589299999999998	0.0	0.308055	-0.388236	0.868548	0.0	0.837575	-0.322291	-0.44113199999999997	0.0	-2.48294	1.6756099999999998	0.182319	0.348375	-0.20883200000000002	0.9777680000000001	-0.018952	0.0	0.22501	0.029179900000000005	-0.9739200000000001	0.0	-0.951714	-0.20765	-0.22610100000000002	0.0	2.56398	0.519722	-0.294556	0.35641300000000004	
0	0.536821	0.8155819999999999	0.215982	0.0	0.31154299999999996	-0.42952399999999996	0.847614	0.0	0.7840689999999999	-0.38773	-0.484667	0.0	-2.3189900000000003	1.3767200000000002	-0.375712	0.349029	-0.278122	0.960528	-0.00592577	0.0	0.259942	0.06932469999999999	-0.963133	0.0	-0.9247040000000001	-0.269409	-0.268963	0.0	2.36512	0.190051	-0.8505299999999999	0.35643600000000003	
0	0.736506	0.657557	0.158673	0.0	0.196418	-0.43236199999999997	0.8800469999999999	0.0	0.647285	-0.6169939999999999	-0.44759399999999994	0.0	-2.19502	0.817821	-0.924575	0.3501	-0.43635799999999997	0.898992	-0.0374857	0.0	0.218967	0.0656899	-0.973519	0.0	-0.8727229999999999	-0.43301000000000006	-0.225514	0.0	2.0072400000000004	-0.285583	-1.39143	0.357901	
0	0.849042	0.52185	0.0824576	0.0	0.141216	-0.374555	0.9163879999999999	0.0	0.509102	-0.766407	-0.391707	0.0	-2.07698	0.27221999999999996	-1.17688	0.349931	-0.61863	0.7845310000000001	-0.0425284	0.0	0.173539	0.08364769999999999	-0.981268	0.0	-0.766278	-0.614422	-0.187894	0.0	1.66762	-0.691331	-1.5851600000000001	0.35683200000000004	
0	0.931952	0.35939899999999997	-0.047935900000000004	0.0	0.127445	-0.200927	0.971281	0.0	0.339446	-0.9112959999999999	-0.233058	0.0	-2.10154	-0.229296	-1.0300799999999999	0.34801	-0.6268130000000001	0.777397	-0.0525367	0.0	0.163517	0.0653184	-0.984376	0.0	-0.7618189999999999	-0.62561	-0.16806	0.0	1.55681	-0.745527	-1.57732	0.357286	
0	0.9513940000000001	0.247015	-0.18393800000000002	0.0	0.19986099999999998	-0.040792	0.978975	0.0	0.23431799999999997	-0.968153	-0.08817799999999999	0.0	-2.15285	-0.587073	-0.67379	0.34710799999999997	-0.632666	0.772459	-0.0551467	0.0	0.172492	0.07113860000000001	-0.982439	0.0	-0.7549710000000001	-0.6310680000000001	-0.17825	0.0	1.61616	-0.8588790000000001	-1.49565	0.35744899999999996	
0	0.952475	0.20217100000000002	-0.227857	0.0	0.230016	0.0130762	0.9730989999999999	0.0	0.199712	-0.9792629999999999	-0.0340476	0.0	-2.14653	-0.738654	-0.49712399999999995	0.345477	-0.637185	0.7677970000000001	-0.0669565	0.0	0.190803	0.07297769999999999	-0.9789120000000001	0.0	-0.7467189999999999	-0.636524	-0.192998	0.0	1.68753	-0.996294	-1.4640799999999998	0.35685700000000004	
0	0.9434239999999999	0.193614	-0.269192	0.0	0.267721	0.0342285	0.962888	0.0	0.195643	-0.9804799999999999	-0.019542700000000003	0.0	-2.12711	-0.868815	-0.503724	0.346835	-0.634642	0.769165	-0.07493989999999999	0.0	0.192045	0.0630381	-0.97936	0.0	-0.748564	-0.635934	-0.187721	0.0	1.74875	-1.02121	-1.39541	0.356937	
0	0.943578	0.15387699999999999	-0.293227	0.0	0.290452	0.040730300000000004	0.9560219999999999	0.0	0.159053	-0.98725	-0.00626174	0.0	-2.11872	-1.0795700000000001	-0.514798	0.34630500000000003	-0.631866	0.769659	-0.0914918	0.0	0.196908	0.0452334	-0.9793780000000001	0.0	-0.749649	-0.63685	-0.180134	0.0	1.7528099999999998	-1.00734	-1.28457	0.35741300000000004	
0	0.9417700000000001	0.120701	-0.313847	0.0	0.308717	0.0595682	0.9492870000000001	0.0	0.133275	-0.9909	0.018837299999999998	0.0	-2.14894	-1.25611	-0.542782	0.346375	-0.631713	0.769245	-0.09592239999999999	0.0	0.200371	0.042493500000000003	-0.978798	0.0	-0.7488600000000001	-0.6375390000000001	-0.180978	0.0	1.7399900000000001	-0.9994559999999999	-1.23584	0.35737800000000003	
0	0.951023	0.11803599999999999	-0.285697	0.0	0.28279	0.041049300000000004	0.958303	0.0	0.12484200000000001	-0.99216	0.00565941	0.0	-2.16085	-1.53239	-0.652541	0.346821	-0.632495	0.767724	-0.10271400000000001	0.0	0.20240999999999998	0.0358232	-0.9786459999999999	0.0	-0.74765	-0.639779	-0.178053	0.0	1.7436900000000002	-0.9758129999999999	-1.1499700000000002	0.357281	
0	0.952907	0.140748	-0.268624	0.0	0.26876700000000003	0.018352700000000003	0.9630299999999999	0.0	0.140475	-0.989875	-0.0203401	0.0	-2.18129	-1.7105099999999998	-0.789895	0.347854	-0.631746	0.7679159999999999	-0.10583599999999999	0.0	0.211633	0.039514999999999995	-0.97655	0.0	-0.745727	-0.6393300000000001	-0.18748	0.0	1.73937	-0.970354	-1.15046	0.35727600000000004	
0	0.954432	0.137818	-0.2647	0.0	0.268933	-0.012712600000000001	0.963075	0.0	0.129364	-0.990376	-0.049197199999999996	0.0	-2.24093	-1.82938	-0.945948	0.34676	-0.633464	0.7664340000000001	-0.10631600000000001	0.0	0.21797399999999997	0.0449202	-0.9749200000000001	0.0	-0.742436	-0.6407510000000001	-0.195518	0.0	1.7637200000000002	-0.986893	-1.19907	0.357037	
0	0.9550770000000001	0.145647	-0.25809699999999997	0.0	0.266546	-0.0414909	0.962929	0.0	0.12953900000000002	-0.988466	-0.0784487	0.0	-2.29767	-1.87893	-1.07294	0.345752	-0.628143	0.7711439999999999	-0.103796	0.0	0.219996	0.048057	-0.974316	0.0	-0.74635	-0.634844	-0.19983499999999998	0.0	1.77855	-0.9889450000000001	-1.20836	0.35676399999999997	
0	0.9585440000000001	0.135975	-0.250409	0.0	0.262128	-0.07620930000000001	0.9620200000000001	0.0	0.11172699999999999	-0.987777	-0.10869300000000001	0.0	-2.3318	-1.91691	-1.14915	0.34586100000000003	-0.6267	0.7726109999999999	-0.101591	0.0	0.221962	0.052016	-0.9736670000000001	0.0	-0.746981	-0.632746	-0.20408900000000002	0.0	1.7837	-1.00769	-1.17815	0.35696500000000003	
0	0.9608959999999999	0.121175	-0.24898699999999999	0.0	0.261347	-0.0996809	0.960084	0.0	0.0915192	-0.987613	-0.127452	0.0	-2.40827	-1.96911	-1.23396	0.34572800000000004	-0.625522	0.773994	-0.0982616	0.0	0.21419899999999997	0.0492602	-0.9755469999999999	0.0	-0.7502270000000001	-0.631274	-0.196602	0.0	1.7908	-1.03157	-1.14196	0.357227	
0	0.9592959999999999	0.119831	-0.25571900000000003	0.0	0.26760100000000003	-0.0964047	0.9586950000000001	0.0	0.0902289	-0.9881030000000001	-0.124547	0.0	-2.4575	-1.99216	-1.2526700000000002	0.346022	-0.624698	0.773692	-0.10561	0.0	0.22251500000000002	0.0467376	-0.973809	0.0	-0.748492	-0.631836	-0.201355	0.0	1.7939599999999998	-1.03154	-1.10998	0.356988	
0	0.955988	0.116229	-0.269403	0.0	0.277045	-0.05525019999999999	0.959267	0.0	0.09661010000000002	-0.991685	-0.0850191	0.0	-2.53778	-2.00184	-1.23403	0.346529	-0.624082	0.773389	-0.11131600000000001	0.0	0.23031	0.0459393	-0.972032	0.0	-0.746646	-0.632265	-0.206789	0.0	1.8195700000000001	-1.03614	-1.1042100000000001	0.357129	
0	0.941234	0.15327000000000002	-0.300978	0.0	0.305438	-0.005868	0.9521940000000001	0.0	0.144177	-0.988167	-0.052337699999999994	0.0	-2.54581	-1.8882599999999998	-1.0866	0.345977	-0.623409	0.773841	-0.111946	0.0	0.236943	0.050528699999999996	-0.970209	0.0	-0.745131	-0.631361	-0.21485700000000002	0.0	1.84119	-1.03813	-1.11947	0.357107	
0	0.9416959999999999	0.151524	-0.300415	0.0	0.304917	-0.00684771	0.952354	0.0	0.142248	-0.9884299999999999	-0.052650800000000005	0.0	-2.5460599999999998	-1.886	-1.0877299999999999	0.34597	-0.6234460000000001	0.77381	-0.111952	0.0	0.23683400000000002	0.0504422	-0.97024	0.0	-0.745134	-0.631406	-0.21471300000000001	0.0	1.84018	-1.03831	-1.1190799999999999	0.357096	
0	0.941699	0.151495	-0.300421	0.0	0.30492199999999997	-0.0068505	0.9523530000000001	0.0	0.142219	-0.988434	-0.0526453	0.0	-2.5460700000000003	-1.88615	-1.08788	0.34597100000000003	-0.623447	0.77381	-0.111953	0.0	0.23683200000000001	0.0504401	-0.97024	0.0	-0.745134	-0.6314069999999999	-0.21470999999999998	0.0	1.84017	-1.03831	-1.11906	0.357096	
0	0.941699	0.151495	-0.300421	0.0	0.30492199999999997	-0.00685023	0.9523530000000001	0.0	0.142219	-0.988434	-0.0526452	0.0	-2.5460700000000003	-1.88615	-1.08788	0.34597100000000003	-0.623447	0.77381	-0.111953	0.0	0.23683200000000001	0.0504401	-0.97024	0.0	-0.745134	-0.6314069999999999	-0.21470999999999998	0.0	1.84017	-1.03831	-1.11906	0.357097	
0	0.941699	0.151495	-0.300421	0.0	0.30492199999999997	-0.00685024	0.9523530000000001	0.0	0.142219	-0.988434	-0.0526452	0.0	-2.5460700000000003	-1.88615	-1.08788	0.34597100000000003	-0.623447	0.77381	-0.111953	0.0	0.23683200000000001	0.0504401	-0.97024	0.0	-0.745134	-0.6314069999999999	-0.21470999999999998	0.0	1.84017	-1.03831	-1.11906	0.357097	
0	0.8163630000000001	0.5295449999999999	-0.230508	0.0	0.281933	-0.017066099999999997	0.959282	0.0	0.504049	-0.84811	-0.16322799999999998	0.0	-2.40607	-1.59365	-1.01829	0.346913	-0.295415	0.9260139999999999	-0.23500500000000002	0.0	0.254577	-0.16079000000000002	-0.953592	0.0	-0.920826	-0.341532	-0.18824200000000002	0.0	1.85128	-0.8272729999999999	-1.03949	0.35635900000000004	
0	0.8335319999999999	0.519753	-0.1873	0.0	0.251681	-0.0554312	0.9662219999999999	0.0	0.49181400000000003	-0.8525159999999999	-0.177016	0.0	-2.3317200000000002	-1.53541	-0.9889819999999999	0.348384	-0.283085	0.93106	-0.230198	0.0	0.254819	-0.158376	-0.953931	0.0	-0.924624	-0.328702	-0.192418	0.0	1.86105	-0.7491220000000001	-1.0333299999999999	0.356173	
0	0.890775	0.41888400000000003	-0.176226	0.0	0.21529	-0.047469800000000006	0.9753959999999999	0.0	0.400213	-0.906798	-0.132466	0.0	-2.2873099999999997	-1.8493	-1.0610700000000002	0.34894899999999995	-0.27286	0.9328989999999999	-0.23504899999999998	0.0	0.24777	-0.167935	-0.954153	0.0	-0.929601	-0.31858800000000004	-0.185321	0.0	1.83444	-0.709488	-1.01655	0.35657	
0	0.9408190000000001	0.29784499999999997	-0.161701	0.0	0.177591	-0.0268899	0.9837370000000001	0.0	0.288653	-0.954235	-0.078193	0.0	-2.34711	-2.38459	-1.20917	0.347419	-0.26752600000000004	0.9343090000000001	-0.235577	0.0	0.23601599999999998	-0.173501	-0.9561350000000001	0.0	-0.934198	-0.311391	-0.174096	0.0	1.81725	-0.70049	-0.97625	0.357585	
0	0.9657899999999999	0.21216300000000002	-0.149122	0.0	0.151936	0.00306864	0.9883860000000001	0.0	0.210157	-0.9772299999999999	-0.029271600000000002	0.0	-2.5089799999999998	-2.98168	-1.4374799999999999	0.347246	-0.268896	0.935549	-0.229003	0.0	0.23865300000000003	-0.16563	-0.9568760000000001	0.0	-0.933135	-0.311952	-0.178734	0.0	1.80518	-0.707257	-0.9735530000000001	0.35746	
0	0.9795780000000001	0.150172	-0.133697	0.0	0.129201	0.039351699999999996	0.9908370000000001	0.0	0.154058	-0.987877	0.019145699999999998	0.0	-2.6722599999999996	-3.4883599999999997	-1.57774	0.3465	-0.267446	0.9369879999999999	-0.22478	0.0	0.23681100000000002	-0.162208	-0.9579190000000001	0.0	-0.9340200000000001	-0.309422	-0.178507	0.0	1.80004	-0.717561	-0.985002	0.357462	
0	0.980165	0.162733	-0.113114	0.0	0.11362	0.00622264	0.993505	0.0	0.16238	-0.9866510000000001	-0.0123906	0.0	-2.76762	-3.6438699999999997	-1.6216700000000002	0.352279	-0.26259	0.9398280000000001	-0.218561	0.0	0.236325	-0.156968	-0.9589110000000001	0.0	-0.9355190000000001	-0.303452	-0.180887	0.0	1.7956299999999998	-0.7298060000000001	-1.0167899999999999	0.357448	
0	0.978183	0.171823	-0.11676900000000001	0.0	0.119532	-0.00578389	0.992814	0.0	0.16991199999999998	-0.9851110000000001	-0.026195999999999997	0.0	-2.80055	-3.64894	-1.64671	0.354518	-0.258058	0.9412280000000001	-0.217935	0.0	0.23568899999999998	-0.15742899999999999	-0.958993	0.0	-0.93694	-0.29884099999999997	-0.18121099999999998	0.0	1.78357	-0.7347520000000001	-1.0596299999999998	0.357542	
0	0.9746030000000001	0.181115	-0.131707	0.0	0.135325	-0.00771049	0.990771	0.0	0.178428	-0.983432	-0.0320241	0.0	-2.81454	-3.63875	-1.6680400000000002	0.318893	-0.25274	0.9418120000000001	-0.221615	0.0	0.230082	-0.163977	-0.959257	0.0	-0.9397790000000001	-0.293433	-0.175251	0.0	1.75527	-0.7227279999999999	-1.09921	0.357514	
0	0.976189	0.173941	-0.12961199999999998	0.0	0.134736	-0.0179298	0.990719	0.0	0.170003	-0.984593	-0.040938999999999996	0.0	-2.8079	-3.63711	-1.6610599999999998	0.318655	-0.249013	0.942367	-0.22346799999999997	0.0	0.23202199999999998	-0.165972	-0.9584459999999999	0.0	-0.9402969999999999	-0.290515	-0.177321	0.0	1.74249	-0.705294	-1.10408	0.357321	
0	0.9767399999999999	0.17638299999999998	-0.121931	0.0	0.131349	-0.0426982	0.990416	0.0	0.169486	-0.983395	-0.06487290000000001	0.0	-2.8089	-3.6311699999999996	-1.6411	0.319865	-0.24795599999999998	0.9414319999999999	-0.228525	0.0	0.22652399999999998	-0.17301	-0.958517	0.0	-0.941916	-0.289436	-0.17035899999999998	0.0	1.73143	-0.690879	-1.0725799999999999	0.357723	
0	0.974442	0.191156	-0.11798900000000001	0.0	0.127329	-0.037293400000000004	0.991159	0.0	0.185066	-0.980851	-0.06068	0.0	-2.82098	-3.63308	-1.63802	0.32408200000000004	-0.249442	0.940975	-0.22879000000000002	0.0	0.226306	-0.173074	-0.958557	0.0	-0.941576	-0.290881	-0.169776	0.0	1.72984	-0.687742	-1.04033	0.35738400000000003	
0	0.9653309999999999	0.24259899999999998	-0.096337	0.0	0.10755999999999999	-0.0334176	0.9936370000000001	0.0	0.23783600000000002	-0.969551	-0.0583531	0.0	-2.8656099999999998	-3.639	-1.64041	0.325018	-0.24906399999999998	0.9428700000000001	-0.22127399999999997	0.0	0.228316	-0.164872	-0.959525	0.0	-0.94119	-0.289504	-0.174209	0.0	1.73537	-0.705295	-1.0462799999999999	0.357329	
0	0.9600780000000001	0.26465700000000003	-0.0905935	0.0	0.102578	-0.0317883	0.994217	0.0	0.260247	-0.9638190000000001	-0.0576672	0.0	-2.88575	-3.64281	-1.6420700000000001	0.324446	-0.247844	0.9433940000000001	-0.22041100000000002	0.0	0.230303	-0.163615	-0.959266	0.0	-0.9410280000000001	-0.288509	-0.176716	0.0	1.73459	-0.716353	-1.06114	0.35746500000000003	
0	0.956126	0.283908	-0.0722453	0.0	0.0856918	-0.035214300000000004	0.995699	0.0	0.280143	-0.958205	-0.057997900000000005	0.0	-2.8960000000000004	-3.6452400000000003	-1.64578	0.322585	-0.247773	0.9425959999999999	-0.223879	0.0	0.228392	-0.167742	-0.95901	0.0	-0.9415129999999999	-0.288749	-0.173719	0.0	1.73544	-0.7204430000000001	-1.05613	0.35740900000000003	
0	0.964765	0.256736	-0.0575825	0.0	0.0663328	-0.025546700000000002	0.9974700000000001	0.0	0.25461500000000004	-0.966144	-0.0416765	0.0	-2.8742400000000004	-3.6184800000000004	-1.7590299999999999	0.19588	-0.24784899999999999	0.9437209999999999	-0.21900300000000003	0.0	0.230611	-0.162088	-0.959451	0.0	-0.940951	-0.28830300000000003	-0.177459	0.0	1.73812	-0.718527	-1.03682	0.357247	
0	0.9712360000000001	0.235213	-0.0370956	0.0	0.0395959	-0.00591417	0.9991979999999999	0.0	0.234805	-0.9719260000000001	-0.0150575	0.0	-2.8641799999999997	-3.60155	-1.7869400000000002	0.116427	-0.24560300000000002	0.945185	-0.21518299999999999	0.0	0.229764	-0.158896	-0.9601879999999999	0.0	-0.9417469999999999	-0.28526599999999996	-0.178144	0.0	1.7310400000000001	-0.749865	-1.03862	0.35727	
0	0.974578	0.223142	0.0201357	0.0	-0.0284594	0.034149	0.9990120000000001	0.0	0.22223400000000001	-0.9741879999999999	0.039631400000000004	0.0	-2.8859	-3.58972	-1.7976	0.116344	-0.24277600000000002	0.945677	-0.216227	0.0	0.230225	-0.160361	-0.959834	0.0	-0.942367	-0.282806	-0.178787	0.0	1.7283400000000002	-0.756626	-1.03669	0.357038	
0	0.973916	0.225192	0.027865800000000003	0.0	-0.052212699999999994	0.102895	0.9933209999999999	0.0	0.22082100000000002	-0.968866	0.111969	0.0	-2.89574	-3.57162	-1.80476	0.116096	-0.23822	0.946407	-0.21809499999999998	0.0	0.22709000000000001	-0.16405699999999998	-0.9599559999999999	0.0	-0.9442889999999999	-0.278208	-0.17583800000000002	0.0	1.72796	-0.732427	-1.03111	0.357094	
0	0.9669770000000001	0.25447	0.014175299999999998	0.0	-0.0635744	0.186972	0.9803059999999999	0.0	0.24680900000000003	-0.9488340000000001	0.196975	0.0	-2.92873	-3.55939	-1.8146	0.11582	-0.234046	0.9480379999999999	-0.21551700000000001	0.0	0.22273	-0.163494	-0.961073	0.0	-0.946369	-0.272937	-0.17289200000000002	0.0	1.6995099999999999	-0.710963	-1.03073	0.35702	
0	0.952207	0.304111	-0.0286154	0.0	-0.038217900000000006	0.21156	0.976618	0.0	0.303054	-0.928848	0.213071	0.0	-2.91608	-3.5470699999999997	-1.80919	0.116156	-0.23204299999999997	0.9485	-0.21564699999999998	0.0	0.225816	-0.163113	-0.960418	0.0	-0.9461309999999999	-0.271554	-0.176337	0.0	1.68957	-0.705815	-1.04122	0.356576	
0	0.9238629999999999	0.38172399999999995	-0.0276577	0.0	-0.00938846	0.0948471	0.995448	0.0	0.38260900000000003	-0.9193969999999999	0.0912095	0.0	-2.95621	-3.51765	-1.8156700000000001	0.116166	-0.229073	0.949535	-0.21426399999999998	0.0	0.22089299999999998	-0.163667	-0.961467	0.0	-0.9480149999999999	-0.267575	-0.172255	0.0	1.68261	-0.70617	-1.04436	0.3568	
0	0.8756459999999999	0.48273999999999995	-0.0143607	0.0	0.00303704	0.0242304	0.9997020000000001	0.0	0.482944	-0.8754290000000001	0.0197512	0.0	-2.78337	-3.4348300000000003	-1.7919599999999998	0.116231	-0.22276700000000002	0.951909	-0.21034499999999998	0.0	0.219675	-0.161202	-0.9621629999999999	0.0	-0.949799	-0.260546	-0.1732	0.0	1.6581400000000002	-0.707642	-1.06498	0.356677	
0	0.8666889999999999	0.49853100000000006	-0.017811700000000003	0.0	0.0488794	-0.049333800000000004	0.9975860000000001	0.0	0.496449	-0.865467	-0.067125	0.0	-2.8107900000000003	-3.0243	-1.8001200000000002	0.116337	-0.216917	0.9537610000000001	-0.208054	0.0	0.215988	-0.160955	-0.963038	0.0	-0.951996	-0.253836	-0.171087	0.0	1.63301	-0.724256	-1.05497	0.35681199999999996	
0	0.8562649999999999	0.516397	-0.011985899999999999	0.0	0.07820139999999999	-0.10666300000000001	0.991215	0.0	0.510582	-0.8496809999999999	-0.131715	0.0	-2.8037900000000002	-2.47764	-1.7340799999999998	0.11639000000000001	-0.210463	0.9564459999999999	-0.20227799999999999	0.0	0.21176	-0.157397	-0.964564	0.0	-0.954392	-0.24583899999999997	-0.16941099999999998	0.0	1.60948	-0.762314	-1.0591700000000002	0.356869	
0	0.845305	0.534189	0.010087299999999999	0.0	0.08117919999999999	-0.147074	0.9857889999999999	0.0	0.528081	-0.8324729999999999	-0.167687	0.0	-2.65198	-1.9500400000000002	-1.67546	0.11631500000000002	-0.204502	0.9587129999999999	-0.197605	0.0	0.20731799999999997	-0.154871	-0.965937	0.0	-0.9566600000000001	-0.23850300000000002	-0.16708699999999999	0.0	1.5897299999999999	-0.779754	-1.06323	0.35690900000000003	
0	0.846341	0.532611	-0.00571394	0.0	0.10962100000000001	-0.163675	0.980405	0.0	0.521239	-0.830383	-0.19691	0.0	-2.70362	-1.61303	-1.52819	0.1163	-0.198434	0.9610690000000001	-0.192276	0.0	0.206258	-0.150837	-0.966802	0.0	-0.958166	-0.23150500000000002	-0.168297	0.0	1.5671700000000002	-0.7888689999999999	-1.08542	0.356784	
0	0.8319030000000001	0.55492	0.000622869	0.0	0.114326	-0.17249	0.9783540000000001	0.0	0.5430159999999999	-0.813825	-0.20693699999999998	0.0	-2.74927	-1.41595	-1.4425299999999999	0.11630499999999999	-0.18474400000000002	0.967326	-0.17364100000000002	0.0	0.202521	-0.135419	-0.9698700000000001	0.0	-0.961694	-0.214344	-0.17088599999999998	0.0	1.54423	-0.800589	-1.1206399999999999	0.357058	
1	0.783068	0.621012	0.0338914	0.0	0.10230800000000001	-0.182374	0.977892	0.0	0.613464	-0.762289	-0.20634499999999997	0.0	-2.73438	-1.34503	-1.46391	0.116297	-0.176175	0.9711870000000001	-0.160495	0.0	0.206835	-0.12288199999999999	-0.970628	0.0	-0.962383	-0.204197	-0.179226	0.0	1.4938799999999999	-0.8762110000000001	-1.1790200000000002	0.357419	
1	0.633768	0.767523	0.09615850000000001	0.0	0.0643762	-0.176217	0.982244	0.0	0.770839	-0.616325	-0.161091	0.0	-2.64983	-1.3760700000000001	-1.62216	0.11629600000000001	-0.125895	0.976188	-0.17665699999999998	0.0	0.203293	-0.14890899999999999	-0.967728	0.0	-0.9709899999999999	-0.157745	-0.179706	0.0	1.39665	-1.03128	-1.3157	0.35834	
1	0.451442	0.87949	0.15065599999999998	0.0	0.026042700000000002	-0.181755	0.982999	0.0	0.891921	-0.43984300000000004	-0.104956	0.0	-2.56453	-1.43749	-1.84323	0.11629400000000001	-0.08507360000000001	0.9788969999999999	-0.185802	0.0	0.21896999999999997	-0.163551	-0.9619270000000001	0.0	-0.972016	-0.12252	-0.200435	0.0	1.26211	-1.14829	-1.5037399999999999	0.35873299999999997	
1	0.287227	0.9418049999999999	0.174652	0.0	0.0236165	-0.189243	0.9816459999999999	0.0	0.957571	-0.277831	-0.07659769999999999	0.0	-2.45744	-1.4650299999999998	-2.15118	0.116289	-0.0101587	0.974723	-0.223185	0.0	0.21995599999999998	-0.215552	-0.9513969999999999	0.0	-0.975457	-0.0587559	-0.212207	0.0	1.11017	-1.26171	-1.8111700000000002	0.358939	
1	0.14765	0.9703870000000001	0.191178	0.0	0.0180481	-0.195908	0.980456	0.0	0.988875	-0.14131400000000002	-0.0464395	0.0	-2.32755	-1.43566	-2.37505	0.11619000000000002	0.0505361	0.9720780000000001	-0.22915100000000002	0.0	0.20779299999999998	-0.234657	-0.9496100000000001	0.0	-0.976867	0.000373721	-0.21385	0.0	1.00207	-1.2485600000000001	-2.10935	0.35859800000000003	
1	0.0869609	0.979967	0.17917	0.0	0.00359771	-0.18016	0.9836309999999999	0.0	0.9962049999999999	-0.0848929	-0.019192599999999997	0.0	-2.18105	-1.4045299999999998	-2.4642	0.116298	0.0886845	0.96854	-0.232517	0.0	0.182608	-0.24529	-0.9520959999999999	0.0	-0.9791780000000001	0.0419767	-0.19861700000000002	0.0	0.860482	-1.1992399999999999	-2.29868	0.359261	
1	-0.028416000000000004	0.994189	0.10383099999999999	0.0	-0.0432458	-0.10499800000000001	0.993532	0.0	0.99866	0.0237418	0.0459779	0.0	-1.9807	-1.39245	-2.49024	0.116192	0.115748	0.957367	-0.26466999999999996	0.0	0.18550999999999998	-0.28260799999999997	-0.941126	0.0	-0.9758020000000001	0.0598349	-0.210312	0.0	0.670428	-1.07745	-2.4920299999999997	0.35979099999999997	
1	-0.056412300000000005	0.997508	0.0423769	0.0	-0.06761879999999999	-0.0461642	0.9966430000000001	0.0	0.996115	0.053357400000000006	0.0700544	0.0	-1.90888	-1.42038	-2.50505	0.11630499999999999	0.11596300000000001	0.9518989999999999	-0.283621	0.0	0.194666	-0.301791	-0.9332889999999999	0.0	-0.9739909999999999	0.053015099999999996	-0.22029899999999997	0.0	0.586264	-1.03629	-2.53536	0.35975999999999997	
1	-0.0752084	0.9968540000000001	-0.0250133	0.0	-0.0496595	0.0213088	0.998539	0.0	0.9959309999999999	0.0763404	0.0479005	0.0	-1.83886	-1.49296	-2.55837	0.1163	0.119219	0.933492	-0.338202	0.0	0.187314	-0.355661	-0.915652	0.0	-0.975039	0.0458133	-0.217257	0.0	0.492751	-1.0150700000000001	-2.5664700000000003	0.36031399999999997	
1	-0.172001	0.97705	-0.125658	0.0	-0.10931700000000001	0.10784	0.98814	0.0	0.9790129999999999	0.183698	0.08825910000000001	0.0	-1.7489	-1.63424	-2.65246	0.116284	0.114443	0.917298	-0.381402	0.0	0.198954	-0.397309	-0.895859	0.0	-0.9733040000000001	0.026643700000000003	-0.22796999999999998	0.0	0.329262	-1.03225	-2.57024	0.360654	
1	-0.250895	0.9495129999999999	-0.188352	0.0	-0.15370799999999998	0.153029	0.976195	0.0	0.9557329999999999	0.273873	0.107554	0.0	-1.7418799999999999	-1.63733	-2.71073	0.11590999999999999	0.11286199999999999	0.9085790000000001	-0.40217800000000004	0.0	0.21076199999999998	-0.41744499999999995	-0.8839229999999999	0.0	-0.971	0.0149981	-0.238608	0.0	0.25609299999999996	-1.05105	-2.58106	0.360163	
1	-0.27872199999999997	0.933262	-0.226575	0.0	-0.188906	0.178037	0.9657209999999999	0.0	0.941609	0.311969	0.126676	0.0	-1.7355200000000002	-1.57899	-2.7065900000000003	0.115476	0.123454	0.8899239999999999	-0.43908500000000006	0.0	0.21595300000000003	-0.455958	-0.8634040000000001	0.0	-0.968568	0.0117692	-0.24847199999999997	0.0	0.18102200000000002	-1.07677	-2.59631	0.360006	
1	-0.31855900000000004	0.915227	-0.24673899999999999	0.0	-0.152368	0.207474	0.9663010000000001	0.0	0.935577	0.34541900000000003	0.0733588	0.0	-1.7456200000000002	-1.5610899999999999	-2.72853	0.11531400000000001	0.119709	0.883547	-0.45278500000000005	0.0	0.21704600000000002	-0.46832299999999993	-0.856484	0.0	-0.968794	0.00425372	-0.247833	0.0	0.0945018	-1.11941	-2.60292	0.359633	
1	-0.321723	0.9087370000000001	-0.265879	0.0	-0.151162	0.22791	0.9618770000000001	0.0	0.934689	0.349649	0.06404270000000001	0.0	-1.8113700000000001	-1.5581	-2.73176	0.115226	0.10737200000000001	0.887582	-0.44796199999999997	0.0	0.228467	-0.460537	-0.857735	0.0	-0.967613	-0.0102478	-0.252232	0.0	0.0233567	-1.1797799999999998	-2.60445	0.35935900000000004	
1	-0.30990700000000004	0.912069	-0.268492	0.0	-0.170123	0.224642	0.959476	0.0	0.935423	0.343025	0.0855456	0.0	-1.8426200000000001	-1.54919	-2.7361400000000002	0.114871	0.09871369999999999	0.8949739999999999	-0.43506000000000006	0.0	0.239527	-0.44571099999999997	-0.8625370000000001	0.0	-0.965859	-0.0190641	-0.258368	0.0	0.00132342	-1.2531	-2.6107099999999996	0.35922600000000005	
1	-0.31715	0.9104969999999999	-0.265351	0.0	-0.165216	0.222473	0.960838	0.0	0.933874	0.34857	0.079871	0.0	-1.8471400000000002	-1.54182	-2.73559	0.114978	0.09766169999999999	0.8902950000000001	-0.44478900000000005	0.0	0.231409	-0.45498999999999995	-0.8599030000000001	0.0	-0.967942	-0.0189486	-0.25045700000000004	0.0	0.00572965	-1.27447	-2.61692	0.359286	
1	-0.314037	0.911992	-0.263916	0.0	-0.16548	0.221146	0.9610989999999999	0.0	0.9348780000000001	0.345494	0.0814682	0.0	-1.8536	-1.54376	-2.7387799999999998	0.11486700000000001	0.11094200000000001	0.8634040000000001	-0.49216400000000005	0.0	0.203245	-0.5044649999999999	-0.8391700000000001	0.0	-0.972822	-0.00693032	-0.231449	0.0	0.00999351	-1.3134700000000001	-2.61499	0.359035	
1	-0.318379	0.9064610000000001	-0.27742100000000003	0.0	-0.167321	0.234319	0.9576520000000001	0.0	0.9330799999999999	0.351315	0.077068	0.0	-1.8315400000000002	-1.54772	-2.7351900000000002	0.114801	0.122724	0.862707	-0.490587	0.0	0.197204	-0.5056649999999999	-0.839889	0.0	-0.972651	0.00632882	-0.23218699999999998	0.0	-0.0217049	-1.3705399999999999	-2.6360200000000003	0.358768	
1	-0.330704	0.8987139999999999	-0.288007	0.0	-0.161051	0.24695799999999998	0.955549	0.0	0.929891	0.362387	0.0630687	0.0	-1.81247	-1.51762	-2.72864	0.114756	0.110696	0.8663280000000001	-0.487055	0.0	0.182594	-0.499453	-0.84688	0.0	-0.976937	0.00481302	-0.21347399999999997	0.0	-0.0708991	-1.43012	-2.5986700000000003	0.35865199999999997	
1	-0.33219899999999997	0.894442	-0.299361	0.0	-0.165771	0.25708000000000003	0.952066	0.0	0.928528	0.36590100000000003	0.06287050000000001	0.0	-1.77338	-1.48977	-2.7098299999999997	0.114705	0.09035019999999999	0.87595	-0.473866	0.0	0.172955	-0.482383	-0.858716	0.0	-0.980777	-0.00437239	-0.195083	0.0	-0.0882875	-1.4877799999999999	-2.5386599999999997	0.358575	
1	-0.33003299999999997	0.8944209999999999	-0.30181199999999997	0.0	-0.169343	0.258441	0.951069	0.0	0.9286559999999999	0.364994	0.0661698	0.0	-1.7631400000000002	-1.5042799999999998	-2.6917	0.114621	0.0810097	0.880325	-0.46740299999999996	0.0	0.167007	-0.474303	-0.864376	0.0	-0.9826219999999999	-0.008036399999999999	-0.185444	0.0	-0.105683	-1.5065899999999999	-2.52772	0.35998	
1	-0.349124	0.87845	-0.326248	0.0	-0.154167	0.289568	0.94466	0.0	0.924308	0.3801	0.0343329	0.0	-1.7615900000000002	-1.5236	-2.63377	0.114543	0.053669299999999996	0.891908	-0.449021	0.0	0.151646	-0.451733	-0.8791709999999999	0.0	-0.986977	-0.0209075	-0.159499	0.0	-0.12526500000000002	-1.52805	-2.50546	0.361018	
1	-0.370079	0.8720479999999999	-0.32027	0.0	-0.126028	0.294433	0.947326	0.0	0.9204120000000001	0.390949	0.000938475	0.0	-1.77415	-1.55393	-2.59648	0.114442	0.027475700000000002	0.893595	-0.448034	0.0	0.16134500000000002	-0.446291	-0.880223	0.0	-0.986516	-0.0481032	-0.15644	0.0	-0.14977200000000002	-1.52762	-2.4789	0.37087800000000004	
1	-0.38395	0.867241	-0.31697800000000004	0.0	-0.12241099999999999	0.292452	0.948413	0.0	0.9152040000000001	0.402945	-0.00612682	0.0	-1.7842200000000001	-1.59782	-2.56486	0.114299	-0.0135872	0.899378	-0.43696	0.0	0.164183	-0.429063	-0.888228	0.0	-0.9863360000000001	-0.0838098	-0.141833	0.0	-0.198373	-1.52379	-2.4460900000000003	0.36675599999999997	
1	-0.404335	0.8409040000000001	-0.359714	0.0	-0.122148	0.34012600000000004	0.9324129999999999	0.0	0.9064180000000001	0.420946	-0.0348108	0.0	-1.7982	-1.59713	-2.5409200000000003	0.114417	-0.040427099999999994	0.914236	-0.40316	0.0	0.148503	-0.393511	-0.9072459999999999	0.0	-0.988085	-0.096548	-0.119859	0.0	-0.21172399999999997	-1.51017	-2.40698	0.358688	
1	-0.41407200000000005	0.832784	-0.36744499999999997	0.0	-0.11773299999999999	0.351287	0.9288360000000001	0.0	0.902598	0.42786499999999994	-0.047411800000000004	0.0	-1.7864099999999998	-1.5881399999999999	-2.5310900000000003	0.11449300000000001	-0.0497189	0.921214	-0.385866	0.0	0.152852	-0.374775	-0.914429	0.0	-0.9869979999999999	-0.10444500000000001	-0.12217599999999999	0.0	-0.223631	-1.49593	-2.40287	0.358429	
1	-0.41811499999999996	0.8223870000000001	-0.385822	0.0	-0.12655999999999998	0.36785	0.9212319999999999	0.0	0.8995350000000001	0.434011	-0.0497224	0.0	-1.75443	-1.59826	-2.50668	0.11425999999999999	-0.0863426	0.9394959999999999	-0.33150100000000005	0.0	0.15298399999999998	-0.316294	-0.9362450000000001	0.0	-0.98445	-0.131552	-0.11641800000000001	0.0	-0.287085	-1.48227	-2.37367	0.358696	
1	-0.42733699999999997	0.816441	-0.388339	0.0	-0.123829	0.372631	0.919681	0.0	0.8955719999999999	0.441101	-0.0581404	0.0	-1.73364	-1.6010799999999998	-2.4731	0.114228	-0.112018	0.9490049999999999	-0.294691	0.0	0.161552	-0.27521999999999996	-0.9477110000000001	0.0	-0.9804860000000001	-0.15376800000000002	-0.122484	0.0	-0.29239299999999996	-1.47191	-2.3401	0.35952199999999995	
1	-0.43536	0.8108770000000001	-0.391075	0.0	-0.12396700000000001	0.376268	0.9181799999999999	0.0	0.8916799999999999	0.44822	-0.06329019999999999	0.0	-1.7205400000000002	-1.60083	-2.45208	0.113978	-0.12312999999999999	0.951213	-0.282901	0.0	0.16461099999999998	-0.26154499999999997	-0.951051	0.0	-0.978643	-0.163671	-0.124376	0.0	-0.294392	-1.46642	-2.33244	0.359155	
1	-0.5066649999999999	0.766804	-0.394083	0.0	-0.126921	0.385776	0.9138200000000001	0.0	0.852749	0.513019	-0.0981355	0.0	-1.6964400000000002	-1.6145100000000001	-2.4557	0.11341099999999998	-0.14669200000000002	0.953942	-0.26168	0.0	0.193293	-0.231798	-0.9533659999999999	0.0	-0.9701129999999999	-0.190432	-0.150387	0.0	-0.330888	-1.45649	-2.33017	0.33992	
1	-0.506999	0.763674	-0.399692	0.0	-0.133881	0.38831	0.911752	0.0	0.8514860000000001	0.515768	-0.09463189999999999	0.0	-1.68773	-1.63753	-2.4605	0.11615199999999999	-0.16253099999999998	0.9559780000000001	-0.24431599999999998	0.0	0.191147	-0.212412	-0.958303	0.0	-0.9680120000000001	-0.202454	-0.14820899999999998	0.0	-0.341541	-1.4671	-2.3269	0.320353	
1	-0.507621	0.763528	-0.399183	0.0	-0.13344	0.388052	0.911926	0.0	0.8511850000000001	0.5161789999999999	-0.09509830000000001	0.0	-1.6543299999999999	-1.6399599999999999	-2.46616	0.114784	-0.163537	0.956134	-0.24303200000000003	0.0	0.19105	-0.210992	-0.958636	0.0	-0.9678620000000001	-0.203203	-0.14816500000000002	0.0	-0.30838699999999997	-1.4683700000000002	-2.3306	0.320313	
1	-0.509042	0.761624	-0.401005	0.0	-0.13331400000000002	0.390499	0.9109	0.0	0.850355	0.517146	-0.0972455	0.0	-1.64726	-1.63804	-2.46092	0.116155	-0.164324	0.955074	-0.24664	0.0	0.190749	-0.214552	-0.9579049999999999	0.0	-0.9677879999999999	-0.204453	-0.146923	0.0	-0.300987	-1.4655200000000002	-2.33091	0.320371	
1	-0.509048	0.761653	-0.400943	0.0	-0.130174	0.392331	0.910566	0.0	0.8508379999999999	0.515714	-0.10056799999999999	0.0	-1.63495	-1.61734	-2.42939	0.11620499999999999	-0.161496	0.954802	-0.249545	0.0	0.182224	-0.21966599999999997	-0.958406	0.0	-0.9699040000000001	-0.20025199999999999	-0.138513	0.0	-0.287219	-1.45072	-2.31091	0.320383	
1	-0.496705	0.770406	-0.399698	0.0	-0.138655	0.38417399999999996	0.91279	0.0	0.856773	0.508807	-0.08400060000000001	0.0	-1.62553	-1.55853	-2.44004	0.127368	-0.135941	0.9624889999999999	-0.23480900000000002	0.0	0.13356600000000002	-0.21704	-0.966982	0.0	-0.981672	-0.16281400000000001	-0.09905119999999999	0.0	-0.275832	-1.45973	-2.3268400000000002	0.319794	
1	-0.4361	0.821609	-0.367118	0.0	-0.125125	0.34863	0.9288709999999999	0.0	0.891157	0.451016	-0.0492339	0.0	-1.59659	-1.5019200000000001	-2.47033	0.14941	-0.112764	0.9667520000000001	-0.229512	0.0	0.137754	-0.213544	-0.967173	0.0	-0.9840270000000001	-0.140678	-0.10909400000000001	0.0	-0.28428400000000004	-1.47498	-2.3448900000000004	0.319656	
1	-0.38371700000000003	0.860554	-0.334975	0.0	-0.1694	0.29099200000000003	0.941609	0.0	0.9077799999999999	0.41805600000000004	0.0341194	0.0	-1.52252	-1.39173	-2.51871	0.200275	-0.0657952	0.9702540000000001	-0.23297800000000002	0.0	0.126675	-0.223473	-0.9664440000000001	0.0	-0.9897600000000001	-0.09309989999999999	-0.108204	0.0	-0.23569099999999998	-1.5116	-2.3338200000000002	0.318804	
1	-0.355385	0.887548	-0.293189	0.0	-0.178557	0.243427	0.953342	0.0	0.917507	0.391154	0.07196749999999999	0.0	-1.5171299999999999	-1.3449	-2.5713	0.22869899999999999	-0.0300909	0.971226	-0.236252	0.0	0.13268	-0.230386	-0.9640120000000001	0.0	-0.9907020000000001	-0.0603538	-0.12193	0.0	-0.24186100000000002	-1.5515	-2.34577	0.318909	
1	-0.329289	0.9059950000000001	-0.26597600000000005	0.0	-0.18003	0.216277	0.9595899999999999	0.0	0.926908	0.36386599999999997	0.09188810000000001	0.0	-1.50044	-1.32282	-2.58753	0.237496	-0.00481194	0.9703870000000001	-0.241508	0.0	0.13551300000000002	-0.23865	-0.9616040000000001	0.0	-0.990764	-0.0373547	-0.130351	0.0	-0.248848	-1.57199	-2.33908	0.318358	
1	-0.292018	0.931126	-0.218473	0.0	-0.160799	0.17737999999999998	0.970917	0.0	0.9427989999999999	0.318656	0.0979261	0.0	-1.48037	-1.22373	-2.5876200000000003	0.267112	0.0438531	0.9717600000000001	-0.23185999999999998	0.0	0.156776	-0.23590100000000003	-0.959047	0.0	-0.98666	0.00570709	-0.162694	0.0	-0.27318600000000004	-1.5611899999999999	-2.31924	0.31892800000000004	
1	-0.334258	0.921858	-0.19608399999999998	0.0	-0.16314800000000002	0.148315	0.97539	0.0	0.9282540000000001	0.358022	0.100824	0.0	-1.6912	-1.23695	-2.52811	0.295887	0.0871978	0.972341	-0.21667899999999998	0.0	0.229431	-0.231262	-0.9454520000000001	0.0	-0.969411	0.0327284	-0.24325100000000002	0.0	0.00807311	-1.4585299999999999	-2.45067	0.320229	
1	-0.27808099999999997	0.944055	-0.177291	0.0	-0.165894	0.134596	0.976915	0.0	0.946124	0.301073	0.119184	0.0	-1.85076	-1.3703299999999998	-2.39649	0.30312100000000003	0.104551	0.978009	-0.180463	0.0	0.268921	-0.2025	-0.941635	0.0	-0.957471	0.049918199999999996	-0.284179	0.0	0.304288	-1.29271	-2.59274	0.320233	
2	-0.23235300000000003	0.9572	-0.172573	0.0	-0.14788199999999999	0.140599	0.97896	0.0	0.961324	0.252985	0.108884	0.0	-1.8846900000000002	-1.53272	-2.3354	0.311215	0.11775899999999999	0.982057	-0.147298	0.0	0.306344	-0.177022	-0.935317	0.0	-0.944609	0.06501860000000001	-0.321693	0.0	0.494196	-1.15649	-2.6733599999999997	0.320235	
2	-0.206328	0.9640920000000001	-0.16719900000000001	0.0	-0.14819300000000002	0.13811500000000002	0.979267	0.0	0.967196	0.226827	0.114374	0.0	-1.8993400000000003	-1.62085	-2.3079	0.315105	0.12047000000000001	0.984626	-0.12649000000000002	0.0	0.328383	-0.159771	-0.930934	0.0	-0.936831	0.07061239999999999	-0.34258299999999997	0.0	0.608658	-1.09479	-2.74537	0.320262	
2	-0.130295	0.9804950000000001	-0.147148	0.0	-0.13472699999999999	0.129527	0.982381	0.0	0.9822790000000001	0.147823	0.115222	0.0	-1.95144	-1.86538	-2.22854	0.32793	0.117211	0.98845	-0.0960595	0.0	0.367628	-0.13304000000000002	-0.920407	0.0	-0.922557	0.0725674	-0.37897600000000004	0.0	0.914515	-0.9850469999999999	-2.8277099999999997	0.320071	
2	-0.10329400000000001	0.987158	-0.121858	0.0	-0.14133099999999998	0.106704	0.984195	0.0	0.984559	0.11888399999999999	0.128494	0.0	-1.98262	-1.9583700000000002	-2.22371	0.333447	0.10253	0.9890469999999999	-0.106175	0.0	0.36825	-0.13689500000000002	-0.919593	0.0	-0.924056	0.05518680000000001	-0.378253	0.0	1.04636	-0.977492	-2.8334	0.32024600000000003	
2	-0.0206724	0.999625	-0.0179766	0.0	-0.116454	0.0154504	0.9930760000000001	0.0	0.992981	0.0226226	0.11609000000000001	0.0	-2.09355	-2.19968	-2.3252200000000003	0.348269	-0.0524909	0.985967	-0.158474	0.0	0.317298	-0.134003	-0.9388110000000001	0.0	-0.9468719999999999	-0.0995624	-0.305812	0.0	1.2591299999999999	-1.03348	-2.61737	0.320202	
2	0.0294757	0.997948	0.0568505	0.0	-0.0847936	-0.054173900000000004	0.994925	0.0	0.9959629999999999	-0.034146699999999995	0.08302260000000002	0.0	-2.11901	-2.2789200000000003	-2.3898599999999997	0.347901	-0.206614	0.9656879999999999	-0.157343	0.0	0.284927	-0.09445869999999999	-0.9538840000000001	0.0	-0.936017	-0.24191700000000002	-0.25563400000000003	0.0	1.31687	-1.08438	-2.40455	0.320196	
2	0.258419	0.9209	0.291825	0.0	0.0513116	-0.314745	0.947788	0.0	0.964669	-0.22995300000000002	-0.128589	0.0	-2.1987	-2.41703	-2.75356	0.347081	-0.564206	0.816049	-0.12544	0.0	0.20969200000000002	-0.0053184	-0.9777530000000001	0.0	-0.798562	-0.577958	-0.16811800000000002	0.0	1.41959	-1.2232100000000001	-1.8642299999999998	0.32019200000000003	
2	0.375605	0.866777	0.328052	0.0	0.135441	-0.401508	0.9057860000000001	0.0	0.9168299999999999	-0.295786	-0.268206	0.0	-2.2258299999999998	-2.3947599999999998	-2.99592	0.347812	-0.6908	0.7136819999999999	-0.11599100000000001	0.0	0.18301099999999998	0.017389099999999998	-0.982957	0.0	-0.6995020000000001	-0.700254	-0.142624	0.0	1.45161	-1.28043	-1.6572200000000001	0.32019200000000003	
