3	-0.27068600000000004	0.849305	-0.45322299999999993	0.0	-0.00282443	0.470096	0.882611	0.0	0.962664	0.240191	-0.12485	0.0	-2.79541	1.9515099999999999	1.3722299999999998	0.0	0.278441	0.93324	-0.227012	0.0	-0.112729	-0.20297	-0.9726739999999999	0.0	-0.953815	0.296423	0.048688300000000004	0.0	2.69026	2.0204299999999997	1.55558	5.91278e-05	
3	-0.27572199999999997	0.848577	-0.45154700000000003	0.0	-0.015166399999999998	0.46585699999999997	0.8847299999999999	0.0	0.961118	0.250788	-0.115577	0.0	-2.80797	1.92465	1.37461	0.0	0.264973	0.939908	-0.21531999999999998	0.0	-0.0963133	-0.196388	-0.975785	0.0	-0.959434	0.279294	0.03848819999999999	0.0	2.66919	1.99597	1.5971799999999998	0.0	
3	-0.272179	0.850608	-0.44987299999999997	0.0	-0.0155263	0.46358	0.885919	0.0	0.9621209999999999	0.248113	-0.11297	0.0	-2.7887	1.9333599999999997	1.38529	0.0	0.241296	0.9526700000000001	-0.184923	0.0	-0.101947	-0.164615	-0.981075	0.0	-0.965082	0.25558200000000003	0.057400400000000004	0.0	2.6682900000000003	1.97223	1.6142100000000001	0.0	
3	-0.273393	0.8568049999999999	-0.437198	0.0	0.0125149	0.45764399999999994	0.889048	0.0	0.9618209999999999	0.23758800000000002	-0.13584000000000002	0.0	-2.76	1.9654200000000002	1.40652	0.046589900000000004	0.238813	0.957089	-0.16416	0.0	-0.06053340000000001	-0.15405	-0.986207	0.0	-0.9691770000000001	0.245457	0.021146400000000003	0.0	2.6794700000000002	1.98711	1.6097	0.09322029999999999	
3	-0.272832	0.8890459999999999	-0.367641	0.0	0.0387142	0.391975	0.919161	0.0	0.961283	0.23654299999999998	-0.141362	0.0	-2.73603	2.0034400000000003	1.42641	0.348798	0.25595	0.956377	-0.14082999999999998	0.0	-0.0478447	-0.132971	-0.989964	0.0	-0.965505	0.260119	0.0117236	0.0	2.7135700000000003	1.964	1.55938	0.337926	
3	-0.203096	0.942924	-0.263906	0.0	0.0395534	0.277204	0.959997	0.0	0.97836	0.184533	-0.0935951	0.0	-2.72052	1.8033599999999999	1.5236299999999998	0.344636	0.264801	0.958832	-0.10257899999999999	0.0	-0.0227653	-0.100131	-0.994714	0.0	-0.9640340000000001	0.265737	-0.00468668	0.0	2.70791	1.81559	1.50639	0.34975500000000004	
3	-0.122169	0.965095	-0.23165999999999998	0.0	0.0177034	0.23549099999999998	0.971715	0.0	0.992351	0.11461199999999999	-0.045855	0.0	-2.74458	1.40741	1.50609	0.34765100000000004	0.185763	0.979339	-0.0799265	0.0	0.0150316	-0.0841651	-0.996338	0.0	-0.9824799999999999	0.183881	-0.0303558	0.0	2.6701799999999998	1.47856	1.44429	0.35577	
3	-0.0235022	0.986626	-0.161296	0.0	0.0549113	0.16237100000000002	0.985201	0.0	0.998215	0.014297200000000001	-0.057993100000000006	0.0	-2.63521	0.851391	1.39673	0.351535	0.102451	0.992492	-0.0668028	0.0	0.041557800000000006	-0.0713681	-0.996584	0.0	-0.99387	0.09932519999999999	-0.048557499999999996	0.0	2.57274	0.875499	1.29816	0.357766	
3	0.08018360000000001	0.9913270000000001	-0.104125	0.0	0.109226	0.0950936	0.989458	0.0	0.990778	-0.0907115	-0.100654	0.0	-2.60544	0.42846000000000006	1.20831	0.350652	-0.02468	0.9987389999999999	-0.0437163	0.0	0.0805325	-0.0416013	-0.995883	0.0	-0.9964459999999999	-0.028098900000000003	-0.0794043	0.0	2.42303	0.382271	1.13645	0.358631	
3	0.298246	0.951075	-0.0806572	0.0	0.255282	0.00194286	0.966865	0.0	0.919718	-0.308954	-0.242213	0.0	-2.7124599999999996	-0.0174553	0.798942	0.352311	-0.171258	0.985208	0.00593272	0.0	0.113721	0.025748700000000003	-0.993179	0.0	-0.978641	-0.169415	-0.116448	0.0	2.23297	-0.130416	0.8089390000000001	0.359199	
3	0.443355	0.894776	-0.0530275	0.0	0.316825	-0.101094	0.943081	0.0	0.8384860000000001	-0.43492	-0.328308	0.0	-2.8269	-0.317253	0.346935	0.353625	-0.288649	0.955624	0.05885750000000001	0.0	0.126252	0.0989282	-0.9870530000000001	0.0	-0.949074	-0.277481	-0.149205	0.0	2.08206	-0.462892	0.45439700000000005	0.359516	
3	0.643772	0.764705	0.0280135	0.0	0.257427	-0.25090100000000004	0.933156	0.0	0.720617	-0.593528	-0.35837800000000003	0.0	-2.93874	-0.602219	-0.19276400000000002	0.353152	-0.37180599999999997	0.9222440000000001	0.10595399999999999	0.0	0.143972	0.170043	-0.9748629999999999	0.0	-0.9170780000000001	-0.34720500000000004	-0.196	0.0	1.8772799999999998	-0.739583	-0.12632100000000002	0.35970100000000005	
3	0.879448	0.45809099999999997	0.12931800000000002	0.0	0.0727936	-0.397919	0.9145280000000001	0.0	0.470396	-0.794867	-0.383295	0.0	-2.9012	-0.912575	-0.610205	0.352844	-0.432957	0.8921450000000001	0.128945	0.0	0.14818699999999999	0.211544	-0.9660690000000001	0.0	-0.889151	-0.399158	-0.223794	0.0	1.6640099999999998	-0.9365450000000001	-0.610223	0.359729	
3	0.9649530000000001	0.220408	0.142427	0.0	-0.06761260000000001	-0.315601	0.9464799999999999	0.0	0.253562	-0.922939	-0.289638	0.0	-2.8757599999999996	-1.47217	-0.9231809999999999	0.350934	-0.5166569999999999	0.84815	0.11708099999999999	0.0	0.133095	0.21464299999999997	-0.9675819999999999	0.0	-0.845785	-0.484325	-0.223781	0.0	1.45684	-1.16232	-0.8447389999999999	0.35984499999999997	
3	0.9628200000000001	0.169525	0.21033000000000002	0.0	-0.162433	-0.25882	0.9521700000000001	0.0	0.215854	-0.950933	-0.22166100000000002	0.0	-2.75503	-1.79436	-1.05524	0.350946	-0.563934	0.818856	0.10702300000000001	0.0	0.123946	0.212054	-0.969366	0.0	-0.816465	-0.533393	-0.221079	0.0	1.33711	-1.3397700000000001	-0.938307	0.360639	
3	0.9521950000000001	0.10321500000000002	0.287526	0.0	-0.26907	-0.16231600000000002	0.9493440000000001	0.0	0.14465699999999998	-0.981326	-0.12678499999999998	0.0	-2.58117	-2.21545	-1.08038	0.349097	-0.57602	0.810148	0.10890799999999999	0.0	0.11093499999999999	0.20947399999999997	-0.9715010000000001	0.0	-0.809873	-0.547523	-0.210535	0.0	1.28932	-1.48627	-1.00065	0.36084	
3	0.948995	0.0426726	0.312391	0.0	-0.304111	-0.137638	0.942641	0.0	0.08322189999999999	-0.989563	-0.11764000000000001	0.0	-2.51579	-2.65552	-1.15334	0.348814	-0.586687	0.804308	0.0942722	0.0	0.113845	0.19717200000000001	-0.973736	0.0	-0.801772	-0.560546	-0.20724499999999998	0.0	1.3169799999999998	-1.53449	-1.00433	0.36044299999999996	
3	0.9514959999999999	0.0246962	0.306668	0.0	-0.300125	-0.144746	0.9428540000000001	0.0	0.0676739	-0.9891610000000001	-0.130314	0.0	-2.5303	-2.89304	-1.2524	0.356425	-0.587689	0.803972	0.0908323	0.0	0.11146800000000001	0.191648	-0.9751129999999999	0.0	-0.801372	-0.562938	-0.202247	0.0	1.35037	-1.54473	-0.9748879999999999	0.360479	
3	0.9540620000000001	0.022262200000000003	0.298781	0.0	-0.292126	-0.152373	0.9441639999999999	0.0	0.0665453	-0.988072	-0.13887	0.0	-2.5567	-3.03666	-1.28134	0.350423	-0.586773	0.804657	0.0906952	0.0	0.113878	0.192891	-0.97459	0.0	-0.801705	-0.561534	-0.204816	0.0	1.35788	-1.54891	-0.967385	0.36049000000000003	
3	0.95631	0.0213767	0.291573	0.0	-0.284204	-0.165888	0.944304	0.0	0.06855449999999999	-0.9859129999999999	-0.152565	0.0	-2.51317	-3.1762799999999998	-1.3037100000000001	0.352087	-0.582017	0.80877	0.0845447	0.0	0.111595	0.182424	-0.976866	0.0	-0.805483	-0.559118	-0.196429	0.0	1.34257	-1.54491	-0.9570219999999999	0.36048	
3	0.958015	0.0104736	0.286525	0.0	-0.278495	-0.20360699999999998	0.938608	0.0	0.06816900000000001	-0.9789969999999999	-0.192142	0.0	-2.5394200000000002	-3.23346	-1.37986	0.34883400000000003	-0.579491	0.811249	0.07788110000000001	0.0	0.11196700000000001	0.173906	-0.978376	0.0	-0.807251	-0.55824	-0.19161	0.0	1.31951	-1.50734	-0.914552	0.360511	
3	0.9663209999999999	-0.00229501	0.25733	0.0	-0.251618	-0.21813400000000002	0.942924	0.0	0.053968499999999996	-0.975916	-0.211365	0.0	-2.6228599999999997	-3.2757	-1.4579799999999998	0.349462	-0.57582	0.8137850000000001	0.07864810000000001	0.0	0.10941400000000001	0.172034	-0.9789959999999999	0.0	-0.8102229999999999	-0.55512	-0.1881	0.0	1.30847	-1.47685	-0.881682	0.360358	
3	0.969301	-0.016599799999999998	0.245317	0.0	-0.242133	-0.237904	0.940624	0.0	0.0427477	-0.971147	-0.23462	0.0	-2.73026	-3.32134	-1.45137	0.351279	-0.571531	0.81692	0.07742289999999999	0.0	0.110944	0.17041199999999998	-0.979107	0.0	-0.813046	-0.551	-0.188028	0.0	1.28949	-1.47186	-0.855991	0.360093	
3	0.976289	-0.025350099999999997	0.21498299999999998	0.0	-0.214338	-0.2523	0.9436120000000001	0.0	0.0303195	-0.967317	-0.251751	0.0	-2.84911	-3.3814900000000003	-1.48769	0.35037399999999996	-0.568649	0.819092	0.0756809	0.0	0.10303	0.16220199999999999	-0.9813639999999999	0.0	-0.816103	-0.550254	-0.176628	0.0	1.27474	-1.4807700000000001	-0.8141149999999999	0.36040900000000003	
3	0.9824200000000001	-0.0272861	0.184678	0.0	-0.185515	-0.25317199999999995	0.9494670000000001	0.0	0.020848099999999998	-0.967037	-0.253783	0.0	-2.95487	-3.47244	-1.5070700000000001	0.339712	-0.570477	0.81825	0.0708699	0.0	0.10661	0.159333	-0.981452	0.0	-0.814365	-0.5523399999999999	-0.17812999999999998	0.0	1.2697399999999999	-1.48406	-0.7774369999999999	0.360435	
3	0.990316	-0.0211497	0.137212	0.0	-0.13814300000000002	-0.248481	0.958736	0.0	0.0138174	-0.968406	-0.248996	0.0	-3.03401	-3.5307699999999995	-1.5015	0.32198899999999997	-0.572628	0.817317	0.0639499	0.0	0.105523	0.150838	-0.9829110000000001	0.0	-0.812996	-0.556094	-0.172619	0.0	1.27783	-1.465	-0.741066	0.360385	
3	0.9980479999999999	0.00931636	0.061753499999999996	0.0	-0.0582244	-0.218829	0.974025	0.0	0.022587799999999998	-0.975719	-0.21785900000000002	0.0	-3.0743099999999997	-3.59495	-1.49183	0.325529	-0.577112	0.814593	0.0581404	0.0	0.11114600000000001	0.148874	-0.98259	0.0	-0.809067	-0.560602	-0.176456	0.0	1.28721	-1.4397	-0.7006220000000001	0.360308	
3	0.9964149999999999	0.0769132	0.03524480000000001	0.0	-0.0213503	-0.174509	0.984424	0.0	0.0818658	-0.9816469999999999	-0.172241	0.0	-3.08255	-3.60255	-1.51767	0.356247	-0.578231	0.814207	0.0521254	0.0	0.113969	0.14387	-0.9830120000000001	0.0	-0.807874	-0.562467	-0.175985	0.0	1.30584	-1.39285	-0.660978	0.360155	
3	0.995489	0.0866474	0.038651599999999994	0.0	-0.0237391	-0.166953	0.9856790000000001	0.0	0.0918596	-0.98215	-0.164143	0.0	-3.01808	-3.60377	-1.51325	0.356162	-0.5798180000000001	0.813168	0.050691900000000005	0.0	0.11932999999999999	0.146304	-0.982016	0.0	-0.80596	-0.563341	-0.181865	0.0	1.3277700000000001	-1.32966	-0.624332	0.360084	
3	0.9916780000000001	0.11699000000000001	0.0537497	0.0	-0.036041699999999996	-0.148529	0.988251	0.0	0.123599	-0.981964	-0.143076	0.0	-2.9713	-3.60782	-1.52239	0.357152	-0.57977	0.8129770000000001	0.05418049999999999	0.0	0.117129	0.14896700000000002	-0.981881	0.0	-0.8063170000000001	-0.562919	-0.181589	0.0	1.34671	-1.2768	-0.586793	0.359978	
3	0.9870549999999999	0.142427	0.0737369	0.0	-0.0536817	-0.139848	0.988717	0.0	0.151132	-0.979876	-0.130392	0.0	-2.93328	-3.6105699999999996	-1.52829	0.357319	-0.578795	0.813531	0.05625369999999999	0.0	0.11643900000000001	0.150724	-0.9816950000000001	0.0	-0.807117	-0.56165	-0.18196500000000002	0.0	1.35293	-1.24833	-0.569078	0.359806	
3	0.9794209999999999	0.17185899999999998	0.105823	0.0	-0.0810336	-0.145359	0.9860549999999999	0.0	0.184844	-0.974339	-0.128441	0.0	-2.86516	-3.6120900000000002	-1.52772	0.359675	-0.5787439999999999	0.813453	0.057889300000000005	0.0	0.11673800000000001	0.152891	-0.981324	0.0	-0.8071109999999999	-0.561177	-0.183446	0.0	1.35291	-1.2291	-0.551649	0.359737	
3	0.9724719999999999	0.190228	0.134577	0.0	-0.10601700000000001	-0.153098	0.982508	0.0	0.207504	-0.9697290000000001	-0.128716	0.0	-2.81161	-3.6122199999999998	-1.52742	0.360151	-0.576545	0.8151229999999999	0.0563121	0.0	0.116449	0.15019000000000002	-0.981775	0.0	-0.808725	-0.55948	-0.18151199999999998	0.0	1.3565200000000002	-1.22422	-0.530617	0.35967	
3	0.965305	0.203957	0.16305899999999998	0.0	-0.137863	-0.13226400000000002	0.9815799999999999	0.0	0.22176700000000002	-0.9700040000000001	-0.09955660000000001	0.0	-2.81155	-3.6154	-1.53966	0.348674	-0.575078	0.816156	0.056343399999999995	0.0	0.11351099999999999	0.147808	-0.9824809999999999	0.0	-0.810186	-0.558607	-0.177644	0.0	1.36248	-1.21538	-0.481803	0.359614	
3	0.9599129999999999	0.21416300000000002	0.180835	0.0	-0.160781	-0.10776600000000001	0.981089	0.0	0.22960100000000003	-0.970835	-0.0690121	0.0	-2.82343	-3.6095900000000003	-1.51112	0.28227800000000003	-0.574022	0.817068	0.053836199999999994	0.0	0.11276199999999999	0.14399800000000001	-0.983133	0.0	-0.8110390000000001	-0.558269	-0.174792	0.0	1.36008	-1.20824	-0.46062200000000003	0.359489	
3	0.958303	0.200436	0.20366900000000002	0.0	-0.192212	-0.0752603	0.978463	0.0	0.211448	-0.9768120000000001	-0.0335958	0.0	-2.80661	-3.58851	-1.4969299999999999	0.11333499999999999	-0.573296	0.817176	0.0596164	0.0	0.11140699999999999	0.14983	-0.9824149999999999	0.0	-0.811739	-0.556573	-0.17693599999999998	0.0	1.35996	-1.17193	-0.42732600000000004	0.359529	
3	0.953109	0.20638499999999999	0.221334	0.0	-0.21359699999999998	-0.05933530000000001	0.975118	0.0	0.214383	-0.97667	-0.0124697	0.0	-2.79668	-3.59228	-1.5139200000000002	0.114098	-0.5736899999999999	0.81696	0.05879109999999999	0.0	0.110614	0.148396	-0.9827229999999999	0.0	-0.811569	-0.557275	-0.1755	0.0	1.35931	-1.1605299999999998	-0.420116	0.35937399999999997	
3	0.953227	0.20733000000000001	0.219937	0.0	-0.21643	-0.039739300000000005	0.9754889999999999	0.0	0.210988	-0.9774639999999999	0.00699187	0.0	-2.79145	-3.59266	-1.5192299999999999	0.114257	-0.569184	0.8199540000000001	0.06086950000000001	0.0	0.112701	0.151137	-0.982067	0.0	-0.81445	-0.552117	-0.17843399999999998	0.0	1.3666399999999999	-1.12598	-0.404684	0.359083	
3	0.9547459999999999	0.202311	0.21801399999999999	0.0	-0.218396	-0.0207138	0.97564	0.0	0.201898	-0.979102	0.024407400000000003	0.0	-2.78677	-3.5909699999999996	-1.5262200000000001	0.114178	-0.5681649999999999	0.82071	0.06019680000000001	0.0	0.11027999999999999	0.148427	-0.9827549999999999	0.0	-0.815492	-0.551729	-0.17483900000000002	0.0	1.3614899999999999	-1.12341	-0.390941	0.359286	
3	0.955657	0.187342	0.22720500000000002	0.0	-0.22222399999999998	-0.047455699999999996	0.9738399999999999	0.0	0.193223	-0.9811479999999999	-0.00371946	0.0	-2.77675	-3.58945	-1.49758	0.11277999999999999	-0.5651970000000001	0.8221940000000001	0.06744030000000001	0.0	0.112104	0.15754	-0.9811290000000001	0.0	-0.817303	-0.546971	-0.18121199999999998	0.0	1.3586200000000002	-1.11414	-0.386893	0.35920100000000005	
3	0.947097	0.22771	0.22617600000000002	0.0	-0.20567399999999997	-0.110383	0.972375	0.0	0.24638600000000002	-0.9674520000000001	-0.057709300000000005	0.0	-2.7267799999999998	-3.53137	-1.4792100000000001	0.107769	-0.55275	0.830097	0.0735319	0.0	0.11633800000000001	0.164237	-0.9795370000000001	0.0	-0.8251870000000001	-0.532884	-0.187354	0.0	1.3775	-1.1193799999999998	-0.402436	0.359087	
3	0.945208	0.25901599999999997	0.198729	0.0	-0.154058	-0.182808	0.9710030000000001	0.0	0.287835	-0.948416	-0.132888	0.0	-2.75106	-3.26531	-1.44329	0.109356	-0.530697	0.8443069999999999	0.0742099	0.0	0.12470099999999999	0.164385	-0.978482	0.0	-0.8383379999999999	-0.510023	-0.192524	0.0	1.40865	-1.1183100000000001	-0.429551	0.35906	
3	0.936102	0.297166	0.188164	0.0	-0.11120899999999999	-0.257466	0.959867	0.0	0.33368600000000004	-0.919459	-0.207967	0.0	-2.80574	-2.82255	-1.50395	0.10874500000000001	-0.49243400000000004	0.867715	0.0676668	0.0	0.134603	0.152738	-0.979057	0.0	-0.859878	-0.473013	-0.192011	0.0	1.44591	-1.09184	-0.46541400000000005	0.359175	
3	0.9231209999999999	0.341061	0.177551	0.0	-0.0504845	-0.350256	0.935292	0.0	0.381181	-0.872352	-0.306111	0.0	-2.6074599999999997	-1.8099599999999998	-1.33859	-0.000833548	-0.442758	0.894594	0.0605601	0.0	0.14649600000000002	0.13880699999999999	-0.979424	0.0	-0.8845930000000001	-0.42477600000000004	-0.19251300000000002	0.0	1.48993	-1.03891	-0.512362	0.35972600000000005	
3	0.9015489999999999	0.39884899999999995	0.167716	0.0	0.00820459	-0.403314	0.915025	0.0	0.4326	-0.823564	-0.36688000000000004	0.0	-2.6276200000000003	-1.0661100000000001	-1.13649	0.000597954	-0.387386	0.9204559999999999	0.0518886	0.0	0.157415	0.12149700000000001	-0.98003	0.0	-0.908379	-0.371481	-0.19196	0.0	1.5211	-1.00986	-0.576769	0.360325	
3	0.896689	0.414754	0.154684	0.0	0.0255524	-0.397357	0.917308	0.0	0.44192200000000004	-0.818588	-0.366904	0.0	-2.75466	-0.622722	-0.9626620000000001	0.0	-0.355748	0.9330450000000001	0.0535812	0.0	0.168552	0.12044500000000001	-0.9783059999999999	0.0	-0.919257	-0.33899999999999997	-0.20011400000000001	0.0	1.5395299999999998	-1.00797	-0.630962	0.361035	
3	0.8344969999999999	0.534828	0.13256600000000002	0.0	0.0891039	-0.368402	0.9253870000000001	0.0	0.54376	-0.76042	-0.355086	0.0	-2.87511	-0.309025	-0.830256	0.0	-0.307087	0.950355	0.0502358	0.0	0.220151	0.122294	-0.9677690000000001	0.0	-0.925868	-0.28613	-0.246777	0.0	1.5320200000000002	-1.05762	-0.753314	0.36097199999999996	
3	0.8574870000000001	0.5047520000000001	0.0997071	0.0	0.125498	-0.393131	0.9108780000000001	0.0	0.49896499999999994	-0.7685529999999999	-0.40045	0.0	-3.01593	-0.11463399999999999	-0.793755	-0.00014301399999999998	-0.284989	0.9585100000000001	0.00631002	0.0	0.23629899999999998	0.0766343	-0.9686540000000001	0.0	-0.928948	-0.274565	-0.248335	0.0	1.49275	-1.19801	-0.837837	0.361031	
0	0.858762	0.49267	0.140727	0.0	0.0952207	-0.42333000000000004	0.900958	0.0	0.5034489999999999	-0.760309	-0.41045200000000004	0.0	-3.13373	-0.0999271	-0.7718520000000001	0.0	-0.263137	0.9644159999999999	-0.025698500000000003	0.0	0.23221999999999998	0.0374613	-0.971942	0.0	-0.936393	-0.26172199999999995	-0.233814	0.0	1.41705	-1.35925	-0.865118	0.36078499999999997	
0	0.867711	0.46398599999999995	0.178312	0.0	0.0365072	-0.417245	0.908061	0.0	0.49572700000000003	-0.781424	-0.37898699999999996	0.0	-3.1219200000000003	-0.289047	-0.7993359999999999	0.0	-0.25338	0.966986	-0.0271431	0.0	0.22347199999999998	0.031210700000000004	-0.974211	0.0	-0.9412010000000001	-0.252911	-0.224003	0.0	1.35653	-1.3922	-0.80594	0.36146100000000003	
0	0.862409	0.448272	0.23516700000000001	0.0	-0.0407283	-0.401611	0.914904	0.0	0.504571	-0.798599	-0.328096	0.0	-3.05225	-0.54305	-0.813623	0.000143051	-0.25046999999999997	0.967592	-0.0321017	0.0	0.221398	0.0249681	-0.974864	0.0	-0.942469	-0.251282	-0.220477	0.0	1.30841	-1.38065	-0.802502	0.36138899999999996	
0	0.8260120000000001	0.442191	0.349529	0.0	-0.180114	-0.380529	0.9070590000000001	0.0	0.5341	-0.8121970000000001	-0.234677	0.0	-2.8733299999999997	-0.9522930000000001	-0.81847	0.0	-0.249025	0.967801	-0.0367025	0.0	0.216759	0.018759099999999997	-0.976045	0.0	-0.9439290000000001	-0.251015	-0.214452	0.0	1.2573299999999998	-1.35843	-0.7829119999999999	0.36169	
0	0.815235	0.36491799999999996	0.449697	0.0	-0.31419	-0.37361	0.8727540000000001	0.0	0.48649499999999996	-0.8527899999999999	-0.18992699999999998	0.0	-2.7217599999999997	-1.30803	-0.765004	0.107025	-0.252727	0.9664280000000001	-0.0463272	0.0	0.20985399999999998	0.00801057	-0.9777	0.0	-0.9445049999999999	-0.256813	-0.204833	0.0	1.25683	-1.34819	-0.739375	0.36190100000000003	
0	0.8253790000000001	0.302557	0.47666400000000003	0.0	-0.368271	-0.35141700000000003	0.8607450000000001	0.0	0.427932	-0.885983	-0.178629	0.0	-2.67895	-1.63188	-0.7785989999999999	0.244517	-0.25721900000000003	0.964874	-0.053448300000000004	0.0	0.21352800000000002	0.00280643	-0.9769329999999999	0.0	-0.942467	-0.26269899999999996	-0.206749	0.0	1.26805	-1.31368	-0.708037	0.36194699999999996	
0	0.8243809999999999	0.190435	0.533038	0.0	-0.466276	-0.305419	0.8302440000000001	0.0	0.32090799999999997	-0.932981	-0.162986	0.0	-2.67616	-2.25874	-0.838766	0.33724	-0.26710900000000004	0.961305	-0.06741860000000001	0.0	0.21616999999999997	-0.00840658	-0.9763200000000001	0.0	-0.9391079999999999	-0.275358	-0.20556	0.0	1.30997	-1.2665	-0.6717569999999999	0.361602	
0	0.8129529999999999	0.167826	0.5576220000000001	0.0	-0.512684	-0.247837	0.8220290000000001	0.0	0.276158	-0.954155	-0.11543800000000001	0.0	-2.63397	-2.5971900000000003	-0.885482	0.34782199999999996	-0.26910300000000004	0.960181	-0.0750663	0.0	0.215387	-0.0159691	-0.976398	0.0	-0.938718	-0.27892	-0.202513	0.0	1.34794	-1.23755	-0.657945	0.361525	
0	0.822457	0.125926	0.554714	0.0	-0.527796	-0.194723	0.82675	0.0	0.212125	-0.972741	-0.0936883	0.0	-2.65863	-2.84816	-0.980447	0.347458	-0.26921999999999996	0.9597530000000001	-0.0799722	0.0	0.214671	-0.021147	-0.976458	0.0	-0.9388489999999999	-0.28005	-0.20033800000000002	0.0	1.36123	-1.2254200000000002	-0.637124	0.36145	
0	0.838167	0.0827503	0.5391	0.0	-0.5193770000000001	-0.18065	0.835232	0.0	0.16650399999999999	-0.98006	-0.10843599999999999	0.0	-2.74918	-2.99441	-1.1353799999999998	0.347534	-0.271092	0.95911	-0.0813453	0.0	0.20967199999999997	-0.0236403	-0.9774860000000001	0.0	-0.9394399999999999	-0.282044	-0.194689	0.0	1.3652600000000001	-1.22482	-0.618927	0.36140700000000003	
0	0.8569459999999999	0.0625223	0.5116	0.0	-0.494068	-0.183	0.8499459999999999	0.0	0.146763	-0.981123	-0.125931	0.0	-2.8207400000000002	-3.09766	-1.2719	0.346599	-0.272881	0.958209	-0.08586150000000001	0.0	0.207414	-0.0285524	-0.977836	0.0	-0.939423	-0.284642	-0.19095499999999999	0.0	1.36085	-1.2097799999999999	-0.583335	0.36127	
0	0.8734540000000001	0.0660402	0.482407	0.0	-0.463614	-0.18996500000000002	0.865434	0.0	0.148794	-0.979567	-0.13530899999999998	0.0	-2.8355799999999998	-3.13922	-1.34451	0.33926300000000004	-0.27466	0.9578399999999999	-0.08429299999999999	0.0	0.20651999999999998	-0.0268545	-0.978074	0.0	-0.939102	-0.286046	-0.190437	0.0	1.35025	-1.1923	-0.5491590000000001	0.36101	
0	0.8874690000000001	0.0719901	0.455211	0.0	-0.43486199999999997	-0.196295	0.878842	0.0	0.152623	-0.977899	-0.1429	0.0	-2.84815	-3.15755	-1.42292	0.331474	-0.275928	0.957518	-0.0837995	0.0	0.201404	-0.0276514	-0.979118	0.0	-0.939841	-0.287044	-0.185218	0.0	1.3413	-1.183	-0.531095	0.361027	
0	0.89481	0.0782316	0.43954	0.0	-0.41885	-0.193674	0.8871610000000001	0.0	0.154531	-0.977942	-0.140534	0.0	-2.80088	-3.18446	-1.47699	0.32524000000000003	-0.280674	0.9562	-0.08308860000000001	0.0	0.195746	-0.0277222	-0.9802629999999999	0.0	-0.939631	-0.291398	-0.179392	0.0	1.33609	-1.16724	-0.47557	0.36083899999999997	
0	0.8975	0.08479760000000001	0.43278599999999995	0.0	-0.41176899999999994	-0.19028599999999998	0.8912	0.0	0.157925	-0.97806	-0.135864	0.0	-2.7381900000000003	-3.22779	-1.44055	0.324126	-0.28730300000000003	0.9545049999999999	-0.0798538	0.0	0.187554	-0.025693900000000002	-0.9819180000000001	0.0	-0.939298	-0.297085	-0.171639	0.0	1.34135	-1.12647	-0.41835600000000006	0.360833	
0	0.901135	0.0956862	0.42284700000000003	0.0	-0.40229299999999996	-0.179007	0.89784	0.0	0.161603	-0.979184	-0.12281500000000001	0.0	-2.62587	-3.2860099999999997	-1.43323	0.323927	-0.293829	0.9532379999999999	-0.0707324	0.0	0.186263	-0.015480700000000002	-0.9823780000000001	0.0	-0.937535	-0.30182600000000004	-0.173004	0.0	1.35409	-1.0684	-0.375207	0.360722	
0	0.905351	0.0975911	0.41329799999999994	0.0	-0.39421	-0.168775	0.9033899999999999	0.0	0.157917	-0.9808110000000001	-0.11433	0.0	-2.5794099999999998	-3.3399900000000002	-1.45005	0.3227	-0.296817	0.952807	-0.0637128	0.0	0.177896	-0.0103804	-0.9839950000000001	0.0	-0.938218	-0.30340100000000003	-0.166419	0.0	1.37263	-0.9877450000000001	-0.32214899999999996	0.360473	
0	0.907795	0.11035999999999999	0.404634	0.0	-0.387432	-0.148861	0.909801	0.0	0.16064	-0.9826809999999999	-0.0923781	0.0	-2.5742700000000003	-3.4084199999999996	-1.41787	0.29997399999999996	-0.298538	0.952365	-0.0622656	0.0	0.17707699999999998	-0.00883603	-0.984157	0.0	-0.9378270000000001	-0.304834	-0.16600399999999998	0.0	1.3750200000000001	-0.941952	-0.272173	0.360636	
0	0.9076850000000001	0.114479	0.40373600000000004	0.0	-0.386787	-0.145007	0.910697	0.0	0.162801	-0.982786	-0.0873415	0.0	-2.57382	-3.4518699999999995	-1.4036	0.284316	-0.301727	0.9518129999999999	-0.054895299999999994	0.0	0.175402	-0.00117749	-0.9844959999999999	0.0	-0.9371209999999999	-0.306678	-0.166595	0.0	1.3842700000000001	-0.9144639999999999	-0.21653899999999998	0.360483	
0	0.90759	0.11521300000000001	0.40374099999999996	0.0	-0.387092	-0.142806	0.9109149999999999	0.0	0.162605	-0.983022	-0.0850115	0.0	-2.52486	-3.47371	-1.4150200000000002	0.285429	-0.303619	0.951528	-0.049084300000000004	0.0	0.171312	0.00384134	-0.985209	0.0	-0.9372659999999999	-0.307537	-0.16417400000000001	0.0	1.39462	-0.8832629999999999	-0.17416099999999998	0.360533	
0	0.9182530000000001	0.10686199999999998	0.381303	0.0	-0.366681	-0.13412000000000002	0.9206280000000001	0.0	0.14952000000000001	-0.985187	-0.08397189999999999	0.0	-2.52326	-3.5001300000000004	-1.38919	0.269266	-0.304649	0.951471	-0.0435041	0.0	0.168976	0.00904012	-0.9855790000000001	0.0	-0.937356	-0.307606	-0.16353	0.0	1.40336	-0.8345940000000001	-0.12214000000000001	0.36041599999999996	
0	0.93174	0.102241	0.348435	0.0	-0.33537100000000003	-0.125636	0.9336709999999999	0.0	0.139235	-0.9867940000000001	-0.0827711	0.0	-2.5624700000000002	-3.5304699999999998	-1.3916	0.271894	-0.303638	0.952099	-0.0362237	0.0	0.163273	0.014538599999999999	-0.986474	0.0	-0.938694	-0.305446	-0.159867	0.0	1.40783	-0.777668	-0.0854343	0.360427	
0	0.9495540000000001	0.09333129999999999	0.299394	0.0	-0.288067	-0.117763	0.950342	0.0	0.123954	-0.9886459999999999	-0.0849362	0.0	-2.60332	-3.5634900000000003	-1.35146	0.253015	-0.301859	0.95281	-0.0321494	0.0	0.158855	0.0170185	-0.9871549999999999	0.0	-0.940025	-0.303089	-0.156496	0.0	1.42946	-0.726241	-0.0385445	0.36035300000000003	
0	0.959824	0.07776860000000001	0.26961199999999996	0.0	-0.26286	-0.0870595	0.9608979999999999	0.0	0.0982	-0.9931629999999999	-0.0631196	0.0	-2.61318	-3.58915	-1.39343	0.15879200000000002	-0.30356500000000003	0.952408	-0.0276935	0.0	0.158697	0.021880200000000002	-0.987085	0.0	-0.9395020000000001	-0.304039	-0.15778599999999998	0.0	1.4406700000000001	-0.6986180000000001	-0.00369131	0.360406	
0	0.962522	0.0716408	0.261569	0.0	-0.254562	-0.0939758	0.9624799999999999	0.0	0.09353389999999999	-0.992994	-0.0722168	0.0	-2.62907	-3.58693	-1.38137	0.127655	-0.304736	0.9521129999999999	-0.0248262	0.0	0.157152	0.0245554	-0.9872690000000001	0.0	-0.9393819999999999	-0.304758	-0.157109	0.0	1.45212	-0.6755899999999999	0.022144900000000002	0.360243	
0	0.964349	0.0776992	0.25297	0.0	-0.24722399999999997	-0.0764792	0.965935	0.0	0.0943993	-0.9940389999999999	-0.054543600000000005	0.0	-2.6307	-3.5867	-1.4022299999999999	0.127005	-0.30426	0.952361	-0.0208599	0.0	0.15703	0.0285452	-0.987181	0.0	-0.939557	-0.303635	-0.158235	0.0	1.46466	-0.652046	0.049987800000000006	0.359971	
0	0.96993	0.0837423	0.228525	0.0	-0.224748	-0.0521749	0.9730190000000001	0.0	0.0934061	-0.9951209999999999	-0.0317851	0.0	-2.63159	-3.5851900000000003	-1.42195	0.127179	-0.30159	0.953184	-0.0220053	0.0	0.157692	0.027105	-0.987117	0.0	-0.940307	-0.301174	-0.15848399999999999	0.0	1.46348	-0.643073	0.0579443	0.35985900000000004	
0	0.9703200000000001	0.0922381	0.22354200000000002	0.0	-0.220127	-0.0458013	0.9743959999999999	0.0	0.100115	-0.994683	-0.0241379	0.0	-2.63826	-3.58386	-1.42812	0.12726099999999999	-0.299695	0.953835	-0.0195248	0.0	0.155014	0.0284913	-0.987502	0.0	-0.941357	-0.298976	-0.156397	0.0	1.45439	-0.6380020000000001	0.06652260000000002	0.359915	
0	0.9702040000000001	0.0928815	0.22377800000000003	0.0	-0.220019	-0.0490374	0.9742620000000001	0.0	0.101464	-0.994469	-0.0271406	0.0	-2.6395	-3.5839199999999996	-1.42726	0.127308	-0.29826199999999997	0.954291	-0.019191200000000002	0.0	0.155548	0.028758799999999998	-0.98741	0.0	-0.941725	-0.297491	-0.15701600000000002	0.0	1.44369	-0.642525	0.0673188	0.359576	
0	0.978092	0.104603	0.179984	0.0	-0.175288	-0.0525573	0.9831129999999999	0.0	0.112296	-0.993124	-0.033070300000000004	0.0	-2.64058	-3.5794099999999998	-1.44845	0.127403	-0.299051	0.954166	-0.0117135	0.0	0.15597	0.0367658	-0.987078	0.0	-0.9414040000000001	-0.297013	-0.159816	0.0	1.43394	-0.650195	0.0659795	0.35970599999999997	
0	0.98467	0.10778900000000001	0.137138	0.0	-0.12446600000000001	-0.116621	0.985347	0.0	0.12220299999999999	-0.98731	-0.101417	0.0	-2.6750700000000003	-3.4874400000000003	-1.5017	0.127149	-0.297939	0.9545540000000001	-0.00767517	0.0	0.154712	0.0403522	-0.987135	0.0	-0.9419639999999999	-0.295294	-0.15970299999999998	0.0	1.43074	-0.66971	0.0600437	0.359944	
0	0.9866280000000001	0.10556900000000001	0.124175	0.0	-0.105093	-0.170276	0.979776	0.0	0.124578	-0.979725	-0.156905	0.0	-2.71928	-3.17739	-1.50747	0.12701099999999999	-0.29689699999999997	0.954902	-0.00391808	0.0	0.15698900000000002	0.044762699999999996	-0.986585	0.0	-0.941917	-0.293529	-0.163199	0.0	1.43124	-0.675729	0.054369600000000004	0.359995	
0	0.9887319999999999	0.0962002	0.11469000000000001	0.0	-0.09174589999999999	-0.21596300000000002	0.972082	0.0	0.118283	-0.971651	-0.204704	0.0	-2.70139	-2.8388	-1.4759	0.127148	-0.29389699999999996	0.955832	-0.00310171	0.0	0.156432	0.0448977	-0.986668	0.0	-0.9429489999999999	-0.290464	-0.162718	0.0	1.43071	-0.681055	0.0483045	0.359797	
0	0.989991	0.08633989999999998	0.11163599999999999	0.0	-0.0870466	-0.249074	0.964565	0.0	0.11108599999999999	-0.964628	-0.239065	0.0	-2.74309	-2.52535	-1.46861	0.12701500000000002	-0.292398	0.9562809999999999	-0.005560100000000001	0.0	0.155272	0.0417381	-0.9869899999999999	0.0	-0.943607	-0.289457	-0.160688	0.0	1.4239600000000001	-0.676504	0.0474469	0.359645	
0	0.989711	0.0855105	0.11471500000000001	0.0	-0.0870945	-0.276057	0.9571870000000001	0.0	0.11351800000000001	-0.9573299999999999	-0.26576900000000003	0.0	-2.74342	-2.3298799999999997	-1.48348	0.12715	-0.29091300000000003	0.956731	-0.00593755	0.0	0.155389	0.041123400000000004	-0.9869969999999999	0.0	-0.944047	-0.288052	-0.160629	0.0	1.41631	-0.669218	0.0532672	0.35995	
0	0.9930530000000001	0.07575520000000001	0.09003939999999999	0.0	-0.0677793	-0.257234	0.9639690000000001	0.0	0.09618689999999999	-0.963375	-0.250312	0.0	-2.77883	-1.96318	-1.30851	0.127005	-0.293439	0.955945	-0.00789705	0.0	0.152817	0.03875119999999999	-0.9874950000000001	0.0	-0.943685	-0.290976	-0.15745599999999998	0.0	1.40452	-0.667851	0.0650921	0.360026	
0	0.989107	0.11946400000000001	0.0860036	0.0	-0.0556226	-0.237617	0.969765	0.0	0.13628800000000002	-0.9639850000000001	-0.228383	0.0	-2.77577	-1.7386400000000002	-1.11274	0.127144	-0.296649	0.9549860000000001	0.000474304	0.0	0.154916	0.0486119	-0.9867309999999999	0.0	-0.9423379999999999	-0.29264	-0.162364	0.0	1.4143700000000001	-0.675257	0.0590923	0.360214	
0	0.973075	0.189378	0.131382	0.0	-0.08323430000000001	-0.24282800000000002	0.966492	0.0	0.214935	-0.951405	-0.220527	0.0	-2.71549	-1.51694	-0.896703	0.127158	-0.289017	0.9572440000000001	0.0123605	0.0	0.172004	0.06462509999999999	-0.982974	0.0	-0.941745	-0.28197	-0.183328	0.0	1.40276	-0.735236	-0.016909	0.360767	
0	0.908826	0.371792	0.189227	0.0	-0.100507	-0.24509299999999998	0.964276	0.0	0.404888	-0.8953770000000001	-0.185379	0.0	-2.6176	-1.33964	-0.741304	0.127146	-0.263583	0.9644879999999999	0.0169718	0.0	0.22200100000000003	0.07777289999999999	-0.9719399999999999	0.0	-0.938744	-0.252419	-0.234616	0.0	1.35906	-0.8630979999999999	-0.205519	0.361012	
0	0.857326	0.47100299999999995	0.207724	0.0	-0.095611	-0.250809	0.963303	0.0	0.505818	-0.845725	-0.169992	0.0	-2.53401	-1.28234	-0.700652	0.127151	-0.26152800000000004	0.965192	-0.00271812	0.0	0.254985	0.06637389999999999	-0.964664	0.0	-0.9309059999999999	-0.25298000000000004	-0.263468	0.0	1.32997	-1.00783	-0.354577	0.360807	
0	0.680525	0.7066520000000001	0.193725	0.0	-0.041035300000000004	-0.227219	0.972979	0.0	0.731575	-0.670086	-0.125631	0.0	-2.4751	-1.29814	-0.7751170000000001	0.126999	-0.0776277	0.974549	-0.210308	0.0	0.347143	-0.171323	-0.9220309999999999	0.0	-0.934594	-0.144582	-0.325008	0.0	1.28047	-1.48605	-0.883093	0.360051	
1	0.598705	0.784938	0.159448	0.0	-0.018549700000000002	-0.185428	0.982483	0.0	0.800755	-0.591175	-0.0964561	0.0	-2.4814599999999998	-1.4094200000000001	-0.86041	0.127005	0.00421587	0.951475	-0.307698	0.0	0.340152	-0.290717	-0.8943049999999999	0.0	-0.9403610000000001	-0.10089400000000001	-0.324871	0.0	1.2208	-1.67172	-1.04253	0.360295	
1	0.40998999999999997	0.906466	0.101129	0.0	0.00288543	-0.11216500000000001	0.993685	0.0	0.9120860000000001	-0.407109	-0.048602099999999995	0.0	-2.47287	-1.49317	-1.0016399999999999	0.126995	0.0843914	0.9136209999999999	-0.397712	0.0	0.350071	-0.400878	-0.8466090000000001	0.0	-0.9329139999999999	-0.0677811	-0.353663	0.0	1.0744200000000002	-1.86208	-1.21733	0.359356	
1	0.202759	0.9778110000000001	-0.0526837	0.0	-0.00328258	0.054479599999999996	0.99851	0.0	0.979223	-0.202284	0.0142559	0.0	-2.3799799999999998	-1.57223	-1.09569	0.127	0.0922645	0.890284	-0.44596199999999997	0.0	0.312337	-0.45114499999999996	-0.8360110000000001	0.0	-0.9454799999999999	-0.0621565	-0.319694	0.0	0.815739	-2.01783	-1.28134	0.359674	
1	0.0768448	0.9813959999999999	-0.17594400000000002	0.0	-0.0176727	0.177778	0.9839120000000001	0.0	0.996886	-0.0724992	0.031005200000000004	0.0	-2.29892	-1.63749	-1.17141	0.126997	0.0461565	0.9289850000000001	-0.36723	0.0	0.325937	-0.361508	-0.8735430000000001	0.0	-0.944264	-0.07937369999999999	-0.31947600000000004	0.0	0.669226	-1.9866599999999999	-1.26995	0.35846300000000003	
1	0.06409780000000001	0.9797459999999999	-0.189708	0.0	-0.022334	0.191459	0.981246	0.0	0.9976940000000001	-0.05865890000000001	0.0341538	0.0	-2.2922700000000003	-1.6528200000000002	-1.1930399999999999	0.126999	0.027803300000000003	0.9385049999999999	-0.344144	0.0	0.327363	-0.333841	-0.883959	0.0	-0.9444899999999999	-0.0880831	-0.31651399999999996	0.0	0.649458	-1.98501	-1.26355	0.358211	
1	-0.0366915	0.9517059999999999	-0.30480999999999997	0.0	-0.083315	0.30104000000000003	0.949965	0.0	0.995848	0.06025080000000001	0.0682456	0.0	-2.2528	-1.78046	-1.28358	0.126999	-0.08454500000000001	0.9807739999999999	-0.17588499999999999	0.0	0.32915500000000003	-0.13911800000000002	-0.9339719999999999	0.0	-0.940483	-0.136856	-0.31106500000000004	0.0	0.528334	-1.94157	-1.2277	0.358157	
1	-0.099436	0.888747	-0.447484	0.0	-0.169876	0.42794799999999994	0.8876950000000001	0.0	0.9804360000000001	0.164285	0.108423	0.0	-2.1745	-1.8682299999999998	-1.35465	0.126916	-0.187553	0.981691	-0.0332835	0.0	0.339643	0.0330199	-0.939975	0.0	-0.921665	-0.187599	-0.339617	0.0	0.45607299999999995	-1.8952	-1.25352	0.358858	
1	-0.112532	0.8549770000000001	-0.506312	0.0	-0.18598800000000001	0.482419	0.8559680000000001	0.0	0.976087	0.190492	0.104728	0.0	-2.13331	-1.87972	-1.3789799999999999	0.127142	-0.183753	0.9824729999999999	-0.031320299999999995	0.0	0.338809	0.0333929	-0.940262	0.0	-0.922737	-0.183387	-0.339007	0.0	0.446194	-1.8859400000000002	-1.28061	0.359118	
1	-0.130503	0.818811	-0.559033	0.0	-0.218176	0.526316	0.8218219999999999	0.0	0.967144	0.22921799999999998	0.10995899999999999	0.0	-2.07692	-1.9138700000000002	-1.43403	0.12642899999999999	-0.265104	0.9641790000000001	0.00889441	0.0	0.351908	0.10533800000000001	-0.9300889999999999	0.0	-0.897709	-0.24344000000000002	-0.367227	0.0	0.404285	-1.90064	-1.25845	0.359123	
1	-0.131625	0.8045100000000001	-0.579171	0.0	-0.219069	0.5462020000000001	0.8085	0.0	0.9667899999999999	0.23329699999999998	0.104349	0.0	-2.04903	-1.9145400000000001	-1.43759	0.126414	-0.34583400000000003	0.935032	0.0781933	0.0	0.327074	0.198241	-0.9239719999999999	0.0	-0.879444	-0.29396500000000003	-0.37438299999999997	0.0	0.375697	-1.9492200000000002	-1.21312	0.359105	
1	-0.152473	0.7392770000000001	-0.655913	0.0	-0.245324	0.61459	0.74973	0.0	0.957376	0.275225	0.0876535	0.0	-1.9768400000000002	-1.85035	-1.40618	0.126358	-0.427104	0.864609	0.26464	0.0	0.246875	0.393063	-0.8857510000000001	0.0	-0.869848	-0.312975	-0.381329	0.0	0.274022	-1.97165	-1.1365299999999998	0.358592	
1	-0.150444	0.7230840000000001	-0.6741779999999999	0.0	-0.24695799999999998	0.632833	0.733849	0.0	0.957277	0.276897	0.08336519999999999	0.0	-1.95786	-1.82465	-1.38406	0.126282	-0.441296	0.837931	0.32113800000000003	0.0	0.21532199999999999	0.44628999999999996	-0.868598	0.0	-0.8711450000000001	-0.31416	-0.377371	0.0	0.24807600000000002	-1.9757900000000002	-1.11338	0.358877	
1	-0.164845	0.685948	-0.7087319999999999	0.0	-0.263902	0.6616890000000001	0.7018	0.0	0.9503590000000001	0.302724	0.0719467	0.0	-1.8933200000000001	-1.72689	-1.40736	0.12617899999999999	-0.454417	0.78606	0.41906400000000005	0.0	0.149887	0.5312060000000001	-0.833879	0.0	-0.8780879999999999	-0.316117	-0.35921	0.0	0.22785300000000003	-1.99183	-1.01819	0.35844699999999996	
1	-0.198192	0.621935	-0.7575729999999999	0.0	-0.289463	0.701293	0.65146	0.0	0.9364459999999999	0.348403	0.0410366	0.0	-1.83428	-1.60439	-1.4479600000000001	0.126131	-0.47375100000000003	0.735912	0.483729	0.0	0.11893599999999999	0.5977140000000001	-0.792838	0.0	-0.87259	-0.318075	-0.370694	0.0	0.219394	-1.9935200000000002	-0.9971260000000001	0.358223	
1	-0.213732	0.592555	-0.776658	0.0	-0.289294	0.7209760000000001	0.629684	0.0	0.933074	0.359266	0.017326599999999998	0.0	-1.8156900000000002	-1.5312	-1.4733	0.12570499999999998	-0.48435500000000004	0.705562	0.5172829999999999	0.0	0.0988298	0.63161	-0.768962	0.0	-0.8692709999999999	-0.321328	-0.375654	0.0	0.215286	-1.9981099999999998	-0.9818379999999999	0.358469	
1	-0.216984	0.5577	-0.80118	0.0	-0.306026	0.740498	0.598341	0.0	0.926966	0.375012	0.00999439	0.0	-1.7594299999999998	-1.47472	-1.49009	0.125823	-0.504903	0.6734939999999999	0.539887	0.0	0.08753430000000001	0.662192	-0.744204	0.0	-0.858726	-0.328492	-0.393297	0.0	0.15670599999999998	-1.9550299999999998	-0.9359430000000001	0.358702	
1	-0.21095300000000003	0.514275	-0.831276	0.0	-0.31667	0.768597	0.555859	0.0	0.9247799999999999	0.38050100000000003	0.0007174610000000001	0.0	-1.7075	-1.45373	-1.46365	0.125892	-0.53803	0.627865	0.5624140000000001	0.0	0.0869934	0.705014	-0.703838	0.0	-0.838425	-0.32976	-0.433939	0.0	0.13935799999999998	-1.90393	-0.9288360000000001	0.358702	
1	-0.198345	0.49594799999999994	-0.8453959999999999	0.0	-0.32309	0.7812399999999999	0.534114	0.0	0.92535	0.379078	0.00528061	0.0	-1.6792099999999999	-1.4563	-1.4080700000000002	0.12592	-0.552836	0.602426	0.575721	0.0	0.08956010000000002	0.729855	-0.67771	0.0	-0.828463	-0.323101	-0.45744399999999996	0.0	0.13519	-1.87245	-0.9516290000000001	0.358487	
1	-0.18819	0.477612	-0.8581790000000001	0.0	-0.311841	0.7995180000000001	0.5133479999999999	0.0	0.9313110000000001	0.364222	-0.00152254	0.0	-1.59661	-1.45739	-1.35896	0.12573199999999998	-0.57848	0.555658	0.597163	0.0	0.0937707	0.7725380000000001	-0.628007	0.0	-0.810288	-0.307293	-0.499003	0.0	0.143098	-1.7990099999999998	-0.9885079999999999	0.359607	
1	-0.188857	0.468945	-0.8628	0.0	-0.31604899999999997	0.802838	0.505534	0.0	0.9297559999999999	0.368161	-0.00341195	0.0	-1.58887	-1.43439	-1.3246200000000001	0.12584800000000002	-0.585069	0.542275	0.60302	0.0	0.0979167	0.7853600000000001	-0.611246	0.0	-0.8050510000000001	-0.298575	-0.512587	0.0	0.177228	-1.81598	-0.984498	0.36096999999999996	
1	-0.173785	0.46517200000000003	-0.867994	0.0	-0.32514699999999996	0.804874	0.49644399999999994	0.0	0.929558	0.3685	0.0113738	0.0	-1.59181	-1.44869	-1.30716	0.12612	-0.5811470000000001	0.542987	0.606163	0.0	0.0976185	0.78599	-0.610483	0.0	-0.807923	-0.295608	-0.509781	0.0	0.187437	-1.8357400000000001	-0.999373	0.360979	
1	-0.180608	0.451061	-0.874028	0.0	-0.325302	0.811235	0.48587600000000003	0.0	0.9282020000000001	0.372076	0.00021511299999999998	0.0	-1.58689	-1.4604700000000002	-1.30374	0.126058	-0.575821	0.5473779999999999	0.6072960000000001	0.0	0.10004299999999999	0.784393	-0.6121439999999999	0.0	-0.8114319999999999	-0.291729	-0.5064310000000001	0.0	0.199506	-1.85432	-1.0034	0.360023	
1	-0.17686500000000002	0.446168	-0.8772989999999999	0.0	-0.329594	0.813038	0.479934	0.0	0.927409	0.37403600000000004	0.00325614	0.0	-1.57998	-1.46186	-1.30269	0.12603599999999998	-0.570038	0.552398	0.608205	0.0	0.10069600000000001	0.781643	-0.615545	0.0	-0.8154239999999999	-0.28964	-0.5011899999999999	0.0	0.193227	-1.8579	-0.988758	0.359159	
1	-0.17563800000000002	0.434413	-0.883423	0.0	-0.332566	0.8184359999999999	0.468575	0.0	0.92658	0.376096	0.000723004	0.0	-1.55398	-1.46316	-1.2969700000000002	0.126103	-0.558815	0.5599350000000001	0.611718	0.0	0.10094500000000001	0.778081	-0.62	0.0	-0.823126	-0.28471599999999997	-0.49132600000000004	0.0	0.168984	-1.88557	-0.982722	0.350954	
1	-0.1802	0.42451400000000006	-0.887308	0.0	-0.332371	0.822737	0.461121	0.0	0.925774	0.37800900000000004	-0.00716138	0.0	-1.53245	-1.46891	-1.2638	0.125909	-0.551496	0.574325	0.604981	0.0	0.10324000000000001	0.76666	-0.633698	0.0	-0.8277639999999999	-0.287024	-0.48210299999999995	0.0	0.134881	-1.93376	-0.934199	0.333092	
