0	-0.207182	0.962168	-0.17694400000000002	0.0	0.120696	0.204625	0.9713709999999999	0.0	0.970829	0.179894	-0.158525	0.0	-2.78505	1.98298	1.3627799999999999	0.0	0.163944	0.9859559999999999	-0.0318305	0.0	0.07682960000000001	-0.044931099999999995	-0.996031	0.0	-0.9834729999999999	0.160848	-0.0831169	0.0	2.63659	1.9594599999999998	1.5520399999999999	0.0	
0	-0.203841	0.961685	-0.183331	0.0	0.124198	0.211152	0.9695309999999999	0.0	0.971094	0.174861	-0.162481	0.0	-2.78923	1.96901	1.3719	0.0	0.148616	0.9886159999999999	-0.0234703	0.0	0.069189	-0.034071	-0.997022	0.0	-0.9864719999999999	0.14655	-0.073465	0.0	2.64015	1.92852	1.5478399999999999	0.00034523	
0	-0.193385	0.9641209999999999	-0.181859	0.0	0.14921099999999998	0.21210199999999998	0.9657889999999999	0.0	0.9697100000000001	0.159634	-0.184875	0.0	-2.77705	1.9808400000000002	1.3919700000000002	0.0	0.130046	0.991498	-0.00438812	0.0	0.06077659999999999	-0.0123887	-0.998074	0.0	-0.989643	0.129529	-0.061871	0.0	2.63103	1.85326	1.58191	0.0123792	
0	-0.20480399999999999	0.9639549999999999	-0.16984000000000002	0.0	0.151556	0.202655	0.9674510000000001	0.0	0.9669989999999999	0.172398	-0.18759800000000001	0.0	-2.7309900000000003	1.99318	1.41839	0.0997009	0.13281400000000002	0.990856	0.0237597	0.0	0.0763995	0.0136659	-0.996984	0.0	-0.988192	0.134229	-0.07388600000000001	0.0	2.68318	1.8465200000000002	1.5708600000000001	0.320399	
0	-0.11889000000000001	0.9921639999999999	0.038409	0.0	0.147325	-0.020627799999999998	0.988873	0.0	0.981917	0.123225	-0.143718	0.0	-2.63583	1.76578	1.32689	0.34196	0.08836849999999999	0.9914620000000001	0.0958821	0.0	0.11710599999999999	0.0852502	-0.9894540000000001	0.0	-0.98918	0.0986648	-0.108573	0.0	2.6208299999999998	1.5896700000000001	1.3736899999999999	0.350908	
0	0.108319	0.9782139999999999	0.177101	0.0	0.181395	-0.194607	0.9639629999999999	0.0	0.977427	-0.07229060000000001	-0.198523	0.0	-2.38537	1.12248	0.678374	0.34880300000000003	0.035306800000000006	0.991518	0.125081	0.0	0.090836	0.121457	-0.988432	0.0	-0.99524	0.046260300000000004	-0.0857773	0.0	2.38699	0.8664950000000001	0.819473	0.35696700000000003	
0	0.25012399999999996	0.947519	0.199113	0.0	0.20063599999999998	-0.25190999999999997	0.946724	0.0	0.947198	-0.196849	-0.25311500000000003	0.0	-2.30343	0.347056	-0.168164	0.347209	-0.0923791	0.990506	0.101809	0.0	0.115007	0.112175	-0.9870110000000001	0.0	-0.98906	-0.0794703	-0.124278	0.0	2.0121	-0.021356299999999998	-0.148311	0.3568	
0	0.285152	0.941152	0.18144100000000002	0.0	0.230554	-0.251093	0.940105	0.0	0.93034	-0.226241	-0.288586	0.0	-2.17646	-0.145749	-0.7801939999999999	0.347075	-0.16026300000000002	0.985168	0.0613254	0.0	0.157477	0.0868514	-0.9836959999999999	0.0	-0.974432	-0.147993	-0.16906	0.0	1.6671900000000002	-0.5454	-0.8905649999999999	0.357188	
0	0.32956799999999997	0.932422	0.14823699999999998	0.0	0.28218699999999997	-0.247113	0.9269879999999999	0.0	0.900975	-0.263675	-0.344558	0.0	-2.01545	-0.630061	-1.50394	0.347014	-0.251291	0.9677790000000001	0.016013399999999997	0.0	0.22682600000000003	0.0749642	-0.971046	0.0	-0.940959	-0.240382	-0.238355	0.0	1.32867	-1.04168	-1.64428	0.356692	
0	0.34642399999999995	0.9254450000000001	0.153435	0.0	0.307506	-0.266556	0.913449	0.0	0.8862450000000001	-0.269259	-0.376921	0.0	-1.8721299999999998	-0.808193	-1.8871099999999998	0.347057	-0.292887	0.956066	-0.0124791	0.0	0.253753	0.0651394	-0.965073	0.0	-0.921861	-0.28582399999999997	-0.261684	0.0	1.17963	-1.27596	-1.9939099999999998	0.35642199999999996	
0	0.365686	0.9133969999999999	0.17882699999999999	0.0	0.305723	-0.299354	0.9038370000000001	0.0	0.8790950000000001	-0.27584899999999996	-0.388716	0.0	-1.7602400000000002	-0.9376110000000001	-2.1398599999999997	0.34616199999999997	-0.303607	0.9512229999999999	-0.0547596	0.0	0.279019	0.0338089	-0.9596899999999999	0.0	-0.9110280000000001	-0.306648	-0.275674	0.0	1.08343	-1.41265	-2.19	0.355595	
0	0.48249	0.870965	0.0928688	0.0	0.272717	-0.250136	0.929009	0.0	0.832364	-0.42291000000000006	-0.358215	0.0	-1.72375	-1.2034	-2.27636	0.34641700000000003	-0.302159	0.950262	-0.0755133	0.0	0.295423	0.0180316	-0.9551959999999999	0.0	-0.906325	-0.31093000000000004	-0.286177	0.0	1.01854	-1.48776	-2.3025	0.35541	
0	0.615467	0.78592	0.0594096	0.0	0.193897	-0.22404200000000002	0.955097	0.0	0.76394	-0.576311	-0.29027800000000004	0.0	-1.73143	-1.4080700000000002	-2.13522	0.345145	-0.302178	0.9488979999999999	-0.09100319999999999	0.0	0.292051	0.00128096	-0.9564020000000001	0.0	-0.9074110000000001	-0.315581	-0.277514	0.0	0.991865	-1.5402	-2.32368	0.356224	
0	0.7991229999999999	0.596873	-0.0717373	0.0	0.220367	-0.179813	0.9587	0.0	0.559322	-0.781927	-0.275223	0.0	-1.8363900000000002	-1.46302	-1.89678	0.34776399999999996	-0.29896	0.9475180000000001	-0.11327999999999999	0.0	0.30544499999999997	-0.0174477	-0.95205	0.0	-0.904061	-0.319226	-0.284199	0.0	0.959715	-1.63905	-2.36005	0.355598	
0	0.9211379999999999	0.37713800000000003	-0.0962875	0.0	0.190401	-0.220827	0.9565469999999999	0.0	0.339488	-0.899445	-0.27521999999999996	0.0	-2.08793	-1.51754	-1.765	0.340426	-0.30626	0.9431450000000001	-0.12916	0.0	0.308596	-0.029989599999999995	-0.9507200000000001	0.0	-0.90054	-0.33102600000000004	-0.281866	0.0	0.933025	-1.75605	-2.34875	0.355971	
0	0.946507	0.291083	-0.139267	0.0	0.188979	-0.150204	0.970426	0.0	0.261556	-0.944833	-0.197177	0.0	-2.26821	-1.64979	-1.6299700000000001	0.33450599999999997	-0.30035500000000004	0.9430440000000001	-0.143021	0.0	0.29799200000000003	-0.049664	-0.953276	0.0	-0.906084	-0.32894	-0.26610300000000003	0.0	0.908817	-1.83	-2.3077799999999997	0.35620999999999997	
0	0.9618909999999999	0.24914	-0.11267	0.0	0.15540299999999999	-0.159076	0.974959	0.0	0.224978	-0.955314	-0.19173099999999998	0.0	-2.3784099999999997	-1.7297099999999999	-1.57971	0.324154	-0.300473	0.9433959999999999	-0.140428	0.0	0.29641999999999996	-0.0475776	-0.9538719999999999	0.0	-0.90656	-0.32823800000000003	-0.265346	0.0	0.887956	-1.8557700000000001	-2.25061	0.356742	
0	0.979452	0.18448699999999998	-0.08147389999999999	0.0	0.10852	-0.141598	0.983958	0.0	0.169991	-0.972582	-0.158708	0.0	-2.40804	-1.8772799999999998	-1.4797799999999999	0.327778	-0.30028299999999997	0.942318	-0.147873	0.0	0.292487	-0.0565946	-0.954593	0.0	-0.9079	-0.329899	-0.258621	0.0	0.8694940000000001	-1.93756	-2.2438700000000003	0.356696	
0	0.9846290000000001	0.164918	-0.05750740000000001	0.0	0.082985	-0.152022	0.9848870000000001	0.0	0.153683	-0.9745209999999999	-0.16337100000000002	0.0	-2.4842400000000002	-1.98335	-1.4191	0.346096	-0.302552	0.939473	-0.16078699999999999	0.0	0.29281	-0.0689213	-0.953684	0.0	-0.907042	-0.335619	-0.254235	0.0	0.857775	-2.02127	-2.20951	0.356426	
0	0.987238	0.146125	-0.0633169	0.0	0.08484860000000001	-0.146175	0.985613	0.0	0.134767	-0.9784069999999999	-0.156708	0.0	-2.56873	-2.07452	-1.36401	0.330506	-0.304688	0.937852	-0.16613	0.0	0.29121199999999997	-0.07434	-0.953766	0.0	-0.906841	-0.33898	-0.250463	0.0	0.8465879999999999	-2.0972299999999997	-2.1861	0.356637	
0	0.9886229999999999	0.139812	-0.0554769	0.0	0.0796793	-0.173954	0.981525	0.0	0.127578	-0.974778	-0.183115	0.0	-2.6146	-2.13374	-1.31446	0.326385	-0.30490500000000004	0.937642	-0.166916	0.0	0.286191	-0.0769557	-0.9550770000000001	0.0	-0.908366	-0.338977	-0.24488000000000001	0.0	0.84031	-2.14787	-2.1754700000000002	0.35688200000000003	
0	0.990194	0.13125499999999998	-0.047840600000000004	0.0	0.07437519999999999	-0.205407	0.9758459999999999	0.0	0.11825799999999999	-0.969835	-0.213155	0.0	-2.67683	-2.23583	-1.32455	0.349825	-0.31081	0.934881	-0.171451	0.0	0.292089	-0.07770830000000001	-0.9532290000000001	0.0	-0.904479	-0.346352	-0.248916	0.0	0.8329139999999999	-2.20284	-2.1488	0.356539	
0	0.9899450000000001	0.134644	-0.0433624	0.0	0.0723757	-0.218741	0.973095	0.0	0.12153699999999999	-0.966449	-0.22628600000000001	0.0	-2.72629	-2.31088	-1.33249	0.350594	-0.307557	0.935982	-0.171309	0.0	0.291867	-0.07856010000000001	-0.953227	0.0	-0.905661	-0.343171	-0.24902	0.0	0.828092	-2.24876	-2.1377	0.356679	
0	0.988957	0.142598	-0.040376300000000004	0.0	0.0714386	-0.219977	0.972886	0.0	0.129849	-0.965026	-0.22773400000000002	0.0	-2.75395	-2.3282599999999998	-1.39455	0.342551	-0.308676	0.934074	-0.17951099999999998	0.0	0.291339	-0.0868094	-0.952673	0.0	-0.905451	-0.346366	-0.24533600000000003	0.0	0.816071	-2.27698	-2.15299	0.356625	
0	0.9884639999999999	0.14798699999999998	-0.032220599999999995	0.0	0.0649523	-0.222021	0.9728760000000001	0.0	0.13682	-0.9637459999999999	-0.22907199999999997	0.0	-2.70381	-2.3386299999999998	-1.44684	0.338365	-0.308283	0.9346260000000001	-0.177302	0.0	0.293313	-0.08391219999999999	-0.952327	0.0	-0.904947	-0.345591	-0.24826900000000002	0.0	0.805309	-2.28178	-2.1499900000000003	0.356584	
0	0.9869620000000001	0.158133	-0.029988599999999997	0.0	0.06534780000000001	-0.223426	0.9725280000000001	0.0	0.147089	-0.961808	-0.23084699999999997	0.0	-2.67424	-2.34971	-1.47878	0.346698	-0.311436	0.9336979999999999	-0.17668299999999998	0.0	0.291112	-0.0832461	-0.953061	0.0	-0.9045780000000001	-0.348252	-0.24588400000000002	0.0	0.799502	-2.29275	-2.1423900000000002	0.357098	
0	0.9863620000000001	0.163024	-0.0226534	0.0	0.059622900000000006	-0.225623	0.972389	0.0	0.153411	-0.960478	-0.23226599999999997	0.0	-2.61267	-2.36544	-1.50381	0.343225	-0.31443899999999997	0.933306	-0.173402	0.0	0.2935	-0.0781337	-0.9527610000000001	0.0	-0.902766	-0.350479	-0.24935700000000002	0.0	0.804787	-2.30689	-2.15536	0.356917	
0	0.9853360000000001	0.169561	-0.0190114	0.0	0.057209699999999995	-0.22335100000000002	0.973058	0.0	0.160747	-0.9598770000000001	-0.229776	0.0	-2.5586900000000004	-2.3879799999999998	-1.51253	0.344563	-0.317368	0.9328770000000001	-0.170348	0.0	0.29846100000000003	-0.0722448	-0.951684	0.0	-0.9001100000000001	-0.352876	-0.255499	0.0	0.82001	-2.31553	-2.16146	0.35685100000000003	
0	0.985157	0.170071	-0.0232755	0.0	0.060161	-0.21509	0.9747389999999999	0.0	0.160768	-0.961672	-0.222129	0.0	-2.53755	-2.40996	-1.49793	0.344358	-0.320092	0.932067	-0.169682	0.0	0.296263	-0.0716431	-0.952416	0.0	-0.8998719999999999	-0.355131	-0.253205	0.0	0.837866	-2.3274	-2.16265	0.35734299999999997	
0	0.984563	0.172947	-0.0269444	0.0	0.061533199999999996	-0.19788599999999998	0.978292	0.0	0.16385999999999998	-0.9648479999999999	-0.205473	0.0	-2.52948	-2.41412	-1.50078	0.342901	-0.320006	0.9323110000000001	-0.1685	0.0	0.30046100000000003	-0.0688032	-0.951309	0.0	-0.89851	-0.355052	-0.258106	0.0	0.839521	-2.32535	-2.16491	0.357219	
0	0.9845649999999999	0.172938	-0.026922	0.0	0.061525	-0.19798	0.978273	0.0	0.163851	-0.96483	-0.205564	0.0	-2.5297	-2.4140599999999997	-1.50085	0.342898	-0.32000700000000004	0.932309	-0.168507	0.0	0.300452	-0.068814	-0.951311	0.0	-0.8985120000000001	-0.355055	-0.25809299999999996	0.0	0.839492	-2.32535	-2.16487	0.357219	
0	0.9845649999999999	0.172939	-0.0269223	0.0	0.061525199999999995	-0.197979	0.978274	0.0	0.163851	-0.96483	-0.20556300000000002	0.0	-2.5297	-2.4140599999999997	-1.50085	0.342897	-0.32000700000000004	0.932309	-0.168507	0.0	0.300453	-0.06881389999999998	-0.951311	0.0	-0.8985120000000001	-0.355055	-0.258094	0.0	0.839491	-2.32535	-2.16487	0.35722	
0	0.9845649999999999	0.172939	-0.026922199999999997	0.0	0.0615251	-0.197979	0.978274	0.0	0.163851	-0.96483	-0.20556300000000002	0.0	-2.5297	-2.4140599999999997	-1.50085	0.342897	-0.32000700000000004	0.932309	-0.168507	0.0	0.300453	-0.06881389999999998	-0.951311	0.0	-0.8985120000000001	-0.355055	-0.258094	0.0	0.839491	-2.32535	-2.16487	0.35722	
0	0.9845649999999999	0.172939	-0.026922199999999997	0.0	0.061525199999999995	-0.197979	0.978274	0.0	0.163851	-0.96483	-0.20556300000000002	0.0	-2.5297	-2.4140599999999997	-1.50085	0.342897	-0.32000700000000004	0.932309	-0.168507	0.0	0.300453	-0.06881380000000001	-0.951311	0.0	-0.8985120000000001	-0.355055	-0.258094	0.0	0.839492	-2.32535	-2.16487	0.357219	
0	0.9845649999999999	0.172939	-0.0269223	0.0	0.061525199999999995	-0.197979	0.978274	0.0	0.163851	-0.96483	-0.20556300000000002	0.0	-2.5297	-2.4140599999999997	-1.50085	0.342897	-0.32000700000000004	0.932309	-0.168507	0.0	0.300453	-0.06881380000000001	-0.951311	0.0	-0.8985120000000001	-0.355055	-0.258094	0.0	0.839491	-2.32535	-2.16487	0.357219	
0	0.9845649999999999	0.172939	-0.026922199999999997	0.0	0.061525199999999995	-0.197979	0.978274	0.0	0.163851	-0.96483	-0.20556300000000002	0.0	-2.5297	-2.4140599999999997	-1.50085	0.342897	-0.32000700000000004	0.932309	-0.168507	0.0	0.300453	-0.06881380000000001	-0.951311	0.0	-0.8985120000000001	-0.355055	-0.258094	0.0	0.839491	-2.32535	-2.16487	0.357219	
0	0.901201	0.43337299999999995	0.00494274	0.0	0.153266	-0.329342	0.931688	0.0	0.405397	-0.838881	-0.363225	0.0	-2.47506	-2.4929799999999998	-1.48794	0.342733	-0.330812	0.929414	-0.16356300000000001	0.0	0.30943699999999996	-0.0569087	-0.949216	0.0	-0.891523	-0.364624	-0.268769	0.0	0.813711	-2.33113	-2.12175	0.35699000000000003	
0	0.929564	0.368642	0.00365336	0.0	0.106927	-0.279084	0.9542950000000001	0.0	0.352813	-0.8866879999999999	-0.29884499999999997	0.0	-2.41607	-2.7987599999999997	-1.46497	0.342418	-0.332835	0.928422	-0.16508599999999998	0.0	0.308789	-0.0581082	-0.9493540000000001	0.0	-0.8909940000000001	-0.36695500000000003	-0.26734600000000003	0.0	0.816448	-2.33281	-2.12106	0.357078	
0	0.957417	0.288647	-0.006031100000000001	0.0	0.0749279	-0.22824699999999998	0.970716	0.0	0.278818	-0.929831	-0.240155	0.0	-2.40528	-3.22864	-1.50604	0.34129	-0.33566999999999997	0.9271530000000001	-0.166474	0.0	0.310738	-0.057848500000000004	-0.948734	0.0	-0.889252	-0.370191	-0.26868400000000003	0.0	0.838887	-2.33681	-2.1248	0.356902	
0	0.9705229999999999	0.24099	-0.00309812	0.0	0.0538235	-0.20419400000000001	0.97745	0.0	0.234923	-0.9488040000000001	-0.21114499999999997	0.0	-2.43783	-3.57239	-1.5588	0.342618	-0.338136	0.926493	-0.165152	0.0	0.31406	-0.0543379	-0.9478469999999999	0.0	-0.8871469999999999	-0.372368	-0.27260100000000004	0.0	0.8655639999999999	-2.34287	-2.13309	0.357247	
0	0.9792569999999999	0.202623	-0.0007838760000000001	0.0	0.0348489	-0.164608	0.985743	0.0	0.199605	-0.9653229999999999	-0.168255	0.0	-2.45112	-3.6077	-1.62144	0.34832399999999997	-0.339344	0.9253110000000001	-0.16925	0.0	0.314125	-0.058126599999999994	-0.947601	0.0	-0.8866629999999999	-0.374728	-0.270939	0.0	0.890523	-2.34135	-2.14053	0.357114	
0	0.9852790000000001	0.17085899999999998	-0.00572808	0.0	0.0299935	-0.139781	0.989728	0.0	0.168303	-0.9753299999999999	-0.142847	0.0	-2.42332	-3.6118900000000003	-1.6517	0.350352	-0.337665	0.925617	-0.170928	0.0	0.314406	-0.0602513	-0.947375	0.0	-0.8872049999999999	-0.373636	-0.270675	0.0	0.9017270000000001	-2.34159	-2.1377200000000003	0.356975	
0	0.988734	0.148699	-0.0171363	0.0	0.03591319999999999	-0.124526	0.991566	0.0	0.145311	-0.9810110000000001	-0.12846300000000002	0.0	-2.40689	-3.616	-1.67353	0.355102	-0.338629	0.9254469999999999	-0.16994	0.0	0.313765	-0.059208300000000005	-0.9476530000000001	0.0	-0.887064	-0.374224	-0.270323	0.0	0.9004469999999999	-2.34267	-2.12938	0.357091	
0	0.9909190000000001	0.128428	-0.0398179	0.0	0.0561112	-0.125858	0.99046	0.0	0.12219200000000001	-0.9837	-0.131921	0.0	-2.39522	-3.6163	-1.68003	0.35859	-0.340028	0.924499	-0.172285	0.0	0.313325	-0.0613611	-0.9476620000000001	0.0	-0.886684	-0.376212	-0.268804	0.0	0.898867	-2.3357799999999997	-2.12565	0.357092	
0	0.99255	0.110785	-0.0507065	0.0	0.0670987	-0.149649	0.98646	0.0	0.10169700000000001	-0.982513	-0.155968	0.0	-2.3830299999999998	-3.61363	-1.67261	0.364025	-0.340469	0.9243389999999999	-0.172275	0.0	0.313721	-0.0610456	-0.947551	0.0	-0.886375	-0.376658	-0.2692	0.0	0.9014200000000001	-2.32769	-2.11369	0.356952	
0	0.9906309999999999	0.0963553	-0.0967734	0.0	0.10977999999999999	-0.140389	0.983992	0.0	0.08122689999999999	-0.985397	-0.149652	0.0	-2.38509	-3.6171900000000003	-1.68828	0.365421	-0.34171	0.9235680000000001	-0.17394500000000002	0.0	0.313668	-0.0623952	-0.9474809999999999	0.0	-0.885916	-0.378324	-0.26837300000000003	0.0	0.9024129999999999	-2.32301	-2.10479	0.35702399999999995	
0	0.98382	0.0961629	-0.15116300000000002	0.0	0.16187100000000001	-0.115515	0.980028	0.0	0.0767808	-0.98864	-0.129212	0.0	-2.4015	-3.62459	-1.7114200000000002	0.368315	-0.341362	0.923092	-0.177126	0.0	0.31334	-0.06590689999999999	-0.947351	0.0	-0.886166	-0.378891	-0.266743	0.0	0.911309	-2.30159	-2.07905	0.35702399999999995	
0	0.969024	0.10450599999999999	-0.22376500000000002	0.0	0.23146	-0.06831369999999999	0.9704430000000001	0.0	0.0861309	-0.992175	-0.09038660000000001	0.0	-2.42676	-3.63098	-1.7388	0.36911900000000003	-0.342925	0.9229370000000001	-0.174898	0.0	0.31496799999999997	-0.062438099999999996	-0.9470459999999999	0.0	-0.884985	-0.379853	-0.269284	0.0	0.910083	-2.29494	-2.0734	0.356976	
0	0.9598479999999999	0.0835563	-0.267786	0.0	0.272043	-0.044368	0.9612620000000001	0.0	0.0684384	-0.9955149999999999	-0.0653175	0.0	-2.40382	-3.6302199999999996	-1.76188	0.356703	-0.342537	0.9225969999999999	-0.17743299999999998	0.0	0.313091	-0.0659664	-0.9474290000000001	0.0	-0.8858	-0.38008200000000003	-0.266261	0.0	0.9123290000000001	-2.29282	-2.06133	0.357015	
0	0.9355	0.0695893	-0.346405	0.0	0.34777600000000003	-0.00826445	0.937541	0.0	0.06238	-0.997542	-0.0319329	0.0	-2.4175	-3.61301	-1.72308	0.23089899999999997	-0.343285	0.9218649999999999	-0.179779	0.0	0.313306	-0.0680525	-0.947211	0.0	-0.8854350000000001	-0.38148899999999997	-0.265465	0.0	0.9110950000000001	-2.29378	-2.0602	0.35686799999999996	
0	0.9302530000000001	0.066762	-0.360794	0.0	0.362346	-0.0124044	0.931961	0.0	0.0577442	-0.997692	-0.0357302	0.0	-2.52278	-3.5965300000000004	-1.73534	0.136973	-0.346933	0.9202040000000001	-0.181279	0.0	0.315186	-0.067652	-0.946616	0.0	-0.883343	-0.385549	-0.266565	0.0	0.910208	-2.28602	-2.0499400000000003	0.35667600000000005	
0	0.930261	0.0664466	-0.36083200000000004	0.0	0.36180999999999996	-0.00291031	0.9322469999999999	0.0	0.060894500000000004	-0.9977860000000001	-0.026748400000000002	0.0	-2.52474	-3.5965199999999995	-1.73837	0.13635999999999998	-0.348328	0.919277	-0.183299	0.0	0.315188	-0.0692967	-0.9464959999999999	0.0	-0.882793	-0.387465	-0.265608	0.0	0.9185	-2.28437	-2.0470900000000003	0.356628	
0	0.932149	0.0725312	-0.354736	0.0	0.356041	-0.00550117	0.9344540000000001	0.0	0.0658257	-0.997351	-0.030951999999999997	0.0	-2.5385400000000002	-3.5954800000000002	-1.73639	0.136017	-0.347273	0.919752	-0.18291400000000002	0.0	0.316909	-0.06847410000000001	-0.945981	0.0	-0.8825930000000001	-0.38648000000000005	-0.26769899999999996	0.0	0.926528	-2.28169	-2.0508900000000003	0.35634699999999997	
0	0.926093	0.08074989999999999	-0.368553	0.0	0.370754	-0.01365	0.928631	0.0	0.0699562	-0.996641	-0.0425795	0.0	-2.5443599999999997	-3.5914599999999997	-1.74675	0.136474	-0.345833	0.9200729999999999	-0.184025	0.0	0.316354	-0.0703073	-0.946032	0.0	-0.883357	-0.385386	-0.266755	0.0	0.929796	-2.28105	-2.04964	0.356284	
0	0.930557	0.1299	-0.342331	0.0	0.349729	-0.0384926	0.93606	0.0	0.10841700000000001	-0.9907799999999999	-0.08124939999999999	0.0	-2.62938	-3.57556	-1.68999	0.136831	-0.346076	0.9187549999999999	-0.190055	0.0	0.31496199999999996	-0.0770454	-0.9459719999999999	0.0	-0.883759	-0.387238	-0.262709	0.0	0.9210790000000001	-2.27176	-2.02956	0.356167	
0	0.922624	0.191725	-0.334675	0.0	0.354065	-0.07684099999999999	0.932059	0.0	0.152982	-0.9784360000000001	-0.13877799999999998	0.0	-2.71992	-3.55775	-1.62771	0.136697	-0.345107	0.918106	-0.194889	0.0	0.313552	-0.0829368	-0.9459420000000001	0.0	-0.884639	-0.38756	-0.259252	0.0	0.905014	-2.25463	-2.01525	0.35575500000000004	
0	0.910958	0.252314	-0.326334	0.0	0.36228899999999997	-0.11111099999999999	0.9254190000000001	0.0	0.197237	-0.9612450000000001	-0.192629	0.0	-2.9096599999999997	-3.51865	-1.57748	0.136251	-0.342648	0.918966	-0.195178	0.0	0.31148899999999996	-0.08487360000000001	-0.9464520000000001	0.0	-0.8863219999999999	-0.385096	-0.257166	0.0	0.8837	-2.23699	-2.00052	0.355842	
0	0.8943450000000001	0.315156	-0.317529	0.0	0.38814	-0.193646	0.901027	0.0	0.222475	-0.929074	-0.295511	0.0	-2.89799	-3.0129799999999998	-1.40662	0.13626300000000002	-0.341431	0.9192100000000001	-0.196159	0.0	0.30964	-0.08704719999999999	-0.9468610000000001	0.0	-0.887439	-0.384027	-0.254904	0.0	0.8618950000000001	-2.22685	-1.99775	0.35597399999999996	
0	0.882639	0.340505	-0.324044	0.0	0.415059	-0.24101399999999998	0.87729	0.0	0.220623	-0.9088280000000001	-0.354058	0.0	-2.93123	-2.53715	-1.2609299999999999	0.136356	-0.337016	0.920056	-0.199794	0.0	0.30451	-0.0942836	-0.947832	0.0	-0.8908950000000001	-0.380274	-0.24839099999999997	0.0	0.856408	-2.21446	-1.9768599999999998	0.356281	
0	0.8729680000000001	0.391312	-0.29120799999999997	0.0	0.42279799999999995	-0.309313	0.8518020000000001	0.0	0.243246	-0.866718	-0.43546599999999996	0.0	-3.0037	-2.1507400000000003	-1.1659	0.13623	-0.333737	0.920502	-0.203215	0.0	0.30235100000000004	-0.0996596	-0.9479719999999999	0.0	-0.892862	-0.377816	-0.24505500000000002	0.0	0.855282	-2.1985900000000003	-1.95975	0.356427	
0	0.855777	0.45381800000000005	-0.24838400000000002	0.0	0.41579799999999995	-0.31767	0.8521719999999999	0.0	0.307827	-0.8325469999999999	-0.460552	0.0	-3.01619	-1.9017700000000002	-1.11201	0.13635899999999998	-0.32253699999999996	0.922011	-0.214164	0.0	0.297854	-0.115901	-0.94755	0.0	-0.898473	-0.369409	-0.237242	0.0	0.8528309999999999	-2.18662	-1.9375900000000001	0.356757	
4	0.81171	0.568891	-0.132251	0.0	0.384763	-0.350488	0.8538819999999999	0.0	0.439413	-0.7439899999999999	-0.503383	0.0	-2.9729099999999997	-1.5994899999999999	-1.1442299999999999	0.136231	-0.297168	0.9244040000000001	-0.23909899999999998	0.0	0.293475	-0.14986300000000002	-0.944147	0.0	-0.9086049999999999	-0.35074	-0.226755	0.0	0.858706	-2.17899	-1.92973	0.357799	
4	0.69848	0.714938	-0.0314676	0.0	0.36738899999999997	-0.32050300000000004	0.8731	0.0	0.6141260000000001	-0.621404	-0.486526	0.0	-2.91748	-1.36667	-1.18333	0.136235	-0.24458600000000003	0.9214899999999999	-0.301719	0.0	0.306296	-0.22180999999999998	-0.9257340000000001	0.0	-0.9199790000000001	-0.318837	-0.227996	0.0	0.869166	-2.16325	-1.9351900000000002	0.358014	
4	0.598899	0.799658	0.0432228	0.0	0.315677	-0.285339	0.904947	0.0	0.735981	-0.528327	-0.42332299999999995	0.0	-2.88125	-1.31483	-1.23463	0.136363	-0.143251	0.906537	-0.39707800000000004	0.0	0.345369	-0.330203	-0.8784569999999999	0.0	-0.9274690000000001	-0.26297800000000005	-0.265788	0.0	0.88305	-2.10255	-2.01208	0.357823	
4	0.43468100000000004	0.896086	0.089906	0.0	0.25968	-0.22030300000000003	0.9402299999999999	0.0	0.862334	-0.385353	-0.32845599999999997	0.0	-2.90406	-1.43224	-1.38303	0.136364	0.033977999999999994	0.8453149999999999	-0.533187	0.0	0.361674	-0.507737	-0.781918	0.0	-0.931685	-0.166272	-0.32298000000000004	0.0	0.899597	-2.02503	-2.1469	0.35749000000000003	
4	0.186628	0.9823139999999999	0.0151768	0.0	0.198454	-0.052824800000000005	0.9786860000000001	0.0	0.9621780000000001	-0.17963800000000002	-0.204802	0.0	-2.92329	-1.6821099999999998	-1.57746	0.136234	0.181135	0.774732	-0.605789	0.0	0.346883	-0.6267189999999999	-0.697779	0.0	-0.920251	-0.083746	-0.382262	0.0	0.933369	-1.98786	-2.26755	0.355532	
4	0.0247526	0.99634	-0.0818139	0.0	0.09153380000000001	0.0792364	0.9926450000000001	0.0	0.9954940000000001	-0.0320593	-0.08923760000000001	0.0	-2.84978	-1.91822	-1.6402900000000002	0.13635	0.32303000000000004	0.667247	-0.671143	0.0	0.29935100000000003	-0.74479	-0.596386	0.0	-0.897798	-0.008256999999999999	-0.44033	0.0	0.9324309999999999	-1.97255	-2.3964	0.35341999999999996	
4	-0.0658164	0.992067	-0.107101	0.0	0.0280367	0.10912999999999999	0.993632	0.0	0.9974379999999999	0.062394500000000006	-0.0349969	0.0	-2.7707200000000003	-2.0435	-1.67805	0.136232	0.347211	0.577518	-0.738863	0.0	0.254432	-0.81634	-0.518512	0.0	-0.9026129999999999	-0.00795728	-0.430381	0.0	0.881099	-2.01345	-2.42093	0.35025300000000004	
4	-0.12507000000000001	0.98511	-0.117968	0.0	-0.0290832	0.11520999999999999	0.992915	0.0	0.9917219999999999	0.127615	0.0142407	0.0	-2.6034900000000003	-2.32209	-1.77765	0.136237	0.337851	0.445478	-0.8291	0.0	0.198708	-0.8948010000000001	-0.399808	0.0	-0.919985	-0.0296733	-0.390829	0.0	0.7345430000000001	-2.10094	-2.28389	0.35086799999999996	
4	-0.22128299999999998	0.96709	-0.125583	0.0	-0.07437769999999999	0.11166400000000001	0.990959	0.0	0.972369	0.228623	0.047220599999999995	0.0	-2.50483	-2.39502	-1.82595	0.13642200000000002	0.335848	0.37366	-0.8646290000000001	0.0	0.1835	-0.926315	-0.329041	0.0	-0.923869	-0.0481519	-0.379668	0.0	0.599989	-2.14908	-2.2217599999999997	0.351009	
4	-0.261419	0.956684	-0.128127	0.0	-0.100344	0.10508699999999999	0.9893879999999999	0.0	0.959995	0.271502	0.0685257	0.0	-2.39056	-2.42347	-1.8690799999999999	0.135132	0.31369	0.308797	-0.897911	0.0	0.17658	-0.948118	-0.264374	0.0	-0.9329620000000001	-0.0756212	-0.35194200000000003	0.0	0.472876	-2.24627	-2.1251599999999997	0.350479	
4	-0.323329	0.937207	-0.130773	0.0	-0.08903939999999999	0.10745199999999999	0.990215	0.0	0.942089	0.331809	0.0487059	0.0	-2.29549	-2.4020200000000003	-1.91347	0.135293	0.313183	0.240195	-0.918816	0.0	0.16719900000000001	-0.9663209999999999	-0.195623	0.0	-0.934859	-0.092359	-0.34279499999999996	0.0	0.37353400000000003	-2.34307	-2.0240099999999996	0.341699	
4	-0.333092	0.935243	-0.119878	0.0	-0.09977530000000001	0.091463	0.9907969999999999	0.0	0.937601	0.341987	0.0628486	0.0	-2.25147	-2.38171	-1.9150900000000002	0.134597	0.309205	0.21555100000000002	-0.9262450000000001	0.0	0.154022	-0.9724659999999999	-0.17489100000000002	0.0	-0.9384399999999999	-0.0885853	-0.333891	0.0	0.329644	-2.35455	-1.98245	0.34134899999999996	
4	-0.39161999999999997	0.902425	-0.17962	0.0	-0.06637180000000001	0.166998	0.983721	0.0	0.9177299999999999	0.397167	-0.00550419	0.0	-2.16792	-2.28956	-1.94366	0.134078	0.29985	0.189439	-0.9349879999999999	0.0	0.14708	-0.9775469999999999	-0.150893	0.0	-0.94258	-0.09227310000000001	-0.32098000000000004	0.0	0.258423	-2.43315	-1.94318	0.34172399999999997	
4	-0.383681	0.9025709999999999	-0.19533399999999998	0.0	-0.07041139999999999	0.182314	0.980716	0.0	0.9207780000000001	0.39003499999999997	-0.00639915	0.0	-2.15299	-2.26496	-1.9331099999999999	0.134017	0.293106	0.191861	-0.936631	0.0	0.155289	-0.976203	-0.151371	0.0	-0.943384	-0.10107999999999999	-0.315925	0.0	0.234217	-2.4681599999999997	-1.9414099999999999	0.341971	
4	-0.425933	0.87074	-0.24575	0.0	-0.055352	0.246033	0.9676799999999999	0.0	0.9030600000000001	0.42576899999999995	-0.05659630000000001	0.0	-2.10708	-2.20235	-1.9089599999999998	0.133901	0.29290700000000003	0.19786700000000002	-0.935443	0.0	0.156782	-0.97505	-0.157153	0.0	-0.943199	-0.100629	-0.316621	0.0	0.20847600000000002	-2.5445900000000004	-1.9411599999999998	0.341606	
4	-0.425675	0.8563	-0.29249200000000003	0.0	-0.0800821	0.286321	0.954781	0.0	0.9013260000000001	0.429849	-0.053305399999999996	0.0	-2.04757	-2.14374	-1.89792	0.13353800000000002	0.298885	0.204466	-0.932127	0.0	0.153198	-0.974389	-0.164614	0.0	-0.9419120000000001	-0.0935996	-0.32255500000000004	0.0	0.201824	-2.5907299999999998	-1.95098	0.34084000000000003	
4	-0.439105	0.846585	-0.30080100000000004	0.0	-0.0726895	0.30023099999999997	0.9510930000000001	0.0	0.895491	0.43949399999999994	-0.07029550000000001	0.0	-2.0310900000000003	-2.15503	-1.88851	0.13351	0.299142	0.20465	-0.932005	0.0	0.15098699999999998	-0.974577	-0.165536	0.0	-0.9421870000000001	-0.09120199999999999	-0.322436	0.0	0.200508	-2.59443	-1.9654900000000002	0.34066	
4	-0.425651	0.8488379999999999	-0.31351999999999997	0.0	-0.08858610000000001	0.30572	0.947991	0.0	0.900541	0.431287	-0.054935000000000005	0.0	-1.9764	-2.1784	-1.892	0.133115	0.30635500000000004	0.21218	-0.927969	0.0	0.151056	-0.973326	-0.172682	0.0	-0.9398559999999999	-0.0872737	-0.330235	0.0	0.162693	-2.57502	-2.01811	0.33981100000000003	
4	-0.418868	0.848721	-0.322835	0.0	-0.0942084	0.31299	0.9450729999999999	0.0	0.9031469999999999	0.426275	-0.0511451	0.0	-1.9656099999999999	-2.2173	-1.89619	0.133303	0.309006	0.210508	-0.9274700000000001	0.0	0.14533900000000002	-0.974194	-0.17269	0.0	-0.939889	-0.08143550000000001	-0.331627	0.0	0.13506400000000002	-2.56736	-2.0364400000000002	0.339294	
4	-0.408114	0.8504379999999999	-0.331962	0.0	-0.10401099999999999	0.317941	0.9423879999999999	0.0	0.9069870000000001	0.419129	-0.0413015	0.0	-1.93165	-2.3082	-1.8821400000000001	0.133186	0.306671	0.20879899999999998	-0.928632	0.0	0.144285	-0.974565	-0.171478	0.0	-0.940816	-0.08140019999999999	-0.328997	0.0	0.0819682	-2.54638	-2.0257	0.33860300000000004	
4	-0.406437	0.8493290000000001	-0.336821	0.0	-0.10713099999999999	0.321801	0.9407270000000001	0.0	0.907377	0.41843	-0.0398028	0.0	-1.91051	-2.3488900000000004	-1.8799599999999999	0.133182	0.31304699999999996	0.207475	-0.9267989999999999	0.0	0.138194	-0.9754120000000001	-0.17168	0.0	-0.93963	-0.0743344	-0.334021	0.0	0.0724066	-2.5363	-2.0392	0.337165	
4	-0.401048	0.8523959999999999	-0.33553099999999997	0.0	-0.109894	0.318865	0.941408	0.0	0.909442	0.414422	-0.0342073	0.0	-1.89569	-2.4038	-1.8689099999999998	0.133198	0.308196	0.20776399999999998	-0.928359	0.0	0.12259600000000001	-0.976398	-0.177815	0.0	-0.94339	-0.0590115	-0.326393	0.0	0.0107894	-2.54501	-1.96485	0.33823000000000003	
4	-0.40478600000000003	0.84616	-0.346643	0.0	-0.11058399999999999	0.331007	0.937126	0.0	0.9077	0.41766899999999996	-0.0404154	0.0	-1.8725	-2.4204	-1.86968	0.13333	0.292351	0.218018	-0.9311280000000001	0.0	0.127659	-0.97385	-0.18793900000000002	0.0	-0.947752	-0.0639227	-0.31253800000000004	0.0	-0.0420015	-2.5706599999999997	-1.91221	0.33821599999999996	
4	-0.40870500000000004	0.8378530000000001	-0.36188899999999996	0.0	-0.115168	0.346002	0.9311389999999999	0.0	0.9053709999999999	0.42223900000000003	-0.0449187	0.0	-1.8351400000000002	-2.42366	-1.87025	0.133194	0.29180500000000004	0.22116100000000002	-0.930558	0.0	0.125506	-0.973342	-0.191973	0.0	-0.9482079999999999	-0.0607721	-0.311783	0.0	-0.0698467	-2.58773	-1.9079	0.337938	
4	-0.417116	0.8291639999999999	-0.372158	0.0	-0.11413800000000002	0.358448	0.9265459999999999	0.0	0.901658	0.428954	-0.054875	0.0	-1.8062	-2.42409	-1.8736599999999999	0.133367	0.288903	0.229175	-0.929523	0.0	0.130449	-0.9712930000000001	-0.198929	0.0	-0.9484290000000001	-0.0637841	-0.31050500000000003	0.0	-0.0805827	-2.59729	-1.90842	0.337522	
4	-0.418786	0.825023	-0.379415	0.0	-0.11639400000000001	0.365604	0.923464	0.0	0.900595	0.430895	-0.057082100000000004	0.0	-1.7862900000000002	-2.4201200000000003	-1.88093	0.133179	0.284547	0.237884	-0.928679	0.0	0.136492	-0.968908	-0.206368	0.0	-0.948896	-0.068036	-0.308169	0.0	-0.08787289999999999	-2.62404	-1.88907	0.335851	
4	-0.419574	0.8217959999999999	-0.385498	0.0	-0.11517899999999999	0.373056	0.920632	0.0	0.900384	0.430674	-0.061870900000000006	0.0	-1.7821200000000001	-2.43011	-1.86999	0.133383	0.28173000000000004	0.243914	-0.9279729999999999	0.0	0.14186700000000002	-0.967108	-0.21113	0.0	-0.9489479999999999	-0.07216669999999999	-0.30706700000000003	0.0	-0.0890253	-2.63845	-1.8643599999999998	0.309236	
4	-0.409526	0.8370549999999999	-0.36280500000000004	0.0	-0.120718	0.344465	0.931005	0.0	0.904277	0.425068	-0.0400203	0.0	-1.87861	-2.4627	-1.84316	0.142625	0.260909	0.246648	-0.9333229999999999	0.0	0.13831	-0.9663860000000001	-0.216721	0.0	-0.9554040000000001	-0.0725438	-0.28625300000000004	0.0	0.00942424	-2.64784	-1.8142599999999998	0.185816	
4	-0.418897	0.834656	-0.357596	0.0	-0.110109	0.34421599999999997	0.9324120000000001	0.0	0.9013329999999999	0.42995900000000004	-0.05228769999999999	0.0	-1.8697	-2.4816700000000003	-1.82086	0.141229	0.257911	0.24541500000000002	-0.93448	0.0	0.134569	-0.966899	-0.216788	0.0	-0.956751	-0.06983989999999998	-0.28239899999999996	0.0	0.00827643	-2.65846	-1.8045400000000003	0.18567999999999998	
4	-0.407004	0.838093	-0.363246	0.0	-0.10754200000000001	0.35094200000000003	0.9302010000000001	0.0	0.9070729999999999	0.41766000000000003	-0.05270459999999999	0.0	-1.92745	-2.47492	-1.84102	0.143118	0.24400500000000003	0.256628	-0.9352020000000001	0.0	0.145284	-0.963141	-0.226388	0.0	-0.95883	-0.0806299	-0.272295	0.0	0.0685534	-2.67544	-1.7521099999999998	0.10229400000000001	
4	-0.42243400000000003	0.821984	-0.381958	0.0	-0.10716099999999999	0.373156	0.921559	0.0	0.9000370000000001	0.430229	-0.06954910000000002	0.0	-1.9406900000000002	-2.4708200000000002	-1.85153	0.142551	0.242254	0.268335	-0.932368	0.0	0.14799600000000002	-0.959967	-0.237825	0.0	-0.958859	-0.080373	-0.272269	0.0	0.0777723	-2.68126	-1.7364400000000002	0.0411297	
4	-0.400054	0.8405870000000001	-0.365201	0.0	-0.113837	0.34981599999999996	0.929876	0.0	0.9093950000000001	0.413574	-0.044255300000000004	0.0	-1.93638	-2.47903	-1.8240599999999998	0.142603	0.245062	0.277588	-0.928918	0.0	0.173587	-0.9552139999999999	-0.239652	0.0	-0.9538409999999999	-0.102519	-0.28227199999999997	0.0	0.0841475	-2.66379	-1.74354	-0.00161945	
4	-0.399966	0.842324	-0.361272	0.0	-0.112821	0.345928	0.9314530000000001	0.0	0.909559	0.41330900000000004	-0.0433282	0.0	-1.92972	-2.46535	-1.8118599999999998	0.142582	0.247773	0.278507	-0.927924	0.0	0.17635	-0.9547540000000001	-0.23947100000000002	0.0	-0.952633	-0.104305	-0.285677	0.0	0.0961043	-2.66898	-1.7470900000000003	-0.00138107	
4	-0.395382	0.845191	-0.359618	0.0	-0.114275	0.343215	0.9322790000000001	0.0	0.911381	0.40970200000000007	-0.0391167	0.0	-1.94713	-2.45769	-1.8011599999999999	0.14252	0.25746399999999997	0.290608	-0.9215530000000001	0.0	0.179481	-0.951491	-0.24990500000000002	0.0	-0.949473	-0.10105900000000001	-0.297133	0.0	0.09972610000000001	-2.63633	-1.80037	-0.00124488	
4	-0.394814	0.841917	-0.367827	0.0	-0.11933099999999999	0.34997	0.9291290000000001	0.0	0.9109780000000001	0.41072700000000006	-0.0377061	0.0	-1.95924	-2.46615	-1.78377	0.142594	0.261935	0.292594	-0.9196620000000001	0.0	0.177534	-0.9512799999999999	-0.252089	0.0	-0.948616	-0.0972407	-0.301119	0.0	0.12025799999999999	-2.61857	-1.8473099999999998	-0.00133721	
4	-0.390345	0.8404809999999999	-0.375795	0.0	-0.1268	0.35520799999999997	0.9261469999999999	0.0	0.9118950000000001	0.409167	-0.0320808	0.0	-1.96417	-2.46958	-1.77393	0.14263299999999998	0.266836	0.298108	-0.9164770000000001	0.0	0.174256	-0.950207	-0.258344	0.0	-0.947857	-0.0907664	-0.30549699999999996	0.0	0.138008	-2.6196900000000003	-1.86483	-0.00119604	
4	-0.389494	0.8318530000000001	-0.395367	0.0	-0.131688	0.374558	0.9178040000000001	0.0	0.911566	0.409544	-0.036343400000000005	0.0	-1.96215	-2.51289	-1.73879	0.142833	0.258809	0.29428899999999997	-0.920007	0.0	0.163863	-0.9520299999999999	-0.25843499999999997	0.0	-0.9519280000000001	-0.0838699	-0.294617	0.0	0.152075	-2.58238	-1.8447	0.141322	
1	-0.389119	0.828996	-0.401686	0.0	-0.151672	0.37244499999999997	0.9155760000000001	0.0	0.908615	0.41719300000000004	-0.019190000000000002	0.0	-1.8064900000000002	-2.43108	-1.7082400000000002	0.14241099999999998	0.232656	0.289756	-0.928392	0.0	0.16925199999999999	-0.952084	-0.254735	0.0	-0.9577190000000001	-0.09786669999999999	-0.27055	0.0	0.00627505	-2.62887	-1.80568	0.331017	
1	-0.391346	0.8264520000000001	-0.404754	0.0	-0.152392	0.37555900000000003	0.914184	0.0	0.907538	0.419444	-0.021028900000000003	0.0	-1.7936299999999998	-2.43269	-1.7065299999999999	0.142571	0.22921599999999998	0.291865	-0.928588	0.0	0.170621	-0.9512639999999999	-0.25687600000000005	0.0	-0.958305	-0.0995563	-0.267843	0.0	-0.00997982	-2.6070900000000004	-1.78693	0.336649	
1	-0.37433299999999997	0.811872	-0.44803999999999994	0.0	-0.189122	0.406171	0.894012	0.0	0.907804	0.419392	0.00149906	0.0	-1.7433299999999998	-2.4290700000000003	-1.6852599999999998	0.143051	0.23438499999999998	0.29847199999999996	-0.925191	0.0	0.167652	-0.9498530000000001	-0.26395599999999997	0.0	-0.9575790000000001	-0.0932424	-0.27266999999999997	0.0	-0.0218568	-2.5936	-1.78702	0.337113	
1	-0.380425	0.783209	-0.49179399999999995	0.0	-0.204129	0.44755	0.87065	0.0	0.9020030000000001	0.43160600000000005	-0.0103839	0.0	-1.7319099999999998	-2.3989700000000003	-1.6959400000000002	0.14263	0.233861	0.30744299999999997	-0.9223809999999999	0.0	0.163971	-0.9475709999999999	-0.274266	0.0	-0.9583440000000001	-0.0871035	-0.272012	0.0	-0.040173900000000005	-2.60831	-1.8147	0.336934	
1	-0.41440699999999997	0.7765880000000001	-0.474529	0.0	-0.17311400000000002	0.44462399999999996	0.8788290000000001	0.0	0.893476	0.446341	-0.0498172	0.0	-1.75488	-2.38354	-1.68303	0.142149	0.230738	0.32060900000000003	-0.9186780000000001	0.0	0.169657	-0.9429489999999999	-0.286468	0.0	-0.958111	-0.0897607	-0.271968	0.0	-0.05135119999999999	-2.59523	-1.7930099999999998	0.33734899999999995	
1	-0.42900299999999997	0.779142	-0.45705	0.0	-0.15498800000000001	0.434983	0.887	0.0	0.889908	0.451362	-0.06585139999999999	0.0	-1.78846	-2.40205	-1.6948599999999998	0.142772	0.224652	0.322414	-0.9195540000000001	0.0	0.17383800000000002	-0.9417979999999999	-0.287744	0.0	-0.958807	-0.09521139999999999	-0.267625	0.0	-0.0750528	-2.58467	-1.74807	0.309046	
1	-0.41609300000000005	0.77635	-0.473443	0.0	-0.163971	0.448062	0.8788370000000001	0.0	0.894417	0.443308	-0.0591368	0.0	-1.8104799999999999	-2.4428900000000002	-1.7260400000000002	0.138511	0.21886999999999998	0.34368000000000004	-0.913225	0.0	0.17568599999999998	-0.934502	-0.309581	0.0	-0.959808	-0.0926824	-0.264915	0.0	-0.100802	-2.5817900000000003	-1.7269299999999999	0.27810799999999997	
1	-0.42326	0.768191	-0.48034799999999994	0.0	-0.16272999999999999	0.4571	0.874402	0.0	0.891274	0.448266	-0.0684644	0.0	-1.8025099999999998	-2.44863	-1.7357099999999999	0.138594	0.218834	0.341035	-0.9142239999999999	0.0	0.17918299999999998	-0.9350459999999999	-0.30591199999999996	0.0	-0.959169	-0.0968696	-0.265728	0.0	-0.0856987	-2.58335	-1.7332	0.27810999999999997	
1	-0.373077	0.77679	-0.507356	0.0	-0.203779	0.46488	0.8616030000000001	0.0	0.9051450000000001	0.424833	-0.015143	0.0	-1.7886799999999998	-2.45175	-1.7434	0.138254	0.21848299999999998	0.343142	-0.9135200000000001	0.0	0.18523699999999999	-0.933699	-0.30641999999999997	0.0	-0.958098	-0.10227	-0.26755999999999996	0.0	-0.0791256	-2.5767599999999997	-1.73534	0.277547	
1	-0.435014	0.746598	-0.5033449999999999	0.0	-0.16181099999999998	0.48508900000000005	0.8593639999999999	0.0	0.8857659999999999	0.45528100000000005	-0.09021280000000001	0.0	-1.7936299999999998	-2.41331	-1.7542400000000002	0.140952	0.21407600000000002	0.319735	-0.923006	0.0	0.175752	-0.942099	-0.285586	0.0	-0.9608760000000001	-0.101083	-0.257875	0.0	-0.077752	-2.55343	-1.75948	0.278179	
1	-0.495864	0.6866180000000001	-0.531671	0.0	-0.22214299999999998	0.49157799999999996	0.842023	0.0	0.839506	0.535636	-0.09122849999999999	0.0	-1.71163	-2.31453	-1.73951	0.181005	0.236869	0.362129	-0.9015299999999999	0.0	0.16830599999999998	-0.9292030000000001	-0.329023	0.0	-0.956852	-0.0737972	-0.281048	0.0	-0.142657	-2.56308	-1.7781099999999999	0.277769	
1	-0.379475	0.76777	-0.516263	0.0	-0.187865	0.48243400000000003	0.855549	0.0	0.9059280000000001	0.42164799999999997	-0.0388346	0.0	-1.69911	-2.28551	-1.7255599999999998	0.189385	0.247574	0.372382	-0.8944489999999999	0.0	0.186815	-0.924212	-0.333065	0.0	-0.9506879999999999	-0.0846385	-0.29837800000000003	0.0	-0.166393	-2.5648400000000002	-1.7912599999999999	0.281047	
1	-0.383279	0.823048	-0.419153	0.0	-0.20808000000000001	0.365199	0.907377	0.0	0.8998889999999999	0.434996	0.0312867	0.0	-1.6625900000000002	-2.2923	-1.7429700000000001	0.209465	0.28460599999999997	0.334358	-0.898446	0.0	0.158152	-0.940739	-0.29999899999999996	0.0	-0.945509	-0.05670940000000001	-0.320619	0.0	-0.18779200000000001	-2.53622	-1.77583	0.27864099999999997	
1	-0.34418200000000004	0.874869	-0.340798	0.0	-0.199961	0.28634499999999996	0.9370280000000001	0.0	0.9173629999999999	0.39065500000000003	0.0763842	0.0	-1.6156700000000002	-2.31668	-1.7569599999999999	0.227019	0.332671	0.315712	-0.888626	0.0	0.173572	-0.9466969999999999	-0.271364	0.0	-0.926932	-0.063966	-0.369738	0.0	-0.13986500000000002	-2.5211799999999998	-1.72165	0.278345	
