0	-0.076783	0.983389	-0.164468	0.0	0.2132	0.177333	0.96078	0.0	0.973987	0.0387069	-0.223275	0.0	-2.75806	1.9825099999999998	1.4096899999999999	0.0	-0.101726	0.9934139999999999	-0.052721300000000006	0.0	0.153623	-0.0366737	-0.987449	0.0	-0.9828790000000001	-0.108549	-0.14887999999999998	0.0	2.6451599999999997	1.9882400000000002	1.59454	8.153920000000001e-05	
0	-0.0738598	0.9853430000000001	-0.15376700000000001	0.0	0.204413	0.165873	0.9647290000000001	0.0	0.976094	0.0398226	-0.213668	0.0	-2.77108	1.9694599999999998	1.4174	0.0	-0.113327	0.992332	-0.049341699999999995	0.0	0.161126	-0.0306487	-0.986458	0.0	-0.980406	-0.119742	-0.156417	0.0	2.6404799999999997	1.9588400000000001	1.58473	0.0	
0	-0.0783982	0.9862270000000001	-0.14563900000000002	0.0	0.200668	0.15871	0.9667180000000001	0.0	0.976517	0.0465638	-0.21034699999999998	0.0	-2.77747	1.9600099999999998	1.42334	0.0	-0.11773800000000001	0.992924	-0.015484200000000002	0.0	0.133878	0.00042060000000000003	-0.9909979999999999	0.0	-0.983979	-0.118751	-0.132981	0.0	2.63777	1.9086299999999998	1.55805	0.0	
0	-0.0842093	0.989202	-0.119947	0.0	0.22232800000000003	0.135992	0.965441	0.0	0.9713280000000001	0.0546314	-0.23138000000000003	0.0	-2.7774799999999997	1.96495	1.39859	0.00835803	-0.118525	0.9924729999999999	0.030814099999999997	0.0	0.142283	0.04768819999999999	-0.988677	0.0	-0.9827040000000001	-0.112798	-0.14686400000000002	0.0	2.67575	1.8475	1.4781600000000001	0.321986	
0	0.0115852	0.9999129999999999	-0.00639614	0.0	0.263639	0.00311562	0.9646170000000001	0.0	0.9645520000000001	-0.0128616	-0.26358000000000004	0.0	-2.7774400000000004	1.9944099999999998	1.33228	0.342661	-0.161022	0.984195	0.0737092	0.0	0.165684	0.10057999999999999	-0.981036	0.0	-0.972944	-0.145756	-0.179261	0.0	2.62942	1.72848	1.34972	0.355039	
0	0.199573	0.97598	0.087369	0.0	0.292541	-0.144441	0.9452809999999999	0.0	0.9351950000000001	-0.16309400000000002	-0.314341	0.0	-2.67913	1.8647200000000002	1.1838600000000001	0.346546	-0.219191	0.9685950000000001	0.117388	0.0	0.15973900000000002	0.154315	-0.975023	0.0	-0.962517	-0.194965	-0.188547	0.0	2.57761	1.53437	1.17121	0.355867	
0	0.346411	0.929636	0.125603	0.0	0.288588	-0.23301	0.928668	0.0	0.89259	-0.285453	-0.348999	0.0	-2.64253	1.64258	0.994251	0.347829	-0.272962	0.949468	0.154928	0.0	0.144101	0.19958	-0.9692280000000001	0.0	-0.9511709999999999	-0.24223699999999998	-0.191297	0.0	2.53641	1.37636	0.972611	0.356586	
0	0.501004	0.8480780000000001	0.17251	0.0	0.251214	-0.333258	0.908752	0.0	0.828183	-0.411951	-0.380013	0.0	-2.64846	1.43818	0.7681100000000001	0.34829499999999997	-0.3452	0.9178700000000001	0.19583499999999998	0.0	0.135217	0.25512399999999996	-0.957407	0.0	-0.928738	-0.304016	-0.21218099999999998	0.0	2.47497	1.2129299999999998	0.729601	0.357053	
0	0.585149	0.796798	0.15071099999999998	0.0	0.23940799999999998	-0.34730900000000003	0.906675	0.0	0.77478	-0.49445900000000004	-0.393987	0.0	-2.58725	1.21255	0.465599	0.348883	-0.42071800000000004	0.881423	0.21468800000000002	0.0	0.13078299999999998	0.293108	-0.947092	0.0	-0.8977149999999999	-0.370381	-0.238591	0.0	2.3797099999999998	0.977276	0.394829	0.35735900000000004	
0	0.6956869999999999	0.700746	0.15803	0.0	0.194473	-0.395502	0.89764	0.0	0.691519	-0.593745	-0.411422	0.0	-2.4534700000000003	0.960248	0.0858166	0.348837	-0.5674140000000001	0.786516	0.243792	0.0	0.11796	0.370655	-0.92125	0.0	-0.81494	-0.493972	-0.30309200000000003	0.0	2.2076	0.609887	-0.137881	0.357213	
0	0.771313	0.601554	0.207869	0.0	0.13658599999999999	-0.475444	0.869079	0.0	0.621628	-0.64194	-0.44888	0.0	-2.39372	0.8545959999999999	-0.26563400000000004	0.349096	-0.6604359999999999	0.7044739999999999	0.259887	0.0	0.10067999999999999	0.426063	-0.8990739999999999	0.0	-0.744102	-0.567615	-0.35231399999999996	0.0	2.11952	0.37597600000000003	-0.620973	0.35682600000000003	
0	0.847326	0.47061099999999995	0.24609699999999998	0.0	0.0398333	-0.518409	0.8542049999999999	0.0	0.5295770000000001	-0.713987	-0.458007	0.0	-2.30202	0.754218	-0.516047	0.348715	-0.694408	0.672647	0.255626	0.0	0.09624819999999999	0.43887299999999996	-0.893379	0.0	-0.713116	-0.595766	-0.369498	0.0	2.03933	0.21739299999999998	-0.994245	0.356746	
0	0.889739	0.380123	0.252728	0.0	-0.0114274	-0.534936	0.844816	0.0	0.45632700000000004	-0.754553	-0.471609	0.0	-2.19009	0.6685949999999999	-0.8098	0.349482	-0.730839	0.644703	0.224125	0.0	0.0810948	0.408056	-0.9093479999999999	0.0	-0.677715	-0.646412	-0.350506	0.0	1.8595	0.0418529	-1.23746	0.356569	
0	0.9172530000000001	0.317968	0.23988099999999998	0.0	-0.064261	-0.47622600000000004	0.876972	0.0	0.39308699999999996	-0.8198200000000001	-0.416387	0.0	-2.03185	0.443611	-0.9397469999999999	0.347468	-0.776036	0.592436	0.216306	0.0	0.015648500000000003	0.36094899999999996	-0.9324540000000001	0.0	-0.630494	-0.720233	-0.28938	0.0	1.59638	-0.175322	-1.26111	0.356775	
0	0.9363239999999999	0.24645	0.250119	0.0	-0.143787	-0.380749	0.913431	0.0	0.320348	-0.891231	-0.32106799999999996	0.0	-1.84965	0.10613099999999999	-1.00737	0.34749	-0.786921	0.579633	0.211619	0.0	-0.00586316	0.335911	-0.941875	0.0	-0.617027	-0.742422	-0.260937	0.0	1.3179299999999998	-0.35324099999999997	-1.25311	0.355962	
0	0.9513510000000001	0.196894	0.236988	0.0	-0.184059	-0.253658	0.9496209999999999	0.0	0.24708899999999998	-0.9470430000000001	-0.205078	0.0	-1.8079900000000002	-0.32741	-0.9691639999999999	0.347406	-0.766572	0.611175	0.19705999999999999	0.0	0.00334203	0.310664	-0.950514	0.0	-0.64215	-0.727979	-0.24018899999999999	0.0	1.17564	-0.358381	-1.25145	0.35711	
0	0.959065	0.146801	0.242164	0.0	-0.224471	-0.127253	0.9661360000000001	0.0	0.172645	-0.9809469999999999	-0.08909149999999999	0.0	-1.83595	-0.9134549999999999	-0.8475440000000001	0.346557	-0.77766	0.5979439999999999	0.194185	0.0	0.023776099999999998	0.33662600000000004	-0.9413379999999999	0.0	-0.628235	-0.727424	-0.275998	0.0	1.21044	-0.417307	-1.34989	0.356804	
0	0.984944	0.0805727	0.152948	0.0	-0.148067	-0.06346109999999999	0.9869389999999999	0.0	0.0892266	-0.994727	-0.0505755	0.0	-1.9073200000000001	-1.1778899999999999	-0.8371709999999999	0.345172	-0.775191	0.6046729999999999	0.182892	0.0	0.0337185	0.328702	-0.943832	0.0	-0.630826	-0.725483	-0.275196	0.0	1.27011	-0.458476	-1.37965	0.357651	
0	0.995921	0.0386889	0.0815179	0.0	-0.0810192	-0.014289099999999999	0.99661	0.0	0.0397225	-0.999149	-0.0110963	0.0	-2.0816	-1.40016	-0.779361	0.343844	-0.769638	0.617797	0.161199	0.0	0.0603798	0.321766	-0.944892	0.0	-0.63562	-0.717491	-0.284946	0.0	1.31835	-0.466729	-1.4021700000000001	0.357457	
0	0.999186	0.000151241	0.040336500000000004	0.0	-0.040315699999999996	-0.0285829	0.998778	0.0	0.00130399	-0.999591	-0.028553500000000002	0.0	-2.27502	-1.53954	-0.7872600000000001	0.326949	-0.767354	0.622707	0.152981	0.0	0.0652871	0.31321	-0.9474370000000001	0.0	-0.637891	-0.717032	-0.280998	0.0	1.34457	-0.5140899999999999	-1.4009200000000002	0.357597	
0	0.9998030000000001	-0.00544367	0.019078400000000002	0.0	-0.0192792	-0.039589400000000004	0.99903	0.0	-0.00468308	-0.999201	-0.039686599999999995	0.0	-2.36659	-1.61485	-0.787758	0.29954899999999995	-0.761513	0.63239	0.142062	0.0	0.07678760000000001	0.305661	-0.949039	0.0	-0.643586	-0.711796	-0.281325	0.0	1.36008	-0.522103	-1.3731	0.35759	
0	0.999768	0.004989	-0.02097	0.0	0.0212538	-0.06601439999999999	0.997592	0.0	0.00359267	-0.997806	-0.0661051	0.0	-2.43553	-1.6715200000000001	-0.7790090000000001	0.289507	-0.762718	0.632025	0.13713699999999998	0.0	0.0805529	0.303235	-0.9495049999999999	0.0	-0.641696	-0.713158	-0.282194	0.0	1.3793600000000001	-0.529686	-1.35039	0.357476	
0	0.997626	0.020590999999999998	-0.0657079	0.0	0.0674291	-0.0986932	0.9928309999999999	0.0	0.013958400000000001	-0.9949049999999999	-0.09984739999999999	0.0	-2.58372	-1.7730099999999998	-0.8183779999999999	0.318939	-0.754243	0.643378	0.13108	0.0	0.08702739999999999	0.295833	-0.951267	0.0	-0.650802	-0.706079	-0.279122	0.0	1.4072200000000001	-0.53632	-1.3349600000000001	0.357377	
0	0.9915930000000001	0.0669028	-0.11076099999999998	0.0	0.11833099999999999	-0.12246199999999999	0.9853940000000001	0.0	0.0523616	-0.990216	-0.129349	0.0	-2.72723	-1.93295	-0.8968309999999999	0.300546	-0.748741	0.649881	0.130545	0.0	0.08748969999999999	0.292108	-0.952375	0.0	-0.657064	-0.701661	-0.275571	0.0	1.42173	-0.545354	-1.27693	0.357427	
0	0.986059	0.105118	-0.128991	0.0	0.142153	-0.129218	0.981374	0.0	0.0864926	-0.986029	-0.14235899999999999	0.0	-2.84396	-2.1392900000000004	-1.01495	0.350317	-0.746873	0.651829	0.131524	0.0	0.0878249	0.292752	-0.952147	0.0	-0.659141	-0.6995819999999999	-0.275895	0.0	1.41737	-0.583062	-1.2494100000000001	0.357473	
0	0.9834709999999999	0.125167	-0.13083599999999998	0.0	0.14903	-0.149178	0.9775149999999999	0.0	0.102835	-0.980856	-0.165366	0.0	-2.87186	-2.29276	-1.07959	0.34486500000000003	-0.743444	0.6553800000000001	0.133298	0.0	0.08628999999999999	0.291641	-0.952628	0.0	-0.663208	-0.696723	-0.27337100000000003	0.0	1.40883	-0.6280060000000001	-1.2369700000000001	0.357344	
0	0.9762360000000001	0.160469	-0.145647	0.0	0.167784	-0.134312	0.9766309999999999	0.0	0.137157	-0.9778600000000001	-0.158045	0.0	-2.84734	-2.54045	-1.1601299999999999	0.350998	-0.739107	0.661862	0.125137	0.0	0.0876758	0.27872600000000003	-0.95636	0.0	-0.667858	-0.6958810000000001	-0.264038	0.0	1.3915799999999998	-0.6502829999999999	-1.17929	0.35734699999999997	
0	0.973672	0.183112	-0.135767	0.0	0.160157	-0.125697	0.9790559999999999	0.0	0.162211	-0.975023	-0.15171400000000002	0.0	-2.83527	-2.68407	-1.20918	0.35219	-0.731176	0.6714	0.12084400000000001	0.0	0.0859992	0.266446	-0.9600059999999999	0.0	-0.676746	-0.691541	-0.25255900000000003	0.0	1.38962	-0.646721	-1.09305	0.357612	
0	0.972616	0.19428099999999998	-0.12756800000000001	0.0	0.153131	-0.12276600000000001	0.98055	0.0	0.174842	-0.973233	-0.14915499999999998	0.0	-2.7621	-2.7477400000000003	-1.21279	0.348815	-0.72577	0.6775359999999999	0.11917699999999999	0.0	0.0932931	0.268573	-0.958731	0.0	-0.681582	-0.6847	-0.25813200000000003	0.0	1.3922299999999999	-0.620808	-1.0347899999999999	0.357265	
0	0.972938	0.202457	-0.111372	0.0	0.139512	-0.130471	0.9815870000000001	0.0	0.184198	-0.970561	-0.155186	0.0	-2.7136	-2.76384	-1.2107	0.344168	-0.72602	0.677041	0.12046099999999998	0.0	0.0974032	0.27465	-0.956598	0.0	-0.680741	-0.682776	-0.265347	0.0	1.3997899999999999	-0.581562	-1.01776	0.357209	
0	0.973799	0.197415	-0.112882	0.0	0.139739	-0.127849	0.9819	0.0	0.17941	-0.9719469999999999	-0.152086	0.0	-2.69815	-2.77347	-1.20004	0.346422	-0.722758	0.680821	0.11875699999999999	0.0	0.0973041	0.270374	-0.957825	0.0	-0.6842159999999999	-0.680721	-0.261662	0.0	1.39889	-0.5468270000000001	-1.01873	0.35728899999999997	
0	0.973398	0.197879	-0.115496	0.0	0.14205399999999999	-0.125712	0.981844	0.0	0.179767	-0.972132	-0.150478	0.0	-2.70885	-2.7744	-1.1945299999999999	0.346677	-0.72029	0.683197	0.1201	0.0	0.09656410000000001	0.27020500000000003	-0.9579479999999999	0.0	-0.686919	-0.678403	-0.260598	0.0	1.38845	-0.5076890000000001	-1.0140200000000001	0.357376	
0	0.9732149999999999	0.19955599999999998	-0.11414500000000001	0.0	0.141182	-0.12693800000000002	0.9818120000000001	0.0	0.18143800000000002	-0.9716299999999999	-0.15171099999999998	0.0	-2.7105200000000003	-2.77385	-1.19241	0.34671799999999997	-0.718533	0.684487	0.123241	0.0	0.09607230000000001	0.273185	-0.957152	0.0	-0.688826	-0.675905	-0.26205300000000004	0.0	1.37811	-0.465557	-1.01091	0.357416	
0	0.973325	0.200326	-0.11184100000000001	0.0	0.139158	-0.127897	0.9819760000000001	0.0	0.182411	-0.9713450000000001	-0.152363	0.0	-2.70478	-2.77238	-1.2107299999999999	0.346889	-0.714918	0.686681	0.131761	0.0	0.09395319999999999	0.281078	-0.955075	0.0	-0.692867	-0.670421	-0.265464	0.0	1.3696700000000002	-0.45327700000000004	-1.02115	0.357478	
0	0.973456	0.198915	-0.11320799999999999	0.0	0.139855	-0.125432	0.982195	0.0	0.181174	-0.9719559999999999	-0.149922	0.0	-2.70063	-2.77276	-1.22312	0.346598	-0.714141	0.685441	0.142038	0.0	0.09443639999999999	0.295394	-0.9506969999999999	0.0	-0.693603	-0.665517	-0.27568400000000004	0.0	1.36209	-0.45393100000000003	-1.06039	0.35738000000000003	
0	0.972749	0.197802	-0.120972	0.0	0.143869	-0.10576600000000001	0.983929	0.0	0.181828	-0.974519	-0.131341	0.0	-2.7052099999999997	-2.77595	-1.21648	0.347081	-0.710795	0.688604	0.143512	0.0	0.09545110000000001	0.296565	-0.9502309999999999	0.0	-0.696893	-0.66172	-0.276525	0.0	1.36005	-0.46137399999999995	-1.1021100000000001	0.35763	
0	0.971354	0.20075	-0.127167	0.0	0.1467	-0.0855674	0.9854729999999999	0.0	0.186952	-0.9758979999999999	-0.11256600000000001	0.0	-2.72275	-2.7195400000000003	-1.16864	0.347932	-0.710953	0.6882229999999999	0.144549	0.0	0.0979526	0.30045700000000003	-0.9487530000000001	0.0	-0.696384	-0.660359	-0.281024	0.0	1.3541299999999998	-0.44295500000000004	-1.14375	0.35744699999999996	
0	0.970613	0.20499499999999998	-0.12604300000000002	0.0	0.144284	-0.0765568	0.9865700000000001	0.0	0.192592	-0.975765	-0.10388499999999999	0.0	-2.7043	-2.6638900000000003	-1.1235899999999999	0.348118	-0.709363	0.6896329999999999	0.14564000000000002	0.0	0.097914	0.301039	-0.948572	0.0	-0.69801	-0.658621	-0.281071	0.0	1.35435	-0.432831	-1.16183	0.357775	
0	0.97062	0.204947	-0.12607100000000002	0.0	0.144315	-0.0765932	0.986563	0.0	0.19253699999999999	-0.975772	-0.10392	0.0	-2.70458	-2.66522	-1.12463	0.348123	-0.709383	0.689613	0.14563199999999998	0.0	0.0978965	0.301023	-0.948578	0.0	-0.697991	-0.6586489999999999	-0.281052	0.0	1.35437	-0.43303100000000005	-1.16139	0.357773	
0	0.97062	0.204947	-0.12607100000000002	0.0	0.144315	-0.0765932	0.986563	0.0	0.19253699999999999	-0.975772	-0.10392	0.0	-2.70458	-2.66522	-1.12463	0.348123	-0.709384	0.689613	0.14563199999999998	0.0	0.0978965	0.301023	-0.9485790000000001	0.0	-0.697991	-0.6586489999999999	-0.281052	0.0	1.35437	-0.433032	-1.1613799999999999	0.357772	
0	0.97062	0.204947	-0.12607100000000002	0.0	0.144315	-0.0765932	0.986563	0.0	0.19253699999999999	-0.975772	-0.10392	0.0	-2.70458	-2.66522	-1.12463	0.348123	-0.709384	0.689613	0.14563199999999998	0.0	0.0978965	0.301023	-0.9485790000000001	0.0	-0.697991	-0.6586489999999999	-0.281052	0.0	1.35437	-0.433032	-1.1613799999999999	0.357772	
0	0.97062	0.204947	-0.12607100000000002	0.0	0.144315	-0.0765932	0.986563	0.0	0.19253699999999999	-0.975772	-0.10392	0.0	-2.70458	-2.66522	-1.12463	0.348123	-0.709384	0.689613	0.14563199999999998	0.0	0.0978966	0.301023	-0.9485790000000001	0.0	-0.697991	-0.6586489999999999	-0.281052	0.0	1.35437	-0.433032	-1.1613799999999999	0.357772	
0	0.97062	0.204947	-0.12607100000000002	0.0	0.144315	-0.0765932	0.986563	0.0	0.19253699999999999	-0.975772	-0.10392	0.0	-2.70458	-2.66522	-1.12463	0.348123	-0.709384	0.689613	0.14563199999999998	0.0	0.0978965	0.301023	-0.9485790000000001	0.0	-0.697991	-0.6586489999999999	-0.281052	0.0	1.35437	-0.433032	-1.1613799999999999	0.357772	
0	0.97062	0.204947	-0.12607100000000002	0.0	0.144315	-0.0765932	0.986563	0.0	0.19253699999999999	-0.975772	-0.10392	0.0	-2.70458	-2.66522	-1.12463	0.348123	-0.709384	0.689613	0.14563199999999998	0.0	0.0978966	0.301023	-0.9485790000000001	0.0	-0.697991	-0.6586489999999999	-0.281052	0.0	1.35437	-0.433032	-1.1613799999999999	0.357772	
0	0.97062	0.204947	-0.12607100000000002	0.0	0.144315	-0.0765932	0.986563	0.0	0.19253699999999999	-0.975772	-0.10392	0.0	-2.70458	-2.66522	-1.12463	0.348123	-0.709384	0.689613	0.14563199999999998	0.0	0.0978965	0.301023	-0.9485790000000001	0.0	-0.697991	-0.6586489999999999	-0.281052	0.0	1.35437	-0.433032	-1.1613799999999999	0.357773	
0	0.97062	0.204947	-0.12607100000000002	0.0	0.144315	-0.0765932	0.986563	0.0	0.19253699999999999	-0.975772	-0.10392	0.0	-2.70458	-2.66522	-1.12463	0.348123	-0.709384	0.689613	0.14563199999999998	0.0	0.0978965	0.301023	-0.9485790000000001	0.0	-0.697991	-0.6586489999999999	-0.281052	0.0	1.35437	-0.433032	-1.1613799999999999	0.357772	
0	0.9218270000000001	0.379552	0.0785748	0.0	0.0790793	-0.382626	0.9205129999999999	0.0	0.379448	-0.842341	-0.38273	0.0	-2.67598	-2.97715	-1.27104	0.348123	-0.48986	0.8623430000000001	0.12806800000000002	0.0	0.15320999999999999	0.22976799999999997	-0.96111	0.0	-0.858233	-0.45118800000000003	-0.24467399999999997	0.0	1.34683	-0.435129	-1.1322299999999998	0.35851500000000003	
0	0.934882	0.344483	0.0855997	0.0	0.0551812	-0.379267	0.92364	0.0	0.350644	-0.858771	-0.373579	0.0	-2.67774	-3.2791	-1.38816	0.347434	-0.452175	0.882926	0.126413	0.0	0.148355	0.214207	-0.965456	0.0	-0.879505	-0.41780100000000003	-0.227846	0.0	1.3665200000000002	-0.412517	-1.16373	0.358576	
0	0.9504950000000001	0.30139	0.0756535	0.0	0.0357651	-0.347951	0.936831	0.0	0.308675	-0.887747	-0.341505	0.0	-2.67733	-3.557	-1.48591	0.347436	-0.43424399999999996	0.8918799999999999	0.126423	0.0	0.140405	0.205645	-0.9685020000000001	0.0	-0.8897860000000001	-0.40281500000000003	-0.214525	0.0	1.36826	-0.350139	-1.2124700000000002	0.358446	
0	0.95886	0.274938	0.0706912	0.0	0.0245333	-0.328341	0.944241	0.0	0.28281799999999996	-0.90366	-0.32157800000000003	0.0	-2.65581	-3.60081	-1.5152299999999999	0.35041100000000003	-0.421212	0.896804	0.13536600000000001	0.0	0.13412000000000002	0.209202	-0.9686309999999999	0.0	-0.896991	-0.389843	-0.208398	0.0	1.33477	-0.264257	-1.29121	0.35862	
0	0.963123	0.259466	0.0712125	0.0	0.0118539	-0.305332	0.9521719999999999	0.0	0.2688	-0.916215	-0.297148	0.0	-2.63941	-3.6007300000000004	-1.54332	0.352638	-0.410692	0.900365	0.14379	0.0	0.12981800000000002	0.21383899999999997	-0.968205	0.0	-0.902485	-0.378967	-0.204706	0.0	1.31293	-0.172125	-1.36316	0.35834299999999997	
0	0.969475	0.22738200000000003	0.0917391	0.0	-0.018430900000000004	-0.30551300000000003	0.952009	0.0	0.244497	-0.92464	-0.291997	0.0	-2.6073	-3.5969900000000004	-1.55631	0.358126	-0.40026799999999996	0.907273	0.129	0.0	0.124759	0.193408	-0.9731540000000001	0.0	-0.907866	-0.373429	-0.190606	0.0	1.27516	-0.09401389999999998	-1.37668	0.358609	
0	0.974458	0.210271	0.07885360000000001	0.0	-0.0159477	-0.28545	0.958261	0.0	0.224004	-0.9350430000000001	-0.274806	0.0	-2.60341	-3.59648	-1.58463	0.357557	-0.398395	0.9089290000000001	0.12299700000000001	0.0	0.120262	0.18470599999999998	-0.9754079999999999	0.0	-0.9092950000000001	-0.37380599999999997	-0.182895	0.0	1.26209	-0.068924	-1.36427	0.359111	
0	0.9798709999999999	0.196098	0.0373954	0.0	0.0135121	-0.25204099999999996	0.967622	0.0	0.199174	-0.9476399999999999	-0.24961799999999998	0.0	-2.59617	-3.59795	-1.61348	0.35629099999999997	-0.40070300000000003	0.9086200000000001	0.117672	0.0	0.121215	0.179878	-0.9761920000000001	0.0	-0.9081549999999999	-0.376899	-0.18221700000000002	0.0	1.25432	-0.0237547	-1.34578	0.358567	
0	0.9846219999999999	0.17402	0.0154154	0.0	0.0238028	-0.221046	0.974973	0.0	0.173072	-0.9596129999999999	-0.221789	0.0	-2.5749299999999997	-3.59726	-1.63226	0.35198	-0.402661	0.9082530000000001	0.113757	0.0	0.119095	0.175204	-0.977303	0.0	-0.9075690000000001	-0.379974	-0.178716	0.0	1.2680200000000001	0.027795900000000002	-1.32227	0.358634	
0	0.9888370000000001	0.14873499999999998	-0.00888245	0.0	0.0320791	-0.154299	0.987503	0.0	0.145506	-0.976765	-0.15734700000000001	0.0	-2.5507	-3.6016800000000004	-1.6792200000000002	0.344684	-0.403281	0.906934	0.121796	0.0	0.116618	0.182951	-0.976181	0.0	-0.907615	-0.379472	-0.179546	0.0	1.28986	0.08935710000000001	-1.33156	0.358394	
0	0.986502	0.161698	-0.0258279	0.0	0.047772300000000004	-0.13333499999999998	0.9899190000000001	0.0	0.156624	-0.977791	-0.13926	0.0	-2.58144	-3.59007	-1.56047	0.176309	-0.403495	0.905869	0.128816	0.0	0.11489200000000001	0.189832	-0.9750709999999999	0.0	-0.90774	-0.378637	-0.180673	0.0	1.30819	0.136906	-1.33918	0.358277	
0	0.986925	0.157603	-0.0337781	0.0	0.0527306	-0.11766900000000001	0.9916520000000001	0.0	0.152313	-0.980467	-0.12444100000000001	0.0	-2.5777200000000002	-3.5893900000000003	-1.56504	0.175467	-0.404312	0.905216	0.130828	0.0	0.11118499999999999	0.190624	-0.9753459999999999	0.0	-0.9078379999999999	-0.379798	-0.17771800000000001	0.0	1.31585	0.149519	-1.33598	0.35837199999999997	
0	0.987142	0.15391	-0.0431483	0.0	0.059319000000000004	-0.10207100000000001	0.993007	0.0	0.14843	-0.982799	-0.10988800000000001	0.0	-2.57416	-3.57902	-1.57617	0.17510699999999998	-0.400356	0.9057930000000001	0.138764	0.0	0.10969200000000001	0.197712	-0.9741040000000001	0.0	-0.9097709999999999	-0.374766	-0.178513	0.0	1.3203799999999999	0.155149	-1.32761	0.358398	
0	0.985251	0.160985	-0.058002099999999994	0.0	0.0710723	-0.07665119999999999	0.9945219999999999	0.0	0.155657	-0.9839760000000001	-0.08696219999999999	0.0	-2.56616	-3.55139	-1.5973	0.17488199999999998	-0.399771	0.9050790000000001	0.144966	0.0	0.10976	0.204284	-0.9727389999999999	0.0	-0.91002	-0.372961	-0.181008	0.0	1.31582	0.150303	-1.32946	0.35838000000000003	
0	0.971134	0.209411	-0.11422	0.0	0.130175	-0.0640142	0.9894229999999999	0.0	0.19988499999999998	-0.9757299999999999	-0.08942649999999999	0.0	-2.56403	-3.52308	-1.6419	0.17512	-0.397316	0.904742	0.15356199999999998	0.0	0.108831	0.21261100000000002	-0.971057	0.0	-0.911206	-0.369104	-0.182937	0.0	1.30885	0.13549	-1.33758	0.35831799999999997	
0	0.955994	0.24868800000000002	-0.155659	0.0	0.18421600000000002	-0.0958782	0.9781979999999999	0.0	0.22834200000000002	-0.963827	-0.137471	0.0	-2.5878900000000002	-3.5270699999999997	-1.6535799999999998	0.175527	-0.389302	0.9066190000000001	0.162746	0.0	0.10495299999999999	0.21919299999999997	-0.9700200000000001	0.0	-0.915111	-0.36055	-0.18048499999999998	0.0	1.2916100000000001	0.096262	-1.35731	0.358342	
0	0.949068	0.276415	-0.15121099999999998	0.0	0.201173	-0.162269	0.9660219999999999	0.0	0.242486	-0.94724	-0.20961100000000002	0.0	-2.63519	-3.54682	-1.59806	0.176019	-0.387348	0.906487	0.168053	0.0	0.10744100000000001	0.22542600000000002	-0.968318	0.0	-0.915651	-0.35702	-0.18471300000000002	0.0	1.27645	0.07057089999999999	-1.37259	0.35826199999999997	
0	0.9492809999999999	0.27481300000000003	-0.152785	0.0	0.21243099999999998	-0.202295	0.9560069999999999	0.0	0.23181500000000002	-0.939976	-0.250413	0.0	-2.89454	-3.5582	-1.5565200000000001	0.175772	-0.384714	0.9081030000000001	0.165363	0.0	0.103367	0.22041	-0.969915	0.0	-0.9172299999999999	-0.356047	-0.17866300000000002	0.0	1.2687700000000002	0.0459261	-1.3699700000000001	0.358337	
0	0.9503809999999999	0.282613	-0.130025	0.0	0.20836799999999997	-0.26794	0.9406329999999999	0.0	0.23099699999999998	-0.921053	-0.31353200000000003	0.0	-2.89014	-3.3947	-1.4654	0.17583	-0.38195100000000004	0.909517	0.16398900000000002	0.0	0.103165	0.21829400000000002	-0.9704149999999999	0.0	-0.918407	-0.353733	-0.177208	0.0	1.2638200000000002	0.0384813	-1.3799	0.358346	
0	0.957657	0.267248	-0.107103	0.0	0.195579	-0.33086	0.92319	0.0	0.211285	-0.9050469999999999	-0.36911900000000003	0.0	-2.8677200000000003	-3.02161	-1.32589	0.17586400000000002	-0.37998899999999997	0.909673	0.16764	0.0	0.103625	0.221958	-0.969534	0.0	-0.919168	-0.35104	-0.178606	0.0	1.25901	0.0312756	-1.39049	0.358333	
0	0.9537889999999999	0.28379099999999996	-0.0987416	0.0	0.20511999999999997	-0.37480399999999997	0.9041290000000001	0.0	0.219575	-0.882601	-0.415695	0.0	-2.8923799999999997	-2.69683	-1.24068	0.175678	-0.37637800000000005	0.910591	0.17077799999999999	0.0	0.10280299999999999	0.224242	-0.969096	0.0	-0.920745	-0.34719	-0.17801199999999998	0.0	1.25406	0.019175900000000003	-1.4007399999999999	0.358195	
0	0.951269	0.305671	-0.040650099999999995	0.0	0.181748	-0.449288	0.874705	0.0	0.249108	-0.839467	-0.48294899999999996	0.0	-3.0486400000000002	-2.19255	-1.02959	0.175691	-0.371872	0.911307	0.176722	0.0	0.10040299999999999	0.228744	-0.9682950000000001	0.0	-0.922839	-0.34233800000000003	-0.176561	0.0	1.24484	-0.0032718000000000005	-1.41468	0.358149	
0	0.925583	0.376348	0.040717800000000005	0.0	0.157198	-0.479987	0.8630770000000001	0.0	0.344362	-0.792449	-0.503429	0.0	-2.96038	-1.9206299999999998	-0.986684	0.175702	-0.36471	0.914568	0.174792	0.0	0.0954367	0.223451	-0.970032	0.0	-0.926217	-0.337099	-0.16877799999999998	0.0	1.2263	-0.0541862	-1.42006	0.358295	
1	0.8925870000000001	0.432683	0.126779	0.0	0.129752	-0.515795	0.846829	0.0	0.43180100000000005	-0.7394189999999999	-0.516534	0.0	-2.80897	-1.67997	-0.9784299999999999	0.175688	-0.359967	0.9167200000000001	0.173345	0.0	0.0938069	0.22042199999999998	-0.9708829999999999	0.0	-0.9282370000000001	-0.333225	-0.165339	0.0	1.21983	-0.07458610000000002	-1.41205	0.35813	
1	0.8336459999999999	0.502827	0.22847199999999998	0.0	0.0706469	-0.50736	0.858833	0.0	0.547762	-0.699822	-0.45848199999999995	0.0	-2.7144	-1.5533	-0.91975	0.175805	-0.35523000000000005	0.919839	0.166459	0.0	0.08819869999999999	0.21026	-0.973659	0.0	-0.930609	-0.331192	-0.155819	0.0	1.2161899999999999	-0.0898049	-1.4129200000000002	0.358164	
1	0.758504	0.562056	0.329796	0.0	-0.00245303	-0.503613	0.863926	0.0	0.651664	-0.6561	-0.380614	0.0	-2.61847	-1.4683899999999999	-0.819172	0.17568699999999998	-0.342926	0.9229280000000001	0.17494500000000002	0.0	0.08691979999999999	0.216615	-0.9723799999999999	0.0	-0.935333	-0.318248	-0.154504	0.0	1.21109	-0.10847000000000001	-1.42709	0.357597	
1	0.618376	0.6445609999999999	0.449614	0.0	-0.0754502	-0.520778	0.850351	0.0	0.7822520000000001	-0.55976	-0.273404	0.0	-2.61463	-1.41872	-0.826958	0.175803	-0.295563	0.9395040000000001	0.173131	0.0	0.07439950000000001	0.20331400000000002	-0.976283	0.0	-0.9524219999999999	-0.275672	-0.129991	0.0	1.17202	-0.216743	-1.4763	0.358967	
1	0.400996	0.797469	0.45082700000000003	0.0	-0.06966	-0.464157	0.8830100000000001	0.0	0.913427	-0.385488	-0.130574	0.0	-2.64689	-1.5017399999999999	-0.978699	0.17569200000000001	-0.224356	0.966835	0.12204200000000001	0.0	0.08080069999999999	0.143259	-0.986381	0.0	-0.971152	-0.21144000000000002	-0.11026199999999999	0.0	1.0417299999999998	-0.39718000000000003	-1.51043	0.359486	
1	0.219156	0.8982180000000001	0.381017	0.0	-0.0633561	-0.37658600000000003	0.924213	0.0	0.9736309999999999	-0.226687	-0.0256236	0.0	-2.71848	-1.69688	-1.1856799999999998	0.175806	-0.15501800000000002	0.987224	0.036853199999999996	0.0	0.122232	0.05618390000000001	-0.9909100000000001	0.0	-0.9803209999999999	-0.149104	-0.12938	0.0	0.879706	-0.579795	-1.6172600000000001	0.35928499999999997	
1	0.15424100000000002	0.923367	0.351571	0.0	-0.00834778	-0.354599	0.934981	0.0	0.9879979999999999	-0.147147	-0.0469855	0.0	-2.77719	-1.81933	-1.3813600000000001	0.17569300000000002	-0.11405699999999999	0.992152	-0.051236500000000004	0.0	0.146609	-0.0341995	-0.9886030000000001	0.0	-0.9825969999999999	-0.120268	-0.141558	0.0	0.7460859999999999	-0.7777390000000001	-1.70248	0.35944499999999996	
1	-0.05288240000000001	0.9583229999999999	0.28075100000000003	0.0	0.00819752	-0.28071799999999997	0.9597549999999999	0.0	0.998567	0.053055700000000004	0.00698933	0.0	-2.79222	-1.9494200000000002	-1.59796	0.175804	-0.0747783	0.988348	-0.132574	0.0	0.184622	-0.116927	-0.9758290000000001	0.0	-0.9799610000000001	-0.09744689999999999	-0.173727	0.0	0.595317	-0.9824870000000001	-1.7827400000000002	0.358774	
1	-0.23809	0.9531700000000001	0.186496	0.0	0.021572099999999997	-0.18678	0.982165	0.0	0.9710040000000001	0.237866	0.0239086	0.0	-2.81731	-1.9805	-1.8035700000000001	0.175796	-0.023118	0.979723	-0.19902	0.0	0.231454	-0.188419	-0.954425	0.0	-0.972571	-0.06812819999999999	-0.22240500000000002	0.0	0.417051	-1.19179	-1.8648	0.358048	
1	-0.314058	0.9449299999999999	0.0920562	0.0	0.041916800000000004	-0.0830671	0.995662	0.0	0.948478	0.316554	-0.0135207	0.0	-2.74706	-1.9736200000000002	-1.93772	0.174754	-0.00991315	0.9699530000000001	-0.243092	0.0	0.237842	-0.23384000000000002	-0.942736	0.0	-0.9712540000000001	-0.06716280000000001	-0.228377	0.0	0.228483	-1.31366	-1.8842599999999998	0.35796300000000003	
1	-0.338023	0.940702	0.028639599999999994	0.0	0.0123337	-0.0260005	0.9995860000000001	0.0	0.9410569999999999	0.338237	-0.00281358	0.0	-2.69539	-1.9319	-1.9977	0.174244	-0.0130764	0.9678	-0.251382	0.0	0.243378	-0.24076199999999998	-0.939575	0.0	-0.969844	-0.0734669	-0.232393	0.0	0.09816160000000002	-1.37747	-1.8142200000000002	0.35796300000000003	
1	-0.410495	0.907393	-0.09017289999999999	0.0	-0.0044013	0.0969157	0.995283	0.0	0.911852	0.408956	-0.0357899	0.0	-2.5964	-1.74725	-1.94564	0.17315	-0.00336686	0.969377	-0.245554	0.0	0.26143299999999997	-0.23616199999999998	-0.9358850000000001	0.0	-0.965216	-0.0673467	-0.252632	0.0	-0.00685653	-1.43354	-1.81342	0.357563	
1	-0.46735299999999996	0.8714879999999999	-0.148625	0.0	-0.007404000000000001	0.16425	0.986391	0.0	0.8840399999999999	0.46209300000000003	-0.07031010000000001	0.0	-2.63407	-1.60782	-1.90435	0.172501	0.00745782	0.9688979999999999	-0.24734699999999998	0.0	0.305424	-0.23774099999999998	-0.92206	0.0	-0.9521870000000001	-0.0686691	-0.297698	0.0	-0.0365335	-1.46476	-1.8710200000000001	0.35713	
1	-0.439824	0.8833190000000001	-0.16218	0.0	-0.0169393	0.17239300000000002	0.984883	0.0	0.8979239999999999	0.43592200000000003	-0.0608596	0.0	-2.61489	-1.59103	-1.8740599999999998	0.172404	0.0151945	0.965626	-0.25949	0.0	0.311717	-0.251161	-0.916379	0.0	-0.9500540000000001	-0.06696339999999999	-0.304818	0.0	-0.03901280000000001	-1.48189	-1.89778	0.35768099999999997	
1	-0.433938	0.8842559999999999	-0.172593	0.0	-0.0298449	0.17735599999999999	0.9836940000000001	0.0	0.9004479999999999	0.432014	-0.0505711	0.0	-2.60698	-1.58404	-1.83991	0.172394	0.016949099999999998	0.9664709999999999	-0.25621700000000003	0.0	0.323083	-0.24780100000000002	-0.913352	0.0	-0.946219	-0.0672988	-0.31645	0.0	-0.0732418	-1.5106600000000001	-1.9235799999999998	0.357238	
1	-0.463707	0.870423	-0.16535	0.0	-0.0206236	0.175973	0.9841790000000001	0.0	0.885749	0.45978	-0.0636488	0.0	-2.60676	-1.5847200000000001	-1.82297	0.172458	-0.00436133	0.972914	-0.231125	0.0	0.33616599999999996	-0.21625	-0.91664	0.0	-0.941793	-0.081694	-0.32611799999999996	0.0	-0.0915681	-1.5244	-1.93918	0.357127	
1	-0.46172700000000005	0.872459	-0.160076	0.0	-0.0216013	0.169351	0.9853190000000001	0.0	0.886759	0.45840600000000004	-0.0593476	0.0	-2.60322	-1.59561	-1.7942	0.172456	-0.100758	0.9910709999999999	-0.08732639999999998	0.0	0.31545700000000004	-0.0514202	-0.9475459999999999	0.0	-0.943576	-0.12302	-0.30746	0.0	-0.0698054	-1.58112	-1.9644599999999999	0.35602	
1	-0.43410200000000004	0.8848889999999999	-0.16889500000000002	0.0	-0.0284722	0.17391099999999998	0.98435	0.0	0.9004139999999999	0.43211700000000003	-0.0503007	0.0	-2.5946599999999997	-1.59404	-1.7963799999999999	0.172397	-0.167704	0.9854299999999999	0.028341700000000004	0.0	0.26513200000000003	0.07277339999999999	-0.961462	0.0	-0.949516	-0.153726	-0.273474	0.0	-0.070384	-1.61863	-1.91472	0.356396	
1	-0.43383	0.8853209999999999	-0.167329	0.0	-0.0286478	0.172068	0.984668	0.0	0.900539	0.431972	-0.0492858	0.0	-2.5906	-1.59866	-1.79158	0.172399	-0.214912	0.968073	0.129023	0.0	0.193906	0.171775	-0.965864	0.0	-0.95719	-0.182557	-0.22463200000000003	0.0	-0.09838	-1.66373	-1.7369599999999998	0.356821	
1	-0.465024	0.871043	-0.158229	0.0	-0.0192442	0.168742	0.9854729999999999	0.0	0.8850889999999999	0.46131300000000003	-0.0617067	0.0	-2.5895	-1.5976299999999999	-1.7967099999999998	0.172449	-0.279935	0.9214610000000001	0.269345	0.0	0.0702633	0.299475	-0.951514	0.0	-0.9574440000000001	-0.247437	-0.148578	0.0	-0.143795	-1.7314599999999998	-1.3640700000000001	0.357786	
1	-0.466793	0.869875	-0.159442	0.0	-0.0191157	0.170323	0.985203	0.0	0.8841600000000001	0.462934	-0.0628772	0.0	-2.5779	-1.6032600000000001	-1.80142	0.17244600000000002	-0.30309899999999995	0.887403	0.347342	0.0	0.0200594	0.370348	-0.9286760000000001	0.0	-0.9527479999999999	-0.274513	-0.130053	0.0	-0.173124	-1.7532	-1.2050100000000001	0.358027	
1	-0.47629399999999994	0.8627030000000001	-0.169965	0.0	-0.0156255	0.18496400000000002	0.982621	0.0	0.8791469999999999	0.47067200000000003	-0.0746171	0.0	-2.5385400000000002	-1.6098700000000001	-1.80803	0.172454	-0.372218	0.784968	0.49525600000000003	0.0	-0.0619971	0.511379	-0.857116	0.0	-0.9260729999999999	-0.349738	-0.141678	0.0	-0.25164699999999995	-1.8134400000000002	-0.8925040000000001	0.35894699999999996	
1	-0.454222	0.87075	-0.188355	0.0	-0.0231792	0.199801	0.979562	0.0	0.8905870000000001	0.449305	-0.07057089999999999	0.0	-2.50243	-1.6148200000000001	-1.80292	0.172345	-0.39765300000000003	0.717745	0.571589	0.0	-0.09384830000000001	0.5878770000000001	-0.803488	0.0	-0.912724	-0.373152	-0.16641199999999998	0.0	-0.290634	-1.80915	-0.811616	0.359043	
1	-0.48747700000000005	0.8350270000000001	-0.255141	0.0	-0.025834199999999998	0.278291	0.960149	0.0	0.8727540000000001	0.474642	-0.11408800000000001	0.0	-2.46135	-1.64715	-1.78676	0.172286	-0.44572700000000004	0.630267	0.635682	0.0	-0.112793	0.664922	-0.738347	0.0	-0.888035	-0.400801	-0.225284	0.0	-0.35441100000000003	-1.7363	-0.838335	0.359148	
1	-0.46604799999999996	0.8278459999999999	-0.312202	0.0	-0.0571212	0.323977	0.9443389999999999	0.0	0.882914	0.457941	-0.103701	0.0	-2.4275900000000004	-1.73065	-1.7969400000000002	0.172626	-0.48597799999999997	0.53393	0.691913	0.0	-0.12171300000000002	0.742627	-0.658552	0.0	-0.8654540000000001	-0.40425700000000003	-0.295914	0.0	-0.37288899999999997	-1.5887	-0.916025	0.358562	
1	-0.43443000000000004	0.844146	-0.314146	0.0	-0.07449789999999999	0.313907	0.946527	0.0	0.8976190000000001	0.43460299999999996	-0.0734838	0.0	-2.3923900000000002	-1.7860599999999998	-1.80149	0.172515	-0.514934	0.505784	0.692117	0.0	-0.105762	0.763734	-0.636808	0.0	-0.8506799999999999	-0.40111399999999997	-0.33978	0.0	-0.33510999999999996	-1.42254	-0.9460879999999999	0.35784	
1	-0.44291099999999994	0.842942	-0.305415	0.0	-0.06384580000000001	0.310131	0.948548	0.0	0.8942899999999999	0.439621	-0.0835424	0.0	-2.41858	-1.8084	-1.80044	0.172744	-0.532539	0.48193400000000003	0.695804	0.0	-0.0961693	0.782292	-0.6154430000000001	0.0	-0.840925	-0.394662	-0.37025399999999997	0.0	-0.288044	-1.28898	-0.952147	0.35788600000000004	
1	-0.43648100000000006	0.8385299999999999	-0.32611799999999996	0.0	-0.06978530000000001	0.329823	0.9414600000000001	0.0	0.8970030000000001	0.433687	-0.0854447	0.0	-2.4397900000000003	-1.86185	-1.8110099999999998	0.172768	-0.535698	0.48003599999999996	0.694689	0.0	-0.0967095	0.7824	-0.615221	0.0	-0.8388530000000001	-0.396756	-0.372707	0.0	-0.243083	-1.19666	-0.940599	0.357797	
1	-0.42419700000000005	0.840625	-0.336758	0.0	-0.08274630000000001	0.334338	0.9388139999999999	0.0	0.9017809999999999	0.426108	-0.0722665	0.0	-2.43832	-1.88907	-1.81942	0.172572	-0.535483	0.47676599999999997	0.697103	0.0	-0.09320260000000001	0.7870149999999999	-0.609853	0.0	-0.8393870000000001	-0.391538	-0.376998	0.0	-0.240479	-1.16815	-0.943852	0.35786999999999997	
1	-0.437741	0.8265549999999999	-0.35381999999999997	0.0	-0.0805935	0.35586999999999996	0.931054	0.0	0.895481	0.436076	-0.08916410000000001	0.0	-2.41478	-1.89635	-1.80962	0.172943	-0.52754	0.473818	0.705122	0.0	-0.0975971	0.790717	-0.604353	0.0	-0.8439049999999999	-0.38763800000000004	-0.370892	0.0	-0.28430500000000003	-1.18767	-1.0062799999999998	0.357063	
1	-0.425171	0.830074	-0.36084	0.0	-0.09201469999999999	0.356964	0.929575	0.0	0.900424	0.42843100000000006	-0.0753915	0.0	-2.3969	-1.89648	-1.8123	0.172796	-0.523965	0.47568599999999994	0.706529	0.0	-0.09927949999999999	0.78975	-0.605342	0.0	-0.845934	-0.387322	-0.366575	0.0	-0.30199299999999996	-1.20885	-1.0306	0.356896	
1	-0.462267	0.794269	-0.39426700000000003	0.0	-0.08506939999999999	0.402852	0.9113030000000001	0.0	0.8826510000000001	0.454805	-0.118657	0.0	-2.32007	-1.89697	-1.8183900000000002	0.172975	-0.510225	0.476099	0.71624	0.0	-0.090049	0.798647	-0.595024	0.0	-0.8553139999999999	-0.368093	-0.364618	0.0	-0.38505700000000004	-1.25485	-1.08925	0.356732	
1	-0.46841800000000006	0.774005	-0.426029	0.0	-0.10258199999999999	0.431295	0.8963610000000001	0.0	0.877531	0.463574	-0.122628	0.0	-2.20673	-1.87558	-1.80887	0.172861	-0.50334	0.474891	0.721892	0.0	-0.0845822	0.804347	-0.588108	0.0	-0.8599389999999999	-0.357077	-0.364693	0.0	-0.431954	-1.29227	-1.0965	0.35678499999999996	
1	-0.499604	0.737727	-0.45404399999999995	0.0	-0.10078200000000001	0.47108599999999995	0.8763110000000001	0.0	0.8603709999999999	0.48356800000000005	-0.16100699999999998	0.0	-2.09743	-1.8287799999999999	-1.7669400000000002	0.173118	-0.505152	0.47272700000000006	0.722046	0.0	-0.09373510000000002	0.801638	-0.5904149999999999	0.0	-0.857925	-0.36593000000000003	-0.360638	0.0	-0.502219	-1.4048200000000002	-1.11446	0.357658	
1	-0.492436	0.701293	-0.5154569999999999	0.0	-0.142423	0.519329	0.842623	0.0	0.858617	0.48835100000000004	-0.155857	0.0	-2.07143	-1.83028	-1.7631299999999999	0.169674	-0.50321	0.468105	0.7264	0.0	-0.0872949	0.808746	-0.581643	0.0	-0.8597440000000001	-0.3561	-0.366106	0.0	-0.480338	-1.42141	-1.09713	0.359371	
1	-0.509308	0.682999	-0.523563	0.0	-0.126825	0.542169	0.830643	0.0	0.851188	0.489454	-0.18950999999999998	0.0	-2.0701099999999997	-1.83726	-1.75385	0.170123	-0.503472	0.466087	0.7275159999999999	0.0	-0.0868803	0.810443	-0.57934	0.0	-0.859632	-0.35488800000000004	-0.367541	0.0	-0.488088	-1.41475	-1.09647	0.359711	
1	-0.551571	0.588867	-0.590767	0.0	-0.162673	0.6187060000000001	0.7685960000000001	0.0	0.818112	0.520037	-0.245468	0.0	-2.1357	-1.75964	-1.77813	0.17247200000000001	-0.506234	0.452904	0.733897	0.0	-0.07191410000000001	0.8258639999999999	-0.559264	0.0	-0.859392	-0.33589600000000003	-0.385511	0.0	-0.44728999999999997	-1.48061	-1.13226	0.35822600000000004	
1	-0.558578	0.584543	-0.5884729999999999	0.0	-0.159946	0.6202479999999999	0.767926	0.0	0.813884	0.52307	-0.25296199999999996	0.0	-2.1613599999999997	-1.7323099999999998	-1.7526599999999999	0.172541	-0.507339	0.44986800000000005	0.735001	0.0	-0.0724824	0.8276209999999999	-0.556588	0.0	-0.858693	-0.33565300000000003	-0.387276	0.0	-0.43670600000000004	-1.50468	-1.16236	0.35852	
1	-0.560846	0.5719	-0.59865	0.0	-0.163925	0.6320560000000001	0.757386	0.0	0.81153	0.522911	-0.260738	0.0	-2.1528400000000003	-1.68957	-1.69818	0.17264300000000002	-0.520515	0.44018599999999997	0.731642	0.0	-0.08193969999999999	0.827166	-0.555952	0.0	-0.8499120000000001	-0.34933200000000003	-0.394484	0.0	-0.499875	-1.59417	-1.26899	0.357329	
1	-0.545301	0.587813	-0.597597	0.0	-0.169347	0.620965	0.7653260000000001	0.0	0.8209559999999999	0.518534	-0.239069	0.0	-2.16217	-1.67205	-1.68795	0.17196199999999998	-0.5313100000000001	0.43064399999999997	0.7295590000000001	0.0	-0.08568189999999999	0.829432	-0.5519970000000001	0.0	-0.842834	-0.35579099999999997	-0.403787	0.0	-0.481151	-1.63351	-1.30895	0.357754	
1	-0.555701	0.581647	-0.59404	0.0	-0.158274	0.62744	0.76241	0.0	0.816178	0.5176930000000001	-0.25660900000000003	0.0	-2.15672	-1.66155	-1.6862700000000002	0.172982	-0.5483140000000001	0.412127	0.7276699999999999	0.0	-0.0955798	0.833549	-0.544114	0.0	-0.830793	-0.367896	-0.417655	0.0	-0.471758	-1.65038	-1.3542	0.35730700000000004	
1	-0.52837	0.581306	-0.618797	0.0	-0.180097	0.6355149999999999	0.75079	0.0	0.829693	0.508138	-0.231095	0.0	-2.1457200000000003	-1.6361299999999999	-1.6822599999999999	0.172714	-0.571673	0.400161	0.716283	0.0	-0.0889583	0.837627	-0.53895	0.0	-0.815645	-0.371822	-0.443251	0.0	-0.451798	-1.64215	-1.40465	0.35746999999999995	
1	-0.558787	0.571763	-0.600704	0.0	-0.173766	0.6275390000000001	0.758947	0.0	0.8109029999999999	0.528471	-0.251307	0.0	-2.13807	-1.61943	-1.6885700000000001	0.172093	-0.577819	0.395498	0.713937	0.0	-0.086061	0.8403450000000001	-0.535177	0.0	-0.811615	-0.370677	-0.45153000000000004	0.0	-0.43156300000000003	-1.63822	-1.43185	0.357052	
1	-0.545007	0.555557	-0.627953	0.0	-0.195595	0.644049	0.739556	0.0	0.815298	0.525888	-0.24234699999999998	0.0	-2.12515	-1.6090200000000001	-1.64895	0.17260899999999998	-0.5885729999999999	0.376273	0.715542	0.0	-0.09234730000000001	0.848	-0.521888	0.0	-0.8031520000000001	-0.373248	-0.464363	0.0	-0.413642	-1.6359700000000001	-1.4680799999999998	0.356846	
1	-0.558765	0.542814	-0.627004	0.0	-0.186325	0.6545449999999999	0.732704	0.0	0.808124	0.5262359999999999	-0.26459699999999997	0.0	-2.1263900000000002	-1.62411	-1.6433799999999998	0.172989	-0.5976279999999999	0.357048	0.717884	0.0	-0.0987427	0.855778	-0.507833	0.0	-0.79567	-0.374381	-0.476181	0.0	-0.414637	-1.62919	-1.4774100000000001	0.35678499999999996	
