0	0.486667	0.817429	-0.308166	0.0	0.5501	-0.012718	0.835002	0.0	0.678635	-0.57589	-0.45585699999999996	0.0	-2.7189400000000004	2.04943	1.37174	-4.33922e-05	-0.593133	0.516197	-0.617847	0.0	0.750577	0.0769177	-0.656291	0.0	-0.291252	-0.853009	-0.433069	0.0	2.66032	2.0	1.53809	0.0	
0	0.0791323	0.974284	0.210972	0.0	0.279132	-0.224825	0.9335629999999999	0.0	0.956987	-0.0149862	-0.289745	0.0	-2.76173	2.03289	1.4216600000000001	0.0	-0.587359	0.753376	-0.295694	0.0	0.5543319999999999	0.10828299999999999	-0.8252219999999999	0.0	-0.589683	-0.648614	-0.481221	0.0	2.58775	2.03393	1.52904	0.0	
0	0.0804605	0.972159	0.220074	0.0	0.26659299999999997	-0.233735	0.9350379999999999	0.0	0.9604450000000001	-0.016563400000000002	-0.277977	0.0	-2.78308	1.9944099999999998	1.42415	0.0	-0.106824	0.887165	0.448917	0.0	0.0269113	0.45391499999999996	-0.890639	0.0	-0.993914	-0.083061	-0.0723639	0.0	2.64351	1.9123900000000003	1.61432	-0.00034526699999999996	
0	0.07792310000000001	0.973992	0.212763	0.0	0.26895399999999997	-0.226037	0.9362540000000001	0.0	0.959996	-0.0157327	-0.279572	0.0	-2.7728900000000003	1.99825	1.43126	0.0	-0.10703900000000001	0.87529	0.471604	0.0	-0.00589487	0.473762	-0.880633	0.0	-0.994237	-0.0970419	-0.04555119999999999	0.0	2.65128	1.8848200000000002	1.6191799999999998	0.0	
0	0.0841328	0.9735309999999999	0.212506	0.0	0.27588	-0.227683	0.933837	0.0	0.9575030000000001	-0.0199401	-0.287734	0.0	-2.76542	2.00869	1.44287	0.0	-0.10933399999999999	0.8753120000000001	0.47103599999999995	0.0	-0.00488317	0.47339799999999993	-0.880835	0.0	-0.993993	-0.0986049	-0.0474842	0.0	2.6510000000000002	1.8960400000000002	1.62798	0.0	
0	0.08904989999999999	0.9719969999999999	0.217469	0.0	0.281453	-0.233994	0.930608	0.0	0.955434	-0.0216632	-0.29440900000000003	0.0	-2.75948	2.01418	1.45499	0.0	-0.115418	0.8746209999999999	0.470869	0.0	0.014474200000000001	0.47546700000000003	-0.8796149999999999	0.0	-0.9932120000000001	-0.0947078	-0.06753680000000001	0.0	2.68054	1.9116900000000001	1.60897	0.165736	
0	0.0937596	0.952468	0.28985	0.0	0.30902199999999996	-0.304595	0.9009590000000001	0.0	0.946422	0.00509664	-0.322892	0.0	-2.76016	2.0487	1.45576	0.147585	-0.11778599999999999	0.884767	0.450903	0.0	0.0591452	0.45950799999999997	-0.886202	0.0	-0.991276	-0.07771360000000001	-0.10645299999999999	0.0	2.714	1.9562	1.56435	0.324794	
0	0.116648	0.918336	0.378223	0.0	0.26055	-0.39578	0.880609	0.0	0.9583879999999999	-0.00417605	-0.285439	0.0	-2.72455	1.9845599999999999	1.44018	0.342415	-0.119394	0.8752639999999999	0.46867700000000007	0.0	0.09300119999999999	0.479837	-0.8724149999999999	0.0	-0.988482	-0.0605736	-0.13869	0.0	2.72967	1.9327599999999998	1.43561	0.354747	
0	0.311803	0.8588950000000001	0.406298	0.0	0.26548	-0.489339	0.8307030000000001	0.0	0.9123049999999999	-0.151152	-0.380596	0.0	-2.6908	1.8599299999999999	1.3038299999999998	0.345188	-0.171507	0.864524	0.472423	0.0	0.11121700000000001	0.493453	-0.862633	0.0	-0.978885	-0.09540560000000001	-0.180781	0.0	2.7078900000000004	1.7889400000000002	1.2886799999999998	0.355506	
0	0.415679	0.8105220000000001	0.412631	0.0	0.22402600000000003	-0.5309510000000001	0.817254	0.0	0.881489	-0.247275	-0.40228400000000003	0.0	-2.62502	1.5858299999999999	1.06308	0.347172	-0.234801	0.8448049999999999	0.48080500000000004	0.0	0.0923918	0.51179	-0.8541280000000001	0.0	-0.967643	-0.156127	-0.198222	0.0	2.64498	1.5312	1.1034700000000002	0.356083	
0	0.540326	0.74182	0.39718000000000003	0.0	0.166291	-0.556843	0.813802	0.0	0.8248610000000001	-0.37367100000000003	-0.42423500000000003	0.0	-2.59734	1.19221	0.798136	0.347706	-0.307979	0.8341729999999999	0.45749700000000004	0.0	0.0793849	0.501725	-0.8613770000000001	0.0	-0.948075	-0.22896799999999998	-0.220742	0.0	2.52734	1.15324	0.8674270000000001	0.356542	
0	0.643071	0.6764720000000001	0.358951	0.0	0.120919	-0.552537	0.8246709999999999	0.0	0.7562	-0.486918	-0.437119	0.0	-2.53877	0.76922	0.584583	0.34878200000000004	-0.416914	0.803297	0.42532	0.0	0.0536524	0.488859	-0.870711	0.0	-0.9073610000000001	-0.340192	-0.24691100000000002	0.0	2.3952400000000003	0.722114	0.626332	0.355428	
0	0.77649	0.552975	0.302128	0.0	0.0673814	-0.549586	0.832715	0.0	0.626517	-0.626237	-0.464009	0.0	-2.54491	0.338737	0.358097	0.348498	-0.557375	0.743741	0.369029	0.0	0.025361500000000002	0.45951800000000004	-0.887806	0.0	-0.829873	-0.48548199999999997	-0.274986	0.0	2.22313	0.149607	0.295618	0.356023	
0	0.882324	0.419757	0.21285700000000002	0.0	0.033376800000000005	-0.506937	0.8613370000000001	0.0	0.46945699999999996	-0.7528739999999999	-0.461293	0.0	-2.5828599999999997	-0.06801499999999999	0.205844	0.347747	-0.701507	0.629498	0.334097	0.0	-0.0173165	0.45360600000000006	-0.891034	0.0	-0.712453	-0.6308520000000001	-0.307307	0.0	2.09845	-0.377175	-0.0208817	0.35544899999999996	
0	0.956825	0.259793	0.13036199999999998	0.0	0.0130779	-0.486519	0.8735719999999999	0.0	0.290371	-0.83415	-0.46891099999999997	0.0	-2.67639	-0.45446099999999995	-0.0292392	0.347246	-0.8158989999999999	0.496252	0.296721	0.0	-0.066139	0.429713	-0.90054	0.0	-0.574399	-0.754375	-0.317781	0.0	1.9950700000000001	-0.8667100000000001	-0.27187	0.355214	
0	0.983756	0.153445	0.09316260000000001	0.0	-0.0113683	-0.46468100000000007	0.8854049999999999	0.0	0.179152	-0.872082	-0.455388	0.0	-2.79601	-0.8151109999999999	-0.28583200000000003	0.340891	-0.8402430000000001	0.449772	0.302816	0.0	-0.0943172	0.428727	-0.8984969999999999	0.0	-0.533945	-0.783516	-0.317814	0.0	1.9416	-1.1665299999999998	-0.42907700000000004	0.354765	
0	0.9934059999999999	0.0917748	0.0687148	0.0	-0.0265793	-0.398667	0.916711	0.0	0.111525	-0.912492	-0.393599	0.0	-2.85252	-1.1923	-0.48643100000000006	0.339924	-0.8546239999999999	0.427461	0.294781	0.0	-0.10378599999999999	0.415627	-0.903595	0.0	-0.50877	-0.8028270000000001	-0.31084	0.0	1.86791	-1.36178	-0.5000100000000001	0.35492199999999996	
0	0.992707	0.0611242	0.103906	0.0	-0.0731807	-0.37939	0.9223389999999999	0.0	0.0957982	-0.923216	-0.37215	0.0	-2.88804	-1.56677	-0.733378	0.343906	-0.856943	0.422788	0.29478699999999997	0.0	-0.113473	0.40315100000000004	-0.908071	0.0	-0.502765	-0.811616	-0.297503	0.0	1.78027	-1.5148700000000002	-0.501867	0.355112	
0	0.9929680000000001	0.037399199999999994	0.11232400000000001	0.0	-0.09281519999999999	-0.343041	0.934724	0.0	0.07348969999999999	-0.9385760000000001	-0.337158	0.0	-2.89552	-1.88323	-0.974158	0.346314	-0.8626440000000001	0.40865	0.298078	0.0	-0.129603	0.391059	-0.9111950000000001	0.0	-0.488926	-0.8246690000000001	-0.284382	0.0	1.70313	-1.63629	-0.485651	0.35573899999999997	
0	0.989975	0.0415407	0.134994	0.0	-0.11791700000000001	-0.283021	0.951838	0.0	0.0777461	-0.9582139999999999	-0.27528600000000003	0.0	-2.80516	-2.20702	-1.11895	0.346294	-0.86101	0.41108900000000004	0.29944499999999996	0.0	-0.135123	0.382715	-0.913932	0.0	-0.49031	-0.8273659999999999	-0.273974	0.0	1.6811599999999998	-1.71108	-0.43883500000000003	0.356155	
0	0.97482	0.06441419999999999	0.21348699999999998	0.0	-0.194313	-0.224307	0.95495	0.0	0.109399	-0.9723870000000001	-0.20614200000000002	0.0	-2.58901	-2.61977	-1.2013	0.346589	-0.8589319999999999	0.41561899999999996	0.29916	0.0	-0.13586700000000002	0.378297	-0.915659	0.0	-0.493737	-0.8271350000000001	-0.268462	0.0	1.67727	-1.7289900000000002	-0.40525100000000003	0.356288	
0	0.9613440000000001	0.0777267	0.264151	0.0	-0.246459	-0.18487699999999999	0.951356	0.0	0.122781	-0.979683	-0.158574	0.0	-2.46386	-3.00502	-1.28352	0.347452	-0.855368	0.424633	0.29670100000000005	0.0	-0.136302	0.368087	-0.919747	0.0	-0.499766	-0.8271629999999999	-0.256972	0.0	1.66871	-1.71475	-0.368653	0.35652399999999995	
0	0.9593	0.0792823	0.27103	0.0	-0.24971	-0.210011	0.9452719999999999	0.0	0.131863	-0.9744790000000001	-0.18166600000000002	0.0	-2.47788	-3.2709900000000003	-1.4536	0.352597	-0.8490280000000001	0.43595600000000007	0.29848600000000003	0.0	-0.140254	0.358705	-0.9228540000000001	0.0	-0.509392	-0.825393	-0.24340599999999998	0.0	1.62982	-1.7121400000000002	-0.324291	0.356856	
0	0.9598399999999999	0.07317330000000001	0.270837	0.0	-0.24930700000000003	-0.22025	0.9430459999999999	0.0	0.128658	-0.9726950000000001	-0.193162	0.0	-2.4993	-3.35871	-1.51955	0.347014	-0.8512629999999999	0.43376099999999995	0.295302	0.0	-0.141469	0.35221399999999997	-0.9251659999999999	0.0	-0.50531	-0.8293360000000001	-0.238463	0.0	1.6228	-1.70442	-0.24745599999999998	0.357021	
0	0.9625469999999999	0.057835500000000005	0.264875	0.0	-0.24516500000000002	-0.23143200000000003	0.9414530000000001	0.0	0.11575	-0.9711299999999999	-0.208585	0.0	-2.5234900000000002	-3.36105	-1.53824	0.34729699999999997	-0.8529049999999999	0.430642	0.295128	0.0	-0.14169600000000002	0.353136	-0.9247799999999999	0.0	-0.50247	-0.830567	-0.24017199999999997	0.0	1.63216	-1.7077099999999998	-0.21535700000000002	0.356954	
0	0.9653510000000001	0.0576834	0.25450100000000003	0.0	-0.23523400000000003	-0.22985799999999998	0.944368	0.0	0.112973	-0.971513	-0.208325	0.0	-2.59115	-3.3578300000000003	-1.54472	0.349086	-0.853447	0.429015	0.295928	0.0	-0.142355	0.354325	-0.9242229999999999	0.0	-0.501361	-0.8309030000000001	-0.241326	0.0	1.6513099999999998	-1.71702	-0.212216	0.35684899999999997	
0	0.976759	0.057601599999999996	0.20645700000000003	0.0	-0.187365	-0.238355	0.952933	0.0	0.1041	-0.969468	-0.22202199999999997	0.0	-2.6131599999999997	-3.32785	-1.5878	0.355951	-0.8519059999999999	0.431547	0.296689	0.0	-0.14218499999999998	0.354653	-0.924124	0.0	-0.504025	-0.829451	-0.24077199999999999	0.0	1.65957	-1.72963	-0.21513200000000002	0.356903	
0	0.9800610000000001	0.064454	0.18795	0.0	-0.167294	-0.24268	0.955573	0.0	0.10720199999999999	-0.9679629999999999	-0.227059	0.0	-2.6107099999999996	-3.31859	-1.56979	0.35613	-0.8506100000000001	0.434118	0.296656	0.0	-0.14158199999999999	0.354254	-0.924369	0.0	-0.5063770000000001	-0.8282780000000001	-0.239869	0.0	1.6493799999999998	-1.72905	-0.212889	0.35682800000000003	
0	0.9822879999999999	0.06552949999999999	0.175545	0.0	-0.155133	-0.241015	0.9580420000000001	0.0	0.10508900000000002	-0.968306	-0.226581	0.0	-2.6678599999999997	-3.28841	-1.50768	0.35585700000000003	-0.84967	0.435697	0.297034	0.0	-0.142155	0.35318099999999997	-0.924692	0.0	-0.507792	-0.827908	-0.23815	0.0	1.63675	-1.72636	-0.20764899999999997	0.35697199999999996	
0	0.9832270000000001	0.09211910000000001	0.15741	0.0	-0.13325599999999999	-0.226438	0.964867	0.0	0.124526	-0.9696600000000001	-0.210364	0.0	-2.69912	-3.25645	-1.4642	0.348684	-0.8485879999999999	0.43699799999999994	0.298215	0.0	-0.142841	0.35349400000000003	-0.924466	0.0	-0.5094069999999999	-0.8270879999999999	-0.23755	0.0	1.6279700000000001	-1.7228	-0.205148	0.356993	
0	0.9832360000000001	0.0922235	0.157296	0.0	-0.133169	-0.226068	0.964966	0.0	0.124552	-0.969736	-0.209997	0.0	-2.69999	-3.2560700000000002	-1.46485	0.34886	-0.8486020000000001	0.43697600000000003	0.298207	0.0	-0.142846	0.353483	-0.9244700000000001	0.0	-0.509383	-0.8271040000000001	-0.237546	0.0	1.62828	-1.72217	-0.205215	0.356973	
0	0.9832360000000001	0.092205	0.157309	0.0	-0.133184	-0.226077	0.9649620000000001	0.0	0.12453800000000001	-0.969736	-0.210006	0.0	-2.69999	-3.2561299999999997	-1.4649	0.34886	-0.8486020000000001	0.436975	0.298207	0.0	-0.142847	0.353482	-0.9244700000000001	0.0	-0.509382	-0.827105	-0.23754499999999998	0.0	1.62829	-1.7221799999999998	-0.205225	0.35697399999999996	
0	0.9832360000000001	0.092205	0.157309	0.0	-0.133184	-0.226077	0.9649620000000001	0.0	0.12453800000000001	-0.969736	-0.210006	0.0	-2.69999	-3.2561299999999997	-1.4649	0.34886	-0.8486020000000001	0.436975	0.298207	0.0	-0.142847	0.353482	-0.9244700000000001	0.0	-0.509382	-0.827105	-0.23754499999999998	0.0	1.62829	-1.7221799999999998	-0.205225	0.356973	
0	0.9832360000000001	0.092205	0.157309	0.0	-0.133184	-0.226077	0.9649620000000001	0.0	0.12453800000000001	-0.969736	-0.210006	0.0	-2.69999	-3.2561299999999997	-1.4649	0.34886	-0.8486020000000001	0.436975	0.298207	0.0	-0.142847	0.353482	-0.9244700000000001	0.0	-0.509382	-0.827105	-0.23754499999999998	0.0	1.62829	-1.7221799999999998	-0.20522600000000002	0.35697399999999996	
0	0.9832360000000001	0.092205	0.157309	0.0	-0.133184	-0.226077	0.9649620000000001	0.0	0.12453800000000001	-0.969736	-0.210006	0.0	-2.69999	-3.2561299999999997	-1.4649	0.34886	-0.8486020000000001	0.436975	0.298207	0.0	-0.142847	0.353482	-0.9244700000000001	0.0	-0.509382	-0.827105	-0.23754499999999998	0.0	1.62829	-1.7221799999999998	-0.20522600000000002	0.356973	
0	0.9832360000000001	0.092205	0.157309	0.0	-0.133184	-0.226077	0.9649620000000001	0.0	0.12453800000000001	-0.969736	-0.210006	0.0	-2.69999	-3.2561299999999997	-1.4649	0.34886	-0.8486020000000001	0.436975	0.298207	0.0	-0.142847	0.353482	-0.9244700000000001	0.0	-0.509382	-0.827105	-0.23754499999999998	0.0	1.62829	-1.7221799999999998	-0.205225	0.35697399999999996	
0	0.9832360000000001	0.092205	0.157309	0.0	-0.133184	-0.226077	0.9649620000000001	0.0	0.12453800000000001	-0.969736	-0.210006	0.0	-2.69999	-3.2561299999999997	-1.4649	0.34886	-0.8486020000000001	0.436975	0.298207	0.0	-0.142847	0.353482	-0.9244700000000001	0.0	-0.509382	-0.827105	-0.23754499999999998	0.0	1.62829	-1.7221799999999998	-0.205225	0.35697399999999996	
0	0.9832360000000001	0.092205	0.157309	0.0	-0.133184	-0.226077	0.9649620000000001	0.0	0.12453800000000001	-0.969736	-0.210006	0.0	-2.69999	-3.2561299999999997	-1.4649	0.34886	-0.8486020000000001	0.436975	0.298207	0.0	-0.142847	0.353482	-0.9244700000000001	0.0	-0.509382	-0.827105	-0.23754499999999998	0.0	1.62829	-1.7221799999999998	-0.205225	0.356973	
0	0.9832360000000001	0.092205	0.157309	0.0	-0.133184	-0.226077	0.9649620000000001	0.0	0.12453800000000001	-0.969736	-0.210006	0.0	-2.69999	-3.2561299999999997	-1.4649	0.34886	-0.8486020000000001	0.436975	0.298207	0.0	-0.142847	0.353482	-0.9244700000000001	0.0	-0.509382	-0.827105	-0.23754499999999998	0.0	1.62829	-1.7221799999999998	-0.205225	0.35697399999999996	
0	0.9566790000000001	0.291142	0.00138545	0.0	0.057754599999999996	-0.194439	0.9792129999999999	0.0	0.28536	-0.9367120000000001	-0.20282999999999998	0.0	-2.68457	-3.3248699999999998	-1.531	0.349031	-0.8163020000000001	0.523961	0.243137	0.0	-0.0673183	0.331762	-0.940958	0.0	-0.573689	-0.784474	-0.23554499999999998	0.0	1.6173	-1.75565	-0.15793800000000002	0.357933	
0	0.961144	0.27555	0.016534599999999997	0.0	0.034694199999999994	-0.180005	0.9830540000000001	0.0	0.273857	-0.944283	-0.182571	0.0	-2.70404	-3.4790099999999997	-1.5721	0.350353	-0.805629	0.540814	0.24183000000000002	0.0	-0.06429349999999999	0.32598	-0.9431879999999999	0.0	-0.588921	-0.775408	-0.227848	0.0	1.5993899999999999	-1.76413	-0.14802300000000002	0.35820799999999997	
0	0.9718049999999999	0.234519	0.0244268	0.0	0.014341999999999999	-0.162198	0.9866540000000001	0.0	0.23535100000000003	-0.958485	-0.16098800000000002	0.0	-2.68704	-3.61325	-1.58607	0.35223699999999997	-0.799121	0.549255	0.244387	0.0	-0.063713	0.32685	-0.942926	0.0	-0.597785	-0.7690819999999999	-0.226198	0.0	1.57047	-1.7594599999999998	-0.134096	0.358245	
0	0.975556	0.219164	0.0160764	0.0	0.015164500000000001	-0.140122	0.9900180000000001	0.0	0.219229	-0.9655739999999999	-0.14002	0.0	-2.6728400000000003	-3.61489	-1.60511	0.350638	-0.793373	0.55704	0.24548899999999999	0.0	-0.0658752	0.322344	-0.9443280000000001	0.0	-0.60516	-0.7653760000000001	-0.21904400000000002	0.0	1.53019	-1.7477099999999999	-0.11819	0.35838400000000004	
0	0.981124	0.193331	0.00438999	0.0	0.0202642	-0.125361	0.9919040000000001	0.0	0.19231600000000001	-0.973092	-0.126913	0.0	-2.65029	-3.61478	-1.6166399999999999	0.34875700000000004	-0.792705	0.558353	0.244666	0.0	-0.0654521	0.321075	-0.944789	0.0	-0.606082	-0.764953	-0.21797199999999997	0.0	1.5041	-1.74365	-0.10729000000000001	0.358392	
0	0.983866	0.178903	0.00152452	0.0	0.0205423	-0.121428	0.9923879999999999	0.0	0.177726	-0.976345	-0.123144	0.0	-2.6352599999999997	-3.61406	-1.61995	0.346873	-0.793741	0.5568390000000001	0.244756	0.0	-0.0662375	0.320867	-0.9448049999999999	0.0	-0.604638	-0.766143	-0.217802	0.0	1.4964600000000001	-1.74301	-0.09436989999999999	0.358511	
0	0.986592	0.162192	-0.01818	0.0	0.037057400000000004	-0.11413599999999999	0.9927739999999999	0.0	0.158945	-0.980136	-0.11861600000000001	0.0	-2.61535	-3.6152	-1.62554	0.346039	-0.795205	0.555736	0.2425	0.0	-0.0659093	0.318345	-0.945681	0.0	-0.602748	-0.767993	-0.216521	0.0	1.50682	-1.75111	-0.09270930000000001	0.358594	
0	0.9873770000000001	0.157021	-0.020754400000000003	0.0	0.0350022	-0.08852539999999999	0.995459	0.0	0.15447	-0.98362	-0.092904	0.0	-2.6116	-3.61921	-1.6483299999999999	0.34424099999999996	-0.7950729999999999	0.556823	0.240432	0.0	-0.0640755	0.31708400000000003	-0.9462309999999999	0.0	-0.603121	-0.767728	-0.21642600000000004	0.0	1.51754	-1.75177	-0.09050119999999999	0.358272	
0	0.989052	0.135727	-0.057913599999999996	0.0	0.061739499999999996	-0.0241468	0.9978	0.0	0.13402999999999998	-0.990452	-0.032262200000000005	0.0	-2.59324	-3.63288	-1.6947	0.340528	-0.789676	0.562898	0.244046	0.0	-0.0630125	0.321262	-0.944892	0.0	-0.61028	-0.761536	-0.218223	0.0	1.52037	-1.75758	-0.110529	0.358302	
0	0.988041	0.12879000000000002	-0.0847812	0.0	0.0846142	0.00677754	0.996391	0.0	0.1289	-0.991649	-0.00420098	0.0	-2.57895	-3.6429699999999996	-1.7144599999999999	0.341391	-0.782931	0.570946	0.24706199999999998	0.0	-0.061010699999999994	0.324754	-0.9438290000000001	0.0	-0.61911	-0.754026	-0.219426	0.0	1.50968	-1.78805	-0.13525399999999999	0.358141	
0	0.989014	0.115875	-0.09178650000000001	0.0	0.0909051	0.012879399999999997	0.995776	0.0	0.116567	-0.99318	0.00220429	0.0	-2.5691900000000003	-3.63176	-1.7425099999999998	0.316695	-0.777357	0.579104	0.245673	0.0	-0.0565894	0.324579	-0.9441639999999999	0.0	-0.62651	-0.747855	-0.219543	0.0	1.48815	-1.8265200000000001	-0.148869	0.357888	
0	0.988477	0.10989600000000001	-0.104092	0.0	0.101828	0.026029300000000002	0.994461	0.0	0.111997	-0.9936020000000001	0.0145389	0.0	-2.57342	-3.6124300000000003	-1.8052599999999999	0.239538	-0.77371	0.584801	0.24368099999999998	0.0	-0.0568984	0.318938	-0.946066	0.0	-0.630979	-0.745846	-0.213491	0.0	1.48211	-1.84097	-0.13580699999999998	0.357848	
0	0.9864200000000001	0.105084	-0.126222	0.0	0.11414	0.11399300000000001	0.9869030000000001	0.0	0.118096	-0.987908	0.100451	0.0	-2.57504	-3.59196	-1.81722	0.14891500000000002	-0.765388	0.596885	0.240643	0.0	-0.057572000000000005	0.30891799999999997	-0.9493450000000001	0.0	-0.640988	-0.740472	-0.202078	0.0	1.4748299999999999	-1.8505200000000002	-0.052898	0.357614	
0	0.986973	0.11137999999999999	-0.116101	0.0	0.10335699999999999	0.11408199999999999	0.98808	0.0	0.123297	-0.987208	0.10108400000000001	0.0	-2.57931	-3.5913800000000005	-1.8168099999999998	0.148284	-0.7631399999999999	0.600859	0.237877	0.0	-0.0566499	0.30448000000000003	-0.950833	0.0	-0.643745	-0.7390939999999999	-0.198322	0.0	1.47108	-1.85245	-0.0280293	0.358062	
0	0.981442	0.12278299999999999	-0.147295	0.0	0.13101600000000002	0.13153499999999999	0.9826159999999999	0.0	0.140023	-0.983678	0.113007	0.0	-2.57553	-3.5860300000000005	-1.82057	0.147302	-0.761084	0.605895	0.23160799999999998	0.0	-0.0524128	0.29844899999999996	-0.9529860000000001	0.0	-0.646532	-0.737441	-0.195388	0.0	1.47541	-1.8546900000000002	-0.038186300000000006	0.357885	
0	0.968866	0.174268	-0.17586500000000002	0.0	0.149581	0.154015	0.9766809999999999	0.0	0.19729000000000002	-0.9725790000000001	0.123153	0.0	-2.60094	-3.57504	-1.81834	0.148287	-0.756308	0.614332	0.224931	0.0	-0.04923230000000001	0.28939699999999996	-0.955942	0.0	-0.652361	-0.734061	-0.188629	0.0	1.48147	-1.85653	-0.0361999	0.358346	
0	0.9437399999999999	0.249389	-0.217164	0.0	0.221185	0.0121417	0.9751569999999999	0.0	0.24583000000000002	-0.968327	-0.0437024	0.0	-2.68555	-3.54891	-1.7871599999999999	0.148623	-0.749993	0.625447	0.215236	0.0	-0.0383961	0.28368699999999997	-0.958148	0.0	-0.660331	-0.726869	-0.188748	0.0	1.4869999999999999	-1.8495700000000002	-0.045185	0.358595	
0	0.9227850000000001	0.30169	-0.239688	0.0	0.284287	-0.113178	0.9520350000000001	0.0	0.260092	-0.946665	-0.190206	0.0	-2.88163	-3.52034	-1.6806599999999998	0.148227	-0.735893	0.646516	0.201193	0.0	-0.026403199999999998	0.269514	-0.962635	0.0	-0.676583	-0.713708	-0.181264	0.0	1.49573	-1.8565099999999999	-0.058288599999999996	0.359055	
0	0.9021610000000001	0.36459	-0.230605	0.0	0.315245	-0.192249	0.929334	0.0	0.29449200000000003	-0.911106	-0.288375	0.0	-2.97833	-3.1164400000000003	-1.56785	0.148201	-0.7274609999999999	0.658509	0.19278599999999999	0.0	-0.017983700000000002	0.262573	-0.964744	0.0	-0.685914	-0.705281	-0.17917	0.0	1.50136	-1.8623	-0.0764416	0.359062	
0	0.8832049999999999	0.40163499999999996	-0.24215100000000003	0.0	0.355187	-0.23567	0.9046	0.0	0.306252	-0.884957	-0.35080100000000003	0.0	-2.9600400000000002	-2.83973	-1.4804	0.14832	-0.7196859999999999	0.6695369999999999	0.183771	0.0	-0.0099816	0.254681	-0.966974	0.0	-0.694228	-0.697752	-0.176607	0.0	1.5019200000000001	-1.8671200000000001	-0.11728800000000002	0.359324	
0	0.8726370000000001	0.444355	-0.202618	0.0	0.35679	-0.29677	0.885793	0.0	0.333475	-0.845267	-0.41751400000000005	0.0	-3.25773	-2.30478	-1.32901	0.148572	-0.710531	0.6814600000000001	0.175376	0.0	-0.00278893	0.24650300000000003	-0.9691379999999999	0.0	-0.7036600000000001	-0.689092	-0.173248	0.0	1.50424	-1.8717	-0.147821	0.359677	
0	0.853665	0.50273	-0.13608199999999998	0.0	0.344856	-0.34980900000000004	0.8710379999999999	0.0	0.39029400000000003	-0.790504	-0.47198900000000005	0.0	-3.22326	-2.0077	-1.2327700000000001	0.148175	-0.68479	0.713646	0.147553	0.0	0.0272373	0.2274	-0.9734209999999999	0.0	-0.7282310000000001	-0.66257	-0.17515899999999998	0.0	1.51908	-1.8513	-0.203185	0.3598	
1	0.8278209999999999	0.557465	-0.062806	0.0	0.32155900000000004	-0.379784	0.867389	0.0	0.459687	-0.738239	-0.493651	0.0	-3.16988	-1.73842	-1.20184	0.148565	-0.639401	0.764366	0.0831398	0.0	0.0854977	0.178145	-0.980283	0.0	-0.764105	-0.619685	-0.179258	0.0	1.5474700000000001	-1.7999900000000002	-0.260309	0.36006	
1	0.756139	0.65272	0.04701930000000001	0.0	0.28670300000000004	-0.395002	0.8727969999999999	0.0	0.5882649999999999	-0.646475	-0.485813	0.0	-3.0617099999999997	-1.4855399999999999	-1.20976	0.148556	-0.558723	0.826942	-0.0632114	0.0	0.21268299999999998	0.06919589999999999	-0.974668	0.0	-0.80162	-0.558014	-0.214538	0.0	1.56128	-1.76845	-0.382378	0.35991300000000004	
1	0.6145510000000001	0.772566	0.159591	0.0	0.21314899999999998	-0.35739099999999996	0.909307	0.0	0.759536	-0.524799	-0.384307	0.0	-2.9302900000000003	-1.31883	-1.23044	0.14816500000000002	-0.358529	0.895968	-0.26210500000000003	0.0	0.332648	-0.139723	-0.932643	0.0	-0.87224	-0.42156899999999997	-0.24794699999999997	0.0	1.59912	-1.72869	-0.611962	0.35914	
1	0.41906099999999996	0.882555	0.21327100000000002	0.0	0.11179800000000001	-0.28325900000000004	0.9525049999999999	0.0	0.901049	-0.375314	-0.217371	0.0	-2.80503	-1.31597	-1.2972299999999999	0.14817	-0.164079	0.907557	-0.386547	0.0	0.370178	-0.306571	-0.876916	0.0	-0.914356	-0.28697399999999995	-0.285656	0.0	1.61643	-1.7391	-0.817485	0.358925	
1	0.163915	0.971333	0.172172	0.0	0.00170144	-0.174811	0.9846010000000001	0.0	0.9864729999999999	-0.161098	-0.0303069	0.0	-2.7629	-1.3642	-1.37474	0.148174	-0.00313413	0.874245	-0.48547399999999996	0.0	0.3696	-0.450088	-0.812906	0.0	-0.9291860000000001	-0.181979	-0.321711	0.0	1.57155	-1.8277700000000001	-0.988701	0.3584	
1	0.0389765	0.9927739999999999	0.113496	0.0	-0.057444	-0.111168	0.9921399999999999	0.0	0.9975879999999999	-0.0451898	0.05269580000000001	0.0	-2.8309599999999997	-1.46539	-1.5018200000000002	0.148561	0.0956829	0.8006260000000001	-0.591476	0.0	0.352375	-0.582968	-0.732106	0.0	-0.930955	-0.138371	-0.337901	0.0	1.4847299999999999	-1.9692599999999998	-1.09417	0.357277	
1	-0.0844788	0.9949879999999999	0.0534909	0.0	-0.155157	-0.0661635	0.9856719999999999	0.0	0.9842709999999999	0.0749688	0.159969	0.0	-2.86826	-1.63525	-1.6257	0.14815799999999998	0.23724699999999999	0.6798350000000001	-0.69393	0.0	0.281509	-0.731787	-0.620678	0.0	-0.929767	-0.048093699999999996	-0.36499299999999996	0.0	1.37638	-2.0237700000000003	-1.22265	0.356725	
1	-0.15856800000000001	0.987084	0.0228444	0.0	-0.21379	-0.0569137	0.9752200000000001	0.0	0.963924	0.149755	0.220054	0.0	-2.7899599999999998	-1.80348	-1.68125	0.148208	0.268142	0.571555	-0.775515	0.0	0.23859899999999998	-0.819315	-0.521338	0.0	-0.933365	-0.045244400000000004	-0.356065	0.0	1.22393	-2.07711	-1.26737	0.356773	
1	-0.176035	0.9835219999999999	0.04118309999999999	0.0	-0.268915	-0.0882925	0.959109	0.0	0.946941	0.15776199999999999	0.280026	0.0	-2.63963	-1.95891	-1.6884400000000002	0.147396	0.30853600000000003	0.49121899999999996	-0.814561	0.0	0.202237	-0.8706370000000001	-0.44843299999999997	0.0	-0.929466	-0.0263768	-0.367965	0.0	1.12696	-2.0777200000000002	-1.36818	0.35646500000000003	
1	-0.203575	0.979015	0.00938323	0.0	-0.322827	-0.0761701	0.9433879999999999	0.0	0.9243049999999999	0.189021	0.331558	0.0	-2.4814599999999998	-2.04927	-1.6921700000000002	0.14646800000000001	0.320533	0.47611899999999996	-0.818883	0.0	0.18054800000000001	-0.8793559999999999	-0.440608	0.0	-0.9298709999999999	-0.00661838	-0.367825	0.0	0.9913770000000001	-2.0477	-1.4901200000000001	0.354177	
1	-0.210221	0.977081	-0.033473	0.0	-0.32599	-0.037776699999999996	0.9446180000000001	0.0	0.9217040000000001	0.20949099999999998	0.32646	0.0	-2.38615	-2.05753	-1.62652	0.146234	0.321356	0.47500699999999996	-0.819206	0.0	0.172728	-0.8799819999999999	-0.44248999999999994	0.0	-0.9310719999999999	0.0006977169999999999	-0.36483499999999996	0.0	0.9066540000000001	-2.02583	-1.56587	0.354454	
1	-0.23510599999999998	0.969432	-0.0701919	0.0	-0.314921	-0.00765556	0.9490870000000001	0.0	0.919538	0.245241	0.307094	0.0	-2.32882	-2.04946	-1.5556	0.145569	0.32490399999999997	0.430228	-0.842224	0.0	0.146318	-0.902683	-0.404667	0.0	-0.9343600000000001	0.008245299999999999	-0.35623499999999997	0.0	0.815392	-2.00703	-1.63568	0.354633	
1	-0.22864600000000002	0.972326	-0.048002800000000005	0.0	-0.32469699999999996	-0.0296828	0.9453520000000001	0.0	0.9177649999999999	0.231737	0.322498	0.0	-2.27941	-2.00135	-1.50153	0.145872	0.335944	0.369429	-0.866409	0.0	0.12858499999999998	-0.9292459999999999	-0.346364	0.0	-0.9330639999999999	0.00495207	-0.359678	0.0	0.718228	-2.0148900000000003	-1.6626400000000001	0.354748	
1	-0.234825	0.970456	-0.05542469999999999	0.0	-0.324437	-0.0245008	0.9455899999999999	0.0	0.9162959999999999	0.24003000000000002	0.32060500000000003	0.0	-2.2589900000000003	-1.97353	-1.4820799999999998	0.145703	0.364095	0.26316300000000004	-0.893409	0.0	0.0855765	-0.9646459999999999	-0.249271	0.0	-0.927422	0.0143035	-0.373744	0.0	0.654709	-2.03882	-1.71514	0.35339699999999996	
1	-0.238749	0.97015	-0.0425286	0.0	-0.332688	-0.040570999999999996	0.9421639999999999	0.0	0.912314	0.239089	0.332444	0.0	-2.22831	-1.91671	-1.4479600000000001	0.145621	0.38228	0.18502000000000002	-0.905334	0.0	0.0633634	-0.982692	-0.174074	0.0	-0.9218709999999999	0.00917974	-0.387387	0.0	0.5909939999999999	-2.07538	-1.75042	0.353646	
1	-0.24719000000000002	0.968671	-0.0239555	0.0	-0.337262	-0.0628349	0.939312	0.0	0.908378	0.24026799999999998	0.34222800000000003	0.0	-2.19771	-1.87569	-1.42908	0.145786	0.38610700000000003	0.112231	-0.915601	0.0	0.0277075	-0.9935350000000001	-0.110099	0.0	-0.9220379999999999	0.017141	-0.38672	0.0	0.513297	-2.10774	-1.76299	0.35382800000000003	
1	-0.280595	0.9594	-0.028618900000000003	0.0	-0.327079	-0.06754360000000001	0.94258	0.0	0.902378	0.27384400000000003	0.332752	0.0	-2.1644400000000004	-1.83998	-1.41734	0.145352	0.370384	0.06491319999999999	-0.926608	0.0	0.0116694	-0.9978020000000001	-0.0652361	0.0	-0.9288059999999999	0.013349399999999999	-0.370327	0.0	0.428728	-2.18125	-1.76088	0.353562	
1	-0.289001	0.956981	-0.025793	0.0	-0.330368	-0.07440830000000001	0.940915	0.0	0.8985190000000001	0.28044600000000003	0.33766	0.0	-2.10131	-1.82276	-1.42513	0.145399	0.363304	0.0386943	-0.930867	0.0	-0.00518565	-0.9990379999999999	-0.0435519	0.0	-0.9316559999999999	0.0206497	-0.36275300000000005	0.0	0.35379	-2.2279400000000003	-1.7168400000000001	0.343533	
1	-0.262013	0.965041	0.00669864	0.0	-0.341416	-0.09918400000000001	0.9346639999999999	0.0	0.9026540000000001	0.24260700000000002	0.355468	0.0	-2.04367	-1.83392	-1.42421	0.146207	0.346936	0.0248077	-0.9375610000000001	0.0	-0.0134398	-0.999416	-0.0314176	0.0	-0.937793	0.0235005	-0.346401	0.0	0.28662	-2.27685	-1.70744	0.343172	
1	-0.268689	0.963174	0.010100399999999999	0.0	-0.3372	-0.103878	0.935685	0.0	0.902276	0.248002	0.352693	0.0	-1.98882	-1.8414	-1.42077	0.14613099999999998	0.327968	0.035537400000000004	-0.9440200000000001	0.0	-0.015098199999999999	-0.9989680000000001	-0.0428513	0.0	-0.9445680000000001	0.028306900000000003	-0.32709299999999997	0.0	0.194297	-2.30412	-1.6744900000000003	0.34283	
1	-0.271019	0.9618190000000001	0.0381152	0.0	-0.349195	-0.135141	0.9272540000000001	0.0	0.8970020000000001	0.237994	0.372488	0.0	-1.98545	-1.88147	-1.41715	0.146152	0.28585	0.0957713	-0.953477	0.0	0.0219722	-0.9953870000000001	-0.0933937	0.0	-0.9580219999999999	0.00574661	-0.286636	0.0	0.167127	-2.34997	-1.61287	0.343861	
1	-0.28002	0.958318	0.0567145	0.0	-0.350673	-0.157104	0.923226	0.0	0.8936540000000001	0.238634	0.380048	0.0	-1.9615799999999999	-1.8934400000000002	-1.49055	0.14596099999999998	0.270529	0.17388800000000001	-0.9468780000000001	0.0	0.04311040000000001	-0.9847540000000001	-0.168526	0.0	-0.9617459999999999	0.00477097	-0.273901	0.0	0.0990061	-2.35681	-1.48796	0.34460100000000005	
1	-0.29984	0.952584	0.0517735	0.0	-0.355354	-0.161889	0.9206059999999999	0.0	0.885336	0.257637	0.387045	0.0	-1.95117	-1.93661	-1.4836	0.14641300000000002	0.232172	0.232961	-0.944365	0.0	0.0710066	-0.9723639999999999	-0.22241100000000003	0.0	-0.9700790000000001	-0.0154185	-0.242298	0.0	0.0435787	-2.37197	-1.42569	0.345335	
1	-0.302136	0.9515870000000001	0.0565366	0.0	-0.351995	-0.166485	0.921077	0.0	0.8858969999999999	0.25839	0.385255	0.0	-1.9614900000000002	-1.95386	-1.51291	0.14618599999999998	0.21604600000000002	0.287871	-0.932981	0.0	0.090902	-0.9573280000000001	-0.274334	0.0	-0.972143	-0.0255412	-0.23299499999999998	0.0	-7.525089999999999e-06	-2.38942	-1.31833	0.346941	
1	-0.303125	0.9512870000000001	0.056289	0.0	-0.346325	-0.165	0.9234899999999999	0.0	0.887792	0.260438	0.37947	0.0	-1.9708299999999999	-1.9499	-1.5404200000000001	0.14555099999999999	0.21243099999999998	0.300061	-0.929966	0.0	0.0962412	-0.953485	-0.285666	0.0	-0.972425	-0.0288168	-0.23142800000000002	0.0	-0.015044899999999998	-2.4098599999999997	-1.29264	0.346769	
1	-0.303886	0.9511360000000001	0.0547183	0.0	-0.343891	-0.163073	0.924741	0.0	0.8884780000000001	0.26219899999999996	0.376643	0.0	-1.97436	-1.9534599999999998	-1.54674	0.145697	0.215854	0.305191	-0.9275049999999999	0.0	0.0909457	-0.952053	-0.292103	0.0	-0.972181	-0.0213009	-0.23326	0.0	-0.0347996	-2.4001200000000003	-1.28846	0.347427	
1	-0.303595	0.950896	0.060224400000000004	0.0	-0.35299400000000003	-0.170961	0.919874	0.0	0.885	0.25801	0.387563	0.0	-1.97993	-1.98007	-1.53873	0.14524	0.208873	0.322357	-0.9232870000000001	0.0	0.08516699999999999	-0.94652	-0.311202	0.0	-0.9742270000000001	-0.013632	-0.22515700000000002	0.0	-0.0962842	-2.36462	-1.27875	0.34912	
1	-0.27755	0.958702	0.062101699999999996	0.0	-0.350954	-0.161353	0.9223870000000001	0.0	0.8943139999999999	0.23421399999999998	0.381243	0.0	-1.96033	-1.9967	-1.54703	0.146305	0.20973200000000003	0.329244	-0.920658	0.0	0.0820289	-0.944206	-0.31897800000000004	0.0	-0.9743120000000001	-0.00862047	-0.22503800000000002	0.0	-0.10990699999999999	-2.3239	-1.2514100000000001	0.349339	
1	-0.278577	0.958098	0.06665089999999999	0.0	-0.357173	-0.167772	0.918847	0.0	0.8915280000000001	0.23216399999999998	0.388944	0.0	-1.9545700000000001	-1.9933599999999998	-1.56987	0.146325	0.21000500000000002	0.328102	-0.921003	0.0	0.0876265	-0.944535	-0.31650500000000004	0.0	-0.973766	-0.0142364	-0.227108	0.0	-0.117225	-2.30573	-1.25334	0.349064	
1	-0.30144499999999996	0.951491	0.06161619999999999	0.0	-0.348725	-0.170164	0.9216479999999999	0.0	0.887424	0.256339	0.383104	0.0	-1.9343700000000001	-1.98312	-1.58186	0.145822	0.205312	0.32618600000000003	-0.92274	0.0	0.11071500000000001	-0.944514	-0.309249	0.0	-0.9724139999999999	-0.03866869999999999	-0.230033	0.0	-0.109518	-2.2091	-1.28691	0.34472600000000003	
1	-0.30656500000000003	0.9501729999999999	0.056468899999999995	0.0	-0.35631999999999997	-0.169571	0.918848	0.0	0.88264	0.261565	0.39055	0.0	-1.80844	-1.95976	-1.48059	0.145252	0.21001599999999998	0.321252	-0.9234129999999999	0.0	0.12118599999999999	-0.9457459999999999	-0.30146	0.0	-0.970158	-0.0485931	-0.23755300000000001	0.0	-0.182765	-2.16548	-1.38835	0.338928	
1	-0.310357	0.9489489999999999	0.0563512	0.0	-0.359575	-0.172061	0.9171159999999999	0.0	0.879992	0.264371	0.39461799999999997	0.0	-1.7513400000000001	-1.93219	-1.44433	0.14593299999999998	0.22699899999999998	0.333384	-0.915056	0.0	0.12485	-0.941792	-0.312154	0.0	-0.965859	-0.0433863	-0.255409	0.0	-0.10256199999999999	-2.12082	-1.4730299999999998	0.338474	
1	-0.312677	0.9485129999999999	0.050557	0.0	-0.359994	-0.16759100000000002	0.9177790000000001	0.0	0.878998	0.268768	0.39386	0.0	-1.7109999999999999	-1.93399	-1.41352	0.145903	0.235328	0.348535	-0.907273	0.0	0.120571	-0.9367469999999999	-0.328584	0.0	-0.964408	-0.032065300000000005	-0.262466	0.0	-0.07640269999999999	-2.15312	-1.52311	0.338535	
1	-0.28155	0.9583010000000001	0.048866	0.0	-0.365155	-0.154099	0.9181040000000001	0.0	0.887351	0.24064899999999997	0.393315	0.0	-1.68175	-1.9451599999999998	-1.40152	0.146217	0.24824899999999997	0.359229	-0.899626	0.0	0.09441519999999999	-0.933249	-0.34660100000000005	0.0	-0.964084	0.00110494	-0.26559499999999997	0.0	-0.07982360000000001	-2.19866	-1.5499	0.338661	
1	-0.283315	0.9580799999999999	0.0426018	0.0	-0.357817	-0.146816	0.922178	0.0	0.889775	0.246023	0.384413	0.0	-1.6883700000000001	-1.9545299999999999	-1.40848	0.146169	0.22990700000000003	0.36198600000000003	-0.903388	0.0	0.0652727	-0.931898	-0.356798	0.0	-0.9710209999999999	0.023063900000000002	-0.23787800000000003	0.0	-0.0899034	-2.20819	-1.54146	0.338863	
1	-0.310772	0.950023	0.0296039	0.0	-0.361948	-0.147085	0.920522	0.0	0.878871	0.275358	0.389569	0.0	-1.71405	-1.95775	-1.40146	0.145768	0.248635	0.35933699999999996	-0.899476	0.0	0.0845355	-0.9331450000000001	-0.349421	0.0	-0.964901	0.010840700000000002	-0.26239	0.0	-0.09698810000000001	-2.19868	-1.5528899999999999	0.339539	
1	-0.28484499999999996	0.9575379999999999	0.0445471	0.0	-0.352642	-0.14788900000000002	0.923998	0.0	0.891351	0.24748699999999998	0.379793	0.0	-1.73479	-1.9817099999999999	-1.4235200000000001	0.146134	0.22740900000000003	0.36641599999999996	-0.902233	0.0	0.046466900000000005	-0.929536	-0.365793	0.0	-0.9726899999999999	0.0412606	-0.228411	0.0	-0.130628	-2.2145799999999998	-1.5454700000000001	0.30996399999999996	
1	-0.289914	0.955327	0.0574437	0.0	-0.36235900000000004	-0.165122	0.9172950000000001	0.0	0.8858020000000001	0.245121	0.394043	0.0	-1.7966400000000002	-2.03397	-1.43023	0.14621199999999998	0.22159299999999998	0.347578	-0.911091	0.0	0.0854326	-0.9376459999999999	-0.33693	0.0	-0.97139	-0.00317571	-0.23747	0.0	-0.1088	-2.2168	-1.48607	0.18296800000000002	
1	-0.284448	0.9581799999999999	0.0313154	0.0	-0.35181999999999997	-0.134717	0.926323	0.0	0.891803	0.252473	0.375427	0.0	-1.85032	-2.06281	-1.38147	0.149739	0.20230499999999998	0.37711300000000003	-0.903802	0.0	0.0915495	-0.926126	-0.365935	0.0	-0.9750340000000001	-0.00871216	-0.22188400000000003	0.0	-0.050084699999999996	-2.2659	-1.50995	0.152068	
1	-0.280358	0.95957	0.0249954	0.0	-0.352173	-0.127048	0.927272	0.0	0.892958	0.251165	0.373554	0.0	-1.85687	-2.0687	-1.36883	0.149626	0.199049	0.385391	-0.9010290000000001	0.0	0.0748977	-0.9227209999999999	-0.37812399999999996	0.0	-0.977123	0.00778024	-0.21253200000000003	0.0	-0.0446739	-2.2737	-1.50987	0.145446	
1	-0.28311	0.958767	0.0248081	0.0	-0.351572	-0.12781099999999998	0.9273950000000001	0.0	0.8923260000000001	0.253833	0.37326	0.0	-1.83506	-2.07384	-1.3362399999999999	0.149843	0.187892	0.378299	-0.9064139999999999	0.0	0.08411560000000001	-0.925658	-0.36889299999999997	0.0	-0.9785809999999999	-0.0069313000000000005	-0.20574499999999998	0.0	-0.0592596	-2.27106	-1.50099	0.153809	
1	-0.285373	0.958411	0.00324753	0.0	-0.341069	-0.10472100000000001	0.9341870000000001	0.0	0.895675	0.265484	0.356769	0.0	-1.82395	-2.05558	-1.30441	0.15051199999999998	0.17970899999999998	0.373911	-0.9098870000000001	0.0	0.07711910000000001	-0.9274540000000001	-0.365899	0.0	-0.980692	-0.00441428	-0.195508	0.0	-0.044114999999999994	-2.2530900000000003	-1.46561	0.153837	
1	-0.290097	0.956374	-0.0345267	0.0	-0.309695	-0.0596808	0.948961	0.0	0.905502	0.285984	0.31349699999999997	0.0	-1.8858099999999998	-2.0684	-1.29046	0.135276	0.175137	0.37933	-0.908535	0.0	0.0954435	-0.9249930000000001	-0.36780300000000005	0.0	-0.979907	-0.0222977	-0.198205	0.0	0.0093955	-2.2134	-1.4553	0.150455	
1	-0.286839	0.9578030000000001	-0.018346	0.0	-0.321037	-0.0780642	0.943844	0.0	0.9025850000000001	0.276621	0.329882	0.0	-1.91287	-2.04847	-1.26315	0.15346500000000002	0.16913599999999998	0.39005	-0.905127	0.0	0.0952278	-0.920529	-0.378893	0.0	-0.980982	-0.022108799999999998	-0.192838	0.0	0.0624809	-2.17066	-1.4294799999999999	0.145111	
1	-0.49867700000000004	0.8662690000000001	0.0299908	0.0	-0.346209	-0.230781	0.90933	0.0	0.7946449999999999	0.443079	0.414995	0.0	-1.7134200000000002	-1.9018700000000002	-1.15291	0.312259	0.16481400000000002	0.45028199999999996	-0.8775440000000001	0.0	0.09723760000000001	-0.8927940000000001	-0.439845	0.0	-0.9815200000000001	-0.012837600000000001	-0.190929	0.0	-0.0670095	-2.11948	-1.42042	0.130951	
1	-0.491432	0.8689110000000001	0.0590746	0.0	-0.31671	-0.24148499999999998	0.9172680000000001	0.0	0.811289	0.432065	0.393865	0.0	-1.7806400000000002	-1.9606	-1.218	0.317114	0.166634	0.485224	-0.8583649999999999	0.0	0.108205	-0.8742770000000001	-0.473213	0.0	-0.9800639999999999	-0.0140262	-0.198188	0.0	0.00968941	-1.9513	-1.37649	0.126828	
1	-0.48942700000000006	0.8690379999999999	0.07235069999999999	0.0	-0.302714	-0.24711799999999998	0.920487	0.0	0.817817	0.42861000000000005	0.38401599999999997	0.0	-1.84257	-1.9685099999999998	-1.2491	0.319329	0.167694	0.5043	-0.84709	0.0	0.10248299999999999	-0.8635200000000001	-0.49379300000000004	0.0	-0.980498	-0.00400613	-0.19649	0.0	0.0775946	-1.8687900000000002	-1.35873	0.125968	
1	-0.48090299999999997	0.869878	0.109751	0.0	-0.271448	-0.26674200000000003	0.924751	0.0	0.8336959999999999	0.41492299999999993	0.364404	0.0	-1.9914599999999998	-1.9876200000000002	-1.2820200000000002	0.324443	0.176757	0.550616	-0.81583	0.0	0.106548	-0.834715	-0.540277	0.0	-0.9784709999999999	0.00857311	-0.206209	0.0	0.23294	-1.6946900000000003	-1.3609	0.125133	
1	-0.48435	0.8671409999999999	0.11606500000000002	0.0	-0.261735	-0.27021	0.926543	0.0	0.8348049999999999	0.418393	0.357837	0.0	-2.0358400000000003	-1.9881799999999998	-1.29851	0.325615	0.18243399999999999	0.555916	-0.810972	0.0	0.0998693	-0.831025	-0.547196	0.0	-0.978133	0.0188358	-0.20712600000000003	0.0	0.30346	-1.63776	-1.37385	0.124074	
2	-0.482412	0.86203	0.15550899999999998	0.0	-0.229871	-0.295898	0.927148	0.0	0.845245	0.41152	0.3409	0.0	-2.1022	-2.04842	-1.32728	0.33195399999999997	0.158296	0.571279	-0.805346	0.0	0.123465	-0.820681	-0.5578890000000001	0.0	-0.979642	-0.0111203	-0.200444	0.0	0.45219799999999993	-1.54606	-1.36123	0.12405	
2	-0.47826599999999997	0.8592870000000001	0.181349	0.0	-0.23102399999999998	-0.322326	0.918006	0.0	0.847284	0.39715500000000004	0.352673	0.0	-2.1299099999999997	-2.0876200000000003	-1.36192	0.335586	0.14316700000000002	0.582395	-0.8002	0.0	0.145026	-0.812146	-0.565142	0.0	-0.979015	-0.0351401	-0.200735	0.0	0.5117	-1.49716	-1.3297299999999999	0.12341500000000001	
