3	-0.0463543	0.91205	-0.40745	0.0	0.011994	0.408367	0.912739	0.0	0.9988530000000001	0.0374223	-0.029868799999999997	0.0	-2.81518	1.9042299999999999	1.28798	0.0	-0.11699100000000001	0.9004280000000001	-0.418979	0.0	0.127993	-0.40468699999999996	-0.9054540000000001	0.0	-0.984851	-0.159556	-0.0679037	0.0	2.64447	1.8578700000000001	1.6198	0.0	
3	-0.0463543	0.91205	-0.40745	0.0	0.011994	0.408367	0.912739	0.0	0.9988530000000001	0.0374223	-0.029868799999999997	0.0	-2.81518	1.9042299999999999	1.28798	0.0	-0.11699100000000001	0.9004280000000001	-0.418979	0.0	0.127993	-0.40468699999999996	-0.9054540000000001	0.0	-0.984851	-0.159556	-0.0679037	0.0	2.64447	1.8578700000000001	1.6198	0.0	
3	-0.06980650000000001	0.925975	-0.371076	0.0	0.0498821	0.374758	0.9257799999999999	0.0	0.9963120000000001	0.0461155	-0.07235010000000001	0.0	-2.8816200000000003	1.89268	1.2014799999999999	0.0	-0.118629	0.8713860000000001	-0.47603900000000005	0.0	0.153376	-0.457589	-0.8758360000000001	0.0	-0.9810209999999999	-0.17691199999999999	-0.0793662	0.0	2.6348	1.7189599999999998	1.73655	0.0	
3	-0.08385980000000001	0.932901	-0.350234	0.0	0.0314559	0.353775	0.934802	0.0	0.9959809999999999	0.0673752	-0.059012699999999994	0.0	-2.85848	1.85348	1.17016	0.0	-0.115245	0.873426	-0.47312299999999996	0.0	0.15976300000000002	-0.453798	-0.876666	0.0	-0.980405	-0.176618	-0.0872433	0.0	2.64095	1.6910599999999998	1.7622099999999998	0.0	
3	-0.116645	0.934362	-0.336694	0.0	0.0400154	0.343154	0.938426	0.0	0.992367	0.09599010000000001	-0.07741630000000001	0.0	-2.82737	1.8005099999999998	1.1241700000000001	0.27220700000000003	-0.102879	0.9007719999999999	-0.421932	0.0	0.180082	-0.400307	-0.8985129999999999	0.0	-0.9782569999999999	-0.16842000000000001	-0.121029	0.0	2.6841	1.70182	1.7509	0.323052	
3	-0.12203699999999999	0.9370440000000001	-0.327194	0.0	0.0364166	0.333663	0.941989	0.0	0.991857	0.10304200000000001	-0.0748433	0.0	-2.7692200000000002	1.7418099999999999	1.12778	0.311798	-0.10794400000000001	0.908689	-0.403279	0.0	0.201777	-0.377181	-0.903892	0.0	-0.9734649999999999	-0.17894200000000002	-0.14263800000000001	0.0	2.63307	1.65943	1.6975799999999999	0.359203	
3	-0.11566400000000002	0.939918	-0.321211	0.0	0.046492	0.32815	0.9434809999999999	0.0	0.9922	0.0941926	-0.0816536	0.0	-2.74337	1.6575799999999998	1.12376	0.336071	-0.135195	0.9118139999999999	-0.387709	0.0	0.20675500000000002	-0.356725	-0.911043	0.0	-0.969007	-0.203329	-0.140295	0.0	2.59214	1.59751	1.6985700000000001	0.360324	
3	-0.11033299999999999	0.9400620000000001	-0.32266300000000003	0.0	0.048894	0.329385	0.9429290000000001	0.0	0.992691	0.08825939999999999	-0.0823053	0.0	-2.72238	1.58165	1.1728100000000001	0.334656	-0.162841	0.915962	-0.366739	0.0	0.216151	-0.32955300000000004	-0.919062	0.0	-0.962685	-0.228931	-0.144321	0.0	2.56874	1.564	1.7197200000000001	0.360207	
3	-0.11046900000000001	0.940111	-0.32247	0.0	0.053602199999999996	0.32961999999999997	0.942591	0.0	0.992433	0.08684220000000001	-0.0868048	0.0	-2.72341	1.56374	1.18797	0.333894	-0.186945	0.919142	-0.34674099999999997	0.0	0.22809400000000002	-0.302705	-0.9253879999999999	0.0	-0.955523	-0.25208600000000003	-0.15306199999999998	0.0	2.56683	1.52532	1.7306599999999999	0.360187	
3	-0.10578499999999999	0.938092	-0.329839	0.0	0.0596575	0.33709	0.93958	0.0	0.992598	0.0797165	-0.0916232	0.0	-2.72569	1.54999	1.21464	0.334296	-0.20750100000000002	0.9240719999999999	-0.32099	0.0	0.231044	-0.27255300000000005	-0.9339879999999999	0.0	-0.950559	-0.267967	-0.156946	0.0	2.58814	1.49179	1.7238900000000001	0.35930700000000004	
3	-0.100611	0.9347850000000001	-0.34066799999999997	0.0	0.0653116	0.347873	0.935264	0.0	0.9927799999999999	0.07184810000000001	-0.096052	0.0	-2.70788	1.52918	1.22044	0.33516799999999997	-0.21613600000000002	0.9286270000000001	-0.301558	0.0	0.235776	-0.250076	-0.9390799999999999	0.0	-0.947468	-0.274069	-0.16489700000000002	0.0	2.60027	1.4585299999999999	1.73921	0.35848	
3	-0.104219	0.9321649999999999	-0.346709	0.0	0.0628652	0.354084	0.933098	0.0	0.992566	0.075451	-0.0955033	0.0	-2.6674599999999997	1.50716	1.23736	0.335784	-0.22688000000000003	0.92948	-0.29084699999999997	0.0	0.232474	-0.23831799999999997	-0.942953	0.0	-0.9457700000000001	-0.281552	-0.162011	0.0	2.60467	1.4193799999999999	1.76627	0.35843800000000003	
3	-0.108055	0.9287629999999999	-0.354576	0.0	0.05745880000000001	0.36190300000000003	0.930444	0.0	0.992483	0.0801651	-0.092471	0.0	-2.6284799999999997	1.50112	1.30027	0.336183	-0.23956100000000002	0.9298209999999999	-0.279364	0.0	0.232361	-0.224471	-0.9463729999999999	0.0	-0.942666	-0.291627	-0.16228	0.0	2.6009900000000004	1.38939	1.7863900000000001	0.359115	
3	-0.10378	0.927061	-0.36025999999999997	0.0	0.058842200000000004	0.367304	0.9282379999999999	0.0	0.992858	0.0751336	-0.092669	0.0	-2.59403	1.4915100000000001	1.32477	0.336318	-0.250877	0.9287110000000001	-0.273052	0.0	0.24225	-0.212864	-0.946575	0.0	-0.937217	-0.30362	-0.171578	0.0	2.61915	1.3688799999999999	1.79098	0.35928899999999997	
3	-0.104843	0.9252319999999999	-0.364627	0.0	0.0566192	0.371606	0.9266620000000001	0.0	0.992876	0.0765092	-0.0913463	0.0	-2.5822599999999998	1.48543	1.32421	0.33724699999999996	-0.259038	0.922222	-0.287064	0.0	0.259831	-0.219716	-0.940326	0.0	-0.930262	-0.318168	-0.18270699999999998	0.0	2.65123	1.35858	1.77678	0.358749	
3	-0.103699	0.924842	-0.365942	0.0	0.0560054	0.372771	0.9262319999999999	0.0	0.993031	0.0755543	-0.0904523	0.0	-2.57463	1.48369	1.33426	0.337303	-0.255737	0.915524	-0.31050700000000003	0.0	0.265819	-0.242216	-0.933098	0.0	-0.929483	-0.321167	-0.181421	0.0	2.67151	1.35022	1.76059	0.358809	
3	-0.10222200000000001	0.926692	-0.361651	0.0	0.0606617	0.368686	0.927572	0.0	0.9929100000000001	0.0728804	-0.09390280000000001	0.0	-2.57836	1.47489	1.35824	0.337262	-0.24989099999999997	0.9086549999999999	-0.334516	0.0	0.262378	-0.26900599999999997	-0.9267110000000001	0.0	-0.932047	-0.319347	-0.171189	0.0	2.68153	1.3378700000000001	1.75473	0.36	
3	-0.106347	0.921057	-0.374626	0.0	0.0564314	0.38174600000000003	0.922543	0.0	0.992727	0.0769692	-0.0925742	0.0	-2.57685	1.4723	1.36209	0.337663	-0.239078	0.90031	-0.363709	0.0	0.255697	-0.302977	-0.918054	0.0	-0.936729	-0.312486	-0.157772	0.0	2.68198	1.33101	1.75879	0.36089	
3	-0.10469200000000001	0.918286	-0.381826	0.0	0.0540192	0.38861999999999997	0.9198139999999999	0.0	0.9930370000000001	0.0756712	-0.09029060000000001	0.0	-2.56983	1.47133	1.36727	0.33825700000000003	-0.227173	0.89217	-0.390417	0.0	0.24893400000000002	-0.334381	-0.908967	0.0	-0.941501	-0.303681	-0.146129	0.0	2.67682	1.3239299999999998	1.7576	0.36129	
3	-0.10698800000000001	0.9140309999999999	-0.391282	0.0	0.0516422	0.39811799999999997	0.9158799999999999	0.0	0.9929180000000001	0.0777809	-0.08979630000000001	0.0	-2.55963	1.4702899999999999	1.37352	0.338468	-0.220849	0.88864	-0.401926	0.0	0.24503200000000003	-0.348329	-0.9047799999999999	0.0	-0.944026	-0.29830500000000004	-0.140817	0.0	2.6665099999999997	1.32371	1.76085	0.361361	
3	-0.10765799999999999	0.911502	-0.396956	0.0	0.0501674	0.40374899999999997	0.913493	0.0	0.992922	0.0784305	-0.08919450000000001	0.0	-2.5541400000000003	1.46793	1.39232	0.338821	-0.210238	0.8804059999999999	-0.425071	0.0	0.233192	-0.37708	-0.896344	0.0	-0.9494319999999999	-0.287569	-0.126027	0.0	2.6527	1.30552	1.7568400000000002	0.36137600000000003	
3	-0.109011	0.908694	-0.402979	0.0	0.047470599999999995	0.40969099999999997	0.9109879999999999	0.0	0.992906	0.0801784	-0.0877971	0.0	-2.53887	1.47154	1.4242	0.339098	-0.192965	0.868526	-0.456538	0.0	0.21614699999999998	-0.41622700000000007	-0.8831969999999999	0.0	-0.957102	-0.26910500000000004	-0.107412	0.0	2.64257	1.27841	1.77562	0.361858	
3	-0.11323699999999999	0.903434	-0.41350200000000004	0.0	0.039918699999999994	0.41998	0.9066549999999999	0.0	0.992766	0.0861599	-0.083621	0.0	-2.52523	1.47035	1.43198	0.33942	-0.173818	0.8533200000000001	-0.491562	0.0	0.199048	-0.45841499999999996	-0.8661620000000001	0.0	-0.9644520000000001	-0.24839899999999998	-0.090171	0.0	2.63128	1.28007	1.81939	0.361854	
3	-0.11666199999999999	0.8970889999999999	-0.42617	0.0	0.0348245	0.43253100000000005	0.9009459999999999	0.0	0.992561	0.09026519999999999	-0.0817008	0.0	-2.5190200000000003	1.46654	1.42421	0.339539	-0.153408	0.839834	-0.520716	0.0	0.18521500000000002	-0.49317700000000003	-0.849984	0.0	-0.97065	-0.226838	-0.0798922	0.0	2.6257200000000003	1.30244	1.8622400000000001	0.36238000000000004	
3	-0.11906300000000002	0.8906209999999999	-0.438882	0.0	0.03027	0.44507700000000006	0.8949809999999999	0.0	0.992425	0.0932738	-0.0799513	0.0	-2.51911	1.4523	1.43479	0.339517	-0.14488499999999999	0.834517	-0.531591	0.0	0.18143399999999998	-0.505743	-0.84339	0.0	-0.972672	-0.21864299999999998	-0.078135	0.0	2.62049	1.31126	1.87353	0.36269	
3	-0.119021	0.890684	-0.438767	0.0	0.0303202	0.444963	0.895036	0.0	0.9924290000000001	0.0932242	-0.07996560000000001	0.0	-2.51913	1.45248	1.4346	0.339516	-0.14491600000000002	0.8345379999999999	-0.531551	0.0	0.181451	-0.505696	-0.843414	0.0	-0.972664	-0.218675	-0.0781443	0.0	2.62059	1.31123	1.8734400000000002	0.362689	
3	-0.119021	0.890684	-0.438767	0.0	0.0303202	0.444963	0.895036	0.0	0.9924290000000001	0.0932242	-0.0799654	0.0	-2.51913	1.45248	1.4346	0.339516	-0.14491600000000002	0.8345379999999999	-0.531551	0.0	0.181451	-0.505696	-0.843414	0.0	-0.972664	-0.218675	-0.0781444	0.0	2.62059	1.31123	1.8734400000000002	0.362689	
3	-0.119021	0.890684	-0.438767	0.0	0.0303202	0.444963	0.895036	0.0	0.9924290000000001	0.0932242	-0.07996560000000001	0.0	-2.51914	1.45248	1.4346	0.339516	-0.14491600000000002	0.8345379999999999	-0.531551	0.0	0.181451	-0.505696	-0.843414	0.0	-0.972664	-0.218675	-0.0781444	0.0	2.62059	1.31123	1.8734400000000002	0.362689	
3	-0.119021	0.890684	-0.438767	0.0	0.03032	0.444963	0.895036	0.0	0.9924290000000001	0.09322439999999999	-0.0799655	0.0	-2.51913	1.45248	1.4346	0.339516	-0.14491600000000002	0.8345379999999999	-0.531551	0.0	0.181451	-0.505696	-0.843414	0.0	-0.972664	-0.218675	-0.07814460000000001	0.0	2.62059	1.31123	1.8734400000000002	0.362689	
3	-0.119021	0.890684	-0.438767	0.0	0.03032	0.444963	0.895036	0.0	0.9924290000000001	0.09322430000000001	-0.0799654	0.0	-2.51913	1.45248	1.4346	0.339516	-0.14491600000000002	0.8345379999999999	-0.531551	0.0	0.181451	-0.505696	-0.843414	0.0	-0.972664	-0.218675	-0.0781444	0.0	2.62059	1.31123	1.8734400000000002	0.362689	
3	-0.119021	0.890684	-0.438767	0.0	0.0303202	0.444963	0.895036	0.0	0.9924290000000001	0.0932242	-0.0799654	0.0	-2.51913	1.45248	1.4346	0.339516	-0.14491600000000002	0.8345379999999999	-0.531551	0.0	0.181451	-0.505696	-0.843414	0.0	-0.972664	-0.218675	-0.07814460000000001	0.0	2.62059	1.31123	1.8734400000000002	0.362689	
3	-0.119021	0.890684	-0.438767	0.0	0.030320099999999996	0.444963	0.895036	0.0	0.9924290000000001	0.0932242	-0.0799654	0.0	-2.51913	1.45248	1.4346	0.339516	-0.14491600000000002	0.8345379999999999	-0.531551	0.0	0.181451	-0.505696	-0.843414	0.0	-0.972664	-0.218675	-0.0781444	0.0	2.62059	1.31123	1.8734400000000002	0.362689	
3	-0.119021	0.890684	-0.438767	0.0	0.030320099999999996	0.444963	0.895036	0.0	0.9924290000000001	0.09322430000000001	-0.0799655	0.0	-2.51913	1.45248	1.4346	0.339516	-0.14491600000000002	0.8345379999999999	-0.531551	0.0	0.181451	-0.505696	-0.843414	0.0	-0.972664	-0.218675	-0.0781444	0.0	2.62059	1.31123	1.8734400000000002	0.362689	
3	-0.119021	0.890684	-0.438767	0.0	0.030320099999999996	0.444963	0.895036	0.0	0.9924290000000001	0.09322430000000001	-0.0799654	0.0	-2.51913	1.45248	1.4346	0.339517	-0.14491600000000002	0.8345379999999999	-0.531551	0.0	0.181451	-0.505696	-0.843414	0.0	-0.972664	-0.218675	-0.0781443	0.0	2.62059	1.31123	1.8734400000000002	0.362689	
3	-0.119021	0.890684	-0.438767	0.0	0.03032	0.444963	0.895036	0.0	0.9924290000000001	0.09322430000000001	-0.0799654	0.0	-2.51913	1.45248	1.4346	0.339517	-0.14491600000000002	0.8345379999999999	-0.531551	0.0	0.181451	-0.505696	-0.843414	0.0	-0.972664	-0.218675	-0.0781443	0.0	2.62059	1.31123	1.8734400000000002	0.362689	
3	-0.119021	0.890684	-0.438767	0.0	0.030320099999999996	0.444963	0.895036	0.0	0.9924290000000001	0.09322430000000001	-0.0799654	0.0	-2.51913	1.45248	1.4346	0.339516	-0.14491600000000002	0.8345379999999999	-0.531551	0.0	0.181451	-0.505696	-0.843414	0.0	-0.972664	-0.218675	-0.0781443	0.0	2.62059	1.31123	1.8734400000000002	0.362689	
3	-0.119021	0.890684	-0.438767	0.0	0.03032	0.444963	0.895036	0.0	0.9924290000000001	0.0932242	-0.0799654	0.0	-2.51913	1.45248	1.4346	0.339516	-0.14491600000000002	0.8345379999999999	-0.531551	0.0	0.181451	-0.505696	-0.843414	0.0	-0.972664	-0.218675	-0.0781443	0.0	2.62059	1.31123	1.8734400000000002	0.362689	
3	-0.119021	0.890684	-0.438767	0.0	0.030320099999999996	0.444963	0.895036	0.0	0.9924290000000001	0.0932242	-0.0799654	0.0	-2.51913	1.45248	1.4346	0.339516	-0.14491600000000002	0.8345379999999999	-0.531551	0.0	0.181451	-0.505696	-0.843414	0.0	-0.972664	-0.218675	-0.0781443	0.0	2.62059	1.31123	1.8734400000000002	0.362689	
3	-0.119021	0.890684	-0.438767	0.0	0.030320099999999996	0.444963	0.895036	0.0	0.9924290000000001	0.0932242	-0.0799654	0.0	-2.51913	1.45248	1.4346	0.339516	-0.14491600000000002	0.8345379999999999	-0.531551	0.0	0.181451	-0.505696	-0.843414	0.0	-0.972664	-0.218675	-0.0781444	0.0	2.62059	1.31123	1.8734400000000002	0.362689	
3	-0.119021	0.890684	-0.438767	0.0	0.03032	0.444963	0.895036	0.0	0.9924290000000001	0.09322430000000001	-0.0799654	0.0	-2.51913	1.45248	1.4346	0.339516	-0.14491600000000002	0.8345379999999999	-0.531551	0.0	0.181451	-0.505696	-0.843414	0.0	-0.972664	-0.218675	-0.0781443	0.0	2.62059	1.31123	1.8734400000000002	0.362689	
3	-0.119021	0.890684	-0.438767	0.0	0.03032	0.444963	0.895036	0.0	0.9924290000000001	0.09322430000000001	-0.0799654	0.0	-2.51913	1.45248	1.4346	0.339516	-0.14491600000000002	0.8345379999999999	-0.531551	0.0	0.181451	-0.505696	-0.843414	0.0	-0.972664	-0.218675	-0.07814410000000001	0.0	2.62059	1.31123	1.8734400000000002	0.362689	
3	-0.119021	0.890684	-0.438767	0.0	0.03032	0.444963	0.895036	0.0	0.9924290000000001	0.09322439999999999	-0.0799655	0.0	-2.51913	1.45248	1.4346	0.339516	-0.14491600000000002	0.8345379999999999	-0.531551	0.0	0.181451	-0.505696	-0.843414	0.0	-0.972664	-0.218675	-0.0781444	0.0	2.62059	1.31123	1.8734400000000002	0.362689	
3	-0.119021	0.890684	-0.438767	0.0	0.030320099999999996	0.444963	0.895036	0.0	0.9924290000000001	0.09322430000000001	-0.0799655	0.0	-2.51913	1.45248	1.4346	0.339516	-0.14491600000000002	0.8345379999999999	-0.531551	0.0	0.181451	-0.505696	-0.843414	0.0	-0.972664	-0.218675	-0.0781444	0.0	2.62059	1.31123	1.8734400000000002	0.362689	
3	-0.119021	0.890684	-0.438767	0.0	0.0303202	0.444963	0.895036	0.0	0.9924290000000001	0.0932242	-0.0799654	0.0	-2.51913	1.45248	1.4346	0.339516	-0.14491600000000002	0.8345379999999999	-0.531551	0.0	0.181451	-0.505696	-0.843414	0.0	-0.972664	-0.218675	-0.0781444	0.0	2.62059	1.31123	1.8734400000000002	0.362689	
3	-0.119021	0.890684	-0.438767	0.0	0.0303202	0.444963	0.895036	0.0	0.9924290000000001	0.0932242	-0.07996560000000001	0.0	-2.51913	1.45248	1.4346	0.339516	-0.14491600000000002	0.8345379999999999	-0.531551	0.0	0.181451	-0.505696	-0.843414	0.0	-0.972664	-0.218675	-0.0781443	0.0	2.62059	1.31123	1.8734400000000002	0.362689	
3	-0.119021	0.890684	-0.438767	0.0	0.030320299999999998	0.444963	0.895036	0.0	0.9924290000000001	0.0932242	-0.07996560000000001	0.0	-2.51913	1.45248	1.4346	0.339516	-0.14491600000000002	0.8345379999999999	-0.531551	0.0	0.181451	-0.505696	-0.843414	0.0	-0.972664	-0.218675	-0.0781444	0.0	2.62059	1.31123	1.8734400000000002	0.362689	
3	-0.119021	0.890684	-0.438767	0.0	0.0303202	0.444963	0.895036	0.0	0.9924290000000001	0.0932242	-0.07996560000000001	0.0	-2.51913	1.45248	1.4346	0.339516	-0.14491600000000002	0.8345379999999999	-0.531551	0.0	0.181451	-0.505696	-0.843414	0.0	-0.972664	-0.218675	-0.0781447	0.0	2.62059	1.31123	1.8734400000000002	0.362689	
3	-0.119021	0.890684	-0.438767	0.0	0.0303202	0.444963	0.895036	0.0	0.9924290000000001	0.09322430000000001	-0.07996560000000001	0.0	-2.51913	1.45248	1.4346	0.339516	-0.14491600000000002	0.8345379999999999	-0.531551	0.0	0.181451	-0.505696	-0.843414	0.0	-0.972664	-0.218675	-0.0781447	0.0	2.62059	1.31123	1.8734400000000002	0.362689	
3	-0.119021	0.890684	-0.438767	0.0	0.0303202	0.444963	0.895036	0.0	0.9924290000000001	0.09322430000000001	-0.07996560000000001	0.0	-2.51913	1.45248	1.4346	0.339516	-0.14491600000000002	0.8345379999999999	-0.531551	0.0	0.181451	-0.505696	-0.843414	0.0	-0.972664	-0.218675	-0.0781444	0.0	2.62059	1.31123	1.8734400000000002	0.362689	
3	-0.051805399999999995	0.755627	-0.6529510000000001	0.0	-0.0024569	0.65373	0.756724	0.0	0.998654	0.0408065	-0.0320103	0.0	-2.4093400000000003	1.4014799999999998	1.3565	0.35184699999999997	-0.053434699999999995	0.8516360000000001	-0.521403	0.0	-0.048355800000000004	-0.523744	-0.8505030000000001	0.0	-0.9974	-0.0202335	0.0691674	0.0	2.4931	1.4269399999999999	1.90778	0.35134499999999996	
3	-0.0499344	0.759269	-0.648859	0.0	-0.00524896	0.649461	0.7603770000000001	0.0	0.9987389999999999	0.0413748	-0.028445099999999997	0.0	-2.37376	1.38812	1.34915	0.35102	-0.050755	0.849831	-0.524606	0.0	-0.0566462	-0.526887	-0.848046	0.0	-0.9971040000000001	-0.013325499999999999	0.0748816	0.0	2.45064	1.44801	1.90065	0.351461	
3	-0.06812560000000001	0.759429	-0.647014	0.0	-0.0111389	0.6479010000000001	0.7616430000000001	0.0	0.9976149999999999	0.0590942	-0.0356796	0.0	-2.3685	1.39267	1.30408	0.350304	-0.0420051	0.8468600000000001	-0.530155	0.0	-0.0769885	-0.5317890000000001	-0.8433700000000001	0.0	-0.9961469999999999	0.00539014	0.087536	0.0	2.39541	1.5165899999999999	1.89126	0.351209	
3	-0.0775029	0.770777	-0.632374	0.0	-0.029835300000000002	0.632204	0.774227	0.0	0.9965459999999999	0.0788719	-0.026001299999999998	0.0	-2.27952	1.40362	1.20509	0.348981	-0.0428331	0.838476	-0.543253	0.0	-0.101587	-0.544589	-0.832528	0.0	-0.9939040000000001	0.019527700000000002	0.108504	0.0	2.31106	1.5739	1.84195	0.350747	
3	-0.00916553	0.78559	-0.618679	0.0	-0.0203028	0.6184310000000001	0.7855770000000001	0.0	0.9997520000000001	0.0197611	0.0102814	0.0	-2.0807599999999997	1.26514	0.907568	0.33566799999999997	-0.09722510000000001	0.834169	-0.542872	0.0	-0.10009	-0.550886	-0.828557	0.0	-0.990217	-0.026220499999999997	0.137052	0.0	2.14499	1.65543	1.6246200000000002	0.35581199999999996	
3	0.07391239999999999	0.772839	-0.6302840000000001	0.0	0.0882207	0.624467	0.776053	0.0	0.9933549999999999	-0.11296400000000001	-0.0220245	0.0	-1.9178099999999998	1.0631700000000002	0.42454200000000003	0.3212	-0.161737	0.824082	-0.542891	0.0	-0.023286900000000003	-0.553168	-0.832744	0.0	-0.986559	-0.12204300000000001	0.10865799999999999	0.0	2.01836	1.5888200000000001	1.2326	0.35372	
3	0.138476	0.773364	-0.618654	0.0	0.246462	0.578109	0.7778470000000001	0.0	0.959208	-0.26018800000000003	-0.110551	0.0	-1.73715	0.777986	-0.227794	0.338686	-0.251422	0.788247	-0.561654	0.0	0.08376180000000001	-0.560397	-0.8239780000000001	0.0	-0.964247	-0.254211	0.0748706	0.0	1.8561299999999998	1.33713	0.718472	0.351517	
3	0.198915	0.769563	-0.6068	0.0	0.331382	0.529884	0.780646	0.0	0.9222899999999999	-0.35636599999999996	-0.149617	0.0	-1.6850599999999998	0.42673500000000003	-0.9045770000000001	0.34055599999999997	-0.324902	0.744923	-0.582691	0.0	0.168337	-0.5607270000000001	-0.810708	0.0	-0.9306459999999999	-0.361489	0.0567826	0.0	1.73612	0.960225	0.10485599999999999	0.354594	
3	0.25248699999999996	0.746373	-0.6157739999999999	0.0	0.39169899999999996	0.503075	0.7703810000000001	0.0	0.8847719999999999	-0.43571000000000004	-0.16533399999999998	0.0	-1.67127	0.0261385	-1.5551	0.3316	-0.378308	0.6969609999999999	-0.609204	0.0	0.24116500000000002	-0.561181	-0.79178	0.0	-0.8937129999999999	-0.446455	0.0442162	0.0	1.6444400000000001	0.518762	-0.579222	0.359082	
3	0.284083	0.717301	-0.636221	0.0	0.43085200000000007	0.49728599999999995	0.753043	0.0	0.856542	-0.488044	-0.16777999999999998	0.0	-1.72308	-0.259668	-1.98741	0.310131	-0.420204	0.646169	-0.6370979999999999	0.0	0.303161	-0.5617840000000001	-0.7697350000000001	0.0	-0.855291	-0.5165890000000001	0.0401705	0.0	1.63783	0.0970094	-1.0795700000000001	0.359995	
3	0.291669	0.7253149999999999	-0.623576	0.0	0.43105299999999996	0.482303	0.762612	0.0	0.8538870000000001	-0.491225	-0.171976	0.0	-1.75767	-0.46741499999999997	-2.24966	0.30193000000000003	-0.43637	0.610093	-0.661338	0.0	0.363557	-0.5527850000000001	-0.749837	0.0	-0.823048	-0.5676399999999999	0.0194155	0.0	1.7520200000000001	-0.31196599999999997	-1.5295	0.35786	
3	0.292912	0.726824	-0.621232	0.0	0.43260600000000005	0.478678	0.764015	0.0	0.852675	-0.49253800000000003	-0.174218	0.0	-1.77046	-0.5515939999999999	-2.34028	0.298502	-0.426364	0.607745	-0.6699689999999999	0.0	0.380783	-0.55125	-0.74238	0.0	-0.820499	-0.571637	0.00361431	0.0	1.84519	-0.502441	-1.7400799999999998	0.35484	
3	0.300002	0.698401	-0.649796	0.0	0.42192799999999997	0.513774	0.747003	0.0	0.855556	-0.49826899999999996	-0.140542	0.0	-1.8347900000000001	-0.781403	-2.35438	0.300215	-0.37605500000000003	0.602558	-0.703922	0.0	0.41141700000000003	-0.5721149999999999	-0.709521	0.0	-0.830252	-0.556425	-0.032755900000000004	0.0	2.09016	-0.8769170000000001	-2.11141	0.35299899999999995	
3	0.28065500000000004	0.672863	-0.684462	0.0	0.41281599999999996	0.559171	0.718965	0.0	0.8664959999999999	-0.48433699999999996	-0.12083499999999998	0.0	-1.8022099999999999	-0.8020430000000001	-2.27217	0.309064	-0.391011	0.571607	-0.721371	0.0	0.41779799999999995	-0.588132	-0.692492	0.0	-0.820095	-0.572159	-0.00885013	0.0	2.13794	-0.946358	-2.0813900000000003	0.351539	
3	0.272758	0.661469	-0.6986140000000001	0.0	0.40587399999999996	0.579252	0.706918	0.0	0.8722780000000001	-0.476367	-0.11047799999999999	0.0	-1.7969400000000002	-0.778787	-2.19683	0.31750500000000004	-0.374183	0.565126	-0.735269	0.0	0.42311899999999997	-0.601488	-0.6776300000000001	0.0	-0.825202	-0.564663	-0.014049100000000002	0.0	2.1393	-0.9191450000000001	-2.0723599999999998	0.34746	
3	0.27460100000000004	0.6569729999999999	-0.702126	0.0	0.40928600000000004	0.580887	0.7036020000000001	0.0	0.8701030000000001	-0.48058	-0.109377	0.0	-1.8123900000000002	-0.765141	-2.16045	0.31875	-0.374336	0.569911	-0.731488	0.0	0.42809899999999995	-0.593533	-0.6815060000000001	0.0	-0.822559	-0.568261	-0.0217983	0.0	2.18106	-0.912933	-2.02734	0.347748	
3	0.275152	0.6582279999999999	-0.700734	0.0	0.413146	0.57718	0.704396	0.0	0.8681030000000001	-0.483321	-0.113132	0.0	-1.87222	-0.750278	-2.13518	0.319191	-0.37388499999999997	0.573156	-0.72918	0.0	0.430529	-0.58911	-0.683809	0.0	-0.8214959999999999	-0.5695979999999999	-0.0265013	0.0	2.2396700000000003	-0.9229219999999999	-2.01273	0.348147	
3	0.274326	0.6561359999999999	-0.703015	0.0	0.408387	0.582372	0.702896	0.0	0.870612	-0.479925	-0.108198	0.0	-1.88365	-0.749166	-2.08935	0.319749	-0.37348899999999996	0.5671149999999999	-0.734089	0.0	0.43266800000000005	-0.5935050000000001	-0.678639	0.0	-0.8205520000000001	-0.5710810000000001	-0.0237049	0.0	2.25785	-0.9163049999999999	-2.01112	0.347864	
3	0.275069	0.651558	-0.706972	0.0	0.399135	0.591586	0.700512	0.0	0.874659	-0.474867	-0.0973321	0.0	-1.8739700000000001	-0.772007	-2.0767599999999997	0.321338	-0.373456	0.563471	-0.736907	0.0	0.434507	-0.595599	-0.675623	0.0	-0.819594	-0.5725060000000001	-0.0224031	0.0	2.2481299999999997	-0.909314	-2.04208	0.347794	
3	0.27852	0.649558	-0.707461	0.0	0.391843	0.595662	0.701174	0.0	0.8768610000000001	-0.472505	-0.08862110000000001	0.0	-1.8312599999999999	-0.791964	-2.01795	0.321329	-0.374268	0.561326	-0.7381310000000001	0.0	0.43373900000000004	-0.5975779999999999	-0.674366	0.0	-0.81963	-0.57255	-0.0198148	0.0	2.23495	-0.8972969999999999	-2.03595	0.347817	
3	0.27939899999999995	0.64982	-0.706873	0.0	0.391791	0.59496	0.7018	0.0	0.876605	-0.473029	-0.088362	0.0	-1.8211700000000002	-0.796067	-2.0080400000000003	0.321498	-0.374172	0.560526	-0.738787	0.0	0.43392299999999995	-0.598242	-0.67366	0.0	-0.819577	-0.572641	-0.0193794	0.0	2.23278	-0.8966850000000001	-2.03762	0.34780700000000003	
3	0.280041	0.649091	-0.7072890000000001	0.0	0.39352800000000004	0.5944	0.7013020000000001	0.0	0.8756209999999999	-0.474732	-0.0889791	0.0	-1.8119999999999998	-0.801251	-1.9970299999999999	0.321757	-0.375085	0.557376	-0.740704	0.0	0.43431400000000003	-0.600251	-0.671618	0.0	-0.818952	-0.573612	-0.016931099999999998	0.0	2.22689	-0.8909379999999999	-2.02455	0.347852	
3	0.281094	0.64428	-0.711259	0.0	0.38868600000000003	0.601201	0.698198	0.0	0.877445	-0.47271599999999997	-0.0814288	0.0	-1.82837	-0.8310790000000001	-2.02468	0.322153	-0.375772	0.555991	-0.741397	0.0	0.435174	-0.6004659999999999	-0.670868	0.0	-0.81818	-0.57473	-0.0163142	0.0	2.21829	-0.875351	-1.99794	0.34772	
3	0.280816	0.643413	-0.7121529999999999	0.0	0.387452	0.602862	0.6974520000000001	0.0	0.878079	-0.47178100000000006	-0.07999810000000002	0.0	-1.83643	-0.843865	-2.02996	0.324288	-0.376044	0.554585	-0.742312	0.0	0.434483	-0.602049	-0.6698970000000001	0.0	-0.818423	-0.5744319999999999	-0.014561099999999999	0.0	2.2124	-0.870552	-1.9837900000000002	0.347827	
3	0.281348	0.639983	-0.715028	0.0	0.383902	0.607833	0.695096	0.0	0.879467	-0.47006499999999996	-0.0746777	0.0	-1.8354700000000002	-0.852454	-2.0241700000000002	0.324391	-0.376008	0.5545859999999999	-0.74233	0.0	0.433936	-0.602455	-0.669886	0.0	-0.818729	-0.574006	-0.014127299999999999	0.0	2.2113	-0.870326	-1.9877099999999999	0.347815	
3	0.281316	0.639259	-0.715688	0.0	0.38424200000000003	0.608371	0.694437	0.0	0.8793290000000001	-0.470354	-0.0744857	0.0	-1.83716	-0.855042	-2.02142	0.32459099999999996	-0.375985	0.5530619999999999	-0.743477	0.0	0.43497399999999997	-0.603114	-0.668619	0.0	-0.818189	-0.574784	-0.0138059	0.0	2.20635	-0.8660329999999999	-1.98358	0.347656	
3	0.281947	0.637664	-0.716861	0.0	0.38445100000000004	0.609477	0.693351	0.0	0.879036	-0.47108599999999995	-0.0733104	0.0	-1.83705	-0.8553629999999999	-2.0159700000000003	0.324945	-0.375839	0.551525	-0.744691	0.0	0.435154	-0.6044579999999999	-0.6672859999999999	0.0	-0.81816	-0.5748479999999999	-0.012819200000000001	0.0	2.20243	-0.859814	-1.9826099999999998	0.347756	
3	0.279868	0.630107	-0.72432	0.0	0.381441	0.61938	0.6862	0.0	0.881009	-0.46833100000000005	-0.06700410000000001	0.0	-1.8381599999999998	-0.8588979999999999	-2.01721	0.325806	-0.375255	0.5475979999999999	-0.747877	0.0	0.43559200000000003	-0.608019	-0.663756	0.0	-0.818195	-0.5748479999999999	-0.010367399999999999	0.0	2.19714	-0.854923	-1.98632	0.347615	
3	0.246038	0.591073	-0.768178	0.0	0.316671	0.700029	0.640061	0.0	0.91607	-0.400739	-0.014941299999999998	0.0	-1.7957299999999998	-0.8038930000000001	-1.93587	0.326373	-0.37271	0.522877	-0.766608	0.0	0.43760699999999997	-0.6294609999999999	-0.6420899999999999	0.0	-0.818283	-0.574786	0.00579116	0.0	2.1627400000000003	-0.827428	-1.93957	0.343885	
3	0.17739100000000002	0.572427	-0.8005369999999999	0.0	0.184175	0.7797569999999999	0.59838	0.0	0.9667530000000001	-0.25358600000000003	0.032895	0.0	-1.7013200000000002	-0.539047	-1.7606	0.32667199999999996	-0.352256	0.523123	-0.776053	0.0	0.41185200000000005	-0.657954	-0.6304569999999999	0.0	-0.840413	-0.541701	0.0163184	0.0	2.05438	-0.657536	-1.7543900000000001	0.342998	
3	0.156283	0.570351	-0.806396	0.0	0.11449300000000001	0.8004640000000001	0.588344	0.0	0.9810540000000001	-0.184275	0.0597975	0.0	-1.6082100000000001	-0.29630700000000004	-1.57731	0.326936	-0.313582	0.535229	-0.784345	0.0	0.373786	-0.689742	-0.620113	0.0	-0.872898	-0.487634	0.0162292	0.0	1.9386400000000001	-0.411308	-1.55669	0.34367800000000004	
3	0.14918900000000002	0.578322	-0.8020510000000001	0.0	0.10215	0.797775	0.59424	0.0	0.983518	-0.17058399999999999	0.05994360000000001	0.0	-1.5611899999999999	-0.152922	-1.48858	0.326733	-0.28505	0.5636359999999999	-0.775281	0.0	0.340219	-0.696677	-0.631579	0.0	-0.896101	-0.44379700000000005	0.00682765	0.0	1.85631	-0.175625	-1.28338	0.34371999999999997	
3	0.14966500000000002	0.59299	-0.791179	0.0	0.109614	0.785308	0.609325	0.0	0.982642	-0.177919	0.0525331	0.0	-1.55162	-0.101866	-1.47076	0.327137	-0.276386	0.579703	-0.766522	0.0	0.343976	-0.685082	-0.6421399999999999	0.0	-0.897381	-0.441143	-0.010057	0.0	1.86595	-0.0683245	-1.07297	0.343835	
3	0.15424200000000002	0.6128640000000001	-0.774988	0.0	0.118157	0.767304	0.630304	0.0	0.980943	-0.18879	0.0459365	0.0	-1.55518	-0.10672899999999999	-1.47054	0.33412	-0.284841	0.597178	-0.749829	0.0	0.35575100000000004	-0.660512	-0.661185	0.0	-0.890116	-0.455085	-0.0243058	0.0	1.93586	-0.14263199999999998	-1.00853	0.345683	
3	0.158707	0.6268640000000001	-0.762793	0.0	0.131388	0.752305	0.6455810000000001	0.0	0.9785440000000001	-0.20268	0.0370334	0.0	-1.57018	-0.145529	-1.5044899999999999	0.33474299999999996	-0.288846	0.604495	-0.742398	0.0	0.37075	-0.644316	-0.66888	0.0	-0.882674	-0.468447	-0.0380085	0.0	2.02521	-0.256154	-1.06182	0.345994	
3	0.16001600000000002	0.631271	-0.758875	0.0	0.136069	0.747336	0.650364	0.0	0.977691	-0.207328	0.033689300000000005	0.0	-1.58006	-0.16941900000000001	-1.52655	0.334254	-0.28969	0.606228	-0.740653	0.0	0.371422	-0.641988	-0.670744	0.0	-0.882114	-0.46940299999999996	-0.0391889	0.0	2.05098	-0.293802	-1.1255899999999999	0.34593	
3	0.161377	0.636506	-0.7542	0.0	0.13986600000000002	0.7417520000000001	0.655928	0.0	0.976931	-0.211339	0.030675599999999997	0.0	-1.58873	-0.182421	-1.53593	0.334217	-0.29070799999999997	0.605564	-0.740798	0.0	0.373055	-0.641227	-0.670566	0.0	-0.8810899999999999	-0.471297	-0.039499	0.0	2.03962	-0.266846	-1.14488	0.345788	
3	0.163374	0.6413939999999999	-0.7496149999999999	0.0	0.141743	0.73668	0.661219	0.0	0.9763290000000001	-0.214279	0.0294409	0.0	-1.6019	-0.20008099999999998	-1.54817	0.333874	-0.291626	0.606603	-0.739586	0.0	0.37258600000000003	-0.6400899999999999	-0.6719109999999999	0.0	-0.880985	-0.47150600000000004	-0.0393458	0.0	2.03207	-0.25943499999999997	-1.16906	0.346003	
3	0.164718	0.647705	-0.743873	0.0	0.155091	0.727785	0.668039	0.0	0.9740709999999999	-0.225406	0.0194262	0.0	-1.6163100000000001	-0.226005	-1.57541	0.333741	-0.290502	0.6084729999999999	-0.738491	0.0	0.37106500000000003	-0.639746	-0.673079	0.0	-0.881998	-0.469559	-0.0399359	0.0	2.03537	-0.27300399999999997	-1.1818899999999999	0.346595	
3	0.166714	0.655281	-0.736758	0.0	0.164666	0.7182189999999999	0.676053	0.0	0.972158	-0.234026	0.0118348	0.0	-1.63323	-0.2681	-1.61253	0.33378	-0.290704	0.613029	-0.734633	0.0	0.370615	-0.6357109999999999	-0.677138	0.0	-0.8821200000000001	-0.469113	-0.042394	0.0	2.03661	-0.29048	-1.20418	0.34691500000000003	
3	0.16935699999999998	0.659501	-0.7323770000000001	0.0	0.17563399999999998	0.71102	0.680884	0.0	0.9697790000000001	-0.24394200000000002	0.004585499999999999	0.0	-1.6367399999999999	-0.28276799999999996	-1.61497	0.333876	-0.29117600000000005	0.614165	-0.7334970000000001	0.0	0.37358600000000003	-0.632845	-0.67819	0.0	-0.88071	-0.471497	-0.0451736	0.0	2.03908	-0.306291	-1.2233	0.347206	
3	0.17574700000000001	0.667719	-0.72337	0.0	0.189208	0.698196	0.690451	0.0	0.966081	-0.258212	-0.00363195	0.0	-1.66468	-0.342503	-1.6663400000000002	0.335111	-0.293069	0.6163810000000001	-0.73088	0.0	0.381646	-0.625483	-0.680528	0.0	-0.876617	-0.478379	-0.0519294	0.0	2.05966	-0.34760599999999997	-1.30869	0.34727199999999997	
3	0.18046700000000002	0.674134	-0.7162229999999999	0.0	0.204042	0.686679	0.697739	0.0	0.962184	-0.272059	-0.0136285	0.0	-1.6928299999999998	-0.384399	-1.71518	0.335338	-0.295429	0.61641	-0.729905	0.0	0.386187	-0.6217520000000001	-0.681383	0.0	-0.8738309999999999	-0.48318	-0.054366599999999994	0.0	2.06316	-0.368603	-1.35059	0.347502	
3	0.180885	0.6756939999999999	-0.714646	0.0	0.209975	0.683347	0.699248	0.0	0.960828	-0.276541	-0.0182712	0.0	-1.7020099999999998	-0.39609099999999997	-1.73335	0.335403	-0.29658	0.614952	-0.730667	0.0	0.388259	-0.621367	-0.680557	0.0	-0.8725219999999999	-0.48552799999999996	-0.0544751	0.0	2.0651599999999997	-0.383098	-1.36935	0.347485	
3	0.181805	0.677003	-0.713172	0.0	0.21477	0.680411	0.700654	0.0	0.9595940000000001	-0.28055	-0.021698	0.0	-1.7200400000000002	-0.423515	-1.76757	0.335389	-0.29723	0.614613	-0.730689	0.0	0.387592	-0.621718	-0.680617	0.0	-0.872598	-0.485508	-0.0534259	0.0	2.04832	-0.404654	-1.4116	0.347492	
3	0.182118	0.678295	-0.711863	0.0	0.220464	0.67737	0.7018300000000001	0.0	0.9582430000000001	-0.284756	-0.0261781	0.0	-1.7206299999999999	-0.42554899999999996	-1.77318	0.335386	-0.298273	0.612727	-0.731846	0.0	0.388573	-0.622384	-0.6794479999999999	0.0	-0.871806	-0.48703599999999997	-0.052449	0.0	2.0403599999999997	-0.421904	-1.44757	0.347447	
3	0.18173499999999998	0.6810229999999999	-0.7093520000000001	0.0	0.22887800000000003	0.672257	0.7040489999999999	0.0	0.956341	-0.29030500000000004	-0.0336986	0.0	-1.72259	-0.42476499999999995	-1.7760200000000002	0.335471	-0.298334	0.613164	-0.731455	0.0	0.388472	-0.622002	-0.679855	0.0	-0.8718290000000001	-0.48697399999999996	-0.0526328	0.0	2.0384599999999997	-0.427487	-1.45764	0.34775300000000003	
3	0.179501	0.6952550000000001	-0.695988	0.0	0.260486	0.648637	0.7151350000000001	0.0	0.9486450000000001	-0.309662	-0.0646732	0.0	-1.73165	-0.41769799999999996	-1.80919	0.334839	-0.29688600000000004	0.62115	-0.7252810000000001	0.0	0.38861799999999996	-0.61519	-0.685942	0.0	-0.872259	-0.485504	-0.05874890000000001	0.0	2.03127	-0.431904	-1.48118	0.348174	
3	0.165001	0.707428	-0.6872550000000001	0.0	0.292265	0.63044	0.719115	0.0	0.9419959999999999	-0.31951599999999997	-0.10273299999999999	0.0	-1.75112	-0.415416	-1.9312	0.334071	-0.287844	0.625635	-0.72507	0.0	0.388986	-0.615467	-0.6854859999999999	0.0	-0.8751200000000001	-0.47935500000000003	-0.066205	0.0	2.01613	-0.44408100000000006	-1.5242	0.348016	
3	0.149064	0.710068	-0.688174	0.0	0.294914	0.632351	0.7163510000000001	0.0	0.943825	-0.309734	-0.115148	0.0	-1.70495	-0.42307700000000004	-2.10079	0.334836	-0.282568	0.617953	-0.733682	0.0	0.396502	-0.621212	-0.6759310000000001	0.0	-0.873466	-0.48190299999999997	-0.0694847	0.0	1.99143	-0.479628	-1.5784799999999999	0.34824499999999997	
3	0.151036	0.7105319999999999	-0.687265	0.0	0.294625	0.631287	0.717407	0.0	0.943602	-0.31084	-0.11399300000000001	0.0	-1.6949	-0.42508100000000004	-2.11078	0.334833	-0.28467	0.615494	-0.7349359999999999	0.0	0.397156	-0.622042	-0.674782	0.0	-0.8724850000000001	-0.48397399999999996	-0.0673702	0.0	1.9867599999999999	-0.489262	-1.58481	0.348167	
3	0.164016	0.711878	-0.682882	0.0	0.288746	0.6272909999999999	0.723278	0.0	0.9432520000000001	-0.315809	-0.10266600000000001	0.0	-1.56734	-0.43092299999999994	-2.3896599999999997	0.33511599999999997	-0.320838	0.602344	-0.73092	0.0	0.40225900000000003	-0.611999	-0.6809149999999999	0.0	-0.857467	-0.512483	-0.0459458	0.0	1.97701	-0.63222	-1.6867599999999998	0.348619	
3	0.169218	0.728215	-0.66413	0.0	0.30072	0.603565	0.738429	0.0	0.93858	-0.324673	-0.116855	0.0	-1.51915	-0.42040299999999997	-2.49166	0.334375	-0.32345300000000005	0.6112310000000001	-0.7223390000000001	0.0	0.415468	-0.594119	-0.688774	0.0	-0.8501549999999999	-0.522895	-0.06177769999999999	0.0	1.99291	-0.700063	-1.81867	0.34862600000000005	
3	0.198061	0.74517	-0.636783	0.0	0.341553	0.5564680000000001	0.75742	0.0	0.9187559999999999	-0.36751100000000003	-0.144301	0.0	-1.52074	-0.541283	-2.63268	0.334767	-0.311641	0.613548	-0.725561	0.0	0.446075	-0.5797479999999999	-0.681843	0.0	-0.838986	-0.536144	-0.09301569999999999	0.0	2.12879	-0.868447	-2.0869299999999997	0.34841700000000003	
3	0.22330999999999998	0.747837	-0.6251979999999999	0.0	0.369816	0.5284399999999999	0.764191	0.0	0.9018700000000001	-0.401859	-0.158556	0.0	-1.5881299999999998	-0.738159	-2.72778	0.33464299999999997	-0.291889	0.611621	-0.735337	0.0	0.45771300000000004	-0.5857439999999999	-0.668882	0.0	-0.8398209999999999	-0.531813	-0.108975	0.0	2.28697	-0.997448	-2.25915	0.348364	
3	0.235779	0.735766	-0.634867	0.0	0.379311	0.531792	0.757179	0.0	0.894724	-0.419339	-0.153699	0.0	-1.65052	-0.8711700000000001	-2.78185	0.334282	-0.298413	0.587667	-0.752062	0.0	0.46416599999999997	-0.59915	-0.652357	0.0	-0.833967	-0.5437529999999999	-0.0939807	0.0	2.38635	-1.09733	-2.30287	0.34829899999999997	
3	0.235165	0.73312	-0.6381479999999999	0.0	0.379257	0.5353020000000001	0.754729	0.0	0.8949090000000001	-0.419508	-0.15215599999999999	0.0	-1.66241	-0.899357	-2.77592	0.33455999999999997	-0.299492	0.581728	-0.756239	0.0	0.46423100000000006	-0.6036199999999999	-0.648176	0.0	-0.833543	-0.545193	-0.08927760000000001	0.0	2.41095	-1.11895	-2.28462	0.348197	
3	0.233271	0.727191	-0.645584	0.0	0.376825	0.544424	0.749404	0.0	0.896431	-0.41808599999999996	-0.147025	0.0	-1.6625	-0.9248370000000001	-2.7266	0.334545	-0.300676	0.5756439999999999	-0.760413	0.0	0.465441	-0.607348	-0.6438119999999999	0.0	-0.832441	-0.547506	-0.08531419999999999	0.0	2.40825	-1.1178	-2.24566	0.34823699999999996	
3	0.23356300000000002	0.726039	-0.6467729999999999	0.0	0.37896599999999997	0.5446	0.7481949999999999	0.0	0.895452	-0.41985500000000003	-0.147946	0.0	-1.6565900000000002	-0.9273040000000001	-2.70729	0.334757	-0.301655	0.573002	-0.762019	0.0	0.467282	-0.607819	-0.642031	0.0	-0.8310549999999999	-0.5497489999999999	-0.08440139999999999	0.0	2.4035900000000003	-1.11344	-2.253	0.348183	
3	0.234602	0.724532	-0.6480859999999999	0.0	0.38198499999999996	0.5443520000000001	0.746838	0.0	0.8938959999999999	-0.42276899999999995	-0.149054	0.0	-1.67335	-0.9231360000000001	-2.68875	0.334723	-0.301637	0.57182	-0.762914	0.0	0.46856800000000004	-0.6079720000000001	-0.640948	0.0	-0.8303370000000001	-0.55081	-0.0845494	0.0	2.3988400000000003	-1.10991	-2.27602	0.34812600000000005	
3	0.234843	0.723669	-0.648962	0.0	0.382648	0.5449	0.746099	0.0	0.8935489999999999	-0.42353999999999997	-0.148945	0.0	-1.68003	-0.923316	-2.6707099999999997	0.334793	-0.301559	0.570511	-0.7639239999999999	0.0	0.467901	-0.609556	-0.63993	0.0	-0.830741	-0.550417	-0.08312610000000001	0.0	2.3966	-1.1091	-2.27769	0.347992	
3	0.23449499999999998	0.7244510000000001	-0.648215	0.0	0.383515	0.543779	0.746472	0.0	0.8932680000000001	-0.42364399999999997	-0.150324	0.0	-1.68823	-0.922234	-2.65813	0.334814	-0.30206500000000003	0.568322	-0.765354	0.0	0.467242	-0.611542	-0.6385149999999999	0.0	-0.8309280000000001	-0.550478	-0.0808184	0.0	2.38631	-1.09999	-2.26168	0.348186	
3	0.23383099999999998	0.724725	-0.648149	0.0	0.382112	0.544491	0.7466729999999999	0.0	0.8940440000000001	-0.42226099999999994	-0.149607	0.0	-1.68412	-0.9227879999999999	-2.66079	0.334893	-0.302406	0.5670310000000001	-0.766177	0.0	0.46819099999999997	-0.6118	-0.637572	0.0	-0.8302700000000001	-0.5515220000000001	-0.0804665	0.0	2.38268	-1.09449	-2.26436	0.348132	
3	0.23396999999999998	0.72421	-0.648674	0.0	0.38114899999999996	0.545462	0.746456	0.0	0.894418	-0.42189	-0.14841	0.0	-1.6833799999999999	-0.9244889999999999	-2.65561	0.335077	-0.302708	0.56512	-0.767468	0.0	0.470375	-0.6117640000000001	-0.635997	0.0	-0.828924	-0.553519	-0.08063250000000001	0.0	2.3769400000000003	-1.08899	-2.2766900000000003	0.34824499999999997	
3	0.23421399999999998	0.724896	-0.64782	0.0	0.382183	0.5440510000000001	0.746957	0.0	0.893913	-0.422533	-0.149618	0.0	-1.6877799999999998	-0.924343	-2.65321	0.335102	-0.302793	0.563979	-0.768273	0.0	0.4703	-0.612712	-0.635139	0.0	-0.828936	-0.553634	-0.0797145	0.0	2.37439	-1.08332	-2.28286	0.348132	
3	0.234361	0.725476	-0.647116	0.0	0.382961	0.542934	0.747372	0.0	0.893541	-0.422975	-0.150586	0.0	-1.6861400000000002	-0.9233819999999999	-2.65265	0.33511799999999997	-0.30285100000000004	0.563253	-0.768783	0.0	0.46958500000000003	-0.613758	-0.634659	0.0	-0.8293200000000001	-0.5532159999999999	-0.0786182	0.0	2.37039	-1.0826799999999999	-2.2814400000000004	0.348042	
3	0.233767	0.725412	-0.647403	0.0	0.383664	0.542999	0.746963	0.0	0.893395	-0.423001	-0.15137899999999999	0.0	-1.6878	-0.9213620000000001	-2.65574	0.335027	-0.30343000000000003	0.5601649999999999	-0.770809	0.0	0.47041499999999997	-0.6154270000000001	-0.632424	0.0	-0.8286379999999999	-0.554496	-0.07677130000000001	0.0	2.3649	-1.0815700000000001	-2.2791799999999998	0.347999	
