3	-0.0370265	0.752572	-0.657468	0.0	-0.0354972	0.656514	0.753478	0.0	0.998684	0.051237	0.00240582	0.0	-2.78642	1.96314	1.36418	2.86102e-05	-0.0659944	0.9487200000000001	-0.309151	0.0	0.185685	-0.292738	-0.93799	0.0	-0.980391	-0.119307	-0.156844	0.0	2.64768	1.87677	1.47538	-0.00048828099999999997	
3	-0.0324913	0.759128	-0.65013	0.0	-0.0607764	0.6477689999999999	0.759409	0.0	0.9976219999999999	0.0641866	0.0250902	0.0	-2.83319	1.87717	1.40216	0.0	-0.0680885	0.945876	-0.317306	0.0	0.177644	-0.30146799999999996	-0.936782	0.0	-0.9817370000000001	-0.120152	-0.147503	0.0	2.66499	1.80932	1.42625	0.0	
3	-0.0381602	0.773129	-0.633099	0.0	-0.026039	0.632576	0.7740600000000001	0.0	0.9989319999999999	0.0460235	-0.00400776	0.0	-2.90488	1.76236	1.36506	0.0	-0.048982	0.9389930000000001	-0.340431	0.0	0.202585	-0.324415	-0.923967	0.0	-0.978039	-0.114224	-0.174336	0.0	2.64918	1.7186599999999999	1.4008399999999999	0.0	
3	-0.059423500000000004	0.7822319999999999	-0.620147	0.0	-0.0292117	0.619616	0.784361	0.0	0.9978049999999999	0.064725	-0.013969399999999998	0.0	-2.97072	1.73059	1.2994299999999999	0.0	-0.04359980000000001	0.939311	-0.340285	0.0	0.20610900000000001	-0.324824	-0.9230430000000001	0.0	-0.977557	-0.11037999999999999	-0.17943800000000001	0.0	2.68197	1.71429	1.43671	0.023780799999999998	
3	-0.121108	0.791045	-0.59965	0.0	-0.028205200000000003	0.60111	0.798668	0.0	0.992239	0.11363800000000002	-0.0504874	0.0	-3.01261	1.76315	1.17072	0.28726399999999996	-0.0259123	0.959772	-0.279582	0.0	0.22518600000000003	-0.266884	-0.937051	0.0	-0.9739709999999999	-0.0872389	-0.20921199999999998	0.0	2.67386	1.7520099999999998	1.41496	0.359981	
3	-0.145875	0.804723	-0.575448	0.0	0.00492913	0.582254	0.812992	0.0	0.989291	0.11575899999999999	-0.0889028	0.0	-2.97129	1.79758	1.05958	0.34474299999999997	-0.034097	0.964158	-0.26313000000000003	0.0	0.244275	-0.247258	-0.9376530000000001	0.0	-0.9691069999999999	-0.096247	-0.22708899999999999	0.0	2.63035	1.73175	1.39563	0.361373	
3	-0.13514400000000001	0.8161390000000001	-0.56183	0.0	0.0160354	0.568759	0.822348	0.0	0.9906959999999999	0.102126	-0.0899512	0.0	-2.98275	1.74358	1.0499100000000001	0.346015	-0.0471731	0.964023	-0.261602	0.0	0.26067399999999996	-0.240938	-0.9348790000000001	0.0	-0.964274	-0.112294	-0.23993	0.0	2.62551	1.7065700000000001	1.37504	0.361213	
3	-0.127108	0.825199	-0.550354	0.0	0.0501403	0.559491	0.827319	0.0	0.9906209999999999	0.0775635	-0.11249100000000001	0.0	-3.00861	1.7086599999999998	1.05122	0.34579899999999997	-0.0539761	0.9645459999999999	-0.258336	0.0	0.269675	-0.235019	-0.933832	0.0	-0.9614379999999999	-0.120071	-0.247428	0.0	2.64217	1.68628	1.34903	0.361256	
3	-0.12156700000000001	0.830075	-0.54424	0.0	0.0756902	0.554462	0.82876	0.0	0.989693	0.059556200000000004	-0.130233	0.0	-3.0706599999999997	1.65415	1.0312700000000001	0.344323	-0.0603068	0.964141	-0.258449	0.0	0.28891999999999995	-0.230977	-0.9290719999999999	0.0	-0.9554520000000001	-0.1307	-0.26463000000000003	0.0	2.65193	1.6747299999999998	1.30016	0.361685	
3	-0.115705	0.827218	-0.5498390000000001	0.0	0.0832193	0.559683	0.8245180000000001	0.0	0.989792	0.0496432	-0.133599	0.0	-3.03333	1.55726	1.00825	0.344733	-0.0649358	0.958411	-0.277907	0.0	0.30022600000000005	-0.24682800000000002	-0.92138	0.0	-0.951656	-0.143265	-0.271712	0.0	2.6543900000000002	1.65772	1.2830000000000001	0.36336999999999997	
3	-0.118247	0.826974	-0.549665	0.0	0.07417819999999999	0.559358	0.8256	0.0	0.99021	0.056852	-0.127486	0.0	-2.99455	1.47085	0.981367	0.344644	-0.03158590000000001	0.9149149999999999	-0.402409	0.0	0.301874	-0.375076	-0.8764649999999999	0.0	-0.952824	-0.149161	-0.264343	0.0	2.66879	1.59897	1.24902	0.363236	
3	-0.136416	0.807001	-0.5745779999999999	0.0	0.0508217	0.584938	0.809484	0.0	0.989347	0.0812253	-0.120808	0.0	-2.96033	1.41404	0.96624	0.344614	0.0842061	0.795856	-0.5996020000000001	0.0	0.276966	-0.5967210000000001	-0.7531359999999999	0.0	-0.957183	-0.10265099999999999	-0.27067199999999997	0.0	2.70894	1.49245	1.17364	0.359861	
3	-0.116774	0.770845	-0.626228	0.0	0.044990800000000004	0.634	0.7720229999999999	0.0	0.992139	0.061978	-0.10871600000000001	0.0	-2.9176599999999997	1.3315	1.02932	0.345105	0.101225	0.677808	-0.728238	0.0	0.23041	-0.728068	-0.645622	0.0	-0.967815	-0.10244	-0.229872	0.0	2.7172	1.3784100000000001	1.23181	0.358848	
3	-0.116047	0.739784	-0.662762	0.0	0.032700400000000004	0.669754	0.741863	0.0	0.992705	0.0644181	-0.101914	0.0	-2.8643099999999997	1.26035	1.0783200000000002	0.342572	0.077092	0.641246	-0.7634529999999999	0.0	0.219306	-0.757884	-0.614424	0.0	-0.972606	-0.12006300000000002	-0.19905599999999998	0.0	2.68126	1.26219	1.34637	0.358665	
3	-0.111695	0.731403	-0.672737	0.0	0.0326775	0.6793100000000001	0.733124	0.0	0.9932049999999999	0.05990259999999999	-0.09977589999999999	0.0	-2.84349	1.24556	1.11211	0.330604	-0.00734282	0.682674	-0.730686	0.0	0.249225	-0.706399	-0.662486	0.0	-0.968418	-0.18697	-0.164952	0.0	2.65329	1.15541	1.48926	0.358168	
3	-0.110506	0.723174	-0.681768	0.0	0.0532962	0.689294	0.7225189999999999	0.0	0.9924459999999999	0.043507199999999996	-0.11471400000000001	0.0	-2.83823	1.25587	1.14363	0.332836	-0.147646	0.786713	-0.599402	0.0	0.30388699999999996	-0.540644	-0.784447	0.0	-0.941198	-0.297971	-0.159248	0.0	2.6072	1.03421	1.6064100000000001	0.358196	
3	-0.0873608	0.73443	-0.673038	0.0	0.0716752	0.678505	0.7310909999999999	0.0	0.9935950000000001	0.0156285	-0.11191500000000001	0.0	-2.84096	1.2658200000000002	1.18153	0.347058	-0.2448	0.8377680000000001	-0.48807700000000004	0.0	0.30886199999999997	-0.409788	-0.8583	0.0	-0.919064	-0.36086	-0.158439	0.0	2.61755	0.96291	1.68145	0.358297	
3	-0.071904	0.7434029999999999	-0.664967	0.0	0.0766892	0.66884	0.73944	0.0	0.994459	0.0021728000000000003	-0.105103	0.0	-2.84022	1.26276	1.208	0.350423	-0.291486	0.880991	-0.37268	0.0	0.278329	-0.294632	-0.9141799999999999	0.0	-0.9151879999999999	-0.370198	-0.159324	0.0	2.6510700000000003	0.964669	1.713	0.35886999999999997	
3	-0.0388434	0.774096	-0.631876	0.0	0.0842808	0.632637	0.769848	0.0	0.995685	-0.023351499999999997	-0.0898153	0.0	-2.8405099999999996	1.25851	1.2590000000000001	0.352247	-0.29591	0.9046139999999999	-0.30677600000000005	0.0	0.255612	-0.23445700000000003	-0.9379190000000001	0.0	-0.92038	-0.355955	-0.161852	0.0	2.66908	1.00205	1.70828	0.35946	
3	-0.00970618	0.804815	-0.5934470000000001	0.0	0.0905434	0.5917439999999999	0.801025	0.0	0.9958450000000001	-0.0459578	-0.0786142	0.0	-2.82171	1.2603799999999998	1.34127	0.353063	-0.296711	0.9156610000000001	-0.27115900000000004	0.0	0.24754299999999999	-0.200494	-0.9479049999999999	0.0	-0.922326	-0.348378	-0.167177	0.0	2.67653	1.02878	1.7014099999999999	0.35946999999999996	
3	0.020862099999999998	0.8471549999999999	-0.530936	0.0	0.09122480000000001	0.527223	0.844816	0.0	0.995612	-0.0660592	-0.0662827	0.0	-2.8151	1.23435	1.3629799999999999	0.35357	-0.29594699999999996	0.919269	-0.259538	0.0	0.23889200000000002	-0.19184500000000002	-0.951907	0.0	-0.924849	-0.343715	-0.16283	0.0	2.67972	1.02885	1.7046400000000002	0.360112	
3	0.0388758	0.878907	-0.47540699999999997	0.0	0.0851342	0.47112299999999996	0.877949	0.0	0.995611	-0.07460449999999999	-0.056509800000000006	0.0	-2.81334	1.20364	1.36417	0.353806	-0.29709800000000003	0.9196979999999999	-0.256687	0.0	0.238448	-0.18884700000000001	-0.952617	0.0	-0.9245950000000001	-0.344227	-0.163195	0.0	2.6778	1.03145	1.71123	0.359746	
3	0.0456387	0.8970879999999999	-0.43948999999999994	0.0	0.07688719999999999	0.435488	0.896905	0.0	0.9959950000000001	-0.07472469999999999	-0.0490994	0.0	-2.8103700000000003	1.19541	1.39887	0.35394200000000003	-0.29863	0.9195030000000001	-0.255605	0.0	0.23909699999999998	-0.187203	-0.952779	0.0	-0.923933	-0.345643	-0.163946	0.0	2.68541	1.05487	1.72813	0.359749	
3	0.0485962	0.905531	-0.421487	0.0	0.0741384	0.41755200000000003	0.905624	0.0	0.9960629999999999	-0.0752582	-0.046843199999999995	0.0	-2.80432	1.19282	1.40234	0.35415	-0.30146300000000004	0.918478	-0.25596399999999997	0.0	0.24234899999999998	-0.185826	-0.952227	0.0	-0.922164	-0.349094	-0.166573	0.0	2.69208	1.07054	1.73965	0.359756	
3	0.0455241	0.905459	-0.42198500000000005	0.0	0.0693868	0.418537	0.905545	0.0	0.9965510000000001	-0.0705043	-0.043773400000000004	0.0	-2.7942099999999996	1.19049	1.40236	0.35381999999999997	-0.30308	0.91801	-0.255735	0.0	0.245121	-0.18423	-0.9518270000000001	0.0	-0.920901	-0.351166	-0.16918699999999998	0.0	2.69975	1.07545	1.7493599999999998	0.360144	
3	0.044926	0.904705	-0.42366499999999996	0.0	0.0675185	0.42037299999999994	0.9048360000000001	0.0	0.996706	-0.069256	-0.0421987	0.0	-2.78689	1.18956	1.40283	0.353337	-0.302658	0.9182370000000001	-0.255418	0.0	0.24461799999999997	-0.184173	-0.951968	0.0	-0.9211729999999999	-0.350601	-0.168876	0.0	2.70328	1.0757700000000001	1.7443	0.359847	
3	0.048559500000000005	0.906696	-0.418979	0.0	0.07082410000000001	0.415293	0.906927	0.0	0.9963059999999999	-0.0737136	-0.0440495	0.0	-2.7855	1.19302	1.4048399999999999	0.352796	-0.299642	0.9183899999999999	-0.25840799999999997	0.0	0.246158	-0.18726099999999998	-0.950968	0.0	-0.9217489999999999	-0.348559	-0.169958	0.0	2.70332	1.07155	1.73853	0.359865	
3	0.0522393	0.9101739999999999	-0.410918	0.0	0.078861	0.406435	0.91027	0.0	0.995516	-0.0799574	-0.0505453	0.0	-2.80327	1.18737	1.37476	0.35135900000000003	-0.284029	0.9170290000000001	-0.279976	0.0	0.247862	-0.211853	-0.945348	0.0	-0.926225	-0.337901	-0.167124	0.0	2.71715	1.11151	1.73816	0.360291	
3	0.0369279	0.905185	-0.423411	0.0	0.079112	0.41972200000000004	0.904198	0.0	0.996182	-0.0668871	-0.0561116	0.0	-2.84023	1.17472	1.30356	0.346654	-0.271757	0.916867	-0.29240900000000003	0.0	0.258365	-0.223181	-0.9399139999999999	0.0	-0.9270360000000001	-0.330977	-0.176235	0.0	2.71464	1.12059	1.71376	0.360574	
3	0.0381048	0.9058299999999999	-0.42192299999999994	0.0	0.0791834	0.41816499999999995	0.904913	0.0	0.996132	-0.0678909	-0.05579259999999999	0.0	-2.83816	1.1764700000000001	1.3018100000000001	0.346277	-0.271779	0.916868	-0.292387	0.0	0.258235	-0.2232	-0.939945	0.0	-0.927066	-0.330962	-0.17610699999999999	0.0	2.71455	1.12035	1.71373	0.360599	
3	0.0381037	0.9058299999999999	-0.421925	0.0	0.079184	0.418167	0.904912	0.0	0.996132	-0.0678902	-0.055793600000000006	0.0	-2.83816	1.1764700000000001	1.3018100000000001	0.34627800000000003	-0.271779	0.916868	-0.292387	0.0	0.258236	-0.2232	-0.939945	0.0	-0.927066	-0.330962	-0.17610699999999999	0.0	2.71455	1.12035	1.71373	0.3606	
3	0.0381037	0.9058299999999999	-0.421925	0.0	0.07918410000000001	0.418167	0.904912	0.0	0.996132	-0.0678902	-0.055793499999999996	0.0	-2.83816	1.1764700000000001	1.3018100000000001	0.34627800000000003	-0.271779	0.916868	-0.292387	0.0	0.258236	-0.2232	-0.939945	0.0	-0.927066	-0.330962	-0.17610699999999999	0.0	2.71455	1.12035	1.71373	0.3606	
3	0.0381037	0.9058299999999999	-0.421925	0.0	0.07918410000000001	0.418167	0.904912	0.0	0.996132	-0.0678902	-0.055793499999999996	0.0	-2.83816	1.1764700000000001	1.3018100000000001	0.34627800000000003	-0.271779	0.916868	-0.292387	0.0	0.258236	-0.2232	-0.939945	0.0	-0.927066	-0.330962	-0.17610699999999999	0.0	2.71455	1.12035	1.71373	0.3606	
3	0.0381037	0.9058299999999999	-0.421925	0.0	0.07918410000000001	0.418167	0.904912	0.0	0.996132	-0.0678902	-0.055793499999999996	0.0	-2.83816	1.1764700000000001	1.3018100000000001	0.34627800000000003	-0.271779	0.916868	-0.292387	0.0	0.258236	-0.2232	-0.939945	0.0	-0.927066	-0.330962	-0.17610699999999999	0.0	2.71455	1.12035	1.71373	0.3606	
3	0.0381037	0.9058299999999999	-0.421925	0.0	0.07918410000000001	0.418167	0.904912	0.0	0.996132	-0.0678902	-0.055793499999999996	0.0	-2.83816	1.1764700000000001	1.3018100000000001	0.34627800000000003	-0.271779	0.916868	-0.292387	0.0	0.258236	-0.2232	-0.939945	0.0	-0.927066	-0.330962	-0.17610699999999999	0.0	2.71455	1.12035	1.71373	0.360599	
3	0.0381037	0.9058299999999999	-0.421925	0.0	0.07918410000000001	0.418167	0.904912	0.0	0.996132	-0.0678902	-0.055793499999999996	0.0	-2.83816	1.1764700000000001	1.3018100000000001	0.34627800000000003	-0.271779	0.916867	-0.292387	0.0	0.258236	-0.2232	-0.939945	0.0	-0.9270649999999999	-0.330962	-0.17610699999999999	0.0	2.71455	1.12035	1.71373	0.360599	
3	0.0381037	0.9058299999999999	-0.421925	0.0	0.07918410000000001	0.418167	0.904912	0.0	0.996131	-0.0678902	-0.055793499999999996	0.0	-2.83816	1.1764700000000001	1.3018100000000001	0.34627800000000003	-0.271779	0.916868	-0.292387	0.0	0.258236	-0.2232	-0.939945	0.0	-0.927066	-0.330962	-0.17610699999999999	0.0	2.71455	1.12035	1.71373	0.360599	
3	0.0381036	0.9058299999999999	-0.421925	0.0	0.079184	0.418167	0.904913	0.0	0.996132	-0.0678902	-0.055793600000000006	0.0	-2.83816	1.1764700000000001	1.3018100000000001	0.34627800000000003	-0.271779	0.916868	-0.292387	0.0	0.258236	-0.2232	-0.939945	0.0	-0.927066	-0.330962	-0.17610699999999999	0.0	2.71455	1.12035	1.71373	0.360599	
3	0.0381037	0.9058299999999999	-0.421925	0.0	0.07918410000000001	0.418167	0.904912	0.0	0.996132	-0.0678902	-0.055793499999999996	0.0	-2.83816	1.1764700000000001	1.3018100000000001	0.34627800000000003	-0.271779	0.916868	-0.292387	0.0	0.258236	-0.2232	-0.939945	0.0	-0.927066	-0.330962	-0.17610699999999999	0.0	2.71455	1.12035	1.71373	0.360599	
3	0.0381037	0.9058299999999999	-0.421925	0.0	0.07918389999999999	0.418167	0.904912	0.0	0.996132	-0.0678902	-0.055793499999999996	0.0	-2.83816	1.1764700000000001	1.3018100000000001	0.34627800000000003	-0.271779	0.916868	-0.292387	0.0	0.258235	-0.2232	-0.939945	0.0	-0.927066	-0.330962	-0.17610699999999999	0.0	2.71455	1.12035	1.71373	0.360599	
3	0.0381036	0.9058299999999999	-0.421925	0.0	0.07918389999999999	0.418167	0.904913	0.0	0.996132	-0.0678902	-0.055793499999999996	0.0	-2.83816	1.1764700000000001	1.3018100000000001	0.34627800000000003	-0.271779	0.916868	-0.292387	0.0	0.258236	-0.2232	-0.939945	0.0	-0.927066	-0.330962	-0.17610699999999999	0.0	2.71455	1.12035	1.71373	0.360599	
3	0.0381036	0.9058299999999999	-0.421925	0.0	0.07918389999999999	0.418167	0.904913	0.0	0.996132	-0.0678902	-0.055793499999999996	0.0	-2.83816	1.1764700000000001	1.3018100000000001	0.34627800000000003	-0.271779	0.916867	-0.292387	0.0	0.258236	-0.2232	-0.939945	0.0	-0.9270649999999999	-0.330962	-0.17610699999999999	0.0	2.71455	1.12035	1.71373	0.360599	
3	0.0381037	0.9058299999999999	-0.421925	0.0	0.079184	0.418167	0.904912	0.0	0.996132	-0.0678902	-0.055793499999999996	0.0	-2.83816	1.1764700000000001	1.3018100000000001	0.34627800000000003	-0.271779	0.916867	-0.292387	0.0	0.258236	-0.2232	-0.939945	0.0	-0.9270649999999999	-0.330962	-0.17610699999999999	0.0	2.71455	1.12035	1.71373	0.3606	
3	-0.0654294	0.638835	-0.766556	0.0	-0.010409299999999998	0.767724	0.6406970000000001	0.0	0.9978030000000001	0.0498997	-0.043581800000000004	0.0	-2.8224400000000003	1.13444	1.2763200000000001	0.34944400000000003	0.135953	0.7766	-0.61515	0.0	0.0571344	-0.626028	-0.777705	0.0	-0.989067	0.0705852	-0.12948099999999998	0.0	2.7185	1.15174	1.7592900000000002	0.343937	
3	-0.0655015	0.663419	-0.745375	0.0	-0.00727344	0.746642	0.6651859999999999	0.0	0.997826	0.0489921	-0.0440809	0.0	-2.8581	1.11264	1.1975200000000001	0.333512	0.11798499999999999	0.78677	-0.605865	0.0	0.0530073	-0.614246	-0.7873319999999999	0.0	-0.9916	0.060778	-0.114176	0.0	2.65496	1.15526	1.74364	0.34434000000000003	
3	-0.0752538	0.651447	-0.754953	0.0	0.0008546710000000001	0.757142	0.65325	0.0	0.9971639999999999	0.0485142	-0.0575346	0.0	-2.87195	1.09361	0.915977	0.249885	0.089178	0.8124279999999999	-0.5762010000000001	0.0	0.046067199999999996	-0.5812510000000001	-0.812419	0.0	-0.99495	0.0459059	-0.0892612	0.0	2.6040400000000004	1.16289	1.6193600000000001	0.356052	
3	-0.0455739	0.6074970000000001	-0.793014	0.0	0.0550008	0.7941600000000001	0.605214	0.0	0.9974459999999999	-0.0160345	-0.0696058	0.0	-2.7755900000000002	0.929479	0.468317	0.23860399999999998	0.0296565	0.843245	-0.5367109999999999	0.0	0.08248380000000001	-0.537181	-0.839424	0.0	-0.996151	-0.0193755	-0.085485	0.0	2.5346	1.05723	1.36658	0.355854	
3	0.010873899999999999	0.573293	-0.8192780000000001	0.0	0.171998	0.806042	0.566315	0.0	0.985037	-0.147072	-0.0898404	0.0	-2.60304	0.650605	-0.011682600000000001	0.290165	-0.034288900000000004	0.852302	-0.521925	0.0	0.116227	-0.515288	-0.8491	0.0	-0.9926309999999999	-0.08977610000000001	-0.0813918	0.0	2.44218	0.847518	0.981664	0.354877	
3	0.113101	0.564709	-0.817503	0.0	0.246854	0.781014	0.573655	0.0	0.9624299999999999	-0.266685	-0.0510671	0.0	-2.48401	0.19730699999999998	-0.47553599999999996	0.325328	-0.0878043	0.847311	-0.5237890000000001	0.0	0.160554	-0.506907	-0.846916	0.0	-0.9831139999999999	-0.158459	-0.0915305	0.0	2.32998	0.5947	0.5104029999999999	0.355204	
3	0.182533	0.571087	-0.800338	0.0	0.274981	0.751877	0.599222	0.0	0.9439629999999999	-0.32945599999999997	-0.0197957	0.0	-2.37438	-0.25252600000000003	-0.996238	0.33410300000000004	-0.169035	0.811135	-0.5599	0.0	0.24266999999999997	-0.516336	-0.821285	0.0	-0.955269	-0.27469699999999997	-0.10955899999999999	0.0	2.18835	0.26449	-0.0441192	0.357953	
3	0.22806300000000002	0.545697	-0.806351	0.0	0.30737800000000004	0.74547	0.591433	0.0	0.9238540000000001	-0.382739	0.00227916	0.0	-2.25984	-0.523991	-1.3247200000000001	0.339289	-0.252902	0.7696310000000001	-0.586268	0.0	0.2981	-0.514498	-0.804008	0.0	-0.920422	-0.378102	-0.0993096	0.0	2.0785400000000003	-0.12095999999999998	-0.49689700000000003	0.360138	
3	0.284546	0.533698	-0.796367	0.0	0.325733	0.727459	0.603905	0.0	0.9016270000000001	-0.431242	0.0331529	0.0	-2.13532	-0.8245	-1.62827	0.339831	-0.35752399999999995	0.697576	-0.620939	0.0	0.370312	-0.504491	-0.7799729999999999	0.0	-0.857348	-0.5088	-0.0779533	0.0	1.97481	-0.6504979999999999	-0.9858020000000001	0.360614	
3	0.319415	0.530939	-0.784906	0.0	0.351427	0.702862	0.6184529999999999	0.0	0.880042	-0.47338	0.037918	0.0	-2.09773	-1.10544	-1.8738700000000001	0.33973000000000003	-0.390944	0.641886	-0.659655	0.0	0.42193	-0.511971	-0.748238	0.0	-0.818008	-0.5708479999999999	-0.0706787	0.0	1.97197	-1.13703	-1.40794	0.36089699999999997	
3	0.348698	0.536734	-0.7683270000000001	0.0	0.382617	0.666834	0.6394810000000001	0.0	0.8555780000000001	-0.516961	0.027160200000000002	0.0	-2.11248	-1.40557	-2.05756	0.338692	-0.40269499999999997	0.603542	-0.688167	0.0	0.495953	-0.488029	-0.718233	0.0	-0.769329	-0.6305270000000001	-0.102802	0.0	2.13449	-1.61123	-1.79872	0.35889	
3	0.349635	0.5444260000000001	-0.762467	0.0	0.393851	0.653016	0.646878	0.0	0.85008	-0.52647	0.0138944	0.0	-2.15403	-1.5632	-2.13547	0.33868000000000004	-0.363925	0.59995	-0.7124739999999999	0.0	0.5145609999999999	-0.5081060000000001	-0.690692	0.0	-0.776393	-0.617971	-0.123799	0.0	2.33203	-1.8949900000000002	-2.0432200000000003	0.358903	
3	0.357876	0.538304	-0.76299	0.0	0.401893	0.648758	0.646216	0.0	0.8428559999999999	-0.537906	0.0158345	0.0	-2.19231	-1.67862	-2.1263799999999997	0.339171	-0.327439	0.5839479999999999	-0.742825	0.0	0.545014	-0.525474	-0.653328	0.0	-0.771845	-0.618775	-0.146199	0.0	2.47943	-2.07488	-2.16437	0.359045	
3	0.357242	0.539283	-0.762596	0.0	0.407613	0.6446029999999999	0.646791	0.0	0.840375	-0.541905	0.010459999999999999	0.0	-2.22625	-1.70038	-2.11541	0.33934699999999995	-0.33429899999999996	0.5652	-0.754184	0.0	0.557954	-0.526235	-0.641688	0.0	-0.75956	-0.635316	-0.13943599999999998	0.0	2.54411	-2.1213900000000003	-2.1643	0.35872	
3	0.35773	0.5418270000000001	-0.7605609999999999	0.0	0.408042	0.641894	0.6492100000000001	0.0	0.839959	-0.542583	0.00853723	0.0	-2.26115	-1.7035	-2.11408	0.33946	-0.32757800000000004	0.562524	-0.759117	0.0	0.560604	-0.531015	-0.63541	0.0	-0.760536	-0.6337109999999999	-0.141404	0.0	2.57227	-2.10257	-2.21041	0.358568	
3	0.358083	0.541768	-0.760437	0.0	0.408386	0.6415270000000001	0.649357	0.0	0.839642	-0.543075	0.00846928	0.0	-2.27999	-1.7043400000000002	-2.15688	0.34013699999999997	-0.325996	0.5644680000000001	-0.758355	0.0	0.562538	-0.52888	-0.635482	0.0	-0.759788	-0.633768	-0.145122	0.0	2.5931599999999997	-2.10442	-2.2298400000000003	0.358773	
3	0.357983	0.538038	-0.763128	0.0	0.408583	0.6446270000000001	0.646155	0.0	0.8395879999999999	-0.543113	0.0109325	0.0	-2.28475	-1.7066299999999999	-2.17007	0.340618	-0.321499	0.560689	-0.7630640000000001	0.0	0.558634	-0.538362	-0.630948	0.0	-0.76457	-0.6291220000000001	-0.14013699999999998	0.0	2.59385	-2.1006299999999998	-2.23622	0.35867	
3	0.358014	0.538032	-0.763117	0.0	0.408591	0.644609	0.646167	0.0	0.839571	-0.54314	0.0109443	0.0	-2.28306	-1.70632	-2.1717299999999997	0.340623	-0.32121500000000003	0.5603600000000001	-0.763425	0.0	0.558348	-0.539062	-0.630603	0.0	-0.764898	-0.6288159999999999	-0.139721	0.0	2.5939099999999997	-2.1009599999999997	-2.2373	0.358694	
3	0.358015	0.538025	-0.7631220000000001	0.0	0.408595	0.644612	0.646162	0.0	0.839569	-0.543143	0.0109466	0.0	-2.28308	-1.70632	-2.17168	0.340623	-0.321203	0.560349	-0.7634380000000001	0.0	0.558338	-0.539087	-0.63059	0.0	-0.7649100000000001	-0.628804	-0.139708	0.0	2.59393	-2.1009700000000002	-2.23727	0.358694	
3	0.358015	0.538025	-0.7631220000000001	0.0	0.408595	0.644612	0.646162	0.0	0.839569	-0.543144	0.0109466	0.0	-2.28308	-1.70632	-2.17168	0.340623	-0.321203	0.560349	-0.7634380000000001	0.0	0.558338	-0.539087	-0.63059	0.0	-0.7649100000000001	-0.628804	-0.139708	0.0	2.59393	-2.1009700000000002	-2.23727	0.358695	
3	0.358015	0.538025	-0.7631220000000001	0.0	0.408595	0.644612	0.646162	0.0	0.839569	-0.543144	0.0109466	0.0	-2.28308	-1.70632	-2.17168	0.340623	-0.321203	0.560349	-0.7634380000000001	0.0	0.558338	-0.539087	-0.63059	0.0	-0.7649100000000001	-0.628804	-0.139708	0.0	2.59393	-2.1009700000000002	-2.23727	0.358695	
3	0.358015	0.538025	-0.7631220000000001	0.0	0.408595	0.644612	0.646162	0.0	0.839569	-0.543144	0.0109466	0.0	-2.28308	-1.70632	-2.17168	0.340623	-0.321203	0.560349	-0.7634380000000001	0.0	0.558338	-0.539087	-0.63059	0.0	-0.7649100000000001	-0.628804	-0.139708	0.0	2.59393	-2.1009700000000002	-2.23727	0.358695	
3	0.358015	0.538025	-0.7631220000000001	0.0	0.408595	0.644612	0.646162	0.0	0.839569	-0.543144	0.0109466	0.0	-2.28308	-1.70632	-2.17168	0.340623	-0.321203	0.560349	-0.7634380000000001	0.0	0.558338	-0.539087	-0.63059	0.0	-0.7649100000000001	-0.628804	-0.139708	0.0	2.59393	-2.1009700000000002	-2.23727	0.358695	
3	0.358015	0.538025	-0.7631220000000001	0.0	0.408595	0.644612	0.646162	0.0	0.839569	-0.543144	0.0109466	0.0	-2.28308	-1.70632	-2.17168	0.340623	-0.321203	0.560349	-0.7634380000000001	0.0	0.558338	-0.539087	-0.63059	0.0	-0.7649100000000001	-0.628804	-0.139708	0.0	2.59393	-2.1009700000000002	-2.23727	0.358695	
3	0.358015	0.538025	-0.7631220000000001	0.0	0.408595	0.644612	0.646162	0.0	0.839569	-0.543144	0.0109466	0.0	-2.28308	-1.70632	-2.17168	0.340623	-0.321203	0.560349	-0.7634380000000001	0.0	0.558338	-0.539087	-0.63059	0.0	-0.7649100000000001	-0.628804	-0.139708	0.0	2.59393	-2.1009700000000002	-2.23727	0.358695	
3	0.358015	0.538025	-0.7631220000000001	0.0	0.408595	0.644612	0.646162	0.0	0.839569	-0.543144	0.0109466	0.0	-2.28308	-1.70632	-2.17168	0.340623	-0.321203	0.560349	-0.7634380000000001	0.0	0.558338	-0.539087	-0.63059	0.0	-0.7649100000000001	-0.628804	-0.139708	0.0	2.59393	-2.1009700000000002	-2.23727	0.358695	
3	0.358015	0.538025	-0.7631220000000001	0.0	0.408595	0.644612	0.646162	0.0	0.839568	-0.543144	0.0109466	0.0	-2.28308	-1.70632	-2.17168	0.340623	-0.321203	0.560349	-0.7634380000000001	0.0	0.558338	-0.539087	-0.63059	0.0	-0.7649100000000001	-0.628804	-0.139708	0.0	2.59393	-2.1009700000000002	-2.23727	0.358695	
3	0.358015	0.538025	-0.7631220000000001	0.0	0.408595	0.644612	0.646162	0.0	0.839569	-0.543144	0.0109466	0.0	-2.28308	-1.70632	-2.17168	0.340623	-0.321203	0.560349	-0.7634380000000001	0.0	0.558338	-0.539087	-0.63059	0.0	-0.7649100000000001	-0.628804	-0.139708	0.0	2.59393	-2.1009700000000002	-2.23727	0.358695	
3	0.358015	0.538025	-0.7631220000000001	0.0	0.408595	0.644612	0.646162	0.0	0.839569	-0.543144	0.0109466	0.0	-2.28308	-1.70632	-2.17168	0.340623	-0.321203	0.560349	-0.7634380000000001	0.0	0.558338	-0.539087	-0.63059	0.0	-0.7649100000000001	-0.628804	-0.139708	0.0	2.59393	-2.1009700000000002	-2.23727	0.358695	
3	0.358015	0.538025	-0.7631220000000001	0.0	0.408595	0.644612	0.646162	0.0	0.839569	-0.543144	0.0109466	0.0	-2.28308	-1.70632	-2.17168	0.340623	-0.321203	0.560349	-0.7634380000000001	0.0	0.558338	-0.539087	-0.63059	0.0	-0.7649100000000001	-0.628804	-0.139708	0.0	2.59393	-2.1009700000000002	-2.23727	0.358695	
3	0.358015	0.538025	-0.7631220000000001	0.0	0.408595	0.644612	0.646162	0.0	0.839569	-0.543144	0.0109466	0.0	-2.28308	-1.70632	-2.17168	0.340623	-0.321203	0.560349	-0.7634380000000001	0.0	0.558338	-0.539087	-0.63059	0.0	-0.7649100000000001	-0.628804	-0.139708	0.0	2.59393	-2.1009700000000002	-2.23727	0.358695	
3	0.358015	0.538025	-0.7631220000000001	0.0	0.408595	0.644612	0.646162	0.0	0.839569	-0.543144	0.0109466	0.0	-2.28308	-1.70632	-2.17168	0.340623	-0.321203	0.560349	-0.7634380000000001	0.0	0.558338	-0.539087	-0.63059	0.0	-0.7649100000000001	-0.628804	-0.139708	0.0	2.59393	-2.1009700000000002	-2.23727	0.358695	
3	-0.0635314	0.606687	-0.7923979999999999	0.0	-0.0630381	0.789977	0.609888	0.0	0.9959870000000001	0.08869819999999999	-0.011943899999999999	0.0	-2.24321	-1.7534599999999998	-2.2713799999999997	0.33208699999999997	0.0716673	0.7832979999999999	-0.617502	0.0	0.10944300000000001	-0.6215310000000001	-0.7757069999999999	0.0	-0.9914059999999999	-0.011988200000000001	-0.13027	0.0	2.53248	-2.03945	-2.22375	0.350326	
3	-0.0498813	0.610078	-0.79077	0.0	-0.025450599999999997	0.790722	0.611646	0.0	0.998431	0.0506353	-0.023915400000000003	0.0	-2.22919	-1.81047	-2.46884	0.305758	0.056976900000000004	0.7880159999999999	-0.613013	0.0	0.0995054	-0.6154350000000001	-0.781882	0.0	-0.993405	-0.0164488	-0.113478	0.0	2.4786799999999998	-2.03313	-2.30003	0.350515	
3	-0.0378976	0.606323	-0.794315	0.0	0.00370169	0.7949649999999999	0.606643	0.0	0.999275	0.02005	-0.0323718	0.0	-2.23068	-1.86568	-2.58912	0.288135	0.0435313	0.7928729999999999	-0.60783	0.0	0.101721	-0.608762	-0.786805	0.0	-0.9938600000000001	-0.027578500000000002	-0.107152	0.0	2.46011	-2.0449599999999997	-2.35966	0.353256	
3	0.00745997	0.583453	-0.812113	0.0	0.10730899999999999	0.806978	0.58075	0.0	0.9941979999999999	-0.0914792	-0.05658969999999999	0.0	-2.17335	-2.00475	-2.79941	0.286432	0.00187021	0.794216	-0.607633	0.0	0.14448699999999998	-0.601472	-0.785719	0.0	-0.989505	-0.0863256	-0.115879	0.0	2.41834	-2.11612	-2.55565	0.354852	
3	0.0691025	0.566124	-0.821419	0.0	0.21573	0.795424	0.566357	0.0	0.9740049999999999	-0.21634099999999998	-0.0671642	0.0	-2.10994	-2.25077	-2.9938700000000003	0.30830599999999997	-0.0532571	0.7810630000000001	-0.622178	0.0	0.190072	-0.603742	-0.774189	0.0	-0.980325	-0.15948900000000002	-0.11630399999999999	0.0	2.35962	-2.23861	-2.7816400000000003	0.35423499999999997	
3	0.12346300000000002	0.543955	-0.829982	0.0	0.29020999999999997	0.7800239999999999	0.554383	0.0	0.948965	-0.309315	-0.0615566	0.0	-2.08108	-2.50414	-3.1402900000000002	0.321666	-0.0954909	0.768065	-0.633213	0.0	0.209254	-0.606417	-0.767119	0.0	-0.9731879999999999	-0.20575500000000002	-0.10281300000000002	0.0	2.24525	-2.33767	-2.9631	0.354919	
3	0.169936	0.536853	-0.826384	0.0	0.336185	0.756692	0.560711	0.0	0.9263379999999999	-0.373103	-0.051892999999999995	0.0	-2.0269	-2.6425400000000003	-3.19766	0.328352	-0.135243	0.7541939999999999	-0.642574	0.0	0.253827	-0.600518	-0.758255	0.0	-0.9577479999999999	-0.265652	-0.11021900000000001	0.0	2.11426	-2.38265	-3.12601	0.355966	
3	0.24885900000000002	0.53689	-0.806113	0.0	0.407389	0.697066	0.590029	0.0	0.8786940000000001	-0.475236	-0.045251599999999996	0.0	-2.02904	-2.6872	-3.148	0.329949	-0.187883	0.742132	-0.6433810000000001	0.0	0.313965	-0.575299	-0.755286	0.0	-0.930659	-0.343905	-0.12491500000000001	0.0	2.05649	-2.47053	-3.24752	0.35646500000000003	
3	0.364168	0.5167149999999999	-0.7748470000000001	0.0	0.477059	0.611046	0.631694	0.0	0.799873	-0.59969	-0.0239796	0.0	-2.08736	-2.69558	-3.03579	0.333739	-0.21830300000000002	0.734784	-0.642213	0.0	0.354166	-0.5535640000000001	-0.753746	0.0	-0.9093459999999999	-0.391995	-0.13939100000000001	0.0	2.04869	-2.57565	-3.38818	0.356792	
3	0.447593	0.485433	-0.751009	0.0	0.508119	0.55302	0.660291	0.0	0.73585	-0.677144	0.000869691	0.0	-2.1347099999999997	-2.64356	-2.8546099999999996	0.336134	-0.22357800000000003	0.73522	-0.639894	0.0	0.369006	-0.5437960000000001	-0.753738	0.0	-0.902135	-0.404644	-0.14972	0.0	2.06071	-2.63187	-3.4619999999999997	0.357283	
3	0.558334	0.435931	-0.705852	0.0	0.5299590000000001	0.467183	0.707731	0.0	0.638284	-0.769223	0.029818200000000003	0.0	-2.17274	-2.56867	-2.60866	0.343434	-0.22140900000000002	0.741997	-0.632787	0.0	0.38456599999999996	-0.52987	-0.755875	0.0	-0.896151	-0.410706	-0.16802899999999998	0.0	2.07504	-2.7107099999999997	-3.5442400000000003	0.357323	
3	0.642521	0.35529499999999997	-0.67892	0.0	0.557685	0.39079899999999995	0.7323	0.0	0.525504	-0.849142	0.05295369999999999	0.0	-2.29223	-2.47128	-2.34203	0.34735	-0.211973	0.74355	-0.634193	0.0	0.411357	-0.520766	-0.748056	0.0	-0.886484	-0.419447	-0.195476	0.0	2.11381	-2.84412	-3.63907	0.357225	
3	0.6933090000000001	0.272302	-0.6672140000000001	0.0	0.570427	0.358425	0.739016	0.0	0.440382	-0.892963	0.093171	0.0	-2.4234299999999998	-2.38044	-2.08432	0.349092	-0.198704	0.7465510000000001	-0.634963	0.0	0.42667	-0.517368	-0.741811	0.0	-0.882309	-0.418321	-0.21572800000000003	0.0	2.15101	-2.9818	-3.7227	0.357387	
3	0.719982	0.215243	-0.659771	0.0	0.571824	0.354709	0.739729	0.0	0.393248	-0.9098639999999999	0.132303	0.0	-2.48239	-2.27205	-1.79371	0.350012	-0.182783	0.750479	-0.635116	0.0	0.438512	-0.51595	-0.735869	0.0	-0.879942	-0.41301000000000004	-0.234787	0.0	2.1781900000000003	-3.11445	-3.8006800000000003	0.357443	
3	0.7570140000000001	0.180305	-0.628029	0.0	0.550214	0.342502	0.761549	0.0	0.352412	-0.922053	0.160072	0.0	-2.5036099999999997	-2.21318	-1.54088	0.349993	-0.16427	0.751984	-0.6383850000000001	0.0	0.44493599999999994	-0.5211140000000001	-0.728336	0.0	-0.880368	-0.403683	-0.248982	0.0	2.1924099999999997	-3.21483	-3.84761	0.35741	
3	0.7877029999999999	0.157448	-0.595596	0.0	0.527558	0.326853	0.7841229999999999	0.0	0.318131	-0.931867	0.1744	0.0	-2.56481	-2.26607	-1.33302	0.350204	-0.14667	0.751081	-0.643712	0.0	0.44681800000000005	-0.530274	-0.72053	0.0	-0.8825200000000001	-0.393302	-0.257821	0.0	2.20303	-3.2849699999999995	-3.8688800000000003	0.357425	
3	0.804725	0.14924300000000001	-0.574583	0.0	0.506692	0.33164699999999997	0.795784	0.0	0.309324	-0.931524	0.19126400000000002	0.0	-2.62982	-2.38998	-1.23176	0.351026	-0.142582	0.746252	-0.650215	0.0	0.44076000000000004	-0.540326	-0.716784	0.0	-0.886229	-0.388788	-0.251877	0.0	2.20312	-3.3323699999999996	-3.8820300000000003	0.35751	
3	0.8255370000000001	0.157843	-0.541824	0.0	0.46793599999999996	0.34524499999999997	0.8135359999999999	0.0	0.315474	-0.9251440000000001	0.211152	0.0	-2.64636	-2.60873	-1.2038799999999998	0.350829	-0.143262	0.743268	-0.653474	0.0	0.440522	-0.543378	-0.71462	0.0	-0.886237	-0.390248	-0.24958000000000002	0.0	2.20122	-3.33673	-3.8796699999999995	0.357137	
3	0.8583930000000001	0.190958	-0.47612600000000005	0.0	0.395384	0.345087	0.8512270000000001	0.0	0.326854	-0.91894	0.22071799999999997	0.0	-2.5807599999999997	-3.02853	-1.2331299999999998	0.349367	-0.140322	0.7340260000000001	-0.664466	0.0	0.434479	-0.557388	-0.707493	0.0	-0.889684	-0.387974	-0.24070500000000003	0.0	2.20587	-3.32668	-3.86821	0.357081	
3	0.853706	0.19525499999999998	-0.482764	0.0	0.401062	0.344802	0.8486819999999999	0.0	0.33216799999999996	-0.918143	0.21605	0.0	-2.5463	-3.28441	-1.44597	0.33265300000000003	-0.134231	0.72463	-0.675938	0.0	0.42469399999999996	-0.574226	-0.699928	0.0	-0.895331	-0.381019	-0.230667	0.0	2.20887	-3.32869	-3.8643699999999996	0.356593	
3	0.852309	0.218683	-0.475128	0.0	0.416759	0.264944	0.869549	0.0	0.316038	-0.939139	0.134676	0.0	-2.5313	-3.21528	-1.64323	0.34401	-0.13183699999999998	0.716545	-0.6849689999999999	0.0	0.41351499999999997	-0.588251	-0.694958	0.0	-0.9009020000000001	-0.374867	-0.21874899999999997	0.0	2.20078	-3.32661	-3.84425	0.356488	
3	0.852462	0.21491300000000002	-0.47657200000000005	0.0	0.421828	0.255732	0.869864	0.0	0.30882	-0.942557	0.12734600000000001	0.0	-2.48907	-3.16039	-1.7693400000000001	0.3433	-0.13086099999999998	0.710847	-0.691066	0.0	0.406462	-0.597314	-0.691379	0.0	-0.9042479999999999	-0.371367	-0.21076799999999998	0.0	2.18072	-3.31885	-3.8217199999999996	0.35640900000000003	
3	0.857418	0.208785	-0.47036400000000006	0.0	0.42468599999999995	0.22914099999999998	0.875863	0.0	0.290647	-0.950738	0.107801	0.0	-2.48875	-3.1288400000000003	-1.8114400000000002	0.344123	-0.13031600000000002	0.710132	-0.6919029999999999	0.0	0.407486	-0.597831	-0.690329	0.0	-0.903866	-0.371902	-0.21146199999999998	0.0	2.1734	-3.3132099999999998	-3.8148699999999995	0.35634299999999997	
3	0.867418	0.194549	-0.45797	0.0	0.42094499999999996	0.203844	0.883885	0.0	0.265313	-0.959478	0.0949232	0.0	-2.53809	-3.1113299999999997	-1.8887599999999998	0.33805599999999997	-0.129601	0.7065279999999999	-0.695717	0.0	0.404869	-0.602776	-0.687563	0.0	-0.905143	-0.370783	-0.207931	0.0	2.16764	-3.3105300000000004	-3.8048800000000003	0.355993	
3	0.877368	0.185541	-0.442492	0.0	0.41665399999999997	0.162751	0.8943780000000001	0.0	0.237959	-0.969065	0.0654861	0.0	-2.5270900000000003	-3.1151	-1.87772	0.332748	-0.128588	0.704465	-0.697993	0.0	0.40225700000000003	-0.606283	-0.68601	0.0	-0.906452	-0.368985	-0.20541500000000001	0.0	2.16885	-3.30765	-3.79871	0.355724	
3	0.882559	0.182583	-0.433305	0.0	0.410021	0.15223299999999998	0.899282	0.0	0.23015700000000003	-0.971333	0.059491499999999996	0.0	-2.52339	-3.1171	-1.8713400000000002	0.331477	-0.128279	0.7033699999999999	-0.699153	0.0	0.402252	-0.607483	-0.684951	0.0	-0.9064979999999999	-0.369101	-0.20500500000000002	0.0	2.1692400000000003	-3.3082300000000004	-3.7974900000000003	0.355682	
3	0.9034760000000001	0.165389	-0.395446	0.0	0.373504	0.148866	0.9156059999999999	0.0	0.2103	-0.974928	0.0727237	0.0	-2.52038	-3.11721	-1.87525	0.33010100000000003	-0.127762	0.701038	-0.7015859999999999	0.0	0.401116	-0.610429	-0.682996	0.0	-0.9070739999999999	-0.368678	-0.203208	0.0	2.16866	-3.30666	-3.7947800000000003	0.35556	
3	0.918223	0.14091800000000002	-0.370148	0.0	0.350473	0.146232	0.9250860000000001	0.0	0.18448900000000001	-0.9791620000000001	0.0848854	0.0	-2.50695	-3.11728	-1.88035	0.329972	-0.12441600000000001	0.699258	-0.703959	0.0	0.402992	-0.6127100000000001	-0.679841	0.0	-0.9067069999999999	-0.368273	-0.205565	0.0	2.17789	-3.3061300000000005	-3.79651	0.355371	
3	0.923584	0.133893	-0.359257	0.0	0.340505	0.144201	0.929119	0.0	0.176208	-0.980448	0.0875909	0.0	-2.50386	-3.11758	-1.88094	0.32926	-0.119064	0.6971470000000001	-0.706973	0.0	0.405066	-0.6159819999999999	-0.675639	0.0	-0.906502	-0.366815	-0.20904899999999998	0.0	2.19081	-3.30462	-3.79618	0.355364	
3	0.935633	0.12228499999999999	-0.331117	0.0	0.314388	0.137774	0.9392440000000001	0.0	0.160474	-0.982886	0.0904614	0.0	-2.49985	-3.11944	-1.8781400000000001	0.329024	-0.113622	0.6945319999999999	-0.710433	0.0	0.403331	-0.621246	-0.671847	0.0	-0.9079729999999999	-0.36287600000000003	-0.20953899999999998	0.0	2.20369	-3.30345	-3.80007	0.354574	
3	0.9424319999999999	0.117069	-0.313236	0.0	0.297127	0.136595	0.945017	0.0	0.153419	-0.983685	0.0939476	0.0	-2.50057	-3.11979	-1.87885	0.327907	-0.109251	0.6929109999999999	-0.7126979999999999	0.0	0.402913	-0.624579	-0.6690010000000001	0.0	-0.908694	-0.360245	-0.21094699999999997	0.0	2.20756	-3.29984	-3.8031099999999998	0.354375	
3	0.955311	0.10274900000000001	-0.277171	0.0	0.264162	0.12406400000000001	0.956466	0.0	0.132662	-0.9869399999999999	0.09137719999999999	0.0	-2.49474	-3.12554	-1.8730000000000002	0.326398	-0.102114	0.6890310000000001	-0.7175020000000001	0.0	0.398958	-0.632358	-0.664045	0.0	-0.911266	-0.354061	-0.210321	0.0	2.21047	-3.29147	-3.80456	0.353155	
3	0.9663290000000001	0.09409400000000001	-0.239488	0.0	0.230431	0.0977063	0.9681709999999999	0.0	0.114499	-0.990757	0.0727343	0.0	-2.48958	-3.1337099999999998	-1.85475	0.321856	-0.092951	0.686912	-0.7207720000000001	0.0	0.395162	-0.6390020000000001	-0.6599430000000001	0.0	-0.913897	-0.34616399999999997	-0.212046	0.0	2.2152700000000003	-3.26199	-3.80131	0.35293	
3	0.970297	0.0969846	-0.221624	0.0	0.213983	0.0832628	0.973282	0.0	0.112846	-0.9917969999999999	0.0600365	0.0	-2.49443	-3.13721	-1.8448799999999999	0.319413	-0.09028710000000001	0.685955	-0.722021	0.0	0.394448	-0.6410640000000001	-0.658367	0.0	-0.914472	-0.344242	-0.212694	0.0	2.21888	-3.2505900000000003	-3.79932	0.352516	
3	0.9726600000000001	0.10261600000000001	-0.20833400000000002	0.0	0.201417	0.07381030000000001	0.976721	0.0	0.115604	-0.991979	0.051123699999999994	0.0	-2.50159	-3.13937	-1.83905	0.316506	-0.08584030000000001	0.685134	-0.723341	0.0	0.394016	-0.643489	-0.656258	0.0	-0.9150870000000001	-0.341341	-0.21471700000000002	0.0	2.21928	-3.24493	-3.79949	0.352488	
3	0.9734450000000001	0.10444500000000001	-0.203705	0.0	0.197414	0.06750360000000001	0.977993	0.0	0.115897	-0.992237	0.0450922	0.0	-2.50379	-3.14074	-1.83706	0.31363800000000003	-0.08431169999999999	0.685329	-0.723337	0.0	0.393768	-0.643921	-0.655983	0.0	-0.915335	-0.340134	-0.215571	0.0	2.22123	-3.24644	-3.7960599999999998	0.352491	
3	0.9756670000000001	0.10429200000000001	-0.192863	0.0	0.18808	0.053997800000000006	0.980668	0.0	0.11269000000000001	-0.99308	0.03306869999999999	0.0	-2.50916	-3.1379900000000003	-1.85055	0.28626	-0.0806593	0.685855	-0.723255	0.0	0.392785	-0.6450319999999999	-0.6554810000000001	0.0	-0.9160870000000001	-0.336954	-0.21736599999999998	0.0	2.23018	-3.25618	-3.7980300000000002	0.352366	
3	0.9791059999999999	0.106225	-0.1734	0.0	0.170053	0.0398685	0.9846280000000001	0.0	0.11150499999999999	-0.9935430000000001	0.020971599999999996	0.0	-2.49343	-3.18601	-1.8317599999999998	0.313848	-0.07985369999999999	0.685022	-0.724133	0.0	0.391884	-0.6463840000000001	-0.654687	0.0	-0.916543	-0.336055	-0.216833	0.0	2.2324900000000003	-3.25208	-3.7926699999999998	0.352164	
3	0.980025	0.10843399999999999	-0.166711	0.0	0.168274	-0.00536626	0.985726	0.0	0.105992	-0.9940889999999999	-0.0235057	0.0	-2.49171	-3.20003	-1.8262200000000002	0.31804499999999997	-0.08038939999999999	0.683293	-0.725705	0.0	0.390977	-0.648099	-0.653533	0.0	-0.916883	-0.336271	-0.215052	0.0	2.23158	-3.2448	-3.7902199999999997	0.351798	
3	0.9806040000000001	0.11086199999999999	-0.161637	0.0	0.163512	-0.007978399999999998	0.986509	0.0	0.10807699999999999	-0.9938040000000001	-0.025950900000000002	0.0	-2.49347	-3.20043	-1.82532	0.318205	-0.0789778	0.6822600000000001	-0.7268319999999999	0.0	0.390726	-0.649584	-0.6522060000000001	0.0	-0.917113	-0.335502	-0.21527399999999997	0.0	2.23204	-3.23924	-3.78864	0.3516	
3	0.979641	0.109446	-0.1683	0.0	0.183598	-0.149306	0.9715959999999999	0.0	0.08120930000000001	-0.982715	-0.16635999999999998	0.0	-2.48799	-3.24994	-1.81729	0.344464	-0.07491289999999999	0.681445	-0.728025	0.0	0.39078	-0.651621	-0.6501399999999999	0.0	-0.917431	-0.333202	-0.21748	0.0	2.23243	-3.23207	-3.7875300000000003	0.351233	
3	0.979289	0.114422	-0.167037	0.0	0.19485	-0.308425	0.9310790000000001	0.0	0.0550174	-0.944342	-0.324332	0.0	-2.48533	-3.30743	-1.8137	0.347323	-0.0724909	0.680689	-0.7289770000000001	0.0	0.389152	-0.6536649999999999	-0.6490630000000001	0.0	-0.918317	-0.33073400000000003	-0.217507	0.0	2.23927	-3.22824	-3.78801	0.35088800000000003	
3	0.9782040000000001	0.12633699999999998	-0.16478800000000002	0.0	0.196826	-0.311347	0.92969	0.0	0.06614819999999999	-0.9418610000000001	-0.329427	0.0	-2.487	-3.3064400000000003	-1.81267	0.347023	-0.07212180000000001	0.6804979999999999	-0.7291920000000001	0.0	0.388452	-0.654205	-0.648939	0.0	-0.918642	-0.330059	-0.21715900000000002	0.0	2.2402900000000003	-3.2260299999999997	-3.79185	0.350675	
3	0.982126	0.123328	-0.14219	0.0	0.174959	-0.319604	0.9312590000000001	0.0	0.0694058	-0.939491	-0.335468	0.0	-2.49233	-3.3095	-1.80735	0.350221	-0.07221160000000001	0.679197	-0.730395	0.0	0.388757	-0.655222	-0.647729	0.0	-0.9185059999999999	-0.330719	-0.21672800000000003	0.0	2.24028	-3.21963	-3.7930699999999997	0.349431	
