0	0.593133	0.516197	-0.617846	0.0	0.683388	0.08292089999999999	0.7253310000000001	0.0	0.425646	-0.8524459999999999	-0.30358	0.0	-2.74877	1.9999	1.4531	-5.61401e-06	-0.201929	0.804305	-0.558854	0.0	0.512425	-0.399515	-0.760137	0.0	-0.8346530000000001	-0.43986499999999995	-0.331473	0.0	2.6122400000000003	2.05421	1.53549	0.0	
0	0.104252	0.890394	-0.443092	0.0	0.352088	0.383626	0.853736	0.0	0.930143	-0.245011	-0.273503	0.0	-2.73989	2.02376	1.4023	1.28746e-05	-0.010971799999999999	0.834562	-0.550805	0.0	0.329823	-0.51699	-0.7898970000000001	0.0	-0.9439790000000001	-0.190335	-0.269586	0.0	2.6545099999999997	2.04787	1.5902399999999999	0.0	
0	-0.023499400000000004	0.897366	-0.44066099999999997	0.0	0.24854	0.432188	0.866857	0.0	0.9683360000000001	-0.08915139999999999	-0.23318699999999998	0.0	-2.79007	1.97718	1.45531	0.0	-0.038410400000000004	0.828767	-0.558275	0.0	0.354831	-0.510966	-0.782949	0.0	-0.934141	-0.22816599999999998	-0.274446	0.0	2.72369	2.02567	1.6025399999999999	0.0	
0	-0.05621759999999999	0.9016629999999999	-0.428771	0.0	0.245128	0.42877	0.8695219999999999	0.0	0.96786	-0.0562212	-0.245127	0.0	-2.81625	1.98842	1.39254	0.0	-0.0237837	0.82824	-0.559869	0.0	0.37148400000000004	-0.512606	-0.7741020000000001	0.0	-0.928135	-0.22639299999999998	-0.295486	0.0	2.75279	2.05383	1.59466	0.0	
0	-0.15137	0.901575	-0.405277	0.0	0.20391900000000002	0.42966400000000005	0.879662	0.0	0.9672149999999999	0.050511099999999996	-0.248887	0.0	-2.8278	2.0752599999999997	1.2947799999999998	0.0	-0.0118741	0.854175	-0.51985	0.0	0.381945	-0.476591	-0.79182	0.0	-0.9241090000000001	-0.207956	-0.320589	0.0	2.7994	2.11584	1.5513	0.23192600000000002	
0	-0.22263200000000002	0.871766	-0.43641499999999994	0.0	0.184651	0.477254	0.8591469999999999	0.0	0.957256	0.11068900000000001	-0.26722399999999996	0.0	-2.86232	2.18115	1.18444	0.32623800000000003	-0.043408800000000004	0.888667	-0.45649399999999996	0.0	0.394867	-0.40446	-0.8249200000000001	0.0	-0.9177120000000001	-0.216063	-0.333348	0.0	2.72224	2.1099200000000002	1.5082799999999998	0.358684	
0	-0.22805100000000003	0.866182	-0.444658	0.0	0.170845	0.485206	0.857547	0.0	0.958543	0.11959700000000001	-0.258635	0.0	-2.81128	2.19002	1.2197799999999999	0.345864	-0.0814658	0.899468	-0.42932600000000004	0.0	0.391754	-0.367189	-0.8436239999999999	0.0	-0.9164559999999999	-0.236916	-0.322457	0.0	2.6771599999999998	2.08474	1.5649600000000001	0.35975100000000004	
0	-0.23159699999999997	0.860758	-0.453276	0.0	0.15950899999999998	0.493238	0.855145	0.0	0.9596459999999999	0.125747	-0.251531	0.0	-2.7473	2.189	1.24401	0.3462	-0.128225	0.910121	-0.394002	0.0	0.410181	-0.31304099999999996	-0.8565959999999999	0.0	-0.9029450000000001	-0.271449	-0.33317399999999997	0.0	2.67857	2.04337	1.5892	0.35930300000000004	
0	-0.190914	0.8543930000000001	-0.483286	0.0	0.165346	0.513297	0.842132	0.0	0.9675809999999999	0.08086510000000001	-0.23926599999999998	0.0	-2.65876	2.1463099999999997	1.35948	0.347089	-0.19686199999999998	0.920373	-0.33787399999999995	0.0	0.42663500000000004	-0.22986199999999998	-0.874726	0.0	-0.8827389999999999	-0.316349	-0.347412	0.0	2.6994700000000003	1.9415099999999998	1.55599	0.359406	
0	-0.154885	0.8536799999999999	-0.497233	0.0	0.165429	0.5186109999999999	0.8388540000000001	0.0	0.973984	0.0476689	-0.221548	0.0	-2.60837	2.0215099999999997	1.45466	0.347409	-0.27172199999999996	0.922908	-0.272778	0.0	0.429641	-0.137295	-0.892501	0.0	-0.8611479999999999	-0.359709	-0.359213	0.0	2.7254099999999997	1.85912	1.5546799999999998	0.360088	
0	-0.113265	0.8496450000000001	-0.515048	0.0	0.165499	0.527276	0.833421	0.0	0.979684	0.00915682	-0.20033800000000002	0.0	-2.5451	1.8525200000000002	1.5518100000000001	0.347717	-0.340445	0.9197350000000001	-0.195409	0.0	0.406041	-0.0436397	-0.9128120000000001	0.0	-0.848073	-0.390106	-0.358593	0.0	2.76753	1.75538	1.53806	0.361122	
0	-0.10869100000000001	0.8468190000000001	-0.5206569999999999	0.0	0.156737	0.5318069999999999	0.8322350000000001	0.0	0.981642	0.0088504	-0.19053	0.0	-2.51107	1.7810599999999999	1.59276	0.348044	-0.360526	0.916617	-0.172729	0.0	0.384493	-0.0226748	-0.92285	0.0	-0.849816	-0.399124	-0.344258	0.0	2.78042	1.67789	1.53391	0.36034499999999997	
0	-0.10779000000000001	0.8459840000000001	-0.522199	0.0	0.15464	0.533133	0.831778	0.0	0.982073	0.00890401	-0.18829	0.0	-2.4965	1.7609	1.6021299999999998	0.348406	-0.349588	0.9202469999999999	-0.17588199999999998	0.0	0.38101	-0.0318639	-0.9240219999999999	0.0	-0.855932	-0.39004	-0.339484	0.0	2.78536	1.62012	1.5477	0.35891300000000004	
0	-0.10714800000000001	0.845504	-0.523108	0.0	0.156497	0.53392	0.830926	0.0	0.981849	0.00716758	-0.189527	0.0	-2.4910400000000004	1.7571400000000001	1.60636	0.348391	-0.34834299999999996	0.91417	-0.20724299999999998	0.0	0.400041	-0.054961699999999995	-0.914848	0.0	-0.847717	-0.40158699999999997	-0.34656	0.0	2.77948	1.56132	1.56665	0.358074	
0	-0.10803099999999999	0.845191	-0.523433	0.0	0.15599000000000002	0.534403	0.8307110000000001	0.0	0.981833	0.00809222	-0.189573	0.0	-2.49982	1.7489400000000002	1.6110799999999998	0.348597	-0.351288	0.910723	-0.21721300000000002	0.0	0.399333	-0.064097	-0.9145629999999999	0.0	-0.846835	-0.408015	-0.341165	0.0	2.7866400000000002	1.5577299999999998	1.6144	0.358191	
0	-0.10771199999999999	0.848023	-0.518899	0.0	0.155945	0.529886	0.833608	0.0	0.981875	0.00887001	-0.18932000000000002	0.0	-2.49641	1.7365400000000002	1.6050799999999998	0.348848	-0.350082	0.9086569999999999	-0.22756500000000002	0.0	0.403843	-0.07279429999999999	-0.911927	0.0	-0.845194	-0.41115	-0.341471	0.0	2.78647	1.56539	1.62996	0.358189	
0	-0.106118	0.8495530000000001	-0.5167189999999999	0.0	0.156218	0.5274439999999999	0.8351040000000001	0.0	0.9820059999999999	0.00789854	-0.188687	0.0	-2.48599	1.72928	1.59592	0.34888800000000003	-0.342152	0.9081629999999999	-0.24119000000000002	0.0	0.408946	-0.0871788	-0.908385	0.0	-0.845988	-0.409439	-0.341561	0.0	2.7871099999999998	1.5658100000000001	1.6252	0.357887	
0	-0.10313399999999999	0.852748	-0.512039	0.0	0.161687	0.52231	0.8372870000000001	0.0	0.9814379999999999	0.00356311	-0.191746	0.0	-2.49286	1.72393	1.5874700000000002	0.34879699999999997	-0.33500100000000005	0.907242	-0.254335	0.0	0.40581799999999996	-0.104681	-0.9079389999999999	0.0	-0.850345	-0.40737399999999996	-0.33310700000000004	0.0	2.7911799999999998	1.5606	1.6300700000000001	0.359094	
0	-0.102007	0.8546030000000001	-0.5091640000000001	0.0	0.16678800000000002	0.519281	0.8381700000000001	0.0	0.9807020000000001	0.000576973	-0.195508	0.0	-2.5051799999999997	1.72102	1.5852700000000002	0.34861	-0.327873	0.903701	-0.275359	0.0	0.41150600000000004	-0.125752	-0.90269	0.0	-0.850389	-0.40928000000000003	-0.330648	0.0	2.78967	1.55884	1.60707	0.36055	
0	-0.101635	0.8567309999999999	-0.50565	0.0	0.169766	0.515763	0.839743	0.0	0.9802299999999999	-0.000495285	-0.197864	0.0	-2.5114799999999997	1.7190900000000002	1.5772700000000002	0.348439	-0.31695999999999996	0.9007860000000001	-0.29685300000000003	0.0	0.415588	-0.14943599999999999	-0.897194	0.0	-0.8525389999999999	-0.40774299999999997	-0.32699	0.0	2.78951	1.56942	1.58543	0.36093000000000003	
0	-0.09893289999999999	0.8608600000000001	-0.49913100000000005	0.0	0.171739	0.508836	0.8435590000000001	0.0	0.9801620000000001	-0.00226483	-0.198184	0.0	-2.51583	1.71085	1.5701	0.34832399999999997	-0.274876	0.893014	-0.356327	0.0	0.42026	-0.22173400000000001	-0.8798950000000001	0.0	-0.864769	-0.391612	-0.314349	0.0	2.7971	1.57546	1.57455	0.361257	
0	-0.0932071	0.8716370000000001	-0.481209	0.0	0.182221	0.490084	0.852416	0.0	0.97883	-0.00823525	-0.20451	0.0	-2.55914	1.67145	1.53172	0.34833600000000003	-0.23073400000000002	0.8801370000000001	-0.414875	0.0	0.42297700000000005	-0.293259	-0.857374	0.0	-0.8762719999999999	-0.373307	-0.304613	0.0	2.8034	1.57681	1.56066	0.361493	
0	-0.0815725	0.8797229999999999	-0.468437	0.0	0.20033099999999998	0.474883	0.856944	0.0	0.976326	-0.0239393	-0.214973	0.0	-2.6055	1.5855	1.46655	0.34826799999999997	-0.173738	0.8637799999999999	-0.472969	0.0	0.42104300000000006	-0.36901100000000003	-0.828585	0.0	-0.8902459999999999	-0.343097	-0.299578	0.0	2.8068	1.56318	1.54725	0.362187	
0	-0.08066960000000001	0.8812	-0.46580900000000003	0.0	0.203156	0.472058	0.8578389999999999	0.0	0.9758180000000001	-0.0254304	-0.217102	0.0	-2.6101400000000003	1.575	1.45516	0.34824499999999997	-0.15246099999999999	0.854454	-0.496654	0.0	0.42064399999999996	-0.39863699999999996	-0.814952	0.0	-0.894323	-0.333163	-0.298644	0.0	2.80756	1.5586200000000001	1.54233	0.36238200000000004	
0	-0.080664	0.8812049999999999	-0.46580200000000005	0.0	0.203163	0.47205	0.857842	0.0	0.975817	-0.0254368	-0.217106	0.0	-2.61008	1.57513	1.45528	0.34824499999999997	-0.152436	0.8544290000000001	-0.496704	0.0	0.420649	-0.39869099999999996	-0.814923	0.0	-0.894325	-0.33316100000000004	-0.29864	0.0	2.8075799999999997	1.55865	1.54236	0.36238200000000004	
0	-0.080664	0.8812049999999999	-0.46580200000000005	0.0	0.203163	0.47205	0.857842	0.0	0.975817	-0.0254368	-0.217106	0.0	-2.61008	1.57513	1.45528	0.34824499999999997	-0.152436	0.8544290000000001	-0.49670299999999995	0.0	0.420649	-0.39869099999999996	-0.814924	0.0	-0.894325	-0.33316100000000004	-0.298639	0.0	2.8075799999999997	1.55865	1.54236	0.36238200000000004	
0	-0.080664	0.8812049999999999	-0.46580200000000005	0.0	0.203163	0.47205	0.857842	0.0	0.975817	-0.0254368	-0.217106	0.0	-2.61008	1.57513	1.45528	0.34824499999999997	-0.152436	0.8544290000000001	-0.49670299999999995	0.0	0.420649	-0.39869099999999996	-0.814924	0.0	-0.894325	-0.33316100000000004	-0.29864	0.0	2.8075799999999997	1.55865	1.54236	0.36238200000000004	
0	-0.080664	0.8812049999999999	-0.46580200000000005	0.0	0.203163	0.47205	0.857842	0.0	0.975817	-0.0254368	-0.217106	0.0	-2.61008	1.57513	1.45528	0.34824499999999997	-0.152436	0.8544290000000001	-0.49670299999999995	0.0	0.420649	-0.39869099999999996	-0.814924	0.0	-0.894325	-0.33316100000000004	-0.29864	0.0	2.8075799999999997	1.55865	1.54236	0.36238200000000004	
0	-0.0806641	0.8812049999999999	-0.46580200000000005	0.0	0.203163	0.47205	0.857842	0.0	0.975817	-0.0254368	-0.217106	0.0	-2.61008	1.57513	1.45528	0.34824499999999997	-0.152436	0.8544290000000001	-0.49670299999999995	0.0	0.420649	-0.39869099999999996	-0.814924	0.0	-0.894325	-0.33316100000000004	-0.29864	0.0	2.8075799999999997	1.55865	1.54236	0.36238200000000004	
0	-0.08066419999999999	0.8812049999999999	-0.46580200000000005	0.0	0.203163	0.47205	0.857842	0.0	0.975817	-0.025436700000000003	-0.217106	0.0	-2.61008	1.57513	1.45528	0.34824499999999997	-0.152436	0.8544290000000001	-0.49670299999999995	0.0	0.420649	-0.39869099999999996	-0.814924	0.0	-0.894325	-0.33316100000000004	-0.29864	0.0	2.8075799999999997	1.55865	1.54236	0.36238200000000004	
0	-0.08066419999999999	0.8812049999999999	-0.46580200000000005	0.0	0.203163	0.47205	0.857842	0.0	0.975817	-0.0254366	-0.217106	0.0	-2.61008	1.57513	1.45528	0.34824499999999997	-0.152436	0.8544290000000001	-0.49670299999999995	0.0	0.420649	-0.39869099999999996	-0.814924	0.0	-0.894325	-0.33316100000000004	-0.29864	0.0	2.8075799999999997	1.55865	1.54236	0.36238200000000004	
0	-0.080664	0.8812049999999999	-0.46580200000000005	0.0	0.203163	0.47205	0.857842	0.0	0.975817	-0.025436900000000002	-0.217106	0.0	-2.61008	1.57513	1.45528	0.34824499999999997	-0.152436	0.8544290000000001	-0.49670299999999995	0.0	0.420649	-0.39869099999999996	-0.814924	0.0	-0.894325	-0.33316100000000004	-0.29864	0.0	2.8075799999999997	1.55865	1.54236	0.36238200000000004	
0	-0.0806641	0.8812049999999999	-0.46580200000000005	0.0	0.203163	0.47205	0.857842	0.0	0.975817	-0.025436700000000003	-0.217106	0.0	-2.61008	1.57513	1.45528	0.348246	-0.152436	0.8544290000000001	-0.49670299999999995	0.0	0.420649	-0.39869099999999996	-0.814924	0.0	-0.894325	-0.33316100000000004	-0.29864	0.0	2.8075799999999997	1.55865	1.54236	0.36238200000000004	
0	-0.0806641	0.8812049999999999	-0.46580200000000005	0.0	0.203163	0.47205	0.857842	0.0	0.975817	-0.025436700000000003	-0.217106	0.0	-2.61008	1.57513	1.45528	0.34824499999999997	-0.152436	0.8544290000000001	-0.49670299999999995	0.0	0.420649	-0.39869099999999996	-0.814924	0.0	-0.894325	-0.33316100000000004	-0.29864	0.0	2.8075799999999997	1.55865	1.54236	0.36238200000000004	
0	-0.06140219999999999	0.8330709999999999	-0.5497479999999999	0.0	0.0435079	0.5524979999999999	0.8323780000000001	0.0	0.997165	0.0271913	-0.0701698	0.0	-2.59707	1.52159	1.38592	0.350893	0.12001600000000001	0.868718	-0.480547	0.0	0.11212899999999999	-0.49281	-0.8628819999999999	0.0	-0.986419	0.0496759	-0.156554	0.0	2.79521	1.56669	1.58079	0.352069	
0	-0.0578549	0.85067	-0.522508	0.0	0.0609745	0.525418	0.848657	0.0	0.996461	0.0172392	-0.0822672	0.0	-2.61715	1.52524	1.28706	0.35108	0.0815593	0.8815299999999999	-0.46503	0.0	0.137424	-0.472074	-0.870782	0.0	-0.9871489999999999	0.00711444	-0.159645	0.0	2.8206	1.51625	1.5459399999999999	0.35154	
0	-0.0453825	0.877807	-0.47686000000000006	0.0	0.07284500000000001	0.47898900000000005	0.8747940000000001	0.0	0.99631	0.00496337	-0.0856816	0.0	-2.6231400000000002	1.50918	1.12461	0.349919	0.056057	0.892867	-0.44681899999999997	0.0	0.148078	-0.450008	-0.8806620000000001	0.0	-0.9873860000000001	-0.0167965	-0.15744	0.0	2.8235200000000003	1.52369	1.42961	0.35125500000000004	
0	-0.017566099999999998	0.8866850000000001	-0.46203999999999995	0.0	0.100856	0.461326	0.8814799999999999	0.0	0.9947459999999999	-0.031115399999999998	-0.0975313	0.0	-2.6172400000000002	1.42959	0.8991129999999999	0.342789	0.0397617	0.900703	-0.432612	0.0	0.158589	-0.433155	-0.887258	0.0	-0.9865440000000001	-0.0333286	-0.160065	0.0	2.8138099999999997	1.49027	1.16559	0.35134	
0	0.00821131	0.880818	-0.473383	0.0	0.120269	0.46909300000000004	0.874921	0.0	0.992707	-0.0641173	-0.10208300000000001	0.0	-2.59318	1.3331600000000001	0.6607270000000001	0.34278000000000003	0.0160589	0.9085260000000001	-0.417519	0.0	0.173753	-0.41375500000000004	-0.8936540000000001	0.0	-0.984658	-0.058194100000000006	-0.16450399999999998	0.0	2.79432	1.42449	0.8789469999999999	0.352063	
0	0.0465214	0.871391	-0.488378	0.0	0.15598	0.47657299999999997	0.865187	0.0	0.986664	-0.116427	-0.113749	0.0	-2.65024	1.1385399999999999	0.22677600000000003	0.340196	-0.00767028	0.9124120000000001	-0.409202	0.0	0.198388	-0.399692	-0.8949239999999999	0.0	-0.980094	-0.0880449	-0.177945	0.0	2.73868	1.3377700000000001	0.452272	0.352211	
0	0.110404	0.8488610000000001	-0.516958	0.0	0.223759	0.48555600000000004	0.8450840000000001	0.0	0.9683709999999999	-0.208975	-0.13633299999999998	0.0	-2.66368	0.940316	-0.158522	0.339074	-0.0708238	0.903883	-0.42187600000000003	0.0	0.263087	-0.391036	-0.881973	0.0	-0.962169	-0.173455	-0.21010500000000001	0.0	2.68445	1.16782	0.0215959	0.352048	
0	0.193521	0.819106	-0.540014	0.0	0.30430100000000004	0.47316099999999994	0.826752	0.0	0.9327120000000001	-0.324321	-0.15768800000000002	0.0	-2.69202	0.598086	-0.599234	0.344565	-0.191202	0.8795280000000001	-0.43574300000000005	0.0	0.326664	-0.361608	-0.873229	0.0	-0.9255979999999999	-0.309305	-0.21816999999999998	0.0	2.61829	0.817868	-0.43339700000000003	0.35434899999999997	
0	0.218444	0.8142699999999999	-0.537816	0.0	0.303645	0.46705100000000005	0.8304600000000001	0.0	0.927406	-0.34471399999999996	-0.145225	0.0	-2.67128	0.325667	-1.13185	0.347641	-0.275989	0.8641979999999999	-0.420704	0.0	0.321135	-0.329642	-0.887811	0.0	-0.905927	-0.380128	-0.186547	0.0	2.54815	0.441454	-0.9553440000000001	0.357311	
0	0.21075500000000003	0.8214809999999999	-0.529859	0.0	0.29609800000000003	0.462923	0.8354809999999999	0.0	0.931616	-0.332972	-0.145676	0.0	-2.61381	0.22811399999999998	-1.5017200000000002	0.34867800000000004	-0.276727	0.869866	-0.408357	0.0	0.311789	-0.320685	-0.8943989999999999	0.0	-0.908961	-0.374825	-0.182472	0.0	2.5000299999999998	0.290107	-1.34076	0.357768	
0	0.210048	0.8345299999999999	-0.509352	0.0	0.289653	0.44446899999999995	0.847672	0.0	0.9337989999999999	-0.325587	-0.14836400000000002	0.0	-2.5119599999999997	0.175032	-1.8339400000000001	0.349146	-0.24508000000000002	0.878625	-0.409821	0.0	0.317898	-0.32651399999999997	-0.8901290000000001	0.0	-0.915902	-0.348434	-0.199291	0.0	2.44983	0.166923	-1.73446	0.35847399999999996	
0	0.21423000000000003	0.8253299999999999	-0.522433	0.0	0.293013	0.45591899999999996	0.840406	0.0	0.9317989999999999	-0.333119	-0.14416099999999998	0.0	-2.42384	0.0884693	-2.03399	0.348883	-0.236242	0.868664	-0.43544399999999994	0.0	0.343467	-0.344549	-0.8736799999999999	0.0	-0.908967	-0.35596	-0.21696	0.0	2.44306	-0.0294966	-1.98938	0.358777	
0	0.241457	0.802132	-0.546153	0.0	0.301711	0.47285900000000003	0.827874	0.0	0.922317	-0.364676	-0.12783699999999998	0.0	-2.3338099999999997	-0.06567619999999999	-2.19827	0.348958	-0.24927	0.852325	-0.45979	0.0	0.35643400000000003	-0.360705	-0.861886	0.0	-0.9004549999999999	-0.378727	-0.213885	0.0	2.47302	-0.265521	-2.0869400000000002	0.359099	
0	0.286898	0.780338	-0.555663	0.0	0.315374	0.470775	0.82396	0.0	0.90456	-0.411634	-0.111034	0.0	-2.2894400000000004	-0.25404099999999996	-2.27386	0.34908	-0.27529499999999996	0.8328120000000001	-0.480246	0.0	0.370354	-0.369118	-0.852402	0.0	-0.887159	-0.412524	-0.206819	0.0	2.5181400000000003	-0.45933900000000005	-2.1038900000000003	0.359077	
0	0.334934	0.760744	-0.5559569999999999	0.0	0.36696999999999996	0.43813	0.820594	0.0	0.867843	-0.478865	-0.132426	0.0	-2.33534	-0.596182	-2.42028	0.34783000000000003	-0.286554	0.81557	-0.502725	0.0	0.38572199999999995	-0.382114	-0.839766	0.0	-0.876986	-0.434551	-0.205087	0.0	2.6104	-0.667273	-2.12624	0.35942199999999996	
0	0.356555	0.749703	-0.557507	0.0	0.38563200000000003	0.425426	0.818719	0.0	0.850974	-0.506911	-0.13742100000000002	0.0	-2.37404	-0.721385	-2.4678299999999997	0.34828200000000004	-0.303369	0.801716	-0.514994	0.0	0.398173	-0.384359	-0.8329030000000001	0.0	-0.8656940000000001	-0.457733	-0.202619	0.0	2.63952	-0.758266	-2.11945	0.35936	
0	0.35725999999999997	0.738321	-0.572056	0.0	0.39947	0.432845	0.808127	0.0	0.844268	-0.51723	-0.140299	0.0	-2.40219	-0.793184	-2.50366	0.348646	-0.318409	0.7847729999999999	-0.53174	0.0	0.402146	-0.396133	-0.8254440000000001	0.0	-0.858426	-0.47666499999999995	-0.189462	0.0	2.6928099999999997	-0.864129	-2.1177799999999998	0.359103	
0	0.359566	0.732718	-0.577786	0.0	0.40724699999999997	0.433889	0.803673	0.0	0.8395610000000001	-0.524275	-0.14238599999999998	0.0	-2.38844	-0.772081	-2.5091799999999997	0.34864	-0.320295	0.7778149999999999	-0.540755	0.0	0.406308	-0.402862	-0.820132	0.0	-0.8557600000000001	-0.482397	-0.186998	0.0	2.70837	-0.887589	-2.12984	0.358858	
0	0.36133699999999996	0.7324	-0.577084	0.0	0.408152	0.43222200000000005	0.8041119999999999	0.0	0.83836	-0.526093	-0.142753	0.0	-2.43135	-0.758997	-2.5044	0.34894899999999995	-0.32285	0.7746609999999999	-0.543754	0.0	0.40630900000000003	-0.405443	-0.818859	0.0	-0.854799	-0.48530100000000004	-0.183855	0.0	2.69403	-0.873303	-2.12398	0.359062	
0	0.35926199999999997	0.73085	-0.580335	0.0	0.406629	0.43712799999999996	0.802229	0.0	0.83999	-0.524192	-0.14014200000000002	0.0	-2.45276	-0.749053	-2.48979	0.349046	-0.322797	0.774225	-0.5444060000000001	0.0	0.406688	-0.40593	-0.818429	0.0	-0.8546389999999999	-0.48558999999999997	-0.183835	0.0	2.69473	-0.867066	-2.1122799999999997	0.35899899999999996	
0	0.35937199999999997	0.728781	-0.582864	0.0	0.400912	0.443441	0.801642	0.0	0.8426870000000001	-0.5217649999999999	-0.13281700000000002	0.0	-2.4456	-0.748163	-2.4729099999999997	0.349141	-0.322089	0.772464	-0.547319	0.0	0.408382	-0.408206	-0.816451	0.0	-0.8540979999999999	-0.48648500000000006	-0.183982	0.0	2.69596	-0.875974	-2.11396	0.359018	
0	0.359867	0.7289800000000001	-0.58231	0.0	0.39754	0.444829	0.802551	0.0	0.8440719999999999	-0.520303	-0.129719	0.0	-2.43586	-0.7514390000000001	-2.46711	0.349231	-0.322345	0.771609	-0.548374	0.0	0.407819	-0.409583	-0.8160430000000001	0.0	-0.8542700000000001	-0.48668500000000003	-0.18265	0.0	2.6954	-0.8726229999999999	-2.10491	0.35887600000000003	
0	0.358989	0.729617	-0.5820529999999999	0.0	0.392964	0.4475	0.80332	0.0	0.846585	-0.517109	-0.126066	0.0	-2.3763400000000003	-0.758575	-2.46617	0.34976599999999997	-0.324206	0.7679600000000001	-0.552384	0.0	0.409213	-0.412612	-0.813815	0.0	-0.8528979999999999	-0.48988699999999996	-0.180488	0.0	2.68887	-0.857777	-2.0916900000000003	0.35889	
0	0.358979	0.729607	-0.582072	0.0	0.392919	0.44755100000000003	0.8033140000000001	0.0	0.8466100000000001	-0.51708	-0.12601500000000002	0.0	-2.3782	-0.758514	-2.4653099999999997	0.34978200000000004	-0.32414	0.768051	-0.552297	0.0	0.409199	-0.412542	-0.813858	0.0	-0.85293	-0.489803	-0.180565	0.0	2.68831	-0.858101	-2.09127	0.358879	
0	0.358979	0.729607	-0.582072	0.0	0.392918	0.44755100000000003	0.8033140000000001	0.0	0.8466100000000001	-0.51708	-0.12601500000000002	0.0	-2.3782	-0.758514	-2.4653099999999997	0.34978200000000004	-0.32414	0.768051	-0.552297	0.0	0.409199	-0.412542	-0.813858	0.0	-0.85293	-0.489803	-0.180564	0.0	2.68832	-0.8581030000000001	-2.09128	0.358879	
0	0.358979	0.729607	-0.582072	0.0	0.392918	0.44755100000000003	0.8033140000000001	0.0	0.8466100000000001	-0.51708	-0.12601400000000001	0.0	-2.3782	-0.758514	-2.4653099999999997	0.34978200000000004	-0.32414	0.768051	-0.552297	0.0	0.409199	-0.412542	-0.813858	0.0	-0.85293	-0.489803	-0.180564	0.0	2.68832	-0.858102	-2.09128	0.358879	
0	0.358979	0.729607	-0.582072	0.0	0.392918	0.44755100000000003	0.8033140000000001	0.0	0.8466100000000001	-0.51708	-0.12601400000000001	0.0	-2.3782	-0.7585149999999999	-2.4653099999999997	0.34978200000000004	-0.32414	0.768051	-0.552297	0.0	0.409199	-0.412542	-0.813858	0.0	-0.85293	-0.489803	-0.180564	0.0	2.68832	-0.858102	-2.09128	0.358879	
0	0.358979	0.729607	-0.582072	0.0	0.392918	0.44755100000000003	0.8033140000000001	0.0	0.8466100000000001	-0.51708	-0.12601400000000001	0.0	-2.3782	-0.758514	-2.4653099999999997	0.34978200000000004	-0.32414	0.768051	-0.552297	0.0	0.409199	-0.412542	-0.813858	0.0	-0.85293	-0.489803	-0.180564	0.0	2.68832	-0.8581030000000001	-2.09128	0.358879	
0	0.358979	0.729607	-0.582072	0.0	0.392918	0.44755100000000003	0.8033140000000001	0.0	0.8466100000000001	-0.51708	-0.12601400000000001	0.0	-2.3782	-0.758514	-2.4653099999999997	0.34978200000000004	-0.32414	0.768051	-0.552297	0.0	0.409199	-0.412542	-0.813858	0.0	-0.85293	-0.489803	-0.180564	0.0	2.68832	-0.858102	-2.09128	0.358879	
0	0.358979	0.729607	-0.582072	0.0	0.392918	0.44755100000000003	0.8033140000000001	0.0	0.8466100000000001	-0.51708	-0.12601400000000001	0.0	-2.3782	-0.7585149999999999	-2.4653099999999997	0.34978200000000004	-0.32414	0.768051	-0.552297	0.0	0.409199	-0.412542	-0.813858	0.0	-0.85293	-0.489803	-0.180564	0.0	2.68832	-0.858102	-2.09128	0.358879	
0	0.358979	0.729607	-0.582072	0.0	0.392918	0.44755100000000003	0.8033140000000001	0.0	0.8466100000000001	-0.51708	-0.12601400000000001	0.0	-2.3782	-0.758514	-2.4653099999999997	0.34978200000000004	-0.32414	0.768051	-0.552297	0.0	0.409199	-0.412542	-0.813858	0.0	-0.85293	-0.489803	-0.180564	0.0	2.68832	-0.858102	-2.09128	0.358879	
0	0.358979	0.729607	-0.582072	0.0	0.392918	0.44755100000000003	0.8033140000000001	0.0	0.8466100000000001	-0.51708	-0.12601400000000001	0.0	-2.3782	-0.7585149999999999	-2.4653099999999997	0.34978200000000004	-0.32414	0.768051	-0.552297	0.0	0.409199	-0.412542	-0.813858	0.0	-0.85293	-0.489803	-0.180564	0.0	2.68832	-0.858102	-2.09128	0.358879	
0	0.358979	0.729607	-0.582072	0.0	0.392918	0.44755100000000003	0.8033140000000001	0.0	0.8466100000000001	-0.51708	-0.12601400000000001	0.0	-2.3782	-0.758514	-2.4653099999999997	0.34978200000000004	-0.32414	0.768051	-0.552297	0.0	0.409199	-0.412542	-0.813858	0.0	-0.85293	-0.489803	-0.180564	0.0	2.68832	-0.8581030000000001	-2.09128	0.358879	
0	0.358979	0.729607	-0.582072	0.0	0.392918	0.44755100000000003	0.8033140000000001	0.0	0.8466100000000001	-0.51708	-0.12601400000000001	0.0	-2.3782	-0.758514	-2.4653099999999997	0.34978200000000004	-0.32414	0.768051	-0.552297	0.0	0.409199	-0.412542	-0.813858	0.0	-0.85293	-0.489803	-0.180564	0.0	2.68832	-0.8581030000000001	-2.09128	0.358879	
0	0.358979	0.729607	-0.582072	0.0	0.392918	0.44755100000000003	0.8033140000000001	0.0	0.8466100000000001	-0.51708	-0.12601400000000001	0.0	-2.3782	-0.758514	-2.4653099999999997	0.34978200000000004	-0.32414	0.768051	-0.552297	0.0	0.409199	-0.412542	-0.813858	0.0	-0.85293	-0.489803	-0.180564	0.0	2.68832	-0.8581030000000001	-2.09128	0.358879	
0	0.358979	0.729607	-0.582072	0.0	0.392918	0.44755100000000003	0.8033140000000001	0.0	0.8466100000000001	-0.51708	-0.12601400000000001	0.0	-2.3782	-0.758514	-2.4653099999999997	0.34978200000000004	-0.32414	0.768051	-0.552297	0.0	0.409199	-0.412542	-0.813858	0.0	-0.85293	-0.489803	-0.180564	0.0	2.68832	-0.8581030000000001	-2.09128	0.358879	
0	0.358979	0.729607	-0.582072	0.0	0.392918	0.44755100000000003	0.8033140000000001	0.0	0.8466100000000001	-0.51708	-0.12601400000000001	0.0	-2.3782	-0.758514	-2.4653099999999997	0.34978200000000004	-0.32414	0.768051	-0.552297	0.0	0.409199	-0.412542	-0.813858	0.0	-0.85293	-0.489803	-0.180564	0.0	2.68832	-0.858102	-2.09128	0.358879	
0	0.358979	0.729607	-0.582072	0.0	0.392918	0.44755100000000003	0.8033140000000001	0.0	0.8466100000000001	-0.51708	-0.12601400000000001	0.0	-2.3782	-0.758514	-2.4653099999999997	0.34978200000000004	-0.32414	0.768051	-0.552297	0.0	0.409199	-0.412542	-0.813858	0.0	-0.85293	-0.489803	-0.180564	0.0	2.68832	-0.858102	-2.09128	0.358879	
0	-0.138739	0.838563	-0.5268430000000001	0.0	0.08389400000000001	0.540028	0.837456	0.0	0.986769	0.0719885	-0.145273	0.0	-2.35803	-0.746505	-2.6012	0.348507	0.0980675	0.895426	-0.434276	0.0	0.109875	-0.443453	-0.8895379999999999	0.0	-0.9890959999999999	0.0395189	-0.141873	0.0	2.66762	-0.8650620000000001	-2.11651	0.352684	
0	-0.138481	0.8251700000000001	-0.547647	0.0	0.0935266	0.5614	0.8222430000000001	0.0	0.9859389999999999	0.0626459	-0.154919	0.0	-2.34525	-0.744863	-2.73355	0.34706	0.0782818	0.8964850000000001	-0.43610299999999996	0.0	0.108307	-0.442504	-0.890202	0.0	-0.991031	0.0224538	-0.131735	0.0	2.66051	-0.897084	-2.19335	0.353135	
0	-0.0767457	0.8459110000000001	-0.5277729999999999	0.0	0.148551	0.533127	0.8328909999999999	0.0	0.985922	-0.0144805	-0.166576	0.0	-2.32373	-0.804732	-2.94322	0.338429	0.00613046	0.884914	-0.465715	0.0	0.158022	-0.460729	-0.87336	0.0	-0.987417	-0.0682387	-0.14265999999999998	0.0	2.65817	-1.0327600000000001	-2.3874299999999997	0.352433	
0	0.03035	0.851081	-0.524157	0.0	0.24218800000000001	0.5025109999999999	0.829957	0.0	0.9697549999999999	-0.152134	-0.190871	0.0	-2.28829	-0.953399	-3.20574	0.339875	-0.07490210000000001	0.864825	-0.49645500000000004	0.0	0.226463	-0.47009300000000004	-0.8530690000000001	0.0	-0.9711350000000001	-0.176326	-0.16064	0.0	2.64762	-1.24179	-2.65493	0.350248	
0	0.146829	0.826983	-0.542716	0.0	0.331106	0.475921	0.8147810000000001	0.0	0.9321	-0.29933000000000004	-0.20394	0.0	-2.25798	-1.16526	-3.43333	0.3426	-0.11535	0.852656	-0.50958	0.0	0.26542	-0.467895	-0.842987	0.0	-0.957208	-0.23249099999999998	-0.17234000000000002	0.0	2.62098	-1.41604	-2.9575299999999998	0.349933	
0	0.29640900000000003	0.773217	-0.560604	0.0	0.35855	0.45395699999999994	0.8157	0.0	0.8852030000000001	-0.44278500000000004	-0.14268	0.0	-2.28058	-1.55104	-3.6664	0.345301	-0.170881	0.8343450000000001	-0.524089	0.0	0.324897	-0.45444700000000005	-0.8294090000000001	0.0	-0.930184	-0.31200500000000003	-0.19342	0.0	2.56324	-1.59301	-3.30766	0.351181	
0	0.37961300000000003	0.756591	-0.532413	0.0	0.362095	0.408073	0.8380709999999999	0.0	0.851341	-0.510926	-0.119048	0.0	-2.31378	-1.6716799999999998	-3.8228	0.347113	-0.192004	0.821953	-0.536217	0.0	0.369922	-0.445467	-0.8153020000000001	0.0	-0.909006	-0.3549	-0.218527	0.0	2.54366	-1.7555	-3.6118300000000003	0.353312	
0	0.539187	0.71706	-0.441704	0.0	0.311694	0.317326	0.8956290000000001	0.0	0.782384	-0.620588	-0.05240499999999999	0.0	-2.34918	-1.71911	-3.82229	0.34796	-0.191102	0.817203	-0.543746	0.0	0.41163999999999995	-0.43616800000000006	-0.800194	0.0	-0.891085	-0.376746	-0.25304099999999996	0.0	2.55395	-1.89185	-3.85541	0.354196	
0	0.727642	0.630361	-0.270523	0.0	0.188388	0.195569	0.962425	0.0	0.6595810000000001	-0.751264	0.0235512	0.0	-2.43716	-1.7379099999999998	-3.6962800000000002	0.348615	-0.174286	0.815785	-0.551471	0.0	0.43850100000000003	-0.437148	-0.785251	0.0	-0.8816700000000001	-0.378678	-0.281534	0.0	2.58418	-2.00923	-4.05415	0.35507	
0	0.8324010000000001	0.538639	-0.130298	0.0	0.046051	0.167075	0.9848680000000001	0.0	0.552258	-0.8258049999999999	0.11426800000000001	0.0	-2.54504	-1.75059	-3.5301400000000003	0.348513	-0.139157	0.811612	-0.5673819999999999	0.0	0.460898	-0.454034	-0.762514	0.0	-0.876475	-0.367614	-0.31088899999999997	0.0	2.61941	-2.14725	-4.21149	0.35491500000000004	
0	0.8827649999999999	0.469358	-0.0206966	0.0	-0.0691648	0.173405	0.982419	0.0	0.46469499999999997	-0.865814	0.185539	0.0	-2.60466	-1.77561	-3.3865	0.350649	-0.15923099999999998	0.7842359999999999	-0.599684	0.0	0.481846	-0.468434	-0.740536	0.0	-0.861667	-0.406871	-0.303292	0.0	2.64705	-2.31948	-4.26777	0.35549200000000003	
0	0.912805	0.401454	0.0749778	0.0	-0.16553900000000002	0.195874	0.966556	0.0	0.373341	-0.894689	0.24525100000000002	0.0	-2.58924	-1.8813900000000001	-3.24025	0.35089699999999996	-0.15741	0.7798149999999999	-0.605896	0.0	0.478109	-0.47666499999999995	-0.737701	0.0	-0.86408	-0.405806	-0.29780500000000004	0.0	2.66188	-2.3837200000000003	-4.27124	0.355741	
0	0.9242379999999999	0.355684	0.138829	0.0	-0.225489	0.215047	0.9502149999999999	0.0	0.308122	-0.909529	0.278957	0.0	-2.59915	-2.03607	-3.1442900000000003	0.350553	-0.157985	0.767335	-0.62148	0.0	0.48402399999999995	-0.48840600000000006	-0.726072	0.0	-0.860675	-0.41552	-0.294248	0.0	2.69444	-2.44734	-4.2621400000000005	0.355795	
0	0.916414	0.36043200000000003	0.173993	0.0	-0.273428	0.246348	0.9298120000000001	0.0	0.292271	-0.899667	0.324309	0.0	-2.5554200000000002	-2.17784	-3.04583	0.349992	-0.164052	0.753433	-0.63673	0.0	0.488238	-0.498854	-0.716079	0.0	-0.857153	-0.42835	-0.286017	0.0	2.73637	-2.52895	-4.25726	0.356103	
0	0.8959299999999999	0.401089	0.190887	0.0	-0.315942	0.273333	0.9085540000000001	0.0	0.312235	-0.87431	0.371608	0.0	-2.4162	-2.2789900000000003	-2.93388	0.348248	-0.166256	0.74306	-0.648245	0.0	0.485166	-0.510678	-0.709804	0.0	-0.8584709999999999	-0.432515	-0.275604	0.0	2.7705	-2.61035	-4.26914	0.356094	
0	0.882492	0.419367	0.21293099999999998	0.0	-0.35318299999999997	0.291912	0.8888469999999999	0.0	0.310596	-0.859604	0.405723	0.0	-2.2722	-2.33629	-2.84507	0.344884	-0.167689	0.737985	-0.65365	0.0	0.485184	-0.515401	-0.7063699999999999	0.0	-0.858183	-0.435591	-0.27163200000000004	0.0	2.77376	-2.6234900000000003	-4.23581	0.356061	
0	0.878949	0.412815	0.238815	0.0	-0.377139	0.295137	0.8778729999999999	0.0	0.291916	-0.8616719999999999	0.415099	0.0	-2.14718	-2.39865	-2.8072	0.340931	-0.16873	0.736079	-0.655529	0.0	0.483476	-0.517755	-0.705819	0.0	-0.858942	-0.436026	-0.268516	0.0	2.76608	-2.62544	-4.21415	0.35622600000000004	
0	0.8809299999999999	0.40821799999999997	0.23941700000000002	0.0	-0.37800900000000004	0.302582	0.874959	0.0	0.28473000000000004	-0.8612799999999999	0.420863	0.0	-2.08983	-2.46523	-2.81459	0.323482	-0.169323	0.732284	-0.659614	0.0	0.48482700000000006	-0.5208079999999999	-0.7026399999999999	0.0	-0.8580639999999999	-0.438771	-0.266846	0.0	2.7610099999999997	-2.62378	-4.2045699999999995	0.355905	
0	0.875079	0.410426	0.256488	0.0	-0.383332	0.264246	0.8850030000000001	0.0	0.295453	-0.872768	0.38856599999999997	0.0	-2.0730299999999997	-2.47358	-2.89748	0.333223	-0.167964	0.733386	-0.658737	0.0	0.484872	-0.52035	-0.7029479999999999	0.0	-0.8583049999999999	-0.437472	-0.268198	0.0	2.75932	-2.61701	-4.17964	0.355539	
0	0.877315	0.40530700000000003	0.256994	0.0	-0.378591	0.255396	0.8896299999999999	0.0	0.29493800000000003	-0.8777809999999999	0.377508	0.0	-2.0185	-2.45377	-2.9342900000000003	0.332439	-0.168147	0.7322069999999999	-0.66	0.0	0.480943	-0.5235029999999999	-0.7033050000000001	0.0	-0.860477	-0.43568100000000004	-0.264125	0.0	2.75998	-2.61539	-4.15796	0.355634	
0	0.900432	0.31837600000000005	0.29641	0.0	-0.376911	0.23084899999999997	0.897021	0.0	0.217164	-0.919427	0.327863	0.0	-2.0616	-2.4409	-3.0945	0.334165	-0.169266	0.730692	-0.661391	0.0	0.48093500000000006	-0.524514	-0.702557	0.0	-0.8602620000000001	-0.43700500000000003	-0.262633	0.0	2.75441	-2.60929	-4.1304	0.355513	
0	0.9029290000000001	0.302483	0.30532600000000004	0.0	-0.377766	0.219755	0.899445	0.0	0.20496999999999999	-0.927476	0.312691	0.0	-2.10818	-2.45054	-3.17409	0.334225	-0.169508	0.730405	-0.661646	0.0	0.480853	-0.52473	-0.7024520000000001	0.0	-0.86026	-0.437226	-0.262272	0.0	2.75561	-2.60865	-4.12861	0.355513	
0	0.906508	0.243299	0.345034	0.0	-0.39669699999999997	0.21118699999999999	0.8933260000000001	0.0	0.144478	-0.946682	0.287958	0.0	-2.2688900000000003	-2.58241	-3.38654	0.336681	-0.169276	0.729544	-0.662655	0.0	0.48135100000000003	-0.525516	-0.701523	0.0	-0.8600270000000001	-0.437721	-0.262209	0.0	2.7569999999999997	-2.61017	-4.12554	0.355594	
0	0.908859	0.221241	0.353593	0.0	-0.39933	0.21671100000000001	0.890827	0.0	0.12046	-0.950836	0.285308	0.0	-2.3136799999999997	-2.65347	-3.4138599999999997	0.337167	-0.169178	0.7298720000000001	-0.6623180000000001	0.0	0.48087700000000005	-0.525462	-0.701888	0.0	-0.8603120000000001	-0.437237	-0.26208200000000004	0.0	2.75605	-2.60833	-4.118469999999999	0.35536	
0	0.911474	0.15545499999999998	0.380853	0.0	-0.408157	0.2265	0.884368	0.0	0.0512163	-0.961526	0.269899	0.0	-2.48017	-2.8728599999999997	-3.5572	0.33239	-0.169603	0.729104	-0.6630550000000001	0.0	0.48003100000000004	-0.526476	-0.701707	0.0	-0.8607	-0.437299	-0.260701	0.0	2.75665	-2.60815	-4.1103	0.355369	
0	0.9036129999999999	0.144231	0.403337	0.0	-0.42674799999999996	0.221775	0.876757	0.0	0.037005800000000005	-0.9643719999999999	0.261949	0.0	-2.5051900000000002	-2.92307	-3.58829	0.32324	-0.16958499999999999	0.729326	-0.6628149999999999	0.0	0.480861	-0.525829	-0.701625	0.0	-0.86024	-0.43770699999999996	-0.26153200000000004	0.0	2.75486	-2.60925	-4.108169999999999	0.355435	
0	0.8973180000000001	0.139854	0.41864300000000004	0.0	-0.440546	0.225302	0.868999	0.0	0.027212	-0.964199	0.26378	0.0	-2.5628	-3.04258	-3.66276	0.317475	-0.170255	0.729025	-0.662975	0.0	0.48098199999999997	-0.525725	-0.701619	0.0	-0.8600409999999999	-0.438333	-0.261141	0.0	2.76179	-2.61535	-4.1092	0.355437	
0	0.890756	0.160968	0.425021	0.0	-0.452376	0.22410100000000002	0.8632120000000001	0.0	0.04370159999999999	-0.961181	0.272437	0.0	-2.5411900000000003	-3.07911	-3.67159	0.315537	-0.16986099999999998	0.728585	-0.66356	0.0	0.48191000000000006	-0.52593	-0.700829	0.0	-0.859599	-0.43881899999999996	-0.261777	0.0	2.76579	-2.61464	-4.1062	0.355556	
0	0.8825350000000001	0.20567399999999997	0.422883	0.0	-0.463363	0.227042	0.85659	0.0	0.0801663	-0.9519190000000001	0.295674	0.0	-2.47187	-3.13461	-3.6243800000000004	0.317544	-0.170767	0.7281920000000001	-0.663758	0.0	0.48256099999999996	-0.525522	-0.700687	0.0	-0.8590540000000001	-0.439958	-0.261655	0.0	2.7646900000000003	-2.61446	-4.105230000000001	0.355433	
0	0.878187	0.232041	0.418263	0.0	-0.46717	0.228419	0.854153	0.0	0.10265899999999999	-0.945506	0.30899699999999997	0.0	-2.41603	-3.15314	-3.6101699999999997	0.31757199999999997	-0.17113399999999998	0.728122	-0.66374	0.0	0.48215	-0.525608	-0.700905	0.0	-0.8592120000000001	-0.439971	-0.261115	0.0	2.76658	-2.61472	-4.1076	0.355497	
0	0.868182	0.317479	0.38140100000000005	0.0	-0.46228500000000006	0.237985	0.8541989999999999	0.0	0.180423	-0.917916	0.35338	0.0	-2.27947	-3.18625	-3.5544599999999997	0.317025	-0.17068699999999998	0.728108	-0.663872	0.0	0.48152	-0.526187	-0.700904	0.0	-0.8596540000000001	-0.439303	-0.260786	0.0	2.77316	-2.6206400000000003	-4.11241	0.35539299999999996	
0	0.864618	0.349438	0.361011	0.0	-0.45632799999999996	0.24549400000000002	0.855276	0.0	0.21024	-0.904227	0.371717	0.0	-2.2061	-3.19064	-3.5375400000000004	0.313861	-0.17058199999999998	0.728195	-0.663802	0.0	0.481679	-0.5260699999999999	-0.700882	0.0	-0.859585	-0.43929799999999997	-0.261019	0.0	2.77409	-2.6198	-4.10924	0.355531	
0	0.860858	0.39363400000000004	0.322452	0.0	-0.44305500000000003	0.268191	0.855439	0.0	0.250251	-0.8792760000000001	0.405275	0.0	-2.0630900000000003	-3.16399	-3.4589999999999996	0.306149	-0.171042	0.727067	-0.66492	0.0	0.481083	-0.527317	-0.700354	0.0	-0.859828	-0.439672	-0.259587	0.0	2.77676	-2.62699	-4.11365	0.355448	
0	0.8633540000000001	0.397138	0.311289	0.0	-0.437828	0.2829	0.85339	0.0	0.25085	-0.8730690000000001	0.418121	0.0	-2.0430599999999997	-3.17021	-3.43044	0.29944	-0.171204	0.726643	-0.665341	0.0	0.480965	-0.527736	-0.70012	0.0	-0.8598620000000001	-0.43986899999999995	-0.25914	0.0	2.7764900000000003	-2.62816	-4.1136	0.355498	
0	0.8631200000000001	0.399326	0.309131	0.0	-0.43792700000000007	0.287024	0.8519610000000001	0.0	0.25148200000000004	-0.8707219999999999	0.422612	0.0	-2.03222	-3.18795	-3.39129	0.288785	-0.171493	0.725226	-0.666812	0.0	0.480847	-0.52913	-0.699148	0.0	-0.85987	-0.440533	-0.257981	0.0	2.77661	-2.6377200000000003	-4.12101	0.355466	
0	0.8640190000000001	0.402032	0.303053	0.0	-0.43489399999999995	0.292721	0.851576	0.0	0.253651	-0.867574	0.42775799999999997	0.0	-2.04019	-3.1978	-3.41445	0.286735	-0.171375	0.725002	-0.667085	0.0	0.481054	-0.529321	-0.69886	0.0	-0.859777	-0.440671	-0.25805300000000003	0.0	2.7774400000000004	-2.63899	-4.12138	0.355439	
0	0.867965	0.39763000000000004	0.297534	0.0	-0.428175	0.295643	0.8539680000000001	0.0	0.2516	-0.868611	0.426863	0.0	-2.02579	-3.18158	-3.40849	0.28626999999999997	-0.17189000000000002	0.72511	-0.666836	0.0	0.48088100000000006	-0.529021	-0.699207	0.0	-0.859772	-0.440855	-0.257758	0.0	2.77929	-2.64182	-4.1249	0.355652	
0	0.875231	0.38632	0.29108	0.0	-0.413922	0.286806	0.863951	0.0	0.250278	-0.876641	0.41092799999999996	0.0	-2.05632	-3.1520200000000003	-3.4218699999999997	0.290716	-0.17241800000000002	0.724018	-0.6678850000000001	0.0	0.481375	-0.529626	-0.6984090000000001	0.0	-0.859389	-0.441921	-0.257208	0.0	2.7774799999999997	-2.63501	-4.120019999999999	0.355493	
0	0.8829790000000001	0.390203	0.260941	0.0	-0.38105500000000003	0.271196	0.883883	0.0	0.27412800000000004	-0.879883	0.38814899999999997	0.0	-2.1290400000000003	-3.11919	-3.47623	0.305263	-0.17246	0.7231890000000001	-0.668771	0.0	0.48173299999999997	-0.530285	-0.697661	0.0	-0.8591799999999999	-0.442488	-0.256931	0.0	2.77446	-2.6198599999999996	-4.10456	0.355486	
0	0.885337	0.404575	0.229121	0.0	-0.352562	0.262898	0.8981	0.0	0.303114	-0.875901	0.375392	0.0	-2.15386	-3.0853900000000003	-3.5067199999999996	0.299653	-0.1729	0.723121	-0.668732	0.0	0.481099	-0.530447	-0.697976	0.0	-0.859448	-0.442406	-0.256179	0.0	2.77334	-2.6185	-4.09957	0.355523	
0	0.8822690000000001	0.452575	0.129526	0.0	-0.256143	0.230679	0.9387110000000001	0.0	0.394958	-0.8613729999999999	0.319445	0.0	-2.18505	-2.96732	-3.60353	0.313775	-0.174442	0.724086	-0.667285	0.0	0.481113	-0.5285979999999999	-0.699367	0.0	-0.8591270000000001	-0.443039	-0.256158	0.0	2.7737700000000003	-2.62336	-4.12252	0.355621	
0	0.8602270000000001	0.5071859999999999	0.052653099999999994	0.0	-0.180988	0.207161	0.96142	0.0	0.47671099999999994	-0.836568	0.27	0.0	-2.20188	-2.87922	-3.7404800000000002	0.320156	-0.17613399999999999	0.723649	-0.667315	0.0	0.484523	-0.526371	-0.698693	0.0	-0.8568629999999999	-0.44639300000000004	-0.257913	0.0	2.77528	-2.62863	-4.1622	0.355657	
0	0.8449030000000001	0.534263	0.0264808	0.0	-0.15696300000000002	0.200293	0.967081	0.0	0.511372	-0.8212459999999999	0.25308800000000004	0.0	-2.16356	-2.84888	-3.82148	0.32171	-0.176455	0.7240489999999999	-0.666796	0.0	0.485121	-0.525464	-0.69896	0.0	-0.8564579999999999	-0.446812	-0.258531	0.0	2.7804	-2.63158	-4.19275	0.355551	
0	0.824799	0.565419	-0.0028545000000000003	0.0	-0.131073	0.196107	0.971783	0.0	0.550024	-0.8011510000000001	0.23586	0.0	-2.11469	-2.79935	-3.8386	0.319878	-0.175271	0.723635	-0.667557	0.0	0.48374300000000003	-0.527261	-0.698562	0.0	-0.8574809999999999	-0.44536400000000004	-0.25764000000000004	0.0	2.78175	-2.6314599999999997	-4.1940800000000005	0.35557300000000003	
