3	0.507111	0.659991	-0.5543020000000001	0.0	0.641155	0.140921	0.754361	0.0	0.5759850000000001	-0.737938	-0.351694	0.0	-2.78393	1.9948599999999999	1.41364	1.26362e-05	-0.593133	0.516197	-0.617847	0.0	0.751657	0.0800954	-0.654673	0.0	-0.288454	-0.852716	-0.435511	0.0	2.66032	2.0	1.53809	0.0	
3	0.0269232	0.923717	-0.382128	0.0	0.21153899999999998	0.368344	0.9053030000000001	0.0	0.976999	-0.105208	-0.18548499999999998	0.0	-2.76887	1.9743	1.40775	1.19209e-05	-0.200995	0.84573	-0.49431	0.0	0.469451	-0.35972800000000005	-0.806357	0.0	-0.859777	-0.39412800000000003	-0.324726	0.0	2.63064	2.0172	1.57585	0.0	
3	-0.0316826	0.930586	-0.364699	0.0	0.158138	0.364953	0.9174969999999999	0.0	0.986909	-0.0286043	-0.158724	0.0	-2.83448	1.93945	1.4706700000000001	0.0	-0.07937810000000001	0.8723	-0.48248500000000005	0.0	0.331974	-0.433252	-0.8379059999999999	0.0	-0.9399430000000001	-0.22668400000000002	-0.25519000000000003	0.0	2.67234	1.9685700000000002	1.63768	0.0	
3	-0.028424500000000002	0.9313459999999999	-0.363026	0.0	0.187506	0.361693	0.9132469999999999	0.0	0.9818520000000001	-0.042110800000000004	-0.18491300000000002	0.0	-2.95464	1.93882	1.48042	0.0	-0.0774031	0.86797	-0.490548	0.0	0.341011	-0.4393	-0.8311	0.0	-0.936867	-0.23161199999999998	-0.261984	0.0	2.6867099999999997	1.97333	1.6640000000000001	0.0	
3	-0.0391149	0.9302790000000001	-0.364761	0.0	0.169501	0.365927	0.915077	0.0	0.9847530000000001	-0.0260341	-0.171996	0.0	-2.98443	1.93203	1.47575	0.0	-0.0723182	0.8622790000000001	-0.501243	0.0	0.341098	-0.450874	-0.824842	0.0	-0.937242	-0.23062399999999997	-0.26151599999999997	0.0	2.69446	1.9888099999999997	1.67963	0.0	
3	-0.193382	0.872116	-0.44946400000000003	0.0	0.133205	0.477207	0.8686370000000001	0.0	0.972039	0.108108	-0.20845300000000003	0.0	-2.96044	1.98033	1.35934	0.32700100000000004	-0.044165499999999996	0.895927	-0.442	0.0	0.343094	-0.40192	-0.8489680000000001	0.0	-0.938262	-0.189143	-0.289636	0.0	2.67333	2.10243	1.69623	0.365032	
3	-0.237684	0.847874	-0.473937	0.0	0.100864	0.506826	0.8561280000000001	0.0	0.9660920000000001	0.155685	-0.20598400000000003	0.0	-2.86179	2.01819	1.30644	0.34831	-0.049098699999999995	0.900625	-0.431816	0.0	0.329338	-0.39355999999999997	-0.858282	0.0	-0.9429350000000001	-0.184354	-0.27728600000000003	0.0	2.60226	2.10597	1.70443	0.36196999999999996	
3	-0.23477199999999998	0.8448370000000001	-0.48076199999999997	0.0	0.0889419	0.511181	0.854859	0.0	0.967973	0.157937	-0.195152	0.0	-2.82585	2.02603	1.3049899999999999	0.34774099999999997	-0.0632192	0.9083479999999999	-0.413409	0.0	0.313363	-0.375221	-0.872361	0.0	-0.947527	-0.184697	-0.260922	0.0	2.53697	2.06815	1.7261	0.362552	
3	-0.23252399999999998	0.847146	-0.477782	0.0	0.106427	0.51046	0.85329	0.0	0.96675	0.147561	-0.20885399999999998	0.0	-2.82107	2.0430099999999998	1.31158	0.345451	-0.09131639999999999	0.907633	-0.409711	0.0	0.31911799999999996	-0.363061	-0.8754139999999999	0.0	-0.943305	-0.210686	-0.25648899999999997	0.0	2.51677	2.01178	1.80565	0.361133	
3	-0.23592	0.840233	-0.48821099999999995	0.0	0.10491900000000001	0.521479	0.8467889999999999	0.0	0.9660920000000001	0.148552	-0.211184	0.0	-2.84606	2.04325	1.31843	0.343513	-0.09569169999999999	0.8916270000000001	-0.44254399999999994	0.0	0.315722	-0.394441	-0.862981	0.0	-0.9440139999999999	-0.22230100000000003	-0.24376199999999998	0.0	2.51811	1.9738799999999999	1.8204	0.36037399999999997	
3	-0.253306	0.8034359999999999	-0.53882	0.0	0.0935194	0.5747140000000001	0.8129930000000001	0.0	0.9628549999999999	0.155546	-0.22071500000000002	0.0	-2.8675	2.0432	1.36337	0.340508	-0.0770507	0.8640040000000001	-0.497555	0.0	0.29589099999999996	-0.45674	-0.83895	0.0	-0.952109	-0.211864	-0.22046	0.0	2.53288	1.95287	1.86053	0.361125	
3	-0.20963600000000002	0.790894	-0.574926	0.0	0.14391700000000002	0.606546	0.781914	0.0	0.9671299999999999	0.0811754	-0.240977	0.0	-2.83642	2.02153	1.50386	0.314312	-0.00374645	0.81239	-0.583102	0.0	0.257025	-0.5627340000000001	-0.785664	0.0	-0.966398	-0.152815	-0.206697	0.0	2.5382700000000002	1.96365	1.8556599999999999	0.362097	
3	-0.150144	0.830266	-0.536763	0.0	0.202959	0.557239	0.8051659999999999	0.0	0.967608	0.0119504	-0.252176	0.0	-2.8277	1.90622	1.51793	0.316431	0.160712	0.474214	-0.865617	0.0	0.15509	-0.8782549999999999	-0.45234399999999997	0.0	-0.974741	-0.061551	-0.214692	0.0	2.53247	1.99583	1.8687599999999998	0.356106	
3	-0.117102	0.849009	-0.515239	0.0	0.236504	0.527722	0.815828	0.0	0.964548	-0.026320999999999997	-0.262592	0.0	-2.8361099999999997	1.87495	1.52859	0.35837399999999997	0.13228900000000002	0.347665	-0.92824	0.0	0.143783	-0.9332959999999999	-0.329067	0.0	-0.980727	-0.0899328	-0.173453	0.0	2.51714	1.8606599999999998	2.01737	0.342507	
3	-0.108351	0.855434	-0.506451	0.0	0.23334000000000002	0.517103	0.8235030000000001	0.0	0.96634	-0.0289478	-0.25563600000000003	0.0	-2.82182	1.8630099999999998	1.53178	0.35975799999999997	0.11716900000000001	0.392098	-0.912431	0.0	0.13583900000000002	-0.916452	-0.376382	0.0	-0.983778	-0.0798429	-0.160642	0.0	2.50811	1.8097299999999998	2.0662	0.342694	
3	-0.08681289999999998	0.876599	-0.473326	0.0	0.23615300000000003	0.47968500000000003	0.845065	0.0	0.96783	-0.038414800000000006	-0.248654	0.0	-2.7982	1.85758	1.56465	0.360985	0.0176157	0.567666	-0.8230709999999999	0.0	0.167431	-0.81325	-0.557308	0.0	-0.985727	-0.12799000000000002	-0.10937100000000001	0.0	2.4929	1.7181	2.20463	0.343949	
3	-0.0757536	0.8860239999999999	-0.457408	0.0	0.242232	0.461337	0.853517	0.0	0.9672559999999999	-0.046141900000000007	-0.249572	0.0	-2.78166	1.8575599999999999	1.6172600000000001	0.36148600000000003	-0.047081	0.652363	-0.756443	0.0	0.174735	-0.740228	-0.649254	0.0	-0.983489	-0.162745	-0.07914	0.0	2.47323	1.66238	2.34439	0.344262	
3	-0.0720944	0.890857	-0.44852700000000006	0.0	0.243642	0.451804	0.858203	0.0	0.967182	-0.0474088	-0.249623	0.0	-2.7821700000000003	1.8554700000000002	1.63847	0.36116	-0.09211860000000001	0.7251029999999999	-0.682451	0.0	0.184809	-0.661008	-0.7272649999999999	0.0	-0.978448	-0.193118	-0.07311489999999998	0.0	2.46366	1.6504	2.42945	0.345105	
3	-0.07171430000000001	0.8928379999999999	-0.444633	0.0	0.246927	0.447796	0.8593629999999999	0.0	0.966377	-0.0481635	-0.252579	0.0	-2.78717	1.8571	1.63857	0.36084499999999997	-0.10263199999999999	0.7476510000000001	-0.6561140000000001	0.0	0.194614	-0.631757	-0.750339	0.0	-0.9754959999999999	-0.204697	-0.0806646	0.0	2.45919	1.65209	2.43399	0.345047	
3	-0.0717098	0.892812	-0.44468500000000005	0.0	0.246887	0.44784799999999997	0.859348	0.0	0.9663879999999999	-0.048163300000000006	-0.252539	0.0	-2.78705	1.8570900000000001	1.63858	0.360846	-0.102526	0.747417	-0.656397	0.0	0.194523	-0.632069	-0.750099	0.0	-0.975525	-0.20458900000000002	-0.080586	0.0	2.45923	1.6522299999999999	2.43385	0.345049	
3	-0.0717098	0.892812	-0.44468599999999997	0.0	0.246887	0.44784799999999997	0.859348	0.0	0.9663879999999999	-0.0481635	-0.252539	0.0	-2.78705	1.8570900000000001	1.63858	0.36084499999999997	-0.102527	0.747414	-0.656399	0.0	0.194523	-0.6320720000000001	-0.750097	0.0	-0.975525	-0.20459000000000002	-0.08058480000000001	0.0	2.45923	1.6522299999999999	2.43385	0.345049	
3	-0.0717098	0.892812	-0.44468599999999997	0.0	0.246887	0.44784799999999997	0.859348	0.0	0.9663879999999999	-0.0481635	-0.252539	0.0	-2.78705	1.8570900000000001	1.63858	0.36084499999999997	-0.102527	0.747414	-0.656399	0.0	0.194523	-0.6320720000000001	-0.750097	0.0	-0.975525	-0.20459000000000002	-0.08058489999999999	0.0	2.45923	1.6522299999999999	2.43385	0.345049	
3	-0.0717097	0.892812	-0.44468599999999997	0.0	0.246887	0.44784799999999997	0.859348	0.0	0.9663879999999999	-0.0481635	-0.252538	0.0	-2.78705	1.8570900000000001	1.63858	0.36084499999999997	-0.102527	0.747414	-0.656399	0.0	0.194523	-0.6320720000000001	-0.750097	0.0	-0.975525	-0.20459000000000002	-0.0805847	0.0	2.45923	1.6522299999999999	2.43385	0.345049	
3	-0.0717097	0.892812	-0.44468599999999997	0.0	0.246887	0.44784799999999997	0.859348	0.0	0.9663879999999999	-0.048163599999999994	-0.252539	0.0	-2.78705	1.8570900000000001	1.63858	0.36084499999999997	-0.102527	0.747414	-0.656399	0.0	0.194523	-0.6320720000000001	-0.750097	0.0	-0.975525	-0.20459000000000002	-0.0805847	0.0	2.45923	1.6522299999999999	2.43385	0.345049	
3	-0.0717096	0.892812	-0.44468599999999997	0.0	0.246887	0.44784799999999997	0.859348	0.0	0.9663870000000001	-0.0481635	-0.252538	0.0	-2.78705	1.8570900000000001	1.63858	0.36084499999999997	-0.102527	0.747414	-0.656399	0.0	0.194523	-0.6320720000000001	-0.750097	0.0	-0.975525	-0.20459000000000002	-0.0805846	0.0	2.45923	1.6522299999999999	2.43385	0.345049	
3	-0.0717098	0.892812	-0.44468599999999997	0.0	0.246887	0.44784799999999997	0.859348	0.0	0.9663879999999999	-0.0481634	-0.252539	0.0	-2.78705	1.8570900000000001	1.63858	0.36084499999999997	-0.102527	0.747414	-0.656399	0.0	0.194523	-0.6320720000000001	-0.750097	0.0	-0.975525	-0.20459000000000002	-0.0805847	0.0	2.45923	1.6522299999999999	2.43385	0.345049	
3	-0.0717097	0.892812	-0.44468599999999997	0.0	0.246887	0.44784799999999997	0.859348	0.0	0.9663879999999999	-0.0481635	-0.252538	0.0	-2.78705	1.8570900000000001	1.63858	0.36084499999999997	-0.102527	0.747414	-0.656399	0.0	0.194523	-0.6320720000000001	-0.750097	0.0	-0.975525	-0.20459000000000002	-0.0805847	0.0	2.45923	1.6522299999999999	2.43385	0.345049	
3	-0.0717098	0.892812	-0.44468599999999997	0.0	0.246887	0.44784799999999997	0.859348	0.0	0.9663879999999999	-0.0481635	-0.252539	0.0	-2.78705	1.8570900000000001	1.63858	0.36084499999999997	-0.102527	0.747414	-0.656399	0.0	0.194523	-0.6320720000000001	-0.750097	0.0	-0.975525	-0.20459000000000002	-0.0805847	0.0	2.45923	1.6522299999999999	2.43385	0.345049	
3	-0.0717098	0.892812	-0.44468599999999997	0.0	0.246887	0.44784799999999997	0.859348	0.0	0.9663879999999999	-0.0481635	-0.252539	0.0	-2.78705	1.8570900000000001	1.63858	0.36084499999999997	-0.102527	0.747414	-0.656399	0.0	0.194523	-0.6320720000000001	-0.750097	0.0	-0.975525	-0.20459000000000002	-0.0805847	0.0	2.45923	1.6522299999999999	2.43385	0.345049	
3	-0.0717097	0.892812	-0.44468599999999997	0.0	0.246887	0.44784799999999997	0.859348	0.0	0.9663879999999999	-0.0481635	-0.252538	0.0	-2.78705	1.8570900000000001	1.63858	0.36084499999999997	-0.102527	0.747414	-0.656399	0.0	0.194523	-0.6320720000000001	-0.750097	0.0	-0.975525	-0.20459000000000002	-0.0805847	0.0	2.45923	1.6522299999999999	2.43385	0.345049	
3	-0.0717097	0.892812	-0.44468599999999997	0.0	0.246887	0.44784799999999997	0.859348	0.0	0.9663879999999999	-0.0481634	-0.252538	0.0	-2.78705	1.8570900000000001	1.63858	0.360846	-0.102527	0.747414	-0.656399	0.0	0.194523	-0.6320720000000001	-0.750097	0.0	-0.975525	-0.20459000000000002	-0.0805847	0.0	2.45923	1.6522299999999999	2.43385	0.345049	
3	-0.0717097	0.892812	-0.44468599999999997	0.0	0.246887	0.44784799999999997	0.859348	0.0	0.9663879999999999	-0.0481634	-0.252538	0.0	-2.78705	1.8570900000000001	1.63858	0.36084499999999997	-0.102527	0.747414	-0.656399	0.0	0.194523	-0.6320720000000001	-0.750097	0.0	-0.975525	-0.20459000000000002	-0.0805847	0.0	2.45923	1.6522299999999999	2.43385	0.345049	
3	-0.0717097	0.892812	-0.44468599999999997	0.0	0.246887	0.44784799999999997	0.859348	0.0	0.9663879999999999	-0.0481635	-0.252538	0.0	-2.78705	1.8570900000000001	1.63858	0.360846	-0.102527	0.747414	-0.656399	0.0	0.194523	-0.6320720000000001	-0.750097	0.0	-0.975525	-0.20459000000000002	-0.0805847	0.0	2.45923	1.6522299999999999	2.43385	0.345049	
3	-0.0717097	0.892812	-0.44468599999999997	0.0	0.246887	0.44784799999999997	0.859348	0.0	0.9663879999999999	-0.0481634	-0.252538	0.0	-2.78705	1.8570900000000001	1.63858	0.360846	-0.102527	0.747414	-0.656399	0.0	0.194523	-0.6320720000000001	-0.750097	0.0	-0.975525	-0.20459000000000002	-0.0805847	0.0	2.45923	1.6522299999999999	2.43385	0.345049	
3	-0.0717096	0.892812	-0.44468599999999997	0.0	0.246887	0.44784799999999997	0.859348	0.0	0.9663870000000001	-0.0481635	-0.252538	0.0	-2.78705	1.8570900000000001	1.63858	0.360846	-0.102527	0.747414	-0.656399	0.0	0.194523	-0.6320720000000001	-0.750097	0.0	-0.975525	-0.20459000000000002	-0.08058489999999999	0.0	2.45923	1.6522299999999999	2.43385	0.345048	
3	-0.17672100000000002	0.714374	-0.677082	0.0	-0.12675	0.665664	0.735409	0.0	0.976066	0.21578200000000003	-0.027089599999999995	0.0	-2.74755	1.83318	1.58512	0.334514	0.130165	0.7643270000000001	-0.631555	0.0	-0.0535413	-0.630626	-0.774238	0.0	-0.9900459999999999	0.13459300000000002	-0.041162300000000006	0.0	2.43378	1.68143	2.43148	0.346886	
3	-0.167214	0.720763	-0.672711	0.0	-0.125032	0.6613060000000001	0.7396229999999999	0.0	0.97796	0.20778600000000003	-0.020461	0.0	-2.7125	1.8111	1.53671	0.337706	0.117128	0.7644989999999999	-0.633895	0.0	-0.0498816	-0.632954	-0.7725810000000001	0.0	-0.9918629999999999	0.12211099999999998	-0.0360025	0.0	2.4117599999999997	1.6563700000000001	2.35902	0.346921	
3	-0.156225	0.716042	-0.680351	0.0	-0.102624	0.6733140000000001	0.7322	0.0	0.982376	0.18420899999999998	-0.0317053	0.0	-2.74347	1.76528	1.42766	0.334311	0.10876	0.7632220000000001	-0.636918	0.0	-0.0622775	-0.634228	-0.770633	0.0	-0.992115	0.12347999999999999	-0.021447499999999998	0.0	2.36836	1.63965	2.2378	0.355904	
3	-0.14824400000000001	0.699343	-0.699244	0.0	-0.016161500000000002	0.705249	0.708775	0.0	0.988819	0.116373	-0.0932468	0.0	-2.79467	1.73475	1.14058	0.335839	0.0739548	0.773324	-0.629683	0.0	-0.00932229	-0.630848	-0.77585	0.0	-0.997218	0.06324790000000001	-0.0394451	0.0	2.30004	1.6066200000000002	1.9710400000000001	0.354121	
3	-0.10403299999999999	0.7046680000000001	-0.701869	0.0	0.107324	0.709531	0.696453	0.0	0.988766	-0.002873	-0.149443	0.0	-2.83793	1.6180700000000001	0.6912520000000001	0.336945	0.024218299999999998	0.778896	-0.626686	0.0	0.0638799	-0.626795	-0.776562	0.0	-0.997664	-0.021225599999999997	-0.0649358	0.0	2.21754	1.4599799999999998	1.54968	0.352452	
3	-0.0426444	0.71815	-0.694581	0.0	0.198822	0.687408	0.698527	0.0	0.979107	-0.10830999999999999	-0.172098	0.0	-2.72379	1.37624	0.10426400000000001	0.342877	-0.052029099999999995	0.761925	-0.645573	0.0	0.140099	-0.634487	-0.760131	0.0	-0.98877	-0.129993	-0.0737333	0.0	2.09496	1.15287	0.931588	0.354312	
3	0.048102400000000003	0.717634	-0.694757	0.0	0.243784	0.666092	0.704905	0.0	0.968636	-0.203278	-0.142907	0.0	-2.66135	1.06561	-0.415832	0.346495	-0.11807000000000001	0.712727	-0.691433	0.0	0.216916	-0.660976	-0.718372	0.0	-0.969024	-0.234801	-0.076561	0.0	1.96291	0.794491	0.28662600000000005	0.35776199999999997	
3	0.182921	0.6774319999999999	-0.712479	0.0	0.297297	0.6526609999999999	0.6968840000000001	0.0	0.937099	-0.339292	-0.08201280000000001	0.0	-2.56811	0.462792	-0.972151	0.35138400000000003	-0.24484899999999998	0.6065050000000001	-0.75644	0.0	0.316949	-0.6872550000000001	-0.653625	0.0	-0.916293	-0.399792	-0.023958	0.0	1.79502	0.109178	-0.45206199999999996	0.36033899999999996	
3	0.247045	0.639429	-0.728079	0.0	0.336428	0.64803	0.683281	0.0	0.9087270000000001	-0.41374799999999995	-0.055029499999999995	0.0	-2.54898	0.195917	-1.14364	0.35223499999999996	-0.31452199999999997	0.566979	-0.761322	0.0	0.35828000000000004	-0.6717989999999999	-0.6483220000000001	0.0	-0.8790399999999999	-0.476678	0.00815824	0.0	1.7718099999999999	-0.223149	-0.69317	0.3601	
3	0.29731199999999997	0.623321	-0.72324	0.0	0.346122	0.635604	0.690078	0.0	0.889834	-0.45549799999999996	-0.0267728	0.0	-2.54603	-0.159944	-1.3384	0.352161	-0.367684	0.553268	-0.747464	0.0	0.38614	-0.640371	-0.6639430000000001	0.0	-0.845993	-0.532747	0.021815	0.0	1.8131099999999998	-0.6715720000000001	-1.01537	0.358193	
3	0.311896	0.629406	-0.711737	0.0	0.334985	0.628153	0.702288	0.0	0.8891040000000001	-0.457462	-0.014923599999999999	0.0	-2.51103	-0.37784	-1.43377	0.35285700000000003	-0.351648	0.570248	-0.7424029999999999	0.0	0.384029	-0.6353770000000001	-0.6699390000000001	0.0	-0.8537370000000001	-0.520686	0.00443691	0.0	1.87983	-0.91076	-1.24224	0.35825799999999997	
3	0.318762	0.626987	-0.710829	0.0	0.330677	0.629267	0.703332	0.0	0.888281	-0.459251	-0.00674349	0.0	-2.49543	-0.512402	-1.43811	0.356232	-0.335554	0.573218	-0.747546	0.0	0.383594	-0.64164	-0.664195	0.0	-0.860383	-0.509627	-0.00457799	0.0	1.93088	-1.0458	-1.3105200000000001	0.358338	
3	0.31665	0.623951	-0.714436	0.0	0.335471	0.630848	0.6996359999999999	0.0	0.8872389999999999	-0.461212	-0.00955892	0.0	-2.5045	-0.5486979999999999	-1.42479	0.35635900000000004	-0.337119	0.5652590000000001	-0.752884	0.0	0.38656599999999997	-0.646066	-0.658153	0.0	-0.85844	-0.512915	-0.000709087	0.0	1.95973	-1.09479	-1.2724	0.35796500000000003	
3	0.316786	0.625962	-0.7126140000000001	0.0	0.34083	0.626003	0.701395	0.0	0.8851450000000001	-0.46507299999999996	-0.0150372	0.0	-2.51378	-0.545209	-1.41868	0.356356	-0.31401599999999996	0.5650029999999999	-0.762998	0.0	0.38664299999999996	-0.657886	-0.646292	0.0	-0.867122	-0.497954	-0.0118675	0.0	1.9812299999999998	-1.08848	-1.2683200000000001	0.35749200000000003	
3	0.316915	0.62825	-0.71054	0.0	0.344052	0.6219779999999999	0.7034	0.0	0.883851	-0.46738100000000005	-0.0190365	0.0	-2.5193	-0.542887	-1.41723	0.356072	-0.311909	0.568362	-0.761366	0.0	0.38995100000000005	-0.6541600000000001	-0.648084	0.0	-0.866401	-0.499039	-0.0175945	0.0	2.01093	-1.11185	-1.29207	0.357402	
3	0.316198	0.627588	-0.711443	0.0	0.34416599999999997	0.622947	0.7024859999999999	0.0	0.884064	-0.466979	-0.019019499999999998	0.0	-2.52469	-0.5434869999999999	-1.4146	0.356008	-0.309747	0.5652510000000001	-0.7645569999999999	0.0	0.38845599999999997	-0.658705	-0.644368	0.0	-0.8678469999999999	-0.49658800000000003	-0.0155435	0.0	2.02109	-1.10416	-1.2859200000000002	0.35741999999999996	
3	0.319	0.630494	-0.707613	0.0	0.346925	0.61712	0.706262	0.0	0.881976	-0.470787	-0.0218729	0.0	-2.53508	-0.547216	-1.42001	0.35594699999999996	-0.30638000000000004	0.560628	-0.769304	0.0	0.382846	-0.667353	-0.638803	0.0	-0.8715280000000001	-0.490241	-0.0101706	0.0	2.00175	-1.09364	-1.2745600000000001	0.357586	
3	0.31906100000000004	0.630554	-0.7075319999999999	0.0	0.347032	0.616971	0.706339	0.0	0.881912	-0.47090200000000004	-0.0219715	0.0	-2.53488	-0.547497	-1.4203700000000001	0.35599000000000003	-0.306417	0.560645	-0.7692760000000001	0.0	0.382873	-0.667307	-0.638835	0.0	-0.871503	-0.490285	-0.0101811	0.0	2.00096	-1.0937	-1.27346	0.357588	
3	0.31906100000000004	0.630554	-0.7075319999999999	0.0	0.347033	0.61697	0.70634	0.0	0.881912	-0.47090200000000004	-0.021972099999999998	0.0	-2.53488	-0.547495	-1.4203700000000001	0.35599000000000003	-0.30641799999999997	0.5606439999999999	-0.7692760000000001	0.0	0.382872	-0.667307	-0.638835	0.0	-0.871503	-0.490285	-0.010180400000000001	0.0	2.00096	-1.0937	-1.27346	0.357588	
3	0.31906100000000004	0.630554	-0.7075319999999999	0.0	0.347033	0.61697	0.70634	0.0	0.881912	-0.47090200000000004	-0.021972099999999998	0.0	-2.53488	-0.547495	-1.4203700000000001	0.35599000000000003	-0.30641799999999997	0.5606439999999999	-0.7692760000000001	0.0	0.382872	-0.667307	-0.638835	0.0	-0.871503	-0.490285	-0.010180400000000001	0.0	2.00096	-1.0937	-1.27346	0.357588	
3	0.31906100000000004	0.630554	-0.7075319999999999	0.0	0.347033	0.61697	0.70634	0.0	0.881912	-0.47090200000000004	-0.021972099999999998	0.0	-2.53488	-0.547495	-1.4203700000000001	0.35599000000000003	-0.30641799999999997	0.5606439999999999	-0.7692760000000001	0.0	0.382872	-0.667307	-0.638835	0.0	-0.871503	-0.490285	-0.010180400000000001	0.0	2.00096	-1.0937	-1.27346	0.357588	
3	0.31906100000000004	0.630554	-0.7075319999999999	0.0	0.347033	0.61697	0.70634	0.0	0.881912	-0.47090200000000004	-0.021972099999999998	0.0	-2.53488	-0.547495	-1.4203700000000001	0.35599000000000003	-0.30641799999999997	0.5606439999999999	-0.7692760000000001	0.0	0.382872	-0.667307	-0.638835	0.0	-0.871503	-0.490285	-0.010180400000000001	0.0	2.00096	-1.0937	-1.27346	0.357588	
3	0.31906100000000004	0.630554	-0.7075319999999999	0.0	0.347033	0.61697	0.70634	0.0	0.881912	-0.47090200000000004	-0.021972099999999998	0.0	-2.53488	-0.547495	-1.4203700000000001	0.35599000000000003	-0.30641799999999997	0.5606439999999999	-0.7692760000000001	0.0	0.382872	-0.667307	-0.638835	0.0	-0.871503	-0.490285	-0.010180400000000001	0.0	2.00096	-1.0937	-1.27346	0.357588	
3	0.31906100000000004	0.630554	-0.7075319999999999	0.0	0.347033	0.61697	0.70634	0.0	0.881912	-0.47090200000000004	-0.021972099999999998	0.0	-2.53488	-0.547495	-1.4203700000000001	0.35599000000000003	-0.30641799999999997	0.560645	-0.7692760000000001	0.0	0.382872	-0.667307	-0.638835	0.0	-0.871503	-0.490285	-0.010180400000000001	0.0	2.00096	-1.0937	-1.27346	0.357588	
3	0.31906100000000004	0.630554	-0.7075319999999999	0.0	0.347033	0.61697	0.70634	0.0	0.881912	-0.47090200000000004	-0.021972099999999998	0.0	-2.53488	-0.547495	-1.4203700000000001	0.35599000000000003	-0.30641799999999997	0.5606439999999999	-0.7692760000000001	0.0	0.382872	-0.667307	-0.638835	0.0	-0.871503	-0.490285	-0.010180400000000001	0.0	2.00096	-1.0937	-1.27346	0.357588	
3	0.31906100000000004	0.630554	-0.7075319999999999	0.0	0.347033	0.61697	0.70634	0.0	0.881912	-0.47090200000000004	-0.021972099999999998	0.0	-2.53488	-0.547495	-1.4203700000000001	0.35599000000000003	-0.30641799999999997	0.560645	-0.7692760000000001	0.0	0.382872	-0.667307	-0.638835	0.0	-0.871503	-0.490285	-0.010180400000000001	0.0	2.00096	-1.0937	-1.27346	0.357588	
3	0.31906100000000004	0.630554	-0.7075319999999999	0.0	0.347033	0.61697	0.70634	0.0	0.881912	-0.47090200000000004	-0.021972099999999998	0.0	-2.53488	-0.547495	-1.4203700000000001	0.35599000000000003	-0.30641799999999997	0.5606439999999999	-0.7692760000000001	0.0	0.382872	-0.667307	-0.638835	0.0	-0.871503	-0.490285	-0.010180400000000001	0.0	2.00096	-1.0937	-1.27346	0.357588	
3	-0.20411400000000002	0.706228	-0.6779229999999999	0.0	-0.0154487	0.690092	0.723557	0.0	0.978825	0.158161	-0.129947	0.0	-2.40904	-0.651702	-1.26745	0.345314	0.023405000000000002	0.7228859999999999	-0.690571	0.0	0.10144299999999999	-0.688912	-0.717712	0.0	-0.994566	-0.05325560000000001	-0.0894561	0.0	1.9739900000000001	-1.07932	-1.0314	0.352837	
3	-0.20809699999999998	0.704829	-0.678168	0.0	-0.021018799999999997	0.689964	0.723539	0.0	0.9778819999999999	0.16482	-0.12876500000000002	0.0	-2.34036	-0.6718529999999999	-1.19782	0.34397	0.031123500000000002	0.729247	-0.683543	0.0	0.10471	-0.6824899999999999	-0.723356	0.0	-0.994016	-0.049060400000000004	-0.0976013	0.0	1.97482	-1.09215	-0.962499	0.352581	
3	-0.207986	0.705208	-0.677808	0.0	-0.0244175	0.689002	0.724348	0.0	0.977827	0.167205	-0.126084	0.0	-2.31366	-0.7012649999999999	-1.1969299999999998	0.34339699999999995	0.034767900000000004	0.7361770000000001	-0.675896	0.0	0.107384	-0.675141	-0.729831	0.0	-0.99361	-0.0472056	-0.102527	0.0	1.97511	-1.1199299999999999	-0.9230430000000001	0.352132	
3	-0.183545	0.6887989999999999	-0.701333	0.0	0.00241268	0.713767	0.700379	0.0	0.983009	0.126859	-0.13267	0.0	-2.35663	-0.8132689999999999	-1.33945	0.34238	0.0328934	0.73557	-0.67665	0.0	0.09526160000000002	-0.676241	-0.730495	0.0	-0.994909	-0.040430400000000005	-0.0923153	0.0	1.9377400000000002	-1.10114	-0.95919	0.352083	
3	-0.174497	0.6851119999999999	-0.707229	0.0	0.0364343	0.722249	0.690673	0.0	0.983984	0.0947526	-0.15099200000000002	0.0	-2.3829599999999997	-0.8660889999999999	-1.4343700000000001	0.337853	0.035177	0.739927	-0.671767	0.0	0.10478599999999999	-0.6712090000000001	-0.733825	0.0	-0.993873	-0.044578	-0.101145	0.0	1.9129099999999999	-1.08365	-1.0111	0.352168	
3	-0.11214	0.685082	-0.719783	0.0	0.17708	0.726535	0.66392	0.0	0.9777870000000001	-0.053006700000000004	-0.20278800000000002	0.0	-2.37977	-1.0489	-1.62358	0.33853099999999997	0.016487799999999997	0.747989	-0.663506	0.0	0.152862	-0.6576810000000001	-0.737624	0.0	-0.98811	-0.0892632	-0.125183	0.0	1.8766	-1.1172799999999998	-1.20784	0.351745	
3	-0.0118655	0.69572	-0.7182149999999999	0.0	0.320728	0.682963	0.656274	0.0	0.947097	-0.22256399999999998	-0.23124	0.0	-2.39553	-1.37884	-1.7880900000000002	0.339932	0.00182378	0.748133	-0.663546	0.0	0.20276	-0.650041	-0.732349	0.0	-0.9792270000000001	-0.133205	-0.15287699999999999	0.0	1.82612	-1.21214	-1.54006	0.351715	
3	0.107326	0.723829	-0.681581	0.0	0.40366799999999997	0.594769	0.6952	0.0	0.908589	-0.349745	-0.22835300000000003	0.0	-2.40932	-1.57657	-1.8473400000000002	0.339569	0.00479323	0.746726	-0.665114	0.0	0.24432600000000002	-0.645838	-0.723324	0.0	-0.9696819999999999	-0.15903699999999998	-0.18554	0.0	1.7820900000000002	-1.3004799999999999	-1.78243	0.352665	
3	0.187962	0.738374	-0.647668	0.0	0.44705500000000004	0.522835	0.7258	0.0	0.8745350000000001	-0.425966	-0.231821	0.0	-2.4245099999999997	-1.6582400000000002	-1.87853	0.338393	0.00789171	0.743633	-0.668542	0.0	0.26967199999999997	-0.645375	-0.71468	0.0	-0.9629200000000001	-0.174647	-0.20563	0.0	1.75551	-1.3653600000000001	-1.9262299999999999	0.353103	
3	0.495435	0.695657	-0.5201979999999999	0.0	0.5002909999999999	0.26104499999999997	0.825569	0.0	0.710108	-0.669266	-0.21870100000000003	0.0	-2.50866	-1.9056799999999998	-1.90019	0.33446	0.0344784	0.732287	-0.6801229999999999	0.0	0.335945	-0.64942	-0.682198	0.0	-0.94125	-0.204963	-0.268399	0.0	1.6911200000000002	-1.5728	-2.24729	0.354573	
3	0.5771029999999999	0.648578	-0.49628599999999995	0.0	0.501466	0.198214	0.842166	0.0	0.6445810000000001	-0.7348859999999999	-0.21084899999999998	0.0	-2.62696	-1.99987	-1.93687	0.32093499999999997	0.0456753	0.730518	-0.6813640000000001	0.0	0.355337	-0.649347	-0.6723720000000001	0.0	-0.933622	-0.211403	-0.28923899999999997	0.0	1.6856099999999998	-1.67733	-2.3693	0.35485700000000003	
3	0.607431	0.644887	-0.463841	0.0	0.45658000000000004	0.194389	0.868186	0.0	0.650047	-0.7391439999999999	-0.17636500000000002	0.0	-2.71656	-2.11361	-1.9901200000000001	0.306189	0.0786781	0.71221	-0.6975439999999999	0.0	0.38646199999999997	-0.666787	-0.637215	0.0	-0.9189440000000001	-0.219439	-0.327704	0.0	1.6604	-1.91877	-2.56526	0.35564	
3	0.684623	0.582593	-0.438036	0.0	0.412638	0.185606	0.891785	0.0	0.60085	-0.791287	-0.113329	0.0	-2.6006299999999998	-2.27668	-1.881	0.336434	0.0429515	0.693788	-0.718897	0.0	0.405355	-0.669776	-0.622164	0.0	-0.91315	-0.26468600000000003	-0.30999899999999997	0.0	1.66882	-2.10133	-2.56921	0.35625100000000004	
3	0.754422	0.490554	-0.43612399999999996	0.0	0.390845	0.198073	0.898892	0.0	0.5273399999999999	-0.848601	-0.042299699999999996	0.0	-2.44415	-2.50532	-1.7422900000000001	0.33488	0.0410144	0.6835	-0.728798	0.0	0.403475	-0.678625	-0.613739	0.0	-0.914071	-0.26888	-0.303609	0.0	1.69557	-2.21387	-2.58975	0.356224	
3	0.8016409999999999	0.426303	-0.41908999999999996	0.0	0.365186	0.20582199999999998	0.907897	0.0	0.473297	-0.8808540000000001	0.00931524	0.0	-2.32158	-2.6963	-1.63486	0.329386	0.041763800000000004	0.670022	-0.741166	0.0	0.39934400000000003	-0.691177	-0.602328	0.0	-0.91585	-0.27082399999999995	-0.296435	0.0	1.7242	-2.2919099999999997	-2.5881	0.356114	
3	0.8249049999999999	0.401648	-0.397758	0.0	0.342346	0.204956	0.916947	0.0	0.449813	-0.8925649999999999	0.0315669	0.0	-2.24111	-2.7783599999999997	-1.57886	0.326375	0.042818699999999994	0.665085	-0.74554	0.0	0.400408	-0.6950970000000001	-0.5970880000000001	0.0	-0.915336	-0.272953	-0.296068	0.0	1.7358200000000001	-2.32723	-2.5886099999999996	0.35617	
3	0.8715229999999999	0.341462	-0.351925	0.0	0.29378000000000004	0.21103000000000002	0.9322870000000001	0.0	0.392608	-0.915898	0.08360219999999999	0.0	-2.17595	-3.00365	-1.53201	0.316833	0.04189330000000001	0.65442	-0.75497	0.0	0.39754	-0.704162	-0.5883189999999999	0.0	-0.9166280000000001	-0.275484	-0.28965799999999997	0.0	1.7501	-2.3799200000000003	-2.57293	0.356167	
3	0.8834069999999999	0.317183	-0.344945	0.0	0.286571	0.21675300000000003	0.933218	0.0	0.370768	-0.923263	0.100586	0.0	-2.15673	-3.0977	-1.53037	0.309735	0.042230699999999996	0.65308	-0.756111	0.0	0.396374	-0.705633	-0.587341	0.0	-0.917117	-0.274899	-0.288664	0.0	1.74564	-2.37715	-2.5563700000000003	0.356041	
3	0.902567	0.290759	-0.31754	0.0	0.255664	0.231475	0.9386459999999999	0.0	0.346422	-0.928374	0.13458499999999998	0.0	-2.1595	-3.2658400000000003	-1.5357399999999999	0.297643	0.041906	0.651857	-0.7571829999999999	0.0	0.39477199999999996	-0.7069850000000001	-0.586793	0.0	-0.9178229999999999	-0.274325	-0.286962	0.0	1.73775	-2.36795	-2.54008	0.356063	
3	0.903653	0.28447100000000003	-0.32013600000000003	0.0	0.25902	0.23226599999999997	0.9375290000000001	0.0	0.34105599999999997	-0.9301229999999999	0.136204	0.0	-2.1729700000000003	-3.39376	-1.61329	0.300169	0.0447086	0.645073	-0.7628119999999999	0.0	0.385257	-0.715644	-0.5826060000000001	0.0	-0.921726	-0.267831	-0.280514	0.0	1.7118400000000003	-2.34991	-2.5508599999999997	0.355898	
3	0.901091	0.26395100000000005	-0.344042	0.0	0.300159	0.192933	0.934174	0.0	0.312954	-0.9450430000000001	0.09462310000000002	0.0	-2.16744	-3.31385	-1.6736	0.316316	0.04194	0.6372399999999999	-0.769524	0.0	0.372612	-0.724612	-0.5797399999999999	0.0	-0.927039	-0.262419	-0.267834	0.0	1.63837	-2.27007	-2.52752	0.3555	
3	0.8988149999999999	0.24848299999999998	-0.361093	0.0	0.322473	0.183121	0.9286969999999999	0.0	0.296889	-0.951169	0.0844628	0.0	-2.20664	-3.25338	-1.7377799999999999	0.32553000000000004	0.0356516	0.6353340000000001	-0.771414	0.0	0.36525599999999997	-0.726785	-0.581697	0.0	-0.9302239999999999	-0.261025	-0.257971	0.0	1.58855	-2.20052	-2.53805	0.355744	
3	0.893658	0.228334	-0.386316	0.0	0.356267	0.162439	0.920156	0.0	0.272856	-0.959936	0.0638168	0.0	-2.3565	-3.12405	-1.9041299999999999	0.335127	-0.036943699999999996	0.669305	-0.7420680000000001	0.0	0.334789	-0.6913739999999999	-0.640249	0.0	-0.9415690000000001	-0.27208899999999997	-0.198534	0.0	1.43523	-2.08679	-2.63635	0.356297	
3	0.894257	0.226104	-0.38624	0.0	0.35415399999999997	0.170155	0.9195770000000001	0.0	0.27364	-0.9591270000000001	0.07208669999999999	0.0	-2.40282	-3.0993	-1.91925	0.33469499999999996	-0.07058660000000001	0.6815100000000001	-0.728396	0.0	0.317365	-0.6769310000000001	-0.664112	0.0	-0.945673	-0.278045	-0.168505	0.0	1.34891	-2.04854	-2.68371	0.35673499999999997	
3	0.895501	0.21375	-0.390371	0.0	0.363964	0.153085	0.918747	0.0	0.256142	-0.9648190000000001	0.059290199999999994	0.0	-2.4475599999999997	-3.06602	-1.87547	0.333569	-0.155533	0.7099270000000001	-0.686887	0.0	0.255776	-0.6426930000000001	-0.722167	0.0	-0.9541430000000001	-0.28801	-0.0816224	0.0	1.05439	-1.8859400000000002	-2.86366	0.35790900000000003	
3	0.897602	0.204658	-0.390417	0.0	0.36653600000000003	0.145482	0.918959	0.0	0.244871	-0.9679620000000001	0.055570900000000006	0.0	-2.45682	-3.08127	-1.85768	0.331588	-0.213497	0.7070850000000001	-0.674129	0.0	0.209421	-0.6408739999999999	-0.738528	0.0	-0.954234	-0.29885	-0.0112537	0.0	0.830658	-1.82509	-2.92708	0.358373	
3	0.8962209999999999	0.18792999999999999	-0.401834	0.0	0.38214699999999996	0.132941	0.914489	0.0	0.22528	-0.973144	0.047327600000000004	0.0	-2.46087	-3.09768	-1.8415400000000002	0.331536	-0.255787	0.699084	-0.667723	0.0	0.179821	-0.644241	-0.743383	0.0	-0.9498620000000001	-0.310219	0.0390784	0.0	0.612955	-1.8451400000000002	-3.01702	0.358427	
3	0.895975	0.18468099999999998	-0.403882	0.0	0.384238	0.133649	0.913509	0.0	0.222687	-0.973669	0.0487851	0.0	-2.48103	-3.10764	-1.84027	0.33209099999999997	-0.27970500000000004	0.6947770000000001	-0.662608	0.0	0.171351	-0.642949	-0.746496	0.0	-0.944672	-0.322337	0.0607855	0.0	0.49249	-1.87178	-3.06694	0.358419	
3	0.895015	0.175466	-0.41007299999999997	0.0	0.38710100000000003	0.15117	0.9095610000000001	0.0	0.221588	-0.9728100000000001	0.0673768	0.0	-2.46366	-3.12774	-1.74079	0.32705700000000004	-0.299711	0.697562	-0.650831	0.0	0.177111	-0.62965	-0.756421	0.0	-0.9374459999999999	-0.341977	0.06516709999999999	0.0	0.290441	-1.9503099999999998	-3.2219900000000004	0.357998	
3	0.8954	0.16180899999999998	-0.414821	0.0	0.39211999999999997	0.154825	0.906792	0.0	0.210952	-0.974601	0.075182	0.0	-2.43502	-3.14175	-1.7042	0.324473	-0.288655	0.700961	-0.652175	0.0	0.188029	-0.626402	-0.756483	0.0	-0.938788	-0.34099	0.049012400000000005	0.0	0.23203400000000002	-1.98472	-3.32539	0.35791999999999996	
3	0.8962700000000001	0.15395999999999999	-0.415929	0.0	0.394408	0.152223	0.9062399999999999	0.0	0.20283900000000002	-0.976281	0.07571010000000002	0.0	-2.40735	-3.15115	-1.6802400000000002	0.324598	-0.280175	0.697716	-0.6593140000000001	0.0	0.19659000000000001	-0.630562	-0.750829	0.0	-0.9396040000000001	-0.339978	0.0395033	0.0	0.211862	-2.01725	-3.37555	0.357624	
3	0.902257	0.119957	-0.414177	0.0	0.39850399999999997	0.134915	0.9071889999999999	0.0	0.164703	-0.983569	0.0739241	0.0	-2.37962	-3.17448	-1.68773	0.326966	-0.273196	0.693803	-0.666334	0.0	0.203768	-0.635228	-0.744959	0.0	-0.9401290000000001	-0.33929699999999996	0.0321675	0.0	0.18159	-2.10434	-3.44366	0.357639	
3	0.904443	0.11431500000000001	-0.410992	0.0	0.396369	0.130996	0.908698	0.0	0.157716	-0.98477	0.0731676	0.0	-2.37379	-3.18875	-1.6927900000000002	0.32629	-0.272555	0.693955	-0.666439	0.0	0.20462	-0.6350100000000001	-0.744912	0.0	-0.9401299999999999	-0.33939600000000003	0.0310781	0.0	0.17216199999999998	-2.12374	-3.45986	0.35777600000000004	
3	0.9132600000000001	0.088403	-0.39766799999999997	0.0	0.38906	0.10014400000000001	0.915753	0.0	0.12078	-0.991038	0.057063699999999995	0.0	-2.35981	-3.23944	-1.7434599999999998	0.326731	-0.265651	0.685021	-0.678363	0.0	0.206618	-0.646841	-0.734102	0.0	-0.9416680000000001	-0.335177	0.030296299999999998	0.0	0.162294	-2.15082	-3.487	0.357302	
3	0.915118	0.05392869999999999	-0.399563	0.0	0.395595	0.0713023	0.915653	0.0	0.0778698	-0.9959959999999999	0.043916000000000004	0.0	-2.44137	-3.30643	-1.7896900000000002	0.334096	-0.25819699999999995	0.676415	-0.6897810000000001	0.0	0.20689699999999997	-0.6587109999999999	-0.723391	0.0	-0.943678	-0.329491	0.0301286	0.0	0.164729	-2.18493	-3.4872099999999997	0.35694699999999996	
3	0.9142440000000001	0.042237699999999996	-0.402956	0.0	0.40050399999999997	0.05618189999999999	0.9145709999999999	0.0	0.0612682	-0.997527	0.0344476	0.0	-2.43994	-3.3157	-1.79158	0.336043	-0.257949	0.67369	-0.692535	0.0	0.204253	-0.662566	-0.720615	0.0	-0.944321	-0.327334	0.033305	0.0	0.17039200000000002	-2.19516	-3.4737199999999997	0.3571	
3	0.9149	0.0313596	-0.402462	0.0	0.40167800000000004	0.0284909	0.9153379999999999	0.0	0.0401712	-0.999102	0.013469899999999998	0.0	-2.42117	-3.32795	-1.7718	0.339508	-0.258506	0.666902	-0.698868	0.0	0.201297	-0.670389	-0.714184	0.0	-0.9448040000000001	-0.325301	0.039053199999999996	0.0	0.16824	-2.24654	-3.4544	0.357245	
3	0.919163	0.0443972	-0.391367	0.0	0.39072399999999996	0.0227132	0.920228	0.0	0.049744800000000006	-0.998756	0.0035301	0.0	-2.42951	-3.33585	-1.7598599999999998	0.342947	-0.258367	0.663187	-0.702446	0.0	0.201916	-0.674002	-0.7106	0.0	-0.94471	-0.32543	0.040231300000000005	0.0	0.177478	-2.27291	-3.4514	0.356889	
3	0.92158	0.045054500000000004	-0.38556599999999996	0.0	0.384867	0.023637000000000002	0.9226690000000001	0.0	0.050684	-0.998705	0.00444338	0.0	-2.42254	-3.37132	-1.75908	0.344844	-0.25841	0.66087	-0.704611	0.0	0.202286	-0.676197	-0.7084060000000001	0.0	-0.9446190000000001	-0.325592	0.041050800000000005	0.0	0.183084	-2.27802	-3.4475	0.357029	
3	0.929566	0.0639781	-0.363062	0.0	0.36271	0.017442199999999998	0.931739	0.0	0.06594349999999999	-0.997799	-0.00699179	0.0	-2.28991	-3.5407699999999998	-1.9252099999999999	0.35529299999999997	-0.257523	0.653656	-0.711629	0.0	0.203286	-0.683335	-0.701233	0.0	-0.9446459999999999	-0.325248	0.0430949	0.0	0.19158599999999998	-2.2755400000000003	-3.4449099999999997	0.355679	
3	0.9351010000000001	0.0715557	-0.347082	0.0	0.347643	0.00485993	0.937615	0.0	0.06877849999999999	-0.997425	-0.0203313	0.0	-2.25201	-3.58046	-1.95357	0.365503	-0.255807	0.649792	-0.715774	0.0	0.20494099999999998	-0.687129	-0.6970310000000001	0.0	-0.9447549999999999	-0.324997	0.042603300000000004	0.0	0.198372	-2.2614400000000003	-3.43661	0.355545	
3	0.9402959999999999	0.0786967	-0.33113400000000004	0.0	0.332462	-0.00403336	0.943108	0.0	0.07288389999999999	-0.996891	-0.029956200000000002	0.0	-2.22853	-3.64879	-1.9898099999999999	0.364307	-0.25375	0.645985	-0.7199409999999999	0.0	0.205379	-0.691348	-0.6927180000000001	0.0	-0.9452149999999999	-0.323637	0.042757199999999995	0.0	0.210657	-2.23135	-3.42509	0.354923	
3	0.940866	0.0861054	-0.327654	0.0	0.329545	-0.00833639	0.944103	0.0	0.078561	-0.996251	-0.036219	0.0	-2.22022	-3.6474800000000003	-1.9945599999999999	0.364586	-0.252118	0.64457	-0.72178	0.0	0.20366199999999998	-0.693825	-0.6907449999999999	0.0	-0.9460219999999999	-0.321148	0.043651300000000004	0.0	0.215207	-2.2206799999999998	-3.4209699999999996	0.353729	
3	0.9429350000000001	0.0887861	-0.320922	0.0	0.32298899999999997	-0.00959551	0.9463540000000001	0.0	0.08094370000000001	-0.9960049999999999	-0.0377248	0.0	-2.21542	-3.64189	-1.99348	0.348354	-0.25015	0.64407	-0.72291	0.0	0.202164	-0.695444	-0.6895560000000001	0.0	-0.946866	-0.318639	0.043757300000000006	0.0	0.215739	-2.2156599999999997	-3.4225800000000004	0.35143	
3	0.944124	0.08783510000000001	-0.31767199999999995	0.0	0.320308	-0.017375099999999997	0.947154	0.0	0.0776738	-0.995984	-0.0445385	0.0	-2.20474	-3.63111	-1.9941400000000002	0.317253	-0.24971500000000002	0.644868	-0.722349	0.0	0.201795	-0.694947	-0.6901649999999999	0.0	-0.947059	-0.31811100000000003	0.0434078	0.0	0.21419699999999997	-2.22438	-3.42138	0.35125	
3	0.9450879999999999	0.09441189999999999	-0.31288	0.0	0.316112	-0.0210827	0.9484879999999999	0.0	0.08295219999999999	-0.99531	-0.04976969999999999	0.0	-2.20111	-3.6227699999999996	-1.9931599999999998	0.28918299999999997	-0.25027	0.645061	-0.721984	0.0	0.201689	-0.694619	-0.690526	0.0	-0.9469350000000001	-0.318434	0.0437408	0.0	0.213887	-2.23228	-3.41776	0.351196	
3	0.946766	0.089762	-0.309156	0.0	0.31200900000000004	-0.0193638	0.949882	0.0	0.07927680000000001	-0.995775	-0.0463395	0.0	-2.19888	-3.5905	-1.96697	0.16649	-0.249813	0.641235	-0.725542	0.0	0.202022	-0.698294	-0.686712	0.0	-0.9469850000000001	-0.318125	0.0448988	0.0	0.21815	-2.22288	-3.4067199999999995	0.35102300000000003	
3	0.949541	0.0992972	-0.29751	0.0	0.298669	0.0033308	0.9543510000000001	0.0	0.0957553	-0.995052	-0.0264943	0.0	-2.3470299999999997	-3.54737	-1.90743	0.120378	-0.24964099999999997	0.638433	-0.728068	0.0	0.20318	-0.700601	-0.6840149999999999	0.0	-0.946783	-0.318686	0.045182	0.0	0.219844	-2.2109799999999997	-3.4051	0.350796	
3	0.9507110000000001	0.089771	-0.296799	0.0	0.295675	0.0258801	0.954938	0.0	0.0934069	-0.995626	-0.00193853	0.0	-2.34305	-3.5430599999999997	-1.90272	0.118673	-0.248942	0.637626	-0.729014	0.0	0.204285	-0.701207	-0.683064	0.0	-0.946729	-0.31897	0.0443024	0.0	0.21989099999999998	-2.20743	-3.4097699999999995	0.350935	
3	0.941398	0.07666669999999999	-0.328468	0.0	0.325351	0.0504672	0.9442459999999999	0.0	0.08896910000000001	-0.9957790000000001	0.0225662	0.0	-2.33481	-3.5379699999999996	-1.91327	0.118772	-0.24836	0.634609	-0.731839	0.0	0.204449	-0.70415	-0.6799810000000001	0.0	-0.9468469999999999	-0.31850300000000004	0.0451376	0.0	0.218654	-2.2044099999999998	-3.4174900000000004	0.35057	
3	0.9354809999999999	0.08628229999999999	-0.34268200000000004	0.0	0.337927	0.0651869	0.9389120000000001	0.0	0.10335	-0.994136	0.031824	0.0	-2.3323400000000003	-3.53119	-1.91903	0.114319	-0.245579	0.629009	-0.737589	0.0	0.205604	-0.709781	-0.67375	0.0	-0.9473219999999999	-0.31711	0.0449802	0.0	0.21147600000000003	-2.1987099999999997	-3.4495	0.349652	
3	0.9378280000000001	0.113653	-0.327965	0.0	0.313132	0.13063	0.940683	0.0	0.149753	-0.9848950000000001	0.08691979999999999	0.0	-2.3494200000000003	-3.49623	-1.91156	0.10831099999999999	-0.24311999999999998	0.624829	-0.7419439999999999	0.0	0.20213499999999998	-0.715467	-0.668767	0.0	-0.948701	-0.312564	0.04764469999999999	0.0	0.217065	-2.1738	-3.44191	0.349136	
3	0.932182	0.133905	-0.336312	0.0	0.30128499999999997	0.228002	0.925874	0.0	0.200659	-0.964409	0.17219500000000001	0.0	-2.38845	-3.38191	-1.89809	0.0110066	-0.24126999999999998	0.624202	-0.743075	0.0	0.201244	-0.71687	-0.667531	0.0	-0.949363	-0.31059499999999995	0.047342199999999994	0.0	0.218625	-2.16217	-3.43727	0.34884499999999996	
