0	-0.10751400000000001	0.836081	-0.537968	0.0	0.135811	0.548383	0.825125	0.0	0.984884	0.01565	-0.172508	0.0	-2.8077	1.99038	1.19896	0.0	-0.0933663	0.86115	-0.499704	0.0	0.330514	-0.44662700000000005	-0.831435	0.0	-0.9391709999999999	-0.242788	-0.242923	0.0	2.74293	1.99482	1.2834	0.0	
0	-0.14492	0.804261	-0.576335	0.0	0.124952	0.592697	0.795674	0.0	0.9815219999999999	0.043295	-0.186388	0.0	-2.78305	2.00833	1.1407200000000002	0.0	-0.0818812	0.842865	-0.531859	0.0	0.298274	-0.488467	-0.8200200000000001	0.0	-0.9509620000000001	-0.225784	-0.211409	0.0	2.76998	1.97977	1.2474	0.0	
0	-0.169819	0.7836810000000001	-0.5975	0.0	0.114059	0.617862	0.7779699999999999	0.0	0.9788530000000001	0.0639638	-0.19430999999999998	0.0	-2.7482900000000003	2.0626	1.11666	0.0	-0.060851699999999995	0.819609	-0.5696829999999999	0.0	0.273025	-0.535307	-0.799315	0.0	-0.960081	-0.204177	-0.191199	0.0	2.76232	2.02767	1.28144	0.0	
0	-0.19713599999999998	0.796521	-0.571569	0.0	0.09962510000000001	0.596268	0.7965800000000001	0.0	0.975301	0.100092	-0.1969	0.0	-2.72341	2.12965	1.0869799999999998	0.0	-0.0450453	0.809615	-0.5852310000000001	0.0	0.280046	-0.5521020000000001	-0.785339	0.0	-0.9589290000000001	-0.199267	-0.20185999999999998	0.0	2.72059	2.12961	1.33899	0.0	
0	-0.29028400000000004	0.801508	-0.5228	0.0	0.0697097	0.562585	0.8237959999999999	0.0	0.954398	0.20269	-0.21918200000000002	0.0	-2.7134099999999997	2.2580400000000003	0.9478559999999999	0.295836	0.0313002	0.875409	-0.48236899999999994	0.0	0.25303000000000003	-0.473825	-0.843484	0.0	-0.966952	-0.0956527	-0.23633600000000002	0.0	2.79718	2.2379	1.24813	0.295295	
0	-0.327162	0.773688	-0.542561	0.0	0.031451799999999995	0.582755	0.8120390000000001	0.0	0.9444450000000001	0.248604	-0.21498899999999999	0.0	-2.6585799999999997	2.34539	0.9051889999999999	0.346985	0.0691987	0.881131	-0.467782	0.0	0.256367	-0.468865	-0.8452459999999999	0.0	-0.9640989999999999	-0.06143390000000001	-0.258338	0.0	2.78919	2.2810099999999998	1.1330799999999999	0.359736	
0	-0.343598	0.764483	-0.545441	0.0	0.0146278	0.585088	0.8108380000000001	0.0	0.939003	0.270623	-0.212218	0.0	-2.60187	2.41505	0.9276030000000001	0.344499	0.0815788	0.869237	-0.48762	0.0	0.260959	-0.49081099999999994	-0.831267	0.0	-0.9618969999999999	-0.0594351	-0.266875	0.0	2.83707	2.22898	1.06471	0.359525	
0	-0.339366	0.765487	-0.5466810000000001	0.0	0.0157147	0.585704	0.810373	0.0	0.940523	0.266422	-0.210798	0.0	-2.56085	2.4399	1.0092299999999998	0.341368	0.0944117	0.8478120000000001	-0.521826	0.0	0.252565	-0.527416	-0.811199	0.0	-0.9629629999999999	-0.055208400000000005	-0.263922	0.0	2.84708	2.17101	1.02545	0.358361	
0	-0.276625	0.777396	-0.56492	0.0	0.052131399999999994	0.599133	0.798951	0.0	0.9595629999999999	0.19155899999999998	-0.206262	0.0	-2.55501	2.3441	1.08975	0.336229	0.11087999999999999	0.828368	-0.5491020000000001	0.0	0.24936799999999998	-0.5580229999999999	-0.791471	0.0	-0.96204	-0.0491704	-0.268442	0.0	2.84471	2.12357	1.03902	0.35870100000000005	
0	-0.19356700000000002	0.805724	-0.559768	0.0	0.126814	0.586321	0.800092	0.0	0.972857	0.083885	-0.215669	0.0	-2.56962	2.06714	1.12083	0.337022	0.13439700000000002	0.769199	-0.6247159999999999	0.0	0.25952	-0.635753	-0.726958	0.0	-0.95634	-0.0644252	-0.285065	0.0	2.8319400000000003	1.9680000000000002	1.04636	0.35904899999999995	
0	-0.08435219999999999	0.861223	-0.501178	0.0	0.20413699999999999	0.507238	0.8372799999999999	0.0	0.975301	-0.0316829	-0.21859499999999998	0.0	-2.62627	1.6580000000000001	1.10438	0.339071	0.12878399999999998	0.745261	-0.6542180000000001	0.0	0.24877800000000003	-0.662895	-0.7061729999999999	0.0	-0.9599610000000001	-0.0718115	-0.27077399999999996	0.0	2.81867	1.7863	1.05464	0.35985700000000004	
0	-0.066608	0.868259	-0.491619	0.0	0.21449000000000001	0.493654	0.842793	0.0	0.9744520000000001	-0.0493107	-0.21911399999999998	0.0	-2.64207	1.53409	1.09406	0.340913	0.132526	0.736173	-0.6636920000000001	0.0	0.24014699999999997	-0.673496	-0.699095	0.0	-0.961648	-0.06673539999999999	-0.266045	0.0	2.81477	1.75095	1.08168	0.36039499999999997	
0	-0.042172900000000006	0.876848	-0.478915	0.0	0.22215100000000002	0.47557200000000005	0.8511639999999999	0.0	0.9741	-0.0704956	-0.21484899999999998	0.0	-2.6825099999999997	1.3244200000000002	1.06758	0.347958	0.205868	0.640367	-0.739965	0.0	0.210537	-0.7674380000000001	-0.605568	0.0	-0.9556629999999999	-0.031123	-0.292812	0.0	2.79712	1.69813	1.04341	0.359704	
0	-0.04188630000000001	0.876918	-0.478811	0.0	0.228475	0.47494	0.849842	0.0	0.972648	-0.0737996	-0.22024699999999997	0.0	-2.73771	1.3133299999999999	1.0712	0.348026	0.247854	0.532027	-0.809639	0.0	0.16314700000000001	-0.8467020000000001	-0.506438	0.0	-0.9549610000000001	-0.006567399999999999	-0.296657	0.0	2.8014900000000003	1.7036200000000001	0.998231	0.358638	
0	-0.060113	0.866324	-0.49585200000000007	0.0	0.216982	0.496213	0.840649	0.0	0.9743229999999999	-0.0570572	-0.217806	0.0	-2.76776	1.3052	1.06074	0.346686	0.257668	0.502664	-0.8251879999999999	0.0	0.15343199999999999	-0.864476	-0.47868599999999994	0.0	-0.953974	-0.00326812	-0.299873	0.0	2.8082	1.7196200000000001	1.00756	0.358506	
0	-0.0657937	0.864875	-0.49765600000000004	0.0	0.20816500000000002	0.49966000000000005	0.8408370000000001	0.0	0.975878	-0.048273	-0.21291100000000002	0.0	-2.76376	1.30976	1.1262299999999998	0.346404	0.257229	0.485745	-0.8353950000000001	0.0	0.142522	-0.8741	-0.46436700000000003	0.0	-0.9557829999999999	0.00038698300000000003	-0.29407300000000003	0.0	2.82971	1.7359	1.04288	0.357581	
0	-0.0627869	0.8684569999999999	-0.49177299999999996	0.0	0.203947	0.493512	0.8454889999999999	0.0	0.976966	-0.047210300000000004	-0.20810599999999999	0.0	-2.75113	1.27591	1.13032	0.346627	0.25555	0.481361	-0.838442	0.0	0.136024	-0.8765129999999999	-0.46176000000000006	0.0	-0.9571790000000001	0.0039540999999999995	-0.28947	0.0	2.82638	1.72176	1.0714700000000001	0.357559	
0	-0.0642982	0.8684950000000001	-0.49150900000000003	0.0	0.2025	0.493637	0.845764	0.0	0.9771690000000001	-0.045149800000000004	-0.20761100000000002	0.0	-2.74054	1.26491	1.16763	0.346951	0.247311	0.470682	-0.846933	0.0	0.129115	-0.8822989999999999	-0.45263400000000004	0.0	-0.9602950000000001	0.00258951	-0.278974	0.0	2.82039	1.70407	1.09981	0.357666	
0	-0.06999730000000001	0.865323	-0.496303	0.0	0.197772	0.49968599999999996	0.843327	0.0	0.9777459999999999	-0.03912430000000001	-0.20611300000000002	0.0	-2.73393	1.26136	1.1779700000000002	0.347007	0.245087	0.46604399999999996	-0.850138	0.0	0.125891	-0.884757	-0.448729	0.0	-0.9612930000000001	0.00295341	-0.275513	0.0	2.8124599999999997	1.7044099999999998	1.1155899999999999	0.357736	
0	-0.07045560000000001	0.8668170000000001	-0.493623	0.0	0.194641	0.497287	0.84547	0.0	0.978341	-0.0365111	-0.203755	0.0	-2.70902	1.2404600000000001	1.17002	0.347317	0.24352100000000002	0.464913	-0.8512069999999999	0.0	0.125217	-0.8853530000000001	-0.44773999999999997	0.0	-0.961779	0.00244868	-0.27381700000000003	0.0	2.80304	1.71002	1.1224100000000001	0.357732	
0	-0.0701195	0.868058	-0.49148500000000006	0.0	0.195774	0.495091	0.8464969999999999	0.0	0.978139	-0.0368642	-0.20465899999999998	0.0	-2.70058	1.2254399999999999	1.16268	0.347446	0.24301799999999998	0.46432799999999996	-0.85167	0.0	0.126802	-0.8856639999999999	-0.446679	0.0	-0.9616979999999999	0.000557601	-0.27410999999999996	0.0	2.80277	1.71669	1.12709	0.357772	
0	-0.0701205	0.8680610000000001	-0.49148100000000006	0.0	0.195776	0.49508800000000003	0.846499	0.0	0.978139	-0.0368635	-0.20466099999999998	0.0	-2.7006099999999997	1.22551	1.1627100000000001	0.347446	0.243019	0.46432700000000005	-0.85167	0.0	0.1268	-0.8856639999999999	-0.446679	0.0	-0.9616979999999999	0.000559986	-0.27410999999999996	0.0	2.80277	1.71665	1.1270799999999999	0.357772	
0	-0.0701205	0.8680610000000001	-0.49148100000000006	0.0	0.195776	0.495087	0.846499	0.0	0.978138	-0.036863400000000004	-0.20466099999999998	0.0	-2.7006099999999997	1.22551	1.1627100000000001	0.347447	0.243019	0.46432700000000005	-0.85167	0.0	0.1268	-0.8856629999999999	-0.446679	0.0	-0.9616979999999999	0.000559971	-0.27410999999999996	0.0	2.80277	1.71665	1.1270799999999999	0.357772	
0	-0.0701204	0.8680610000000001	-0.49148100000000006	0.0	0.195776	0.49508800000000003	0.846499	0.0	0.978138	-0.0368635	-0.20466099999999998	0.0	-2.7006099999999997	1.22551	1.1627100000000001	0.347446	0.243019	0.46432700000000005	-0.85167	0.0	0.1268	-0.8856639999999999	-0.446679	0.0	-0.9616979999999999	0.000559971	-0.27410999999999996	0.0	2.80277	1.71665	1.1270799999999999	0.357772	
0	-0.0701205	0.8680610000000001	-0.49148100000000006	0.0	0.195776	0.495087	0.846499	0.0	0.978139	-0.036863599999999996	-0.20466199999999998	0.0	-2.7006099999999997	1.22551	1.1627100000000001	0.347446	0.243019	0.46432700000000005	-0.85167	0.0	0.1268	-0.8856639999999999	-0.446679	0.0	-0.9616979999999999	0.00056009	-0.27410999999999996	0.0	2.80277	1.71665	1.1270799999999999	0.357772	
0	-0.0701204	0.8680610000000001	-0.49148100000000006	0.0	0.195776	0.49508800000000003	0.846499	0.0	0.978138	-0.0368635	-0.20466099999999998	0.0	-2.7006099999999997	1.22551	1.1627100000000001	0.347446	0.243019	0.46432700000000005	-0.85167	0.0	0.1268	-0.8856639999999999	-0.446679	0.0	-0.9616979999999999	0.00056012	-0.27410999999999996	0.0	2.80277	1.71665	1.1270799999999999	0.357772	
0	-0.0701205	0.8680610000000001	-0.49148100000000006	0.0	0.195776	0.495087	0.846499	0.0	0.978139	-0.036863400000000004	-0.20466099999999998	0.0	-2.7006099999999997	1.22551	1.1627100000000001	0.347446	0.243019	0.46432700000000005	-0.85167	0.0	0.1268	-0.8856639999999999	-0.446679	0.0	-0.9616979999999999	0.000560075	-0.27410999999999996	0.0	2.80277	1.71665	1.1270799999999999	0.357772	
0	-0.0701205	0.8680610000000001	-0.49148100000000006	0.0	0.195776	0.495087	0.846499	0.0	0.978139	-0.0368635	-0.20466099999999998	0.0	-2.7006099999999997	1.22551	1.1627100000000001	0.347446	0.243019	0.46432700000000005	-0.85167	0.0	0.1268	-0.8856639999999999	-0.446679	0.0	-0.9616979999999999	0.00056012	-0.27410999999999996	0.0	2.80277	1.71665	1.1270799999999999	0.357772	
0	-0.0701205	0.8680610000000001	-0.49148100000000006	0.0	0.195776	0.495087	0.846499	0.0	0.978139	-0.0368635	-0.20466099999999998	0.0	-2.7006099999999997	1.22551	1.1627100000000001	0.347447	0.243019	0.46432700000000005	-0.85167	0.0	0.1268	-0.8856639999999999	-0.446679	0.0	-0.9616979999999999	0.000559956	-0.27410999999999996	0.0	2.80277	1.71665	1.1270799999999999	0.357772	
0	-0.0701204	0.8680610000000001	-0.49148100000000006	0.0	0.195776	0.49508800000000003	0.846499	0.0	0.978138	-0.0368635	-0.20466099999999998	0.0	-2.7006099999999997	1.22551	1.1627100000000001	0.347447	0.243019	0.46432700000000005	-0.85167	0.0	0.1268	-0.8856639999999999	-0.446679	0.0	-0.9616979999999999	0.000559971	-0.27410999999999996	0.0	2.80277	1.71665	1.1270799999999999	0.357772	
0	-0.0701204	0.8680610000000001	-0.49148100000000006	0.0	0.195776	0.49508800000000003	0.846499	0.0	0.978138	-0.036863400000000004	-0.20466099999999998	0.0	-2.7006099999999997	1.22551	1.1627100000000001	0.347447	0.243019	0.46432700000000005	-0.85167	0.0	0.1268	-0.8856639999999999	-0.446679	0.0	-0.9616979999999999	0.000559911	-0.27410999999999996	0.0	2.80277	1.71665	1.1270799999999999	0.357772	
0	-0.0701205	0.8680610000000001	-0.49148100000000006	0.0	0.195776	0.49508800000000003	0.846499	0.0	0.978138	-0.036863400000000004	-0.20466099999999998	0.0	-2.7006099999999997	1.22551	1.1627100000000001	0.347446	0.243019	0.46432700000000005	-0.85167	0.0	0.1268	-0.8856639999999999	-0.446679	0.0	-0.9616979999999999	0.000559926	-0.27410999999999996	0.0	2.80277	1.71665	1.1270799999999999	0.357772	
0	-0.0701205	0.8680610000000001	-0.49148100000000006	0.0	0.195776	0.495087	0.846499	0.0	0.978138	-0.036863400000000004	-0.20466099999999998	0.0	-2.7006099999999997	1.22551	1.1627100000000001	0.347446	0.243019	0.46432700000000005	-0.85167	0.0	0.1268	-0.8856639999999999	-0.446679	0.0	-0.9616979999999999	0.000559986	-0.27410999999999996	0.0	2.80277	1.71665	1.1270799999999999	0.357772	
0	-0.0701205	0.8680610000000001	-0.49148100000000006	0.0	0.195776	0.49508800000000003	0.846499	0.0	0.978138	-0.036863400000000004	-0.20466099999999998	0.0	-2.7006099999999997	1.22551	1.1627100000000001	0.347446	0.243019	0.46432700000000005	-0.85167	0.0	0.1268	-0.8856639999999999	-0.446679	0.0	-0.9616979999999999	0.000559956	-0.27410999999999996	0.0	2.80277	1.71665	1.1270799999999999	0.357772	
0	-0.0701205	0.8680610000000001	-0.49148100000000006	0.0	0.195776	0.49508800000000003	0.846499	0.0	0.978138	-0.036863400000000004	-0.20466099999999998	0.0	-2.7006099999999997	1.22551	1.1627100000000001	0.347446	0.243019	0.46432700000000005	-0.85167	0.0	0.1268	-0.8856639999999999	-0.446679	0.0	-0.9616979999999999	0.000559956	-0.27410999999999996	0.0	2.80277	1.71665	1.1270799999999999	0.357772	
0	-0.0701205	0.8680610000000001	-0.49148100000000006	0.0	0.195776	0.49508800000000003	0.846499	0.0	0.978139	-0.0368635	-0.20466099999999998	0.0	-2.7006099999999997	1.22551	1.1627100000000001	0.347446	0.243019	0.46432700000000005	-0.85167	0.0	0.1268	-0.8856639999999999	-0.446679	0.0	-0.9616979999999999	0.000559956	-0.27410999999999996	0.0	2.80277	1.71665	1.1270799999999999	0.357772	
0	-0.0701206	0.8680610000000001	-0.49148100000000006	0.0	0.195776	0.495087	0.846499	0.0	0.978139	-0.036863400000000004	-0.20466099999999998	0.0	-2.7006099999999997	1.22551	1.1627100000000001	0.347446	0.243019	0.46432700000000005	-0.85167	0.0	0.1268	-0.8856639999999999	-0.446679	0.0	-0.9616979999999999	0.000559956	-0.27410999999999996	0.0	2.80277	1.71665	1.1270799999999999	0.357772	
0	-0.0701205	0.8680610000000001	-0.49148100000000006	0.0	0.195776	0.49508800000000003	0.846499	0.0	0.978139	-0.036863400000000004	-0.20466099999999998	0.0	-2.7006099999999997	1.22551	1.1627100000000001	0.347447	0.243019	0.46432700000000005	-0.85167	0.0	0.1268	-0.8856639999999999	-0.446679	0.0	-0.9616979999999999	0.000559986	-0.27410999999999996	0.0	2.80277	1.71665	1.1270799999999999	0.357772	
0	-0.0701205	0.8680610000000001	-0.49148100000000006	0.0	0.195776	0.495087	0.846499	0.0	0.978138	-0.036863400000000004	-0.20466099999999998	0.0	-2.7006099999999997	1.22551	1.1627100000000001	0.347446	0.243019	0.46432700000000005	-0.85167	0.0	0.1268	-0.8856639999999999	-0.446679	0.0	-0.9616979999999999	0.000559956	-0.27410999999999996	0.0	2.80277	1.71665	1.1270799999999999	0.357772	
0	0.028446600000000002	0.821	-0.5702189999999999	0.0	0.359137	0.5239659999999999	0.7723220000000001	0.0	0.932851	-0.22675700000000001	-0.279947	0.0	-2.7052	1.18936	1.1146	0.344516	-0.13951	0.695294	-0.705055	0.0	0.5372100000000001	-0.544984	-0.643738	0.0	-0.831831	-0.468571	-0.29748800000000003	0.0	2.74943	1.7289400000000001	1.16191	0.346177	
0	0.0303217	0.8164560000000001	-0.576612	0.0	0.356579	0.530084	0.7693260000000001	0.0	0.933773	-0.228935	-0.27505799999999997	0.0	-2.71142	1.17135	1.1518700000000002	0.344383	-0.1429	0.687595	-0.7118939999999999	0.0	0.539975	-0.548636	-0.638299	0.0	-0.829462	-0.475617	-0.29288400000000003	0.0	2.72615	1.74848	1.1710399999999999	0.341733	
0	0.0297325	0.812391	-0.582354	0.0	0.35667	0.535636	0.765429	0.0	0.933757	-0.230467	-0.27383	0.0	-2.71087	1.16854	1.15676	0.344448	-0.14591800000000002	0.6780229999999999	-0.7204119999999999	0.0	0.53999	-0.555574	-0.632257	0.0	-0.8289270000000001	-0.48127200000000003	-0.285058	0.0	2.70641	1.7588700000000002	1.1865700000000001	0.340931	
0	0.0309916	0.797138	-0.603001	0.0	0.35180700000000004	0.555986	0.7530680000000001	0.0	0.935559	-0.235479	-0.263208	0.0	-2.70098	1.19461	1.1911	0.345065	-0.15642799999999998	0.656721	-0.737731	0.0	0.5410510000000001	-0.567912	-0.620274	0.0	-0.826313	-0.496179	-0.26648299999999997	0.0	2.63895	1.82558	1.26556	0.340208	
0	0.0331284	0.797134	-0.6028939999999999	0.0	0.352504	0.555141	0.753366	0.0	0.9352239999999999	-0.23748000000000002	-0.26260100000000003	0.0	-2.71204	1.20571	1.21624	0.345248	-0.155593	0.6566609999999999	-0.737962	0.0	0.542338	-0.567611	-0.619425	0.0	-0.825627	-0.49660299999999996	-0.267816	0.0	2.61789	1.85808	1.28247	0.340208	
0	0.0347969	0.796653	-0.603435	0.0	0.351684	0.555419	0.7535430000000001	0.0	0.935472	-0.23843899999999998	-0.260843	0.0	-2.7581900000000004	1.1981600000000001	1.28105	0.344536	-0.154028	0.660594	-0.734773	0.0	0.542081	-0.565242	-0.621812	0.0	-0.826089	-0.494083	-0.27103299999999997	0.0	2.62544	1.8832799999999998	1.28423	0.340143	
0	0.0345565	0.797085	-0.602878	0.0	0.349021	0.555631	0.754625	0.0	0.936478	-0.236494	-0.258999	0.0	-2.76701	1.1846299999999998	1.25783	0.344611	-0.152501	0.662058	-0.733773	0.0	0.539611	-0.566242	-0.623049	0.0	-0.827987	-0.490968	-0.270901	0.0	2.63314	1.8726099999999999	1.27595	0.340024	
0	0.036050900000000004	0.792966	-0.6081979999999999	0.0	0.344401	0.561454	0.7524350000000001	0.0	0.9381299999999999	-0.23659000000000002	-0.25285799999999997	0.0	-2.76448	1.1608	1.2232399999999999	0.344437	-0.153202	0.660155	-0.73534	0.0	0.537095	-0.5689930000000001	-0.6227159999999999	0.0	-0.829493	-0.490349	-0.267395	0.0	2.62495	1.8685200000000002	1.29344	0.339994	
0	0.0357069	0.789316	-0.6129479999999999	0.0	0.341791	0.566707	0.749681	0.0	0.939098	-0.236269	-0.249546	0.0	-2.73955	1.15344	1.22354	0.344631	-0.153394	0.6575	-0.737675	0.0	0.536564	-0.571453	-0.620919	0.0	-0.829801	-0.491055	-0.265133	0.0	2.60968	1.87168	1.31152	0.33989400000000003	
0	0.0364818	0.7865449999999999	-0.616454	0.0	0.339472	0.570429	0.747911	0.0	0.939909	-0.236554	-0.2462	0.0	-2.73865	1.14745	1.2296	0.344602	-0.15395999999999999	0.656624	-0.738337	0.0	0.536558	-0.571912	-0.620502	0.0	-0.8297	-0.49169300000000005	-0.264265	0.0	2.60563	1.8711099999999998	1.32782	0.33968200000000004	
0	0.039097	0.767794	-0.6395029999999999	0.0	0.333473	0.593275	0.73268	0.0	0.9419489999999999	-0.241902	-0.232843	0.0	-2.7130099999999997	1.15388	1.2644799999999998	0.344134	-0.159366	0.642101	-0.749873	0.0	0.534058	-0.5827640000000001	-0.61251	0.0	-0.830292	-0.49808800000000003	-0.25004699999999996	0.0	2.57911	1.89412	1.3666200000000002	0.338794	
0	0.041554900000000006	0.74765	-0.662791	0.0	0.32924699999999996	0.616065	0.715584	0.0	0.9433290000000001	-0.24795799999999998	-0.220561	0.0	-2.7257	1.17238	1.32859	0.344198	-0.16350599999999998	0.623042	-0.764908	0.0	0.529841	-0.5985729999999999	-0.600816	0.0	-0.8321870000000001	-0.503516	-0.23224299999999998	0.0	2.54031	1.93177	1.40019	0.333635	
0	0.022243799999999998	0.680762	-0.732167	0.0	0.300691	0.693883	0.654302	0.0	0.953462	-0.23471	-0.18926500000000002	0.0	-2.77351	1.35594	1.52947	0.345285	-0.128985	0.6371220000000001	-0.759894	0.0	0.488358	-0.626116	-0.607853	0.0	-0.863058	-0.449504	-0.230384	0.0	2.37445	2.19611	1.52013	0.322938	
0	0.0201323	0.675647	-0.73695	0.0	0.297139	0.699751	0.649659	0.0	0.954622	-0.23205599999999998	-0.186674	0.0	-2.79665	1.4327	1.5868200000000001	0.345165	-0.119101	0.6426189999999999	-0.7568729999999999	0.0	0.479202	-0.630432	-0.610672	0.0	-0.8695860000000001	-0.43542700000000006	-0.232859	0.0	2.31251	2.31061	1.58179	0.322698	
0	0.0195642	0.69415	-0.719564	0.0	0.297914	0.682962	0.666941	0.0	0.954392	-0.227417	-0.193436	0.0	-2.8222400000000003	1.49634	1.6538400000000002	0.346016	-0.11511500000000001	0.651546	-0.7498239999999999	0.0	0.474405	-0.627137	-0.6177699999999999	0.0	-0.872748	-0.426835	-0.236904	0.0	2.24845	2.4290599999999998	1.6358700000000002	0.324522	
0	0.0233394	0.695034	-0.718598	0.0	0.290933	0.682962	0.6700149999999999	0.0	0.9564590000000001	-0.22470199999999999	-0.18626900000000002	0.0	-2.81239	1.4536799999999999	1.63875	0.34634899999999996	-0.113524	0.658982	-0.743542	0.0	0.469739	-0.6238520000000001	-0.624624	0.0	-0.875476	-0.42018	-0.238727	0.0	2.23558	2.43281	1.63564	0.32794	
0	0.028749700000000003	0.695746	-0.717713	0.0	0.28583400000000003	0.6823060000000001	0.672872	0.0	0.9578479999999999	-0.224492	-0.179252	0.0	-2.77957	1.3700299999999999	1.64355	0.347576	-0.113009	0.667149	-0.7363029999999999	0.0	0.465738	-0.619028	-0.63237	0.0	-0.877677	-0.414387	-0.240761	0.0	2.2246	2.38358	1.61385	0.334187	
0	0.028730099999999998	0.695358	-0.718089	0.0	0.28583400000000003	0.682674	0.672499	0.0	0.9578479999999999	-0.224575	-0.179144	0.0	-2.78035	1.36065	1.6556	0.347624	-0.11309000000000001	0.667421	-0.736043	0.0	0.466865	-0.618228	-0.632322	0.0	-0.8770680000000001	-0.415142	-0.24168	0.0	2.22416	2.37661	1.61218	0.33445	
0	0.028196600000000002	0.699099	-0.714468	0.0	0.287164	0.678959	0.675686	0.0	0.957466	-0.224221	-0.181611	0.0	-2.7839	1.34408	1.6424599999999998	0.347869	-0.113528	0.667143	-0.736228	0.0	0.468257	-0.617628	-0.6318779999999999	0.0	-0.8762690000000001	-0.41648	-0.24227600000000002	0.0	2.2416	2.3645400000000003	1.6178	0.33461399999999997	
0	0.0305002	0.699857	-0.7136319999999999	0.0	0.285982	0.678007	0.677142	0.0	0.95775	-0.224739	-0.17946700000000002	0.0	-2.78576	1.3274	1.65209	0.347735	-0.113614	0.668365	-0.735106	0.0	0.466591	-0.617332	-0.6333979999999999	0.0	-0.8771459999999999	-0.41495699999999996	-0.241715	0.0	2.25468	2.35814	1.62036	0.335314	
0	0.028812200000000003	0.6966979999999999	-0.7167859999999999	0.0	0.281229	0.6824680000000001	0.674646	0.0	0.959208	-0.221019	-0.176268	0.0	-2.7416	1.31065	1.66825	0.348248	-0.112597	0.66603	-0.737378	0.0	0.46541400000000005	-0.6203069999999999	-0.631355	0.0	-0.8779020000000001	-0.414274	-0.240135	0.0	2.27052	2.3506299999999998	1.62077	0.335594	
0	0.029145499999999998	0.696788	-0.716685	0.0	0.280072	0.682577	0.675017	0.0	0.9595360000000001	-0.220398	-0.175257	0.0	-2.71663	1.30719	1.66884	0.349403	-0.110295	0.6636770000000001	-0.739843	0.0	0.46156499999999995	-0.6250439999999999	-0.629506	0.0	-0.880223	-0.41091700000000003	-0.237391	0.0	2.27273	2.34553	1.6251799999999998	0.335409	
0	0.0298944	0.697809	-0.7156600000000001	0.0	0.28108299999999997	0.6812189999999999	0.675968	0.0	0.959218	-0.22136799999999998	-0.175778	0.0	-2.70702	1.30596	1.68087	0.351136	-0.111855	0.660582	-0.742374	0.0	0.457095	-0.629135	-0.628691	0.0	-0.8823559999999999	-0.40965799999999997	-0.231577	0.0	2.2694900000000002	2.3359099999999997	1.61802	0.335518	
0	0.0303512	0.697832	-0.715618	0.0	0.283442	0.68055	0.675657	0.0	0.958509	-0.22334299999999999	-0.17713900000000002	0.0	-2.70828	1.30539	1.69215	0.352001	-0.11265599999999999	0.65894	-0.743712	0.0	0.454488	-0.63142	-0.628292	0.0	-0.883601	-0.408788	-0.22834699999999997	0.0	2.25984	2.32343	1.60906	0.335771	
0	0.0303392	0.697822	-0.715629	0.0	0.283422	0.680567	0.6756489999999999	0.0	0.958516	-0.223323	-0.17712999999999998	0.0	-2.70808	1.30538	1.6922599999999999	0.35199400000000003	-0.112615	0.658959	-0.7437010000000001	0.0	0.454475	-0.631426	-0.6282949999999999	0.0	-0.8836120000000001	-0.408749	-0.228372	0.0	2.2599299999999998	2.32385	1.6091	0.335767	
0	0.0303416	0.697821	-0.71563	0.0	0.283423	0.680567	0.6756479999999999	0.0	0.958515	-0.22332600000000002	-0.177129	0.0	-2.7080599999999997	1.30539	1.6922700000000002	0.35199400000000003	-0.11262799999999999	0.6589470000000001	-0.7437090000000001	0.0	0.45446899999999996	-0.631433	-0.628292	0.0	-0.8836139999999999	-0.408756	-0.228354	0.0	2.2599299999999998	2.32389	1.60909	0.335766	
0	0.030341700000000003	0.697821	-0.71563	0.0	0.283423	0.680567	0.675647	0.0	0.958515	-0.22332600000000002	-0.177129	0.0	-2.7080599999999997	1.30538	1.6922700000000002	0.35199400000000003	-0.11262799999999999	0.6589470000000001	-0.7437090000000001	0.0	0.45446899999999996	-0.631433	-0.628292	0.0	-0.8836139999999999	-0.408756	-0.228354	0.0	2.2599299999999998	2.32389	1.6091	0.335766	
0	0.030341700000000003	0.697821	-0.71563	0.0	0.283423	0.680567	0.6756479999999999	0.0	0.958515	-0.22332600000000002	-0.177129	0.0	-2.7080599999999997	1.30538	1.6922700000000002	0.35199400000000003	-0.11262799999999999	0.6589470000000001	-0.7437090000000001	0.0	0.45446899999999996	-0.631433	-0.628292	0.0	-0.8836139999999999	-0.408756	-0.228354	0.0	2.2599299999999998	2.32389	1.6091	0.335766	
0	0.0303416	0.697821	-0.71563	0.0	0.283423	0.680567	0.6756479999999999	0.0	0.958515	-0.22332600000000002	-0.177129	0.0	-2.7080599999999997	1.30539	1.6922700000000002	0.35199400000000003	-0.11262799999999999	0.6589470000000001	-0.7437090000000001	0.0	0.45446899999999996	-0.631433	-0.628292	0.0	-0.8836139999999999	-0.408756	-0.228354	0.0	2.2599299999999998	2.32389	1.6091	0.335766	
0	0.0303416	0.697821	-0.71563	0.0	0.283423	0.680567	0.6756479999999999	0.0	0.958515	-0.22332600000000002	-0.177129	0.0	-2.7080599999999997	1.30538	1.6922700000000002	0.35199400000000003	-0.11262799999999999	0.6589470000000001	-0.7437090000000001	0.0	0.45446899999999996	-0.631433	-0.628292	0.0	-0.8836139999999999	-0.408756	-0.228354	0.0	2.2599299999999998	2.32389	1.60909	0.335766	
0	0.0303416	0.697821	-0.71563	0.0	0.283423	0.680567	0.6756479999999999	0.0	0.958515	-0.22332600000000002	-0.177129	0.0	-2.7080599999999997	1.30538	1.6922700000000002	0.35199400000000003	-0.11262799999999999	0.6589470000000001	-0.7437090000000001	0.0	0.45446899999999996	-0.631433	-0.628292	0.0	-0.8836139999999999	-0.408756	-0.228354	0.0	2.2599299999999998	2.32389	1.60909	0.335766	
0	0.030341700000000003	0.697821	-0.71563	0.0	0.283423	0.680567	0.675647	0.0	0.958515	-0.22332600000000002	-0.177129	0.0	-2.7080599999999997	1.30539	1.6922700000000002	0.35199400000000003	-0.11262799999999999	0.6589470000000001	-0.7437090000000001	0.0	0.45446899999999996	-0.631433	-0.628292	0.0	-0.8836139999999999	-0.408756	-0.228354	0.0	2.2599299999999998	2.32389	1.60909	0.335766	
0	0.0303416	0.697821	-0.71563	0.0	0.283423	0.680567	0.6756479999999999	0.0	0.958515	-0.22332600000000002	-0.177129	0.0	-2.7080599999999997	1.30538	1.6922700000000002	0.35199400000000003	-0.11262799999999999	0.6589470000000001	-0.7437090000000001	0.0	0.45446899999999996	-0.631433	-0.628292	0.0	-0.8836139999999999	-0.408756	-0.228354	0.0	2.2599299999999998	2.32389	1.60909	0.335766	
0	0.0303416	0.697821	-0.71563	0.0	0.283423	0.680567	0.6756479999999999	0.0	0.958515	-0.22332600000000002	-0.177129	0.0	-2.7080599999999997	1.30539	1.6922700000000002	0.351995	-0.11262799999999999	0.6589470000000001	-0.7437090000000001	0.0	0.45446899999999996	-0.631433	-0.628292	0.0	-0.8836139999999999	-0.408756	-0.228354	0.0	2.2599299999999998	2.32389	1.60909	0.335766	
0	0.030341800000000002	0.69782	-0.71563	0.0	0.283423	0.680567	0.675647	0.0	0.958515	-0.22332600000000002	-0.177128	0.0	-2.7080599999999997	1.30539	1.6922700000000002	0.351995	-0.11262799999999999	0.6589470000000001	-0.7437090000000001	0.0	0.45446899999999996	-0.631433	-0.628292	0.0	-0.8836139999999999	-0.408756	-0.228354	0.0	2.2599299999999998	2.32389	1.60909	0.335766	
0	0.0303416	0.697821	-0.71563	0.0	0.283423	0.680567	0.6756479999999999	0.0	0.958515	-0.22332600000000002	-0.177129	0.0	-2.7080599999999997	1.30538	1.6922700000000002	0.35199400000000003	-0.11262799999999999	0.6589470000000001	-0.7437090000000001	0.0	0.45446899999999996	-0.631433	-0.628292	0.0	-0.8836139999999999	-0.408756	-0.228354	0.0	2.2599299999999998	2.32389	1.60909	0.335766	
0	0.0303416	0.697821	-0.71563	0.0	0.283423	0.680567	0.6756479999999999	0.0	0.958515	-0.22332600000000002	-0.177129	0.0	-2.7080599999999997	1.30539	1.6922700000000002	0.35199400000000003	-0.11262799999999999	0.6589470000000001	-0.7437090000000001	0.0	0.45446899999999996	-0.631433	-0.628292	0.0	-0.8836139999999999	-0.408756	-0.228354	0.0	2.2599299999999998	2.32389	1.60909	0.335766	
0	-0.102708	0.782382	-0.614271	0.0	0.11632100000000001	0.622747	0.773729	0.0	0.9878870000000001	0.00801587	-0.154968	0.0	-2.68332	1.25171	1.62091	0.33709	-0.0142303	0.754274	-0.656405	0.0	0.25600500000000004	-0.631843	-0.731599	0.0	-0.966571	-0.178453	-0.184106	0.0	2.22303	2.34647	1.62705	0.337864	
0	-0.179628	0.7999539999999999	-0.572545	0.0	0.00660446	0.582979	0.812461	0.0	0.983713	0.14215899999999998	-0.110002	0.0	-2.5535099999999997	1.18753	1.55643	0.328644	0.052758400000000004	0.790758	-0.609851	0.0	0.12036	-0.6112850000000001	-0.782205	0.0	-0.9913280000000001	-0.032133499999999995	-0.127426	0.0	2.21171	2.29901	1.60953	0.33677399999999996	
0	-0.168688	0.7919189999999999	-0.586863	0.0	0.00993615	0.5967319999999999	0.802379	0.0	0.985619	0.129521	-0.10853	0.0	-2.5415900000000002	1.13299	1.53821	0.327204	0.050705	0.7893	-0.611911	0.0	0.12428800000000001	-0.612923	-0.780307	0.0	-0.99095	-0.0364877	-0.129179	0.0	2.20302	2.28618	1.60571	0.336213	
0	-0.179586	0.7649520000000001	-0.618545	0.0	0.00170529	0.629009	0.777396	0.0	0.983741	0.13855499999999998	-0.114266	0.0	-2.54179	1.1083100000000001	1.53819	0.32868	0.0513029	0.788179	-0.613305	0.0	0.126426	-0.6142989999999999	-0.77888	0.0	-0.990649	-0.0375787	-0.131161	0.0	2.20215	2.26518	1.5987200000000001	0.335814	
0	-0.179805	0.764046	-0.6196	0.0	0.00068447	0.629963	0.776625	0.0	0.9837020000000001	0.139217	-0.113793	0.0	-2.54235	1.11436	1.55823	0.328775	0.0520677	0.788184	-0.613233	0.0	0.126916	-0.614309	-0.778792	0.0	-0.9905459999999999	-0.0372791	-0.132019	0.0	2.20169	2.2613	1.59865	0.3359	
0	-0.182397	0.7643439999999999	-0.6184729999999999	0.0	-0.000889391	0.628897	0.777489	0.0	0.983225	0.142362	-0.11402899999999999	0.0	-2.54699	1.11686	1.56502	0.32767199999999996	0.051553499999999995	0.786804	-0.615046	0.0	0.12667	-0.616043	-0.777461	0.0	-0.990604	-0.037827099999999995	-0.131424	0.0	2.20087	2.24891	1.59804	0.335478	
0	-0.18166500000000002	0.7617729999999999	-0.6218520000000001	0.0	-0.00414833	0.631775	0.775141	0.0	0.983352	0.143396	-0.11161099999999999	0.0	-2.5453200000000002	1.11246	1.56082	0.32668	0.05213480000000001	0.7863319999999999	-0.6156010000000001	0.0	0.127856	-0.616622	-0.7768079999999999	0.0	-0.9904219999999999	-0.0382095	-0.132685	0.0	2.20202	2.2406200000000003	1.59558	0.335462	
0	-0.179588	0.760679	-0.623791	0.0	-0.00326034	0.633636	0.773624	0.0	0.9837370000000001	0.140967	-0.11131300000000001	0.0	-2.53295	1.10733	1.5573700000000001	0.326594	0.05285019999999999	0.786391	-0.615464	0.0	0.127366	-0.6166	-0.776906	0.0	-0.990447	-0.0373293	-0.132747	0.0	2.20212	2.23857	1.59911	0.335409	
0	-0.17938199999999999	0.7591289999999999	-0.625736	0.0	-0.00261968	0.635683	0.771946	0.0	0.983776	0.14011300000000002	-0.112041	0.0	-2.53057	1.10766	1.56818	0.326911	0.0531845	0.785634	-0.616401	0.0	0.130338	-0.617456	-0.775732	0.0	-0.990042	-0.0390832	-0.135237	0.0	2.20193	2.23755	1.59721	0.335447	
0	-0.179695	0.758382	-0.626552	0.0	-0.00198489	0.6366390000000001	0.7711600000000001	0.0	0.983721	0.139817	-0.11289500000000001	0.0	-2.52498	1.11077	1.57754	0.32621999999999995	0.0544714	0.783423	-0.6190979999999999	0.0	0.131633	-0.6202409999999999	-0.773288	0.0	-0.989801	-0.039371300000000005	-0.13691	0.0	2.2027799999999997	2.2336400000000003	1.59441	0.335517	
0	-0.180284	0.757024	-0.628023	0.0	-0.00298026	0.638062	0.76998	0.0	0.98361	0.14068699999999998	-0.112776	0.0	-2.50903	1.12143	1.60712	0.32661999999999997	0.0556745	0.782468	-0.620197	0.0	0.128698	-0.6216020000000001	-0.7726890000000001	0.0	-0.9901200000000001	-0.036798800000000007	-0.13530899999999998	0.0	2.20174	2.23429	1.60202	0.33531	
0	-0.179543	0.758022	-0.62703	0.0	-0.00204903	0.6370979999999999	0.77078	0.0	0.983748	0.139673	-0.11283299999999999	0.0	-2.4977400000000003	1.12895	1.62901	0.326516	0.05614159999999999	0.781516	-0.621354	0.0	0.127445	-0.622854	-0.771888	0.0	-0.9902559999999999	-0.0358536	-0.134569	0.0	2.19982	2.2393	1.6086799999999999	0.33516999999999997	
0	-0.179307	0.75775	-0.627426	0.0	-0.00347126	0.637271	0.770632	0.0	0.9837870000000001	0.14035799999999998	-0.11163699999999999	0.0	-2.49801	1.12824	1.63551	0.326617	0.056756600000000004	0.781072	-0.6218560000000001	0.0	0.12724000000000002	-0.62344	-0.7714479999999999	0.0	-0.990247	-0.035340300000000005	-0.134768	0.0	2.19719	2.24499	1.61196	0.335215	
0	-0.179285	0.757781	-0.627395	0.0	-0.00347236	0.6372369999999999	0.77066	0.0	0.983791	0.140347	-0.111616	0.0	-2.49805	1.1283	1.63505	0.32660500000000003	0.05675830000000001	0.781064	-0.621866	0.0	0.12722999999999998	-0.62345	-0.771442	0.0	-0.9902479999999999	-0.0353344	-0.134761	0.0	2.19726	2.24471	1.61178	0.335213	
0	-0.179285	0.757781	-0.627395	0.0	-0.00347233	0.6372359999999999	0.7706609999999999	0.0	0.983791	0.140347	-0.111616	0.0	-2.49805	1.1283	1.63505	0.32660500000000003	0.0567582	0.781064	-0.621866	0.0	0.12722999999999998	-0.62345	-0.771442	0.0	-0.9902479999999999	-0.035334	-0.134761	0.0	2.19726	2.24471	1.61178	0.335213	
0	-0.179286	0.757781	-0.627395	0.0	-0.00347236	0.6372359999999999	0.7706609999999999	0.0	0.983791	0.140347	-0.111616	0.0	-2.49805	1.1283100000000001	1.63505	0.326606	0.05675830000000001	0.781064	-0.621866	0.0	0.12722999999999998	-0.62345	-0.771442	0.0	-0.9902479999999999	-0.0353341	-0.134761	0.0	2.19726	2.24471	1.61178	0.335213	
0	-0.179286	0.757781	-0.627395	0.0	-0.00347251	0.6372359999999999	0.7706609999999999	0.0	0.983791	0.140347	-0.111616	0.0	-2.49805	1.1283	1.63505	0.326606	0.0567582	0.781064	-0.621866	0.0	0.12722999999999998	-0.623451	-0.771442	0.0	-0.9902479999999999	-0.0353339	-0.134761	0.0	2.19726	2.24471	1.61178	0.335213	
0	-0.179286	0.757781	-0.627395	0.0	-0.00347245	0.6372359999999999	0.7706609999999999	0.0	0.983791	0.140347	-0.111616	0.0	-2.49805	1.1283	1.63505	0.326606	0.05675830000000001	0.781064	-0.621866	0.0	0.12722999999999998	-0.62345	-0.771442	0.0	-0.9902479999999999	-0.0353339	-0.134761	0.0	2.19726	2.24471	1.61178	0.335212	
0	-0.179286	0.757781	-0.627395	0.0	-0.00347242	0.6372359999999999	0.7706609999999999	0.0	0.983791	0.140347	-0.111616	0.0	-2.49805	1.1283100000000001	1.63505	0.326606	0.05675830000000001	0.781064	-0.621866	0.0	0.12722999999999998	-0.62345	-0.771442	0.0	-0.9902479999999999	-0.0353341	-0.134761	0.0	2.19726	2.24471	1.61178	0.335212	
0	-0.179285	0.757781	-0.627395	0.0	-0.00347242	0.6372359999999999	0.7706609999999999	0.0	0.983791	0.140347	-0.111616	0.0	-2.49805	1.1283	1.63505	0.326606	0.0567582	0.781064	-0.621866	0.0	0.12722999999999998	-0.62345	-0.771442	0.0	-0.9902479999999999	-0.035334199999999996	-0.134761	0.0	2.19726	2.24471	1.61178	0.335213	
0	-0.179286	0.757781	-0.627395	0.0	-0.00347248	0.6372359999999999	0.7706609999999999	0.0	0.983791	0.140347	-0.111616	0.0	-2.49805	1.1283	1.63505	0.326606	0.05675830000000001	0.781064	-0.621866	0.0	0.12722999999999998	-0.62345	-0.771442	0.0	-0.9902479999999999	-0.0353341	-0.134761	0.0	2.19726	2.24471	1.61178	0.335213	
0	-0.179286	0.757781	-0.627395	0.0	-0.00347245	0.6372359999999999	0.7706609999999999	0.0	0.983791	0.140347	-0.111616	0.0	-2.49805	1.1283100000000001	1.63505	0.326606	0.0567582	0.781064	-0.621866	0.0	0.12722999999999998	-0.623451	-0.771442	0.0	-0.9902479999999999	-0.035334	-0.134761	0.0	2.19726	2.24471	1.61178	0.335213	
0	-0.179286	0.757781	-0.627395	0.0	-0.00347242	0.6372359999999999	0.7706609999999999	0.0	0.983791	0.140347	-0.111616	0.0	-2.49805	1.1283	1.63505	0.326606	0.05675830000000001	0.781064	-0.621866	0.0	0.12722999999999998	-0.62345	-0.771442	0.0	-0.9902479999999999	-0.035334	-0.134761	0.0	2.19726	2.24471	1.61178	0.335213	
0	-0.179285	0.757781	-0.627395	0.0	-0.00347248	0.6372359999999999	0.7706609999999999	0.0	0.983791	0.140347	-0.111616	0.0	-2.49805	1.1283	1.63505	0.326606	0.0567582	0.781064	-0.621866	0.0	0.12722999999999998	-0.623451	-0.771442	0.0	-0.9902479999999999	-0.0353341	-0.134761	0.0	2.19726	2.24471	1.61178	0.335213	
0	-0.179286	0.757781	-0.627395	0.0	-0.00347248	0.6372359999999999	0.7706609999999999	0.0	0.983791	0.140347	-0.111616	0.0	-2.49805	1.1283	1.63505	0.326606	0.0567582	0.781064	-0.621866	0.0	0.12722999999999998	-0.62345	-0.771442	0.0	-0.9902479999999999	-0.0353341	-0.134761	0.0	2.19726	2.24471	1.61178	0.335213	
0	-0.179286	0.757781	-0.627395	0.0	-0.00347248	0.6372359999999999	0.7706609999999999	0.0	0.983791	0.140347	-0.111616	0.0	-2.49805	1.1283	1.63505	0.326606	0.05675830000000001	0.781064	-0.621866	0.0	0.12722999999999998	-0.62345	-0.771442	0.0	-0.9902479999999999	-0.0353341	-0.134761	0.0	2.19726	2.24471	1.61178	0.335213	
0	-0.179286	0.757782	-0.627395	0.0	-0.00347248	0.6372359999999999	0.7706609999999999	0.0	0.983791	0.140347	-0.111616	0.0	-2.49805	1.1283100000000001	1.63505	0.326606	0.05675830000000001	0.781064	-0.621866	0.0	0.12722999999999998	-0.62345	-0.771442	0.0	-0.9902479999999999	-0.0353341	-0.134761	0.0	2.19726	2.24471	1.61178	0.335213	
0	-0.179286	0.757781	-0.627395	0.0	-0.00347245	0.6372359999999999	0.7706609999999999	0.0	0.983791	0.140347	-0.111616	0.0	-2.49805	1.1283100000000001	1.63505	0.326606	0.05675830000000001	0.781064	-0.621866	0.0	0.12722999999999998	-0.62345	-0.771442	0.0	-0.9902479999999999	-0.035334199999999996	-0.134761	0.0	2.19726	2.24471	1.61178	0.335214	
0	-0.179286	0.757781	-0.627395	0.0	-0.00347251	0.6372359999999999	0.7706609999999999	0.0	0.983791	0.140347	-0.111616	0.0	-2.49805	1.1283	1.63505	0.326606	0.05675830000000001	0.781064	-0.621866	0.0	0.12722999999999998	-0.62345	-0.771442	0.0	-0.9902479999999999	-0.035334	-0.134761	0.0	2.19726	2.24471	1.61178	0.335212	
0	-0.179285	0.757781	-0.627395	0.0	-0.00347233	0.6372359999999999	0.7706609999999999	0.0	0.983791	0.140347	-0.111616	0.0	-2.49805	1.1283	1.63505	0.32660500000000003	0.0567582	0.781064	-0.621866	0.0	0.12722999999999998	-0.623451	-0.771442	0.0	-0.9902479999999999	-0.035334	-0.134761	0.0	2.19726	2.24471	1.61178	0.335213	
0	-0.179286	0.757781	-0.627395	0.0	-0.00347242	0.6372359999999999	0.7706609999999999	0.0	0.983791	0.140347	-0.111616	0.0	-2.49805	1.1283	1.63505	0.32660500000000003	0.0567582	0.781064	-0.621866	0.0	0.12722999999999998	-0.623451	-0.771442	0.0	-0.9902479999999999	-0.035334	-0.134761	0.0	2.19726	2.24471	1.61178	0.335213	
0	-0.179286	0.757781	-0.627395	0.0	-0.00347236	0.6372359999999999	0.7706609999999999	0.0	0.983791	0.140347	-0.111616	0.0	-2.49805	1.1283	1.63505	0.326606	0.0567582	0.781064	-0.621866	0.0	0.12722999999999998	-0.623451	-0.771442	0.0	-0.9902479999999999	-0.035334	-0.134761	0.0	2.19726	2.24471	1.61178	0.335213	
0	-0.179285	0.757781	-0.627395	0.0	-0.00347233	0.6372359999999999	0.7706609999999999	0.0	0.983791	0.140347	-0.111616	0.0	-2.49805	1.1283	1.63505	0.32660500000000003	0.05675830000000001	0.781064	-0.621866	0.0	0.12722999999999998	-0.62345	-0.771442	0.0	-0.9902479999999999	-0.0353341	-0.134761	0.0	2.19726	2.24471	1.61178	0.335213	
0	-0.179286	0.757781	-0.627395	0.0	-0.00347236	0.6372359999999999	0.7706609999999999	0.0	0.983791	0.140347	-0.111616	0.0	-2.49805	1.1283	1.63505	0.326606	0.05675830000000001	0.781064	-0.621866	0.0	0.12722999999999998	-0.62345	-0.771442	0.0	-0.9902479999999999	-0.0353341	-0.134761	0.0	2.19726	2.24471	1.61178	0.335213	
0	-0.179285	0.757781	-0.627395	0.0	-0.00347236	0.6372359999999999	0.7706609999999999	0.0	0.983791	0.140347	-0.111616	0.0	-2.49805	1.1283100000000001	1.63505	0.32660500000000003	0.05675840000000001	0.781064	-0.621866	0.0	0.12722999999999998	-0.62345	-0.771442	0.0	-0.9902479999999999	-0.0353339	-0.134761	0.0	2.19726	2.24471	1.61178	0.335213	
0	-0.179286	0.757781	-0.627395	0.0	-0.00347242	0.6372359999999999	0.7706609999999999	0.0	0.983791	0.140347	-0.111616	0.0	-2.49805	1.1283	1.63505	0.32660500000000003	0.05675830000000001	0.781064	-0.621866	0.0	0.12722999999999998	-0.62345	-0.771442	0.0	-0.9902479999999999	-0.035334	-0.134761	0.0	2.19726	2.24471	1.61178	0.335213	
0	-0.179285	0.757781	-0.627395	0.0	-0.00347236	0.6372359999999999	0.7706609999999999	0.0	0.983791	0.140347	-0.111616	0.0	-2.49805	1.1283100000000001	1.63505	0.32660500000000003	0.05675830000000001	0.781064	-0.621866	0.0	0.12722999999999998	-0.62345	-0.771442	0.0	-0.9902479999999999	-0.0353341	-0.134761	0.0	2.19726	2.24471	1.61178	0.335213	
0	-0.179285	0.757781	-0.627395	0.0	-0.00347233	0.6372359999999999	0.7706609999999999	0.0	0.983791	0.140347	-0.111616	0.0	-2.49805	1.1283	1.63505	0.32660500000000003	0.0567582	0.781064	-0.621866	0.0	0.12722999999999998	-0.62345	-0.771442	0.0	-0.9902479999999999	-0.0353341	-0.134761	0.0	2.19726	2.24471	1.61178	0.335213	
0	-0.179285	0.757781	-0.627395	0.0	-0.00347233	0.6372359999999999	0.7706609999999999	0.0	0.983791	0.140347	-0.111616	0.0	-2.49805	1.1283	1.63505	0.32660500000000003	0.05675830000000001	0.781064	-0.621866	0.0	0.12722999999999998	-0.62345	-0.771442	0.0	-0.9902479999999999	-0.0353341	-0.134761	0.0	2.19726	2.24471	1.61178	0.335213	
