 0	-0.0802383	0.910234	-0.40624499999999997	0.0	0.159	0.414029	0.8962690000000001	0.0	0.9840120000000001	0.00732195	-0.177949	0.0	-2.70716	1.85126	1.3851200000000001	0.0	-0.145398	0.9413159999999999	-0.304604	0.0	0.202179	-0.27310999999999996	-0.9404969999999999	0.0	-0.9684950000000001	-0.198331	-0.150604	0.0	2.6337099999999998	1.87675	1.29472	0.00034526699999999996	
 0	-0.116101	0.915105	-0.38613800000000004	0.0	0.170664	0.401365	0.8998780000000001	0.0	0.9784649999999999	0.0385765	-0.202774	0.0	-2.70076	1.7833900000000003	1.33322	0.0	-0.103459	0.937908	-0.331095	0.0	0.20622100000000002	-0.305421	-0.9296190000000001	0.0	-0.9730209999999999	-0.164456	-0.16181800000000002	0.0	2.61787	1.8243	1.2347	0.0	
 0	-0.19867	0.920192	-0.337309	0.0	0.165957	0.370786	0.9137709999999999	0.0	0.9659129999999999	0.12555999999999998	-0.22637600000000002	0.0	-2.70322	1.75308	1.26203	0.0	-0.00180036	0.9221860000000001	-0.386743	0.0	0.191669	-0.379255	-0.905223	0.0	-0.9814579999999999	-0.0757563	-0.176072	0.0	2.6156200000000003	1.7766	1.17183	0.0	
 0	-0.240693	0.9181969999999999	-0.314612	0.0	0.157394	0.356775	0.9208360000000001	0.0	0.9577549999999999	0.172121	-0.230392	0.0	-2.75835	1.7142	1.1917200000000001	0.260205	0.032533	0.9333670000000001	-0.35744699999999996	0.0	0.200293	-0.35647	-0.9125850000000001	0.0	-0.979196	-0.0419049	-0.198544	0.0	2.70173	1.74731	1.10843	0.285618	
 0	-0.27366799999999997	0.909819	-0.311987	0.0	0.151281	0.36104899999999995	0.9201950000000001	0.0	0.9498530000000001	0.20463	-0.23644600000000002	0.0	-2.69918	1.67789	1.14095	0.343552	0.0666115	0.939428	-0.33621100000000004	0.0	0.201622	-0.342681	-0.9175610000000001	0.0	-0.977196	-0.00666729	-0.212236	0.0	2.66792	1.6973099999999999	1.0240200000000002	0.362506	
 0	-0.26460100000000003	0.911963	-0.313544	0.0	0.155827	0.361293	0.9193399999999999	0.0	0.951685	0.1944	-0.23770700000000003	0.0	-2.68436	1.62588	1.12819	0.343508	0.062388599999999995	0.9381	-0.3407	0.0	0.18603	-0.34631300000000004	-0.9194889999999999	0.0	-0.980561	-0.00601494	-0.196121	0.0	2.6310000000000002	1.58546	0.9974700000000001	0.362269	
 0	-0.256602	0.912647	-0.318166	0.0	0.158079	0.364385	0.917733	0.0	0.9535020000000001	0.185197	-0.237773	0.0	-2.667	1.6069799999999999	1.15632	0.34265100000000004	0.05539730000000001	0.905882	-0.41989099999999996	0.0	0.154835	-0.42324399999999995	-0.8926879999999999	0.0	-0.9863860000000001	-0.015561400000000001	-0.163709	0.0	2.6042	1.4698799999999999	1.01089	0.361108	
 0	-0.242537	0.9164059999999999	-0.318396	0.0	0.171818	0.363582	0.91558	0.0	0.9548059999999999	0.167355	-0.245637	0.0	-2.6749400000000003	1.57398	1.17019	0.340904	0.06209259999999999	0.8860969999999999	-0.459322	0.0	0.16206099999999998	-0.463053	-0.871389	0.0	-0.984825	-0.020331099999999998	-0.172354	0.0	2.59872	1.4348	1.06504	0.36126199999999997	
 0	-0.22732199999999997	0.920765	-0.31704299999999996	0.0	0.190557	0.361331	0.912758	0.0	0.954994	0.147075	-0.257596	0.0	-2.70531	1.53172	1.1648	0.340567	0.07840599999999999	0.862777	-0.49946899999999994	0.0	0.155815	-0.505459	-0.848665	0.0	-0.98467	-0.0112844	-0.174065	0.0	2.59583	1.4196	1.0636299999999999	0.361269	
 0	-0.21561	0.92095	-0.324598	0.0	0.20286099999999999	0.36740900000000004	0.907666	0.0	0.955175	0.129854	-0.266042	0.0	-2.73208	1.4915100000000001	1.17798	0.332418	0.0912551	0.817822	-0.568191	0.0	0.154142	-0.575295	-0.803291	0.0	-0.983826	-0.0142777	-0.178559	0.0	2.57907	1.3598	1.03872	0.360768	
 0	-0.193663	0.9134469999999999	-0.35792399999999996	0.0	0.217002	0.39567800000000003	0.8923840000000001	0.0	0.9567680000000001	0.09515130000000001	-0.274848	0.0	-2.7229200000000002	1.41925	1.20417	0.326244	0.0964672	0.79073	-0.604517	0.0	0.14994000000000002	-0.611963	-0.776543	0.0	-0.983978	-0.015730200000000003	-0.177597	0.0	2.58046	1.32592	1.03906	0.3606	
 0	-0.182532	0.911386	-0.368861	0.0	0.22258699999999998	0.40372800000000003	0.887389	0.0	0.957673	0.07987310000000002	-0.276555	0.0	-2.69959	1.3280399999999999	1.20905	0.326273	0.0968075	0.76732	-0.633915	0.0	0.142595	-0.641029	-0.754155	0.0	-0.985036	-0.017384900000000002	-0.171472	0.0	2.59092	1.31387	1.07775	0.359765	
 0	-0.17341600000000001	0.912832	-0.369683	0.0	0.229188	0.40247	0.886279	0.0	0.95781	0.0689678	-0.279005	0.0	-2.68874	1.30461	1.20615	0.326692	0.101586	0.7430359999999999	-0.661497	0.0	0.129012	-0.669162	-0.731833	0.0	-0.986426	-0.0109966	-0.163838	0.0	2.60853	1.3055299999999999	1.11873	0.359095	
 0	-0.163219	0.91225	-0.375713	0.0	0.238341	0.406	0.8822459999999999	0.0	0.957368	0.0544513	-0.283694	0.0	-2.69224	1.26319	1.18859	0.327758	0.0874533	0.721453	-0.686919	0.0	0.12953	-0.6919420000000001	-0.710238	0.0	-0.987712	-0.026863799999999997	-0.15396300000000002	0.0	2.63046	1.28577	1.15608	0.35839699999999997	
 0	-0.165666	0.909581	-0.38107399999999997	0.0	0.234402	0.41165799999999997	0.8806780000000001	0.0	0.9579200000000001	0.05657430000000001	-0.281405	0.0	-2.6943599999999996	1.23199	1.18572	0.328808	0.053530499999999995	0.709498	-0.702671	0.0	0.127229	-0.7027909999999999	-0.6999270000000001	0.0	-0.9904280000000001	-0.0519327	-0.12789	0.0	2.63205	1.26667	1.23974	0.358214	
 0	-0.169403	0.908314	-0.382452	0.0	0.229981	0.41378000000000004	0.880849	0.0	0.9583379999999999	0.0612619	-0.27899	0.0	-2.69149	1.22054	1.2164700000000002	0.332847	0.0302976	0.7211930000000001	-0.692072	0.0	0.13161099999999998	-0.68924	-0.71248	0.0	-0.9908379999999999	-0.069498	-0.1158	0.0	2.64133	1.26	1.30501	0.357713	
 0	-0.170601	0.9048299999999999	-0.3901	0.0	0.22276500000000002	0.421072	0.8792469999999999	0.0	0.959829	0.06309930000000001	-0.2734	0.0	-2.6794700000000002	1.21565	1.22548	0.334913	0.0123699	0.732977	-0.680141	0.0	0.133794	-0.67529	-0.725316	0.0	-0.9909319999999999	-0.0820265	-0.106421	0.0	2.64642	1.2494	1.3503	0.35739899999999997	
 0	-0.169742	0.9043770000000001	-0.391523	0.0	0.221333	0.422124	0.8791040000000001	0.0	0.960312	0.0625643	-0.27182	0.0	-2.6600599999999996	1.2149	1.2300799999999998	0.337252	-0.009868799999999999	0.763757	-0.645429	0.0	0.137442	-0.6382979999999999	-0.75742	0.0	-0.990461	-0.0961841	-0.0986733	0.0	2.63784	1.22689	1.3862700000000001	0.357458	
 0	-0.168811	0.9051899999999999	-0.390044	0.0	0.222978	0.42053599999999997	0.8794489999999999	0.0	0.960096	0.0614889	-0.272829	0.0	-2.65749	1.21748	1.23184	0.337365	-0.0216368	0.782792	-0.621908	0.0	0.137888	-0.613772	-0.777349	0.0	-0.9902120000000001	-0.102573	-0.0946577	0.0	2.62217	1.19887	1.40723	0.357464	
 0	-0.16882	0.9051819999999999	-0.390059	0.0	0.222971	0.42055200000000004	0.879443	0.0	0.960096	0.061496	-0.272827	0.0	-2.65755	1.21737	1.2318200000000001	0.337365	-0.0215507	0.782666	-0.622069	0.0	0.137913	-0.613937	-0.777213	0.0	-0.99021	-0.10254100000000001	-0.0947086	0.0	2.62241	1.19954	1.40662	0.35746500000000003	
 0	-0.16882	0.9051819999999999	-0.390059	0.0	0.222971	0.42055299999999995	0.879443	0.0	0.960096	0.0614961	-0.272827	0.0	-2.65755	1.21737	1.2318200000000001	0.337365	-0.021550299999999998	0.7826649999999999	-0.622071	0.0	0.137913	-0.613939	-0.777212	0.0	-0.99021	-0.10254100000000001	-0.09470880000000001	0.0	2.62241	1.19954	1.40662	0.35746500000000003	
 0	-0.16882	0.9051819999999999	-0.390059	0.0	0.22296999999999997	0.42055299999999995	0.879443	0.0	0.960096	0.061496	-0.272827	0.0	-2.65755	1.21737	1.2318200000000001	0.337365	-0.021550299999999998	0.7826649999999999	-0.622071	0.0	0.137913	-0.613939	-0.777212	0.0	-0.99021	-0.10254100000000001	-0.09470880000000001	0.0	2.62241	1.19954	1.40662	0.35746500000000003	
 0	-0.16882	0.9051819999999999	-0.390059	0.0	0.22296999999999997	0.42055299999999995	0.879443	0.0	0.960096	0.0614962	-0.272826	0.0	-2.65755	1.21737	1.2318200000000001	0.337364	-0.0215504	0.7826649999999999	-0.622071	0.0	0.137913	-0.6139399999999999	-0.777212	0.0	-0.99021	-0.10254100000000001	-0.09470880000000001	0.0	2.62241	1.19954	1.40662	0.35746500000000003	
 0	-0.16882	0.9051819999999999	-0.390059	0.0	0.22296999999999997	0.42055299999999995	0.879443	0.0	0.960096	0.0614962	-0.272826	0.0	-2.65755	1.21737	1.2318200000000001	0.337364	-0.021550299999999998	0.7826649999999999	-0.622071	0.0	0.137913	-0.613939	-0.777212	0.0	-0.99021	-0.10254100000000001	-0.09470880000000001	0.0	2.62241	1.19954	1.40662	0.35746500000000003	
 0	-0.16882	0.9051819999999999	-0.390059	0.0	0.22296999999999997	0.42055299999999995	0.879443	0.0	0.960096	0.0614962	-0.272826	0.0	-2.65755	1.21737	1.2318200000000001	0.337364	-0.021550299999999998	0.782664	-0.622071	0.0	0.137913	-0.613939	-0.777212	0.0	-0.99021	-0.10254100000000001	-0.09470880000000001	0.0	2.62241	1.19954	1.40662	0.35746500000000003	
 0	-0.16882	0.9051819999999999	-0.390059	0.0	0.222971	0.42055299999999995	0.879443	0.0	0.960096	0.061496	-0.272827	0.0	-2.65755	1.21737	1.2318200000000001	0.337364	-0.021550299999999998	0.782664	-0.622071	0.0	0.137913	-0.613939	-0.777212	0.0	-0.99021	-0.10254100000000001	-0.09470880000000001	0.0	2.62241	1.19954	1.40662	0.35746500000000003	
 0	-0.16882	0.9051819999999999	-0.390059	0.0	0.222971	0.42055299999999995	0.879443	0.0	0.960096	0.0614961	-0.272827	0.0	-2.65755	1.21737	1.2318200000000001	0.337365	-0.0215504	0.7826649999999999	-0.622071	0.0	0.137913	-0.613939	-0.777212	0.0	-0.99021	-0.10254100000000001	-0.09470880000000001	0.0	2.62241	1.19954	1.40662	0.35746500000000003	
 0	-0.16882	0.9051819999999999	-0.390059	0.0	0.22296999999999997	0.42055299999999995	0.879443	0.0	0.960096	0.0614961	-0.272827	0.0	-2.65755	1.21737	1.2318200000000001	0.337365	-0.021550299999999998	0.782664	-0.622071	0.0	0.137913	-0.613939	-0.777212	0.0	-0.99021	-0.10254100000000001	-0.09470880000000001	0.0	2.62241	1.19954	1.40662	0.35746500000000003	
 0	-0.16882	0.9051819999999999	-0.390059	0.0	0.22296999999999997	0.42055299999999995	0.879443	0.0	0.960096	0.0614961	-0.272827	0.0	-2.65755	1.21737	1.2318200000000001	0.337364	-0.0215505	0.7826649999999999	-0.622071	0.0	0.137913	-0.6139399999999999	-0.777212	0.0	-0.99021	-0.10254100000000001	-0.09470880000000001	0.0	2.62241	1.19954	1.40662	0.35746500000000003	
 0	-0.16882	0.9051819999999999	-0.390059	0.0	0.22296999999999997	0.42055299999999995	0.879443	0.0	0.960096	0.06149630000000001	-0.272826	0.0	-2.65755	1.21737	1.2318200000000001	0.337364	-0.0215504	0.7826649999999999	-0.622071	0.0	0.137913	-0.6139399999999999	-0.777212	0.0	-0.99021	-0.10254100000000001	-0.09470880000000001	0.0	2.62241	1.19954	1.40662	0.35746500000000003	
 0	-0.16882	0.9051819999999999	-0.390059	0.0	0.22296999999999997	0.42055299999999995	0.879443	0.0	0.960096	0.06149630000000001	-0.272826	0.0	-2.65755	1.21737	1.2318200000000001	0.337364	-0.0215504	0.7826649999999999	-0.622071	0.0	0.137913	-0.6139399999999999	-0.777212	0.0	-0.99021	-0.10254100000000001	-0.09470880000000001	0.0	2.62241	1.19954	1.40662	0.35746500000000003	
 0	-0.16882	0.9051819999999999	-0.390059	0.0	0.22296999999999997	0.42055299999999995	0.879443	0.0	0.960096	0.0614961	-0.272826	0.0	-2.65755	1.21737	1.2318200000000001	0.337364	-0.0215504	0.7826649999999999	-0.622071	0.0	0.137913	-0.6139399999999999	-0.777212	0.0	-0.99021	-0.10254100000000001	-0.09470880000000001	0.0	2.62241	1.19954	1.40662	0.35746500000000003	
 0	-0.16882	0.9051819999999999	-0.390059	0.0	0.22296999999999997	0.42055299999999995	0.879443	0.0	0.960096	0.0614961	-0.272826	0.0	-2.65755	1.21737	1.2318200000000001	0.337364	-0.0215504	0.7826649999999999	-0.622071	0.0	0.137913	-0.613939	-0.777212	0.0	-0.99021	-0.10254100000000001	-0.09470880000000001	0.0	2.62241	1.19954	1.40662	0.35746500000000003	
 0	-0.16882	0.9051819999999999	-0.390059	0.0	0.22296999999999997	0.42055299999999995	0.879443	0.0	0.960096	0.06149630000000001	-0.272826	0.0	-2.65755	1.21737	1.2318200000000001	0.337364	-0.0215504	0.782664	-0.622071	0.0	0.137913	-0.613939	-0.777212	0.0	-0.99021	-0.10254100000000001	-0.09470880000000001	0.0	2.62241	1.19954	1.40662	0.35746500000000003	
 0	-0.0128786	0.689897	-0.723793	0.0	0.06578930000000001	0.72287	0.6878449999999999	0.0	0.99775	-0.038759300000000003	-0.054697300000000004	0.0	-2.60392	1.10894	1.12457	0.327937	0.0665401	0.8698520000000001	-0.488804	0.0	-0.00257197	-0.48973900000000004	-0.871866	0.0	-0.9977809999999999	0.059271300000000006	-0.0303502	0.0	2.549	1.2687700000000002	1.43468	0.355942	
 0	-0.038232300000000004	0.713378	-0.6997359999999999	0.0	0.0305168	0.700755	0.712749	0.0	0.9988030000000001	0.00589633	-0.0485615	0.0	-2.57943	1.03144	0.896128	0.278116	0.0345142	0.865762	-0.49926400000000004	0.0	-0.0336821	-0.49827	-0.866367	0.0	-0.9988360000000001	0.046718300000000004	0.0119633	0.0	2.46786	1.29659	1.37789	0.355991	
 0	-0.042379400000000005	0.750667	-0.65932	0.0	0.0179053	0.660377	0.750721	0.0	0.998941	0.020009799999999998	-0.0414274	0.0	-2.54256	0.921451	0.48663199999999995	0.26712199999999997	-0.0431495	0.8643040000000001	-0.501116	0.0	-0.0401346	-0.502678	-0.863542	0.0	-0.9982620000000001	-0.0171493	0.05637869999999999	0.0	2.36058	1.2253	1.19317	0.355607	
 0	0.013653899999999998	0.771641	-0.635911	0.0	0.0437691	0.6349	0.771354	0.0	0.998948	-0.0383652	-0.0251052	0.0	-2.39644	0.700555	0.13563	0.27862600000000004	-0.142527	0.8524450000000001	-0.5030140000000001	0.0	-0.0218351	-0.510787	-0.8594299999999999	0.0	-0.98955	-0.111509	0.09141419999999999	0.0	2.22492	1.01391	0.955325	0.355774	
 0	0.102201	0.773896	-0.625012	0.0	0.130363	0.612464	0.779675	0.0	0.9861850000000001	-0.161162	-0.03829319999999999	0.0	-2.22496	0.28825100000000003	-0.327973	0.342926	-0.243429	0.825551	-0.509125	0.0	0.011386499999999999	-0.522447	-0.8525959999999999	0.0	-0.969852	-0.213344	0.117778	0.0	2.0223	0.590318	0.437301	0.355593	
 0	0.178207	0.764498	-0.6195039999999999	0.0	0.1414	0.603151	0.784994	0.0	0.9737809999999999	-0.227489	-0.000614345	0.0	-2.12355	-0.19080899999999998	-0.703464	0.353145	-0.28932800000000003	0.796265	-0.531273	0.0	0.0655085	-0.537239	-0.840882	0.0	-0.9549860000000001	-0.278094	0.10327599999999999	0.0	1.88037	0.207956	-0.12287200000000001	0.356941	
 0	0.24660900000000002	0.747289	-0.6170439999999999	0.0	0.177235	0.5911930000000001	0.7868149999999999	0.0	0.9527709999999999	-0.303398	0.0133472	0.0	-2.1155	-0.601349	-1.01042	0.354265	-0.314865	0.777019	-0.545071	0.0	0.10468599999999999	-0.542346	-0.833608	0.0	-0.9433459999999999	-0.319535	0.08942230000000001	0.0	1.76597	-0.150283	-0.625009	0.359094	
 0	0.28687199999999996	0.740999	-0.6071449999999999	0.0	0.20878000000000002	0.5701890000000001	0.7945409999999999	0.0	0.934941	-0.354692	0.00886571	0.0	-2.1572	-0.955945	-1.3086200000000001	0.35553	-0.33819699999999997	0.76318	-0.550616	0.0	0.16683299999999998	-0.527203	-0.833201	0.0	-0.926169	-0.373647	0.0509752	0.0	1.6852900000000002	-0.5093439999999999	-1.1093	0.358765	
 0	0.278149	0.7432350000000001	-0.6084689999999999	0.0	0.253791	0.55409	0.7928270000000001	0.0	0.9264030000000001	-0.374948	-0.034506699999999994	0.0	-2.17409	-1.1356600000000001	-1.51683	0.356196	-0.327702	0.764947	-0.554497	0.0	0.190006	-0.521554	-0.831793	0.0	-0.925478	-0.377938	0.0255692	0.0	1.6336700000000002	-0.749654	-1.46517	0.358831	
 0	0.265611	0.74539	-0.611428	0.0	0.291607	0.5423859999999999	0.787898	0.0	0.9189209999999999	-0.387571	-0.0732977	0.0	-2.22817	-1.27641	-1.70353	0.356187	-0.281042	0.7669050000000001	-0.576951	0.0	0.196518	-0.542454	-0.8167770000000001	0.0	-0.939359	-0.34293	0.00174162	0.0	1.60714	-0.899207	-1.72743	0.358588	
 0	0.244745	0.7244079999999999	-0.644464	0.0	0.27955399999999997	0.58373	0.762305	0.0	0.9284120000000001	-0.366733	-0.059646000000000005	0.0	-2.26341	-1.35015	-1.7919200000000002	0.356236	-0.257504	0.7665810000000001	-0.588256	0.0	0.20775700000000002	-0.550625	-0.8084859999999999	0.0	-0.943678	-0.330403	-0.0174748	0.0	1.5921100000000001	-1.0097	-1.7992299999999999	0.358675	
 0	0.231384	0.721162	-0.652983	0.0	0.284981	0.591511	0.754255	0.0	0.9301870000000001	-0.360611	-0.0686512	0.0	-2.2332799999999997	-1.30008	-1.74692	0.356124	-0.262569	0.754269	-0.601777	0.0	0.201994	-0.566874	-0.798657	0.0	-0.943534	-0.331258	-0.00351429	0.0	1.59206	-1.07646	-1.7698599999999998	0.358615	
 0	0.2285	0.716316	-0.659303	0.0	0.281159	0.599808	0.74912	0.0	0.932061	-0.356542	-0.0643424	0.0	-2.2172	-1.2709	-1.73744	0.356139	-0.262432	0.754075	-0.6020800000000001	0.0	0.20368599999999998	-0.566601	-0.798421	0.0	-0.943208	-0.33216599999999996	-0.00489989	0.0	1.6012	-1.0965	-1.7605099999999998	0.358564	
 0	0.22994699999999998	0.7160979999999999	-0.659036	0.0	0.282889	0.5987600000000001	0.749307	0.0	0.9311809999999999	-0.358734	-0.0648933	0.0	-2.21653	-1.26537	-1.7367700000000001	0.356234	-0.262895	0.748508	-0.608787	0.0	0.202977	-0.573954	-0.793333	0.0	-0.943232	-0.332133	-0.00104022	0.0	1.60945	-1.05974	-1.73615	0.35831	
 0	0.227219	0.715504	-0.660625	0.0	0.28364	0.600334	0.747762	0.0	0.931622	-0.35728499999999996	-0.0665381	0.0	-2.2148	-1.26165	-1.7339900000000001	0.356117	-0.263495	0.747373	-0.609921	0.0	0.20058900000000002	-0.575996	-0.79246	0.0	-0.943576	-0.331152	0.00185713	0.0	1.60684	-1.04459	-1.7205400000000002	0.35834299999999997	
 0	0.22002	0.712693	-0.666078	0.0	0.285076	0.6060270000000001	0.742606	0.0	0.932911	-0.353271	-0.0698332	0.0	-2.21656	-1.26023	-1.73679	0.35611	-0.262917	0.7466119999999999	-0.611102	0.0	0.20084000000000002	-0.577159	-0.79155	0.0	-0.9436829999999999	-0.330845	0.00179484	0.0	1.60511	-1.04631	-1.7130400000000001	0.358389	
 0	0.215423	0.710101	-0.6703359999999999	0.0	0.283488	0.6114149999999999	0.738787	0.0	0.934467	-0.349184	-0.0695921	0.0	-2.2200599999999997	-1.26086	-1.7377	0.35599000000000003	-0.26289	0.744995	-0.613084	0.0	0.198501	-0.580078	-0.790004	0.0	-0.9441860000000001	-0.329382	0.00461414	0.0	1.60825	-1.04614	-1.7002400000000002	0.358572	
 0	0.21542600000000003	0.710101	-0.670334	0.0	0.283488	0.611413	0.738789	0.0	0.934466	-0.349186	-0.0695916	0.0	-2.22004	-1.26086	-1.7376900000000002	0.35599000000000003	-0.262889	0.744995	-0.613083	0.0	0.198501	-0.5800770000000001	-0.7900050000000001	0.0	-0.9441860000000001	-0.329382	0.00461364	0.0	1.60824	-1.04615	-1.70028	0.358572	
 0	0.21542600000000003	0.710101	-0.670334	0.0	0.283488	0.611413	0.738789	0.0	0.934466	-0.349186	-0.0695916	0.0	-2.22004	-1.26086	-1.7376900000000002	0.35599000000000003	-0.262889	0.744995	-0.613083	0.0	0.198501	-0.5800770000000001	-0.7900050000000001	0.0	-0.9441860000000001	-0.329382	0.00461367	0.0	1.60824	-1.04615	-1.70029	0.35857100000000003	
 0	0.21542600000000003	0.710101	-0.670334	0.0	0.283488	0.611413	0.738789	0.0	0.934466	-0.349186	-0.0695916	0.0	-2.22004	-1.26086	-1.7376900000000002	0.35599000000000003	-0.262889	0.744995	-0.613083	0.0	0.198501	-0.5800770000000001	-0.7900050000000001	0.0	-0.9441860000000001	-0.329382	0.00461364	0.0	1.60824	-1.04615	-1.70028	0.35857100000000003	
 0	0.21542600000000003	0.710101	-0.670334	0.0	0.283488	0.611413	0.738789	0.0	0.934466	-0.349186	-0.0695916	0.0	-2.22004	-1.26086	-1.7376900000000002	0.35599000000000003	-0.262889	0.744995	-0.613083	0.0	0.198501	-0.5800770000000001	-0.7900050000000001	0.0	-0.9441860000000001	-0.329382	0.00461367	0.0	1.60824	-1.04615	-1.70029	0.35857100000000003	
 0	0.215425	0.710101	-0.670334	0.0	0.283488	0.611413	0.738789	0.0	0.934466	-0.349186	-0.0695916	0.0	-2.22004	-1.26086	-1.7376900000000002	0.35599000000000003	-0.262889	0.744995	-0.613083	0.0	0.198501	-0.5800770000000001	-0.7900050000000001	0.0	-0.9441860000000001	-0.329382	0.00461367	0.0	1.60824	-1.04615	-1.70029	0.35857100000000003	
 0	0.215425	0.710101	-0.670334	0.0	0.283488	0.611413	0.738789	0.0	0.934466	-0.349186	-0.0695916	0.0	-2.22004	-1.26086	-1.7376900000000002	0.35599000000000003	-0.262889	0.744995	-0.613083	0.0	0.198501	-0.5800770000000001	-0.7900050000000001	0.0	-0.9441860000000001	-0.329382	0.00461367	0.0	1.60824	-1.04615	-1.70029	0.35857100000000003	
 0	0.215425	0.710101	-0.670334	0.0	0.283488	0.611413	0.738789	0.0	0.934466	-0.349186	-0.0695916	0.0	-2.22004	-1.26086	-1.7376900000000002	0.35599000000000003	-0.262889	0.744995	-0.613083	0.0	0.198501	-0.5800770000000001	-0.7900050000000001	0.0	-0.9441860000000001	-0.329382	0.00461367	0.0	1.60824	-1.04615	-1.70029	0.35857100000000003	
 0	0.215425	0.710101	-0.670334	0.0	0.283488	0.611413	0.738789	0.0	0.934466	-0.349186	-0.0695916	0.0	-2.22004	-1.26086	-1.7376900000000002	0.35599000000000003	-0.262889	0.744995	-0.613083	0.0	0.198501	-0.5800770000000001	-0.7900050000000001	0.0	-0.9441860000000001	-0.329382	0.00461367	0.0	1.60824	-1.04615	-1.70029	0.35857100000000003	
 0	0.215425	0.710101	-0.670334	0.0	0.283488	0.611413	0.738789	0.0	0.934466	-0.349186	-0.0695916	0.0	-2.22004	-1.26086	-1.7376900000000002	0.35599000000000003	-0.262889	0.744995	-0.613083	0.0	0.198501	-0.5800770000000001	-0.7900050000000001	0.0	-0.9441860000000001	-0.329382	0.00461367	0.0	1.60824	-1.04615	-1.70029	0.35857100000000003	
 0	0.215425	0.710101	-0.670334	0.0	0.283488	0.611413	0.738789	0.0	0.934466	-0.349186	-0.0695916	0.0	-2.22004	-1.26086	-1.7376900000000002	0.35599000000000003	-0.262889	0.744995	-0.613083	0.0	0.198501	-0.5800770000000001	-0.7900050000000001	0.0	-0.9441860000000001	-0.329382	0.00461367	0.0	1.60824	-1.04615	-1.70029	0.35857100000000003	
 0	0.21542600000000003	0.710101	-0.670334	0.0	0.283488	0.611413	0.738789	0.0	0.934466	-0.349186	-0.0695916	0.0	-2.22004	-1.26086	-1.7376900000000002	0.35599000000000003	-0.262889	0.744995	-0.613083	0.0	0.198501	-0.5800770000000001	-0.7900050000000001	0.0	-0.9441860000000001	-0.329382	0.00461367	0.0	1.60824	-1.04615	-1.70029	0.35857100000000003	
 0	0.215425	0.710101	-0.670334	0.0	0.283488	0.611413	0.738789	0.0	0.934466	-0.349186	-0.0695916	0.0	-2.22004	-1.26086	-1.7376900000000002	0.35599000000000003	-0.262889	0.744995	-0.613083	0.0	0.198501	-0.5800770000000001	-0.7900050000000001	0.0	-0.9441860000000001	-0.329382	0.00461367	0.0	1.60824	-1.04615	-1.70029	0.35857100000000003	
 0	0.215425	0.710101	-0.670334	0.0	0.283488	0.611413	0.738789	0.0	0.934466	-0.349186	-0.0695916	0.0	-2.22004	-1.26086	-1.7376900000000002	0.35599000000000003	-0.262889	0.744995	-0.613083	0.0	0.198501	-0.5800770000000001	-0.7900050000000001	0.0	-0.9441860000000001	-0.329382	0.00461364	0.0	1.60824	-1.04615	-1.70029	0.358572	
 0	0.215425	0.710101	-0.670334	0.0	0.283488	0.611413	0.738789	0.0	0.934466	-0.349186	-0.0695916	0.0	-2.22004	-1.26086	-1.7376900000000002	0.35599000000000003	-0.262889	0.744995	-0.613083	0.0	0.198501	-0.5800770000000001	-0.7900050000000001	0.0	-0.9441860000000001	-0.329382	0.00461367	0.0	1.60824	-1.04615	-1.70029	0.35857100000000003	
 0	0.215425	0.710101	-0.670334	0.0	0.283488	0.611413	0.738789	0.0	0.934466	-0.349186	-0.0695916	0.0	-2.22004	-1.26086	-1.7376900000000002	0.35599000000000003	-0.262889	0.744995	-0.613083	0.0	0.198501	-0.5800770000000001	-0.7900050000000001	0.0	-0.9441860000000001	-0.329382	0.00461364	0.0	1.60824	-1.04615	-1.70029	0.35857100000000003	
 0	-0.11135199999999999	0.695774	-0.709577	0.0	0.0578378	0.717344	0.694314	0.0	0.9920959999999999	0.0362726	-0.12012	0.0	-2.20649	-1.3055700000000001	-1.78335	0.354045	0.0198396	0.790076	-0.612687	0.0	0.0450782	-0.612892	-0.78888	0.0	-0.9987870000000001	-0.0119676	-0.0477749	0.0	1.58093	-1.00421	-1.6686900000000002	0.344764	
 0	-0.159564	0.68255	-0.713208	0.0	0.018008700000000002	0.7243569999999999	0.68919	0.0	0.987023	0.0971261	-0.12787300000000001	0.0	-2.20217	-1.2978100000000001	-1.7704799999999998	0.35360199999999997	0.034497900000000005	0.79023	-0.611838	0.0	0.0323633	-0.612765	-0.789602	0.0	-0.9988809999999999	0.00743854	-0.0467135	0.0	1.56995	-1.00415	-1.6507599999999998	0.34316599999999997	
 0	-0.165527	0.6897340000000001	-0.704889	0.0	0.013148500000000002	0.716228	0.697742	0.0	0.986118	0.106227	-0.127624	0.0	-2.20265	-1.28711	-1.7928099999999998	0.352935	0.0322801	0.791864	-0.6098439999999999	0.0	0.029949200000000002	-0.610654	-0.791331	0.0	-0.99903	0.00728011	-0.0434279	0.0	1.56379	-0.9902549999999999	-1.6482299999999999	0.343019	
 0	-0.17579	0.693604	-0.6985779999999999	0.0	-0.0273387	0.705915	0.707769	0.0	0.9840479999999999	0.143517	-0.10513099999999999	0.0	-2.14952	-1.27874	-1.8998099999999998	0.346618	0.028750099999999997	0.7989539999999999	-0.600705	0.0	0.0167874	-0.601255	-0.7988810000000001	0.0	-0.999446	0.012883700000000001	-0.0306985	0.0	1.5538100000000001	-0.980137	-1.68127	0.346763	
 0	-0.185355	0.703874	-0.685715	0.0	-0.0704334	0.686496	0.7237140000000001	0.0	0.980144	0.18244100000000002	-0.0776691	0.0	-2.10166	-1.3282200000000002	-2.08854	0.327712	0.029314499999999997	0.809767	-0.586019	0.0	0.00170979	-0.5863109999999999	-0.810085	0.0	-0.999569	0.0227453	-0.018572099999999998	0.0	1.5273299999999999	-0.997267	-1.7639099999999999	0.355124	
 0	-0.180337	0.692505	-0.698509	0.0	-0.0835137	0.696807	0.71238	0.0	0.9800530000000001	0.186804	-0.06782669999999999	0.0	-2.0541400000000003	-1.43151	-2.31945	0.32117199999999996	0.0218486	0.8278409999999999	-0.560537	0.0	0.016722	-0.560895	-0.8277180000000001	0.0	-0.9996219999999999	0.00871125	-0.026098000000000003	0.0	1.49278	-1.06067	-1.9251099999999999	0.355727	
 0	-0.13750199999999999	0.682656	-0.7176859999999999	0.0	-0.0189553	0.722622	0.690983	0.0	0.9903200000000001	0.108615	-0.086422	0.0	-1.9223400000000002	-1.6499099999999998	-2.6230700000000002	0.333325	-0.019155900000000003	0.832943	-0.553027	0.0	0.0421278	-0.5519649999999999	-0.8328030000000001	0.0	-0.9989290000000001	-0.0392509	-0.024516800000000002	0.0	1.42145	-1.21697	-2.1862	0.355879	
 0	-0.06722260000000001	0.6834520000000001	-0.7268939999999999	0.0	0.0560114	0.729978	0.681171	0.0	0.996165	0.00507575	-0.0873521	0.0	-1.75869	-1.97226	-2.89332	0.344117	-0.0731421	0.810297	-0.581437	0.0	0.0798426	-0.5763699999999999	-0.813279	0.0	-0.9941209999999999	-0.10590799999999999	-0.0225396	0.0	1.30771	-1.45147	-2.48332	0.355048	
 0	0.0352832	0.674329	-0.737587	0.0	0.176949	0.722171	0.6686989999999999	0.0	0.9835870000000001	-0.154109	-0.0938413	0.0	-1.67687	-2.41585	-3.1349299999999998	0.350597	-0.150892	0.772413	-0.616935	0.0	0.127864	-0.603588	-0.786976	0.0	-0.980246	-0.197633	-0.00768697	0.0	1.1909399999999999	-1.75962	-2.82302	0.354215	
 0	0.14859	0.676768	-0.7210449999999999	0.0	0.260946	0.676463	0.6886979999999999	0.0	0.953849	-0.290487	-0.0760846	0.0	-1.6918900000000001	-2.85879	-3.2905599999999997	0.35083600000000004	-0.229039	0.733132	-0.640359	0.0	0.167978	-0.618209	-0.7678550000000001	0.0	-0.9588139999999999	-0.283435	0.018444400000000003	0.0	1.05754	-2.05672	-3.06296	0.35492199999999996	
 0	0.281979	0.63923	-0.715453	0.0	0.33562600000000004	0.6328739999999999	0.697728	0.0	0.8988010000000001	-0.43687	-0.0360852	0.0	-1.7803	-3.24559	-3.3168900000000003	0.346283	-0.29389	0.7022430000000001	-0.648447	0.0	0.191462	-0.6214069999999999	-0.759734	0.0	-0.936467	-0.347431	0.0481724	0.0	0.950357	-2.31377	-3.2315099999999997	0.355898	
 0	0.41638100000000006	0.5548770000000001	-0.7202350000000001	0.0	0.433567	0.575117	0.693729	0.0	0.799154	-0.601126	-0.00110853	0.0	-1.93842	-3.54891	-3.22044	0.34499	-0.328507	0.682127	-0.653288	0.0	0.20840100000000003	-0.62228	-0.754544	0.0	-0.9212239999999999	-0.38401799999999997	0.062266999999999996	0.0	0.845255	-2.56377	-3.3889400000000003	0.357195	
 0	0.53466	0.439676	-0.721681	0.0	0.520954	0.500933	0.6911390000000001	0.0	0.665391	-0.745487	0.0387782	0.0	-2.09061	-3.6475400000000002	-3.06926	0.34026799999999996	-0.330986	0.680815	-0.653406	0.0	0.230469	-0.613142	-0.7556069999999999	0.0	-0.9150590000000001	-0.400685	0.046034500000000006	0.0	0.7625	-2.73427	-3.5180000000000002	0.357381	
 0	0.592881	0.373384	-0.713496	0.0	0.558391	0.4478	0.698337	0.0	0.5802510000000001	-0.812441	0.056998	0.0	-2.19042	-3.6213	-2.9421	0.33514	-0.314173	0.679517	-0.662988	0.0	0.242133	-0.6179	-0.748045	0.0	-0.917969	-0.395547	0.0295937	0.0	0.734008	-2.8292900000000003	-3.6052	0.357554	
 0	0.654737	0.285889	-0.699705	0.0	0.59332	0.379126	0.710095	0.0	0.46828500000000006	-0.880074	0.0786038	0.0	-2.3413	-3.5997800000000004	-2.8399900000000002	0.340569	-0.283798	0.678167	-0.6779	0.0	0.26408000000000004	-0.62435	-0.735152	0.0	-0.921803	-0.387654	-0.0019010000000000001	0.0	0.724459	-2.9130000000000003	-3.6860800000000005	0.357575	
 0	0.674956	0.25906599999999996	-0.690883	0.0	0.609067	0.332917	0.719863	0.0	0.41649899999999995	-0.9066700000000001	0.0669162	0.0	-2.35248	-3.5388900000000003	-2.82259	0.34205599999999997	-0.283034	0.667438	-0.6887800000000001	0.0	0.298165	-0.6213310000000001	-0.724601	0.0	-0.911586	-0.41045600000000004	-0.023149	0.0	0.754903	-3.01015	-3.7355300000000002	0.357674	
 0	0.6860189999999999	0.208027	-0.69721	0.0	0.637838	0.289089	0.713856	0.0	0.350057	-0.934426	0.0656329	0.0	-2.38711	-3.3048599999999997	-2.73031	0.343572	-0.28121999999999997	0.662556	-0.6942149999999999	0.0	0.30418	-0.624564	-0.719301	0.0	-0.910159	-0.41344899999999996	-0.025896600000000002	0.0	0.807871	-3.0913	-3.77564	0.358001	
 0	0.684297	0.18921400000000002	-0.704227	0.0	0.6601600000000001	0.249441	0.708497	0.0	0.30972	-0.949725	0.04578	0.0	-2.42447	-3.0224	-2.5543400000000003	0.344895	-0.28358099999999997	0.653076	-0.702192	0.0	0.315193	-0.628089	-0.711448	0.0	-0.905668	-0.423079	-0.0277308	0.0	0.820739	-3.14552	-3.7915300000000003	0.357835	
 0	0.6827880000000001	0.15728499999999998	-0.713486	0.0	0.673481	0.24308600000000002	0.698092	0.0	0.283238	-0.957168	0.0600476	0.0	-2.43132	-2.9074400000000002	-2.43414	0.345238	-0.286254	0.647038	-0.706683	0.0	0.315127	-0.632939	-0.707166	0.0	-0.90485	-0.425124	-0.022718400000000003	0.0	0.822203	-3.1928400000000003	-3.79616	0.358027	
 0	0.685542	0.145112	-0.713425	0.0	0.6741159999999999	0.24356799999999998	0.697311	0.0	0.274956	-0.958967	0.06915349999999999	0.0	-2.41834	-2.8623	-2.3398	0.345082	-0.288499	0.6442939999999999	-0.708275	0.0	0.311103	-0.636514	-0.705737	0.0	-0.9055290000000001	-0.423951	-0.0168085	0.0	0.8227620000000001	-3.19552	-3.75256	0.358129	
 0	0.6957439999999999	0.13225	-0.70601	0.0	0.666489	0.24763800000000002	0.703184	0.0	0.267831	-0.959784	0.08414989999999999	0.0	-2.35469	-2.8772	-2.17311	0.344448	-0.291595	0.6385430000000001	-0.712205	0.0	0.313679	-0.639556	-0.701836	0.0	-0.903647	-0.42805600000000005	-0.0138066	0.0	0.8254879999999999	-3.1644900000000002	-3.7040699999999998	0.357754	
 0	0.707861	0.130313	-0.694227	0.0	0.653389	0.2526	0.7136359999999999	0.0	0.268358	-0.9587549999999999	0.09366039999999999	0.0	-2.29359	-2.93597	-2.09233	0.34380900000000003	-0.290806	0.637857	-0.713142	0.0	0.31555300000000003	-0.6397109999999999	-0.700854	0.0	-0.903249	-0.428846	-0.0152465	0.0	0.827599	-3.15092	-3.6924300000000003	0.35770599999999997	
 0	0.729024	0.119045	-0.674056	0.0	0.634916	0.250327	0.730902	0.0	0.255745	-0.960815	0.10691099999999999	0.0	-2.23714	-3.03419	-2.01293	0.343009	-0.291527	0.634958	-0.715431	0.0	0.314864	-0.6425420000000001	-0.69857	0.0	-0.903257	-0.428915	-0.0126068	0.0	0.8280280000000001	-3.13675	-3.67679	0.357559	
 0	0.7469180000000001	0.106557	-0.6563220000000001	0.0	0.620024	0.24492399999999998	0.745374	0.0	0.24017399999999997	-0.963669	0.116871	0.0	-2.22048	-3.14178	-2.0006	0.34219099999999997	-0.292533	0.632865	-0.716873	0.0	0.313947	-0.644552	-0.6971310000000001	0.0	-0.903251	-0.428994	-0.0101332	0.0	0.828415	-3.12893	-3.6678699999999997	0.357323	
 0	0.7656810000000001	0.0868762	-0.6373260000000001	0.0	0.603256	0.24681799999999998	0.7583949999999999	0.0	0.22319	-0.96516	0.136575	0.0	-2.21278	-3.29946	-1.9921799999999998	0.340615	-0.29236799999999996	0.629119	-0.720229	0.0	0.315718	-0.64741	-0.693674	0.0	-0.9026870000000001	-0.43019700000000005	-0.0093421	0.0	0.828083	-3.12237	-3.66238	0.3565	
 0	0.778301	0.0870967	-0.621821	0.0	0.588968	0.241992	0.771075	0.0	0.21763400000000002	-0.966361	0.137045	0.0	-2.23557	-3.39391	-2.00644	0.33874	-0.29346300000000003	0.626857	-0.721754	0.0	0.314339	-0.6497390000000001	-0.69212	0.0	-0.9028129999999999	-0.429987	-0.00637123	0.0	0.829781	-3.11702	-3.65656	0.355765	
 0	0.79735	0.0886961	-0.596965	0.0	0.5788449999999999	0.167541	0.798041	0.0	0.170799	-0.981867	0.082247	0.0	-2.2568099999999998	-3.5340800000000003	-2.04113	0.338326	-0.292152	0.6213	-0.727072	0.0	0.31454899999999997	-0.655521	-0.68655	0.0	-0.903165	-0.429277	-0.00391749	0.0	0.831577	-3.09559	-3.63746	0.35283400000000004	
 0	0.804476	0.0833399	-0.588109	0.0	0.565116	0.197529	0.801016	0.0	0.182925	-0.976748	0.111811	0.0	-2.2511099999999997	-3.55995	-2.03855	0.339462	-0.289609	0.614491	-0.7338439999999999	0.0	0.311514	-0.664445	-0.6793170000000001	0.0	-0.905034	-0.425339	0.00100604	0.0	0.833649	-3.07888	-3.62405	0.352184	
 0	0.8058350000000001	0.0773069	-0.587072	0.0	0.5663130000000001	0.188994	0.8022279999999999	0.0	0.172971	-0.97893	0.108518	0.0	-2.25305	-3.56316	-2.03749	0.339856	-0.28924	0.610189	-0.73757	0.0	0.30812399999999995	-0.6701520000000001	-0.675246	0.0	-0.9063110000000001	-0.42257100000000003	0.00582078	0.0	0.8328959999999999	-3.06782	-3.6111800000000005	0.351048	
 0	0.8065	0.0750616	-0.58645	0.0	0.56605	0.188388	0.802557	0.0	0.170722	-0.9792219999999999	0.109447	0.0	-2.25371	-3.56388	-2.03693	0.339937	-0.28882399999999997	0.609402	-0.738384	0.0	0.30845300000000003	-0.670896	-0.6743560000000001	0.0	-0.9063319999999999	-0.42252700000000004	0.0057992	0.0	0.832155	-3.06649	-3.61006	0.351074	
 0	0.813207	0.050182	-0.579808	0.0	0.560275	0.202011	0.803295	0.0	0.15743800000000002	-0.9780969999999999	0.13616099999999998	0.0	-2.25463	-3.5992	-2.03798	0.3443	-0.287081	0.606191	-0.741699	0.0	0.309461	-0.674082	-0.670706	0.0	-0.906542	-0.422074	0.00592336	0.0	0.8327260000000001	-3.0550599999999997	-3.6018	0.350431	
 0	0.822315	0.0527447	-0.566583	0.0	0.544009	0.21915300000000001	0.809954	0.0	0.166889	-0.9742639999999999	0.15151900000000001	0.0	-2.25901	-3.59858	-2.03614	0.34789000000000003	-0.287466	0.604718	-0.7427520000000001	0.0	0.309243	-0.675351	-0.669529	0.0	-0.906494	-0.422158	0.00713566	0.0	0.8338260000000001	-3.05523	-3.60439	0.350261	
 0	0.8363860000000001	0.0677317	-0.54394	0.0	0.5169739999999999	0.23237	0.823858	0.0	0.182197	-0.970266	0.15933599999999998	0.0	-2.26832	-3.59505	-2.02985	0.326378	-0.283353	0.602835	-0.745857	0.0	0.31193000000000004	-0.677508	-0.666095	0.0	-0.906869	-0.42139499999999996	0.0039314	0.0	0.8340219999999999	-3.0447	-3.61115	0.350613	
 0	0.844368	0.0761295	-0.530327	0.0	0.498146	0.25281	0.82942	0.0	0.197215	-0.964516	0.175541	0.0	-2.26779	-3.5874599999999996	-2.0322400000000003	0.24953899999999998	-0.279744	0.601276	-0.748472	0.0	0.31366900000000003	-0.6795770000000001	-0.6631640000000001	0.0	-0.9073889999999999	-0.420289	0.00150558	0.0	0.83267	-3.04115	-3.63403	0.350671	
 0	0.8608450000000001	0.107182	-0.49745100000000003	0.0	0.45779899999999996	0.263708	0.849045	0.0	0.22218400000000002	-0.9586290000000001	0.17794400000000002	0.0	-2.26032	-3.58019	-2.01671	0.134098	-0.269948	0.5980949999999999	-0.7545930000000001	0.0	0.31638499999999997	-0.685076	-0.656179	0.0	-0.9094110000000001	-0.415876	-0.00429314	0.0	0.832254	-2.99847	-3.6583900000000003	0.350398	
 0	0.867481	0.14140999999999998	-0.476948	0.0	0.42815299999999995	0.275944	0.8605459999999999	0.0	0.253301	-0.950714	0.178831	0.0	-2.2648	-3.55789	-2.00651	0.134076	-0.265063	0.596404	-0.757657	0.0	0.318494	-0.6875060000000001	-0.652608	0.0	-0.910112	-0.41429099999999996	-0.00771859	0.0	0.83244	-2.9765	-3.6643199999999996	0.350327	
 0	0.86698	0.15249000000000001	-0.47444	0.0	0.42287700000000006	0.278594	0.8622989999999999	0.0	0.26366799999999996	-0.948226	0.177051	0.0	-2.2760700000000003	-3.5478199999999998	-2.00169	0.134099	-0.258561	0.594584	-0.761325	0.0	0.320429	-0.690712	-0.648261	0.0	-0.9113020000000001	-0.41156499999999996	-0.0119309	0.0	0.8341959999999999	-2.9658900000000004	-3.66965	0.35036100000000003	
 0	0.853893	0.162879	-0.494305	0.0	0.44128199999999995	0.276961	0.8535590000000001	0.0	0.27593	-0.946976	0.16461900000000002	0.0	-2.27598	-3.5429199999999996	-2.00545	0.133872	-0.253357	0.594266	-0.763321	0.0	0.32051199999999996	-0.6929310000000001	-0.645848	0.0	-0.912734	-0.408283	-0.014911	0.0	0.8361879999999999	-2.96453	-3.68287	0.350516	
 0	0.8318760000000001	0.17417	-0.526922	0.0	0.475865	0.264664	0.8387530000000001	0.0	0.285543	-0.9484819999999999	0.137286	0.0	-2.27267	-3.5367800000000003	-2.01552	0.13364	-0.24783899999999998	0.59292	-0.766174	0.0	0.31838299999999997	-0.6970729999999999	-0.6424340000000001	0.0	-0.914991	-0.40315700000000004	-0.0160139	0.0	0.8370799999999999	-2.96388	-3.69084	0.350317	
 0	0.818059	0.18043499999999998	-0.546098	0.0	0.498436	0.25132	0.829699	0.0	0.286951	-0.950937	0.115659	0.0	-2.26957	-3.5338300000000005	-2.02012	0.13425	-0.24668800000000002	0.5929	-0.76656	0.0	0.31828	-0.697559	-0.641957	0.0	-0.9153379999999999	-0.402344	-0.016629400000000003	0.0	0.836467	-2.96398	-3.70172	0.350515	
 0	0.7734270000000001	0.225777	-0.592314	0.0	0.5562159999999999	0.20645	0.804986	0.0	0.30403	-0.952052	0.0340937	0.0	-2.28515	-3.41022	-2.03158	0.134177	-0.240992	0.590158	-0.770478	0.0	0.316866	-0.7025279999999999	-0.637221	0.0	-0.917343	-0.39770300000000003	-0.0176972	0.0	0.8339059999999999	-2.96446	-3.7234199999999995	0.350296	
 0	0.7821859999999999	0.23776799999999998	-0.5758909999999999	0.0	0.502185	0.30649899999999997	0.808621	0.0	0.368774	-0.921697	0.12033599999999998	0.0	-2.2962	-3.3807	-2.02471	0.134181	-0.23929	0.590033	-0.771104	0.0	0.317204	-0.703094	-0.636428	0.0	-0.9176719999999999	-0.396888	-0.0189169	0.0	0.835208	-2.9624900000000003	-3.72825	0.35032199999999997	
 0	0.770373	0.28830900000000004	-0.5686859999999999	0.0	0.255121	0.678027	0.689342	0.0	0.584328	-0.676135	0.44878	0.0	-2.3437099999999997	-3.2342299999999997	-2.01249	0.13434300000000002	-0.228127	0.5816520000000001	-0.780794	0.0	0.311317	-0.716264	-0.624538	0.0	-0.9225180000000001	-0.385548	-0.0176789	0.0	0.838734	-2.93971	-3.7256199999999997	0.34899600000000003	
 0	0.76836	0.294123	-0.5684319999999999	0.0	0.24168299999999998	0.6890539999999999	0.6832229999999999	0.0	0.5926319999999999	-0.662341	0.45835699999999996	0.0	-2.34984	-3.19985	-2.00723	0.134346	-0.199688	0.5636399999999999	-0.80152	0.0	0.292132	-0.74655	-0.597765	0.0	-0.935299	-0.353516	-0.015580600000000002	0.0	0.829376	-2.90066	-3.72612	0.344437	
 0	0.792924	0.278699	-0.5418470000000001	0.0	0.55762	0.026566500000000003	0.8296709999999999	0.0	0.24562399999999998	-0.9600110000000001	-0.13434300000000002	0.0	-2.51612	-2.66383	-2.01958	0.1343	-0.12851400000000002	0.495413	-0.8590979999999999	0.0	0.237429	-0.8257180000000001	-0.511681	0.0	-0.962866	-0.269733	-0.0115088	0.0	0.7447520000000001	-2.72878	-3.7228	0.346078	
 0	0.7929689999999999	0.281943	-0.540101	0.0	0.556577	0.0253806	0.830408	0.0	0.247835	-0.959096	-0.136797	0.0	-2.54283	-2.49378	-2.00727	0.13399	-0.106992	0.452362	-0.885393	0.0	0.231382	-0.854727	-0.46465500000000004	0.0	-0.9669620000000001	-0.254579	-0.0132196	0.0	0.700137	-2.66475	-3.70805	0.346831	
 0	0.806984	0.311053	-0.502019	0.0	0.52952	-0.00469281	0.8482850000000001	0.0	0.261506	-0.9503809999999999	-0.168496	0.0	-2.9519900000000003	-1.76377	-2.4285	0.134244	-0.08214919999999999	0.38417199999999996	-0.9196	0.0	0.232027	-0.889991	-0.39253000000000005	0.0	-0.969234	-0.24561799999999998	-0.0160264	0.0	0.5658810000000001	-2.5748900000000003	-3.74695	0.347055	
 1	0.817772	0.325658	-0.47454700000000005	0.0	0.503303	-0.00470331	0.8640969999999999	0.0	0.27916799999999997	-0.945476	-0.167751	0.0	-2.85015	-1.7501200000000001	-2.46415	0.133964	-0.0843814	0.36680799999999997	-0.9264620000000001	0.0	0.233592	-0.8965860000000001	-0.376255	0.0	-0.9686670000000001	-0.24816300000000002	-0.0100285	0.0	0.5119520000000001	-2.57	-3.7654300000000003	0.347405	
 1	0.8403219999999999	0.369149	-0.396973	0.0	0.426037	0.00307071	0.904701	0.0	0.335188	-0.929365	-0.15469000000000002	0.0	-2.51988	-1.8326200000000001	-2.6023400000000003	0.133964	-0.0991952	0.333516	-0.9375110000000001	0.0	0.250311	-0.9034989999999999	-0.347901	0.0	-0.9630709999999999	-0.26918000000000003	0.00613963	0.0	0.393029	-2.60917	-3.8005199999999997	0.347512	
 1	0.849174	0.403579	-0.340627	0.0	0.36903400000000003	0.00792518	0.9293819999999999	0.0	0.377779	-0.914911	-0.142205	0.0	-2.25771	-1.9492099999999999	-2.75719	0.134244	-0.106057	0.319449	-0.94165	0.0	0.254531	-0.906719	-0.336266	0.0	-0.961232	-0.27534200000000003	0.014853799999999999	0.0	0.312429	-2.62787	-3.82332	0.347096	
