0	0.538639	0.606915	-0.584399	0.0	0.679391	0.0973466	0.727291	0.0	0.49829300000000004	-0.788782	-0.359898	0.0	-2.7810200000000003	1.9948	1.42551	0.0	-0.15967699999999999	0.9036770000000001	-0.39733	0.0	0.315496	-0.334669	-0.8879520000000001	0.0	-0.9353959999999999	-0.267142	-0.23166799999999999	0.0	2.6450099999999996	1.99335	1.52909	0.000922133	
0	-0.0838363	0.887747	-0.452633	0.0	0.164956	0.460329	0.872289	0.0	0.9827319999999999	-0.00153512	-0.185031	0.0	-2.79057	2.01727	1.3014700000000001	4.62532e-05	-0.135115	0.9002110000000001	-0.413962	0.0	0.280733	-0.365892	-0.8873059999999999	0.0	-0.9502280000000001	-0.23610100000000003	-0.203281	0.0	2.64977	1.9788400000000002	1.49069	0.0	
0	-0.09137769999999999	0.885106	-0.45633	0.0	0.116093	0.464591	0.8778819999999999	0.0	0.9890260000000001	0.027241900000000003	-0.145208	0.0	-2.78289	2.00697	1.3775700000000002	0.0	-0.13635799999999998	0.8949959999999999	-0.42472299999999996	0.0	0.283115	-0.37564200000000003	-0.8824620000000001	0.0	-0.949343	-0.240576	-0.202165	0.0	2.64053	1.9434900000000002	1.4746700000000001	0.0	
0	-0.130125	0.9079430000000001	-0.398381	0.0	0.12466500000000001	0.413591	0.9018870000000001	0.0	0.9836290000000001	0.0676933	-0.167007	0.0	-2.71358	2.06697	1.32621	0.0	-0.10631199999999999	0.87529	-0.47176899999999994	0.0	0.28836	-0.426929	-0.8570770000000001	0.0	-0.9516020000000001	-0.227156	-0.207011	0.0	2.6376	1.90952	1.47983	0.0	
0	-0.175979	0.924882	-0.33708299999999997	0.0	0.13858800000000002	0.362294	0.921703	0.0	0.9745889999999999	0.11548499999999999	-0.191934	0.0	-2.7100299999999997	2.1628	1.26136	0.0542336	-0.09479810000000001	0.8843469999999999	-0.457103	0.0	0.31596599999999997	-0.4087	-0.8562299999999999	0.0	-0.944023	-0.225598	-0.24068	0.0	2.6621099999999998	1.88809	1.45471	0.0	
0	-0.27514	0.883912	-0.378151	0.0	0.0880188	0.414839	0.9056280000000001	0.0	0.957367	0.21589	-0.19194	0.0	-2.65713	2.20737	1.16229	0.34471799999999997	-0.0506998	0.9118440000000001	-0.407394	0.0	0.314781	-0.372537	-0.873	0.0	-0.947809	-0.172501	-0.268144	0.0	2.73222	1.89219	1.37373	0.35294699999999996	
0	-0.35002	0.829133	-0.43591899999999995	0.0	0.0472789	0.4804	0.8757739999999999	0.0	0.9355479999999999	0.285929	-0.20735	0.0	-2.61196	2.25382	1.09128	0.337319	-0.0512305	0.919783	-0.389069	0.0	0.32491	-0.353036	-0.877382	0.0	-0.944356	-0.17136099999999999	-0.28076100000000004	0.0	2.7221900000000003	1.8329400000000002	1.3123	0.358414	
0	-0.350615	0.821355	-0.44993999999999995	0.0	0.023471900000000004	0.487994	0.872531	0.0	0.936226	0.29536100000000004	-0.190377	0.0	-2.60909	2.26859	1.1031	0.332432	-0.0556169	0.920276	-0.387297	0.0	0.319361	-0.351123	-0.8801829999999999	0.0	-0.946	-0.17264000000000002	-0.274372	0.0	2.72402	1.80145	1.2975700000000001	0.358085	
0	-0.36390700000000004	0.7880050000000001	-0.496608	0.0	0.034855800000000006	0.544312	0.838159	0.0	0.930783	0.28770300000000004	-0.225546	0.0	-2.62587	2.2760700000000003	1.13563	0.33028	-0.0858411	0.939853	-0.330619	0.0	0.33915500000000004	-0.28446	-0.8966930000000001	0.0	-0.9368059999999999	-0.189104	-0.294337	0.0	2.70729	1.77138	1.28936	0.358337	
0	-0.256271	0.7653220000000001	-0.59043	0.0	0.0769657	0.625046	0.776784	0.0	0.9635360000000001	0.153624	-0.219085	0.0	-2.63715	2.1050299999999997	1.31787	0.22882600000000003	-0.133418	0.952159	-0.274942	0.0	0.344524	-0.21556	-0.913694	0.0	-0.929249	-0.216627	-0.299282	0.0	2.69725	1.6705900000000002	1.26219	0.358448	
0	-0.13916199999999998	0.833794	-0.534249	0.0	0.189367	0.551949	0.812091	0.0	0.971995	0.011843000000000001	-0.23470300000000002	0.0	-2.65295	1.8055299999999999	1.41218	0.204178	-0.16613699999999998	0.9567479999999999	-0.238813	0.0	0.33152	-0.17389100000000002	-0.927284	0.0	-0.9287049999999999	-0.233227	-0.28829099999999996	0.0	2.6792599999999998	1.5598	1.25969	0.35928000000000004	
0	-0.0786289	0.866859	-0.49231499999999995	0.0	0.22653800000000002	0.496461	0.8379780000000001	0.0	0.970823	-0.0456389	-0.235413	0.0	-2.64072	1.61449	1.4270100000000001	0.271548	-0.177439	0.9579719999999999	-0.2254	0.0	0.328714	-0.158189	-0.9310870000000001	0.0	-0.9276120000000001	-0.23930300000000002	-0.28683000000000003	0.0	2.6703200000000002	1.5112299999999999	1.25089	0.359331	
0	-0.046461300000000004	0.8867	-0.460005	0.0	0.24034299999999997	0.45689799999999997	0.856434	0.0	0.969576	-0.070768	-0.23434000000000002	0.0	-2.55661	1.52465	1.4437799999999998	0.35052300000000003	-0.18415399999999998	0.958633	-0.217049	0.0	0.33320900000000003	-0.146861	-0.9313450000000001	0.0	-0.924694	-0.24383400000000002	-0.292381	0.0	2.68362	1.4837799999999999	1.23832	0.35975300000000004	
0	-0.025948000000000002	0.9000100000000001	-0.435096	0.0	0.23884499999999997	0.42821800000000004	0.87154	0.0	0.9707110000000001	-0.0813056	-0.22607399999999997	0.0	-2.47847	1.44039	1.4769299999999999	0.353115	-0.190582	0.953464	-0.23363299999999998	0.0	0.35042199999999996	-0.15623900000000002	-0.9234680000000001	0.0	-0.916997	-0.257867	-0.30433899999999997	0.0	2.72435	1.40695	1.19439	0.360325	
0	-0.0270883	0.9017879999999999	-0.431328	0.0	0.233521	0.425256	0.8744280000000001	0.0	0.971974	-0.0770372	-0.222106	0.0	-2.45091	1.40801	1.47973	0.353288	-0.187783	0.925517	-0.328871	0.0	0.371223	-0.243117	-0.8961520000000001	0.0	-0.909358	-0.290366	-0.29791999999999996	0.0	2.73768	1.31837	1.15834	0.35831799999999997	
0	-0.0302751	0.90286	-0.428867	0.0	0.23145100000000002	0.42373500000000003	0.875717	0.0	0.972375	-0.07274939999999999	-0.22179699999999997	0.0	-2.43603	1.39951	1.49355	0.353174	-0.133757	0.877309	-0.46091000000000004	0.0	0.375299	-0.38560700000000003	-0.842887	0.0	-0.9172020000000001	-0.285721	-0.27767600000000003	0.0	2.73903	1.28885	1.1867	0.35790500000000003	
0	-0.0324913	0.903259	-0.427863	0.0	0.227028	0.423569	0.8769540000000001	0.0	0.9733459999999999	-0.06864400000000001	-0.21882800000000002	0.0	-2.4304200000000002	1.39204	1.51652	0.353042	-0.07512039999999999	0.8114859999999999	-0.5795239999999999	0.0	0.37792800000000004	-0.51464	-0.769621	0.0	-0.922783	-0.276832	-0.268023	0.0	2.70687	1.26576	1.26755	0.35895900000000003	
0	-0.0349966	0.9019950000000001	-0.43032600000000004	0.0	0.224823	0.426658	0.876024	0.0	0.9737709999999999	-0.0660893	-0.217721	0.0	-2.42539	1.39134	1.5178200000000002	0.352638	-0.048484	0.7842100000000001	-0.618599	0.0	0.35891999999999996	-0.564281	-0.7434810000000001	0.0	-0.932109	-0.25807399999999997	-0.25411	0.0	2.63015	1.25353	1.3678299999999999	0.360129	
0	-0.0340441	0.9025700000000001	-0.429195	0.0	0.222054	0.425541	0.8772719999999999	0.0	0.97444	-0.0654385	-0.21490599999999999	0.0	-2.42008	1.39225	1.52712	0.352195	-0.050187300000000004	0.755107	-0.653678	0.0	0.34507899999999997	-0.6010840000000001	-0.720846	0.0	-0.9372309999999999	-0.261748	-0.23040500000000003	0.0	2.57776	1.216	1.45102	0.360598	
0	-0.0301289	0.906617	-0.42087700000000006	0.0	0.230814	0.41599899999999995	0.8795850000000001	0.0	0.9725309999999999	-0.0706436	-0.22179400000000002	0.0	-2.42061	1.38916	1.52416	0.35134099999999996	-0.0543054	0.735572	-0.6752670000000001	0.0	0.350673	-0.6191399999999999	-0.702634	0.0	-0.9349219999999999	-0.274954	-0.224322	0.0	2.55228	1.1524299999999998	1.49295	0.360494	
0	-0.0228694	0.9115559999999999	-0.41053999999999996	0.0	0.236026	0.403962	0.8838030000000001	0.0	0.9714780000000001	-0.07668610000000001	-0.22438899999999998	0.0	-2.43364	1.34271	1.5010299999999999	0.350839	-0.053026800000000006	0.720375	-0.691555	0.0	0.35277600000000003	-0.634361	-0.6878479999999999	0.0	-0.934204	-0.280438	-0.220493	0.0	2.54009	1.10846	1.49861	0.360169	
0	-0.0243852	0.912331	-0.40872600000000003	0.0	0.232098	0.402843	0.885352	0.0	0.9723870000000001	-0.07327510000000001	-0.22157399999999997	0.0	-2.44772	1.29768	1.4754200000000002	0.350542	-0.053919600000000005	0.71283	-0.699261	0.0	0.35478899999999997	-0.640911	-0.680705	0.0	-0.933391	-0.28479299999999996	-0.21834699999999999	0.0	2.52862	1.04285	1.48651	0.36004200000000003	
0	-0.0322892	0.909924	-0.413517	0.0	0.227602	0.409557	0.883437	0.0	0.9732190000000001	-0.065592	-0.220325	0.0	-2.44387	1.2896100000000001	1.4662	0.350213	-0.057499800000000004	0.709321	-0.7025359999999999	0.0	0.36190500000000003	-0.641026	-0.676838	0.0	-0.9304399999999999	-0.293169	-0.21984800000000002	0.0	2.52703	0.9944040000000001	1.47043	0.360078	
0	-0.035968099999999996	0.908127	-0.41714799999999996	0.0	0.221121	0.414304	0.882869	0.0	0.974583	-0.060485199999999996	-0.21570799999999998	0.0	-2.44482	1.26793	1.45674	0.350152	-0.0619743	0.70778	-0.703709	0.0	0.367417	-0.639373	-0.67543	0.0	-0.927989	-0.300414	-0.220426	0.0	2.52545	0.955692	1.455	0.360062	
0	-0.0387154	0.9016489999999999	-0.430733	0.0	0.21413800000000002	0.42852799999999996	0.8777870000000001	0.0	0.976036	-0.0582525	-0.209668	0.0	-2.4483599999999996	1.24834	1.45586	0.350174	-0.0640346	0.705912	-0.705399	0.0	0.368615	-0.640131	-0.674059	0.0	-0.927374	-0.303183	-0.219219	0.0	2.52543	0.935958	1.44927	0.360045	
0	-0.0358279	0.9029280000000001	-0.42829700000000004	0.0	0.211866	0.42569300000000004	0.8797149999999999	0.0	0.976642	-0.0592232	-0.206551	0.0	-2.44638	1.23268	1.44716	0.34967	-0.0778911	0.7088260000000001	-0.7010689999999999	0.0	0.36955	-0.632583	-0.6806399999999999	0.0	-0.92594	-0.312096	-0.21267399999999997	0.0	2.52275	0.91937	1.44689	0.35998	
0	0.00770789	0.906242	-0.42268999999999995	0.0	0.257569	0.40664	0.8765290000000001	0.0	0.9662290000000001	-0.115628	-0.23028600000000002	0.0	-2.4725900000000003	1.203	1.23051	0.347569	-0.16930499999999998	0.774014	-0.610112	0.0	0.37745700000000004	-0.520926	-0.765612	0.0	-0.9104180000000001	-0.359914	-0.20396199999999998	0.0	2.47136	0.8222139999999999	1.3065799999999999	0.36002199999999995	
0	0.0691663	0.922083	-0.38076	0.0	0.266404	0.35074099999999997	0.8977799999999999	0.0	0.961377	-0.16353199999999998	-0.221387	0.0	-2.44716	1.05395	0.67275	0.347012	-0.32116500000000003	0.8014819999999999	-0.50446	0.0	0.406136	-0.364642	-0.837908	0.0	-0.8555149999999999	-0.47398599999999996	-0.2084	0.0	2.43057	0.482112	0.756178	0.359246	
0	0.11430599999999999	0.9272600000000001	-0.356543	0.0	0.31197800000000003	0.307234	0.899042	0.0	0.9431879999999999	-0.21399899999999997	-0.25416700000000003	0.0	-2.47304	0.827681	0.13536700000000002	0.346749	-0.360754	0.800595	-0.47843900000000006	0.0	0.428546	-0.313333	-0.84745	0.0	-0.828375	-0.510754	-0.23005599999999998	0.0	2.47444	0.11950699999999999	0.154174	0.359008	
0	0.11030699999999999	0.913301	-0.392063	0.0	0.356962	0.331746	0.873225	0.0	0.927583	-0.236275	-0.28941999999999996	0.0	-2.56078	0.48068500000000003	-0.241444	0.34663099999999997	-0.385421	0.804094	-0.452642	0.0	0.45285	-0.262574	-0.8520459999999999	0.0	-0.803977	-0.533375	-0.262932	0.0	2.63394	-0.306238	-0.328181	0.35794000000000004	
0	0.12912300000000002	0.8941620000000001	-0.428721	0.0	0.33448	0.36773	0.8676969999999999	0.0	0.933515	-0.255438	-0.25159699999999996	0.0	-2.55512	0.293242	-0.181092	0.34686	-0.391581	0.806566	-0.442849	0.0	0.45309099999999997	-0.249871	-0.8557299999999999	0.0	-0.800858	-0.535738	-0.267604	0.0	2.73285	-0.463467	-0.385678	0.358077	
0	0.13967000000000002	0.884706	-0.444733	0.0	0.321338	0.384331	0.865466	0.0	0.936608	-0.26379	-0.23060999999999998	0.0	-2.5434400000000004	0.19803099999999998	-0.0938064	0.347016	-0.40274699999999997	0.803098	-0.439122	0.0	0.457687	-0.23876999999999998	-0.856453	0.0	-0.792665	-0.545914	-0.271404	0.0	2.83193	-0.56096	-0.433859	0.358097	
0	0.14569200000000002	0.8821709999999999	-0.447826	0.0	0.31111700000000003	0.388838	0.867186	0.0	0.9391379999999999	-0.26566799999999996	-0.217808	0.0	-2.5133099999999997	0.10130399999999999	-0.046549400000000005	0.34701	-0.404453	0.807972	-0.42848400000000003	0.0	0.46121899999999993	-0.22437600000000002	-0.858448	0.0	-0.7897430000000001	-0.5448270000000001	-0.281903	0.0	2.92603	-0.6014149999999999	-0.445032	0.358315	
0	0.146601	0.8852450000000001	-0.44141800000000003	0.0	0.310998	0.382364	0.870102	0.0	0.9390360000000001	-0.264838	-0.219255	0.0	-2.50242	0.05300359999999999	-0.07161010000000001	0.34712800000000005	-0.401909	0.808792	-0.429331	0.0	0.466008	-0.22294299999999997	-0.856232	0.0	-0.78823	-0.544199	-0.28730100000000003	0.0	2.99096	-0.646667	-0.4823	0.358186	
0	0.147738	0.8850790000000001	-0.441371	0.0	0.310256	0.382268	0.87041	0.0	0.939103	-0.26553000000000004	-0.21812600000000001	0.0	-2.49874	0.0374142	-0.0973415	0.34714	-0.400427	0.810556	-0.427385	0.0	0.46563000000000004	-0.221717	-0.856756	0.0	-0.789207	-0.542071	-0.288638	0.0	3.0030900000000003	-0.658117	-0.496511	0.358389	
0	0.147697	0.885109	-0.441325	0.0	0.31028	0.382225	0.8704200000000001	0.0	0.939102	-0.265493	-0.218178	0.0	-2.49885	0.037864999999999996	-0.0967669	0.347138	-0.400442	0.810523	-0.427433	0.0	0.46562200000000004	-0.221766	-0.8567469999999999	0.0	-0.789203	-0.5421	-0.288593	0.0	3.00285	-0.657791	-0.496146	0.358387	
0	0.147697	0.885109	-0.441325	0.0	0.31028	0.382225	0.8704200000000001	0.0	0.939102	-0.265493	-0.218178	0.0	-2.49885	0.037865800000000005	-0.0967643	0.347139	-0.400443	0.8105220000000001	-0.427433	0.0	0.46562200000000004	-0.22176700000000002	-0.8567469999999999	0.0	-0.789203	-0.542101	-0.288592	0.0	3.00284	-0.65779	-0.496144	0.358387	
0	0.147697	0.885109	-0.441325	0.0	0.31028	0.382225	0.8704200000000001	0.0	0.939102	-0.265493	-0.218178	0.0	-2.49885	0.0378659	-0.0967642	0.347139	-0.400443	0.8105220000000001	-0.427433	0.0	0.46562200000000004	-0.22176700000000002	-0.8567469999999999	0.0	-0.789203	-0.542101	-0.288592	0.0	3.00284	-0.65779	-0.496144	0.358387	
0	0.147697	0.885109	-0.441325	0.0	0.31028	0.382225	0.8704200000000001	0.0	0.939102	-0.265493	-0.218178	0.0	-2.49885	0.037866500000000004	-0.096764	0.347138	-0.400443	0.8105220000000001	-0.427433	0.0	0.46562200000000004	-0.22176700000000002	-0.8567469999999999	0.0	-0.789203	-0.542101	-0.288592	0.0	3.00284	-0.65779	-0.496144	0.358387	
0	0.147697	0.885109	-0.441325	0.0	0.31028	0.382225	0.8704200000000001	0.0	0.939102	-0.265493	-0.21817899999999998	0.0	-2.49885	0.037866000000000004	-0.0967642	0.347139	-0.400443	0.8105220000000001	-0.427433	0.0	0.46562200000000004	-0.22176700000000002	-0.8567469999999999	0.0	-0.789203	-0.542101	-0.288592	0.0	3.00284	-0.65779	-0.496144	0.358387	
0	0.147697	0.885109	-0.441325	0.0	0.31028	0.382225	0.8704200000000001	0.0	0.939102	-0.265493	-0.218178	0.0	-2.49885	0.037866199999999996	-0.0967642	0.347139	-0.400443	0.8105220000000001	-0.427433	0.0	0.46562200000000004	-0.22176700000000002	-0.8567469999999999	0.0	-0.789203	-0.542101	-0.288592	0.0	3.00284	-0.65779	-0.496144	0.358387	
0	0.147697	0.885109	-0.441325	0.0	0.31028	0.382225	0.8704200000000001	0.0	0.939102	-0.265493	-0.218178	0.0	-2.49885	0.0378659	-0.09676439999999999	0.347139	-0.400443	0.8105220000000001	-0.427433	0.0	0.46562200000000004	-0.22176700000000002	-0.8567469999999999	0.0	-0.789203	-0.542101	-0.288592	0.0	3.00284	-0.65779	-0.496144	0.358387	
0	0.147697	0.885109	-0.441325	0.0	0.31028	0.382225	0.8704200000000001	0.0	0.939102	-0.265493	-0.21817899999999998	0.0	-2.49885	0.037865699999999995	-0.0967642	0.347139	-0.400443	0.8105220000000001	-0.427433	0.0	0.46562200000000004	-0.22176700000000002	-0.8567469999999999	0.0	-0.789203	-0.542101	-0.288592	0.0	3.00284	-0.65779	-0.496144	0.358387	
0	0.147697	0.885109	-0.441325	0.0	0.31028	0.382225	0.8704200000000001	0.0	0.939102	-0.265493	-0.218178	0.0	-2.49885	0.037866000000000004	-0.0967645	0.347139	-0.400443	0.8105220000000001	-0.427433	0.0	0.46562200000000004	-0.22176700000000002	-0.8567469999999999	0.0	-0.789203	-0.542101	-0.288592	0.0	3.00284	-0.65779	-0.496144	0.358387	
0	0.147697	0.885109	-0.441325	0.0	0.31028	0.382225	0.8704200000000001	0.0	0.939102	-0.265493	-0.21817899999999998	0.0	-2.49885	0.0378661	-0.0967643	0.347139	-0.400443	0.8105220000000001	-0.427433	0.0	0.46562200000000004	-0.22176700000000002	-0.8567469999999999	0.0	-0.789203	-0.542101	-0.288592	0.0	3.00284	-0.65779	-0.496144	0.358387	
0	0.147697	0.885109	-0.441325	0.0	0.31028	0.382225	0.8704200000000001	0.0	0.939102	-0.265493	-0.218178	0.0	-2.49885	0.037865699999999995	-0.0967647	0.347139	-0.400443	0.8105220000000001	-0.427433	0.0	0.46562200000000004	-0.22176700000000002	-0.8567469999999999	0.0	-0.789203	-0.542101	-0.288592	0.0	3.00284	-0.65779	-0.496144	0.358387	
0	0.147697	0.885109	-0.441325	0.0	0.31028	0.382225	0.8704200000000001	0.0	0.939102	-0.265493	-0.218178	0.0	-2.49885	0.0378663	-0.0967642	0.347139	-0.400443	0.8105220000000001	-0.427433	0.0	0.46562200000000004	-0.22176700000000002	-0.8567469999999999	0.0	-0.789203	-0.542101	-0.288592	0.0	3.00284	-0.65779	-0.496144	0.358387	
0	0.147697	0.885109	-0.441325	0.0	0.31028	0.382225	0.8704200000000001	0.0	0.939102	-0.265493	-0.218178	0.0	-2.49885	0.0378664	-0.0967641	0.347139	-0.400443	0.8105220000000001	-0.427433	0.0	0.46562200000000004	-0.22176700000000002	-0.8567469999999999	0.0	-0.789203	-0.542101	-0.288592	0.0	3.00284	-0.65779	-0.496144	0.358387	
0	0.147697	0.885109	-0.441325	0.0	0.31028	0.382225	0.8704200000000001	0.0	0.939102	-0.265493	-0.21817899999999998	0.0	-2.49885	0.0378661	-0.096764	0.347139	-0.400443	0.8105220000000001	-0.427433	0.0	0.46562200000000004	-0.22176700000000002	-0.8567469999999999	0.0	-0.789203	-0.542101	-0.288592	0.0	3.00284	-0.65779	-0.496145	0.358387	
0	-0.15412	0.928752	-0.337144	0.0	0.0831008	0.352196	0.9322299999999999	0.0	0.9845510000000001	0.115658	-0.13146	0.0	-2.47571	0.0223176	-0.173423	0.342775	0.0126705	0.929796	-0.367858	0.0	0.251906	-0.35899000000000003	-0.898705	0.0	-0.967669	-0.0812784	-0.23876999999999998	0.0	2.96076	-0.630523	-0.474897	0.34967600000000004	
0	-0.15044200000000002	0.9262319999999999	-0.345631	0.0	0.0785783	0.359707	0.929751	0.0	0.985491	0.11271400000000001	-0.126897	0.0	-2.42984	0.012134	-0.195766	0.34274699999999997	-0.00372756	0.925717	-0.378198	0.0	0.247525	-0.365577	-0.897265	0.0	-0.968875	-0.0969578	-0.227775	0.0	2.94892	-0.6520600000000001	-0.474732	0.34978200000000004	
0	-0.128018	0.9282959999999999	-0.349109	0.0	0.08771910000000001	0.361224	0.9283440000000001	0.0	0.987885	0.08822139999999999	-0.127672	0.0	-2.4203900000000003	0.00372029	-0.23771799999999998	0.340818	-0.00312656	0.916559	-0.399888	0.0	0.24309499999999998	-0.387198	-0.8893719999999999	0.0	-0.9699979999999999	-0.0999913	-0.2216	0.0	2.93321	-0.680979	-0.504312	0.350067	
0	-0.11038099999999999	0.9297540000000001	-0.351245	0.0	0.0977943	0.36185	0.9270930000000001	0.0	0.989066	0.06798380000000001	-0.130866	0.0	-2.44128	-0.0222856	-0.294184	0.339816	-0.00494003	0.9133760000000001	-0.407087	0.0	0.242827	-0.393812	-0.8865370000000001	0.0	-0.970057	-0.10323099999999999	-0.219847	0.0	2.92218	-0.688376	-0.520471	0.35038400000000003	
0	-0.0842687	0.928185	-0.362452	0.0	0.121001	0.370586	0.920883	0.0	0.9890690000000001	0.0337444	-0.14354	0.0	-2.47653	-0.09826060000000002	-0.467179	0.338227	-0.0115439	0.9048700000000001	-0.42553199999999997	0.0	0.24531399999999998	-0.40999300000000005	-0.8784799999999999	0.0	-0.969375	-0.11452999999999999	-0.217244	0.0	2.8861	-0.703278	-0.603164	0.351772	
0	-0.05490080000000001	0.9294479999999999	-0.364846	0.0	0.168428	0.368782	0.9141290000000001	0.0	0.9841840000000001	-0.0112639	-0.176791	0.0	-2.51344	-0.20358199999999999	-0.789248	0.338149	-0.038375599999999996	0.894977	-0.44446	0.0	0.25845500000000005	-0.42076199999999997	-0.869575	0.0	-0.965261	-0.148243	-0.215164	0.0	2.84125	-0.779887	-0.817492	0.354584	
0	6.16163e-05	0.917507	-0.397721	0.0	0.246811	0.385403	0.889128	0.0	0.9690639999999999	-0.09821669999999999	-0.226427	0.0	-2.5176	-0.335633	-1.17021	0.341926	-0.088711	0.871189	-0.482867	0.0	0.309393	-0.436698	-0.8447309999999999	0.0	-0.946787	-0.224333	-0.2308	0.0	2.78193	-0.9611200000000001	-1.16354	0.356754	
0	0.0674622	0.887747	-0.455362	0.0	0.334056	0.40996099999999996	0.848727	0.0	0.9401360000000001	-0.20937399999999998	-0.268901	0.0	-2.56225	-0.624165	-1.6195	0.346881	-0.138104	0.840065	-0.524613	0.0	0.34378600000000004	-0.456095	-0.8208469999999999	0.0	-0.9288370000000001	-0.293717	-0.225814	0.0	2.74225	-1.24978	-1.59999	0.358109	
0	0.112451	0.8404159999999999	-0.530147	0.0	0.396338	0.451317	0.7995180000000001	0.0	0.911192	-0.30002399999999996	-0.28233800000000003	0.0	-2.61335	-0.964318	-2.0381099999999996	0.348691	-0.21054299999999998	0.7872060000000001	-0.5796359999999999	0.0	0.349396	-0.49316800000000005	-0.7966850000000001	0.0	-0.913014	-0.370259	-0.171214	0.0	2.6819900000000003	-1.62466	-1.95678	0.35956	
0	0.141404	0.8177399999999999	-0.557948	0.0	0.406912	0.46578500000000006	0.785791	0.0	0.902457	-0.338149	-0.266884	0.0	-2.6375	-1.2377	-2.3243099999999997	0.348855	-0.278738	0.747323	-0.603169	0.0	0.371179	-0.49542299999999995	-0.785356	0.0	-0.8857379999999999	-0.442792	-0.139297	0.0	2.6406099999999997	-1.9662099999999998	-2.2349099999999997	0.359846	
0	0.170529	0.8058489999999999	-0.567034	0.0	0.40581799999999996	0.466954	0.785663	0.0	0.897904	-0.364091	-0.247398	0.0	-2.6360099999999997	-1.47635	-2.43165	0.34918899999999997	-0.336074	0.710328	-0.6184569999999999	0.0	0.390685	-0.49235	-0.7777890000000001	0.0	-0.8569829999999999	-0.503017	-0.112049	0.0	2.6441	-2.3365	-2.4723900000000003	0.35993	
0	0.20581999999999998	0.801704	-0.561168	0.0	0.41582700000000006	0.44745	0.791755	0.0	0.885848	-0.396308	-0.24127600000000002	0.0	-2.6387099999999997	-1.67085	-2.42791	0.349247	-0.350823	0.699117	-0.623024	0.0	0.407138	-0.485267	-0.773792	0.0	-0.843304	-0.525121	-0.11439400000000001	0.0	2.65341	-2.56829	-2.6392	0.35979099999999997	
0	0.240855	0.790588	-0.562992	0.0	0.426509	0.434841	0.793097	0.0	0.871825	-0.43114300000000005	-0.23245900000000003	0.0	-2.6642900000000003	-1.77889	-2.4232400000000003	0.349787	-0.353747	0.697231	-0.623484	0.0	0.413101	-0.48158599999999996	-0.772931	0.0	-0.8391719999999999	-0.530984	-0.11766700000000001	0.0	2.65691	-2.67613	-2.70947	0.35993800000000004	
0	0.310438	0.78593	-0.534736	0.0	0.45276099999999997	0.372377	0.81015	0.0	0.8358450000000001	-0.493609	-0.240238	0.0	-2.76104	-1.93048	-2.39958	0.350244	-0.375753	0.69057	-0.618	0.0	0.430475	-0.46048999999999995	-0.776299	0.0	-0.8206709999999999	-0.5577300000000001	-0.124243	0.0	2.68303	-2.89443	-2.78695	0.359601	
0	0.42335500000000004	0.760931	-0.49168599999999996	0.0	0.46613699999999997	0.28241700000000003	0.838425	0.0	0.776844	-0.584144	-0.23513499999999998	0.0	-2.84495	-2.00045	-2.38223	0.349623	-0.401742	0.68169	-0.611476	0.0	0.439067	-0.442589	-0.781879	0.0	-0.8036310000000001	-0.582593	-0.121501	0.0	2.7397299999999998	-2.99931	-2.77589	0.359377	
0	0.44355600000000006	0.760746	-0.47384	0.0	0.47153100000000003	0.251526	0.845218	0.0	0.762179	-0.598332	-0.24714899999999998	0.0	-2.87946	-2.0003900000000003	-2.4055400000000002	0.349341	-0.40282199999999996	0.681013	-0.6115189999999999	0.0	0.44150100000000003	-0.44068	-0.781587	0.0	-0.801755	-0.5848270000000001	-0.123153	0.0	2.7703900000000004	-3.0258599999999998	-2.75908	0.359205	
0	0.501143	0.744502	-0.441104	0.0	0.46030299999999996	0.202303	0.8644040000000001	0.0	0.732788	-0.636231	-0.241313	0.0	-2.88964	-2.01812	-2.41972	0.349796	-0.401751	0.684055	-0.608823	0.0	0.440168	-0.43874799999999997	-0.783423	0.0	-0.803024	-0.5827260000000001	-0.124832	0.0	2.78154	-3.0424	-2.77294	0.359059	
0	0.598317	0.700372	-0.389225	0.0	0.419013	0.14056300000000002	0.897034	0.0	0.682968	-0.699801	-0.209364	0.0	-2.8885099999999997	-2.07591	-2.43025	0.34925300000000004	-0.40220900000000004	0.683608	-0.6090220000000001	0.0	0.44039300000000003	-0.43873100000000004	-0.7833060000000001	0.0	-0.802672	-0.583262	-0.12459400000000001	0.0	2.7812900000000003	-3.0464700000000002	-2.77326	0.359	
0	0.718688	0.647396	-0.253706	0.0	0.30595100000000003	0.0332249	0.9514670000000001	0.0	0.624406	-0.761429	-0.17419300000000001	0.0	-2.79885	-2.1073	-2.4355700000000002	0.348946	-0.403305	0.682171	-0.609908	0.0	0.44002399999999997	-0.43982200000000005	-0.7829020000000001	0.0	-0.8023239999999999	-0.584122	-0.12278900000000001	0.0	2.7779599999999998	-3.03919	-2.76004	0.359073	
0	0.801358	0.5850350000000001	-0.124741	0.0	0.17516900000000002	-0.030114699999999998	0.9840780000000001	0.0	0.571963	-0.810449	-0.126613	0.0	-2.67957	-2.12988	-2.46145	0.348317	-0.402886	0.682407	-0.6099220000000001	0.0	0.44008	-0.439871	-0.7828430000000001	0.0	-0.802504	-0.583811	-0.123096	0.0	2.77616	-3.04288	-2.76946	0.35888400000000004	
0	0.8453120000000001	0.5333479999999999	-0.0314326	0.0	0.063449	-0.0417973	0.997109	0.0	0.530492	-0.8448629999999999	-0.0691721	0.0	-2.53401	-2.20478	-2.46207	0.349124	-0.402823	0.681791	-0.610651	0.0	0.43868	-0.441737	-0.782578	0.0	-0.8033020000000001	-0.583121	-0.121147	0.0	2.7671099999999997	-3.0447900000000003	-2.76818	0.358962	
0	0.8606159999999999	0.507251	0.0451257	0.0	-0.021607599999999998	-0.05215940000000001	0.9984049999999999	0.0	0.508796	-0.860218	-0.0339287	0.0	-2.4351700000000003	-2.30717	-2.50787	0.349023	-0.403042	0.6802189999999999	-0.612258	0.0	0.436554	-0.44508500000000006	-0.7818689999999999	0.0	-0.804349	-0.58241	-0.11756400000000002	0.0	2.7542	-3.0388900000000003	-2.75303	0.358712	
0	0.888754	0.438692	0.132913	0.0	-0.11943599999999999	-0.0583184	0.9911280000000001	0.0	0.442551	-0.8967430000000001	0.000565082	0.0	-2.3460799999999997	-2.46007	-2.5063400000000002	0.34821799999999997	-0.403251	0.679126	-0.613333	0.0	0.43719300000000005	-0.445824	-0.781092	0.0	-0.803898	-0.58312	-0.11713	0.0	2.74785	-3.03649	-2.74253	0.358771	
0	0.8967790000000001	0.396627	0.19614700000000002	0.0	-0.182935	-0.0712942	0.9805370000000001	0.0	0.40289200000000003	-0.915207	0.00862187	0.0	-2.34076	-2.60437	-2.54522	0.34669099999999997	-0.403833	0.677433	-0.61482	0.0	0.43716800000000006	-0.447457	-0.7801710000000001	0.0	-0.803619	-0.583839	-0.115455	0.0	2.74098	-3.03187	-2.73731	0.358819	
0	0.89786	0.368605	0.240787	0.0	-0.23520100000000002	-0.060761	0.970046	0.0	0.372194	-0.9275979999999999	0.0321414	0.0	-2.36665	-2.7136	-2.56295	0.345854	-0.40415700000000004	0.6760510000000001	-0.6161270000000001	0.0	0.43648400000000004	-0.44940699999999995	-0.779433	0.0	-0.803828	-0.583942	-0.113455	0.0	2.7286900000000003	-3.0257	-2.73121	0.358699	
0	0.897999	0.348669	0.268379	0.0	-0.270895	-0.0425293	0.961669	0.0	0.34671799999999997	-0.9362809999999999	0.05626130000000001	0.0	-2.38081	-2.77926	-2.54737	0.329594	-0.40433600000000003	0.673632	-0.618654	0.0	0.436309	-0.45242	-0.7777850000000001	0.0	-0.803833	-0.584411	-0.110982	0.0	2.70781	-3.01769	-2.72534	0.358473	
0	0.8979540000000001	0.291419	0.329779	0.0	-0.337376	-0.0253375	0.9410290000000001	0.0	0.282589	-0.95626	0.0755658	0.0	-2.437	-2.83747	-2.53345	0.314348	-0.40533600000000003	0.670434	-0.621467	0.0	0.43584700000000004	-0.455851	-0.776039	0.0	-0.803579	-0.585422	-0.10743399999999999	0.0	2.68856	-3.00731	-2.70958	0.358593	
0	0.89654	0.235237	0.37534	0.0	-0.379415	-0.029493799999999997	0.9247569999999999	0.0	0.228607	-0.971491	0.0628099	0.0	-2.47319	-2.86751	-2.5453900000000003	0.29670100000000005	-0.406489	0.666928	-0.624479	0.0	0.435708	-0.459269	-0.7741	0.0	-0.8030729999999999	-0.586753	-0.103898	0.0	2.68503	-3.0002299999999997	-2.69747	0.358491	
0	0.896755	0.23374699999999998	0.375756	0.0	-0.38095100000000004	-0.024308700000000003	0.924276	0.0	0.22518000000000002	-0.971994	0.067247	0.0	-2.46769	-2.87427	-2.55537	0.313101	-0.407569	0.663231	-0.627704	0.0	0.436827	-0.46203599999999995	-0.7718189999999999	0.0	-0.801916	-0.5887680000000001	-0.101406	0.0	2.68215	-2.9958299999999998	-2.69003	0.358423	
0	0.8978520000000001	0.232408	0.373963	0.0	-0.37919200000000003	-0.0235115	0.925019	0.0	0.223775	-0.972334	0.06701760000000001	0.0	-2.46223	-2.87681	-2.56067	0.323782	-0.408037	0.660968	-0.629784	0.0	0.438292	-0.463312	-0.7702220000000001	0.0	-0.800878	-0.5903079999999999	-0.100648	0.0	2.68094	-2.9885599999999997	-2.67994	0.358192	
0	0.8961600000000001	0.24873	0.367465	0.0	-0.376475	-0.0121336	0.9263469999999999	0.0	0.234869	-0.9684969999999999	0.0827669	0.0	-2.46985	-2.8787	-2.5655200000000002	0.32017399999999996	-0.410685	0.652246	-0.637113	0.0	0.440935	-0.469542	-0.7649229999999999	0.0	-0.7980689999999999	-0.595068	-0.09476489999999999	0.0	2.67027	-2.95915	-2.67225	0.358282	
0	0.8805370000000001	0.42111800000000005	0.21751900000000002	0.0	-0.262787	0.0518203	0.963462	0.0	0.394459	-0.905525	0.15629400000000002	0.0	-2.55801	-2.8994400000000002	-2.41672	0.28689000000000003	-0.372113	0.652241	-0.660389	0.0	0.44073500000000004	-0.501996	-0.744146	0.0	-0.816875	-0.567963	-0.10066699999999999	0.0	2.65645	-2.85317	-2.6884	0.357931	
0	0.753667	0.653008	-0.07461489999999998	0.0	-0.022771	0.139399	0.989974	0.0	0.656862	-0.744412	0.11993	0.0	-2.60627	-2.72301	-2.31313	0.268871	-0.23563699999999999	0.7063159999999999	-0.667528	0.0	0.393266	-0.558819	-0.730112	0.0	-0.888716	-0.434558	-0.146092	0.0	2.6564099999999997	-2.58608	-2.77791	0.358425	
0	0.321402	0.8451700000000001	-0.42707	0.0	0.18415399999999998	0.38660300000000003	0.903674	0.0	0.9288639999999999	-0.369089	-0.0313864	0.0	-2.66099	-2.19686	-2.4414700000000003	0.271633	-0.06983239999999999	0.741835	-0.666937	0.0	0.30974	-0.6194	-0.721391	0.0	-0.948254	-0.25695300000000004	-0.186522	0.0	2.67963	-2.21583	-2.98028	0.35836999999999997	
0	-0.179834	0.765203	-0.618162	0.0	0.155003	0.642599	0.75036	0.0	0.9714079999999999	0.039123000000000005	-0.23417	0.0	-2.80777	-1.5133	-2.71188	0.348973	-0.035049000000000004	0.761914	-0.64673	0.0	0.29801	-0.609719	-0.7344609999999999	0.0	-0.9539190000000001	-0.21847399999999997	-0.205688	0.0	2.77909	-2.11968	-3.15213	0.35420100000000004	
0	-0.212389	0.7418859999999999	-0.636	0.0	0.149824	0.667877	0.729036	0.0	0.9656309999999999	0.059551	-0.25300300000000003	0.0	-2.95843	-1.2516200000000002	-2.73907	0.34618499999999996	-0.0463009	0.743226	-0.667437	0.0	0.295667	-0.628019	-0.719843	0.0	-0.954168	-0.23066799999999998	-0.19067	0.0	2.85575	-2.22676	-3.17972	0.354285	
0	-0.21197600000000003	0.744572	-0.632991	0.0	0.133507	0.663701	0.735987	0.0	0.9681129999999999	0.0715028	-0.24009499999999998	0.0	-2.9310400000000003	-1.21164	-2.6992	0.34626	-0.0480685	0.732699	-0.6788529999999999	0.0	0.284156	-0.641525	-0.712531	0.0	-0.957572	-0.22715	-0.17736400000000002	0.0	2.83826	-2.2574799999999997	-3.15856	0.353763	
0	-0.182284	0.732298	-0.656135	0.0	0.149068	0.680183	0.717725	0.0	0.971881	0.0330212	-0.23314899999999997	0.0	-2.8380799999999997	-1.36694	-2.68594	0.348957	-0.05152	0.729587	-0.681945	0.0	0.28521799999999997	-0.643662	-0.7101770000000001	0.0	-0.9570770000000001	-0.231091	-0.17493	0.0	2.7679099999999996	-2.22179	-3.11426	0.353611	
0	-0.171543	0.7321340000000001	-0.659207	0.0	0.146637	0.680647	0.717787	0.0	0.974203	0.026467200000000003	-0.22411799999999998	0.0	-2.76384	-1.41486	-2.6812400000000003	0.35138800000000003	-0.0522367	0.731401	-0.679944	0.0	0.291716	-0.64	-0.710846	0.0	-0.9550770000000001	-0.235483	-0.17993	0.0	2.77083	-2.2164200000000003	-3.11173	0.353812	
0	-0.170036	0.732949	-0.65869	0.0	0.151061	0.6799109999999999	0.717567	0.0	0.973791	0.022509900000000003	-0.22633000000000003	0.0	-2.72167	-1.43166	-2.66666	0.351074	-0.052269100000000006	0.731667	-0.679655	0.0	0.298761	-0.637958	-0.709755	0.0	-0.952896	-0.240152	-0.185248	0.0	2.8043400000000003	-2.20425	-3.10893	0.354036	
0	-0.17244600000000002	0.732705	-0.6583359999999999	0.0	0.154685	0.6802	0.7165199999999999	0.0	0.9727979999999999	0.0217262	-0.230636	0.0	-2.74078	-1.42975	-2.6654400000000003	0.351184	-0.0523444	0.7318319999999999	-0.6794720000000001	0.0	0.301822	-0.63699	-0.709328	0.0	-0.951926	-0.242209	-0.18754	0.0	2.8160000000000003	-2.18139	-3.10193	0.353985	
0	-0.177101	0.72647	-0.663985	0.0	0.145282	0.686556	0.712414	0.0	0.973411	0.029704400000000002	-0.227133	0.0	-2.72732	-1.4358899999999999	-2.6732	0.351771	-0.051114099999999996	0.7327100000000001	-0.678618	0.0	0.304981	-0.635595	-0.709229	0.0	-0.9509860000000001	-0.24321700000000002	-0.190975	0.0	2.81943	-2.16288	-3.09552	0.35433000000000003	
0	-0.153054	0.73982	-0.6551640000000001	0.0	0.150922	0.6726979999999999	0.724362	0.0	0.976625	0.0119877	-0.214614	0.0	-2.7063	-1.4460899999999999	-2.59869	0.352104	-0.050498699999999994	0.733176	-0.678161	0.0	0.308138	-0.634463	-0.708878	0.0	-0.95	-0.244765	-0.19388	0.0	2.82185	-2.17184	-3.1005599999999998	0.35439299999999996	
0	-0.0918118	0.775255	-0.6249399999999999	0.0	0.171531	0.630522	0.75698	0.0	0.980891	-0.0376972	-0.19087	0.0	-2.69456	-1.53515	-2.54667	0.35378000000000004	-0.047710699999999995	0.729892	-0.681895	0.0	0.305406	-0.63932	-0.705689	0.0	-0.951026	-0.24192399999999997	-0.192411	0.0	2.83065	-2.1815700000000002	-3.10023	0.35418299999999997	
0	-0.058602800000000003	0.781377	-0.621301	0.0	0.141733	0.622579	0.7696149999999999	0.0	0.9881690000000001	-0.042957499999999996	-0.147232	0.0	-2.62851	-1.5882	-2.45531	0.353373	-0.050600599999999996	0.721073	-0.69101	0.0	0.295097	-0.650208	-0.700105	0.0	-0.9541270000000001	-0.23934	-0.179885	0.0	2.80925	-2.16595	-3.05579	0.353904	
0	-0.0555641	0.789628	-0.611065	0.0	0.150318	0.61165	0.776717	0.0	0.987075	-0.0486962	-0.15268099999999998	0.0	-2.6147400000000003	-1.61238	-2.43055	0.353649	-0.048618699999999994	0.725775	-0.686212	0.0	0.298137	-0.6451600000000001	-0.703479	0.0	-0.953284	-0.238787	-0.185014	0.0	2.7915900000000002	-2.16361	-3.0545	0.354283	
0	-0.055933500000000004	0.7925439999999999	-0.607244	0.0	0.151472	0.607892	0.779438	0.0	0.986878	-0.048383999999999996	-0.15405	0.0	-2.6227099999999997	-1.63362	-2.44485	0.353486	-0.0486588	0.7295729999999999	-0.6821699999999999	0.0	0.300836	-0.640559	-0.706529	0.0	-0.952434	-0.2396	-0.188313	0.0	2.79292	-2.20617	-3.0901099999999997	0.35463	
0	-0.057583100000000005	0.796221	-0.602259	0.0	0.155368	0.603057	0.782421	0.0	0.9861770000000001	-0.0485176	-0.158433	0.0	-2.6166400000000003	-1.64142	-2.4716400000000003	0.352812	-0.0503801	0.728128	-0.683587	0.0	0.304203	-0.640746	-0.704915	0.0	-0.951274	-0.243463	-0.189218	0.0	2.80875	-2.24217	-3.11461	0.35447399999999996	
0	-0.05840650000000001	0.7953560000000001	-0.603322	0.0	0.151648	0.604409	0.782108	0.0	0.986707	-0.04581230000000001	-0.155915	0.0	-2.60046	-1.6468599999999998	-2.48202	0.352837	-0.0509663	0.726792	-0.684964	0.0	0.305304	-0.641684	-0.703585	0.0	-0.95089	-0.244981	-0.18918800000000002	0.0	2.80982	-2.25637	-3.12544	0.35444200000000003	
0	-0.0567605	0.791225	-0.6088859999999999	0.0	0.149201	0.609742	0.7784300000000001	0.0	0.9871770000000001	-0.0466626	-0.152661	0.0	-2.58358	-1.6559099999999998	-2.49283	0.352608	-0.050906400000000004	0.723604	-0.688336	0.0	0.303637	-0.645389	-0.700912	0.0	-0.951427	-0.24468499999999999	-0.186858	0.0	2.8061700000000003	-2.27007	-3.1089700000000002	0.354549	
0	-0.0498556	0.792136	-0.608305	0.0	0.153103	0.607925	0.779093	0.0	0.986952	-0.054291099999999995	-0.151587	0.0	-2.57649	-1.6642700000000001	-2.46522	0.352583	-0.050073900000000005	0.724666	-0.687278	0.0	0.30247399999999997	-0.644821	-0.701937	0.0	-0.951842	-0.24303200000000003	-0.186904	0.0	2.79826	-2.27475	-3.10087	0.354473	
0	-0.0408582	0.7894359999999999	-0.612472	0.0	0.152162	0.61075	0.777065	0.0	0.987511	-0.06144550000000001	-0.145076	0.0	-2.56509	-1.68346	-2.39	0.35291500000000003	-0.050867199999999994	0.723245	-0.688715	0.0	0.302717	-0.6459999999999999	-0.700747	0.0	-0.951722	-0.244131	-0.186079	0.0	2.79161	-2.2812900000000003	-3.10301	0.354506	
0	-0.040489599999999994	0.789329	-0.612634	0.0	0.152246	0.610851	0.7769699999999999	0.0	0.987513	-0.061812	-0.144905	0.0	-2.56521	-1.6844700000000001	-2.38695	0.352979	-0.050747	0.723133	-0.688842	0.0	0.302584	-0.64618	-0.700639	0.0	-0.9517709999999999	-0.243988	-0.18601700000000002	0.0	2.7918	-2.28111	-3.1030900000000003	0.354515	
0	-0.040488699999999996	0.789329	-0.612634	0.0	0.152245	0.610851	0.7769699999999999	0.0	0.987513	-0.0618119	-0.144904	0.0	-2.56522	-1.68445	-2.38702	0.352978	-0.0507467	0.723133	-0.688842	0.0	0.302584	-0.646181	-0.700639	0.0	-0.9517709999999999	-0.24398699999999998	-0.18601700000000002	0.0	2.79181	-2.28111	-3.1030900000000003	0.354515	
0	-0.0404889	0.789329	-0.612634	0.0	0.152245	0.610851	0.7769699999999999	0.0	0.987513	-0.0618119	-0.144904	0.0	-2.56522	-1.68445	-2.38702	0.352978	-0.0507467	0.723133	-0.688842	0.0	0.302584	-0.646181	-0.700639	0.0	-0.9517709999999999	-0.24398699999999998	-0.18601700000000002	0.0	2.79181	-2.28111	-3.1030900000000003	0.354515	
0	-0.04048909999999999	0.789329	-0.612634	0.0	0.152245	0.610851	0.7769699999999999	0.0	0.987513	-0.06181180000000001	-0.144904	0.0	-2.56522	-1.68445	-2.38702	0.352979	-0.0507467	0.723133	-0.688842	0.0	0.302584	-0.646181	-0.700639	0.0	-0.9517709999999999	-0.24398699999999998	-0.18601700000000002	0.0	2.79181	-2.28111	-3.1030900000000003	0.354515	
0	-0.0404889	0.789329	-0.612634	0.0	0.152245	0.610851	0.7769699999999999	0.0	0.987513	-0.06181180000000001	-0.144904	0.0	-2.56522	-1.68445	-2.38702	0.352978	-0.0507466	0.723133	-0.688842	0.0	0.302583	-0.646181	-0.700639	0.0	-0.9517709999999999	-0.24398699999999998	-0.18601700000000002	0.0	2.79181	-2.28111	-3.1030900000000003	0.354515	
0	-0.0404889	0.789329	-0.612634	0.0	0.152245	0.610851	0.7769699999999999	0.0	0.987513	-0.06181180000000001	-0.144904	0.0	-2.56522	-1.68445	-2.38702	0.352978	-0.0507467	0.723133	-0.688842	0.0	0.302584	-0.646181	-0.700639	0.0	-0.9517709999999999	-0.24398699999999998	-0.18601700000000002	0.0	2.79181	-2.28111	-3.1030900000000003	0.354515	
0	-0.0404889	0.789329	-0.612634	0.0	0.152245	0.610851	0.7769699999999999	0.0	0.987513	-0.06181180000000001	-0.144904	0.0	-2.56522	-1.68445	-2.38702	0.352978	-0.0507467	0.723133	-0.688842	0.0	0.302584	-0.646181	-0.700639	0.0	-0.9517709999999999	-0.24398699999999998	-0.18601700000000002	0.0	2.79181	-2.28111	-3.1030900000000003	0.354515	
0	-0.0404889	0.789329	-0.612634	0.0	0.152245	0.610851	0.7769699999999999	0.0	0.987513	-0.06181180000000001	-0.144904	0.0	-2.56522	-1.68445	-2.38702	0.352978	-0.0507467	0.723133	-0.688842	0.0	0.302584	-0.646181	-0.700639	0.0	-0.9517709999999999	-0.24398699999999998	-0.18601700000000002	0.0	2.79181	-2.28111	-3.1030900000000003	0.354515	
0	-0.04048909999999999	0.789329	-0.612634	0.0	0.152245	0.610851	0.7769699999999999	0.0	0.987513	-0.06181180000000001	-0.144904	0.0	-2.56522	-1.68445	-2.38702	0.352979	-0.0507467	0.723133	-0.688842	0.0	0.302584	-0.646181	-0.700639	0.0	-0.9517709999999999	-0.24398699999999998	-0.18601700000000002	0.0	2.79181	-2.28111	-3.1030900000000003	0.354515	
0	-0.04048909999999999	0.789329	-0.612634	0.0	0.152245	0.610851	0.7769699999999999	0.0	0.987513	-0.06181180000000001	-0.144904	0.0	-2.56522	-1.68445	-2.38702	0.352979	-0.0507467	0.723133	-0.688842	0.0	0.302584	-0.646181	-0.700639	0.0	-0.9517709999999999	-0.24398699999999998	-0.18601700000000002	0.0	2.79181	-2.28111	-3.1030900000000003	0.354515	
0	-0.0404889	0.789329	-0.612634	0.0	0.152245	0.610851	0.7769699999999999	0.0	0.987513	-0.06181180000000001	-0.144904	0.0	-2.56522	-1.68445	-2.38702	0.352978	-0.0507467	0.723133	-0.688842	0.0	0.302584	-0.646181	-0.700639	0.0	-0.9517709999999999	-0.24398699999999998	-0.18601700000000002	0.0	2.79181	-2.28111	-3.1030900000000003	0.354515	
0	-0.0404889	0.789329	-0.612634	0.0	0.152245	0.610851	0.7769699999999999	0.0	0.987513	-0.06181180000000001	-0.144904	0.0	-2.56522	-1.68445	-2.38702	0.352978	-0.0507467	0.723133	-0.688842	0.0	0.302584	-0.646181	-0.700639	0.0	-0.9517709999999999	-0.24398699999999998	-0.18601700000000002	0.0	2.79181	-2.28111	-3.1030900000000003	0.354515	
0	-0.0404889	0.789329	-0.612634	0.0	0.152245	0.610851	0.7769699999999999	0.0	0.987513	-0.06181180000000001	-0.144904	0.0	-2.56522	-1.68445	-2.38702	0.352978	-0.0507467	0.723133	-0.688842	0.0	0.302584	-0.646181	-0.700639	0.0	-0.9517709999999999	-0.24398699999999998	-0.18601700000000002	0.0	2.79181	-2.28111	-3.1030900000000003	0.354515	
0	-0.0404889	0.789329	-0.612634	0.0	0.152245	0.610851	0.7769699999999999	0.0	0.987513	-0.06181180000000001	-0.144904	0.0	-2.56522	-1.68445	-2.38702	0.352978	-0.0507467	0.723133	-0.688842	0.0	0.302584	-0.646181	-0.700639	0.0	-0.9517709999999999	-0.24398699999999998	-0.18601700000000002	0.0	2.79181	-2.28111	-3.1030900000000003	0.354515	
