0	0.313454	0.774675	-0.549204	0.0	0.518551	0.34486999999999995	0.782413	0.0	0.79552	-0.53004	-0.293608	0.0	-2.75818	2.00379	1.35148	-1.4782e-05	-0.262771	0.891028	-0.370163	0.0	0.46922200000000003	-0.21721300000000002	-0.85595	0.0	-0.8430790000000001	-0.398607	-0.36101300000000003	0.0	2.6581799999999998	1.9945	1.5785	-2.22214e-05	
0	-0.135298	0.830973	-0.53961	0.0	0.07184810000000001	0.551413	0.831133	0.0	0.9881969999999999	0.0736808	-0.13430899999999998	0.0	-2.8503700000000003	1.85563	1.50034	0.0	0.00014782	0.9484319999999999	-0.31698000000000004	0.0	0.25332899999999997	-0.306676	-0.9174829999999999	0.0	-0.9673799999999999	-0.08016439999999998	-0.24031	0.0	2.74293	1.91724	1.6547900000000002	0.0	
0	-0.139158	0.8356520000000001	-0.531339	0.0	0.07332530000000001	0.543782	0.836017	0.0	0.9875520000000001	0.0773781	-0.136946	0.0	-2.93019	1.85628	1.4873399999999999	0.0	0.0402386	0.9397909999999999	-0.339373	0.0	0.235422	-0.339003	-0.910853	0.0	-0.97106	-0.0432444	-0.234888	0.0	2.7837	1.9719900000000001	1.66418	0.07097730000000001	
0	-0.198481	0.835039	-0.513142	0.0	0.058418899999999996	0.5327069999999999	0.844281	0.0	0.9783620000000001	0.137596	-0.154514	0.0	-2.97353	1.88632	1.3612	0.345339	0.0673197	0.953799	-0.29280700000000004	0.0	0.261873	-0.300075	-0.917266	0.0	-0.962752	-0.014928299999999999	-0.26997600000000005	0.0	2.74388	2.0416	1.60822	0.360556	
0	-0.21580300000000002	0.826592	-0.519784	0.0	0.051729	0.541258	0.8392639999999999	0.0	0.975066	0.154228	-0.159564	0.0	-2.9257	1.8892200000000001	1.3738700000000001	0.345652	0.051745400000000004	0.963133	-0.26400300000000004	0.0	0.298176	-0.26719899999999996	-0.916349	0.0	-0.9531069999999999	-0.0313024	-0.301009	0.0	2.76995	1.98636	1.49367	0.35979	
0	-0.196892	0.8456379999999999	-0.49611400000000005	0.0	0.0885978	0.519296	0.8499899999999999	0.0	0.9764139999999999	0.123401	-0.17716700000000002	0.0	-2.9548900000000002	1.869	1.4291399999999999	0.344123	-0.026652199999999997	0.980208	-0.19617	0.0	0.346375	-0.175028	-0.921623	0.0	-0.937717	-0.09251160000000001	-0.334855	0.0	2.8043	1.87388	1.43515	0.35946500000000003	
0	-0.170309	0.86784	-0.466742	0.0	0.14356	0.49046000000000006	0.859557	0.0	0.974877	0.0793848	-0.208117	0.0	-2.9965200000000003	1.8508900000000001	1.39313	0.344422	-0.062426	0.986658	-0.150365	0.0	0.359174	-0.11835599999999999	-0.925736	0.0	-0.9311809999999999	-0.11179700000000001	-0.346994	0.0	2.8215	1.80853	1.4036799999999998	0.360184	
0	-0.0983033	0.9166129999999999	-0.387502	0.0	0.236265	0.399752	0.8856510000000001	0.0	0.9667030000000001	-0.00449103	-0.255861	0.0	-3.04077	1.78784	1.3215	0.344985	-0.09771460000000001	0.989311	-0.10823499999999998	0.0	0.379551	-0.0634907	-0.922989	0.0	-0.9199959999999999	-0.13127	-0.36929	0.0	2.82713	1.7325599999999999	1.35192	0.360587	
0	0.00808626	0.9519540000000001	-0.306135	0.0	0.318627	0.287734	0.9031540000000001	0.0	0.947846	-0.10484600000000001	-0.300991	0.0	-3.08174	1.69423	1.26244	0.345474	-0.20629099999999997	0.9745870000000001	-0.0873225	0.0	0.444035	0.013716299999999999	-0.895905	0.0	-0.8719389999999999	-0.22359099999999998	-0.43558	0.0	2.79918	1.60436	1.2888700000000002	0.360039	
0	0.0941965	0.965209	-0.24392199999999997	0.0	0.35822800000000005	0.195739	0.9128850000000001	0.0	0.9288700000000001	-0.17337	-0.327327	0.0	-3.1348700000000003	1.5486	1.1884299999999999	0.345383	-0.34784	0.9309	-0.111502	0.0	0.49962399999999996	0.08341389999999999	-0.862217	0.0	-0.793337	-0.355623	-0.49411499999999997	0.0	2.77605	1.36896	1.2228299999999999	0.35880300000000004	
0	0.11422	0.964326	-0.238806	0.0	0.378271	0.180056	0.908015	0.0	0.9186209999999999	-0.194047	-0.344211	0.0	-3.17417	1.43507	1.14513	0.34525900000000004	-0.46129	0.8693270000000001	-0.177432	0.0	0.532149	0.111062	-0.839335	0.0	-0.70995	-0.48159700000000005	-0.513843	0.0	2.8047	1.0198	1.1792	0.356671	
0	0.169878	0.955498	-0.241175	0.0	0.413084	0.15315	0.8977229999999999	0.0	0.894708	-0.252129	-0.368685	0.0	-3.16356	1.28296	1.1	0.34505	-0.512757	0.830793	-0.216479	0.0	0.5289189999999999	0.107073	-0.841891	0.0	-0.676258	-0.546185	-0.494325	0.0	2.86124	0.730146	1.16204	0.356134	
0	0.193419	0.9501780000000001	-0.244439	0.0	0.42915299999999995	0.14210899999999999	0.891983	0.0	0.882279	-0.277428	-0.380285	0.0	-3.16737	1.19815	1.08121	0.344744	-0.515741	0.830274	-0.211323	0.0	0.526134	0.112267	-0.842958	0.0	-0.676161	-0.545932	-0.49473599999999995	0.0	2.8782200000000002	0.6489659999999999	1.16604	0.35685900000000004	
0	0.21936	0.9426760000000001	-0.25148400000000004	0.0	0.46602899999999997	0.12521500000000002	0.875864	0.0	0.857145	-0.30932800000000005	-0.411847	0.0	-3.1891	1.0028299999999999	1.0089	0.343908	-0.585378	0.787798	-0.191589	0.0	0.515521	0.179284	-0.8379120000000001	0.0	-0.625757	-0.589263	-0.511075	0.0	2.9116400000000002	0.454434	1.16553	0.357761	
0	0.243714	0.9279879999999999	-0.281854	0.0	0.499143	0.129156	0.8568399999999999	0.0	0.83154	-0.349509	-0.43172200000000005	0.0	-3.22447	0.8312350000000001	0.8974620000000001	0.34333600000000003	-0.61837	0.7556109999999999	-0.216036	0.0	0.517622	0.184752	-0.8354239999999999	0.0	-0.591342	-0.628426	-0.505366	0.0	2.96722	0.27716	1.13008	0.356779	
0	0.248676	0.922155	-0.296293	0.0	0.5100180000000001	0.13539400000000001	0.849441	0.0	0.823433	-0.36235100000000003	-0.436646	0.0	-3.25771	0.719272	0.8513299999999999	0.342871	-0.621911	0.74255	-0.248689	0.0	0.535407	0.17144700000000002	-0.82701	0.0	-0.571459	-0.647476	-0.504191	0.0	3.0160099999999996	0.139795	1.10894	0.356702	
0	0.24802	0.919876	-0.303833	0.0	0.515097	0.140403	0.845555	0.0	0.820464	-0.366218	-0.439003	0.0	-3.27354	0.666959	0.818588	0.343072	-0.624366	0.731693	-0.273484	0.0	0.5441020000000001	0.156173	-0.824356	0.0	-0.560465	-0.663502	-0.495625	0.0	3.0363900000000004	0.0542063	1.14225	0.356538	
0	0.251472	0.9158379999999999	-0.313053	0.0	0.519458	0.145204	0.8420690000000001	0.0	0.816655	-0.374375	-0.439225	0.0	-3.2787300000000004	0.6520130000000001	0.811538	0.34315500000000004	-0.628256	0.725669	-0.280534	0.0	0.541683	0.149169	-0.827241	0.0	-0.5584560000000001	-0.67168	-0.486799	0.0	3.01745	0.00933027	1.16244	0.357387	
0	0.24939899999999998	0.9161360000000001	-0.313839	0.0	0.521266	0.146124	0.840791	0.0	0.8161390000000001	-0.373287	-0.44110699999999997	0.0	-3.28424	0.650667	0.813976	0.343563	-0.6791010000000001	0.692028	-0.244785	0.0	0.511684	0.20718699999999998	-0.8338180000000001	0.0	-0.526309	-0.691499	-0.49480100000000005	0.0	3.03686	-0.0187428	1.1453200000000001	0.358273	
0	0.25258600000000003	0.913409	-0.319194	0.0	0.522882	0.148714	0.839333	0.0	0.814122	-0.378905	-0.44004099999999996	0.0	-3.2781	0.636728	0.8284879999999999	0.344359	-0.748255	0.631616	-0.202921	0.0	0.47946300000000003	0.30346	-0.8234239999999999	0.0	-0.458509	-0.713424	-0.5299020000000001	0.0	3.17644	-0.06998739999999999	1.01312	0.357156	
0	0.253766	0.909802	-0.328424	0.0	0.519601	0.158168	0.839641	0.0	0.815854	-0.383722	-0.432597	0.0	-3.26673	0.57458	0.831512	0.345426	-0.759127	0.620304	-0.197355	0.0	0.47175	0.31535100000000005	-0.823411	0.0	-0.448529	-0.718176	-0.5320199999999999	0.0	3.31736	-0.11111300000000002	0.938472	0.35681999999999997	
0	0.24950300000000003	0.910789	-0.32895399999999997	0.0	0.515608	0.16259400000000002	0.841256	0.0	0.819693	-0.37950700000000004	-0.429043	0.0	-3.24017	0.535095	0.8728969999999999	0.34566199999999997	-0.757279	0.620363	-0.204155	0.0	0.47492399999999996	0.308514	-0.824176	0.0	-0.448304	-0.721089	-0.5282560000000001	0.0	3.3606800000000003	-0.11392200000000001	0.9682209999999999	0.356085	
0	0.248716	0.9110659999999999	-0.328784	0.0	0.512584	0.164211	0.8427889999999999	0.0	0.8218260000000001	-0.378145	-0.42615600000000003	0.0	-3.2199400000000002	0.512668	0.893884	0.346425	-0.739206	0.634516	-0.225753	0.0	0.501265	0.294485	-0.813641	0.0	-0.449787	-0.714611	-0.535745	0.0	3.33664	-0.0927025	0.996525	0.356213	
0	0.248831	0.911076	-0.32866799999999996	0.0	0.510614	0.164955	0.8438389999999999	0.0	0.823017	-0.377796	-0.424162	0.0	-3.21447	0.487229	0.8874860000000001	0.34672800000000004	-0.686176	0.671579	-0.279542	0.0	0.5562699999999999	0.236801	-0.7965479999999999	0.0	-0.46875	-0.702073	-0.5360659999999999	0.0	3.29771	-0.0616154	0.9852489999999999	0.356192	
0	0.248491	0.9104	-0.33079400000000003	0.0	0.509412	0.167639	0.844036	0.0	0.8238639999999999	-0.378245	-0.422112	0.0	-3.2189099999999997	0.467545	0.874551	0.346717	-0.629363	0.699062	-0.339434	0.0	0.605524	0.167375	-0.778027	0.0	-0.487076	-0.6951970000000001	-0.5286390000000001	0.0	3.2901599999999998	-0.041687	0.9910100000000001	0.35594699999999996	
0	0.250303	0.9102319999999999	-0.329888	0.0	0.510394	0.165484	0.8438680000000001	0.0	0.822707	-0.379596	-0.423155	0.0	-3.2212	0.45439399999999996	0.8850879999999999	0.34684	-0.491285	0.7475350000000001	-0.447025	0.0	0.673004	-1.60933e-06	-0.739639	0.0	-0.5529069999999999	-0.664223	-0.503093	0.0	3.27588	-0.00505762	0.982089	0.35725300000000004	
0	0.252467	0.909257	-0.330928	0.0	0.510365	0.16543	0.8438959999999999	0.0	0.8220629999999999	-0.38195	-0.422288	0.0	-3.23395	0.423638	0.8707729999999999	0.34680700000000003	-0.332148	0.778246	-0.532927	0.0	0.694254	-0.180759	-0.696662	0.0	-0.638506	-0.601381	-0.48026199999999997	0.0	3.20115	0.0620433	0.9815940000000001	0.359795	
0	0.251842	0.908026	-0.33476	0.0	0.512486	0.168295	0.842042	0.0	0.8209350000000001	-0.383621	-0.422967	0.0	-3.24381	0.40315700000000004	0.843725	0.346663	-0.179876	0.805132	-0.5651609999999999	0.0	0.672784	-0.31845100000000004	-0.6677960000000001	0.0	-0.71764	-0.500351	-0.48439899999999997	0.0	3.13214	0.18259	0.925226	0.36025799999999997	
0	0.249556	0.905133	-0.344174	0.0	0.516608	0.176174	0.837901	0.0	0.8190470000000001	-0.386907	-0.423634	0.0	-3.2557099999999997	0.379184	0.8507440000000001	0.346586	-0.145579	0.8074979999999999	-0.571624	0.0	0.660265	-0.350988	-0.663971	0.0	-0.736788	-0.474084	-0.482066	0.0	3.08221	0.230586	0.91986	0.36099899999999996	
0	0.24624200000000002	0.901057	-0.35701700000000003	0.0	0.519432	0.188301	0.833507	0.0	0.818264	-0.39069	-0.42167	0.0	-3.27248	0.348699	0.859459	0.346538	-0.121467	0.800659	-0.5866779999999999	0.0	0.656302	-0.378632	-0.652614	0.0	-0.744656	-0.464309	-0.479483	0.0	3.09312	0.18651700000000002	0.8839870000000001	0.360617	
0	0.245231	0.8993770000000001	-0.361915	0.0	0.520767	0.192674	0.831672	0.0	0.8177180000000001	-0.392425	-0.421117	0.0	-3.28285	0.322065	0.8882180000000001	0.346638	-0.104624	0.7917649999999999	-0.601799	0.0	0.656047	-0.399835	-0.640104	0.0	-0.747433	-0.461779	-0.477603	0.0	3.10562	0.141347	0.88982	0.360508	
0	0.245117	0.8992030000000001	-0.362425	0.0	0.520271	0.193437	0.8318049999999999	0.0	0.818068	-0.392449	-0.420415	0.0	-3.28654	0.311975	0.895905	0.346634	-0.10004	0.7877890000000001	-0.6077670000000001	0.0	0.6502399999999999	-0.41058100000000003	-0.639227	0.0	-0.7531140000000001	-0.459143	-0.471178	0.0	3.11021	0.10206799999999999	0.903467	0.36035300000000003	
0	0.240389	0.895757	-0.37394299999999997	0.0	0.5222	0.2054	0.8277190000000001	0.0	0.818242	-0.39424699999999996	-0.41838800000000004	0.0	-3.2903300000000004	0.29890500000000003	0.892632	0.346502	-0.10018400000000001	0.7887350000000001	-0.6065159999999999	0.0	0.6474340000000001	-0.411196	-0.641676	0.0	-0.755509	-0.45696400000000004	-0.469458	0.0	3.0961	0.0924556	0.923198	0.36078499999999997	
0	0.23485	0.8921879999999999	-0.385806	0.0	0.526	0.217127	0.8223010000000001	0.0	0.817416	-0.396052	-0.418299	0.0	-3.29719	0.28112600000000004	0.880734	0.346519	-0.100302	0.79165	-0.6026859999999999	0.0	0.646831	-0.408384	-0.644075	0.0	-0.756009	-0.454438	-0.471102	0.0	3.09636	0.07899550000000001	0.9362959999999999	0.360944	
0	0.22966599999999998	0.889344	-0.395375	0.0	0.5278619999999999	0.227475	0.8183010000000001	0.0	0.817689	-0.39663899999999996	-0.41720799999999997	0.0	-3.30689	0.259381	0.8845129999999999	0.346588	-0.102173	0.790497	-0.603884	0.0	0.6435420000000001	-0.41039	-0.646091	0.0	-0.7585609999999999	-0.454638	-0.466787	0.0	3.11079	0.056568499999999994	0.946018	0.36072	
0	0.22973200000000002	0.8893790000000001	-0.395257	0.0	0.52783	0.22735100000000003	0.818357	0.0	0.817692	-0.396631	-0.41721099999999994	0.0	-3.3068	0.25995799999999997	0.8846620000000001	0.346585	-0.102137	0.790523	-0.6038560000000001	0.0	0.643583	-0.410361	-0.646069	0.0	-0.7585310000000001	-0.45461899999999994	-0.466854	0.0	3.11046	0.05724830000000001	0.94578	0.360722	
0	0.22973200000000002	0.8893790000000001	-0.395257	0.0	0.52783	0.22735100000000003	0.818357	0.0	0.817691	-0.396631	-0.41721099999999994	0.0	-3.3068	0.259959	0.8846629999999999	0.346585	-0.102137	0.7905220000000001	-0.6038560000000001	0.0	0.643582	-0.410361	-0.646069	0.0	-0.7585310000000001	-0.45461899999999994	-0.46685299999999996	0.0	3.11046	0.05725	0.94578	0.360722	
0	0.22973200000000002	0.8893790000000001	-0.395257	0.0	0.52783	0.22735100000000003	0.818357	0.0	0.817691	-0.396631	-0.41721099999999994	0.0	-3.3068	0.259959	0.8846629999999999	0.346585	-0.102137	0.7905220000000001	-0.6038560000000001	0.0	0.643582	-0.410361	-0.646069	0.0	-0.7585310000000001	-0.45461899999999994	-0.46685299999999996	0.0	3.11046	0.0572498	0.945779	0.360722	
0	0.22973200000000002	0.8893790000000001	-0.395257	0.0	0.52783	0.22735100000000003	0.818357	0.0	0.817691	-0.396631	-0.41721099999999994	0.0	-3.3068	0.259959	0.8846629999999999	0.346586	-0.102137	0.7905220000000001	-0.6038560000000001	0.0	0.643582	-0.410361	-0.646069	0.0	-0.7585310000000001	-0.45461899999999994	-0.46685299999999996	0.0	3.11046	0.05725	0.945779	0.360722	
0	0.22973200000000002	0.8893790000000001	-0.395257	0.0	0.52783	0.22735100000000003	0.818357	0.0	0.817691	-0.396631	-0.41721099999999994	0.0	-3.3068	0.25995799999999997	0.8846620000000001	0.346586	-0.102137	0.7905220000000001	-0.6038560000000001	0.0	0.643582	-0.410361	-0.646069	0.0	-0.7585310000000001	-0.45461899999999994	-0.46685299999999996	0.0	3.11046	0.0572499	0.945779	0.360722	
0	0.22973200000000002	0.8893790000000001	-0.395257	0.0	0.52783	0.22735100000000003	0.818357	0.0	0.817691	-0.396631	-0.41721099999999994	0.0	-3.3068	0.259959	0.8846629999999999	0.346586	-0.102137	0.7905220000000001	-0.6038560000000001	0.0	0.643582	-0.410361	-0.646069	0.0	-0.7585310000000001	-0.45461899999999994	-0.46685299999999996	0.0	3.11046	0.0572501	0.94578	0.360722	
0	0.22973200000000002	0.8893790000000001	-0.395257	0.0	0.52783	0.22735100000000003	0.818357	0.0	0.817691	-0.396631	-0.41721099999999994	0.0	-3.3068	0.259959	0.8846629999999999	0.346586	-0.102137	0.7905220000000001	-0.6038560000000001	0.0	0.643582	-0.410361	-0.646069	0.0	-0.7585310000000001	-0.45461899999999994	-0.46685299999999996	0.0	3.11046	0.05725	0.94578	0.360722	
0	0.22973200000000002	0.8893790000000001	-0.395257	0.0	0.52783	0.22735100000000003	0.818357	0.0	0.817691	-0.396631	-0.41721099999999994	0.0	-3.3068	0.259959	0.8846629999999999	0.346585	-0.102137	0.7905220000000001	-0.6038560000000001	0.0	0.643582	-0.410361	-0.646069	0.0	-0.7585310000000001	-0.45461899999999994	-0.46685299999999996	0.0	3.11046	0.0572496	0.945779	0.360722	
0	0.22973200000000002	0.8893790000000001	-0.395257	0.0	0.52783	0.22735100000000003	0.818357	0.0	0.817691	-0.396631	-0.41721099999999994	0.0	-3.3068	0.259959	0.8846629999999999	0.346586	-0.102137	0.790523	-0.6038560000000001	0.0	0.643583	-0.410361	-0.646069	0.0	-0.7585310000000001	-0.45461899999999994	-0.466854	0.0	3.11046	0.0572498	0.945779	0.360722	
0	0.22973200000000002	0.8893790000000001	-0.395257	0.0	0.52783	0.22735100000000003	0.818357	0.0	0.817691	-0.396631	-0.41721099999999994	0.0	-3.3068	0.259959	0.8846629999999999	0.346586	-0.102137	0.790523	-0.6038560000000001	0.0	0.643582	-0.410361	-0.646069	0.0	-0.758532	-0.45461899999999994	-0.466854	0.0	3.11046	0.0572496	0.945779	0.360722	
0	0.22973200000000002	0.8893790000000001	-0.395257	0.0	0.52783	0.22735100000000003	0.818357	0.0	0.817691	-0.396631	-0.41721099999999994	0.0	-3.3068	0.259959	0.8846629999999999	0.346586	-0.102137	0.790523	-0.6038560000000001	0.0	0.643582	-0.410361	-0.646069	0.0	-0.758532	-0.45461899999999994	-0.466854	0.0	3.11046	0.057249400000000006	0.945779	0.360722	
0	0.22973200000000002	0.8893790000000001	-0.395257	0.0	0.52783	0.22735100000000003	0.818357	0.0	0.817691	-0.396631	-0.41721099999999994	0.0	-3.3068	0.25995799999999997	0.8846620000000001	0.346586	-0.102137	0.790523	-0.6038560000000001	0.0	0.643582	-0.410361	-0.646069	0.0	-0.758532	-0.45461899999999994	-0.466854	0.0	3.11046	0.0572498	0.945779	0.360722	
0	0.22973200000000002	0.8893790000000001	-0.395257	0.0	0.52783	0.22735100000000003	0.818357	0.0	0.817691	-0.396631	-0.41721099999999994	0.0	-3.3068	0.259959	0.8846629999999999	0.346586	-0.102137	0.790523	-0.6038560000000001	0.0	0.643582	-0.410361	-0.646069	0.0	-0.7585310000000001	-0.45461899999999994	-0.466854	0.0	3.11046	0.0572496	0.945779	0.360723	
0	0.22973200000000002	0.8893790000000001	-0.395257	0.0	0.52783	0.22735100000000003	0.818357	0.0	0.817691	-0.396631	-0.41721099999999994	0.0	-3.3068	0.25995799999999997	0.8846620000000001	0.346586	-0.102137	0.790523	-0.6038560000000001	0.0	0.643582	-0.410361	-0.646069	0.0	-0.758532	-0.45461899999999994	-0.466854	0.0	3.11046	0.0572501	0.94578	0.360722	
0	0.22973200000000002	0.8893790000000001	-0.395257	0.0	0.52783	0.22735100000000003	0.818357	0.0	0.817691	-0.396631	-0.41721099999999994	0.0	-3.3068	0.25995799999999997	0.8846629999999999	0.346585	-0.102137	0.790523	-0.6038560000000001	0.0	0.643582	-0.410361	-0.646069	0.0	-0.758532	-0.45461899999999994	-0.466854	0.0	3.11046	0.0572496	0.945779	0.360722	
0	0.22973200000000002	0.8893790000000001	-0.395257	0.0	0.52783	0.22735100000000003	0.818357	0.0	0.817691	-0.396631	-0.41721099999999994	0.0	-3.3068	0.25995799999999997	0.8846620000000001	0.346585	-0.102137	0.790523	-0.6038560000000001	0.0	0.643583	-0.410361	-0.646069	0.0	-0.7585310000000001	-0.45461899999999994	-0.466854	0.0	3.11046	0.0572501	0.945779	0.360722	
0	0.22973200000000002	0.8893790000000001	-0.395257	0.0	0.52783	0.22735100000000003	0.818357	0.0	0.817691	-0.396631	-0.41721099999999994	0.0	-3.3068	0.259959	0.8846629999999999	0.346586	-0.102137	0.790523	-0.6038560000000001	0.0	0.643583	-0.410361	-0.646069	0.0	-0.758532	-0.45461899999999994	-0.466854	0.0	3.11046	0.05725	0.94578	0.360722	
0	0.22973200000000002	0.8893790000000001	-0.395257	0.0	0.52783	0.22735100000000003	0.818357	0.0	0.817691	-0.396631	-0.41721099999999994	0.0	-3.3068	0.259959	0.8846629999999999	0.346586	-0.102137	0.790523	-0.6038560000000001	0.0	0.643582	-0.410361	-0.646069	0.0	-0.758532	-0.45461899999999994	-0.466854	0.0	3.11046	0.057250199999999994	0.94578	0.360722	
0	0.22973200000000002	0.8893790000000001	-0.395257	0.0	0.52783	0.22735100000000003	0.818357	0.0	0.817691	-0.396631	-0.41721099999999994	0.0	-3.3068	0.25995799999999997	0.8846629999999999	0.346585	-0.102137	0.790523	-0.6038560000000001	0.0	0.643582	-0.410361	-0.646069	0.0	-0.758532	-0.45461899999999994	-0.466854	0.0	3.11046	0.0572496	0.945779	0.360722	
0	0.22973200000000002	0.8893790000000001	-0.395257	0.0	0.52783	0.22735100000000003	0.818357	0.0	0.817691	-0.396631	-0.41721099999999994	0.0	-3.3068	0.259959	0.8846629999999999	0.346586	-0.102137	0.790523	-0.6038560000000001	0.0	0.643583	-0.410361	-0.646069	0.0	-0.7585310000000001	-0.45461899999999994	-0.466854	0.0	3.11046	0.0572501	0.94578	0.360722	
0	-0.0896313	0.937318	-0.33675	0.0	-0.021204300000000002	0.336239	0.9415379999999999	0.0	0.995749	0.09153170000000001	-0.0102624	0.0	-3.2871599999999996	0.240211	0.8254530000000001	0.330694	0.060030499999999994	0.9334870000000001	-0.353552	0.0	0.234006	-0.357481	-0.904128	0.0	-0.9703799999999999	-0.028457999999999997	-0.239902	0.0	3.0668900000000003	0.0823553	1.00825	0.35356	
0	-0.104031	0.932991	-0.344537	0.0	-0.056387	0.340327	0.938615	0.0	0.992974	0.117073	0.0172039	0.0	-3.2861	0.236123	0.8349129999999999	0.327847	0.055526	0.9286989999999999	-0.366653	0.0	0.22455100000000003	-0.36942800000000003	-0.9017209999999999	0.0	-0.972879	-0.0322632	-0.229053	0.0	3.06697	0.08562639999999999	1.02675	0.352973	
0	-0.0995559	0.929148	-0.356051	0.0	-0.059637199999999994	0.351614	0.934243	0.0	0.993243	0.11424300000000001	0.0204065	0.0	-3.27198	0.224113	0.832347	0.328824	0.0553104	0.9211299999999999	-0.385306	0.0	0.22030500000000003	-0.38764499999999996	-0.8950959999999999	0.0	-0.9738620000000001	-0.0353768	-0.22436999999999999	0.0	3.06209	0.111452	1.06621	0.353202	
0	-0.09666210000000001	0.928493	-0.35854899999999995	0.0	-0.05951619999999999	0.3542	0.9332739999999999	0.0	0.9935360000000001	0.111552	0.021022700000000002	0.0	-3.2631799999999997	0.216479	0.832134	0.329303	0.058488099999999994	0.916249	-0.396316	0.0	0.21390100000000004	-0.399278	-0.8915290000000001	0.0	-0.975103	-0.032628500000000005	-0.21934	0.0	3.05213	0.13995	1.1105200000000002	0.353154	
0	-0.0927865	0.9280459999999999	-0.360724	0.0	-0.061947699999999994	0.356204	0.9323530000000001	0.0	0.993757	0.108856	0.0244395	0.0	-3.26583	0.205006	0.8281959999999999	0.329029	0.0584633	0.905408	-0.420498	0.0	0.204283	-0.423155	-0.8827280000000001	0.0	-0.977165	-0.0342934	-0.20969899999999997	0.0	3.0326	0.153961	1.17373	0.353298	
0	-0.0870567	0.92724	-0.364207	0.0	-0.0649014	0.35954	0.9308700000000001	0.0	0.994087	0.104676	0.0288788	0.0	-3.27746	0.182529	0.8258340000000001	0.327903	0.058440399999999997	0.897698	-0.43671899999999997	0.0	0.193149	-0.43936800000000004	-0.8772969999999999	0.0	-0.979427	-0.033082099999999996	-0.19906600000000002	0.0	3.0148200000000003	0.148823	1.18848	0.35383600000000004	
0	-0.08687819999999999	0.9281459999999999	-0.361935	0.0	-0.0791824	0.35572600000000004	0.9312299999999999	0.0	0.993067	0.10956199999999999	0.042588	0.0	-3.27391	0.119683	0.749923	0.30917100000000003	0.058614400000000004	0.877128	-0.476666	0.0	0.201985	-0.47803199999999996	-0.8548030000000001	0.0	-0.977633	-0.04617569999999999	-0.20518699999999998	0.0	2.97803	0.157423	1.13238	0.354297	
0	-0.0476971	0.9222790000000001	-0.383569	0.0	-0.0302987	0.382494	0.9234610000000001	0.0	0.998402	0.055668100000000005	0.00970006	0.0	-3.3291800000000005	0.0228353	0.547034	0.28717	0.0389096	0.8722110000000001	-0.48758	0.0	0.220606	-0.483408	-0.847143	0.0	-0.9745870000000001	-0.074601	-0.21122399999999997	0.0	2.94061	0.0505468	0.961198	0.353504	
0	0.014679900000000001	0.896325	-0.443154	0.0	0.0647712	0.44141899999999995	0.8949600000000001	0.0	0.997792	-0.041841699999999996	-0.0515761	0.0	-3.38288	-0.195079	0.046475800000000005	0.276391	0.027195799999999996	0.856727	-0.5150520000000001	0.0	0.244696	-0.505274	-0.8275399999999999	0.0	-0.969219	-0.103525	-0.223379	0.0	2.86328	-0.0487719	0.613559	0.352174	
0	0.07342180000000001	0.872059	-0.483863	0.0	0.11048800000000002	0.47507299999999997	0.8729819999999999	0.0	0.9911620000000001	-0.117557	-0.0614711	0.0	-3.27471	-0.44191800000000003	-0.4313	0.281681	-0.00507152	0.84321	-0.53756	0.0	0.276787	-0.5153810000000001	-0.8110310000000001	0.0	-0.960918	-0.152903	-0.230776	0.0	2.7448799999999998	-0.179741	0.19683599999999998	0.352858	
0	0.141543	0.84273	-0.519397	0.0	0.137929	0.502772	0.8533440000000001	0.0	0.980276	-0.192425	-0.045073	0.0	-3.14837	-0.660515	-0.864291	0.287076	-0.057938300000000005	0.809308	-0.5845199999999999	0.0	0.355258	-0.530463	-0.769675	0.0	-0.9329709999999999	-0.252249	-0.256779	0.0	2.6379799999999998	-0.4208	-0.29884299999999997	0.355173	
0	0.244988	0.793709	-0.556782	0.0	0.191582	0.523328	0.8303159999999999	0.0	0.9504090000000001	-0.310087	-0.023851499999999998	0.0	-2.94611	-1.1675200000000001	-1.55172	0.306101	-0.17621199999999998	0.7414970000000001	-0.647403	0.0	0.45822799999999997	-0.520296	-0.720638	0.0	-0.871193	-0.42364300000000005	-0.248092	0.0	2.51104	-1.09061	-1.13886	0.358504	
0	0.340304	0.741984	-0.577627	0.0	0.251544	0.52007	0.816243	0.0	0.9060459999999999	-0.423069	-0.00965965	0.0	-2.84439	-1.6762599999999999	-2.1186700000000003	0.325675	-0.287371	0.660213	-0.693929	0.0	0.498571	-0.515495	-0.696916	0.0	-0.8178300000000001	-0.546246	-0.181025	0.0	2.47459	-1.73298	-1.77216	0.35892199999999996	
0	0.349501	0.743775	-0.569779	0.0	0.28016599999999997	0.497342	0.8210709999999999	0.0	0.8940670000000001	-0.44659799999999994	-0.0345588	0.0	-2.81988	-1.92075	-2.35324	0.32422399999999996	-0.332468	0.63725	-0.695254	0.0	0.5112680000000001	-0.497687	-0.700652	0.0	-0.792509	-0.588406	-0.160341	0.0	2.4817099999999996	-2.06108	-2.07738	0.358862	
0	0.351716	0.74815	-0.5626439999999999	0.0	0.281289	0.488803	0.825801	0.0	0.8928450000000001	-0.44871300000000003	-0.038526599999999994	0.0	-2.82671	-1.9907299999999999	-2.3694900000000003	0.323889	-0.33193	0.642016	-0.691114	0.0	0.511977	-0.492737	-0.703626	0.0	-0.792276	-0.587389	-0.165143	0.0	2.48665	-2.12856	-2.16214	0.358631	
0	0.36094499999999996	0.759682	-0.540928	0.0	0.29081799999999997	0.459417	0.8392620000000001	0.0	0.886083	-0.460239	-0.0551044	0.0	-2.83986	-2.1177900000000003	-2.41187	0.323998	-0.319761	0.654116	-0.685481	0.0	0.522738	-0.48161000000000004	-0.703418	0.0	-0.7902520000000001	-0.583253	-0.187931	0.0	2.49871	-2.20719	-2.26745	0.358166	
0	0.356561	0.762246	-0.540227	0.0	0.295509	0.45653299999999997	0.839197	0.0	0.8863059999999999	-0.458867	-0.0624692	0.0	-2.86827	-2.15194	-2.43106	0.323776	-0.31592800000000004	0.667244	-0.6745180000000001	0.0	0.523786	-0.47011899999999995	-0.710378	0.0	-0.791099	-0.577731	-0.20097	0.0	2.54375	-2.2557099999999997	-2.27624	0.358099	
0	0.352636	0.7625270000000001	-0.542402	0.0	0.300227	0.456801	0.837375	0.0	0.8862909999999999	-0.458132	-0.06784639999999999	0.0	-2.89974	-2.16574	-2.454	0.31999299999999997	-0.30732600000000004	0.673048	-0.672724	0.0	0.538553	-0.459815	-0.706068	0.0	-0.784546	-0.57929	-0.22115900000000002	0.0	2.65305	-2.31753	-2.34809	0.358194	
0	0.35099	0.762397	-0.543651	0.0	0.297543	0.45969	0.836752	0.0	0.887848	-0.455451	-0.06549959999999999	0.0	-2.9093400000000003	-2.17188	-2.45515	0.32013	-0.30408	0.672275	-0.674968	0.0	0.541307	-0.461096	-0.70312	0.0	-0.7839149999999999	-0.5791689999999999	-0.22369699999999998	0.0	2.68233	-2.3249400000000002	-2.36238	0.358135	
0	0.350657	0.76444	-0.54099	0.0	0.290663	0.460305	0.838829	0.0	0.8902549999999999	-0.451387	-0.0607854	0.0	-2.8746099999999997	-2.1816400000000002	-2.4621299999999997	0.320703	-0.29037199999999996	0.672085	-0.6811649999999999	0.0	0.542898	-0.470479	-0.695638	0.0	-0.7880020000000001	-0.571796	-0.22826	0.0	2.70519	-2.3209299999999997	-2.3925099999999997	0.358005	
0	0.351592	0.7656109999999999	-0.538723	0.0	0.291081	0.457534	0.840199	0.0	0.88975	-0.452219	-0.061989699999999995	0.0	-2.86331	-2.18515	-2.4684	0.32060900000000003	-0.286893	0.670475	-0.6842189999999999	0.0	0.5403319999999999	-0.47652700000000003	-0.693516	0.0	-0.791034	-0.56867	-0.22556700000000002	0.0	2.70574	-2.31921	-2.41321	0.358022	
0	0.345823	0.764049	-0.544643	0.0	0.294564	0.462708	0.836142	0.0	0.890864	-0.449589	-0.0650466	0.0	-2.862	-2.1972099999999997	-2.48827	0.319307	-0.279914	0.663742	-0.6936100000000001	0.0	0.5341319999999999	-0.49266800000000005	-0.687009	0.0	-0.797716	-0.562783	-0.216621	0.0	2.68763	-2.3085	-2.41787	0.358166	
0	0.345244	0.764111	-0.5449229999999999	0.0	0.294977	0.46285200000000004	0.835917	0.0	0.8909520000000001	-0.44933500000000004	-0.0655986	0.0	-2.86826	-2.20212	-2.4874099999999997	0.318169	-0.278412	0.661417	-0.69643	0.0	0.534454	-0.495781	-0.6845140000000001	0.0	-0.798026	-0.562787	-0.215466	0.0	2.68055	-2.29415	-2.39918	0.358142	
0	0.344988	0.763838	-0.5454680000000001	0.0	0.29538600000000004	0.46326300000000004	0.8355440000000001	0.0	0.890915	-0.449377	-0.065807	0.0	-2.86651	-2.2025900000000003	-2.49052	0.317629	-0.277532	0.659959	-0.698162	0.0	0.533863	-0.49823599999999996	-0.683192	0.0	-0.798728	-0.56233	-0.21405100000000002	0.0	2.68007	-2.28778	-2.39062	0.358018	
0	0.344988	0.763837	-0.545469	0.0	0.295387	0.463264	0.8355440000000001	0.0	0.890915	-0.449377	-0.0658074	0.0	-2.86651	-2.2025900000000003	-2.49052	0.317629	-0.27753099999999997	0.659957	-0.698164	0.0	0.5338609999999999	-0.49823900000000004	-0.683191	0.0	-0.798729	-0.56233	-0.214049	0.0	2.68008	-2.28778	-2.39063	0.358018	
0	0.344988	0.763837	-0.545469	0.0	0.295387	0.463264	0.8355440000000001	0.0	0.890915	-0.449377	-0.0658075	0.0	-2.86651	-2.2025900000000003	-2.49052	0.317629	-0.27753099999999997	0.659957	-0.698164	0.0	0.5338609999999999	-0.49823900000000004	-0.683191	0.0	-0.798729	-0.56233	-0.214049	0.0	2.68008	-2.28778	-2.39063	0.358018	
0	0.344988	0.763837	-0.545469	0.0	0.295387	0.463264	0.8355440000000001	0.0	0.890915	-0.449377	-0.0658075	0.0	-2.86651	-2.2025900000000003	-2.49052	0.317629	-0.27753099999999997	0.659957	-0.698164	0.0	0.5338609999999999	-0.49823900000000004	-0.683191	0.0	-0.798729	-0.56233	-0.214049	0.0	2.68008	-2.28778	-2.39063	0.358018	
0	0.344988	0.763837	-0.545469	0.0	0.295387	0.463264	0.8355440000000001	0.0	0.890915	-0.449377	-0.0658075	0.0	-2.86651	-2.2025900000000003	-2.49052	0.317629	-0.27753099999999997	0.659957	-0.698164	0.0	0.5338609999999999	-0.49823900000000004	-0.683191	0.0	-0.798729	-0.56233	-0.214049	0.0	2.68008	-2.28778	-2.39063	0.358018	
0	0.344988	0.763837	-0.545469	0.0	0.295387	0.463264	0.8355440000000001	0.0	0.890915	-0.449377	-0.0658075	0.0	-2.86651	-2.2025900000000003	-2.49052	0.317629	-0.27753099999999997	0.659957	-0.698164	0.0	0.5338609999999999	-0.49823900000000004	-0.683191	0.0	-0.798729	-0.56233	-0.214049	0.0	2.68008	-2.28778	-2.39063	0.358018	
0	0.344988	0.763837	-0.545469	0.0	0.295387	0.463264	0.8355440000000001	0.0	0.890915	-0.449377	-0.0658075	0.0	-2.86651	-2.2025900000000003	-2.49052	0.317629	-0.27753099999999997	0.659957	-0.698164	0.0	0.5338609999999999	-0.49823900000000004	-0.683191	0.0	-0.798729	-0.56233	-0.214049	0.0	2.68008	-2.28778	-2.39063	0.358018	
0	0.344988	0.763837	-0.545469	0.0	0.295387	0.463264	0.8355440000000001	0.0	0.890915	-0.449377	-0.0658074	0.0	-2.86651	-2.2025900000000003	-2.49052	0.317629	-0.27753099999999997	0.659957	-0.698164	0.0	0.5338609999999999	-0.49823900000000004	-0.683191	0.0	-0.798729	-0.56233	-0.214049	0.0	2.68008	-2.28778	-2.39063	0.358018	
0	0.344988	0.763837	-0.545469	0.0	0.295387	0.463264	0.8355440000000001	0.0	0.890915	-0.449377	-0.0658075	0.0	-2.86651	-2.2025900000000003	-2.49052	0.317629	-0.27753099999999997	0.659957	-0.698164	0.0	0.5338609999999999	-0.49823900000000004	-0.683191	0.0	-0.798729	-0.56233	-0.214049	0.0	2.68008	-2.28778	-2.39063	0.358018	
0	0.344988	0.763837	-0.545469	0.0	0.295387	0.463264	0.8355440000000001	0.0	0.890915	-0.449377	-0.0658075	0.0	-2.86651	-2.2025900000000003	-2.49052	0.317629	-0.27753099999999997	0.659957	-0.698164	0.0	0.5338609999999999	-0.49823900000000004	-0.683191	0.0	-0.798729	-0.56233	-0.214049	0.0	2.68008	-2.28778	-2.39063	0.358018	
0	0.344988	0.763837	-0.545469	0.0	0.295387	0.463264	0.8355440000000001	0.0	0.890915	-0.449377	-0.0658074	0.0	-2.86651	-2.2025900000000003	-2.49052	0.317629	-0.27753099999999997	0.659957	-0.698164	0.0	0.5338609999999999	-0.49823900000000004	-0.683191	0.0	-0.798729	-0.56233	-0.214049	0.0	2.68008	-2.28778	-2.39063	0.358018	
0	0.344988	0.763837	-0.545469	0.0	0.295387	0.463264	0.8355440000000001	0.0	0.890915	-0.449377	-0.0658074	0.0	-2.86651	-2.2025900000000003	-2.49052	0.317629	-0.27753099999999997	0.659957	-0.698164	0.0	0.5338609999999999	-0.49823900000000004	-0.683191	0.0	-0.798729	-0.56233	-0.214049	0.0	2.68008	-2.28778	-2.39063	0.358018	
0	0.344988	0.763837	-0.545469	0.0	0.295387	0.463264	0.8355440000000001	0.0	0.890915	-0.449377	-0.0658075	0.0	-2.86651	-2.2025900000000003	-2.49052	0.317629	-0.27753099999999997	0.659957	-0.698164	0.0	0.5338609999999999	-0.49823900000000004	-0.683191	0.0	-0.798729	-0.56233	-0.214049	0.0	2.68008	-2.28778	-2.39063	0.358018	
0	0.344988	0.763837	-0.545469	0.0	0.295387	0.463264	0.8355440000000001	0.0	0.890915	-0.449377	-0.0658074	0.0	-2.86651	-2.2025900000000003	-2.49052	0.317629	-0.27753099999999997	0.659957	-0.698164	0.0	0.5338609999999999	-0.49823900000000004	-0.683191	0.0	-0.798729	-0.56233	-0.214049	0.0	2.68008	-2.28778	-2.39063	0.358018	
0	0.344988	0.763837	-0.545469	0.0	0.295387	0.463264	0.8355440000000001	0.0	0.890915	-0.449377	-0.0658075	0.0	-2.86651	-2.2025900000000003	-2.49052	0.317629	-0.27753099999999997	0.659957	-0.698164	0.0	0.5338609999999999	-0.49823900000000004	-0.683191	0.0	-0.798729	-0.56233	-0.214049	0.0	2.68008	-2.28778	-2.39063	0.358018	
0	-0.0408691	0.77494	-0.630713	0.0	0.0553606	0.632027	0.772967	0.0	0.9976299999999999	-0.00332618	-0.0687315	0.0	-2.83314	-2.27037	-2.67259	0.343379	-0.0062564	0.847183	-0.531265	0.0	0.09729739999999999	-0.528239	-0.8435030000000001	0.0	-0.995236	-0.0569678	-0.079124	0.0	2.6259099999999997	-2.22834	-2.41885	0.345233	
0	-0.0365786	0.760522	-0.648281	0.0	0.0702046	0.649068	0.757484	0.0	0.996862	-0.0178047	-0.0771343	0.0	-2.82725	-2.31831	-2.77946	0.33979499999999996	-0.013581200000000002	0.850715	-0.525452	0.0	0.09542510000000001	-0.522	-0.847591	0.0	-0.995344	-0.061652599999999995	-0.0740903	0.0	2.60419	-2.2421599999999997	-2.46685	0.354214	
0	0.0525653	0.716746	-0.69535	0.0	0.203586	0.6739970000000001	0.7101270000000001	0.0	0.9776450000000001	-0.178891	-0.11049	0.0	-2.7029400000000003	-2.61191	-3.09731	0.340634	-0.0588391	0.843073	-0.534571	0.0	0.144567	-0.522658	-0.8401959999999999	0.0	-0.9877440000000001	-0.126718	-0.09112819999999999	0.0	2.50372	-2.33907	-2.70268	0.355074	
0	0.0829554	0.700979	-0.708341	0.0	0.260573	0.670805	0.69435	0.0	0.961884	-0.242175	-0.12700899999999998	0.0	-2.67089	-2.78653	-3.26132	0.34157600000000005	-0.0772698	0.836932	-0.541825	0.0	0.163669	-0.525429	-0.8349469999999999	0.0	-0.983485	-0.153196	-0.0963798	0.0	2.4569099999999997	-2.36593	-2.80689	0.355137	
0	0.144459	0.680473	-0.7183930000000001	0.0	0.307931	0.659044	0.686178	0.0	0.940378	-0.320339	-0.11433399999999999	0.0	-2.61119	-3.09123	-3.56417	0.346027	-0.090643	0.829001	-0.551852	0.0	0.196666	-0.52832	-0.8259540000000001	0.0	-0.9762719999999999	-0.183397	-0.115148	0.0	2.33397	-2.43135	-3.07822	0.35526599999999997	
0	0.14493399999999998	0.6657689999999999	-0.731947	0.0	0.304871	0.673717	0.673172	0.0	0.941301	-0.320714	-0.10532899999999999	0.0	-2.53931	-3.13072	-3.7031199999999997	0.347192	-0.098825	0.818924	-0.565329	0.0	0.238452	-0.5320699999999999	-0.81243	0.0	-0.9661129999999999	-0.215092	-0.14269300000000001	0.0	2.2591799999999997	-2.48274	-3.2799300000000002	0.355664	
0	0.15796300000000002	0.662084	-0.732593	0.0	0.314254	0.669626	0.672938	0.0	0.936105	-0.33652	-0.102286	0.0	-2.49349	-3.09892	-3.7206900000000003	0.34812600000000005	-0.103735	0.814596	-0.570677	0.0	0.255183	-0.5327689999999999	-0.80687	0.0	-0.961312	-0.229327	-0.152604	0.0	2.22871	-2.52687	-3.3819199999999996	0.355615	
0	0.185874	0.6610149999999999	-0.7269869999999999	0.0	0.337404	0.6519520000000001	0.679056	0.0	0.9228270000000001	-0.37150700000000003	-0.10184800000000001	0.0	-2.44636	-3.04228	-3.70177	0.348921	-0.10317	0.810342	-0.576803	0.0	0.26058400000000004	-0.537623	-0.801909	0.0	-0.959923	-0.23303800000000002	-0.155696	0.0	2.1873299999999998	-2.56697	-3.4835800000000003	0.355729	
0	0.362526	0.67902	-0.638363	0.0	0.43454499999999996	0.482792	0.760318	0.0	0.8244670000000001	-0.553032	-0.12004000000000001	0.0	-2.61265	-3.08161	-3.5926	0.349566	-0.07358780000000001	0.804322	-0.58962	0.0	0.290205	-0.5483680000000001	-0.784267	0.0	-0.954131	-0.228823	-0.19306500000000001	0.0	2.15415	-2.64832	-3.5874800000000002	0.356037	
0	0.527443	0.649686	-0.547459	0.0	0.42189399999999994	0.359021	0.8325319999999999	0.0	0.737434	-0.670083	-0.0847355	0.0	-2.7591799999999997	-3.18105	-3.45615	0.350217	-0.057940099999999994	0.789093	-0.611535	0.0	0.336769	-0.5612090000000001	-0.756063	0.0	-0.939803	-0.249752	-0.23322600000000002	0.0	2.16572	-2.84617	-3.68353	0.35633000000000004	
0	0.632278	0.617735	-0.46757600000000005	0.0	0.372185	0.287132	0.8826290000000001	0.0	0.679487	-0.732092	-0.048364300000000006	0.0	-2.88977	-3.2091	-3.31825	0.349089	-0.037413199999999994	0.779346	-0.625476	0.0	0.369247	-0.570836	-0.733351	0.0	-0.928578	-0.258392	-0.266414	0.0	2.21259	-3.0605700000000002	-3.78361	0.356227	
0	0.7670779999999999	0.54266	-0.342215	0.0	0.26421300000000003	0.218869	0.9393020000000001	0.0	0.584622	-0.8109350000000001	0.024512	0.0	-2.97422	-3.24506	-3.111	0.350998	-0.00564307	0.775561	-0.631247	0.0	0.38743	-0.580259	-0.716379	0.0	-0.921882	-0.248606	-0.29720100000000005	0.0	2.2612400000000004	-3.2117400000000003	-3.8788400000000003	0.35599699999999995	
0	0.862458	0.456081	-0.21944699999999998	0.0	0.152171	0.179855	0.971852	0.0	0.482712	-0.871575	0.0857145	0.0	-3.07809	-3.2622299999999997	-2.93764	0.34899	0.00782961	0.768353	-0.6399779999999999	0.0	0.397169	-0.589741	-0.70318	0.0	-0.9177120000000001	-0.24867399999999998	-0.309784	0.0	2.2877	-3.27123	-3.9273	0.356094	
0	0.8883459999999999	0.42735500000000004	-0.167957	0.0	0.100995	0.17497100000000002	0.9793799999999999	0.0	0.44793	-0.886991	0.112275	0.0	-3.13271	-3.2467200000000003	-2.91067	0.347963	0.00656593	0.767336	-0.641212	0.0	0.398421	-0.5901390000000001	-0.702137	0.0	-0.9171790000000001	-0.250862	-0.30959699999999996	0.0	2.29829	-3.2865	-3.9421699999999995	0.35585300000000003	
0	0.892086	0.44289399999999995	-0.0895956	0.0	-9.980799999999999e-05	0.198472	0.980107	0.0	0.451866	-0.874331	0.177099	0.0	-3.2255700000000003	-3.23747	-2.93713	0.34108099999999997	0.0146512	0.7678649999999999	-0.640444	0.0	0.40120100000000003	-0.591206	-0.699652	0.0	-0.9158729999999999	-0.246696	-0.31673	0.0	2.3451299999999997	-3.30784	-3.9916699999999996	0.355074	
0	0.890179	0.450137	-0.07041080000000001	0.0	-0.0311139	0.214241	0.9762850000000001	0.0	0.45454700000000003	-0.866878	0.204719	0.0	-3.21604	-3.2486599999999997	-2.95776	0.338482	0.0167058	0.765203	-0.643572	0.0	0.399329	-0.595205	-0.697329	0.0	-0.9166549999999999	-0.245348	-0.315511	0.0	2.3496599999999996	-3.3036800000000004	-3.9668	0.355083	
0	0.887258	0.458535	-0.0501933	0.0	-0.0643914	0.23087	0.970852	0.0	0.45675699999999997	-0.8581639999999999	0.23436700000000002	0.0	-3.20554	-3.25942	-2.97819	0.33372399999999997	0.0178568	0.761283	-0.648174	0.0	0.393205	-0.6013890000000001	-0.695501	0.0	-0.919277	-0.242446	-0.310079	0.0	2.32835	-3.2991099999999998	-3.94116	0.354725	
0	0.8893989999999999	0.45690200000000003	-0.0144916	0.0	-0.10135	0.228	0.9683719999999999	0.0	0.445755	-0.8598	0.24909	0.0	-3.18191	-3.25557	-2.9917599999999998	0.331469	0.0191513	0.755149	-0.655273	0.0	0.388442	-0.609527	-0.691078	0.0	-0.9212739999999999	-0.24130100000000002	-0.305005	0.0	2.31585	-3.29851	-3.9275599999999997	0.35432600000000003	
0	0.8873049999999999	0.46102299999999996	0.0121425	0.0	-0.126106	0.21721500000000002	0.967944	0.0	0.443607	-0.8603930000000001	0.250874	0.0	-3.16852	-3.25336	-2.99842	0.333275	0.0202258	0.750162	-0.660945	0.0	0.385027	-0.615937	-0.687296	0.0	-0.9226840000000001	-0.240581	-0.301291	0.0	2.30551	-3.2947599999999997	-3.9219199999999996	0.353806	
0	0.890717	0.453374	0.03280569999999999	0.0	-0.141749	0.208463	0.9677040000000001	0.0	0.431893	-0.8666	0.24994699999999997	0.0	-3.1512700000000002	-3.2471400000000004	-3.00252	0.335566	0.0200332	0.746877	-0.66466	0.0	0.382402	-0.619969	-0.685133	0.0	-0.9237790000000001	-0.24044200000000002	-0.298027	0.0	2.29848	-3.2893800000000004	-3.91085	0.353396	
0	0.887916	0.457765	0.0453394	0.0	-0.15337699999999999	0.20169	0.967366	0.0	0.43368199999999996	-0.865894	0.249295	0.0	-3.148	-3.24567	-3.00251	0.333397	0.0200894	0.745981	-0.665665	0.0	0.38237600000000005	-0.6209140000000001	-0.684291	0.0	-0.9237879999999999	-0.240787	-0.297719	0.0	2.29724	-3.28725	-3.90467	0.352921	
0	0.881389	0.467315	0.069065	0.0	-0.181647	0.20031400000000002	0.9627450000000001	0.0	0.43606999999999996	-0.861099	0.261441	0.0	-3.14915	-3.2218299999999997	-2.96897	0.263126	0.019824900000000003	0.745433	-0.6662859999999999	0.0	0.384754	-0.620783	-0.683076	0.0	-0.9228059999999999	-0.24281399999999997	-0.299116	0.0	2.29533	-3.2871300000000003	-3.90041	0.352652	
0	0.873124	0.48153900000000005	0.0759972	0.0	-0.199012	0.209767	0.957284	0.0	0.445028	-0.850951	0.278984	0.0	-2.8391599999999997	-3.3211699999999995	-2.84199	0.156945	0.021211400000000002	0.74336	-0.668555	0.0	0.384481	-0.6233449999999999	-0.6808930000000001	0.0	-0.922889	-0.242604	-0.29903	0.0	2.29546	-3.28301	-3.89776	0.352487	
