 0	0.196159	0.794978	-0.574048	0.0	0.409154	0.46566599999999997	0.784696	0.0	0.8911309999999999	-0.388799	-0.23392399999999997	0.0	-2.74894	2.0129	1.35506	0.0	-0.266318	0.788588	-0.5542600000000001	0.0	0.454895	-0.404134	-0.793566	0.0	-0.849791	-0.463471	-0.251096	0.0	2.63283	2.01254	1.55497	6.701799999999999e-06	
 0	-0.0685209	0.809254	-0.583449	0.0	0.06778300000000001	0.587249	0.806563	0.0	0.995344	0.0157186	-0.0950925	0.0	-2.78143	1.95281	1.48724	5.9238500000000006e-05	-0.08339919999999999	0.825249	-0.558578	0.0	0.24101799999999998	-0.527184	-0.814854	0.0	-0.966931	-0.202585	-0.154933	0.0	2.7019599999999997	1.95625	1.59846	8.153920000000001e-05	
 0	-0.055338099999999994	0.816466	-0.574735	0.0	0.0903742	0.57735	0.81148	0.0	0.9943690000000001	-0.00703552	-0.10573699999999998	0.0	-2.7890599999999997	1.91458	1.54481	0.0	-0.08638489999999999	0.8245040000000001	-0.5592239999999999	0.0	0.245954	-0.5262979999999999	-0.813952	0.0	-0.965425	-0.20785599999999999	-0.157326	0.0	2.73371	1.90608	1.59487	0.0	
 0	-0.067092	0.814897	-0.57571	0.0	0.08339099999999999	0.5795710000000001	0.8106439999999999	0.0	0.9942559999999999	0.00637868	-0.10684	0.0	-2.77012	1.90022	1.5680100000000001	0.0	-0.077837	0.8168340000000001	-0.571597	0.0	0.24571300000000001	-0.539933	-0.805045	0.0	-0.9662129999999999	-0.20311099999999999	-0.15868	0.0	2.7539599999999997	1.9121099999999998	1.60554	0.0	
 0	-0.10671199999999999	0.806381	-0.5816899999999999	0.0	0.055320900000000006	0.588939	0.8062819999999999	0.0	0.99275	0.0538605	-0.107457	0.0	-2.73837	1.8937700000000002	1.5223	0.20805900000000002	-0.0507944	0.825161	-0.562609	0.0	0.260694	-0.5328510000000001	-0.805052	0.0	-0.9640850000000001	-0.18756099999999998	-0.188049	0.0	2.80137	1.98773	1.61791	0.14471099999999998	
 0	-0.177734	0.776516	-0.6045119999999999	0.0	0.021919499999999998	0.617264	0.786451	0.0	0.983835	0.126528	-0.126729	0.0	-2.66983	1.9158	1.43309	0.347473	-0.0265499	0.8712280000000001	-0.49016000000000004	0.0	0.266379	-0.466437	-0.843492	0.0	-0.9635030000000001	-0.15296300000000002	-0.21969299999999997	0.0	2.7369	2.03877	1.5680100000000001	0.36041100000000004	
 0	-0.191392	0.757092	-0.624645	0.0	-0.00810474	0.635169	0.7723300000000001	0.0	0.9814799999999999	0.15288	-0.11542999999999999	0.0	-2.63151	1.9055900000000001	1.40622	0.347098	-0.08049939999999998	0.897451	-0.433708	0.0	0.28849400000000003	-0.395518	-0.871973	0.0	-0.954092	-0.19531500000000002	-0.22707	0.0	2.67045	2.0209200000000003	1.6194	0.361727	
 0	-0.194614	0.764155	-0.614974	0.0	0.00671059	0.627984	0.778197	0.0	0.980857	0.147321	-0.127343	0.0	-2.62447	1.91898	1.4124299999999999	0.344976	-0.138401	0.9275530000000001	-0.347119	0.0	0.30891399999999997	-0.292575	-0.9049709999999999	0.0	-0.940966	-0.232479	-0.24604099999999998	0.0	2.63935	1.98203	1.63195	0.361755	
 0	-0.168984	0.764462	-0.6221270000000001	0.0	0.052837800000000004	0.637323	0.768783	0.0	0.984202	0.0970401	-0.14809	0.0	-2.65407	1.8418299999999999	1.4400899999999999	0.339914	-0.213569	0.9427200000000001	-0.256257	0.0	0.327142	-0.178152	-0.9280299999999999	0.0	-0.920525	-0.282031	-0.270356	0.0	2.66506	1.84707	1.59636	0.359146	
 0	-0.117816	0.772383	-0.624135	0.0	0.11366400000000002	0.6348699999999999	0.764212	0.0	0.986509	0.0190946	-0.16259	0.0	-2.6602900000000003	1.72354	1.50512	0.281358	-0.247863	0.938235	-0.24141100000000001	0.0	0.329484	-0.152695	-0.931732	0.0	-0.9110459999999999	-0.31048200000000004	-0.271286	0.0	2.67771	1.70868	1.55037	0.356394	
 0	0.0205509	0.822262	-0.568738	0.0	0.20619	0.553143	0.807167	0.0	0.9782959999999999	-0.133856	-0.158175	0.0	-2.7128099999999997	1.37696	1.52068	0.225939	-0.254241	0.9344610000000001	-0.24928699999999998	0.0	0.310629	-0.165201	-0.9360649999999999	0.0	-0.915899	-0.315422	-0.24827	0.0	2.66886	1.59437	1.60611	0.35875999999999997	
 0	0.0450589	0.83973	-0.541132	0.0	0.24031	0.5166649999999999	0.821772	0.0	0.96965	-0.16706700000000002	-0.178515	0.0	-2.75513	1.25434	1.5157200000000002	0.31703600000000004	-0.266435	0.931939	-0.245975	0.0	0.30435500000000004	-0.160796	-0.938889	0.0	-0.914539	-0.32501599999999997	-0.24079899999999999	0.0	2.63539	1.56344	1.65934	0.358695	
 0	0.05902140000000001	0.848036	-0.526642	0.0	0.25156799999999996	0.497899	0.829946	0.0	0.966038	-0.181471	-0.183952	0.0	-2.76392	1.20434	1.5165799999999998	0.35034499999999996	-0.297076	0.9225180000000001	-0.246387	0.0	0.31456	-0.14908	-0.937458	0.0	-0.901553	-0.35600000000000004	-0.24589899999999998	0.0	2.6235	1.51693	1.69238	0.358768	
 0	0.07603919999999999	0.859783	-0.504967	0.0	0.24193299999999998	0.475391	0.8458559999999999	0.0	0.967309	-0.18648699999999999	-0.171862	0.0	-2.7448599999999996	1.16717	1.51763	0.351851	-0.317804	0.915485	-0.24675500000000003	0.0	0.331918	-0.13636099999999998	-0.9334	0.0	-0.8881620000000001	-0.37854099999999996	-0.260529	0.0	2.63631	1.4568299999999998	1.6827	0.35859	
 0	0.07518789999999999	0.859743	-0.505162	0.0	0.24051599999999998	0.47600299999999995	0.845916	0.0	0.9677290000000001	-0.185102	-0.170992	0.0	-2.7192	1.15224	1.5363799999999999	0.352016	-0.335054	0.90989	-0.24462199999999998	0.0	0.336853	-0.126789	-0.932982	0.0	-0.879926	-0.39500100000000005	-0.264018	0.0	2.64883	1.3967	1.6909900000000002	0.358641	
 0	0.0790022	0.862758	-0.499408	0.0	0.245319	0.46874099999999996	0.8485870000000001	0.0	0.966218	-0.189555	-0.17462	0.0	-2.7075	1.1361299999999999	1.56051	0.351468	-0.354774	0.902956	-0.24249899999999996	0.0	0.338432	-0.117756	-0.933594	0.0	-0.87155	-0.413285	-0.263812	0.0	2.6489	1.33055	1.7027900000000002	0.358931	
 0	0.08519249999999999	0.8681059999999999	-0.48901300000000003	0.0	0.252454	0.455975	0.8534370000000001	0.0	0.963851	-0.19616	-0.180311	0.0	-2.73605	1.0970600000000001	1.57023	0.35126999999999997	-0.377155	0.895426	-0.23657399999999998	0.0	0.342536	-0.10246300000000001	-0.933901	0.0	-0.8604790000000001	-0.43326099999999995	-0.268071	0.0	2.64818	1.27158	1.7154900000000002	0.358989	
 0	0.0852954	0.870534	-0.48466000000000004	0.0	0.257389	0.45066999999999996	0.8547790000000001	0.0	0.9625360000000001	-0.197655	-0.18562599999999999	0.0	-2.7835099999999997	1.0756700000000001	1.54045	0.35070500000000004	-0.477047	0.850131	-0.222942	0.0	0.35278899999999996	-0.0471055	-0.934517	0.0	-0.804963	-0.52446	-0.277445	0.0	2.65088	1.08412	1.7130900000000002	0.35975100000000004	
 0	0.0838531	0.874959	-0.47688100000000005	0.0	0.253271	0.444137	0.859416	0.0	0.9637549999999999	-0.19284500000000002	-0.18436	0.0	-2.76991	1.02986	1.56051	0.351302	-0.611269	0.756939	-0.231069	0.0	0.378556	0.023245099999999998	-0.925286	0.0	-0.6950149999999999	-0.653072	-0.300753	0.0	2.72827	0.7935760000000001	1.6443400000000001	0.360546	
 0	0.0769845	0.8697530000000001	-0.487446	0.0	0.24388400000000002	0.457618	0.8550479999999999	0.0	0.966744	-0.18470599999999998	-0.17688900000000002	0.0	-2.7419700000000002	1.00261	1.54082	0.351759	-0.5883470000000001	0.745869	-0.312295	0.0	0.43523199999999995	-0.0333896	-0.899699	0.0	-0.681485	-0.6652560000000001	-0.304981	0.0	2.77878	0.7358939999999999	1.63116	0.361575	
 0	0.07719119999999999	0.86987	-0.48720399999999997	0.0	0.243721	0.457374	0.855225	0.0	0.9667690000000001	-0.184758	-0.1767	0.0	-2.74313	1.00258	1.54041	0.35181100000000004	-0.5885130000000001	0.745857	-0.31201	0.0	0.43504	-0.0331438	-0.8998010000000001	0.0	-0.6814640000000001	-0.665281	-0.30497199999999997	0.0	2.77802	0.7375470000000001	1.63219	0.361398	
 0	0.0771913	0.86987	-0.48720399999999997	0.0	0.243721	0.457374	0.855225	0.0	0.9667690000000001	-0.184758	-0.176701	0.0	-2.74313	1.00258	1.54041	0.35181	-0.5885020000000001	0.745863	-0.312017	0.0	0.435043	-0.0331545	-0.899799	0.0	-0.681471	-0.665274	-0.304971	0.0	2.7780099999999996	0.737544	1.63219	0.361398	
 0	0.0771915	0.86987	-0.48720399999999997	0.0	0.243721	0.457374	0.855225	0.0	0.9667690000000001	-0.184758	-0.1767	0.0	-2.74313	1.00258	1.54041	0.35181100000000004	-0.5885020000000001	0.745863	-0.312017	0.0	0.435043	-0.0331545	-0.899799	0.0	-0.6814720000000001	-0.665274	-0.304971	0.0	2.7780099999999996	0.737544	1.63219	0.361398	
 0	0.0771913	0.86987	-0.48720399999999997	0.0	0.243721	0.457374	0.855225	0.0	0.9667690000000001	-0.184758	-0.176701	0.0	-2.74313	1.00258	1.54041	0.35181	-0.5885020000000001	0.745863	-0.312017	0.0	0.435043	-0.0331544	-0.899799	0.0	-0.681471	-0.665274	-0.304971	0.0	2.7780099999999996	0.737545	1.63219	0.36139899999999997	
 0	0.0771913	0.86987	-0.48720399999999997	0.0	0.243721	0.457373	0.855225	0.0	0.9667690000000001	-0.184758	-0.176701	0.0	-2.74313	1.00258	1.54041	0.35181	-0.5885020000000001	0.745863	-0.312017	0.0	0.435043	-0.0331545	-0.899799	0.0	-0.6814720000000001	-0.665274	-0.304971	0.0	2.7780099999999996	0.737545	1.63219	0.361398	
 0	0.0771915	0.86987	-0.48720399999999997	0.0	0.243721	0.457374	0.855225	0.0	0.9667690000000001	-0.184758	-0.1767	0.0	-2.74313	1.00258	1.54041	0.35181	-0.588501	0.745863	-0.312017	0.0	0.435043	-0.033154199999999995	-0.899799	0.0	-0.681471	-0.665274	-0.304971	0.0	2.7780099999999996	0.737544	1.63219	0.361398	
 0	0.0771915	0.86987	-0.48720399999999997	0.0	0.243721	0.457374	0.855225	0.0	0.9667690000000001	-0.184758	-0.1767	0.0	-2.74313	1.00258	1.54041	0.35181	-0.5885020000000001	0.745863	-0.312017	0.0	0.435043	-0.0331544	-0.899799	0.0	-0.681471	-0.665274	-0.304971	0.0	2.7780099999999996	0.737545	1.63219	0.36139899999999997	
 0	0.0771913	0.86987	-0.48720399999999997	0.0	0.243721	0.457373	0.855225	0.0	0.9667690000000001	-0.184758	-0.176701	0.0	-2.74313	1.00258	1.54041	0.35181	-0.5885020000000001	0.745863	-0.312017	0.0	0.435043	-0.0331545	-0.899799	0.0	-0.681471	-0.665274	-0.304971	0.0	2.7780099999999996	0.737545	1.63219	0.361398	
 0	0.0771913	0.86987	-0.48720399999999997	0.0	0.243721	0.457374	0.855225	0.0	0.9667690000000001	-0.184758	-0.176701	0.0	-2.74313	1.00258	1.54041	0.35181	-0.5885020000000001	0.745863	-0.312017	0.0	0.435043	-0.0331544	-0.899799	0.0	-0.681471	-0.665274	-0.304971	0.0	2.7780099999999996	0.737545	1.63219	0.36139899999999997	
 0	0.0771914	0.86987	-0.48720399999999997	0.0	0.243721	0.457374	0.855225	0.0	0.9667690000000001	-0.184758	-0.176701	0.0	-2.74313	1.00258	1.54041	0.35181	-0.5885020000000001	0.745863	-0.312017	0.0	0.435043	-0.0331545	-0.899799	0.0	-0.681471	-0.665274	-0.304971	0.0	2.7780099999999996	0.737545	1.63219	0.361398	
 0	0.0771913	0.86987	-0.48720399999999997	0.0	0.243721	0.457374	0.855225	0.0	0.9667690000000001	-0.184758	-0.176701	0.0	-2.74313	1.00258	1.54041	0.35181	-0.5885020000000001	0.745863	-0.312017	0.0	0.435043	-0.0331545	-0.899799	0.0	-0.681471	-0.665274	-0.304971	0.0	2.7780099999999996	0.737545	1.63219	0.361398	
 0	0.0771913	0.86987	-0.48720399999999997	0.0	0.243721	0.457373	0.855225	0.0	0.9667690000000001	-0.184758	-0.176701	0.0	-2.74313	1.00258	1.54041	0.35181	-0.5885020000000001	0.745863	-0.312017	0.0	0.435043	-0.033154199999999995	-0.899799	0.0	-0.681471	-0.665274	-0.304971	0.0	2.7780099999999996	0.737545	1.63219	0.361398	
 0	0.0771913	0.86987	-0.48720399999999997	0.0	0.243721	0.457374	0.855225	0.0	0.9667690000000001	-0.184758	-0.176701	0.0	-2.74313	1.00258	1.54041	0.35181	-0.5885020000000001	0.745863	-0.312017	0.0	0.435043	-0.033154199999999995	-0.899799	0.0	-0.681471	-0.665274	-0.304971	0.0	2.7780099999999996	0.737545	1.63219	0.361398	
 0	0.0771913	0.86987	-0.48720399999999997	0.0	0.243721	0.457374	0.855225	0.0	0.9667690000000001	-0.184758	-0.176701	0.0	-2.74313	1.00258	1.54041	0.35181100000000004	-0.5885020000000001	0.745863	-0.312017	0.0	0.435043	-0.033154199999999995	-0.899799	0.0	-0.681471	-0.665274	-0.304971	0.0	2.7780099999999996	0.737545	1.63219	0.361398	
 0	0.0771913	0.86987	-0.48720399999999997	0.0	0.243721	0.457374	0.855225	0.0	0.9667690000000001	-0.184758	-0.176701	0.0	-2.74313	1.00258	1.54041	0.35181	-0.5885020000000001	0.745863	-0.312017	0.0	0.435043	-0.033154199999999995	-0.899799	0.0	-0.681471	-0.665274	-0.304971	0.0	2.7780099999999996	0.737545	1.63219	0.361398	
 0	0.0771913	0.86987	-0.48720399999999997	0.0	0.243721	0.457373	0.855225	0.0	0.9667690000000001	-0.184758	-0.176701	0.0	-2.74313	1.00258	1.54041	0.35181	-0.5885020000000001	0.745863	-0.312017	0.0	0.435043	-0.033154199999999995	-0.899799	0.0	-0.681471	-0.665274	-0.304971	0.0	2.7780099999999996	0.737545	1.63219	0.361398	
 0	0.0771914	0.86987	-0.48720399999999997	0.0	0.243721	0.457374	0.855225	0.0	0.9667690000000001	-0.184758	-0.176701	0.0	-2.74313	1.00258	1.54041	0.35181	-0.5885020000000001	0.745863	-0.312017	0.0	0.435043	-0.033154199999999995	-0.899799	0.0	-0.681471	-0.665274	-0.304971	0.0	2.7780099999999996	0.737544	1.63219	0.361398	
 0	0.0771914	0.86987	-0.48720399999999997	0.0	0.243721	0.457374	0.855225	0.0	0.9667690000000001	-0.184758	-0.176701	0.0	-2.74313	1.00258	1.54041	0.35181100000000004	-0.5885020000000001	0.745863	-0.312017	0.0	0.435043	-0.033154199999999995	-0.899799	0.0	-0.681471	-0.665274	-0.304971	0.0	2.7780099999999996	0.737545	1.63219	0.361398	
 0	0.025753199999999997	0.8203309999999999	-0.5713090000000001	0.0	0.030978700000000005	0.570569	0.820665	0.0	0.999188	-0.0388333	-0.0107189	0.0	-2.71474	0.957367	1.4831299999999998	0.350466	0.11044200000000001	0.897591	-0.42677	0.0	0.133759	-0.438914	-0.888517	0.0	-0.984841	0.0410453	-0.168536	0.0	2.76098	0.7684850000000001	1.61835	0.35536599999999996	
 0	0.015672799999999997	0.8232389999999999	-0.5674779999999999	0.0	0.021934	0.567128	0.8233379999999999	0.0	0.9996370000000001	-0.025351099999999998	-0.00916851	0.0	-2.7166099999999997	0.911276	1.41296	0.348147	0.101995	0.892991	-0.438366	0.0	0.119914	-0.448488	-0.885709	0.0	-0.9875309999999999	0.0377713	-0.152825	0.0	2.72222	0.760426	1.62564	0.355404	
 0	0.0196512	0.808362	-0.588357	0.0	0.0192084	0.5880569999999999	0.808591	0.0	0.9996219999999999	-0.0271913	-0.00397134	0.0	-2.67389	0.814084	1.28288	0.33657800000000004	0.0899081	0.8888879999999999	-0.449215	0.0	0.10586199999999998	-0.457016	-0.883136	0.0	-0.990308	0.031846	-0.135189	0.0	2.68805	0.7312890000000001	1.55018	0.355802	
 0	0.0593269	0.785328	-0.6162310000000001	0.0	0.06266559999999999	0.613171	0.787461	0.0	0.9962700000000001	-0.0853342	-0.0128355	0.0	-2.55959	0.616822	1.04583	0.337364	0.0590105	0.8822399999999999	-0.46708599999999995	0.0	0.0949289	-0.47074099999999997	-0.87715	0.0	-0.993734	0.00742111	-0.111529	0.0	2.63548	0.671084	1.40222	0.35620999999999997	
 0	0.134748	0.760387	-0.635338	0.0	0.131152	0.621858	0.77207	0.0	0.9821620000000001	-0.187361	-0.0159321	0.0	-2.41228	0.290517	0.719264	0.33766999999999997	0.0150205	0.873821	-0.486016	0.0	0.0936307	-0.48516400000000004	-0.869396	0.0	-0.9954940000000001	-0.0324471	-0.0891041	0.0	2.54599	0.579075	1.1669200000000002	0.355975	
 0	0.206319	0.7425430000000001	-0.637231	0.0	0.19546	0.606841	0.770415	0.0	0.958764	-0.283504	-0.019934900000000002	0.0	-2.33966	-0.123198	0.34465	0.34020100000000003	-0.0307955	0.8606950000000001	-0.508189	0.0	0.11055	-0.502378	-0.8575520000000001	0.0	-0.9933930000000001	-0.0825893	-0.07967919999999999	0.0	2.43995	0.48894099999999996	0.852875	0.35605	
 0	0.285474	0.723338	-0.628718	0.0	0.225223	0.587012	0.777619	0.0	0.9315469999999999	-0.363592	0.00466436	0.0	-2.27768	-0.510208	-0.0147172	0.340844	-0.08878860000000001	0.835209	-0.542718	0.0	0.143368	-0.5284800000000001	-0.836752	0.0	-0.9856790000000001	-0.152103	-0.0728197	0.0	2.30694	0.329886	0.5248430000000001	0.356335	
 0	0.321412	0.735129	-0.596892	0.0	0.21969699999999998	0.555249	0.802142	0.0	0.9211010000000001	-0.388953	0.016958	0.0	-2.18952	-0.795177	-0.420563	0.34538	-0.17088299999999998	0.791754	-0.58645	0.0	0.198326	-0.555383	-0.8076	0.0	-0.965125	-0.254313	-0.0621197	0.0	2.14017	0.0755005	0.110579	0.357702	
 0	0.36241599999999996	0.739955	-0.5666760000000001	0.0	0.24036100000000002	0.513239	0.823901	0.0	0.900489	-0.434802	0.00814974	0.0	-2.07688	-0.986817	-0.786674	0.351177	-0.273298	0.74432	-0.60934	0.0	0.251418	-0.556164	-0.79213	0.0	-0.928492	-0.369687	-0.0351368	0.0	2.00674	-0.30485300000000004	-0.298716	0.3581	
 0	0.39809	0.744933	-0.53535	0.0	0.25859299999999996	0.46879099999999996	0.844609	0.0	0.880144	-0.47466899999999995	-0.00601327	0.0	-2.01523	-1.14124	-1.06186	0.352448	-0.35587399999999997	0.712983	-0.60416	0.0	0.287411	-0.53165	-0.796708	0.0	-0.889241	-0.45716999999999997	-0.0157193	0.0	1.91822	-0.673999	-0.608087	0.359012	
 0	0.421505	0.7597970000000001	-0.495016	0.0	0.29231	0.4029	0.86731	0.0	0.8584219999999999	-0.510274	-0.0522721	0.0	-2.00847	-1.30568	-1.35596	0.35281599999999996	-0.407066	0.6922189999999999	-0.595929	0.0	0.33786	-0.492046	-0.802335	0.0	-0.848616	-0.527943	-0.0335781	0.0	1.86112	-1.0334299999999998	-0.99764	0.359486	
 0	0.401737	0.772249	-0.492179	0.0	0.32698299999999997	0.38106100000000004	0.864798	0.0	0.855389	-0.508355	-0.0994256	0.0	-2.02656	-1.38513	-1.5474700000000001	0.35095	-0.403659	0.697186	-0.592445	0.0	0.37195100000000003	-0.46656499999999995	-0.802478	0.0	-0.8358899999999999	-0.544288	-0.07098689999999999	0.0	1.8766599999999998	-1.29944	-1.371	0.359602	
 0	0.392177	0.781892	-0.484605	0.0	0.343882	0.363998	0.865592	0.0	0.853195	-0.506113	-0.126127	0.0	-2.0658	-1.45665	-1.67697	0.349951	-0.373383	0.71434	-0.591865	0.0	0.41192799999999996	-0.443989	-0.795732	0.0	-0.831205	-0.540918	-0.128479	0.0	1.94377	-1.45361	-1.61791	0.359103	
 0	0.375053	0.786183	-0.491175	0.0	0.356049	0.367041	0.859366	0.0	0.8559	-0.49718999999999997	-0.14226	0.0	-2.09234	-1.5011299999999999	-1.76535	0.34768000000000004	-0.340223	0.732568	-0.5895699999999999	0.0	0.453955	-0.42112200000000005	-0.785227	0.0	-0.8235129999999999	-0.53479	-0.189277	0.0	2.02933	-1.62409	-1.77795	0.359039	
 0	0.359078	0.788705	-0.49900600000000006	0.0	0.363041	0.374521	0.853191	0.0	0.8598049999999999	-0.487522	-0.15185	0.0	-2.06244	-1.51637	-1.8024200000000001	0.347192	-0.37469	0.720567	-0.58343	0.0	0.47160799999999997	-0.39365700000000003	-0.789063	0.0	-0.798244	-0.570804	-0.192326	0.0	2.13273	-1.7800099999999999	-1.80897	0.358784	
 0	0.35488200000000003	0.788108	-0.5029359999999999	0.0	0.354162	0.384531	0.8524700000000001	0.0	0.865233	-0.48064700000000005	-0.142655	0.0	-1.99912	-1.5371700000000001	-1.8170099999999998	0.347065	-0.375229	0.716615	-0.5879340000000001	0.0	0.475976	-0.39531	-0.785606	0.0	-0.795393	-0.574625	-0.19276	0.0	2.18695	-1.8165799999999999	-1.8378299999999999	0.357714	
 0	0.35294899999999996	0.7877529999999999	-0.504849	0.0	0.352956	0.38761	0.851575	0.0	0.8665149999999999	-0.47875200000000007	-0.141236	0.0	-1.9652900000000002	-1.54358	-1.82402	0.34728000000000003	-0.375757	0.7177939999999999	-0.586155	0.0	0.48012200000000005	-0.39021300000000003	-0.7856310000000001	0.0	-0.792647	-0.576633	-0.19800399999999999	0.0	2.20945	-1.8240299999999998	-1.86138	0.357779	
 0	0.355159	0.788589	-0.501985	0.0	0.35431599999999996	0.383368	0.85293	0.0	0.8650559999999999	-0.48078699999999996	-0.143253	0.0	-1.95155	-1.54473	-1.81913	0.34717800000000004	-0.374653	0.719544	-0.584715	0.0	0.47494200000000003	-0.392683	-0.787547	0.0	-0.7962819999999999	-0.572763	-0.194622	0.0	2.2210099999999997	-1.83401	-1.86126	0.357385	
 0	0.355124	0.789528	-0.500532	0.0	0.354362	0.381777	0.8536239999999999	0.0	0.865052	-0.480512	-0.144201	0.0	-1.95059	-1.54376	-1.81761	0.34765799999999997	-0.3758	0.719993	-0.583425	0.0	0.472574	-0.39266599999999996	-0.788978	0.0	-0.79715	-0.572209	-0.192686	0.0	2.22404	-1.8594	-1.87054	0.357498	
 0	0.354982	0.790439	-0.49919399999999997	0.0	0.354673	0.380184	0.8542059999999999	0.0	0.864983	-0.480278	-0.14538900000000002	0.0	-1.94773	-1.54245	-1.80971	0.34789499999999995	-0.37842	0.714495	-0.5884689999999999	0.0	0.48521099999999995	-0.388284	-0.783458	0.0	-0.78827	-0.582008	-0.199746	0.0	2.23273	-1.8704599999999998	-1.8743	0.35901	
 0	0.35662	0.790909	-0.497278	0.0	0.35242199999999996	0.37906599999999996	0.855633	0.0	0.8652290000000001	-0.480387	-0.14355199999999999	0.0	-1.9428	-1.5468600000000001	-1.7906400000000002	0.348055	-0.376447	0.714467	-0.589767	0.0	0.49287299999999995	-0.384581	-0.780496	0.0	-0.784451	-0.584496	-0.207368	0.0	2.25127	-1.8685200000000002	-1.8803400000000001	0.359006	
 0	0.355479	0.791145	-0.49771899999999997	0.0	0.349779	0.381209	0.855765	0.0	0.86677	-0.47829799999999995	-0.141213	0.0	-1.9314200000000001	-1.55257	-1.7925	0.348053	-0.36762	0.713381	-0.5966100000000001	0.0	0.49060600000000004	-0.396231	-0.776084	0.0	-0.790039	-0.578004	-0.204326	0.0	2.26589	-1.8873099999999998	-1.90884	0.359026	
 0	0.353964	0.790191	-0.500307	0.0	0.346823	0.385898	0.854867	0.0	0.868575	-0.47611000000000003	-0.137462	0.0	-1.91671	-1.55833	-1.7933299999999999	0.348143	-0.362952	0.704426	-0.609959	0.0	0.484203	-0.416699	-0.769357	0.0	-0.7961239999999999	-0.574583	-0.189844	0.0	2.2743	-1.91045	-1.90284	0.359054	
 0	0.351889	0.788369	-0.504628	0.0	0.345353	0.391726	0.852808	0.0	0.8700030000000001	-0.474368	-0.134421	0.0	-1.90695	-1.5615700000000001	-1.7939900000000002	0.348097	-0.36236599999999997	0.702209	-0.612857	0.0	0.48321800000000004	-0.420727	-0.767782	0.0	-0.7969890000000001	-0.574362	-0.186863	0.0	2.26309	-1.92095	-1.86943	0.359298	
 0	0.346004	0.786874	-0.5109899999999999	0.0	0.345817	0.399327	0.849087	0.0	0.8721770000000001	-0.470496	-0.133945	0.0	-1.9059400000000002	-1.56397	-1.80135	0.34797100000000003	-0.362683	0.701097	-0.613942	0.0	0.483362	-0.42173	-0.767141	0.0	-0.796758	-0.5749850000000001	-0.18592899999999998	0.0	2.25466	-1.9222400000000002	-1.8616099999999998	0.359583	
 0	0.339513	0.784859	-0.518389	0.0	0.346493	0.408009	0.844672	0.0	0.8744559999999999	-0.466395	-0.133424	0.0	-1.90557	-1.56497	-1.8045799999999999	0.348038	-0.36390700000000004	0.700441	-0.613966	0.0	0.48261800000000005	-0.42198100000000005	-0.767471	0.0	-0.796651	-0.575599	-0.18448399999999998	0.0	2.23988	-1.9191900000000002	-1.8546900000000002	0.359887	
 0	0.33332	0.782942	-0.525262	0.0	0.347466	0.41589499999999996	0.8404159999999999	0.0	0.87645	-0.462638	-0.13342	0.0	-1.9051	-1.56522	-1.8032	0.34825300000000003	-0.363977	0.697308	-0.6174810000000001	0.0	0.48369700000000004	-0.425037	-0.7651020000000001	0.0	-0.795964	-0.577153	-0.182583	0.0	2.23559	-1.9165900000000002	-1.8420900000000002	0.359727	
 0	0.333499	0.782994	-0.52507	0.0	0.347456	0.41566400000000003	0.840534	0.0	0.8763860000000001	-0.46275600000000006	-0.133433	0.0	-1.90567	-1.56551	-1.8029099999999998	0.348246	-0.364009	0.697473	-0.617276	0.0	0.48366099999999995	-0.42483000000000004	-0.7652399999999999	0.0	-0.795971	-0.5771069999999999	-0.182699	0.0	2.23496	-1.9164700000000001	-1.8416599999999999	0.359739	
 0	0.333499	0.782994	-0.525071	0.0	0.347456	0.41566499999999995	0.840534	0.0	0.8763860000000001	-0.46275600000000006	-0.133432	0.0	-1.90567	-1.56551	-1.8029099999999998	0.34824499999999997	-0.364009	0.697472	-0.617276	0.0	0.48366099999999995	-0.42483000000000004	-0.765239	0.0	-0.795971	-0.5771069999999999	-0.182698	0.0	2.23496	-1.9164700000000001	-1.84168	0.359739	
 0	0.333499	0.782994	-0.525071	0.0	0.347456	0.41566499999999995	0.840534	0.0	0.8763860000000001	-0.46275600000000006	-0.133432	0.0	-1.90567	-1.56551	-1.8029099999999998	0.34824499999999997	-0.364009	0.697472	-0.617276	0.0	0.48366099999999995	-0.42483000000000004	-0.765239	0.0	-0.795971	-0.5771069999999999	-0.182698	0.0	2.23496	-1.9164700000000001	-1.84168	0.359739	
 0	0.333498	0.782994	-0.525071	0.0	0.347456	0.41566499999999995	0.840534	0.0	0.8763860000000001	-0.46275600000000006	-0.133433	0.0	-1.90567	-1.56551	-1.8029099999999998	0.34824499999999997	-0.364009	0.697472	-0.617276	0.0	0.48366099999999995	-0.42483000000000004	-0.765239	0.0	-0.795971	-0.5771069999999999	-0.182699	0.0	2.23496	-1.9164700000000001	-1.84168	0.359739	
 0	0.333498	0.782994	-0.525071	0.0	0.347456	0.41566499999999995	0.840534	0.0	0.8763860000000001	-0.46275600000000006	-0.133433	0.0	-1.90567	-1.56551	-1.8029099999999998	0.34824499999999997	-0.364009	0.697472	-0.617276	0.0	0.48366099999999995	-0.42483000000000004	-0.765239	0.0	-0.795971	-0.5771069999999999	-0.182698	0.0	2.23496	-1.9164700000000001	-1.84168	0.359739	
 0	0.333499	0.782994	-0.525071	0.0	0.347456	0.41566499999999995	0.840534	0.0	0.8763860000000001	-0.46275600000000006	-0.133432	0.0	-1.90567	-1.56551	-1.8029099999999998	0.348246	-0.364009	0.697472	-0.617276	0.0	0.48366099999999995	-0.42483000000000004	-0.765239	0.0	-0.795971	-0.5771069999999999	-0.182698	0.0	2.23496	-1.9164700000000001	-1.84168	0.359739	
 0	0.333499	0.782994	-0.525071	0.0	0.347456	0.41566499999999995	0.840534	0.0	0.8763860000000001	-0.46275600000000006	-0.133432	0.0	-1.90567	-1.56551	-1.8029099999999998	0.348246	-0.364009	0.697472	-0.617276	0.0	0.48366099999999995	-0.42483000000000004	-0.765239	0.0	-0.795971	-0.5771069999999999	-0.182699	0.0	2.23496	-1.9164700000000001	-1.84168	0.359739	
 0	0.333499	0.782994	-0.525071	0.0	0.347456	0.41566499999999995	0.840534	0.0	0.8763860000000001	-0.46275600000000006	-0.133432	0.0	-1.90567	-1.56551	-1.8029099999999998	0.348246	-0.364009	0.697472	-0.617276	0.0	0.48366099999999995	-0.42483000000000004	-0.765239	0.0	-0.795971	-0.5771069999999999	-0.182698	0.0	2.23496	-1.9164700000000001	-1.84168	0.359739	
 0	0.333499	0.782994	-0.525071	0.0	0.347456	0.41566499999999995	0.840534	0.0	0.8763860000000001	-0.46275600000000006	-0.133432	0.0	-1.90567	-1.56551	-1.8029099999999998	0.348246	-0.364009	0.697472	-0.617276	0.0	0.48366099999999995	-0.42483000000000004	-0.765239	0.0	-0.795971	-0.5771069999999999	-0.182698	0.0	2.23496	-1.9164700000000001	-1.84168	0.359739	
 0	0.333499	0.782994	-0.525071	0.0	0.347456	0.41566499999999995	0.840534	0.0	0.8763860000000001	-0.46275600000000006	-0.133432	0.0	-1.90567	-1.56551	-1.8029099999999998	0.348246	-0.364009	0.697472	-0.617276	0.0	0.48366099999999995	-0.42483000000000004	-0.765239	0.0	-0.795971	-0.5771069999999999	-0.182698	0.0	2.23496	-1.9164700000000001	-1.84168	0.359739	
 0	0.333499	0.782994	-0.525071	0.0	0.347456	0.41566499999999995	0.840534	0.0	0.8763860000000001	-0.46275600000000006	-0.133432	0.0	-1.90567	-1.56551	-1.8029099999999998	0.348246	-0.364009	0.697472	-0.617276	0.0	0.48366099999999995	-0.42483000000000004	-0.765239	0.0	-0.795971	-0.5771069999999999	-0.182698	0.0	2.23496	-1.9164700000000001	-1.84168	0.359739	
 0	0.333499	0.782994	-0.525071	0.0	0.347456	0.41566499999999995	0.840534	0.0	0.8763860000000001	-0.46275600000000006	-0.133432	0.0	-1.90567	-1.56551	-1.8029099999999998	0.348246	-0.364009	0.697472	-0.617276	0.0	0.48366099999999995	-0.42483000000000004	-0.765239	0.0	-0.795971	-0.5771069999999999	-0.182698	0.0	2.23496	-1.9164700000000001	-1.84168	0.359739	
 0	0.333499	0.782994	-0.525071	0.0	0.347456	0.41566499999999995	0.840534	0.0	0.8763860000000001	-0.46275600000000006	-0.133432	0.0	-1.90567	-1.56551	-1.8029099999999998	0.348246	-0.364009	0.697472	-0.617276	0.0	0.48366099999999995	-0.42483000000000004	-0.765239	0.0	-0.795971	-0.5771069999999999	-0.182698	0.0	2.23496	-1.9164700000000001	-1.84168	0.359739	
 0	0.333499	0.782994	-0.525071	0.0	0.347456	0.41566499999999995	0.840534	0.0	0.8763860000000001	-0.46275600000000006	-0.133432	0.0	-1.90567	-1.56551	-1.8029099999999998	0.348246	-0.364009	0.697472	-0.617276	0.0	0.48366099999999995	-0.42483000000000004	-0.765239	0.0	-0.795971	-0.5771069999999999	-0.182698	0.0	2.23496	-1.9164700000000001	-1.84168	0.359739	
 0	0.333499	0.782994	-0.525071	0.0	0.347456	0.41566499999999995	0.840534	0.0	0.8763860000000001	-0.46275600000000006	-0.133432	0.0	-1.90567	-1.56551	-1.8029099999999998	0.348246	-0.364009	0.697472	-0.617276	0.0	0.48366099999999995	-0.42483000000000004	-0.765239	0.0	-0.795971	-0.5771069999999999	-0.182698	0.0	2.23496	-1.9164700000000001	-1.84168	0.359739	
 0	0.333499	0.782994	-0.525071	0.0	0.347456	0.41566499999999995	0.840534	0.0	0.8763860000000001	-0.46275600000000006	-0.133432	0.0	-1.90567	-1.56551	-1.8029099999999998	0.348246	-0.364009	0.697472	-0.617276	0.0	0.48366099999999995	-0.42483000000000004	-0.765239	0.0	-0.795971	-0.5771069999999999	-0.182698	0.0	2.23496	-1.9164700000000001	-1.84168	0.359739	
 0	-0.19211	0.7157859999999999	-0.671376	0.0	0.11358800000000001	0.695738	0.709257	0.0	0.974778	0.05999500000000001	-0.21496300000000002	0.0	-1.8959599999999999	-1.60399	-1.8436599999999999	0.348947	0.0741955	0.796226	-0.600432	0.0	0.22082600000000002	-0.600262	-0.768714	0.0	-0.9724870000000001	-0.075556	-0.22036399999999998	0.0	2.19033	-1.86812	-1.80823	0.35273899999999997	
 0	-0.15924000000000002	0.7098979999999999	-0.686067	0.0	0.143003	0.704191	0.6954600000000001	0.0	0.976828	0.012635299999999999	-0.213653	0.0	-1.89317	-1.6500599999999999	-1.81247	0.348294	0.046445099999999996	0.806319	-0.589654	0.0	0.22101500000000002	-0.583957	-0.781119	0.0	-0.9741639999999999	-0.09404349999999999	-0.20533099999999999	0.0	2.15935	-1.8691400000000002	-1.7815	0.35237399999999997	
 0	-0.101819	0.725865	-0.6802590000000001	0.0	0.19922	0.6848390000000001	0.700933	0.0	0.974651	-0.06415309999999999	-0.21433600000000003	0.0	-1.91185	-1.74738	-1.8066	0.348053	0.029492400000000002	0.818601	-0.5736060000000001	0.0	0.227782	-0.56426	-0.793553	0.0	-0.9732649999999999	-0.107253	-0.203104	0.0	2.14137	-1.8759400000000002	-1.80971	0.352175	
 0	0.0375129	0.782215	-0.621879	0.0	0.29742199999999996	0.585374	0.7542399999999999	0.0	0.954009	-0.213254	-0.210689	0.0	-1.95215	-1.97658	-1.82254	0.343928	0.00633144	0.8415290000000001	-0.540175	0.0	0.246219	-0.524867	-0.8147949999999999	0.0	-0.969194	-0.127842	-0.210524	0.0	2.12336	-1.8910900000000002	-1.8863299999999998	0.352385	
 0	0.16933199999999998	0.804045	-0.569946	0.0	0.379818	0.480389	0.790547	0.0	0.909431	-0.35034099999999996	-0.224046	0.0	-2.08167	-2.26962	-1.93502	0.342783	-0.0359989	0.85315	-0.520422	0.0	0.29528000000000004	-0.488428	-0.821126	0.0	-0.954732	-0.18323	-0.234335	0.0	2.09007	-1.9603099999999998	-2.04431	0.352487	
 0	0.347664	0.765059	-0.5420470000000001	0.0	0.455887	0.367244	0.81074	0.0	0.819327	-0.528977	-0.22110300000000002	0.0	-2.1863200000000003	-2.50272	-2.01294	0.343949	-0.11288499999999999	0.840924	-0.529249	0.0	0.377114	-0.456538	-0.805828	0.0	-0.9192620000000001	-0.290553	-0.265588	0.0	2.04375	-2.15971	-2.3509	0.35479	
 0	0.439276	0.7206	-0.5364439999999999	0.0	0.477843	0.318236	0.818774	0.0	0.760725	-0.616004	-0.20454	0.0	-2.1994700000000003	-2.55498	-1.9970900000000003	0.345115	-0.130188	0.836559	-0.532184	0.0	0.40621999999999997	-0.44463	-0.798304	0.0	-0.9044530000000001	-0.32011300000000004	-0.281942	0.0	2.03677	-2.23664	-2.49324	0.355308	
 0	0.668596	0.523059	-0.528572	0.0	0.5072220000000001	0.199009	0.8385229999999999	0.0	0.543788	-0.8287370000000001	-0.132251	0.0	-2.32999	-2.76578	-1.96935	0.34474299999999997	-0.16051600000000002	0.82696	-0.5388609999999999	0.0	0.458215	-0.42111400000000004	-0.7827529999999999	0.0	-0.8742280000000001	-0.37255900000000003	-0.31133	0.0	2.0194	-2.4611400000000003	-2.89521	0.35670100000000005	
 0	0.723271	0.47618699999999997	-0.500125	0.0	0.47652799999999995	0.180006	0.860534	0.0	0.499801	-0.8607229999999999	-0.0967232	0.0	-2.3678	-2.83269	-1.9780200000000001	0.34415100000000004	-0.167238	0.828156	-0.534967	0.0	0.47365100000000004	-0.408403	-0.780296	0.0	-0.8646889999999999	-0.383883	-0.323957	0.0	2.0072799999999997	-2.57787	-3.11613	0.35720799999999997	
 0	0.783593	0.415663	-0.461742	0.0	0.446475	0.140059	0.883767	0.0	0.432021	-0.8986700000000001	-0.0758339	0.0	-2.25374	-2.89045	-1.9921	0.34368899999999997	-0.168658	0.8218799999999999	-0.544121	0.0	0.484022	-0.41183000000000003	-0.772087	0.0	-0.858649	-0.393585	-0.32835	0.0	1.99403	-2.70092	-3.3062099999999996	0.357047	
 0	0.857123	0.306225	-0.414206	0.0	0.41084799999999994	0.0786317	0.908307	0.0	0.310716	-0.9487059999999999	-0.05841469999999999	0.0	-2.181	-3.02738	-2.05143	0.343558	-0.171256	0.809705	-0.561293	0.0	0.48113500000000003	-0.42842299999999994	-0.764829	0.0	-0.859756	-0.401039	-0.316207	0.0	1.98331	-2.83659	-3.40841	0.357167	
 0	0.8810100000000001	0.23146599999999998	-0.41260699999999995	0.0	0.40613	0.0772951	0.9105409999999999	0.0	0.242652	-0.9697680000000001	-0.0259075	0.0	-2.16545	-3.20286	-2.10699	0.34317600000000004	-0.170625	0.805933	-0.566886	0.0	0.477599	-0.435576	-0.7630020000000001	0.0	-0.861851	-0.400931	-0.31059200000000003	0.0	1.9802099999999998	-2.90768	-3.40565	0.357526	
 0	0.8866639999999999	0.185348	-0.42364300000000005	0.0	0.41188199999999997	0.0998794	0.905747	0.0	0.210191	-0.977584	0.012218099999999999	0.0	-2.09977	-3.39632	-2.09465	0.341792	-0.178271	0.797076	-0.576965	0.0	0.47842399999999996	-0.44217	-0.758681	0.0	-0.859843	-0.411285	-0.302514	0.0	1.9882400000000002	-2.99034	-3.38805	0.357757	
 0	0.8928149999999999	0.12720399999999998	-0.432088	0.0	0.41945299999999996	0.114765	0.900493	0.0	0.164135	-0.985215	0.0491077	0.0	-2.0540700000000003	-3.40694	-2.09928	0.345487	-0.180652	0.7954060000000001	-0.5785279999999999	0.0	0.480724	-0.441754	-0.757469	0.0	-0.8580620000000001	-0.41495	-0.30256700000000003	0.0	2.01323	-3.0376	-3.37261	0.35781999999999997	
 0	0.902503	0.053108	-0.427397	0.0	0.420634	0.10444400000000001	0.901199	0.0	0.0924999	-0.9931120000000001	0.07192180000000001	0.0	-2.0045599999999997	-3.40864	-2.10872	0.345346	-0.181015	0.794289	-0.579947	0.0	0.483382	-0.44169200000000003	-0.755811	0.0	-0.856491	-0.417149	-0.303992	0.0	2.04458	-3.06065	-3.37439	0.35773499999999997	
 0	0.901877	0.024953799999999998	-0.43127200000000004	0.0	0.42700600000000005	0.0997582	0.8987290000000001	0.0	0.0654496	-0.994699	0.07931410000000001	0.0	-1.9807700000000001	-3.41005	-2.11455	0.34515500000000005	-0.180475	0.793771	-0.580824	0.0	0.483926	-0.44244399999999995	-0.755023	0.0	-0.856297	-0.417339	-0.30427600000000005	0.0	2.04867	-3.05566	-3.3704300000000003	0.357686	
 0	0.8875149999999999	-0.022180500000000002	-0.460244	0.0	0.46048	0.07863289999999999	0.88418	0.0	0.016578799999999998	-0.996657	0.0800016	0.0	-2.02734	-3.41155	-2.08485	0.341449	-0.179901	0.79228	-0.583034	0.0	0.48149200000000003	-0.445924	-0.754532	0.0	-0.8577889999999999	-0.416466	-0.301255	0.0	2.04631	-3.04691	-3.35888	0.357669	
 0	0.877552	-0.0316052	-0.47843900000000006	0.0	0.47938100000000006	0.07822749999999999	0.8741129999999999	0.0	0.00980054	-0.996434	0.08379960000000002	0.0	-2.21608	-3.53471	-2.01858	0.339198	-0.179724	0.7911630000000001	-0.584604	0.0	0.47949200000000003	-0.448449	-0.754309	0.0	-0.8589459999999999	-0.41588	-0.298759	0.0	2.04533	-3.04846	-3.34999	0.357495	
 0	0.846406	-0.016332299999999998	-0.532288	0.0	0.532109	0.06608460000000001	0.844093	0.0	0.0213902	-0.9976799999999999	0.064625	0.0	-2.1881	-3.3148400000000002	-1.9076	0.336513	-0.178978	0.791088	-0.584933	0.0	0.47840600000000005	-0.449535	-0.754352	0.0	-0.859707	-0.414847	-0.298005	0.0	2.04572	-3.05956	-3.3365400000000003	0.357623	
 0	0.835318	-0.0010244000000000002	-0.549766	0.0	0.549024	0.0535019	0.8340920000000001	0.0	0.0285591	-0.998567	0.0452536	0.0	-2.1099799999999997	-3.15014	-1.84328	0.337303	-0.17824600000000002	0.789771	-0.586933	0.0	0.474433	-0.453593	-0.754432	0.0	-0.862057	-0.41293500000000005	-0.293842	0.0	2.04805	-3.06685	-3.33621	0.357579	
 0	0.809886	0.00924206	-0.586515	0.0	0.586221	0.022615599999999996	0.809836	0.0	0.0207489	-0.9997010000000001	0.0128982	0.0	-1.97695	-2.7564	-1.65583	0.33918200000000004	-0.17794200000000002	0.78525	-0.593059	0.0	0.468017	-0.46261599999999997	-0.752959	0.0	-0.865619	-0.411545	-0.285192	0.0	2.04083	-3.0759	-3.3305599999999997	0.357408	
 0	0.8024479999999999	0.00699702	-0.596681	0.0	0.59653	0.015955	0.8024319999999999	0.0	0.015134700000000001	-0.999848	0.00862911	0.0	-1.9268599999999998	-2.625	-1.5845	0.340246	-0.178786	0.782884	-0.5959260000000001	0.0	0.464616	-0.46671999999999997	-0.752533	0.0	-0.867276	-0.411419	-0.280298	0.0	2.02616	-3.07436	-3.31848	0.35722800000000005	
 0	0.79828	0.00283599	-0.60228	0.0	0.602286	-0.00185303	0.7982779999999999	0.0	0.0011479	-0.999994	-0.00318732	0.0	-1.91343	-2.45757	-1.4875399999999999	0.340127	-0.179784	0.7783479999999999	-0.601542	0.0	0.4609	-0.47358199999999995	-0.750528	0.0	-0.869051	-0.41218299999999997	-0.273598	0.0	2.01191	-3.06376	-3.2804900000000004	0.357039	
 0	0.810139	0.00608799	-0.5862069999999999	0.0	0.586228	-0.014246200000000002	0.81002	0.0	-0.00341985	-0.9998799999999999	-0.015110299999999998	0.0	-1.8867	-2.44652	-1.46825	0.340973	-0.179392	0.777405	-0.602876	0.0	0.46181099999999997	-0.474554	-0.749352	0.0	-0.868648	-0.412843	-0.273883	0.0	2.00829	-3.05865	-3.2713099999999997	0.356844	
 0	0.821325	-0.026014699999999998	-0.569868	0.0	0.569932	-0.00559152	0.821673	0.0	-0.024562	-0.9996459999999999	0.0102342	0.0	-1.93956	-2.6439	-1.5109	0.340156	-0.180308	0.777099	-0.6029979999999999	0.0	0.46154799999999996	-0.47451899999999997	-0.749537	0.0	-0.868598	-0.41346000000000005	-0.273109	0.0	2.0036	-3.0565	-3.26551	0.356653	
 0	0.8244020000000001	-0.035294	-0.564904	0.0	0.565268	0.00039988	0.824908	0.0	-0.0288883	-0.9993770000000001	0.0202802	0.0	-1.95409	-2.71915	-1.49975	0.339481	-0.181025	0.776836	-0.603121	0.0	0.461584	-0.474404	-0.749587	0.0	-0.8684299999999999	-0.41408500000000004	-0.27269699999999997	0.0	2.00415	-3.05965	-3.2651	0.356607	
 0	0.831619	-0.0486389	-0.5532130000000001	0.0	0.55411	0.00624353	0.83242	0.0	-0.0370339	-0.9987969999999999	0.0321435	0.0	-1.9800400000000002	-2.86873	-1.5173	0.337608	-0.182077	0.7766460000000001	-0.603049	0.0	0.463766	-0.47297100000000003	-0.749146	0.0	-0.8670459999999999	-0.416076	-0.274065	0.0	2.00522	-3.0594799999999998	-3.26587	0.356162	
 0	0.831722	-0.0683684	-0.550967	0.0	0.5525260000000001	0.00477643	0.833482	0.0	-0.054352099999999993	-0.997649	0.041748	0.0	-2.01537	-2.99306	-1.55444	0.336432	-0.182478	0.77659	-0.603001	0.0	0.46571	-0.471866	-0.748636	0.0	-0.8659190000000001	-0.417434	-0.275561	0.0	2.01157	-3.0625299999999998	-3.26839	0.356008	
 0	0.839942	-0.0896875	-0.5352140000000001	0.0	0.538003	0.00846447	0.8429	0.0	-0.0710673	-0.995934	0.0553618	0.0	-2.14602	-3.2128200000000002	-1.59915	0.336213	-0.182765	0.775942	-0.603748	0.0	0.467553	-0.47160799999999997	-0.74765	0.0	-0.864865	-0.41892799999999997	-0.27660100000000004	0.0	2.02592	-3.0613900000000003	-3.26857	0.353626	
 0	0.858592	-0.0637587	-0.50868	0.0	0.510232	0.00981346	0.859981	0.0	-0.0498393	-0.997917	0.0409575	0.0	-2.20657	-3.37926	-1.6550599999999998	0.335768	-0.18403599999999998	0.77482	-0.604801	0.0	0.46773000000000003	-0.472146	-0.7472	0.0	-0.8645	-0.42039499999999996	-0.275515	0.0	2.03163	-3.0565900000000004	-3.26192	0.352367	
 0	0.865772	-0.0425221	-0.49862799999999996	0.0	0.499014	-0.00175729	0.866592	0.0	-0.0377256	-0.999094	0.019697700000000002	0.0	-2.23915	-3.4773300000000003	-1.7046400000000002	0.335805	-0.183816	0.774301	-0.605533	0.0	0.469366	-0.47212200000000004	-0.746188	0.0	-0.8636590000000001	-0.421378	-0.276647	0.0	2.03524	-3.054	-3.2656	0.350221	
 0	0.8790399999999999	-0.010016299999999999	-0.47664300000000004	0.0	0.47614300000000004	-0.0319216	0.8787879999999999	0.0	-0.0240174	-0.99944	-0.0232912	0.0	-2.26664	-3.6352	-1.82171	0.338645	-0.18253699999999998	0.774	-0.606304	0.0	0.46687399999999996	-0.47447	-0.746262	0.0	-0.8652799999999999	-0.419288	-0.274752	0.0	2.03967	-3.05267	-3.2608200000000003	0.34741500000000003	
 0	0.874395	0.010030599999999999	-0.48511099999999996	0.0	0.485213	-0.0210283	0.874143	0.0	-0.00143281	-0.9997290000000001	-0.023254	0.0	-2.27279	-3.62759	-1.7920900000000002	0.294215	-0.180861	0.770742	-0.610939	0.0	0.464055	-0.480813	-0.743957	0.0	-0.8671459999999999	-0.418062	-0.270706	0.0	2.02244	-3.0443599999999997	-3.25352	0.347943	
 0	0.8726280000000001	0.0127375	-0.48821899999999996	0.0	0.488374	-0.016150799999999996	0.8724850000000001	0.0	0.00322819	-0.9997889999999999	-0.0203143	0.0	-2.2416	-3.6087599999999997	-1.72957	0.201309	-0.181009	0.770166	-0.611621	0.0	0.464478	-0.48122299999999996	-0.743428	0.0	-0.8668889999999999	-0.418652	-0.270619	0.0	2.01503	-3.03745	-3.24703	0.348008	
 0	0.8716430000000001	0.0377059	-0.48868900000000004	0.0	0.489699	-0.024636099999999998	0.8715440000000001	0.0	0.020822999999999998	-0.998985	-0.0399384	0.0	-2.24023	-3.5966	-1.6898099999999998	0.134439	-0.181491	0.770228	-0.6114	0.0	0.464871	-0.480674	-0.743537	0.0	-0.866577	-0.419167	-0.27081900000000003	0.0	2.01242	-3.0434799999999997	-3.2541599999999997	0.34844200000000003	
