0	0.284702	0.852331	-0.438721	0.0	0.45541400000000004	0.282458	0.844284	0.0	0.8435299999999999	-0.440169	-0.307747	0.0	-2.77813	2.0088	1.39174	0.0189405	-0.400316	0.849786	-0.342945	0.0	0.544605	-0.0803586	-0.834834	0.0	-0.736989	-0.520967	-0.430629	0.0	2.60837	2.009	1.58591	0.00855875	
0	-0.0412156	0.9299799999999999	-0.365292	0.0	0.220633	0.365048	0.904467	0.0	0.9744860000000001	-0.043317400000000006	-0.22023	0.0	-2.87053	1.92935	1.48298	0.0	-0.226412	0.9442799999999999	-0.2389	0.0	0.38850300000000004	-0.13736600000000002	-0.911151	0.0	-0.8931979999999999	-0.299109	-0.335755	0.0	2.6343	1.81837	1.6671200000000002	0.0	
0	-0.0304563	0.92745	-0.372705	0.0	0.22948600000000002	0.369406	0.900486	0.0	0.972835	-0.05810509999999999	-0.22408699999999998	0.0	-2.86815	1.8384099999999999	1.4565	0.0	-0.23654	0.93489	-0.264629	0.0	0.380262	-0.16155799999999998	-0.910659	0.0	-0.894119	-0.31603600000000004	-0.317289	0.0	2.6355	1.70606	1.7208400000000001	0.0	
0	-0.033744	0.931665	-0.361748	0.0	0.22526	0.35973099999999997	0.905457	0.0	0.973714	-0.0509336	-0.222005	0.0	-2.87174	1.8143599999999998	1.43082	0.0	-0.23086199999999998	0.9342090000000001	-0.271949	0.0	0.370756	-0.173949	-0.9122950000000001	0.0	-0.8995790000000001	-0.31144099999999997	-0.306206	0.0	2.6301099999999997	1.6656400000000002	1.75007	-0.00034523	
0	-0.0566224	0.9373540000000001	-0.343746	0.0	0.233177	0.347192	0.908343	0.0	0.970785	-0.0287214	-0.238229	0.0	-2.92518	1.8230099999999998	1.35568	0.234404	-0.252245	0.946314	-0.202147	0.0	0.40909	-0.0850295	-0.908524	0.0	-0.8769370000000001	-0.311867	-0.36568	0.0	2.6400900000000003	1.70566	1.70585	0.359619	
0	-0.12005899999999999	0.925176	-0.36005	0.0	0.206693	0.37801999999999997	0.902429	0.0	0.9710120000000001	0.0339251	-0.236612	0.0	-2.85703	1.8251700000000002	1.21577	0.347454	-0.308381	0.924932	-0.22226300000000002	0.0	0.396872	-0.08724730000000001	-0.913718	0.0	-0.864519	-0.36998400000000004	-0.340175	0.0	2.575	1.5236	1.71045	0.36341999999999997	
0	-0.11409200000000001	0.9314520000000001	-0.345513	0.0	0.210786	0.362562	0.907809	0.0	0.970851	0.030744099999999996	-0.237702	0.0	-2.7963400000000003	1.7650700000000001	1.30145	0.346462	-0.383106	0.9003760000000001	-0.20628400000000002	0.0	0.38389	-0.0479261	-0.922134	0.0	-0.8401540000000001	-0.432465	-0.327285	0.0	2.5470900000000003	1.29501	1.75305	0.363556	
0	-0.102975	0.9287989999999999	-0.35599000000000003	0.0	0.21604600000000002	0.370233	0.903467	0.0	0.970938	0.016124100000000002	-0.238788	0.0	-2.76041	1.69327	1.33168	0.346443	-0.48475799999999997	0.8647389999999999	-0.13128599999999999	0.0	0.377471	0.0714327	-0.923262	0.0	-0.789003	-0.497115	-0.36104200000000003	0.0	2.54783	1.16438	1.69533	0.363973	
0	-0.102214	0.9290120000000001	-0.355653	0.0	0.217231	0.369742	0.903383	0.0	0.9707540000000001	0.0150798	-0.239603	0.0	-2.74789	1.67615	1.35685	0.346598	-0.522596	0.847037	-0.0970651	0.0	0.377651	0.127909	-0.9170709999999999	0.0	-0.7643770000000001	-0.515914	-0.386729	0.0	2.6081	1.11674	1.62824	0.363976	
0	-0.10313900000000001	0.9250299999999999	-0.365625	0.0	0.21523299999999998	0.379632	0.899752	0.0	0.971101	0.014104599999999998	-0.238252	0.0	-2.74464	1.67335	1.40326	0.346677	-0.510235	0.8492860000000001	-0.135551	0.0	0.398943	0.0940955	-0.912135	0.0	-0.7619090000000001	-0.51948	-0.386828	0.0	2.63155	1.09826	1.6045399999999999	0.36325100000000005	
0	-0.10926199999999998	0.9217270000000001	-0.37213	0.0	0.208891	0.387303	0.897976	0.0	0.971816	0.0203798	-0.23485799999999998	0.0	-2.73068	1.67507	1.41449	0.346696	-0.418808	0.860857	-0.289008	0.0	0.46608999999999995	-0.0693574	-0.882014	0.0	-0.7793329999999999	-0.504099	-0.37219	0.0	2.65025	1.0967	1.59556	0.36346799999999996	
0	-0.119426	0.9166270000000001	-0.38148699999999997	0.0	0.201193	0.398608	0.8947809999999999	0.0	0.972244	0.030108	-0.232023	0.0	-2.71782	1.67507	1.41975	0.346654	-0.277898	0.861391	-0.42518	0.0	0.5110859999999999	-0.24218699999999999	-0.8247040000000001	0.0	-0.813366	-0.44648699999999997	-0.372942	0.0	2.66358	1.1460299999999999	1.57735	0.363985	
0	-0.118333	0.913682	-0.388822	0.0	0.198761	0.405444	0.89225	0.0	0.972878	0.0282997	-0.229582	0.0	-2.69473	1.66955	1.42656	0.34663299999999997	-0.224768	0.835657	-0.501155	0.0	0.5099229999999999	-0.337394	-0.791292	0.0	-0.8303360000000001	-0.433408	-0.350286	0.0	2.66305	1.11113	1.56481	0.363977	
0	-0.119226	0.9124770000000001	-0.39137	0.0	0.197246	0.408093	0.8913780000000001	0.0	0.9730770000000001	0.0290795	-0.228638	0.0	-2.68518	1.66648	1.42903	0.34677600000000003	-0.22138000000000002	0.82009	-0.527678	0.0	0.5135109999999999	-0.36197399999999996	-0.777998	0.0	-0.829034	-0.443201	-0.340992	0.0	2.6572	1.04011	1.62584	0.363982	
0	-0.120565	0.911739	-0.392679	0.0	0.19763	0.40969099999999997	0.890559	0.0	0.972834	0.029765100000000003	-0.229581	0.0	-2.68345	1.66717	1.4259	0.346758	-0.221896	0.815706	-0.534216	0.0	0.508361	-0.370743	-0.777251	0.0	-0.8320649999999999	-0.444043	-0.332407	0.0	2.64909	1.01033	1.6541	0.363976	
0	-0.12178599999999999	0.9112899999999999	-0.393343	0.0	0.19753900000000002	0.41061899999999996	0.890152	0.0	0.972701	0.0307077	-0.230023	0.0	-2.68089	1.66905	1.42697	0.34679	-0.23493899999999998	0.80933	-0.53832	0.0	0.503644	-0.37232	-0.779565	0.0	-0.8313520000000001	-0.454272	-0.320141	0.0	2.6306700000000003	0.958624	1.66593	0.3639	
0	-0.124108	0.909848	-0.395948	0.0	0.19480899999999998	0.413608	0.8893690000000001	0.0	0.972958	0.0332433	-0.228579	0.0	-2.68195	1.6652900000000002	1.42587	0.346762	-0.24370999999999998	0.810041	-0.533328	0.0	0.497909	-0.36740500000000004	-0.785557	0.0	-0.8322809999999999	-0.45699700000000004	-0.313786	0.0	2.6301799999999997	0.9381120000000001	1.6825	0.36380500000000005	
0	-0.120456	0.9085620000000001	-0.400007	0.0	0.196261	0.416783	0.887566	0.0	0.973125	0.0284068	-0.228519	0.0	-2.68283	1.64753	1.44438	0.347061	-0.265412	0.814944	-0.515193	0.0	0.497878	-0.34174699999999997	-0.797074	0.0	-0.825636	-0.468056	-0.315039	0.0	2.63979	0.923582	1.70118	0.36368	
0	-0.11944300000000001	0.9071290000000001	-0.403548	0.0	0.195226	0.41998100000000005	0.886286	0.0	0.973458	0.0270772	-0.22725900000000002	0.0	-2.6827799999999997	1.60055	1.432	0.347342	-0.29306	0.820127	-0.491433	0.0	0.49987700000000007	-0.306721	-0.809966	0.0	-0.815008	-0.483025	-0.320075	0.0	2.6415	0.890228	1.6712099999999999	0.362363	
0	-0.11946199999999998	0.907128	-0.403543	0.0	0.19510999999999998	0.41997799999999996	0.8863129999999999	0.0	0.9734790000000001	0.027145299999999997	-0.227162	0.0	-2.6830000000000003	1.60019	1.4324299999999999	0.347323	-0.294037	0.820509	-0.49021099999999995	0.0	0.499438	-0.30539499999999997	-0.810738	0.0	-0.814926	-0.483217	-0.319996	0.0	2.64279	0.8907010000000001	1.6696900000000001	0.362505	
0	-0.11946199999999998	0.907128	-0.403544	0.0	0.19511199999999998	0.419979	0.8863120000000001	0.0	0.9734780000000001	0.027144099999999997	-0.227163	0.0	-2.6830000000000003	1.60022	1.43244	0.347323	-0.29401700000000003	0.8205020000000001	-0.490234	0.0	0.499446	-0.305421	-0.810723	0.0	-0.814928	-0.483212	-0.319998	0.0	2.64277	0.8907229999999999	1.6697400000000002	0.362505	
0	-0.11946199999999998	0.907128	-0.403545	0.0	0.19511199999999998	0.419979	0.8863120000000001	0.0	0.9734780000000001	0.027144	-0.227163	0.0	-2.6830000000000003	1.6002299999999998	1.43244	0.347323	-0.29401700000000003	0.8205020000000001	-0.490234	0.0	0.499446	-0.305421	-0.810723	0.0	-0.814928	-0.483212	-0.319998	0.0	2.64277	0.8907229999999999	1.6697400000000002	0.362505	
0	-0.11946199999999998	0.907128	-0.403545	0.0	0.19511199999999998	0.419979	0.8863120000000001	0.0	0.9734780000000001	0.027144	-0.227163	0.0	-2.6830000000000003	1.6002299999999998	1.43244	0.347323	-0.29401700000000003	0.8205020000000001	-0.490234	0.0	0.499446	-0.305421	-0.810723	0.0	-0.814928	-0.483212	-0.319998	0.0	2.64277	0.890724	1.6697400000000002	0.362505	
0	-0.11946199999999998	0.907128	-0.403544	0.0	0.19511199999999998	0.419979	0.8863120000000001	0.0	0.9734780000000001	0.027144099999999997	-0.227163	0.0	-2.6830000000000003	1.60022	1.43244	0.347323	-0.29401700000000003	0.8205020000000001	-0.490234	0.0	0.499446	-0.305421	-0.810723	0.0	-0.814928	-0.483212	-0.319998	0.0	2.64277	0.8907229999999999	1.6697400000000002	0.362505	
0	-0.11946199999999998	0.907128	-0.403545	0.0	0.19511199999999998	0.419979	0.8863120000000001	0.0	0.9734780000000001	0.027144	-0.227163	0.0	-2.6830000000000003	1.60022	1.43244	0.347323	-0.29401700000000003	0.8205020000000001	-0.490234	0.0	0.499446	-0.305421	-0.810723	0.0	-0.814928	-0.483212	-0.319998	0.0	2.64277	0.8907229999999999	1.6697400000000002	0.362505	
0	-0.11946199999999998	0.907128	-0.403544	0.0	0.19511199999999998	0.419979	0.8863120000000001	0.0	0.9734780000000001	0.027144	-0.227163	0.0	-2.6830000000000003	1.60022	1.43244	0.347323	-0.29401700000000003	0.8205020000000001	-0.490234	0.0	0.499446	-0.305421	-0.810723	0.0	-0.814928	-0.483212	-0.319998	0.0	2.64277	0.890724	1.6697400000000002	0.362505	
0	-0.11946199999999998	0.907128	-0.403544	0.0	0.19511199999999998	0.419979	0.8863120000000001	0.0	0.9734780000000001	0.027144	-0.227163	0.0	-2.6830000000000003	1.60022	1.43244	0.347323	-0.29401700000000003	0.8205020000000001	-0.490234	0.0	0.499446	-0.305421	-0.810723	0.0	-0.814928	-0.483212	-0.319998	0.0	2.64277	0.8907229999999999	1.6697400000000002	0.362505	
0	-0.11946199999999998	0.907128	-0.403545	0.0	0.19511199999999998	0.419979	0.8863120000000001	0.0	0.9734780000000001	0.027143900000000002	-0.227163	0.0	-2.6830000000000003	1.6002299999999998	1.43244	0.347323	-0.29401700000000003	0.8205030000000001	-0.490234	0.0	0.499446	-0.305421	-0.810723	0.0	-0.814928	-0.483212	-0.319998	0.0	2.64277	0.8907229999999999	1.6697400000000002	0.362504	
0	-0.11946199999999998	0.907128	-0.403545	0.0	0.19511199999999998	0.419979	0.8863120000000001	0.0	0.9734780000000001	0.027144	-0.227163	0.0	-2.6830000000000003	1.60022	1.43244	0.347323	-0.29401700000000003	0.8205020000000001	-0.490234	0.0	0.499446	-0.305421	-0.810723	0.0	-0.814928	-0.483212	-0.319998	0.0	2.64277	0.8907229999999999	1.6697400000000002	0.362504	
0	-0.11946199999999998	0.907128	-0.403545	0.0	0.19511199999999998	0.419979	0.8863120000000001	0.0	0.9734790000000001	0.027144	-0.227163	0.0	-2.6830000000000003	1.60022	1.43244	0.34732399999999997	-0.29401700000000003	0.8205020000000001	-0.490234	0.0	0.499446	-0.305421	-0.810723	0.0	-0.814928	-0.483212	-0.319998	0.0	2.64277	0.8907229999999999	1.6697400000000002	0.362504	
0	-0.11946199999999998	0.907128	-0.403544	0.0	0.19511199999999998	0.419979	0.8863120000000001	0.0	0.9734780000000001	0.027144	-0.227163	0.0	-2.6830000000000003	1.60022	1.43244	0.347323	-0.29401700000000003	0.8205020000000001	-0.490234	0.0	0.499446	-0.305421	-0.810723	0.0	-0.814928	-0.483212	-0.319998	0.0	2.64277	0.8907229999999999	1.6697400000000002	0.362505	
0	-0.11946199999999998	0.907128	-0.403545	0.0	0.19511199999999998	0.419979	0.8863120000000001	0.0	0.9734780000000001	0.027144	-0.227163	0.0	-2.6830000000000003	1.60022	1.43244	0.347323	-0.29401700000000003	0.8205020000000001	-0.490234	0.0	0.499446	-0.305421	-0.810723	0.0	-0.814928	-0.483212	-0.319998	0.0	2.64277	0.890724	1.6697400000000002	0.362504	
0	-0.11946199999999998	0.907128	-0.403544	0.0	0.19511199999999998	0.419979	0.8863120000000001	0.0	0.9734780000000001	0.027144	-0.227163	0.0	-2.6830000000000003	1.60022	1.43244	0.347323	-0.29401700000000003	0.8205020000000001	-0.490234	0.0	0.499446	-0.305421	-0.810723	0.0	-0.814928	-0.483212	-0.319998	0.0	2.64277	0.890724	1.6697400000000002	0.362504	
0	-0.11946199999999998	0.907128	-0.403545	0.0	0.19511199999999998	0.419979	0.8863120000000001	0.0	0.9734790000000001	0.027143900000000002	-0.227163	0.0	-2.6830000000000003	1.60022	1.43244	0.347323	-0.29401700000000003	0.8205020000000001	-0.490234	0.0	0.499446	-0.305421	-0.810723	0.0	-0.814928	-0.483212	-0.319998	0.0	2.64277	0.8907229999999999	1.6697400000000002	0.362504	
0	-0.11946199999999998	0.907128	-0.403545	0.0	0.19511199999999998	0.419979	0.8863120000000001	0.0	0.9734780000000001	0.027144	-0.227163	0.0	-2.6830000000000003	1.60022	1.43244	0.347323	-0.29401700000000003	0.8205020000000001	-0.490234	0.0	0.499446	-0.305421	-0.810723	0.0	-0.814928	-0.483212	-0.319998	0.0	2.64277	0.8907229999999999	1.6697400000000002	0.362504	
0	0.0782028	0.808139	-0.583777	0.0	0.028829900000000002	0.583492	0.811607	0.0	0.9965209999999999	-0.0803002	0.0223321	0.0	-2.65369	1.52725	1.3422	0.34886999999999996	0.165458	0.515927	-0.8405020000000001	0.0	-0.0218127	-0.850125	-0.5261279999999999	0.0	-0.9859760000000001	0.105386	-0.129406	0.0	2.61098	0.9288719999999999	1.7192	0.345042	
0	0.0806521	0.847599	-0.524473	0.0	0.0392029	0.5230819999999999	0.8513799999999999	0.0	0.9959709999999999	-0.0892265	0.00895929	0.0	-2.5871	1.39088	1.17462	0.341532	0.133891	0.575244	-0.806949	0.0	-0.06599189999999999	-0.807298	-0.586443	0.0	-0.9887959999999999	0.131772	-0.0701289	0.0	2.52603	0.9155549999999999	1.6433200000000001	0.34183800000000003	
0	0.0793311	0.8428899999999999	-0.5322060000000001	0.0	0.0582803	0.529054	0.846584	0.0	0.995143	-0.09817769999999999	-0.00715345	0.0	-2.54123	1.31092	0.9191	0.339911	0.0842777	0.675962	-0.732102	0.0	-0.0216247	-0.733302	-0.679559	0.0	-0.996208	0.0731032	-0.0471837	0.0	2.43819	0.8502569999999999	1.52589	0.34474099999999996	
0	0.100858	0.834778	-0.54127	0.0	0.111705	0.531103	0.8399120000000001	0.0	0.98861	-0.145175	-0.0396829	0.0	-2.44748	1.20452	0.47945299999999996	0.339333	0.0329787	0.761406	-0.647436	0.0	0.0112884	-0.648031	-0.76153	0.0	-0.9993920000000001	0.017805900000000003	-0.029966500000000004	0.0	2.3275099999999997	0.760741	1.2313399999999999	0.351746	
0	0.123243	0.8196709999999999	-0.559419	0.0	0.18398399999999998	0.535071	0.8245290000000001	0.0	0.9751719999999999	-0.204542	-0.08486210000000001	0.0	-2.39774	1.02183	-0.125549	0.338904	0.00416327	0.8469620000000001	-0.531638	0.0	0.08116160000000001	-0.530175	-0.843995	0.0	-0.996692	-0.039634800000000005	-0.070948	0.0	2.21057	0.6475569999999999	0.7494460000000001	0.35073000000000004	
0	0.15602	0.811354	-0.563349	0.0	0.234998	0.523467	0.818998	0.0	0.959393	-0.260166	-0.10899500000000001	0.0	-2.3109900000000003	0.815338	-0.711697	0.342452	-0.0680022	0.896259	-0.438288	0.0	0.139497	-0.42644799999999994	-0.893691	0.0	-0.987885	-0.12191300000000001	-0.09602619999999999	0.0	2.09955	0.46647799999999995	0.23339000000000001	0.353677	
0	0.197415	0.792582	-0.576924	0.0	0.262704	0.5242100000000001	0.810056	0.0	0.944465	-0.31147800000000003	-0.104728	0.0	-2.20926	0.6176189999999999	-1.15775	0.346456	-0.128499	0.912633	-0.388059	0.0	0.20233299999999999	-0.358946	-0.911164	0.0	-0.97085	-0.195601	-0.138531	0.0	1.9565400000000002	0.261374	-0.269424	0.35684699999999997	
0	0.29598800000000003	0.750785	-0.5905189999999999	0.0	0.27073600000000003	0.526927	0.805636	0.0	0.9160200000000001	-0.398333	-0.047300800000000004	0.0	-2.1190599999999997	0.264442	-1.46669	0.347092	-0.215531	0.883561	-0.415774	0.0	0.312359	-0.341028	-0.886641	0.0	-0.925191	-0.320969	-0.202487	0.0	1.82407	-0.00626428	-0.746815	0.358089	
0	0.383499	0.704549	-0.59711	0.0	0.291105	0.521368	0.802143	0.0	0.8764620000000001	-0.481443	-0.00515389	0.0	-2.09449	-0.0925154	-1.6954099999999999	0.347248	-0.331237	0.826227	-0.45566599999999996	0.0	0.38000500000000004	-0.325216	-0.865928	0.0	-0.863643	-0.459983	-0.20624699999999999	0.0	1.77794	-0.401975	-1.14826	0.35870100000000005	
0	0.490435	0.639993	-0.5915090000000001	0.0	0.30824	0.507478	0.8046449999999999	0.0	0.815145	-0.5769529999999999	0.051613400000000004	0.0	-2.09259	-0.579622	-1.88104	0.34758	-0.437086	0.757638	-0.484706	0.0	0.463292	-0.27226300000000003	-0.843347	0.0	-0.7709189999999999	-0.593175	-0.232006	0.0	1.83926	-0.937573	-1.58795	0.358754	
0	0.5253899999999999	0.6286189999999999	-0.573414	0.0	0.31546199999999996	0.481979	0.817423	0.0	0.790221	-0.610356	0.054921000000000005	0.0	-2.1886400000000004	-0.8925139999999999	-1.99958	0.347183	-0.48621899999999996	0.725212	-0.48750200000000005	0.0	0.490842	-0.23489699999999997	-0.838986	0.0	-0.722956	-0.6472180000000001	-0.24175300000000002	0.0	2.00585	-1.3155700000000001	-1.81287	0.358898	
0	0.524838	0.6376689999999999	-0.563847	0.0	0.319329	0.46653100000000003	0.82485	0.0	0.789033	-0.612966	0.041227099999999996	0.0	-2.2549900000000003	-1.0424799999999999	-2.06241	0.34670300000000004	-0.475046	0.736005	-0.48231499999999994	0.0	0.49214399999999997	-0.23215300000000003	-0.838987	0.0	-0.72947	-0.635926	-0.25193699999999997	0.0	2.12417	-1.50336	-1.96353	0.359202	
0	0.502159	0.648055	-0.572592	0.0	0.337622	0.462661	0.819729	0.0	0.796146	-0.604954	0.0135316	0.0	-2.27926	-1.06746	-2.08926	0.347223	-0.474891	0.740749	-0.475152	0.0	0.497277	-0.219592	-0.839342	0.0	-0.7260810000000001	-0.6348779999999999	-0.264075	0.0	2.17522	-1.58728	-1.96898	0.360369	
0	0.502782	0.662565	-0.5551729999999999	0.0	0.34663299999999997	0.433816	0.8316549999999999	0.0	0.791868	-0.610583	-0.0115524	0.0	-2.31623	-1.1012600000000001	-2.1532299999999998	0.346523	-0.47422299999999995	0.7406050000000001	-0.47604300000000005	0.0	0.5084	-0.21108400000000002	-0.834849	0.0	-0.718778	-0.637925	-0.276423	0.0	2.22264	-1.61388	-1.98338	0.360643	
0	0.500717	0.673509	-0.543754	0.0	0.34921399999999997	0.41761000000000004	0.8388389999999999	0.0	0.792043	-0.609908	-0.0260941	0.0	-2.34617	-1.1381700000000001	-2.20169	0.34609	-0.46667700000000006	0.743801	-0.47851099999999996	0.0	0.5145569999999999	-0.211707	-0.83091	0.0	-0.719336	-0.633988	-0.283929	0.0	2.27045	-1.63681	-2.02715	0.360654	
0	0.49201000000000006	0.677421	-0.546834	0.0	0.360985	0.41283500000000006	0.836216	0.0	0.792222	-0.608826	-0.0414203	0.0	-2.3342099999999997	-1.1463700000000001	-2.2700299999999998	0.34391	-0.460279	0.746588	-0.480364	0.0	0.520559	-0.211338	-0.827257	0.0	-0.71914	-0.630827	-0.291369	0.0	2.30836	-1.6524	-2.06027	0.361031	
0	0.5142869999999999	0.675321	-0.5286310000000001	0.0	0.36940300000000004	0.381851	0.84719	0.0	0.773984	-0.630977	-0.053084400000000004	0.0	-2.34187	-1.19098	-2.31268	0.331044	-0.452579	0.7439	-0.491717	0.0	0.519608	-0.228135	-0.823385	0.0	-0.724693	-0.628147	-0.283287	0.0	2.3176200000000002	-1.69092	-2.09551	0.360797	
0	0.516686	0.674817	-0.526932	0.0	0.368706	0.38008200000000003	0.848289	0.0	0.772717	-0.632582	-0.052425900000000004	0.0	-2.35534	-1.2232100000000001	-2.32349	0.331972	-0.451871	0.737955	-0.501235	0.0	0.517911	-0.24046900000000002	-0.82094	0.0	-0.726348	-0.630554	-0.273535	0.0	2.30925	-1.71777	-2.10819	0.3612	
0	0.5176270000000001	0.675058	-0.525699	0.0	0.370738	0.376782	0.848875	0.0	0.7711140000000001	-0.634297	-0.05523719999999999	0.0	-2.3666400000000003	-1.23094	-2.32248	0.33368200000000003	-0.45179600000000003	0.731829	-0.510202	0.0	0.5236069999999999	-0.245508	-0.81582	0.0	-0.722299	-0.63573	-0.272271	0.0	2.30068	-1.7216099999999999	-2.10845	0.360901	
0	0.518523	0.676776	-0.522598	0.0	0.367198	0.375709	0.8508870000000001	0.0	0.772204	-0.633101	-0.0536975	0.0	-2.3721	-1.2454100000000001	-2.3016400000000004	0.33581500000000003	-0.44780200000000003	0.725056	-0.523227	0.0	0.525984	-0.259604	-0.809905	0.0	-0.723059	-0.637886	-0.26511599999999996	0.0	2.29886	-1.72848	-2.10625	0.36083699999999996	
0	0.521115	0.6769229999999999	-0.519822	0.0	0.364523	0.374187	0.8527049999999999	0.0	0.771726	-0.633845	-0.0517596	0.0	-2.3322599999999998	-1.26363	-2.28439	0.342935	-0.44418199999999997	0.720212	-0.532914	0.0	0.5263760000000001	-0.27155100000000004	-0.805722	0.0	-0.725004	-0.638401	-0.258484	0.0	2.3021700000000003	-1.73583	-2.08988	0.360665	
0	0.521362	0.672801	-0.5249	0.0	0.363698	0.381252	0.849924	0.0	0.771949	-0.634023	-0.0459259	0.0	-2.3098099999999997	-1.27817	-2.2709799999999998	0.34363699999999997	-0.443434	0.713627	-0.542313	0.0	0.531283	-0.278031	-0.8002739999999999	0.0	-0.7218760000000001	-0.64299	-0.255849	0.0	2.30049	-1.7367400000000002	-2.07213	0.360784	
0	0.521356	0.672851	-0.5248430000000001	0.0	0.363708	0.381171	0.8499559999999999	0.0	0.771949	-0.634019	-0.0459955	0.0	-2.3101599999999998	-1.2779399999999999	-2.27135	0.34363499999999997	-0.44343	0.713715	-0.542201	0.0	0.531226	-0.277957	-0.800337	0.0	-0.72192	-0.6429239999999999	-0.255889	0.0	2.30055	-1.7367599999999999	-2.0724	0.360784	
0	0.521355	0.672852	-0.524842	0.0	0.363708	0.381171	0.8499559999999999	0.0	0.771949	-0.6340180000000001	-0.045995999999999995	0.0	-2.3101599999999998	-1.2779399999999999	-2.27136	0.34363499999999997	-0.44343	0.713716	-0.542199	0.0	0.531225	-0.277956	-0.800338	0.0	-0.721921	-0.6429229999999999	-0.25589	0.0	2.30055	-1.7367599999999999	-2.0724	0.360784	
0	0.521355	0.672852	-0.524842	0.0	0.363708	0.381171	0.8499559999999999	0.0	0.771949	-0.6340180000000001	-0.045995999999999995	0.0	-2.3101599999999998	-1.2779399999999999	-2.27136	0.34363499999999997	-0.44343	0.713716	-0.542199	0.0	0.531225	-0.277956	-0.800338	0.0	-0.721921	-0.6429229999999999	-0.25589	0.0	2.30055	-1.7367599999999999	-2.0724	0.360784	
0	0.521355	0.672852	-0.524842	0.0	0.363708	0.381171	0.8499559999999999	0.0	0.771949	-0.6340180000000001	-0.045995999999999995	0.0	-2.3101599999999998	-1.2779399999999999	-2.27136	0.34363499999999997	-0.44343	0.713716	-0.542199	0.0	0.531225	-0.277956	-0.800338	0.0	-0.721921	-0.6429229999999999	-0.25589	0.0	2.30055	-1.7367599999999999	-2.0724	0.360784	
0	0.521355	0.672852	-0.524842	0.0	0.363708	0.381171	0.8499559999999999	0.0	0.771949	-0.6340180000000001	-0.045995999999999995	0.0	-2.3101599999999998	-1.2779399999999999	-2.27136	0.34363499999999997	-0.44343	0.713716	-0.542199	0.0	0.531225	-0.277956	-0.800337	0.0	-0.721921	-0.6429229999999999	-0.25589	0.0	2.30055	-1.7367599999999999	-2.0724	0.360784	
0	0.521355	0.672852	-0.524842	0.0	0.363708	0.381171	0.8499559999999999	0.0	0.771949	-0.6340180000000001	-0.045995999999999995	0.0	-2.3101599999999998	-1.2779399999999999	-2.27136	0.34363499999999997	-0.44343	0.713716	-0.542199	0.0	0.531225	-0.277956	-0.800337	0.0	-0.721921	-0.6429229999999999	-0.25589	0.0	2.30055	-1.7367599999999999	-2.0724	0.360784	
0	0.521355	0.672852	-0.524842	0.0	0.363708	0.381171	0.8499559999999999	0.0	0.771949	-0.6340180000000001	-0.045995999999999995	0.0	-2.3101599999999998	-1.2779399999999999	-2.27136	0.34363499999999997	-0.44343	0.713716	-0.542199	0.0	0.531225	-0.277956	-0.800338	0.0	-0.721921	-0.6429229999999999	-0.25589	0.0	2.30055	-1.7367599999999999	-2.0724	0.360784	
0	0.521355	0.672852	-0.524842	0.0	0.363708	0.381171	0.8499559999999999	0.0	0.771949	-0.6340180000000001	-0.045995999999999995	0.0	-2.3101599999999998	-1.2779399999999999	-2.27136	0.34363499999999997	-0.44343	0.713716	-0.542199	0.0	0.531225	-0.277956	-0.800338	0.0	-0.721921	-0.6429229999999999	-0.25589	0.0	2.30055	-1.7367599999999999	-2.0724	0.360784	
0	0.521355	0.672852	-0.524842	0.0	0.363708	0.381171	0.8499559999999999	0.0	0.771949	-0.6340180000000001	-0.045995999999999995	0.0	-2.3101599999999998	-1.2779399999999999	-2.27136	0.34363499999999997	-0.44343	0.713716	-0.542199	0.0	0.531225	-0.277956	-0.800337	0.0	-0.721921	-0.6429229999999999	-0.25589	0.0	2.30055	-1.7367599999999999	-2.0724	0.360784	
0	0.521355	0.672852	-0.524842	0.0	0.363708	0.381171	0.8499559999999999	0.0	0.771949	-0.6340180000000001	-0.045995999999999995	0.0	-2.3101599999999998	-1.2779399999999999	-2.27136	0.34363499999999997	-0.44343	0.713716	-0.542199	0.0	0.531225	-0.277956	-0.800337	0.0	-0.721921	-0.6429229999999999	-0.25589	0.0	2.30055	-1.7367599999999999	-2.0724	0.360784	
0	0.521355	0.672852	-0.524842	0.0	0.363708	0.381171	0.8499559999999999	0.0	0.771949	-0.6340180000000001	-0.045995999999999995	0.0	-2.3101599999999998	-1.2779399999999999	-2.27136	0.34363499999999997	-0.44343	0.713716	-0.542199	0.0	0.531225	-0.277956	-0.800338	0.0	-0.721921	-0.6429229999999999	-0.25589	0.0	2.30055	-1.7367599999999999	-2.0724	0.360784	
0	0.521355	0.672852	-0.524842	0.0	0.363708	0.381171	0.8499559999999999	0.0	0.771949	-0.6340180000000001	-0.045995999999999995	0.0	-2.3101599999999998	-1.2779399999999999	-2.27136	0.34363499999999997	-0.44343	0.713716	-0.542199	0.0	0.531225	-0.277956	-0.800337	0.0	-0.721921	-0.6429229999999999	-0.25589	0.0	2.30055	-1.7367599999999999	-2.0724	0.360784	
0	0.521355	0.672852	-0.524842	0.0	0.363708	0.381171	0.8499559999999999	0.0	0.771949	-0.6340180000000001	-0.045995999999999995	0.0	-2.3101599999999998	-1.2779399999999999	-2.27136	0.34363499999999997	-0.44343	0.713716	-0.542199	0.0	0.531225	-0.277956	-0.800337	0.0	-0.721921	-0.6429229999999999	-0.25589	0.0	2.30055	-1.7367599999999999	-2.0724	0.360784	
0	0.00911671	0.737628	-0.675146	0.0	-0.053237	0.674574	0.7362850000000001	0.0	0.99854	0.0292302	0.045419	0.0	-2.27061	-1.32359	-2.3306400000000003	0.34973200000000004	0.07726910000000001	0.894524	-0.440292	0.0	-0.035935699999999994	-0.438827	-0.897853	0.0	-0.9963629999999999	0.08519860000000001	-0.00176269	0.0	2.25425	-1.6663	-2.04314	0.35117	
0	0.00607668	0.73959	-0.67303	0.0	-0.0646901	0.6719229999999999	0.73779	0.0	0.9978870000000001	0.039054900000000004	0.0519271	0.0	-2.25814	-1.33639	-2.33453	0.34574099999999997	0.0927058	0.895194	-0.435928	0.0	-0.0680258	-0.431097	-0.8997379999999999	0.0	-0.993367	0.11306500000000001	0.020930900000000002	0.0	2.21253	-1.64365	-2.03083	0.35070999999999997	
0	0.0124361	0.7458319999999999	-0.666018	0.0	-0.0670625	0.665192	0.7436550000000001	0.0	0.9976709999999999	0.035416699999999995	0.0582898	0.0	-2.2490200000000002	-1.36612	-2.4075599999999997	0.339019	0.0582249	0.8972450000000001	-0.43767799999999996	0.0	-0.0710472	-0.43358599999999997	-0.898307	0.0	-0.9957719999999999	0.08339980000000001	0.038500900000000005	0.0	2.16614	-1.61666	-2.08684	0.356225	
0	0.00914437	0.731299	-0.681996	0.0	-0.029614799999999997	0.681924	0.730824	0.0	0.9995200000000001	0.0135143	0.027893	0.0	-2.24056	-1.3403399999999999	-2.5025	0.320106	0.0383801	0.8967069999999999	-0.440958	0.0	-0.055267899999999995	-0.43870299999999995	-0.8969309999999999	0.0	-0.997734	0.0587952	0.0327216	0.0	2.13881	-1.63426	-2.16662	0.355932	
0	0.0961998	0.67093	-0.735254	0.0	0.189863	0.7127479999999999	0.675234	0.0	0.977086	-0.204555	-0.0588187	0.0	-2.16079	-1.49345	-2.96177	0.311996	-0.05826749999999999	0.878712	-0.473783	0.0	0.0623755	-0.47045699999999996	-0.880216	0.0	-0.996351	-0.0808403	-0.027397900000000003	0.0	2.03111	-1.73005	-2.59459	0.354653	
0	0.149087	0.659011	-0.737209	0.0	0.306219	0.678121	0.668118	0.0	0.940214	-0.325355	-0.100703	0.0	-2.06777	-1.63094	-3.16695	0.328862	-0.106629	0.869884	-0.48159300000000005	0.0	0.11969500000000001	-0.469602	-0.874727	0.0	-0.9870680000000001	-0.15091500000000002	-0.054048	0.0	1.9728599999999998	-1.82385	-2.76943	0.354229	
0	0.25064699999999995	0.652277	-0.7153390000000001	0.0	0.371607	0.617491	0.6932619999999999	0.0	0.893915	-0.439589	-0.0876189	0.0	-1.9916099999999999	-2.01147	-3.4834699999999996	0.339319	-0.166235	0.8542139999999999	-0.49263	0.0	0.205567	-0.458585	-0.864548	0.0	-0.9644209999999999	-0.244986	-0.09936569999999999	0.0	1.8736099999999998	-1.9932299999999998	-3.06542	0.354059	
0	0.26693	0.668089	-0.694554	0.0	0.364535	0.597159	0.714503	0.0	0.8921110000000001	-0.443912	-0.0841426	0.0	-1.8642400000000001	-2.30671	-3.8575	0.33510999999999996	-0.24943200000000001	0.837973	-0.485371	0.0	0.305561	-0.407503	-0.8605659999999999	0.0	-0.9189209999999999	-0.36296300000000004	-0.154408	0.0	1.7780900000000002	-2.25352	-3.4660300000000004	0.355935	
0	0.272687	0.677619	-0.6829890000000001	0.0	0.366246	0.583334	0.724973	0.0	0.889666	-0.447833	-0.0891075	0.0	-1.80614	-2.3707	-3.9776199999999995	0.33637399999999995	-0.276881	0.831152	-0.482207	0.0	0.344852	-0.382446	-0.8572120000000001	0.0	-0.896891	-0.403636	-0.180732	0.0	1.76101	-2.3715900000000003	-3.64161	0.356561	
0	0.33775700000000003	0.692341	-0.63764	0.0	0.396879	0.509524	0.763461	0.0	0.853468	-0.51093	-0.10268	0.0	-1.6902099999999998	-2.5341099999999996	-4.1447199999999995	0.34122199999999997	-0.36342800000000003	0.805354	-0.468322	0.0	0.397943	-0.320329	-0.859669	0.0	-0.842355	-0.49879300000000004	-0.204069	0.0	1.74453	-2.6842200000000003	-3.99672	0.35826199999999997	
0	0.36651500000000004	0.693009	-0.620811	0.0	0.41083100000000006	0.47812899999999997	0.77628	0.0	0.8347959999999999	-0.539567	-0.10946800000000001	0.0	-1.66793	-2.6217200000000003	-4.20028	0.341986	-0.377877	0.8027880000000001	-0.461237	0.0	0.39723	-0.309419	-0.863984	0.0	-0.836312	-0.5096970000000001	-0.201969	0.0	1.7415200000000002	-2.76817	-4.08429	0.358768	
0	0.40658099999999997	0.690258	-0.598528	0.0	0.428129	0.43478900000000004	0.7922520000000001	0.0	0.807092	-0.578362	-0.11874200000000001	0.0	-1.69609	-2.81477	-4.3175099999999995	0.34316399999999997	-0.39505500000000005	0.798664	-0.45394799999999996	0.0	0.391727	-0.300514	-0.8696219999999999	0.0	-0.830952	-0.5213720000000001	-0.194139	0.0	1.68547	-2.87342	-4.2014	0.359719	
0	0.42043	0.684217	-0.595891	0.0	0.426454	0.430675	0.795397	0.0	0.800859	-0.588529	-0.11071800000000001	0.0	-1.70803	-2.8843	-4.3150699999999995	0.342775	-0.40425300000000003	0.7928229999999999	-0.456084	0.0	0.39061599999999996	-0.301236	-0.869871	0.0	-0.827042	-0.529802	-0.187914	0.0	1.63077	-2.91696	-4.20159	0.35982600000000003	
0	0.455821	0.637029	-0.621628	0.0	0.443705	0.44280600000000003	0.779133	0.0	0.771591	-0.630965	-0.0808128	0.0	-1.77093	-2.93741	-4.18886	0.338086	-0.40779099999999996	0.785017	-0.466321	0.0	0.390058	-0.311996	-0.8663219999999999	0.0	-0.8255680000000001	-0.53517	-0.178973	0.0	1.5625	-2.93873	-4.14651	0.359681	
0	0.471627	0.597249	-0.6487390000000001	0.0	0.48567299999999997	0.438116	0.756423	0.0	0.735996	-0.671824	-0.0834404	0.0	-1.87913	-2.9036299999999997	-4.0631	0.33620300000000003	-0.404675	0.781281	-0.475225	0.0	0.385383	-0.32556999999999997	-0.8634139999999999	0.0	-0.8292879999999999	-0.532546	-0.169343	0.0	1.5210700000000001	-2.93189	-4.0514	0.359618	
0	0.523003	0.528221	-0.668918	0.0	0.540284	0.40153099999999997	0.739504	0.0	0.659212	-0.748169	-0.07538760000000001	0.0	-2.2097599999999997	-2.78618	-3.77175	0.337753	-0.40132399999999996	0.781125	-0.478312	0.0	0.387207	-0.328567	-0.861461	0.0	-0.830066	-0.53093	-0.170595	0.0	1.5042200000000001	-2.91312	-3.9071	0.359088	
0	0.560438	0.48308999999999996	-0.672706	0.0	0.566713	0.36862399999999995	0.736853	0.0	0.603942	-0.794192	-0.0671825	0.0	-2.4151	-2.71675	-3.59208	0.34071799999999997	-0.39865500000000004	0.783239	-0.47708599999999995	0.0	0.385861	-0.328678	-0.862022	0.0	-0.8319770000000001	-0.527738	-0.171193	0.0	1.5054	-2.95076	-3.8789300000000004	0.359261	
0	0.645133	0.38389	-0.66063	0.0	0.590825	0.297607	0.749904	0.0	0.48448800000000003	-0.8741049999999999	-0.0348156	0.0	-2.9188099999999997	-2.56429	-3.1263900000000002	0.34671399999999997	-0.376726	0.786643	-0.48915299999999995	0.0	0.399714	-0.33831999999999995	-0.8519209999999999	0.0	-0.8356469999999999	-0.516462	-0.186978	0.0	1.54798	-3.0621099999999997	-3.8508	0.3589	
0	0.672608	0.339855	-0.657341	0.0	0.5942970000000001	0.281199	0.753484	0.0	0.44091899999999995	-0.8974549999999999	-0.012838200000000001	0.0	-3.10645	-2.54218	-2.9376700000000002	0.347814	-0.366954	0.787377	-0.49536199999999997	0.0	0.404016	-0.344767	-0.8472940000000001	0.0	-0.837924	-0.5110520000000001	-0.191599	0.0	1.56271	-3.1099900000000003	-3.8565199999999997	0.359013	
0	0.710553	0.265169	-0.651767	0.0	0.5938939999999999	0.270754	0.757616	0.0	0.377365	-0.925407	0.034902999999999997	0.0	-3.5030099999999997	-2.50049	-2.4374599999999997	0.349433	-0.356528	0.7870659999999999	-0.503404	0.0	0.406738	-0.354317	-0.842036	0.0	-0.841102	-0.504962	-0.193806	0.0	1.58669	-3.18396	-3.8567699999999996	0.3592	
0	0.718115	0.257188	-0.6466569999999999	0.0	0.593875	0.25794	0.762089	0.0	0.362799	-0.931301	0.0324927	0.0	-3.6125199999999995	-2.4858599999999997	-2.30275	0.349704	-0.354968	0.785892	-0.5063310000000001	0.0	0.406381	-0.358045	-0.8406299999999999	0.0	-0.841934	-0.50416	-0.192277	0.0	1.58843	-3.19461	-3.85665	0.35925100000000004	
0	0.737591	0.24573899999999999	-0.628944	0.0	0.5829770000000001	0.23825	0.776772	0.0	0.34073000000000003	-0.9396	0.032471	0.0	-3.7551699999999997	-2.50379	-2.09632	0.350518	-0.349735	0.7838229999999999	-0.513134	0.0	0.404727	-0.36756500000000003	-0.8373120000000001	0.0	-0.844915	-0.500517	-0.188684	0.0	1.59195	-3.20118	-3.86059	0.358929	
0	0.7429140000000001	0.253691	-0.619452	0.0	0.5742659999999999	0.23394299999999998	0.7845310000000001	0.0	0.343945	-0.9385690000000001	0.0281132	0.0	-3.83512	-2.5543	-2.07857	0.350288	-0.345362	0.7827529999999999	-0.51771	0.0	0.403403	-0.374265	-0.8349799999999999	0.0	-0.8473440000000001	-0.497216	-0.18650799999999998	0.0	1.59743	-3.22093	-3.86534	0.35907100000000003	
0	0.737895	0.26461599999999996	-0.6208779999999999	0.0	0.571707	0.24384699999999998	0.783384	0.0	0.358695	-0.9330149999999999	0.0286502	0.0	-3.82225	-2.58787	-2.0739900000000002	0.34983000000000003	-0.342344	0.781424	-0.521706	0.0	0.403943	-0.378917	-0.8326180000000001	0.0	-0.848311	-0.495781	-0.18593099999999999	0.0	1.60531	-3.2342	-3.86469	0.35891999999999996	
0	0.733539	0.29441999999999996	-0.612567	0.0	0.550602	0.270959	0.789569	0.0	0.398445	-0.91646	0.0366506	0.0	-3.70676	-2.71	-2.1522900000000003	0.34825900000000004	-0.340454	0.780343	-0.5245529999999999	0.0	0.402908	-0.382992	-0.831254	0.0	-0.849563	-0.49435	-0.184016	0.0	1.62337	-3.24485	-3.85293	0.35859800000000003	
0	0.731635	0.30859699999999995	-0.607847	0.0	0.540038	0.281777	0.793071	0.0	0.416017	-0.908499	0.0395033	0.0	-3.5878900000000002	-2.80273	-2.2218	0.34739899999999996	-0.340123	0.7794939999999999	-0.5260279999999999	0.0	0.401927	-0.38521	-0.8307030000000001	0.0	-0.850159	-0.493967	-0.182281	0.0	1.63635	-3.2492900000000002	-3.85359	0.358697	
0	0.7317640000000001	0.312673	-0.6056050000000001	0.0	0.5334220000000001	0.290354	0.794453	0.0	0.42424399999999995	-0.9043950000000001	0.045683999999999995	0.0	-3.52282	-2.85835	-2.27665	0.346505	-0.33937	0.779115	-0.527075	0.0	0.40228	-0.386293	-0.8300299999999999	0.0	-0.8502940000000001	-0.49371800000000005	-0.182326	0.0	1.6394400000000002	-3.2476700000000003	-3.85224	0.358637	
0	0.732533	0.31843499999999997	-0.601661	0.0	0.522546	0.30341799999999997	0.796796	0.0	0.43628199999999995	-0.8980739999999999	0.0558665	0.0	-3.3953300000000004	-2.92196	-2.34058	0.33168800000000004	-0.337532	0.7783770000000001	-0.529342	0.0	0.400111	-0.390379	-0.829166	0.0	-0.8520469999999999	-0.49166499999999996	-0.179672	0.0	1.6342299999999998	-3.2475	-3.84913	0.358446	
0	0.728741	0.314454	-0.608321	0.0	0.528414	0.306807	0.791611	0.0	0.435562	-0.898325	0.05742100000000001	0.0	-3.39375	-2.9233599999999997	-2.33759	0.332993	-0.337133	0.777179	-0.531351	0.0	0.39925700000000003	-0.393102	-0.82829	0.0	-0.852605	-0.49138999999999994	-0.177767	0.0	1.63019	-3.24628	-3.84844	0.358394	
0	0.735244	0.3079	-0.603833	0.0	0.522289	0.31044499999999997	0.794253	0.0	0.432008	-0.8993450000000001	0.06744	0.0	-3.39214	-2.92916	-2.3542099999999997	0.345066	-0.337372	0.776273	-0.532523	0.0	0.398855	-0.39453	-0.8278049999999999	0.0	-0.852699	-0.49167700000000003	-0.176517	0.0	1.61715	-3.2359400000000003	-3.83164	0.357916	
0	0.75231	0.258766	-0.605863	0.0	0.533489	0.30030100000000004	0.790702	0.0	0.386548	-0.918074	0.08787	0.0	-3.3626	-2.9114400000000002	-2.3766700000000003	0.348582	-0.33758499999999997	0.77587	-0.532974	0.0	0.398963	-0.394901	-0.827576	0.0	-0.852564	-0.492014	-0.176231	0.0	1.61689	-3.2339599999999997	-3.83658	0.358065	
0	0.7700140000000001	0.203017	-0.604865	0.0	0.5482859999999999	0.27426	0.79004	0.0	0.326282	-0.939982	0.099873	0.0	-3.39399	-2.92555	-2.46813	0.34837199999999996	-0.33720700000000003	0.7754220000000001	-0.5338649999999999	0.0	0.39779000000000003	-0.39661199999999996	-0.8273219999999999	0.0	-0.853261	-0.491345	-0.174715	0.0	1.61594	-3.23313	-3.83463	0.358063	
0	0.7774270000000001	0.181594	-0.6021890000000001	0.0	0.546257	0.279661	0.789552	0.0	0.311787	-0.9427690000000001	0.118219	0.0	-3.4890199999999996	-3.0577099999999997	-2.76025	0.345335	-0.337465	0.7749659999999999	-0.534365	0.0	0.398895	-0.396451	-0.826868	0.0	-0.852643	-0.49219399999999996	-0.175342	0.0	1.6152799999999998	-3.23936	-3.83825	0.357923	
0	0.791589	0.151859	-0.591882	0.0	0.537503	0.287681	0.792673	0.0	0.290648	-0.9456100000000001	0.1461	0.0	-3.53989	-3.1943099999999998	-2.95207	0.345288	-0.337065	0.7735449999999999	-0.536671	0.0	0.400035	-0.398341	-0.825407	0.0	-0.852268	-0.492903	-0.175178	0.0	1.61988	-3.23569	-3.8139199999999995	0.357998	
0	0.800222	0.141766	-0.5827060000000001	0.0	0.529772	0.288249	0.797656	0.0	0.281045	-0.947003	0.15556	0.0	-3.54165	-3.2919099999999997	-3.06413	0.34529499999999996	-0.336613	0.772192	-0.538898	0.0	0.402879	-0.39916799999999997	-0.823622	0.0	-0.8511049999999999	-0.494353	-0.176734	0.0	1.64199	-3.24125	-3.81069	0.35783000000000004	
0	0.809708	0.13445	-0.5712229999999999	0.0	0.520618	0.284594	0.8049609999999999	0.0	0.270794	-0.9491729999999999	0.160441	0.0	-3.53195	-3.35687	-3.14518	0.344648	-0.335303	0.771464	-0.540755	0.0	0.40354	-0.401054	-0.822382	0.0	-0.85131	-0.493963	-0.176842	0.0	1.65877	-3.24725	-3.81253	0.35773299999999997	
0	0.8111149999999999	0.12431700000000001	-0.571522	0.0	0.521325	0.289339	0.80281	0.0	0.265167	-0.9491200000000001	0.169877	0.0	-3.53585	-3.41761	-3.21743	0.342199	-0.334816	0.770399	-0.542571	0.0	0.404569	-0.4025	-0.821168	0.0	-0.8510120000000001	-0.49444799999999994	-0.17691700000000002	0.0	1.66662	-3.24763	-3.8129800000000005	0.3576	
0	0.8133090000000001	0.12608699999999998	-0.568006	0.0	0.516209	0.294028	0.8044100000000001	0.0	0.268436	-0.9474440000000001	0.174049	0.0	-3.5070300000000003	-3.4454	-3.24293	0.341024	-0.334924	0.77049	-0.542375	0.0	0.404486	-0.40231500000000003	-0.8213	0.0	-0.851009	-0.49445600000000006	-0.17690799999999998	0.0	1.66793	-3.24668	-3.8122	0.35788200000000003	
0	0.8194239999999999	0.12040999999999999	-0.560398	0.0	0.50416	0.313742	0.804605	0.0	0.27270300000000003	-0.941843	0.196382	0.0	-3.42973	-3.5083300000000004	-3.28635	0.339845	-0.335049	0.768828	-0.544652	0.0	0.406413	-0.403593	-0.8197200000000001	0.0	-0.850042	-0.49599899999999997	-0.177238	0.0	1.68055	-3.2483299999999997	-3.8191699999999997	0.357686	
0	0.823924	0.116922	-0.554507	0.0	0.49496999999999997	0.328005	0.8046220000000001	0.0	0.275959	-0.9374120000000001	0.21237899999999998	0.0	-3.39405	-3.53749	-3.3022199999999997	0.33962	-0.334795	0.768722	-0.5449579999999999	0.0	0.407379	-0.403413	-0.8193290000000001	0.0	-0.8496790000000001	-0.496312	-0.178101	0.0	1.6790900000000002	-3.24762	-3.81912	0.357713	
0	0.811949	0.111017	-0.573074	0.0	0.498939	0.377583	0.780058	0.0	0.302983	-0.9192969999999999	0.251188	0.0	-3.26686	-3.51789	-3.35026	0.343306	-0.33314699999999997	0.7674310000000001	-0.54778	0.0	0.408669	-0.406035	-0.81739	0.0	-0.849708	-0.496172	-0.178356	0.0	1.6856799999999998	-3.25331	-3.8245199999999997	0.357464	
0	0.808068	0.10066599999999999	-0.580425	0.0	0.499921	0.404017	0.766061	0.0	0.311618	-0.9091959999999999	0.276148	0.0	-3.23342	-3.44409	-3.36921	0.346589	-0.331228	0.7660859999999999	-0.550818	0.0	0.409301	-0.409329	-0.8154279999999999	0.0	-0.8501540000000001	-0.495543	-0.177979	0.0	1.6916400000000003	-3.2631799999999997	-3.82706	0.357352	
0	0.8347530000000001	0.0981008	-0.541816	0.0	0.45796499999999996	0.42262200000000005	0.782086	0.0	0.305707	-0.9009809999999999	0.30785799999999997	0.0	-3.21371	-3.3655	-3.33009	0.347661	-0.330381	0.764879	-0.5529999999999999	0.0	0.410958	-0.41087299999999993	-0.813816	0.0	-0.849683	-0.496129	-0.178589	0.0	1.7042599999999999	-3.26851	-3.8251199999999996	0.35735100000000003	
0	0.871801	0.108672	-0.477654	0.0	0.38610900000000004	0.44764	0.80656	0.0	0.301467	-0.8875860000000001	0.34829299999999996	0.0	-3.20204	-3.34663	-3.28629	0.346962	-0.32913200000000004	0.763957	-0.555016	0.0	0.41230200000000006	-0.412512	-0.8123060000000001	0.0	-0.849517	-0.49618999999999996	-0.17920999999999998	0.0	1.7113099999999999	-3.2725299999999997	-3.82705	0.357294	
0	0.8894799999999999	0.111383	-0.44319200000000003	0.0	0.35079499999999997	0.45511499999999994	0.818421	0.0	0.292862	-0.883439	0.365743	0.0	-3.1880599999999997	-3.34386	-3.21792	0.346426	-0.328744	0.763949	-0.5552560000000001	0.0	0.411999	-0.41303100000000004	-0.812196	0.0	-0.849814	-0.49576899999999996	-0.178965	0.0	1.7135900000000002	-3.2730599999999996	-3.8266199999999997	0.357157	
