0	0.0755602	0.8365290000000001	-0.5426880000000001	0.0	0.259235	0.509049	0.820772	0.0	0.9628540000000001	-0.202701	-0.178394	0.0	-2.74783	1.96629	1.33745	1.81198e-05	-0.5084850000000001	0.6393399999999999	-0.5767909999999999	0.0	0.7020109999999999	-0.08008739999999999	-0.707649	0.0	-0.498621	-0.764742	-0.40810100000000005	0.0	2.6472599999999997	1.99636	1.54449	-1.71363e-06	
0	-0.030089799999999996	0.839098	-0.543147	0.0	0.125573	0.542261	0.830773	0.0	0.9916280000000001	-0.043206800000000004	-0.12168499999999999	0.0	-2.7583599999999997	1.73039	1.40603	0.0	-0.00936031	0.853712	-0.520662	0.0	0.213211	-0.507007	-0.8351559999999999	0.0	-0.9769610000000001	-0.118828	-0.177275	0.0	2.69603	1.8404599999999998	1.65762	0.0	
0	-0.056122500000000006	0.85249	-0.519722	0.0	0.1462	0.521948	0.840354	0.0	0.987662	-0.0288209	-0.153928	0.0	-2.80507	1.66238	1.3635899999999999	0.0	0.0298144	0.764076	-0.644437	0.0	0.153442	-0.6405810000000001	-0.752404	0.0	-0.987708	-0.07645139999999999	-0.13634000000000002	0.0	2.71798	1.73012	1.7138099999999998	0.0	
0	-0.08326900000000001	0.865029	-0.49476400000000004	0.0	0.125728	0.50164	0.855891	0.0	0.9885639999999999	0.00906348	-0.15053	0.0	-2.82881	1.5905	1.2954299999999999	0.00128848	0.09770380000000001	0.695052	-0.71229	0.0	0.06721010000000001	-0.718688	-0.692077	0.0	-0.992944	0.019745500000000003	-0.116933	0.0	2.71759	1.7395200000000002	1.73035	0.0	
0	-0.175688	0.8156939999999999	-0.55116	0.0	0.0550813	0.567136	0.821781	0.0	0.9829040000000001	0.11401800000000001	-0.144569	0.0	-2.81622	1.54734	1.17734	0.317907	0.180612	0.623929	-0.760323	0.0	0.00793684	-0.773936	-0.633214	0.0	-0.9835219999999999	0.108332	-0.144734	0.0	2.69707	1.80392	1.6667900000000002	0.105202	
0	-0.208064	0.787656	-0.57992	0.0	0.037512000000000004	0.598885	0.799956	0.0	0.9773959999999999	0.144688	-0.15415299999999998	0.0	-2.72054	1.59125	1.14263	0.345984	0.24109099999999997	0.555168	-0.79603	0.0	-0.040244199999999994	-0.8138	-0.57975	0.0	-0.969668	0.171808	-0.17385699999999998	0.0	2.62379	1.89277	1.59212	0.35349200000000003	
0	-0.209682	0.779108	-0.5907819999999999	0.0	0.0303752	0.609113	0.792501	0.0	0.977298	0.148228	-0.151385	0.0	-2.6726099999999997	1.64452	1.23346	0.347087	0.230672	0.555025	-0.799211	0.0	-0.029817200000000002	-0.816944	-0.575946	0.0	-0.972575	0.156685	-0.171897	0.0	2.59681	1.91441	1.59748	0.34655199999999997	
0	-0.209909	0.787488	-0.579483	0.0	0.0432476	0.599586	0.799141	0.0	0.976764	0.14268599999999998	-0.159915	0.0	-2.66091	1.6670599999999998	1.25473	0.34680300000000003	0.221732	0.632812	-0.741879	0.0	0.036521	-0.7656729999999999	-0.642193	0.0	-0.974424	0.115301	-0.192885	0.0	2.6084	1.9257099999999998	1.60956	0.347634	
0	-0.184929	0.810645	-0.555569	0.0	0.07583730000000001	0.575405	0.814345	0.0	0.9798209999999999	0.10846300000000002	-0.16788599999999998	0.0	-2.66978	1.63466	1.2525899999999999	0.345475	0.15437599999999999	0.798295	-0.582145	0.0	0.186222	-0.6021569999999999	-0.776356	0.0	-0.970304	0.0114428	-0.241619	0.0	2.68082	1.89	1.58205	0.34815300000000005	
0	-0.152642	0.8454209999999999	-0.5118229999999999	0.0	0.134717	0.530857	0.836685	0.0	0.979057	0.0587623	-0.19492400000000001	0.0	-2.6853700000000003	1.56375	1.21653	0.344516	0.0442434	0.8940809999999999	-0.44571400000000005	0.0	0.313596	-0.43603000000000003	-0.843526	0.0	-0.948525	-0.10245399999999999	-0.299671	0.0	2.7056400000000003	1.71407	1.50955	0.357928	
0	-0.125608	0.8667229999999999	-0.482716	0.0	0.209195	0.49876800000000004	0.841111	0.0	0.969773	0.00466853	-0.243963	0.0	-2.72119	1.42878	1.1207200000000002	0.343672	-0.0463055	0.9206629999999999	-0.387602	0.0	0.425702	-0.332832	-0.8414280000000001	0.0	-0.9036780000000001	-0.203965	-0.37651599999999996	0.0	2.76583	1.46878	1.30777	0.358636	
0	-0.121904	0.8699290000000001	-0.47787299999999994	0.0	0.21422600000000003	0.493176	0.84314	0.0	0.969147	0.000409126	-0.246482	0.0	-2.76051	1.3279100000000001	1.03864	0.342364	-0.0524899	0.9222819999999999	-0.382936	0.0	0.45695699999999995	-0.31878	-0.8304030000000001	0.0	-0.8879389999999999	-0.218573	-0.404711	0.0	2.82116	1.36163	1.13936	0.358804	
0	-0.11155999999999999	0.8714209999999999	-0.477682	0.0	0.236648	0.490151	0.8388979999999999	0.0	0.9651700000000001	-0.0194553	-0.26090100000000005	0.0	-2.7818	1.25214	0.9807530000000001	0.342355	-0.0526901	0.9196709999999999	-0.38914	0.0	0.482195	-0.317811	-0.816385	0.0	-0.8744780000000001	-0.23065700000000003	-0.426716	0.0	2.8919099999999998	1.30942	1.0476299999999998	0.358158	
0	-0.0988955	0.869765	-0.483454	0.0	0.26914099999999996	0.491108	0.828478	0.0	0.95801	-0.0481847	-0.282658	0.0	-2.80229	1.16248	0.9405540000000001	0.343371	-0.0473047	0.9007850000000001	-0.43168100000000004	0.0	0.519616	-0.34689699999999996	-0.780808	0.0	-0.853089	-0.26124400000000003	-0.45165299999999997	0.0	2.93328	1.22583	0.985455	0.35780500000000004	
0	-0.0728267	0.85861	-0.50743	0.0	0.317394	0.502282	0.804347	0.0	0.945493	-0.102477	-0.30909699999999996	0.0	-2.82475	1.05334	0.911798	0.344519	-0.04535619999999999	0.876059	-0.480066	0.0	0.552379	-0.378417	-0.74275	0.0	-0.832358	-0.298867	-0.466754	0.0	2.97454	1.07984	0.954844	0.35729099999999997	
0	-0.05451	0.8520030000000001	-0.520692	0.0	0.340192	0.506116	0.792538	0.0	0.938775	-0.133934	-0.31743299999999997	0.0	-2.85201	0.934097	0.8846790000000001	0.345614	-0.0720895	0.8701459999999999	-0.487493	0.0	0.562764	-0.368046	-0.740161	0.0	-0.823468	-0.327701	-0.46315500000000004	0.0	2.99025	0.9521040000000001	0.971669	0.357207	
0	-0.0318894	0.850999	-0.524199	0.0	0.363162	0.498486	0.7871630000000001	0.0	0.9311799999999999	-0.165267	-0.324947	0.0	-2.88366	0.822101	0.8716079999999999	0.346588	-0.169457	0.8570129999999999	-0.48663599999999996	0.0	0.590288	-0.30715	-0.746471	0.0	-0.789205	-0.41375	-0.45383599999999996	0.0	2.9931900000000002	0.7820550000000001	1.04641	0.357559	
0	-0.00328963	0.853049	-0.52182	0.0	0.38759499999999997	0.48211899999999996	0.785704	0.0	0.921824	-0.19967000000000001	-0.33222399999999996	0.0	-2.9161599999999996	0.714282	0.8863129999999999	0.346878	-0.295729	0.8239719999999999	-0.483338	0.0	0.609618	-0.22676300000000002	-0.7595689999999999	0.0	-0.735466	-0.519278	-0.43524700000000005	0.0	3.03843	0.490464	1.12743	0.35841	
0	0.0098035	0.856032	-0.51683	0.0	0.39771599999999996	0.470876	0.787463	0.0	0.9174559999999999	-0.21327100000000002	-0.335841	0.0	-2.9297299999999997	0.665179	0.8863690000000001	0.34715300000000004	-0.33057	0.810247	-0.483966	0.0	0.616239	-0.203087	-0.7609239999999999	0.0	-0.714824	-0.5497770000000001	-0.432172	0.0	3.05876	0.395084	1.1440700000000001	0.358247	
0	0.014104599999999998	0.8606860000000001	-0.508941	0.0	0.407211	0.459925	0.78908	0.0	0.913225	-0.21837600000000001	-0.343994	0.0	-2.95209	0.6169479999999999	0.8423809999999999	0.34713099999999997	-0.330923	0.807026	-0.489079	0.0	0.617514	-0.20670700000000003	-0.7589130000000001	0.0	-0.713559	-0.5531550000000001	-0.429946	0.0	3.06222	0.403941	1.10839	0.358266	
0	0.0116932	0.8725360000000001	-0.48841	0.0	0.395385	0.44460200000000005	0.803741	0.0	0.918441	-0.202508	-0.339789	0.0	-2.96263	0.6069180000000001	0.739005	0.346001	-0.293752	0.821413	-0.48886599999999997	0.0	0.583116	-0.251257	-0.772558	0.0	-0.75742	-0.5120060000000001	-0.405173	0.0	3.07405	0.43567700000000004	1.05187	0.358085	
0	0.046205800000000005	0.8718049999999999	-0.48766800000000005	0.0	0.394939	0.432472	0.81055	0.0	0.917545	-0.23005100000000003	-0.324327	0.0	-2.94815	0.545613	0.524536	0.346693	-0.237781	0.848354	-0.47302799999999995	0.0	0.5514140000000001	-0.283015	-0.784758	0.0	-0.7996270000000001	-0.447434	-0.400499	0.0	3.0721700000000003	0.407817	0.7745029999999999	0.359159	
0	0.0707258	0.876267	-0.47660600000000003	0.0	0.376634	0.418975	0.8262	0.0	0.923659	-0.23794	-0.30039899999999997	0.0	-2.9336	0.4344	0.309081	0.346256	-0.219784	0.838608	-0.49843000000000004	0.0	0.5417109999999999	-0.32000100000000004	-0.77727	0.0	-0.811322	-0.440837	-0.383952	0.0	3.0674200000000003	0.277851	0.5235609999999999	0.358964	
0	0.08320219999999999	0.8815129999999999	-0.46476999999999996	0.0	0.38006599999999996	0.403066	0.832519	0.0	0.9212100000000001	-0.24591100000000002	-0.30149699999999996	0.0	-2.92917	0.33714	0.07277389999999999	0.345543	-0.22649699999999998	0.819743	-0.526042	0.0	0.547938	-0.339277	-0.764628	0.0	-0.805272	-0.461424	-0.372324	0.0	3.0610000000000004	0.11660899999999999	0.304456	0.358429	
0	0.08583969999999999	0.882827	-0.461789	0.0	0.387602	0.397395	0.8317700000000001	0.0	0.9178209999999999	-0.250389	-0.308073	0.0	-2.95263	0.270475	-0.0333365	0.345098	-0.21589	0.817509	-0.533921	0.0	0.548938	-0.3506	-0.75878	0.0	-0.807502	-0.45690200000000003	-0.37306999999999996	0.0	3.04385	0.057960199999999996	0.190153	0.35807	
0	0.0928048	0.879116	-0.46748500000000004	0.0	0.379527	0.402831	0.8328780000000001	0.0	0.920515	-0.254718	-0.29626399999999997	0.0	-2.96716	0.19026400000000002	0.00519167	0.345301	-0.21468600000000002	0.811872	-0.542931	0.0	0.546732	-0.360736	-0.7556149999999999	0.0	-0.809317	-0.45905799999999997	-0.366431	0.0	3.0420700000000003	0.0110368	0.254515	0.35909800000000003	
0	0.0928076	0.878268	-0.46907600000000005	0.0	0.380461	0.404079	0.8318469999999999	0.0	0.9201290000000001	-0.25566700000000003	-0.296645	0.0	-3.0013099999999997	0.10865899999999999	0.0986944	0.345384	-0.21135900000000002	0.8031050000000001	-0.557091	0.0	0.5506939999999999	-0.373042	-0.74671	0.0	-0.807504	-0.46461099999999994	-0.363419	0.0	3.0760400000000003	-0.0268572	0.37441199999999997	0.35880700000000004	
0	0.0870523	0.8744149999999999	-0.47730600000000006	0.0	0.371394	0.41609799999999997	0.830018	0.0	0.924386	-0.249523	-0.28853	0.0	-2.93836	0.0747143	0.131207	0.345879	-0.20733200000000002	0.792511	-0.5735319999999999	0.0	0.548618	-0.39120900000000003	-0.738901	0.0	-0.809958	-0.46784799999999993	-0.35367600000000005	0.0	3.0941099999999997	-0.035528500000000005	0.432721	0.358529	
0	0.09109210000000001	0.872418	-0.48019700000000004	0.0	0.367444	0.418732	0.830451	0.0	0.925574	-0.25209299999999996	-0.282421	0.0	-2.8960000000000004	0.0613169	0.166526	0.346121	-0.20691500000000002	0.793135	-0.57282	0.0	0.550778	-0.389467	-0.738214	0.0	-0.8085979999999999	-0.46824399999999994	-0.35625500000000004	0.0	3.0920799999999997	-0.0286627	0.438863	0.358448	
0	0.09289249999999999	0.873994	-0.476976	0.0	0.37103200000000003	0.41415799999999997	0.831149	0.0	0.9239629999999999	-0.254181	-0.28580700000000003	0.0	-2.9064799999999997	0.0555399	0.199371	0.346157	-0.20825	0.78995	-0.576724	0.0	0.554916	-0.390137	-0.734753	0.0	-0.805419	-0.473046	-0.357109	0.0	3.08945	-0.0216306	0.386818	0.35837199999999997	
0	0.0923495	0.872217	-0.480321	0.0	0.368731	0.41813199999999995	0.830182	0.0	0.9249370000000001	-0.253776	-0.282999	0.0	-2.91898	0.046922900000000003	0.231621	0.346104	-0.205067	0.786996	-0.5818800000000001	0.0	0.549294	-0.39952	-0.733935	0.0	-0.810077	-0.470129	-0.350364	0.0	3.09521	-0.026660900000000005	0.42876000000000003	0.357957	
0	0.0933326	0.871296	-0.48180100000000003	0.0	0.36749	0.419597	0.829993	0.0	0.9253319999999999	-0.254523	-0.281031	0.0	-2.9201599999999996	0.041446199999999996	0.251872	0.345986	-0.204126	0.786309	-0.583138	0.0	0.548575	-0.401488	-0.733398	0.0	-0.810801	-0.46960100000000005	-0.349396	0.0	3.0944599999999998	-0.0266002	0.437195	0.358176	
0	0.0935188	0.8691409999999999	-0.485642	0.0	0.36538200000000004	0.423784	0.8287959999999999	0.0	0.926148	-0.25495300000000004	-0.277937	0.0	-2.93202	0.034381699999999994	0.267759	0.346021	-0.199849	0.78128	-0.5913229999999999	0.0	0.545374	-0.412677	-0.729565	0.0	-0.81402	-0.46829399999999993	-0.343617	0.0	3.09362	-0.027755900000000003	0.443029	0.35893200000000003	
0	0.0937295	0.8680559999999999	-0.487538	0.0	0.364671	0.425728	0.8281129999999999	0.0	0.926407	-0.25540999999999997	-0.276652	0.0	-2.93581	0.0335839	0.267729	0.345909	-0.199297	0.7808510000000001	-0.592075	0.0	0.546146	-0.413153	-0.7287170000000001	0.0	-0.8136369999999999	-0.468591	-0.344119	0.0	3.0924	-0.027245	0.442634	0.358757	
0	0.09372280000000001	0.868066	-0.487522	0.0	0.364672	0.42571400000000004	0.8281200000000001	0.0	0.926408	-0.255399	-0.27666	0.0	-2.93574	0.033578500000000004	0.267742	0.34591	-0.1993	0.7808649999999999	-0.592055	0.0	0.546139	-0.41313599999999995	-0.7287319999999999	0.0	-0.813641	-0.468581	-0.344123	0.0	3.09246	-0.0272496	0.44258400000000003	0.358755	
0	0.09372269999999999	0.868066	-0.487522	0.0	0.364672	0.42571400000000004	0.8281200000000001	0.0	0.926408	-0.255399	-0.27666	0.0	-2.93574	0.0335786	0.267743	0.345909	-0.1993	0.7808649999999999	-0.592055	0.0	0.546139	-0.41313599999999995	-0.7287319999999999	0.0	-0.813641	-0.468581	-0.344123	0.0	3.09246	-0.027250299999999998	0.442583	0.358755	
0	0.09372280000000001	0.868066	-0.487522	0.0	0.364672	0.42571400000000004	0.8281200000000001	0.0	0.926408	-0.255399	-0.27666	0.0	-2.93574	0.033579000000000005	0.267742	0.345909	-0.1993	0.7808649999999999	-0.592055	0.0	0.546139	-0.41313599999999995	-0.7287319999999999	0.0	-0.813641	-0.468581	-0.344123	0.0	3.09246	-0.0272493	0.442583	0.358755	
0	0.09372269999999999	0.868066	-0.487522	0.0	0.364672	0.42571400000000004	0.8281200000000001	0.0	0.926408	-0.255399	-0.27666	0.0	-2.93574	0.0335783	0.267742	0.34591	-0.1993	0.7808649999999999	-0.592055	0.0	0.546139	-0.41313599999999995	-0.7287319999999999	0.0	-0.813641	-0.468581	-0.344123	0.0	3.09246	-0.027249799999999998	0.442583	0.358755	
0	0.09372280000000001	0.868066	-0.487522	0.0	0.364672	0.42571400000000004	0.8281200000000001	0.0	0.926407	-0.255399	-0.27666	0.0	-2.93574	0.033578699999999996	0.267742	0.34591	-0.1993	0.7808649999999999	-0.592055	0.0	0.546139	-0.41313599999999995	-0.7287319999999999	0.0	-0.813641	-0.468581	-0.344123	0.0	3.09246	-0.0272496	0.442583	0.358755	
0	0.09372269999999999	0.868066	-0.487522	0.0	0.364672	0.42571400000000004	0.8281200000000001	0.0	0.926408	-0.255399	-0.27666	0.0	-2.93574	0.0335789	0.267743	0.345909	-0.1993	0.7808649999999999	-0.592055	0.0	0.546139	-0.41313599999999995	-0.7287319999999999	0.0	-0.813641	-0.468581	-0.344123	0.0	3.09246	-0.02725	0.442583	0.358755	
0	0.09372269999999999	0.868066	-0.487522	0.0	0.364672	0.42571400000000004	0.8281200000000001	0.0	0.926408	-0.255399	-0.27666	0.0	-2.93574	0.033578500000000004	0.267742	0.34591	-0.1993	0.7808649999999999	-0.592055	0.0	0.546139	-0.41313599999999995	-0.7287319999999999	0.0	-0.813641	-0.468581	-0.344123	0.0	3.09246	-0.027249900000000004	0.442583	0.358755	
0	0.09372269999999999	0.868066	-0.487522	0.0	0.364672	0.42571400000000004	0.8281200000000001	0.0	0.926408	-0.255399	-0.27666	0.0	-2.93574	0.033578500000000004	0.267742	0.34591	-0.1993	0.7808649999999999	-0.592055	0.0	0.546139	-0.41313599999999995	-0.7287319999999999	0.0	-0.813641	-0.468581	-0.344123	0.0	3.09246	-0.0272504	0.442583	0.358755	
0	0.09372269999999999	0.868066	-0.487522	0.0	0.364672	0.42571400000000004	0.8281200000000001	0.0	0.926408	-0.255399	-0.27666	0.0	-2.93574	0.033578699999999996	0.267742	0.34591	-0.1993	0.7808649999999999	-0.592055	0.0	0.546139	-0.41313599999999995	-0.7287319999999999	0.0	-0.813641	-0.468581	-0.344123	0.0	3.09246	-0.027249799999999998	0.442583	0.358755	
0	0.09372269999999999	0.868066	-0.487522	0.0	0.364672	0.42571400000000004	0.8281200000000001	0.0	0.926408	-0.255399	-0.27666	0.0	-2.93574	0.0335786	0.267742	0.34591	-0.1993	0.7808649999999999	-0.592055	0.0	0.546139	-0.41313599999999995	-0.7287319999999999	0.0	-0.813641	-0.468581	-0.344123	0.0	3.09246	-0.0272497	0.442583	0.358755	
0	0.09372269999999999	0.868066	-0.487522	0.0	0.364672	0.42571400000000004	0.8281200000000001	0.0	0.926408	-0.255399	-0.27666	0.0	-2.93574	0.0335788	0.267743	0.34591	-0.1993	0.7808649999999999	-0.592055	0.0	0.546139	-0.41313599999999995	-0.7287319999999999	0.0	-0.813641	-0.468581	-0.344123	0.0	3.09246	-0.0272497	0.44258400000000003	0.358755	
0	0.09372269999999999	0.868066	-0.487522	0.0	0.364671	0.42571400000000004	0.8281200000000001	0.0	0.926408	-0.255399	-0.27666	0.0	-2.93574	0.033578	0.267742	0.345909	-0.1993	0.7808649999999999	-0.592055	0.0	0.546139	-0.41313599999999995	-0.7287319999999999	0.0	-0.813641	-0.468581	-0.344123	0.0	3.09246	-0.0272492	0.442583	0.358756	
0	0.09372269999999999	0.868066	-0.487522	0.0	0.364672	0.42571400000000004	0.8281200000000001	0.0	0.926408	-0.255399	-0.27666	0.0	-2.93574	0.0335784	0.267742	0.34591	-0.1993	0.7808649999999999	-0.592055	0.0	0.546139	-0.41313599999999995	-0.7287319999999999	0.0	-0.813641	-0.468581	-0.344123	0.0	3.09246	-0.027249400000000003	0.442583	0.358755	
0	0.09372269999999999	0.868066	-0.487522	0.0	0.364672	0.42571400000000004	0.8281200000000001	0.0	0.926408	-0.255399	-0.27666	0.0	-2.93574	0.0335792	0.267743	0.34591	-0.1993	0.7808649999999999	-0.592055	0.0	0.546139	-0.41313599999999995	-0.7287319999999999	0.0	-0.813641	-0.468581	-0.344123	0.0	3.09246	-0.027249400000000003	0.442583	0.358755	
0	-0.113568	0.594032	-0.796385	0.0	0.00769901	0.8020729999999999	0.5971770000000001	0.0	0.9935	0.0616889	-0.0956634	0.0	-2.8984099999999997	-0.0660272	0.256735	0.351475	0.0861788	0.8557809999999999	-0.5101100000000001	0.0	0.138764	-0.517335	-0.844458	0.0	-0.986569	0.00198948	-0.16333399999999998	0.0	3.05144	0.00576661	0.476484	0.350585	
0	-0.0896826	0.566066	-0.8194670000000001	0.0	0.00117537	0.822842	0.568268	0.0	0.99597	0.050000499999999996	-0.07446	0.0	-2.8505599999999998	-0.135272	0.262772	0.352671	0.095546	0.8567030000000001	-0.506883	0.0	0.12251300000000001	-0.515462	-0.848109	0.0	-0.987857	0.018933900000000004	-0.15420699999999998	0.0	3.05115	0.00344786	0.484654	0.351013	
0	-0.060619799999999995	0.5853470000000001	-0.8085140000000001	0.0	0.028735200000000002	0.8106909999999999	0.584769	0.0	0.9977469999999999	0.012215799999999999	-0.06596389999999999	0.0	-2.8213	-0.23747	0.28033600000000003	0.352971	0.09654360000000001	0.8568629999999999	-0.506424	0.0	0.122333	-0.515158	-0.8483200000000001	0.0	-0.9877819999999999	0.0199474	-0.154558	0.0	3.04756	-0.00259459	0.482437	0.35078899999999996	
0	-0.033506	0.632192	-0.774087	0.0	0.056499400000000005	0.7744810000000001	0.630069	0.0	0.99784	-0.022624400000000003	-0.0616683	0.0	-2.83557	-0.31545	0.245364	0.353004	0.0895477	0.863858	-0.495713	0.0	0.11858599999999998	-0.503419	-0.855866	0.0	-0.9888979999999999	0.0178563	-0.147521	0.0	3.03836	-0.0119381	0.47631999999999997	0.351813	
0	-0.0122948	0.675582	-0.737182	0.0	0.08379589999999999	0.735341	0.672497	0.0	0.9964069999999999	-0.0535047	-0.06565189999999999	0.0	-2.8679099999999997	-0.354854	0.194036	0.352535	0.0735793	0.873151	-0.481864	0.0	0.126973	-0.48744399999999993	-0.863873	0.0	-0.989173	0.0023796	-0.146732	0.0	3.02693	-0.027094099999999996	0.460654	0.352684	
0	0.101029	0.805241	-0.584278	0.0	0.13555	0.570665	0.809919	0.0	0.985606	-0.161024	-0.0514967	0.0	-2.95064	-0.6569649999999999	-0.115133	0.344271	0.0319625	0.8983399999999999	-0.438137	0.0	0.146636	-0.43783299999999997	-0.8870180000000001	0.0	-0.9886739999999999	-0.03589559999999999	-0.145723	0.0	2.97063	-0.08506339999999998	0.23456	0.352325	
0	0.125856	0.828694	-0.5453680000000001	0.0	0.150594	0.527409	0.836159	0.0	0.9805520000000001	-0.187365	-0.058419399999999996	0.0	-2.93565	-0.834181	-0.437331	0.342406	0.00498897	0.907324	-0.42040299999999997	0.0	0.188708	-0.413709	-0.8906370000000001	0.0	-0.9820200000000001	-0.0748901	-0.173283	0.0	2.91605	-0.151229	-0.0781341	0.353192	
0	0.13347699999999998	0.843007	-0.521079	0.0	0.162209	0.50011	0.850634	0.0	0.9776870000000001	-0.19806300000000002	-0.06999010000000001	0.0	-2.9119200000000003	-1.00349	-0.861927	0.341763	-0.071505	0.898007	-0.434133	0.0	0.273897	-0.400838	-0.8742479999999999	0.0	-0.959097	-0.181421	-0.2173	0.0	2.85143	-0.341672	-0.545392	0.354104	
0	0.140052	0.8434649999999999	-0.518606	0.0	0.188752	0.49141999999999997	0.850223	0.0	0.971987	-0.216964	-0.0903816	0.0	-2.9028099999999997	-1.06029	-1.07481	0.342422	-0.12026600000000001	0.8837280000000001	-0.452284	0.0	0.323648	-0.395796	-0.859417	0.0	-0.9385030000000001	-0.24974000000000002	-0.238416	0.0	2.81249	-0.484455	-0.7938930000000001	0.355867	
0	0.174808	0.845457	-0.504624	0.0	0.239702	0.460553	0.8546540000000001	0.0	0.9549790000000001	-0.27036	-0.12214900000000001	0.0	-2.87459	-1.15594	-1.47761	0.34589200000000003	-0.21604299999999999	0.8505149999999999	-0.47953100000000004	0.0	0.375318	-0.38105500000000003	-0.8449459999999999	0.0	-0.901367	-0.362521	-0.23689000000000002	0.0	2.75643	-0.863535	-1.34761	0.35728899999999997	
0	0.226554	0.835059	-0.5013479999999999	0.0	0.294501	0.431908	0.8524809999999999	0.0	0.928409	-0.34078	-0.148075	0.0	-2.87244	-1.33659	-1.89776	0.346725	-0.25626	0.8226040000000001	-0.5075970000000001	0.0	0.388631	-0.393137	-0.833312	0.0	-0.885041	-0.410812	-0.218944	0.0	2.66036	-1.1758899999999999	-1.96901	0.357939	
0	0.27334200000000003	0.818886	-0.504688	0.0	0.313444	0.420207	0.851575	0.0	0.909416	-0.390963	-0.141815	0.0	-2.9022099999999997	-1.53165	-2.0972	0.34711	-0.27314099999999997	0.805503	-0.525889	0.0	0.390703	-0.406667	-0.825817	0.0	-0.879059	-0.43103100000000005	-0.20363499999999998	0.0	2.55755	-1.3613	-2.27338	0.35831199999999996	
0	0.327002	0.791587	-0.5161979999999999	0.0	0.332369	0.414994	0.846942	0.0	0.884647	-0.44852	-0.127395	0.0	-2.94254	-1.71627	-2.13367	0.347656	-0.276096	0.792918	-0.543188	0.0	0.398002	-0.42010200000000003	-0.815542	0.0	-0.8748520000000001	-0.44135699999999994	-0.199594	0.0	2.4885900000000003	-1.55132	-2.42667	0.35794899999999996	
0	0.371921	0.773842	-0.512682	0.0	0.35661	0.390808	0.8485860000000001	0.0	0.857032	-0.498435	-0.13061099999999998	0.0	-3.0712	-1.8711	-2.1390700000000002	0.347573	-0.251301	0.787198	-0.563176	0.0	0.41482700000000006	-0.438108	-0.797484	0.0	-0.874509	-0.43403	-0.216454	0.0	2.47511	-1.78575	-2.4751	0.358069	
0	0.41487700000000005	0.7567119999999999	-0.5052369999999999	0.0	0.386811	0.355919	0.8507049999999999	0.0	0.8235620000000001	-0.548369	-0.145042	0.0	-3.2145799999999998	-1.95292	-2.11495	0.34767800000000004	-0.24702	0.759491	-0.601793	0.0	0.422964	-0.47424499999999997	-0.772135	0.0	-0.871827	-0.44527	-0.20408900000000002	0.0	2.48916	-1.93682	-2.41057	0.357732	
0	0.438906	0.747268	-0.49895100000000003	0.0	0.398564	0.33576500000000004	0.853468	0.0	0.8053	-0.5734560000000001	-0.15046400000000001	0.0	-3.30931	-2.01598	-2.13137	0.3477	-0.258288	0.746306	-0.613445	0.0	0.419408	-0.485404	-0.767124	0.0	-0.8702780000000001	-0.45542299999999997	-0.187632	0.0	2.49646	-2.00335	-2.37832	0.357825	
0	0.48872299999999996	0.710331	-0.506536	0.0	0.425785	0.31256	0.849125	0.0	0.761483	-0.630663	-0.149693	0.0	-3.5824800000000003	-2.21085	-2.2027799999999997	0.34776	-0.25806999999999997	0.7450760000000001	-0.615031	0.0	0.423069	-0.48516099999999995	-0.765266	0.0	-0.8685700000000001	-0.457692	-0.19001300000000002	0.0	2.5127900000000003	-2.03662	-2.36259	0.357885	
0	0.49292299999999994	0.706989	-0.507142	0.0	0.429733	0.30899299999999996	0.848441	0.0	0.7565430000000001	-0.636152	-0.151506	0.0	-3.63668	-2.25014	-2.21043	0.34788800000000003	-0.258791	0.742768	-0.617514	0.0	0.42613199999999996	-0.48592799999999997	-0.763076	0.0	-0.866856	-0.46062	-0.19076300000000002	0.0	2.5316799999999997	-2.03903	-2.3690700000000002	0.357683	
0	0.488702	0.71035	-0.50653	0.0	0.433179	0.306404	0.847628	0.0	0.757315	-0.633656	-0.157969	0.0	-3.69354	-2.285	-2.22844	0.34743	-0.261621	0.729999	-0.631392	0.0	0.429809	-0.49761400000000006	-0.753422	0.0	-0.864187	-0.46848900000000004	-0.183574	0.0	2.544	-1.98347	-2.36143	0.35733200000000004	
0	0.487846	0.718491	-0.495759	0.0	0.43185200000000007	0.294912	0.852368	0.0	0.758624	-0.629919	-0.16641	0.0	-3.69971	-2.29387	-2.24553	0.34707	-0.26165	0.726793	-0.6350680000000001	0.0	0.426713	-0.503081	-0.751549	0.0	-0.865711	-0.467635	-0.178501	0.0	2.53074	-1.9608	-2.34017	0.356825	
0	0.49129700000000004	0.725788	-0.48151700000000003	0.0	0.43041999999999997	0.278306	0.8586520000000001	0.0	0.757209	-0.629108	-0.175663	0.0	-3.69863	-2.32666	-2.30565	0.347095	-0.261729	0.727312	-0.634441	0.0	0.424671	-0.503517	-0.752413	0.0	-0.866691	-0.46635699999999997	-0.177083	0.0	2.50543	-1.9537	-2.32298	0.357145	
0	0.47777299999999995	0.731259	-0.48682	0.0	0.44686099999999995	0.274808	0.851349	0.0	0.756339	-0.624292	-0.195476	0.0	-3.71426	-2.34171	-2.36613	0.346961	-0.262148	0.728367	-0.6330560000000001	0.0	0.425808	-0.501382	-0.753196	0.0	-0.8660059999999999	-0.46701000000000004	-0.178708	0.0	2.50185	-1.96101	-2.31782	0.357396	
0	0.47048599999999996	0.740682	-0.47961899999999996	0.0	0.44439799999999996	0.270683	0.8539559999999999	0.0	0.7623340000000001	-0.614916	-0.20180499999999998	0.0	-3.6917800000000005	-2.3613	-2.4026099999999997	0.34666399999999997	-0.26207600000000003	0.729607	-0.631656	0.0	0.42904899999999996	-0.498199	-0.7534689999999999	0.0	-0.8644270000000001	-0.46847799999999995	-0.182471	0.0	2.52573	-1.97176	-2.3282599999999998	0.357484	
0	0.46809700000000004	0.74848	-0.469747	0.0	0.43866000000000005	0.264648	0.858801	0.0	0.767113	-0.608062	-0.204447	0.0	-3.66299	-2.399	-2.44949	0.34694400000000003	-0.26218400000000003	0.729991	-0.6311680000000001	0.0	0.430745	-0.496751	-0.7534569999999999	0.0	-0.86355	-0.46941700000000003	-0.184199	0.0	2.5415400000000004	-1.98068	-2.33378	0.357592	
0	0.460424	0.7500600000000001	-0.47478400000000004	0.0	0.446596	0.266511	0.8541209999999999	0.0	0.767178	-0.605295	-0.21226599999999998	0.0	-3.62353	-2.41971	-2.49229	0.346973	-0.26200500000000004	0.72982	-0.63144	0.0	0.432511	-0.49611000000000005	-0.752867	0.0	-0.862721	-0.47036000000000006	-0.185672	0.0	2.5533900000000003	-1.9880200000000001	-2.33494	0.357601	
0	0.454773	0.747178	-0.48467200000000005	0.0	0.446658	0.279469	0.849938	0.0	0.770505	-0.603011	-0.20663800000000002	0.0	-3.5856800000000004	-2.41656	-2.4969200000000003	0.346378	-0.262291	0.728618	-0.632708	0.0	0.43440500000000004	-0.49631899999999995	-0.751638	0.0	-0.861682	-0.471999	-0.186336	0.0	2.5635	-1.99604	-2.32609	0.357696	
0	0.45318500000000006	0.745942	-0.48805	0.0	0.44665699999999997	0.283794	0.848504	0.0	0.77144	-0.60252	-0.20457	0.0	-3.5610199999999996	-2.40726	-2.48731	0.346379	-0.262737	0.727781	-0.633487	0.0	0.43512	-0.49663100000000004	-0.7510180000000001	0.0	-0.8611850000000001	-0.472963	-0.18618900000000002	0.0	2.57868	-2.00809	-2.32482	0.357597	
0	0.451991	0.744677	-0.49108100000000005	0.0	0.441179	0.291858	0.848634	0.0	0.775284	-0.60023	-0.19661800000000001	0.0	-3.5533300000000003	-2.41498	-2.4681	0.34666199999999997	-0.26253000000000004	0.7277020000000001	-0.633663	0.0	0.43473999999999996	-0.497068	-0.75095	0.0	-0.86144	-0.472625	-0.185866	0.0	2.5845599999999997	-2.01799	-2.33806	0.357574	
0	0.45017700000000005	0.744372	-0.493205	0.0	0.43778900000000004	0.29740900000000003	0.848462	0.0	0.778255	-0.597878	-0.191992	0.0	-3.54359	-2.42113	-2.46538	0.346525	-0.262326	0.727633	-0.633826	0.0	0.43467799999999995	-0.49731499999999995	-0.750822	0.0	-0.861534	-0.47247	-0.185827	0.0	2.5863099999999997	-2.02104	-2.34018	0.35765	
0	0.443173	0.74188	-0.503201	0.0	0.43169399999999997	0.315337	0.8451049999999999	0.0	0.7856449999999999	-0.591757	-0.180516	0.0	-3.48115	-2.4327900000000002	-2.44388	0.347467	-0.261549	0.724073	-0.638209	0.0	0.43114600000000003	-0.503943	-0.748434	0.0	-0.863542	-0.47091400000000005	-0.180375	0.0	2.58997	-2.02071	-2.33016	0.357592	
0	0.428875	0.737721	-0.521378	0.0	0.428734	0.34179	0.836282	0.0	0.795144	-0.582192	-0.169701	0.0	-3.41459	-2.41173	-2.39603	0.347457	-0.259789	0.718932	-0.6447069999999999	0.0	0.427529	-0.513004	-0.7443420000000001	0.0	-0.865869	-0.46900299999999995	-0.174091	0.0	2.58853	-2.01347	-2.30057	0.357486	
0	0.42377200000000004	0.7363109999999999	-0.527507	0.0	0.42836	0.350225	0.8329770000000001	0.0	0.798076	-0.578955	-0.16699	0.0	-3.3944	-2.40674	-2.3784	0.34757	-0.259291	0.717661	-0.646321	0.0	0.426616	-0.515273	-0.7432989999999999	0.0	-0.866468	-0.46846099999999996	-0.17256	0.0	2.5909299999999997	-2.01326	-2.2882599999999997	0.357464	
0	0.42382700000000006	0.736329	-0.5274369999999999	0.0	0.428368	0.350127	0.8330139999999999	0.0	0.798042	-0.5789920000000001	-0.167027	0.0	-3.3949	-2.4069700000000003	-2.37894	0.347569	-0.259302	0.717679	-0.646297	0.0	0.42662	-0.5152439999999999	-0.743317	0.0	-0.8664629999999999	-0.468466	-0.172573	0.0	2.5908900000000004	-2.0133099999999997	-2.28861	0.35746500000000003	
0	0.42382700000000006	0.736329	-0.5274369999999999	0.0	0.428368	0.350127	0.8330139999999999	0.0	0.798042	-0.578991	-0.167027	0.0	-3.39491	-2.4069700000000003	-2.37895	0.347569	-0.259302	0.717679	-0.646296	0.0	0.42662	-0.5152439999999999	-0.743317	0.0	-0.8664629999999999	-0.468466	-0.172573	0.0	2.5908900000000004	-2.0133099999999997	-2.28861	0.35746500000000003	
0	0.42382700000000006	0.736329	-0.5274369999999999	0.0	0.428368	0.350127	0.8330139999999999	0.0	0.798042	-0.578991	-0.167027	0.0	-3.39491	-2.4069700000000003	-2.37895	0.347569	-0.259302	0.71768	-0.646296	0.0	0.42662	-0.5152439999999999	-0.743317	0.0	-0.8664629999999999	-0.468466	-0.172573	0.0	2.5908900000000004	-2.0133099999999997	-2.28861	0.35746500000000003	
0	0.42382700000000006	0.736329	-0.5274369999999999	0.0	0.428368	0.350127	0.8330139999999999	0.0	0.798042	-0.578991	-0.167027	0.0	-3.39491	-2.4069700000000003	-2.37895	0.347569	-0.259302	0.71768	-0.646296	0.0	0.42662	-0.5152439999999999	-0.743317	0.0	-0.8664629999999999	-0.468466	-0.172573	0.0	2.5908900000000004	-2.0133099999999997	-2.28861	0.35746500000000003	
0	0.42382700000000006	0.736329	-0.5274369999999999	0.0	0.428368	0.350127	0.8330139999999999	0.0	0.798042	-0.578991	-0.167027	0.0	-3.39491	-2.4069700000000003	-2.37895	0.347569	-0.259301	0.717679	-0.646296	0.0	0.42661899999999997	-0.5152439999999999	-0.743317	0.0	-0.8664629999999999	-0.468466	-0.172573	0.0	2.5908900000000004	-2.0133099999999997	-2.28861	0.35746500000000003	
0	0.42382700000000006	0.736329	-0.5274369999999999	0.0	0.428368	0.350127	0.8330139999999999	0.0	0.798042	-0.578991	-0.167027	0.0	-3.39491	-2.4069700000000003	-2.37895	0.347569	-0.259302	0.717679	-0.646296	0.0	0.42662	-0.5152439999999999	-0.743317	0.0	-0.8664629999999999	-0.468466	-0.172573	0.0	2.5908900000000004	-2.0133099999999997	-2.28861	0.35746500000000003	
0	0.42382700000000006	0.736329	-0.5274369999999999	0.0	0.428368	0.350127	0.8330139999999999	0.0	0.798042	-0.578991	-0.167027	0.0	-3.39491	-2.4069700000000003	-2.37895	0.347569	-0.259302	0.717679	-0.646296	0.0	0.42662	-0.5152439999999999	-0.743317	0.0	-0.8664629999999999	-0.468466	-0.172573	0.0	2.5908900000000004	-2.0133099999999997	-2.28861	0.35746500000000003	
0	0.42382700000000006	0.736329	-0.5274369999999999	0.0	0.428368	0.350127	0.8330139999999999	0.0	0.798042	-0.578991	-0.167027	0.0	-3.39491	-2.4069700000000003	-2.37895	0.347569	-0.259302	0.717679	-0.646296	0.0	0.42661899999999997	-0.5152439999999999	-0.743317	0.0	-0.8664629999999999	-0.468466	-0.172573	0.0	2.5908900000000004	-2.0133099999999997	-2.28861	0.35746500000000003	
0	0.42382700000000006	0.736329	-0.5274369999999999	0.0	0.428368	0.350127	0.8330139999999999	0.0	0.798042	-0.578991	-0.167027	0.0	-3.39491	-2.4069700000000003	-2.37895	0.347569	-0.259302	0.71768	-0.646296	0.0	0.42661899999999997	-0.5152439999999999	-0.743317	0.0	-0.8664629999999999	-0.468466	-0.172573	0.0	2.5908900000000004	-2.0133099999999997	-2.28861	0.35746500000000003	
0	0.42382700000000006	0.736329	-0.5274369999999999	0.0	0.428368	0.350127	0.8330139999999999	0.0	0.798042	-0.578991	-0.167027	0.0	-3.39491	-2.4069700000000003	-2.37895	0.347569	-0.259302	0.71768	-0.646296	0.0	0.42661899999999997	-0.5152439999999999	-0.743317	0.0	-0.8664629999999999	-0.468466	-0.172573	0.0	2.5908900000000004	-2.0133099999999997	-2.28861	0.35746500000000003	
0	0.42382700000000006	0.736329	-0.5274369999999999	0.0	0.428368	0.350127	0.8330139999999999	0.0	0.798042	-0.578991	-0.167027	0.0	-3.39491	-2.4069700000000003	-2.37895	0.347569	-0.259302	0.71768	-0.646296	0.0	0.42661899999999997	-0.5152439999999999	-0.743317	0.0	-0.8664629999999999	-0.468466	-0.172573	0.0	2.5908900000000004	-2.0133099999999997	-2.28861	0.35746500000000003	
0	0.42382700000000006	0.736329	-0.5274369999999999	0.0	0.428368	0.350127	0.8330139999999999	0.0	0.798042	-0.578991	-0.167027	0.0	-3.39491	-2.4069700000000003	-2.37895	0.347569	-0.259301	0.717679	-0.646296	0.0	0.42661899999999997	-0.5152439999999999	-0.743317	0.0	-0.8664629999999999	-0.468466	-0.172573	0.0	2.5908900000000004	-2.0133099999999997	-2.28861	0.35746500000000003	
0	0.42382700000000006	0.736329	-0.5274369999999999	0.0	0.428368	0.350127	0.8330139999999999	0.0	0.798042	-0.578991	-0.167027	0.0	-3.39491	-2.4069700000000003	-2.37895	0.347569	-0.259302	0.71768	-0.646296	0.0	0.42662	-0.5152439999999999	-0.743317	0.0	-0.8664629999999999	-0.468466	-0.172573	0.0	2.5908900000000004	-2.0133099999999997	-2.28861	0.35746500000000003	
0	0.42382700000000006	0.736329	-0.5274369999999999	0.0	0.428368	0.350127	0.8330139999999999	0.0	0.798042	-0.578991	-0.167027	0.0	-3.39491	-2.4069700000000003	-2.37895	0.347569	-0.259301	0.717679	-0.646296	0.0	0.42661899999999997	-0.5152439999999999	-0.743317	0.0	-0.8664629999999999	-0.468466	-0.172573	0.0	2.5908900000000004	-2.0133099999999997	-2.28861	0.35746500000000003	
0	0.42382700000000006	0.736329	-0.5274369999999999	0.0	0.428368	0.350127	0.8330139999999999	0.0	0.798042	-0.578991	-0.167027	0.0	-3.39491	-2.4069700000000003	-2.37895	0.347569	-0.259301	0.717679	-0.646296	0.0	0.42662	-0.5152439999999999	-0.743317	0.0	-0.8664629999999999	-0.468466	-0.172573	0.0	2.5908900000000004	-2.0133099999999997	-2.28861	0.35746500000000003	
0	0.42382700000000006	0.736329	-0.5274369999999999	0.0	0.428368	0.350127	0.8330139999999999	0.0	0.798042	-0.578991	-0.167027	0.0	-3.39491	-2.4069700000000003	-2.37895	0.347569	-0.259302	0.71768	-0.646296	0.0	0.42662	-0.5152439999999999	-0.743317	0.0	-0.8664629999999999	-0.468466	-0.172573	0.0	2.5908900000000004	-2.0133099999999997	-2.28861	0.35746500000000003	
0	-0.013375999999999999	0.650191	-0.759653	0.0	0.151276	0.752292	0.641227	0.0	0.988401	-0.10634	-0.108421	0.0	-3.4121599999999996	-2.50953	-2.4043099999999997	0.347413	-0.050707800000000004	0.768968	-0.637273	0.0	0.149574	-0.62505	-0.76612	0.0	-0.987449	-0.134168	-0.0833228	0.0	2.55517	-1.97553	-2.24359	0.342455	
0	0.042093599999999995	0.6464439999999999	-0.7618	0.0	0.21547199999999997	0.7386590000000001	0.638714	0.0	0.9756030000000001	-0.191032	-0.108198	0.0	-3.46058	-2.59071	-2.38823	0.347348	-0.0555452	0.770618	-0.634872	0.0	0.158163	-0.621034	-0.76766	0.0	-0.98585	-0.14305299999999999	-0.0873882	0.0	2.5607900000000003	-1.99725	-2.24645	0.34308	
0	0.106993	0.646253	-0.7555850000000001	0.0	0.291101	0.706285	0.645307	0.0	0.950691	-0.288995	-0.11255699999999999	0.0	-3.5164800000000005	-2.69228	-2.37857	0.347509	-0.052422300000000005	0.771438	-0.634142	0.0	0.15923299999999999	-0.620433	-0.7679239999999999	0.0	-0.985848	-0.141233	-0.09031360000000001	0.0	2.5609	-2.02126	-2.2477	0.34291900000000003	
0	0.201927	0.657375	-0.726006	0.0	0.3832	0.629152	0.676258	0.0	0.901323	-0.41476	-0.12486400000000002	0.0	-3.57973	-2.81288	-2.37412	0.348018	-0.050192400000000005	0.771193	-0.63462	0.0	0.15688	-0.621445	-0.767591	0.0	-0.986341	-0.138086	-0.0897936	0.0	2.55409	-2.0480099999999997	-2.2496099999999997	0.342876	
0	0.204322	0.658736	-0.7240989999999999	0.0	0.386265	0.625429	0.677966	0.0	0.899473	-0.418217	-0.126658	0.0	-3.59219	-2.82985	-2.38813	0.348146	-0.0485871	0.770393	-0.6357149999999999	0.0	0.15704500000000002	-0.622658	-0.766573	0.0	-0.9863959999999999	-0.137081	-0.0907332	0.0	2.55238	-2.04645	-2.24816	0.342981	
0	0.285139	0.672366	-0.683096	0.0	0.46374399999999993	0.526936	0.712236	0.0	0.838831	-0.519868	-0.161556	0.0	-3.7717199999999997	-2.9413099999999996	-2.51268	0.342696	-0.0361342	0.771312	-0.6354310000000001	0.0	0.156172	-0.623676	-0.7659239999999999	0.0	-0.9870690000000001	-0.126912	-0.09792100000000001	0.0	2.54583	-2.06898	-2.2608	0.342587	
0	0.308172	0.677009	-0.6683479999999999	0.0	0.483967	0.49326899999999996	0.722815	0.0	0.819028	-0.5462100000000001	-0.17563800000000002	0.0	-3.80709	-2.96817	-2.5565599999999997	0.341402	-0.0321419	0.771396	-0.6355430000000001	0.0	0.155254	-0.6243	-0.765602	0.0	-0.987352	-0.123279	-0.09969650000000001	0.0	2.5425400000000002	-2.07729	-2.26591	0.342508	
0	0.37650300000000003	0.679652	-0.6295390000000001	0.0	0.5211	0.406479	0.750486	0.0	0.765964	-0.610613	-0.201126	0.0	-3.8635099999999998	-3.03708	-2.61151	0.341828	-0.025870799999999996	0.768011	-0.639914	0.0	0.147602	-0.630178	-0.762292	0.0	-0.9887090000000001	-0.114174	-0.0970566	0.0	2.5339	-2.08967	-2.27402	0.342355	
0	0.43156300000000003	0.668226	-0.605993	0.0	0.541813	0.345091	0.766388	0.0	0.7212430000000001	-0.65908	-0.213125	0.0	-3.95609	-3.19623	-2.66378	0.342803	-0.0239043	0.767234	-0.640922	0.0	0.144252	-0.631749	-0.761633	0.0	-0.989252	-0.11066	-0.09557360000000001	0.0	2.5123900000000003	-2.08912	-2.2748	0.34216599999999997	
0	0.448006	0.660799	-0.6021920000000001	0.0	0.5391020000000001	0.33766	0.7715920000000001	0.0	0.713204	-0.6703210000000001	-0.20496399999999998	0.0	-3.96076	-3.27073	-2.6802	0.342881	-0.0230075	0.76681	-0.641461	0.0	0.14391400000000001	-0.632408	-0.76115	0.0	-0.989323	-0.109827	-0.0958046	0.0	2.50619	-2.08736	-2.2734	0.341877	
0	0.5068739999999999	0.634139	-0.583907	0.0	0.512936	0.322523	0.795535	0.0	0.692802	-0.702743	-0.161795	0.0	-3.88714	-3.4492	-2.59335	0.341147	-0.0206674	0.765894	-0.6426350000000001	0.0	0.142449	-0.633959	-0.760135	0.0	-0.9895860000000001	-0.107253	-0.09599880000000001	0.0	2.48955	-2.08291	-2.2713400000000004	0.34179699999999996	
0	0.525003	0.622374	-0.580537	0.0	0.501263	0.32514	0.8018850000000001	0.0	0.687828	-0.711993	-0.141274	0.0	-3.8502300000000003	-3.5363800000000003	-2.53694	0.340217	-0.0193348	0.7649100000000001	-0.6438470000000001	0.0	0.142202	-0.635317	-0.759046	0.0	-0.989649	-0.106232	-0.0964877	0.0	2.48678	-2.07945	-2.27066	0.341792	
0	0.523571	0.613942	-0.590719	0.0	0.472208	0.36799899999999997	0.8009970000000001	0.0	0.70915	-0.698321	-0.0972344	0.0	-3.6976699999999996	-3.6410400000000003	-2.4105	0.33432	-0.0159597	0.761833	-0.6475770000000001	0.0	0.143825	-0.639175	-0.7554930000000001	0.0	-0.989475	-0.10519500000000001	-0.0993699	0.0	2.4841599999999997	-2.0735200000000003	-2.26991	0.341544	
0	0.5298350000000001	0.616746	-0.582151	0.0	0.451009	0.376413	0.809261	0.0	0.718238	-0.691331	-0.078721	0.0	-3.68816	-3.6486300000000003	-2.4039900000000003	0.331023	-0.012841	0.761588	-0.647935	0.0	0.14227599999999999	-0.640004	-0.755085	0.0	-0.9897440000000001	-0.101882	-0.100138	0.0	2.4821299999999997	-2.07937	-2.2640000000000002	0.341485	
0	0.543499	0.611263	-0.5752970000000001	0.0	0.44305900000000004	0.373212	0.8151149999999999	0.0	0.712957	-0.697905	-0.0679847	0.0	-3.6797	-3.64541	-2.4066	0.326741	-0.0121936	0.761314	-0.648269	0.0	0.14216800000000002	-0.640411	-0.75476	0.0	-0.989767	-0.101367	-0.100426	0.0	2.4805900000000003	-2.08236	-2.25995	0.341343	
0	0.593425	0.58081	-0.557231	0.0	0.43404899999999996	0.352095	0.829235	0.0	0.677826	-0.733954	-0.0431581	0.0	-3.64203	-3.7029900000000002	-2.3951599999999997	0.328261	-0.012599899999999999	0.758138	-0.651972	0.0	0.142506	-0.644007	-0.75163	0.0	-0.989714	-0.10238	-0.09992519999999999	0.0	2.4778700000000002	-2.0756200000000002	-2.2464	0.341294	
0	0.602287	0.578955	-0.549602	0.0	0.428983	0.345889	0.834467	0.0	0.6732199999999999	-0.738358	-0.0400369	0.0	-3.6343900000000002	-3.7007199999999996	-2.38995	0.326452	-0.013898599999999999	0.753948	-0.656787	0.0	0.143284	-0.64857	-0.7475470000000001	0.0	-0.989584	-0.104497	-0.09901449999999999	0.0	2.4779	-2.05952	-2.2324	0.34123000000000003	
0	0.641848	0.555407	-0.52873	0.0	0.43047799999999997	0.309632	0.847831	0.0	0.634602	-0.771785	-0.0403536	0.0	-3.59997	-3.69144	-2.37738	0.324959	-0.014010299999999998	0.749456	-0.661906	0.0	0.14611500000000002	-0.653331	-0.742839	0.0	-0.9891690000000001	-0.10712200000000001	-0.100354	0.0	2.4795	-2.0376	-2.22086	0.341171	
0	0.6758390000000001	0.53262	-0.509469	0.0	0.42984700000000003	0.276677	0.859466	0.0	0.598727	-0.799854	-0.0419557	0.0	-3.5703400000000003	-3.68088	-2.37355	0.31993499999999997	-0.013925	0.7432529999999999	-0.668866	0.0	0.145525	-0.6603020000000001	-0.736766	0.0	-0.9892569999999999	-0.107596	-0.098967	0.0	2.48037	-1.9992299999999998	-2.2061	0.341198	
