0	0.319977	0.794899	-0.51551	0.0	0.48044899999999996	0.332823	0.811417	0.0	0.8165680000000001	-0.507311	-0.275413	0.0	-2.76364	2.00295	1.3617	-1.16825e-05	-0.386396	0.7385520000000001	-0.552485	0.0	0.618483	-0.2369	-0.749237	0.0	-0.684234	-0.631205	-0.365245	0.0	2.62058	2.01009	1.53508	-1.84309e-05	
0	-0.092227	0.8864780000000001	-0.453487	0.0	0.0454096	0.45869799999999994	0.887431	0.0	0.9947020000000001	0.061252499999999994	-0.08255900000000001	0.0	-2.87216	1.93615	1.3835600000000001	0.0	-0.0695698	0.853418	-0.516564	0.0	0.330169	-0.468937	-0.819199	0.0	-0.9413549999999999	-0.22754499999999997	-0.24914899999999998	0.0	2.68115	1.81728	1.49201	0.0	
0	-0.09701760000000001	0.885453	-0.45448900000000003	0.0	0.0681273	0.46148	0.884531	0.0	0.9929479999999999	0.054852	-0.10509500000000001	0.0	-2.96172	1.93389	1.37703	0.0	-0.011532200000000001	0.8246049999999999	-0.565591	0.0	0.296161	-0.5374329999999999	-0.7895909999999999	0.0	-0.9550690000000001	-0.176611	-0.23801799999999998	0.0	2.74473	1.77415	1.4420899999999999	0.0	
0	-0.10776199999999998	0.8874299999999999	-0.448169	0.0	0.056244600000000006	0.45551400000000003	0.88845	0.0	0.992584	0.07053430000000001	-0.0990003	0.0	-2.99578	1.9312099999999999	1.38525	0.0	0.0757272	0.7932859999999999	-0.604121	0.0	0.241035	-0.602457	-0.760886	0.0	-0.967558	-0.0879945	-0.23683200000000001	0.0	2.83027	1.8524599999999998	1.39944	0.0	
0	-0.16311900000000001	0.8793920000000001	-0.447284	0.0	0.019349099999999998	0.45611999999999997	0.8897079999999999	0.0	0.986417	0.136473	-0.0914172	0.0	-2.95308	1.91908	1.3856899999999999	0.0782808	0.140989	0.7935760000000001	-0.591912	0.0	0.198515	-0.608403	-0.7684	0.0	-0.9699040000000001	-0.00916758	-0.24331399999999997	0.0	2.89194	1.88212	1.2998	0.171768	
0	-0.19900299999999999	0.863361	-0.463687	0.0	0.00656149	0.474314	0.880331	0.0	0.9799770000000001	0.172146	-0.10005499999999999	0.0	-2.88358	1.8898400000000002	1.34419	0.339414	0.15728399999999998	0.806763	-0.5695560000000001	0.0	0.19137200000000001	-0.5907020000000001	-0.783868	0.0	-0.968834	0.014293100000000001	-0.2473	0.0	2.87679	1.8252599999999999	1.2017799999999998	0.312965	
0	-0.195744	0.854308	-0.4815	0.0	0.000827134	0.491142	0.871079	0.0	0.9806549999999999	0.17010999999999998	-0.0968449	0.0	-2.81692	1.8066900000000001	1.3655899999999999	0.344209	0.149378	0.802739	-0.577318	0.0	0.171969	-0.596062	-0.7843060000000001	0.0	-0.9737110000000001	0.0178775	-0.22708499999999998	0.0	2.84194	1.76165	1.21919	0.344773	
0	-0.179304	0.847095	-0.5002810000000001	0.0	0.00949019	0.509987	0.860129	0.0	0.983748	0.149476	-0.0994816	0.0	-2.76377	1.7119799999999998	1.4092799999999999	0.344912	0.145467	0.8030079999999999	-0.577943	0.0	0.16811800000000002	-0.595724	-0.7853979999999999	0.0	-0.974975	0.017086700000000003	-0.22165900000000002	0.0	2.7890900000000003	1.7568400000000002	1.27446	0.356699	
0	-0.16251400000000002	0.836025	-0.524073	0.0	0.019227900000000003	0.533716	0.8454450000000001	0.0	0.986519	0.12732000000000002	-0.10281099999999999	0.0	-2.73405	1.61817	1.42421	0.345948	0.136651	0.7951739999999999	-0.590783	0.0	0.179085	-0.6063810000000001	-0.774745	0.0	-0.974297	6.94096e-05	-0.225266	0.0	2.77874	1.7332400000000001	1.28321	0.35837399999999997	
0	-0.14716700000000002	0.8266459999999999	-0.543138	0.0	0.028860900000000005	0.5524720000000001	0.833032	0.0	0.988691	0.106919	-0.105163	0.0	-2.7099900000000003	1.55041	1.47781	0.347119	0.177233	0.7444029999999999	-0.64378	0.0	0.155615	-0.667104	-0.728531	0.0	-0.9717879999999999	0.028938	-0.23407399999999998	0.0	2.80001	1.73269	1.2590000000000001	0.359408	
0	-0.137655	0.815042	-0.562813	0.0	0.0270397	0.571103	0.820433	0.0	0.9901110000000001	0.0977186	-0.100654	0.0	-2.68376	1.52453	1.52636	0.34760100000000005	0.230775	0.668664	-0.706846	0.0	0.112927	-0.739952	-0.6631130000000001	0.0	-0.966432	0.07320750000000001	-0.246273	0.0	2.82349	1.7297	1.2142	0.359203	
0	-0.133391	0.807423	-0.574696	0.0	0.021023	0.5820529999999999	0.812879	0.0	0.990841	0.0963486	-0.094615	0.0	-2.64486	1.5101799999999999	1.5440200000000002	0.348103	0.223669	0.577449	-0.785191	0.0	0.0679439	-0.812879	-0.578457	0.0	-0.9722940000000001	0.0760336	-0.22105	0.0	2.83125	1.69915	1.24928	0.35720100000000005	
0	-0.122906	0.797902	-0.590124	0.0	0.0202405	0.5965239999999999	0.8023399999999999	0.0	0.9922120000000001	0.0866681	-0.0894664	0.0	-2.60278	1.48525	1.58005	0.348545	0.19783299999999998	0.546702	-0.813621	0.0	0.0480365	-0.8344360000000001	-0.549007	0.0	-0.979058	0.06952799999999999	-0.19134	0.0	2.78393	1.7054900000000002	1.3778299999999999	0.356335	
0	-0.113969	0.7890510000000001	-0.6036630000000001	0.0	0.0195923	0.6092890000000001	0.792706	0.0	0.993291	0.0785166	-0.0848995	0.0	-2.58015	1.4247	1.59535	0.34905	0.187055	0.558813	-0.807923	0.0	0.05827090000000001	-0.827303	-0.5587260000000001	0.0	-0.98062	0.05743430000000001	-0.187314	0.0	2.75769	1.67787	1.4479600000000001	0.356746	
0	-0.11032	0.7816569999999999	-0.613875	0.0	0.015379499999999999	0.618913	0.785309	0.0	0.993777	0.07719379999999999	-0.0802997	0.0	-2.54707	1.3889799999999999	1.6054	0.349471	0.0747228	0.673582	-0.735325	0.0	0.158433	-0.7360399999999999	-0.658137	0.0	-0.9845379999999999	-0.0673218	-0.161717	0.0	2.7516700000000003	1.5318	1.57787	0.357403	
0	-0.107072	0.773493	-0.624695	0.0	0.010243700000000001	0.629132	0.777231	0.0	0.9941989999999999	0.0768209	-0.07528610000000001	0.0	-2.5286	1.37313	1.6534799999999998	0.349841	-0.00934809	0.761455	-0.648151	0.0	0.22519699999999998	-0.629925	-0.743291	0.0	-0.974268	-0.15291	-0.16558900000000001	0.0	2.77975	1.31669	1.6184399999999999	0.35805	
0	-0.10058500000000001	0.767968	-0.632541	0.0	0.00706673	0.6363	0.771409	0.0	0.9949030000000001	0.0731225	-0.06942960000000001	0.0	-2.51494	1.3319299999999998	1.6785900000000002	0.35034499999999996	-0.0694919	0.822426	-0.564611	0.0	0.22514099999999998	-0.5384479999999999	-0.812026	0.0	-0.9718450000000001	-0.18354600000000001	-0.14774400000000001	0.0	2.81243	1.16926	1.61283	0.358819	
0	-0.0990583	0.767776	-0.633015	0.0	0.00811845	0.636746	0.771031	0.0	0.9950479999999999	0.071238	-0.0693081	0.0	-2.5072	1.32027	1.67565	0.350462	-0.0833243	0.8502350000000001	-0.519767	0.0	0.208292	-0.495201	-0.84344	0.0	-0.974511	-0.178542	-0.13583499999999998	0.0	2.8260400000000003	1.10848	1.5876299999999999	0.358584	
0	-0.09911560000000001	0.767785	-0.632995	0.0	0.00807768	0.636728	0.771047	0.0	0.995043	0.0713095	-0.06931160000000001	0.0	-2.5066	1.32126	1.6748	0.350458	-0.0833398	0.8500270000000001	-0.520105	0.0	0.208459	-0.49550299999999997	-0.8432209999999999	0.0	-0.974474	-0.178694	-0.135901	0.0	2.8263	1.10968	1.58822	0.35857100000000003	
0	-0.09911669999999999	0.767784	-0.632996	0.0	0.00807786	0.636728	0.771046	0.0	0.995043	0.07131030000000001	-0.0693124	0.0	-2.5066	1.32126	1.67482	0.350458	-0.083341	0.8500260000000001	-0.5201060000000001	0.0	0.208465	-0.49550299999999997	-0.8432200000000001	0.0	-0.9744729999999999	-0.178698	-0.135905	0.0	2.82626	1.10975	1.58825	0.35857100000000003	
0	-0.09911669999999999	0.767784	-0.632996	0.0	0.00807786	0.636728	0.771046	0.0	0.995043	0.07131030000000001	-0.0693124	0.0	-2.5066	1.32126	1.67482	0.350458	-0.0833409	0.8500260000000001	-0.5201060000000001	0.0	0.208465	-0.49550299999999997	-0.8432200000000001	0.0	-0.9744729999999999	-0.178699	-0.135905	0.0	2.82626	1.10975	1.58825	0.358572	
0	-0.0991166	0.767784	-0.632996	0.0	0.00807789	0.636728	0.771046	0.0	0.995043	0.07131030000000001	-0.0693124	0.0	-2.5066	1.32126	1.67482	0.350458	-0.0833411	0.8500260000000001	-0.5201060000000001	0.0	0.208465	-0.49550299999999997	-0.8432200000000001	0.0	-0.9744729999999999	-0.178699	-0.135905	0.0	2.82626	1.10975	1.58825	0.35857100000000003	
0	-0.0991166	0.767784	-0.632996	0.0	0.00807795	0.636728	0.771046	0.0	0.995043	0.0713102	-0.0693125	0.0	-2.5066	1.32126	1.67482	0.350458	-0.0833409	0.8500260000000001	-0.5201060000000001	0.0	0.208465	-0.49550299999999997	-0.8432200000000001	0.0	-0.9744729999999999	-0.178698	-0.135905	0.0	2.82626	1.10975	1.58825	0.358572	
0	-0.0991166	0.767784	-0.632996	0.0	0.00807795	0.636728	0.771046	0.0	0.995043	0.0713102	-0.0693125	0.0	-2.5066	1.32126	1.67482	0.350458	-0.083341	0.8500260000000001	-0.5201060000000001	0.0	0.208465	-0.49550299999999997	-0.8432200000000001	0.0	-0.9744729999999999	-0.178699	-0.135905	0.0	2.82626	1.10975	1.58825	0.358572	
0	-0.0991166	0.767784	-0.632996	0.0	0.00807798	0.636728	0.771046	0.0	0.995043	0.0713102	-0.0693125	0.0	-2.5066	1.32126	1.67482	0.350458	-0.083341	0.8500260000000001	-0.5201060000000001	0.0	0.208465	-0.49550299999999997	-0.8432200000000001	0.0	-0.9744729999999999	-0.178699	-0.135905	0.0	2.82626	1.10975	1.58825	0.358572	
0	-0.09911669999999999	0.767784	-0.632996	0.0	0.008077800000000001	0.636728	0.771046	0.0	0.995043	0.07131030000000001	-0.0693124	0.0	-2.5066	1.32126	1.67482	0.350458	-0.0833409	0.8500260000000001	-0.5201060000000001	0.0	0.208465	-0.49550299999999997	-0.8432200000000001	0.0	-0.9744729999999999	-0.178698	-0.135905	0.0	2.82626	1.10975	1.58825	0.358572	
0	-0.09911669999999999	0.767784	-0.632996	0.0	0.00807786	0.636728	0.771046	0.0	0.995043	0.07131030000000001	-0.0693124	0.0	-2.5066	1.32126	1.67482	0.350458	-0.0833411	0.8500260000000001	-0.5201060000000001	0.0	0.208465	-0.49550299999999997	-0.8432200000000001	0.0	-0.9744729999999999	-0.178699	-0.135905	0.0	2.82626	1.10975	1.58826	0.35857100000000003	
0	-0.09911669999999999	0.767784	-0.632996	0.0	0.00807786	0.636728	0.771046	0.0	0.995043	0.07131030000000001	-0.0693125	0.0	-2.5066	1.32126	1.67482	0.350457	-0.0833411	0.8500260000000001	-0.5201060000000001	0.0	0.208465	-0.49550299999999997	-0.8432200000000001	0.0	-0.9744729999999999	-0.178698	-0.135905	0.0	2.82626	1.10975	1.58825	0.35857100000000003	
0	-0.0991168	0.767784	-0.632996	0.0	0.00807795	0.636728	0.771046	0.0	0.995043	0.07131030000000001	-0.06931260000000002	0.0	-2.5066	1.32126	1.67482	0.350458	-0.0833411	0.8500260000000001	-0.5201060000000001	0.0	0.208465	-0.49550299999999997	-0.8432200000000001	0.0	-0.9744729999999999	-0.178699	-0.135905	0.0	2.82626	1.10975	1.58825	0.35857100000000003	
0	-0.0991168	0.767784	-0.632996	0.0	0.00807795	0.636728	0.771046	0.0	0.995043	0.07131030000000001	-0.06931260000000002	0.0	-2.5066	1.32126	1.67482	0.350458	-0.0833411	0.8500260000000001	-0.5201060000000001	0.0	0.208465	-0.49550299999999997	-0.8432200000000001	0.0	-0.9744729999999999	-0.178698	-0.135905	0.0	2.82626	1.10975	1.58825	0.35857100000000003	
0	-0.09911669999999999	0.767784	-0.632996	0.0	0.00807777	0.636728	0.771046	0.0	0.995043	0.0713104	-0.06931230000000001	0.0	-2.5066	1.32126	1.67482	0.350458	-0.0833411	0.8500260000000001	-0.5201060000000001	0.0	0.208465	-0.49550299999999997	-0.8432200000000001	0.0	-0.9744729999999999	-0.178699	-0.135905	0.0	2.82626	1.10975	1.58825	0.35857100000000003	
0	-0.0991168	0.767784	-0.632996	0.0	0.00807798	0.636728	0.771046	0.0	0.995043	0.0713102	-0.06931260000000002	0.0	-2.5066	1.32126	1.67482	0.350458	-0.083341	0.8500260000000001	-0.5201060000000001	0.0	0.208465	-0.49550299999999997	-0.8432200000000001	0.0	-0.9744729999999999	-0.178699	-0.135905	0.0	2.82626	1.10975	1.58825	0.358572	
0	-0.0991168	0.767784	-0.632996	0.0	0.00807795	0.636728	0.771046	0.0	0.995043	0.07131030000000001	-0.06931260000000002	0.0	-2.5066	1.32126	1.67482	0.350458	-0.0833411	0.8500260000000001	-0.5201060000000001	0.0	0.208465	-0.49550299999999997	-0.8432200000000001	0.0	-0.9744729999999999	-0.178699	-0.135905	0.0	2.82626	1.10975	1.58825	0.35857100000000003	
0	-0.0991168	0.767784	-0.632996	0.0	0.00807792	0.636728	0.771046	0.0	0.995043	0.07131030000000001	-0.06931260000000002	0.0	-2.5066	1.32126	1.67482	0.350458	-0.0833411	0.8500260000000001	-0.5201060000000001	0.0	0.208465	-0.49550299999999997	-0.8432200000000001	0.0	-0.9744729999999999	-0.178698	-0.135905	0.0	2.82626	1.10975	1.58825	0.35857100000000003	
0	-0.0991169	0.767784	-0.632996	0.0	0.00807795	0.636728	0.771046	0.0	0.995043	0.07131030000000001	-0.06931260000000002	0.0	-2.5066	1.32126	1.67482	0.350458	-0.0833411	0.8500260000000001	-0.5201060000000001	0.0	0.208465	-0.49550299999999997	-0.8432200000000001	0.0	-0.9744729999999999	-0.178699	-0.135905	0.0	2.82626	1.10975	1.58826	0.35857100000000003	
0	-0.0991168	0.767784	-0.632996	0.0	0.00807771	0.636728	0.771046	0.0	0.995043	0.0713104	-0.06931230000000001	0.0	-2.5066	1.32126	1.67482	0.350458	-0.0833411	0.8500260000000001	-0.5201060000000001	0.0	0.208465	-0.49550299999999997	-0.8432200000000001	0.0	-0.9744729999999999	-0.178698	-0.135905	0.0	2.82626	1.10975	1.58826	0.358572	
0	-0.09911669999999999	0.767784	-0.632996	0.0	0.00807777	0.636728	0.771046	0.0	0.995043	0.0713104	-0.06931230000000001	0.0	-2.5066	1.32126	1.67482	0.350458	-0.0833411	0.8500260000000001	-0.5201060000000001	0.0	0.208465	-0.49550299999999997	-0.8432200000000001	0.0	-0.9744729999999999	-0.178699	-0.135905	0.0	2.82626	1.10975	1.58825	0.35857100000000003	
0	-0.09911669999999999	0.767784	-0.632996	0.0	0.00807774	0.636728	0.771046	0.0	0.995043	0.0713104	-0.06931230000000001	0.0	-2.5066	1.32126	1.67482	0.350458	-0.083341	0.8500260000000001	-0.5201060000000001	0.0	0.208465	-0.49550299999999997	-0.8432200000000001	0.0	-0.9744729999999999	-0.178698	-0.135905	0.0	2.82626	1.10975	1.58825	0.35857100000000003	
0	-0.09911669999999999	0.767784	-0.632996	0.0	0.00807783	0.636728	0.771046	0.0	0.995043	0.07131030000000001	-0.06931230000000001	0.0	-2.5066	1.32126	1.67482	0.350458	-0.083341	0.8500260000000001	-0.5201060000000001	0.0	0.208465	-0.49550299999999997	-0.8432200000000001	0.0	-0.9744729999999999	-0.178698	-0.135905	0.0	2.82626	1.10975	1.58826	0.35857100000000003	
0	-0.0991168	0.767784	-0.632996	0.0	0.00807786	0.636728	0.771046	0.0	0.995043	0.07131030000000001	-0.0693125	0.0	-2.5066	1.32126	1.67482	0.350458	-0.083341	0.8500260000000001	-0.5201060000000001	0.0	0.208465	-0.49550299999999997	-0.8432200000000001	0.0	-0.9744729999999999	-0.178698	-0.135905	0.0	2.82626	1.10975	1.58825	0.35857100000000003	
0	-0.033785199999999994	0.6626770000000001	-0.748143	0.0	0.110126	0.74648	0.656231	0.0	0.993343	-0.060219299999999996	-0.0981982	0.0	-2.5159700000000003	1.23694	1.53888	0.35033600000000004	0.11366300000000001	0.9137139999999999	-0.390137	0.0	0.127896	-0.40287199999999995	-0.906277	0.0	-0.985253	0.0531135	-0.162652	0.0	2.7949599999999997	1.08122	1.58911	0.34478200000000003	
0	0.029410500000000003	0.6821119999999999	-0.730657	0.0	0.181366	0.715198	0.67498	0.0	0.9829760000000001	-0.152368	-0.10267799999999999	0.0	-2.4755700000000003	1.09327	1.39506	0.351502	0.0897622	0.926456	-0.365545	0.0	0.13957	-0.375106	-0.916415	0.0	-0.986135	0.031240399999999998	-0.162976	0.0	2.76308	1.00781	1.47625	0.35338	
0	0.05767819999999999	0.704441	-0.707415	0.0	0.21464299999999997	0.6832729999999999	0.697902	0.0	0.974988	-0.19209500000000002	-0.111794	0.0	-2.47975	0.941607	1.16336	0.352457	0.0837036	0.9241389999999999	-0.372774	0.0	0.154254	-0.381594	-0.9113680000000001	0.0	-0.9844790000000001	0.0187826	-0.174493	0.0	2.71749	0.973015	1.29108	0.3537	
0	0.0686502	0.726615	-0.683607	0.0	0.214625	0.6584220000000001	0.721399	0.0	0.974281	-0.196243	-0.110749	0.0	-2.5055400000000003	0.7934	0.8948649999999999	0.352077	0.0704347	0.915076	-0.397084	0.0	0.176129	-0.403227	-0.89799	0.0	-0.981844	-0.00668797	-0.189572	0.0	2.67021	0.9216129999999999	1.07145	0.353261	
0	0.0693638	0.740926	-0.667994	0.0	0.230239	0.63964	0.733383	0.0	0.970659	-0.20466900000000002	-0.126222	0.0	-2.48279	0.7023050000000001	0.629564	0.351891	0.043928800000000004	0.903184	-0.42700000000000005	0.0	0.215108	-0.425939	-0.8788090000000001	0.0	-0.9756020000000001	-0.053245900000000006	-0.212993	0.0	2.6185400000000003	0.8209799999999999	0.8379840000000001	0.35242199999999996	
0	0.08436669999999999	0.7589020000000001	-0.645717	0.0	0.25490100000000004	0.6100270000000001	0.750262	0.0	0.9632799999999999	-0.22789099999999998	-0.141979	0.0	-2.4022099999999997	0.613112	0.362041	0.351113	0.0220013	0.882868	-0.469106	0.0	0.267885	-0.457268	-0.848023	0.0	-0.9632	-0.10700899999999999	-0.24656799999999998	0.0	2.56604	0.639904	0.51772	0.351517	
0	0.102101	0.756019	-0.646537	0.0	0.31658200000000003	0.591448	0.741596	0.0	0.9430540000000001	-0.2804	-0.178955	0.0	-2.35711	0.519567	0.111028	0.349154	-0.0111952	0.859323	-0.511311	0.0	0.30370199999999997	-0.484266	-0.820519	0.0	-0.952701	-0.164472	-0.255556	0.0	2.51058	0.46918999999999994	0.260805	0.351524	
0	0.163655	0.745324	-0.646304	0.0	0.42295299999999997	0.5388609999999999	0.7285189999999999	0.0	0.891251	-0.39258200000000004	-0.22705	0.0	-2.37296	0.267574	-0.17289100000000002	0.350106	-0.0658983	0.840082	-0.538442	0.0	0.340011	-0.48841599999999996	-0.8036439999999999	0.0	-0.93811	-0.236035	-0.25345100000000004	0.0	2.43971	0.27808299999999997	0.0114524	0.352566	
0	0.242626	0.718252	-0.652109	0.0	0.483441	0.493266	0.723169	0.0	0.841081	-0.490716	-0.22755300000000003	0.0	-2.42109	-0.0847334	-0.455308	0.352028	-0.135489	0.818267	-0.5586439999999999	0.0	0.384336	-0.476285	-0.7908470000000001	0.0	-0.9131969999999999	-0.321858	-0.24995799999999999	0.0	2.3503	0.0623122	-0.246254	0.354053	
0	0.304589	0.6795479999999999	-0.667413	0.0	0.547791	0.44824899999999995	0.706397	0.0	0.779198	-0.5807640000000001	-0.235719	0.0	-2.48126	-0.3756	-0.714867	0.35482199999999997	-0.212946	0.7989430000000001	-0.562445	0.0	0.415958	-0.44674899999999995	-0.792083	0.0	-0.8841	-0.402624	-0.23719400000000002	0.0	2.23485	-0.145757	-0.484796	0.355718	
0	0.387856	0.617154	-0.684608	0.0	0.6080810000000001	0.386855	0.693239	0.0	0.6926800000000001	-0.685174	-0.22523600000000002	0.0	-2.56133	-0.6537930000000001	-0.871423	0.355806	-0.266131	0.782736	-0.5625819999999999	0.0	0.435118	-0.423238	-0.794697	0.0	-0.860144	-0.456283	-0.227946	0.0	2.13269	-0.321415	-0.672397	0.356584	
0	0.452905	0.569286	-0.686142	0.0	0.647453	0.31906999999999996	0.6920970000000001	0.0	0.612928	-0.757699	-0.22407800000000003	0.0	-2.74375	-0.933366	-1.06806	0.35136100000000003	-0.29857100000000003	0.768675	-0.5656800000000001	0.0	0.440693	-0.414704	-0.796122	0.0	-0.846549	-0.48699	-0.214932	0.0	2.01505	-0.4878	-0.8406600000000001	0.356858	
0	0.482271	0.533269	-0.69501	0.0	0.67307	0.28224099999999996	0.683605	0.0	0.560706	-0.797474	-0.222811	0.0	-2.93185	-1.1001299999999998	-1.1934200000000001	0.352068	-0.303694	0.76826	-0.563513	0.0	0.438816	-0.41219700000000004	-0.798457	0.0	-0.845701	-0.489766	-0.211943	0.0	1.9464400000000002	-0.5767180000000001	-0.9180809999999999	0.35789499999999996	
0	0.504746	0.506053	-0.699386	0.0	0.698083	0.237339	0.6755369999999999	0.0	0.507849	-0.829205	-0.233471	0.0	-3.09347	-1.2161600000000001	-1.26781	0.351802	-0.30764400000000003	0.765009	-0.565788	0.0	0.444615	-0.410137	-0.796308	0.0	-0.841233	-0.496537	-0.213959	0.0	1.9130599999999998	-0.687096	-0.9746889999999999	0.358142	
0	0.510934	0.493017	-0.704187	0.0	0.704307	0.229573	0.67175	0.0	0.49284700000000004	-0.839184	-0.22993899999999998	0.0	-3.21323	-1.30331	-1.26835	0.35170999999999997	-0.314651	0.762598	-0.56519	0.0	0.452078	-0.403167	-0.795664	0.0	-0.8346379999999999	-0.505867	-0.217896	0.0	1.8981700000000001	-0.8287950000000001	-1.01373	0.358144	
0	0.502509	0.49909899999999996	-0.705964	0.0	0.703112	0.239248	0.669622	0.0	0.503108	-0.8328629999999999	-0.23069800000000001	0.0	-3.25123	-1.32461	-1.25165	0.351993	-0.31107199999999996	0.770407	-0.5565140000000001	0.0	0.447197	-0.398037	-0.800988	0.0	-0.8386	-0.498036	-0.22070599999999999	0.0	1.9023400000000001	-0.920111	-1.0311299999999999	0.35844699999999996	
0	0.48971800000000004	0.513246	-0.704809	0.0	0.703657	0.244669	0.667086	0.0	0.514824	-0.822627	-0.24133000000000002	0.0	-3.24651	-1.34005	-1.24921	0.352738	-0.31254299999999996	0.768683	-0.558072	0.0	0.453168	-0.395679	-0.798797	0.0	-0.8348389999999999	-0.502559	-0.22467600000000001	0.0	1.9169	-0.992441	-1.04945	0.358466	
0	0.46430699999999997	0.533195	-0.7071930000000001	0.0	0.702058	0.26520900000000003	0.6608930000000001	0.0	0.5399390000000001	-0.803348	-0.251195	0.0	-3.23896	-1.35101	-1.2685600000000001	0.353234	-0.31452600000000003	0.765684	-0.561072	0.0	0.45397200000000004	-0.397762	-0.797305	0.0	-0.833656	-0.505484	-0.222493	0.0	1.9518900000000001	-1.06978	-1.0760299999999998	0.358487	
0	0.45528	0.543901	-0.704906	0.0	0.702577	0.266853	0.659678	0.0	0.546906	-0.795589	-0.260639	0.0	-3.19616	-1.36507	-1.27918	0.352937	-0.31567399999999995	0.7646470000000001	-0.56184	0.0	0.45578100000000005	-0.397142	-0.7965810000000001	0.0	-0.832234	-0.507536	-0.223144	0.0	1.99278	-1.11511	-1.10611	0.358575	
0	0.45131899999999997	0.550586	-0.7022579999999999	0.0	0.70058	0.268821	0.6610020000000001	0.0	0.55272	-0.7903100000000001	-0.264405	0.0	-3.14471	-1.3829799999999999	-1.29277	0.35283400000000004	-0.315409	0.760627	-0.567419	0.0	0.45591899999999996	-0.402947	-0.7935810000000001	0.0	-0.832259	-0.509	-0.219692	0.0	2.01504	-1.13419	-1.11653	0.35849899999999996	
0	0.449308	0.5559270000000001	-0.699333	0.0	0.696176	0.2727	0.6640590000000001	0.0	0.559876	-0.785226	-0.264497	0.0	-3.11295	-1.39513	-1.31029	0.35267600000000005	-0.315872	0.7574960000000001	-0.571336	0.0	0.45893	-0.405058	-0.790766	0.0	-0.830426	-0.511984	-0.219692	0.0	2.03081	-1.1511	-1.12719	0.35870100000000005	
0	0.44336899999999996	0.564175	-0.696513	0.0	0.695473	0.273683	0.664391	0.0	0.565457	-0.778976	-0.27102600000000004	0.0	-3.10534	-1.39476	-1.3286799999999999	0.35289	-0.31713800000000003	0.756541	-0.5719	0.0	0.45919899999999997	-0.405132	-0.790572	0.0	-0.8297950000000001	-0.513336	-0.21891999999999998	0.0	2.04061	-1.15957	-1.12865	0.35881799999999997	
0	0.44338299999999997	0.564148	-0.696527	0.0	0.695505	0.273648	0.6643720000000001	0.0	0.565407	-0.779008	-0.271037	0.0	-3.10463	-1.39499	-1.3289600000000001	0.352856	-0.317116	0.756548	-0.5719029999999999	0.0	0.459221	-0.405127	-0.790562	0.0	-0.829791	-0.513329	-0.21895100000000003	0.0	2.0404	-1.16003	-1.1286200000000002	0.358817	
0	0.443381	0.564146	-0.696529	0.0	0.695507	0.273649	0.664369	0.0	0.5654060000000001	-0.7790090000000001	-0.271037	0.0	-3.1046400000000003	-1.39499	-1.32894	0.352856	-0.31711500000000004	0.756549	-0.571902	0.0	0.45921999999999996	-0.40512800000000004	-0.790562	0.0	-0.829792	-0.513328	-0.21895	0.0	2.0404	-1.16003	-1.12863	0.358817	
0	0.443381	0.564146	-0.696529	0.0	0.695507	0.273649	0.664369	0.0	0.5654060000000001	-0.7790090000000001	-0.271037	0.0	-3.1046400000000003	-1.39499	-1.32894	0.352856	-0.31711500000000004	0.756549	-0.571902	0.0	0.45921999999999996	-0.40512800000000004	-0.790562	0.0	-0.829792	-0.513328	-0.21895	0.0	2.0404	-1.16003	-1.12863	0.358817	
0	0.443381	0.564146	-0.696529	0.0	0.695507	0.273649	0.664369	0.0	0.5654060000000001	-0.7790090000000001	-0.271037	0.0	-3.1046400000000003	-1.39499	-1.32894	0.352856	-0.31711500000000004	0.756549	-0.571902	0.0	0.45921999999999996	-0.40512800000000004	-0.790562	0.0	-0.829792	-0.513328	-0.21895100000000003	0.0	2.0404	-1.16003	-1.1286200000000002	0.358817	
0	0.443381	0.564146	-0.696529	0.0	0.695507	0.273649	0.664369	0.0	0.5654060000000001	-0.7790090000000001	-0.271037	0.0	-3.1046400000000003	-1.39499	-1.32894	0.352856	-0.31711500000000004	0.756549	-0.571902	0.0	0.45921999999999996	-0.40512800000000004	-0.790562	0.0	-0.829792	-0.513328	-0.21895100000000003	0.0	2.0404	-1.16003	-1.12863	0.358817	
0	0.443381	0.564146	-0.696529	0.0	0.695507	0.273649	0.664369	0.0	0.5654060000000001	-0.7790090000000001	-0.271037	0.0	-3.1046400000000003	-1.39499	-1.32894	0.35285500000000003	-0.31711500000000004	0.756549	-0.571902	0.0	0.45921999999999996	-0.40512800000000004	-0.790562	0.0	-0.829792	-0.513328	-0.21895100000000003	0.0	2.0404	-1.16003	-1.12863	0.358817	
0	0.443381	0.564146	-0.696529	0.0	0.695507	0.273649	0.664369	0.0	0.5654060000000001	-0.7790090000000001	-0.271037	0.0	-3.1046400000000003	-1.39499	-1.32894	0.352856	-0.31711500000000004	0.756549	-0.571902	0.0	0.45921999999999996	-0.40512800000000004	-0.790562	0.0	-0.829792	-0.513328	-0.21895100000000003	0.0	2.0404	-1.16003	-1.12863	0.358817	
0	0.443381	0.564146	-0.696529	0.0	0.695507	0.273649	0.664369	0.0	0.5654060000000001	-0.7790090000000001	-0.271037	0.0	-3.1046400000000003	-1.39499	-1.32894	0.352856	-0.31711500000000004	0.756549	-0.571902	0.0	0.45921999999999996	-0.40512800000000004	-0.790562	0.0	-0.829792	-0.513328	-0.21895100000000003	0.0	2.0404	-1.16003	-1.12863	0.358817	
0	0.443381	0.564146	-0.696529	0.0	0.695507	0.273649	0.664369	0.0	0.5654060000000001	-0.7790090000000001	-0.271037	0.0	-3.1046400000000003	-1.39499	-1.32894	0.352856	-0.31711500000000004	0.756549	-0.571902	0.0	0.45921999999999996	-0.40512800000000004	-0.790562	0.0	-0.829792	-0.513328	-0.21895100000000003	0.0	2.0404	-1.16003	-1.1286200000000002	0.358817	
0	0.443381	0.564146	-0.696529	0.0	0.695507	0.273649	0.664369	0.0	0.5654060000000001	-0.7790090000000001	-0.271037	0.0	-3.1046400000000003	-1.39499	-1.32894	0.352856	-0.31711500000000004	0.756549	-0.571902	0.0	0.45921999999999996	-0.40512800000000004	-0.790562	0.0	-0.829792	-0.513328	-0.21895100000000003	0.0	2.0404	-1.16003	-1.12863	0.358817	
0	0.443381	0.564146	-0.696529	0.0	0.695507	0.273649	0.664369	0.0	0.5654060000000001	-0.7790090000000001	-0.271037	0.0	-3.1046400000000003	-1.39499	-1.32894	0.352856	-0.31711500000000004	0.756549	-0.571902	0.0	0.45921999999999996	-0.40512800000000004	-0.790562	0.0	-0.829792	-0.513328	-0.21895	0.0	2.0404	-1.16003	-1.1286200000000002	0.358817	
0	0.443381	0.564146	-0.696529	0.0	0.695507	0.273649	0.664369	0.0	0.5654060000000001	-0.7790090000000001	-0.271037	0.0	-3.1046400000000003	-1.39499	-1.32894	0.352856	-0.31711500000000004	0.756549	-0.571902	0.0	0.45921999999999996	-0.40512800000000004	-0.790562	0.0	-0.829792	-0.513328	-0.21895	0.0	2.0404	-1.16003	-1.12863	0.358817	
0	0.443381	0.564146	-0.696529	0.0	0.695507	0.273649	0.664369	0.0	0.5654060000000001	-0.7790090000000001	-0.271037	0.0	-3.1046400000000003	-1.39499	-1.32894	0.352856	-0.31711500000000004	0.756549	-0.571902	0.0	0.45921999999999996	-0.40512800000000004	-0.790562	0.0	-0.829792	-0.513328	-0.21895	0.0	2.0404	-1.16003	-1.12863	0.358817	
0	0.443381	0.564146	-0.696529	0.0	0.695507	0.273649	0.664369	0.0	0.5654060000000001	-0.7790090000000001	-0.271037	0.0	-3.1046400000000003	-1.39499	-1.32894	0.352856	-0.31711500000000004	0.756549	-0.571902	0.0	0.45921999999999996	-0.40512800000000004	-0.790562	0.0	-0.829792	-0.513328	-0.21895100000000003	0.0	2.0404	-1.16003	-1.12863	0.358817	
0	0.443381	0.564146	-0.696529	0.0	0.695507	0.273649	0.664369	0.0	0.5654060000000001	-0.7790090000000001	-0.271037	0.0	-3.1046400000000003	-1.39499	-1.32894	0.352856	-0.31711500000000004	0.756549	-0.5719029999999999	0.0	0.459221	-0.40512800000000004	-0.790562	0.0	-0.829792	-0.513328	-0.21895100000000003	0.0	2.0404	-1.16003	-1.12863	0.35881799999999997	
0	0.443381	0.564146	-0.696529	0.0	0.695507	0.273649	0.664369	0.0	0.5654060000000001	-0.7790090000000001	-0.271037	0.0	-3.1046400000000003	-1.39499	-1.32894	0.352856	-0.31711500000000004	0.756549	-0.5719029999999999	0.0	0.459221	-0.40512800000000004	-0.790562	0.0	-0.829792	-0.513328	-0.21895100000000003	0.0	2.0404	-1.16003	-1.1286200000000002	0.35881799999999997	
0	0.443381	0.564146	-0.696529	0.0	0.695507	0.273649	0.664369	0.0	0.5654060000000001	-0.7790090000000001	-0.271037	0.0	-3.1046400000000003	-1.39499	-1.32894	0.352856	-0.31711500000000004	0.756549	-0.5719029999999999	0.0	0.459221	-0.40512800000000004	-0.790562	0.0	-0.829792	-0.513328	-0.21895100000000003	0.0	2.0404	-1.16003	-1.1286200000000002	0.35881799999999997	
0	0.443381	0.564146	-0.696529	0.0	0.695507	0.273649	0.664369	0.0	0.5654060000000001	-0.7790090000000001	-0.271037	0.0	-3.1046400000000003	-1.39499	-1.32894	0.352856	-0.31711500000000004	0.756549	-0.5719029999999999	0.0	0.459221	-0.40512800000000004	-0.790562	0.0	-0.829792	-0.513328	-0.21895100000000003	0.0	2.0404	-1.16003	-1.12863	0.35881799999999997	
0	0.101822	0.713288	-0.693435	0.0	0.354308	0.625346	0.695275	0.0	0.9295690000000001	-0.316484	-0.18905	0.0	-3.0955	-1.61684	-1.51626	0.34931100000000004	0.150562	0.869891	-0.469703	0.0	0.0434847	-0.480487	-0.875923	0.0	-0.9876440000000001	0.111456	-0.11017	0.0	2.0077	-1.1284100000000001	-1.20538	0.35388400000000003	
0	0.20048	0.7110609999999999	-0.673944	0.0	0.471413	0.533021	0.702609	0.0	0.858823	-0.45856499999999994	-0.228343	0.0	-3.19437	-1.89592	-1.76863	0.349571	0.170672	0.8602770000000001	-0.480412	0.0	0.047524300000000005	-0.49418500000000004	-0.868057	0.0	-0.984181	0.125322	-0.125228	0.0	1.98827	-1.15701	-1.35274	0.353612	
0	0.28399	0.708471	-0.64608	0.0	0.552071	0.430101	0.714304	0.0	0.7839430000000001	-0.559537	-0.268982	0.0	-3.3525	-2.10345	-2.03428	0.350434	0.184863	0.8428700000000001	-0.505367	0.0	0.0586433	-0.522775	-0.8504510000000001	0.0	-0.9810129999999999	0.127581	-0.14607	0.0	1.95511	-1.21195	-1.52601	0.35327600000000003	
0	0.35644699999999996	0.6857439999999999	-0.634587	0.0	0.593327	0.358532	0.720707	0.0	0.7217399999999999	-0.633412	-0.279072	0.0	-3.5304599999999997	-2.3033900000000003	-2.27508	0.351327	0.206314	0.827731	-0.52182	0.0	0.0640004	-0.543567	-0.8369219999999999	0.0	-0.976391	0.139272	-0.165121	0.0	1.90821	-1.27122	-1.7134599999999998	0.352851	
0	0.397229	0.661945	-0.63564	0.0	0.588248	0.347973	0.7299859999999999	0.0	0.704396	-0.6638850000000001	-0.251163	0.0	-3.6025300000000002	-2.4962299999999997	-2.38707	0.351389	0.221088	0.8102590000000001	-0.542771	0.0	0.06298909999999999	-0.567245	-0.8211370000000001	0.0	-0.973218	0.14735499999999999	-0.176449	0.0	1.8655400000000002	-1.29779	-1.83008	0.352606	
0	0.46277700000000005	0.610054	-0.6431720000000001	0.0	0.585661	0.33424499999999996	0.7384310000000001	0.0	0.665461	-0.71841	-0.202604	0.0	-3.6138199999999996	-2.70384	-2.3961799999999998	0.349855	0.23456100000000002	0.7971229999999999	-0.556396	0.0	0.0631878	-0.5836560000000001	-0.809539	0.0	-0.970046	0.154729	-0.187271	0.0	1.8133	-1.29954	-1.9227400000000001	0.352462	
0	0.534062	0.5481520000000001	-0.643667	0.0	0.597251	0.294245	0.746131	0.0	0.5983890000000001	-0.7829109999999999	-0.17024	0.0	-3.66405	-2.9081200000000003	-2.38656	0.349927	0.24583899999999997	0.786082	-0.567132	0.0	0.059287400000000004	-0.596187	-0.800654	0.0	-0.9674959999999999	0.163208	-0.193171	0.0	1.76538	-1.30839	-1.99807	0.352294	
0	0.57001	0.512847	-0.641931	0.0	0.6033430000000001	0.269079	0.7507159999999999	0.0	0.557733	-0.81522	-0.15604500000000002	0.0	-3.739	-3.12586	-2.38647	0.351193	0.221966	0.773907	-0.593126	0.0	0.07470349999999999	-0.6200100000000001	-0.781029	0.0	-0.972189	0.129053	-0.195435	0.0	1.7200099999999998	-1.36372	-2.02405	0.352063	
0	0.5833729999999999	0.496962	-0.642421	0.0	0.604784	0.262166	0.752001	0.0	0.542137	-0.8272229999999999	-0.14761400000000002	0.0	-3.7619300000000004	-3.23953	-2.41784	0.352138	0.21535700000000002	0.768672	-0.6023	0.0	0.0759717	-0.628091	-0.774423	0.0	-0.973576	0.12102	-0.193661	0.0	1.6699400000000002	-1.4022700000000001	-2.0283700000000002	0.351903	
0	0.593122	0.48649799999999993	-0.6415029999999999	0.0	0.6026279999999999	0.260112	0.754441	0.0	0.5338970000000001	-0.8340629999999999	-0.138899	0.0	-3.72145	-3.29437	-2.42795	0.352412	0.212256	0.7673449999999999	-0.605086	0.0	0.0794803	-0.6307	-0.771946	0.0	-0.9739770000000001	0.11575799999999999	-0.194859	0.0	1.6542400000000002	-1.4284299999999999	-2.02523	0.351879	
0	0.609783	0.465791	-0.641251	0.0	0.599738	0.257766	0.7575430000000001	0.0	0.518149	-0.84652	-0.122171	0.0	-3.6814699999999996	-3.3431800000000003	-2.37088	0.35302100000000003	0.21143	0.7665609999999999	-0.606367	0.0	0.0821553	-0.632135	-0.77049	0.0	-0.973934	0.11308800000000001	-0.196629	0.0	1.66283	-1.44394	-2.0056	0.351412	
0	0.614887	0.462217	-0.6389600000000001	0.0	0.593874	0.261696	0.760808	0.0	0.518872	-0.8472729999999999	-0.11358499999999999	0.0	-3.6290400000000003	-3.3746	-2.32326	0.353647	0.213277	0.7657930000000001	-0.606691	0.0	0.0859364	-0.6332760000000001	-0.7691399999999999	0.0	-0.9732049999999999	0.111903	-0.200873	0.0	1.68323	-1.4511100000000001	-1.9915900000000002	0.350973	
0	0.622584	0.457401	-0.634959	0.0	0.585392	0.266254	0.765784	0.0	0.519331	-0.8484649999999999	-0.101993	0.0	-3.56892	-3.4068300000000002	-2.32373	0.35394200000000003	0.21512399999999998	0.763582	-0.608822	0.0	0.082563	-0.6354069999999999	-0.7677510000000001	0.0	-0.973091	0.114896	-0.199735	0.0	1.69375	-1.4520899999999999	-1.98203	0.350864	
0	0.640786	0.442725	-0.627206	0.0	0.579434	0.257048	0.773423	0.0	0.503636	-0.859023	-0.0918174	0.0	-3.5579099999999997	-3.43816	-2.33431	0.35431599999999996	0.214452	0.761799	-0.611288	0.0	0.0799167	-0.6374350000000001	-0.7663479999999999	0.0	-0.97346	0.11549300000000001	-0.19758	0.0	1.68025	-1.44639	-1.9775200000000002	0.351012	
0	0.6664899999999999	0.422464	-0.61426	0.0	0.571461	0.239632	0.784862	0.0	0.47877299999999995	-0.874128	-0.0817095	0.0	-3.5219699999999996	-3.5003800000000003	-2.3249400000000002	0.354621	0.21305900000000003	0.759548	-0.614568	0.0	0.07939360000000001	-0.640389	-0.763936	0.0	-0.973808	0.113971	-0.196744	0.0	1.6735400000000002	-1.44421	-1.9731299999999998	0.35082399999999997	
0	0.687611	0.40976899999999994	-0.5994	0.0	0.5672159999999999	0.212204	0.7957609999999999	0.0	0.453273	-0.887164	-0.08651339999999999	0.0	-3.50065	-3.5416199999999995	-2.32544	0.355616	0.213394	0.758517	-0.6157229999999999	0.0	0.0800539	-0.641696	-0.76277	0.0	-0.9736809999999999	0.11348	-0.197657	0.0	1.67114	-1.4411200000000002	-1.97285	0.350679	
0	0.713226	0.387031	-0.584394	0.0	0.5645600000000001	0.17694000000000001	0.806204	0.0	0.415429	-0.9049309999999999	-0.09230419999999999	0.0	-3.5012	-3.6399199999999996	-2.40971	0.355008	0.21461599999999997	0.755143	-0.6194350000000001	0.0	0.0761791	-0.645223	-0.760187	0.0	-0.973723	0.11596	-0.196001	0.0	1.66975	-1.43688	-1.9707299999999999	0.350053	
0	0.721745	0.38571700000000003	-0.574723	0.0	0.561238	0.159826	0.812076	0.0	0.405087	-0.908668	-0.101125	0.0	-3.51646	-3.64479	-2.46393	0.354625	0.21561999999999998	0.753454	-0.6211399999999999	0.0	0.07362060000000001	-0.646836	-0.7590680000000001	0.0	-0.973698	0.117942	-0.194941	0.0	1.6602700000000001	-1.42862	-1.95272	0.350079	
0	0.72605	0.388831	-0.567152	0.0	0.558204	0.148386	0.816327	0.0	0.401571	-0.9092809999999999	-0.10931199999999999	0.0	-3.52105	-3.64531	-2.5066599999999997	0.35381999999999997	0.215772	0.752999	-0.621639	0.0	0.0726783	-0.647256	-0.7588010000000001	0.0	-0.973735	0.118549	-0.19438699999999998	0.0	1.65647	-1.4188100000000001	-1.93745	0.349881	
0	0.7329140000000001	0.385322	-0.560681	0.0	0.554525	0.139095	0.8204600000000001	0.0	0.394129	-0.9122389999999999	-0.111726	0.0	-3.5201	-3.6480900000000003	-2.51507	0.35320799999999997	0.21623	0.753039	-0.621432	0.0	0.0729817	-0.647175	-0.75884	0.0	-0.973611	0.11873099999999999	-0.19489700000000001	0.0	1.65464	-1.4174200000000001	-1.9323299999999999	0.34978200000000004	
0	0.74093	0.383077	-0.551612	0.0	0.549405	0.126628	0.8259049999999999	0.0	0.386235	-0.9149959999999999	-0.11664200000000001	0.0	-3.5490699999999995	-3.64008	-2.5496	0.291777	0.216981	0.75354	-0.620562	0.0	0.0726948	-0.646415	-0.7595149999999999	0.0	-0.9734649999999999	0.119689	-0.19503800000000002	0.0	1.64989	-1.41813	-1.93267	0.349723	
0	0.740233	0.38205900000000004	-0.55325	0.0	0.549389	0.130647	0.82529	0.0	0.38759	-0.914856	-0.11319000000000001	0.0	-3.5433199999999996	-3.6276599999999997	-2.5882	0.172579	0.216498	0.754386	-0.6197020000000001	0.0	0.0724458	-0.645421	-0.7603840000000001	0.0	-0.973591	0.119727	-0.194385	0.0	1.6494400000000002	-1.42038	-1.93245	0.349796	
0	0.736537	0.396171	-0.548235	0.0	0.541033	0.14138699999999998	0.829031	0.0	0.405951	-0.907226	-0.110204	0.0	-3.55095	-3.6292699999999996	-2.58467	0.171638	0.204098	0.7585029999999999	-0.618884	0.0	0.085327	-0.643568	-0.760617	0.0	-0.975225	0.102433	-0.196072	0.0	1.64583	-1.44316	-1.96817	0.351053	
0	0.730592	0.405457	-0.549399	0.0	0.538604	0.152349	0.8286709999999999	0.0	0.419691	-0.901329	-0.107076	0.0	-3.5657400000000004	-3.6312699999999998	-2.5916099999999997	0.171625	0.179891	0.765538	-0.61773	0.0	0.133479	-0.641163	-0.755707	0.0	-0.9745879999999999	0.05349109999999999	-0.217522	0.0	1.6402900000000002	-1.49809	-2.08744	0.352959	
0	0.729803	0.402663	-0.5524939999999999	0.0	0.541094	0.153738	0.8267899999999999	0.0	0.417857	-0.9023450000000001	-0.105681	0.0	-3.56414	-3.6304800000000004	-2.59439	0.17164100000000002	0.145043	0.784716	-0.602647	0.0	0.181844	-0.619854	-0.763357	0.0	-0.972571	0.00113171	-0.232602	0.0	1.64978	-1.56969	-2.23006	0.353694	
0	0.729452	0.393556	-0.559476	0.0	0.5473020000000001	0.154824	0.8224899999999999	0.0	0.41031599999999996	-0.906169	-0.10245699999999999	0.0	-3.5516300000000003	-3.62742	-2.59844	0.171684	0.033634	0.83646	-0.546995	0.0	0.25206999999999996	-0.5367109999999999	-0.805234	0.0	-0.967124	-0.11079800000000001	-0.228898	0.0	1.60666	-1.8205200000000001	-2.68834	0.356601	
0	0.725547	0.394796	-0.563664	0.0	0.550766	0.15795399999999998	0.819578	0.0	0.412599	-0.9050889999999999	-0.10283699999999998	0.0	-3.5512699999999997	-3.6275699999999995	-2.59764	0.17163399999999998	-0.0212598	0.84434	-0.5353859999999999	0.0	0.25865900000000003	-0.512629	-0.818723	0.0	-0.965735	-0.155888	-0.207498	0.0	1.57131	-1.9402599999999999	-2.8371	0.35698	
0	0.72433	0.391034	-0.567836	0.0	0.557873	0.15153699999999998	0.815975	0.0	0.405122	-0.907816	-0.108385	0.0	-3.54247	-3.6268599999999998	-2.59289	0.171594	-0.138663	0.843152	-0.519487	0.0	0.2418	-0.47985500000000003	-0.843369	0.0	-0.960367	-0.242556	-0.13733599999999999	0.0	1.42215	-2.33515	-3.18019	0.358281	
0	0.724011	0.39002600000000004	-0.568936	0.0	0.560176	0.148832	0.814894	0.0	0.402506	-0.908696	-0.11072699999999999	0.0	-3.5401800000000003	-3.62659	-2.59041	0.171552	-0.176102	0.8318629999999999	-0.526301	0.0	0.234931	-0.48368999999999995	-0.8431200000000001	0.0	-0.9559270000000001	-0.27212	-0.110251	0.0	1.3610200000000001	-2.4912400000000003	-3.27892	0.35881199999999996	
0	0.7082350000000001	0.409792	-0.574869	0.0	0.572062	0.144048	0.807462	0.0	0.4137	-0.900733	-0.132407	0.0	-3.5495400000000004	-3.63194	-2.56954	0.171475	-0.254355	0.804008	-0.53747	0.0	0.230359	-0.489385	-0.841093	0.0	-0.939276	-0.33774699999999996	-0.06073340000000001	0.0	1.27001	-2.83849	-3.42843	0.359079	
0	0.6995239999999999	0.430571	-0.570328	0.0	0.580224	0.123654	0.8050149999999999	0.0	0.41713999999999996	-0.8940459999999999	-0.163329	0.0	-3.5642699999999996	-3.6277199999999996	-2.57605	0.171513	-0.289878	0.78589	-0.546212	0.0	0.23594099999999998	-0.494421	-0.8365879999999999	0.0	-0.927525	-0.371382	-0.0421025	0.0	1.21331	-3.0507	-3.50546	0.35931	
0	0.690822	0.44634300000000005	-0.568808	0.0	0.585221	0.116809	0.802416	0.0	0.424595	-0.8872049999999999	-0.180516	0.0	-3.58106	-3.61596	-2.63692	0.171422	-0.30049899999999996	0.779207	-0.550033	0.0	0.23795999999999998	-0.4972	-0.8343659999999999	0.0	-0.9236209999999999	-0.381612	-0.0360119	0.0	1.18884	-3.168	-3.5643199999999995	0.359298	
0	0.684949	0.476609	-0.55108	0.0	0.592952	0.0748748	0.8017489999999999	0.0	0.423383	-0.875921	-0.231321	0.0	-3.61234	-3.4701699999999995	-2.70927	0.171456	-0.320294	0.759391	-0.566337	0.0	0.249894	-0.508927	-0.8237389999999999	0.0	-0.9137639999999999	-0.40536300000000003	-0.026760900000000004	0.0	1.1649399999999999	-3.4514	-3.7058699999999996	0.35906	
0	0.684291	0.48031899999999994	-0.54867	0.0	0.596383	0.0643341	0.800118	0.0	0.41961000000000004	-0.8747309999999999	-0.242431	0.0	-3.6139900000000003	-3.4518800000000005	-2.6985900000000003	0.17141900000000002	-0.318602	0.752896	-0.575882	0.0	0.251725	-0.518523	-0.817171	0.0	-0.913853	-0.405316	-0.0243198	0.0	1.16571	-3.5313199999999996	-3.76971	0.359387	
0	0.686203	0.48811099999999996	-0.539326	0.0	0.604498	0.0297527	0.7960510000000001	0.0	0.40460799999999997	-0.872274	-0.274646	0.0	-3.62035	-3.3680800000000004	-2.66597	0.17140899999999998	-0.320311	0.743099	-0.587541	0.0	0.260274	-0.527316	-0.808823	0.0	-0.910856	-0.411997	-0.0245043	0.0	1.17353	-3.6929199999999995	-3.9193	0.35931199999999996	
0	0.689525	0.484712	-0.538153	0.0	0.606667	0.0193293	0.794721	0.0	0.395613	-0.87446	-0.280731	0.0	-3.6201	-3.2878300000000005	-2.65813	0.171374	-0.318457	0.73717	-0.595958	0.0	0.260726	-0.536327	-0.80273	0.0	-0.911377	-0.411017	-0.021403099999999998	0.0	1.16883	-3.7311199999999998	-3.96231	0.359442	
