3	0.176043	0.963507	-0.201652	0.0	0.245238	0.15546500000000002	0.956917	0.0	0.9533450000000001	-0.217912	-0.20892	0.0	-2.84868	1.95661	1.41324	-0.000109739	-0.11604500000000001	0.9605309999999999	-0.252813	0.0	0.378339	-0.192597	-0.905409	0.0	-0.918364	-0.200718	-0.341057	0.0	2.62248	1.93267	1.49174	0.0	
3	0.144649	0.97125	-0.189078	0.0	0.286197	0.141853	0.9476120000000001	0.0	0.94719	-0.191184	-0.25745	0.0	-2.9436400000000003	2.04035	1.33609	0.0	-0.084935	0.973902	-0.210479	0.0	0.371249	-0.1651	-0.9137370000000001	0.0	-0.9246409999999999	-0.155749	-0.347537	0.0	2.68801	1.9022599999999998	1.30768	0.0	
3	0.046961699999999995	0.9780190000000001	-0.203157	0.0	0.29735900000000004	0.180473	0.9375540000000001	0.0	0.9536100000000001	-0.10444	-0.282348	0.0	-2.98635	2.2581599999999997	1.19882	0.07327239999999999	0.058468200000000005	0.9616040000000001	-0.26814	0.0	0.281119	-0.27359	-0.919848	0.0	-0.9578899999999999	-0.0215975	-0.28632199999999997	0.0	2.77719	1.96629	1.1246	0.0519747	
3	0.0689548	0.99306	-0.0952803	0.0	0.32947600000000005	0.0674794	0.94175	0.0	0.941643	-0.0963309	-0.32253699999999996	0.0	-3.0470900000000003	2.41989	1.0663799999999999	0.34568699999999997	0.18027200000000002	0.9164770000000001	-0.357173	0.0	0.20358800000000002	-0.390025	-0.898016	0.0	-0.962317	0.0891709	-0.256895	0.0	2.80893	2.0325599999999997	1.00178	0.299748	
3	0.151232	0.988498	-0.00113097	0.0	0.289919	-0.043261400000000005	0.956073	0.0	0.9450270000000001	-0.14491600000000002	-0.29312699999999997	0.0	-3.04022	2.4030400000000003	1.03925	0.348923	0.19294	0.912064	-0.361819	0.0	0.130801	-0.389364	-0.91175	0.0	-0.972453	0.12858699999999998	-0.194423	0.0	2.85466	1.89785	0.8657809999999999	0.35676599999999997	
3	0.244265	0.9672540000000001	0.06895830000000001	0.0	0.25703000000000004	-0.133149	0.9571870000000001	0.0	0.935024	-0.216083	-0.281136	0.0	-3.04389	2.2704400000000002	1.0531	0.348369	0.113193	0.9395040000000001	-0.323294	0.0	0.020656900000000002	-0.32754	-0.9446120000000001	0.0	-0.993358	0.100245	-0.0564827	0.0	2.86215	1.59448	0.925501	0.35916	
3	0.377379	0.919273	0.11190499999999999	0.0	0.22325599999999998	-0.20758800000000002	0.952399	0.0	0.8987450000000001	-0.334432	-0.283573	0.0	-3.06282	2.03824	1.10691	0.347358	0.00699955	0.96875	-0.247942	0.0	-0.0157686	-0.24781	-0.9686799999999999	0.0	-0.999851	0.010690100000000001	0.013541299999999997	0.0	2.88286	1.27536	0.9784700000000001	0.359457	
3	0.45838900000000005	0.878765	0.13286199999999998	0.0	0.19755599999999998	-0.24650100000000003	0.948794	0.0	0.866517	-0.408669	-0.286599	0.0	-3.1109	1.7914900000000002	1.08831	0.34760100000000005	-0.0537155	0.980151	-0.19084	0.0	-0.0693592	-0.19431700000000002	-0.978484	0.0	-0.9961450000000001	-0.0393231	0.0784201	0.0	2.92567	0.95368	1.00801	0.36177	
3	0.50693	0.8500219999999999	0.143125	0.0	0.184933	-0.269423	0.945099	0.0	0.841916	-0.45263000000000003	-0.29377600000000004	0.0	-3.14676	1.59366	1.0703200000000002	0.347441	-0.13321	0.9846950000000001	-0.11238499999999998	0.0	-0.12261199999999998	-0.128898	-0.984049	0.0	-0.983474	-0.11730499999999999	0.137906	0.0	2.96222	0.637834	1.07608	0.363201	
3	0.527844	0.836327	0.14811400000000002	0.0	0.17868599999999998	-0.279832	0.943274	0.0	0.830333	-0.47143500000000005	-0.297148	0.0	-3.17339	1.50129	1.05491	0.347314	-0.18263900000000002	0.9809889999999999	-0.0656072	0.0	-0.12126500000000001	-0.0886966	-0.98865	0.0	-0.9756729999999999	-0.17260899999999998	0.135158	0.0	3.0005900000000003	0.5000640000000001	1.06371	0.362714	
3	0.562867	0.812492	0.151778	0.0	0.17365899999999998	-0.295779	0.9393389999999999	0.0	0.808099	-0.502366	-0.307581	0.0	-3.27142	1.3026	1.0026899999999999	0.347236	-0.356956	0.9338190000000001	0.023794799999999998	0.0	-0.172785	-0.040971499999999994	-0.984107	0.0	-0.918003	-0.355394	0.175974	0.0	3.13161	-0.0159749	1.01504	0.363985	
3	0.563254	0.8125640000000001	0.149949	0.0	0.175334	-0.294877	0.939311	0.0	0.807467	-0.50278	-0.30856	0.0	-3.29335	1.26615	0.991984	0.346808	-0.463613	0.8849600000000001	0.043688300000000006	0.0	-0.164757	-0.03765569999999999	-0.985615	0.0	-0.870585	-0.46414099999999997	0.163261	0.0	3.22884	-0.284049	0.959158	0.36398400000000003	
3	0.5657979999999999	0.810814	0.149843	0.0	0.17266199999999998	-0.294207	0.940016	0.0	0.8062630000000001	-0.505987	-0.306458	0.0	-3.29518	1.2598200000000002	0.9920700000000001	0.347089	-0.553163	0.827802	0.0935679	0.0	-0.20136099999999998	-0.0238723	-0.979226	0.0	-0.808371	-0.560513	0.179892	0.0	3.2961699999999996	-0.44924200000000003	0.9134549999999999	0.363958	
3	0.573868	0.80561	0.1472	0.0	0.167494	-0.291401	0.941823	0.0	0.801637	-0.515827	-0.302161	0.0	-3.29921	1.22748	0.998014	0.347199	-0.644316	0.755475	0.118808	0.0	-0.221739	-0.035868000000000004	-0.9744459999999999	0.0	-0.731908	-0.654195	0.190628	0.0	3.4371	-0.640281	0.85746	0.36396799999999996	
3	0.574311	0.8052239999999999	0.147583	0.0	0.16318	-0.289263	0.9432389999999999	0.0	0.8022090000000001	-0.51763	-0.29752399999999996	0.0	-3.27275	1.20615	1.0224799999999998	0.347163	-0.669104	0.7368640000000001	0.0965997	0.0	-0.229384	-0.0811344	-0.969949	0.0	-0.706883	-0.6711550000000001	0.22331199999999998	0.0	3.51935	-0.724404	0.837375	0.36398800000000003	
3	0.5732550000000001	0.806455	0.14494400000000002	0.0	0.160639	-0.284078	0.945249	0.0	0.803476	-0.5185850000000001	-0.29239699999999996	0.0	-3.25507	1.1863700000000001	1.03085	0.34729099999999996	-0.634147	0.771633	-0.0493976	0.0	-0.207357	-0.23126100000000002	-0.9505370000000001	0.0	-0.7448899999999999	-0.592537	0.306657	0.0	3.53861	-0.614881	0.911552	0.36399699999999996	
3	0.564828	0.812208	0.145903	0.0	0.15825699999999998	-0.28014	0.946824	0.0	0.809891	-0.511703	-0.28676799999999997	0.0	-3.21955	1.16764	1.02116	0.347252	-0.580371	0.7996800000000001	-0.153886	0.0	-0.227471	-0.34063899999999997	-0.9122620000000001	0.0	-0.781938	-0.494446	0.379601	0.0	3.46985	-0.390079	1.04767	0.363971	
3	0.559645	0.816233	0.14338800000000002	0.0	0.15711	-0.27438	0.9487	0.0	0.813704	-0.508408	-0.281794	0.0	-3.17872	1.15531	1.0171700000000001	0.34784699999999996	-0.606991	0.780652	-0.148811	0.0	-0.25273	-0.36715	-0.89517	0.0	-0.753452	-0.5057510000000001	0.420151	0.0	3.4899	-0.307348	1.10324	0.363982	
3	0.549715	0.824307	0.13539500000000002	0.0	0.157114	-0.261212	0.9524090000000001	0.0	0.8204440000000001	-0.5022810000000001	-0.27310300000000004	0.0	-3.12918	1.13907	0.9974200000000001	0.348013	-0.6742779999999999	0.738464	0.00455832	0.0	-0.309382	-0.276876	-0.9097379999999999	0.0	-0.670547	-0.614826	0.41515799999999997	0.0	3.5882099999999997	-0.410729	1.08572	0.36401	
3	0.550333	0.824607	0.130986	0.0	0.160992	-0.258736	0.9524379999999999	0.0	0.819277	-0.50307	-0.275146	0.0	-3.1174	1.13834	0.96426	0.347862	-0.769081	0.6188859999999999	0.159669	0.0	-0.327967	-0.167708	-0.9296840000000001	0.0	-0.5485909999999999	-0.767368	0.331955	0.0	3.67196	-0.529798	0.9983200000000001	0.363953	
3	0.552373	0.822923	0.132973	0.0	0.16326400000000002	-0.263227	0.9508190000000001	0.0	0.817453	-0.503497	-0.27975300000000003	0.0	-3.11017	1.14047	0.9585309999999999	0.347159	-0.8191390000000001	0.48735100000000003	0.302489	0.0	-0.34026	0.011690899999999999	-0.9402590000000001	0.0	-0.46177299999999993	-0.873128	0.15625	0.0	3.71351	-0.469289	0.816404	0.36396799999999996	
3	0.5590649999999999	0.8193370000000001	0.12702	0.0	0.18215499999999998	-0.270829	0.9452360000000001	0.0	0.808867	-0.505311	-0.300657	0.0	-3.10466	1.14662	0.928739	0.345385	-0.8596309999999999	0.405674	0.310584	0.0	-0.210329	0.27300599999999997	-0.938738	0.0	-0.465613	-0.872293	-0.14936	0.0	3.5199199999999995	-0.01048	0.47911099999999995	0.360887	
3	0.565179	0.8193	0.096546	0.0	0.215625	-0.259669	0.941317	0.0	0.796291	-0.511195	-0.323421	0.0	-3.10518	1.13932	0.893437	0.34547	-0.8509040000000001	0.49305299999999996	0.18127200000000002	0.0	0.011525299999999999	0.362508	-0.931909	0.0	-0.5251939999999999	-0.790877	-0.31414200000000003	0.0	3.3137	0.330961	0.184883	0.360589	
3	0.5646939999999999	0.821629	0.07775460000000001	0.0	0.232902	-0.249034	0.940074	0.0	0.791755	-0.512745	-0.331988	0.0	-3.09134	1.11461	0.844806	0.34583600000000003	-0.824319	0.557834	0.09653560000000001	0.0	0.136632	0.361511	-0.9223030000000001	0.0	-0.5493899999999999	-0.747082	-0.374218	0.0	3.1642099999999997	0.48584499999999997	-0.0025373	0.36036399999999996	
3	0.55557	0.827463	0.0815282	0.0	0.22999	-0.24716100000000002	0.941285	0.0	0.799029	-0.504199	-0.327623	0.0	-3.04215	1.101	0.809033	0.34679899999999997	-0.7299140000000001	0.679817	0.0712414	0.0	0.164831	0.276204	-0.946859	0.0	-0.6633680000000001	-0.679383	-0.31366	0.0	2.90195	0.483753	0.20777600000000002	0.34833000000000003	
3	0.549604	0.8328139999999999	0.0660038	0.0	0.231643	-0.22782399999999997	0.9457469999999999	0.0	0.802668	-0.504498	-0.318129	0.0	-2.9671	1.0513700000000001	0.781465	0.34773000000000004	-0.6438649999999999	0.764046	-0.040891000000000004	0.0	0.224214	0.137309	-0.9648180000000001	0.0	-0.7315510000000001	-0.6303810000000001	-0.259718	0.0	2.71219	0.400418	0.35572	0.35585900000000004	
3	0.49987200000000004	0.865768	0.0239628	0.0	0.224084	-0.156007	0.962002	0.0	0.836609	-0.475508	-0.271989	0.0	-2.86344	1.0127899999999999	0.776937	0.346516	-0.480238	0.8293729999999999	-0.285503	0.0	0.312986	-0.142037	-0.939077	0.0	-0.8193969999999999	-0.540339	-0.191371	0.0	2.8458099999999997	0.23786300000000002	0.196634	0.35518099999999997	
3	0.378265	0.923774	-0.05964490000000001	0.0	0.250974	-0.0403228	0.9671540000000001	0.0	0.891026	-0.38081	-0.247096	0.0	-2.77688	1.0460200000000002	0.757718	0.344474	-0.34121	0.8840549999999999	-0.319412	0.0	0.2951	-0.22188000000000002	-0.9293469999999999	0.0	-0.8924639999999999	-0.41136000000000006	-0.185177	0.0	2.8992	0.21809699999999999	0.145198	0.361588	
3	0.365585	0.929686	-0.0450686	0.0	0.261581	-0.0561526	0.9635469999999999	0.0	0.893265	-0.36404699999999995	-0.26371700000000003	0.0	-2.74296	1.07761	0.745582	0.344577	-0.319044	0.9011979999999999	-0.293348	0.0	0.31550100000000003	-0.190876	-0.92953	0.0	-0.893683	-0.389112	-0.223431	0.0	2.88389	0.206254	0.13764200000000001	0.36335100000000004	
3	0.333912	0.940793	-0.0584082	0.0	0.265396	-0.034376300000000005	0.963527	0.0	0.9044709999999999	-0.33723400000000003	-0.26116100000000003	0.0	-2.7749099999999998	1.07085	0.669747	0.344692	-0.30098400000000003	0.9131790000000001	-0.274798	0.0	0.310126	-0.178767	-0.933737	0.0	-0.9017930000000001	-0.366262	-0.229395	0.0	2.83664	0.184102	0.142402	0.363302	
3	0.326234	0.942796	-0.0686052	0.0	0.266014	-0.021920500000000002	0.96372	0.0	0.9070879999999999	-0.332648	-0.257948	0.0	-2.76206	1.06592	0.6528579999999999	0.34506	-0.29218099999999997	0.9169290000000001	-0.27179200000000003	0.0	0.30945900000000004	-0.178259	-0.934055	0.0	-0.904912	-0.357021	-0.23166799999999999	0.0	2.74103	0.21082199999999998	0.205839	0.363482	
3	0.290765	0.951476	-0.10074	0.0	0.258816	0.0231483	0.965649	0.0	0.9211239999999999	-0.30685100000000004	-0.23952600000000002	0.0	-2.76662	1.05075	0.6342800000000001	0.345569	-0.292174	0.917904	-0.26849	0.0	0.287759	-0.183355	-0.9399879999999999	0.0	-0.9120469999999999	-0.3519	-0.210563	0.0	2.6409	0.26166	0.310235	0.363744	
3	0.283674	0.953681	-0.100104	0.0	0.242062	0.029794900000000003	0.9698030000000001	0.0	0.927866	-0.29934	-0.222398	0.0	-2.73543	1.05251	0.6975439999999999	0.347461	-0.337389	0.9107149999999999	-0.238258	0.0	0.233776	-0.16411099999999998	-0.95834	0.0	-0.911876	-0.379033	-0.15753399999999998	0.0	2.60657	0.216491	0.384815	0.363992	
3	0.380896	0.9203520000000001	-0.0887225	0.0	0.225624	0.000538111	0.9742139999999999	0.0	0.896667	-0.391092	-0.20744899999999997	0.0	-2.73432	0.990516	0.7247520000000001	0.34836999999999996	-0.43309	0.8914	-0.13356400000000002	0.0	0.127524	-0.0860936	-0.988092	0.0	-0.892284	-0.444966	-0.0763891	0.0	2.59213	0.061602599999999993	0.443003	0.36397199999999996	
3	0.510911	0.858089	-0.051512199999999994	0.0	0.192487	-0.0557946	0.979712	0.0	0.8378059999999999	-0.5104609999999999	-0.193677	0.0	-2.82318	0.831642	0.703442	0.348375	-0.46743	0.883707	-0.0239042	0.0	-0.08281360000000001	-0.0706928	-0.9940549999999999	0.0	-0.880143	-0.462671	0.106227	0.0	2.64587	-0.182067	0.507416	0.363904	
3	0.7523890000000001	0.656512	-0.053880700000000004	0.0	0.160448	-0.103317	0.9816219999999999	0.0	0.63888	-0.747207	-0.183071	0.0	-3.0697	0.403994	0.620692	0.348566	-0.6453899999999999	0.761898	0.05461749999999999	0.0	-0.25937	-0.15133	-0.9538479999999999	0.0	-0.7184689999999999	-0.629771	0.295281	0.0	2.81141	-0.8633069999999999	0.663003	0.36394899999999997	
3	0.814396	0.576566	-0.0658074	0.0	0.156102	-0.10843699999999999	0.981771	0.0	0.5589189999999999	-0.809823	-0.178314	0.0	-3.25618	0.178766	0.475079	0.34821399999999997	-0.739813	0.662913	0.11499200000000001	0.0	-0.278566	-0.146224	-0.9492200000000001	0.0	-0.612436	-0.734278	0.292844	0.0	3.20859	-1.46127	0.37992600000000004	0.363935	
3	0.8354719999999999	0.545751	-0.0643706	0.0	0.153692	-0.119592	0.9808549999999999	0.0	0.527604	-0.82937	-0.183793	0.0	-3.3483400000000003	0.068591	0.313171	0.347534	-0.7684529999999999	0.613449	0.182101	0.0	-0.273721	-0.057889699999999995	-0.960066	0.0	-0.5784090000000001	-0.78761	0.21239899999999998	0.0	3.5695300000000003	-1.7688599999999999	0.00564004	0.363998	
3	0.8485209999999999	0.526502	-0.0529883	0.0	0.140778	-0.128077	0.981722	0.0	0.510092	-0.840471	-0.18279600000000001	0.0	-3.31733	0.021644200000000002	0.24631599999999998	0.347696	-0.784979	0.559658	0.26569	0.0	-0.285013	0.054548599999999996	-0.9569700000000001	0.0	-0.5500689999999999	-0.8269270000000001	0.11669000000000002	0.0	3.71005	-1.9150599999999998	-0.350572	0.36399499999999996	
3	0.8621	0.503896	-0.05359439999999999	0.0	0.13775	-0.13125599999999998	0.9817319999999999	0.0	0.48765600000000003	-0.853733	-0.182567	0.0	-3.24662	-0.0129042	0.180169	0.347328	-0.805636	0.500713	0.316602	0.0	-0.30527600000000005	0.10711500000000002	-0.9462200000000001	0.0	-0.507698	-0.8589600000000001	0.0665602	0.0	3.68773	-1.9697	-0.531961	0.363978	
3	0.8570909999999999	0.5129560000000001	-0.047656699999999996	0.0	0.133576	-0.131936	0.982217	0.0	0.497547	-0.8482149999999999	-0.181599	0.0	-3.17156	-0.0392074	0.009440500000000001	0.346383	-0.763192	0.5972649999999999	0.24660300000000002	0.0	-0.16983800000000002	0.182806	-0.968368	0.0	-0.6234529999999999	-0.780933	-0.0380778	0.0	3.4340599999999997	-1.71675	-0.751336	0.363954	
3	0.845949	0.532413	-0.0301153	0.0	0.12279300000000001	-0.13952699999999998	0.982575	0.0	0.518934	-0.834907	-0.183409	0.0	-3.0434799999999997	-0.05284199999999999	-0.137258	0.345283	-0.74925	0.6272300000000001	0.212619	0.0	-0.0975715	0.21299400000000002	-0.9721700000000001	0.0	-0.655061	-0.749143	-0.098386	0.0	3.0999	-1.4293799999999999	-0.913851	0.363967	
3	0.834778	0.550546	-0.00660914	0.0	0.11159000000000001	-0.157422	0.9812069999999999	0.0	0.539159	-0.8198280000000001	-0.192848	0.0	-2.93776	-0.057332400000000006	-0.315276	0.344057	-0.746594	0.64182	0.17511300000000002	0.0	-0.0446145	0.21432199999999998	-0.9757440000000001	0.0	-0.663782	-0.736297	-0.131377	0.0	2.82385	-1.2031100000000001	-1.05823	0.363981	
3	0.825829	0.5638810000000001	0.00666872	0.0	0.110631	-0.173598	0.978583	0.0	0.552962	-0.807405	-0.20574499999999998	0.0	-2.81745	-0.05773430000000001	-0.520721	0.342989	-0.748171	0.651122	0.1276	0.0	0.00363198	0.196328	-0.980532	0.0	-0.663497	-0.7331409999999999	-0.149252	0.0	2.60947	-1.04698	-1.25145	0.363769	
3	0.8003600000000001	0.599097	0.0225219	0.0	0.10821700000000001	-0.181318	0.9774520000000001	0.0	0.589672	-0.779876	-0.209952	0.0	-2.6792	-0.0387418	-0.724672	0.342141	-0.740132	0.66672	0.0876918	0.0	0.0374527	0.171071	-0.984547	0.0	-0.6714180000000001	-0.72541	-0.151586	0.0	2.4143	-0.9361079999999999	-1.42606	0.363032	
3	0.766517	0.6416930000000001	0.026121600000000002	0.0	0.12408499999999999	-0.187885	0.9743209999999999	0.0	0.630123	-0.743592	-0.223642	0.0	-2.55094	0.0440372	-0.935955	0.341244	-0.765798	0.6400560000000001	0.06230830000000001	0.0	0.046806099999999996	0.152109	-0.9872549999999999	0.0	-0.6413760000000001	-0.753121	-0.14644300000000002	0.0	2.23952	-0.878282	-1.6062100000000001	0.362786	
3	0.714056	0.699487	0.029004500000000003	0.0	0.149451	-0.192776	0.9697950000000001	0.0	0.68395	-0.688154	-0.24219200000000002	0.0	-2.37049	0.121822	-1.1827299999999998	0.340917	-0.762174	0.64366	0.0692332	0.0	0.0252208	0.13638699999999998	-0.9903350000000001	0.0	-0.646881	-0.753061	-0.12018399999999999	0.0	2.0946599999999997	-0.8298629999999999	-1.75035	0.36234299999999997	
3	0.656936	0.753935	-0.00414345	0.0	0.177985	-0.149741	0.9725739999999999	0.0	0.732637	-0.639656	-0.23255900000000002	0.0	-2.18234	0.113322	-1.3587200000000001	0.34036	-0.7717109999999999	0.622887	0.128351	0.0	-0.056102099999999995	0.134356	-0.989344	0.0	-0.633494	-0.770688	-0.0687392	0.0	1.9669900000000002	-0.838606	-1.8162599999999998	0.361595	
3	0.604012	0.796361	-0.031297000000000005	0.0	0.18739	-0.10374100000000001	0.976792	0.0	0.774632	-0.595859	-0.21189000000000002	0.0	-1.98731	0.028575	-1.5757299999999999	0.340775	-0.769042	0.610952	0.18791300000000002	0.0	-0.155667	0.106119	-0.982093	0.0	-0.619953	-0.784523	0.0134947	0.0	1.8653	-0.930358	-1.8191	0.361724	
3	0.56987	0.8208610000000001	-0.0378836	0.0	0.180047	-0.0797474	0.9804200000000001	0.0	0.801768	-0.565533	-0.19323900000000002	0.0	-1.8210400000000002	-0.09503210000000001	-1.75462	0.340343	-0.7596390000000001	0.624976	0.179872	0.0	-0.217148	0.0169585	-0.9759909999999999	0.0	-0.613021	-0.78046	0.12283	0.0	1.82985	-1.09171	-1.74425	0.36275599999999997	
3	0.5568569999999999	0.829683	-0.0391942	0.0	0.16594	-0.0648894	0.983999	0.0	0.813864	-0.554451	-0.173811	0.0	-1.73386	-0.23453400000000002	-1.9340099999999998	0.340493	-0.756803	0.635475	0.15304	0.0	-0.21775	-0.0243484	-0.975701	0.0	-0.6163069999999999	-0.771738	0.156801	0.0	1.84076	-1.2298	-1.75089	0.362075	
3	0.5522090000000001	0.833305	-0.0258347	0.0	0.153472	-0.0711461	0.9855889999999999	0.0	0.819458	-0.548216	-0.167177	0.0	-1.68753	-0.353031	-2.13884	0.34050199999999997	-0.7553479999999999	0.645349	0.1139	0.0	-0.20410899999999998	-0.06652050000000001	-0.976686	0.0	-0.622727	-0.7609859999999999	0.18196800000000002	0.0	1.82821	-1.34328	-1.8264900000000002	0.36204899999999995	
3	0.549847	0.835189	-0.0112361	0.0	0.14834	-0.08440349999999999	0.9853280000000001	0.0	0.8219870000000001	-0.543447	-0.170301	0.0	-1.6892099999999999	-0.413829	-2.34698	0.340528	-0.752309	0.651066	0.10072	0.0	-0.19197	-0.07038989999999999	-0.978873	0.0	-0.630221	-0.75575	0.17794000000000001	0.0	1.8235599999999998	-1.44737	-1.9094099999999998	0.361631	
3	0.5565319999999999	0.8308030000000001	-0.00622025	0.0	0.14216099999999998	-0.08784789999999999	0.9859379999999999	0.0	0.818573	-0.5495899999999999	-0.166998	0.0	-1.6784299999999999	-0.494334	-2.46441	0.34043	-0.747225	0.658854	0.086978	0.0	-0.17896600000000001	-0.07345039999999999	-0.98111	0.0	-0.64002	-0.748676	0.172797	0.0	1.8274400000000002	-1.56179	-2.0104900000000003	0.361639	
3	0.564435	0.825448	0.00706244	0.0	0.128589	-0.09637269999999999	0.9870040000000001	0.0	0.815401	-0.556191	-0.16053900000000002	0.0	-1.65674	-0.598121	-2.52182	0.340532	-0.74416	0.662131	0.0883618	0.0	-0.171139	-0.0611123	-0.98335	0.0	-0.6457069999999999	-0.746892	0.15879400000000002	0.0	1.8605200000000002	-1.69356	-2.07203	0.36120399999999997	
3	0.592634	0.804036	0.0480714	0.0	0.0892658	-0.124874	0.9881489999999999	0.0	0.80051	-0.5813189999999999	-0.145778	0.0	-1.7025400000000002	-0.751725	-2.5014	0.339221	-0.7464270000000001	0.660104	0.0843207	0.0	-0.167594	-0.0638435	-0.9837870000000001	0.0	-0.644018	-0.748456	0.15828399999999998	0.0	1.9567	-1.8255599999999998	-2.12203	0.36125799999999997	
3	0.592884	0.802988	0.060823	0.0	0.0846938	-0.137287	0.9869040000000001	0.0	0.800822	-0.579968	-0.149404	0.0	-1.6898400000000002	-0.8177369999999999	-2.52602	0.33957600000000004	-0.746077	0.66084	0.081613	0.0	-0.165293	-0.0650784	-0.984095	0.0	-0.645018	-0.7477	0.15778499999999998	0.0	2.0373	-1.94003	-2.17081	0.361331	
3	0.591853	0.803954	0.0580371	0.0	0.08633539999999999	-0.13481700000000002	0.987102	0.0	0.801409	-0.579208	-0.149201	0.0	-1.6849	-0.8203600000000001	-2.54707	0.339402	-0.7456010000000001	0.662065	0.0758285	0.0	-0.16198099999999999	-0.0696797	-0.984331	0.0	-0.646407	-0.7462	0.159195	0.0	2.04659	-1.9510599999999998	-2.19088	0.361369	
3	0.5935229999999999	0.8029390000000001	0.054953699999999994	0.0	0.0819187	-0.128198	0.98836	0.0	0.800637	-0.582113	-0.14186400000000002	0.0	-1.6808400000000001	-0.8296110000000001	-2.53078	0.33828800000000003	-0.745005	0.663334	0.0703893	0.0	-0.15545799999999999	-0.0700381	-0.9853569999999999	0.0	-0.648691	-0.745039	0.155299	0.0	2.04807	-1.93396	-2.1703200000000002	0.36134099999999997	
3	0.595118	0.8022020000000001	0.0480344	0.0	0.0772007	-0.11656199999999999	0.9901780000000001	0.0	0.799922	-0.585565	-0.131299	0.0	-1.6738400000000002	-0.837815	-2.48632	0.337446	-0.74427	0.664334	0.0687206	0.0	-0.149553	-0.0654936	-0.986582	0.0	-0.6509199999999999	-0.7445609999999999	0.148098	0.0	2.04889	-1.9167299999999998	-2.14788	0.361333	
3	0.594527	0.802902	0.043422699999999995	0.0	0.0745284	-0.108796	0.991266	0.0	0.800614	-0.5860989999999999	-0.124521	0.0	-1.6576099999999998	-0.838817	-2.43436	0.335776	-0.743664	0.665192	0.066955	0.0	-0.14719400000000002	-0.065216	-0.9869549999999999	0.0	-0.652149	-0.743819	0.14641099999999999	0.0	2.04953	-1.91343	-2.14312	0.361055	
3	0.5990310000000001	0.799162	0.0500198	0.0	0.0689191	-0.113695	0.991123	0.0	0.797754	-0.590266	-0.12318399999999999	0.0	-1.65631	-0.842922	-2.4022	0.334374	-0.74371	0.665078	0.0675868	0.0	-0.148122	-0.0653527	-0.986808	0.0	-0.651887	-0.743909	0.147116	0.0	2.05477	-1.9219099999999998	-2.14682	0.360996	
3	0.596905	0.80096	0.04657	0.0	0.07087339999999999	-0.110457	0.991351	0.0	0.799176	-0.588441	-0.122699	0.0	-1.64363	-0.821291	-2.4152	0.331038	-0.744201	0.664828	0.0645684	0.0	-0.143717	-0.0649697	-0.987484	0.0	-0.652312	-0.744166	0.143897	0.0	2.06628	-1.92772	-2.1463900000000002	0.361005	
3	0.595223	0.802549	0.0403112	0.0	0.0734341	-0.104282	0.991833	0.0	0.800198	-0.5874020000000001	-0.12100599999999999	0.0	-1.6752	-0.8194790000000001	-2.38984	0.327897	-0.742997	0.666724	0.058615	0.0	-0.135975	-0.06461789999999999	-0.9886030000000001	0.0	-0.655337	-0.742499	0.13866900000000001	0.0	2.07008	-1.9152099999999999	-2.1247	0.361225	
3	0.5841310000000001	0.810904	0.0350125	0.0	0.0785938	-0.0994438	0.991935	0.0	0.807845	-0.5766680000000001	-0.12182	0.0	-1.6780599999999999	-0.795794	-2.37145	0.32774899999999996	-0.740875	0.669704	0.050998699999999994	0.0	-0.12754000000000001	-0.0657308	-0.9896530000000001	0.0	-0.659423	-0.7397130000000001	0.13411199999999998	0.0	2.0777900000000002	-1.88867	-2.1004099999999997	0.36120399999999997	
3	0.581676	0.812767	0.0326007	0.0	0.07911810000000001	-0.0964205	0.9921909999999999	0.0	0.809563	-0.574555	-0.12039000000000001	0.0	-1.6685400000000001	-0.752812	-2.41288	0.32838	-0.735166	0.676588	0.0419472	0.0	-0.12109400000000001	-0.0701898	-0.9901559999999999	0.0	-0.666984	-0.733009	0.13353199999999998	0.0	2.0665	-1.8494400000000002	-2.12019	0.361106	
3	0.571892	0.81952	0.036414499999999995	0.0	0.0834668	-0.10229099999999999	0.991247	0.0	0.816071	-0.563847	-0.126902	0.0	-1.67641	-0.697315	-2.3829700000000003	0.329219	-0.730708	0.681702	0.0367341	0.0	-0.118555	-0.07371939999999999	-0.990207	0.0	-0.6723180000000001	-0.727907	0.134686	0.0	2.0432200000000003	-1.81028	-2.1171599999999997	0.361095	
3	0.5644710000000001	0.824578	0.037994400000000005	0.0	0.0909085	-0.107849	0.990002	0.0	0.8204319999999999	-0.5553739999999999	-0.13583900000000002	0.0	-1.74344	-0.643367	-2.42584	0.330482	-0.722326	0.691104	0.0249327	0.0	-0.11208900000000001	-0.0814239	-0.9903569999999999	0.0	-0.682409	-0.718155	0.13627899999999998	0.0	2.022	-1.78692	-2.11385	0.361234	
3	0.568522	0.8216899999999999	0.0401126	0.0	0.0876673	-0.10899400000000001	0.9901690000000001	0.0	0.817984	-0.559416	-0.134001	0.0	-1.7594900000000002	-0.637454	-2.39378	0.331318	-0.718093	0.6953229999999999	0.029499900000000003	0.0	-0.12029400000000001	-0.08225980000000001	-0.989325	0.0	-0.685473	-0.713975	0.142713	0.0	1.97153	-1.76563	-2.07202	0.36101300000000003	
3	0.569692	0.8209870000000001	0.0378189	0.0	0.0850196	-0.10464100000000001	0.990869	0.0	0.817449	-0.561275	-0.129413	0.0	-1.75873	-0.651895	-2.35711	0.331248	-0.7164689999999999	0.696941	0.030747900000000005	0.0	-0.124101	-0.0839579	-0.988711	0.0	-0.686492	-0.7121970000000001	0.146644	0.0	1.92695	-1.76705	-2.0697900000000002	0.360946	
3	0.563037	0.825831	0.0314867	0.0	0.0867279	-0.096933	0.991505	0.0	0.821868	-0.555524	-0.1262	0.0	-1.74345	-0.65418	-2.34868	0.331343	-0.718392	0.695029	0.029099299999999998	0.0	-0.124497	-0.08730160000000001	-0.9883719999999999	0.0	-0.684407	-0.713661	0.149246	0.0	1.9155900000000001	-1.7659200000000002	-2.03611	0.360967	
3	0.563773	0.825433	0.028633	0.0	0.0837439	-0.09161749999999999	0.992267	0.0	0.821673	-0.5570149999999999	-0.120777	0.0	-1.7034900000000002	-0.653868	-2.29573	0.332294	-0.72231	0.6910970000000001	0.0255596	0.0	-0.12007899999999999	-0.0889334	-0.9887729999999999	0.0	-0.6810649999999999	-0.71727	0.147223	0.0	1.9069599999999998	-1.7331	-1.9888	0.360879	
3	0.5641430000000001	0.8253159999999999	0.024418799999999997	0.0	0.08604760000000002	-0.0881795	0.992381	0.0	0.8211809999999999	-0.5577439999999999	-0.120762	0.0	-1.6963700000000002	-0.653714	-2.2862400000000003	0.333262	-0.721145	0.6922699999999999	0.026693	0.0	-0.11831900000000001	-0.085107	-0.9893219999999999	0.0	-0.682606	-0.7166020000000001	0.143283	0.0	1.95367	-1.73212	-1.99489	0.360982	
3	0.5663729999999999	0.823888	0.02075	0.0	0.0874788	-0.08513369999999999	0.9925219999999999	0.0	0.819493	-0.5603229999999999	-0.12029000000000001	0.0	-1.7176	-0.655101	-2.2774400000000004	0.333821	-0.71841	0.695026	0.028758	0.0	-0.119719	-0.0828105	-0.989348	0.0	-0.685241	-0.7142	0.142699	0.0	1.9850400000000001	-1.7447599999999999	-2.0154	0.360928	
3	0.567384	0.8231809999999999	0.0211709	0.0	0.0880766	-0.0862299	0.992374	0.0	0.818729	-0.561193	-0.121428	0.0	-1.74393	-0.654848	-2.27523	0.33426999999999996	-0.7177100000000001	0.695804	0.0273836	0.0	-0.122314	-0.0872561	-0.988649	0.0	-0.685516	-0.712912	0.147731	0.0	2.01048	-1.78568	-2.03212	0.36089	
3	0.569449	0.821607	0.0262775	0.0	0.0871428	-0.0921229	0.991927	0.0	0.817395	-0.562562	-0.124056	0.0	-1.7619200000000002	-0.658408	-2.26436	0.335887	-0.720973	0.6924170000000001	0.027519	0.0	-0.124365	-0.0902222	-0.9881260000000001	0.0	-0.681713	-0.715834	0.15116	0.0	2.03071	-1.8235299999999999	-1.9788599999999998	0.36101500000000003	
3	0.580016	0.813779	0.0366768	0.0	0.080009	-0.101717	0.991591	0.0	0.810666	-0.572204	-0.124107	0.0	-1.7699200000000002	-0.691048	-2.238	0.33711199999999997	-0.7232930000000001	0.69008	0.025230000000000002	0.0	-0.122467	-0.09223250000000001	-0.9881780000000001	0.0	-0.679595	-0.717832	0.151223	0.0	2.05525	-1.85253	-1.98005	0.361221	
3	0.581102	0.812802	0.0409166	0.0	0.0789763	-0.10636	0.991186	0.0	0.80999	-0.572749	-0.125998	0.0	-1.77197	-0.7088	-2.25391	0.338411	-0.725747	0.687612	0.021947799999999996	0.0	-0.119442	-0.0945198	-0.988332	0.0	-0.6775140000000001	-0.7199	0.150727	0.0	2.07056	-1.85857	-1.9756	0.361296	
3	0.581933	0.812182	0.0413908	0.0	0.0786466	-0.10686300000000001	0.991159	0.0	0.809425	-0.573533	-0.12606199999999998	0.0	-1.77669	-0.7172390000000001	-2.26607	0.338533	-0.7260479999999999	0.687331	0.0207523	0.0	-0.11825699999999999	-0.0950748	-0.9884209999999999	0.0	-0.6774	-0.7200949999999999	0.15031	0.0	2.07844	-1.85969	-1.9663	0.361335	
3	0.581666	0.812453	0.0398164	0.0	0.0795812	-0.105553	0.991224	0.0	0.809526	-0.573393	-0.126052	0.0	-1.7821900000000002	-0.720646	-2.2724	0.338594	-0.725362	0.68807	0.0202246	0.0	-0.11656500000000002	-0.09382	-0.988742	0.0	-0.678427	-0.719553	0.148258	0.0	2.0954099999999998	-1.86664	-1.9664099999999998	0.36145900000000003	
3	0.581662	0.8124560000000001	0.039794199999999995	0.0	0.07959939999999999	-0.105538	0.991224	0.0	0.809526	-0.57339	-0.126059	0.0	-1.7821099999999999	-0.720595	-2.2723400000000002	0.338594	-0.725352	0.688082	0.0202181	0.0	-0.116541	-0.0938013	-0.9887469999999999	0.0	-0.678442	-0.719545	0.148229	0.0	2.09518	-1.86654	-1.96639	0.36146	
3	0.581662	0.8124560000000001	0.039794	0.0	0.0795995	-0.105538	0.991224	0.0	0.809526	-0.57339	-0.126059	0.0	-1.7821099999999999	-0.720595	-2.2723400000000002	0.338594	-0.725352	0.688082	0.0202181	0.0	-0.116541	-0.09380110000000001	-0.9887459999999999	0.0	-0.678442	-0.719545	0.148229	0.0	2.09518	-1.86654	-1.96639	0.36146	
3	0.581662	0.8124560000000001	0.039794	0.0	0.0795995	-0.105538	0.991224	0.0	0.809526	-0.57339	-0.126059	0.0	-1.7821099999999999	-0.720595	-2.2723400000000002	0.338594	-0.725352	0.688082	0.0202181	0.0	-0.116541	-0.09380110000000001	-0.9887469999999999	0.0	-0.678442	-0.719545	0.148228	0.0	2.09518	-1.86654	-1.96639	0.36146	
3	0.581662	0.8124560000000001	0.039794	0.0	0.0795995	-0.105538	0.991224	0.0	0.809526	-0.57339	-0.126059	0.0	-1.7821099999999999	-0.720595	-2.2723400000000002	0.338594	-0.725352	0.688082	0.020218299999999998	0.0	-0.116541	-0.09380110000000001	-0.9887469999999999	0.0	-0.678442	-0.719545	0.148228	0.0	2.09518	-1.86654	-1.96639	0.36146	
3	0.581662	0.8124560000000001	0.0397941	0.0	0.0795995	-0.105538	0.991224	0.0	0.809526	-0.57339	-0.126059	0.0	-1.7821099999999999	-0.720595	-2.2723400000000002	0.338594	-0.725352	0.688082	0.020218200000000002	0.0	-0.116541	-0.09380110000000001	-0.9887469999999999	0.0	-0.678442	-0.719545	0.148228	0.0	2.09518	-1.86654	-1.96639	0.36146	
3	0.581663	0.8124560000000001	0.039794	0.0	0.0795995	-0.105538	0.991224	0.0	0.809526	-0.57339	-0.126059	0.0	-1.7821099999999999	-0.720595	-2.2723400000000002	0.338594	-0.725352	0.688082	0.0202181	0.0	-0.116541	-0.09380110000000001	-0.9887469999999999	0.0	-0.678442	-0.719545	0.148228	0.0	2.09518	-1.86654	-1.96639	0.36146	
3	0.581662	0.8124560000000001	0.0397941	0.0	0.0795995	-0.105538	0.991224	0.0	0.809526	-0.57339	-0.126059	0.0	-1.7821099999999999	-0.720595	-2.2723400000000002	0.338594	-0.725352	0.688082	0.0202181	0.0	-0.116541	-0.09380110000000001	-0.9887469999999999	0.0	-0.678442	-0.719545	0.148228	0.0	2.09518	-1.86654	-1.96639	0.36146	
3	0.581662	0.8124560000000001	0.0397941	0.0	0.0795995	-0.105538	0.991224	0.0	0.809526	-0.57339	-0.126059	0.0	-1.7821099999999999	-0.720595	-2.2723400000000002	0.338594	-0.725352	0.688082	0.020218200000000002	0.0	-0.116541	-0.09380110000000001	-0.9887469999999999	0.0	-0.678442	-0.719545	0.148228	0.0	2.09518	-1.86654	-1.96639	0.36146	
3	0.581662	0.8124560000000001	0.0397941	0.0	0.0795995	-0.105538	0.991224	0.0	0.809526	-0.57339	-0.126059	0.0	-1.7821099999999999	-0.720595	-2.2723400000000002	0.338594	-0.725351	0.688082	0.0202181	0.0	-0.116541	-0.093801	-0.9887469999999999	0.0	-0.678442	-0.719545	0.148228	0.0	2.09518	-1.86654	-1.96639	0.36146	
3	0.581662	0.8124560000000001	0.039794	0.0	0.0795996	-0.105538	0.991224	0.0	0.809526	-0.57339	-0.126059	0.0	-1.7821099999999999	-0.720595	-2.2723400000000002	0.338594	-0.725351	0.688082	0.020218200000000002	0.0	-0.116541	-0.093801	-0.9887469999999999	0.0	-0.678442	-0.719545	0.148228	0.0	2.09518	-1.86654	-1.96639	0.36146	
3	0.581662	0.8124560000000001	0.039794	0.0	0.0795996	-0.105538	0.991224	0.0	0.809526	-0.57339	-0.126059	0.0	-1.7821099999999999	-0.720595	-2.2723400000000002	0.338594	-0.725351	0.688082	0.0202181	0.0	-0.116541	-0.093801	-0.9887469999999999	0.0	-0.678442	-0.719545	0.148228	0.0	2.09518	-1.86654	-1.96639	0.36146	
3	0.581662	0.8124560000000001	0.039794	0.0	0.0795996	-0.105538	0.991224	0.0	0.809526	-0.57339	-0.126059	0.0	-1.7821099999999999	-0.720595	-2.2723400000000002	0.338594	-0.725351	0.688082	0.020218200000000002	0.0	-0.116541	-0.093801	-0.9887469999999999	0.0	-0.678442	-0.719545	0.148228	0.0	2.09518	-1.86654	-1.96639	0.36146	
3	0.581662	0.8124560000000001	0.039794	0.0	0.0795996	-0.105538	0.991224	0.0	0.809526	-0.57339	-0.126059	0.0	-1.7821099999999999	-0.720595	-2.2723400000000002	0.338594	-0.725351	0.688082	0.020218200000000002	0.0	-0.116541	-0.093801	-0.9887469999999999	0.0	-0.678442	-0.719545	0.148228	0.0	2.09518	-1.86654	-1.96639	0.36146	
3	0.581662	0.8124560000000001	0.039794	0.0	0.0795996	-0.105538	0.991224	0.0	0.809526	-0.57339	-0.126059	0.0	-1.7821099999999999	-0.720595	-2.2723400000000002	0.338594	-0.725351	0.688082	0.020218200000000002	0.0	-0.116541	-0.093801	-0.9887469999999999	0.0	-0.678442	-0.719545	0.148228	0.0	2.09518	-1.86654	-1.96639	0.36146	
3	0.581662	0.8124560000000001	0.039794	0.0	0.0795996	-0.105538	0.991224	0.0	0.809526	-0.57339	-0.126059	0.0	-1.7821099999999999	-0.720595	-2.2723400000000002	0.338594	-0.725351	0.688082	0.020218200000000002	0.0	-0.116541	-0.093801	-0.9887469999999999	0.0	-0.678442	-0.719545	0.148228	0.0	2.09518	-1.86654	-1.96639	0.36146	
3	0.581662	0.8124560000000001	0.039794	0.0	0.0795996	-0.105538	0.991224	0.0	0.809526	-0.57339	-0.126059	0.0	-1.7821099999999999	-0.720595	-2.2723400000000002	0.338594	-0.725351	0.688082	0.020218200000000002	0.0	-0.116541	-0.093801	-0.9887469999999999	0.0	-0.678442	-0.719545	0.148228	0.0	2.09518	-1.86654	-1.96639	0.36146	
3	-0.155755	0.9084190000000001	-0.387964	0.0	0.00425029	0.393369	0.9193709999999999	0.0	0.9877870000000001	0.141547	-0.0651302	0.0	-1.7751599999999998	-0.83078	-2.31855	0.337911	-0.226082	0.9733799999999999	-0.037668099999999996	0.0	0.261903	0.023494400000000002	-0.964808	0.0	-0.93824	-0.227991	-0.260243	0.0	2.08123	-1.9210099999999999	-1.9886400000000002	0.36335100000000004	
3	-0.08246339999999999	0.934758	-0.345582	0.0	0.0616505	0.350883	0.9343879999999999	0.0	0.994685	0.0557476	-0.08656339999999998	0.0	-1.7542200000000001	-0.9740610000000001	-2.31867	0.336554	-0.23676999999999998	0.971192	-0.026947500000000003	0.0	0.269891	0.0391023	-0.962097	0.0	-0.933327	-0.23506799999999997	-0.271374	0.0	2.11016	-1.9704599999999999	-2.0588900000000003	0.36348	
3	0.0386163	0.962686	-0.267852	0.0	0.16688599999999998	0.25807399999999997	0.9516020000000001	0.0	0.9852200000000001	-0.0814482	-0.150693	0.0	-1.77435	-1.12575	-2.3662400000000003	0.33073800000000003	-0.24814099999999997	0.9685819999999999	-0.0165682	0.0	0.275029	0.0540399	-0.959916	0.0	-0.9288620000000001	-0.242752	-0.279798	0.0	2.13119	-1.9862900000000001	-2.1168	0.363523	
3	0.28389699999999995	0.9444030000000001	-0.165847	0.0	0.288381	0.0808589	0.9540959999999999	0.0	0.9144610000000001	-0.31869200000000003	-0.249392	0.0	-1.87658	-1.4311	-2.5393	0.313189	-0.2585	0.965892	-0.0152101	0.0	0.28719	0.0618075	-0.9558780000000001	0.0	-0.922334	-0.25146199999999996	-0.293371	0.0	2.1669099999999997	-1.9627599999999998	-2.23664	0.363427	
3	0.424188	0.889799	-0.168291	0.0	0.33489	0.0185281	0.942075	0.0	0.841376	-0.45597600000000005	-0.290126	0.0	-1.9610400000000001	-1.62376	-2.70083	0.31055900000000003	-0.25058800000000003	0.9678690000000001	-0.020877700000000003	0.0	0.283381	0.052713800000000005	-0.957558	0.0	-0.92569	-0.245869	-0.287485	0.0	2.16459	-1.95323	-2.25981	0.363648	
3	0.622179	0.764885	-0.166865	0.0	0.330229	-0.0631594	0.941786	0.0	0.709819	-0.641063	-0.291883	0.0	-2.01857	-1.81968	-2.7259599999999997	0.311828	-0.24067800000000003	0.970319	-0.023556599999999997	0.0	0.275386	0.044994	-0.9602799999999999	0.0	-0.930718	-0.23760599999999998	-0.278042	0.0	2.13924	-1.9518799999999998	-2.24769	0.363746	
3	0.79437	0.5723010000000001	-0.203587	0.0	0.318112	-0.10642599999999999	0.942061	0.0	0.517475	-0.813109	-0.266597	0.0	-2.1225099999999997	-2.0074099999999997	-2.74045	0.31329	-0.23748400000000003	0.9710190000000001	-0.0268942	0.0	0.271829	0.0398505	-0.96152	0.0	-0.9325829999999999	-0.235656	-0.273415	0.0	2.13541	-1.93849	-2.20369	0.363823	
3	0.8974719999999999	0.389153	-0.207614	0.0	0.27974299999999996	-0.13828800000000002	0.9500629999999999	0.0	0.341009	-0.910734	-0.23297199999999998	0.0	-2.29467	-2.1181900000000002	-2.74169	0.304838	-0.240459	0.970258	-0.0279135	0.0	0.274917	0.0404966	-0.960615	0.0	-0.9309139999999999	-0.23866300000000001	-0.276478	0.0	2.13552	-1.9304700000000001	-2.1719	0.36383899999999997	
3	0.9482299999999999	0.223448	-0.225681	0.0	0.25349499999999997	-0.104446	0.9616819999999999	0.0	0.191314	-0.9691040000000001	-0.15568099999999999	0.0	-2.41751	-2.23644	-2.71448	0.309241	-0.239463	0.97049	-0.0283858	0.0	0.276461	0.04013080000000001	-0.9601870000000001	0.0	-0.9307129999999999	-0.237777	-0.277912	0.0	2.13777	-1.92694	-2.1558599999999997	0.363979	
3	0.964519	0.11294100000000001	-0.23863800000000002	0.0	0.250029	-0.100461	0.9630120000000001	0.0	0.0847893	-0.98851	-0.125135	0.0	-2.60074	-2.3075900000000003	-2.70515	0.30703800000000003	-0.234612	0.97155	-0.0323605	0.0	0.273228	0.033958800000000004	-0.96135	0.0	-0.932901	-0.234386	-0.273422	0.0	2.14245	-1.92963	-2.13833	0.363983	
3	0.9645819999999999	0.0506173	-0.25888	0.0	0.262588	-0.0909826	0.960609	0.0	0.025069900000000003	-0.9945649999999999	-0.101052	0.0	-2.6874599999999997	-2.3685	-2.71275	0.306321	-0.229033	0.972914	-0.031348400000000005	0.0	0.270156	0.032592	-0.9622649999999999	0.0	-0.9351790000000001	-0.22885999999999998	-0.270304	0.0	2.14814	-1.91652	-2.1206099999999997	0.363987	
3	0.948349	-0.0637978	-0.310749	0.0	0.3052	-0.0837203	0.948601	0.0	-0.0865346	-0.994445	-0.059925	0.0	-3.00821	-2.5150799999999998	-2.75217	0.310332	-0.216696	0.9759049999999999	-0.0255642	0.0	0.264665	0.033521499999999996	-0.963758	0.0	-0.939679	-0.215608	-0.265552	0.0	2.1591099999999996	-1.89368	-2.097	0.363987	
3	0.932141	-0.13918699999999998	-0.334276	0.0	0.329173	-0.0588868	0.9424319999999999	0.0	-0.150858	-0.9885139999999999	-0.00907431	0.0	-3.25543	-2.66069	-2.6926	0.30747399999999997	-0.204647	0.9786360000000001	-0.019774299999999998	0.0	0.259671	0.0348007	-0.9650700000000001	0.0	-0.9437639999999999	-0.20263399999999998	-0.261245	0.0	2.16052	-1.85906	-2.07551	0.363975	
3	0.931016	-0.140795	-0.336729	0.0	0.332372	-0.0541096	0.9415950000000001	0.0	-0.150792	-0.988559	-0.00358077	0.0	-3.3797	-2.72562	-2.65998	0.30895300000000003	-0.197372	0.980194	-0.016269799999999997	0.0	0.260317	0.0364024	-0.9648370000000001	0.0	-0.9451350000000001	-0.194667	-0.262346	0.0	2.16483	-1.8254299999999999	-2.0629299999999997	0.36398400000000003	
3	0.918014	-0.124895	-0.376367	0.0	0.382206	0.0257257	0.9237190000000001	0.0	-0.10568599999999999	-0.991836	0.07135239999999998	0.0	-3.57559	-2.93633	-2.54307	0.305785	-0.191615	0.9813870000000001	-0.0127449	0.0	0.262152	0.0386624	-0.964252	0.0	-0.9458120000000001	-0.188107	-0.264681	0.0	2.1705799999999997	-1.79045	-2.05079	0.363982	
3	0.8892969999999999	-0.0948522	-0.44738599999999995	0.0	0.45625200000000005	0.11685999999999999	0.882144	0.0	-0.031392	-0.988609	0.147199	0.0	-3.6210000000000004	-3.06636	-2.40691	0.301854	-0.186445	0.9824459999999999	-0.00625914	0.0	0.261155	0.043417199999999996	-0.9643200000000001	0.0	-0.9471200000000001	-0.181427	-0.264665	0.0	2.17865	-1.7765099999999998	-2.04501	0.363975	
3	0.858671	-0.0677245	-0.508034	0.0	0.510095	0.209394	0.834241	0.0	0.049880900000000006	-0.975483	0.21434699999999998	0.0	-3.61675	-3.1278200000000003	-2.24989	0.303666	-0.180331	0.983604	-0.00220281	0.0	0.262031	0.045880800000000006	-0.9639690000000001	0.0	-0.9480620000000001	-0.17441099999999998	-0.26600799999999997	0.0	2.18977	-1.7508299999999999	-2.04488	0.36398	
3	0.798711	-0.0238516	-0.601241	0.0	0.581489	0.287484	0.761067	0.0	0.154695	-0.9574879999999999	0.243486	0.0	-3.5647300000000004	-3.12045	-2.1575	0.307139	-0.17949600000000002	0.983759	5.88298e-05	0.0	0.26371300000000003	0.0481745	-0.963398	0.0	-0.9477530000000001	-0.17291099999999998	-0.268077	0.0	2.19846	-1.74317	-2.04389	0.363989	
3	0.7430869999999999	-0.00693122	-0.6691590000000001	0.0	0.634265	0.326133	0.70096	0.0	0.213376	-0.945299	0.246741	0.0	-3.4616300000000004	-3.0813900000000003	-2.05872	0.313873	-0.179116	0.983824	0.00295663	0.0	0.26509499999999997	0.051157	-0.9628639999999999	0.0	-0.94744	-0.17168	-0.26997	0.0	2.2033	-1.7358200000000001	-2.04461	0.363948	
