0	-0.122921	0.9244459999999999	-0.36095700000000003	0.0	0.137323	0.37606	0.9163629999999999	0.0	0.98287	0.0630724	-0.173173	0.0	-2.83443	2.123	1.37829	0.00034526699999999996	-0.593133	0.516197	-0.617847	0.0	0.7502800000000001	0.07604780000000001	-0.656732	0.0	-0.292017	-0.853087	-0.432399	0.0	2.66032	2.0	1.53809	0.0	
0	-0.158452	0.9228200000000001	-0.351136	0.0	0.14446099999999998	0.373469	0.916325	0.0	0.976741	0.094468	-0.19248900000000002	0.0	-2.8994	2.19862	1.31033	0.0	-0.593133	0.516197	-0.617847	0.0	0.75031	0.0761373	-0.656687	0.0	-0.291939	-0.8530790000000001	-0.432468	0.0	2.66032	2.0	1.53809	0.0	
0	-0.123298	0.948148	-0.29294000000000003	0.0	0.196287	0.312661	0.9293629999999999	0.0	0.972764	0.057088	-0.22465900000000003	0.0	-2.9489799999999997	2.3229900000000003	1.2470700000000001	0.156951	-0.593133	0.516197	-0.617847	0.0	0.750355	0.07626720000000001	-0.656621	0.0	-0.291824	-0.853067	-0.432568	0.0	2.66032	2.0	1.53809	0.0	
0	-0.05247	0.9799059999999999	-0.192435	0.0	0.237042	0.199414	0.9508129999999999	0.0	0.970082	0.00427386	-0.242742	0.0	-2.80837	2.38626	1.16909	0.35039699999999996	-0.593133	0.516197	-0.617846	0.0	0.750394	0.0763822	-0.656563	0.0	-0.291723	-0.853057	-0.43265600000000004	0.0	2.66032	2.0	1.53809	0.0	
0	-0.00135913	0.988776	-0.149397	0.0	0.25354899999999997	0.14485599999999998	0.956415	0.0	0.9673219999999999	-0.0365797	-0.2509	0.0	-2.6772400000000003	2.38318	1.1539	0.35232800000000003	-0.593133	0.516197	-0.617846	0.0	0.750437	0.0765072	-0.6564989999999999	0.0	-0.291613	-0.8530459999999999	-0.432752	0.0	2.66032	2.0	1.53809	0.0	
0	0.0589472	0.9926879999999999	-0.10533800000000001	0.0	0.24380300000000002	0.08800939999999999	0.965823	0.0	0.968032	-0.0826143	-0.23683200000000001	0.0	-2.64925	2.29276	1.13232	0.350581	-0.593133	0.516197	-0.617847	0.0	0.750483	0.07664069999999999	-0.656431	0.0	-0.291496	-0.8530340000000001	-0.43285500000000005	0.0	2.66032	2.0	1.53809	0.0	
0	0.09549830000000001	0.9918110000000001	-0.08480039999999998	0.0	0.243436	0.0593336	0.9681	0.0	0.9652040000000001	-0.113095	-0.235776	0.0	-2.62553	2.21685	1.12257	0.350047	-0.593132	0.516197	-0.617846	0.0	0.750533	0.0767885	-0.656357	0.0	-0.29136599999999996	-0.8530200000000001	-0.43296899999999994	0.0	2.66032	2.0	1.53809	0.0	
0	0.11072699999999999	0.9906950000000001	-0.0791437	0.0	0.240707	0.05053	0.969282	0.0	0.964261	-0.126376	-0.23287199999999997	0.0	-2.60235	2.1836	1.12899	0.349765	-0.593132	0.516197	-0.617846	0.0	0.750574	0.0769095	-0.656295	0.0	-0.291259	-0.85301	-0.433062	0.0	2.66032	2.0	1.53809	0.0	
0	0.11356300000000001	0.990603	-0.0762192	0.0	0.242902	0.0467049	0.9689260000000001	0.0	0.9633799999999999	-0.128548	-0.235315	0.0	-2.58901	2.17203	1.12852	0.349001	-0.374105	0.868109	-0.32624000000000003	0.0	0.496465	-0.10965899999999999	-0.861102	0.0	-0.7833060000000001	-0.48411000000000004	-0.389962	0.0	2.6266	2.01873	1.56974	-2.2251199999999998e-05	
0	0.11818599999999999	0.9903790000000001	-0.07197410000000001	0.0	0.244108	0.0412806	0.9688690000000001	0.0	0.962519	-0.132076	-0.23688	0.0	-2.61869	2.16278	1.1280299999999999	0.348672	-0.195911	0.9666549999999999	-0.164918	0.0	0.32487	-0.0947015	-0.9410059999999999	0.0	-0.9252450000000001	-0.23793000000000003	-0.295484	0.0	2.70693	1.98836	1.52744	0.0	
0	0.119251	0.9904850000000001	-0.06869410000000001	0.0	0.242115	0.038088800000000006	0.9695	0.0	0.9628909999999999	-0.132246	-0.235269	0.0	-2.6297599999999997	2.15807	1.12711	0.348613	-0.12494000000000001	0.970749	-0.20503000000000002	0.0	0.348914	-0.15045999999999998	-0.924998	0.0	-0.928789	-0.187107	-0.319909	0.0	2.74229	2.02398	1.42261	0.0	
0	0.115726	0.9908290000000001	-0.0697533	0.0	0.241761	0.0400151	0.96951	0.0	0.96341	-0.12906199999999998	-0.23491399999999998	0.0	-2.63269	2.15517	1.1215899999999999	0.348502	-0.101106	0.9760690000000001	-0.192529	0.0	0.34668699999999997	-0.146824	-0.9264180000000001	0.0	-0.932516	-0.160413	-0.323546	0.0	2.7725	2.05702	1.35964	0.088642	
0	0.11552899999999999	0.9909899999999999	-0.0677612	0.0	0.23670700000000003	0.038785900000000005	0.970807	0.0	0.9646879999999999	-0.128196	-0.230094	0.0	-2.62499	2.14931	1.11727	0.348544	-0.10493599999999999	0.975902	-0.19131800000000002	0.0	0.34817800000000004	-0.144151	-0.9262790000000001	0.0	-0.9315370000000001	-0.16381300000000001	-0.32466100000000003	0.0	2.76993	2.07452	1.34477	0.30864	
0	0.11820599999999999	0.990958	-0.06348240000000001	0.0	0.23874	0.0336936	0.970499	0.0	0.9638620000000001	-0.129875	-0.23259899999999997	0.0	-2.62258	2.1473400000000002	1.1126	0.34842199999999995	-0.119379	0.97639	-0.18003	0.0	0.342065	-0.129777	-0.9306709999999999	0.0	-0.9320620000000001	-0.17268499999999998	-0.318496	0.0	2.75168	2.06543	1.32915	0.312741	
0	0.126346	0.9897040000000001	-0.06725419999999999	0.0	0.242083	0.034985199999999994	0.969625	0.0	0.961994	-0.13879	-0.23517	0.0	-2.62584	2.14456	1.11944	0.34845	-0.13342	0.977168	-0.165356	0.0	0.338032	-0.111974	-0.93445	0.0	-0.931629	-0.18057	-0.315375	0.0	2.73991	2.04202	1.30935	0.321956	
0	0.157521	0.9846010000000001	-0.0758178	0.0	0.24587699999999998	0.0352537	0.9686600000000001	0.0	0.9564159999999999	-0.171226	-0.236537	0.0	-2.62548	2.11025	1.13671	0.348646	-0.190383	0.97311	-0.129659	0.0	0.332258	-0.0604099	-0.9412520000000001	0.0	-0.923774	-0.222279	-0.311822	0.0	2.73143	1.99215	1.28099	0.334337	
0	0.269848	0.961569	-0.0506695	0.0	0.250157	-0.0191932	0.968015	0.0	0.929841	-0.273893	-0.24572199999999997	0.0	-2.6381099999999997	2.03098	1.1729	0.347263	-0.301269	0.9495969999999999	-0.0866151	0.0	0.325276	0.016958400000000002	-0.9454670000000001	0.0	-0.896344	-0.313014	-0.31399	0.0	2.70732	1.8732900000000001	1.21122	0.337834	
0	0.418047	0.9081030000000001	-0.0241847	0.0	0.258157	-0.093234	0.9615940000000001	0.0	0.870972	-0.408235	-0.27341	0.0	-2.67103	1.92985	1.18251	0.34675	-0.43200200000000005	0.8997930000000001	-0.06120419999999999	0.0	0.32234	0.090666	-0.9422719999999999	0.0	-0.842301	-0.426792	-0.329207	0.0	2.66588	1.6201299999999998	1.08666	0.337735	
0	0.580283	0.814264	-0.0156645	0.0	0.24411799999999997	-0.155556	0.9571879999999999	0.0	0.776968	-0.559264	-0.289043	0.0	-2.73679	1.6896	1.14529	0.346025	-0.562591	0.8258690000000001	-0.0378406	0.0	0.312594	0.170123	-0.934528	0.0	-0.76536	-0.537586	-0.35387199999999996	0.0	2.67749	1.25852	0.832044	0.337196	
0	0.643464	0.76517	-0.021681799999999998	0.0	0.240392	-0.175102	0.954752	0.0	0.726751	-0.61956	-0.296612	0.0	-2.79188	1.5035	1.09819	0.339352	-0.615608	0.787881	-0.016407400000000003	0.0	0.28678200000000004	0.204586	-0.935896	0.0	-0.7340180000000001	-0.58085	-0.35189499999999996	0.0	2.7109099999999997	0.935467	0.5864699999999999	0.33655799999999997	
0	0.688133	0.725299	-0.0203504	0.0	0.22820700000000002	-0.189719	0.9549489999999999	0.0	0.688763	-0.661776	-0.29607	0.0	-2.8123	1.4136	1.03007	0.329273	-0.66589	0.745961	-0.0115574	0.0	0.26486	0.22189099999999998	-0.9384100000000001	0.0	-0.697453	-0.627939	-0.34533	0.0	2.72743	0.679405	0.432725	0.334798	
0	0.716008	0.697666	-0.0243903	0.0	0.22351999999999997	-0.196017	0.954786	0.0	0.661341	-0.689086	-0.296292	0.0	-2.8151200000000003	1.37717	1.01443	0.323549	-0.699209	0.714858	-0.00922105	0.0	0.24531599999999998	0.22779000000000002	-0.942301	0.0	-0.671511	-0.661127	-0.33463899999999996	0.0	2.75412	0.539321	0.3656	0.334879	
0	0.77504	0.6310819999999999	-0.032386	0.0	0.206938	-0.205052	0.956625	0.0	0.597067	-0.748124	-0.289518	0.0	-2.8454900000000003	1.32774	1.0045	0.31689	-0.739323	0.673297	-0.0085116	0.0	0.20122	0.20885399999999998	-0.9570219999999999	0.0	-0.642583	-0.7092609999999999	-0.289891	0.0	2.7854200000000002	0.266399	0.267428	0.336502	
0	0.798515	0.600817	-0.0373272	0.0	0.195768	-0.200548	0.959925	0.0	0.569253	-0.773822	-0.277762	0.0	-2.8441	1.2982200000000002	0.9880549999999999	0.300896	-0.750119	0.66122	-0.010455599999999999	0.0	0.193477	0.204315	-0.9595950000000001	0.0	-0.632367	-0.721833	-0.28119099999999997	0.0	2.77921	0.259407	0.26224000000000003	0.335142	
0	0.801679	0.596291	-0.041817	0.0	0.19306500000000001	-0.192088	0.9622	0.0	0.565718	-0.7794479999999999	-0.26911599999999997	0.0	-2.84722	1.28067	0.9181219999999999	0.294423	-0.7597119999999999	0.65015	-0.0118949	0.0	0.18574100000000002	0.199439	-0.962146	0.0	-0.623167	-0.733163	-0.272276	0.0	2.7654900000000002	0.269407	0.272963	0.33529699999999996	
0	0.797912	0.6014430000000001	-0.0400295	0.0	0.185354	-0.181627	0.965741	0.0	0.5735680000000001	-0.777996	-0.256402	0.0	-2.80547	1.27136	0.8731469999999999	0.292707	-0.759178	0.650755	-0.0129517	0.0	0.18193399999999998	0.193056	-0.964173	0.0	-0.6249399999999999	-0.7343350000000001	-0.26495799999999997	0.0	2.7596700000000003	0.321621	0.30483699999999997	0.3353	
0	0.795442	0.605371	-0.028250499999999998	0.0	0.178302	-0.189223	0.9656100000000001	0.0	0.5792069999999999	-0.773124	-0.25845500000000005	0.0	-2.7023599999999997	1.26483	0.893339	0.277086	-0.753879	0.656949	-0.00925559	0.0	0.18018800000000001	0.193185	-0.964475	0.0	-0.631822	-0.728765	-0.264013	0.0	2.7387599999999996	0.31971900000000003	0.300451	0.335045	
0	0.795605	0.605377	-0.0230391	0.0	0.180266	-0.200261	0.963016	0.0	0.5783739999999999	-0.770334	-0.268458	0.0	-2.68633	1.20862	0.927642	0.264278	-0.750222	0.661148	-0.00716069	0.0	0.176644	0.18998299999999999	-0.965766	0.0	-0.637153	-0.725803	-0.259317	0.0	2.71385	0.284401	0.302608	0.334825	
0	0.8035329999999999	0.594751	-0.024618099999999997	0.0	0.182605	-0.206921	0.9611649999999999	0.0	0.5665600000000001	-0.7768229999999999	-0.274873	0.0	-2.7037400000000003	1.16404	0.9119360000000001	0.26484800000000003	-0.750352	0.6610020000000001	-0.00694332	0.0	0.175901	0.189531	-0.96599	0.0	-0.637205	-0.726054	-0.258486	0.0	2.71199	0.280961	0.32547600000000004	0.33421799999999996	
0	0.8195879999999999	0.570743	-0.0502885	0.0	0.184478	-0.179774	0.966255	0.0	0.542442	-0.801208	-0.25263	0.0	-2.71482	1.05974	0.897702	0.265932	-0.752922	0.6581	-0.00353742	0.0	0.170217	0.189545	-0.9670049999999999	0.0	-0.635716	-0.7286819999999999	-0.254732	0.0	2.7099	0.269965	0.33928600000000003	0.333604	
0	0.844493	0.527591	-0.0920831	0.0	0.196508	-0.145299	0.969677	0.0	0.49821400000000005	-0.83698	-0.22638000000000003	0.0	-2.76288	0.921115	0.879099	0.266944	-0.779188	0.6267	0.0106463	0.0	0.135804	0.185381	-0.9732379999999999	0.0	-0.6119020000000001	-0.756889	-0.22955599999999998	0.0	2.70595	0.22188200000000002	0.296591	0.330468	
0	0.8726200000000001	0.478092	-0.09980939999999999	0.0	0.186801	-0.13789	0.972673	0.0	0.45126400000000005	-0.867418	-0.20963400000000001	0.0	-2.8451400000000002	0.752121	0.7230270000000001	0.26821799999999996	-0.807453	0.5896640000000001	0.0177924	0.0	0.10430999999999999	0.17239000000000002	-0.97949	0.0	-0.580638	-0.789036	-0.200705	0.0	2.69426	0.0927722	0.178922	0.331405	
0	0.9043760000000001	0.41284	-0.10801199999999998	0.0	0.169481	-0.11519000000000001	0.9787790000000001	0.0	0.391637	-0.90349	-0.174144	0.0	-2.98037	0.507905	0.4158	0.283196	-0.83639	0.54788	0.0167354	0.0	0.07409539999999999	0.143259	-0.986908	0.0	-0.5431050000000001	-0.824199	-0.160416	0.0	2.67912	-0.107279	-0.06661399999999999	0.336282	
0	0.91406	0.389977	-0.111409	0.0	0.15921400000000002	-0.0923798	0.9829120000000001	0.0	0.373021	-0.9161790000000001	-0.146531	0.0	-3.07172	0.289299	0.189161	0.28087199999999996	-0.8461540000000001	0.5325949999999999	0.019147499999999998	0.0	0.055850300000000005	0.124347	-0.9906659999999999	0.0	-0.530004	-0.8371860000000001	-0.134963	0.0	2.66781	-0.260594	-0.28668499999999997	0.335325	
0	0.9216629999999999	0.370564	-0.114972	0.0	0.149275	-0.06515560000000001	0.9866469999999999	0.0	0.358125	-0.9265190000000001	-0.11536800000000001	0.0	-3.11314	0.090533	-0.07722310000000002	0.280504	-0.864502	0.502286	0.0185903	0.0	0.0229039	0.0763143	-0.996821	0.0	-0.502108	-0.8613280000000001	-0.0774783	0.0	2.6774400000000003	-0.539979	-0.488176	0.335717	
0	0.9301149999999999	0.357601	-0.0837118	0.0	0.102289	-0.0333168	0.9941969999999999	0.0	0.35273699999999997	-0.9332799999999999	-0.0675669	0.0	-3.09419	-0.10378	-0.267868	0.28129099999999996	-0.868394	0.495625	0.015736	0.0	0.000787407	0.033111800000000004	-0.999452	0.0	-0.495874	-0.8679049999999999	-0.029144599999999996	0.0	2.72899	-0.813938	-0.59424	0.33537100000000003	
0	0.93853	0.34243	-0.04361690000000001	0.0	0.0496036	-0.00874056	0.9987309999999999	0.0	0.341614	-0.9395030000000001	-0.0251891	0.0	-3.06942	-0.243966	-0.34636500000000003	0.285928	-0.872936	0.487569	0.0161089	0.0	-0.0147041	0.006708800000000001	-0.999869	0.0	-0.487613	-0.873059	0.00131285	0.0	2.75693	-1.01197	-0.6779810000000001	0.334447	
0	0.9436950000000001	0.33069499999999996	-0.00892636	0.0	0.00759712	0.00531179	0.999957	0.0	0.330729	-0.943723	0.00250037	0.0	-2.99898	-0.422178	-0.44792299999999996	0.290495	-0.884374	0.46606800000000004	0.025742	0.0	-0.0383	-0.0174919	-0.9991129999999999	0.0	-0.46520500000000004	-0.884576	0.033319699999999994	0.0	2.84964	-1.29714	-0.847024	0.333921	
0	0.9530649999999999	0.30199699999999996	0.0215616	0.0	-0.0186071	-0.0126573	0.9997469999999999	0.0	0.302193	-0.953225	-0.00644392	0.0	-2.95281	-0.572132	-0.639099	0.288641	-0.8769319999999999	0.48031899999999994	0.016875	0.0	-0.0456233	-0.0482405	-0.997793	0.0	-0.478445	-0.875767	0.0642172	0.0	2.95153	-1.51122	-1.07108	0.332532	
0	0.9533520000000001	0.300111	0.032451	0.0	-0.0235726	-0.0331585	0.999172	0.0	0.300938	-0.9533280000000001	-0.0245374	0.0	-2.97458	-0.6269600000000001	-0.859915	0.288595	-0.8748319999999999	0.484321	0.0100863	0.0	-0.041821199999999996	-0.0547658	-0.9976229999999999	0.0	-0.482617	-0.873175	0.0681658	0.0	3.0384900000000004	-1.66917	-1.3324	0.332362	
0	0.954082	0.296336	0.0437359	0.0	-0.028440800000000002	-0.055732000000000004	0.998041	0.0	0.298193	-0.953456	-0.0447448	0.0	-2.9357	-0.641838	-0.997584	0.28526799999999997	-0.8677010000000001	0.497055	-0.00555393	0.0	-0.0281783	-0.060339300000000005	-0.9977799999999999	0.0	-0.496287	-0.865619	0.0663627	0.0	3.09957	-1.76045	-1.55178	0.331779	
0	0.9592040000000001	0.277752	0.05273869999999999	0.0	-0.0339288	-0.0721015	0.99682	0.0	0.280672	-0.957943	-0.059736300000000006	0.0	-2.93031	-0.658954	-1.2280200000000001	0.277821	-0.8562120000000001	0.516404	-0.0151203	0.0	-0.0241	-0.0691599	-0.9973139999999999	0.0	-0.516062	-0.853548	0.07166089999999999	0.0	3.19853	-1.87412	-1.85317	0.331414	
0	0.9561700000000001	0.289221	0.0457251	0.0	-0.0317971	-0.05267619999999999	0.9981049999999999	0.0	0.291082	-0.9558120000000001	-0.041171	0.0	-2.89046	-0.724981	-1.41359	0.270493	-0.8362149999999999	0.548026	-0.0202818	0.0	-0.0245143	-0.074301	-0.996935	0.0	-0.5478529999999999	-0.833155	0.0755659	0.0	3.22424	-1.9393099999999999	-2.08786	0.32705500000000004	
0	0.950938	0.30642800000000003	0.042656900000000005	0.0	-0.035464499999999996	-0.0290038	0.99895	0.0	0.307344	-0.9514520000000001	-0.0167135	0.0	-2.83003	-0.765547	-1.53808	0.25408800000000004	-0.8231860000000001	0.567281	-0.0236246	0.0	-0.0245019	-0.07706389999999999	-0.996725	0.0	-0.567244	-0.8199110000000001	0.077337	0.0	3.30102	-2.0312799999999998	-2.3364599999999998	0.326187	
0	0.9498280000000001	0.310425	0.03825	0.0	-0.029950400000000002	-0.0314607	0.9990559999999999	0.0	0.311336	-0.9500770000000001	-0.020584900000000003	0.0	-2.78919	-0.766786	-1.58181	0.257338	-0.805882	0.59091	-0.037155900000000006	0.0	-0.019085400000000002	-0.08864889999999999	-0.9958799999999999	0.0	-0.591769	-0.801852	0.0827179	0.0	3.3162599999999998	-2.0592799999999998	-2.45509	0.321625	
0	0.9460219999999999	0.322036	0.0365385	0.0	-0.027402600000000003	-0.0328583	0.999084	0.0	0.322942	-0.946157	-0.02226	0.0	-2.78268	-0.775957	-1.54656	0.260306	-0.7998569999999999	0.5991310000000001	-0.0356485	0.0	-0.018928099999999996	-0.0845462	-0.99624	0.0	-0.599892	-0.796175	0.078965	0.0	3.28946	-2.06371	-2.49728	0.322714	
0	0.942724	0.332175	0.0305082	0.0	-0.020615	-0.0332673	0.9992340000000001	0.0	0.332936	-0.942631	-0.0245141	0.0	-2.78227	-0.779559	-1.527	0.26362399999999997	-0.790265	0.6116510000000001	-0.036936199999999995	0.0	-0.015498	-0.0802096	-0.996658	0.0	-0.6125689999999999	-0.7870510000000001	0.0728661	0.0	3.3012900000000003	-2.07528	-2.54281	0.324251	
0	0.938575	0.34409	0.0260695	0.0	-0.013720099999999999	-0.0382768	0.999173	0.0	0.344803	-0.938156	-0.031204700000000002	0.0	-2.7942	-0.782579	-1.48747	0.266152	-0.787593	0.614582	-0.044578	0.0	-0.00584108	-0.0797869	-0.9967950000000001	0.0	-0.616169	-0.784808	0.0664291	0.0	3.3385199999999995	-2.0794799999999998	-2.57606	0.32517399999999996	
0	0.9372510000000001	0.347523	0.028060400000000003	0.0	-0.0148355	-0.0406575	0.9990629999999999	0.0	0.34833800000000004	-0.936789	-0.0329506	0.0	-2.79311	-0.784116	-1.47694	0.26788	-0.783243	0.620077	-0.045112599999999996	0.0	-0.00540659	-0.0793522	-0.9968319999999999	0.0	-0.621692	-0.780518	0.0655044	0.0	3.3573	-2.08334	-2.59328	0.325081	
0	0.9354049999999999	0.352274	0.030351099999999995	0.0	-0.0160234	-0.043517400000000005	0.9989239999999999	0.0	0.353216	-0.9348850000000001	-0.035061800000000004	0.0	-2.77737	-0.784988	-1.47842	0.26609	-0.779664	0.6246550000000001	-0.043931599999999994	0.0	-0.00565991	-0.077183	-0.997001	0.0	-0.6261720000000001	-0.777077	0.0637122	0.0	3.3692900000000003	-2.09384	-2.58641	0.32587	
0	0.935818	0.35027800000000003	0.039366000000000005	0.0	-0.025458599999999998	-0.0442223	0.998697	0.0	0.351563	-0.935601	-0.0324665	0.0	-2.70241	-0.7903399999999999	-1.50758	0.263314	-0.7764340000000001	0.628458	-0.0467972	0.0	-0.0030156999999999996	-0.07796239999999999	-0.9969520000000001	0.0	-0.630191	-0.773926	0.062427699999999996	0.0	3.3609	-2.09547	-2.5888400000000003	0.327206	
0	0.942019	0.333131	0.040299800000000004	0.0	-0.0272281	-0.043816900000000006	0.998668	0.0	0.334453	-0.9418620000000001	-0.0322058	0.0	-2.69267	-0.774767	-1.55621	0.260331	-0.7660939999999999	0.640478	-0.0537425	0.0	-7.99298e-05	-0.08371110000000001	-0.99649	0.0	-0.642728	-0.763401	0.0641817	0.0	3.3632699999999995	-2.0989299999999997	-2.59049	0.32626700000000003	
0	0.9395049999999999	0.340447	0.0377569	0.0	-0.0330588	-0.0195923	0.9992610000000001	0.0	0.340935	-0.94006	-0.00715229	0.0	-2.78003	-0.737441	-1.70512	0.25348899999999996	-0.758627	0.6484979999999999	-0.06273200000000001	0.0	-0.00441286	-0.101397	-0.994836	0.0	-0.65151	-0.754433	0.0797843	0.0	3.39477	-2.13375	-2.59785	0.32650300000000004	
0	0.934824	0.354443	0.0217503	0.0	-0.0282797	0.0132513	0.9995120000000001	0.0	0.353982	-0.934984	0.0224111	0.0	-2.83323	-0.755101	-1.76968	0.233579	-0.754972	0.651357	-0.07584110000000001	0.0	-0.00030329799999999997	-0.11600099999999999	-0.9932489999999999	0.0	-0.6557569999999999	-0.7498520000000001	0.08777510000000001	0.0	3.4335699999999996	-2.1527700000000003	-2.59943	0.32632	
0	0.9359040000000001	0.352189	0.00684969	0.0	-0.0193679	0.0320329	0.9992989999999999	0.0	0.351722	-0.9353809999999999	0.036800900000000004	0.0	-2.84571	-0.7650819999999999	-1.78541	0.23098000000000002	-0.751166	0.654559	-0.08545739999999999	0.0	0.00270444	-0.126406	-0.991975	0.0	-0.660108	-0.745369	0.0931816	0.0	3.45594	-2.16177	-2.61345	0.327869	
0	0.9337620000000001	0.352906	-0.0595441	0.0	0.025844799999999998	0.0994485	0.994707	0.0	0.35696	-0.930359	0.0837405	0.0	-2.88365	-0.800447	-1.7549099999999997	0.23705199999999998	-0.75221	0.652698	-0.09036160000000001	0.0	0.00530875	-0.131128	-0.991351	0.0	-0.6589020000000001	-0.7461840000000001	0.09517039999999999	0.0	3.49631	-2.16991	-2.60471	0.328992	
0	0.935725	0.337113	-0.103797	0.0	0.057201300000000004	0.145347	0.987726	0.0	0.348062	-0.930177	0.116721	0.0	-2.9514400000000003	-0.838699	-1.6230799999999999	0.24132800000000001	-0.753668	0.650833	-0.091651	0.0	0.0081915	-0.130133	-0.9914629999999999	0.0	-0.657204	-0.747985	0.0927458	0.0	3.52555	-2.17065	-2.5945400000000003	0.331099	
0	0.937319	0.32595	-0.12324700000000001	0.0	0.0731105	0.161864	0.984101	0.0	0.340717	-0.931427	0.127888	0.0	-3.08359	-0.8468610000000001	-1.5028299999999999	0.275659	-0.7517119999999999	0.6527390000000001	-0.0941357	0.0	0.0104282	-0.130957	-0.991333	0.0	-0.65941	-0.746178	0.09163500000000001	0.0	3.5481	-2.1720099999999998	-2.59424	0.333276	
0	0.9340219999999999	0.330933	-0.134484	0.0	0.0782418	0.177809	0.98095	0.0	0.348541	-0.926751	0.140184	0.0	-3.12527	-0.8656229999999999	-1.40726	0.307665	-0.749033	0.655616	-0.0954854	0.0	0.00882259	-0.134239	-0.9909100000000001	0.0	-0.662474	-0.743066	0.0947647	0.0	3.5445900000000004	-2.17326	-2.57935	0.33602600000000005	
0	0.9330649999999999	0.330979	-0.14086600000000002	0.0	0.0788841	0.193799	0.977865	0.0	0.350952	-0.923523	0.154718	0.0	-3.1303799999999997	-0.891358	-1.31028	0.31274	-0.747894	0.656796	-0.0963018	0.0	0.00626561	-0.13808199999999998	-0.990401	0.0	-0.6637890000000001	-0.741318	0.099155	0.0	3.51234	-2.18082	-2.5159599999999998	0.338699	
0	0.931359	0.33374899999999996	-0.14554	0.0	0.08002100000000001	0.202322	0.976044	0.0	0.3552	-0.920694	0.161728	0.0	-3.1156099999999998	-0.912811	-1.2162	0.312325	-0.747849	0.657093	-0.0946105	0.0	0.00422597	-0.137799	-0.990451	0.0	-0.663856	-0.741107	0.100276	0.0	3.48075	-2.18497	-2.4746799999999998	0.339704	
0	0.930434	0.335497	-0.147423	0.0	0.0797361	0.20730900000000002	0.9750209999999999	0.0	0.35767899999999997	-0.918948	0.16613699999999998	0.0	-3.09042	-0.928475	-1.15475	0.31149699999999997	-0.750007	0.654551	-0.0951448	0.0	0.00562367	-0.137532	-0.990481	0.0	-0.661406	-0.7434029999999999	0.0994686	0.0	3.4691699999999996	-2.18309	-2.4645	0.339994	
0	0.927515	0.342902	-0.148776	0.0	0.07919739999999999	0.20870500000000003	0.974767	0.0	0.365299	-0.9158930000000001	0.16642	0.0	-3.0695	-0.9345899999999999	-1.14191	0.310283	-0.751116	0.6532319999999999	-0.0954602	0.0	0.00711492	-0.136581	-0.990604	0.0	-0.6601319999999999	-0.744737	0.09794019999999999	0.0	3.4761800000000003	-2.17959	-2.4789	0.339715	
0	0.921789	0.357976	-0.14885299999999999	0.0	0.07674199999999999	0.20786999999999997	0.975141	0.0	0.38001999999999997	-0.9102979999999999	0.164141	0.0	-2.98535	-0.9480069999999999	-1.14172	0.304446	-0.751195	0.652994	-0.09646160000000001	0.0	0.00860116	-0.13644	-0.990611	0.0	-0.6600239999999999	-0.7449720000000001	0.09687689999999999	0.0	3.50135	-2.17833	-2.49155	0.33981999999999996	
0	0.921876	0.35771	-0.148954	0.0	0.0761472	0.20967399999999997	0.9748020000000001	0.0	0.37992800000000004	-0.9099889999999999	0.166055	0.0	-2.93843	-0.9551850000000001	-1.14645	0.301712	-0.752603	0.651075	-0.09844119999999999	0.0	0.00973353	-0.138483	-0.990317	0.0	-0.658403	-0.746274	0.097885	0.0	3.50688	-2.17844	-2.4950900000000003	0.34006	
0	0.919488	0.363562	-0.14955	0.0	0.0765611	0.207527	0.9752290000000001	0.0	0.385592	-0.9081610000000001	0.162984	0.0	-2.931	-0.9551200000000001	-1.14374	0.303059	-0.753101	0.65042	-0.09896339999999999	0.0	0.0102319	-0.138825	-0.9902639999999999	0.0	-0.657826	-0.746781	0.09789389999999999	0.0	3.50916	-2.17755	-2.50549	0.3403	
0	0.9165639999999999	0.36990300000000004	-0.151929	0.0	0.0782804	0.20660900000000001	0.9752870000000001	0.0	0.392152	-0.905806	0.160414	0.0	-2.92699	-0.9575239999999999	-1.1268200000000002	0.305406	-0.753432	0.649941	-0.09958860000000001	0.0	0.0108051	-0.139201	-0.9902049999999999	0.0	-0.657438	-0.747128	0.0978555	0.0	3.5189800000000004	-2.17774	-2.50747	0.340068	
0	0.9132530000000001	0.376981	-0.154447	0.0	0.0794144	0.207103	0.9750909999999999	0.0	0.399577	-0.9027700000000001	0.1592	0.0	-2.92588	-0.960562	-1.1062	0.307386	-0.752946	0.6504800000000001	-0.0997378	0.0	0.010884399999999999	-0.139228	-0.990201	0.0	-0.657992	-0.746653	0.09775110000000001	0.0	3.5275199999999995	-2.18148	-2.48523	0.34016799999999997	
0	0.912508	0.37850500000000004	-0.155123	0.0	0.08029750000000001	0.20609699999999997	0.975231	0.0	0.4011	-0.9023620000000001	0.157672	0.0	-2.9222799999999998	-0.962269	-1.08894	0.308871	-0.7520439999999999	0.6516149999999999	-0.0991313	0.0	0.00988266	-0.139237	-0.99021	0.0	-0.659038	-0.745661	0.0982722	0.0	3.53375	-2.1851599999999998	-2.46346	0.340069	
0	0.911173	0.38106799999999996	-0.156686	0.0	0.0811567	0.20684299999999997	0.975002	0.0	0.403951	-0.9011120000000001	0.15754400000000002	0.0	-2.92633	-0.962501	-1.08595	0.309277	-0.750549	0.65353	-0.0978492	0.0	0.00834304	-0.13869	-0.990301	0.0	-0.660762	-0.7440859999999999	0.0986413	0.0	3.53499	-2.18762	-2.46371	0.339432	
0	0.909898	0.38361100000000004	-0.157885	0.0	0.0817195	0.207387	0.9748399999999999	0.0	0.406702	-0.899907	0.157353	0.0	-2.9262	-0.963469	-1.08013	0.309069	-0.748046	0.655999	-0.100462	0.0	0.00870377	-0.14166800000000002	-0.989876	0.0	-0.66359	-0.741347	0.10026399999999999	0.0	3.5371	-2.19119	-2.46713	0.339439	
0	0.909795	0.383818	-0.157975	0.0	0.081995	0.206905	0.9749190000000001	0.0	0.406877	-0.8999299999999999	0.15677	0.0	-2.92655	-0.964216	-1.07172	0.308643	-0.745185	0.659165	-0.100999	0.0	0.00816497	-0.142425	-0.989772	0.0	-0.666808	-0.738388	0.10075	0.0	3.5453699999999997	-2.19513	-2.48183	0.339121	
0	0.9091319999999999	0.385069	-0.158746	0.0	0.08273480000000001	0.20658400000000002	0.974925	0.0	0.408208	-0.8994690000000001	0.155953	0.0	-2.92637	-0.9639790000000001	-1.06958	0.308089	-0.746346	0.657654	-0.102272	0.0	0.00916374	-0.143495	-0.989609	0.0	-0.665496	-0.739527	0.10107000000000001	0.0	3.54241	-2.19611	-2.47879	0.339265	
0	0.908125	0.386743	-0.160434	0.0	0.08412539999999999	0.206823	0.9747549999999999	0.0	0.41016099999999994	-0.8986959999999999	0.15528599999999998	0.0	-2.92597	-0.9639969999999999	-1.06782	0.307923	-0.746975	0.656776	-0.103315	0.0	0.00990552	-0.14438399999999998	-0.9894719999999999	0.0	-0.664779	-0.7401340000000001	0.101345	0.0	3.54543	-2.19611	-2.47023	0.339459	
0	0.907698	0.386897	-0.162465	0.0	0.08511360000000001	0.20936799999999997	0.974126	0.0	0.410901	-0.89804	0.157112	0.0	-2.93378	-0.964676	-1.06471	0.30788699999999997	-0.742626	0.661044	-0.10736400000000001	0.0	0.0112682	-0.14795899999999998	-0.9889290000000001	0.0	-0.669612	-0.735615	0.10242899999999999	0.0	3.5628599999999997	-2.19807	-2.4856700000000003	0.33928200000000003	
0	0.9057299999999999	0.390131	-0.165687	0.0	0.0871917	0.21105	0.9735790000000001	0.0	0.41479099999999997	-0.8962459999999999	0.157138	0.0	-2.93328	-0.965831	-1.0638	0.30780100000000005	-0.741568	0.662043	-0.108516	0.0	0.011411899999999999	-0.149281	-0.9887290000000001	0.0	-0.6707810000000001	-0.734448	0.103147	0.0	3.57493	-2.2002200000000003	-2.49233	0.33947	
0	0.904998	0.391397	-0.166693	0.0	0.0876821	0.21181	0.9733700000000001	0.0	0.41628100000000007	-0.8955139999999999	0.157369	0.0	-2.93175	-0.9671270000000001	-1.05447	0.307483	-0.740251	0.663275	-0.109981	0.0	0.011292100000000001	-0.151293	-0.988425	0.0	-0.672236	-0.732924	0.104504	0.0	3.5827400000000003	-2.20142	-2.49708	0.339539	
0	0.904861	0.391646	-0.166852	0.0	0.08780700000000001	0.21180900000000003	0.973359	0.0	0.41655299999999995	-0.8954049999999999	0.15726800000000002	0.0	-2.93223	-0.967298	-1.05332	0.307606	-0.740187	0.663308	-0.11021199999999999	0.0	0.011398299999999998	-0.151507	-0.98839	0.0	-0.672305	-0.73285	0.104583	0.0	3.5848800000000005	-2.20175	-2.4966	0.339515	
0	0.904863	0.391642	-0.166854	0.0	0.0878086	0.211812	0.973358	0.0	0.41655	-0.8954059999999999	0.157271	0.0	-2.93223	-0.967297	-1.05335	0.307606	-0.740187	0.663309	-0.11020799999999999	0.0	0.0113986	-0.1515	-0.988392	0.0	-0.672305	-0.73285	0.104577	0.0	3.5847900000000004	-2.20175	-2.4966	0.339517	
0	0.904863	0.391642	-0.166854	0.0	0.0878086	0.211812	0.973358	0.0	0.41655	-0.8954059999999999	0.157271	0.0	-2.93223	-0.967297	-1.05335	0.307606	-0.740187	0.663309	-0.110207	0.0	0.0113986	-0.1515	-0.988392	0.0	-0.672305	-0.73285	0.104577	0.0	3.5847900000000004	-2.20175	-2.4966	0.339516	
0	0.904863	0.391642	-0.166855	0.0	0.0878087	0.211812	0.973358	0.0	0.41655	-0.8954059999999999	0.157271	0.0	-2.93223	-0.967297	-1.05335	0.307606	-0.740187	0.663309	-0.11020799999999999	0.0	0.0113986	-0.1515	-0.988392	0.0	-0.672305	-0.73285	0.104577	0.0	3.5847900000000004	-2.20175	-2.4966	0.339517	
0	0.904863	0.391642	-0.166854	0.0	0.0878086	0.211812	0.973358	0.0	0.41655	-0.8954059999999999	0.157271	0.0	-2.93223	-0.9672959999999999	-1.05335	0.307606	-0.740187	0.663309	-0.11020799999999999	0.0	0.0113985	-0.1515	-0.988392	0.0	-0.672305	-0.73285	0.104577	0.0	3.5847900000000004	-2.20175	-2.4966	0.339517	
0	0.904863	0.391642	-0.166855	0.0	0.0878087	0.211812	0.973358	0.0	0.41655	-0.8954059999999999	0.157271	0.0	-2.93223	-0.967297	-1.05335	0.307606	-0.740187	0.663309	-0.11020799999999999	0.0	0.0113985	-0.1515	-0.988392	0.0	-0.672305	-0.73285	0.104577	0.0	3.5847900000000004	-2.20175	-2.4966	0.339517	
0	0.904863	0.391642	-0.166855	0.0	0.0878087	0.211812	0.973358	0.0	0.41655	-0.8954059999999999	0.157271	0.0	-2.93223	-0.967297	-1.05335	0.307606	-0.740187	0.663309	-0.110207	0.0	0.0113985	-0.1515	-0.988392	0.0	-0.672305	-0.73285	0.104577	0.0	3.5847900000000004	-2.20175	-2.4966	0.339516	
0	0.904863	0.391642	-0.166855	0.0	0.0878087	0.211812	0.973358	0.0	0.41655	-0.8954059999999999	0.157271	0.0	-2.93223	-0.9672959999999999	-1.05335	0.307606	-0.740187	0.663309	-0.11020799999999999	0.0	0.0113985	-0.1515	-0.988392	0.0	-0.672305	-0.73285	0.104577	0.0	3.5847900000000004	-2.20175	-2.4966	0.339517	
0	0.904863	0.391642	-0.166854	0.0	0.0878086	0.211812	0.973358	0.0	0.41655	-0.8954059999999999	0.157271	0.0	-2.93223	-0.967297	-1.05335	0.307606	-0.740187	0.663309	-0.110207	0.0	0.0113986	-0.1515	-0.988392	0.0	-0.672305	-0.73285	0.104577	0.0	3.5847900000000004	-2.20175	-2.4966	0.339517	
0	0.904863	0.391642	-0.166854	0.0	0.0878086	0.211812	0.973358	0.0	0.41655	-0.8954059999999999	0.157271	0.0	-2.93223	-0.967297	-1.05335	0.307606	-0.740187	0.663308	-0.11020799999999999	0.0	0.0113986	-0.1515	-0.988392	0.0	-0.672305	-0.73285	0.104577	0.0	3.5847900000000004	-2.20175	-2.4966	0.339516	
0	0.904863	0.391642	-0.166854	0.0	0.0878086	0.211812	0.973358	0.0	0.41655	-0.8954059999999999	0.157271	0.0	-2.93223	-0.967297	-1.05335	0.307606	-0.740187	0.663309	-0.11020799999999999	0.0	0.0113986	-0.1515	-0.988392	0.0	-0.672305	-0.73285	0.104577	0.0	3.5847900000000004	-2.20175	-2.4966	0.339517	
0	0.904863	0.391642	-0.166854	0.0	0.0878086	0.211812	0.973358	0.0	0.41655	-0.8954059999999999	0.157271	0.0	-2.93223	-0.967297	-1.05335	0.307606	-0.740187	0.663309	-0.110207	0.0	0.0113986	-0.1515	-0.988392	0.0	-0.672305	-0.73285	0.104577	0.0	3.5847900000000004	-2.20175	-2.4966	0.339517	
0	0.904863	0.391642	-0.166855	0.0	0.0878087	0.211812	0.973358	0.0	0.41655	-0.8954059999999999	0.157271	0.0	-2.93223	-0.967297	-1.05335	0.307606	-0.740187	0.663309	-0.110207	0.0	0.0113986	-0.1515	-0.988392	0.0	-0.672305	-0.73285	0.104577	0.0	3.5847900000000004	-2.20175	-2.4966	0.339517	
0	0.904863	0.391642	-0.166854	0.0	0.0878086	0.211812	0.973358	0.0	0.41655	-0.8954059999999999	0.157271	0.0	-2.93223	-0.967297	-1.05335	0.307606	-0.740187	0.663309	-0.11020799999999999	0.0	0.0113986	-0.1515	-0.988392	0.0	-0.672305	-0.73285	0.104577	0.0	3.5847900000000004	-2.20175	-2.4966	0.339517	
0	0.904863	0.391642	-0.166855	0.0	0.0878087	0.211812	0.973358	0.0	0.41655	-0.8954059999999999	0.157271	0.0	-2.93223	-0.967297	-1.05335	0.307606	-0.740187	0.663309	-0.110207	0.0	0.0113986	-0.1515	-0.988392	0.0	-0.672305	-0.73285	0.104577	0.0	3.5847900000000004	-2.20175	-2.4966	0.339517	
0	0.904863	0.391642	-0.166854	0.0	0.0878086	0.211812	0.973358	0.0	0.41655	-0.8954059999999999	0.157271	0.0	-2.93223	-0.967297	-1.05335	0.307606	-0.740187	0.663309	-0.11020799999999999	0.0	0.0113986	-0.1515	-0.988392	0.0	-0.672305	-0.73285	0.104577	0.0	3.5847900000000004	-2.20175	-2.4966	0.339517	
0	0.904863	0.391642	-0.166854	0.0	0.0878086	0.211812	0.973358	0.0	0.41655	-0.8954059999999999	0.157271	0.0	-2.93223	-0.967297	-1.05335	0.307606	-0.740187	0.663309	-0.110207	0.0	0.0113986	-0.1515	-0.988392	0.0	-0.672305	-0.73285	0.104577	0.0	3.5847900000000004	-2.20175	-2.49661	0.339517	
0	0.904863	0.391642	-0.166855	0.0	0.0878087	0.211812	0.973358	0.0	0.41655	-0.8954059999999999	0.157271	0.0	-2.93223	-0.967297	-1.05335	0.307606	-0.740187	0.663309	-0.11020799999999999	0.0	0.0113986	-0.1515	-0.988392	0.0	-0.672305	-0.73285	0.104577	0.0	3.5847900000000004	-2.20175	-2.4966	0.339517	
0	0.904863	0.391642	-0.166854	0.0	0.0878086	0.211812	0.973358	0.0	0.41655	-0.8954059999999999	0.157271	0.0	-2.93223	-0.967297	-1.05335	0.307606	-0.740187	0.663309	-0.110207	0.0	0.0113986	-0.1515	-0.988392	0.0	-0.672305	-0.73285	0.104577	0.0	3.5847900000000004	-2.20175	-2.4966	0.339517	
0	0.904863	0.391642	-0.166854	0.0	0.0878086	0.211812	0.973358	0.0	0.41655	-0.8954059999999999	0.157271	0.0	-2.93223	-0.967297	-1.05335	0.307606	-0.740187	0.663309	-0.11020799999999999	0.0	0.0113986	-0.1515	-0.988392	0.0	-0.672305	-0.73285	0.104577	0.0	3.5847900000000004	-2.20175	-2.4966	0.339517	
0	0.904863	0.391642	-0.166854	0.0	0.0878086	0.211812	0.973358	0.0	0.41655	-0.8954059999999999	0.157271	0.0	-2.93223	-0.967297	-1.05335	0.307606	-0.740187	0.663308	-0.11020799999999999	0.0	0.0113986	-0.1515	-0.988392	0.0	-0.672305	-0.73285	0.104577	0.0	3.5847900000000004	-2.20175	-2.4966	0.339517	
0	0.904863	0.391642	-0.166854	0.0	0.0878086	0.211812	0.973358	0.0	0.41655	-0.8954059999999999	0.157271	0.0	-2.93223	-0.967297	-1.05335	0.307606	-0.740187	0.663309	-0.11020799999999999	0.0	0.0113986	-0.1515	-0.988392	0.0	-0.672305	-0.73285	0.104577	0.0	3.5847900000000004	-2.20175	-2.4966	0.339517	
0	0.904863	0.391642	-0.166854	0.0	0.0878086	0.211812	0.973358	0.0	0.41655	-0.8954059999999999	0.157271	0.0	-2.93223	-0.967297	-1.05335	0.307606	-0.740187	0.663309	-0.11020799999999999	0.0	0.0113986	-0.1515	-0.988392	0.0	-0.672305	-0.73285	0.104577	0.0	3.5847900000000004	-2.20175	-2.4966	0.339517	
0	0.904863	0.391642	-0.166855	0.0	0.0878087	0.211812	0.973358	0.0	0.41655	-0.8954059999999999	0.157271	0.0	-2.93223	-0.967297	-1.05335	0.307606	-0.740187	0.663309	-0.110207	0.0	0.0113986	-0.1515	-0.988392	0.0	-0.672305	-0.73285	0.104577	0.0	3.5847900000000004	-2.20175	-2.4966	0.339517	
0	0.904863	0.391642	-0.166854	0.0	0.0878086	0.211812	0.973358	0.0	0.41655	-0.8954059999999999	0.157271	0.0	-2.93223	-0.967297	-1.05335	0.307606	-0.740187	0.663309	-0.11020799999999999	0.0	0.0113986	-0.1515	-0.988392	0.0	-0.672305	-0.73285	0.104577	0.0	3.5847900000000004	-2.20175	-2.4966	0.339517	
0	0.904863	0.391642	-0.166855	0.0	0.0878087	0.211812	0.973358	0.0	0.41655	-0.8954059999999999	0.157271	0.0	-2.93223	-0.967297	-1.05335	0.307606	-0.740187	0.663309	-0.110207	0.0	0.0113986	-0.1515	-0.988392	0.0	-0.672305	-0.73285	0.104577	0.0	3.5847900000000004	-2.20175	-2.4966	0.339517	
0	0.886785	0.42707	-0.176701	0.0	0.0956673	0.204427	0.974196	0.0	0.452172	-0.880807	0.140426	0.0	-2.93675	-0.986309	-1.07784	0.314139	-0.718013	0.6842229999999999	-0.127656	0.0	0.037194599999999994	-0.145425	-0.98867	0.0	-0.6950350000000001	-0.714626	0.0789676	0.0	3.58149	-2.20854	-2.46086	0.34219	
0	0.59244	0.772703	-0.22791199999999998	0.0	0.22364499999999998	0.11403800000000001	0.9679770000000001	0.0	0.773949	-0.62444	-0.105251	0.0	-2.9386099999999997	-1.11824	-1.11214	0.320352	-0.35499899999999995	0.8953270000000001	-0.26900999999999997	0.0	0.348357	-0.140342	-0.926797	0.0	-0.867539	-0.42272299999999996	-0.26207199999999997	0.0	3.54789	-2.1992599999999998	-2.40382	0.34494400000000003	
0	0.639835	0.738016	-0.21434299999999998	0.0	0.20978000000000002	0.10059	0.9725600000000001	0.0	0.739326	-0.667243	-0.0904604	0.0	-2.92437	-1.1678600000000001	-1.1091600000000001	0.32013400000000003	-0.357416	0.894133	-0.269777	0.0	0.348354	-0.140382	-0.926791	0.0	-0.866547	-0.425228	-0.2613	0.0	3.54835	-2.19598	-2.38605	0.345107	
0	0.776514	0.608815	-0.162392	0.0	0.15621500000000002	0.0636674	0.985669	0.0	0.610429	-0.790754	-0.0456675	0.0	-2.8891299999999998	-1.33231	-1.01082	0.32086	-0.35555	0.894641	-0.27055799999999997	0.0	0.34828400000000004	-0.141807	-0.926601	0.0	-0.867343	-0.423684	-0.261169	0.0	3.55501	-2.1969	-2.3787599999999998	0.345283	
0	0.8373360000000001	0.5225069999999999	-0.16079200000000002	0.0	0.13989200000000002	0.0795379	0.986967	0.0	0.528487	-0.848917	-0.00649475	0.0	-2.88904	-1.47068	-1.01755	0.321162	-0.356575	0.893199	-0.273953	0.0	0.347488	-0.145397	-0.926343	0.0	-0.867241	-0.42550600000000005	-0.25853000000000004	0.0	3.5581400000000003	-2.1951400000000003	-2.37291	0.346411	
0	0.878526	0.457349	-0.137928	0.0	0.109118	0.08897139999999999	0.9900389999999999	0.0	0.46506499999999995	-0.884825	0.028258699999999998	0.0	-2.87722	-1.55722	-1.0197200000000002	0.321706	-0.35690900000000003	0.892961	-0.274294	0.0	0.344157	-0.147282	-0.9272879999999999	0.0	-0.868431	-0.425358	-0.254752	0.0	3.56319	-2.18058	-2.35928	0.346719	
0	0.906429	0.401906	-0.129838	0.0	0.09343489999999999	0.108983	0.989643	0.0	0.411894	-0.909172	0.06123330000000001	0.0	-2.85835	-1.63079	-0.980342	0.334093	-0.359176	0.891817	-0.275055	0.0	0.345092	-0.146922	-0.926998	0.0	-0.867124	-0.427875	-0.254988	0.0	3.5668599999999997	-2.1735900000000004	-2.35141	0.34755	
0	0.936989	0.329769	-0.115346	0.0	0.0789918	0.121637	0.9894270000000001	0.0	0.34031300000000003	-0.936193	0.08792319999999999	0.0	-2.85324	-1.6977799999999998	-0.984352	0.33111799999999997	-0.35337399999999997	0.894309	-0.27448	0.0	0.343677	-0.148784	-0.927227	0.0	-0.870065	-0.42199	-0.254777	0.0	3.57845	-2.1414400000000002	-2.33889	0.347492	
0	0.9594799999999999	0.2658	-0.09353639999999999	0.0	0.06491910000000001	0.1145	0.9913	0.0	0.27419699999999997	-0.957204	0.0926048	0.0	-2.86345	-1.76885	-1.05904	0.331878	-0.349206	0.895855	-0.27477199999999996	0.0	0.346597	-0.148949	-0.926113	0.0	-0.87059	-0.41863900000000004	-0.25848699999999997	0.0	3.58859	-2.11038	-2.3530599999999997	0.34760100000000005	
0	0.9714389999999999	0.22627600000000003	-0.0714468	0.0	0.046871699999999995	0.11218099999999999	0.992582	0.0	0.23261199999999999	-0.9675819999999999	0.098371	0.0	-2.8228400000000002	-1.83717	-1.1471200000000001	0.329379	-0.349047	0.896539	-0.272737	0.0	0.347352	-0.146531	-0.926216	0.0	-0.870352	-0.41802799999999996	-0.260268	0.0	3.59626	-2.1087599999999997	-2.36255	0.347481	
0	0.9728049999999999	0.221402	-0.0680516	0.0	0.04395569999999999	0.111999	0.9927360000000001	0.0	0.22741599999999998	-0.96873	0.09922160000000001	0.0	-2.81955	-1.84457	-1.1552799999999999	0.329176	-0.348634	0.896732	-0.272629	0.0	0.34806	-0.146208	-0.9260010000000001	0.0	-0.8702350000000001	-0.41772700000000007	-0.26114299999999996	0.0	3.59761	-2.1092400000000002	-2.36627	0.347427	
0	0.990287	0.137999	0.0169703	0.0	-0.027562200000000002	0.07520800000000001	0.9967870000000001	0.0	0.13627899999999998	-0.9875729999999999	0.0782811	0.0	-2.8325400000000003	-2.00088	-1.3679700000000001	0.314691	-0.327777	0.904157	-0.273976	0.0	0.355723	-0.150543	-0.9223870000000001	0.0	-0.8752280000000001	-0.39979699999999996	-0.272285	0.0	3.6337699999999997	-2.0468900000000003	-2.39223	0.34734299999999996	
0	0.988403	0.144842	0.0456149	0.0	-0.0581751	0.08369910000000001	0.994792	0.0	0.140269	-0.985908	0.0911547	0.0	-2.82537	-2.17119	-1.53057	0.314737	-0.317268	0.908573	-0.271727	0.0	0.35828000000000004	-0.150457	-0.9214110000000001	0.0	-0.8780530000000001	-0.38968800000000003	-0.277789	0.0	3.6484699999999997	-2.0055400000000003	-2.39235	0.346955	
0	0.982775	0.180357	0.0403066	0.0	-0.0620326	0.11649100000000001	0.991253	0.0	0.174084	-0.9766790000000001	0.125673	0.0	-2.8273599999999997	-2.25735	-1.57914	0.29570799999999997	-0.312218	0.910789	-0.27015500000000003	0.0	0.359408	-0.14999300000000002	-0.921047	0.0	-0.879401	-0.384664	-0.280514	0.0	3.6562699999999997	-1.9730900000000002	-2.39151	0.347073	
0	0.964096	0.263781	0.0306519	0.0	-0.0824156	0.18748299999999998	0.9788040000000001	0.0	0.252443	-0.9461870000000001	0.202491	0.0	-2.6606799999999997	-2.36782	-1.6469999999999998	0.30785300000000004	-0.293428	0.919341	-0.262131	0.0	0.353988	-0.150221	-0.923107	0.0	-0.888027	-0.363657	-0.281357	0.0	3.68394	-1.88295	-2.37297	0.34672	
0	0.954348	0.29869	-0.00191927	0.0	-0.0802706	0.262652	0.9615459999999999	0.0	0.287708	-0.9174959999999999	0.274638	0.0	-2.55627	-2.44196	-1.6459	0.325952	-0.286546	0.922434	-0.258856	0.0	0.34660799999999997	-0.15207400000000001	-0.925601	0.0	-0.8931709999999999	-0.35494899999999996	-0.276147	0.0	3.6837199999999997	-1.84153	-2.35565	0.347762	
