3	0.593133	0.516197	-0.617846	0.0	0.686851	0.0759361	0.72282	0.0	0.42003500000000005	-0.8530969999999999	-0.30951100000000004	0.0	-2.73968	2.0	1.46191	0.0	-0.593132	0.516197	-0.617846	0.0	0.749997	0.075223	-0.65715	0.0	-0.292743	-0.85316	-0.431763	0.0	2.66032	2.0	1.53809	0.0	
3	0.593133	0.516197	-0.617846	0.0	0.686813	0.0760133	0.7228479999999999	0.0	0.420097	-0.85309	-0.30944499999999997	0.0	-2.73968	2.0	1.46191	0.0	-0.288559	0.8207059999999999	-0.49312799999999996	0.0	0.444021	-0.3416	-0.8283440000000001	0.0	-0.8482799999999999	-0.45798599999999995	-0.265839	0.0	2.62036	2.0464700000000002	1.54376	-6.63474e-06	
3	0.08461619999999999	0.92504	-0.37032600000000004	0.0	0.120305	0.359455	0.925375	0.0	0.989124	-0.12285399999999999	-0.0808714	0.0	-2.97923	2.04914	1.28175	0.0	-0.157634	0.9609540000000001	-0.22741999999999998	0.0	0.281303	-0.177061	-0.9431430000000001	0.0	-0.946584	-0.21264499999999997	-0.242409	0.0	2.76655	2.1774	1.17707	0.0	
3	0.0820432	0.9714370000000001	-0.222662	0.0	0.183194	0.204909	0.961484	0.0	0.979648	-0.119674	-0.16115	0.0	-3.04053	2.23654	1.1321	0.175922	-0.137097	0.964664	-0.22500900000000001	0.0	0.253722	-0.185378	-0.9493469999999999	0.0	-0.957512	-0.18724200000000002	-0.219342	0.0	2.77805	2.31672	1.14225	0.0176593	
3	0.20385	0.975884	-0.0780724	0.0	0.213675	0.0334741	0.976331	0.0	0.9554	-0.215707	-0.201698	0.0	-3.04098	2.28183	1.05623	0.347143	-0.180124	0.973153	-0.143278	0.0	0.30066	-0.0842203	-0.9500059999999999	0.0	-0.9365680000000001	-0.21419699999999997	-0.277418	0.0	2.78297	2.35469	1.0437100000000001	0.24837399999999998	
3	0.368504	0.928847	0.038045300000000004	0.0	0.22810300000000003	-0.130019	0.964917	0.0	0.901207	-0.34689699999999996	-0.259785	0.0	-3.02903	2.25739	1.03225	0.344985	-0.263995	0.963917	-0.0342142	0.0	0.30525399999999997	0.0498475	-0.950966	0.0	-0.9149459999999999	-0.261494	-0.307399	0.0	2.75345	2.309	0.915341	0.350786	
3	0.539133	0.8318	0.132078	0.0	0.192617	-0.274441	0.9421149999999999	0.0	0.8198989999999999	-0.48248500000000005	-0.308179	0.0	-3.11346	2.17726	0.940258	0.344643	-0.398516	0.9157549999999999	0.0507718	0.0	0.265152	0.168028	-0.9494530000000001	0.0	-0.877998	-0.36491	-0.309776	0.0	2.69509	2.17834	0.859844	0.346143	
3	0.662341	0.7328020000000001	0.155905	0.0	0.15144200000000002	-0.334752	0.930057	0.0	0.733737	-0.592404	-0.33269699999999996	0.0	-3.1686400000000003	2.01651	0.851175	0.34262800000000004	-0.535935	0.841405	0.06936360000000001	0.0	0.251365	0.237459	-0.938312	0.0	-0.805972	-0.48543800000000004	-0.338762	0.0	2.66975	1.9472900000000002	0.6636380000000001	0.34232399999999996	
3	0.7433850000000001	0.6466	0.17113499999999998	0.0	0.10094299999999999	-0.36138400000000004	0.9269370000000001	0.0	0.661203	-0.671796	-0.333918	0.0	-3.14854	1.9366	0.77974	0.342242	-0.650609	0.758655	0.0339347	0.0	0.22730300000000003	0.23717800000000003	-0.9445	0.0	-0.724598	-0.6067859999999999	-0.326754	0.0	2.61904	1.6944700000000001	0.46597299999999997	0.335577	
3	0.830364	0.545509	0.113642	0.0	0.0931519	-0.33697	0.936896	0.0	0.549379	-0.767379	-0.330623	0.0	-3.11139	1.8104200000000001	0.70539	0.34262600000000004	-0.765084	0.642803	-0.0380944	0.0	0.21540399999999998	0.199731	-0.955881	0.0	-0.606835	-0.739535	-0.291274	0.0	2.58635	1.29326	0.22731700000000002	0.331486	
3	0.8893559999999999	0.45361999999999997	0.0572202	0.0	0.10461300000000001	-0.32372	0.9403520000000001	0.0	0.445086	-0.8303219999999999	-0.335357	0.0	-3.13293	1.59909	0.5370520000000001	0.320846	-0.8548950000000001	0.518608	-0.0141599	0.0	0.158525	0.235136	-0.9589479999999999	0.0	-0.493989	-0.822045	-0.283229	0.0	2.5984	0.827883	-0.09394960000000001	0.328254	
3	0.910767	0.40781999999999996	0.0646987	0.0	0.0680668	-0.302821	0.950614	0.0	0.407271	-0.861384	-0.303558	0.0	-3.07838	1.38242	0.38494	0.306788	-0.8787959999999999	0.477095	0.0099528	0.0	0.113879	0.229925	-0.9665229999999999	0.0	-0.46341099999999996	-0.848242	-0.256388	0.0	2.5918400000000004	0.557036	-0.363964	0.32756	
3	0.9172030000000001	0.388716	0.0873956	0.0	0.036518	-0.300454	0.953097	0.0	0.396742	-0.870993	-0.289772	0.0	-2.97914	1.23147	0.204594	0.28836	-0.8883790000000001	0.45839799999999997	0.025586599999999998	0.0	0.0856125	0.220156	-0.971701	0.0	-0.451059	-0.8610479999999999	-0.23482600000000003	0.0	2.5183299999999997	0.431209	-0.5836979999999999	0.322372	
3	0.9218860000000001	0.373639	0.102565	0.0	0.0160865	-0.301392	0.953365	0.0	0.387126	-0.877244	-0.28386	0.0	-2.8957	1.13532	0.11210899999999999	0.286929	-0.89602	0.442172	0.040389	0.0	0.06205599999999999	0.214781	-0.9746889999999999	0.0	-0.439655	-0.870835	-0.219887	0.0	2.47135	0.39221100000000003	-0.6543770000000001	0.3227	
3	0.9333459999999999	0.322927	0.15679400000000002	0.0	-0.051409	-0.312035	0.948679	0.0	0.355279	-0.8935059999999999	-0.274635	0.0	-2.7387	0.8285680000000001	-0.113955	0.280835	-0.905495	0.42021800000000004	0.059136	0.0	0.0167595	0.17465799999999998	-0.9844870000000001	0.0	-0.42402700000000004	-0.8904559999999999	-0.165194	0.0	2.3514	0.232675	-0.7985220000000001	0.325777	
3	0.943161	0.280016	0.17899500000000002	0.0	-0.100091	-0.274253	0.956435	0.0	0.316907	-0.9199870000000001	-0.23063699999999998	0.0	-2.6960900000000003	0.510275	-0.34607	0.280895	-0.9066110000000001	0.41813599999999995	0.0567485	0.0	0.0094661	0.154604	-0.987931	0.0	-0.421863	-0.8951309999999999	-0.144124	0.0	2.31222	0.14188	-0.8826440000000001	0.329006	
3	0.940047	0.27675700000000003	0.199291	0.0	-0.12600799999999998	-0.261151	0.9570379999999999	0.0	0.31691199999999997	-0.924773	-0.210621	0.0	-2.74153	0.22741	-0.57815	0.282267	-0.906982	0.41685	0.0601599	0.0	0.00272898	0.148654	-0.988886	0.0	-0.42116000000000003	-0.8967379999999999	-0.135964	0.0	2.2718599999999998	0.131945	-0.8918969999999999	0.32909299999999997	
3	0.940235	0.270978	0.206225	0.0	-0.138658	-0.248469	0.958664	0.0	0.311017	-0.9299649999999999	-0.196046	0.0	-2.7503	0.029752099999999997	-0.725197	0.282225	-0.907166	0.41645600000000005	0.0601264	0.0	0.00171039	0.146543	-0.989203	0.0	-0.42077	-0.8972680000000001	-0.133651	0.0	2.2387099999999998	0.15571500000000002	-0.869318	0.329115	
3	0.9298280000000001	0.28876799999999997	0.228107	0.0	-0.163625	-0.230789	0.959147	0.0	0.329615	-0.9291659999999999	-0.167345	0.0	-2.7854	-0.12396800000000001	-0.8614219999999999	0.279501	-0.9027209999999999	0.42445	0.07026589999999999	0.0	-0.00666943	0.149497	-0.98874	0.0	-0.430175	-0.893025	-0.132124	0.0	2.23748	0.173748	-0.857466	0.32917399999999997	
3	0.8939360000000001	0.339512	0.292591	0.0	-0.257659	-0.144872	0.955314	0.0	0.36672899999999997	-0.929378	-0.0420277	0.0	-2.76563	-0.329504	-0.9326479999999999	0.24716100000000002	-0.895963	0.43697600000000003	0.07938610000000001	0.0	-0.010937	0.15698299999999998	-0.987541	0.0	-0.44399399999999994	-0.885668	-0.135872	0.0	2.24783	0.14211	-0.8949280000000001	0.32957800000000004	
3	0.825369	0.47277600000000003	0.308625	0.0	-0.34465100000000004	-0.0110641	0.938666	0.0	0.447193	-0.8811129999999999	0.153811	0.0	-2.66762	-0.5506989999999999	-0.79887	0.250838	-0.883452	0.460391	0.08690969999999999	0.0	-0.0171162	0.153659	-0.9879760000000001	0.0	-0.46820900000000004	-0.874317	-0.127871	0.0	2.2602700000000002	0.110418	-0.913529	0.333075	
3	0.8221620000000001	0.48061899999999996	0.30505	0.0	-0.35940900000000003	0.0226989	0.9329040000000001	0.0	0.44144700000000003	-0.876635	0.191401	0.0	-2.61328	-0.628063	-0.689177	0.261594	-0.878691	0.469495	0.08647089999999999	0.0	-0.015393500000000001	0.153173	-0.98808	0.0	-0.47714300000000004	-0.869547	-0.127365	0.0	2.26168	0.108503	-0.908768	0.33884699999999995	
3	0.831839	0.49922700000000003	0.24252100000000001	0.0	-0.352059	0.13681	0.925925	0.0	0.429068	-0.8556020000000001	0.289561	0.0	-2.7318599999999997	-0.804504	-0.540796	0.290075	-0.8716200000000001	0.48260600000000003	0.08584580000000001	0.0	-0.0119566	0.154146	-0.9879760000000001	0.0	-0.49003599999999997	-0.862166	-0.12858699999999998	0.0	2.2666	0.12390899999999999	-0.888633	0.344698	
3	0.833457	0.503117	0.228523	0.0	-0.348508	0.157662	0.923951	0.0	0.42882600000000004	-0.849715	0.306744	0.0	-2.76664	-0.8230430000000001	-0.531774	0.29165100000000005	-0.8670180000000001	0.49082600000000004	0.08584789999999999	0.0	-0.0096792	0.155667	-0.987762	0.0	-0.498183	-0.857239	-0.130215	0.0	2.27359	0.136348	-0.887289	0.34587199999999996	
3	0.837917	0.500096	0.21863000000000002	0.0	-0.352932	0.190903	0.915967	0.0	0.41633400000000004	-0.844666	0.336461	0.0	-2.82418	-0.8510200000000001	-0.49943699999999996	0.30228499999999997	-0.8556889999999999	0.5105109999999999	0.0847051	0.0	-0.00506586	0.15541300000000002	-0.9878370000000001	0.0	-0.517466	-0.8457100000000001	-0.130399	0.0	2.29101	0.181402	-0.8501549999999999	0.34830300000000003	
3	0.853434	0.47908599999999996	0.205249	0.0	-0.345512	0.22520199999999999	0.910992	0.0	0.390221	-0.8483870000000001	0.357725	0.0	-2.83763	-0.864958	-0.48676	0.307203	-0.8539040000000001	0.513171	0.08662669999999999	0.0	-0.00644934	0.156005	-0.987735	0.0	-0.520392	-0.843989	-0.129903	0.0	2.29292	0.186375	-0.839037	0.350722	
3	0.8782409999999999	0.43143000000000004	0.2063	0.0	-0.33153	0.23838499999999999	0.912831	0.0	0.344644	-0.870081	0.352391	0.0	-2.85475	-0.860878	-0.48573500000000003	0.307897	-0.850059	0.519903	0.0842734	0.0	-0.00268066	0.15573299999999998	-0.9877959999999999	0.0	-0.526682	-0.83991	-0.13098900000000002	0.0	2.30008	0.18945399999999998	-0.825341	0.352358	
3	0.8986649999999999	0.376375	0.225264	0.0	-0.320842	0.213838	0.9226780000000001	0.0	0.299103	-0.901452	0.31292600000000004	0.0	-2.87372	-0.8326040000000001	-0.499021	0.30686399999999997	-0.8478049999999999	0.524262	0.079855	0.0	0.00165248	0.153193	-0.988195	0.0	-0.530306	-0.837664	-0.130744	0.0	2.31128	0.156674	-0.8514219999999999	0.35339299999999996	
3	0.9074180000000001	0.34679	0.237339	0.0	-0.31602800000000003	0.190892	0.9293469999999999	0.0	0.276982	-0.9183120000000001	0.282814	0.0	-2.87379	-0.8103819999999999	-0.517645	0.30730799999999997	-0.8469549999999999	0.5262680000000001	0.0755655	0.0	0.00613981	0.151802	-0.988392	0.0	-0.53163	-0.836659	-0.131801	0.0	2.3394	0.137204	-0.8604219999999999	0.354164	
3	0.907467	0.298321	0.29581799999999997	0.0	-0.344531	0.12548900000000002	0.93035	0.0	0.240421	-0.9461799999999999	0.216658	0.0	-2.82796	-0.764501	-0.510464	0.308084	-0.838533	0.541107	0.06376140000000001	0.0	0.0195607	0.146847	-0.988966	0.0	-0.5445	-0.828033	-0.133721	0.0	2.39921	0.159383	-0.832435	0.355698	
3	0.8845559999999999	0.280837	0.372413	0.0	-0.3898	0.00660127	0.920876	0.0	0.256158	-0.959733	0.115309	0.0	-2.7351799999999997	-0.697171	-0.498697	0.308096	-0.829608	0.555888	0.0523447	0.0	0.0362211	0.14713299999999999	-0.988453	0.0	-0.557171	-0.818133	-0.142198	0.0	2.4736599999999997	0.180286	-0.831433	0.356277	
3	0.869617	0.28987199999999996	0.399675	0.0	-0.404819	-0.0447959	0.913299	0.0	0.282644	-0.956016	0.0783905	0.0	-2.65748	-0.645641	-0.532887	0.30756300000000003	-0.817181	0.574757	0.0432369	0.0	0.050199400000000005	0.1457	-0.9880540000000001	0.0	-0.574191	-0.805249	-0.14791600000000002	0.0	2.5788900000000003	0.18978599999999998	-0.849492	0.356772	
3	0.84446	0.300987	0.44305200000000006	0.0	-0.41806400000000005	-0.1467	0.896494	0.0	0.334829	-0.942277	0.00194975	0.0	-2.6896299999999997	-0.569109	-0.553462	0.305165	-0.801281	0.597766	0.0250047	0.0	0.08071619999999999	0.149419	-0.985474	0.0	-0.592819	-0.787623	-0.167976	0.0	2.71069	0.183569	-0.887984	0.35720999999999997	
3	0.8356129999999999	0.311366	0.45255	0.0	-0.39060700000000004	-0.242459	0.8880540000000001	0.0	0.386235	-0.918839	-0.0809803	0.0	-2.70505	-0.506145	-0.6242939999999999	0.30355	-0.791276	0.611031	0.0228996	0.0	0.0988444	0.16478099999999998	-0.9813649999999999	0.0	-0.603417	-0.774267	-0.19078399999999998	0.0	2.80614	0.144966	-0.9483860000000001	0.356902	
3	0.8337459999999999	0.318673	0.450905	0.0	-0.38771300000000003	-0.243544	0.8890239999999999	0.0	0.393123	-0.916042	-0.07949980000000001	0.0	-2.67867	-0.512163	-0.6412800000000001	0.300227	-0.777609	0.628029	0.030050099999999996	0.0	0.0936164	0.162909	-0.98219	0.0	-0.621739	-0.760947	-0.185474	0.0	2.7916	0.066924	-0.966248	0.35685700000000004	
3	0.83609	0.316357	0.448187	0.0	-0.38762199999999997	-0.23744899999999997	0.8907120000000001	0.0	0.388204	-0.918442	-0.0759014	0.0	-2.6444900000000002	-0.516654	-0.638281	0.297029	-0.772247	0.6348729999999999	0.0238907	0.0	0.09643560000000001	0.154305	-0.9833059999999999	0.0	-0.627961	-0.757051	-0.180386	0.0	2.7446900000000003	0.0633078	-0.88769	0.356018	
3	0.841532	0.31035300000000005	0.44216000000000005	0.0	-0.380423	-0.24065999999999999	0.892951	0.0	0.38354099999999997	-0.9196540000000001	-0.084458	0.0	-2.67065	-0.506015	-0.631131	0.29575	-0.758958	0.65059	0.026750599999999996	0.0	0.09418939999999999	0.150344	-0.984137	0.0	-0.644291	-0.744399	-0.17538299999999998	0.0	2.72798	0.0652943	-0.8554299999999999	0.355323	
3	0.84235	0.314459	0.43767799999999996	0.0	-0.373618	-0.24455100000000002	0.8947649999999999	0.0	0.388401	-0.9172299999999999	-0.0885103	0.0	-2.71077	-0.4976	-0.629907	0.29599899999999996	-0.745343	0.6661	0.027844499999999998	0.0	0.0904267	0.14238699999999999	-0.9856719999999999	0.0	-0.660521	-0.7321449999999999	-0.16636099999999998	0.0	2.70458	0.034626800000000006	-0.797078	0.355529	
3	0.840981	0.314609	0.440196	0.0	-0.37456999999999996	-0.24857100000000001	0.893258	0.0	0.390447	-0.9160969999999999	-0.0912002	0.0	-2.71715	-0.495216	-0.623829	0.29597399999999996	-0.746362	0.665081	0.0247203	0.0	0.0831175	0.129999	-0.988024	0.0	-0.66033	-0.7353689999999999	-0.152306	0.0	2.6971	-0.042488599999999994	-0.780543	0.355448	
3	0.8406049999999999	0.323979	0.434076	0.0	-0.366842	-0.24909	0.896315	0.0	0.398511	-0.912684	-0.09053689999999999	0.0	-2.69108	-0.498579	-0.635314	0.29441799999999996	-0.744466	0.667166	0.0257015	0.0	0.0695423	0.11577	-0.9908389999999999	0.0	-0.664029	-0.735858	-0.132583	0.0	2.67746	-0.113702	-0.747138	0.355695	
3	0.8403520000000001	0.31866	0.43848000000000004	0.0	-0.370529	-0.252714	0.8937809999999999	0.0	0.395623	-0.91356	-0.09429589999999999	0.0	-2.6798	-0.49689300000000003	-0.632591	0.294392	-0.745276	0.666237	0.026308299999999996	0.0	0.070918	0.118441	-0.990425	0.0	-0.662974	-0.736275	-0.13552	0.0	2.65414	-0.155808	-0.735662	0.355523	
3	0.8404149999999999	0.318998	0.43811400000000006	0.0	-0.369665	-0.253722	0.8938530000000001	0.0	0.396296	-0.913162	-0.09530930000000001	0.0	-2.67922	-0.496229	-0.6340859999999999	0.293844	-0.745442	0.666064	0.025983299999999997	0.0	0.07171010000000001	0.11888800000000001	-0.990315	0.0	-0.662702	-0.736359	-0.136388	0.0	2.64545	-0.168748	-0.7460359999999999	0.35533200000000004	
3	0.8411569999999999	0.319358	0.436424	0.0	-0.367841	-0.253693	0.8946129999999999	0.0	0.39642	-0.9130450000000001	-0.09592289999999999	0.0	-2.68502	-0.49586899999999995	-0.631505	0.293475	-0.7428739999999999	0.668883	0.027078700000000004	0.0	0.07098789999999999	0.118934	-0.990361	0.0	-0.665656	-0.733792	-0.13583599999999998	0.0	2.64859	-0.18343099999999998	-0.741931	0.355068	
3	0.841678	0.323826	0.432105	0.0	-0.363134	-0.252803	0.8967860000000001	0.0	0.39963899999999997	-0.911717	-0.0951863	0.0	-2.6798	-0.49655299999999997	-0.635991	0.293247	-0.738625	0.6735869999999999	0.026712700000000002	0.0	0.06946310000000001	0.11546600000000001	-0.9908799999999999	0.0	-0.670528	-0.730033	-0.132075	0.0	2.6467400000000003	-0.193687	-0.729426	0.354997	
3	0.8424200000000001	0.322772	0.431447	0.0	-0.362071	-0.2539	0.896906	0.0	0.39904	-0.9117860000000001	-0.097024	0.0	-2.67644	-0.495386	-0.636947	0.293172	-0.736761	0.6756270000000001	0.026678300000000002	0.0	0.0687807	0.114139	-0.991081	0.0	-0.672646	-0.728354	-0.130563	0.0	2.64066	-0.19992000000000001	-0.724454	0.354722	
3	0.8453649999999999	0.324218	0.424548	0.0	-0.354482	-0.254077	0.899882	0.0	0.39962600000000004	-0.911223	-0.0998585	0.0	-2.6636	-0.483625	-0.615272	0.29291999999999996	-0.735174	0.677435	0.0245108	0.0	0.0659406	0.107454	-0.9920209999999999	0.0	-0.674664	-0.727692	-0.123668	0.0	2.63735	-0.23400100000000001	-0.721727	0.354329	
3	0.846167	0.32364699999999996	0.42338400000000004	0.0	-0.353099	-0.25455900000000004	0.9002889999999999	0.0	0.399152	-0.911291	-0.10112	0.0	-2.67593	-0.47725200000000007	-0.611143	0.293022	-0.7353970000000001	0.677266	0.022405	0.0	0.0659752	0.104466	-0.9923379999999999	0.0	-0.674417	-0.728284	-0.12150699999999999	0.0	2.63984	-0.246522	-0.7024600000000001	0.354206	
3	0.846673	0.321368	0.424109	0.0	-0.353877	-0.255161	0.899813	0.0	0.397387	-0.9119299999999999	-0.102313	0.0	-2.68174	-0.474533	-0.595075	0.29340900000000003	-0.733919	0.678896	0.0215485	0.0	0.0649796	0.101754	-0.992685	0.0	-0.676122	-0.72715	-0.11879400000000001	0.0	2.63956	-0.269181	-0.7065279999999999	0.353487	
3	0.8469770000000001	0.320324	0.424291	0.0	-0.35386999999999996	-0.25590999999999997	0.8996040000000001	0.0	0.39674499999999996	-0.9120870000000001	-0.103397	0.0	-2.6885	-0.472884	-0.584083	0.293373	-0.733684	0.679198	0.019931400000000002	0.0	0.0623697	0.09652410000000002	-0.993375	0.0	-0.6766220000000001	-0.72758	-0.11317999999999999	0.0	2.64111	-0.288083	-0.697597	0.353601	
3	0.8472860000000001	0.320183	0.42378000000000005	0.0	-0.353221	-0.256193	0.8997780000000001	0.0	0.396663	-0.912057	-0.103974	0.0	-2.69224	-0.472472	-0.585515	0.293476	-0.7339859999999999	0.678887	0.0194204	0.0	0.061301	0.09469989999999999	-0.993617	0.0	-0.676393	-0.72811	-0.111125	0.0	2.64275	-0.29835300000000003	-0.69681	0.353589	
3	0.8472639999999999	0.320213	0.42380200000000007	0.0	-0.353277	-0.256108	0.8997799999999999	0.0	0.39666	-0.912071	-0.103867	0.0	-2.69318	-0.472444	-0.5841930000000001	0.29346	-0.733974	0.678901	0.0194104	0.0	0.06137530000000001	0.09476219999999999	-0.993606	0.0	-0.676399	-0.728089	-0.111221	0.0	2.64322	-0.298039	-0.698551	0.353593	
3	0.8472639999999999	0.320213	0.42380200000000007	0.0	-0.35327800000000004	-0.25610700000000003	0.8997799999999999	0.0	0.39666	-0.912071	-0.10386600000000001	0.0	-2.6931599999999998	-0.472445	-0.584198	0.293461	-0.733973	0.678901	0.0194114	0.0	0.06137530000000001	0.09476339999999998	-0.993606	0.0	-0.6764	-0.728089	-0.111222	0.0	2.64321	-0.29802199999999995	-0.698545	0.353593	
3	0.8472639999999999	0.320213	0.42380200000000007	0.0	-0.35327800000000004	-0.25610700000000003	0.8997799999999999	0.0	0.39666	-0.912071	-0.10386600000000001	0.0	-2.6931599999999998	-0.472445	-0.584199	0.293461	-0.733973	0.678901	0.0194114	0.0	0.06137530000000001	0.09476339999999998	-0.993606	0.0	-0.6764	-0.728089	-0.111222	0.0	2.64321	-0.29802199999999995	-0.698545	0.353593	
3	0.8472639999999999	0.320213	0.42380200000000007	0.0	-0.35327800000000004	-0.25610700000000003	0.8997799999999999	0.0	0.39666	-0.912071	-0.10386600000000001	0.0	-2.6931599999999998	-0.472445	-0.584199	0.293461	-0.733973	0.678901	0.0194114	0.0	0.06137530000000001	0.09476339999999998	-0.993606	0.0	-0.6764	-0.728089	-0.111222	0.0	2.64321	-0.29802199999999995	-0.698545	0.353593	
3	0.8472639999999999	0.320213	0.42380200000000007	0.0	-0.35327800000000004	-0.25610700000000003	0.8997799999999999	0.0	0.39666	-0.912071	-0.10386600000000001	0.0	-2.6931599999999998	-0.472445	-0.584199	0.29346	-0.733973	0.678901	0.0194114	0.0	0.06137530000000001	0.09476339999999998	-0.993606	0.0	-0.6764	-0.728089	-0.111222	0.0	2.64321	-0.29802199999999995	-0.698545	0.353593	
3	0.8472639999999999	0.320213	0.42380200000000007	0.0	-0.35327800000000004	-0.25610700000000003	0.8997799999999999	0.0	0.39666	-0.912071	-0.10386600000000001	0.0	-2.6931599999999998	-0.472445	-0.584199	0.29346	-0.733973	0.678901	0.0194114	0.0	0.06137530000000001	0.09476339999999998	-0.993606	0.0	-0.6764	-0.728089	-0.111222	0.0	2.64321	-0.29802199999999995	-0.698545	0.353593	
3	0.8472639999999999	0.320213	0.42380200000000007	0.0	-0.35327800000000004	-0.25610700000000003	0.8997799999999999	0.0	0.39666	-0.912071	-0.10386600000000001	0.0	-2.6931599999999998	-0.472445	-0.584199	0.29346	-0.733973	0.678901	0.0194114	0.0	0.06137530000000001	0.09476339999999998	-0.993606	0.0	-0.6764	-0.728089	-0.111222	0.0	2.64321	-0.29802199999999995	-0.698545	0.353593	
3	0.8472639999999999	0.320213	0.42380200000000007	0.0	-0.35327800000000004	-0.25610700000000003	0.8997799999999999	0.0	0.39666	-0.912071	-0.10386600000000001	0.0	-2.6931599999999998	-0.472445	-0.584199	0.293461	-0.733973	0.678901	0.0194114	0.0	0.06137530000000001	0.09476339999999998	-0.993606	0.0	-0.6764	-0.728089	-0.111222	0.0	2.64321	-0.29802199999999995	-0.698545	0.353593	
3	0.8472639999999999	0.320213	0.42380200000000007	0.0	-0.35327800000000004	-0.25610700000000003	0.8997799999999999	0.0	0.39666	-0.912071	-0.10386600000000001	0.0	-2.6931599999999998	-0.472445	-0.584199	0.29346	-0.733973	0.678901	0.0194114	0.0	0.06137530000000001	0.09476339999999998	-0.993606	0.0	-0.6764	-0.728089	-0.111222	0.0	2.64321	-0.29802199999999995	-0.698545	0.353593	
3	0.8472639999999999	0.320213	0.42380200000000007	0.0	-0.35327800000000004	-0.25610700000000003	0.8997799999999999	0.0	0.39666	-0.912071	-0.10386600000000001	0.0	-2.6931599999999998	-0.472445	-0.584199	0.293461	-0.733973	0.678901	0.0194114	0.0	0.06137530000000001	0.09476339999999998	-0.993606	0.0	-0.6764	-0.728089	-0.111222	0.0	2.64321	-0.29802199999999995	-0.698545	0.353593	
3	0.8472639999999999	0.320213	0.42380200000000007	0.0	-0.35327800000000004	-0.25610700000000003	0.8997799999999999	0.0	0.39666	-0.912071	-0.10386600000000001	0.0	-2.6931599999999998	-0.472445	-0.584199	0.293461	-0.733973	0.678901	0.0194114	0.0	0.0613752	0.09476339999999998	-0.993606	0.0	-0.6764	-0.728089	-0.111222	0.0	2.64321	-0.29802199999999995	-0.698545	0.353593	
3	0.8472639999999999	0.320213	0.42380200000000007	0.0	-0.35327800000000004	-0.25610700000000003	0.8997799999999999	0.0	0.39666	-0.912071	-0.10386600000000001	0.0	-2.6931599999999998	-0.472445	-0.584199	0.29346	-0.733973	0.678901	0.0194114	0.0	0.06137530000000001	0.09476339999999998	-0.993606	0.0	-0.6764	-0.728089	-0.111222	0.0	2.64321	-0.29802199999999995	-0.698545	0.353593	
3	0.8472639999999999	0.320213	0.42380200000000007	0.0	-0.35327800000000004	-0.25610700000000003	0.8997799999999999	0.0	0.39666	-0.912071	-0.10386600000000001	0.0	-2.6931599999999998	-0.472445	-0.584199	0.293461	-0.733973	0.678901	0.0194114	0.0	0.0613752	0.09476339999999998	-0.993606	0.0	-0.6764	-0.728089	-0.111222	0.0	2.64321	-0.29802199999999995	-0.698545	0.353593	
3	0.8472639999999999	0.320213	0.42380200000000007	0.0	-0.35327800000000004	-0.25610700000000003	0.8997799999999999	0.0	0.39666	-0.912071	-0.10386600000000001	0.0	-2.6931599999999998	-0.472445	-0.584199	0.293461	-0.733973	0.678901	0.0194114	0.0	0.06137530000000001	0.09476339999999998	-0.993606	0.0	-0.6764	-0.728089	-0.111222	0.0	2.64321	-0.29802199999999995	-0.698545	0.353593	
3	0.8472639999999999	0.320213	0.42380200000000007	0.0	-0.35327800000000004	-0.25610700000000003	0.8997799999999999	0.0	0.39666	-0.912071	-0.10386600000000001	0.0	-2.6931599999999998	-0.472445	-0.584199	0.29346	-0.733973	0.678901	0.0194114	0.0	0.06137530000000001	0.09476339999999998	-0.993606	0.0	-0.6764	-0.728089	-0.111222	0.0	2.64321	-0.29802199999999995	-0.698545	0.353593	
3	0.284015	0.9545680000000001	0.0901965	0.0	0.22609200000000002	-0.158092	0.961192	0.0	0.931782	-0.2526	-0.260721	0.0	-2.6625	-0.487479	-0.648207	0.288525	-0.459275	0.887863	-0.0276659	0.0	0.23986	0.0939665	-0.966249	0.0	-0.855298	-0.45041000000000003	-0.25611999999999996	0.0	2.61095	-0.33829899999999996	-0.666849	0.353833	
3	0.301634	0.950722	0.07172819999999999	0.0	0.229473	-0.14541300000000001	0.962391	0.0	0.9253969999999999	-0.27383	-0.262027	0.0	-2.63852	-0.5431600000000001	-0.64703	0.294147	-0.45801099999999995	0.888575	-0.0257105	0.0	0.23437	0.0928046	-0.967708	0.0	-0.8574940000000001	-0.449247	-0.250761	0.0	2.60458	-0.44333500000000003	-0.725332	0.35365	
3	0.340652	0.9384450000000001	0.05724019999999999	0.0	0.214705	-0.13692100000000001	0.9670340000000001	0.0	0.9153459999999999	-0.317132	-0.24813200000000002	0.0	-2.60435	-0.595579	-0.611718	0.295976	-0.453722	0.8903530000000001	-0.0375225	0.0	0.233058	0.07791469999999999	-0.9693370000000001	0.0	-0.8601280000000001	-0.448554	-0.24285500000000002	0.0	2.5843700000000003	-0.5831109999999999	-0.762632	0.354028	
3	0.38014699999999996	0.924105	0.038979400000000004	0.0	0.193071	-0.120497	0.973758	0.0	0.904551	-0.362645	-0.22422399999999998	0.0	-2.5756900000000003	-0.690826	-0.620442	0.297453	-0.47263999999999995	0.879302	-0.0586361	0.0	0.23064400000000002	0.059208300000000005	-0.9712350000000001	0.0	-0.8505379999999999	-0.47256899999999996	-0.23079000000000002	0.0	2.56279	-0.835515	-0.841872	0.354573	
3	0.456054	0.8890030000000001	0.041089099999999996	0.0	0.157915	-0.126275	0.9793459999999999	0.0	0.8758299999999999	-0.440146	-0.197975	0.0	-2.5243599999999997	-0.796211	-0.59341	0.297451	-0.504743	0.860075	-0.07420360000000001	0.0	0.21474400000000002	0.041839	-0.975774	0.0	-0.836134	-0.5084489999999999	-0.205814	0.0	2.52953	-1.13865	-0.9074190000000001	0.356656	
3	0.568393	0.820506	0.0608239	0.0	0.12716	-0.160646	0.9787870000000001	0.0	0.812871	-0.548602	-0.19564600000000001	0.0	-2.48982	-0.936291	-0.5827180000000001	0.29756	-0.54402	0.8360270000000001	-0.07142689999999999	0.0	0.195659	0.0436174	-0.9797020000000001	0.0	-0.815941	-0.546952	-0.187305	0.0	2.47333	-1.33833	-0.9621270000000001	0.357959	
3	0.678697	0.729217	0.0872513	0.0	0.08753989999999999	-0.19828199999999999	0.9762280000000001	0.0	0.729183	-0.654925	-0.198409	0.0	-2.4893	-1.08894	-0.658374	0.306319	-0.594952	0.801702	-0.0575024	0.0	0.16300699999999999	0.0502953	-0.985342	0.0	-0.787058	-0.595605	-0.160606	0.0	2.40276	-1.4583899999999999	-1.04607	0.359486	
3	0.780512	0.609765	0.137797	0.0	0.013542600000000002	-0.236867	0.971448	0.0	0.624995	-0.75636	-0.193135	0.0	-2.45085	-1.25839	-0.772804	0.308938	-0.6267149999999999	0.778564	-0.0326747	0.0	0.11832000000000001	0.053630399999999995	-0.991526	0.0	-0.7702140000000001	-0.62527	-0.12573099999999998	0.0	2.3446599999999997	-1.5267700000000002	-1.20306	0.359852	
3	0.8723129999999999	0.43886800000000004	0.21555700000000003	0.0	-0.105824	-0.260949	0.959535	0.0	0.477358	-0.859826	-0.18118599999999999	0.0	-2.35863	-1.4609	-0.934466	0.31319	-0.661642	0.74964	0.016449000000000002	0.0	0.05889930000000001	0.0738297	-0.9955299999999999	0.0	-0.747503	-0.657716	-0.0930023	0.0	2.22579	-1.53839	-1.44371	0.359824	
3	0.919867	0.312911	0.2365	0.0	-0.163687	-0.241696	0.9564469999999999	0.0	0.356444	-0.918515	-0.17110799999999998	0.0	-2.23136	-1.61655	-1.11291	0.313863	-0.686652	0.7203	0.098376	0.0	-0.029217200000000002	0.107869	-0.9937360000000001	0.0	-0.726399	-0.685225	-0.053023	0.0	2.09932	-1.5063	-1.6969999999999998	0.35889899999999997	
3	0.962816	0.189583	0.192468	0.0	-0.15698199999999998	-0.187203	0.9696969999999999	0.0	0.21986799999999998	-0.9638530000000001	-0.15048	0.0	-2.1621200000000003	-1.74322	-1.31377	0.30947399999999997	-0.70606	0.675248	0.21335500000000002	0.0	-0.161741	0.139551	-0.976916	0.0	-0.689435	-0.7242689999999999	0.010684	0.0	1.94603	-1.4530299999999998	-1.9353	0.358298	
3	0.995732	0.0704964	0.059566999999999995	0.0	-0.0512624	-0.114254	0.9921280000000001	0.0	0.0767472	-0.9909469999999999	-0.110152	0.0	-2.1268700000000003	-1.8864900000000002	-1.42315	0.303188	-0.723368	0.633436	0.274769	0.0	-0.245127	0.136428	-0.959844	0.0	-0.645486	-0.7616729999999999	0.056584800000000005	0.0	1.8315	-1.40204	-2.10683	0.359698	
3	0.996566	-0.022648400000000003	-0.0796411	0.0	0.0783058	-0.0547415	0.995425	0.0	-0.026904400000000005	-0.998244	-0.052779999999999994	0.0	-2.1412	-2.0359	-1.4684	0.287431	-0.730773	0.6133149999999999	0.299693	0.0	-0.280856	0.13001	-0.9509040000000001	0.0	-0.622167	-0.779065	0.0772452	0.0	1.7215200000000002	-1.32799	-2.18226	0.360288	
3	0.978751	-0.058881100000000006	-0.196415	0.0	0.19593	-0.013956999999999999	0.980519	0.0	-0.0604753	-0.998168	-0.00212381	0.0	-2.1386	-2.17627	-1.53684	0.28679499999999997	-0.724094	0.611873	0.318275	0.0	-0.305093	0.129701	-0.943449	0.0	-0.618552	-0.780249	0.0927624	0.0	1.6198700000000001	-1.19249	-2.2128400000000004	0.360469	
3	0.9615530000000001	-0.032138400000000004	-0.272731	0.0	0.273556	0.0248452	0.961535	0.0	-0.0241261	-0.999175	0.0326816	0.0	-2.07456	-2.3284	-1.5709899999999999	0.284055	-0.725191	0.605362	0.32807600000000003	0.0	-0.314916	0.132115	-0.9398790000000001	0.0	-0.6123109999999999	-0.784909	0.0948297	0.0	1.55989	-1.06491	-2.20013	0.360749	
3	0.919172	-0.054474	-0.390071	0.0	0.3919	0.0279129	0.9195840000000001	0.0	-0.0392054	-0.998125	0.0470051	0.0	-1.97921	-2.48868	-1.7054	0.283634	-0.721887	0.606801	0.332675	0.0	-0.312069	0.143623	-0.939141	0.0	-0.6176510000000001	-0.781771	0.0856844	0.0	1.55685	-0.942941	-2.18797	0.36107	
3	0.895842	-0.0862729	-0.435917	0.0	0.43834700000000004	0.0105683	0.8987440000000001	0.0	-0.0729303	-0.996216	0.047285	0.0	-2.0015400000000003	-2.59516	-1.76657	0.28739899999999996	-0.720143	0.609251	0.331975	0.0	-0.305679	0.15093099999999998	-0.9400959999999999	0.0	-0.6228600000000001	-0.7784810000000001	0.0775433	0.0	1.57055	-0.884992	-2.19849	0.36128299999999997	
3	0.886434	-0.063723	-0.45844700000000005	0.0	0.455135	-0.060136400000000007	0.888389	0.0	-0.0841802	-0.9961540000000001	-0.0243044	0.0	-2.12589	-2.69185	-2.00371	0.31938099999999997	-0.714781	0.615849	0.331389	0.0	-0.285263	0.175895	-0.9421709999999999	0.0	-0.638525	-0.767979	0.0499529	0.0	1.64136	-0.739228	-2.27048	0.36096	
3	0.854176	-0.0544577	-0.517125	0.0	0.513293	-0.0707265	0.855294	0.0	-0.0831517	-0.996008	-0.0324601	0.0	-2.18933	-2.69696	-2.10739	0.336908	-0.7083510000000001	0.62334	0.33119	0.0	-0.27218400000000004	0.19170299999999998	-0.9429559999999999	0.0	-0.6512720000000001	-0.758088	0.0338694	0.0	1.6828599999999998	-0.626296	-2.29193	0.36122	
3	0.8339200000000001	-0.04732	-0.5498529999999999	0.0	0.545746	-0.0774919	0.83436	0.0	-0.0820911	-0.995869	-0.0387973	0.0	-2.23523	-2.69761	-2.18439	0.343945	-0.697762	0.633219	0.334906	0.0	-0.260013	0.211756	-0.9421	0.0	-0.667474	-0.744442	0.0168892	0.0	1.73079	-0.5337270000000001	-2.31714	0.360966	
3	0.817962	-0.0170398	-0.57502	0.0	0.573761	-0.0482431	0.817601	0.0	-0.0416725	-0.99869	-0.0296843	0.0	-2.34666	-2.7135700000000003	-2.21267	0.352607	-0.695541	0.636314	0.333658	0.0	-0.245684	0.22575900000000002	-0.942694	0.0	-0.675175	-0.737657	-0.0006926660000000001	0.0	1.7955299999999998	-0.43520600000000004	-2.3140099999999997	0.36096300000000003	
3	0.797607	0.00772846	-0.603128	0.0	0.60315	-0.019729499999999997	0.797383	0.0	-0.0057368	-0.999776	-0.020397799999999997	0.0	-2.3660400000000004	-2.70566	-2.23233	0.35270999999999997	-0.684471	0.649423	0.331285	0.0	-0.22714600000000001	0.24182399999999998	-0.9433590000000001	0.0	-0.692751	-0.720952	-0.0180083	0.0	1.86398	-0.333861	-2.30879	0.360944	
3	0.7687609999999999	0.0278161	-0.638931	0.0	0.637692	0.0424599	0.76912	0.0	0.0485229	-0.998711	0.014903399999999999	0.0	-2.39328	-2.68902	-2.26417	0.346551	-0.684495	0.650658	0.328802	0.0	-0.217327	0.248392	-0.9439649999999999	0.0	-0.695871	-0.717597	-0.028617300000000002	0.0	1.92534	-0.303671	-2.3023599999999997	0.36084499999999997	
3	0.742606	0.058519100000000004	-0.667167	0.0	0.663845	0.06744270000000001	0.7448229999999999	0.0	0.08858189999999999	-0.996006	0.011235700000000001	0.0	-2.41404	-2.68123	-2.27109	0.341801	-0.684891	0.651637	0.32602800000000004	0.0	-0.20973200000000003	0.252205	-0.944672	0.0	-0.697809	-0.715376	-0.0360637	0.0	1.96207	-0.306286	-2.3147900000000003	0.360715	
3	0.7476510000000001	0.101385	-0.656307	0.0	0.645574	0.12079100000000001	0.754085	0.0	0.155729	-0.9874870000000001	0.0248576	0.0	-2.4568	-2.6703099999999997	-2.27449	0.34599	-0.684044	0.654485	0.322077	0.0	-0.20335999999999999	0.25292600000000004	-0.9458719999999999	0.0	-0.70052	-0.712515	-0.0399162	0.0	1.9931299999999998	-0.320321	-2.32956	0.360902	
3	0.750954	0.11345899999999999	-0.6505340000000001	0.0	0.6331359999999999	0.15620599999999998	0.758115	0.0	0.187632	-0.981187	0.045468699999999994	0.0	-2.4765099999999998	-2.66566	-2.2833200000000002	0.343092	-0.6832	0.6580010000000001	0.316658	0.0	-0.194633	0.253868	-0.9474540000000001	0.0	-0.703815	-0.708933	-0.045373699999999996	0.0	2.03655	-0.335464	-2.3441400000000003	0.361097	
3	0.751157	0.120755	-0.648985	0.0	0.631456	0.155138	0.759734	0.0	0.192424	-0.980485	0.0402817	0.0	-2.47715	-2.66681	-2.2770599999999996	0.34256	-0.682479	0.659283	0.315546	0.0	-0.191927	0.254919	-0.947724	0.0	-0.705257	-0.707363	-0.0474426	0.0	2.04469	-0.337065	-2.34924	0.361007	
3	0.753421	0.133018	-0.643943	0.0	0.624948	0.159633	0.764171	0.0	0.204443	-0.978174	0.0371415	0.0	-2.4678299999999997	-2.66927	-2.25179	0.33861399999999997	-0.676091	0.6670149999999999	0.31303800000000004	0.0	-0.18495899999999998	0.25761	-0.9483809999999999	0.0	-0.713226	-0.699091	-0.0507976	0.0	2.04969	-0.37722	-2.38045	0.361236	
3	0.755224	0.13760999999999998	-0.6408590000000001	0.0	0.622057	0.157696	0.7669279999999999	0.0	0.206598	-0.9778530000000001	0.033494499999999996	0.0	-2.4629	-2.67223	-2.24253	0.336536	-0.672851	0.672555	0.308126	0.0	-0.182563	0.252671	-0.9501729999999999	0.0	-0.7168979999999999	-0.695577	-0.0472264	0.0	2.0476799999999997	-0.40354	-2.39621	0.361108	
3	0.7599279999999999	0.127828	-0.637315	0.0	0.621626	0.14364000000000002	0.770031	0.0	0.189976	-0.98134	0.0296949	0.0	-2.42905	-2.68367	-2.2204599999999997	0.335285	-0.670315	0.676234	0.305593	0.0	-0.18468299999999999	0.24682800000000002	-0.951298	0.0	-0.718729	-0.6941069999999999	-0.040563800000000004	0.0	2.0324	-0.45247	-2.39728	0.360954	
3	0.760776	0.125829	-0.6367	0.0	0.6207010000000001	0.145538	0.770422	0.0	0.189606	-0.981318	0.0326199	0.0	-2.42738	-2.68415	-2.2203	0.33557600000000004	-0.669243	0.6773710000000001	0.30542199999999997	0.0	-0.18620899999999999	0.245035	-0.951464	0.0	-0.719333	-0.6936329999999999	-0.037854900000000004	0.0	1.9856900000000002	-0.46265	-2.38807	0.361081	
3	0.761782	0.12494100000000001	-0.635671	0.0	0.619859	0.14465799999999998	0.771265	0.0	0.188318	-0.981562	0.032751999999999996	0.0	-2.42515	-2.6856400000000002	-2.2183200000000003	0.335217	-0.66957	0.677235	0.30500700000000003	0.0	-0.184497	0.246126	-0.951516	0.0	-0.7194699999999999	-0.693379	-0.039850699999999996	0.0	1.9748299999999999	-0.458636	-2.40254	0.361014	
3	0.76218	0.125038	-0.635175	0.0	0.61897	0.146645	0.7716029999999999	0.0	0.189625	-0.9812549999999999	0.0343751	0.0	-2.42425	-2.68608	-2.21717	0.335476	-0.6683899999999999	0.678027	0.305834	0.0	-0.18481	0.246894	-0.951256	0.0	-0.720486	-0.692331	-0.039715499999999994	0.0	1.97374	-0.466133	-2.40446	0.361091	
3	0.762179	0.125041	-0.635175	0.0	0.61897	0.146649	0.7716029999999999	0.0	0.18963	-0.9812540000000001	0.034376800000000006	0.0	-2.42426	-2.68608	-2.21717	0.335476	-0.668391	0.678026	0.30583299999999997	0.0	-0.18481	0.246894	-0.951256	0.0	-0.720485	-0.692333	-0.039715499999999994	0.0	1.97375	-0.46612200000000004	-2.40446	0.361091	
3	0.762179	0.125041	-0.635175	0.0	0.61897	0.146649	0.7716029999999999	0.0	0.18963	-0.9812540000000001	0.034376800000000006	0.0	-2.42426	-2.68608	-2.21717	0.335476	-0.668392	0.678026	0.30583299999999997	0.0	-0.18481	0.246894	-0.951257	0.0	-0.720485	-0.692333	-0.0397157	0.0	1.97375	-0.46612200000000004	-2.40446	0.361092	
3	0.762179	0.125041	-0.635175	0.0	0.61897	0.14665	0.7716029999999999	0.0	0.18963	-0.9812540000000001	0.034377099999999994	0.0	-2.42426	-2.68608	-2.21717	0.335476	-0.668392	0.678026	0.30583299999999997	0.0	-0.18481	0.246894	-0.951256	0.0	-0.720485	-0.692333	-0.0397157	0.0	1.97375	-0.46612200000000004	-2.40446	0.361092	
3	0.762179	0.125041	-0.635175	0.0	0.618969	0.14665	0.7716029999999999	0.0	0.18963	-0.9812540000000001	0.034377099999999994	0.0	-2.42426	-2.68608	-2.21717	0.335476	-0.668392	0.678026	0.30583299999999997	0.0	-0.18481	0.246894	-0.951257	0.0	-0.720485	-0.692333	-0.0397157	0.0	1.97375	-0.46612200000000004	-2.40446	0.361092	
3	0.762179	0.125041	-0.635175	0.0	0.61897	0.14665	0.7716029999999999	0.0	0.18963	-0.9812540000000001	0.034377099999999994	0.0	-2.42426	-2.68608	-2.21717	0.335476	-0.668391	0.678026	0.30583299999999997	0.0	-0.18481	0.246894	-0.951256	0.0	-0.720484	-0.692333	-0.039715499999999994	0.0	1.97375	-0.46612200000000004	-2.40446	0.361091	
3	0.762179	0.125041	-0.635175	0.0	0.61897	0.14665	0.7716029999999999	0.0	0.18963	-0.9812540000000001	0.034377	0.0	-2.42426	-2.68608	-2.21717	0.335476	-0.668392	0.678026	0.30583299999999997	0.0	-0.18481	0.246894	-0.951256	0.0	-0.720485	-0.692333	-0.0397157	0.0	1.97375	-0.46612200000000004	-2.40446	0.361091	
3	0.762179	0.125041	-0.635175	0.0	0.61897	0.14665	0.7716029999999999	0.0	0.18963	-0.9812540000000001	0.034377099999999994	0.0	-2.42426	-2.68608	-2.21717	0.335476	-0.668392	0.678026	0.30583299999999997	0.0	-0.18481	0.246894	-0.951256	0.0	-0.720485	-0.692333	-0.0397157	0.0	1.97375	-0.46612200000000004	-2.40446	0.361092	
3	0.762179	0.125041	-0.635175	0.0	0.618969	0.14665	0.7716029999999999	0.0	0.18963	-0.9812540000000001	0.0343772	0.0	-2.42426	-2.68608	-2.21717	0.335476	-0.668392	0.678026	0.30583299999999997	0.0	-0.18481	0.246894	-0.951256	0.0	-0.720485	-0.692333	-0.0397157	0.0	1.97375	-0.46612200000000004	-2.40446	0.361091	
3	0.762179	0.12504	-0.635175	0.0	0.61897	0.14665	0.7716029999999999	0.0	0.18963	-0.9812540000000001	0.0343772	0.0	-2.42426	-2.68608	-2.21717	0.335476	-0.668392	0.678026	0.30583299999999997	0.0	-0.18481	0.246894	-0.951257	0.0	-0.720485	-0.692333	-0.0397157	0.0	1.97375	-0.46612200000000004	-2.40446	0.361092	
3	0.762179	0.125041	-0.635175	0.0	0.618969	0.14665	0.7716029999999999	0.0	0.18963	-0.9812540000000001	0.0343772	0.0	-2.42426	-2.68608	-2.21717	0.335476	-0.668392	0.678026	0.30583299999999997	0.0	-0.18481	0.246894	-0.951257	0.0	-0.720485	-0.692333	-0.0397157	0.0	1.97375	-0.46612200000000004	-2.40446	0.361092	
3	0.762179	0.125041	-0.635175	0.0	0.618969	0.14665	0.7716029999999999	0.0	0.18963	-0.9812540000000001	0.0343772	0.0	-2.42426	-2.68608	-2.21717	0.335476	-0.668392	0.678026	0.30583299999999997	0.0	-0.18481	0.246894	-0.951256	0.0	-0.720485	-0.692333	-0.0397157	0.0	1.97375	-0.46612200000000004	-2.40446	0.361091	
3	0.762179	0.125041	-0.635175	0.0	0.618969	0.14665	0.7716029999999999	0.0	0.18963	-0.9812540000000001	0.0343772	0.0	-2.42426	-2.68608	-2.21717	0.335476	-0.668392	0.678026	0.30583299999999997	0.0	-0.18481	0.246894	-0.951256	0.0	-0.720484	-0.692333	-0.0397157	0.0	1.97375	-0.46612200000000004	-2.40446	0.361091	
3	0.762179	0.125041	-0.635175	0.0	0.618969	0.14665	0.7716029999999999	0.0	0.18963	-0.9812540000000001	0.0343772	0.0	-2.42426	-2.68608	-2.21717	0.335476	-0.668392	0.678026	0.30583299999999997	0.0	-0.18481	0.246894	-0.951256	0.0	-0.720485	-0.692333	-0.0397157	0.0	1.97375	-0.46612200000000004	-2.40446	0.361092	
3	0.762179	0.125041	-0.635175	0.0	0.618969	0.14665	0.7716029999999999	0.0	0.18963	-0.9812540000000001	0.0343772	0.0	-2.42426	-2.68608	-2.21717	0.335476	-0.668392	0.678026	0.30583299999999997	0.0	-0.18481	0.246894	-0.951256	0.0	-0.720484	-0.692333	-0.0397157	0.0	1.97375	-0.46612200000000004	-2.40446	0.361091	
3	0.594225	0.7881670000000001	-0.160277	0.0	0.417508	-0.131949	0.899042	0.0	0.687447	-0.601151	-0.407473	0.0	-2.42683	-2.48719	-2.15118	0.334996	-0.6907760000000001	0.7032619999999999	0.168078	0.0	-0.173821	0.06412419999999999	-0.9826870000000001	0.0	-0.701865	-0.708032	0.0779466	0.0	1.90903	-0.374183	-2.31039	0.359633	
3	0.5939270000000001	0.793485	-0.13278900000000002	0.0	0.413199	-0.159234	0.896611	0.0	0.6903020000000001	-0.58739	-0.42244	0.0	-2.43721	-2.3881099999999997	-2.1179200000000002	0.33418400000000004	-0.693642	0.700472	0.167928	0.0	-0.172971	0.0643337	-0.982824	0.0	-0.699244	-0.710775	0.0765367	0.0	1.87883	-0.326481	-2.28531	0.359957	
3	0.596348	0.793637	-0.12045399999999999	0.0	0.409045	-0.171328	0.896286	0.0	0.690689	-0.583769	-0.426804	0.0	-2.4437599999999997	-2.38185	-2.12365	0.334493	-0.721996	0.67182	0.165469	0.0	-0.162216	0.0681263	-0.984401	0.0	-0.672613	-0.737575	0.059792399999999996	0.0	1.8556400000000002	-0.29029299999999997	-2.3201	0.360608	
