0	0.222045	0.943311	-0.24670100000000003	0.0	0.292419	0.17694400000000002	0.9397780000000001	0.0	0.930154	-0.28081300000000003	-0.236553	0.0	-2.7852099999999997	1.89103	1.46072	0.0	-0.20804	0.963619	-0.167801	0.0	0.36850700000000003	-0.0816967	-0.9260280000000001	0.0	-0.906048	-0.254486	-0.338104	0.0	2.59605	1.9186299999999998	1.54349	0.0	
0	0.27222199999999996	0.9521149999999999	-0.139184	0.0	0.30294699999999997	0.05248680000000001	0.9515610000000001	0.0	0.913301	-0.301201	-0.27415300000000004	0.0	-2.8369	1.8291400000000002	1.38319	0.0	-0.222106	0.9621360000000001	-0.158001	0.0	0.39004099999999997	-0.060842999999999994	-0.9187850000000001	0.0	-0.893609	-0.265694	-0.361759	0.0	2.60739	1.8629799999999999	1.4096899999999999	8.153920000000001e-05	
0	0.199599	0.968686	-0.147675	0.0	0.305686	0.0816295	0.948627	0.0	0.930976	-0.234487	-0.279821	0.0	-2.86485	1.8524200000000002	1.12059	0.0	-0.18318199999999998	0.962081	-0.202103	0.0	0.369157	-0.12321900000000001	-0.921163	0.0	-0.9111360000000001	-0.243348	-0.33258699999999997	0.0	2.58345	1.81959	1.2687700000000002	0.0	
0	0.297632	0.954477	0.0197068	0.0	0.32402600000000004	-0.12041400000000001	0.9383540000000001	0.0	0.8980100000000001	-0.27289800000000003	-0.345115	0.0	-2.8037	1.9917900000000002	0.9095549999999999	0.3556	-0.172567	0.9683209999999999	-0.180483	0.0	0.385282	-0.10227699999999999	-0.917114	0.0	-0.9065200000000001	-0.22780100000000003	-0.355428	0.0	2.55297	1.9636799999999999	1.22905	0.32001999999999997	
0	0.547399	0.818623	0.17381300000000002	0.0	0.27422199999999997	-0.371685	0.886934	0.0	0.790668	-0.43784399999999996	-0.42794499999999996	0.0	-2.68854	1.99892	0.665592	0.345423	-0.278604	0.9312520000000001	-0.234841	0.0	0.469397	-0.0812943	-0.879237	0.0	-0.837882	-0.355192	-0.41447799999999996	0.0	2.37764	1.8511	1.07819	0.333248	
0	0.693449	0.696012	0.18626700000000002	0.0	0.22241100000000003	-0.452679	0.86349	0.0	0.685319	-0.557359	-0.468711	0.0	-2.67719	1.8980299999999999	0.44478199999999996	0.345395	-0.412605	0.880396	-0.233794	0.0	0.488734	-0.00262973	-0.8724290000000001	0.0	-0.768698	-0.474232	-0.42919399999999996	0.0	2.2481400000000002	1.6621400000000002	0.8528700000000001	0.33065	
0	0.836205	0.5207470000000001	0.172	0.0	0.107931	-0.463761	0.8793620000000001	0.0	0.5376920000000001	-0.716762	-0.444004	0.0	-2.5451799999999998	1.67038	0.24775500000000003	0.343006	-0.613688	0.773825	-0.156791	0.0	0.342589	0.08206319999999999	-0.935894	0.0	-0.7113510000000001	-0.628062	-0.315465	0.0	2.06766	1.26491	0.579729	0.327007	
0	0.918724	0.372618	0.130773	0.0	0.0400547	-0.417376	0.9078510000000001	0.0	0.392863	-0.8288260000000001	-0.398379	0.0	-2.44238	1.34446	0.08471489999999998	0.34357	-0.78391	0.618707	-0.0518399	0.0	0.170287	0.133958	-0.976247	0.0	-0.597066	-0.774117	-0.210369	0.0	1.91335	0.778935	0.340118	0.361168	
0	0.96114	0.254708	0.10645999999999999	0.0	-0.016883099999999998	-0.330683	0.943591	0.0	0.275545	-0.9087200000000001	-0.313533	0.0	-2.40998	0.867893	-0.08632139999999999	0.335057	-0.856541	0.516001	-0.008974	0.0	0.10520399999999999	0.157557	-0.9818899999999999	0.0	-0.505242	-0.841973	-0.18924000000000002	0.0	1.81797	0.35990500000000003	-0.0323658	0.355885	
0	0.981211	0.180996	0.066832	0.0	-0.019637	-0.250906	0.9678120000000001	0.0	0.191938	-0.95094	-0.242637	0.0	-2.4266099999999997	0.324205	-0.303487	0.333834	-0.878547	0.476238	0.036782	0.0	0.0361233	0.143028	-0.989059	0.0	-0.476288	-0.867606	-0.142861	0.0	1.739	0.0251929	-0.387331	0.351638	
0	0.9883930000000001	0.145777	0.0427615	0.0	-0.015593200000000002	-0.18264	0.9830559999999999	0.0	0.151117	-0.9723120000000001	-0.17824700000000002	0.0	-2.43073	-0.11105899999999999	-0.486208	0.328214	-0.888357	0.456225	0.051766999999999994	0.0	0.00202562	0.11663699999999999	-0.993173	0.0	-0.45914799999999995	-0.882187	-0.10454000000000001	0.0	1.6549099999999999	-0.21338800000000002	-0.668754	0.349006	
0	0.9901200000000001	0.134427	0.039901599999999995	0.0	-0.0220981	-0.131416	0.991081	0.0	0.138472	-0.9821709999999999	-0.127147	0.0	-2.41188	-0.515273	-0.654335	0.323798	-0.8969379999999999	0.43228599999999995	0.0929014	0.0	-0.0531871	0.1031	-0.9932479999999999	0.0	-0.438946	-0.8958229999999999	-0.069482	0.0	1.58829	-0.47887399999999997	-0.953197	0.354187	
0	0.989238	0.14310799999999999	0.030475799999999997	0.0	-0.0202541	-0.07234810000000001	0.997174	0.0	0.14490899999999998	-0.987059	-0.06867089999999999	0.0	-2.37502	-0.9282549999999999	-0.834442	0.317333	-0.8709690000000001	0.46691400000000005	0.15298299999999998	0.0	-0.124295	0.0918533	-0.987985	0.0	-0.47535600000000006	-0.879519	-0.021966	0.0	1.54701	-0.72328	-1.21095	0.356221	
0	0.983844	0.179027	0.000632815	0.0	0.00886043	-0.0522224	0.9985959999999999	0.0	0.178809	-0.982457	-0.0529649	0.0	-2.34849	-1.18717	-1.01919	0.306329	-0.840684	0.502552	0.201721	0.0	-0.181193	0.0899868	-0.9793219999999999	0.0	-0.510313	-0.859851	0.015408400000000001	0.0	1.5105899999999999	-0.9373040000000001	-1.41432	0.356615	
0	0.9745149999999999	0.217356	-0.055478099999999995	0.0	0.06594910000000001	-0.0412145	0.996972	0.0	0.21441100000000002	-0.9752219999999999	-0.0544986	0.0	-2.36072	-1.37307	-1.24605	0.28210100000000005	-0.824415	0.517196	0.22988899999999998	0.0	-0.188719	0.13173800000000002	-0.9731549999999999	0.0	-0.533597	-0.845668	-0.0110022	0.0	1.5261	-1.11236	-1.61699	0.35627800000000004	
0	0.948724	0.29889	-0.102899	0.0	0.13980499999999998	-0.10478699999999999	0.984619	0.0	0.283511	-0.948517	-0.1412	0.0	-2.47126	-1.43733	-1.55529	0.268964	-0.801547	0.541025	0.25458600000000003	0.0	-0.181481	0.185565	-0.965728	0.0	-0.569725	-0.8202790000000001	-0.0505533	0.0	1.6552799999999999	-1.29369	-1.82181	0.35681799999999997	
0	0.927333	0.342318	-0.15123499999999998	0.0	0.184936	-0.06784839999999999	0.980406	0.0	0.325349	-0.937132	-0.126225	0.0	-2.54339	-1.48653	-1.71417	0.25041599999999997	-0.78062	0.575856	0.242945	0.0	-0.155654	0.19734000000000002	-0.967899	0.0	-0.605314	-0.793377	-0.0644134	0.0	1.7648	-1.3828200000000002	-1.9088200000000002	0.3579	
0	0.901186	0.374288	-0.218569	0.0	0.248617	-0.033313999999999996	0.9680290000000001	0.0	0.35504	-0.9267139999999999	-0.123076	0.0	-2.60359	-1.4803	-1.771	0.256304	-0.767062	0.5941810000000001	0.24200100000000002	0.0	-0.14171	0.210971	-0.967166	0.0	-0.625727	-0.77617	-0.07762639999999998	0.0	1.85297	-1.4208	-1.96422	0.358214	
0	0.873819	0.378959	-0.304681	0.0	0.313627	0.0395931	0.9487209999999999	0.0	0.371589	-0.924566	-0.0842544	0.0	-2.68352	-1.4928	-1.7019099999999998	0.280414	-0.756379	0.608052	0.241171	0.0	-0.12577	0.22662600000000002	-0.965828	0.0	-0.641929	-0.760864	-0.0949403	0.0	1.90615	-1.4062299999999999	-1.98491	0.358564	
0	0.8534280000000001	0.354247	-0.382323	0.0	0.381835	0.0743548	0.921235	0.0	0.354772	-0.932191	-0.07180750000000001	0.0	-2.81982	-1.50409	-1.54118	0.306506	-0.751811	0.616139	0.234846	0.0	-0.116223	0.226762	-0.9669909999999999	0.0	-0.649055	-0.754289	-0.09887280000000001	0.0	1.91498	-1.36806	-2.03619	0.359002	
0	0.852916	0.327096	-0.406869	0.0	0.401589	0.0868765	0.91169	0.0	0.33355799999999997	-0.940989	-0.0572597	0.0	-2.93749	-1.51167	-1.4739200000000001	0.318247	-0.745261	0.625545	0.23082399999999997	0.0	-0.10896199999999999	0.227269	-0.967717	0.0	-0.657809	-0.7463529999999999	-0.101214	0.0	1.91579	-1.33213	-2.0556400000000004	0.359023	
0	0.8557309999999999	0.314407	-0.410941	0.0	0.408408	0.0772077	0.9095280000000001	0.0	0.31769000000000003	-0.9461430000000001	-0.0623374	0.0	-3.05638	-1.50359	-1.41257	0.337836	-0.745484	0.625174	0.231109	0.0	-0.10878199999999999	0.22796799999999998	-0.9675729999999999	0.0	-0.657587	-0.746451	-0.101939	0.0	1.9102700000000001	-1.3115700000000001	-2.0478099999999997	0.35931399999999997	
0	0.8602639999999999	0.292998	-0.41725100000000004	0.0	0.413596	0.07750689999999999	0.9071549999999999	0.0	0.298135	-0.952966	-0.0545067	0.0	-3.16898	-1.501	-1.33202	0.344409	-0.742552	0.629432	0.22898000000000002	0.0	-0.106696	0.22634400000000002	-0.9681860000000001	0.0	-0.6612359999999999	-0.74336	-0.10091499999999999	0.0	1.90736	-1.30416	-2.0362	0.359427	
0	0.85298	0.296662	-0.429437	0.0	0.42216800000000004	0.0916704	0.9018709999999999	0.0	0.30691799999999997	-0.950573	-0.0470483	0.0	-3.1536	-1.45784	-1.2879399999999999	0.339989	-0.739425	0.633352	0.228287	0.0	-0.103055	0.228611	-0.9680479999999999	0.0	-0.665304	-0.739325	-0.103771	0.0	1.90431	-1.31055	-2.06239	0.359295	
0	0.852828	0.300708	-0.426917	0.0	0.421138	0.08731339999999999	0.902784	0.0	0.30875	-0.9497110000000001	-0.052176099999999996	0.0	-3.1232599999999997	-1.41009	-1.30552	0.339384	-0.7383609999999999	0.635238	0.226485	0.0	-0.101017	0.22786700000000001	-0.9684379999999999	0.0	-0.666797	-0.7379359999999999	-0.104078	0.0	1.9024900000000002	-1.31213	-2.07049	0.359425	
0	0.8512709999999999	0.307569	-0.42513500000000004	0.0	0.420541	0.0846529	0.903316	0.0	0.313821	-0.9477530000000001	-0.057282900000000005	0.0	-3.10834	-1.38717	-1.3015299999999999	0.33575900000000003	-0.738813	0.635279	0.22489	0.0	-0.0989283	0.22785500000000003	-0.968656	0.0	-0.66661	-0.737904	-0.105495	0.0	1.9048599999999998	-1.31028	-2.06716	0.359573	
0	0.8517969999999999	0.304535	-0.426263	0.0	0.4234	0.0789703	0.902494	0.0	0.308503	-0.9492219999999999	-0.0616735	0.0	-3.09353	-1.3808	-1.30231	0.325853	-0.7370770000000001	0.640282	0.216232	0.0	-0.0915886	0.222367	-0.9706520000000001	0.0	-0.669574	-0.73525	-0.10525899999999999	0.0	1.90655	-1.29593	-2.04753	0.359487	
0	0.850391	0.30791399999999997	-0.42664300000000005	0.0	0.42418900000000004	0.07851280000000001	0.902164	0.0	0.311286	-0.948169	-0.0638471	0.0	-3.0918	-1.37194	-1.31465	0.321876	-0.7366729999999999	0.64194	0.21266300000000002	0.0	-0.08825039999999999	0.220527	-0.9713799999999999	0.0	-0.670466	-0.7343569999999999	-0.105805	0.0	1.90595	-1.28769	-2.04648	0.359442	
0	0.847995	0.315287	-0.426026	0.0	0.426101	0.0724603	0.901769	0.0	0.315186	-0.946226	-0.07289780000000001	0.0	-3.08435	-1.35656	-1.32899	0.322984	-0.735482	0.643824	0.21108400000000002	0.0	-0.0865712	0.219692	-0.971721	0.0	-0.671991	-0.732957	-0.105843	0.0	1.9121099999999998	-1.28793	-2.04162	0.359454	
0	0.84936	0.31485599999999997	-0.42362	0.0	0.42452399999999996	0.06939680000000001	0.902753	0.0	0.313635	-0.946599	-0.0747211	0.0	-3.0722099999999997	-1.35786	-1.31026	0.323703	-0.733749	0.645837	0.21096900000000002	0.0	-0.0856207	0.22014099999999998	-0.9717030000000001	0.0	-0.674005	-0.731049	-0.106232	0.0	1.9233799999999999	-1.3026200000000001	-2.05627	0.359234	
0	0.8494149999999999	0.31648699999999996	-0.42229099999999997	0.0	0.424732	0.0649299	0.9029879999999999	0.0	0.313203	-0.9463719999999999	-0.07926989999999999	0.0	-3.07365	-1.35724	-1.3166	0.324262	-0.732888	0.647108	0.210063	0.0	-0.0835534	0.22081199999999998	-0.9717309999999999	0.0	-0.675199	-0.729722	-0.10776300000000001	0.0	1.9242	-1.30742	-2.0644400000000003	0.359123	
0	0.8504010000000001	0.318899	-0.418476	0.0	0.42231499999999994	0.060647400000000004	0.904418	0.0	0.313798	-0.945846	-0.08310139999999999	0.0	-3.05983	-1.3619	-1.33111	0.32664299999999996	-0.7323109999999999	0.648482	0.207825	0.0	-0.0806187	0.22048299999999998	-0.9720530000000001	0.0	-0.676182	-0.7286	-0.10918199999999999	0.0	1.9244299999999999	-1.31257	-2.08521	0.359275	
0	0.849455	0.322341	-0.41776	0.0	0.42161099999999996	0.0614404	0.9046930000000001	0.0	0.317287	-0.944628	-0.0837117	0.0	-3.03702	-1.36816	-1.345	0.327379	-0.731326	0.650999	0.203377	0.0	-0.07690319999999999	0.21758200000000003	-0.973008	0.0	-0.677678	-0.727226	-0.10905999999999999	0.0	1.92688	-1.32436	-2.0928400000000003	0.35899000000000003	
0	0.848613	0.32705100000000004	-0.41580500000000004	0.0	0.41956800000000005	0.062637	0.90556	0.0	0.322209	-0.9429290000000001	-0.0840655	0.0	-2.99468	-1.3759	-1.34655	0.328426	-0.730163	0.653542	0.199363	0.0	-0.0744942	0.213894	-0.9740120000000001	0.0	-0.6792	-0.726039	-0.107493	0.0	1.9346599999999998	-1.34438	-2.07808	0.35878000000000004	
0	0.84998	0.327395	-0.412731	0.0	0.417628	0.058808000000000006	0.9067129999999999	0.0	0.321126	-0.9430559999999999	-0.0867438	0.0	-2.98555	-1.37814	-1.35047	0.329096	-0.730729	0.653081	0.198799	0.0	-0.07344110000000001	0.21431399999999998	-0.9740000000000001	0.0	-0.678706	-0.72633	-0.108643	0.0	1.9361599999999999	-1.35396	-2.07354	0.358912	
0	0.8502620000000001	0.328974	-0.41089	0.0	0.41655600000000004	0.05665119999999999	0.907343	0.0	0.32177	-0.9426379999999999	-0.0888681	0.0	-2.99315	-1.3814799999999998	-1.3647200000000002	0.332111	-0.730963	0.65382	0.19547899999999999	0.0	-0.0711637	0.211858	-0.974706	0.0	-0.678697	-0.7263850000000001	-0.108332	0.0	1.9467400000000001	-1.36715	-2.04181	0.359004	
0	0.849937	0.331031	-0.409909	0.0	0.417124	0.0525447	0.90733	0.0	0.321892	-0.942156	-0.093421	0.0	-2.99078	-1.38004	-1.3717700000000002	0.332098	-0.731591	0.653316	0.19481700000000002	0.0	-0.06863589999999999	0.21372800000000003	-0.9744790000000001	0.0	-0.67828	-0.726291	-0.11152000000000001	0.0	1.9509400000000001	-1.37836	-2.01952	0.358661	
0	0.8526549999999999	0.333426	-0.402252	0.0	0.41424099999999997	0.0377781	0.9093829999999999	0.0	0.31840799999999997	-0.942019	-0.10590699999999999	0.0	-2.99633	-1.3742299999999998	-1.3961299999999999	0.332712	-0.7333069999999999	0.651983	0.19282	0.0	-0.0656237	0.21440399999999998	-0.9745379999999999	0.0	-0.676723	-0.7272890000000001	-0.11443900000000001	0.0	1.9740900000000001	-1.42391	-2.0516400000000004	0.357211	
0	0.8577549999999999	0.338681	-0.386719	0.0	0.407393	0.0109355	0.9131870000000001	0.0	0.313508	-0.940838	-0.12859600000000002	0.0	-3.01608	-1.3787399999999999	-1.4493	0.337725	-0.7498130000000001	0.638306	0.174202	0.0	-0.06045369999999999	0.19609100000000002	-0.97872	0.0	-0.658883	-0.744388	-0.108444	0.0	2.08733	-1.6295899999999999	-2.15142	0.355451	
0	0.8590610000000001	0.350225	-0.37330599999999997	0.0	0.401876	-0.009769400000000001	0.915642	0.0	0.317033	-0.936615	-0.14913900000000002	0.0	-3.00383	-1.39336	-1.50383	0.342106	-0.7654880000000001	0.63032	0.129325	0.0	-0.0434161	0.14993199999999998	-0.987743	0.0	-0.641984	-0.76172	-0.087405	0.0	2.4012	-2.05055	-2.2932	0.355657	
0	0.8591610000000001	0.354707	-0.368816	0.0	0.397515	-0.00879926	0.9175530000000001	0.0	0.32221700000000003	-0.9349360000000001	-0.148562	0.0	-2.9289	-1.41603	-1.52735	0.341479	-0.754656	0.6505890000000001	0.0850205	0.0	-0.0384191	0.0855418	-0.9955940000000001	0.0	-0.654995	-0.7545970000000001	-0.039559699999999996	0.0	2.94658	-2.48034	-2.511	0.356039	
0	0.858708	0.357038	-0.36762100000000003	0.0	0.395458	-0.005417100000000001	0.9184680000000001	0.0	0.325936	-0.934074	-0.145845	0.0	-2.88923	-1.42363	-1.55177	0.341566	-0.6913050000000001	0.720787	0.050636400000000005	0.0	-0.0106794	0.0598789	-0.998149	0.0	-0.722484	-0.690566	-0.0336971	0.0	3.15788	-2.5731900000000003	-2.64563	0.341148	
0	0.860094	0.358495	-0.362931	0.0	0.392822	-0.011528499999999999	0.919542	0.0	0.325468	-0.9334600000000001	-0.15074	0.0	-2.86531	-1.4274799999999999	-1.5723799999999999	0.341464	-0.675189	0.736854	0.034147699999999996	0.0	-0.001755	0.0446879	-0.9990000000000001	0.0	-0.737643	-0.674573	-0.0288798	0.0	3.11001	-2.5861	-2.68506	0.32421	
0	0.8602200000000001	0.35786999999999997	-0.363249	0.0	0.393545	-0.012941	0.919214	0.0	0.324259	-0.933682	-0.15197	0.0	-2.86942	-1.43048	-1.58273	0.341482	-0.6510600000000001	0.758927	0.0122379	0.0	0.00764415	0.022678200000000003	-0.999714	0.0	-0.758988	-0.65078	-0.0205663	0.0	3.03536	-2.59567	-2.6695	0.343947	
0	0.859875	0.358065	-0.363875	0.0	0.394282	-0.0130395	0.918897	0.0	0.32428	-0.9336059999999999	-0.152391	0.0	-2.86754	-1.4314200000000001	-1.58717	0.341598	-0.653525	0.756888	0.00516084	0.0	0.013581999999999999	0.0185437	-0.9997360000000001	0.0	-0.756783	-0.6532819999999999	-0.022399000000000002	0.0	2.99784	-2.6024599999999998	-2.62027	0.35792199999999996	
0	0.8604569999999999	0.356773	-0.363768	0.0	0.393943	-0.0130417	0.919042	0.0	0.32314499999999996	-0.9341	-0.15177000000000002	0.0	-2.86614	-1.4323700000000001	-1.58592	0.341594	-0.653486	0.756937	0.00153899	0.0	0.0155784	0.015481899999999998	-0.9997590000000001	0.0	-0.756778	-0.653305	-0.0219092	0.0	2.98895	-2.60637	-2.60153	0.35964	
0	0.859915	0.35658	-0.365235	0.0	0.394947	-0.0115111	0.918632	0.0	0.323361	-0.9341940000000001	-0.150729	0.0	-2.86701	-1.43226	-1.58782	0.34143	-0.651238	0.758861	-0.00439525	0.0	0.018265700000000003	0.00988442	-0.999784	0.0	-0.758654	-0.6511779999999999	-0.0202986	0.0	2.98559	-2.6105099999999997	-2.59029	0.36054200000000003	
0	0.8597950000000001	0.35693400000000003	-0.365173	0.0	0.394527	-0.0103157	0.9188270000000001	0.0	0.324194	-0.9340729999999999	-0.14969000000000002	0.0	-2.8747599999999998	-1.43347	-1.5810600000000001	0.34129699999999996	-0.664179	0.7461770000000001	-0.0456693	0.0	0.042172900000000006	-0.0235943	-0.9988319999999999	0.0	-0.746383	-0.665329	-0.0157977	0.0	2.9573	-2.61472	-2.53547	0.359572	
0	0.859743	0.356417	-0.3658	0.0	0.394716	-0.00918158	0.9187569999999999	0.0	0.324102	-0.934282	-0.148577	0.0	-2.87398	-1.4335	-1.5802	0.34175700000000003	-0.6513359999999999	0.75215	-0.100165	0.0	0.07000880000000001	-0.0718742	-0.9949540000000001	0.0	-0.7555529999999999	-0.655061	-0.00584298	0.0	2.88227	-2.6028700000000002	-2.48805	0.358646	
0	0.8595229999999999	0.354479	-0.36819	0.0	0.395425	-0.00479559	0.918486	0.0	0.323818	-0.935052	-0.144292	0.0	-2.87048	-1.43416	-1.55762	0.341427	-0.610486	0.7688560000000001	-0.190175	0.0	0.11066300000000001	-0.154954	-0.9817040000000001	0.0	-0.784258	-0.620362	0.009513500000000001	0.0	2.77467	-2.57596	-2.3842	0.357288	
0	0.857151	0.354917	-0.373265	0.0	0.398491	0.0022	0.91717	0.0	0.32634	-0.934895	-0.139545	0.0	-2.8737	-1.4253	-1.55908	0.34120900000000004	-0.562704	0.77773	-0.280179	0.0	0.149214	-0.23780500000000002	-0.9597829999999999	0.0	-0.81308	-0.5818810000000001	0.017765400000000004	0.0	2.62047	-2.49843	-2.2462299999999997	0.35462	
0	0.8574120000000001	0.351929	-0.375487	0.0	0.40083	0.000928659	0.9161520000000001	0.0	0.32276900000000003	-0.936026	-0.140268	0.0	-2.8894599999999997	-1.41562	-1.5632700000000002	0.341129	-0.533311	0.7811739999999999	-0.324571	0.0	0.17815799999999998	-0.271361	-0.945845	0.0	-0.826946	-0.5622550000000001	0.00554705	0.0	2.46774	-2.36692	-2.12962	0.352612	
0	0.8582190000000001	0.34917800000000004	-0.37621	0.0	0.401092	0.00113889	0.9160370000000001	0.0	0.320289	-0.937056	-0.139075	0.0	-2.90231	-1.41077	-1.56735	0.341501	-0.45769499999999996	0.811008	-0.36439099999999996	0.0	0.204019	-0.303103	-0.9308620000000001	0.0	-0.8653850000000001	-0.500394	-0.0267324	0.0	2.18316	-1.98613	-2.0601700000000003	0.345089	
0	0.8576950000000001	0.351094	-0.37562199999999996	0.0	0.400595	0.00164391	0.9162540000000001	0.0	0.322309	-0.9363389999999999	-0.139236	0.0	-2.91379	-1.40767	-1.57294	0.341681	-0.43568599999999996	0.826601	-0.356242	0.0	0.20599299999999998	-0.29370999999999997	-0.933435	0.0	-0.87621	-0.48006800000000005	-0.0423083	0.0	2.01768	-1.62624	-1.99918	0.343871	
0	0.8577459999999999	0.352609	-0.374084	0.0	0.399433	0.000945058	0.9167620000000001	0.0	0.323612	-0.9357709999999999	-0.140033	0.0	-2.90555	-1.40923	-1.5677	0.34166799999999997	-0.431996	0.832313	-0.347327	0.0	0.20791300000000001	-0.282835	-0.936364	0.0	-0.877583	-0.47671899999999995	-0.0508652	0.0	1.9625599999999999	-1.42964	-1.94612	0.344887	
0	0.8573860000000001	0.353733	-0.373848	0.0	0.39847899999999997	0.00348404	0.917171	0.0	0.325736	-0.93534	-0.137968	0.0	-2.89929	-1.41301	-1.5605799999999999	0.341754	-0.44211300000000003	0.833992	-0.33014	0.0	0.20238299999999998	-0.265822	-0.9425389999999999	0.0	-0.8738290000000001	-0.48352399999999995	-0.0512626	0.0	1.95261	-1.3322100000000001	-1.84833	0.3458	
0	0.857477	0.354362	-0.37304299999999996	0.0	0.39769	0.00356055	0.9175129999999999	0.0	0.32646	-0.9351010000000001	-0.137873	0.0	-2.88748	-1.41608	-1.55379	0.34174	-0.44048000000000004	0.8414860000000001	-0.312857	0.0	0.191328	-0.25249099999999997	-0.9484950000000001	0.0	-0.877138	-0.47765100000000005	-0.0497829	0.0	1.9547599999999998	-1.31503	-1.83877	0.347558	
0	0.8568180000000001	0.35520300000000005	-0.373757	0.0	0.398392	0.00411912	0.917206	0.0	0.327334	-0.9347799999999999	-0.13798	0.0	-2.88342	-1.41598	-1.55702	0.34176	-0.440762	0.846894	-0.297489	0.0	0.184029	-0.239121	-0.953391	0.0	-0.8785569999999999	-0.47496400000000005	-0.0504577	0.0	1.9519900000000001	-1.36163	-1.89835	0.34980300000000003	
0	0.8555889999999999	0.357562	-0.374321	0.0	0.399016	0.0051251000000000005	0.9169299999999999	0.0	0.329778	-0.933875	-0.13828800000000002	0.0	-2.88387	-1.41388	-1.56301	0.34173000000000003	-0.45664399999999994	0.840289	-0.292215	0.0	0.17539000000000002	-0.236985	-0.955551	0.0	-0.8721899999999999	-0.487598	-0.0391613	0.0	1.9654900000000002	-1.44354	-1.85887	0.350896	
0	0.8557049999999999	0.357015	-0.374578	0.0	0.399348	0.00471654	0.9167870000000001	0.0	0.329074	-0.9340870000000001	-0.138537	0.0	-2.88923	-1.41416	-1.5557	0.342099	-0.459059	0.83941	-0.290957	0.0	0.174151	-0.23612600000000003	-0.95599	0.0	-0.8711690000000001	-0.489526	-0.037788699999999995	0.0	2.00228	-1.5149700000000001	-1.87968	0.35366	
0	0.855734	0.35801700000000003	-0.373555	0.0	0.39858499999999997	0.00422325	0.9171219999999999	0.0	0.329923	-0.9337059999999999	-0.139086	0.0	-2.8778	-1.4198	-1.53732	0.342231	-0.460075	0.838001	-0.293402	0.0	0.175569	-0.23806300000000002	-0.955249	0.0	-0.870348	-0.49099899999999996	-0.0376006	0.0	2.03586	-1.53793	-1.89075	0.354622	
0	0.855614	0.35909800000000003	-0.372791	0.0	0.397957	0.00417497	0.9173950000000001	0.0	0.330991	-0.933291	-0.13933299999999998	0.0	-2.8721099999999997	-1.42774	-1.50841	0.342263	-0.45990200000000003	0.837858	-0.294083	0.0	0.175538	-0.23886500000000002	-0.9550549999999999	0.0	-0.8704459999999999	-0.49085500000000004	-0.0372219	0.0	2.04963	-1.5395	-1.90462	0.355083	
0	0.8554790000000001	0.36080100000000004	-0.371454	0.0	0.398117	0.000462752	0.917335	0.0	0.33114699999999997	-0.932643	-0.143245	0.0	-2.86567	-1.42916	-1.50914	0.342618	-0.457566	0.839883	-0.291943	0.0	0.173087	-0.23791700000000002	-0.9557389999999999	0.0	-0.872167	-0.48784399999999994	-0.0365101	0.0	2.04902	-1.54417	-1.9097	0.355653	
0	0.8554649999999999	0.360791	-0.37149699999999997	0.0	0.398165	0.00045033199999999996	0.917314	0.0	0.33112600000000003	-0.9326469999999999	-0.143269	0.0	-2.86755	-1.42943	-1.50706	0.342652	-0.45754700000000004	0.839885	-0.29196500000000003	0.0	0.172956	-0.238017	-0.9557379999999999	0.0	-0.872202	-0.487792	-0.036358800000000004	0.0	2.0479700000000003	-1.54512	-1.90585	0.355621	
0	0.8554649999999999	0.360791	-0.371496	0.0	0.398165	0.000450329	0.917314	0.0	0.33112600000000003	-0.9326469999999999	-0.143269	0.0	-2.86755	-1.4294200000000001	-1.5070700000000001	0.34265100000000004	-0.45754799999999995	0.839884	-0.291966	0.0	0.172957	-0.238017	-0.9557370000000001	0.0	-0.872202	-0.48779300000000003	-0.0363594	0.0	2.04798	-1.54511	-1.9058700000000002	0.355621	
0	0.8554649999999999	0.360791	-0.37149699999999997	0.0	0.398165	0.000450329	0.917314	0.0	0.33112600000000003	-0.9326469999999999	-0.143269	0.0	-2.86755	-1.4294200000000001	-1.5070700000000001	0.34265100000000004	-0.45754799999999995	0.839884	-0.291966	0.0	0.172957	-0.238017	-0.9557370000000001	0.0	-0.872202	-0.48779300000000003	-0.0363595	0.0	2.04798	-1.54511	-1.9058700000000002	0.355621	
0	0.8554649999999999	0.360791	-0.37149699999999997	0.0	0.398165	0.000450329	0.917314	0.0	0.33112600000000003	-0.9326469999999999	-0.143269	0.0	-2.86755	-1.4294200000000001	-1.5070700000000001	0.34265100000000004	-0.45754799999999995	0.839884	-0.291966	0.0	0.172957	-0.238017	-0.9557370000000001	0.0	-0.872202	-0.48779300000000003	-0.0363595	0.0	2.04798	-1.54511	-1.9058700000000002	0.355621	
0	0.8554649999999999	0.360791	-0.37149699999999997	0.0	0.398165	0.000450329	0.917314	0.0	0.33112600000000003	-0.9326469999999999	-0.143269	0.0	-2.86755	-1.4294200000000001	-1.5070700000000001	0.34265100000000004	-0.45754799999999995	0.839884	-0.291966	0.0	0.172957	-0.238017	-0.9557370000000001	0.0	-0.872202	-0.48779300000000003	-0.0363594	0.0	2.04798	-1.54511	-1.9058700000000002	0.355621	
0	0.8554649999999999	0.360791	-0.37149699999999997	0.0	0.398165	0.000450329	0.917314	0.0	0.33112600000000003	-0.9326469999999999	-0.143269	0.0	-2.86755	-1.4294200000000001	-1.5070700000000001	0.34265100000000004	-0.45754799999999995	0.839884	-0.291966	0.0	0.172957	-0.238017	-0.9557370000000001	0.0	-0.872202	-0.48779300000000003	-0.0363594	0.0	2.04798	-1.54511	-1.9058700000000002	0.355621	
0	0.8554649999999999	0.360791	-0.371496	0.0	0.398165	0.00045033	0.917314	0.0	0.33112600000000003	-0.9326469999999999	-0.143269	0.0	-2.86755	-1.4294200000000001	-1.5070700000000001	0.34265100000000004	-0.45754799999999995	0.839884	-0.291966	0.0	0.172957	-0.238017	-0.9557370000000001	0.0	-0.872202	-0.48779300000000003	-0.0363594	0.0	2.04798	-1.54511	-1.9058700000000002	0.355621	
0	0.8554649999999999	0.360791	-0.371496	0.0	0.398165	0.000450329	0.917314	0.0	0.33112600000000003	-0.9326469999999999	-0.143269	0.0	-2.86755	-1.4294200000000001	-1.5070700000000001	0.34265100000000004	-0.45754799999999995	0.839884	-0.291966	0.0	0.172957	-0.238017	-0.9557370000000001	0.0	-0.872202	-0.48779300000000003	-0.0363595	0.0	2.04798	-1.54511	-1.9058700000000002	0.355621	
0	0.8554649999999999	0.360791	-0.37149699999999997	0.0	0.398165	0.000450329	0.917314	0.0	0.33112600000000003	-0.9326469999999999	-0.143269	0.0	-2.86755	-1.4294200000000001	-1.5070700000000001	0.34265100000000004	-0.45754799999999995	0.839884	-0.291966	0.0	0.172957	-0.238017	-0.9557370000000001	0.0	-0.872202	-0.48779300000000003	-0.0363595	0.0	2.04798	-1.54511	-1.9058700000000002	0.355621	
0	0.8554649999999999	0.360791	-0.37149699999999997	0.0	0.398165	0.000450329	0.917314	0.0	0.33112600000000003	-0.9326469999999999	-0.143269	0.0	-2.86755	-1.4294200000000001	-1.5070700000000001	0.34265100000000004	-0.45754799999999995	0.839884	-0.291966	0.0	0.172957	-0.238017	-0.9557379999999999	0.0	-0.872202	-0.48779300000000003	-0.0363596	0.0	2.04798	-1.54511	-1.9058700000000002	0.355621	
0	0.8554649999999999	0.360791	-0.371496	0.0	0.398165	0.00045033	0.917314	0.0	0.33112600000000003	-0.9326469999999999	-0.143269	0.0	-2.86755	-1.4294200000000001	-1.5070700000000001	0.34265100000000004	-0.45754799999999995	0.839884	-0.291966	0.0	0.172957	-0.238017	-0.9557370000000001	0.0	-0.872202	-0.48779300000000003	-0.0363595	0.0	2.04798	-1.54511	-1.9058700000000002	0.355621	
0	0.8554649999999999	0.360791	-0.37149699999999997	0.0	0.398165	0.000450329	0.917314	0.0	0.33112600000000003	-0.9326469999999999	-0.143269	0.0	-2.86755	-1.4294200000000001	-1.5070700000000001	0.34265100000000004	-0.45754799999999995	0.839884	-0.291966	0.0	0.172957	-0.238017	-0.9557370000000001	0.0	-0.872202	-0.48779300000000003	-0.0363595	0.0	2.04798	-1.54511	-1.9058700000000002	0.355621	
0	0.8554649999999999	0.360791	-0.37149699999999997	0.0	0.398165	0.000450329	0.917314	0.0	0.33112600000000003	-0.9326469999999999	-0.143269	0.0	-2.86755	-1.4294200000000001	-1.5070700000000001	0.34265100000000004	-0.45754799999999995	0.839884	-0.291966	0.0	0.172957	-0.238017	-0.9557370000000001	0.0	-0.872202	-0.48779300000000003	-0.0363596	0.0	2.04798	-1.54511	-1.9058700000000002	0.355621	
0	0.8554649999999999	0.360791	-0.37149699999999997	0.0	0.398165	0.000450329	0.917314	0.0	0.33112600000000003	-0.9326469999999999	-0.143269	0.0	-2.86755	-1.4294200000000001	-1.5070700000000001	0.34265100000000004	-0.45754799999999995	0.839884	-0.291966	0.0	0.172957	-0.238017	-0.9557370000000001	0.0	-0.872202	-0.48779300000000003	-0.0363595	0.0	2.04798	-1.54511	-1.9058700000000002	0.355621	
0	0.8554649999999999	0.360791	-0.371496	0.0	0.398165	0.00045033	0.917314	0.0	0.33112600000000003	-0.9326469999999999	-0.143269	0.0	-2.86755	-1.4294200000000001	-1.5070700000000001	0.34265100000000004	-0.45754799999999995	0.839884	-0.291966	0.0	0.172957	-0.238017	-0.9557370000000001	0.0	-0.872202	-0.48779300000000003	-0.0363596	0.0	2.04798	-1.54511	-1.9058700000000002	0.355621	
0	0.8554649999999999	0.360791	-0.37149699999999997	0.0	0.398165	0.000450329	0.917314	0.0	0.33112600000000003	-0.9326469999999999	-0.143269	0.0	-2.86755	-1.4294200000000001	-1.5070700000000001	0.34265100000000004	-0.45754799999999995	0.839884	-0.291966	0.0	0.172957	-0.238017	-0.9557370000000001	0.0	-0.872202	-0.48779300000000003	-0.0363596	0.0	2.04798	-1.54511	-1.9058700000000002	0.355621	
0	0.8554649999999999	0.360791	-0.37149699999999997	0.0	0.398165	0.000450329	0.917314	0.0	0.33112600000000003	-0.9326469999999999	-0.143269	0.0	-2.86755	-1.4294200000000001	-1.5070700000000001	0.34265100000000004	-0.45754799999999995	0.839884	-0.291966	0.0	0.172957	-0.238017	-0.9557370000000001	0.0	-0.872202	-0.48779300000000003	-0.0363596	0.0	2.04798	-1.54511	-1.9058700000000002	0.355621	
0	0.8554649999999999	0.360791	-0.37149699999999997	0.0	0.398165	0.000450328	0.917314	0.0	0.33112600000000003	-0.9326469999999999	-0.143269	0.0	-2.86755	-1.4294200000000001	-1.5070700000000001	0.34265100000000004	-0.45754799999999995	0.839884	-0.291966	0.0	0.172957	-0.238017	-0.9557370000000001	0.0	-0.872202	-0.48779300000000003	-0.0363596	0.0	2.04798	-1.54511	-1.9058700000000002	0.355621	
0	0.8554649999999999	0.360791	-0.371496	0.0	0.398165	0.00045033	0.917314	0.0	0.33112600000000003	-0.9326469999999999	-0.143269	0.0	-2.86755	-1.4294200000000001	-1.5070700000000001	0.34265100000000004	-0.45754799999999995	0.839884	-0.291966	0.0	0.172957	-0.238017	-0.9557370000000001	0.0	-0.872202	-0.48779300000000003	-0.0363596	0.0	2.04798	-1.54511	-1.9058700000000002	0.355621	
0	0.8554649999999999	0.360791	-0.371496	0.0	0.398165	0.000450329	0.917314	0.0	0.33112600000000003	-0.9326469999999999	-0.143269	0.0	-2.86755	-1.4294200000000001	-1.5070700000000001	0.34265100000000004	-0.45754799999999995	0.839884	-0.291966	0.0	0.172957	-0.238017	-0.9557370000000001	0.0	-0.872202	-0.48779300000000003	-0.0363595	0.0	2.04798	-1.54511	-1.9058700000000002	0.355621	
0	0.8554649999999999	0.360791	-0.371496	0.0	0.398165	0.00045033	0.917314	0.0	0.33112600000000003	-0.9326469999999999	-0.143269	0.0	-2.86755	-1.4294200000000001	-1.5070700000000001	0.34265100000000004	-0.45754799999999995	0.839884	-0.291966	0.0	0.172957	-0.238017	-0.9557370000000001	0.0	-0.872202	-0.48779300000000003	-0.0363596	0.0	2.04798	-1.54511	-1.9058700000000002	0.355621	
0	0.8554649999999999	0.360791	-0.371496	0.0	0.398165	0.00045033	0.917314	0.0	0.33112600000000003	-0.9326469999999999	-0.143269	0.0	-2.86755	-1.4294200000000001	-1.5070700000000001	0.34265100000000004	-0.45754799999999995	0.839884	-0.291966	0.0	0.172957	-0.238017	-0.9557370000000001	0.0	-0.872202	-0.48779300000000003	-0.0363596	0.0	2.04798	-1.54511	-1.9058700000000002	0.355621	
0	0.261085	0.9172040000000001	-0.30095	0.0	0.273419	0.228731	0.9343040000000001	0.0	0.9257850000000001	-0.326218	-0.191063	0.0	-2.8397	-1.40129	-1.61059	0.332505	-0.182884	0.9476209999999999	-0.261856	0.0	0.271154	-0.20739899999999997	-0.939926	0.0	-0.945002	-0.24290100000000003	-0.219021	0.0	2.01208	-1.5191	-1.85513	0.358122	
0	0.275654	0.9364049999999999	-0.217166	0.0	0.26347600000000004	0.14366400000000001	0.953908	0.0	0.924443	-0.32016700000000003	-0.207119	0.0	-2.90326	-1.5357299999999998	-1.57718	0.330045	-0.19564600000000001	0.944575	-0.263631	0.0	0.26826500000000003	-0.207023	-0.940838	0.0	-0.943269	-0.254794	-0.21289299999999997	0.0	2.0192099999999997	-1.4915	-1.83971	0.357993	
0	0.565682	0.811384	-0.147173	0.0	0.232508	0.014294999999999999	0.9724889999999999	0.0	0.791166	-0.584339	-0.180567	0.0	-2.99229	-1.86391	-1.5535299999999999	0.330926	-0.180042	0.947838	-0.263038	0.0	0.258824	-0.21233600000000002	-0.9422969999999999	0.0	-0.948997	-0.237734	-0.20709299999999997	0.0	2.01746	-1.46001	-1.8419999999999999	0.35827	
0	0.716745	0.6879350000000001	-0.11411199999999999	0.0	0.17649600000000001	-0.0206513	0.984085	0.0	0.6746300000000001	-0.725479	-0.13622	0.0	-3.0693799999999998	-2.1354900000000003	-1.50993	0.329403	-0.17807699999999999	0.948198	-0.26307600000000003	0.0	0.253998	-0.213996	-0.943234	0.0	-0.9506700000000001	-0.234789	-0.202733	0.0	2.00263	-1.44685	-1.8144900000000002	0.359142	
0	0.796769	0.5927640000000001	-0.11742899999999999	0.0	0.140794	0.00687543	0.990015	0.0	0.587653	-0.805347	-0.0779797	0.0	-3.10879	-2.32281	-1.49932	0.328368	-0.16915	0.949609	-0.263876	0.0	0.25114000000000003	-0.21736799999999998	-0.9432280000000001	0.0	-0.9530569999999999	-0.22581700000000002	-0.201717	0.0	2.0028799999999998	-1.41497	-1.80982	0.35930100000000004	
0	0.86821	0.482521	-0.11568900000000001	0.0	0.11786700000000001	0.025926599999999998	0.992691	0.0	0.481994	-0.875501	-0.0343635	0.0	-3.0947400000000003	-2.4856700000000003	-1.4645299999999999	0.327947	-0.165383	0.9502780000000001	-0.263856	0.0	0.25295	-0.21771999999999997	-0.942664	0.0	-0.953239	-0.22264299999999998	-0.20436500000000002	0.0	2.00394	-1.38925	-1.81128	0.359279	
0	0.915214	0.38627	-0.1148	0.0	0.107795	0.0398269	0.993375	0.0	0.388283	-0.9215260000000001	-0.00518802	0.0	-3.1064700000000003	-2.62819	-1.4225700000000001	0.325998	-0.156617	0.952275	-0.261999	0.0	0.256332	-0.21699200000000002	-0.941918	0.0	-0.953816	-0.214679	-0.210115	0.0	2.01158	-1.35447	-1.81781	0.359155	
0	0.956472	0.278979	-0.08562230000000001	0.0	0.0786086	0.0362532	0.996246	0.0	0.281036	-0.9596129999999999	0.012745000000000001	0.0	-3.09203	-2.71808	-1.38561	0.32717399999999996	-0.15476099999999998	0.952789	-0.261232	0.0	0.254852	-0.216968	-0.942325	0.0	-0.954516	-0.21241	-0.209242	0.0	2.01943	-1.33501	-1.8159900000000002	0.35939099999999996	
0	0.97609	0.21085399999999999	-0.0528066	0.0	0.04888630000000001	0.0237657	0.9985219999999999	0.0	0.21179800000000001	-0.9772290000000001	0.012889600000000001	0.0	-3.06758	-2.76431	-1.4270100000000001	0.328586	-0.15318099999999998	0.9532360000000001	-0.260533	0.0	0.255818	-0.21640500000000001	-0.942192	0.0	-0.954512	-0.210975	-0.210706	0.0	2.02545	-1.32786	-1.8190099999999998	0.359606	
0	0.981678	0.188673	-0.0266634	0.0	0.0234166	0.0194172	0.9995370000000001	0.0	0.189103	-0.9818479999999999	0.0146433	0.0	-3.04347	-2.79323	-1.45897	0.328225	-0.152094	0.9535530000000001	-0.260009	0.0	0.257188	-0.215824	-0.941952	0.0	-0.954318	-0.210137	-0.212416	0.0	2.03257	-1.31856	-1.8224900000000002	0.359552	
0	0.984677	0.17189300000000002	0.0293949	0.0	-0.0295455	-0.00168325	0.9995620000000001	0.0	0.17186700000000002	-0.9851139999999999	0.0034211999999999997	0.0	-2.9161200000000003	-2.87279	-1.56693	0.331594	-0.135933	0.9554940000000001	-0.261827	0.0	0.26156799999999997	-0.22029	-0.93971	0.0	-0.955565	-0.196223	-0.219982	0.0	2.05212	-1.28989	-1.8365200000000002	0.35935	
0	0.983666	0.172982	0.0497794	0.0	-0.04743630000000001	-0.0176558	0.998718	0.0	0.17363900000000002	-0.9847670000000001	-0.00916185	0.0	-2.87777	-2.90216	-1.65136	0.332531	-0.130529	0.955832	-0.263339	0.0	0.262342	-0.22284600000000002	-0.938891	0.0	-0.9561059999999999	-0.191638	-0.221667	0.0	2.05593	-1.27729	-1.83863	0.35936999999999997	
0	0.9851049999999999	0.145751	0.0912398	0.0	-0.0889474	-0.0221827	0.9957889999999999	0.0	0.147161	-0.989073	-0.00888818	0.0	-2.85949	-2.94818	-1.68101	0.326957	-0.117155	0.9571649999999999	-0.264783	0.0	0.265585	-0.226712	-0.937052	0.0	-0.956943	-0.18010199999999998	-0.227648	0.0	2.06962	-1.2509700000000001	-1.85543	0.359392	
0	0.979792	0.165448	0.11240399999999999	0.0	-0.11697300000000001	0.0181048	0.99297	0.0	0.16225	-0.9860530000000001	0.037091900000000004	0.0	-2.85767	-3.10531	-1.72219	0.322062	-0.0855641	0.9605239999999999	-0.26471100000000003	0.0	0.268031	-0.2337	-0.934636	0.0	-0.9596030000000001	-0.150922	-0.237454	0.0	2.09758	-1.18335	-1.88818	0.359059	
0	0.977096	0.17326	0.123547	0.0	-0.131962	0.037877999999999995	0.9905309999999999	0.0	0.16694	-0.9841469999999999	0.059874300000000005	0.0	-2.8521	-3.21275	-1.73681	0.324376	-0.0728145	0.9614799999999999	-0.26505500000000004	0.0	0.270408	-0.23677399999999998	-0.933176	0.0	-0.959988	-0.139622	-0.24275100000000002	0.0	2.11194	-1.13994	-1.91205	0.35892399999999997	
0	0.9672270000000001	0.21382800000000002	0.136927	0.0	-0.15120799999999998	0.051849	0.9871409999999999	0.0	0.203979	-0.9754940000000001	0.0824823	0.0	-2.78705	-3.46561	-1.80342	0.314902	-0.05157230000000001	0.9630989999999999	-0.264162	0.0	0.276893	-0.24035399999999998	-0.9303549999999999	0.0	-0.959516	-0.121125	-0.254279	0.0	2.14183	-1.1027	-1.98632	0.358608	
0	0.9661379999999999	0.222548	0.130574	0.0	-0.156308	0.102171	0.98241	0.0	0.20529299999999998	-0.9695530000000001	0.133497	0.0	-2.78195	-3.52881	-1.8082099999999999	0.29741999999999996	-0.047872500000000005	0.9633780000000001	-0.263839	0.0	0.278186	-0.24083200000000002	-0.929845	0.0	-0.959333	-0.11791099999999999	-0.256469	0.0	2.15371	-1.0953600000000001	-2.00972	0.358795	
0	0.9660120000000001	0.22134600000000001	0.13351500000000002	0.0	-0.16452999999999998	0.12812	0.978016	0.0	0.199374	-0.966743	0.160183	0.0	-2.78431	-3.5363300000000004	-1.81122	0.297296	-0.046714599999999995	0.963326	-0.26423800000000003	0.0	0.277839	-0.241558	-0.9297610000000001	0.0	-0.959491	-0.116849	-0.256366	0.0	2.15686	-1.08998	-2.01002	0.35888000000000003	
0	0.971483	0.196211	0.13312100000000002	0.0	-0.160296	0.12978499999999998	0.978499	0.0	0.174715	-0.971935	0.15753599999999998	0.0	-2.78255	-3.5350900000000003	-1.81082	0.30021	-0.0427707	0.9638040000000001	-0.26316	0.0	0.277696	-0.241554	-0.9298049999999999	0.0	-0.959717	-0.112847	-0.257313	0.0	2.16456	-1.06303	-2.00568	0.358833	
0	0.973886	0.18206	0.135647	0.0	-0.160171	0.12750899999999998	0.9788190000000001	0.0	0.160908	-0.974985	0.15334	0.0	-2.78248	-3.53516	-1.8103799999999999	0.301009	-0.036496499999999994	0.9646819999999999	-0.260877	0.0	0.28194400000000003	-0.240506	-0.9287979999999999	0.0	-0.9587370000000001	-0.10745	-0.263209	0.0	2.17518	-1.0442799999999999	-2.02357	0.358558	
0	0.978455	0.172377	0.113633	0.0	-0.136578	0.127657	0.9823700000000001	0.0	0.154831	-0.9767239999999999	0.14845	0.0	-2.77597	-3.53485	-1.80854	0.29686599999999996	-0.0300543	0.9650110000000001	-0.260484	0.0	0.282982	-0.241725	-0.928165	0.0	-0.9586540000000001	-0.101608	-0.265816	0.0	2.1813	-1.03485	-2.04055	0.35846	
0	0.982291	0.173847	0.06986460000000001	0.0	-0.0937433	0.13317	0.98665	0.0	0.162222	-0.975727	0.147109	0.0	-2.76851	-3.5352300000000003	-1.8071400000000002	0.292369	-0.0292853	0.9649559999999999	-0.260772	0.0	0.283492	-0.242153	-0.927898	0.0	-0.958527	-0.101101	-0.266466	0.0	2.18243	-1.03267	-2.04724	0.358322	
0	0.988217	0.153049	-0.00194611	0.0	-0.0186002	0.1327	0.9909819999999999	0.0	0.151927	-0.979268	0.133983	0.0	-2.7507099999999998	-3.5361300000000004	-1.80286	0.180565	-0.0287777	0.964925	-0.260942	0.0	0.283043	-0.2425	-0.9279440000000001	0.0	-0.958676	-0.100562	-0.266137	0.0	2.18447	-1.02989	-2.04687	0.358209	
0	0.9932479999999999	0.10881800000000001	-0.0402122	0.0	0.0182241	0.195965	0.980442	0.0	0.11457	-0.9745540000000001	0.192659	0.0	-2.73809	-3.5153	-1.80738	0.11292	-0.0263512	0.9648049999999999	-0.261642	0.0	0.284064	-0.24371700000000002	-0.9273129999999999	0.0	-0.958443	-0.098759	-0.267644	0.0	2.1924799999999998	-1.03989	-2.05597	0.357912	
0	0.992627	0.104716	-0.061041	0.0	0.039559699999999996	0.19613699999999998	0.979778	0.0	0.114571	-0.9749690000000001	0.190548	0.0	-2.73271	-3.5137300000000002	-1.80625	0.11283800000000001	-0.0209569	0.964225	-0.264255	0.0	0.279265	-0.24814699999999998	-0.9275959999999999	0.0	-0.959986	-0.0932365	-0.264074	0.0	2.1878	-1.05336	-2.05288	0.358128	
0	0.9862280000000001	0.114505	-0.11934700000000001	0.0	0.100121	0.16103499999999998	0.981857	0.0	0.13164700000000001	-0.980284	0.14735299999999998	0.0	-2.73125	-3.51365	-1.7985400000000002	0.112481	-0.0158902	0.9607899999999999	-0.27681999999999995	0.0	0.274075	-0.262065	-0.9253129999999999	0.0	-0.961577	-0.09057280000000001	-0.259164	0.0	2.18445	-1.05779	-2.04181	0.358459	
0	0.971409	0.153331	-0.181257	0.0	0.156196	0.162206	0.974316	0.0	0.178794	-0.9747709999999999	0.13361900000000002	0.0	-2.7203	-3.51255	-1.79492	0.112613	-0.0245789	0.955887	-0.292704	0.0	0.274996	-0.275032	-0.921268	0.0	-0.961131	-0.10313599999999999	-0.256105	0.0	2.17302	-1.09568	-2.0277	0.358348	
