0	0.10357999999999999	0.944893	-0.31056300000000003	0.0	0.29959600000000003	0.2681	0.915623	0.0	0.948427	-0.187883	-0.255316	0.0	-2.8534	2.0302700000000002	1.38032	-1.4543499999999999e-05	-0.22585300000000003	0.957369	-0.1801	0.0	0.516475	-0.0390784	-0.855411	0.0	-0.825981	-0.28621399999999997	-0.48563100000000003	0.0	2.78752	2.00251	1.05897	0.0	
0	0.101995	0.9617979999999999	-0.254052	0.0	0.290815	0.21539899999999998	0.932218	0.0	0.951327	-0.168964	-0.257736	0.0	-2.92671	2.05626	1.33746	0.0	-0.256736	0.9579620000000001	-0.128045	0.0	0.531652	0.029343200000000003	-0.846455	0.0	-0.807114	-0.285391	-0.516836	0.0	2.86233	2.00557	0.871027	0.0	
0	0.04669330000000001	0.977727	-0.204622	0.0	0.28920100000000004	0.182841	0.9396450000000001	0.0	0.9561290000000001	-0.103052	-0.27422199999999997	0.0	-2.98628	2.17604	1.2122600000000001	8.15065e-05	-0.23502199999999998	0.96259	-0.134855	0.0	0.5372100000000001	0.013013	-0.843348	0.0	-0.8100430000000001	-0.27065100000000003	-0.520171	0.0	2.9688	2.05615	0.645695	0.0123304	
0	0.0570626	0.9968940000000001	-0.0542736	0.0	0.292896	0.0352541	0.9554940000000001	0.0	0.95444	-0.0704196	-0.28997399999999995	0.0	-2.9830900000000002	2.36191	1.10188	0.17842	-0.198001	0.966694	-0.16217	0.0	0.558971	-0.0245517	-0.828824	0.0	-0.8052	-0.254756	-0.535492	0.0	2.95865	2.15713	0.6011770000000001	0.26778	
0	0.129605	0.989871	0.057945800000000006	0.0	0.295171	-0.0943046	0.950779	0.0	0.9466129999999999	-0.10612200000000001	-0.304404	0.0	-2.9437	2.4447400000000004	1.01938	0.347539	-0.218534	0.9644360000000001	-0.148679	0.0	0.547396	-0.00497535	-0.836859	0.0	-0.807837	-0.264268	-0.526842	0.0	2.86521	2.21048	0.658135	0.322538	
0	0.154728	0.984359	0.08423860000000001	0.0	0.290995	-0.126891	0.9482719999999999	0.0	0.9441299999999999	-0.12221199999999999	-0.306077	0.0	-2.91648	2.43562	0.993273	0.347977	-0.23938800000000002	0.959945	-0.145602	0.0	0.532849	0.00453132	-0.846198	0.0	-0.8116439999999999	-0.28015300000000004	-0.512591	0.0	2.8174799999999998	2.2271099999999997	0.698054	0.355641	
0	0.18621600000000002	0.9754440000000001	0.11760999999999999	0.0	0.278543	-0.167206	0.945757	0.0	0.942198	-0.14335599999999998	-0.30284	0.0	-2.9205	2.3921799999999998	0.9674229999999999	0.34731	-0.287073	0.947534	-0.140603	0.0	0.5100560000000001	0.0269589	-0.859719	0.0	-0.810822	-0.318517	-0.49103500000000005	0.0	2.76063	2.13836	0.736494	0.355626	
0	0.20946700000000001	0.9667450000000001	0.146725	0.0	0.276158	-0.202434	0.939552	0.0	0.938009	-0.15628599999999998	-0.30937800000000004	0.0	-2.9388400000000003	2.33927	0.921175	0.347016	-0.341285	0.933757	-0.10780799999999999	0.0	0.48026199999999997	0.0746313	-0.873944	0.0	-0.808006	-0.35004	-0.473919	0.0	2.72024	2.02498	0.704711	0.356317	
0	0.32209	0.9194829999999999	0.22541	0.0	0.244094	-0.310706	0.9186290000000001	0.0	0.9147	-0.24086	-0.324515	0.0	-2.94722	2.23162	0.8997360000000001	0.347117	-0.45071400000000006	0.889156	-0.0791089	0.0	0.43960699999999997	0.143957	-0.8865790000000001	0.0	-0.7769189999999999	-0.43437	-0.45576300000000003	0.0	2.69628	1.7676900000000002	0.5685180000000001	0.357923	
0	0.473667	0.844332	0.250486	0.0	0.207866	-0.38355900000000004	0.899819	0.0	0.855822	-0.374148	-0.357187	0.0	-2.94085	2.02853	0.837651	0.348114	-0.596544	0.801798	-0.0354351	0.0	0.324992	0.200956	-0.924119	0.0	-0.7338359999999999	-0.5627939999999999	-0.380457	0.0	2.65984	1.36832	0.504892	0.36024	
0	0.6220060000000001	0.740525	0.254424	0.0	0.15769	-0.43673999999999996	0.885659	0.0	0.7669699999999999	-0.5107649999999999	-0.388428	0.0	-2.9786900000000003	1.6993599999999998	0.729445	0.348627	-0.697127	0.7158680000000001	-0.039347900000000005	0.0	0.25552800000000003	0.19681099999999999	-0.946557	0.0	-0.669866	-0.669925	-0.320127	0.0	2.6410299999999998	0.877282	0.395805	0.361779	
0	0.731921	0.636242	0.243902	0.0	0.100175	-0.454532	0.88508	0.0	0.673986	-0.623376	-0.396416	0.0	-3.04002	1.32992	0.604587	0.34912600000000005	-0.802322	0.596785	-0.0112266	0.0	0.174431	0.216435	-0.9605879999999999	0.0	-0.570835	-0.77266	-0.27774899999999997	0.0	2.69041	0.35651	0.2061	0.362124	
0	0.839383	0.5070319999999999	0.19584100000000002	0.0	0.0536125	-0.43578199999999995	0.8984540000000001	0.0	0.5408890000000001	-0.743648	-0.392971	0.0	-3.13788	0.841517	0.40210100000000004	0.348351	-0.8728969999999999	0.487781	-0.011007600000000001	0.0	0.122675	0.19758199999999998	-0.9725799999999999	0.0	-0.47223100000000007	-0.8503120000000001	-0.232308	0.0	2.8528	-0.242011	-0.126816	0.36309600000000003	
0	0.8827790000000001	0.43538999999999994	0.176454	0.0	0.020393	-0.410764	0.9115139999999999	0.0	0.46934499999999996	-0.801067	-0.37149299999999996	0.0	-3.17101	0.541451	0.162424	0.345955	-0.886969	0.461265	-0.0228279	0.0	0.11138699999999999	0.165693	-0.979867	0.0	-0.448196	-0.871654	-0.19834300000000002	0.0	2.90995	-0.44526400000000005	-0.344721	0.362415	
0	0.896969	0.40874099999999997	0.168456	0.0	0.00293435	-0.386538	0.922269	0.0	0.44208400000000003	-0.826752	-0.347912	0.0	-3.07934	0.428026	0.019577	0.34420500000000004	-0.896093	0.44190799999999997	-0.0416562	0.0	0.12601600000000002	0.163295	-0.9784959999999999	0.0	-0.42560299999999995	-0.882073	-0.202015	0.0	2.86528	-0.44788999999999995	-0.519618	0.36130999999999996	
0	0.9268370000000001	0.35768	0.114185	0.0	0.0116787	-0.331433	0.943407	0.0	0.375282	-0.873051	-0.31136199999999997	0.0	-2.9113599999999997	0.345197	-0.117949	0.34226799999999996	-0.897775	0.415026	-0.147491	0.0	0.18398699999999998	0.0491225	-0.9817	0.0	-0.400186	-0.908482	-0.12046	0.0	2.76221	-0.48616499999999996	-0.7001069999999999	0.362228	
0	0.947909	0.311712	0.0656086	0.0	0.0236878	-0.274373	0.961332	0.0	0.31766	-0.909701	-0.267465	0.0	-2.82964	0.152843	-0.212736	0.325125	-0.904913	0.377404	-0.196721	0.0	0.22320700000000002	0.027291500000000003	-0.974389	0.0	-0.362369	-0.9256469999999999	-0.10893599999999999	0.0	2.7239999999999998	-0.5442130000000001	-0.875799	0.36001500000000003	
0	0.960065	0.27769299999999997	0.034084699999999996	0.0	0.0347641	-0.23928899999999997	0.970326	0.0	0.277609	-0.930391	-0.239387	0.0	-2.77008	-0.0552692	-0.357665	0.313923	-0.8929959999999999	0.38002199999999997	-0.241128	0.0	0.265854	0.013097399999999999	-0.963925	0.0	-0.363154	-0.9248850000000001	-0.112727	0.0	2.65863	-0.5426850000000001	-1.17614	0.359687	
0	0.95539	0.29394899999999996	0.0286909	0.0	0.0222926	-0.168638	0.985426	0.0	0.294503	-0.9408270000000001	-0.167668	0.0	-2.6635299999999997	-0.32260900000000003	-0.501667	0.310614	-0.892476	0.37994	-0.24317399999999997	0.0	0.27391	0.028120599999999996	-0.9613440000000001	0.0	-0.358415	-0.924584	-0.129166	0.0	2.58953	-0.495341	-1.45929	0.35884	
0	0.9644159999999999	0.264369	0.00330257	0.0	0.0194824	-0.0835181	0.996316	0.0	0.263671	-0.960799	-0.0856967	0.0	-2.6552700000000002	-0.690404	-0.62312	0.307856	-0.8939520000000001	0.381605	-0.23500300000000002	0.0	0.266021	0.029830799999999998	-0.963506	0.0	-0.360669	-0.923844	-0.128183	0.0	2.5381099999999996	-0.443745	-1.67881	0.35946500000000003	
0	0.9586809999999999	0.284437	-0.00520839	0.0	-0.00179695	0.024362099999999998	0.9997020000000001	0.0	0.284479	-0.958385	0.023866599999999998	0.0	-2.7617700000000003	-1.0703799999999999	-0.7468239999999999	0.307979	-0.8918389999999999	0.392857	-0.224246	0.0	0.2599	0.03927340000000001	-0.964836	0.0	-0.370236	-0.918761	-0.137129	0.0	2.46632	-0.340897	-1.8445599999999998	0.35996999999999996	
0	0.958515	0.28465300000000004	-0.0149159	0.0	0.000617102	0.050256199999999994	0.9987360000000001	0.0	0.285043	-0.957313	0.0479957	0.0	-2.81618	-1.22231	-0.80667	0.308735	-0.8885770000000001	0.403577	-0.21807600000000002	0.0	0.259146	0.049358099999999995	-0.964576	0.0	-0.378517	-0.9136129999999999	-0.148444	0.0	2.43475	-0.27772600000000003	-1.89742	0.359985	
0	0.946133	0.315281	-0.073684	0.0	0.038913699999999996	0.11519800000000001	0.9925799999999999	0.0	0.32143	-0.941981	0.0967236	0.0	-3.00806	-1.4982	-1.02034	0.308373	-0.875662	0.433708	-0.2124	0.0	0.26222	0.05767769999999999	-0.963283	0.0	-0.405533	-0.899206	-0.164233	0.0	2.4241099999999998	-0.174868	-1.9755900000000002	0.360358	
0	0.94891	0.307214	-0.07204060000000001	0.0	0.0451869	0.0936539	0.9945790000000001	0.0	0.312296	-0.9470209999999999	0.074987	0.0	-3.0683	-1.49701	-1.22938	0.28370700000000004	-0.8704379999999999	0.44063500000000005	-0.219496	0.0	0.269181	0.052714300000000006	-0.9616459999999999	0.0	-0.41216400000000003	-0.8961370000000001	-0.164495	0.0	2.4445099999999997	-0.169853	-1.96672	0.360759	
0	0.944407	0.309098	-0.11203900000000001	0.0	0.07855269999999999	0.11877	0.9898100000000001	0.0	0.319255	-0.943585	0.0878868	0.0	-3.11701	-1.48666	-1.38345	0.276305	-0.8561620000000001	0.46499799999999997	-0.225307	0.0	0.28053	0.0521249	-0.9584290000000001	0.0	-0.43392299999999995	-0.883776	-0.175073	0.0	2.51457	-0.140809	-1.9536	0.360724	
0	0.928054	0.338881	-0.154515	0.0	0.110027	0.146893	0.9830139999999999	0.0	0.35582199999999997	-0.929291	0.09903839999999998	0.0	-3.13447	-1.4941200000000001	-1.4157899999999999	0.27568899999999996	-0.852519	0.47030299999999997	-0.228096	0.0	0.28410799999999997	0.0506403	-0.9574540000000001	0.0	-0.438742	-0.881051	-0.176789	0.0	2.54924	-0.13200599999999998	-1.94606	0.360869	
0	0.887035	0.392364	-0.24334899999999998	0.0	0.15479400000000001	0.243831	0.957384	0.0	0.43498000000000003	-0.8869030000000001	0.155551	0.0	-3.09092	-1.5452299999999999	-1.4640799999999998	0.282837	-0.8371290000000001	0.49471800000000005	-0.23338499999999998	0.0	0.295975	0.050852999999999995	-0.9538409999999999	0.0	-0.46001400000000003	-0.8675639999999999	-0.188995	0.0	2.62901	-0.108423	-1.94567	0.361185	
0	0.8721200000000001	0.412263	-0.26352600000000004	0.0	0.159114	0.270355	0.949521	0.0	0.46269799999999994	-0.870027	0.170185	0.0	-3.00793	-1.57817	-1.41984	0.28224499999999997	-0.82749	0.509391	-0.236181	0.0	0.302654	0.050360699999999994	-0.9517690000000001	0.0	-0.47292799999999996	-0.85906	-0.19584300000000002	0.0	2.6747900000000002	-0.120209	-1.96206	0.36144	
0	0.8617670000000001	0.426101	-0.275309	0.0	0.15948800000000002	0.287616	0.9443729999999999	0.0	0.48158199999999995	-0.8577379999999999	0.1799	0.0	-2.94906	-1.60798	-1.3383	0.28134699999999996	-0.8220540000000001	0.517709	-0.237076	0.0	0.30714600000000003	0.0525756	-0.950209	0.0	-0.479468	-0.8539399999999999	-0.202232	0.0	2.6972400000000003	-0.12209	-1.97724	0.361322	
0	0.852942	0.438802	-0.28274099999999996	0.0	0.159974	0.29585300000000003	0.941743	0.0	0.496888	-0.848483	0.182148	0.0	-2.8919799999999998	-1.63225	-1.2483600000000001	0.28072199999999997	-0.818063	0.5241899999999999	-0.236639	0.0	0.309638	0.0546875	-0.9492809999999999	0.0	-0.484662	-0.849844	-0.20704699999999998	0.0	2.70857	-0.12250799999999999	-1.9815599999999998	0.361202	
0	0.8561559999999999	0.4316	-0.284109	0.0	0.163393	0.295489	0.94127	0.0	0.490203	-0.8522959999999999	0.18246400000000002	0.0	-2.86952	-1.63765	-1.2204700000000002	0.284095	-0.8144170000000001	0.532305	-0.23103400000000002	0.0	0.30487	0.05374169999999999	-0.9508770000000001	0.0	-0.49373999999999996	-0.8448450000000001	-0.20605199999999999	0.0	2.69246	-0.135418	-1.96344	0.360984	
0	0.85375	0.43465200000000004	-0.286686	0.0	0.164879	0.296583	0.940667	0.0	0.493888	-0.8503629999999999	0.181543	0.0	-2.87094	-1.63819	-1.21508	0.28421399999999997	-0.810956	0.538204	-0.22953600000000002	0.0	0.299387	0.044631800000000006	-0.9530879999999999	0.0	-0.502711	-0.8416319999999999	-0.197326	0.0	2.65786	-0.153334	-1.93995	0.360914	
0	0.8527399999999999	0.43496599999999996	-0.28920500000000005	0.0	0.165364	0.30039	0.9393729999999999	0.0	0.49546899999999994	-0.848865	0.184227	0.0	-2.88003	-1.6421599999999998	-1.19791	0.283445	-0.809557	0.540655	-0.228714	0.0	0.296782	0.0407875	-0.954074	0.0	-0.506497	-0.840255	-0.193477	0.0	2.62885	-0.151288	-1.89588	0.36056	
0	0.850834	0.43656300000000003	-0.292392	0.0	0.164181	0.307723	0.937204	0.0	0.499125	-0.845411	0.190146	0.0	-2.8725099999999997	-1.65163	-1.16517	0.28313	-0.809633	0.54209	-0.225019	0.0	0.28886300000000004	0.034282	-0.956757	0.0	-0.510934	-0.839621	-0.184346	0.0	2.61829	-0.191055	-1.89557	0.36081399999999997	
0	0.848774	0.438933	-0.294822	0.0	0.15801300000000001	0.32154	0.9336190000000001	0.0	0.5045930000000001	-0.839017	0.203557	0.0	-2.83977	-1.67871	-1.05683	0.28276100000000004	-0.808552	0.542809	-0.227163	0.0	0.29241300000000003	0.035644999999999996	-0.955628	0.0	-0.510626	-0.8391	-0.18754500000000002	0.0	2.6461900000000003	-0.220867	-1.895	0.360983	
0	0.8503930000000001	0.43413999999999997	-0.297244	0.0	0.15805999999999998	0.32805700000000004	0.931341	0.0	0.501845	-0.838988	0.210358	0.0	-2.80404	-1.6921700000000002	-1.00735	0.28341900000000003	-0.8027479999999999	0.550996	-0.22803099999999998	0.0	0.29184	0.0295356	-0.956011	0.0	-0.5200239999999999	-0.8339850000000001	-0.18451199999999998	0.0	2.61558	-0.233971	-1.90552	0.36079	
0	0.8491489999999999	0.43678100000000003	-0.296931	0.0	0.15565	0.330282	0.93096	0.0	0.504696	-0.836742	0.21247399999999997	0.0	-2.79529	-1.69651	-0.9898299999999999	0.28269299999999997	-0.8038569999999999	0.551517	-0.22280999999999998	0.0	0.286194	0.030233999999999997	-0.9576950000000001	0.0	-0.5214479999999999	-0.833616	-0.182145	0.0	2.52753	-0.24314000000000002	-1.88766	0.360854	
0	0.8496239999999999	0.43576400000000004	-0.297066	0.0	0.155574	0.331123	0.930674	0.0	0.50392	-0.836939	0.213536	0.0	-2.78222	-1.69912	-0.983667	0.28277199999999997	-0.803312	0.5541510000000001	-0.218189	0.0	0.284416	0.035075199999999994	-0.958059	0.0	-0.523256	-0.831677	-0.18578599999999998	0.0	2.5657900000000002	-0.27965	-1.8963900000000002	0.36073299999999997	
0	0.8496020000000001	0.43581000000000003	-0.297063	0.0	0.155607	0.331043	0.9306969999999999	0.0	0.503948	-0.8369469999999999	0.213439	0.0	-2.7829099999999998	-1.69904	-0.983599	0.282698	-0.803299	0.554165	-0.218205	0.0	0.284428	0.0350586	-0.9580559999999999	0.0	-0.523271	-0.8316690000000001	-0.185783	0.0	2.56596	-0.279028	-1.89628	0.360662	
0	0.8496020000000001	0.43581000000000003	-0.297063	0.0	0.155607	0.331042	0.9306969999999999	0.0	0.503948	-0.8369469999999999	0.213439	0.0	-2.7829099999999998	-1.6990299999999998	-0.983614	0.282697	-0.803299	0.554164	-0.218204	0.0	0.284427	0.035058099999999995	-0.9580569999999999	0.0	-0.52327	-0.8316690000000001	-0.185782	0.0	2.5659	-0.278992	-1.89628	0.360661	
0	0.8496020000000001	0.43581099999999995	-0.297063	0.0	0.155607	0.331042	0.9306979999999999	0.0	0.503948	-0.8369469999999999	0.213439	0.0	-2.7829099999999998	-1.6990299999999998	-0.983614	0.282697	-0.803299	0.554164	-0.218204	0.0	0.284427	0.035058099999999995	-0.9580569999999999	0.0	-0.52327	-0.8316690000000001	-0.185781	0.0	2.5659	-0.27899	-1.8962700000000001	0.360661	
0	0.8496020000000001	0.43581000000000003	-0.297063	0.0	0.155607	0.331042	0.9306979999999999	0.0	0.503948	-0.8369469999999999	0.213439	0.0	-2.7829200000000003	-1.6990299999999998	-0.983614	0.282698	-0.803299	0.554164	-0.218204	0.0	0.284427	0.035058099999999995	-0.9580569999999999	0.0	-0.52327	-0.8316690000000001	-0.185781	0.0	2.5659	-0.27899	-1.8962700000000001	0.360661	
0	0.8496020000000001	0.43581000000000003	-0.297063	0.0	0.155607	0.331042	0.9306969999999999	0.0	0.503948	-0.8369469999999999	0.213439	0.0	-2.7829200000000003	-1.6990299999999998	-0.983614	0.282697	-0.803299	0.554164	-0.218204	0.0	0.284427	0.035058099999999995	-0.9580569999999999	0.0	-0.52327	-0.8316690000000001	-0.185781	0.0	2.5659	-0.27899	-1.8962700000000001	0.360661	
0	0.8496020000000001	0.43581000000000003	-0.297063	0.0	0.155607	0.331042	0.9306969999999999	0.0	0.503948	-0.8369469999999999	0.213439	0.0	-2.7829200000000003	-1.6990299999999998	-0.983615	0.282697	-0.803299	0.554164	-0.218204	0.0	0.284427	0.035058099999999995	-0.9580569999999999	0.0	-0.52327	-0.8316690000000001	-0.185781	0.0	2.5659	-0.27899	-1.8962700000000001	0.360661	
0	0.8496020000000001	0.43581000000000003	-0.297063	0.0	0.155607	0.331042	0.9306969999999999	0.0	0.503948	-0.8369469999999999	0.213439	0.0	-2.7829200000000003	-1.6990299999999998	-0.983615	0.282697	-0.803299	0.554164	-0.218204	0.0	0.284427	0.035058099999999995	-0.9580569999999999	0.0	-0.52327	-0.8316690000000001	-0.185781	0.0	2.5659	-0.27899	-1.8962700000000001	0.360661	
0	0.8496020000000001	0.43581000000000003	-0.297063	0.0	0.155607	0.331042	0.9306969999999999	0.0	0.503948	-0.8369469999999999	0.213439	0.0	-2.7829099999999998	-1.6990299999999998	-0.983614	0.282697	-0.803299	0.554164	-0.218204	0.0	0.284427	0.035058099999999995	-0.9580569999999999	0.0	-0.52327	-0.8316690000000001	-0.185781	0.0	2.5659	-0.27899	-1.8962700000000001	0.360661	
0	0.8496020000000001	0.43581000000000003	-0.297063	0.0	0.155607	0.331042	0.9306969999999999	0.0	0.503948	-0.8369469999999999	0.213439	0.0	-2.7829099999999998	-1.6990299999999998	-0.983614	0.282697	-0.803299	0.554164	-0.218204	0.0	0.284427	0.035058099999999995	-0.9580569999999999	0.0	-0.52327	-0.8316690000000001	-0.185781	0.0	2.5659	-0.27899	-1.8962700000000001	0.360661	
0	0.8496020000000001	0.43581000000000003	-0.297063	0.0	0.155607	0.331042	0.9306969999999999	0.0	0.503948	-0.8369469999999999	0.213439	0.0	-2.7829200000000003	-1.6990299999999998	-0.983615	0.282697	-0.803299	0.554164	-0.218204	0.0	0.284427	0.035058099999999995	-0.9580569999999999	0.0	-0.52327	-0.8316690000000001	-0.185781	0.0	2.5659	-0.27899	-1.8962700000000001	0.360661	
0	0.8496020000000001	0.43581000000000003	-0.297063	0.0	0.155607	0.331042	0.9306969999999999	0.0	0.503948	-0.8369469999999999	0.213439	0.0	-2.7829200000000003	-1.6990299999999998	-0.983615	0.282697	-0.803299	0.554164	-0.218204	0.0	0.284427	0.035058099999999995	-0.9580569999999999	0.0	-0.52327	-0.8316690000000001	-0.185781	0.0	2.5659	-0.278989	-1.8962700000000001	0.360661	
0	0.8496020000000001	0.43581000000000003	-0.297063	0.0	0.155607	0.331042	0.9306969999999999	0.0	0.503948	-0.8369469999999999	0.213439	0.0	-2.7829200000000003	-1.6990299999999998	-0.983615	0.282697	-0.803299	0.554164	-0.218204	0.0	0.284427	0.035058099999999995	-0.9580569999999999	0.0	-0.52327	-0.8316690000000001	-0.185781	0.0	2.5659	-0.27899	-1.8962700000000001	0.360661	
0	0.8496020000000001	0.43581000000000003	-0.297063	0.0	0.155607	0.331042	0.9306969999999999	0.0	0.503948	-0.8369469999999999	0.213439	0.0	-2.7829099999999998	-1.6990299999999998	-0.983614	0.282697	-0.803299	0.554164	-0.218204	0.0	0.284427	0.035058099999999995	-0.9580569999999999	0.0	-0.52327	-0.8316690000000001	-0.185781	0.0	2.5659	-0.27899	-1.8962700000000001	0.360661	
0	0.8496020000000001	0.43581000000000003	-0.297063	0.0	0.155607	0.331042	0.9306969999999999	0.0	0.503948	-0.8369469999999999	0.213439	0.0	-2.7829099999999998	-1.6990299999999998	-0.983615	0.282697	-0.803299	0.554164	-0.218204	0.0	0.284427	0.035058099999999995	-0.9580569999999999	0.0	-0.52327	-0.8316690000000001	-0.185781	0.0	2.5659	-0.27899	-1.8962700000000001	0.360661	
0	0.8496020000000001	0.43581000000000003	-0.297063	0.0	0.155607	0.331042	0.9306969999999999	0.0	0.503948	-0.8369469999999999	0.213439	0.0	-2.7829099999999998	-1.6990299999999998	-0.983615	0.282697	-0.803299	0.554164	-0.218204	0.0	0.284427	0.035058099999999995	-0.9580569999999999	0.0	-0.52327	-0.8316690000000001	-0.185781	0.0	2.5659	-0.27899	-1.8962700000000001	0.360661	
0	0.8496020000000001	0.43581000000000003	-0.297063	0.0	0.155607	0.331042	0.9306969999999999	0.0	0.503948	-0.8369469999999999	0.213439	0.0	-2.7829200000000003	-1.6990299999999998	-0.983615	0.282697	-0.803299	0.554164	-0.218204	0.0	0.284427	0.035058099999999995	-0.9580569999999999	0.0	-0.52327	-0.8316690000000001	-0.185781	0.0	2.5659	-0.27899	-1.8962700000000001	0.360661	
0	0.8496020000000001	0.43581000000000003	-0.297063	0.0	0.155607	0.331042	0.9306969999999999	0.0	0.503948	-0.8369469999999999	0.213439	0.0	-2.7829200000000003	-1.6990299999999998	-0.983615	0.282697	-0.803299	0.554164	-0.218204	0.0	0.284427	0.035058099999999995	-0.9580569999999999	0.0	-0.52327	-0.8316690000000001	-0.185781	0.0	2.5659	-0.27899	-1.8962700000000001	0.360661	
0	0.8496020000000001	0.43581000000000003	-0.297063	0.0	0.155607	0.331042	0.9306969999999999	0.0	0.503948	-0.8369469999999999	0.213439	0.0	-2.7829200000000003	-1.6990299999999998	-0.983615	0.282697	-0.803299	0.554164	-0.218204	0.0	0.284427	0.035058099999999995	-0.9580569999999999	0.0	-0.52327	-0.8316690000000001	-0.185781	0.0	2.5659	-0.27899	-1.8962700000000001	0.360661	
0	0.8496020000000001	0.43581000000000003	-0.297063	0.0	0.155607	0.331042	0.9306969999999999	0.0	0.503948	-0.8369469999999999	0.213439	0.0	-2.7829200000000003	-1.6990299999999998	-0.983615	0.282697	-0.803299	0.554164	-0.218204	0.0	0.284427	0.035058099999999995	-0.9580569999999999	0.0	-0.52327	-0.8316690000000001	-0.185781	0.0	2.5659	-0.27899	-1.8962700000000001	0.360661	
0	0.8496020000000001	0.43581000000000003	-0.297063	0.0	0.155607	0.331042	0.9306969999999999	0.0	0.503948	-0.8369469999999999	0.213439	0.0	-2.7829200000000003	-1.6990299999999998	-0.983615	0.282697	-0.803299	0.554164	-0.218204	0.0	0.284427	0.035058099999999995	-0.9580569999999999	0.0	-0.52327	-0.8316690000000001	-0.185781	0.0	2.5659	-0.27899	-1.8962700000000001	0.360661	
0	0.46771599999999997	0.8802409999999999	-0.08011069999999999	0.0	0.24383400000000002	-0.041378399999999996	0.968934	0.0	0.8495799999999999	-0.47272	-0.233986	0.0	-2.85282	-1.9081700000000001	-1.1441700000000001	0.286116	-0.257795	0.924484	-0.280841	0.0	0.39058000000000004	-0.16614500000000001	-0.905452	0.0	-0.8837360000000001	-0.343112	-0.318254	0.0	2.5114900000000002	-0.257799	-1.88514	0.362238	
0	0.703377	0.707151	-0.07210230000000001	0.0	0.23798699999999998	-0.1387	0.9613139999999999	0.0	0.6697930000000001	-0.693326	-0.26585	0.0	-2.9927599999999996	-2.29073	-1.27453	0.28783200000000003	-0.248556	0.926048	-0.283999	0.0	0.37990999999999997	-0.176503	-0.9080280000000001	0.0	-0.8910040000000001	-0.33359	-0.307944	0.0	2.467	-0.242157	-1.80708	0.36251300000000003	
0	0.7941	0.601637	-0.0862423	0.0	0.200677	-0.125602	0.9715729999999999	0.0	0.573702	-0.788832	-0.220475	0.0	-3.0660000000000003	-2.5457099999999997	-1.3466799999999999	0.291504	-0.25353200000000004	0.9268350000000001	-0.276945	0.0	0.379825	-0.167923	-0.90969	0.0	-0.8896370000000001	-0.335826	-0.309462	0.0	2.43313	-0.20046	-1.7671	0.36273299999999997	
0	0.843649	0.530093	-0.08519600000000001	0.0	0.175375	-0.12210499999999999	0.9769	0.0	0.507445	-0.839102	-0.195979	0.0	-3.0479700000000003	-2.66506	-1.36733	0.291483	-0.255695	0.926059	-0.277552	0.0	0.381637	-0.16709000000000002	-0.909084	0.0	-0.888242	-0.338372	-0.310694	0.0	2.4330000000000003	-0.191893	-1.7626	0.362555	
0	0.9169940000000001	0.386865	-0.09724529999999999	0.0	0.153666	-0.117622	0.9810969999999999	0.0	0.368114	-0.9146040000000001	-0.16730699999999998	0.0	-2.99837	-2.83297	-1.38141	0.293138	-0.251237	0.9268049999999999	-0.279129	0.0	0.382977	-0.16966199999999998	-0.9080440000000001	0.0	-0.8889370000000001	-0.33503499999999997	-0.31232	0.0	2.45043	-0.19024100000000002	-1.76384	0.362555	
0	0.949901	0.300387	-0.0863424	0.0	0.12133900000000002	-0.0998388	0.987577	0.0	0.288035	-0.948578	-0.13128599999999999	0.0	-2.93602	-2.95988	-1.5025700000000002	0.29468	-0.2365	0.931435	-0.276579	0.0	0.387166	-0.17074	-0.906063	0.0	-0.8911620000000001	-0.321366	-0.32024	0.0	2.49277	-0.16078499999999998	-1.77442	0.362448	
0	0.9643120000000001	0.253535	-0.0763075	0.0	0.10230800000000001	-0.0909854	0.990583	0.0	0.244205	-0.963038	-0.113677	0.0	-2.8614	-3.04128	-1.57489	0.29331599999999997	-0.23313899999999999	0.932615	-0.275455	0.0	0.39197600000000005	-0.169104	-0.9043	0.0	-0.8899450000000001	-0.318799	-0.326138	0.0	2.51749	-0.146608	-1.78172	0.362415	
0	0.9731040000000001	0.21896999999999997	-0.0715625	0.0	0.0905808	-0.0780722	0.9928239999999999	0.0	0.211812	-0.9726030000000001	-0.0958068	0.0	-2.77588	-3.1209700000000002	-1.6428599999999998	0.290945	-0.22226300000000002	0.9353469999999999	-0.275181	0.0	0.395329	-0.171542	-0.902379	0.0	-0.891243	-0.309352	-0.33164299999999997	0.0	2.54534	-0.115934	-1.8021900000000002	0.362115	
0	0.980317	0.18795499999999998	-0.060422500000000004	0.0	0.0728985	-0.0601831	0.9955219999999999	0.0	0.183477	-0.980332	-0.07270019999999999	0.0	-2.71483	-3.2059	-1.6733	0.2866	-0.215292	0.9368209999999999	-0.27570900000000004	0.0	0.397625	-0.173772	-0.900943	0.0	-0.891933	-0.303595	-0.335092	0.0	2.55931	-0.0770308	-1.79709	0.362158	
0	0.987844	0.138652	-0.07028630000000001	0.0	0.0745069	-0.025481900000000002	0.9968950000000001	0.0	0.13643	-0.9900129999999999	-0.0355026	0.0	-2.6493	-3.29578	-1.7110299999999998	0.284895	-0.200156	0.9397770000000001	-0.277052	0.0	0.400314	-0.179652	-0.898596	0.0	-0.894252	-0.290767	-0.34024699999999997	0.0	2.56947	-0.052722000000000005	-1.79394	0.362087	
0	0.989294	0.130522	-0.0652831	0.0	0.0651669	0.00516568	0.9978610000000001	0.0	0.13058	-0.991432	-0.00339532	0.0	-2.63312	-3.40765	-1.7421900000000001	0.284061	-0.18558	0.943274	-0.275308	0.0	0.40308499999999997	-0.18243900000000002	-0.8967930000000001	0.0	-0.896149	-0.27739899999999995	-0.34636300000000003	0.0	2.5792	-0.027564799999999997	-1.8025200000000001	0.36189299999999996	
0	0.9926440000000001	0.105823	-0.058817799999999996	0.0	0.053069000000000005	0.0563462	0.997	0.0	0.108819	-0.9927870000000001	0.0503158	0.0	-2.60758	-3.52541	-1.7921099999999999	0.281595	-0.168485	0.946649	-0.274715	0.0	0.405169	-0.187556	-0.8947959999999999	0.0	-0.898583	-0.26206599999999997	-0.351953	0.0	2.59802	0.017036799999999998	-1.80885	0.361631	
0	0.99561	0.08536060000000001	-0.0383931	0.0	0.0391499	-0.00720887	0.999207	0.0	0.08501619999999999	-0.996324	-0.0105191	0.0	-2.6103400000000003	-3.5652800000000004	-1.7933299999999999	0.287141	-0.163547	0.9474379999999999	-0.274979	0.0	0.404477	-0.189831	-0.8946299999999999	0.0	-0.899806	-0.257537	-0.352171	0.0	2.60501	0.0396994	-1.8112599999999999	0.361671	
0	0.99774	0.059697900000000005	-0.030833799999999998	0.0	0.0346625	-0.0642	0.9973350000000001	0.0	0.05755930000000001	-0.99615	-0.0661242	0.0	-2.61891	-3.59275	-1.7870599999999999	0.283173	-0.156443	0.9487969999999999	-0.274427	0.0	0.407882	-0.190987	-0.8928360000000001	0.0	-0.899532	-0.251612	-0.357118	0.0	2.61367	0.0735823	-1.81377	0.36166	
0	0.997509	0.0587001	-0.039109	0.0	0.040751499999999996	-0.027049599999999997	0.9988030000000001	0.0	0.057572000000000005	-0.997909	-0.0293743	0.0	-2.6295599999999997	-3.5948599999999997	-1.79103	0.280876	-0.145362	0.9517479999999999	-0.27026999999999995	0.0	0.40921	-0.190875	-0.892252	0.0	-0.9007870000000001	-0.24029699999999998	-0.361718	0.0	2.62074	0.100603	-1.8153	0.361482	
0	0.998316	0.0535008	-0.0224273	0.0	0.024492700000000003	-0.038267	0.998967	0.0	0.052587300000000003	-0.997834	-0.039512900000000004	0.0	-2.63489	-3.59859	-1.7894900000000002	0.283019	-0.138147	0.953701	-0.267151	0.0	0.409518	-0.19059500000000001	-0.8921709999999999	0.0	-0.901782	-0.232654	-0.364228	0.0	2.63032	0.13280899999999998	-1.8099299999999998	0.361229	
0	0.998542	0.045795300000000004	-0.0285704	0.0	0.0307012	-0.0465202	0.998446	0.0	0.0443951	-0.9978670000000001	-0.0478584	0.0	-2.63267	-3.60081	-1.78931	0.283922	-0.128825	0.9549479999999999	-0.267355	0.0	0.41028100000000006	-0.19412000000000001	-0.8910600000000001	0.0	-0.9028149999999999	-0.22448099999999999	-0.366789	0.0	2.64486	0.165866	-1.79687	0.361212	
0	0.998497	0.044039	-0.0326091	0.0	0.035080099999999996	-0.05655269999999999	0.997783	0.0	0.042097300000000004	-0.9974280000000001	-0.05801269999999999	0.0	-2.63145	-3.6033199999999996	-1.78915	0.288894	-0.123601	0.955889	-0.266455	0.0	0.41295200000000004	-0.194613	-0.889717	0.0	-0.902327	-0.22000300000000003	-0.370683	0.0	2.6639	0.178761	-1.78863	0.36082600000000004	
0	0.998151	0.046772	-0.0388275	0.0	0.0409708	-0.0457728	0.9981110000000001	0.0	0.0449064	-0.997856	-0.047604400000000005	0.0	-2.6321	-3.6013599999999997	-1.78965	0.264191	-0.1184	0.9563290000000001	-0.267241	0.0	0.417283	-0.196295	-0.887324	0.0	-0.9010309999999999	-0.216574	-0.375819	0.0	2.67604	0.184273	-1.7934599999999998	0.360415	
0	0.996293	0.07597260000000002	-0.040346	0.0	0.039950599999999996	0.00671813	0.999179	0.0	0.0761813	-0.9970870000000001	0.00365808	0.0	-2.63957	-3.5876300000000003	-1.79272	0.14393399999999998	-0.11018299999999999	0.9561639999999999	-0.271311	0.0	0.419138	-0.20281400000000002	-0.8849799999999999	0.0	-0.9012120000000001	-0.211227	-0.378418	0.0	2.69056	0.18800999999999998	-1.81168	0.360001	
0	0.9898370000000001	0.09106399999999999	-0.109225	0.0	0.108411	0.013850799999999998	0.9940100000000001	0.0	0.0920314	-0.995749	0.00383771	0.0	-2.64087	-3.58656	-1.79567	0.142336	-0.0928039	0.9577129999999999	-0.27234899999999995	0.0	0.417308	-0.210934	-0.8839459999999999	0.0	-0.904014	-0.195687	-0.380085	0.0	2.7029	0.200271	-1.8152099999999998	0.359978	
0	0.9884870000000001	0.0727868	-0.132649	0.0	0.13225699999999999	0.010206100000000001	0.9911629999999999	0.0	0.07349739999999999	-0.997295	0.00046205800000000005	0.0	-2.63253	-3.5882099999999997	-1.79709	0.142172	-0.08971330000000001	0.958248	-0.271499	0.0	0.417984	-0.211206	-0.8835620000000001	0.0	-0.904014	-0.192749	-0.38158400000000003	0.0	2.7082599999999997	0.211115	-1.81105	0.359875	
0	0.987692	0.059732600000000004	-0.144558	0.0	0.142794	0.0328461	0.989207	0.0	0.06383609999999999	-0.997674	0.023912400000000004	0.0	-2.6438599999999997	-3.5863199999999997	-1.7956	0.141948	-0.08419589999999999	0.959741	-0.26797	0.0	0.423426	-0.208977	-0.881498	0.0	-0.9020100000000001	-0.187684	-0.388784	0.0	2.72917	0.21624899999999997	-1.8274099999999998	0.35968	
0	0.988708	0.07482689999999999	-0.129839	0.0	0.127716	0.032503	0.9912780000000001	0.0	0.07839439999999999	-0.996667	0.0225793	0.0	-2.66758	-3.5871800000000005	-1.7919599999999998	0.14211500000000002	-0.08180760000000001	0.960583	-0.265685	0.0	0.427642	-0.20695999999999998	-0.8799379999999999	0.0	-0.9002389999999999	-0.185604	-0.393854	0.0	2.7311400000000003	0.215337	-1.8489099999999998	0.359471	
0	0.985432	0.0843772	-0.14766300000000002	0.0	0.147122	0.0126297	0.989038	0.0	0.0853171	-0.9963540000000001	3.18941e-05	0.0	-2.70402	-3.58797	-1.7859900000000002	0.14189100000000002	-0.06617510000000001	0.9568909999999999	-0.28280900000000003	0.0	0.445309	-0.22531700000000002	-0.866563	0.0	-0.892928	-0.183282	-0.41120200000000007	0.0	2.73537	0.19625399999999998	-1.89645	0.35952199999999995	
0	0.975258	0.141032	-0.170243	0.0	0.175494	-0.0255807	0.9841479999999999	0.0	0.134442	-0.989675	-0.0496981	0.0	-2.81425	-3.5789199999999997	-1.7618200000000002	0.141672	-0.0413566	0.944629	-0.325524	0.0	0.475542	-0.267925	-0.8379	0.0	-0.8787209999999999	-0.189453	-0.43813	0.0	2.7644	0.17006400000000002	-1.9781400000000002	0.358586	
0	0.967366	0.17163299999999998	-0.18640199999999998	0.0	0.206155	-0.1054	0.972826	0.0	0.147322	-0.979506	-0.137344	0.0	-2.83174	-3.57635	-1.7095099999999999	0.14148	-0.0285379	0.9323100000000001	-0.360532	0.0	0.5018640000000001	-0.298562	-0.8117840000000001	0.0	-0.864476	-0.204104	-0.459373	0.0	2.7821	0.142841	-2.04213	0.358574	
0	0.958733	0.21918400000000002	-0.18108	0.0	0.23692399999999997	-0.263867	0.935009	0.0	0.157158	-0.939326	-0.304908	0.0	-2.89838	-2.97629	-1.57446	0.141276	-0.034875199999999995	0.868973	-0.493629	0.0	0.556141	-0.393512	-0.7320220000000001	0.0	-0.830356	-0.300056	-0.46954799999999997	0.0	2.85161	-0.0941954	-2.218	0.35816	
0	0.9598559999999999	0.22679699999999997	-0.165042	0.0	0.23471799999999998	-0.327303	0.9153040000000001	0.0	0.153569	-0.917298	-0.367397	0.0	-2.90119	-2.69102	-1.5292299999999999	0.141353	-0.0516811	0.83621	-0.545968	0.0	0.5684319999999999	-0.424867	-0.704538	0.0	-0.821106	-0.34675700000000004	-0.453371	0.0	2.86293	-0.23273200000000002	-2.26263	0.35844899999999996	
1	0.924703	0.354062	-0.13987	0.0	0.302197	-0.45925900000000003	0.8353200000000001	0.0	0.231519	-0.8146909999999999	-0.531675	0.0	-3.26175	-1.04221	-1.9191099999999999	0.14185599999999998	-0.113455	0.709834	-0.695172	0.0	0.596703	-0.5107659999999999	-0.618922	0.0	-0.794402	-0.48503100000000005	-0.365611	0.0	2.87743	-0.80303	-2.41063	0.356713	
1	0.9040889999999999	0.40923400000000004	-0.12308599999999999	0.0	0.323525	-0.467265	0.8227969999999999	0.0	0.27920300000000003	-0.7837029999999999	-0.554847	0.0	-3.2428	-0.777048	-1.9069099999999999	0.141714	-0.130975	0.664257	-0.7359399999999999	0.0	0.589141	-0.54489	-0.596665	0.0	-0.797345	-0.51172	-0.319974	0.0	2.87226	-0.947883	-2.45585	0.354224	
1	0.835677	0.549198	0.00501983	0.0	0.333398	-0.51453	0.790003	0.0	0.43645100000000003	-0.658514	-0.613083	0.0	-3.13619	-0.18015699999999998	-1.9414900000000002	0.141706	-0.138113	0.568438	-0.811051	0.0	0.570859	-0.623498	-0.5342	0.0	-0.809348	-0.536776	-0.23838499999999999	0.0	2.79072	-1.19765	-2.59442	0.34721199999999997	
1	0.731129	0.670776	0.124543	0.0	0.316081	-0.494817	0.809475	0.0	0.6046020000000001	-0.552465	-0.5737939999999999	0.0	-2.92633	-0.07111139999999999	-1.9918900000000002	0.141689	-0.150059	0.533365	-0.832469	0.0	0.548916	-0.655362	-0.518838	0.0	-0.822298	-0.5348109999999999	-0.19443	0.0	2.72308	-1.31339	-2.74071	0.344092	
1	0.620781	0.756944	0.204126	0.0	0.30433899999999997	-0.47262299999999996	0.827046	0.0	0.7225020000000001	-0.451291	-0.523763	0.0	-2.55858	-0.07272410000000001	-2.05593	0.141878	-0.142452	0.5057470000000001	-0.8508399999999999	0.0	0.526997	-0.688883	-0.49771099999999996	0.0	-0.837844	-0.519289	-0.16839500000000002	0.0	2.59229	-1.3718	-2.98153	0.318251	
1	0.527867	0.815508	0.23728200000000002	0.0	0.258695	-0.42048199999999997	0.8696389999999999	0.0	0.80897	-0.39766999999999997	-0.43292700000000006	0.0	-2.19312	-0.19351	-2.0948	0.14188199999999998	-0.13147899999999998	0.516353	-0.846223	0.0	0.504332	-0.700064	-0.505528	0.0	-0.853441	-0.49324399999999996	-0.16836900000000002	0.0	2.4537299999999997	-1.37808	-3.21272	0.31129	
1	0.490987	0.836043	0.244876	0.0	0.213213	-0.387863	0.896718	0.0	0.844673	-0.38806599999999997	-0.368691	0.0	-2.00756	-0.335086	-2.09472	0.141711	-0.12256600000000001	0.5103310000000001	-0.8511989999999999	0.0	0.46993100000000004	-0.725583	-0.502686	0.0	-0.874152	-0.461617	-0.15088800000000002	0.0	2.36408	-1.3698	-3.31431	0.312112	
1	0.46495299999999995	0.857152	0.22160500000000002	0.0	0.0757299	-0.287894	0.9546629999999999	0.0	0.882091	-0.427091	-0.198769	0.0	-1.53396	-0.883336	-2.11368	0.14188299999999998	-0.0721676	0.5249729999999999	-0.8480540000000001	0.0	0.360107	-0.779203	-0.512997	0.0	-0.9301159999999999	-0.342412	-0.13281300000000001	0.0	2.08929	-1.24875	-3.54746	0.311203	
1	0.46062600000000004	0.861683	0.21289699999999998	0.0	-0.010406100000000001	-0.2346	0.972036	0.0	0.887533	-0.44996099999999994	-0.0990961	0.0	-1.30905	-1.34271	-2.17409	0.141874	-0.022816200000000002	0.5137520000000001	-0.857635	0.0	0.27748	-0.8208989999999999	-0.49912799999999996	0.0	-0.960461	-0.249365	-0.123826	0.0	1.90242	-1.15547	-3.64563	0.29925799999999997	
1	0.46210200000000007	0.8632690000000001	0.203048	0.0	-0.038940699999999995	-0.20898699999999998	0.977143	0.0	0.885972	-0.459446	-0.0629571	0.0	-1.1198	-1.7151299999999998	-2.30278	0.141874	-0.00529253	0.49152799999999996	-0.8708459999999999	0.0	0.219844	-0.84898	-0.480522	0.0	-0.9755209999999999	-0.193993	-0.103566	0.0	1.76319	-1.1433799999999998	-3.6551099999999996	0.304408	
1	0.441379	0.871444	0.213939	0.0	-0.0575894	-0.210418	0.975914	0.0	0.8954709999999999	-0.44306899999999994	-0.042688300000000005	0.0	-0.982585	-1.81961	-2.37148	0.141702	0.0067389	0.47346099999999997	-0.8807889999999999	0.0	0.179842	-0.867022	-0.46468400000000004	0.0	-0.9836719999999999	-0.155272	-0.0909912	0.0	1.6573099999999998	-1.17845	-3.6303300000000003	0.303377	
1	0.397629	0.8926860000000001	0.212141	0.0	-0.062263099999999995	-0.20442000000000002	0.976901	0.0	0.915431	-0.40165300000000004	-0.0257019	0.0	-0.773827	-1.84066	-2.44696	0.141873	0.018688099999999996	0.4743	-0.880165	0.0	0.111424	-0.8758229999999999	-0.46959399999999996	0.0	-0.993597	-0.0892953	-0.06921569999999999	0.0	1.51807	-1.17949	-3.5390900000000003	0.298723	
1	0.369551	0.901128	0.226715	0.0	-0.0461327	-0.22589299999999998	0.973059	0.0	0.9280649999999999	-0.370054	-0.0419077	0.0	-0.682419	-1.7633	-2.4763599999999997	0.141703	0.00356174	0.47239200000000003	-0.881382	0.0	0.0690469	-0.8794	-0.47105	0.0	-0.997607	-0.059178800000000004	-0.0357496	0.0	1.33823	-1.2262600000000001	-3.4547	0.30022600000000005	
1	0.359482	0.9043209999999999	0.23016599999999998	0.0	-0.0396267	-0.231638	0.971995	0.0	0.9323100000000001	-0.358536	-0.047434699999999996	0.0	-0.677505	-1.7140900000000001	-2.45998	0.141703	0.00088948	0.46311599999999997	-0.8862969999999999	0.0	0.044183	-0.88545	-0.462629	0.0	-0.999023	-0.038747699999999996	-0.0212495	0.0	1.25471	-1.21621	-3.41871	0.300514	
1	0.321895	0.918687	0.22890700000000003	0.0	-0.0267142	-0.232866	0.9721420000000001	0.0	0.946398	-0.31904299999999997	-0.050416300000000004	0.0	-0.713487	-1.59274	-2.39214	0.14172200000000001	0.00867927	0.45298599999999994	-0.891475	0.0	-0.023862099999999997	-0.8911610000000001	-0.453059	0.0	-0.9996780000000001	0.0252048	0.00307437	0.0	1.07817	-1.1586100000000001	-3.24958	0.305917	
1	0.30035	0.927	0.224635	0.0	-0.0180733	-0.229935	0.973038	0.0	0.953658	-0.29631199999999996	-0.0523071	0.0	-0.759262	-1.54355	-2.34915	0.14172200000000001	0.015487700000000002	0.45551499999999995	-0.890093	0.0	-0.0558305	-0.888417	-0.455629	0.0	-0.9983200000000001	0.056750999999999996	0.011672100000000001	0.0	1.0179200000000002	-1.15386	-3.19499	0.30762399999999995	
1	0.291783	0.929992	0.223556	0.0	-0.0132359	-0.22977899999999998	0.973153	0.0	0.956393	-0.286909	-0.054736400000000004	0.0	-0.7677	-1.49395	-2.32871	0.14188399999999998	0.0159901	0.45235	-0.891697	0.0	-0.0759156	-0.8886879999999999	-0.45218400000000003	0.0	-0.996986	0.0749242	0.020130000000000002	0.0	0.9680040000000001	-1.1557	-3.17176	0.30948200000000003	
1	0.28323899999999996	0.9340700000000001	0.217459	0.0	0.0038431	-0.227848	0.9736889999999999	0.0	0.9590420000000001	-0.274951	-0.0681253	0.0	-0.807439	-1.39042	-2.26569	0.141868	0.021177	0.452333	-0.891598	0.0	-0.107582	-0.885589	-0.45183900000000005	0.0	-0.9939709999999999	0.10548900000000001	0.0299086	0.0	0.859859	-1.11327	-3.1398200000000003	0.312924	
1	0.282383	0.93435	0.217373	0.0	0.00545406	-0.22815500000000002	0.9736100000000001	0.0	0.9592860000000001	-0.27374499999999996	-0.0695232	0.0	-0.826974	-1.3738	-2.25515	0.141872	0.0225143	0.45249700000000004	-0.891482	0.0	-0.11523399999999999	-0.88459	-0.451909	0.0	-0.9930829999999999	0.11290399999999999	0.032227	0.0	0.841218	-1.10436	-3.13245	0.314297	
1	0.272372	0.9366479999999999	0.220235	0.0	0.00695571	-0.2308	0.9729770000000001	0.0	0.962167	-0.26348	-0.06937860000000001	0.0	-0.8466549999999999	-1.36435	-2.2095599999999997	0.142041	0.019455	0.445722	-0.8949600000000001	0.0	-0.13509000000000002	-0.885749	-0.444071	0.0	-0.990642	0.12954000000000002	0.042980199999999996	0.0	0.810264	-1.09836	-3.09015	0.315685	
1	0.262021	0.938343	0.225517	0.0	-0.00273144	-0.23296	0.972482	0.0	0.965058	-0.255427	-0.0584773	0.0	-0.78657	-1.39547	-2.23712	0.14182899999999998	0.0133346	0.434137	-0.900748	0.0	-0.144346	-0.8905569999999999	-0.43136199999999997	0.0	-0.9894370000000001	0.135772	0.050790800000000004	0.0	0.760826	-1.07565	-3.02345	0.312193	
1	0.250736	0.9415629999999999	0.22492399999999999	0.0	-0.007269499999999999	-0.23050900000000002	0.973043	0.0	0.9680280000000001	-0.245612	-0.0509524	0.0	-0.74656	-1.42313	-2.2412	0.141847	0.014305200000000002	0.43046999999999996	-0.902492	0.0	-0.164867	-0.889215	-0.42675100000000005	0.0	-0.9862120000000001	0.154895	0.0582495	0.0	0.761201	-1.10159	-2.95116	0.291134	
1	0.223034	0.94968	0.21991599999999997	0.0	-0.00600645	-0.22425599999999998	0.974512	0.0	0.974792	-0.218671	-0.0443127	0.0	-0.74074	-1.4671299999999998	-2.2569999999999997	0.141596	0.0114021	0.40019899999999997	-0.916358	0.0	-0.178059	-0.900958	-0.395689	0.0	-0.9839540000000001	0.167678	0.0609861	0.0	0.757534	-1.12697	-2.95715	0.273622	
1	0.207868	0.953879	0.216577	0.0	-0.00510004	-0.22035300000000002	0.975407	0.0	0.978144	-0.20385999999999999	-0.0409394	0.0	-0.7425930000000001	-1.50032	-2.25352	0.14163900000000001	0.00442642	0.379006	-0.925384	0.0	-0.183988	-0.909286	-0.373293	0.0	-0.9829190000000001	0.17191199999999998	0.0657071	0.0	0.748408	-1.15504	-2.95085	0.273394	
