3	0.0460449	0.9487200000000001	-0.312745	0.0	0.104493	0.306785	0.946025	0.0	0.993459	-0.07623939999999998	-0.08500869999999999	0.0	-2.84872	1.87188	1.40885	0.0	-0.0115544	0.94229	-0.334597	0.0	0.189275	-0.326509	-0.926049	0.0	-0.981856	-0.0740311	-0.17457999999999999	0.0	2.63118	1.95828	1.50973	0.0	
3	-0.000311941	0.9596120000000001	-0.281326	0.0	0.089726	0.28021799999999997	0.955734	0.0	0.995967	-0.0249442	-0.0861897	0.0	-2.8420099999999997	1.90629	1.3533600000000001	0.0	0.00806284	0.94855	-0.316525	0.0	0.177283	-0.312877	-0.9331020000000001	0.0	-0.9841270000000001	-0.0485909	-0.170684	0.0	2.64208	1.9508299999999998	1.43331	0.0	
3	-0.0243893	0.9612350000000001	-0.27465100000000003	0.0	0.10625899999999999	0.275669	0.955362	0.0	0.9940389999999999	-0.00588349	-0.10886300000000002	0.0	-2.85829	2.0339	1.28942	0.0	0.0204642	0.9429709999999999	-0.332246	0.0	0.14946199999999998	-0.331467	-0.9315530000000001	0.0	-0.988556	-0.0305944	-0.147721	0.0	2.6836	2.02766	1.3961700000000001	0.0525227	
3	-0.0472005	0.973166	-0.22521300000000002	0.0	0.155052	0.22987	0.960791	0.0	0.986778	0.01043	-0.161741	0.0	-2.9173299999999998	2.1274599999999997	1.1799899999999999	0.361757	0.012077500000000001	0.958525	-0.28475300000000003	0.0	0.153345	-0.283181	-0.946728	0.0	-0.988099	-0.0322315	-0.15040499999999998	0.0	2.70681	2.09183	1.39115	0.32297	
3	0.00827366	0.9865659999999999	-0.163155	0.0	0.158595	0.159801	0.974326	0.0	0.987309	-0.033936900000000006	-0.155142	0.0	-2.78215	2.1792599999999998	1.1672799999999999	0.350083	-0.028262799999999998	0.976331	-0.214425	0.0	0.17191199999999998	-0.206567	-0.963211	0.0	-0.984707	-0.06408530000000001	-0.16200499999999998	0.0	2.67015	2.10095	1.3751799999999998	0.358451	
3	0.115024	0.9901709999999999	-0.07956469999999999	0.0	0.178271	0.058219900000000005	0.9822569999999999	0.0	0.9772350000000001	-0.127167	-0.169822	0.0	-2.76201	2.13667	1.16145	0.34830300000000003	-0.113955	0.98569	-0.124214	0.0	0.186337	-0.101604	-0.977218	0.0	-0.9758549999999999	-0.13450399999999998	-0.172092	0.0	2.63147	2.03734	1.33808	0.35785900000000004	
3	0.445137	0.8897370000000001	0.10109800000000001	0.0	0.176514	-0.19787000000000002	0.964205	0.0	0.877893	-0.411358	-0.245131	0.0	-2.76818	1.99732	1.1418700000000002	0.345871	-0.373961	0.9270290000000001	0.0277642	0.0	0.183061	0.103127	-0.977678	0.0	-0.909199	-0.360531	-0.20826799999999998	0.0	2.50577	1.7140400000000002	1.1946299999999999	0.35655	
3	0.708533	0.677358	0.197909	0.0	0.08322280000000001	-0.358702	0.9297350000000001	0.0	0.700753	-0.6422770000000001	-0.31052399999999997	0.0	-2.8370599999999997	1.7359900000000001	0.884548	0.347209	-0.646169	0.745725	0.162357	0.0	0.0773543	0.275633	-0.9581459999999999	0.0	-0.759264	-0.6065649999999999	-0.23579	0.0	2.3430400000000002	1.21862	0.8150390000000001	0.356894	
3	0.8812969999999999	0.45555200000000007	0.125651	0.0	0.05356280000000001	-0.36047399999999996	0.9312299999999999	0.0	0.46951800000000005	-0.81396	-0.342086	0.0	-2.94924	1.2064700000000002	0.394347	0.345123	-0.7631439999999999	0.5999329999999999	0.240191	0.0	-0.043988599999999996	0.322594	-0.945515	0.0	-0.64473	-0.732129	-0.219796	0.0	2.17112	0.723654	0.17823699999999998	0.352456	
3	0.917167	0.383324	0.10893900000000001	0.0	0.0271868	-0.332922	0.9425629999999999	0.0	0.397575	-0.861525	-0.315766	0.0	-2.8742799999999997	0.9180799999999999	0.0834674	0.343943	-0.781459	0.561573	0.271953	0.0	-0.126493	0.28421799999999997	-0.9503790000000001	0.0	-0.611001	-0.7770819999999999	-0.15107	0.0	2.01263	0.46168400000000004	-0.0838563	0.350749	
3	0.9445870000000001	0.301174	0.130578	0.0	-0.034118	-0.305556	0.9515629999999999	0.0	0.32648499999999997	-0.9032879999999999	-0.27834899999999996	0.0	-2.6366	0.55592	-0.36130100000000004	0.325373	-0.780658	0.528044	0.334279	0.0	-0.23849800000000002	0.24268299999999998	-0.940332	0.0	-0.5776600000000001	-0.8138029999999999	-0.0635147	0.0	1.7627599999999999	0.07961060000000002	-0.50165	0.34779699999999997	
3	0.952742	0.262493	0.152907	0.0	-0.0773999	-0.27698	0.9577530000000001	0.0	0.29375500000000004	-0.924327	-0.24357399999999998	0.0	-2.5107	0.244209	-0.586858	0.302086	-0.756571	0.53901	0.370226	0.0	-0.288573	0.23284899999999997	-0.9287129999999999	0.0	-0.586792	-0.809475	-0.020623	0.0	1.64955	-0.0708928	-0.708688	0.34816199999999997	
3	0.9527329999999999	0.253092	0.168059	0.0	-0.11255699999999999	-0.219756	0.96904	0.0	0.282188	-0.942153	-0.180881	0.0	-2.4233	-0.177263	-0.7794840000000001	0.290802	-0.73378	0.552549	0.395294	0.0	-0.32097600000000004	0.230857	-0.9185200000000001	0.0	-0.598784	-0.800871	0.0079565	0.0	1.56794	-0.242352	-0.891891	0.34842	
3	0.942457	0.278079	0.1856	0.0	-0.142447	-0.16824	0.9754	0.0	0.30246300000000004	-0.94571	-0.118947	0.0	-2.4041799999999998	-0.469574	-0.87011	0.292473	-0.7082470000000001	0.582026	0.39954	0.0	-0.323263	0.23575700000000002	-0.9164709999999999	0.0	-0.627604	-0.7782439999999999	0.0211739	0.0	1.53326	-0.32505700000000004	-0.966775	0.350049	
3	0.9278700000000001	0.330335	0.173022	0.0	-0.16306400000000001	-0.05785030000000001	0.9849180000000001	0.0	0.335363	-0.942089	0.000188275	0.0	-2.41195	-0.780933	-0.9076540000000001	0.30608	-0.682703	0.616772	0.391802	0.0	-0.323629	0.225514	-0.918917	0.0	-0.655119	-0.754146	0.0456463	0.0	1.50709	-0.394459	-0.9184680000000001	0.351877	
3	0.91212	0.39743	0.10043200000000001	0.0	-0.159564	0.118548	0.980044	0.0	0.37759299999999996	-0.9099430000000001	0.171545	0.0	-2.51606	-1.07739	-0.840527	0.30342600000000003	-0.6602600000000001	0.643732	0.386867	0.0	-0.32089	0.223927	-0.920264	0.0	-0.679034	-0.731755	0.058717399999999996	0.0	1.51901	-0.387575	-0.844406	0.353573	
3	0.897278	0.44137600000000005	0.00890216	0.0	-0.142155	0.269779	0.9523719999999999	0.0	0.41795200000000005	-0.855808	0.30480999999999997	0.0	-2.6177	-1.2538799999999999	-0.80291	0.29635	-0.6414310000000001	0.666432	0.38004499999999997	0.0	-0.307498	0.23051300000000002	-0.923206	0.0	-0.702859	-0.709036	0.0570682	0.0	1.54349	-0.331293	-0.7834979999999999	0.354812	
3	0.9140739999999999	0.39950399999999997	-0.0697525	0.0	-0.0839368	0.354639	0.9312280000000001	0.0	0.396766	-0.845356	0.3577	0.0	-2.68425	-1.30035	-0.791954	0.306071	-0.631955	0.6803899999999999	0.371082	0.0	-0.295337	0.23126	-0.926982	0.0	-0.716526	-0.695405	0.05479830000000001	0.0	1.5770600000000001	-0.25097600000000003	-0.720879	0.355095	
3	0.921752	0.365906	-0.128397	0.0	-0.026675900000000002	0.39015500000000003	0.9203629999999999	0.0	0.386861	-0.8449209999999999	0.369388	0.0	-2.74191	-1.2973	-0.827198	0.338776	-0.62417	0.6924640000000001	0.361808	0.0	-0.282296	0.23192100000000002	-0.9308719999999999	0.0	-0.728506	-0.683159	0.0507216	0.0	1.59496	-0.185845	-0.723106	0.355158	
3	0.9302790000000001	0.32168	-0.176359	0.0	0.027823400000000005	0.417483	0.908259	0.0	0.365795	-0.849841	0.37942600000000004	0.0	-2.7881099999999996	-1.2823	-0.8847799999999999	0.339961	-0.61943	0.702034	0.35136	0.0	-0.273409	0.226627	-0.9348200000000001	0.0	-0.735903	-0.675121	0.051563300000000006	0.0	1.6200299999999999	-0.13103299999999998	-0.688091	0.35536799999999996	
3	0.913017	0.33426100000000003	-0.233816	0.0	0.0801271	0.41506400000000004	0.906257	0.0	0.399974	-0.8461629999999999	0.352177	0.0	-2.77717	-1.23654	-0.8799450000000001	0.341009	-0.613935	0.709571	0.345821	0.0	-0.266297	0.226239	-0.9369639999999999	0.0	-0.743081	-0.667326	0.0500602	0.0	1.64605	-0.08772560000000001	-0.65817	0.35520100000000004	
3	0.9129639999999999	0.32512199999999997	-0.246563	0.0	0.11789100000000001	0.36832	0.9221940000000001	0.0	0.39064	-0.8709969999999999	0.297933	0.0	-2.7414	-1.19145	-0.8668870000000001	0.34049	-0.6098439999999999	0.7156140000000001	0.340569	0.0	-0.26355500000000004	0.222146	-0.938717	0.0	-0.7474149999999999	-0.66223	0.053128800000000004	0.0	1.65599	-0.0693937	-0.6386029999999999	0.354923	
3	0.9082100000000001	0.346021	-0.235422	0.0	0.1258	0.310794	0.942116	0.0	0.39915900000000004	-0.8852549999999999	0.238736	0.0	-2.71481	-1.14416	-0.920322	0.339856	-0.603974	0.7249140000000001	0.331233	0.0	-0.259689	0.21392399999999998	-0.9417	0.0	-0.75351	-0.65478	0.0590476	0.0	1.6733099999999999	-0.06201759999999999	-0.596331	0.354962	
3	0.902343	0.371987	-0.217721	0.0	0.113728	0.28174699999999997	0.952725	0.0	0.41574399999999995	-0.884446	0.211927	0.0	-2.65493	-1.13611	-0.908401	0.339775	-0.597965	0.730001	0.330964	0.0	-0.254844	0.21833400000000003	-0.942011	0.0	-0.759929	-0.647634	0.055480499999999995	0.0	1.66883	-0.0537279	-0.611225	0.354534	
3	0.8992959999999999	0.382693	-0.211691	0.0	0.10519300000000001	0.28055399999999997	0.9540569999999999	0.0	0.424501	-0.8802469999999999	0.212044	0.0	-2.59769	-1.14459	-0.880608	0.339419	-0.591292	0.734298	0.333437	0.0	-0.255943	0.22121799999999997	-0.94104	0.0	-0.764766	-0.64177	0.057133699999999996	0.0	1.6723400000000002	-0.0753873	-0.570379	0.354383	
3	0.899905	0.382427	-0.20957399999999998	0.0	0.10584	0.274673	0.9556950000000001	0.0	0.423048	-0.882216	0.20670300000000003	0.0	-2.59065	-1.14059	-0.8798090000000001	0.33910500000000005	-0.592371	0.733879	0.332445	0.0	-0.256221	0.21960900000000003	-0.941341	0.0	-0.763838	-0.6428020000000001	0.0579453	0.0	1.6624400000000001	-0.10516400000000001	-0.580651	0.354452	
3	0.900018	0.382733	-0.208525	0.0	0.10801600000000001	0.26763899999999996	0.9574459999999999	0.0	0.422255	-0.884243	0.19953900000000002	0.0	-2.58233	-1.13521	-0.881832	0.339159	-0.595292	0.7322770000000001	0.330754	0.0	-0.255757	0.21754400000000002	-0.941946	0.0	-0.7617189999999999	-0.645325	0.0577832	0.0	1.64622	-0.153952	-0.610004	0.354299	
3	0.899299	0.38578	-0.20599699999999999	0.0	0.10723099999999999	0.262141	0.959053	0.0	0.423984	-0.8845649999999999	0.194376	0.0	-2.59001	-1.1307399999999999	-0.884317	0.339409	-0.596212	0.73265	0.32826	0.0	-0.254077	0.21566999999999997	-0.942832	0.0	-0.761562	-0.6455310000000001	0.057564199999999996	0.0	1.6449799999999999	-0.174854	-0.626169	0.354143	
3	0.898091	0.389732	-0.203819	0.0	0.105643	0.258696	0.9601649999999999	0.0	0.42693400000000004	-0.8838469999999999	0.19116	0.0	-2.59413	-1.1282	-0.8872399999999999	0.339871	-0.59764	0.732799	0.325319	0.0	-0.252579	0.21301399999999998	-0.943837	0.0	-0.76094	-0.6462439999999999	0.0577842	0.0	1.65337	-0.184757	-0.631764	0.353654	
3	0.8972969999999999	0.393475	-0.20008800000000002	0.0	0.102599	0.25496199999999997	0.961492	0.0	0.429338	-0.883273	0.188406	0.0	-2.60092	-1.1261700000000001	-0.887416	0.340267	-0.596955	0.734104	0.323631	0.0	-0.250973	0.21227	-0.944433	0.0	-0.762009	-0.6450060000000001	0.0575242	0.0	1.6613200000000001	-0.189945	-0.64135	0.353403	
3	0.896882	0.393685	-0.201532	0.0	0.10321300000000001	0.256782	0.960942	0.0	0.430059	-0.882652	0.18967	0.0	-2.5970400000000002	-1.12724	-0.889199	0.34059	-0.5950770000000001	0.735769	0.323305	0.0	-0.251778	0.21135700000000002	-0.9444239999999999	0.0	-0.763211	-0.643406	0.05947669999999999	0.0	1.6643700000000001	-0.205258	-0.650624	0.352961	
3	0.896634	0.393836	-0.202337	0.0	0.103675	0.25753200000000004	0.960692	0.0	0.430463	-0.882367	0.190081	0.0	-2.5928400000000003	-1.12768	-0.8888030000000001	0.340684	-0.595352	0.7357560000000001	0.322831	0.0	-0.251275	0.211144	-0.9446049999999999	0.0	-0.763163	-0.643492	0.0591721	0.0	1.6659099999999998	-0.20689699999999997	-0.653958	0.35279299999999997	
3	0.896634	0.393838	-0.202335	0.0	0.103671	0.25753400000000004	0.960692	0.0	0.430465	-0.882365	0.190084	0.0	-2.59295	-1.1276700000000002	-0.888749	0.340684	-0.5953510000000001	0.7357560000000001	0.322831	0.0	-0.251277	0.211143	-0.9446049999999999	0.0	-0.763162	-0.643492	0.0591741	0.0	1.66589	-0.206857	-0.653872	0.352794	
3	0.896634	0.393838	-0.202335	0.0	0.103671	0.25753400000000004	0.960692	0.0	0.430465	-0.882365	0.190084	0.0	-2.59295	-1.1276700000000002	-0.888749	0.340684	-0.5953510000000001	0.7357560000000001	0.322831	0.0	-0.251277	0.211143	-0.9446049999999999	0.0	-0.763162	-0.643492	0.0591741	0.0	1.66589	-0.20685599999999998	-0.653871	0.352794	
3	0.896634	0.393838	-0.202335	0.0	0.103671	0.25753400000000004	0.960692	0.0	0.430465	-0.882365	0.190084	0.0	-2.59295	-1.1276700000000002	-0.888748	0.340684	-0.5953510000000001	0.7357560000000001	0.322831	0.0	-0.251277	0.211143	-0.9446049999999999	0.0	-0.763162	-0.643492	0.0591741	0.0	1.66589	-0.206857	-0.653871	0.352794	
3	0.896634	0.393838	-0.202335	0.0	0.103671	0.25753400000000004	0.960692	0.0	0.430465	-0.882365	0.190084	0.0	-2.59295	-1.1276700000000002	-0.888748	0.340684	-0.5953510000000001	0.7357560000000001	0.322831	0.0	-0.251277	0.211143	-0.9446049999999999	0.0	-0.763162	-0.643492	0.0591741	0.0	1.66589	-0.206857	-0.653871	0.352794	
3	0.896634	0.393838	-0.202335	0.0	0.103671	0.25753400000000004	0.960692	0.0	0.430465	-0.882365	0.190084	0.0	-2.59295	-1.1276700000000002	-0.888748	0.340684	-0.5953510000000001	0.7357560000000001	0.322831	0.0	-0.251277	0.211143	-0.9446049999999999	0.0	-0.763162	-0.643492	0.0591741	0.0	1.66589	-0.206857	-0.653871	0.352794	
3	0.896634	0.393838	-0.202335	0.0	0.103671	0.25753400000000004	0.960692	0.0	0.430465	-0.882365	0.190084	0.0	-2.59295	-1.1276700000000002	-0.888748	0.340684	-0.5953510000000001	0.7357560000000001	0.322831	0.0	-0.251277	0.211143	-0.9446049999999999	0.0	-0.763162	-0.643492	0.0591741	0.0	1.66589	-0.206857	-0.653871	0.352794	
3	0.896634	0.393838	-0.202335	0.0	0.103671	0.25753400000000004	0.960692	0.0	0.430465	-0.882365	0.190084	0.0	-2.59295	-1.1276700000000002	-0.888748	0.340684	-0.5953510000000001	0.7357560000000001	0.322831	0.0	-0.251277	0.211143	-0.9446049999999999	0.0	-0.763162	-0.643492	0.0591741	0.0	1.66589	-0.206857	-0.653871	0.352794	
3	0.896634	0.393838	-0.202335	0.0	0.103671	0.25753400000000004	0.960692	0.0	0.430465	-0.882365	0.190084	0.0	-2.59295	-1.1276700000000002	-0.888748	0.340684	-0.5953510000000001	0.7357560000000001	0.322831	0.0	-0.251277	0.211143	-0.9446049999999999	0.0	-0.763162	-0.643492	0.0591741	0.0	1.66589	-0.206857	-0.653871	0.352794	
3	0.896634	0.393838	-0.202335	0.0	0.103671	0.25753400000000004	0.960692	0.0	0.430465	-0.882365	0.190084	0.0	-2.59295	-1.1276700000000002	-0.888748	0.340684	-0.5953510000000001	0.7357560000000001	0.322831	0.0	-0.251277	0.211143	-0.9446049999999999	0.0	-0.763162	-0.643492	0.0591741	0.0	1.66589	-0.206857	-0.653871	0.352794	
3	0.896634	0.393838	-0.202335	0.0	0.103671	0.25753400000000004	0.960692	0.0	0.430465	-0.882365	0.190084	0.0	-2.59295	-1.1276700000000002	-0.888748	0.340684	-0.5953510000000001	0.7357560000000001	0.322831	0.0	-0.251277	0.211143	-0.9446049999999999	0.0	-0.763162	-0.643492	0.0591741	0.0	1.66589	-0.206857	-0.653871	0.352794	
3	0.896634	0.393838	-0.202335	0.0	0.103671	0.25753400000000004	0.960692	0.0	0.430465	-0.882365	0.190084	0.0	-2.59295	-1.1276700000000002	-0.888748	0.340684	-0.5953510000000001	0.7357560000000001	0.322831	0.0	-0.251277	0.211143	-0.9446049999999999	0.0	-0.763162	-0.643492	0.0591741	0.0	1.66589	-0.206857	-0.653871	0.352794	
3	0.896634	0.393838	-0.202335	0.0	0.103671	0.25753400000000004	0.960692	0.0	0.430465	-0.882365	0.190084	0.0	-2.59295	-1.1276700000000002	-0.888749	0.340684	-0.5953510000000001	0.7357560000000001	0.322831	0.0	-0.251277	0.211143	-0.9446049999999999	0.0	-0.763162	-0.643492	0.0591741	0.0	1.66589	-0.206857	-0.653871	0.352794	
3	0.896634	0.393838	-0.202335	0.0	0.103671	0.25753400000000004	0.960692	0.0	0.430465	-0.882365	0.190084	0.0	-2.59295	-1.1276700000000002	-0.888748	0.340684	-0.5953510000000001	0.7357560000000001	0.322831	0.0	-0.251277	0.211143	-0.9446049999999999	0.0	-0.763162	-0.643492	0.0591741	0.0	1.66589	-0.206857	-0.653871	0.352794	
3	0.896634	0.393838	-0.202335	0.0	0.103671	0.25753400000000004	0.960692	0.0	0.430465	-0.882365	0.190084	0.0	-2.59295	-1.1276700000000002	-0.888749	0.340684	-0.5953510000000001	0.7357560000000001	0.322831	0.0	-0.251277	0.211143	-0.9446049999999999	0.0	-0.763162	-0.643492	0.0591741	0.0	1.66589	-0.206857	-0.653871	0.352794	
3	0.896634	0.393838	-0.202335	0.0	0.103671	0.25753400000000004	0.960692	0.0	0.430465	-0.882365	0.190084	0.0	-2.59295	-1.1276700000000002	-0.888748	0.340684	-0.5953510000000001	0.7357560000000001	0.322831	0.0	-0.251277	0.211143	-0.9446049999999999	0.0	-0.763162	-0.643492	0.0591741	0.0	1.66589	-0.206857	-0.653871	0.352794	
3	0.896634	0.393838	-0.202335	0.0	0.103671	0.25753400000000004	0.960692	0.0	0.430465	-0.882365	0.190084	0.0	-2.59295	-1.1276700000000002	-0.888748	0.340684	-0.5953510000000001	0.7357560000000001	0.322831	0.0	-0.251277	0.211143	-0.9446049999999999	0.0	-0.763162	-0.643492	0.0591741	0.0	1.66589	-0.206857	-0.653871	0.352794	
3	0.896634	0.393838	-0.202335	0.0	0.103671	0.25753400000000004	0.960692	0.0	0.430465	-0.882365	0.190084	0.0	-2.59295	-1.1276700000000002	-0.888748	0.340684	-0.5953510000000001	0.7357560000000001	0.322831	0.0	-0.251277	0.211143	-0.9446049999999999	0.0	-0.763162	-0.643492	0.0591741	0.0	1.66589	-0.206857	-0.653871	0.352794	
3	0.896634	0.393838	-0.202335	0.0	0.103671	0.25753400000000004	0.960692	0.0	0.430465	-0.882365	0.190084	0.0	-2.59295	-1.1276700000000002	-0.888748	0.340684	-0.5953510000000001	0.7357560000000001	0.322831	0.0	-0.251277	0.211143	-0.9446049999999999	0.0	-0.763162	-0.643492	0.0591741	0.0	1.66589	-0.206857	-0.653871	0.352794	
3	0.896634	0.393838	-0.202335	0.0	0.103671	0.25753400000000004	0.960692	0.0	0.430465	-0.882365	0.190084	0.0	-2.59295	-1.1276700000000002	-0.888748	0.340684	-0.5953510000000001	0.7357560000000001	0.322831	0.0	-0.251277	0.211143	-0.9446049999999999	0.0	-0.763162	-0.643492	0.0591741	0.0	1.66589	-0.206857	-0.653871	0.352794	
3	0.896634	0.393838	-0.202335	0.0	0.103671	0.25753400000000004	0.960692	0.0	0.430465	-0.882365	0.190084	0.0	-2.59295	-1.1276700000000002	-0.888748	0.340684	-0.5953510000000001	0.7357560000000001	0.322831	0.0	-0.251277	0.211143	-0.9446049999999999	0.0	-0.763162	-0.643492	0.0591741	0.0	1.66589	-0.206857	-0.653871	0.352794	
3	0.896634	0.393838	-0.202335	0.0	0.103671	0.25753400000000004	0.960692	0.0	0.430465	-0.882365	0.190084	0.0	-2.59295	-1.1276700000000002	-0.888748	0.340684	-0.5953510000000001	0.7357560000000001	0.322831	0.0	-0.251277	0.211143	-0.9446049999999999	0.0	-0.763162	-0.643492	0.0591741	0.0	1.66589	-0.206857	-0.653871	0.352794	
3	0.896634	0.393838	-0.202335	0.0	0.103671	0.25753400000000004	0.960692	0.0	0.430465	-0.882365	0.190084	0.0	-2.59295	-1.1276700000000002	-0.888748	0.340684	-0.5953510000000001	0.7357560000000001	0.322831	0.0	-0.251277	0.211143	-0.9446049999999999	0.0	-0.763162	-0.643492	0.0591741	0.0	1.66589	-0.206857	-0.653871	0.352794	
3	0.896634	0.393838	-0.202335	0.0	0.103671	0.25753400000000004	0.960692	0.0	0.430465	-0.882365	0.190084	0.0	-2.59295	-1.1276700000000002	-0.888748	0.340684	-0.5953510000000001	0.7357560000000001	0.322831	0.0	-0.251277	0.211143	-0.9446049999999999	0.0	-0.763162	-0.643492	0.0591741	0.0	1.66589	-0.206857	-0.653871	0.352794	
3	0.5316350000000001	0.844648	0.06272090000000001	0.0	0.30905900000000003	-0.262407	0.914125	0.0	0.788573	-0.466596	-0.40055100000000005	0.0	-2.52581	-1.17149	-0.983721	0.344929	-0.613527	0.736583	0.284656	0.0	-0.2396	0.16984100000000002	-0.955901	0.0	-0.752447	-0.654675	0.0722834	0.0	1.66379	-0.236504	-0.5988020000000001	0.347315	
3	0.53756	0.840456	0.0682895	0.0	0.302233	-0.26764699999999997	0.9148879999999999	0.0	0.787201	-0.47116800000000003	-0.397889	0.0	-2.4612	-1.21909	-0.9988549999999999	0.345289	-0.61448	0.737691	0.27969	0.0	-0.23756100000000002	0.16505	-0.957248	0.0	-0.752316	-0.6546529999999999	0.0738268	0.0	1.66635	-0.228138	-0.591004	0.345852	
3	0.535099	0.8419639999999999	0.06903580000000001	0.0	0.29554	-0.26312800000000003	0.9183790000000001	0.0	0.791407	-0.471021	-0.38963400000000004	0.0	-2.44001	-1.24456	-0.9966659999999999	0.344978	-0.61369	0.738849	0.278366	0.0	-0.235925	0.164854	-0.957686	0.0	-0.753475	-0.653396	0.0731434	0.0	1.6671900000000002	-0.22344299999999997	-0.588802	0.345842	
3	0.5395220000000001	0.83909	0.0696029	0.0	0.297646	-0.267403	0.9164620000000001	0.0	0.787606	-0.473735	-0.394021	0.0	-2.4252700000000003	-1.2441	-0.9744440000000001	0.34479899999999997	-0.611314	0.739157	0.28274299999999997	0.0	-0.237585	0.169383	-0.956485	0.0	-0.754884	-0.651887	0.0720662	0.0	1.6648599999999998	-0.23005799999999998	-0.580388	0.345981	
3	0.542337	0.8370709999999999	0.0719832	0.0	0.298032	-0.271783	0.9150469999999999	0.0	0.785524	-0.474811	-0.396872	0.0	-2.4253099999999996	-1.25651	-0.961667	0.344686	-0.6111880000000001	0.7387630000000001	0.284042	0.0	-0.23938800000000002	0.169521	-0.956011	0.0	-0.754416	-0.6522979999999999	0.07324169999999999	0.0	1.6593	-0.25157199999999996	-0.5775140000000001	0.346093	
3	0.5415399999999999	0.837515	0.07282480000000001	0.0	0.298188	-0.272357	0.914825	0.0	0.786014	-0.473699	-0.397229	0.0	-2.42778	-1.26464	-0.962774	0.345055	-0.612866	0.7379100000000001	0.28263699999999997	0.0	-0.23795999999999998	0.168729	-0.956507	0.0	-0.753505	-0.653467	0.0721844	0.0	1.65577	-0.26770900000000003	-0.589399	0.346111	
3	0.539715	0.8386120000000001	0.07373719999999999	0.0	0.29737399999999997	-0.271859	0.9152379999999999	0.0	0.787576	-0.47203999999999996	-0.396108	0.0	-2.43162	-1.27122	-0.966851	0.345236	-0.615111	0.736157	0.282332	0.0	-0.23653600000000002	0.169296	-0.95676	0.0	-0.752123	-0.655296	0.069992	0.0	1.65808	-0.25709299999999996	-0.594024	0.345994	
3	0.538445	0.839419	0.07384360000000001	0.0	0.296722	-0.27089	0.9157370000000001	0.0	0.788691	-0.471163	-0.394934	0.0	-2.43093	-1.2737100000000001	-0.961202	0.345298	-0.6166689999999999	0.735587	0.280411	0.0	-0.235498	0.167514	-0.9573299999999999	0.0	-0.7511720000000001	-0.656392	0.06992849999999999	0.0	1.6603900000000003	-0.243993	-0.608191	0.346139	
3	0.539799	0.838325	0.0763451	0.0	0.29679099999999997	-0.274402	0.9146690000000001	0.0	0.7877390000000001	-0.47107899999999997	-0.396929	0.0	-2.43151	-1.27694	-0.9617530000000001	0.345677	-0.62122	0.735267	0.271049	0.0	-0.22809200000000002	0.161253	-0.9601930000000001	0.0	-0.7497060000000001	-0.658315	0.0675353	0.0	1.66608	-0.195569	-0.6113569999999999	0.345851	
3	0.538007	0.839469	0.07642589999999999	0.0	0.297734	-0.274068	0.9144620000000001	0.0	0.788608	-0.469232	-0.397389	0.0	-2.4329099999999997	-1.27972	-0.9601780000000001	0.345511	-0.6226510000000001	0.742755	0.246212	0.0	-0.180677	0.16968	-0.9687950000000001	0.0	-0.761355	-0.6477069999999999	0.0285474	0.0	1.6801099999999998	0.029338799999999998	-0.657396	0.335449	
3	0.5344439999999999	0.84175	0.0763284	0.0	0.296713	-0.271413	0.915585	0.0	0.791411	-0.466682	-0.394813	0.0	-2.43099	-1.28121	-0.961443	0.345693	-0.626067	0.7432310000000001	0.235898	0.0	-0.152579	0.179911	-0.971778	0.0	-0.764696	-0.6443909999999999	0.0007649660000000001	0.0	1.73586	0.410307	-0.682031	0.33567800000000003	
3	0.5330010000000001	0.842885	0.0738578	0.0	0.296582	-0.267868	0.9166709999999999	0.0	0.7924329999999999	-0.466682	-0.392758	0.0	-2.42917	-1.28494	-0.9605520000000001	0.345614	-0.608798	0.758253	0.233276	0.0	-0.142594	0.18467	-0.9724010000000001	0.0	-0.780405	-0.62526	-0.00430459	0.0	1.80952	0.6857800000000001	-0.549424	0.337539	
3	0.533189	0.842656	0.0750982	0.0	0.29673499999999997	-0.269409	0.91617	0.0	0.792248	-0.466208	-0.393692	0.0	-2.42676	-1.28322	-0.9567950000000001	0.34574099999999997	-0.594183	0.76232	0.256544	0.0	-0.14795999999999998	0.20991700000000002	-0.9664590000000001	0.0	-0.790604	-0.612211	-0.0119369	0.0	1.8453700000000002	0.795964	-0.382394	0.338142	
3	0.5325310000000001	0.842867	0.0773651	0.0	0.29617899999999997	-0.27119	0.915824	0.0	0.792899	-0.464791	-0.394057	0.0	-2.42753	-1.2837	-0.9594790000000001	0.345684	-0.577987	0.764333	0.28588	0.0	-0.15118499999999999	0.243963	-0.9579280000000001	0.0	-0.8019189999999999	-0.5968899999999999	-0.0254517	0.0	1.81575	0.764273	-0.377658	0.339744	
3	0.532832	0.8425969999999999	0.0782366	0.0	0.295373	-0.271828	0.9158959999999999	0.0	0.7929970000000001	-0.46491000000000005	-0.393719	0.0	-2.42225	-1.27954	-0.934368	0.345615	-0.59406	0.753333	0.282104	0.0	-0.153533	0.23806300000000002	-0.959038	0.0	-0.789633	-0.613038	-0.025762	0.0	1.76489	0.6317189999999999	-0.464292	0.341145	
3	0.534374	0.841724	0.07710460000000001	0.0	0.2956	-0.271563	0.9159010000000001	0.0	0.791874	-0.466642	-0.39393	0.0	-2.4158	-1.27744	-0.8895489999999999	0.34541900000000003	-0.591738	0.7566189999999999	0.278161	0.0	-0.153385	0.233077	-0.9602860000000001	0.0	-0.791403	-0.610904	-0.021866299999999998	0.0	1.7492900000000002	0.553531	-0.540565	0.340607	
3	0.53617	0.8406040000000001	0.076852	0.0	0.296629	-0.27287100000000003	0.9151790000000001	0.0	0.790274	-0.467895	-0.39565300000000003	0.0	-2.41248	-1.2755	-0.881891	0.345364	-0.587109	0.759849	0.279163	0.0	-0.151177	0.235871	-0.9599530000000001	0.0	-0.795266	-0.6058	-0.0236107	0.0	1.7420400000000003	0.521371	-0.569933	0.341362	
3	0.536155	0.840563	0.07740830000000001	0.0	0.297691	-0.274097	0.9144680000000001	0.0	0.7898850000000001	-0.46725200000000006	-0.39718600000000004	0.0	-2.41908	-1.27509	-0.903826	0.345269	-0.57814	0.76249	0.290452	0.0	-0.15168800000000002	0.249329	-0.956465	0.0	-0.801714	-0.597029	-0.028486	0.0	1.7270299999999998	0.46829499999999996	-0.57257	0.342327	
3	0.5364760000000001	0.840233	0.07875689999999999	0.0	0.29689	-0.275266	0.914377	0.0	0.789968	-0.467159	-0.39713000000000004	0.0	-2.41748	-1.27401	-0.8971299999999999	0.345479	-0.577199	0.763324	0.290134	0.0	-0.153702	0.24739	-0.9566469999999999	0.0	-0.8020079999999999	-0.59677	-0.025469099999999998	0.0	1.71845	0.452632	-0.5682119999999999	0.342344	
3	0.5364760000000001	0.840232	0.0787578	0.0	0.296889	-0.275267	0.914377	0.0	0.789968	-0.467159	-0.39713000000000004	0.0	-2.41748	-1.27401	-0.897134	0.345479	-0.577199	0.763324	0.290135	0.0	-0.153703	0.24739099999999997	-0.9566469999999999	0.0	-0.8020079999999999	-0.59677	-0.025468400000000002	0.0	1.7184599999999999	0.45265299999999997	-0.5682149999999999	0.342344	
3	0.5364760000000001	0.840232	0.07875789999999999	0.0	0.296889	-0.275267	0.914377	0.0	0.7899689999999999	-0.467159	-0.39713000000000004	0.0	-2.41748	-1.27401	-0.897134	0.345479	-0.577199	0.763324	0.290135	0.0	-0.153703	0.24739099999999997	-0.9566469999999999	0.0	-0.8020079999999999	-0.59677	-0.025468400000000002	0.0	1.7184599999999999	0.45265299999999997	-0.5682149999999999	0.342344	
3	0.5364760000000001	0.840232	0.0787578	0.0	0.296889	-0.275267	0.914377	0.0	0.7899689999999999	-0.467159	-0.39713000000000004	0.0	-2.41748	-1.27401	-0.897134	0.345479	-0.577199	0.763324	0.290135	0.0	-0.153703	0.24739099999999997	-0.9566469999999999	0.0	-0.8020079999999999	-0.59677	-0.0254683	0.0	1.7184599999999999	0.45265299999999997	-0.5682149999999999	0.342344	
3	0.5364760000000001	0.840232	0.0787578	0.0	0.296889	-0.275267	0.914377	0.0	0.7899689999999999	-0.467159	-0.39713000000000004	0.0	-2.41748	-1.27401	-0.897134	0.345479	-0.577199	0.763324	0.290135	0.0	-0.153703	0.24739099999999997	-0.9566469999999999	0.0	-0.8020079999999999	-0.59677	-0.025468400000000002	0.0	1.7184599999999999	0.45265299999999997	-0.5682149999999999	0.342344	
3	0.5364760000000001	0.840232	0.0787578	0.0	0.296889	-0.275267	0.914377	0.0	0.7899689999999999	-0.467159	-0.39713000000000004	0.0	-2.41748	-1.27401	-0.897134	0.345479	-0.577199	0.763324	0.290135	0.0	-0.153703	0.24739099999999997	-0.9566469999999999	0.0	-0.8020079999999999	-0.59677	-0.025468400000000002	0.0	1.7184599999999999	0.45265299999999997	-0.5682149999999999	0.342344	
3	0.5364760000000001	0.840232	0.0787578	0.0	0.296889	-0.275267	0.914377	0.0	0.7899689999999999	-0.467159	-0.39713000000000004	0.0	-2.41748	-1.27401	-0.897134	0.345479	-0.577199	0.763324	0.290135	0.0	-0.153703	0.24739099999999997	-0.9566469999999999	0.0	-0.8020079999999999	-0.59677	-0.025468400000000002	0.0	1.7184599999999999	0.45265299999999997	-0.5682149999999999	0.342344	
3	0.5364760000000001	0.840232	0.07875789999999999	0.0	0.296889	-0.275267	0.914377	0.0	0.7899689999999999	-0.467159	-0.39713000000000004	0.0	-2.41748	-1.27401	-0.897134	0.345479	-0.577199	0.763324	0.290135	0.0	-0.153703	0.24739099999999997	-0.9566469999999999	0.0	-0.8020079999999999	-0.59677	-0.025468400000000002	0.0	1.7184599999999999	0.45265299999999997	-0.5682149999999999	0.342344	
3	0.5364760000000001	0.840232	0.0787578	0.0	0.296889	-0.275267	0.914377	0.0	0.7899689999999999	-0.467159	-0.39713000000000004	0.0	-2.41748	-1.27401	-0.897134	0.345479	-0.577199	0.763324	0.290135	0.0	-0.153703	0.24739099999999997	-0.9566469999999999	0.0	-0.8020079999999999	-0.59677	-0.025468400000000002	0.0	1.7184599999999999	0.45265299999999997	-0.5682149999999999	0.342344	
3	0.5364760000000001	0.840232	0.0787578	0.0	0.296889	-0.275267	0.914377	0.0	0.7899689999999999	-0.467159	-0.39713000000000004	0.0	-2.41748	-1.27401	-0.897134	0.345479	-0.577199	0.763324	0.290135	0.0	-0.153703	0.24739099999999997	-0.9566469999999999	0.0	-0.8020079999999999	-0.59677	-0.025468400000000002	0.0	1.7184599999999999	0.45265299999999997	-0.5682149999999999	0.342344	
3	0.5364760000000001	0.840233	0.07875789999999999	0.0	0.296889	-0.275267	0.914377	0.0	0.7899689999999999	-0.467159	-0.39713000000000004	0.0	-2.41748	-1.27401	-0.897134	0.345479	-0.577199	0.763324	0.290135	0.0	-0.153703	0.24739099999999997	-0.9566469999999999	0.0	-0.8020079999999999	-0.59677	-0.025468400000000002	0.0	1.7184599999999999	0.45265299999999997	-0.5682149999999999	0.342344	
3	0.5364760000000001	0.840233	0.07875789999999999	0.0	0.296889	-0.275267	0.914377	0.0	0.7899689999999999	-0.467159	-0.39713000000000004	0.0	-2.41748	-1.27401	-0.897134	0.345479	-0.577199	0.763324	0.290135	0.0	-0.153703	0.24739099999999997	-0.9566469999999999	0.0	-0.8020079999999999	-0.59677	-0.025468400000000002	0.0	1.7184599999999999	0.45265299999999997	-0.5682149999999999	0.342344	
3	0.5364760000000001	0.840232	0.0787578	0.0	0.296889	-0.275267	0.914377	0.0	0.7899689999999999	-0.467159	-0.39713000000000004	0.0	-2.41748	-1.27401	-0.897134	0.345479	-0.577199	0.763324	0.290135	0.0	-0.153703	0.24739099999999997	-0.9566469999999999	0.0	-0.8020079999999999	-0.59677	-0.025468400000000002	0.0	1.7184599999999999	0.45265299999999997	-0.5682149999999999	0.342344	
3	0.562398	0.8238559999999999	0.07049960000000001	0.0	0.281157	-0.270715	0.920687	0.0	0.7775989999999999	-0.497971	-0.383883	0.0	-2.42523	-1.29075	-0.975424	0.34775700000000004	-0.564064	0.815484	0.129681	0.0	0.0900841	0.21688600000000002	-0.972032	0.0	-0.8208030000000001	-0.536606	-0.1958	0.0	1.6827900000000002	0.417101	-0.557193	0.357917	
3	0.592294	0.8054600000000001	0.0205308	0.0	0.275818	-0.226633	0.934111	0.0	0.757042	-0.547606	-0.356394	0.0	-2.44928	-1.4101	-0.977775	0.34683800000000004	-0.582164	0.801802	0.134904	0.0	0.065586	0.211687	-0.9751340000000001	0.0	-0.810422	-0.55884	-0.175824	0.0	1.58692	0.34608099999999997	-0.701253	0.360475	
3	0.674188	0.731959	-0.0985198	0.0	0.279461	-0.129347	0.951405	0.0	0.683646	-0.6689579999999999	-0.291758	0.0	-2.4548900000000002	-1.58408	-0.9294049999999999	0.347341	-0.597854	0.777529	0.19498900000000002	0.0	-0.042554400000000006	0.21211999999999998	-0.976317	0.0	-0.800475	-0.591992	-0.0937294	0.0	1.51045	0.255603	-0.777942	0.360213	
3	0.7675569999999999	0.6023970000000001	-0.219031	0.0	0.309206	-0.048652499999999994	0.94975	0.0	0.56147	-0.796713	-0.223608	0.0	-2.4801900000000003	-1.85027	-0.868252	0.34627800000000003	-0.606883	0.747259	0.27073200000000003	0.0	-0.164332	0.215297	-0.962623	0.0	-0.777617	-0.62869	-0.007861499999999999	0.0	1.45581	0.180605	-0.816195	0.36030700000000004	
3	0.796388	0.533678	-0.284523	0.0	0.329698	0.011293899999999999	0.944019	0.0	0.507016	-0.845612	-0.166958	0.0	-2.50169	-2.00562	-0.840348	0.34624699999999997	-0.609776	0.736437	0.29297399999999996	0.0	-0.202494	0.212623	-0.9559219999999999	0.0	-0.76627	-0.642224	0.019471400000000003	0.0	1.42592	0.15979300000000002	-0.8612190000000001	0.359809	
3	0.849476	0.41801400000000005	-0.321956	0.0	0.340482	0.0318531	0.9397110000000001	0.0	0.403067	-0.907882	-0.11526800000000001	0.0	-2.5173400000000004	-2.19475	-0.791196	0.343665	-0.614641	0.7199760000000001	0.322259	0.0	-0.251974	0.207929	-0.945132	0.0	-0.74748	-0.662118	0.0536131	0.0	1.3431799999999998	0.15721300000000002	-0.9892719999999999	0.35998600000000003	
3	0.8893059999999999	0.31055	-0.335698	0.0	0.342129	0.0352921	0.93899	0.0	0.303451	-0.949902	-0.07486269999999999	0.0	-2.54987	-2.35705	-0.925741	0.345163	-0.6040989999999999	0.718992	0.343679	0.0	-0.268766	0.22218000000000002	-0.9372299999999999	0.0	-0.75022	-0.6585489999999999	0.059021500000000005	0.0	1.20305	0.25761300000000004	-1.26959	0.359844	
3	0.9011870000000001	0.24946500000000002	-0.35444200000000003	0.0	0.356513	0.038430900000000004	0.9335	0.0	0.24649699999999997	-0.967621	-0.05430419999999999	0.0	-2.57597	-2.44332	-1.0387	0.34536100000000003	-0.595228	0.722043	0.352643	0.0	-0.278875	0.22595700000000002	-0.933366	0.0	-0.753613	-0.653909	0.06686310000000001	0.0	1.0990799999999998	0.326857	-1.40429	0.35964	
3	0.904913	0.233408	-0.355885	0.0	0.359667	0.0276584	0.9326709999999999	0.0	0.22753600000000002	-0.971986	-0.058920900000000005	0.0	-2.5886	-2.46932	-1.1331	0.34481799999999996	-0.591222	0.723988	0.35538600000000004	0.0	-0.2845	0.22510300000000003	-0.931874	0.0	-0.754663	-0.652051	0.07288860000000001	0.0	1.0458100000000001	0.359187	-1.46366	0.359688	
3	0.908416	0.174453	-0.379929	0.0	0.391946	-0.0391932	0.9191530000000001	0.0	0.145459	-0.983885	-0.10397999999999999	0.0	-2.5705400000000003	-2.468	-1.3369799999999998	0.343289	-0.585036	0.734183	0.34454	0.0	-0.28208099999999997	0.214096	-0.935197	0.0	-0.760371	-0.644312	0.0818455	0.0	0.9941639999999999	0.432558	-1.51746	0.359967	
3	0.911909	0.103477	-0.39713200000000004	0.0	0.406196	-0.08955189999999999	0.9093870000000001	0.0	0.0585366	-0.990592	-0.123695	0.0	-2.58895	-2.53763	-1.51037	0.342535	-0.573813	0.750305	0.3283	0.0	-0.27099	0.20433800000000002	-0.940644	0.0	-0.772854	-0.62872	0.0860732	0.0	0.9961110000000001	0.466221	-1.51888	0.360222	
3	0.91522	0.0864641	-0.393569	0.0	0.40128800000000003	-0.106825	0.909701	0.0	0.036613599999999996	-0.990511	-0.132465	0.0	-2.62846	-2.5927599999999997	-1.56002	0.341331	-0.563778	0.7623260000000001	0.317825	0.0	-0.262522	0.199455	-0.9440870000000001	0.0	-0.783094	-0.615691	0.0876789	0.0	1.01575	0.505324	-1.5057	0.360299	
3	0.92825	0.045794999999999995	-0.369128	0.0	0.371958	-0.114578	0.921151	0.0	-0.00010959799999999999	-0.992358	-0.12339100000000001	0.0	-2.62796	-2.70099	-1.5727	0.338387	-0.544953	0.787593	0.287616	0.0	-0.240096	0.182082	-0.95352	0.0	-0.8033560000000001	-0.588679	0.0898715	0.0	1.09225	0.596176	-1.52062	0.360535	
3	0.9348989999999999	0.040831	-0.352558	0.0	0.354914	-0.109845	0.928424	0.0	-0.000818193	-0.99311	-0.117185	0.0	-2.69369	-2.76441	-1.58647	0.340052	-0.549715	0.7863979999999999	0.28176599999999996	0.0	-0.235636	0.177628	-0.955471	0.0	-0.80143	-0.59163	0.08765869999999999	0.0	1.13719	0.615516	-1.54055	0.360354	
3	0.9483590000000001	-0.00737351	-0.317114	0.0	0.315364	-0.08548389999999999	0.9451129999999999	0.0	-0.0340769	-0.9963120000000001	-0.0787441	0.0	-2.71857	-2.92303	-1.62527	0.338932	-0.5468970000000001	0.792605	0.26959299999999997	0.0	-0.213292	0.179481	-0.960361	0.0	-0.809574	-0.582721	0.07089830000000001	0.0	1.26443	0.625383	-1.6711599999999998	0.360208	
3	0.952256	-0.013133500000000001	-0.305019	0.0	0.30328	-0.0740929	0.950016	0.0	-0.035076800000000005	-0.997165	-0.0665723	0.0	-2.7696	-3.00438	-1.68124	0.34028400000000003	-0.543651	0.796265	0.26534	0.0	-0.20601599999999998	0.17987	-0.961875	0.0	-0.813634	-0.577589	0.0662566	0.0	1.29152	0.629143	-1.71515	0.36052	
3	0.9557959999999999	-0.0167552	-0.293551	0.0	0.29265	-0.042359100000000004	0.9552809999999999	0.0	-0.0284404	-0.9989620000000001	-0.035583300000000005	0.0	-2.81303	-3.10638	-1.7555	0.341548	-0.537878	0.8002239999999999	0.265196	0.0	-0.199123	0.185079	-0.9623389999999999	0.0	-0.8191689999999999	-0.570427	0.0597934	0.0	1.31276	0.640704	-1.73832	0.360485	
3	0.95634	-0.010484700000000001	-0.292068	0.0	0.29131599999999996	-0.045912	0.955525	0.0	-0.0234278	-0.998891	-0.0408531	0.0	-2.8178099999999997	-3.1320900000000003	-1.7530400000000002	0.341513	-0.535903	0.8017489999999999	0.264587	0.0	-0.195157	0.18726600000000002	-0.962728	0.0	-0.821415	-0.567565	0.0561101	0.0	1.31931	0.652963	-1.74153	0.36041599999999996	
3	0.9594889999999999	0.019241900000000003	-0.281089	0.0	0.281643	-0.0384071	0.95875	0.0	0.00765236	-0.999077	-0.042270499999999996	0.0	-2.84713	-3.14695	-1.7538599999999998	0.342432	-0.533822	0.803897	0.262268	0.0	-0.185981	0.190943	-0.9638209999999999	0.0	-0.824891	-0.563286	0.0475796	0.0	1.33829	0.677145	-1.7589299999999999	0.360249	
3	0.9553879999999999	0.07319339999999999	-0.28614	0.0	0.286507	0.00565837	0.9580620000000001	0.0	0.0717429	-0.997302	-0.0155645	0.0	-2.89728	-3.14367	-1.7716900000000002	0.345817	-0.5308149999999999	0.80633	0.260898	0.0	-0.181443	0.192584	-0.96436	0.0	-0.827837	-0.559235	0.0440764	0.0	1.36976	0.683789	-1.76266	0.36052199999999995	
3	0.951256	0.12978800000000001	-0.279763	0.0	0.276827	0.0405096	0.960066	0.0	0.135938	-0.990714	0.00260609	0.0	-2.9527099999999997	-3.15478	-1.78269	0.34892199999999995	-0.528779	0.809048	0.256581	0.0	-0.175743	0.191384	-0.9656530000000001	0.0	-0.8303659999999999	-0.55571	0.040985	0.0	1.3947	0.685736	-1.7678099999999999	0.360583	
3	0.948282	0.155093	-0.276962	0.0	0.270534	0.061550099999999996	0.960741	0.0	0.166052	-0.985981	0.016408799999999998	0.0	-2.978	-3.1548599999999998	-1.78876	0.35224	-0.526647	0.811294	0.25386	0.0	-0.169914	0.19214	-0.9665459999999999	0.0	-0.83293	-0.552163	0.0366606	0.0	1.4005100000000001	0.6927949999999999	-1.78925	0.360693	
3	0.935225	0.220125	-0.277307	0.0	0.251686	0.13752999999999999	0.957987	0.0	0.24901500000000001	-0.965728	0.07321889999999999	0.0	-3.04812	-3.15174	-1.8234599999999999	0.360635	-0.51907	0.817501	0.24951700000000002	0.0	-0.16183599999999998	0.192644	-0.967831	0.0	-0.8392709999999999	-0.5427529999999999	0.0323052	0.0	1.42893	0.741086	-1.82105	0.36061	
3	0.927069	0.25451399999999996	-0.275255	0.0	0.228052	0.19988399999999998	0.9529110000000001	0.0	0.297548	-0.9461870000000001	0.12726400000000002	0.0	-2.53058	-3.4492800000000003	-1.63671	0.350646	-0.520443	0.817067	0.248074	0.0	-0.15889	0.192781	-0.968292	0.0	-0.838983	-0.543358	0.0294923	0.0	1.44384	0.7619239999999999	-1.82864	0.360696	
3	0.9238780000000001	0.26458899999999996	-0.276482	0.0	0.209314	0.255449	0.943893	0.0	0.320371	-0.9299129999999999	0.180621	0.0	-2.44748	-3.3936699999999997	-1.55892	0.357222	-0.5201640000000001	0.817783	0.246294	0.0	-0.15523699999999999	0.193045	-0.9688319999999999	0.0	-0.8398399999999999	-0.542186	0.0265353	0.0	1.45844	0.766755	-1.83601	0.361027	
3	0.923216	0.266414	-0.276941	0.0	0.206092	0.265007	0.9419649999999999	0.0	0.324344	-0.9267120000000001	0.189753	0.0	-2.41089	-3.38056	-1.53417	0.358077	-0.5201979999999999	0.818087	0.24521199999999999	0.0	-0.151495	0.194174	-0.969199	0.0	-0.8405020000000001	-0.541323	0.0229268	0.0	1.47434	0.766967	-1.8435400000000002	0.361047	
3	0.922898	0.266496	-0.27792	0.0	0.20410699999999998	0.273442	0.939984	0.0	0.326497	-0.924234	0.197965	0.0	-2.2705599999999997	-3.5194300000000003	-1.3411600000000001	0.355808	-0.5173399999999999	0.820926	0.24174400000000001	0.0	-0.145622	0.193917	-0.97015	0.0	-0.8433	-0.5371	0.0192236	0.0	1.5049700000000001	0.765108	-1.8591799999999998	0.361294	
3	0.926537	0.283762	-0.24699899999999997	0.0	0.17346099999999998	0.260366	0.9498	0.0	0.333828	-0.9228700000000001	0.19201700000000002	0.0	-2.2240599999999997	-3.5399800000000003	-1.27168	0.356556	-0.5153	0.8238840000000001	0.23596799999999998	0.0	-0.136889	0.192677	-0.9716670000000001	0.0	-0.846007	-0.5330010000000001	0.013494399999999998	0.0	1.5262	0.7646430000000001	-1.8787900000000002	0.361082	
3	0.9389209999999999	0.26987	-0.213534	0.0	0.153427	0.227144	0.961699	0.0	0.308037	-0.9357219999999999	0.17186500000000002	0.0	-2.21454	-3.52415	-1.24861	0.355941	-0.5136189999999999	0.8258280000000001	0.232816	0.0	-0.13333299999999998	0.191225	-0.972448	0.0	-0.8475950000000001	-0.53051	0.0118936	0.0	1.53885	0.7638159999999999	-1.9012200000000001	0.361207	
