3	0.23288299999999998	0.803657	-0.547633	0.0	0.386285	0.440346	0.810481	0.0	0.892496	-0.40029000000000003	-0.207892	0.0	-2.75468	2.05418	1.3357299999999999	5.483630000000001e-06	-0.106199	0.856093	-0.505794	0.0	0.22419	-0.474958	-0.850972	0.0	-0.968742	-0.203766	-0.141487	0.0	2.6535599999999997	2.16187	1.49051	0.0	
3	0.0346517	0.8939290000000001	-0.446867	0.0	0.159425	0.43646499999999994	0.885484	0.0	0.9866020000000001	-0.101925	-0.12739	0.0	-2.83629	2.14003	1.29465	0.0	-0.140229	0.881151	-0.451563	0.0	0.269173	-0.404965	-0.873813	0.0	-0.9528280000000001	-0.24408200000000002	-0.180395	0.0	2.6787400000000003	2.1877400000000002	1.34798	0.0	
3	-0.010740000000000001	0.918077	-0.396257	0.0	0.21808200000000003	0.388891	0.8951	0.0	0.9758709999999999	-0.0768035	-0.20439300000000002	0.0	-2.87968	2.3458099999999997	1.11436	-4.2438500000000004e-05	-0.11657200000000001	0.912294	-0.392596	0.0	0.278118	-0.349491	-0.89471	0.0	-0.9534469999999999	-0.213486	-0.212984	0.0	2.67157	2.31378	1.15415	0.0	
3	0.029032299999999997	0.9325319999999999	-0.359917	0.0	0.254306	0.34133	0.9048879999999999	0.0	0.9666879999999999	-0.1178	-0.227239	0.0	-2.8784099999999997	2.50834	1.0020799999999999	0.00034526699999999996	-0.145627	0.9222229999999999	-0.358186	0.0	0.301207	-0.30353	-0.90396	0.0	-0.9423729999999999	-0.23953000000000002	-0.233578	0.0	2.62221	2.42975	1.05301	0.0	
3	0.13603099999999999	0.9709200000000001	-0.19700299999999998	0.0	0.307817	0.14758800000000002	0.9399290000000001	0.0	0.9416709999999999	-0.188501	-0.278789	0.0	-2.9243099999999997	2.6059	0.840983	0.334833	-0.167898	0.9455450000000001	-0.278846	0.0	0.344385	-0.208781	-0.91532	0.0	-0.923693	-0.24971	-0.290578	0.0	2.58269	2.49422	0.873784	0.15963	
3	0.263902	0.960266	-0.09080369999999999	0.0	0.33465100000000003	-0.00286116	0.9423379999999999	0.0	0.9046350000000001	-0.279072	-0.32210900000000003	0.0	-2.85237	2.62894	0.68547	0.348629	-0.219448	0.950419	-0.220331	0.0	0.337623	-0.137902	-0.931125	0.0	-0.915343	-0.278723	-0.29062	0.0	2.50223	2.4835599999999998	0.751058	0.33777199999999996	
3	0.514931	0.8571719999999999	0.0100993	0.0	0.316768	-0.201214	0.9269149999999999	0.0	0.796557	-0.47409799999999996	-0.375136	0.0	-2.8648700000000002	2.5647	0.59368	0.348339	-0.33113200000000004	0.930544	-0.156333	0.0	0.342277	-0.0359405	-0.9389120000000001	0.0	-0.879317	-0.364413	-0.306602	0.0	2.40455	2.44726	0.686955	0.336423	
3	0.708557	0.703199	0.0588068	0.0	0.271716	-0.34879499999999997	0.8969459999999999	0.0	0.651243	-0.619559	-0.438212	0.0	-2.9214700000000002	2.43628	0.44150600000000007	0.347427	-0.523429	0.8507809999999999	-0.0468375	0.0	0.291673	0.127256	-0.9480149999999999	0.0	-0.800593	-0.509879	-0.314759	0.0	2.29668	2.3234	0.57123	0.33862	
3	0.8314219999999999	0.544033	0.112988	0.0	0.172132	-0.44552700000000006	0.8785649999999999	0.0	0.528307	-0.71101	-0.464066	0.0	-2.87787	2.37161	0.217311	0.346668	-0.7786569999999999	0.619237	0.101191	0.0	0.122858	0.30862	-0.943218	0.0	-0.615305	-0.72201	-0.316388	0.0	2.13079	1.99747	0.272276	0.338536	
3	0.8987069999999999	0.412458	0.149008	0.0	0.07394730000000001	-0.47743199999999997	0.875552	0.0	0.43226899999999996	-0.775846	-0.45957200000000004	0.0	-2.7236599999999997	2.2814900000000002	-0.110875	0.34406	-0.8401930000000001	0.503563	0.201247	0.0	-0.0213892	0.340046	-0.9401649999999999	0.0	-0.541866	-0.7942239999999999	-0.274934	0.0	2.04535	1.63657	-0.203256	0.341764	
3	0.910782	0.37335999999999997	0.176292	0.0	0.0196787	-0.465739	0.884703	0.0	0.412419	-0.8023020000000001	-0.43153400000000003	0.0	-2.5131200000000002	2.20015	-0.378444	0.33969	-0.8432790000000001	0.48343800000000003	0.23488	0.0	-0.092757	0.29954899999999995	-0.9495610000000001	0.0	-0.529412	-0.8225319999999999	-0.207761	0.0	1.91081	1.42924	-0.538817	0.339918	
3	0.9203399999999999	0.338937	0.195181	0.0	-0.0212633	-0.454937	0.8902700000000001	0.0	0.39054099999999997	-0.8235020000000001	-0.41148900000000005	0.0	-2.30098	2.1009700000000002	-0.574515	0.326504	-0.851305	0.440611	0.284854	0.0	-0.17008099999999998	0.281851	-0.944263	0.0	-0.49633900000000003	-0.8523040000000001	-0.165002	0.0	1.8053700000000001	1.22251	-0.8265399999999999	0.339397	
3	0.923335	0.30541399999999996	0.23275300000000002	0.0	-0.0835096	-0.43191899999999994	0.8980379999999999	0.0	0.37480399999999997	-0.848628	-0.37330100000000005	0.0	-2.02356	1.85575	-0.8098850000000001	0.312722	-0.828361	0.45530299999999996	0.326371	0.0	-0.22875	0.256899	-0.938976	0.0	-0.511363	-0.852468	-0.108654	0.0	1.6860400000000002	0.969673	-1.06903	0.3393	
3	0.92435	0.299309	0.236625	0.0	-0.102158	-0.403383	0.9093110000000001	0.0	0.367615	-0.8646940000000001	-0.34229	0.0	-1.8970900000000002	1.55174	-0.966491	0.31144	-0.8184640000000001	0.461293	0.342528	0.0	-0.255817	0.24123200000000003	-0.9361440000000001	0.0	-0.514466	-0.853824	-0.0794331	0.0	1.60103	0.69602	-1.24515	0.341508	
3	0.9354610000000001	0.295536	0.19383399999999998	0.0	-0.0822621	-0.35130900000000004	0.932639	0.0	0.343724	-0.888392	-0.304324	0.0	-1.79483	1.1708399999999999	-1.05036	0.30906	-0.812211	0.476792	0.336131	0.0	-0.251956	0.232973	-0.9392780000000001	0.0	-0.526149	-0.8475809999999999	-0.0690925	0.0	1.5711	0.380187	-1.44205	0.342416	
3	0.9268059999999999	0.353456	0.126885	0.0	-0.0283582	-0.271038	0.962151	0.0	0.374469	-0.895325	-0.24117600000000003	0.0	-1.87645	0.709875	-1.17773	0.30101500000000003	-0.795606	0.5159560000000001	0.31749	0.0	-0.23014600000000002	0.227365	-0.9462229999999999	0.0	-0.560395	-0.82589	-0.06214780000000001	0.0	1.65324	0.10941300000000001	-1.59599	0.340858	
3	0.905379	0.41725100000000004	0.07868589999999999	0.0	0.028851299999999996	-0.24534099999999998	0.969008	0.0	0.423624	-0.875049	-0.234165	0.0	-1.98965	0.418625	-1.27214	0.295575	-0.7933979999999999	0.524813	0.308369	0.0	-0.220419	0.224514	-0.9492149999999999	0.0	-0.567394	-0.821075	-0.062450099999999995	0.0	1.7598799999999999	-0.0366168	-1.66333	0.341415	
3	0.8972379999999999	0.43831000000000003	0.053360199999999997	0.0	0.056683300000000006	-0.23418699999999998	0.9705379999999999	0.0	0.43789300000000003	-0.8677790000000001	-0.234967	0.0	-2.04945	0.345871	-1.36646	0.280004	-0.781155	0.549569	0.296259	0.0	-0.20339300000000002	0.22462800000000002	-0.952982	0.0	-0.590278	-0.8046840000000001	-0.06369069999999999	0.0	1.8320599999999998	-0.0673269	-1.6910599999999998	0.34241900000000003	
3	0.854475	0.519065	-0.021064700000000002	0.0	0.136821	-0.185745	0.9730260000000001	0.0	0.501151	-0.8343079999999999	-0.22973400000000002	0.0	-2.07764	0.329117	-1.39685	0.264494	-0.76077	0.580216	0.290825	0.0	-0.18836	0.231427	-0.954443	0.0	-0.621088	-0.780891	-0.06677310000000002	0.0	1.84697	0.021301900000000002	-1.64273	0.34242	
3	0.815924	0.572488	-0.0807812	0.0	0.201477	-0.150581	0.96785	0.0	0.541918	-0.805967	-0.23820500000000003	0.0	-2.01871	0.332579	-1.42191	0.269043	-0.741769	0.603144	0.293252	0.0	-0.178695	0.243707	-0.9532450000000001	0.0	-0.646411	-0.75949	-0.0729953	0.0	1.7808400000000002	0.159753	-1.58677	0.34362800000000004	
3	0.799449	0.592791	-0.0973683	0.0	0.22776100000000002	-0.149112	0.962232	0.0	0.555884	-0.791432	-0.254222	0.0	-2.02318	0.349709	-1.44375	0.269969	-0.7403069999999999	0.6064930000000001	0.29002100000000003	0.0	-0.16942100000000002	0.249169	-0.953526	0.0	-0.650571	-0.755037	-0.08170930000000001	0.0	1.75483	0.23118899999999998	-1.58674	0.344463	
3	0.794388	0.599056	-0.100392	0.0	0.234605	-0.150151	0.960425	0.0	0.560275	-0.786503	-0.25982	0.0	-2.08128	0.35529	-1.44938	0.272455	-0.735471	0.615152	0.284025	0.0	-0.157529	0.252459	-0.954699	0.0	-0.65899	-0.746895	-0.088772	0.0	1.7698900000000002	0.26755300000000004	-1.61122	0.346042	
3	0.792295	0.600213	-0.109609	0.0	0.24701700000000001	-0.15128	0.9571299999999999	0.0	0.5579	-0.785404	-0.268121	0.0	-2.04632	0.359644	-1.43855	0.27439600000000003	-0.730209	0.625985	0.27374699999999996	0.0	-0.14264100000000002	0.252162	-0.9571139999999999	0.0	-0.668168	-0.737941	-0.0948398	0.0	1.8371099999999998	0.328552	-1.59075	0.347584	
3	0.791334	0.601513	-0.109418	0.0	0.24795100000000003	-0.152161	0.9567479999999999	0.0	0.558848	-0.784238	-0.269556	0.0	-2.03583	0.351639	-1.40683	0.285405	-0.724295	0.6314850000000001	0.27681100000000003	0.0	-0.14386500000000002	0.254222	-0.9563860000000001	0.0	-0.6743140000000001	-0.732529	-0.0932832	0.0	1.83065	0.287137	-1.6167200000000002	0.34805	
3	0.7929149999999999	0.5989680000000001	-0.11190599999999999	0.0	0.24866100000000002	-0.15041	0.9568409999999999	0.0	0.556286	-0.78652	-0.268202	0.0	-2.02548	0.350418	-1.4036899999999999	0.285292	-0.722594	0.634351	0.27469299999999996	0.0	-0.14264300000000002	0.251992	-0.957159	0.0	-0.676395	-0.730821	-0.09160239999999999	0.0	1.8260599999999998	0.270935	-1.6283299999999998	0.348063	
3	0.79401	0.597314	-0.112976	0.0	0.251607	-0.15373	0.955542	0.0	0.553391	-0.787136	-0.272352	0.0	-2.01228	0.353842	-1.4073799999999999	0.285835	-0.721717	0.6396029999999999	0.264635	0.0	-0.140049	0.239479	-0.9607479999999999	0.0	-0.677872	-0.73045	-0.08326019999999999	0.0	1.82912	0.23086500000000001	-1.59521	0.34782399999999997	
3	0.792276	0.599476	-0.113695	0.0	0.254128	-0.15479300000000001	0.9547030000000001	0.0	0.554723	-0.7852819999999999	-0.274983	0.0	-2.01704	0.35428000000000004	-1.40638	0.287119	-0.721353	0.642251	0.25916	0.0	-0.138915	0.23242	-0.962644	0.0	-0.6784939999999999	-0.7304069999999999	-0.0784383	0.0	1.8329799999999998	0.21042600000000003	-1.57091	0.349085	
3	0.794222	0.596771	-0.114348	0.0	0.25701799999999997	-0.159418	0.953167	0.0	0.5505939999999999	-0.786416	-0.279994	0.0	-2.01064	0.354376	-1.4333	0.288426	-0.717943	0.648964	0.2518	0.0	-0.13513599999999998	0.22490900000000003	-0.9649629999999999	0.0	-0.682859	-0.726816	-0.07377339999999999	0.0	1.8425099999999999	0.205742	-1.51817	0.349649	
3	0.793094	0.598163	-0.114901	0.0	0.257144	-0.157803	0.9534020000000001	0.0	0.552158	-0.785684	-0.278967	0.0	-2.01074	0.352731	-1.43634	0.287765	-0.715186	0.651632	0.252755	0.0	-0.135994	0.22497899999999998	-0.964827	0.0	-0.685577	-0.724403	-0.0722834	0.0	1.8419	0.198103	-1.47889	0.34927600000000003	
3	0.793071	0.5980300000000001	-0.115755	0.0	0.256905	-0.156084	0.953749	0.0	0.552303	-0.786129	-0.277422	0.0	-2.01484	0.350509	-1.43221	0.286146	-0.7138760000000001	0.653115	0.25263	0.0	-0.13682	0.22372199999999998	-0.965002	0.0	-0.686776	-0.723457	-0.0703503	0.0	1.8068400000000002	0.198776	-1.46214	0.349515	
3	0.793112	0.597988	-0.11568900000000001	0.0	0.256879	-0.156184	0.9537399999999999	0.0	0.5522560000000001	-0.786141	-0.277482	0.0	-2.01422	0.350722	-1.43265	0.286265	-0.713869	0.6530699999999999	0.252764	0.0	-0.136855	0.223883	-0.96496	0.0	-0.686776	-0.7234470000000001	-0.0704471	0.0	1.80823	0.1987	-1.46337	0.349536	
3	0.793112	0.597988	-0.11569000000000002	0.0	0.256879	-0.156184	0.9537399999999999	0.0	0.5522560000000001	-0.786141	-0.277482	0.0	-2.01422	0.350721	-1.43265	0.286265	-0.713869	0.6530699999999999	0.252764	0.0	-0.136855	0.223883	-0.96496	0.0	-0.686776	-0.7234470000000001	-0.0704471	0.0	1.80823	0.1987	-1.46337	0.349536	
3	0.793112	0.597988	-0.11569000000000002	0.0	0.256879	-0.156184	0.9537399999999999	0.0	0.5522560000000001	-0.786141	-0.277482	0.0	-2.01422	0.350722	-1.43265	0.286265	-0.713869	0.6530699999999999	0.252764	0.0	-0.136855	0.223883	-0.96496	0.0	-0.686776	-0.7234470000000001	-0.0704471	0.0	1.80823	0.1987	-1.46337	0.349536	
3	0.793112	0.597988	-0.11568900000000001	0.0	0.256879	-0.156184	0.9537399999999999	0.0	0.5522560000000001	-0.786141	-0.277482	0.0	-2.01422	0.350721	-1.43265	0.286265	-0.713869	0.6530699999999999	0.252764	0.0	-0.136855	0.223883	-0.96496	0.0	-0.686776	-0.7234470000000001	-0.0704471	0.0	1.80823	0.1987	-1.46336	0.349536	
3	0.793112	0.597988	-0.11568900000000001	0.0	0.256879	-0.156184	0.9537399999999999	0.0	0.5522560000000001	-0.786141	-0.277482	0.0	-2.01422	0.350722	-1.43265	0.286265	-0.713869	0.6530699999999999	0.252764	0.0	-0.136855	0.223883	-0.96496	0.0	-0.686776	-0.7234470000000001	-0.0704471	0.0	1.80823	0.1987	-1.46337	0.349536	
3	0.793112	0.597988	-0.11568900000000001	0.0	0.256879	-0.156184	0.9537399999999999	0.0	0.5522560000000001	-0.786141	-0.277482	0.0	-2.01422	0.350721	-1.43265	0.286265	-0.713869	0.6530699999999999	0.252764	0.0	-0.136855	0.223883	-0.96496	0.0	-0.686776	-0.7234470000000001	-0.0704471	0.0	1.80823	0.1987	-1.46337	0.349536	
3	0.793112	0.597988	-0.11568900000000001	0.0	0.256879	-0.156184	0.9537399999999999	0.0	0.5522560000000001	-0.786141	-0.277482	0.0	-2.01422	0.350722	-1.43265	0.286265	-0.71387	0.6530699999999999	0.252764	0.0	-0.136855	0.22388200000000003	-0.96496	0.0	-0.686776	-0.7234470000000001	-0.0704473	0.0	1.80823	0.1987	-1.46336	0.349536	
3	0.793112	0.597988	-0.11568900000000001	0.0	0.256879	-0.156184	0.9537399999999999	0.0	0.5522560000000001	-0.786141	-0.277482	0.0	-2.01422	0.350721	-1.43265	0.286265	-0.713869	0.6530699999999999	0.252764	0.0	-0.136855	0.223883	-0.96496	0.0	-0.686776	-0.7234470000000001	-0.0704471	0.0	1.80823	0.1987	-1.46336	0.349536	
3	0.793112	0.597988	-0.11569000000000002	0.0	0.256879	-0.156184	0.9537399999999999	0.0	0.5522560000000001	-0.786141	-0.277482	0.0	-2.01422	0.350722	-1.43265	0.286265	-0.713869	0.6530699999999999	0.252764	0.0	-0.136855	0.223883	-0.96496	0.0	-0.686776	-0.7234470000000001	-0.0704471	0.0	1.80823	0.1987	-1.46337	0.349536	
3	0.793112	0.597988	-0.11568900000000001	0.0	0.256879	-0.156184	0.9537399999999999	0.0	0.5522560000000001	-0.786141	-0.277482	0.0	-2.01422	0.350721	-1.43265	0.28626399999999996	-0.71387	0.6530699999999999	0.252764	0.0	-0.136855	0.22388200000000003	-0.96496	0.0	-0.686776	-0.7234470000000001	-0.0704473	0.0	1.80823	0.1987	-1.46337	0.349536	
3	0.793112	0.597988	-0.11568900000000001	0.0	0.256879	-0.156184	0.9537399999999999	0.0	0.5522560000000001	-0.786141	-0.277482	0.0	-2.01422	0.350721	-1.43265	0.28626399999999996	-0.713869	0.6530699999999999	0.252764	0.0	-0.136855	0.223883	-0.96496	0.0	-0.686776	-0.7234470000000001	-0.0704471	0.0	1.80823	0.1987	-1.46336	0.349536	
3	0.793112	0.597988	-0.11569000000000002	0.0	0.256879	-0.156184	0.9537399999999999	0.0	0.5522560000000001	-0.786141	-0.277482	0.0	-2.01422	0.350721	-1.43265	0.28626399999999996	-0.713869	0.6530699999999999	0.252764	0.0	-0.136855	0.223883	-0.96496	0.0	-0.686776	-0.7234470000000001	-0.0704472	0.0	1.80823	0.1987	-1.46336	0.349536	
3	0.793112	0.597988	-0.11569000000000002	0.0	0.256879	-0.156184	0.9537399999999999	0.0	0.5522560000000001	-0.786141	-0.277482	0.0	-2.01422	0.350721	-1.43265	0.28626399999999996	-0.713869	0.6530699999999999	0.252764	0.0	-0.136855	0.223883	-0.96496	0.0	-0.686776	-0.7234470000000001	-0.0704473	0.0	1.80823	0.1987	-1.46336	0.349536	
3	0.793112	0.597988	-0.11569000000000002	0.0	0.256879	-0.156184	0.9537399999999999	0.0	0.5522560000000001	-0.786141	-0.277482	0.0	-2.01422	0.350722	-1.43265	0.28626399999999996	-0.713869	0.6530699999999999	0.252764	0.0	-0.136855	0.223883	-0.96496	0.0	-0.686776	-0.7234470000000001	-0.0704473	0.0	1.80823	0.1987	-1.46336	0.349536	
3	0.793112	0.597988	-0.11568900000000001	0.0	0.256879	-0.156184	0.9537399999999999	0.0	0.5522560000000001	-0.786141	-0.277482	0.0	-2.01422	0.350721	-1.43265	0.28626399999999996	-0.713869	0.6530699999999999	0.252764	0.0	-0.136855	0.223883	-0.96496	0.0	-0.686776	-0.7234470000000001	-0.0704472	0.0	1.80823	0.1987	-1.46337	0.349536	
3	0.793112	0.597988	-0.11569000000000002	0.0	0.256879	-0.156184	0.9537399999999999	0.0	0.5522560000000001	-0.786141	-0.277482	0.0	-2.01422	0.350721	-1.43265	0.28626399999999996	-0.713869	0.6530699999999999	0.252764	0.0	-0.136855	0.223883	-0.96496	0.0	-0.686776	-0.7234470000000001	-0.0704473	0.0	1.80823	0.1987	-1.46336	0.349536	
3	0.793112	0.597988	-0.11568900000000001	0.0	0.256879	-0.156184	0.9537399999999999	0.0	0.5522560000000001	-0.786141	-0.277482	0.0	-2.01422	0.350721	-1.43265	0.28626399999999996	-0.713869	0.6530699999999999	0.252764	0.0	-0.136855	0.223883	-0.96496	0.0	-0.686776	-0.7234470000000001	-0.0704473	0.0	1.80823	0.1987	-1.46336	0.349536	
3	0.406358	0.913341	0.026086500000000002	0.0	0.341183	-0.17815799999999998	0.922959	0.0	0.8476239999999999	-0.366152	-0.384013	0.0	-2.0032400000000004	0.35293800000000003	-1.50902	0.353491	-0.432613	0.9000819999999999	0.0519437	0.0	0.27482	0.186522	-0.9432309999999999	0.0	-0.8586739999999999	-0.393778	-0.328052	0.0	1.7934900000000003	0.177629	-1.44472	0.36217	
3	0.472084	0.879986	0.052541899999999996	0.0	0.34029699999999996	-0.23689200000000002	0.9099889999999999	0.0	0.813225	-0.41171199999999997	-0.411289	0.0	-2.01326	0.365597	-1.52063	0.35133400000000004	-0.48476899999999995	0.872526	0.0608024	0.0	0.264123	0.21230700000000002	-0.940832	0.0	-0.833809	-0.44002700000000006	-0.333374	0.0	1.8086799999999998	0.12738	-1.45431	0.361849	
3	0.580075	0.811071	0.0753499	0.0	0.370776	-0.34527399999999997	0.8621549999999999	0.0	0.7252850000000001	-0.47217700000000007	-0.5010100000000001	0.0	-2.1353	0.389329	-1.64697	0.349258	-0.556195	0.8275399999999999	0.07632760000000001	0.0	0.243246	0.24993	-0.937212	0.0	-0.794657	-0.502706	-0.340305	0.0	1.77895	0.038329	-1.52948	0.36239099999999996	
3	0.734528	0.676956	0.0468918	0.0	0.365877	-0.453295	0.812809	0.0	0.571492	-0.579875	-0.5806399999999999	0.0	-2.31488	0.298925	-1.82063	0.350598	-0.6201949999999999	0.779211	0.09049360000000001	0.0	0.20487399999999997	0.27225	-0.940163	0.0	-0.7572220000000001	-0.5645439999999999	-0.328488	0.0	1.7247700000000001	-0.056973199999999995	-1.61256	0.36289099999999996	
3	0.802817	0.596176	-0.00770262	0.0	0.359164	-0.473262	0.8043779999999999	0.0	0.475905	-0.6485350000000001	-0.594068	0.0	-2.58797	0.10365799999999999	-1.95818	0.349165	-0.653732	0.74959	0.10368499999999999	0.0	0.167246	0.27674899999999997	-0.946276	0.0	-0.7380140000000001	-0.60127	-0.306286	0.0	1.66441	-0.0922624	-1.7847099999999998	0.36197399999999996	
3	0.8517170000000001	0.519827	-0.0660206	0.0	0.352258	-0.474724	0.8065680000000001	0.0	0.387934	-0.710224	-0.587443	0.0	-2.7831799999999998	-0.0506492	-2.06053	0.345386	-0.688823	0.7118899999999999	0.136877	0.0	0.09361289999999999	0.274584	-0.956995	0.0	-0.71886	-0.6463869999999999	-0.255782	0.0	1.58499	-0.110371	-1.92914	0.361724	
3	0.9023459999999999	0.41819399999999995	-0.104333	0.0	0.30639099999999997	-0.45211599999999996	0.837685	0.0	0.303144	-0.787849	-0.536096	0.0	-2.9161200000000003	-0.238504	-2.13312	0.337931	-0.714655	0.6751560000000001	0.182847	0.0	-0.0203179	0.241259	-0.970248	0.0	-0.699182	-0.697108	-0.158699	0.0	1.4940200000000001	-0.146241	-2.06445	0.361356	
3	0.928724	0.339411	-0.14923699999999998	0.0	0.279369	-0.37595100000000004	0.883524	0.0	0.243772	-0.862242	-0.443975	0.0	-2.9769400000000004	-0.377025	-2.17698	0.328714	-0.744876	0.631374	0.215702	0.0	-0.11170699999999999	0.200716	-0.97326	0.0	-0.657786	-0.749053	-0.0789798	0.0	1.3880299999999999	-0.14699500000000001	-2.1478900000000003	0.36137199999999997	
3	0.9516389999999999	0.25477	-0.171683	0.0	0.248619	-0.31035999999999997	0.917532	0.0	0.180476	-0.9158430000000001	-0.358692	0.0	-3.0059400000000003	-0.507103	-2.14672	0.32627	-0.743924	0.622212	0.24378000000000002	0.0	-0.158032	0.190648	-0.9688549999999999	0.0	-0.649309	-0.759279	-0.043498699999999994	0.0	1.29241	-0.078938	-2.29632	0.361025	
3	0.921952	0.20951399999999998	-0.325743	0.0	0.36246999999999996	-0.17044	0.916278	0.0	0.136454	-0.962837	-0.23308	0.0	-2.99765	-0.599091	-2.09491	0.324916	-0.738835	0.6163029999999999	0.272569	0.0	-0.194099	0.192711	-0.961867	0.0	-0.645329	-0.763566	-0.022758	0.0	1.18144	0.0899267	-2.40784	0.361315	
3	0.8613629999999999	0.0789591	-0.501815	0.0	0.506795	-0.06587029999999999	0.8595459999999999	0.0	0.0348144	-0.994699	-0.0967543	0.0	-3.05465	-0.736693	-1.88083	0.333144	-0.734438	0.608	0.301558	0.0	-0.22401300000000002	0.202257	-0.953368	0.0	-0.64064	-0.7677430000000001	-0.0123461	0.0	1.0608799999999998	0.232014	-2.53282	0.36092199999999997	
3	0.775107	0.11861700000000001	-0.620596	0.0	0.624629	0.0040129	0.780911	0.0	0.09511939999999999	-0.9929319999999999	-0.07098099999999999	0.0	-3.04472	-0.7811739999999999	-1.8246799999999999	0.33424699999999996	-0.732725	0.60828	0.305139	0.0	-0.22672399999999998	0.204571	-0.952233	0.0	-0.6416470000000001	-0.766907	-0.0119822	0.0	0.987332	0.312554	-2.70781	0.36129	
3	0.709808	0.056796400000000004	-0.702102	0.0	0.703793	-0.0159638	0.710226	0.0	0.029130200000000002	-0.998258	-0.05130409999999999	0.0	-3.01725	-0.852808	-1.8063599999999997	0.33615	-0.72951	0.615714	0.297844	0.0	-0.21669000000000002	0.20497800000000002	-0.9544790000000001	0.0	-0.648738	-0.760842	-0.0161149	0.0	0.9650120000000001	0.33782199999999996	-2.80318	0.361288	
3	0.6953020000000001	0.069862	-0.7153149999999999	0.0	0.718495	-0.0427779	0.6942149999999999	0.0	0.017899599999999998	-0.9966389999999999	-0.07993910000000001	0.0	-3.0928299999999997	-1.0245	-1.94587	0.33551	-0.718278	0.62956	0.296193	0.0	-0.21199	0.207443	-0.955002	0.0	-0.662674	-0.748746	-0.015541399999999999	0.0	0.931125	0.362829	-2.89342	0.36135900000000004	
3	0.689148	0.0729102	-0.7209439999999999	0.0	0.723704	-0.019225700000000002	0.689842	0.0	0.03643590000000001	-0.9971530000000001	-0.0660148	0.0	-3.16197	-1.24665	-2.1572	0.292352	-0.714123	0.63648	0.291412	0.0	-0.20999099999999998	0.202343	-0.956536	0.0	-0.667782	-0.744278	-0.0108429	0.0	0.927742	0.364134	-2.87502	0.361639	
3	0.697364	0.0655798	-0.713711	0.0	0.715968	-0.018218400000000003	0.6978949999999999	0.0	0.0327652	-0.9976809999999999	-0.059658	0.0	-3.13994	-1.28436	-2.26844	0.293344	-0.711866	0.639917	0.289402	0.0	-0.206294	0.203369	-0.957123	0.0	-0.671335	-0.741045	-0.012760299999999999	0.0	0.9328709999999999	0.36753	-2.8594	0.361727	
3	0.682703	0.0517965	-0.728858	0.0	0.7305050000000001	-0.025549000000000002	0.682429	0.0	0.0167258	-0.998331	-0.0552799	0.0	-3.0402299999999998	-1.33865	-2.4207099999999997	0.312017	-0.701166	0.6546109999999999	0.28258099999999997	0.0	-0.19026500000000002	0.21016999999999997	-0.9589719999999999	0.0	-0.6871430000000001	-0.726164	-0.0228148	0.0	0.9809049999999999	0.39882399999999996	-2.8515599999999997	0.362034	
3	0.684121	0.049438300000000004	-0.727691	0.0	0.7292529999999999	-0.028591700000000005	0.683647	0.0	0.0129925	-0.998368	-0.055613199999999995	0.0	-3.01044	-1.34559	-2.52026	0.32615700000000003	-0.696427	0.660644	0.28025	0.0	-0.183643	0.213454	-0.9595379999999999	0.0	-0.693733	-0.7197140000000001	-0.027332799999999997	0.0	1.00318	0.41768599999999995	-2.86302	0.36221	
3	0.674632	0.0472992	-0.736637	0.0	0.737743	-0.00992288	0.675009	0.0	0.0246179	-0.9988319999999999	-0.041589	0.0	-2.99341	-1.35592	-2.6021	0.340914	-0.6943159999999999	0.664399	0.276586	0.0	-0.175144	0.216771	-0.960383	0.0	-0.698033	-0.715251	-0.0341423	0.0	1.0424799999999999	0.45863999999999994	-2.87433	0.362315	
3	0.625976	0.0920895	-0.774386	0.0	0.775259	0.034016199999999996	0.630727	0.0	0.084425	-0.9951700000000001	-0.05009980000000001	0.0	-2.96117	-1.3578700000000001	-2.62455	0.34178600000000003	-0.6812520000000001	0.6801550000000001	0.270715	0.0	-0.159632	0.22288000000000002	-0.9616870000000001	0.0	-0.714433	-0.6983659999999999	-0.043262800000000004	0.0	1.10222	0.49175100000000005	-2.90572	0.362281	
3	0.601545	0.13178399999999998	-0.787894	0.0	0.7886310000000001	0.059206600000000005	0.61201	0.0	0.127302	-0.989509	-0.06831369999999999	0.0	-2.94334	-1.36217	-2.67647	0.34110999999999997	-0.676046	0.685655	0.269887	0.0	-0.15548299999999998	0.22528099999999998	-0.961807	0.0	-0.720268	-0.692189	-0.045693300000000006	0.0	1.12991	0.497012	-2.9121799999999998	0.362458	
3	0.598437	0.13818699999999998	-0.789162	0.0	0.788666	0.0717394	0.610622	0.0	0.140994	-0.9878049999999999	-0.06605219999999999	0.0	-2.94215	-1.37315	-2.70721	0.340376	-0.672601	0.688385	0.271541	0.0	-0.153108	0.22955100000000003	-0.9611790000000001	0.0	-0.723993	-0.6880649999999999	-0.048999400000000005	0.0	1.13761	0.4918	-2.91961	0.36217699999999997	
3	0.5956670000000001	0.141574	-0.7906569999999999	0.0	0.789838	0.07577080000000001	0.608617	0.0	0.146073	-0.987024	-0.06668639999999999	0.0	-2.93701	-1.37706	-2.7129	0.338897	-0.668473	0.692297	0.271787	0.0	-0.150702	0.231771	-0.961026	0.0	-0.728308	-0.683379	-0.0506022	0.0	1.1403299999999998	0.481415	-2.92564	0.362717	
3	0.59426	0.14247200000000002	-0.791554	0.0	0.789992	0.0812458	0.607711	0.0	0.150892	-0.986459	-0.0642702	0.0	-2.93925	-1.37962	-2.71342	0.338111	-0.667416	0.694525	0.268683	0.0	-0.147808	0.230075	-0.961883	0.0	-0.729869	-0.68169	-0.050899400000000004	0.0	1.14982	0.461154	-2.93475	0.36240300000000003	
3	0.593666	0.144347	-0.79166	0.0	0.789144	0.0881428	0.607851	0.0	0.157521	-0.9855940000000001	-0.061583500000000006	0.0	-2.9291099999999997	-1.3857899999999999	-2.7116700000000002	0.335943	-0.666523	0.697334	0.263575	0.0	-0.145592	0.224991	-0.9634219999999999	0.0	-0.731129	-0.6805180000000001	-0.0484351	0.0	1.15677	0.382725	-2.9452700000000003	0.36240700000000003	
3	0.594353	0.145475	-0.790937	0.0	0.788906	0.0854521	0.6085430000000001	0.0	0.156115	-0.985665	-0.06397749999999999	0.0	-2.9228400000000003	-1.3853	-2.7149900000000002	0.33565100000000003	-0.6679649999999999	0.698102	0.25783	0.0	-0.14290799999999998	0.21968200000000002	-0.9650479999999999	0.0	-0.7303430000000001	-0.6814640000000001	-0.0469759	0.0	1.1849100000000001	0.329033	-2.9340200000000003	0.36235300000000004	
3	0.5979760000000001	0.15066500000000002	-0.787226	0.0	0.787313	0.0736557	0.612139	0.0	0.15021099999999998	-0.9858370000000001	-0.0745758	0.0	-2.91808	-1.37941	-2.72287	0.336674	-0.669198	0.6933729999999999	0.26722199999999996	0.0	-0.13919700000000002	0.236275	-0.961664	0.0	-0.72993	-0.68074	-0.0615996	0.0	1.19062	0.292454	-2.95633	0.361756	
3	0.618692	0.15805999999999998	-0.76957	0.0	0.776036	0.0296945	0.6299899999999999	0.0	0.122428	-0.9869829999999999	-0.104288	0.0	-2.90853	-1.35112	-2.7883299999999998	0.33832399999999996	-0.670343	0.6897300000000001	0.273704	0.0	-0.134501	0.249802	-0.95891	0.0	-0.729761	-0.679612	-0.0746837	0.0	1.16602	0.249072	-3.05325	0.361662	
3	0.640196	0.183602	-0.745949	0.0	0.760848	-0.017412999999999998	0.6486970000000001	0.0	0.10611300000000001	-0.9828469999999999	-0.150841	0.0	-2.9287400000000003	-1.29752	-2.98843	0.33955799999999997	-0.675706	0.685975	0.269925	0.0	-0.130545	0.24902600000000003	-0.959658	0.0	-0.7255199999999999	-0.6836840000000001	-0.0787179	0.0	1.11961	0.138939	-3.18528	0.361833	
3	0.656768	0.200049	-0.727074	0.0	0.747175	-0.0423326	0.6632779999999999	0.0	0.101909	-0.9788709999999999	-0.177274	0.0	-2.91969	-1.26034	-3.2267099999999997	0.336831	-0.677847	0.686876	0.262154	0.0	-0.133443	0.235706	-0.962619	0.0	-0.722992	-0.687491	-0.0681135	0.0	1.09569	-0.00361137	-3.26352	0.362211	
3	0.6727850000000001	0.179136	-0.717823	0.0	0.7348399999999999	-0.049219	0.676452	0.0	0.0858466	-0.982592	-0.16475	0.0	-2.90482	-1.2480799999999999	-3.38576	0.33697699999999997	-0.674416	0.691571	0.25863600000000003	0.0	-0.137036	0.226963	-0.9642139999999999	0.0	-0.725524	-0.685724	-0.0582976	0.0	1.0878	-0.08054650000000001	-3.28205	0.362481	
3	0.683309	0.147383	-0.7151	0.0	0.7255060000000001	-0.027012599999999998	0.687685	0.0	0.0820363	-0.988711	-0.125385	0.0	-2.89453	-1.2741	-3.39811	0.337156	-0.6768350000000001	0.690103	0.256227	0.0	-0.135731	0.225109	-0.9648329999999999	0.0	-0.723513	-0.687811	-0.0586938	0.0	1.09071	-0.0941344	-3.2593799999999997	0.362716	
3	0.699293	0.0778973	-0.710579	0.0	0.707006	0.0713495	0.703599	0.0	0.10550799999999999	-0.9944049999999999	-0.00517969	0.0	-2.83467	-1.3949	-3.1578	0.334741	-0.6800649999999999	0.687652	0.254257	0.0	-0.129001	0.229154	-0.9648040000000001	0.0	-0.721713	-0.688929	-0.06713179999999999	0.0	1.12042	-0.1082	-3.25678	0.36290700000000004	
3	0.700049	0.056641	-0.711845	0.0	0.70702	0.0849982	0.702067	0.0	0.100271	-0.99477	0.019456599999999998	0.0	-2.81688	-1.41641	-3.05863	0.336453	-0.6795260000000001	0.688045	0.254634	0.0	-0.127236	0.231294	-0.964528	0.0	-0.722534	-0.68782	-0.06962639999999999	0.0	1.13214	-0.120555	-3.2738	0.36294	
3	0.708082	0.050622	-0.704313	0.0	0.697177	0.108207	0.7086859999999999	0.0	0.11208699999999999	-0.9928389999999999	0.0413267	0.0	-2.84727	-1.423	-2.95609	0.337752	-0.6782590000000001	0.689851	0.25311999999999996	0.0	-0.12533699999999998	0.23080799999999999	-0.964893	0.0	-0.724055	-0.6861729999999999	-0.07008389999999999	0.0	1.14327	-0.133819	-3.2995300000000003	0.36290900000000004	
3	0.730221	0.0459587	-0.681663	0.0	0.66877	0.155968	0.726925	0.0	0.139726	-0.986692	0.0831552	0.0	-2.85963	-1.43665	-2.8300799999999997	0.339402	-0.674203	0.694137	0.252238	0.0	-0.126558	0.227897	-0.965425	0.0	-0.727621	-0.682816	-0.0658	0.0	1.1373	-0.117301	-3.29371	0.363084	
3	0.745073	0.0494175	-0.66515	0.0	0.6453409999999999	0.19856600000000002	0.737636	0.0	0.168528	-0.978841	0.11605499999999999	0.0	-2.85993	-1.45109	-2.75425	0.33872800000000003	-0.672755	0.695271	0.25298200000000004	0.0	-0.128472	0.226958	-0.9653940000000001	0.0	-0.728626	-0.681974	-0.06336409999999999	0.0	1.13178	-0.109324	-3.2865699999999998	0.36305	
3	0.774281	0.0589779	-0.630088	0.0	0.599879	0.248743	0.7604420000000001	0.0	0.20158	-0.966772	0.157218	0.0	-2.83308	-1.45507	-2.7191	0.338948	-0.673693	0.693652	0.254921	0.0	-0.129075	0.229202	-0.964783	0.0	-0.7276520000000001	-0.682872	-0.0648784	0.0	1.12666	-0.11548699999999999	-3.2876800000000004	0.36311	
3	0.846459	0.11100399999999999	-0.520754	0.0	0.45454300000000003	0.358714	0.815301	0.0	0.277304	-0.926824	0.25318	0.0	-2.80706	-1.49405	-2.67921	0.3389	-0.674937	0.692844	0.253825	0.0	-0.127894	0.22894099999999998	-0.965002	0.0	-0.726707	-0.683778	-0.0659102	0.0	1.12838	-0.115192	-3.2869	0.363307	
3	0.864965	0.151725	-0.478346	0.0	0.380397	0.423476	0.8221719999999999	0.0	0.327312	-0.8931110000000001	0.308576	0.0	-2.71877	-1.48189	-2.61331	0.33952	-0.673118	0.695298	0.25193899999999997	0.0	-0.125975	0.22789	-0.9655030000000001	0.0	-0.728727	-0.681635	-0.0658064	0.0	1.1308	-0.111634	-3.2847699999999995	0.363298	
3	0.884173	0.153803	-0.441115	0.0	0.34322199999999997	0.42670399999999997	0.836733	0.0	0.316918	-0.8912180000000001	0.324491	0.0	-2.68572	-1.45403	-2.5928	0.340605	-0.67011	0.698407	0.251357	0.0	-0.12469300000000001	0.22790300000000002	-0.965667	0.0	-0.7317130000000001	-0.678445	-0.0656338	0.0	1.13516	-0.10303699999999999	-3.2679	0.363553	
3	0.882724	0.172681	-0.437012	0.0	0.330581	0.43272200000000005	0.83873	0.0	0.333938	-0.884835	0.324889	0.0	-2.68079	-1.43664	-2.60865	0.34118899999999996	-0.663384	0.705476	0.24945	0.0	-0.12055999999999999	0.22824099999999997	-0.966111	0.0	-0.738503	-0.670977	-0.06635930000000001	0.0	1.1426100000000001	-0.0833217	-3.2690200000000003	0.363667	
3	0.881308	0.171572	-0.44029399999999996	0.0	0.336345	0.42671000000000003	0.839518	0.0	0.331915	-0.887965	0.318356	0.0	-2.66634	-1.41649	-2.60728	0.34106	-0.663457	0.70544	0.249356	0.0	-0.118228	0.230239	-0.9659260000000001	0.0	-0.7388140000000001	-0.670331	-0.069351	0.0	1.14841	-0.0687471	-3.26262	0.363679	
3	0.882553	0.174251	-0.43673500000000004	0.0	0.333454	0.422921	0.842583	0.0	0.331525	-0.8892549999999999	0.315145	0.0	-2.6610400000000003	-1.41143	-2.6107	0.341465	-0.663579	0.705271	0.24951199999999998	0.0	-0.1172	0.2314	-0.965773	0.0	-0.738869	-0.6701090000000001	-0.0708943	0.0	1.16355	-0.07464839999999999	-3.27047	0.363682	
3	0.884725	0.178015	-0.430782	0.0	0.32910700000000004	0.415897	0.847772	0.0	0.330077	-0.891818	0.309369	0.0	-2.66565	-1.4155200000000001	-2.62922	0.341787	-0.661928	0.7075319999999999	0.247489	0.0	-0.115817	0.22966999999999999	-0.966353	0.0	-0.740566	-0.66832	-0.0700807	0.0	1.17628	-0.08229149999999999	-3.27561	0.363698	
3	0.8854489999999999	0.180267	-0.42835100000000004	0.0	0.325473	0.417389	0.848442	0.0	0.331735	-0.890669	0.310904	0.0	-2.6529599999999998	-1.4200700000000002	-2.6356900000000003	0.341925	-0.661543	0.707859	0.247583	0.0	-0.115819	0.229748	-0.966334	0.0	-0.7409100000000001	-0.667946	-0.0700047	0.0	1.17642	-0.0827457	-3.27502	0.363599	
3	0.887075	0.1787	-0.425634	0.0	0.324817	0.413534	0.8505790000000001	0.0	0.32801199999999997	-0.8927799999999999	0.308791	0.0	-2.62205	-1.4254799999999999	-2.60931	0.341902	-0.661043	0.708084	0.24827399999999997	0.0	-0.11628599999999999	0.23020500000000002	-0.9661690000000001	0.0	-0.741283	-0.66755	-0.06983510000000001	0.0	1.17541	-0.0887567	-3.27979	0.363653	
3	0.887476	0.177176	-0.42543500000000006	0.0	0.326277	0.410393	0.85154	0.0	0.325468	-0.894531	0.306406	0.0	-2.60963	-1.4257	-2.62205	0.341699	-0.659621	0.709711	0.24740700000000002	0.0	-0.11561600000000001	0.229444	-0.9664309999999999	0.0	-0.742653	-0.666082	-0.0692923	0.0	1.1750200000000002	-0.102241	-3.2838800000000004	0.363659	
3	0.888021	0.177172	-0.42429700000000004	0.0	0.325782	0.40875300000000003	0.852518	0.0	0.324475	-0.8952829999999999	0.305262	0.0	-2.60958	-1.43333	-2.60035	0.341729	-0.6588729999999999	0.710807	0.24625300000000003	0.0	-0.11503	0.228304	-0.9667709999999999	0.0	-0.743408	-0.665305	-0.0686592	0.0	1.17831	-0.110046	-3.2763	0.363618	
3	0.8880600000000001	0.177202	-0.42420399999999997	0.0	0.325694	0.408723	0.8525659999999999	0.0	0.32445799999999997	-0.895291	0.305257	0.0	-2.6095900000000003	-1.43297	-2.60066	0.341729	-0.658845	0.710843	0.246223	0.0	-0.115042	0.22824899999999998	-0.9667819999999999	0.0	-0.7434310000000001	-0.665285	-0.06860419999999999	0.0	1.17811	-0.10974400000000001	-3.27661	0.363611	
3	0.8880600000000001	0.177204	-0.42420399999999997	0.0	0.325693	0.408722	0.852567	0.0	0.324459	-0.895291	0.305255	0.0	-2.6096	-1.4329399999999999	-2.60067	0.34173000000000003	-0.6588430000000001	0.710845	0.246223	0.0	-0.115043	0.22824699999999998	-0.966783	0.0	-0.743432	-0.665284	-0.06860110000000001	0.0	1.1780899999999999	-0.109724	-3.27662	0.363611	
3	0.8880600000000001	0.177204	-0.42420399999999997	0.0	0.325693	0.408722	0.852567	0.0	0.324459	-0.895291	0.305255	0.0	-2.6096	-1.4329399999999999	-2.60067	0.34173000000000003	-0.6588430000000001	0.710845	0.246223	0.0	-0.115043	0.22824699999999998	-0.966783	0.0	-0.743432	-0.665284	-0.06860110000000001	0.0	1.1780899999999999	-0.109724	-3.27662	0.363611	
3	0.8880600000000001	0.177204	-0.42420399999999997	0.0	0.325693	0.408722	0.852567	0.0	0.324459	-0.895291	0.305255	0.0	-2.6096	-1.4329399999999999	-2.60067	0.34173000000000003	-0.6588430000000001	0.710845	0.246223	0.0	-0.115043	0.22824699999999998	-0.966783	0.0	-0.743432	-0.665284	-0.06860110000000001	0.0	1.1780899999999999	-0.109724	-3.27662	0.36361	
3	0.8880600000000001	0.177204	-0.42420399999999997	0.0	0.325693	0.408722	0.852567	0.0	0.324459	-0.895291	0.305255	0.0	-2.6096	-1.4329399999999999	-2.60067	0.341729	-0.6588430000000001	0.710845	0.246223	0.0	-0.115043	0.22824699999999998	-0.966783	0.0	-0.743432	-0.665284	-0.06860110000000001	0.0	1.1780899999999999	-0.109724	-3.27662	0.36361	
3	0.8880600000000001	0.177204	-0.42420399999999997	0.0	0.325693	0.408722	0.852567	0.0	0.324459	-0.895291	0.30525599999999997	0.0	-2.6096	-1.4329399999999999	-2.60067	0.341729	-0.6588430000000001	0.710845	0.246223	0.0	-0.115043	0.22824699999999998	-0.9667819999999999	0.0	-0.743432	-0.665284	-0.0686008	0.0	1.1780899999999999	-0.109724	-3.27662	0.36361	
3	0.8880600000000001	0.177204	-0.42420399999999997	0.0	0.325693	0.408722	0.852567	0.0	0.324459	-0.895291	0.305255	0.0	-2.6096	-1.4329399999999999	-2.60067	0.34173000000000003	-0.6588430000000001	0.710845	0.246223	0.0	-0.115043	0.22824699999999998	-0.9667819999999999	0.0	-0.743432	-0.665284	-0.0686008	0.0	1.1780899999999999	-0.109724	-3.27662	0.36361	
3	0.8880600000000001	0.177204	-0.42420399999999997	0.0	0.325693	0.408722	0.852567	0.0	0.324459	-0.895291	0.30525599999999997	0.0	-2.6096	-1.4329399999999999	-2.60067	0.341729	-0.6588430000000001	0.710845	0.246223	0.0	-0.115043	0.22824699999999998	-0.966783	0.0	-0.743432	-0.665284	-0.068601	0.0	1.1780899999999999	-0.109724	-3.27662	0.36361	
3	0.8880600000000001	0.177204	-0.42420399999999997	0.0	0.325693	0.408722	0.852567	0.0	0.324459	-0.895291	0.305255	0.0	-2.6096	-1.4329399999999999	-2.60067	0.34173000000000003	-0.6588430000000001	0.710845	0.246223	0.0	-0.115043	0.22824699999999998	-0.966783	0.0	-0.743432	-0.665284	-0.06860110000000001	0.0	1.1780899999999999	-0.109724	-3.27662	0.36361	
3	0.8880600000000001	0.177204	-0.42420399999999997	0.0	0.325693	0.408722	0.852567	0.0	0.324459	-0.895291	0.305255	0.0	-2.6096	-1.4329399999999999	-2.60067	0.34173000000000003	-0.6588430000000001	0.710845	0.246223	0.0	-0.115043	0.22824699999999998	-0.966783	0.0	-0.743432	-0.665284	-0.06860110000000001	0.0	1.1780899999999999	-0.109724	-3.27662	0.36361	
3	0.8880600000000001	0.177204	-0.42420399999999997	0.0	0.325693	0.408722	0.852567	0.0	0.324459	-0.895291	0.305255	0.0	-2.6096	-1.4329399999999999	-2.60067	0.34173000000000003	-0.6588430000000001	0.710845	0.246223	0.0	-0.115043	0.22824699999999998	-0.966783	0.0	-0.743432	-0.665284	-0.06860110000000001	0.0	1.1780899999999999	-0.109724	-3.27662	0.36361	
3	0.8880600000000001	0.177204	-0.42420399999999997	0.0	0.325693	0.408722	0.852567	0.0	0.324459	-0.895291	0.30525599999999997	0.0	-2.6096	-1.4329399999999999	-2.60067	0.341729	-0.6588430000000001	0.710845	0.246223	0.0	-0.115043	0.22824699999999998	-0.966783	0.0	-0.743432	-0.665284	-0.06860110000000001	0.0	1.1780899999999999	-0.109724	-3.27662	0.36361	
3	0.8880600000000001	0.177204	-0.42420399999999997	0.0	0.325693	0.408722	0.852567	0.0	0.324459	-0.895291	0.30525599999999997	0.0	-2.6096	-1.4329399999999999	-2.60067	0.341729	-0.6588430000000001	0.710845	0.246223	0.0	-0.115043	0.22824699999999998	-0.966783	0.0	-0.743432	-0.665284	-0.06860110000000001	0.0	1.1780899999999999	-0.109724	-3.27662	0.36361	
3	0.8880600000000001	0.177204	-0.42420399999999997	0.0	0.325693	0.408722	0.852567	0.0	0.324459	-0.895291	0.30525599999999997	0.0	-2.6096	-1.4329399999999999	-2.60067	0.341729	-0.6588430000000001	0.710845	0.246223	0.0	-0.115043	0.22824699999999998	-0.9667819999999999	0.0	-0.743432	-0.665284	-0.0686008	0.0	1.1780899999999999	-0.109724	-3.27662	0.36361	
3	0.8880600000000001	0.177204	-0.42420399999999997	0.0	0.325693	0.408722	0.852567	0.0	0.324459	-0.895291	0.305255	0.0	-2.6096	-1.4329399999999999	-2.60067	0.34173000000000003	-0.6588430000000001	0.710845	0.246223	0.0	-0.115043	0.22824699999999998	-0.966783	0.0	-0.743432	-0.665284	-0.06860110000000001	0.0	1.1780899999999999	-0.109724	-3.27662	0.363611	
3	0.8880600000000001	0.177204	-0.42420399999999997	0.0	0.325693	0.408722	0.852567	0.0	0.324459	-0.895291	0.305255	0.0	-2.6096	-1.4329399999999999	-2.60067	0.341729	-0.6588430000000001	0.710845	0.246223	0.0	-0.115043	0.22824699999999998	-0.966783	0.0	-0.743432	-0.665284	-0.06860110000000001	0.0	1.1780899999999999	-0.109724	-3.27662	0.36361	
3	0.8759979999999999	0.404068	-0.263357	0.0	0.411617	-0.34170700000000004	0.8448709999999999	0.0	0.251394	-0.848508	-0.465656	0.0	-2.86594	-1.58804	-2.64091	0.329897	-0.666273	0.720783	0.19118800000000002	0.0	-0.0872021	0.179317	-0.9799190000000001	0.0	-0.740592	-0.669565	-0.0566201	0.0	1.1722299999999999	-0.137232	-3.22266	0.363975	
3	0.892754	0.286097	-0.348049	0.0	0.421437	-0.25711999999999996	0.8696440000000001	0.0	0.15931199999999998	-0.923059	-0.350117	0.0	-3.13058	-1.8434099999999998	-2.62118	0.330701	-0.6662020000000001	0.721132	0.190117	0.0	-0.0861704	0.178786	-0.980107	0.0	-0.740777	-0.669331	-0.0569672	0.0	1.18077	-0.139232	-3.22044	0.36397199999999996	
3	0.8913110000000001	0.164521	-0.42248900000000006	0.0	0.446171	-0.152636	0.881835	0.0	0.0805936	-0.974492	-0.20945100000000003	0.0	-3.43091	-2.2107099999999997	-2.62203	0.327652	-0.665543	0.722865	0.185793	0.0	-0.0835466	0.175213	-0.980979	0.0	-0.7416689999999999	-0.6684060000000001	-0.056218899999999995	0.0	1.18456	-0.131655	-3.22	0.363979	
3	0.8925270000000001	0.05959930000000001	-0.447039	0.0	0.450625	-0.0777867	0.889318	0.0	0.018229099999999998	-0.995187	-0.0962837	0.0	-3.7597400000000003	-2.53757	-2.6348700000000003	0.324729	-0.665377	0.723457	0.184074	0.0	-0.0821414	0.174129	-0.981291	0.0	-0.741975	-0.668049	-0.056436099999999996	0.0	1.18593	-0.11953499999999999	-3.22938	0.363975	
