0	0.017266999999999998	0.909632	-0.41505600000000004	0.0	0.183977	0.40513899999999997	0.895553	0.0	0.9827790000000001	-0.09182439999999999	-0.160356	0.0	-2.82917	1.76352	1.4541600000000001	0.0	-0.593132	0.516197	-0.617846	0.0	0.750246	0.075949	-0.656782	0.0	-0.292104	-0.853096	-0.43232299999999996	0.0	2.66032	2.0	1.53809	0.0	
0	0.017266999999999998	0.909632	-0.41505600000000004	0.0	0.183977	0.40513899999999997	0.895553	0.0	0.9827790000000001	-0.09182439999999999	-0.160356	0.0	-2.82917	1.76352	1.4541600000000001	0.0	-0.593132	0.516197	-0.617846	0.0	0.750246	0.075949	-0.656782	0.0	-0.292104	-0.853096	-0.43232299999999996	0.0	2.66032	2.0	1.53809	0.0	
0	-0.0367725	0.9252299999999999	-0.37761999999999996	0.0	0.23025	0.375553	0.8977440000000001	0.0	0.9724370000000001	-0.053935000000000004	-0.226845	0.0	-2.8722	1.96628	1.3145799999999999	0.0	-0.593133	0.516197	-0.617846	0.0	0.750292	0.07608519999999999	-0.656713	0.0	-0.291985	-0.853083	-0.432428	0.0	2.66032	2.0	1.53809	0.0	
0	0.134882	0.9744860000000001	-0.179399	0.0	0.331339	0.126273	0.935024	0.0	0.9338209999999999	-0.18556	-0.30585300000000004	0.0	-2.93574	2.1343	1.19156	0.349827	-0.593133	0.516197	-0.617846	0.0	0.750333	0.07620419999999999	-0.6566529999999999	0.0	-0.29188000000000003	-0.853073	-0.432519	0.0	2.66032	2.0	1.53809	0.0	
0	0.35394699999999996	0.935142	-0.015187299999999999	0.0	0.288016	-0.0935348	0.953047	0.0	0.889814	-0.341702	-0.30244299999999996	0.0	-2.87983	2.1183799999999997	1.09017	0.35037399999999996	-0.593132	0.516197	-0.617847	0.0	0.75038	0.0763419	-0.656583	0.0	-0.291759	-0.8530610000000001	-0.432625	0.0	2.66032	2.0	1.53809	0.0	
0	0.535887	0.8401629999999999	0.0833704	0.0	0.234988	-0.243267	0.9410639999999999	0.0	0.810929	-0.484713	-0.32779200000000003	0.0	-2.8982900000000003	1.9918099999999999	0.9653930000000001	0.350483	-0.593133	0.516197	-0.617847	0.0	0.750419	0.0764555	-0.656525	0.0	-0.291659	-0.853051	-0.432713	0.0	2.66032	2.0	1.53809	0.0	
0	0.66469	0.73597	0.128593	0.0	0.164683	-0.312212	0.93563	0.0	0.728744	-0.600727	-0.328726	0.0	-2.87911	1.8411799999999998	0.821486	0.349186	-0.593133	0.516197	-0.617846	0.0	0.750464	0.07658689999999999	-0.656459	0.0	-0.291543	-0.853039	-0.43281400000000003	0.0	2.66032	2.0	1.53809	0.0	
0	0.733213	0.663837	0.147371	0.0	0.10588800000000001	-0.32554099999999997	0.93958	0.0	0.671704	-0.673308	-0.30898400000000004	0.0	-2.81658	1.73868	0.680711	0.348319	-0.593132	0.516197	-0.617846	0.0	0.75051	0.0767213	-0.656391	0.0	-0.291425	-0.8530270000000001	-0.432917	0.0	2.66032	2.0	1.53809	0.0	
0	0.794746	0.583634	0.16658199999999998	0.0	0.0493018	-0.33563200000000004	0.940702	0.0	0.6049359999999999	-0.739406	-0.295516	0.0	-2.74539	1.66093	0.553552	0.34715300000000004	-0.593132	0.516197	-0.617846	0.0	0.750552	0.0768428	-0.656329	0.0	-0.29131799999999997	-0.853016	-0.433011	0.0	2.66032	2.0	1.53809	0.0	
0	0.8223969999999999	0.537686	0.185898	0.0	0.00838456	-0.338179	0.9410440000000001	0.0	0.5688529999999999	-0.772353	-0.28262600000000004	0.0	-2.66732	1.61496	0.41757700000000003	0.346062	-0.593132	0.516197	-0.617846	0.0	0.750594	0.0769678	-0.656265	0.0	-0.29120799999999997	-0.8530040000000001	-0.43310699999999996	0.0	2.66032	2.0	1.53809	0.0	
0	0.809275	0.552292	0.20012	0.0	-0.014459799999999998	-0.321838	0.946684	0.0	0.587252	-0.769022	-0.252469	0.0	-2.5695099999999997	1.5962100000000001	0.28574299999999997	0.34657899999999997	-0.593133	0.516197	-0.617846	0.0	0.750649	0.0771273	-0.656184	0.0	-0.291068	-0.8529899999999999	-0.43323	0.0	2.66032	2.0	1.53809	0.0	
0	0.796892	0.567138	0.208128	0.0	-0.0205702	-0.318841	0.947585	0.0	0.6037710000000001	-0.759404	-0.242416	0.0	-2.4396400000000003	1.60465	0.282105	0.34578200000000003	-0.593133	0.516197	-0.617847	0.0	0.750689	0.07724600000000001	-0.6561239999999999	0.0	-0.290963	-0.852979	-0.433321	0.0	2.66032	2.0	1.53809	0.0	
0	0.797547	0.563045	0.21656399999999998	0.0	-0.0211651	-0.33265300000000003	0.9428120000000001	0.0	0.6028859999999999	-0.75652	-0.253389	0.0	-2.35396	1.60323	0.352351	0.344535	-0.5999260000000001	0.794154	-0.09700210000000001	0.0	0.331514	0.136408	-0.9335370000000001	0.0	-0.72814	-0.59221	-0.34510799999999997	0.0	2.68276	2.09802	1.662	0.0	
0	0.7926949999999999	0.571941	0.21099400000000001	0.0	-0.011231200000000002	-0.332348	0.94309	0.0	0.6095149999999999	-0.7499520000000001	-0.257027	0.0	-2.35608	1.55799	0.34710599999999997	0.344233	-0.536764	0.82606	-0.171783	0.0	0.36480300000000004	0.0436344	-0.930062	0.0	-0.760791	-0.561891	-0.32477	0.0	2.7398599999999997	2.19042	1.69652	0.0	
0	0.793552	0.5743510000000001	0.200989	0.0	0.00209561	-0.332878	0.942968	0.0	0.608499	-0.747873	-0.26536	0.0	-2.4352099999999997	1.52834	0.36486599999999997	0.343916	-0.474026	0.87351	-0.110818	0.0	0.28997399999999995	0.036031	-0.956356	0.0	-0.831393	-0.485472	-0.270375	0.0	2.77357	2.44675	1.9761	0.350544	
0	0.796968	0.5725899999999999	0.19230999999999998	0.0	0.013002799999999998	-0.334572	0.9422799999999999	0.0	0.603881	-0.748467	-0.27408899999999997	0.0	-2.53772	1.53147	0.364899	0.34333600000000003	-0.48317899999999997	0.8732549999999999	-0.0629651	0.0	0.294521	0.0943918	-0.9509719999999999	0.0	-0.8244969999999999	-0.478034	-0.3028	0.0	2.8153599999999996	2.52008	2.05705	0.355491	
0	0.797964	0.571489	0.191452	0.0	0.0140333	-0.33518600000000004	0.942047	0.0	0.602541	-0.749033	-0.275486	0.0	-2.56792	1.53274	0.367517	0.343454	-0.48602799999999996	0.8722469999999999	-0.0544346	0.0	0.290912	0.102737	-0.951218	0.0	-0.8241040000000001	-0.478154	-0.30368	0.0	2.82001	2.50749	2.02909	0.356665	
0	0.797438	0.572257	0.191349	0.0	0.013839600000000002	-0.33438	0.9423360000000001	0.0	0.6032420000000001	-0.748807	-0.274567	0.0	-2.57574	1.53617	0.365079	0.34430900000000003	-0.588547	0.8064180000000001	0.0574734	0.0	0.214586	0.224359	-0.9505870000000001	0.0	-0.779465	-0.547132	-0.30509200000000003	0.0	2.77846	2.39055	1.9871	0.35899899999999996	
0	0.794625	0.575242	0.194083	0.0	0.00990334	-0.33192699999999997	0.9432530000000001	0.0	0.60702	-0.74761	-0.26945399999999997	0.0	-2.5306599999999997	1.52931	0.373985	0.345105	-0.706992	0.689236	0.15848199999999998	0.0	0.10466400000000001	0.323592	-0.94039	0.0	-0.699434	-0.648261	-0.30091599999999996	0.0	2.7080599999999997	2.08305	1.7934400000000001	0.358464	
0	0.802475	0.566936	0.18606	0.0	0.00785461	-0.321832	0.9467639999999999	0.0	0.596634	-0.758293	-0.262716	0.0	-2.49207	1.48194	0.41098199999999996	0.345595	-0.73298	0.629083	0.258833	0.0	-0.00764588	0.372854	-0.927859	0.0	-0.680207	-0.682081	-0.268485	0.0	2.65635	1.7574	1.51959	0.357771	
0	0.810721	0.5592560000000001	0.173103	0.0	0.005264100000000001	-0.302636	0.953091	0.0	0.5854090000000001	-0.77178	-0.248298	0.0	-2.48034	1.41218	0.424678	0.344885	-0.729035	0.618574	0.293043	0.0	-0.05555650000000001	0.373238	-0.9260709999999999	0.0	-0.682218	-0.691418	-0.237738	0.0	2.63077	1.63401	1.4239600000000001	0.357942	
0	0.861844	0.503343	0.0622168	0.0	0.0229166	-0.161196	0.986656	0.0	0.506656	-0.8489180000000001	-0.15046099999999998	0.0	-2.48049	0.922825	0.44849799999999995	0.34226799999999996	-0.70818	0.594893	0.380241	0.0	-0.176304	0.372496	-0.911133	0.0	-0.683665	-0.712284	-0.158912	0.0	2.52742	1.31494	1.1543700000000001	0.35688800000000004	
0	0.897142	0.44172100000000003	0.00448661	0.0	0.036099900000000004	-0.0834346	0.995859	0.0	0.440266	-0.893265	-0.0907988	0.0	-2.52065	0.598722	0.359268	0.343798	-0.699862	0.578346	0.419179	0.0	-0.23546599999999998	0.367245	-0.899826	0.0	-0.6743520000000001	-0.728456	-0.12084	0.0	2.43539	1.1173600000000001	0.940592	0.354637	
0	0.913402	0.40648	-0.0216969	0.0	0.0465329	-0.0513149	0.997598	0.0	0.40439	-0.9122180000000001	-0.0657858	0.0	-2.53963	0.480329	0.291952	0.34339899999999995	-0.698368	0.572707	0.42928900000000003	0.0	-0.253371	0.363128	-0.8966270000000001	0.0	-0.669392	-0.734945	-0.10849	0.0	2.3954	1.02726	0.840693	0.354389	
0	0.9333969999999999	0.347249	-0.0904945	0.0	0.0823493	0.0381755	0.995872	0.0	0.34926999999999997	-0.9369959999999999	0.00703724	0.0	-2.55163	0.148833	0.0889174	0.343163	-0.685654	0.583735	0.43489300000000003	0.0	-0.256523	0.36535100000000004	-0.894827	0.0	-0.68123	-0.725101	-0.100763	0.0	2.31157	0.809369	0.5533560000000001	0.35504600000000003	
0	0.9295120000000001	0.351327	-0.11214500000000001	0.0	0.102948	0.0448143	0.993677	0.0	0.354131	-0.9351799999999999	0.00548698	0.0	-2.55681	-0.12411199999999999	-0.219883	0.33986	-0.662525	0.6083609999999999	0.436987	0.0	-0.24907600000000002	0.371266	-0.894496	0.0	-0.706415	-0.701469	-0.09444519999999999	0.0	2.25126	0.592899	0.354669	0.35739099999999996	
0	0.90315	0.419408	-0.09174299999999999	0.0	0.0986086	0.00533166	0.9951120000000001	0.0	0.417847	-0.907782	-0.0365419	0.0	-2.59448	-0.334726	-0.551528	0.338014	-0.657684	0.621482	0.42568900000000004	0.0	-0.23693499999999998	0.365757	-0.9000459999999999	0.0	-0.715062	-0.692807	-0.0933018	0.0	2.32167	0.43809799999999993	0.33518200000000004	0.357333	
0	0.897975	0.432697	-0.0800922	0.0	0.103775	-0.0313545	0.9941059999999999	0.0	0.42763599999999996	-0.9009940000000001	-0.0730586	0.0	-2.63064	-0.480322	-0.694954	0.335255	-0.650972	0.632767	0.419335	0.0	-0.224935	0.366809	-0.902694	0.0	-0.72501	-0.681951	-0.09645110000000001	0.0	2.37025	0.401694	0.30084	0.356211	
0	0.894824	0.438242	-0.08505800000000001	0.0	0.10638399999999999	-0.024289599999999998	0.994029	0.0	0.433559	-0.8985290000000001	-0.0683568	0.0	-2.70091	-0.638279	-0.7576039999999999	0.337204	-0.647127	0.636352	0.41986	0.0	-0.22715300000000002	0.364769	-0.902965	0.0	-0.727755	-0.679705	-0.0915026	0.0	2.36504	0.352479	0.31955900000000004	0.355797	
0	0.894249	0.43974799999999997	-0.0833068	0.0	0.10378599999999999	-0.022683099999999998	0.994341	0.0	0.43536899999999995	-0.897835	-0.0659238	0.0	-2.6764099999999997	-0.683253	-0.727216	0.339291	-0.650509	0.635626	0.41571499999999995	0.0	-0.22775	0.358912	-0.905159	0.0	-0.724547	-0.683492	-0.0887119	0.0	2.32994	0.329227	0.32012199999999996	0.35629	
0	0.8922209999999999	0.443521	-0.08503229999999999	0.0	0.103969	-0.018503799999999997	0.994408	0.0	0.439468	-0.896073	-0.062622	0.0	-2.65408	-0.699095	-0.696833	0.342776	-0.6529560000000001	0.633047	0.415813	0.0	-0.228229	0.359031	-0.904991	0.0	-0.722191	-0.68582	-0.08995189999999999	0.0	2.3247400000000003	0.296467	0.291153	0.355961	
0	0.8922	0.44438500000000003	-0.0806299	0.0	0.0999935	-0.0202642	0.9947819999999999	0.0	0.440432	-0.8956069999999999	-0.0625153	0.0	-2.63115	-0.706133	-0.6678569999999999	0.34446	-0.656321	0.632707	0.411004	0.0	-0.223795	0.356977	-0.906909	0.0	-0.720526	-0.687204	-0.0926949	0.0	2.33905	0.283583	0.27311599999999997	0.356763	
0	0.890446	0.44809099999999996	-0.0795039	0.0	0.09550639999999999	-0.013188900000000002	0.995341	0.0	0.44495500000000004	-0.893891	-0.0545395	0.0	-2.6198	-0.7303149999999999	-0.683955	0.345065	-0.6573180000000001	0.631653	0.411033	0.0	-0.223771	0.357225	-0.906817	0.0	-0.719625	-0.688044	-0.09346489999999999	0.0	2.34552	0.276098	0.266423	0.356672	
0	0.891042	0.447004	-0.0789405	0.0	0.08875369999999999	-0.00101658	0.9960530000000001	0.0	0.445159	-0.894532	-0.0405791	0.0	-2.58245	-0.769354	-0.638836	0.34520300000000004	-0.663087	0.628694	0.406276	0.0	-0.21954200000000001	0.35554600000000003	-0.908509	0.0	-0.7156239999999999	-0.691615	-0.09773330000000001	0.0	2.35834	0.264373	0.262412	0.356898	
0	0.89028	0.448391	-0.079665	0.0	0.0876151	0.00302475	0.99615	0.0	0.446905	-0.893833	-0.036592900000000005	0.0	-2.56715	-0.787621	-0.6162989999999999	0.345411	-0.6648890000000001	0.627447	0.40525700000000003	0.0	-0.218177	0.355754	-0.9087559999999999	0.0	-0.714368	-0.692639	-0.0996423	0.0	2.38048	0.26823	0.264811	0.356484	
0	0.890265	0.448275	-0.08048939999999999	0.0	0.0877625	0.0045644	0.996131	0.0	0.44690799999999997	-0.893884	-0.035278199999999996	0.0	-2.5453200000000002	-0.793559	-0.610658	0.345378	-0.665924	0.6287510000000001	0.401519	0.0	-0.213371	0.355209	-0.9101100000000001	0.0	-0.714856	-0.691736	-0.102385	0.0	2.3990299999999998	0.246177	0.240352	0.356033	
0	0.889792	0.44948999999999995	-0.07891820000000001	0.0	0.086826	0.00303161	0.9962190000000001	0.0	0.44803000000000004	-0.89328	-0.036329900000000005	0.0	-2.5209099999999998	-0.797056	-0.599747	0.345346	-0.667166	0.630393	0.396856	0.0	-0.21038800000000002	0.351605	-0.912201	0.0	-0.7145819999999999	-0.692083	-0.101951	0.0	2.40407	0.233735	0.24781	0.355973	
0	0.891173	0.44696499999999995	-0.0776664	0.0	0.0861792	0.00129047	0.9962790000000001	0.0	0.445402	-0.894551	-0.037369099999999995	0.0	-2.5086	-0.804763	-0.593645	0.34523899999999996	-0.667546	0.631316	0.394744	0.0	-0.210454	0.348562	-0.9133530000000001	0.0	-0.7142069999999999	-0.6927800000000001	-0.0998188	0.0	2.40401	0.22241799999999998	0.269079	0.35596500000000003	
0	0.8904350000000001	0.44839300000000004	-0.0779069	0.0	0.0837566	0.006805599999999999	0.9964629999999999	0.0	0.447337	-0.893811	-0.0314959	0.0	-2.48634	-0.821544	-0.5613060000000001	0.345308	-0.667582	0.631876	0.393784	0.0	-0.21221900000000002	0.345467	-0.91412	0.0	-0.71365	-0.693819	-0.0965315	0.0	2.39913	0.20905300000000002	0.31106	0.35605	
0	0.890762	0.44771700000000003	-0.0780547	0.0	0.0838737	0.00684885	0.996453	0.0	0.44666300000000003	-0.894149	-0.031451	0.0	-2.47703	-0.825343	-0.544721	0.345236	-0.667326	0.633102	0.39224699999999996	0.0	-0.212108	0.343303	-0.914961	0.0	-0.713923	-0.6937760000000001	-0.09480889999999999	0.0	2.38678	0.20895	0.34930300000000003	0.356001	
0	0.891552	0.446085	-0.0783858	0.0	0.0839694	0.00727169	0.996442	0.0	0.445067	-0.894961	-0.030974400000000003	0.0	-2.4746200000000003	-0.826074	-0.542038	0.345045	-0.667419	0.633283	0.391796	0.0	-0.212711	0.342082	-0.915278	0.0	-0.713657	-0.694213	-0.09360589999999999	0.0	2.3738900000000003	0.21341	0.369128	0.356169	
0	0.8924219999999999	0.444317	-0.0785131	0.0	0.08427960000000001	0.00679451	0.996419	0.0	0.44326000000000004	-0.8958440000000001	-0.031383299999999996	0.0	-2.47648	-0.8252229999999999	-0.5535680000000001	0.344828	-0.667866	0.632704	0.391971	0.0	-0.21309699999999998	0.342044	-0.9152020000000001	0.0	-0.713124	-0.69476	-0.0936126	0.0	2.37011	0.210054	0.377805	0.355784	
0	0.892883	0.443191	-0.0796375	0.0	0.08599069999999999	0.00577991	0.9962790000000001	0.0	0.442003	-0.896408	-0.032949599999999996	0.0	-2.48034	-0.8223450000000001	-0.572649	0.344921	-0.667068	0.632667	0.393386	0.0	-0.213117	0.343918	-0.9144950000000001	0.0	-0.713864	-0.693868	-0.0945842	0.0	2.36817	0.208405	0.375096	0.355724	
0	0.893754	0.441258	-0.0805898	0.0	0.088072	0.00353852	0.996108	0.0	0.439826	-0.897373	-0.0356999	0.0	-2.48877	-0.818746	-0.586963	0.344724	-0.666325	0.6321180000000001	0.395522	0.0	-0.21456999999999998	0.345453	-0.9135770000000001	0.0	-0.714122	-0.6936060000000001	-0.0945505	0.0	2.36884	0.20210999999999998	0.36859200000000003	0.35499400000000003	
0	0.894125	0.440535	-0.08043	0.0	0.08848919999999999	0.00225589	0.996075	0.0	0.438987	-0.897733	-0.0369655	0.0	-2.50067	-0.816639	-0.593477	0.344804	-0.666682	0.631754	0.395502	0.0	-0.215707	0.344385	-0.9137120000000001	0.0	-0.713446	-0.694468	-0.0933222	0.0	2.36626	0.198752	0.36703800000000003	0.355073	
0	0.8944639999999999	0.43970699999999996	-0.08119080000000001	0.0	0.0884263	0.00404345	0.996074	0.0	0.438309	-0.8981319999999999	-0.035265	0.0	-2.53268	-0.813401	-0.619274	0.344744	-0.666496	0.631319	0.39651	0.0	-0.219131	0.34247	-0.913617	0.0	-0.712576	-0.695809	-0.0899133	0.0	2.35863	0.18413	0.365658	0.35529099999999997	
0	0.8939440000000001	0.440082	-0.08480399999999999	0.0	0.0895685	0.00997464	0.9959309999999999	0.0	0.439137	-0.8979020000000001	-0.030500700000000002	0.0	-2.5434	-0.809071	-0.626478	0.344522	-0.66674	0.63003	0.39814499999999997	0.0	-0.220065	0.34397	-0.9128290000000001	0.0	-0.712059	-0.696237	-0.0906913	0.0	2.3559900000000003	0.18099400000000002	0.365931	0.35530300000000004	
0	0.896158	0.437472	-0.0742956	0.0	0.0876789	-0.0104434	0.996094	0.0	0.434987	-0.8991709999999999	-0.047716	0.0	-2.5605599999999997	-0.707263	-0.79089	0.34436	-0.680135	0.608667	0.408585	0.0	-0.229882	0.352157	-0.90727	0.0	-0.6961109999999999	-0.710992	-0.0995932	0.0	2.36558	0.11425999999999999	0.244881	0.354885	
0	0.9150590000000001	0.401248	-0.0408379	0.0	0.06421879999999999	-0.0449891	0.996921	0.0	0.39817600000000003	-0.9148639999999999	-0.06693539999999999	0.0	-2.60486	-0.633039	-1.01667	0.344028	-0.701921	0.5948399999999999	0.391756	0.0	-0.22008899999999998	0.341963	-0.913576	0.0	-0.677398	-0.727479	-0.10911300000000002	0.0	2.4131400000000003	0.014129	-0.0288888	0.354532	
0	0.9213290000000001	0.388319	-0.0190009	0.0	0.045645099999999994	-0.05950459999999999	0.997184	0.0	0.38609499999999997	-0.919602	-0.0725482	0.0	-2.62043	-0.611209	-1.1891399999999999	0.344177	-0.710771	0.598141	0.370179	0.0	-0.211633	0.32003400000000004	-0.923466	0.0	-0.670833	-0.734715	-0.100885	0.0	2.48049	-0.11098499999999999	-0.248819	0.35428200000000004	
0	0.933127	0.35931399999999997	-0.0129352	0.0	0.0370184	-0.060226199999999994	0.997498	0.0	0.357636	-0.931271	-0.06949989999999999	0.0	-2.5991400000000002	-0.665362	-1.3854600000000001	0.343113	-0.710967	0.609733	0.350358	0.0	-0.21860300000000002	0.281906	-0.934207	0.0	-0.668385	-0.74078	-0.0671365	0.0	2.60088	-0.348227	-0.41742700000000005	0.35423899999999997	
0	0.9379149999999999	0.34624099999999997	-0.0208002	0.0	0.0329175	-0.029152299999999996	0.999033	0.0	0.34529899999999997	-0.937693	-0.038739800000000005	0.0	-2.58072	-0.80965	-1.5518299999999998	0.341881	-0.7138439999999999	0.610899	0.342388	0.0	-0.23863	0.24746300000000002	-0.939051	0.0	-0.6583939999999999	-0.7520399999999999	-0.0308717	0.0	2.68292	-0.608643	-0.458293	0.354883	
0	0.9339719999999999	0.35491100000000003	-0.0416467	0.0	0.0339226	0.027960900000000004	0.999033	0.0	0.35573299999999997	-0.9344819999999999	0.014075200000000001	0.0	-2.56589	-1.00017	-1.63311	0.341291	-0.710249	0.618004	0.337073	0.0	-0.252246	0.22360300000000002	-0.941474	0.0	-0.657205	-0.753706	-0.00292486	0.0	2.7784299999999997	-0.8537170000000001	-0.505965	0.355552	
0	0.925285	0.37392	-0.0634996	0.0	0.041273000000000004	0.0671603	0.9968879999999999	0.0	0.377021	-0.925026	0.0467096	0.0	-2.58165	-1.11294	-1.59253	0.34141900000000003	-0.706304	0.633831	0.315267	0.0	-0.2634	0.17807	-0.948109	0.0	-0.65708	-0.752695	0.041179400000000005	0.0	2.8546	-1.04938	-0.517124	0.358721	
0	0.917774	0.38979400000000003	-0.0758395	0.0	0.0457531	0.0859128	0.995252	0.0	0.394458	-0.9168860000000001	0.0610143	0.0	-2.5790900000000003	-1.15028	-1.60427	0.341351	-0.713785	0.624458	0.317118	0.0	-0.279844	0.160779	-0.9464870000000001	0.0	-0.6420279999999999	-0.7643310000000001	0.05998869999999999	0.0	2.89423	-1.1468399999999999	-0.467999	0.360274	
0	0.8848969999999999	0.447078	-0.130687	0.0	0.0750289	0.140095	0.987291	0.0	0.45970500000000003	-0.8834559999999999	0.0904255	0.0	-2.49895	-1.20064	-1.6479	0.33875	-0.716105	0.6278600000000001	0.304935	0.0	-0.27613899999999997	0.146393	-0.949903	0.0	-0.641047	-0.7644350000000001	0.06854389999999999	0.0	2.94845	-1.24031	-0.455506	0.35984499999999997	
0	0.8615520000000001	0.47732299999999994	-0.17289100000000002	0.0	0.103684	0.167939	0.9803299999999999	0.0	0.49696899999999994	-0.8625309999999999	0.09519760000000001	0.0	-2.49548	-1.20916	-1.6622599999999998	0.340619	-0.686294	0.6935100000000001	0.219194	0.0	-0.217067	0.0923372	-0.97178	0.0	-0.694178	-0.7145060000000001	0.0871673	0.0	2.88167	-1.1433200000000001	-0.534713	0.359862	
0	0.8511040000000001	0.488795	-0.191575	0.0	0.116251	0.180382	0.9767030000000001	0.0	0.5119640000000001	-0.853547	0.0967008	0.0	-2.49587	-1.21051	-1.62606	0.341092	-0.670844	0.714245	0.19955499999999998	0.0	-0.209851	0.07526139999999999	-0.9748319999999999	0.0	-0.711288	-0.695837	0.0993965	0.0	2.81734	-1.06982	-0.53223	0.359687	
0	0.8211149999999999	0.518502	-0.238592	0.0	0.149059	0.20870999999999998	0.966551	0.0	0.550955	-0.8292139999999999	0.094088	0.0	-2.48765	-1.1901899999999999	-1.6334899999999999	0.343571	-0.625011	0.7667390000000001	0.146534	0.0	-0.184907	0.0369571	-0.9820610000000001	0.0	-0.7584	-0.640894	0.118677	0.0	2.55997	-0.771217	-0.547007	0.360215	
0	0.8057	0.527408	-0.269608	0.0	0.168641	0.23208	0.957966	0.0	0.567809	-0.8173	0.0980443	0.0	-2.5141299999999998	-1.17639	-1.63509	0.34387199999999996	-0.612818	0.776092	0.148784	0.0	-0.187157	0.0403798	-0.9815	0.0	-0.767741	-0.629326	0.12050599999999999	0.0	2.44008	-0.6094310000000001	-0.689856	0.359596	
0	0.7856850000000001	0.538512	-0.304473	0.0	0.193126	0.254062	0.94771	0.0	0.587709	-0.803403	0.0956121	0.0	-2.5627299999999997	-1.13694	-1.61855	0.344273	-0.596915	0.7835479999999999	0.172467	0.0	-0.188263	0.0721686	-0.9794639999999999	0.0	-0.779904	-0.6171260000000001	0.10443399999999999	0.0	2.38551	-0.495458	-0.946417	0.357683	
0	0.776911	0.544844	-0.31552199999999997	0.0	0.20361600000000002	0.256783	0.9447770000000001	0.0	0.595777	-0.7982520000000001	0.0885587	0.0	-2.57914	-1.1144	-1.59425	0.344853	-0.6172529999999999	0.761033	0.199568	0.0	-0.188134	0.10352599999999999	-0.976672	0.0	-0.76394	-0.6403989999999999	0.0792745	0.0	2.40783	-0.515721	-1.19937	0.35786399999999996	
0	0.7755920000000001	0.5495939999999999	-0.31049099999999996	0.0	0.20160899999999998	0.25044	0.946908	0.0	0.598174	-0.7970109999999999	0.0834363	0.0	-2.58144	-1.10382	-1.5733700000000002	0.344593	-0.6188319999999999	0.756552	0.211366	0.0	-0.191275	0.11585	-0.974676	0.0	-0.76188	-0.6435890000000001	0.0730178	0.0	2.47598	-0.637595	-1.4416200000000001	0.35694899999999996	
0	0.769093	0.5635819999999999	-0.30144899999999997	0.0	0.204397	0.22999899999999998	0.951484	0.0	0.605572	-0.793395	0.06169630000000001	0.0	-2.57388	-1.071	-1.59251	0.343839	-0.6120939999999999	0.7582760000000001	0.22440700000000002	0.0	-0.199693	0.126365	-0.971676	0.0	-0.7651560000000001	-0.63957	0.0740756	0.0	2.57939	-0.842419	-1.5637299999999998	0.357419	
0	0.764301	0.5771569999999999	-0.287636	0.0	0.204925	0.205542	0.956953	0.0	0.611433	-0.7903439999999999	0.038822300000000004	0.0	-2.5569	-1.0250299999999999	-1.62748	0.342909	-0.6064109999999999	0.757467	0.24188600000000002	0.0	-0.207648	0.142791	-0.967726	0.0	-0.76756	-0.637067	0.0706966	0.0	2.73665	-1.03426	-1.60076	0.35734299999999997	
0	0.7809050000000001	0.568409	-0.259035	0.0	0.193866	0.173671	0.965533	0.0	0.593805	-0.804208	0.025425200000000002	0.0	-2.53245	-0.9932719999999999	-1.66777	0.338962	-0.591594	0.766716	0.249327	0.0	-0.211617	0.150738	-0.965659	0.0	-0.7779689999999999	-0.624039	0.07307380000000001	0.0	2.9655400000000003	-1.24721	-1.69602	0.35834499999999997	
0	0.784574	0.57034	-0.243221	0.0	0.181891	0.1633	0.969664	0.0	0.5927560000000001	-0.805013	0.024381200000000002	0.0	-2.45664	-0.997265	-1.76072	0.337149	-0.576566	0.785013	0.226552	0.0	-0.20579	0.128815	-0.970081	0.0	-0.79071	-0.605938	0.0872777	0.0	3.15143	-1.4	-1.75527	0.359323	
0	0.788452	0.565575	-0.24180100000000002	0.0	0.178953	0.165185	0.969891	0.0	0.588489	-0.807984	0.0290292	0.0	-2.42861	-0.996129	-1.8162	0.33971999999999997	-0.572566	0.791983	0.211971	0.0	-0.201455	0.114712	-0.972757	0.0	-0.794723	-0.59967	0.0938683	0.0	3.24095	-1.45856	-1.7781900000000002	0.359873	
0	0.785514	0.568632	-0.244184	0.0	0.181233	0.165903	0.9693459999999999	0.0	0.591712	-0.805689	0.027264	0.0	-2.48316	-0.9787540000000001	-1.83715	0.341353	-0.57612	0.790253	0.20877300000000001	0.0	-0.199798	0.111518	-0.9734709999999999	0.0	-0.792569	-0.602549	0.0936428	0.0	3.22953	-1.46224	-1.75501	0.359782	
0	0.791957	0.563608	-0.234839	0.0	0.178896	0.153549	0.9718120000000001	0.0	0.583781	-0.811645	0.0207773	0.0	-2.52442	-0.968867	-1.82302	0.34183	-0.570859	0.795667	0.202572	0.0	-0.19585	0.10764100000000001	-0.974708	0.0	-0.797348	-0.596094	0.0943837	0.0	3.2311099999999997	-1.4648299999999999	-1.7517099999999999	0.359527	
0	0.807854	0.5557270000000001	-0.19631300000000002	0.0	0.16411199999999998	0.10780999999999999	0.980533	0.0	0.5660729999999999	-0.8243450000000001	-0.00410649	0.0	-2.5657099999999997	-0.934314	-1.91334	0.342046	-0.566412	0.799245	0.200959	0.0	-0.197675	0.104968	-0.9746309999999999	0.0	-0.800064	-0.591767	0.0985355	0.0	3.2328	-1.46749	-1.75815	0.359034	
0	0.817765	0.553574	-0.15753	0.0	0.159417	0.0451366	0.9861790000000001	0.0	0.553034	-0.831576	-0.0513381	0.0	-2.62489	-0.878107	-2.0518400000000003	0.341202	-0.561291	0.802339	0.20299	0.0	-0.198448	0.10763800000000001	-0.974183	0.0	-0.803474	-0.587083	0.0988063	0.0	3.2402	-1.46628	-1.7873299999999999	0.359078	
0	0.816613	0.56109	-0.135355	0.0	0.150581	0.0192846	0.98841	0.0	0.557197	-0.8275299999999999	-0.0687413	0.0	-2.67033	-0.8386709999999999	-2.23257	0.33849	-0.549854	0.808424	0.21002600000000002	0.0	-0.201956	0.11531300000000001	-0.972583	0.0	-0.8104779999999999	-0.577195	0.09986039999999999	0.0	3.26094	-1.47912	-1.80643	0.35936999999999997	
0	0.8323799999999999	0.546851	-0.0899859	0.0	0.12125	-0.021257400000000003	0.992394	0.0	0.540779	-0.83696	-0.08399989999999999	0.0	-2.69346	-0.855628	-2.30892	0.33670500000000003	-0.525167	0.827002	0.200666	0.0	-0.207929	0.10395499999999999	-0.9726040000000001	0.0	-0.825206	-0.552504	0.11736400000000001	0.0	3.27509	-1.49832	-1.82512	0.359197	
0	0.8467620000000001	0.52871	-0.058819100000000006	0.0	0.09913639999999999	-0.048200900000000005	0.993906	0.0	0.5226529999999999	-0.847433	-0.09322910000000001	0.0	-2.69235	-0.8937930000000001	-2.38483	0.337179	-0.51512	0.8351729999999999	0.192714	0.0	-0.207179	0.096847	-0.973498	0.0	-0.831702	-0.5413939999999999	0.123143	0.0	3.2745599999999997	-1.50694	-1.8170400000000002	0.358717	
0	0.845716	0.530461	-0.0581023	0.0	0.100529	-0.051443600000000006	0.993603	0.0	0.524079	-0.846147	-0.0968337	0.0	-2.70205	-0.92081	-2.36491	0.3379	-0.510308	0.8402540000000001	0.183192	0.0	-0.202898	0.0893682	-0.9751129999999999	0.0	-0.835714	-0.5347770000000001	0.12488099999999999	0.0	3.27336	-1.51404	-1.79888	0.35869	
0	0.844282	0.532894	-0.056667999999999996	0.0	0.101816	-0.055689699999999995	0.993243	0.0	0.526138	-0.844347	-0.101275	0.0	-2.70642	-0.923025	-2.37133	0.33799	-0.512738	0.83904	0.18196600000000002	0.0	-0.201727	0.0882758	-0.975456	0.0	-0.8345100000000001	-0.53686	0.12399500000000001	0.0	3.2711900000000003	-1.51558	-1.78846	0.358572	
0	0.8460120000000001	0.530072	-0.05733490000000001	0.0	0.102736	-0.056551800000000006	0.9931	0.0	0.523172	-0.846065	-0.102301	0.0	-2.7130900000000002	-0.925536	-2.36859	0.337802	-0.5156470000000001	0.837651	0.180137	0.0	-0.199188	0.08728530000000001	-0.976066	0.0	-0.833326	-0.539187	0.121842	0.0	3.27875	-1.5180200000000001	-1.77729	0.35836399999999996	
0	0.845791	0.530446	-0.0571274	0.0	0.102309	-0.056169500000000004	0.993166	0.0	0.523612	-0.8458559999999999	-0.10177699999999999	0.0	-2.70823	-0.9267850000000001	-2.3686	0.337422	-0.516392	0.837406	0.17913800000000002	0.0	-0.197929	0.0868098	-0.9763649999999999	0.0	-0.8331649999999999	-0.539644	0.120919	0.0	3.28396	-1.5196399999999999	-1.7712700000000001	0.358229	
0	0.845657	0.530536	-0.05828330000000001	0.0	0.103155	-0.055323500000000005	0.9931260000000001	0.0	0.523664	-0.8458559999999999	-0.101512	0.0	-2.71013	-0.9258219999999999	-2.37351	0.33769299999999997	-0.516454	0.837413	0.17893	0.0	-0.197299	0.08696430000000001	-0.9764790000000001	0.0	-0.833276	-0.539609	0.120308	0.0	3.2826400000000002	-1.5202	-1.76685	0.35846	
0	0.8451870000000001	0.531195	-0.0590886	0.0	0.10413599999999999	-0.055229499999999994	0.993029	0.0	0.524228	-0.845448	-0.101996	0.0	-2.7095700000000003	-0.9260639999999999	-2.3721799999999997	0.337991	-0.515752	0.837822	0.179039	0.0	-0.197445	0.087116	-0.976435	0.0	-0.833676	-0.538949	0.120494	0.0	3.28005	-1.5207600000000001	-1.7634900000000002	0.358454	
0	0.845773	0.530204	-0.0596019	0.0	0.103717	-0.0538043	0.99315	0.0	0.523366	-0.846161	-0.100497	0.0	-2.71697	-0.929184	-2.3616099999999998	0.33849	-0.514768	0.838665	0.177919	0.0	-0.196941	0.08630239999999999	-0.9766100000000001	0.0	-0.8344030000000001	-0.537767	0.120742	0.0	3.28145	-1.5215100000000001	-1.76275	0.35855	
0	0.8453	0.530935	-0.0598	0.0	0.10389000000000001	-0.0535434	0.9931459999999999	0.0	0.524095	-0.845719	-0.10041900000000001	0.0	-2.7119299999999997	-0.925753	-2.37528	0.339055	-0.514439	0.8391040000000001	0.176795	0.0	-0.196348	0.0854312	-0.976806	0.0	-0.8347450000000001	-0.537221	0.120807	0.0	3.28625	-1.52157	-1.7659799999999999	0.35840700000000003	
0	0.845622	0.5304399999999999	-0.0596345	0.0	0.10371	-0.053678199999999995	0.993158	0.0	0.52361	-0.8460209999999999	-0.100404	0.0	-2.70978	-0.925809	-2.3755900000000003	0.339937	-0.514975	0.838772	0.176813	0.0	-0.19605899999999998	0.085547	-0.9768530000000001	0.0	-0.834483	-0.537721	0.120394	0.0	3.28609	-1.52075	-1.767	0.35837199999999997	
0	0.8457309999999999	0.530161	-0.0605658	0.0	0.10469200000000001	-0.0535609	0.9930610000000001	0.0	0.523238	-0.8462040000000001	-0.100802	0.0	-2.7099900000000003	-0.9263950000000001	-2.37241	0.34066	-0.514439	0.83968	0.174038	0.0	-0.19478499999999999	0.08322610000000001	-0.977309	0.0	-0.835111	-0.536666	0.120742	0.0	3.2845	-1.52142	-1.7645099999999998	0.358321	
0	0.845196	0.530878	-0.061741899999999995	0.0	0.105458	-0.0524038	0.993042	0.0	0.523949	-0.845826	-0.100277	0.0	-2.71765	-0.9289219999999999	-2.36294	0.341252	-0.5133310000000001	0.8409690000000001	0.17106400000000002	0.0	-0.192907	0.0811567	-0.9778549999999999	0.0	-0.8362290000000001	-0.5349619999999999	0.12056900000000001	0.0	3.28542	-1.5209700000000002	-1.76711	0.358277	
0	0.8450559999999999	0.53073	-0.06484630000000001	0.0	0.106841	-0.0487798	0.993079	0.0	0.523894	-0.8461360000000001	-0.09792519999999999	0.0	-2.71158	-0.928106	-2.37228	0.340411	-0.511625	0.842827	0.166984	0.0	-0.18983	0.0786625	-0.978661	0.0	-0.8379770000000001	-0.532406	0.11974800000000001	0.0	3.2871599999999996	-1.51906	-1.7753900000000002	0.358369	
0	0.843885	0.530267	-0.08169370000000001	0.0	0.113696	-0.0279378	0.993123	0.0	0.524338	-0.8473700000000001	-0.08386560000000001	0.0	-2.71779	-0.925574	-2.36291	0.339011	-0.510363	0.844075	0.164523	0.0	-0.188675	0.0767483	-0.979036	0.0	-0.8390059999999999	-0.530705	0.12008599999999998	0.0	3.29196	-1.51803	-1.7835299999999998	0.358052	
0	0.836208	0.5386449999999999	-0.10304300000000001	0.0	0.128322	-0.00949971	0.9916870000000001	0.0	0.533188	-0.8424790000000001	-0.07706360000000001	0.0	-2.72145	-0.920459	-2.33663	0.338438	-0.5101180000000001	0.844295	0.164152	0.0	-0.1887	0.0763427	-0.9790629999999999	0.0	-0.83915	-0.530413	0.120374	0.0	3.29406	-1.51706	-1.7882900000000002	0.35801	
0	0.799638	0.576172	-0.169133	0.0	0.17973499999999998	0.0390926	0.9829379999999999	0.0	0.5729529999999999	-0.816394	-0.0722985	0.0	-2.65732	-0.8373860000000001	-2.26474	0.339555	-0.508962	0.845298	0.16256900000000002	0.0	-0.187865	0.07522639999999998	-0.97931	0.0	-0.840038	-0.5289729999999999	0.12051500000000001	0.0	3.2942699999999996	-1.51781	-1.78686	0.358189	
0	0.802197	0.5737180000000001	-0.165312	0.0	0.178532	0.033715300000000004	0.9833559999999999	0.0	0.569743	-0.8183590000000001	-0.0753808	0.0	-2.63298	-0.817292	-2.2331	0.339918	-0.507123	0.84706	0.15911199999999998	0.0	-0.186476	0.0724028	-0.9797879999999999	0.0	-0.8414590000000001	-0.526543	0.12123900000000001	0.0	3.2928800000000003	-1.51675	-1.7932	0.358126	
0	0.802552	0.574129	-0.162127	0.0	0.177448	0.0297309	0.9836809999999999	0.0	0.56958	-0.818225	-0.0780177	0.0	-2.63455	-0.817343	-2.2387200000000003	0.340254	-0.506948	0.847195	0.15895	0.0	-0.186642	0.0721405	-0.979776	0.0	-0.841528	-0.526362	0.12155	0.0	3.2907300000000004	-1.51757	-1.78965	0.358203	
0	0.802552	0.574129	-0.162129	0.0	0.177449	0.0297334	0.9836809999999999	0.0	0.56958	-0.818225	-0.0780162	0.0	-2.63455	-0.817343	-2.2387099999999998	0.340254	-0.506947	0.847195	0.158949	0.0	-0.186642	0.07214019999999999	-0.979776	0.0	-0.841528	-0.526361	0.12155099999999999	0.0	3.29074	-1.51757	-1.78965	0.358203	
0	0.802552	0.574129	-0.162129	0.0	0.177449	0.0297334	0.9836809999999999	0.0	0.56958	-0.818225	-0.0780162	0.0	-2.63455	-0.817343	-2.2387099999999998	0.340254	-0.506947	0.847195	0.158949	0.0	-0.186642	0.07214019999999999	-0.979776	0.0	-0.841528	-0.526361	0.12155099999999999	0.0	3.29074	-1.51757	-1.78965	0.358203	
0	0.802552	0.574129	-0.162129	0.0	0.177449	0.0297334	0.9836809999999999	0.0	0.56958	-0.818225	-0.0780162	0.0	-2.63455	-0.817343	-2.2387099999999998	0.340254	-0.506947	0.847195	0.158949	0.0	-0.186642	0.07214019999999999	-0.979776	0.0	-0.841528	-0.526361	0.12155099999999999	0.0	3.29074	-1.51757	-1.78965	0.358203	
0	0.802552	0.574129	-0.162129	0.0	0.177449	0.0297334	0.9836809999999999	0.0	0.56958	-0.818225	-0.0780162	0.0	-2.63455	-0.817343	-2.2387099999999998	0.340254	-0.506947	0.847195	0.158949	0.0	-0.186642	0.07214019999999999	-0.979776	0.0	-0.841528	-0.526361	0.12155099999999999	0.0	3.29074	-1.51757	-1.78965	0.358203	
0	0.802552	0.574129	-0.162129	0.0	0.177449	0.029733299999999997	0.9836809999999999	0.0	0.56958	-0.818225	-0.0780164	0.0	-2.63455	-0.817343	-2.2387099999999998	0.340254	-0.506948	0.847195	0.158949	0.0	-0.186642	0.07214	-0.979776	0.0	-0.841528	-0.526361	0.12155099999999999	0.0	3.29074	-1.51757	-1.78965	0.358203	
0	0.802552	0.574129	-0.162129	0.0	0.177449	0.029733299999999997	0.9836809999999999	0.0	0.56958	-0.818225	-0.0780164	0.0	-2.63455	-0.817343	-2.2387099999999998	0.340254	-0.506947	0.847195	0.158949	0.0	-0.186642	0.07214019999999999	-0.979776	0.0	-0.841528	-0.526361	0.12155099999999999	0.0	3.29074	-1.51757	-1.78965	0.358203	
0	0.802552	0.574129	-0.162129	0.0	0.177449	0.029733299999999997	0.9836809999999999	0.0	0.56958	-0.818225	-0.0780164	0.0	-2.63455	-0.817343	-2.2387099999999998	0.340254	-0.506947	0.847195	0.158949	0.0	-0.186642	0.07214019999999999	-0.979776	0.0	-0.841528	-0.526361	0.12155099999999999	0.0	3.29074	-1.51757	-1.78965	0.358203	
0	0.802552	0.574129	-0.162129	0.0	0.177449	0.029733299999999997	0.9836809999999999	0.0	0.56958	-0.818225	-0.0780164	0.0	-2.63455	-0.817343	-2.2387099999999998	0.340254	-0.506947	0.847195	0.158949	0.0	-0.186642	0.07214019999999999	-0.979776	0.0	-0.841528	-0.526361	0.12155099999999999	0.0	3.29074	-1.51757	-1.78965	0.358203	
0	0.802552	0.574129	-0.162129	0.0	0.177449	0.029733299999999997	0.9836809999999999	0.0	0.56958	-0.818225	-0.0780164	0.0	-2.63455	-0.817343	-2.2387099999999998	0.340254	-0.506947	0.847195	0.158949	0.0	-0.186642	0.07214019999999999	-0.979776	0.0	-0.841528	-0.526361	0.12155099999999999	0.0	3.29074	-1.51757	-1.78965	0.358203	
0	0.802552	0.574129	-0.162129	0.0	0.177449	0.029733299999999997	0.9836809999999999	0.0	0.56958	-0.818225	-0.0780164	0.0	-2.63455	-0.817343	-2.2387099999999998	0.340254	-0.506948	0.847195	0.158949	0.0	-0.186642	0.07214	-0.979776	0.0	-0.841528	-0.526362	0.12155099999999999	0.0	3.29074	-1.51757	-1.78965	0.358203	
0	0.802552	0.574129	-0.162129	0.0	0.177449	0.029733299999999997	0.9836809999999999	0.0	0.56958	-0.818225	-0.0780164	0.0	-2.63455	-0.817343	-2.2387099999999998	0.340254	-0.506947	0.847195	0.158949	0.0	-0.186642	0.07214019999999999	-0.979776	0.0	-0.841528	-0.526361	0.12155099999999999	0.0	3.29074	-1.51757	-1.78965	0.358203	
0	0.802552	0.574129	-0.162129	0.0	0.177449	0.029733299999999997	0.9836809999999999	0.0	0.56958	-0.818225	-0.0780164	0.0	-2.63455	-0.817343	-2.2387099999999998	0.340254	-0.506947	0.847195	0.158949	0.0	-0.186642	0.07214019999999999	-0.979776	0.0	-0.841528	-0.526361	0.12155099999999999	0.0	3.29074	-1.51757	-1.78965	0.358203	
0	0.802552	0.574129	-0.162129	0.0	0.177449	0.029733299999999997	0.9836809999999999	0.0	0.56958	-0.818225	-0.0780164	0.0	-2.63455	-0.817343	-2.2387099999999998	0.340254	-0.506947	0.847195	0.158949	0.0	-0.186642	0.07214019999999999	-0.979776	0.0	-0.841528	-0.526361	0.12155099999999999	0.0	3.29074	-1.51757	-1.78965	0.358203	
0	0.802552	0.574129	-0.162129	0.0	0.177449	0.029733299999999997	0.9836809999999999	0.0	0.56958	-0.818225	-0.0780164	0.0	-2.63455	-0.817343	-2.2387099999999998	0.340254	-0.506947	0.847195	0.158949	0.0	-0.186642	0.07214019999999999	-0.979776	0.0	-0.841528	-0.526361	0.12155099999999999	0.0	3.29074	-1.51757	-1.78965	0.358203	
0	0.802552	0.574129	-0.162129	0.0	0.177449	0.029733299999999997	0.9836809999999999	0.0	0.56958	-0.818225	-0.0780164	0.0	-2.63455	-0.817343	-2.2387099999999998	0.340254	-0.506947	0.847195	0.158949	0.0	-0.186642	0.07214019999999999	-0.979776	0.0	-0.841528	-0.526361	0.12155099999999999	0.0	3.29074	-1.51757	-1.78965	0.358203	
0	0.802552	0.574129	-0.162129	0.0	0.177449	0.029733299999999997	0.9836809999999999	0.0	0.56958	-0.818225	-0.0780164	0.0	-2.63455	-0.817343	-2.2387099999999998	0.340254	-0.506947	0.847195	0.158949	0.0	-0.186642	0.07214019999999999	-0.979776	0.0	-0.841528	-0.526361	0.12155099999999999	0.0	3.29074	-1.51757	-1.78965	0.358203	
0	0.802552	0.574129	-0.162129	0.0	0.17745	0.029733099999999995	0.9836809999999999	0.0	0.56958	-0.818225	-0.0780166	0.0	-2.63455	-0.817343	-2.2387099999999998	0.340253	-0.506947	0.847195	0.158949	0.0	-0.186642	0.07214019999999999	-0.979776	0.0	-0.841528	-0.526361	0.12155099999999999	0.0	3.29074	-1.51757	-1.78965	0.358203	
0	0.802552	0.574129	-0.162129	0.0	0.177449	0.029733099999999995	0.9836809999999999	0.0	0.56958	-0.818225	-0.0780166	0.0	-2.63455	-0.817343	-2.2387099999999998	0.340253	-0.506947	0.847195	0.158949	0.0	-0.186642	0.07214019999999999	-0.979776	0.0	-0.841528	-0.526361	0.12155099999999999	0.0	3.29074	-1.51757	-1.78965	0.358203	
0	0.802552	0.574129	-0.162129	0.0	0.17745	0.029733099999999995	0.9836809999999999	0.0	0.56958	-0.818225	-0.0780166	0.0	-2.63455	-0.817343	-2.2387099999999998	0.340253	-0.506947	0.847195	0.158949	0.0	-0.186642	0.07214019999999999	-0.979776	0.0	-0.841528	-0.526361	0.12155099999999999	0.0	3.29074	-1.51757	-1.78965	0.358203	
0	0.802552	0.574129	-0.162129	0.0	0.177449	0.029733099999999995	0.9836809999999999	0.0	0.56958	-0.818225	-0.0780166	0.0	-2.63455	-0.817343	-2.2387099999999998	0.340253	-0.506947	0.847195	0.158949	0.0	-0.186642	0.07214019999999999	-0.979776	0.0	-0.841528	-0.526361	0.12155099999999999	0.0	3.29074	-1.51757	-1.78965	0.358203	
0	0.802552	0.574129	-0.162129	0.0	0.17745	0.029733099999999995	0.9836809999999999	0.0	0.56958	-0.818225	-0.0780166	0.0	-2.63455	-0.817343	-2.2387099999999998	0.340253	-0.506947	0.847195	0.158949	0.0	-0.186642	0.07214019999999999	-0.979776	0.0	-0.841528	-0.526361	0.12155099999999999	0.0	3.29074	-1.51757	-1.78965	0.358203	
0	0.802552	0.574129	-0.162129	0.0	0.17745	0.029733099999999995	0.9836809999999999	0.0	0.56958	-0.818225	-0.0780166	0.0	-2.63455	-0.817343	-2.2387099999999998	0.340253	-0.506948	0.847195	0.158949	0.0	-0.186642	0.07214010000000001	-0.979776	0.0	-0.841528	-0.526361	0.12155099999999999	0.0	3.29074	-1.51757	-1.78965	0.358203	
0	0.802552	0.574129	-0.162129	0.0	0.17745	0.029733099999999995	0.9836809999999999	0.0	0.56958	-0.818225	-0.0780166	0.0	-2.63455	-0.817343	-2.2387099999999998	0.340253	-0.506948	0.847195	0.158949	0.0	-0.186642	0.07214	-0.979776	0.0	-0.841528	-0.526361	0.12155099999999999	0.0	3.29074	-1.51757	-1.78965	0.358203	
0	0.802552	0.574129	-0.162129	0.0	0.17745	0.029733099999999995	0.9836809999999999	0.0	0.56958	-0.818225	-0.0780166	0.0	-2.63455	-0.817343	-2.2387099999999998	0.340253	-0.506948	0.847195	0.158949	0.0	-0.186642	0.07214010000000001	-0.979776	0.0	-0.841528	-0.526361	0.12155099999999999	0.0	3.29074	-1.51757	-1.78965	0.358203	
0	0.29067	0.9077219999999999	-0.302575	0.0	0.23778400000000002	0.237779	0.9417639999999999	0.0	0.9268059999999999	-0.34569	-0.146727	0.0	-2.62555	-0.824641	-2.24052	0.346275	-0.314783	0.945067	-0.0880942	0.0	0.156633	-0.0398182	-0.9868540000000001	0.0	-0.93615	-0.324444	-0.135494	0.0	3.2556599999999998	-1.52516	-1.79361	0.349028	
0	0.284407	0.906325	-0.31255	0.0	0.230017	0.25198200000000004	0.939998	0.0	0.930701	-0.33923400000000004	-0.13680499999999998	0.0	-2.62183	-0.8292799999999999	-2.21983	0.34624	-0.314357	0.945217	-0.0880091	0.0	0.15466300000000002	-0.040475	-0.987138	0.0	-0.9366209999999999	-0.323925	-0.133467	0.0	3.2459700000000002	-1.54417	-1.79023	0.349441	
0	0.276464	0.906143	-0.320112	0.0	0.21019899999999997	0.268014	0.940205	0.0	0.9377549999999999	-0.32721999999999996	-0.116375	0.0	-2.57138	-0.850677	-2.1079	0.34689899999999996	-0.315661	0.944997	-0.08566889999999999	0.0	0.156971	-0.0370348	-0.986909	0.0	-0.9357979999999999	-0.32497600000000004	-0.136647	0.0	3.2397400000000003	-1.5635	-1.7794299999999998	0.349281	
