3	0.593133	0.516197	-0.617846	0.0	0.686539	0.07656929999999999	0.72305	0.0	0.420544	-0.8530399999999999	-0.30897399999999997	0.0	-2.73968	2.0	1.46191	0.0	-0.593133	0.516197	-0.617846	0.0	0.750225	0.07588660000000001	-0.656814	0.0	-0.292159	-0.853101	-0.432275	0.0	2.66032	2.0	1.53809	0.0	
3	0.45428500000000005	0.762958	-0.459913	0.0	0.52068	0.191503	0.831997	0.0	0.722854	-0.617432	-0.31026	0.0	-2.78481	1.96606	1.41525	-1.78814e-05	-0.347193	0.81585	-0.462434	0.0	0.6411789999999999	-0.153336	-0.751916	0.0	-0.684359	-0.557563	-0.469869	0.0	2.61993	1.9941099999999998	1.56025	-3.2573899999999997e-05	
3	0.23515999999999998	0.969377	-0.07077339999999999	0.0	0.12728399999999998	0.0414744	0.990999	0.0	0.963586	-0.242052	-0.113633	0.0	-2.8683799999999997	1.73757	1.48575	0.0	-0.207837	0.9649549999999999	-0.160205	0.0	0.542177	-0.0226755	-0.839958	0.0	-0.8141550000000001	-0.261434	-0.518464	0.0	2.68608	1.94407	1.36619	0.00014301399999999998	
3	0.18051099999999998	0.980081	-0.0828124	0.0	0.15304	0.05518290000000001	0.986678	0.0	0.9715940000000001	-0.19078	-0.14003	0.0	-2.87095	1.80082	1.40857	0.0	-0.17140899999999998	0.978383	-0.115695	0.0	0.520705	-0.00972375	-0.8536809999999999	0.0	-0.8363520000000001	-0.206571	-0.507783	0.0	2.75739	2.03451	1.25831	0.0	
3	0.19536099999999998	0.979096	-0.05661649999999999	0.0	0.18466	0.0199735	0.9826	0.0	0.96319	-0.202417	-0.176897	0.0	-2.88163	1.8818	1.34817	0.00433992	-0.159686	0.980348	-0.11583900000000001	0.0	0.522317	-0.0156666	-0.852607	0.0	-0.837666	-0.196654	-0.509551	0.0	2.7631799999999997	2.1444099999999997	1.2286	0.0396716	
3	0.258887	0.96496	0.0427831	0.0	0.195708	-0.0957776	0.975974	0.0	0.945873	-0.24429499999999998	-0.21364499999999997	0.0	-2.89399	1.94003	1.25579	0.348171	-0.173933	0.9797819999999999	-0.0988702	0.0	0.548562	0.0130196	-0.836009	0.0	-0.817819	-0.199646	-0.5397350000000001	0.0	2.8032	2.1838599999999997	1.15865	0.32786	
3	0.302809	0.950042	0.0756805	0.0	0.221205	-0.147301	0.964039	0.0	0.927025	-0.275179	-0.254758	0.0	-2.84366	1.95678	1.19631	0.349674	-0.22980799999999998	0.9624659999999999	-0.14438800000000002	0.0	0.5552560000000001	0.00781626	-0.831643	0.0	-0.799299	-0.27129000000000003	-0.536212	0.0	2.76706	2.1305400000000003	1.14648	0.357394	
3	0.351565	0.9288190000000001	0.11703399999999999	0.0	0.197694	-0.195854	0.960499	0.0	0.9150520000000001	-0.31454099999999996	-0.252477	0.0	-2.86163	1.95345	1.14992	0.34742	-0.298097	0.943607	-0.144029	0.0	0.560873	0.0510583	-0.826326	0.0	-0.772373	-0.32710700000000004	-0.5444640000000001	0.0	2.73503	2.05904	1.10408	0.35738600000000004	
3	0.391192	0.909724	0.13918	0.0	0.20330399999999998	-0.23292	0.951008	0.0	0.897573	-0.343731	-0.276067	0.0	-2.90315	1.9493599999999998	1.08465	0.34724499999999997	-0.39097	0.909106	-0.143767	0.0	0.567625	0.11519800000000001	-0.815188	0.0	-0.724531	-0.400319	-0.56107	0.0	2.71181	1.92943	0.95925	0.352033	
3	0.4493	0.878761	0.160962	0.0	0.200791	-0.274892	0.940275	0.0	0.870525	-0.390146	-0.299956	0.0	-2.96569	1.9444099999999997	1.02906	0.34738600000000003	-0.511868	0.8443200000000001	-0.158477	0.0	0.531712	0.166484	-0.8304010000000001	0.0	-0.67474	-0.50932	-0.534153	0.0	2.71447	1.6332799999999998	0.763129	0.352371	
3	0.6083729999999999	0.7708	0.189076	0.0	0.166053	-0.356586	0.9193870000000001	0.0	0.7760859999999999	-0.527934	-0.344931	0.0	-3.0106900000000003	1.75642	0.893025	0.348543	-0.594301	0.7879649999999999	-0.160987	0.0	0.45238599999999995	0.162026	-0.8769809999999999	0.0	-0.664946	-0.594019	-0.45275699999999997	0.0	2.67082	1.36242	0.681638	0.357036	
3	0.717793	0.672276	0.181161	0.0	0.119486	-0.375271	0.9191809999999999	0.0	0.685928	-0.6381359999999999	-0.349695	0.0	-3.0262599999999997	1.5440399999999999	0.8512790000000001	0.348775	-0.673955	0.727767	-0.127045	0.0	0.36665	0.180204	-0.91274	0.0	-0.641367	-0.6617270000000001	-0.388285	0.0	2.60725	1.1406399999999999	0.651361	0.356543	
3	0.803185	0.5786680000000001	0.141551	0.0	0.08115599999999999	-0.34167800000000004	0.936306	0.0	0.590176	-0.74054	-0.321393	0.0	-3.06504	1.20987	0.782663	0.348238	-0.7299399999999999	0.678504	-0.08258430000000001	0.0	0.279538	0.186082	-0.9419299999999999	0.0	-0.623735	-0.710638	-0.325497	0.0	2.54925	0.9166569999999999	0.5710970000000001	0.356939	
3	0.867541	0.48984300000000003	0.0861784	0.0	0.06088060000000001	-0.276553	0.959068	0.0	0.493625	-0.826785	-0.269743	0.0	-3.1027099999999996	0.828009	0.662686	0.347744	-0.777147	0.625808	-0.0663762	0.0	0.207067	0.15468099999999999	-0.9660209999999999	0.0	-0.594277	-0.7644850000000001	-0.24979400000000002	0.0	2.48017	0.678505	0.45721999999999996	0.357885	
3	0.91401	0.402401	0.0515773	0.0	0.0285182	-0.190548	0.9812629999999999	0.0	0.40468899999999997	-0.8954129999999999	-0.185639	0.0	-3.10154	0.44816300000000003	0.467154	0.34410799999999997	-0.818792	0.571348	-0.0560427	0.0	0.12086500000000001	0.0761279	-0.9897450000000001	0.0	-0.5612229999999999	-0.8171689999999999	-0.131389	0.0	2.4012	0.370687	0.242234	0.355973	
3	0.9444040000000001	0.328782	-0.00213078	0.0	0.0375769	-0.101495	0.9941260000000001	0.0	0.32663400000000004	-0.9389360000000001	-0.108206	0.0	-3.0936	0.26256599999999997	0.301527	0.34365	-0.858234	0.510138	-0.0565111	0.0	0.0725025	0.011497799999999999	-0.997302	0.0	-0.508111	-0.860016	-0.0468543	0.0	2.35481	0.146983	0.0437088	0.356244	
3	0.966201	0.254308	-0.0422381	0.0	0.0512804	-0.0290296	0.9982620000000001	0.0	0.25264000000000003	-0.9666879999999999	-0.0410894	0.0	-3.07875	0.059936	0.0860117	0.334957	-0.861101	0.5068560000000001	-0.0400251	0.0	0.00827046	-0.0647485	-0.9978670000000001	0.0	-0.508367	-0.8595959999999999	0.051562800000000006	0.0	2.31913	-0.0499311	-0.240958	0.35636799999999996	
3	0.9773149999999999	0.20355499999999999	-0.0584922	0.0	0.0607366	-0.00479122	0.998142	0.0	0.202896	-0.979052	-0.0170458	0.0	-3.08094	-0.166733	-0.173956	0.327413	-0.857806	0.513844	-0.011529600000000001	0.0	-0.0292498	-0.0712006	-0.997033	0.0	-0.5131399999999999	-0.854924	0.0761063	0.0	2.2507599999999996	-0.179866	-0.534767	0.35718	
3	0.9778209999999999	0.202757	-0.05250169999999999	0.0	0.053747699999999995	-0.000640256	0.998554	0.0	0.20243	-0.9792290000000001	-0.0115238	0.0	-3.06493	-0.40779299999999996	-0.464159	0.327572	-0.8518969999999999	0.52371	-0.000589609	0.0	-0.0387647	-0.0641797	-0.997185	0.0	-0.522274	-0.849476	0.07497569999999999	0.0	2.21437	-0.315089	-0.7645529999999999	0.357417	
3	0.976267	0.214363	-0.0308596	0.0	0.030527999999999996	0.00485797	0.9995219999999999	0.0	0.21441	-0.976742	-0.0018013999999999999	0.0	-2.95913	-0.665782	-0.659469	0.31808400000000003	-0.835923	0.548806	0.00673386	0.0	-0.0447667	-0.0559487	-0.9974299999999999	0.0	-0.547018	-0.834076	0.071337	0.0	2.24103	-0.48600299999999996	-0.947363	0.35732600000000003	
3	0.975383	0.220491	-0.00332988	0.0	-0.00463873	0.0356125	0.9993549999999999	0.0	0.220468	-0.9747389999999999	0.0357587	0.0	-2.90595	-0.958824	-0.8319639999999999	0.29848800000000003	-0.8081189999999999	0.588916	0.011067299999999999	0.0	-0.0468936	-0.045595800000000006	-0.997859	0.0	-0.587151	-0.8069069999999999	0.064463	0.0	2.27775	-0.648746	-1.0387	0.357187	
3	0.956731	0.289774	0.0263947	0.0	-0.053345500000000004	0.0855041	0.994909	0.0	0.286042	-0.953268	0.0972626	0.0	-2.85062	-1.26078	-1.03716	0.21889099999999997	-0.779738	0.626067	0.00697815	0.0	-0.046776	-0.0471361	-0.997793	0.0	-0.624356	-0.778343	0.0660385	0.0	2.32828	-0.822886	-1.05785	0.357699	
3	0.9480559999999999	0.317296	0.0226558	0.0	-0.0603063	0.109347	0.992173	0.0	0.312335	-0.942002	0.122802	0.0	-2.7892200000000003	-1.31344	-1.09751	0.223883	-0.752743	0.658289	0.0058758000000000005	0.0	-0.0437751	-0.0411464	-0.998194	0.0	-0.6568579999999999	-0.75164	0.059789300000000004	0.0	2.36118	-0.8469770000000001	-1.0421200000000002	0.358453	
3	0.934549	0.355721	0.00902583	0.0	-0.05808680000000001	0.12748199999999998	0.990138	0.0	0.351062	-0.9258569999999999	0.139801	0.0	-2.78589	-1.34059	-1.04095	0.302527	-0.726168	0.687472	-0.00795278	0.0	-0.030278100000000002	-0.0435344	-0.9985930000000001	0.0	-0.686851	-0.724905	0.0524284	0.0	2.39617	-0.804605	-1.01439	0.359079	
3	0.936565	0.350492	-0.00144942	0.0	-0.04727	0.130408	0.990333	0.0	0.34729299999999996	-0.927442	0.138703	0.0	-2.7961	-1.33394	-1.0414700000000001	0.30938699999999997	-0.715106	0.698869	-0.0143602	0.0	-0.025712799999999997	-0.0468289	-0.9985719999999999	0.0	-0.6985439999999999	-0.713715	0.0514572	0.0	2.40138	-0.770353	-1.01672	0.359333	
3	0.933313	0.35836	-0.022486199999999998	0.0	-0.034313199999999995	0.151353	0.987884	0.0	0.357421	-0.921233	0.153556	0.0	-2.83838	-1.3302	-1.0125600000000001	0.316563	-0.709563	0.704572	-0.00990301	0.0	-0.0226963	-0.0368993	-0.9990610000000001	0.0	-0.704276	-0.7086720000000001	0.0421735	0.0	2.39764	-0.730618	-1.0115299999999998	0.35958	
3	0.932628	0.358185	-0.0436875	0.0	-0.0204926	0.173452	0.9846290000000001	0.0	0.360257	-0.9173969999999999	0.169106	0.0	-2.94346	-1.2887600000000001	-0.9652879999999999	0.31458200000000003	-0.707659	0.706545	-0.0037795000000000003	0.0	-0.0228205	-0.028202299999999996	-0.999342	0.0	-0.706186	-0.707106	0.036081199999999994	0.0	2.37566	-0.699995	-0.998026	0.359616	
3	0.9321719999999999	0.360195	-0.036265	0.0	-0.025851299999999997	0.16615	0.985762	0.0	0.361092	-0.9179620000000001	0.164192	0.0	-2.96348	-1.29285	-0.918077	0.314275	-0.708439	0.7057720000000001	-0.00116462	0.0	-0.022255	-0.0239884	-0.9994649999999999	0.0	-0.705422	-0.708033	0.032701	0.0	2.36861	-0.713384	-1.0025899999999999	0.35951900000000003	
3	0.930997	0.36311	-0.03737	0.0	-0.029328899999999998	0.176454	0.983872	0.0	0.363848	-0.9148850000000001	0.174928	0.0	-2.89151	-1.3161399999999999	-0.884876	0.312908	-0.7056	0.708565	-0.00802484	0.0	-0.019716900000000002	-0.030952299999999995	-0.999326	0.0	-0.708336	-0.704967	0.0358106	0.0	2.3710400000000003	-0.725915	-0.983324	0.35931599999999997	
3	0.932718	0.358846	-0.0355919	0.0	-0.0295072	0.174317	0.984247	0.0	0.359398	-0.916975	0.173178	0.0	-2.8568	-1.32289	-0.8517469999999999	0.309554	-0.706166	0.7079270000000001	-0.012966499999999999	0.0	-0.0237949	-0.0420306	-0.998833	0.0	-0.707646	-0.705033	0.0465254	0.0	2.36944	-0.7532810000000001	-0.938684	0.35907	
3	0.9331659999999999	0.357549	-0.0368651	0.0	-0.0271712	0.17243599999999998	0.9846459999999999	0.0	0.358416	-0.9178370000000001	0.170626	0.0	-2.86079	-1.32381	-0.8379110000000001	0.30833299999999997	-0.7077100000000001	0.70628	-0.0177774	0.0	-0.0190801	-0.0442601	-0.9988379999999999	0.0	-0.706246	-0.706548	0.0447989	0.0	2.3780200000000002	-0.7681680000000001	-0.9241799999999999	0.359215	
3	0.933593	0.356375	-0.0374177	0.0	-0.0254014	0.169977	0.9851209999999999	0.0	0.357433	-0.918752	0.167742	0.0	-2.8741	-1.32111	-0.833218	0.308107	-0.706689	0.707294	-0.0180771	0.0	-0.0166037	-0.0421216	-0.998975	0.0	-0.70733	-0.7056640000000001	0.0415103	0.0	2.38984	-0.774486	-0.925808	0.359239	
3	0.9339799999999999	0.35534899999999997	-0.03753309999999999	0.0	-0.024624599999999996	0.168797	0.9853430000000001	0.0	0.356476	-0.919366	0.166403	0.0	-2.89927	-1.31887	-0.826765	0.30589299999999997	-0.705384	0.708601	-0.0178414	0.0	-0.0181808	-0.043249	-0.998899	0.0	-0.708593	-0.704283	0.0433899	0.0	2.39495	-0.782736	-0.9291020000000001	0.359199	
3	0.9338860000000001	0.355629	-0.037210900000000005	0.0	-0.0243995	0.167203	0.9856209999999999	0.0	0.35673699999999997	-0.919549	0.164825	0.0	-2.90326	-1.3163799999999999	-0.836192	0.304068	-0.705797	0.7081930000000001	-0.0177041	0.0	-0.0189106	-0.043817199999999994	-0.9988610000000001	0.0	-0.708162	-0.704658	0.0443181	0.0	2.39479	-0.79532	-0.934449	0.359412	
3	0.933847	0.355719	-0.037338199999999995	0.0	-0.0243475	0.167371	0.985593	0.0	0.356844	-0.919484	0.16496	0.0	-2.90207	-1.3163799999999999	-0.8378110000000001	0.304223	-0.7058760000000001	0.708116	-0.0176583	0.0	-0.018844	-0.043693199999999995	-0.9988670000000001	0.0	-0.7080850000000001	-0.704743	0.0441856	0.0	2.39446	-0.7958029999999999	-0.933984	0.359371	
3	0.933846	0.355721	-0.037338800000000005	0.0	-0.024347900000000002	0.167373	0.985593	0.0	0.356846	-0.9194829999999999	0.164961	0.0	-2.90207	-1.3163799999999999	-0.8377899999999999	0.304223	-0.705874	0.708118	-0.0176567	0.0	-0.0188454	-0.043692199999999994	-0.9988670000000001	0.0	-0.708087	-0.704741	0.04418590000000001	0.0	2.39446	-0.795788	-0.933982	0.359371	
3	0.933846	0.355721	-0.037338800000000005	0.0	-0.024347900000000002	0.167373	0.985593	0.0	0.356846	-0.9194829999999999	0.164961	0.0	-2.90207	-1.3163799999999999	-0.8377899999999999	0.304223	-0.705874	0.708118	-0.0176567	0.0	-0.0188454	-0.043692199999999994	-0.9988670000000001	0.0	-0.708087	-0.704741	0.04418590000000001	0.0	2.39446	-0.795787	-0.933982	0.359371	
3	0.933846	0.355721	-0.037338800000000005	0.0	-0.024347900000000002	0.167373	0.985593	0.0	0.356846	-0.9194829999999999	0.164961	0.0	-2.90207	-1.3163799999999999	-0.8377899999999999	0.304223	-0.705874	0.708118	-0.017656799999999997	0.0	-0.0188454	-0.043692199999999994	-0.9988670000000001	0.0	-0.708087	-0.704741	0.04418590000000001	0.0	2.39446	-0.795787	-0.933982	0.359371	
3	0.933846	0.355721	-0.037338800000000005	0.0	-0.024347900000000002	0.167373	0.985593	0.0	0.356846	-0.9194829999999999	0.164961	0.0	-2.90207	-1.3163799999999999	-0.8377899999999999	0.304223	-0.705874	0.708118	-0.0176567	0.0	-0.0188454	-0.043692199999999994	-0.9988670000000001	0.0	-0.708087	-0.704741	0.04418590000000001	0.0	2.39446	-0.795787	-0.933981	0.359371	
3	0.933846	0.355721	-0.037338800000000005	0.0	-0.024347900000000002	0.167373	0.985593	0.0	0.356846	-0.9194829999999999	0.164961	0.0	-2.90207	-1.3163799999999999	-0.8377899999999999	0.304223	-0.705874	0.708118	-0.0176567	0.0	-0.0188454	-0.043692199999999994	-0.9988670000000001	0.0	-0.708087	-0.704741	0.04418590000000001	0.0	2.39446	-0.795787	-0.933981	0.35936999999999997	
3	0.933846	0.355721	-0.037338800000000005	0.0	-0.024347900000000002	0.167373	0.985593	0.0	0.356846	-0.9194829999999999	0.164962	0.0	-2.90207	-1.3163799999999999	-0.8377899999999999	0.304223	-0.705874	0.708118	-0.0176567	0.0	-0.0188454	-0.043692199999999994	-0.9988670000000001	0.0	-0.708087	-0.704741	0.04418590000000001	0.0	2.39446	-0.795788	-0.933981	0.359371	
3	0.933846	0.355721	-0.037338800000000005	0.0	-0.024347900000000002	0.167373	0.985593	0.0	0.356846	-0.9194829999999999	0.164962	0.0	-2.90207	-1.3163799999999999	-0.8377899999999999	0.304223	-0.705874	0.708118	-0.017656799999999997	0.0	-0.0188454	-0.0436923	-0.9988670000000001	0.0	-0.708087	-0.704741	0.04418590000000001	0.0	2.39446	-0.795787	-0.933981	0.359371	
3	0.933846	0.355721	-0.037338800000000005	0.0	-0.024347900000000002	0.167373	0.985593	0.0	0.356846	-0.9194829999999999	0.164962	0.0	-2.90207	-1.3163799999999999	-0.8377899999999999	0.304223	-0.705874	0.708118	-0.0176567	0.0	-0.0188454	-0.043692199999999994	-0.9988670000000001	0.0	-0.708087	-0.704741	0.04418590000000001	0.0	2.39446	-0.795788	-0.933981	0.35936999999999997	
3	0.933846	0.355721	-0.037338800000000005	0.0	-0.024347900000000002	0.167373	0.985593	0.0	0.356846	-0.9194829999999999	0.164961	0.0	-2.90207	-1.3163799999999999	-0.8377899999999999	0.304223	-0.705874	0.708118	-0.0176567	0.0	-0.0188454	-0.043692199999999994	-0.9988670000000001	0.0	-0.708087	-0.704741	0.04418590000000001	0.0	2.39446	-0.795787	-0.933982	0.359371	
3	0.933846	0.355721	-0.037338800000000005	0.0	-0.024347900000000002	0.167373	0.985593	0.0	0.356846	-0.9194829999999999	0.164962	0.0	-2.90207	-1.3163799999999999	-0.8377899999999999	0.304223	-0.705874	0.708118	-0.0176567	0.0	-0.0188454	-0.043692199999999994	-0.9988670000000001	0.0	-0.708087	-0.704741	0.04418590000000001	0.0	2.39446	-0.795787	-0.933982	0.359371	
3	0.933846	0.355721	-0.037338800000000005	0.0	-0.024347900000000002	0.167373	0.985593	0.0	0.356846	-0.9194829999999999	0.164962	0.0	-2.90207	-1.3163799999999999	-0.8377899999999999	0.304223	-0.705874	0.708118	-0.0176567	0.0	-0.0188454	-0.043692199999999994	-0.9988670000000001	0.0	-0.708087	-0.704741	0.04418590000000001	0.0	2.39446	-0.795787	-0.933982	0.359371	
3	0.933846	0.355721	-0.037338699999999996	0.0	-0.024347900000000002	0.167373	0.985593	0.0	0.356846	-0.9194829999999999	0.164962	0.0	-2.90207	-1.3163799999999999	-0.8377899999999999	0.304223	-0.705874	0.708118	-0.017656799999999997	0.0	-0.0188454	-0.043692199999999994	-0.9988670000000001	0.0	-0.708087	-0.704741	0.04418590000000001	0.0	2.39446	-0.795787	-0.933982	0.35936999999999997	
3	0.933846	0.355721	-0.037338800000000005	0.0	-0.024347900000000002	0.167373	0.985593	0.0	0.356846	-0.9194829999999999	0.164961	0.0	-2.90207	-1.3163799999999999	-0.8377899999999999	0.304223	-0.705874	0.708118	-0.0176567	0.0	-0.0188454	-0.043692199999999994	-0.9988670000000001	0.0	-0.708087	-0.704741	0.04418590000000001	0.0	2.39446	-0.795788	-0.933982	0.35936999999999997	
3	0.933846	0.355721	-0.037338699999999996	0.0	-0.024347900000000002	0.167373	0.985593	0.0	0.356846	-0.9194829999999999	0.164962	0.0	-2.90207	-1.3163799999999999	-0.8377899999999999	0.304223	-0.705874	0.708118	-0.017656799999999997	0.0	-0.0188453	-0.0436923	-0.9988670000000001	0.0	-0.708087	-0.704741	0.04418590000000001	0.0	2.39446	-0.795787	-0.933981	0.359371	
3	0.933846	0.355721	-0.037338699999999996	0.0	-0.024347900000000002	0.167373	0.985593	0.0	0.356846	-0.9194829999999999	0.164962	0.0	-2.90207	-1.3163799999999999	-0.8377899999999999	0.304223	-0.705874	0.708118	-0.017656799999999997	0.0	-0.0188454	-0.0436923	-0.9988670000000001	0.0	-0.708087	-0.704741	0.04418590000000001	0.0	2.39446	-0.795787	-0.933981	0.35936999999999997	
3	0.933846	0.355721	-0.037338800000000005	0.0	-0.024347900000000002	0.167373	0.985593	0.0	0.356846	-0.9194829999999999	0.164962	0.0	-2.90207	-1.3163799999999999	-0.8377899999999999	0.304223	-0.705874	0.708118	-0.017656799999999997	0.0	-0.0188454	-0.0436923	-0.9988670000000001	0.0	-0.708087	-0.704741	0.04418590000000001	0.0	2.39446	-0.795787	-0.933981	0.35936999999999997	
3	0.933846	0.355721	-0.037338800000000005	0.0	-0.024347900000000002	0.167373	0.985593	0.0	0.356846	-0.9194829999999999	0.164962	0.0	-2.90207	-1.3163799999999999	-0.8377899999999999	0.304223	-0.705874	0.708118	-0.017656799999999997	0.0	-0.0188454	-0.0436923	-0.9988670000000001	0.0	-0.708087	-0.704741	0.04418590000000001	0.0	2.39446	-0.795787	-0.933982	0.359371	
3	0.933846	0.355721	-0.037338800000000005	0.0	-0.024347900000000002	0.167373	0.985593	0.0	0.356846	-0.9194829999999999	0.164961	0.0	-2.90207	-1.3163799999999999	-0.8377899999999999	0.304223	-0.705874	0.708118	-0.017656799999999997	0.0	-0.0188454	-0.0436923	-0.9988670000000001	0.0	-0.708087	-0.704741	0.04418590000000001	0.0	2.39446	-0.795787	-0.933981	0.359371	
3	0.933846	0.355721	-0.037338800000000005	0.0	-0.024347900000000002	0.167373	0.985593	0.0	0.356846	-0.9194829999999999	0.164961	0.0	-2.90207	-1.3163799999999999	-0.8377899999999999	0.304223	-0.705874	0.708118	-0.017656799999999997	0.0	-0.0188454	-0.0436923	-0.9988670000000001	0.0	-0.708087	-0.704741	0.04418590000000001	0.0	2.39446	-0.795787	-0.933982	0.35936999999999997	
3	0.933846	0.355721	-0.037338800000000005	0.0	-0.024347900000000002	0.167373	0.985593	0.0	0.356846	-0.9194829999999999	0.164962	0.0	-2.90207	-1.3163799999999999	-0.8377899999999999	0.304223	-0.705874	0.708118	-0.017656799999999997	0.0	-0.0188454	-0.0436923	-0.9988670000000001	0.0	-0.708087	-0.704741	0.04418590000000001	0.0	2.39446	-0.795787	-0.933981	0.359371	
3	0.21024	0.9609270000000001	-0.180051	0.0	-0.0017504999999999999	0.18453699999999998	0.982824	0.0	0.977648	-0.206314	0.040479	0.0	-2.86027	-1.3662100000000001	-0.907378	0.299738	-0.540895	0.826735	-0.154729	0.0	0.302485	0.019550099999999997	-0.9529540000000001	0.0	-0.784816	-0.5622510000000001	-0.26065	0.0	2.3626099999999997	-1.00722	-0.9908819999999999	0.35889499999999996	
3	0.320996	0.932226	-0.16708199999999998	0.0	0.0442494	0.16146300000000002	0.985886	0.0	0.9460459999999999	-0.323858	0.0105786	0.0	-2.90429	-1.5564799999999999	-0.9308139999999999	0.29673099999999997	-0.546886	0.822931	-0.153948	0.0	0.29526199999999997	0.0175162	-0.955256	0.0	-0.783413	-0.567871	-0.25256	0.0	2.3725099999999997	-1.05179	-1.05849	0.359553	
3	0.532088	0.838319	-0.11875699999999999	0.0	0.0956397	0.0798534	0.992208	0.0	0.8412700000000001	-0.5393	-0.037687599999999995	0.0	-2.95991	-1.89487	-1.02166	0.295455	-0.56395	0.811942	-0.150704	0.0	0.289545	0.023503200000000002	-0.9568760000000001	0.0	-0.773385	-0.5832649999999999	-0.248348	0.0	2.37173	-1.03514	-1.13995	0.359181	
3	0.731935	0.6789810000000001	-0.05705790000000001	0.0	0.08517949999999999	-0.0080964	0.996333	0.0	0.676029	-0.734111	-0.0637613	0.0	-3.04204	-2.27674	-1.13562	0.294612	-0.57215	0.806014	-0.151614	0.0	0.28539000000000003	0.0223533	-0.958151	0.0	-0.768893	-0.591475	-0.24281799999999998	0.0	2.37628	-0.977032	-1.20499	0.359068	
3	0.8399200000000001	0.541303	-0.0390481	0.0	0.0615095	-0.0234613	0.9978309999999999	0.0	0.539213	-0.8405	-0.053000900000000004	0.0	-3.10577	-2.6039	-1.25029	0.292655	-0.5758340000000001	0.8042199999999999	-0.147127	0.0	0.282592	0.0269228	-0.9588620000000001	0.0	-0.767175	-0.593722	-0.242769	0.0	2.37719	-0.919485	-1.2850700000000002	0.359037	
3	0.8944610000000001	0.44563800000000003	-0.036700699999999996	0.0	0.052338499999999996	-0.0228301	0.9983690000000001	0.0	0.44407299999999994	-0.8949219999999999	-0.0437447	0.0	-3.12975	-2.81655	-1.33199	0.294821	-0.572642	0.807558	-0.141181	0.0	0.279589	0.0304902	-0.959635	0.0	-0.770656	-0.589	-0.24324400000000002	0.0	2.3931400000000003	-0.8484200000000001	-1.31148	0.358865	
3	0.9602459999999999	0.278713	-0.0157369	0.0	0.031703800000000004	-0.0528734	0.9980979999999999	0.0	0.27735	-0.958918	-0.0596077	0.0	-3.18713	-2.9508	-1.4344	0.291916	-0.57105	0.8089689999999999	-0.13954	0.0	0.28023000000000003	0.0323277	-0.9593889999999999	0.0	-0.771604	-0.586962	-0.245158	0.0	2.4054900000000004	-0.8210799999999999	-1.33275	0.359137	
3	0.986233	0.16068	-0.039071499999999995	0.0	0.051398599999999996	-0.0732908	0.995985	0.0	0.157171	-0.984282	-0.0805405	0.0	-3.25449	-2.97736	-1.58638	0.291101	-0.566235	0.812135	-0.140766	0.0	0.281448	0.0299899	-0.959108	0.0	-0.774704	-0.5826979999999999	-0.24555500000000002	0.0	2.43787	-0.8341459999999999	-1.35486	0.359477	
3	0.994374	0.08838710000000001	-0.0583789	0.0	0.06724119999999999	-0.100858	0.992626	0.0	0.08184739999999999	-0.990967	-0.106233	0.0	-3.25861	-2.95772	-1.77178	0.291437	-0.566637	0.810639	-0.147606	0.0	0.291191	0.0294303	-0.9562120000000001	0.0	-0.770799	-0.584806	-0.252727	0.0	2.5023299999999997	-0.860733	-1.3803	0.359367	
3	0.996616	0.0730977	-0.0375895	0.0	0.0463454	-0.12203900000000001	0.9914430000000001	0.0	0.06788480000000001	-0.9898299999999999	-0.125013	0.0	-3.17041	-2.94853	-1.86258	0.289459	-0.564032	0.811192	-0.15439	0.0	0.294431	0.022885	-0.955399	0.0	-0.771478	-0.584332	-0.251748	0.0	2.53856	-0.8745379999999999	-1.39135	0.359541	
3	0.997928	0.0624165	-0.0155999	0.0	0.0237415	-0.131907	0.990978	0.0	0.059795600000000004	-0.989295	-0.133116	0.0	-3.03704	-2.97463	-1.9519	0.290213	-0.5612699999999999	0.8116220000000001	-0.16200699999999998	0.0	0.299883	0.016989599999999997	-0.953825	0.0	-0.771393	-0.583936	-0.252927	0.0	2.5624599999999997	-0.8767739999999999	-1.4126100000000001	0.359588	
3	0.997632	0.0682465	0.00852889	0.0	-0.00162617	-0.10056699999999999	0.9949290000000001	0.0	0.0687581	-0.9925870000000001	-0.100218	0.0	-3.0039	-2.9914400000000003	-2.01822	0.290304	-0.554178	0.815208	-0.168291	0.0	0.30558	0.0111824	-0.952101	0.0	-0.774279	-0.57906	-0.255309	0.0	2.58644	-0.874245	-1.4541600000000001	0.359671	
3	0.995308	0.0865133	0.043331699999999994	0.0	-0.03906230000000001	-0.0504476	0.9979629999999999	0.0	0.088523	-0.994973	-0.0468315	0.0	-3.0214	-2.98866	-2.05789	0.29441	-0.5440229999999999	0.8214899999999999	-0.17086099999999999	0.0	0.30677	0.00519675	-0.9517700000000001	0.0	-0.780981	-0.570199	-0.254835	0.0	2.62383	-0.8595510000000001	-1.49502	0.359698	
3	0.9908819999999999	0.114574	0.07089789999999999	0.0	-0.0741512	0.024381200000000002	0.996949	0.0	0.112496	-0.993115	0.0326548	0.0	-3.04617	-2.98985	-2.1065400000000003	0.293644	-0.5241319999999999	0.832931	-0.177514	0.0	0.311981	-0.00616074	-0.950068	0.0	-0.792435	-0.553342	-0.25663	0.0	2.66968	-0.822498	-1.52221	0.35978000000000004	
3	0.9863270000000001	0.138848	0.0887692	0.0	-0.09794810000000001	0.0607219	0.993337	0.0	0.13253199999999998	-0.988451	0.0734915	0.0	-3.06418	-2.99327	-2.1320900000000003	0.292881	-0.5173399999999999	0.836609	-0.180127	0.0	0.317318	-0.00794894	-0.9482860000000001	0.0	-0.794776	-0.547743	-0.261359	0.0	2.7161	-0.803976	-1.54401	0.359984	
3	0.9781850000000001	0.16605599999999998	0.124822	0.0	-0.141496	0.0926572	0.985593	0.0	0.152098	-0.9817540000000001	0.114132	0.0	-3.0781	-3.00914	-2.17183	0.293103	-0.509999	0.83954	-0.18728	0.0	0.329332	-0.0105565	-0.944155	0.0	-0.794633	-0.543195	-0.271104	0.0	2.79038	-0.8230069999999999	-1.63046	0.359676	
3	0.966567	0.203066	0.15656099999999998	0.0	-0.180738	0.106454	0.9777530000000001	0.0	0.181882	-0.973361	0.139597	0.0	-3.1089599999999997	-3.0030900000000003	-2.2615	0.266228	-0.49444099999999996	0.846425	-0.197722	0.0	0.336127	-0.023587	-0.9415209999999999	0.0	-0.8015899999999999	-0.531986	-0.27284400000000003	0.0	2.85351	-0.8376399999999999	-1.6734799999999999	0.359797	
3	0.9654739999999999	0.208729	0.155861	0.0	-0.187327	0.14052699999999999	0.972194	0.0	0.181023	-0.967824	0.174776	0.0	-3.11036	-2.99863	-2.29841	0.26406399999999997	-0.489874	0.8477979999999999	-0.20313299999999998	0.0	0.34421599999999997	-0.0259785	-0.938531	0.0	-0.800962	-0.529683	-0.2791	0.0	2.8925799999999997	-0.843808	-1.6880400000000002	0.360172	
3	0.9709209999999999	0.193822	0.140521	0.0	-0.17286700000000002	0.16153800000000001	0.971608	0.0	0.16562000000000002	-0.9676459999999999	0.19034600000000002	0.0	-3.09574	-2.99282	-2.3002599999999997	0.270198	-0.474918	0.854535	-0.21029	0.0	0.355204	-0.0324916	-0.9342239999999999	0.0	-0.80516	-0.5183760000000001	-0.28810399999999997	0.0	2.95859	-0.828508	-1.6989400000000001	0.36013	
3	0.976024	0.17586	0.12825999999999999	0.0	-0.160814	0.18550899999999998	0.9693940000000001	0.0	0.14668399999999998	-0.966778	0.209342	0.0	-3.0792599999999997	-2.98553	-2.3100400000000003	0.269502	-0.466189	0.858642	-0.213077	0.0	0.356482	-0.0381117	-0.933525	0.0	-0.809684	-0.511157	-0.288323	0.0	2.9897	-0.809204	-1.69652	0.360129	
3	0.992258	0.0763085	0.09798319999999999	0.0	-0.11096500000000001	0.190451	0.975405	0.0	0.0557707	-0.978727	0.197444	0.0	-3.03934	-2.97476	-2.21905	0.23732199999999998	-0.45655	0.8633870000000001	-0.21477	0.0	0.354851	-0.0446576	-0.9338559999999999	0.0	-0.81587	-0.502563	-0.285985	0.0	3.00575	-0.804451	-1.69567	0.360153	
3	0.997359	0.000637826	0.0726291	0.0	-0.07157999999999999	0.178205	0.9813860000000001	0.0	-0.0123169	-0.983993	0.17778	0.0	-3.09602	-3.04541	-1.6784700000000001	0.21380100000000002	-0.452902	0.865231	-0.215071	0.0	0.352095	-0.048043300000000004	-0.93473	0.0	-0.81909	-0.499067	-0.282885	0.0	3.00833	-0.805304	-1.6922700000000002	0.360313	
3	0.98377	-0.17921900000000002	-0.00874807	0.0	0.0221671	0.0730097	0.997085	0.0	-0.178058	-0.981096	0.0757976	0.0	-3.5255099999999997	-2.88108	-1.59238	0.216453	-0.44245500000000004	0.8705290000000001	-0.215437	0.0	0.345258	-0.0563602	-0.9368139999999999	0.0	-0.827666	-0.488879	-0.275621	0.0	3.0131200000000002	-0.807639	-1.6511099999999999	0.36065	
3	0.9752120000000001	-0.21153000000000002	-0.06493	0.0	0.0642244	-0.0102118	0.997883	0.0	-0.211745	-0.977318	0.00362677	0.0	-3.6899599999999997	-2.71509	-1.5951600000000001	0.21749000000000002	-0.43871099999999996	0.8720760000000001	-0.216833	0.0	0.342143	-0.0610211	-0.937665	0.0	-0.830946	-0.48555200000000004	-0.271604	0.0	2.9960000000000004	-0.7999430000000001	-1.6155700000000002	0.361029	
3	0.955414	-0.22990500000000003	-0.185274	0.0	0.150943	-0.158998	0.975672	0.0	-0.253771	-0.9601370000000001	-0.11720599999999999	0.0	-3.8395	-2.3506	-1.53915	0.223125	-0.42993100000000006	0.877583	-0.21215100000000003	0.0	0.328349	-0.0669088	-0.942184	0.0	-0.841039	-0.474734	-0.259388	0.0	2.95543	-0.801321	-1.56867	0.360977	
3	0.957507	-0.21877800000000003	-0.187925	0.0	0.15221700000000002	-0.170102	0.973599	0.0	-0.244968	-0.960834	-0.129573	0.0	-3.85848	-2.2762599999999997	-1.52547	0.22458499999999998	-0.42873599999999995	0.87877	-0.209642	0.0	0.32759099999999997	-0.0650389	-0.9425790000000001	0.0	-0.841944	-0.47279399999999994	-0.259993	0.0	2.9499299999999997	-0.80495	-1.5545	0.360955	
3	0.9913420000000001	-0.0538635	-0.119746	0.0	0.109574	-0.163116	0.980503	0.0	-0.0723458	-0.985136	-0.155802	0.0	-3.69107	-2.19869	-1.31487	0.236367	-0.425703	0.88151	-0.204249	0.0	0.324333	-0.062077099999999996	-0.9439040000000001	0.0	-0.8447389999999999	-0.46806800000000004	-0.259477	0.0	2.94318	-0.8293809999999999	-1.5409899999999999	0.361085	
3	0.995165	0.013440299999999999	-0.09729750000000001	0.0	0.0982193	-0.142627	0.984891	0.0	-0.000640042	-0.989685	-0.143257	0.0	-3.4796400000000003	-2.21264	-1.2478	0.231091	-0.42490100000000003	0.8821	-0.203368	0.0	0.32500500000000004	-0.0610275	-0.9437409999999999	0.0	-0.844885	-0.467092	-0.260757	0.0	2.93949	-0.845225	-1.54974	0.36104200000000003	
3	0.993975	0.0994172	-0.0461569	0.0	0.05894209999999999	-0.129769	0.989791	0.0	0.0924125	-0.986548	-0.134847	0.0	-3.2911	-2.2227799999999998	-1.16425	0.232541	-0.426412	0.880951	-0.205182	0.0	0.325257	-0.06233009999999999	-0.9435690000000001	0.0	-0.8440270000000001	-0.46908599999999995	-0.259957	0.0	2.93866	-0.844507	-1.54918	0.361236	
3	0.980243	0.195959	0.026913	0.0	-0.00745701	-0.0993549	0.995024	0.0	0.197657	-0.9755659999999999	-0.0959306	0.0	-3.06184	-2.25049	-1.06728	0.224448	-0.42375	0.88221	-0.205283	0.0	0.324869	-0.06352970000000001	-0.943623	0.0	-0.845515	-0.46655	-0.259682	0.0	2.95317	-0.853784	-1.5573	0.361298	
3	0.958867	0.26025	0.11333299999999999	0.0	-0.0915882	-0.09425080000000001	0.9913270000000001	0.0	0.26867399999999997	-0.96093	-0.06653819999999999	0.0	-2.87035	-2.2640599999999997	-0.9984430000000001	0.22430300000000003	-0.421513	0.88384	-0.20286300000000002	0.0	0.327692	-0.060131500000000004	-0.9428690000000001	0.0	-0.8455440000000001	-0.463908	-0.264281	0.0	2.9788200000000002	-0.866043	-1.58133	0.361159	
3	0.9483	0.27537	0.157789	0.0	-0.127946	-0.123279	0.9840899999999999	0.0	0.290441	-0.953401	-0.0816728	0.0	-2.78649	-2.2568200000000003	-0.9993920000000001	0.22604899999999997	-0.416591	0.8858590000000001	-0.204221	0.0	0.32869299999999996	-0.06267180000000001	-0.9423549999999999	0.0	-0.847592	-0.459703	-0.265067	0.0	3.0044	-0.889605	-1.59681	0.361243	
3	0.9455899999999999	0.27205300000000004	0.17845899999999998	0.0	-0.14693599999999998	-0.13230699999999998	0.980258	0.0	0.29029299999999997	-0.9531430000000001	-0.0851341	0.0	-2.78032	-2.28756	-1.0123799999999998	0.22924099999999997	-0.414411	0.886733	-0.204862	0.0	0.327942	-0.06448240000000001	-0.9424950000000001	0.0	-0.848951	-0.45776300000000003	-0.264075	0.0	3.00858	-0.9032450000000001	-1.60091	0.361266	
3	0.938142	0.271675	0.21466799999999997	0.0	-0.185823	-0.12809700000000002	0.974198	0.0	0.292163	-0.9538260000000001	-0.0696896	0.0	-2.8517099999999997	-2.4643	-1.14136	0.23847100000000002	-0.410681	0.888272	-0.20570500000000003	0.0	0.326925	-0.0671511	-0.9426610000000001	0.0	-0.851153	-0.454383	-0.262821	0.0	3.00763	-0.918007	-1.60017	0.36133000000000004	
3	0.945	0.24334299999999998	0.21853699999999998	0.0	-0.198017	-0.10612200000000001	0.9744370000000001	0.0	0.260314	-0.964117	-0.0520992	0.0	-2.9395700000000002	-2.65504	-1.2849700000000002	0.250299	-0.41043599999999997	0.887599	-0.209071	0.0	0.325915	-0.07134360000000001	-0.9427030000000001	0.0	-0.851658	-0.455059	-0.26	0.0	3.00802	-0.908515	-1.5927799999999999	0.361386	
3	0.9534360000000001	0.221766	0.204399	0.0	-0.190047	-0.0844677	0.9781350000000001	0.0	0.23418200000000003	-0.971435	-0.0383887	0.0	-2.98144	-2.75955	-1.3719	0.266824	-0.408862	0.8877200000000001	-0.211626	0.0	0.324639	-0.07524600000000001	-0.94284	0.0	-0.852902	-0.454193	-0.257423	0.0	3.01363	-0.899158	-1.5845200000000002	0.36145900000000003	
3	0.955858	0.219097	0.195786	0.0	-0.187953	-0.0562525	0.9805659999999999	0.0	0.225852	-0.97408	-0.0125895	0.0	-3.01592	-2.89374	-1.46761	0.293507	-0.40428800000000004	0.889383	-0.213421	0.0	0.326531	-0.07761339999999999	-0.941994	0.0	-0.854358	-0.45052600000000004	-0.259033	0.0	3.0225	-0.8996219999999999	-1.56663	0.36151300000000003	
3	0.96635	0.200808	0.160762	0.0	-0.163917	-0.00092382	0.986474	0.0	0.19824	-0.9796299999999999	0.0320231	0.0	-3.06448	-3.09786	-1.57103	0.310275	-0.40207600000000004	0.8901700000000001	-0.21431999999999998	0.0	0.328795	-0.07808680000000001	-0.941168	0.0	-0.854534	-0.448888	-0.261286	0.0	3.03159	-0.914011	-1.55291	0.361725	
3	0.9628610000000001	0.21779400000000002	0.159577	0.0	-0.17132999999999998	0.0360643	0.984553	0.0	0.208675	-0.9753280000000001	0.07203939999999999	0.0	-3.03219	-3.23535	-1.65526	0.30869800000000003	-0.399011	0.8911309999999999	-0.216048	0.0	0.330575	-0.0799719	-0.940386	0.0	-0.855284	-0.446644	-0.262676	0.0	3.0383	-0.9057280000000001	-1.57942	0.361564	
3	0.962457	0.232473	0.14011500000000002	0.0	-0.162139	0.0784092	0.983648	0.0	0.217685	-0.9694370000000001	0.113158	0.0	-3.00256	-3.3374800000000002	-1.72243	0.311157	-0.39550599999999997	0.89261	-0.216385	0.0	0.329598	-0.0819669	-0.940556	0.0	-0.8572860000000001	-0.443316	-0.261784	0.0	3.04359	-0.899906	-1.59115	0.361711	
3	0.9586370000000001	0.250471	0.135203	0.0	-0.167097	0.110695	0.979707	0.0	0.230422	-0.961775	0.14796900000000002	0.0	-2.8993	-3.41751	-1.75905	0.312526	-0.394457	0.893124	-0.216178	0.0	0.329205	-0.0822895	-0.940666	0.0	-0.8579209999999999	-0.442219	-0.261561	0.0	3.0451	-0.9083049999999999	-1.59267	0.361781	
3	0.959225	0.24984699999999999	0.132151	0.0	-0.166933	0.1235	0.978203	0.0	0.228081	-0.960377	0.160173	0.0	-2.8882	-3.43961	-1.77555	0.312888	-0.392264	0.8939239999999999	-0.21686100000000003	0.0	0.329401	-0.08361030000000001	-0.9404809999999999	0.0	-0.858851	-0.44035100000000005	-0.26166300000000003	0.0	3.05308	-0.9129290000000001	-1.59487	0.361718	
3	0.962098	0.242229	0.12526600000000002	0.0	-0.164685	0.149954	0.974881	0.0	0.21736	-0.9585610000000001	0.184162	0.0	-2.85949	-3.48196	-1.8229099999999998	0.310882	-0.386246	0.895874	-0.21959800000000002	0.0	0.32976500000000003	-0.0882227	-0.939932	0.0	-0.861434	-0.435461	-0.261352	0.0	3.0805599999999997	-0.9053629999999999	-1.5950799999999998	0.36188899999999996	
3	0.965339	0.233258	0.117093	0.0	-0.15524300000000002	0.152516	0.976032	0.0	0.209808	-0.9603799999999999	0.18344100000000002	0.0	-2.85902	-3.4837599999999997	-1.82191	0.307562	-0.38046399999999997	0.898016	-0.220939	0.0	0.32966599999999996	-0.0915129	-0.939652	0.0	-0.864041	-0.43033999999999994	-0.261228	0.0	3.09076	-0.896905	-1.60412	0.361834	
3	0.9658479999999999	0.229467	0.12034600000000001	0.0	-0.1581	0.153925	0.975352	0.0	0.205287	-0.961068	0.184947	0.0	-2.86148	-3.48662	-1.8229099999999998	0.300216	-0.366802	0.9032290000000001	-0.222784	0.0	0.33301	-0.0961272	-0.938011	0.0	-0.868654	-0.418253	-0.265525	0.0	3.10281	-0.8777370000000001	-1.61895	0.36186999999999997	
3	0.9674010000000001	0.221613	0.12256600000000001	0.0	-0.159201	0.15578399999999998	0.974878	0.0	0.196952	-0.9626110000000001	0.18598599999999998	0.0	-2.86183	-3.48585	-1.8234	0.300189	-0.349951	0.909233	-0.225456	0.0	0.334679	-0.10343800000000002	-0.936638	0.0	-0.874943	-0.40323200000000003	-0.26810300000000004	0.0	3.1251599999999997	-0.843764	-1.63182	0.361928	
3	0.967548	0.22084600000000001	0.12279100000000001	0.0	-0.159255	0.155671	0.9748870000000001	0.0	0.196184	-0.9628049999999999	0.18579	0.0	-2.8618	-3.4858300000000004	-1.8234299999999999	0.300052	-0.348394	0.9097139999999999	-0.22592800000000002	0.0	0.334725	-0.104394	-0.936515	0.0	-0.8755459999999999	-0.4019	-0.268133	0.0	3.13052	-0.8420700000000001	-1.63286	0.361933	
3	0.9720540000000001	0.20682199999999998	0.111062	0.0	-0.147801	0.17161700000000002	0.9740139999999999	0.0	0.182387	-0.963209	0.19739	0.0	-2.85799	-3.48251	-1.82309	0.194713	-0.328455	0.915133	-0.23376999999999998	0.0	0.331733	-0.11996400000000002	-0.935715	0.0	-0.8843469999999999	-0.38489	-0.264178	0.0	3.17964	-0.8572110000000001	-1.6033	0.36197399999999996	
3	0.972592	0.205525	0.108741	0.0	-0.14472000000000002	0.169026	0.974929	0.0	0.18199300000000002	-0.963945	0.19413699999999998	0.0	-2.85695	-3.4831300000000005	-1.8225900000000002	0.172952	-0.32618400000000003	0.915693	-0.234758	0.0	0.331789	-0.12164200000000001	-0.935478	0.0	-0.885167	-0.38302800000000004	-0.264139	0.0	3.18367	-0.858298	-1.59637	0.362012	
3	0.976591	0.184253	0.11100399999999999	0.0	-0.148201	0.20230599999999999	0.968044	0.0	0.155908	-0.9618329999999999	0.224877	0.0	-2.8568	-3.4018699999999997	-1.8253700000000002	0.00462339	-0.32131	0.9164620000000001	-0.23844899999999997	0.0	0.33310500000000004	-0.126327	-0.9343889999999999	0.0	-0.8864540000000001	-0.379657	-0.26468800000000003	0.0	3.2130400000000003	-0.870599	-1.55935	0.36206	
3	0.9778819999999999	0.174761	0.114917	0.0	-0.146396	0.179479	0.972808	0.0	0.149384	-0.968115	0.201093	0.0	-2.85851	-3.40038	-1.8233099999999998	0.00451496	-0.32005500000000003	0.916962	-0.23821399999999998	0.0	0.334293	-0.12596300000000002	-0.9340139999999999	0.0	-0.886461	-0.378569	-0.266218	0.0	3.2185799999999998	-0.8702	-1.55892	0.361794	
3	0.9805200000000001	0.16529100000000002	0.10611300000000001	0.0	-0.127735	0.126194	0.9837469999999999	0.0	0.149213	-0.978138	0.14485	0.0	-2.87056	-3.3964300000000005	-1.81247	0.0053153	-0.306193	0.919335	-0.247121	0.0	0.341758	-0.136129	-0.9298770000000001	0.0	-0.888509	-0.369177	-0.272509	0.0	3.24342	-0.876682	-1.5695299999999999	0.36134099999999997	
0	0.983975	0.162608	0.073155	0.0	-0.0918297	0.11046099999999999	0.9896290000000001	0.0	0.152841	-0.9804879999999999	0.123623	0.0	-2.90141	-3.39356	-1.8136599999999998	0.00484062	-0.300465	0.9196489999999999	-0.252915	0.0	0.350983	-0.139952	-0.9258639999999999	0.0	-0.8868659999999999	-0.36695900000000004	-0.280731	0.0	3.24747	-0.8862030000000001	-1.60018	0.36127	
0	0.9810260000000001	0.188751	0.044293599999999995	0.0	-0.057679999999999995	0.0660265	0.996149	0.0	0.1851	-0.9798030000000001	0.07566089999999999	0.0	-2.9847	-3.3978599999999997	-1.82539	-0.0006668339999999999	-0.297478	0.918638	-0.260023	0.0	0.35953	-0.144515	-0.921875	0.0	-0.884447	-0.367723	-0.287288	0.0	3.2497599999999998	-0.900063	-1.6528200000000002	0.361235	
0	0.982643	0.185501	0.00106525	0.0	-0.0114316	0.0548221	0.998431	0.0	0.185152	-0.9811139999999999	0.055991099999999995	0.0	-3.0847	-3.42899	-1.9030099999999999	0.0	-0.295207	0.918641	-0.262587	0.0	0.358838	-0.148112	-0.921574	0.0	-0.8854879999999999	-0.36628099999999997	-0.28592	0.0	3.25149	-0.90284	-1.6643400000000002	0.361034	
0	0.9841110000000001	0.174069	-0.0349953	0.0	0.020928400000000003	0.08200110000000001	0.9964129999999999	0.0	0.176314	-0.9813129999999999	0.0770553	0.0	-3.22093	-3.3894599999999997	-1.7461400000000002	0.0	-0.286549	0.921251	-0.26303200000000004	0.0	0.35618099999999997	-0.15242999999999998	-0.9219	0.0	-0.889396	-0.35785700000000004	-0.284454	0.0	3.24548	-0.909292	-1.69943	0.361141	
0	0.981115	0.191496	-0.0272574	0.0	0.009518500000000001	0.0929491	0.995625	0.0	0.193192	-0.977082	0.089371	0.0	-3.24273	-3.3879900000000003	-1.64842	0.057373400000000005	-0.27715	0.922977	-0.267023	0.0	0.345889	-0.163436	-0.923932	0.0	-0.896409	-0.348428	-0.273952	0.0	3.2093700000000003	-0.9088709999999999	-1.6764599999999998	0.36109600000000003	
0	0.981885	0.183348	-0.0478001	0.0	0.0294324	0.101624	0.9943879999999999	0.0	0.187177	-0.9777809999999999	0.0943865	0.0	-3.2368	-3.3882	-1.5325799999999998	0.317945	-0.28439200000000003	0.9195709999999999	-0.271129	0.0	0.333913	-0.17009000000000002	-0.9271309999999999	0.0	-0.8986790000000001	-0.354202	-0.258684	0.0	3.1732099999999996	-0.928645	-1.63039	0.360955	
0	0.978532	0.196384	-0.0625135	0.0	0.0317419	0.156096	0.987232	0.0	0.20363499999999998	-0.9680219999999999	0.146511	0.0	-3.2358700000000002	-3.3555300000000003	-1.47985	0.34023200000000003	-0.28570300000000004	0.9193889999999999	-0.270366	0.0	0.335273	-0.168402	-0.926948	0.0	-0.897756	-0.355478	-0.260133	0.0	3.14301	-0.939749	-1.60748	0.36127600000000004	
