0	0.22872800000000001	0.9380370000000001	-0.260328	0.0	0.268932	0.196124	0.9429799999999999	0.0	0.9356059999999999	-0.285696	-0.207409	0.0	-2.77643	1.9033	1.43751	-3.43323e-05	-0.127901	0.950837	-0.282045	0.0	0.294571	-0.23512800000000003	-0.9262520000000001	0.0	-0.947032	-0.201551	-0.25001599999999996	0.0	2.62344	1.93537	1.54356	0.0	
0	0.199629	0.9797110000000001	-0.0177183	0.0	0.202705	-0.023599099999999998	0.9789559999999999	0.0	0.958676	-0.19902	-0.20330299999999998	0.0	-2.84797	1.82772	1.28199	0.0	-0.150501	0.9627	-0.22484899999999997	0.0	0.363603	-0.157596	-0.918126	0.0	-0.919316	-0.219935	-0.326323	0.0	2.64526	1.8545900000000002	1.22729	-0.000143051	
0	0.202336	0.97931	-0.00345576	0.0	0.22963499999999998	-0.044014099999999994	0.972281	0.0	0.9520129999999999	-0.197521	-0.23379	0.0	-2.82742	1.9588700000000001	1.1664700000000001	-9.25064e-05	-0.14776	0.964866	-0.21725799999999998	0.0	0.371713	-0.149387	-0.91625	0.0	-0.9165129999999999	-0.216142	-0.33658000000000005	0.0	2.61179	1.90104	1.08956	0.0	
0	0.327925	0.937629	0.115396	0.0	0.208269	-0.190898	0.959261	0.0	0.9214600000000001	-0.290533	-0.25787899999999997	0.0	-2.8055	1.99196	1.05518	0.113878	-0.23650900000000002	0.957432	-0.165492	0.0	0.405513	-0.0575159	-0.912278	0.0	-0.8829629999999999	-0.282871	-0.374648	0.0	2.60946	1.90471	0.937759	0.0472509	
0	0.425201	0.8674959999999999	0.258176	0.0	0.200481	-0.368431	0.907781	0.0	0.882616	-0.33423	-0.330574	0.0	-2.66776	2.0402099999999996	0.802124	0.348562	-0.331165	0.934198	-0.132684	0.0	0.448275	0.0320314	-0.893322	0.0	-0.8302889999999999	-0.35531599999999997	-0.429385	0.0	2.59675	1.8506900000000002	0.717144	0.19406700000000002	
0	0.479333	0.815558	0.32419899999999996	0.0	0.16753800000000002	-0.44764	0.8783790000000001	0.0	0.8614930000000001	-0.36672	-0.351206	0.0	-2.55654	2.02359	0.589629	0.34630900000000003	-0.361902	0.9220290000000001	-0.137438	0.0	0.45212299999999994	0.0446726	-0.8908360000000001	0.0	-0.815237	-0.384534	-0.43303800000000003	0.0	2.5364	1.78731	0.610863	0.207181	
0	0.590857	0.69289	0.41326999999999997	0.0	0.10349000000000001	-0.57311	0.812918	0.0	0.8001119999999999	-0.43754899999999997	-0.410333	0.0	-2.48033	2.0125599999999997	0.391437	0.34603	-0.446197	0.883858	-0.14037	0.0	0.448387	0.0850478	-0.889784	0.0	-0.774505	-0.459959	-0.434259	0.0	2.45946	1.7053599999999998	0.602826	0.24055500000000002	
0	0.6890189999999999	0.586937	0.42515600000000003	0.0	0.048788	-0.622862	0.780809	0.0	0.7230989999999999	-0.51725	-0.45779899999999996	0.0	-2.3747	1.87222	0.11561700000000001	0.3461	-0.517225	0.8445819999999999	-0.138417	0.0	0.44733100000000003	0.128901	-0.8850309999999999	0.0	-0.729639	-0.519679	-0.444479	0.0	2.3566700000000003	1.56816	0.478347	0.31306999999999996	
0	0.752442	0.523893	0.399208	0.0	-0.00535664	-0.601206	0.799076	0.0	0.658637	-0.6033970000000001	-0.44956599999999997	0.0	-2.2730900000000003	1.66137	0.00369198	0.345487	-0.564267	0.807319	-0.172739	0.0	0.451192	0.12633	-0.88344	0.0	-0.691396	-0.576434	-0.43554	0.0	2.2814200000000002	1.4328100000000001	0.279539	0.316268	
0	0.797299	0.466793	0.38264699999999996	0.0	-0.0449089	-0.5863229999999999	0.808832	0.0	0.601911	-0.662065	-0.44651199999999996	0.0	-2.19537	1.4460899999999999	-0.11277999999999999	0.343582	-0.587753	0.790203	-0.173567	0.0	0.448434	0.139629	-0.882843	0.0	-0.6733899999999999	-0.596727	-0.436421	0.0	2.26898	1.31497	-0.0891789	0.310699	
0	0.837184	0.400544	0.37240700000000004	0.0	-0.111006	-0.5423	0.8328200000000001	0.0	0.535537	-0.738563	-0.409542	0.0	-2.1071299999999997	1.15265	-0.191435	0.324972	-0.6191260000000001	0.780464	-0.0869414	0.0	0.338021	0.164927	-0.926575	0.0	-0.708819	-0.603055	-0.36592399999999997	0.0	2.20247	1.2457200000000002	-0.301473	0.33874499999999996	
0	0.86035	0.37978	0.339949	0.0	-0.155709	-0.43923900000000005	0.8847729999999999	0.0	0.485338	-0.814148	-0.318764	0.0	-2.03611	0.767037	-0.226425	0.314691	-0.641278	0.766674	-0.031215100000000003	0.0	0.26883	0.186386	-0.944982	0.0	-0.718675	-0.614387	-0.32563000000000003	0.0	2.07658	1.17323	-0.45191499999999996	0.354602	
0	0.89849	0.36332800000000004	0.24639	0.0	-0.13774	-0.29959600000000003	0.9440709999999999	0.0	0.416825	-0.8821760000000001	-0.219139	0.0	-2.01851	0.32517399999999996	-0.23392399999999997	0.31352399999999997	-0.655679	0.751586	0.0721372	0.0	0.145509	0.219533	-0.964693	0.0	-0.7408859999999999	-0.622033	-0.253306	0.0	1.98668	1.02206	-0.561282	0.357171	
0	0.94558	0.287858	0.15170999999999998	0.0	-0.08726519999999999	-0.22481900000000002	0.970485	0.0	0.31346999999999997	-0.930911	-0.18746400000000002	0.0	-2.07638	-0.12896	-0.304506	0.326009	-0.653181	0.73258	0.191523	0.0	-0.016623500000000003	0.23900100000000002	-0.970877	0.0	-0.757019	-0.637343	-0.143933	0.0	1.84975	0.783882	-0.585113	0.358327	
0	0.968923	0.232094	0.0855666	0.0	-0.053172699999999996	-0.14240799999999998	0.9883790000000001	0.0	0.24158200000000002	-0.9622120000000001	-0.125641	0.0	-2.21474	-0.5558350000000001	-0.474499	0.337433	-0.6580560000000001	0.721819	0.214335	0.0	-0.0667031	0.22765	-0.971456	0.0	-0.750009	-0.653569	-0.101659	0.0	1.74132	0.5110100000000001	-0.6882149999999999	0.358388	
0	0.9781290000000001	0.199621	0.058438300000000006	0.0	-0.0329978	-0.128473	0.9911639999999999	0.0	0.20536500000000002	-0.9714149999999999	-0.119076	0.0	-2.31367	-0.770962	-0.6664180000000001	0.333568	-0.6451439999999999	0.725837	0.23864200000000002	0.0	-0.110524	0.220396	-0.9691290000000001	0.0	-0.756025	-0.6516029999999999	-0.061965	0.0	1.6660700000000002	0.238988	-0.844733	0.358757	
0	0.9849110000000001	0.167406	0.0438884	0.0	-0.020426	-0.139379	0.990028	0.0	0.171854	-0.975986	-0.133857	0.0	-2.35459	-0.9045200000000001	-0.8277110000000001	0.331992	-0.633958	0.7340369999999999	0.24348899999999998	0.0	-0.11280799999999999	0.22370500000000001	-0.9681069999999999	0.0	-0.765096	-0.641206	-0.059014699999999996	0.0	1.63401	0.015685499999999998	-1.01255	0.358643	
0	0.9898399999999999	0.14061300000000002	0.0211041	0.0	0.00144262	-0.15834700000000002	0.987382	0.0	0.142181	-0.9773200000000001	-0.156941	0.0	-2.40562	-1.00736	-1.07825	0.32006799999999996	-0.619749	0.750745	0.228679	0.0	-0.0941279	0.218175	-0.97136	0.0	-0.779135	-0.623524	-0.0645481	0.0	1.6423400000000001	-0.107448	-1.0774	0.35893600000000003	
0	0.988424	0.115272	-0.0986382	0.0	0.114652	-0.141751	0.98324	0.0	0.0993581	-0.983168	-0.153327	0.0	-2.50334	-1.09731	-1.22767	0.319251	-0.6052770000000001	0.765154	0.21949899999999997	0.0	-0.08137860000000001	0.21482300000000001	-0.9732569999999999	0.0	-0.791844	-0.606953	-0.06776010000000002	0.0	1.6751200000000002	-0.11915999999999999	-1.06711	0.35889	
0	0.968247	0.132863	-0.211769	0.0	0.22683000000000003	-0.11076400000000002	0.967615	0.0	0.105104	-0.984926	-0.13738399999999998	0.0	-2.68438	-1.20036	-1.30192	0.32453000000000004	-0.586396	0.7850739999999999	0.199495	0.0	-0.055173	0.207	-0.976784	0.0	-0.8081430000000001	-0.583789	-0.0780688	0.0	1.7600900000000002	-0.0959947	-1.0989	0.358953	
0	0.912792	0.24212199999999998	-0.32892	0.0	0.347476	-0.037135400000000006	0.936953	0.0	0.21464299999999997	-0.969535	-0.118029	0.0	-2.65072	-1.24478	-1.31844	0.325746	-0.5645640000000001	0.806371	0.17616300000000001	0.0	-0.031411400000000006	0.19228499999999998	-0.980836	0.0	-0.824792	-0.5592779999999999	-0.08322819999999999	0.0	1.84171	-0.020089	-1.10112	0.358401	
0	0.8905569999999999	0.308247	-0.334502	0.0	0.359627	-0.0268449	0.93271	0.0	0.278525	-0.9509280000000001	-0.134761	0.0	-2.6579599999999997	-1.26203	-1.4451399999999999	0.328586	-0.55018	0.817441	0.17056300000000002	0.0	-0.0229328	0.189388	-0.981634	0.0	-0.834731	-0.543987	-0.0854515	0.0	1.8851099999999998	0.07933739999999999	-1.08018	0.359028	
0	0.877676	0.373733	-0.30001300000000003	0.0	0.341067	-0.047305	0.9388479999999999	0.0	0.336686	-0.9263290000000001	-0.168986	0.0	-2.65213	-1.23583	-1.45365	0.341169	-0.541442	0.824058	0.166642	0.0	-0.021628799999999997	0.18449100000000002	-0.9825959999999999	0.0	-0.84046	-0.535623	-0.0820681	0.0	1.9045	0.194353	-1.06925	0.35893600000000003	
0	0.88076	0.375787	-0.28817600000000004	0.0	0.330874	-0.05296939999999999	0.9421870000000001	0.0	0.33879699999999996	-0.925191	-0.170991	0.0	-2.60929	-1.2690000000000001	-1.39656	0.33801	-0.528655	0.8321120000000001	0.167669	0.0	-0.0282151	0.18019300000000002	-0.9832270000000001	0.0	-0.848368	-0.524518	-0.0717816	0.0	1.88021	0.217696	-1.04817	0.35871	
0	0.878391	0.383305	-0.285494	0.0	0.328947	-0.051498	0.942943	0.0	0.34673200000000004	-0.922185	-0.171322	0.0	-2.59429	-1.27568	-1.38402	0.341484	-0.521336	0.8361620000000001	0.170416	0.0	-0.0417057	0.174497	-0.9837739999999999	0.0	-0.852332	-0.519984	-0.056099	0.0	1.8414	0.21974899999999997	-0.9891559999999999	0.359043	
0	0.879143	0.387287	-0.277698	0.0	0.32156999999999997	-0.0520413	0.9454549999999999	0.0	0.35170999999999997	-0.9204889999999999	-0.170291	0.0	-2.60074	-1.28336	-1.3448200000000001	0.343208	-0.520458	0.8359110000000001	0.174289	0.0	-0.0499062	0.173985	-0.983483	0.0	-0.852427	-0.52056	-0.048835	0.0	1.8122	0.17191099999999998	-0.967751	0.35912	
0	0.882566	0.377696	-0.280041	0.0	0.319894	-0.045835400000000005	0.9463440000000001	0.0	0.344595	-0.924794	-0.161275	0.0	-2.5893900000000003	-1.29319	-1.3122200000000002	0.343534	-0.5262760000000001	0.8306959999999999	0.181598	0.0	-0.055286400000000006	0.17968499999999998	-0.9821690000000001	0.0	-0.848514	-0.526932	-0.048638	0.0	1.7884900000000001	0.133399	-0.969677	0.35895	
0	0.880396	0.37998200000000004	-0.283754	0.0	0.321085	-0.037268	0.946317	0.0	0.349008	-0.924243	-0.154817	0.0	-2.57986	-1.2968600000000001	-1.28061	0.343515	-0.53364	0.825469	0.183927	0.0	-0.056461300000000006	0.182222	-0.981635	0.0	-0.843825	-0.534224	-0.0506341	0.0	1.77078	0.08309860000000001	-0.9984870000000001	0.358942	
0	0.8780389999999999	0.382263	-0.287965	0.0	0.321936	-0.0265421	0.9463889999999999	0.0	0.354126	-0.923673	-0.146369	0.0	-2.56068	-1.30273	-1.2421799999999998	0.34357	-0.5384939999999999	0.821874	0.18587	0.0	-0.05200790000000001	0.187745	-0.9808399999999999	0.0	-0.841023	-0.5378430000000001	-0.0583557	0.0	1.7764400000000002	0.039729099999999996	-1.00583	0.358709	
0	0.8827969999999999	0.37701399999999996	-0.28023400000000004	0.0	0.31643899999999997	-0.0363739	0.947915	0.0	0.347184	-0.925493	-0.15141300000000002	0.0	-2.53933	-1.29793	-1.22043	0.343596	-0.542	0.821153	0.178731	0.0	-0.04528630000000001	0.18383	-0.981914	0.0	-0.839158	-0.540291	-0.062449199999999996	0.0	1.81597	-0.027312200000000002	-0.988135	0.357996	
0	0.8825459999999999	0.37843899999999997	-0.279099	0.0	0.31464200000000003	-0.0341768	0.9485950000000001	0.0	0.349447	-0.9249950000000001	-0.14923499999999998	0.0	-2.53315	-1.29221	-1.22641	0.342902	-0.5414680000000001	0.8211790000000001	0.180214	0.0	-0.0456123	0.185347	-0.981614	0.0	-0.839483	-0.539732	-0.0629033	0.0	1.82463	-0.063243	-0.982693	0.357645	
0	0.882289	0.37956	-0.27839	0.0	0.314291	-0.03475	0.948691	0.0	0.35041100000000003	-0.924515	-0.149952	0.0	-2.53992	-1.28816	-1.22258	0.343073	-0.541929	0.8209129999999999	0.180041	0.0	-0.0455121	0.185246	-0.9816379999999999	0.0	-0.839191	-0.540172	-0.0630289	0.0	1.82391	-0.08056920000000001	-0.9906799999999999	0.357645	
0	0.8823549999999999	0.37948699999999996	-0.278278	0.0	0.314168	-0.0347777	0.94873	0.0	0.350353	-0.924543	-0.149909	0.0	-2.5414	-1.28839	-1.22092	0.343082	-0.541936	0.820926	0.17996099999999998	0.0	-0.0454726	0.185176	-0.9816530000000001	0.0	-0.839189	-0.540176	-0.0630238	0.0	1.8243099999999999	-0.0808956	-0.992757	0.357649	
0	0.8823549999999999	0.37948699999999996	-0.278278	0.0	0.31416900000000003	-0.034777800000000005	0.94873	0.0	0.350353	-0.924543	-0.149909	0.0	-2.5414	-1.28839	-1.22092	0.34308099999999997	-0.541936	0.820926	0.17996099999999998	0.0	-0.0454727	0.185176	-0.9816530000000001	0.0	-0.839189	-0.540176	-0.0630237	0.0	1.8243099999999999	-0.0808937	-0.9927540000000001	0.35765	
0	0.8823549999999999	0.37948699999999996	-0.278278	0.0	0.31416900000000003	-0.034777800000000005	0.94873	0.0	0.350353	-0.924543	-0.149909	0.0	-2.5414	-1.28839	-1.22092	0.34308099999999997	-0.541936	0.820926	0.17996099999999998	0.0	-0.0454726	0.185176	-0.9816530000000001	0.0	-0.839189	-0.540176	-0.0630238	0.0	1.8243099999999999	-0.08089360000000001	-0.9927530000000001	0.35765	
0	0.8823549999999999	0.37948699999999996	-0.278278	0.0	0.31416900000000003	-0.034777800000000005	0.94873	0.0	0.350353	-0.924543	-0.149909	0.0	-2.5414	-1.28839	-1.22092	0.34308099999999997	-0.541936	0.820926	0.17996099999999998	0.0	-0.0454726	0.185176	-0.9816530000000001	0.0	-0.839189	-0.540176	-0.0630238	0.0	1.8243099999999999	-0.0808938	-0.9927540000000001	0.35765	
0	0.8823549999999999	0.37948699999999996	-0.278278	0.0	0.31416900000000003	-0.034777800000000005	0.94873	0.0	0.350353	-0.924543	-0.149909	0.0	-2.5414	-1.28839	-1.22092	0.34308099999999997	-0.541936	0.820926	0.17996099999999998	0.0	-0.0454726	0.185176	-0.9816530000000001	0.0	-0.839189	-0.540176	-0.0630238	0.0	1.8243099999999999	-0.0808938	-0.9927540000000001	0.35765	
0	0.8823549999999999	0.37948699999999996	-0.278278	0.0	0.31416900000000003	-0.034777800000000005	0.94873	0.0	0.350353	-0.924543	-0.149909	0.0	-2.5414	-1.28839	-1.22092	0.34308099999999997	-0.541936	0.820926	0.17996099999999998	0.0	-0.0454727	0.185176	-0.9816530000000001	0.0	-0.839189	-0.540176	-0.0630237	0.0	1.8243099999999999	-0.0808937	-0.9927540000000001	0.35765	
0	0.8823549999999999	0.379488	-0.278278	0.0	0.31416900000000003	-0.034777800000000005	0.94873	0.0	0.350353	-0.924543	-0.149909	0.0	-2.5414	-1.28839	-1.22092	0.34308099999999997	-0.541936	0.820926	0.17996099999999998	0.0	-0.0454726	0.185176	-0.9816530000000001	0.0	-0.839189	-0.540176	-0.0630238	0.0	1.8243099999999999	-0.08089389999999999	-0.9927540000000001	0.35765	
0	0.8823549999999999	0.37948699999999996	-0.278278	0.0	0.31416900000000003	-0.034777800000000005	0.94873	0.0	0.350353	-0.924543	-0.149909	0.0	-2.5414	-1.28839	-1.22092	0.34308099999999997	-0.541936	0.820926	0.17996099999999998	0.0	-0.0454727	0.185176	-0.9816530000000001	0.0	-0.839189	-0.540176	-0.0630237	0.0	1.8243099999999999	-0.0808935	-0.9927540000000001	0.35765	
0	0.8823549999999999	0.37948699999999996	-0.278278	0.0	0.31416900000000003	-0.034777800000000005	0.94873	0.0	0.350353	-0.924543	-0.149909	0.0	-2.5414	-1.28839	-1.22092	0.34308099999999997	-0.541936	0.820926	0.17996099999999998	0.0	-0.0454727	0.185176	-0.9816530000000001	0.0	-0.839189	-0.540176	-0.0630237	0.0	1.8243099999999999	-0.08089360000000001	-0.9927530000000001	0.35765	
0	0.8823549999999999	0.37948699999999996	-0.278278	0.0	0.31416900000000003	-0.034777800000000005	0.94873	0.0	0.350353	-0.924543	-0.149909	0.0	-2.5414	-1.28839	-1.22092	0.34308099999999997	-0.541936	0.820926	0.17996099999999998	0.0	-0.0454726	0.185176	-0.9816530000000001	0.0	-0.839189	-0.540176	-0.0630238	0.0	1.8243099999999999	-0.08089389999999999	-0.9927540000000001	0.35765	
0	0.8823549999999999	0.37948699999999996	-0.278278	0.0	0.31416900000000003	-0.034777800000000005	0.94873	0.0	0.350353	-0.924543	-0.149909	0.0	-2.5414	-1.28839	-1.22092	0.34308099999999997	-0.541936	0.820926	0.17996099999999998	0.0	-0.0454727	0.185176	-0.9816530000000001	0.0	-0.839189	-0.540176	-0.0630237	0.0	1.8243099999999999	-0.0808938	-0.9927540000000001	0.35765	
0	0.8823549999999999	0.37948699999999996	-0.278278	0.0	0.31416900000000003	-0.034777800000000005	0.94873	0.0	0.350353	-0.924543	-0.149909	0.0	-2.5414	-1.28839	-1.22092	0.34308099999999997	-0.541936	0.820926	0.17996099999999998	0.0	-0.0454726	0.185176	-0.9816530000000001	0.0	-0.839189	-0.540176	-0.0630238	0.0	1.8243099999999999	-0.0808937	-0.9927540000000001	0.35765	
0	0.8823549999999999	0.37948699999999996	-0.278278	0.0	0.31416900000000003	-0.034777800000000005	0.94873	0.0	0.350353	-0.924543	-0.149909	0.0	-2.5414	-1.28839	-1.22092	0.34308099999999997	-0.541936	0.820926	0.17996099999999998	0.0	-0.0454727	0.185176	-0.9816530000000001	0.0	-0.839189	-0.540176	-0.0630238	0.0	1.8243099999999999	-0.0808937	-0.9927540000000001	0.357649	
0	0.8823549999999999	0.37948699999999996	-0.278278	0.0	0.31416900000000003	-0.034777800000000005	0.94873	0.0	0.350353	-0.924543	-0.149909	0.0	-2.5414	-1.28839	-1.22092	0.34308099999999997	-0.541936	0.820926	0.17996099999999998	0.0	-0.0454726	0.185176	-0.9816530000000001	0.0	-0.839189	-0.540176	-0.0630238	0.0	1.8243099999999999	-0.0808938	-0.9927540000000001	0.35765	
0	0.8823549999999999	0.37948699999999996	-0.278278	0.0	0.31416900000000003	-0.034777800000000005	0.94873	0.0	0.350353	-0.924543	-0.149909	0.0	-2.5414	-1.28839	-1.22092	0.34308099999999997	-0.541936	0.820926	0.17996099999999998	0.0	-0.0454727	0.185176	-0.9816530000000001	0.0	-0.839189	-0.540176	-0.0630237	0.0	1.8243099999999999	-0.0808937	-0.9927540000000001	0.35765	
0	-0.04309469999999999	0.99551	-0.0842763	0.0	0.13885899999999998	0.0895041	0.986259	0.0	0.989374	0.0308	-0.142092	0.0	-2.5754200000000003	-1.38199	-1.35109	0.33715900000000004	-0.221221	0.9713870000000001	-0.0864252	0.0	0.32085199999999997	-0.0111914	-0.9470629999999999	0.0	-0.920932	-0.23724	-0.309196	0.0	1.7490599999999998	-0.159933	-0.931226	0.340748	
0	-0.0418096	0.9947309999999999	-0.09360349999999999	0.0	0.13324	0.0983995	0.986187	0.0	0.990202	0.028760200000000003	-0.136653	0.0	-2.54542	-1.45602	-1.32236	0.33512800000000004	-0.22568600000000003	0.9705280000000001	-0.084512	0.0	0.316261	-0.009062200000000001	-0.9486290000000001	0.0	-0.9214370000000001	-0.24081999999999998	-0.304894	0.0	1.7450299999999999	-0.224487	-0.928701	0.341417	
0	-0.032776599999999996	0.994518	-0.09929980000000001	0.0	0.139153	0.102926	0.984907	0.0	0.989728	0.018463999999999998	-0.141764	0.0	-2.5226	-1.492	-1.30077	0.334669	-0.24584	0.966457	-0.0743245	0.0	0.316834	0.00765407	-0.94845	0.0	-0.916067	-0.256716	-0.30808800000000003	0.0	1.7371	-0.245052	-0.920316	0.341783	
0	0.025168400000000004	0.9970399999999999	-0.0726456	0.0	0.17039300000000002	0.06732660000000001	0.983074	0.0	0.9850549999999999	-0.0371208	-0.168194	0.0	-2.49673	-1.56516	-1.31332	0.333942	-0.313908	0.948717	-0.0373966	0.0	0.32095300000000004	0.0689622	-0.944581	0.0	-0.893561	-0.308514	-0.32614099999999996	0.0	1.73848	-0.316671	-0.978145	0.34071399999999996	
0	0.147421	0.9881690000000001	-0.042299500000000004	0.0	0.23019099999999998	0.00731364	0.973118	0.0	0.9619139999999999	-0.153196	-0.22639	0.0	-2.4925900000000003	-1.6895799999999999	-1.39291	0.33406199999999997	-0.44646899999999995	0.894789	0.00427556	0.0	0.29894499999999996	0.15366300000000002	-0.941817	0.0	-0.843385	-0.419213	-0.336099	0.0	1.7143700000000002	-0.491749	-1.13142	0.335056	
0	0.310109	0.950151	-0.032342	0.0	0.247435	-0.0478174	0.967724	0.0	0.9179370000000001	-0.308102	-0.24992899999999998	0.0	-2.47285	-1.8816	-1.48336	0.337398	-0.568823	0.8219059999999999	0.030184	0.0	0.238094	0.199686	-0.950493	0.0	-0.787243	-0.533475	-0.309277	0.0	1.65872	-0.72446	-1.28895	0.336302	
0	0.481617	0.8754709999999999	-0.0399332	0.0	0.254258	-0.09597649999999999	0.962363	0.0	0.8386879999999999	-0.47364399999999995	-0.26881900000000003	0.0	-2.45736	-2.0613599999999996	-1.56854	0.340443	-0.6325529999999999	0.774242	0.0206578	0.0	0.198765	0.188053	-0.961836	0.0	-0.748579	-0.604306	-0.272845	0.0	1.58152	-0.906968	-1.4686	0.336138	
0	0.6581140000000001	0.749674	-0.0698223	0.0	0.265606	-0.14438800000000002	0.9532079999999999	0.0	0.7045140000000001	-0.645864	-0.294142	0.0	-2.45267	-2.14292	-1.67946	0.344304	-0.698837	0.714116	0.0407906	0.0	0.12261199999999998	0.175782	-0.976764	0.0	-0.704693	-0.6775979999999999	-0.210402	0.0	1.46014	-1.11507	-1.6669200000000002	0.336109	
0	0.816439	0.559075	-0.14444	0.0	0.28741700000000003	-0.176512	0.941401	0.0	0.500818	-0.81011	-0.304799	0.0	-2.4203900000000003	-2.22322	-1.7189400000000001	0.345341	-0.7578189999999999	0.646126	0.0907343	0.0	0.0426798	0.187855	-0.9812690000000001	0.0	-0.651068	-0.739751	-0.16993699999999998	0.0	1.31807	-1.24422	-1.8400900000000002	0.335837	
0	0.8826440000000001	0.396565	-0.252341	0.0	0.342591	-0.175188	0.923006	0.0	0.321825	-0.901136	-0.290488	0.0	-2.3859	-2.30445	-1.78394	0.345145	-0.806589	0.561769	0.18393099999999998	0.0	-0.07244249999999999	0.214871	-0.973952	0.0	-0.586657	-0.798903	-0.132617	0.0	1.20318	-1.3983299999999999	-2.12378	0.332088	
0	0.882991	0.316037	-0.347056	0.0	0.41057	-0.16164800000000001	0.897386	0.0	0.22750599999999999	-0.934875	-0.272489	0.0	-2.3426	-2.33942	-1.8896	0.345359	-0.8234239999999999	0.512774	0.24297399999999997	0.0	-0.142039	0.22830300000000003	-0.963173	0.0	-0.549362	-0.8276110000000001	-0.115157	0.0	1.0828200000000001	-1.51211	-2.41459	0.32923800000000003	
0	0.877509	0.221421	-0.425383	0.0	0.46433900000000006	-0.170596	0.869072	0.0	0.11986199999999998	-0.96014	-0.25251399999999996	0.0	-2.2015700000000002	-2.35745	-1.9074099999999998	0.343248	-0.834501	0.473562	0.281686	0.0	-0.19630799999999998	0.22215500000000002	-0.955045	0.0	-0.5148510000000001	-0.852283	-0.0924248	0.0	0.988243	-1.60486	-2.71062	0.330275	
0	0.8623940000000001	0.144758	-0.4851	0.0	0.502835	-0.134017	0.85393	0.0	0.0586018	-0.980349	-0.188365	0.0	-2.06314	-2.41336	-1.8285	0.341442	-0.84252	0.453488	0.290706	0.0	-0.214892	0.21191100000000002	-0.95337	0.0	-0.493946	-0.8657030000000001	-0.0810887	0.0	0.9188209999999999	-1.6651099999999999	-3.00577	0.331025	
0	0.819426	0.07840810000000001	-0.567797	0.0	0.5730729999999999	-0.0924481	0.8142729999999999	0.0	0.0113539	-0.992626	-0.12068800000000002	0.0	-1.9582099999999998	-2.5070799999999998	-1.76026	0.341134	-0.843533	0.447812	0.296509	0.0	-0.218177	0.218759	-0.951075	0.0	-0.490767	-0.8669540000000001	-0.0868282	0.0	0.8793479999999999	-1.6543299999999999	-3.24665	0.33121100000000003	
0	0.7652800000000001	0.0453108	-0.642101	0.0	0.643694	-0.0505168	0.763614	0.0	0.00216311	-0.9976950000000001	-0.0678258	0.0	-1.89745	-2.58093	-1.69091	0.336619	-0.846491	0.442166	0.296551	0.0	-0.21384099999999998	0.22773200000000002	-0.949953	0.0	-0.487571	-0.867541	-0.0982203	0.0	0.847865	-1.60778	-3.49265	0.33163400000000004	
0	0.675784	0.0353928	-0.7362489999999999	0.0	0.7369600000000001	-0.013035499999999998	0.67581	0.0	0.0143214	-0.999288	-0.0348922	0.0	-1.80794	-2.62364	-1.65695	0.33453	-0.847734	0.442504	0.292468	0.0	-0.205661	0.234042	-0.950225	0.0	-0.488928	-0.8656870000000001	-0.1074	0.0	0.8371850000000001	-1.5603799999999999	-3.68718	0.331637	
0	0.562876	0.06683510000000001	-0.823835	0.0	0.826312	-0.022014099999999998	0.562783	0.0	0.0194777	-0.9975209999999999	-0.0676178	0.0	-1.74145	-2.59774	-1.72848	0.334403	-0.8452729999999999	0.455773	0.27889899999999995	0.0	-0.190594	0.23044800000000001	-0.9542370000000001	0.0	-0.499187	-0.8597469999999999	-0.107925	0.0	0.8475010000000001	-1.53615	-3.8318	0.331421	
0	0.548154	0.0776818	-0.8327620000000001	0.0	0.8360639999999999	-0.0236576	0.548121	0.0	0.022877900000000003	-0.9966969999999999	-0.077915	0.0	-1.70366	-2.59267	-1.76764	0.333755	-0.838982	0.475709	0.264216	0.0	-0.17248	0.228035	-0.958254	0.0	-0.516101	-0.8495299999999999	-0.109267	0.0	0.9017440000000001	-1.54045	-3.87972	0.332662	
0	0.44960600000000006	0.042993800000000006	-0.892192	0.0	0.893134	-0.0360916	0.448341	0.0	-0.0129247	-0.998423	-0.05462619999999999	0.0	-1.6458700000000002	-2.63056	-1.77567	0.330015	-0.8379479999999999	0.48770600000000003	0.24491999999999997	0.0	-0.149412	0.226622	-0.9624540000000001	0.0	-0.524899	-0.843081	-0.117028	0.0	0.953933	-1.55574	-3.92737	0.332579	
0	0.335007	-0.000494331	-0.9422159999999999	0.0	0.9358219999999999	-0.116128	0.332795	0.0	-0.109582	-0.9932340000000001	-0.0384413	0.0	-1.63608	-2.66995	-1.71623	0.331289	-0.8381139999999999	0.496882	0.22511	0.0	-0.127779	0.22236199999999998	-0.9665549999999999	0.0	-0.530319	-0.8388469999999999	-0.122874	0.0	1.0772	-1.60245	-3.9948099999999998	0.332779	
0	0.328933	-0.00360477	-0.9443459999999999	0.0	0.932001	-0.159972	0.325243	0.0	-0.15224100000000002	-0.987115	-0.0492604	0.0	-1.6836200000000001	-2.6603	-1.6964099999999998	0.330914	-0.8391639999999999	0.499644	0.21485	0.0	-0.11748199999999999	0.21918400000000002	-0.968585	0.0	-0.531039	-0.838042	-0.12523199999999998	0.0	1.14006	-1.62055	-4.01323	0.333056	
0	0.280321	-0.0279022	-0.959501	0.0	0.922715	-0.26771	0.277359	0.0	-0.26460700000000004	-0.963095	-0.049299199999999994	0.0	-1.7894	-2.61905	-1.57301	0.329705	-0.8394530000000001	0.5094	0.18929100000000001	0.0	-0.0920935	0.20993699999999998	-0.973368	0.0	-0.535573	-0.8345290000000001	-0.12932000000000002	0.0	1.31828	-1.66694	-4.04373	0.334498	
0	0.238319	-0.0172208	-0.9710340000000001	0.0	0.9188930000000001	-0.319666	0.23119099999999998	0.0	-0.314388	-0.9473739999999999	-0.06035830000000001	0.0	-1.81418	-2.60255	-1.47707	0.33114299999999997	-0.837944	0.515588	0.17893699999999998	0.0	-0.0794138	0.20919000000000001	-0.9746450000000001	0.0	-0.539948	-0.830908	-0.134345	0.0	1.39416	-1.6723599999999998	-4.0502400000000005	0.33473	
0	0.196466	0.00604019	-0.980492	0.0	0.9088120000000001	-0.376481	0.179784	0.0	-0.368051	-0.9264049999999999	-0.079455	0.0	-1.89448	-2.59271	-1.45239	0.337746	-0.8348549999999999	0.524135	0.168223	0.0	-0.0640238	0.211071	-0.9753719999999999	0.0	-0.546734	-0.8250639999999999	-0.142657	0.0	1.4391100000000001	-1.64765	-4.057230000000001	0.334714	
0	0.17765899999999998	0.015918	-0.9839629999999999	0.0	0.903515	-0.398887	0.156681	0.0	-0.389996	-0.9168620000000001	-0.08524810000000001	0.0	-1.96891	-2.5939200000000002	-1.43392	0.33988	-0.831624	0.5315409999999999	0.160829	0.0	-0.0547216	0.20976199999999998	-0.9762200000000001	0.0	-0.552636	-0.820649	-0.145357	0.0	1.44477	-1.61204	-4.0692900000000005	0.33435	
0	0.172354	0.00843692	-0.984999	0.0	0.906315	-0.39306599999999997	0.15522	0.0	-0.385859	-0.919472	-0.0753933	0.0	-2.03704	-2.66193	-1.43404	0.341987	-0.827802	0.538625	0.15692899999999999	0.0	-0.046204199999999994	0.21331599999999998	-0.9758899999999999	0.0	-0.559114	-0.815095	-0.151697	0.0	1.4524	-1.57406	-4.07445	0.334414	
0	0.199009	0.0255519	-0.979664	0.0	0.913118	-0.367799	0.175898	0.0	-0.355825	-0.9295540000000001	-0.09652739999999999	0.0	-2.07363	-2.7524	-1.4482700000000002	0.342702	-0.827058	0.541784	0.149816	0.0	-0.036329400000000005	0.21444499999999997	-0.97606	0.0	-0.560941	-0.812701	-0.157676	0.0	1.4570299999999998	-1.54231	-4.097169999999999	0.334109	
0	0.225113	0.030675400000000002	-0.97385	0.0	0.919525	-0.33719	0.201934	0.0	-0.322178	-0.9409370000000001	-0.10411300000000001	0.0	-2.10228	-2.88793	-1.5270299999999999	0.34495	-0.826192	0.545806	0.139649	0.0	-0.0242327	0.21321700000000002	-0.9767040000000001	0.0	-0.562867	-0.81033	-0.162932	0.0	1.5076	-1.5025600000000001	-4.098269999999999	0.333798	
0	0.25172	0.0320297	-0.9672700000000001	0.0	0.928534	-0.289794	0.23204299999999997	0.0	-0.272876	-0.9565530000000001	-0.10268800000000002	0.0	-2.1444400000000003	-3.01228	-1.53767	0.346975	-0.8218479999999999	0.554194	0.132047	0.0	-0.014723400000000001	0.211042	-0.977366	0.0	-0.5695180000000001	-0.80519	-0.165285	0.0	1.56271	-1.47155	-4.0868199999999995	0.333901	
0	0.299548	0.0455548	-0.952993	0.0	0.931629	-0.229384	0.281868	0.0	-0.205761	-0.972269	-0.111152	0.0	-2.18985	-3.17368	-1.54985	0.349826	-0.813659	0.566864	0.128937	0.0	-0.00635821	0.213101	-0.97701	0.0	-0.581308	-0.795772	-0.169787	0.0	1.60451	-1.42546	-4.10085	0.333593	
0	0.363825	0.0505145	-0.930097	0.0	0.919328	-0.18015799999999998	0.34982800000000003	0.0	-0.149893	-0.98234	-0.11198499999999999	0.0	-2.28274	-3.2984	-1.55209	0.351401	-0.810243	0.571833	0.12850999999999999	0.0	-0.00291359	0.21533200000000002	-0.9765370000000001	0.0	-0.586088	-0.791606	-0.172806	0.0	1.6276700000000002	-1.40485	-4.0875	0.333083	
0	0.41024799999999995	0.0751067	-0.908876	0.0	0.902859	-0.174	0.39315300000000003	0.0	-0.128616	-0.981877	-0.139194	0.0	-2.3319799999999997	-3.37998	-1.58531	0.352954	-0.808396	0.574295	0.129154	0.0	-0.0032599000000000005	0.21504099999999998	-0.9766	0.0	-0.58863	-0.7899010000000001	-0.171966	0.0	1.62748	-1.39927	-4.0824300000000004	0.333304	
0	0.43487700000000007	0.10279	-0.8946040000000001	0.0	0.893972	-0.168597	0.41519799999999996	0.0	-0.108149	-0.980311	-0.16521	0.0	-2.39981	-3.44458	-1.59028	0.3536	-0.807708	0.575232	0.129295	0.0	-0.00309274	0.215162	-0.9765739999999999	0.0	-0.589575	-0.7891859999999999	-0.172009	0.0	1.61773	-1.39015	-4.0805	0.333133	
0	0.458226	0.117132	-0.881084	0.0	0.882858	-0.174756	0.43591599999999997	0.0	-0.102915	-0.97762	-0.183489	0.0	-2.48697	-3.53988	-1.5928200000000001	0.353952	-0.807649	0.5753739999999999	0.129026	0.0	-0.00159663	0.216678	-0.976242	0.0	-0.589661	-0.788667	-0.17408099999999999	0.0	1.61323	-1.36992	-4.06254	0.332877	
0	0.484009	0.146649	-0.8626870000000001	0.0	0.8701639999999999	-0.184834	0.456784	0.0	-0.0924672	-0.971767	-0.21706999999999999	0.0	-2.53507	-3.5836	-1.58332	0.357155	-0.806546	0.5780489999999999	0.123868	0.0	0.00591052	0.217404	-0.9760639999999999	0.0	-0.5911420000000001	-0.786508	-0.178763	0.0	1.61011	-1.34323	-4.04957	0.33265700000000004	
0	0.516184	0.165436	-0.840348	0.0	0.853651	-0.17902300000000002	0.489112	0.0	-0.0695252	-0.969836	-0.23363299999999998	0.0	-2.57934	-3.60526	-1.63194	0.358109	-0.806071	0.5790890000000001	0.122084	0.0	0.00845736	0.21753699999999998	-0.976016	0.0	-0.591758	-0.785706	-0.180248	0.0	1.62436	-1.337	-4.0474	0.332133	
0	0.549585	0.184417	-0.814829	0.0	0.8340549999999999	-0.17721099999999998	0.5224449999999999	0.0	-0.048048900000000005	-0.9667399999999999	-0.251207	0.0	-2.59001	-3.6074300000000004	-1.62781	0.360325	-0.8042600000000001	0.582278	0.118825	0.0	0.011648100000000002	0.21535500000000002	-0.976466	0.0	-0.594164	-0.783948	-0.179984	0.0	1.64609	-1.33291	-4.0556	0.332075	
0	0.5758840000000001	0.197751	-0.793254	0.0	0.817411	-0.155917	0.554553	0.0	-0.0140188	-0.967773	-0.251434	0.0	-2.60814	-3.61174	-1.63358	0.35686100000000004	-0.803049	0.584439	0.116377	0.0	0.013929599999999999	0.21364899999999998	-0.9768110000000001	0.0	-0.595751	-0.782806	-0.17971199999999998	0.0	1.6488099999999999	-1.32705	-4.054790000000001	0.332027	
0	0.58778	0.17606	-0.7896310000000001	0.0	0.80895	-0.140752	0.570779	0.0	-0.0106507	-0.9742649999999999	-0.22515500000000002	0.0	-2.55231	-3.5950800000000003	-1.621	0.23277899999999999	-0.80138	0.586942	0.115283	0.0	0.014956899999999999	0.212333	-0.977083	0.0	-0.597969	-0.7812899999999999	-0.178938	0.0	1.64788	-1.32533	-4.05768	0.33194	
0	0.638845	0.16280899999999998	-0.751911	0.0	0.769316	-0.128251	0.6258640000000001	0.0	0.00546345	-0.9782870000000001	-0.207184	0.0	-2.58249	-3.58459	-1.62115	0.203041	-0.798515	0.590954	0.114656	0.0	0.016446900000000004	0.21181399999999997	-0.9771719999999999	0.0	-0.601749	-0.778401	-0.178856	0.0	1.6515799999999998	-1.3238	-4.0538099999999995	0.332075	
0	0.703044	0.150775	-0.69498	0.0	0.710234	-0.0993595	0.696919	0.0	0.0360251	-0.983562	-0.17694000000000001	0.0	-2.6654299999999997	-3.56165	-1.5782200000000002	0.20303800000000002	-0.793763	0.598359	0.10911900000000001	0.0	0.020751099999999998	0.20594099999999999	-0.9783440000000001	0.0	-0.607873	-0.774309	-0.17588499999999999	0.0	1.6495	-1.32446	-4.05716	0.329221	
0	0.730677	0.144224	-0.667316	0.0	0.68196	-0.10796800000000001	0.723377	0.0	0.0322796	-0.9836379999999999	-0.177245	0.0	-2.70159	-3.5683199999999995	-1.56021	0.203048	-0.791409	0.602205	0.10498299999999999	0.0	0.0229889	0.200939	-0.979334	0.0	-0.610855	-0.77264	-0.172869	0.0	1.6488599999999998	-1.3280299999999998	-4.0534099999999995	0.324258	
0	0.788192	0.146826	-0.597659	0.0	0.613698	-0.114702	0.781165	0.0	0.0461426	-0.98249	-0.180513	0.0	-2.80347	-3.5830800000000003	-1.5425	0.203165	-0.774649	0.6289319999999999	0.066059	0.0	0.0404451	0.15351700000000001	-0.987318	0.0	-0.631097	-0.762153	-0.144359	0.0	1.6190200000000001	-1.3165799999999999	-4.01004	0.316191	
0	0.817286	0.18656099999999998	-0.545196	0.0	0.5723199999999999	-0.152738	0.8056810000000001	0.0	0.067037	-0.970498	-0.23160300000000003	0.0	-2.78693	-3.5915199999999996	-1.58165	0.20313699999999998	-0.752598	0.658213	0.0187666	0.0	0.0644753	0.102024	-0.992691	0.0	-0.655317	-0.7458859999999999	-0.11922200000000001	0.0	1.52098	-1.20525	-3.87085	0.304342	
0	0.813275	0.250552	-0.525174	0.0	0.573022	-0.18798299999999998	0.797689	0.0	0.10113899999999999	-0.949677	-0.296453	0.0	-2.7982099999999996	-3.45384	-1.57015	0.202762	-0.728197	0.684002	-0.0432543	0.0	0.10055599999999999	0.044199	-0.993949	0.0	-0.677952	-0.72814	-0.100966	0.0	1.4353200000000002	-1.08485	-3.73695	0.302784	
0	0.8004140000000001	0.294712	-0.521998	0.0	0.5876640000000001	-0.21397	0.7803	0.0	0.118272	-0.9313229999999999	-0.344456	0.0	-2.8248900000000003	-3.32464	-1.55072	0.202727	-0.721012	0.688234	-0.080483	0.0	0.121886	0.0116288	-0.992476	0.0	-0.6821189999999999	-0.725396	-0.09227060000000001	0.0	1.3744	-1.03334	-3.67984	0.30283899999999997	
0	0.7812720000000001	0.39271	-0.485174	0.0	0.598384	-0.25002199999999997	0.7612	0.0	0.177627	-0.885024	-0.43032700000000007	0.0	-2.84633	-2.84015	-1.46007	0.202568	-0.705041	0.6936359999999999	-0.14760299999999998	0.0	0.120975	-0.0874479	-0.9887959999999999	0.0	-0.6987720000000001	-0.7149979999999999	-0.0222585	0.0	1.2196	-1.03169	-3.4930199999999996	0.293052	
0	0.775625	0.45764	-0.43471000000000004	0.0	0.596917	-0.30794699999999997	0.74085	0.0	0.205175	-0.8341069999999999	-0.5120239999999999	0.0	-2.69258	-2.26071	-1.74978	0.203036	-0.708869	0.688826	-0.15173599999999998	0.0	0.101187	-0.113587	-0.9883620000000001	0.0	-0.698045	-0.715972	0.010817499999999999	0.0	1.1029	-1.08992	-3.3286599999999997	0.28733200000000003	
0	0.767051	0.489738	-0.41447399999999995	0.0	0.6003729999999999	-0.320098	0.7328640000000001	0.0	0.226239	-0.810983	-0.539558	0.0	-2.6642900000000003	-1.93585	-1.72938	0.20286700000000002	-0.726876	0.672029	-0.141522	0.0	0.07802100000000001	-0.12393	-0.9892190000000001	0.0	-0.6823229999999999	-0.7300810000000001	0.037649199999999994	0.0	0.999742	-1.19109	-3.1655599999999997	0.293425	
4	0.765781	0.511972	-0.389185	0.0	0.597639	-0.343046	0.72467	0.0	0.237502	-0.7875300000000001	-0.568673	0.0	-2.60146	-1.66389	-1.6644900000000002	0.202862	-0.736111	0.661101	-0.145214	0.0	0.07203150000000001	-0.13681	-0.987975	0.0	-0.673018	-0.737719	0.0530869	0.0	0.933692	-1.2921799999999999	-3.06418	0.294827	
4	0.762025	0.5503020000000001	-0.34129899999999996	0.0	0.585851	-0.36136	0.725395	0.0	0.275855	-0.7527189999999999	-0.597761	0.0	-2.5486299999999997	-1.4435200000000001	-1.59528	0.203036	-0.738924	0.638622	-0.214835	0.0	0.110722	-0.199423	-0.9736379999999999	0.0	-0.664629	-0.743232	0.0766487	0.0	0.90999	-1.38923	-2.9767	0.297105	
4	0.756678	0.573074	-0.314683	0.0	0.580242	-0.36685999999999996	0.72714	0.0	0.301261	-0.732803	-0.610116	0.0	-2.47776	-1.32525	-1.55978	0.203041	-0.7207479999999999	0.622748	-0.30448000000000003	0.0	0.170845	-0.26610900000000004	-0.948682	0.0	-0.671814	-0.73578	0.08540369999999999	0.0	0.9031899999999999	-1.46623	-2.95724	0.293926	
4	0.740767	0.626977	-0.241171	0.0	0.553956	-0.367055	0.747264	0.0	0.37999499999999997	-0.6871470000000001	-0.61922	0.0	-2.29557	-1.22289	-1.61398	0.20286099999999999	-0.595052	0.587599	-0.5483060000000001	0.0	0.258305	-0.506213	-0.822816	0.0	-0.761046	-0.631249	0.149444	0.0	0.848793	-1.7026	-2.91549	0.256063	
4	0.737667	0.644176	-0.202199	0.0	0.534659	-0.374463	0.7575729999999999	0.0	0.41229499999999997	-0.666944	-0.620644	0.0	-2.19782	-1.2574299999999998	-1.61907	0.202869	-0.556647	0.57858	-0.596145	0.0	0.255887	-0.563296	-0.785633	0.0	-0.790358	-0.589866	0.165506	0.0	0.8203280000000001	-1.74849	-2.87319	0.263409	
4	0.740484	0.667168	-0.0810561	0.0	0.45761199999999996	-0.412182	0.7878430000000001	0.0	0.49221400000000004	-0.6204770000000001	-0.6105189999999999	0.0	-2.02599	-1.5010700000000001	-1.76626	0.203036	-0.46027799999999996	0.50762	-0.7283310000000001	0.0	0.29285700000000003	-0.68766	-0.6643479999999999	0.0	-0.838081	-0.5190819999999999	0.167854	0.0	0.7430680000000001	-1.85188	-2.83715	0.20031600000000002	
4	0.730467	0.682804	-0.014021100000000002	0.0	0.408665	-0.420558	0.8100149999999999	0.0	0.547184	-0.5974189999999999	-0.586242	0.0	-1.9544	-1.74121	-1.90608	0.202688	-0.392286	0.47965399999999997	-0.784884	0.0	0.24440900000000002	-0.768256	-0.591648	0.0	-0.8867780000000001	-0.42392799999999997	0.184145	0.0	0.618512	-1.7992099999999998	-2.71694	0.193767	
4	0.716923	0.696797	0.0222724	0.0	0.365206	-0.402584	0.839375	0.0	0.593841	-0.593633	-0.543096	0.0	-1.8796099999999998	-2.00293	-2.03342	0.20286400000000002	-0.361146	0.49926899999999996	-0.7875939999999999	0.0	0.16711099999999998	-0.796272	-0.581399	0.0	-0.9174129999999999	-0.341586	0.20413699999999999	0.0	0.47953599999999996	-1.77078	-2.51632	0.18675799999999998	
4	0.7272460000000001	0.684565	0.0498409	0.0	0.31900500000000004	-0.401403	0.8585520000000001	0.0	0.607741	-0.608479	-0.510299	0.0	-1.79827	-2.16738	-2.11442	0.203002	-0.329393	0.522293	-0.786582	0.0	0.115452	-0.804542	-0.582566	0.0	-0.9371079999999999	-0.28270500000000004	0.20471099999999998	0.0	0.35265	-1.7390599999999998	-2.36092	0.18754300000000002	
4	0.729391	0.6812729999999999	0.0620962	0.0	0.299684	-0.399804	0.866225	0.0	0.614963	-0.613207	-0.49578	0.0	-1.78108	-2.2507099999999998	-2.18784	0.203002	-0.30716	0.532446	-0.788767	0.0	0.08856119999999999	-0.809246	-0.580757	0.0	-0.947528	-0.24824000000000002	0.201414	0.0	0.255397	-1.7083700000000002	-2.30353	0.18600799999999998	
4	0.724599	0.685772	0.06835989999999999	0.0	0.272289	-0.375996	0.885712	0.0	0.633099	-0.623173	-0.459175	0.0	-1.70245	-2.3723099999999997	-2.32206	0.20303800000000002	-0.282408	0.542521	-0.791149	0.0	0.048713400000000004	-0.815546	-0.576639	0.0	-0.9580569999999999	-0.20138699999999998	0.20388900000000001	0.0	0.0664946	-1.65117	-2.22127	0.187187	
4	0.712939	0.697291	0.0741827	0.0	0.259911	-0.36102399999999996	0.8956049999999999	0.0	0.6512789999999999	-0.6192310000000001	-0.438622	0.0	-1.6301299999999999	-2.40414	-2.38846	0.202871	-0.272493	0.553756	-0.7868310000000001	0.0	0.0248285	-0.813458	-0.581094	0.0	-0.961837	-0.17787999999999998	0.20791199999999999	0.0	-0.035911900000000004	-1.63686	-2.1596900000000003	0.18601900000000002	
4	0.718945	0.691553	0.0698034	0.0	0.253338	-0.35423499999999997	0.9001879999999999	0.0	0.647254	-0.629501	-0.42987200000000003	0.0	-1.6011600000000001	-2.41381	-2.39357	0.203041	-0.267449	0.565545	-0.780148	0.0	0.0119131	-0.807639	-0.589558	0.0	-0.963498	-0.166971	0.209265	0.0	-0.07893910000000001	-1.60792	-2.1095599999999997	0.185763	
4	0.706191	0.704706	0.0684362	0.0	0.24846999999999997	-0.33717800000000003	0.908061	0.0	0.662991	-0.62426	-0.41321	0.0	-1.54346	-2.43066	-2.40765	0.203001	-0.261374	0.607424	-0.750147	0.0	0.00161248	-0.776887	-0.629638	0.0	-0.9652360000000001	-0.16578099999999998	0.202078	0.0	-0.135967	-1.57659	-2.02164	0.197007	
4	0.696325	0.714647	0.0664136	0.0	0.251056	-0.32921300000000003	0.9102690000000001	0.0	0.672385	-0.61717	-0.408656	0.0	-1.53545	-2.42604	-2.40138	0.20303800000000002	-0.259125	0.614333	-0.7452840000000001	0.0	-0.004257199999999999	-0.77236	-0.635171	0.0	-0.965834	-0.161416	0.202753	0.0	-0.141122	-1.55905	-1.98917	0.20355	
4	0.680369	0.728625	0.07876419999999999	0.0	0.25217	-0.333661	0.9083399999999999	0.0	0.6881189999999999	-0.598144	-0.41075	0.0	-1.4940799999999999	-2.3793900000000003	-2.36185	0.202689	-0.25049899999999997	0.645092	-0.721877	0.0	-0.00895381	-0.747163	-0.6645810000000001	0.0	-0.968075	-0.16001300000000002	0.19294	0.0	-0.15723299999999998	-1.52357	-1.96143	0.213734	
4	0.684929	0.724398	0.0782306	0.0	0.25389	-0.337929	0.90628	0.0	0.682944	-0.6008760000000001	-0.415375	0.0	-1.4856200000000002	-2.36344	-2.34885	0.20269	-0.25288	0.646421	-0.719856	0.0	-0.005418600000000001	-0.744973	-0.667072	0.0	-0.967482	-0.16478900000000002	0.191892	0.0	-0.166347	-1.52898	-1.9767599999999999	0.214256	
4	0.734522	0.675986	0.059339199999999995	0.0	0.276912	-0.378423	0.883242	0.0	0.619514	-0.632328	-0.46514799999999995	0.0	-1.6095899999999999	-2.31102	-2.3247299999999997	0.202691	-0.314864	0.661026	-0.681107	0.0	0.0227271	-0.71215	-0.7016600000000001	0.0	-0.948865	-0.236407	0.209207	0.0	-0.11298399999999999	-1.6290200000000001	-1.9374200000000001	0.217219	
