3	0.23870300000000003	0.8253950000000001	-0.51161	0.0	0.273011	0.44855	0.851039	0.0	0.931926	-0.342821	-0.118272	0.0	-2.9272099999999996	1.9724099999999998	1.42313	0.0	-0.233452	0.754322	-0.613594	0.0	0.291602	-0.5476770000000001	-0.784231	0.0	-0.9276139999999999	-0.362006	-0.0921054	0.0	2.6998599999999997	2.0272200000000002	1.55988	0.0	
3	0.22762800000000002	0.8287459999999999	-0.5112399999999999	0.0	0.26804	0.451413	0.8511059999999999	0.0	0.9361309999999999	-0.330768	-0.11938299999999999	0.0	-2.96754	1.95239	1.37105	0.0	-0.226411	0.769368	-0.597336	0.0	0.314165	-0.522804	-0.79245	0.0	-0.921975	-0.367081	-0.12334	0.0	2.74155	1.9817200000000001	1.44676	0.0	
3	0.187417	0.853349	-0.48648900000000006	0.0	0.260226	0.434435	0.862293	0.0	0.947184	-0.28820500000000004	-0.14064300000000002	0.0	-2.94251	1.94711	1.26486	0.125541	-0.192929	0.8353719999999999	-0.514716	0.0	0.267509	-0.45991899999999997	-0.846708	0.0	-0.9440430000000001	-0.301046	-0.13473800000000002	0.0	2.7757099999999997	1.95007	1.34545	0.360771	
3	0.15432200000000001	0.868978	-0.47017299999999995	0.0	0.207749	0.43669600000000003	0.875293	0.0	0.965932	-0.23275500000000002	-0.11313800000000002	0.0	-2.86185	1.9023400000000001	1.08876	0.352182	-0.148488	0.8473229999999999	-0.509897	0.0	0.237168	-0.470052	-0.8501780000000001	0.0	-0.960053	-0.24717199999999998	-0.131161	0.0	2.71462	1.93924	1.23958	0.357625	
3	0.0562254	0.87564	-0.479681	0.0	0.14085799999999998	0.468679	0.872066	0.0	0.988432	-0.116599	-0.09698889999999999	0.0	-2.83888	1.9563599999999999	0.9095030000000001	0.349919	-0.151148	0.831133	-0.535137	0.0	0.211581	-0.501609	-0.838822	0.0	-0.9656020000000001	-0.240011	-0.100035	0.0	2.67582	1.8925599999999998	1.21207	0.35985	
3	-0.302195	0.741155	-0.5994729999999999	0.0	0.0140429	0.632268	0.774622	0.0	0.9531430000000001	0.22566799999999998	-0.201476	0.0	-2.73074	2.44861	0.683237	0.330217	0.0805961	0.681549	-0.727321	0.0	0.181858	-0.7275020000000001	-0.661566	0.0	-0.980016	-0.078949	-0.182579	0.0	2.7299599999999997	2.13579	0.9917540000000001	0.349902	
3	-0.48311800000000005	0.559864	-0.673164	0.0	-0.132074	0.713444	0.6881520000000001	0.0	0.8655360000000001	0.42136599999999996	-0.27073400000000003	0.0	-2.7246599999999996	2.91295	0.601052	0.10395499999999999	0.362529	0.19261099999999998	-0.911852	0.0	-0.162712	-0.9503030000000001	-0.265423	0.0	-0.917659	0.24459299999999998	-0.313172	0.0	2.7989599999999997	2.59743	0.489983	0.328427	
3	-0.571904	0.48980799999999997	-0.658038	0.0	-0.165918	0.716525	0.677542	0.0	0.803366	0.49667	-0.328515	0.0	-2.9003099999999997	3.26557	0.522224	0.06879	0.41331599999999996	-0.0254128	-0.910233	0.0	-0.330636	-0.935575	-0.12401400000000001	0.0	-0.84844	0.352213	-0.39509099999999997	0.0	3.0218599999999998	2.92869	0.0889884	0.334196	
3	-0.551045	0.525026	-0.648612	0.0	-0.141266	0.707358	0.692595	0.0	0.8224319999999999	0.473278	-0.315618	0.0	-2.9548	3.42257	0.5085529999999999	0.19561800000000001	0.41330100000000003	-0.0401266	-0.90971	0.0	-0.33031	-0.937592	-0.10871099999999999	0.0	-0.8485739999999999	0.345416	-0.400762	0.0	3.13987	3.0338700000000003	-0.0309301	0.338802	
3	-0.297167	0.774175	-0.558878	0.0	0.0837063	0.6041890000000001	0.7924329999999999	0.0	0.951149	0.188703	-0.244348	0.0	-2.89805	3.22705	0.715383	0.25504499999999997	0.42112299999999997	0.240438	-0.874554	0.0	-0.146862	-0.933423	-0.327342	0.0	-0.895034	0.26629	-0.357775	0.0	3.10977	3.1106700000000003	0.09375510000000001	0.340978	
3	-0.0134863	0.8869520000000001	-0.46166499999999994	0.0	0.207202	0.454164	0.8664879999999999	0.0	0.9782049999999999	-0.0839725	-0.189903	0.0	-2.68969	2.81813	0.893358	0.28265300000000004	0.16786199999999998	0.652116	-0.739302	0.0	0.18293800000000002	-0.757524	-0.6266510000000001	0.0	-0.9686879999999999	-0.030056	-0.246456	0.0	2.8992299999999998	2.91252	0.566297	0.342546	
3	0.167353	0.902151	-0.39763899999999996	0.0	0.260613	0.3485	0.900349	0.0	0.9508280000000001	-0.254306	-0.17679	0.0	-2.59516	2.48054	0.9168620000000001	0.315087	-0.00023800099999999997	0.767764	-0.640733	0.0	0.297558	-0.6116560000000001	-0.733033	0.0	-0.9547040000000001	-0.190829	-0.228309	0.0	2.7358700000000002	2.6917	0.860332	0.35599899999999995	
3	0.32011799999999996	0.880008	-0.350871	0.0	0.27158499999999997	0.269573	0.92389	0.0	0.907615	-0.391046	-0.152702	0.0	-2.55565	2.1262	0.910274	0.340754	-0.07806039999999999	0.806666	-0.5858300000000001	0.0	0.37862399999999996	-0.519608	-0.765932	0.0	-0.9222530000000001	-0.281598	-0.264862	0.0	2.61455	2.47036	0.913948	0.355448	
3	0.48818900000000004	0.81918	-0.301025	0.0	0.24232199999999998	0.204127	0.9484790000000001	0.0	0.8384219999999999	-0.535982	-0.09885239999999999	0.0	-2.5518	1.7479200000000001	0.9352030000000001	0.347083	-0.142005	0.83283	-0.535004	0.0	0.44341800000000003	-0.429699	-0.7866	0.0	-0.8849940000000001	-0.348932	-0.308273	0.0	2.53307	2.2227	0.854497	0.355036	
3	0.631807	0.725629	-0.272548	0.0	0.22494499999999998	0.16484100000000002	0.960327	0.0	0.741768	-0.668049	-0.059078599999999995	0.0	-2.5851599999999997	1.4040000000000001	0.953915	0.345357	-0.1998	0.845577	-0.495055	0.0	0.49705600000000005	-0.34794	-0.794905	0.0	-0.8444020000000001	-0.40489200000000003	-0.35078000000000004	0.0	2.4894700000000003	1.9872400000000001	0.76984	0.353597	
3	0.682271	0.68289	-0.26109099999999996	0.0	0.209848	0.159175	0.9646899999999999	0.0	0.700336	-0.712969	-0.034702699999999996	0.0	-2.6408099999999997	1.20882	0.937232	0.345043	-0.212094	0.850074	-0.48206800000000005	0.0	0.510075	-0.324469	-0.796582	0.0	-0.83357	-0.41484099999999996	-0.364784	0.0	2.48449	1.8832400000000002	0.693022	0.353283	
3	0.725935	0.6435770000000001	-0.24254299999999998	0.0	0.180234	0.16231500000000001	0.970139	0.0	0.663728	-0.747972	0.0018355000000000001	0.0	-2.64512	1.0751	0.930897	0.344469	-0.223958	0.8517440000000001	-0.473682	0.0	0.518694	-0.307309	-0.797821	0.0	-0.8251059999999999	-0.424374	-0.372971	0.0	2.48747	1.87305	0.6838350000000001	0.35275100000000004	
3	0.750745	0.619322	-0.22983	0.0	0.164018	0.16226400000000002	0.9730200000000001	0.0	0.6399060000000001	-0.768187	0.020239	0.0	-2.66982	0.98201	0.895777	0.34457899999999997	-0.234513	0.854743	-0.463053	0.0	0.5286350000000001	-0.287619	-0.798637	0.0	-0.815812	-0.43207700000000004	-0.384397	0.0	2.48319	1.8799599999999999	0.679682	0.351492	
3	0.776634	0.595086	-0.206668	0.0	0.13358499999999998	0.165034	0.9772	0.0	0.615625	-0.786535	0.048676	0.0	-2.64564	0.932765	0.866606	0.34389200000000003	-0.24705500000000002	0.856981	-0.452269	0.0	0.540293	-0.26562399999999997	-0.798454	0.0	-0.804393	-0.441619	-0.397397	0.0	2.4748200000000002	1.8691	0.674288	0.348191	
3	0.799775	0.569642	-0.189387	0.0	0.11133599999999999	0.169258	0.9792629999999999	0.0	0.589885	-0.804276	0.0719465	0.0	-2.62459	0.8935489999999999	0.8884989999999999	0.343095	-0.26097600000000004	0.8545590000000001	-0.449021	0.0	0.552296	-0.249319	-0.7954939999999999	0.0	-0.791746	-0.45559799999999995	-0.406903	0.0	2.4902	1.88415	0.685008	0.343198	
3	0.8130930000000001	0.553329	-0.180851	0.0	0.0955158	0.179649	0.979083	0.0	0.574244	-0.813359	0.0932201	0.0	-2.61443	0.8332799999999999	0.8665889999999999	0.34310799999999997	-0.267344	0.8510549999999999	-0.45192200000000005	0.0	0.5573229999999999	-0.246025	-0.793009	0.0	-0.7860779999999999	-0.463872	-0.408539	0.0	2.51233	1.91973	0.711184	0.340735	
3	0.8224629999999999	0.538536	-0.183121	0.0	0.0941409	0.18862	0.977527	0.0	0.560974	-0.8212200000000001	0.10443499999999999	0.0	-2.56236	0.773119	0.858549	0.34553	-0.26274699999999995	0.850641	-0.455383	0.0	0.560611	-0.249536	-0.789587	0.0	-0.7852899999999999	-0.462754	-0.411314	0.0	2.53179	1.95973	0.7257	0.337266	
3	0.815226	0.550615	-0.179524	0.0	0.09453550000000001	0.179307	0.979241	0.0	0.571375	-0.8152739999999999	0.0941229	0.0	-2.49458	0.7712640000000001	0.760187	0.343436	-0.253276	0.852088	-0.45803599999999994	0.0	0.551817	-0.26163800000000004	-0.7918609999999999	0.0	-0.794575	-0.45331099999999996	-0.40393	0.0	2.53416	1.9847700000000001	0.737973	0.336933	
3	0.80871	0.566718	-0.15754100000000001	0.0	0.08450980000000001	0.153109	0.9845889999999999	0.0	0.582106	-0.8095600000000001	0.07592739999999999	0.0	-2.38568	0.777457	0.6225649999999999	0.343538	-0.24048899999999998	0.857814	-0.454226	0.0	0.539981	-0.27063000000000004	-0.796982	0.0	-0.806589	-0.436938	-0.39812	0.0	2.50545	1.9890700000000001	0.74403	0.337633	
3	0.818936	0.556786	-0.139046	0.0	0.082243	0.125923	0.988625	0.0	0.567962	-0.8210559999999999	0.0573312	0.0	-2.24362	0.6330520000000001	0.435989	0.34217600000000004	-0.227109	0.865303	-0.44684700000000005	0.0	0.528257	-0.276012	-0.802971	0.0	-0.818148	-0.418412	-0.394417	0.0	2.44482	1.9147599999999998	0.811124	0.337404	
3	0.825594	0.542864	-0.153925	0.0	0.097387	0.131609	0.986507	0.0	0.555797	-0.8294450000000001	0.0557876	0.0	-2.1609	0.33226300000000003	0.29765199999999997	0.341351	-0.230373	0.857982	-0.45912600000000003	0.0	0.531258	-0.284408	-0.798046	0.0	-0.815287	-0.427762	-0.39029	0.0	2.37518	1.73289	0.857342	0.334965	
3	0.812167	0.554476	-0.1815	0.0	0.109786	0.16028900000000001	0.9809459999999999	0.0	0.5730029999999999	-0.816617	0.0693081	0.0	-2.09006	0.179429	0.252316	0.34365100000000004	-0.269999	0.8477180000000001	-0.45659099999999997	0.0	0.5345810000000001	-0.262425	-0.803341	0.0	-0.8008270000000001	-0.46098599999999995	-0.382319	0.0	2.3174200000000003	1.5487600000000001	0.9351219999999999	0.337202	
3	0.740106	0.607112	-0.28923699999999997	0.0	0.175318	0.241038	0.954549	0.0	0.6492359999999999	-0.7571760000000001	0.0719562	0.0	-2.17455	0.310748	0.31343200000000004	0.343283	-0.272941	0.8440799999999999	-0.461554	0.0	0.543535	-0.26055700000000004	-0.797922	0.0	-0.793771	-0.468656	-0.38766999999999996	0.0	2.29333	1.60433	0.822785	0.337165	
3	0.663462	0.6611199999999999	-0.350342	0.0	0.165966	0.326538	0.930499	0.0	0.729571	-0.675495	0.106921	0.0	-2.06238	0.44875	0.36680799999999997	0.342858	-0.264086	0.8442040000000001	-0.46645299999999995	0.0	0.5276649999999999	-0.27837	-0.802546	0.0	-0.807359	-0.458071	-0.37194299999999997	0.0	2.26547	1.6238	0.85262	0.33910999999999997	
3	0.662238	0.6672239999999999	-0.340958	0.0	0.155975	0.322316	0.933694	0.0	0.732879	-0.671509	0.10937999999999999	0.0	-1.95065	0.504961	0.424887	0.343629	-0.269444	0.846458	-0.45924799999999993	0.0	0.51947	-0.273803	-0.809434	0.0	-0.810895	-0.456663	-0.365935	0.0	2.2483	1.6400599999999999	0.949641	0.342697	
3	0.66942	0.666276	-0.32856199999999997	0.0	0.15626900000000002	0.306089	0.93909	0.0	0.726263	-0.6799890000000001	0.100784	0.0	-1.9515099999999999	0.453949	0.407999	0.345199	-0.273117	0.8465959999999999	-0.456819	0.0	0.5245270000000001	-0.267014	-0.8084399999999999	0.0	-0.806399	-0.460412	-0.371136	0.0	2.23065	1.61696	0.9566370000000001	0.342712	
3	0.667285	0.667601	-0.33021100000000003	0.0	0.157664	0.306693	0.938659	0.0	0.727923	-0.678416	0.09939479999999999	0.0	-1.95725	0.411921	0.397924	0.345149	-0.27608	0.8478370000000001	-0.452717	0.0	0.5345489999999999	-0.25600900000000004	-0.80543	0.0	-0.798773	-0.464363	-0.382531	0.0	2.23392	1.59154	0.9377719999999999	0.342496	
3	0.667702	0.667068	-0.330446	0.0	0.157487	0.307269	0.938501	0.0	0.727579	-0.6786800000000001	0.100109	0.0	-1.9566599999999998	0.402925	0.40334899999999996	0.345007	-0.27729000000000004	0.848894	-0.44998699999999997	0.0	0.542027	-0.248491	-0.802782	0.0	-0.793295	-0.466509	-0.391219	0.0	2.25157	1.561	0.9023129999999999	0.342102	
3	0.668916	0.665262	-0.331629	0.0	0.160425	0.306421	0.9382799999999999	0.0	0.725821	-0.680832	0.0982454	0.0	-1.95355	0.402208	0.406566	0.344982	-0.27628	0.8487459999999999	-0.450887	0.0	0.5441590000000001	-0.248559	-0.8013170000000001	0.0	-0.792187	-0.466742	-0.393181	0.0	2.2627599999999997	1.53582	0.868812	0.34165100000000004	
3	0.6685270000000001	0.663959	-0.33500599999999997	0.0	0.161461	0.310139	0.9368799999999999	0.0	0.725949	-0.68042	0.100133	0.0	-1.96173	0.399868	0.416728	0.344866	-0.278185	0.846627	-0.453691	0.0	0.54361	-0.250643	-0.801041	0.0	-0.7918970000000001	-0.46946899999999997	-0.39050999999999997	0.0	2.26971	1.52197	0.878084	0.341783	
3	0.667996	0.6636880000000001	-0.336602	0.0	0.161416	0.312328	0.93616	0.0	0.726448	-0.6796840000000001	0.101504	0.0	-1.9547	0.404925	0.416524	0.34468000000000004	-0.27966599999999997	0.846117	-0.453733	0.0	0.542913	-0.250406	-0.801588	0.0	-0.791854	-0.47051400000000004	-0.389338	0.0	2.26708	1.50999	0.876201	0.342163	
3	0.6679970000000001	0.66369	-0.336595	0.0	0.161418	0.312316	0.936164	0.0	0.7264470000000001	-0.679687	0.101494	0.0	-1.95487	0.40479699999999996	0.416584	0.34468000000000004	-0.27965	0.846124	-0.45373	0.0	0.542914	-0.25040999999999997	-0.801586	0.0	-0.791859	-0.4705	-0.389345	0.0	2.26713	1.5102799999999998	0.87625	0.34215999999999996	
3	0.6679970000000001	0.66369	-0.336595	0.0	0.161418	0.312316	0.936164	0.0	0.7264470000000001	-0.679687	0.101494	0.0	-1.95487	0.40479499999999996	0.416583	0.34468000000000004	-0.27965	0.846124	-0.45373	0.0	0.542914	-0.25040999999999997	-0.801586	0.0	-0.791859	-0.4705	-0.389345	0.0	2.26713	1.5102799999999998	0.87625	0.34215999999999996	
3	0.6679970000000001	0.66369	-0.336595	0.0	0.161418	0.312316	0.936164	0.0	0.7264470000000001	-0.679687	0.101494	0.0	-1.95487	0.40479499999999996	0.416583	0.34468000000000004	-0.27965	0.846124	-0.45373	0.0	0.542914	-0.25040999999999997	-0.801586	0.0	-0.791859	-0.4705	-0.389345	0.0	2.26713	1.5102799999999998	0.87625	0.34215999999999996	
3	0.6679970000000001	0.66369	-0.336594	0.0	0.161418	0.312316	0.936164	0.0	0.7264470000000001	-0.679687	0.101494	0.0	-1.95487	0.40479499999999996	0.416583	0.34468000000000004	-0.27965	0.846124	-0.45373	0.0	0.542914	-0.25040999999999997	-0.801586	0.0	-0.791859	-0.4705	-0.389345	0.0	2.26713	1.5102799999999998	0.87625	0.342159	
3	0.6679970000000001	0.66369	-0.336595	0.0	0.161418	0.312316	0.936164	0.0	0.7264470000000001	-0.679687	0.101494	0.0	-1.95487	0.40479499999999996	0.416584	0.34468000000000004	-0.27965	0.846124	-0.45373	0.0	0.542914	-0.25040999999999997	-0.801586	0.0	-0.791859	-0.4705	-0.389345	0.0	2.26713	1.5102799999999998	0.87625	0.34215999999999996	
3	0.6679970000000001	0.66369	-0.336595	0.0	0.161418	0.312316	0.936164	0.0	0.7264470000000001	-0.679687	0.101494	0.0	-1.95487	0.40479499999999996	0.416583	0.34468000000000004	-0.27965	0.846124	-0.45373	0.0	0.542914	-0.25040999999999997	-0.801586	0.0	-0.791859	-0.4705	-0.389345	0.0	2.26713	1.5102799999999998	0.87625	0.34215999999999996	
3	0.6679970000000001	0.66369	-0.336595	0.0	0.161418	0.312316	0.936164	0.0	0.7264470000000001	-0.679687	0.101494	0.0	-1.95487	0.404796	0.416584	0.34468000000000004	-0.27965	0.846124	-0.45373	0.0	0.542914	-0.25040999999999997	-0.801586	0.0	-0.791859	-0.4705	-0.389345	0.0	2.26713	1.5102799999999998	0.87625	0.34215999999999996	
3	0.667996	0.66369	-0.336595	0.0	0.161418	0.312316	0.936164	0.0	0.7264470000000001	-0.679687	0.101494	0.0	-1.95487	0.40479499999999996	0.416583	0.34468000000000004	-0.27965	0.846124	-0.45373	0.0	0.542914	-0.25040999999999997	-0.801586	0.0	-0.791859	-0.4705	-0.389345	0.0	2.26713	1.5102799999999998	0.87625	0.34215999999999996	
3	0.6679970000000001	0.66369	-0.336595	0.0	0.161418	0.312316	0.936164	0.0	0.7264470000000001	-0.679687	0.101494	0.0	-1.95487	0.40479499999999996	0.416584	0.34468000000000004	-0.27965	0.846124	-0.45373	0.0	0.542914	-0.25040999999999997	-0.801586	0.0	-0.791859	-0.470499	-0.389345	0.0	2.26713	1.5102799999999998	0.87625	0.342159	
3	0.667996	0.66369	-0.336594	0.0	0.161418	0.312316	0.936164	0.0	0.7264470000000001	-0.679687	0.101494	0.0	-1.95487	0.40479499999999996	0.416583	0.34468000000000004	-0.27965	0.846124	-0.45373	0.0	0.542914	-0.25040999999999997	-0.801586	0.0	-0.791859	-0.4705	-0.389345	0.0	2.26713	1.5102799999999998	0.87625	0.34215999999999996	
3	0.6679970000000001	0.66369	-0.336595	0.0	0.161418	0.312316	0.936164	0.0	0.7264470000000001	-0.679687	0.101494	0.0	-1.95487	0.40479499999999996	0.416583	0.34468000000000004	-0.27965	0.846124	-0.45373	0.0	0.542914	-0.25040999999999997	-0.801586	0.0	-0.791859	-0.4705	-0.389345	0.0	2.26713	1.5102799999999998	0.87625	0.34215999999999996	
3	0.6679970000000001	0.66369	-0.336595	0.0	0.161418	0.312316	0.936164	0.0	0.7264470000000001	-0.679687	0.101494	0.0	-1.95487	0.40479499999999996	0.416583	0.34468000000000004	-0.27965	0.846124	-0.45373	0.0	0.542914	-0.25040999999999997	-0.801586	0.0	-0.791859	-0.4705	-0.389345	0.0	2.26713	1.5102799999999998	0.87625	0.34215999999999996	
3	0.6679970000000001	0.66369	-0.336595	0.0	0.161418	0.312316	0.936164	0.0	0.7264470000000001	-0.679687	0.101494	0.0	-1.95487	0.40479499999999996	0.416583	0.34468000000000004	-0.27965	0.846124	-0.45373	0.0	0.542914	-0.25040999999999997	-0.801586	0.0	-0.791859	-0.4705	-0.389345	0.0	2.26713	1.5102799999999998	0.87625	0.342159	
3	0.667996	0.66369	-0.336595	0.0	0.161418	0.312316	0.936164	0.0	0.7264470000000001	-0.679687	0.101494	0.0	-1.95487	0.40479499999999996	0.416584	0.34468000000000004	-0.27965	0.846124	-0.45373	0.0	0.542914	-0.25040999999999997	-0.801586	0.0	-0.791859	-0.4705	-0.389345	0.0	2.26713	1.5102799999999998	0.87625	0.34215999999999996	
3	0.6679970000000001	0.66369	-0.336595	0.0	0.161418	0.312316	0.936164	0.0	0.7264470000000001	-0.679687	0.101494	0.0	-1.95487	0.404796	0.416584	0.34468000000000004	-0.27965	0.846124	-0.45373	0.0	0.542914	-0.25040999999999997	-0.801586	0.0	-0.791859	-0.4705	-0.389345	0.0	2.26713	1.5102799999999998	0.87625	0.342159	
3	0.6679970000000001	0.66369	-0.336595	0.0	0.161418	0.312316	0.936164	0.0	0.7264470000000001	-0.679687	0.101494	0.0	-1.95487	0.404796	0.416584	0.34468000000000004	-0.27965	0.846124	-0.45373	0.0	0.542914	-0.25040999999999997	-0.801586	0.0	-0.791859	-0.4705	-0.389345	0.0	2.26713	1.5102799999999998	0.87625	0.34215999999999996	
3	0.667996	0.66369	-0.336595	0.0	0.161418	0.312316	0.936164	0.0	0.7264470000000001	-0.679687	0.101494	0.0	-1.95487	0.40479499999999996	0.416583	0.34468000000000004	-0.27965	0.846124	-0.45373	0.0	0.542914	-0.25040999999999997	-0.801586	0.0	-0.791859	-0.4705	-0.389345	0.0	2.26713	1.5102799999999998	0.87625	0.34215999999999996	
3	0.667996	0.66369	-0.336595	0.0	0.161418	0.312316	0.936164	0.0	0.7264470000000001	-0.679687	0.101494	0.0	-1.95487	0.40479499999999996	0.416583	0.34468000000000004	-0.27965	0.846124	-0.45373	0.0	0.542914	-0.25040999999999997	-0.801586	0.0	-0.791859	-0.4705	-0.389345	0.0	2.26713	1.5102799999999998	0.87625	0.34215999999999996	
3	0.667996	0.66369	-0.336595	0.0	0.161418	0.312316	0.936164	0.0	0.7264470000000001	-0.679687	0.101494	0.0	-1.95487	0.40479499999999996	0.416583	0.34468000000000004	-0.27965	0.846124	-0.45373	0.0	0.542914	-0.25040999999999997	-0.801586	0.0	-0.791859	-0.4705	-0.389345	0.0	2.26713	1.5102799999999998	0.87625	0.34215999999999996	
3	0.0273106	0.9430620000000001	-0.331495	0.0	0.128973	0.325523	0.9366969999999999	0.0	0.9912719999999999	-0.0683358	-0.112739	0.0	-1.93947	0.430227	0.316252	0.316273	0.147051	0.8873770000000001	-0.436964	0.0	0.25503000000000003	-0.460845	-0.8500479999999999	0.0	-0.955686	0.0135613	-0.294076	0.0	2.2423900000000003	1.53073	0.8756379999999999	0.332375	
3	0.07622380000000001	0.960467	-0.267757	0.0	0.210031	0.24704600000000002	0.945968	0.0	0.974719	-0.128343	-0.182897	0.0	-1.9443700000000002	0.265392	0.365525	0.31487	0.171706	0.8846700000000001	-0.433446	0.0	0.23679	-0.46414399999999995	-0.8535229999999999	0.0	-0.956267	0.04391880000000001	-0.28917800000000005	0.0	2.2337700000000003	1.51657	0.9105270000000001	0.339729	
3	0.186749	0.9529209999999999	-0.238884	0.0	0.26442	0.185433	0.946413	0.0	0.946154	-0.23990799999999998	-0.217342	0.0	-1.9517900000000001	0.0927722	0.31554099999999996	0.315154	0.17094	0.888083	-0.42671800000000004	0.0	0.24517600000000003	-0.45781000000000005	-0.854575	0.0	-0.9542889999999999	0.0414601	-0.295995	0.0	2.24415	1.49485	0.8941979999999999	0.343512	
3	0.352172	0.91517	-0.19605899999999998	0.0	0.312707	0.08238730000000001	0.9462700000000001	0.0	0.88215	-0.394559	-0.25716500000000003	0.0	-1.9818099999999998	-0.18939	0.19959000000000002	0.318484	0.170735	0.892092	-0.418357	0.0	0.262045	-0.45041099999999995	-0.8535	0.0	-0.949833	0.0360943	-0.31066900000000003	0.0	2.2353	1.47183	0.8668100000000001	0.343456	
3	0.5762149999999999	0.799236	-0.170874	0.0	0.301494	-0.013536099999999999	0.9533719999999999	0.0	0.759656	-0.600865	-0.24876399999999999	0.0	-2.07239	-0.6100869999999999	0.0966229	0.328175	0.169122	0.8943180000000001	-0.414238	0.0	0.27901	-0.446543	-0.8501489999999999	0.0	-0.9452790000000001	0.028201900000000002	-0.32504299999999997	0.0	2.22605	1.44371	0.8256709999999999	0.343118	
3	0.712421	0.681602	-0.166957	0.0	0.260942	-0.0364471	0.964666	0.0	0.6514340000000001	-0.730815	-0.203824	0.0	-2.19148	-1.04321	-0.0219435	0.339857	0.164454	0.8951379999999999	-0.414346	0.0	0.29214	-0.44542	-0.846319	0.0	-0.9421299999999999	0.0181334	-0.334757	0.0	2.20858	1.40622	0.797111	0.34334499999999996	
3	0.7144149999999999	0.681405	-0.159053	0.0	0.243957	-0.029513400000000002	0.9693370000000001	0.0	0.655817	-0.7313109999999999	-0.187319	0.0	-2.27147	-1.21589	-0.141523	0.34242399999999995	0.156065	0.8954040000000001	-0.417008	0.0	0.296976	-0.445184	-0.844759	0.0	-0.942045	0.00799629	-0.335391	0.0	2.17217	1.35499	0.793229	0.343982	
3	0.72943	0.663714	-0.165575	0.0	0.22539	-0.00466114	0.9742569999999999	0.0	0.645856	-0.747972	-0.152995	0.0	-2.20024	-1.30254	-0.174742	0.34378200000000003	0.149865	0.8967700000000001	-0.416347	0.0	0.30201500000000003	-0.44249700000000003	-0.844384	0.0	-0.94145	0.000801265	-0.33715300000000004	0.0	2.16147	1.3323399999999999	0.803689	0.344213	
3	0.804692	0.570109	-0.16567300000000001	0.0	0.222018	-0.0301608	0.974576	0.0	0.550618	-0.8210149999999999	-0.150844	0.0	-2.23469	-1.50945	-0.28875	0.344916	0.141351	0.900084	-0.41215	0.0	0.315585	-0.435579	-0.843017	0.0	-0.9383100000000001	-0.0109066	-0.345623	0.0	2.16493	1.30054	0.7980010000000001	0.34413	
3	0.851305	0.494942	-0.17410499999999998	0.0	0.221757	-0.038683999999999996	0.974334	0.0	0.475504	-0.868064	-0.142689	0.0	-2.40895	-1.6626599999999998	-0.39200100000000004	0.34464	0.13630499999999998	0.9018229999999999	-0.410045	0.0	0.325752	-0.431692	-0.841147	0.0	-0.935578	-0.018920199999999998	-0.352612	0.0	2.16547	1.2828600000000001	0.761778	0.343557	
3	0.863001	0.47570200000000007	-0.17011099999999998	0.0	0.212225	-0.0357904	0.976565	0.0	0.458466	-0.878878	-0.13184300000000002	0.0	-2.5224	-1.75168	-0.506742	0.344346	0.136702	0.901587	-0.41043	0.0	0.329381	-0.43211400000000005	-0.839515	0.0	-0.934249	-0.0204243	-0.356036	0.0	2.1753400000000003	1.27453	0.739741	0.341837	
3	0.8759540000000001	0.452111	-0.168227	0.0	0.209929	-0.0432885	0.976758	0.0	0.434321	-0.890911	-0.13283	0.0	-2.55867	-1.81496	-0.5963470000000001	0.344942	0.137709	0.9000090000000001	-0.413545	0.0	0.327629	-0.43541	-0.8384969999999999	0.0	-0.934717	-0.0200207	-0.354829	0.0	2.18085	1.27224	0.73592	0.341738	
3	0.898833	0.409945	-0.155064	0.0	0.19893	-0.06632260000000001	0.977767	0.0	0.390546	-0.909696	-0.141163	0.0	-2.61064	-1.91261	-0.716855	0.344673	0.131985	0.898747	-0.41813199999999995	0.0	0.326496	-0.4377	-0.8377469999999999	0.0	-0.9359379999999999	-0.025948400000000003	-0.351207	0.0	2.2048099999999997	1.27745	0.7701520000000001	0.341465	
3	0.917796	0.368621	-0.147547	0.0	0.19583599999999998	-0.0970008	0.975828	0.0	0.345398	-0.9245049999999999	-0.161216	0.0	-2.67217	-1.9911	-0.801372	0.34449	0.127091	0.897534	-0.422234	0.0	0.328256	-0.439758	-0.8359790000000001	0.0	-0.9359999999999999	-0.0323553	-0.35051	0.0	2.2242900000000003	1.28821	0.794543	0.34136	
3	0.929165	0.33720100000000003	-0.15148599999999998	0.0	0.197982	-0.10786400000000002	0.974253	0.0	0.312179	-0.935233	-0.166983	0.0	-2.77482	-2.07998	-0.9112549999999999	0.34408299999999997	0.12408599999999999	0.8982209999999999	-0.42166499999999996	0.0	0.334092	-0.437957	-0.8346110000000001	0.0	-0.9343370000000001	-0.037311000000000004	-0.354433	0.0	2.23089	1.27741	0.799099	0.339892	
3	0.9343969999999999	0.321304	-0.15384	0.0	0.196149	-0.103557	0.9750909999999999	0.0	0.29736999999999997	-0.9412969999999999	-0.15978599999999998	0.0	-2.84313	-2.1649599999999998	-0.9953649999999999	0.344048	0.124251	0.8976709999999999	-0.42278699999999997	0.0	0.335304	-0.43900900000000004	-0.833572	0.0	-0.933881	-0.0381903	-0.355539	0.0	2.2324900000000003	1.26575	0.81182	0.339102	
3	0.937909	0.309787	-0.15607200000000002	0.0	0.191609	-0.0876188	0.9775520000000001	0.0	0.28915799999999997	-0.94676	-0.141537	0.0	-2.87761	-2.25619	-1.05523	0.343862	0.122857	0.897927	-0.42265	0.0	0.335042	-0.4384	-0.8339979999999999	0.0	-0.934159	-0.039142800000000005	-0.354704	0.0	2.2458	1.2724799999999998	0.825471	0.33896	
3	0.9436540000000001	0.29599699999999995	-0.147997	0.0	0.172466	-0.0581885	0.983295	0.0	0.282441	-0.953415	-0.105959	0.0	-2.8740900000000003	-2.34987	-1.01906	0.344258	0.12288299999999999	0.901336	-0.41532399999999997	0.0	0.344533	-0.431212	-0.8338780000000001	0.0	-0.9306969999999999	-0.0406235	-0.363528	0.0	2.25034	1.2556100000000001	0.8133060000000001	0.338779	
3	0.9474379999999999	0.288211	-0.13891099999999998	0.0	0.154799	-0.0329684	0.9873959999999999	0.0	0.279999	-0.9569989999999999	-0.07585019999999999	0.0	-2.85042	-2.42698	-1.0483200000000001	0.343987	0.121741	0.9013709999999999	-0.415583	0.0	0.347408	-0.43090900000000004	-0.832842	0.0	-0.9297780000000001	-0.0429856	-0.365603	0.0	2.25647	1.2410299999999999	0.79842	0.33825700000000003	
3	0.950002	0.284574	-0.128511	0.0	0.14124	-0.0245803	0.98967	0.0	0.278475	-0.9583389999999999	-0.0635444	0.0	-2.81832	-2.45819	-1.05692	0.34421399999999996	0.115578	0.897518	-0.425563	0.0	0.34221399999999996	-0.43818500000000005	-0.8311940000000001	0.0	-0.9324870000000001	-0.0495657	-0.357788	0.0	2.27243	1.24881	0.798578	0.33626500000000004	
3	0.956189	0.27032399999999995	-0.112377	0.0	0.119675	-0.0106137	0.992756	0.0	0.267173	-0.9627110000000001	-0.042499699999999994	0.0	-2.8155900000000003	-2.5118400000000003	-1.0701200000000002	0.344229	0.13696	0.881907	-0.45109099999999996	0.0	0.32058200000000003	-0.470337	-0.822199	0.0	-0.937267	-0.032003500000000004	-0.34714	0.0	2.3207400000000002	1.2963	0.799044	0.320421	
3	0.96047	0.26029800000000003	-0.09869860000000001	0.0	0.0994198	0.010428	0.994991	0.0	0.260024	-0.9654719999999999	-0.015863	0.0	-2.82796	-2.58643	-1.03152	0.343787	0.143397	0.878125	-0.45643599999999995	0.0	0.317508	-0.47764300000000004	-0.819174	0.0	-0.937351	-0.027455	-0.347304	0.0	2.34595	1.32869	0.800642	0.317161	
3	0.962404	0.256458	-0.08948350000000001	0.0	0.082802	0.036756699999999996	0.9958879999999999	0.0	0.25869200000000003	-0.9658559999999999	0.014139600000000002	0.0	-2.79431	-2.66012	-1.09341	0.343552	0.14411300000000002	0.8775149999999999	-0.457383	0.0	0.319228	-0.47872299999999995	-0.817874	0.0	-0.9366559999999999	-0.0281437	-0.349117	0.0	2.35672	1.3453899999999999	0.801868	0.316771	
3	0.9661690000000001	0.24403000000000002	-0.0834694	0.0	0.0730188	0.0515783	0.9959959999999999	0.0	0.247358	-0.9683950000000001	0.0320145	0.0	-2.7309900000000003	-2.73639	-1.12325	0.34315	0.145767	0.8776129999999999	-0.45666999999999996	0.0	0.319525	-0.478626	-0.817815	0.0	-0.936299	-0.0267065	-0.35018699999999997	0.0	2.35893	1.34874	0.801596	0.317563	
3	0.972901	0.21126	-0.0939835	0.0	0.0770933	0.0868297	0.993236	0.0	0.21799200000000002	-0.9735659999999999	0.06818989999999998	0.0	-2.7290200000000002	-2.85637	-1.14323	0.342825	0.14702	0.878509	-0.45453999999999994	0.0	0.322034	-0.477009	-0.817775	0.0	-0.935243	-0.0261483	-0.35304	0.0	2.3578200000000002	1.34785	0.801163	0.318521	
3	0.9805520000000001	0.170276	-0.0975919	0.0	0.0787057	0.114355	0.990317	0.0	0.179787	-0.9787389999999999	0.0987295	0.0	-2.77799	-2.98997	-1.18708	0.341875	0.147587	0.878375	-0.454615	0.0	0.324768	-0.47720100000000004	-0.816581	0.0	-0.934208	-0.027127999999999996	-0.355697	0.0	2.3512299999999997	1.34069	0.797482	0.31959299999999996	
3	0.980533	0.174121	-0.0907622	0.0	0.07307589999999999	0.10543800000000002	0.9917370000000001	0.0	0.182252	-0.9790629999999999	0.09066139999999999	0.0	-2.8170900000000003	-3.04651	-1.2825600000000001	0.341817	0.149041	0.879611	-0.451743	0.0	0.328245	-0.47495	-0.816503	0.0	-0.9327610000000001	-0.026589599999999994	-0.35951500000000003	0.0	2.34848	1.34336	0.79246	0.320554	
3	0.981302	0.172155	-0.0860728	0.0	0.0693942	0.10066699999999999	0.992497	0.0	0.179528	-0.9799129999999999	0.0868378	0.0	-2.80501	-3.0752599999999997	-1.38455	0.341855	0.149	0.8804280000000001	-0.450162	0.0	0.330563	-0.47340200000000004	-0.816467	0.0	-0.931948	-0.027153300000000002	-0.36157399999999995	0.0	2.34245	1.33774	0.787858	0.32161100000000004	
3	0.9828950000000001	0.16339700000000001	-0.0849681	0.0	0.069628	0.09742970000000001	0.9928040000000001	0.0	0.170499	-0.9817379999999999	0.0843861	0.0	-2.79691	-3.09004	-1.4626700000000001	0.341758	0.148992	0.881042	-0.44896	0.0	0.331353	-0.472262	-0.816807	0.0	-0.9316690000000001	-0.027066800000000002	-0.362299	0.0	2.34138	1.3347	0.7875	0.323214	
3	0.985517	0.148358	-0.0821327	0.0	0.0694521	0.0887271	0.993632	0.0	0.154701	-0.9849450000000001	0.0771383	0.0	-2.82881	-3.11715	-1.5855700000000001	0.34127399999999997	0.149428	0.882001	-0.446929	0.0	0.333789	-0.470466	-0.816852	0.0	-0.9307290000000001	-0.0271188	-0.364703	0.0	2.33957	1.33194	0.785871	0.323613	
3	0.985202	0.152325	-0.07857810000000001	0.0	0.0666461	0.08192200000000001	0.994408	0.0	0.15791	-0.984929	0.07055789999999999	0.0	-2.81926	-3.1322099999999997	-1.63957	0.341331	0.14959	0.8822909999999999	-0.44630299999999995	0.0	0.333739	-0.469947	-0.817171	0.0	-0.9307209999999999	-0.0267077	-0.364754	0.0	2.33996	1.33229	0.783891	0.32514099999999996	
3	0.985208	0.15323299999999998	-0.07671030000000001	0.0	0.0649498	0.08034	0.994649	0.0	0.158576	-0.9849190000000001	0.06919910000000001	0.0	-2.7833900000000003	-3.13835	-1.67973	0.340831	0.149799	0.8826870000000001	-0.445449	0.0	0.33405	-0.46922299999999995	-0.8174600000000001	0.0	-0.9305760000000001	-0.026347000000000002	-0.365151	0.0	2.3386099999999996	1.32761	0.78033	0.327081	
3	0.98501	0.154257	-0.0771969	0.0	0.0651298	0.0818123	0.994518	0.0	0.159727	-0.9846379999999999	0.0705393	0.0	-2.7771	-3.15028	-1.6716400000000002	0.339616	0.14816300000000002	0.8836459999999999	-0.44409099999999996	0.0	0.336625	-0.46729499999999996	-0.817508	0.0	-0.929909	-0.028367700000000003	-0.366694	0.0	2.3437200000000002	1.32159	0.778579	0.327416	
3	0.981914	0.168606	-0.0861166	0.0	0.0717692	0.08942389999999999	0.993405	0.0	0.17519500000000002	-0.981619	0.07570589999999999	0.0	-2.78491	-3.25765	-1.6763299999999999	0.344738	0.145047	0.8844219999999999	-0.443576	0.0	0.342094	-0.465496	-0.816263	0.0	-0.9284040000000001	-0.0333484	-0.37007399999999996	0.0	2.35166	1.30444	0.759303	0.326962	
3	0.979675	0.178678	-0.09116510000000001	0.0	0.0723251	0.109269	0.9913780000000001	0.0	0.187099	-0.9778209999999999	0.09412480000000001	0.0	-2.7715400000000003	-3.3111699999999997	-1.6448599999999998	0.32158000000000003	0.145297	0.885459	-0.44141899999999995	0.0	0.34502	-0.46349300000000004	-0.816172	0.0	-0.9272809999999999	-0.0337108	-0.372845	0.0	2.3542099999999997	1.29673	0.746779	0.32669000000000004	
3	0.976943	0.179405	-0.11573900000000001	0.0	0.08997530000000001	0.145645	0.985237	0.0	0.193613	-0.972934	0.126145	0.0	-2.76461	-3.35583	-1.56969	0.32000500000000004	0.147947	0.8855860000000001	-0.44028199999999995	0.0	0.344179	-0.46345699999999995	-0.816547	0.0	-0.927175	-0.0307304	-0.373367	0.0	2.3557099999999997	1.29272	0.738722	0.326793	
3	0.972339	0.181371	-0.147181	0.0	0.110982	0.195707	0.9743620000000001	0.0	0.205525	-0.9637450000000001	0.170165	0.0	-2.78799	-3.3869599999999997	-1.47852	0.30023	0.14728	0.8858959999999999	-0.43988299999999997	0.0	0.344823	-0.46282	-0.8166359999999999	0.0	-0.927041	-0.0314078	-0.373641	0.0	2.35708	1.2926	0.739654	0.32700500000000005	
3	0.971291	0.183504	-0.151391	0.0	0.113079	0.203759	0.972469	0.0	0.20929899999999999	-0.96167	0.17715899999999998	0.0	-2.79493	-3.39006	-1.3531799999999998	0.30031599999999997	0.14539000000000002	0.886014	-0.44027299999999997	0.0	0.346593	-0.46241400000000005	-0.816117	0.0	-0.92668	-0.0339398	-0.374317	0.0	2.35668	1.29106	0.738919	0.327173	
3	0.9730049999999999	0.175028	-0.150422	0.0	0.113567	0.20427599999999999	0.972303	0.0	0.200908	-0.963139	0.178885	0.0	-2.806	-3.4111	-1.3411	0.25197800000000004	0.145428	0.88636	-0.439564	0.0	0.349198	-0.461678	-0.815423	0.0	-0.925695	-0.034909300000000004	-0.376656	0.0	2.35858	1.2927600000000001	0.7354689999999999	0.326924	
3	0.974354	0.168668	-0.148948	0.0	0.113408	0.203631	0.972457	0.0	0.194353	-0.964409	0.17928	0.0	-2.80787	-3.41212	-1.37772	0.10462	0.145087	0.8864209999999999	-0.43955299999999997	0.0	0.34925100000000003	-0.46153900000000003	-0.815479	0.0	-0.9257280000000001	-0.0351988	-0.37654699999999997	0.0	2.35958	1.2945200000000001	0.7309180000000001	0.32710500000000003	
3	0.966305	0.2372	-0.09995	0.0	0.0631799	0.157856	0.985439	0.0	0.24952399999999997	-0.95855	0.137551	0.0	-2.85341	-3.37495	-1.43277	0.0	0.144265	0.8864270000000001	-0.439812	0.0	0.351866	-0.461366	-0.814451	0.0	-0.924866	-0.0372588	-0.378463	0.0	2.35879	1.28931	0.731789	0.327285	
3	0.9658899999999999	0.24055700000000002	-0.09586139999999999	0.0	0.0632473	0.139825	0.9881540000000001	0.0	0.251112	-0.960511	0.119841	0.0	-2.85393	-3.3576599999999996	-1.47107	-0.00014301399999999998	0.144405	0.886843	-0.43892700000000007	0.0	0.35332399999999997	-0.46054799999999996	-0.814284	0.0	-0.9242889999999999	-0.0374967	-0.379848	0.0	2.35725	1.28675	0.730055	0.327173	
3	0.960758	0.263912	-0.0854109	0.0	0.06716319999999999	0.0774255	0.994733	0.0	0.269135	-0.961434	0.056662	0.0	-2.87662	-3.30959	-1.53909	0.0	0.144998	0.8875639999999999	-0.43727200000000005	0.0	0.35484099999999996	-0.45919099999999996	-0.814391	0.0	-0.923615	-0.037077	-0.38152600000000003	0.0	2.35831	1.28582	0.722017	0.327325	
3	0.959566	0.271622	-0.07385939999999999	0.0	0.06630019999999999	0.036915199999999995	0.997117	0.0	0.273565	-0.9616959999999999	0.017414	0.0	-2.87799	-3.2778300000000002	-1.59133	0.0	0.14571199999999998	0.887582	-0.436997	0.0	0.355055	-0.45920200000000005	-0.814291	0.0	-0.92342	-0.036506	-0.382052	0.0	2.35716	1.2845600000000001	0.71985	0.327381	
3	0.9598899999999999	0.274627	-0.05649019999999999	0.0	0.054830399999999994	0.0137232	0.998402	0.0	0.274963	-0.9614530000000001	-0.00188515	0.0	-2.9209	-3.25002	-1.66041	0.0	0.148125	0.887975	-0.435384	0.0	0.35489499999999996	-0.45864499999999997	-0.814674	0.0	-0.923097	-0.033841699999999995	-0.383075	0.0	2.34491	1.27074	0.710086	0.32721300000000003	
3	0.961231	0.268791	-0.0615405	0.0	0.05788009999999999	0.0215294	0.998092	0.0	0.26960300000000004	-0.962958	0.00513701	0.0	-2.97233	-3.25054	-1.62337	0.0959984	0.150288	0.8874569999999999	-0.4357	0.0	0.353926	-0.459793	-0.814449	0.0	-0.92312	-0.031803899999999996	-0.383195	0.0	2.33205	1.2550299999999999	0.706037	0.327164	
3	0.9617629999999999	0.266468	-0.0632929	0.0	0.058321300000000006	0.0265381	0.9979450000000001	0.0	0.2676	-0.9634790000000001	0.00998259	0.0	-2.99512	-3.2600700000000002	-1.5719999999999998	0.32660100000000003	0.15170999999999998	0.8871950000000001	-0.43573999999999996	0.0	0.353046	-0.460401	-0.814487	0.0	-0.9232239999999999	-0.030270099999999998	-0.38306799999999996	0.0	2.32155	1.2438	0.700976	0.327279	
3	0.962408	0.262864	-0.06836039999999999	0.0	0.061418799999999996	0.0345445	0.9975139999999999	0.0	0.264572	-0.9642139999999999	0.0171012	0.0	-3.02033	-3.2663599999999997	-1.5542799999999999	0.343039	0.151097	0.8871450000000001	-0.436054	0.0	0.353624	-0.46043599999999996	-0.814217	0.0	-0.923104	-0.0311736	-0.383286	0.0	2.31785	1.23975	0.703176	0.327177	
0	0.961809	0.264619	-0.07000260000000001	0.0	0.0619271	0.0387483	0.9973280000000001	0.0	0.266625	-0.9635739999999999	0.0208814	0.0	-3.0335900000000002	-3.26836	-1.5509	0.341979	0.15021199999999998	0.887042	-0.436569	0.0	0.354186	-0.460553	-0.813906	0.0	-0.923032	-0.032368	-0.383359	0.0	2.31833	1.24001	0.706241	0.327417	
0	0.9603290000000001	0.2696	-0.071301	0.0	0.0607966	0.047125099999999996	0.9970370000000001	0.0	0.272161	-0.9618190000000001	0.028864799999999996	0.0	-3.0087099999999998	-3.29441	-1.4425700000000001	0.309368	0.148634	0.88726	-0.436667	0.0	0.355113	-0.460008	-0.81381	0.0	-0.922931	-0.034106199999999996	-0.38345100000000004	0.0	2.3199799999999997	1.24148	0.706244	0.327575	
0	0.959456	0.273086	-0.0697777	0.0	0.0592729	0.0465405	0.9971559999999999	0.0	0.275557	-0.9608629999999999	0.028467000000000003	0.0	-2.99565	-3.30304	-1.39667	0.29037199999999996	0.150476	0.8862530000000001	-0.43807799999999997	0.0	0.355376	-0.461995	-0.812569	0.0	-0.922532	-0.033410699999999995	-0.384472	0.0	2.31992	1.2364700000000002	0.715535	0.327809	
0	0.9573149999999999	0.280969	-0.067862	0.0	0.0590038	0.0398779	0.997461	0.0	0.282962	-0.958888	0.021597400000000003	0.0	-2.96603	-3.30334	-1.38802	0.287159	0.153057	0.8862040000000001	-0.43728199999999995	0.0	0.35678499999999996	-0.46220500000000003	-0.811832	0.0	-0.9215629999999999	-0.031758999999999996	-0.386928	0.0	2.3195	1.23505	0.719891	0.328117	
0	0.956893	0.282522	-0.067357	0.0	0.059789300000000004	0.035333300000000005	0.9975860000000001	0.0	0.28422	-0.9586100000000001	0.016918400000000004	0.0	-2.95381	-3.3011	-1.38929	0.281987	0.151606	0.8858739999999999	-0.43845500000000004	0.0	0.355054	-0.46278400000000003	-0.812261	0.0	-0.9224709999999999	-0.0325314	-0.384694	0.0	2.32261	1.23405	0.724589	0.328036	
0	0.962375	0.262054	-0.0718455	0.0	0.0626749	0.043198400000000005	0.997099	0.0	0.264398	-0.9640860000000001	0.025148900000000002	0.0	-3.00697	-3.2916800000000004	-1.4310399999999999	0.00119597	0.153398	0.8861540000000001	-0.43726400000000004	0.0	0.358584	-0.462257	-0.811009	0.0	-0.920808	-0.032388400000000005	-0.38866999999999996	0.0	2.3260400000000003	1.23254	0.736911	0.328266	
0	0.9602450000000001	0.26908899999999997	-0.0743007	0.0	0.06762710000000001	0.033999699999999994	0.997131	0.0	0.27084400000000003	-0.962515	0.0144503	0.0	-3.02209	-3.2833	-1.43124	0.0	0.153603	0.886475	-0.436541	0.0	0.35789099999999996	-0.46169899999999997	-0.8116329999999999	0.0	-0.9210430000000001	-0.0315649	-0.38818	0.0	2.32884	1.23105	0.738974	0.328949	
0	0.958839	0.273379	-0.07676110000000001	0.0	0.0709935	0.0309433	0.9969969999999999	0.0	0.274934	-0.961408	0.010261399999999999	0.0	-3.04414	-3.2776400000000003	-1.42235	0.0	0.154375	0.886747	-0.435716	0.0	0.359279	-0.46119399999999994	-0.811307	0.0	-0.920373	-0.031298200000000005	-0.389787	0.0	2.32795	1.23269	0.736758	0.328758	
0	0.958839	0.273377	-0.0767669	0.0	0.0709959	0.030956099999999997	0.9969959999999999	0.0	0.274932	-0.9614090000000001	0.010273299999999999	0.0	-3.0441	-3.27766	-1.42238	0.0	0.154375	0.886747	-0.435716	0.0	0.35927800000000004	-0.46119499999999997	-0.811307	0.0	-0.920373	-0.031297700000000005	-0.389786	0.0	2.32796	1.2327	0.736768	0.328757	
0	0.958839	0.273377	-0.0767669	0.0	0.070996	0.0309558	0.9969959999999999	0.0	0.274932	-0.9614090000000001	0.0102729	0.0	-3.04409	-3.27766	-1.42238	0.0	0.154375	0.886747	-0.435716	0.0	0.35927800000000004	-0.46119499999999997	-0.811307	0.0	-0.920374	-0.031297700000000005	-0.389786	0.0	2.32796	1.2327	0.736768	0.328757	
0	0.958839	0.273377	-0.0767669	0.0	0.070996	0.0309556	0.9969959999999999	0.0	0.274932	-0.9614090000000001	0.010272799999999999	0.0	-3.04409	-3.27766	-1.42238	0.0	0.154375	0.886747	-0.435716	0.0	0.359279	-0.46119499999999997	-0.811307	0.0	-0.920374	-0.031297700000000005	-0.389786	0.0	2.32796	1.2327	0.736768	0.328757	
0	0.958839	0.273377	-0.0767669	0.0	0.0709959	0.0309559	0.9969959999999999	0.0	0.274932	-0.9614090000000001	0.0102731	0.0	-3.04409	-3.27766	-1.42238	0.0	0.154375	0.886747	-0.435716	0.0	0.359279	-0.46119499999999997	-0.811307	0.0	-0.920373	-0.031297700000000005	-0.389786	0.0	2.32796	1.2327	0.736768	0.328757	
0	0.958839	0.273377	-0.0767669	0.0	0.0709959	0.0309559	0.9969959999999999	0.0	0.274932	-0.9614090000000001	0.0102731	0.0	-3.04409	-3.27766	-1.42238	0.0	0.154375	0.886747	-0.435716	0.0	0.359279	-0.46119499999999997	-0.811307	0.0	-0.920373	-0.0312976	-0.389786	0.0	2.32796	1.2327	0.736768	0.328757	
