0	0.10574800000000001	0.791566	-0.6018640000000001	0.0	0.338077	0.5405840000000001	0.7703720000000001	0.0	0.935159	-0.28494200000000003	-0.210444	0.0	-2.78214	2.12153	1.25457	0.0	-0.203714	0.793934	-0.572861	0.0	0.34683	-0.48866000000000004	-0.800575	0.0	-0.915538	-0.361774	-0.175814	0.0	2.5813	2.2739700000000003	1.35845	0.0	
0	0.226539	0.82126	-0.5236529999999999	0.0	0.394633	0.41413199999999994	0.820219	0.0	0.890475	-0.392462	-0.23027899999999998	0.0	-2.74967	2.12431	1.04665	0.0	-0.22666	0.8064100000000001	-0.546195	0.0	0.361306	-0.451161	-0.8160350000000001	0.0	-0.90448	-0.382305	-0.189101	0.0	2.50247	2.37427	1.15311	0.0	
0	0.287583	0.871758	-0.396654	0.0	0.397307	0.26824699999999996	0.877605	0.0	0.87146	-0.40997799999999995	-0.269212	0.0	-2.59727	2.19123	0.729799	0.0369767	-0.27512800000000004	0.8729959999999999	-0.402719	0.0	0.302741	-0.31890599999999997	-0.898135	0.0	-0.9124979999999999	-0.36902199999999996	-0.176552	0.0	2.28554	2.42252	0.9891129999999999	0.351968	
0	0.49502299999999994	0.842986	-0.210538	0.0	0.315447	0.051415199999999994	0.947549	0.0	0.809596	-0.5354720000000001	-0.24046599999999999	0.0	-2.3721799999999997	2.06628	0.617788	0.341012	-0.370996	0.8023899999999999	-0.467475	0.0	0.348697	-0.346196	-0.8709530000000001	0.0	-0.8606809999999999	-0.48612700000000003	-0.151354	0.0	2.0555	2.2265099999999998	0.9009520000000001	0.00158011	
0	0.507871	0.8368770000000001	-0.204218	0.0	0.32541	0.0331213	0.9449930000000001	0.0	0.797606	-0.546389	-0.25550700000000004	0.0	-2.38968	1.99137	0.46331300000000003	0.0	-0.388779	0.801028	-0.45519899999999996	0.0	0.33461199999999997	-0.33757	-0.879819	0.0	-0.8584209999999999	-0.49437	-0.136793	0.0	2.0209	2.0548599999999997	0.728959	0.0	
0	0.477105	0.861318	-0.174648	0.0	0.298977	0.0278012	0.9538549999999999	0.0	0.826428	-0.507305	-0.24425	0.0	-2.28016	2.00637	0.299698	0.09534400000000001	-0.380668	0.81822	-0.43082299999999996	0.0	0.32966100000000004	-0.315208	-0.889926	0.0	-0.8639540000000001	-0.480792	-0.14974500000000002	0.0	1.9312900000000002	2.0807700000000002	0.681161	0.358727	
0	0.523184	0.8481870000000001	-0.0828091	0.0	0.24584499999999998	-0.0571741	0.967622	0.0	0.8159890000000001	-0.5266029999999999	-0.23843499999999998	0.0	-2.15312	1.96262	0.242769	0.354403	-0.377343	0.8283860000000001	-0.41399300000000006	0.0	0.332592	-0.29599200000000003	-0.895417	0.0	-0.864289	-0.47556899999999996	-0.163824	0.0	1.8536599999999999	2.0819799999999997	0.663936	0.360471	
0	0.662816	0.748718	0.00985301	0.0	0.124253	-0.122954	0.9846030000000001	0.0	0.738401	-0.651386	-0.174526	0.0	-2.07864	1.70501	0.2939	0.355653	-0.44747600000000004	0.796305	-0.407018	0.0	0.330344	-0.27575700000000003	-0.9026799999999999	0.0	-0.831047	-0.538383	-0.13965999999999998	0.0	1.75282	1.89767	0.691496	0.360985	
0	0.7318479999999999	0.681179	0.019866099999999998	0.0	0.07621649999999999	-0.110785	0.9909180000000001	0.0	0.677193	-0.723687	-0.132995	0.0	-2.06221	1.50137	0.320789	0.355767	-0.512361	0.7696029999999999	-0.381048	0.0	0.327401	-0.23515	-0.915158	0.0	-0.7939109999999999	-0.593646	-0.131487	0.0	1.7021	1.6973200000000002	0.68267	0.36039899999999997	
0	0.808712	0.587831	0.020955	0.0	0.025412900000000002	-0.07050980000000001	0.997187	0.0	0.587655	-0.805905	-0.07196060000000001	0.0	-2.06823	1.31276	0.388325	0.353569	-0.5912569999999999	0.730158	-0.342468	0.0	0.319511	-0.177822	-0.9307479999999999	0.0	-0.740492	-0.659733	-0.128155	0.0	1.67901	1.50971	0.641505	0.3602	
0	0.8563299999999999	0.516332	0.0100103	0.0	0.015384299999999998	-0.044880300000000005	0.9988739999999999	0.0	0.5162	-0.8552120000000001	-0.0463758	0.0	-2.1552700000000002	1.18278	0.41734799999999994	0.35152	-0.6655260000000001	0.680339	-0.30694299999999997	0.0	0.308909	-0.123293	-0.943067	0.0	-0.679449	-0.722453	-0.128108	0.0	1.6895200000000001	1.3514	0.583382	0.359609	
0	0.849435	0.527151	-0.0239252	0.0	0.0477005	-0.0315517	0.9983629999999999	0.0	0.525533	-0.8491860000000001	-0.05194650000000001	0.0	-2.20471	1.1574799999999998	0.39176	0.351936	-0.683657	0.662022	-0.307148	0.0	0.30795700000000004	-0.119868	-0.9438190000000001	0.0	-0.661646	-0.739837	-0.12192599999999999	0.0	1.71006	1.29106	0.538285	0.359415	
0	0.862598	0.49442200000000003	-0.107103	0.0	0.106867	0.028846299999999995	0.9938549999999999	0.0	0.49447299999999994	-0.868743	-0.0279546	0.0	-2.1922099999999998	1.12901	0.44372700000000004	0.354461	-0.686458	0.6511100000000001	-0.323776	0.0	0.314382	-0.13575399999999999	-0.9395399999999999	0.0	-0.655698	-0.746744	-0.111508	0.0	1.7009999999999998	1.35742	0.552143	0.359356	
0	0.892905	0.413475	-0.17821099999999998	0.0	0.152166	0.0953961	0.98374	0.0	0.423753	-0.9055040000000001	0.0222627	0.0	-2.1844900000000003	0.9881059999999999	0.550404	0.355989	-0.639626	0.681762	-0.355077	0.0	0.355831	-0.14685	-0.922941	0.0	-0.681369	-0.716684	-0.14866400000000002	0.0	1.6837400000000002	1.56945	0.559591	0.358724	
0	0.91801	0.348559	-0.189116	0.0	0.152258	0.13053599999999999	0.979683	0.0	0.366164	-0.9281520000000001	0.06676280000000001	0.0	-2.26862	0.7908109999999999	0.614241	0.355821	-0.606885	0.703387	-0.37005	0.0	0.377811	-0.154314	-0.912932	0.0	-0.699249	-0.693855	-0.172097	0.0	1.6606900000000002	1.7775	0.575443	0.358164	
0	0.937617	0.301822	-0.172565	0.0	0.135405	0.140145	0.9808290000000001	0.0	0.32022	-0.9430069999999999	0.0905342	0.0	-2.35256	0.6586810000000001	0.630889	0.355406	-0.593221	0.714457	-0.371	0.0	0.388298	-0.14976099999999998	-0.909283	0.0	-0.705205	-0.6834640000000001	-0.188581	0.0	1.65487	1.9152200000000001	0.574851	0.35786599999999996	
0	0.9536709999999999	0.25663	-0.15700899999999998	0.0	0.12331900000000001	0.142572	0.982072	0.0	0.274414	-0.955936	0.10431900000000001	0.0	-2.54442	0.541333	0.569932	0.353825	-0.576635	0.727209	-0.372369	0.0	0.388207	-0.157155	-0.9080729999999999	0.0	-0.718879	-0.668183	-0.191687	0.0	1.6593200000000001	2.05665	0.5681729999999999	0.356915	
0	0.9436979999999999	0.283435	-0.17057999999999998	0.0	0.135908	0.137933	0.981073	0.0	0.30159899999999995	-0.9490200000000001	0.0916462	0.0	-2.62918	0.544195	0.505954	0.351919	-0.5558489999999999	0.7407560000000001	-0.377243	0.0	0.374744	-0.181791	-0.9091309999999999	0.0	-0.742024	-0.646709	-0.176546	0.0	1.66714	2.12735	0.585542	0.356975	
0	0.8600270000000001	0.43437	-0.26772399999999996	0.0	0.237542	0.123529	0.963491	0.0	0.451583	-0.892224	0.00305754	0.0	-2.5343	0.661608	0.310854	0.351966	-0.514235	0.764139	-0.389427	0.0	0.34519	-0.231256	-0.909596	0.0	-0.785115	-0.602172	-0.14485399999999998	0.0	1.6601099999999998	2.13131	0.610083	0.358011	
0	0.7853	0.53071	-0.31882699999999997	0.0	0.287046	0.144172	0.9470049999999999	0.0	0.548551	-0.835202	-0.0391198	0.0	-2.35699	0.748785	0.09024019999999999	0.352286	-0.489192	0.770572	-0.408546	0.0	0.33407	-0.267151	-0.9038959999999999	0.0	-0.80566	-0.578661	-0.126737	0.0	1.62279	2.0178	0.602955	0.358921	
0	0.70645	0.618653	-0.343798	0.0	0.325381	0.14749	0.93401	0.0	0.6285350000000001	-0.771696	-0.09710339999999999	0.0	-2.23425	0.7962229999999999	-0.11893	0.353252	-0.46935	0.7725479999999999	-0.427645	0.0	0.32860700000000004	-0.296703	-0.896652	0.0	-0.8195899999999999	-0.561371	-0.114607	0.0	1.58955	1.83035	0.499119	0.35818	
0	0.688451	0.644025	-0.333566	0.0	0.339762	0.119951	0.932831	0.0	0.640778	-0.755542	-0.136235	0.0	-2.2016299999999998	0.721873	-0.364781	0.352605	-0.43276499999999996	0.786721	-0.44021000000000005	0.0	0.32245100000000004	-0.320918	-0.890526	0.0	-0.841867	-0.527334	-0.114797	0.0	1.5497	1.68727	0.406204	0.35838600000000004	
0	0.664808	0.667779	-0.33481500000000003	0.0	0.353468	0.11365	0.928517	0.0	0.658096	-0.735632	-0.160483	0.0	-2.25485	0.607813	-0.536328	0.35225300000000004	-0.394706	0.7997350000000001	-0.452362	0.0	0.331423	-0.335268	-0.8819040000000001	0.0	-0.856951	-0.49801599999999996	-0.132718	0.0	1.50023	1.5591	0.317984	0.358271	
0	0.6564180000000001	0.671834	-0.34315300000000004	0.0	0.36381399999999997	0.11656199999999999	0.92415	0.0	0.660874	-0.7314729999999999	-0.16791	0.0	-2.2885400000000002	0.5437529999999999	-0.5835670000000001	0.351224	-0.395013	0.791261	-0.466767	0.0	0.358658	-0.334939	-0.87131	0.0	-0.8457709999999999	-0.511588	-0.15148699999999998	0.0	1.4658200000000001	1.47171	0.284909	0.358097	
0	0.648717	0.66885	-0.363052	0.0	0.37643899999999997	0.132588	0.916905	0.0	0.661408	-0.731478	-0.165769	0.0	-2.3279900000000002	0.547478	-0.562979	0.350893	-0.404593	0.777034	-0.482206	0.0	0.35938600000000004	-0.34976799999999997	-0.8651610000000001	0.0	-0.8409200000000001	-0.5233359999999999	-0.137742	0.0	1.46659	1.47689	0.311108	0.35804400000000003	
0	0.627083	0.6730510000000001	-0.39213400000000004	0.0	0.392993	0.16128599999999998	0.905286	0.0	0.67255	-0.721796	-0.163364	0.0	-2.39911	0.608101	-0.564372	0.350571	-0.411508	0.773621	-0.481842	0.0	0.372141	-0.339978	-0.86367	0.0	-0.8319690000000001	-0.53472	-0.147993	0.0	1.46092	1.58426	0.343149	0.357295	
0	0.614071	0.677562	-0.40475500000000003	0.0	0.401307	0.173544	0.8993530000000001	0.0	0.67961	-0.7146979999999999	-0.16534100000000002	0.0	-2.41194	0.682941	-0.540094	0.35054	-0.419209	0.774148	-0.47429799999999994	0.0	0.38116	-0.32407800000000003	-0.8658469999999999	0.0	-0.824003	-0.543754	-0.159217	0.0	1.45639	1.62477	0.326962	0.35739	
0	0.60835	0.679888	-0.409466	0.0	0.40301	0.179831	0.8973540000000001	0.0	0.683735	-0.710924	-0.164602	0.0	-2.4178	0.717236	-0.557307	0.350346	-0.42116099999999995	0.774824	-0.471458	0.0	0.386309	-0.317056	-0.866165	0.0	-0.8206030000000001	-0.5469229999999999	-0.16579000000000002	0.0	1.4631100000000001	1.62073	0.298186	0.357184	
0	0.607819	0.681569	-0.407454	0.0	0.40387399999999996	0.176451	0.8976370000000001	0.0	0.683697	-0.7101609999999999	-0.168018	0.0	-2.42037	0.726887	-0.565531	0.350105	-0.421991	0.7746460000000001	-0.47100699999999995	0.0	0.38906599999999997	-0.31451999999999997	-0.8658549999999999	0.0	-0.818872	-0.548636	-0.168664	0.0	1.4696799999999999	1.60791	0.274425	0.357009	
0	0.611066	0.68114	-0.40329499999999996	0.0	0.40168899999999996	0.172185	0.899443	0.0	0.682088	-0.711619	-0.16839	0.0	-2.42082	0.7255159999999999	-0.530347	0.350017	-0.42350200000000005	0.77413	-0.47049799999999997	0.0	0.390024	-0.312959	-0.8659899999999999	0.0	-0.817635	-0.550254	-0.169391	0.0	1.47066	1.60561	0.256916	0.35689099999999996	
0	0.608058	0.6794100000000001	-0.410691	0.0	0.406411	0.177998	0.896184	0.0	0.681979	-0.711842	-0.16788699999999998	0.0	-2.4405900000000003	0.727176	-0.542616	0.350028	-0.427437	0.7739010000000001	-0.467307	0.0	0.39372199999999996	-0.30595500000000003	-0.866818	0.0	-0.813806	-0.554499	-0.173926	0.0	1.4808700000000001	1.58366	0.241904	0.357015	
0	0.5966779999999999	0.680506	-0.425308	0.0	0.41286999999999996	0.19414	0.8898590000000001	0.0	0.688124	-0.7065560000000001	-0.165121	0.0	-2.46926	0.760486	-0.507215	0.349771	-0.430763	0.772321	-0.46686700000000003	0.0	0.39927199999999996	-0.30084299999999997	-0.8660690000000001	0.0	-0.8093359999999999	-0.559477	-0.178774	0.0	1.50995	1.5545799999999999	0.224201	0.356784	
0	0.5914	0.677958	-0.43659899999999996	0.0	0.419092	0.20415	0.8846940000000001	0.0	0.688917	-0.706184	-0.163393	0.0	-2.49051	0.793367	-0.468333	0.350045	-0.431893	0.771957	-0.466423	0.0	0.40998599999999996	-0.292591	-0.8638879999999999	0.0	-0.8033560000000001	-0.564334	-0.190124	0.0	1.57851	1.49416	0.201155	0.356659	
0	0.5817260000000001	0.679443	-0.44716000000000006	0.0	0.42104899999999995	0.21882	0.8802469999999999	0.0	0.695926	-0.700339	-0.15878599999999998	0.0	-2.49056	0.8301540000000001	-0.45605500000000004	0.349852	-0.433447	0.772551	-0.463991	0.0	0.407831	-0.29097	-0.8654540000000001	0.0	-0.803615	-0.564359	-0.188951	0.0	1.6094899999999999	1.4644	0.196853	0.356686	
0	0.570654	0.685472	-0.45219799999999993	0.0	0.42127600000000004	0.22831300000000002	0.877724	0.0	0.704897	-0.691377	-0.158485	0.0	-2.48132	0.8732690000000001	-0.48358500000000004	0.34984499999999996	-0.431385	0.77557	-0.460866	0.0	0.409864	-0.286601	-0.865951	0.0	-0.8036909999999999	-0.562451	-0.194243	0.0	1.62588	1.44784	0.21413000000000001	0.35681599999999997	
0	0.571282	0.6927909999999999	-0.44008800000000003	0.0	0.419183	0.21471300000000001	0.8821469999999999	0.0	0.7056359999999999	-0.6884319999999999	-0.167745	0.0	-2.45045	0.898215	-0.505303	0.350355	-0.429453	0.7791319999999999	-0.45664399999999994	0.0	0.408569	-0.28331799999999996	-0.867642	0.0	-0.805383	-0.559182	-0.196658	0.0	1.62435	1.42662	0.200037	0.357246	
0	0.5772470000000001	0.69115	-0.434853	0.0	0.42145299999999997	0.203952	0.883618	0.0	0.6994020000000001	-0.693336	-0.173556	0.0	-2.48522	0.859341	-0.550254	0.350487	-0.42838999999999994	0.78028	-0.455682	0.0	0.411688	-0.28037399999999996	-0.867124	0.0	-0.8043600000000001	-0.5590649999999999	-0.201123	0.0	1.6184100000000001	1.42707	0.156871	0.35734099999999996	
0	0.573071	0.689016	-0.443675	0.0	0.42415	0.213864	0.879977	0.0	0.701204	-0.6924739999999999	-0.16968699999999998	0.0	-2.5505	0.780766	-0.547563	0.350405	-0.431386	0.776573	-0.45917299999999994	0.0	0.420509	-0.27721599999999996	-0.863901	0.0	-0.798172	-0.565761	-0.20696900000000001	0.0	1.61562	1.43269	0.0752426	0.35734	
0	0.570146	0.689127	-0.447255	0.0	0.42526400000000003	0.218234	0.878365	0.0	0.702911	-0.690998	-0.16863599999999998	0.0	-2.56873	0.765734	-0.552367	0.350136	-0.43085200000000007	0.77327	-0.465211	0.0	0.428884	-0.278113	-0.859484	0.0	-0.7939930000000001	-0.569832	-0.21181799999999998	0.0	1.64052	1.41344	0.0204558	0.357152	
0	0.507045	0.701075	-0.501398	0.0	0.44755500000000004	0.282999	0.8482959999999999	0.0	0.736614	-0.6545270000000001	-0.170276	0.0	-2.5821	0.8218030000000001	-0.608813	0.350534	-0.428108	0.769097	-0.474566	0.0	0.439308	-0.281798	-0.852993	0.0	-0.789767	-0.573654	-0.217231	0.0	1.69377	1.38303	-0.0215802	0.357108	
0	0.506804	0.7011729999999999	-0.501504	0.0	0.447712	0.283055	0.848195	0.0	0.736684	-0.6543979999999999	-0.170471	0.0	-2.58311	0.8182510000000001	-0.608917	0.350519	-0.428055	0.769117	-0.47458100000000003	0.0	0.43934700000000004	-0.281803	-0.852972	0.0	-0.789774	-0.573625	-0.217282	0.0	1.69281	1.38368	-0.021155599999999997	0.357096	
0	0.506804	0.7011729999999999	-0.501504	0.0	0.447712	0.283055	0.848194	0.0	0.736684	-0.6543979999999999	-0.170471	0.0	-2.58311	0.8182510000000001	-0.608917	0.350519	-0.428055	0.769117	-0.47458199999999995	0.0	0.43934700000000004	-0.281804	-0.852972	0.0	-0.789774	-0.573625	-0.217282	0.0	1.69281	1.38368	-0.0211558	0.357096	
0	0.506804	0.7011729999999999	-0.501504	0.0	0.447712	0.283055	0.848194	0.0	0.736684	-0.6543979999999999	-0.170471	0.0	-2.58311	0.8182510000000001	-0.608917	0.350519	-0.428055	0.769117	-0.47458199999999995	0.0	0.43934700000000004	-0.281804	-0.852972	0.0	-0.789774	-0.573625	-0.217282	0.0	1.69281	1.38368	-0.021155900000000002	0.357096	
0	0.506804	0.7011729999999999	-0.5015029999999999	0.0	0.447712	0.283055	0.848194	0.0	0.736684	-0.6543979999999999	-0.170471	0.0	-2.58311	0.8182510000000001	-0.608917	0.350519	-0.428055	0.769117	-0.47458100000000003	0.0	0.43934700000000004	-0.281803	-0.852972	0.0	-0.789774	-0.573625	-0.217282	0.0	1.69281	1.38368	-0.0211562	0.357096	
0	0.506804	0.7011729999999999	-0.501504	0.0	0.447712	0.283055	0.848194	0.0	0.736684	-0.6543979999999999	-0.170471	0.0	-2.58311	0.8182510000000001	-0.608917	0.350519	-0.428055	0.769117	-0.47458100000000003	0.0	0.43934700000000004	-0.281803	-0.852972	0.0	-0.789774	-0.573625	-0.217282	0.0	1.69281	1.38368	-0.021155900000000002	0.357096	
0	0.506804	0.7011729999999999	-0.501504	0.0	0.447712	0.283055	0.848195	0.0	0.736684	-0.6543979999999999	-0.170471	0.0	-2.58311	0.8182520000000001	-0.608916	0.35052	-0.428055	0.769117	-0.47458100000000003	0.0	0.43934700000000004	-0.281804	-0.852972	0.0	-0.789774	-0.573625	-0.217282	0.0	1.69281	1.38368	-0.021155700000000003	0.357096	
0	0.506804	0.7011729999999999	-0.501504	0.0	0.447712	0.283055	0.848195	0.0	0.736684	-0.6543979999999999	-0.170471	0.0	-2.58311	0.8182510000000001	-0.608917	0.350519	-0.428055	0.769117	-0.47458199999999995	0.0	0.43934700000000004	-0.281804	-0.852972	0.0	-0.789774	-0.573625	-0.217282	0.0	1.69281	1.38368	-0.021156	0.357096	
0	0.506804	0.7011729999999999	-0.5015029999999999	0.0	0.447712	0.283055	0.848194	0.0	0.736684	-0.6543979999999999	-0.170471	0.0	-2.58311	0.8182510000000001	-0.608917	0.350519	-0.428055	0.769117	-0.47458100000000003	0.0	0.43934700000000004	-0.281803	-0.852972	0.0	-0.789774	-0.573625	-0.217282	0.0	1.69281	1.38368	-0.0211558	0.357096	
0	0.506804	0.7011729999999999	-0.501504	0.0	0.447712	0.283054	0.848195	0.0	0.736684	-0.6543979999999999	-0.170471	0.0	-2.58311	0.8182510000000001	-0.608917	0.350519	-0.428055	0.769117	-0.47458100000000003	0.0	0.43934700000000004	-0.281804	-0.852972	0.0	-0.789774	-0.573625	-0.217282	0.0	1.69281	1.38368	-0.021155700000000003	0.357096	
0	0.506804	0.7011729999999999	-0.501504	0.0	0.447712	0.283055	0.848194	0.0	0.736684	-0.6543979999999999	-0.170471	0.0	-2.58311	0.8182510000000001	-0.608917	0.350519	-0.428055	0.769117	-0.47458100000000003	0.0	0.43934700000000004	-0.281804	-0.852972	0.0	-0.789774	-0.573625	-0.217282	0.0	1.69281	1.38368	-0.0211555	0.357097	
0	0.506804	0.7011729999999999	-0.501504	0.0	0.447712	0.283055	0.848194	0.0	0.736684	-0.6543979999999999	-0.170471	0.0	-2.58311	0.8182510000000001	-0.608917	0.350519	-0.428055	0.769117	-0.47458100000000003	0.0	0.43934700000000004	-0.281803	-0.852972	0.0	-0.789774	-0.573625	-0.217282	0.0	1.69281	1.38368	-0.021155599999999997	0.357096	
0	0.506804	0.7011729999999999	-0.501504	0.0	0.447712	0.283055	0.848195	0.0	0.736684	-0.6543979999999999	-0.170471	0.0	-2.58311	0.8182510000000001	-0.608917	0.350519	-0.428055	0.769117	-0.47458100000000003	0.0	0.43934700000000004	-0.281803	-0.852972	0.0	-0.789774	-0.573625	-0.217282	0.0	1.69281	1.38368	-0.021156	0.357096	
0	0.506804	0.7011729999999999	-0.501504	0.0	0.447712	0.283055	0.848195	0.0	0.736684	-0.6543979999999999	-0.170471	0.0	-2.58311	0.8182510000000001	-0.608917	0.350519	-0.428055	0.769117	-0.47458100000000003	0.0	0.43934700000000004	-0.281804	-0.852972	0.0	-0.789774	-0.573625	-0.217282	0.0	1.69281	1.38368	-0.021155700000000003	0.357096	
0	0.506804	0.7011729999999999	-0.5015029999999999	0.0	0.447712	0.283055	0.848194	0.0	0.736684	-0.6543979999999999	-0.170471	0.0	-2.58311	0.8182510000000001	-0.608917	0.350519	-0.428055	0.769117	-0.47458100000000003	0.0	0.43934700000000004	-0.281803	-0.852972	0.0	-0.789774	-0.573625	-0.217282	0.0	1.69281	1.38368	-0.021155900000000002	0.357096	
0	0.506804	0.7011729999999999	-0.501504	0.0	0.447712	0.283055	0.848194	0.0	0.736684	-0.6543979999999999	-0.170471	0.0	-2.58311	0.8182510000000001	-0.608917	0.350519	-0.428055	0.769117	-0.47458100000000003	0.0	0.43934700000000004	-0.281803	-0.852972	0.0	-0.789774	-0.573625	-0.217282	0.0	1.69281	1.38368	-0.021155900000000002	0.357096	
0	0.506804	0.7011729999999999	-0.501504	0.0	0.447712	0.283055	0.848195	0.0	0.736684	-0.6543979999999999	-0.170471	0.0	-2.58311	0.8182510000000001	-0.608917	0.350519	-0.428055	0.769117	-0.47458100000000003	0.0	0.43934700000000004	-0.281803	-0.852972	0.0	-0.789774	-0.573625	-0.217282	0.0	1.69281	1.38368	-0.0211558	0.357096	
0	0.506804	0.7011729999999999	-0.5015029999999999	0.0	0.447712	0.283055	0.848194	0.0	0.736684	-0.6543979999999999	-0.170471	0.0	-2.58311	0.8182520000000001	-0.608916	0.350519	-0.428055	0.769117	-0.47458199999999995	0.0	0.43934700000000004	-0.281804	-0.852972	0.0	-0.789774	-0.573625	-0.217282	0.0	1.69281	1.38368	-0.021155700000000003	0.357096	
0	0.506804	0.7011729999999999	-0.5015029999999999	0.0	0.447712	0.283055	0.848194	0.0	0.736684	-0.6543979999999999	-0.170471	0.0	-2.58311	0.8182510000000001	-0.608916	0.350519	-0.428055	0.769117	-0.47458100000000003	0.0	0.43934700000000004	-0.281803	-0.852972	0.0	-0.789774	-0.573625	-0.217282	0.0	1.69281	1.38368	-0.0211562	0.357096	
0	0.506804	0.7011729999999999	-0.5015029999999999	0.0	0.447712	0.283055	0.848194	0.0	0.736684	-0.6543979999999999	-0.170471	0.0	-2.58311	0.8182510000000001	-0.608917	0.350519	-0.428055	0.769117	-0.47458100000000003	0.0	0.43934700000000004	-0.281803	-0.852972	0.0	-0.789774	-0.573625	-0.217282	0.0	1.69281	1.38368	-0.021155700000000003	0.357096	
0	0.506804	0.7011729999999999	-0.501504	0.0	0.447712	0.283055	0.848194	0.0	0.736684	-0.6543979999999999	-0.170471	0.0	-2.58311	0.8182520000000001	-0.608917	0.350519	-0.428055	0.769117	-0.47458199999999995	0.0	0.43934700000000004	-0.281804	-0.852972	0.0	-0.789774	-0.573625	-0.217282	0.0	1.69281	1.38368	-0.021155900000000002	0.357096	
0	0.506804	0.7011729999999999	-0.501504	0.0	0.447712	0.283055	0.848194	0.0	0.736684	-0.6543979999999999	-0.170471	0.0	-2.58311	0.8182520000000001	-0.608917	0.350519	-0.428055	0.769117	-0.47458100000000003	0.0	0.43934700000000004	-0.281803	-0.852972	0.0	-0.789774	-0.573625	-0.217282	0.0	1.69281	1.38368	-0.0211562	0.357096	
0	0.506804	0.7011729999999999	-0.501504	0.0	0.447712	0.283055	0.848194	0.0	0.736684	-0.6543979999999999	-0.170471	0.0	-2.58311	0.8182520000000001	-0.608917	0.350519	-0.428055	0.769117	-0.47458100000000003	0.0	0.43934700000000004	-0.281803	-0.852972	0.0	-0.789774	-0.573625	-0.217282	0.0	1.69281	1.38368	-0.021155900000000002	0.357096	
0	0.506804	0.7011729999999999	-0.5015029999999999	0.0	0.447712	0.283055	0.848194	0.0	0.736684	-0.6543979999999999	-0.170471	0.0	-2.58311	0.8182510000000001	-0.608917	0.350519	-0.428055	0.769117	-0.47458100000000003	0.0	0.43934700000000004	-0.281804	-0.852972	0.0	-0.789774	-0.573625	-0.217282	0.0	1.69281	1.38368	-0.021155700000000003	0.357096	
0	0.43177200000000004	0.720621	-0.542474	0.0	0.48152799999999996	0.324393	0.814187	0.0	0.762695	-0.6127600000000001	-0.206936	0.0	-2.57571	0.751586	-0.583337	0.350876	-0.112497	0.8198700000000001	-0.561389	0.0	0.260212	-0.5209520000000001	-0.8129569999999999	0.0	-0.958975	-0.23753600000000002	-0.15473399999999998	0.0	1.67008	1.43591	0.0194073	0.35480300000000004	
0	0.607206	0.672275	-0.423493	0.0	0.420624	0.180204	0.889158	0.0	0.674074	-0.7180340000000001	-0.173355	0.0	-2.6555400000000002	0.44142	-0.507037	0.34731300000000004	-0.11699100000000001	0.8254239999999999	-0.552258	0.0	0.26200300000000004	-0.510725	-0.81885	0.0	-0.95795	-0.24049099999999998	-0.15651400000000001	0.0	1.6679700000000002	1.44589	0.03859	0.354663	
0	0.743868	0.589854	-0.314218	0.0	0.33211399999999996	0.0817457	0.9396899999999999	0.0	0.579966	-0.803362	-0.13509100000000002	0.0	-2.7637	0.0324638	-0.525247	0.34309	-0.174547	0.8450719999999999	-0.505358	0.0	0.266629	-0.45349700000000004	-0.850441	0.0	-0.9478620000000001	-0.28318499999999996	-0.14616500000000002	0.0	1.60684	1.34965	0.0956523	0.35566	
0	0.88254	0.379734	-0.277353	0.0	0.293069	0.017084000000000002	0.955939	0.0	0.367741	-0.9249379999999999	-0.0962112	0.0	-2.97499	-0.49566499999999997	-0.533954	0.33288	-0.25297800000000004	0.8462559999999999	-0.468884	0.0	0.28422	-0.398256	-0.87213	0.0	-0.924782	-0.353896	-0.139773	0.0	1.51034	1.19015	0.178039	0.356325	
0	0.911452	0.301099	-0.28034899999999996	0.0	0.29047399999999995	0.0115844	0.9568129999999999	0.0	0.29134299999999996	-0.953523	-0.07690269999999999	0.0	-3.2385200000000003	-0.8268129999999999	-0.6474489999999999	0.31480199999999997	-0.275803	0.838715	-0.46956400000000004	0.0	0.29499699999999995	-0.391079	-0.871799	0.0	-0.9148280000000001	-0.378965	-0.139557	0.0	1.4496799999999999	1.0548899999999999	0.189419	0.356506	
0	0.9169809999999999	0.302503	-0.260073	0.0	0.27264	0.0007099539999999999	0.962116	0.0	0.29122800000000004	-0.953148	-0.08182350000000001	0.0	-3.25639	-0.935803	-0.725542	0.254301	-0.284815	0.838534	-0.464479	0.0	0.302969	-0.38096399999999997	-0.873542	0.0	-0.9094450000000001	-0.38952	-0.145546	0.0	1.44871	0.9647040000000001	0.178701	0.355571	
0	0.926392	0.26642	-0.266119	0.0	0.2825	-0.0244328	0.9589559999999999	0.0	0.24898299999999998	-0.9635469999999999	-0.097898	0.0	-3.2880800000000003	-1.03805	-0.83004	0.22825900000000002	-0.32237899999999997	0.8190930000000001	-0.474509	0.0	0.30843200000000004	-0.383027	-0.8707239999999999	0.0	-0.8949530000000001	-0.42705699999999996	-0.129154	0.0	1.44603	0.7763760000000001	0.195542	0.355698	
0	0.934175	0.244511	-0.259866	0.0	0.283052	-0.0643885	0.9569409999999999	0.0	0.21725100000000003	-0.967506	-0.12936	0.0	-3.35609	-1.17225	-0.934788	0.273873	-0.38972199999999996	0.78895	-0.47505200000000003	0.0	0.305749	-0.375736	-0.8748370000000001	0.0	-0.8686969999999999	-0.48618999999999996	-0.09478860000000001	0.0	1.3617700000000001	0.471279	0.24157800000000001	0.356369	
0	0.939135	0.24722199999999997	-0.23855	0.0	0.270133	-0.102384	0.957364	0.0	0.21225700000000003	-0.963535	-0.162935	0.0	-3.38867	-1.2968899999999999	-1.03888	0.35201	-0.458495	0.7619520000000001	-0.457397	0.0	0.302673	-0.350029	-0.886493	0.0	-0.8355670000000001	-0.544894	-0.0701361	0.0	1.27464	0.186701	0.29289499999999996	0.356348	
0	0.9401729999999999	0.256983	-0.22368400000000002	0.0	0.257941	-0.107976	0.960108	0.0	0.222579	-0.9603649999999999	-0.167802	0.0	-3.35595	-1.3773799999999998	-1.12594	0.350506	-0.47953500000000004	0.754822	-0.447538	0.0	0.300659	-0.337807	-0.8919030000000001	0.0	-0.8244090000000001	-0.5622550000000001	-0.0649545	0.0	1.2481799999999998	0.0443228	0.31936	0.35629299999999997	
0	0.9526600000000001	0.252201	-0.16980699999999999	0.0	0.19479000000000002	-0.0774553	0.9777819999999999	0.0	0.23344499999999999	-0.96457	-0.12291500000000001	0.0	-3.3149900000000003	-1.45738	-1.1763700000000001	0.354097	-0.49140500000000004	0.74587	-0.449665	0.0	0.304502	-0.336582	-0.8910620000000001	0.0	-0.815966	-0.574796	-0.061720699999999996	0.0	1.2468	0.026555400000000003	0.32705	0.356173	
0	0.946074	0.297743	-0.127646	0.0	0.154684	-0.0689877	0.9855520000000001	0.0	0.284636	-0.95215	-0.111324	0.0	-3.24872	-1.50306	-1.22099	0.357271	-0.5019939999999999	0.737604	-0.451599	0.0	0.315447	-0.33003699999999997	-0.889702	0.0	-0.805292	-0.5890810000000001	-0.06699830000000001	0.0	1.2538	0.07718430000000001	0.312386	0.355628	
0	0.897048	0.42749899999999996	-0.112022	0.0	0.132166	-0.017631099999999997	0.9910709999999999	0.0	0.421707	-0.9038440000000001	-0.07231660000000001	0.0	-3.1151299999999997	-1.5751700000000002	-1.3117299999999998	0.35854400000000003	-0.50252	0.736503	-0.45281099999999996	0.0	0.324813	-0.324547	-0.88835	0.0	-0.80123	-0.593492	-0.0761341	0.0	1.26389	0.110918	0.272298	0.354979	
0	0.8764350000000001	0.468737	-0.11022	0.0	0.125274	-0.0009447219999999999	0.992122	0.0	0.46493999999999996	-0.883338	-0.059548500000000004	0.0	-3.04312	-1.6494400000000002	-1.4263	0.359173	-0.5033310000000001	0.736171	-0.452449	0.0	0.327513	-0.322011	-0.888282	0.0	-0.799621	-0.595283	-0.0790275	0.0	1.28283	0.096474	0.244863	0.35483899999999996	
0	0.8300069999999999	0.540741	-0.136701	0.0	0.127997	0.0538847	0.99031	0.0	0.542867	-0.839461	-0.0244884	0.0	-2.95408	-1.7826	-1.49924	0.358809	-0.505268	0.734899	-0.452359	0.0	0.33011599999999997	-0.319722	-0.8881450000000001	0.0	-0.797326	-0.598082	-0.0810561	0.0	1.3029899999999999	0.06786610000000001	0.22424299999999997	0.354979	
0	0.8072050000000001	0.5694140000000001	-0.155526	0.0	0.12353599999999999	0.0946799	0.9878129999999999	0.0	0.5772	-0.81658	0.00608285	0.0	-2.95673	-1.89599	-1.5037	0.35747199999999996	-0.507047	0.733368	-0.45285200000000003	0.0	0.333339	-0.317669	-0.8876780000000001	0.0	-0.794852	-0.601047	-0.0833871	0.0	1.31874	0.0682784	0.21845900000000001	0.35493800000000003	
0	0.781991	0.595449	-0.1842	0.0	0.125165	0.139488	0.982282	0.0	0.610593	-0.791191	0.034549500000000004	0.0	-2.99783	-1.9674900000000002	-1.5541200000000002	0.357214	-0.5085890000000001	0.730916	-0.455082	0.0	0.337903	-0.316703	-0.8862959999999999	0.0	-0.791934	-0.604534	-0.08590700000000001	0.0	1.3444200000000002	0.0727475	0.21136799999999997	0.35477600000000004	
0	0.781755	0.583685	-0.21948099999999998	0.0	0.127085	0.195454	0.9724440000000001	0.0	0.610499	-0.788105	0.0786193	0.0	-3.0451900000000003	-2.03789	-1.50047	0.356079	-0.507484	0.729796	-0.458103	0.0	0.344573	-0.31540799999999997	-0.8841870000000001	0.0	-0.789766	-0.60656	-0.0914034	0.0	1.3576700000000002	0.0763013	0.18879100000000001	0.354687	
0	0.7958029999999999	0.545658	-0.262594	0.0	0.148673	0.244312	0.958232	0.0	0.587021	-0.801604	0.1133	0.0	-3.11255	-2.06586	-1.45316	0.35532800000000003	-0.49576400000000004	0.733855	-0.464408	0.0	0.353704	-0.317771	-0.879725	0.0	-0.793166	-0.600399	-0.102028	0.0	1.37876	0.0937485	0.149786	0.354405	
0	0.80566	0.524953	-0.274476	0.0	0.168878	0.240579	0.955825	0.0	0.567796	-0.816423	0.105172	0.0	-3.2501900000000004	-2.04307	-1.42117	0.354643	-0.479905	0.7398140000000001	-0.471558	0.0	0.359268	-0.324642	-0.874948	0.0	-0.8003859999999999	-0.5893079999999999	-0.10999400000000001	0.0	1.39543	0.139657	0.09949780000000001	0.353927	
0	0.803659	0.527347	-0.275748	0.0	0.17244400000000001	0.237117	0.9560540000000001	0.0	0.569557	-0.815893	0.09962289999999999	0.0	-3.3206300000000004	-2.03092	-1.4202700000000001	0.353867	-0.476049	0.742556	-0.471156	0.0	0.357494	-0.32609099999999996	-0.875136	0.0	-0.803477	-0.585043	-0.110224	0.0	1.39601	0.14382999999999999	0.0820899	0.354026	
0	0.792415	0.53957	-0.284505	0.0	0.17954	0.23944000000000001	0.954167	0.0	0.582962	-0.807176	0.09286080000000001	0.0	-3.3468699999999996	-2.02548	-1.42252	0.353487	-0.47504399999999997	0.746504	-0.465904	0.0	0.352796	-0.323474	-0.878009	0.0	-0.806145	-0.581461	-0.109699	0.0	1.3921299999999999	0.13295	0.103019	0.354644	
0	0.783694	0.548426	-0.291639	0.0	0.183673	0.243914	0.9522450000000001	0.0	0.59337	-0.7998350000000001	0.0904231	0.0	-3.2997699999999996	-2.03305	-1.42123	0.353089	-0.47811800000000004	0.745552	-0.464279	0.0	0.35682600000000003	-0.318135	-0.878331	0.0	-0.802545	-0.585613	-0.113926	0.0	1.38439	0.115693	0.101812	0.354404	
0	0.778831	0.551579	-0.298634	0.0	0.19303399999999998	0.242227	0.950823	0.0	0.596792	-0.798177	0.0821809	0.0	-3.26985	-2.03261	-1.42445	0.35279099999999997	-0.477463	0.745089	-0.46569499999999997	0.0	0.36091999999999996	-0.31692	-0.8770969999999999	0.0	-0.801103	-0.586859	-0.1176	0.0	1.38884	0.110152	0.07697999999999999	0.354196	
0	0.778989	0.551565	-0.298248	0.0	0.19256800000000002	0.242222	0.9509190000000001	0.0	0.5967359999999999	-0.798188	0.08247439999999999	0.0	-3.26986	-2.0325900000000003	-1.42524	0.352794	-0.477542	0.745046	-0.465683	0.0	0.360819	-0.31696599999999997	-0.8771209999999999	0.0	-0.8011010000000001	-0.5868899999999999	-0.11746300000000001	0.0	1.38943	0.11077000000000001	0.0774095	0.35420799999999997	
0	0.778989	0.551565	-0.298247	0.0	0.19256700000000002	0.242222	0.9509190000000001	0.0	0.5967359999999999	-0.798188	0.0824755	0.0	-3.26986	-2.0325900000000003	-1.42524	0.352794	-0.477542	0.745046	-0.465683	0.0	0.360819	-0.31696599999999997	-0.8771209999999999	0.0	-0.8011010000000001	-0.5868899999999999	-0.11746199999999998	0.0	1.38943	0.11077000000000001	0.0774122	0.354207	
0	0.778989	0.551565	-0.298247	0.0	0.19256700000000002	0.242222	0.9509190000000001	0.0	0.5967359999999999	-0.798188	0.08247560000000001	0.0	-3.26986	-2.0325900000000003	-1.42524	0.35279299999999997	-0.477542	0.745046	-0.465683	0.0	0.360819	-0.31696599999999997	-0.8771209999999999	0.0	-0.8011010000000001	-0.5868899999999999	-0.11746199999999998	0.0	1.38943	0.11077100000000001	0.07741239999999999	0.354207	
0	0.778989	0.551565	-0.298247	0.0	0.19256700000000002	0.242222	0.9509190000000001	0.0	0.5967359999999999	-0.798188	0.08247560000000001	0.0	-3.26986	-2.0325900000000003	-1.42524	0.35279299999999997	-0.477542	0.745046	-0.465683	0.0	0.36082	-0.31696599999999997	-0.8771209999999999	0.0	-0.8011010000000001	-0.5868899999999999	-0.11746300000000001	0.0	1.38943	0.11077000000000001	0.0774122	0.354207	
0	0.778989	0.551565	-0.298247	0.0	0.19256700000000002	0.242222	0.9509190000000001	0.0	0.5967359999999999	-0.798188	0.08247560000000001	0.0	-3.26986	-2.0325900000000003	-1.42524	0.35279299999999997	-0.477542	0.745046	-0.465683	0.0	0.36082	-0.31696599999999997	-0.877122	0.0	-0.8011010000000001	-0.5868899999999999	-0.11746300000000001	0.0	1.38943	0.11077000000000001	0.0774125	0.354207	
0	0.778989	0.551565	-0.298247	0.0	0.19256700000000002	0.242222	0.9509190000000001	0.0	0.5967359999999999	-0.798188	0.08247560000000001	0.0	-3.26986	-2.0325900000000003	-1.42524	0.35279299999999997	-0.477542	0.745046	-0.465683	0.0	0.36082	-0.31696599999999997	-0.877122	0.0	-0.8011010000000001	-0.5868899999999999	-0.11746300000000001	0.0	1.38943	0.11077100000000001	0.0774123	0.354207	
0	0.778989	0.551565	-0.298247	0.0	0.19256700000000002	0.242222	0.9509190000000001	0.0	0.5967359999999999	-0.798188	0.08247560000000001	0.0	-3.26986	-2.0325900000000003	-1.42524	0.35279299999999997	-0.477542	0.745046	-0.465683	0.0	0.36082	-0.31696599999999997	-0.877122	0.0	-0.8011010000000001	-0.5868899999999999	-0.11746300000000001	0.0	1.38943	0.11077000000000001	0.07741210000000001	0.354207	
0	0.778989	0.551565	-0.298247	0.0	0.19256700000000002	0.242222	0.9509190000000001	0.0	0.5967359999999999	-0.798188	0.08247560000000001	0.0	-3.26986	-2.0325900000000003	-1.42524	0.35279299999999997	-0.477542	0.745046	-0.465683	0.0	0.36082	-0.31696599999999997	-0.877122	0.0	-0.8011010000000001	-0.5868899999999999	-0.11746300000000001	0.0	1.38943	0.11077100000000001	0.0774125	0.354207	
0	0.778989	0.551565	-0.298247	0.0	0.19256700000000002	0.242222	0.9509190000000001	0.0	0.5967359999999999	-0.798188	0.08247560000000001	0.0	-3.26986	-2.0325900000000003	-1.42524	0.35279299999999997	-0.477542	0.745046	-0.465683	0.0	0.36082	-0.31696599999999997	-0.8771209999999999	0.0	-0.8011010000000001	-0.5868899999999999	-0.11746300000000001	0.0	1.38943	0.11077000000000001	0.0774123	0.354207	
0	0.778989	0.551565	-0.298247	0.0	0.19256700000000002	0.242222	0.9509190000000001	0.0	0.5967359999999999	-0.798188	0.08247560000000001	0.0	-3.26986	-2.0325900000000003	-1.42524	0.35279299999999997	-0.477542	0.745046	-0.465683	0.0	0.36082	-0.31696599999999997	-0.8771209999999999	0.0	-0.8011010000000001	-0.5868899999999999	-0.11746300000000001	0.0	1.38943	0.11077000000000001	0.0774123	0.354207	
0	0.778989	0.551565	-0.298247	0.0	0.19256700000000002	0.242222	0.9509190000000001	0.0	0.5967359999999999	-0.798188	0.08247560000000001	0.0	-3.26986	-2.0325900000000003	-1.42524	0.35279299999999997	-0.477542	0.745046	-0.465683	0.0	0.36082	-0.31696599999999997	-0.8771209999999999	0.0	-0.8011010000000001	-0.5868899999999999	-0.11746300000000001	0.0	1.38943	0.11077000000000001	0.0774125	0.354207	
0	0.778989	0.551565	-0.298247	0.0	0.19256700000000002	0.242222	0.9509190000000001	0.0	0.5967359999999999	-0.798188	0.08247560000000001	0.0	-3.26986	-2.0325900000000003	-1.42524	0.35279299999999997	-0.477542	0.745046	-0.465683	0.0	0.36082	-0.31696599999999997	-0.8771209999999999	0.0	-0.8011010000000001	-0.5868899999999999	-0.11746300000000001	0.0	1.38943	0.11077000000000001	0.0774123	0.354207	
0	0.18168099999999998	0.9537059999999999	-0.239662	0.0	0.37161	0.159058	0.9146620000000001	0.0	0.9104389999999999	-0.255237	-0.325508	0.0	-3.25066	-2.05555	-1.5072	0.349866	-0.381587	0.775055	-0.503668	0.0	0.36989099999999997	-0.371329	-0.851643	0.0	-0.847097	-0.511278	-0.144992	0.0	1.35207	0.11910799999999999	0.11945	0.35423699999999997	
0	0.313633	0.9257790000000001	-0.211112	0.0	0.34888600000000003	0.0944259	0.9323959999999999	0.0	0.883127	-0.366084	-0.293376	0.0	-3.1937900000000004	-2.21778	-1.4917799999999999	0.34913299999999997	-0.381739	0.775356	-0.503089	0.0	0.37288699999999997	-0.36885100000000004	-0.851413	0.0	-0.8457129999999999	-0.512612	-0.148315	0.0	1.35257	0.115819	0.111122	0.354417	
0	0.5706220000000001	0.797978	-0.193961	0.0	0.285125	0.0289807	0.958052	0.0	0.770126	-0.601989	-0.210986	0.0	-3.15522	-2.8102	-1.51162	0.351294	-0.38155100000000003	0.7770640000000001	-0.500591	0.0	0.376921	-0.363696	-0.8518540000000001	0.0	-0.844008	-0.513709	-0.154123	0.0	1.3553899999999999	0.0977895	0.0995443	0.354527	
0	0.6752199999999999	0.710286	-0.198927	0.0	0.24137399999999998	0.0420723	0.96952	0.0	0.697006	-0.702655	-0.143036	0.0	-3.13805	-3.187	-1.5664	0.350517	-0.38377100000000003	0.775824	-0.500817	0.0	0.378392	-0.362601	-0.851669	0.0	-0.842342	-0.516351	-0.15441	0.0	1.3585	0.0989363	0.104558	0.354634	
0	0.770463	0.602102	-0.20942800000000003	0.0	0.22439099999999998	0.0513516	0.973145	0.0	0.596687	-0.796766	-0.095542	0.0	-3.03587	-3.4751300000000005	-1.61775	0.346858	-0.386052	0.775014	-0.500317	0.0	0.38171900000000003	-0.359539	-0.851482	0.0	-0.839794	-0.5196970000000001	-0.15703699999999998	0.0	1.36236	0.0987189	0.0972307	0.354905	
0	0.8376459999999999	0.502077	-0.21509699999999998	0.0	0.198048	0.08782319999999999	0.97625	0.0	0.5090439999999999	-0.860352	-0.0258709	0.0	-2.97295	-3.69465	-1.67487	0.34249	-0.38724899999999995	0.77479	-0.49973900000000004	0.0	0.386268	-0.35582800000000003	-0.8509899999999999	0.0	-0.837159	-0.522578	-0.161483	0.0	1.37324	0.0941289	0.07410839999999999	0.354931	
0	0.8599610000000001	0.47185900000000003	-0.19446300000000002	0.0	0.177135	0.08138560000000002	0.980816	0.0	0.478633	-0.8779100000000001	-0.013594499999999999	0.0	-2.9565200000000003	-3.6837	-1.68639	0.338079	-0.387901	0.7748470000000001	-0.499143	0.0	0.38885	-0.353418	-0.8508180000000001	0.0	-0.8356600000000001	-0.524125	-0.164209	0.0	1.37868	0.09576069999999999	0.06720830000000001	0.35489899999999996	
0	0.8857729999999999	0.42476499999999995	-0.18703399999999998	0.0	0.172522	0.0727717	0.9823139999999999	0.0	0.430863	-0.902374	-0.00882202	0.0	-2.9201099999999998	-3.66971	-1.69307	0.332176	-0.388648	0.7748659999999999	-0.49853400000000003	0.0	0.389753	-0.35202	-0.850985	0.0	-0.834893	-0.525038	-0.165195	0.0	1.3812200000000001	0.0926091	0.0631742	0.355056	
0	0.894733	0.40325	-0.191941	0.0	0.175821	0.0770211	0.981404	0.0	0.41053500000000004	-0.9118430000000001	-0.00198666	0.0	-2.90125	-3.6615	-1.69993	0.331737	-0.389705	0.774516	-0.498251	0.0	0.39069299999999996	-0.350887	-0.851022	0.0	-0.83396	-0.526311	-0.165856	0.0	1.38004	0.0888629	0.0580808	0.355167	
0	0.913565	0.348231	-0.210083	0.0	0.186725	0.09975039999999999	0.9773350000000001	0.0	0.361294	-0.9320860000000001	0.026104900000000004	0.0	-2.85629	-3.64079	-1.7295200000000002	0.327916	-0.39006	0.77445	-0.49807700000000005	0.0	0.394338	-0.34831	-0.850399	0.0	-0.832076	-0.5281170000000001	-0.169533	0.0	1.37985	0.0796462	0.0243365	0.354876	
0	0.920487	0.321748	-0.221771	0.0	0.199985	0.0997045	0.9747129999999999	0.0	0.335723	-0.9415610000000001	0.027431999999999998	0.0	-2.8313599999999997	-3.6343400000000003	-1.73498	0.325081	-0.38971100000000003	0.774911	-0.497633	0.0	0.394341	-0.34789899999999996	-0.8505659999999999	0.0	-0.8322379999999999	-0.527712	-0.17	0.0	1.3792200000000001	0.0734059	0.0160684	0.3549	
0	0.930861	0.302871	-0.204371	0.0	0.10893399999999999	0.30385700000000004	0.946469	0.0	0.34875700000000004	-0.903294	0.249856	0.0	-2.91492	-3.5994	-1.79888	0.114346	-0.390466	0.77553	-0.496075	0.0	0.395109	-0.345532	-0.851174	0.0	-0.83152	-0.528358	-0.171501	0.0	1.37573	0.0624526	0.00298116	0.354943	
0	0.932902	0.310029	-0.183239	0.0	0.07842869999999999	0.321698	0.9435889999999999	0.0	0.351488	-0.894647	0.27579699999999996	0.0	-2.92522	-3.59619	-1.8040599999999998	0.11104800000000001	-0.39153000000000004	0.77571	-0.494953	0.0	0.397791	-0.342348	-0.851211	0.0	-0.8297389999999999	-0.530163	-0.174531	0.0	1.3733	0.056899599999999995	-0.00551504	0.354975	
0	0.91009	0.3249	-0.257247	0.0	0.2097	0.17436	0.962094	0.0	0.35743800000000003	-0.9295370000000001	0.0905518	0.0	-2.97383	-3.6091599999999997	-1.8206799999999999	0.11419000000000001	-0.391834	0.776189	-0.49396	0.0	0.39974699999999996	-0.339935	-0.851261	0.0	-0.8286540000000001	-0.531012	-0.177081	0.0	1.36982	0.054232100000000005	-0.0191695	0.35496500000000003	
0	0.87311	0.41408900000000004	-0.257311	0.0	0.239873	0.0946018	0.966184	0.0	0.42442799999999997	-0.905307	-0.0167311	0.0	-3.05167	-3.63301	-1.7985400000000002	0.113408	-0.39057800000000004	0.7779510000000001	-0.49218	0.0	0.401177	-0.33736700000000003	-0.851611	0.0	-0.828557	-0.530072	-0.180328	0.0	1.36886	0.0488566	-0.031265499999999995	0.35475100000000004	
