0	0.593133	0.516197	-0.617846	0.0	0.687222	0.0751828	0.722547	0.0	0.41942799999999997	-0.8531639999999999	-0.31014899999999995	0.0	-2.73968	2.0	1.46191	0.0	-0.593133	0.516197	-0.617847	0.0	0.749726	0.0744328	-0.6575489999999999	0.0	-0.293437	-0.8532290000000001	-0.431155	0.0	2.66032	2.0	1.53809	0.0	
0	0.593132	0.516197	-0.617846	0.0	0.687156	0.0753163	0.722595	0.0	0.41953500000000005	-0.853152	-0.31003600000000003	0.0	-2.73968	2.0	1.46191	0.0	0.0517274	0.6911510000000001	-0.720857	0.0	0.0877883	-0.722176	-0.686116	0.0	-0.9947950000000001	-0.027791800000000002	-0.0980313	0.0	2.7423	2.16111	1.2833700000000001	0.0	
0	0.593132	0.516197	-0.617846	0.0	0.687086	0.0754594	0.722647	0.0	0.419651	-0.853139	-0.30991399999999997	0.0	-2.73968	2.0	1.46191	0.0	0.0669534	0.678185	-0.731835	0.0	0.169211	-0.730574	-0.661535	0.0	-0.983303	-0.0795423	-0.163671	0.0	2.7753	2.2469200000000003	0.982374	0.0	
0	0.593132	0.516197	-0.617847	0.0	0.6870189999999999	0.0755961	0.722697	0.0	0.41976099999999994	-0.8531270000000001	-0.309799	0.0	-2.7396700000000003	2.0	1.46191	0.0	0.049273000000000004	0.638358	-0.768161	0.0	0.157664	-0.764424	-0.625139	0.0	-0.9862629999999999	-0.090309	-0.138312	0.0	2.7181599999999997	2.53792	0.8962399999999999	0.0	
0	0.593132	0.516197	-0.617846	0.0	0.686948	0.0757402	0.722749	0.0	0.41987700000000006	-0.8531139999999999	-0.309677	0.0	-2.73968	2.0	1.46191	0.0	0.0424644	0.726532	-0.68582	0.0	0.217594	-0.676687	-0.703383	0.0	-0.975115	-0.119362	-0.186824	0.0	2.60863	2.95807	0.821433	0.34271399999999996	
0	0.593132	0.516197	-0.617847	0.0	0.686883	0.07587260000000001	0.722797	0.0	0.419984	-0.8531030000000001	-0.309564	0.0	-2.7396700000000003	2.0	1.46191	0.0	-0.0102706	0.7731979999999999	-0.6340819999999999	0.0	0.24346900000000002	-0.6130979999999999	-0.7515539999999999	0.0	-0.9698540000000001	-0.162098	-0.181953	0.0	2.44145	3.07531	0.685871	0.349473	
0	0.593132	0.516197	-0.617847	0.0	0.686816	0.07600830000000001	0.722846	0.0	0.42009300000000005	-0.85309	-0.309449	0.0	-2.7396700000000003	2.0	1.46191	0.0	-0.12878699999999998	0.807351	-0.575846	0.0	0.291829	-0.5241140000000001	-0.800088	0.0	-0.94776	-0.27108899999999997	-0.16810999999999998	0.0	2.26504	2.9988	0.574623	0.350171	
0	0.593133	0.516197	-0.617846	0.0	0.686755	0.0761309	0.722891	0.0	0.420191	-0.8530790000000001	-0.309345	0.0	-2.73968	2.0	1.46191	0.0	-0.22918899999999998	0.803966	-0.548737	0.0	0.308911	-0.474525	-0.824258	0.0	-0.923064	-0.358421	-0.139598	0.0	2.09159	2.82538	0.533021	0.349733	
0	0.593133	0.516197	-0.617846	0.0	0.6866869999999999	0.0762691	0.722941	0.0	0.420303	-0.853067	-0.309228	0.0	-2.73968	2.0	1.46191	0.0	-0.286901	0.8016949999999999	-0.524379	0.0	0.304612	-0.442633	-0.8433790000000001	0.0	-0.9082399999999999	-0.401698	-0.11721400000000001	0.0	1.95081	2.66942	0.49843999999999994	0.349634	
0	0.593132	0.516197	-0.617846	0.0	0.6866270000000001	0.0763918	0.722985	0.0	0.420401	-0.8530559999999999	-0.30912399999999995	0.0	-2.7396700000000003	2.0	1.46191	0.0	-0.293892	0.802678	-0.518975	0.0	0.30204899999999996	-0.437141	-0.8471559999999999	0.0	-0.906859	-0.405729	-0.113976	0.0	1.8959	2.6347400000000003	0.48018299999999997	0.349308	
0	0.593133	0.516197	-0.617846	0.0	0.6865399999999999	0.076567	0.7230489999999999	0.0	0.42054300000000006	-0.8530399999999999	-0.30897600000000003	0.0	-2.73968	2.0	1.46191	0.0	-0.292691	0.8072010000000001	-0.5126	0.0	0.304681	-0.42940600000000007	-0.850165	0.0	-0.906367	-0.405015	-0.12025599999999999	0.0	1.81875	2.61718	0.39158699999999996	0.349342	
0	0.593132	0.516197	-0.617847	0.0	0.686479	0.0766916	0.723094	0.0	0.42064300000000004	-0.853029	-0.30887	0.0	-2.73968	2.0	1.46191	0.0	-0.28689499999999996	0.807982	-0.514642	0.0	0.305342	-0.43207700000000004	-0.8485729999999999	0.0	-0.9079969999999999	-0.400593	-0.12275	0.0	1.8009400000000002	2.61807	0.34028800000000003	0.34949600000000003	
0	0.593132	0.516197	-0.617846	0.0	0.686417	0.0768181	0.72314	0.0	0.420745	-0.853018	-0.308763	0.0	-2.7396700000000003	2.0	1.46191	0.0	-0.276173	0.803041	-0.528067	0.0	0.307492	-0.44673100000000004	-0.840167	0.0	-0.910592	-0.394407	-0.123554	0.0	1.79617	2.6429400000000003	0.315423	0.34928899999999996	
0	0.593132	0.516197	-0.617847	0.0	0.686357	0.07693889999999999	0.723184	0.0	0.420842	-0.853007	-0.308661	0.0	-2.73968	2.0	1.46191	0.0	-0.25132600000000005	0.794136	-0.553339	0.0	0.308679	-0.476075	-0.82345	0.0	-0.9173620000000001	-0.377758	-0.12548299999999998	0.0	1.77371	2.70031	0.280314	0.34813099999999997	
0	0.658968	0.696114	-0.284932	0.0	0.199097	0.203875	0.9585379999999999	0.0	0.7253430000000001	-0.688375	-0.00424719	0.0	-2.72063	2.03471	1.36916	7.86781e-06	-0.277428	0.787379	-0.550517	0.0	0.256325	-0.491579	-0.832255	0.0	-0.9259219999999999	-0.372002	-0.065447	0.0	1.7067299999999999	2.66729	0.32768	0.053990300000000005	
0	0.5998220000000001	0.758221	-0.25556599999999996	0.0	0.110274	0.238019	0.96498	0.0	0.7924979999999999	-0.606999	0.0591575	0.0	-2.73754	2.03989	1.31023	0.0	-0.289143	0.7870659999999999	-0.544906	0.0	0.26519299999999996	-0.48108500000000004	-0.8356020000000001	0.0	-0.9198200000000001	-0.386113	-0.06962239999999999	0.0	1.7672	2.69716	0.43176800000000004	0.0	
0	0.517076	0.795016	-0.31714699999999996	0.0	0.12896300000000002	0.29393400000000003	0.9470860000000001	0.0	0.8461690000000001	-0.530615	0.0494584	0.0	-2.6832700000000003	2.0958900000000003	1.22951	0.0	-0.265843	0.8036300000000001	-0.532454	0.0	0.265435	-0.469959	-0.8418329999999999	0.0	-0.9267540000000001	-0.365127	-0.0883764	0.0	1.81037	2.6775900000000004	0.388721	0.101829	
0	0.451034	0.822729	-0.345957	0.0	0.150393	0.312021	0.938097	0.0	0.8797440000000001	-0.47514300000000004	0.0169993	0.0	-2.60315	2.21625	1.25749	0.31306300000000004	-0.24069200000000002	0.8192010000000001	-0.520554	0.0	0.27129699999999995	-0.458161	-0.846455	0.0	-0.9319149999999999	-0.34496	-0.111971	0.0	1.7461200000000001	2.66634	0.383336	0.363151	
0	0.471688	0.8249639999999999	-0.31135999999999997	0.0	0.126334	0.28624	0.949793	0.0	0.872668	-0.48734099999999997	0.030795	0.0	-2.45611	2.21168	1.25709	0.354628	-0.250721	0.825541	-0.505591	0.0	0.30380799999999997	-0.428787	-0.8507899999999999	0.0	-0.9191520000000001	-0.366913	-0.1433	0.0	1.69605	2.67515	0.382712	0.36266	
0	0.704279	0.7042609999999999	-0.0894862	0.0	-0.0114346	0.137287	0.9904649999999999	0.0	0.709831	-0.6965399999999999	0.10474100000000001	0.0	-2.40861	1.96334	1.32239	0.354543	-0.272328	0.831635	-0.483964	0.0	0.343093	-0.385986	-0.8563299999999999	0.0	-0.898957	-0.399248	-0.180214	0.0	1.6712599999999997	2.61314	0.296317	0.36205	
0	0.8048310000000001	0.592409	0.036031400000000005	0.0	-0.0985359	0.0735079	0.9924149999999999	0.0	0.585267	-0.802277	0.11753499999999999	0.0	-2.4908099999999997	1.73663	1.31748	0.35233000000000003	-0.29039299999999996	0.823522	-0.487324	0.0	0.376438	-0.369894	-0.8493959999999999	0.0	-0.879754	-0.430105	-0.20259000000000002	0.0	1.7081	2.4986900000000003	0.210583	0.361127	
0	0.834694	0.540203	0.107082	0.0	-0.165133	0.060013300000000006	0.9844440000000001	0.0	0.525374	-0.839392	0.139298	0.0	-2.5087200000000003	1.60794	1.2874299999999999	0.351115	-0.294562	0.8163819999999999	-0.49674300000000005	0.0	0.387486	-0.37312399999999996	-0.8429909999999999	0.0	-0.873549	-0.44079399999999996	-0.206429	0.0	1.7318	2.45637	0.186049	0.360678	
0	0.8869600000000001	0.42802700000000005	0.17348	0.0	-0.22105100000000003	0.0636304	0.973184	0.0	0.40551	-0.901523	0.151053	0.0	-2.4792400000000003	1.47526	1.2996299999999998	0.34436	-0.297205	0.805815	-0.5121829999999999	0.0	0.395063	-0.38456999999999997	-0.834285	0.0	-0.8692489999999999	-0.450298	-0.204052	0.0	1.7520200000000001	2.48801	0.198436	0.359771	
0	0.901001	0.389644	0.190719	0.0	-0.238515	0.0777178	0.968024	0.0	0.362363	-0.9176799999999999	0.16296	0.0	-2.4893099999999997	1.4208	1.30925	0.299193	-0.292055	0.797562	-0.527825	0.0	0.388326	-0.405459	-0.8275299999999999	0.0	-0.8740180000000001	-0.44665200000000005	-0.191298	0.0	1.77276	2.5375099999999997	0.215581	0.359113	
0	0.891172	0.398613	0.216608	0.0	-0.262906	0.0646655	0.9626520000000001	0.0	0.369719	-0.9148370000000001	0.162426	0.0	-2.41578	1.37612	1.29845	0.21473000000000003	-0.14748699999999998	0.804599	-0.5752109999999999	0.0	0.337912	-0.505586	-0.79385	0.0	-0.92955	-0.31145300000000004	-0.19731700000000002	0.0	1.81072	2.94685	0.251724	0.358567	
0	0.8815930000000001	0.407362	0.238433	0.0	-0.274883	0.0324463	0.96093	0.0	0.38371	-0.91269	0.14058099999999998	0.0	-2.31242	1.3648799999999999	1.2902	0.348473	-0.0993358	0.79827	-0.594052	0.0	0.317666	-0.540324	-0.779191	0.0	-0.9429850000000001	-0.266111	-0.19991	0.0	1.8418299999999999	3.15531	0.271382	0.35723699999999997	
0	0.87298	0.41809399999999997	0.251203	0.0	-0.280909	0.00993145	0.959683	0.0	0.39874299999999996	-0.90835	0.126116	0.0	-2.18453	1.35653	1.17852	0.34321799999999997	-0.078873	0.790175	-0.607785	0.0	0.30341	-0.561732	-0.769675	0.0	-0.9495899999999999	-0.245114	-0.195442	0.0	1.85825	3.2481400000000002	0.282544	0.351641	
0	0.863894	0.43573500000000004	0.252632	0.0	-0.27807800000000005	-0.00558737	0.960542	0.0	0.41995299999999997	-0.900058	0.11634100000000001	0.0	-2.10176	1.36825	1.05616	0.342147	-0.0466705	0.781255	-0.6224649999999999	0.0	0.266806	-0.5907560000000001	-0.7614609999999999	0.0	-0.96262	-0.20161500000000002	-0.180873	0.0	1.8774400000000002	3.34113	0.295676	0.348333	
0	0.844508	0.492709	0.209866	0.0	-0.233391	-0.014102200000000002	0.972281	0.0	0.48201099999999997	-0.87008	0.103084	0.0	-2.012	1.4320700000000002	0.966699	0.34134000000000003	-0.0284649	0.77845	-0.627061	0.0	0.23854	-0.603901	-0.7605270000000001	0.0	-0.970715	-0.171227	-0.168501	0.0	1.88504	3.4256	0.33218600000000004	0.34896900000000003	
0	0.809834	0.571669	0.13177	0.0	-0.152593	-0.0116198	0.9882209999999999	0.0	0.566467	-0.8204020000000001	0.07782280000000001	0.0	-1.95586	1.51931	0.850316	0.341987	-0.0244704	0.7865	-0.617106	0.0	0.24277600000000002	-0.594137	-0.7668520000000001	0.0	-0.969774	-0.16858399999999998	-0.176405	0.0	1.8644599999999998	3.44454	0.32324	0.349605	
0	0.780497	0.621516	0.0673912	0.0	-0.0853544	-0.0008469069999999999	0.99635	0.0	0.619305	-0.783401	0.0523881	0.0	-1.92867	1.5891600000000001	0.8117479999999999	0.34078400000000003	-0.0191811	0.786589	-0.617178	0.0	0.245988	-0.594605	-0.765464	0.0	-0.969083	-0.166501	-0.182087	0.0	1.85785	3.44905	0.29789899999999997	0.351523	
0	0.620889	0.7711180000000001	-0.140974	0.0	0.113381	0.0896063	0.989503	0.0	0.775656	-0.630355	-0.0317946	0.0	-1.8981299999999999	1.84054	0.691605	0.341623	0.0236135	0.766572	-0.641724	0.0	0.250585	-0.62595	-0.7385079999999999	0.0	-0.967807	-0.143367	-0.20687199999999997	0.0	1.8491400000000002	3.4862699999999998	0.177252	0.352637	
0	0.417121	0.826139	-0.37882	0.0	0.274878	0.282616	0.919005	0.0	0.866287	-0.487465	-0.109203	0.0	-1.9287299999999998	2.20398	0.662611	0.343613	0.127639	0.766536	-0.6293890000000001	0.0	0.250456	-0.6389239999999999	-0.7273569999999999	0.0	-0.959677	-0.064795	-0.273535	0.0	1.81	3.56015	-0.0786341	0.352995	
0	0.40123200000000003	0.812829	-0.422282	0.0	0.311848	0.312259	0.8973549999999999	0.0	0.8612569999999999	-0.49173500000000003	-0.12819	0.0	-2.02055	2.2767	0.7159310000000001	0.343887	0.136875	0.770795	-0.622206	0.0	0.25823	-0.634165	-0.7288020000000001	0.0	-0.9563379999999999	-0.0609173	-0.285844	0.0	1.77372	3.5296199999999995	-0.139471	0.353522	
0	0.41843400000000003	0.779643	-0.465908	0.0	0.379161	0.316189	0.869633	0.0	0.825318	-0.540538	-0.163306	0.0	-2.37213	2.29104	1.04061	0.343979	0.125625	0.771111	-0.624185	0.0	0.27052600000000004	-0.6319520000000001	-0.726259	0.0	-0.9544809999999999	-0.0776225	-0.287995	0.0	1.73121	3.4651099999999997	-0.15623399999999998	0.352946	
0	0.354286	0.79165	-0.497767	0.0	0.44109799999999993	0.327884	0.835419	0.0	0.824569	-0.515541	-0.23303000000000001	0.0	-2.5634200000000003	2.26125	1.17889	0.345039	0.12825999999999999	0.771474	-0.6232	0.0	0.278404	-0.63113	-0.723993	0.0	-0.9518620000000001	-0.0806422	-0.29573	0.0	1.74635	3.4578699999999998	-0.13954	0.351583	
0	0.331818	0.81671	-0.472103	0.0	0.478421	0.285629	0.8303790000000001	0.0	0.813026	-0.501398	-0.295954	0.0	-2.75738	2.12458	1.25514	0.34544	0.12989	0.761612	-0.634882	0.0	0.27696	-0.6426890000000001	-0.714314	0.0	-0.9520620000000001	-0.08305470000000001	-0.294415	0.0	1.7622	3.44443	-0.10364300000000001	0.351272	
0	0.234085	0.847968	-0.47555699999999995	0.0	0.495026	0.31703400000000004	0.808974	0.0	0.836752	-0.424782	-0.345553	0.0	-2.8214599999999996	2.23447	1.18534	0.345273	0.11296300000000001	0.760846	-0.639025	0.0	0.30490300000000004	-0.638656	-0.706507	0.0	-0.9456600000000001	-0.115032	-0.304129	0.0	1.7506400000000002	3.4002	-0.0211952	0.3524	
0	0.234636	0.850425	-0.470876	0.0	0.511772	0.303764	0.803628	0.0	0.8264600000000001	-0.429541	-0.36394899999999997	0.0	-2.8620200000000002	2.33619	1.1283	0.345432	0.080125	0.772175	-0.6303380000000001	0.0	0.35842399999999996	-0.612394	-0.7046319999999999	0.0	-0.930114	-0.169469	-0.325834	0.0	1.73934	3.27515	-0.00742426	0.352231	
0	0.22643400000000002	0.845892	-0.48290200000000005	0.0	0.509121	0.319874	0.7990470000000001	0.0	0.830375	-0.426788	-0.358231	0.0	-2.87628	2.3289299999999997	1.16967	0.341307	0.08193550000000001	0.771171	-0.631333	0.0	0.360223	-0.613554	-0.702703	0.0	-0.929261	-0.169844	-0.328065	0.0	1.7462799999999998	3.26748	-0.00833278	0.351479	
0	0.22286	0.849511	-0.47818900000000003	0.0	0.5003270000000001	0.321319	0.8040069999999999	0.0	0.836664	-0.41843100000000005	-0.35342399999999996	0.0	-2.81995	2.3290599999999997	1.17262	0.341416	0.0526116	0.7735489999999999	-0.631549	0.0	0.357835	-0.605032	-0.71126	0.0	-0.9323020000000001	-0.18857000000000002	-0.308634	0.0	1.68087	3.2265	0.011802600000000002	0.35237399999999997	
0	0.219388	0.8517950000000001	-0.475725	0.0	0.498287	0.321389	0.805245	0.0	0.8387959999999999	-0.413709	-0.353929	0.0	-2.7887299999999997	2.32971	1.2	0.34208	0.0347784	0.776733	-0.628869	0.0	0.375123	-0.593387	-0.712163	0.0	-0.926323	-0.211135	-0.31200700000000003	0.0	1.6375	3.16983	0.0180573	0.351877	
0	0.21576900000000002	0.853526	-0.474275	0.0	0.492017	0.324511	0.807844	0.0	0.8434229999999999	-0.40765999999999997	-0.34993	0.0	-2.76695	2.32113	1.20182	0.342264	0.030134300000000003	0.778963	-0.626346	0.0	0.383893	-0.587591	-0.712295	0.0	-0.9228860000000001	-0.21898499999999999	-0.316745	0.0	1.6450900000000002	3.13695	0.00331222	0.352073	
0	0.21441500000000002	0.855239	-0.47179799999999994	0.0	0.490961	0.323207	0.809008	0.0	0.844384	-0.405098	-0.350589	0.0	-2.74221	2.3185	1.19943	0.342439	0.0280041	0.782374	-0.622179	0.0	0.394088	-0.5806520000000001	-0.712417	0.0	-0.918646	-0.22524299999999997	-0.324585	0.0	1.6679599999999999	3.11877	-0.010044299999999999	0.35181999999999997	
0	0.21275500000000003	0.854507	-0.47386999999999996	0.0	0.49102399999999996	0.325787	0.807934	0.0	0.844767	-0.404573	-0.350271	0.0	-2.72552	2.31772	1.2010100000000001	0.342396	0.025648700000000003	0.786684	-0.616823	0.0	0.405932	-0.5720609999999999	-0.712717	0.0	-0.913543	-0.23210799999999998	-0.334013	0.0	1.69753	3.09078	-0.041786699999999996	0.35193	
0	0.210168	0.8505020000000001	-0.482159	0.0	0.49166499999999996	0.334327	0.8040470000000001	0.0	0.845042	-0.406045	-0.34789699999999996	0.0	-2.72674	2.31285	1.20026	0.34224099999999996	0.0258195	0.7863220000000001	-0.6172770000000001	0.0	0.41930600000000007	-0.5690569999999999	-0.707359	0.0	-0.9074780000000001	-0.240564	-0.344402	0.0	1.7317799999999999	3.05357	-0.0771617	0.351675	
0	0.208652	0.847626	-0.48784700000000003	0.0	0.490992	0.340617	0.8018149999999999	0.0	0.845808	-0.406829	-0.345107	0.0	-2.7194599999999998	2.3297	1.21644	0.342015	0.0257347	0.786792	-0.616682	0.0	0.421393	-0.567938	-0.707018	0.0	-0.9065129999999999	-0.241671	-0.346165	0.0	1.74859	3.0344599999999997	-0.0867398	0.351838	
0	0.20847600000000002	0.846141	-0.490493	0.0	0.49158100000000005	0.342905	0.800478	0.0	0.8455090000000001	-0.407997	-0.344459	0.0	-2.717	2.34044	1.2239799999999998	0.341914	0.0264957	0.785523	-0.618265	0.0	0.42307700000000004	-0.569171	-0.705018	0.0	-0.9057059999999999	-0.242894	-0.347418	0.0	1.7578799999999999	3.02394	-0.08991189999999999	0.35187199999999996	
0	0.208483	0.8461690000000001	-0.49044099999999996	0.0	0.491569	0.342859	0.800505	0.0	0.845515	-0.407977	-0.34447	0.0	-2.71702	2.34022	1.22385	0.341914	0.026497800000000002	0.785538	-0.6182449999999999	0.0	0.42306000000000005	-0.569159	-0.705038	0.0	-0.9057139999999999	-0.242873	-0.347412	0.0	1.7577	3.02415	-0.0898447	0.35187199999999996	
0	0.208483	0.8461700000000001	-0.49044	0.0	0.491568	0.342858	0.800506	0.0	0.845515	-0.407977	-0.34447	0.0	-2.71702	2.34022	1.22385	0.341914	0.026498	0.785539	-0.6182449999999999	0.0	0.42306000000000005	-0.569159	-0.705038	0.0	-0.9057139999999999	-0.242873	-0.347412	0.0	1.7576900000000002	3.02415	-0.0898442	0.35187199999999996	
0	0.208483	0.8461700000000001	-0.49044	0.0	0.491568	0.342858	0.800506	0.0	0.845515	-0.407977	-0.34447	0.0	-2.71702	2.34022	1.22385	0.341913	0.026498	0.785539	-0.6182449999999999	0.0	0.42306000000000005	-0.569159	-0.705038	0.0	-0.9057139999999999	-0.242873	-0.347412	0.0	1.7576900000000002	3.02415	-0.08984400000000001	0.35187199999999996	
0	0.208483	0.8461700000000001	-0.49044	0.0	0.491568	0.342858	0.800506	0.0	0.845515	-0.407977	-0.34447	0.0	-2.71702	2.34022	1.22385	0.341913	0.026498	0.785539	-0.6182449999999999	0.0	0.42306000000000005	-0.569159	-0.705038	0.0	-0.9057139999999999	-0.242873	-0.347412	0.0	1.7576900000000002	3.02415	-0.08984400000000001	0.35187199999999996	
0	0.208483	0.8461700000000001	-0.49044	0.0	0.491568	0.342858	0.800506	0.0	0.845515	-0.407977	-0.34447	0.0	-2.71702	2.34022	1.22385	0.341913	0.026498	0.785539	-0.6182449999999999	0.0	0.42306000000000005	-0.569159	-0.705038	0.0	-0.9057139999999999	-0.242873	-0.347412	0.0	1.7576900000000002	3.02415	-0.08984389999999999	0.35187199999999996	
0	0.208483	0.8461700000000001	-0.49044	0.0	0.491568	0.342858	0.800506	0.0	0.845515	-0.407977	-0.34447	0.0	-2.71702	2.34022	1.22385	0.341913	0.026498	0.785539	-0.6182449999999999	0.0	0.42306000000000005	-0.569159	-0.705038	0.0	-0.9057139999999999	-0.242873	-0.347412	0.0	1.7576900000000002	3.02415	-0.0898442	0.35187199999999996	
0	0.208483	0.8461700000000001	-0.49044	0.0	0.491568	0.342858	0.800506	0.0	0.845515	-0.407977	-0.34447	0.0	-2.71702	2.34022	1.22385	0.341913	0.026498	0.785539	-0.6182449999999999	0.0	0.42306000000000005	-0.569159	-0.705038	0.0	-0.9057139999999999	-0.242873	-0.347412	0.0	1.7576900000000002	3.02415	-0.08984360000000001	0.35187199999999996	
0	0.208483	0.8461700000000001	-0.49044	0.0	0.491568	0.342858	0.800506	0.0	0.845515	-0.407977	-0.34447	0.0	-2.71702	2.34022	1.22385	0.341913	0.0264981	0.785539	-0.6182449999999999	0.0	0.42306000000000005	-0.569159	-0.705038	0.0	-0.9057139999999999	-0.242873	-0.347412	0.0	1.7576900000000002	3.02415	-0.0898441	0.35187199999999996	
0	0.208483	0.8461700000000001	-0.49044	0.0	0.491568	0.342858	0.800506	0.0	0.845515	-0.407977	-0.34447	0.0	-2.71702	2.34022	1.22385	0.341913	0.026498	0.785539	-0.6182449999999999	0.0	0.42306000000000005	-0.569159	-0.705038	0.0	-0.9057139999999999	-0.242873	-0.347412	0.0	1.7576900000000002	3.02415	-0.0898441	0.35187199999999996	
0	0.208483	0.8461700000000001	-0.49044	0.0	0.491568	0.342858	0.800506	0.0	0.845515	-0.407977	-0.34447	0.0	-2.71702	2.34022	1.22385	0.341913	0.026498	0.785539	-0.6182449999999999	0.0	0.42306000000000005	-0.569159	-0.705038	0.0	-0.9057139999999999	-0.242873	-0.347412	0.0	1.7576900000000002	3.02415	-0.08984400000000001	0.35187199999999996	
0	0.208483	0.8461700000000001	-0.49044	0.0	0.491568	0.342858	0.800506	0.0	0.845515	-0.407977	-0.34447	0.0	-2.71702	2.34022	1.22385	0.341914	0.026498	0.785539	-0.6182449999999999	0.0	0.42306000000000005	-0.569159	-0.705038	0.0	-0.9057139999999999	-0.242873	-0.347412	0.0	1.7576900000000002	3.02415	-0.0898448	0.35187199999999996	
0	0.208483	0.8461700000000001	-0.49044	0.0	0.491568	0.342858	0.800506	0.0	0.845515	-0.407977	-0.34447	0.0	-2.71702	2.34022	1.22385	0.341913	0.026498	0.785539	-0.6182449999999999	0.0	0.42306000000000005	-0.569159	-0.705038	0.0	-0.9057139999999999	-0.242873	-0.347412	0.0	1.7576900000000002	3.02415	-0.0898442	0.35187199999999996	
0	0.208483	0.8461700000000001	-0.49044	0.0	0.491568	0.342858	0.800506	0.0	0.845515	-0.407977	-0.34447	0.0	-2.71702	2.34022	1.22385	0.341913	0.026498	0.785539	-0.6182449999999999	0.0	0.42306000000000005	-0.569159	-0.705038	0.0	-0.9057139999999999	-0.242873	-0.347412	0.0	1.7576900000000002	3.02415	-0.0898443	0.351871	
0	0.208483	0.8461700000000001	-0.49044	0.0	0.491568	0.342858	0.800506	0.0	0.845515	-0.407977	-0.34447	0.0	-2.71702	2.34022	1.22385	0.341913	0.026498	0.785539	-0.6182449999999999	0.0	0.42306000000000005	-0.569159	-0.705038	0.0	-0.9057139999999999	-0.242873	-0.347412	0.0	1.7576900000000002	3.02415	-0.0898441	0.351871	
0	0.208483	0.8461700000000001	-0.49044	0.0	0.491568	0.342858	0.800506	0.0	0.845515	-0.407977	-0.34447	0.0	-2.71702	2.34022	1.22385	0.341913	0.026498	0.785539	-0.6182449999999999	0.0	0.42306000000000005	-0.569159	-0.705038	0.0	-0.9057139999999999	-0.242873	-0.347412	0.0	1.7576900000000002	3.02415	-0.0898443	0.351871	
0	0.208483	0.8461700000000001	-0.49044	0.0	0.491568	0.342858	0.800506	0.0	0.845515	-0.407977	-0.34447	0.0	-2.71702	2.34022	1.22385	0.341913	0.026498	0.785539	-0.6182449999999999	0.0	0.42306000000000005	-0.569159	-0.705038	0.0	-0.9057139999999999	-0.242873	-0.347412	0.0	1.7576900000000002	3.02415	-0.0898441	0.351871	
0	0.208483	0.8461700000000001	-0.49044	0.0	0.491568	0.342858	0.800506	0.0	0.845515	-0.407977	-0.34447	0.0	-2.71702	2.34022	1.22385	0.341913	0.026498	0.785539	-0.6182449999999999	0.0	0.42306000000000005	-0.569159	-0.705038	0.0	-0.9057139999999999	-0.242873	-0.347412	0.0	1.7576900000000002	3.02415	-0.08984400000000001	0.351871	
0	0.208483	0.8461700000000001	-0.49044	0.0	0.491568	0.342858	0.800506	0.0	0.845515	-0.407977	-0.34447	0.0	-2.71702	2.34022	1.22385	0.341913	0.026498	0.785539	-0.6182449999999999	0.0	0.42306000000000005	-0.569159	-0.705038	0.0	-0.9057139999999999	-0.242873	-0.347412	0.0	1.7576900000000002	3.02415	-0.08984389999999999	0.351871	
0	0.208483	0.8461700000000001	-0.49044	0.0	0.491568	0.342858	0.800506	0.0	0.845515	-0.407977	-0.34447	0.0	-2.71702	2.34022	1.22385	0.341913	0.026498	0.785539	-0.6182449999999999	0.0	0.42306000000000005	-0.569159	-0.705038	0.0	-0.9057139999999999	-0.242873	-0.347412	0.0	1.7576900000000002	3.02415	-0.08984389999999999	0.351871	
0	0.208483	0.8461700000000001	-0.49044	0.0	0.491568	0.342858	0.800506	0.0	0.845515	-0.407977	-0.34447	0.0	-2.71702	2.34022	1.22385	0.341913	0.026498	0.785539	-0.6182449999999999	0.0	0.42306000000000005	-0.569159	-0.705038	0.0	-0.9057139999999999	-0.242873	-0.347412	0.0	1.7576900000000002	3.02415	-0.0898446	0.351871	
0	0.208483	0.8461700000000001	-0.49044	0.0	0.491568	0.342858	0.800506	0.0	0.845515	-0.407976	-0.34447	0.0	-2.71702	2.34022	1.22385	0.341913	0.026498	0.785539	-0.6182449999999999	0.0	0.42306000000000005	-0.569159	-0.705038	0.0	-0.9057139999999999	-0.242873	-0.347412	0.0	1.7576900000000002	3.02415	-0.0898441	0.351871	
0	0.208483	0.8461700000000001	-0.49044	0.0	0.491568	0.342858	0.800506	0.0	0.845515	-0.407977	-0.34447	0.0	-2.71702	2.34022	1.22385	0.341914	0.026498	0.785539	-0.6182449999999999	0.0	0.42306000000000005	-0.569159	-0.705038	0.0	-0.9057139999999999	-0.242873	-0.347412	0.0	1.7576900000000002	3.02415	-0.0898443	0.351871	
0	0.208483	0.8461700000000001	-0.49044	0.0	0.491568	0.342858	0.800506	0.0	0.845515	-0.407977	-0.34447	0.0	-2.71702	2.34022	1.22385	0.341914	0.0264981	0.785539	-0.6182449999999999	0.0	0.42306000000000005	-0.569159	-0.705038	0.0	-0.9057139999999999	-0.242873	-0.347412	0.0	1.7576900000000002	3.02415	-0.0898443	0.35187199999999996	
0	0.208483	0.8461700000000001	-0.49044	0.0	0.491568	0.342858	0.800506	0.0	0.845515	-0.407977	-0.34447	0.0	-2.71702	2.34022	1.22385	0.341914	0.026498	0.785539	-0.6182449999999999	0.0	0.42306000000000005	-0.569159	-0.705038	0.0	-0.9057139999999999	-0.242873	-0.347412	0.0	1.7576900000000002	3.02415	-0.08984400000000001	0.351871	
0	0.244233	0.9370139999999999	-0.24971300000000002	0.0	0.291248	0.174742	0.9405530000000001	0.0	0.9249459999999999	-0.302442	-0.23022600000000001	0.0	-2.7053599999999998	2.63686	1.38343	0.342489	0.107188	0.815923	-0.568137	0.0	0.317992	-0.5695479999999999	-0.757955	0.0	-0.9420149999999999	-0.0994192	-0.320506	0.0	1.7216099999999999	3.3181800000000004	0.124626	0.337122	
0	0.37496599999999997	0.9218959999999999	-0.0975079	0.0	0.18120899999999998	0.0302645	0.982979	0.0	0.9091549999999999	-0.386253	-0.15570799999999999	0.0	-2.65869	2.75168	1.63363	0.339976	0.0608274	0.8239	-0.563461	0.0	0.260385	-0.5580579999999999	-0.78789	0.0	-0.9635870000000001	-0.0987917	-0.248477	0.0	1.65142	3.41891	0.387135	0.341903	
0	0.494476	0.8689459999999999	0.0206248	0.0	0.05501369999999999	-0.0549692	0.9969709999999999	0.0	0.867448	-0.49184399999999995	-0.0749849	0.0	-2.53323	2.61848	1.91495	0.339124	-0.0125098	0.8380040000000001	-0.545521	0.0	0.230424	-0.528465	-0.817086	0.0	-0.97301	-0.135923	-0.18648499999999998	0.0	1.57385	3.41318	0.6956439999999999	0.350038	
0	0.589159	0.805729	0.060762699999999996	0.0	-0.00979617	-0.0680717	0.997632	0.0	0.807958	-0.58836	-0.0322121	0.0	-2.43948	2.33145	2.07471	0.340254	-0.0576125	0.838924	-0.541191	0.0	0.21543099999999998	-0.518872	-0.827261	0.0	-0.9748180000000001	-0.16425	-0.150837	0.0	1.50325	3.3530300000000004	0.8995690000000001	0.353939	
0	0.687753	0.720445	0.08918999999999999	0.0	-0.066215	-0.060092200000000005	0.995994	0.0	0.7229180000000001	-0.690904	0.00637564	0.0	-2.33914	1.94365	2.18507	0.341275	-0.109345	0.841519	-0.529046	0.0	0.211325	-0.5003890000000001	-0.839615	0.0	-0.971281	-0.20360799999999998	-0.123119	0.0	1.4226299999999998	3.2766	1.07656	0.354403	
0	0.7393029999999999	0.6645770000000001	0.10847899999999999	0.0	-0.0993544	-0.0516779	0.9937090000000001	0.0	0.666003	-0.7454310000000001	0.0278231	0.0	-2.29394	1.6323	2.25925	0.340532	-0.137667	0.842255	-0.521205	0.0	0.22629000000000002	-0.48555200000000004	-0.844412	0.0	-0.964282	-0.23419099999999998	-0.12375	0.0	1.38125	3.2004	1.1595600000000001	0.35492199999999996	
0	0.786784	0.603808	0.12801500000000002	0.0	-0.136728	-0.0317527	0.9901	0.0	0.601895	-0.796497	0.057575	0.0	-2.24222	1.37722	2.27529	0.339467	-0.147276	0.841124	-0.520404	0.0	0.23743499999999998	-0.48069300000000004	-0.844133	0.0	-0.960174	-0.24788200000000002	-0.128918	0.0	1.36568	3.1090299999999997	1.1727	0.354553	
0	0.810496	0.570605	0.13231300000000001	0.0	-0.151278	-0.0143118	0.9883879999999999	0.0	0.565873	-0.8211	0.0747202	0.0	-2.24549	1.2705799999999998	2.24083	0.339038	-0.148335	0.840255	-0.5215069999999999	0.0	0.23995300000000003	-0.48100200000000004	-0.8432440000000001	0.0	-0.959385	-0.250219	-0.130272	0.0	1.36617	3.08873	1.17098	0.3547	
0	0.8745	0.462541	0.145963	0.0	-0.183524	0.0369913	0.982319	0.0	0.448963	-0.885826	0.11723599999999999	0.0	-2.31767	1.058	2.06869	0.325375	-0.158353	0.8410569999999999	-0.517249	0.0	0.25256300000000004	-0.471929	-0.844686	0.0	-0.954535	-0.264397	-0.137688	0.0	1.37284	3.096	1.1769	0.354186	
0	0.889784	0.435934	0.13508	0.0	-0.174567	0.051620400000000004	0.983291	0.0	0.421677	-0.8984969999999999	0.12203	0.0	-2.32479	1.0543799999999999	1.9467	0.32604	-0.166719	0.8431559999999999	-0.511169	0.0	0.26245799999999997	-0.461772	-0.8472790000000001	0.0	-0.9504319999999999	-0.275418	-0.144307	0.0	1.37249	3.10855	1.1816200000000001	0.35384099999999996	
0	0.8991389999999999	0.41409700000000005	0.141676	0.0	-0.16554100000000002	0.0221148	0.9859549999999999	0.0	0.405148	-0.909964	0.0884341	0.0	-2.233	1.13893	1.73249	0.327217	-0.171041	0.844937	-0.50678	0.0	0.268838	-0.454819	-0.849038	0.0	-0.9478770000000001	-0.281462	-0.149359	0.0	1.3848799999999999	3.13606	1.196	0.353157	
0	0.9069860000000001	0.396584	0.141767	0.0	-0.15500799999999998	0.00135309	0.9879120000000001	0.0	0.391599	-0.917997	0.0627011	0.0	-2.21264	1.17289	1.6418400000000002	0.326004	-0.171356	0.845506	-0.505724	0.0	0.269545	-0.45349799999999996	-0.8495209999999999	0.0	-0.9476190000000001	-0.281886	-0.150193	0.0	1.38368	3.13389	1.1966700000000001	0.353242	
0	0.934873	0.329458	0.132172	0.0	-0.125788	-0.0407215	0.9912209999999999	0.0	0.331947	-0.943292	0.00337217	0.0	-2.2047	1.14547	1.28782	0.305717	-0.174547	0.8462299999999999	-0.503417	0.0	0.272226	-0.44986499999999996	-0.8505969999999999	0.0	-0.9462700000000001	-0.285512	-0.151843	0.0	1.3845399999999999	3.13852	1.19926	0.352902	
0	0.949117	0.29212899999999997	0.117632	0.0	-0.115281	-0.0253141	0.9930100000000001	0.0	0.293065	-0.956044	0.0096509	0.0	-2.2114599999999998	1.01831	1.08438	0.290931	-0.17670999999999998	0.846316	-0.502517	0.0	0.274388	-0.447953	-0.8509110000000001	0.0	-0.945243	-0.288249	-0.153061	0.0	1.38667	3.1446	1.20176	0.352817	
0	0.957894	0.26731900000000003	0.10478	0.0	-0.106999	-0.00629637	0.994239	0.0	0.266439	-0.9635879999999999	0.0225715	0.0	-2.1808	0.8804649999999999	0.9842799999999999	0.270268	-0.17993	0.847633	-0.499144	0.0	0.277094	-0.44320299999999996	-0.8525200000000001	0.0	-0.943846	-0.29170300000000005	-0.155129	0.0	1.3896600000000001	3.15015	1.21005	0.35296900000000003	
0	0.962651	0.251753	0.099616	0.0	-0.0989812	-0.015216899999999998	0.994973	0.0	0.25200300000000003	-0.967672	0.0102703	0.0	-2.2004099999999998	0.7606189999999999	0.9293969999999999	0.29793800000000004	-0.18441400000000002	0.847295	-0.498079	0.0	0.28114	-0.44011999999999996	-0.852792	0.0	-0.941781	-0.297297	-0.15704400000000002	0.0	1.39186	3.15747	1.2154399999999999	0.35334699999999997	
0	0.963081	0.24923	0.101784	0.0	-0.09857819999999999	-0.0253461	0.994806	0.0	0.25051599999999996	-0.9681129999999999	0.00015831	0.0	-2.1999299999999997	0.690045	0.920107	0.30717	-0.18626700000000002	0.8472069999999999	-0.49754	0.0	0.281661	-0.43910200000000005	-0.853145	0.0	-0.941261	-0.29905	-0.156835	0.0	1.4044	3.17338	1.2315399999999999	0.353443	
0	0.965924	0.235168	0.108109	0.0	-0.10309700000000001	-0.033543	0.9941059999999999	0.0	0.23740799999999998	-0.971376	-0.0081549	0.0	-2.17604	0.6312989999999999	0.8577389999999999	0.324408	-0.18578	0.8481790000000001	-0.496062	0.0	0.281875	-0.43762799999999996	-0.8538319999999999	0.0	-0.941293	-0.298452	-0.157778	0.0	1.39768	3.1644	1.22395	0.35415399999999997	
0	0.9653299999999999	0.23704899999999998	0.109297	0.0	-0.10398800000000001	-0.034820800000000006	0.9939690000000001	0.0	0.239425	-0.970874	-0.00896323	0.0	-2.1454400000000002	0.5784159999999999	0.8502629999999999	0.330868	-0.18464	0.848249	-0.49636899999999995	0.0	0.281079	-0.43838	-0.853708	0.0	-0.9417549999999999	-0.297147	-0.15748199999999998	0.0	1.39364	3.15937	1.21767	0.353946	
0	0.964884	0.241312	0.10376600000000001	0.0	-0.104474	-0.00989394	0.9944790000000001	0.0	0.241006	-0.970397	0.0156643	0.0	-2.12626	0.539992	0.886335	0.313481	-0.183028	0.8493200000000001	-0.495133	0.0	0.278679	-0.43816000000000005	-0.854608	0.0	-0.942782	-0.2944	-0.15649200000000002	0.0	1.38901	3.14549	1.21449	0.354232	
0	0.9668190000000001	0.23418200000000003	0.102074	0.0	-0.102644	-0.00978314	0.99467	0.0	0.233933	-0.972143	0.014579	0.0	-2.13415	0.5399520000000001	0.9091629999999999	0.309711	-0.18171500000000002	0.850612	-0.493395	0.0	0.278292	-0.43675200000000003	-0.855454	0.0	-0.9431510000000001	-0.292757	-0.157354	0.0	1.3852799999999998	3.13814	1.21195	0.354578	
0	0.966799	0.23425900000000002	0.102089	0.0	-0.10266700000000001	-0.00975926	0.994668	0.0	0.234006	-0.972125	0.014615399999999999	0.0	-2.1337599999999997	0.539981	0.908808	0.309758	-0.181728	0.8506	-0.493411	0.0	0.27829	-0.436767	-0.855447	0.0	-0.943149	-0.29277	-0.15734	0.0	1.38534	3.1383099999999997	1.2120799999999998	0.354576	
0	0.966799	0.23425900000000002	0.102089	0.0	-0.10266700000000001	-0.0097592	0.994668	0.0	0.23400700000000002	-0.972125	0.014615600000000001	0.0	-2.1337599999999997	0.53998	0.9088069999999999	0.309758	-0.181729	0.8506	-0.493411	0.0	0.27829	-0.436767	-0.855447	0.0	-0.943149	-0.29277	-0.15734	0.0	1.38534	3.1383099999999997	1.2120799999999998	0.354576	
0	0.966799	0.23425900000000002	0.102089	0.0	-0.10266700000000001	-0.00975921	0.994668	0.0	0.23400700000000002	-0.972125	0.014615600000000001	0.0	-2.1337599999999997	0.53998	0.9088069999999999	0.309758	-0.181729	0.8506	-0.493411	0.0	0.27829	-0.436767	-0.855447	0.0	-0.943149	-0.29277	-0.15734	0.0	1.38534	3.1383099999999997	1.2120799999999998	0.354576	
0	0.966799	0.23425900000000002	0.102089	0.0	-0.10266700000000001	-0.0097592	0.994668	0.0	0.23400700000000002	-0.972125	0.014615600000000001	0.0	-2.1337599999999997	0.53998	0.9088069999999999	0.309758	-0.181729	0.8506	-0.493411	0.0	0.27829	-0.436767	-0.855447	0.0	-0.943149	-0.29277	-0.15734	0.0	1.38534	3.1383099999999997	1.2120799999999998	0.354576	
0	0.966799	0.23425900000000002	0.102089	0.0	-0.10266700000000001	-0.0097592	0.994668	0.0	0.23400700000000002	-0.972125	0.014615600000000001	0.0	-2.1337599999999997	0.53998	0.9088069999999999	0.309758	-0.181729	0.8506	-0.493411	0.0	0.278289	-0.436767	-0.855447	0.0	-0.943149	-0.29277	-0.15734	0.0	1.38534	3.1383099999999997	1.2120799999999998	0.354576	
0	0.966799	0.23425900000000002	0.102089	0.0	-0.10266700000000001	-0.00975921	0.994668	0.0	0.23400700000000002	-0.972125	0.014615600000000001	0.0	-2.1337599999999997	0.53998	0.908806	0.309758	-0.181729	0.8506	-0.493411	0.0	0.278289	-0.436767	-0.855447	0.0	-0.943149	-0.29277	-0.15734	0.0	1.38534	3.1383099999999997	1.2120799999999998	0.354576	
0	0.966799	0.23425900000000002	0.102089	0.0	-0.10266700000000001	-0.00975921	0.994668	0.0	0.23400700000000002	-0.972125	0.014615600000000001	0.0	-2.1337599999999997	0.53998	0.908806	0.309758	-0.181729	0.8506	-0.493411	0.0	0.27829	-0.436767	-0.855447	0.0	-0.943149	-0.29277	-0.15734	0.0	1.38534	3.1383099999999997	1.2120799999999998	0.354576	
0	0.966799	0.23425900000000002	0.102089	0.0	-0.10266700000000001	-0.00975921	0.994668	0.0	0.23400700000000002	-0.972125	0.014615600000000001	0.0	-2.1337599999999997	0.53998	0.908806	0.309758	-0.181729	0.8506	-0.493411	0.0	0.27829	-0.436767	-0.855447	0.0	-0.943149	-0.29277	-0.15734	0.0	1.38534	3.1383099999999997	1.2120799999999998	0.354576	
0	0.966799	0.23425900000000002	0.102089	0.0	-0.10266700000000001	-0.0097592	0.994668	0.0	0.23400700000000002	-0.972125	0.014615600000000001	0.0	-2.1337599999999997	0.53998	0.908806	0.309758	-0.181729	0.8506	-0.493411	0.0	0.27829	-0.436767	-0.855447	0.0	-0.943149	-0.29277	-0.15734	0.0	1.38534	3.1383099999999997	1.2120799999999998	0.354576	
0	0.966799	0.23425900000000002	0.102089	0.0	-0.10266700000000001	-0.0097592	0.994668	0.0	0.23400700000000002	-0.972125	0.014615600000000001	0.0	-2.1337599999999997	0.53998	0.908806	0.309758	-0.181729	0.8506	-0.493411	0.0	0.27829	-0.436767	-0.855447	0.0	-0.943149	-0.29277	-0.15734	0.0	1.38534	3.1383099999999997	1.2120799999999998	0.354576	
0	0.966799	0.23425900000000002	0.102089	0.0	-0.10266700000000001	-0.0097592	0.994668	0.0	0.23400700000000002	-0.972125	0.014615600000000001	0.0	-2.1337599999999997	0.53998	0.908806	0.309758	-0.181729	0.8506	-0.493411	0.0	0.27829	-0.436767	-0.855447	0.0	-0.943149	-0.29277	-0.15734	0.0	1.38534	3.1383099999999997	1.2120799999999998	0.354576	
0	0.966799	0.23425900000000002	0.102089	0.0	-0.10266700000000001	-0.00975921	0.994668	0.0	0.23400700000000002	-0.972125	0.014615600000000001	0.0	-2.1337599999999997	0.53998	0.908806	0.309758	-0.181729	0.8506	-0.493411	0.0	0.27829	-0.436767	-0.855447	0.0	-0.943149	-0.29277	-0.15734	0.0	1.38534	3.1383099999999997	1.2120799999999998	0.354576	
0	0.966799	0.23425900000000002	0.102089	0.0	-0.10266700000000001	-0.00975921	0.994668	0.0	0.23400700000000002	-0.972125	0.014615600000000001	0.0	-2.1337599999999997	0.53998	0.908806	0.309758	-0.181729	0.8506	-0.493411	0.0	0.27829	-0.436767	-0.855447	0.0	-0.943149	-0.29277	-0.15734	0.0	1.38534	3.1383099999999997	1.2120799999999998	0.354576	
0	0.966799	0.23425900000000002	0.102089	0.0	-0.10266700000000001	-0.00975921	0.994668	0.0	0.23400700000000002	-0.972125	0.014615600000000001	0.0	-2.1337599999999997	0.53998	0.908806	0.309758	-0.181729	0.8506	-0.493411	0.0	0.27829	-0.436767	-0.855447	0.0	-0.943149	-0.29277	-0.15734	0.0	1.38534	3.1383099999999997	1.2120799999999998	0.354576	
0	0.966799	0.23425900000000002	0.102089	0.0	-0.10266700000000001	-0.0097592	0.994668	0.0	0.23400700000000002	-0.972125	0.014615600000000001	0.0	-2.1337599999999997	0.53998	0.908806	0.309758	-0.181729	0.8506	-0.493411	0.0	0.27829	-0.436767	-0.855447	0.0	-0.943149	-0.29277	-0.15734	0.0	1.38534	3.1383099999999997	1.2120799999999998	0.354576	
0	0.966799	0.23425900000000002	0.102089	0.0	-0.10266700000000001	-0.00975921	0.994668	0.0	0.23400700000000002	-0.972125	0.014615600000000001	0.0	-2.1337599999999997	0.53998	0.908806	0.309758	-0.181729	0.8506	-0.493411	0.0	0.27829	-0.436767	-0.855447	0.0	-0.943149	-0.29277	-0.15734	0.0	1.38534	3.1383099999999997	1.2120799999999998	0.354576	
0	0.966799	0.23425900000000002	0.102089	0.0	-0.10266700000000001	-0.0097592	0.994668	0.0	0.23400700000000002	-0.972125	0.014615600000000001	0.0	-2.1337599999999997	0.53998	0.908806	0.309758	-0.181729	0.8506	-0.493411	0.0	0.27829	-0.436767	-0.855447	0.0	-0.943149	-0.29277	-0.15734	0.0	1.38534	3.1383099999999997	1.2120799999999998	0.354576	
0	0.966799	0.23425900000000002	0.102089	0.0	-0.10266700000000001	-0.00975921	0.994668	0.0	0.23400700000000002	-0.972125	0.014615600000000001	0.0	-2.1337599999999997	0.53998	0.908806	0.309758	-0.181729	0.8506	-0.493411	0.0	0.27829	-0.436767	-0.855447	0.0	-0.943149	-0.29277	-0.15734	0.0	1.38534	3.1383099999999997	1.2120799999999998	0.354576	
0	0.966799	0.23425900000000002	0.102089	0.0	-0.10266700000000001	-0.00975921	0.994668	0.0	0.23400700000000002	-0.972125	0.014615600000000001	0.0	-2.1337599999999997	0.53998	0.908806	0.309758	-0.181729	0.8506	-0.493411	0.0	0.27829	-0.436767	-0.855447	0.0	-0.943149	-0.29277	-0.15734	0.0	1.38534	3.1383099999999997	1.2120799999999998	0.354576	
0	0.966799	0.23425900000000002	0.102089	0.0	-0.10266700000000001	-0.0097592	0.994668	0.0	0.23400700000000002	-0.972125	0.014615600000000001	0.0	-2.1337599999999997	0.53998	0.908806	0.309758	-0.181729	0.8506	-0.493411	0.0	0.27829	-0.436767	-0.855447	0.0	-0.943149	-0.29277	-0.15734	0.0	1.38534	3.1383099999999997	1.2120799999999998	0.354576	
0	0.966799	0.23425900000000002	0.102089	0.0	-0.10266700000000001	-0.00975921	0.994668	0.0	0.23400700000000002	-0.972125	0.014615600000000001	0.0	-2.1337599999999997	0.53998	0.908806	0.309758	-0.181729	0.8506	-0.493411	0.0	0.27829	-0.436767	-0.855447	0.0	-0.943149	-0.29277	-0.15734	0.0	1.38534	3.1383099999999997	1.2120799999999998	0.354576	
0	0.966799	0.23425900000000002	0.102089	0.0	-0.10266700000000001	-0.0097592	0.994668	0.0	0.23400700000000002	-0.972125	0.014615600000000001	0.0	-2.1337599999999997	0.53998	0.908806	0.309758	-0.181728	0.8506	-0.493411	0.0	0.27829	-0.436767	-0.855447	0.0	-0.943149	-0.29277	-0.15734	0.0	1.38534	3.1383099999999997	1.2120799999999998	0.354576	
0	0.966799	0.23425900000000002	0.102089	0.0	-0.10266700000000001	-0.00975921	0.994668	0.0	0.23400700000000002	-0.972125	0.014615600000000001	0.0	-2.1337599999999997	0.53998	0.908806	0.309758	-0.181729	0.8506	-0.493411	0.0	0.27829	-0.436767	-0.855447	0.0	-0.943149	-0.29277	-0.15734	0.0	1.38534	3.1383099999999997	1.2120799999999998	0.354576	
0	0.37694	0.9253950000000001	-0.03950019999999999	0.0	0.289354	-0.0771364	0.954109	0.0	0.8798809999999999	-0.371071	-0.296842	0.0	-2.0758099999999997	0.445799	0.731206	0.332163	0.232611	0.81919	-0.524233	0.0	0.187023	-0.566635	-0.802463	0.0	-0.954419	0.08861770000000001	-0.285013	0.0	1.35995	3.15584	1.23833	0.35687399999999997	
0	0.43688999999999995	0.897445	-0.060982299999999996	0.0	0.26198299999999997	-0.06209590000000001	0.963073	0.0	0.860518	-0.436734	-0.262245	0.0	-1.9863400000000002	0.292195	0.632733	0.34407	0.233589	0.819277	-0.523662	0.0	0.189441	-0.566587	-0.80193	0.0	-0.953702	0.088119	-0.287553	0.0	1.36201	3.14738	1.22707	0.35672800000000005	
