3	0.351018	0.866247	-0.355533	0.0	0.471396	0.164589	0.8664270000000001	0.0	0.809056	-0.471728	-0.350572	0.0	-2.84585	1.8761599999999998	1.32477	-3.29018e-05	-0.310631	0.9178959999999999	-0.246929	0.0	0.503319	-0.0615355	-0.861907	0.0	-0.8063359999999999	-0.39202	-0.44288	0.0	2.65786	1.91386	1.41139	0.0	
3	0.323231	0.8649110000000001	-0.383993	0.0	0.451035	0.215916	0.8659950000000001	0.0	0.8319190000000001	-0.453111	-0.320314	0.0	-2.8555	1.75233	1.21796	0.0	-0.32154699999999997	0.913111	-0.25067	0.0	0.508897	-0.0565999	-0.858965	0.0	-0.7985180000000001	-0.40376300000000004	-0.44648000000000004	0.0	2.6720200000000003	1.85185	1.23217	0.0	
3	0.294247	0.8760049999999999	-0.382143	0.0	0.423825	0.23877800000000002	0.8737030000000001	0.0	0.8566159999999999	-0.419047	-0.30101300000000003	0.0	-2.76158	1.6834900000000002	1.0765200000000001	0.0	-0.296715	0.920852	-0.252965	0.0	0.47402	-0.08793730000000001	-0.8761120000000001	0.0	-0.829015	-0.379866	-0.41041000000000005	0.0	2.59232	1.8703900000000002	1.1724700000000001	0.0	
3	0.248984	0.9069649999999999	-0.339738	0.0	0.356765	0.240229	0.9027790000000001	0.0	0.9004030000000001	-0.345984	-0.26376	0.0	-2.58377	1.65124	0.881532	0.0	-0.282427	0.943155	-0.17519300000000002	0.0	0.405794	-0.0480218	-0.912702	0.0	-0.869233	-0.328864	-0.369164	0.0	2.46512	1.93293	1.1131	0.149095	
3	0.20879299999999998	0.924629	-0.318537	0.0	0.32414699999999996	0.241873	0.9145629999999999	0.0	0.9226780000000001	-0.294207	-0.24921500000000002	0.0	-2.35795	1.63612	0.756617	0.343046	-0.277965	0.9451120000000001	-0.171753	0.0	0.39515	-0.0504688	-0.9172290000000001	0.0	-0.875552	-0.322826	-0.359433	0.0	2.309	1.93403	0.97744	0.360039	
3	0.200666	0.9342389999999999	-0.294842	0.0	0.276665	0.23467	0.931873	0.0	0.939782	-0.268567	-0.21138099999999999	0.0	-2.08575	1.6150200000000001	0.744859	0.354635	-0.292665	0.9346180000000001	-0.202079	0.0	0.351662	-0.09132080000000001	-0.9316620000000001	0.0	-0.889202	-0.343729	-0.301944	0.0	2.13619	1.79603	0.93527	0.362509	
3	0.20419	0.936356	-0.28556	0.0	0.24985500000000002	0.23219499999999998	0.940031	0.0	0.946509	-0.263293	-0.186542	0.0	-1.9757200000000001	1.55672	0.653388	0.354937	-0.333624	0.913004	-0.234773	0.0	0.330355	-0.12002	-0.9361950000000001	0.0	-0.882927	-0.389895	-0.261574	0.0	1.9899200000000001	1.5901299999999998	0.893702	0.36291100000000004	
3	0.186843	0.936634	-0.29632	0.0	0.217569	0.254689	0.9422299999999999	0.0	0.957995	-0.24051999999999998	-0.156195	0.0	-1.8795	1.49102	0.611995	0.352732	-0.37299499999999997	0.8952540000000001	-0.24371199999999998	0.0	0.326903	-0.119022	-0.937533	0.0	-0.868337	-0.42936499999999994	-0.24826700000000002	0.0	1.84201	1.30406	0.804794	0.362669	
3	0.19197999999999998	0.9317049999999999	-0.30833299999999997	0.0	0.199669	0.270525	0.94178	0.0	0.960873	-0.24236799999999997	-0.134098	0.0	-1.8399	1.3856700000000002	0.599772	0.353087	-0.396701	0.8881319999999999	-0.232057	0.0	0.328927	-0.0984808	-0.939206	0.0	-0.856992	-0.44891400000000004	-0.25306300000000004	0.0	1.75868	1.13368	0.7597649999999999	0.362535	
3	0.252826	0.9330629999999999	-0.255875	0.0	0.212693	0.204396	0.9555020000000001	0.0	0.943843	-0.29599899999999996	-0.14678	0.0	-1.78243	1.27975	0.622999	0.353608	-0.47211000000000003	0.862188	-0.183696	0.0	0.351752	-0.00682652	-0.936068	0.0	-0.808321	-0.5065430000000001	-0.300054	0.0	1.6960099999999998	0.9818540000000001	0.7081529999999999	0.362073	
3	0.5702470000000001	0.814052	-0.110171	0.0	0.201312	-0.00845931	0.979491	0.0	0.796425	-0.58073	-0.168702	0.0	-1.81982	0.977865	0.731521	0.34993	-0.579038	0.805103	-0.128549	0.0	0.37049099999999996	0.11938599999999999	-0.921132	0.0	-0.726259	-0.580996	-0.367413	0.0	1.69609	0.815376	0.6167279999999999	0.360987	
3	0.719507	0.694222	-0.019125	0.0	0.17472000000000001	-0.15429400000000001	0.972454	0.0	0.672148	-0.703028	-0.23231	0.0	-2.00008	0.705802	0.673242	0.349576	-0.6364770000000001	0.763371	-0.11027999999999999	0.0	0.376845	0.183026	-0.908014	0.0	-0.672967	-0.6194890000000001	-0.40416399999999997	0.0	1.74226	0.765155	0.5538420000000001	0.360774	
3	0.7407630000000001	0.671763	0.00222427	0.0	0.186218	-0.208524	0.960126	0.0	0.6454409999999999	-0.710811	-0.279561	0.0	-2.10371	0.627158	0.5633729999999999	0.348159	-0.633368	0.764915	-0.11726600000000001	0.0	0.408157	0.201459	-0.8904059999999999	0.0	-0.65746	-0.611817	-0.439803	0.0	1.78982	0.831169	0.501905	0.36062	
3	0.760204	0.648446	0.040100699999999996	0.0	0.20591900000000002	-0.29903	0.9317610000000001	0.0	0.616188	-0.700071	-0.36085100000000003	0.0	-2.14859	0.741028	0.405476	0.349029	-0.582762	0.8014979999999999	-0.134122	0.0	0.459305	0.18870599999999998	-0.8680030000000001	0.0	-0.670393	-0.567442	-0.478103	0.0	1.8363	1.00537	0.444759	0.360097	
3	0.7729600000000001	0.633038	0.04237659999999999	0.0	0.20945100000000003	-0.317653	0.9247850000000001	0.0	0.598885	-0.705946	-0.37812399999999996	0.0	-2.21228	0.7502489999999999	0.35622	0.34879899999999997	-0.561869	0.815707	-0.137569	0.0	0.47447	0.181556	-0.861345	0.0	-0.677629	-0.549236	-0.48903900000000006	0.0	1.83348	1.07352	0.396397	0.35946999999999996	
3	0.7549680000000001	0.65518	0.0275969	0.0	0.24195	-0.317422	0.916899	0.0	0.609494	-0.685553	-0.398165	0.0	-2.35229	0.744093	0.277568	0.347385	-0.529857	0.836609	-0.139058	0.0	0.480688	0.161167	-0.8619540000000001	0.0	-0.698707	-0.523556	-0.487543	0.0	1.806	1.16929	0.383042	0.35939899999999997	
3	0.636307	0.769408	-0.055888	0.0	0.355207	-0.227908	0.9065790000000001	0.0	0.684792	-0.596715	-0.41831899999999994	0.0	-2.38777	0.8301	0.24953899999999998	0.347035	-0.50165	0.850507	-0.158067	0.0	0.47912200000000005	0.121026	-0.8693649999999999	0.0	-0.720271	-0.51185	-0.46820900000000004	0.0	1.8103599999999997	1.16849	0.445363	0.360006	
3	0.43073599999999995	0.886043	-0.171448	0.0	0.48085500000000003	-0.0645618	0.8744200000000001	0.0	0.763705	-0.459085	-0.45386800000000005	0.0	-2.26595	1.09555	0.19351	0.347979	-0.39424899999999996	0.889351	-0.231566	0.0	0.49271800000000004	-0.00814527	-0.870151	0.0	-0.775756	-0.457153	-0.434988	0.0	1.81887	1.2531	0.515718	0.360722	
3	0.370094	0.9069940000000001	-0.200981	0.0	0.50515	-0.0149125	0.8629030000000001	0.0	0.77965	-0.42088100000000006	-0.463687	0.0	-2.2073400000000003	1.22894	0.18188900000000002	0.348763	-0.288527	0.91399	-0.285262	0.0	0.47772700000000007	-0.120777	-0.870167	0.0	-0.8297770000000001	-0.387344	-0.40179000000000004	0.0	1.82172	1.35853	0.5240229999999999	0.360707	
3	0.23162399999999997	0.9381209999999999	-0.257448	0.0	0.5282220000000001	0.100948	0.8430840000000001	0.0	0.816904	-0.331269	-0.472154	0.0	-2.1722599999999996	1.38185	0.12447899999999999	0.349916	-0.142238	0.926213	-0.349139	0.0	0.43336199999999997	-0.258853	-0.863246	0.0	-0.889925	-0.27409	-0.36456700000000003	0.0	1.83943	1.58409	0.51947	0.360263	
3	0.0934127	0.9469360000000001	-0.307548	0.0	0.53874	0.211695	0.815441	0.0	0.837277	-0.24186100000000002	-0.490378	0.0	-2.1415	1.58197	0.12576600000000002	0.350929	-0.0384018	0.917645	-0.395542	0.0	0.386185	-0.35145	-0.8528450000000001	0.0	-0.9216219999999999	-0.185503	-0.340885	0.0	1.8459999999999999	1.7950099999999998	0.529676	0.358656	
3	-0.0387735	0.937117	-0.346855	0.0	0.517464	0.315777	0.795308	0.0	0.854826	-0.148648	-0.49716899999999997	0.0	-2.12043	1.7773599999999998	0.109872	0.351091	-0.0218667	0.9124450000000001	-0.408614	0.0	0.37801999999999997	-0.370823	-0.8482870000000001	0.0	-0.9255389999999999	-0.173013	-0.336814	0.0	1.83971	1.91032	0.5741569999999999	0.358327	
3	-0.0469222	0.934955	-0.351648	0.0	0.5200100000000001	0.323436	0.790556	0.0	0.8528700000000001	-0.145766	-0.501362	0.0	-2.11116	1.8653099999999998	0.1312	0.351356	-0.0227041	0.917366	-0.397396	0.0	0.391417	-0.35761	-0.847884	0.0	-0.919933	-0.174798	-0.350954	0.0	1.83421	1.9433200000000002	0.5942970000000001	0.35831399999999997	
3	-0.047341	0.934526	-0.352733	0.0	0.520035	0.32455700000000004	0.79008	0.0	0.8528319999999999	-0.14603	-0.501351	0.0	-2.1080799999999997	1.90157	0.150299	0.35125100000000004	-0.0239637	0.922905	-0.384282	0.0	0.406475	-0.34219	-0.8471620000000001	0.0	-0.9133479999999999	-0.176502	-0.366938	0.0	1.8322200000000002	1.9473799999999999	0.590167	0.358159	
3	-0.0456187	0.9350040000000001	-0.351691	0.0	0.522509	0.322392	0.789334	0.0	0.851413	-0.147753	-0.503255	0.0	-2.11396	1.9087900000000002	0.158326	0.351171	-0.024596200000000002	0.925318	-0.378394	0.0	0.410038	-0.335867	-0.847975	0.0	-0.9117370000000001	-0.176013	-0.371155	0.0	1.8284099999999999	1.9359099999999998	0.583825	0.358576	
3	-0.043889	0.936717	-0.347326	0.0	0.525784	0.317275	0.7892319999999999	0.0	0.849485	-0.14798	-0.506436	0.0	-2.13246	1.9126900000000002	0.16769900000000001	0.35129699999999997	-0.027875	0.9273110000000001	-0.373253	0.0	0.41616400000000003	-0.328734	-0.8477870000000001	0.0	-0.9088629999999999	-0.17896600000000001	-0.37675	0.0	1.8208799999999998	1.9237	0.586399	0.359678	
3	-0.044406400000000006	0.9361700000000001	-0.348733	0.0	0.525994	0.318684	0.788524	0.0	0.8493280000000001	-0.14841600000000002	-0.506572	0.0	-2.14237	1.90618	0.175476	0.351862	-0.0385508	0.9290940000000001	-0.36783000000000005	0.0	0.41993800000000003	-0.318957	-0.849658	0.0	-0.906734	-0.187221	-0.377865	0.0	1.80329	1.88009	0.597708	0.359664	
3	-0.024803	0.939262	-0.342304	0.0	0.52868	0.30293400000000004	0.792924	0.0	0.848459	-0.161303	-0.504083	0.0	-2.14207	1.8998099999999998	0.22109	0.352077	-0.0481091	0.928984	-0.366979	0.0	0.42305299999999996	-0.313872	-0.8500059999999999	0.0	-0.904827	-0.196145	-0.37790999999999997	0.0	1.7971	1.85411	0.62016	0.359848	
3	-0.0256592	0.938925	-0.343165	0.0	0.526771	0.304451	0.793614	0.0	0.84962	-0.160406	-0.50241	0.0	-2.14221	1.89743	0.25012399999999996	0.351939	-0.0475052	0.927119	-0.371745	0.0	0.41866400000000004	-0.319416	-0.8501139999999999	0.0	-0.906898	-0.196021	-0.372977	0.0	1.80597	1.85447	0.640258	0.360144	
3	-0.0295569	0.9381370000000001	-0.345001	0.0	0.5248149999999999	0.308315	0.793417	0.0	0.8507030000000001	-0.157611	-0.5014609999999999	0.0	-2.14085	1.89825	0.24968200000000002	0.351646	-0.0226016	0.9000790000000001	-0.43513999999999997	0.0	0.39068600000000003	-0.392689	-0.8325620000000001	0.0	-0.9202459999999999	-0.18882000000000002	-0.342773	0.0	1.82213	1.84843	0.663095	0.360244	
3	-0.0382218	0.9336120000000001	-0.35624	0.0	0.5177510000000001	0.323418	0.792045	0.0	0.854677	-0.15417	-0.49573999999999996	0.0	-2.11315	1.89985	0.251092	0.351511	0.0817707	0.823367	-0.561588	0.0	0.317767	-0.555606	-0.7683270000000001	0.0	-0.944636	-0.115628	-0.307071	0.0	1.8538400000000002	1.9147299999999998	0.6946140000000001	0.359773	
3	-0.160919	0.903863	-0.396406	0.0	0.47530900000000004	0.422968	0.771479	0.0	0.864978	-0.0642692	-0.49767700000000004	0.0	-2.1025400000000003	1.9594900000000002	0.179886	0.35096900000000003	0.154638	0.757549	-0.6341979999999999	0.0	0.243796	-0.651328	-0.718565	0.0	-0.957419	-0.0434975	-0.285407	0.0	1.86483	2.03206	0.710446	0.35794000000000004	
3	-0.315895	0.8387319999999999	-0.44355200000000006	0.0	0.399765	0.541628	0.739478	0.0	0.8604639999999999	0.0562802	-0.506393	0.0	-2.0809	2.13084	0.14566600000000002	0.35021599999999997	0.20103	0.7237859999999999	-0.660091	0.0	0.217788	-0.690006	-0.690261	0.0	-0.955068	-0.00499719	-0.296344	0.0	1.86982	2.14424	0.6824439999999999	0.344006	
3	-0.332326	0.81105	-0.481412	0.0	0.377229	0.582117	0.7203039999999999	0.0	0.864441	0.0577731	-0.499404	0.0	-2.09833	2.3195799999999998	0.16489600000000001	0.349878	0.174246	0.771356	-0.612085	0.0	0.276406	-0.634918	-0.7214430000000001	0.0	-0.9451129999999999	-0.043475400000000004	-0.323839	0.0	1.8424900000000002	2.1600900000000003	0.670611	0.345095	
3	0.08173939999999999	0.9248360000000001	-0.371479	0.0	0.479103	0.29037399999999997	0.8283379999999999	0.0	0.8739450000000001	-0.245685	-0.419357	0.0	-2.0872900000000003	2.01155	0.324921	0.347868	0.043582	0.841432	-0.5386029999999999	0.0	0.37703200000000003	-0.5131020000000001	-0.771085	0.0	-0.9251739999999999	-0.169465	-0.339609	0.0	1.7796	1.96426	0.766029	0.34425700000000004	
3	0.47243599999999997	0.8601270000000001	-0.19232	0.0	0.36554899999999996	0.00733069	0.9307629999999999	0.0	0.801984	-0.5100279999999999	-0.31095500000000004	0.0	-2.06585	1.4660600000000001	0.371103	0.349049	0.026555000000000002	0.85245	-0.522135	0.0	0.400905	-0.48755600000000004	-0.775606	0.0	-0.9157350000000001	-0.18873	-0.354699	0.0	1.7703200000000001	1.85476	0.766874	0.354517	
3	0.791308	0.587838	-0.16816099999999998	0.0	0.169388	0.053498300000000006	0.9840959999999999	0.0	0.587486	-0.807208	-0.057239	0.0	-1.9836599999999998	0.683096	0.578595	0.348457	0.0200446	0.857698	-0.513764	0.0	0.42789499999999997	-0.471786	-0.7709239999999999	0.0	-0.9036059999999999	-0.20438399999999998	-0.376461	0.0	1.78593	1.8401599999999998	0.700805	0.354982	
3	0.8647389999999999	0.48271000000000003	-0.138631	0.0	0.125227	0.060074300000000004	0.990308	0.0	0.48635900000000004	-0.873718	-0.00849974	0.0	-2.13672	0.239129	0.386819	0.34815999999999997	0.0162179	0.8601639999999999	-0.50976	0.0	0.435162	-0.465082	-0.77093	0.0	-0.900206	-0.209326	-0.381853	0.0	1.7918900000000002	1.85477	0.6933060000000001	0.354526	
3	0.8716940000000001	0.47218000000000004	-0.131136	0.0	0.11285799999999999	0.06697660000000001	0.991351	0.0	0.476879	-0.8789540000000001	0.005094	0.0	-2.18781	0.0930535	0.188052	0.348161	0.0159192	0.861418	-0.5076470000000001	0.0	0.436288	-0.46281400000000006	-0.771658	0.0	-0.899666	-0.209196	-0.383194	0.0	1.7946400000000002	1.84484	0.6926869999999999	0.354677	
3	0.887502	0.438413	-0.14189200000000002	0.0	0.112375	0.0927087	0.989332	0.0	0.446891	-0.8939790000000001	0.033012599999999996	0.0	-2.21201	-0.04775530000000001	0.050091199999999995	0.34785	0.0185592	0.8621770000000001	-0.506267	0.0	0.437487	-0.46231099999999997	-0.771281	0.0	-0.899033	-0.207171	-0.38577100000000003	0.0	1.7967	1.83581	0.683591	0.35476399999999997	
3	0.90633	0.39611799999999997	-0.147162	0.0	0.118198	0.09671410000000001	0.9882690000000001	0.0	0.40570300000000004	-0.913092	0.040834699999999995	0.0	-2.28891	-0.226381	-0.036534500000000004	0.34820999999999996	0.0176132	0.86219	-0.506278	0.0	0.437767	-0.46189300000000005	-0.7713720000000001	0.0	-0.8989159999999999	-0.208046	-0.385574	0.0	1.80003	1.8376299999999999	0.688516	0.355086	
3	0.915839	0.373456	-0.147542	0.0	0.12621400000000002	0.0810827	0.988684	0.0	0.381193	-0.924097	0.027123400000000002	0.0	-2.3499	-0.317985	-0.102523	0.348267	0.016886900000000003	0.8620049999999999	-0.506618	0.0	0.438066	-0.461848	-0.7712289999999999	0.0	-0.898784	-0.20890799999999998	-0.385415	0.0	1.79782	1.83523	0.6865829999999999	0.35512	
3	0.915271	0.371002	-0.156961	0.0	0.134352	0.0861989	0.9871770000000001	0.0	0.379774	-0.924623	0.029050599999999996	0.0	-2.52237	-0.5045	-0.260913	0.346483	0.016094	0.8613059999999999	-0.507833	0.0	0.43977700000000003	-0.46223100000000006	-0.770026	0.0	-0.897963	-0.21094000000000002	-0.38622199999999995	0.0	1.8015400000000001	1.8399900000000002	0.68824	0.35525999999999996	
3	0.908066	0.382824	-0.16989	0.0	0.134831	0.11683800000000001	0.9839559999999999	0.0	0.396532	-0.9164030000000001	0.0544798	0.0	-2.51044	-0.546758	-0.28782399999999997	0.34583200000000003	0.013290600000000001	0.862079	-0.5066	0.0	0.44337600000000005	-0.45919499999999996	-0.769778	0.0	-0.8962370000000001	-0.214383	-0.388328	0.0	1.80473	1.8488	0.691295	0.35544899999999996	
3	0.903912	0.376362	-0.20321199999999998	0.0	0.147542	0.171579	0.97406	0.0	0.401466	-0.9104459999999999	0.0995629	0.0	-2.48737	-0.6003850000000001	-0.301321	0.34668699999999997	0.0106589	0.862029	-0.5067470000000001	0.0	0.446539	-0.457542	-0.768933	0.0	-0.894701	-0.218086	-0.389807	0.0	1.80762	1.8571799999999998	0.6952119999999999	0.355243	
3	0.9070379999999999	0.362749	-0.21376199999999998	0.0	0.15166300000000002	0.192131	0.9695790000000001	0.0	0.392785	-0.911866	0.119254	0.0	-2.4866900000000003	-0.625911	-0.267743	0.346539	0.0107169	0.862059	-0.506694	0.0	0.44739799999999996	-0.457308	-0.768573	0.0	-0.8942709999999999	-0.218457	-0.390585	0.0	1.81139	1.85817	0.696588	0.35539499999999996	
3	0.914486	0.342163	-0.215964	0.0	0.152351	0.203282	0.967195	0.0	0.37484	-0.9173879999999999	0.13377	0.0	-2.52391	-0.638994	-0.24677600000000002	0.347037	0.011974799999999999	0.863454	-0.504285	0.0	0.44790699999999994	-0.455528	-0.769334	0.0	-0.894	-0.21666	-0.392203	0.0	1.8125099999999998	1.8450799999999998	0.693384	0.35552399999999995	
3	0.915191	0.344986	-0.208352	0.0	0.15070699999999998	0.186522	0.970823	0.0	0.373782	-0.9198879999999999	0.11871099999999998	0.0	-2.5434200000000002	-0.616002	-0.41489899999999996	0.347403	0.012454	0.8637309999999999	-0.5038	0.0	0.447909	-0.455283	-0.7694770000000001	0.0	-0.893992	-0.216074	-0.392543	0.0	1.8105200000000001	1.84295	0.690631	0.355623	
3	0.902019	0.37959499999999996	-0.20559499999999997	0.0	0.151031	0.168663	0.9740340000000001	0.0	0.404415	-0.9096489999999999	0.09480670000000001	0.0	-2.49155	-0.596458	-0.550783	0.346009	0.0114085	0.864028	-0.503315	0.0	0.448104	-0.45439399999999996	-0.769889	0.0	-0.8939090000000001	-0.216754	-0.392359	0.0	1.81109	1.83857	0.690736	0.356398	
3	0.8768549999999999	0.431413	-0.21214899999999998	0.0	0.160222	0.153818	0.975023	0.0	0.45327	-0.8889450000000001	0.06575410000000001	0.0	-2.3816	-0.594244	-0.668296	0.344434	0.0106771	0.865232	-0.501257	0.0	0.45141000000000003	-0.45147	-0.769678	0.0	-0.8922530000000001	-0.21805500000000003	-0.395395	0.0	1.81594	1.8339	0.684919	0.356948	
3	0.855159	0.46868000000000004	-0.22145399999999998	0.0	0.162037	0.16411199999999998	0.973042	0.0	0.492389	-0.8679899999999999	0.0643982	0.0	-2.2733	-0.60465	-0.6870649999999999	0.336528	0.0126638	0.866368	-0.499245	0.0	0.45388	-0.449866	-0.7691640000000001	0.0	-0.8909729999999999	-0.21685700000000002	-0.398924	0.0	1.82405	1.82197	0.666788	0.35667	
3	0.8483209999999999	0.477836	-0.228088	0.0	0.168456	0.164822	0.971831	0.0	0.50197	-0.862848	0.0593279	0.0	-2.2422299999999997	-0.604525	-0.697271	0.335293	0.013652100000000002	0.8666219999999999	-0.498779	0.0	0.45319899999999996	-0.45001	-0.7694810000000001	0.0	-0.8913049999999999	-0.21554099999999998	-0.39889600000000003	0.0	1.82709	1.81782	0.656259	0.35673299999999997	
3	0.842462	0.48222	-0.240254	0.0	0.17991500000000002	0.16852899999999998	0.9691379999999999	0.0	0.507827	-0.8596870000000001	0.0552206	0.0	-2.25257	-0.60277	-0.6975939999999999	0.34421799999999997	0.012493299999999999	0.866499	-0.49902299999999994	0.0	0.451324	-0.45022	-0.77046	0.0	-0.892273	-0.21559499999999998	-0.39669699999999997	0.0	1.8229	1.82092	0.649356	0.356774	
3	0.814817	0.514979	-0.266214	0.0	0.186159	0.202459	0.961434	0.0	0.549016	-0.832951	0.0690987	0.0	-2.28202	-0.618699	-0.678285	0.345427	0.012211399999999999	0.8674219999999999	-0.497424	0.0	0.454528	-0.44791099999999995	-0.769922	0.0	-0.890649	-0.216691	-0.399737	0.0	1.8144099999999999	1.8170400000000002	0.637614	0.35704	
3	0.808809	0.522465	-0.269923	0.0	0.184442	0.21046399999999998	0.960045	0.0	0.558399	-0.8262780000000001	0.07386039999999999	0.0	-2.2685299999999997	-0.626678	-0.649419	0.34562600000000004	0.0133501	0.8678440000000001	-0.496658	0.0	0.456449	-0.44722	-0.769187	0.0	-0.88965	-0.21643	-0.402097	0.0	1.81853	1.8143099999999999	0.6324770000000001	0.35734	
3	0.797168	0.53768	-0.274634	0.0	0.17025	0.23623000000000002	0.956666	0.0	0.579257	-0.80938	0.0967749	0.0	-2.14756	-0.660158	-0.509066	0.34571399999999997	0.00762397	0.866907	-0.49841199999999997	0.0	0.46381999999999995	-0.444633	-0.7662720000000001	0.0	-0.8858959999999999	-0.225331	-0.405479	0.0	1.8142	1.7858599999999998	0.6482289999999999	0.357575	
3	0.795067	0.540081	-0.27601	0.0	0.165468	0.244662	0.955385	0.0	0.5835140000000001	-0.805266	0.105157	0.0	-2.11205	-0.670673	-0.463311	0.345965	0.00156891	0.865326	-0.501206	0.0	0.46530600000000005	-0.444275	-0.765578	0.0	-0.885149	-0.23201300000000002	-0.40333800000000003	0.0	1.8130099999999998	1.7719900000000002	0.6636310000000001	0.357444	
3	0.796968	0.538213	-0.27416999999999997	0.0	0.162574	0.246022	0.955533	0.0	0.5817319999999999	-0.8061020000000001	0.108573	0.0	-2.06737	-0.676355	-0.420921	0.345916	-0.00109971	0.8627530000000001	-0.505624	0.0	0.457976	-0.44904799999999995	-0.767212	0.0	-0.888964	-0.232408	-0.394627	0.0	1.80393	1.7844799999999998	0.721983	0.35746300000000003	
3	0.797765	0.537168	-0.2739	0.0	0.166304	0.24061300000000002	0.956268	0.0	0.579581	-0.8084279999999999	0.10262	0.0	-2.07003	-0.672601	-0.413584	0.345495	-0.0103083	0.86431	-0.502854	0.0	0.459164	-0.44263800000000003	-0.770221	0.0	-0.888292	-0.23883200000000002	-0.392297	0.0	1.7890700000000002	1.7844900000000001	0.742255	0.35709	
3	0.797906	0.536829	-0.27415500000000004	0.0	0.167235	0.239812	0.956307	0.0	0.5791189999999999	-0.808891	0.10157100000000001	0.0	-2.07064	-0.671899	-0.414426	0.345166	-0.0111696	0.864417	-0.5026510000000001	0.0	0.459216	-0.44210299999999997	-0.770497	0.0	-0.8882549999999999	-0.239431	-0.392016	0.0	1.78735	1.78338	0.743053	0.357078	
3	0.766103	0.564824	-0.306693	0.0	0.190905	0.25567	0.947728	0.0	0.613711	-0.7846069999999999	0.08804189999999999	0.0	-2.10071	-0.664518	-0.435095	0.341469	-0.0182719	0.865677	-0.50027	0.0	0.46374399999999993	-0.43593999999999994	-0.771297	0.0	-0.8857809999999999	-0.24609	-0.393487	0.0	1.7851700000000001	1.77715	0.772475	0.357034	
3	0.7625149999999999	0.566209	-0.313015	0.0	0.193795	0.261708	0.945491	0.0	0.617264	-0.781611	0.08982799999999999	0.0	-2.10416	-0.66643	-0.435341	0.34273400000000004	-0.020568799999999998	0.867604	-0.496831	0.0	0.467987	-0.430779	-0.771633	0.0	-0.883496	-0.24838200000000002	-0.397167	0.0	1.78361	1.76322	0.760655	0.357015	
3	0.762219	0.5658880000000001	-0.314314	0.0	0.190583	0.26786	0.94442	0.0	0.618628	-0.779758	0.09631920000000001	0.0	-2.10682	-0.671556	-0.429412	0.343719	-0.0205479	0.86911	-0.49419300000000005	0.0	0.473059	-0.42701300000000003	-0.770633	0.0	-0.880791	-0.249617	-0.402366	0.0	1.78879	1.75203	0.739924	0.35693800000000003	
3	0.763699	0.56467	-0.312908	0.0	0.188726	0.268244	0.944684	0.0	0.617371	-0.780508	0.09829	0.0	-2.1034900000000003	-0.673142	-0.425515	0.344513	-0.0192044	0.8699129999999999	-0.492831	0.0	0.475576	-0.42563999999999996	-0.769843	0.0	-0.8794649999999999	-0.24916300000000002	-0.405535	0.0	1.80277	1.71721	0.701746	0.35685300000000003	
3	0.766117	0.560712	-0.314112	0.0	0.191609	0.267246	0.9443860000000001	0.0	0.613474	-0.783697	0.0973043	0.0	-2.0992599999999997	-0.6723060000000001	-0.423888	0.344615	-0.0214141	0.869916	-0.49273599999999995	0.0	0.475177	-0.42476800000000003	-0.770571	0.0	-0.8796299999999999	-0.250638	-0.40426799999999996	0.0	1.80437	1.7109400000000001	0.703774	0.35696500000000003	
3	0.765662	0.558257	-0.31954899999999997	0.0	0.199971	0.26558400000000004	0.9431209999999999	0.0	0.611371	-0.786012	0.09171230000000001	0.0	-2.12012	-0.664107	-0.405152	0.345173	-0.0265704	0.8701260000000001	-0.492113	0.0	0.48145299999999996	-0.42029099999999997	-0.769129	0.0	-0.8760690000000001	-0.257365	-0.407758	0.0	1.8288	1.69065	0.72359	0.357031	
3	0.7564270000000001	0.5594	-0.338954	0.0	0.209787	0.28334299999999996	0.935792	0.0	0.619522	-0.778967	0.096973	0.0	-2.13278	-0.662378	-0.375129	0.345694	-0.0272242	0.870202	-0.491942	0.0	0.482745	-0.41949	-0.768756	0.0	-0.875338	-0.258411	-0.408666	0.0	1.85695	1.6822099999999998	0.720115	0.357008	
3	0.755083	0.560624	-0.339927	0.0	0.20926599999999998	0.285269	0.9353229999999999	0.0	0.621336	-0.777382	0.0980822	0.0	-2.1299099999999997	-0.6606989999999999	-0.376589	0.346017	-0.025926799999999996	0.8702780000000001	-0.491878	0.0	0.482965	-0.419904	-0.768392	0.0	-0.8752559999999999	-0.257481	-0.409427	0.0	1.86083	1.6792900000000002	0.716463	0.357093	
3	0.758912	0.5550189999999999	-0.340596	0.0	0.201835	0.296793	0.933368	0.0	0.619124	-0.777089	0.11321700000000001	0.0	-2.11564	-0.6699729999999999	-0.35889	0.34642399999999995	-0.0247952	0.8690129999999999	-0.494167	0.0	0.479375	-0.423444	-0.7686970000000001	0.0	-0.87726	-0.255952	-0.406084	0.0	1.8671099999999998	1.68175	0.721382	0.356964	
3	0.758814	0.556062	-0.339111	0.0	0.19999	0.296581	0.933833	0.0	0.619843	-0.776424	0.11384200000000001	0.0	-2.09918	-0.6702140000000001	-0.35637800000000003	0.346509	-0.025640100000000002	0.8685950000000001	-0.49486	0.0	0.47812200000000005	-0.42407799999999995	-0.7691279999999999	0.0	-0.877919	-0.256323	-0.40442100000000003	0.0	1.86535	1.67809	0.725811	0.35735900000000004	
3	0.7594390000000001	0.555561	-0.338533	0.0	0.200189	0.295553	0.934116	0.0	0.619013	-0.777174	0.11323699999999999	0.0	-2.0872900000000003	-0.6685949999999999	-0.372697	0.346204	-0.027855	0.8687239999999999	-0.494512	0.0	0.479811	-0.42236899999999994	-0.769016	0.0	-0.8769290000000001	-0.258694	-0.405059	0.0	1.86947	1.6832900000000002	0.7551140000000001	0.357153	
3	0.759365	0.552553	-0.343584	0.0	0.202783	0.30077600000000004	0.9318870000000001	0.0	0.618258	-0.777315	0.11635	0.0	-2.07905	-0.666941	-0.385058	0.346476	-0.027587	0.869611	-0.492967	0.0	0.48139	-0.420646	-0.7689739999999999	0.0	-0.876073	-0.258522	-0.407017	0.0	1.86933	1.6803700000000001	0.741466	0.357037	
3	0.756576	0.5449609999999999	-0.36140100000000003	0.0	0.21200300000000002	0.318405	0.9239440000000001	0.0	0.618585	-0.775652	0.125364	0.0	-2.08221	-0.6585310000000001	-0.418824	0.346529	-0.025681400000000004	0.8691260000000001	-0.493924	0.0	0.479843	-0.422729	-0.768798	0.0	-0.876978	-0.25675	-0.406188	0.0	1.8678099999999997	1.67313	0.738462	0.356998	
3	0.754027	0.5430010000000001	-0.369585	0.0	0.21760700000000002	0.324386	0.9205549999999999	0.0	0.619751	-0.774547	0.126434	0.0	-2.08318	-0.656579	-0.41418599999999994	0.346522	-0.02578	0.869094	-0.493976	0.0	0.479579	-0.42281199999999997	-0.768918	0.0	-0.8771200000000001	-0.256723	-0.40589899999999995	0.0	1.86917	1.67242	0.744289	0.356971	
3	0.754015	0.542999	-0.369612	0.0	0.21763200000000002	0.324396	0.9205450000000001	0.0	0.6197560000000001	-0.7745449999999999	0.126425	0.0	-2.0830900000000003	-0.656809	-0.41431599999999996	0.346524	-0.025789199999999998	0.8690950000000001	-0.493972	0.0	0.479574	-0.422806	-0.7689239999999999	0.0	-0.877122	-0.256726	-0.40589200000000003	0.0	1.86905	1.6724900000000003	0.743841	0.35697399999999996	
3	0.754015	0.542999	-0.369612	0.0	0.21763200000000002	0.324396	0.9205459999999999	0.0	0.6197560000000001	-0.7745449999999999	0.126426	0.0	-2.0830900000000003	-0.656809	-0.414317	0.346524	-0.025789099999999995	0.8690950000000001	-0.493972	0.0	0.479574	-0.422806	-0.7689239999999999	0.0	-0.877122	-0.256726	-0.40589200000000003	0.0	1.86905	1.6724900000000003	0.74384	0.356973	
3	0.754015	0.542999	-0.369612	0.0	0.21763200000000002	0.324396	0.9205459999999999	0.0	0.6197560000000001	-0.7745449999999999	0.126426	0.0	-2.0830900000000003	-0.656809	-0.41431599999999996	0.346524	-0.025789099999999995	0.8690950000000001	-0.493972	0.0	0.479574	-0.422806	-0.7689239999999999	0.0	-0.877122	-0.256726	-0.40589200000000003	0.0	1.86905	1.6724900000000003	0.743841	0.356973	
3	0.754015	0.542999	-0.369612	0.0	0.21763200000000002	0.324396	0.9205450000000001	0.0	0.6197560000000001	-0.7745449999999999	0.126426	0.0	-2.0830900000000003	-0.656809	-0.41431599999999996	0.346524	-0.025789199999999998	0.8690959999999999	-0.493972	0.0	0.479574	-0.422806	-0.7689239999999999	0.0	-0.877122	-0.256726	-0.40589200000000003	0.0	1.86905	1.6724900000000003	0.743841	0.356973	
3	0.754015	0.542999	-0.369612	0.0	0.21763200000000002	0.324396	0.9205450000000001	0.0	0.6197560000000001	-0.7745449999999999	0.126426	0.0	-2.0830900000000003	-0.656809	-0.41431599999999996	0.346524	-0.025789099999999995	0.8690950000000001	-0.493972	0.0	0.479574	-0.422806	-0.7689239999999999	0.0	-0.877122	-0.256726	-0.40589200000000003	0.0	1.86905	1.6724900000000003	0.743841	0.356973	
3	0.754015	0.542999	-0.369612	0.0	0.21763200000000002	0.324396	0.9205450000000001	0.0	0.6197560000000001	-0.7745449999999999	0.126426	0.0	-2.0830900000000003	-0.656809	-0.41431599999999996	0.346524	-0.025789099999999995	0.8690950000000001	-0.493972	0.0	0.479574	-0.422806	-0.7689239999999999	0.0	-0.877122	-0.256726	-0.40589200000000003	0.0	1.86905	1.6724900000000003	0.743841	0.356973	
3	0.754015	0.542999	-0.369612	0.0	0.21763200000000002	0.324396	0.9205450000000001	0.0	0.6197560000000001	-0.7745449999999999	0.126426	0.0	-2.0830900000000003	-0.656809	-0.41431599999999996	0.346524	-0.025789099999999995	0.8690950000000001	-0.493972	0.0	0.479574	-0.422806	-0.7689239999999999	0.0	-0.877122	-0.256726	-0.40589200000000003	0.0	1.86905	1.6724900000000003	0.743841	0.356973	
3	0.754015	0.542999	-0.369612	0.0	0.21763200000000002	0.324396	0.9205450000000001	0.0	0.6197560000000001	-0.7745449999999999	0.126426	0.0	-2.0830900000000003	-0.656809	-0.41431599999999996	0.346524	-0.025789199999999998	0.8690959999999999	-0.493972	0.0	0.479574	-0.422806	-0.7689239999999999	0.0	-0.877122	-0.256726	-0.40589200000000003	0.0	1.86905	1.6724900000000003	0.743841	0.356973	
3	0.754015	0.542999	-0.369612	0.0	0.21763200000000002	0.324396	0.9205450000000001	0.0	0.6197560000000001	-0.7745449999999999	0.126426	0.0	-2.0830900000000003	-0.656809	-0.414317	0.346524	-0.025789199999999998	0.8690950000000001	-0.493972	0.0	0.479574	-0.422806	-0.7689239999999999	0.0	-0.877122	-0.256726	-0.40589200000000003	0.0	1.86905	1.6724900000000003	0.743841	0.356973	
3	0.754015	0.542999	-0.369612	0.0	0.21763200000000002	0.324396	0.9205450000000001	0.0	0.6197560000000001	-0.7745449999999999	0.126426	0.0	-2.0830900000000003	-0.656809	-0.414317	0.346524	-0.025789099999999995	0.8690950000000001	-0.493972	0.0	0.479574	-0.422806	-0.7689239999999999	0.0	-0.877122	-0.256726	-0.40589200000000003	0.0	1.86905	1.6724900000000003	0.74384	0.356973	
3	0.754015	0.542999	-0.369612	0.0	0.21763200000000002	0.324396	0.9205450000000001	0.0	0.6197560000000001	-0.7745449999999999	0.126426	0.0	-2.0830900000000003	-0.656809	-0.414317	0.346524	-0.025789199999999998	0.8690950000000001	-0.493972	0.0	0.479574	-0.422806	-0.7689239999999999	0.0	-0.877122	-0.256726	-0.40589200000000003	0.0	1.86905	1.6724900000000003	0.74384	0.356973	
3	0.754015	0.542999	-0.369612	0.0	0.21763200000000002	0.324396	0.9205450000000001	0.0	0.6197560000000001	-0.7745449999999999	0.126426	0.0	-2.0830900000000003	-0.656809	-0.414317	0.346524	-0.025789099999999995	0.8690950000000001	-0.493972	0.0	0.479574	-0.422806	-0.7689239999999999	0.0	-0.877122	-0.256726	-0.40589200000000003	0.0	1.86905	1.6724900000000003	0.74384	0.35697399999999996	
3	0.754015	0.542999	-0.369612	0.0	0.21763200000000002	0.324396	0.9205450000000001	0.0	0.6197560000000001	-0.7745449999999999	0.126426	0.0	-2.0830900000000003	-0.656809	-0.414317	0.346524	-0.025789099999999995	0.8690950000000001	-0.493972	0.0	0.479575	-0.422806	-0.7689239999999999	0.0	-0.877122	-0.256726	-0.40589200000000003	0.0	1.86905	1.6724900000000003	0.74384	0.356973	
3	0.754015	0.542999	-0.369612	0.0	0.21763200000000002	0.324396	0.9205450000000001	0.0	0.6197560000000001	-0.7745449999999999	0.126426	0.0	-2.0830900000000003	-0.656809	-0.41431599999999996	0.346524	-0.025789199999999998	0.8690959999999999	-0.493972	0.0	0.479574	-0.422806	-0.7689239999999999	0.0	-0.877122	-0.256726	-0.40589200000000003	0.0	1.86905	1.6724900000000003	0.743841	0.356973	
3	0.754015	0.542999	-0.369612	0.0	0.21763200000000002	0.324396	0.9205450000000001	0.0	0.6197560000000001	-0.7745449999999999	0.126426	0.0	-2.0830900000000003	-0.656809	-0.41431599999999996	0.346524	-0.025789199999999998	0.8690959999999999	-0.493972	0.0	0.479574	-0.422806	-0.7689239999999999	0.0	-0.877122	-0.256726	-0.40589200000000003	0.0	1.86905	1.6724900000000003	0.743841	0.356973	
3	0.754015	0.542999	-0.369612	0.0	0.21763200000000002	0.324396	0.9205450000000001	0.0	0.6197560000000001	-0.7745449999999999	0.126426	0.0	-2.0830900000000003	-0.656809	-0.41431599999999996	0.346524	-0.025789199999999998	0.8690950000000001	-0.493972	0.0	0.479574	-0.422806	-0.7689239999999999	0.0	-0.877122	-0.256726	-0.40589200000000003	0.0	1.86905	1.6724900000000003	0.74384	0.35697399999999996	
3	0.754015	0.542999	-0.369612	0.0	0.21763200000000002	0.324396	0.9205450000000001	0.0	0.6197560000000001	-0.7745449999999999	0.126426	0.0	-2.0830900000000003	-0.656809	-0.41431599999999996	0.346524	-0.025789199999999998	0.8690959999999999	-0.493972	0.0	0.479574	-0.422806	-0.7689239999999999	0.0	-0.877122	-0.256726	-0.40589200000000003	0.0	1.86905	1.6724900000000003	0.74384	0.356973	
3	0.149395	0.8982479999999999	-0.41331899999999994	0.0	0.341359	0.345455	0.8741479999999999	0.0	0.927984	-0.271683	-0.25501599999999996	0.0	-2.06347	-0.746848	-0.587527	0.353811	0.44158500000000006	0.8381559999999999	-0.32015	0.0	0.265183	-0.46280699999999997	-0.845865	0.0	-0.8571350000000001	0.288623	-0.426633	0.0	1.86515	1.64383	0.712052	0.355533	
3	0.269347	0.903159	-0.3343	0.0	0.500236	0.165417	0.849942	0.0	0.822931	-0.39615900000000004	-0.407238	0.0	-2.12222	-1.2566899999999999	-0.8010079999999999	0.36085500000000004	0.5362520000000001	0.797534	-0.276356	0.0	0.22868400000000003	-0.45244799999999996	-0.8619709999999999	0.0	-0.812488	0.399036	-0.425009	0.0	1.7461099999999998	1.53928	0.7175239999999999	0.35678899999999997	
3	0.361722	0.864725	-0.348437	0.0	0.510512	0.12900699999999998	0.850138	0.0	0.780086	-0.48539499999999997	-0.39478800000000003	0.0	-2.2058400000000002	-1.5191700000000001	-0.9293620000000001	0.361098	0.5236649999999999	0.807113	-0.272662	0.0	0.24191700000000002	-0.44776000000000005	-0.860806	0.0	-0.816854	0.384813	-0.42973100000000003	0.0	1.71055	1.47371	0.713326	0.356761	
3	0.520424	0.7696529999999999	-0.369856	0.0	0.48023999999999994	0.0943334	0.87205	0.0	0.7060649999999999	-0.631455	-0.320525	0.0	-2.41732	-2.11908	-1.12228	0.358609	0.49829700000000005	0.824722	-0.267459	0.0	0.269426	-0.440508	-0.856366	0.0	-0.824081	0.354665	-0.441705	0.0	1.6425299999999998	1.31674	0.699022	0.356601	
3	0.512521	0.7668229999999999	-0.3864	0.0	0.455924	0.13830399999999998	0.879207	0.0	0.727637	-0.626781	-0.278729	0.0	-2.5133400000000004	-2.3690900000000004	-1.26441	0.356504	0.489122	0.830842	-0.265444	0.0	0.28234000000000004	-0.43876800000000005	-0.853093	0.0	-0.825254	0.342321	-0.449192	0.0	1.6191799999999998	1.20615	0.633155	0.356295	
3	0.419713	0.804847	-0.41959799999999997	0.0	0.448758	0.217825	0.8667	0.0	0.78896	-0.552063	-0.269758	0.0	-2.47369	-2.31609	-1.2764799999999998	0.35483899999999996	0.48772600000000005	0.83178	-0.26507600000000003	0.0	0.284208	-0.43838299999999997	-0.85267	0.0	-0.8254389999999999	0.340533	-0.450209	0.0	1.6051600000000001	1.1662	0.60693	0.35623	
3	0.299325	0.854765	-0.42400600000000005	0.0	0.45046800000000004	0.265142	0.852513	0.0	0.8411200000000001	-0.44618	-0.305681	0.0	-2.3728599999999997	-2.17562	-1.34699	0.35564	0.470293	0.84035	-0.269512	0.0	0.293164	-0.43681400000000004	-0.85044	0.0	-0.8323940000000001	0.320945	-0.451792	0.0	1.5574299999999999	1.0788200000000001	0.5898180000000001	0.356256	
3	0.432259	0.820575	-0.37390999999999996	0.0	0.408748	0.191306	0.8923719999999999	0.0	0.8037890000000001	-0.538571	-0.252715	0.0	-2.27915	-2.53284	-1.2481799999999998	0.355719	0.44530600000000004	0.8524299999999999	-0.273982	0.0	0.305978	-0.432449	-0.8481540000000001	0.0	-0.841475	0.293856	-0.45339700000000005	0.0	1.4935	0.96726	0.5826479999999999	0.356281	
3	0.581887	0.726966	-0.36459400000000003	0.0	0.403329	0.13133699999999998	0.905581	0.0	0.7062109999999999	-0.6739970000000001	-0.216783	0.0	-2.31628	-2.90052	-1.20099	0.35507	0.436421	0.856504	-0.275568	0.0	0.30821	-0.430058	-0.848561	0.0	-0.845306	0.28539699999999996	-0.451669	0.0	1.47204	0.928843	0.582829	0.356373	
3	0.749661	0.5475979999999999	-0.371678	0.0	0.404803	0.0649042	0.912098	0.0	0.523587	-0.8342200000000001	-0.173013	0.0	-2.58949	-3.53326	-1.22848	0.35428899999999997	0.426466	0.860203	-0.27960300000000005	0.0	0.31145100000000003	-0.429874	-0.8474709999999999	0.0	-0.849191	0.274336	-0.451237	0.0	1.44834	0.8833700000000001	0.579797	0.356508	
3	0.779989	0.45373800000000003	-0.430975	0.0	0.42505	0.121327	0.8970020000000001	0.0	0.459293	-0.8828370000000001	-0.0982275	0.0	-2.60487	-3.4784300000000004	-1.25565	0.355187	0.420274	0.862609	-0.281559	0.0	0.313825	-0.42932299999999995	-0.846875	0.0	-0.8514010000000001	0.267559	-0.45114099999999996	0.0	1.44584	0.8734959999999999	0.585831	0.356625	
3	0.805207	0.392372	-0.444618	0.0	0.42822899999999997	0.133903	0.8936950000000001	0.0	0.41019700000000003	-0.910008	-0.0602054	0.0	-2.75832	-3.51146	-1.13741	0.35220999999999997	0.41749200000000003	0.8637319999999999	-0.282254	0.0	0.31540100000000004	-0.42905	-0.846427	0.0	-0.852187	0.264353	-0.45154700000000003	0.0	1.4420600000000001	0.865409	0.5840569999999999	0.35655	
3	0.8192510000000001	0.36379	-0.443266	0.0	0.431924	0.116978	0.894292	0.0	0.377186	-0.924107	-0.06129540000000001	0.0	-2.8706	-3.6433	-1.0688	0.350392	0.416329	0.8642639999999999	-0.28234499999999996	0.0	0.31590100000000004	-0.428691	-0.8464219999999999	0.0	-0.852571	0.26319699999999996	-0.45149799999999995	0.0	1.44579	0.866136	0.584824	0.356468	
3	0.83735	0.357638	-0.41345	0.0	0.42798400000000003	0.041663900000000004	0.902825	0.0	0.34010999999999997	-0.932931	-0.118176	0.0	-3.02893	-3.6630300000000005	-1.2051100000000001	0.35172600000000004	0.41263299999999997	0.8669549999999999	-0.279504	0.0	0.322168	-0.425913	-0.845462	0.0	-0.852022	0.258818	-0.45505100000000004	0.0	1.46442	0.861079	0.5904020000000001	0.35639699999999996	
3	0.8229700000000001	0.41432700000000006	-0.388656	0.0	0.425594	0.00349109	0.904908	0.0	0.376284	-0.910122	-0.17346199999999998	0.0	-3.16933	-3.6842099999999998	-1.37017	0.352537	0.410185	0.869288	-0.27584000000000003	0.0	0.32813600000000004	-0.422871	-0.8446940000000001	0.0	-0.8509260000000001	0.255968	-0.45869899999999997	0.0	1.48042	0.85346	0.587701	0.35649000000000003	
3	0.821749	0.415813	-0.389651	0.0	0.42706700000000003	0.00333274	0.904214	0.0	0.377283	-0.909444	-0.174842	0.0	-3.1773599999999997	-3.65317	-1.41723	0.353476	0.410479	0.869798	-0.273783	0.0	0.329505	-0.42144	-0.844875	0.0	-0.8502549999999999	0.25659099999999996	-0.459595	0.0	1.4840200000000001	0.8539889999999999	0.5875279999999999	0.356224	
3	0.831205	0.40066	-0.385448	0.0	0.424167	-0.00881193	0.905541	0.0	0.35941799999999996	-0.916185	-0.177271	0.0	-3.16364	-3.6595400000000002	-1.41882	0.352448	0.411708	0.869502	-0.272879	0.0	0.329306	-0.42114700000000005	-0.8451	0.0	-0.8497379999999999	0.258073	-0.459722	0.0	1.4823600000000001	0.851334	0.582184	0.356041	
3	0.82639	0.40562600000000004	-0.390572	0.0	0.426982	0.00080036	0.9042600000000001	0.0	0.367104	-0.9140389999999999	-0.172534	0.0	-3.1686	-3.6770699999999996	-1.4249	0.352369	0.410887	0.870028	-0.272439	0.0	0.329402	-0.420317	-0.845475	0.0	-0.8500979999999999	0.257653	-0.45929200000000003	0.0	1.47953	0.848025	0.5777770000000001	0.356105	
3	0.790932	0.43350299999999997	-0.43186	0.0	0.449445	0.0673695	0.8907639999999999	0.0	0.41524300000000003	-0.898631	-0.141551	0.0	-3.11211	-3.62256	-1.37124	0.352901	0.40662	0.8713489999999999	-0.27461199999999997	0.0	0.331043	-0.42068199999999994	-0.8446520000000001	0.0	-0.851511	0.252544	-0.459512	0.0	1.47294	0.8385879999999999	0.572852	0.356271	
3	0.785216	0.4307	-0.444896	0.0	0.45371999999999996	0.0887561	0.8867139999999999	0.0	0.42139499999999996	-0.89812	-0.125724	0.0	-3.07144	-3.56989	-1.30247	0.35284299999999996	0.405776	0.8714139999999999	-0.275652	0.0	0.330897	-0.421205	-0.844449	0.0	-0.8519700000000001	0.251445	-0.45926300000000003	0.0	1.47365	0.83891	0.5708340000000001	0.356428	
3	0.775098	0.43900900000000004	-0.454417	0.0	0.46151499999999995	0.09783330000000001	0.8817209999999999	0.0	0.431541	-0.8931399999999999	-0.126779	0.0	-3.02595	-3.4361099999999998	-1.26462	0.35286	0.404256	0.8718899999999999	-0.276379	0.0	0.331694	-0.42135	-0.8440639999999999	0.0	-0.852383	0.24954400000000002	-0.459534	0.0	1.4673100000000001	0.827283	0.573335	0.356299	
3	0.771129	0.45430200000000004	-0.44605900000000004	0.0	0.45935600000000004	0.0881253	0.88387	0.0	0.440853	-0.8864780000000001	-0.140731	0.0	-3.0258	-3.3617	-1.25232	0.352808	0.402853	0.87205	-0.277916	0.0	0.33241	-0.422314	-0.8433	0.0	-0.8527680000000001	0.247344	-0.46001000000000003	0.0	1.46023	0.81626	0.5732430000000001	0.356297	
