0	0.593133	0.516197	-0.617846	0.0	0.6866329999999999	0.0763803	0.722981	0.0	0.420392	-0.853057	-0.309134	0.0	-2.7396700000000003	2.0	1.46191	0.0	-0.593133	0.516197	-0.617846	0.0	0.750169	0.075725	-0.656896	0.0	-0.29230100000000003	-0.853116	-0.43215	0.0	2.66032	2.0	1.53809	0.0	
0	0.459787	0.846693	-0.267781	0.0	0.336949	0.112657	0.934759	0.0	0.8216209999999999	-0.520019	-0.233494	0.0	-2.73687	1.9870700000000001	1.40329	-1.26362e-05	-0.593133	0.516197	-0.617847	0.0	0.750189	0.0757834	-0.656866	0.0	-0.29225	-0.85311	-0.432195	0.0	2.66032	2.0	1.53809	0.0	
0	0.449743	0.870991	-0.19775299999999998	0.0	0.283118	0.0709669	0.956456	0.0	0.8470979999999999	-0.48614700000000005	-0.21467600000000003	0.0	-2.7480599999999997	1.9166	1.3384	0.0	-0.46871499999999994	0.771263	-0.43065	0.0	0.47808199999999995	-0.18846	-0.857858	0.0	-0.742795	-0.607977	-0.280393	0.0	2.6164099999999997	1.9779200000000001	1.5679	0.00191875	
0	0.43453	0.879992	-0.19183	0.0	0.265279	0.0784913	0.9609709999999999	0.0	0.8607040000000001	-0.468459	-0.199337	0.0	-2.7443299999999997	1.8876700000000002	1.2513	0.0	-0.422497	0.812317	-0.402041	0.0	0.38283	-0.242128	-0.891524	0.0	-0.8215459999999999	-0.53058	-0.208681	0.0	2.5617900000000002	1.9361099999999998	1.50275	0.0	
0	0.400911	0.895819	-0.191778	0.0	0.25531	0.0917914	0.962492	0.0	0.8798219999999999	-0.43483599999999994	-0.191911	0.0	-2.6528400000000003	1.95081	1.14764	0.0174211	-0.397471	0.824473	-0.402817	0.0	0.338535	-0.276262	-0.8994850000000001	0.0	-0.852884	-0.49388699999999996	-0.16930699999999999	0.0	2.48497	1.9518099999999998	1.44333	0.0633627	
0	0.334513	0.9134110000000001	-0.231909	0.0	0.243017	0.15415399999999999	0.9576950000000001	0.0	0.9105190000000001	-0.376719	-0.170408	0.0	-2.51912	2.01195	1.05358	0.348935	-0.385701	0.8427120000000001	-0.375596	0.0	0.270983	-0.285669	-0.919218	0.0	-0.8819319999999999	-0.456323	-0.11817799999999999	0.0	2.40718	2.00155	1.46346	0.361821	
0	0.270372	0.9128200000000001	-0.30603800000000003	0.0	0.22726100000000002	0.248383	0.941625	0.0	0.935549	-0.32414	-0.140293	0.0	-2.39213	2.08859	1.01244	0.352971	-0.369874	0.85541	-0.362585	0.0	0.263989	-0.277414	-0.9237700000000001	0.0	-0.8907879999999999	-0.437396	-0.12321099999999999	0.0	2.33256	2.02366	1.40805	0.36377	
0	0.1242	0.9164459999999999	-0.380396	0.0	0.197223	0.352916	0.914633	0.0	0.972459	-0.18862	-0.136913	0.0	-2.29503	2.28789	0.9214120000000001	0.355498	-0.3782	0.8596719999999999	-0.343408	0.0	0.242247	-0.26612800000000003	-0.933002	0.0	-0.893466	-0.436051	-0.107603	0.0	2.28572	2.02886	1.4031200000000001	0.363977	
0	0.04904	0.879408	-0.47353599999999996	0.0	0.189934	0.45724499999999996	0.868822	0.0	0.9805709999999999	-0.132548	-0.14460599999999998	0.0	-2.25078	2.43171	0.90397	0.323554	-0.36978	0.860351	-0.350798	0.0	0.29183400000000004	-0.25090100000000004	-0.922974	0.0	-0.8820969999999999	-0.443673	-0.158301	0.0	2.31071	2.11672	1.35058	0.343344	
0	0.168415	0.870992	-0.46153	0.0	0.354035	0.383527	0.852975	0.0	0.9199430000000001	-0.307052	-0.24377	0.0	-2.3067	2.40857	0.907695	0.0	-0.37756799999999996	0.733696	-0.564919	0.0	0.42151700000000003	-0.407019	-0.810345	0.0	-0.8244790000000001	-0.544083	-0.155588	0.0	2.32023	2.05519	1.3067	0.0	
0	0.38798699999999997	0.849966	-0.356403	0.0	0.354525	0.21930999999999998	0.908964	0.0	0.8507520000000001	-0.47902	-0.216245	0.0	-2.38938	2.11345	0.8771479999999999	0.0	-0.407808	0.75538	-0.512927	0.0	0.37261500000000003	-0.375175	-0.848765	0.0	-0.833578	-0.537257	-0.128466	0.0	2.35183	1.9545099999999997	1.3664100000000001	0.0	
0	0.42935500000000004	0.8460280000000001	-0.31605500000000003	0.0	0.30859699999999995	0.191458	0.931725	0.0	0.848777	-0.497575	-0.178878	0.0	-2.44068	1.8989099999999999	0.824628	0.000976563	-0.459682	0.8070149999999999	-0.3707	0.0	0.311479	-0.24439299999999997	-0.9182879999999999	0.0	-0.8316690000000001	-0.537586	-0.139026	0.0	2.35498	1.8911	1.45068	0.34677199999999997	
0	0.531479	0.8240620000000001	-0.19609200000000002	0.0	0.247369	0.07041239999999999	0.966359	0.0	0.8101470000000001	-0.562107	-0.166425	0.0	-2.43528	1.74137	0.829413	0.351037	-0.4683	0.8138489999999999	-0.344012	0.0	0.30916	-0.21380300000000002	-0.926665	0.0	-0.827717	-0.540312	-0.15148599999999998	0.0	2.2711099999999997	1.81466	1.45157	0.36035700000000004	
0	0.598634	0.78837	-0.141812	0.0	0.201345	0.0232588	0.979244	0.0	0.775305	-0.614762	-0.144811	0.0	-2.4117900000000003	1.59595	0.8496020000000001	0.35547	-0.482049	0.8181510000000001	-0.313461	0.0	0.294986	-0.185329	-0.937356	0.0	-0.824993	-0.5443180000000001	-0.152006	0.0	2.23063	1.75357	1.43113	0.360716	
0	0.583635	0.802036	-0.126919	0.0	0.17418699999999998	0.029005200000000002	0.9842850000000001	0.0	0.793113	-0.596572	-0.122776	0.0	-2.36331	1.53783	0.8327899999999999	0.3594	-0.480796	0.827183	-0.29086799999999996	0.0	0.27310300000000004	-0.173953	-0.946126	0.0	-0.833217	-0.534331	-0.142271	0.0	2.20653	1.7257	1.42588	0.36227600000000004	
0	0.5907479999999999	0.7995439999999999	-0.10837999999999999	0.0	0.16988399999999998	0.008058	0.985431	0.0	0.7887689999999999	-0.600554	-0.13106900000000002	0.0	-2.28908	1.49176	0.835764	0.35918	-0.48275500000000005	0.829873	-0.279746	0.0	0.2668	-0.164883	-0.949543	0.0	-0.834126	-0.533033	-0.141811	0.0	2.1916900000000004	1.6608599999999998	1.42943	0.362188	
0	0.607396	0.789121	-0.0914186	0.0	0.16935999999999998	-0.0161987	0.9854209999999999	0.0	0.7761359999999999	-0.614024	-0.143484	0.0	-2.27528	1.42354	0.79903	0.356525	-0.487483	0.8299489999999999	-0.271192	0.0	0.26542	-0.155039	-0.951586	0.0	-0.8318129999999999	-0.5358609999999999	-0.144706	0.0	2.17433	1.58532	1.4044	0.361714	
0	0.694465	0.719514	0.00428838	0.0	0.0997321	-0.102159	0.989756	0.0	0.712581	-0.686924	-0.142705	0.0	-2.3399	1.29369	0.752833	0.35386300000000004	-0.509667	0.82089	-0.25764000000000004	0.0	0.267339	-0.13352999999999998	-0.954306	0.0	-0.817783	-0.5552560000000001	-0.1514	0.0	2.16202	1.46402	1.36311	0.361033	
0	0.8412850000000001	0.517035	0.157843	0.0	-0.07075219999999999	-0.184162	0.9803459999999999	0.0	0.535941	-0.8359190000000001	-0.118352	0.0	-2.40844	1.00399	0.712881	0.35129299999999997	-0.546485	0.797608	-0.255296	0.0	0.271725	-0.119478	-0.95493	0.0	-0.792162	-0.591225	-0.151437	0.0	2.1788	1.32788	1.35293	0.360193	
0	0.887575	0.401965	0.225021	0.0	-0.16372799999999998	-0.181314	0.9697	0.0	0.43058500000000005	-0.897524	-0.09511710000000001	0.0	-2.45795	0.7949390000000001	0.660239	0.351073	-0.553133	0.7912819999999999	-0.26060900000000004	0.0	0.272864	-0.12349	-0.954094	0.0	-0.78714	-0.598851	-0.147607	0.0	2.18975	1.2723799999999998	1.36039	0.36032800000000004	
0	0.940943	0.24739299999999997	0.231133	0.0	-0.20537399999999997	-0.125662	0.970583	0.0	0.26916	-0.9607319999999999	-0.06743239999999999	0.0	-2.53015	0.599059	0.654818	0.349479	-0.56676	0.777515	-0.272496	0.0	0.280454	-0.128923	-0.9511700000000001	0.0	-0.77468	-0.615507	-0.144989	0.0	2.19971	1.31692	1.40513	0.360291	
0	0.9692149999999999	0.10941	0.22056900000000002	0.0	-0.214502	-0.064576	0.9745870000000001	0.0	0.12087300000000001	-0.9918969999999999	-0.0391194	0.0	-2.75726	0.385226	0.6037170000000001	0.346393	-0.536259	0.7925260000000001	-0.290396	0.0	0.318394	-0.128693	-0.939182	0.0	-0.781698	-0.596105	-0.183323	0.0	2.22432	1.53931	1.43855	0.35985500000000004	
0	0.9680770000000001	0.12434100000000001	0.217639	0.0	-0.211612	-0.05994	0.975514	0.0	0.13434200000000002	-0.9904270000000001	-0.031714599999999996	0.0	-2.79724	0.370342	0.49763900000000005	0.34526799999999996	-0.489388	0.815395	-0.309241	0.0	0.348804	-0.141985	-0.926378	0.0	-0.799272	-0.561222	-0.214927	0.0	2.2692	1.7512299999999998	1.42129	0.359693	
0	0.9661690000000001	0.131709	0.221742	0.0	-0.214408	-0.0676599	0.974398	0.0	0.14334000000000002	-0.988977	-0.0371316	0.0	-2.77677	0.40018000000000004	0.44464499999999996	0.34428600000000004	-0.458002	0.8285950000000001	-0.321971	0.0	0.368183	-0.152851	-0.9171030000000001	0.0	-0.80912	-0.538579	-0.23506799999999997	0.0	2.2982299999999998	1.86942	1.38385	0.359501	
0	0.96686	0.117246	0.226793	0.0	-0.216579	-0.0937073	0.971758	0.0	0.135187	-0.9886719999999999	-0.06520880000000001	0.0	-2.71908	0.418675	0.294666	0.343942	-0.406125	0.8476790000000001	-0.341327	0.0	0.390441	-0.176744	-0.9035030000000001	0.0	-0.826207	-0.500203	-0.259189	0.0	2.33847	2.0078	1.31355	0.359174	
0	0.971794	0.113024	0.206983	0.0	-0.19601300000000002	-0.10091699999999999	0.9753950000000001	0.0	0.131131	-0.988454	-0.0759159	0.0	-2.6741099999999998	0.355962	0.0477783	0.343442	-0.37223	0.858821	-0.351953	0.0	0.404532	-0.191169	-0.8943200000000001	0.0	-0.8353440000000001	-0.47526899999999994	-0.276262	0.0	2.38078	2.13646	1.28762	0.358676	
0	0.9698760000000001	0.12522	0.208952	0.0	-0.194076	-0.121217	0.973468	0.0	0.147226	-0.9846959999999999	-0.0932629	0.0	-2.60725	0.321154	-0.112873	0.343474	-0.35945900000000003	0.8624850000000001	-0.356242	0.0	0.406487	-0.198914	-0.891741	0.0	-0.839975	-0.46535200000000004	-0.279087	0.0	2.38119	2.1944	1.2789700000000002	0.358761	
0	0.9694659999999999	0.12400499999999999	0.211561	0.0	-0.194354	-0.137548	0.97124	0.0	0.149538	-0.9827020000000001	-0.109247	0.0	-2.59153	0.315015	-0.188019	0.344277	-0.356973	0.8625520000000001	-0.358573	0.0	0.408517	-0.20105399999999998	-0.890332	0.0	-0.84005	-0.46430699999999997	-0.280597	0.0	2.37898	2.21157	1.27987	0.358642	
0	0.974584	0.152135	0.164443	0.0	-0.145926	-0.125835	0.98126	0.0	0.169977	-0.980317	-0.100437	0.0	-2.51248	0.20241800000000001	-0.393958	0.352519	-0.348076	0.863625	-0.364686	0.0	0.418516	-0.204942	-0.884785	0.0	-0.8388610000000001	-0.460599	-0.290105	0.0	2.37761	2.23339	1.28024	0.35835	
0	0.971017	0.21669000000000002	0.100851	0.0	-0.0848686	-0.08186360000000001	0.993024	0.0	0.22343400000000002	-0.9728020000000001	-0.061100800000000004	0.0	-2.4140200000000003	0.04706319999999999	-0.316925	0.345875	-0.341225	0.8650459999999999	-0.36778	0.0	0.42616499999999996	-0.20636999999999997	-0.880792	0.0	-0.837824	-0.457283	-0.29823299999999997	0.0	2.39957	2.24768	1.2570299999999999	0.35814	
0	0.9623889999999999	0.26394	0.06436130000000001	0.0	-0.0509642	-0.05730219999999999	0.9970549999999999	0.0	0.266851	-0.962836	-0.0416956	0.0	-2.43077	0.0109501	-0.290746	0.336957	-0.340129	0.865344	-0.368093	0.0	0.42730799999999997	-0.206463	-0.880217	0.0	-0.8376879999999999	-0.456676	-0.29954400000000003	0.0	2.41419	2.2364900000000003	1.24099	0.3578	
0	0.951101	0.307942	0.024058799999999998	0.0	-0.0163017	-0.027738299999999997	0.999482	0.0	0.30845	-0.951001	-0.021362	0.0	-2.45929	-0.00853428	-0.283916	0.351096	-0.339289	0.866066	-0.367169	0.0	0.426684	-0.20616900000000002	-0.8805879999999999	0.0	-0.8383459999999999	-0.45543900000000004	-0.299586	0.0	2.4148400000000003	2.23009	1.24101	0.35803	
0	0.940983	0.337924	-0.018955200000000002	0.0	0.0233731	-0.00900942	0.9996860000000001	0.0	0.337647	-0.9411309999999999	-0.016375999999999998	0.0	-2.54906	-0.00774853	-0.253276	0.34684899999999996	-0.33413000000000004	0.8688540000000001	-0.365309	0.0	0.426799	-0.206094	-0.880549	0.0	-0.840357	-0.450132	-0.301964	0.0	2.40908	2.21495	1.23471	0.357989	
0	0.8850790000000001	0.453118	-0.10639000000000001	0.0	0.115174	0.00825396	0.993311	0.0	0.450966	-0.8914120000000001	-0.044882099999999994	0.0	-2.59592	0.00789164	-0.243075	0.34679499999999996	-0.32395100000000004	0.876397	-0.35634699999999997	0.0	0.424016	-0.202214	-0.882791	0.0	-0.845734	-0.43707799999999997	-0.30609899999999995	0.0	2.40345	2.20094	1.24476	0.358031	
0	0.8588040000000001	0.495066	-0.13178	0.0	0.143289	0.014842700000000002	0.9895700000000001	0.0	0.491858	-0.8687290000000001	-0.058190599999999995	0.0	-2.57338	0.00619831	-0.27265100000000003	0.34622600000000003	-0.3164	0.876589	-0.362606	0.0	0.42493100000000006	-0.210783	-0.880343	0.0	-0.8481299999999999	-0.432623	-0.305798	0.0	2.38427	2.1630000000000003	1.24102	0.358142	
0	0.8491209999999999	0.508793	-0.141854	0.0	0.15683699999999998	0.013584200000000001	0.9875309999999999	0.0	0.504376	-0.8607819999999999	-0.06826310000000001	0.0	-2.5535099999999997	0.00978806	-0.283777	0.342571	-0.309874	0.875921	-0.369784	0.0	0.424058	-0.220775	-0.8783129999999999	0.0	-0.850972	-0.428976	-0.303029	0.0	2.3642	2.1215200000000003	1.22606	0.358026	
0	0.849618	0.507321	-0.144137	0.0	0.159628	0.0131138	0.9870899999999999	0.0	0.5026609999999999	-0.861658	-0.069841	0.0	-2.55188	0.0103587	-0.28538	0.343163	-0.307165	0.874977	-0.374252	0.0	0.42189099999999996	-0.227306	-0.87769	0.0	-0.8530280000000001	-0.42749	-0.299324	0.0	2.34528	2.1146599999999998	1.23745	0.358137	
0	0.8497309999999999	0.506206	-0.14735299999999998	0.0	0.16228599999999999	0.0147832	0.986633	0.0	0.501618	-0.8622860000000001	-0.0695885	0.0	-2.57613	0.0102929	-0.280184	0.343142	-0.311053	0.8716450000000001	-0.378789	0.0	0.420288	-0.231312	-0.8774129999999999	0.0	-0.852411	-0.432122	-0.294392	0.0	2.33185	2.11935	1.2603799999999998	0.358486	
0	0.8466549999999999	0.511142	-0.14802	0.0	0.16218	0.0170745	0.986614	0.0	0.506827	-0.8593270000000001	-0.0684411	0.0	-2.58292	0.00893926	-0.275071	0.342953	-0.319498	0.868525	-0.378927	0.0	0.425158	-0.22598600000000002	-0.8764540000000001	0.0	-0.8468540000000001	-0.441129	-0.297059	0.0	2.3315200000000003	2.13056	1.27814	0.358247	
0	0.8466540000000001	0.510934	-0.14874	0.0	0.161148	0.020215200000000003	0.9867229999999999	0.0	0.507157	-0.859383	-0.0652205	0.0	-2.57956	0.00575186	-0.270024	0.34295	-0.32155100000000003	0.8668049999999999	-0.381121	0.0	0.43103400000000003	-0.22438400000000003	-0.873992	0.0	-0.8430979999999999	-0.445309	-0.301471	0.0	2.3375	2.13939	1.2838200000000002	0.358171	
0	0.847625	0.509213	-0.14911300000000002	0.0	0.16054000000000002	0.0217303	0.98679	0.0	0.505727	-0.860366	-0.0633299	0.0	-2.565	0.00327442	-0.259934	0.343105	-0.323472	0.865691	-0.38202800000000003	0.0	0.43400600000000006	-0.22302600000000003	-0.872868	0.0	-0.840836	-0.448151	-0.30357199999999995	0.0	2.35994	2.1400900000000003	1.27711	0.358055	
0	0.8492639999999999	0.505795	-0.151402	0.0	0.162384	0.022630400000000002	0.986468	0.0	0.5023770000000001	-0.8623569999999999	-0.06291369999999999	0.0	-2.5721700000000003	0.00283371	-0.249325	0.343084	-0.32408899999999996	0.866144	-0.380474	0.0	0.43521800000000005	-0.220588	-0.872884	0.0	-0.8399709999999999	-0.448482	-0.30547199999999997	0.0	2.36408	2.13623	1.2731299999999999	0.358078	
0	0.8512	0.501458	-0.154911	0.0	0.165675	0.023341499999999998	0.9859040000000001	0.0	0.49800600000000006	-0.864867	-0.0632106	0.0	-2.58409	0.00329081	-0.23913	0.343024	-0.322502	0.8676200000000001	-0.378454	0.0	0.43791499999999994	-0.21770100000000003	-0.87226	0.0	-0.8391799999999999	-0.447036	-0.309735	0.0	2.3681900000000002	2.11586	1.25502	0.357852	
0	0.851173	0.501524	-0.15485	0.0	0.165603	0.0233539	0.985916	0.0	0.49807700000000005	-0.8648290000000001	-0.0631755	0.0	-2.58608	0.00323752	-0.237467	0.343021	-0.32247	0.867635	-0.378448	0.0	0.43778199999999995	-0.217777	-0.8723069999999999	0.0	-0.8392620000000001	-0.44697	-0.309608	0.0	2.3681200000000002	2.1162799999999997	1.25595	0.35789499999999996	
0	0.8511719999999999	0.5015270000000001	-0.154846	0.0	0.1656	0.0233514	0.985917	0.0	0.49808	-0.864827	-0.0631768	0.0	-2.58604	0.00323815	-0.237494	0.343021	-0.322471	0.867634	-0.378448	0.0	0.43778199999999995	-0.217777	-0.8723069999999999	0.0	-0.839261	-0.44697200000000004	-0.309608	0.0	2.3681200000000002	2.1163	1.25596	0.357896	
0	0.8511719999999999	0.5015270000000001	-0.154846	0.0	0.1656	0.0233514	0.985917	0.0	0.49808	-0.864827	-0.0631768	0.0	-2.58604	0.00323802	-0.237494	0.343021	-0.322471	0.867634	-0.378448	0.0	0.43778199999999995	-0.217777	-0.8723069999999999	0.0	-0.839261	-0.44697200000000004	-0.309608	0.0	2.3681200000000002	2.1163	1.25596	0.357896	
0	0.8511719999999999	0.5015270000000001	-0.154846	0.0	0.1656	0.0233514	0.985917	0.0	0.49808	-0.864827	-0.0631768	0.0	-2.58604	0.00323836	-0.237494	0.343021	-0.322471	0.867634	-0.378448	0.0	0.43778199999999995	-0.217777	-0.8723069999999999	0.0	-0.839261	-0.44697200000000004	-0.309608	0.0	2.3681200000000002	2.1163	1.25596	0.35789499999999996	
0	0.8511719999999999	0.5015270000000001	-0.154846	0.0	0.1656	0.0233514	0.985917	0.0	0.49808	-0.864827	-0.0631768	0.0	-2.58604	0.00323839	-0.237494	0.343021	-0.322471	0.867634	-0.378448	0.0	0.43778199999999995	-0.217777	-0.8723069999999999	0.0	-0.839261	-0.44697200000000004	-0.309608	0.0	2.3681200000000002	2.1163	1.25596	0.357896	
0	0.8511719999999999	0.5015270000000001	-0.154846	0.0	0.1656	0.0233514	0.985917	0.0	0.49808	-0.864827	-0.0631768	0.0	-2.58604	0.00323838	-0.237494	0.343021	-0.322471	0.867634	-0.378448	0.0	0.43778199999999995	-0.217777	-0.8723069999999999	0.0	-0.839261	-0.44697200000000004	-0.309608	0.0	2.3681200000000002	2.1163	1.25596	0.357896	
0	0.8511719999999999	0.5015270000000001	-0.154846	0.0	0.1656	0.0233514	0.985916	0.0	0.49808	-0.864827	-0.0631768	0.0	-2.58604	0.00323764	-0.237494	0.34302	-0.322471	0.867634	-0.378448	0.0	0.43778199999999995	-0.217777	-0.8723069999999999	0.0	-0.839261	-0.44697200000000004	-0.309608	0.0	2.3681200000000002	2.1163	1.25596	0.357896	
0	0.8511719999999999	0.5015270000000001	-0.154846	0.0	0.1656	0.0233514	0.985916	0.0	0.49808	-0.864827	-0.0631768	0.0	-2.58604	0.00323743	-0.237494	0.34302	-0.322471	0.867634	-0.378448	0.0	0.43778199999999995	-0.217777	-0.8723069999999999	0.0	-0.839261	-0.44697200000000004	-0.309608	0.0	2.3681200000000002	2.1163	1.25596	0.35789499999999996	
0	0.8511719999999999	0.5015270000000001	-0.154846	0.0	0.1656	0.0233514	0.985916	0.0	0.49808	-0.864827	-0.06317669999999999	0.0	-2.58604	0.00323738	-0.237494	0.34302	-0.322471	0.867634	-0.378448	0.0	0.43778199999999995	-0.217777	-0.8723069999999999	0.0	-0.839261	-0.44697200000000004	-0.309608	0.0	2.3681200000000002	2.1163	1.25596	0.35789499999999996	
0	0.8511719999999999	0.5015270000000001	-0.154846	0.0	0.1656	0.0233514	0.985916	0.0	0.49808	-0.864827	-0.0631768	0.0	-2.58604	0.00323782	-0.237494	0.34302	-0.322471	0.867634	-0.378448	0.0	0.43778199999999995	-0.217777	-0.8723069999999999	0.0	-0.839261	-0.44697200000000004	-0.309608	0.0	2.3681200000000002	2.1163	1.25596	0.35789499999999996	
0	0.8511719999999999	0.5015270000000001	-0.154846	0.0	0.1656	0.0233514	0.985916	0.0	0.49808	-0.864827	-0.0631768	0.0	-2.58604	0.00323779	-0.237494	0.34302	-0.322471	0.867634	-0.378448	0.0	0.43778199999999995	-0.217777	-0.8723069999999999	0.0	-0.839261	-0.44697200000000004	-0.309608	0.0	2.3681200000000002	2.1163	1.25596	0.35789499999999996	
0	0.8511719999999999	0.5015270000000001	-0.154846	0.0	0.1656	0.0233514	0.985916	0.0	0.49808	-0.864827	-0.0631768	0.0	-2.58604	0.00323755	-0.237494	0.34302	-0.322471	0.867634	-0.378448	0.0	0.43778199999999995	-0.217777	-0.8723069999999999	0.0	-0.839261	-0.44697200000000004	-0.309608	0.0	2.3681200000000002	2.1163	1.25596	0.357896	
0	0.8511719999999999	0.5015270000000001	-0.154846	0.0	0.1656	0.0233514	0.985916	0.0	0.49808	-0.864827	-0.0631768	0.0	-2.58604	0.00323754	-0.237494	0.34302	-0.322471	0.867634	-0.378448	0.0	0.43778199999999995	-0.217777	-0.8723069999999999	0.0	-0.839261	-0.44697200000000004	-0.309608	0.0	2.3681200000000002	2.1163	1.25596	0.357896	
0	0.8511719999999999	0.5015270000000001	-0.154846	0.0	0.1656	0.0233514	0.985916	0.0	0.49808	-0.864827	-0.06317669999999999	0.0	-2.58604	0.0032373000000000007	-0.237494	0.34302	-0.322471	0.867634	-0.378448	0.0	0.43778199999999995	-0.217777	-0.8723069999999999	0.0	-0.839261	-0.44697200000000004	-0.309608	0.0	2.3681200000000002	2.1163	1.25596	0.357896	
0	0.8511719999999999	0.5015270000000001	-0.154846	0.0	0.1656	0.0233514	0.985916	0.0	0.49808	-0.864827	-0.06317669999999999	0.0	-2.58604	0.00323759	-0.237494	0.34302	-0.322471	0.867634	-0.378448	0.0	0.43778199999999995	-0.217777	-0.8723069999999999	0.0	-0.839261	-0.44697200000000004	-0.309608	0.0	2.3681200000000002	2.1163	1.25596	0.357896	
0	0.8511719999999999	0.5015270000000001	-0.154846	0.0	0.1656	0.0233514	0.985916	0.0	0.49808	-0.864827	-0.0631768	0.0	-2.58604	0.00323742	-0.237494	0.34302	-0.322471	0.867634	-0.378448	0.0	0.43778199999999995	-0.217777	-0.8723069999999999	0.0	-0.839261	-0.44697200000000004	-0.309608	0.0	2.3681200000000002	2.1163	1.25596	0.357896	
0	0.8511719999999999	0.5015270000000001	-0.154846	0.0	0.1656	0.0233514	0.985916	0.0	0.49808	-0.864827	-0.0631768	0.0	-2.58604	0.00323734	-0.237494	0.34302	-0.322471	0.867634	-0.378448	0.0	0.43778199999999995	-0.217777	-0.8723069999999999	0.0	-0.839261	-0.44697200000000004	-0.309608	0.0	2.3681200000000002	2.1163	1.25596	0.35789499999999996	
0	0.8511719999999999	0.5015270000000001	-0.154846	0.0	0.1656	0.0233514	0.985916	0.0	0.49808	-0.864827	-0.06317669999999999	0.0	-2.58604	0.0032372	-0.237494	0.34302	-0.322471	0.867634	-0.378448	0.0	0.43778199999999995	-0.217777	-0.8723069999999999	0.0	-0.839261	-0.44697200000000004	-0.309608	0.0	2.3681200000000002	2.1163	1.25596	0.35789499999999996	
0	0.114151	0.9439040000000001	-0.309864	0.0	0.288528	0.26696	0.919502	0.0	0.950642	-0.194366	-0.241869	0.0	-2.6032900000000003	-0.0914195	-0.337765	0.32646	0.355417	0.794913	-0.49172299999999997	0.0	0.106352	-0.5570470000000001	-0.823643	0.0	-0.928638	0.240441	-0.282524	0.0	2.33938	2.12743	1.27194	0.35733000000000004	
0	0.313906	0.90594	-0.284141	0.0	0.269877	0.201787	0.941514	0.0	0.910291	-0.37223	-0.18115	0.0	-2.52742	-0.435299	-0.220958	0.277451	0.354513	0.795165	-0.49196899999999993	0.0	0.10861300000000002	-0.557599	-0.822975	0.0	-0.9287219999999999	0.238321	-0.284041	0.0	2.31422	2.10887	1.27925	0.357649	
0	0.6899649999999999	0.6812739999999999	-0.244567	0.0	0.224913	0.119371	0.967039	0.0	0.688013	-0.72223	-0.0708653	0.0	-2.5955	-1.2972700000000001	-0.258482	0.128991	0.349492	0.797622	-0.491583	0.0	0.117629	-0.557871	-0.82155	0.0	-0.9295260000000001	0.22930100000000003	-0.28879499999999997	0.0	2.28093	2.06103	1.29259	0.358063	
0	0.783974	0.587052	-0.201877	0.0	0.176621	0.100828	0.979101	0.0	0.5951390000000001	-0.803245	-0.0246391	0.0	-2.6891700000000003	-1.93572	-0.416109	0.18599100000000002	0.347167	0.79943	-0.49029300000000003	0.0	0.122897	-0.557084	-0.821312	0.0	-0.929716	0.224877	-0.291649	0.0	2.26905	2.03755	1.3019399999999999	0.358352	
0	0.813056	0.556241	-0.17185999999999998	0.0	0.141279	0.0978625	0.9851209999999999	0.0	0.564783	-0.825239	0.000982627	0.0	-2.66827	-2.28539	-0.576572	0.26949	0.34462600000000004	0.8040619999999999	-0.484476	0.0	0.132908	-0.552685	-0.822724	0.0	-0.929284	0.21914099999999997	-0.297336	0.0	2.2709599999999996	2.02425	1.30365	0.358356	
0	0.824484	0.548303	-0.139966	0.0	0.10699600000000001	0.0918308	0.9900100000000001	0.0	0.555678	-0.8312229999999999	0.0170466	0.0	-2.62775	-2.44176	-0.725299	0.332374	0.342385	0.8074939999999999	-0.480339	0.0	0.144277	-0.550361	-0.822367	0.0	-0.928416	0.21226399999999998	-0.30493899999999996	0.0	2.28364	2.00367	1.28064	0.358151	
0	0.833435	0.5372600000000001	-0.129375	0.0	0.09418889999999999	0.0925842	0.99124	0.0	0.544532	-0.8383200000000001	0.026558999999999996	0.0	-2.61036	-2.50283	-0.7886770000000001	0.348022	0.34074	0.8088810000000001	-0.479174	0.0	0.148207	-0.549516	-0.822233	0.0	-0.9284020000000001	0.20915	-0.30712399999999995	0.0	2.2889	1.9893	1.26995	0.358084	
0	0.8541850000000001	0.509414	-0.104235	0.0	0.0844456	0.0618943	0.994504	0.0	0.513066	-0.8582930000000001	0.0098514	0.0	-2.60756	-2.56117	-0.95581	0.349258	0.339503	0.811028	-0.476416	0.0	0.159476	-0.5487989999999999	-0.820602	0.0	-0.9269870000000001	0.20262	-0.315658	0.0	2.28931	1.97226	1.24496	0.358114	
0	0.861757	0.5001479999999999	-0.0850148	0.0	0.08194860000000001	0.028142200000000003	0.996239	0.0	0.50066	-0.865483	-0.0167347	0.0	-2.6316599999999997	-2.5786700000000002	-1.13494	0.348962	0.341028	0.81038	-0.476429	0.0	0.165102	-0.550566	-0.8183020000000001	0.0	-0.925441	0.200404	-0.321554	0.0	2.2861700000000003	1.9550900000000002	1.22953	0.357986	
0	0.8708030000000001	0.487349	-0.0647481	0.0	0.0753867	-0.00222307	0.997152	0.0	0.485817	-0.8732040000000001	-0.0386755	0.0	-2.68096	-2.59918	-1.3191899999999999	0.348437	0.34103	0.8101970000000001	-0.476739	0.0	0.171013	-0.552148	-0.8160189999999999	0.0	-0.924366	0.196758	-0.326854	0.0	2.27465	1.93505	1.2106299999999999	0.35782600000000003	
0	0.886077	0.45999399999999996	-0.057208	0.0	0.0793663	-0.028959500000000003	0.996425	0.0	0.456692	-0.88745	-0.0621684	0.0	-2.7495	-2.64845	-1.4752	0.348671	0.341514	0.808657	-0.479001	0.0	0.171015	-0.5546	-0.814354	0.0	-0.9241870000000001	0.196197	-0.327696	0.0	2.26226	1.9170599999999998	1.19095	0.357894	
0	0.9206280000000001	0.384459	-0.068085	0.0	0.0908044	-0.041230699999999995	0.995015	0.0	0.379736	-0.922221	-0.0728687	0.0	-2.9033599999999997	-2.77319	-1.6135899999999999	0.346891	0.339751	0.80775	-0.481778	0.0	0.171478	-0.556863	-0.812711	0.0	-0.924751	0.19350499999999998	-0.327705	0.0	2.26316	1.91648	1.19176	0.357984	
0	0.939788	0.332923	-0.0772008	0.0	0.09098389999999999	-0.0259856	0.9955129999999999	0.0	0.329423	-0.9425959999999999	-0.054711699999999995	0.0	-3.01505	-2.92738	-1.62186	0.344231	0.33718000000000004	0.809036	-0.481425	0.0	0.173807	-0.556076	-0.812755	0.0	-0.925257	0.190369	-0.32811399999999996	0.0	2.2667599999999997	1.9180000000000001	1.19709	0.358079	
0	0.9538280000000001	0.283064	-0.100436	0.0	0.0991646	0.0188537	0.994893	0.0	0.283512	-0.958916	-0.0100868	0.0	-3.23239	-3.1478099999999998	-1.74542	0.34757899999999997	0.33614499999999997	0.811375	-0.478202	0.0	0.179339	-0.553602	-0.813242	0.0	-0.924578	0.187607	-0.331602	0.0	2.27696	1.91222	1.1828299999999998	0.35791	
0	0.958836	0.253251	-0.128442	0.0	0.108252	0.0921664	0.989842	0.0	0.262517	-0.963	0.06095740000000001	0.0	-3.30093	-3.31161	-1.6617099999999998	0.346823	0.336432	0.811469	-0.47784099999999996	0.0	0.182087	-0.553899	-0.812429	0.0	-0.9239360000000001	0.186318	-0.33410700000000004	0.0	2.27657	1.90273	1.1596799999999998	0.357692	
0	0.959779	0.246761	-0.133918	0.0	0.106353	0.121896	0.986828	0.0	0.259835	-0.9613790000000001	0.0907499	0.0	-3.29385	-3.3920199999999996	-1.58322	0.347076	0.335769	0.811818	-0.47771499999999995	0.0	0.18257400000000001	-0.5536310000000001	-0.8125020000000001	0.0	-0.9240809999999999	0.185594	-0.334109	0.0	2.2738099999999997	1.89704	1.14994	0.35784	
0	0.9602950000000001	0.243981	-0.135304	0.0	0.10541500000000001	0.131712	0.985667	0.0	0.258306	-0.960794	0.100763	0.0	-3.27435	-3.4210599999999998	-1.53204	0.34689000000000003	0.335096	0.812387	-0.47721899999999995	0.0	0.184151	-0.5532060000000001	-0.812435	0.0	-0.924013	0.184363	-0.33497899999999997	0.0	2.274	1.8932799999999999	1.13942	0.357894	
0	0.960585	0.24530500000000002	-0.130774	0.0	0.102676	0.124081	0.9869459999999999	0.0	0.258329	-0.9614729999999999	0.0940035	0.0	-3.2458099999999996	-3.41393	-1.53715	0.346582	0.334276	0.812766	-0.47715	0.0	0.186175	-0.553242	-0.81195	0.0	-0.9239040000000001	0.182582	-0.336253	0.0	2.2811	1.88757	1.13168	0.35778699999999997	
0	0.959333	0.253271	-0.12463699999999998	0.0	0.0986598	0.112848	0.9887020000000001	0.0	0.264474	-0.960791	0.0832711	0.0	-3.2279	-3.4186699999999997	-1.60694	0.346459	0.334015	0.8137800000000001	-0.475602	0.0	0.188803	-0.552118	-0.812107	0.0	-0.923465	0.18146099999999998	-0.33805999999999997	0.0	2.28498	1.8801	1.124	0.357731	
0	0.955347	0.26855100000000004	-0.123259	0.0	0.0961883	0.11177899999999999	0.989067	0.0	0.27939200000000003	-0.956758	0.0809564	0.0	-3.20439	-3.42383	-1.65514	0.34623200000000004	0.33444	0.813846	-0.475188	0.0	0.189577	-0.552014	-0.811999	0.0	-0.9231520000000001	0.18148	-0.338902	0.0	2.28668	1.88116	1.12116	0.357731	
0	0.9496479999999999	0.288862	-0.12135699999999999	0.0	0.089567	0.12088299999999999	0.988618	0.0	0.300244	-0.949709	0.0889241	0.0	-3.11479	-3.4203699999999997	-1.6292200000000001	0.34624299999999997	0.33407600000000004	0.812109	-0.47840600000000005	0.0	0.189618	-0.555098	-0.809884	0.0	-0.923276	0.179848	-0.339436	0.0	2.29276	1.8886900000000002	1.1212799999999998	0.357694	
0	0.949047	0.291113	-0.12067699999999999	0.0	0.08796319999999999	0.12300499999999999	0.9885	0.0	0.302609	-0.9487479999999999	0.09113049999999999	0.0	-3.04177	-3.4195	-1.6175899999999999	0.346172	0.332471	0.8112159999999999	-0.48103199999999996	0.0	0.189574	-0.55712	-0.808504	0.0	-0.9238639999999999	0.17761300000000002	-0.339012	0.0	2.30418	1.89695	1.14104	0.357738	
0	0.943156	0.304206	-0.133847	0.0	0.10054600000000001	0.12268499999999999	0.987339	0.0	0.316775	-0.944673	0.0851248	0.0	-3.02523	-3.41379	-1.61297	0.34580700000000003	0.331349	0.81118	-0.481867	0.0	0.189493	-0.5575260000000001	-0.808243	0.0	-0.924284	0.1765	-0.338449	0.0	2.3136799999999997	1.9041599999999999	1.1537600000000001	0.357534	
0	0.9415540000000001	0.308055	-0.136302	0.0	0.102414	0.12369300000000001	0.987022	0.0	0.320917	-0.943293	0.0849141	0.0	-3.00543	-3.41393	-1.6134600000000001	0.34579299999999996	0.331469	0.811053	-0.481997	0.0	0.18997	-0.557791	-0.807949	0.0	-0.924143	0.176245	-0.338966	0.0	2.3140099999999997	1.9041400000000002	1.15601	0.357644	
0	0.9428540000000001	0.30500700000000003	-0.134154	0.0	0.09821419999999999	0.13033699999999998	0.986593	0.0	0.31840300000000005	-0.9433889999999999	0.092933	0.0	-2.95677	-3.42556	-1.6288200000000002	0.345213	0.331848	0.811088	-0.481677	0.0	0.189669	-0.557553	-0.808183	0.0	-0.924068	0.176835	-0.338862	0.0	2.3181599999999998	1.9068200000000002	1.15749	0.357596	
0	0.94286	0.30488899999999997	-0.134379	0.0	0.0972501	0.133925	0.986208	0.0	0.31868	-0.942925	0.0966225	0.0	-2.9372599999999998	-3.42991	-1.62657	0.344976	0.331947	0.811453	-0.480995	0.0	0.190571	-0.557082	-0.808296	0.0	-0.923847	0.176648	-0.339561	0.0	2.31534	1.90484	1.15504	0.357502	
0	0.9437209999999999	0.305334	-0.127127	0.0	0.0916222	0.127979	0.9875360000000001	0.0	0.317798	-0.943606	0.09280089999999999	0.0	-2.91125	-3.43413	-1.59358	0.340547	0.329374	0.812185	-0.48152799999999996	0.0	0.192412	-0.55702	-0.8079029999999999	0.0	-0.9243870000000001	0.17345	-0.339742	0.0	2.31975	1.9006299999999998	1.1553	0.35752399999999995	
0	0.945174	0.304188	-0.118806	0.0	0.0878967	0.11341199999999999	0.9896520000000001	0.0	0.314515	-0.945837	0.0804569	0.0	-2.90333	-3.45174	-1.60404	0.331679	0.326506	0.813004	-0.482099	0.0	0.196215	-0.557242	-0.806834	0.0	-0.9246049999999999	0.16884100000000002	-0.341467	0.0	2.3330900000000003	1.9015099999999998	1.15336	0.35746500000000003	
0	0.9499989999999999	0.29151900000000003	-0.11188599999999999	0.0	0.0857124	0.10109800000000001	0.9911770000000001	0.0	0.300259	-0.9512079999999999	0.0710563	0.0	-2.93577	-3.5408699999999995	-1.62211	0.35690900000000003	0.323629	0.813778	-0.482732	0.0	0.201532	-0.557766	-0.80516	0.0	-0.924472	0.163287	-0.344511	0.0	2.34853	1.9020599999999999	1.15419	0.35688400000000003	
0	0.9600620000000001	0.259698	-0.10410799999999999	0.0	0.0815478	0.0962101	0.992015	0.0	0.26764099999999996	-0.960885	0.0711898	0.0	-2.97342	-3.63175	-1.61345	0.354127	0.322173	0.812465	-0.48590600000000006	0.0	0.201648	-0.5603899999999999	-0.8033060000000001	0.0	-0.924955	0.160821	-0.344375	0.0	2.35858	1.90898	1.15165	0.35684499999999997	
0	0.954325	0.282895	-0.0960975	0.0	0.072271	0.0935119	0.992992	0.0	0.289898	-0.9545819999999999	0.0687957	0.0	-3.00239	-3.63329	-1.61871	0.343301	0.321546	0.810936	-0.488867	0.0	0.20160899999999998	-0.56308	-0.801433	0.0	-0.925182	0.159138	-0.344548	0.0	2.3671	1.9132099999999999	1.1632	0.356653	
0	0.95521	0.281254	-0.0920385	0.0	0.0677553	0.0948968	0.993179	0.0	0.288069	-0.95493	0.07158989999999998	0.0	-3.0013	-3.6334199999999996	-1.61828	0.346762	0.32014699999999996	0.808106	-0.49444	0.0	0.199547	-0.5677220000000001	-0.79867	0.0	-0.926114	0.157027	-0.343009	0.0	2.37831	1.92144	1.17798	0.356446	
0	0.955967	0.278969	-0.09112050000000001	0.0	0.0696767	0.0858627	0.993868	0.0	0.285082	-0.9564540000000001	0.0626443	0.0	-3.0028599999999996	-3.62871	-1.6357700000000002	0.316745	0.31754299999999996	0.808419	-0.49560699999999996	0.0	0.201317	-0.568218	-0.797872	0.0	-0.9266270000000001	0.153585	-0.34318200000000004	0.0	2.3866099999999997	1.9284299999999999	1.19221	0.356198	
0	0.958656	0.268231	-0.0950283	0.0	0.07212589999999999	0.09400449999999999	0.992956	0.0	0.275275	-0.958757	0.0707716	0.0	-3.0163900000000003	-3.60124	-1.7578200000000002	0.14874300000000001	0.3167	0.808308	-0.496325	0.0	0.20185699999999998	-0.568708	-0.7973859999999999	0.0	-0.926798	0.152346	-0.343273	0.0	2.3921099999999997	1.93239	1.19496	0.356118	
0	0.9535040000000001	0.291876	-0.0750839	0.0	0.0629048	0.0509039	0.996721	0.0	0.294741	-0.955101	0.0301767	0.0	-3.04765	-3.5962099999999997	-1.72167	0.136444	0.318044	0.807571	-0.49666499999999997	0.0	0.20166800000000001	-0.569504	-0.796866	0.0	-0.9263790000000001	0.153277	-0.343989	0.0	2.39744	1.9269999999999998	1.19866	0.355989	
0	0.9467969999999999	0.321829	0.0009824039999999999	0.0	0.00532243	-0.0187102	0.999811	0.0	0.321787	-0.9466129999999999	-0.019427700000000003	0.0	-3.06986	-3.59982	-1.6669200000000002	0.136546	0.318749	0.8089689999999999	-0.493932	0.0	0.202848	-0.567262	-0.798165	0.0	-0.9258790000000001	0.154222	-0.344912	0.0	2.3987	1.92573	1.19919	0.356117	
0	0.9282549999999999	0.362616	0.0827813	0.0	-0.056762	-0.08185	0.995027	0.0	0.367588	-0.9283370000000001	-0.0553948	0.0	-3.00862	-3.60854	-1.76751	0.136434	0.31786	0.8096810000000001	-0.49333699999999997	0.0	0.20468	-0.566651	-0.798131	0.0	-0.925782	0.152718	-0.345841	0.0	2.39528	1.92031	1.19769	0.35636100000000004	
0	0.9120860000000001	0.385127	0.140628	0.0	-0.09668610000000001	-0.13128199999999998	0.986619	0.0	0.398435	-0.913478	-0.0825039	0.0	-3.0102599999999997	-3.5994599999999997	-1.7683900000000001	0.136035	0.317294	0.809851	-0.493422	0.0	0.206152	-0.566769	-0.797668	0.0	-0.9256489999999999	0.151376	-0.346785	0.0	2.39905	1.92127	1.19967	0.35630500000000004	
0	0.872052	0.45377799999999996	0.183331	0.0	-0.10018099999999999	-0.201152	0.974424	0.0	0.47905	-0.868115	-0.129955	0.0	-3.01061	-3.3753699999999998	-1.7400799999999998	0.136141	0.318235	0.812224	-0.48889499999999997	0.0	0.20992399999999997	-0.563278	-0.7991560000000001	0.0	-0.924477	0.15168900000000002	-0.349761	0.0	2.3963	1.9188599999999998	1.19383	0.35623699999999997	
0	0.755934	0.613466	0.22852600000000003	0.0	-0.018639	-0.32877199999999995	0.944225	0.0	0.654383	-0.7180310000000001	-0.23709499999999997	0.0	-3.15945	-2.6454400000000002	-1.65176	0.135955	0.321924	0.8122729999999999	-0.486392	0.0	0.21203000000000002	-0.562546	-0.7991149999999999	0.0	-0.922718	0.154125	-0.35332399999999997	0.0	2.3833599999999997	1.90383	1.17775	0.356091	
0	0.540401	0.7980510000000001	0.266613	0.0	0.11488599999999999	-0.383882	0.916207	0.0	0.833528	-0.46448900000000004	-0.299135	0.0	-2.8338900000000002	-0.880233	-2.12169	0.136302	0.326751	0.811242	-0.484892	0.0	0.210909	-0.562704	-0.799301	0.0	-0.921277	0.158904	-0.35496300000000003	0.0	2.36442	1.88494	1.16693	0.355509	
5	0.407366	0.8716879999999999	0.272419	0.0	0.138748	-0.3539	0.924934	0.0	0.9026639999999999	-0.338989	-0.265112	0.0	-2.8218099999999997	-0.322948	-2.06182	0.13630599999999998	0.327346	0.8108920000000001	-0.48507700000000004	0.0	0.208869	-0.562758	-0.799798	0.0	-0.92153	0.160494	-0.353587	0.0	2.35416	1.8832099999999998	1.16008	0.355493	
5	0.150977	0.9570379999999999	0.24755700000000003	0.0	0.10951500000000002	-0.265079	0.957987	0.0	0.982452	-0.117523	-0.144831	0.0	-2.57533	0.458995	-1.83411	0.135955	0.32595599999999997	0.809956	-0.487569	0.0	0.209517	-0.564801	-0.798187	0.0	-0.921876	0.15802	-0.3538	0.0	2.3310400000000002	1.8723400000000001	1.15687	0.355572	
5	0.0846018	0.96854	0.234037	0.0	0.0947841	-0.241637	0.965727	0.0	0.9918969999999999	-0.0595193	-0.11224500000000001	0.0	-2.43682	0.61983	-1.7459099999999999	0.135945	0.32424000000000003	0.8099270000000001	-0.48876099999999995	0.0	0.21091300000000002	-0.5655640000000001	-0.797279	0.0	-0.922163	0.155424	-0.35420300000000005	0.0	2.3271599999999997	1.86864	1.15825	0.355274	
5	0.0145124	0.977448	0.210675	0.0	0.07474650000000001	-0.211168	0.9745879999999999	0.0	0.9970969999999999	0.00160363	-0.0761254	0.0	-2.31382	0.7615390000000001	-1.6871200000000002	0.13631500000000002	0.322367	0.809955	-0.489951	0.0	0.211135	-0.566066	-0.796864	0.0	-0.922768	0.153437	-0.353491	0.0	2.3277099999999997	1.86743	1.16209	0.355329	
5	0.0630264	0.9766290000000001	0.205485	0.0	-0.0592001	-0.201874	0.977621	0.0	0.9962549999999999	-0.0737807	0.0450931	0.0	-1.80675	0.801144	-1.39163	0.135928	0.31642600000000004	0.8091	-0.495208	0.0	0.22738000000000003	-0.571505	-0.7884680000000001	0.0	-0.9209629999999999	0.136891	-0.36481199999999997	0.0	2.35143	1.8827599999999998	1.14716	0.354898	
5	0.16198099999999999	0.961499	0.221996	0.0	-0.101663	-0.20751	0.972936	0.0	0.981543	-0.18016600000000002	0.06413640000000001	0.0	-1.6562400000000002	0.611622	-1.31279	0.13631300000000002	0.31777	0.80762	-0.496762	0.0	0.23871900000000001	-0.575187	-0.782416	0.0	-0.917625	0.13004100000000002	-0.37557199999999996	0.0	2.35784	1.8869599999999997	1.1293600000000001	0.354602	
5	0.407603	0.874574	0.26264	0.0	-0.257706	-0.16575499999999999	0.9519	0.0	0.876041	-0.45568100000000006	0.15782100000000002	0.0	-1.2140600000000001	-0.0658195	-1.07518	0.135961	0.329371	0.804003	-0.495069	0.0	0.270252	-0.582666	-0.766462	0.0	-0.904698	0.118657	-0.409197	0.0	2.40888	1.8891200000000001	1.08223	0.354426	
5	0.516211	0.800308	0.305014	0.0	-0.35891300000000004	-0.12121099999999999	0.925467	0.0	0.777629	-0.58721	0.22466999999999998	0.0	-0.91809	-0.491541	-0.9135040000000001	0.136321	0.376934	0.783323	-0.49429399999999996	0.0	0.286904	-0.60615	-0.7418	0.0	-0.8806860000000001	0.137794	-0.453217	0.0	2.4621	1.94287	1.0271299999999999	0.354914	
5	0.574187	0.7291	0.37245500000000004	0.0	-0.42253500000000005	-0.12576199999999998	0.8975790000000001	0.0	0.701266	-0.6727529999999999	0.23586	0.0	-0.678589	-0.757059	-0.8766729999999999	0.135951	0.455991	0.746496	-0.484579	0.0	0.290022	-0.639397	-0.7120810000000001	0.0	-0.841403	0.18416400000000002	-0.508059	0.0	2.52293	2.0146	0.9301010000000001	0.355858	
5	0.585256	0.6964600000000001	0.415233	0.0	-0.45111999999999997	-0.145848	0.8804649999999999	0.0	0.67377	-0.7026180000000001	0.228829	0.0	-0.5465409999999999	-0.8170270000000001	-0.8866870000000001	0.135954	0.49613999999999997	0.735011	-0.46217299999999994	0.0	0.311227	-0.647489	-0.695627	0.0	-0.810545	0.20128800000000002	-0.55	0.0	2.5603	2.05468	0.866614	0.356108	
5	0.594174	0.619016	0.513592	0.0	-0.5152800000000001	-0.197354	0.83399	0.0	0.6176119999999999	-0.760178	0.201704	0.0	-0.18243499999999999	-0.9066299999999999	-0.951858	0.13595	0.5685020000000001	0.71413	-0.40844	0.0	0.348661	-0.658828	-0.666619	0.0	-0.745145	0.236567	-0.6235350000000001	0.0	2.65706	2.11642	0.759731	0.355577	
5	0.589109	0.568307	0.574437	0.0	-0.549906	-0.238923	0.800325	0.0	0.5920770000000001	-0.7873640000000001	0.171763	0.0	0.119208	-0.975635	-1.12539	0.135945	0.619866	0.6927439999999999	-0.368608	0.0	0.351621	-0.665146	-0.658744	0.0	-0.701519	0.27872199999999997	-0.655885	0.0	2.7159	2.15215	0.714711	0.355927	
5	0.5866779999999999	0.534804	0.608106	0.0	-0.562056	-0.27169899999999997	0.781199	0.0	0.58301	-0.800103	0.14119	0.0	0.375138	-1.00498	-1.3376299999999999	0.135961	0.640818	0.688038	-0.340522	0.0	0.36894899999999997	-0.6650010000000001	-0.649346	0.0	-0.6732229999999999	0.290477	-0.679996	0.0	2.77848	2.1627099999999997	0.677204	0.354744	
5	0.566307	0.549018	0.614716	0.0	-0.5564279999999999	-0.295538	0.77656	0.0	0.608017	-0.781816	0.138124	0.0	0.703088	-0.9409069999999999	-1.5835	0.13630699999999998	0.6457609999999999	0.699932	-0.305102	0.0	0.39468600000000004	-0.648059	-0.6513399999999999	0.0	-0.653617	0.300191	-0.6947439999999999	0.0	2.83105	2.16585	0.649439	0.354479	
5	0.549956	0.5635359999999999	0.616422	0.0	-0.5643050000000001	-0.293389	0.771676	0.0	0.615718	-0.772237	0.156656	0.0	0.8881870000000001	-0.915767	-1.6559	0.13630599999999998	0.651708	0.707499	-0.273353	0.0	0.42071499999999995	-0.637076	-0.645859	0.0	-0.631091	0.305908	-0.712843	0.0	2.85948	2.1752	0.61647	0.348647	
5	0.531778	0.5742109999999999	0.62249	0.0	-0.6089479999999999	-0.25156300000000004	0.752262	0.0	0.588553	-0.7791	0.215889	0.0	1.36408	-1.0132700000000001	-1.7498900000000002	0.13631400000000002	0.672355	0.710407	-0.20799299999999998	0.0	0.466215	-0.624657	-0.626456	0.0	-0.574963	0.324231	-0.7511939999999999	0.0	2.94723	2.13389	0.48979700000000004	0.339892	
