3	0.593132	0.516197	-0.617847	0.0	0.686543	0.0765623	0.723047	0.0	0.42053900000000005	-0.8530409999999999	-0.30898000000000003	0.0	-2.7396700000000003	2.0	1.46191	0.0	-0.593133	0.516197	-0.617846	0.0	0.750221	0.0758753	-0.65682	0.0	-0.292169	-0.853102	-0.432266	0.0	2.66032	2.0	1.53809	0.0	
3	0.312248	0.8612989999999999	-0.400831	0.0	0.279344	0.32003200000000004	0.9052879999999999	0.0	0.9080020000000001	-0.394644	-0.14066900000000002	0.0	-2.95821	1.9931299999999998	1.38087	0.0	-0.306015	0.7710640000000001	-0.558405	0.0	0.403846	-0.42601999999999995	-0.809577	0.0	-0.8621270000000001	-0.47325200000000006	-0.181023	0.0	2.66486	1.9502599999999999	1.50011	0.0	
3	0.27855	0.85362	-0.440162	0.0	0.261808	0.373456	0.8899370000000001	0.0	0.924049	-0.36313	-0.119458	0.0	-3.00305	2.0136700000000003	1.34461	0.0	-0.262469	0.750605	-0.6063850000000001	0.0	0.396838	-0.48885	-0.776882	0.0	-0.8795629999999999	-0.44454399999999994	-0.169561	0.0	2.66778	1.98092	1.51514	0.00730797	
3	0.259185	0.863635	-0.432386	0.0	0.251499	0.37189099999999997	0.893558	0.0	0.932508	-0.340341	-0.120815	0.0	-2.94824	2.04091	1.3361	0.0	-0.250842	0.780042	-0.573248	0.0	0.349727	-0.47916000000000003	-0.805045	0.0	-0.902646	-0.402419	-0.152609	0.0	2.65109	1.9917	1.5595299999999999	0.346051	
3	0.257272	0.874599	-0.41096000000000005	0.0	0.201954	0.367221	0.9079440000000001	0.0	0.945	-0.31658400000000003	-0.082153	0.0	-2.81046	2.01871	1.3467799999999999	0.353616	-0.240988	0.795205	-0.5563939999999999	0.0	0.349955	-0.463524	-0.814049	0.0	-0.9052379999999999	-0.390889	-0.16658299999999998	0.0	2.5855900000000003	1.96269	1.54918	0.350823	
3	0.256751	0.88361	-0.39155100000000004	0.0	0.206668	0.345566	0.9153540000000001	0.0	0.9441229999999999	-0.31593899999999997	-0.0938902	0.0	-2.72411	1.97681	1.37723	0.355572	-0.272011	0.802288	-0.53136	0.0	0.347071	-0.433221	-0.831782	0.0	-0.897525	-0.410674	-0.16061	0.0	2.5472900000000003	1.8746599999999998	1.5381200000000002	0.351047	
3	0.263396	0.891282	-0.369106	0.0	0.204326	0.322392	0.924291	0.0	0.942801	-0.318873	-0.09719560000000001	0.0	-2.67982	1.90105	1.34721	0.35586799999999996	-0.312812	0.8006260000000001	-0.511026	0.0	0.35443	-0.400771	-0.8448450000000001	0.0	-0.881208	-0.4454	-0.1584	0.0	2.52061	1.7760900000000002	1.5447799999999998	0.351005	
3	0.337742	0.883382	-0.32491	0.0	0.21979200000000002	0.261631	0.939809	0.0	0.9152170000000001	-0.388826	-0.105797	0.0	-2.7023200000000003	1.8252599999999999	1.32518	0.354711	-0.378529	0.788395	-0.484922	0.0	0.35796500000000003	-0.35844499999999996	-0.862194	0.0	-0.853567	-0.49995	-0.146536	0.0	2.51021	1.68839	1.55351	0.350748	
3	0.485134	0.835794	-0.257088	0.0	0.17008299999999998	0.198197	0.9652930000000001	0.0	0.8577389999999999	-0.512023	-0.0460024	0.0	-2.71722	1.67165	1.3770200000000001	0.313711	-0.41435600000000006	0.780255	-0.46852	0.0	0.368312	-0.326996	-0.8702989999999999	0.0	-0.832259	-0.533175	-0.151885	0.0	2.5028900000000003	1.63365	1.53776	0.350247	
3	0.662004	0.7353890000000001	-0.144754	0.0	0.109645	0.09603450000000001	0.9893209999999999	0.0	0.741437	-0.670806	-0.017056599999999998	0.0	-2.7877099999999997	1.49221	1.45886	0.244475	-0.46769799999999995	0.7671359999999999	-0.439047	0.0	0.378326	-0.275177	-0.883825	0.0	-0.798829	-0.579466	-0.161528	0.0	2.49568	1.6431900000000002	1.52814	0.35186799999999996	
3	0.7621319999999999	0.644848	-0.0576638	0.0	0.06267869999999999	0.015157499999999999	0.997919	0.0	0.6443800000000001	-0.7641600000000001	-0.028866200000000005	0.0	-2.82537	1.35026	1.4414799999999999	0.276985	-0.505484	0.752102	-0.422882	0.0	0.382035	-0.24436	-0.8912559999999999	0.0	-0.773651	-0.612071	-0.16380899999999998	0.0	2.47376	1.6736099999999998	1.47098	0.359132	
3	0.8491489999999999	0.527346	0.0291995	0.0	0.00380197	-0.0613879	0.998107	0.0	0.5281399999999999	-0.8474299999999999	-0.05413250000000001	0.0	-2.84248	1.20074	1.3912799999999999	0.33719899999999997	-0.53978	0.742733	-0.396214	0.0	0.40387399999999996	-0.184472	-0.8960229999999999	0.0	-0.738596	-0.643675	-0.200396	0.0	2.45738	1.78128	1.41422	0.357994	
3	0.893608	0.439654	0.090384	0.0	-0.059342099999999995	-0.0838777	0.994708	0.0	0.44490799999999997	-0.894242	-0.048863800000000006	0.0	-2.86508	1.06265	1.29769	0.347982	-0.502367	0.777984	-0.377316	0.0	0.42208500000000004	-0.160201	-0.8922889999999999	0.0	-0.754634	-0.607516	-0.247896	0.0	2.47057	2.0108900000000003	1.30348	0.356707	
3	0.897503	0.421249	0.130527	0.0	-0.0989093	-0.0961598	0.990439	0.0	0.42977299999999996	-0.901833	-0.044638300000000006	0.0	-2.7827	1.03167	1.28158	0.347539	-0.456244	0.810489	-0.367354	0.0	0.43871099999999996	-0.154293	-0.885283	0.0	-0.774192	-0.565068	-0.285175	0.0	2.48373	2.2570799999999998	1.23947	0.355403	
3	0.897734	0.411893	0.15625999999999998	0.0	-0.115928	-0.121322	0.98582	0.0	0.42501000000000005	-0.90312	-0.061164699999999995	0.0	-2.69556	1.04815	1.18929	0.34716199999999997	-0.42774700000000004	0.8264799999999999	-0.36601	0.0	0.434134	-0.16731600000000002	-0.885174	0.0	-0.792818	-0.537528	-0.287235	0.0	2.4845099999999998	2.4329	1.21555	0.352736	
3	0.8781559999999999	0.44380299999999995	0.178549	0.0	-0.129339	-0.13907	0.9818	0.0	0.460557	-0.885267	-0.0647242	0.0	-2.5594900000000003	1.07073	1.03309	0.347269	-0.42659300000000006	0.829633	-0.360176	0.0	0.43487600000000004	-0.161025	-0.885976	0.0	-0.793033	-0.534583	-0.292096	0.0	2.45605	2.4778	1.21593	0.35079499999999997	
3	0.862634	0.46038500000000004	0.209544	0.0	-0.146844	-0.168492	0.9747040000000001	0.0	0.484045	-0.871583	-0.07774160000000001	0.0	-2.41395	1.11071	0.8722559999999999	0.346211	-0.422634	0.833462	-0.355981	0.0	0.434	-0.1587	-0.886825	0.0	-0.795629	-0.5292979999999999	-0.29465	0.0	2.44163	2.47991	1.2008	0.350378	
3	0.863725	0.445742	0.235146	0.0	-0.165019	-0.190725	0.9676739999999999	0.0	0.476181	-0.8746079999999999	-0.09117810000000001	0.0	-2.28863	1.0989200000000001	0.777201	0.346895	-0.42327700000000007	0.8331049999999999	-0.356053	0.0	0.435054	-0.15782000000000002	-0.886466	0.0	-0.794711	-0.530122	-0.295644	0.0	2.43597	2.48106	1.1954	0.350452	
3	0.8682770000000001	0.42209399999999997	0.260635	0.0	-0.198694	-0.185503	0.9623459999999999	0.0	0.454549	-0.8873700000000001	-0.07720089999999999	0.0	-2.21616	1.0235100000000001	0.651608	0.34579699999999997	-0.424363	0.8317969999999999	-0.357813	0.0	0.43580699999999994	-0.15875999999999998	-0.885928	0.0	-0.793718	-0.531892	-0.295132	0.0	2.43085	2.48415	1.18155	0.348603	
3	0.8906350000000001	0.383281	0.244675	0.0	-0.200217	-0.152569	0.9678	0.0	0.408269	-0.9109440000000001	-0.0591439	0.0	-2.14819	0.92615	0.512299	0.34572600000000003	-0.42295699999999997	0.832642	-0.357512	0.0	0.43505900000000003	-0.159496	-0.8861629999999999	0.0	-0.794878	-0.5303479999999999	-0.29478899999999997	0.0	2.42959	2.4870799999999997	1.17448	0.346846	
3	0.9166709999999999	0.33831300000000003	0.21274099999999999	0.0	-0.195906	-0.08358510000000001	0.9770540000000001	0.0	0.34833200000000003	-0.937314	-0.0103425	0.0	-2.16026	0.779997	0.470247	0.346048	-0.412286	0.8381280000000001	-0.357158	0.0	0.431453	-0.165659	-0.8867950000000001	0.0	-0.8024140000000001	-0.51971	-0.29331399999999996	0.0	2.42644	2.47707	1.1714799999999999	0.34729699999999997	
3	0.9367559999999999	0.299456	0.181144	0.0	-0.190405	0.00178047	0.9817040000000001	0.0	0.293655	-0.954108	0.0586858	0.0	-2.24417	0.556623	0.533683	0.345169	-0.39579899999999996	0.8427790000000001	-0.364784	0.0	0.42915699999999996	-0.18143299999999998	-0.88482	0.0	-0.811891	-0.506761	-0.289873	0.0	2.4072400000000003	2.4197900000000003	1.16666	0.348567	
3	0.94301	0.287108	0.168231	0.0	-0.19009700000000002	0.0498522	0.980499	0.0	0.273122	-0.9566	0.10159	0.0	-2.2859599999999998	0.380277	0.668423	0.354299	-0.390435	0.8396299999999999	-0.37759899999999996	0.0	0.424962	-0.199474	-0.882959	0.0	-0.816681	-0.505204	-0.278929	0.0	2.38594	2.34531	1.17619	0.349677	
3	0.9431209999999999	0.29106	0.160646	0.0	-0.19211199999999998	0.0827765	0.977876	0.0	0.271322	-0.953117	0.133984	0.0	-2.29659	0.31674	0.7171489999999999	0.35373699999999997	-0.386822	0.837983	-0.384907	0.0	0.42324399999999995	-0.209504	-0.881461	0.0	-0.8192889999999999	-0.5038779999999999	-0.27363000000000004	0.0	2.3712	2.29948	1.17682	0.350802	
3	0.9461780000000001	0.28929499999999997	0.14510499999999998	0.0	-0.18296700000000002	0.108303	0.9771350000000001	0.0	0.266965	-0.9510940000000001	0.155405	0.0	-2.27811	0.34078400000000003	0.85451	0.346303	-0.38406599999999996	0.838075	-0.387459	0.0	0.424196	-0.21256999999999998	-0.880268	0.0	-0.8200930000000001	-0.5024390000000001	-0.273867	0.0	2.34951	2.24895	1.1571799999999999	0.351196	
3	0.949399	0.283499	0.135166	0.0	-0.171207	0.106357	0.9794780000000001	0.0	0.263305	-0.9530559999999999	0.14951199999999998	0.0	-2.3399	0.38155500000000003	0.920479	0.343976	-0.379725	0.839827	-0.387943	0.0	0.422692	-0.21550999999999998	-0.8802770000000001	0.0	-0.822886	-0.49824300000000005	-0.27315300000000003	0.0	2.3456099999999998	2.24147	1.15111	0.350457	
3	0.9430299999999999	0.327963	0.055989699999999996	0.0	-0.09799780000000001	0.11298499999999999	0.9887520000000001	0.0	0.317948	-0.93791	0.138688	0.0	-2.51663	0.425199	0.960857	0.344742	-0.35283600000000004	0.855549	-0.37887	0.0	0.42558500000000005	-0.21386599999999997	-0.879283	0.0	-0.833298	-0.471484	-0.288649	0.0	2.30748	2.1966900000000003	1.05313	0.350109	
3	0.9110450000000001	0.409132	-0.0510805	0.0	-0.00328033	0.131078	0.991367	0.0	0.41229499999999997	-0.903012	0.12075999999999999	0.0	-2.5426599999999997	0.521208	0.9416680000000001	0.346063	-0.374705	0.8361270000000001	-0.40060999999999997	0.0	0.436812	-0.22192199999999998	-0.871749	0.0	-0.817796	-0.50164	-0.282075	0.0	2.2409	2.09881	1.0383	0.35628200000000004	
3	0.901158	0.425281	-0.0839705	0.0	0.0232067	0.1461	0.9889979999999999	0.0	0.43287	-0.893191	0.12179000000000001	0.0	-2.5117700000000003	0.602364	0.958074	0.345999	-0.36844899999999997	0.8391489999999999	-0.400093	0.0	0.43162	-0.22676100000000002	-0.873088	0.0	-0.823377	-0.49437700000000007	-0.278643	0.0	2.21165	2.07925	1.05769	0.35685	
3	0.899734	0.42873199999999995	-0.0816614	0.0	0.0195065	0.147418	0.9888819999999999	0.0	0.436003	-0.891323	0.124274	0.0	-2.52284	0.608391	0.959465	0.346025	-0.357643	0.83845	-0.411208	0.0	0.437958	-0.23831599999999997	-0.866833	0.0	-0.824793	-0.490109	-0.281974	0.0	2.22175	2.03803	1.07226	0.357225	
3	0.90255	0.423335	-0.07868430000000001	0.0	0.0150374	0.151637	0.9883219999999999	0.0	0.43032299999999996	-0.893193	0.130494	0.0	-2.48747	0.602649	0.9489540000000001	0.34615300000000004	-0.359	0.834691	-0.417625	0.0	0.44925	-0.237673	-0.8612120000000001	0.0	-0.8181039999999999	-0.49679300000000004	-0.28966	0.0	2.22836	2.03694	1.03552	0.356844	
3	0.9041950000000001	0.41995	-0.0779262	0.0	0.0157763	0.14948399999999998	0.9886379999999999	0.0	0.42682700000000007	-0.8951520000000001	0.128538	0.0	-2.4875599999999998	0.603068	0.952617	0.34600000000000003	-0.34610100000000005	0.835041	-0.42769300000000005	0.0	0.45314899999999997	-0.25038	-0.85555	0.0	-0.8215049999999999	-0.489915	-0.291741	0.0	2.24277	2.0294	1.0191299999999999	0.356599	
3	0.90264	0.42290600000000006	-0.0799467	0.0	0.019013099999999998	0.14638900000000002	0.989044	0.0	0.429976	-0.8942709999999999	0.124096	0.0	-2.4958	0.604481	0.94483	0.345432	-0.337002	0.835598	-0.433828	0.0	0.449362	-0.26216	-0.854018	0.0	-0.8273469999999999	-0.48275100000000004	-0.287137	0.0	2.24775	2.0097	1.00034	0.35665399999999997	
3	0.893705	0.43823999999999996	-0.09611439999999999	0.0	0.033124900000000006	0.14919100000000002	0.988253	0.0	0.447431	-0.886391	0.118816	0.0	-2.50758	0.6146550000000001	0.9488840000000001	0.342121	-0.309314	0.827693	-0.46824	0.0	0.43224399999999996	-0.316214	-0.8444959999999999	0.0	-0.8470479999999999	-0.463609	-0.259955	0.0	2.2580299999999998	2.03222	1.00465	0.356704	
3	0.8642639999999999	0.477567	-0.15804100000000001	0.0	0.0770065	0.184865	0.979742	0.0	0.497109	-0.858926	0.12299600000000001	0.0	-2.5043900000000003	0.657212	0.903576	0.232084	-0.255728	0.8222780000000001	-0.508391	0.0	0.409519	-0.384226	-0.8274450000000001	0.0	-0.875727	-0.419796	-0.23848200000000003	0.0	2.27215	2.15712	1.02843	0.35675	
3	0.793083	0.55603	-0.24869699999999997	0.0	0.1295	0.24504099999999998	0.960825	0.0	0.595188	-0.79422	0.122332	0.0	-2.45253	0.8601049999999999	0.813617	0.06713789999999999	-0.14013599999999998	0.8338049999999999	-0.533976	0.0	0.361236	-0.45907	-0.811642	0.0	-0.921884	-0.306632	-0.236868	0.0	2.30891	2.45038	1.03	0.356624	
3	0.674026	0.668717	-0.31385799999999997	0.0	0.166954	0.275979	0.9465530000000001	0.0	0.719594	-0.690401	0.0743718	0.0	-2.34307	1.31692	0.789941	0.019864	-0.020030900000000004	0.838583	-0.5444060000000001	0.0	0.314423	-0.511604	-0.799624	0.0	-0.9490719999999999	-0.187191	-0.253422	0.0	2.3941	2.85113	0.949564	0.35581399999999996	
3	0.55153	0.757001	-0.350377	0.0	0.18883	0.295831	0.936391	0.0	0.812501	-0.582609	0.0202155	0.0	-2.24547	1.90693	0.777274	0.0594321	0.056629700000000005	0.844776	-0.532115	0.0	0.28823000000000004	-0.524111	-0.8013939999999999	0.0	-0.955885	-0.10798800000000001	-0.27316999999999997	0.0	2.51987	3.22201	0.88126	0.35305	
3	0.425212	0.8287200000000001	-0.363894	0.0	0.200098	0.306029	0.9307559999999999	0.0	0.882698	-0.46858299999999997	-0.035698099999999997	0.0	-2.2220400000000002	2.6850099999999997	0.843643	0.15632000000000001	0.110919	0.84644	-0.520803	0.0	0.27776100000000004	-0.5295569999999999	-0.8015100000000001	0.0	-0.954225	-0.0557558	-0.293846	0.0	2.69026	3.5768	0.878417	0.347315	
3	0.372739	0.841082	-0.391978	0.0	0.19752999999999998	0.340819	0.9191440000000001	0.0	0.9066690000000001	-0.42002799999999996	-0.0391024	0.0	-2.2903	3.21264	0.972563	0.19070299999999998	0.121154	0.849569	-0.513375	0.0	0.281454	-0.525361	-0.802982	0.0	-0.951896	-0.047207400000000004	-0.302765	0.0	2.83983	3.81863	1.01187	0.34069099999999997	
3	0.369526	0.83946	-0.398444	0.0	0.19376	0.34975900000000004	0.9165840000000001	0.0	0.908795	-0.415904	-0.0334087	0.0	-2.4	3.4009199999999997	1.13047	0.237242	0.12724000000000002	0.8475459999999999	-0.5152439999999999	0.0	0.27523000000000003	-0.5292359999999999	-0.8025939999999999	0.0	-0.9529209999999999	-0.0396888	-0.300611	0.0	2.9325099999999997	3.94706	1.20166	0.34124299999999996	
3	0.37709499999999996	0.8472139999999999	-0.374204	0.0	0.18149	0.328604	0.926866	0.0	0.908219	-0.41743100000000005	-0.029845599999999996	0.0	-2.4379299999999997	3.38056	1.3534899999999999	0.293364	0.138467	0.8444799999999999	-0.517378	0.0	0.249904	-0.535299	-0.806848	0.0	-0.958319	-0.0175727	-0.28515999999999997	0.0	2.9902	4.0134300000000005	1.4326299999999998	0.349026	
3	0.386777	0.863867	-0.322703	0.0	0.171766	0.276327	0.9455899999999999	0.0	0.9060360000000001	-0.42116099999999995	-0.0415058	0.0	-2.44122	3.18091	1.49843	0.31913	0.130984	0.859384	-0.49426899999999996	0.0	0.256398	-0.510968	-0.820471	0.0	-0.9576549999999999	-0.0192609	-0.287274	0.0	2.9872099999999997	3.95614	1.62457	0.35754	
3	0.399594	0.8766280000000001	-0.268045	0.0	0.175294	0.21393600000000002	0.960991	0.0	0.899776	-0.430993	-0.0681804	0.0	-2.4649400000000004	2.96812	1.49609	0.34733200000000003	0.113344	0.863525	-0.491404	0.0	0.294007	-0.501592	-0.813613	0.0	-0.949059	-0.052257500000000005	-0.310735	0.0	2.90122	3.74439	1.63279	0.357401	
3	0.40628800000000004	0.881574	-0.240329	0.0	0.187695	0.17688800000000002	0.966168	0.0	0.89426	-0.437651	-0.0935995	0.0	-2.50466	2.81829	1.41572	0.348213	0.0731767	0.8743219999999999	-0.47979799999999995	0.0	0.340387	-0.474096	-0.812016	0.0	-0.937434	-0.103897	-0.332301	0.0	2.8306400000000003	3.5099	1.50167	0.355479	
3	0.403704	0.886094	-0.22773000000000002	0.0	0.183088	0.165634	0.969043	0.0	0.896383	-0.43290100000000004	-0.09536599999999999	0.0	-2.53546	2.74356	1.2927600000000001	0.348607	0.0427969	0.873907	-0.484207	0.0	0.354544	-0.46639200000000003	-0.8104180000000001	0.0	-0.93406	-0.136989	-0.32979899999999995	0.0	2.7473099999999997	3.2901599999999998	1.37459	0.356815	
3	0.39928	0.890192	-0.21939299999999998	0.0	0.17848599999999998	0.159245	0.9709709999999999	0.0	0.8992879999999999	-0.42684700000000003	-0.0953034	0.0	-2.53934	2.7204	1.2175799999999999	0.348873	0.0263221	0.8723110000000001	-0.488242	0.0	0.36291599999999996	-0.46342700000000003	-0.8084100000000001	0.0	-0.93145	-0.155912	-0.32877399999999996	0.0	2.65364	3.1160200000000002	1.29098	0.357406	
3	0.397363	0.892784	-0.212227	0.0	0.17114200000000002	0.155114	0.97296	0.0	0.9015620000000001	-0.422939	-0.0911564	0.0	-2.52358	2.70303	1.1801700000000002	0.34870500000000004	-0.00405866	0.8708389999999999	-0.491551	0.0	0.36636799999999997	-0.456082	-0.811027	0.0	-0.9304610000000001	-0.18338	-0.317196	0.0	2.59507	3.00766	1.2572	0.357608	
3	0.398572	0.893098	-0.208603	0.0	0.167007	0.152971	0.974017	0.0	0.901803	-0.423054	-0.0881841	0.0	-2.4973	2.69215	1.16559	0.348527	-0.017456799999999998	0.8691260000000001	-0.49428199999999994	0.0	0.36798600000000004	-0.454074	-0.8114210000000001	0.0	-0.929668	-0.196054	-0.3119	0.0	2.55009	2.94435	1.2442799999999998	0.357903	
3	0.40357	0.8912459999999999	-0.20690999999999998	0.0	0.164697	0.151686	0.974611	0.0	0.9000030000000001	-0.42740200000000006	-0.08556989999999999	0.0	-2.49212	2.65984	1.15069	0.348542	-0.024316	0.866836	-0.498	0.0	0.36856500000000003	-0.455284	-0.810479	0.0	-0.929284	-0.203253	-0.308415	0.0	2.53124	2.91286	1.24117	0.35791100000000003	
3	0.402586	0.891334	-0.208441	0.0	0.164185	0.153705	0.9743809999999999	0.0	0.900538	-0.42649499999999996	-0.0844644	0.0	-2.49602	2.62704	1.13341	0.348242	-0.029865199999999998	0.864348	-0.502007	0.0	0.37288000000000004	-0.456342	-0.807906	0.0	-0.927399	-0.21131599999999998	-0.30867	0.0	2.5320400000000003	2.91525	1.2501	0.358007	
3	0.40128	0.891682	-0.20947	0.0	0.156474	0.158594	0.974866	0.0	0.9024909999999999	-0.423971	-0.0758848	0.0	-2.4870900000000002	2.59695	1.13941	0.34818699999999997	-0.039171199999999996	0.86018	-0.508484	0.0	0.382794	-0.457135	-0.802805	0.0	-0.923003	-0.226091	-0.311366	0.0	2.5564299999999998	2.9167799999999997	1.27575	0.357684	
3	0.402807	0.8905270000000001	-0.21144200000000002	0.0	0.150498	0.163426	0.975009	0.0	0.902827	-0.424562	-0.06819360000000001	0.0	-2.4618599999999997	2.55419	1.1269799999999999	0.348113	-0.0464326	0.85867	-0.510421	0.0	0.390872	-0.454612	-0.800342	0.0	-0.919273	-0.236671	-0.314521	0.0	2.5806299999999998	2.9060099999999998	1.29536	0.357651	
3	0.400327	0.8919	-0.21036300000000002	0.0	0.149024	0.163141	0.975283	0.0	0.904174	-0.421781	-0.0676047	0.0	-2.44753	2.53462	1.1176700000000002	0.348113	-0.0467908	0.8593770000000001	-0.509197	0.0	0.39968400000000004	-0.45106499999999994	-0.797994	0.0	-0.915458	-0.240856	-0.322373	0.0	2.62085	2.86332	1.30873	0.357659	
3	0.396986	0.892439	-0.214371	0.0	0.146918	0.168764	0.9746459999999999	0.0	0.90599	-0.418415	-0.0641187	0.0	-2.43847	2.52445	1.11295	0.347993	-0.0466909	0.859434	-0.5091100000000001	0.0	0.399279	-0.45112299999999994	-0.798164	0.0	-0.91564	-0.240544	-0.32209099999999996	0.0	2.6504	2.8235900000000003	1.3183799999999999	0.357865	
3	0.394944	0.8923030000000001	-0.218667	0.0	0.144878	0.174546	0.973932	0.0	0.9072100000000001	-0.416329	-0.060338800000000005	0.0	-2.4226900000000002	2.52241	1.12296	0.348029	-0.0452086	0.8607100000000001	-0.507085	0.0	0.39879699999999996	-0.449854	-0.7991199999999999	0.0	-0.915924	-0.23835100000000004	-0.322911	0.0	2.6596599999999997	2.81759	1.3327200000000001	0.357955	
3	0.39671799999999996	0.891152	-0.22014499999999998	0.0	0.144848	0.176047	0.9736670000000001	0.0	0.9064399999999999	-0.418158	-0.05924069999999999	0.0	-2.39195	2.53782	1.17706	0.34812	-0.0424503	0.861633	-0.505754	0.0	0.39832399999999996	-0.44964399999999993	-0.799474	0.0	-0.9162620000000001	-0.23539200000000002	-0.32412199999999997	0.0	2.6642099999999997	2.81751	1.33091	0.357823	
3	0.39976	0.889972	-0.219412	0.0	0.148421	0.17336400000000002	0.9736100000000001	0.0	0.904524	-0.42177600000000004	-0.0627863	0.0	-2.40555	2.53067	1.22512	0.348204	-0.042839999999999996	0.859964	-0.5085529999999999	0.0	0.396312	-0.452632	-0.798787	0.0	-0.9171159999999999	-0.23576599999999998	-0.321423	0.0	2.6518900000000003	2.8264	1.32334	0.357707	
3	0.400825	0.8892180000000001	-0.220525	0.0	0.151313	0.173147	0.973203	0.0	0.903573	-0.42345200000000005	-0.06514840000000001	0.0	-2.4253	2.52956	1.23345	0.347879	-0.0447091	0.85955	-0.509092	0.0	0.39726999999999996	-0.45227700000000004	-0.798512	0.0	-0.9166120000000001	-0.237948	-0.321253	0.0	2.6396	2.85206	1.33324	0.357512	
3	0.400766	0.889215	-0.220644	0.0	0.15140599999999999	0.173238	0.973173	0.0	0.903583	-0.423422	-0.06520419999999999	0.0	-2.42528	2.52908	1.23294	0.347876	-0.044888599999999994	0.859483	-0.5091899999999999	0.0	0.39738	-0.45228100000000004	-0.798456	0.0	-0.9165559999999999	-0.238183	-0.321239	0.0	2.63847	2.8521400000000003	1.33417	0.357527	
3	0.400766	0.889215	-0.220642	0.0	0.15140399999999998	0.173237	0.973173	0.0	0.903584	-0.423421	-0.06520319999999999	0.0	-2.4252700000000003	2.52908	1.23294	0.347876	-0.0448866	0.859484	-0.509189	0.0	0.397378	-0.45228100000000004	-0.798456	0.0	-0.916557	-0.23818000000000003	-0.321239	0.0	2.63849	2.85212	1.33416	0.357527	
3	0.400766	0.889215	-0.220642	0.0	0.15140399999999998	0.173237	0.973173	0.0	0.903584	-0.423421	-0.0652033	0.0	-2.4252700000000003	2.52908	1.23294	0.347876	-0.0448866	0.859484	-0.509188	0.0	0.397378	-0.45228100000000004	-0.798457	0.0	-0.916557	-0.23818000000000003	-0.321239	0.0	2.63849	2.85212	1.33416	0.357527	
3	0.400766	0.889215	-0.220642	0.0	0.15140399999999998	0.173237	0.973173	0.0	0.903584	-0.423421	-0.06520319999999999	0.0	-2.4252700000000003	2.52908	1.23294	0.347876	-0.0448866	0.859484	-0.509188	0.0	0.397378	-0.45228100000000004	-0.798457	0.0	-0.916557	-0.23818000000000003	-0.321239	0.0	2.63849	2.85212	1.33416	0.357527	
3	0.400766	0.889215	-0.220642	0.0	0.15140399999999998	0.173237	0.973173	0.0	0.903584	-0.423421	-0.0652033	0.0	-2.4252700000000003	2.52908	1.23294	0.347876	-0.0448866	0.859484	-0.509189	0.0	0.397378	-0.45228100000000004	-0.798457	0.0	-0.916557	-0.23818000000000003	-0.321238	0.0	2.63849	2.85212	1.33416	0.357527	
3	0.400766	0.889215	-0.220642	0.0	0.15140399999999998	0.173237	0.973173	0.0	0.903584	-0.423421	-0.06520319999999999	0.0	-2.4252700000000003	2.52908	1.23294	0.347877	-0.044886800000000004	0.859484	-0.509189	0.0	0.397378	-0.45228100000000004	-0.798457	0.0	-0.916557	-0.23818000000000003	-0.321239	0.0	2.63849	2.85212	1.33416	0.357526	
3	0.400766	0.889215	-0.220642	0.0	0.15140399999999998	0.173237	0.973173	0.0	0.903584	-0.423421	-0.0652033	0.0	-2.4252700000000003	2.52908	1.23294	0.347876	-0.0448865	0.859484	-0.509188	0.0	0.397378	-0.45228100000000004	-0.798456	0.0	-0.916557	-0.23818000000000003	-0.321239	0.0	2.63849	2.85212	1.33416	0.357527	
3	0.400766	0.889215	-0.220642	0.0	0.15140399999999998	0.173237	0.973173	0.0	0.903584	-0.423421	-0.0652033	0.0	-2.4252700000000003	2.52908	1.23294	0.347877	-0.0448866	0.859484	-0.509189	0.0	0.397378	-0.45228100000000004	-0.798457	0.0	-0.916557	-0.23818000000000003	-0.321239	0.0	2.63849	2.85212	1.33416	0.357527	
3	0.400766	0.889215	-0.220642	0.0	0.15140399999999998	0.173238	0.973173	0.0	0.903584	-0.423421	-0.0652031	0.0	-2.4252700000000003	2.52908	1.23294	0.347876	-0.0448866	0.859484	-0.509189	0.0	0.397378	-0.45228100000000004	-0.798457	0.0	-0.916557	-0.23818000000000003	-0.321239	0.0	2.63849	2.85212	1.33416	0.357526	
3	0.400766	0.889215	-0.220642	0.0	0.15140399999999998	0.173238	0.973173	0.0	0.903584	-0.423421	-0.0652031	0.0	-2.4252700000000003	2.52908	1.23294	0.347876	-0.0448866	0.859484	-0.509189	0.0	0.397378	-0.45228100000000004	-0.798457	0.0	-0.916557	-0.23818000000000003	-0.321239	0.0	2.63849	2.85212	1.33416	0.357527	
3	0.400766	0.889215	-0.220642	0.0	0.15140399999999998	0.173237	0.973173	0.0	0.903584	-0.423421	-0.06520319999999999	0.0	-2.4252700000000003	2.52908	1.23294	0.347876	-0.044886800000000004	0.859484	-0.509189	0.0	0.397378	-0.45228100000000004	-0.798457	0.0	-0.916557	-0.23818000000000003	-0.321239	0.0	2.63849	2.85212	1.33416	0.357527	
3	0.400766	0.889215	-0.220642	0.0	0.15140399999999998	0.173237	0.973173	0.0	0.903584	-0.423421	-0.0652033	0.0	-2.4252700000000003	2.52908	1.23294	0.347876	-0.0448866	0.859484	-0.509189	0.0	0.397378	-0.45228100000000004	-0.798457	0.0	-0.916557	-0.23818000000000003	-0.321239	0.0	2.63848	2.85212	1.33416	0.357527	
3	0.400766	0.889215	-0.220642	0.0	0.15140399999999998	0.173237	0.973173	0.0	0.903584	-0.423421	-0.0652033	0.0	-2.4252700000000003	2.52908	1.23294	0.347876	-0.044886800000000004	0.859484	-0.509189	0.0	0.397378	-0.45228100000000004	-0.798457	0.0	-0.916557	-0.23818000000000003	-0.321239	0.0	2.63849	2.85212	1.33416	0.357527	
3	0.400766	0.889215	-0.220642	0.0	0.15140399999999998	0.173237	0.973173	0.0	0.903584	-0.423421	-0.06520319999999999	0.0	-2.4252700000000003	2.52908	1.23294	0.347877	-0.044886800000000004	0.859484	-0.509189	0.0	0.397378	-0.45228100000000004	-0.798457	0.0	-0.916557	-0.23818000000000003	-0.321239	0.0	2.63849	2.85212	1.33416	0.357527	
3	0.400766	0.889215	-0.220642	0.0	0.15140399999999998	0.173237	0.973173	0.0	0.903584	-0.423421	-0.06520319999999999	0.0	-2.4252700000000003	2.52908	1.23294	0.347876	-0.0448865	0.859484	-0.509189	0.0	0.397378	-0.45228100000000004	-0.798457	0.0	-0.916557	-0.23818000000000003	-0.321239	0.0	2.63848	2.85212	1.33416	0.357527	
3	0.400766	0.889215	-0.220642	0.0	0.15140399999999998	0.173238	0.973173	0.0	0.903584	-0.423421	-0.06520319999999999	0.0	-2.4252700000000003	2.52908	1.23294	0.347877	-0.0448866	0.859484	-0.509189	0.0	0.397378	-0.45228100000000004	-0.798457	0.0	-0.916557	-0.23818000000000003	-0.321239	0.0	2.63849	2.85212	1.33416	0.357527	
3	0.400766	0.889215	-0.220642	0.0	0.15140399999999998	0.173238	0.973173	0.0	0.903584	-0.423421	-0.0652031	0.0	-2.4252700000000003	2.52908	1.23294	0.347877	-0.0448866	0.859484	-0.509189	0.0	0.397378	-0.45228100000000004	-0.798457	0.0	-0.916557	-0.23818000000000003	-0.321239	0.0	2.63849	2.85212	1.33416	0.357527	
3	0.400766	0.889215	-0.220642	0.0	0.15140399999999998	0.173238	0.973173	0.0	0.903584	-0.423421	-0.0652031	0.0	-2.4252700000000003	2.52908	1.23294	0.347876	-0.0448865	0.859484	-0.509189	0.0	0.397378	-0.45228100000000004	-0.798457	0.0	-0.916557	-0.23818000000000003	-0.321239	0.0	2.63849	2.85212	1.33416	0.357527	
3	0.400766	0.889215	-0.220642	0.0	0.15140399999999998	0.173237	0.973173	0.0	0.903584	-0.423421	-0.06520319999999999	0.0	-2.4252700000000003	2.52908	1.23294	0.347877	-0.0448866	0.859484	-0.509189	0.0	0.397378	-0.45228100000000004	-0.798457	0.0	-0.916557	-0.23818000000000003	-0.321239	0.0	2.63849	2.85212	1.33416	0.357526	
3	0.400766	0.889215	-0.220642	0.0	0.15140399999999998	0.173238	0.973173	0.0	0.903584	-0.423421	-0.0652031	0.0	-2.4252700000000003	2.52908	1.23294	0.347877	-0.0448865	0.859484	-0.509189	0.0	0.397378	-0.45228100000000004	-0.798457	0.0	-0.916557	-0.23818000000000003	-0.321239	0.0	2.63849	2.85212	1.33416	0.357527	
3	0.400766	0.889215	-0.220642	0.0	0.15140399999999998	0.173238	0.973173	0.0	0.903584	-0.423421	-0.0652031	0.0	-2.4252700000000003	2.52908	1.23294	0.347876	-0.0448866	0.859484	-0.509189	0.0	0.397378	-0.45228100000000004	-0.798457	0.0	-0.916557	-0.23818000000000003	-0.321239	0.0	2.63849	2.85212	1.33416	0.357527	
3	0.400766	0.889215	-0.220642	0.0	0.15140399999999998	0.173237	0.973173	0.0	0.903584	-0.423421	-0.0652033	0.0	-2.4252700000000003	2.52908	1.23294	0.347877	-0.0448866	0.859484	-0.509189	0.0	0.397378	-0.45228100000000004	-0.798457	0.0	-0.916557	-0.23818000000000003	-0.321239	0.0	2.63849	2.85212	1.33416	0.357527	
3	0.400766	0.889215	-0.220642	0.0	0.15140399999999998	0.173237	0.973173	0.0	0.903584	-0.423421	-0.0652031	0.0	-2.4252700000000003	2.52908	1.23294	0.347876	-0.0448866	0.859484	-0.509189	0.0	0.397378	-0.45228100000000004	-0.798457	0.0	-0.916557	-0.23818000000000003	-0.321239	0.0	2.63849	2.85212	1.33416	0.357527	
3	0.400766	0.889215	-0.220642	0.0	0.15140399999999998	0.173237	0.973173	0.0	0.903584	-0.423421	-0.0652031	0.0	-2.4252700000000003	2.52908	1.23294	0.347877	-0.0448866	0.859484	-0.509189	0.0	0.397378	-0.45228100000000004	-0.798456	0.0	-0.916557	-0.23818000000000003	-0.321239	0.0	2.63849	2.85212	1.33416	0.357527	
3	0.0273914	0.9656239999999999	-0.258495	0.0	0.288572	0.23994400000000002	0.926905	0.0	0.957067	-0.0999835	-0.272079	0.0	-2.4460599999999997	2.5725	1.15505	0.345804	-0.0733531	0.85621	-0.5113949999999999	0.0	0.423288	-0.43756999999999996	-0.793322	0.0	-0.903021	-0.27466	-0.330326	0.0	2.60681	2.91846	1.37515	0.35198	
3	0.175571	0.9739200000000001	-0.143714	0.0	0.279909	0.0905721	0.955744	0.0	0.9438350000000001	-0.20802800000000002	-0.256708	0.0	-2.46664	2.53462	1.28719	0.346346	-0.10483900000000002	0.875734	-0.47127399999999997	0.0	0.43891099999999994	-0.38449099999999997	-0.8121109999999999	0.0	-0.892393	-0.291989	-0.34406	0.0	2.62186	2.9687099999999997	1.4002	0.352145	
3	0.287557	0.956066	-0.057003899999999996	0.0	0.23807199999999998	-0.0137018	0.971151	0.0	0.927703	-0.29283200000000004	-0.231552	0.0	-2.48864	2.37911	1.36533	0.34617600000000004	-0.211927	0.8978389999999999	-0.385968	0.0	0.44010299999999997	-0.264946	-0.8579700000000001	0.0	-0.8725799999999999	-0.351693	-0.338992	0.0	2.61835	2.91914	1.47228	0.35272600000000004	
3	0.515254	0.856068	0.0407615	0.0	0.12201300000000001	-0.120348	0.9852049999999999	0.0	0.848308	-0.502657	-0.166461	0.0	-2.5055400000000003	1.91723	1.6217	0.345209	-0.321571	0.8909729999999999	-0.32056100000000004	0.0	0.398275	-0.179868	-0.899458	0.0	-0.859051	-0.416911	-0.297012	0.0	2.6004099999999997	2.71212	1.70029	0.356414	
3	0.6430680000000001	0.765536	0.0204541	0.0	0.0927074	-0.104334	0.9902120000000001	0.0	0.760177	-0.634877	-0.13806400000000002	0.0	-2.60583	1.4542	1.67576	0.342598	-0.348617	0.8814049999999999	-0.318733	0.0	0.369626	-0.18321600000000002	-0.9109379999999999	0.0	-0.861303	-0.435381	-0.261918	0.0	2.58431	2.5527900000000003	1.8610799999999998	0.357892	
3	0.726669	0.6869529999999999	0.00697321	0.0	0.0588545	-0.0723639	0.99564	0.0	0.684463	-0.72309	-0.09301489999999998	0.0	-2.7349200000000002	0.901608	1.6752200000000002	0.33918400000000004	-0.383937	0.860083	-0.335931	0.0	0.356202	-0.197692	-0.913257	0.0	-0.8518879999999999	-0.470292	-0.230462	0.0	2.56564	2.24789	1.9559900000000001	0.357664	
3	0.73831	0.674303	-0.014612299999999998	0.0	0.0346423	-0.0162762	0.999267	0.0	0.673571	-0.738276	-0.0353762	0.0	-2.7536099999999997	0.603528	1.75625	0.321984	-0.398059	0.8441629999999999	-0.35908	0.0	0.354018	-0.21974899999999997	-0.909056	0.0	-0.846298	-0.48897799999999997	-0.211376	0.0	2.58193	2.01815	2.02237	0.357825	
3	0.7357819999999999	0.673157	-0.0740589	0.0	0.0419225	0.0638731	0.997077	0.0	0.67592	-0.736736	0.0187763	0.0	-2.70217	0.472467	1.8495599999999999	0.31709699999999996	-0.433658	0.818967	-0.37581	0.0	0.362695	-0.223144	-0.904798	0.0	-0.82486	-0.528678	-0.200267	0.0	2.6669	1.68688	1.9770400000000001	0.35747399999999996	
3	0.736737	0.664122	-0.127127	0.0	0.0603828	0.12263900000000001	0.990613	0.0	0.673478	-0.7374970000000001	0.0502509	0.0	-2.72358	0.43421000000000004	1.89904	0.313279	-0.449613	0.809628	-0.377294	0.0	0.371657	-0.214527	-0.903244	0.0	-0.812231	-0.546334	-0.20445	0.0	2.75596	1.4566	1.9225299999999999	0.35727	
3	0.743035	0.6597930000000001	-0.112125	0.0	0.0816895	0.076872	0.9936889999999999	0.0	0.664248	-0.747505	0.00322041	0.0	-2.78231	0.456854	1.87897	0.311698	-0.459476	0.806886	-0.371237	0.0	0.375264	-0.20247300000000001	-0.9045340000000001	0.0	-0.805021	-0.5549229999999999	-0.20976399999999998	0.0	2.77219	1.39831	1.8905	0.357192	
3	0.754814	0.649233	-0.09355720000000001	0.0	0.116915	0.00718441	0.993116	0.0	0.645436	-0.760556	-0.070482	0.0	-2.82662	0.505181	1.8034700000000001	0.310709	-0.468537	0.804639	-0.364732	0.0	0.37806999999999996	-0.19051300000000002	-0.905963	0.0	-0.798459	-0.562371	-0.214948	0.0	2.77034	1.39788	1.88885	0.357215	
3	0.8326870000000001	0.55294	-0.0298142	0.0	0.126345	-0.137293	0.98244	0.0	0.539137	-0.821832	-0.184184	0.0	-2.91387	0.6011479999999999	1.51616	0.297964	-0.507831	0.794111	-0.333909	0.0	0.38690599999999997	-0.13606600000000002	-0.912025	0.0	-0.769683	-0.592346	-0.238148	0.0	2.77659	1.3791	1.8180900000000002	0.356195	
3	0.861699	0.5067010000000001	0.027013	0.0	0.10584	-0.23154699999999998	0.9670489999999999	0.0	0.496259	-0.8304459999999999	-0.253154	0.0	-2.92489	0.682574	1.2951700000000002	0.305634	-0.5708409999999999	0.763073	-0.303084	0.0	0.390457	-0.0724329	-0.917767	0.0	-0.7222770000000001	-0.642241	-0.25659899999999997	0.0	2.8113900000000003	1.37332	1.75817	0.355096	
3	0.8822540000000001	0.46795600000000004	0.051421900000000006	0.0	0.0861741	-0.267912	0.9595819999999999	0.0	0.462819	-0.8421639999999999	-0.276692	0.0	-2.88422	0.705597	1.2488299999999999	0.303001	-0.589824	0.751587	-0.29533899999999996	0.0	0.390323	-0.05482859999999999	-0.9190440000000001	0.0	-0.7069340000000001	-0.657352	-0.261022	0.0	2.80059	1.4053799999999999	1.75358	0.35492399999999996	
3	0.9072450000000001	0.415282	0.0666965	0.0	0.0787659	-0.323517	0.9429379999999999	0.0	0.413162	-0.8502219999999999	-0.326219	0.0	-2.82651	0.755504	1.11843	0.277314	-0.586679	0.7599239999999999	-0.279862	0.0	0.39570500000000003	-0.032511700000000004	-0.917802	0.0	-0.706559	-0.6491979999999999	-0.281632	0.0	2.71863	1.56691	1.7506700000000002	0.354812	
3	0.9051110000000001	0.418199	0.07669669999999999	0.0	0.07534860000000002	-0.335304	0.939092	0.0	0.418444	-0.8442040000000001	-0.334999	0.0	-2.7965	0.760471	1.05349	0.198685	-0.583354	0.762447	-0.279953	0.0	0.393163	-0.0365302	-0.918743	0.0	-0.710719	-0.646019	-0.278456	0.0	2.69121	1.62437	1.77525	0.354878	
3	0.9056129999999999	0.41717200000000004	0.0763781	0.0	0.0761733	-0.33716	0.9383610000000001	0.0	0.417209	-0.843973	-0.33711399999999997	0.0	-2.78842	0.7683760000000001	1.00475	0.191384	-0.581936	0.7640319999999999	-0.27858	0.0	0.390882	-0.0376087	-0.9196719999999999	0.0	-0.713136	-0.6440819999999999	-0.27676	0.0	2.68546	1.62411	1.7741900000000002	0.354961	
3	0.895625	0.440366	0.0627157	0.0	0.10066900000000001	-0.338008	0.935744	0.0	0.43326800000000004	-0.8317620000000001	-0.34706	0.0	-2.81301	0.781359	0.964173	0.226388	-0.579507	0.76623	-0.277606	0.0	0.38867399999999996	-0.0395496	-0.9205260000000001	0.0	-0.716313	-0.641349	-0.274895	0.0	2.69103	1.6054700000000002	1.805	0.355457	
3	0.8923469999999999	0.447205	0.061026800000000006	0.0	0.10706099999999999	-0.341074	0.9339200000000001	0.0	0.438468	-0.8268469999999999	-0.35223499999999996	0.0	-2.8364	0.7843180000000001	0.957658	0.25463	-0.577015	0.767848	-0.27832399999999996	0.0	0.389534	-0.040791	-0.920108	0.0	-0.717856	-0.639332	-0.275566	0.0	2.69322	1.59858	1.8116	0.355763	
3	0.8855879999999999	0.46158999999999994	0.051662099999999996	0.0	0.12335399999999999	-0.340968	0.931947	0.0	0.447792	-0.818948	-0.358896	0.0	-2.85263	0.7895449999999999	0.947066	0.286947	-0.5719479999999999	0.770256	-0.282104	0.0	0.391757	-0.045661099999999996	-0.9189350000000001	0.0	-0.720696	-0.636099	-0.27563699999999997	0.0	2.70241	1.58302	1.8117599999999998	0.355752	
3	0.884921	0.46283500000000005	0.051948	0.0	0.124122	-0.341868	0.931515	0.0	0.44889799999999996	-0.817869	-0.35997399999999996	0.0	-2.8569299999999997	0.789726	0.9464379999999999	0.286646	-0.5689810000000001	0.771339	-0.285127	0.0	0.391849	-0.0505299	-0.918641	0.0	-0.7229909999999999	-0.634416	-0.273498	0.0	2.71034	1.57505	1.8278	0.35588200000000003	
3	0.884584	0.46351000000000003	0.051665499999999996	0.0	0.12462899999999999	-0.341679	0.931516	0.0	0.44942	-0.817566	-0.360011	0.0	-2.8563400000000003	0.7897069999999999	0.947102	0.286105	-0.5682050000000001	0.7717970000000001	-0.285435	0.0	0.392148	-0.0509835	-0.9184889999999999	0.0	-0.723439	-0.633822	-0.27369	0.0	2.71354	1.5733700000000002	1.83623	0.35582800000000003	
3	0.8784489999999999	0.476037	0.041423	0.0	0.138734	-0.337042	0.931212	0.0	0.45725299999999997	-0.812275	-0.362117	0.0	-2.8668400000000003	0.791804	0.9724379999999999	0.286779	-0.565473	0.772468	-0.289022	0.0	0.393365	-0.0554095	-0.917711	0.0	-0.724917	-0.632632	-0.272529	0.0	2.7185599999999996	1.5713	1.84657	0.355931	
3	0.878569	0.47580500000000003	0.0415441	0.0	0.138553	-0.33714299999999997	0.9312030000000001	0.0	0.45707700000000007	-0.81237	-0.362127	0.0	-2.8662	0.791682	0.9715540000000001	0.286756	-0.565699	0.772406	-0.288747	0.0	0.393313	-0.055027099999999995	-0.9177569999999999	0.0	-0.724769	-0.632741	-0.27266799999999997	0.0	2.71831	1.57132	1.84631	0.355928	
3	0.878568	0.475808	0.0415424	0.0	0.13855499999999998	-0.33714099999999997	0.9312030000000001	0.0	0.457079	-0.812369	-0.362127	0.0	-2.8662	0.79168	0.971551	0.28675700000000004	-0.5656979999999999	0.772406	-0.288748	0.0	0.393313	-0.0550286	-0.9177559999999999	0.0	-0.724769	-0.632741	-0.27266799999999997	0.0	2.71831	1.57132	1.84631	0.355928	
3	0.878568	0.475808	0.0415424	0.0	0.13855499999999998	-0.33714099999999997	0.9312030000000001	0.0	0.457079	-0.812369	-0.362127	0.0	-2.8662	0.79168	0.971551	0.28675700000000004	-0.5656979999999999	0.772406	-0.288748	0.0	0.393313	-0.0550286	-0.9177559999999999	0.0	-0.724769	-0.632741	-0.27266799999999997	0.0	2.71831	1.57132	1.84631	0.355928	
3	0.878568	0.475808	0.0415424	0.0	0.13855499999999998	-0.33714099999999997	0.9312020000000001	0.0	0.457079	-0.812369	-0.362127	0.0	-2.8662	0.79168	0.971551	0.28675700000000004	-0.5656979999999999	0.772406	-0.288748	0.0	0.393313	-0.0550286	-0.9177559999999999	0.0	-0.724769	-0.632741	-0.27266799999999997	0.0	2.71831	1.57132	1.84631	0.355928	
3	0.878568	0.475808	0.0415424	0.0	0.13855499999999998	-0.33714099999999997	0.9312020000000001	0.0	0.457079	-0.812369	-0.362127	0.0	-2.8662	0.79168	0.971551	0.28675700000000004	-0.5656979999999999	0.772406	-0.288748	0.0	0.393313	-0.0550286	-0.9177559999999999	0.0	-0.724769	-0.632741	-0.27266799999999997	0.0	2.71831	1.57132	1.84631	0.355928	
3	0.878568	0.475808	0.0415424	0.0	0.13855499999999998	-0.33714099999999997	0.9312030000000001	0.0	0.457079	-0.812369	-0.362127	0.0	-2.8662	0.79168	0.971551	0.28675700000000004	-0.5656979999999999	0.772406	-0.288748	0.0	0.393313	-0.0550286	-0.9177559999999999	0.0	-0.724769	-0.632741	-0.27266799999999997	0.0	2.71831	1.57132	1.84631	0.355928	
3	0.878568	0.475808	0.0415424	0.0	0.13855499999999998	-0.33714099999999997	0.9312020000000001	0.0	0.457079	-0.812369	-0.362127	0.0	-2.8662	0.7916810000000001	0.971551	0.28675700000000004	-0.5656979999999999	0.772405	-0.288748	0.0	0.393313	-0.0550286	-0.9177559999999999	0.0	-0.724769	-0.632741	-0.27266799999999997	0.0	2.71831	1.57132	1.84631	0.355928	
3	0.878568	0.475808	0.0415424	0.0	0.13855499999999998	-0.33714099999999997	0.9312020000000001	0.0	0.457079	-0.812369	-0.362127	0.0	-2.8662	0.7916810000000001	0.971551	0.28675700000000004	-0.5656979999999999	0.772406	-0.288748	0.0	0.393313	-0.0550284	-0.9177559999999999	0.0	-0.724769	-0.632741	-0.27266799999999997	0.0	2.71831	1.57132	1.84631	0.355929	
3	0.878568	0.475808	0.0415424	0.0	0.13855499999999998	-0.33714099999999997	0.9312020000000001	0.0	0.457079	-0.812369	-0.362127	0.0	-2.8662	0.79168	0.971551	0.28675700000000004	-0.5656979999999999	0.772406	-0.288748	0.0	0.393313	-0.05502869999999999	-0.9177559999999999	0.0	-0.72477	-0.632741	-0.27266799999999997	0.0	2.71831	1.57132	1.84631	0.355928	
3	0.878568	0.475808	0.0415424	0.0	0.13855499999999998	-0.33714099999999997	0.9312020000000001	0.0	0.457079	-0.812369	-0.362127	0.0	-2.8662	0.79168	0.971551	0.28675700000000004	-0.5656979999999999	0.772406	-0.288748	0.0	0.393313	-0.05502869999999999	-0.9177559999999999	0.0	-0.72477	-0.632741	-0.27266799999999997	0.0	2.71831	1.57132	1.84631	0.355928	
3	0.878568	0.475808	0.0415424	0.0	0.13855499999999998	-0.33714099999999997	0.9312020000000001	0.0	0.457079	-0.812369	-0.362127	0.0	-2.8662	0.79168	0.971551	0.28675700000000004	-0.5656979999999999	0.772406	-0.288748	0.0	0.393313	-0.0550286	-0.9177559999999999	0.0	-0.724769	-0.632741	-0.27266799999999997	0.0	2.71831	1.57132	1.84631	0.355928	
