0	0.200433	0.9228049999999999	-0.32902600000000004	0.0	0.4812	0.199811	0.853535	0.0	0.853389	-0.329404	-0.404005	0.0	-2.87387	1.9182400000000002	1.45687	0.0	-0.1437	0.9028799999999999	-0.40516399999999997	0.0	0.486979	-0.291898	-0.8231930000000001	0.0	-0.861511	-0.31559899999999996	-0.39773800000000004	0.0	2.6318200000000003	1.9230599999999998	1.59899	0.0	
0	0.21573499999999998	0.92122	-0.323748	0.0	0.47488400000000003	0.190718	0.8591340000000001	0.0	0.853196	-0.339088	-0.396328	0.0	-2.9603099999999998	1.85325	1.45916	0.0	-0.11681	0.924739	-0.362235	0.0	0.442272	-0.27813499999999997	-0.852664	0.0	-0.889242	-0.259806	-0.37649699999999997	0.0	2.6627099999999997	1.8215	1.546	0.0	
0	0.215677	0.9208850000000001	-0.324739	0.0	0.470092	0.19356800000000002	0.86113	0.0	0.8558610000000001	-0.338383	-0.391152	0.0	-2.97825	1.80542	1.48112	0.0	-0.13459300000000002	0.9515170000000001	-0.276586	0.0	0.407481	-0.201285	-0.890755	0.0	-0.903241	-0.23259200000000002	-0.360634	0.0	2.68997	1.7566700000000002	1.5167899999999999	0.0	
0	0.193632	0.9237780000000001	-0.330364	0.0	0.47198500000000004	0.20749299999999998	0.856841	0.0	0.860079	-0.321838	-0.395833	0.0	-3.0175799999999997	1.82349	1.4134200000000001	0.0	-0.0771325	0.968694	-0.235973	0.0	0.392471	-0.18807000000000001	-0.900331	0.0	-0.916525	-0.162057	-0.365678	0.0	2.73041	1.8803400000000001	1.46341	0.351829	
0	0.193342	0.932766	-0.304247	0.0	0.48017299999999996	0.180464	0.85841	0.0	0.8556010000000001	-0.31205700000000003	-0.412998	0.0	-3.01952	1.8838599999999999	1.37475	0.33816999999999997	-0.07735589999999999	0.96801	-0.23869	0.0	0.387993	-0.191307	-0.90159	0.0	-0.9184110000000001	-0.162353	-0.360782	0.0	2.6856299999999997	1.90393	1.48369	0.35194000000000003	
0	0.195348	0.938846	-0.283561	0.0	0.479261	0.160873	0.8628030000000001	0.0	0.855657	-0.30444699999999997	-0.418526	0.0	-2.9015400000000002	1.8914799999999998	1.33806	0.35238200000000003	-0.196933	0.970736	-0.137433	0.0	0.43723	-0.038508600000000004	-0.898525	0.0	-0.8775229999999999	-0.23704	-0.41685200000000006	0.0	2.57661	1.8189099999999998	1.51241	0.351412	
0	0.312155	0.929248	-0.197628	0.0	0.463528	0.0326108	0.885482	0.0	0.829277	-0.368014	-0.420554	0.0	-2.89236	1.81335	1.33724	0.35169	-0.313044	0.945816	-0.08623489999999999	0.0	0.46633100000000005	0.07397310000000001	-0.8815120000000001	0.0	-0.827369	-0.316166	-0.46421999999999997	0.0	2.5451	1.58774	1.45661	0.34982399999999997	
0	0.507622	0.858611	-0.0714666	0.0	0.39703099999999997	-0.159499	0.90384	0.0	0.7646470000000001	-0.487184	-0.421861	0.0	-2.88653	1.6998099999999998	1.4268399999999999	0.351081	-0.336965	0.938419	-0.076318	0.0	0.47580100000000003	0.09978	-0.873875	0.0	-0.812446	-0.330777	-0.48012299999999997	0.0	2.56466	1.48255	1.42456	0.348679	
0	0.586531	0.8095859999999999	-0.0234922	0.0	0.357619	-0.232846	0.904373	0.0	0.726698	-0.538844	-0.426095	0.0	-2.90167	1.60996	1.44356	0.350711	-0.341661	0.936815	-0.0751379	0.0	0.475728	0.103441	-0.873489	0.0	-0.810525	-0.33418200000000003	-0.48101099999999997	0.0	2.57227	1.44379	1.42193	0.348636	
0	0.644502	0.764167	0.025808499999999998	0.0	0.313698	-0.295056	0.902516	0.0	0.697289	-0.573577	-0.429882	0.0	-2.87957	1.48623	1.4871	0.350472	-0.352046	0.933011	-0.07452560000000001	0.0	0.47511000000000003	0.10953099999999999	-0.8730829999999999	0.0	-0.806433	-0.342773	-0.481843	0.0	2.56848	1.40935	1.42372	0.348373	
0	0.643918	0.764409	0.0323891	0.0	0.31000300000000003	-0.299373	0.902372	0.0	0.699477	-0.571013	-0.42973999999999996	0.0	-2.87856	1.44696	1.46985	0.350225	-0.35364	0.932398	-0.0746447	0.0	0.475333	0.11040699999999999	-0.872851	0.0	-0.805603	-0.344156	-0.48224399999999995	0.0	2.56279	1.3993799999999998	1.42107	0.348554	
0	0.631178	0.775464	0.0164433	0.0	0.32053899999999996	-0.280086	0.9048799999999999	0.0	0.706307	-0.565869	-0.42535	0.0	-2.87562	1.4239700000000002	1.46669	0.34729099999999996	-0.356135	0.931117	-0.078671	0.0	0.47533100000000006	0.10803199999999999	-0.873149	0.0	-0.804505	-0.348354	-0.481063	0.0	2.5539400000000003	1.37465	1.41726	0.348167	
0	0.613008	0.789957	0.0137333	0.0	0.33260500000000004	-0.273791	0.9024479999999999	0.0	0.716655	-0.5486409999999999	-0.43058	0.0	-2.86455	1.46894	1.43157	0.34833400000000003	-0.36541799999999997	0.927592	-0.0777321	0.0	0.47732600000000003	0.11503599999999999	-0.8711639999999999	0.0	-0.799143	-0.355442	-0.48480100000000004	0.0	2.55421	1.3458700000000001	1.42355	0.347972	
0	0.694967	0.714996	0.0761664	0.0	0.24775300000000003	-0.337552	0.908118	0.0	0.6750109999999999	-0.612241	-0.411729	0.0	-2.81376	1.43516	1.44603	0.351105	-0.42723999999999995	0.902252	-0.058381600000000006	0.0	0.47282399999999997	0.167923	-0.865009	0.0	-0.770652	-0.39716999999999997	-0.498349	0.0	2.53496	1.25118	1.40315	0.347721	
0	0.8287979999999999	0.5296850000000001	0.180355	0.0	0.0464295	-0.386311	0.921199	0.0	0.5576180000000001	-0.7551140000000001	-0.344767	0.0	-2.73158	1.27874	1.47214	0.349908	-0.45724	0.888151	-0.0460305	0.0	0.465312	0.194803	-0.863445	0.0	-0.757903	-0.41622	-0.502339	0.0	2.5918799999999997	1.13444	1.3532	0.346636	
0	0.855404	0.474387	0.20794200000000002	0.0	-0.0257334	-0.362043	0.9318059999999999	0.0	0.517321	-0.8024220000000001	-0.29748600000000003	0.0	-2.71582	1.2315200000000002	1.48822	0.348656	-0.457192	0.888185	-0.0458511	0.0	0.458207	0.191049	-0.8680709999999999	0.0	-0.7622479999999999	-0.41788400000000003	-0.49431800000000004	0.0	2.59212	1.12058	1.3557	0.34710599999999997	
0	0.872818	0.40268000000000004	0.275748	0.0	-0.13456500000000002	-0.344541	0.929077	0.0	0.469127	-0.8480209999999999	-0.246535	0.0	-2.6956	1.1830200000000002	1.48254	0.348946	-0.462791	0.8847700000000001	-0.054830399999999994	0.0	0.459032	0.18627	-0.868674	0.0	-0.758363	-0.427183	-0.492341	0.0	2.56556	1.1489	1.38209	0.347112	
0	0.9128719999999999	0.26957	0.306589	0.0	-0.22846	-0.285063	0.930884	0.0	0.338335	-0.9198209999999999	-0.198641	0.0	-2.70403	0.9721989999999999	1.2947	0.346194	-0.46861	0.8816870000000001	-0.0550744	0.0	0.457056	0.188628	-0.8692059999999999	0.0	-0.755979	-0.43249099999999996	-0.49137299999999995	0.0	2.5787299999999997	1.147	1.38996	0.350389	
0	0.9146299999999999	0.24720599999999998	0.319909	0.0	-0.248207	-0.281264	0.926976	0.0	0.319132	-0.927243	-0.195894	0.0	-2.71936	0.8620120000000001	1.13404	0.345986	-0.462592	0.884453	-0.061253499999999995	0.0	0.46065500000000004	0.180753	-0.86898	0.0	-0.7575	-0.430199	-0.491043	0.0	2.61338	1.11405	1.38212	0.350267	
0	0.9132620000000001	0.246227	0.32453699999999996	0.0	-0.247804	-0.296533	0.9223129999999999	0.0	0.323334	-0.9227350000000001	-0.209796	0.0	-2.70872	0.8335610000000001	1.054	0.345996	-0.458383	0.886423	-0.0643441	0.0	0.45852299999999996	0.173847	-0.8715129999999999	0.0	-0.761343	-0.428989	-0.486133	0.0	2.64273	1.1066200000000002	1.4330200000000002	0.350777	
0	0.90528	0.25768	0.337742	0.0	-0.252787	-0.312206	0.915766	0.0	0.34141900000000003	-0.914401	-0.217495	0.0	-2.5870599999999997	0.8193870000000001	0.8665229999999999	0.344555	-0.45878100000000005	0.886001	-0.0672503	0.0	0.45871300000000004	0.171346	-0.871907	0.0	-0.760987	-0.430864	-0.48503100000000005	0.0	2.65775	1.11764	1.4729700000000001	0.350934	
0	0.911084	0.253913	0.324737	0.0	-0.243152	-0.305108	0.920753	0.0	0.33287100000000003	-0.9178440000000001	-0.21624000000000002	0.0	-2.5402299999999998	0.806291	0.809055	0.34384499999999996	-0.45972700000000005	0.8853629999999999	-0.06915980000000001	0.0	0.45653599999999994	0.168821	-0.873541	0.0	-0.761726	-0.43316499999999997	-0.48181199999999996	0.0	2.65225	1.12857	1.4757799999999999	0.353265	
0	0.9268069999999999	0.260291	0.27069699999999997	0.0	-0.202549	-0.26051599999999997	0.943984	0.0	0.316231	-0.9297200000000001	-0.188727	0.0	-2.45237	0.736958	0.712464	0.343494	-0.46359399999999995	0.882906	-0.07455160000000001	0.0	0.454039	0.164465	-0.8756709999999999	0.0	-0.7608739999999999	-0.439805	-0.47711800000000004	0.0	2.64241	1.14212	1.4643	0.35773	
0	0.939975	0.271285	0.20700500000000002	0.0	-0.155419	-0.199706	0.9674520000000001	0.0	0.303796	-0.9415530000000001	-0.145556	0.0	-2.4403	0.669619	0.73097	0.343405	-0.46462200000000003	0.882223	-0.07621080000000001	0.0	0.45364	0.163227	-0.876109	0.0	-0.760484	-0.44163199999999997	-0.476051	0.0	2.6552599999999997	1.15339	1.50226	0.358152	
0	0.942213	0.305131	0.13831	0.0	-0.103523	-0.12746	0.986426	0.0	0.318619	-0.943742	-0.08850620000000001	0.0	-2.42667	0.555221	0.667235	0.342956	-0.46004399999999995	0.883606	-0.0871784	0.0	0.455949	0.150847	-0.877129	0.0	-0.761886	-0.443267	-0.47227600000000003	0.0	2.6646099999999997	1.16438	1.5226600000000001	0.358562	
0	0.93186	0.348903	0.0995168	0.0	-0.07399019999999999	-0.0857768	0.993563	0.0	0.355194	-0.933225	-0.0541165	0.0	-2.41095	0.524636	0.642321	0.342877	-0.456342	0.8846450000000001	-0.0956818	0.0	0.45853599999999994	0.141646	-0.877315	0.0	-0.762559	-0.444229	-0.47028100000000006	0.0	2.65342	1.1603	1.48685	0.35841300000000004	
0	0.913642	0.399496	0.0752413	0.0	-0.0506158	-0.071854	0.99613	0.0	0.403356	-0.9139149999999999	-0.045427999999999996	0.0	-2.3449	0.506989	0.625788	0.342888	-0.443225	0.8897729999999999	-0.10888699999999998	0.0	0.46333900000000006	0.12341300000000001	-0.8775459999999999	0.0	-0.767378	-0.43940200000000007	-0.466966	0.0	2.6511400000000003	1.1939600000000001	1.4654	0.358437	
0	0.890753	0.452841	0.0386518	0.0	-0.00774142	-0.06991489999999999	0.9975229999999999	0.0	0.45442200000000005	-0.8888459999999999	-0.058771300000000005	0.0	-2.3043400000000003	0.513992	0.605371	0.342971	-0.43348100000000006	0.894119	-0.11245699999999999	0.0	0.45574499999999996	0.109854	-0.8833049999999999	0.0	-0.7774260000000001	-0.434147	-0.45511	0.0	2.60492	1.29403	1.52678	0.35888200000000003	
0	0.8655299999999999	0.5008560000000001	0.00126442	0.0	0.0355214	-0.06390230000000001	0.997324	0.0	0.499597	-0.863168	-0.0731004	0.0	-2.32485	0.533928	0.610287	0.343351	-0.42716400000000004	0.897653	-0.108403	0.0	0.45143500000000003	0.107856	-0.885762	0.0	-0.783414	-0.42730200000000007	-0.45130299999999995	0.0	2.55734	1.31041	1.54081	0.358917	
0	0.818584	0.572715	-0.043798199999999995	0.0	0.0912293	-0.054352199999999996	0.994346	0.0	0.567096	-0.817951	-0.0967402	0.0	-2.3696	0.618305	0.63236	0.342862	-0.41793800000000003	0.9019219999999999	-0.108927	0.0	0.45133599999999996	0.102079	-0.886496	0.0	-0.788431	-0.419663	-0.449733	0.0	2.5142900000000004	1.27509	1.52034	0.359115	
0	0.7710130000000001	0.634231	-0.0573571	0.0	0.129078	-0.0674445	0.9893379999999999	0.0	0.6236	-0.770196	-0.133866	0.0	-2.4247900000000002	0.773524	0.653934	0.342638	-0.41152700000000003	0.903682	-0.11834000000000001	0.0	0.459675	0.093682	-0.8831319999999999	0.0	-0.786985	-0.41783000000000003	-0.453953	0.0	2.49242	1.2696	1.5028299999999999	0.358925	
0	0.768502	0.637145	-0.0587433	0.0	0.131043	-0.066865	0.9891190000000001	0.0	0.6262850000000001	-0.767838	-0.134879	0.0	-2.42354	0.785702	0.65774	0.342907	-0.41125100000000003	0.9036379999999999	-0.11963	0.0	0.46063000000000004	0.0927727	-0.8827309999999999	0.0	-0.786571	-0.418129	-0.454395	0.0	2.4911	1.2730299999999999	1.4976399999999999	0.358717	
0	0.7652680000000001	0.640369	-0.0655147	0.0	0.123999	-0.0467791	0.991179	0.0	0.631656	-0.766641	-0.115204	0.0	-2.3555	0.833108	0.725288	0.342885	-0.40628400000000003	0.903198	-0.138445	0.0	0.475342	0.0795156	-0.8762	0.0	-0.780374	-0.42179399999999995	-0.461634	0.0	2.49923	1.31375	1.47996	0.359018	
0	0.765948	0.63973	-0.06379320000000001	0.0	0.122109	-0.0473402	0.9913870000000001	0.0	0.6312	-0.7671399999999999	-0.11437699999999999	0.0	-2.3414	0.834289	0.732276	0.34272600000000003	-0.400289	0.9048870000000001	-0.144734	0.0	0.48084799999999994	0.07295349999999999	-0.873764	0.0	-0.780098	-0.419353	-0.464316	0.0	2.51063	1.30972	1.47466	0.35889	
0	0.769289	0.636195	-0.05874630000000001	0.0	0.11898900000000001	-0.052325199999999995	0.991516	0.0	0.627724	-0.769752	-0.115953	0.0	-2.30974	0.821616	0.745326	0.34279299999999996	-0.388656	0.9080809999999999	-0.155999	0.0	0.487753	0.0591322	-0.870977	0.0	-0.7816930000000001	-0.414599	-0.46590200000000004	0.0	2.53671	1.29502	1.4503700000000002	0.358954	
0	0.7698109999999999	0.635131	-0.0632456	0.0	0.12598	-0.054055	0.990559	0.0	0.6257159999999999	-0.770511	-0.121626	0.0	-2.3146	0.825601	0.706651	0.342752	-0.382975	0.909696	-0.160574	0.0	0.487034	0.0511379	-0.871885	0.0	-0.784938	-0.41211499999999995	-0.46263699999999996	0.0	2.5459400000000003	1.31244	1.4491399999999999	0.358842	
0	0.771005	0.6334310000000001	-0.06569610000000001	0.0	0.12887200000000001	-0.0541653	0.990181	0.0	0.623653	-0.7719010000000001	-0.123393	0.0	-2.3418	0.8261850000000001	0.6926640000000001	0.342731	-0.378791	0.9120299999999999	-0.157223	0.0	0.48098500000000005	0.0488634	-0.875366	0.0	-0.790678	-0.407202	-0.457182	0.0	2.52541	1.32482	1.44708	0.358742	
0	0.764893	0.640154	-0.071702	0.0	0.130646	-0.045171800000000005	0.990399	0.0	0.6307699999999999	-0.766917	-0.11818599999999999	0.0	-2.35343	0.8337889999999999	0.7180770000000001	0.342527	-0.373143	0.914328	-0.157383	0.0	0.475828	0.0429749	-0.8784879999999999	0.0	-0.796462	-0.40268899999999996	-0.45109899999999997	0.0	2.50335	1.31935	1.4504	0.35890700000000003	
0	0.757622	0.648126	-0.0770835	0.0	0.130152	-0.0342892	0.990901	0.0	0.6395850000000001	-0.760761	-0.11033299999999999	0.0	-2.33828	0.87049	0.789967	0.342622	-0.372001	0.914818	-0.15723800000000002	0.0	0.474159	0.0416516	-0.8794540000000001	0.0	-0.797991	-0.401713	-0.44926400000000005	0.0	2.49628	1.30962	1.45941	0.35875799999999997	
0	0.7522300000000001	0.653728	-0.08239339999999999	0.0	0.13358499999999998	-0.0288598	0.990617	0.0	0.645217	-0.756179	-0.10903800000000001	0.0	-2.3259	0.8824569999999999	0.80505	0.342597	-0.370882	0.915149	-0.157953	0.0	0.474106	0.0403332	-0.8795440000000001	0.0	-0.798542	-0.401093	-0.44883599999999996	0.0	2.49655	1.3147799999999998	1.46387	0.358802	
0	0.7510020000000001	0.655358	-0.0806333	0.0	0.13335	-0.0309323	0.9905860000000001	0.0	0.646694	-0.754685	-0.110622	0.0	-2.30015	0.890576	0.818599	0.343177	-0.37196599999999996	0.9145	-0.159155	0.0	0.47622700000000007	0.0408342	-0.878374	0.0	-0.796774	-0.402519	-0.45069899999999996	0.0	2.49359	1.33559	1.43747	0.35886599999999996	
0	0.7452529999999999	0.661025	-0.087431	0.0	0.140005	-0.026929500000000002	0.989785	0.0	0.651918	-0.74988	-0.11261600000000001	0.0	-2.30952	0.872683	0.781826	0.343648	-0.37194	0.914493	-0.15925599999999998	0.0	0.476948	0.0410871	-0.877971	0.0	-0.796355	-0.402509	-0.45144799999999996	0.0	2.48975	1.34384	1.4262700000000001	0.358856	
0	0.696754	0.7016680000000001	-0.14898	0.0	0.169141	0.0411254	0.984734	0.0	0.697083	-0.711316	-0.0900265	0.0	-2.30878	0.810581	0.756834	0.346027	-0.366745	0.916724	-0.15848099999999998	0.0	0.475513	0.0382959	-0.878875	0.0	-0.799616	-0.39768200000000004	-0.449959	0.0	2.469	1.34226	1.3730200000000001	0.35870799999999997	
0	0.691184	0.701823	-0.17236400000000002	0.0	0.181587	0.0621944	0.981406	0.0	0.699494	-0.709631	-0.0844541	0.0	-2.2995200000000002	0.784126	0.763948	0.34615799999999997	-0.364981	0.91705	-0.160652	0.0	0.47539799999999993	0.035207300000000004	-0.879066	0.0	-0.800491	-0.39721599999999996	-0.448813	0.0	2.4618700000000002	1.33702	1.35989	0.35876199999999997	
0	0.66568	0.711677	-0.224469	0.0	0.21430900000000003	0.10580999999999999	0.971018	0.0	0.714802	-0.694493	-0.0820835	0.0	-2.36651	0.753977	0.7524890000000001	0.34683	-0.36498400000000003	0.915955	-0.166774	0.0	0.47838800000000004	0.030833	-0.877607	0.0	-0.798706	-0.400095	-0.44943599999999995	0.0	2.4483200000000003	1.32532	1.3473700000000002	0.35894299999999996	
0	0.646942	0.716713	-0.260362	0.0	0.23404299999999997	0.13833099999999998	0.962335	0.0	0.725734	-0.683511	-0.07824980000000001	0.0	-2.40052	0.74517	0.740531	0.34681999999999996	-0.365044	0.915349	-0.169941	0.0	0.48145200000000005	0.0293726	-0.87598	0.0	-0.7968350000000001	-0.40159	-0.45141899999999996	0.0	2.45083	1.31915	1.34679	0.358767	
0	0.594867	0.726297	-0.344421	0.0	0.261266	0.23051300000000002	0.9373389999999999	0.0	0.76018	-0.647578	-0.052631700000000003	0.0	-2.4464599999999996	0.7760020000000001	0.7143729999999999	0.347933	-0.36327800000000005	0.91286	-0.18632100000000001	0.0	0.478867	0.011399600000000001	-0.877814	0.0	-0.799197	-0.408113	-0.44128	0.0	2.47647	1.32669	1.39406	0.358684	
0	0.5940949999999999	0.72623	-0.345891	0.0	0.261439	0.23233	0.936842	0.0	0.760724	-0.647003	-0.0518391	0.0	-2.44632	0.774054	0.712773	0.347938	-0.363135	0.9128200000000001	-0.186798	0.0	0.478838	0.010850499999999999	-0.8778370000000001	0.0	-0.799279	-0.408219	-0.441033	0.0	2.47591	1.32628	1.3923	0.358693	
0	0.594069	0.726223	-0.345951	0.0	0.261438	0.232411	0.9368219999999999	0.0	0.760744	-0.646982	-0.0517941	0.0	-2.44628	0.773907	0.712653	0.347938	-0.363128	0.912817	-0.186827	0.0	0.47884	0.0108193	-0.8778360000000001	0.0	-0.7992819999999999	-0.408227	-0.441022	0.0	2.47586	1.32626	1.39216	0.358694	
0	0.59407	0.726223	-0.345951	0.0	0.261438	0.232411	0.9368219999999999	0.0	0.760744	-0.646982	-0.05179400000000001	0.0	-2.44628	0.773907	0.712653	0.347938	-0.363128	0.912816	-0.186828	0.0	0.47884	0.0108195	-0.8778360000000001	0.0	-0.799281	-0.408227	-0.441022	0.0	2.47586	1.32626	1.39216	0.358694	
0	0.594069	0.726223	-0.345951	0.0	0.261438	0.232411	0.9368219999999999	0.0	0.760744	-0.646982	-0.0517938	0.0	-2.44628	0.773907	0.712653	0.347938	-0.363128	0.912816	-0.186827	0.0	0.47884	0.0108193	-0.8778360000000001	0.0	-0.7992819999999999	-0.408227	-0.441022	0.0	2.47586	1.32626	1.39216	0.358694	
0	0.59407	0.726223	-0.345951	0.0	0.261438	0.232411	0.9368219999999999	0.0	0.760744	-0.646982	-0.0517938	0.0	-2.44628	0.7739060000000001	0.712653	0.347938	-0.363128	0.912817	-0.186827	0.0	0.47884	0.0108193	-0.8778360000000001	0.0	-0.7992819999999999	-0.408227	-0.441022	0.0	2.47586	1.32626	1.39216	0.358694	
0	0.59407	0.726223	-0.345951	0.0	0.261438	0.232411	0.9368219999999999	0.0	0.760744	-0.646982	-0.0517938	0.0	-2.44628	0.773907	0.712654	0.347938	-0.363128	0.912816	-0.186827	0.0	0.47884	0.0108193	-0.8778360000000001	0.0	-0.7992819999999999	-0.408227	-0.441022	0.0	2.47586	1.32626	1.39216	0.358694	
0	0.59407	0.726223	-0.345951	0.0	0.261438	0.232411	0.9368219999999999	0.0	0.760744	-0.646982	-0.0517938	0.0	-2.44628	0.773907	0.712653	0.347938	-0.363128	0.912816	-0.186828	0.0	0.47884	0.0108193	-0.8778360000000001	0.0	-0.7992819999999999	-0.408227	-0.441022	0.0	2.47586	1.32626	1.39216	0.358694	
0	0.59407	0.726223	-0.345951	0.0	0.261438	0.232411	0.9368219999999999	0.0	0.760744	-0.646982	-0.0517938	0.0	-2.44628	0.7739060000000001	0.712653	0.347938	-0.363128	0.912817	-0.186827	0.0	0.47884	0.0108193	-0.8778360000000001	0.0	-0.7992819999999999	-0.408227	-0.441022	0.0	2.47586	1.32626	1.39216	0.358694	
0	0.59407	0.726223	-0.345951	0.0	0.261438	0.232411	0.9368219999999999	0.0	0.760744	-0.646982	-0.0517938	0.0	-2.44628	0.773907	0.712653	0.347938	-0.363128	0.912816	-0.186827	0.0	0.47884	0.0108193	-0.8778360000000001	0.0	-0.7992819999999999	-0.408227	-0.441022	0.0	2.47586	1.32626	1.39216	0.358694	
0	0.59407	0.726223	-0.345951	0.0	0.261438	0.232411	0.9368219999999999	0.0	0.760744	-0.646982	-0.0517938	0.0	-2.44628	0.7739060000000001	0.712653	0.347938	-0.363128	0.912816	-0.186827	0.0	0.47884	0.0108193	-0.8778360000000001	0.0	-0.7992819999999999	-0.408227	-0.441022	0.0	2.47586	1.32626	1.39216	0.358694	
0	0.59407	0.726223	-0.345951	0.0	0.261438	0.232411	0.9368219999999999	0.0	0.760744	-0.646982	-0.0517938	0.0	-2.44628	0.7739060000000001	0.712653	0.347938	-0.363128	0.912816	-0.186828	0.0	0.47884	0.0108193	-0.8778360000000001	0.0	-0.7992819999999999	-0.408227	-0.441022	0.0	2.47586	1.32626	1.39216	0.358694	
0	0.59407	0.726223	-0.345951	0.0	0.261438	0.232411	0.9368219999999999	0.0	0.760744	-0.646982	-0.0517938	0.0	-2.44628	0.773907	0.712653	0.347938	-0.363128	0.912816	-0.186827	0.0	0.47884	0.0108194	-0.8778360000000001	0.0	-0.799281	-0.408227	-0.441022	0.0	2.47586	1.32626	1.39216	0.358694	
0	0.59407	0.726223	-0.345951	0.0	0.261438	0.232411	0.9368219999999999	0.0	0.760744	-0.646982	-0.0517938	0.0	-2.44628	0.773907	0.712653	0.347938	-0.363128	0.912816	-0.186827	0.0	0.47884	0.0108194	-0.8778360000000001	0.0	-0.799281	-0.408227	-0.441022	0.0	2.47586	1.32626	1.39216	0.358694	
0	0.59407	0.726223	-0.345951	0.0	0.261438	0.232411	0.9368219999999999	0.0	0.760744	-0.646982	-0.0517938	0.0	-2.44628	0.773907	0.712654	0.347938	-0.363128	0.912816	-0.186827	0.0	0.47884	0.0108194	-0.8778360000000001	0.0	-0.799281	-0.408227	-0.441022	0.0	2.47586	1.32626	1.39216	0.358694	
0	0.59407	0.726223	-0.345951	0.0	0.261438	0.232411	0.9368219999999999	0.0	0.760744	-0.646982	-0.0517938	0.0	-2.44628	0.773907	0.712654	0.347938	-0.363128	0.912816	-0.186827	0.0	0.47884	0.0108194	-0.8778360000000001	0.0	-0.7992819999999999	-0.408227	-0.441022	0.0	2.47586	1.32626	1.39216	0.358694	
0	0.59407	0.726223	-0.345951	0.0	0.261438	0.232411	0.9368219999999999	0.0	0.760744	-0.646982	-0.0517938	0.0	-2.44628	0.773907	0.712654	0.347938	-0.363128	0.912816	-0.186827	0.0	0.47884	0.0108194	-0.8778360000000001	0.0	-0.799281	-0.408227	-0.441022	0.0	2.47586	1.32626	1.39216	0.358694	
0	0.59407	0.726223	-0.345951	0.0	0.261438	0.232411	0.9368219999999999	0.0	0.760744	-0.646982	-0.0517938	0.0	-2.44628	0.7739060000000001	0.712653	0.347938	-0.363128	0.912816	-0.186827	0.0	0.47884	0.0108193	-0.8778360000000001	0.0	-0.7992819999999999	-0.408227	-0.441022	0.0	2.47586	1.32626	1.39216	0.358694	
0	0.59407	0.726223	-0.345951	0.0	0.261438	0.232411	0.9368219999999999	0.0	0.760744	-0.646982	-0.0517938	0.0	-2.44628	0.773907	0.712653	0.347938	-0.363128	0.912816	-0.186827	0.0	0.47884	0.0108193	-0.8778360000000001	0.0	-0.7992819999999999	-0.408227	-0.441022	0.0	2.47586	1.32626	1.39216	0.358694	
0	0.594069	0.726223	-0.345951	0.0	0.261438	0.232411	0.9368219999999999	0.0	0.760744	-0.646982	-0.0517938	0.0	-2.44628	0.7739060000000001	0.712653	0.347938	-0.363128	0.912816	-0.186827	0.0	0.47884	0.0108193	-0.8778360000000001	0.0	-0.7992819999999999	-0.408227	-0.441022	0.0	2.47586	1.32626	1.39216	0.358694	
0	0.293561	0.9548409999999999	0.0458283	0.0	0.21516	-0.11270799999999999	0.970053	0.0	0.9314120000000001	-0.27491	-0.238531	0.0	-2.44597	0.678996	0.6225189999999999	0.34741700000000003	0.07558279999999999	0.996611	-0.0324517	0.0	0.305008	-0.0540923	-0.9508120000000001	0.0	-0.9493459999999999	0.061966999999999994	-0.30806300000000003	0.0	2.4365900000000003	1.3308200000000001	1.4088100000000001	0.34618000000000004	
0	0.442122	0.8927959999999999	0.08627380000000001	0.0	0.178479	-0.181828	0.9669969999999999	0.0	0.8790190000000001	-0.412132	-0.239735	0.0	-2.46373	0.461442	0.5848800000000001	0.347018	0.0809586	0.9963040000000001	-0.028723200000000004	0.0	0.318673	-0.053178699999999995	-0.9463719999999999	0.0	-0.944401	0.06746369999999999	-0.3218	0.0	2.45066	1.2656	1.3949200000000002	0.346619	
0	0.469504	0.879289	0.0801034	0.0	0.16061	-0.174264	0.971513	0.0	0.8682	-0.44326400000000005	-0.22304000000000002	0.0	-2.4828	0.35491300000000003	0.544851	0.346831	0.079462	0.996391	-0.0298471	0.0	0.322425	-0.0540226	-0.945052	0.0	-0.943254	0.0654724	-0.325554	0.0	2.45158	1.24851	1.38414	0.34652	
0	0.539556	0.8395940000000001	0.0629364	0.0	0.125371	-0.15403499999999998	0.980079	0.0	0.8325629999999999	-0.520918	-0.188371	0.0	-2.43948	0.150516	0.511474	0.34637199999999996	0.0713414	0.9968319999999999	-0.0351713	0.0	0.326354	-0.056648000000000004	-0.943549	0.0	-0.942551	0.055835800000000005	-0.329362	0.0	2.42943	1.21341	1.3814899999999999	0.346429	
0	0.58006	0.813087	0.0491907	0.0	0.133796	-0.154671	0.978865	0.0	0.803511	-0.5612189999999999	-0.198506	0.0	-2.45664	-0.025468400000000002	0.45293900000000004	0.34649	0.056574400000000004	0.9976860000000001	-0.0377191	0.0	0.328919	-0.054295500000000003	-0.942796	0.0	-0.9426620000000001	0.0409316	-0.331229	0.0	2.4004	1.1771200000000002	1.39147	0.346721	
0	0.606633	0.7940020000000001	0.0394588	0.0	0.13464	-0.151532	0.979239	0.0	0.7834979999999999	-0.588726	-0.198829	0.0	-2.45597	-0.08877739999999999	0.419837	0.34674699999999997	0.054180099999999995	0.9977159999999999	-0.0403416	0.0	0.329277	-0.055993100000000004	-0.942572	0.0	-0.942678	0.0377852	-0.331558	0.0	2.37804	1.1502	1.39364	0.347043	
0	0.711326	0.700933	0.0520389	0.0	0.09461549999999999	-0.168857	0.981089	0.0	0.696465	-0.69295	-0.18643099999999999	0.0	-2.46035	-0.43872	0.352012	0.346823	0.0497608	0.997591	-0.0483399	0.0	0.33156199999999997	-0.062154999999999995	-0.941384	0.0	-0.9421200000000001	0.030816399999999997	-0.333856	0.0	2.35534	1.1086	1.39286	0.34724099999999997	
0	0.795266	0.604509	0.0460591	0.0	0.0553133	-0.148003	0.987439	0.0	0.6037319999999999	-0.782729	-0.15114	0.0	-2.5383299999999998	-0.8496090000000001	0.22583899999999998	0.34773699999999996	0.0471997	0.9974700000000001	-0.053159000000000005	0.0	0.331191	-0.06583539999999999	-0.941264	0.0	-0.9423819999999999	0.0268216	-0.333461	0.0	2.35557	1.10263	1.39195	0.347652	
0	0.79957	0.5988399999999999	0.0455833	0.0	0.0534884	-0.14660399999999998	0.987748	0.0	0.598186	-0.7873359999999999	-0.149252	0.0	-2.54461	-0.877815	0.21178899999999998	0.347769	0.0461959	0.997511	-0.0532761	0.0	0.331742	-0.0656257	-0.9410850000000001	0.0	-0.9422379999999999	0.025800299999999998	-0.333948	0.0	2.35386	1.10106	1.39141	0.347639	
0	0.8527549999999999	0.5222	-0.0107146	0.0	0.0581639	-0.0745557	0.995519	0.0	0.519062	-0.849558	-0.09395099999999999	0.0	-2.6491	-1.17101	0.00526317	0.349346	0.0353172	0.9978450000000001	-0.0552991	0.0	0.34022199999999997	-0.0640332	-0.938163	0.0	-0.939682	0.0143194	-0.34175	0.0	2.3523099999999997	1.08884	1.3961	0.347661	
0	0.8590780000000001	0.511496	-0.018922	0.0	0.059422300000000004	-0.0629476	0.996246	0.0	0.5083850000000001	-0.856977	-0.08447110000000001	0.0	-2.66476	-1.2011	-0.010248100000000001	0.34935900000000003	0.0350505	0.9978530000000001	-0.0553346	0.0	0.340504	-0.0639797	-0.9380639999999999	0.0	-0.9395899999999999	0.014037899999999999	-0.342016	0.0	2.35387	1.08885	1.39625	0.347715	
0	0.8987219999999999	0.43403400000000003	-0.0625539	0.0	0.083328	-0.028980900000000004	0.996101	0.0	0.430529	-0.90043	-0.062213	0.0	-2.83082	-1.47728	-0.278113	0.348967	0.0362209	0.997749	-0.056441099999999994	0.0	0.341469	-0.0654357	-0.9376129999999999	0.0	-0.9391950000000001	0.014688499999999998	-0.34307	0.0	2.35949	1.0872	1.39398	0.34899	
0	0.90245	0.42537700000000006	-0.06810989999999999	0.0	0.0911536	-0.034028300000000004	0.9952549999999999	0.0	0.421041	-0.9043760000000001	-0.0694835	0.0	-2.8812900000000004	-1.53387	-0.48358900000000005	0.34834	0.0340309	0.997959	-0.0540342	0.0	0.34403	-0.0624586	-0.9368790000000001	0.0	-0.938342	0.0132934	-0.345454	0.0	2.3428400000000003	1.07063	1.39256	0.349841	
0	0.904597	0.42021400000000003	-0.0715875	0.0	0.0933491	-0.0314221	0.995137	0.0	0.415921	-0.9068809999999999	-0.06765089999999999	0.0	-2.8929	-1.5415299999999998	-0.604038	0.34791700000000003	0.027325400000000003	0.9983120000000001	-0.051249800000000005	0.0	0.34836500000000004	-0.0575653	-0.9355899999999999	0.0	-0.936961	0.0077117999999999996	-0.34935	0.0	2.30901	1.03227	1.3964	0.350788	
0	0.910011	0.40516399999999997	-0.08787389999999999	0.0	0.10363499999999999	-0.017081299999999997	0.994469	0.0	0.401422	-0.914084	-0.057533100000000004	0.0	-2.88334	-1.57825	-0.667466	0.347383	0.0203399	0.998524	-0.05036040000000001	0.0	0.351977	-0.0542976	-0.9344319999999999	0.0	-0.935788	0.00128055	-0.352562	0.0	2.30442	1.01157	1.40931	0.351179	
0	0.9177350000000001	0.383836	-0.102139	0.0	0.111772	-0.00280854	0.9937299999999999	0.0	0.381142	-0.9233969999999999	-0.0454794	0.0	-2.89582	-1.73135	-0.849558	0.34731300000000004	0.0197172	0.998502	-0.0510375	0.0	0.353215	-0.0547126	-0.933941	0.0	-0.935335	0.000387698	-0.353765	0.0	2.30457	0.9916659999999999	1.4081700000000001	0.351019	
0	0.9224479999999999	0.369352	-0.11255699999999999	0.0	0.11676099999999999	0.0110318	0.993099	0.0	0.368044	-0.9292239999999999	-0.0329495	0.0	-2.90537	-1.84935	-0.9616540000000001	0.347021	0.0198007	0.998526	-0.050543	0.0	0.353731	-0.05427959999999999	-0.9337709999999999	0.0	-0.9351370000000001	0.00061065	-0.354285	0.0	2.30987	0.990984	1.4164700000000001	0.35120300000000004	
0	0.9247639999999999	0.362168	-0.116816	0.0	0.112884	0.0320772	0.9930899999999999	0.0	0.363412	-0.9315610000000001	-0.0112192	0.0	-2.8519900000000002	-1.94127	-1.02465	0.346808	0.0185857	0.998597	-0.049582999999999995	0.0	0.353392	-0.05295169999999999	-0.933975	0.0	-0.935291	-0.000163704	-0.353881	0.0	2.3111099999999998	0.9871850000000001	1.42051	0.352375	
0	0.9263100000000001	0.35633000000000004	-0.122386	0.0	0.11168299999999999	0.0505419	0.992458	0.0	0.35982800000000004	-0.9329930000000001	0.00702158	0.0	-2.80748	-1.98728	-1.05925	0.346699	0.017380200000000002	0.9986219999999999	-0.0495141	0.0	0.354769	-0.0524587	-0.9334809999999999	0.0	-0.934792	-0.00134197	-0.355192	0.0	2.31351	0.9856	1.41985	0.352979	
0	0.935989	0.320603	-0.145386	0.0	0.11610899999999999	0.108727	0.987268	0.0	0.332329	-0.940953	0.0645428	0.0	-2.77762	-2.13165	-0.998821	0.346381	0.0162168	0.9986700000000001	-0.0489511	0.0	0.359283	-0.0515078	-0.9318059999999999	0.0	-0.9330879999999999	-0.00247639	-0.35964	0.0	2.3153599999999996	0.973944	1.40816	0.35330900000000004	
0	0.93984	0.302533	-0.158666	0.0	0.11899100000000001	0.14546099999999998	0.982182	0.0	0.320222	-0.941974	0.100711	0.0	-2.72823	-2.20015	-1.0096399999999999	0.34580500000000003	0.0180078	0.998583	-0.050070800000000006	0.0	0.359187	-0.053197	-0.9317479999999999	0.0	-0.933092	-0.00120595	-0.359636	0.0	2.31851	0.974066	1.40526	0.353553	
0	0.9468620000000001	0.285247	-0.148618	0.0	0.11196700000000001	0.140842	0.9836799999999999	0.0	0.301523	-0.948049	0.10141900000000001	0.0	-2.6724799999999997	-2.2542299999999997	-0.9635020000000001	0.345636	0.016671400000000003	0.9986229999999999	-0.0497324	0.0	0.360147	-0.052398099999999996	-0.931423	0.0	-0.9327469999999999	-0.0023829	-0.360525	0.0	2.3165299999999998	0.971147	1.4072200000000001	0.353544	
0	0.9558479999999999	0.261255	-0.13454000000000002	0.0	0.10345399999999999	0.129357	0.986187	0.0	0.27505	-0.9565629999999999	0.0966178	0.0	-2.67361	-2.3216200000000002	-1.00595	0.345389	0.0125648	0.9986360000000001	-0.0506784	0.0	0.360476	-0.051798199999999996	-0.9313290000000001	0.0	-0.9326840000000001	-0.00656652	-0.360635	0.0	2.3195900000000003	0.971366	1.41448	0.353873	
0	0.961836	0.244367	-0.12311099999999998	0.0	0.0977544	0.113357	0.988734	0.0	0.255569	-0.9630340000000001	0.0851425	0.0	-2.68553	-2.40501	-1.06274	0.344568	0.0106813	0.998542	-0.052907100000000006	0.0	0.36328499999999997	-0.053170100000000005	-0.93016	0.0	-0.931617	-0.00928488	-0.363324	0.0	2.32876	0.9699479999999999	1.4171	0.354108	
0	0.964374	0.23878200000000002	-0.11386500000000001	0.0	0.09540950000000001	0.087511	0.991584	0.0	0.24673699999999998	-0.9671219999999999	0.061611400000000004	0.0	-2.70171	-2.45138	-1.19387	0.344418	0.0105001	0.9985129999999999	-0.0535055	0.0	0.36341	-0.0536605	-0.930083	0.0	-0.9315700000000001	-0.00967833	-0.363433	0.0	2.33632	0.9659040000000001	1.4156600000000001	0.353891	
0	0.9674719999999999	0.229436	-0.10656900000000001	0.0	0.0961817	0.056021100000000004	0.9937860000000001	0.0	0.23398000000000002	-0.9717100000000001	0.0321313	0.0	-2.73426	-2.46185	-1.29758	0.34416399999999997	0.0101245	0.9985430000000001	-0.053009	0.0	0.365144	-0.05304299999999999	-0.9294389999999999	0.0	-0.930896	-0.00994575	-0.365149	0.0	2.33963	0.9687979999999999	1.4171	0.353898	
0	0.9714459999999999	0.215496	-0.09927000000000001	0.0	0.09965030000000001	0.00912725	0.994981	0.0	0.215321	-0.976462	-0.0126076	0.0	-2.7822400000000003	-2.46957	-1.4107100000000001	0.343767	0.00945413	0.9985360000000001	-0.0532632	0.0	0.36525799999999997	-0.05303340000000001	-0.929394	0.0	-0.930858	-0.010668200000000001	-0.365225	0.0	2.34239	0.965736	1.42795	0.35383200000000004	
0	0.9736459999999999	0.207492	-0.0946613	0.0	0.0995818	-0.0133748	0.9949399999999999	0.0	0.20517600000000003	-0.978145	-0.0336848	0.0	-2.8403099999999997	-2.48349	-1.4728700000000001	0.343513	0.00923258	0.9985440000000001	-0.0531549	0.0	0.36593200000000004	-0.052844	-0.92914	0.0	-0.9305959999999999	-0.0108727	-0.36588699999999996	0.0	2.3448599999999997	0.963917	1.43521	0.35381399999999996	
0	0.9725299999999999	0.21129499999999998	-0.0976728	0.0	0.103809	-0.018118799999999997	0.994432	0.0	0.20834899999999998	-0.9772540000000001	-0.039555400000000004	0.0	-2.90829	-2.48943	-1.5383200000000001	0.341804	0.00915191	0.9985280000000001	-0.05345880000000001	0.0	0.366133	-0.0530947	-0.929047	0.0	-0.9305180000000001	-0.0110705	-0.36608	0.0	2.34884	0.9643440000000001	1.44215	0.353747	
0	0.972733	0.208749	-0.101066	0.0	0.10594400000000001	-0.012290700000000002	0.994296	0.0	0.20631599999999997	-0.977892	-0.034071199999999996	0.0	-2.9822599999999997	-2.4912	-1.6095700000000002	0.34158099999999997	0.00989938	0.998549	-0.052928199999999995	0.0	0.366608	-0.0528694	-0.9288719999999999	0.0	-0.930323	-0.0102086	-0.3666	0.0	2.358	0.9657030000000001	1.46046	0.353655	
0	0.9722729999999999	0.21059	-0.101673	0.0	0.105446	-0.00673528	0.994402	0.0	0.208727	-0.9775510000000001	-0.028754400000000003	0.0	-2.98862	-2.4942900000000003	-1.61479	0.341611	0.00927028	0.998611	-0.0518698	0.0	0.36708	-0.051649099999999996	-0.9287549999999999	0.0	-0.930143	-0.0104305	-0.36704899999999996	0.0	2.35385	0.961517	1.4592200000000002	0.353716	
0	0.972131	0.21189499999999997	-0.10030399999999999	0.0	0.10281400000000002	-0.0008316689999999999	0.9947	0.0	0.210689	-0.977292	-0.022594299999999998	0.0	-2.95539	-2.51005	-1.58002	0.340882	0.00827274	0.998684	-0.0506054	0.0	0.368019	-0.0500959	-0.9284680000000001	0.0	-0.929781	-0.010942799999999999	-0.36794899999999997	0.0	2.35379	0.9612639999999999	1.46262	0.35379299999999997	
0	0.972259	0.21110900000000002	-0.100726	0.0	0.10295399999999999	0.000438549	0.9946860000000001	0.0	0.210031	-0.977463	-0.0213082	0.0	-2.94192	-2.51593	-1.5623200000000002	0.340789	0.00864035	0.998706	-0.0501105	0.0	0.368008	-0.0497712	-0.9284889999999999	0.0	-0.929782	-0.010418700000000001	-0.367962	0.0	2.35277	0.959123	1.46281	0.3537	
0	0.9720620000000001	0.21091700000000002	-0.103004	0.0	0.10518800000000002	0.0008686319999999999	0.994452	0.0	0.209837	-0.977504	-0.0213416	0.0	-2.93427	-2.52737	-1.5191700000000001	0.339934	0.00798386	0.9988040000000001	-0.0482345	0.0	0.368796	-0.0477768	-0.9282819999999999	0.0	-0.929476	-0.010377299999999999	-0.368736	0.0	2.3557099999999997	0.962284	1.46316	0.35389299999999996	
0	0.972087	0.21084299999999997	-0.102922	0.0	0.105101	0.000876055	0.994461	0.0	0.20976599999999998	-0.9775200000000001	-0.0213082	0.0	-2.9344200000000003	-2.52716	-1.51986	0.339944	0.00790584	0.9988049999999999	-0.048242400000000005	0.0	0.36880799999999997	-0.0477555	-0.928278	0.0	-0.929472	-0.010453299999999999	-0.368745	0.0	2.3557	0.962355	1.46294	0.35389899999999996	
0	0.972086	0.21084299999999997	-0.102924	0.0	0.105104	0.000871554	0.994461	0.0	0.20976399999999998	-0.9775200000000001	-0.0213132	0.0	-2.93437	-2.52713	-1.52005	0.339947	0.00790158	0.9988049999999999	-0.0482394	0.0	0.36880799999999997	-0.0477509	-0.928278	0.0	-0.929472	-0.010456100000000001	-0.368744	0.0	2.35569	0.9623280000000001	1.46295	0.3539	
0	0.972086	0.21084299999999997	-0.102924	0.0	0.105104	0.0008715530000000001	0.994461	0.0	0.20976399999999998	-0.9775200000000001	-0.0213132	0.0	-2.93437	-2.52713	-1.52005	0.339947	0.00790173	0.9988049999999999	-0.0482395	0.0	0.368807	-0.0477509	-0.9282790000000001	0.0	-0.929472	-0.010456100000000001	-0.368744	0.0	2.35569	0.9623280000000001	1.46295	0.3539	
0	0.972086	0.21084299999999997	-0.102924	0.0	0.105104	0.0008715530000000001	0.994461	0.0	0.20976399999999998	-0.9775200000000001	-0.0213132	0.0	-2.93437	-2.52713	-1.52005	0.339947	0.00790167	0.9988049999999999	-0.0482394	0.0	0.368807	-0.047751	-0.9282790000000001	0.0	-0.929472	-0.010456100000000001	-0.368744	0.0	2.35569	0.9623280000000001	1.46295	0.3539	
0	0.972086	0.21084299999999997	-0.102924	0.0	0.105104	0.0008715530000000001	0.994461	0.0	0.20976399999999998	-0.9775200000000001	-0.0213132	0.0	-2.93437	-2.52713	-1.52005	0.339947	0.00790173	0.9988049999999999	-0.0482394	0.0	0.368807	-0.0477509	-0.9282790000000001	0.0	-0.929472	-0.010456100000000001	-0.368744	0.0	2.35569	0.9623280000000001	1.46295	0.3539	
0	0.972086	0.21084299999999997	-0.102924	0.0	0.105104	0.000871554	0.994461	0.0	0.20976399999999998	-0.9775200000000001	-0.0213132	0.0	-2.93437	-2.52713	-1.52005	0.339947	0.00790176	0.9988049999999999	-0.0482394	0.0	0.368807	-0.0477509	-0.9282790000000001	0.0	-0.929472	-0.010456	-0.368744	0.0	2.35569	0.9623280000000001	1.46295	0.3539	
0	0.972086	0.21084299999999997	-0.102924	0.0	0.105104	0.000871551	0.994461	0.0	0.20976399999999998	-0.9775200000000001	-0.0213132	0.0	-2.93437	-2.52713	-1.52005	0.339947	0.00790158	0.9988049999999999	-0.0482395	0.0	0.368807	-0.0477511	-0.9282790000000001	0.0	-0.929472	-0.010456100000000001	-0.368744	0.0	2.35569	0.9623280000000001	1.46295	0.3539	
0	0.972086	0.21084299999999997	-0.102924	0.0	0.105104	0.0008715530000000001	0.994461	0.0	0.20976399999999998	-0.9775200000000001	-0.0213132	0.0	-2.93437	-2.52713	-1.52005	0.339947	0.00790173	0.9988049999999999	-0.0482395	0.0	0.368807	-0.0477509	-0.928278	0.0	-0.929472	-0.010456100000000001	-0.368744	0.0	2.35569	0.9623280000000001	1.46295	0.3539	
0	0.972086	0.21084299999999997	-0.102924	0.0	0.105104	0.0008715530000000001	0.994461	0.0	0.20976399999999998	-0.9775200000000001	-0.0213132	0.0	-2.93437	-2.52713	-1.52005	0.339947	0.00790176	0.9988049999999999	-0.0482394	0.0	0.368807	-0.0477508	-0.928278	0.0	-0.929472	-0.010456100000000001	-0.368744	0.0	2.35569	0.9623280000000001	1.46295	0.3539	
0	0.972086	0.21084299999999997	-0.102924	0.0	0.105104	0.000871551	0.994461	0.0	0.20976399999999998	-0.9775200000000001	-0.0213132	0.0	-2.93437	-2.52713	-1.52005	0.339947	0.00790167	0.9988049999999999	-0.0482395	0.0	0.368807	-0.047751	-0.9282790000000001	0.0	-0.929472	-0.010456100000000001	-0.368744	0.0	2.35569	0.9623280000000001	1.46295	0.3539	
0	0.972086	0.21084299999999997	-0.102924	0.0	0.105104	0.0008715519999999999	0.994461	0.0	0.20976399999999998	-0.9775200000000001	-0.0213132	0.0	-2.93437	-2.52713	-1.52005	0.339947	0.00790155	0.9988049999999999	-0.0482394	0.0	0.368807	-0.0477509	-0.9282790000000001	0.0	-0.929472	-0.010456100000000001	-0.368744	0.0	2.35569	0.9623280000000001	1.46295	0.3539	
0	0.972086	0.21084299999999997	-0.102924	0.0	0.105104	0.000871551	0.994461	0.0	0.20976399999999998	-0.9775200000000001	-0.0213132	0.0	-2.93437	-2.52713	-1.52005	0.339947	0.00790164	0.9988049999999999	-0.048239300000000006	0.0	0.36880799999999997	-0.0477509	-0.9282790000000001	0.0	-0.929472	-0.010456	-0.368744	0.0	2.35569	0.9623280000000001	1.46295	0.3539	
0	0.972086	0.21084299999999997	-0.102924	0.0	0.105104	0.000871551	0.994461	0.0	0.20976399999999998	-0.9775200000000001	-0.0213132	0.0	-2.93437	-2.52713	-1.52005	0.339947	0.00790167	0.9988049999999999	-0.0482395	0.0	0.368807	-0.047751	-0.9282790000000001	0.0	-0.929472	-0.010456100000000001	-0.368744	0.0	2.35569	0.9623280000000001	1.46295	0.3539	
0	0.972086	0.21084299999999997	-0.102924	0.0	0.105104	0.000871554	0.994461	0.0	0.20976399999999998	-0.9775200000000001	-0.0213132	0.0	-2.93437	-2.52713	-1.52005	0.339947	0.00790158	0.9988049999999999	-0.0482395	0.0	0.368807	-0.0477511	-0.9282790000000001	0.0	-0.929472	-0.010456100000000001	-0.368744	0.0	2.35569	0.9623280000000001	1.46295	0.3539	
0	0.972086	0.21084299999999997	-0.102924	0.0	0.105104	0.0008715530000000001	0.994461	0.0	0.20976399999999998	-0.9775200000000001	-0.0213132	0.0	-2.93437	-2.52713	-1.52005	0.339947	0.00790158	0.9988049999999999	-0.0482395	0.0	0.368807	-0.0477511	-0.9282790000000001	0.0	-0.929472	-0.010456100000000001	-0.368744	0.0	2.35569	0.9623280000000001	1.46295	0.3539	
0	-0.00114879	0.9881	-0.15381199999999998	0.0	0.29996100000000003	0.14707	0.9425469999999999	0.0	0.953951	-0.0450551	-0.29656	0.0	-2.9356400000000002	-2.46769	-1.62043	0.345273	0.0122735	0.997266	-0.072869	0.0	0.346447	-0.07260169999999999	-0.935256	0.0	-0.937989	-0.013766399999999998	-0.34639000000000003	0.0	2.32531	0.9716959999999999	1.5092700000000001	0.352587	
