0	0.593133	0.516197	-0.617846	0.0	0.683737	0.08222239999999999	0.725082	0.0	0.42508599999999996	-0.852514	-0.304174	0.0	-2.73968	2.0	1.46191	0.0	-0.448686	0.600912	-0.661502	0.0	0.51682	-0.42939799999999995	-0.740618	0.0	-0.7290939999999999	-0.674183	-0.117899	0.0	2.64194	2.01381	1.52849	0.0188981	
0	0.593132	0.516197	-0.617846	0.0	0.6836770000000001	0.0823425	0.725125	0.0	0.42518199999999995	-0.8525020000000001	-0.30407199999999995	0.0	-2.7396700000000003	2.0	1.46191	0.0	-0.24968800000000002	0.558767	-0.790844	0.0	-0.0320913	-0.821039	-0.569969	0.0	-0.967794	-0.116935	0.222935	0.0	2.85299	2.28408	1.38179	0.006466199999999999	
0	0.593132	0.516197	-0.617846	0.0	0.6836220000000001	0.08245169999999999	0.725164	0.0	0.42527	-0.852492	-0.303979	0.0	-2.7396700000000003	2.0	1.46191	0.0	-0.0739447	0.567346	-0.820153	0.0	-0.200787	-0.814033	-0.54501	0.0	-0.9768399999999999	0.124375	0.17410899999999999	0.0	3.10703	2.70657	1.0128	0.0533048	
0	0.593133	0.516197	-0.617847	0.0	0.683571	0.08255499999999999	0.725201	0.0	0.425353	-0.852482	-0.30389099999999997	0.0	-2.73968	2.0	1.46191	0.0	0.030237599999999996	0.524454	-0.850902	0.0	-0.217327	-0.827476	-0.5177390000000001	0.0	-0.9756309999999999	0.200579	0.08895689999999999	0.0	3.29624	2.95874	0.672204	0.309777	
0	0.593133	0.516197	-0.617847	0.0	0.683517	0.08266289999999998	0.7252390000000001	0.0	0.425439	-0.8524709999999999	-0.303799	0.0	-2.7396700000000003	2.0	1.46191	0.0	0.026797700000000004	0.40221399999999996	-0.9151540000000001	0.0	-0.229936	-0.8884549999999999	-0.39721300000000004	0.0	-0.9728370000000001	0.221072	0.06867480000000001	0.0	3.27241	3.06324	0.439567	0.20046	
0	0.593133	0.516197	-0.617846	0.0	0.6834600000000001	0.0827766	0.72528	0.0	0.42553100000000005	-0.85246	-0.303703	0.0	-2.7396700000000003	2.0	1.46191	0.0	0.0050177	0.339264	-0.940678	0.0	-0.196958	-0.9219280000000001	-0.333552	0.0	-0.980399	0.186948	0.0621946	0.0	3.27717	3.07234	0.180507	0.00198229	
0	0.593133	0.516197	-0.617846	0.0	0.683411	0.0828741	0.725314	0.0	0.425609	-0.8524510000000001	-0.30362	0.0	-2.73968	2.0	1.46191	0.0	-0.022209299999999998	0.327365	-0.9446370000000001	0.0	-0.157531	-0.934213	-0.320048	0.0	-0.9872639999999999	0.141702	0.07231810000000001	0.0	3.23363	3.08926	-0.0595053	0.0	
0	0.593132	0.516197	-0.617846	0.0	0.683359	0.0829797	0.725352	0.0	0.42569300000000004	-0.852441	-0.30353	0.0	-2.73968	2.0	1.46191	1.22935e-06	-0.06538769999999999	0.364858	-0.9287639999999999	0.0	-0.0233877	-0.931061	-0.364113	0.0	-0.9975860000000001	-0.00208691	0.0694131	0.0	3.17513	3.0685	-0.30114	0.0	
0	0.593132	0.516197	-0.617847	0.0	0.683303	0.0830913	0.725392	0.0	0.42578299999999997	-0.8524299999999999	-0.303435	0.0	-2.7396700000000003	2.0	1.46191	0.0	-0.0493416	0.37874	-0.9241870000000001	0.0	0.08810939999999999	-0.920056	-0.381751	0.0	-0.9948879999999999	-0.100266	0.0120262	0.0	3.04501	3.12197	-0.576097	0.0	
0	0.593132	0.516197	-0.617847	0.0	0.6832520000000001	0.0831933	0.725428	0.0	0.42586499999999994	-0.8524200000000001	-0.303348	0.0	-2.7396700000000003	2.0	1.46191	0.0	-0.0892275	0.440242	-0.8934350000000001	0.0	0.18471600000000002	-0.874138	-0.44918100000000005	0.0	-0.978733	-0.20511100000000002	-0.00332253	0.0	2.89322	3.07058	-0.790197	0.0	
0	0.593133	0.516197	-0.617846	0.0	0.683192	0.0833124	0.72547	0.0	0.42596000000000006	-0.8524079999999999	-0.303247	0.0	-2.7396700000000003	2.0	1.46191	0.0	-0.17497000000000001	0.45703999999999995	-0.872066	0.0	0.26676300000000003	-0.830593	-0.488828	0.0	-0.9477459999999999	-0.31816500000000003	0.0234073	0.0	2.715	2.95628	-1.01356	0.0	
0	0.593133	0.516197	-0.617847	0.0	0.683146	0.0834052	0.725503	0.0	0.426034	-0.852399	-0.303168	0.0	-2.73968	2.0	1.46191	0.0	-0.203158	0.426465	-0.881394	0.0	0.272134	-0.840108	-0.46921499999999994	0.0	-0.9405690000000001	-0.33518200000000004	0.0546183	0.0	2.6069299999999997	2.83819	-1.2006	0.0	
0	0.5380149999999999	0.673424	-0.506991	0.0	0.5256649999999999	0.202138	0.826327	0.0	0.6589510000000001	-0.711084	-0.245243	0.0	-2.7770200000000003	1.9827	1.37057	7.1525600000000005e-06	-0.264087	0.373256	-0.8893469999999999	0.0	0.305654	-0.842168	-0.44421700000000003	0.0	-0.9147860000000001	-0.389144	0.108319	0.0	2.50886	2.68432	-1.349	0.0	
0	0.401147	0.831026	-0.385327	0.0	0.23265100000000002	0.314432	0.9203290000000001	0.0	0.885977	-0.458834	-0.0672054	0.0	-2.7084599999999996	1.8324900000000002	1.12951	0.0	-0.354229	0.337484	-0.8721389999999999	0.0	0.41532700000000006	-0.778812	-0.47006000000000003	0.0	-0.8378700000000001	-0.528732	0.135711	0.0	2.34593	2.4527200000000002	-1.4585	-0.00010442700000000001	
0	0.45736000000000004	0.798183	-0.392079	0.0	0.280942	0.28862600000000005	0.9152959999999999	0.0	0.8437379999999999	-0.528771	-0.09223660000000002	0.0	-2.69588	1.60256	0.853764	0.0	-0.45376099999999997	0.336671	-0.8250780000000001	0.0	0.49598400000000004	-0.673801	-0.547715	0.0	-0.740338	-0.6577569999999999	0.138762	0.0	2.24648	2.20182	-1.6110200000000001	0.0	
0	0.55594	0.727888	-0.401385	0.0	0.329771	0.250118	0.910325	0.0	0.763008	-0.638452	-0.100985	0.0	-2.6367	1.26314	0.568535	-0.00034523	-0.45033100000000004	0.43362700000000004	-0.780493	0.0	0.448104	-0.646323	-0.617633	0.0	-0.772273	-0.627881	0.09674880000000001	0.0	2.03207	2.1804900000000003	-1.80246	0.0	
0	0.76769	0.566421	-0.299699	0.0	0.320377	0.0657907	0.945003	0.0	0.554986	-0.821486	-0.130962	0.0	-2.49967	0.925301	0.38405	0.00048828099999999997	-0.50746	0.541254	-0.670469	0.0	0.411029	-0.5318189999999999	-0.740421	0.0	-0.757325	-0.651316	0.0474056	0.0	1.65403	2.2044599999999996	-1.93145	0.0134345	
0	0.8019970000000001	0.5441010000000001	-0.24648699999999998	0.0	0.284457	0.014964600000000002	0.958572	0.0	0.5252479999999999	-0.838886	-0.142772	0.0	-2.43739	0.723305	0.299216	0.0	-0.6505770000000001	0.563282	-0.509376	0.0	0.37602800000000003	-0.34381300000000004	-0.8604620000000001	0.0	-0.659813	-0.751337	0.0118663	0.0	1.38171	2.02553	-1.9603599999999999	-0.00235763	
0	0.8473069999999999	0.507654	-0.15607000000000001	0.0	0.21913400000000002	-0.0664842	0.973427	0.0	0.483788	-0.858992	-0.167577	0.0	-2.3389	0.614255	0.27586	0.0	-0.6753399999999999	0.635266	-0.374638	0.0	0.3224	-0.202574	-0.924674	0.0	-0.6633060000000001	-0.745252	-0.0680038	0.0	1.24301	1.94648	-2.00786	0.0	
0	0.8676790000000001	0.47975500000000004	-0.130261	0.0	0.208244	-0.11283800000000001	0.9715459999999999	0.0	0.45140600000000003	-0.870117	-0.19781300000000002	0.0	-2.36455	0.569281	0.287391	0.0	-0.7169800000000001	0.610931	-0.335713	0.0	0.36382800000000004	-0.08283919999999999	-0.927775	0.0	-0.5946170000000001	-0.787338	-0.16288	0.0	1.18885	1.95528	-2.076	0.0	
0	0.879999	0.456689	-0.130527	0.0	0.20997399999999997	-0.127548	0.969352	0.0	0.426044	-0.8804350000000001	-0.208135	0.0	-2.52895	0.522893	0.324813	0.0	-0.684539	0.538293	-0.491576	0.0	0.533597	-0.08943960000000001	-0.840996	0.0	-0.49666899999999997	-0.8379979999999999	-0.226007	0.0	1.36019	1.80702	-2.16075	0.0	
0	0.845219	0.50761	-0.167143	0.0	0.264942	-0.126387	0.955946	0.0	0.46412299999999995	-0.852267	-0.241312	0.0	-2.71387	0.563601	0.228377	0.0	-0.608278	0.5451590000000001	-0.576888	0.0	0.618091	-0.130639	-0.775176	0.0	-0.497958	-0.828091	-0.25749299999999997	0.0	1.46179	1.76217	-2.22938	0.0	
0	0.775159	0.590546	-0.22446100000000002	0.0	0.332972	-0.0799541	0.939541	0.0	0.536896	-0.803033	-0.25861300000000004	0.0	-2.8059	0.658004	0.16225699999999998	0.0	-0.552281	0.599712	-0.579079	0.0	0.6178100000000001	-0.171951	-0.767297	0.0	-0.5597300000000001	-0.781524	-0.275543	0.0	1.53157	1.85673	-2.3121	0.0	
0	0.720284	0.646569	-0.251277	0.0	0.363773	-0.0436397	0.930465	0.0	0.590644	-0.761606	-0.266638	0.0	-2.8235900000000003	0.73158	0.102074	0.0	-0.501996	0.62331	-0.5995689999999999	0.0	0.605348	-0.2419	-0.758313	0.0	-0.6177	-0.743618	-0.255886	0.0	1.62163	1.9116	-2.3444599999999998	0.0	
0	0.698404	0.671036	-0.248883	0.0	0.37297600000000003	-0.0444528	0.926775	0.0	0.6108359999999999	-0.7400909999999999	-0.281326	0.0	-2.85319	0.803463	0.0200243	0.0	-0.43367	0.635428	-0.638875	0.0	0.546412	-0.37833	-0.7471949999999999	0.0	-0.716494	-0.673125	-0.183135	0.0	1.7206299999999999	1.9116099999999998	-2.40164	0.0	
0	0.695529	0.680508	-0.23053800000000002	0.0	0.367313	-0.061006399999999995	0.9280950000000001	0.0	0.617512	-0.730197	-0.292391	0.0	-2.8782900000000002	0.922141	-0.0521501	0.0	-0.401269	0.64357	-0.651768	0.0	0.533849	-0.413894	-0.737359	0.0	-0.744305	-0.643824	-0.17748699999999998	0.0	1.7959200000000002	1.8436599999999999	-2.46397	0.0	
0	0.6968300000000001	0.680603	-0.226289	0.0	0.368626	-0.06920369999999999	0.926998	0.0	0.615258	-0.729377	-0.299111	0.0	-2.89005	0.9417780000000001	-0.048720599999999996	0.00330456	-0.398406	0.636478	-0.660431	0.0	0.538745	-0.42035500000000003	-0.730107	0.0	-0.742312	-0.646682	-0.175428	0.0	1.8634700000000002	1.73423	-2.5332	0.11431199999999998	
0	0.695714	0.681304	-0.22761199999999998	0.0	0.36764600000000003	-0.0655077	0.9276559999999999	0.0	0.617105	-0.729064	-0.296053	0.0	-2.90275	0.946684	-0.0255269	0.115595	-0.38609899999999997	0.6286930000000001	-0.675036	0.0	0.5315310000000001	-0.44645799999999997	-0.7198260000000001	0.0	-0.7539239999999999	-0.636727	-0.16179300000000002	0.0	1.91484	1.66166	-2.59855	0.09145310000000001	
0	0.696004	0.681261	-0.226852	0.0	0.365119	-0.0637481	0.928776	0.0	0.618278	-0.729259	-0.29311	0.0	-2.90238	0.9516479999999999	-0.0176615	0.204301	-0.38379800000000003	0.603919	-0.698557	0.0	0.5213899999999999	-0.48263900000000004	-0.703713	0.0	-0.7621359999999999	-0.634304	-0.129642	0.0	1.94933	1.63258	-2.5960400000000003	-0.00980581	
0	0.708334	0.6696979999999999	-0.22308499999999998	0.0	0.360034	-0.0709313	0.9302389999999999	0.0	0.607156	-0.7392380000000001	-0.29135700000000003	0.0	-2.89495	0.9249809999999999	0.0261158	0.22398	-0.39342	0.590643	-0.70453	0.0	0.516967	-0.491569	-0.700789	0.0	-0.760241	-0.6399229999999999	-0.11195	0.0	1.96455	1.6389	-2.52209	0.0	
0	0.714857	0.6585409999999999	-0.235166	0.0	0.352259	-0.048621199999999996	0.9346389999999999	0.0	0.604064	-0.750972	-0.266734	0.0	-2.88518	0.8906040000000001	0.033407599999999996	-0.000690497	-0.391	0.5697180000000001	-0.72287	0.0	0.511058	-0.5188050000000001	-0.685319	0.0	-0.765467	-0.6373880000000001	-0.0883063	0.0	1.9511	1.73912	-2.43439	0.0	
0	0.718051	0.6546310000000001	-0.23635100000000003	0.0	0.35391100000000003	-0.05102380000000001	0.9338860000000001	0.0	0.599291	-0.754225	-0.26831900000000003	0.0	-2.91587	0.895086	0.0335152	0.0	-0.393608	0.590501	-0.704543	0.0	0.5047229999999999	-0.501743	-0.7025020000000001	0.0	-0.768328	-0.632109	-0.10055	0.0	1.92535	1.8076	-2.42116	0.00458049	
0	0.718881	0.650803	-0.24426599999999998	0.0	0.366118	-0.055774300000000006	0.9288959999999999	0.0	0.590904	-0.757196	-0.278366	0.0	-2.98163	0.905335	0.0362793	0.0	-0.43655	0.582013	-0.6860649999999999	0.0	0.53501	-0.445142	-0.718062	0.0	-0.723318	-0.680521	-0.117056	0.0	1.9342599999999999	1.7763400000000003	-2.40129	0.0	
0	0.700811	0.668905	-0.24785100000000002	0.0	0.372312	-0.0466117	0.9269370000000001	0.0	0.60848	-0.741885	-0.28170700000000004	0.0	-3.01863	0.908335	0.0197272	0.0	-0.439259	0.583657	-0.682932	0.0	0.5530970000000001	-0.423334	-0.717546	0.0	-0.707909	-0.692916	-0.13686600000000002	0.0	1.99593	1.7414	-2.4276299999999997	0.0	
0	0.6729729999999999	0.690104	-0.266202	0.0	0.394396	-0.030324700000000003	0.9184399999999999	0.0	0.625747	-0.723075	-0.292582	0.0	-3.03067	0.9461309999999999	-0.037577099999999995	0.0	-0.42070799999999997	0.593422	-0.686189	0.0	0.582118	-0.40355	-0.7058939999999999	0.0	-0.695805	-0.696418	-0.17566500000000002	0.0	2.0041700000000002	1.8063200000000001	-2.42612	0.0	
0	0.680979	0.675549	-0.282667	0.0	0.406031	-0.0270801	0.913458	0.0	0.6094310000000001	-0.7368180000000001	-0.29273499999999997	0.0	-3.03788	0.9523940000000001	-0.025503400000000002	0.0	-0.420246	0.596043	-0.684197	0.0	0.599475	-0.383668	-0.702444	0.0	-0.681192	-0.7053590000000001	-0.196078	0.0	2.00157	1.7977	-2.46965	-0.00048828099999999997	
0	0.685789	0.636746	-0.352489	0.0	0.452876	0.00578793	0.8915549999999999	0.0	0.569734	-0.7710520000000001	-0.284398	0.0	-3.05266	0.8525780000000001	0.024041099999999996	0.0	-0.415408	0.590327	-0.692063	0.0	0.619984	-0.372981	-0.690294	0.0	-0.665625	-0.715821	-0.21105500000000002	0.0	1.99822	1.76125	-2.5171	0.0	
0	0.683335	0.614924	-0.39360100000000003	0.0	0.48388100000000006	0.022262099999999996	0.874851	0.0	0.546729	-0.788272	-0.28233800000000003	0.0	-3.10038	0.706615	0.063884	0.0	-0.406661	0.586684	-0.7003060000000001	0.0	0.628152	-0.377046	-0.680633	0.0	-0.6633640000000001	-0.7166859999999999	-0.215196	0.0	1.98222	1.76298	-2.54	0.0	
0	0.683573	0.614851	-0.393302	0.0	0.481745	0.0247362	0.8759620000000001	0.0	0.548315	-0.7882560000000001	-0.279292	0.0	-3.1189400000000003	0.681571	0.056830200000000004	0.0	-0.417091	0.5853229999999999	-0.695293	0.0	0.6240859999999999	-0.371696	-0.687283	0.0	-0.66072	-0.720583	-0.210261	0.0	1.91104	1.7816599999999998	-2.51093	0.0	
0	0.682625	0.614996	-0.394719	0.0	0.47850200000000004	0.0320796	0.8775	0.0	0.552322	-0.787878	-0.272378	0.0	-3.11829	0.66832	0.0552368	0.0	-0.43572	0.584703	-0.684303	0.0	0.620478	-0.355634	-0.698951	0.0	-0.65204	-0.729142	-0.207839	0.0	1.85885	1.77168	-2.4750900000000002	0.0	
0	0.683116	0.6095649999999999	-0.402221	0.0	0.47989	0.040494	0.876394	0.0	0.550507	-0.791701	-0.264862	0.0	-3.11593	0.652411	0.049453500000000004	0.0	-0.468596	0.58196	-0.664636	0.0	0.6201180000000001	-0.319148	-0.716657	0.0	-0.629183	-0.747975	-0.211333	0.0	1.8371400000000002	1.7378799999999999	-2.47324	0.0	
0	0.683466	0.610938	-0.399536	0.0	0.48021499999999995	0.035925900000000004	0.8764149999999999	0.0	0.5497890000000001	-0.790863	-0.268828	0.0	-3.10345	0.648476	0.0192605	0.0	-0.507285	0.577797	-0.639385	0.0	0.619526	-0.271227	-0.73663	0.0	-0.5990409999999999	-0.769796	-0.220371	0.0	1.86592	1.63505	-2.50595	0.0	
0	0.6862010000000001	0.6104609999999999	-0.395557	0.0	0.475839	0.0345881	0.8788520000000001	0.0	0.550187	-0.791291	-0.26674699999999996	0.0	-3.09198	0.63903	0.027819599999999996	0.0	-0.5147390000000001	0.576479	-0.634598	0.0	0.617554	-0.26412800000000003	-0.740853	0.0	-0.5947020000000001	-0.773245	-0.22005	0.0	1.87736	1.59398	-2.5072099999999997	0.0	
0	0.6869069999999999	0.608791	-0.396904	0.0	0.47639	0.0352429	0.8785280000000001	0.0	0.5488270000000001	-0.7925479999999999	-0.265813	0.0	-3.08325	0.628909	0.0489596	0.0	-0.516957	0.575746	-0.6334609999999999	0.0	0.61603	-0.26359499999999997	-0.74231	0.0	-0.594359	-0.7739729999999999	-0.21840900000000002	0.0	1.8819099999999997	1.5778	-2.51823	-0.00010967299999999999	
0	0.686027	0.61077	-0.395383	0.0	0.47504300000000005	0.0356039	0.879242	0.0	0.551092	-0.791008	-0.265716	0.0	-3.07836	0.610924	0.0764465	0.0	-0.523943	0.57123	-0.631807	0.0	0.613729	-0.261162	-0.7450720000000001	0.0	-0.590611	-0.778133	-0.213746	0.0	1.882	1.56098	-2.50846	0.0	
0	0.686301	0.611531	-0.393727	0.0	0.474231	0.034194	0.8797360000000001	0.0	0.551449	-0.790482	-0.26654	0.0	-3.06811	0.605321	0.07052749999999999	0.0	-0.526744	0.5710649999999999	-0.6296229999999999	0.0	0.612931	-0.258035	-0.746816	0.0	-0.5889449999999999	-0.779296	-0.21410500000000002	0.0	1.8742299999999998	1.55595	-2.5063400000000002	0.0	
0	0.685422	0.613005	-0.392965	0.0	0.47309700000000005	0.0353291	0.880302	0.0	0.553513	-0.789289	-0.265796	0.0	-3.0481	0.59847	0.0582605	0.0	-0.54494	0.5639109999999999	-0.62052	0.0	0.608063	-0.243773	-0.7555350000000001	0.0	-0.577321	-0.789037	-0.210052	0.0	1.86943	1.5196100000000001	-2.50825	0.0	
0	0.6848420000000001	0.613822	-0.392701	0.0	0.473124	0.035311199999999994	0.880288	0.0	0.554207	-0.788655	-0.266231	0.0	-3.03602	0.595967	0.0595563	0.0	-0.550068	0.5627850000000001	-0.617008	0.0	0.60545	-0.240132	-0.758793	0.0	-0.5752	-0.790955	-0.20864899999999997	0.0	1.87283	1.49175	-2.5084400000000002	0.0	
0	0.684768	0.614112	-0.392376	0.0	0.472599	0.035642400000000005	0.8805569999999999	0.0	0.554746	-0.7884140000000001	-0.265822	0.0	-3.02972	0.596594	0.058237300000000006	0.0	-0.550479	0.562743	-0.616679	0.0	0.60482	-0.24035399999999998	-0.759225	0.0	-0.575469	-0.790918	-0.20804899999999998	0.0	1.8733799999999998	1.4892100000000001	-2.5091	0.0	
0	0.6828850000000001	0.615354	-0.39371	0.0	0.472922	0.038383099999999996	0.880268	0.0	0.556789	-0.787316	-0.264803	0.0	-3.02975	0.5984550000000001	0.04706180000000001	0.0	-0.551874	0.561934	-0.61617	0.0	0.603666	-0.24057399999999998	-0.760073	0.0	-0.575346	-0.7914260000000001	-0.206454	0.0	1.8682400000000001	1.48414	-2.50769	0.0	
0	0.68299	0.6148319999999999	-0.394343	0.0	0.472554	0.0397379	0.8804059999999999	0.0	0.556971	-0.7876569999999999	-0.2634	0.0	-3.0299400000000003	0.598342	0.04391880000000001	0.0	-0.552941	0.560776	-0.616268	0.0	0.603161	-0.24088400000000001	-0.760376	0.0	-0.57485	-0.7921520000000001	-0.20504299999999998	0.0	1.8691400000000002	1.48276	-2.50398	0.0	
0	0.683712	0.614399	-0.39376500000000003	0.0	0.471713	0.0396106	0.880862	0.0	0.5567979999999999	-0.7880010000000001	-0.262738	0.0	-3.0243900000000004	0.596258	0.0451159	0.0	-0.558249	0.556967	-0.6149359999999999	0.0	0.601219	-0.239196	-0.762444	0.0	-0.571746	-0.795345	-0.201328	0.0	1.8692799999999998	1.46697	-2.46639	0.0	
0	0.684057	0.614452	-0.393083	0.0	0.471346	0.0389188	0.8810889999999999	0.0	0.556686	-0.787994	-0.262997	0.0	-3.01401	0.596487	0.0408751	0.0	-0.5618569999999999	0.555299	-0.613156	0.0	0.5995729999999999	-0.23730900000000002	-0.7643270000000001	0.0	-0.569937	-0.797074	-0.19960799999999998	0.0	1.86765	1.4584	-2.44861	0.0	
0	0.684519	0.6140909999999999	-0.392845	0.0	0.47108900000000004	0.0386271	0.881239	0.0	0.556335	-0.7882899999999999	-0.26285	0.0	-3.00976	0.595294	0.043373699999999994	0.0	-0.564053	0.554078	-0.612243	0.0	0.5991	-0.23565500000000003	-0.7652100000000001	0.0	-0.568264	-0.7984140000000001	-0.199027	0.0	1.86598	1.4496	-2.43391	0.0	
0	0.687318	0.612031	-0.39116799999999996	0.0	0.468656	0.037773	0.8825729999999999	0.0	0.554937	-0.789931	-0.26087	0.0	-3.00122	0.5907640000000001	0.051276499999999996	0.0	-0.565958	0.55308	-0.611387	0.0	0.5978060000000001	-0.235371	-0.766309	0.0	-0.567733	-0.799189	-0.197425	0.0	1.868	1.43897	-2.41953	0.0	
0	0.688619	0.61136	-0.389927	0.0	0.46703999999999996	0.0374033	0.883445	0.0	0.554687	-0.7904680000000001	-0.259773	0.0	-2.9971099999999997	0.588725	0.05481849999999999	0.0	-0.567246	0.552243	-0.61095	0.0	0.5976899999999999	-0.234306	-0.766725	0.0	-0.5665680000000001	-0.80008	-0.197161	0.0	1.8646200000000002	1.4370100000000001	-2.41947	0.0	
0	0.692925	0.608769	-0.386336	0.0	0.46188900000000005	0.0366454	0.88618	0.0	0.553636	-0.792501	-0.255791	0.0	-2.98379	0.584541	0.05475750000000001	0.0	-0.5720770000000001	0.5496840000000001	-0.608749	0.0	0.595112	-0.232562	-0.769258	0.0	-0.56442	-0.802348	-0.194081	0.0	1.8635	1.42287	-2.42584	0.0	
0	0.6939350000000001	0.608117	-0.38555	0.0	0.460559	0.036726499999999995	0.886869	0.0	0.55348	-0.792998	-0.25458800000000004	0.0	-2.97848	0.582249	0.0486707	0.0	-0.575271	0.547812	-0.607426	0.0	0.59415	-0.230537	-0.770609	0.0	-0.562183	-0.804211	-0.19286099999999998	0.0	1.86559	1.41441	-2.42612	0.0	
0	0.6950189999999999	0.607278	-0.384918	0.0	0.45946099999999995	0.0366515	0.887441	0.0	0.553031	-0.7936439999999999	-0.25354699999999997	0.0	-2.97495	0.5770430000000001	0.0428673	0.0	-0.578088	0.546348	-0.606068	0.0	0.592325	-0.229881	-0.772208	0.0	-0.561218	-0.8053939999999999	-0.190724	0.0	1.8684	1.40687	-2.43356	0.0	
0	0.695604	0.6070260000000001	-0.384258	0.0	0.45907	0.035857	0.887676	0.0	0.552621	-0.793872	-0.253725	0.0	-2.97512	0.575675	0.0401896	0.0	-0.580659	0.545003	-0.604819	0.0	0.591446	-0.22814099999999998	-0.7733979999999999	0.0	-0.559488	-0.8067979999999999	-0.189868	0.0	1.87152	1.39424	-2.44457	0.0	
0	0.6970810000000001	0.605996	-0.383205	0.0	0.45715100000000003	0.0360835	0.8886569999999999	0.0	0.55235	-0.7946489999999999	-0.251879	0.0	-2.97743	0.570062	0.049178	0.0	-0.5822609999999999	0.544553	-0.603684	0.0	0.590907	-0.22653299999999998	-0.774282	0.0	-0.558392	-0.807555	-0.189879	0.0	1.86851	1.38564	-2.44023	0.0	
0	0.6991149999999999	0.6048479999999999	-0.38131	0.0	0.45505500000000004	0.0349589	0.889777	0.0	0.5515100000000001	-0.795573	-0.250799	0.0	-2.9773	0.557816	0.0706942	0.0	-0.5844590000000001	0.543484	-0.602522	0.0	0.589604	-0.22570300000000001	-0.775516	0.0	-0.5574720000000001	-0.808507	-0.188526	0.0	1.8712799999999998	1.37313	-2.42771	0.0	
0	0.701086	0.603661	-0.379567	0.0	0.453205	0.033744199999999995	0.890767	0.0	0.55053	-0.7965260000000001	-0.249925	0.0	-2.98009	0.546822	0.0763781	0.0	-0.587075	0.542205	-0.601129	0.0	0.588538	-0.223998	-0.7768189999999999	0.0	-0.555847	-0.8098390000000001	-0.187605	0.0	1.87358	1.36338	-2.43487	0.0	
0	0.702426	0.6026229999999999	-0.37874	0.0	0.45195100000000005	0.033441900000000004	0.891416	0.0	0.5498529999999999	-0.797325	-0.248865	0.0	-2.97871	0.5433720000000001	0.0748646	0.0	-0.58817	0.541615	-0.600591	0.0	0.5874199999999999	-0.22432800000000003	-0.77757	0.0	-0.555873	-0.810142	-0.18621300000000002	0.0	1.8779400000000002	1.3579700000000001	-2.44277	0.0	
0	0.7053729999999999	0.601175	-0.37555	0.0	0.447984	0.0325019	0.893451	0.0	0.549327	-0.798456	-0.246391	0.0	-2.97876	0.525704	0.105939	0.0	-0.5907	0.540279	-0.5993109999999999	0.0	0.585823	-0.22360100000000002	-0.778983	0.0	-0.554874	-0.811235	-0.184427	0.0	1.8793900000000001	1.34846	-2.4539299999999997	0.0	
0	0.7063119999999999	0.600454	-0.374938	0.0	0.446741	0.0327739	0.8940629999999999	0.0	0.549132	-0.798988	-0.24509899999999998	0.0	-2.9794	0.522097	0.10946700000000001	0.0	-0.590975	0.540312	-0.599009	0.0	0.5859800000000001	-0.222804	-0.779093	0.0	-0.554415	-0.8114319999999999	-0.18494100000000002	0.0	1.87896	1.34585	-2.4641900000000003	0.0	
0	0.707497	0.599873	-0.373632	0.0	0.44580699999999995	0.0313994	0.8945780000000001	0.0	0.548365	-0.799479	-0.24521300000000001	0.0	-2.9803	0.519489	0.10853900000000001	0.0	-0.592781	0.539442	-0.598009	0.0	0.585191	-0.22164899999999998	-0.780015	0.0	-0.553321	-0.812327	-0.18428699999999998	0.0	1.87773	1.34175	-2.46523	0.0	
0	0.708325	0.599406	-0.37281	0.0	0.444916	0.0309207	0.8950379999999999	0.0	0.5480189999999999	-0.799848	-0.244784	0.0	-2.98264	0.517532	0.10026499999999999	0.0	-0.5935779999999999	0.539251	-0.59739	0.0	0.583971	-0.22216100000000003	-0.780784	0.0	-0.553754	-0.812314	-0.18303699999999998	0.0	1.87847	1.33734	-2.47209	0.0	
0	0.709671	0.5986279999999999	-0.371498	0.0	0.442812	0.031135700000000002	0.8960739999999999	0.0	0.547981	-0.8004220000000001	-0.242984	0.0	-2.98477	0.511393	0.0902381	0.0	-0.5962930000000001	0.537788	-0.596002	0.0	0.582063	-0.221654	-0.782351	0.0	-0.552845	-0.813421	-0.180856	0.0	1.8797	1.32511	-2.48946	0.0	
0	0.7095020000000001	0.599255	-0.370811	0.0	0.442522	0.030643599999999997	0.896234	0.0	0.548435	-0.799972	-0.24344200000000002	0.0	-2.98339	0.511293	0.0846843	0.0	-0.597007	0.537402	-0.595637	0.0	0.582014	-0.220854	-0.782613	0.0	-0.552126	-0.813894	-0.180924	0.0	1.87995	1.3225799999999999	-2.50385	0.0	
0	0.702179	0.6048359999999999	-0.375658	0.0	0.442129	0.0431571	0.895913	0.0	0.558092	-0.79518	-0.237112	0.0	-2.9879599999999997	0.506799	0.08418769999999999	0.0	-0.597055	0.537396	-0.595593	0.0	0.5818479999999999	-0.221012	-0.782692	0.0	-0.552249	-0.813855	-0.180726	0.0	1.8823299999999998	1.3226	-2.51032	0.0	
0	0.648987	0.62837	-0.428914	0.0	0.457895	0.127616	0.879799	0.0	0.607576	-0.767375	-0.204907	0.0	-3.0211099999999997	0.47401000000000004	0.0729983	0.0	-0.600163	0.535832	-0.5938760000000001	0.0	0.580613	-0.21884699999999999	-0.784216	0.0	-0.550177	-0.815469	-0.179767	0.0	1.8815	1.3089600000000001	-2.47638	0.0	
0	0.652416	0.611649	-0.44748000000000004	0.0	0.46506800000000004	0.143082	0.873635	0.0	0.5983850000000001	-0.7780819999999999	-0.19111	0.0	-3.04071	0.419537	0.0834079	0.0	-0.6023970000000001	0.5344800000000001	-0.592832	0.0	0.578994	-0.218654	-0.785466	0.0	-0.549441	-0.816408	-0.177744	0.0	1.88227	1.3018	-2.4498599999999997	0.0	
0	0.765321	0.522037	-0.376512	0.0	0.404646	0.06467859999999999	0.912184	0.0	0.500546	-0.850467	-0.16174000000000002	0.0	-3.1499099999999998	0.25359899999999996	0.132945	0.0	-0.607422	0.531486	-0.590391	0.0	0.576245	-0.216768	-0.788007	0.0	-0.5467920000000001	-0.818862	-0.174597	0.0	1.87857	1.2924	-2.42381	0.0	
0	0.8299489999999999	0.47840900000000003	-0.28689699999999996	0.0	0.327385	-0.00130903	0.94489	0.0	0.451668	-0.878136	-0.15771	0.0	-3.1752599999999997	0.205827	0.14252599999999999	0.0	-0.608483	0.530794	-0.589921	0.0	0.575034	-0.217381	-0.788721	0.0	-0.546886	-0.819148	-0.172952	0.0	1.87497	1.28921	-2.40767	0.0	
0	0.911761	0.410496	-0.0136148	0.0	0.0665965	-0.115047	0.991125	0.0	0.405287	-0.904576	-0.132232	0.0	-3.0344700000000002	0.174624	0.24475999999999998	0.0	-0.610193	0.529583	-0.589242	0.0	0.5745560000000001	-0.21628499999999998	-0.789371	0.0	-0.545481	-0.8202209999999999	-0.172299	0.0	1.87258	1.28586	-2.3987700000000003	0.0	
0	0.9253379999999999	0.363466	0.107903	0.0	-0.0497402	-0.165761	0.9849110000000001	0.0	0.375867	-0.9167420000000001	-0.13530599999999998	0.0	-2.96238	0.18525999999999998	0.304598	0.0	-0.611088	0.5292979999999999	-0.588571	0.0	0.574584	-0.214819	-0.789751	0.0	-0.544449	-0.8207909999999999	-0.172853	0.0	1.86845	1.28311	-2.38855	0.0	
0	0.9104540000000001	0.324682	0.256232	0.0	-0.18908	-0.224257	0.956011	0.0	0.36786199999999997	-0.918853	-0.142784	0.0	-2.79696	0.20783800000000002	0.399599	0.0	-0.6147729999999999	0.527057	-0.586741	0.0	0.573187	-0.212446	-0.791406	0.0	-0.541767	-0.8228479999999999	-0.171496	0.0	1.8668	1.27915	-2.3971400000000003	0.0	
0	0.886415	0.318141	0.33623600000000003	0.0	-0.26931	-0.23634299999999997	0.9336030000000001	0.0	0.376485	-0.918111	-0.12382	0.0	-2.67449	0.212892	0.488942	-0.00048828099999999997	-0.619102	0.524081	-0.584852	0.0	0.570829	-0.21114000000000002	-0.793458	0.0	-0.5393220000000001	-0.825081	-0.168444	0.0	1.8670400000000003	1.26104	-2.42088	0.0	
0	0.860124	0.29673299999999997	0.414893	0.0	-0.358542	-0.226834	0.9055350000000001	0.0	0.36281399999999997	-0.927629	-0.08871380000000001	0.0	-2.52925	0.146003	0.610224	0.0	-0.623237	0.521885	-0.5824199999999999	0.0	0.569714	-0.20719200000000002	-0.795297	0.0	-0.5357270000000001	-0.827471	-0.168195	0.0	1.8679400000000002	1.24699	-2.4325	0.0	
0	0.8493799999999999	0.274555	0.450748	0.0	-0.400846	-0.219987	0.8893409999999999	0.0	0.343332	-0.936069	-0.07679860000000001	0.0	-2.4783	0.032774300000000006	0.658393	0.0	-0.625483	0.520671	-0.581097	0.0	0.5685600000000001	-0.205884	-0.796462	0.0	-0.534333	-0.8285610000000001	-0.167256	0.0	1.8696700000000002	1.23615	-2.43732	0.0	
0	0.84854	0.262508	0.45942200000000005	0.0	-0.411499	-0.21844499999999997	0.8848450000000001	0.0	0.332637	-0.9398780000000001	-0.0773375	0.0	-2.50845	-0.050472	0.628588	0.0	-0.6270560000000001	0.519357	-0.580577	0.0	0.567364	-0.20619200000000001	-0.797235	0.0	-0.533759	-0.829309	-0.165371	0.0	1.86732	1.2298200000000001	-2.43378	0.0	
0	0.870762	0.304802	0.385836	0.0	-0.347598	-0.173424	0.921466	0.0	0.347777	-0.936494	-0.0450622	0.0	-2.57498	-0.11928	0.601855	0.0	-0.62902	0.518255	-0.579436	0.0	0.566126	-0.20543000000000003	-0.7983100000000001	0.0	-0.532762	-0.8301870000000001	-0.164179	0.0	1.85775	1.22465	-2.43444	0.0	
0	0.8917649999999999	0.398994	0.213444	0.0	-0.187606	-0.10324000000000001	0.9768040000000001	0.0	0.411775	-0.9111229999999999	-0.017212	0.0	-2.6397	-0.16985899999999998	0.555585	0.0	-0.630475	0.517333	-0.578677	0.0	0.565379	-0.204735	-0.799018	0.0	-0.531834	-0.830933	-0.16341	0.0	1.85602	1.21759	-2.44188	0.0	
0	0.813962	0.505446	-0.28634	0.0	0.232467	0.16831400000000002	0.95793	0.0	0.532377	-0.846283	0.0195012	0.0	-2.82298	-0.352529	0.47993500000000006	0.0	-0.632966	0.5149050000000001	-0.5781229999999999	0.0	0.563688	-0.205348	-0.8000550000000001	0.0	-0.530669	-0.832289	-0.16026700000000002	0.0	1.85172	1.20159	-2.43961	0.0	
0	0.7764220000000001	0.5169520000000001	-0.360456	0.0	0.291506	0.21250300000000003	0.932667	0.0	0.558742	-0.829218	0.014297299999999999	0.0	-2.89715	-0.415108	0.436151	0.0	-0.6345850000000001	0.513796	-0.577335	0.0	0.5623560000000001	-0.205454	-0.800964	0.0	-0.530148	-0.8329479999999999	-0.158558	0.0	1.84968	1.19679	-2.4380599999999997	0.0	
0	0.6872090000000001	0.5142770000000001	-0.513092	0.0	0.43595900000000004	0.273022	0.857554	0.0	0.581106	-0.813006	-0.036580800000000004	0.0	-3.174	-0.449734	0.25824899999999995	0.0	-0.6407689999999999	0.509023	-0.5747270000000001	0.0	0.5591470000000001	-0.20356300000000002	-0.80369	0.0	-0.52609	-0.8363360000000001	-0.15418199999999999	0.0	1.83624	1.17877	-2.4142099999999997	0.0	
0	0.602404	0.482505	-0.635844	0.0	0.5346270000000001	0.347607	0.770288	0.0	0.592692	-0.803964	-0.0485605	0.0	-3.3339300000000005	-0.42935200000000007	0.231548	0.0	-0.642545	0.507263	-0.5743	0.0	0.557567	-0.204585	-0.804528	0.0	-0.5256	-0.8371559999999999	-0.15137799999999998	0.0	1.83302	1.16509	-2.3972700000000002	0.0	
0	0.5831390000000001	0.46896099999999996	-0.663343	0.0	0.547416	0.376487	0.7473920000000001	0.0	0.600237	-0.798958	-0.037172699999999996	0.0	-3.3843699999999997	-0.42986800000000003	0.246192	0.0	-0.643096	0.506994	-0.573921	0.0	0.556605	-0.20526399999999997	-0.80502	0.0	-0.525946	-0.837152	-0.15019100000000002	0.0	1.82057	1.15664	-2.3644700000000003	0.0	
0	0.576966	0.467082	-0.670033	0.0	0.5445439999999999	0.391444	0.741784	0.0	0.608754	-0.7928470000000001	-0.0284966	0.0	-3.3506199999999997	-0.430893	0.24767600000000004	0.0	-0.6437649999999999	0.506498	-0.573609	0.0	0.556196	-0.205117	-0.80534	0.0	-0.52556	-0.8374889999999999	-0.14966500000000002	0.0	1.8165799999999999	1.1537899999999999	-2.3592299999999997	0.0	
0	0.552322	0.453021	-0.6997939999999999	0.0	0.543262	0.441117	0.71434	0.0	0.632303	-0.774718	-0.00247091	0.0	-3.17869	-0.42703800000000003	0.257903	0.0	-0.6469060000000001	0.504641	-0.571708	0.0	0.554424	-0.203496	-0.806972	0.0	-0.523571	-0.8390040000000001	-0.148142	0.0	1.80896	1.14878	-2.35815	0.0	
0	0.505713	0.43437200000000004	-0.745369	0.0	0.553077	0.499838	0.666534	0.0	0.662088	-0.749322	0.0125335	0.0	-3.04704	-0.430229	0.31404699999999997	0.0	-0.648528	0.503121	-0.57121	0.0	0.554606	-0.20166800000000001	-0.8073060000000001	0.0	-0.521368	-0.840356	-0.148247	0.0	1.8078900000000002	1.14495	-2.3611	0.0	
0	0.482707	0.426231	-0.765063	0.0	0.554561	0.527366	0.643698	0.0	0.677832	-0.734992	0.0181922	0.0	-2.99283	-0.436086	0.334248	0.0	-0.649345	0.502185	-0.571106	0.0	0.554361	-0.201525	-0.8075100000000001	0.0	-0.5206109999999999	-0.840951	-0.147532	0.0	1.8078400000000001	1.14258	-2.3647099999999996	0.0	
0	0.43342700000000006	0.449956	-0.780821	0.0	0.5400689999999999	0.563922	0.624754	0.0	0.721433	-0.692483	0.00141168	0.0	-2.8783	-0.497501	0.32794	0.0	-0.651193	0.5004850000000001	-0.570493	0.0	0.552072	-0.2034	-0.808607	0.0	-0.520734	-0.841513	-0.143851	0.0	1.7929599999999999	1.12856	-2.33777	0.0	
0	0.441116	0.518683	-0.732383	0.0	0.5272020000000001	0.510652	0.679185	0.0	0.726275	-0.685713	-0.0481943	0.0	-2.8477200000000003	-0.612791	0.13312000000000002	0.0	-0.655515	0.496554	-0.5689770000000001	0.0	0.547642	-0.206217	-0.8109029999999999	0.0	-0.519989	-0.8431540000000001	-0.136756	0.0	1.77078	1.1145200000000002	-2.28786	0.0	
0	0.500545	0.561948	-0.658535	0.0	0.50989	0.42337600000000003	0.748842	0.0	0.699619	-0.7106100000000001	-0.0746134	0.0	-2.8256	-0.656944	0.0042692	0.0	-0.657049	0.49533299999999997	-0.5682699999999999	0.0	0.545802	-0.20739000000000002	-0.811843	0.0	-0.519987	-0.843584	-0.134089	0.0	1.74902	1.10838	-2.27582	0.0	
0	0.566297	0.569872	-0.595445	0.0	0.496544	0.340735	0.798338	0.0	0.6578390000000001	-0.747761	-0.090009	0.0	-2.77549	-0.640263	-0.05237530000000001	0.0	-0.657641	0.494908	-0.5679569999999999	0.0	0.544975	-0.20797100000000002	-0.8122510000000001	0.0	-0.520108	-0.843691	-0.132942	0.0	1.73813	1.1085200000000002	-2.26968	0.0	
0	0.6417930000000001	0.546624	-0.53787	0.0	0.467609	0.27696	0.839425	0.0	0.6078180000000001	-0.79025	-0.0778552	0.0	-2.7311900000000002	-0.604034	-0.0743542	0.0	-0.6586529999999999	0.49409200000000003	-0.5674939999999999	0.0	0.5452819999999999	-0.20628400000000002	-0.812474	0.0	-0.518502	-0.844583	-0.133551	0.0	1.7301799999999998	1.10976	-2.27228	0.0	
0	0.644878	0.560891	-0.519166	0.0	0.462063	0.25496599999999997	0.849406	0.0	0.608794	-0.78765	-0.09474550000000001	0.0	-2.72233	-0.489041	-0.0242671	0.0	-0.657894	0.49469399999999997	-0.56785	0.0	0.54402	-0.209235	-0.812566	0.0	-0.520786	-0.8435040000000001	-0.131469	0.0	1.72758	1.11211	-2.2728	0.0	
0	0.6393	0.574285	-0.511364	0.0	0.46277299999999993	0.243758	0.8523040000000001	0.0	0.614115	-0.781523	-0.10993	0.0	-2.74131	-0.40981999999999996	0.00154477	0.0	-0.6577609999999999	0.49536199999999997	-0.567422	0.0	0.544242	-0.20823000000000003	-0.8126760000000001	0.0	-0.5207229999999999	-0.84336	-0.132632	0.0	1.72318	1.11115	-2.27164	0.0	
0	0.627816	0.601136	-0.49445200000000006	0.0	0.464354	0.220559	0.8577459999999999	0.0	0.624678	-0.768108	-0.14067000000000002	0.0	-2.71385	-0.22899899999999998	-0.0109411	0.0	-0.658312	0.496209	-0.566041	0.0	0.541199	-0.21065	-0.814083	0.0	-0.523191	-0.842261	-0.129874	0.0	1.71459	1.1091799999999998	-2.2642700000000002	0.0	
0	0.623311	0.6151479999999999	-0.48278000000000004	0.0	0.45904700000000004	0.21196700000000002	0.8627549999999999	0.0	0.633055	-0.7593840000000001	-0.15026	0.0	-2.6733700000000002	-0.08796810000000001	-0.0326872	0.0	-0.664203	0.494461	-0.560663	0.0	0.533885	-0.211213	-0.818753	0.0	-0.5232600000000001	-0.843147	-0.123697	0.0	1.66032	1.09934	-2.22402	0.0	
0	0.626204	0.613544	-0.481074	0.0	0.45542299999999997	0.212969	0.8644270000000001	0.0	0.632818	-0.7604	-0.146059	0.0	-2.65481	-0.0783648	-0.029073200000000004	0.0	-0.665695	0.493562	-0.559684	0.0	0.532552	-0.21115599999999998	-0.819635	0.0	-0.522722	-0.8436879999999999	-0.12228199999999999	0.0	1.6356899999999999	1.09504	-2.21569	0.0	
0	0.6377619999999999	0.6089979999999999	-0.47157200000000005	0.0	0.448971	0.203542	0.8700549999999999	0.0	0.625847	-0.7666109999999999	-0.143611	0.0	-2.63415	-0.09050549999999999	0.044805000000000005	0.00034526699999999996	-0.667809	0.49297700000000005	-0.557678	0.0	0.5307430000000001	-0.209925	-0.8211229999999999	0.0	-0.5218659999999999	-0.8443370000000001	-0.12145399999999999	0.0	1.58701	1.1000299999999998	-2.1958599999999997	0.0	
0	0.636551	0.609228	-0.47291099999999997	0.0	0.45246800000000004	0.201566	0.8687020000000001	0.0	0.62456	-0.76695	-0.14735	0.0	-2.63172	-0.0903786	0.047457099999999995	0.0	-0.668323	0.49292700000000006	-0.557106	0.0	0.531692	-0.207231	-0.8211930000000001	0.0	-0.520238	-0.845031	-0.12358800000000002	0.0	1.58669	1.09959	-2.20644	0.0	
0	0.637419	0.609403	-0.47151400000000004	0.0	0.45212399999999997	0.199704	0.8693110000000001	0.0	0.6239239999999999	-0.767299	-0.148231	0.0	-2.63821	-0.090776	0.050707	0.0	-0.66879	0.492213	-0.557177	0.0	0.532778	-0.20539699999999997	-0.820951	0.0	-0.518525	-0.8458959999999999	-0.124873	0.0	1.60673	1.094	-2.2225200000000003	0.0	
0	0.637799	0.609272	-0.47117	0.0	0.44996099999999994	0.201741	0.8699629999999999	0.0	0.6250979999999999	-0.7668689999999999	-0.145478	0.0	-2.64056	-0.0927553	0.050307099999999993	0.0	-0.669439	0.490882	-0.5575720000000001	0.0	0.533076	-0.20530700000000002	-0.820779	0.0	-0.517379	-0.8466899999999999	-0.12423699999999999	0.0	1.6258	1.09162	-2.2128900000000002	0.0	
0	0.638894	0.6090979999999999	-0.469909	0.0	0.444629	0.206107	0.8716799999999999	0.0	0.627789	-0.765846	-0.13914200000000002	0.0	-2.6345	-0.0978145	0.052477800000000005	0.0	-0.670856	0.489558	-0.557033	0.0	0.532734	-0.204396	-0.8212290000000001	0.0	-0.515895	-0.847676	-0.12368399999999999	0.0	1.63388	1.09121	-2.20883	0.0	
0	0.648649	0.6041489999999999	-0.46288	0.0	0.43414899999999995	0.205814	0.877015	0.0	0.625115	-0.769835	-0.12879000000000002	0.0	-2.64521	-0.136414	0.087021	0.0	-0.671547	0.489046	-0.556649	0.0	0.5339430000000001	-0.201479	-0.8211639999999999	0.0	-0.51374	-0.84867	-0.12582100000000002	0.0	1.6548599999999998	1.0888200000000001	-2.2170400000000003	0.0	
0	0.6501640000000001	0.60333	-0.461822	0.0	0.43263500000000005	0.205692	0.877792	0.0	0.624591	-0.770509	-0.127288	0.0	-2.6449	-0.14551	0.0913947	0.0	-0.671397	0.48890900000000004	-0.556951	0.0	0.534591	-0.200978	-0.820866	0.0	-0.513264	-0.848867	-0.126431	0.0	1.67032	1.08616	-2.21853	0.0	
0	0.653293	0.600973	-0.460478	0.0	0.430704	0.205197	0.878856	0.0	0.622657	-0.7724810000000001	-0.12478800000000001	0.0	-2.6454400000000002	-0.15424300000000002	0.09585060000000001	0.0	-0.670868	0.489787	-0.556816	0.0	0.535125	-0.200087	-0.820735	0.0	-0.513397	-0.8485719999999999	-0.127865	0.0	1.6874	1.07471	-2.24327	0.0	
0	0.655501	0.598691	-0.460312	0.0	0.430529	0.204525	0.879099	0.0	0.620454	-0.774428	-0.123688	0.0	-2.64807	-0.15799100000000002	0.09397910000000001	0.0	-0.6712060000000001	0.48964399999999997	-0.556535	0.0	0.5335	-0.202158	-0.8212860000000001	0.0	-0.514645	-0.8481629999999999	-0.12553599999999998	0.0	1.68927	1.06102	-2.24339	0.0	
0	0.6555	0.598692	-0.460313	0.0	0.43053	0.204525	0.8790979999999999	0.0	0.620455	-0.7744270000000001	-0.12368900000000001	0.0	-2.6480799999999998	-0.15798199999999998	0.0939904	0.0	-0.6712060000000001	0.48964399999999997	-0.556534	0.0	0.5335	-0.202157	-0.8212860000000001	0.0	-0.514645	-0.8481629999999999	-0.12553699999999998	0.0	1.68927	1.0610700000000002	-2.24341	0.0	
0	0.6554989999999999	0.598693	-0.460313	0.0	0.43053	0.204525	0.8790979999999999	0.0	0.620455	-0.7744270000000001	-0.12368900000000001	0.0	-2.6480799999999998	-0.15798199999999998	0.09399110000000001	0.0	-0.6712060000000001	0.48964399999999997	-0.556534	0.0	0.533501	-0.202156	-0.8212860000000001	0.0	-0.514645	-0.8481639999999999	-0.12553699999999998	0.0	1.68927	1.0610700000000002	-2.24341	0.0	
0	0.6554989999999999	0.598693	-0.460313	0.0	0.43053	0.204525	0.8790979999999999	0.0	0.620455	-0.7744270000000001	-0.12368900000000001	0.0	-2.6480799999999998	-0.15798199999999998	0.09399110000000001	0.0	-0.6712060000000001	0.48964399999999997	-0.556534	0.0	0.533501	-0.202156	-0.8212860000000001	0.0	-0.514645	-0.8481639999999999	-0.125538	0.0	1.68927	1.06108	-2.24341	0.0	
0	0.6554989999999999	0.598693	-0.460313	0.0	0.43053	0.204525	0.8790979999999999	0.0	0.620455	-0.7744270000000001	-0.12368900000000001	0.0	-2.6480799999999998	-0.15798199999999998	0.09399099999999999	0.0	-0.6712060000000001	0.48964399999999997	-0.556534	0.0	0.533501	-0.202156	-0.8212860000000001	0.0	-0.514645	-0.8481629999999999	-0.12553699999999998	0.0	1.68927	1.06108	-2.24341	0.0	
0	0.6554989999999999	0.598693	-0.460313	0.0	0.43053	0.204525	0.8790979999999999	0.0	0.620455	-0.7744270000000001	-0.12368900000000001	0.0	-2.6480799999999998	-0.15798199999999998	0.09399099999999999	0.0	-0.6712060000000001	0.48964399999999997	-0.556534	0.0	0.5335	-0.202157	-0.8212860000000001	0.0	-0.514645	-0.8481629999999999	-0.12553699999999998	0.0	1.68927	1.0610700000000002	-2.24341	0.0	
0	0.6554989999999999	0.598693	-0.460313	0.0	0.43053	0.204525	0.8790979999999999	0.0	0.620455	-0.7744270000000001	-0.12368900000000001	0.0	-2.6480799999999998	-0.15798199999999998	0.09399099999999999	0.0	-0.671207	0.489645	-0.556534	0.0	0.5335	-0.202157	-0.8212860000000001	0.0	-0.514645	-0.8481629999999999	-0.12553699999999998	0.0	1.68927	1.0610700000000002	-2.24341	0.0	
0	0.6554989999999999	0.598693	-0.460313	0.0	0.43053100000000005	0.204525	0.8790979999999999	0.0	0.620455	-0.7744270000000001	-0.12369000000000001	0.0	-2.6480799999999998	-0.15798199999999998	0.09399110000000001	0.0	-0.671207	0.48964399999999997	-0.556534	0.0	0.533501	-0.202156	-0.8212860000000001	0.0	-0.514645	-0.8481639999999999	-0.12553699999999998	0.0	1.68927	1.06108	-2.24341	0.0	
0	0.6554989999999999	0.598693	-0.460313	0.0	0.43053	0.204525	0.8790979999999999	0.0	0.620455	-0.7744270000000001	-0.12368900000000001	0.0	-2.6480799999999998	-0.15798199999999998	0.09399149999999999	0.0	-0.6712060000000001	0.489645	-0.556534	0.0	0.533501	-0.202156	-0.8212860000000001	0.0	-0.514645	-0.8481629999999999	-0.12553699999999998	0.0	1.68927	1.06108	-2.24341	0.0	
