0	0.593133	0.516197	-0.617846	0.0	0.684988	0.079707	0.7241810000000001	0.0	0.423067	-0.8527530000000001	-0.306312	0.0	-2.73968	2.0	1.46191	0.0	-0.593133	0.516197	-0.617847	0.0	0.751317	0.07909119999999999	-0.655185	0.0	-0.289338	-0.8528100000000001	-0.43473900000000004	0.0	2.66032	2.0	1.53809	0.0	
0	0.813883	0.512455	-0.273832	0.0	0.339908	-0.0377102	0.9397030000000001	0.0	0.471229	-0.857886	-0.204879	0.0	-2.73473	2.0362400000000003	1.37428	2.38419e-05	-0.593133	0.516197	-0.617846	0.0	0.751351	0.0791911	-0.655134	0.0	-0.28925	-0.852801	-0.434816	0.0	2.66032	2.0	1.53809	0.0	
0	0.851767	0.415042	-0.319738	0.0	0.309494	0.093819	0.946262	0.0	0.42273599999999995	-0.9049520000000001	-0.0485412	0.0	-2.5773599999999997	2.38908	0.971693	0.0	-0.593133	0.516197	-0.617847	0.0	0.751416	0.0793842	-0.655036	0.0	-0.28908	-0.852783	-0.434964	0.0	2.66032	2.0	1.53809	0.0	
0	0.8252649999999999	0.521456	-0.21684299999999998	0.0	0.277923	-0.0407468	0.9597389999999999	0.0	0.491626	-0.852305	-0.178552	0.0	-2.33435	2.87017	0.466116	0.19196300000000002	-0.593133	0.516197	-0.617846	0.0	0.751483	0.0795804	-0.654936	0.0	-0.288907	-0.852765	-0.435115	0.0	2.66032	2.0	1.53809	0.0	
0	0.756842	0.516288	-0.400796	0.0	0.48118999999999995	-0.0251513	0.8762559999999999	0.0	0.44231899999999996	-0.8560459999999999	-0.267468	0.0	-2.1801	3.15745	0.13109	0.00325894	-0.593133	0.516197	-0.617847	0.0	0.751548	0.0797738	-0.654837	0.0	-0.28873699999999997	-0.8527469999999999	-0.43526400000000004	0.0	2.66032	2.0	1.53809	0.0	
0	0.745749	0.501854	-0.438179	0.0	0.49554	0.0217738	0.8683120000000001	0.0	0.44530600000000004	-0.8646780000000001	-0.23245100000000002	0.0	-2.13788	3.1304	0.193232	0.0	-0.593133	0.516197	-0.617847	0.0	0.7516	0.07992619999999999	-0.654759	0.0	-0.288603	-0.8527319999999999	-0.435381	0.0	2.66032	2.0	1.53809	0.0	
0	0.795473	0.558834	-0.234364	0.0	0.350844	-0.109375	0.930025	0.0	0.494096	-0.8220350000000001	-0.283068	0.0	-2.0807599999999997	3.20053	0.10974	0.0	-0.593133	0.516197	-0.617846	0.0	0.751648	0.0800674	-0.654687	0.0	-0.288478	-0.852719	-0.435489	0.0	2.66032	2.0	1.53809	0.0	
0	0.843942	0.535188	-0.03653869999999999	0.0	0.204459	-0.257945	0.9442780000000001	0.0	0.495942	-0.804387	-0.32711399999999996	0.0	-2.16127	3.33241	0.06690789999999999	0.22577399999999997	-0.593133	0.516197	-0.617847	0.0	0.751685	0.0801775	-0.6546310000000001	0.0	-0.288381	-0.852709	-0.43557399999999996	0.0	2.66032	2.0	1.53809	0.0	
0	0.848068	0.529299	0.0249867	0.0	0.16316	-0.305705	0.938042	0.0	0.504143	-0.791447	-0.345619	0.0	-2.21794	3.45152	0.08155950000000001	0.23399899999999998	-0.593133	0.516197	-0.617847	0.0	0.751726	0.08029839999999999	-0.654569	0.0	-0.288274	-0.8526969999999999	-0.435667	0.0	2.66032	2.0	1.53809	0.0	
0	0.8601840000000001	0.509867	0.010920399999999999	0.0	0.16308699999999998	-0.295302	0.9413819999999999	0.0	0.483205	-0.8079810000000001	-0.33716599999999997	0.0	-2.25051	3.50559	0.134154	-0.0102131	-0.593133	0.516197	-0.617846	0.0	0.751763	0.080407	-0.654514	0.0	-0.288179	-0.8526870000000001	-0.43575	0.0	2.66032	2.0	1.53809	0.0	
0	0.887177	0.45866899999999994	-0.0503923	0.0	0.16839200000000001	-0.220148	0.960822	0.0	0.42960600000000004	-0.8609049999999999	-0.272546	0.0	-2.34825	3.44056	0.304723	0.0	-0.593133	0.516197	-0.617847	0.0	0.751801	0.0805208	-0.654455	0.0	-0.288078	-0.852676	-0.435837	0.0	2.66032	2.0	1.53809	0.0	
0	0.8937719999999999	0.446258	0.0450074	0.0	0.059555399999999994	-0.21753499999999998	0.974234	0.0	0.44455	-0.8680629999999999	-0.221004	0.0	-2.39414	3.3470800000000005	0.42878999999999995	8.15065e-05	-0.593133	0.516197	-0.617847	0.0	0.751847	0.08065689999999999	-0.6543859999999999	0.0	-0.287958	-0.852664	-0.435942	0.0	2.66032	2.0	1.53809	0.0	
0	0.9035059999999999	0.42499499999999996	0.0552816	0.0	0.0483333	-0.22921	0.9721770000000001	0.0	0.42584099999999997	-0.8756950000000001	-0.227634	0.0	-2.46371	3.35892	0.400789	0.0	-0.593133	0.516197	-0.617847	0.0	0.751884	0.0807664	-0.65433	0.0	-0.287862	-0.8526530000000001	-0.436026	0.0	2.66032	2.0	1.53809	0.0	
0	0.916784	0.39271799999999996	0.07266929999999999	0.0	0.0194993	-0.22575	0.9739899999999999	0.0	0.398908	-0.8915209999999999	-0.214621	0.0	-2.48129	3.31554	0.451693	0.0	-0.593133	0.516197	-0.617847	0.0	0.751919	0.0808707	-0.654276	0.0	-0.28776999999999997	-0.852643	-0.43610600000000005	0.0	2.66032	2.0	1.53809	0.0	
0	0.9262600000000001	0.358095	0.117521	0.0	-0.041005	-0.214218	0.975925	0.0	0.37464899999999995	-0.9087790000000001	-0.18373699999999998	0.0	-2.4184400000000004	3.20985	0.524924	0.00034526699999999996	-0.593133	0.516197	-0.617846	0.0	0.7519560000000001	0.0809799	-0.654221	0.0	-0.287674	-0.852633	-0.43618900000000005	0.0	2.66032	2.0	1.53809	0.0	
0	0.942241	0.269884	0.198354	0.0	-0.168271	-0.13061	0.97705	0.0	0.289597	-0.953993	-0.077653	0.0	-2.2680599999999997	2.83272	0.728144	0.0	-0.593133	0.516197	-0.617847	0.0	0.752007	0.08113	-0.654144	0.0	-0.287541	-0.852619	-0.436305	0.0	2.66032	2.0	1.53809	0.0	
0	0.941926	0.246948	0.227579	0.0	-0.205152	-0.11338699999999999	0.97214	0.0	0.265872	-0.9623719999999999	-0.0561401	0.0	-2.1770099999999997	2.65867	0.842776	0.0	-0.593132	0.516197	-0.617846	0.0	0.752041	0.0812329	-0.654091	0.0	-0.287451	-0.8526090000000001	-0.43638299999999997	0.0	2.66032	2.0	1.53809	0.0	
0	0.9300930000000001	0.23605500000000001	0.281433	0.0	-0.240918	-0.186339	0.95249	0.0	0.27728200000000003	-0.9537059999999999	-0.116442	0.0	-2.07036	2.6468	0.811141	0.0	-0.593132	0.516197	-0.617846	0.0	0.752081	0.08135099999999999	-0.654031	0.0	-0.287346	-0.8525969999999999	-0.436474	0.0	2.66032	2.0	1.53809	0.0	
0	0.916383	0.218572	0.335364	0.0	-0.29252	-0.206269	0.9337479999999999	0.0	0.273267	-0.9537709999999999	-0.125085	0.0	-1.9720400000000002	2.6741	0.738693	0.111198	-0.593133	0.516197	-0.617846	0.0	0.7521260000000001	0.0814829	-0.653963	0.0	-0.28723000000000004	-0.852585	-0.436576	0.0	2.66032	2.0	1.53809	0.0	
0	0.9133450000000001	0.192044	0.359054	0.0	-0.320127	-0.206269	0.9246469999999999	0.0	0.251634	-0.959465	-0.126916	0.0	-1.9413900000000002	2.62248	0.7065279999999999	0.173274	-0.593133	0.516197	-0.617846	0.0	0.75216	0.08158560000000001	-0.653911	0.0	-0.287139	-0.852575	-0.436654	0.0	2.66032	2.0	1.53809	0.0	
0	0.9178719999999999	0.164249	0.361292	0.0	-0.327217	-0.201956	0.9231159999999999	0.0	0.22458699999999998	-0.9655239999999999	-0.131625	0.0	-1.9099099999999998	2.48329	0.755363	0.026193400000000002	-0.593133	0.516197	-0.617847	0.0	0.752202	0.08171089999999999	-0.653846	0.0	-0.287029	-0.852563	-0.43675	0.0	2.66032	2.0	1.53809	0.0	
0	0.922533	0.137391	0.360634	0.0	-0.355473	-0.061278	0.9326760000000001	0.0	0.15024	-0.98862	-0.00769238	0.0	-1.93077	2.26625	0.9039299999999999	0.000143051	-0.593132	0.516197	-0.617846	0.0	0.752238	0.0818175	-0.653792	0.0	-0.286935	-0.8525530000000001	-0.436832	0.0	2.66032	2.0	1.53809	0.0	
0	0.922399	0.138096	0.360707	0.0	-0.35586999999999996	-0.059120400000000004	0.9326639999999999	0.0	0.150122	-0.9886530000000001	-0.00538841	0.0	-1.9492200000000002	2.1889	0.962935	0.0	-0.593133	0.516197	-0.617847	0.0	0.752273	0.0819207	-0.6537390000000001	0.0	-0.286844	-0.852543	-0.436911	0.0	2.66032	2.0	1.53809	0.0	
0	0.9223	0.149927	0.35620999999999997	0.0	-0.34334499999999996	-0.10525699999999999	0.933293	0.0	0.177419	-0.9830780000000001	-0.0456017	0.0	-1.9752900000000002	2.22903	0.8628290000000001	0.0	-0.593133	0.516197	-0.617846	0.0	0.752308	0.0820251	-0.6536850000000001	0.0	-0.286752	-0.852533	-0.43699099999999996	0.0	2.66032	2.0	1.53809	0.0	
0	0.920635	0.176263	0.348371	0.0	-0.32817399999999997	-0.13401	0.9350629999999999	0.0	0.211502	-0.9751780000000001	-0.0655298	0.0	-1.99527	2.33235	0.78994	0.0	-0.593133	0.516197	-0.617846	0.0	0.7523449999999999	0.08213560000000002	-0.653629	0.0	-0.286654	-0.8525219999999999	-0.437076	0.0	2.66032	2.0	1.53809	0.0	
0	0.9164200000000001	0.198239	0.347673	0.0	-0.319154	-0.162184	0.9337219999999999	0.0	0.24148699999999998	-0.966643	-0.0853595	0.0	-1.97917	2.4552	0.751965	0.0	-0.593133	0.516197	-0.617846	0.0	0.752383	0.0822471	-0.653572	0.0	-0.286556	-0.852512	-0.43716099999999997	0.0	2.66032	2.0	1.53809	0.0	
0	0.914877	0.205607	0.347456	0.0	-0.316209	-0.170175	0.9333020000000001	0.0	0.25102199999999997	-0.963725	-0.0906742	0.0	-1.97377	2.52707	0.748578	0.0	-0.593133	0.516197	-0.617846	0.0	0.752419	0.0823562	-0.653516	0.0	-0.286459	-0.8525010000000001	-0.437245	0.0	2.66032	2.0	1.53809	0.0	
0	0.916112	0.200897	0.346958	0.0	-0.315008	-0.174655	0.9328799999999999	0.0	0.248011	-0.963917	-0.0967192	0.0	-1.97468	2.54798	0.7492880000000001	0.0	-0.593132	0.516197	-0.617846	0.0	0.7524569999999999	0.0824697	-0.653457	0.0	-0.28635900000000003	-0.85249	-0.437332	0.0	2.66032	2.0	1.53809	0.0	
0	0.917587	0.192228	0.347968	0.0	-0.315688	-0.179641	0.9317030000000001	0.0	0.24160900000000002	-0.9647680000000001	-0.104152	0.0	-1.97186	2.55989	0.7432529999999999	0.0	-0.593133	0.516197	-0.617847	0.0	0.75249	0.082566	-0.653408	0.0	-0.286274	-0.8524809999999999	-0.437406	0.0	2.66032	2.0	1.53809	0.0	
0	0.9201590000000001	0.185687	0.34471399999999996	0.0	-0.313362	-0.178616	0.932685	0.0	0.23475900000000002	-0.966239	-0.10616800000000001	0.0	-1.9853599999999998	2.56399	0.738618	0.0	-0.593133	0.516197	-0.617846	0.0	0.752526	0.082673	-0.653353	0.0	-0.28618000000000005	-0.8524700000000001	-0.437488	0.0	2.66032	2.0	1.53809	0.0	
0	0.9219629999999999	0.18153699999999998	0.342094	0.0	-0.31102199999999997	-0.179253	0.9333459999999999	0.0	0.230758	-0.966909	-0.108802	0.0	-2.01261	2.56765	0.720699	0.0	-0.593133	0.516197	-0.617847	0.0	0.752564	0.08278719999999999	-0.6532939999999999	0.0	-0.28607899999999997	-0.852459	-0.437576	0.0	2.66032	2.0	1.53809	0.0	
0	0.923054	0.179675	0.34013000000000004	0.0	-0.309338	-0.178871	0.9339780000000001	0.0	0.228652	-0.967327	-0.109527	0.0	-2.02808	2.58486	0.674075	0.0	-0.593133	0.516197	-0.617846	0.0	0.752598	0.08288910000000001	-0.653242	0.0	-0.285989	-0.852449	-0.437654	0.0	2.66032	2.0	1.53809	0.0	
0	0.9238569999999999	0.179398	0.338089	0.0	-0.30785999999999997	-0.176511	0.9349149999999999	0.0	0.227398	-0.9678120000000001	-0.107841	0.0	-2.0556900000000002	2.58914	0.65777	0.0	-0.0799627	0.833957	-0.546006	0.0	0.15019000000000002	-0.5314260000000001	-0.833684	0.0	-0.985418	-0.148668	-0.08275779999999999	0.0	2.58826	1.94245	1.73072	0.00236917	
0	0.923851	0.179288	0.33816399999999996	0.0	-0.308539	-0.173993	0.935163	0.0	0.22650100000000004	-0.9682879999999999	-0.10542699999999999	0.0	-2.0632099999999998	2.58712	0.661179	0.0	-0.058779	0.792408	-0.6071529999999999	0.0	-0.0065023	-0.608496	-0.7935300000000001	0.0	-0.99825	-0.042695	0.0409191	0.0	2.57868	1.9198099999999998	2.0842	0.0	
0	0.9240120000000001	0.177357	0.338742	0.0	-0.309102	-0.175003	0.934789	0.0	0.22507199999999997	-0.968462	-0.10688399999999999	0.0	-2.06255	2.57919	0.680666	0.0	0.16711600000000001	0.628256	-0.759846	0.0	-0.168722	-0.741092	-0.649858	0.0	-0.9713930000000001	0.23680500000000002	-0.017847799999999997	0.0	2.68741	2.3433900000000003	1.9169599999999998	0.0	
0	0.924745	0.17665799999999998	0.337104	0.0	-0.30806	-0.172683	0.935564	0.0	0.223487	-0.9690059999999999	-0.10526600000000001	0.0	-2.06153	2.56718	0.7101149999999999	0.0	0.224555	0.366728	-0.9028209999999999	0.0	-0.31326	-0.850138	-0.42324300000000004	0.0	-0.922737	0.377859	-0.0760216	0.0	2.94354	2.6524799999999997	1.6373799999999998	0.299651	
0	0.924516	0.179507	0.33622399999999997	0.0	-0.30745500000000003	-0.17011400000000002	0.936233	0.0	0.225257	-0.968937	-0.102082	0.0	-2.05639	2.56028	0.729643	0.0	0.149648	0.142468	-0.9784219999999999	0.0	-0.360784	-0.913466	-0.188191	0.0	-0.920565	0.381161	-0.0852985	0.0	3.04838	2.5665299999999998	1.51836	0.00337108	
0	0.9243620000000001	0.181446	0.335608	0.0	-0.307334	-0.16708	0.9368190000000001	0.0	0.226056	-0.969103	-0.098678	0.0	-2.03865	2.55809	0.732382	0.0	0.138325	0.19034	-0.971924	0.0	-0.32158600000000004	-0.919551	-0.22585100000000002	0.0	-0.9367219999999999	0.343798	-0.0659866	0.0	2.9752400000000003	2.4209	1.52134	0.0	
0	0.924687	0.17635	0.33742300000000003	0.0	-0.308861	-0.170746	0.9356549999999999	0.0	0.22261599999999998	-0.969405	-0.10341900000000001	0.0	-2.0316	2.5588	0.736741	0.0	0.195322	0.26303000000000004	-0.944809	0.0	-0.315296	-0.895382	-0.314452	0.0	-0.928675	0.35931399999999997	-0.0919556	0.0	2.96184	2.40999	1.4566299999999999	0.0	
0	0.926483	0.175293	0.333019	0.0	-0.305463	-0.166604	0.937516	0.0	0.219822	-0.970317	-0.10081	0.0	-2.06537	2.55494	0.745441	0.0	0.186671	0.351916	-0.9172290000000001	0.0	-0.22891	-0.8923620000000001	-0.388962	0.0	-0.955382	0.282571	-0.0860215	0.0	2.9443799999999998	2.3201	1.42406	0.00117882	
0	0.926552	0.176314	0.332287	0.0	-0.30541999999999997	-0.163055	0.938153	0.0	0.21959099999999998	-0.970735	-0.0972293	0.0	-2.0794200000000003	2.55404	0.747402	0.0	0.0869397	0.6650119999999999	-0.7417560000000001	0.0	0.06869580000000002	-0.746805	-0.661486	0.0	-0.993842	0.00655398	-0.11061099999999999	0.0	2.84809	2.09387	1.608	0.0	
0	0.9267610000000001	0.175545	0.33211199999999996	0.0	-0.305341	-0.162962	0.9381950000000001	0.0	0.218817	-0.9708899999999999	-0.09742630000000001	0.0	-2.08327	2.55396	0.752753	0.0	-0.429408	0.859901	-0.276005	0.0	0.38960900000000004	-0.0993264	-0.915609	0.0	-0.814747	-0.500704	-0.292373	0.0	2.53045	1.70025	1.74122	0.0	
0	0.927309	0.167856	0.334548	0.0	-0.306881	-0.170771	0.9363020000000001	0.0	0.21429499999999999	-0.970908	-0.10684500000000001	0.0	-2.08263	2.56882	0.736923	0.0	-0.764454	0.643109	0.0449559	0.0	0.246716	0.356267	-0.901224	0.0	-0.5956020000000001	-0.677854	-0.431015	0.0	2.42795	1.39152	1.6751099999999999	0.0	
0	0.9300579999999999	0.156202	0.332556	0.0	-0.303902	-0.181627	0.9352299999999999	0.0	0.206486	-0.970882	-0.12145399999999999	0.0	-2.1061900000000002	2.58492	0.675662	0.0	-0.859964	0.49549	0.12228199999999999	0.0	0.152802	0.47858599999999996	-0.864643	0.0	-0.48694399999999993	-0.7248760000000001	-0.487278	0.0	2.22432	1.30961	1.7140799999999998	0.0	
0	0.93168	0.147579	0.331952	0.0	-0.302744	-0.189644	0.9340139999999999	0.0	0.200793	-0.970699	-0.132009	0.0	-2.14465	2.5888299999999997	0.637687	0.0	-0.910441	0.380845	0.161418	0.0	0.0615895	0.5107	-0.85755	0.0	-0.409029	-0.770807	-0.488418	0.0	2.05418	1.0929799999999998	1.79582	-0.000168562	
0	0.9321969999999999	0.14548699999999998	0.331424	0.0	-0.30275599999999997	-0.188393	0.934263	0.0	0.19836099999999998	-0.971258	-0.131572	0.0	-2.1537	2.56917	0.614685	0.00014301399999999998	-0.9303299999999999	0.326187	0.167597	0.0	0.0225204	0.506966	-0.8616719999999999	0.0	-0.366032	-0.7978649999999999	-0.478991	0.0	1.93527	0.94315	1.89283	0.0	
0	0.93189	0.14260499999999998	0.33353499999999997	0.0	-0.30444	-0.192459	0.9328860000000001	0.0	0.197225	-0.970888	-0.135936	0.0	-2.15334	2.54168	0.6025020000000001	0.0	-0.9547549999999999	0.297075	0.0137696	0.0	0.136997	0.48044	-0.8662620000000001	0.0	-0.26396	-0.8251809999999999	-0.49940100000000004	0.0	1.8769	0.859504	1.92071	0.0	
0	0.9329069999999999	0.12659700000000002	0.33713000000000004	0.0	-0.307675	-0.20628200000000002	0.928861	0.0	0.187135	-0.970268	-0.15349100000000002	0.0	-2.14315	2.50909	0.578723	0.0	-0.936059	0.326836	-0.130275	0.0	0.27020700000000003	0.430633	-0.861129	0.0	-0.225348	-0.841269	-0.491412	0.0	1.93613	0.740532	1.9292599999999998	0.0	
0	0.934249	0.11566199999999999	0.33734400000000003	0.0	-0.305895	-0.226361	0.9247639999999999	0.0	0.183321	-0.967152	-0.176097	0.0	-2.1653599999999997	2.48231	0.48448199999999997	0.0	-0.9206690000000001	0.37451999999999996	-0.110018	0.0	0.287802	0.460887	-0.8394959999999999	0.0	-0.263702	-0.804561	-0.532112	0.0	1.9577200000000001	0.8392120000000001	1.7593	0.0	
0	0.9325120000000001	0.10406800000000001	0.34581999999999996	0.0	-0.31147600000000003	-0.252853	0.9159959999999999	0.0	0.182767	-0.961892	-0.203374	0.0	-2.17334	2.45269	0.387996	0.0	-0.930262	0.365072	-0.036531	0.0	0.242488	0.5370520000000001	-0.807945	0.0	-0.275339	-0.760459	-0.588125	0.0	1.96603	0.942249	1.57444	0.0	
0	0.927478	0.0837887	0.364367	0.0	-0.33059299999999997	-0.271377	0.9039149999999999	0.0	0.174619	-0.9588190000000001	-0.22399699999999997	0.0	-2.15993	2.42835	0.33776	0.09453710000000001	-0.9316709999999999	0.361218	-0.038872199999999996	0.0	0.24648299999999998	0.549856	-0.798063	0.0	-0.266901	-0.753113	-0.6013189999999999	0.0	1.98222	0.958233	1.4692	0.0	
0	0.9281370000000001	0.0507509	0.368763	0.0	-0.34344	-0.265329	0.9009159999999999	0.0	0.143566	-0.9628209999999999	-0.228832	0.0	-2.19849	2.38632	0.272163	0.0707205	-0.914283	0.401019	-0.0571904	0.0	0.263202	0.480792	-0.836399	0.0	-0.30791599999999997	-0.779758	-0.545129	0.0	1.99312	0.896359	1.4839	0.0	
0	0.9323319999999999	0.0138922	0.361336	0.0	-0.34938600000000003	-0.22293400000000002	0.9100719999999999	0.0	0.09319680000000001	-0.974735	-0.202995	0.0	-2.31868	2.28293	0.251732	-0.000143051	-0.945262	0.323635	-0.0417273	0.0	0.192376	0.449409	-0.872366	0.0	-0.26357600000000003	-0.832642	-0.487069	0.0	1.9914599999999998	0.8010229999999999	1.53874	0.0	
0	0.9284209999999999	0.0188014	0.371054	0.0	-0.36391599999999996	-0.155132	0.918422	0.0	0.07483	-0.987715	-0.137186	0.0	-2.42659	2.10847	0.348294	-0.00034526699999999996	-0.9611719999999999	0.275905	-0.00513106	0.0	0.125123	0.41916800000000004	-0.8992459999999999	0.0	-0.245955	-0.8649709999999999	-0.43741499999999994	0.0	2.04976	0.6997439999999999	1.6194600000000001	0.0	
0	0.925537	0.0293733	0.37751599999999996	0.0	-0.370674	-0.133355	0.9191389999999999	0.0	0.07734169999999999	-0.990633	-0.11253699999999998	0.0	-2.46053	2.02052	0.38497800000000004	0.0	-0.9560299999999999	0.293013	-0.0122176	0.0	0.135164	0.403269	-0.9050440000000001	0.0	-0.260263	-0.866901	-0.425142	0.0	2.0634	0.690423	1.70633	0.0	
0	0.9188459999999999	0.041452800000000005	0.392433	0.0	-0.386563	-0.10533699999999999	0.916228	0.0	0.0793178	-0.9935719999999999	-0.0807642	0.0	-2.4735099999999997	1.94934	0.452304	0.0	-0.952358	0.302767	-0.036687	0.0	0.156949	0.38340100000000005	-0.910149	0.0	-0.261497	-0.8725459999999999	-0.412654	0.0	2.0592799999999998	0.722256	1.7449700000000001	0.0	
0	0.883222	0.11143099999999999	0.455525	0.0	-0.45501	-0.0315027	0.8899290000000001	0.0	0.113516	-0.993273	0.022878299999999997	0.0	-2.42207	1.7894400000000001	0.655849	0.0	-0.9192540000000001	0.376617	-0.11459200000000001	0.0	0.23504899999999998	0.291593	-0.927214	0.0	-0.31579	-0.87928	-0.356572	0.0	2.02071	0.742677	1.8905299999999998	0.0	
0	0.8411069999999999	0.16608	0.51474	0.0	-0.520856	-0.00777137	0.8536090000000001	0.0	0.145767	-0.986082	0.0799671	0.0	-2.30748	1.70192	0.7890689999999999	0.0	-0.8937809999999999	0.417781	-0.16314	0.0	0.286864	0.252892	-0.9239879999999999	0.0	-0.34476799999999996	-0.872642	-0.345877	0.0	1.98298	0.760734	1.9518900000000001	0.0	
0	0.774068	0.226333	0.591263	0.0	-0.605414	-0.00854433	0.7958649999999999	0.0	0.18518199999999999	-0.9740129999999999	0.130411	0.0	-2.12406	1.61477	0.969139	0.137714	-0.8947870000000001	0.41542299999999993	-0.163645	0.0	0.288738	0.258815	-0.9217620000000001	0.0	-0.340568	-0.872031	-0.351532	0.0	1.95943	0.780466	1.9265599999999998	0.0	
0	0.737189	0.248545	0.628313	0.0	-0.640018	-0.0412739	0.76725	0.0	0.216629	-0.9677399999999999	0.128647	0.0	-2.0388900000000003	1.59207	0.992816	0.10933	-0.8907959999999999	0.423425	-0.164908	0.0	0.290055	0.250488	-0.9236469999999999	0.0	-0.349787	-0.870613	-0.34595	0.0	1.9845400000000002	0.767659	1.91694	0.0	
0	0.6229819999999999	0.392121	0.676856	0.0	-0.676743	-0.163793	0.7177680000000001	0.0	0.392316	-0.905214	0.163325	0.0	-1.99092	1.57444	0.904998	0.00327527	-0.887044	0.43013900000000005	-0.167727	0.0	0.293083	0.243927	-0.9244469999999999	0.0	-0.35672800000000005	-0.869183	-0.34244	0.0	1.99639	0.763551	1.91035	0.0	
0	0.528643	0.511914	0.6771119999999999	0.0	-0.652855	-0.26461599999999996	0.7097600000000001	0.0	0.542511	-0.8172649999999999	0.19431800000000002	0.0	-1.8772799999999998	1.60144	0.832253	0.0	-0.8862040000000001	0.43153100000000005	-0.168595	0.0	0.291086	0.235515	-0.9272549999999999	0.0	-0.36043200000000003	-0.870813	-0.334327	0.0	1.99377	0.744133	1.91143	0.0	
0	0.5458	0.49267700000000003	0.67777	0.0	-0.6521939999999999	-0.25804699999999997	0.71278	0.0	0.5260670000000001	-0.831073	0.180478	0.0	-1.9472900000000002	1.56494	0.727038	0.0	-0.885891	0.433604	-0.164879	0.0	0.285991	0.230648	-0.930059	0.0	-0.365248	-0.871085	-0.328336	0.0	1.9888099999999997	0.726776	1.9305599999999998	0.0	
0	0.551311	0.478786	0.683242	0.0	-0.6527649999999999	-0.262464	0.710642	0.0	0.519572	-0.837781	0.16783599999999999	0.0	-2.04861	1.5139200000000002	0.653058	-0.00034523	-0.885282	0.435176	-0.164007	0.0	0.284717	0.228323	-0.931024	0.0	-0.367712	-0.870914	-0.32603200000000004	0.0	1.97348	0.722935	1.94061	0.0	
0	0.608001	0.385822	0.6938850000000001	0.0	-0.663829	-0.23237	0.71087	0.0	0.435507	-0.8928299999999999	0.11483800000000001	0.0	-2.07654	1.52354	0.6445270000000001	0.0	-0.882666	0.43718599999999996	-0.172536	0.0	0.286142	0.20863600000000002	-0.935197	0.0	-0.37285799999999997	-0.8748370000000001	-0.309253	0.0	1.96243	0.704449	1.9818200000000001	0.0	
0	0.640342	0.300706	0.70678	0.0	-0.674485	-0.220086	0.704721	0.0	0.367467	-0.927975	0.0618914	0.0	-2.07145	1.5337399999999999	0.6422770000000001	0.0	-0.8763280000000001	0.447158	-0.17916400000000002	0.0	0.29280900000000004	0.199128	-0.935206	0.0	-0.382508	-0.872008	-0.30543400000000004	0.0	1.96	0.715685	2.02526	0.0	
0	0.677872	0.175799	0.713852	0.0	-0.686533	-0.19597	0.700192	0.0	0.262986	-0.964723	-0.0121505	0.0	-2.01916	1.44547	0.5821569999999999	0.0	-0.8780389999999999	0.444858	-0.176489	0.0	0.289054	0.199022	-0.9363959999999999	0.0	-0.381438	-0.873208	-0.303338	0.0	1.95443	0.746347	2.0403599999999997	0.0	
0	0.689962	0.155444	0.706958	0.0	-0.6852	-0.174601	0.707118	0.0	0.23335300000000003	-0.972292	-0.0139579	0.0	-2.0007900000000003	1.35651	0.521944	0.0	-0.8789969999999999	0.44224399999999997	-0.178282	0.0	0.289418	0.197683	-0.936567	0.0	-0.378948	-0.8748379999999999	-0.301757	0.0	1.9596200000000001	0.74746	2.03629	0.0	
0	0.708917	0.114301	0.695969	0.0	-0.681387	-0.14373699999999998	0.7176710000000001	0.0	0.182067	-0.982993	-0.0240142	0.0	-2.06568	1.06694	0.338054	0.0	-0.879851	0.43979399999999996	-0.180118	0.0	0.28889000000000004	0.193997	-0.937501	0.0	-0.377365	-0.8768959999999999	-0.297741	0.0	1.9703	0.737891	2.04291	0.0	
0	0.722695	0.11052100000000001	0.6822739999999999	0.0	-0.668215	-0.14055	0.730571	0.0	0.176637	-0.983886	-0.027722800000000002	0.0	-2.1938	0.773629	0.11596600000000001	0.0	-0.8806799999999999	0.43870600000000004	-0.178721	0.0	0.2861	0.191886	-0.93879	0.0	-0.377558	-0.8779049999999999	-0.294504	0.0	1.96868	0.723507	2.04762	0.0	
0	0.7273	0.115435	0.676542	0.0	-0.662637	-0.13860999999999998	0.736002	0.0	0.17873599999999998	-0.9835969999999999	-0.0243195	0.0	-2.2408200000000003	0.7103010000000001	0.059213	0.0	-0.883441	0.43422200000000005	-0.176022	0.0	0.281427	0.1914	-0.940301	0.0	-0.374608	-0.880238	-0.291292	0.0	1.96323	0.707829	2.04965	0.0	
0	0.732966	0.13038	0.667654	0.0	-0.654166	-0.134163	0.7443569999999999	0.0	0.186623	-0.982345	-0.013046700000000001	0.0	-2.3052599999999996	0.6462640000000001	-0.019042	0.0	-0.8908379999999999	0.426069	-0.157712	0.0	0.262837	0.200177	-0.943846	0.0	-0.370573	-0.882267	-0.290312	0.0	1.94144	0.6440819999999999	2.0409200000000003	0.0	
0	0.7359979999999999	0.136481	0.663083	0.0	-0.649005	-0.136426	0.748452	0.0	0.19261099999999998	-0.9812040000000001	-0.0118326	0.0	-2.31218	0.659944	-0.0218897	0.0	-0.889683	0.43162700000000004	-0.148869	0.0	0.258818	0.20816199999999999	-0.9432299999999999	0.0	-0.376135	-0.877705	-0.29691100000000004	0.0	1.93773	0.620452	2.035	0.0	
0	0.734962	0.13839500000000002	0.663836	0.0	-0.649694	-0.136703	0.747804	0.0	0.194241	-0.9808969999999999	-0.0105567	0.0	-2.30904	0.6740510000000001	-0.00546786	0.00034526699999999996	-0.894849	0.42354899999999995	-0.140895	0.0	0.245692	0.203836	-0.947674	0.0	-0.372667	-0.882642	-0.286466	0.0	1.8974099999999998	0.495813	1.9844700000000002	0.0	
0	0.7350300000000001	0.138961	0.663642	0.0	-0.649515	-0.136577	0.7479819999999999	0.0	0.194579	-0.980835	-0.0101306	0.0	-2.26189	0.666261	0.0223637	0.0	-0.895332	0.42157700000000004	-0.14371199999999998	0.0	0.24416500000000002	0.194708	-0.9499850000000001	0.0	-0.37251	-0.885642	-0.277262	0.0	1.8732099999999998	0.402596	1.9647	0.0	
0	0.735996	0.147034	0.660826	0.0	-0.647738	-0.13087000000000001	0.7505390000000001	0.0	0.19683699999999998	-0.9804360000000001	-0.00108029	0.0	-2.24467	0.640534	0.0185757	0.0	-0.895807	0.42027600000000004	-0.144562	0.0	0.24338400000000002	0.191721	-0.950793	0.0	-0.37188000000000004	-0.886911	-0.27403299999999997	0.0	1.86739	0.390256	1.9544	0.0	
0	0.7394350000000001	0.147903	0.65678	0.0	-0.649228	-0.101506	0.753791	0.0	0.178155	-0.9837790000000001	0.020966099999999998	0.0	-2.24816	0.471747	0.00628942	0.0	-0.8967	0.418307	-0.144733	0.0	0.24338400000000002	0.192834	-0.9505680000000001	0.0	-0.36972	-0.8876	-0.27472399999999997	0.0	1.86516	0.401946	1.93078	0.0	
0	0.7405229999999999	0.146179	0.65594	0.0	-0.650563	-0.0888003	0.754243	0.0	0.16850199999999999	-0.985265	0.0293399	0.0	-2.26402	0.378946	-0.0124826	0.0	-0.896904	0.418019	-0.144308	0.0	0.24308600000000002	0.193429	-0.950523	0.0	-0.369423	-0.8876069999999999	-0.275102	0.0	1.8686099999999999	0.41085299999999997	1.93297	0.0	
0	0.744479	0.13032	0.654803	0.0	-0.647285	-0.09947450000000001	0.755729	0.0	0.163623	-0.986469	0.0102973	0.0	-2.3069	0.179169	-0.0955732	0.0	-0.897658	0.414958	-0.148394	0.0	0.24566500000000002	0.19162200000000001	-0.950226	0.0	-0.36586799999999997	-0.889433	-0.273951	0.0	1.88465	0.445957	1.95485	0.0	
0	0.746005	0.11901800000000001	0.6552180000000001	0.0	-0.645962	-0.10986300000000002	0.755423	0.0	0.161893	-0.9867950000000001	-0.00507769	0.0	-2.31568	0.126364	-0.12391500000000001	0.0	-0.89718	0.41556000000000004	-0.149595	0.0	0.247898	0.193481	-0.949269	0.0	-0.365534	-0.888749	-0.276604	0.0	1.89473	0.458557	1.9614200000000002	0.0	
0	0.753779	0.10588199999999999	0.648541	0.0	-0.6372899999999999	-0.122878	0.760764	0.0	0.160243	-0.986757	-0.025144999999999997	0.0	-2.36194	0.0298188	-0.279251	0.0	-0.8976049999999999	0.414451	-0.150121	0.0	0.247877	0.19296300000000002	-0.9493799999999999	0.0	-0.364503	-0.88938	-0.275937	0.0	1.9384599999999998	0.476973	1.96348	0.0	
0	0.7600359999999999	0.104147	0.641482	0.0	-0.631826	-0.11263599999999999	0.766882	0.0	0.152122	-0.9881629999999999	-0.019804699999999998	0.0	-2.3802	-0.0357337	-0.282517	0.0	-0.8976120000000001	0.414455	-0.150071	0.0	0.247475	0.192106	-0.949659	0.0	-0.364761	-0.8895629999999999	-0.275005	0.0	1.94648	0.463487	1.9588400000000001	0.0	
0	0.761904	0.108287	0.638573	0.0	-0.62974	-0.106651	0.76945	0.0	0.151426	-0.988382	-0.0130655	0.0	-2.43045	-0.08097280000000001	-0.300931	0.0	-0.898106	0.413649	-0.149331	0.0	0.245137	0.188953	-0.9508969999999999	0.0	-0.36512100000000003	-0.8906129999999999	-0.27110100000000004	0.0	1.91677	0.46030299999999996	1.96039	0.0	
0	0.762369	0.109463	0.637818	0.0	-0.6294850000000001	-0.103227	0.770125	0.0	0.15014	-0.9886159999999999	-0.00979147	0.0	-2.4356	-0.0774605	-0.31651399999999996	0.0	-0.898601	0.41307	-0.147955	0.0	0.24384899999999998	0.189822	-0.9510549999999999	0.0	-0.364767	-0.890697	-0.271302	0.0	1.9061	0.458682	1.96203	0.0	
0	0.765666	0.10898699999999999	0.633938	0.0	-0.625742	-0.102096	0.77332	0.0	0.149005	-0.988786	-0.00997396	0.0	-2.4386799999999997	-0.0872259	-0.291815	0.0	-0.900184	0.409684	-0.147741	0.0	0.242858	0.190618	-0.951149	0.0	-0.361509	-0.8920899999999999	-0.271086	0.0	1.8973799999999998	0.458758	1.9549900000000002	0.0	
0	0.766151	0.110323	0.63312	0.0	-0.6250859999999999	-0.100887	0.7740090000000001	0.0	0.149265	-0.988762	-0.00833324	0.0	-2.43795	-0.09227669999999999	-0.284281	0.00034523	-0.900618	0.408229	-0.149121	0.0	0.24339699999999997	0.189497	-0.951235	0.0	-0.360064	-0.8929950000000001	-0.270027	0.0	1.90137	0.46106400000000003	1.9613599999999998	0.0	
0	0.766146	0.110756	0.63305	0.0	-0.625151	-0.09996160000000001	0.774076	0.0	0.149014	-0.988808	-0.00734624	0.0	-2.44845	-0.0965531	-0.27691	0.0	-0.900742	0.407867	-0.14936300000000002	0.0	0.243313	0.188944	-0.951367	0.0	-0.35980999999999996	-0.893278	-0.269429	0.0	1.9033	0.460873	1.96033	0.0	
0	0.766147	0.11075299999999999	0.633051	0.0	-0.625153	-0.0999564	0.774076	0.0	0.149009	-0.988809	-0.00734354	0.0	-2.4484	-0.0965277	-0.276955	0.0	-0.900742	0.407867	-0.14936300000000002	0.0	0.243313	0.188944	-0.951367	0.0	-0.35980999999999996	-0.893278	-0.26943	0.0	1.9032900000000001	0.460872	1.9603400000000002	0.0	
0	0.766147	0.11075299999999999	0.633051	0.0	-0.625153	-0.0999565	0.774076	0.0	0.149009	-0.988809	-0.00734374	0.0	-2.4483900000000003	-0.09652619999999999	-0.276958	0.0	-0.900742	0.407867	-0.149362	0.0	0.243313	0.188944	-0.951367	0.0	-0.35980999999999996	-0.893278	-0.26943	0.0	1.9032900000000001	0.460873	1.9603400000000002	0.0	
0	0.766147	0.11075299999999999	0.633051	0.0	-0.625153	-0.0999558	0.774076	0.0	0.149008	-0.988809	-0.00734315	0.0	-2.4483900000000003	-0.09652580000000001	-0.276958	0.0	-0.900742	0.407867	-0.149362	0.0	0.243313	0.188944	-0.951367	0.0	-0.35980999999999996	-0.893278	-0.26943	0.0	1.9032900000000001	0.460874	1.9603400000000002	0.0	
0	0.766147	0.11075299999999999	0.633051	0.0	-0.625153	-0.0999565	0.774076	0.0	0.149009	-0.988809	-0.00734374	0.0	-2.4483900000000003	-0.09652589999999998	-0.276958	0.0	-0.900742	0.407867	-0.149362	0.0	0.243313	0.188944	-0.951367	0.0	-0.35980999999999996	-0.893278	-0.26943	0.0	1.9032900000000001	0.460873	1.9603400000000002	0.0	
0	0.766147	0.11075299999999999	0.633051	0.0	-0.625153	-0.0999559	0.774076	0.0	0.149008	-0.988809	-0.00734331	0.0	-2.4483900000000003	-0.0965261	-0.276958	0.0	-0.900742	0.407867	-0.149362	0.0	0.243313	0.188944	-0.951367	0.0	-0.35980999999999996	-0.893278	-0.26943	0.0	1.9032900000000001	0.460873	1.9603400000000002	0.0	
0	0.766147	0.11075299999999999	0.633051	0.0	-0.625153	-0.0999561	0.774076	0.0	0.149009	-0.988809	-0.0073434	0.0	-2.4483900000000003	-0.0965267	-0.276958	0.0	-0.900742	0.407867	-0.149362	0.0	0.243313	0.188944	-0.951367	0.0	-0.35980999999999996	-0.893278	-0.26943	0.0	1.9032900000000001	0.460873	1.9603400000000002	0.0	
0	0.766147	0.11075299999999999	0.633051	0.0	-0.625153	-0.0999561	0.774076	0.0	0.149008	-0.988809	-0.00734343	0.0	-2.4483900000000003	-0.0965256	-0.276957	0.0	-0.900742	0.407867	-0.149362	0.0	0.243313	0.188944	-0.951367	0.0	-0.35980999999999996	-0.893278	-0.26943	0.0	1.9032900000000001	0.460873	1.9603400000000002	0.0	
0	0.766147	0.11075299999999999	0.633051	0.0	-0.625153	-0.0999565	0.774076	0.0	0.149009	-0.988809	-0.00734375	0.0	-2.4483900000000003	-0.09652580000000001	-0.276958	0.0	-0.900742	0.407867	-0.149362	0.0	0.24331399999999997	0.188945	-0.951367	0.0	-0.359809	-0.893278	-0.26943	0.0	1.9032900000000001	0.460873	1.9603400000000002	0.0	
0	0.766147	0.11075299999999999	0.633051	0.0	-0.625153	-0.09995599999999999	0.774076	0.0	0.149008	-0.988809	-0.00734328	0.0	-2.4483900000000003	-0.09652569999999999	-0.276958	0.0	-0.900742	0.407867	-0.149362	0.0	0.243313	0.188944	-0.951367	0.0	-0.35980999999999996	-0.893278	-0.269429	0.0	1.9032900000000001	0.460873	1.9603400000000002	0.0	
0	0.766147	0.11075299999999999	0.633051	0.0	-0.625153	-0.0999558	0.774076	0.0	0.149008	-0.988809	-0.00734312	0.0	-2.4483900000000003	-0.0965261	-0.276958	0.0	-0.900742	0.407867	-0.149362	0.0	0.243313	0.188944	-0.951367	0.0	-0.35980999999999996	-0.893278	-0.269429	0.0	1.9032900000000001	0.460873	1.9603400000000002	0.0	
0	0.766147	0.11075299999999999	0.633051	0.0	-0.625153	-0.0999558	0.774076	0.0	0.149008	-0.988809	-0.00734313	0.0	-2.4483900000000003	-0.09652589999999998	-0.276958	0.0	-0.900742	0.407867	-0.149362	0.0	0.243313	0.188944	-0.951367	0.0	-0.35980999999999996	-0.893278	-0.26943	0.0	1.9032900000000001	0.460873	1.9603400000000002	0.0	
0	0.766147	0.11075299999999999	0.633051	0.0	-0.625153	-0.0999558	0.774076	0.0	0.149008	-0.988809	-0.00734312	0.0	-2.4483900000000003	-0.09652619999999999	-0.276958	0.0	-0.900742	0.407867	-0.149362	0.0	0.243313	0.188944	-0.951367	0.0	-0.35980999999999996	-0.893278	-0.26943	0.0	1.9032900000000001	0.460873	1.9603400000000002	0.0	
0	0.766147	0.11075299999999999	0.633051	0.0	-0.625153	-0.0999565	0.774076	0.0	0.149009	-0.988809	-0.00734373	0.0	-2.4483900000000003	-0.0965261	-0.276958	0.0	-0.900742	0.407867	-0.149362	0.0	0.243313	0.188944	-0.951367	0.0	-0.35980999999999996	-0.893278	-0.269429	0.0	1.9032900000000001	0.460873	1.9603400000000002	0.0	
0	0.766147	0.11075299999999999	0.633051	0.0	-0.625153	-0.0999556	0.774076	0.0	0.149008	-0.988809	-0.00734296	0.0	-2.4483900000000003	-0.0965265	-0.276958	0.0	-0.900742	0.407867	-0.149362	0.0	0.243313	0.188944	-0.951367	0.0	-0.35980999999999996	-0.893278	-0.269429	0.0	1.9032900000000001	0.460873	1.9603400000000002	0.0	
0	0.640411	0.00863388	0.767984	0.0	-0.616892	-0.589874	0.52105	0.0	0.457512	-0.807449	-0.372436	0.0	-2.40715	-0.0625516	-0.29648	0.0	-0.822343	0.521907	0.22663699999999998	0.0	0.0314821	0.43943699999999997	-0.8977209999999999	0.0	-0.56812	-0.7311	-0.377799	0.0	1.91713	0.450716	1.9858	0.0	
0	0.637321	0.00741577	0.770563	0.0	-0.6215069999999999	-0.586226	0.5196810000000001	0.0	0.455578	-0.810114	-0.369005	0.0	-2.40981	-0.0668242	-0.298696	0.0	-0.826868	0.510508	0.23594600000000002	0.0	0.036385400000000005	0.467218	-0.883393	0.0	-0.561218	-0.721865	-0.404903	0.0	1.9253	0.476583	1.9517400000000003	0.0	
0	0.643541	0.000510454	0.765411	0.0	-0.632196	-0.563381	0.5319119999999999	0.0	0.431489	-0.826197	-0.362236	0.0	-2.4350099999999997	-0.180556	-0.36538000000000004	0.0	-0.845226	0.477404	0.24016500000000002	0.0	0.05646810000000001	0.5266689999999999	-0.848193	0.0	-0.5314180000000001	-0.7033520000000001	-0.472113	0.0	1.93823	0.502839	1.74679	0.0	
0	0.6443989999999999	0.00165457	0.764688	0.0	-0.636513	-0.553042	0.5375840000000001	0.0	0.42379399999999995	-0.833152	-0.355327	0.0	-2.4561599999999997	-0.256903	-0.43759899999999996	0.0	-0.8498180000000001	0.4764	0.22550599999999998	0.0	0.0759852	0.534107	-0.841996	0.0	-0.521571	-0.698408	-0.49009300000000006	0.0	1.9625700000000001	0.49390500000000004	1.65325	0.0	
0	0.664964	0.0088616	0.7468229999999999	0.0	-0.642653	-0.5027010000000001	0.578177	0.0	0.380552	-0.8644149999999999	-0.328583	0.0	-2.5500700000000003	-0.5552239999999999	-0.634685	0.0	-0.85662	0.48469799999999996	0.176833	0.0	0.126498	0.529574	-0.838779	0.0	-0.500201	-0.696145	-0.514957	0.0	1.959	0.32362199999999997	1.3649200000000001	0.0	
0	0.677122	0.00710267	0.7358359999999999	0.0	-0.644113	-0.47782399999999997	0.59733	0.0	0.35584299999999996	-0.8784270000000001	-0.318971	0.0	-2.6067099999999996	-0.694681	-0.718712	0.0	-0.859081	0.48595900000000003	0.160699	0.0	0.1427	0.528913	-0.836593	0.0	-0.49154499999999995	-0.69577	-0.523725	0.0	1.9564099999999998	0.243617	1.2384	0.0	
0	0.692347	0.020947099999999996	0.7212609999999999	0.0	-0.644365	-0.431899	0.631077	0.0	0.324731	-0.9016790000000001	-0.285526	0.0	-2.72688	-1.00452	-0.8941549999999999	0.0	-0.861991	0.486472	0.142532	0.0	0.171612	0.544612	-0.820943	0.0	-0.476991	-0.683185	-0.552936	0.0	1.9947099999999998	0.0458975	0.904338	0.0	
0	0.700863	0.020743	0.7129939999999999	0.0	-0.643904	-0.411655	0.644925	0.0	0.30688499999999996	-0.9111040000000001	-0.27515700000000004	0.0	-2.77872	-1.11543	-0.9403600000000001	0.0	-0.8635079999999999	0.485692	0.135856	0.0	0.182014	0.551341	-0.814183	0.0	-0.470346	-0.678326	-0.5644899999999999	0.0	2.0162	-0.028209300000000003	0.777177	0.0	
0	0.715763	0.0234727	0.6979479999999999	0.0	-0.64335	-0.366584	0.672099	0.0	0.271633	-0.9300889999999999	-0.247286	0.0	-2.9234	-1.34981	-1.00734	-0.00014301399999999998	-0.860891	0.49552700000000005	0.115409	0.0	0.211216	0.554431	-0.8049810000000001	0.0	-0.462876	-0.668625	-0.581968	0.0	2.09801	-0.196203	0.520841	0.0	
0	0.725237	0.0325935	0.6877270000000001	0.0	-0.641664	-0.330117	0.692308	0.0	0.24959499999999998	-0.943377	-0.21849899999999997	0.0	-2.99749	-1.4709	-1.0437	0.0	-0.8597360000000001	0.503081	0.0881103	0.0	0.234977	0.542783	-0.8063319999999999	0.0	-0.45347600000000005	-0.672529	-0.584863	0.0	2.15251	-0.30398000000000003	0.379689	0.0	
0	0.7274609999999999	0.039126999999999995	0.685032	0.0	-0.6419699999999999	-0.313641	0.699646	0.0	0.242229	-0.948735	-0.203043	0.0	-3.0416	-1.5267899999999999	-1.0505	0.0	-0.858095	0.508001	0.0748857	0.0	0.24735100000000002	0.53673	-0.8066840000000001	0.0	-0.44998999999999995	-0.6736880000000001	-0.5862189999999999	0.0	2.1695599999999997	-0.362144	0.317661	0.0	
0	0.7317899999999999	0.053386800000000005	0.6794359999999999	0.0	-0.643357	-0.274851	0.714527	0.0	0.22489	-0.9600040000000001	-0.166786	0.0	-3.0845	-1.6519099999999998	-1.00989	-9.975690000000001e-05	-0.856642	0.514139	0.0427376	0.0	0.26622399999999996	0.511487	-0.81701	0.0	-0.441916	-0.688507	-0.575038	0.0	2.22643	-0.528597	0.197129	0.0	
0	0.730772	0.053360199999999997	0.6805329999999999	0.0	-0.645944	-0.268332	0.71467	0.0	0.220744	-0.9618469999999999	-0.16162200000000002	0.0	-3.10863	-1.75004	-1.0183200000000001	0.0	-0.854966	0.518167	0.0231853	0.0	0.27620100000000003	0.492651	-0.825232	0.0	-0.43903000000000003	-0.699141	-0.564318	0.0	2.29104	-0.637741	0.166051	0.0	
0	0.7311300000000001	0.05391749999999999	0.680104	0.0	-0.64625	-0.26476	0.715726	0.0	0.218654	-0.9628059999999999	-0.15872999999999998	0.0	-3.11139	-1.79434	-1.0369	0.0	-0.853474	0.5208430000000001	0.017462000000000002	0.0	0.279052	0.485051	-0.8287680000000001	0.0	-0.44012799999999996	-0.7024590000000001	-0.559321	0.0	2.31172	-0.6578149999999999	0.16016	0.0	
0	0.7329180000000001	0.0552821	0.678067	0.0	-0.645872	-0.256583	0.719037	0.0	0.213731	-0.9649399999999999	-0.15235	0.0	-3.12669	-1.91448	-1.06695	0.0	-0.851043	0.525038	0.00780785	0.0	0.28326799999999996	0.47157200000000005	-0.8350920000000001	0.0	-0.442137	-0.708488	-0.5500550000000001	0.0	2.3348299999999997	-0.690988	0.156896	0.0	
0	0.734034	0.05204980000000001	0.6771149999999999	0.0	-0.644207	-0.262178	0.718513	0.0	0.214923	-0.963615	-0.158916	0.0	-3.13956	-1.9756599999999997	-1.0952	0.0	-0.850241	0.526356	0.00627242	0.0	0.283004	0.467129	-0.837675	0.0	-0.443845	-0.71045	-0.546134	0.0	2.33468	-0.692009	0.164987	0.0	
0	0.733449	0.048193900000000005	0.678034	0.0	-0.6437470000000001	-0.271052	0.715626	0.0	0.218271	-0.961357	-0.167778	0.0	-3.16039	-2.10657	-1.2193	0.0	-0.847799	0.530291	0.0053415	0.0	0.282607	0.460293	-0.841584	0.0	-0.448743	-0.7119840000000001	-0.5401	0.0	2.3170599999999997	-0.6865180000000001	0.19081800000000002	0.0	
0	0.736156	0.053019100000000007	0.674732	0.0	-0.6415770000000001	-0.262807	0.720633	0.0	0.21553200000000003	-0.963391	-0.159451	0.0	-3.1737599999999997	-2.2349900000000003	-1.31734	-0.000109739	-0.846292	0.532702	0.0044318000000000005	0.0	0.28236300000000003	0.455607	-0.844211	0.0	-0.45173199999999997	-0.713198	-0.535992	0.0	2.31066	-0.691801	0.202287	0.0	
0	0.735761	0.055698300000000006	0.6749470000000001	0.0	-0.641594	-0.26175	0.721002	0.0	0.21682600000000002	-0.963527	-0.156849	0.0	-3.18035	-2.30525	-1.36354	0.0	-0.84604	0.533109	0.00331652	0.0	0.28270700000000004	0.45391099999999995	-0.84501	0.0	-0.451988	-0.713975	-0.534741	0.0	2.30876	-0.690503	0.21614099999999997	0.0	
0	0.734863	0.05263380000000001	0.676171	0.0	-0.641239	-0.270782	0.7179770000000001	0.0	0.22088400000000002	-0.961201	-0.165236	0.0	-3.18838	-2.36944	-1.38801	0.0	-0.845291	0.534301	0.00226793	0.0	0.28222800000000003	0.45009499999999997	-0.847208	0.0	-0.45368500000000006	-0.715498	-0.531257	0.0	2.30043	-0.683181	0.20369600000000002	0.0	
0	0.7334649999999999	0.0519889	0.677736	0.0	-0.641351	-0.277355	0.715363	0.0	0.22516399999999998	-0.95936	-0.170087	0.0	-3.19351	-2.38932	-1.39878	0.0	-0.844139	0.536117	0.00288174	0.0	0.28279299999999996	0.449823	-0.8471639999999999	0.0	-0.45547600000000005	-0.714309	-0.531324	0.0	2.29807	-0.6817979999999999	0.202145	0.0	
0	0.7307020000000001	0.0558611	0.680407	0.0	-0.644844	-0.270782	0.7147399999999999	0.0	0.22416799999999998	-0.9610190000000001	-0.161839	0.0	-3.19837	-2.47115	-1.4631299999999998	0.0	-0.844683	0.535254	0.00366873	0.0	0.281507	0.450054	-0.8474700000000001	0.0	-0.45526300000000003	-0.7148100000000001	-0.530831	0.0	2.2877400000000003	-0.6820189999999999	0.210554	0.0	
