0	0.461796	0.643107	-0.610866	0.0	0.56733	0.31524	0.760763	0.0	0.681822	-0.6978800000000001	-0.219277	0.0	-2.7831	1.9990700000000001	1.38315	0.00950141	-0.593133	0.516197	-0.617846	0.0	0.750689	0.0772462	-0.6561239999999999	0.0	-0.290963	-0.852979	-0.433321	0.0	2.66032	2.0	1.53809	0.0	
0	0.128421	0.7282609999999999	-0.6731600000000001	0.0	0.0864674	0.6679729999999999	0.7391449999999999	0.0	0.987943	-0.153128	0.022811	0.0	-2.8061	2.0236400000000003	1.36625	0.014711700000000001	-0.593133	0.516197	-0.617847	0.0	0.75071	0.0773056	-0.656094	0.0	-0.29091100000000003	-0.852974	-0.433367	0.0	2.66032	2.0	1.53809	0.0	
0	0.117164	0.710517	-0.693857	0.0	0.08148910000000001	0.689435	0.719749	0.0	0.989764	-0.14087	0.022877500000000002	0.0	-2.9719700000000002	2.08093	1.26597	0.0	-0.593133	0.516197	-0.617846	0.0	0.750739	0.0773913	-0.65605	0.0	-0.290835	-0.852966	-0.433433	0.0	2.66032	2.0	1.53809	0.0	
0	0.0509731	0.746743	-0.663157	0.0	0.0827828	0.658576	0.747947	0.0	0.9952629999999999	-0.0930233	-0.0282478	0.0	-3.26735	2.25235	1.05595	0.0	-0.593132	0.516197	-0.617846	0.0	0.750779	0.07750839999999999	-0.655991	0.0	-0.290732	-0.8529549999999999	-0.43352299999999994	0.0	2.66032	2.0	1.53809	0.0	
0	-0.10977999999999999	0.792439	-0.5999909999999999	0.0	0.0662958	0.608133	0.791062	0.0	0.991743	0.047065699999999995	-0.119296	0.0	-3.54222	2.6036	0.791782	0.00048828099999999997	-0.593133	0.516197	-0.617846	0.0	0.7508199999999999	0.07762899999999999	-0.655929	0.0	-0.290626	-0.852944	-0.433615	0.0	2.66032	2.0	1.53809	0.0	
0	-0.095342	0.808933	-0.580118	0.0	0.07798669999999999	0.587051	0.8057850000000001	0.0	0.9923850000000001	0.0315836	-0.119057	0.0	-3.72704	2.83604	0.629279	0.274024	-0.593133	0.516197	-0.617846	0.0	0.750861	0.07774930000000001	-0.655868	0.0	-0.29052	-0.852934	-0.433708	0.0	2.66032	2.0	1.53809	0.0	
0	-0.026358799999999998	0.77035	-0.637076	0.0	0.125994	0.634775	0.762356	0.0	0.9916809999999999	-0.0601731	-0.113792	0.0	-3.73065	2.90693	0.49423100000000003	0.19485999999999998	-0.593133	0.516197	-0.617846	0.0	0.750901	0.07786889999999999	-0.655808	0.0	-0.29041500000000003	-0.852923	-0.4338	0.0	2.66032	2.0	1.53809	0.0	
0	0.0790092	0.687171	-0.722187	0.0	0.132194	0.710832	0.690828	0.0	0.9880700000000001	-0.15005	-0.0346773	0.0	-3.71305	2.87364	0.33218000000000003	-0.00034523	-0.593133	0.516197	-0.617847	0.0	0.750944	0.0779932	-0.655744	0.0	-0.29030500000000004	-0.8529110000000001	-0.433896	0.0	2.66032	2.0	1.53809	0.0	
0	0.212211	0.676728	-0.704987	0.0	0.229735	0.666651	0.709082	0.0	0.949836	-0.312435	-0.0139977	0.0	-3.6490400000000003	2.75121	-0.23888800000000002	0.0	-0.053044299999999996	0.818638	-0.571856	0.0	0.302213	-0.532647	-0.7905409999999999	0.0	-0.9517629999999999	-0.214756	-0.21914899999999998	0.0	2.47388	1.90432	1.30579	0.0	
0	0.330307	0.74849	-0.57503	0.0	0.274177	0.506868	0.8172590000000001	0.0	0.903174	-0.42760699999999996	-0.0377969	0.0	-3.4955800000000004	2.73789	-0.688602	0.0166586	-0.129381	0.777891	-0.614935	0.0	0.312284	-0.5566260000000001	-0.769835	0.0	-0.9411370000000001	-0.291637	-0.170906	0.0	2.17435	1.8312599999999999	1.0368	-0.00034523	
0	0.42258599999999996	0.792413	-0.43988900000000003	0.0	0.22081199999999998	0.380714	0.897942	0.0	0.8790129999999999	-0.47658999999999996	-0.01409	0.0	-3.24494	2.81204	-1.08673	0.337428	-0.33458899999999997	0.817553	-0.46867700000000007	0.0	0.284952	-0.386287	-0.87726	0.0	-0.89825	-0.427072	-0.103716	0.0	1.84503	1.7012099999999999	0.8825459999999999	0.15176900000000002	
0	0.536959	0.7509359999999999	-0.384409	0.0	0.175441	0.346308	0.9215700000000001	0.0	0.8251639999999999	-0.562287	0.0542086	0.0	-2.94722	2.85012	-1.34907	0.0962983	-0.598314	0.695245	-0.39831500000000003	0.0	0.314333	-0.2536	-0.9148129999999999	0.0	-0.737031	-0.672549	-0.0668064	0.0	1.58075	1.43793	0.735863	0.00034526699999999996	
0	0.667764	0.607661	-0.429929	0.0	0.25493000000000005	0.355953	0.8990600000000001	0.0	0.699358	-0.709962	0.0827822	0.0	-2.78085	2.8690700000000002	-1.4610299999999998	0.0	-0.6131840000000001	0.604757	-0.508207	0.0	0.407448	-0.309031	-0.859352	0.0	-0.676751	-0.734009	-0.0569139	0.0	1.41816	1.35863	0.551201	0.0	
0	0.718241	0.545711	-0.431659	0.0	0.259291	0.365774	0.893856	0.0	0.645676	-0.753929	0.121216	0.0	-2.54716	2.91617	-1.60446	0.0	-0.614683	0.624293	-0.48210299999999995	0.0	0.347125	-0.334735	-0.8760459999999999	0.0	-0.708286	-0.7058399999999999	-0.0109522	0.0	1.14858	1.46975	0.29283899999999996	0.0	
0	0.743451	0.5891569999999999	-0.316504	0.0	0.18757000000000001	0.270573	0.94425	0.0	0.641949	-0.76137	0.09064989999999999	0.0	-2.3222400000000003	3.12767	-1.80167	0.0	-0.629508	0.576954	-0.5204270000000001	0.0	0.370693	-0.365645	-0.853751	0.0	-0.682866	-0.730362	0.0163037	0.0	0.941684	1.61608	0.0839404	0.0	
0	0.799295	0.5950449999999999	-0.0839565	0.0	0.05253680000000001	0.0699813	0.9961639999999999	0.0	0.598638	-0.80064	0.024674	0.0	-2.13802	3.37545	-1.97175	0.19459300000000002	-0.6448109999999999	0.5581010000000001	-0.522247	0.0	0.411196	-0.32267399999999996	-0.852525	0.0	-0.644311	-0.764464	-0.021425200000000002	0.0	0.851549	1.7884400000000003	-0.179885	0.0	
0	0.8233719999999999	0.565423	-0.0485325	0.0	0.00345045	0.08052999999999999	0.9967459999999999	0.0	0.567492	-0.82086	0.0643551	0.0	-1.9827	3.5143199999999997	-2.09229	0.26340399999999997	-0.634391	0.669331	-0.386709	0.0	0.25518	-0.290887	-0.9221	0.0	-0.7296779999999999	-0.683653	0.0137365	0.0	0.763519	2.03253	-0.5450229999999999	0.0	
0	0.8340139999999999	0.5159560000000001	-0.195474	0.0	0.12463099999999999	0.168954	0.977712	0.0	0.537483	-0.8397879999999999	0.0766058	0.0	-1.9455099999999999	3.55115	-2.1082400000000003	0.0924195	-0.67389	0.690445	-0.262979	0.0	0.154173	-0.216691	-0.96399	0.0	-0.722567	-0.690167	0.039577499999999995	0.0	0.691409	2.19762	-0.65713	0.00108624	
0	0.8101970000000001	0.324639	-0.488047	0.0	0.376965	0.349019	0.8579530000000001	0.0	0.448863	-0.8790879999999999	0.160396	0.0	-2.00434	3.3905199999999995	-2.00783	0.0	-0.656645	0.562657	-0.502229	0.0	0.38557199999999997	-0.321869	-0.864716	0.0	-0.648191	-0.761458	-0.00559139	0.0	0.713487	2.5749299999999997	-0.8146180000000001	0.0	
0	0.814521	0.381481	-0.437066	0.0	0.334217	0.307238	0.8910129999999999	0.0	0.474188	-0.8718239999999999	0.122754	0.0	-1.93219	3.1954	-2.10073	0.0	-0.554077	0.6598310000000001	-0.5075649999999999	0.0	0.49343100000000006	-0.230748	-0.838619	0.0	-0.670466	-0.715108	-0.197729	0.0	0.841673	2.80501	-1.0988200000000001	-0.00010967299999999999	
0	0.791705	0.534075	-0.296592	0.0	0.24789899999999998	0.162865	0.9549979999999999	0.0	0.558345	-0.8296020000000001	-0.00345513	0.0	-1.81538	2.8024400000000003	-2.5154099999999997	0.016503999999999998	-0.401807	0.833038	-0.380261	0.0	0.436799	-0.190616	-0.879131	0.0	-0.804834	-0.519339	-0.287279	0.0	0.7140850000000001	2.61286	-1.7277799999999999	0.010495299999999999	
0	0.748887	0.633732	-0.19378099999999998	0.0	0.19882	0.0640846	0.9779389999999999	0.0	0.63217	-0.770893	-0.07800639999999999	0.0	-1.70165	2.6111400000000002	-2.84341	0.115904	-0.349914	0.797381	-0.491675	0.0	0.48981899999999995	-0.291657	-0.821592	0.0	-0.7985220000000001	-0.5283180000000001	-0.288518	0.0	0.664471	2.23725	-1.9652900000000002	0.0	
0	0.713279	0.653575	-0.253126	0.0	0.226688	0.126615	0.9657020000000001	0.0	0.663208	-0.746196	-0.05784630000000001	0.0	-1.64798	2.48086	-2.95213	0.0	-0.38613400000000003	0.587307	-0.711317	0.0	0.625844	-0.399696	-0.669748	0.0	-0.677658	-0.703786	-0.213227	0.0	0.5644520000000001	1.7769	-1.87077	0.0	
0	0.685145	0.652295	-0.32416999999999996	0.0	0.231846	0.22660500000000003	0.94599	0.0	0.690524	-0.723299	0.00402522	0.0	-1.64488	2.3614900000000003	-2.87954	0.0	-0.483936	0.43270600000000004	-0.7606390000000001	0.0	0.69731	-0.3345	-0.6339319999999999	0.0	-0.52874	-0.837183	-0.139854	0.0	0.555193	1.46817	-1.67812	0.0	
0	0.682234	0.6483869999999999	-0.337862	0.0	0.231294	0.24697600000000003	0.9410129999999999	0.0	0.693585	-0.720137	0.018527500000000002	0.0	-1.6425900000000002	2.35466	-2.8530900000000003	0.0	-0.6030979999999999	0.31254499999999996	-0.7338859999999999	0.0	0.715254	-0.195388	-0.670996	0.0	-0.353109	-0.929591	-0.10571099999999999	0.0	0.6734479999999999	1.2670299999999999	-1.5560399999999999	0.0	
0	0.670655	0.657512	-0.34336500000000003	0.0	0.234724	0.250998	0.939098	0.0	0.703652	-0.710407	0.0139995	0.0	-1.6470900000000002	2.39788	-2.88278	0.0	-0.6822050000000001	0.268883	-0.679925	0.0	0.671562	-0.137311	-0.728114	0.0	-0.289139	-0.953335	-0.08689730000000001	0.0	0.859325	1.21466	-1.4802799999999998	0.0	
0	0.648205	0.68658	-0.3293	0.0	0.21991999999999998	0.245229	0.944192	0.0	0.729017	-0.68445	0.0079658	0.0	-1.59404	2.4127400000000003	-2.89344	0.0	-0.697725	0.248854	-0.6717529999999999	0.0	0.669021	-0.10888699999999998	-0.735225	0.0	-0.25610900000000003	-0.9624010000000001	-0.090515	0.0	0.980619	1.2470700000000001	-1.44565	0.00034526699999999996	
0	0.6405420000000001	0.700468	-0.314725	0.0	0.216896	0.22812600000000002	0.9491649999999999	0.0	0.736657	-0.676242	-0.00580418	0.0	-1.4007100000000001	2.43472	-2.863	0.0	-0.609025	0.266835	-0.746919	0.0	0.742818	-0.138238	-0.655066	0.0	-0.278047	-0.9537760000000001	-0.11401900000000001	0.0	1.06465	1.3877700000000002	-1.44195	0.0	
0	0.663223	0.67247	-0.328511	0.0	0.231958	0.232632	0.944499	0.0	0.711569	-0.7026140000000001	-0.00169751	0.0	-1.26891	2.39807	-2.77828	0.0	-0.574295	0.32107199999999997	-0.753059	0.0	0.747034	-0.170725	-0.64249	0.0	-0.334852	-0.9315399999999999	-0.141805	0.0	1.0848799999999998	1.55821	-1.46937	0.0	
0	0.70365	0.6103689999999999	-0.363767	0.0	0.228174	0.290738	0.929198	0.0	0.672914	-0.7368319999999999	0.0653075	0.0	-1.2208299999999999	2.28071	-2.68878	0.0	-0.5602159999999999	0.377864	-0.7371409999999999	0.0	0.728007	-0.199942	-0.655766	0.0	-0.395175	-0.904015	-0.163077	0.0	0.9926879999999999	1.75144	-1.4558799999999998	0.0	
0	0.702968	0.576821	-0.41606899999999997	0.0	0.25906	0.33715100000000003	0.905106	0.0	0.662363	-0.744047	0.08757530000000001	0.0	-1.2990899999999999	2.25854	-2.69064	0.0	-0.53651	0.429287	-0.726547	0.0	0.714596	-0.22686399999999998	-0.661729	0.0	-0.448899	-0.8742110000000001	-0.185053	0.0	0.879208	1.96917	-1.4568299999999998	0.0	
0	0.66467	0.6016560000000001	-0.442971	0.0	0.289108	0.339588	0.89504	0.0	0.688934	-0.722973	0.0517707	0.0	-1.42268	2.40878	-2.79581	0.0	-0.5383680000000001	0.444659	-0.7158479999999999	0.0	0.691185	-0.252971	-0.676956	0.0	-0.482104	-0.8592350000000001	-0.17115	0.0	0.833289	2.09118	-1.46508	0.0	
0	0.642307	0.6306069999999999	-0.435633	0.0	0.30353600000000003	0.312618	0.900075	0.0	0.703781	-0.7103550000000001	0.00938439	0.0	-1.5630700000000002	2.54525	-2.81114	0.0	-0.554172	0.437539	-0.708133	0.0	0.665021	-0.278933	-0.6927800000000001	0.0	-0.50064	-0.854842	-0.13639600000000002	0.0	0.8128850000000001	2.12937	-1.42865	0.0	
0	0.402062	0.6148710000000001	-0.678439	0.0	0.44113900000000006	0.519211	0.7319939999999999	0.0	0.8023359999999999	-0.593593	-0.062488999999999996	0.0	-1.68697	2.66269	-2.87206	0.0	-0.524937	0.41721499999999995	-0.7418710000000001	0.0	0.677822	-0.322248	-0.6608430000000001	0.0	-0.51478	-0.849758	-0.11363699999999999	0.0	0.8290219999999999	2.0684	-1.37008	0.0	
0	0.354033	0.627261	-0.693689	0.0	0.452417	0.534299	0.714033	0.0	0.818523	-0.566628	-0.09462419999999999	0.0	-1.70697	2.76717	-2.92772	0.0	-0.460825	0.397077	-0.7937069999999999	0.0	0.7039850000000001	-0.381027	-0.599353	0.0	-0.540413	-0.8349549999999999	-0.103949	0.0	0.854792	2.04828	-1.30786	0.0	
0	0.37559499999999996	0.726627	-0.575275	0.0	0.36061	0.457226	0.8129609999999999	0.0	0.85375	-0.512793	-0.09029730000000001	0.0	-1.67985	2.8109900000000003	-2.96095	0.053541399999999996	-0.448399	0.390173	-0.804179	0.0	0.7142189999999999	-0.384552	-0.584817	0.0	-0.537428	-0.836591	-0.10623699999999998	0.0	0.8779790000000001	2.07925	-1.2817	0.0	
0	0.383511	0.753778	-0.533609	0.0	0.326842	0.42961800000000006	0.841785	0.0	0.8637670000000001	-0.49723999999999996	-0.08160310000000001	0.0	-1.61609	2.8143700000000003	-2.91877	0.217315	-0.45314499999999996	0.390797	-0.8012100000000001	0.0	0.716737	-0.374691	-0.588128	0.0	-0.530045	-0.840764	-0.11030999999999999	0.0	0.8991549999999999	2.1116900000000003	-1.29055	0.0	
0	0.42779399999999995	0.754042	-0.498411	0.0	0.295315	0.40455399999999997	0.8655200000000001	0.0	0.854273	-0.517452	-0.0496139	0.0	-1.49183	2.78289	-2.807	0.18776700000000002	-0.46433599999999997	0.39216999999999996	-0.7941010000000001	0.0	0.7122390000000001	-0.367579	-0.597999	0.0	-0.526411	-0.843261	-0.10863900000000001	0.0	0.931315	2.10753	-1.3180399999999999	0.0	
0	0.457376	0.683029	-0.569454	0.0	0.329312	0.464742	0.8219299999999999	0.0	0.826051	-0.563459	-0.012368	0.0	-1.41544	2.72181	-2.67882	-0.0008335110000000001	-0.47116499999999994	0.38724899999999995	-0.792491	0.0	0.709746	-0.367005	-0.601306	0.0	-0.523703	-0.8457809999999999	-0.10192799999999999	0.0	0.9549110000000001	2.0642400000000003	-1.3260100000000001	0.0	
0	0.502973	0.706835	-0.497396	0.0	0.292682	0.402196	0.867511	0.0	0.813238	-0.581914	-0.00458401	0.0	-1.37429	2.6671099999999996	-2.62338	0.0	-0.473076	0.385262	-0.792321	0.0	0.7088869999999999	-0.367557	-0.601981	0.0	-0.5231439999999999	-0.846449	-0.0992247	0.0	0.972558	2.02807	-1.3522100000000001	0.0	
0	0.50974	0.753785	-0.41469799999999996	0.0	0.258608	0.325482	0.9094959999999999	0.0	0.820541	-0.570851	-0.029024099999999997	0.0	-1.37622	2.60407	-2.70432	0.0	-0.472315	0.385457	-0.7926810000000001	0.0	0.709055	-0.368071	-0.6014689999999999	0.0	-0.5236029999999999	-0.846137	-0.0994651	0.0	0.9796309999999999	2.02244	-1.36093	0.0	
0	0.5121720000000001	0.766706	-0.38709299999999996	0.0	0.25148899999999996	0.297066	0.921143	0.0	0.8212389999999999	-0.569134	-0.040669	0.0	-1.3978700000000002	2.56636	-2.77596	0.0	-0.47393199999999996	0.384447	-0.792205	0.0	0.7089989999999999	-0.36693899999999996	-0.602225	0.0	-0.522215	-0.847087	-0.09866799999999999	0.0	0.9763799999999999	2.00406	-1.35286	0.0	
0	0.508131	0.763943	-0.39773600000000003	0.0	0.247822	0.312582	0.9169930000000001	0.0	0.8248559999999999	-0.56452	-0.0304895	0.0	-1.4847299999999999	2.53934	-2.85292	0.0739172	-0.47506800000000005	0.38595100000000004	-0.790792	0.0	0.7050069999999999	-0.37083499999999997	-0.604522	0.0	-0.526569	-0.8447030000000001	-0.09592610000000001	0.0	0.9702299999999999	1.9896900000000002	-1.33586	0.0	
0	0.508191	0.7638699999999999	-0.39779899999999996	0.0	0.24750300000000003	0.312873	0.9169799999999999	0.0	0.824915	-0.564457	-0.030061200000000003	0.0	-1.48211	2.53999	-2.85244	0.0878214	-0.47483500000000006	0.385755	-0.791027	0.0	0.70565	-0.370239	-0.604137	0.0	-0.525918	-0.8450540000000001	-0.0964053	0.0	0.970032	1.9898200000000001	-1.33597	0.0	
0	0.508184	0.763877	-0.39779499999999995	0.0	0.2475	0.312871	0.916982	0.0	0.8249200000000001	-0.56445	-0.030063299999999998	0.0	-1.4819799999999999	2.5399700000000003	-2.85237	0.0878132	-0.47482700000000005	0.385753	-0.791033	0.0	0.7056560000000001	-0.37024	-0.604129	0.0	-0.5259159999999999	-0.8450549999999999	-0.0964088	0.0	0.970045	1.98984	-1.33598	0.0	
0	0.508184	0.763877	-0.39779499999999995	0.0	0.2475	0.312871	0.916982	0.0	0.8249200000000001	-0.56445	-0.030063299999999998	0.0	-1.4819799999999999	2.5399700000000003	-2.85237	0.0878132	-0.474828	0.385753	-0.791033	0.0	0.7056560000000001	-0.370241	-0.604129	0.0	-0.525917	-0.8450540000000001	-0.09640839999999999	0.0	0.970045	1.98984	-1.33598	0.0	
0	0.508184	0.763877	-0.39779499999999995	0.0	0.2475	0.312871	0.916982	0.0	0.8249200000000001	-0.56445	-0.0300631	0.0	-1.4819799999999999	2.5399700000000003	-2.85237	0.0878119	-0.47482700000000005	0.385753	-0.791033	0.0	0.7056560000000001	-0.37024	-0.604129	0.0	-0.525917	-0.8450549999999999	-0.0964088	0.0	0.970045	1.98984	-1.33598	0.0	
0	0.508184	0.763877	-0.39779499999999995	0.0	0.2475	0.312872	0.916982	0.0	0.8249200000000001	-0.56445	-0.0300632	0.0	-1.4819799999999999	2.5399700000000003	-2.85237	0.0878132	-0.47482700000000005	0.385753	-0.791033	0.0	0.7056560000000001	-0.370241	-0.604129	0.0	-0.525917	-0.8450540000000001	-0.0964083	0.0	0.970045	1.98984	-1.33598	0.0	
0	0.508184	0.763877	-0.39779499999999995	0.0	0.2475	0.312871	0.916982	0.0	0.8249200000000001	-0.56445	-0.0300632	0.0	-1.4819799999999999	2.5399700000000003	-2.85237	0.0878119	-0.474828	0.385753	-0.791033	0.0	0.7056560000000001	-0.37024	-0.604129	0.0	-0.525917	-0.8450549999999999	-0.09640889999999999	0.0	0.970045	1.98984	-1.33598	0.0	
0	0.508184	0.763877	-0.39779499999999995	0.0	0.2475	0.312871	0.916982	0.0	0.8249200000000001	-0.56445	-0.0300632	0.0	-1.4819799999999999	2.5399700000000003	-2.85237	0.0878147	-0.474828	0.385753	-0.791033	0.0	0.7056560000000001	-0.370241	-0.604129	0.0	-0.525917	-0.8450540000000001	-0.0964087	0.0	0.970045	1.98984	-1.33598	0.0	
0	0.508184	0.763877	-0.39779499999999995	0.0	0.2475	0.312872	0.916982	0.0	0.8249200000000001	-0.56445	-0.030062900000000004	0.0	-1.4819799999999999	2.5399700000000003	-2.85237	0.0878119	-0.47482700000000005	0.385753	-0.791033	0.0	0.7056560000000001	-0.37024	-0.604129	0.0	-0.525917	-0.8450540000000001	-0.0964086	0.0	0.970045	1.98984	-1.33598	0.0	
0	0.508184	0.763877	-0.39779499999999995	0.0	0.2475	0.312872	0.916982	0.0	0.8249200000000001	-0.56445	-0.030062900000000004	0.0	-1.4819799999999999	2.5399700000000003	-2.85237	0.0878132	-0.47482700000000005	0.385753	-0.791033	0.0	0.7056560000000001	-0.37024	-0.604129	0.0	-0.525917	-0.8450549999999999	-0.09640900000000001	0.0	0.970045	1.98984	-1.33598	0.0	
0	0.508184	0.763877	-0.39779499999999995	0.0	0.2475	0.312872	0.916982	0.0	0.8249200000000001	-0.56445	-0.030062900000000004	0.0	-1.4819799999999999	2.5399700000000003	-2.85237	0.08781069999999999	-0.474828	0.385753	-0.791033	0.0	0.7056560000000001	-0.370241	-0.604129	0.0	-0.525917	-0.8450549999999999	-0.0964087	0.0	0.970045	1.98984	-1.33598	0.0	
0	0.508184	0.763877	-0.39779499999999995	0.0	0.2475	0.312872	0.916982	0.0	0.8249200000000001	-0.56445	-0.030062900000000004	0.0	-1.4819799999999999	2.5399700000000003	-2.85237	0.08781069999999999	-0.47482700000000005	0.385753	-0.791033	0.0	0.7056560000000001	-0.37024	-0.604129	0.0	-0.525917	-0.8450540000000001	-0.0964088	0.0	0.970046	1.98984	-1.33598	0.0	
0	0.508184	0.763877	-0.39779499999999995	0.0	0.2475	0.312872	0.916982	0.0	0.8249200000000001	-0.56445	-0.030062900000000004	0.0	-1.4819799999999999	2.5399700000000003	-2.85237	0.08781069999999999	-0.474828	0.385753	-0.791033	0.0	0.7056560000000001	-0.37024	-0.604129	0.0	-0.525917	-0.8450540000000001	-0.0964087	0.0	0.970045	1.98984	-1.33598	0.0	
0	0.508184	0.763877	-0.39779499999999995	0.0	0.2475	0.312872	0.916982	0.0	0.8249200000000001	-0.56445	-0.030062900000000004	0.0	-1.4819799999999999	2.5399700000000003	-2.85237	0.08781069999999999	-0.474828	0.385753	-0.791033	0.0	0.7056560000000001	-0.370241	-0.604129	0.0	-0.525917	-0.8450540000000001	-0.0964087	0.0	0.970045	1.98984	-1.33598	0.0	
0	0.508184	0.763877	-0.39779499999999995	0.0	0.2475	0.312872	0.916982	0.0	0.8249200000000001	-0.56445	-0.030062900000000004	0.0	-1.4819799999999999	2.5399700000000003	-2.85237	0.08781069999999999	-0.474828	0.385753	-0.791033	0.0	0.7056560000000001	-0.370241	-0.604129	0.0	-0.525917	-0.8450540000000001	-0.0964087	0.0	0.970045	1.98984	-1.33598	0.0	
0	0.508184	0.763877	-0.39779499999999995	0.0	0.2475	0.312872	0.916982	0.0	0.8249200000000001	-0.56445	-0.030062900000000004	0.0	-1.4819799999999999	2.5399700000000003	-2.85237	0.08781069999999999	-0.47482700000000005	0.385753	-0.791033	0.0	0.7056560000000001	-0.37024	-0.604129	0.0	-0.525917	-0.8450549999999999	-0.09640889999999999	0.0	0.970045	1.98984	-1.33598	0.0	
0	0.508184	0.763877	-0.39779499999999995	0.0	0.2475	0.312872	0.916982	0.0	0.8249200000000001	-0.56445	-0.030062900000000004	0.0	-1.4819799999999999	2.5399700000000003	-2.85237	0.087812	-0.474828	0.385753	-0.791033	0.0	0.7056560000000001	-0.37024	-0.604129	0.0	-0.525917	-0.8450549999999999	-0.0964088	0.0	0.970046	1.98984	-1.33598	0.0	
0	0.508184	0.763877	-0.39779499999999995	0.0	0.2475	0.312872	0.916982	0.0	0.8249200000000001	-0.56445	-0.030062900000000004	0.0	-1.4819799999999999	2.5399700000000003	-2.85237	0.0878119	-0.47482700000000005	0.385753	-0.791033	0.0	0.7056560000000001	-0.37024	-0.604129	0.0	-0.5259159999999999	-0.8450549999999999	-0.09640889999999999	0.0	0.970045	1.98984	-1.33598	0.0	
0	0.508184	0.763877	-0.39779499999999995	0.0	0.2475	0.312872	0.916982	0.0	0.8249200000000001	-0.56445	-0.030062900000000004	0.0	-1.4819799999999999	2.5399700000000003	-2.85237	0.08781069999999999	-0.47482700000000005	0.385753	-0.791033	0.0	0.7056560000000001	-0.370241	-0.604129	0.0	-0.525917	-0.8450540000000001	-0.0964083	0.0	0.970045	1.98984	-1.33598	0.0	
0	0.508184	0.763877	-0.39779499999999995	0.0	0.2475	0.312872	0.916982	0.0	0.8249200000000001	-0.56445	-0.030062900000000004	0.0	-1.4819799999999999	2.5399700000000003	-2.85237	0.08781069999999999	-0.474828	0.385753	-0.791033	0.0	0.7056560000000001	-0.37024	-0.604129	0.0	-0.5259159999999999	-0.8450549999999999	-0.09640900000000001	0.0	0.970045	1.98984	-1.33598	0.0	
0	0.508184	0.763877	-0.39779499999999995	0.0	0.2475	0.312872	0.916982	0.0	0.8249200000000001	-0.56445	-0.030062900000000004	0.0	-1.4819799999999999	2.5399700000000003	-2.85237	0.08781069999999999	-0.474828	0.385753	-0.791033	0.0	0.7056560000000001	-0.37024	-0.604129	0.0	-0.5259159999999999	-0.8450549999999999	-0.09640900000000001	0.0	0.970045	1.98984	-1.33598	0.0	
0	0.508184	0.763877	-0.39779499999999995	0.0	0.2475	0.312871	0.916982	0.0	0.8249200000000001	-0.56445	-0.0300632	0.0	-1.4819799999999999	2.5399700000000003	-2.85237	0.0878147	-0.474828	0.385753	-0.791033	0.0	0.7056560000000001	-0.37024	-0.604129	0.0	-0.525917	-0.8450540000000001	-0.0964087	0.0	0.970046	1.98984	-1.33598	0.0	
0	0.508184	0.763877	-0.39779499999999995	0.0	0.2475	0.312872	0.916982	0.0	0.8249200000000001	-0.56445	-0.030062900000000004	0.0	-1.4819799999999999	2.5399700000000003	-2.85237	0.0878119	-0.474828	0.385753	-0.791033	0.0	0.7056560000000001	-0.370241	-0.604129	0.0	-0.525917	-0.8450540000000001	-0.09640839999999999	0.0	0.970046	1.98984	-1.33598	0.0	
0	0.508184	0.763877	-0.39779499999999995	0.0	0.2475	0.312872	0.916982	0.0	0.8249200000000001	-0.56445	-0.030062900000000004	0.0	-1.4819799999999999	2.5399700000000003	-2.85237	0.08781069999999999	-0.47482700000000005	0.385753	-0.791033	0.0	0.7056560000000001	-0.370241	-0.604129	0.0	-0.525917	-0.8450540000000001	-0.0964083	0.0	0.970045	1.98984	-1.33598	0.0	
0	0.508184	0.763877	-0.39779499999999995	0.0	0.2475	0.312872	0.916982	0.0	0.8249200000000001	-0.56445	-0.030062900000000004	0.0	-1.4819799999999999	2.5399700000000003	-2.85237	0.08781069999999999	-0.47482700000000005	0.385753	-0.791033	0.0	0.7056560000000001	-0.37024	-0.604129	0.0	-0.525917	-0.8450549999999999	-0.0964088	0.0	0.970045	1.98984	-1.33598	0.0	
0	0.508184	0.763877	-0.39779499999999995	0.0	0.2475	0.312872	0.916982	0.0	0.8249200000000001	-0.56445	-0.030062900000000004	0.0	-1.4819799999999999	2.5399700000000003	-2.85237	0.08781069999999999	-0.474828	0.385753	-0.791033	0.0	0.7056560000000001	-0.37024	-0.604129	0.0	-0.5259159999999999	-0.8450549999999999	-0.09640900000000001	0.0	0.970045	1.98984	-1.33598	0.0	
0	0.508184	0.763877	-0.39779499999999995	0.0	0.2475	0.312872	0.916982	0.0	0.8249200000000001	-0.56445	-0.030062900000000004	0.0	-1.4819799999999999	2.5399700000000003	-2.85237	0.08781069999999999	-0.47482700000000005	0.385753	-0.791033	0.0	0.7056560000000001	-0.370241	-0.604129	0.0	-0.525917	-0.8450540000000001	-0.09640850000000001	0.0	0.970045	1.98984	-1.33598	0.0	
0	0.8962889999999999	0.442877	-0.022912900000000003	0.0	0.0363027	-0.0217789	0.9991040000000001	0.0	0.441981	-0.8963180000000001	-0.0355978	0.0	-1.4807	2.5106599999999997	-2.89132	0.0	-0.642079	0.758271	-0.112955	0.0	-0.00158197	-0.148648	-0.9888889999999999	0.0	-0.766637	-0.6347659999999999	0.09664360000000001	0.0	0.960786	1.9840400000000002	-1.2797	0.0	
0	0.9027270000000001	0.430036	-0.0123909	0.0	0.0175653	-0.00806473	0.999813	0.0	0.429856	-0.902776	-0.014834	0.0	-1.46904	2.43985	-2.87379	0.0	-0.645554	0.756105	-0.107544	0.0	-0.00506428	-0.145052	-0.989411	0.0	-0.763698	-0.638174	0.0974677	0.0	0.956976	1.96612	-1.28491	0.0	
0	0.914409	0.404353	-0.0188227	0.0	0.00940122	0.0252732	0.9996360000000001	0.0	0.40468200000000004	-0.9142540000000001	0.0193086	0.0	-1.47656	2.29267	-2.8599099999999997	0.0	-0.653273	0.748948	-0.110957	0.0	-0.0009664	-0.147376	-0.98908	0.0	-0.7571220000000001	-0.6460319999999999	0.0970005	0.0	0.966932	1.9368400000000001	-1.29952	0.0	
0	0.9332799999999999	0.356781	-0.0411702	0.0	0.013136700000000001	0.0806443	0.996656	0.0	0.358908	-0.930701	0.07057680000000001	0.0	-1.52791	2.09643	-2.8527400000000003	0.0	-0.661469	0.74141	-0.113004	0.0	0.00239572	-0.148588	-0.9888959999999999	0.0	-0.749969	-0.654395	0.09651010000000002	0.0	0.9886969999999999	1.89085	-1.29904	0.0	
0	0.961506	0.264162	-0.0756679	0.0	0.0295822	0.174261	0.9842549999999999	0.0	0.273188	-0.9486049999999999	0.15973800000000002	0.0	-1.6493400000000003	1.76869	-2.81677	0.0	-0.677188	0.725863	-0.120583	0.0	0.00732541	-0.157219	-0.9875370000000001	0.0	-0.7357739999999999	-0.6696310000000001	0.101149	0.0	0.9997030000000001	1.8079	-1.32864	0.0	
0	0.9779209999999999	0.180199	-0.10582799999999999	0.0	0.05810030000000001	0.252002	0.965981	0.0	0.200738	-0.950802	0.23596799999999998	0.0	-1.80538	1.49169	-2.7669799999999998	0.0	-0.6877909999999999	0.715292	-0.123698	0.0	0.00775275	-0.163156	-0.9865700000000001	0.0	-0.7258680000000001	-0.679513	0.106672	0.0	0.984643	1.73155	-1.3779299999999999	0.0	
0	0.983187	0.102202	-0.151318	0.0	0.11229700000000001	0.31501999999999997	0.942418	0.0	0.143985	-0.943566	0.298247	0.0	-1.99288	1.31198	-2.70332	0.0	-0.690913	0.712088	-0.12478199999999999	0.0	0.00665832	-0.166328	-0.9860479999999999	0.0	-0.722908	-0.682104	0.110177	0.0	0.976181	1.6933	-1.37923	0.0	
0	0.98083	0.0449856	-0.189604	0.0	0.162468	0.34847100000000003	0.923132	0.0	0.107599	-0.9362389999999999	0.334482	0.0	-2.13452	1.1731200000000002	-2.65443	0.0	-0.694526	0.708116	-0.127301	0.0	0.00641903	-0.17083199999999998	-0.9852790000000001	0.0	-0.719439	-0.6851189999999999	0.114102	0.0	0.9703280000000001	1.65962	-1.36075	0.0	
0	0.977807	0.021984599999999997	-0.20835	0.0	0.187385	0.353004	0.916665	0.0	0.09370089999999999	-0.935364	0.34105	0.0	-2.2589099999999998	1.11863	-2.63033	0.0	-0.699104	0.703299	-0.128934	0.0	0.00543666	-0.17508900000000002	-0.9845379999999999	0.0	-0.715	-0.688995	0.11858199999999999	0.0	0.9596969999999999	1.62189	-1.34956	0.0	
0	0.975374	0.062491599999999994	-0.21151999999999999	0.0	0.180046	0.328333	0.9272440000000001	0.0	0.127394	-0.942493	0.308996	0.0	-2.33257	1.12259	-2.6498	0.0	-0.7063510000000001	0.6957840000000001	-0.13020299999999999	0.0	0.00122225	-0.182739	-0.9831610000000001	0.0	-0.707861	-0.694615	0.128227	0.0	0.943449	1.56585	-1.3274	0.0	
0	0.954031	0.28967800000000005	-0.0768862	0.0	0.0318301	0.157156	0.9870610000000001	0.0	0.29801300000000003	-0.944134	0.140711	0.0	-2.1791400000000003	1.30521	-2.71877	0.0	-0.711024	0.692127	-0.12412000000000001	0.0	-0.00483558	-0.181325	-0.9834120000000001	0.0	-0.703152	-0.698628	0.132273	0.0	0.919401	1.5326899999999999	-1.31504	0.0	
0	0.897175	0.438385	0.05380830000000001	0.0	-0.05704019999999999	-0.00580485	0.9983549999999999	0.0	0.43797600000000003	-0.898769	0.0197976	0.0	-2.0956	1.52789	-2.6173	0.0	-0.713661	0.688974	-0.126502	0.0	-0.0011912000000000001	-0.181784	-0.9833379999999999	0.0	-0.70049	-0.701619	0.130553	0.0	0.9242790000000001	1.51908	-1.33208	0.0	
0	0.8356030000000001	0.524325	0.16385999999999998	0.0	-0.0698826	-0.194405	0.9784290000000001	0.0	0.54487	-0.8290299999999999	-0.125804	0.0	-2.18096	1.7704799999999998	-2.38318	0.0	-0.7133189999999999	0.68799	-0.13358599999999998	0.0	0.00474489	-0.185864	-0.982564	0.0	-0.700823	-0.701516	0.12931600000000001	0.0	0.948737	1.51489	-1.35558	0.0	
0	0.808156	0.548443	0.214693	0.0	-0.0642273	-0.280285	0.957766	0.0	0.5854560000000001	-0.787814	-0.19128900000000001	0.0	-2.33415	1.7511700000000001	-2.00543	0.0	-0.713955	0.6866329999999999	-0.137131	0.0	0.0073193	-0.18851800000000002	-0.982043	0.0	-0.7001539999999999	-0.702137	0.12956700000000002	0.0	0.9673069999999999	1.51355	-1.36406	0.0	
0	0.799029	0.5475300000000001	0.248523	0.0	-0.0609922	-0.33738	0.939391	0.0	0.598191	-0.765759	-0.236181	0.0	-2.5272900000000003	1.50373	-1.6096	2.1664200000000002e-05	-0.711939	0.688923	-0.13611900000000002	0.0	0.00569272	-0.188166	-0.9821209999999999	0.0	-0.702218	-0.6999850000000001	0.13004100000000002	0.0	0.974965	1.52312	-1.36815	0.0	
0	0.8118350000000001	0.522839	0.259929	0.0	-0.07699489999999999	-0.345423	0.935283	0.0	0.578788	-0.779309	-0.240171	0.0	-2.78733	0.972291	-1.24176	0.0	-0.71296	0.688439	-0.133189	0.0	0.00295419	-0.186993	-0.9823569999999999	0.0	-0.701199	-0.700775	0.13128499999999999	0.0	0.9612370000000001	1.51292	-1.36164	0.0	
0	0.815858	0.52051	0.251882	0.0	-0.0859733	-0.32156399999999996	0.9429770000000001	0.0	0.571825	-0.79099	-0.21760100000000002	0.0	-2.89911	0.762228	-1.1494799999999998	0.0	-0.71346	0.688001	-0.13278	0.0	0.0032438000000000002	-0.186252	-0.982497	0.0	-0.700689	-0.701403	0.130651	0.0	0.9553809999999999	1.50641	-1.3648799999999999	0.0	
0	0.824778	0.504896	0.254601	0.0	-0.137203	-0.25811100000000003	0.9563229999999999	0.0	0.548559	-0.823686	-0.14361	0.0	-3.10242	0.31012199999999995	-0.997447	0.0	-0.715613	0.685718	-0.132996	0.0	0.00426358	-0.186112	-0.982519	0.0	-0.698484	-0.703671	0.13026	0.0	0.940643	1.47044	-1.38839	0.0	
0	0.8272790000000001	0.497996	0.26002	0.0	-0.159114	-0.23618899999999998	0.958591	0.0	0.538788	-0.8343950000000001	-0.116156	0.0	-3.14867	0.19098299999999999	-0.982532	0.0	-0.716697	0.6845289999999999	-0.133287	0.0	0.00468093	-0.186398	-0.982463	0.0	-0.6973689999999999	-0.704753	0.130386	0.0	0.93801	1.45933	-1.4047	0.0	
0	0.83335	0.475812	0.281301	0.0	-0.20282	-0.210195	0.95639	0.0	0.5141899999999999	-0.8540620000000001	-0.0786618	0.0	-3.14288	0.0680821	-0.969515	0.0	-0.719633	0.6810649999999999	-0.1352	0.0	0.0053255	-0.18929300000000002	-0.981906	0.0	-0.694335	-0.707332	0.13259500000000002	0.0	0.9348209999999999	1.43572	-1.41424	0.0	
0	0.8501280000000001	0.42666400000000004	0.308611	0.0	-0.261148	-0.16730699999999998	0.9506889999999999	0.0	0.45725699999999997	-0.8888010000000001	-0.0308101	0.0	-3.09737	-0.072133	-1.00489	0.0	-0.724687	0.675319	-0.137017	0.0	0.00452316	-0.194174	-0.980957	0.0	-0.689064	-0.7115060000000001	0.13766099999999998	0.0	0.9235459999999999	1.39449	-1.41439	0.0	
0	0.85595	0.385332	0.344773	0.0	-0.32046199999999997	-0.127936	0.9385819999999999	0.0	0.40577399999999997	-0.913867	0.013977000000000002	0.0	-3.00749	-0.243154	-1.09449	0.0	-0.7311340000000001	0.6679999999999999	-0.13863499999999998	0.0	0.00469771	-0.198274	-0.980136	0.0	-0.682218	-0.717262	0.141826	0.0	0.906789	1.34879	-1.41543	0.0	
0	0.858655	0.367899	0.356879	0.0	-0.33837	-0.11611199999999999	0.9338219999999999	0.0	0.38499	-0.922588	0.0247857	0.0	-2.96225	-0.272899	-1.10859	0.0	-0.73153	0.667743	-0.137781	0.0	0.00423914	-0.197623	-0.9802690000000001	0.0	-0.681797	-0.71768	0.141736	0.0	0.904439	1.3427	-1.41601	0.0	
0	0.870474	0.30595	0.385577	0.0	-0.385447	-0.0634724	0.920544	0.0	0.306114	-0.9499290000000001	0.0626766	0.0	-2.87434	-0.383722	-1.18012	0.0	-0.732837	0.665987	-0.139328	0.0	0.00576067	-0.198692	-0.980045	0.0	-0.680381	-0.719015	0.141772	0.0	0.908524	1.33358	-1.42039	0.0	
0	0.882713	0.27508	0.380984	0.0	-0.39413000000000004	-0.00809979	0.919019	0.0	0.255889	-0.9613870000000001	0.101267	0.0	-2.87886	-0.50649	-1.20886	0.0	-0.733169	0.6652060000000001	-0.141294	0.0	0.0075663	-0.19977899999999998	-0.9798120000000001	0.0	-0.6800039999999999	-0.719437	0.141438	0.0	0.919645	1.32933	-1.42734	0.0	
0	0.885342	0.259398	0.385852	0.0	-0.403572	0.0166663	0.9147959999999999	0.0	0.230866	-0.965627	0.119441	0.0	-2.89245	-0.576724	-1.22343	0.0	-0.732839	0.665383	-0.14216800000000002	0.0	0.00752082	-0.201013	-0.97956	0.0	-0.6803600000000001	-0.718929	0.142306	0.0	0.9237219999999999	1.3315299999999999	-1.43145	0.0	
0	0.878633	0.25808200000000003	0.401742	0.0	-0.428453	0.0547068	0.901907	0.0	0.210788	-0.9645729999999999	0.158643	0.0	-2.86619	-0.702973	-1.14044	0.0	-0.733642	0.664343	-0.14289100000000002	0.0	0.00604266	-0.20389100000000002	-0.978975	0.0	-0.6795100000000001	-0.7190810000000001	0.145568	0.0	0.925508	1.31346	-1.41371	0.0	
0	0.87697	0.25907600000000003	0.404725	0.0	-0.43137	0.0532798	0.9006	0.0	0.21176	-0.9643860000000001	0.15848199999999998	0.0	-2.85705	-0.718491	-1.10306	0.0	-0.733608	0.664281	-0.143353	0.0	0.00580871	-0.204808	-0.978785	0.0	-0.6795479999999999	-0.718877	0.14639000000000002	0.0	0.9249729999999999	1.30849	-1.40467	0.0	
0	0.87664	0.263729	0.402428	0.0	-0.42895	0.049509500000000005	0.90197	0.0	0.217952	-0.963325	0.156529	0.0	-2.83833	-0.734957	-1.10904	0.0	-0.73541	0.662168	-0.143896	0.0	0.00486612	-0.207188	-0.978289	0.0	-0.677606	-0.720143	0.149146	0.0	0.921581	1.3007799999999998	-1.38725	0.0	
0	0.876569	0.26558400000000004	0.401363	0.0	-0.427914	0.0484139	0.9025219999999999	0.0	0.220264	-0.9628709999999999	0.156085	0.0	-2.8191900000000003	-0.730746	-1.14378	0.0	-0.736796	0.660521	-0.144374	0.0	0.00403574	-0.209234	-0.977857	0.0	-0.676103	-0.721064	0.151497	0.0	0.917884	1.29135	-1.39593	0.0	
0	0.877287	0.263847	0.400938	0.0	-0.42702399999999996	0.047689999999999996	0.902982	0.0	0.219129	-0.963385	0.154507	0.0	-2.81324	-0.727089	-1.15124	0.0	-0.737117	0.660065	-0.144823	0.0	0.00407669	-0.209963	-0.977701	0.0	-0.6757529999999999	-0.72127	0.152076	0.0	0.916702	1.2865799999999998	-1.4011799999999999	0.0	
0	0.878065	0.263744	0.399301	0.0	-0.42466800000000005	0.0448273	0.9042389999999999	0.0	0.220588	-0.963551	0.151365	0.0	-2.8237099999999997	-0.725306	-1.15777	0.0	-0.737792	0.659092	-0.145809	0.0	0.00322184	-0.21256399999999998	-0.977142	0.0	-0.675021	-0.7213970000000001	0.154705	0.0	0.9148649999999999	1.28616	-1.4029399999999999	0.0	
0	0.8780379999999999	0.2688	0.395974	0.0	-0.421728	0.0434031	0.905683	0.0	0.22626100000000002	-0.962218	0.15147	0.0	-2.83336	-0.723978	-1.15547	0.0	-0.737901	0.658991	-0.14571900000000002	0.0	0.00327745	-0.21240799999999999	-0.977176	0.0	-0.674902	-0.721536	0.154576	0.0	0.911307	1.28274	-1.40431	0.0	
0	0.8790950000000001	0.277792	0.387329	0.0	-0.41773699999999997	0.057691099999999995	0.9067350000000001	0.0	0.22953800000000002	-0.958907	0.16676	0.0	-2.8143	-0.710475	-1.12487	0.0	-0.738012	0.6588	-0.146021	0.0	0.00212523	-0.214125	-0.9768040000000001	0.0	-0.6747850000000001	-0.7212029999999999	0.156626	0.0	0.907394	1.28273	-1.40323	0.0	
0	0.879091	0.278013	0.387178	0.0	-0.41764300000000004	0.057780399999999996	0.9067719999999999	0.0	0.22972399999999998	-0.958838	0.166904	0.0	-2.81469	-0.710904	-1.12622	0.0	-0.738015	0.658795	-0.146026	0.0	0.00216481	-0.21409099999999998	-0.9768110000000001	0.0	-0.6747810000000001	-0.721217	0.156576	0.0	0.9074180000000001	1.28261	-1.40336	0.0	
0	0.8790879999999999	0.278023	0.387178	0.0	-0.41764700000000005	0.0577875	0.9067700000000001	0.0	0.229729	-0.958835	0.166916	0.0	-2.81471	-0.7109260000000001	-1.12629	0.0	-0.738015	0.658795	-0.146026	0.0	0.00216419	-0.214092	-0.9768110000000001	0.0	-0.6747810000000001	-0.721217	0.156577	0.0	0.907415	1.2826	-1.40337	0.0	
0	0.8790879999999999	0.278023	0.387178	0.0	-0.41764700000000005	0.0577875	0.9067700000000001	0.0	0.229729	-0.958835	0.166916	0.0	-2.81471	-0.710925	-1.12629	0.0	-0.738015	0.658795	-0.146026	0.0	0.00216359	-0.214092	-0.9768110000000001	0.0	-0.6747810000000001	-0.721217	0.156578	0.0	0.907415	1.2826	-1.40337	0.0	
0	0.8790879999999999	0.278023	0.387178	0.0	-0.41764700000000005	0.0577877	0.9067700000000001	0.0	0.229729	-0.958835	0.166916	0.0	-2.81471	-0.7109260000000001	-1.12629	0.0	-0.738015	0.658795	-0.146026	0.0	0.00216404	-0.214092	-0.9768110000000001	0.0	-0.6747810000000001	-0.721217	0.156577	0.0	0.907415	1.2826	-1.40337	0.0	
0	0.8790879999999999	0.278023	0.387178	0.0	-0.41764700000000005	0.0577875	0.9067700000000001	0.0	0.229729	-0.958835	0.166916	0.0	-2.81471	-0.7109260000000001	-1.12629	0.0	-0.738015	0.658795	-0.146026	0.0	0.00216371	-0.214092	-0.9768110000000001	0.0	-0.6747810000000001	-0.721217	0.156578	0.0	0.907415	1.2826	-1.40337	0.0	
0	0.8790879999999999	0.278023	0.387178	0.0	-0.41764700000000005	0.0577874	0.9067700000000001	0.0	0.229729	-0.958835	0.166916	0.0	-2.81471	-0.710925	-1.12629	0.0	-0.738015	0.658795	-0.146026	0.0	0.00216374	-0.214092	-0.9768110000000001	0.0	-0.6747810000000001	-0.721217	0.156578	0.0	0.907415	1.2826	-1.40337	0.0	
0	0.8790879999999999	0.278023	0.387178	0.0	-0.41764700000000005	0.05778730000000001	0.9067700000000001	0.0	0.229729	-0.958835	0.166916	0.0	-2.81471	-0.710925	-1.12629	0.0	-0.738015	0.658795	-0.146026	0.0	0.00216377	-0.214092	-0.9768110000000001	0.0	-0.6747810000000001	-0.721217	0.156578	0.0	0.907415	1.2826	-1.40337	0.0	
0	0.8790879999999999	0.278023	0.387178	0.0	-0.41764700000000005	0.0577875	0.9067700000000001	0.0	0.229729	-0.958835	0.166916	0.0	-2.81471	-0.710925	-1.12629	0.0	-0.738015	0.658795	-0.146026	0.0	0.00216368	-0.214092	-0.9768110000000001	0.0	-0.6747810000000001	-0.721217	0.156578	0.0	0.907415	1.2826	-1.40337	0.0	
0	0.8790879999999999	0.278023	0.387178	0.0	-0.41764700000000005	0.05778780000000001	0.9067700000000001	0.0	0.229729	-0.958835	0.166916	0.0	-2.81471	-0.7109260000000001	-1.12629	0.0	-0.738015	0.658795	-0.146026	0.0	0.00216392	-0.214092	-0.9768110000000001	0.0	-0.6747810000000001	-0.721217	0.156577	0.0	0.907415	1.2826	-1.40337	0.0	
0	0.8790879999999999	0.278023	0.387178	0.0	-0.41764700000000005	0.05778780000000001	0.9067700000000001	0.0	0.229729	-0.958835	0.166916	0.0	-2.81471	-0.710925	-1.12629	0.0	-0.738015	0.658795	-0.146026	0.0	0.00216392	-0.214092	-0.9768110000000001	0.0	-0.6747810000000001	-0.721217	0.156577	0.0	0.907415	1.2826	-1.40337	0.0	
0	0.8790879999999999	0.278023	0.387178	0.0	-0.41764700000000005	0.057788	0.9067700000000001	0.0	0.229729	-0.958835	0.166916	0.0	-2.81471	-0.710925	-1.12629	0.0	-0.738015	0.658795	-0.146026	0.0	0.00216374	-0.214092	-0.9768110000000001	0.0	-0.6747810000000001	-0.721217	0.156578	0.0	0.907415	1.2826	-1.40337	0.0	
0	0.8790879999999999	0.278023	0.387178	0.0	-0.41764700000000005	0.057787599999999995	0.9067700000000001	0.0	0.229729	-0.958835	0.166916	0.0	-2.81471	-0.7109260000000001	-1.12629	0.0	-0.738015	0.658795	-0.146026	0.0	0.00216401	-0.214092	-0.9768110000000001	0.0	-0.6747810000000001	-0.721217	0.156577	0.0	0.907415	1.2826	-1.40337	0.0	
0	0.8790879999999999	0.278023	0.387178	0.0	-0.417646	0.0577875	0.9067700000000001	0.0	0.229729	-0.958835	0.166916	0.0	-2.81471	-0.7109260000000001	-1.12629	0.0	-0.738015	0.658795	-0.146026	0.0	0.00216377	-0.214092	-0.9768110000000001	0.0	-0.674782	-0.721217	0.156577	0.0	0.907415	1.2826	-1.40337	0.0	
0	0.8790879999999999	0.278023	0.387178	0.0	-0.41764700000000005	0.05778780000000001	0.9067700000000001	0.0	0.229729	-0.958835	0.166916	0.0	-2.81471	-0.7109260000000001	-1.12629	0.0	-0.738015	0.658795	-0.146026	0.0	0.00216401	-0.214092	-0.9768110000000001	0.0	-0.6747810000000001	-0.721217	0.156577	0.0	0.907415	1.2826	-1.40337	0.0	
0	0.8790879999999999	0.278023	0.387178	0.0	-0.41764700000000005	0.0577877	0.9067700000000001	0.0	0.229729	-0.958835	0.166916	0.0	-2.81471	-0.7109260000000001	-1.12629	0.0	-0.738015	0.658795	-0.146026	0.0	0.00216359	-0.214092	-0.9768110000000001	0.0	-0.6747810000000001	-0.721217	0.156578	0.0	0.907415	1.2826	-1.40337	0.0	
0	0.789443	0.324778	0.520864	0.0	-0.33823200000000003	-0.47794899999999996	0.810657	0.0	0.512229	-0.81614	-0.267463	0.0	-2.8233900000000003	-0.717793	-1.17726	0.0	-0.755066	0.637469	-0.153325	0.0	0.00784022	-0.22505799999999998	-0.9743139999999999	0.0	-0.655602	-0.736873	0.164935	0.0	0.902958	1.29445	-1.34944	0.0	
0	0.785464	0.335566	0.52004	0.0	-0.345972	-0.458646	0.818503	0.0	0.5131760000000001	-0.822824	-0.244153	0.0	-2.8879099999999998	-0.797057	-1.12022	0.0	-0.756363	0.635706	-0.15425	0.0	0.0078395	-0.226976	-0.9738690000000001	0.0	-0.6541060000000001	-0.737807	0.166692	0.0	0.903072	1.29935	-1.3451799999999998	0.0	
