3	0.17448699999999998	0.760428	-0.6255430000000001	0.0	0.515083	0.470945	0.716171	0.0	0.8391930000000001	-0.447168	-0.30951	0.0	-2.7508	2.0148200000000003	1.3297299999999999	0.00132895	-0.593133	0.516197	-0.617847	0.0	0.750911	0.0778973	-0.6557930000000001	0.0	-0.29039	-0.8529200000000001	-0.43382200000000004	0.0	2.66032	2.0	1.53809	0.0	
3	0.17448699999999998	0.760428	-0.6255430000000001	0.0	0.515083	0.470945	0.716171	0.0	0.8391930000000001	-0.447168	-0.30951	0.0	-2.7508	2.0148200000000003	1.3297299999999999	0.00132895	-0.593133	0.516197	-0.617847	0.0	0.750911	0.0778973	-0.6557930000000001	0.0	-0.29039	-0.8529200000000001	-0.43382200000000004	0.0	2.66032	2.0	1.53809	0.0	
3	-0.8714370000000001	0.34421999999999997	-0.34944400000000003	0.0	0.0225601	0.739785	0.672466	0.0	0.489989	0.578128	-0.6524409999999999	0.0	-2.53111	2.0446	1.22042	-0.011471700000000001	-0.593133	0.516197	-0.617847	0.0	0.750962	0.0780455	-0.655718	0.0	-0.290259	-0.8529059999999999	-0.433936	0.0	2.66032	2.0	1.53809	0.0	
3	-0.8380719999999999	0.48016099999999995	-0.259002	0.0	0.11314300000000001	0.6173930000000001	0.7784760000000001	0.0	0.5336989999999999	0.6231140000000001	-0.571747	0.0	-2.36048	2.0776	1.11077	0.0867195	-0.593133	0.516197	-0.617846	0.0	0.750999	0.0781561	-0.6556609999999999	0.0	-0.290162	-0.8528959999999999	-0.434021	0.0	2.66032	2.0	1.53809	0.0	
3	-0.701171	0.616959	-0.357381	0.0	0.0303447	0.526608	0.8495659999999999	0.0	0.7123470000000001	0.584847	-0.387964	0.0	-2.21073	2.0213400000000004	1.17042	0.121761	-0.593132	0.516197	-0.617846	0.0	0.751043	0.07828550000000001	-0.655596	0.0	-0.29004800000000003	-0.852884	-0.43412	0.0	2.66032	2.0	1.53809	0.0	
3	-0.5153310000000001	0.60406	-0.607903	0.0	-0.0366181	0.693177	0.719837	0.0	0.856209	0.393214	-0.335096	0.0	-2.13416	1.9058599999999999	1.30141	0.134972	0.161888	0.490816	-0.8560909999999999	0.0	0.6408739999999999	-0.711976	-0.287002	0.0	-0.750382	-0.502185	-0.42981099999999994	0.0	2.61642	2.03258	1.4913399999999999	0.0240446	
3	-0.240871	0.627078	-0.74078	0.0	0.11785899999999999	0.776502	0.6189939999999999	0.0	0.963374	0.061790599999999994	-0.260944	0.0	-1.98691	1.5439	1.41272	0.00192491	0.5685359999999999	-0.00484993	-0.822644	0.0	0.0252457	-0.999409	0.0233396	0.0	-0.8222709999999999	-0.034037599999999994	-0.568078	0.0	2.47985	2.16738	1.3739299999999999	-0.000597954	
3	-0.07020660000000001	0.6522859999999999	-0.7547149999999999	0.0	0.277307	0.739522	0.613358	0.0	0.9582129999999999	-0.166226	-0.232803	0.0	-1.9467	1.2605	1.2707	0.0	0.588883	0.140329	-0.7959430000000001	0.0	0.0828967	-0.9901049999999999	-0.113229	0.0	-0.803956	0.0006977730000000001	-0.594689	0.0	2.45305	2.29307	1.17831	0.0	
3	-0.0277346	0.7179979999999999	-0.695493	0.0	0.279411	0.673596	0.68425	0.0	0.9597709999999999	-0.175351	-0.21929899999999997	0.0	-1.89567	1.1255600000000001	0.95276	0.0	0.625988	0.24875999999999998	-0.739092	0.0	0.11005899999999999	-0.966454	-0.232068	0.0	-0.772027	0.06392819999999999	-0.632367	0.0	2.4918400000000003	2.4529	0.927257	0.21190100000000003	
3	0.029291200000000003	0.817453	-0.57525	0.0	0.347619	0.5312439999999999	0.77262	0.0	0.9371780000000001	-0.222599	-0.26860100000000003	0.0	-1.8717599999999999	1.13126	0.62117	0.215971	0.5757180000000001	0.284682	-0.7664890000000001	0.0	0.187201	-0.9584239999999999	-0.21535900000000002	0.0	-0.79593	-0.019501400000000002	-0.605075	0.0	2.38136	2.3670400000000003	0.8914049999999999	0.04965	
3	0.221171	0.808774	-0.544949	0.0	0.40578600000000004	0.431799	0.8055359999999999	0.0	0.886804	-0.399294	-0.23268699999999998	0.0	-1.77947	0.99761	0.469207	0.0017486000000000001	0.41495299999999996	0.418729	-0.807763	0.0	0.298626	-0.901302	-0.313811	0.0	-0.85944	-0.111002	-0.499042	0.0	2.13754	2.1267099999999997	1.05306	0.0	
3	0.443416	0.6975859999999999	-0.562811	0.0	0.515832	0.31490300000000004	0.796715	0.0	0.733008	-0.643591	-0.22020399999999998	0.0	-1.75646	0.766423	0.24190599999999998	-0.00010967299999999999	0.40966199999999997	0.49009300000000006	-0.769406	0.0	0.291618	-0.8695280000000001	-0.398599	0.0	-0.8643700000000001	-0.061082000000000004	-0.499133	0.0	1.9708700000000001	2.03743	1.0788799999999998	0.108668	
3	0.718536	0.582404	-0.380146	0.0	0.372508	0.139301	0.917515	0.0	0.5873189999999999	-0.800875	-0.11685699999999999	0.0	-1.7462099999999998	0.581551	0.053653	0.24508000000000002	0.00983411	0.589394	-0.807786	0.0	0.48911400000000005	-0.707425	-0.510212	0.0	-0.8721639999999999	-0.39008200000000004	-0.295238	0.0	1.7469599999999998	1.7367	1.4762600000000001	0.0	
3	0.9069440000000001	0.417825	-0.053622199999999995	0.0	0.09767999999999999	-0.08476900000000001	0.9916010000000001	0.0	0.40976999999999997	-0.9045639999999999	-0.11769400000000001	0.0	-1.7279799999999998	0.9056559999999999	-0.09524260000000001	0.22196300000000002	-0.6236729999999999	0.55667	-0.548772	0.0	0.515955	-0.23422300000000001	-0.8239719999999999	0.0	-0.587216	-0.797031	-0.141138	0.0	1.4227	1.42224	1.839	0.176892	
3	0.9280290000000001	0.349719	-0.12828900000000001	0.0	0.18011	-0.119798	0.976324	0.0	0.326071	-0.929164	-0.174164	0.0	-1.6821	1.26437	-0.26771100000000003	0.00524783	-0.6516930000000001	0.47624399999999995	-0.590329	0.0	0.545689	-0.24617600000000003	-0.801013	0.0	-0.526802	-0.84415	-0.09944960000000001	0.0	1.10741	1.68967	1.8246799999999999	-0.000690497	
3	0.799921	0.330445	-0.500931	0.0	0.5022439999999999	0.088219	0.8602139999999999	0.0	0.328445	-0.939693	-0.09539600000000001	0.0	-1.72233	1.16079	-0.18262899999999999	0.0	-0.584118	0.46677299999999994	-0.664025	0.0	0.569886	-0.346686	-0.745009	0.0	-0.577958	-0.813592	-0.06350109999999999	0.0	1.03496	1.7838900000000002	1.8846599999999998	0.0	
3	0.797715	0.447034	-0.404735	0.0	0.399488	0.111015	0.909992	0.0	0.451729	-0.887601	-0.09002689999999999	0.0	-1.76226	0.912993	-0.213213	0.0	-0.422688	0.524971	-0.738743	0.0	0.56502	-0.484677	-0.667713	0.0	-0.7085819999999999	-0.699638	-0.0917528	0.0	0.9794950000000001	1.85153	1.80555	0.124208	
3	0.8157300000000001	0.457484	-0.35396700000000003	0.0	0.368529	0.060621100000000004	0.927638	0.0	0.445838	-0.887149	-0.119146	0.0	-1.80867	0.553959	-0.30030100000000004	0.0	-0.338122	0.485604	-0.80614	0.0	0.565135	-0.5801810000000001	-0.586526	0.0	-0.7525270000000001	-0.653895	-0.0782603	0.0	0.9261950000000001	1.6496	1.7541900000000001	0.0550008	
3	0.825314	0.49852299999999994	-0.2652	0.0	0.312661	-0.012357799999999999	0.949784	0.0	0.47021199999999996	-0.8667879999999999	-0.166068	0.0	-1.9293	0.185748	-0.42762799999999995	0.0801494	-0.282667	0.471721	-0.8352120000000001	0.0	0.612954	-0.580926	-0.5355489999999999	0.0	-0.737826	-0.663328	-0.12493499999999999	0.0	0.988823	1.37517	1.7584400000000002	5.10216e-05	
3	0.8346549999999999	0.527562	-0.158207	0.0	0.23471599999999998	-0.0808466	0.9686959999999999	0.0	0.49825699999999995	-0.8456610000000001	-0.191306	0.0	-1.9757200000000001	-0.20549800000000001	-0.564645	0.35985500000000004	-0.145063	0.58514	-0.797852	0.0	0.516007	-0.643293	-0.565606	0.0	-0.8442120000000001	-0.493746	-0.20861799999999997	0.0	1.07325	1.2158200000000001	1.58574	0.0	
3	0.8423729999999999	0.524096	-0.125425	0.0	0.21759699999999998	-0.117868	0.9688959999999999	0.0	0.493011	-0.843464	-0.21333000000000002	0.0	-1.9073200000000001	-0.475893	-0.67632	0.344837	0.0151982	0.5898329999999999	-0.8073819999999999	0.0	0.471254	-0.7163930000000001	-0.51449	0.0	-0.881866	-0.372663	-0.28884899999999997	0.0	1.0896700000000001	1.20509	1.4044299999999998	0.208085	
3	0.822873	0.5286569999999999	-0.208329	0.0	0.306185	-0.103673	0.94631	0.0	0.478675	-0.8424809999999999	-0.247177	0.0	-1.87835	-0.585754	-0.788495	0.172295	0.0795966	0.45583599999999996	-0.886498	0.0	0.46725200000000006	-0.8026300000000001	-0.370757	0.0	-0.880534	-0.384707	-0.276877	0.0	1.05671	1.04904	1.27399	0.0395351	
3	0.758027	0.509147	-0.407632	0.0	0.512406	-0.0782101	0.855175	0.0	0.40352899999999997	-0.8571190000000001	-0.320175	0.0	-2.0586599999999997	-0.551782	-0.860275	0.00010967299999999999	0.255923	0.405428	-0.8775709999999999	0.0	0.408966	-0.867973	-0.28172800000000003	0.0	-0.875928	-0.286796	-0.387941	0.0	1.2221799999999998	1.2353399999999999	1.18941	0.0	
3	0.7208859999999999	0.561003	-0.406939	0.0	0.536159	-0.0793713	0.840377	0.0	0.439155	-0.8240000000000001	-0.358004	0.0	-2.17098	-0.411688	-0.92185	0.0	0.512059	0.290744	-0.808247	0.0	0.14890899999999999	-0.9567709999999999	-0.249831	0.0	-0.845944	0.00757264	-0.5332180000000001	0.0	1.4616	1.70376	0.9426680000000001	0.00807558	
3	0.648732	0.650932	-0.394251	0.0	0.5387609999999999	-0.026949	0.8420280000000001	0.0	0.537478	-0.7586579999999999	-0.36818	0.0	-2.23656	-0.25932	-0.9289370000000001	0.0	0.5954729999999999	0.027494099999999997	-0.802905	0.0	-0.102601	-0.9886280000000001	-0.109947	0.0	-0.796797	0.147849	-0.5858800000000001	0.0	1.7536200000000002	2.02211	0.7199	0.156693	
3	0.373709	0.689196	-0.620766	0.0	0.6481020000000001	0.28475700000000004	0.7063119999999999	0.0	0.663555	-0.666275	-0.340253	0.0	-2.24421	-0.184642	-0.905417	0.0	0.546411	0.0187485	-0.8373079999999999	0.0	-0.027797900000000004	-0.998793	-0.0405047	0.0	-0.8370559999999999	0.045407499999999996	-0.54523	0.0	1.82713	1.8968900000000002	0.799661	0.0	
3	0.142165	0.707687	-0.692075	0.0	0.615207	0.484562	0.621868	0.0	0.775442	-0.514178	-0.36648600000000003	0.0	-2.1959299999999997	0.10873	-0.8276819999999999	0.0	0.594234	-0.060962999999999996	-0.801979	0.0	-0.171148	-0.9838709999999999	-0.0520241	0.0	-0.785872	0.16817200000000002	-0.5950840000000001	0.0	1.96197	1.97492	0.7037899999999999	0.0	
3	0.0909898	0.772365	-0.628629	0.0	0.572628	0.475872	0.667565	0.0	0.81475	-0.420712	-0.398978	0.0	-2.16847	0.316415	-0.797966	0.0	0.5978359999999999	-0.07696789999999999	-0.7979149999999999	0.0	-0.202593	-0.9775739999999999	-0.057494399999999994	0.0	-0.775595	0.196024	-0.600022	0.0	2.04002	2.04915	0.681437	0.0	
3	-0.00341379	0.810462	-0.585782	0.0	0.530195	0.49813900000000005	0.686113	0.0	0.8478690000000001	-0.308236	-0.431403	0.0	-2.21474	0.735291	-0.771984	0.0	0.588182	-0.0893477	-0.803778	0.0	-0.255885	-0.9633780000000001	-0.0801612	0.0	-0.7671789999999999	0.252824	-0.5895050000000001	0.0	2.18885	2.16363	0.62045	0.0	
3	-0.00134525	0.8130649999999999	-0.582171	0.0	0.538421	0.491171	0.6847300000000001	0.0	0.842675	-0.31253200000000003	-0.438432	0.0	-2.2639400000000003	0.814081	-0.7310840000000001	0.0	0.5723060000000001	-0.09405169999999999	-0.814629	0.0	-0.291077	-0.9520129999999999	-0.0945788	0.0	-0.766642	0.291248	-0.5722189999999999	0.0	2.2589799999999998	2.17408	0.599428	0.0	
3	-0.000235032	0.8195819999999999	-0.572962	0.0	0.5460550000000001	0.480104	0.686531	0.0	0.837749	-0.312707	-0.44764899999999996	0.0	-2.29474	0.835289	-0.714409	0.0	0.684505	0.0821069	-0.72437	0.0	-0.219479	-0.924326	-0.312172	0.0	-0.695185	0.372667	-0.614685	0.0	2.31041	2.18761	0.527016	0.0	
3	0.0784584	0.874602	-0.478451	0.0	0.573983	0.35277	0.738984	0.0	0.8151	-0.332602	-0.474329	0.0	-2.2897	0.860707	-0.7185020000000001	0.0	0.754019	0.41128000000000003	-0.512157	0.0	0.0773044	-0.829857	-0.552595	0.0	-0.652288	0.377075	-0.657522	0.0	2.3758	2.1938400000000002	0.419361	0.0	
3	0.237884	0.921623	-0.306632	0.0	0.6069720000000001	0.10540699999999999	0.787702	0.0	0.758285	-0.37349899999999997	-0.534324	0.0	-2.30058	0.854298	-0.792184	0.060975	0.65294	0.627482	-0.424188	0.0	0.28286100000000003	-0.721546	-0.63195	0.0	-0.702608	0.29264	-0.648617	0.0	2.36302	2.1502	0.43746499999999994	0.0	
3	0.320319	0.914075	-0.248723	0.0	0.604784	0.00476218	0.796375	0.0	0.7291310000000001	-0.405518	-0.551293	0.0	-2.3197799999999997	0.839316	-0.8311870000000001	0.256231	0.6208020000000001	0.65942	-0.423994	0.0	0.33181	-0.711009	-0.619975	0.0	-0.710287	0.244196	-0.660197	0.0	2.32881	2.14614	0.508551	0.0	
3	0.33649	0.914135	-0.226123	0.0	0.616585	-0.032381599999999996	0.786622	0.0	0.711757	-0.404115	-0.574538	0.0	-2.3077400000000003	0.836817	-0.848685	0.265982	0.6148939999999999	0.6338520000000001	-0.469188	0.0	0.326806	-0.746275	-0.57989	0.0	-0.717707	0.203237	-0.666026	0.0	2.27593	2.1616400000000002	0.564183	0.0	
3	0.338323	0.9122709999999999	-0.23086700000000002	0.0	0.615781	-0.029106	0.78738	0.0	0.711584	-0.40855199999999997	-0.5716060000000001	0.0	-2.28598	0.8208270000000001	-0.8468129999999999	0.196467	0.605489	0.462729	-0.6475069999999999	0.0	0.18374400000000002	-0.872899	-0.451981	0.0	-0.774352	0.154694	-0.613554	0.0	2.22929	2.16471	0.695496	0.106323	
3	0.316902	0.9064549999999999	-0.27912800000000004	0.0	0.590262	0.0418737	0.806125	0.0	0.742404	-0.420221	-0.521776	0.0	-2.27533	0.7517550000000001	-0.791567	0.0	0.601587	0.401721	-0.690444	0.0	0.150253	-0.9058219999999999	-0.396119	0.0	-0.7845489999999999	0.13455799999999998	-0.60529	0.0	2.18942	2.16757	0.7488779999999999	0.11523900000000001	
3	0.23062	0.876999	-0.421529	0.0	0.583543	0.222007	0.781147	0.0	0.778648	-0.42612799999999995	-0.46056800000000003	0.0	-2.30266	0.693422	-0.727959	0.0	0.5453140000000001	0.45316000000000006	-0.70518	0.0	0.11735599999999999	-0.874259	-0.471062	0.0	-0.829976	0.17412	-0.529926	0.0	2.14411	2.10052	0.800795	0.0472834	
3	0.175268	0.8681040000000001	-0.46441099999999996	0.0	0.554768	0.302609	0.7750229999999999	0.0	0.813335	-0.393477	-0.428558	0.0	-2.32465	0.65542	-0.713697	0.0	0.530655	0.470112	-0.705266	0.0	0.06403740000000001	-0.851944	-0.519701	0.0	-0.8451649999999999	0.23061900000000002	-0.48219300000000004	0.0	2.1057	2.0634099999999997	0.82542	0.0010358	
3	0.175491	0.882799	-0.43573999999999996	0.0	0.569576	0.269967	0.776338	0.0	0.802986	-0.384427	-0.45544399999999996	0.0	-2.28818	0.682905	-0.73144	0.0414961	0.5353180000000001	0.47588500000000006	-0.6978310000000001	0.0	0.0447959	-0.84101	-0.539162	0.0	-0.843462	0.257363	-0.471526	0.0	2.0882099999999997	2.0758799999999997	0.8253739999999999	0.0	
3	0.178482	0.884123	-0.43182200000000004	0.0	0.57394	0.262925	0.775541	0.0	0.7992100000000001	-0.38626	-0.460506	0.0	-2.2218299999999997	0.685451	-0.73531	0.17419	0.510858	0.46423400000000004	-0.723541	0.0	0.037237900000000004	-0.852814	-0.520885	0.0	-0.858858	0.239156	-0.452954	0.0	2.07375	2.0792200000000003	0.8553459999999999	0.0	
3	0.194028	0.877841	-0.437891	0.0	0.565971	0.264423	0.78087	0.0	0.801268	-0.39934400000000003	-0.44552700000000006	0.0	-2.15995	0.638829	-0.6666310000000001	-0.0009432210000000001	0.466363	0.43756999999999996	-0.76879	0.0	0.036193300000000005	-0.8778	-0.477659	0.0	-0.8838530000000001	0.194937	-0.42521000000000003	0.0	2.03661	2.07182	0.952151	0.0	
3	0.22078899999999999	0.8732219999999999	-0.43443699999999996	0.0	0.550199	0.256275	0.7947350000000001	0.0	0.805316	-0.41449600000000003	-0.423863	0.0	-2.15243	0.612799	-0.618042	0.0	0.420683	0.44978999999999997	-0.787855	0.0	0.045418400000000005	-0.877792	-0.47688400000000003	0.0	-0.90607	0.16483399999999998	-0.389701	0.0	1.9600799999999998	2.0768	1.05529	0.0	
3	0.226845	0.8713879999999999	-0.43499899999999997	0.0	0.551235	0.253344	0.794957	0.0	0.80292	-0.42011899999999996	-0.42286999999999997	0.0	-2.14356	0.613167	-0.6144890000000001	0.0	0.410263	0.472045	-0.780293	0.0	0.046189	-0.865273	-0.499169	0.0	-0.910797	0.168749	-0.376793	0.0	1.9055900000000001	2.06887	1.10449	0.0	
3	0.236697	0.8723989999999999	-0.42766099999999996	0.0	0.549367	0.24287399999999998	0.799505	0.0	0.801355	-0.424183	-0.42178000000000004	0.0	-2.12869	0.611053	-0.6075010000000001	0.0	0.40473899999999996	0.524997	-0.7487090000000001	0.0	0.0607266	-0.832393	-0.550848	0.0	-0.912414	0.177483	-0.36878299999999997	0.0	1.84675	2.02535	1.10233	0.0	
3	0.265443	0.8766940000000001	-0.40118400000000004	0.0	0.538601	0.210286	0.815897	0.0	0.799655	-0.43265200000000004	-0.41636899999999993	0.0	-2.12258	0.581576	-0.612896	0.0	0.4053	0.572663	-0.712593	0.0	0.0809951	-0.798914	-0.595966	0.0	-0.910589	0.183828	-0.370183	0.0	1.81477	1.98689	1.0807	0.0	
3	0.325074	0.856051	-0.401875	0.0	0.569893	0.161797	0.805633	0.0	0.754685	-0.49091599999999996	-0.43526099999999995	0.0	-2.12472	0.49404899999999996	-0.677216	0.0	0.421207	0.609237	-0.671874	0.0	0.0897578	-0.765159	-0.637554	0.0	-0.9025120000000001	0.20823699999999998	-0.376974	0.0	1.80702	1.95901	1.0457	0.010089299999999999	
3	0.439061	0.8128340000000001	-0.382789	0.0	0.572619	0.0751477	0.8163699999999999	0.0	0.692339	-0.5776279999999999	-0.432449	0.0	-2.1149299999999998	0.385651	-0.72455	0.0	0.433859	0.614272	-0.659118	0.0	0.0753464	-0.75373	-0.6528510000000001	0.0	-0.897825	0.23358299999999999	-0.373296	0.0	1.8219400000000001	1.9280000000000002	1.03193	0.201355	
3	0.600849	0.73582	-0.312327	0.0	0.5358350000000001	-0.0808096	0.8404469999999999	0.0	0.593179	-0.672338	-0.442833	0.0	-2.07528	0.308765	-0.684775	0.0	0.333323	0.666329	-0.66701	0.0	0.0828166	-0.725426	-0.6833	0.0	-0.939169	0.17252	-0.296984	0.0	1.72715	1.7475	1.13045	0.10597999999999999	
3	0.586263	0.678268	-0.442999	0.0	0.64081	-0.0537047	0.7658189999999999	0.0	0.49563900000000005	-0.73285	-0.46612600000000004	0.0	-2.0994099999999998	0.321378	-0.671261	0.0	0.160099	0.646886	-0.745592	0.0	0.24496700000000002	-0.757743	-0.6048279999999999	0.0	-0.9562209999999999	-0.08581319999999999	-0.27978000000000003	0.0	1.62696	1.52827	1.30718	0.0	
3	0.523497	0.659845	-0.539032	0.0	0.7066020000000001	0.017287999999999998	0.7074	0.0	0.47609300000000004	-0.751203	-0.45719799999999994	0.0	-2.2579	0.397404	-0.696511	0.0	0.201679	0.601536	-0.772968	0.0	0.348196	-0.7816649999999999	-0.517454	0.0	-0.9154700000000001	-0.164785	-0.367098	0.0	1.60745	1.50919	1.29241	0.0	
3	0.611739	0.639479	-0.465664	0.0	0.6401789999999999	-0.0543972	0.766297	0.0	0.4647	-0.766882	-0.442658	0.0	-2.42556	0.619425	-0.732146	0.0	0.28329899999999997	0.631794	-0.721511	0.0	0.40324299999999996	-0.76107	-0.508102	0.0	-0.870136	-0.146999	-0.47037700000000005	0.0	1.7030900000000002	1.60216	1.11495	0.0	
3	0.761636	0.598528	-0.248344	0.0	0.43677200000000005	-0.19106199999999998	0.8790479999999999	0.0	0.47868599999999994	-0.777985	-0.40694	0.0	-2.54946	0.907648	-0.8195790000000001	0.0	0.268536	0.678994	-0.683269	0.0	0.452471	-0.715112	-0.532809	0.0	-0.8503870000000001	-0.166081	-0.499258	0.0	1.8012400000000002	1.59438	0.970146	0.0	
3	0.8217969999999999	0.551098	-0.144707	0.0	0.32915900000000003	-0.251879	0.910061	0.0	0.465084	-0.795517	-0.388393	0.0	-2.5655900000000003	1.24889	-0.9268799999999999	0.0	0.263831	0.693498	-0.670413	0.0	0.462822	-0.70082	-0.5428149999999999	0.0	-0.8462799999999999	-0.16707	-0.505865	0.0	1.8588	1.5373299999999999	0.9076870000000001	0.0	
3	0.91094	0.408642	-0.056564800000000005	0.0	0.140925	-0.179377	0.973635	0.0	0.387721	-0.8948940000000001	-0.22099000000000002	0.0	-2.48271	1.3681	-0.8448180000000001	0.0	0.24030700000000002	0.7096020000000001	-0.662358	0.0	0.48156000000000004	-0.679614	-0.553376	0.0	-0.842824	-0.18598399999999998	-0.5050319999999999	0.0	1.8878099999999998	1.44147	0.881757	0.0	
3	0.978491	0.174518	0.109992	0.0	-0.121545	0.0569251	0.990952	0.0	0.166677	-0.983007	0.0769125	0.0	-2.28289	1.0691899999999999	-0.328042	0.0	0.218083	0.715946	-0.663221	0.0	0.500069	-0.665562	-0.5540390000000001	0.0	-0.838076	-0.210829	-0.50317	0.0	1.8977099999999998	1.33551	0.8671840000000001	0.0	
3	0.967408	0.14268499999999998	0.209196	0.0	-0.218971	0.056469500000000006	0.974096	0.0	0.127176	-0.9881559999999999	0.08587289999999999	0.0	-2.22709	0.9388270000000001	-0.121334	0.0	0.21103200000000003	0.710525	-0.6712819999999999	0.0	0.5069319999999999	-0.6667310000000001	-0.546343	0.0	-0.8357549999999999	-0.22499899999999998	-0.50089	0.0	1.9008200000000002	1.25066	0.83385	0.0	
3	0.9250370000000001	0.13320099999999999	0.355759	0.0	-0.370284	0.107024	0.922733	0.0	0.08483439999999999	-0.985294	0.148323	0.0	-2.07348	0.646981	0.026629200000000002	0.0	0.202008	0.699376	-0.685613	0.0	0.511954	-0.672193	-0.534845	0.0	-0.834923	-0.242959	-0.49383699999999997	0.0	1.90125	1.14176	0.8241569999999999	0.0	
3	0.891058	0.10811099999999998	0.440827	0.0	-0.453855	0.200121	0.8683129999999999	0.0	0.00565591	-0.9737879999999999	0.227386	0.0	-2.04861	0.217298	0.12347000000000001	0.0	0.197932	0.691681	-0.694551	0.0	0.518223	-0.675288	-0.5248149999999999	0.0	-0.832026	-0.256054	-0.49210699999999996	0.0	1.9040400000000002	1.05595	0.78335	0.0	
3	0.8843709999999999	0.09735830000000001	0.45652	0.0	-0.46663000000000004	0.20965100000000003	0.859246	0.0	-0.012055100000000001	-0.972917	0.230839	0.0	-2.0742599999999998	0.0475381	0.127685	0.0	0.19808	0.6896260000000001	-0.696549	0.0	0.519151	-0.676582	-0.522225	0.0	-0.831412	-0.25817199999999996	-0.492037	0.0	1.9058099999999998	1.0304200000000001	0.7631180000000001	0.0	
3	0.865196	0.07067000000000001	0.496429	0.0	-0.500777	0.17240999999999998	0.848232	0.0	-0.025644999999999998	-0.9824870000000001	0.184559	0.0	-2.1812	-0.18444100000000002	0.011092900000000001	0.0	0.19732	0.683317	-0.7029529999999999	0.0	0.518849	-0.681183	-0.516513	0.0	-0.831781	-0.262808	-0.48895	0.0	1.9118	1.01108	0.749527	0.0	
3	0.848375	0.0780738	0.523606	0.0	-0.528938	0.16609000000000002	0.832249	0.0	-0.0219892	-0.983015	0.182203	0.0	-2.24099	-0.29944299999999996	-0.0710932	0.0	0.197527	0.679193	-0.7068810000000001	0.0	0.518831	-0.684247	-0.512466	0.0	-0.831744	-0.26552600000000004	-0.487543	0.0	1.9144299999999999	1.00752	0.745556	0.0	
3	0.8447100000000001	0.07127649999999999	0.530457	0.0	-0.5349109999999999	0.14632699999999998	0.832141	0.0	-0.0183082	-0.986665	0.16172999999999998	0.0	-2.30451	-0.349197	-0.135458	0.0	0.19732	0.678135	-0.7079529999999999	0.0	0.5181939999999999	-0.685168	-0.511879	0.0	-0.83219	-0.265853	-0.48660299999999995	0.0	1.9153900000000001	1.00368	0.7442880000000001	0.0	
3	0.8341219999999999	0.05221619999999999	0.549104	0.0	-0.551416	0.05458969999999999	0.832443	0.0	0.0134915	-0.997143	0.0743272	0.0	-2.4897099999999996	-0.44173199999999996	-0.31903400000000004	0.0	0.19807	0.678511	-0.707383	0.0	0.516471	-0.685617	-0.513018	0.0	-0.833082	-0.26373	-0.486232	0.0	1.9091200000000002	1.00168	0.746995	0.0	
3	0.8324799999999999	0.09361219999999999	0.546089	0.0	-0.547887	-0.00755944	0.836518	0.0	0.08243639999999999	-0.9955799999999999	0.0449958	0.0	-2.6595299999999997	-0.545635	-0.327489	-0.00034523	0.19764	0.6783520000000001	-0.7076560000000001	0.0	0.5151140000000001	-0.686062	-0.513787	0.0	-0.834024	-0.262979	-0.485021	0.0	1.8926900000000002	0.994315	0.7361800000000001	0.0	
3	0.8321139999999999	0.117888	0.541931	0.0	-0.540405	-0.047348699999999994	0.8400719999999999	0.0	0.124694	-0.991898	0.0243079	0.0	-2.7214400000000003	-0.573248	-0.357601	0.0	0.195459	0.675968	-0.710537	0.0	0.513675	-0.687743	-0.512979	0.0	-0.8354239999999999	-0.264719	-0.481653	0.0	1.89054	0.983608	0.7290800000000001	0.0	
3	0.8209879999999999	0.183673	0.5405939999999999	0.0	-0.518027	-0.158467	0.840557	0.0	0.24005300000000002	-0.9701299999999999	-0.0349517	0.0	-2.76156	-0.566688	-0.54645	0.0	0.18521700000000002	0.6700649999999999	-0.718824	0.0	0.511196	-0.690415	-0.511865	0.0	-0.839269	-0.272654	-0.47041099999999997	0.0	1.85096	0.9346129999999999	0.78165	0.0	
3	0.8152050000000001	0.21007699999999999	0.539729	0.0	-0.520107	-0.144459	0.8417959999999999	0.0	0.254811	-0.9669540000000001	-0.00850087	0.0	-2.70845	-0.686945	-0.550396	-0.000143051	0.185498	0.668271	-0.7204189999999999	0.0	0.51176	-0.69157	-0.509739	0.0	-0.8388639999999999	-0.27412600000000004	-0.47028000000000003	0.0	1.8365799999999999	0.9455319999999999	0.799087	0.0	
3	0.805337	0.24481999999999998	0.539904	0.0	-0.519088	-0.148654	0.8416950000000001	0.0	0.286323	-0.9581049999999999	0.00736677	0.0	-2.70118	-0.774512	-0.563275	0.0	0.185933	0.669064	-0.719571	0.0	0.512239	-0.690952	-0.5100939999999999	0.0	-0.838475	-0.27374899999999996	-0.47119099999999997	0.0	1.83175	0.954707	0.79747	0.0	
3	0.8080689999999999	0.259301	0.528949	0.0	-0.5165529999999999	-0.119756	0.8478389999999999	0.0	0.28319	-0.9583430000000001	0.037171699999999995	0.0	-2.68642	-0.9941989999999999	-0.570253	0.0	0.180577	0.667821	-0.722086	0.0	0.511824	-0.690724	-0.5108199999999999	0.0	-0.8398979999999999	-0.277339	-0.46653599999999995	0.0	1.81797	0.942881	0.789929	0.0	
3	0.806295	0.264809	0.528927	0.0	-0.518442	-0.114146	0.84746	0.0	0.28479	-0.957521	0.0452532	0.0	-2.69557	-1.05055	-0.544345	0.0	0.171397	0.6681060000000001	-0.724056	0.0	0.515983	-0.686949	-0.511725	0.0	-0.839276	-0.285893	-0.46247200000000005	0.0	1.8122	0.926256	0.783015	0.0	
3	0.809995	0.26072	0.5252939999999999	0.0	-0.515271	-0.11128099999999999	0.849772	0.0	0.280008	-0.9589799999999999	0.044204	0.0	-2.7042	-1.1087200000000001	-0.5154529999999999	0.0	0.15873299999999999	0.672751	-0.722641	0.0	0.5209699999999999	-0.678805	-0.5175069999999999	0.0	-0.838686	-0.294329	-0.458232	0.0	1.80477	0.885603	0.7517739999999999	0.0	
3	0.810655	0.261479	0.5238970000000001	0.0	-0.51426	-0.10985	0.85057	0.0	0.279956	-0.958938	0.045417400000000004	0.0	-2.70539	-1.11465	-0.512609	0.0	0.153661	0.673457	-0.723079	0.0	0.523989	-0.675944	-0.518204	0.0	-0.837749	-0.29925799999999997	-0.456751	0.0	1.8024900000000001	0.8716430000000001	0.749271	0.0	
3	0.81262	0.26817399999999997	0.5174270000000001	0.0	-0.510174	-0.101857	0.8540190000000001	0.0	0.281729	-0.9579709999999999	0.0540439	0.0	-2.71253	-1.12848	-0.491881	0.0	0.14261300000000002	0.673981	-0.724853	0.0	0.533691	-0.6691199999999999	-0.517158	0.0	-0.833568	-0.313094	-0.45512299999999994	0.0	1.81017	0.841576	0.7594609999999999	0.0	
3	0.8130470000000001	0.270069	0.5157689999999999	0.0	-0.5091399999999999	-0.09983810000000001	0.854874	0.0	0.282368	-0.957651	0.0563297	0.0	-2.71392	-1.12975	-0.495825	0.0	0.140155	0.673858	-0.725446	0.0	0.535171	-0.667989	-0.517092	0.0	-0.8330360000000001	-0.315764	-0.454251	0.0	1.8133099999999998	0.8368899999999999	0.766738	0.0	
3	0.815573	0.27029699999999995	0.511645	0.0	-0.507191	-0.0917359	0.8569370000000001	0.0	0.278564	-0.9583969999999999	0.062274800000000005	0.0	-2.7123	-1.18246	-0.491253	0.0	0.135849	0.672899	-0.7271529999999999	0.0	0.541242	-0.6651590000000001	-0.514413	0.0	-0.8298209999999999	-0.323683	-0.454563	0.0	1.8211400000000002	0.813445	0.8032699999999999	0.0	
3	0.81735	0.271421	0.508202	0.0	-0.505312	-0.0860112	0.8586389999999999	0.0	0.276764	-0.9586100000000001	0.06685089999999999	0.0	-2.68322	-1.21343	-0.453288	0.00014301399999999998	0.136709	0.6716479999999999	-0.7281489999999999	0.0	0.541879	-0.66603	-0.512612	0.0	-0.8292639999999999	-0.32449	-0.455004	0.0	1.8315099999999997	0.810545	0.8256819999999999	0.0	
3	0.815595	0.26750999999999997	0.513073	0.0	-0.50862	-0.09132919999999999	0.8561340000000001	0.0	0.275883	-0.959217	0.061573	0.0	-2.62627	-1.24224	-0.47521899999999995	0.0	0.12896300000000002	0.6713180000000001	-0.729863	0.0	0.536601	-0.666186	-0.517934	0.0	-0.833924	-0.324851	-0.446143	0.0	1.8277400000000001	0.789554	0.81013	0.0	
3	0.818767	0.246538	0.518497	0.0	-0.513767	-0.08845349999999999	0.8533569999999999	0.0	0.256248	-0.965088	0.05424009999999999	0.0	-2.60937	-1.28905	-0.48406899999999997	0.0	0.11877	0.667959	-0.7346600000000001	0.0	0.534786	-0.666443	-0.519478	0.0	-0.836599	-0.33118800000000004	-0.43636899999999995	0.0	1.8083	0.7517520000000001	0.794337	0.0	
3	0.8309489999999999	0.182757	0.525474	0.0	-0.517953	-0.0906677	0.85059	0.0	0.203095	-0.9789690000000001	0.019319299999999998	0.0	-2.63409	-1.39201	-0.592308	0.0	0.112575	0.666316	-0.737122	0.0	0.534184	-0.666101	-0.5205350000000001	0.0	-0.8378389999999999	-0.33516	-0.430922	0.0	1.7679200000000002	0.7265189999999999	0.8182470000000001	0.0	
3	0.8341379999999999	0.16134600000000002	0.5274300000000001	0.0	-0.5203720000000001	-0.0867704	0.84952	0.0	0.182832	-0.9830760000000001	0.011581399999999999	0.0	-2.6564099999999997	-1.45567	-0.6359560000000001	0.0	0.111897	0.6662100000000001	-0.737322	0.0	0.53518	-0.665585	-0.520173	0.0	-0.8372940000000001	-0.336394	-0.431019	0.0	1.7618	0.7240880000000001	0.8302280000000001	0.0	
3	0.841838	0.139449	0.521404	0.0	-0.515675	-0.07737689999999998	0.853283	0.0	0.159334	-0.987202	0.00677145	0.0	-2.73517	-1.56788	-0.7374890000000001	0.0	0.11128199999999999	0.665229	-0.7383	0.0	0.536508	-0.665566	-0.518828	0.0	-0.836526	-0.33836700000000003	-0.430967	0.0	1.75596	0.727503	0.835355	0.0	
3	0.8494950000000001	0.141369	0.508305	0.0	-0.503789	-0.068799	0.861083	0.0	0.156701	-0.987563	0.0127758	0.0	-2.81661	-1.65852	-0.762994	0.0	0.111428	0.663575	-0.739765	0.0	0.5382680000000001	-0.6660510000000001	-0.516375	0.0	-0.835375	-0.34065300000000004	-0.43139799999999995	0.0	1.7699200000000002	0.755883	0.841935	0.0	
3	0.8541350000000001	0.142898	0.500033	0.0	-0.494463	-0.0747423	0.865979	0.0	0.16112100000000001	-0.9869110000000001	0.00681794	0.0	-2.81642	-1.6225399999999999	-0.827936	0.0	0.111649	0.664413	-0.7389789999999999	0.0	0.538396	-0.6654760000000001	-0.5169819999999999	0.0	-0.8352629999999999	-0.340143	-0.432017	0.0	1.77573	0.761145	0.836458	0.0	
3	0.8537450000000001	0.141943	0.500971	0.0	-0.49561099999999997	-0.0734819	0.865431	0.0	0.159654	-0.987144	0.00761352	0.0	-2.8188400000000002	-1.61612	-0.835385	0.0	0.11136700000000001	0.6645270000000001	-0.738919	0.0	0.538043	-0.66546	-0.517371	0.0	-0.835528	-0.339952	-0.431654	0.0	1.77607	0.755857	0.835996	0.0	
3	0.8536729999999999	0.143757	0.500577	0.0	-0.495386	-0.0725061	0.865642	0.0	0.160737	-0.9869530000000001	0.00931886	0.0	-2.82439	-1.61202	-0.837994	0.0	0.11012899999999999	0.664211	-0.7393890000000001	0.0	0.538988	-0.6649430000000001	-0.517053	0.0	-0.835083	-0.341578	-0.43123100000000003	0.0	1.7761	0.746875	0.8423799999999999	0.0	
3	0.853885	0.145183	0.499802	0.0	-0.49449899999999997	-0.0732038	0.8660899999999999	0.0	0.162329	-0.986693	0.00928507	0.0	-2.83091	-1.6137	-0.828124	0.0	0.109901	0.664605	-0.739069	0.0	0.5394220000000001	-0.664423	-0.517267	0.0	-0.834833	-0.34182199999999996	-0.43152299999999993	0.0	1.77577	0.747107	0.8415969999999999	0.0	
3	0.853878	0.14518499999999998	0.49981400000000004	0.0	-0.49449799999999994	-0.073282	0.866084	0.0	0.16237000000000001	-0.9866870000000001	0.00921986	0.0	-2.8306400000000003	-1.61368	-0.828507	0.0	0.109893	0.664617	-0.739058	0.0	0.539446	-0.664403	-0.517269	0.0	-0.8348180000000001	-0.341837	-0.431539	0.0	1.7757599999999998	0.747084	0.8415540000000001	0.0	
3	0.853877	0.14518399999999998	0.49981499999999995	0.0	-0.4945	-0.0732805	0.866083	0.0	0.162368	-0.9866870000000001	0.0092211	0.0	-2.83061	-1.61368	-0.828542	0.0	0.109894	0.664618	-0.739058	0.0	0.539445	-0.664403	-0.51727	0.0	-0.8348190000000001	-0.34183600000000003	-0.431539	0.0	1.7757599999999998	0.7470760000000001	0.841551	0.0	
3	0.853877	0.14518399999999998	0.49981499999999995	0.0	-0.4945	-0.0732809	0.866083	0.0	0.162369	-0.9866870000000001	0.00922075	0.0	-2.83061	-1.61368	-0.828542	0.0	0.109894	0.664618	-0.739058	0.0	0.539445	-0.664403	-0.51727	0.0	-0.8348190000000001	-0.34183600000000003	-0.43153800000000003	0.0	1.7757599999999998	0.747075	0.841551	0.0	
3	0.853877	0.14518399999999998	0.49981499999999995	0.0	-0.4945	-0.0732807	0.866083	0.0	0.162369	-0.9866870000000001	0.00922094	0.0	-2.83061	-1.61368	-0.828542	0.0	0.109894	0.664618	-0.739058	0.0	0.539445	-0.664403	-0.51727	0.0	-0.8348190000000001	-0.34183600000000003	-0.431539	0.0	1.7757599999999998	0.7470760000000001	0.84155	0.0	
3	0.853877	0.14518399999999998	0.49981499999999995	0.0	-0.4945	-0.0732803	0.866083	0.0	0.162368	-0.9866870000000001	0.00922126	0.0	-2.83061	-1.61368	-0.828542	0.0	0.109894	0.664618	-0.739058	0.0	0.539445	-0.664403	-0.51727	0.0	-0.8348190000000001	-0.341837	-0.431539	0.0	1.7757599999999998	0.7470760000000001	0.841551	0.0	
3	0.853877	0.14518399999999998	0.49981499999999995	0.0	-0.4945	-0.0732803	0.866083	0.0	0.162368	-0.9866870000000001	0.00922127	0.0	-2.83061	-1.61368	-0.828542	0.0	0.109894	0.664618	-0.739058	0.0	0.539445	-0.664403	-0.51727	0.0	-0.8348190000000001	-0.341837	-0.431539	0.0	1.7757599999999998	0.7470760000000001	0.841551	0.0	
3	0.853877	0.14518399999999998	0.49981499999999995	0.0	-0.4945	-0.0732809	0.866083	0.0	0.162369	-0.9866870000000001	0.00922077	0.0	-2.83061	-1.61368	-0.828542	0.0	0.109894	0.664618	-0.739058	0.0	0.539445	-0.664403	-0.51727	0.0	-0.8348190000000001	-0.341837	-0.431539	0.0	1.7757599999999998	0.7470760000000001	0.841551	0.0	
3	0.853877	0.14518499999999998	0.49981499999999995	0.0	-0.4945	-0.0732806	0.866083	0.0	0.162369	-0.9866870000000001	0.0092211	0.0	-2.83061	-1.61368	-0.828542	0.0	0.109894	0.664618	-0.739058	0.0	0.539445	-0.664403	-0.51727	0.0	-0.8348190000000001	-0.34183600000000003	-0.43153800000000003	0.0	1.7757599999999998	0.747075	0.84155	0.0	
3	0.853877	0.14518399999999998	0.49981499999999995	0.0	-0.4945	-0.0732809	0.866083	0.0	0.162369	-0.9866870000000001	0.00922076	0.0	-2.83061	-1.61368	-0.828542	0.0	0.109894	0.664618	-0.739058	0.0	0.539445	-0.664403	-0.51727	0.0	-0.8348190000000001	-0.34183600000000003	-0.43153800000000003	0.0	1.7757599999999998	0.747075	0.841551	0.0	
3	0.853877	0.14518399999999998	0.49981499999999995	0.0	-0.4945	-0.0732809	0.866083	0.0	0.162369	-0.9866870000000001	0.00922076	0.0	-2.83061	-1.61368	-0.828542	0.0	0.109894	0.664618	-0.739058	0.0	0.539445	-0.664403	-0.51727	0.0	-0.8348190000000001	-0.34183600000000003	-0.431539	0.0	1.7757599999999998	0.747075	0.841551	0.0	
3	0.853877	0.14518399999999998	0.49981499999999995	0.0	-0.4945	-0.0732803	0.866083	0.0	0.162368	-0.9866870000000001	0.00922127	0.0	-2.83061	-1.61368	-0.828542	0.0	0.109894	0.664618	-0.739058	0.0	0.539445	-0.664403	-0.51727	0.0	-0.8348190000000001	-0.34183600000000003	-0.431539	0.0	1.7757599999999998	0.747075	0.841551	0.0	
3	0.853877	0.14518399999999998	0.49981499999999995	0.0	-0.4945	-0.0732802	0.866083	0.0	0.162368	-0.9866870000000001	0.00922139	0.0	-2.83061	-1.61368	-0.828542	0.0	0.109894	0.664618	-0.739058	0.0	0.539446	-0.664403	-0.51727	0.0	-0.8348180000000001	-0.341837	-0.431539	0.0	1.7757599999999998	0.747075	0.841551	0.0	
3	0.853877	0.14518399999999998	0.49981499999999995	0.0	-0.4945	-0.0732805	0.866083	0.0	0.162369	-0.9866870000000001	0.00922112	0.0	-2.83061	-1.61368	-0.828542	0.0	0.109894	0.664618	-0.739058	0.0	0.539445	-0.664403	-0.51727	0.0	-0.8348190000000001	-0.34183600000000003	-0.431539	0.0	1.7757599999999998	0.7470760000000001	0.841551	0.0	
3	0.853877	0.14518399999999998	0.49981499999999995	0.0	-0.4945	-0.0732803	0.866083	0.0	0.162368	-0.9866870000000001	0.00922127	0.0	-2.83061	-1.61368	-0.828542	0.0	0.109894	0.664618	-0.739058	0.0	0.539445	-0.664403	-0.51727	0.0	-0.8348190000000001	-0.341837	-0.431539	0.0	1.7757599999999998	0.7470760000000001	0.84155	0.0	
3	0.853877	0.14518399999999998	0.49981499999999995	0.0	-0.4945	-0.0732809	0.866083	0.0	0.162369	-0.9866870000000001	0.00922075	0.0	-2.83061	-1.61368	-0.828542	0.0	0.109894	0.664618	-0.739058	0.0	0.539445	-0.664403	-0.51727	0.0	-0.8348190000000001	-0.34183600000000003	-0.43153800000000003	0.0	1.7757599999999998	0.7470760000000001	0.84155	0.0	
3	0.7988350000000001	0.184006	0.572716	0.0	-0.5444760000000001	-0.183604	0.818435	0.0	0.25575	-0.965625	-0.0464826	0.0	-2.80782	-1.6179	-0.874066	0.0	0.0549081	0.65367	-0.754786	0.0	0.568868	-0.641725	-0.514372	0.0	-0.820594	-0.40113000000000004	-0.407088	0.0	1.73965	0.78546	0.8732629999999999	0.0	
3	0.752033	0.21063099999999998	0.6245649999999999	0.0	-0.572272	-0.261496	0.777255	0.0	0.32703499999999996	-0.9419420000000001	-0.0761152	0.0	-2.81765	-1.7378099999999999	-0.97155	0.0	0.0582601	0.6541710000000001	-0.754099	0.0	0.569074	-0.642396	-0.513304	0.0	-0.8202200000000001	-0.39923400000000003	-0.40969799999999995	0.0	1.74175	0.777576	0.870941	0.0	
3	0.757559	0.203104	0.6203649999999999	0.0	-0.574476	-0.24384699999999998	0.781356	0.0	0.309971	-0.948308	-0.0680501	0.0	-2.8677200000000003	-1.9154799999999998	-1.124	0.0	0.0577216	0.654846	-0.753555	0.0	0.570171	-0.641224	-0.513554	0.0	-0.8194959999999999	-0.400012	-0.410386	0.0	1.74196	0.775546	0.863993	0.0	
3	0.776724	0.201731	0.596661	0.0	-0.558624	-0.21692600000000004	0.800551	0.0	0.290928	-0.955117	-0.0557995	0.0	-2.95375	-2.11744	-1.3352899999999999	0.0	0.05682380000000001	0.655198	-0.753317	0.0	0.571663	-0.639954	-0.513479	0.0	-0.818519	-0.401465	-0.41091700000000003	0.0	1.7498200000000002	0.770188	0.8666860000000001	0.0	
3	0.7937270000000001	0.20793699999999998	0.5716289999999999	0.0	-0.543176	-0.18069000000000002	0.819946	0.0	0.273785	-0.9613079999999999	-0.0304719	0.0	-3.03627	-2.34137	-1.49842	0.0	0.05595169999999999	0.655748	-0.752903	0.0	0.573168	-0.6385460000000001	-0.5135529999999999	0.0	-0.817525	-0.402806	-0.41158199999999995	0.0	1.7601	0.771097	0.861924	0.0	
3	0.8051649999999999	0.20600000000000002	0.556124	0.0	-0.536623	-0.146151	0.8310690000000001	0.0	0.25247800000000004	-0.967576	-0.00713105	0.0	-3.13714	-2.5628900000000003	-1.58186	0.0	0.0548904	0.656238	-0.752555	0.0	0.576048	-0.63643	-0.512959	0.0	-0.815571	-0.405351	-0.412959	0.0	1.7885	0.7740090000000001	0.8557739999999999	0.0	
3	0.81076	0.200571	0.549945	0.0	-0.531726	-0.140571	0.835169	0.0	0.244817	-0.969542	-0.00732005	0.0	-3.18012	-2.66204	-1.6406	0.0	0.054532500000000005	0.656591	-0.752273	0.0	0.577675	-0.635257	-0.512583	0.0	-0.814444	-0.406616	-0.41393800000000003	0.0	1.80063	0.773668	0.8583930000000001	0.0	
3	0.822152	0.21279499999999998	0.528	0.0	-0.517241	-0.10813900000000001	0.84898	0.0	0.237756	-0.971094	0.0211602	0.0	-3.3123199999999997	-2.92263	-1.7849700000000002	0.0	0.0545385	0.6577609999999999	-0.75125	0.0	0.5790529999999999	-0.633772	-0.512865	0.0	-0.8134640000000001	-0.407043	-0.415444	0.0	1.81877	0.7720520000000001	0.855931	0.0	
3	0.825099	0.228452	0.51674	0.0	-0.509372	-0.09491319999999999	0.855296	0.0	0.24444000000000002	-0.9689180000000001	0.0380543	0.0	-3.3453	-3.04483	-1.7989700000000002	0.08686039999999999	0.054312900000000004	0.65796	-0.751091	0.0	0.5800310000000001	-0.633069	-0.512628	0.0	-0.812782	-0.407814	-0.416022	0.0	1.82099	0.7702399999999999	0.858548	0.0	
3	0.8204940000000001	0.270943	0.503368	0.0	-0.512288	-0.0422488	0.8577739999999999	0.0	0.25367399999999996	-0.9616680000000001	0.10413599999999999	0.0	-3.31294	-3.3282	-1.6687599999999998	0.34559	0.0538923	0.6572399999999999	-0.7517520000000001	0.0	0.580639	-0.6331100000000001	-0.511889	0.0	-0.812375	-0.40891	-0.41573999999999994	0.0	1.8237	0.7722720000000001	0.85946	0.0	
3	0.8147270000000001	0.286248	0.504264	0.0	-0.517587	-0.0330143	0.854994	0.0	0.261388	-0.9575870000000001	0.121261	0.0	-3.27605	-3.37506	-1.64755	0.345438	0.05388	0.657751	-0.751306	0.0	0.58172	-0.632213	-0.51177	0.0	-0.811602	-0.409476	-0.416691	0.0	1.8265099999999999	0.773752	0.858237	0.0	
3	0.8096300000000001	0.296069	0.506796	0.0	-0.523192	-0.027311400000000003	0.851777	0.0	0.26602600000000004	-0.9547760000000001	0.13278800000000002	0.0	-3.23503	-3.36911	-1.61256	0.345352	0.054242599999999995	0.657917	-0.751135	0.0	0.5814010000000001	-0.632386	-0.511919	0.0	-0.811807	-0.408943	-0.41681599999999996	0.0	1.8287200000000001	0.76952	0.8592870000000001	0.0	
3	0.810512	0.29491799999999996	0.506057	0.0	-0.523029	-0.0244849	0.8519629999999999	0.0	0.26365	-0.955209	0.134405	0.0	-3.2239400000000002	-3.3507800000000003	-1.58959	0.34517800000000004	0.053971500000000006	0.657519	-0.751502	0.0	0.580858	-0.632837	-0.5119779999999999	0.0	-0.812214	-0.408884	-0.41608100000000003	0.0	1.82873	0.7695770000000001	0.8523430000000001	0.0	
3	0.8115020000000001	0.28872800000000004	0.5080359999999999	0.0	-0.523081	-0.028626	0.8518020000000001	0.0	0.260482	-0.956983	0.127798	0.0	-3.22684	-3.34671	-1.57901	0.344984	0.053663300000000004	0.6576569999999999	-0.7514029999999999	0.0	0.581128	-0.632501	-0.512087	0.0	-0.812041	-0.409181	-0.416125	0.0	1.82939	0.769436	0.854108	0.0	
3	0.8168810000000001	0.26159099999999996	0.5140779999999999	0.0	-0.521536	-0.0457348	0.8520030000000001	0.0	0.246387	-0.964095	0.09906910000000001	0.0	-3.22492	-3.3413800000000005	-1.5981299999999998	0.344174	0.053832500000000005	0.658068	-0.7510319999999999	0.0	0.581921	-0.631879	-0.511954	0.0	-0.811462	-0.409481	-0.416959	0.0	1.8312700000000002	0.769289	0.859456	0.0	
3	0.818909	0.24632300000000001	0.518375	0.0	-0.5219550000000001	-0.0559235	0.851138	0.0	0.238644	-0.9675729999999999	0.08277330000000001	0.0	-3.22622	-3.36809	-1.64048	0.342805	0.05405369999999999	0.657316	-0.751674	0.0	0.58231	-0.632271	-0.511027	0.0	-0.811168	-0.410084	-0.41693800000000003	0.0	1.83093	0.7711020000000001	0.856252	0.0	
