0	0.5981479999999999	0.688469	-0.410156	0.0	0.351471	0.234587	0.9063319999999999	0.0	0.720199	-0.686279	-0.101659	0.0	-2.7332799999999997	2.02298	1.35075	0.0195205	-0.593132	0.516197	-0.617846	0.0	0.751915	0.0808579	-0.654283	0.0	-0.287781	-0.8526440000000001	-0.436096	0.0	2.66032	2.0	1.53809	0.0	
0	0.49469300000000005	0.8330559999999999	-0.247583	0.0	-0.0074155	0.288919	0.957325	0.0	0.869036	-0.471746	0.149104	0.0	-2.67516	2.19549	1.08602	0.0	-0.593133	0.516197	-0.617846	0.0	0.751955	0.08097589999999999	-0.654223	0.0	-0.287677	-0.852633	-0.43618599999999996	0.0	2.66032	2.0	1.53809	1.25915e-06	
0	0.46793199999999996	0.8539530000000001	-0.227604	0.0	-0.00385037	0.259506	0.965734	0.0	0.883756	-0.451021	0.12471900000000001	0.0	-2.5540000000000003	2.3968599999999998	0.787192	0.043213	-0.593133	0.516197	-0.617847	0.0	0.751992	0.0810868	-0.654166	0.0	-0.287579	-0.8526229999999999	-0.43627200000000005	0.0	2.66032	2.0	1.53809	0.0	
0	0.44696	0.866225	-0.22334	0.0	0.022897099999999997	0.23850700000000002	0.9708709999999999	0.0	0.8942610000000001	-0.439054	0.0867688	0.0	-2.4386200000000002	2.59647	0.43967799999999996	0.037487	-0.593133	0.516197	-0.617846	0.0	0.7520319999999999	0.081206	-0.654105	0.0	-0.28747399999999995	-0.852611	-0.436363	0.0	2.66032	2.0	1.53809	0.0	
0	0.428486	0.878116	-0.212864	0.0	0.0135151	0.229332	0.9732540000000001	0.0	0.9034469999999999	-0.41990299999999997	0.08639780000000001	0.0	-2.30777	2.72937	0.21657300000000002	0.0247007	-0.593133	0.516197	-0.617847	0.0	0.752066	0.0813046	-0.654054	0.0	-0.287387	-0.8526020000000001	-0.436439	0.0	2.66032	2.0	1.53809	0.0	
0	0.45081000000000004	0.8768	-0.16730799999999998	0.0	0.0024595	0.18621400000000002	0.982506	0.0	0.892616	-0.44333599999999995	0.0817907	0.0	-2.14468	2.8935400000000002	0.0149059	0.0	-0.593133	0.516197	-0.617847	0.0	0.752106	0.0814253	-0.653993	0.0	-0.287281	-0.85259	-0.43653100000000006	0.0	2.66032	2.0	1.53809	0.0	
0	0.522813	0.834542	-0.173802	0.0	0.00184172	0.202779	0.979223	0.0	0.8524450000000001	-0.512271	0.104479	0.0	-2.07438	2.95994	-0.0559086	0.0	-0.343515	0.8946049999999999	-0.285796	0.0	0.199149	-0.228006	-0.953076	0.0	-0.91779	-0.384311	-0.0998365	0.0	2.61058	2.0308900000000003	1.5259200000000002	1.4226900000000001e-05	
0	0.598105	0.781146	-0.179111	0.0	-0.00588846	0.22776999999999997	0.9736969999999999	0.0	0.801396	-0.581318	0.14082999999999998	0.0	-2.00868	2.97579	-0.0920845	0.0	-0.32075	0.9088120000000001	-0.266795	0.0	0.08038769999999999	-0.25454099999999996	-0.963715	0.0	-0.9437459999999999	-0.330559	0.008586700000000001	0.0	2.57974	2.0867299999999998	1.37004	0.0	
0	0.6414890000000001	0.751282	-0.155137	0.0	-0.0132829	0.213077	0.9769450000000001	0.0	0.767018	-0.624638	0.14666600000000002	0.0	-1.9548400000000001	2.9768	-0.10719000000000001	0.0236565	-0.348135	0.8748520000000001	-0.336802	0.0	0.0843409	-0.32858899999999996	-0.9407	0.0	-0.933643	-0.35589699999999996	0.0406077	0.0	2.57507	2.1813	1.3468	0.30543899999999996	
0	0.6850970000000001	0.713534	-0.14666600000000002	0.0	-0.032409	0.230996	0.9724149999999999	0.0	0.727731	-0.661445	0.18137899999999998	0.0	-1.8793	2.95668	-0.10768900000000001	0.0619149	-0.39323800000000003	0.861094	-0.322307	0.0	0.025080500000000002	-0.34037199999999995	-0.9399559999999999	0.0	-0.9190950000000001	-0.37771	0.11225	0.0	2.47287	2.1640200000000003	1.32135	0.022915599999999998	
0	0.734162	0.6501100000000001	-0.195864	0.0	0.0289777	0.258207	0.9656549999999999	0.0	0.678355	-0.714623	0.170727	0.0	-1.8874099999999998	2.8803	-0.0804958	0.0	-0.42950200000000005	0.8484360000000001	-0.309329	0.0	0.0422454	-0.323281	-0.9453600000000001	0.0	-0.902078	-0.419101	0.10300699999999999	0.0	2.4885099999999998	2.12458	1.35158	0.0	
0	0.741434	0.6441020000000001	-0.188172	0.0	0.0202813	0.258786	0.965722	0.0	0.670719	-0.719835	0.17881	0.0	-1.88268	2.82689	-0.0857202	0.0	-0.43089399999999994	0.817866	-0.381347	0.0	0.0497999	-0.400395	-0.9149879999999999	0.0	-0.901027	-0.41325500000000004	0.131799	0.0	2.42949	2.12735	1.39014	0.0	
0	0.7541399999999999	0.635258	-0.166493	0.0	0.00167239	0.251666	0.9678129999999999	0.0	0.656712	-0.7301449999999999	0.188729	0.0	-1.8306799999999999	2.76635	-0.10358699999999998	0.0	-0.45776000000000006	0.8109569999999999	-0.36442399999999997	0.0	0.024096	-0.398424	-0.9168850000000001	0.0	-0.88875	-0.428494	0.162841	0.0	2.3561900000000002	2.09638	1.43369	0.103924	
0	0.798906	0.571354	-0.187894	0.0	0.0107934	0.298728	0.954277	0.0	0.60136	-0.764405	0.23248899999999997	0.0	-1.8129099999999998	2.68832	-0.12566300000000002	0.00128848	-0.518834	0.786253	-0.33558499999999997	0.0	0.0327524	-0.37398400000000004	-0.9268569999999999	0.0	-0.854248	-0.49187600000000004	0.168284	0.0	2.24127	1.9834900000000002	1.43126	0.0025798	
0	0.851404	0.479896	-0.211687	0.0	0.043544	0.337525	0.9403090000000001	0.0	0.5227	-0.8098	0.266474	0.0	-1.8390099999999998	2.6172	-0.0823503	0.0	-0.587912	0.757282	-0.2844	0.0	0.010838799999999999	-0.344172	-0.938844	0.0	-0.8088529999999999	-0.55504	0.194134	0.0	2.17227	1.8776099999999998	1.4465700000000001	0.0	
0	0.88515	0.416976	-0.20649800000000001	0.0	0.0610232	0.335931	0.939908	0.0	0.46128800000000003	-0.8445600000000001	0.271904	0.0	-1.8343099999999999	2.61132	-0.06998610000000001	0.0	-0.633787	0.724896	-0.26989	0.0	0.027879400000000006	-0.327282	-0.944515	0.0	-0.773005	-0.606146	0.187217	0.0	2.0704700000000003	1.92572	1.4690299999999998	0.0	
0	0.9375399999999999	0.325728	-0.12214900000000001	0.0	0.02016	0.299663	0.953832	0.0	0.347294	-0.896718	0.274379	0.0	-1.83159	2.62685	-0.06501309999999999	0.0	-0.706542	0.663768	-0.245378	0.0	0.0532553	-0.29588600000000004	-0.953738	0.0	-0.705665	-0.686923	0.173706	0.0	1.90893	1.94422	1.46835	0.0	
0	0.978683	0.20513299999999998	-0.00995372	0.0	-0.0468108	0.269998	0.961722	0.0	0.199969	-0.9407559999999999	0.273845	0.0	-1.91195	2.6281	-0.030218900000000003	0.0	-0.790275	0.603891	-0.10382899999999999	0.0	-0.0201766	-0.195001	-0.9805959999999999	0.0	-0.61242	-0.772845	0.16628900000000002	0.0	1.76403	1.9382700000000002	1.47051	0.0	
0	0.9783059999999999	0.206292	-0.0189701	0.0	-0.0317733	0.239904	0.9702770000000001	0.0	0.20471199999999998	-0.948625	0.241254	0.0	-2.03707	2.65893	-0.118871	0.0	-0.827675	0.556334	-0.07379939999999999	0.0	0.00708172	-0.121137	-0.992611	0.0	-0.561163	-0.822082	0.09632239999999999	0.0	1.63867	1.974	1.3774600000000001	0.0	
0	0.968474	0.24666799999999997	-0.034827	0.0	-0.014181799999999998	0.194169	0.980865	0.0	0.24871	-0.949449	0.191546	0.0	-2.06427	2.70434	-0.26618800000000004	0.0	-0.786556	0.610867	-0.09039739999999999	0.0	0.047944099999999996	-0.085536	-0.995181	0.0	-0.6156550000000001	-0.787099	0.0379913	0.0	1.5367	2.09769	1.20595	0.0	
0	0.934723	0.343442	-0.09132489999999999	0.0	0.0346065	0.167793	0.985215	0.0	0.353688	-0.924063	0.144954	0.0	-2.0494	2.7322	-0.46293599999999996	4.2504300000000006e-05	-0.662764	0.732046	-0.157649	0.0	0.112675	-0.110642	-0.987453	0.0	-0.740304	-0.672211	-0.0091539	0.0	1.44488	2.3109	0.95278	0.000202253	
0	0.802538	0.574229	-0.16184500000000002	0.0	0.036488099999999996	0.223527	0.974015	0.0	0.595484	-0.787589	0.158436	0.0	-1.9635200000000002	2.8420900000000002	-0.651093	0.0	-0.517425	0.847936	-0.115225	0.0	0.08386160000000001	-0.0837571	-0.992951	0.0	-0.8516100000000001	-0.52344	-0.027771399999999998	0.0	1.41206	2.5200099999999996	0.712978	8.153920000000001e-05	
0	0.638258	0.737391	-0.22109	0.0	0.0469348	0.249388	0.967266	0.0	0.76839	-0.627742	0.12456500000000001	0.0	-1.86808	3.1593400000000003	-0.828815	0.00034523	-0.307503	0.9434370000000001	-0.12396900000000001	0.0	0.0446546	-0.11582999999999999	-0.992265	0.0	-0.950499	-0.31066	-0.00651097	0.0	1.4454200000000001	2.7300400000000002	0.477916	7.36875e-05	
0	0.450035	0.860668	-0.238157	0.0	-0.00949678	0.271287	0.9624510000000001	0.0	0.8929600000000001	-0.430875	0.130262	0.0	-1.86811	3.4538900000000003	-1.00486	0.00014301399999999998	-0.109021	0.9816159999999999	-0.15667	0.0	0.0187881	-0.155546	-0.98765	0.0	-0.9938620000000001	-0.11061800000000001	-0.00148487	0.0	1.50389	2.94109	0.308299	0.0	
0	0.27758299999999997	0.9270290000000001	-0.252123	0.0	-0.0984449	0.288502	0.952405	0.0	0.9556450000000001	-0.23955100000000001	0.171344	0.0	-1.8913	3.71129	-1.06883	0.0	0.0506703	0.9942340000000001	-0.0945038	0.0	-0.011939100000000001	-0.0940157	-0.995499	0.0	-0.9986440000000001	0.0515707	0.00710627	0.0	1.57995	3.16073	0.232776	-0.00048828099999999997	
0	0.210786	0.944609	-0.25156	0.0	-0.139802	0.283827	0.9486290000000001	0.0	0.967484	-0.16478900000000002	0.191885	0.0	-1.90458	3.81394	-1.0542	0.0	0.10420499999999999	0.9925950000000001	-0.062417499999999994	0.0	0.00375211	-0.063151	-0.9979969999999999	0.0	-0.994549	0.103762	-0.010305	0.0	1.62354	3.3061	0.215048	0.0	
0	0.020709599999999998	0.9772120000000001	-0.211254	0.0	-0.26805300000000004	0.20899099999999998	0.9404629999999999	0.0	0.963182	0.037150699999999995	0.26627199999999995	0.0	-1.91527	3.9586300000000003	-1.02403	0.0	0.221487	0.9751	-0.0111039	0.0	-0.00519058	-0.010207899999999999	-0.999935	0.0	-0.97515	0.221531	0.00280032	0.0	1.71512	3.58247	0.21100300000000002	0.0	
0	-0.06287419999999999	0.981059	-0.183223	0.0	-0.33023800000000003	0.152794	0.931449	0.0	0.941802	0.11907100000000001	0.31437600000000004	0.0	-1.86359	3.94233	-0.9734010000000001	0.0	0.239779	0.9700989999999999	0.0376087	0.0	-0.0195269	0.0435502	-0.9988600000000001	0.0	-0.9706309999999999	0.23877199999999998	0.029385400000000002	0.0	1.7495	3.6142199999999995	0.25974200000000003	0.0	
0	-0.0891187	0.98506	-0.147357	0.0	-0.352421	0.107189	0.929683	0.0	0.9315889999999999	0.134784	0.33760300000000004	0.0	-1.7628599999999999	3.7795199999999998	-0.9187879999999999	0.0	0.226041	0.9714	0.07271430000000001	0.0	-0.012128100000000001	0.0774469	-0.996923	0.0	-0.974042	0.22446300000000002	0.0292874	0.0	1.7602	3.5204400000000002	0.29147	0.0	
0	-0.0931326	0.9844459999999999	-0.148971	0.0	-0.388835	0.101778	0.9156690000000001	0.0	0.916588	0.143204	0.373308	0.0	-1.60981	3.4367	-0.8942200000000001	0.0	0.176267	0.981467	0.0751846	0.0	-0.0193821	0.07982639999999999	-0.9966200000000001	0.0	-0.984151	0.174214	0.0330937	0.0	1.73491	3.27604	0.261178	0.0	
0	-0.0912442	0.9856389999999999	-0.142093	0.0	-0.413307	0.0923362	0.905898	0.0	0.9060090000000001	0.14138599999999998	0.398946	0.0	-1.50078	3.05239	-0.851994	0.0	0.156748	0.9876379999999999	0.0015254	0.0	-0.017338	0.00429583	-0.999841	0.0	-0.9874870000000001	0.156697	0.0177969	0.0	1.7151299999999998	3.0093900000000002	0.154219	0.0	
0	-0.0666319	0.9892549999999999	-0.130137	0.0	-0.416746	0.09091289999999999	0.904465	0.0	0.9065780000000001	0.1145	0.40621	0.0	-1.4473799999999999	2.72539	-0.810132	0.0	0.128202	0.9898610000000001	-0.0611552	0.0	0.023949099999999997	-0.0647362	-0.9976149999999999	0.0	-0.991459	0.126432	-0.0320058	0.0	1.69534	2.81918	0.0336784	0.0	
0	-0.047546899999999996	0.9886889999999999	-0.142243	0.0	-0.416187	0.109846	0.9026200000000001	0.0	0.908035	0.102116	0.406256	0.0	-1.4675799999999999	2.40842	-0.801573	0.0	0.10982	0.9858629999999999	-0.126545	0.0	0.09657160000000001	-0.137296	-0.9858110000000001	0.0	-0.9892489999999999	0.0960408	-0.110284	0.0	1.68753	2.6412400000000003	-0.17238599999999998	0.0	
0	-0.0454496	0.983907	-0.172805	0.0	-0.404657	0.140023	0.9036850000000001	0.0	0.9133389999999999	0.110999	0.391781	0.0	-1.54959	2.23222	-0.8510770000000001	0.0	0.116916	0.973722	-0.195437	0.0	0.162959	-0.212929	-0.963382	0.0	-0.9796809999999999	0.08078610000000001	-0.183571	0.0	1.72837	2.5525599999999997	-0.33927199999999996	0.0	
0	-0.0326193	0.973073	-0.22818000000000002	0.0	-0.381992	0.198831	0.902523	0.0	0.9235899999999999	0.116602	0.36522	0.0	-1.6434900000000001	2.08682	-0.950829	0.00048828099999999997	0.156877	0.958382	-0.238523	0.0	0.173875	-0.264543	-0.94857	0.0	-0.9721920000000001	0.10733499999999999	-0.208139	0.0	1.7529599999999999	2.52168	-0.462988	0.0	
0	-0.017151	0.9702430000000001	-0.241524	0.0	-0.374039	0.21779400000000002	0.9014770000000001	0.0	0.9272549999999999	0.10580099999999999	0.359173	0.0	-1.7060400000000002	1.9346700000000001	-1.03738	0.0	0.17946199999999998	0.9439850000000001	-0.27692	0.0	0.145145	-0.303817	-0.941609	0.0	-0.9729979999999999	0.12879000000000002	-0.19153900000000001	0.0	1.7003099999999998	2.61242	-0.441679	0.0	
0	0.0134332	0.960103	-0.27932399999999996	0.0	-0.370554	0.264239	0.890431	0.0	0.9287139999999999	0.0915434	0.35932	0.0	-1.7399	1.79502	-1.06085	0.0	0.171965	0.928053	-0.330373	0.0	-0.0046427	-0.33460100000000004	-0.942348	0.0	-0.985092	0.16358499999999998	-0.053230999999999994	0.0	1.56529	2.73635	-0.207134	0.0	
0	0.035831699999999994	0.949736	-0.31099499999999997	0.0	-0.366159	0.302031	0.880173	0.0	0.9298620000000001	0.08233539999999999	0.358577	0.0	-1.7543400000000002	1.71643	-1.07732	0.0	-0.08172489999999999	0.9531569999999999	-0.291227	0.0	-0.200152	-0.30194699999999997	-0.932077	0.0	-0.97635	-0.017884200000000003	0.21545300000000003	0.0	1.3673899999999999	2.57787	0.44433500000000004	8.153920000000001e-05	
0	0.0530214	0.94632	-0.31885399999999997	0.0	-0.357202	0.31614899999999996	0.8788950000000001	0.0	0.9325209999999999	0.06729489999999999	0.35479	0.0	-1.7647400000000002	1.7032599999999998	-1.08293	0.0	-0.216744	0.950485	-0.22271100000000002	0.0	-0.269991	-0.277599	-0.9219780000000001	0.0	-0.9381510000000001	-0.139703	0.31679	0.0	1.22454	2.38978	0.947415	0.0	
0	0.0625182	0.94125	-0.33187300000000003	0.0	-0.339981	0.33271999999999996	0.879608	0.0	0.9383520000000001	0.05783869999999999	0.340808	0.0	-1.80036	1.72837	-1.13824	0.0	-0.0917215	0.96605	-0.241524	0.0	-0.23222399999999999	-0.25661100000000003	-0.9382020000000001	0.0	-0.9683280000000001	-0.029965600000000002	0.247876	0.0	1.20475	2.53965	1.03708	0.0	
0	0.0551212	0.920356	-0.387177	0.0	-0.366686	0.37933	0.8495	0.0	0.92871	0.09514689999999999	0.35839099999999996	0.0	-1.8183200000000002	1.8288200000000001	-1.16621	0.00034526699999999996	0.053049	0.955791	-0.289223	0.0	-0.162731	-0.277484	-0.9468479999999999	0.0	-0.985243	0.09729460000000001	0.140816	0.0	1.2680799999999999	2.8288599999999997	0.783776	9.2514e-05	
0	0.00484854	0.9060540000000001	-0.423134	0.0	-0.365096	0.39553299999999997	0.8427690000000001	0.0	0.9309569999999999	0.150398	0.332714	0.0	-1.86615	2.02935	-1.17467	0.0	0.0752137	0.946191	-0.314747	0.0	-0.0700645	-0.309847	-0.948202	0.0	-0.9947030000000001	0.09337039999999999	0.042989400000000004	0.0	1.35999	2.95003	0.499389	0.0	
0	-0.0186738	0.9019280000000001	-0.43148400000000003	0.0	-0.33164899999999997	0.401537	0.853684	0.0	0.943218	0.15904300000000002	0.291625	0.0	-1.9236	2.17073	-1.23901	0.0	0.021172299999999998	0.927538	-0.373128	0.0	0.050451800000000005	-0.373727	-0.9261659999999999	0.0	-0.998502	0.000784069	-0.0547086	0.0	1.3932200000000001	2.80023	0.25005700000000003	0.0	
0	-0.0418165	0.8910969999999999	-0.45188199999999995	0.0	-0.30339	0.419597	0.855507	0.0	0.9519479999999999	0.172871	0.252804	0.0	-1.9509999999999998	2.21848	-1.2902799999999999	0.0	-0.0328851	0.883224	-0.46779799999999994	0.0	0.055010699999999996	-0.465742	-0.883209	0.0	-0.997944	-0.054778099999999996	-0.0332711	0.0	1.3954600000000001	2.5377099999999997	0.13408599999999998	0.0	
0	-0.041070800000000005	0.8887430000000001	-0.45656199999999997	0.0	-0.303805	0.42420399999999997	0.853085	0.0	0.951849	0.173743	0.25258200000000003	0.0	-1.9542599999999999	2.17869	-1.33892	0.0	-0.062447800000000005	0.845306	-0.530621	0.0	-0.00872213	-0.532101	-0.846636	0.0	-0.9980100000000001	-0.0482423	0.0406012	0.0	1.32453	2.3081400000000003	0.211733	0.0	
0	-0.029882299999999997	0.8847370000000001	-0.465132	0.0	-0.303377	0.43536099999999994	0.847599	0.0	0.9524020000000001	0.166438	0.255399	0.0	-1.9392900000000002	2.16587	-1.34249	0.0	-0.030531	0.83681	-0.546642	0.0	-0.000813365	-0.546917	-0.8371860000000001	0.0	-0.999534	-0.025115400000000003	0.0173783	0.0	1.29667	2.33981	0.23252199999999998	0.0	
0	-0.0230234	0.8852899999999999	-0.46447	0.0	-0.292768	0.438254	0.849835	0.0	0.9559059999999999	0.155548	0.249094	0.0	-1.9677200000000001	2.17204	-1.36516	0.0	0.022468900000000003	0.826327	-0.562742	0.0	0.0320472	-0.56319	-0.8257059999999999	0.0	-0.9992340000000001	0.000518382	-0.0391358	0.0	1.34912	2.4586	0.11728599999999999	0.0	
0	-0.0164794	0.8892909999999999	-0.457046	0.0	-0.28318000000000004	0.43423999999999996	0.8551280000000001	0.0	0.958925	0.143518	0.244673	0.0	-2.08033	2.18655	-1.3806	0.0	0.0240042	0.8321040000000001	-0.554099	0.0	0.07825689999999999	-0.554122	-0.828749	0.0	-0.9966440000000001	-0.0234686	-0.0784192	0.0	1.44759	2.44983	-0.041505900000000005	7.36875e-05	
0	-0.0204333	0.8925860000000001	-0.45041400000000004	0.0	-0.28227800000000003	0.427029	0.859049	0.0	0.9591149999999999	0.14469500000000002	0.243232	0.0	-2.1105099999999997	2.16775	-1.3688	0.0	0.027821699999999998	0.832015	-0.554055	0.0	0.0855252	-0.5542189999999999	-0.827965	0.0	-0.9959469999999999	-0.0243503	-0.0865775	0.0	1.52446	2.36102	-0.128695	0.0	
0	-0.019340200000000002	0.892123	-0.45138	0.0	-0.288544	0.427274	0.856843	0.0	0.9572709999999999	0.146814	0.249153	0.0	-2.0998799999999997	2.1354	-1.37035	0.0	0.0262133	0.828368	-0.55957	0.0	0.0838979	-0.559611	-0.824498	0.0	-0.99613	-0.025333900000000003	-0.0841678	0.0	1.55185	2.31624	-0.166844	0.0	
0	-0.0208313	0.890075	-0.455338	0.0	-0.293135	0.429983	0.853924	0.0	0.955844	0.151264	0.25195500000000004	0.0	-2.0714	2.12137	-1.35168	0.0	0.0203231	0.8222370000000001	-0.568783	0.0	0.0808848	-0.568388	-0.8187760000000001	0.0	-0.996516	-0.029365699999999998	-0.078058	0.0	1.53833	2.30314	-0.16267	0.0	
0	-0.0200229	0.8893719999999999	-0.456746	0.0	-0.29483899999999996	0.43126899999999996	0.8526879999999999	0.0	0.9553370000000001	0.15174	0.25358600000000003	0.0	-2.05743	2.11833	-1.34725	0.0	0.0160816	0.821685	-0.569716	0.0	0.0798983	-0.569023	-0.818431	0.0	-0.9966729999999999	-0.03235759999999999	-0.07480210000000001	0.0	1.5292299999999999	2.29534	-0.143254	0.0	
0	-0.0201457	0.889704	-0.456093	0.0	-0.295658	0.43048100000000006	0.8528030000000001	0.0	0.955081	0.152028	0.25437600000000005	0.0	-2.05927	2.11415	-1.34459	0.0	0.011646	0.8280280000000001	-0.560566	0.0	0.08920349999999999	-0.559229	-0.8242	0.0	-0.9959450000000001	-0.040405800000000006	-0.08037589999999999	0.0	1.53044	2.27848	-0.140271	0.0	
0	-0.0213446	0.891668	-0.452187	0.0	-0.296419	0.42631	0.854632	0.0	0.9548200000000001	0.152279	0.255208	0.0	-2.06073	2.11308	-1.33938	0.0	0.00422961	0.827941	-0.5607989999999999	0.0	0.0967107	-0.5585140000000001	-0.823838	0.0	-0.9953040000000001	-0.0507506	-0.0824332	0.0	1.5483200000000001	2.22591	-0.14341099999999998	0.0	
0	-0.0185569	0.8896639999999999	-0.456239	0.0	-0.30201500000000003	0.430014	0.850809	0.0	0.9531229999999999	0.153579	0.260712	0.0	-2.0173	2.09143	-1.32132	0.0	-0.011092399999999999	0.8206610000000001	-0.571308	0.0	0.0967831	-0.5677800000000001	-0.817472	0.0	-0.995244	-0.0643605	-0.07312830000000001	0.0	1.51824	2.14122	-0.139209	0.0	
0	-0.0162398	0.888699	-0.45820299999999997	0.0	-0.30493000000000003	0.43203100000000005	0.8487450000000001	0.0	0.9522370000000001	0.153503	0.263974	0.0	-1.98035	2.07015	-1.3153	0.0	-0.0335788	0.8165140000000001	-0.576348	0.0	0.0939953	-0.571537	-0.815175	0.0	-0.995006	-0.08154650000000001	-0.0575571	0.0	1.4557	2.09302	-0.09337460000000002	0.0	
0	-0.0149053	0.887698	-0.460186	0.0	-0.307346	0.433888	0.846924	0.0	0.9514809999999999	0.15406	0.266363	0.0	-1.97022	2.07102	-1.31385	0.0	-0.0430943	0.814879	-0.5780270000000001	0.0	0.0895938	-0.5730810000000001	-0.8145859999999999	0.0	-0.9950459999999999	-0.08689169999999999	-0.0483115	0.0	1.41852	2.07021	-0.0607466	0.0	
0	-0.015243600000000001	0.887043	-0.46143599999999996	0.0	-0.308365	0.434824	0.846073	0.0	0.9511459999999999	0.15518800000000002	0.266905	0.0	-1.96786	2.07178	-1.3133299999999999	0.0	-0.0478221	0.813797	-0.579178	0.0	0.0878615	-0.574167	-0.8140109999999999	0.0	-0.994984	-0.08981510000000001	-0.04404380000000001	0.0	1.40642	2.06787	-0.0515876	0.0	
0	-0.011331	0.884868	-0.465703	0.0	-0.31272300000000003	0.43923500000000004	0.8421860000000001	0.0	0.9497770000000001	0.15517899999999998	0.271742	0.0	-1.9579900000000001	2.0659099999999997	-1.30088	0.0	-0.05497769999999999	0.814922	-0.576956	0.0	0.08895639999999999	-0.571535	-0.815742	0.0	-0.994517	-0.0961717	-0.041070800000000005	0.0	1.39404	2.05789	-0.0363438	0.0	
0	0.0148957	0.8855639999999999	-0.464279	0.0	-0.317512	0.44448699999999997	0.837626	0.0	0.9481370000000001	0.134937	0.287798	0.0	-1.94649	2.0409900000000003	-1.2661	0.0	-0.194931	0.806619	-0.558004	0.0	0.09760369999999999	-0.550141	-0.829348	0.0	-0.9759479999999999	-0.216129	0.028510700000000003	0.0	1.3323399999999999	1.8678299999999999	0.144689	0.0	
0	0.0871071	0.889927	-0.44770699999999997	0.0	-0.311788	0.451191	0.83619	0.0	0.94615	0.0667517	0.316771	0.0	-1.90305	1.97315	-1.20579	0.0	-0.307298	0.808427	-0.5020100000000001	0.0	0.0874664	-0.501308	-0.8608370000000001	0.0	-0.947585	-0.308442	0.0833404	0.0	1.23288	1.6652	0.397646	0.0	
0	0.137981	0.893548	-0.42723900000000004	0.0	-0.301133	0.448792	0.8413700000000001	0.0	0.9435459999999999	0.012562700000000001	0.331002	0.0	-1.8653099999999998	1.9616099999999999	-1.1712	0.0	-0.323816	0.809824	-0.489212	0.0	0.09187719999999999	-0.487712	-0.8681559999999999	0.0	-0.941649	-0.32606999999999997	0.0835245	0.0	1.19872	1.65147	0.4591	0.0	
0	0.23320100000000002	0.897385	-0.37459000000000003	0.0	-0.27813499999999997	0.430671	0.858582	0.0	0.9318040000000001	-0.0960362	0.350027	0.0	-1.8273099999999998	1.9262400000000002	-1.06828	0.0	-0.382606	0.8121010000000001	-0.44057299999999994	0.0	0.136461	-0.421955	-0.896288	0.0	-0.9137780000000001	-0.403047	0.0506227	0.0	1.16404	1.6983400000000002	0.522466	0.0	
0	0.361739	0.883775	-0.296794	0.0	-0.24132199999999998	0.396267	0.8858530000000001	0.0	0.9005049999999999	-0.248825	0.356619	0.0	-1.8179900000000002	1.90917	-0.9868049999999999	-0.00014301399999999998	-0.44595500000000005	0.803109	-0.39514699999999997	0.0	0.16409100000000001	-0.360637	-0.9181590000000001	0.0	-0.8798860000000001	-0.474297	0.0290447	0.0	1.18082	1.6956900000000001	0.531022	0.0	
0	0.479638	0.845291	-0.235436	0.0	-0.20708800000000002	0.36978099999999997	0.905747	0.0	0.8526790000000001	-0.38567399999999996	0.35241100000000003	0.0	-1.8361	1.8647	-0.9244600000000001	0.0	-0.457488	0.801543	-0.38500999999999996	0.0	0.169846	-0.346238	-0.922644	0.0	-0.8728440000000001	-0.487491	0.0222612	0.0	1.20249	1.6966900000000003	0.52217	0.0	
0	0.692281	0.7141350000000001	-0.103725	0.0	-0.14793699999999999	0.281131	0.948198	0.0	0.7063020000000001	-0.641075	0.300269	0.0	-1.9513200000000002	1.84313	-0.8573799999999999	0.0	-0.48192700000000005	0.799552	-0.35841799999999996	0.0	0.177701	-0.311366	-0.933527	0.0	-0.8580030000000001	-0.513583	0.00797439	0.0	1.2076799999999999	1.7159	0.493587	0.0	
0	0.733395	0.675874	-0.0729792	0.0	-0.12915	0.243925	0.9611559999999999	0.0	0.667421	-0.6954819999999999	0.26618200000000003	0.0	-2.01628	1.93144	-0.8337209999999999	0.0	-0.496296	0.795862	-0.346835	0.0	0.191608	-0.289242	-0.937884	0.0	-0.8467450000000001	-0.531924	-0.00894409	0.0	1.20652	1.7202099999999998	0.47811000000000003	0.000143051	
0	0.796618	0.604382	-0.0110619	0.0	-0.0846347	0.129637	0.987943	0.0	0.598529	-0.786077	0.154423	0.0	-2.15984	2.3403099999999997	-0.780526	0.0	-0.526277	0.776453	-0.34663099999999997	0.0	0.259457	-0.241575	-0.935053	0.0	-0.809762	-0.582033	-0.0743208	0.0	1.26662	1.71707	0.404926	0.0	
0	0.83585	0.548722	0.0160999	0.0	-0.0766883	0.0876757	0.993193	0.0	0.543575	-0.8313950000000001	0.11536400000000001	0.0	-2.20885	2.46939	-0.786155	0.0	-0.518319	0.782013	-0.346123	0.0	0.281422	-0.22621999999999998	-0.9325379999999999	0.0	-0.807557	-0.580759	-0.102822	0.0	1.31684	1.7431400000000001	0.346752	0.0	
0	0.927391	0.365644	0.0790579	0.0	-0.0755676	-0.0238719	0.9968549999999999	0.0	0.366381	-0.930449	0.0054922	0.0	-2.28728	2.72388	-0.860643	0.0	-0.474131	0.829518	-0.295128	0.0	0.329673	-0.143555	-0.933117	0.0	-0.816404	-0.539715	-0.205406	0.0	1.40123	1.9745099999999998	0.161902	0.00034526699999999996	
0	0.9673930000000001	0.229729	0.106651	0.0	-0.09462330000000001	-0.0627847	0.9935309999999999	0.0	0.23493899999999998	-0.9712270000000001	-0.03899980000000001	0.0	-2.37311	2.94333	-0.9429639999999999	0.0	-0.408823	0.897892	-0.163261	0.0	0.28878400000000004	-0.0424221	-0.9564540000000001	0.0	-0.865718	-0.438168	-0.241954	0.0	1.48086	2.4134900000000004	0.0335869	0.0	
0	0.971045	0.20653000000000002	0.12007000000000001	0.0	-0.109154	-0.0635036	0.991994	0.0	0.21250100000000002	-0.976377	-0.039121300000000005	0.0	-2.3501	2.98204	-0.902291	0.0	-0.385439	0.916327	-0.108544	0.0	0.246104	-0.011284899999999999	-0.9691780000000001	0.0	-0.889309	-0.40027199999999996	-0.221162	0.0	1.49301	2.5934	0.0620937	0.0	
0	0.9778979999999999	0.0881549	0.189592	0.0	-0.18959600000000001	-0.00840159	0.981826	0.0	0.0881456	-0.9960709999999999	0.00849794	0.0	-2.24395	2.78056	-0.730997	0.0	-0.430889	0.901142	-0.047735	0.0	0.17906	0.033533600000000004	-0.983267	0.0	-0.8844620000000001	-0.432226	-0.175808	0.0	1.50734	2.8065599999999997	0.259029	0.0	
0	0.973434	0.05377280000000001	0.22256399999999998	0.0	-0.223383	0.00964893	0.974683	0.0	0.0502639	-0.9985069999999999	0.0214045	0.0	-2.239	2.6321	-0.687358	0.0	-0.45084399999999997	0.891809	-0.0376434	0.0	0.172629	0.0457388	-0.983925	0.0	-0.8757510000000001	-0.45009499999999997	-0.174573	0.0	1.50827	2.82143	0.31454899999999997	0.0	
0	0.948685	0.0638907	0.309703	0.0	-0.31190100000000004	0.027655900000000004	0.9497120000000001	0.0	0.052112599999999995	-0.997574	0.046164300000000005	0.0	-2.16569	2.1471	-0.423191	0.0	-0.478142	0.8779379999999999	-0.0245987	0.0	0.14746099999999998	0.052637	-0.9876659999999999	0.0	-0.865815	-0.47587299999999993	-0.154629	0.0	1.5044600000000001	2.7964	0.407616	0.0	
0	0.9379559999999999	0.0637207	0.34085	0.0	-0.341453	-0.0015087999999999998	0.939898	0.0	0.0604052	-0.997967	0.0203425	0.0	-2.2309099999999997	1.9626299999999999	-0.318542	0.0	-0.49652299999999994	0.867942	-0.011932600000000002	0.0	0.137651	0.0651579	-0.9883350000000001	0.0	-0.8570399999999999	-0.49237299999999995	-0.151825	0.0	1.47614	2.74454	0.420522	0.0	
0	0.926333	0.0969572	0.364014	0.0	-0.35076999999999997	-0.13034500000000002	0.9273459999999999	0.0	0.13735999999999998	-0.986717	-0.08673360000000001	0.0	-2.47195	1.89458	-0.359507	0.0	-0.508721	0.860878	-0.00965768	0.0	0.128001	0.06453719999999999	-0.9896719999999999	0.0	-0.8513629999999999	-0.504703	-0.143025	0.0	1.43097	2.64876	0.42471499999999995	0.0	
0	0.918479	0.17043699999999998	0.35685700000000004	0.0	-0.32666799999999996	-0.181625	0.927524	0.0	0.222898	-0.968485	-0.111142	0.0	-2.5770299999999997	1.8851200000000001	-0.447089	0.0	-0.513894	0.857798	-0.00981054	0.0	0.125968	0.06414349999999999	-0.989958	0.0	-0.848555	-0.509969	-0.141018	0.0	1.4077600000000001	2.6064	0.42111499999999996	0.0	
0	0.8707360000000001	0.408855	0.27323400000000003	0.0	-0.213367	-0.18649000000000002	0.959008	0.0	0.44305100000000003	-0.893342	-0.0751475	0.0	-2.70989	1.76867	-0.547003	0.0	-0.5244850000000001	0.851406	-0.00498638	0.0	0.12364800000000001	0.07037289999999999	-0.989828	0.0	-0.8423940000000001	-0.519766	-0.14218499999999998	0.0	1.37506	2.53375	0.40810799999999997	0.0	
0	0.867266	0.43222	0.247052	0.0	-0.191154	-0.169102	0.966884	0.0	0.45968400000000004	-0.8857709999999999	-0.0640355	0.0	-2.78511	1.67887	-0.602584	0.0	-0.526071	0.8504229999999999	-0.00553462	0.0	0.126707	0.07194210000000001	-0.9893280000000001	0.0	-0.840949	-0.521158	-0.145601	0.0	1.3746	2.52211	0.398688	0.0	
0	0.8078989999999999	0.576547	0.12203900000000001	0.0	-0.09022150000000001	-0.0836398	0.992403	0.0	0.582374	-0.812772	-0.015555600000000001	0.0	-2.98245	1.46446	-0.743374	0.0	-0.526121	0.850087	-0.023449400000000002	0.0	0.14088	0.0599316	-0.9882110000000001	0.0	-0.8386600000000001	-0.5232220000000001	-0.151292	0.0	1.46011	2.46727	0.35128000000000004	0.0	
0	0.774989	0.627066	0.07862050000000001	0.0	-0.054288199999999995	-0.057888300000000004	0.9968459999999999	0.0	0.6296390000000001	-0.776812	-0.0108205	0.0	-3.02714	1.43496	-0.77681	0.0	-0.520047	0.8534879999999999	-0.0333188	0.0	0.145708	0.0502107	-0.9880530000000001	0.0	-0.841618	-0.5186890000000001	-0.150472	0.0	1.48641	2.4211400000000003	0.300935	0.0	
0	0.6329560000000001	0.768042	-0.0973568	0.0	0.0554759	0.0804346	0.995215	0.0	0.7721979999999999	-0.635328	0.0083037	0.0	-3.1236	1.38897	-0.9115629999999999	0.0	-0.509552	0.859034	-0.049175199999999995	0.0	0.15368099999999998	0.0346288	-0.9875139999999999	0.0	-0.8466040000000001	-0.5107470000000001	-0.149662	0.0	1.58429	2.3269599999999997	0.201561	0.0	
0	0.5799880000000001	0.7899609999999999	-0.198935	0.0	0.101312	0.172361	0.9798100000000001	0.0	0.808301	-0.588433	0.0199344	0.0	-3.17828	1.334	-0.972096	0.0	-0.507001	0.860252	-0.054008900000000006	0.0	0.154613	0.029122700000000005	-0.9875459999999999	0.0	-0.847965	-0.509037	-0.14777200000000001	0.0	1.60763	2.3042	0.181794	0.0	
0	0.520706	0.748663	-0.41032700000000005	0.0	0.209544	0.35384899999999997	0.9115280000000001	0.0	0.8276209999999999	-0.560619	0.0273737	0.0	-3.37499	1.0338100000000001	-1.06677	0.0	-0.5117970000000001	0.856635	-0.0651207	0.0	0.154696	0.017330900000000003	-0.9878100000000001	0.0	-0.8450639999999999	-0.515632	-0.141388	0.0	1.62176	2.24004	0.185085	0.0	
0	0.531428	0.738164	-0.415571	0.0	0.20848899999999998	0.361514	0.908758	0.0	0.8210459999999999	-0.569581	0.038219800000000005	0.0	-3.44559	0.9311360000000001	-1.05418	-0.00014301399999999998	-0.512862	0.8558379999999999	-0.0671843	0.0	0.153373	0.0143445	-0.9880639999999999	0.0	-0.844659	-0.517045	-0.138619	0.0	1.62075	2.22919	0.18953299999999998	0.0	
0	0.663917	0.669606	-0.332931	0.0	0.19913499999999998	0.270826	0.9418059999999999	0.0	0.720805	-0.6915789999999999	0.0464639	0.0	-3.5413099999999997	0.753311	-1.01759	0.0	-0.516487	0.853457	-0.06966069999999999	0.0	0.152197	0.0114396	-0.988284	0.0	-0.8426610000000001	-0.521038	-0.135802	0.0	1.61525	2.20925	0.205215	0.0	
0	0.8558450000000001	0.46697299999999997	-0.22241	0.0	0.175323	0.14263299999999998	0.974124	0.0	0.486612	-0.872693	0.040201	0.0	-3.56302	0.484372	-0.899652	0.0	-0.522478	0.8497049999999999	-0.0708462	0.0	0.153446	0.0119685	-0.988085	0.0	-0.8387319999999999	-0.527123	-0.13663699999999998	0.0	1.61025	2.18535	0.218362	0.0	
0	0.888282	0.398099	-0.229069	0.0	0.194211	0.126402	0.9727819999999999	0.0	0.41621800000000003	-0.908592	0.0349655	0.0	-3.6021	0.384126	-0.900106	0.0	-0.524926	0.84808	-0.0721989	0.0	0.15425999999999998	0.0113726	-0.987965	0.0	-0.837053	-0.529745	-0.136794	0.0	1.61185	2.17524	0.222715	0.0	
0	0.89675	0.373657	-0.23710799999999999	0.0	0.200185	0.135328	0.970367	0.0	0.39467199999999997	-0.917642	0.04655530000000001	0.0	-3.6274900000000003	0.263619	-0.8373520000000001	0.0	-0.529162	0.8452729999999999	-0.0741692	0.0	0.153246	0.009230200000000001	-0.988145	0.0	-0.834568	-0.534255	-0.134419	0.0	1.60537	2.14553	0.222375	0.0	
0	0.926493	0.326701	-0.186753	0.0	0.158545	0.111194	0.9810709999999999	0.0	0.34128200000000003	-0.938564	0.0512241	0.0	-3.6185400000000003	0.201488	-0.833174	0.0	-0.53268	0.842829	-0.07675850000000001	0.0	0.152279	0.00623363	-0.988318	0.0	-0.8325040000000001	-0.538146	-0.131666	0.0	1.5995	2.12569	0.22804499999999997	0.0	
0	0.950792	0.287382	-0.115783	0.0	0.0936408	0.0896813	0.991559	0.0	0.29534	-0.953608	0.05835750000000001	0.0	-3.6512800000000003	0.118796	-0.806603	0.0	-0.538718	0.83898	-0.0767821	0.0	0.148125	0.00460494	-0.988958	0.0	-0.829362	-0.544143	-0.126755	0.0	1.5869799999999998	2.09881	0.24126999999999998	0.0	
0	0.9585040000000001	0.276892	-0.0678304	0.0	0.042496	0.09649880000000001	0.994426	0.0	0.281894	-0.956044	0.0807277	0.0	-3.64782	0.00639921	-0.711275	0.0	-0.54493	0.835059	-0.07568710000000001	0.0	0.145529	0.00529647	-0.98934	0.0	-0.8257559999999999	-0.550135	-0.124412	0.0	1.5670600000000001	2.06071	0.225581	0.0	
0	0.956248	0.284519	-0.0681089	0.0	0.0391023	0.106419	0.993552	0.0	0.289933	-0.9527450000000001	0.09063739999999999	0.0	-3.61155	-0.0234698	-0.703358	0.0	-0.5470520000000001	0.83368	-0.07558480000000001	0.0	0.144342	0.00500196	-0.9895149999999999	0.0	-0.8245610000000001	-0.552226	-0.123071	0.0	1.5598100000000001	2.04699	0.222425	0.0	
0	0.9408920000000001	0.33554	-0.0462037	0.0	0.00276074	0.12880999999999998	0.991665	0.0	0.33869499999999997	-0.9331780000000001	0.12027	0.0	-3.4636099999999996	-0.0655438	-0.639652	0.00034526699999999996	-0.550342	0.831512	-0.0755763	0.0	0.142503	0.00435448	-0.989785	0.0	-0.8226889999999999	-0.5554899999999999	-0.12088900000000001	0.0	1.55695	2.0265400000000002	0.21353899999999998	0.0	
0	0.906401	0.421975	-0.019362200000000003	0.0	-0.048123900000000004	0.14869100000000002	0.987712	0.0	0.41966800000000004	-0.894331	0.155081	0.0	-3.26072	-0.0670906	-0.5591659999999999	0.0	-0.5524640000000001	0.8300120000000001	-0.0765702	0.0	0.141311	0.00273174	-0.9899620000000001	0.0	-0.821471	-0.557738	-0.118799	0.0	1.5555299999999999	2.00179	0.231084	0.0	
0	0.870822	0.491072	-0.022762	0.0	-0.0701527	0.169964	0.98295	0.0	0.48656800000000006	-0.854377	0.18245799999999998	0.0	-3.08996	-0.0365103	-0.561868	0.0	-0.553091	0.829506	-0.0775301	0.0	0.140939	0.00144196	-0.990017	0.0	-0.8211129999999999	-0.558497	-0.117708	0.0	1.55459	1.9918200000000001	0.238904	0.0	
0	0.8343360000000001	0.5489109999999999	-0.050789	0.0	-0.0724819	0.20057	0.976994	0.0	0.54647	-0.811461	0.207129	0.0	-2.9952900000000002	0.011146	-0.509095	0.0	-0.553235	0.82939	-0.077735	0.0	0.140128	0.000669718	-0.990133	0.0	-0.821155	-0.558669	-0.11659100000000001	0.0	1.55142	1.98538	0.238039	-0.00034523	
0	0.787289	0.6103350000000001	-0.08756900000000001	0.0	-0.06798860000000001	0.227088	0.971498	0.0	0.612825	-0.758896	0.22028000000000003	0.0	-2.92863	0.103564	-0.486389	0.0	-0.553779	0.8289920000000001	-0.0781138	0.0	0.13956400000000002	-7.4327e-05	-0.9902129999999999	0.0	-0.8208840000000001	-0.559261	-0.115657	0.0	1.55092	1.97921	0.24082800000000001	0.0	
0	0.7456699999999999	0.654139	-0.126803	0.0	-0.058285800000000006	0.25361100000000003	0.965549	0.0	0.6637609999999999	-0.71259	0.227237	0.0	-2.90383	0.186828	-0.449201	0.0	-0.538782	0.8370920000000001	-0.0948226	0.0	0.137447	-0.0237036	-0.990226	0.0	-0.831158	-0.5465479999999999	-0.102285	0.0	1.55199	1.96691	0.260732	0.0	
0	0.688084	0.703199	-0.179031	0.0	-0.0458739	0.288387	0.956415	0.0	0.72418	-0.649881	0.23069299999999998	0.0	-2.90109	0.296678	-0.492633	0.0	-0.361104	0.892692	-0.26963899999999996	0.0	0.11798900000000001	-0.243088	-0.962802	0.0	-0.9250309999999999	-0.379486	-0.0175475	0.0	1.45195	2.0406299999999997	0.340007	0.0	
0	0.61697	0.750778	-0.23596799999999998	0.0	-0.0262574	0.319308	0.9472870000000001	0.0	0.7865479999999999	-0.578252	0.21671700000000002	0.0	-2.88674	0.45119899999999996	-0.5321359999999999	0.0	-0.324561	0.8560629999999999	-0.402265	0.0	-0.0294295	-0.43422200000000005	-0.900325	0.0	-0.945407	-0.280371	0.166125	0.0	1.09247	2.13147	0.701498	0.0	
0	0.565925	0.779957	-0.267201	0.0	-0.015036	0.333803	0.942523	0.0	0.824319	-0.5293800000000001	0.20063499999999998	0.0	-2.88171	0.5377	-0.587436	0.0	-0.290785	0.842636	-0.45321999999999996	0.0	-0.094841	-0.496741	-0.8627020000000001	0.0	-0.9520770000000001	-0.207877	0.224361	0.0	0.9372459999999999	2.23833	0.913466	0.000109739	
0	0.44665200000000005	0.8326379999999999	-0.327439	0.0	0.0144703	0.359202	0.933147	0.0	0.894591	-0.42153	0.14839000000000002	0.0	-2.85224	0.798679	-0.744405	0.0	-0.104618	0.7796	-0.617478	0.0	-0.0940582	-0.625859	-0.7742439999999999	0.0	-0.9900549999999999	-0.0229209	0.13880399999999998	0.0	0.872506	2.72159	0.89339	0.0	
0	0.40978000000000003	0.844722	-0.34427399999999997	0.0	0.0166888	0.37041199999999996	0.928718	0.0	0.912032	-0.386315	0.13769	0.0	-2.8515200000000003	0.8940870000000001	-0.812195	0.0	-0.0442956	0.7386659999999999	-0.672615	0.0	-0.08102430000000001	-0.673714	-0.734537	0.0	-0.995727	0.021961500000000002	0.0896922	0.0	0.951299	2.87984	0.742207	0.0	
0	0.368133	0.855192	-0.36486199999999996	0.0	0.0118818	0.388061	0.921557	0.0	0.9296969999999999	-0.343591	0.132697	0.0	-2.8416099999999997	1.03433	-0.82031	0.0	-0.011057899999999999	0.693637	-0.72024	0.0	-0.039330000000000004	-0.720028	-0.692829	0.0	-0.999165	0.0206659	0.0352425	0.0	1.12412	2.96119	0.515043	0.0	
0	0.353788	0.860191	-0.367296	0.0	0.015447200000000001	0.387266	0.921839	0.0	0.935198	-0.331809	0.123722	0.0	-2.86095	1.11246	-0.8667360000000001	0.0	-0.0399787	0.676189	-0.735643	0.0	0.03416369999999999	-0.734876	-0.677341	0.0	-0.998616	-0.0522115	0.006278199999999999	0.0	1.27129	2.7496099999999997	0.319382	0.0	
0	0.3552	0.86129	-0.363334	0.0	0.0143654	0.383604	0.923386	0.0	0.93468	-0.33320700000000003	0.123884	0.0	-2.86004	1.1053600000000001	-0.79978	0.0	-0.050782	0.666825	-0.743482	0.0	0.0279012	-0.743205	-0.668482	0.0	-0.9983200000000001	-0.054690800000000005	0.0191362	0.0	1.22442	2.6815900000000004	0.29676199999999997	0.0	
0	0.356662	0.8608299999999999	-0.362994	0.0	0.015116	0.383179	0.92355	0.0	0.934111	-0.334882	0.123653	0.0	-2.8698200000000003	1.0982	-0.789782	0.0	-0.06923489999999999	0.666408	-0.7423649999999999	0.0	0.028952999999999996	-0.742495	-0.669225	0.0	-0.99718	-0.0678275	0.0321121	0.0	1.16773	2.64642	0.333719	0.0	
0	0.356539	0.860844	-0.36308	0.0	0.0167299	0.382675	0.923732	0.0	0.9341309999999999	-0.335421	0.12203699999999999	0.0	-2.87109	1.09938	-0.790647	0.0	-0.07030189999999999	0.666513	-0.742171	0.0	0.029042500000000002	-0.742329	-0.6694060000000001	0.0	-0.9971030000000001	-0.068615	0.0328298	0.0	1.16016	2.6415599999999997	0.336465	0.0	
0	0.354113	0.861716	-0.363386	0.0	0.0179363	0.382235	0.923891	0.0	0.935031	-0.33368000000000003	0.119898	0.0	-2.89393	1.09809	-0.7943640000000001	0.0	-0.081009	0.669986	-0.737941	0.0	0.0486425	-0.736834	-0.674321	0.0	-0.995526	-0.09052139999999999	0.0271004	0.0	1.1335	2.60386	0.349387	0.0	
0	0.351472	0.8633930000000001	-0.361966	0.0	0.011204500000000001	0.382726	0.923794	0.0	0.9361309999999999	-0.328744	0.12484400000000001	0.0	-2.88482	1.0722	-0.823851	0.0	-0.0822595	0.669308	-0.738417	0.0	0.06481419999999999	-0.7357670000000001	-0.674126	0.0	-0.994501	-0.10331300000000002	0.017143099999999998	0.0	1.2154200000000002	2.59693	0.318682	0.0	
0	0.349075	0.863499	-0.364028	0.0	0.006883800000000001	0.38609099999999996	0.922435	0.0	0.937069	-0.32450500000000004	0.128831	0.0	-2.8661	1.05073	-0.8386040000000001	0.0	-0.0822331	0.67132	-0.736592	0.0	0.07517599999999999	-0.732811	-0.6762670000000001	0.0	-0.9937739999999999	-0.11098499999999999	0.00979397	0.0	1.27207	2.61901	0.297956	0.0	
0	0.346912	0.8627540000000001	-0.367843	0.0	0.00384331	0.390889	0.92043	0.0	0.93789	-0.320722	0.13228800000000002	0.0	-2.8517900000000003	1.04487	-0.843461	0.0	-0.0817161	0.672844	-0.735258	0.0	0.07978289999999999	-0.730941	-0.677761	0.0	-0.9934569999999999	-0.11404500000000001	0.00604816	0.0	1.30929	2.6217799999999998	0.28856	0.0	
0	0.34638800000000003	0.862008	-0.370078	0.0	0.00425747	0.393052	0.919507	0.0	0.938082	-0.320081	0.13247799999999998	0.0	-2.83584	1.0445	-0.8369	0.0	-0.081131	0.675241	-0.733122	0.0	0.0830738	-0.728406	-0.680091	0.0	-0.9932350000000001	-0.11607999999999999	0.00300142	0.0	1.31831	2.61089	0.272279	0.0	
0	0.343756	0.861715	-0.373202	0.0	0.00254714	0.39656399999999997	0.918004	0.0	0.939055	-0.31651999999999997	0.134126	0.0	-2.83007	1.04509	-0.836234	0.0	-0.08130280000000001	0.675882	-0.7325119999999999	0.0	0.0846485	-0.727607	-0.680751	0.0	-0.993088	-0.117353	0.00194408	0.0	1.31962	2.58845	0.242604	0.0	
0	0.344119	0.86098	-0.37456	0.0	0.0009851460000000001	0.398593	0.917127	0.0	0.938925	-0.31597	0.13631500000000002	0.0	-2.82995	1.04158	-0.8351459999999999	0.0	-0.08108810000000001	0.6749149999999999	-0.733426	0.0	0.0844622	-0.72855	-0.679766	0.0	-0.993122	-0.117068	0.00207175	0.0	1.32279	2.58458	0.24489699999999998	0.0	
0	0.351162	0.855876	-0.379686	0.0	-0.00736314	0.408023	0.912942	0.0	0.9362860000000001	-0.317795	0.149584	0.0	-2.7930099999999998	1.0338	-0.827952	0.0	-0.08073949999999999	0.67288	-0.735332	0.0	0.08151649999999999	-0.730812	-0.6776939999999999	0.0	-0.993396	-0.114658	0.00415452	0.0	1.32805	2.58467	0.247865	0.0	
