3	0.593132	0.516197	-0.617847	0.0	0.681138	0.0874079	0.726919	0.0	0.429238	-0.8519979999999999	-0.299757	0.0	-2.7396700000000003	2.0	1.46191	0.0	-0.272295	0.791238	-0.547538	0.0	0.394421	-0.427253	-0.813565	0.0	-0.877661	-0.43749	-0.195742	0.0	2.68606	2.03655	1.40409	6.780030000000001e-06	
3	0.593132	0.516197	-0.617846	0.0	0.681108	0.0874656	0.7269399999999999	0.0	0.429285	-0.851992	-0.299708	0.0	-2.73968	2.0	1.46191	0.0	-0.106298	0.80219	-0.587531	0.0	0.162772	-0.568869	-0.8061590000000001	0.0	-0.9809209999999999	-0.181327	-0.0701043	0.0	2.77767	2.04058	1.1505299999999998	0.0	
3	0.593132	0.516197	-0.617847	0.0	0.68103	0.0876217	0.726995	0.0	0.42940900000000004	-0.8519760000000001	-0.29957399999999995	0.0	-2.7396700000000003	2.0	1.46191	0.0	0.0295928	0.6958340000000001	-0.717593	0.0	0.102128	-0.716256	-0.690325	0.0	-0.994331	-0.052857799999999996	-0.0922603	0.0	2.68475	2.18683	0.581651	0.0	
3	0.593132	0.516197	-0.617846	0.0	0.680983	0.087715	0.7270270000000001	0.0	0.42948400000000003	-0.851966	-0.29949499999999996	0.0	-2.7396700000000003	2.0	1.46191	-1.16229e-06	0.11096500000000001	0.597061	-0.794484	0.0	0.052437	-0.801825	-0.595254	0.0	-0.99244	0.0243918	-0.120282	0.0	2.6175200000000003	2.34737	0.33165	0.0666672	
3	0.593133	0.516197	-0.617846	0.0	0.680941	0.08779760000000002	0.727056	0.0	0.42955	-0.851958	-0.29942399999999997	0.0	-2.7396700000000003	2.0	1.46191	-1.16229e-06	0.129038	0.40563899999999997	-0.9048790000000001	0.0	0.0408578	-0.9139079999999999	-0.40386	0.0	-0.990798	0.015142	-0.13450299999999998	0.0	2.55295	2.41063	0.195968	0.0918201	
3	0.593132	0.516197	-0.617846	0.0	0.680895	0.08788839999999999	0.727088	0.0	0.429623	-0.8519479999999999	-0.299347	0.0	-2.7396700000000003	2.0	1.46191	1.15857e-06	0.049000699999999994	0.37867199999999995	-0.924233	0.0	0.07710260000000001	-0.924017	-0.374496	0.0	-0.995818	-0.0529101	-0.0744744	0.0	2.42116	2.32462	0.168098	0.0	
3	0.593132	0.516197	-0.617846	0.0	0.680869	0.0879395	0.727106	0.0	0.42966400000000005	-0.851943	-0.29930300000000004	0.0	-2.73968	2.0	1.46191	-1.15857e-06	0.0177235	0.396115	-0.9180299999999999	0.0	0.10503399999999999	-0.913832	-0.392275	0.0	-0.9943110000000001	-0.0894717	-0.057802099999999995	0.0	2.38656	2.29851	0.136318	0.0	
3	0.49432200000000004	0.724891	-0.47977	0.0	0.620883	0.09185639999999999	0.778503	0.0	0.6084	-0.682712	-0.404665	0.0	-2.76895	2.0058700000000003	1.39642	-2.5987600000000002e-05	-0.0562578	0.542134	-0.838407	0.0	0.126652	-0.8290780000000001	-0.5446	0.0	-0.990351	-0.136824	-0.022020500000000002	0.0	2.2290099999999997	2.35485	0.0158916	0.0	
3	-0.775676	0.631108	-0.00536436	0.0	0.21304299999999998	0.269827	0.939045	0.0	0.594086	0.7272529999999999	-0.34375100000000003	0.0	-2.4702599999999997	2.05867	1.04398	-0.015301499999999999	-0.314056	0.696512	-0.645167	0.0	0.15473900000000002	-0.6329100000000001	-0.758605	0.0	-0.93671	-0.33807600000000004	0.0909915	0.0	1.93018	2.25547	-0.0550606	0.0	
3	-0.8214239999999999	0.570064	-0.0170117	0.0	0.180444	0.288073	0.9404540000000001	0.0	0.54102	0.769442	-0.339495	0.0	-2.40421	2.08228	0.730597	-0.0167699	-0.508753	0.609475	-0.608039	0.0	0.330124	-0.514175	-0.791608	0.0	-0.795103	-0.6034609999999999	0.06038530000000001	0.0	1.68705	2.21915	-0.1161	0.0	
3	-0.871878	0.48087700000000005	-0.09266339999999999	0.0	0.135435	0.418601	0.898015	0.0	0.470624	0.770409	-0.430096	0.0	-2.4326	2.15322	0.27165500000000004	-0.017558599999999997	-0.6013270000000001	0.46756400000000004	-0.647912	0.0	0.518876	-0.388127	-0.761659	0.0	-0.607596	-0.794193	-0.00921661	0.0	1.5290700000000002	2.1766400000000004	-0.36749699999999996	-9.25064e-05	
3	-0.8632190000000001	0.492497	-0.11091	0.0	0.120594	0.414505	0.9020219999999999	0.0	0.490216	0.765267	-0.41720100000000004	0.0	-2.44056	2.2389	0.102952	-0.018082400000000002	-0.586182	0.47625200000000006	-0.65542	0.0	0.536048	-0.378604	-0.754528	0.0	-0.60749	-0.7936270000000001	-0.033362800000000005	0.0	1.4223	2.27743	-0.48927299999999996	0.0	
3	-0.83765	0.532405	-0.12201	0.0	0.0646269	0.318414	0.9457459999999999	0.0	0.54237	0.78432	-0.301127	0.0	-2.39054	2.50124	-0.119276	-0.0181961	-0.645204	0.5542819999999999	-0.525816	0.0	0.49950100000000003	-0.214738	-0.839277	0.0	-0.578109	-0.8041510000000001	-0.13831500000000002	0.0	1.15306	2.61702	-0.758908	0.000143051	
3	-0.8389260000000001	0.543705	-0.024243099999999997	0.0	0.077792	0.16388	0.983408	0.0	0.5386569999999999	0.8231209999999999	-0.179779	0.0	-2.2721400000000003	2.6866	-0.170552	-0.0172019	-0.749131	0.658144	-0.0751579	0.0	0.22742800000000002	0.148975	-0.962332	0.0	-0.622157	-0.738006	-0.261282	0.0	1.06039	2.96976	-1.0324	0.0	
3	-0.8346709999999999	0.517533	0.188372	0.0	0.19383399999999998	-0.044104199999999996	0.980043	0.0	0.515512	0.854526	-0.06350309999999999	0.0	-2.1276599999999997	2.7856400000000003	-0.0941774	-0.0150774	-0.728711	0.624838	0.280283	0.0	-0.0479005	0.36177	-0.9310360000000001	0.0	-0.683145	-0.6918810000000001	-0.23369600000000001	0.0	0.946318	3.21845	-1.09338	3.72336e-05	
3	-0.862539	0.43472200000000005	0.25892800000000005	0.0	0.332048	0.100174	0.9379280000000001	0.0	0.3818	0.894976	-0.23075199999999998	0.0	-2.12257	2.7498	0.165937	-0.0149934	-0.770207	0.539848	0.339625	0.0	-0.1737	0.33482199999999995	-0.926133	0.0	-0.613685	-0.772307	-0.16411099999999998	0.0	0.8761909999999999	3.17502	-0.929154	0.0	
3	-0.95011	0.305211	0.06432180000000001	0.0	0.222681	0.5193220000000001	0.8250559999999999	0.0	0.21841300000000002	0.798218	-0.561377	0.0	-2.3938599999999997	2.57187	0.278009	-0.0188334	-0.8393889999999999	0.47088	0.271473	0.0	-0.153631	0.27355100000000004	-0.949509	0.0	-0.521367	-0.838714	-0.157274	0.0	0.8659690000000001	2.95543	-0.8421569999999999	0.0	
3	-0.9688379999999999	0.24004099999999998	0.0611034	0.0	0.200639	0.6158680000000001	0.7618729999999999	0.0	0.145249	0.750391	-0.644838	0.0	-2.7000900000000003	2.46024	0.15016	-0.0229821	-0.8431870000000001	0.460124	0.278066	0.0	-0.160701	0.277863	-0.947084	0.0	-0.513041	-0.8432540000000001	-0.160348	0.0	0.874682	2.88334	-0.874793	0.0	
3	-0.9775520000000001	0.19251	0.0856291	0.0	0.203234	0.754362	0.624207	0.0	0.0555705	0.6275970000000001	-0.7765529999999999	0.0	-2.8574599999999997	2.41719	0.0675715	-0.0260394	-0.851233	0.444672	0.27868899999999996	0.0	-0.163551	0.279814	-0.9460209999999999	0.0	-0.49865	-0.850864	-0.16546	0.0	0.862253	2.81336	-0.895999	0.0	
3	-0.9841139999999999	0.166508	0.061606299999999996	0.0	0.168826	0.770301	0.614926	0.0	0.0549346	0.6155579999999999	-0.786175	0.0	-2.9157900000000003	2.36617	0.06670110000000001	-0.026140899999999998	-0.853632	0.44010900000000003	0.278598	0.0	-0.161956	0.284088	-0.9450209999999999	0.0	-0.495058	-0.85182	-0.171229	0.0	0.8626309999999999	2.79	-0.917917	0.0	
3	-0.846397	0.51803	-0.123522	0.0	0.161305	0.47042	0.867575	0.0	0.507537	0.714387	-0.48172299999999996	0.0	-2.80931	2.27143	0.177541	-0.017432200000000002	-0.876137	0.427094	0.22355100000000003	0.0	-0.108721	0.27672399999999997	-0.954779	0.0	-0.46964300000000003	-0.860822	-0.19601400000000002	0.0	0.860416	2.74094	-0.990281	0.0	
3	-0.574796	0.814792	-0.07566260000000001	0.0	0.08829069999999999	0.153676	0.9841690000000001	0.0	0.81352	0.559016	-0.160271	0.0	-2.5186599999999997	2.58236	0.43505900000000003	-0.011865100000000002	-0.87666	0.43014600000000003	0.21550500000000003	0.0	-0.10055599999999999	0.274219	-0.9563959999999999	0.0	-0.47048599999999996	-0.8601040000000001	-0.197143	0.0	0.872445	2.7297	-1.00712	0.0	
3	-0.247275	0.9619979999999999	-0.115823	0.0	-0.046490199999999995	0.107618	0.9931049999999999	0.0	0.967829	0.25095500000000004	0.018112200000000002	0.0	-2.4439900000000003	2.98855	0.523682	0.0	-0.8790370000000001	0.42994499999999997	0.206012	0.0	-0.09159310000000001	0.271766	-0.957995	0.0	-0.467872	-0.860982	-0.19951300000000002	0.0	0.896325	2.70867	-1.0287600000000001	0.0	
3	0.0979806	0.9541379999999999	-0.282878	0.0	0.021412999999999998	0.282158	0.9591290000000001	0.0	0.994958	-0.10003300000000001	0.00721502	0.0	-2.4808	3.26113	0.542158	0.0	-0.883375	0.42898000000000003	0.188743	0.0	-0.080498	0.257859	-0.962823	0.0	-0.46170100000000003	-0.865728	-0.193254	0.0	0.90694	2.64073	-1.06844	0.0	
3	0.201677	0.899558	-0.387457	0.0	0.0881673	0.377306	0.921882	0.0	0.975476	-0.220083	-0.00321782	0.0	-2.49939	3.30841	0.573754	0.0	-0.884782	0.42865299999999995	0.182804	0.0	-0.0762234	0.253873	-0.9642299999999999	0.0	-0.459729	-0.867067	-0.191949	0.0	0.908325	2.60906	-1.07349	0.0	
3	0.34756	0.658882	-0.66714	0.0	0.286668	0.602762	0.7446470000000001	0.0	0.8927620000000001	-0.450057	0.0206158	0.0	-2.51175	3.24313	0.630768	0.0	-0.886122	0.43110699999999996	0.170101	0.0	-0.0676596	0.242761	-0.967724	0.0	-0.458487	-0.86903	-0.185947	0.0	0.907959	2.55993	-1.0870600000000001	0.0	
3	0.337406	0.46399799999999997	-0.819062	0.0	0.441862	0.6902159999999999	0.573028	0.0	0.8312129999999999	-0.555255	0.027860400000000004	0.0	-2.46141	3.2027200000000002	0.718572	0.0	-0.88789	0.430271	0.16284500000000002	0.0	-0.0639217	0.23515500000000003	-0.9698540000000001	0.0	-0.45559399999999994	-0.871533	-0.181288	0.0	0.899086	2.5335799999999997	-1.0835299999999999	0.0	
3	0.0113609	0.568521	-0.8225899999999999	0.0	0.456884	0.728799	0.510009	0.0	0.8894540000000001	-0.38162199999999996	-0.25146799999999997	0.0	-2.30876	3.14348	0.89366	-8.153920000000001e-05	-0.892704	0.426224	0.146334	0.0	-0.054861400000000005	0.21951700000000002	-0.974065	0.0	-0.44729300000000005	-0.8775790000000001	-0.17258099999999998	0.0	0.886064	2.4886	-1.0524799999999999	0.0	
3	-0.20188	0.725316	-0.65815	0.0	0.319497	0.683996	0.655798	0.0	0.925833	-0.07788450000000001	-0.369821	0.0	-2.16782	2.9272099999999996	0.8535790000000001	0.0	-0.894968	0.423142	0.14136300000000002	0.0	-0.05231040000000001	0.215148	-0.9751799999999999	0.0	-0.443053	-0.880149	-0.170416	0.0	0.880534	2.47762	-1.04948	0.0	
3	-0.729568	0.681685	0.055107500000000004	0.0	0.404302	0.36490300000000003	0.8386809999999999	0.0	0.551607	0.634155	-0.541828	0.0	-1.7836900000000002	2.1302	0.80472	-0.0109539	-0.899602	0.415962	0.133011	0.0	-0.046690499999999996	0.21121900000000002	-0.9763229999999999	0.0	-0.434208	-0.8845120000000001	-0.170592	0.0	0.881067	2.44865	-1.05348	0.0	
3	-0.756316	0.634474	0.159467	0.0	0.440438	0.313583	0.8412370000000001	0.0	0.483737	0.706476	-0.516614	0.0	-1.6702	1.98695	0.8039470000000001	-0.0118577	-0.901884	0.41263199999999994	0.127827	0.0	-0.0434486	0.207761	-0.9772139999999999	0.0	-0.429787	-0.8868879999999999	-0.16944800000000002	0.0	0.888109	2.42624	-1.04715	0.0	
3	-0.822996	0.496933	0.27520100000000003	0.0	0.466347	0.314445	0.826829	0.0	0.324343	0.808816	-0.49053	0.0	-1.51742	1.8366799999999999	0.726901	-0.0152221	-0.907156	0.404452	0.11613499999999999	0.0	-0.0346759	0.203198	-0.978524	0.0	-0.419364	-0.8917	-0.170308	0.0	0.8923780000000001	2.3735	-1.06274	0.0	
3	-0.8341370000000001	0.432821	0.341877	0.0	0.501677	0.337796	0.796375	0.0	0.22920300000000002	0.835799	-0.49890500000000004	0.0	-1.53752	1.7061	0.663147	-0.014874	-0.9079379999999999	0.403565	0.113075	0.0	-0.033794300000000006	0.198425	-0.979533	0.0	-0.417742	-0.893176	-0.16652	0.0	0.8896059999999999	2.32721	-1.05835	0.0	
3	-0.830799	0.373645	0.41250699999999996	0.0	0.532183	0.316308	0.7853220000000001	0.0	0.16295199999999999	0.871974	-0.46163699999999996	0.0	-1.58847	1.58474	0.558309	-0.015576099999999999	-0.908515	0.401515	0.1157	0.0	-0.037619099999999996	0.197171	-0.9796469999999999	0.0	-0.416155	-0.8943770000000001	-0.164028	0.0	0.875235	2.31183	-1.05938	0.0	
3	-0.83263	0.311506	0.45792200000000005	0.0	0.540926	0.279957	0.79311	0.0	0.11886	0.908068	-0.40160300000000004	0.0	-1.74195	1.39337	0.20674099999999998	-0.0157368	-0.912603	0.389759	0.12346900000000001	0.0	-0.0471923	0.199554	-0.97875	0.0	-0.406115	-0.8990360000000001	-0.16372	0.0	0.823307	2.29557	-1.0624	0.0	
3	-0.8632489999999999	0.26278	0.430986	0.0	0.502801	0.37211500000000003	0.7802060000000001	0.0	0.044646	0.8902120000000001	-0.453354	0.0	-1.92375	1.24706	-0.0301156	-0.018637400000000002	-0.916515	0.379803	0.125498	0.0	-0.052372800000000004	0.197102	-0.978983	0.0	-0.396557	-0.903825	-0.160755	0.0	0.785175	2.25578	-1.0690899999999999	0.0	
3	-0.891409	0.22897699999999999	0.39110100000000003	0.0	0.452211	0.5063880000000001	0.734218	0.0	-0.029930000000000002	0.831349	-0.554944	0.0	-2.03859	1.18527	-0.16021400000000002	-0.018903	-0.917517	0.37742800000000004	0.12534700000000001	0.0	-0.053110500000000005	0.196075	-0.97915	0.0	-0.394136	-0.905043	-0.159856	0.0	0.773926	2.23569	-1.06476	0.0	
3	-0.989027	0.147637	0.00537585	0.0	0.116468	0.756807	0.643178	0.0	0.09088810000000001	0.6367470000000001	-0.7656970000000001	0.0	-2.28934	0.961324	-0.280088	-0.0203097	-0.920322	0.371915	0.12119200000000001	0.0	-0.05320790000000001	0.187919	-0.980742	0.0	-0.387527	-0.9090469999999999	-0.153157	0.0	0.753877	2.18079	-1.03033	0.0	
3	-0.95765	0.281013	-0.0627534	0.0	0.159492	0.699162	0.696947	0.0	0.23972600000000002	0.657423	-0.714372	0.0	-2.2789900000000003	0.945558	-0.271098	-0.018797400000000002	-0.9203040000000001	0.372179	0.12051600000000001	0.0	-0.0530047	0.186594	-0.9810059999999999	0.0	-0.387598	-0.9092120000000001	-0.151996	0.0	0.754104	2.16759	-1.01485	0.0	
3	-0.826944	0.54974	-0.11810799999999999	0.0	0.198149	0.48148900000000006	0.8537600000000001	0.0	0.5262140000000001	0.682608	-0.507095	0.0	-2.1206099999999997	0.971671	-0.151604	-0.015544899999999999	-0.9193600000000001	0.374558	0.12035	0.0	-0.05324159999999999	0.18464	-0.9813629999999999	0.0	-0.38979899999999995	-0.908633	-0.149809	0.0	0.7520560000000001	2.16154	-0.997769	0.0	
3	-0.533278	0.798196	-0.280175	0.0	0.027957599999999996	0.347649	0.937208	0.0	0.8454780000000001	0.49195900000000004	-0.207709	0.0	-2.03825	1.20211	0.103361	-0.0065527	-0.917374	0.380362	0.11725999999999999	0.0	-0.05299450000000001	0.175258	-0.983095	0.0	-0.394483	-0.9080799999999999	-0.14062	0.0	0.731813	2.1482900000000003	-0.971884	0.0	
3	-0.240481	0.847082	-0.47394200000000003	0.0	-0.0273053	0.482174	0.87565	0.0	0.9702700000000001	0.223518	-0.092824	0.0	-1.99748	1.43954	0.228307	0.0	-0.915242	0.386229	0.114718	0.0	-0.05355359999999999	0.16558299999999998	-0.984741	0.0	-0.399331	-0.9074190000000001	-0.130864	0.0	0.703096	2.1344	-0.952857	0.0	
3	-0.0442593	0.7696029999999999	-0.636988	0.0	-0.00129941	0.637567	0.770393	0.0	0.9990190000000001	0.034924699999999996	-0.0272183	0.0	-1.9830900000000002	1.54165	0.227167	0.0	-0.9128719999999999	0.392373	0.112731	0.0	-0.0543169	0.156946	-0.9861120000000001	0.0	-0.404616	-0.9063180000000001	-0.121959	0.0	0.676968	2.09743	-0.956176	0.0	
3	0.16983199999999998	0.5631550000000001	-0.808711	0.0	0.101215	0.806325	0.5827479999999999	0.0	0.980261	-0.180823	0.0799403	0.0	-1.95515	1.58338	0.294047	0.0	-0.910575	0.398379	0.11021800000000001	0.0	-0.054090099999999995	0.149513	-0.9872790000000001	0.0	-0.40979	-0.9049530000000001	-0.114594	0.0	0.632994	2.07512	-0.9630920000000001	0.0	
3	0.342661	0.287481	-0.894393	0.0	0.236447	0.894992	0.378262	0.0	0.909217	-0.341092	0.23870500000000003	0.0	-1.96525	1.5802399999999999	0.335708	0.0	-0.9085	0.404329	0.10557799999999999	0.0	-0.051276499999999996	0.142877	-0.988411	0.0	-0.414728	-0.903385	-0.109071	0.0	0.6183350000000001	2.06743	-0.9493090000000001	0.0	
3	0.470666	0.00324179	-0.8823049999999999	0.0	0.354695	0.9149360000000001	0.192574	0.0	0.8078770000000001	-0.403587	0.429479	0.0	-2.05247	1.51783	0.256707	0.0	-0.905998	0.41129799999999994	0.100006	0.0	-0.047953300000000004	0.135008	-0.989684	0.0	-0.42055600000000004	-0.9014469999999999	-0.102593	0.0	0.609234	2.06137	-0.942268	0.0	
3	0.507421	-0.148024	-0.8488889999999999	0.0	0.42797700000000005	0.898332	0.09917619999999999	0.0	0.747904	-0.41362899999999997	0.519183	0.0	-2.1576299999999997	1.44298	0.181649	0.0	-0.9050159999999999	0.41458599999999995	0.09520260000000001	0.0	-0.045227300000000005	0.12875599999999998	-0.9906440000000001	0.0	-0.422966	-0.900855	-0.09777580000000001	0.0	0.606913	2.04977	-0.9247620000000001	0.0	
3	0.509616	-0.253324	-0.822264	0.0	0.46317600000000003	0.8861549999999999	0.014055799999999999	0.0	0.725093	-0.38801599999999997	0.568932	0.0	-2.1935700000000002	1.40086	0.129134	-0.00034523	-0.9059459999999999	0.414916	0.084302	0.0	-0.037872699999999995	0.118898	-0.9921840000000001	0.0	-0.421696	-0.902058	-0.0920011	0.0	0.59373	2.0391	-0.907808	0.0	
3	0.47016099999999994	-0.35536799999999996	-0.807875	0.0	0.48562700000000003	0.8684950000000001	-0.09941169999999999	0.0	0.736963	-0.345587	0.580908	0.0	-2.21422	1.40473	0.11539400000000001	0.0	-0.9077639999999999	0.413966	0.06780219999999999	0.0	-0.024600200000000003	0.10882	-0.993757	0.0	-0.41876	-0.9037649999999999	-0.0885994	0.0	0.595121	2.04345	-0.898486	0.0	
3	0.455125	-0.38764	-0.801621	0.0	0.490971	0.860295	-0.137261	0.0	0.742838	-0.331102	0.581862	0.0	-2.21864	1.43947	0.15046199999999998	0.0	-0.908518	0.414149	0.0554648	0.0	-0.013633500000000002	0.103288	-0.9945579999999999	0.0	-0.417624	-0.90433	-0.08819310000000001	0.0	0.604592	2.06459	-0.8753129999999999	0.0	
3	0.320997	-0.5161819999999999	-0.7940510000000001	0.0	0.53499	0.790667	-0.297711	0.0	0.781503	-0.32924499999999995	0.529954	0.0	-2.13348	1.59375	0.40316799999999997	0.0	-0.909177	0.415793	0.022650599999999996	0.0	0.0187837	0.09529069999999999	-0.9952719999999999	0.0	-0.41598599999999997	-0.9044530000000001	-0.0944462	0.0	0.650217	2.1173	-0.876274	0.0	
3	0.246179	-0.559569	-0.791377	0.0	0.531827	0.760595	-0.372365	0.0	0.810282	-0.329207	0.484836	0.0	-2.11682	1.6624400000000001	0.555519	0.0	-0.90875	0.41722700000000007	0.00978434	0.0	0.0321426	0.0933449	-0.995115	0.0	-0.416102	-0.9039959999999999	-0.098238	0.0	0.678207	2.1320799999999998	-0.889841	0.0	
3	0.07594669999999999	-0.6073850000000001	-0.7907689999999999	0.0	0.455046	0.7267710000000001	-0.514525	0.0	0.887223	-0.32076	0.331584	0.0	-2.1461200000000002	1.8185900000000002	0.905934	0.0	-0.9080159999999999	0.41884099999999996	-0.00893687	0.0	0.0528633	0.09338969999999999	-0.994225	0.0	-0.415587	-0.9032450000000001	-0.10694100000000001	0.0	0.730582	2.1791400000000003	-0.9096629999999999	0.0	
3	-0.0587698	-0.56255	-0.824672	0.0	0.376594	0.752568	-0.5402020000000001	0.0	0.9245120000000001	-0.342314	0.167625	0.0	-2.16411	1.9408	1.1390200000000001	0.0	-0.908574	0.417562	-0.0116379	0.0	0.055265699999999994	0.0925438	-0.994174	0.0	-0.41405299999999995	-0.9039229999999999	-0.10715999999999999	0.0	0.756671	2.18298	-0.9077799999999999	0.0	
3	-0.240904	-0.42640600000000006	-0.871862	0.0	0.241912	0.843585	-0.479419	0.0	0.939917	-0.326408	-0.10007	0.0	-2.16735	2.24536	1.74688	-2.6464499999999997e-05	-0.910216	0.413703	-0.0189037	0.0	0.060858	0.0884679	-0.994218	0.0	-0.409638	-0.9061040000000001	-0.105702	0.0	0.772147	2.17588	-0.9079719999999999	0.0	
3	-0.305859	-0.371785	-0.8764850000000001	0.0	0.198193	0.8755719999999999	-0.44055900000000003	0.0	0.93122	-0.308463	-0.194117	0.0	-2.17657	2.31607	1.8904299999999998	3.69549e-05	-0.9107780000000001	0.41238199999999997	-0.0206206	0.0	0.062606	0.0885614	-0.994101	0.0	-0.408123	-0.906697	-0.106478	0.0	0.773957	2.1732	-0.912077	0.0	
3	-0.5098020000000001	-0.189851	-0.839082	0.0	-0.0414358	0.979633	-0.196476	0.0	0.8592930000000001	-0.06539600000000001	-0.507285	0.0	-2.42214	2.3283	2.39845	0.0	-0.9172290000000001	0.396273	-0.0407341	0.0	0.080724	0.0847604	-0.9931260000000001	0.0	-0.390096	-0.914212	-0.109734	0.0	0.784007	2.1352	-0.9417399999999999	0.0	
3	-0.528047	-0.11823900000000001	-0.840944	0.0	-0.10303399999999999	0.991864	-0.0747617	0.0	0.842942	0.0471678	-0.535933	0.0	-2.53206	2.2576400000000003	2.48033	3.3617e-05	-0.918781	0.39200300000000005	-0.0466472	0.0	0.084976	0.0809935	-0.993086	0.0	-0.38551399999999997	-0.916392	-0.107726	0.0	0.790125	2.12205	-0.944023	0.0	
3	-0.501417	0.18870399999999998	-0.844376	0.0	-0.149576	0.942325	0.299417	0.0	0.8521780000000001	0.276431	-0.444272	0.0	-2.6753299999999998	2.05501	2.39908	0.0	-0.918593	0.39214499999999997	-0.04909790000000001	0.0	0.0857809	0.0765671	-0.993368	0.0	-0.385784	-0.9167120000000001	-0.103973	0.0	0.7935439999999999	2.12037	-0.9377840000000001	0.0	
3	-0.471785	0.40150399999999997	-0.784993	0.0	-0.11886	0.853216	0.507834	0.0	0.8736649999999999	0.332892	-0.354812	0.0	-2.6109	1.9776900000000002	2.32997	0.0	-0.91856	0.3919	-0.0516005	0.0	0.088275	0.0761346	-0.993182	0.0	-0.385299	-0.916852	-0.104529	0.0	0.79402	2.12236	-0.933041	0.0	
3	-0.435741	0.570758	-0.695964	0.0	-0.0870089	0.742899	0.663725	0.0	0.895857	0.349767	-0.27405100000000004	0.0	-2.51761	1.92545	2.29996	0.0	-0.917901	0.392848	-0.0559375	0.0	0.09326910000000001	0.07657689999999999	-0.992692	0.0	-0.385693	-0.9164100000000001	-0.106931	0.0	0.796578	2.12872	-0.928983	0.0	
3	-0.37558	0.7314039999999999	-0.569199	0.0	-0.0324983	0.603391	0.796783	0.0	0.92622	0.317754	-0.202852	0.0	-2.41856	1.88802	2.29198	0.0	-0.9160719999999999	0.396547	-0.0596876	0.0	0.098203	0.07752519999999999	-0.992142	0.0	-0.388804	-0.9147350000000001	-0.10996099999999999	0.0	0.802121	2.1413900000000003	-0.92881	0.0	
3	-0.286314	0.890393	-0.35387199999999996	0.0	0.0316219	0.377913	0.925301	0.0	0.957614	0.253737	-0.13635799999999998	0.0	-2.32678	1.86391	2.24686	0.0	-0.915291	0.398594	-0.05800689999999999	0.0	0.09733969999999999	0.07914199999999999	-0.9921	0.0	-0.390854	-0.9137059999999999	-0.11123699999999999	0.0	0.801728	2.14456	-0.932092	0.0	
3	-0.26118600000000003	0.911143	-0.318749	0.0	0.0343647	0.338779	0.9402379999999999	0.0	0.964677	0.234623	-0.119795	0.0	-2.30278	1.8807900000000002	2.20169	0.0	-0.9150020000000001	0.39938	-0.057166999999999996	0.0	0.09654960000000001	0.0791813	-0.992174	0.0	-0.391728	-0.9133600000000001	-0.11101099999999998	0.0	0.7959069999999999	2.14426	-0.9338069999999999	0.0	
3	-0.258858	0.924459	-0.279944	0.0	0.04171230000000001	0.30025100000000005	0.9529479999999999	0.0	0.9650139999999999	0.23500100000000002	-0.116284	0.0	-2.27228	1.8897099999999998	2.1151	0.0	-0.915198	0.39871	-0.058679199999999994	0.0	0.0967903	0.07611960000000001	-0.99239	0.0	-0.39120900000000003	-0.913913	-0.10825599999999999	0.0	0.783463	2.1389299999999998	-0.9291379999999999	0.0	
3	-0.305938	0.934709	-0.180892	0.0	0.068968	0.21126199999999998	0.974993	0.0	0.94955	0.28581100000000004	-0.129098	0.0	-2.24951	1.88025	1.9211	0.0	-0.91495	0.398604	-0.0631038	0.0	0.101135	0.0750929	-0.992035	0.0	-0.39069	-0.9140440000000001	-0.109019	0.0	0.783504	2.15022	-0.9197290000000001	0.0	
3	-0.318918	0.937243	-0.140949	0.0	0.06627469999999999	0.170403	0.983143	0.0	0.945462	0.304201	-0.11646	0.0	-2.25858	1.8636	1.80224	0.0	-0.9132709999999999	0.402237	-0.0643529	0.0	0.10288	0.0748998	-0.99187	0.0	-0.394146	-0.912467	-0.109786	0.0	0.78899	2.15596	-0.91253	0.0	
3	-0.411121	0.90559	0.10433599999999998	0.0	0.0593627	-0.0876164	0.994384	0.0	0.909646	0.41500600000000004	-0.0177376	0.0	-2.2435	1.8328799999999998	1.4947	0.0	-0.9064190000000001	0.41998	-0.0449686	0.0	0.08890980000000001	0.0856347	-0.992352	0.0	-0.41291700000000003	-0.9034840000000001	-0.114961	0.0	0.77642	2.17959	-0.9146549999999999	0.0	
3	-0.46374399999999993	0.8478969999999999	0.256931	0.0	0.11404700000000001	-0.23045700000000002	0.966376	0.0	0.878599	0.47745299999999996	0.010172399999999998	0.0	-2.19455	1.8163799999999999	1.31675	-0.00443125	-0.9003760000000001	0.43508800000000003	0.00459756	0.0	0.0484606	0.110774	-0.992663	0.0	-0.432406	-0.893548	-0.120823	0.0	0.753272	2.20405	-0.921264	0.0	
3	-0.548188	0.677241	0.490749	0.0	0.24017399999999997	-0.43458500000000005	0.868017	0.0	0.801129	0.593701	0.07557810000000001	0.0	-2.0882099999999997	1.79673	0.756308	-0.00782132	-0.8829870000000001	0.44944399999999995	0.135404	0.0	-0.0580581	0.181677	-0.981643	0.0	-0.465793	-0.87464	-0.134325	0.0	0.637891	2.26233	-0.921201	0.0	
3	-0.574438	0.6071770000000001	0.54896	0.0	0.335108	-0.43743000000000004	0.8344809999999999	0.0	0.7468090000000001	0.6633180000000001	0.047806	0.0	-2.05146	1.77007	0.49676899999999996	-0.00973749	-0.8842040000000001	0.442858	0.148529	0.0	-0.06636979999999999	0.195638	-0.9784280000000001	0.0	-0.462362	-0.8749870000000001	-0.143592	0.0	0.603478	2.26341	-0.937549	0.0	
3	-0.635877	0.45573199999999997	0.622872	0.0	0.5019060000000001	-0.36891	0.782302	0.0	0.586303	0.810071	0.00584704	0.0	-1.9412200000000002	1.67986	-0.0186501	-0.011015899999999999	-0.88654	0.43723500000000004	0.15124100000000001	0.0	-0.0655116	0.20496799999999998	-0.9765739999999999	0.0	-0.457992	-0.8756790000000001	-0.153069	0.0	0.574382	2.2389799999999997	-0.981799	0.0	
3	-0.6381020000000001	0.400941	0.6573220000000001	0.0	0.581733	-0.308216	0.752722	0.0	0.504394	0.862699	-0.0365675	0.0	-1.9085599999999998	1.66855	-0.22179699999999997	-0.0110521	-0.887811	0.434928	0.15043299999999998	0.0	-0.0651851	0.204741	-0.976643	0.0	-0.45556899999999995	-0.8768799999999999	-0.153421	0.0	0.572327	2.22738	-0.9894780000000001	0.0	
3	-0.633045	0.324497	0.70282	0.0	0.691049	-0.172266	0.70198	0.0	0.348862	0.930068	-0.115192	0.0	-1.86765	1.61531	-0.559519	-0.0111196	-0.8883709999999999	0.434663	0.147871	0.0	-0.0652909	0.199196	-0.9777819999999999	0.0	-0.45446099999999995	-0.878288	-0.148581	0.0	0.5710149999999999	2.2130099999999997	-0.9961469999999999	0.0	
3	-0.654343	0.312334	0.688683	0.0	0.69612	-0.10695299999999999	0.709914	0.0	0.295387	0.943933	-0.147438	0.0	-1.8361599999999998	1.54911	-0.807458	-0.0111537	-0.88771	0.436749	0.145677	0.0	-0.06608639999999999	0.19225899999999999	-0.979117	0.0	-0.455636	-0.878799	-0.141807	0.0	0.567642	2.2093700000000003	-0.980298	0.0	
3	-0.6530100000000001	0.323229	0.68491	0.0	0.6807380000000001	-0.145846	0.717861	0.0	0.331925	0.9350149999999999	-0.124795	0.0	-1.84496	1.57161	-0.9577190000000001	-0.011101	-0.8882450000000001	0.43621499999999996	0.144007	0.0	-0.0655368	0.189945	-0.979605	0.0	-0.454672	-0.879567	-0.14013	0.0	0.56184	2.2114	-0.9574590000000001	0.0	
3	-0.6543260000000001	0.316671	0.686714	0.0	0.681623	-0.146283	0.716932	0.0	0.327486	0.9371879999999999	-0.12013399999999999	0.0	-1.8264599999999998	1.57195	-0.979683	-0.0111506	-0.888548	0.43555900000000003	0.144123	0.0	-0.06601239999999998	0.189494	-0.9796600000000001	0.0	-0.45401	-0.8799889999999999	-0.139623	0.0	0.557447	2.2075	-0.951996	0.0	
3	-0.6521100000000001	0.28521399999999997	0.702429	0.0	0.708847	-0.099212	0.698351	0.0	0.268868	0.9533159999999999	-0.137476	0.0	-1.8195599999999998	1.49051	-0.9973780000000001	-0.0111723	-0.889133	0.434695	0.14311500000000002	0.0	-0.065497	0.188632	-0.9798610000000001	0.0	-0.452937	-0.880601	-0.139248	0.0	0.556806	2.20815	-0.9455969999999999	0.0	
3	-0.654939	0.27948	0.702102	0.0	0.7102729999999999	-0.0895485	0.698207	0.0	0.25800700000000004	0.955967	-0.13985799999999998	0.0	-1.82833	1.44543	-1.01801	-0.0111825	-0.8898020000000001	0.433835	0.141561	0.0	-0.0643659	0.18779200000000001	-0.9800969999999999	0.0	-0.451784	-0.8812049999999999	-0.139174	0.0	0.5559390000000001	2.20621	-0.9418850000000001	0.0	
3	-0.70799	0.375418	0.598174	0.0	0.56766	-0.201371	0.7982560000000001	0.0	0.420134	0.904716	-0.07054160000000001	0.0	-1.86105	1.3669200000000001	-0.997181	-0.011131299999999998	-0.890956	0.43228900000000003	0.139014	0.0	-0.0629043	0.18569000000000002	-0.980593	0.0	-0.44971300000000003	-0.882409	-0.138249	0.0	0.5562090000000001	2.20045	-0.9355559999999999	0.0	
3	-0.651799	0.6981510000000001	0.296216	0.0	-0.0270503	-0.411738	0.9109010000000001	0.0	0.757909	0.585712	0.28725500000000004	0.0	-1.93747	1.34309	-0.6760010000000001	-0.0108455	-0.891884	0.43153400000000003	0.13536099999999998	0.0	-0.060850699999999994	0.182076	-0.9814	0.0	-0.44815299999999997	-0.883531	-0.136131	0.0	0.5535760000000001	2.1930400000000003	-0.931275	0.0	
3	-0.29235500000000003	0.9131290000000001	-0.28412	0.0	-0.241346	0.217032	0.945859	0.0	0.9253540000000001	0.345098	0.15693	0.0	-2.1818	1.63132	-0.379328	-0.0110288	-0.892389	0.43105600000000005	0.13353900000000002	0.0	-0.060299900000000003	0.179362	-0.981933	0.0	-0.44722	-0.8843190000000001	-0.134068	0.0	0.5526220000000001	2.19394	-0.921488	0.0	
3	0.0279681	0.7168680000000001	-0.6966479999999999	0.0	-0.24860900000000002	0.6800109999999999	0.689767	0.0	0.9682	0.153901	0.19723800000000002	0.0	-2.2755099999999997	1.7156099999999999	-0.150328	0.0	-0.8920950000000001	0.431804	0.13308599999999998	0.0	-0.059675900000000004	0.17936400000000002	-0.9819709999999999	0.0	-0.44788999999999995	-0.8839540000000001	-0.134241	0.0	0.553723	2.19679	-0.9180969999999999	0.0	
3	0.204349	0.451139	-0.868743	0.0	-0.0479078	0.891016	0.45143599999999995	0.0	0.977725	-0.0506311	0.203691	0.0	-2.31135	1.7397900000000002	0.143033	0.0	-0.8933760000000001	0.43103100000000005	0.126856	0.0	-0.0561178	0.173083	-0.9833069999999999	0.0	-0.44579300000000005	-0.885581	-0.130439	0.0	0.540011	2.18945	-0.9160790000000001	0.0	
3	0.271428	0.11726900000000001	-0.9552879999999999	0.0	0.168927	0.9713370000000001	0.167237	0.0	0.9475180000000001	-0.20676599999999998	0.243838	0.0	-2.3195	1.7751	0.491699	0.0	-0.89449	0.43012799999999995	0.121972	0.0	-0.05410790000000001	0.16666199999999998	-0.9845280000000001	0.0	-0.44380200000000003	-0.88725	-0.125804	0.0	0.527652	2.18185	-0.904958	0.0	
3	0.24074	-0.11169000000000001	-0.964142	0.0	0.301654	0.952773	-0.035051900000000004	0.0	0.922523	-0.28239899999999996	0.263063	0.0	-2.3513	1.8344599999999998	0.720651	0.0	-0.8953530000000001	0.42918999999999996	0.11891199999999999	0.0	-0.052771500000000006	0.162882	-0.985233	0.0	-0.44222	-0.8884059999999999	-0.12318699999999999	0.0	0.5221140000000001	2.17689	-0.88665	0.0	
3	0.173729	-0.26025	-0.949783	0.0	0.35885700000000004	0.914867	-0.185042	0.0	0.917082	-0.308689	0.252332	0.0	-2.3555099999999998	1.8304599999999998	0.971176	0.0	-0.896223	0.427957	0.116781	0.0	-0.051563	0.160971	-0.985611	0.0	-0.44059799999999993	-0.889349	-0.1222	0.0	0.518563	2.1736	-0.8789	0.0	
3	0.113623	-0.315419	-0.942126	0.0	0.34424499999999997	0.9020239999999999	-0.26047600000000004	0.0	0.9319790000000001	-0.29472600000000004	0.21107199999999998	0.0	-2.3441400000000003	1.83533	1.1116700000000002	0.0	-0.8968790000000001	0.42702399999999996	0.115148	0.0	-0.050259500000000006	0.160262	-0.9857940000000001	0.0	-0.43941199999999997	-0.889925	-0.122273	0.0	0.513857	2.16991	-0.876073	0.0	
3	-0.07154110000000001	-0.370831	-0.925941	0.0	0.275407	0.8848870000000001	-0.375668	0.0	0.9586620000000001	-0.281886	0.038823699999999996	0.0	-2.29221	1.8701400000000001	1.43566	0.0	-0.898753	0.42501099999999997	0.107748	0.0	-0.0448827	0.155273	-0.9868520000000001	0.0	-0.43615299999999996	-0.8917709999999999	-0.120477	0.0	0.512378	2.16684	-0.874907	0.0	
3	-0.366897	-0.36590300000000003	-0.8552780000000001	0.0	-0.011979	0.921178	-0.388957	0.0	0.930184	-0.132462	-0.342361	0.0	-2.1874599999999997	1.95685	1.8568	0.0	-0.90155	0.42154200000000003	0.09751900000000001	0.0	-0.040022300000000004	0.143173	-0.9888879999999999	0.0	-0.43082	-0.895435	-0.112206	0.0	0.502487	2.13432	-0.8524520000000001	0.0	
3	-0.435845	-0.35170799999999997	-0.828457	0.0	-0.186144	0.935809	-0.29935300000000004	0.0	0.8805620000000001	0.0237403	-0.473336	0.0	-2.17021	1.91028	1.91914	0.0	-0.902257	0.420412	0.09584619999999999	0.0	-0.039542400000000005	0.140671	-0.989267	0.0	-0.429383	-0.8963620000000001	-0.11029800000000001	0.0	0.500576	2.12465	-0.837672	0.0	
3	-0.497486	-0.369787	-0.7847069999999999	0.0	-0.415767	0.8955639999999999	-0.158442	0.0	0.7613449999999999	0.247432	-0.599275	0.0	-2.11502	1.7650299999999999	1.9801099999999998	1.54972e-05	-0.904907	0.415497	0.092227	0.0	-0.0364942	0.140147	-0.989458	0.0	-0.42404200000000003	-0.898733	-0.11165699999999999	0.0	0.49928599999999995	2.12994	-0.8168989999999999	0.0	
3	-0.5317	-0.348301	-0.771999	0.0	-0.632077	0.769895	0.0879792	0.0	0.563715	0.534741	-0.629506	0.0	-2.11823	1.48606	1.7739099999999999	-0.0135784	-0.908377	0.409568	0.08429060000000001	0.0	-0.028756900000000002	0.139914	-0.9897459999999999	0.0	-0.417162	-0.901487	-0.115317	0.0	0.491018	2.0965700000000003	-0.8611190000000001	0.0	
3	-0.5335529999999999	-0.357045	-0.7667069999999999	0.0	-0.655341	0.747585	0.10791300000000001	0.0	0.5346489999999999	0.560032	-0.6328630000000001	0.0	-2.1028700000000002	1.38534	1.59723	-0.015893200000000003	-0.910098	0.406916	0.07836989999999999	0.0	-0.0242298	0.136542	-0.9903379999999999	0.0	-0.413685	-0.9032030000000001	-0.114408	0.0	0.48641	2.08312	-0.873416	0.0	
3	-0.49415299999999995	-0.395011	-0.774454	0.0	-0.7112930000000001	0.695902	0.09890650000000001	0.0	0.499875	0.599739	-0.624851	0.0	-2.08224	1.26966	1.2109299999999998	-0.018796700000000003	-0.911625	0.40483800000000003	0.0710322	0.0	-0.0185261	0.132171	-0.9910540000000001	0.0	-0.41060399999999997	-0.9047860000000001	-0.11299100000000001	0.0	0.489734	2.06881	-0.882415	0.0	
3	-0.469362	-0.418019	-0.777791	0.0	-0.7511800000000001	0.652032	0.102872	0.0	0.464142	0.632545	-0.620047	0.0	-2.1309400000000003	1.23155	1.04283	-0.0198483	-0.912624	0.403355	0.0665035	0.0	-0.0144727	0.130698	-0.991317	0.0	-0.408545	-0.9056620000000001	-0.11344100000000001	0.0	0.491738	2.0694	-0.879833	0.0	
3	-0.43147700000000005	-0.443858	-0.785377	0.0	-0.782125	0.6179020000000001	0.0804811	0.0	0.449564	0.648989	-0.6137630000000001	0.0	-2.17665	1.1716	0.806917	-0.0233257	-0.9137850000000001	0.401739	0.060011300000000004	0.0	-0.00880483	0.128115	-0.99172	0.0	-0.40610100000000005	-0.906748	-0.113532	0.0	0.49697399999999997	2.06399	-0.8779969999999999	0.0	
3	-0.432623	-0.442371	-0.785586	0.0	-0.7368939999999999	0.675531	0.0254108	0.0	0.519446	0.5898869999999999	-0.6182300000000001	0.0	-2.20966	1.15646	0.744145	-0.020373099999999998	-0.913784	0.402	0.0582742	0.0	-0.00749224	0.12675699999999998	-0.991906	0.0	-0.40613299999999997	-0.906824	-0.112817	0.0	0.50189	2.06711	-0.8794799999999999	0.0	
3	-0.523072	-0.288622	-0.8019310000000001	0.0	-0.6124850000000001	0.7815949999999999	0.1182	0.0	0.59267	0.552998	-0.585607	0.0	-2.24147	1.1065200000000002	0.710025	-0.0205696	-0.9141469999999999	0.401532	0.05575309999999999	0.0	-0.00588831	0.124365	-0.9922190000000001	0.0	-0.405342	-0.9073620000000001	-0.111324	0.0	0.5040180000000001	2.06964	-0.8744569999999999	0.0	
3	-0.580155	-0.030081	-0.81395	0.0	-0.459291	0.837369	0.29641999999999996	0.0	0.67266	0.54581	-0.49962	0.0	-2.17941	1.0856700000000001	0.880387	-0.016892400000000002	-0.914185	0.401447	0.055738300000000005	0.0	-0.00521019	0.125873	-0.9920329999999999	0.0	-0.405264	-0.907192	-0.112979	0.0	0.505116	2.06472	-0.879183	0.0	
3	-0.457913	0.11586500000000001	-0.8814139999999999	0.0	-0.40613699999999997	0.854692	0.323349	0.0	0.790802	0.506041	-0.344317	0.0	-2.08146	1.2178200000000001	1.17311	-0.012379600000000001	-0.9139379999999999	0.402052	0.055426199999999995	0.0	-0.00523899	0.124868	-0.99216	0.0	-0.405821	-0.907062	-0.112015	0.0	0.503559	2.0642400000000003	-0.8830040000000001	0.0	
3	-0.253525	0.152179	-0.955284	0.0	-0.22759400000000002	0.950441	0.21180900000000003	0.0	0.940174	0.27111599999999997	-0.206326	0.0	-2.1194599999999997	1.4834	1.44851	0.0	-0.913042	0.40424499999999997	0.0542201	0.0	-0.00455523	0.122821	-0.992418	0.0	-0.407839	-0.906367	-0.1103	0.0	0.496	2.06475	-0.884014	0.0	
3	-0.146276	0.038012	-0.988513	0.0	-0.0405569	0.9981909999999999	0.0443856	0.0	0.9884120000000001	0.0465835	-0.14446900000000001	0.0	-2.14108	1.6391200000000001	1.5443799999999999	0.0	-0.912667	0.405217	0.053281600000000005	0.0	-0.00440176	0.12061400000000001	-0.99269	0.0	-0.408682	-0.9062290000000001	-0.108297	0.0	0.48675100000000004	2.06356	-0.8832969999999999	0.0	
3	0.0389219	-0.267896	-0.9626610000000001	0.0	0.305076	0.920579	-0.24385	0.0	0.9515319999999999	-0.284194	0.117559	0.0	-2.40441	1.80149	1.60122	0.0	-0.912739	0.405246	0.0518005	0.0	-0.00464441	0.11649300000000001	-0.993181	0.0	-0.408517	-0.9067559999999999	-0.10444500000000001	0.0	0.469218	2.05418	-0.8728879999999999	0.0	
3	0.06400209999999999	-0.365874	-0.9284610000000001	0.0	0.395359	0.863539	-0.313037	0.0	0.916294	-0.34704	0.19992000000000001	0.0	-2.52736	1.80594	1.60544	0.0	-0.912933	0.404789	0.0519523	0.0	-0.00457627	0.117138	-0.9931049999999999	0.0	-0.408084	-0.906876	-0.10508699999999999	0.0	0.46455	2.05116	-0.869085	0.0	
3	0.173087	-0.48462200000000005	-0.8574280000000001	0.0	0.547077	0.771221	-0.32545999999999997	0.0	0.818992	-0.412746	0.39861399999999997	0.0	-2.75469	1.76099	1.54782	0.0	-0.91332	0.403936	0.05179500000000001	0.0	-0.00373195	0.118877	-0.9929020000000001	0.0	-0.40722600000000003	-0.9070299999999999	-0.10706600000000001	0.0	0.460958	2.05035	-0.8714770000000001	0.0	
3	0.280314	-0.5363600000000001	-0.796079	0.0	0.6529560000000001	0.714442	-0.25143899999999997	0.0	0.7036140000000001	-0.449323	0.550487	0.0	-2.90773	1.7661200000000001	1.53617	0.0	-0.9131879999999999	0.4044	0.0504885	0.0	-0.00271033	0.11785699999999999	-0.993027	0.0	-0.40753	-0.906957	-0.10653	0.0	0.462125	2.04755	-0.8604450000000001	0.0	
3	0.292	-0.599804	-0.7449640000000001	0.0	0.754783	0.622897	-0.205673	0.0	0.587399	-0.5022300000000001	0.634608	0.0	-3.03209	1.87448	1.61713	0.0	-0.913134	0.404578	0.0500415	0.0	-0.00386365	0.114158	-0.993455	0.0	-0.407642	-0.907351	-0.10267899999999999	0.0	0.46372399999999997	2.03803	-0.841935	0.0	
3	0.268914	-0.616645	-0.739888	0.0	0.806617	0.5639890000000001	-0.176879	0.0	0.52636	-0.54924	0.649061	0.0	-3.0794	1.9981400000000002	1.70524	0.0	-0.91317	0.40445	0.050414	0.0	-0.00423095	0.11427799999999999	-0.99344	0.0	-0.407558	-0.907393	-0.102644	0.0	0.461251	2.03558	-0.8442540000000001	0.0	
3	0.253226	-0.606812	-0.753429	0.0	0.891489	0.44880200000000003	-0.061838	0.0	0.375664	-0.656015	0.654615	0.0	-3.2185599999999996	2.36753	1.9884400000000002	0.0	-0.913866	0.402926	0.0499994	0.0	-0.00360845	0.11508099999999999	-0.9933489999999999	0.0	-0.406	-0.907969	-0.10371500000000002	0.0	0.454863	2.0319599999999998	-0.828521	0.0	
3	0.26802600000000004	-0.600472	-0.75339	0.0	0.908768	0.4172	-0.00921646	0.0	0.319848	-0.682186	0.65751	0.0	-3.29256	2.48863	2.07999	0.0	-0.913882	0.402991	0.0491784	0.0	-0.00302826	0.11436500000000001	-0.993434	0.0	-0.405969	-0.9080309999999999	-0.103296	0.0	0.45622299999999993	2.03583	-0.829219	0.0	
3	0.39924299999999996	-0.607826	-0.686405	0.0	0.879653	0.46501400000000004	0.09986469999999999	0.0	0.258488	-0.6436689999999999	0.72033	0.0	-3.6116300000000003	2.65529	2.34497	0.0	-0.91415	0.40257800000000005	0.047545300000000006	0.0	-0.00309156	0.11035999999999999	-0.9938870000000001	0.0	-0.405364	-0.908709	-0.09964110000000001	0.0	0.45725	2.03619	-0.8199690000000001	0.0	
3	0.43335200000000007	-0.602223	-0.670473	0.0	0.8676360000000001	0.47999899999999995	0.129648	0.0	0.24374899999999997	-0.6379100000000001	0.730518	0.0	-3.70091	2.64854	2.45982	0.0	-0.913967	0.40294	0.048008800000000004	0.0	-0.00304762	0.11149	-0.993761	0.0	-0.405778	-0.90841	-0.10067000000000001	0.0	0.45823100000000005	2.03441	-0.8236700000000001	0.0	
3	0.44300200000000006	-0.599704	-0.666411	0.0	0.8575780000000001	0.500163	0.119985	0.0	0.261359	-0.624653	0.735867	0.0	-3.79627	2.3662900000000002	2.6603	0.0	-0.914225	0.402702	0.044997300000000004	0.0	-0.00144647	0.107803	-0.9941709999999999	0.0	-0.405206	-0.908961	-0.097974	0.0	0.45494300000000004	2.01778	-0.807912	0.0	
3	0.522786	-0.550946	-0.6505029999999999	0.0	0.7776350000000001	0.620853	0.0991236	0.0	0.34925500000000004	-0.557674	0.753008	0.0	-3.80855	2.17518	2.68148	0.0	-0.9152959999999999	0.400478	0.043022500000000005	0.0	-0.00145504	0.103525	-0.994626	0.0	-0.40278	-0.9104399999999999	-0.09417360000000001	0.0	0.44730200000000003	2.00703	-0.806813	0.0	
3	0.622347	-0.40219699999999997	-0.671508	0.0	0.492914	0.867799	-0.0629364	0.0	0.608046	-0.291827	0.73832	0.0	-3.7895	1.3067	2.76084	0.0	-0.91427	0.40293	0.0419376	0.0	-0.00462085	0.09314299999999999	-0.995642	0.0	-0.40508	-0.910479	-0.0832961	0.0	0.408501	1.9947099999999998	-0.764562	0.0	
3	0.58817	-0.284056	-0.757211	0.0	0.27019499999999996	0.951507	-0.147067	0.0	0.762267	-0.118094	0.6363979999999999	0.0	-3.86309	0.697192	2.98481	-2.4795500000000003e-05	-0.913644	0.404385	0.041555	0.0	-0.00445902	0.0922472	-0.995726	0.0	-0.40649	-0.909925	-0.082478	0.0	0.38449	2.00926	-0.7438130000000001	0.0	
