3	0.593133	0.516197	-0.617846	0.0	0.6855479999999999	0.0785762	0.723775	0.0	0.422159	-0.852858	-0.307272	0.0	-2.73968	2.0	1.46191	0.0	0.344901	0.26464099999999996	-0.90056	0.0	0.0487903	-0.963189	-0.26436	0.0	-0.93737	0.047239300000000005	-0.345117	0.0	2.77367	2.25208	1.13561	0.0	
3	0.593133	0.516197	-0.617846	0.0	0.685525	0.07862260000000001	0.723791	0.0	0.422196	-0.8528530000000001	-0.307232	0.0	-2.7396700000000003	2.0	1.46191	0.0	0.347963	0.246148	-0.904618	0.0	0.0300315	-0.967348	-0.251665	0.0	-0.937027	0.06040319999999999	-0.343993	0.0	2.77408	2.33473	1.01366	0.0	
3	0.593133	0.516197	-0.617846	0.0	0.685492	0.0786903	0.723816	0.0	0.42225	-0.8528469999999999	-0.307175	0.0	-2.7396700000000003	2.0	1.46191	0.0	0.343171	0.232922	-0.909935	0.0	0.0142072	-0.9699409999999999	-0.242925	0.0	-0.939166	0.0704369	-0.33616399999999996	0.0	2.75001	2.4586200000000002	0.8512299999999999	0.0	
3	0.593132	0.516197	-0.617846	0.0	0.685433	0.0788079	0.723858	0.0	0.42234499999999997	-0.852836	-0.307075	0.0	-2.73968	2.0	1.46191	0.0	0.322495	0.264736	-0.908797	0.0	0.00910124	-0.960916	-0.27668899999999996	0.0	-0.946527	0.0809596	-0.3123	0.0	2.6271	2.6692099999999996	0.563737	0.0	
3	0.593132	0.516197	-0.617847	0.0	0.685377	0.07892180000000001	0.723899	0.0	0.422436	-0.852826	-0.306979	0.0	-2.73968	2.0	1.46191	0.0	0.307175	0.362149	-0.8800520000000001	0.0	0.050990499999999994	-0.9296969999999999	-0.36478	0.0	-0.9502860000000001	0.06717680000000001	-0.304046	0.0	2.45505	2.82661	0.287313	0.047283099999999995	
3	-0.346111	0.561307	-0.7517590000000001	0.0	0.168603	0.825451	0.538705	0.0	0.9229200000000001	0.0597034	-0.380336	0.0	-2.77192	1.8851	1.29326	4.88758e-05	0.194487	0.397403	-0.896798	0.0	0.13298900000000002	-0.9164959999999999	-0.377291	0.0	-0.9718479999999999	-0.0458858	-0.23109699999999997	0.0	2.13763	2.82116	0.0903072	-0.010615799999999998	
3	-0.544179	0.480088	-0.68803	0.0	-0.0815562	0.785934	0.612908	0.0	0.834996	0.389644	-0.38853499999999996	0.0	-2.55405	1.63031	1.12061	0.0	0.0108528	0.479942	-0.877233	0.0	0.269679	-0.846183	-0.459617	0.0	-0.962889	-0.231584	-0.13861400000000001	0.0	1.8202599999999998	2.66255	0.0317968	0.0	
3	-0.47498	0.623051	-0.621451	0.0	-0.00236198	0.705292	0.708913	0.0	0.879994	0.338187	-0.33352800000000005	0.0	-2.3902400000000004	1.50794	0.9199719999999999	0.0319257	-0.147757	0.553656	-0.8195319999999999	0.0	0.296081	-0.765863	-0.5707800000000001	0.0	-0.943665	-0.32698499999999997	-0.0507654	0.0	1.5096399999999999	2.4958299999999998	-0.0751492	0.0	
3	-0.163298	0.748734	-0.642442	0.0	0.120861	0.66146	0.740178	0.0	0.979146	0.0432236	-0.198507	0.0	-2.16465	1.3158299999999998	0.9237719999999999	0.29549699999999995	-0.29110199999999997	0.502721	-0.81396	0.0	0.433866	-0.688913	-0.580655	0.0	-0.8526549999999999	-0.522179	-0.017569900000000003	0.0	1.30818	2.4081799999999998	-0.15794	0.0	
3	0.126547	0.762886	-0.634027	0.0	0.245313	0.595244	0.765184	0.0	0.961149	-0.252367	-0.111819	0.0	-1.89602	1.11426	0.9950030000000001	0.04162709999999999	-0.47662299999999996	0.41401499999999997	-0.775514	0.0	0.513104	-0.585298	-0.627814	0.0	-0.713831	-0.69715	0.06653289999999999	0.0	1.21716	2.242	-0.161939	0.0	
3	0.5566369999999999	0.6004079999999999	-0.5741649999999999	0.0	0.370665	0.439032	0.818448	0.0	0.74348	-0.668402	0.021831200000000002	0.0	-1.6908900000000002	0.84375	1.02615	0.0	-0.669741	0.309765	-0.674902	0.0	0.496486	-0.48906499999999997	-0.717159	0.0	-0.552222	-0.81539	0.173753	0.0	1.14946	1.99708	-0.182947	0.0	
3	0.717631	0.454291	-0.52785	0.0	0.426123	0.313067	0.8487680000000001	0.0	0.55084	-0.834032	0.031083099999999995	0.0	-1.54453	0.860783	0.801784	0.0	-0.7948310000000001	0.270446	-0.543234	0.0	0.467491	-0.29787199999999997	-0.8323010000000001	0.0	-0.386907	-0.9154950000000001	0.110327	0.0	1.07065	2.0423	-0.320644	0.0	
3	0.77637	0.435191	-0.45591499999999996	0.0	0.42834700000000003	0.166312	0.888177	0.0	0.462351	-0.8848440000000001	-0.0572932	0.0	-1.4810299999999998	1.31185	0.489304	0.0	-0.845015	0.271847	-0.460488	0.0	0.458527	-0.0747321	-0.885533	0.0	-0.275142	-0.959435	-0.0614994	0.0	1.17836	2.3347599999999997	-0.726532	0.0	
3	0.795405	0.5076729999999999	-0.331059	0.0	0.36595900000000003	0.0331166	0.930041	0.0	0.483121	-0.8609129999999999	-0.159447	0.0	-1.51557	1.9426900000000002	0.15334	0.0	-0.8711190000000001	0.374198	-0.318006	0.0	0.355711	0.0343657	-0.9339639999999999	0.0	-0.338559	-0.9267120000000001	-0.163043	0.0	1.18878	2.69549	-0.9798459999999999	0.0	
3	0.774758	0.558921	-0.295562	0.0	0.354407	0.00321485	0.9350860000000001	0.0	0.52359	-0.8292139999999999	-0.195595	0.0	-1.39889	2.26611	-0.049541800000000004	0.0	-0.8607049999999999	0.47133500000000006	-0.192434	0.0	0.27822600000000003	0.118931	-0.953124	0.0	-0.426354	-0.873899	-0.233502	0.0	1.08915	3.01954	-1.1544	0.0	
3	0.694504	0.6243449999999999	-0.357573	0.0	0.4755	-0.0253135	0.879351	0.0	0.539967	-0.7807390000000001	-0.314456	0.0	-1.0928200000000001	2.50063	-0.0994781	0.0	-0.841308	0.514567	-0.165597	0.0	0.262863	0.12175899999999999	-0.957119	0.0	-0.472339	-0.8487610000000001	-0.237697	0.0	1.0113299999999998	3.15988	-1.24256	0.0	
3	0.6903189999999999	0.6320359999999999	-0.352123	0.0	0.491724	-0.0528447	0.8691459999999999	0.0	0.530724	-0.773135	-0.347267	0.0	-0.944332	2.5904700000000003	-0.0923118	0.0	-0.837354	0.523491	-0.157468	0.0	0.248558	0.108037	-0.9625729999999999	0.0	-0.486886	-0.8451540000000001	-0.220583	0.0	0.931104	3.14911	-1.20621	0.0	
3	0.6956760000000001	0.6267159999999999	-0.351087	0.0	0.519366	-0.10116	0.848543	0.0	0.49627899999999997	-0.772654	-0.39587	0.0	-0.9036	2.7124900000000003	-0.14007	0.0	-0.8359469999999999	0.504551	-0.21591999999999997	0.0	0.28831799999999996	0.0689809	-0.955047	0.0	-0.466975	-0.8606219999999999	-0.20313499999999998	0.0	0.879735	3.12719	-1.1606299999999998	0.0	
3	0.707029	0.611881	-0.354559	0.0	0.532223	-0.13025499999999998	0.8365239999999999	0.0	0.46566899999999994	-0.780151	-0.41775100000000004	0.0	-0.9552959999999999	2.83067	-0.11771500000000001	0.0	-0.793387	0.5098020000000001	-0.332625	0.0	0.382504	-0.00754434	-0.9239229999999999	0.0	-0.47352700000000003	-0.860259	-0.18901600000000002	0.0	0.8664620000000001	3.14236	-1.07884	0.0	
3	0.7290989999999999	0.570164	-0.378587	0.0	0.557229	-0.173353	0.812062	0.0	0.39738	-0.803033	-0.44410299999999997	0.0	-1.09396	2.93203	-0.116601	0.0	-0.762628	0.504903	-0.404317	0.0	0.44304099999999996	-0.047697	-0.8952319999999999	0.0	-0.471289	-0.861858	-0.187318	0.0	0.863239	3.20605	-0.9935360000000001	0.0	
3	0.74373	0.587937	-0.318112	0.0	0.519443	-0.208752	0.828614	0.0	0.420767	-0.781506	-0.46065500000000004	0.0	-1.32812	3.0119599999999997	-0.106334	0.0	-0.761825	0.489565	-0.424203	0.0	0.45943999999999996	-0.053291399999999996	-0.886609	0.0	-0.45665900000000004	-0.870337	-0.184327	0.0	0.87049	3.22562	-0.905402	0.0	
3	0.762991	0.599351	-0.24212199999999998	0.0	0.472887	-0.26216999999999996	0.841216	0.0	0.44070699999999996	-0.756337	-0.483458	0.0	-1.42065	3.083	-0.123724	0.0	-0.7646890000000001	0.48566400000000004	-0.423534	0.0	0.46493900000000005	-0.039267699999999996	-0.8844719999999999	0.0	-0.446187	-0.8732629999999999	-0.195776	0.0	0.920918	3.23346	-0.902266	0.0	
3	0.781759	0.574649	-0.24213800000000002	0.0	0.47034799999999993	-0.28844200000000003	0.8340110000000001	0.0	0.409421	-0.765885	-0.495777	0.0	-1.57302	3.1602799999999998	-0.162001	0.135444	-0.768289	0.48957399999999995	-0.412371	0.0	0.45749300000000004	-0.0306029	-0.8886870000000001	0.0	-0.447697	-0.871425	-0.200464	0.0	0.971723	3.25735	-0.940628	0.0	
3	0.7872939999999999	0.558118	-0.26205500000000004	0.0	0.46184899999999995	-0.252233	0.8503379999999999	0.0	0.40849	-0.790496	-0.456348	0.0	-1.69346	3.10351	-0.141251	0.00319633	-0.77576	0.49362	-0.39311	0.0	0.43982299999999996	-0.0237538	-0.8977700000000001	0.0	-0.452495	-0.869353	-0.198678	0.0	1.05954	3.2945699999999998	-0.9588559999999999	0.0	
3	0.777175	0.51622	-0.35988200000000004	0.0	0.521736	-0.208833	0.827152	0.0	0.351837	-0.8306049999999999	-0.43163100000000004	0.0	-1.73852	2.9607799999999997	-0.0616005	0.0	-0.7851739999999999	0.481175	-0.389836	0.0	0.431658	-0.0261279	-0.901659	0.0	-0.44404099999999996	-0.876235	-0.18718800000000002	0.0	1.13947	3.30576	-0.942852	0.0	
3	0.772454	0.510579	-0.377656	0.0	0.524943	-0.17865599999999998	0.832176	0.0	0.357421	-0.841065	-0.406029	0.0	-1.77462	2.87887	-0.0535007	0.0	-0.804029	0.458862	-0.378131	0.0	0.408438	-0.0359355	-0.9120790000000001	0.0	-0.43210699999999996	-0.8877799999999999	-0.158524	0.0	1.25158	3.29645	-0.910508	0.0	
3	0.743409	0.516827	-0.424538	0.0	0.558193	-0.129743	0.8195040000000001	0.0	0.36846100000000004	-0.846201	-0.384941	0.0	-1.78535	2.84117	-0.06389199999999999	0.0	-0.801387	0.456366	-0.38666500000000004	0.0	0.410671	-0.050208499999999996	-0.9104	0.0	-0.434889	-0.888375	-0.14718	0.0	1.32054	3.29524	-0.859893	0.0	
3	0.684595	0.548751	-0.47979399999999994	0.0	0.611629	-0.07437360000000001	0.787641	0.0	0.39653499999999997	-0.8326709999999999	-0.386548	0.0	-1.80604	2.84996	-0.108546	0.0	-0.802759	0.44869799999999993	-0.392744	0.0	0.41388400000000003	-0.054885	-0.908674	0.0	-0.429275	-0.8919969999999999	-0.14165	0.0	1.33744	3.29766	-0.8051159999999999	0.0	
3	0.623382	0.5695680000000001	-0.5357109999999999	0.0	0.664867	-0.0255355	0.746526	0.0	0.41151800000000005	-0.8215469999999999	-0.39460500000000004	0.0	-1.85063	2.84395	-0.129217	0.0	-0.797322	0.453942	-0.39776100000000003	0.0	0.41881199999999996	-0.05842080000000001	-0.906192	0.0	-0.434596	-0.889114	-0.143537	0.0	1.3451600000000001	3.2909800000000002	-0.767989	0.0	
3	0.57922	0.63341	-0.513124	0.0	0.678705	-0.026069799999999997	0.733949	0.0	0.451513	-0.773378	-0.44499799999999995	0.0	-1.89588	2.86905	-0.173729	0.0	-0.7912640000000001	0.45746800000000004	-0.40574	0.0	0.424491	-0.0666475	-0.902976	0.0	-0.44012399999999996	-0.886725	-0.141455	0.0	1.3455700000000002	3.28496	-0.7693770000000001	0.0	
3	0.541353	0.704695	-0.45863100000000007	0.0	0.655562	-0.0122095	0.755043	0.0	0.526475	-0.7094060000000001	-0.468581	0.0	-1.87001	2.86381	-0.22621100000000002	0.0	-0.7864479999999999	0.45966899999999994	-0.412558	0.0	0.43124799999999996	-0.0695339	-0.89955	0.0	-0.44218199999999996	-0.8853639999999999	-0.143547	0.0	1.3468	3.28615	-0.814958	0.0	
3	0.544971	0.691118	-0.47472299999999995	0.0	0.665393	-0.0119925	0.746397	0.0	0.510155	-0.722642	-0.466401	0.0	-1.82362	2.84348	-0.21186	0.0	-0.784391	0.461438	-0.414494	0.0	0.43245600000000006	-0.0721999	-0.89876	0.0	-0.44464799999999993	-0.88423	-0.14291900000000002	0.0	1.3495	3.2976099999999997	-0.823625	0.0	
3	0.575525	0.6725409999999999	-0.46525299999999997	0.0	0.646803	-0.026217400000000002	0.762206	0.0	0.500417	-0.739596	-0.45009	0.0	-1.7671700000000001	2.7906400000000002	-0.18748299999999998	0.0	-0.7809159999999999	0.466633	-0.41523999999999994	0.0	0.43443000000000004	-0.0719221	-0.8978290000000001	0.0	-0.448822	-0.8815219999999999	-0.146555	0.0	1.35117	3.3018699999999996	-0.8335819999999999	0.0	
3	0.623309	0.663033	-0.41457700000000003	0.0	0.608557	-0.07836130000000001	0.7896310000000001	0.0	0.491065	-0.744478	-0.452337	0.0	-1.74518	2.74094	-0.21073000000000003	0.0	-0.780567	0.467873	-0.414501	0.0	0.43323	-0.0730711	-0.898316	0.0	-0.450586	-0.88077	-0.14565999999999998	0.0	1.34457	3.30588	-0.8330569999999999	0.0	
3	0.652049	0.6681229999999999	-0.35839099999999996	0.0	0.55502	-0.0986038	0.8259719999999999	0.0	0.516512	-0.737488	-0.435116	0.0	-1.7557900000000002	2.70974	-0.23476599999999997	0.0	-0.781726	0.466344	-0.414038	0.0	0.429255	-0.0792354	-0.899701	0.0	-0.452376	-0.8810479999999999	-0.13824	0.0	1.31456	3.2894900000000002	-0.820157	0.0	
3	0.6827300000000001	0.6487470000000001	-0.33616399999999996	0.0	0.516868	-0.10361300000000001	0.849772	0.0	0.516456	-0.753918	-0.406056	0.0	-1.77761	2.68459	-0.232519	0.0	-0.790323	0.45593100000000003	-0.409289	0.0	0.42361400000000005	-0.0760029	-0.9026489999999999	0.0	-0.44265299999999996	-0.886764	-0.133072	0.0	1.2924	3.26873	-0.7933279999999999	0.0	
3	0.72458	0.6213029999999999	-0.298273	0.0	0.470822	-0.130185	0.8725700000000001	0.0	0.5033	-0.7726810000000001	-0.386852	0.0	-1.79298	2.65207	-0.213731	0.0	-0.793292	0.453237	-0.40652699999999997	0.0	0.42267299999999997	-0.07061419999999999	-0.9035270000000001	0.0	-0.43821899999999997	-0.888589	-0.135554	0.0	1.29948	3.26701	-0.780944	0.0	
3	0.733935	0.612757	-0.293033	0.0	0.46193	-0.134008	0.876734	0.0	0.49795600000000007	-0.778827	-0.38140300000000005	0.0	-1.7954299999999999	2.63738	-0.21890700000000002	0.0	-0.7931600000000001	0.455578	-0.40415999999999996	0.0	0.422705	-0.0659243	-0.903866	0.0	-0.43842600000000004	-0.8877510000000001	-0.140287	0.0	1.30873	3.2734799999999997	-0.7873	0.0	
3	0.742863	0.5835819999999999	-0.32800300000000004	0.0	0.47904399999999997	-0.121151	0.86939	0.0	0.46762200000000004	-0.802966	-0.36956	0.0	-1.79875	2.5876799999999998	-0.150953	0.0	-0.78854	0.470128	-0.396464	0.0	0.42376499999999995	-0.0518207	-0.9042889999999999	0.0	-0.445676	-0.881076	-0.158361	0.0	1.3448799999999999	3.3215	-0.8642610000000001	0.0	
3	0.733424	0.535035	-0.419317	0.0	0.5446439999999999	-0.09340570000000001	0.83345	0.0	0.406758	-0.83965	-0.35991	0.0	-1.8309400000000002	2.55597	-0.10449000000000001	0.0	-0.788668	0.46829899999999997	-0.39837100000000003	0.0	0.422811	-0.0572957	-0.9044049999999999	0.0	-0.44635699999999995	-0.881711	-0.152815	0.0	1.34646	3.3286300000000004	-0.8753549999999999	0.0	
3	0.734969	0.5262319999999999	-0.42766899999999997	0.0	0.544433	-0.0819566	0.834791	0.0	0.40424299999999996	-0.846382	-0.34673400000000004	0.0	-1.84922	2.51134	-0.051230899999999996	0.0	-0.78793	0.468289	-0.399839	0.0	0.419526	-0.06705830000000002	-0.9052629999999999	0.0	-0.450738	-0.881027	-0.143622	0.0	1.3272899999999999	3.32964	-0.850413	0.0	
3	0.733312	0.5254300000000001	-0.431482	0.0	0.546516	-0.0780198	0.833807	0.0	0.404443	-0.847252	-0.344369	0.0	-1.81982	2.49329	-0.0202045	0.0	-0.787229	0.469833	-0.399409	0.0	0.41764799999999996	-0.0703109	-0.905885	0.0	-0.453697	-0.879951	-0.140874	0.0	1.2988	3.33145	-0.819021	0.0	
3	0.725962	0.522245	-0.447481	0.0	0.56092	-0.0731439	0.8246319999999999	0.0	0.39793	-0.8496530000000001	-0.346037	0.0	-1.80367	2.48904	-0.00703243	0.0	-0.78806	0.469905	-0.397681	0.0	0.416682	-0.0683536	-0.906479	0.0	-0.453142	-0.880067	-0.141934	0.0	1.27007	3.33575	-0.8088310000000001	0.0	
3	0.721684	0.5145689999999999	-0.46302299999999996	0.0	0.572415	-0.0674904	0.817182	0.0	0.38924699999999995	-0.8547879999999999	-0.343254	0.0	-1.7761	2.4811900000000002	0.00142479	0.0	-0.791298	0.466265	-0.39553	0.0	0.414703	-0.0660814	-0.9075540000000001	0.0	-0.449298	-0.882174	-0.141071	0.0	1.2579200000000001	3.3156	-0.823765	0.0	
3	0.72223	0.49204899999999996	-0.486079	0.0	0.588058	-0.0668832	0.806049	0.0	0.364105	-0.8679950000000001	-0.337658	0.0	-1.75721	2.46895	0.0239588	0.0	-0.792096	0.46393	-0.396677	0.0	0.415329	-0.06659789999999999	-0.90723	0.0	-0.447309	-0.883365	-0.139931	0.0	1.25909	3.30025	-0.832997	0.0	
3	0.725271	0.48001499999999997	-0.493525	0.0	0.59236	-0.0697816	0.802646	0.0	0.35084299999999996	-0.8744799999999999	-0.334953	0.0	-1.76141	2.46639	0.0397594	0.0	-0.79385	0.461283	-0.396257	0.0	0.4126	-0.07011360000000001	-0.9082100000000001	0.0	-0.446725	-0.8844780000000001	-0.134666	0.0	1.25473	3.28847	-0.8268139999999999	0.0	
3	0.727455	0.48668	-0.48368599999999995	0.0	0.583713	-0.0683966	0.809074	0.0	0.360678	-0.870899	-0.333837	0.0	-1.7765900000000001	2.47267	0.047481699999999995	0.0	-0.7945810000000001	0.461556	-0.394471	0.0	0.41031899999999993	-0.0706757	-0.909199	0.0	-0.44752600000000003	-0.8842909999999999	-0.13322799999999999	0.0	1.2412	3.2753200000000002	-0.7973180000000001	0.0	
3	0.731176	0.489939	-0.47470100000000004	0.0	0.568974	-0.0540716	0.820576	0.0	0.376364	-0.870078	-0.318298	0.0	-1.78584	2.4675700000000003	0.0492574	0.0	-0.797445	0.45803	-0.392798	0.0	0.40729099999999996	-0.0717022	-0.910479	0.0	-0.445191	-0.8860399999999999	-0.129373	0.0	1.2272	3.26904	-0.782692	0.0	
3	0.72907	0.498418	-0.469081	0.0	0.565181	-0.05185359999999999	0.8233360000000001	0.0	0.386042	-0.8653850000000001	-0.31950100000000003	0.0	-1.77876	2.46845	0.043497100000000004	0.0	-0.798662	0.456153	-0.39250999999999997	0.0	0.406889	-0.07122769999999999	-0.910696	0.0	-0.443375	-0.8870459999999999	-0.128717	0.0	1.22356	3.26783	-0.77551	0.0	
3	0.730541	0.49488000000000004	-0.47053500000000004	0.0	0.5657270000000001	-0.052702099999999995	0.8229069999999999	0.0	0.382442	-0.8673620000000001	-0.318468	0.0	-1.7540200000000001	2.47202	0.04133080000000001	0.0	-0.8002670000000001	0.453567	-0.39223800000000003	0.0	0.40599	-0.0715585	-0.9110719999999999	0.0	-0.4413	-0.888345	-0.126878	0.0	1.22244	3.26505	-0.780551	0.0	
3	0.730169	0.499115	-0.466624	0.0	0.563362	-0.053343499999999995	0.8244870000000001	0.0	0.38662199999999997	-0.864893	-0.320132	0.0	-1.75357	2.47444	0.04326869999999999	0.0	-0.801381	0.45192200000000005	-0.391861	0.0	0.405185	-0.0717812	-0.9114120000000001	0.0	-0.44001599999999996	-0.889165	-0.125588	0.0	1.22423	3.26356	-0.779224	0.0	
3	0.723669	0.507628	-0.467566	0.0	0.567293	-0.0516985	0.821892	0.0	0.393043	-0.860024	-0.325386	0.0	-1.77085	2.47816	0.039177300000000005	0.0	-0.8038310000000001	0.44931099999999996	-0.389841	0.0	0.402036	-0.07267380000000001	-0.9127350000000001	0.0	-0.438433	-0.890415	-0.122222	0.0	1.2218	3.25747	-0.776283	0.0	
3	0.723616	0.5074029999999999	-0.46789200000000003	0.0	0.563617	-0.043108600000000004	0.82491	0.0	0.398392	-0.8606299999999999	-0.317175	0.0	-1.77624	2.46488	0.0405417	0.0	-0.803611	0.449136	-0.390494	0.0	0.402283	-0.07362310000000001	-0.91255	0.0	-0.438609	-0.890425	-0.12151600000000001	0.0	1.21981	3.25585	-0.77223	0.0	
3	0.724328	0.508181	-0.465941	0.0	0.5621510000000001	-0.044039	0.8258610000000001	0.0	0.39916799999999997	-0.860124	-0.317573	0.0	-1.7652	2.4645099999999998	0.041792699999999995	0.0	-0.804361	0.447713	-0.390586	0.0	0.40218400000000004	-0.073589	-0.9125969999999999	0.0	-0.437324	-0.891144	-0.120871	0.0	1.22276	3.26138	-0.764948	0.0	
3	0.723051	0.511877	-0.46387399999999995	0.0	0.560941	-0.0431536	0.826731	0.0	0.403167	-0.857974	-0.318335	0.0	-1.74873	2.4682	0.0391699	0.0	-0.8054	0.44583500000000004	-0.390594	0.0	0.401052	-0.075334	-0.9129520000000001	0.0	-0.43645100000000003	-0.89194	-0.118129	0.0	1.22295	3.25936	-0.763915	0.0	
3	0.723486	0.5104270000000001	-0.464792	0.0	0.561546	-0.043518699999999993	0.8263	0.0	0.401539	-0.858819	-0.31811300000000003	0.0	-1.7316599999999998	2.46806	0.0392611	0.0	-0.807435	0.44278500000000004	-0.389859	0.0	0.399448	-0.0759886	-0.913601	0.0	-0.434154	-0.893402	-0.115514	0.0	1.22278	3.25749	-0.755794	0.0	
3	0.723102	0.510977	-0.464786	0.0	0.5620609999999999	-0.044138199999999995	0.825917	0.0	0.401509	-0.858461	-0.319117	0.0	-1.73167	2.46355	0.0379964	0.0	-0.80779	0.441979	-0.39003899999999997	0.0	0.399665	-0.07571939999999999	-0.913529	0.0	-0.43329399999999996	-0.893824	-0.115478	0.0	1.22458	3.2612	-0.757425	0.0	
3	0.7224430000000001	0.512472	-0.464164	0.0	0.562441	-0.04510580000000001	0.825606	0.0	0.40216399999999997	-0.857518	-0.320822	0.0	-1.72872	2.46645	0.038838199999999996	0.0	-0.808066	0.44144799999999995	-0.39006799999999997	0.0	0.39953099999999997	-0.0759056	-0.9135719999999999	0.0	-0.432903	-0.894071	-0.11503599999999999	0.0	1.22256	3.25877	-0.751827	0.0	
3	0.7228359999999999	0.50877	-0.467613	0.0	0.564475	-0.0444032	0.824255	0.0	0.398593	-0.859757	-0.319284	0.0	-1.7276	2.46686	0.0372803	0.0	-0.808088	0.44114799999999993	-0.390361	0.0	0.400001	-0.07552819999999999	-0.9133979999999999	0.0	-0.43242700000000006	-0.894251	-0.115426	0.0	1.2234399999999999	3.25883	-0.74945	0.0	
3	0.719471	0.507329	-0.47431899999999994	0.0	0.5688	-0.038530400000000006	0.821573	0.0	0.398532	-0.860891	-0.31629	0.0	-1.71912	2.46617	0.040686099999999996	0.0	-0.808234	0.44072100000000003	-0.390543	0.0	0.39962	-0.07661119999999999	-0.913474	0.0	-0.432507	-0.8943690000000001	-0.114201	0.0	1.22576	3.25869	-0.7512260000000001	0.0	
3	0.717115	0.5033569999999999	-0.48205600000000004	0.0	0.5744020000000001	-0.0351195	0.817819	0.0	0.394726	-0.8633639999999999	-0.314314	0.0	-1.71071	2.45856	0.0400044	0.0	-0.80812	0.44070699999999996	-0.390793	0.0	0.399801	-0.0768182	-0.913377	0.0	-0.432551	-0.894358	-0.11411600000000001	0.0	1.22607	3.2589	-0.753323	0.0	
3	0.715529	0.495648	-0.492292	0.0	0.581883	-0.0329145	0.812606	0.0	0.38656399999999996	-0.867899	-0.311961	0.0	-1.69154	2.4588200000000002	0.044790300000000005	0.0	-0.8076479999999999	0.441028	-0.391407	0.0	0.399721	-0.0785112	-0.913269	0.0	-0.433507	-0.8940530000000001	-0.112879	0.0	1.22735	3.25853	-0.751209	0.0	
3	0.714753	0.497386	-0.491666	0.0	0.58105	-0.031056999999999998	0.813275	0.0	0.38924200000000003	-0.866973	-0.311204	0.0	-1.6784599999999998	2.45851	0.045666000000000005	0.0	-0.8059270000000001	0.442787	-0.392965	0.0	0.400163	-0.0817382	-0.912792	0.0	-0.43629300000000004	-0.892893	-0.111312	0.0	1.22434	3.26166	-0.7500680000000001	0.0	
3	0.711924	0.49956000000000006	-0.49356300000000003	0.0	0.5837180000000001	-0.0302043	0.811394	0.0	0.390433	-0.8657530000000001	-0.313106	0.0	-1.6724599999999998	2.4608	0.0466771	0.0	-0.796323	0.438882	-0.416236	0.0	0.416912	-0.10032	-0.903394	0.0	-0.43823999999999996	-0.892927	-0.10308800000000001	0.0	1.22011	3.2688099999999998	-0.740818	0.0	
3	0.710439	0.496749	-0.498515	0.0	0.58692	-0.027338	0.809184	0.0	0.388333	-0.8674639999999999	-0.310974	0.0	-1.67345	2.45142	0.0498165	0.0	-0.786542	0.43349899999999997	-0.43980699999999995	0.0	0.43455900000000003	-0.117477	-0.892949	0.0	-0.43876000000000004	-0.8934639999999999	-0.0959807	0.0	1.21262	3.27929	-0.727472	0.0	
3	0.705245	0.49818199999999996	-0.504424	0.0	0.590973	-0.0200581	0.806442	0.0	0.391637	-0.866841	-0.308558	0.0	-1.6667599999999998	2.45014	0.0594659	0.0	-0.780032	0.43115200000000004	-0.453496	0.0	0.44428199999999995	-0.128747	-0.8865879999999999	0.0	-0.44064	-0.8930459999999999	-0.0911266	0.0	1.20454	3.2822699999999996	-0.7162729999999999	0.0	
3	0.69311	0.504162	-0.515189	0.0	0.5998979999999999	-0.00718204	0.800044	0.0	0.39965100000000003	-0.8635790000000001	-0.307424	0.0	-1.65714	2.4394299999999998	0.07317639999999999	0.0	-0.761162	0.43444399999999994	-0.481551	0.0	0.469113	-0.14390999999999998	-0.871334	0.0	-0.447846	-0.889128	-0.09426439999999998	0.0	1.19026	3.28989	-0.700851	0.0	
3	0.682415	0.504356	-0.529088	0.0	0.610988	0.0037567	0.7916310000000001	0.0	0.401252	-0.8634870000000001	-0.30559200000000003	0.0	-1.6431799999999999	2.43209	0.0909561	0.0	-0.740668	0.440258	-0.507528	0.0	0.491976	-0.159066	-0.8559540000000001	0.0	-0.457571	-0.883669	-0.0987813	0.0	1.18295	3.3136699999999997	-0.698657	0.0	
3	0.674756	0.505799	-0.537467	0.0	0.617645	0.0116428	0.786371	0.0	0.404003	-0.8625729999999999	-0.304548	0.0	-1.6401700000000001	2.4205200000000002	0.100672	0.0	-0.7126600000000001	0.442349	-0.544466	0.0	0.5254489999999999	-0.177623	-0.8320780000000001	0.0	-0.464779	-0.879078	-0.105847	0.0	1.17301	3.34626	-0.6837489999999999	0.0	
3	0.669563	0.50748	-0.542355	0.0	0.6209520000000001	0.0182118	0.783637	0.0	0.407557	-0.8614709999999999	-0.302927	0.0	-1.63123	2.41991	0.10450999999999999	0.0	-0.697781	0.44309399999999993	-0.562823	0.0	0.538848	-0.192995	-0.819997	0.0	-0.471958	-0.8754549999999999	-0.104092	0.0	1.16905	3.37491	-0.655568	0.0	
3	0.668212	0.5088020000000001	-0.542783	0.0	0.6201409999999999	0.0221167	0.784179	0.0	0.41099600000000003	-0.8606	-0.30075	0.0	-1.61424	2.4194299999999997	0.105358	0.0	-0.678507	0.44508100000000006	-0.5844060000000001	0.0	0.559685	-0.202062	-0.8036939999999999	0.0	-0.475796	-0.872395	-0.112005	0.0	1.15031	3.3987199999999995	-0.63541	0.0	
3	0.667774	0.508797	-0.543326	0.0	0.621037	0.0215706	0.783485	0.0	0.410354	-0.8606159999999999	-0.301577	0.0	-1.59705	2.41434	0.114218	0.0	-0.680596	0.44350100000000003	-0.5831770000000001	0.0	0.5598390000000001	-0.198656	-0.804435	0.0	-0.47261899999999996	-0.8739809999999999	-0.11308499999999999	0.0	1.11992	3.3969	-0.6402680000000001	0.0	
3	0.666538	0.507003	-0.546512	0.0	0.622406	0.025003900000000003	0.782295	0.0	0.41029099999999996	-0.861582	-0.29889499999999997	0.0	-1.59592	2.4083200000000002	0.117377	0.0	-0.681334	0.423145	-0.59727	0.0	0.570746	-0.20377	-0.795441	0.0	-0.458293	-0.882851	-0.102673	0.0	1.09768	3.36988	-0.651189	0.0	
3	0.666555	0.507772	-0.545776	0.0	0.622577	0.023488299999999997	0.7822060000000001	0.0	0.410001	-0.8611709999999999	-0.300471	0.0	-1.5911	2.41419	0.11653599999999999	0.0	-0.6819930000000001	0.417079	-0.600775	0.0	0.572523	-0.206686	-0.793409	0.0	-0.455086	-0.885057	-0.09782919999999999	0.0	1.08875	3.3487	-0.6518390000000001	0.0	
3	0.667409	0.5037659999999999	-0.548439	0.0	0.6239600000000001	0.0237151	0.781096	0.0	0.406496	-0.8635149999999999	-0.298502	0.0	-1.58901	2.41217	0.12171099999999999	0.0	-0.6837439999999999	0.408375	-0.6047520000000001	0.0	0.574842	-0.209067	-0.7911060000000001	0.0	-0.44950100000000004	-0.88855	-0.0918028	0.0	1.0801399999999999	3.3155300000000003	-0.6446890000000001	0.0	
3	0.6674770000000001	0.499648	-0.552111	0.0	0.624999	0.0271352	0.780154	0.0	0.40478400000000003	-0.8658040000000001	-0.294167	0.0	-1.5887200000000001	2.40748	0.125176	0.0	-0.684859	0.402269	-0.607576	0.0	0.575631	-0.21257600000000001	-0.7895949999999999	0.0	-0.44678599999999996	-0.8905	-0.08597389999999999	0.0	1.0752700000000002	3.29742	-0.633483	0.0	
3	0.662384	0.49950200000000006	-0.558342	0.0	0.6295350000000001	0.0328984	0.776275	0.0	0.40612	-0.8656879999999999	-0.292663	0.0	-1.5928799999999999	2.3999099999999998	0.127282	0.0	-0.6831229999999999	0.396855	-0.613065	0.0	0.576447	-0.222402	-0.786287	0.0	-0.44838900000000004	-0.8905299999999999	-0.0768383	0.0	1.079	3.2918	-0.6232439999999999	0.0	
3	0.652637	0.498134	-0.570901	0.0	0.637337	0.046524	0.769179	0.0	0.40971499999999994	-0.865851	-0.287116	0.0	-1.59459	2.39951	0.12462100000000001	0.0	-0.6806	0.39787100000000003	-0.615209	0.0	0.577838	-0.224737	-0.7846	0.0	-0.450429	-0.88949	-0.07694889999999999	0.0	1.0842200000000002	3.3003400000000003	-0.628779	0.0	
3	0.650613	0.48681800000000003	-0.582847	0.0	0.6431859999999999	0.05480940000000001	0.763746	0.0	0.403751	-0.871782	-0.277455	0.0	-1.59132	2.3942200000000002	0.124606	0.0	-0.678347	0.387262	-0.6243989999999999	0.0	0.582216	-0.235066	-0.778312	0.0	-0.44818500000000006	-0.8915	-0.06601389999999999	0.0	1.08807	3.2768900000000003	-0.616888	0.0	
3	0.66557	0.440116	-0.6027560000000001	0.0	0.6421640000000001	0.0738409	0.7630020000000001	0.0	0.380318	-0.8949	-0.233481	0.0	-1.60986	2.2964	0.158755	0.0	-0.684307	0.36647399999999997	-0.630413	0.0	0.582415	-0.245515	-0.774929	0.0	-0.438767	-0.897452	-0.0454325	0.0	1.0797299999999999	3.21421	-0.5774699999999999	0.0	
3	0.6877850000000001	0.379707	-0.618688	0.0	0.633935	0.10105499999999999	0.766755	0.0	0.353664	-0.9195709999999999	-0.171205	0.0	-1.6659400000000002	2.16542	0.236114	0.0	-0.6969890000000001	0.337602	-0.6326390000000001	0.0	0.576509	-0.260834	-0.774341	0.0	-0.426432	-0.9044280000000001	-0.0128322	0.0	1.06539	3.1281	-0.529292	0.0	
3	0.699627	0.326977	-0.635302	0.0	0.635084	0.12284400000000001	0.762612	0.0	0.3274	-0.9370139999999999	-0.12171300000000002	0.0	-1.7138	2.02963	0.304433	0.0	-0.705708	0.319239	-0.632505	0.0	0.572447	-0.269108	-0.774523	0.0	-0.41747	-0.9086620000000001	0.00716394	0.0	1.05282	3.05946	-0.486717	0.0	
3	0.7056720000000001	0.254264	-0.661345	0.0	0.647076	0.14898599999999998	0.747727	0.0	0.28865100000000005	-0.9555899999999999	-0.059393100000000004	0.0	-1.8179900000000002	1.7871700000000001	0.380887	0.0	-0.7183149999999999	0.29580500000000004	-0.6297010000000001	0.0	0.56462	-0.28096	-0.776058	0.0	-0.406483	-0.9129959999999999	0.03480080000000001	0.0	1.02986	2.97534	-0.402995	0.0	
3	0.7051689999999999	0.244062	-0.66571	0.0	0.651139	0.148697	0.74425	0.0	0.280632	-0.958292	-0.05406180000000001	0.0	-1.85955	1.6911200000000002	0.39074200000000003	0.0	-0.722438	0.287744	-0.6287189999999999	0.0	0.563485	-0.281955	-0.776522	0.0	-0.40071	-0.9152620000000001	0.0415555	0.0	1.0056200000000002	2.94893	-0.371523	0.0	
3	0.704916	0.23433400000000001	-0.669463	0.0	0.65162	0.15884	0.7417279999999999	0.0	0.28015	-0.9590920000000001	-0.0407284	0.0	-1.89032	1.6478599999999999	0.397873	0.0	-0.724549	0.28455	-0.627743	0.0	0.562541	-0.282086	-0.777159	0.0	-0.39821799999999996	-0.91622	0.044314400000000004	0.0	0.9931559999999999	2.92493	-0.374119	0.0	
3	0.7053659999999999	0.233816	-0.669171	0.0	0.650741	0.160718	0.742096	0.0	0.281062	-0.9589049999999999	-0.0387885	0.0	-1.8949099999999999	1.6401400000000002	0.397258	0.0	-0.7244470000000001	0.282841	-0.628632	0.0	0.564287	-0.280459	-0.7764810000000001	0.0	-0.395926	-0.917248	0.043574199999999993	0.0	0.9986389999999999	2.91491	-0.379296	0.0	
3	0.706432	0.23154499999999997	-0.6688350000000001	0.0	0.6496569999999999	0.16289800000000002	0.74257	0.0	0.280891	-0.959089	-0.0353481	0.0	-1.8967	1.6344100000000001	0.398909	0.0	-0.722855	0.2866	-0.628763	0.0	0.565136	-0.27839899999999995	-0.776605	0.0	-0.397621	-0.916709	0.0392739	0.0	1.01092	2.9180099999999998	-0.385221	0.0	
3	0.700425	0.23868000000000003	-0.6726340000000001	0.0	0.6534949999999999	0.164454	0.73885	0.0	0.286967	-0.9570719999999999	-0.0407884	0.0	-1.8985299999999998	1.63697	0.398223	0.0	-0.7184550000000001	0.29034299999999996	-0.632079	0.0	0.567573	-0.280605	-0.774029	0.0	-0.402098	-0.914856	0.036811199999999995	0.0	1.02011	2.94061	-0.378686	0.0	
3	0.6968270000000001	0.239972	-0.6759029999999999	0.0	0.6561279999999999	0.16735799999999998	0.735858	0.0	0.28970300000000004	-0.9562450000000001	-0.0408326	0.0	-1.89973	1.6343	0.399767	0.0	-0.71573	0.292709	-0.634077	0.0	0.569287	-0.281378	-0.772489	0.0	-0.40452899999999997	-0.9138639999999999	0.0347553	0.0	1.0207899999999999	2.94722	-0.385423	0.0	
3	0.695671	0.243116	-0.675971	0.0	0.654813	0.172343	0.735879	0.0	0.295403	-0.954564	-0.0393017	0.0	-1.8882900000000002	1.6317700000000002	0.396624	0.0	-0.706803	0.300025	-0.640636	0.0	0.575965	-0.281731	-0.7673939999999999	0.0	-0.410724	-0.91138	0.026324	0.0	1.02105	2.97016	-0.405407	0.0	
3	0.695335	0.245684	-0.675388	0.0	0.653637	0.174495	0.736417	0.0	0.29877800000000004	-0.953515	-0.0392551	0.0	-1.8763900000000002	1.6327	0.39133	0.0	-0.705144	0.29983899999999997	-0.6425489999999999	0.0	0.577562	-0.28280700000000003	-0.765795	0.0	-0.411332	-0.911108	0.0262436	0.0	1.0192	2.97687	-0.414789	0.0	
3	0.695519	0.245641	-0.675214	0.0	0.653044	0.175791	0.736635	0.0	0.299644	-0.9532879999999999	-0.0381485	0.0	-1.86885	1.6325399999999999	0.390577	0.0	-0.704937	0.299788	-0.642799	0.0	0.5775060000000001	-0.283536	-0.765568	0.0	-0.41176499999999994	-0.910897	0.0267457	0.0	1.0179200000000002	2.97705	-0.41766899999999996	0.0	
3	0.694979	0.24556599999999998	-0.675798	0.0	0.6526109999999999	0.17911300000000002	0.736219	0.0	0.301834	-0.9526889999999999	-0.0357793	0.0	-1.86746	1.6214	0.39977399999999996	0.0	-0.705019	0.299079	-0.64304	0.0	0.577879	-0.283341	-0.765359	0.0	-0.411102	-0.911191	0.026929200000000004	0.0	0.99869	2.98	-0.41149600000000003	0.0	
3	0.69534	0.245723	-0.675369	0.0	0.6516069999999999	0.18086300000000002	0.73668	0.0	0.303168	-0.952318	-0.0343537	0.0	-1.8617299999999999	1.6266100000000001	0.396597	0.0	-0.705113	0.298735	-0.643097	0.0	0.578487	-0.282152	-0.765339	0.0	-0.41008500000000003	-0.911673	0.0261337	0.0	0.982633	2.97871	-0.41092	0.0	
3	0.695195	0.247083	-0.675022	0.0	0.651127	0.18137899999999998	0.736977	0.0	0.304529	-0.951867	-0.0347889	0.0	-1.85737	1.62706	0.393569	0.0	-0.705383	0.298168	-0.6430640000000001	0.0	0.579104	-0.280736	-0.765393	0.0	-0.408746	-0.9122959999999999	0.025355799999999998	0.0	0.976783	2.9776700000000003	-0.414512	0.0	
3	0.6953050000000001	0.246625	-0.675075	0.0	0.650908	0.182186	0.7369720000000001	0.0	0.304745	-0.951832	-0.033855199999999995	0.0	-1.8515599999999999	1.62768	0.393293	0.0	-0.705037	0.297389	-0.643803	0.0	0.579789	-0.281049	-0.764759	0.0	-0.408371	-0.9124530000000001	0.025727499999999997	0.0	0.974283	2.97772	-0.41435	0.0	
3	0.6954600000000001	0.246587	-0.67493	0.0	0.650944	0.181587	0.7370869999999999	0.0	0.304315	-0.9519559999999999	-0.0342277	0.0	-1.84903	1.62906	0.39219	0.0	-0.705074	0.297344	-0.643784	0.0	0.57962	-0.281383	-0.764764	0.0	-0.408548	-0.912365	0.0260492	0.0	0.9750559999999999	2.97913	-0.41121599999999997	0.0	
3	0.69548	0.245258	-0.675393	0.0	0.6512359999999999	0.182053	0.736714	0.0	0.303643	-0.952211	-0.0331064	0.0	-1.85084	1.62456	0.395961	0.0	-0.703842	0.298102	-0.644781	0.0	0.576521	-0.290573	-0.76367	0.0	-0.41500699999999996	-0.9092319999999999	0.0326551	0.0	0.9764309999999999	2.97526	-0.404215	0.0	
3	0.695232	0.24508400000000002	-0.675712	0.0	0.651753	0.181471	0.736401	0.0	0.303102	-0.952367	-0.0335696	0.0	-1.85107	1.6256	0.393295	0.0	-0.704715	0.297793	-0.6439699999999999	0.0	0.56971	-0.30344699999999997	-0.763774	0.0	-0.422857	-0.905119	0.044187800000000006	0.0	0.9713809999999999	2.9732	-0.38211999999999996	0.0	
3	0.695635	0.244986	-0.675333	0.0	0.651367	0.18141	0.736757	0.0	0.303008	-0.9524030000000001	-0.0333811	0.0	-1.8506799999999999	1.62524	0.39376	0.0	-0.705809	0.296126	-0.64354	0.0	0.56643	-0.309652	-0.7637229999999999	0.0	-0.425432	-0.9035629999999999	0.050819800000000005	0.0	0.9655360000000001	2.9694700000000003	-0.36328499999999997	0.0	
3	0.695297	0.24517199999999997	-0.675613	0.0	0.6512100000000001	0.182854	0.736539	0.0	0.304117	-0.9520790000000001	-0.032520799999999996	0.0	-1.85158	1.6238700000000001	0.39372399999999996	0.0	-0.706871	0.299256	-0.6409199999999999	0.0	0.565086	-0.306089	-0.766151	0.0	-0.425454	-0.9037459999999999	0.047259800000000005	0.0	0.948837	2.9744900000000003	-0.348451	0.0	
3	0.695336	0.24516500000000002	-0.6755760000000001	0.0	0.650574	0.18471700000000002	0.736636	0.0	0.305388	-0.951722	-0.0310579	0.0	-1.8522900000000002	1.6248	0.392151	0.0	-0.702499	0.308741	-0.641229	0.0	0.582675	-0.267828	-0.767306	0.0	-0.408637	-0.91266	0.00825262	0.0	0.950134	3.002	-0.39356399999999997	0.0	
3	0.69514	0.245036	-0.675824	0.0	0.650737	0.18501700000000001	0.736418	0.0	0.305487	-0.9516969999999999	-0.030841200000000003	0.0	-1.85172	1.6240700000000001	0.393829	0.0	-0.692709	0.29846	-0.656564	0.0	0.615847	-0.229002	-0.753851	0.0	-0.375349	-0.926542	-0.0251739	0.0	0.97977	3.01792	-0.44576400000000005	0.0	
3	0.695662	0.24501599999999998	-0.675293	0.0	0.649468	0.18721	0.7369829999999999	0.0	0.306994	-0.9512729999999999	-0.0288954	0.0	-1.85139	1.6241700000000001	0.393727	0.0	-0.674254	0.299238	-0.675158	0.0	0.626319	-0.252693	-0.737477	0.0	-0.391288	-0.920111	-0.017039099999999998	0.0	1.1152600000000001	3.00335	-0.536151	0.0	
3	0.695921	0.245806	-0.67474	0.0	0.6486930000000001	0.187873	0.7374970000000001	0.0	0.308046	-0.950938	-0.028708099999999997	0.0	-1.8466900000000002	1.62037	0.39511799999999997	0.0	-0.665747	0.325198	-0.671586	0.0	0.602522	-0.296643	-0.740925	0.0	-0.440169	-0.897914	0.0015502	0.0	1.02789	3.03238	-0.5222060000000001	0.0	
3	0.695979	0.24505300000000002	-0.674953	0.0	0.648962	0.187666	0.737313	0.0	0.307347	-0.9511729999999999	-0.028418799999999998	0.0	-1.84538	1.61931	0.394667	0.0	-0.669728	0.339928	-0.660238	0.0	0.574645	-0.325919	-0.7507060000000001	0.0	-0.47036999999999995	-0.8821709999999999	0.022938800000000002	0.0	0.960506	3.08221	-0.44081800000000004	0.0	
3	0.695842	0.245035	-0.6751010000000001	0.0	0.648957	0.18816300000000002	0.73719	0.0	0.307666	-0.9510799999999999	-0.028085900000000004	0.0	-1.84247	1.62361	0.39355500000000004	0.0	-0.6735399999999999	0.341706	-0.655424	0.0	0.565862	-0.33211599999999997	-0.754652	0.0	-0.475546	-0.8791680000000001	0.030335200000000003	0.0	0.907552	3.10847	-0.39115900000000003	0.0	
3	0.695666	0.245617	-0.675071	0.0	0.648364	0.189947	0.737255	0.0	0.309311	-0.950575	-0.0271094	0.0	-1.8435599999999999	1.62245	0.39319	0.0	-0.679377	0.335789	-0.652451	0.0	0.57584	-0.30714	-0.757676	0.0	-0.454813	-0.8904549999999999	0.015302799999999998	0.0	0.861576	3.11373	-0.367601	0.0	
3	0.696742	0.245534	-0.673991	0.0	0.647153	0.190145	0.738267	0.0	0.309425	-0.950557	-0.026416000000000002	0.0	-1.83985	1.62388	0.391623	0.0	-0.680501	0.334099	-0.652147	0.0	0.579044	-0.300202	-0.758015	0.0	-0.449028	-0.893452	0.0108295	0.0	0.8823780000000001	3.08637	-0.390764	0.0	
3	0.713217	0.23082600000000003	-0.661846	0.0	0.6352720000000001	0.186178	0.7495109999999999	0.0	0.29622800000000005	-0.955017	-0.013851800000000001	0.0	-1.8359	1.6106200000000002	0.39963000000000004	0.0	-0.682674	0.328776	-0.652582	0.0	0.577901	-0.303632	-0.757521	0.0	-0.44719899999999996	-0.8942680000000001	0.017281499999999998	0.0	0.89056	3.05614	-0.412508	0.0	
3	0.786392	0.0531033	-0.615441	0.0	0.5922930000000001	0.21812600000000001	0.7756350000000001	0.0	0.175432	-0.974475	0.14007999999999998	0.0	-1.9872	1.4236	0.578767	0.0	-0.684705	0.327573	-0.651057	0.0	0.57525	-0.305606	-0.758744	0.0	-0.447511	-0.894036	0.0208137	0.0	0.889335	3.04156	-0.41211899999999996	0.0	
3	0.830499	-0.0171827	-0.556755	0.0	0.545371	0.228431	0.8064680000000001	0.0	0.11332300000000001	-0.9734079999999999	0.19908299999999998	0.0	-2.32765	1.2152	0.649738	0.0	-0.690203	0.32416999999999996	-0.646942	0.0	0.571272	-0.30465	-0.762127	0.0	-0.44414899999999996	-0.895602	0.025080500000000002	0.0	0.884131	3.0291200000000003	-0.402769	0.0	
3	0.904109	0.054747300000000006	-0.42378000000000005	0.0	0.402147	0.226235	0.887184	0.0	0.14444500000000002	-0.972533	0.182524	0.0	-2.5185	1.0875	0.5879770000000001	0.0	-0.693354	0.323579	-0.6438619999999999	0.0	0.5688850000000001	-0.302641	-0.7647079999999999	0.0	-0.44230200000000003	-0.896496	0.025757799999999997	0.0	0.8774350000000001	3.0208	-0.403957	0.0	
3	0.9449850000000001	0.0945666	-0.313145	0.0	0.28934099999999996	0.20492	0.9350350000000001	0.0	0.152593	-0.9742	0.166285	0.0	-2.54506	1.03819	0.538104	0.0	-0.695882	0.319825	-0.643009	0.0	0.568642	-0.30147399999999996	-0.765349	0.0	-0.43862799999999996	-0.898235	0.0279235	0.0	0.8720469999999999	3.0127200000000003	-0.40103099999999997	0.0	
3	0.9813219999999999	0.09860269999999999	-0.165179	0.0	0.144003	0.192807	0.970613	0.0	0.127553	-0.9762700000000001	0.175006	0.0	-2.51599	0.895056	0.460287	0.0	-0.7000460000000001	0.31592	-0.640414	0.0	0.565545	-0.302282	-0.767323	0.0	-0.43599799999999994	-0.8993450000000001	0.0329441	0.0	0.866399	2.99863	-0.38242600000000004	0.0	
3	0.991066	0.11625799999999999	-0.0653663	0.0	0.0459231	0.16268	0.98561	0.0	0.125219	-0.979806	0.155888	0.0	-2.52774	0.820084	0.408765	0.0	-0.70392	0.313681	-0.637261	0.0	0.56203	-0.302608	-0.7697729999999999	0.0	-0.434303	-0.900018	0.036713499999999996	0.0	0.8576950000000001	2.9931400000000004	-0.362073	0.0	
3	0.9782770000000001	0.204035	0.036659199999999996	0.0	-0.0442336	0.0326856	0.9984860000000001	0.0	0.20252799999999999	-0.978418	0.041000800000000004	0.0	-2.4852	0.8972979999999999	0.256281	0.0	-0.706008	0.313006	-0.6352800000000001	0.0	0.560658	-0.30102199999999996	-0.7713939999999999	0.0	-0.432684	-0.9007850000000001	0.037034199999999996	0.0	0.8466389999999999	2.9923900000000003	-0.35641	0.0	
3	0.964499	0.25705700000000004	0.06052659999999999	0.0	-0.0532386	-0.035223800000000006	0.9979600000000001	0.0	0.25866500000000003	-0.9657540000000001	-0.020288	0.0	-2.3843900000000002	0.98196	0.11039600000000001	0.0	-0.707541	0.31194099999999997	-0.634097	0.0	0.5594020000000001	-0.30105	-0.772295	0.0	-0.431805	-0.9011450000000001	0.0385046	0.0	0.8432360000000001	2.9880400000000003	-0.352906	0.0	
3	0.971137	0.228751	-0.067567	0.0	0.0634663	0.0252446	0.9976649999999999	0.0	0.229923	-0.973158	0.00999793	0.0	-2.27818	0.9867290000000001	0.0260121	0.0	-0.7106	0.309244	-0.631993	0.0	0.556605	-0.30238000000000004	-0.773794	0.0	-0.43039399999999994	-0.9016290000000001	0.042744199999999996	0.0	0.8317319999999999	2.98276	-0.33810500000000004	0.0	
3	0.9689989999999999	0.23804699999999998	-0.06613430000000001	0.0	0.0654731	0.010692100000000001	0.9977969999999999	0.0	0.23823000000000003	-0.971195	-0.00522505	0.0	-2.29847	0.942826	0.00594663	0.0	-0.71426	0.30746	-0.628729	0.0	0.55333	-0.302	-0.776287	0.0	-0.42855299999999996	-0.902366	0.04558	0.0	0.81724	2.96455	-0.33003899999999997	0.0	
