0	0.593132	0.516197	-0.617847	0.0	0.685813	0.07804019999999999	0.723582	0.0	0.421728	-0.852907	-0.307727	0.0	-2.73968	2.0	1.46191	0.0	-0.00629479	0.5697800000000001	-0.821773	0.0	-0.0945396	-0.818448	-0.56675	0.0	-0.995501	0.07412260000000001	0.059018600000000004	0.0	2.76533	2.47845	1.29962	0.0351321	
0	0.593133	0.516197	-0.617846	0.0	0.685775	0.0781164	0.7236090000000001	0.0	0.421789	-0.8529	-0.307662	0.0	-2.7396700000000003	2.0	1.46191	0.0	0.0820776	0.539099	-0.838234	0.0	-0.120795	-0.82949	-0.545303	0.0	-0.9892790000000001	0.146012	-0.00296229	0.0	2.88127	2.7635400000000003	1.06939	0.17573699999999998	
0	0.593133	0.516197	-0.617846	0.0	0.685718	0.0782333	0.723651	0.0	0.421883	-0.8528889999999999	-0.30756300000000003	0.0	-2.73968	2.0	1.46191	0.0	0.145352	0.484105	-0.8628530000000001	0.0	-0.164709	-0.8481049999999999	-0.503576	0.0	-0.9755729999999999	0.21531599999999998	-0.043537599999999996	0.0	3.05532	3.05119	0.782766	0.32252800000000004	
0	0.243144	0.798342	-0.550936	0.0	0.202521	0.513682	0.8337370000000001	0.0	0.9486129999999999	-0.314294	-0.0367821	0.0	-2.73005	2.01035	1.36642	0.0	0.118467	0.403355	-0.907342	0.0	-0.15398399999999998	-0.8952600000000001	-0.41808900000000004	0.0	-0.9809459999999999	0.189246	-0.043948400000000006	0.0	3.11833	3.1778	0.626653	0.338621	
0	0.09610930000000001	0.8239540000000001	-0.558447	0.0	-0.0691219	0.5652149999999999	0.8220430000000001	0.0	0.9929680000000001	-0.040405	0.111276	0.0	-2.72004	2.16246	1.30559	0.0	0.0112813	0.43261400000000005	-0.901509	0.0	-0.0578495	-0.899774	-0.43250500000000003	0.0	-0.9982620000000001	0.0570311	0.014875799999999998	0.0	3.03988	3.1443	0.616933	0.265793	
0	0.106484	0.855463	-0.506798	0.0	-0.03321230000000001	0.512471	0.8580620000000001	0.0	0.9937600000000001	-0.0745378	0.0829816	0.0	-2.69026	2.31677	1.1562	0.238344	-0.114586	0.539311	-0.834274	0.0	0.049634199999999996	-0.835649	-0.547017	0.0	-0.992173	-0.10408900000000001	0.0689852	0.0	3.01215	2.95791	0.604075	0.00059802	
0	0.141527	0.870065	-0.472183	0.0	-0.029726999999999996	0.480504	0.8764879999999999	0.0	0.9894879999999999	-0.11001	0.09386860000000001	0.0	-2.60526	2.38944	1.03315	0.32360900000000004	-0.124998	0.710757	-0.692243	0.0	0.0852832	-0.6874359999999999	-0.72122	0.0	-0.9884850000000001	-0.14918800000000002	0.025312099999999997	0.0	3.0327599999999997	2.96197	0.49399	0.0	
0	0.16523800000000002	0.865603	-0.472682	0.0	-0.00936601	0.480626	0.876876	0.0	0.986209	-0.140466	0.087525	0.0	-2.5428900000000003	2.48742	0.947099	0.23411500000000002	-0.0714706	0.777758	-0.624488	0.0	0.11553499999999998	-0.61542	-0.779686	0.0	-0.9907290000000001	-0.127874	-0.045873699999999996	0.0	3.01115	3.0301099999999996	0.306327	0.0171223	
0	0.164652	0.863038	-0.477551	0.0	-0.014890200000000001	0.486279	0.873677	0.0	0.986239	-0.136742	0.0929176	0.0	-2.4891900000000002	2.54105	0.911449	0.0	-0.119545	0.816728	-0.564504	0.0	0.142043	-0.548663	-0.823889	0.0	-0.982615	-0.178675	-0.050420599999999996	0.0	2.9531099999999997	3.12292	0.317736	0.18545	
0	0.174739	0.860807	-0.47799300000000006	0.0	-0.0279824	0.489608	0.8714940000000001	0.0	0.984217	-0.138909	0.109641	0.0	-2.43075	2.5356	0.916273	0.0	-0.12128399999999999	0.8381879999999999	-0.531724	0.0	0.176309	-0.50897	-0.842535	0.0	-0.976834	-0.195934	-0.0860502	0.0	2.84472	3.17985	0.32516999999999996	-0.00048828099999999997	
0	0.170456	0.853245	-0.492867	0.0	-0.035912900000000005	0.505234	0.8622350000000001	0.0	0.9847100000000001	-0.129273	0.116763	0.0	-2.41586	2.5314799999999997	0.906372	0.0	-0.139759	0.765735	-0.627787	0.0	0.152325	-0.6098359999999999	-0.777751	0.0	-0.978399	-0.204325	-0.031410900000000005	0.0	2.8275799999999998	3.16781	0.35431999999999997	0.0	
0	0.168703	0.8654059999999999	-0.471818	0.0	0.0082992	0.477415	0.878639	0.0	0.985632	-0.152145	0.07335900000000001	0.0	-2.4746	2.57166	0.786465	0.030939799999999996	0.100734	0.573547	-0.812955	0.0	-0.10684400000000001	-0.80615	-0.5819850000000001	0.0	-0.98916	0.145485	-0.0199266	0.0	2.83124	3.45245	0.132021	0.0180584	
0	0.18091600000000002	0.882549	-0.43402399999999997	0.0	0.024370199999999998	0.437148	0.899059	0.0	0.983197	-0.173231	0.057578899999999995	0.0	-2.4917	2.60487	0.723734	0.257152	0.158317	0.552293	-0.818479	0.0	-0.09739500000000001	-0.816156	-0.5695640000000001	0.0	-0.9825729999999999	0.16988699999999998	-0.075421	0.0	2.87019	3.51076	0.01485	0.30077	
0	0.183692	0.8862450000000001	-0.425238	0.0	0.0272063	0.42785	0.9034399999999999	0.0	0.982607	-0.177524	0.054480999999999995	0.0	-2.46202	2.67398	0.670175	0.0653726	0.0728692	0.6444479999999999	-0.7611680000000001	0.0	-0.037911	-0.7608550000000001	-0.647813	0.0	-0.9966209999999999	0.0760622	-0.031011200000000003	0.0	2.82312	3.3410900000000003	0.108609	0.000597954	
0	0.156074	0.8806430000000001	-0.44733599999999996	0.0	0.0662828	0.44252700000000006	0.894302	0.0	0.985519	-0.169228	0.0106955	0.0	-2.61425	2.7528599999999996	0.605537	0.0	0.059916599999999993	0.6203890000000001	-0.7820020000000001	0.0	-0.0578519	-0.779934	-0.623182	0.0	-0.996526	0.0825791	-0.010840299999999999	0.0	2.80543	3.2107900000000003	0.184079	0.0	
0	0.07414630000000001	0.8668309999999999	-0.493058	0.0	0.09712739999999999	0.485791	0.868662	0.0	0.992506	-0.112298	-0.0481735	0.0	-2.68605	2.94001	0.311008	0.0	0.012884	0.5387270000000001	-0.842382	0.0	-0.0124825	-0.8423	-0.538866	0.0	-0.9998389999999999	0.0174578	-0.00412776	0.0	2.66725	3.14562	0.333098	0.314787	
0	0.0639411	0.869814	-0.48922	0.0	0.0992018	0.48225500000000004	0.870396	0.0	0.9930110000000001	-0.10418599999999999	-0.05545119999999999	0.0	-2.6835299999999997	2.93213	0.10507000000000001	0.223475	-0.18851099999999998	0.491522	-0.850218	0.0	0.177982	-0.834304	-0.521785	0.0	-0.965808	-0.24968600000000002	0.0697936	0.0	2.5312099999999997	2.6684900000000003	0.513317	0.0	
0	0.0645096	0.8613200000000001	-0.50395	0.0	0.155291	0.49018500000000004	0.8576729999999999	0.0	0.9857600000000001	-0.13358699999999998	-0.102134	0.0	-2.6244	2.90397	-0.103235	0.338467	-0.193793	0.47724300000000003	-0.857137	0.0	0.20824600000000001	-0.833778	-0.51132	0.0	-0.958686	-0.27758499999999997	0.062195900000000005	0.0	2.49193	2.36793	0.40181100000000003	0.0	
0	0.061292700000000006	0.8339620000000001	-0.548408	0.0	0.0306504	0.547609	0.8361729999999999	0.0	0.997649	-0.0680602	0.00800323	0.0	-2.47382	2.67231	-0.190202	-0.00213723	-0.22136599999999998	0.48314799999999997	-0.847092	0.0	0.24534299999999998	-0.8131109999999999	-0.52788	0.0	-0.943824	-0.324683	0.0614582	0.0	2.55131	2.1764200000000002	0.075552	0.0	
0	0.06862080000000001	0.752568	-0.654929	0.0	0.0368446	0.6541170000000001	0.7554960000000001	0.0	0.9969620000000001	-0.07597330000000001	0.017158	0.0	-2.4113900000000004	2.64683	-0.238315	0.00034526699999999996	-0.16380699999999998	0.47151800000000005	-0.866509	0.0	0.185508	-0.84798	-0.49650500000000003	0.0	-0.968893	-0.242076	0.0514347	0.0	2.50202	2.25454	-0.201052	0.0	
0	0.07360660000000001	0.737438	-0.671392	0.0	0.0271997	0.671484	0.74052	0.0	0.996916	-0.0727688	0.0293675	0.0	-2.25415	2.62165	-0.31035799999999997	0.00034526699999999996	-0.10448699999999998	0.517209	-0.849457	0.0	0.141976	-0.837627	-0.52747	0.0	-0.98434	-0.175716	0.014090100000000001	0.0	2.42135	2.3963099999999997	-0.577389	0.157322	
0	0.06251609999999999	0.763987	-0.642196	0.0	-0.0136099	0.644048	0.764864	0.0	0.997951	-0.039076099999999996	0.050661199999999997	0.0	-2.16414	2.58117	-0.494816	0.0	-0.15327000000000002	0.518363	-0.8413129999999999	0.0	0.12277	-0.834788	-0.536709	0.0	-0.9805280000000001	-0.185549	0.0643082	0.0	2.2637	2.35989	-0.78373	-0.00734877	
0	0.0802305	0.757343	-0.648069	0.0	0.0351581	0.6476109999999999	0.7611600000000001	0.0	0.9961559999999999	-0.0838531	0.025331299999999998	0.0	-2.0817200000000002	2.48378	-0.711648	0.09037360000000001	-0.214204	0.5588270000000001	-0.801143	0.0	0.121102	-0.798659	-0.5894739999999999	0.0	-0.969253	-0.22328800000000001	0.10340099999999999	0.0	2.17673	2.26975	-0.928212	0.0	
0	0.055420000000000004	0.779722	-0.6236689999999999	0.0	0.105278	0.616583	0.780219	0.0	0.9928969999999999	-0.10889800000000001	-0.0479166	0.0	-2.07956	2.37915	-1.04109	0.210723	-0.178263	0.58618	-0.790326	0.0	0.0980318	-0.788615	-0.607023	0.0	-0.979087	-0.185687	0.0831165	0.0	2.0648	2.37079	-1.1793	0.0	
0	0.0431557	0.776475	-0.62867	0.0	0.11436600000000001	0.62128	0.7751979999999999	0.0	0.992501	-0.105353	-0.061990699999999996	0.0	-2.05654	2.3389	-1.21595	0.264869	-0.18178699999999998	0.612206	-0.769517	0.0	0.0962944	-0.767712	-0.633518	0.0	-0.978612	-0.18926600000000002	0.0806084	0.0	2.0339099999999997	2.40646	-1.31702	0.0	
0	0.0279125	0.779576	-0.625685	0.0	-0.0171996	0.626211	0.779464	0.0	0.9994620000000001	-0.010995200000000002	0.0308875	0.0	-1.9037099999999998	2.22847	-1.44782	-0.00439453	-0.253075	0.67807	-0.690053	0.0	0.09211110000000002	-0.693145	-0.714889	0.0	-0.963052	-0.244482	0.11295999999999999	0.0	1.91505	2.27202	-1.5589	-0.00034523	
0	0.051118199999999996	0.76523	-0.641724	0.0	-0.00497124	0.6427510000000001	0.766059	0.0	0.9986799999999999	-0.0359694	0.0366604	0.0	-1.85128	2.20268	-1.43309	0.0	-0.2477	0.684264	-0.6858770000000001	0.0	0.084003	-0.690104	-0.7188180000000001	0.0	-0.9651879999999999	-0.23566700000000002	0.11345899999999999	0.0	1.89274	2.2104	-1.6833599999999997	0.0	
0	0.0691635	0.762677	-0.643071	0.0	0.0445665	0.641609	0.765736	0.0	0.996609	-0.0816205	0.0103861	0.0	-1.74495	2.0380700000000003	-1.64576	0.0	-0.22106900000000002	0.672253	-0.706544	0.0	0.0997575	-0.7050810000000001	-0.702075	0.0	-0.970143	-0.22569	0.08880930000000001	0.0	1.8408900000000001	2.11375	-2.05544	0.0866833	
0	0.0661049	0.773199	-0.630709	0.0	0.0187504	0.631017	0.775543	0.0	0.9976370000000001	-0.0630933	0.027215499999999997	0.0	-1.74327	1.84465	-1.9190099999999999	0.0	-0.252651	0.6641199999999999	-0.703642	0.0	0.0715217	-0.712427	-0.698092	0.0	-0.9649110000000001	-0.22669899999999998	0.132496	0.0	1.8030400000000002	1.92649	-2.23497	0.0	
0	0.0414446	0.755829	-0.653456	0.0	0.0803903	0.649375	0.756208	0.0	0.9959020000000001	-0.0838722	-0.0338483	0.0	-1.73337	1.6919099999999998	-2.17913	0.119904	-0.23314400000000002	0.6408149999999999	-0.731437	0.0	0.0781099	-0.737395	-0.670931	0.0	-0.9693	-0.213556	0.12186500000000001	0.0	1.72343	1.8020900000000002	-2.39078	0.0	
0	0.0194141	0.723685	-0.6898569999999999	0.0	0.156353	0.6793	0.717011	0.0	0.98751	-0.121781	-0.0999622	0.0	-1.74058	1.57307	-2.32629	0.211033	-0.21838400000000002	0.6504220000000001	-0.7275020000000001	0.0	0.08261669999999999	-0.7304970000000001	-0.6779	0.0	-0.97236	-0.208146	0.10579300000000001	0.0	1.6757	1.74872	-2.48549	0.0	
0	0.0202446	0.719849	-0.6938350000000001	0.0	0.153687	0.683488	0.713599	0.0	0.9879120000000001	-0.12108	-0.0967947	0.0	-1.6930900000000002	1.24711	-2.6518900000000003	0.101899	-0.24563200000000002	0.666309	-0.704058	0.0	0.09131080000000001	-0.7071770000000001	-0.701116	0.0	-0.965053	-0.236504	0.112864	0.0	1.5532299999999999	1.43677	-2.73774	0.0	
0	0.031449	0.728693	-0.684118	0.0	0.0329185	0.68333	0.729367	0.0	0.9989629999999999	-0.045458	-0.00249743	0.0	-1.61745	1.07409	-2.72519	0.0	-0.230519	0.616672	-0.752713	0.0	0.129718	-0.747167	-0.6518550000000001	0.0	-0.964383	-0.247906	0.0922428	0.0	1.5095399999999999	1.2408700000000001	-2.8721200000000002	0.0	
0	0.027362	0.7106060000000001	-0.703058	0.0	0.019236000000000003	0.702817	0.7111109999999999	0.0	0.99944	-0.0329815	0.00556135	0.0	-1.5293	1.0091700000000001	-2.74879	0.0	-0.192831	0.6119100000000001	-0.767061	0.0	0.157359	-0.75233	-0.639717	0.0	-0.968532	-0.244061	0.0487828	0.0	1.46491	1.17116	-3.0203	0.0	
0	-0.00430627	0.7079479999999999	-0.706252	0.0	0.046375	0.7056399999999999	0.707052	0.0	0.998915	-0.0297077	-0.0358698	0.0	-1.45194	0.9782649999999999	-3.01579	0.0	-0.202451	0.5720529999999999	-0.79484	0.0	0.207734	-0.768089	-0.605711	0.0	-0.9570059999999999	-0.287742	0.036664800000000004	0.0	1.42707	0.996447	-3.27065	-0.0108131	
0	-0.0602189	0.663121	-0.7460859999999999	0.0	0.078359	0.748276	0.6587430000000001	0.0	0.9951049999999999	-0.0187938	-0.0970219	0.0	-1.41458	0.9859120000000001	-3.28285	0.059431899999999996	-0.19051099999999999	0.598484	-0.778154	0.0	0.191554	-0.754771	-0.627397	0.0	-0.962815	-0.268584	0.029149500000000002	0.0	1.41114	0.9222950000000001	-3.4373400000000003	0.0	
0	-0.098224	0.639443	-0.762538	0.0	0.0923592	0.768794	0.632792	0.0	0.990869	-0.00827199	-0.134573	0.0	-1.4163	0.965133	-3.5519	0.188934	-0.158723	0.6123689999999999	-0.774475	0.0	0.166379	-0.756612	-0.632342	0.0	-0.9732040000000001	-0.229223	0.0182064	0.0	1.37832	0.9400120000000001	-3.62229	0.0	
0	-0.137766	0.62703	-0.766717	0.0	0.0921834	0.778855	0.6203930000000001	0.0	0.986166	0.0147907	-0.165102	0.0	-1.39173	0.9353819999999999	-3.8139800000000004	0.23251799999999997	-0.17591600000000002	0.636653	-0.750817	0.0	0.16442400000000001	-0.7329939999999999	-0.660065	0.0	-0.970576	-0.23956799999999998	0.0242635	0.0	1.31467	0.9057569999999999	-3.75273	0.0	
0	-0.186154	0.621732	-0.760787	0.0	0.107037	0.782546	0.613323	0.0	0.9766729999999999	0.03274	-0.212223	0.0	-1.38166	0.907185	-4.070530000000001	0.291426	-0.197818	0.6505029999999999	-0.73329	0.0	0.157196	-0.7173390000000001	-0.678759	0.0	-0.9675520000000001	-0.24954099999999999	0.039645599999999996	0.0	1.29057	0.8353200000000001	-3.90236	0.0	
0	-0.210208	0.590442	-0.779224	0.0	0.0822341	0.804886	0.587703	0.0	0.9741920000000001	0.059460900000000004	-0.217748	0.0	-1.4012200000000001	0.8672280000000001	-4.25018	0.325348	-0.17615799999999998	0.63643	-0.75095	0.0	0.16544	-0.7328859999999999	-0.65993	0.0	-0.97036	-0.24048899999999998	0.0238121	0.0	1.2849700000000002	0.8500620000000001	-4.00594	0.0	
0	-0.22678600000000002	0.583168	-0.780053	0.0	0.09388969999999999	0.810282	0.578471	0.0	0.969409	0.0579498	-0.23851399999999998	0.0	-1.4442700000000002	0.804876	-4.32209	0.331923	-0.148398	0.6433800000000001	-0.751026	0.0	0.20646	-0.722544	-0.659776	0.0	-0.9671360000000001	-0.25296599999999997	-0.025607599999999998	0.0	1.30159	0.889818	-4.12999	0.0432074	
0	-0.22011	0.5746829999999999	-0.788221	0.0	0.115027	0.817691	0.564048	0.0	0.96867	0.033486199999999994	-0.246085	0.0	-1.53249	0.713846	-4.39163	0.32958000000000004	-0.150726	0.686257	-0.711571	0.0	0.20871599999999998	-0.681479	-0.701445	0.0	-0.966292	-0.254243	-0.0405163	0.0	1.39793	0.851979	-4.25133	0.0	
0	-0.235737	0.58441	-0.776462	0.0	0.129959	0.810761	0.57077	0.0	0.9630879999999999	0.0336435	-0.26707600000000004	0.0	-1.653	0.5706220000000001	-4.37662	0.00222135	-0.0809569	0.697504	-0.711993	0.0	0.20786	-0.686817	-0.696475	0.0	-0.9748030000000001	-0.204379	-0.0893808	0.0	1.59374	0.756103	-4.50474	0.0	
0	-0.219323	0.58398	-0.781579	0.0	0.122332	0.811221	0.5718	0.0	0.9679530000000001	0.029796800000000002	-0.24935900000000003	0.0	-1.68113	0.500513	-4.34813	0.0	-0.056191899999999996	0.70315	-0.7088180000000001	0.0	0.206734	-0.6863600000000001	-0.69726	0.0	-0.9767819999999999	-0.18571700000000002	-0.106798	0.0	1.6965299999999999	0.711904	-4.63998	0.0601976	
0	-0.21551700000000001	0.587407	-0.780067	0.0	0.12003499999999999	0.808718	0.575819	0.0	0.969095	0.030463900000000002	-0.244802	0.0	-1.6694200000000001	0.46938	-4.3308800000000005	0.0	-0.06538150000000001	0.7010460000000001	-0.710113	0.0	0.213214	-0.6853859999999999	-0.6962659999999999	0.0	-0.974815	-0.196929	-0.10466099999999999	0.0	1.73879	0.6401	-4.65594	-0.00835374	
0	-0.213142	0.6034619999999999	-0.768378	0.0	0.121076	0.796702	0.592121	0.0	0.96949	0.033173699999999993	-0.242875	0.0	-1.6477099999999998	0.432608	-4.36517	0.0	-0.0930959	0.689679	-0.718106	0.0	0.216761	-0.6899	-0.6906899999999999	0.0	-0.971776	-0.219958	-0.0852687	0.0	1.82118	0.45638199999999995	-4.60215	-0.00034526699999999996	
0	-0.179314	0.575917	-0.7976	0.0	0.131009	0.817498	0.560832	0.0	0.97503	-0.00392726	-0.222039	0.0	-1.63612	0.392383	-4.37441	0.178411	-0.0985348	0.671816	-0.734135	0.0	0.24543	-0.698531	-0.672175	0.0	-0.9643940000000001	-0.24641100000000002	-0.0960546	0.0	1.7582099999999998	0.442838	-4.5422400000000005	0.0140588	
0	-0.147301	0.570188	-0.8082	0.0	0.136824	0.8210049999999999	0.554284	0.0	0.979582	-0.028934300000000003	-0.19895	0.0	-1.5976	0.358661	-4.3190599999999995	0.046819400000000004	-0.135493	0.658393	-0.740379	0.0	0.247277	-0.701151	-0.668762	0.0	-0.959425	-0.27369099999999996	-0.0678042	0.0	1.7305099999999998	0.412443	-4.45656	0.0	
0	-0.05202330000000001	0.568808	-0.820824	0.0	0.16029300000000002	0.816036	0.555331	0.0	0.985698	-0.102682	-0.133629	0.0	-1.6588599999999998	0.289918	-4.16557	0.0	-0.208833	0.659799	-0.721841	0.0	0.255389	-0.675707	-0.691517	0.0	-0.9440149999999999	-0.328762	-0.027395799999999998	0.0	1.7269900000000002	0.379824	-4.27524	0.0	
0	-0.0356282	0.533844	-0.8448319999999999	0.0	0.162448	0.837219	0.5221819999999999	0.0	0.986074	-0.11863699999999999	-0.116551	0.0	-1.66405	0.30609899999999995	-4.0858099999999995	0.0	-0.21337899999999999	0.637598	-0.740229	0.0	0.25159000000000004	-0.6962619999999999	-0.672251	0.0	-0.944019	-0.329679	-0.0118456	0.0	1.7341099999999998	0.451668	-4.235119999999999	0.00034523	
0	-0.0588082	0.5180130000000001	-0.853349	0.0	0.158409	0.8488399999999999	0.504359	0.0	0.9856209999999999	-0.10551700000000001	-0.131976	0.0	-1.73583	0.42315600000000003	-4.07193	0.0	-0.209252	0.6329640000000001	-0.745366	0.0	0.258497	-0.6993199999999999	-0.666432	0.0	-0.943076	-0.332127	-0.017285599999999998	0.0	1.7882799999999999	0.593795	-4.2386099999999995	0.0	
0	-0.0298822	0.520536	-0.853317	0.0	0.130187	0.848453	0.5130100000000001	0.0	0.9910389999999999	-0.0957609	-0.0931206	0.0	-1.8118	0.423122	-4.0179599999999995	0.0	-0.22887399999999997	0.65145	-0.723346	0.0	0.21285199999999999	-0.691599	-0.690206	0.0	-0.9499	-0.311936	0.0196267	0.0	1.8859700000000001	0.612083	-4.220680000000001	0.0	
0	-0.0290134	0.5384180000000001	-0.8421780000000001	0.0	0.0875988	0.8406610000000001	0.534431	0.0	0.995733	-0.0582681	-0.0715552	0.0	-1.7794599999999998	0.40681100000000003	-3.93145	0.0	-0.22846999999999998	0.660634	-0.715097	0.0	0.161948	-0.698501	-0.697044	0.0	-0.959987	-0.275062	0.0525985	0.0	1.8720400000000001	0.608876	-4.1559099999999995	0.0	
0	-0.0703638	0.564928	-0.8221350000000001	0.0	0.040232800000000006	0.8251139999999999	0.5635319999999999	0.0	0.99671	0.00657544	-0.0807868	0.0	-1.7064400000000002	0.5216	-3.9181199999999996	0.0	-0.195875	0.6623100000000001	-0.723173	0.0	0.136347	-0.711901	-0.688917	0.0	-0.9711040000000001	-0.233544	0.049138999999999995	0.0	1.8062200000000002	0.719835	-4.1623	0.0	
0	-0.0811199	0.5503439999999999	-0.830988	0.0	0.0054062	0.833967	0.5517880000000001	0.0	0.99669	0.0402685	-0.07062660000000001	0.0	-1.63952	0.702055	-3.93391	0.0	-0.186873	0.647454	-0.738838	0.0	0.125425	-0.730208	-0.671614	0.0	-0.9743450000000001	-0.218175	0.0552495	0.0	1.71429	0.880396	-4.12295	0.0	
0	-0.0690339	0.562196	-0.824118	0.0	0.00556442	0.826293	0.563214	0.0	0.997599	0.034295099999999995	-0.0601705	0.0	-1.60406	0.781827	-3.86882	0.0	-0.190203	0.655196	-0.731123	0.0	0.12861199999999998	-0.721671	-0.680184	0.0	-0.973284	-0.223404	0.052997699999999995	0.0	1.6825	0.9474319999999999	-4.11982	0.0	
0	-0.0533972	0.5786	-0.813862	0.0	0.00421849	0.815148	0.579238	0.0	0.9985649999999999	0.027496299999999998	-0.0459675	0.0	-1.5851	0.775826	-3.83954	0.0	-0.192573	0.6602210000000001	-0.725965	0.0	0.13101500000000002	-0.715889	-0.685812	0.0	-0.972497	-0.227181	0.051361500000000004	0.0	1.6845599999999998	0.941953	-4.12091	0.0	
0	-0.0231905	0.623115	-0.781786	0.0	-0.0111565	0.781787	0.6234460000000001	0.0	0.999669	0.0231799	-0.011178299999999999	0.0	-1.52014	0.715058	-3.74517	0.0	-0.184445	0.6529560000000001	-0.734594	0.0	0.120398	-0.7267779999999999	-0.676238	0.0	-0.975441	-0.213173	0.0554359	0.0	1.6992900000000002	0.9404969999999999	-4.1049	0.0	
0	-0.013035900000000001	0.640267	-0.768042	0.0	-0.046169699999999994	0.766903	0.640101	0.0	0.998849	0.0438045	0.0195637	0.0	-1.4317	0.771154	-3.69657	0.0	-0.18316300000000002	0.647641	-0.739603	0.0	0.09335189999999999	-0.7374729999999999	-0.668894	0.0	-0.97864	-0.19155999999999998	0.0746187	0.0	1.66535	1.02847	-4.03385	0.0	
0	0.0183593	0.668279	-0.743684	0.0	-0.0944597	0.741642	0.664112	0.0	0.995359	0.058055499999999996	0.07674149999999999	0.0	-1.32459	0.843092	-3.54714	0.0	-0.21616999999999997	0.661967	-0.717685	0.0	0.0649857	-0.72368	-0.68707	0.0	-0.974191	-0.195163	0.113419	0.0	1.57619	1.1292	-3.9201900000000003	0.0	
0	0.0933051	0.714601	-0.693282	0.0	-0.13028599999999999	0.699095	0.703058	0.0	0.9870760000000001	0.0247258	0.158331	0.0	-1.21489	0.9156770000000001	-3.3415800000000004	-9.2514e-05	-0.274851	0.676817	-0.682917	0.0	0.0315448	-0.703542	-0.709953	0.0	-0.9609690000000001	-0.21667399999999998	0.172019	0.0	1.4463700000000002	1.2287299999999999	-3.7527800000000004	0.0	
0	0.174229	0.750351	-0.6376649999999999	0.0	-0.11431400000000001	0.658604	0.7437560000000001	0.0	0.9780469999999999	-0.056689800000000005	0.200523	0.0	-1.1986700000000001	0.97554	-3.14541	0.0	-0.339075	0.687851	-0.641786	0.0	0.0250075	-0.675369	-0.737056	0.0	-0.940427	-0.265967	0.211799	0.0	1.36077	1.3445	-3.5563599999999997	0.0	
0	0.262965	0.770968	-0.58005	0.0	-0.0969076	0.619276	0.7791710000000001	0.0	0.9599260000000001	-0.14868399999999998	0.23756100000000002	0.0	-1.23001	1.01791	-3.00217	0.0	-0.41434799999999994	0.696605	-0.585711	0.0	0.0364273	-0.630346	-0.77546	0.0	-0.9093899999999999	-0.342646	0.235806	0.0	1.33598	1.43593	-3.3943	0.0	
0	0.315309	0.776192	-0.545991	0.0	-0.092192	0.597672	0.796423	0.0	0.9445	-0.200784	0.26000999999999996	0.0	-1.2417799999999999	1.04713	-2.9243900000000003	0.0	-0.47169099999999997	0.691699	-0.546864	0.0	0.0523327	-0.59714	-0.800429	0.0	-0.88021	-0.406174	0.24546700000000002	0.0	1.33486	1.48902	-3.3222199999999997	0.0	
0	0.51881	0.750401	-0.409554	0.0	-0.024103	0.491721	0.870419	0.0	0.85455	-0.44171099999999996	0.27319699999999997	0.0	-1.33569	1.1632799999999999	-2.7734099999999997	0.0	-0.676716	0.6101449999999999	-0.412041	0.0	0.11095999999999999	-0.46874	-0.876339	0.0	-0.727834	-0.638753	0.24950300000000003	0.0	1.35552	1.55567	-3.1329700000000003	0.0	
0	0.6867840000000001	0.666345	-0.290366	0.0	0.016013399999999997	0.38551199999999997	0.9225639999999999	0.0	0.726685	-0.638252	0.25409299999999996	0.0	-1.4038	1.2043700000000002	-2.65242	0.0	-0.795244	0.508383	-0.330355	0.0	0.138475	-0.378177	-0.9153180000000001	0.0	-0.5902649999999999	-0.773647	0.230344	0.0	1.35008	1.63171	-3.0022	0.0	
0	0.812098	0.549767	-0.19558499999999998	0.0	0.0472095	0.272179	0.9610879999999999	0.0	0.581608	-0.7897310000000001	0.195082	0.0	-1.48126	1.27718	-2.56705	0.00034523	-0.8884709999999999	0.376781	-0.262022	0.0	0.15532200000000002	-0.290376	-0.9442229999999999	0.0	-0.43185	-0.8796129999999999	0.199468	0.0	1.31156	1.72183	-2.86518	0.0	
0	0.8978870000000001	0.418155	-0.137641	0.0	0.0668528	0.179516	0.9814809999999999	0.0	0.43512	-0.8904610000000001	0.13323	0.0	-1.49358	1.3883	-2.49308	0.00034526699999999996	-0.939269	0.270477	-0.21122600000000002	0.0	0.15513	-0.21438800000000002	-0.9643510000000001	0.0	-0.30611900000000003	-0.938552	0.159409	0.0	1.25689	1.81434	-2.76193	0.0	
0	0.954464	0.283638	-0.0924587	0.0	0.0638418	0.108547	0.9920389999999999	0.0	0.291416	-0.9527680000000001	0.0854957	0.0	-1.50399	1.50919	-2.46711	0.0	-0.9745209999999999	0.146034	-0.170244	0.0	0.149928	-0.140416	-0.978675	0.0	-0.166825	-0.9792639999999999	0.114943	0.0	1.1825700000000001	1.8907599999999998	-2.67908	0.0	
0	0.985884	0.157191	-0.05765169999999999	0.0	0.0469894	0.070725	0.996389	0.0	0.160701	-0.985033	0.0623404	0.0	-1.46435	1.56465	-2.42017	0.0	-0.9885379999999999	0.0492192	-0.142725	0.0	0.137299	-0.100065	-0.9854620000000001	0.0	-0.0627854	-0.993763	0.09215989999999999	0.0	1.14018	1.88477	-2.6309	0.0	
0	0.9973040000000001	0.0681943	-0.027086000000000002	0.0	0.021793599999999996	0.07718910000000001	0.996778	0.0	0.0700653	-0.994682	0.0754948	0.0	-1.43111	1.53293	-2.3012900000000003	0.0	-0.9930459999999999	-0.014813	-0.116797	0.0	0.11765999999999999	-0.0901932	-0.98895	0.0	0.00411509	-0.995814	0.0913086	0.0	1.14198	1.79942	-2.60565	0.0	
0	0.9988549999999999	-0.0472592	0.00749368	0.0	-0.00259812	0.10281199999999999	0.994698	0.0	-0.047779	-0.9935780000000001	0.10257100000000001	0.0	-1.42365	1.40564	-2.18855	-0.000202253	-0.993292	-0.0632639	-0.09679220000000001	0.0	0.10167000000000001	-0.07906469999999999	-0.9916709999999999	0.0	0.055084100000000004	-0.9948600000000001	0.08496619999999999	0.0	1.16339	1.63044	-2.6316200000000003	0.0	
0	0.9970559999999999	-0.0764855	0.00542381	0.0	0.00268124	0.10546900000000001	0.994419	0.0	-0.0766307	-0.991477	0.10536400000000001	0.0	-1.4686	1.26955	-2.20002	0.0	-0.991648	-0.07552180000000001	-0.104551	0.0	0.11137999999999999	-0.09271	-0.9894440000000001	0.0	0.06503160000000001	-0.992825	0.100347	0.0	1.15872	1.48525	-2.6110900000000004	0.0	
0	0.9958629999999999	-0.0907797	0.00405006	0.0	0.00727997	0.12412999999999999	0.992239	0.0	-0.0905779	-0.9881049999999999	0.124277	0.0	-1.53675	1.1494799999999998	-2.1981900000000003	0.0	-0.98921	-0.09025239999999998	-0.11540299999999999	0.0	0.123203	-0.08624019999999999	-0.988627	0.0	0.07927360000000001	-0.9921780000000001	0.0964288	0.0	1.15299	1.40289	-2.60565	-0.00014301399999999998	
0	0.996693	-0.0812556	-0.0006226	0.0	0.0111914	0.129678	0.9914930000000001	0.0	-0.0804836	-0.9882209999999999	0.130159	0.0	-1.5823	1.10075	-2.22131	0.0	-0.9879709999999999	-0.0942533	-0.122599	0.0	0.129957	-0.076342	-0.988576	0.0	0.0838171	-0.992617	0.08767230000000001	0.0	1.15087	1.3456299999999999	-2.58755	0.0	
0	0.9984780000000001	-0.054988199999999994	0.00425643	0.0	0.00340093	0.138415	0.990369	0.0	-0.05504780000000001	-0.9888469999999999	0.13839100000000001	0.0	-1.59731	1.08932	-2.23437	0.0	-0.989031	-0.0656732	-0.13230999999999998	0.0	0.13806300000000002	-0.0925732	-0.986088	0.0	0.052511199999999994	-0.9935379999999999	0.100625	0.0	1.16028	1.26785	-2.61212	0.0	
0	0.999315	-0.036093099999999996	-0.00821487	0.0	0.0128631	0.13050699999999998	0.9913639999999999	0.0	-0.0347093	-0.99079	0.130882	0.0	-1.6344	1.1204399999999999	-2.24379	0.0	-0.9871639999999999	-0.0572297	-0.149107	0.0	0.15527	-0.125219	-0.9799040000000001	0.0	0.0374086	-0.990477	0.132498	0.0	1.21923	1.14212	-2.6440599999999996	0.0	
0	0.9996290000000001	-0.014284200000000002	-0.023211900000000004	0.0	0.0249079	0.13304000000000002	0.990798	0.0	-0.0110647	-0.991008	0.133346	0.0	-1.66622	1.1404100000000001	-2.2514	0.0	-0.985859	-0.0605779	-0.156244	0.0	0.163548	-0.14461	-0.975879	0.0	0.0365224	-0.987633	0.152472	0.0	1.27352	1.03636	-2.6337099999999998	0.0	
0	0.9943110000000001	0.0807568	-0.06945169999999999	0.0	0.0601609	0.11227899999999999	0.9918540000000001	0.0	0.0878969	-0.99039	0.10678199999999999	0.0	-1.63181	1.23253	-2.2821599999999997	0.0	-0.983168	-0.06669119999999999	-0.170098	0.0	0.179508	-0.179207	-0.9672959999999999	0.0	0.0340274	-0.981549	0.188162	0.0	1.32017	0.951984	-2.52173	0.0	
0	0.986273	0.135096	-0.09495060000000001	0.0	0.0840811	0.0840188	0.9929100000000001	0.0	0.14211600000000002	-0.9872639999999999	0.0715064	0.0	-1.59943	1.3816700000000002	-2.30989	0.0	-0.97683	-0.114908	-0.180555	0.0	0.200193	-0.19229200000000002	-0.960701	0.0	0.0756727	-0.9745870000000001	0.21084	0.0	1.35415	0.951191	-2.44719	0.0	
0	0.9823629999999999	0.154506	-0.105316	0.0	0.0957092	0.06837130000000001	0.993058	0.0	0.160634	-0.9856229999999999	0.0523778	0.0	-1.57013	1.50184	-2.31095	0.0	-0.969123	-0.145234	-0.199269	0.0	0.225798	-0.197985	-0.953844	0.0	0.09907780000000001	-0.9693860000000001	0.224665	0.0	1.53503	0.971879	-2.41791	0.0	
0	0.984195	0.143367	-0.10395399999999999	0.0	0.09392410000000001	0.0750558	0.9927459999999999	0.0	0.15012999999999999	-0.986819	0.060403899999999996	0.0	-1.5538399999999999	1.5156100000000001	-2.28534	0.0	-0.966175	-0.148501	-0.210837	0.0	0.23919899999999997	-0.210504	-0.9478780000000001	0.0	0.0963788	-0.966248	0.238905	0.0	1.74551	1.0311	-2.3929	0.0	
0	0.9854229999999999	0.136561	-0.101451	0.0	0.0904544	0.0844681	0.9923120000000001	0.0	0.144081	-0.987024	0.07088430000000001	0.0	-1.55393	1.47714	-2.28189	0.0	-0.9667129999999999	-0.146453	-0.20980300000000002	0.0	0.238119	-0.214923	-0.9471579999999999	0.0	0.0936229	-0.9655879999999999	0.242642	0.0	1.76405	1.05409	-2.3711599999999997	0.0	
0	0.9895299999999999	0.11161199999999999	-0.09150319999999999	0.0	0.080513	0.09929389999999999	0.9917959999999999	0.0	0.119782	-0.9887790000000001	0.0892681	0.0	-1.55445	1.37458	-2.2972	0.0	-0.9682879999999999	-0.14469100000000001	-0.203677	0.0	0.231981	-0.21800999999999998	-0.947975	0.0	0.0927598	-0.965161	0.24466100000000002	0.0	1.7046	1.08731	-2.32451	0.0	
0	0.991574	0.09846360000000001	-0.0841722	0.0	0.07295410000000001	0.11245899999999999	0.990975	0.0	0.10704100000000001	-0.988766	0.104328	0.0	-1.56416	1.2959	-2.26874	0.0	-0.9687020000000001	-0.14566600000000002	-0.200992	0.0	0.228654	-0.20849499999999999	-0.9509190000000001	0.0	0.0966105	-0.967115	0.235276	0.0	1.58703	1.11144	-2.29771	0.0	
0	0.99329	0.0820071	-0.0815525	0.0	0.0709173	0.125147	0.9896	0.0	0.0913603	-0.988743	0.11849200000000001	0.0	-1.5719999999999998	1.25286	-2.26451	0.0	-0.9676370000000001	-0.148011	-0.20438199999999998	0.0	0.231537	-0.198673	-0.952324	0.0	0.10034900000000001	-0.968825	0.22651300000000002	0.0	1.57434	1.11061	-2.3024400000000003	0.0	
0	0.995503	0.0540225	-0.077815	0.0	0.0702671	0.12979200000000002	0.9890479999999999	0.0	0.0635307	-0.9900690000000001	0.125412	0.0	-1.6031600000000001	1.20482	-2.26715	0.0	-0.9684370000000001	-0.136433	-0.20860700000000001	0.0	0.23258600000000001	-0.19366	-0.9531	0.0	0.0896353	-0.9715360000000001	0.21928000000000003	0.0	1.59833	1.12495	-2.32608	0.0	
0	0.996808	-0.00757387	-0.079472	0.0	0.079743	0.141488	0.9867229999999999	0.0	0.003771	-0.9899110000000001	0.14164000000000002	0.0	-1.65818	1.12781	-2.27808	0.0	-0.9731299999999999	-0.102842	-0.206012	0.0	0.22110900000000003	-0.16772	-0.9607190000000001	0.0	0.0642499	-0.980456	0.185953	0.0	1.58008	1.21412	-2.36085	0.0	
0	0.9955780000000001	-0.0284022	-0.08954119999999999	0.0	0.0925936	0.136032	0.986368	0.0	-0.0158346	-0.990297	0.13806	0.0	-1.8722400000000001	1.09899	-2.29616	0.0	-0.9782280000000001	-0.0473796	-0.20205399999999998	0.0	0.206443	-0.12245199999999999	-0.970766	0.0	0.021252599999999996	-0.991343	0.12956700000000002	0.0	1.45312	1.58126	-2.39667	0.0	
0	0.9955879999999999	-0.00763363	-0.0935253	0.0	0.09378020000000001	0.115402	0.9888819999999999	0.0	0.00324422	-0.99329	0.11560799999999999	0.0	-1.89188	1.18899	-2.3025900000000004	0.0	-0.9788899999999999	-0.0468044	-0.198958	0.0	0.203151	-0.115825	-0.9722729999999999	0.0	0.022462400000000004	-0.992166	0.12288800000000001	0.0	1.42125	1.6370799999999999	-2.40125	0.0	
0	0.993859	0.051494200000000004	-0.0979389	0.0	0.09352680000000001	0.0820556	0.99223	0.0	0.059130499999999996	-0.995297	0.0767357	0.0	-1.8447200000000001	1.57525	-2.24143	0.0	-0.976435	-0.0871807	-0.19742200000000001	0.0	0.20656799999999997	-0.112648	-0.9719260000000001	0.0	0.062494100000000004	-0.9898030000000001	0.128002	0.0	1.4239	1.53017	-2.44617	0.0	
0	0.9938229999999999	0.0524164	-0.0978207	0.0	0.0934659	0.0799301	0.992409	0.0	0.0598373	-0.9954209999999999	0.0745372	0.0	-1.8153700000000002	1.65305	-2.1913099999999996	0.0	-0.975808	-0.0943023	-0.197249	0.0	0.20809499999999997	-0.12389800000000001	-0.9702299999999999	0.0	0.06705610000000001	-0.9878040000000001	0.140524	0.0	1.46141	1.43549	-2.48319	0.0	
0	0.9961760000000001	0.0295288	-0.0822275	0.0	0.0787739	0.103501	0.991505	0.0	0.0377886	-0.9941909999999999	0.100779	0.0	-1.7635900000000002	1.55556	-2.13511	0.0	-0.977943	-0.0748255	-0.19501	0.0	0.20339000000000002	-0.128631	-0.970612	0.0	0.0475423	-0.988866	0.141012	0.0	1.49088	1.42467	-2.46904	0.0	
0	0.996467	-0.00694979	-0.0836997	0.0	0.0837941	0.149891	0.985145	0.0	0.00569928	-0.9886780000000001	0.149944	0.0	-1.8271700000000002	1.2188	-2.2490099999999997	0.0	-0.9804959999999999	-0.046506	-0.19096	0.0	0.195081	-0.11207	-0.9743629999999999	0.0	0.023912799999999998	-0.992612	0.118957	0.0	1.42256	1.61866	-2.42725	0.0	
0	0.9960620000000001	0.00321503	-0.0886046	0.0	0.0871095	0.15075999999999998	0.984725	0.0	0.016524	-0.9885649999999999	0.149887	0.0	-1.8812200000000001	1.19363	-2.29225	0.0	-0.980509	-0.045786900000000005	-0.19106700000000001	0.0	0.194986	-0.107177	-0.9749329999999999	0.0	0.024161099999999998	-0.993185	0.114016	0.0	1.4059700000000002	1.6479099999999998	-2.4293400000000003	0.0	
0	0.993866	0.0670679	-0.0879329	0.0	0.0801592	0.11090599999999999	0.9905930000000001	0.0	0.0761893	-0.9915649999999999	0.104849	0.0	-1.8586900000000002	1.44834	-2.24733	0.0	-0.979031	-0.0744992	-0.189598	0.0	0.197651	-0.122097	-0.9726389999999999	0.0	0.049311400000000005	-0.989718	0.134262	0.0	1.4090200000000002	1.49183	-2.46705	0.0	
0	0.993017	0.0919102	-0.0739592	0.0	0.0657715	0.0891291	0.9938459999999999	0.0	0.0979365	-0.99177	0.08246160000000001	0.0	-1.7103	1.7060099999999998	-2.15436	0.0	-0.9774200000000001	-0.0909896	-0.19071300000000002	0.0	0.202245	-0.141362	-0.9690790000000001	0.0	0.06121669999999999	-0.985768	0.156572	0.0	1.4786700000000002	1.28246	-2.50078	0.0	
0	0.993425	0.0917111	-0.06853010000000001	0.0	0.0606297	0.0863227	0.9944209999999999	0.0	0.09711510000000001	-0.9920370000000001	0.0801947	0.0	-1.63572	1.7438	-2.1172400000000002	0.0	-0.978202	-0.083641	-0.190064	0.0	0.200729	-0.146463	-0.968636	0.0	0.053180399999999996	-0.9856739999999999	0.16005899999999998	0.0	1.49691	1.26363	-2.50215	0.0	
0	0.9972409999999999	0.044852300000000005	-0.0591577	0.0	0.0533986	0.120224	0.99131	0.0	0.051574699999999994	-0.991733	0.117497	0.0	-1.5634	1.5156100000000001	-2.1291	0.0	-0.982952	-0.0266166	-0.181928	0.0	0.183811	-0.118224	-0.975826	0.0	0.00446487	-0.9926299999999999	0.121101	0.0	1.4023	1.54375	-2.4504	0.0	
0	0.997468	0.0352673	-0.0617585	0.0	0.056301300000000006	0.13898	0.988693	0.0	0.0434517	-0.989667	0.13664300000000001	0.0	-1.63673	1.34028	-2.1728099999999997	0.0	-0.9844510000000001	-0.013529499999999998	-0.175136	0.0	0.17556300000000002	-0.108548	-0.978466	0.0	-0.00577258	-0.993999	0.10923599999999999	0.0	1.34626	1.7058400000000002	-2.3910099999999996	0.0	
0	0.9968299999999999	0.053284500000000005	-0.05909059999999999	0.0	0.0513855	0.13589400000000001	0.98939	0.0	0.060749199999999996	-0.98929	0.132725	0.0	-1.6685900000000002	1.3340100000000001	-2.19172	0.0	-0.9850700000000001	-0.01371	-0.17160999999999998	0.0	0.172099	-0.10418499999999999	-0.979555	0.0	-0.0044494999999999995	-0.9944639999999999	0.10498900000000001	0.0	1.3291	1.73055	-2.38238	0.0	
0	0.993401	0.10340899999999999	-0.049605500000000004	0.0	0.038761800000000006	0.104354	0.993785	0.0	0.10794300000000001	-0.98915	0.0996574	0.0	-1.54526	1.5806799999999999	-2.10917	0.0	-0.9841629999999999	-0.0625881	-0.165847	0.0	0.17288299999999998	-0.132188	-0.976032	0.0	0.039165	-0.989247	0.140915	0.0	1.28536	1.49539	-2.41248	0.0	
0	0.9930620000000001	0.10938800000000001	-0.0431547	0.0	0.032131	0.100607	0.9944069999999999	0.0	0.11311800000000001	-0.9888950000000001	0.09639439999999999	0.0	-1.50821	1.65992	-2.0732	0.0	-0.983183	-0.0768398	-0.16567	0.0	0.175279	-0.142381	-0.9741690000000001	0.0	0.05126669999999999	-0.986825	0.153455	0.0	1.29101	1.37303	-2.42792	0.0	
0	0.996368	0.08184680000000001	-0.023511400000000002	0.0	0.0142871	0.11151400000000002	0.99366	0.0	0.0839497	-0.9903870000000001	0.10994000000000001	0.0	-1.3966	1.66055	-1.9566299999999999	0.0	-0.9851790000000001	-0.05711	-0.161747	0.0	0.168493	-0.145449	-0.9749129999999999	0.0	0.0321513	-0.987716	0.152916	0.0	1.307	1.30593	-2.42066	0.0	
0	0.9982110000000001	0.055707799999999995	-0.021729	0.0	0.0142744	0.130879	0.991296	0.0	0.0580668	-0.9898319999999999	0.12985	0.0	-1.42672	1.54069	-2.00837	0.0	-0.9864639999999999	-0.0387041	-0.159344	0.0	0.16310999999999998	-0.13181800000000002	-0.9777620000000001	0.0	0.016839	-0.990518	0.136347	0.0	1.30254	1.4207100000000001	-2.39451	0.0	
0	0.999501	0.00480818	-0.031231799999999997	0.0	0.0299959	0.16651300000000002	0.985583	0.0	0.00993935	-0.986028	0.166285	0.0	-1.58386	1.28525	-2.1	0.0	-0.98669	-0.011871799999999998	-0.162182	0.0	0.16253099999999998	-0.10435499999999999	-0.9811700000000001	0.0	-0.00527626	-0.994469	0.104895	0.0	1.2969	1.7563799999999998	-2.3417	0.0	
0	0.99926	0.03460440000000001	-0.016819900000000002	0.0	0.0107239	0.169344	0.985499	0.0	0.0369509	-0.98495	0.168847	0.0	-1.7116900000000002	1.2843799999999999	-2.0749	0.0	-0.9844950000000001	-0.00535768	-0.175331	0.0	0.174958	-0.10192999999999999	-0.9792860000000001	0.0	-0.0126247	-0.994777	0.101287	0.0	1.33645	1.9310200000000002	-2.2983700000000002	0.0	
0	0.987727	0.13045299999999999	0.085897	0.0	-0.105413	0.15094100000000002	0.982906	0.0	0.115258	-0.9798969999999999	0.162839	0.0	-1.80755	1.4129399999999999	-1.8603599999999998	0.0	-0.980503	0.0220703	-0.195262	0.0	0.192159	-0.100147	-0.97624	0.0	-0.041101	-0.9947280000000001	0.09395369999999999	0.0	1.50758	2.1055599999999997	-2.27724	0.0	
0	0.9198440000000001	0.257749	0.295723	0.0	-0.326113	0.0834457	0.941641	0.0	0.21803000000000003	-0.9626020000000001	0.16081199999999998	0.0	-1.8524900000000002	1.52168	-1.6598700000000002	0.0	-0.976208	0.0367969	-0.21369000000000002	0.0	0.209064	-0.101741	-0.9725950000000001	0.0	-0.05752959999999999	-0.99413	0.09162730000000001	0.0	1.6415099999999998	2.145	-2.30515	0.0	
0	0.864793	0.297083	0.40481500000000004	0.0	-0.43511400000000006	0.0409874	0.899442	0.0	0.250616	-0.9539719999999999	0.164711	0.0	-1.8661	1.55938	-1.56328	0.0	-0.9749629999999999	0.0396602	-0.21880100000000002	0.0	0.213575	-0.106927	-0.971058	0.0	-0.06190790000000001	-0.993476	0.0957789	0.0	1.7062099999999998	2.12652	-2.33902	0.0	
0	0.731023	0.34867800000000004	0.586541	0.0	-0.607683	-0.0583105	0.792036	0.0	0.310367	-0.935427	0.169259	0.0	-2.01403	1.62976	-1.1455899999999999	0.0	-0.9725379999999999	0.0489759	-0.227535	0.0	0.22045399999999998	-0.119672	-0.9680280000000001	0.0	-0.07463969999999999	-0.991605	0.10558900000000002	0.0	1.81601	2.0744	-2.39355	0.0	
0	0.701457	0.34815100000000004	0.621892	0.0	-0.637931	-0.08239199999999999	0.7656729999999999	0.0	0.317809	-0.9338110000000001	0.164302	0.0	-2.09207	1.6409799999999999	-0.977575	0.0	-0.972462	0.0495154	-0.227742	0.0	0.22046999999999997	-0.121403	-0.967809	0.0	-0.07557	-0.991368	0.107143	0.0	1.8315599999999999	2.06061	-2.41636	0.0	
0	0.6938529999999999	0.350483	0.629071	0.0	-0.651943	-0.0652824	0.7554529999999999	0.0	0.30584	-0.934291	0.183199	0.0	-2.31751	1.58912	-0.46564399999999995	0.0	-0.973051	0.0508977	-0.224904	0.0	0.21691	-0.128924	-0.967641	0.0	-0.0782463	-0.990347	0.11441	0.0	1.8652400000000002	2.02188	-2.4466799999999997	0.0	
0	0.694585	0.334221	0.637062	0.0	-0.660054	-0.0561615	0.749116	0.0	0.286149	-0.9408200000000001	0.181595	0.0	-2.36942	1.51223	-0.299448	0.0	-0.9730559999999999	0.0509044	-0.224879	0.0	0.216876	-0.12903199999999998	-0.967634	0.0	-0.0782735	-0.990333	0.114516	0.0	1.8647099999999999	2.0228200000000003	-2.4461	0.0	
0	0.6976899999999999	0.267252	0.664684	0.0	-0.686305	-0.016753599999999997	0.727121	0.0	0.20546	-0.9634809999999999	0.171727	0.0	-2.59262	1.23663	-0.109349	0.0	-0.973057	0.050906900000000005	-0.22487600000000002	0.0	0.216873	-0.12903	-0.967635	0.0	-0.078275	-0.990333	0.11451300000000002	0.0	1.8646900000000002	2.0228900000000003	-2.4460599999999997	0.0	
0	0.709296	0.237889	0.663557	0.0	-0.6854210000000001	0.0129325	0.728032	0.0	0.164609	-0.9712059999999999	0.172227	0.0	-2.7473799999999997	1.01734	-0.0725755	0.0	-0.973057	0.050906900000000005	-0.22487600000000002	0.0	0.216873	-0.12903	-0.967635	0.0	-0.078275	-0.990333	0.11451300000000002	0.0	1.8646900000000002	2.0228900000000003	-2.4460599999999997	0.0	
0	0.7259329999999999	0.203518	0.656964	0.0	-0.6778649999999999	0.0502228	0.7334689999999999	0.0	0.11628	-0.9777819999999999	0.17441600000000002	0.0	-2.82341	0.757559	-0.0625516	0.0	-0.973057	0.050907	-0.22487600000000002	0.0	0.216873	-0.129029	-0.967635	0.0	-0.0782749	-0.990333	0.11451199999999999	0.0	1.8646900000000002	2.0228900000000003	-2.4460599999999997	0.0	
