0	0.593133	0.516197	-0.617846	0.0	0.6851649999999999	0.07935	0.724053	0.0	0.42278000000000004	-0.852786	-0.306615	0.0	-2.73968	2.0	1.46191	0.0	0.0082202	0.726097	-0.687543	0.0	0.6602680000000001	-0.52031	-0.541593	0.0	-0.750985	-0.449511	-0.483696	0.0	2.5996900000000003	1.9780000000000002	1.5315	0.00319493	
0	0.593133	0.516197	-0.617846	0.0	0.6851	0.0794808	0.7241	0.0	0.422885	-0.852774	-0.306504	0.0	-2.7396700000000003	2.0	1.46191	0.0	0.10902	0.7141609999999999	-0.691439	0.0	0.5748439999999999	-0.612775	-0.542275	0.0	-0.810968	-0.338351	-0.477336	0.0	2.5056	1.7571599999999998	1.81647	0.0	
0	0.479742	0.678383	-0.556457	0.0	0.6212989999999999	0.18516400000000002	0.7613810000000001	0.0	0.619544	-0.710993	-0.332648	0.0	-2.66515	1.77105	1.6691599999999998	0.0	0.116618	0.712687	-0.691721	0.0	0.5532090000000001	-0.625038	-0.550716	0.0	-0.82484	-0.318442	-0.467156	0.0	2.47503	1.82139	1.9109200000000002	0.00759572	
0	0.47198199999999996	0.693395	-0.54446	0.0	0.6520630000000001	0.141073	0.744924	0.0	0.5933350000000001	-0.706613	-0.385554	0.0	-2.68407	1.7576	1.6775400000000003	0.0	0.0832336	0.735917	-0.671936	0.0	0.5418609999999999	-0.5993069999999999	-0.589251	0.0	-0.8363360000000001	-0.315051	-0.44864799999999994	0.0	2.33699	1.87273	1.9701400000000002	0.34471399999999996	
0	0.594507	0.692637	-0.408431	0.0	0.572204	-0.00755748	0.8200770000000001	0.0	0.564929	-0.721247	-0.40082199999999996	0.0	-2.68642	1.91235	1.61671	0.173496	-0.07267169999999999	0.7575350000000001	-0.648737	0.0	0.6085	-0.48168999999999995	-0.630637	0.0	-0.79022	-0.440586	-0.425954	0.0	2.16309	1.57077	2.12863	0.0	
0	0.6188779999999999	0.698603	-0.359088	0.0	0.562044	-0.0744895	0.8237459999999999	0.0	0.548723	-0.711622	-0.438745	0.0	-2.69766	1.9363700000000001	1.6877900000000001	0.0	-0.055050800000000004	0.79398	-0.605446	0.0	0.55514	-0.47966899999999996	-0.679513	0.0	-0.829933	-0.373515	-0.414364	0.0	2.11614	1.6708	2.1475	0.294275	
0	0.639645	0.681673	-0.355214	0.0	0.5434	-0.07416519999999999	0.836191	0.0	0.543664	-0.727888	-0.417861	0.0	-2.74611	1.9387400000000001	1.63703	0.0514063	-0.156401	0.801171	-0.5776359999999999	0.0	0.5891930000000001	-0.393701	-0.7055859999999999	0.0	-0.7927109999999999	-0.450693	-0.410469	0.0	2.0161700000000002	1.54935	2.1783	-0.00378221	
0	0.590666	0.72801	-0.348016	0.0	0.582937	-0.0867691	0.807871	0.0	0.557941	-0.680053	-0.47563500000000003	0.0	-2.8191599999999997	2.063	1.56529	0.0535812	-0.0616616	0.810754	-0.58213	0.0	0.5455	-0.461049	-0.699902	0.0	-0.8358389999999999	-0.360709	-0.413838	0.0	2.06813	1.6925400000000002	2.20052	0.189894	
0	0.599662	0.712674	-0.364008	0.0	0.592191	-0.0892439	0.80084	0.0	0.538253	-0.695796	-0.475555	0.0	-2.85265	2.06946	1.5342	0.16201300000000002	-0.14132999999999998	0.858139	-0.49358199999999997	0.0	0.517415	-0.361034	-0.775846	0.0	-0.843983	-0.365037	-0.392989	0.0	1.9679400000000002	1.6765599999999998	2.19676	0.113699	
0	0.5577979999999999	0.70911	-0.431306	0.0	0.613715	-0.00254131	0.789524	0.0	0.558763	-0.705094	-0.436609	0.0	-2.85981	2.004	1.62984	0.0	-0.232465	0.8670479999999999	-0.44066700000000003	0.0	0.488196	-0.287846	-0.8238989999999999	0.0	-0.8412040000000001	-0.40665999999999997	-0.356376	0.0	1.99649	1.56203	2.2884	0.0	
0	0.527899	0.715605	-0.45742	0.0	0.622686	0.04015	0.7814409999999999	0.0	0.5775680000000001	-0.697351	-0.42440200000000006	0.0	-2.8710400000000003	1.9882400000000002	1.651	0.0	-0.21091100000000002	0.874519	-0.43673100000000004	0.0	0.500363	-0.287225	-0.816786	0.0	-0.839734	-0.390793	-0.376998	0.0	2.0192900000000003	1.63162	2.28668	0.0	
0	0.521146	0.721118	-0.456504	0.0	0.623897	0.0430949	0.780317	0.0	0.582374	-0.6914710000000001	-0.42744499999999996	0.0	-2.87347	1.9906700000000002	1.6493099999999998	0.0	-0.190149	0.874641	-0.44592299999999996	0.0	0.511324	-0.29951300000000003	-0.805506	0.0	-0.8380879999999999	-0.381177	-0.390273	0.0	2.0244	1.7026599999999998	2.26479	0.0	
0	0.526781	0.728937	-0.43721099999999996	0.0	0.617083	0.0257745	0.7864760000000001	0.0	0.5845600000000001	-0.684096	-0.436237	0.0	-2.87551	1.99217	1.6477099999999998	0.0	-0.167975	0.8554620000000001	-0.489867	0.0	0.528134	-0.341502	-0.777465	0.0	-0.832382	-0.38931	-0.394435	0.0	2.0321599999999997	1.7517200000000002	2.27094	0.0	
0	0.625319	0.701896	-0.341055	0.0	0.5386489999999999	-0.07198919999999999	0.83945	0.0	0.564654	-0.7086319999999999	-0.423092	0.0	-2.88565	1.9033099999999998	1.66308	0.0	-0.09764289999999999	0.753119	-0.650598	0.0	0.580553	-0.487868	-0.651877	0.0	-0.808346	-0.441358	-0.38958899999999996	0.0	2.02219	1.7573400000000001	2.28295	0.0	
0	0.656874	0.6801560000000001	-0.32543	0.0	0.512242	-0.0858408	0.854541	0.0	0.553286	-0.728024	-0.404791	0.0	-2.89031	1.8261599999999998	1.69382	0.0	-0.09694030000000001	0.728517	-0.678134	0.0	0.608638	-0.495708	-0.6195430000000001	0.0	-0.787504	-0.472797	-0.39534899999999995	0.0	2.01282	1.7433599999999998	2.29033	0.0	
0	0.690028	0.650065	-0.318241	0.0	0.47578400000000004	-0.076055	0.876268	0.0	0.545427	-0.7560640000000001	-0.36177	0.0	-2.88333	1.6542700000000001	1.6777799999999998	-0.00971982	-0.0523947	0.653361	-0.755231	0.0	0.628708	-0.565996	-0.5332680000000001	0.0	-0.775874	-0.502761	-0.38111799999999996	0.0	1.99957	1.59679	2.30477	0.0	
0	0.691393	0.627583	-0.35793200000000003	0.0	0.492162	-0.046432	0.869265	0.0	0.5289159999999999	-0.7771640000000001	-0.340975	0.0	-2.85918	1.6763599999999999	1.7614900000000002	0.0	-0.046295499999999996	0.650718	-0.757907	0.0	0.5911890000000001	-0.5937319999999999	-0.545874	0.0	-0.805203	-0.47333800000000004	-0.35720999999999997	0.0	2.02312	1.54417	2.27997	0.0	
0	0.679127	0.613541	-0.402932	0.0	0.520713	-0.0157979	0.8535860000000001	0.0	0.5173439999999999	-0.789505	-0.330208	0.0	-2.8717099999999998	1.71216	1.7934900000000003	0.0	-0.029422000000000004	0.667488	-0.744039	0.0	0.543082	-0.614237	-0.572517	0.0	-0.8391639999999999	-0.420918	-0.344429	0.0	2.0789400000000002	1.53744	2.2473799999999997	0.0	
0	0.6701590000000001	0.624054	-0.4018	0.0	0.5160100000000001	-0.00262086	0.8565790000000001	0.0	0.5334979999999999	-0.781377	-0.323775	0.0	-2.90152	1.7317099999999999	1.8157	0.0	-0.0846431	0.722353	-0.6863239999999999	0.0	0.547346	-0.5418609999999999	-0.637809	0.0	-0.832615	-0.42964300000000005	-0.349512	0.0	2.1149400000000003	1.56267	2.18664	0.0	
0	0.667617	0.6311899999999999	-0.394826	0.0	0.513311	-0.00612005	0.858181	0.0	0.539259	-0.775604	-0.32808200000000004	0.0	-2.95016	1.75895	1.8571400000000002	0.0	-0.0742857	0.7476119999999999	-0.659968	0.0	0.587921	-0.501722	-0.6345270000000001	0.0	-0.805501	-0.435145	-0.402266	0.0	2.1590000000000003	1.60576	2.1646799999999997	0.0	
0	0.6656310000000001	0.650442	-0.36587	0.0	0.491647	-0.0133683	0.870692	0.0	0.561443	-0.7594390000000001	-0.32868600000000003	0.0	-2.96907	1.77575	1.8681900000000002	0.0	-0.05391900000000001	0.7162430000000001	-0.695765	0.0	0.644079	-0.50751	-0.5723600000000001	0.0	-0.7630560000000001	-0.47898900000000005	-0.43395200000000006	0.0	2.1646	1.59691	2.22093	0.0	
0	0.655733	0.671357	-0.34539000000000003	0.0	0.466808	-0.0009725039999999999	0.884358	0.0	0.593384	-0.741133	-0.314033	0.0	-2.98673	1.77167	1.8796599999999999	0.0	-0.0855381	0.7063010000000001	-0.702724	0.0	0.653327	-0.49274300000000004	-0.5747770000000001	0.0	-0.752228	-0.508274	-0.41929700000000003	0.0	2.16008	1.53436	2.2875799999999997	0.00647781	
0	0.655349	0.681972	-0.324702	0.0	0.450259	-0.00756891	0.8928659999999999	0.0	0.606452	-0.7313390000000001	-0.31202399999999997	0.0	-2.95608	1.77062	1.8768099999999999	0.0707186	-0.14799400000000001	0.716952	-0.681232	0.0	0.6326350000000001	-0.460825	-0.622425	0.0	-0.760178	-0.5230859999999999	-0.38537	0.0	2.15393	1.4492200000000002	2.32497	0.00186383	
0	0.656158	0.6915180000000001	-0.302091	0.0	0.42904899999999996	-0.012548100000000001	0.903194	0.0	0.620784	-0.72225	-0.304929	0.0	-2.91759	1.7628	1.87602	0.153192	-0.22416	0.729954	-0.6456930000000001	0.0	0.599997	-0.418729	-0.681667	0.0	-0.7679560000000001	-0.5402170000000001	-0.34410799999999997	0.0	2.13909	1.41391	2.37944	0.0	
0	0.665597	0.68571	-0.294589	0.0	0.414117	-0.0109556	0.910158	0.0	0.620877	-0.727792	-0.291256	0.0	-2.8776900000000003	1.7410900000000002	1.86883	0.132083	-0.24207399999999998	0.750398	-0.615064	0.0	0.531604	-0.42772299999999996	-0.731062	0.0	-0.811664	-0.503941	-0.295373	0.0	2.1181799999999997	1.44129	2.40065	0.0	
0	0.670285	0.686552	-0.281717	0.0	0.40825300000000003	-0.0241283	0.91255	0.0	0.6197159999999999	-0.72668	-0.29646	0.0	-2.86573	1.72472	1.81519	0.12180899999999999	-0.239946	0.768174	-0.5935779999999999	0.0	0.48879399999999995	-0.43268199999999996	-0.75754	0.0	-0.8387530000000001	-0.47190600000000005	-0.271658	0.0	2.09738	1.4609999999999999	2.40044	0.0	
0	0.678618	0.68435	-0.266726	0.0	0.40221599999999996	-0.0423961	0.9145629999999999	0.0	0.6145729999999999	-0.72792	-0.304027	0.0	-2.86112	1.71068	1.7759599999999998	0.11728	-0.24935100000000002	0.7776	-0.577203	0.0	0.495101	-0.40988500000000005	-0.766074	0.0	-0.8322860000000001	-0.47679499999999997	-0.282785	0.0	2.09206	1.4613	2.3828099999999997	0.0	
0	0.686191	0.677553	-0.26469499999999996	0.0	0.394011	-0.040318599999999996	0.918221	0.0	0.611472	-0.734367	-0.29463	0.0	-2.84512	1.6956200000000001	1.76026	0.0217344	-0.289189	0.762393	-0.578901	0.0	0.518597	-0.383538	-0.76417	0.0	-0.804629	-0.5212060000000001	-0.28446	0.0	2.10914	1.41834	2.38996	0.0	
0	0.564442	0.672767	-0.47831999999999997	0.0	0.582232	0.0862885	0.808431	0.0	0.585159	-0.734805	-0.343001	0.0	-2.8944400000000003	1.7305	1.78413	0.0	-0.169982	0.645325	-0.7447560000000001	0.0	0.625286	-0.513497	-0.587655	0.0	-0.761658	-0.565577	-0.316228	0.0	2.11516	1.35656	2.44489	0.0	
0	0.554552	0.6660229999999999	-0.498884	0.0	0.610561	0.0816877	0.787745	0.0	0.565409	-0.741445	-0.361347	0.0	-2.95202	1.6960099999999998	1.7612700000000001	0.0	-0.156427	0.641007	-0.751426	0.0	0.643357	-0.511128	-0.569948	0.0	-0.7494149999999999	-0.5725899999999999	-0.332442	0.0	2.12471	1.34762	2.44691	0.0	
0	0.5067010000000001	0.631217	-0.587213	0.0	0.632891	0.19016	0.750525	0.0	0.5854090000000001	-0.751934	-0.303138	0.0	-2.95392	1.57438	1.7961099999999999	0.0	-0.16203399999999998	0.61188	-0.774175	0.0	0.687543	-0.492759	-0.5333600000000001	0.0	-0.707835	-0.6187010000000001	-0.340851	0.0	2.1307	1.24756	2.40273	0.0	
0	0.431551	0.571459	-0.697996	0.0	0.687189	0.293015	0.6647649999999999	0.0	0.5844090000000001	-0.766536	-0.26624899999999996	0.0	-2.92843	1.5469899999999999	1.86322	0.0	-0.164287	0.6113729999999999	-0.774101	0.0	0.687886	-0.491447	-0.534127	0.0	-0.7069810000000001	-0.6202439999999999	-0.339817	0.0	2.14248	1.16885	2.40942	0.0	
0	0.423167	0.56106	-0.711436	0.0	0.6964130000000001	0.300885	0.651519	0.0	0.5796020000000001	-0.771155	-0.263405	0.0	-2.92957	1.4862600000000001	1.9212200000000001	0.0	-0.167214	0.614682	-0.7708470000000001	0.0	0.684776	-0.49008900000000005	-0.539346	0.0	-0.70931	-0.6180439999999999	-0.33897	0.0	2.13165	1.1432799999999999	2.3883900000000002	0.0	
0	0.426731	0.5635220000000001	-0.70735	0.0	0.693964	0.297508	0.65567	0.0	0.5799270000000001	-0.77067	-0.264108	0.0	-2.9228400000000003	1.46085	1.96105	0.0	-0.19031700000000001	0.6296970000000001	-0.7531680000000001	0.0	0.6767770000000001	-0.4716	-0.5653020000000001	0.0	-0.711163	-0.617313	-0.33641	0.0	2.13233	1.11779	2.37758	0.0	
0	0.431151	0.565103	-0.703398	0.0	0.6928880000000001	0.291981	0.659283	0.0	0.577941	-0.771626	-0.265665	0.0	-2.9133	1.44107	1.98469	0.0	-0.188149	0.6298239999999999	-0.753606	0.0	0.6789	-0.471071	-0.563193	0.0	-0.7097140000000001	-0.617588	-0.338956	0.0	2.13988	1.10381	2.35739	0.0	
0	0.449568	0.561013	-0.695092	0.0	0.6840430000000001	0.284199	0.6718	0.0	0.574433	-0.777493	-0.25599	0.0	-2.90273	1.4005299999999998	1.9481400000000002	0.0	-0.186912	0.629626	-0.7540789999999999	0.0	0.67971	-0.471317	-0.562009	0.0	-0.709266	-0.6176020000000001	-0.33986900000000003	0.0	2.15426	1.0966799999999999	2.34607	0.0	
0	0.45043999999999995	0.557829	-0.697087	0.0	0.678819	0.293173	0.673241	0.0	0.579921	-0.776451	-0.24660900000000002	0.0	-2.84429	1.36867	1.95738	0.0	-0.196581	0.620894	-0.758846	0.0	0.683771	-0.46787799999999996	-0.5599529999999999	0.0	-0.702719	-0.628953	-0.332573	0.0	2.1508700000000003	1.07708	2.37648	0.0	
0	0.43970600000000004	0.548817	-0.710956	0.0	0.6852239999999999	0.306751	0.6605850000000001	0.0	0.580626	-0.7776270000000001	-0.241182	0.0	-2.81799	1.3599	1.9624400000000002	0.0	-0.222971	0.612197	-0.758617	0.0	0.686754	-0.453658	-0.567947	0.0	-0.6918479999999999	-0.647618	-0.319276	0.0	2.1326400000000003	1.03798	2.40545	0.0	
0	0.40570500000000004	0.529365	-0.745101	0.0	0.703583	0.339475	0.624282	0.0	0.583417	-0.777515	-0.23472600000000002	0.0	-2.81278	1.3486200000000002	1.9941099999999998	0.0	-0.238031	0.607106	-0.758131	0.0	0.6906479999999999	-0.44301999999999997	-0.571611	0.0	-0.6828960000000001	-0.659663	-0.313844	0.0	2.12719	0.992661	2.4250700000000003	0.0	
0	0.405534	0.529414	-0.74516	0.0	0.703839	0.339283	0.624097	0.0	0.583226	-0.777565	-0.23503200000000002	0.0	-2.81544	1.35229	1.9877	0.0	-0.24177800000000002	0.6035010000000001	-0.759822	0.0	0.6939529999999999	-0.43977200000000005	-0.5701149999999999	0.0	-0.6782130000000001	-0.665122	-0.312474	0.0	2.127	0.9759700000000001	2.4271	0.0	
0	0.40528800000000004	0.536094	-0.740503	0.0	0.6977260000000001	0.341989	0.629462	0.0	0.590695	-0.771782	-0.235442	0.0	-2.81881	1.35827	1.9729900000000002	0.0	-0.246738	0.598892	-0.761872	0.0	0.696515	-0.437021	-0.569105	0.0	-0.673786	-0.671075	-0.30930799999999997	0.0	2.13718	0.964042	2.43039	0.0	
0	0.410943	0.544673	-0.731066	0.0	0.684231	0.345656	0.6421439999999999	0.0	0.602456	-0.764103	-0.23063699999999998	0.0	-2.80882	1.38053	1.9689900000000002	0.0	-0.254654	0.593773	-0.763273	0.0	0.698194	-0.43321800000000005	-0.569954	0.0	-0.669087	-0.678053	-0.304248	0.0	2.14272	0.953644	2.4344200000000003	0.0	
0	0.425458	0.551828	-0.717267	0.0	0.6714720000000001	0.33887399999999995	0.6590060000000001	0.0	0.606721	-0.762004	-0.22635999999999998	0.0	-2.79921	1.4025100000000001	1.9764	0.0	-0.261015	0.591934	-0.762552	0.0	0.6964	-0.431576	-0.573384	0.0	-0.668505	-0.680703	-0.299576	0.0	2.14603	0.9450459999999999	2.43777	0.0	
0	0.451474	0.562654	-0.692526	0.0	0.651353	0.322637	0.686764	0.0	0.609845	-0.761135	-0.22082399999999996	0.0	-2.78315	1.4081299999999999	1.99315	0.0	-0.27676	0.5880479999999999	-0.7600020000000001	0.0	0.69162	-0.42718199999999995	-0.582389	0.0	-0.667132	-0.686814	-0.288479	0.0	2.14575	0.925817	2.44868	0.00034523	
0	0.466664	0.5702149999999999	-0.676077	0.0	0.640373	0.309413	0.702984	0.0	0.610039	-0.760998	-0.22075799999999998	0.0	-2.77133	1.40998	1.98985	0.0	-0.28120300000000004	0.586802	-0.7593340000000001	0.0	0.690875	-0.425387	-0.584583	0.0	-0.666046	-0.688992	-0.28578600000000004	0.0	2.14069	0.922191	2.46236	0.0	
0	0.500484	0.58912	-0.634392	0.0	0.620471	0.266946	0.737398	0.0	0.6037640000000001	-0.762678	-0.23193000000000003	0.0	-2.7360900000000004	1.4399600000000001	2.00241	0.0	-0.285003	0.5857640000000001	-0.7587189999999999	0.0	0.6901609999999999	-0.423889	-0.586511	0.0	-0.6651699999999999	-0.690796	-0.283462	0.0	2.1297	0.920683	2.47003	0.0	
0	0.63967	0.6296470000000001	-0.44087	0.0	0.531933	0.05141319999999999	0.845224	0.0	0.554859	-0.7751779999999999	-0.302043	0.0	-2.6604200000000002	1.58427	1.9525700000000001	0.0	-0.293912	0.585914	-0.755196	0.0	0.688525	-0.41824399999999995	-0.592457	0.0	-0.662985	-0.694102	-0.280489	0.0	2.12431	0.913749	2.48867	0.0	
0	0.683122	0.6361720000000001	-0.358651	0.0	0.488591	-0.0331121	0.871885	0.0	0.5427930000000001	-0.770837	-0.333447	0.0	-2.64715	1.63612	1.92356	0.0	-0.295704	0.5860029999999999	-0.7544270000000001	0.0	0.6883729999999999	-0.41685900000000004	-0.593609	0.0	-0.662346	-0.69486	-0.280122	0.0	2.12492	0.9108959999999999	2.49237	0.0	
0	0.8230629999999999	0.49718	0.274552	0.0	0.0867059	-0.587739	0.804391	0.0	0.561292	-0.63826	-0.5268550000000001	0.0	-2.4992	2.2654900000000002	1.7728700000000002	0.0	-0.304709	0.585383	-0.751319	0.0	0.686958	-0.41132299999999994	-0.5990850000000001	0.0	-0.659729	-0.698671	-0.2768	0.0	2.12641	0.894133	2.51134	0.0	
0	0.826525	0.442248	0.34824299999999997	0.0	0.016628599999999997	-0.637572	0.770212	0.0	0.562655	-0.630808	-0.534323	0.0	-2.36763	2.57133	1.85007	0.0	-0.312952	0.585329	-0.747965	0.0	0.686884	-0.404401	-0.603863	0.0	-0.655936	-0.702745	-0.275495	0.0	2.12594	0.875084	2.5434200000000002	0.0	
0	0.831782	0.350982	0.430058	0.0	-0.152113	-0.600965	0.784667	0.0	0.533854	-0.71809	-0.446483	0.0	-2.2057700000000002	2.5325	2.03393	0.0	-0.321552	0.58591	-0.743851	0.0	0.685254	-0.398154	-0.6098359999999999	0.0	-0.6534760000000001	-0.705821	-0.27347	0.0	2.1278799999999998	0.8535360000000001	2.53672	0.0	
0	0.817771	0.247669	0.51953	0.0	-0.34035	-0.51983	0.783542	0.0	0.46412600000000004	-0.81758	-0.340808	0.0	-2.0539	2.22912	2.2197299999999998	0.0	-0.331658	0.584396	-0.7405970000000001	0.0	0.684467	-0.391189	-0.615204	0.0	-0.6492359999999999	-0.710952	-0.270259	0.0	2.12759	0.8212309999999999	2.53326	0.0	
0	0.785254	0.190133	0.589259	0.0	-0.47301099999999996	-0.42990100000000003	0.769055	0.0	0.399546	-0.8826290000000001	-0.247646	0.0	-1.9539799999999998	1.85055	2.45032	0.000143051	-0.344612	0.581619	-0.7368600000000001	0.0	0.684615	-0.381352	-0.6211869999999999	0.0	-0.642297	-0.718534	-0.26676700000000003	0.0	2.1288	0.781688	2.51865	0.0	
0	0.7713	0.152035	0.618047	0.0	-0.5357029999999999	-0.36928099999999997	0.759378	0.0	0.343684	-0.916797	-0.203381	0.0	-1.89943	1.6509200000000002	2.6381799999999997	0.0	-0.35141300000000003	0.578711	-0.7359359999999999	0.0	0.684659	-0.37729	-0.623614	0.0	-0.6385529999999999	-0.723012	-0.26363600000000004	0.0	2.12663	0.766442	2.51994	0.0	
0	0.765251	0.131661	0.630123	0.0	-0.565555	-0.330032	0.755795	0.0	0.30746999999999997	-0.934743	-0.178096	0.0	-1.88894	1.54188	2.73454	0.0	-0.35391999999999996	0.578902	-0.734584	0.0	0.68445	-0.37495100000000003	-0.625252	0.0	-0.637392	-0.724075	-0.263527	0.0	2.1272599999999997	0.763948	2.52248	0.0	
0	0.769583	0.12278199999999999	0.626631	0.0	-0.565685	-0.32413600000000004	0.758245	0.0	0.296213	-0.938009	-0.17999400000000002	0.0	-1.89789	1.5172700000000001	2.75239	-0.00034526699999999996	-0.355623	0.579001	-0.733683	0.0	0.683819	-0.373933	-0.626551	0.0	-0.6371220000000001	-0.724521	-0.262953	0.0	2.12704	0.760738	2.52405	0.0	
0	0.771532	0.117112	0.625318	0.0	-0.562574	-0.333374	0.7565529999999999	0.0	0.297067	-0.935493	-0.191324	0.0	-1.91555	1.5249	2.74336	0.0	-0.3588	0.578609	-0.732444	0.0	0.683484	-0.371552	-0.62833	0.0	-0.635698	-0.726059	-0.26215700000000003	0.0	2.12463	0.761149	2.5276	0.0	
0	0.771836	0.116032	0.625145	0.0	-0.561567	-0.33669099999999996	0.755832	0.0	0.298181	-0.9344389999999999	-0.194711	0.0	-1.9222099999999998	1.53149	2.73779	0.0	-0.359647	0.5780810000000001	-0.732445	0.0	0.683372	-0.371302	-0.6286	0.0	-0.63534	-0.726607	-0.261507	0.0	2.1231299999999997	0.7624529999999999	2.52375	0.0	
0	0.812624	0.174307	0.5561119999999999	0.0	-0.468538	-0.37206300000000003	0.801275	0.0	0.346577	-0.911694	-0.220677	0.0	-1.94462	1.6262299999999998	2.66471	0.0	-0.363664	0.577926	-0.730582	0.0	0.6822819999999999	-0.36872	-0.631297	0.0	-0.634224	-0.728043	-0.260219	0.0	2.1168400000000003	0.762092	2.52909	0.0	
0	0.864149	0.255228	0.43371000000000004	0.0	-0.31759899999999996	-0.391922	0.863439	0.0	0.390354	-0.8838870000000001	-0.257619	0.0	-1.96452	1.7700799999999999	2.54375	0.0	-0.366788	0.577709	-0.729191	0.0	0.682571	-0.36546100000000004	-0.6328779999999999	0.0	-0.6321100000000001	-0.729857	-0.260281	0.0	2.11492	0.760893	2.5299400000000003	0.0	
0	0.8697739999999999	0.29784099999999997	0.39342699999999997	0.0	-0.25593699999999997	-0.409378	0.875732	0.0	0.421889	-0.862381	-0.27983800000000003	0.0	-1.9975599999999998	1.8813099999999998	2.44013	0.0	-0.369262	0.57777	-0.727892	0.0	0.681412	-0.36426	-0.634817	0.0	-0.63192	-0.730408	-0.259193	0.0	2.1150599999999997	0.761487	2.53008	0.0	
0	0.8676299999999999	0.34424299999999997	0.358768	0.0	-0.20755700000000002	-0.404926	0.8904799999999999	0.0	0.451816	-0.847073	-0.279876	0.0	-2.04851	1.91726	2.3922	0.0	-0.37214	0.57798	-0.726258	0.0	0.680599	-0.362104	-0.636919	0.0	-0.631108	-0.731314	-0.258619	0.0	2.11355	0.76032	2.52806	0.0	
0	0.798974	0.590482	0.113896	0.0	0.044238599999999996	-0.246594	0.968109	0.0	0.599737	-0.768455	-0.223144	0.0	-2.17367	1.96348	2.2076	0.0	-0.404018	0.586322	-0.702136	0.0	0.658934	-0.345862	-0.667972	0.0	-0.6344890000000001	-0.732534	-0.246614	0.0	2.11167	0.7478130000000001	2.54661	0.0	
0	0.8235620000000001	0.567068	0.013402	0.0	0.09495160000000001	-0.161117	0.9823569999999999	0.0	0.5592229999999999	-0.807759	-0.186534	0.0	-2.24277	1.9500099999999998	2.09885	0.0	-0.45308100000000007	0.655937	-0.603709	0.0	0.563649	-0.313882	-0.764053	0.0	-0.6906640000000001	-0.686458	-0.22750399999999998	0.0	2.06601	0.841792	2.54053	0.0	
0	0.849983	0.5231210000000001	-0.062229099999999996	0.0	0.116275	-0.0710798	0.9906709999999999	0.0	0.513818	-0.849289	-0.121243	0.0	-2.31182	1.9595599999999997	1.9019400000000002	0.0	-0.47203199999999995	0.775262	-0.419707	0.0	0.448853	-0.198409	-0.871301	0.0	-0.75876	-0.599669	-0.254324	0.0	1.96642	1.3134700000000001	2.4492	0.0	
0	0.840623	0.536259	-0.0760243	0.0	0.120084	-0.0476611	0.991619	0.0	0.528141	-0.842707	-0.10446099999999998	0.0	-2.27933	2.1059799999999997	1.72127	0.0	-0.495071	0.819416	-0.28889899999999996	0.0	0.405393	-0.07624550000000001	-0.910957	0.0	-0.76848	-0.568106	-0.294439	0.0	1.8520900000000002	1.9646099999999997	2.40332	0.0	
0	0.818945	0.569479	-0.0708735	0.0	0.0924673	-0.00905849	0.995674	0.0	0.5663739999999999	-0.8219559999999999	-0.060076599999999994	0.0	-1.9817900000000002	2.30571	1.6505599999999998	0.0	-0.609064	0.7833640000000001	-0.124025	0.0	0.289528	0.0740187	-0.954303	0.0	-0.738387	-0.6171399999999999	-0.271888	0.0	1.54712	2.66575	2.37823	0.00034526699999999996	
0	0.845513	0.53013	-0.0638045	0.0	0.0633996	0.018975400000000003	0.997808	0.0	0.5301779999999999	-0.8477040000000001	-0.017566099999999998	0.0	-1.74977	2.30818	1.7106700000000001	0.0	-0.630572	0.773403	-0.06501269999999999	0.0	0.25138299999999997	0.12427	-0.9598770000000001	0.0	-0.7342920000000001	-0.6216149999999999	-0.272782	0.0	1.3784299999999998	2.93935	2.30501	0.0	
0	0.90955	0.415421	-0.0120085	0.0	0.00983995	0.00736023	0.999925	0.0	0.41547799999999996	-0.9096	0.00260678	0.0	-1.515	2.37774	1.7945200000000001	0.0	-0.70909	0.7051	0.00511542	0.0	0.190289	0.19834100000000002	-0.961484	0.0	-0.6789569999999999	-0.680805	-0.274814	0.0	1.09447	3.1522	2.2359999999999998	0.0	
0	0.938527	0.34392399999999995	0.029725799999999997	0.0	-0.0180987	-0.03696869999999999	0.999152	0.0	0.34473200000000004	-0.938269	-0.028471499999999997	0.0	-1.36814	2.77231	1.82982	0.0	-0.799921	0.599694	0.0222085	0.0	0.15978399999999998	0.24851199999999998	-0.9553590000000001	0.0	-0.578443	-0.760663	-0.294612	0.0	0.84247	3.3667	2.14054	0.0	
0	0.951808	0.30334099999999997	0.0452229	0.0	-0.026547	-0.06541280000000001	0.997505	0.0	0.305542	-0.950634	-0.0542076	0.0	-1.2845	3.12604	1.91297	0.0	-0.816447	0.576587	-0.0310197	0.0	0.204709	0.2388	-0.9492459999999999	0.0	-0.539916	-0.781359	-0.313	0.0	0.741384	3.54635	2.09557	0.0	
0	0.9642639999999999	0.255474	0.07019489999999999	0.0	-0.055970400000000003	-0.0625386	0.9964719999999999	0.0	0.258963	-0.964791	-0.046004699999999996	0.0	-1.24997	3.24368	1.9736799999999999	-0.00034523	-0.836419	0.5469310000000001	-0.035642099999999996	0.0	0.183671	0.21843	-0.958412	0.0	-0.5164	-0.80818	-0.283154	0.0	0.72168	3.5849800000000003	2.12711	0.0	
0	0.9748879999999999	0.20898699999999998	0.0769344	0.0	-0.0724206	-0.0291772	0.9969469999999999	0.0	0.21059299999999997	-0.977483	-0.0133095	0.0	-1.3017	3.3637900000000003	2.15178	0.0	-0.8955799999999999	0.441515	-0.0547914	0.0	0.117797	0.11656	-0.986173	0.0	-0.42902399999999996	-0.889651	-0.156398	0.0	0.788126	3.4673300000000005	2.44065	0.0	
0	0.9803870000000001	0.18287899999999999	0.0734661	0.0	-0.0748534	0.000684716	0.997194	0.0	0.182316	-0.983135	0.014360399999999999	0.0	-1.37131	3.38076	2.22696	0.0	-0.9162399999999999	0.39360300000000004	-0.0747011	0.0	0.10782	0.0626815	-0.992192	0.0	-0.385847	-0.917141	-0.0998697	0.0	0.874215	3.38115	2.58778	0.0	
0	0.982085	0.17148	0.07812689999999999	0.0	-0.0928593	0.07963350000000001	0.99249	0.0	0.163971	-0.981964	0.0941304	0.0	-1.62448	3.48025	2.5540700000000003	0.0	-0.958508	0.260414	-0.115961	0.0	0.08922630000000001	-0.112276	-0.989663	0.0	-0.270742	-0.9589469999999999	0.08438150000000001	0.0	1.2389700000000001	3.1959299999999997	3.06542	0.0	
0	0.97521	0.199104	0.09656089999999999	0.0	-0.118567	0.101717	0.9877229999999999	0.0	0.18683699999999998	-0.974685	0.122802	0.0	-1.69555	3.56104	2.71219	0.0	-0.9659120000000001	0.22399699999999997	-0.12976400000000002	0.0	0.0974748	-0.14967	-0.9839200000000001	0.0	-0.239817	-0.9630290000000001	0.122734	0.0	1.40349	3.15266	3.20452	0.0	
0	0.939567	0.309402	0.146576	0.0	-0.193925	0.128129	0.972613	0.0	0.282148	-0.94226	0.180386	0.0	-1.7762	3.7553699999999997	3.00584	0.000111762	-0.9591049999999999	0.273099	-0.0744036	0.0	0.041419599999999994	-0.12462000000000001	-0.99134	0.0	-0.280006	-0.95388	0.10821199999999999	0.0	1.69724	3.27316	3.41652	0.000202179	
0	0.781097	0.571966	0.25048400000000004	0.0	-0.326831	0.0326935	0.944517	0.0	0.532043	-0.8196260000000001	0.212473	0.0	-1.8065200000000001	4.051019999999999	3.10595	0.0	-0.8339120000000001	0.551163	0.0284509	0.0	-0.0810986	-0.07138489999999999	-0.9941459999999999	0.0	-0.545906	-0.8313379999999999	0.104227	0.0	1.90261	3.70376	3.46481	0.0	
0	0.6666340000000001	0.69908	0.258626	0.0	-0.359467	-0.00243959	0.933155	0.0	0.65298	-0.71504	0.249669	0.0	-1.7578	4.1925	3.0768	0.0	-0.73101	0.680685	0.047876499999999995	0.0	-0.121296	-0.060577599999999995	-0.990766	0.0	-0.671499	-0.730068	0.12684700000000002	0.0	1.88153	3.94709	3.46959	0.0	
0	0.41013900000000003	0.8869610000000001	0.21233400000000002	0.0	-0.326896	-0.0743815	0.9421290000000001	0.0	0.851426	-0.45581400000000005	0.259437	0.0	-1.6559700000000002	4.56479	2.84576	0.0	-0.438497	0.898653	0.0119715	0.0	-0.193445	-0.0813664	-0.9777309999999999	0.0	-0.877668	-0.431047	0.209519	0.0	1.84139	4.499219999999999	3.41309	0.00010967299999999999	
0	0.30567	0.9411700000000001	0.144103	0.0	-0.260434	-0.06293	0.9634389999999999	0.0	0.9158280000000001	-0.332024	0.225877	0.0	-1.6396099999999998	4.73021	2.58173	0.0	-0.29635900000000004	0.953673	-0.05175509999999999	0.0	-0.187826	-0.111328	-0.975873	0.0	-0.936425	-0.279488	0.21211799999999997	0.0	1.84522	4.75481	3.27097	0.0	
0	0.266426	0.960931	0.0750191	0.0	-0.211635	-0.0176108	0.97719	0.0	0.940334	-0.276226	0.198675	0.0	-1.62707	4.785159999999999	2.4306400000000004	0.0	-0.239312	0.9689129999999999	-0.0627533	0.0	-0.156502	-0.102279	-0.982368	0.0	-0.958247	-0.22527199999999997	0.17611300000000002	0.0	1.82592	4.842890000000001	3.13671	0.0	
0	0.197535	0.9727319999999999	-0.121544	0.0	-0.134194	0.149652	0.97959	0.0	0.971067	-0.17719300000000002	0.16009600000000002	0.0	-1.57785	4.70515	2.16946	0.0	-0.212087	0.9673209999999999	-0.13896	0.0	-0.0593269	-0.154677	-0.986182	0.0	-0.975449	-0.20091199999999998	0.090193	0.0	1.62185	4.8309	2.77814	0.00048828099999999997	
0	0.207091	0.9625670000000001	-0.17486400000000002	0.0	-0.13153	0.20451	0.969988	0.0	0.96944	-0.177876	0.168958	0.0	-1.55749	4.430540000000001	2.14158	0.0	-0.188156	0.9559610000000001	-0.225248	0.0	-0.00473225	-0.23022399999999998	-0.973126	0.0	-0.9821280000000001	-0.182033	0.047841699999999994	0.0	1.4739200000000001	4.73787	2.56427	0.0	
0	0.19083699999999998	0.955793	-0.223698	0.0	-0.124627	0.249633	0.9602870000000001	0.0	0.973678	-0.15538	0.166757	0.0	-1.48842	4.15886	2.05488	0.0	-0.19233599999999998	0.9053610000000001	-0.378587	0.0	0.0668387	-0.372808	-0.9254979999999999	0.0	-0.97905	-0.203311	0.0111914	0.0	1.37061	4.5804	2.36017	0.0	
0	0.193327	0.9550559999999999	-0.22470700000000002	0.0	-0.124205	0.25100900000000004	0.959983	0.0	0.973241	-0.157681	0.16715	0.0	-1.48747	4.1264	2.03872	0.0	-0.196732	0.8957719999999999	-0.398609	0.0	0.0793179	-0.390681	-0.9171030000000001	0.0	-0.977244	-0.21204	0.00580853	0.0	1.35681	4.55354	2.3284599999999998	0.0	
0	0.309322	0.857452	-0.411213	0.0	-0.091413	0.45722799999999997	0.884639	0.0	0.9465540000000001	-0.236048	0.219813	0.0	-1.52659	3.7576699999999996	1.979	0.0	-0.22544299999999998	0.666284	-0.710803	0.0	0.301265	-0.6461520000000001	-0.701233	0.0	-0.926507	-0.372228	-0.0550575	0.0	1.36915	4.158980000000001	2.12926	0.0	
0	0.515089	0.758972	-0.398302	0.0	-0.00190467	0.46570100000000003	0.88494	0.0	0.8571350000000001	-0.455064	0.241323	0.0	-1.56077	3.4750900000000002	2.0597	0.0	-0.21138099999999999	0.627045	-0.7497550000000001	0.0	0.34883800000000004	-0.6681699999999999	-0.657162	0.0	-0.913033	-0.400455	-0.0774989	0.0	1.4171200000000002	4.080019999999999	2.0828	0.0	
0	0.607703	0.688945	-0.39503499999999997	0.0	0.055278999999999995	0.45952	0.886446	0.0	0.792238	-0.560533	0.24116700000000002	0.0	-1.59695	3.33355	2.04933	0.0	-0.215206	0.6170329999999999	-0.756939	0.0	0.365433	-0.667905	-0.648353	0.0	-0.9056190000000001	-0.41613999999999995	-0.0817475	0.0	1.43369	4.0609	2.07356	0.0	
0	0.659305	0.645044	-0.38631	0.0	0.0762924	0.45375	0.887857	0.0	0.747995	-0.614841	0.249948	0.0	-1.63586	3.35431	1.96915	0.0	-0.252853	0.619091	-0.7435	0.0	0.41322600000000004	-0.62575	-0.661575	0.0	-0.87482	-0.47451400000000005	-0.0976022	0.0	1.43925	4.07388	2.10015	0.0	
0	0.67409	0.635875	-0.375854	0.0	0.0648048	0.455966	0.8876350000000001	0.0	0.735801	-0.622703	0.266154	0.0	-1.53031	3.54558	1.97032	0.0	-0.281541	0.62168	-0.730923	0.0	0.42711899999999997	-0.6009180000000001	-0.675624	0.0	-0.859247	-0.502406	-0.096349	0.0	1.43935	4.07201	2.13706	0.0	
0	0.703125	0.615748	-0.355625	0.0	0.060569200000000004	0.44644700000000004	0.8927579999999999	0.0	0.708482	-0.649261	0.276613	0.0	-1.46417	3.59637	2.0101400000000003	0.0	-0.313772	0.620394	-0.7187899999999999	0.0	0.42731800000000003	-0.583757	-0.6903819999999999	0.0	-0.847907	-0.523774	-0.0819396	0.0	1.42749	4.01609	2.17619	0.0	
0	0.723734	0.595474	-0.34874099999999997	0.0	0.0652016	0.44409499999999996	0.8936040000000001	0.0	0.686992	-0.66947	0.28258099999999997	0.0	-1.45544	3.5635800000000004	2.05632	0.0	-0.34443	0.61555	-0.708849	0.0	0.430019	-0.567743	-0.701963	0.0	-0.8345370000000001	-0.5465949999999999	-0.0691505	0.0	1.4191200000000002	3.94234	2.19678	0.0	
0	0.770476	0.542376	-0.334956	0.0	0.111819	0.40231100000000003	0.9086489999999999	0.0	0.6275850000000001	-0.737546	0.249323	0.0	-1.59074	3.41917	2.05625	0.0	-0.37391399999999997	0.612678	-0.696286	0.0	0.45534399999999997	-0.532766	-0.713318	0.0	-0.807992	-0.583769	-0.07977050000000001	0.0	1.46201	3.7682	2.16764	0.0	
0	0.794441	0.511927	-0.326793	0.0	0.137265	0.372805	0.917701	0.0	0.591626	-0.7739159999999999	0.225902	0.0	-1.66134	3.3719099999999997	2.0582599999999998	0.0	-0.379546	0.616775	-0.6895899999999999	0.0	0.459628	-0.521169	-0.719114	0.0	-0.802924	-0.5898909999999999	-0.0856794	0.0	1.4834	3.71826	2.13531	0.0	
0	0.940224	0.294269	-0.17142000000000002	0.0	0.107793	0.22032399999999996	0.9694530000000001	0.0	0.323048	-0.9299799999999999	0.175433	0.0	-1.8907200000000002	3.06208	2.02862	0.0	-0.416278	0.61157	-0.672826	0.0	0.474433	-0.48516499999999996	-0.734526	0.0	-0.7756460000000001	-0.6249779999999999	-0.08818530000000001	0.0	1.48583	3.5813800000000002	2.09163	0.0	
0	0.9930209999999999	0.11792799999999999	0.00175434	0.0	-0.023249799999999998	0.18115	0.983181	0.0	0.115627	-0.976359	0.18262799999999998	0.0	-2.0837	2.62486	1.99089	0.0	-0.43839300000000003	0.6049260000000001	-0.664738	0.0	0.48619399999999996	-0.46243100000000004	-0.741467	0.0	-0.7559279999999999	-0.648246	-0.09138510000000001	0.0	1.48215	3.4972199999999996	2.0941799999999997	0.0	
0	0.994901	0.08783239999999999	0.0495755	0.0	-0.0622957	0.148579	0.9869370000000001	0.0	0.0793191	-0.984992	0.153293	0.0	-2.14915	2.43356	1.92592	0.0	-0.44303400000000004	0.602645	-0.663732	0.0	0.487363	-0.45950100000000005	-0.74252	0.0	-0.7524609999999999	-0.6524399999999999	-0.0901327	0.0	1.47597	3.4683	2.08038	0.0	
0	0.970893	0.103593	0.21595	0.0	-0.219834	0.0275315	0.9751489999999999	0.0	0.09507360000000001	-0.994239	0.049503500000000006	0.0	-2.23522	2.17237	1.6156	0.0	-0.44754700000000003	0.6007140000000001	-0.662453	0.0	0.487568	-0.45708000000000004	-0.743879	0.0	-0.749653	-0.6559119999999999	-0.08832410000000002	0.0	1.47185	3.44237	2.0814	0.0	
0	0.9539709999999999	0.111346	0.278463	0.0	-0.276482	-0.0331741	0.9604459999999999	0.0	0.11617899999999999	-0.9932280000000001	-0.0008621319999999999	0.0	-2.21306	2.1461099999999997	1.4879	0.00034526699999999996	-0.449456	0.59924	-0.662495	0.0	0.48807399999999995	-0.456412	-0.743957	0.0	-0.7481800000000001	-0.657723	-0.08733710000000001	0.0	1.47193	3.44429	2.08067	0.0	
0	0.905699	0.160634	0.392309	0.0	-0.366165	-0.169902	0.9149079999999999	0.0	0.21361999999999998	-0.972281	-0.095062	0.0	-2.11313	2.17449	1.22041	0.0	-0.448704	0.600558	-0.6618109999999999	0.0	0.48975799999999997	-0.454193	-0.744208	0.0	-0.7475310000000001	-0.658057	-0.09032960000000001	0.0	1.4922799999999998	3.4569400000000003	2.07945	0.0	
0	0.9022379999999999	0.16965	0.396466	0.0	-0.367629	-0.17799500000000001	0.9127799999999999	0.0	0.22542199999999998	-0.969297	-0.0982252	0.0	-2.1034	2.17219	1.20005	0.0	-0.448452	0.6006739999999999	-0.661878	0.0	0.489942	-0.454151	-0.744113	0.0	-0.747562	-0.65798	-0.0906311	0.0	1.49463	3.4571099999999997	2.07723	0.0	
0	0.751224	0.621186	0.22314	0.0	-0.12380899999999999	-0.19945	0.9720549999999999	0.0	0.648332	-0.757858	-0.0729232	0.0	-1.9896200000000002	2.28357	0.9146479999999999	0.0	-0.445904	0.602891	-0.661583	0.0	0.48578699999999997	-0.457797	-0.7446020000000001	0.0	-0.751785	-0.65341	-0.0887429	0.0	1.49516	3.4519800000000003	2.07012	0.0	
0	0.6608510000000001	0.742913	0.10656199999999999	0.0	-0.0378353	-0.108827	0.99334	0.0	0.749563	-0.660482	-0.0438101	0.0	-1.9719900000000001	2.34449	0.827254	0.0	-0.44634399999999996	0.6041449999999999	-0.660141	0.0	0.483968	-0.457532	-0.745949	0.0	-0.7526970000000001	-0.6524369999999999	-0.0881701	0.0	1.4849700000000001	3.44676	2.06719	0.0	
0	0.42855299999999996	0.8846299999999999	-0.183773	0.0	0.08332010000000001	0.16383699999999998	0.9829620000000001	0.0	0.899667	-0.43656300000000003	-0.00349465	0.0	-2.00502	2.34133	0.695008	0.0	-0.447466	0.607378	-0.656404	0.0	0.484653	-0.452161	-0.7487739999999999	0.0	-0.7515890000000001	-0.653179	-0.0920414	0.0	1.46659	3.42708	2.0707	0.0	
0	0.392836	0.8728530000000001	-0.28949600000000003	0.0	0.11955299999999999	0.263658	0.9571790000000001	0.0	0.9118040000000001	-0.410625	-0.0007778110000000001	0.0	-2.03194	2.26969	0.670221	0.0	-0.448118	0.6073770000000001	-0.65596	0.0	0.48517899999999997	-0.451058	-0.749099	0.0	-0.750861	-0.653942	-0.0925595	0.0	1.4610100000000001	3.41819	2.0617799999999997	0.0	
0	0.261443	0.7564649999999999	-0.599507	0.0	0.220373	0.557924	0.800098	0.0	0.939725	-0.34129499999999996	-0.020839	0.0	-2.25616	1.99804	0.571449	0.0	-0.448481	0.604956	-0.6579470000000001	0.0	0.486756	-0.452078	-0.747458	0.0	-0.749622	-0.6554800000000001	-0.0917178	0.0	1.46279	3.41477	2.06071	0.0	
0	0.213504	0.6963189999999999	-0.685241	0.0	0.25351999999999997	0.637895	0.727198	0.0	0.9434739999999999	-0.328982	-0.0403379	0.0	-2.31712	1.90962	0.549719	0.0	-0.44832799999999995	0.603448	-0.659433	0.0	0.48713500000000004	-0.453607	-0.7462840000000001	0.0	-0.749468	-0.655813	-0.0905958	0.0	1.4686299999999999	3.4227800000000004	2.0710900000000003	0.0	
0	0.25544	0.574299	-0.777774	0.0	0.358271	0.690963	0.627864	0.0	0.8979940000000001	-0.43903500000000006	-0.029255	0.0	-2.45555	1.6533400000000003	0.511572	0.0	-0.44841499999999995	0.602108	-0.6605979999999999	0.0	0.48667299999999997	-0.45543999999999996	-0.7454689999999999	0.0	-0.7497159999999999	-0.655774	-0.08880369999999999	0.0	1.4768299999999999	3.43505	2.07979	0.0	
0	0.3154	0.506926	-0.802215	0.0	0.463433	0.655419	0.596368	0.0	0.828102	-0.559868	-0.028207099999999995	0.0	-2.59515	1.3892	0.47188900000000006	0.0	-0.448457	0.6020770000000001	-0.6605979999999999	0.0	0.486497	-0.45558699999999996	-0.745494	0.0	-0.749805	-0.655701	-0.0885978	0.0	1.47427	3.43289	2.08073	0.0	
0	0.344677	0.467188	-0.814207	0.0	0.516699	0.629721	0.580063	0.0	0.783722	-0.620634	-0.024345	0.0	-2.66188	1.26956	0.47766499999999995	0.0	-0.448863	0.602069	-0.66033	0.0	0.486548	-0.45515100000000003	-0.745727	0.0	-0.749529	-0.656011	-0.0886352	0.0	1.47097	3.4264699999999997	2.07698	0.0	
0	0.40617800000000004	0.41540200000000005	-0.813917	0.0	0.597858	0.552805	0.580493	0.0	0.691075	-0.722391	-0.0238142	0.0	-2.7476599999999998	1.11958	0.49903100000000006	0.0	-0.449	0.602416	-0.65992	0.0	0.486951	-0.45427	-0.746001	0.0	-0.749185	-0.656303	-0.0893797	0.0	1.4692399999999999	3.42125	2.07215	0.0	
0	0.44074399999999997	0.352723	-0.825428	0.0	0.673791	0.47757299999999997	0.563854	0.0	0.593086	-0.8046810000000001	-0.027174	0.0	-2.78261	1.02236	0.593788	0.0	-0.449783	0.6022569999999999	-0.6595310000000001	0.0	0.48843400000000003	-0.452371	-0.746186	0.0	-0.747748	-0.657759	-0.0906944	0.0	1.46644	3.4163900000000003	2.0655099999999997	0.0	
0	0.487642	0.309289	-0.816422	0.0	0.72129	0.384141	0.576347	0.0	0.491879	-0.8699290000000001	-0.035764300000000006	0.0	-2.7688	0.959866	0.6221800000000001	0.0	-0.45059399999999994	0.601594	-0.6595840000000001	0.0	0.488913	-0.451892	-0.746162	0.0	-0.746947	-0.658695	-0.09050710000000001	0.0	1.46256	3.41241	2.05492	0.0	
0	0.527928	0.282034	-0.801092	0.0	0.739575	0.311041	0.5968939999999999	0.0	0.417517	-0.9075850000000001	-0.0443778	0.0	-2.79188	0.8520549999999999	0.610166	0.0	-0.451107	0.600162	-0.660536	0.0	0.48900600000000005	-0.452916	-0.74548	0.0	-0.746576	-0.6592979999999999	-0.0891698	0.0	1.4608	3.40581	2.06003	0.0	
0	0.550538	0.278488	-0.78699	0.0	0.740438	0.272507	0.614404	0.0	0.38556399999999996	-0.920969	-0.056177599999999994	0.0	-2.78924	0.762003	0.568847	0.0	-0.45170699999999997	0.599489	-0.660737	0.0	0.48891999999999997	-0.453153	-0.745392	0.0	-0.74627	-0.659746	-0.0884099	0.0	1.46055	3.40087	2.07193	0.0	
0	0.5549270000000001	0.28345	-0.7821199999999999	0.0	0.73933	0.262969	0.61987	0.0	0.38137600000000005	-0.922227	-0.0636347	0.0	-2.79898	0.7258319999999999	0.559575	0.0	-0.45185600000000004	0.599262	-0.660841	0.0	0.48864300000000005	-0.453505	-0.74536	0.0	-0.7463609999999999	-0.6597109999999999	-0.0879058	0.0	1.46122	3.3995300000000004	2.0855099999999998	0.0	
0	0.581885	0.307232	-0.7530060000000001	0.0	0.729338	0.212525	0.650307	0.0	0.35982800000000004	-0.9276	-0.100411	0.0	-2.75808	0.7223609999999999	0.500247	0.0	-0.451888	0.598746	-0.661287	0.0	0.488861	-0.453863	-0.744999	0.0	-0.746199	-0.659933	-0.08760830000000001	0.0	1.4567700000000001	3.3964199999999996	2.0925599999999998	0.0	
0	0.590354	0.31399299999999997	-0.743566	0.0	0.723655	0.202128	0.6599	0.0	0.3575	-0.92766	-0.107896	0.0	-2.7541	0.726921	0.48886899999999994	0.0	-0.451908	0.598691	-0.661323	0.0	0.489304	-0.453513	-0.744922	0.0	-0.745896	-0.660224	-0.08799560000000001	0.0	1.4570100000000001	3.3958699999999995	2.09101	0.0	
0	0.8583799999999999	0.417613	-0.29796500000000004	0.0	0.331391	-0.00800332	0.943459	0.0	0.39161599999999996	-0.90859	-0.145263	0.0	-2.6096	0.73311	0.34298	0.0	-0.45551899999999995	0.594576	-0.662557	0.0	0.49055200000000004	-0.45341800000000004	-0.744158	0.0	-0.7428739999999999	-0.6639970000000001	-0.08513	0.0	1.4510100000000001	3.37875	2.08757	0.0	
0	0.9116879999999999	0.409261	-0.0364695	0.0	0.09266260000000001	-0.11832100000000001	0.988642	0.0	0.400298	-0.9047129999999999	-0.145795	0.0	-2.52305	0.7146979999999999	0.367161	0.0	-0.45614899999999997	0.5941890000000001	-0.662471	0.0	0.490382	-0.45337200000000005	-0.7442979999999999	0.0	-0.7426	-0.664374	-0.08457460000000001	0.0	1.44861	3.37669	2.08954	0.0	
0	0.8369780000000001	0.282236	0.46884	0.0	-0.4057	-0.254941	0.877732	0.0	0.36725399999999997	-0.92485	-0.09887649999999999	0.0	-2.34404	0.663338	0.43945100000000004	0.0	-0.45690299999999995	0.593449	-0.662615	0.0	0.491188	-0.452722	-0.744162	0.0	-0.7416020000000001	-0.665479	-0.084645	0.0	1.44746	3.37574	2.09084	0.0	
