3	-0.153098	0.64793	-0.746155	0.0	0.23509899999999997	0.757259	0.609334	0.0	0.959838	-0.08213279999999999	-0.268262	0.0	-3.05134	2.10281	1.23512	0.0	-0.031609500000000006	0.5555939999999999	-0.8308530000000001	0.0	0.129556	-0.8219780000000001	-0.554588	0.0	-0.9910680000000001	-0.125173	-0.0459986	0.0	2.69512	2.1438900000000003	1.43798	5.3922600000000004e-05	
3	-0.17010699999999998	0.672554	-0.720232	0.0	0.269086	0.7348100000000001	0.622613	0.0	0.947975	-0.0878941	-0.305971	0.0	-3.11373	2.20635	1.12095	0.0	0.027236200000000002	0.548813	-0.8355020000000001	0.0	0.0165091	-0.835945	-0.548566	0.0	-0.9994930000000001	0.00114745	-0.0318285	0.0	2.78115	2.25133	1.2276	0.0	
3	-0.274796	0.599993	-0.751329	0.0	0.20592600000000003	0.800005	0.5635479999999999	0.0	0.939192	0.00014215700000000001	-0.343393	0.0	-3.12692	2.47876	0.90901	0.0	0.107494	0.502151	-0.858073	0.0	-0.0399824	-0.860193	-0.5084	0.0	-0.993402	0.0889576	-0.07238810000000001	0.0	2.88059	2.53804	0.921061	0.0	
3	-0.434304	0.464449	-0.771795	0.0	0.0615097	0.8701120000000001	0.489001	0.0	0.8986639999999999	0.164902	-0.406461	0.0	-3.10557	2.82342	0.623567	0.165258	0.187805	0.360885	-0.9135049999999999	0.0	-0.233683	-0.8869309999999999	-0.398429	0.0	-0.954003	0.288298	-0.08223760000000001	0.0	3.0606	2.86258	0.636785	0.120344	
3	-0.529996	0.33	-0.7811560000000001	0.0	-0.06593489999999999	0.902349	0.425933	0.0	0.845433	0.277248	-0.45648299999999997	0.0	-3.01883	3.11917	0.387756	0.358819	0.269986	0.16639500000000002	-0.948378	0.0	-0.433855	-0.8582780000000001	-0.274097	0.0	-0.8595799999999999	0.48546000000000006	-0.159531	0.0	3.2011700000000003	3.27756	0.30239499999999997	0.297912	
3	-0.55256	0.324312	-0.767789	0.0	-0.0779989	0.897028	0.435037	0.0	0.829815	0.30027	-0.470366	0.0	-2.99302	3.20018	0.27706	0.358996	0.2721	0.08126239999999998	-0.958832	0.0	-0.475221	-0.85509	-0.20733000000000001	0.0	-0.836736	0.512072	-0.194053	0.0	3.34447	3.4382900000000003	0.151286	0.283235	
3	-0.541543	0.363816	-0.757871	0.0	-0.0012697000000000001	0.90115	0.43350500000000003	0.0	0.840672	0.235724	-0.48755	0.0	-2.95181	3.1776	0.253091	0.362237	0.34178400000000003	-0.136526	-0.929809	0.0	-0.603586	-0.790242	-0.10583699999999999	0.0	-0.720324	0.5973930000000001	-0.352498	0.0	3.44067	3.5967800000000003	-0.13991199999999998	0.28171399999999996	
3	-0.47164700000000004	0.484412	-0.7368140000000001	0.0	0.15192999999999998	0.8677370000000001	0.473233	0.0	0.8686	0.11125499999999999	-0.482862	0.0	-2.9778599999999997	3.02362	0.271521	0.363981	0.322089	-0.158659	-0.93332	0.0	-0.612739	-0.78645	-0.07776480000000001	0.0	-0.721671	0.596929	-0.35052300000000003	0.0	3.52618	3.61879	-0.186308	0.286711	
3	-0.379963	0.578354	-0.721897	0.0	0.269221	0.815786	0.511872	0.0	0.884957	0.000142634	-0.46567299999999995	0.0	-3.0049200000000003	2.8660200000000002	0.288101	0.363983	0.241754	-0.27943	-0.929233	0.0	-0.674914	-0.73647	0.0458745	0.0	-0.69717	0.616062	-0.366636	0.0	3.5300599999999998	3.62374	-0.224975	0.29383899999999996	
3	-0.315492	0.631286	-0.70848	0.0	0.33718899999999996	0.772465	0.538146	0.0	0.887	-0.069111	-0.45656899999999995	0.0	-3.04697	2.73437	0.279463	0.363975	0.148457	-0.361614	-0.9204319999999999	0.0	-0.699285	-0.696511	0.160853	0.0	-0.699258	0.619764	-0.356273	0.0	3.5907199999999997	3.6147699999999996	-0.26911799999999997	0.30111	
3	-0.248363	0.662589	-0.7066060000000001	0.0	0.384567	0.736958	0.555879	0.0	0.889058	-0.133678	-0.437842	0.0	-3.08185	2.6523	0.283821	0.36395900000000003	0.123254	-0.380214	-0.9166489999999999	0.0	-0.6977140000000001	-0.690053	0.19241	0.0	-0.7056939999999999	0.615844	-0.350333	0.0	3.60209	3.58647	-0.286217	0.305824	
3	-0.0587133	0.660159	-0.7488279999999999	0.0	0.46967200000000003	0.680181	0.562816	0.0	0.8808870000000001	-0.318659	-0.349994	0.0	-3.13591	2.39252	0.417576	0.36397199999999996	0.12971	-0.365784	-0.921616	0.0	-0.696778	-0.694916	0.177742	0.0	-0.705461	0.619107	-0.345008	0.0	3.5960900000000002	3.58112	-0.32105900000000004	0.299483	
3	0.224623	0.6708810000000001	-0.706728	0.0	0.5382	0.5191899999999999	0.663914	0.0	0.812334	-0.5294909999999999	-0.244446	0.0	-3.1912700000000003	2.02081	0.6675270000000001	0.363985	0.297096	-0.20292000000000002	-0.9330370000000001	0.0	-0.636209	-0.770725	-0.034961	0.0	-0.71202	0.603993	-0.358079	0.0	3.6361	3.63315	-0.339568	0.286792	
3	0.46378800000000003	0.669237	-0.580537	0.0	0.529332	0.316133	0.787317	0.0	0.710428	-0.672445	-0.207629	0.0	-3.28621	1.75442	0.822937	0.36399000000000004	0.481023	-0.00915411	-0.87666	0.0	-0.517964	-0.809737	-0.275752	0.0	-0.70734	0.5867220000000001	-0.394244	0.0	3.65205	3.65971	-0.341387	0.291738	
3	0.6197819999999999	0.6331760000000001	-0.463636	0.0	0.477529	0.164545	0.8630700000000001	0.0	0.622764	-0.756316	-0.200378	0.0	-3.3787199999999995	1.6401599999999998	0.869376	0.363981	0.566281	0.28767	-0.7723800000000001	0.0	-0.328324	-0.78082	-0.531529	0.0	-0.755995	0.5545859999999999	-0.347715	0.0	3.5332	3.57709	-0.27763000000000004	0.312461	
3	0.716067	0.589279	-0.374163	0.0	0.43040200000000006	0.0492682	0.901292	0.0	0.549547	-0.806426	-0.21834699999999999	0.0	-3.4604	1.5489	0.818458	0.363976	0.492893	0.572943	-0.6548229999999999	0.0	-0.0901048	-0.7149340000000001	-0.693361	0.0	-0.8654120000000001	0.40075500000000003	-0.300761	0.0	3.3222099999999997	3.3553599999999997	-0.13969700000000002	0.34520300000000004	
3	0.748359	0.580596	-0.320729	0.0	0.40257	-0.013272799999999998	0.915293	0.0	0.527159	-0.814083	-0.243664	0.0	-3.51603	1.53459	0.694782	0.363977	0.36537600000000003	0.693278	-0.6211810000000001	0.0	0.0112159	-0.670549	-0.74178	0.0	-0.930792	0.26406199999999996	-0.252779	0.0	3.10596	3.11551	-0.014321799999999999	0.361196	
3	0.7794949999999999	0.5674600000000001	-0.265285	0.0	0.375302	-0.0839965	0.9230889999999999	0.0	0.501533	-0.819105	-0.278444	0.0	-3.54204	1.51594	0.526153	0.363987	0.168211	0.792466	-0.586262	0.0	0.17338	-0.60925	-0.773792	0.0	-0.970384	0.028514499999999998	-0.23988099999999998	0.0	2.84954	2.78059	0.10791500000000001	0.362053	
3	0.784918	0.584245	-0.206304	0.0	0.337567	-0.124025	0.9330950000000001	0.0	0.519569	-0.802045	-0.294571	0.0	-3.46369	1.39968	0.292548	0.36399000000000004	0.060649800000000004	0.809052	-0.584599	0.0	0.313359	-0.571501	-0.758415	0.0	-0.9476959999999999	-0.137191	-0.28818499999999997	0.0	2.68112	2.44866	0.083321	0.362558	
3	0.8062819999999999	0.5602739999999999	-0.189745	0.0	0.31909499999999996	-0.141861	0.9370450000000001	0.0	0.498084	-0.8160689999999999	-0.29316	0.0	-3.32375	1.16934	-0.00476949	0.363935	-0.04650580000000001	0.793086	-0.607332	0.0	0.400516	-0.542175	-0.7386699999999999	0.0	-0.9151090000000001	-0.277599	-0.292429	0.0	2.61472	2.07312	0.0734033	0.363144	
3	0.839182	0.513425	-0.17935299999999998	0.0	0.29346	-0.149835	0.944156	0.0	0.45788	-0.844952	-0.276409	0.0	-3.2469099999999997	0.913234	-0.26952600000000004	0.36394899999999997	-0.122439	0.78625	-0.605657	0.0	0.475812	-0.489043	-0.731054	0.0	-0.870983	-0.377688	-0.314229	0.0	2.5847700000000002	1.7563900000000001	0.0592062	0.362792	
3	0.866983	0.47245299999999996	-0.158521	0.0	0.25342800000000004	-0.14410499999999998	0.9565600000000001	0.0	0.42908599999999997	-0.869495	-0.24466999999999997	0.0	-3.1715	0.600011	-0.508393	0.36399000000000004	-0.157672	0.76248	-0.627506	0.0	0.544514	-0.46298599999999995	-0.699391	0.0	-0.8237979999999999	-0.45196099999999995	-0.342181	0.0	2.60663	1.50224	0.0185203	0.362819	
3	0.9017040000000001	0.40930700000000003	-0.139277	0.0	0.20978200000000002	-0.13251500000000002	0.968727	0.0	0.37805	-0.9027219999999999	-0.205355	0.0	-3.06334	0.28028000000000003	-0.682499	0.363964	-0.169201	0.761124	-0.6261479999999999	0.0	0.590271	-0.43051000000000006	-0.682819	0.0	-0.789273	-0.48513	-0.37642600000000004	0.0	2.69037	1.30459	-0.0273117	0.36290100000000003	
3	0.9341430000000001	0.344557	-0.0930454	0.0	0.145552	-0.129753	0.9808049999999999	0.0	0.32587	-0.9297549999999999	-0.17135899999999998	0.0	-3.05451	-0.046502999999999996	-0.8623149999999999	0.36399000000000004	-0.179331	0.754093	-0.63181	0.0	0.628178	-0.406479	-0.663451	0.0	-0.757121	-0.515867	-0.40081	0.0	2.74403	1.12805	-0.08013150000000001	0.36282800000000004	
3	0.952786	0.300535	-0.0433432	0.0	0.08612310000000001	-0.130591	0.9876889999999999	0.0	0.291174	-0.944788	-0.150308	0.0	-3.09804	-0.325349	-1.07273	0.36396	-0.18926400000000002	0.73814	-0.647556	0.0	0.6551130000000001	-0.39632399999999995	-0.643237	0.0	-0.731441	-0.545964	-0.408555	0.0	2.7650900000000003	0.972571	-0.10646900000000001	0.36213	
3	0.963073	0.26905300000000004	-0.010046600000000001	0.0	0.04447569999999999	-0.122177	0.991511	0.0	0.26554099999999997	-0.9553450000000001	-0.129632	0.0	-3.1343900000000002	-0.628293	-1.2226	0.363992	-0.19270199999999998	0.724514	-0.661775	0.0	0.655614	-0.406727	-0.636195	0.0	-0.7300939999999999	-0.556465	-0.396624	0.0	2.7696099999999997	0.8125560000000001	-0.118149	0.361651	
3	0.9571	0.289635	-0.00844787	0.0	0.0457157	-0.12215	0.991458	0.0	0.286129	-0.949311	-0.13015	0.0	-3.21538	-0.888109	-1.3911799999999999	0.364714	-0.192267	0.7242529999999999	-0.662187	0.0	0.654037	-0.408495	-0.6366850000000001	0.0	-0.731621	-0.555508	-0.395148	0.0	2.75946	0.731402	-0.13030999999999998	0.361103	
3	0.93355	0.355108	-0.0488093	0.0	0.0898671	-0.100053	0.990915	0.0	0.346999	-0.929456	-0.125317	0.0	-3.26715	-1.06408	-1.50352	0.364026	-0.191038	0.723147	-0.663749	0.0	0.6508550000000001	-0.412858	-0.637131	0.0	-0.734773	-0.553721	-0.391793	0.0	2.74755	0.706859	-0.15370899999999998	0.36053	
3	0.933416	0.355996	-0.044740499999999996	0.0	0.08777410000000001	-0.10565699999999999	0.9905209999999999	0.0	0.347894	-0.9284950000000001	-0.129869	0.0	-3.19156	-1.0913899999999999	-1.5839	0.363976	-0.186876	0.718825	-0.669603	0.0	0.6450020000000001	-0.424336	-0.63554	0.0	-0.7409789999999999	-0.550662	-0.384346	0.0	2.7100400000000002	0.680365	-0.122716	0.360239	
3	0.931608	0.360627	-0.0453384	0.0	0.0873858	-0.101151	0.9910260000000001	0.0	0.35280500000000004	-0.9272090000000001	-0.125747	0.0	-3.14068	-1.1051	-1.62467	0.363977	-0.185314	0.711472	-0.67784	0.0	0.639051	-0.436755	-0.633134	0.0	-0.7465069999999999	-0.550503	-0.37373	0.0	2.64486	0.64708	-0.0949964	0.360348	
3	0.9306719999999999	0.361508	-0.056223	0.0	0.094561	-0.08923610000000001	0.9915120000000001	0.0	0.35342199999999996	-0.9280889999999999	-0.11723399999999999	0.0	-3.1006	-1.12343	-1.61354	0.363969	-0.18371800000000002	0.708485	-0.6813939999999999	0.0	0.638227	-0.441234	-0.6308560000000001	0.0	-0.747605	-0.550784	-0.371112	0.0	2.6072599999999997	0.638692	-0.0836423	0.35990900000000003	
3	0.930212	0.361527	-0.06327440000000001	0.0	0.09900239999999999	-0.0811542	0.991772	0.0	0.353418	-0.928823	-0.11128299999999999	0.0	-3.0723599999999998	-1.14575	-1.5518	0.363981	-0.181061	0.706834	-0.683815	0.0	0.637158	-0.445346	-0.6290439999999999	0.0	-0.749164	-0.5495939999999999	-0.36973	0.0	2.5908599999999997	0.6485569999999999	-0.06804360000000001	0.359453	
3	0.931292	0.357824	-0.0682437	0.0	0.100343	-0.0718972	0.992352	0.0	0.350181	-0.931017	-0.102862	0.0	-3.05892	-1.15816	-1.52834	0.363976	-0.178928	0.701966	-0.689369	0.0	0.635	-0.452804	-0.625894	0.0	-0.751505	-0.549739	-0.36472899999999997	0.0	2.57959	0.655909	-0.0548409	0.359361	
3	0.9311590000000001	0.356765	-0.07523919999999999	0.0	0.10429100000000001	-0.0628764	0.992557	0.0	0.349379	-0.932076	-0.0957553	0.0	-3.06271	-1.16624	-1.50839	0.363993	-0.178991	0.699126	-0.692232	0.0	0.6366930000000001	-0.45408699999999996	-0.623239	0.0	-0.7500560000000001	-0.552293	-0.36385100000000004	0.0	2.5785	0.6665220000000001	-0.045918	0.359161	
3	0.932435	0.351655	-0.0830863	0.0	0.108891	-0.0542144	0.992574	0.0	0.344539	-0.934559	-0.08884349999999999	0.0	-3.06509	-1.1743299999999999	-1.4855	0.363976	-0.175624	0.693054	-0.6991649999999999	0.0	0.6346970000000001	-0.463183	-0.618564	0.0	-0.75254	-0.552392	-0.358534	0.0	2.57516	0.699807	-0.013364700000000002	0.35880500000000004	
3	0.932428	0.351655	-0.0831624	0.0	0.108976	-0.054225300000000004	0.9925639999999999	0.0	0.344531	-0.934558	-0.0888834	0.0	-3.0655	-1.17449	-1.48414	0.36398	-0.175793	0.693101	-0.6990770000000001	0.0	0.6345689999999999	-0.46312600000000004	-0.618739	0.0	-0.752609	-0.5523819999999999	-0.358406	0.0	2.57386	0.699051	-0.012282600000000001	0.358817	
3	0.932426	0.351662	-0.0831553	0.0	0.108972	-0.0542323	0.9925639999999999	0.0	0.344538	-0.9345549999999999	-0.088889	0.0	-3.06549	-1.17448	-1.48419	0.36398	-0.175791	0.693103	-0.699075	0.0	0.63457	-0.463124	-0.618738	0.0	-0.752607	-0.552381	-0.35841	0.0	2.57388	0.699018	-0.012335899999999999	0.358817	
3	0.932426	0.351662	-0.0831553	0.0	0.108972	-0.05423240000000001	0.9925639999999999	0.0	0.344538	-0.9345549999999999	-0.08888910000000001	0.0	-3.06549	-1.17448	-1.48419	0.36398	-0.175791	0.693103	-0.699075	0.0	0.63457	-0.463124	-0.618738	0.0	-0.752607	-0.552381	-0.35841	0.0	2.57388	0.699017	-0.0123368	0.358817	
3	0.932426	0.351662	-0.0831553	0.0	0.108972	-0.054232100000000005	0.9925639999999999	0.0	0.344538	-0.9345549999999999	-0.0888888	0.0	-3.06549	-1.17448	-1.48419	0.36398	-0.175791	0.693103	-0.699075	0.0	0.63457	-0.463124	-0.618738	0.0	-0.7526079999999999	-0.552381	-0.35841	0.0	2.57388	0.699017	-0.0123368	0.358817	
3	0.932426	0.351662	-0.0831553	0.0	0.108972	-0.054232100000000005	0.9925639999999999	0.0	0.344538	-0.9345549999999999	-0.0888888	0.0	-3.06549	-1.17448	-1.48419	0.36398	-0.175791	0.693103	-0.699075	0.0	0.63457	-0.463124	-0.618738	0.0	-0.7526079999999999	-0.552381	-0.35841	0.0	2.57388	0.699017	-0.0123369	0.358817	
3	0.932426	0.351662	-0.0831553	0.0	0.108972	-0.054232100000000005	0.9925639999999999	0.0	0.344538	-0.9345549999999999	-0.0888888	0.0	-3.06549	-1.17448	-1.48419	0.36398	-0.175791	0.693103	-0.699075	0.0	0.63457	-0.463124	-0.618738	0.0	-0.7526079999999999	-0.552381	-0.35841	0.0	2.57388	0.699017	-0.0123368	0.358817	
3	0.932426	0.351662	-0.0831553	0.0	0.108972	-0.054232100000000005	0.9925639999999999	0.0	0.344538	-0.9345549999999999	-0.0888888	0.0	-3.06549	-1.17448	-1.48419	0.36398	-0.175791	0.693103	-0.699075	0.0	0.63457	-0.463124	-0.618738	0.0	-0.7526079999999999	-0.552381	-0.35841	0.0	2.57388	0.699017	-0.0123371	0.358817	
3	0.932426	0.351662	-0.0831553	0.0	0.108972	-0.054232100000000005	0.9925639999999999	0.0	0.344538	-0.9345549999999999	-0.0888888	0.0	-3.06549	-1.17448	-1.48419	0.36398	-0.175791	0.693103	-0.699075	0.0	0.63457	-0.463124	-0.618738	0.0	-0.7526079999999999	-0.552381	-0.35841	0.0	2.57388	0.699017	-0.0123368	0.358817	
3	0.932426	0.351662	-0.0831553	0.0	0.108972	-0.054232100000000005	0.9925639999999999	0.0	0.344538	-0.9345549999999999	-0.0888888	0.0	-3.06549	-1.17448	-1.48419	0.36398	-0.175791	0.693103	-0.699075	0.0	0.63457	-0.463124	-0.618738	0.0	-0.752607	-0.552381	-0.35841	0.0	2.57388	0.699017	-0.0123368	0.358817	
3	0.932426	0.351662	-0.0831553	0.0	0.108972	-0.054232100000000005	0.9925639999999999	0.0	0.344538	-0.9345549999999999	-0.0888888	0.0	-3.06549	-1.17448	-1.48419	0.36398	-0.175791	0.693103	-0.699075	0.0	0.63457	-0.463124	-0.618738	0.0	-0.7526079999999999	-0.552381	-0.35841	0.0	2.57388	0.699017	-0.0123367	0.358817	
3	0.932426	0.351662	-0.0831553	0.0	0.108972	-0.054232100000000005	0.9925639999999999	0.0	0.344538	-0.9345549999999999	-0.0888888	0.0	-3.06549	-1.17448	-1.48419	0.36398	-0.175791	0.693103	-0.699075	0.0	0.63457	-0.463124	-0.618738	0.0	-0.7526079999999999	-0.55238	-0.35841	0.0	2.57388	0.699017	-0.0123368	0.358817	
3	0.932426	0.351662	-0.0831553	0.0	0.108972	-0.054232100000000005	0.9925639999999999	0.0	0.344538	-0.9345549999999999	-0.0888888	0.0	-3.06549	-1.17448	-1.48419	0.36398	-0.175791	0.693103	-0.699075	0.0	0.63457	-0.463124	-0.618738	0.0	-0.7526079999999999	-0.552381	-0.35841	0.0	2.57388	0.699017	-0.0123368	0.358817	
3	0.932426	0.351662	-0.0831553	0.0	0.108972	-0.054232100000000005	0.9925639999999999	0.0	0.344538	-0.9345549999999999	-0.0888888	0.0	-3.06549	-1.17448	-1.48419	0.36398	-0.175791	0.693103	-0.699075	0.0	0.63457	-0.463124	-0.618738	0.0	-0.7526079999999999	-0.552381	-0.35841	0.0	2.57388	0.699017	-0.0123366	0.358817	
3	0.932426	0.351662	-0.0831553	0.0	0.108972	-0.054232100000000005	0.9925639999999999	0.0	0.344538	-0.9345549999999999	-0.0888888	0.0	-3.06549	-1.17448	-1.48419	0.36398	-0.175791	0.693103	-0.699075	0.0	0.63457	-0.463124	-0.618738	0.0	-0.7526079999999999	-0.552381	-0.35841	0.0	2.57388	0.699017	-0.012337	0.358817	
3	0.932426	0.351662	-0.0831553	0.0	0.108972	-0.054232100000000005	0.9925639999999999	0.0	0.344538	-0.9345549999999999	-0.0888888	0.0	-3.06549	-1.17448	-1.48419	0.36398	-0.175791	0.693103	-0.699075	0.0	0.63457	-0.463124	-0.618738	0.0	-0.7526079999999999	-0.552381	-0.35841	0.0	2.57388	0.699017	-0.012337200000000001	0.358817	
3	0.932426	0.351662	-0.0831553	0.0	0.108972	-0.054232100000000005	0.9925639999999999	0.0	0.344538	-0.9345549999999999	-0.0888888	0.0	-3.06549	-1.17448	-1.48419	0.36398	-0.175791	0.693103	-0.699075	0.0	0.63457	-0.463124	-0.618738	0.0	-0.7526079999999999	-0.552381	-0.35841	0.0	2.57388	0.699017	-0.0123368	0.358817	
3	0.932426	0.351662	-0.0831553	0.0	0.108972	-0.054232100000000005	0.9925639999999999	0.0	0.344538	-0.9345549999999999	-0.0888888	0.0	-3.06549	-1.17448	-1.48419	0.36398	-0.175791	0.693103	-0.699075	0.0	0.63457	-0.463124	-0.618738	0.0	-0.7526079999999999	-0.552381	-0.35841	0.0	2.57388	0.699017	-0.0123371	0.358817	
3	0.932426	0.351662	-0.0831553	0.0	0.108972	-0.054232	0.9925639999999999	0.0	0.344538	-0.9345549999999999	-0.0888887	0.0	-3.06549	-1.17448	-1.48419	0.36398	-0.175791	0.693103	-0.699075	0.0	0.63457	-0.463124	-0.618738	0.0	-0.7526079999999999	-0.552381	-0.35841	0.0	2.57388	0.699017	-0.012337	0.358817	
3	0.639242	0.24641300000000002	-0.7284579999999999	0.0	0.727049	0.11495899999999999	0.6768930000000001	0.0	0.25053800000000004	-0.9623229999999999	-0.10566800000000001	0.0	-3.08786	-1.29816	-1.57435	0.364002	-0.140002	0.6503800000000001	-0.746596	0.0	0.595216	-0.547293	-0.588377	0.0	-0.791276	-0.52676	-0.31049499999999997	0.0	2.5200099999999996	0.7259329999999999	0.040112800000000004	0.35784099999999996	
3	0.633254	0.21838200000000002	-0.742495	0.0	0.730952	0.146541	0.66651	0.0	0.25436	-0.9647979999999999	-0.0668293	0.0	-3.05645	-1.47061	-1.7291299999999998	0.363681	-0.138492	0.647275	-0.74957	0.0	0.5915560000000001	-0.552946	-0.586782	0.0	-0.794281	-0.5246770000000001	-0.306321	0.0	2.51323	0.744754	0.06632310000000001	0.35784	
3	0.634691	0.165695	-0.754793	0.0	0.733917	0.176548	0.6558930000000001	0.0	0.24193499999999998	-0.970245	-0.00955346	0.0	-3.07212	-1.9950599999999998	-1.9774599999999998	0.36397199999999996	-0.13758599999999999	0.64426	-0.752329	0.0	0.590626	-0.5563779999999999	-0.5844699999999999	0.0	-0.79513	-0.52476	-0.303967	0.0	2.50546	0.757488	0.0847339	0.357769	
3	0.629464	0.111456	-0.768995	0.0	0.74348	0.201276	0.6377510000000001	0.0	0.225861	-0.973173	0.0438311	0.0	-3.14332	-2.4312099999999996	-2.18675	0.364026	-0.13675299999999999	0.644404	-0.752358	0.0	0.590481	-0.556789	-0.584225	0.0	-0.795381	-0.524147	-0.304365	0.0	2.5039599999999997	0.759729	0.0877947	0.357598	
3	0.624376	0.0475668	-0.779674	0.0	0.754985	0.21930100000000002	0.617984	0.0	0.200379	-0.974497	0.10101399999999999	0.0	-3.2664	-2.82193	-2.3167299999999997	0.36472	-0.13756300000000002	0.643971	-0.752581	0.0	0.590136	-0.556938	-0.584432	0.0	-0.7954979999999999	-0.524521	-0.30341599999999996	0.0	2.50257	0.757158	0.09128330000000001	0.357771	
3	0.616484	-0.00360695	-0.787359	0.0	0.768415	0.220838	0.60064	0.0	0.17171199999999998	-0.9753040000000001	0.138915	0.0	-3.3890300000000004	-3.18126	-2.4786200000000003	0.363844	-0.137482	0.643755	-0.752781	0.0	0.589902	-0.557301	-0.584321	0.0	-0.7956850000000001	-0.5244	-0.303133	0.0	2.50277	0.756954	0.0942282	0.357609	
3	0.611714	-0.0650106	-0.788403	0.0	0.7811060000000001	0.20738800000000002	0.588951	0.0	0.125217	-0.976096	0.177642	0.0	-3.49387	-3.45191	-2.56866	0.363979	-0.136721	0.642899	-0.75365	0.0	0.589109	-0.558875	-0.5836180000000001	0.0	-0.796403	-0.523775	-0.30232800000000004	0.0	2.50564	0.751649	0.08862919999999999	0.357642	
3	0.616588	-0.115157	-0.7788189999999999	0.0	0.7829550000000001	0.19330999999999998	0.59128	0.0	0.082464	-0.974356	0.209355	0.0	-3.5421099999999996	-3.54886	-2.5835	0.36689	-0.13658900000000002	0.642724	-0.7538229999999999	0.0	0.588752	-0.559312	-0.583559	0.0	-0.79669	-0.523523	-0.302009	0.0	2.5057099999999997	0.751579	0.09072380000000001	0.357577	
3	0.597287	-0.220712	-0.771061	0.0	0.8017880000000001	0.187842	0.5673199999999999	0.0	0.019622900000000002	-0.9570799999999999	0.289159	0.0	-3.65518	-3.5315800000000004	-2.5739099999999997	0.373855	-0.13634300000000002	0.641424	-0.7549739999999999	0.0	0.587666	-0.5611550000000001	-0.5828840000000001	0.0	-0.797533	-0.523145	-0.30043400000000003	0.0	2.50409	0.752787	0.0951754	0.357496	
3	0.5878359999999999	-0.216204	-0.779554	0.0	0.80814	0.200854	0.553686	0.0	0.0368671	-0.955465	0.292792	0.0	-3.6755400000000003	-3.53438	-2.55829	0.374244	-0.13536800000000002	0.640794	-0.755685	0.0	0.587542	-0.5622159999999999	-0.581987	0.0	-0.797791	-0.522779	-0.300387	0.0	2.5026599999999997	0.752629	0.0962222	0.357529	
3	0.5107970000000001	-0.175778	-0.84154	0.0	0.8560979999999999	0.19353399999999998	0.479209	0.0	0.0786327	-0.965219	0.24933899999999998	0.0	-3.7189	-3.5363300000000004	-2.52041	0.372535	-0.132521	0.637138	-0.7592720000000001	0.0	0.5845090000000001	-0.568421	-0.579005	0.0	-0.800492	-0.5205310000000001	-0.297085	0.0	2.49893	0.760925	0.103778	0.357375	
3	0.438974	-0.11965	-0.890497	0.0	0.888423	0.205817	0.410297	0.0	0.134188	-0.971248	0.196649	0.0	-3.7239	-3.5455099999999997	-2.46687	0.371816	-0.130878	0.6340100000000001	-0.762169	0.0	0.581303	-0.573684	-0.5770390000000001	0.0	-0.8030930000000001	-0.518573	-0.29347	0.0	2.4814700000000003	0.7670239999999999	0.112257	0.357402	
3	0.398948	-0.10637	-0.910783	0.0	0.8994979999999999	0.23838299999999998	0.366165	0.0	0.17816600000000002	-0.9653280000000001	0.190782	0.0	-3.68344	-3.58112	-2.4819999999999998	0.37152399999999997	-0.13104000000000002	0.6327149999999999	-0.763217	0.0	0.579196	-0.575943	-0.576907	0.0	-0.8045869999999999	-0.51765	-0.29099400000000003	0.0	2.45993	0.76393	0.11954000000000001	0.357356	
3	0.298527	-0.030330000000000003	-0.9539190000000001	0.0	0.926608	0.24865900000000002	0.282074	0.0	0.228645	-0.968116	0.102336	0.0	-3.69425	-3.59511	-2.52684	0.36554000000000003	-0.129553	0.631812	-0.7642180000000001	0.0	0.578008	-0.578108	-0.575933	0.0	-0.805682	-0.516338	-0.29029699999999997	0.0	2.45641	0.762985	0.121179	0.35714	
3	0.244283	0.00818217	-0.969669	0.0	0.9266129999999999	0.292808	0.235907	0.0	0.285857	-0.9561360000000001	0.0639464	0.0	-3.67814	-3.5924300000000002	-2.69482	0.366897	-0.130328	0.631169	-0.764618	0.0	0.575544	-0.579795	-0.576704	0.0	-0.807319	-0.515232	-0.28770300000000004	0.0	2.43817	0.758296	0.135223	0.35723299999999997	
3	0.210864	0.022893599999999997	-0.977247	0.0	0.925228	0.317913	0.207087	0.0	0.315421	-0.947843	0.0458547	0.0	-3.53075	-3.55585	-2.88815	0.36396999999999996	-0.131741	0.629675	-0.7656069999999999	0.0	0.5746720000000001	-0.580797	-0.5765640000000001	0.0	-0.80771	-0.51593	-0.285342	0.0	2.4269	0.751944	0.161633	0.357217	
3	0.21074600000000002	0.0208738	-0.977318	0.0	0.921974	0.32802800000000004	0.205819	0.0	0.324884	-0.9444379999999999	0.0498855	0.0	-3.4988900000000003	-3.5240699999999996	-2.89085	0.36397199999999996	-0.131491	0.62916	-0.766073	0.0	0.575348	-0.580873	-0.575813	0.0	-0.8072699999999999	-0.516473	-0.285607	0.0	2.42163	0.7522260000000001	0.173425	0.357152	
3	0.189474	0.0164868	-0.9817469999999999	0.0	0.915041	0.359642	0.18264	0.0	0.356089	-0.932945	0.0530568	0.0	-3.43815	-3.4835	-2.89911	0.363975	-0.128816	0.626772	-0.7684810000000001	0.0	0.574199	-0.5846720000000001	-0.573108	0.0	-0.8085180000000001	-0.515087	-0.284577	0.0	2.42188	0.759915	0.185504	0.357212	
3	0.192976	0.00733688	-0.981176	0.0	0.910768	0.370693	0.1819	0.0	0.36504899999999996	-0.9287270000000001	0.0648527	0.0	-3.37456	-3.50559	-2.89043	0.363962	-0.129075	0.625186	-0.769728	0.0	0.572958	-0.586522	-0.572461	0.0	-0.809357	-0.514912	-0.2825	0.0	2.41722	0.763662	0.18715299999999999	0.35725300000000004	
3	0.23048600000000002	-0.00225052	-0.973073	0.0	0.920172	0.32574000000000003	0.217202	0.0	0.31648000000000004	-0.945457	0.0771493	0.0	-3.22915	-3.5594	-2.74739	0.36398800000000003	-0.13026600000000002	0.620843	-0.773037	0.0	0.572412	-0.5895239999999999	-0.569918	0.0	-0.809553	-0.516736	-0.27858299999999997	0.0	2.39902	0.772019	0.2053	0.357545	
3	0.289538	-0.0128309	-0.957081	0.0	0.9194190000000001	0.281765	0.274367	0.0	0.266151	-0.959398	0.0933784	0.0	-3.2067900000000003	-3.5926099999999996	-2.72364	0.362744	-0.128908	0.618748	-0.774941	0.0	0.573071	-0.591279	-0.5674319999999999	0.0	-0.809304	-0.517243	-0.278366	0.0	2.39692	0.781181	0.20613800000000002	0.357479	
3	0.36609899999999995	-0.0266407	-0.9301940000000001	0.0	0.9078139999999999	0.229956	0.35070500000000004	0.0	0.204561	-0.972836	0.108372	0.0	-3.16091	-3.5966	-2.73435	0.366723	-0.128916	0.617192	-0.776179	0.0	0.572677	-0.592665	-0.566383	0.0	-0.809581	-0.517516	-0.277047	0.0	2.39744	0.7956840000000001	0.20702600000000002	0.357526	
3	0.41164799999999996	-0.027623400000000003	-0.910924	0.0	0.894259	0.20487399999999997	0.397904	0.0	0.17563299999999998	-0.978399	0.10903800000000001	0.0	-3.13447	-3.59982	-2.7547900000000003	0.367496	-0.128689	0.615426	-0.777618	0.0	0.572492	-0.594174	-0.564987	0.0	-0.8097479999999999	-0.517888	-0.275863	0.0	2.39695	0.805442	0.192153	0.357642	
3	0.454259	-0.033902499999999995	-0.890224	0.0	0.881289	0.163259	0.443482	0.0	0.130302	-0.986001	0.10404000000000001	0.0	-3.08615	-3.60687	-2.76795	0.367958	-0.127866	0.612816	-0.779812	0.0	0.572603	-0.596374	-0.562551	0.0	-0.8098	-0.518454	-0.274645	0.0	2.39716	0.815282	0.196325	0.357535	
0	0.47593100000000005	-0.042410699999999996	-0.87846	0.0	0.870922	0.161753	0.464038	0.0	0.12241300000000001	-0.98592	0.11392000000000001	0.0	-3.0778	-3.60776	-2.78272	0.36904499999999996	-0.12855	0.612218	-0.780169	0.0	0.5722079999999999	-0.596743	-0.562562	0.0	-0.809971	-0.518736	-0.27360500000000004	0.0	2.4001200000000003	0.8242649999999999	0.19257	0.357664	
0	0.48987200000000003	-0.0485947	-0.870439	0.0	0.8638389999999999	0.161634	0.477134	0.0	0.117506	-0.9856540000000001	0.12115799999999999	0.0	-3.07085	-3.6079	-2.79242	0.369195	-0.12748900000000002	0.611954	-0.78055	0.0	0.573814	-0.5963930000000001	-0.561296	0.0	-0.809002	-0.51945	-0.275115	0.0	2.40588	0.8292379999999999	0.192428	0.357786	
0	0.5385310000000001	-0.0768355	-0.839095	0.0	0.8375819999999999	0.157396	0.523147	0.0	0.0918738	-0.984542	0.149119	0.0	-3.04007	-3.60871	-2.8324599999999998	0.370046	-0.126957	0.609251	-0.782748	0.0	0.574407	-0.598193	-0.558768	0.0	-0.808665	-0.520556	-0.274013	0.0	2.41391	0.8357680000000001	0.195434	0.357648	
0	0.564964	-0.0926389	-0.8198979999999999	0.0	0.822118	0.147816	0.549793	0.0	0.070262	-0.984667	0.159671	0.0	-3.02029	-3.60894	-2.85311	0.370304	-0.126304	0.606356	-0.785099	0.0	0.573499	-0.601136	-0.556538	0.0	-0.809411	-0.520546	-0.27181900000000003	0.0	2.42675	0.839852	0.199733	0.357642	
0	0.585955	-0.10383599999999998	-0.803664	0.0	0.808862	0.13489	0.572317	0.0	0.048979	-0.985405	0.163029	0.0	-2.99647	-3.6089599999999997	-2.86571	0.36991199999999996	-0.12366700000000001	0.603486	-0.787726	0.0	0.571792	-0.6054510000000001	-0.55361	0.0	-0.811024	-0.518878	-0.270194	0.0	2.4352	0.8570209999999999	0.20792	0.357506	
0	0.628249	-0.115702	-0.769361	0.0	0.777442	0.131205	0.615117	0.0	0.029773599999999997	-0.9845799999999999	0.172381	0.0	-3.1626	-3.58543	-2.8547	0.13101600000000002	-0.122609	0.602215	-0.788862	0.0	0.5719420000000001	-0.60672	-0.552063	0.0	-0.811079	-0.518871	-0.270043	0.0	2.43757	0.8951530000000001	0.222354	0.357268	
0	0.661592	-0.11234200000000001	-0.741401	0.0	0.749724	0.118208	0.651107	0.0	0.014493	-0.986614	0.162431	0.0	-3.20674	-3.5857900000000003	-2.77155	0.135408	-0.122332	0.599225	-0.791179	0.0	0.571298	-0.609342	-0.549838	0.0	-0.811575	-0.519261	-0.26779400000000003	0.0	2.4392400000000003	0.909799	0.224521	0.35736	
0	0.6676529999999999	-0.108372	-0.736542	0.0	0.744239	0.12191700000000001	0.656692	0.0	0.018630400000000002	-0.986606	0.162053	0.0	-3.22836	-3.58469	-2.72065	0.13586900000000002	-0.122696	0.5997859999999999	-0.790697	0.0	0.572071	-0.608294	-0.550194	0.0	-0.810975	-0.519841	-0.268485	0.0	2.45063	0.916711	0.230877	0.357236	
0	0.6561170000000001	-0.123052	-0.744559	0.0	0.754328	0.136141	0.6422260000000001	0.0	0.0223379	-0.9830180000000001	0.182146	0.0	-3.24004	-3.58355	-2.71001	0.135924	-0.11603800000000002	0.5945159999999999	-0.795667	0.0	0.568658	-0.617029	-0.54397	0.0	-0.814348	-0.515584	-0.266478	0.0	2.48287	0.917593	0.18921500000000002	0.357297	
0	0.619422	-0.116798	-0.776321	0.0	0.78355	0.153249	0.6021340000000001	0.0	0.0486421	-0.981261	0.186443	0.0	-3.2711200000000002	-3.58313	-2.68147	0.13578199999999999	-0.107153	0.5884510000000001	-0.801401	0.0	0.563099	-0.6283880000000001	-0.536701	0.0	-0.819413	-0.508777	-0.264023	0.0	2.4988599999999996	0.928492	0.151419	0.3574	
0	0.584689	-0.0987846	-0.805221	0.0	0.8084279999999999	0.153779	0.568152	0.0	0.0677013	-0.9831549999999999	0.169773	0.0	-3.2900300000000002	-3.58218	-2.62826	0.13556600000000002	-0.10501400000000001	0.586993	-0.802752	0.0	0.561265	-0.631382	-0.5351060000000001	0.0	-0.820947	-0.50675	-0.26315500000000003	0.0	2.50183	0.930185	0.140653	0.35741100000000003	
0	0.512157	-0.055326	-0.857108	0.0	0.8469770000000001	0.198177	0.49331099999999994	0.0	0.142566	-0.9786040000000001	0.148358	0.0	-3.3834400000000002	-3.58077	-2.40456	0.135299	-0.10378599999999999	0.5865819999999999	-0.803212	0.0	0.559343	-0.633343	-0.534802	0.0	-0.822414	-0.504776	-0.262368	0.0	2.50357	0.929581	0.129473	0.35744699999999996	
0	0.5019939999999999	0.00036752199999999996	-0.864871	0.0	0.845677	0.209302	0.490942	0.0	0.1812	-0.977851	0.10475699999999999	0.0	-3.4116800000000005	-3.5602	-2.36839	0.13536700000000002	-0.10271400000000001	0.5860770000000001	-0.803719	0.0	0.559185	-0.634213	-0.533935	0.0	-0.8226559999999999	-0.50427	-0.262583	0.0	2.50128	0.927873	0.128021	0.35740700000000003	
0	0.494176	0.0417246	-0.86836	0.0	0.8401049999999999	0.23402699999999999	0.48934099999999997	0.0	0.223637	-0.971334	0.0805976	0.0	-3.3674800000000005	-3.4552	-2.32862	0.135259	-0.102341	0.5857600000000001	-0.8039970000000001	0.0	0.558762	-0.634834	-0.53364	0.0	-0.82299	-0.5038560000000001	-0.262331	0.0	2.50106	0.928208	0.126721	0.357539	
0	0.47289799999999993	0.137181	-0.870373	0.0	0.83329	0.25139	0.49237200000000003	0.0	0.28634699999999996	-0.9581149999999999	0.00457031	0.0	-3.37341	-2.9142200000000003	-2.28418	0.135474	-0.101788	0.58623	-0.803725	0.0	0.558075	-0.635167	-0.5339619999999999	0.0	-0.8235239999999999	-0.502889	-0.262508	0.0	2.5074799999999997	0.927743	0.12229100000000001	0.357608	
0	0.465844	0.166236	-0.8691110000000001	0.0	0.8290200000000001	0.261415	0.494356	0.0	0.30937800000000004	-0.9508040000000001	-0.0160348	0.0	-3.39299	-2.70037	-2.26684	0.135428	-0.1012	0.585932	-0.804017	0.0	0.5580470000000001	-0.63562	-0.533452	0.0	-0.823615	-0.502664	-0.262653	0.0	2.50601	0.9324049999999999	0.12435399999999999	0.357646	
0	0.44711000000000006	0.22749	-0.865067	0.0	0.8100569999999999	0.307166	0.49945600000000007	0.0	0.379341	-0.9240659999999999	-0.0469429	0.0	-2.8037400000000003	-1.72025	-1.8604	0.13527999999999998	-0.10101	0.585775	-0.804154	0.0	0.557496	-0.636137	-0.533412	0.0	-0.8240120000000001	-0.502192	-0.262311	0.0	2.5057099999999997	0.931383	0.12055899999999999	0.35772	
0	0.439007	0.240443	-0.865714	0.0	0.81119	0.308221	0.496962	0.0	0.386322	-0.920428	-0.0597337	0.0	-2.74566	-1.53643	-1.8262900000000002	0.13552	-0.101411	0.5853229999999999	-0.804433	0.0	0.557176	-0.63647	-0.53335	0.0	-0.8241790000000001	-0.5022979999999999	-0.261583	0.0	2.50421	0.930757	0.11917699999999999	0.35768099999999997	
0	0.42298800000000003	0.266363	-0.866101	0.0	0.805381	0.327516	0.494059	0.0	0.415261	-0.906523	-0.0759879	0.0	-2.6278900000000003	-1.17413	-1.7097900000000001	0.13552999999999998	-0.101108	0.585394	-0.80442	0.0	0.558053	-0.6360100000000001	-0.53298	0.0	-0.823622	-0.502798	-0.262375	0.0	2.5038099999999996	0.927688	0.11759800000000001	0.357723	
1	0.418415	0.290901	-0.86041	0.0	0.7859659999999999	0.358786	0.503517	0.0	0.45517700000000005	-0.8869319999999999	-0.0785169	0.0	-2.5190200000000003	-0.955732	-1.5929799999999998	0.13552999999999998	-0.101177	0.586592	-0.803538	0.0	0.55852	-0.6349020000000001	-0.5338109999999999	0.0	-0.823297	-0.502801	-0.263386	0.0	2.50353	0.926443	0.115949	0.35804600000000003	
1	0.435697	0.31061300000000003	-0.8448	0.0	0.760826	0.374418	0.530053	0.0	0.48095	-0.8736879999999999	-0.07318960000000001	0.0	-2.41047	-0.8594040000000001	-1.5085	0.1353	-0.101108	0.586679	-0.803483	0.0	0.55924	-0.634432	-0.533616	0.0	-0.822817	-0.503293	-0.263948	0.0	2.50545	0.927091	0.112889	0.358101	
1	0.45421000000000006	0.315206	-0.8332700000000001	0.0	0.74574	0.37719	0.54918	0.0	0.48740600000000006	-0.8708459999999999	-0.0637384	0.0	-2.33454	-0.823476	-1.4435200000000001	0.135297	-0.0994645	0.585648	-0.8044399999999999	0.0	0.559237	-0.635783	-0.5320090000000001	0.0	-0.8230200000000001	-0.502788	-0.264278	0.0	2.5081700000000002	0.9301790000000001	0.111603	0.358173	
1	0.502675	0.326473	-0.800458	0.0	0.710096	0.372157	0.597715	0.0	0.49303400000000003	-0.868858	-0.0447532	0.0	-2.16338	-0.813168	-1.32113	0.135523	-0.0870516	0.575405	-0.8132229999999999	0.0	0.5558	-0.64941	-0.518993	0.0	-0.8267459999999999	-0.49716800000000005	-0.263278	0.0	2.51396	0.944541	0.11217200000000001	0.3582	
1	0.523649	0.3274	-0.786512	0.0	0.688487	0.38112199999999996	0.617035	0.0	0.5017739999999999	-0.864613	-0.0258363	0.0	-2.03746	-0.839023	-1.25193	0.135298	-0.06682239999999999	0.564619	-0.822642	0.0	0.5507340000000001	-0.666637	-0.5022810000000001	0.0	-0.832002	-0.486621	-0.266409	0.0	2.52639	0.9931989999999999	0.112791	0.35801900000000003	
1	0.531982	0.33161799999999997	-0.779118	0.0	0.6788310000000001	0.382975	0.626513	0.0	0.506146	-0.862183	-0.021377	0.0	-1.9950700000000001	-0.8563219999999999	-1.23575	0.135526	-0.054445400000000005	0.561581	-0.8256290000000001	0.0	0.546139	-0.675466	-0.495457	0.0	-0.835923	-0.477883	-0.269925	0.0	2.54779	1.04719	0.101227	0.358188	
1	0.538197	0.345495	-0.76875	0.0	0.671347	0.375706	0.638857	0.0	0.509546	-0.859929	-0.029743400000000003	0.0	-1.949	-0.883192	-1.27009	0.135293	-0.0212717	0.5608	-0.827678	0.0	0.531048	-0.6950850000000001	-0.484609	0.0	-0.847075	-0.449845	-0.283026	0.0	2.5958	1.21122	0.0936661	0.35793200000000003	
1	0.544027	0.351191	-0.762037	0.0	0.669185	0.36629	0.646547	0.0	0.506188	-0.861682	-0.0357399	0.0	-1.9506599999999998	-0.892288	-1.32171	0.135525	0.00127095	0.558751	-0.829334	0.0	0.518709	-0.7094090000000001	-0.47715799999999997	0.0	-0.85495	-0.42957700000000004	-0.290731	0.0	2.64515	1.35132	0.0706987	0.358018	
1	0.547245	0.352111	-0.759303	0.0	0.668299	0.36233699999999996	0.649684	0.0	0.503884	-0.862977	-0.0370283	0.0	-1.96043	-0.904101	-1.3543399999999999	0.135293	0.00883621	0.5576300000000001	-0.830043	0.0	0.5142909999999999	-0.71441	-0.474472	0.0	-0.85757	-0.422691	-0.293097	0.0	2.67508	1.42097	0.0756716	0.357954	
1	0.546567	0.350051	-0.760742	0.0	0.668856	0.364132	0.648104	0.0	0.503881	-0.86306	-0.0351111	0.0	-1.9754099999999999	-0.928168	-1.3986299999999998	0.135292	0.0346786	0.553181	-0.8323389999999999	0.0	0.500984	-0.730264	-0.464467	0.0	-0.864762	-0.400881	-0.30245900000000003	0.0	2.72243	1.61474	0.0999702	0.358133	
1	0.5413979999999999	0.345657	-0.7664270000000001	0.0	0.673744	0.36694699999999997	0.64142	0.0	0.502949	-0.8636379999999999	-0.0342195	0.0	-1.97574	-0.925997	-1.39707	0.135526	0.0418952	0.535054	-0.843778	0.0	0.505941	-0.7395970000000001	-0.44387	0.0	-0.86155	-0.408306	-0.301691	0.0	2.73938	1.72301	0.160991	0.358623	
1	0.529543	0.348441	-0.773416	0.0	0.6796949999999999	0.371223	0.6326189999999999	0.0	0.507541	-0.8606870000000001	-0.040255	0.0	-1.98738	-0.923222	-1.3979700000000002	0.135292	0.0210528	0.562341	-0.8266370000000001	0.0	0.54471	-0.699779	-0.46216999999999997	0.0	-0.83836	-0.44054799999999994	-0.32104499999999997	0.0	2.73508	1.7707400000000002	0.217277	0.35939099999999996	
1	0.52291	0.35418099999999997	-0.77532	0.0	0.682929	0.370217	0.62972	0.0	0.510071	-0.858776	-0.0482903	0.0	-1.99079	-0.915795	-1.39962	0.135293	-0.00784361	0.583806	-0.811856	0.0	0.584136	-0.6562819999999999	-0.477576	0.0	-0.8116180000000001	-0.47798	-0.335875	0.0	2.72588	1.7388	0.22956	0.359431	
1	0.510124	0.365346	-0.77865	0.0	0.688103	0.369795	0.624313	0.0	0.516031	-0.854268	-0.06275399999999999	0.0	-1.9969700000000001	-0.8770479999999999	-1.4121299999999999	0.135293	-0.051695000000000005	0.586519	-0.808284	0.0	0.657826	-0.588968	-0.469448	0.0	-0.751394	-0.555978	-0.355381	0.0	2.7166799999999998	1.54464	0.142657	0.359677	
1	0.5072220000000001	0.369224	-0.778717	0.0	0.686528	0.373102	0.624079	0.0	0.520965	-0.8511569999999999	-0.0642365	0.0	-1.99825	-0.87025	-1.4170399999999999	0.135525	-0.0714142	0.5767909999999999	-0.813764	0.0	0.691418	-0.5594020000000001	-0.457178	0.0	-0.718917	-0.5953	-0.35885500000000004	0.0	2.71075	1.37863	0.00826017	0.35935900000000004	
1	0.508959	0.37156	-0.776469	0.0	0.683197	0.374372	0.626967	0.0	0.523644	-0.849582	-0.0633087	0.0	-1.98213	-0.8776450000000001	-1.42034	0.135293	-0.08199980000000001	0.567241	-0.8194600000000001	0.0	0.717066	-0.537462	-0.443792	0.0	-0.6921649999999999	-0.623997	-0.36267699999999997	0.0	2.68256	1.1898600000000001	-0.185427	0.359329	
1	0.510949	0.372323	-0.774794	0.0	0.682239	0.372692	0.629008	0.0	0.522954	-0.849986	-0.06358630000000001	0.0	-1.97363	-0.8747879999999999	-1.4202	0.135292	-0.08873160000000001	0.56375	-0.8211649999999999	0.0	0.7213649999999999	-0.5321199999999999	-0.44326099999999996	0.0	-0.686847	-0.631691	-0.359454	0.0	2.6528	1.1124	-0.285846	0.35919	
1	0.510914	0.372298	-0.77483	0.0	0.682226	0.372781	0.628969	0.0	0.523005	-0.849958	-0.0635325	0.0	-1.9735900000000002	-0.8748299999999999	-1.42008	0.135524	-0.0887276	0.563747	-0.821168	0.0	0.72137	-0.5321199999999999	-0.443254	0.0	-0.686843	-0.631695	-0.359456	0.0	2.65292	1.11264	-0.285523	0.359186	
1	0.5109130000000001	0.372298	-0.77483	0.0	0.682226	0.372781	0.628969	0.0	0.5230060000000001	-0.849958	-0.06353260000000001	0.0	-1.9735900000000002	-0.8748309999999999	-1.42008	0.135523	-0.0887265	0.563747	-0.821168	0.0	0.721371	-0.5321199999999999	-0.44325299999999995	0.0	-0.686842	-0.631695	-0.359457	0.0	2.65293	1.11265	-0.285508	0.359186	
1	0.510946	0.372323	-0.774796	0.0	0.682239	0.372696	0.629005	0.0	0.5229560000000001	-0.849985	-0.063586	0.0	-1.97367	-0.874822	-1.42018	0.135293	-0.0887265	0.563747	-0.821168	0.0	0.721371	-0.5321199999999999	-0.44325299999999995	0.0	-0.686842	-0.631695	-0.359457	0.0	2.65293	1.11265	-0.285507	0.359186	
1	0.510946	0.372323	-0.7747970000000001	0.0	0.68224	0.372695	0.629005	0.0	0.5229560000000001	-0.849985	-0.0635859	0.0	-1.97367	-0.8748229999999999	-1.42018	0.135294	-0.0887265	0.563747	-0.821168	0.0	0.721371	-0.5321199999999999	-0.44325299999999995	0.0	-0.686842	-0.631695	-0.359458	0.0	2.65293	1.11265	-0.285507	0.359186	
1	0.510946	0.372323	-0.774796	0.0	0.682239	0.372696	0.629005	0.0	0.5229560000000001	-0.849985	-0.06358580000000001	0.0	-1.97367	-0.874822	-1.42018	0.135293	-0.0887265	0.563747	-0.821168	0.0	0.721371	-0.5321199999999999	-0.44325299999999995	0.0	-0.686842	-0.631695	-0.359457	0.0	2.65293	1.11265	-0.285507	0.359186	
1	0.5109130000000001	0.372297	-0.774831	0.0	0.682227	0.372781	0.6289680000000001	0.0	0.523005	-0.849958	-0.0635325	0.0	-1.9735900000000002	-0.8748309999999999	-1.42008	0.135525	-0.0887265	0.563747	-0.821168	0.0	0.721371	-0.5321199999999999	-0.44325299999999995	0.0	-0.686842	-0.631695	-0.359458	0.0	2.65293	1.11265	-0.285507	0.359186	
1	0.510946	0.372323	-0.7747970000000001	0.0	0.68224	0.372696	0.629005	0.0	0.5229560000000001	-0.849985	-0.06358580000000001	0.0	-1.97367	-0.874822	-1.42018	0.135292	-0.08872639999999998	0.563747	-0.821168	0.0	0.721371	-0.5321199999999999	-0.44325299999999995	0.0	-0.686842	-0.631695	-0.359457	0.0	2.65293	1.11265	-0.285507	0.359186	
