3	0.593133	0.516197	-0.617846	0.0	0.6849689999999999	0.0797441	0.724195	0.0	0.423097	-0.852749	-0.30628	0.0	-2.73968	2.0	1.46191	0.0	-0.593132	0.516197	-0.617846	0.0	0.751328	0.0791225	-0.655169	0.0	-0.28931100000000004	-0.852807	-0.434763	0.0	2.66032	2.0	1.53809	0.0	
3	-0.265621	0.916811	-0.298167	0.0	0.21812800000000002	0.358408	0.907725	0.0	0.939077	0.176072	-0.295183	0.0	-2.83427	2.08015	1.3501	0.0	-0.572964	0.5404399999999999	-0.616147	0.0	0.750125	0.0429255	-0.6599010000000001	0.0	-0.330189	-0.8402870000000001	-0.429993	0.0	2.64585	1.99675	1.55218	3.04356e-06	
3	-0.178919	0.9146540000000001	-0.362487	0.0	0.23672600000000002	0.397629	0.886483	0.0	0.95496	0.07279830000000001	-0.287665	0.0	-2.81082	2.09186	1.28916	0.0	0.23211199999999999	0.63893	-0.733412	0.0	-0.201464	-0.706075	-0.678874	0.0	-0.9515969999999999	0.305331	-0.035167199999999996	0.0	2.6945099999999997	1.8994099999999998	1.43134	0.0	
3	-0.286301	0.8217129999999999	-0.49276800000000004	0.0	0.22528499999999999	0.55761	0.798948	0.0	0.931278	0.117726	-0.344764	0.0	-2.86536	2.23339	1.07263	0.355697	0.304723	0.6360210000000001	-0.708957	0.0	-0.273134	-0.65474	-0.7047800000000001	0.0	-0.912437	0.408403	-0.025795699999999998	0.0	2.8366700000000002	2.16715	1.28395	0.316604	
3	-0.23103600000000002	0.848298	-0.476459	0.0	0.268406	0.526275	0.806841	0.0	0.93519	0.0585245	-0.349277	0.0	-2.84439	2.30545	1.05914	0.356035	0.309359	0.64473	-0.699013	0.0	-0.206808	-0.671864	-0.711216	0.0	-0.928185	0.364583	-0.074512	0.0	2.99035	2.36649	1.2599200000000002	0.33015900000000004	
3	0.000619769	0.9246040000000001	-0.38093	0.0	0.36854000000000003	0.353906	0.85961	0.0	0.9296120000000001	-0.140921	-0.340534	0.0	-2.82508	2.18503	1.12219	0.35658	0.143259	0.792691	-0.5925520000000001	0.0	0.0412047	-0.602986	-0.796687	0.0	-0.988827	0.08971710000000001	-0.119046	0.0	3.12365	2.2130799999999997	1.3373	0.358066	
3	0.169446	0.9377260000000001	-0.303246	0.0	0.42029399999999995	0.209556	0.882858	0.0	0.891426	-0.27705	-0.358612	0.0	-2.87544	1.98678	1.04619	0.357114	0.0376405	0.8591219999999999	-0.5103840000000001	0.0	0.214754	-0.505767	-0.835512	0.0	-0.975943	-0.0781577	-0.203537	0.0	3.09925	1.96278	1.20048	0.358607	
3	0.28775500000000004	0.914602	-0.284078	0.0	0.46662	0.125142	0.87556	0.0	0.8363389999999999	-0.384504	-0.390761	0.0	-2.92142	1.7351900000000002	0.897415	0.357394	-0.014332399999999999	0.8856459999999999	-0.46414099999999997	0.0	0.352642	-0.429885	-0.8311700000000001	0.0	-0.935649	-0.17558800000000002	-0.306155	0.0	3.05533	1.64765	0.926163	0.359186	
3	0.413243	0.863899	-0.28794000000000003	0.0	0.494288	0.05276469999999999	0.8676959999999999	0.0	0.764794	-0.500894	-0.40521	0.0	-2.98007	1.3482100000000001	0.637188	0.358487	-0.07758839999999999	0.8753639999999999	-0.47719799999999996	0.0	0.45847200000000005	-0.393702	-0.796745	0.0	-0.885315	-0.2806	-0.370784	0.0	2.96583	1.16252	0.5691930000000001	0.359245	
3	0.523335	0.791568	-0.315499	0.0	0.5135109999999999	0.00250804	0.85808	0.0	0.68002	-0.6110760000000001	-0.40516599999999997	0.0	-2.98431	0.845181	0.306044	0.359008	-0.10666500000000001	0.838408	-0.534505	0.0	0.538402	-0.403237	-0.7399479999999999	0.0	-0.83591	-0.366705	-0.40839000000000003	0.0	2.82311	0.617679	0.169951	0.359043	
3	0.6603140000000001	0.67338	-0.332484	0.0	0.530574	-0.104977	0.8411129999999999	0.0	0.531485	-0.7318060000000001	-0.42659600000000003	0.0	-2.97114	0.222676	-0.25146199999999996	0.35877600000000004	-0.145036	0.806154	-0.573656	0.0	0.609668	-0.383827	-0.693529	0.0	-0.779275	-0.450326	-0.43581800000000004	0.0	2.6566	-0.0701405	-0.387843	0.359356	
3	0.7449680000000001	0.60078	-0.289977	0.0	0.49811099999999997	-0.211811	0.8408459999999999	0.0	0.44374300000000005	-0.770844	-0.45704700000000004	0.0	-2.95858	-0.07377719999999999	-0.6945560000000001	0.357539	-0.196881	0.772936	-0.603164	0.0	0.657841	-0.352018	-0.665829	0.0	-0.7269680000000001	-0.527875	-0.43916400000000005	0.0	2.56465	-0.5324220000000001	-0.751858	0.357777	
3	0.786489	0.560633	-0.25908600000000004	0.0	0.474105	-0.279212	0.835024	0.0	0.395802	-0.779572	-0.485396	0.0	-2.8776200000000003	-0.300275	-0.9936860000000001	0.356647	-0.24063	0.7491369999999999	-0.617164	0.0	0.669268	-0.332457	-0.664495	0.0	-0.702978	-0.5729449999999999	-0.42137399999999997	0.0	2.50338	-0.895803	-0.974418	0.358183	
3	0.798163	0.552832	-0.239402	0.0	0.46219799999999994	-0.30704699999999996	0.831923	0.0	0.38640599999999997	-0.7746609999999999	-0.500591	0.0	-2.81185	-0.45515	-1.22655	0.357836	-0.265687	0.738869	-0.61926	0.0	0.675539	-0.315585	-0.666373	0.0	-0.687792	-0.59538	-0.415288	0.0	2.4474	-1.1463700000000001	-1.06867	0.358028	
3	0.804589	0.541936	-0.24278000000000002	0.0	0.46411199999999997	-0.31883	0.826406	0.0	0.37045300000000003	-0.777595	-0.508046	0.0	-2.80958	-0.583796	-1.3731799999999998	0.357267	-0.278835	0.722218	-0.632971	0.0	0.677375	-0.319309	-0.662726	0.0	-0.6807449999999999	-0.61355	-0.40017800000000003	0.0	2.4079099999999998	-1.3143799999999999	-1.0587	0.357933	
3	0.801383	0.546766	-0.242556	0.0	0.464404	-0.313171	0.8284040000000001	0.0	0.376981	-0.776512	-0.50489	0.0	-2.81699	-0.666146	-1.45852	0.357113	-0.275027	0.7142229999999999	-0.64362	0.0	0.6740550000000001	-0.33411599999999997	-0.658799	0.0	-0.685573	-0.6150220000000001	-0.389534	0.0	2.34709	-1.3902299999999999	-1.00466	0.35780700000000004	
3	0.797554	0.550195	-0.24737199999999998	0.0	0.464779	-0.299033	0.8334020000000001	0.0	0.384561	-0.7796569999999999	-0.49421400000000004	0.0	-2.8046	-0.726946	-1.44056	0.356317	-0.271782	0.70772	-0.652125	0.0	0.6710020000000001	-0.34639000000000003	-0.655569	0.0	-0.6898489999999999	-0.615749	-0.380739	0.0	2.31241	-1.40319	-0.964239	0.357689	
3	0.78833	0.5586260000000001	-0.257825	0.0	0.468009	-0.272451	0.840677	0.0	0.399379	-0.783395	-0.47622299999999995	0.0	-2.7989599999999997	-0.771791	-1.39638	0.35578200000000004	-0.269256	0.7011649999999999	-0.660203	0.0	0.666714	-0.358981	-0.653165	0.0	-0.6949770000000001	-0.6160359999999999	-0.370818	0.0	2.28177	-1.40272	-0.921167	0.35775	
3	0.785198	0.559588	-0.26519000000000004	0.0	0.471308	-0.262266	0.8420719999999999	0.0	0.401663	-0.786179	-0.46966899999999995	0.0	-2.80278	-0.79605	-1.34866	0.356064	-0.26053699999999996	0.693064	-0.672148	0.0	0.6612100000000001	-0.379208	-0.647305	0.0	-0.703507	-0.6130770000000001	-0.35946300000000003	0.0	2.23234	-1.38519	-0.8652479999999999	0.35747399999999996	
3	0.760567	0.582885	-0.285975	0.0	0.488151	-0.222971	0.8437969999999999	0.0	0.428073	-0.7813640000000001	-0.45411999999999997	0.0	-2.8327	-0.7905409999999999	-1.31657	0.356088	-0.24441300000000002	0.682024	-0.689279	0.0	0.652083	-0.410498	-0.637401	0.0	-0.71767	-0.605256	-0.344405	0.0	2.19963	-1.3323	-0.7952	0.35772	
3	0.760145	0.5832350000000001	-0.286384	0.0	0.488518	-0.222402	0.843734	0.0	0.428403	-0.7812640000000001	-0.453979	0.0	-2.83225	-0.790277	-1.31574	0.356113	-0.244348	0.681988	-0.689337	0.0	0.652231	-0.41045699999999996	-0.6372760000000001	0.0	-0.717558	-0.605324	-0.344519	0.0	2.20055	-1.33315	-0.798207	0.357711	
3	0.760162	0.583221	-0.28636999999999996	0.0	0.48850600000000005	-0.222425	0.843735	0.0	0.428388	-0.781269	-0.45398599999999995	0.0	-2.83223	-0.7902859999999999	-1.3158	0.356113	-0.244354	0.6819930000000001	-0.68933	0.0	0.6522319999999999	-0.410446	-0.637281	0.0	-0.717554	-0.605326	-0.344523	0.0	2.20058	-1.3332	-0.798255	0.357711	
3	0.760162	0.58322	-0.28636999999999996	0.0	0.48850600000000005	-0.222425	0.843735	0.0	0.428388	-0.781269	-0.45398599999999995	0.0	-2.83223	-0.7902859999999999	-1.3158	0.356113	-0.24435500000000002	0.6819930000000001	-0.689331	0.0	0.6522319999999999	-0.410446	-0.637281	0.0	-0.717554	-0.605326	-0.344524	0.0	2.20058	-1.3332	-0.7982560000000001	0.357711	
3	0.760162	0.58322	-0.28636999999999996	0.0	0.48850600000000005	-0.222425	0.843735	0.0	0.428388	-0.781269	-0.45398599999999995	0.0	-2.83223	-0.7902859999999999	-1.3158	0.356113	-0.24435500000000002	0.6819930000000001	-0.68933	0.0	0.6522319999999999	-0.410446	-0.637281	0.0	-0.717554	-0.605326	-0.344523	0.0	2.20058	-1.3332	-0.7982560000000001	0.357711	
3	0.760162	0.58322	-0.28636999999999996	0.0	0.48850600000000005	-0.222425	0.843735	0.0	0.428388	-0.781269	-0.45398599999999995	0.0	-2.83223	-0.7902859999999999	-1.3158	0.356113	-0.24435500000000002	0.6819930000000001	-0.68933	0.0	0.6522319999999999	-0.410446	-0.637281	0.0	-0.717554	-0.605326	-0.344523	0.0	2.20058	-1.3332	-0.7982560000000001	0.357711	
3	0.760162	0.58322	-0.28636999999999996	0.0	0.48850600000000005	-0.222425	0.843735	0.0	0.428388	-0.781269	-0.45398599999999995	0.0	-2.83223	-0.7902859999999999	-1.3158	0.356113	-0.24435500000000002	0.6819930000000001	-0.68933	0.0	0.6522319999999999	-0.410446	-0.637281	0.0	-0.717554	-0.605326	-0.344523	0.0	2.20058	-1.3332	-0.798255	0.357711	
3	0.760162	0.58322	-0.28636999999999996	0.0	0.48850600000000005	-0.222425	0.843735	0.0	0.428388	-0.781269	-0.45398599999999995	0.0	-2.83223	-0.7902859999999999	-1.3158	0.356113	-0.24435500000000002	0.6819930000000001	-0.689331	0.0	0.6522319999999999	-0.410446	-0.637281	0.0	-0.717554	-0.605326	-0.344523	0.0	2.20058	-1.3332	-0.7982560000000001	0.357711	
3	0.760162	0.58322	-0.28636999999999996	0.0	0.48850600000000005	-0.222425	0.843735	0.0	0.428388	-0.781269	-0.45398599999999995	0.0	-2.83223	-0.7902859999999999	-1.3158	0.356113	-0.24435500000000002	0.6819930000000001	-0.68933	0.0	0.6522319999999999	-0.410446	-0.637281	0.0	-0.717554	-0.605326	-0.344523	0.0	2.20058	-1.3332	-0.7982560000000001	0.357711	
3	0.760162	0.58322	-0.28636999999999996	0.0	0.48850600000000005	-0.222425	0.843735	0.0	0.428388	-0.781269	-0.45398599999999995	0.0	-2.83223	-0.7902859999999999	-1.3158	0.356113	-0.24435500000000002	0.6819930000000001	-0.68933	0.0	0.6522319999999999	-0.410446	-0.637281	0.0	-0.717554	-0.605326	-0.344523	0.0	2.20058	-1.3332	-0.7982560000000001	0.357711	
3	0.760162	0.58322	-0.28636999999999996	0.0	0.48850600000000005	-0.222425	0.843735	0.0	0.428388	-0.781269	-0.45398599999999995	0.0	-2.83223	-0.7902859999999999	-1.3158	0.356113	-0.24435500000000002	0.6819930000000001	-0.68933	0.0	0.6522319999999999	-0.410446	-0.637281	0.0	-0.717554	-0.605326	-0.344523	0.0	2.20058	-1.3332	-0.7982560000000001	0.357711	
3	0.760162	0.58322	-0.28636999999999996	0.0	0.48850600000000005	-0.222425	0.843735	0.0	0.428388	-0.781269	-0.45398599999999995	0.0	-2.83223	-0.7902859999999999	-1.3158	0.356113	-0.24435500000000002	0.6819930000000001	-0.68933	0.0	0.6522319999999999	-0.410446	-0.637281	0.0	-0.717554	-0.605326	-0.344523	0.0	2.20058	-1.3332	-0.7982560000000001	0.357711	
3	0.274549	0.9027940000000001	-0.33103899999999997	0.0	0.657848	0.0747455	0.749433	0.0	0.701327	-0.423529	-0.57338	0.0	-2.87127	-0.808234	-1.41452	0.35675300000000004	-0.00563765	0.907816	-0.41933100000000006	0.0	0.460658	-0.369836	-0.806856	0.0	-0.88756	-0.197717	-0.41610699999999995	0.0	2.13892	-1.35311	-0.7934829999999999	0.35975999999999997	
3	0.360186	0.870009	-0.336675	0.0	0.656953	0.019676	0.753675	0.0	0.662329	-0.49264300000000005	-0.5644680000000001	0.0	-2.95234	-0.9437270000000001	-1.46432	0.357294	-0.03675	0.910224	-0.412483	0.0	0.46611	-0.3495	-0.812768	0.0	-0.8839629999999999	-0.22213200000000002	-0.41142	0.0	2.11318	-1.41785	-0.89618	0.359975	
3	0.461182	0.805038	-0.373128	0.0	0.653351	-0.023566999999999998	0.7566890000000001	0.0	0.60037	-0.592755	-0.536841	0.0	-3.01887	-1.18134	-1.5421200000000002	0.358106	-0.0705701	0.910125	-0.408281	0.0	0.470583	-0.330517	-0.818114	0.0	-0.8795290000000001	-0.249865	-0.404965	0.0	2.07551	-1.5424799999999999	-1.0578299999999998	0.36039499999999997	
3	0.525812	0.7636229999999999	-0.374703	0.0	0.6403409999999999	-0.06539600000000001	0.765302	0.0	0.559898	-0.642342	-0.523365	0.0	-3.0613599999999996	-1.36155	-1.6247200000000002	0.358579	-0.0912585	0.910802	-0.40263000000000004	0.0	0.474571	-0.315676	-0.821664	0.0	-0.875474	-0.26605999999999996	-0.403432	0.0	2.03856	-1.64061	-1.16764	0.36028699999999997	
3	0.634885	0.618138	-0.46349399999999996	0.0	0.664241	-0.130314	0.736073	0.0	0.394595	-0.775193	-0.49332700000000007	0.0	-3.26088	-1.86602	-1.95502	0.358846	-0.131683	0.9004850000000001	-0.41447	0.0	0.482042	-0.307179	-0.820534	0.0	-0.866195	-0.307843	-0.39362199999999997	0.0	1.9281400000000002	-1.9281700000000002	-1.44884	0.36037800000000003	
3	0.637753	0.5199239999999999	-0.568287	0.0	0.71686	-0.130773	0.684843	0.0	0.28175	-0.844143	-0.456113	0.0	-3.44357	-2.19149	-2.1987400000000004	0.358926	-0.142814	0.888048	-0.437007	0.0	0.477879	-0.324789	-0.816177	0.0	-0.8667389999999999	-0.325397	-0.37799499999999997	0.0	1.85198	-2.10338	-1.59876	0.360408	
3	0.647017	0.428432	-0.630726	0.0	0.730467	-0.111133	0.673845	0.0	0.218602	-0.8967139999999999	-0.38486	0.0	-3.6089	-2.5485599999999997	-2.4043799999999997	0.35825500000000005	-0.140435	0.8805139999999999	-0.45274	0.0	0.467308	-0.344186	-0.814346	0.0	-0.87287	-0.325932	-0.363135	0.0	1.75721	-2.20106	-1.67599	0.360093	
3	0.697862	0.30728099999999997	-0.646968	0.0	0.703017	-0.121152	0.700778	0.0	0.136954	-0.943875	-0.300571	0.0	-3.71274	-2.88311	-2.57545	0.355981	-0.13638699999999998	0.869583	-0.474577	0.0	0.460638	-0.368448	-0.807501	0.0	-0.8770469999999999	-0.328741	-0.35031100000000004	0.0	1.672	-2.2393	-1.6424	0.359951	
3	0.7384189999999999	0.224573	-0.635849	0.0	0.667741	-0.111893	0.7359359999999999	0.0	0.09412419999999999	-0.9680120000000001	-0.23258	0.0	-3.8105599999999997	-3.1710700000000003	-2.72195	0.355804	-0.13767100000000002	0.864093	-0.48413900000000004	0.0	0.463934	-0.375603	-0.8023020000000001	0.0	-0.875107	-0.33506199999999997	-0.349173	0.0	1.62965	-2.22808	-1.60732	0.359507	
3	0.73451	0.187274	-0.652245	0.0	0.667349	-0.025061700000000003	0.744324	0.0	0.123046	-0.981988	-0.14338499999999998	0.0	-3.7970599999999997	-3.43195	-2.7547599999999997	0.356583	-0.143719	0.861036	-0.487813	0.0	0.47067	-0.374138	-0.799056	0.0	-0.870525	-0.344438	-0.351493	0.0	1.6482400000000001	-2.2225599999999996	-1.58344	0.359478	
3	0.673491	0.203388	-0.7106640000000001	0.0	0.706972	0.103531	0.699623	0.0	0.215871	-0.9736090000000001	-0.0740626	0.0	-3.7797300000000003	-3.57341	-2.7495	0.352534	-0.147291	0.85815	-0.491817	0.0	0.47566099999999994	-0.37451100000000004	-0.79592	0.0	-0.867209	-0.35117	-0.353027	0.0	1.68894	-2.2216299999999998	-1.57261	0.359155	
3	0.597828	0.222469	-0.7701359999999999	0.0	0.741881	0.21038800000000002	0.63667	0.0	0.303666	-0.9519690000000001	-0.0392699	0.0	-3.57942	-3.60586	-2.6360799999999998	0.36163	-0.150809	0.858383	-0.490342	0.0	0.479204	-0.370365	-0.7957350000000001	0.0	-0.86465	-0.354978	-0.355486	0.0	1.7213200000000002	-2.23058	-1.56682	0.359144	
3	0.566303	0.222926	-0.7934760000000001	0.0	0.741513	0.282474	0.608578	0.0	0.359804	-0.9330129999999999	-0.00533676	0.0	-3.5035199999999995	-3.58095	-2.64581	0.351227	-0.151204	0.8591139999999999	-0.488939	0.0	0.47876199999999997	-0.36909400000000003	-0.7965909999999999	0.0	-0.864826	-0.354533	-0.355503	0.0	1.7627700000000002	-2.25557	-1.53918	0.358833	
3	0.545859	0.226124	-0.806787	0.0	0.741479	0.31804099999999996	0.590812	0.0	0.39018800000000003	-0.920716	0.00593975	0.0	-3.4478400000000002	-3.59436	-2.6217	0.349355	-0.149175	0.860563	-0.48701000000000005	0.0	0.4765	-0.36899899999999997	-0.79799	0.0	-0.8664270000000001	-0.3511	-0.355013	0.0	1.7718099999999999	-2.27956	-1.5215100000000001	0.35885500000000004	
3	0.525217	0.22834699999999997	-0.819759	0.0	0.738186	0.356994	0.572395	0.0	0.423354	-0.905766	0.018937	0.0	-3.4664599999999997	-3.5937099999999997	-2.63414	0.35131999999999997	-0.14644300000000002	0.8609879999999999	-0.487087	0.0	0.47006800000000004	-0.372683	-0.80009	0.0	-0.870397	-0.346131	-0.350146	0.0	1.73935	-2.29853	-1.52167	0.359141	
3	0.510854	0.22818400000000003	-0.828831	0.0	0.734245	0.385633	0.558724	0.0	0.44711599999999996	-0.893991	0.029458699999999997	0.0	-3.48164	-3.5916	-2.64623	0.353792	-0.144426	0.860798	-0.48802399999999996	0.0	0.46726	-0.375417	-0.8004560000000001	0.0	-0.872244	-0.343641	-0.347997	0.0	1.7244700000000002	-2.30579	-1.51678	0.358964	
3	0.48484700000000003	0.23481100000000002	-0.8424889999999999	0.0	0.728371	0.424835	0.537578	0.0	0.48414799999999997	-0.874288	0.034950800000000004	0.0	-3.50345	-3.5928400000000003	-2.64397	0.338432	-0.15073699999999998	0.8606159999999999	-0.48643500000000006	0.0	0.462081	-0.373657	-0.804277	0.0	-0.873933	-0.346006	-0.341351	0.0	1.7048	-2.31697	-1.48559	0.359083	
3	0.47680900000000004	0.234316	-0.847201	0.0	0.728527	0.43394499999999997	0.530038	0.0	0.491835	-0.869936	0.0362031	0.0	-3.50713	-3.5932	-2.64157	0.33808699999999997	-0.15174400000000002	0.8614360000000001	-0.484667	0.0	0.46241800000000005	-0.371503	-0.805081	0.0	-0.8735809999999999	-0.346285	-0.34197	0.0	1.70287	-2.32551	-1.48443	0.358903	
3	0.455765	0.226967	-0.860677	0.0	0.7198869999999999	0.47468999999999995	0.506391	0.0	0.523489	-0.8503850000000001	0.0529563	0.0	-3.5321300000000004	-3.594	-2.64577	0.334652	-0.155386	0.8615430000000001	-0.48331999999999997	0.0	0.462609	-0.368836	-0.806197	0.0	-0.8728389999999999	-0.34886	-0.34124499999999997	0.0	1.7012900000000002	-2.35724	-1.47959	0.35894499999999996	
3	0.44292	0.2233	-0.868308	0.0	0.701567	0.516695	0.49074399999999996	0.0	0.558234	-0.8265370000000001	0.0721948	0.0	-3.55629	-3.5971300000000004	-2.6513299999999997	0.333823	-0.15565	0.8595450000000001	-0.486781	0.0	0.46023000000000003	-0.37293200000000004	-0.805674	0.0	-0.874049	-0.349434	-0.337541	0.0	1.6979	-2.35753	-1.47213	0.3587	
3	0.44068100000000004	0.21948800000000002	-0.870417	0.0	0.6800069999999999	0.551362	0.48331199999999996	0.0	0.585996	-0.804876	0.09372130000000001	0.0	-3.5691300000000004	-3.60174	-2.6576	0.328206	-0.165595	0.8566870000000001	-0.488534	0.0	0.456383	-0.372568	-0.808027	0.0	-0.874238	-0.35676399999999997	-0.329282	0.0	1.6747900000000002	-2.35412	-1.44662	0.358797	
3	0.43976400000000004	0.23274699999999998	-0.867431	0.0	0.667798	0.56109	0.48910600000000004	0.0	0.600544	-0.7943600000000001	0.0913187	0.0	-3.5767900000000004	-3.6059099999999997	-2.6547	0.323486	-0.16850199999999999	0.854092	-0.492072	0.0	0.452487	-0.37648000000000004	-0.808405	0.0	-0.875707	-0.35887399999999997	-0.32302800000000004	0.0	1.65588	-2.35495	-1.43046	0.358752	
3	0.46373500000000006	0.298234	-0.8342700000000001	0.0	0.666828	0.502508	0.550297	0.0	0.583345	-0.8115060000000001	0.0341594	0.0	-3.55841	-3.56872	-2.6322799999999997	0.324086	-0.175036	0.853244	-0.49126099999999995	0.0	0.448855	-0.37494099999999997	-0.81114	0.0	-0.876294	-0.36248400000000003	-0.317355	0.0	1.60459	-2.36408	-1.4118899999999999	0.358906	
3	0.474017	0.332784	-0.815207	0.0	0.671492	0.462255	0.579154	0.0	0.569566	-0.821934	-0.00434536	0.0	-3.5486	-3.5460000000000003	-2.6160900000000002	0.32708000000000004	-0.178803	0.8521479999999999	-0.491807	0.0	0.44703100000000007	-0.37492600000000004	-0.812154	0.0	-0.876466	-0.365068	-0.313899	0.0	1.57535	-2.37653	-1.40933	0.358941	
3	0.48402700000000004	0.38127300000000003	-0.787622	0.0	0.663317	0.42718599999999995	0.614429	0.0	0.5707270000000001	-0.819843	-0.046135199999999994	0.0	-3.5391800000000004	-3.52748	-2.60969	0.330547	-0.179526	0.850194	-0.49491499999999994	0.0	0.447225	-0.377562	-0.810825	0.0	-0.8762190000000001	-0.36690300000000003	-0.312446	0.0	1.56308	-2.36707	-1.39795	0.35892399999999997	
3	0.535279	0.457319	-0.710166	0.0	0.626613	0.34880300000000003	0.696917	0.0	0.566421	-0.818044	-0.0998555	0.0	-2.97634	-3.3036800000000004	-2.7316700000000003	0.357122	-0.179726	0.848476	-0.49778199999999995	0.0	0.44756	-0.38008800000000004	-0.809459	0.0	-0.876007	-0.368268	-0.31143200000000004	0.0	1.55681	-2.35583	-1.37983	0.35888400000000004	
3	0.597639	0.502218	-0.624984	0.0	0.5793229999999999	0.268388	0.769644	0.0	0.554268	-0.8220370000000001	-0.130548	0.0	-2.166	-3.19028	-2.78227	0.35773499999999997	-0.18051199999999998	0.8470059999999999	-0.499997	0.0	0.44708000000000003	-0.382139	-0.808758	0.0	-0.876091	-0.369529	-0.30969800000000003	0.0	1.55419	-2.3641	-1.3655	0.35876199999999997	
3	0.632962	0.527192	-0.566946	0.0	0.537292	0.228104	0.811964	0.0	0.557384	-0.818558	-0.138875	0.0	-2.00705	-3.19205	-2.81352	0.35689	-0.180004	0.847347	-0.499601	0.0	0.44764499999999996	-0.381694	-0.808656	0.0	-0.875907	-0.369205	-0.310604	0.0	1.55434	-2.3658900000000003	-1.36453	0.358705	
0	0.616494	0.546605	-0.566708	0.0	0.518454	0.259876	0.814659	0.0	0.592571	-0.796045	-0.123177	0.0	-1.81738	-3.17654	-2.83409	0.35684	-0.178585	0.8473290000000001	-0.500142	0.0	0.44489700000000004	-0.383842	-0.8091550000000001	0.0	-0.8775959999999999	-0.367014	-0.30842600000000003	0.0	1.5469600000000001	-2.37493	-1.36543	0.358654	
0	0.627182	0.5464180000000001	-0.555041	0.0	0.495221	0.27026999999999995	0.825658	0.0	0.601165	-0.792705	-0.101089	0.0	-1.60779	-3.12062	-2.7824299999999997	0.35704600000000003	-0.17907	0.8453440000000001	-0.503316	0.0	0.442493	-0.38772	-0.808624	0.0	-0.878711	-0.36751500000000004	-0.30463	0.0	1.52865	-2.37603	-1.35112	0.358644	
0	0.690392	0.512694	-0.510396	0.0	0.45125699999999996	0.24624200000000002	0.857748	0.0	0.565443	-0.8225020000000001	-0.0613533	0.0	-1.4994399999999999	-3.1005	-2.76988	0.354155	-0.179101	0.84283	-0.507505	0.0	0.443489	-0.39129899999999995	-0.8063520000000001	0.0	-0.8782030000000001	-0.36949099999999996	-0.303704	0.0	1.52426	-2.35449	-1.3385799999999999	0.358639	
0	0.73828	0.479972	-0.47388900000000006	0.0	0.416779	0.22777600000000003	0.880008	0.0	0.530319	-0.8471989999999999	-0.0318801	0.0	-1.4554200000000002	-3.09251	-2.80267	0.35321199999999997	-0.17899500000000002	0.8414159999999999	-0.509882	0.0	0.44522799999999996	-0.392874	-0.804625	0.0	-0.877344	-0.37103800000000003	-0.3043	0.0	1.5219999999999998	-2.34842	-1.33417	0.358494	
0	0.876948	0.37000700000000003	-0.306687	0.0	0.28413299999999997	0.115499	0.9518030000000001	0.0	0.387596	-0.9218219999999999	-0.00384464	0.0	-1.43801	-3.2798	-2.78343	0.352891	-0.184774	0.838892	-0.511975	0.0	0.44833500000000004	-0.391629	-0.803506	0.0	-0.874559	-0.37800300000000003	-0.303742	0.0	1.5421	-2.3549	-1.31518	0.358583	
0	0.923349	0.328415	-0.19892200000000002	0.0	0.18425999999999998	0.07552	0.979972	0.0	0.336861	-0.941509	0.00921758	0.0	-1.5646799999999998	-3.3309900000000003	-2.63327	0.359513	-0.187502	0.839209	-0.510463	0.0	0.44992200000000004	-0.38858200000000004	-0.804099	0.0	-0.8731629999999999	-0.380438	-0.304718	0.0	1.57998	-2.3824799999999997	-1.31084	0.358627	
0	0.9570790000000001	0.277647	-0.0831443	0.0	0.07823279999999999	0.028741900000000004	0.9965209999999999	0.0	0.27907	-0.960253	0.00578718	0.0	-1.7144099999999998	-3.27667	-2.67564	0.359673	-0.188653	0.839981	-0.5087649999999999	0.0	0.450755	-0.386206	-0.8047770000000001	0.0	-0.8724850000000001	-0.381151	-0.305767	0.0	1.617	-2.41684	-1.31433	0.358697	
0	0.97157	0.22723000000000002	0.06647539999999999	0.0	-0.0627989	-0.023379300000000002	0.9977520000000001	0.0	0.22827399999999998	-0.97356	-0.008444799999999999	0.0	-1.8851900000000001	-3.06164	-2.7627200000000003	0.35817899999999997	-0.189531	0.8393520000000001	-0.5094770000000001	0.0	0.44963100000000006	-0.387085	-0.804983	0.0	-0.8728739999999999	-0.381646	-0.304034	0.0	1.62673	-2.44407	-1.30724	0.358742	
0	0.961198	0.184793	0.204819	0.0	-0.196613	-0.0618923	0.978526	0.0	0.193501	-0.980827	-0.0231582	0.0	-1.9947	-2.84781	-2.81122	0.357087	-0.188645	0.838949	-0.510468	0.0	0.448642	-0.388764	-0.804726	0.0	-0.873575	-0.380825	-0.30305	0.0	1.62971	-2.4462200000000003	-1.3058100000000001	0.358725	
0	0.929976	0.18269100000000002	0.31901199999999996	0.0	-0.302316	-0.11367999999999999	0.9464049999999999	0.0	0.20916500000000002	-0.976576	-0.050489599999999996	0.0	-2.0792599999999997	-2.54078	-2.88266	0.356759	-0.18517999999999998	0.838966	-0.511707	0.0	0.442945	-0.393558	-0.805551	0.0	-0.877216	-0.37583	-0.298737	0.0	1.6180700000000001	-2.45396	-1.30251	0.358865	
0	0.892756	0.189614	0.408697	0.0	-0.389875	-0.129491	0.911718	0.0	0.22579699999999997	-0.973283	-0.0416786	0.0	-2.07349	-2.22876	-2.91341	0.356325	-0.185052	0.8384780000000001	-0.5125529999999999	0.0	0.436308	-0.39724	-0.8073640000000001	0.0	-0.8805629999999999	-0.373035	-0.292324	0.0	1.56063	-2.4577299999999997	-1.2966600000000001	0.359009	
0	0.8838030000000001	0.185636	0.429454	0.0	-0.41467200000000004	-0.114255	0.9027700000000001	0.0	0.21665399999999999	-0.9759540000000001	-0.0240007	0.0	-2.0674	-2.16832	-2.8824	0.35584499999999997	-0.186388	0.8371139999999999	-0.514296	0.0	0.435022	-0.39904	-0.8071699999999999	0.0	-0.880918	-0.374177	-0.289787	0.0	1.5421	-2.46041	-1.29051	0.359122	
0	0.867707	0.187133	0.460506	0.0	-0.45518100000000006	-0.07313	0.887391	0.0	0.199737	-0.9796090000000001	0.0217237	0.0	-2.05071	-2.16014	-2.75707	0.355802	-0.188253	0.833674	-0.51918	0.0	0.43788699999999997	-0.401932	-0.80418	0.0	-0.879099	-0.378732	-0.28939000000000004	0.0	1.51991	-2.46212	-1.28152	0.359051	
0	0.8627360000000001	0.18995	0.468621	0.0	-0.467762	-0.0521952	0.8823120000000001	0.0	0.192055	-0.980405	0.0438205	0.0	-2.0413200000000002	-2.22973	-2.70115	0.356054	-0.188445	0.832764	-0.52057	0.0	0.438942	-0.40275700000000003	-0.803192	0.0	-0.878532	-0.379857	-0.289638	0.0	1.52231	-2.46035	-1.28282	0.358986	
0	0.858397	0.202179	0.47146499999999997	0.0	-0.47764700000000004	-0.020210099999999998	0.8783190000000001	0.0	0.187106	-0.97914	0.07922180000000001	0.0	-2.0007900000000003	-2.40634	-2.60764	0.356365	-0.188526	0.832247	-0.521366	0.0	0.440076	-0.403007	-0.802445	0.0	-0.8779469999999999	-0.380722	-0.290275	0.0	1.53092	-2.4512	-1.28196	0.358985	
0	0.856092	0.21988000000000002	0.467718	0.0	-0.48284399999999994	0.017544900000000002	0.875531	0.0	0.184306	-0.975369	0.121188	0.0	-1.9266299999999998	-2.7205	-2.47899	0.356116	-0.19017699999999998	0.832794	-0.519892	0.0	0.44114	-0.400596	-0.803068	0.0	-0.877057	-0.38206999999999997	-0.291195	0.0	1.54166	-2.45402	-1.27379	0.358985	
0	0.850145	0.23103800000000002	0.473155	0.0	-0.493962	0.038727	0.8686209999999999	0.0	0.182361	-0.972174	0.147048	0.0	-1.8813799999999998	-2.88125	-2.44467	0.356006	-0.191466	0.831823	-0.520972	0.0	0.44205	-0.400828	-0.802452	0.0	-0.876318	-0.383938	-0.290963	0.0	1.54484	-2.45304	-1.26245	0.359058	
0	0.8491620000000001	0.223311	0.47859799999999997	0.0	-0.496875	0.0306663	0.8672799999999999	0.0	0.17899600000000002	-0.9742649999999999	0.136998	0.0	-1.8376099999999997	-2.9711	-2.43618	0.357335	-0.189916	0.829958	-0.524501	0.0	0.444033	-0.403858	-0.799834	0.0	-0.8756520000000001	-0.384797	-0.29183000000000003	0.0	1.54864	-2.45627	-1.2574100000000001	0.35872	
0	0.8486600000000001	0.21633400000000003	0.482675	0.0	-0.49963500000000005	0.028353800000000002	0.865772	0.0	0.17361	-0.975908	0.132151	0.0	-1.79755	-3.0238	-2.43067	0.357796	-0.189888	0.828297	-0.527131	0.0	0.44411300000000004	-0.406366	-0.7985180000000001	0.0	-0.875618	-0.385734	-0.290693	0.0	1.54902	-2.4529400000000003	-1.24871	0.358808	
0	0.8564700000000001	0.203396	0.47443599999999997	0.0	-0.491016	0.0374565	0.870345	0.0	0.159253	-0.9783799999999999	0.131951	0.0	-1.74269	-3.1509099999999997	-2.4039599999999997	0.35551900000000003	-0.18897	0.8267389999999999	-0.529899	0.0	0.444601	-0.409113	-0.796842	0.0	-0.875569	-0.38617199999999996	-0.290259	0.0	1.54946	-2.44133	-1.2347	0.358848	
0	0.857611	0.193281	0.476599	0.0	-0.49281899999999995	0.043818800000000005	0.869028	0.0	0.147083	-0.9801639999999999	0.132832	0.0	-1.71193	-3.22994	-2.39318	0.355172	-0.18883	0.827413	-0.528895	0.0	0.44396	-0.408472	-0.7975270000000001	0.0	-0.8759239999999999	-0.385405	-0.290206	0.0	1.54775	-2.44728	-1.21069	0.35878000000000004	
0	0.8682489999999999	0.160956	0.469293	0.0	-0.482203	0.05123969999999999	0.87456	0.0	0.116719	-0.9856309999999999	0.122102	0.0	-1.72812	-3.3276	-2.40176	0.356628	-0.189727	0.826692	-0.529702	0.0	0.444254	-0.40883400000000003	-0.7971779999999999	0.0	-0.8755809999999999	-0.38656799999999997	-0.289695	0.0	1.54677	-2.4468900000000002	-1.18855	0.35881599999999997	
0	0.874483	0.106625	0.47319300000000003	0.0	-0.480415	0.055747500000000005	0.875268	0.0	0.066946	-0.992735	0.09997439999999999	0.0	-1.8173599999999999	-3.45465	-2.37738	0.356811	-0.190679	0.8247200000000001	-0.532428	0.0	0.444438	-0.41107899999999997	-0.79592	0.0	-0.875281	-0.388397	-0.288153	0.0	1.5480200000000002	-2.44332	-1.18023	0.358656	
0	0.859833	0.05234169999999999	0.507886	0.0	-0.510414	0.06308369999999999	0.857612	0.0	0.0128495	-0.996635	0.0809574	0.0	-1.89303	-3.56969	-2.38657	0.36094899999999996	-0.19061199999999998	0.8237110000000001	-0.534011	0.0	0.443723	-0.412946	-0.795353	0.0	-0.875658	-0.388556	-0.286788	0.0	1.56257	-2.4287799999999997	-1.17003	0.35870599999999997	
0	0.8255969999999999	0.00599524	0.564229	0.0	-0.562679	0.0835635	0.822441	0.0	-0.04221830000000001	-0.9964850000000001	0.07236319999999999	0.0	-1.9145	-3.6285	-2.40406	0.363734	-0.191688	0.823644	-0.533728	0.0	0.44320600000000004	-0.412563	-0.79584	0.0	-0.875685	-0.389104	-0.285961	0.0	1.56786	-2.44199	-1.17039	0.358761	
0	0.793353	-0.000540763	0.608762	0.0	-0.605657	0.10017899999999999	0.789395	0.0	-0.0614121	-0.9949690000000001	0.0791499	0.0	-1.91944	-3.6258800000000004	-2.4140599999999997	0.367269	-0.193997	0.823355	-0.5333399999999999	0.0	0.443725	-0.41122700000000006	-0.796242	0.0	-0.8749129999999999	-0.391125	-0.285566	0.0	1.5785200000000001	-2.44913	-1.1614200000000001	0.35884099999999997	
0	0.78092	-2.0355e-05	0.624631	0.0	-0.621054	0.10683800000000002	0.776452	0.0	-0.06674989999999999	-0.9942770000000001	0.08341889999999999	0.0	-1.9189599999999998	-3.6248400000000003	-2.42006	0.36733299999999997	-0.194131	0.8224889999999999	-0.534626	0.0	0.44353100000000006	-0.412516	-0.795683	0.0	-0.8749819999999999	-0.39159	-0.28471799999999997	0.0	1.5838299999999998	-2.44773	-1.15657	0.35878899999999997	
0	0.722032	-0.0249995	0.691408	0.0	-0.685092	0.113596	0.719545	0.0	-0.0965291	-0.9932129999999999	0.0648927	0.0	-1.9109	-3.62302	-2.41636	0.364629	-0.19070499999999999	0.817661	-0.543196	0.0	0.437705	-0.42446999999999996	-0.792616	0.0	-0.878662	-0.388915	-0.276945	0.0	1.60766	-2.43496	-1.14473	0.358584	
0	0.667367	-0.0244142	0.744329	0.0	-0.740187	0.08846860000000001	0.666555	0.0	-0.0821232	-0.9957799999999999	0.04097	0.0	-1.8988	-3.62799	-2.38783	0.361559	-0.183362	0.811822	-0.554367	0.0	0.42656700000000003	-0.44236400000000003	-0.788894	0.0	-0.885674	-0.381128	-0.26518400000000003	0.0	1.56895	-2.4037	-1.1123	0.358646	
0	0.6015560000000001	-0.01852	0.798616	0.0	-0.796326	0.0652035	0.601344	0.0	-0.0632095	-0.9977	0.0244755	0.0	-1.88483	-3.6317800000000005	-2.35347	0.353044	-0.17824	0.803549	-0.567926	0.0	0.4146	-0.462104	-0.7839430000000001	0.0	-0.8923770000000001	-0.375192	-0.250786	0.0	1.51955	-2.35756	-1.06313	0.358626	
0	0.586889	-0.0245651	0.809295	0.0	-0.808157	0.0432559	0.587377	0.0	-0.0494358	-0.998762	0.00553392	0.0	-1.88535	-3.63475	-2.34432	0.346555	-0.179617	0.802467	-0.569021	0.0	0.409518	-0.46493100000000004	-0.784942	0.0	-0.894446	-0.374013	-0.245115	0.0	1.49444	-2.34458	-1.03709	0.358623	
0	0.569156	-0.0340929	0.821522	0.0	-0.820959	0.0319572	0.570092	0.0	-0.0456897	-0.998908	-0.00980027	0.0	-1.87959	-3.6315800000000005	-2.34511	0.3188	-0.182418	0.799496	-0.5723020000000001	0.0	0.403715	-0.469833	-0.78503	0.0	-0.8965139999999999	-0.374251	-0.237062	0.0	1.4655200000000002	-2.3248	-0.986706	0.358643	
0	0.555081	-0.0269012	0.831361	0.0	-0.830363	0.0407365	0.555732	0.0	-0.0488166	-0.998808	0.000274286	0.0	-1.8633099999999998	-3.6231199999999997	-2.36957	0.29226599999999997	-0.18474000000000002	0.799003	-0.572246	0.0	0.402041	-0.46987700000000004	-0.785862	0.0	-0.896791	-0.375246	-0.234427	0.0	1.4597200000000001	-2.32647	-0.977569	0.358577	
0	0.5391640000000001	-0.0327077	0.841565	0.0	-0.841616	0.0163007	0.5398310000000001	0.0	-0.0313748	-0.999332	-0.0187387	0.0	-1.8247900000000001	-3.59294	-2.41606	0.127946	-0.187829	0.797847	-0.572854	0.0	0.397267	-0.471688	-0.787204	0.0	-0.8982760000000001	-0.37543499999999996	-0.228361	0.0	1.4522700000000002	-2.30462	-0.946174	0.358439	
0	0.553784	-0.037962300000000004	0.8317950000000001	0.0	-0.8321799999999999	0.00868164	0.554437	0.0	-0.028269	-0.9992409999999999	-0.0267837	0.0	-1.82328	-3.5913199999999996	-2.4194	0.128413	-0.189085	0.798078	-0.572117	0.0	0.39417800000000003	-0.47193599999999997	-0.788607	0.0	-0.899372	-0.37463	-0.22534899999999997	0.0	1.44118	-2.2932	-0.9273399999999999	0.35849899999999996	
0	0.572207	-0.0350253	0.819361	0.0	-0.819982	-0.00680536	0.572349	0.0	-0.0144708	-0.9993629999999999	-0.0326143	0.0	-1.83895	-3.59185	-2.41701	0.12854000000000002	-0.189525	0.798778	-0.570994	0.0	0.385807	-0.474178	-0.791397	0.0	-0.902903	-0.370283	-0.218306	0.0	1.41079	-2.26347	-0.900602	0.358638	
0	0.58196	-0.018018	0.813018	0.0	-0.813121	-0.028311400000000004	0.5814060000000001	0.0	0.0125417	-0.9994370000000001	-0.031127	0.0	-1.8718400000000002	-3.5944599999999998	-2.41507	0.127602	-0.190558	0.79878	-0.570647	0.0	0.38251	-0.474938	-0.7925409999999999	0.0	-0.9040870000000001	-0.369303	-0.21503899999999998	0.0	1.3888	-2.26332	-0.8845129999999999	0.358756	
0	0.599352	-0.025812799999999997	0.80007	0.0	-0.799917	0.0183517	0.59983	0.0	-0.030166000000000002	-0.999498	-0.00964901	0.0	-1.8767900000000002	-3.59487	-2.42755	0.127629	-0.191825	0.799539	-0.5691579999999999	0.0	0.382731	-0.47307	-0.79355	0.0	-0.903726	-0.370057	-0.21526199999999998	0.0	1.38216	-2.26361	-0.880257	0.358655	
0	0.805054	-0.051795299999999996	0.5909369999999999	0.0	-0.592722	-0.0301507	0.804843	0.0	-0.023869900000000003	-0.9982030000000001	-0.0549731	0.0	-1.96143	-3.55	-2.62819	0.126866	-0.196571	0.806016	-0.558299	0.0	0.382452	-0.46127399999999996	-0.8005979999999999	0.0	-0.902824	-0.370896	-0.21758899999999998	0.0	1.39235	-2.2879400000000003	-0.8918379999999999	0.358822	
0	0.812966	-0.0673994	0.578398	0.0	-0.580954	-0.0260839	0.813519	0.0	-0.0397439	-0.9973850000000001	-0.0603612	0.0	-1.9571599999999998	-3.55671	-2.6387400000000003	0.126409	-0.197198	0.8066399999999999	-0.557176	0.0	0.382569	-0.45996000000000004	-0.801298	0.0	-0.9026370000000001	-0.371172	-0.217892	0.0	1.39289	-2.29027	-0.8911120000000001	0.358721	
0	0.8558600000000001	0.162356	0.491063	0.0	-0.43108	-0.300698	0.850735	0.0	0.28578400000000004	-0.9397989999999999	-0.187366	0.0	-2.3505700000000003	-3.22653	-2.64467	0.127825	-0.208715	0.824673	-0.525692	0.0	0.383662	-0.425396	-0.819659	0.0	-0.8995790000000001	-0.372763	-0.227609	0.0	1.43537	-2.35981	-0.9254030000000001	0.35906	
0	0.868389	0.197079	0.455038	0.0	-0.373265	-0.34432199999999996	0.861461	0.0	0.32645599999999997	-0.917934	-0.22544299999999998	0.0	-2.42523	-3.18371	-2.63623	0.127831	-0.20950100000000002	0.829915	-0.5170600000000001	0.0	0.384009	-0.41647799999999996	-0.8240649999999999	0.0	-0.8992479999999999	-0.371199	-0.231442	0.0	1.44907	-2.41158	-0.956166	0.359344	
0	0.887025	0.273042	0.372337	0.0	-0.25833	-0.374898	0.8903469999999999	0.0	0.38269000000000003	-0.8859450000000001	-0.262009	0.0	-2.54872	-2.99262	-2.59682	0.127777	-0.20765100000000003	0.8259629999999999	-0.524085	0.0	0.396554	-0.41868599999999995	-0.816974	0.0	-0.8942180000000001	-0.377474	-0.24059899999999998	0.0	1.49342	-2.52077	-1.01909	0.359643	
0	0.8931129999999999	0.293204	0.341146	0.0	-0.214227	-0.389627	0.895711	0.0	0.395546	-0.8730530000000001	-0.285169	0.0	-2.5855900000000003	-2.94054	-2.572	0.12769	-0.204983	0.8200069999999999	-0.534388	0.0	0.40469299999999997	-0.42611800000000005	-0.809103	0.0	-0.8911819999999999	-0.382115	-0.244504	0.0	1.50193	-2.57418	-1.03787	0.359815	
0	0.8960899999999999	0.368832	0.246954	0.0	-0.09659060000000001	-0.380999	0.919517	0.0	0.43323599999999995	-0.847823	-0.30578299999999997	0.0	-2.6901	-2.35118	-2.53776	0.127925	-0.193254	0.802779	-0.564091	0.0	0.422662	-0.45073199999999997	-0.7862560000000001	0.0	-0.885444	-0.390367	-0.252198	0.0	1.52747	-2.7143900000000003	-1.06958	0.360794	
0	0.856144	0.490875	0.161428	0.0	0.037968199999999994	-0.371313	0.927731	0.0	0.5153399999999999	-0.788142	-0.336536	0.0	-2.6571700000000003	-1.7731700000000001	-2.52776	0.127876	-0.17936	0.792091	-0.583457	0.0	0.43028299999999997	-0.470178	-0.7705770000000001	0.0	-0.8846959999999999	-0.389262	-0.25649299999999997	0.0	1.5288899999999999	-2.77787	-1.0827200000000001	0.36096	
0	0.8330719999999999	0.538067	0.128358	0.0	0.09862330000000001	-0.372799	0.9226559999999999	0.0	0.5443020000000001	-0.75598	-0.363635	0.0	-2.49848	-1.1928	-2.52738	0.127952	-0.182006	0.788035	-0.588112	0.0	0.429138	-0.47447700000000004	-0.768578	0.0	-0.884712	-0.39226700000000003	-0.251818	0.0	1.50148	-2.82907	-1.0890799999999998	0.360819	
4	0.82021	0.560517	0.114353	0.0	0.121576	-0.366125	0.9225899999999999	0.0	0.558995	-0.742815	-0.36844499999999997	0.0	-2.50527	-1.00947	-2.4925200000000003	0.127947	-0.182171	0.788409	-0.587558	0.0	0.427853	-0.47446099999999997	-0.769305	0.0	-0.8853	-0.391533	-0.25089	0.0	1.49465	-2.86311	-1.0979999999999999	0.360658	
4	0.798185	0.596482	0.0843235	0.0	0.158143	-0.342541	0.926097	0.0	0.581284	-0.725862	-0.367741	0.0	-2.4746200000000003	-0.710904	-2.38266	0.127956	-0.182141	0.7880050000000001	-0.58811	0.0	0.427411	-0.475203	-0.769092	0.0	-0.8855190000000001	-0.391448	-0.250249	0.0	1.47668	-2.88363	-1.10361	0.360526	
4	0.786099	0.612776	0.08096060000000001	0.0	0.165838	-0.335275	0.9274100000000001	0.0	0.595438	-0.715609	-0.365181	0.0	-2.4391	-0.6373939999999999	-2.3495	0.127889	-0.181105	0.7877430000000001	-0.58878	0.0	0.42702299999999993	-0.476313	-0.76862	0.0	-0.885919	-0.39062399999999997	-0.25012199999999996	0.0	1.47421	-2.8803	-1.10331	0.360553	
4	0.762353	0.642057	0.0811277	0.0	0.19064	-0.342598	0.9199360000000001	0.0	0.618446	-0.68585	-0.38358200000000003	0.0	-2.3456	-0.575711	-2.3495	0.127878	-0.176731	0.7870590000000001	-0.59102	0.0	0.424379	-0.480857	-0.767255	0.0	-0.88807	-0.386414	-0.249029	0.0	1.46167	-2.85813	-1.10205	0.36086	
4	0.694343	0.7196319999999999	0.00415638	0.0	0.340161	-0.333286	0.879324	0.0	0.634175	-0.609139	-0.47620500000000004	0.0	-2.2455	-0.6653319999999999	-2.4906099999999998	0.127877	-0.114318	0.78238	-0.61222	0.0	0.430461	-0.516393	-0.740298	0.0	-0.8953399999999999	-0.348166	-0.277751	0.0	1.45261	-2.78723	-1.14905	0.362915	
4	0.651989	0.75785	-0.023952900000000003	0.0	0.394756	-0.31230399999999997	0.86408	0.0	0.647362	-0.5728260000000001	-0.502785	0.0	-2.1696400000000002	-0.758908	-2.56577	0.12793800000000002	-0.031868900000000006	0.769277	-0.63812	0.0	0.431936	-0.565149	-0.702879	0.0	-0.901341	-0.298027	-0.314268	0.0	1.44923	-2.7206200000000003	-1.2625899999999999	0.363241	
4	0.6013310000000001	0.798474	-0.0289843	0.0	0.43938699999999997	-0.300169	0.8466629999999999	0.0	0.667338	-0.52186	-0.5313399999999999	0.0	-2.0797	-0.8616	-2.6404900000000002	0.127966	0.09187689999999998	0.733295	-0.673674	0.0	0.41781	-0.642491	-0.642371	0.0	-0.903877	-0.22244899999999998	-0.365408	0.0	1.42105	-2.61706	-1.39749	0.36351	
4	0.5525899999999999	0.8332639999999999	0.017727700000000002	0.0	0.457452	-0.321008	0.8292709999999999	0.0	0.696693	-0.45013800000000004	-0.558565	0.0	-1.88697	-0.9966520000000001	-2.67298	0.12789	0.233082	0.6677810000000001	-0.706924	0.0	0.378743	-0.731883	-0.5664819999999999	0.0	-0.8956709999999999	-0.135706	-0.42350699999999997	0.0	1.30987	-2.5442400000000003	-1.62093	0.363694	
4	0.5369659999999999	0.842823	0.0362808	0.0	0.45136099999999996	-0.323366	0.8316899999999999	0.0	0.712699	-0.430213	-0.554055	0.0	-1.7681200000000001	-1.09846	-2.71611	0.127973	0.27973200000000004	0.631058	-0.723544	0.0	0.343787	-0.769497	-0.538225	0.0	-0.896415	-0.09818589999999999	-0.43220299999999995	0.0	1.18925	-2.56145	-1.74813	0.36341599999999996	
4	0.52893	0.847741	0.0396031	0.0	0.449499	-0.319427	0.834217	0.0	0.71985	-0.423441	-0.550013	0.0	-1.67387	-1.20945	-2.75141	0.127887	0.29093600000000003	0.615596	-0.732392	0.0	0.328611	-0.7832319999999999	-0.527791	0.0	-0.898538	-0.0871191	-0.430162	0.0	1.07589	-2.6165	-1.82342	0.363657	
4	0.528434	0.8480979999999999	0.0385562	0.0	0.450238	-0.318459	0.8341879999999999	0.0	0.7197520000000001	-0.423454	-0.55013	0.0	-1.66298	-1.2211299999999998	-2.7539599999999997	0.12789	0.291392	0.614589	-0.733056	0.0	0.32812399999999997	-0.784035	-0.5269	0.0	-0.898568	-0.08699910000000001	-0.430123	0.0	1.0630700000000002	-2.62446	-1.83096	0.363665	
