0	0.11444800000000001	0.956601	-0.267985	0.0	0.23494099999999998	0.236042	0.9429139999999999	0.0	0.965248	-0.170875	-0.19773	0.0	-2.82706	1.9831400000000001	1.32749	0.0	-0.23111399999999999	0.732657	-0.640157	0.0	0.44058500000000006	-0.507827	-0.740268	0.0	-0.867451	-0.45313000000000003	-0.205432	0.0	2.59528	1.9971	1.50544	4.89317e-06	
0	0.12307699999999999	0.9542459999999999	-0.272521	0.0	0.24119699999999997	0.23761100000000002	0.9409379999999999	0.0	0.9626399999999999	-0.181539	-0.200916	0.0	-2.89732	1.96538	1.2131399999999999	0.0	0.102237	0.681331	-0.7248	0.0	-0.0580178	-0.723294	-0.688099	0.0	-0.993067	0.1124	-0.0344181	0.0	2.6084099999999997	1.9796099999999999	1.51104	0.0	
0	-0.0373166	0.9360149999999999	-0.349975	0.0	0.24504099999999998	0.348097	0.904866	0.0	0.968794	-0.05199159999999999	-0.242352	0.0	-2.96969	2.12915	0.92119	0.349084	0.193389	0.766658	-0.612239	0.0	-0.100161	-0.605332	-0.789646	0.0	-0.9759959999999999	0.214031	-0.040275	0.0	2.76539	2.18624	1.3445799999999999	0.361211	
0	0.013473599999999999	0.923897	-0.382405	0.0	0.306238	0.360248	0.881158	0.0	0.95186	-0.12897899999999998	-0.278079	0.0	-2.87785	2.17856	0.8663379999999999	0.35440900000000003	0.131064	0.855643	-0.500696	0.0	0.0608451	-0.511043	-0.857399	0.0	-0.989505	0.0819095	-0.11904100000000001	0.0	2.7955799999999997	2.07096	1.23088	0.36396999999999996	
0	0.24445799999999998	0.9264049999999999	-0.28638	0.0	0.397406	0.173677	0.901058	0.0	0.884482	-0.33408000000000004	-0.325703	0.0	-2.94422	1.9024900000000002	0.858949	0.35565399999999997	-0.020399	0.9255040000000001	-0.378189	0.0	0.23256999999999997	-0.363498	-0.902098	0.0	-0.972366	-0.106357	-0.20782899999999999	0.0	2.75051	1.7136099999999999	1.10924	0.36401700000000003	
0	0.388752	0.887033	-0.249088	0.0	0.426012	0.0666596	0.902259	0.0	0.816937	-0.45686899999999997	-0.351972	0.0	-3.04371	1.63127	0.797107	0.356224	-0.06070880000000001	0.936969	-0.344099	0.0	0.298582	-0.31190300000000004	-0.9019790000000001	0.0	-0.952451	-0.1575	-0.260827	0.0	2.75947	1.42272	0.909718	0.36399899999999996	
0	0.47496800000000006	0.8492370000000001	-0.23065500000000003	0.0	0.449508	-0.00880034	0.8932329999999999	0.0	0.756537	-0.527938	-0.385918	0.0	-3.1132400000000002	1.4203299999999999	0.726197	0.357189	-0.102526	0.928217	-0.357635	0.0	0.354987	-0.301714	-0.8848459999999999	0.0	-0.929232	-0.217675	-0.298572	0.0	2.7273400000000003	1.2103	0.790928	0.36396300000000004	
0	0.546028	0.802956	-0.23898899999999998	0.0	0.46621	-0.0542172	0.8830110000000001	0.0	0.696062	-0.593567	-0.40395	0.0	-3.2320900000000004	1.14866	0.592438	0.357267	-0.117093	0.8984540000000001	-0.423166	0.0	0.436701	-0.336111	-0.8344590000000001	0.0	-0.8919540000000001	-0.282506	-0.35299899999999995	0.0	2.7118700000000002	0.9600879999999999	0.638817	0.364002	
0	0.580752	0.777705	-0.24063	0.0	0.46685299999999996	-0.07601310000000001	0.8810620000000001	0.0	0.6669149999999999	-0.624017	-0.40721799999999997	0.0	-3.31855	0.9204540000000001	0.430967	0.35731399999999996	-0.11798499999999999	0.8765809999999999	-0.46656800000000004	0.0	0.481955	-0.360252	-0.798711	0.0	-0.868216	-0.3191	-0.379968	0.0	2.69354	0.762814	0.489993	0.36396	
0	0.620634	0.735584	-0.271532	0.0	0.477947	-0.0803716	0.874704	0.0	0.621595	-0.6726489999999999	-0.401452	0.0	-3.39583	0.629387	0.236461	0.358459	-0.12175799999999999	0.847456	-0.5167149999999999	0.0	0.5113479999999999	-0.392629	-0.7644380000000001	0.0	-0.8507049999999999	-0.357297	-0.38553899999999997	0.0	2.67178	0.5238659999999999	0.32192	0.36448600000000003	
0	0.6483939999999999	0.707268	-0.28170500000000004	0.0	0.474558	-0.0861456	0.8759979999999999	0.0	0.595298	-0.701677	-0.391496	0.0	-3.46	0.325343	4.82854e-05	0.357628	-0.152082	0.8230620000000001	-0.547211	0.0	0.551762	-0.38864699999999996	-0.737911	0.0	-0.820018	-0.414153	-0.39502800000000005	0.0	2.6431299999999998	0.26822399999999996	0.169531	0.363967	
0	0.6665260000000001	0.677037	-0.31203200000000003	0.0	0.48217200000000005	-0.07229769999999999	0.873088	0.0	0.568554	-0.7323890000000001	-0.374637	0.0	-3.50355	0.0118726	-0.202876	0.357626	-0.186292	0.8043859999999999	-0.564144	0.0	0.5961609999999999	-0.363863	-0.715679	0.0	-0.780953	-0.469646	-0.41175900000000004	0.0	2.65112	-0.020263099999999996	0.012262100000000001	0.363979	
0	0.6755869999999999	0.6661779999999999	-0.315893	0.0	0.48121499999999995	-0.0738154	0.873489	0.0	0.558582	-0.742131	-0.370444	0.0	-3.46429	-0.207808	-0.32623800000000003	0.357131	-0.20264300000000002	0.7883560000000001	-0.580888	0.0	0.630242	-0.349016	-0.69353	0.0	-0.749488	-0.5066390000000001	-0.426129	0.0	2.6977900000000004	-0.266363	-0.194872	0.363946	
0	0.6924779999999999	0.640971	-0.331106	0.0	0.488237	-0.0784812	0.869175	0.0	0.53113	-0.7635430000000001	-0.367292	0.0	-3.4254599999999997	-0.462929	-0.46988199999999997	0.357151	-0.229448	0.768588	-0.5971810000000001	0.0	0.6548189999999999	-0.332042	-0.678941	0.0	-0.720115	-0.5468270000000001	-0.4271	0.0	2.74588	-0.5258430000000001	-0.369184	0.363964	
0	0.698335	0.631717	-0.336545	0.0	0.48926400000000003	-0.07809889999999998	0.868632	0.0	0.522446	-0.771255	-0.363616	0.0	-3.44896	-0.721493	-0.637894	0.357481	-0.24057399999999998	0.758987	-0.605031	0.0	0.664374	-0.32567399999999996	-0.672714	0.0	-0.707624	-0.563805	-0.42590200000000006	0.0	2.7641	-0.753293	-0.547415	0.363983	
0	0.701125	0.620875	-0.35062600000000005	0.0	0.48963999999999996	-0.06176330000000001	0.869735	0.0	0.5183409999999999	-0.781473	-0.34730900000000003	0.0	-3.4783199999999996	-0.974657	-0.7634029999999999	0.357165	-0.260268	0.7414930000000001	-0.618424	0.0	0.6669069999999999	-0.325108	-0.670478	0.0	-0.698209	-0.586935	-0.40989200000000003	0.0	2.7481	-0.9747950000000001	-0.613785	0.36396100000000003	
0	0.699029	0.623885	-0.349466	0.0	0.486116	-0.0561714	0.8720870000000001	0.0	0.524452	-0.7794949999999999	-0.342546	0.0	-3.4815699999999996	-1.0972600000000001	-0.829335	0.35672	-0.265218	0.728777	-0.631303	0.0	0.66371	-0.336944	-0.667801	0.0	-0.699392	-0.596115	-0.394333	0.0	2.73009	-1.11889	-0.6432760000000001	0.363975	
0	0.6968479999999999	0.625175	-0.351508	0.0	0.48705299999999996	-0.052728	0.8717790000000001	0.0	0.5264810000000001	-0.778701	-0.341237	0.0	-3.4691300000000003	-1.141	-0.8748290000000001	0.356202	-0.27018200000000003	0.7227180000000001	-0.636146	0.0	0.66028	-0.341791	-0.668737	0.0	-0.7007369999999999	-0.600715	-0.38485	0.0	2.6870700000000003	-1.20866	-0.589282	0.363993	
0	0.695509	0.624707	-0.354976	0.0	0.489885	-0.0508776	0.870301	0.0	0.525623	-0.7792	-0.34142100000000003	0.0	-3.4623800000000005	-1.14339	-0.8874190000000001	0.356107	-0.27145199999999997	0.722003	-0.636416	0.0	0.65851	-0.342914	-0.669906	0.0	-0.70191	-0.600934	-0.382362	0.0	2.6705799999999997	-1.22756	-0.564588	0.363967	
0	0.691884	0.62221	-0.366267	0.0	0.497115	-0.0426314	0.8666370000000001	0.0	0.5236149999999999	-0.7816890000000001	-0.338806	0.0	-3.48191	-1.10712	-0.825449	0.355367	-0.269987	0.713739	-0.646285	0.0	0.658957	-0.352437	-0.664503	0.0	-0.702056	-0.6052810000000001	-0.37517	0.0	2.6288099999999996	-1.2221600000000001	-0.566994	0.363975	
0	0.6706310000000001	0.633417	-0.38605300000000004	0.0	0.512965	-0.020065799999999998	0.858175	0.0	0.535836	-0.77355	-0.338378	0.0	-3.50335	-1.07152	-0.791162	0.355246	-0.271573	0.70634	-0.6537069999999999	0.0	0.661393	-0.356457	-0.6599229999999999	0.0	-0.6991470000000001	-0.611574	-0.37036399999999997	0.0	2.62776	-1.19481	-0.519861	0.363987	
0	0.669427	0.634263	-0.386754	0.0	0.5138149999999999	-0.019312	0.857684	0.0	0.536528	-0.772876	-0.33882199999999996	0.0	-3.5040199999999997	-1.0701399999999999	-0.7875909999999999	0.35519	-0.271443	0.7065100000000001	-0.653576	0.0	0.6613829999999999	-0.356408	-0.659959	0.0	-0.699207	-0.611406	-0.37053	0.0	2.6272900000000003	-1.19534	-0.519215	0.363979	
0	0.669433	0.634263	-0.386743	0.0	0.513806	-0.019319799999999998	0.8576889999999999	0.0	0.536529	-0.772876	-0.33882199999999996	0.0	-3.50401	-1.0702200000000002	-0.787669	0.355191	-0.27144	0.706515	-0.653572	0.0	0.661381	-0.35640700000000003	-0.6599619999999999	0.0	-0.6992109999999999	-0.6114	-0.37053200000000003	0.0	2.6272900000000003	-1.19537	-0.5193	0.36398	
0	0.669433	0.634263	-0.386743	0.0	0.513806	-0.01932	0.8576889999999999	0.0	0.536528	-0.772876	-0.33882199999999996	0.0	-3.50401	-1.0702200000000002	-0.78767	0.355191	-0.27144	0.706515	-0.653572	0.0	0.661381	-0.35640700000000003	-0.6599619999999999	0.0	-0.6992109999999999	-0.6114	-0.37053200000000003	0.0	2.6272900000000003	-1.19537	-0.5193	0.36398	
0	0.669433	0.634263	-0.386743	0.0	0.513806	-0.01932	0.8576889999999999	0.0	0.536528	-0.772876	-0.33882199999999996	0.0	-3.50401	-1.0702200000000002	-0.78767	0.355191	-0.27144	0.706515	-0.653572	0.0	0.661381	-0.35640700000000003	-0.6599619999999999	0.0	-0.6992109999999999	-0.6114	-0.37053200000000003	0.0	2.6272900000000003	-1.19537	-0.5193	0.36398	
0	0.669433	0.634263	-0.386743	0.0	0.513806	-0.01932	0.8576889999999999	0.0	0.536528	-0.772876	-0.33882199999999996	0.0	-3.50401	-1.0702200000000002	-0.78767	0.355191	-0.27144	0.706515	-0.653572	0.0	0.661381	-0.35640700000000003	-0.6599619999999999	0.0	-0.6992109999999999	-0.6114	-0.37053200000000003	0.0	2.6272900000000003	-1.19537	-0.5193	0.363979	
0	0.669433	0.634263	-0.386743	0.0	0.513806	-0.01932	0.8576889999999999	0.0	0.536528	-0.772876	-0.33882199999999996	0.0	-3.50401	-1.0702200000000002	-0.787669	0.355191	-0.27144	0.706515	-0.653572	0.0	0.66138	-0.35640700000000003	-0.6599619999999999	0.0	-0.6992109999999999	-0.6114	-0.37053200000000003	0.0	2.6272900000000003	-1.19537	-0.5193	0.363979	
0	0.669433	0.634263	-0.386743	0.0	0.513806	-0.01932	0.8576889999999999	0.0	0.536528	-0.772876	-0.33882199999999996	0.0	-3.50401	-1.0702200000000002	-0.78767	0.355191	-0.27144	0.706515	-0.653572	0.0	0.661381	-0.35640700000000003	-0.6599619999999999	0.0	-0.6992109999999999	-0.6114	-0.37053200000000003	0.0	2.6272900000000003	-1.19537	-0.5193	0.36398	
0	0.669433	0.634263	-0.386743	0.0	0.513806	-0.01932	0.8576889999999999	0.0	0.536528	-0.772876	-0.33882199999999996	0.0	-3.50401	-1.0702200000000002	-0.787669	0.355191	-0.27144	0.706515	-0.653572	0.0	0.66138	-0.35640700000000003	-0.6599619999999999	0.0	-0.6992109999999999	-0.6114	-0.37053200000000003	0.0	2.6272900000000003	-1.19537	-0.5193	0.36398	
0	0.669433	0.634263	-0.386743	0.0	0.513806	-0.01932	0.8576889999999999	0.0	0.536528	-0.772876	-0.33882199999999996	0.0	-3.50401	-1.0702200000000002	-0.78767	0.355191	-0.27144	0.706515	-0.653572	0.0	0.661381	-0.35640700000000003	-0.6599619999999999	0.0	-0.6992109999999999	-0.6114	-0.37053200000000003	0.0	2.6272900000000003	-1.19537	-0.5193	0.36398	
0	0.669433	0.634263	-0.386743	0.0	0.513806	-0.01932	0.8576889999999999	0.0	0.536528	-0.772876	-0.33882199999999996	0.0	-3.50401	-1.0702200000000002	-0.787669	0.355191	-0.27144	0.706515	-0.653572	0.0	0.661381	-0.35640700000000003	-0.6599619999999999	0.0	-0.6992109999999999	-0.6114	-0.37053200000000003	0.0	2.6272900000000003	-1.19537	-0.5193	0.36398	
0	0.669433	0.634263	-0.386743	0.0	0.513806	-0.01932	0.8576889999999999	0.0	0.536528	-0.772876	-0.33882199999999996	0.0	-3.50401	-1.0702200000000002	-0.78767	0.355191	-0.27144	0.706515	-0.653572	0.0	0.66138	-0.35640700000000003	-0.6599619999999999	0.0	-0.6992109999999999	-0.6114	-0.37053200000000003	0.0	2.6272900000000003	-1.19537	-0.5193	0.36398	
0	0.669433	0.634263	-0.386743	0.0	0.513806	-0.01932	0.8576889999999999	0.0	0.536528	-0.772876	-0.33882199999999996	0.0	-3.50401	-1.0702200000000002	-0.78767	0.355191	-0.27144	0.706515	-0.653572	0.0	0.661381	-0.35640700000000003	-0.6599619999999999	0.0	-0.6992109999999999	-0.6114	-0.37053200000000003	0.0	2.6272900000000003	-1.19537	-0.5193	0.36398	
0	0.23394	0.883785	-0.40521	0.0	0.635475	0.17643499999999998	0.7516930000000001	0.0	0.7358279999999999	-0.43335200000000007	-0.520349	0.0	-3.5232300000000003	-1.07303	-0.8508040000000001	0.357015	-0.042763	0.8484959999999999	-0.527471	0.0	0.540017	-0.42455600000000004	-0.7267279999999999	0.0	-0.840567	-0.31592	-0.440047	0.0	2.57973	-1.17888	-0.487853	0.363992	
0	0.289576	0.878833	-0.379207	0.0	0.6261260000000001	0.125729	0.769519	0.0	0.723956	-0.460265	-0.5138520000000001	0.0	-3.5432300000000003	-1.08579	-0.8546159999999999	0.356596	-0.05764690000000001	0.8589040000000001	-0.508883	0.0	0.5370520000000001	-0.403013	-0.741051	0.0	-0.841577	-0.31601599999999996	-0.43804399999999993	0.0	2.5857799999999997	-1.19517	-0.523798	0.36397199999999996	
0	0.38205500000000003	0.8379469999999999	-0.38971500000000003	0.0	0.633951	0.0691952	0.770271	0.0	0.672413	-0.541347	-0.504781	0.0	-3.59988	-1.2204700000000002	-0.8808969999999999	0.356652	-0.0813193	0.874539	-0.478088	0.0	0.5381100000000001	-0.365235	-0.759632	0.0	-0.838943	-0.319037	-0.44089799999999996	0.0	2.57582	-1.24232	-0.608334	0.36399499999999996	
0	0.479997	0.777121	-0.407045	0.0	0.634211	0.013184600000000001	0.773048	0.0	0.606119	-0.629213	-0.48653	0.0	-3.67745	-1.4885700000000002	-0.933025	0.357714	-0.128237	0.8787659999999999	-0.45970200000000006	0.0	0.554417	-0.320811	-0.7679199999999999	0.0	-0.8223	-0.35334299999999996	-0.446063	0.0	2.5449599999999997	-1.3869200000000002	-0.72477	0.36448200000000003	
0	0.570545	0.7094050000000001	-0.413792	0.0	0.623941	-0.0467998	0.780069	0.0	0.5340189999999999	-0.703246	-0.46932799999999997	0.0	-3.74261	-1.80205	-1.08981	0.357711	-0.18324200000000002	0.8768819999999999	-0.44441099999999994	0.0	0.569512	-0.27378800000000003	-0.775046	0.0	-0.801298	-0.39511799999999997	-0.449226	0.0	2.51136	-1.63248	-0.90886	0.363993	
0	0.633373	0.6336350000000001	-0.44423500000000005	0.0	0.632474	-0.09309810000000002	0.768967	0.0	0.44588599999999995	-0.7680100000000001	-0.45972299999999994	0.0	-3.82944	-2.15905	-1.32574	0.35820100000000005	-0.230452	0.8605809999999999	-0.45419499999999996	0.0	0.5787359999999999	-0.254021	-0.774944	0.0	-0.782277	-0.441446	-0.43950900000000004	0.0	2.4595	-1.9137	-1.0968	0.363983	
0	0.666439	0.573728	-0.476125	0.0	0.6435489999999999	-0.120234	0.755903	0.0	0.376436	-0.8101729999999999	-0.449351	0.0	-3.9323099999999998	-2.56157	-1.62196	0.358116	-0.252521	0.842706	-0.47547799999999996	0.0	0.568968	-0.26814499999999997	-0.777415	0.0	-0.782629	-0.466846	-0.411761	0.0	2.3917900000000003	-2.21085	-1.24761	0.36401100000000003	
0	0.661469	0.503827	-0.5555329999999999	0.0	0.68518	-0.104796	0.720796	0.0	0.30493899999999996	-0.857424	-0.41453199999999996	0.0	-4.0195099999999995	-2.96745	-1.9189599999999998	0.35777	-0.26471100000000003	0.8290350000000001	-0.49257399999999996	0.0	0.555579	-0.286391	-0.7805840000000001	0.0	-0.788201	-0.480293	-0.384784	0.0	2.2942	-2.41919	-1.32571	0.363976	
0	0.601807	0.478415	-0.63949	0.0	0.743639	-0.043662400000000004	0.667154	0.0	0.29125500000000004	-0.8770479999999999	-0.382044	0.0	-4.055680000000001	-3.2804699999999998	-2.1191	0.358694	-0.27143	0.821132	-0.5020640000000001	0.0	0.549203	-0.296241	-0.781421	0.0	-0.790381	-0.487836	-0.370559	0.0	2.1947900000000002	-2.52771	-1.33568	0.36396999999999996	
0	0.517543	0.45656599999999997	-0.723669	0.0	0.807319	0.0196851	0.589787	0.0	0.283522	-0.8894719999999999	-0.35840700000000003	0.0	-4.02556	-3.5565900000000004	-2.29773	0.35888200000000003	-0.284246	0.809898	-0.5130979999999999	0.0	0.540547	-0.306627	-0.783447	0.0	-0.791842	-0.500045	-0.35063	0.0	2.09527	-2.60643	-1.28926	0.363979	
0	0.458358	0.41534399999999994	-0.785746	0.0	0.8408540000000001	0.08370280000000001	0.53475	0.0	0.28787399999999996	-0.905805	-0.31087800000000004	0.0	-4.0086	-3.6808699999999996	-2.37849	0.35925799999999997	-0.289121	0.805089	-0.5179189999999999	0.0	0.537198	-0.311361	-0.783883	0.0	-0.7923560000000001	-0.504862	-0.342472	0.0	2.0411200000000003	-2.6487	-1.2378799999999999	0.363966	
0	0.408301	0.380064	-0.829965	0.0	0.8555370000000001	0.157756	0.493122	0.0	0.31835	-0.911408	-0.260748	0.0	-4.00957	-3.6722599999999996	-2.44133	0.367764	-0.290792	0.803421	-0.519571	0.0	0.539565	-0.31075	-0.782499	0.0	-0.790133	-0.507886	-0.343134	0.0	2.02425	-2.6613900000000004	-1.20478	0.36398600000000003	
0	0.360088	0.368827	-0.856915	0.0	0.8502149999999999	0.24835900000000002	0.46416999999999997	0.0	0.384021	-0.895703	-0.22415100000000002	0.0	-4.02567	-3.63496	-2.4769	0.371795	-0.296883	0.801126	-0.51967	0.0	0.537574	-0.30956500000000003	-0.784337	0.0	-0.789225	-0.512217	-0.33876	0.0	2.02293	-2.69818	-1.17836	0.363981	
0	0.334828	0.348596	-0.875426	0.0	0.835923	0.31889	0.44670200000000004	0.0	0.434883	-0.881357	-0.184626	0.0	-3.87364	-3.6168199999999997	-2.54699	0.37259200000000003	-0.306615	0.798327	-0.518325	0.0	0.532315	-0.307614	-0.788679	0.0	-0.789068	-0.517733	-0.33064299999999996	0.0	2.02243	-2.75853	-1.1329	0.36398800000000003	
0	0.33470300000000003	0.344263	-0.877187	0.0	0.831248	0.33059099999999997	0.44691899999999996	0.0	0.44384799999999996	-0.8787450000000001	-0.175518	0.0	-3.78145	-3.61519	-2.56472	0.371236	-0.311068	0.7969430000000001	-0.5178010000000001	0.0	0.530505	-0.306448	-0.790351	0.0	-0.7885439999999999	-0.5205489999999999	-0.32745599999999997	0.0	2.02351	-2.7890900000000003	-1.11863	0.363973	
0	0.317653	0.329036	-0.889287	0.0	0.793705	0.420849	0.439225	0.0	0.518776	-0.845353	-0.127474	0.0	-3.5843599999999998	-3.60888	-2.46948	0.357311	-0.312899	0.796968	-0.516659	0.0	0.5263329999999999	-0.307313	-0.7928	0.0	-0.790612	-0.520001	-0.323313	0.0	2.0299400000000003	-2.8405099999999996	-1.1173899999999999	0.363976	
0	0.292477	0.316008	-0.90255	0.0	0.76971	0.48226899999999995	0.418286	0.0	0.567454	-0.817041	-0.10218200000000001	0.0	-3.61476	-3.60828	-2.4826599999999996	0.35196500000000003	-0.320471	0.794823	-0.515321	0.0	0.5193399999999999	-0.30753800000000003	-0.797312	0.0	-0.7922020000000001	-0.523142	-0.314226	0.0	2.02172	-2.8625599999999998	-1.0992899999999999	0.363966	
0	0.275739	0.31527	-0.9080600000000001	0.0	0.755027	0.513618	0.407592	0.0	0.5948979999999999	-0.797999	-0.0964124	0.0	-3.63118	-3.61096	-2.47772	0.347679	-0.325812	0.793222	-0.514437	0.0	0.517809	-0.305543	-0.799072	0.0	-0.791024	-0.526728	-0.311188	0.0	2.01764	-2.88445	-1.09015	0.364004	
0	0.266018	0.30783299999999997	-0.9134950000000001	0.0	0.758274	0.518288	0.395471	0.0	0.595192	-0.797883	-0.09554800000000001	0.0	-3.633	-3.61082	-2.47391	0.347366	-0.327939	0.792249	-0.5145850000000001	0.0	0.519672	-0.303603	-0.798603	0.0	-0.788922	-0.529308	-0.312146	0.0	2.0156	-2.88298	-1.08944	0.36399000000000004	
0	0.266545	0.295844	-0.9172950000000001	0.0	0.7520180000000001	0.5314439999999999	0.38992	0.0	0.602846	-0.7937529999999999	-0.0808265	0.0	-3.6364699999999996	-3.60986	-2.47802	0.345115	-0.32565	0.791862	-0.5166310000000001	0.0	0.520466	-0.306043	-0.797153	0.0	-0.789346	-0.528482	-0.312475	0.0	2.01858	-2.8776	-1.0852	0.363978	
0	0.336437	0.29086100000000004	-0.8956620000000001	0.0	0.778876	0.44864	0.438262	0.0	0.529304	-0.845057	-0.0756053	0.0	-3.58819	-3.5407800000000003	-2.49186	0.345814	-0.32156799999999996	0.787307	-0.526062	0.0	0.5171640000000001	-0.31935399999999997	-0.794075	0.0	-0.793181	-0.527409	-0.304473	0.0	2.01567	-2.8692900000000003	-1.07681	0.363971	
0	0.42260299999999995	0.247777	-0.8717870000000001	0.0	0.835894	0.265194	0.48057700000000003	0.0	0.350269	-0.931815	-0.0950436	0.0	-3.4872400000000003	-3.60072	-2.1412299999999997	0.359275	-0.315231	0.779331	-0.541547	0.0	0.51547	-0.338519	-0.787208	0.0	-0.7968189999999999	-0.527304	-0.29501	0.0	2.00485	-2.80692	-1.03934	0.36396999999999996	
0	0.46296800000000005	0.22595	-0.857093	0.0	0.8594350000000001	0.122155	0.496436	0.0	0.21686799999999998	-0.96645	-0.13763599999999998	0.0	-3.3414699999999997	-3.62307	-2.08426	0.361848	-0.318369	0.772555	-0.549363	0.0	0.510091	-0.348856	-0.786198	0.0	-0.79903	-0.530526	-0.283009	0.0	1.9739099999999998	-2.7542299999999997	-1.00519	0.363989	
0	0.48606000000000005	0.20750100000000002	-0.848934	0.0	0.867598	0.00210769	0.497262	0.0	0.104972	-0.978233	-0.179003	0.0	-3.26288	-3.6476599999999997	-2.05593	0.353502	-0.320203	0.7696069999999999	-0.552427	0.0	0.507034	-0.35335700000000003	-0.786166	0.0	-0.800242	-0.531831	-0.277071	0.0	1.94543	-2.66973	-0.96106	0.363998	
0	0.512067	0.199121	-0.8355469999999999	0.0	0.857466	-0.061425099999999996	0.510861	0.0	0.0503998	-0.9780479999999999	-0.202193	0.0	-3.2579	-3.64665	-2.05418	0.373755	-0.320856	0.766705	-0.556072	0.0	0.503017	-0.35952399999999995	-0.78595	0.0	-0.802513	-0.53189	-0.27031	0.0	1.92985	-2.6138	-0.9292819999999999	0.363978	
0	0.5538270000000001	0.178898	-0.813186	0.0	0.8326040000000001	-0.111106	0.54261	0.0	0.006722	-0.9775739999999999	-0.21048499999999998	0.0	-3.25894	-3.6324400000000003	-2.04399	0.37012399999999995	-0.32236	0.765988	-0.55619	0.0	0.501963	-0.359827	-0.786485	0.0	-0.80257	-0.532718	-0.268504	0.0	1.9159599999999999	-2.5687	-0.8761200000000001	0.363969	
0	0.579235	0.156546	-0.799987	0.0	0.814891	-0.136452	0.563325	0.0	-0.020973500000000003	-0.9782	-0.206605	0.0	-3.22796	-3.61887	-2.01838	0.360538	-0.324412	0.765842	-0.555196	0.0	0.497379	-0.361142	-0.78879	0.0	-0.8045939999999999	-0.532036	-0.263755	0.0	1.9093900000000001	-2.5345	-0.844791	0.364014	
0	0.558463	0.13052	-0.8191970000000001	0.0	0.828341	-0.140587	0.542297	0.0	-0.0443879	-0.981427	-0.186627	0.0	-3.22377	-3.6157199999999996	-2.00827	0.35669	-0.32583	0.768142	-0.5511729999999999	0.0	0.495514	-0.35775	-0.791505	0.0	-0.805171	-0.531011	-0.26406	0.0	1.90893	-2.51336	-0.833973	0.36397399999999996	
0	0.474317	0.043868	-0.8792610000000001	0.0	0.8751540000000001	-0.131889	0.465521	0.0	-0.0955429	-0.990293	-0.100948	0.0	-3.22165	-3.61085	-1.9567299999999999	0.348926	-0.325499	0.77068	-0.547817	0.0	0.49246999999999996	-0.356404	-0.794009	0.0	-0.807171	-0.5282319999999999	-0.26352800000000004	0.0	1.92651	-2.48248	-0.818557	0.36397399999999996	
0	0.35271199999999997	0.010465100000000001	-0.935673	0.0	0.929291	-0.12103599999999999	0.348952	0.0	-0.109599	-0.9925930000000001	-0.05241609999999999	0.0	-3.1534299999999997	-3.5967599999999997	-1.8555099999999998	0.189844	-0.324549	0.773734	-0.5440619999999999	0.0	0.485912	-0.35711	-0.797723	0.0	-0.811516	-0.523266	-0.260067	0.0	1.9524400000000002	-2.4325799999999997	-0.77708	0.363985	
0	0.393851	-0.0508009	-0.9177700000000001	0.0	0.913475	-0.08938710000000001	0.396956	0.0	-0.102202	-0.9947010000000001	0.0112002	0.0	-3.20971	-3.5578800000000004	-1.88265	0.188486	-0.323831	0.775848	-0.541474	0.0	0.4836	-0.356165	-0.7995479999999999	0.0	-0.813182	-0.520775	-0.259863	0.0	1.9756900000000002	-2.38833	-0.75373	0.363964	
0	0.46813999999999995	-0.0597033	-0.8816350000000001	0.0	0.8811389999999999	-0.04368880000000001	0.47083500000000006	0.0	-0.0666278	-0.99726	0.032154300000000004	0.0	-3.25712	-3.55206	-1.94173	0.18903699999999998	-0.324413	0.777995	-0.538033	0.0	0.479155	-0.35526199999999997	-0.80262	0.0	-0.815577	-0.5181819999999999	-0.257529	0.0	2.00063	-2.37106	-0.731636	0.364045	
0	0.47855200000000003	-0.07121160000000001	-0.875167	0.0	0.876547	-0.019727599999999998	0.480912	0.0	-0.0515115	-0.997266	0.052979599999999995	0.0	-3.2855300000000005	-3.5522099999999996	-1.96815	0.188809	-0.324398	0.7814949999999999	-0.5329470000000001	0.0	0.48098500000000005	-0.34886300000000003	-0.804331	0.0	-0.8145060000000001	-0.517262	-0.262718	0.0	2.01878	-2.36519	-0.723544	0.36397199999999996	
0	0.487708	-0.00830787	-0.872967	0.0	0.872884	-0.012136	0.487777	0.0	-0.014646700000000002	-0.999892	0.00133297	0.0	-3.31291	-3.5812800000000005	-1.93018	0.188622	-0.325612	0.788271	-0.522116	0.0	0.477013	-0.339827	-0.810541	0.0	-0.816355	-0.5129779999999999	-0.265364	0.0	2.05239	-2.3803099999999997	-0.725194	0.363973	
0	0.5213270000000001	0.09449160000000001	-0.848109	0.0	0.85208	-0.0032949	0.523401	0.0	0.046662699999999994	-0.9955200000000001	-0.0822322	0.0	-3.36141	-3.58739	-1.89545	0.18863	-0.323493	0.796467	-0.510875	0.0	0.47152200000000005	-0.332407	-0.816806	0.0	-0.820377	-0.50512	-0.268021	0.0	2.06323	-2.45063	-0.7540899999999999	0.36398400000000003	
0	0.533838	0.14418	-0.8332040000000001	0.0	0.8420719999999999	-0.000895992	0.5393640000000001	0.0	0.0770187	-0.9895510000000001	-0.12188800000000001	0.0	-3.38484	-3.5822199999999995	-1.88428	0.189207	-0.31897600000000004	0.7981199999999999	-0.5111359999999999	0.0	0.467513	-0.336627	-0.817383	0.0	-0.8244309999999999	-0.499687	-0.265756	0.0	2.0667400000000002	-2.4801900000000003	-0.765389	0.36398800000000003	
0	0.533045	0.292601	-0.7938810000000001	0.0	0.8280290000000001	0.012414299999999998	0.560549	0.0	0.173873	-0.9561540000000001	-0.235665	0.0	-3.25486	-3.0350599999999996	-1.8589099999999998	0.18888	-0.27655599999999997	0.797135	-0.536742	0.0	0.46736700000000003	-0.376459	-0.799904	0.0	-0.839693	-0.472074	-0.268443	0.0	2.07368	-2.53208	-0.774806	0.363982	
0	0.507628	0.368735	-0.778684	0.0	0.8295389999999999	0.034991900000000006	0.557351	0.0	0.232763	-0.928876	-0.288117	0.0	-3.21417	-2.65498	-1.87995	0.189089	-0.249877	0.7933819999999999	-0.555074	0.0	0.461762	-0.40623400000000004	-0.788511	0.0	-0.85108	-0.45334300000000005	-0.264845	0.0	2.08582	-2.55808	-0.781904	0.363967	
0	0.483575	0.442863	-0.7550020000000001	0.0	0.830794	0.0393278	0.555189	0.0	0.275565	-0.895726	-0.34891	0.0	-3.15465	-2.30081	-1.85647	0.189143	-0.243313	0.799127	-0.549722	0.0	0.456095	-0.40592399999999995	-0.7919619999999999	0.0	-0.856024	-0.44342	-0.26571100000000003	0.0	2.08509	-2.58987	-0.768325	0.36396999999999996	
0	0.471092	0.489122	-0.734052	0.0	0.832145	0.0295978	0.553768	0.0	0.292586	-0.871713	-0.393077	0.0	-3.15251	-1.8854	-1.8500900000000002	0.188899	-0.24165799999999998	0.802854	-0.5450020000000001	0.0	0.45300799999999997	-0.403346	-0.795045	0.0	-0.8581290000000001	-0.43901899999999994	-0.266228	0.0	2.0880799999999997	-2.67775	-0.789212	0.363978	
0	0.468979	0.51365	-0.718486	0.0	0.8308780000000001	0.0192758	0.556121	0.0	0.299501	-0.857783	-0.41773999999999994	0.0	-3.1532299999999998	-1.7035900000000002	-1.84705	0.189132	-0.24169699999999997	0.805665	-0.54082	0.0	0.44910600000000006	-0.401179	-0.798348	0.0	-0.860167	-0.43584399999999995	-0.264865	0.0	2.08859	-2.7324200000000003	-0.804229	0.363969	
0	0.470628	0.535423	-0.701307	0.0	0.8271809999999999	0.00886289	0.561866	0.0	0.307052	-0.8445379999999999	-0.438721	0.0	-3.14458	-1.5886	-1.8527	0.18890099999999999	-0.23997800000000002	0.807847	-0.538325	0.0	0.447082	-0.400252	-0.799948	0.0	-0.861701	-0.432645	-0.26512199999999997	0.0	2.08428	-2.74971	-0.808475	0.36398600000000003	
4	0.465527	0.5554279999999999	-0.689046	0.0	0.819372	0.023808700000000002	0.572768	0.0	0.334537	-0.831224	-0.444018	0.0	-3.1187400000000003	-1.46984	-1.8437599999999998	0.189149	-0.23797600000000002	0.805292	-0.543021	0.0	0.44618100000000005	-0.405961	-0.79757	0.0	-0.862722	-0.432088	-0.26269699999999996	0.0	2.06148	-2.75484	-0.807243	0.363971	
4	0.47372600000000004	0.5786220000000001	-0.663913	0.0	0.794491	0.0444597	0.605647	0.0	0.379958	-0.814383	-0.438648	0.0	-2.9965599999999997	-1.39352	-1.79548	0.188936	-0.221821	0.795235	-0.5642659999999999	0.0	0.44668500000000005	-0.43151999999999996	-0.78375	0.0	-0.866758	-0.42590100000000003	-0.259499	0.0	2.04924	-2.71232	-0.795887	0.363982	
4	0.512371	0.59178	-0.622312	0.0	0.74737	0.0496505	0.66255	0.0	0.42298199999999997	-0.804569	-0.41684	0.0	-2.77472	-1.41095	-1.74347	0.189143	-0.12431600000000001	0.766356	-0.630273	0.0	0.43250600000000006	-0.52983	-0.729533	0.0	-0.89302	-0.36329	-0.26558699999999996	0.0	2.04003	-2.60353	-0.8429180000000001	0.36397199999999996	
4	0.536863	0.599548	-0.593566	0.0	0.715871	0.0485682	0.696541	0.0	0.446438	-0.798864	-0.403124	0.0	-2.59861	-1.44936	-1.71288	0.189142	-0.0440237	0.743884	-0.666858	0.0	0.413446	-0.5940949999999999	-0.69001	0.0	-0.9094639999999999	-0.306086	-0.281401	0.0	1.9999200000000001	-2.47553	-0.8989940000000001	0.36399699999999996	
4	0.589366	0.61897	-0.519157	0.0	0.652452	0.014266399999999999	0.757696	0.0	0.47639799999999993	-0.785285	-0.39544	0.0	-2.1955400000000003	-1.53063	-1.70048	0.188927	0.116195	0.6893819999999999	-0.715019	0.0	0.350031	-0.7021310000000001	-0.620073	0.0	-0.9295040000000001	-0.178229	-0.322889	0.0	1.8270400000000002	-2.18287	-1.10038	0.363987	
4	0.6165	0.622034	-0.482702	0.0	0.619881	-0.00545334	0.7846770000000001	0.0	0.48546300000000003	-0.782971	-0.388949	0.0	-1.98648	-1.61796	-1.75537	0.188911	0.175893	0.656924	-0.733152	0.0	0.307321	-0.744185	-0.593079	0.0	-0.9352090000000001	-0.120995	-0.332784	0.0	1.67792	-2.0545	-1.22122	0.363991	
4	0.628625	0.625684	-0.461898	0.0	0.59734	-0.00812791	0.8019470000000001	0.0	0.498011	-0.780034	-0.37885599999999997	0.0	-1.81804	-1.72986	-1.8367200000000001	0.188921	0.24659	0.6205350000000001	-0.744399	0.0	0.272025	-0.781558	-0.5614	0.0	-0.9301590000000001	-0.0640596	-0.361525	0.0	1.51606	-1.9769700000000001	-1.36733	0.363541	
4	0.620537	0.650508	-0.43791899999999995	0.0	0.582699	-0.00878618	0.812641	0.0	0.524782	-0.7594479999999999	-0.384502	0.0	-1.58237	-1.8631099999999998	-1.95438	0.188894	0.286433	0.585232	-0.75859	0.0	0.254374	-0.809802	-0.528692	0.0	-0.923715	-0.041530300000000006	-0.380822	0.0	1.36428	-1.95334	-1.60489	0.363969	
4	0.6071	0.668078	-0.430234	0.0	0.576445	0.00239269	0.817133	0.0	0.546938	-0.7440869999999999	-0.383658	0.0	-1.47577	-1.8881599999999998	-2.00584	0.188892	0.281302	0.571677	-0.77075	0.0	0.25705	-0.818721	-0.513441	0.0	-0.924551	-0.0536895	-0.377258	0.0	1.29867	-2.03595	-1.7441200000000001	0.36398	
4	0.6042390000000001	0.674334	-0.42446300000000003	0.0	0.572138	0.00358114	0.820149	0.0	0.554574	-0.738418	-0.383648	0.0	-1.43789	-1.8949200000000002	-2.0169799999999998	0.189181	0.27926100000000004	0.56612	-0.775578	0.0	0.259354	-0.8221629999999999	-0.506738	0.0	-0.9245260000000001	-0.059637300000000004	-0.376424	0.0	1.27115	-2.09318	-1.80815	0.363971	
4	0.598366	0.6875	-0.411463	0.0	0.566075	0.000684063	0.8243530000000001	0.0	0.567024	-0.726184	-0.38876700000000003	0.0	-1.36943	-1.8992	-2.02521	0.189134	0.274464	0.549949	-0.788813	0.0	0.25338299999999997	-0.832686	-0.49237299999999995	0.0	-0.9276139999999999	-0.064733	-0.36789	0.0	1.2109299999999998	-2.19952	-1.93005	0.363764	
4	0.5985050000000001	0.691453	-0.404579	0.0	0.5546810000000001	0.00671784	0.8320360000000001	0.0	0.578032	-0.72239	-0.379515	0.0	-1.3124	-1.9231900000000002	-2.01159	0.18923	0.277329	0.526698	-0.803541	0.0	0.238677	-0.8478969999999999	-0.473397	0.0	-0.930657	-0.0605	-0.36085700000000004	0.0	1.1402	-2.25473	-2.00965	0.36398800000000003	
4	0.598267	0.689729	-0.40786	0.0	0.553053	0.0128928	0.833046	0.0	0.579835	-0.723953	-0.373744	0.0	-1.28506	-1.93528	-1.9916	0.18889	0.27232399999999995	0.513219	-0.813908	0.0	0.22966199999999998	-0.8560989999999999	-0.46298	0.0	-0.9343959999999999	-0.0608432	-0.351003	0.0	1.0998299999999999	-2.2674	-2.00575	0.363981	
4	0.592438	0.6904819999999999	-0.415033	0.0	0.554525	0.0241987	0.831815	0.0	0.584396	-0.722945	-0.368553	0.0	-1.2687	-1.94628	-1.95233	0.189125	0.264538	0.504771	-0.8217209999999999	0.0	0.226196	-0.860784	-0.45594700000000005	0.0	-0.937473	-0.0652552	-0.341887	0.0	1.0675299999999999	-2.3216	-1.9874	0.363979	
4	0.590278	0.6921149999999999	-0.415389	0.0	0.545768	0.036953	0.8371209999999999	0.0	0.594734	-0.7208399999999999	-0.35592199999999996	0.0	-1.26475	-1.9506599999999998	-1.9334	0.18921500000000002	0.26400300000000004	0.502113	-0.82352	0.0	0.22745500000000002	-0.8621409999999999	-0.452744	0.0	-0.937319	-0.067788	-0.341816	0.0	1.0521200000000002	-2.36375	-2.00252	0.363977	
4	0.59018	0.6927369999999999	-0.414492	0.0	0.541254	0.041386400000000004	0.8398399999999999	0.0	0.598942	-0.720002	-0.350521	0.0	-1.2221799999999998	-1.94907	-1.9018	0.189156	0.260606	0.49561499999999997	-0.828523	0.0	0.22456900000000002	-0.865757	-0.447251	0.0	-0.9389639999999999	-0.0695046	-0.336921	0.0	1.01845	-2.4234400000000003	-2.02864	0.36398	
4	0.59432	0.691103	-0.41129099999999996	0.0	0.537825	0.0386864	0.8421690000000001	0.0	0.5979369999999999	-0.7217210000000001	-0.3487	0.0	-1.1952	-1.94818	-1.8923	0.189158	0.258164	0.49162799999999995	-0.831657	0.0	0.223689	-0.867864	-0.443593	0.0	-0.9398479999999999	-0.0715128	-0.334023	0.0	0.9975799999999999	-2.44247	-2.0371200000000003	0.36398400000000003	
4	0.604525	0.684874	-0.406812	0.0	0.533388	0.0312886	0.845292	0.0	0.591647	-0.727989	-0.346389	0.0	-1.1429	-1.9809299999999999	-1.8680700000000001	0.189115	0.24898800000000001	0.48252	-0.83975	0.0	0.216869	-0.872817	-0.43721800000000005	0.0	-0.9439139999999999	-0.0732534	-0.321964	0.0	0.9282790000000001	-2.47539	-2.04027	0.36397199999999996	
4	0.624047	0.674396	-0.39465900000000004	0.0	0.528423	0.00783357	0.8489450000000001	0.0	0.575617	-0.738328	-0.351478	0.0	-1.1135899999999999	-2.03205	-1.88588	0.189121	0.2466	0.46315	-0.851282	0.0	0.202476	-0.8836459999999999	-0.422105	0.0	-0.94773	-0.0682725	-0.311684	0.0	0.8854989999999999	-2.48343	-2.0301	0.363925	
4	0.652246	0.657817	-0.376633	0.0	0.513839	-0.018418	0.8576889999999999	0.0	0.557265	-0.752953	-0.350025	0.0	-1.11279	-2.0442400000000003	-1.91379	0.188876	0.24122399999999997	0.384141	-0.8912049999999999	0.0	0.13287000000000002	-0.9227489999999999	-0.361773	0.0	-0.9613309999999999	-0.0311459	-0.27363000000000004	0.0	0.8692850000000001	-2.53615	-1.9972299999999998	0.362579	
4	0.666825	0.650181	-0.364156	0.0	0.5026520000000001	-0.0316577	0.863909	0.0	0.5501689999999999	-0.75912	-0.347925	0.0	-1.0781399999999999	-2.02387	-1.9204599999999998	0.188905	0.23407199999999997	0.293129	-0.926977	0.0	0.05239069999999999	-0.955882	-0.289041	0.0	-0.970807	0.0190913	-0.239102	0.0	0.858648	-2.55138	-1.9494200000000002	0.36074	
4	0.675615	0.642454	-0.36166	0.0	0.50575	-0.0469401	0.861403	0.0	0.536435	-0.764886	-0.356634	0.0	-1.06282	-2.0099	-1.92018	0.188895	0.226144	0.270611	-0.93575	0.0	0.032686400000000004	-0.9622040000000001	-0.270362	0.0	-0.9735450000000001	0.030554400000000002	-0.226442	0.0	0.842609	-2.52983	-1.9222400000000002	0.360039	
4	0.7015560000000001	0.618604	-0.353763	0.0	0.516552	-0.09946410000000001	0.850459	0.0	0.490911	-0.779382	-0.38932100000000003	0.0	-1.0889799999999998	-1.98594	-1.96259	0.189362	0.23866700000000002	0.297509	-0.924406	0.0	0.0727097	-0.9547180000000001	-0.288492	0.0	-0.968376	0.00164035	-0.24949200000000002	0.0	0.868132	-2.54144	-1.9456900000000001	0.358098	
1	0.7085600000000001	0.607354	-0.359255	0.0	0.529321	-0.12078699999999999	0.83978	0.0	0.46665	-0.785195	-0.40707	0.0	-1.12011	-1.98478	-1.9967099999999998	0.188935	0.247903	0.311911	-0.9172	0.0	0.0956412	-0.9500069999999999	-0.297218	0.0	-0.964052	-0.014041	-0.265341	0.0	0.906803	-2.57386	-1.9887599999999999	0.356612	
1	0.722358	0.58511	-0.368571	0.0	0.5389689999999999	-0.14244	0.8301950000000001	0.0	0.43325699999999995	-0.798347	-0.41824799999999995	0.0	-1.47275	-2.2118599999999997	-2.08414	0.189135	0.263807	0.335882	-0.904206	0.0	0.125783	-0.9413879999999999	-0.312996	0.0	-0.9563389999999999	-0.031163200000000002	-0.290593	0.0	1.24563	-2.47267	-2.06265	0.36398600000000003	
1	0.724052	0.582677	-0.369102	0.0	0.540263	-0.146427	0.828659	0.0	0.42879399999999995	-0.799404	-0.42081999999999997	0.0	-1.51147	-2.22295	-2.1177599999999996	0.189136	0.265219	0.348873	-0.898859	0.0	0.140507	-0.936277	-0.321937	0.0	-0.953896	-0.0409121	-0.297338	0.0	1.31323	-2.4862599999999997	-2.07004	0.36398400000000003	
1	0.7242069999999999	0.578902	-0.374695	0.0	0.548114	-0.153528	0.822192	0.0	0.418443	-0.800813	-0.42849	0.0	-1.5685799999999999	-2.21864	-2.16463	0.189136	0.224338	0.41976800000000003	-0.8794700000000001	0.0	0.209511	-0.9021450000000001	-0.377148	0.0	-0.951724	-0.0996492	-0.29033200000000003	0.0	1.47043	-2.5764299999999998	-2.04841	0.363987	
1	0.726032	0.578996	-0.371001	0.0	0.54266	-0.151026	0.8262639999999999	0.0	0.422372	-0.801221	-0.42384799999999995	0.0	-1.58213	-2.2247	-2.1689700000000003	0.189133	0.228685	0.412733	-0.881677	0.0	0.20842600000000003	-0.905434	-0.369794	0.0	-0.9509270000000001	-0.0991982	-0.293084	0.0	1.52214	-2.58569	-2.0472200000000003	0.363954	
1	0.723003	0.582375	-0.371626	0.0	0.541411	-0.143515	0.828419	0.0	0.429116	-0.8001520000000001	-0.419066	0.0	-1.5741399999999999	-2.2295	-2.17177	0.188902	0.229381	0.40378400000000003	-0.885632	0.0	0.19356600000000002	-0.9106420000000001	-0.365053	0.0	-0.953896	-0.0876923	-0.287043	0.0	1.52439	-2.58487	-2.0451900000000003	0.363978	
1	0.7142069999999999	0.592303	-0.37294099999999997	0.0	0.542485	-0.131736	0.829672	0.0	0.442288	-0.7948729999999999	-0.41540200000000005	0.0	-1.56334	-2.23408	-2.1736400000000002	0.188904	0.22897800000000001	0.395483	-0.889473	0.0	0.181901	-0.9150389999999999	-0.360023	0.0	-0.956285	-0.0793591	-0.281462	0.0	1.4968	-2.56507	-2.0312900000000003	0.363991	
1	0.711305	0.597889	-0.36956	0.0	0.538758	-0.126091	0.8329709999999999	0.0	0.45142600000000005	-0.7916	-0.411807	0.0	-1.5574299999999999	-2.2326200000000003	-2.17422	0.188902	0.22944299999999998	0.394915	-0.889605	0.0	0.17331400000000002	-0.915959	-0.361914	0.0	-0.957767	-0.0711421	-0.278605	0.0	1.44973	-2.54555	-2.02786	0.363971	
1	0.700865	0.611766	-0.36678499999999997	0.0	0.5257350000000001	-0.09552139999999999	0.845269	0.0	0.482071	-0.785251	-0.388574	0.0	-1.48137	-2.2509200000000003	-2.12584	0.189138	0.225305	0.401454	-0.887735	0.0	0.159298	-0.9140790000000001	-0.372938	0.0	-0.9611770000000001	-0.0573899	-0.269898	0.0	1.33449	-2.53209	-2.01971	0.363994	
1	0.689524	0.623179	-0.369059	0.0	0.518412	-0.06882010000000001	0.852358	0.0	0.505772	-0.779046	-0.370516	0.0	-1.39277	-2.26618	-2.08221	0.18913	0.222583	0.39924	-0.889418	0.0	0.14516600000000002	-0.9157059999999999	-0.374712	0.0	-0.964046	-0.0457086	-0.261776	0.0	1.22948	-2.5298599999999998	-2.02053	0.36399499999999996	
1	0.683474	0.630143	-0.36848800000000004	0.0	0.5073880000000001	-0.047180099999999996	0.860425	0.0	0.524806	-0.775044	-0.35197399999999995	0.0	-1.32223	-2.2808900000000003	-2.03	0.189125	0.216653	0.398594	-0.8911709999999999	0.0	0.132109	-0.9164260000000001	-0.377773	0.0	-0.967269	-0.0358862	-0.251204	0.0	1.10374	-2.52357	-2.01497	0.364014	
1	0.682988	0.630617	-0.368578	0.0	0.504829	-0.042847500000000004	0.8621559999999999	0.0	0.527898	-0.77491	-0.347618	0.0	-1.28775	-2.2823900000000004	-2.00261	0.188897	0.21574000000000002	0.39663200000000004	-0.892267	0.0	0.122751	-0.9175530000000001	-0.37819200000000003	0.0	-0.9687049999999999	-0.0279358	-0.24664	0.0	1.03821	-2.5148	-2.0157599999999998	0.364003	
1	0.678329	0.6341829999999999	-0.371056	0.0	0.49518	-0.0214815	0.868525	0.0	0.542833	-0.772885	-0.328606	0.0	-1.24447	-2.31186	-1.96195	0.189098	0.21470300000000003	0.392178	-0.894483	0.0	0.10795	-0.919758	-0.377349	0.0	-0.9706950000000001	-0.0155412	-0.23981	0.0	0.906623	-2.46824	-2.01365	0.365014	
1	0.675289	0.633628	-0.377492	0.0	0.49773	-0.0137964	0.8672219999999999	0.0	0.544289	-0.773515	-0.324692	0.0	-1.22427	-2.3194	-1.94094	0.188842	0.21820799999999999	0.384606	-0.896919	0.0	0.10319	-0.923007	-0.370688	0.0	-0.9704309999999999	-0.011666	-0.24109499999999998	0.0	0.8255959999999999	-2.44068	-2.01283	0.36514800000000003	
1	0.674506	0.63322	-0.379571	0.0	0.498713	-0.0117102	0.8666879999999999	0.0	0.544359	-0.773883	-0.323694	0.0	-1.22137	-2.32527	-1.93115	0.188903	0.217297	0.380997	-0.8986790000000001	0.0	0.0986169	-0.924536	-0.368114	0.0	-0.9711110000000001	-0.00863469	-0.238472	0.0	0.783051	-2.43151	-2.01189	0.365316	
1	0.672891	0.634945	-0.379556	0.0	0.49891199999999997	-0.0107024	0.8665870000000001	0.0	0.5461729999999999	-0.772483	-0.32398299999999997	0.0	-1.21912	-2.33383	-1.90895	0.188889	0.21860300000000002	0.371327	-0.902402	0.0	0.0951412	-0.928473	-0.359007	0.0	-0.971165	-0.00737555	-0.238296	0.0	0.6987220000000001	-2.4064	-2.00401	0.365132	
1	0.67508	0.632743	-0.379346	0.0	0.499791	-0.0140222	0.8660329999999999	0.0	0.542657	-0.774235	-0.325705	0.0	-1.2173100000000001	-2.33262	-1.89913	0.188887	0.21881599999999998	0.3665	-0.9043209999999999	0.0	0.09497489999999999	-0.9303799999999999	-0.35408	0.0	-0.971133	-0.00840925	-0.238391	0.0	0.6769229999999999	-2.4012	-1.9983799999999998	0.365144	
1	0.6711779999999999	0.636297	-0.380324	0.0	0.49842700000000006	-0.00759291	0.866898	0.0	0.548717	-0.771407	-0.32224400000000003	0.0	-1.22095	-2.34871	-1.8950200000000001	0.189426	0.21373699999999998	0.36228499999999997	-0.90723	0.0	0.0992413	-0.931939	-0.348771	0.0	-0.9718370000000001	-0.0154894	-0.235144	0.0	0.638163	-2.40159	-1.98794	0.365451	
