0	-0.0781627	0.959513	-0.27060300000000004	0.0	0.283401	0.281621	0.9167190000000001	0.0	0.9558110000000001	-0.00503609	-0.293939	0.0	-2.82881	2.0684	1.29198	0.0	0.22751300000000002	0.720884	-0.654648	0.0	-0.00397581	-0.671586	-0.740916	0.0	-0.973767	0.171171	-0.149929	0.0	2.7481	2.12187	1.38773	5.42887e-05	
0	-0.0891108	0.9418850000000001	-0.3239	0.0	0.289409	0.335649	0.8964280000000001	0.0	0.9530489999999999	-0.013858100000000002	-0.3025	0.0	-2.87336	2.06696	1.19842	0.0	0.275836	0.699749	-0.658988	0.0	-0.061404999999999994	-0.671357	-0.738586	0.0	-0.959241	0.244194	-0.142217	0.0	2.80769	2.12649	1.26013	0.0	
0	-0.09923530000000001	0.9461940000000001	-0.30801	0.0	0.25754499999999997	0.323413	0.910535	0.0	0.9611569999999999	0.011031000000000001	-0.275781	0.0	-2.8599099999999997	2.04009	1.02281	-9.2514e-05	0.286195	0.673659	-0.6813779999999999	0.0	-0.136252	-0.675284	-0.7248640000000001	0.0	-0.948434	0.300292	-0.101475	0.0	2.85656	2.13762	0.99471	0.0	
0	-0.167234	0.915132	-0.366832	0.0	0.22981500000000002	0.39800599999999997	0.888131	0.0	0.958759	0.0642224	-0.276871	0.0	-2.86564	2.02205	0.8361149999999999	0.166916	0.342543	0.660742	-0.667896	0.0	-0.185815	-0.6492140000000001	-0.737559	0.0	-0.9209430000000001	0.376751	-0.0996081	0.0	2.8947599999999998	2.23272	0.7935989999999999	0.34072600000000003	
0	-0.185038	0.883102	-0.43115299999999995	0.0	0.242423	0.466189	0.850823	0.0	0.952361	0.0529133	-0.300347	0.0	-2.80112	2.04412	0.697448	0.35349200000000003	0.32782	0.6859430000000001	-0.649628	0.0	-0.196998	-0.622879	-0.757109	0.0	-0.9239729999999999	0.376171	-0.06906269999999999	0.0	2.80654	2.24003	0.725197	0.336552	
0	-0.08880969999999999	0.9126639999999999	-0.398946	0.0	0.30480799999999997	0.406215	0.861442	0.0	0.948264	-0.045097399999999996	-0.314263	0.0	-2.7923400000000003	2.0030099999999997	0.6732670000000001	0.35629099999999997	0.287584	0.730074	-0.619909	0.0	-0.129667	-0.611614	-0.780458	0.0	-0.948937	0.304829	-0.0812238	0.0	2.7986	2.14962	0.715803	0.350072	
0	0.043560400000000006	0.944742	-0.324907	0.0	0.37185	0.286517	0.88297	0.0	0.92727	-0.159279	-0.33882199999999996	0.0	-2.81554	1.89428	0.616102	0.356904	0.21585900000000002	0.799405	-0.5606760000000001	0.0	-0.0253097	-0.569439	-0.821644	0.0	-0.976096	0.19155	-0.10268599999999999	0.0	2.78704	2.0056599999999998	0.70862	0.362533	
0	0.27177199999999996	0.9346209999999999	-0.229398	0.0	0.444275	0.0896016	0.8913989999999999	0.0	0.8536739999999999	-0.344173	-0.390878	0.0	-2.87744	1.6852599999999998	0.5145890000000001	0.358098	0.106099	0.8568379999999999	-0.504551	0.0	0.101159	-0.514083	-0.8517549999999999	0.0	-0.9891969999999999	0.0393306	-0.141221	0.0	2.73978	1.7555900000000002	0.634217	0.363429	
0	0.405453	0.8940170000000001	-0.190636	0.0	0.46090600000000004	-0.019840700000000003	0.8872270000000001	0.0	0.7894140000000001	-0.44759399999999994	-0.42010200000000003	0.0	-2.9719	1.4118899999999999	0.321679	0.35896100000000003	0.022665400000000002	0.8717159999999999	-0.489486	0.0	0.190633	-0.484397	-0.853826	0.0	-0.9814	-0.0739597	-0.17715699999999998	0.0	2.7018400000000002	1.45082	0.48298599999999997	0.364014	
0	0.450669	0.876309	-0.170236	0.0	0.472246	-0.07220449999999999	0.878505	0.0	0.75755	-0.476308	-0.44637299999999996	0.0	-3.0289900000000003	1.18844	0.10018400000000001	0.36051300000000003	-0.0255324	0.8685069999999999	-0.495019	0.0	0.270539	-0.470699	-0.839792	0.0	-0.9623700000000001	-0.155364	-0.22294699999999998	0.0	2.6773599999999997	1.19298	0.306838	0.36397399999999996	
0	0.484137	0.8378200000000001	-0.252326	0.0	0.54378	-0.06217	0.8369219999999999	0.0	0.685503	-0.542395	-0.48568900000000004	0.0	-3.08811	0.868934	-0.180633	0.35996100000000003	-0.042000300000000004	0.812013	-0.582126	0.0	0.41335299999999997	-0.516317	-0.750038	0.0	-0.909602	-0.272125	-0.31396199999999996	0.0	2.64838	0.809076	0.038004199999999995	0.364077	
0	0.52787	0.7775989999999999	-0.34160300000000005	0.0	0.6215510000000001	-0.07957810000000001	0.779321	0.0	0.578815	-0.623704	-0.525325	0.0	-3.15552	0.358425	-0.565817	0.358427	-0.054334900000000005	0.7635930000000001	-0.643407	0.0	0.5442670000000001	-0.517576	-0.660219	0.0	-0.837151	-0.386058	-0.38747600000000004	0.0	2.63917	0.164054	-0.368135	0.36386	
0	0.569656	0.735823	-0.366137	0.0	0.648153	-0.12828	0.750628	0.0	0.505361	-0.664912	-0.5500010000000001	0.0	-3.2439299999999998	-0.1437	-1.05695	0.358573	-0.08198580000000001	0.731372	-0.677034	0.0	0.6280060000000001	-0.489576	-0.604917	0.0	-0.773878	-0.47477600000000003	-0.41916800000000004	0.0	2.64279	-0.45854700000000004	-0.809909	0.363649	
0	0.5933649999999999	0.7147560000000001	-0.370191	0.0	0.639367	-0.13911700000000002	0.756212	0.0	0.489008	-0.685398	-0.539539	0.0	-3.17167	-0.508371	-1.48088	0.358333	-0.10129500000000001	0.708196	-0.698711	0.0	0.657887	-0.47915100000000005	-0.581032	0.0	-0.746273	-0.518529	-0.41737799999999997	0.0	2.62319	-0.8911469999999999	-1.1099299999999999	0.36332	
0	0.5905560000000001	0.706018	-0.390873	0.0	0.6377149999999999	-0.11146600000000001	0.762165	0.0	0.494533	-0.699367	-0.516065	0.0	-3.15725	-0.771402	-1.73048	0.35768	-0.113123	0.6811470000000001	-0.723355	0.0	0.668191	-0.486653	-0.562752	0.0	-0.73534	-0.546999	-0.40008499999999997	0.0	2.64237	-1.16867	-1.17248	0.363185	
0	0.58299	0.7111310000000001	-0.392957	0.0	0.636252	-0.09880789999999999	0.7651279999999999	0.0	0.505279	-0.696082	-0.510062	0.0	-3.0872900000000003	-0.8465389999999999	-1.7726099999999998	0.357288	-0.11369800000000001	0.674609	-0.729366	0.0	0.666812	-0.492399	-0.559379	0.0	-0.736502	-0.54995	-0.393853	0.0	2.6173599999999997	-1.2532299999999998	-1.17083	0.363026	
0	0.579073	0.712929	-0.395482	0.0	0.636677	-0.0924561	0.765568	0.0	0.509231	-0.695114	-0.507445	0.0	-3.06212	-0.865841	-1.7745799999999998	0.35723699999999997	-0.11305	0.669269	-0.73437	0.0	0.665776	-0.497613	-0.55599	0.0	-0.737538	-0.55178	-0.389328	0.0	2.60418	-1.26978	-1.16737	0.36295	
0	0.576579	0.711154	-0.402265	0.0	0.636783	-0.08265410000000001	0.7666	0.0	0.511922	-0.6981609999999999	-0.500508	0.0	-3.0552599999999996	-0.876817	-1.77089	0.357213	-0.11305599999999999	0.661245	-0.7416020000000001	0.0	0.665825	-0.503587	-0.550525	0.0	-0.7374930000000001	-0.556017	-0.38334	0.0	2.59298	-1.27219	-1.13228	0.362429	
0	0.565902	0.713354	-0.41337700000000005	0.0	0.642266	-0.0670474	0.763544	0.0	0.516962	-0.697589	-0.49610600000000005	0.0	-3.05965	-0.866144	-1.76721	0.356941	-0.104304	0.644604	-0.757368	0.0	0.6614399999999999	-0.5237310000000001	-0.536845	0.0	-0.74271	-0.556949	-0.37174	0.0	2.58575	-1.2597200000000002	-1.0655	0.362367	
0	0.527584	0.72488	-0.44295	0.0	0.660533	-0.022164	0.75047	0.0	0.534183	-0.688519	-0.4905	0.0	-3.13496	-0.788586	-1.7049599999999998	0.356856	-0.0954737	0.624157	-0.775443	0.0	0.651235	-0.549995	-0.522875	0.0	-0.752846	-0.554917	-0.353963	0.0	2.57787	-1.21184	-0.9980889999999999	0.362458	
0	0.527302	0.7249270000000001	-0.443209	0.0	0.660583	-0.0216915	0.75044	0.0	0.5344	-0.688485	-0.49031199999999997	0.0	-3.13404	-0.789423	-1.7033900000000002	0.35685100000000003	-0.09542660000000001	0.6239779999999999	-0.775594	0.0	0.651188	-0.550175	-0.522744	0.0	-0.752893	-0.554941	-0.35382600000000003	0.0	2.5789299999999997	-1.21034	-0.999194	0.362444	
0	0.527296	0.724929	-0.443212	0.0	0.6605840000000001	-0.021684099999999998	0.7504390000000001	0.0	0.534404	-0.6884819999999999	-0.49031099999999994	0.0	-3.13403	-0.789435	-1.7034	0.35685	-0.0954263	0.623976	-0.775595	0.0	0.6511859999999999	-0.550178	-0.522744	0.0	-0.752895	-0.554941	-0.353823	0.0	2.5789299999999997	-1.21035	-0.9992040000000001	0.362444	
0	0.527296	0.724929	-0.443212	0.0	0.6605840000000001	-0.021684099999999998	0.7504390000000001	0.0	0.534404	-0.6884819999999999	-0.49031099999999994	0.0	-3.13403	-0.789435	-1.7034	0.35685	-0.0954264	0.623976	-0.775596	0.0	0.6511859999999999	-0.550178	-0.522744	0.0	-0.752895	-0.554941	-0.353823	0.0	2.5789299999999997	-1.21035	-0.9992040000000001	0.36244299999999996	
0	0.527296	0.724929	-0.443213	0.0	0.6605840000000001	-0.021684099999999998	0.7504390000000001	0.0	0.534404	-0.6884819999999999	-0.49031099999999994	0.0	-3.13403	-0.789434	-1.7034	0.35685	-0.0954264	0.623976	-0.775596	0.0	0.6511859999999999	-0.550178	-0.522744	0.0	-0.752895	-0.554941	-0.353823	0.0	2.5789299999999997	-1.21035	-0.9992040000000001	0.36244299999999996	
0	0.527296	0.724929	-0.443212	0.0	0.6605840000000001	-0.021684099999999998	0.7504390000000001	0.0	0.534404	-0.6884819999999999	-0.49031099999999994	0.0	-3.13403	-0.789434	-1.7034	0.35685100000000003	-0.0954264	0.623976	-0.775596	0.0	0.651187	-0.550178	-0.522744	0.0	-0.752895	-0.554941	-0.353823	0.0	2.5789299999999997	-1.21035	-0.9992040000000001	0.36244299999999996	
0	0.527296	0.724929	-0.443212	0.0	0.6605840000000001	-0.021684099999999998	0.7504390000000001	0.0	0.534404	-0.6884819999999999	-0.49031099999999994	0.0	-3.13403	-0.789434	-1.7034	0.35685100000000003	-0.0954264	0.623976	-0.775596	0.0	0.6511859999999999	-0.550178	-0.522744	0.0	-0.752895	-0.554941	-0.353823	0.0	2.5789299999999997	-1.21035	-0.9992040000000001	0.36244299999999996	
0	0.527296	0.724929	-0.443212	0.0	0.6605840000000001	-0.021684099999999998	0.7504390000000001	0.0	0.534404	-0.6884819999999999	-0.49031099999999994	0.0	-3.13403	-0.789434	-1.7034	0.35685	-0.0954264	0.623976	-0.775596	0.0	0.651187	-0.550178	-0.522744	0.0	-0.752895	-0.554941	-0.353823	0.0	2.5789299999999997	-1.21035	-0.9992040000000001	0.36244299999999996	
0	0.527296	0.724929	-0.443212	0.0	0.6605840000000001	-0.021684099999999998	0.7504390000000001	0.0	0.534404	-0.6884819999999999	-0.49031099999999994	0.0	-3.13403	-0.789434	-1.7034	0.35685100000000003	-0.0954264	0.623976	-0.775596	0.0	0.651187	-0.550178	-0.522744	0.0	-0.752895	-0.554941	-0.353823	0.0	2.5789299999999997	-1.21035	-0.9992040000000001	0.36244299999999996	
0	0.527296	0.724929	-0.443212	0.0	0.6605840000000001	-0.021684099999999998	0.7504390000000001	0.0	0.534404	-0.6884819999999999	-0.49031099999999994	0.0	-3.13403	-0.789434	-1.7034	0.35685100000000003	-0.0954264	0.623976	-0.775596	0.0	0.6511859999999999	-0.550178	-0.522744	0.0	-0.752895	-0.554941	-0.353823	0.0	2.5789299999999997	-1.21035	-0.9992040000000001	0.36244299999999996	
0	0.527296	0.724929	-0.443212	0.0	0.6605840000000001	-0.021684099999999998	0.7504390000000001	0.0	0.534404	-0.6884819999999999	-0.49031099999999994	0.0	-3.13403	-0.789435	-1.7034	0.35685	-0.0954263	0.623975	-0.775595	0.0	0.6511859999999999	-0.550178	-0.522744	0.0	-0.752895	-0.554941	-0.353823	0.0	2.5789299999999997	-1.21035	-0.9992040000000001	0.362444	
0	0.527296	0.724929	-0.443212	0.0	0.6605840000000001	-0.021684099999999998	0.7504390000000001	0.0	0.534404	-0.6884819999999999	-0.49031099999999994	0.0	-3.13403	-0.789435	-1.7034	0.35685	-0.0954264	0.623976	-0.775596	0.0	0.6511859999999999	-0.550178	-0.522744	0.0	-0.752895	-0.554941	-0.353823	0.0	2.5789299999999997	-1.21035	-0.9992040000000001	0.36244299999999996	
0	0.527296	0.724929	-0.443213	0.0	0.6605840000000001	-0.021684099999999998	0.7504390000000001	0.0	0.534404	-0.6884819999999999	-0.49031099999999994	0.0	-3.13403	-0.789434	-1.7034	0.35685	-0.0954264	0.623976	-0.775596	0.0	0.651187	-0.550178	-0.522744	0.0	-0.752895	-0.554941	-0.353823	0.0	2.5789299999999997	-1.21035	-0.9992040000000001	0.36244299999999996	
0	0.287146	0.8639049999999999	-0.413783	0.0	0.7052039999999999	0.101684	0.701675	0.0	0.648256	-0.493284	-0.5800310000000001	0.0	-3.15795	-1.04866	-1.88447	0.35781199999999996	0.055453499999999996	0.7981520000000001	-0.5998979999999999	0.0	0.466499	-0.551924	-0.6912010000000001	0.0	-0.882782	-0.241522	-0.402943	0.0	2.4922400000000002	-1.31463	-1.08918	0.36396999999999996	
0	0.35834699999999997	0.8067350000000001	-0.469858	0.0	0.714845	0.08660930000000001	0.6938979999999999	0.0	0.600486	-0.5845319999999999	-0.545655	0.0	-3.10776	-1.4333799999999999	-2.12284	0.359823	-0.0118114	0.794	-0.607803	0.0	0.49518500000000004	-0.523433	-0.693405	0.0	-0.868708	-0.309165	-0.386994	0.0	2.40346	-1.57836	-1.2921799999999999	0.363979	
0	0.403985	0.740038	-0.537717	0.0	0.727653	0.0962566	0.6791590000000001	0.0	0.554362	-0.665641	-0.499605	0.0	-3.0657900000000002	-1.86117	-2.35495	0.36083200000000004	-0.058124800000000004	0.796439	-0.60192	0.0	0.513483	-0.493217	-0.702191	0.0	-0.8561290000000001	-0.34989000000000003	-0.38029	0.0	2.32635	-1.82151	-1.5132299999999999	0.363991	
0	0.467388	0.6181369999999999	-0.632024	0.0	0.7452449999999999	0.109088	0.6578069999999999	0.0	0.47556099999999996	-0.778464	-0.40967700000000007	0.0	-3.04732	-2.39	-2.53859	0.359745	-0.0898202	0.781245	-0.617729	0.0	0.5160819999999999	-0.493963	-0.699757	0.0	-0.851817	-0.381651	-0.358819	0.0	2.22322	-2.086	-1.7186	0.36396999999999996	
0	0.526381	0.481275	-0.700926	0.0	0.761767	0.099231	0.640206	0.0	0.37766900000000003	-0.870935	-0.31438699999999997	0.0	-3.08954	-2.89681	-2.73835	0.35957	-0.12415699999999999	0.760479	-0.637383	0.0	0.515839	-0.49926400000000004	-0.696166	0.0	-0.847641	-0.41522	-0.330297	0.0	2.11274	-2.33475	-1.85602	0.36397199999999996	
0	0.588439	0.331365	-0.737521	0.0	0.764108	0.07031699999999999	0.641245	0.0	0.264347	-0.9408790000000001	-0.21182199999999998	0.0	-3.2297599999999997	-3.32536	-2.9214900000000004	0.358618	-0.140682	0.7496470000000001	-0.646713	0.0	0.509583	-0.505216	-0.696479	0.0	-0.848843	-0.42753599999999997	-0.31093200000000004	0.0	2.03618	-2.49458	-1.9356	0.363962	
0	0.652997	0.210308	-0.727575	0.0	0.733304	0.0646316	0.676822	0.0	0.189366	-0.9754959999999999	-0.112016	0.0	-3.25962	-3.4683599999999997	-3.00201	0.362228	-0.143537	0.746517	-0.6497	0.0	0.5098010000000001	-0.5069140000000001	-0.695083	0.0	-0.848233	-0.43098800000000004	-0.307814	0.0	2.01533	-2.54009	-1.9607900000000003	0.363975	
0	0.71062	0.152878	-0.686766	0.0	0.6846439999999999	0.0746572	0.7250439999999999	0.0	0.162115	-0.9854209999999999	-0.051614099999999996	0.0	-3.30329	-3.4695699999999996	-3.0910599999999997	0.36351100000000003	-0.139698	0.736052	-0.662354	0.0	0.510985	-0.5193770000000001	-0.6849390000000001	0.0	-0.8481620000000001	-0.434137	-0.303556	0.0	2.0131099999999997	-2.54055	-1.9604599999999999	0.363981	
0	0.803523	0.138901	-0.5788409999999999	0.0	0.56497	0.128351	0.815068	0.0	0.18750799999999998	-0.9819540000000001	0.0246581	0.0	-3.3001199999999997	-3.49071	-3.09177	0.363978	-0.139399	0.731628	-0.6673	0.0	0.513679	-0.522692	-0.680388	0.0	-0.846582	-0.43762299999999993	-0.30295900000000003	0.0	2.0254	-2.53681	-1.9549599999999998	0.36397199999999996	
0	0.8594569999999999	0.139096	-0.491921	0.0	0.47322200000000003	0.147528	0.868502	0.0	0.193377	-0.9792280000000001	0.06097090000000001	0.0	-3.27642	-3.49741	-3.1327	0.363558	-0.135569	0.7279260000000001	-0.6721199999999999	0.0	0.512282	-0.529163	-0.676428	0.0	-0.84805	-0.436017	-0.301165	0.0	2.07083	-2.5446299999999997	-1.9488900000000002	0.364001	
0	0.877948	0.18612599999999999	-0.441094	0.0	0.41357299999999997	0.169271	0.894597	0.0	0.241173	-0.967835	0.07163430000000001	0.0	-3.2839099999999997	-3.6114900000000003	-3.00893	0.371488	-0.135215	0.7258939999999999	-0.674385	0.0	0.5116149999999999	-0.5317270000000001	-0.67492	0.0	-0.8485090000000001	-0.43628500000000003	-0.29948	0.0	2.0988	-2.5632	-1.92665	0.363987	
0	0.8861680000000001	0.212233	-0.41190200000000005	0.0	0.369838	0.211573	0.9046860000000001	0.0	0.279152	-0.954041	0.108998	0.0	-3.2799400000000003	-3.6059099999999997	-2.99667	0.370514	-0.133798	0.725464	-0.675129	0.0	0.5111979999999999	-0.533098	-0.674154	0.0	-0.848985	-0.435325	-0.299528	0.0	2.11249	-2.58332	-1.9145599999999998	0.363981	
0	0.882617	0.227273	-0.41150299999999995	0.0	0.35601900000000003	0.248468	0.900841	0.0	0.30698200000000003	-0.9416	0.138389	0.0	-3.19792	-3.60356	-2.96263	0.372386	-0.13384400000000002	0.7263539999999999	-0.674163	0.0	0.510898	-0.532339	-0.674981	0.0	-0.849158	-0.43477	-0.299842	0.0	2.11923	-2.60117	-1.90707	0.36399000000000004	
0	0.8737870000000001	0.24728200000000003	-0.41874700000000004	0.0	0.345978	0.28902	0.892618	0.0	0.341754	-0.9248350000000001	0.166988	0.0	-3.15236	-3.59964	-2.93675	0.36141100000000004	-0.135409	0.7285	-0.6715300000000001	0.0	0.510241	-0.529713	-0.677539	0.0	-0.849305	-0.43438699999999997	-0.299983	0.0	2.12128	-2.61607	-1.90418	0.36396799999999996	
0	0.8639620000000001	0.274537	-0.42213599999999996	0.0	0.332623	0.31825	0.8877379999999999	0.0	0.378062	-0.907384	0.183639	0.0	-3.1705400000000004	-3.6019300000000003	-2.94961	0.359062	-0.135406	0.73133	-0.668447	0.0	0.508097	-0.527939	-0.680528	0.0	-0.85059	-0.431783	-0.3001	0.0	2.12837	-2.65197	-1.9172900000000002	0.363976	
0	0.8549690000000001	0.282989	-0.43467799999999995	0.0	0.32355500000000004	0.364016	0.8733870000000001	0.0	0.405389	-0.8873610000000001	0.21966	0.0	-3.1762200000000003	-3.6004300000000002	-2.97911	0.35256	-0.135241	0.7318640000000001	-0.667896	0.0	0.504637	-0.529229	-0.682099	0.0	-0.8526729999999999	-0.42929300000000004	-0.29775300000000005	0.0	2.13122	-2.69719	-1.93176	0.363971	
0	0.85659	0.278926	-0.434112	0.0	0.32660900000000004	0.358236	0.8746389999999999	0.0	0.399475	-0.890992	0.215761	0.0	-3.1686900000000002	-3.5930400000000002	-2.9731099999999997	0.344283	-0.132968	0.728174	-0.672371	0.0	0.502649	-0.535134	-0.678952	0.0	-0.854203	-0.428246	-0.29486	0.0	2.12509	-2.70165	-1.92947	0.36396300000000004	
0	0.869705	0.250033	-0.425554	0.0	0.335399	0.33315700000000004	0.8812	0.0	0.362106	-0.909115	0.20588800000000002	0.0	-3.14203	-3.57646	-2.9704900000000003	0.346656	-0.128081	0.719924	-0.682132	0.0	0.500112	-0.547063	-0.671275	0.0	-0.8564370000000001	-0.42712	-0.289975	0.0	2.11308	-2.6556900000000003	-1.8950900000000002	0.363964	
0	0.89671	0.202552	-0.39355300000000004	0.0	0.351545	0.21433000000000002	0.911306	0.0	0.268937	-0.9555290000000001	0.120986	0.0	-3.04481	-3.5882	-2.92273	0.35149	-0.121386	0.708598	-0.6950930000000001	0.0	0.49449399999999993	-0.564018	-0.6613319999999999	0.0	-0.860663	-0.42399499999999996	-0.281934	0.0	2.106	-2.6202099999999997	-1.8667099999999999	0.36398800000000003	
0	0.921007	0.131598	-0.366643	0.0	0.35436799999999996	0.10781199999999999	0.9288700000000001	0.0	0.16176600000000002	-0.9854229999999999	0.05266180000000001	0.0	-3.0281599999999997	-3.61688	-2.8934	0.356802	-0.11731300000000001	0.701676	-0.7027720000000001	0.0	0.491638	-0.573823	-0.654996	0.0	-0.8628620000000001	-0.422349	-0.277654	0.0	2.0924	-2.58819	-1.84742	0.363987	
0	0.9329379999999999	0.111545	-0.342323	0.0	0.340839	0.032713799999999994	0.939552	0.0	0.11600099999999999	-0.9932209999999999	-0.00749898	0.0	-3.0164299999999997	-3.6323800000000004	-2.90749	0.349501	-0.115212	0.697388	-0.7073729999999999	0.0	0.48602	-0.581479	-0.6524310000000001	0.0	-0.8663200000000001	-0.418965	-0.271951	0.0	2.08054	-2.56599	-1.82943	0.36397399999999996	
0	0.935917	0.076794	-0.343746	0.0	0.346003	-0.017901499999999997	0.9380629999999999	0.0	0.065884	-0.996886	-0.043325199999999994	0.0	-3.0033	-3.6467199999999997	-2.9241200000000003	0.369239	-0.11359200000000001	0.695567	-0.709425	0.0	0.483853	-0.584918	-0.6509659999999999	0.0	-0.8677459999999999	-0.417202	-0.27011	0.0	2.07302	-2.55079	-1.8192700000000002	0.36396300000000004	
0	0.930642	0.0498088	-0.362526	0.0	0.364764	-0.0472018	0.929903	0.0	0.029205500000000002	-0.9976430000000001	-0.0620964	0.0	-2.9901299999999997	-3.64645	-2.92977	0.37893899999999997	-0.114652	0.694937	-0.709871	0.0	0.486641	-0.58368	-0.649999	0.0	-0.8660459999999999	-0.41997700000000004	-0.27126500000000003	0.0	2.08098	-2.52984	-1.80715	0.363977	
0	0.9157620000000001	-0.00396343	-0.401702	0.0	0.400098	-0.080809	0.912903	0.0	-0.0360793	-0.9967219999999999	-0.07241610000000001	0.0	-2.96161	-3.6446	-2.93586	0.368728	-0.11399200000000001	0.6944279999999999	-0.710476	0.0	0.489705	-0.5829489999999999	-0.648351	0.0	-0.8644040000000001	-0.42183000000000004	-0.27361399999999997	0.0	2.0926099999999996	-2.50945	-1.8107799999999998	0.363973	
0	0.908483	-0.105425	-0.404406	0.0	0.398422	-0.073654	0.9142399999999999	0.0	-0.12617	-0.9916959999999999	-0.0249095	0.0	-2.923	-3.5890400000000002	-2.9527099999999997	0.131268	-0.113007	0.693628	-0.711414	0.0	0.49106099999999997	-0.583454	-0.64687	0.0	-0.863764	-0.42244899999999996	-0.274679	0.0	2.09915	-2.4959	-1.81655	0.36397399999999996	
0	0.9424969999999999	-0.124927	-0.309987	0.0	0.312571	0.00113814	0.949894	0.0	-0.118315	-0.992165	0.040121300000000006	0.0	-2.9319599999999997	-3.59531	-3.0015400000000003	0.129632	-0.102997	0.687512	-0.7188319999999999	0.0	0.48476	-0.59635	-0.639824	0.0	-0.8685620000000001	-0.414361	-0.271856	0.0	2.1097200000000003	-2.47274	-1.8335700000000001	0.363967	
0	0.960149	-0.0629467	-0.272308	0.0	0.27164099999999997	-0.0190917	0.962209	0.0	-0.0657667	-0.997834	-0.00123193	0.0	-2.97759	-3.59311	-2.97028	0.129964	-0.0735422	0.6865760000000001	-0.72333	0.0	0.473364	-0.614354	-0.631265	0.0	-0.877792	-0.388823	-0.27981999999999996	0.0	2.13263	-2.40686	-1.8525	0.364004	
0	0.9530649999999999	0.0159768	-0.302344	0.0	0.302589	-0.016098599999999998	0.9529850000000001	0.0	0.010358299999999999	-0.999743	-0.0201774	0.0	-3.07479	-3.5770800000000005	-2.93667	0.130137	-0.042841199999999996	0.6821189999999999	-0.729985	0.0	0.460085	-0.635101	-0.620459	0.0	-0.886841	-0.36243600000000004	-0.286624	0.0	2.1808099999999997	-2.34497	-1.89392	0.36391799999999996	
0	0.911069	0.11501900000000001	-0.395883	0.0	0.396943	0.014524200000000001	0.9177290000000001	0.0	0.11130599999999999	-0.993257	-0.0324235	0.0	-3.1991099999999997	-3.5397199999999995	-2.96025	0.130875	-0.0337075	0.689124	-0.723859	0.0	0.46116599999999996	-0.631833	-0.622988	0.0	-0.886674	-0.354819	-0.296503	0.0	2.2067	-2.32183	-1.9442099999999998	0.363541	
0	0.843784	0.241898	-0.479076	0.0	0.4709	0.09451849999999999	0.877109	0.0	0.257452	-0.9656870000000001	-0.0341565	0.0	-3.2603299999999997	-3.5142	-2.93637	0.13030899999999998	-0.0253024	0.689612	-0.723737	0.0	0.455607	-0.636454	-0.622373	0.0	-0.8898219999999999	-0.345487	-0.298088	0.0	2.22926	-2.32432	-1.9637099999999998	0.363554	
0	0.7993399999999999	0.333942	-0.499537	0.0	0.48698400000000003	0.12697	0.864133	0.0	0.35199600000000003	-0.934003	-0.0611323	0.0	-3.00137	-3.4973699999999996	-2.84174	0.130449	-0.0248511	0.692461	-0.7210270000000001	0.0	0.453268	-0.635047	-0.62551	0.0	-0.891028	-0.34236300000000003	-0.298089	0.0	2.23405	-2.32871	-1.9686	0.363521	
0	0.751717	0.41066899999999995	-0.516016	0.0	0.487138	0.18166	0.854223	0.0	0.444543	-0.8935049999999999	-0.06349550000000001	0.0	-3.09923	-3.38524	-2.82261	0.130415	-0.022269499999999998	0.694282	-0.719359	0.0	0.449103	-0.635905	-0.62764	0.0	-0.8932030000000001	-0.337043	-0.297643	0.0	2.23388	-2.37855	-1.99278	0.36377600000000004	
0	0.7070810000000001	0.47919300000000004	-0.5200100000000001	0.0	0.48002	0.21472199999999997	0.8505729999999999	0.0	0.519247	-0.851039	-0.0781965	0.0	-3.17294	-3.12398	-2.75012	0.130379	-0.0216692	0.696194	-0.717527	0.0	0.444162	-0.6362760000000001	-0.630772	0.0	-0.895684	-0.332367	-0.29543600000000003	0.0	2.22548	-2.42463	-1.97355	0.36386599999999997	
0	0.662802	0.538658	-0.5201359999999999	0.0	0.472933	0.237407	0.848512	0.0	0.580541	-0.808385	-0.0973953	0.0	-3.2409	-2.98314	-2.70217	0.130829	-0.015982200000000002	0.69428	-0.719527	0.0	0.43917	-0.6416149999999999	-0.6288560000000001	0.0	-0.8982620000000001	-0.326046	-0.294653	0.0	2.22243	-2.46137	-1.97479	0.363983	
0	0.62416	0.596507	-0.504582	0.0	0.46734499999999995	0.2325	0.8529559999999999	0.0	0.626109	-0.768195	-0.133657	0.0	-3.2939	-2.77509	-2.63578	0.130457	-0.00537622	0.6865479999999999	-0.727065	0.0	0.43400200000000005	-0.6534270000000001	-0.620223	0.0	-0.9008959999999999	-0.318882	-0.29445	0.0	2.18459	-2.48952	-1.9716599999999997	0.363973	
0	0.6105550000000001	0.624792	-0.48668100000000003	0.0	0.470587	0.208063	0.8574719999999999	0.0	0.637001	-0.752559	-0.166985	0.0	-3.3105300000000004	-2.6785400000000004	-2.59675	0.130458	0.00123525	0.670872	-0.741572	0.0	0.433911	-0.668484	-0.604029	0.0	-0.900955	-0.32103000000000004	-0.29192399999999996	0.0	2.14343	-2.53479	-1.9477200000000001	0.36399699999999996	
0	0.6103	0.639839	-0.467055	0.0	0.477571	0.17322200000000001	0.861348	0.0	0.6320279999999999	-0.748732	-0.199851	0.0	-3.3091199999999996	-2.53398	-2.5631	0.130557	0.00204051	0.66206	-0.749449	0.0	0.43466000000000005	-0.675538	-0.595583	0.0	-0.900593	-0.32454	-0.28915	0.0	2.07821	-2.58224	-1.90955	0.363881	
0	0.617386	0.640225	-0.457107	0.0	0.476788	0.157645	0.864767	0.0	0.6257060000000001	-0.751838	-0.20792399999999997	0.0	-3.3009	-2.41229	-2.55477	0.13054300000000002	0.00172919	0.657945	-0.7530640000000001	0.0	0.432708	-0.6794060000000001	-0.592597	0.0	-0.901533	-0.324832	-0.285873	0.0	2.05618	-2.60853	-1.8896700000000002	0.363987	
0	0.565186	0.6865399999999999	-0.45741400000000004	0.0	0.462225	0.195723	0.864894	0.0	0.683311	-0.700254	-0.20671599999999998	0.0	-2.33976	-1.41362	-2.46747	0.130549	0.00328481	0.6554989999999999	-0.755189	0.0	0.429752	-0.682823	-0.590817	0.0	-0.902941	-0.322604	-0.283945	0.0	2.04196	-2.60493	-1.87782	0.36399699999999996	
1	0.595294	0.6923020000000001	-0.407851	0.0	0.43344399999999994	0.15072	0.8884879999999999	0.0	0.676573	-0.705692	-0.210352	0.0	-1.9242099999999998	-1.01577	-2.3809400000000003	0.131134	0.0105047	0.650382	-0.7595350000000001	0.0	0.424116	-0.690768	-0.5856319999999999	0.0	-0.9055469999999999	-0.315979	-0.283094	0.0	2.03605	-2.5874099999999998	-1.893	0.363978	
1	0.658447	0.690235	-0.300039	0.0	0.402202	0.014255	0.9154399999999999	0.0	0.636146	-0.723445	-0.268227	0.0	-1.56605	-1.1275600000000001	-2.3637900000000003	0.13113699999999998	0.0666631	0.603734	-0.7943939999999999	0.0	0.378152	-0.752057	-0.539825	0.0	-0.9233399999999999	-0.264415	-0.278438	0.0	1.94822	-2.53481	-1.90735	0.363964	
1	0.685712	0.688963	-0.234798	0.0	0.382757	-0.06693110000000001	0.9214209999999999	0.0	0.61911	-0.7217	-0.309601	0.0	-1.33886	-1.27083	-2.40786	0.130575	0.11243800000000001	0.558308	-0.8219790000000001	0.0	0.332393	-0.800702	-0.498389	0.0	-0.936415	-0.21718200000000001	-0.275607	0.0	1.8763599999999998	-2.44199	-1.8837400000000002	0.36398600000000003	
1	0.721695	0.675601	-0.150729	0.0	0.34964	-0.167855	0.921725	0.0	0.597418	-0.717905	-0.35735700000000004	0.0	-1.0658299999999998	-1.4094	-2.44108	0.13058499999999998	0.195926	0.482231	-0.8538540000000001	0.0	0.260469	-0.865044	-0.42878299999999997	0.0	-0.9453940000000001	-0.13839200000000002	-0.29509	0.0	1.7603	-2.34672	-1.91648	0.36397399999999996	
1	0.761282	0.641651	-0.0934545	0.0	0.317683	-0.24344000000000002	0.916414	0.0	0.565267	-0.7273390000000001	-0.38916799999999996	0.0	-0.855115	-1.5501	-2.48543	0.130575	0.265886	0.400906	-0.8766860000000001	0.0	0.18444100000000002	-0.9137770000000001	-0.36193000000000003	0.0	-0.9461959999999999	-0.0654649	-0.316904	0.0	1.6892	-2.22229	-1.9600799999999998	0.36399699999999996	
1	0.787892	0.61257	-0.06312580000000001	0.0	0.290498	-0.279329	0.915198	0.0	0.54299	-0.7394149999999999	-0.39803099999999997	0.0	-0.73118	-1.7013	-2.5402	0.13113699999999998	0.312663	0.320286	-0.8942370000000001	0.0	0.117846	-0.9472430000000001	-0.298068	0.0	-0.942526	-0.012187200000000002	-0.333912	0.0	1.64988	-2.14039	-1.99285	0.363951	
1	0.805048	0.591947	-0.038688400000000005	0.0	0.265782	-0.301619	0.9156340000000001	0.0	0.530338	-0.747412	-0.400146	0.0	-0.556797	-2.0230799999999998	-2.64824	0.131133	0.359081	0.22005500000000003	-0.906993	0.0	0.025526	-0.973759	-0.226147	0.0	-0.9329569999999999	0.0580534	-0.35527600000000004	0.0	1.54101	-2.08867	-2.0526	0.363967	
1	0.804143	0.593571	-0.0320579	0.0	0.256939	-0.29844499999999996	0.919191	0.0	0.536038	-0.747398	-0.392504	0.0	-0.507235	-2.0971599999999997	-2.66316	0.130582	0.36086799999999997	0.21536100000000002	-0.90741	0.0	0.013551400000000002	-0.97408	-0.22579499999999997	0.0	-0.9325180000000001	0.0691857	-0.354433	0.0	1.51419	-2.09092	-2.06075	0.363978	
1	0.799459	0.599859	-0.0321623	0.0	0.253182	-0.287908	0.923585	0.0	0.5447609999999999	-0.7465109999999999	-0.382044	0.0	-0.454559	-2.1682799999999998	-2.68857	0.130552	0.35038600000000003	0.209137	-0.912957	0.0	0.00539965	-0.9751860000000001	-0.22131900000000002	0.0	-0.9365899999999999	0.07261770000000001	-0.342821	0.0	1.4675	-2.12544	-2.05618	0.36375599999999997	
1	0.7879970000000001	0.6141989999999999	-0.042667000000000004	0.0	0.257837	-0.266276	0.9287719999999999	0.0	0.55909	-0.7428710000000001	-0.368188	0.0	-0.473843	-2.20202	-2.72484	0.130173	0.344959	0.20094700000000001	-0.916855	0.0	0.00175281	-0.976951	-0.21345799999999998	0.0	-0.938616	0.07202739999999999	-0.33736	0.0	1.4548	-2.12225	-2.0357	0.363754	
1	0.776875	0.627946	-0.0463589	0.0	0.26271500000000003	-0.25635	0.9301969999999999	0.0	0.572229	-0.734825	-0.364122	0.0	-0.478048	-2.20923	-2.7468	0.131115	0.341411	0.19735	-0.9189620000000001	0.0	0.000255875	-0.977728	-0.209875	0.0	-0.9399139999999999	0.07141839999999999	-0.333858	0.0	1.4298600000000001	-2.1217200000000003	-2.01586	0.363847	
1	0.749197	0.6599689999999999	-0.0560845	0.0	0.26974699999999996	-0.22668600000000003	0.9358690000000001	0.0	0.60493	-0.716278	-0.347857	0.0	-0.49700000000000005	-2.1973700000000003	-2.75617	0.13113	0.339893	0.193638	-0.920314	0.0	-0.00371692	-0.97829	-0.20720999999999998	0.0	-0.940457	0.0738499	-0.331794	0.0	1.42908	-2.07402	-1.9922	0.3632	
1	0.741392	0.668376	-0.060101499999999995	0.0	0.274256	-0.22003699999999998	0.9361450000000001	0.0	0.612472	-0.710533	-0.346439	0.0	-0.5095310000000001	-2.17748	-2.74871	0.130484	0.336482	0.193154	-0.921668	0.0	-0.00262431	-0.978542	-0.206031	0.0	-0.941686	0.0717444	-0.328755	0.0	1.42169	-2.04275	-1.97433	0.36173299999999997	
1	0.726899	0.682372	-0.0773693	0.0	0.28083600000000003	-0.192554	0.940242	0.0	0.6266970000000001	-0.7051890000000001	-0.331602	0.0	-0.530328	-2.12038	-2.7288900000000003	0.130974	0.33364	0.190648	-0.923221	0.0	-7.53552e-05	-0.979332	-0.202262	0.0	-0.942701	0.06755219999999999	-0.32673	0.0	1.41157	-1.96567	-1.9464599999999999	0.359849	
1	0.702394	0.704395	-0.102324	0.0	0.29163	-0.15365499999999999	0.944109	0.0	0.649303	-0.6929770000000001	-0.313349	0.0	-0.42126099999999994	-1.85634	-2.5306599999999997	0.131127	0.339104	0.185854	-0.922208	0.0	-0.00268531	-0.980096	-0.198507	0.0	-0.940745	0.0697912	-0.331856	0.0	1.2856299999999998	-2.0694	-2.0979200000000002	0.363662	
1	0.690632	0.714141	-0.114148	0.0	0.294306	-0.133352	0.946362	0.0	0.660614	-0.687183	-0.302273	0.0	-0.407224	-1.78361	-2.4771400000000003	0.131126	0.342377	0.184606	-0.921248	0.0	-0.00617767	-0.980044	-0.198684	0.0	-0.939542	0.0737162	-0.334405	0.0	1.2685	-2.06708	-2.12233	0.36397399999999996	
1	0.652944	0.742046	-0.151763	0.0	0.291567	-0.06132580000000001	0.954583	0.0	0.699037	-0.667538	-0.256399	0.0	-0.40632199999999996	-1.69435	-2.34077	0.130391	0.34624	0.175585	-0.921568	0.0	-0.019495099999999998	-0.98077	-0.194189	0.0	-0.937944	0.08520180000000001	-0.336158	0.0	1.28135	-1.97675	-2.10025	0.364672	
1	0.645548	0.746209	-0.162605	0.0	0.28936	-0.041941	0.9563010000000001	0.0	0.70678	-0.6643899999999999	-0.242998	0.0	-0.383227	-1.6551799999999999	-2.29331	0.130326	0.347262	0.170215	-0.922191	0.0	-0.0239388	-0.981459	-0.190169	0.0	-0.9374629999999999	0.08811469999999999	-0.33674899999999997	0.0	1.28793	-1.92677	-2.07907	0.36557	
1	0.633837	0.752386	-0.179351	0.0	0.29307	-0.019028299999999998	0.955902	0.0	0.7157939999999999	-0.6584479999999999	-0.232562	0.0	-0.37201300000000004	-1.54069	-2.21604	0.131194	0.348478	0.15598800000000002	-0.9242459999999999	0.0	-0.0416661	-0.982503	-0.18153	0.0	-0.93639	0.10176900000000001	-0.335881	0.0	1.3012	-1.8112599999999999	-2.01031	0.366797	
1	0.62778	0.757379	-0.179635	0.0	0.292105	-0.0153154	0.9562639999999999	0.0	0.721503	-0.652796	-0.23084899999999997	0.0	-0.374289	-1.50623	-2.17225	0.131102	0.347144	0.14770899999999998	-0.926106	0.0	-0.0482197	-0.983401	-0.174922	0.0	-0.9365709999999999	0.10538	-0.33425900000000003	0.0	1.31	-1.78452	-2.0051099999999997	0.366456	
1	0.621484	0.762834	-0.17844200000000002	0.0	0.282993	-0.00620235	0.959102	0.0	0.730529	-0.646564	-0.219732	0.0	-0.319966	-1.44718	-2.0859900000000002	0.13106900000000002	0.345012	0.137036	-0.928541	0.0	-0.0491705	-0.9852870000000001	-0.16368	0.0	-0.9373090000000001	0.102128	-0.333198	0.0	1.28061	-1.80798	-2.04908	0.364396	
1	0.618698	0.765599	-0.176267	0.0	0.274227	-0.000200897	0.961665	0.0	0.736215	-0.6433180000000001	-0.210073	0.0	-0.30795100000000003	-1.4533399999999999	-2.05513	0.131225	0.31899099999999997	0.10928299999999999	-0.941436	0.0	-0.025207900000000002	-0.992	-0.12369400000000001	0.0	-0.947422	0.063189	-0.313684	0.0	1.28312	-1.79237	-2.03025	0.36384099999999997	
1	0.617742	0.766925	-0.17384000000000002	0.0	0.26934400000000003	0.00134395	0.963043	0.0	0.738816	-0.641735	-0.205736	0.0	-0.31272300000000003	-1.4899799999999999	-1.99543	0.131667	0.277169	0.0611252	-0.958875	0.0	0.0187053	-0.998128	-0.058220600000000004	0.0	-0.9606389999999999	-0.00179907	-0.277794	0.0	1.29766	-1.8031	-1.9870299999999999	0.353744	
1	0.605034	0.773472	-0.188879	0.0	0.27624099999999996	0.018565900000000003	0.960909	0.0	0.746743	-0.633559	-0.202431	0.0	-0.354983	-1.62775	-1.9022599999999998	0.13284300000000002	0.216903	0.0345229	-0.975583	0.0	0.057489099999999994	-0.998092	-0.0225378	0.0	-0.974499	-0.0511968	-0.21847399999999997	0.0	1.2923200000000001	-1.81132	-1.9468599999999998	0.195796	
1	0.604905	0.775613	-0.180319	0.0	0.274754	0.00924549	0.96147	0.0	0.747396	-0.631141	-0.20751	0.0	-0.33575900000000003	-1.64451	-1.8841700000000001	0.132391	0.219754	0.0458327	-0.9744780000000001	0.0	0.055762599999999996	-0.9978530000000001	-0.034357099999999995	0.0	-0.97396	-0.046789300000000006	-0.221838	0.0	1.31148	-1.82844	-1.9293900000000002	0.195187	
1	0.598058	0.782226	-0.174496	0.0	0.276413	0.00304988	0.961034	0.0	0.752279	-0.622987	-0.21439299999999997	0.0	-0.31047399999999997	-1.68918	-1.8794099999999998	0.13281099999999998	0.21614	0.057006799999999996	-0.9746969999999999	0.0	0.0703585	-0.9966079999999999	-0.042686199999999994	0.0	-0.973824	-0.059351999999999995	-0.21941799999999997	0.0	1.33958	-1.85505	-1.9267900000000002	0.194733	
1	0.591655	0.7896989999999999	-0.162231	0.0	0.269983	-0.00447264	0.9628549999999999	0.0	0.75964	-0.613478	-0.21585100000000002	0.0	-0.27776	-1.73137	-1.8914900000000001	0.13268	0.22078899999999999	0.07095839999999999	-0.9727370000000001	0.0	0.0825612	-0.99513	-0.0538524	0.0	-0.9718209999999999	-0.0684203	-0.22557199999999997	0.0	1.37307	-1.8786200000000002	-1.92985	0.194583	
1	0.582683	0.8005800000000001	-0.13983199999999998	0.0	0.253245	-0.0153696	0.9672799999999999	0.0	0.7722359999999999	-0.599029	-0.211698	0.0	-0.24889899999999998	-1.79972	-1.9162299999999999	0.132419	0.23397300000000001	0.09178969999999999	-0.9679	0.0	0.100952	-0.9924459999999999	-0.0697141	0.0	-0.966988	-0.0813999	-0.241472	0.0	1.40276	-1.9197	-1.9290200000000002	0.194516	
1	0.5771609999999999	0.8064319999999999	-0.128657	0.0	0.244785	-0.020542400000000002	0.96936	0.0	0.77908	-0.59097	-0.20925900000000003	0.0	-0.211429	-1.84805	-1.9377900000000001	0.13163699999999998	0.23778000000000002	0.105128	-0.9656129999999999	0.0	0.111831	-0.9904780000000001	-0.0802966	0.0	-0.96486	-0.0888926	-0.247273	0.0	1.43488	-1.9555200000000001	-1.9449299999999998	0.194582	
1	0.576248	0.807541	-0.12575999999999998	0.0	0.24456799999999998	-0.0235614	0.9693459999999999	0.0	0.779824	-0.589341	-0.211076	0.0	-0.18296300000000001	-1.8881299999999999	-1.9790299999999998	0.131705	0.239594	0.10873499999999998	-0.964765	0.0	0.112752	-0.990101	-0.0835894	0.0	-0.964304	-0.08875169999999999	-0.249482	0.0	1.46464	-1.9943799999999998	-1.9846099999999998	0.194676	
1	0.573675	0.81183	-0.10876199999999998	0.0	0.23053200000000001	-0.032615	0.972518	0.0	0.785972	-0.582983	-0.20586300000000002	0.0	-0.157917	-1.93534	-2.03504	0.131602	0.252328	0.119209	-0.9602709999999999	0.0	0.115977	-0.9889549999999999	-0.0922951	0.0	-0.960666	-0.0880804	-0.263367	0.0	1.49082	-2.03608	-2.0190200000000003	0.194993	
1	0.54827	0.827491	-0.121077	0.0	0.22460300000000002	-0.00623807	0.9744309999999999	0.0	0.8055770000000001	-0.561445	-0.189277	0.0	-0.236181	-1.7750299999999999	-2.12193	0.296983	0.220877	0.162052	-0.961744	0.0	0.13001	-0.982191	-0.135639	0.0	-0.9665969999999999	-0.0950765	-0.238012	0.0	1.59701	-2.2283	-2.04845	0.195429	
1	0.521476	0.841053	-0.143852	0.0	0.23057199999999997	0.0234206	0.972773	0.0	0.821523	-0.540446	-0.18170999999999998	0.0	-0.400437	-1.5002799999999998	-2.3124700000000002	0.350451	0.283249	0.0745642	-0.9561430000000001	0.0	0.0455511	-0.9968940000000001	-0.064248	0.0	-0.9579639999999999	-0.0253552	-0.28576599999999996	0.0	1.913	-2.57515	-2.1605	0.195519	
2	0.518229	0.83945	-0.163588	0.0	0.24650500000000003	0.0365489	0.9684520000000001	0.0	0.818946	-0.5422060000000001	-0.18798800000000002	0.0	-0.49681000000000003	-1.53077	-2.3611	0.350786	0.309602	0.045473400000000004	-0.949778	0.0	0.011113799999999998	-0.9989610000000001	-0.0442053	0.0	-0.950801	0.00313039	-0.309786	0.0	1.99194	-2.58212	-2.22963	0.19552999999999998	
2	0.523584	0.836976	-0.15916	0.0	0.24808200000000002	0.0289423	0.9683069999999999	0.0	0.815056	-0.546474	-0.192485	0.0	-0.5526949999999999	-1.57071	-2.38978	0.35025	0.318845	0.019542900000000002	-0.9476049999999999	0.0	0.00100272	-0.9997940000000001	-0.0202818	0.0	-0.9478059999999999	0.00551657	-0.318799	0.0	2.0121900000000004	-2.59305	-2.2553400000000003	0.19506300000000001	
2	0.522049	0.8371959999999999	-0.162997	0.0	0.25264200000000003	0.0307435	0.9670709999999999	0.0	0.814639	-0.546039	-0.195461	0.0	-0.6048140000000001	-1.5883399999999999	-2.4033900000000004	0.350256	0.32309499999999997	0.018622299999999998	-0.946183	0.0	0.00704011	-0.999826	-0.017274	0.0	-0.94634	-0.00108007	-0.32316999999999996	0.0	2.01246	-2.59251	-2.25327	0.19498	
2	0.516858	0.840032	-0.164935	0.0	0.24911	0.0367434	0.967778	0.0	0.819025	-0.541291	-0.190269	0.0	-0.633463	-1.62545	-2.41526	0.350521	0.32488	0.0171958	-0.945599	0.0	0.00886577	-0.9998459999999999	-0.0151363	0.0	-0.9457139999999999	-0.00346598	-0.32498299999999997	0.0	2.01222	-2.59077	-2.2528599999999996	0.194957	
2	0.513662	0.841501	-0.167417	0.0	0.245952	0.042521699999999996	0.968349	0.0	0.8219850000000001	-0.5385800000000001	-0.18512699999999999	0.0	-0.620889	-1.62678	-2.41717	0.350663	0.330619	0.0124894	-0.943682	0.0	-0.00169657	-0.9999030000000001	-0.0138278	0.0	-0.9437629999999999	0.00617277	-0.33056599999999997	0.0	2.01809	-2.60157	-2.24799	0.194974	
2	0.512202	0.842549	-0.16661600000000001	0.0	0.24111999999999997	0.045127999999999995	0.9694450000000001	0.0	0.824324	-0.536726	-0.180041	0.0	-0.592364	-1.6219	-2.41236	0.351738	0.373756	-0.034020800000000004	-0.926903	0.0	-0.0661537	-0.9977600000000001	0.00994629	0.0	-0.925165	0.0576005	-0.37517	0.0	2.24757	-2.60678	-2.4042	0.194396	
2	0.49198800000000004	0.850651	-0.18531	0.0	0.2431	0.0701555	0.967461	0.0	0.8359719999999999	-0.5210279999999999	-0.172278	0.0	-0.637937	-1.6442299999999999	-2.4229700000000003	0.352463	0.428828	-0.0653286	-0.901021	0.0	-0.14041800000000002	-0.99008	0.00495577	0.0	-0.892407	0.124395	-0.43374700000000005	0.0	2.6490299999999998	-2.7302	-2.65654	0.194779	
2	0.487231	0.852374	-0.189908	0.0	0.24708400000000003	0.0740228	0.9661629999999999	0.0	0.8375889999999999	-0.517667	-0.174541	0.0	-0.688485	-1.67987	-2.44143	0.352238	0.452899	-0.100827	-0.885843	0.0	-0.24286100000000002	-0.9699639999999999	-0.013764199999999999	0.0	-0.8578469999999999	0.221371	-0.463783	0.0	2.86289	-2.74994	-2.78896	0.19531099999999998	
2	0.495409	0.846216	-0.196185	0.0	0.26051399999999997	0.0707155	0.9628770000000001	0.0	0.828675	-0.528126	-0.185418	0.0	-0.8228639999999999	-1.7909700000000002	-2.47744	0.352506	0.5240130000000001	-0.08985189999999998	-0.846957	0.0	-0.37935599999999997	-0.914956	-0.13764200000000001	0.0	-0.7625609999999999	0.393425	-0.5135350000000001	0.0	3.3793900000000003	-2.52294	-2.8972900000000004	0.195035	
2	0.504688	0.8438829999999999	-0.182076	0.0	0.255069	0.0557308	0.965316	0.0	0.82476	-0.533625	-0.187122	0.0	-0.884129	-1.9369900000000002	-2.50878	0.352364	0.537443	-0.0848854	-0.839017	0.0	-0.40481300000000003	-0.8987629999999999	-0.168378	0.0	-0.739785	0.43013900000000005	-0.517397	0.0	3.6330699999999996	-2.41368	-2.86711	0.19506800000000002	
