3	0.23098600000000002	0.964601	0.12724100000000002	0.0	0.171679	-0.16913399999999998	0.970526	0.0	0.957691	-0.20233399999999999	-0.20466900000000002	0.0	-2.82884	2.0183299999999997	1.38038	0.0	-0.0361531	0.831043	-0.555032	0.0	0.111676	-0.548557	-0.828622	0.0	-0.993087	-0.09194060000000001	-0.0729754	0.0	2.70717	1.94448	1.46957	0.0	
3	0.222966	0.9687450000000001	0.10871900000000001	0.0	0.15596600000000002	-0.145541	0.976981	0.0	0.962269	-0.200877	-0.183542	0.0	-2.8037799999999997	1.9798200000000001	1.38638	0.0	-0.023659200000000002	0.8261040000000001	-0.563021	0.0	0.0849559	-0.55948	-0.8244790000000001	0.0	-0.9961040000000001	-0.0673383	-0.0569457	0.0	2.71749	1.88955	1.42006	0.0	
3	0.182481	0.982801	0.028347000000000004	0.0	0.166525	-0.05930830000000001	0.984252	0.0	0.9690049999999999	-0.17488599999999999	-0.174484	0.0	-2.73644	1.94385	1.39059	0.0447847	0.0136279	0.814811	-0.579566	0.0	0.03679930000000001	-0.5796359999999999	-0.814044	0.0	-0.99923	-0.0102339	-0.0378839	0.0	2.74002	1.86247	1.34964	0.304085	
3	0.10806700000000001	0.983351	-0.14609	0.0	0.202348	0.122117	0.97167	0.0	0.973333	-0.13456700000000002	-0.185783	0.0	-2.73611	1.9293	1.31522	0.351971	0.0522141	0.796569	-0.6022890000000001	0.0	-0.010475299999999998	-0.602641	-0.797944	0.0	-0.9985809999999999	0.047973199999999994	-0.0231223	0.0	2.62194	1.83509	1.3020399999999999	0.36149000000000003	
3	0.137139	0.975024	-0.174704	0.0	0.22080300000000003	0.141843	0.964949	0.0	0.9656290000000001	-0.170907	-0.19583699999999998	0.0	-2.6947099999999997	1.88641	1.33236	0.35465	0.0656955	0.780543	-0.62164	0.0	-0.0346217	-0.6208279999999999	-0.7831819999999999	0.0	-0.997239	0.0729739	-0.0137623	0.0	2.5895099999999998	1.8219599999999998	1.29471	0.362121	
3	0.262903	0.929859	-0.25737899999999997	0.0	0.278183	0.18238	0.943055	0.0	0.923849	-0.31953000000000004	-0.210722	0.0	-2.70985	1.63652	1.38166	0.35526399999999997	0.070271	0.762706	-0.642917	0.0	-0.052089199999999995	-0.640825	-0.765918	0.0	-0.996167	0.0873109	-0.00530267	0.0	2.51308	1.7798599999999998	1.30064	0.363654	
3	0.478959	0.849399	-0.22163000000000002	0.0	0.296714	0.08096669999999999	0.951528	0.0	0.8261709999999999	-0.521504	-0.21324899999999997	0.0	-2.7267200000000003	1.3084799999999999	1.5014	0.355621	0.073023	0.751796	-0.6553399999999999	0.0	-0.0531682	-0.653225	-0.7552949999999999	0.0	-0.9959120000000001	0.0899973	-0.00772908	0.0	2.44484	1.74406	1.32354	0.363971	
3	0.733317	0.678561	-0.0424376	0.0	0.18019100000000002	-0.133786	0.974491	0.0	0.655574	-0.722258	-0.22037800000000002	0.0	-2.82483	0.8919090000000001	1.54598	0.355283	0.0586826	0.746586	-0.662695	0.0	-0.0540832	-0.6604869999999999	-0.748887	0.0	-0.9968110000000001	0.0797874	0.00161864	0.0	2.38492	1.6844400000000002	1.3746	0.363967	
3	0.861769	0.491816	0.124385	0.0	0.0022611000000000003	-0.24891	0.9685239999999999	0.0	0.507296	-0.834362	-0.215615	0.0	-2.93246	0.538034	1.49747	0.356055	0.0509169	0.751365	-0.65792	0.0	-0.050649900000000005	-0.655984	-0.753074	0.0	-0.997418	0.0716678	0.00465572	0.0	2.3557	1.61418	1.3865299999999998	0.36399499999999996	
3	0.8953209999999999	0.361912	0.259655	0.0	-0.165445	-0.271034	0.9482450000000001	0.0	0.41355600000000003	-0.891942	-0.18278599999999998	0.0	-3.0960400000000003	0.0529231	1.35627	0.35699899999999996	0.0406597	0.757234	-0.651877	0.0	-0.0445651	-0.650393	-0.7582899999999999	0.0	-0.998179	0.05988290000000001	0.00730129	0.0	2.30342	1.49681	1.41246	0.363971	
3	0.9053180000000001	0.26868400000000003	0.328949	0.0	-0.256995	-0.270097	0.927902	0.0	0.33816	-0.924585	-0.175474	0.0	-3.17231	-0.321193	1.18947	0.358222	0.0370591	0.757985	-0.6512180000000001	0.0	-0.048161300000000004	-0.649554	-0.758789	0.0	-0.998152	0.059483600000000005	0.0124336	0.0	2.27795	1.3806	1.41137	0.363982	
3	0.913443	0.22227199999999997	0.340905	0.0	-0.278091	-0.27069	0.921625	0.0	0.297131	-0.9366549999999999	-0.185448	0.0	-3.2513400000000003	-0.592698	0.9353950000000001	0.357703	0.039599800000000004	0.7598050000000001	-0.648944	0.0	-0.0538133	-0.646889	-0.760683	0.0	-0.9977659999999999	0.0650448	0.0152709	0.0	2.2446200000000003	1.30234	1.44242	0.363981	
3	0.9196610000000001	0.19861700000000002	0.338785	0.0	-0.27747	-0.281856	0.918459	0.0	0.27791	-0.938674	-0.204101	0.0	-3.23843	-0.699749	0.714537	0.35728899999999997	0.0401946	0.760725	-0.647829	0.0	-0.0583571	-0.645459	-0.761562	0.0	-0.9974860000000001	0.06841610000000001	0.018449599999999997	0.0	2.22226	1.2811299999999999	1.48407	0.36396999999999996	
3	0.921933	0.191221	0.336859	0.0	-0.268435	-0.311554	0.911524	0.0	0.27925300000000003	-0.930789	-0.235902	0.0	-3.2399400000000003	-0.768529	0.43796499999999994	0.35622600000000004	0.0435437	0.759312	-0.6492680000000001	0.0	-0.0626814	-0.646528	-0.760311	0.0	-0.9970829999999999	0.0738039	0.019442400000000002	0.0	2.1875400000000003	1.2535	1.52409	0.363906	
3	0.930895	0.213648	0.296293	0.0	-0.22253	-0.31156	0.923803	0.0	0.289682	-0.925897	-0.242486	0.0	-3.17176	-0.880397	0.22433499999999998	0.356213	0.0465026	0.75076	-0.658937	0.0	-0.0629877	-0.656134	-0.752012	0.0	-0.9969299999999999	0.0764755	0.0167765	0.0	2.14089	1.15906	1.51657	0.363993	
3	0.931135	0.22083200000000003	0.290207	0.0	-0.21609899999999999	-0.306892	0.9268860000000001	0.0	0.293748	-0.9257700000000001	-0.238037	0.0	-3.10098	-1.00673	0.0566029	0.356412	0.047788300000000006	0.744066	-0.666395	0.0	-0.0656922	-0.6633720000000001	-0.745401	0.0	-0.9966950000000001	0.0793983	0.017178099999999998	0.0	2.1106700000000003	1.11612	1.52205	0.36392199999999997	
3	0.924208	0.22771799999999998	0.306569	0.0	-0.232907	-0.300085	0.9250430000000001	0.0	0.302645	-0.926334	-0.224304	0.0	-3.04386	-1.17391	-0.059641	0.357379	0.0505173	0.738909	-0.671909	0.0	-0.0706092	-0.668442	-0.740405	0.0	-0.996224	0.08484630000000001	0.0184058	0.0	2.09695	1.1167799999999999	1.53649	0.363676	
3	0.904753	0.254673	0.341415	0.0	-0.267694	-0.283487	0.9208559999999999	0.0	0.331304	-0.924542	-0.18831099999999998	0.0	-2.983	-1.39147	-0.157995	0.359611	0.0498391	0.73911	-0.6717380000000001	0.0	-0.07219450000000001	-0.668149	-0.740517	0.0	-0.9961450000000001	0.08540249999999999	0.0200597	0.0	2.08969	1.10378	1.54316	0.363944	
3	0.884388	0.26571999999999996	0.383732	0.0	-0.314256	-0.268889	0.9104629999999999	0.0	0.345109	-0.925793	-0.154298	0.0	-2.92045	-1.64095	-0.17946199999999998	0.362025	0.0497504	0.737895	-0.673079	0.0	-0.0695458	-0.669719	-0.739351	0.0	-0.996337	0.0835929	0.0179986	0.0	2.0926	1.09257	1.54227	0.36390500000000003	
3	0.866502	0.275704	0.416126	0.0	-0.34834899999999996	-0.263096	0.8996850000000001	0.0	0.357528	-0.924537	-0.131932	0.0	-2.91415	-1.82962	-0.146259	0.363969	0.0512894	0.7327670000000001	-0.6785439999999999	0.0	-0.06947489999999999	-0.675175	-0.734379	0.0	-0.9962639999999999	0.08480789999999999	0.0162793	0.0	2.09492	1.0907799999999999	1.54627	0.363809	
3	0.8622270000000001	0.276967	0.424092	0.0	-0.35357	-0.270435	0.8954629999999999	0.0	0.362703	-0.9220379999999999	-0.135249	0.0	-2.94256	-1.9595599999999997	-0.14604	0.363975	0.052381399999999995	0.731546	-0.6797770000000001	0.0	-0.0683865	-0.676485	-0.733274	0.0	-0.996283	0.0848975	0.014592600000000002	0.0	2.0968400000000003	1.09585	1.57176	0.363818	
3	0.858558	0.27919	0.430036	0.0	-0.356844	-0.276878	0.8921889999999999	0.0	0.368158	-0.919452	-0.13808800000000002	0.0	-2.91624	-2.01488	-0.110597	0.363977	0.05330880000000001	0.7300760000000001	-0.681284	0.0	-0.0684147	-0.67798	-0.731889	0.0	-0.996232	0.085626	0.013805700000000002	0.0	2.10489	1.09639	1.5788	0.36373	
3	0.877409	0.23402699999999999	0.41878999999999994	0.0	-0.355621	-0.26864899999999997	0.8951879999999999	0.0	0.32200500000000004	-0.934377	-0.15249000000000001	0.0	-2.9154	-2.06811	-0.103397	0.363966	0.054560500000000005	0.727548	-0.683883	0.0	-0.069924	-0.680439	-0.7294619999999999	0.0	-0.996059	0.0876198	0.013747799999999998	0.0	2.1150599999999997	1.09245	1.57933	0.36354200000000003	
3	0.877218	0.23483600000000002	0.41873699999999997	0.0	-0.355283	-0.26908000000000004	0.895193	0.0	0.322897	-0.93405	-0.152608	0.0	-2.91729	-2.06731	-0.10534600000000001	0.363981	0.054677300000000005	0.727498	-0.683928	0.0	-0.0698954	-0.680484	-0.7294229999999999	0.0	-0.9960549999999999	0.08768630000000001	0.0136416	0.0	2.11573	1.09317	1.57817	0.36354899999999996	
3	0.8772139999999999	0.23485100000000003	0.41873599999999994	0.0	-0.35528000000000004	-0.269081	0.895194	0.0	0.322911	-0.9340450000000001	-0.152604	0.0	-2.91725	-2.06723	-0.10532000000000001	0.36398	0.05467869999999999	0.7274970000000001	-0.683929	0.0	-0.06989479999999999	-0.680485	-0.729422	0.0	-0.9960549999999999	0.087687	0.013640000000000001	0.0	2.11571	1.0931600000000001	1.57818	0.36354899999999996	
3	0.8772139999999999	0.23485100000000003	0.41873599999999994	0.0	-0.355279	-0.269081	0.895194	0.0	0.322911	-0.9340450000000001	-0.152604	0.0	-2.91725	-2.06723	-0.10532000000000001	0.36398	0.05467869999999999	0.7274970000000001	-0.683929	0.0	-0.0698949	-0.680485	-0.729421	0.0	-0.9960549999999999	0.087687	0.0136401	0.0	2.11571	1.0931600000000001	1.57818	0.36354899999999996	
3	0.8772139999999999	0.23485100000000003	0.41873599999999994	0.0	-0.35528000000000004	-0.269081	0.895194	0.0	0.322911	-0.9340450000000001	-0.152604	0.0	-2.91725	-2.06723	-0.10532000000000001	0.363979	0.0546788	0.7274970000000001	-0.683929	0.0	-0.0698949	-0.680485	-0.729422	0.0	-0.9960549999999999	0.0876871	0.0136401	0.0	2.11571	1.0931600000000001	1.57818	0.36354899999999996	
3	0.8772139999999999	0.23485100000000003	0.41873599999999994	0.0	-0.35528000000000004	-0.269081	0.895194	0.0	0.322911	-0.9340450000000001	-0.152604	0.0	-2.91725	-2.06723	-0.10531900000000001	0.36398	0.05467869999999999	0.7274970000000001	-0.683929	0.0	-0.0698949	-0.680485	-0.729422	0.0	-0.9960549999999999	0.0876871	0.0136401	0.0	2.11571	1.0931600000000001	1.57818	0.36355	
3	0.8772139999999999	0.23485100000000003	0.41873599999999994	0.0	-0.35528000000000004	-0.269081	0.895194	0.0	0.322911	-0.9340450000000001	-0.152604	0.0	-2.91725	-2.06723	-0.10531900000000001	0.36398	0.054678899999999996	0.7274970000000001	-0.683929	0.0	-0.0698951	-0.680484	-0.729421	0.0	-0.9960549999999999	0.08768719999999999	0.0136403	0.0	2.11571	1.0931600000000001	1.57818	0.36354899999999996	
3	0.8772139999999999	0.23485100000000003	0.41873599999999994	0.0	-0.35528000000000004	-0.269081	0.895194	0.0	0.322911	-0.9340450000000001	-0.152604	0.0	-2.91725	-2.06723	-0.10532000000000001	0.36398	0.054678899999999996	0.7274970000000001	-0.683929	0.0	-0.0698951	-0.680484	-0.729421	0.0	-0.9960549999999999	0.08768730000000001	0.0136403	0.0	2.11571	1.0931600000000001	1.57818	0.36354899999999996	
3	0.8772139999999999	0.23485100000000003	0.41873599999999994	0.0	-0.35528000000000004	-0.269081	0.895194	0.0	0.322911	-0.9340450000000001	-0.152604	0.0	-2.91725	-2.06723	-0.10532000000000001	0.36398	0.054678899999999996	0.7274970000000001	-0.683929	0.0	-0.0698951	-0.680484	-0.729421	0.0	-0.9960549999999999	0.08768719999999999	0.0136403	0.0	2.11571	1.0931600000000001	1.57818	0.36354899999999996	
3	0.8772139999999999	0.23485100000000003	0.41873599999999994	0.0	-0.355279	-0.269081	0.895194	0.0	0.322911	-0.9340450000000001	-0.152604	0.0	-2.91725	-2.06723	-0.10532000000000001	0.36398	0.054678899999999996	0.7274970000000001	-0.683929	0.0	-0.0698951	-0.680484	-0.729421	0.0	-0.9960549999999999	0.08768719999999999	0.0136403	0.0	2.11571	1.0931600000000001	1.57818	0.36354899999999996	
3	0.8772139999999999	0.23485100000000003	0.41873599999999994	0.0	-0.35528000000000004	-0.269081	0.895194	0.0	0.322911	-0.9340450000000001	-0.152604	0.0	-2.91725	-2.06723	-0.10531900000000001	0.36398	0.054678899999999996	0.7274970000000001	-0.683929	0.0	-0.069895	-0.680484	-0.729421	0.0	-0.9960549999999999	0.0876871	0.0136403	0.0	2.11571	1.0931600000000001	1.57818	0.36355	
3	0.8772139999999999	0.23485100000000003	0.41873599999999994	0.0	-0.35528000000000004	-0.269081	0.895194	0.0	0.322911	-0.9340450000000001	-0.152604	0.0	-2.91725	-2.06723	-0.10532000000000001	0.36398	0.0546788	0.7274970000000001	-0.683929	0.0	-0.0698949	-0.680484	-0.729421	0.0	-0.9960549999999999	0.087687	0.013640200000000002	0.0	2.11571	1.0931600000000001	1.57818	0.36355	
3	0.827551	0.536417	0.165578	0.0	0.156351	-0.503499	0.8497319999999999	0.0	0.539179	-0.677308	-0.50054	0.0	-2.95479	-1.9321099999999998	0.014204	0.361732	0.0641427	0.708745	-0.702543	0.0	-0.0795791	-0.698118	-0.711546	0.0	-0.994763	0.101548	0.011622	0.0	2.10079	1.1295	1.6174600000000001	0.362573	
3	0.847348	0.487991	0.20944400000000002	0.0	0.078973	-0.5058159999999999	0.8590190000000001	0.0	0.525133	-0.7113470000000001	-0.46713999999999994	0.0	-2.96525	-1.9745099999999998	0.074736	0.362448	0.0633503	0.708968	-0.70239	0.0	-0.07809719999999999	-0.698124	-0.711705	0.0	-0.9949309999999999	0.0999414	0.011142	0.0	2.10446	1.12695	1.61675	0.36275100000000005	
3	0.881415	0.429932	0.19562000000000002	0.0	0.0404765	-0.48137399999999997	0.8755809999999999	0.0	0.470606	-0.763831	-0.44169200000000003	0.0	-3.00152	-2.15472	0.042147500000000004	0.363028	0.06313780000000001	0.708899	-0.702479	0.0	-0.0762217	-0.6984020000000001	-0.711635	0.0	-0.9950899999999999	0.0984752	0.00993791	0.0	2.12797	1.12558	1.6152799999999998	0.36277600000000004	
3	0.913767	0.353249	0.20060899999999998	0.0	-0.0145675	-0.465012	0.885185	0.0	0.405976	-0.811776	-0.419767	0.0	-3.12818	-2.43784	-0.0996813	0.363234	0.06435790000000001	0.707955	-0.70332	0.0	-0.0755042	-0.6993060000000001	-0.710824	0.0	-0.995067	0.0988508	0.00844742	0.0	2.14568	1.12788	1.60941	0.362665	
3	0.9340280000000001	0.289973	0.208585	0.0	-0.0669087	-0.43158	0.89959	0.0	0.350878	-0.8541979999999999	-0.383706	0.0	-3.2598	-2.76547	-0.326367	0.36339699999999997	0.0629429	0.708615	-0.702782	0.0	-0.07517739999999999	-0.698812	-0.711344	0.0	-0.995182	0.0976075	0.00928643	0.0	2.1484799999999997	1.1164399999999999	1.61611	0.362827	
3	0.945491	0.235792	0.224608	0.0	-0.11505499999999999	-0.40336500000000003	0.9077770000000001	0.0	0.30464600000000003	-0.8841370000000001	-0.354249	0.0	-3.32809	-3.08872	-0.5565140000000001	0.36322600000000005	0.061406100000000005	0.709286	-0.702241	0.0	-0.0752885	-0.6982729999999999	-0.711861	0.0	-0.9952690000000001	0.0965834	0.010522700000000001	0.0	2.14698	1.10759	1.63396	0.362752	
3	0.9658479999999999	0.15887300000000001	0.204689	0.0	-0.131656	-0.379492	0.9157799999999999	0.0	0.22316999999999998	-0.911452	-0.345615	0.0	-3.3831	-3.4261800000000004	-0.852943	0.363502	0.061755399999999995	0.709721	-0.701771	0.0	-0.0755269	-0.697775	-0.712325	0.0	-0.99523	0.0969926	0.0105115	0.0	2.146	1.10337	1.6337	0.362692	
3	0.973726	0.10456099999999999	0.202297	0.0	-0.149503	-0.37656300000000004	0.914248	0.0	0.171772	-0.9204709999999999	-0.351037	0.0	-3.49807	-3.6827	-1.18605	0.363084	0.0625659	0.707663	-0.703775	0.0	-0.07631080000000001	-0.6997	-0.71035	0.0	-0.9951190000000001	0.09814930000000001	0.0102248	0.0	2.14742	1.1104	1.6334600000000001	0.362618	
3	0.973571	0.08974539999999999	0.21001199999999998	0.0	-0.1609	-0.38307399999999997	0.909597	0.0	0.162082	-0.9193479999999999	-0.358509	0.0	-3.6004699999999996	-3.73855	-1.3141100000000001	0.36139499999999997	0.0627483	0.704814	-0.706611	0.0	-0.0771318	-0.702464	-0.707527	0.0	-0.995044	0.09889830000000001	0.0102852	0.0	2.14833	1.11584	1.63345	0.362587	
3	0.9650190000000001	0.110547	0.237736	0.0	-0.173964	-0.40841500000000003	0.896066	0.0	0.196152	-0.906078	-0.374896	0.0	-3.6666300000000005	-3.74416	-1.44528	0.359704	0.0624024	0.704441	-0.707014	0.0	-0.07591239999999999	-0.7029920000000001	-0.7071350000000001	0.0	-0.99516	0.097798	0.00960726	0.0	2.15365	1.11226	1.64858	0.362621	
3	0.966558	0.102021	0.235281	0.0	-0.17981	-0.384549	0.905423	0.0	0.18285	-0.91745	-0.35334499999999996	0.0	-3.66572	-3.78	-1.58581	0.374467	0.0618039	0.701821	-0.7096680000000001	0.0	-0.07551770000000001	-0.705701	-0.7044739999999999	0.0	-0.9952270000000001	0.0971318	0.00938468	0.0	2.17143	1.09972	1.6514	0.362629	
3	0.9664379999999999	0.101293	0.236087	0.0	-0.181386	-0.381735	0.906299	0.0	0.181924	-0.9187049999999999	-0.350551	0.0	-3.66382	-3.7791900000000003	-1.59171	0.37695100000000004	0.063941	0.699144	-0.712116	0.0	-0.07506189999999999	-0.7081850000000001	-0.702025	0.0	-0.9951270000000001	0.0983411	0.00719674	0.0	2.18514	1.0829	1.64258	0.36231199999999997	
3	0.964032	0.11252999999999999	0.240788	0.0	-0.180378	-0.388376	0.903675	0.0	0.195206	-0.9146049999999999	-0.354109	0.0	-3.6745300000000003	-3.7805	-1.5889	0.377372	0.065707	0.69796	-0.713116	0.0	-0.0765643	-0.7090270000000001	-0.701013	0.0	-0.9948969999999999	0.100661	0.00685076	0.0	2.1905900000000003	1.07931	1.6378700000000002	0.362271	
3	0.963249	0.118345	0.241133	0.0	-0.177217	-0.394613	0.901596	0.0	0.201853	-0.9111950000000001	-0.359138	0.0	-3.6802699999999997	-3.7767800000000005	-1.58299	0.37711300000000003	0.0667503	0.695345	-0.7155699999999999	0.0	-0.0791105	-0.711224	-0.6985	0.0	-0.9946290000000001	0.10323399999999999	0.00753456	0.0	2.18948	1.0898299999999999	1.63863	0.36227800000000004	
3	0.9601850000000001	0.143124	0.239916	0.0	-0.16178199999999998	-0.415253	0.8952049999999999	0.0	0.227751	-0.8983770000000001	-0.375565	0.0	-3.7073199999999997	-3.7835300000000003	-1.56392	0.374539	0.066184	0.69186	-0.718992	0.0	-0.0821467	-0.7143470000000001	-0.6949529999999999	0.0	-0.9944200000000001	0.105058	0.00955559	0.0	2.17503	1.0931600000000001	1.65881	0.362361	
3	0.9624889999999999	0.150273	0.22590500000000002	0.0	-0.140407	-0.43658900000000006	0.8886370000000001	0.0	0.23216599999999998	-0.887022	-0.399113	0.0	-3.6774199999999997	-3.67996	-1.49805	0.372814	0.0640177	0.692372	-0.718695	0.0	-0.08156530000000001	-0.714133	-0.695242	0.0	-0.99461	0.103128	0.010756299999999998	0.0	2.16054	1.0823399999999999	1.6679599999999999	0.36244499999999996	
3	0.959765	0.173503	0.220791	0.0	-0.120179	-0.45682799999999996	0.8814	0.0	0.253789	-0.8724709999999999	-0.417596	0.0	-3.27527	-3.11655	-1.58112	0.359267	0.063436	0.692485	-0.718638	0.0	-0.0812685	-0.714112	-0.695298	0.0	-0.9946709999999999	0.10250999999999999	0.010976799999999998	0.0	2.1534	1.07718	1.66661	0.36245	
3	0.952042	0.192089	0.238154	0.0	-0.122523	-0.473884	0.872022	0.0	0.28036300000000003	-0.859381	-0.427622	0.0	-3.25651	-2.87656	-1.5226899999999999	0.359323	0.062124	0.69021	-0.7209369999999999	0.0	-0.0820278	-0.7163579999999999	-0.6928949999999999	0.0	-0.994692	0.10218200000000001	0.012113500000000001	0.0	2.14626	1.07176	1.66772	0.362462	
3	0.9394379999999999	0.225938	0.25769899999999996	0.0	-0.11563	-0.498881	0.858922	0.0	0.32262399999999997	-0.8367020000000001	-0.442543	0.0	-3.18146	-2.5870599999999997	-1.41965	0.358916	0.0586008	0.6899069999999999	-0.721522	0.0	-0.0794711	-0.717246	-0.6922729999999999	0.0	-0.9951129999999999	0.09790789999999999	0.0127965	0.0	2.14213	1.0679	1.67396	0.36249699999999996	
3	0.9243110000000001	0.253254	0.285502	0.0	-0.120496	-0.516167	0.8479700000000001	0.0	0.362118	-0.81819	-0.446582	0.0	-3.07412	-2.3263599999999998	-1.3242	0.359252	0.058650400000000005	0.69006	-0.721372	0.0	-0.07899110000000001	-0.7171420000000001	-0.6924359999999999	0.0	-0.995149	0.0975936	0.012448	0.0	2.14304	1.06796	1.6729	0.362553	
3	0.921047	0.242256	0.304933	0.0	-0.147427	-0.507828	0.84875	0.0	0.360468	-0.826694	-0.432018	0.0	-2.97612	-2.1785799999999997	-1.24936	0.360084	0.0575972	0.689817	-0.721689	0.0	-0.07851369999999999	-0.7175199999999999	-0.692099	0.0	-0.9952479999999999	0.0965255	0.012832699999999999	0.0	2.14135	1.06531	1.67508	0.362553	
3	0.912133	0.195882	0.360061	0.0	-0.24063099999999998	-0.45523	0.857241	0.0	0.331828	-0.86856	-0.368096	0.0	-2.88017	-2.23732	-1.1577600000000001	0.361147	0.0574614	0.689533	-0.721971	0.0	-0.0790094	-0.717757	-0.691797	0.0	-0.995216	0.09679410000000001	0.0132363	0.0	2.1369	1.06584	1.67405	0.362685	
3	0.8992889999999999	0.164693	0.405161	0.0	-0.32595100000000005	-0.365292	0.8719620000000001	0.0	0.291608	-0.916208	-0.274821	0.0	-2.83908	-2.516	-1.06008	0.362027	0.056631799999999996	0.688954	-0.72259	0.0	-0.07834939999999999	-0.7184520000000001	-0.69115	0.0	-0.995316	0.0957555	0.0132917	0.0	2.13313	1.06485	1.6735200000000001	0.362667	
3	0.8957069999999999	0.161073	0.414444	0.0	-0.355234	-0.30136599999999997	0.8848659999999999	0.0	0.267427	-0.9398049999999999	-0.212718	0.0	-2.8017	-2.82809	-0.966341	0.362115	0.056558699999999996	0.688009	-0.723495	0.0	-0.07798510000000002	-0.7193970000000001	-0.690208	0.0	-0.9953489999999999	0.0954592	0.0129662	0.0	2.1337200000000003	1.06154	1.67471	0.362739	
3	0.899518	0.16967000000000002	0.40259	0.0	-0.344788	-0.290232	0.8926850000000001	0.0	0.268306	-0.941795	-0.202569	0.0	-2.7536400000000003	-3.05914	-0.9745010000000001	0.360904	0.05676659999999999	0.6881430000000001	-0.7233510000000001	0.0	-0.0778953	-0.719258	-0.690362	0.0	-0.995344	0.0955352	0.012773200000000002	0.0	2.13512	1.06421	1.6767599999999998	0.362745	
3	0.9231209999999999	0.170151	0.34481300000000004	0.0	-0.285505	-0.29735900000000004	0.9110790000000001	0.0	0.257554	-0.9394819999999999	-0.22591999999999998	0.0	-2.69708	-3.11058	-1.0767200000000001	0.360145	0.0569121	0.6870029999999999	-0.724422	0.0	-0.0791262	-0.720212	-0.689227	0.0	-0.995239	0.0965461	0.0133713	0.0	2.13449	1.0623799999999999	1.67442	0.362722	
3	0.936162	0.1787	0.302765	0.0	-0.238696	-0.309197	0.9205549999999999	0.0	0.258117	-0.9340579999999999	-0.246804	0.0	-2.61131	-3.1379	-1.2379	0.35980999999999996	0.055649800000000006	0.6865720000000001	-0.724929	0.0	-0.078274	-0.72082	-0.688689	0.0	-0.9953770000000001	0.0950685	0.0136273	0.0	2.13211	1.05867	1.67625	0.36275100000000005	
3	0.952959	0.15986199999999998	0.257513	0.0	-0.195742	-0.32408400000000004	0.925557	0.0	0.231417	-0.932424	-0.277547	0.0	-2.5114799999999997	-3.138	-1.40382	0.35931399999999997	0.05659550000000001	0.68411	-0.72718	0.0	-0.077467	-0.723143	-0.686341	0.0	-0.9953870000000001	0.0951764	0.012069100000000001	0.0	2.13567	1.06369	1.6817099999999998	0.362507	
3	0.963937	0.154156	0.216935	0.0	-0.15274100000000002	-0.347061	0.925321	0.0	0.21793400000000002	-0.9250860000000001	-0.31099899999999997	0.0	-2.43317	-3.0916900000000003	-1.5469600000000001	0.35780100000000004	0.0571934	0.683609	-0.727604	0.0	-0.0773175	-0.723575	-0.685902	0.0	-0.9953649999999999	0.0954855	0.0114712	0.0	2.13826	1.07352	1.7158200000000001	0.362435	
3	0.9758450000000001	0.135191	0.17160999999999998	0.0	-0.11756099999999998	-0.337131	0.934089	0.0	0.184136	-0.931701	-0.313094	0.0	-2.36496	-3.06504	-1.60772	0.357324	0.0574503	0.682177	-0.728927	0.0	-0.07770389999999999	-0.724862	-0.684497	0.0	-0.9953200000000001	0.095965	0.011364299999999999	0.0	2.13954	1.07494	1.7280200000000001	0.36230100000000004	
3	0.9840479999999999	0.10434700000000001	0.14408800000000002	0.0	-0.110125	-0.27880900000000003	0.954011	0.0	0.139722	-0.9546610000000001	-0.262871	0.0	-2.27773	-3.1024700000000003	-1.56992	0.357707	0.0595745	0.677141	-0.733438	0.0	-0.0807567	-0.729065	-0.679663	0.0	-0.9949520000000001	0.0997207	0.011249799999999999	0.0	2.13832	1.08515	1.7324700000000002	0.36228	
3	0.9805379999999999	0.047847	0.190408	0.0	-0.177058	-0.203516	0.962929	0.0	0.0848242	-0.977902	-0.191083	0.0	-2.21835	-3.1792599999999998	-1.48994	0.357584	0.059085000000000006	0.674373	-0.736023	0.0	-0.0825992	-0.73148	-0.676841	0.0	-0.9948299999999999	0.100786	0.0124831	0.0	2.1364799999999997	1.09103	1.7358799999999999	0.362264	
3	0.965081	0.0441264	0.258208	0.0	-0.25348899999999996	-0.09119450000000001	0.9630299999999999	0.0	0.06604220000000001	-0.9948549999999999	-0.0768246	0.0	-2.1168400000000003	-3.35399	-1.40345	0.357261	0.0591293	0.671682	-0.738476	0.0	-0.0834798	-0.7338520000000001	-0.674161	0.0	-0.9947540000000001	0.101511	0.0126795	0.0	2.13617	1.11154	1.7388700000000001	0.362246	
3	0.962168	0.0430705	0.269032	0.0	-0.26674499999999995	-0.052237	0.9623510000000001	0.0	0.055502300000000004	-0.997706	-0.0387719	0.0	-2.0762400000000003	-3.41722	-1.36537	0.35773	0.058513300000000004	0.6714439999999999	-0.738742	0.0	-0.0830659	-0.734169	-0.673867	0.0	-0.994825	0.10079400000000001	0.0128155	0.0	2.1394900000000003	1.11867	1.7394900000000002	0.36213	
3	0.9576110000000001	0.0675408	0.280034	0.0	-0.282394	0.028178700000000004	0.958885	0.0	0.05687280000000001	-0.9973190000000001	0.0460573	0.0	-1.98033	-3.5228800000000002	-1.28308	0.357035	0.057992999999999996	0.673603	-0.736815	0.0	-0.0816819	-0.7323810000000001	-0.675978	0.0	-0.99497	0.0993865	0.012548100000000001	0.0	2.16249	1.1286399999999999	1.7343	0.362219	
3	0.956997	0.07978099999999999	0.278912	0.0	-0.28257	0.0387426	0.958464	0.0	0.0656614	-0.996059	0.059620299999999994	0.0	-1.91457	-3.54527	-1.2744799999999998	0.356172	0.057534400000000006	0.67498	-0.735589	0.0	-0.0825229	-0.731073	-0.677291	0.0	-0.994927	0.09967039999999999	0.0136395	0.0	2.1741099999999998	1.11663	1.70125	0.362186	
3	0.9628389999999999	0.0688289	0.26116	0.0	-0.263967	0.0352885	0.963886	0.0	0.057127300000000006	-0.9970040000000001	0.052145699999999996	0.0	-1.9026599999999998	-3.5487599999999997	-1.3324799999999999	0.356057	0.057537	0.673804	-0.7366659999999999	0.0	-0.08240460000000001	-0.732165	-0.676124	0.0	-0.9949370000000001	0.0996068	0.013397899999999999	0.0	2.17735	1.11178	1.6886	0.362185	
3	0.972518	0.0374191	0.22980100000000003	0.0	-0.230408	0.012730799999999999	0.9730110000000001	0.0	0.0334836	-0.9992190000000001	0.0210026	0.0	-1.93934	-3.52549	-1.4364	0.354721	0.057384199999999996	0.671949	-0.738371	0.0	-0.08129019999999999	-0.733989	-0.674279	0.0	-0.9950370000000001	0.0987153	0.012503499999999999	0.0	2.18072	1.1103	1.6963	0.362115	
3	0.994282	-0.00944043	0.10637200000000001	0.0	-0.106722	-0.0523452	0.9929100000000001	0.0	-0.00380546	-0.9985850000000001	-0.0530534	0.0	-2.02525	-3.49064	-1.5552700000000002	0.355905	0.05788530000000001	0.670281	-0.739847	0.0	-0.0805088	-0.735542	-0.672679	0.0	-0.995072	0.09850249999999999	0.0113864	0.0	2.18015	1.11379	1.72508	0.36193400000000003	
3	0.9986	-0.046993400000000005	0.0242703	0.0	-0.0284938	-0.09139689999999999	0.9954069999999999	0.0	-0.0445594	-0.994705	-0.09260800000000001	0.0	-2.10491	-3.45451	-1.6444900000000002	0.356711	0.0588953	0.6700470000000001	-0.7399789999999999	0.0	-0.0807082	-0.735643	-0.6725439999999999	0.0	-0.9949959999999999	0.099332	0.0107523	0.0	2.1833099999999996	1.1083399999999999	1.72845	0.361956	
3	0.997533	-0.0274752	-0.0646008	0.0	0.05867530000000001	-0.178891	0.982118	0.0	-0.0385404	-0.983485	-0.17683800000000002	0.0	-2.2029	-3.3435	-1.74315	0.356657	0.0599625	0.669025	-0.7408170000000001	0.0	-0.0816942	-0.736374	-0.671625	0.0	-0.9948520000000001	0.100793	0.010500399999999998	0.0	2.18911	1.11055	1.73517	0.36191999999999996	
3	0.992924	-0.032513	-0.11421700000000001	0.0	0.10526600000000001	-0.204236	0.9732459999999999	0.0	-0.0549703	-0.978382	-0.19936800000000002	0.0	-2.19346	-3.28035	-1.78138	0.355294	0.0606869	0.6672680000000001	-0.742341	0.0	-0.0840115	-0.737658	-0.669927	0.0	-0.9946149999999999	0.103021	0.0112919	0.0	2.18485	1.12279	1.7398900000000002	0.362006	
3	0.9850389999999999	-0.057134199999999996	-0.162583	0.0	0.147168	-0.21197	0.966132	0.0	-0.0896618	-0.9756049999999999	-0.200391	0.0	-2.21517	-3.25022	-1.78678	0.354513	0.0608521	0.666085	-0.74339	0.0	-0.08493300000000001	-0.738614	-0.6687569999999999	0.0	-0.994527	0.103834	0.0116263	0.0	2.1821099999999998	1.1269799999999999	1.74184	0.362003	
3	0.982058	-0.057374400000000006	-0.17964000000000002	0.0	0.167594	-0.17118599999999998	0.97088	0.0	-0.0864554	-0.983567	-0.158499	0.0	-2.2959400000000003	-3.25277	-1.76342	0.355133	0.0609784	0.6655939999999999	-0.743818	0.0	-0.0852387	-0.7390100000000001	-0.66828	0.0	-0.9944930000000001	0.104153	0.0116708	0.0	2.17957	1.13029	1.74804	0.36187800000000003	
3	0.983542	-0.030392400000000003	-0.17810299999999998	0.0	0.17363699999999999	-0.113504	0.978247	0.0	-0.0499467	-0.993073	-0.106358	0.0	-2.28435	-3.3011199999999996	-1.72645	0.354566	0.06119730000000001	0.6643399999999999	-0.744921	0.0	-0.0861286	-0.740021	-0.6670470000000001	0.0	-0.994403	0.10497999999999999	0.0119315	0.0	2.17884	1.13209	1.74637	0.361651	
3	0.9751209999999999	0.02194	-0.220584	0.0	0.22016100000000002	0.0201507	0.9752549999999999	0.0	0.0258421	-0.999556	0.014819	0.0	-2.19952	-3.4537199999999997	-1.61915	0.355704	0.0677589	0.658224	-0.7497659999999999	0.0	-0.09399930000000001	-0.743939	-0.6616029999999999	0.0	-0.9932639999999999	0.11530699999999999	0.011464	0.0	2.18971	1.1418	1.73269	0.3616	
3	0.967201	0.036817	-0.25132899999999997	0.0	0.248795	0.062194900000000004	0.966557	0.0	0.051217200000000004	-0.9973850000000001	0.050995099999999995	0.0	-2.1654400000000003	-3.4688800000000004	-1.5795299999999999	0.356129	0.06832	0.656519	-0.75121	0.0	-0.0957268	-0.7451810000000001	-0.659956	0.0	-0.99306	0.116999	0.0119354	0.0	2.19604	1.14304	1.7229	0.361652	
3	0.9352879999999999	0.0779288	-0.3452	0.0	0.32969499999999996	0.16258599999999998	0.929982	0.0	0.128597	-0.983612	0.126372	0.0	-2.15579	-3.60563	-1.55892	0.358083	0.0771336	0.650591	-0.755501	0.0	-0.104219	-0.748346	-0.6550699999999999	0.0	-0.991559	0.12926500000000002	0.0100811	0.0	2.229	1.1598	1.69383	0.36144899999999996	
3	0.9180459999999999	0.11218199999999999	-0.380273	0.0	0.352376	0.208749	0.91228	0.0	0.181723	-0.971514	0.15211	0.0	-2.16953	-3.59805	-1.58875	0.358104	0.0830655	0.646846	-0.758083	0.0	-0.11130699999999999	-0.74993	-0.6520859999999999	0.0	-0.990308	0.138546	0.00970526	0.0	2.25157	1.1657799999999998	1.6805299999999999	0.36120399999999997	
3	0.91961	0.127958	-0.371408	0.0	0.343511	0.196723	0.918314	0.0	0.19057000000000002	-0.972074	0.136953	0.0	-2.13916	-3.59994	-1.58006	0.356784	0.0861201	0.641835	-0.761992	0.0	-0.11829100000000001	-0.752836	-0.647492	0.0	-0.989237	0.145899	0.0110888	0.0	2.2582	1.1765	1.6777099999999998	0.361138	
3	0.9217639999999999	0.12021199999999999	-0.368647	0.0	0.341212	0.20014400000000002	0.918432	0.0	0.18418900000000002	-0.9723639999999999	0.143467	0.0	-2.1261799999999997	-3.59855	-1.59677	0.35468099999999997	0.09288239999999999	0.641451	-0.761521	0.0	-0.126603	-0.751011	-0.648039	0.0	-0.9875950000000001	0.156602	0.0114536	0.0	2.26586	1.21234	1.68419	0.361098	
3	0.9226780000000001	0.119121	-0.366709	0.0	0.336908	0.213434	0.917027	0.0	0.187506	-0.969668	0.156798	0.0	-2.13069	-3.59659	-1.60881	0.354669	0.09245830000000001	0.642146	-0.7609859999999999	0.0	-0.1263	-0.750524	-0.648662	0.0	-0.9876739999999999	0.15608699999999998	0.011710700000000001	0.0	2.26646	1.21468	1.6837400000000002	0.361088	
3	0.9311200000000001	0.132069	-0.339962	0.0	0.307682	0.216045	0.926637	0.0	0.195827	-0.96741	0.160528	0.0	-2.14921	-3.59571	-1.61684	0.350074	0.0943183	0.6412359999999999	-0.761526	0.0	-0.127443	-0.750865	-0.648043	0.0	-0.987351	0.158174	0.0109008	0.0	2.2733	1.21385	1.68423	0.360967	
3	0.940011	0.161089	-0.300716	0.0	0.273379	0.171594	0.946477	0.0	0.204068	-0.971908	0.11726199999999999	0.0	-2.17469	-3.6041800000000004	-1.7343400000000002	0.351825	0.0952721	0.639063	-0.763231	0.0	-0.13046	-0.7520899999999999	-0.6460199999999999	0.0	-0.986866	0.161119	0.011719	0.0	2.2660099999999996	1.22043	1.70442	0.360827	
3	0.9473209999999999	0.146779	-0.284673	0.0	0.26722399999999996	0.12776099999999999	0.9551270000000001	0.0	0.176563	-0.980884	0.08180810000000001	0.0	-2.12568	-3.61193	-1.7956299999999998	0.350123	0.09546360000000001	0.638656	-0.763547	0.0	-0.131044	-0.752312	-0.6456430000000001	0.0	-0.98677	0.161694	0.0118736	0.0	2.2612	1.2273	1.72115	0.360745	
3	0.961593	0.07062769999999999	-0.265236	0.0	0.266913	-0.0153006	0.963599	0.0	0.0639985	-0.9973850000000001	-0.0335644	0.0	-2.16577	-3.6334400000000002	-2.03065	0.35393800000000003	0.0959538	0.639191	-0.763039	0.0	-0.132023	-0.751631	-0.6462359999999999	0.0	-0.986592	0.162747	0.012265700000000001	0.0	2.25989	1.23125	1.73577	0.36078499999999997	
3	0.9672540000000001	0.034598500000000004	-0.25144099999999997	0.0	0.253684	-0.100457	0.9620569999999999	0.0	0.00802672	-0.99434	-0.10594400000000001	0.0	-2.17124	-3.6174699999999995	-2.03163	0.35375300000000004	0.09787269999999999	0.6371640000000001	-0.7644890000000001	0.0	-0.134186	-0.752713	-0.644528	0.0	-0.9861110000000001	0.165666	0.011828299999999998	0.0	2.2789599999999997	1.23355	1.7324700000000002	0.36084	
3	0.9690479999999999	0.028471899999999998	-0.24522600000000003	0.0	0.24687399999999998	-0.111295	0.962635	0.0	0.000115603	-0.9933790000000001	-0.114879	0.0	-2.17486	-3.6141	-2.03008	0.353026	0.0987303	0.6357189999999999	-0.7655810000000001	0.0	-0.135704	-0.753551	-0.643231	0.0	-0.9858180000000001	0.167399	0.0118715	0.0	2.28174	1.23928	1.7360400000000002	0.360925	
3	0.9714860000000001	0.0229213	-0.235988	0.0	0.237013	-0.120521	0.964002	0.0	-0.0063452	-0.9924459999999999	-0.122517	0.0	-2.17389	-3.61427	-2.0287599999999997	0.35622800000000004	0.10089400000000001	0.633516	-0.767123	0.0	-0.13961099999999999	-0.754413	-0.641382	0.0	-0.9850530000000001	0.17181	0.0123297	0.0	2.2805400000000002	1.23814	1.73137	0.36090300000000003	
3	0.9720129999999999	0.00781959	-0.234796	0.0	0.233921	-0.12456300000000001	0.9642430000000001	0.0	-0.0217069	-0.992181	-0.122906	0.0	-2.17161	-3.61535	-2.03425	0.358103	0.101476	0.63362	-0.7669600000000001	0.0	-0.14036500000000002	-0.754109	-0.641575	0.0	-0.984886	0.172759	0.012414	0.0	2.28277	1.24185	1.7353599999999998	0.360766	
3	0.9690790000000001	-0.0171415	-0.24615399999999998	0.0	0.242839	-0.11065	0.963735	0.0	-0.043756699999999996	-0.993712	-0.103066	0.0	-2.15679	-3.61765	-2.0609599999999997	0.35945	0.10289300000000001	0.635746	-0.7650100000000001	0.0	-0.138998	-0.752356	-0.643925	0.0	-0.984933	0.17259000000000002	0.010955	0.0	2.28579	1.24453	1.73868	0.360767	
3	0.9661770000000001	-0.023788099999999996	-0.25678	0.0	0.252887	-0.10759	0.9614950000000001	0.0	-0.050499199999999994	-0.9939110000000001	-0.09793550000000001	0.0	-2.1535599999999997	-3.61893	-2.0843599999999998	0.356502	0.102868	0.637097	-0.763889	0.0	-0.137953	-0.751404	-0.645261	0.0	-0.985082	0.171757	0.010593799999999999	0.0	2.28841	1.24347	1.74091	0.36073299999999997	
3	0.940019	-0.0223799	-0.340388	0.0	0.34070700000000004	0.0123142	0.940089	0.0	-0.016847499999999998	-0.999674	0.019200599999999998	0.0	-2.1450299999999998	-3.64551	-2.17227	0.352852	0.10383599999999998	0.638004	-0.763	0.0	-0.139024	-0.750305	-0.646309	0.0	-0.9848299999999999	0.17318599999999998	0.010789499999999999	0.0	2.2976099999999997	1.23874	1.7312599999999998	0.360919	
3	0.91176	-0.0333185	-0.40936999999999996	0.0	0.410718	0.0685959	0.9091790000000001	0.0	-0.00221133	-0.997088	0.0762275	0.0	-2.13388	-3.63251	-2.22709	0.362992	0.104078	0.6359739999999999	-0.76466	0.0	-0.140325	-0.7517550000000001	-0.6443399999999999	0.0	-0.98462	0.17436300000000002	0.0110021	0.0	2.29905	1.2373299999999998	1.72507	0.360764	
3	0.9014469999999999	-0.033588400000000004	-0.431584	0.0	0.432642	0.10357899999999999	0.895596	0.0	0.0146215	-0.9940540000000001	0.107903	0.0	-2.13502	-3.62594	-2.24779	0.366685	0.10358900000000001	0.635572	-0.765061	0.0	-0.14041099999999998	-0.752151	-0.643859	0.0	-0.9846590000000001	0.17412	0.0113264	0.0	2.2976799999999997	1.23613	1.7266299999999999	0.36078699999999997	
3	0.8802129999999999	-0.0211033	-0.47411000000000003	0.0	0.47206899999999996	0.141565	0.8701209999999999	0.0	0.048755099999999996	-0.9897040000000001	0.13457	0.0	-2.13112	-3.6171699999999998	-2.24879	0.368588	0.103128	0.635474	-0.765204	0.0	-0.140351	-0.752312	-0.643683	0.0	-0.984716	0.173779	0.0116051	0.0	2.2966	1.23644	1.72765	0.360738	
3	0.852533	-0.033021499999999995	-0.521629	0.0	0.521025	0.132889	0.843133	0.0	0.0414773	-0.9905809999999999	0.130497	0.0	-2.31758	-3.60396	-1.63804	0.353515	0.103501	0.635944	-0.764763	0.0	-0.140605	-0.751816	-0.644207	0.0	-0.984641	0.174206	0.0116035	0.0	2.29756	1.24014	1.72753	0.36085300000000003	
3	0.83949	-0.020174400000000002	-0.5429999999999999	0.0	0.541732	0.10872000000000001	0.833491	0.0	0.042219900000000005	-0.993868	0.102199	0.0	-2.64704	-3.44801	-1.30274	0.355682	0.10383800000000001	0.6349640000000001	-0.765532	0.0	-0.14168	-0.7524	-0.643289	0.0	-0.9844510000000001	0.175258	0.0118341	0.0	2.29929	1.2414	1.7243700000000002	0.360811	
3	0.790424	-0.000403315	-0.61256	0.0	0.610599	0.080466	0.787841	0.0	0.0489725	-0.996757	0.0638485	0.0	-2.71917	-3.10093	-1.15182	0.356912	0.10288	0.635217	-0.765451	0.0	-0.141627	-0.75234	-0.643371	0.0	-0.98456	0.174598	0.012562700000000001	0.0	2.29858	1.23694	1.72681	0.36090700000000003	
3	0.765759	0.0110288	-0.643033	0.0	0.6405390000000001	0.0765399	0.764101	0.0	0.057644799999999996	-0.997006	0.0515467	0.0	-2.7368	-2.96818	-1.0537100000000001	0.357227	0.102547	0.636095	-0.764766	0.0	-0.141085	-0.751746	-0.644184	0.0	-0.9846719999999999	0.173956	0.0126546	0.0	2.29712	1.23924	1.72927	0.36093000000000003	
3	0.7083689999999999	0.0794058	-0.701362	0.0	0.7002729999999999	0.045514099999999995	0.712422	0.0	0.0884923	-0.9958030000000001	-0.0233651	0.0	-2.70854	-2.5495	-0.8254950000000001	0.357244	0.100579	0.63847	-0.763047	0.0	-0.13886700000000002	-0.75042	-0.646209	0.0	-0.98519	0.170957	0.013186199999999999	0.0	2.29732	1.2354	1.7298799999999999	0.36091799999999996	
3	0.7313609999999999	0.159945	-0.6629689999999999	0.0	0.671528	0.00072629	0.7409789999999999	0.0	0.118998	-0.9871260000000001	-0.106877	0.0	-2.65122	-2.2139599999999997	-0.716236	0.356232	0.10203200000000001	0.637596	-0.763584	0.0	-0.13984000000000002	-0.750775	-0.645586	0.0	-0.9849030000000001	0.17265	0.0125585	0.0	2.29713	1.23326	1.7285599999999999	0.360955	
3	0.782435	0.21407800000000002	-0.584779	0.0	0.604536	-0.0357707	0.795775	0.0	0.14944000000000002	-0.9761610000000001	-0.157406	0.0	-2.6179099999999997	-1.94918	-0.725827	0.355748	0.101115	0.6368159999999999	-0.764357	0.0	-0.141072	-0.7513529999999999	-0.644645	0.0	-0.984822	0.173013	0.013863999999999998	0.0	2.29637	1.23259	1.73098	0.36094899999999996	
3	0.8229790000000001	0.236303	-0.51659	0.0	0.540995	-0.0486152	0.83962	0.0	0.173291	-0.970463	-0.167848	0.0	-2.6017799999999998	-1.82247	-0.738954	0.355583	0.100441	0.637297	-0.764045	0.0	-0.140981	-0.7510640000000001	-0.6450020000000001	0.0	-0.9849040000000001	0.1725	0.014409100000000001	0.0	2.29433	1.23484	1.7305	0.361029	
3	0.863133	0.23765999999999998	-0.445554	0.0	0.48096000000000005	-0.11804100000000001	0.8687600000000001	0.0	0.153875	-0.9641489999999999	-0.21619000000000002	0.0	-2.6544	-1.6076	-0.7982560000000001	0.356984	0.10205	0.636556	-0.7644489999999999	0.0	-0.14112	-0.751426	-0.64455	0.0	-0.984719	0.173655	0.013147200000000001	0.0	2.29203	1.23779	1.7385	0.361094	
3	0.9014989999999999	0.200444	-0.383565	0.0	0.413763	-0.13933299999999998	0.899659	0.0	0.126888	-0.9697469999999999	-0.20854499999999998	0.0	-2.75737	-1.5582200000000002	-0.8425790000000001	0.357837	0.102556	0.636777	-0.7641979999999999	0.0	-0.140624	-0.751252	-0.644861	0.0	-0.9847370000000001	0.173598	0.012500399999999998	0.0	2.29481	1.24463	1.7420400000000003	0.360939	
3	0.9280149999999999	0.169907	-0.331543	0.0	0.354551	-0.12956900000000002	0.926016	0.0	0.114379	-0.9769049999999999	-0.180482	0.0	-2.85118	-1.6772599999999998	-0.8832540000000001	0.358547	0.10341900000000001	0.636455	-0.764349	0.0	-0.141353	-0.751265	-0.644686	0.0	-0.984542	0.174716	0.0122694	0.0	2.29534	1.2427	1.7389400000000002	0.360966	
3	0.95083	0.12270299999999999	-0.284371	0.0	0.298835	-0.12225499999999999	0.946441	0.0	0.0813658	-0.984885	-0.152912	0.0	-2.9435	-1.8610400000000002	-0.938217	0.358661	0.102396	0.636219	-0.764683	0.0	-0.141978	-0.7515069999999999	-0.6442680000000001	0.0	-0.98456	0.174539	0.013377100000000001	0.0	2.2959099999999997	1.23845	1.7374900000000002	0.36118	
3	0.9770209999999999	0.0614099	-0.204104	0.0	0.210576	-0.12997999999999998	0.9688979999999999	0.0	0.0329705	-0.989613	-0.139925	0.0	-3.06282	-2.08344	-1.06114	0.360189	0.102405	0.637627	-0.763509	0.0	-0.14061400000000002	-0.750558	-0.645671	0.0	-0.9847540000000001	0.17348	0.012798899999999998	0.0	2.29568	1.24025	1.73997	0.36121	
3	0.990308	0.029952999999999997	-0.135622	0.0	0.138578	-0.147637	0.9792850000000001	0.0	0.00930976	-0.9885879999999999	-0.150357	0.0	-3.17048	-2.2494400000000003	-1.18724	0.359854	0.102525	0.63835	-0.762888	0.0	-0.139736	-0.7500819999999999	-0.646414	0.0	-0.984867	0.172876	0.0122979	0.0	2.2982299999999998	1.23783	1.7372299999999998	0.361085	
