0	0.16603199999999999	0.80788	-0.565477	0.0	0.403123	0.46772600000000003	0.78659	0.0	0.899958	-0.358556	-0.24801700000000002	0.0	-2.78404	2.04731	1.3684399999999999	8.34465e-06	-0.0845971	0.69191	-0.717011	0.0	0.47914799999999996	-0.602683	-0.638116	0.0	-0.873648	-0.397537	-0.280542	0.0	2.62114	2.03233	1.4912299999999998	6.99796e-06	
0	0.0441031	0.7969569999999999	-0.602425	0.0	0.279244	0.569142	0.77337	0.0	0.9592069999999999	-0.20233099999999998	-0.197444	0.0	-2.7980099999999997	2.0737200000000002	1.37539	0.0	0.26756399999999997	0.529071	-0.805291	0.0	-0.0650628	-0.8239350000000001	-0.562937	0.0	-0.961341	0.203016	-0.186032	0.0	2.65994	2.10183	1.47635	0.0	
0	-0.0200815	0.7781399999999999	-0.6277699999999999	0.0	0.26829200000000003	0.609061	0.746367	0.0	0.9631280000000001	-0.15343800000000002	-0.221	0.0	-2.75851	2.15597	1.29281	0.29655	0.31201	0.5362680000000001	-0.784262	0.0	-0.12306900000000001	-0.7957029999999999	-0.5930529999999999	0.0	-0.942074	0.281557	-0.18226900000000001	0.0	2.69556	2.28277	1.4102700000000001	0.364544	
0	0.026246	0.749333	-0.661673	0.0	0.314119	0.622192	0.717082	0.0	0.9490209999999999	-0.22666399999999998	-0.21904899999999997	0.0	-2.62037	2.129	1.27472	0.358096	0.281188	0.608316	-0.742216	0.0	-0.105752	-0.749069	-0.653997	0.0	-0.953808	0.262387	-0.146298	0.0	2.5672900000000003	2.25184	1.43289	0.3606	
0	0.28926199999999996	0.7814369999999999	-0.552887	0.0	0.36044	0.44615600000000005	0.819163	0.0	0.886798	-0.43623500000000004	-0.152605	0.0	-2.59068	1.8459599999999998	1.3870799999999999	0.359811	0.26209099999999996	0.653424	-0.7101729999999999	0.0	-0.093277	-0.715299	-0.692565	0.0	-0.960525	0.247758	-0.126524	0.0	2.50523	2.1126099999999997	1.42307	0.361898	
0	0.49430799999999997	0.711371	-0.49961099999999997	0.0	0.381345	0.339027	0.860022	0.0	0.781176	-0.61564	-0.10369400000000001	0.0	-2.68738	1.46028	1.45381	0.360153	0.255533	0.664712	-0.702041	0.0	-0.0901443	-0.706604	-0.7018439999999999	0.0	-0.9625889999999999	0.24262899999999998	-0.12064000000000001	0.0	2.45222	2.01965	1.4132200000000001	0.362534	
0	0.605314	0.626255	-0.491324	0.0	0.390937	0.30378	0.868842	0.0	0.693371	-0.7179989999999999	-0.060944200000000004	0.0	-2.83161	1.07287	1.4855399999999999	0.359825	0.25405900000000003	0.6729390000000001	-0.6947	0.0	-0.0914669	-0.698331	-0.709907	0.0	-0.9628540000000001	0.2439	-0.11586600000000001	0.0	2.42912	1.94507	1.41301	0.362696	
0	0.69865	0.538026	-0.47161000000000003	0.0	0.402354	0.24959800000000001	0.8808020000000001	0.0	0.591607	-0.805127	-0.0420953	0.0	-2.98722	0.71346	1.42157	0.360187	0.253177	0.673225	-0.6947439999999999	0.0	-0.0976945	-0.696678	-0.710701	0.0	-0.962475	0.247806	-0.11061199999999999	0.0	2.40497	1.8923400000000001	1.42282	0.36238200000000004	
0	0.752743	0.482775	-0.44755600000000006	0.0	0.40112600000000004	0.202708	0.8933129999999999	0.0	0.521992	-0.8519610000000001	-0.0410658	0.0	-3.14221	0.405968	1.2585600000000001	0.361028	0.25553400000000004	0.671003	-0.69603	0.0	-0.10275799999999999	-0.6970029999999999	-0.709667	0.0	-0.961324	0.252867	-0.10915699999999999	0.0	2.3831700000000002	1.8666200000000002	1.43266	0.362349	
0	0.7405010000000001	0.449172	-0.499903	0.0	0.48534399999999994	0.157102	0.860093	0.0	0.464865	-0.879525	-0.10166900000000001	0.0	-3.22529	0.248813	0.990926	0.361234	0.24588800000000002	0.667304	-0.703025	0.0	-0.10531900000000001	-0.7026060000000001	-0.703742	0.0	-0.9635600000000001	0.247083	-0.10248299999999999	0.0	2.36231	1.8561299999999998	1.4708700000000001	0.362269	
0	0.70094	0.41932700000000006	-0.57693	0.0	0.579839	0.135975	0.803304	0.0	0.41529499999999997	-0.897595	-0.147831	0.0	-3.21576	0.1797	0.741969	0.360912	0.24230300000000002	0.668148	-0.703468	0.0	-0.10518499999999999	-0.7027100000000001	-0.703658	0.0	-0.964482	0.244493	-0.09999019999999999	0.0	2.34326	1.83463	1.5124799999999998	0.362265	
0	0.6351289999999999	0.408068	-0.655814	0.0	0.6817350000000001	0.10298900000000001	0.724314	0.0	0.363111	-0.9071239999999999	-0.212783	0.0	-3.22019	0.127495	0.381471	0.36282800000000004	0.240748	0.67232	-0.700018	0.0	-0.101667	-0.699796	-0.707071	0.0	-0.965248	0.24139499999999997	-0.100121	0.0	2.33109	1.78688	1.53516	0.362072	
0	0.5647439999999999	0.41851800000000006	-0.711271	0.0	0.754492	0.0873672	0.650469	0.0	0.334375	-0.9039969999999999	-0.266428	0.0	-3.20242	0.05507430000000001	0.0278827	0.362647	0.239258	0.6755760000000001	-0.697389	0.0	-0.102034	-0.6967800000000001	-0.709991	0.0	-0.9655799999999999	0.241029	-0.09777849999999999	0.0	2.32734	1.7512	1.5613299999999999	0.36203	
0	0.468764	0.415706	-0.7793899999999999	0.0	0.816442	0.132888	0.561928	0.0	0.337169	-0.899739	-0.277106	0.0	-3.14672	-0.0447229	-0.23043899999999998	0.36348	0.24281799999999998	0.675976	-0.69577	0.0	-0.10338800000000001	-0.695117	-0.7114229999999999	0.0	-0.9645469999999999	0.24468099999999998	-0.09889930000000001	0.0	2.32605	1.7417599999999998	1.58943	0.361736	
0	0.41553599999999996	0.396347	-0.818681	0.0	0.8469409999999999	0.159626	0.507159	0.0	0.33169299999999996	-0.904118	-0.269352	0.0	-3.09675	-0.220439	-0.5193	0.363982	0.236931	0.677423	-0.696392	0.0	-0.109305	-0.6936640000000001	-0.711957	0.0	-0.9653579999999999	0.244804	-0.0903048	0.0	2.3063	1.68294	1.62895	0.361915	
0	0.44992600000000005	0.357216	-0.818513	0.0	0.8417309999999999	0.136638	0.522321	0.0	0.29842199999999997	-0.9239729999999999	-0.23920300000000003	0.0	-3.07611	-0.494802	-0.738151	0.36394299999999996	0.231989	0.6796260000000001	-0.69591	0.0	-0.115705	-0.691068	-0.7134689999999999	0.0	-0.9658120000000001	0.24603699999999998	-0.08168489999999999	0.0	2.26557	1.59795	1.66324	0.362345	
0	0.49699499999999996	0.310082	-0.8104600000000001	0.0	0.824263	0.123277	0.552625	0.0	0.27126999999999996	-0.942684	-0.194321	0.0	-3.1520099999999998	-0.808887	-0.8619559999999999	0.363688	0.22814	0.6768350000000001	-0.699891	0.0	-0.12278199999999999	-0.693109	-0.710299	0.0	-0.9658559999999999	0.247981	-0.0750228	0.0	2.21812	1.52985	1.6974	0.36244499999999996	
0	0.53563	0.290569	-0.792887	0.0	0.804392	0.110202	0.583788	0.0	0.257008	-0.9504870000000001	-0.174704	0.0	-3.2572099999999997	-1.05779	-0.9697290000000001	0.363266	0.220796	0.672002	-0.706868	0.0	-0.128799	-0.698318	-0.704105	0.0	-0.966778	0.246507	-0.0676324	0.0	2.17559	1.49272	1.7247299999999999	0.362494	
0	0.581334	0.260646	-0.770788	0.0	0.784782	0.0705454	0.615744	0.0	0.214867	-0.9628540000000001	-0.16354000000000002	0.0	-3.33409	-1.27613	-1.03849	0.363702	0.21472800000000003	0.67213	-0.708613	0.0	-0.130385	-0.6993149999999999	-0.702821	0.0	-0.967932	0.243308	-0.0625271	0.0	2.1394900000000003	1.47325	1.7378200000000001	0.36236199999999996	
0	0.598981	0.260898	-0.757069	0.0	0.775221	0.0479531	0.629868	0.0	0.20063499999999998	-0.964175	-0.17353	0.0	-3.43862	-1.42362	-1.14665	0.363654	0.21019000000000002	0.671128	-0.71092	0.0	-0.132828	-0.700819	-0.700864	0.0	-0.9685950000000001	0.241745	-0.058160800000000006	0.0	2.12642	1.46215	1.7399	0.362317	
0	0.5990270000000001	0.26442	-0.75581	0.0	0.774047	0.050412599999999995	0.6311180000000001	0.0	0.20498200000000003	-0.963089	-0.174475	0.0	-3.54609	-1.52748	-1.2572299999999998	0.362788	0.208992	0.667706	-0.714486	0.0	-0.13572599999999999	-0.7037439999999999	-0.697368	0.0	-0.9684530000000001	0.24271900000000002	-0.0564519	0.0	2.11092	1.45946	1.7427700000000002	0.362338	
0	0.593334	0.266805	-0.759454	0.0	0.7771020000000001	0.0561876	0.626862	0.0	0.20992199999999997	-0.962111	-0.173997	0.0	-3.55144	-1.56397	-1.29041	0.362684	0.20656	0.662944	-0.7196100000000001	0.0	-0.138663	-0.708213	-0.692248	0.0	-0.9685590000000001	0.242774	-0.0543626	0.0	2.1024599999999998	1.46282	1.7598099999999999	0.36225599999999997	
0	0.592852	0.265669	-0.760228	0.0	0.7764479999999999	0.061900699999999996	0.6271329999999999	0.0	0.213668	-0.962075	-0.16958	0.0	-3.51022	-1.5846200000000001	-1.3047600000000001	0.362748	0.201785	0.663852	-0.7201270000000001	0.0	-0.139207	-0.708348	-0.692001	0.0	-0.9694860000000001	0.239882	-0.050520999999999996	0.0	2.10507	1.4702899999999999	1.7931	0.362319	
0	0.5905130000000001	0.259167	-0.764282	0.0	0.778275	0.0676587	0.624267	0.0	0.2135	-0.96346	-0.16175	0.0	-3.4812199999999995	-1.60007	-1.2924	0.362929	0.198471	0.6615300000000001	-0.723178	0.0	-0.139748	-0.711218	-0.688942	0.0	-0.970093	0.237798	-0.0487091	0.0	2.1078200000000002	1.4725	1.80699	0.362197	
0	0.588533	0.255851	-0.766922	0.0	0.7796489999999999	0.0714292	0.6221300000000001	0.0	0.21395300000000003	-0.964074	-0.157436	0.0	-3.46854	-1.60584	-1.26305	0.362781	0.20015	0.654572	-0.729023	0.0	-0.144312	-0.716268	-0.68274	0.0	-0.9690790000000001	0.24185700000000002	-0.0488984	0.0	2.11233	1.4733	1.81703	0.361979	
0	0.582322	0.251923	-0.772939	0.0	0.783762	0.0785431	0.616075	0.0	0.21591300000000002	-0.9645549999999999	-0.15171099999999998	0.0	-3.4896300000000005	-1.59866	-1.26596	0.362625	0.202059	0.647004	-0.735226	0.0	-0.152179	-0.720851	-0.676177	0.0	-0.9674780000000001	0.24851399999999998	-0.047194400000000004	0.0	2.11401	1.47698	1.8211700000000002	0.361952	
0	0.582342	0.251904	-0.772931	0.0	0.783755	0.0785192	0.6160869999999999	0.0	0.21588400000000002	-0.964562	-0.151706	0.0	-3.48889	-1.5989200000000001	-1.26617	0.362628	0.20205399999999998	0.6469699999999999	-0.735258	0.0	-0.1522	-0.720879	-0.676143	0.0	-0.967476	0.24852399999999997	-0.0471878	0.0	2.11393	1.4767299999999999	1.82106	0.361951	
0	0.582342	0.251904	-0.772931	0.0	0.783755	0.0785188	0.6160869999999999	0.0	0.21588400000000002	-0.964562	-0.151706	0.0	-3.48889	-1.5989200000000001	-1.26617	0.362628	0.20205399999999998	0.6469699999999999	-0.735258	0.0	-0.1522	-0.720879	-0.676143	0.0	-0.967476	0.24852399999999997	-0.047188	0.0	2.11393	1.4767299999999999	1.82106	0.361951	
0	0.582342	0.251904	-0.772931	0.0	0.783755	0.07851860000000001	0.6160869999999999	0.0	0.21588400000000002	-0.964562	-0.151706	0.0	-3.48889	-1.5989200000000001	-1.26617	0.362628	0.20205399999999998	0.6469699999999999	-0.735258	0.0	-0.1522	-0.720879	-0.676143	0.0	-0.967476	0.24852399999999997	-0.047188	0.0	2.11393	1.4767299999999999	1.82106	0.361952	
0	0.582342	0.251904	-0.772931	0.0	0.783755	0.0785188	0.6160869999999999	0.0	0.21588400000000002	-0.964562	-0.151706	0.0	-3.48889	-1.5989200000000001	-1.26617	0.362628	0.20205399999999998	0.6469699999999999	-0.735258	0.0	-0.1522	-0.720879	-0.676143	0.0	-0.967476	0.24852399999999997	-0.047188	0.0	2.11393	1.4767299999999999	1.82106	0.361951	
0	0.582342	0.251904	-0.772931	0.0	0.783755	0.07851860000000001	0.6160869999999999	0.0	0.21588400000000002	-0.964562	-0.151706	0.0	-3.48889	-1.5989200000000001	-1.26617	0.362628	0.20205399999999998	0.6469699999999999	-0.735258	0.0	-0.1522	-0.720879	-0.676143	0.0	-0.967476	0.24852399999999997	-0.0471881	0.0	2.11393	1.4767299999999999	1.82106	0.361952	
0	0.582342	0.251904	-0.772931	0.0	0.783755	0.07851860000000001	0.6160869999999999	0.0	0.215885	-0.964562	-0.151706	0.0	-3.48889	-1.5989200000000001	-1.26617	0.362628	0.20205399999999998	0.6469699999999999	-0.735258	0.0	-0.1522	-0.720879	-0.676143	0.0	-0.967476	0.24852399999999997	-0.0471881	0.0	2.11393	1.4767299999999999	1.82106	0.361952	
0	0.582342	0.251904	-0.772931	0.0	0.783755	0.07851860000000001	0.6160869999999999	0.0	0.215885	-0.964562	-0.151706	0.0	-3.48889	-1.5989200000000001	-1.26617	0.362628	0.20205399999999998	0.6469699999999999	-0.735258	0.0	-0.1522	-0.720879	-0.676143	0.0	-0.967476	0.24852399999999997	-0.0471881	0.0	2.11393	1.4767299999999999	1.82106	0.361952	
0	0.582342	0.251904	-0.772931	0.0	0.783755	0.07851860000000001	0.6160869999999999	0.0	0.215885	-0.964562	-0.151706	0.0	-3.48889	-1.5989200000000001	-1.26617	0.362628	0.20205399999999998	0.6469699999999999	-0.735258	0.0	-0.1522	-0.720879	-0.676143	0.0	-0.967476	0.24852399999999997	-0.0471881	0.0	2.11393	1.4767299999999999	1.82106	0.361952	
0	0.582342	0.251904	-0.772931	0.0	0.783754	0.0785188	0.6160869999999999	0.0	0.21588400000000002	-0.964562	-0.151706	0.0	-3.48889	-1.5989200000000001	-1.26617	0.362628	0.20205399999999998	0.6469699999999999	-0.735258	0.0	-0.1522	-0.720879	-0.676143	0.0	-0.967476	0.24852399999999997	-0.0471881	0.0	2.11393	1.4767299999999999	1.82106	0.361952	
0	0.582342	0.251904	-0.772931	0.0	0.783755	0.07851860000000001	0.6160869999999999	0.0	0.215885	-0.964562	-0.151706	0.0	-3.48889	-1.5989200000000001	-1.26617	0.362628	0.20205399999999998	0.6469699999999999	-0.735258	0.0	-0.1522	-0.720879	-0.676143	0.0	-0.967476	0.24852399999999997	-0.0471881	0.0	2.11393	1.4767299999999999	1.82106	0.361952	
0	0.582342	0.251904	-0.772931	0.0	0.783755	0.07851860000000001	0.6160869999999999	0.0	0.215885	-0.964562	-0.151706	0.0	-3.48889	-1.5989200000000001	-1.26617	0.362628	0.20205399999999998	0.6469699999999999	-0.735258	0.0	-0.1522	-0.720879	-0.676143	0.0	-0.967476	0.24852399999999997	-0.0471881	0.0	2.11393	1.4767299999999999	1.82106	0.361952	
0	0.25492	0.48411800000000005	-0.837046	0.0	0.83488	0.326534	0.443116	0.0	0.48784399999999994	-0.811792	-0.32094	0.0	-3.5609300000000004	-1.75161	-1.37906	0.36081199999999997	0.189088	0.616749	-0.764112	0.0	-0.182222	-0.742595	-0.644474	0.0	-0.9649049999999999	0.2611	-0.028030700000000002	0.0	2.11253	1.52773	1.8481599999999998	0.35886599999999996	
0	0.263886	0.42910200000000004	-0.863849	0.0	0.84499	0.329043	0.42157100000000003	0.0	0.46514099999999997	-0.841191	-0.275758	0.0	-3.58051	-1.9876900000000002	-1.54549	0.361617	0.188607	0.614629	-0.765937	0.0	-0.18353699999999998	-0.744132	-0.6423260000000001	0.0	-0.96475	0.261725	-0.027541200000000002	0.0	2.12356	1.5296399999999999	1.8457400000000002	0.358569	
0	0.258423	0.340746	-0.903942	0.0	0.8731200000000001	0.318021	0.36949099999999996	0.0	0.413375	-0.884735	-0.215329	0.0	-3.58837	-2.3239400000000003	-1.7994299999999999	0.362371	0.189056	0.608695	-0.770551	0.0	-0.188918	-0.7474970000000001	-0.636835	0.0	-0.963622	0.265969	-0.026325599999999998	0.0	2.12449	1.5255299999999998	1.8519700000000001	0.357767	
0	0.257752	0.268422	-0.9281780000000001	0.0	0.9035569999999999	0.273332	0.32996	0.0	0.342269	-0.92371	-0.17208299999999999	0.0	-3.56883	-2.6346700000000003	-2.04052	0.36282600000000004	0.187927	0.608215	-0.7712060000000001	0.0	-0.190067	-0.747833	-0.636097	0.0	-0.9636170000000001	0.266121	-0.0249366	0.0	2.12546	1.5226899999999999	1.85555	0.357667	
0	0.277902	0.215258	-0.9361809999999999	0.0	0.9141600000000001	0.240123	0.326577	0.0	0.295097	-0.946575	-0.130049	0.0	-3.60495	-2.9575400000000003	-2.35463	0.36194299999999996	0.18737	0.604564	-0.7742060000000001	0.0	-0.192609	-0.750253	-0.632474	0.0	-0.9632209999999999	0.26762600000000003	-0.0241311	0.0	2.12967	1.52341	1.85979	0.357266	
0	0.339079	0.18299200000000002	-0.922789	0.0	0.907883	0.193391	0.371952	0.0	0.24652399999999997	-0.9639049999999999	-0.100561	0.0	-3.52811	-3.20634	-2.61057	0.361931	0.184637	0.601884	-0.776946	0.0	-0.191937	-0.753233	-0.629127	0.0	-0.963882	0.265285	-0.023550799999999997	0.0	2.1461099999999997	1.51794	1.8628200000000001	0.357296	
0	0.405482	0.109232	-0.907553	0.0	0.8952899999999999	0.152937	0.41841000000000006	0.0	0.184502	-0.982181	-0.03578169999999999	0.0	-3.4749	-3.46383	-2.72856	0.361099	0.18152000000000001	0.600618	-0.778658	0.0	-0.189022	-0.755737	-0.627003	0.0	-0.96505	0.260997	-0.0236516	0.0	2.1704	1.5000200000000001	1.8648099999999999	0.357479	
0	0.42867200000000005	0.072022	-0.9005850000000001	0.0	0.888299	0.148251	0.43468	0.0	0.164819	-0.986324	-0.000426024	0.0	-3.4328300000000005	-3.5730800000000005	-2.75188	0.363038	0.179766	0.6004010000000001	-0.7792319999999999	0.0	-0.187599	-0.756675	-0.6262979999999999	0.0	-0.965656	0.25877100000000003	-0.0233896	0.0	2.18673	1.4812	1.8667799999999999	0.357521	
0	0.493072	0.00364116	-0.869981	0.0	0.8563629999999999	0.174257	0.486083	0.0	0.15337	-0.9846940000000001	0.082803	0.0	-3.4047199999999997	-3.6099099999999997	-2.79584	0.37001999999999996	0.178065	0.59328	-0.7850550000000001	0.0	-0.188056	-0.762583	-0.618953	0.0	-0.965882	0.257848	-0.024219499999999998	0.0	2.24475	1.45081	1.8613	0.356512	
0	0.534954	-0.038357300000000004	-0.84401	0.0	0.834102	0.183041	0.520356	0.0	0.134529	-0.9823569999999999	0.129912	0.0	-3.3896800000000002	-3.6076099999999998	-2.81918	0.37450900000000004	0.17909	0.59055	-0.786878	0.0	-0.19062300000000001	-0.763824	-0.616633	0.0	-0.965189	0.26043	-0.024220699999999998	0.0	2.26388	1.4559600000000001	1.85736	0.35578000000000004	
0	0.608374	-0.08873389999999999	-0.788675	0.0	0.7831020000000001	0.22859899999999997	0.5783550000000001	0.0	0.12897	-0.969468	0.20856100000000002	0.0	-3.3991	-3.6004199999999997	-2.8595200000000003	0.381637	0.179625	0.586449	-0.789818	0.0	-0.196508	-0.765305	-0.612939	0.0	-0.963909	0.265304	-0.0222263	0.0	2.26381	1.4584	1.84801	0.354995	
0	0.6574399999999999	-0.109734	-0.745474	0.0	0.741275	0.271725	0.613739	0.0	0.135216	-0.956098	0.259986	0.0	-3.4090199999999995	-3.59591	-2.87397	0.38907600000000003	0.179078	0.586488	-0.789914	0.0	-0.19880699999999998	-0.764757	-0.61288	0.0	-0.9635389999999999	0.26679400000000003	-0.020353700000000002	0.0	2.2553799999999997	1.45915	1.8556599999999999	0.354833	
0	0.697896	-0.139451	-0.702492	0.0	0.70223	0.326018	0.632918	0.0	0.140764	-0.9350219999999999	0.325453	0.0	-3.37278	-3.59004	-2.61757	0.38379	0.17874500000000001	0.585971	-0.7903720000000001	0.0	-0.200214	-0.764839	-0.61232	0.0	-0.963309	0.26769299999999996	-0.019392	0.0	2.2528900000000003	1.4574200000000002	1.855	0.354491	
0	0.707777	-0.159094	-0.688288	0.0	0.693362	0.343022	0.633707	0.0	0.13527899999999998	-0.9257569999999999	0.353093	0.0	-3.34695	-3.5897099999999997	-2.5563599999999997	0.387667	0.179251	0.581919	-0.793246	0.0	-0.20461600000000002	-0.766622	-0.6086239999999999	0.0	-0.96229	0.271408	-0.0183477	0.0	2.25136	1.4691299999999998	1.84905	0.35396700000000003	
0	0.705224	-0.15801400000000002	-0.691152	0.0	0.694384	0.35076	0.62833	0.0	0.143144	-0.9230379999999999	0.357086	0.0	-3.3467800000000003	-3.5897	-2.55271	0.39187	0.179882	0.5798800000000001	-0.7945949999999999	0.0	-0.207474	-0.767235	-0.6068819999999999	0.0	-0.9615600000000001	0.274025	-0.017701599999999998	0.0	2.25172	1.47594	1.8461400000000001	0.35339899999999996	
0	0.686327	-0.16493	-0.708346	0.0	0.710613	0.359466	0.604825	0.0	0.154873	-0.918467	0.363912	0.0	-3.33929	-3.5895699999999997	-2.54019	0.393729	0.17766400000000002	0.579303	-0.795515	0.0	-0.207564	-0.768131	-0.6057170000000001	0.0	-0.9619530000000001	0.272735	-0.016226499999999998	0.0	2.24896	1.4784899999999999	1.84532	0.353722	
0	0.631199	-0.166107	-0.757625	0.0	0.7548229999999999	0.35623699999999997	0.55076	0.0	0.17840899999999998	-0.9195129999999999	0.350238	0.0	-3.3246	-3.58987	-2.48791	0.395054	0.177878	0.5766439999999999	-0.797396	0.0	-0.208331	-0.769884	-0.603222	0.0	-0.9617469999999999	0.273422	-0.016812200000000003	0.0	2.2462	1.48995	1.84454	0.35372800000000004	
0	0.574584	-0.13373	-0.807446	0.0	0.79886	0.306171	0.517766	0.0	0.177976	-0.9425370000000001	0.28275300000000003	0.0	-3.32188	-3.58924	-2.37685	0.370869	0.178558	0.573563	-0.7994640000000001	0.0	-0.21136300000000002	-0.7711939999999999	-0.600488	0.0	-0.960959	0.2762	-0.016472999999999998	0.0	2.2473400000000003	1.5108700000000002	1.84647	0.353285	
0	0.5330189999999999	-0.138248	-0.834733	0.0	0.840601	0.198857	0.503832	0.0	0.0963388	-0.9702290000000001	0.222206	0.0	-3.2953300000000003	-3.5932	-2.32998	0.341204	0.179333	0.564756	-0.805537	0.0	-0.218009	-0.77564	-0.59233	0.0	-0.9593290000000001	0.281839	-0.0159755	0.0	2.2488099999999998	1.5327600000000001	1.8424200000000002	0.35239699999999996	
0	0.49913199999999996	-0.18143299999999998	-0.847319	0.0	0.864743	0.166991	0.47363900000000003	0.0	0.0555612	-0.9691209999999999	0.240244	0.0	-3.3106199999999997	-3.5889800000000003	-2.33055	0.21574899999999997	0.180563	0.548309	-0.81655	0.0	-0.22835300000000003	-0.784141	-0.577042	0.0	-0.9566879999999999	0.290654	-0.0163786	0.0	2.25382	1.59179	1.8360900000000002	0.3509	
0	0.510025	-0.208101	-0.834607	0.0	0.8595440000000001	0.160025	0.485363	0.0	0.032553399999999996	-0.9649280000000001	0.26048899999999997	0.0	-3.31451	-3.5708800000000003	-2.32993	0.21653899999999998	0.178144	0.531587	-0.828058	0.0	-0.23425500000000002	-0.7944140000000001	-0.560385	0.0	-0.955714	0.293806	-0.016992900000000002	0.0	2.2562	1.61871	1.8274599999999999	0.35039699999999996	
0	0.446304	-0.278513	-0.8504370000000001	0.0	0.8919219999999999	0.061221199999999996	0.44802600000000004	0.0	-0.0727159	-0.9584790000000001	0.275735	0.0	-3.3294699999999997	-3.44541	-2.18177	0.217077	0.174271	0.510845	-0.841824	0.0	-0.24454800000000002	-0.805669	-0.5395300000000001	0.0	-0.9538479999999999	0.29989099999999996	-0.0154781	0.0	2.27962	1.66062	1.8333099999999998	0.349172	
0	0.447058	-0.278025	-0.850201	0.0	0.890034	0.0433464	0.453829	0.0	-0.0893225	-0.9595959999999999	0.26683	0.0	-3.34754	-3.4327900000000002	-2.11	0.21715500000000001	0.171252	0.504119	-0.846485	0.0	-0.244903	-0.810429	-0.532192	0.0	-0.954304	0.29844499999999996	-0.015328	0.0	2.3124700000000002	1.6984400000000002	1.8337900000000003	0.349274	
0	0.42035900000000004	-0.261306	-0.8689180000000001	0.0	0.9044549999999999	0.0441275	0.424281	0.0	-0.07252389999999999	-0.964247	0.254889	0.0	-3.3414900000000003	-3.4406800000000004	-2.0785400000000003	0.217052	0.169343	0.493267	-0.8532360000000001	0.0	-0.246716	-0.816958	-0.5212600000000001	0.0	-0.954177	0.298779	-0.0166493	0.0	2.3441	1.7266099999999998	1.80483	0.348544	
0	0.402323	-0.232469	-0.885491	0.0	0.915172	0.07633939999999999	0.395768	0.0	-0.0244059	-0.9696030000000001	0.243463	0.0	-3.3538900000000003	-3.47431	-2.03658	0.217052	0.171265	0.468869	-0.866505	0.0	-0.26197600000000004	-0.8261639999999999	-0.49882	0.0	-0.9497559999999999	0.312433	-0.0186609	0.0	2.39538	1.7707400000000002	1.77083	0.345749	
0	0.36788699999999996	-0.21499400000000002	-0.904675	0.0	0.9298549999999999	0.0793492	0.359269	0.0	-0.00545529	-0.9733870000000001	0.22910500000000003	0.0	-3.3364800000000003	-3.48046	-1.9858	0.21715399999999999	0.173746	0.46054700000000004	-0.8704649999999999	0.0	-0.26950100000000005	-0.8279290000000001	-0.49183599999999994	0.0	-0.947197	0.32004499999999997	-0.0197316	0.0	2.43266	1.8162200000000002	1.73954	0.34469	
0	0.340506	-0.199576	-0.918817	0.0	0.9402389999999999	0.074823	0.33219299999999996	0.0	0.00245079	-0.9770209999999999	0.213127	0.0	-3.3314199999999996	-3.4836699999999996	-1.9538	0.21710300000000002	0.17047	0.46046899999999996	-0.8711540000000001	0.0	-0.267378	-0.829308	-0.490671	0.0	-0.948393	0.31657199999999996	-0.018253400000000003	0.0	2.4462900000000003	1.8263599999999998	1.7335900000000002	0.34583400000000003	
0	0.317737	-0.197714	-0.927336	0.0	0.9480790000000001	0.080473	0.307686	0.0	0.013791399999999999	-0.976951	0.21301799999999999	0.0	-3.32235	-3.4887900000000003	-1.93782	0.21696999999999997	0.167996	0.461904	-0.8708739999999999	0.0	-0.25358400000000003	-0.833451	-0.49097299999999994	0.0	-0.9526129999999999	0.303322	-0.0228855	0.0	2.46395	1.82683	1.73036	0.34803	
0	0.279579	-0.178779	-0.9433309999999999	0.0	0.958879	0.101996	0.264856	0.0	0.048865	-0.9785879999999999	0.199943	0.0	-3.32102	-3.51482	-1.8995799999999998	0.21669699999999997	0.16556600000000002	0.462513	-0.871016	0.0	-0.235395	-0.839144	-0.490333	0.0	-0.957694	0.28621599999999997	-0.030061	0.0	2.50182	1.84487	1.72944	0.350568	
0	0.248819	-0.11423399999999999	-0.9617899999999999	0.0	0.9623360000000001	0.141466	0.232158	0.0	0.10954000000000001	-0.9833299999999999	0.14513099999999998	0.0	-3.3259	-3.53746	-1.83421	0.216571	0.15779400000000002	0.489993	-0.857326	0.0	-0.195392	-0.8355440000000001	-0.513506	0.0	-0.9679479999999999	0.248543	-0.036103199999999995	0.0	2.59025	1.80195	1.6771	0.355742	
0	0.23408099999999998	-0.0185825	-0.972039	0.0	0.960727	0.157682	0.228343	0.0	0.14903	-0.9873149999999999	0.054763	0.0	-3.2389099999999997	-3.18728	-1.76859	0.21661599999999998	0.155384	0.504255	-0.84946	0.0	-0.165193	-0.834533	-0.5256109999999999	0.0	-0.973944	0.221996	-0.0463733	0.0	2.63332	1.74079	1.63291	0.35937600000000003	
0	0.21268299999999998	0.036603500000000004	-0.976435	0.0	0.9628479999999999	0.162328	0.215808	0.0	0.166402	-0.986058	-0.0007192489999999999	0.0	-3.2330099999999997	-2.7393099999999997	-1.73183	0.216734	0.151499	0.507517	-0.8482190000000001	0.0	-0.14714100000000002	-0.8369840000000001	-0.527075	0.0	-0.9774440000000001	0.20465899999999998	-0.0521255	0.0	2.6463900000000002	1.68977	1.5993700000000002	0.361181	
0	0.15371700000000002	0.145525	-0.97734	0.0	0.9654799999999999	0.188374	0.1799	0.0	0.210286	-0.9712559999999999	-0.111545	0.0	-3.32064	-1.6751099999999999	-1.26052	0.216552	0.139325	0.51568	-0.845377	0.0	-0.0998145	-0.842042	-0.530096	0.0	-0.985203	0.158237	-0.0658454	0.0	2.62719	1.53982	1.51563	0.361647	
0	0.128908	0.177299	-0.975678	0.0	0.966463	0.197904	0.163654	0.0	0.22210700000000003	-0.9640540000000001	-0.145841	0.0	-3.38597	-1.4275200000000001	-1.2277	0.216725	0.134198	0.517467	-0.845115	0.0	-0.08497819999999999	-0.843678	-0.530081	0.0	-0.9873040000000001	0.142952	-0.06924630000000001	0.0	2.61425	1.50711	1.4945	0.361638	
0	0.0922069	0.275386	-0.956902	0.0	0.961176	0.226385	0.15777	0.0	0.26007600000000003	-0.934298	-0.24381999999999998	0.0	-3.5020300000000004	-0.766592	-1.05871	0.21653200000000003	0.11970499999999999	0.521874	-0.8445819999999999	0.0	-0.0645232	-0.8448110000000001	-0.531161	0.0	-0.990711	0.118078	-0.0674554	0.0	2.57905	1.36425	1.46353	0.361772	
4	0.0799709	0.29851	-0.951051	0.0	0.956649	0.24506999999999998	0.157363	0.0	0.280048	-0.922406	-0.265971	0.0	-3.5339400000000003	-0.516407	-0.9837969999999999	0.21673	0.116448	0.523649	-0.843938	0.0	-0.0628328	-0.844133	-0.532439	0.0	-0.991208	0.11502799999999999	-0.0653952	0.0	2.5615200000000002	1.32933	1.4660799999999998	0.361921	
4	0.0638968	0.322814	-0.9443030000000001	0.0	0.942449	0.291658	0.163476	0.0	0.328187	-0.9004030000000001	-0.2856	0.0	-3.55239	-0.25551	-0.903914	0.216559	0.111863	0.527379	-0.842234	0.0	-0.05583540000000001	-0.842879	-0.535199	0.0	-0.9921540000000001	0.106896	-0.06484069999999999	0.0	2.5404	1.28416	1.46233	0.362064	
4	0.126909	0.302666	-0.9446100000000001	0.0	0.906565	0.35107	0.234285	0.0	0.402534	-0.886083	-0.229832	0.0	-3.41969	-0.298996	-0.9200309999999999	0.216719	0.109694	0.525982	-0.843392	0.0	-0.038240300000000005	-0.845651	-0.532365	0.0	-0.99323	0.0906488	-0.0726492	0.0	2.52359	1.25272	1.4427	0.362518	
4	0.20819200000000002	0.296252	-0.932143	0.0	0.8683040000000001	0.382709	0.315566	0.0	0.45022700000000004	-0.8750819999999999	-0.17756	0.0	-3.27618	-0.462787	-0.9974719999999999	0.216542	0.114014	0.522255	-0.845133	0.0	-0.017509	-0.849492	-0.527311	0.0	-0.993325	0.0749184	-0.0877102	0.0	2.51182	1.2486	1.41421	0.36301700000000003	
4	0.347796	0.344588	-0.87195	0.0	0.769192	0.426888	0.47551099999999996	0.0	0.53608	-0.8360780000000001	-0.116584	0.0	-2.8019700000000003	-0.826867	-1.21699	0.216683	0.149274	0.452129	-0.879373	0.0	0.08812610000000001	-0.8918809999999999	-0.443601	0.0	-0.9848610000000001	-0.0112776	-0.172979	0.0	2.37866	1.26464	1.27817	0.363994	
4	0.393069	0.362603	-0.844994	0.0	0.731126	0.434051	0.52636	0.0	0.557631	-0.824693	-0.09449600000000001	0.0	-2.63338	-0.948974	-1.3157299999999998	0.216682	0.175981	0.404063	-0.8976430000000001	0.0	0.128961	-0.913479	-0.385909	0.0	-0.97591	-0.047848400000000006	-0.212864	0.0	2.29648	1.26986	1.18929	0.363985	
4	0.461351	0.404269	-0.7897609999999999	0.0	0.662335	0.435331	0.609754	0.0	0.590312	-0.804397	-0.0669203	0.0	-2.23888	-1.2224	-1.56245	0.21667600000000004	0.28858	0.259604	-0.9215899999999999	0.0	0.174895	-0.9606379999999999	-0.215838	0.0	-0.9413469999999999	-0.0988949	-0.32262399999999997	0.0	2.07071	1.32752	0.8680370000000001	0.363993	
4	0.46466199999999996	0.419522	-0.779802	0.0	0.628691	0.46385600000000005	0.6241680000000001	0.0	0.623568	-0.780281	-0.048213599999999995	0.0	-2.0362299999999998	-1.40069	-1.7304099999999998	0.21655100000000002	0.35386599999999996	0.187863	-0.916235	0.0	0.191737	-0.9733860000000001	-0.125529	0.0	-0.915432	-0.13125599999999998	-0.380468	0.0	1.8814	1.3502299999999998	0.638899	0.363979	
4	0.45805500000000005	0.435475	-0.77495	0.0	0.610163	0.47995	0.630356	0.0	0.646442	-0.761584	-0.0458676	0.0	-1.87083	-1.49611	-1.8536700000000002	0.216685	0.356552	0.16363	-0.9198350000000001	0.0	0.22911700000000002	-0.969793	-0.0837054	0.0	-0.9057459999999999	-0.18090499999999998	-0.383272	0.0	1.6764700000000001	1.21102	0.43712399999999996	0.36399899999999996	
4	0.44524600000000003	0.44008800000000003	-0.779794	0.0	0.598591	0.5013810000000001	0.624744	0.0	0.665917	-0.744943	-0.04019469999999999	0.0	-1.7380200000000001	-1.57255	-1.95682	0.216545	0.33429000000000003	0.121486	-0.934607	0.0	0.25348699999999996	-0.966706	-0.0349915	0.0	-0.907741	-0.225214	-0.353955	0.0	1.41304	0.984173	0.289497	0.363977	
4	0.440921	0.44440799999999997	-0.779801	0.0	0.585336	0.516263	0.625183	0.0	0.680419	-0.732102	-0.032497000000000005	0.0	-1.6792099999999999	-1.5965200000000002	-1.9867099999999998	0.21668600000000002	0.32465700000000003	0.105201	-0.9399629999999999	0.0	0.26111100000000004	-0.965144	-0.0178332	0.0	-0.909076	-0.23964499999999997	-0.34081	0.0	1.25716	0.847326	0.24965900000000002	0.36398800000000003	
4	0.397455	0.43300500000000003	-0.809034	0.0	0.5723659999999999	0.572146	0.5874060000000001	0.0	0.7172350000000001	-0.6965319999999999	-0.0204348	0.0	-1.58913	-1.6115	-1.9738799999999999	0.21671999999999997	0.308313	0.05961230000000001	-0.949415	0.0	0.293077	-0.955441	0.0351832	0.0	-0.905013	-0.289099	-0.312046	0.0	0.899034	0.54102	0.131923	0.363971	
4	0.367385	0.434988	-0.8220790000000001	0.0	0.5573560000000001	0.604632	0.5690109999999999	0.0	0.744568	-0.667237	-0.0203105	0.0	-1.54711	-1.5810600000000001	-1.9590299999999998	0.21672800000000003	0.320731	-0.00118604	-0.9471700000000001	0.0	0.290234	-0.951772	0.099471	0.0	-0.9016069999999999	-0.306804	-0.304919	0.0	0.695891	0.325704	0.0310091	0.363962	
4	0.354302	0.43186800000000003	-0.829434	0.0	0.546773	0.623881	0.558401	0.0	0.758624	-0.651354	-0.0150911	0.0	-1.51987	-1.55227	-1.93597	0.21668400000000002	0.327521	-0.0390815	-0.9440350000000001	0.0	0.285496	-0.948348	0.138309	0.0	-0.9006790000000001	-0.314817	-0.299446	0.0	0.5743689999999999	0.220019	-0.0328453	0.363854	
4	0.320252	0.403449	-0.8571280000000001	0.0	0.512139	0.687433	0.514926	0.0	0.796964	-0.603875	0.0135298	0.0	-1.48607	-1.43981	-1.7831299999999999	0.21672800000000003	0.32453899999999997	-0.129528	-0.9369620000000001	0.0	0.261692	-0.939617	0.220538	0.0	-0.9089510000000001	-0.316769	-0.271046	0.0	0.294578	0.025795699999999998	-0.149642	0.359711	
4	0.308576	0.365075	-0.878351	0.0	0.494799	0.727039	0.476013	0.0	0.812376	-0.581493	0.0437076	0.0	-1.4802899999999999	-1.38862	-1.6439400000000002	0.216716	0.321805	-0.22016799999999997	-0.920852	0.0	0.223827	-0.9273299999999999	0.29993600000000004	0.0	-0.919969	-0.302632	-0.24914	0.0	0.183611	-0.00364745	-0.144232	0.35704600000000003	
4	0.30156700000000003	0.338933	-0.8911690000000001	0.0	0.480238	0.753463	0.449071	0.0	0.8236680000000001	-0.563398	0.0644507	0.0	-1.4820200000000001	-1.3446799999999999	-1.5547	0.216716	0.32359899999999997	-0.28229299999999996	-0.9031030000000001	0.0	0.194992	-0.9140739999999999	0.355592	0.0	-0.925884	-0.291167	-0.240748	0.0	0.152531	-0.00177767	-0.134652	0.357204	
4	0.293082	0.26687	-0.9180870000000001	0.0	0.470749	0.795512	0.38151799999999997	0.0	0.8321649999999999	-0.544004	0.107522	0.0	-1.5125899999999999	-1.19393	-1.25585	0.21671999999999997	0.301913	-0.44939799999999996	-0.8407680000000001	0.0	0.11456400000000001	-0.8584280000000001	0.49997700000000006	0.0	-0.946427	-0.247271	-0.20768499999999998	0.0	0.0389188	0.0137179	-0.07378910000000001	0.35763	
1	0.281215	0.22952199999999998	-0.931793	0.0	0.476591	0.8093670000000001	0.34320100000000003	0.0	0.8329340000000001	-0.540597	0.118218	0.0	-1.57151	-1.07659	-1.1015700000000002	0.21668	0.279877	-0.535195	-0.797016	0.0	0.0752617	-0.815408	0.573974	0.0	-0.957081	-0.220627	-0.187934	0.0	-0.00597408	0.025342700000000003	-0.015681399999999998	0.358023	
1	0.27410100000000004	0.204704	-0.9396620000000001	0.0	0.485444	0.814017	0.31893699999999997	0.0	0.8301879999999999	-0.543575	0.123751	0.0	-1.64536	-0.9567389999999999	-0.967369	0.216673	0.262903	-0.592381	-0.761555	0.0	0.0507599	-0.779737	0.624047	0.0	-0.9634860000000001	-0.20272	-0.174926	0.0	-0.019080200000000002	0.031004200000000003	0.0238458	0.358063	
1	0.27434400000000003	0.204869	-0.9395549999999999	0.0	0.5037159999999999	0.801661	0.321884	0.0	0.819149	-0.5615760000000001	0.11673499999999999	0.0	-1.73301	-0.8209	-0.877345	0.216373	0.245371	-0.6463479999999999	-0.722515	0.0	0.0352592	-0.7388560000000001	0.67294	0.0	-0.9687879999999999	-0.19059500000000001	-0.158504	0.0	-0.00666305	0.04940580000000001	0.0639514	0.35877800000000004	
1	0.282125	0.211432	-0.935789	0.0	0.511483	0.792077	0.33316599999999996	0.0	0.811659	-0.572635	0.115321	0.0	-1.79825	-0.764049	-0.8321139999999999	0.216549	0.23536999999999997	-0.672987	-0.701206	0.0	0.0220761	-0.717587	0.6961189999999999	0.0	-0.9716549999999999	-0.179325	-0.154041	0.0	0.013304900000000001	0.07772000000000001	0.086016	0.35921	
1	0.293306	0.22789	-0.9284600000000001	0.0	0.521117	0.776099	0.355117	0.0	0.801504	-0.5879939999999999	0.108877	0.0	-1.94592	-0.650768	-0.7755029999999999	0.21655500000000003	0.21621700000000002	-0.718949	-0.660578	0.0	0.010134	-0.6748930000000001	0.737846	0.0	-0.9762930000000001	-0.166229	-0.138638	0.0	0.128755	0.16348800000000002	0.133881	0.359207	
1	0.299348	0.231337	-0.925675	0.0	0.524508	0.77053	0.362182	0.0	0.797046	-0.593942	0.109319	0.0	-2.05777	-0.589156	-0.7470180000000001	0.216678	0.220019	-0.733137	-0.6435069999999999	0.0	-0.00156447	-0.659937	0.75132	0.0	-0.9754940000000001	-0.164298	-0.146346	0.0	0.26214499999999996	0.237999	0.11383800000000001	0.358533	
1	0.297373	0.224773	-0.927926	0.0	0.518671	0.777943	0.354661	0.0	0.801592	-0.586755	0.114756	0.0	-2.10011	-0.571348	-0.7401310000000001	0.216677	0.21166999999999997	-0.669667	-0.711859	0.0	0.045984199999999996	-0.7207319999999999	0.6916869999999999	0.0	-0.976259	-0.179143	-0.12176300000000001	0.0	0.311725	0.23497300000000002	0.12646400000000002	0.357464	
1	0.290878	0.214602	-0.9323819999999999	0.0	0.512076	0.78827	0.34118699999999996	0.0	0.808188	-0.5766939999999999	0.119398	0.0	-2.14683	-0.518062	-0.7041430000000001	0.21654400000000001	0.0778777	-0.0752828	-0.994117	0.0	0.381463	-0.9190159999999999	0.0994788	0.0	-0.921098	-0.386965	-0.0428536	0.0	0.407098	0.0273317	0.20753000000000002	0.353426	
1	0.285127	0.211319	-0.9349049999999999	0.0	0.49391899999999994	0.803523	0.332257	0.0	0.8214299999999999	-0.556503	0.124732	0.0	-2.1365	-0.508202	-0.697579	0.216723	-0.14793199999999998	0.336967	-0.9298219999999999	0.0	0.535353	-0.763231	-0.361767	0.0	-0.831573	-0.5513	-0.06749019999999999	0.0	0.511119	-0.12517	0.155528	0.352808	
1	0.283481	0.20686300000000002	-0.936401	0.0	0.472346	0.819675	0.32407199999999997	0.0	0.834583	-0.534173	0.134651	0.0	-2.0885	-0.502898	-0.674474	0.21637800000000001	-0.35139699999999996	0.603213	-0.7159989999999999	0.0	0.5693779999999999	-0.469394	-0.674891	0.0	-0.743189	-0.644829	-0.178513	0.0	0.580025	-0.0560948	-0.0105105	0.354043	
1	0.28730900000000004	0.210619	-0.9343950000000001	0.0	0.466737	0.8210870000000001	0.328592	0.0	0.836427	-0.530524	0.137602	0.0	-2.05004	-0.500255	-0.6602210000000001	0.21668099999999998	-0.410724	0.735019	-0.5394939999999999	0.0	0.567196	-0.257296	-0.78236	0.0	-0.713859	-0.627333	-0.311222	0.0	0.658273	0.197197	-0.17209000000000002	0.355734	
1	0.290234	0.212596	-0.933042	0.0	0.450834	0.8296540000000001	0.329276	0.0	0.8441049999999999	-0.5162140000000001	0.144949	0.0	-2.0269	-0.511483	-0.673337	0.216381	-0.43137299999999995	0.769733	-0.47056099999999995	0.0	0.573803	-0.168406	-0.801492	0.0	-0.69618	-0.6157520000000001	-0.36903	0.0	0.673734	0.370165	-0.223706	0.35555	
1	0.295299	0.21173699999999998	-0.9316469999999999	0.0	0.442193	0.8341129999999999	0.329729	0.0	0.846915	-0.509336	0.152684	0.0	-2.0085599999999997	-0.523428	-0.680451	0.216682	-0.424965	0.772199	-0.47234899999999996	0.0	0.574108	-0.173517	-0.800182	0.0	-0.69986	-0.611229	-0.369587	0.0	0.66267	0.394421	-0.22017899999999999	0.35636999999999996	
1	0.320268	0.192749	-0.9275110000000001	0.0	0.43431000000000003	0.840251	0.32458200000000004	0.0	0.8419040000000001	-0.506781	0.185393	0.0	-1.9553	-0.615295	-0.702801	0.21668	-0.335175	0.757169	-0.560673	0.0	0.600372	-0.286975	-0.7464569999999999	0.0	-0.726093	-0.586806	-0.358396	0.0	0.627217	0.39316799999999996	-0.222453	0.35635700000000003	
1	0.344271	0.17313699999999999	-0.922768	0.0	0.431704	0.8435940000000001	0.319344	0.0	0.8337319999999999	-0.508304	0.21568099999999998	0.0	-1.8461299999999998	-0.88126	-0.7142689999999999	0.216677	-0.29822600000000005	0.7392569999999999	-0.603788	0.0	0.610215	-0.338754	-0.716159	0.0	-0.733961	-0.582018	-0.35008	0.0	0.584281	0.393189	-0.21353200000000003	0.356444	
1	0.35318299999999997	0.172026	-0.9196030000000001	0.0	0.432935	0.841317	0.323655	0.0	0.829355	-0.5124380000000001	0.222663	0.0	-1.76679	-1.01996	-0.7412350000000001	0.216678	-0.277097	0.724087	-0.631598	0.0	0.610945	-0.374569	-0.6974560000000001	0.0	-0.741595	-0.5791350000000001	-0.33858499999999997	0.0	0.5632590000000001	0.391112	-0.187775	0.35675100000000004	
1	0.366899	0.18701199999999998	-0.911269	0.0	0.446767	0.8237959999999999	0.34894000000000003	0.0	0.815956	-0.535151	0.2187	0.0	-1.70927	-1.09751	-0.759368	0.216381	-0.24835700000000002	0.708349	-0.660728	0.0	0.6098210000000001	-0.41563199999999995	-0.67481	0.0	-0.75262	-0.57052	-0.328741	0.0	0.566096	0.403471	-0.171246	0.356978	
1	0.38501599999999997	0.21326799999999999	-0.8979309999999999	0.0	0.457161	0.801111	0.386295	0.0	0.8017270000000001	-0.559229	0.210943	0.0	-1.67724	-1.21757	-0.799079	0.21635100000000002	-0.22382399999999997	0.693962	-0.684339	0.0	0.61051	-0.447499	-0.653469	0.0	-0.759724	-0.564058	-0.323509	0.0	0.569042	0.413209	-0.16830699999999998	0.35690500000000003	
1	0.404828	0.228753	-0.885317	0.0	0.45219899999999996	0.791437	0.411272	0.0	0.794752	-0.5668340000000001	0.216954	0.0	-1.59333	-1.33648	-0.858599	0.21635300000000002	-0.207767	0.6860539999999999	-0.697254	0.0	0.607117	-0.46845699999999996	-0.64184	0.0	-0.7669699999999999	-0.556668	-0.319185	0.0	0.564355	0.389038	-0.179463	0.356655	
1	0.401803	0.221789	-0.8884620000000001	0.0	0.45267399999999997	0.795284	0.40324899999999997	0.0	0.796016	-0.56421	0.21914899999999998	0.0	-1.55661	-1.34565	-0.8390059999999999	0.216352	-0.206639	0.6857300000000001	-0.6979069999999999	0.0	0.6043350000000001	-0.471517	-0.642224	0.0	-0.769467	-0.554478	-0.316977	0.0	0.55645	0.385909	-0.17252699999999999	0.356668	
1	0.388765	0.204258	-0.89841	0.0	0.467116	0.796801	0.38329	0.0	0.794144	-0.568671	0.21435700000000002	0.0	-1.51662	-1.31028	-0.762293	0.216662	-0.20362	0.687416	-0.697136	0.0	0.5988319999999999	-0.475883	-0.644155	0.0	-0.774558	-0.5486300000000001	-0.314747	0.0	0.522628	0.38461599999999996	-0.16559100000000002	0.35647399999999996	
1	0.376708	0.206877	-0.9029360000000001	0.0	0.464793	0.800949	0.377423	0.0	0.8012859999999999	-0.5618569999999999	0.205569	0.0	-1.50288	-1.25732	-0.7088979999999999	0.216356	-0.20114500000000002	0.690743	-0.694561	0.0	0.591778	-0.47934899999999997	-0.648092	0.0	-0.780602	-0.5413859999999999	-0.312349	0.0	0.475526	0.387574	-0.170974	0.356704	
1	0.37182600000000005	0.21303899999999998	-0.903526	0.0	0.463337	0.800812	0.379497	0.0	0.804403	-0.5597439999999999	0.199054	0.0	-1.49463	-1.20661	-0.6741550000000001	0.21635100000000002	-0.203355	0.691659	-0.693004	0.0	0.588712	-0.479181	-0.6510020000000001	0.0	-0.782346	-0.5403640000000001	-0.309745	0.0	0.44688100000000003	0.376548	-0.181268	0.356605	
1	0.36509400000000003	0.21629	-0.9054969999999999	0.0	0.466659	0.799103	0.379031	0.0	0.805566	-0.56094	0.190814	0.0	-1.48005	-1.10585	-0.595164	0.216352	-0.234198	0.693484	-0.681346	0.0	0.595521	-0.45162700000000006	-0.66437	0.0	-0.7684439999999999	-0.56135	-0.307214	0.0	0.375247	0.298302	-0.24709899999999999	0.355954	
