0	0.593132	0.516197	-0.617846	0.0	0.6844939999999999	0.0807003	0.724538	0.0	0.42386499999999994	-0.8526590000000001	-0.30546799999999996	0.0	-2.7396700000000003	2.0	1.46191	0.0	-0.236882	0.739278	-0.630361	0.0	0.329268	-0.549339	-0.76799	0.0	-0.91404	-0.389481	-0.113292	0.0	2.6533	1.9730400000000001	1.52055	2.5936399999999998e-05	
0	0.371423	0.864384	-0.338948	0.0	0.508432	0.116105	0.853239	0.0	0.776879	-0.489245	-0.396356	0.0	-3.00832	2.12017	1.2342799999999998	0.0	-0.16881300000000002	0.750529	-0.638912	0.0	0.24922399999999997	-0.594648	-0.764383	0.0	-0.9536190000000001	-0.28826999999999997	-0.08666610000000001	0.0	2.83082	1.91565	1.34959	0.0	
0	0.324417	0.895337	-0.305164	0.0	0.512351	0.104867	0.85235	0.0	0.795142	-0.432867	-0.42470600000000003	0.0	-3.17886	2.21208	0.965205	0.0	-0.07843969999999999	0.743164	-0.664496	0.0	0.195546	-0.6421319999999999	-0.7412350000000001	0.0	-0.9775530000000001	-0.188082	-0.0949546	0.0	2.99811	2.07702	1.1676600000000001	0.0	
0	0.198131	0.931725	-0.304356	0.0	0.523998	0.16173099999999999	0.8362229999999999	0.0	0.828354	-0.325164	-0.456178	0.0	-3.24547	2.42109	0.687619	0.132857	0.05202709999999999	0.7351850000000001	-0.675867	0.0	0.0868287	-0.677551	-0.730333	0.0	-0.994864	-0.0206874	-0.09908639999999999	0.0	3.20285	2.33561	0.9879319999999999	0.365404	
0	0.0459932	0.939733	-0.338802	0.0	0.543076	0.261139	0.798044	0.0	0.8384229999999999	-0.2207	-0.49833599999999995	0.0	-3.1947	2.69192	0.477524	0.35735	0.08454049999999999	0.7283430000000001	-0.679978	0.0	0.043615100000000004	-0.6844720000000001	-0.727734	0.0	-0.9954649999999999	0.0318657	-0.0896325	0.0	3.2231799999999997	2.4819400000000003	0.9240649999999999	0.361583	
0	0.0957325	0.931767	-0.350208	0.0	0.526566	0.251162	0.812186	0.0	0.844727	-0.26216	-0.46659300000000004	0.0	-3.11344	2.7659599999999998	0.405169	0.360131	0.10805999999999999	0.715831	-0.689862	0.0	0.034615	-0.696214	-0.7170000000000001	0.0	-0.993542	0.0535996	-0.100011	0.0	3.25558	2.47212	0.834511	0.363062	
0	0.297618	0.894575	-0.333406	0.0	0.529213	0.136072	0.837507	0.0	0.7945800000000001	-0.4257	-0.43292299999999995	0.0	-3.05084	2.7075400000000003	0.488838	0.360234	0.09858869999999999	0.712515	-0.694696	0.0	0.0557432	-0.700955	-0.711024	0.0	-0.993566	0.0313743	-0.108824	0.0	3.18306	2.42703	0.7879	0.363852	
0	0.5267850000000001	0.783949	-0.328515	0.0	0.486362	0.0389668	0.8728879999999999	0.0	0.6971	-0.6196020000000001	-0.360756	0.0	-3.02152	2.38233	0.6031380000000001	0.360363	0.07353710000000001	0.712188	-0.698126	0.0	0.0687138	-0.701976	-0.708878	0.0	-0.994923	0.00415787	-0.10055900000000001	0.0	3.07817	2.26856	0.764668	0.363667	
0	0.6855829999999999	0.662505	-0.301766	0.0	0.414024	-0.013874200000000001	0.9101600000000001	0.0	0.598799	-0.748929	-0.28380500000000003	0.0	-3.0480099999999997	1.9913299999999998	0.670079	0.360645	0.05388830000000001	0.720689	-0.6911609999999999	0.0	0.07373350000000001	-0.693149	-0.717013	0.0	-0.995821	-0.012323	-0.0904918	0.0	2.9736	2.0982	0.767776	0.363476	
0	0.791975	0.530145	-0.302858	0.0	0.37759499999999996	-0.035488599999999995	0.925291	0.0	0.47978999999999994	-0.8471639999999999	-0.22828600000000002	0.0	-3.13754	1.54294	0.658041	0.361501	0.056716499999999996	0.722119	-0.6894399999999999	0.0	0.0636221	-0.691762	-0.719318	0.0	-0.996361	-0.00306642	-0.0851771	0.0	2.9123200000000002	1.99155	0.791311	0.362975	
0	0.8654540000000001	0.43256999999999995	-0.252731	0.0	0.308798	-0.0633538	0.9490149999999999	0.0	0.394504	-0.899372	-0.188407	0.0	-3.27552	1.09517	0.47113999999999995	0.360426	0.0612567	0.717533	-0.693825	0.0	0.0562068	-0.696507	-0.715345	0.0	-0.9965379999999999	0.00482202	-0.0829961	0.0	2.87208	1.9237400000000002	0.810127	0.36244	
0	0.891583	0.375906	-0.25253400000000004	0.0	0.29228200000000004	-0.0517165	0.954933	0.0	0.345905	-0.925213	-0.15598	0.0	-3.26811	0.7013689999999999	0.258993	0.361848	0.0635309	0.711209	-0.700104	0.0	0.0483561	-0.7028909999999999	-0.709653	0.0	-0.996808	0.0112307	-0.07904680000000001	0.0	2.81146	1.88989	0.873426	0.36201500000000003	
0	0.8943190000000001	0.312896	-0.319828	0.0	0.348648	-0.0393305	0.936428	0.0	0.280426	-0.948973	-0.144265	0.0	-3.23718	0.36794299999999996	0.08488839999999999	0.360225	0.0659689	0.704609	-0.706522	0.0	0.0447292	-0.709441	-0.703344	0.0	-0.996819	0.014796700000000001	-0.07831779999999999	0.0	2.7650799999999998	1.86235	0.9136549999999999	0.361693	
0	0.819071	0.30651100000000003	-0.48494799999999993	0.0	0.5048819999999999	0.0162872	0.863034	0.0	0.272428	-0.951728	-0.14141199999999998	0.0	-3.16177	0.0688722	-0.06453060000000001	0.359582	0.0587543	0.698675	-0.713022	0.0	0.035368000000000004	-0.7152649999999999	-0.697958	0.0	-0.9976459999999999	0.015790000000000002	-0.06673589999999999	0.0	2.73431	1.83405	0.9706610000000001	0.36152399999999996	
0	0.671647	0.345964	-0.655134	0.0	0.659778	0.122948	0.7413350000000001	0.0	0.337022	-0.930157	-0.145681	0.0	-3.0688299999999997	-0.141005	-0.216325	0.362824	0.056375699999999994	0.698667	-0.713222	0.0	0.032924699999999994	-0.715271	-0.698071	0.0	-0.9978670000000001	0.0158716	-0.0633274	0.0	2.72516	1.81695	1.0343	0.361164	
0	0.637803	0.312254	-0.704063	0.0	0.707238	0.124548	0.695918	0.0	0.30499299999999996	-0.9417989999999999	-0.141401	0.0	-2.96011	-0.40415	-0.385088	0.363745	0.05108719999999999	0.694762	-0.7174229999999999	0.0	0.0241454	-0.71901	-0.69458	0.0	-0.998402	0.0181618	-0.0535076	0.0	2.71725	1.75617	1.09005	0.361028	
0	0.620262	0.307988	-0.7214010000000001	0.0	0.716327	0.152332	0.680934	0.0	0.31961100000000003	-0.939116	-0.126134	0.0	-2.95162	-0.634423	-0.5370060000000001	0.363716	0.0493922	0.696723	-0.715638	0.0	0.0184405	-0.717026	-0.696802	0.0	-0.998609	0.0212199	-0.048263400000000005	0.0	2.69647	1.7028299999999998	1.15344	0.361025	
0	0.589964	0.310297	-0.745425	0.0	0.734923	0.17599700000000001	0.654914	0.0	0.334411	-0.934206	-0.12421300000000002	0.0	-2.92895	-0.8429620000000001	-0.6824	0.36396300000000004	0.048146499999999995	0.702481	-0.710072	0.0	0.012051799999999998	-0.711253	-0.702833	0.0	-0.998768	0.0252813	-0.0427106	0.0	2.6655900000000003	1.61368	1.18829	0.361014	
0	0.578533	0.29128899999999996	-0.7618729999999999	0.0	0.753255	0.167519	0.636037	0.0	0.3129	-0.941853	-0.1225	0.0	-2.96769	-1.0358399999999999	-0.826526	0.36398	0.041895999999999996	0.702449	-0.7105	0.0	0.00472832	-0.711256	-0.702918	0.0	-0.9991110000000001	0.02609	-0.033120300000000005	0.0	2.6402799999999997	1.5432299999999999	1.23671	0.360831	
0	0.5993649999999999	0.285589	-0.747797	0.0	0.7410869999999999	0.155146	0.653238	0.0	0.302575	-0.9457110000000001	-0.118658	0.0	-3.01958	-1.2322799999999998	-0.9514809999999999	0.362622	0.0355046	0.6978489999999999	-0.715364	0.0	-0.00392058	-0.715713	-0.698384	0.0	-0.9993620000000001	0.027600599999999996	-0.022675400000000002	0.0	2.5979200000000002	1.51337	1.2660200000000001	0.36088000000000003	
0	0.577466	0.304829	-0.757372	0.0	0.745829	0.180359	0.641256	0.0	0.332072	-0.935174	-0.123199	0.0	-3.11194	-1.28857	-1.03725	0.36094299999999996	0.033244199999999995	0.695671	-0.717591	0.0	-0.00850752	-0.717766	-0.696233	0.0	-0.999411	0.0292507	-0.0179434	0.0	2.57131	1.50935	1.28414	0.360969	
0	0.587888	0.308325	-0.747879	0.0	0.744301	0.155968	0.6493760000000001	0.0	0.316864	-0.938408	-0.137795	0.0	-3.11694	-1.28413	-1.07656	0.361386	0.0342688	0.696584	-0.716657	0.0	-0.011742299999999999	-0.7167479999999999	-0.697234	0.0	-0.999344	0.0323086	-0.0163828	0.0	2.54712	1.5087899999999999	1.2902799999999999	0.360877	
0	0.5888100000000001	0.30854000000000004	-0.7470640000000001	0.0	0.7421300000000001	0.15981199999999998	0.650924	0.0	0.320226	-0.9376899999999999	-0.134878	0.0	-3.11135	-1.29303	-1.0831	0.361694	0.0342075	0.691975	-0.721111	0.0	-0.0155053	-0.721079	-0.692679	0.0	-0.999295	0.0348759	-0.013937200000000002	0.0	2.5248	1.50986	1.29259	0.360858	
0	0.589859	0.306433	-0.747105	0.0	0.7413489999999999	0.161261	0.651457	0.0	0.32010700000000003	-0.938133	-0.132053	0.0	-3.1015599999999997	-1.29903	-1.0810600000000001	0.361505	0.0313415	0.685732	-0.727179	0.0	-0.014615399999999999	-0.727144	-0.686329	0.0	-0.999402	0.032138599999999996	-0.0127676	0.0	2.51416	1.51762	1.3230000000000002	0.360673	
0	0.595665	0.302419	-0.7441270000000001	0.0	0.739075	0.156451	0.655204	0.0	0.314566	-0.940248	-0.13031800000000002	0.0	-3.09692	-1.3023799999999999	-1.06969	0.361848	0.0313444	0.676621	-0.735664	0.0	-0.0181999	-0.735517	-0.677262	0.0	-0.999343	0.034617400000000006	-0.010740000000000001	0.0	2.52508	1.5268899999999999	1.3710200000000001	0.360575	
0	0.596294	0.29916	-0.744941	0.0	0.740074	0.154648	0.654504	0.0	0.31100500000000003	-0.9415879999999999	-0.129185	0.0	-3.09425	-1.3024200000000001	-1.07134	0.361725	0.030360400000000003	0.674076	-0.738038	0.0	-0.0184979	-0.737873	-0.674686	0.0	-0.999368	0.034136099999999996	-0.0099334	0.0	2.54241	1.53528	1.3951799999999999	0.360415	
0	0.5990340000000001	0.295599	-0.744163	0.0	0.739341	0.152669	0.655796	0.0	0.307463	-0.943034	-0.127095	0.0	-3.1048	-1.30088	-1.06951	0.362057	0.029750299999999997	0.671296	-0.740592	0.0	-0.0210679	-0.7403350000000001	-0.671908	0.0	-0.9993350000000001	0.0355922	-0.00788234	0.0	2.55125	1.53304	1.4051799999999999	0.360269	
0	0.59892	0.29582800000000004	-0.744164	0.0	0.73933	0.152807	0.655775	0.0	0.30771	-0.94294	-0.127196	0.0	-3.1036599999999996	-1.30093	-1.0704200000000001	0.362075	0.029792000000000003	0.6712090000000001	-0.7406689999999999	0.0	-0.0211111	-0.74041	-0.671824	0.0	-0.999333	0.035651300000000004	-0.00788837	0.0	2.55108	1.53328	1.40491	0.360292	
0	0.5989180000000001	0.295831	-0.744165	0.0	0.7393310000000001	0.152808	0.655774	0.0	0.307713	-0.942939	-0.127197	0.0	-3.1036599999999996	-1.30094	-1.07041	0.36207399999999995	0.0297914	0.671207	-0.740671	0.0	-0.0211118	-0.740413	-0.671821	0.0	-0.999333	0.035651499999999996	-0.00788774	0.0	2.5510599999999997	1.5332700000000001	1.40489	0.360293	
0	0.5989180000000001	0.295831	-0.744165	0.0	0.7393310000000001	0.152808	0.655774	0.0	0.307713	-0.942939	-0.127197	0.0	-3.1036599999999996	-1.30094	-1.07041	0.36207399999999995	0.0297914	0.671207	-0.740671	0.0	-0.021111900000000003	-0.740412	-0.671821	0.0	-0.999333	0.0356516	-0.00788754	0.0	2.5510599999999997	1.5332700000000001	1.40489	0.360292	
0	0.5989180000000001	0.295831	-0.744165	0.0	0.7393310000000001	0.152808	0.655774	0.0	0.307713	-0.942939	-0.127197	0.0	-3.1036599999999996	-1.30094	-1.07041	0.36207399999999995	0.0297914	0.671207	-0.740671	0.0	-0.021111900000000003	-0.740412	-0.671821	0.0	-0.999333	0.035651499999999996	-0.00788757	0.0	2.5510599999999997	1.5332700000000001	1.40489	0.360292	
0	0.5989180000000001	0.295831	-0.744165	0.0	0.7393310000000001	0.152808	0.655774	0.0	0.307713	-0.942939	-0.127197	0.0	-3.1036599999999996	-1.30094	-1.07041	0.36207399999999995	0.0297914	0.671207	-0.740671	0.0	-0.021111900000000003	-0.740412	-0.671821	0.0	-0.999333	0.035651499999999996	-0.00788757	0.0	2.5510599999999997	1.5332700000000001	1.40489	0.360292	
0	0.5989180000000001	0.295831	-0.744165	0.0	0.7393310000000001	0.152808	0.655774	0.0	0.307713	-0.942939	-0.127197	0.0	-3.1036599999999996	-1.30094	-1.07041	0.36207399999999995	0.0297914	0.671207	-0.740671	0.0	-0.021111900000000003	-0.740412	-0.671821	0.0	-0.999333	0.0356516	-0.00788754	0.0	2.5510599999999997	1.5332700000000001	1.40489	0.360292	
0	0.5989180000000001	0.295831	-0.744165	0.0	0.7393310000000001	0.152808	0.655774	0.0	0.307713	-0.942939	-0.127197	0.0	-3.1036599999999996	-1.30094	-1.07041	0.36207399999999995	0.0297914	0.671207	-0.740671	0.0	-0.021111900000000003	-0.740412	-0.671821	0.0	-0.999333	0.035651499999999996	-0.00788754	0.0	2.5510599999999997	1.5332700000000001	1.40489	0.360292	
0	0.5989180000000001	0.295831	-0.744165	0.0	0.7393310000000001	0.152808	0.655774	0.0	0.307713	-0.942939	-0.127197	0.0	-3.1036599999999996	-1.30094	-1.07041	0.36207399999999995	0.0297914	0.671207	-0.740671	0.0	-0.021111900000000003	-0.740412	-0.671821	0.0	-0.999333	0.0356516	-0.00788754	0.0	2.5510599999999997	1.5332700000000001	1.40489	0.360292	
0	0.5989180000000001	0.295831	-0.744165	0.0	0.7393310000000001	0.152808	0.655774	0.0	0.307713	-0.942939	-0.127197	0.0	-3.1036599999999996	-1.30094	-1.07041	0.36207399999999995	0.0297914	0.671207	-0.740671	0.0	-0.021111900000000003	-0.740412	-0.671821	0.0	-0.999333	0.035651499999999996	-0.00788757	0.0	2.5510599999999997	1.5332700000000001	1.40489	0.360292	
0	0.5989180000000001	0.295831	-0.744165	0.0	0.7393310000000001	0.152808	0.655774	0.0	0.307713	-0.942939	-0.127197	0.0	-3.1036599999999996	-1.30094	-1.07041	0.36207399999999995	0.0297914	0.671207	-0.740671	0.0	-0.021111900000000003	-0.740412	-0.671821	0.0	-0.999333	0.0356516	-0.00788754	0.0	2.5510599999999997	1.5332700000000001	1.40489	0.360292	
0	0.5989180000000001	0.295831	-0.744165	0.0	0.7393310000000001	0.152808	0.655774	0.0	0.307713	-0.942939	-0.127197	0.0	-3.1036599999999996	-1.30094	-1.07041	0.36207399999999995	0.0297914	0.671207	-0.740671	0.0	-0.021111900000000003	-0.740412	-0.671821	0.0	-0.999333	0.035651499999999996	-0.00788759	0.0	2.5510599999999997	1.5332700000000001	1.40489	0.360292	
0	0.5989180000000001	0.295831	-0.744165	0.0	0.7393310000000001	0.152808	0.655774	0.0	0.307713	-0.942939	-0.127197	0.0	-3.1036599999999996	-1.30093	-1.07041	0.36207399999999995	0.0297914	0.671207	-0.740671	0.0	-0.021111900000000003	-0.740412	-0.671821	0.0	-0.999333	0.0356516	-0.00788754	0.0	2.5510599999999997	1.5332700000000001	1.40489	0.360292	
0	0.5989180000000001	0.295831	-0.744165	0.0	0.7393310000000001	0.152808	0.655774	0.0	0.307713	-0.942939	-0.127197	0.0	-3.1036599999999996	-1.30094	-1.07041	0.36207399999999995	0.0297914	0.671207	-0.740671	0.0	-0.021112	-0.740412	-0.671822	0.0	-0.999333	0.0356516	-0.00788757	0.0	2.5510599999999997	1.5332700000000001	1.40489	0.360292	
0	0.5989180000000001	0.295831	-0.744165	0.0	0.7393310000000001	0.152808	0.655774	0.0	0.307713	-0.942939	-0.127197	0.0	-3.1036599999999996	-1.30094	-1.07041	0.36207399999999995	0.0297914	0.671207	-0.740671	0.0	-0.021112	-0.740412	-0.671821	0.0	-0.999333	0.0356516	-0.00788754	0.0	2.5510599999999997	1.5332700000000001	1.40489	0.360292	
0	0.502727	0.389119	-0.771914	0.0	0.819233	0.0705457	0.569106	0.0	0.275905	-0.918482	-0.283314	0.0	-3.22665	-1.67403	-1.24075	0.361256	0.026019999999999998	0.638066	-0.7695420000000001	0.0	-0.055751300000000004	-0.767678	-0.638406	0.0	-0.9981059999999999	0.059514300000000006	0.015597799999999998	0.0	2.53871	1.57145	1.44387	0.360031	
0	0.450535	0.294627	-0.842741	0.0	0.87239	0.0551986	0.485684	0.0	0.189614	-0.954017	-0.23215999999999998	0.0	-3.3472199999999996	-1.98564	-1.3885299999999998	0.360151	0.026802499999999996	0.631139	-0.775207	0.0	-0.06075409999999999	-0.7730239999999999	-0.6314609999999999	0.0	-0.997793	0.0640218	0.0176252	0.0	2.54222	1.58365	1.44943	0.359964	
0	0.385225	0.24338	-0.89015	0.0	0.908925	0.0667053	0.41158900000000004	0.0	0.15955	-0.967635	-0.195518	0.0	-3.45399	-2.32102	-1.64135	0.360336	0.0260627	0.6281800000000001	-0.777632	0.0	-0.0627323	-0.775335	-0.6284270000000001	0.0	-0.99769	0.0651612	0.0191998	0.0	2.54601	1.5867200000000001	1.46878	0.359984	
0	0.37449	0.218953	-0.9010090000000001	0.0	0.9161159999999999	0.0626331	0.39599	0.0	0.14313599999999999	-0.973723	-0.17713099999999998	0.0	-3.47183	-2.5312200000000002	-1.7976900000000002	0.361643	0.0256428	0.6253270000000001	-0.779941	0.0	-0.0638163	-0.777583	-0.625534	0.0	-0.997632	0.0658135	0.019966400000000002	0.0	2.55025	1.58351	1.4815200000000002	0.359894	
0	0.37427	0.1472	-0.9155620000000001	0.0	0.919465	0.069324	0.387011	0.0	0.12043800000000002	-0.9866739999999999	-0.109399	0.0	-3.4691300000000003	-2.99845	-2.05769	0.360627	0.0223702	0.621047	-0.783454	0.0	-0.0637465	-0.78117	-0.621056	0.0	-0.997715	0.0638357	0.022114500000000002	0.0	2.56328	1.57028	1.50629	0.35967	
0	0.35134099999999996	0.106047	-0.9302219999999999	0.0	0.931897	0.05605790000000001	0.35836399999999996	0.0	0.09015	-0.9927799999999999	-0.07912999999999999	0.0	-3.3969	-3.26567	-2.14184	0.361178	0.020777	0.618664	-0.785381	0.0	-0.064943	-0.783057	-0.6185510000000001	0.0	-0.9976729999999999	0.0638567	0.023908099999999998	0.0	2.57757	1.55771	1.5205	0.359661	
0	0.30404899999999996	0.07014630000000001	-0.9500700000000001	0.0	0.94965	0.05685459999999999	0.308112	0.0	0.0756289	-0.995915	-0.0493279	0.0	-3.35814	-3.4982699999999998	-2.26024	0.360553	0.019300900000000003	0.615945	-0.787553	0.0	-0.06672389999999999	-0.78515	-0.615701	0.0	-0.997585	0.0644323	0.025944	0.0	2.58296	1.55472	1.55046	0.359676	
0	0.225435	0.057001800000000005	-0.9725889999999999	0.0	0.9697399999999999	0.08290789999999999	0.229633	0.0	0.09372489999999999	-0.994926	-0.0365866	0.0	-3.3560199999999996	-3.62405	-2.31888	0.358719	0.018469	0.612009	-0.7906350000000001	0.0	-0.0693336	-0.788083	-0.611653	0.0	-0.997423	0.0661142	0.027877499999999996	0.0	2.58622	1.55666	1.5745799999999999	0.359618	
0	0.212835	0.00673366	-0.977065	0.0	0.974701	0.0683922	0.212792	0.0	0.06825650000000001	-0.9976360000000001	0.00799295	0.0	-3.3324	-3.63064	-2.36794	0.360479	0.018397200000000002	0.605424	-0.795691	0.0	-0.072513	-0.792922	-0.6049939999999999	0.0	-0.9971979999999999	0.0688281	0.0293134	0.0	2.58765	1.56735	1.58346	0.359484	
0	0.22614499999999998	-0.011589499999999999	-0.974025	0.0	0.972161	0.06563939999999999	0.224931	0.0	0.061327599999999996	-0.997776	0.0261108	0.0	-3.3295199999999996	-3.6306599999999998	-2.38017	0.35997199999999996	0.017462900000000003	0.599496	-0.800187	0.0	-0.07748889999999999	-0.797091	-0.598867	0.0	-0.99684	0.07246369999999999	0.0325347	0.0	2.58825	1.57102	1.59545	0.359452	
0	0.24949000000000002	-0.0441309	-0.9673709999999999	0.0	0.9681219999999999	0.0343145	0.24811799999999998	0.0	0.0222452	-0.9984360000000001	0.0512851	0.0	-3.3003199999999997	-3.6379599999999996	-2.3944799999999997	0.361189	0.0165329	0.595518	-0.803172	0.0	-0.08447819999999999	-0.799578	-0.594592	0.0	-0.996288	0.0776809	0.037088800000000005	0.0	2.58728	1.56925	1.61226	0.35942199999999996	
0	0.266565	-0.0764729	-0.960778	0.0	0.963621	0.00102264	0.26727199999999995	0.0	-0.019456400000000002	-0.9970709999999999	0.07396339999999998	0.0	-3.26963	-3.64716	-2.40751	0.36067899999999997	0.0164865	0.591302	-0.8062819999999999	0.0	-0.087257	-0.8024640000000001	-0.590286	0.0	-0.99605	0.0800855	0.0383651	0.0	2.58692	1.5762399999999999	1.6204100000000001	0.359417	
0	0.27800199999999997	-0.107096	-0.954592	0.0	0.9599280000000001	-0.00564227	0.28018899999999997	0.0	-0.035393	-0.994233	0.101236	0.0	-3.2570099999999997	-3.64854	-2.43417	0.36138000000000003	0.0160568	0.583234	-0.812145	0.0	-0.0924212	-0.8079069999999999	-0.582018	0.0	-0.995591	0.08440489999999999	0.040930699999999993	0.0	2.58739	1.59847	1.62511	0.359335	
0	0.312556	-0.183197	-0.932066	0.0	0.9458850000000001	-0.030093599999999998	0.32310500000000003	0.0	-0.08724119999999999	-0.982615	0.163878	0.0	-3.19824	-3.6364099999999997	-2.4999700000000002	0.331773	0.0162115	0.576449	-0.816972	0.0	-0.09747280000000001	-0.812277	-0.57507	0.0	-0.9951059999999999	0.0889553	0.043019800000000004	0.0	2.5977900000000003	1.6270799999999999	1.63316	0.35931	
0	0.348285	-0.187305	-0.918485	0.0	0.934974	-0.000879019	0.354716	0.0	-0.0672475	-0.982301	0.174819	0.0	-3.18095	-3.60184	-2.48736	0.145527	0.015934200000000003	0.572914	-0.8194600000000001	0.0	-0.101188	-0.814433	-0.571367	0.0	-0.99474	0.0920242	0.044994900000000004	0.0	2.6134	1.64716	1.63992	0.35920100000000005	
0	0.348236	-0.19422999999999999	-0.917064	0.0	0.934343	-0.00711209	0.356304	0.0	-0.0757268	-0.98093	0.179	0.0	-3.1735700000000002	-3.60275	-2.49031	0.14543499999999998	0.015556	0.5705560000000001	-0.821111	0.0	-0.103378	-0.8158920000000001	-0.5688880000000001	0.0	-0.9945209999999999	0.09373480000000001	0.046290899999999996	0.0	2.62025	1.6618700000000002	1.6477	0.359148	
0	0.337793	-0.194449	-0.9209149999999999	0.0	0.9379620000000001	-0.0118056	0.346539	0.0	-0.07825599999999999	-0.980842	0.178398	0.0	-3.17187	-3.60282	-2.48705	0.14514200000000002	0.0158611	0.568829	-0.8223030000000001	0.0	-0.10491900000000001	-0.81692	-0.567128	0.0	-0.9943540000000001	0.0952706	0.0467236	0.0	2.62091	1.6753799999999999	1.6573200000000001	0.359115	
0	0.32169000000000003	-0.189349	-0.9277190000000001	0.0	0.9427139999999999	-0.0273742	0.33247600000000005	0.0	-0.0883495	-0.9815280000000001	0.169696	0.0	-3.16988	-3.6004099999999997	-2.47439	0.145537	0.0154489	0.5675819999999999	-0.8231719999999999	0.0	-0.107879	-0.817519	-0.565708	0.0	-0.994044	0.0975424	0.0486001	0.0	2.6179900000000003	1.67792	1.66543	0.359129	
0	0.273903	-0.18751400000000001	-0.9433010000000001	0.0	0.958635	-0.0257404	0.283472	0.0	-0.07743560000000001	-0.981925	0.172706	0.0	-3.21291	-3.5981699999999996	-2.46245	0.146208	0.015538	0.569366	-0.821937	0.0	-0.108082	-0.816264	-0.567479	0.0	-0.9940209999999999	0.09765399999999999	0.048855	0.0	2.61639	1.66287	1.66524	0.359204	
0	0.18620499999999998	-0.173735	-0.9670280000000001	0.0	0.979884	-0.0390914	0.195703	0.0	-0.0718029	-0.984016	0.162961	0.0	-3.29359	-3.58655	-2.3722	0.145798	0.0105915	0.575991	-0.817388	0.0	-0.101262	-0.8126140000000001	-0.5739390000000001	0.0	-0.9948040000000001	0.08884960000000001	0.049719	0.0	2.61349	1.63575	1.66157	0.359534	
0	0.159425	-0.145611	-0.976413	0.0	0.9858809999999999	-0.0278267	0.165121	0.0	-0.0512136	-0.988951	0.139119	0.0	-3.3473800000000002	-3.52334	-2.31128	0.145542	0.00877446	0.579746	-0.81475	0.0	-0.0978115	-0.810377	-0.577687	0.0	-0.995166	0.08476080000000001	0.049595	0.0	2.61651	1.6208	1.66155	0.35980500000000004	
0	0.174505	-0.0490161	-0.9834350000000001	0.0	0.9844040000000001	0.0312802	0.173118	0.0	0.022276499999999998	-0.998308	0.05371030000000001	0.0	-3.61484	-3.5059699999999996	-2.1857599999999997	0.145261	-0.0075807	0.586234	-0.810106	0.0	-0.0738557	-0.808245	-0.584196	0.0	-0.99724	0.0554024	0.0494236	0.0	2.62367	1.56827	1.64852	0.36056	
0	0.200799	0.057489	-0.977944	0.0	0.971511	0.116594	0.20633200000000002	0.0	0.125885	-0.9915139999999999	-0.0324391	0.0	-3.4677300000000004	-2.74283	-1.9879200000000001	0.14540999999999998	-0.0182233	0.577101	-0.81647	0.0	-0.012477	-0.816673	-0.576966	0.0	-0.999756	-0.00032708	0.0220827	0.0	2.63168	1.50821	1.58779	0.36189499999999997	
0	0.203769	0.104224	-0.973456	0.0	0.965666	0.142263	0.21736999999999998	0.0	0.161142	-0.9843270000000001	-0.0716569	0.0	-3.4043900000000002	-2.35107	-1.84792	0.14549	-0.028565499999999997	0.569612	-0.821417	0.0	0.022444099999999998	-0.8211799999999999	-0.570228	0.0	-0.99934	-0.0347247	0.0106728	0.0	2.63236	1.47371	1.5547799999999998	0.362269	
0	0.204315	0.184995	-0.961266	0.0	0.9394049999999999	0.23908200000000002	0.24568	0.0	0.275271	-0.9532139999999999	-0.12493699999999999	0.0	-3.1945099999999997	-1.6825599999999998	-1.61933	0.145343	-0.0470769	0.565377	-0.8234879999999999	0.0	0.0776224	-0.819839	-0.567308	0.0	-0.995871	-0.0906283	-0.00529046	0.0	2.64155	1.38975	1.49264	0.362561	
0	0.19626400000000002	0.215325	-0.956617	0.0	0.927588	0.275521	0.252326	0.0	0.3179	-0.9368690000000001	-0.14565799999999998	0.0	-3.11537	-1.4397799999999998	-1.53	0.14543699999999998	-0.059102499999999995	0.567484	-0.82126	0.0	0.10890599999999999	-0.814122	-0.57039	0.0	-0.992293	-0.123152	-0.013686000000000002	0.0	2.65824	1.33648	1.47282	0.362527	
0	0.176228	0.261036	-0.9491069999999999	0.0	0.895927	0.356865	0.26450300000000004	0.0	0.407748	-0.896943	-0.17098	0.0	-2.9401200000000003	-0.9934	-1.31851	0.145321	-0.0884414	0.580496	-0.809446	0.0	0.187778	-0.788343	-0.585879	0.0	-0.9782219999999999	-0.203812	-0.0392819	0.0	2.74266	1.21481	1.40615	0.362665	
0	0.17343	0.26816100000000004	-0.947635	0.0	0.870828	0.407654	0.274731	0.0	0.45997899999999997	-0.8728739999999999	-0.162823	0.0	-2.79997	-0.804838	-1.15519	0.145452	-0.0980002	0.582162	-0.807145	0.0	0.233474	-0.774965	-0.587299	0.0	-0.967412	-0.24600300000000003	-0.0599731	0.0	2.79861	1.16755	1.34487	0.362706	
0	0.186533	0.26837	-0.945084	0.0	0.8510700000000001	0.436429	0.291908	0.0	0.49080100000000004	-0.8587819999999999	-0.146993	0.0	-2.6814299999999998	-0.718708	-0.995167	0.145327	-0.10840899999999999	0.573995	-0.811651	0.0	0.255457	-0.7729600000000001	-0.580753	0.0	-0.960723	-0.270301	-0.0628352	0.0	2.81521	1.1319	1.32081	0.363008	
4	0.207846	0.26335	-0.9420440000000001	0.0	0.830909	0.460636	0.312098	0.0	0.516131	-0.847621	-0.12307799999999999	0.0	-2.56481	-0.694365	-0.823132	0.145452	-0.118626	0.564231	-0.817051	0.0	0.285614	-0.768694	-0.5723050000000001	0.0	-0.950974	-0.301252	-0.069965	0.0	2.82936	1.0701	1.29788	0.363106	
4	0.22385700000000003	0.258178	-0.9398040000000001	0.0	0.819434	0.47219300000000003	0.324903	0.0	0.527652	-0.8428389999999999	-0.10585599999999999	0.0	-2.48881	-0.70668	-0.737518	0.145516	-0.126985	0.561103	-0.817948	0.0	0.299047	-0.764597	-0.570932	0.0	-0.945751	-0.317105	-0.0707039	0.0	2.83871	1.0597	1.30151	0.363232	
4	0.2543	0.26011799999999996	-0.9314879999999999	0.0	0.8059529999999999	0.47538100000000005	0.35277800000000004	0.0	0.534576	-0.8404469999999999	-0.08875380000000001	0.0	-2.31212	-0.737296	-0.607294	0.145429	-0.13233699999999998	0.5457390000000001	-0.82744	0.0	0.325239	-0.764656	-0.556347	0.0	-0.936326	-0.34274	-0.0763034	0.0	2.87605	1.1285399999999999	1.3144799999999999	0.362953	
4	0.26316300000000004	0.26104499999999997	-0.9287629999999999	0.0	0.801199	0.47714399999999996	0.361127	0.0	0.537424	-0.83916	-0.0835822	0.0	-2.27984	-0.757359	-0.5789449999999999	0.145326	-0.131866	0.534565	-0.834777	0.0	0.330731	-0.77015	-0.545424	0.0	-0.934467	-0.348009	-0.0752412	0.0	2.8867700000000003	1.1676	1.32124	0.362728	
4	0.277495	0.271794	-0.92148	0.0	0.797409	0.46981000000000006	0.378705	0.0	0.53585	-0.839885	-0.0863608	0.0	-2.24302	-0.778676	-0.59242	0.145429	-0.134742	0.533971	-0.8346969999999999	0.0	0.333812	-0.768677	-0.545623	0.0	-0.93296	-0.35215	-0.074673	0.0	2.89377	1.33717	1.3876	0.36251500000000003	
4	0.280505	0.272913	-0.9202370000000001	0.0	0.7978350000000001	0.46672600000000003	0.38161100000000003	0.0	0.533645	-0.84124	-0.0868208	0.0	-2.2515	-0.7940729999999999	-0.614458	0.145426	-0.141237	0.540556	-0.829368	0.0	0.339645	-0.76046	-0.553483	0.0	-0.929889	-0.359863	-0.0761923	0.0	2.9138900000000003	1.44405	1.40567	0.362764	
4	0.279997	0.27253	-0.9205049999999999	0.0	0.796539	0.46925200000000006	0.38121900000000003	0.0	0.535842	-0.839958	-0.0856922	0.0	-2.25944	-0.808473	-0.621296	0.145428	-0.150827	0.546028	-0.8240780000000001	0.0	0.349657	-0.750261	-0.561113	0.0	-0.924658	-0.372775	-0.077763	0.0	2.9239599999999997	1.50661	1.4134	0.362914	
4	0.279951	0.272527	-0.9205200000000001	0.0	0.797952	0.467063	0.380952	0.0	0.53376	-0.8411790000000001	-0.0867088	0.0	-2.25884	-0.807499	-0.62053	0.145428	-0.151199	0.546158	-0.823924	0.0	0.350019	-0.7499239999999999	-0.561338	0.0	-0.9244600000000001	-0.373263	-0.0777781	0.0	2.92334	1.50314	1.4125299999999998	0.36293400000000003	
4	0.279941	0.27253299999999997	-0.9205209999999999	0.0	0.798068	0.466884	0.38093	0.0	0.533593	-0.841276	-0.0867996	0.0	-2.2587900000000003	-0.807433	-0.6204770000000001	0.145428	-0.15118499999999999	0.546161	-0.823924	0.0	0.349997	-0.749935	-0.561337	0.0	-0.9244700000000001	-0.373236	-0.077776	0.0	2.92331	1.5029	1.4124700000000001	0.362935	
4	0.279942	0.27253299999999997	-0.9205209999999999	0.0	0.798068	0.466884	0.38093	0.0	0.533593	-0.841276	-0.08679939999999998	0.0	-2.2587900000000003	-0.8074319999999999	-0.620476	0.145429	-0.15118499999999999	0.546161	-0.823924	0.0	0.349997	-0.749935	-0.561338	0.0	-0.9244700000000001	-0.373236	-0.07777619999999999	0.0	2.92331	1.5029	1.4124700000000001	0.362935	
4	0.279942	0.27253299999999997	-0.9205209999999999	0.0	0.798068	0.466884	0.38093	0.0	0.533592	-0.841276	-0.08679930000000001	0.0	-2.2587900000000003	-0.807433	-0.620476	0.145429	-0.15118499999999999	0.546161	-0.823924	0.0	0.349997	-0.749935	-0.561338	0.0	-0.9244700000000001	-0.373236	-0.07777610000000001	0.0	2.92331	1.5029	1.4124700000000001	0.362935	
4	0.27996	0.272504	-0.920524	0.0	0.798114	0.466811	0.380922	0.0	0.533514	-0.841326	-0.0868002	0.0	-2.25885	-0.807465	-0.620466	0.14532899999999999	-0.15118499999999999	0.546161	-0.823924	0.0	0.349997	-0.749935	-0.561338	0.0	-0.9244700000000001	-0.373236	-0.07777610000000001	0.0	2.92331	1.5029	1.4124700000000001	0.362935	
4	0.27996	0.272504	-0.920524	0.0	0.798114	0.466811	0.380922	0.0	0.533514	-0.841326	-0.08680030000000001	0.0	-2.25885	-0.807466	-0.620466	0.14532899999999999	-0.15118499999999999	0.546161	-0.823924	0.0	0.349997	-0.749935	-0.561338	0.0	-0.9244700000000001	-0.373236	-0.07777619999999999	0.0	2.92331	1.5029	1.4124700000000001	0.362935	
4	0.27996	0.272504	-0.920524	0.0	0.798114	0.466811	0.380922	0.0	0.533514	-0.841326	-0.08680030000000001	0.0	-2.25885	-0.807465	-0.620466	0.14532899999999999	-0.15118499999999999	0.546161	-0.823924	0.0	0.349997	-0.749935	-0.561338	0.0	-0.9244700000000001	-0.373236	-0.07777619999999999	0.0	2.92331	1.5029	1.4124700000000001	0.362935	
4	0.279942	0.27253299999999997	-0.9205209999999999	0.0	0.798068	0.466884	0.38093	0.0	0.533592	-0.841276	-0.08679930000000001	0.0	-2.2587900000000003	-0.807433	-0.620476	0.145429	-0.15118499999999999	0.546161	-0.823924	0.0	0.349997	-0.749935	-0.561338	0.0	-0.9244700000000001	-0.373237	-0.07777619999999999	0.0	2.92331	1.5029	1.4124700000000001	0.362935	
4	0.279942	0.27253299999999997	-0.9205209999999999	0.0	0.798068	0.466884	0.38093	0.0	0.533592	-0.841276	-0.0867991	0.0	-2.2587900000000003	-0.807433	-0.6204770000000001	0.145428	-0.15118499999999999	0.546161	-0.823924	0.0	0.349997	-0.749935	-0.561338	0.0	-0.9244700000000001	-0.373237	-0.07777619999999999	0.0	2.92331	1.5029	1.4124700000000001	0.362935	
4	0.27996	0.272503	-0.920524	0.0	0.798114	0.466812	0.380922	0.0	0.533514	-0.841326	-0.0868001	0.0	-2.25885	-0.807465	-0.620466	0.14532899999999999	-0.15118499999999999	0.546161	-0.823924	0.0	0.349997	-0.749935	-0.561338	0.0	-0.9244700000000001	-0.373237	-0.07777619999999999	0.0	2.92331	1.5029	1.4124700000000001	0.362935	
4	0.279942	0.27253299999999997	-0.9205209999999999	0.0	0.798067	0.466884	0.38093	0.0	0.533593	-0.841276	-0.0867996	0.0	-2.2587900000000003	-0.807433	-0.6204770000000001	0.14543	-0.15118499999999999	0.546161	-0.823924	0.0	0.349997	-0.749935	-0.561338	0.0	-0.9244700000000001	-0.373237	-0.07777619999999999	0.0	2.92331	1.5029	1.4124700000000001	0.362935	
4	0.279941	0.27253299999999997	-0.9205209999999999	0.0	0.798068	0.466884	0.38093	0.0	0.533592	-0.841276	-0.08679980000000001	0.0	-2.2587900000000003	-0.807433	-0.620476	0.145429	-0.15118499999999999	0.546161	-0.823924	0.0	0.349997	-0.749935	-0.561338	0.0	-0.9244700000000001	-0.373237	-0.07777619999999999	0.0	2.92331	1.5029	1.4124700000000001	0.362935	
4	0.279941	0.27253299999999997	-0.9205209999999999	0.0	0.798068	0.466884	0.380929	0.0	0.533592	-0.841276	-0.08679930000000001	0.0	-2.2587900000000003	-0.807433	-0.6204770000000001	0.145429	-0.15118499999999999	0.546161	-0.823924	0.0	0.349997	-0.749935	-0.561338	0.0	-0.9244700000000001	-0.373237	-0.07777619999999999	0.0	2.92331	1.5029	1.4124700000000001	0.362935	
4	0.27996	0.272503	-0.920524	0.0	0.798114	0.466811	0.380922	0.0	0.533514	-0.841326	-0.0868	0.0	-2.25885	-0.807465	-0.620466	0.14532899999999999	-0.15118499999999999	0.546161	-0.823924	0.0	0.349997	-0.749935	-0.561338	0.0	-0.9244700000000001	-0.373237	-0.07777619999999999	0.0	2.92331	1.5029	1.4124700000000001	0.362935	
4	0.27996	0.272503	-0.920524	0.0	0.798114	0.466811	0.380922	0.0	0.533514	-0.841326	-0.0868	0.0	-2.25885	-0.807465	-0.620466	0.14532899999999999	-0.15118499999999999	0.546161	-0.823924	0.0	0.349997	-0.749935	-0.561338	0.0	-0.9244700000000001	-0.373237	-0.07777619999999999	0.0	2.92331	1.5029	1.4124700000000001	0.362935	
4	0.27996	0.272503	-0.920524	0.0	0.798114	0.466811	0.380922	0.0	0.533514	-0.841326	-0.08679989999999999	0.0	-2.25885	-0.807466	-0.620466	0.14532899999999999	-0.15118499999999999	0.546161	-0.823924	0.0	0.349997	-0.749935	-0.561338	0.0	-0.9244700000000001	-0.373237	-0.07777619999999999	0.0	2.92331	1.5029	1.4124700000000001	0.362935	
4	0.27996	0.272504	-0.920524	0.0	0.798114	0.466811	0.380922	0.0	0.533514	-0.841326	-0.0868005	0.0	-2.25885	-0.807465	-0.620466	0.14532899999999999	-0.15118499999999999	0.546161	-0.823924	0.0	0.349997	-0.749935	-0.561338	0.0	-0.9244700000000001	-0.373237	-0.07777619999999999	0.0	2.92331	1.5029	1.4124700000000001	0.362935	
4	0.279942	0.27253299999999997	-0.9205209999999999	0.0	0.798068	0.466884	0.38093	0.0	0.533593	-0.841276	-0.08679939999999998	0.0	-2.2587900000000003	-0.807433	-0.620476	0.145428	-0.15118499999999999	0.546161	-0.823924	0.0	0.349997	-0.749935	-0.561338	0.0	-0.9244700000000001	-0.373237	-0.07777619999999999	0.0	2.92331	1.5029	1.4124700000000001	0.362935	
4	0.27996	0.272504	-0.920524	0.0	0.798114	0.466811	0.380922	0.0	0.533514	-0.841326	-0.0868	0.0	-2.25885	-0.807465	-0.620466	0.14532899999999999	-0.15118499999999999	0.546161	-0.823924	0.0	0.349997	-0.749935	-0.561338	0.0	-0.9244700000000001	-0.373237	-0.07777619999999999	0.0	2.92331	1.5029	1.4124700000000001	0.362935	
4	0.27996	0.272504	-0.920524	0.0	0.798114	0.466812	0.380922	0.0	0.533514	-0.841326	-0.08680030000000001	0.0	-2.25885	-0.807466	-0.620466	0.14532899999999999	-0.15118499999999999	0.546161	-0.823924	0.0	0.349997	-0.749935	-0.561338	0.0	-0.9244700000000001	-0.373237	-0.07777619999999999	0.0	2.92331	1.5029	1.4124700000000001	0.362935	
4	0.279942	0.27253299999999997	-0.9205209999999999	0.0	0.798068	0.466884	0.38093	0.0	0.533593	-0.841276	-0.08679939999999998	0.0	-2.2587900000000003	-0.807433	-0.620476	0.145428	-0.15118499999999999	0.546161	-0.823924	0.0	0.349997	-0.749935	-0.561338	0.0	-0.9244700000000001	-0.373237	-0.07777619999999999	0.0	2.92331	1.5029	1.4124700000000001	0.362935	
4	0.279942	0.27253299999999997	-0.9205209999999999	0.0	0.798068	0.466884	0.38093	0.0	0.533592	-0.841276	-0.08679930000000001	0.0	-2.2587900000000003	-0.807433	-0.620476	0.145429	-0.15118499999999999	0.546161	-0.823924	0.0	0.349997	-0.749935	-0.561338	0.0	-0.9244700000000001	-0.373237	-0.07777619999999999	0.0	2.92331	1.5029	1.4124700000000001	0.362935	
4	0.279942	0.27253299999999997	-0.9205209999999999	0.0	0.798068	0.466884	0.38093	0.0	0.533592	-0.841276	-0.0867997	0.0	-2.2587900000000003	-0.807433	-0.620476	0.145429	-0.15118499999999999	0.546161	-0.823924	0.0	0.349997	-0.749935	-0.561338	0.0	-0.9244700000000001	-0.373237	-0.07777619999999999	0.0	2.92331	1.5029	1.4124700000000001	0.362935	
4	0.279941	0.27253299999999997	-0.9205209999999999	0.0	0.798068	0.466884	0.380929	0.0	0.533592	-0.841276	-0.0867995	0.0	-2.2587900000000003	-0.807433	-0.620476	0.145428	-0.15118499999999999	0.546161	-0.823924	0.0	0.349997	-0.749935	-0.561338	0.0	-0.9244700000000001	-0.373237	-0.07777619999999999	0.0	2.92331	1.5029	1.4124700000000001	0.362935	
4	0.279941	0.27253299999999997	-0.9205209999999999	0.0	0.798068	0.466884	0.38093	0.0	0.533593	-0.841276	-0.0867996	0.0	-2.2587900000000003	-0.807433	-0.620476	0.145429	-0.15118499999999999	0.546161	-0.823924	0.0	0.349997	-0.749935	-0.561338	0.0	-0.9244700000000001	-0.373237	-0.07777619999999999	0.0	2.92331	1.5029	1.4124700000000001	0.362935	
4	0.279941	0.27253299999999997	-0.9205209999999999	0.0	0.798068	0.466884	0.380929	0.0	0.533593	-0.841276	-0.08679939999999998	0.0	-2.2587900000000003	-0.807433	-0.620476	0.145428	-0.15118499999999999	0.546161	-0.823924	0.0	0.349997	-0.749935	-0.561338	0.0	-0.9244700000000001	-0.373237	-0.07777619999999999	0.0	2.92331	1.5029	1.4124700000000001	0.362935	
4	0.27996	0.272503	-0.920524	0.0	0.798114	0.466811	0.380922	0.0	0.533514	-0.841326	-0.08679989999999999	0.0	-2.25885	-0.807465	-0.620466	0.14532799999999998	-0.15118499999999999	0.546161	-0.823924	0.0	0.349997	-0.749935	-0.561338	0.0	-0.9244700000000001	-0.373237	-0.07777619999999999	0.0	2.92331	1.5029	1.4124700000000001	0.362935	
4	0.27996	0.272504	-0.920524	0.0	0.798114	0.466812	0.380922	0.0	0.533514	-0.841326	-0.0868002	0.0	-2.25885	-0.807465	-0.620466	0.14532899999999999	-0.15118499999999999	0.546161	-0.823924	0.0	0.349997	-0.749935	-0.561338	0.0	-0.9244700000000001	-0.373237	-0.07777619999999999	0.0	2.92331	1.5029	1.4124700000000001	0.362935	
4	0.27728800000000003	0.22746100000000002	-0.933473	0.0	0.791602	0.496522	0.356134	0.0	0.544497	-0.837691	-0.0423787	0.0	-2.29605	-0.8457819999999999	-0.636141	0.14532799999999998	-0.338843	0.6338239999999999	-0.695308	0.0	0.273633	-0.64069	-0.717385	0.0	-0.900172	-0.43333999999999995	0.043657999999999995	0.0	2.88607	1.54756	1.47704	0.363998	
4	0.27663899999999997	0.227556	-0.933643	0.0	0.790946	0.497875	0.355705	0.0	0.54578	-0.8368629999999999	-0.0422531	0.0	-2.2924599999999997	-0.848561	-0.637142	0.145332	-0.348166	0.6521979999999999	-0.6733640000000001	0.0	0.254777	-0.6254350000000001	-0.737509	0.0	-0.9021469999999999	-0.428334	0.0515899	0.0	2.8647400000000003	1.55049	1.47119	0.363987	
4	0.275365	0.227454	-0.9340440000000001	0.0	0.79089	0.498741	0.354613	0.0	0.546504	-0.836375	-0.042555199999999994	0.0	-2.2920599999999998	-0.8475159999999999	-0.639302	0.145326	-0.35426199999999997	0.6582060000000001	-0.664277	0.0	0.24966300000000002	-0.617992	-0.7454890000000001	0.0	-0.9012030000000001	-0.42994399999999994	0.0546011	0.0	2.8582	1.5308899999999999	1.4411	0.363982	
4	0.27327199999999996	0.22851	-0.934401	0.0	0.787701	0.504391	0.353718	0.0	0.552132	-0.8326899999999999	-0.042161800000000006	0.0	-2.28891	-0.848417	-0.643334	0.145431	-0.355412	0.675592	-0.6459560000000001	0.0	0.23606999999999997	-0.6037939999999999	-0.761383	0.0	-0.904408	-0.423095	0.055108000000000004	0.0	2.8264299999999998	1.4290399999999999	1.2105	0.364025	
4	0.27428600000000003	0.23043400000000003	-0.933631	0.0	0.784787	0.507456	0.35580500000000004	0.0	0.555767	-0.8302940000000001	-0.0416541	0.0	-2.2814799999999997	-0.8540139999999999	-0.646893	0.14543	-0.36980999999999997	0.670443	-0.643231	0.0	0.236443	-0.601608	-0.762996	0.0	-0.898518	-0.434251	0.0639594	0.0	2.78151	1.32595	1.0689	0.363994	
4	0.282499	0.244338	-0.9276280000000001	0.0	0.777386	0.508245	0.37061700000000003	0.0	0.562018	-0.825824	-0.046366000000000004	0.0	-2.25869	-0.8811399999999999	-0.691846	0.145452	-0.353294	0.649614	-0.673191	0.0	0.269252	-0.61854	-0.738182	0.0	-0.8959280000000001	-0.442053	0.0436161	0.0	2.46283	0.9305530000000001	0.43249	0.363989	
4	0.29022	0.256813	-0.9218569999999999	0.0	0.774518	0.502743	0.38389	0.0	0.562045	-0.825407	-0.053	0.0	-2.24605	-0.895492	-0.736075	0.145522	-0.34834699999999996	0.626606	-0.6971510000000001	0.0	0.28933000000000003	-0.635544	-0.715802	0.0	-0.8915959999999999	-0.451054	0.040093800000000006	0.0	2.2654799999999997	0.739266	0.16581400000000002	0.363964	
4	0.322176	0.303539	-0.896698	0.0	0.75995	0.48190200000000005	0.436172	0.0	0.564516	-0.8219700000000001	-0.0754175	0.0	-2.14855	-0.974485	-0.891797	0.145327	-0.34121599999999996	0.535104	-0.77281	0.0	0.355085	-0.687858	-0.633061	0.0	-0.870337	-0.49042399999999997	0.044701	0.0	1.77253	0.158295	-0.42497299999999993	0.364036	
4	0.35795	0.34922800000000004	-0.865974	0.0	0.725896	0.47927200000000003	0.493329	0.0	0.587322	-0.805194	-0.08194739999999999	0.0	-2.01264	-1.08874	-1.05523	0.145424	-0.309667	0.45943500000000004	-0.8324819999999999	0.0	0.358883	-0.754286	-0.549778	0.0	-0.880517	-0.469012	0.0686938	0.0	1.40315	-0.26145999999999997	-0.748143	0.363979	
4	0.39668000000000003	0.402072	-0.825217	0.0	0.691204	0.46073100000000006	0.5567439999999999	0.0	0.604054	-0.791243	-0.0951509	0.0	-1.86287	-1.21395	-1.25065	0.14545	-0.243073	0.381121	-0.891999	0.0	0.358784	-0.819038	-0.447718	0.0	-0.901216	-0.428863	0.0623459	0.0	1.1058299999999999	-0.482426	-0.9768979999999999	0.363966	
4	0.43304899999999996	0.458529	-0.7760279999999999	0.0	0.66981	0.412423	0.617464	0.0	0.6031770000000001	-0.787184	-0.128528	0.0	-1.7058	-1.3739299999999999	-1.51954	0.145331	-0.19161	0.32848099999999997	-0.9248709999999999	0.0	0.339806	-0.861848	-0.37649699999999997	0.0	-0.9207700000000001	-0.386417	0.053518399999999994	0.0	0.813683	-0.6158170000000001	-1.1564299999999998	0.36399899999999996	
