0	0.18398699999999998	0.80991	-0.556951	0.0	0.5465409999999999	0.38666	0.7428239999999999	0.0	0.816971	-0.44106599999999996	-0.37150900000000003	0.0	-2.75952	1.99459	1.35911	0.0	-0.12206900000000001	0.844469	-0.521509	0.0	0.38053899999999996	-0.445463	-0.810403	0.0	-0.916673	-0.29738000000000003	-0.26697600000000005	0.0	2.59463	2.0003	1.47845	-1.92579e-05	
0	0.00313654	0.817184	-0.576368	0.0	0.436042	0.517573	0.736197	0.0	0.8999209999999999	-0.25363	-0.35470300000000005	0.0	-2.82943	1.8037	1.36506	0.0	0.18940099999999999	0.8215819999999999	-0.537709	0.0	0.031067400000000002	-0.552361	-0.833026	0.0	-0.981408	0.141071	-0.130142	0.0	2.59279	1.77771	1.4684700000000002	0.0	
0	-0.09599760000000002	0.794762	-0.5992810000000001	0.0	0.363188	0.588521	0.722314	0.0	0.9267569999999999	-0.148311	-0.345144	0.0	-2.7604900000000003	1.79181	1.22611	0.362696	0.20825300000000002	0.788956	-0.578083	0.0	-0.026048599999999998	-0.586358	-0.809633	0.0	-0.977728	0.183667	-0.10156	0.0	2.61179	1.82713	1.40891	0.355074	
0	-0.09634169999999999	0.795567	-0.5981569999999999	0.0	0.370166	0.586487	0.720424	0.0	0.9239569999999999	-0.15200999999999998	-0.35099400000000003	0.0	-2.6407599999999998	1.8304900000000002	1.20659	0.360092	0.200475	0.815454	-0.542996	0.0	0.00732887	-0.55548	-0.8314969999999999	0.0	-0.979672	0.162715	-0.117336	0.0	2.60649	1.86644	1.43401	0.360846	
0	0.07625169999999999	0.839377	-0.538175	0.0	0.457683	0.45006	0.766794	0.0	0.88584	-0.30478299999999997	-0.349851	0.0	-2.60616	1.7999900000000002	1.3260299999999998	0.36001500000000003	0.10977999999999999	0.883734	-0.45493199999999995	0.0	0.120376	-0.46615	-0.8764780000000001	0.0	-0.98664	0.041456900000000005	-0.157554	0.0	2.63115	1.7874400000000001	1.4914100000000001	0.36248400000000003	
0	0.205195	0.8489979999999999	-0.486926	0.0	0.493475	0.339897	0.800595	0.0	0.845209	-0.404564	-0.349215	0.0	-2.60921	1.70576	1.35626	0.360242	0.030255400000000002	0.909014	-0.41566499999999995	0.0	0.199165	-0.412999	-0.8886870000000001	0.0	-0.979499	-0.055898199999999995	-0.19353900000000002	0.0	2.63027	1.6223299999999998	1.4892100000000001	0.362811	
0	0.29431799999999997	0.840026	-0.45577700000000004	0.0	0.512359	0.26389	0.817221	0.0	0.806762	-0.47404399999999997	-0.352727	0.0	-2.60933	1.62061	1.3208	0.360296	-0.00180906	0.9137139999999999	-0.406354	0.0	0.244168	-0.393652	-0.8862389999999999	0.0	-0.9697309999999999	-0.10082200000000001	-0.222388	0.0	2.63504	1.53084	1.46385	0.363451	
0	0.369196	0.816346	-0.444155	0.0	0.5366529999999999	0.20291800000000002	0.819041	0.0	0.758748	-0.540744	-0.36317699999999997	0.0	-2.61542	1.46599	1.21605	0.361011	-0.029389	0.911216	-0.410879	0.0	0.306585	-0.38302600000000003	-0.871376	0.0	-0.95139	-0.151578	-0.268108	0.0	2.6459599999999996	1.37665	1.3658299999999999	0.36401100000000003	
0	0.42773599999999995	0.789003	-0.44104	0.0	0.5634319999999999	0.148809	0.81265	0.0	0.706815	-0.5960949999999999	-0.380898	0.0	-2.66045	1.28785	1.02338	0.361471	-0.042397500000000005	0.8983180000000001	-0.437296	0.0	0.369358	-0.39258899999999997	-0.8422879999999999	0.0	-0.92832	-0.19723	-0.315156	0.0	2.64887	1.19084	1.21025	0.363965	
0	0.460329	0.7583479999999999	-0.461525	0.0	0.590407	0.12672	0.797096	0.0	0.66296	-0.639414	-0.389401	0.0	-2.73096	1.1069200000000001	0.822274	0.362554	-0.0473058	0.885682	-0.461876	0.0	0.41112	-0.40415	-0.817095	0.0	-0.9103530000000001	-0.228539	-0.345003	0.0	2.64563	0.99066	1.05225	0.363998	
0	0.490741	0.7204699999999999	-0.489996	0.0	0.607143	0.120598	0.785387	0.0	0.6249399999999999	-0.68292	-0.378246	0.0	-2.75169	0.8882059999999999	0.623017	0.362552	-0.0690064	0.867439	-0.49273500000000003	0.0	0.439751	-0.416889	-0.795501	0.0	-0.895465	-0.27157600000000004	-0.352689	0.0	2.57107	0.782288	0.9275049999999999	0.36395	
0	0.5030100000000001	0.7224470000000001	-0.47439499999999996	0.0	0.59036	0.11368199999999999	0.799094	0.0	0.631233	-0.682017	-0.369321	0.0	-2.70578	0.753784	0.483	0.36195900000000003	-0.0724814	0.870481	-0.486835	0.0	0.445558	-0.40844400000000003	-0.796651	0.0	-0.892315	-0.27465500000000004	-0.358245	0.0	2.49715	0.676212	0.841715	0.36397199999999996	
0	0.544255	0.703574	-0.45691400000000004	0.0	0.5820609999999999	0.0755319	0.8096300000000001	0.0	0.604146	-0.706597	-0.36841399999999996	0.0	-2.63592	0.619967	0.381343	0.361966	-0.099035	0.8691610000000001	-0.484512	0.0	0.493476	-0.379917	-0.782397	0.0	-0.8641030000000001	-0.316579	-0.391285	0.0	2.45813	0.543335	0.737962	0.36397199999999996	
0	0.578436	0.675987	-0.456567	0.0	0.586336	0.0445754	0.808841	0.0	0.567118	-0.735564	-0.37057199999999996	0.0	-2.6569700000000003	0.285881	0.0495769	0.362071	-0.10263399999999999	0.860606	-0.49882200000000004	0.0	0.537538	-0.37395900000000004	-0.755783	0.0	-0.8369700000000001	-0.34570500000000004	-0.424227	0.0	2.47035	0.31450700000000004	0.497486	0.363977	
0	0.598841	0.6614909999999999	-0.451463	0.0	0.58172	0.028174	0.812901	0.0	0.550447	-0.749423	-0.367931	0.0	-2.69886	-0.108258	-0.368983	0.36158	-0.11922200000000001	0.846447	-0.518954	0.0	0.573802	-0.367816	-0.731753	0.0	-0.8102699999999999	-0.38501799999999997	-0.441841	0.0	2.4485900000000003	-0.0575054	0.188399	0.3639	
0	0.603216	0.659091	-0.449144	0.0	0.57677	0.028476299999999996	0.8164100000000001	0.0	0.550879	-0.751524	-0.362967	0.0	-2.71886	-0.281663	-0.584795	0.360775	-0.128928	0.8339219999999999	-0.536611	0.0	0.571033	-0.379974	-0.727696	0.0	-0.81074	-0.40024299999999996	-0.427208	0.0	2.39922	-0.301215	0.019125299999999998	0.363602	
0	0.596237	0.662986	-0.452715	0.0	0.5723	0.0444556	0.8188380000000001	0.0	0.563004	-0.747311	-0.352921	0.0	-2.72257	-0.370827	-0.682679	0.360148	-0.132025	0.824641	-0.550034	0.0	0.5609649999999999	-0.395328	-0.7273470000000001	0.0	-0.817244	-0.404578	-0.41040200000000004	0.0	2.30666	-0.4325	-0.035364	0.363512	
0	0.593283	0.662158	-0.457779	0.0	0.571238	0.054376999999999995	0.8189810000000001	0.0	0.567188	-0.7473890000000001	-0.345989	0.0	-2.70777	-0.40573000000000004	-0.707779	0.359535	-0.129956	0.8190689999999999	-0.558782	0.0	0.5566479999999999	-0.406099	-0.724725	0.0	-0.820521	-0.405227	-0.403158	0.0	2.2582400000000002	-0.462591	-0.0331835	0.363266	
0	0.589112	0.660033	-0.466158	0.0	0.574738	0.06325130000000001	0.8158890000000001	0.0	0.567999	-0.7485689999999999	-0.342084	0.0	-2.69793	-0.394777	-0.720635	0.35921	-0.129307	0.810508	-0.571276	0.0	0.556546	-0.417495	-0.7183	0.0	-0.820693	-0.41082299999999994	-0.3971	0.0	2.20835	-0.44071099999999996	0.0199835	0.363131	
0	0.573227	0.661579	-0.48345	0.0	0.582976	0.08532360000000001	0.8079970000000001	0.0	0.575804	-0.745005	-0.336775	0.0	-2.71298	-0.32916100000000004	-0.6584270000000001	0.358888	-0.12807000000000002	0.800188	-0.585916	0.0	0.556821	-0.43086599999999997	-0.710145	0.0	-0.8207	-0.41719799999999996	-0.390381	0.0	2.19938	-0.362802	0.0903933	0.362771	
0	0.562138	0.665489	-0.491044	0.0	0.587989	0.0959524	0.803158	0.0	0.5816100000000001	-0.740214	-0.337362	0.0	-2.71205	-0.3029	-0.628604	0.358629	-0.12671400000000002	0.799713	-0.586859	0.0	0.55494	-0.43322700000000003	-0.7101810000000001	0.0	-0.822183	-0.41566099999999995	-0.388897	0.0	2.21123	-0.340473	0.0990998	0.362625	
0	0.562283	0.665425	-0.49096599999999996	0.0	0.5879220000000001	0.095841	0.8032199999999999	0.0	0.581537	-0.740286	-0.337329	0.0	-2.71203	-0.303588	-0.629441	0.358632	-0.126707	0.799719	-0.586852	0.0	0.5549609999999999	-0.433213	-0.7101729999999999	0.0	-0.8221700000000001	-0.41566400000000003	-0.388922	0.0	2.2109799999999997	-0.341092	0.0987834	0.362628	
0	0.562284	0.665424	-0.490965	0.0	0.587921	0.09584019999999999	0.803221	0.0	0.581537	-0.740287	-0.337328	0.0	-2.71203	-0.303591	-0.629447	0.358633	-0.126707	0.799719	-0.586852	0.0	0.5549609999999999	-0.433213	-0.710172	0.0	-0.8221700000000001	-0.41566400000000003	-0.388922	0.0	2.21097	-0.341095	0.0987817	0.362628	
0	0.562284	0.665424	-0.490965	0.0	0.587921	0.09584019999999999	0.803221	0.0	0.581537	-0.7402880000000001	-0.337328	0.0	-2.71203	-0.303591	-0.629448	0.358633	-0.126707	0.799719	-0.586852	0.0	0.5549609999999999	-0.433213	-0.710172	0.0	-0.8221700000000001	-0.41566400000000003	-0.388921	0.0	2.21097	-0.341095	0.0987818	0.362628	
0	0.562284	0.665424	-0.490965	0.0	0.587921	0.09584019999999999	0.803221	0.0	0.581537	-0.740287	-0.337327	0.0	-2.71203	-0.303591	-0.629447	0.358633	-0.126707	0.799719	-0.586852	0.0	0.5549609999999999	-0.433213	-0.710172	0.0	-0.8221700000000001	-0.41566400000000003	-0.388921	0.0	2.21097	-0.341095	0.0987816	0.362628	
0	0.562284	0.665424	-0.490965	0.0	0.587921	0.09584019999999999	0.803221	0.0	0.581537	-0.740287	-0.337328	0.0	-2.71203	-0.303591	-0.629447	0.358633	-0.126707	0.799719	-0.586852	0.0	0.5549609999999999	-0.433213	-0.710172	0.0	-0.8221700000000001	-0.41566400000000003	-0.388922	0.0	2.21097	-0.341095	0.09878189999999999	0.362628	
0	0.562284	0.665424	-0.490965	0.0	0.587921	0.09584019999999999	0.803221	0.0	0.581537	-0.740287	-0.337328	0.0	-2.71203	-0.303591	-0.629448	0.358633	-0.126707	0.799719	-0.586852	0.0	0.5549609999999999	-0.433213	-0.710172	0.0	-0.8221700000000001	-0.41566400000000003	-0.388922	0.0	2.21097	-0.341095	0.0987816	0.362628	
0	0.562284	0.665424	-0.490965	0.0	0.587921	0.09584019999999999	0.803221	0.0	0.581537	-0.740287	-0.337328	0.0	-2.71203	-0.303591	-0.629448	0.358632	-0.126707	0.799719	-0.586852	0.0	0.5549609999999999	-0.433213	-0.710172	0.0	-0.8221700000000001	-0.41566400000000003	-0.388922	0.0	2.21097	-0.341095	0.09878189999999999	0.362628	
0	0.562284	0.665424	-0.490965	0.0	0.587921	0.09584019999999999	0.803221	0.0	0.581537	-0.740287	-0.337328	0.0	-2.71203	-0.303591	-0.629448	0.358633	-0.126707	0.799719	-0.586852	0.0	0.5549609999999999	-0.433213	-0.710172	0.0	-0.8221700000000001	-0.41566400000000003	-0.388922	0.0	2.21097	-0.341094	0.0987817	0.362628	
0	0.562284	0.665424	-0.490965	0.0	0.587921	0.09584019999999999	0.803221	0.0	0.581537	-0.740287	-0.337328	0.0	-2.71203	-0.303591	-0.629448	0.358633	-0.126707	0.799719	-0.586852	0.0	0.5549609999999999	-0.433213	-0.710172	0.0	-0.8221700000000001	-0.41566400000000003	-0.388922	0.0	2.21097	-0.341094	0.0987822	0.362627	
0	0.562284	0.665424	-0.490965	0.0	0.587921	0.09584019999999999	0.803221	0.0	0.581537	-0.740287	-0.337328	0.0	-2.71203	-0.303591	-0.629448	0.358633	-0.126707	0.799719	-0.586852	0.0	0.5549609999999999	-0.433213	-0.710172	0.0	-0.8221700000000001	-0.41566400000000003	-0.388922	0.0	2.21097	-0.341095	0.09878200000000001	0.362628	
0	0.562284	0.665424	-0.490965	0.0	0.587921	0.09584019999999999	0.803221	0.0	0.581537	-0.740287	-0.337327	0.0	-2.71203	-0.303591	-0.629448	0.358633	-0.126707	0.799719	-0.586852	0.0	0.5549609999999999	-0.433213	-0.710172	0.0	-0.8221700000000001	-0.41566400000000003	-0.388922	0.0	2.21097	-0.341094	0.0987822	0.362628	
0	0.26552800000000004	0.8506299999999999	-0.453788	0.0	0.654842	0.186324	0.732438	0.0	0.707585	-0.491642	-0.507554	0.0	-2.80068	-0.378809	-0.797427	0.35731399999999996	0.050750300000000005	0.901954	-0.42883999999999994	0.0	0.431345	-0.407075	-0.805129	0.0	-0.900759	-0.144117	-0.40971199999999997	0.0	2.1632	-0.358062	0.06900099999999999	0.363992	
0	0.32955	0.8227450000000001	-0.463129	0.0	0.662964	0.1476	0.733957	0.0	0.672217	-0.548913	-0.496809	0.0	-2.88265	-0.5579850000000001	-0.979771	0.358699	0.0245642	0.907286	-0.419796	0.0	0.447288	-0.385521	-0.807036	0.0	-0.8940530000000001	-0.167945	-0.415288	0.0	2.14546	-0.45236099999999996	-0.0813947	0.36398800000000003	
0	0.392371	0.769525	-0.503862	0.0	0.676755	0.129466	0.724735	0.0	0.622935	-0.625356	-0.46998100000000004	0.0	-2.94538	-0.872358	-1.17851	0.360079	-0.0153757	0.9036620000000001	-0.427971	0.0	0.463143	-0.3729	-0.804018	0.0	-0.88615	-0.21057399999999998	-0.41279099999999996	0.0	2.11462	-0.580638	-0.267351	0.363987	
0	0.5149	0.697455	-0.498433	0.0	0.6493479999999999	0.0622717	0.757938	0.0	0.559666	-0.713918	-0.42082700000000006	0.0	-2.99593	-1.2151100000000001	-1.31825	0.361931	-0.0536745	0.9001129999999999	-0.43233699999999997	0.0	0.477426	-0.357136	-0.802819	0.0	-0.8770309999999999	-0.24949899999999997	-0.41056800000000004	0.0	2.07338	-0.770486	-0.462766	0.36396100000000003	
0	0.678779	0.557654	-0.47778699999999996	0.0	0.590938	-0.0285464	0.806212	0.0	0.43594799999999995	-0.8295819999999999	-0.348916	0.0	-3.0802400000000003	-1.6493400000000003	-1.4684	0.362711	-0.0874385	0.885392	-0.45654799999999995	0.0	0.471358	-0.366979	-0.8019649999999999	0.0	-0.877597	-0.28531999999999996	-0.38524899999999995	0.0	1.99354	-1.01544	-0.640515	0.36396999999999996	
0	0.788231	0.414024	-0.455276	0.0	0.525025	-0.066538	0.848482	0.0	0.320999	-0.9078309999999999	-0.26982	0.0	-3.1917	-2.09802	-1.6581400000000002	0.361835	-0.11470999999999999	0.870706	-0.478239	0.0	0.474675	-0.37485999999999997	-0.7963439999999999	0.0	-0.872654	-0.318357	-0.370302	0.0	1.90875	-1.24101	-0.8019729999999999	0.363975	
0	0.835525	0.300056	-0.46028800000000003	0.0	0.498774	-0.0627859	0.864455	0.0	0.230485	-0.9518530000000001	-0.202119	0.0	-3.31267	-2.50332	-1.9062700000000001	0.359788	-0.124731	0.8560909999999999	-0.501548	0.0	0.472412	-0.393278	-0.788771	0.0	-0.8725069999999999	-0.335321	-0.35537399999999997	0.0	1.84011	-1.46569	-0.94988	0.36399000000000004	
0	0.8379340000000001	0.21441100000000002	-0.501891	0.0	0.52062	-0.03807	0.8529389999999999	0.0	0.163773	-0.976001	-0.143527	0.0	-3.3834800000000005	-2.83319	-2.06546	0.358557	-0.144191	0.846195	-0.512995	0.0	0.47886999999999996	-0.393998	-0.784506	0.0	-0.865964	-0.35877600000000004	-0.348406	0.0	1.7588400000000002	-1.61178	-1.00031	0.363987	
0	0.832657	0.13938599999999998	-0.535961	0.0	0.543621	-0.0211141	0.839065	0.0	0.10563800000000001	-0.9900129999999999	-0.0933542	0.0	-3.5209599999999996	-3.1613900000000004	-2.29069	0.357241	-0.150871	0.8397209999999999	-0.5216390000000001	0.0	0.478625	-0.39965700000000004	-0.781788	0.0	-0.8649600000000001	-0.367618	-0.341614	0.0	1.7309599999999998	-1.7697599999999998	-1.06864	0.363989	
0	0.8291129999999999	0.13349	-0.5429109999999999	0.0	0.5484	-0.00527343	0.8362	0.0	0.108761	-0.991036	-0.07757810000000001	0.0	-3.56946	-3.3565199999999997	-2.4603200000000003	0.35691300000000004	-0.153356	0.8305290000000001	-0.535447	0.0	0.47275600000000007	-0.414159	-0.7778010000000001	0.0	-0.8677459999999999	-0.37241599999999997	-0.32912399999999997	0.0	1.7070400000000001	-1.8587099999999999	-1.07239	0.363985	
0	0.7908850000000001	0.13295099999999999	-0.597348	0.0	0.597906	0.040151599999999996	0.80056	0.0	0.130419	-0.990309	-0.04773669999999999	0.0	-3.5952	-3.4582800000000002	-2.5575200000000002	0.357786	-0.154877	0.8251649999999999	-0.543247	0.0	0.469578	-0.422309	-0.7753399999999999	0.0	-0.869201	-0.375179	-0.322073	0.0	1.6808299999999998	-1.8888099999999999	-1.0458399999999999	0.36399499999999996	
0	0.653015	0.193454	-0.73222	0.0	0.731372	0.0899442	0.676022	0.0	0.196638	-0.976978	-0.08275199999999999	0.0	-3.47274	-3.56871	-2.68784	0.356809	-0.153359	0.8200850000000001	-0.551309	0.0	0.469004	-0.43066099999999996	-0.771081	0.0	-0.8697799999999999	-0.376818	-0.318577	0.0	1.67845	-1.8939599999999999	-1.03118	0.36397399999999996	
0	0.5400590000000001	0.201417	-0.81717	0.0	0.811824	0.131423	0.568919	0.0	0.221985	-0.970649	-0.09253919999999999	0.0	-3.40118	-3.6176	-2.75228	0.360229	-0.151548	0.8160270000000001	-0.557793	0.0	0.467236	-0.438145	-0.767932	0.0	-0.8710469999999999	-0.376999	-0.314877	0.0	1.7035799999999999	-1.8926	-1.03034	0.36397399999999996	
0	0.46143599999999996	0.219426	-0.85961	0.0	0.84519	0.18581099999999998	0.5011260000000001	0.0	0.269685	-0.9577709999999999	-0.0997173	0.0	-3.37944	-3.61003	-2.7780099999999996	0.363879	-0.155133	0.813641	-0.560287	0.0	0.46871999999999997	-0.438629	-0.7667510000000001	0.0	-0.869618	-0.38156599999999996	-0.313324	0.0	1.7161	-1.89805	-1.02128	0.363985	
0	0.438234	0.20526	-0.8751110000000001	0.0	0.854707	0.20623000000000002	0.47638800000000003	0.0	0.278258	-0.956733	-0.0850602	0.0	-3.35676	-3.6060800000000004	-2.79756	0.36802399999999996	-0.164436	0.810286	-0.562492	0.0	0.47740299999999997	-0.433638	-0.764229	0.0	-0.8631610000000001	-0.394202	-0.315527	0.0	1.7155099999999999	-1.9249	-1.02542	0.363987	
0	0.42339799999999994	0.20857699999999998	-0.8816069999999999	0.0	0.8497709999999999	0.245902	0.466286	0.0	0.31404499999999996	-0.9465879999999999	-0.07312819999999999	0.0	-3.3073300000000003	-3.6008199999999997	-2.8082	0.368147	-0.175449	0.805921	-0.5654279999999999	0.0	0.489196	-0.427044	-0.760474	0.0	-0.854345	-0.41003	-0.319329	0.0	1.72281	-2.00932	-1.05646	0.363987	
0	0.4225	0.180847	-0.8881379999999999	0.0	0.852973	0.252008	0.45708699999999997	0.0	0.30648000000000003	-0.950677	-0.0477845	0.0	-3.2890800000000002	-3.59896	-2.8267	0.374525	-0.175102	0.804809	-0.567118	0.0	0.484303	-0.431101	-0.761316	0.0	-0.8571989999999999	-0.407964	-0.314285	0.0	1.7291299999999998	-2.05416	-1.0789	0.363975	
0	0.43361700000000003	0.161881	-0.886437	0.0	0.855216	0.235969	0.461438	0.0	0.283869	-0.958183	-0.036123	0.0	-3.26399	-3.60036	-2.83224	0.375974	-0.168246	0.795112	-0.582658	0.0	0.47685600000000006	-0.45166999999999996	-0.754057	0.0	-0.8627290000000001	-0.404711	-0.303162	0.0	1.72575	-2.03042	-1.07445	0.363979	
0	0.512402	0.0966407	-0.85329	0.0	0.8369639999999999	0.16617200000000001	0.521419	0.0	0.192183	-0.98135	0.004262	0.0	-3.18383	-3.6117	-2.83607	0.377839	-0.161441	0.7829729999999999	-0.600742	0.0	0.46964300000000003	-0.474426	-0.74455	0.0	-0.86797	-0.402335	-0.291126	0.0	1.7059799999999998	-1.9567900000000003	-1.0472	0.36398400000000003	
0	0.604344	0.036362	-0.795894	0.0	0.789668	0.105314	0.604428	0.0	0.105797	-0.9937739999999999	0.0349322	0.0	-3.11707	-3.6294	-2.81904	0.381332	-0.155827	0.7730229999999999	-0.614943	0.0	0.459557	-0.494335	-0.737863	0.0	-0.8743719999999999	-0.39758000000000004	-0.27821799999999997	0.0	1.6779700000000002	-1.87965	-1.03673	0.363979	
0	0.671874	-0.0244863	-0.740261	0.0	0.740463	0.0455881	0.670549	0.0	0.017327900000000004	-0.99866	0.0487607	0.0	-3.06375	-3.6473	-2.80553	0.380697	-0.15324400000000002	0.766794	-0.623332	0.0	0.45311599999999996	-0.506038	-0.733901	0.0	-0.878181	-0.394908	-0.2699	0.0	1.6535	-1.80275	-1.01855	0.363965	
0	0.7151569999999999	-0.057452199999999995	-0.6965979999999999	0.0	0.6986680000000001	0.0297567	0.714827	0.0	-0.0203399	-0.9979049999999999	0.0614207	0.0	-3.0627	-3.6436900000000003	-2.81356	0.35670599999999997	-0.152089	0.765833	-0.624795	0.0	0.449222	-0.5095189999999999	-0.733887	0.0	-0.8803799999999999	-0.392287	-0.266538	0.0	1.6307	-1.7275900000000002	-0.9915889999999999	0.36398800000000003	
0	0.730234	-0.108096	-0.674592	0.0	0.678163	-0.00495937	0.734895	0.0	-0.0827844	-0.994128	0.069685	0.0	-3.07916	-3.59635	-2.77469	0.13150799999999999	-0.14974	0.76653	-0.624508	0.0	0.443697	-0.512362	-0.735267	0.0	-0.8835790000000001	-0.387191	-0.263386	0.0	1.6511799999999999	-1.6971599999999998	-1.00265	0.36380300000000004	
0	0.748904	-0.127945	-0.6502100000000001	0.0	0.656091	0.00514962	0.7546649999999999	0.0	-0.0932072	-0.991768	0.0878001	0.0	-3.11279	-3.5937699999999997	-2.76193	0.13125799999999999	-0.145577	0.7665930000000001	-0.625414	0.0	0.43270699999999995	-0.519146	-0.737057	0.0	-0.889704	-0.377919	-0.256135	0.0	1.66547	-1.6805700000000001	-1.01325	0.363781	
0	0.755482	-0.11798800000000001	-0.644457	0.0	0.650051	0.012280200000000002	0.759791	0.0	-0.0817319	-0.9929389999999999	0.0859755	0.0	-3.1687	-3.59301	-2.7198	0.133745	-0.143258	0.764578	-0.628409	0.0	0.426069	-0.525459	-0.73645	0.0	-0.8932760000000001	-0.373248	-0.250487	0.0	1.66715	-1.6445599999999998	-1.00224	0.363612	
0	0.774508	-0.0607736	-0.629638	0.0	0.632424	0.053433600000000005	0.772777	0.0	-0.013320600000000002	-0.99672	0.0798194	0.0	-3.25602	-3.58771	-2.66796	0.132077	-0.142931	0.764644	-0.628404	0.0	0.42433999999999994	-0.526263	-0.736874	0.0	-0.894151	-0.371979	-0.24925	0.0	1.67117	-1.60009	-0.981449	0.363529	
0	0.767624	-0.00166589	-0.640899	0.0	0.635807	0.12780999999999998	0.761193	0.0	0.0806452	-0.9917969999999999	0.09916900000000001	0.0	-3.36182	-3.57786	-2.53274	0.131882	-0.14292	0.76848	-0.6237090000000001	0.0	0.42334799999999995	-0.522153	-0.74036	0.0	-0.894623	-0.369858	-0.250708	0.0	1.68123	-1.58853	-0.9748450000000001	0.363316	
0	0.7528050000000001	0.07445410000000001	-0.6540189999999999	0.0	0.64059	0.145696	0.753935	0.0	0.151422	-0.986524	0.06198630000000001	0.0	-3.38745	-3.55151	-2.47708	0.130426	-0.146231	0.775792	-0.613811	0.0	0.42732200000000004	-0.510069	-0.746476	0.0	-0.8921950000000001	-0.37145300000000003	-0.256925	0.0	1.7072200000000002	-1.60338	-0.977718	0.36341799999999996	
0	0.682175	0.187082	-0.706851	0.0	0.685738	0.171824	0.707276	0.0	0.253773	-0.967201	-0.0110749	0.0	-3.42438	-3.5178300000000005	-2.36786	0.132181	-0.148628	0.7853289999999999	-0.600973	0.0	0.429864	-0.49599399999999993	-0.754458	0.0	-0.8905770000000001	-0.37046999999999997	-0.263866	0.0	1.7363099999999998	-1.6481700000000001	-1.00526	0.363361	
0	0.600478	0.264443	-0.75465	0.0	0.713277	0.24947800000000003	0.654979	0.0	0.361473	-0.931574	-0.0388154	0.0	-3.42633	-3.5291900000000003	-2.28912	0.131051	-0.14666500000000002	0.789629	-0.595799	0.0	0.428278	-0.492242	-0.7578090000000001	0.0	-0.8916649999999999	-0.36631199999999997	-0.265986	0.0	1.7885400000000002	-1.67841	-1.00691	0.363358	
0	0.486831	0.329948	-0.808783	0.0	0.7341880000000001	0.347084	0.583525	0.0	0.473249	-0.877876	-0.0732732	0.0	-3.49871	-3.48605	-2.21295	0.131859	-0.141192	0.796126	-0.588428	0.0	0.426966	-0.487291	-0.76174	0.0	-0.893177	-0.35879	-0.271117	0.0	1.83845	-1.80178	-1.0298100000000001	0.363605	
0	0.433512	0.345942	-0.832101	0.0	0.723723	0.41652100000000003	0.550215	0.0	0.536929	-0.840735	-0.06979919999999999	0.0	-3.5411099999999998	-3.39172	-2.1968099999999997	0.131914	-0.135601	0.79106	-0.5965199999999999	0.0	0.42728	-0.496521	-0.755578	0.0	-0.893893	-0.35733899999999996	-0.270675	0.0	1.8480299999999998	-1.88862	-1.02493	0.36368	
0	0.384372	0.349819	-0.854333	0.0	0.706534	0.48417200000000005	0.516127	0.0	0.594195	-0.802	-0.06105650000000001	0.0	-3.57312	-3.25563	-2.17771	0.132008	-0.131734	0.784668	-0.605758	0.0	0.42216400000000004	-0.508488	-0.750478	0.0	-0.8968969999999999	-0.354593	-0.26427399999999995	0.0	1.85317	-2.01684	-1.03013	0.363685	
0	0.362887	0.345969	-0.8652280000000001	0.0	0.6961649999999999	0.516551	0.49852799999999997	0.0	0.619409	-0.78325	-0.053401800000000006	0.0	-3.58932	-3.18605	-2.17331	0.132069	-0.12714	0.783589	-0.608132	0.0	0.42015699999999995	-0.512838	-0.748642	0.0	-0.898501	-0.350693	-0.26402800000000004	0.0	1.82866	-2.09325	-1.00292	0.363604	
0	0.34324499999999997	0.40922600000000003	-0.845409	0.0	0.635728	0.561355	0.52984	0.0	0.691399	-0.7193149999999999	-0.06747460000000001	0.0	-2.80491	-1.60922	-1.60075	0.132233	-0.124385	0.7796310000000001	-0.6137630000000001	0.0	0.41101400000000005	-0.522518	-0.747023	0.0	-0.9031040000000001	-0.345184	-0.255446	0.0	1.7652299999999999	-2.1687	-0.9736299999999999	0.363711	
0	0.34345	0.434659	-0.832534	0.0	0.634026	0.546662	0.546966	0.0	0.692858	-0.715704	-0.0878338	0.0	-2.6726	-1.29187	-1.50658	0.131863	-0.123751	0.7779020000000001	-0.6160800000000001	0.0	0.407117	-0.5263939999999999	-0.7464350000000001	0.0	-0.904954	-0.34318899999999997	-0.251556	0.0	1.7552	-2.17666	-0.9609690000000001	0.363935	
1	0.361933	0.47521	-0.8019850000000001	0.0	0.650447	0.487538	0.582431	0.0	0.667775	-0.73245	-0.132643	0.0	-2.58732	-0.8605719999999999	-1.39083	0.132261	-0.11695799999999999	0.771035	-0.6259600000000001	0.0	0.406435	-0.537929	-0.738542	0.0	-0.9061629999999999	-0.34079	-0.25046	0.0	1.73754	-2.184	-0.9281379999999999	0.363987	
1	0.38403000000000004	0.496251	-0.778625	0.0	0.663411	0.438224	0.606503	0.0	0.6421899999999999	-0.749463	-0.160927	0.0	-2.55483	-0.696796	-1.3506200000000002	0.132267	-0.10586300000000001	0.761387	-0.639595	0.0	0.40794600000000003	-0.5533359999999999	-0.726223	0.0	-0.906848	-0.337801	-0.252027	0.0	1.7321	-2.1796599999999997	-0.924351	0.36396300000000004	
1	0.457872	0.581983	-0.672048	0.0	0.652871	0.29297399999999996	0.698517	0.0	0.603418	-0.758592	-0.245815	0.0	-2.41926	-0.353663	-1.33822	0.131851	0.00120127	0.707869	-0.706343	0.0	0.390469	-0.650604	-0.651345	0.0	-0.920616	-0.275022	-0.27718200000000004	0.0	1.6741599999999999	-2.0008	-0.9529350000000001	0.363992	
1	0.5523779999999999	0.602527	-0.576056	0.0	0.6185390000000001	0.167011	0.7678	0.0	0.558828	-0.780428	-0.280433	0.0	-2.12426	-0.561208	-1.4374	0.131994	0.144095	0.616663	-0.773928	0.0	0.297064	-0.7729739999999999	-0.560593	0.0	-0.943923	-0.149128	-0.29457	0.0	1.54839	-1.7953299999999999	-1.08881	0.364006	
1	0.595684	0.59739	-0.5369229999999999	0.0	0.604047	0.107425	0.789676	0.0	0.529423	-0.794723	-0.29686	0.0	-1.9175900000000001	-0.860773	-1.55454	0.131998	0.24984099999999998	0.513107	-0.8211579999999999	0.0	0.19534100000000001	-0.857325	-0.47627200000000003	0.0	-0.948378	-0.041413900000000003	-0.31442600000000004	0.0	1.4441	-1.66077	-1.22089	0.363985	
1	0.609142	0.599863	-0.518759	0.0	0.593909	0.08844389999999999	0.799656	0.0	0.525565	-0.795199	-0.30238899999999996	0.0	-1.79666	-1.02388	-1.6213899999999999	0.131857	0.285482	0.474167	-0.832866	0.0	0.154676	-0.8804350000000001	-0.44823	0.0	-0.9458200000000001	-0.00086312	-0.324691	0.0	1.40163	-1.59332	-1.27011	0.364	
1	0.6281640000000001	0.616247	-0.475025	0.0	0.567792	0.0543715	0.8213739999999999	0.0	0.531998	-0.785674	-0.315746	0.0	-1.5020200000000001	-1.30529	-1.74655	0.132272	0.319743	0.392802	-0.8622479999999999	0.0	0.0765909	-0.9177569999999999	-0.38968800000000003	0.0	-0.9444040000000001	0.0585597	-0.32353200000000004	0.0	1.25842	-1.5416299999999998	-1.3806200000000002	0.36396	
1	0.631142	0.623058	-0.462016	0.0	0.5544640000000001	0.054141499999999995	0.8304450000000001	0.0	0.542429	-0.7803	-0.311292	0.0	-1.36315	-1.45712	-1.8299599999999998	0.131859	0.31418	0.377077	-0.871266	0.0	0.059624	-0.9237629999999999	-0.378296	0.0	-0.9474899999999999	0.0669047	-0.31271	0.0	1.14429	-1.58454	-1.39131	0.363998	
1	0.632467	0.62348	-0.459628	0.0	0.5505369999999999	0.0555818	0.832958	0.0	0.54488	-0.7798609999999999	-0.308096	0.0	-1.3004799999999999	-1.51272	-1.8568	0.132277	0.30891199999999996	0.373492	-0.8746870000000001	0.0	0.06085700000000001	-0.9255450000000001	-0.373716	0.0	-0.949142	0.0622145	-0.308642	0.0	1.0916700000000001	-1.6062299999999998	-1.38964	0.363967	
1	0.627663	0.62355	-0.466074	0.0	0.549177	0.0696766	0.8327959999999999	0.0	0.551765	-0.778672	-0.29870599999999997	0.0	-1.20963	-1.59333	-1.8993400000000003	0.13228099999999998	0.306496	0.381186	-0.8722139999999999	0.0	0.06716210000000002	-0.922691	-0.379646	0.0	-0.9495	0.05778	-0.308402	0.0	0.9919389999999999	-1.63296	-1.3814600000000001	0.363875	
1	0.604594	0.633134	-0.483329	0.0	0.551508	0.10507799999999999	0.827525	0.0	0.5747220000000001	-0.766876	-0.285649	0.0	-1.1881700000000002	-1.61616	-1.89762	0.131848	0.29780300000000004	0.396854	-0.8682280000000001	0.0	0.0824681	-0.916789	-0.390764	0.0	-0.951059	0.044769300000000005	-0.30575	0.0	0.9088129999999999	-1.71881	-1.42195	0.363979	
1	0.588218	0.640195	-0.494116	0.0	0.550863	0.130141	0.8243870000000001	0.0	0.592073	-0.757109	-0.276108	0.0	-1.17638	-1.63278	-1.88945	0.13226300000000002	0.29544000000000004	0.401432	-0.86693	0.0	0.0859805	-0.914927	-0.394356	0.0	-0.951485	0.041969400000000004	-0.304821	0.0	0.879074	-1.7427400000000002	-1.4396	0.363981	
1	0.5602689999999999	0.6503399999999999	-0.512988	0.0	0.542932	0.17938800000000002	0.820393	0.0	0.625558	-0.738159	-0.252585	0.0	-1.0881299999999998	-1.64209	-1.8313700000000002	0.13228	0.29040900000000003	0.400389	-0.86911	0.0	0.08397869999999999	-0.9154129999999999	-0.39365900000000004	0.0	-0.953211	0.0413356	-0.299469	0.0	0.7819020000000001	-1.75552	-1.49448	0.363973	
1	0.554229	0.650269	-0.519597	0.0	0.53959	0.194624	0.819124	0.0	0.633777	-0.734352	-0.24301199999999998	0.0	-1.0837700000000001	-1.6482299999999999	-1.8196900000000003	0.131853	0.286546	0.398386	-0.871309	0.0	0.07999930000000001	-0.916219	-0.392611	0.0	-0.9547209999999999	0.042797	-0.29440900000000003	0.0	0.7607689999999999	-1.7402099999999998	-1.48383	0.364698	
1	0.5353680000000001	0.647871	-0.5418890000000001	0.0	0.535099	0.23622800000000002	0.8110890000000001	0.0	0.6534909999999999	-0.724196	-0.220207	0.0	-1.07826	-1.6439700000000002	-1.71995	0.13196300000000002	0.278196	0.390336	-0.8776360000000001	0.0	0.07393279999999999	-0.919696	-0.38560700000000003	0.0	-0.957675	0.0423881	-0.28471399999999997	0.0	0.689257	-1.6567900000000002	-1.4282	0.3657	
1	0.52727	0.646174	-0.551766	0.0	0.5335810000000001	0.25356599999999996	0.806843	0.0	0.66127	-0.7198359999999999	-0.211088	0.0	-1.06928	-1.6487599999999998	-1.6709900000000002	0.132302	0.274798	0.389036	-0.879282	0.0	0.0804674	-0.920586	-0.382162	0.0	-0.9581290000000001	0.034263999999999996	-0.28428000000000003	0.0	0.681962	-1.62779	-1.41089	0.365788	
1	0.490983	0.665673	-0.561975	0.0	0.47818	0.333291	0.812565	0.0	0.7282029999999999	-0.6676810000000001	-0.154671	0.0	-1.02542	-1.6771099999999999	-1.6235700000000002	0.134517	0.22974899999999998	0.414071	-0.8807729999999999	0.0	0.0646399	-0.909475	-0.410703	0.0	-0.971101	0.037425599999999996	-0.235717	0.0	0.693447	-1.5381200000000002	-1.28936	0.34313899999999997	
1	0.5166069999999999	0.6551600000000001	-0.5512560000000001	0.0	0.534806	0.255879	0.8053	0.0	0.668655	-0.710839	-0.218194	0.0	-1.05071	-1.6525599999999998	-1.55415	0.132243	0.19633399999999998	0.40126799999999996	-0.8946709999999999	0.0	0.21468800000000002	-0.907883	-0.36008	0.0	-0.9567459999999999	-0.121379	-0.264396	0.0	0.697703	-1.5630600000000001	-1.23337	0.34874	
1	0.511814	0.665144	-0.543719	0.0	0.517775	0.266205	0.813046	0.0	0.685533	-0.697652	-0.208148	0.0	-0.97872	-1.8025200000000001	-1.49779	0.132908	0.0894517	0.37598400000000004	-0.922298	0.0	0.27469899999999997	-0.899407	-0.34001	0.0	-0.95736	-0.22294	-0.18373599999999998	0.0	0.763278	-1.6001299999999998	-1.1057	0.20027999999999999	
1	0.517159	0.656287	-0.549393	0.0	0.516413	0.272625	0.8117840000000001	0.0	0.682542	-0.7035359999999999	-0.197925	0.0	-0.9611569999999999	-1.78781	-1.51367	0.133249	0.097065	0.360214	-0.9278059999999999	0.0	0.273382	-0.9060020000000001	-0.32314699999999996	0.0	-0.956996	-0.222279	-0.186417	0.0	0.782803	-1.5872	-1.1149200000000001	0.200546	
1	0.527948	0.650724	-0.5457380000000001	0.0	0.509215	0.271728	0.816617	0.0	0.6796840000000001	-0.709029	-0.1879	0.0	-0.920068	-1.7032	-1.60111	0.13287000000000002	0.115712	0.352496	-0.928632	0.0	0.263928	-0.912215	-0.31337800000000005	0.0	-0.957576	-0.208831	-0.19858800000000001	0.0	0.821843	-1.5231299999999999	-1.18662	0.200821	
1	0.519363	0.673821	-0.525573	0.0	0.516516	0.242441	0.8212389999999999	0.0	0.680789	-0.6979890000000001	-0.222124	0.0	-0.92801	-1.64555	-1.6892599999999998	0.13693	0.138945	0.350107	-0.9263469999999999	0.0	0.249207	-0.9176790000000001	-0.309452	0.0	-0.9584309999999999	-0.187855	-0.214756	0.0	0.833101	-1.50655	-1.28625	0.201413	
1	0.44138999999999995	0.7413109999999999	-0.505601	0.0	0.523255	0.2451	0.816168	0.0	0.728957	-0.624807	-0.279711	0.0	-1.10709	-1.30677	-1.70422	0.348098	0.195666	0.33710500000000004	-0.92091	0.0	0.202604	-0.9326979999999999	-0.29837199999999997	0.0	-0.959514	-0.128199	-0.250796	0.0	1.07599	-1.7808	-1.45927	0.200099	
1	0.406954	0.750962	-0.520044	0.0	0.534309	0.266065	0.8023239999999999	0.0	0.74088	-0.6043729999999999	-0.292969	0.0	-1.1680700000000002	-1.24011	-1.71216	0.349471	0.21274899999999997	0.336187	-0.917451	0.0	0.156643	-0.9385370000000001	-0.307589	0.0	-0.964469	-0.078273	-0.252335	0.0	1.1875	-1.85258	-1.54111	0.20012	
2	0.40641700000000003	0.750031	-0.521804	0.0	0.553016	0.252684	0.79393	0.0	0.7273229999999999	-0.611233	-0.31208400000000003	0.0	-1.2836299999999998	-1.2353399999999999	-1.7402	0.351028	0.248175	0.289625	-0.924406	0.0	0.045351499999999996	-0.9566870000000001	-0.287564	0.0	-0.9676530000000001	0.029442799999999998	-0.25056	0.0	1.38885	-1.82929	-1.6667299999999998	0.19986500000000001	
2	0.395696	0.7467729999999999	-0.53456	0.0	0.571028	0.255812	0.7800560000000001	0.0	0.719272	-0.6139140000000001	-0.325205	0.0	-1.53015	-1.3051700000000002	-1.77085	0.350965	0.29076799999999997	0.173057	-0.9410129999999999	0.0	-0.155611	-0.961859	-0.224973	0.0	-0.944055	0.21184699999999998	-0.25274800000000003	0.0	1.86802	-1.8328400000000002	-1.86041	0.20019	
2	0.395879	0.7414	-0.541854	0.0	0.580893	0.254821	0.773065	0.0	0.711227	-0.620799	-0.329796	0.0	-1.6391900000000001	-1.36386	-1.78273	0.35075500000000004	0.286341	0.13686199999999998	-0.9483030000000001	0.0	-0.216238	-0.9549780000000001	-0.203118	0.0	-0.933408	0.26322	-0.24385500000000002	0.0	2.0756099999999997	-1.8797400000000002	-1.9042400000000002	0.200258	
2	0.40384200000000003	0.7325550000000001	-0.547974	0.0	0.599605	0.24044000000000001	0.763323	0.0	0.6909310000000001	-0.63683	-0.342144	0.0	-1.88657	-1.50336	-1.80292	0.350224	0.2944	0.140343	-0.945321	0.0	-0.30950900000000003	-0.9218459999999999	-0.23324699999999998	0.0	-0.904175	0.361254	-0.227954	0.0	2.55365	-2.07934	-1.95995	0.200239	
2	0.401674	0.729268	-0.5539189999999999	0.0	0.6064430000000001	0.24141100000000001	0.7575930000000001	0.0	0.68621	-0.6402260000000001	-0.34529099999999996	0.0	-1.98134	-1.5514299999999999	-1.81178	0.35041100000000003	0.30033200000000004	0.156291	-0.940943	0.0	-0.318863	-0.9132790000000001	-0.253472	0.0	-0.8989590000000001	0.376157	-0.22445199999999998	0.0	2.73883	-2.17708	-1.95502	0.20011800000000002	
2	0.399982	0.721866	-0.564733	0.0	0.618631	0.24199600000000002	0.7474850000000001	0.0	0.676247	-0.648342	-0.349775	0.0	-2.21409	-1.68928	-1.8136	0.350162	0.324461	0.175034	-0.929564	0.0	-0.295656	-0.914725	-0.275437	0.0	-0.8985059999999999	0.3642	-0.245042	0.0	3.17798	-2.5144900000000003	-1.9427599999999998	0.200012	
2	0.394477	0.7167479999999999	-0.5750310000000001	0.0	0.619639	0.254614	0.742442	0.0	0.678555	-0.649188	-0.343685	0.0	-2.29236	-1.72145	-1.7861	0.34998	0.33673400000000003	0.174522	-0.925285	0.0	-0.269887	-0.9235540000000001	-0.272413	0.0	-0.902093	0.341453	-0.263891	0.0	3.39532	-2.76092	-1.91275	0.200132	
2	0.390567	0.713295	-0.581952	0.0	0.624791	0.25888	0.736625	0.0	0.676087	-0.6513	-0.34455	0.0	-2.34469	-1.7367599999999999	-1.78195	0.34997399999999995	0.353242	0.18917	-0.916207	0.0	-0.226093	-0.9330510000000001	-0.279818	0.0	-0.907801	0.305991	-0.286823	0.0	3.55666	-2.9716099999999996	-1.9220400000000002	0.200205	
2	0.388009	0.7083229999999999	-0.589684	0.0	0.62553	0.267497	0.732911	0.0	0.676876	-0.653241	-0.33928600000000003	0.0	-2.36508	-1.74751	-1.774	0.349756	0.38061100000000003	0.180903	-0.906868	0.0	-0.155852	-0.954101	-0.255736	0.0	-0.911507	0.238673	-0.334947	0.0	3.69571	-3.14075	-1.95135	0.200203	
2	0.388148	0.707707	-0.590333	0.0	0.62569	0.267941	0.732612	0.0	0.676649	-0.6537270000000001	-0.338804	0.0	-2.36611	-1.7479799999999999	-1.7713299999999998	0.34979099999999996	0.38472399999999995	0.178844	-0.90554	0.0	-0.1445	-0.957284	-0.25045500000000004	0.0	-0.911651	0.22720700000000002	-0.342447	0.0	3.7107300000000003	-3.16039	-1.9513200000000002	0.20017000000000001	
2	0.384226	0.698129	-0.604141	0.0	0.630862	0.279242	0.723905	0.0	0.67408	-0.6592720000000001	-0.333131	0.0	-2.39138	-1.7529599999999999	-1.71133	0.34983600000000004	0.466503	0.153101	-0.8711690000000001	0.0	-0.0139732	-0.9835079999999999	-0.180326	0.0	-0.884409	0.0962955	-0.456671	0.0	3.89313	-3.46956	-2.06799	0.200206	
2	0.380413	0.69344	-0.611905	0.0	0.631234	0.28886999999999996	0.719791	0.0	0.6758930000000001	-0.660072	-0.327833	0.0	-2.39259	-1.7619	-1.6710200000000002	0.349572	0.49341199999999996	0.137679	-0.85883	0.0	0.027761900000000003	-0.989383	-0.14265799999999998	0.0	-0.869353	0.0465466	-0.49199499999999996	0.0	3.86311	-3.49703	-2.08766	0.200061	
2	0.374823	0.688578	-0.62078	0.0	0.633318	0.298836	0.713867	0.0	0.6770649999999999	-0.660725	-0.32407800000000003	0.0	-2.38407	-1.7603900000000001	-1.6412799999999999	0.34951	0.52569	0.10931099999999999	-0.8436239999999999	0.0	0.0676756	-0.9939399999999999	-0.0866165	0.0	-0.84798	-0.0115593	-0.529903	0.0	3.80845	-3.5264699999999998	-2.11368	0.200041	
2	0.37052399999999996	0.684893	-0.627402	0.0	0.633691	0.30745300000000003	0.709865	0.0	0.679078	-0.660601	-0.320092	0.0	-2.38235	-1.7639599999999998	-1.6319	0.34928899999999996	0.53889	0.11194000000000001	-0.8349049999999999	0.0	0.121076	-0.991133	-0.0547381	0.0	-0.8336290000000001	-0.07158919999999999	-0.547665	0.0	3.75115	-3.5360699999999996	-2.14839	0.200041	
2	0.362743	0.674021	-0.643517	0.0	0.6370020000000001	0.32468600000000003	0.6991470000000001	0.0	0.680181	-0.663532	-0.311575	0.0	-2.37653	-1.7590700000000001	-1.61066	0.348951	0.5394180000000001	0.135669	-0.831037	0.0	0.236744	-0.9715600000000001	-0.00494078	0.0	-0.808072	-0.194078	-0.556196	0.0	3.63691	-3.4363300000000003	-2.1919299999999997	0.199673	
2	0.359026	0.668901	-0.6509010000000001	0.0	0.6384340000000001	0.332704	0.694054	0.0	0.6808109999999999	-0.66474	-0.30759899999999996	0.0	-2.37416	-1.74977	-1.59546	0.349045	0.519895	0.14141900000000002	-0.842443	0.0	0.292952	-0.9559110000000001	0.0203227	0.0	-0.802426	-0.257361	-0.538402	0.0	3.57945	-3.34136	-2.22097	0.199425	
2	0.34524299999999997	0.669067	-0.658147	0.0	0.6444810000000001	0.34076100000000004	0.6844899999999999	0.0	0.68224	-0.660478	-0.313556	0.0	-2.36753	-1.72417	-1.58722	0.35018	0.48266899999999996	0.117577	-0.867875	0.0	0.373225	-0.924076	0.082379	0.0	-0.792296	-0.363675	-0.48990600000000006	0.0	3.5240400000000003	-3.22934	-2.2309099999999997	0.198933	
2	0.33924699999999997	0.670219	-0.66009	0.0	0.646471	0.343643	0.681164	0.0	0.683365	-0.657812	-0.316697	0.0	-2.36141	-1.69259	-1.58499	0.350542	0.484167	0.10703199999999999	-0.8684040000000001	0.0	0.421754	-0.8981299999999999	0.124447	0.0	-0.76662	-0.42650600000000005	-0.47998599999999997	0.0	3.4733099999999997	-3.15868	-2.1922099999999998	0.199211	
2	0.33142	0.672991	-0.6612439999999999	0.0	0.648362	0.346692	0.677814	0.0	0.685411	-0.653367	-0.321441	0.0	-2.36291	-1.67281	-1.59344	0.351003	0.485675	0.07992260000000001	-0.8704780000000001	0.0	0.46726	-0.865341	0.181253	0.0	-0.7387739999999999	-0.49476899999999996	-0.45761999999999997	0.0	3.41201	-3.08263	-2.1333	0.19886099999999998	
2	0.32869	0.673872	-0.661709	0.0	0.646763	0.349962	0.677661	0.0	0.68823	-0.650709	-0.320807	0.0	-2.36659	-1.6683	-1.59776	0.35082199999999997	0.47872700000000007	-0.00288835	-0.877959	0.0	0.407062	-0.885287	0.224872	0.0	-0.777895	-0.465037	-0.42263500000000004	0.0	3.44078	-3.16876	-2.13355	0.37685	
2	0.318921	0.6755329999999999	-0.6647890000000001	0.0	0.645299	0.358966	0.674339	0.0	0.694175	-0.644048	-0.321438	0.0	-2.3681799999999997	-1.65704	-1.61314	0.351007	0.487555	-0.0117812	-0.8730129999999999	0.0	0.41402100000000003	-0.877216	0.243058	0.0	-0.7686850000000001	-0.47995	-0.422813	0.0	3.43773	-3.1649700000000003	-2.1301900000000002	0.37797800000000004	
2	0.31256100000000003	0.6754220000000001	-0.6679149999999999	0.0	0.6403479999999999	0.369535	0.673349	0.0	0.701613	-0.638161	-0.31700300000000003	0.0	-2.34103	-1.6407900000000002	-1.60948	0.350964	0.501584	-0.0406974	-0.864151	0.0	0.402345	-0.873315	0.27466399999999996	0.0	-0.765854	-0.485454	-0.421666	0.0	3.4376300000000004	-3.17113	-2.12753	0.383535	
2	0.31071	0.6750689999999999	-0.669135	0.0	0.637111	0.37450900000000004	0.673671	0.0	0.705371	-0.635629	-0.313731	0.0	-2.3306	-1.63785	-1.6088799999999999	0.35092199999999996	0.50849	-0.0476416	-0.859749	0.0	0.396129	-0.8735940000000001	0.282695	0.0	-0.7645390000000001	-0.48431899999999994	-0.42534099999999997	0.0	3.4370800000000004	-3.17175	-2.12554	0.380775	
2	0.30895	0.673473	-0.671554	0.0	0.635784	0.378895	0.672471	0.0	0.707339	-0.6347229999999999	-0.31112399999999996	0.0	-2.31418	-1.63816	-1.5987799999999999	0.350957	0.520816	-0.079867	-0.849925	0.0	0.374486	-0.8733280000000001	0.31154299999999996	0.0	-0.767145	-0.480542	-0.42493400000000003	0.0	3.43606	-3.1731	-2.12003	0.377502	
2	0.309419	0.672465	-0.672347	0.0	0.637313	0.378105	0.671467	0.0	0.705756	-0.63626	-0.311578	0.0	-2.30567	-1.6284399999999999	-1.59368	0.350821	0.524473	-0.10680799999999999	-0.8447020000000001	0.0	0.406735	-0.840148	0.358772	0.0	-0.7479939999999999	-0.531736	-0.39719299999999996	0.0	3.4210199999999995	-3.14912	-2.10722	0.382782	
