0	0.593132	0.516197	-0.617846	0.0	0.683923	0.08184780000000001	0.7249479999999999	0.0	0.42478599999999994	-0.85255	-0.30449299999999996	0.0	-2.73968	2.0	1.46191	0.0	-0.283095	0.7429399999999999	-0.606545	0.0	0.473437	-0.441745	-0.762049	0.0	-0.834095	-0.502894	-0.22668000000000002	0.0	2.6231400000000002	2.02502	1.5099200000000002	-2.2146900000000003e-06	
0	0.0117929	0.869344	-0.49406700000000003	0.0	0.422141	0.443582	0.79059	0.0	0.9064540000000001	-0.217889	-0.361755	0.0	-3.19255	2.2368099999999997	1.06908	0.0	0.0861443	0.729456	-0.678582	0.0	0.133182	-0.6834319999999999	-0.717762	0.0	-0.987341	-0.028544	-0.156024	0.0	2.87308	2.1252	1.17563	0.0	
0	-0.029773700000000004	0.882187	-0.46995699999999996	0.0	0.41935100000000003	0.43781099999999995	0.795277	0.0	0.907336	-0.173398	-0.382981	0.0	-3.30683	2.3849299999999998	0.827268	0.0	0.19401	0.807663	-0.556813	0.0	0.028506999999999998	-0.5720000000000001	-0.819758	0.0	-0.980585	0.14316800000000002	-0.133998	0.0	2.96406	2.29564	0.975765	0.194721	
0	-0.20886	0.833284	-0.5118739999999999	0.0	0.352194	0.552387	0.7555310000000001	0.0	0.912325	-0.0224793	-0.40884899999999996	0.0	-3.2126	2.5907299999999998	0.561808	0.361215	0.251415	0.789355	-0.560098	0.0	-0.06292640000000001	-0.564131	-0.823284	0.0	-0.965831	0.242231	-0.09215980000000001	0.0	2.9921900000000003	2.44211	0.8570629999999999	0.351473	
0	-0.221881	0.7560319999999999	-0.615779	0.0	0.344343	0.6515850000000001	0.675918	0.0	0.912248	-0.062065699999999994	-0.404909	0.0	-3.2149099999999997	2.58216	0.44741000000000003	0.364001	0.306028	0.729005	-0.61229	0.0	-0.16578199999999998	-0.592514	-0.788317	0.0	-0.937477	0.342754	-0.0604697	0.0	2.98277	2.5358099999999997	0.766935	0.334395	
0	-0.15802	0.648472	-0.744657	0.0	0.362624	0.739549	0.5670729999999999	0.0	0.918441	-0.180421	-0.352015	0.0	-3.15364	2.3555900000000003	0.540954	0.36396	0.31250300000000003	0.709536	-0.631586	0.0	-0.21479299999999998	-0.594885	-0.774582	0.0	-0.925314	0.37772	-0.0335005	0.0	2.95078	2.5355	0.723735	0.328344	
0	-0.0398345	0.5494439999999999	-0.8345799999999999	0.0	0.520506	0.724379	0.452049	0.0	0.852928	-0.416397	-0.314844	0.0	-3.2647	1.8952	0.673672	0.36398400000000003	0.32895399999999997	0.690841	-0.643839	0.0	-0.21923299999999998	-0.6072890000000001	-0.763634	0.0	-0.9185459999999999	0.392351	-0.0483149	0.0	2.9291400000000003	2.46691	0.657784	0.327602	
0	0.07977630000000001	0.5301130000000001	-0.844166	0.0	0.597037	0.65275	0.46633100000000005	0.0	0.798238	-0.5412	-0.264423	0.0	-3.46409	1.46496	0.696819	0.363981	0.327283	0.686045	-0.649791	0.0	-0.220585	-0.6131939999999999	-0.758509	0.0	-0.918819	0.39158200000000004	-0.049357	0.0	2.886	2.34766	0.6406350000000001	0.327381	
0	0.312616	0.497871	-0.808947	0.0	0.683528	0.473459	0.555541	0.0	0.659591	-0.7266100000000001	-0.192298	0.0	-3.62144	1.12594	0.709059	0.363991	0.304517	0.682326	-0.664605	0.0	-0.20461400000000002	-0.634594	-0.745268	0.0	-0.93027	0.36293400000000003	-0.053631200000000004	0.0	2.82475	2.19026	0.643401	0.33197600000000005	
0	0.47825100000000004	0.483946	-0.732853	0.0	0.66719	0.34241900000000003	0.661519	0.0	0.571082	-0.8053239999999999	-0.159122	0.0	-3.8542199999999998	0.8414219999999999	0.5968180000000001	0.363989	0.279386	0.686262	-0.671557	0.0	-0.193493	-0.64482	-0.739437	0.0	-0.9404809999999999	0.33653	-0.0473671	0.0	2.73905	2.06371	0.695088	0.335454	
0	0.61131	0.516717	-0.5994189999999999	0.0	0.598322	0.193991	0.777418	0.0	0.517987	-0.833889	-0.190575	0.0	-3.9462699999999997	0.748785	0.353543	0.36399699999999996	0.267362	0.697217	-0.665136	0.0	-0.184495	-0.640454	-0.745506	0.0	-0.9457690000000001	0.322034	-0.042600099999999995	0.0	2.6888099999999997	2.0039	0.734288	0.33711399999999997	
0	0.690441	0.521972	-0.500835	0.0	0.536532	0.09487369999999999	0.8385299999999999	0.0	0.485205	-0.84767	-0.21455	0.0	-3.8759900000000003	0.697894	0.07488689999999999	0.363989	0.26403899999999997	0.706484	-0.6566310000000001	0.0	-0.179428	-0.6329279999999999	-0.753132	0.0	-0.9476760000000001	0.31667399999999996	-0.040354400000000006	0.0	2.6627400000000003	1.9595599999999997	0.74379	0.337819	
0	0.714336	0.5437770000000001	-0.44048999999999994	0.0	0.503913	0.0370772	0.862959	0.0	0.48558900000000005	-0.838411	-0.24753000000000003	0.0	-3.7143800000000002	0.668438	-0.19484400000000002	0.363946	0.254332	0.709336	-0.6573869999999999	0.0	-0.177924	-0.633818	-0.75274	0.0	-0.9506100000000001	0.308411	-0.0349923	0.0	2.61937	1.93819	0.770706	0.33908699999999997	
0	0.711612	0.5407850000000001	-0.448509	0.0	0.5243369999999999	0.0161197	0.851358	0.0	0.467632	-0.8410059999999999	-0.272083	0.0	-3.4820800000000003	0.551649	-0.503456	0.364031	0.239602	0.707742	-0.6646	0.0	-0.17423	-0.6420819999999999	-0.746575	0.0	-0.95511	0.294674	-0.030534600000000002	0.0	2.5714599999999996	1.86002	0.805534	0.340775	
0	0.643762	0.5881850000000001	-0.48949799999999993	0.0	0.58808	0.029020599999999997	0.808282	0.0	0.489625	-0.8082060000000001	-0.327217	0.0	-3.32436	0.42913199999999996	-0.7670239999999999	0.36341	0.214655	0.7027939999999999	-0.678235	0.0	-0.168791	-0.65728	-0.7345010000000001	0.0	-0.961994	0.272144	-0.0224636	0.0	2.5339400000000003	1.80607	0.848223	0.344015	
0	0.6351220000000001	0.58282	-0.506894	0.0	0.5963470000000001	0.04708830000000001	0.801345	0.0	0.490908	-0.811236	-0.317656	0.0	-3.2265900000000003	0.309177	-0.956743	0.363739	0.20081500000000002	0.698551	-0.686804	0.0	-0.163321	-0.667401	-0.7265689999999999	0.0	-0.9659190000000001	0.258076	-0.0199364	0.0	2.51012	1.75121	0.872655	0.345351	
0	0.634274	0.573013	-0.518992	0.0	0.594988	0.0668413	0.80095	0.0	0.493645	-0.816816	-0.29854	0.0	-3.17597	0.06941280000000001	-1.1727100000000001	0.36396999999999996	0.18826800000000002	0.697342	-0.69157	0.0	-0.15846	-0.6733680000000001	-0.722126	0.0	-0.96925	0.24554	-0.0162733	0.0	2.47485	1.7153200000000002	0.923657	0.34718899999999997	
0	0.6685409999999999	0.550826	-0.499644	0.0	0.564639	0.0612774	0.82306	0.0	0.48398	-0.832368	-0.27005100000000004	0.0	-3.1781	-0.125218	-1.2918399999999999	0.363983	0.182536	0.696516	-0.6939350000000001	0.0	-0.157058	-0.6760729999999999	-0.719901	0.0	-0.9705739999999999	0.240396	-0.014014500000000001	0.0	2.45248	1.6797	0.9523360000000001	0.348206	
0	0.679898	0.53292	-0.503721	0.0	0.561736	0.0630501	0.82491	0.0	0.471371	-0.8438129999999999	-0.25649299999999997	0.0	-3.18118	-0.311662	-1.33474	0.363722	0.18096500000000001	0.6962149999999999	-0.6946479999999999	0.0	-0.155467	-0.677179	-0.7192069999999999	0.0	-0.971124	0.238146	-0.014307499999999999	0.0	2.44697	1.6601400000000002	0.9627450000000001	0.34856	
0	0.678292	0.531465	-0.50741	0.0	0.560858	0.07166619999999999	0.8248049999999999	0.0	0.47471899999999995	-0.844043	-0.249466	0.0	-3.11932	-0.38401399999999997	-1.3362100000000001	0.36327600000000004	0.182059	0.69796	-0.692608	0.0	-0.153578	-0.675552	-0.721141	0.0	-0.9712200000000001	0.23765999999999998	-0.015799200000000003	0.0	2.45319	1.6577	0.9641930000000001	0.348585	
0	0.675004	0.532111	-0.511105	0.0	0.561393	0.0790933	0.8237610000000001	0.0	0.478757	-0.8429719999999999	-0.245335	0.0	-3.0861	-0.38104299999999997	-1.3078	0.363051	0.18043199999999998	0.6988880000000001	-0.692098	0.0	-0.152395	-0.6752859999999999	-0.721641	0.0	-0.9717100000000001	0.235679	-0.015336099999999998	0.0	2.46074	1.6453200000000001	0.9584030000000001	0.348735	
0	0.673086	0.534644	-0.5109899999999999	0.0	0.5615140000000001	0.0802189	0.82357	0.0	0.481307	-0.8412620000000001	-0.246216	0.0	-3.0691	-0.35826199999999997	-1.2989700000000002	0.362757	0.18024400000000002	0.695925	-0.695126	0.0	-0.154949	-0.6777880000000001	-0.718745	0.0	-0.971341	0.23725900000000003	-0.0143343	0.0	2.45909	1.6521599999999999	0.957491	0.348405	
0	0.674607	0.5279510000000001	-0.5159199999999999	0.0	0.564816	0.08082080000000001	0.821249	0.0	0.47527600000000003	-0.8454209999999999	-0.243673	0.0	-3.1018	-0.313085	-1.3327799999999999	0.362696	0.181093	0.6938949999999999	-0.696933	0.0	-0.156218	-0.679357	-0.716987	0.0	-0.97098	0.23871399999999998	-0.0146279	0.0	2.4496900000000004	1.66104	0.950996	0.348423	
0	0.675715	0.5280229999999999	-0.514393	0.0	0.564157	0.0787334	0.8219049999999999	0.0	0.47448500000000005	-0.8455719999999999	-0.24468600000000001	0.0	-3.12201	-0.293526	-1.3439	0.36283200000000004	0.18110199999999999	0.693113	-0.697708	0.0	-0.15626400000000001	-0.6801470000000001	-0.716228	0.0	-0.9709709999999999	0.23873699999999998	-0.014867400000000001	0.0	2.44709	1.6627900000000002	0.9553530000000001	0.348406	
0	0.684139	0.517571	-0.513881	0.0	0.564462	0.0704608	0.8224459999999999	0.0	0.461883	-0.852734	-0.243944	0.0	-3.16035	-0.320087	-1.30441	0.36412	0.180871	0.6946180000000001	-0.6962689999999999	0.0	-0.155507	-0.6788420000000001	-0.717629	0.0	-0.9711350000000001	0.238073	-0.014764700000000002	0.0	2.4472	1.655	0.9529040000000001	0.348263	
0	0.701968	0.454179	-0.548601	0.0	0.5652	0.113434	0.817118	0.0	0.43334799999999996	-0.88366	-0.177074	0.0	-3.24975	-0.5264340000000001	-1.23424	0.36399000000000004	0.18127000000000001	0.690819	-0.699936	0.0	-0.15743	-0.682164	-0.714051	0.0	-0.970751	0.239627	-0.0149004	0.0	2.44333	1.6582	0.9479989999999999	0.348024	
0	0.782289	0.333582	-0.526068	0.0	0.5198689999999999	0.11562	0.8463860000000001	0.0	0.343163	-0.9356040000000001	-0.0829705	0.0	-3.3543199999999995	-0.837205	-1.1195899999999999	0.363205	0.18149500000000002	0.6867939999999999	-0.703828	0.0	-0.160458	-0.685441	-0.710228	0.0	-0.9702129999999999	0.241838	-0.0142029	0.0	2.4312	1.6673	0.956145	0.347719	
0	0.851008	0.271943	-0.449258	0.0	0.44788599999999995	0.07082580000000001	0.891281	0.0	0.27419699999999997	-0.9597040000000001	-0.06152609999999999	0.0	-3.59056	-1.14364	-1.1536899999999999	0.36239499999999997	0.179003	0.6820149999999999	-0.709094	0.0	-0.16353900000000002	-0.690082	-0.705013	0.0	-0.970161	0.242164	-0.011990899999999999	0.0	2.41033	1.6710099999999999	0.96188	0.347505	
0	0.8263520000000001	0.354431	-0.43763100000000005	0.0	0.45268400000000003	0.0442023	0.890575	0.0	0.334992	-0.9340370000000001	-0.123919	0.0	-3.73746	-1.24985	-1.41497	0.36075799999999997	0.17288399999999998	0.677305	-0.715101	0.0	-0.166765	-0.695422	-0.698983	0.0	-0.970722	0.24009699999999998	-0.0072763	0.0	2.3984400000000003	1.6729599999999998	0.983036	0.347535	
0	0.795265	0.403661	-0.45233999999999996	0.0	0.48462700000000003	0.0250264	0.8743629999999999	0.0	0.364267	-0.914566	-0.175723	0.0	-3.6504199999999996	-1.22262	-1.67757	0.360283	0.165364	0.67305	-0.720873	0.0	-0.16897	-0.7007939999999999	-0.693064	0.0	-0.97165	0.236413	-0.00216076	0.0	2.3898200000000003	1.6832799999999999	1.0127899999999999	0.347819	
0	0.784737	0.42947299999999994	-0.446924	0.0	0.484062	0.025713599999999996	0.874656	0.0	0.387133	-0.9027139999999999	-0.18771300000000002	0.0	-3.54081	-1.20907	-1.86552	0.358526	0.157395	0.668041	-0.727288	0.0	-0.17336400000000002	-0.706339	-0.686317	0.0	-0.9721989999999999	0.234109	0.00463991	0.0	2.38233	1.6885400000000002	1.03072	0.347749	
0	0.771683	0.43113599999999996	-0.467577	0.0	0.49881000000000003	0.045843	0.865498	0.0	0.39458200000000004	-0.901122	-0.179678	0.0	-3.4150699999999996	-1.22915	-1.92734	0.359651	0.150909	0.666626	-0.729956	0.0	-0.18113900000000002	-0.707263	-0.683351	0.0	-0.9718100000000001	0.235348	0.0140192	0.0	2.37051	1.6869	1.05053	0.347047	
0	0.765047	0.414847	-0.49254899999999996	0.0	0.513622	0.06828730000000001	0.855295	0.0	0.388452	-0.907325	-0.160832	0.0	-3.3258900000000002	-1.25891	-1.9265299999999999	0.360592	0.142253	0.669887	-0.728708	0.0	-0.185845	-0.7050270000000001	-0.684397	0.0	-0.9722270000000001	0.23278400000000002	0.024203099999999998	0.0	2.34767	1.67429	1.09069	0.347306	
0	0.7438939999999999	0.426917	-0.514163	0.0	0.528886	0.0942422	0.8434440000000001	0.0	0.408536	-0.899367	-0.155684	0.0	-3.27327	-1.30567	-1.8228099999999998	0.361723	0.137247	0.67109	-0.728562	0.0	-0.188796	-0.7043159999999999	-0.684321	0.0	-0.9723780000000001	0.23146999999999998	0.0300336	0.0	2.32571	1.66452	1.09786	0.347306	
0	0.745451	0.41453599999999996	-0.521979	0.0	0.533345	0.0987589	0.8401129999999999	0.0	0.399808	-0.904658	-0.147471	0.0	-3.2429	-1.33734	-1.7306599999999999	0.362444	0.13612	0.669574	-0.730166	0.0	-0.185779	-0.706699	-0.682688	0.0	-0.973117	0.228577	0.0281968	0.0	2.3218799999999997	1.6719099999999998	1.1184399999999999	0.34784699999999996	
0	0.747101	0.410542	-0.522776	0.0	0.5339119999999999	0.09785	0.839859	0.0	0.39595199999999997	-0.906576	-0.14609	0.0	-3.22872	-1.34144	-1.70745	0.362504	0.13555899999999999	0.6679189999999999	-0.731784	0.0	-0.183096	-0.708992	-0.681033	0.0	-0.9737040000000001	0.226307	0.026182599999999997	0.0	2.33323	1.6732799999999999	1.1379	0.348234	
0	0.7474810000000001	0.40581	-0.525918	0.0	0.5357930000000001	0.0996955	0.838443	0.0	0.39268000000000003	-0.9085040000000001	-0.14290899999999998	0.0	-3.2166799999999998	-1.3392	-1.69887	0.362568	0.135735	0.666862	-0.732715	0.0	-0.183694	-0.709797	-0.680033	0.0	-0.973567	0.226899	0.026154200000000002	0.0	2.3453	1.67953	1.14806	0.347841	
0	0.7467779999999999	0.401806	-0.529975	0.0	0.539248	0.100601	0.836116	0.0	0.389273	-0.9101819999999999	-0.141547	0.0	-3.23291	-1.3335700000000001	-1.6902	0.362062	0.135757	0.666274	-0.733246	0.0	-0.185921	-0.709816	-0.679407	0.0	-0.973141	0.22855999999999999	0.0275118	0.0	2.35036	1.6765900000000002	1.15391	0.347629	
0	0.746663	0.40199	-0.529999	0.0	0.539329	0.100548	0.8360709999999999	0.0	0.389383	-0.910107	-0.14173	0.0	-3.23293	-1.33277	-1.69278	0.362136	0.135799	0.666145	-0.733355	0.0	-0.186255	-0.709849	-0.6792819999999999	0.0	-0.9730709999999999	0.22883699999999998	0.0276762	0.0	2.34924	1.6752099999999999	1.15362	0.347595	
0	0.746664	0.401989	-0.529999	0.0	0.539329	0.100548	0.8360709999999999	0.0	0.389382	-0.910107	-0.141728	0.0	-3.23292	-1.33277	-1.69278	0.362136	0.135799	0.666146	-0.733355	0.0	-0.186256	-0.7098479999999999	-0.679283	0.0	-0.9730709999999999	0.228838	0.027677099999999996	0.0	2.34924	1.6752200000000002	1.15362	0.347594	
0	0.746664	0.401989	-0.529999	0.0	0.539329	0.100549	0.8360709999999999	0.0	0.389382	-0.910107	-0.141728	0.0	-3.23292	-1.33277	-1.69278	0.362136	0.135799	0.666145	-0.733355	0.0	-0.186256	-0.7098479999999999	-0.679283	0.0	-0.9730709999999999	0.228838	0.0276773	0.0	2.34924	1.6752200000000002	1.15362	0.347594	
0	0.746664	0.401989	-0.529999	0.0	0.539329	0.100548	0.8360709999999999	0.0	0.389382	-0.910107	-0.141728	0.0	-3.23292	-1.33277	-1.69278	0.362136	0.135799	0.666146	-0.733355	0.0	-0.186256	-0.7098479999999999	-0.679283	0.0	-0.9730709999999999	0.228838	0.0276773	0.0	2.34924	1.6752200000000002	1.15362	0.347595	
0	0.746664	0.401989	-0.529999	0.0	0.539329	0.100549	0.8360709999999999	0.0	0.389382	-0.910107	-0.141728	0.0	-3.23292	-1.33277	-1.69278	0.362136	0.135799	0.666146	-0.733355	0.0	-0.186256	-0.7098479999999999	-0.679283	0.0	-0.9730709999999999	0.228838	0.0276773	0.0	2.34924	1.6752200000000002	1.15362	0.347594	
0	0.746664	0.401989	-0.529999	0.0	0.539329	0.100549	0.8360709999999999	0.0	0.389382	-0.910107	-0.141728	0.0	-3.23292	-1.33277	-1.69278	0.362136	0.135799	0.666145	-0.733355	0.0	-0.186256	-0.7098479999999999	-0.679283	0.0	-0.9730709999999999	0.228838	0.0276773	0.0	2.34924	1.6752200000000002	1.15362	0.347594	
0	0.746664	0.401989	-0.529999	0.0	0.539329	0.100548	0.8360709999999999	0.0	0.389382	-0.910107	-0.141728	0.0	-3.23292	-1.33277	-1.69278	0.362136	0.135799	0.666146	-0.733355	0.0	-0.186256	-0.7098479999999999	-0.679283	0.0	-0.9730709999999999	0.228838	0.0276773	0.0	2.34924	1.6752200000000002	1.15362	0.347594	
0	0.746664	0.401989	-0.529999	0.0	0.539329	0.100548	0.8360709999999999	0.0	0.389382	-0.910107	-0.141728	0.0	-3.23292	-1.33277	-1.69278	0.362136	0.135799	0.666146	-0.733355	0.0	-0.186256	-0.7098479999999999	-0.679283	0.0	-0.9730709999999999	0.228838	0.0276773	0.0	2.34924	1.6752200000000002	1.15362	0.347594	
0	0.746664	0.401989	-0.529999	0.0	0.539329	0.100548	0.8360709999999999	0.0	0.389382	-0.910107	-0.141728	0.0	-3.23292	-1.33277	-1.69278	0.362136	0.135799	0.666146	-0.733355	0.0	-0.186256	-0.7098479999999999	-0.679283	0.0	-0.9730709999999999	0.228838	0.0276773	0.0	2.34924	1.6752200000000002	1.15362	0.347594	
0	0.746664	0.401989	-0.529999	0.0	0.539329	0.100548	0.8360709999999999	0.0	0.389382	-0.910107	-0.141728	0.0	-3.23292	-1.33277	-1.69278	0.362136	0.135799	0.666146	-0.733355	0.0	-0.186256	-0.7098479999999999	-0.679283	0.0	-0.9730709999999999	0.228838	0.0276773	0.0	2.34924	1.6752200000000002	1.15362	0.347594	
0	0.746664	0.401989	-0.529999	0.0	0.539329	0.100548	0.8360709999999999	0.0	0.389382	-0.910107	-0.141728	0.0	-3.23292	-1.33277	-1.69278	0.362136	0.135799	0.666145	-0.733355	0.0	-0.186256	-0.7098479999999999	-0.679283	0.0	-0.9730709999999999	0.228838	0.0276773	0.0	2.34924	1.6752200000000002	1.15362	0.347594	
0	0.807214	0.2925	-0.512688	0.0	0.5043850000000001	0.109349	0.856527	0.0	0.306596	-0.949993	-0.059264599999999994	0.0	-3.29196	-1.57676	-1.7792400000000002	0.36332	0.125126	0.646402	-0.752667	0.0	-0.20754099999999998	-0.724792	-0.6569649999999999	0.0	-0.970191	0.23841199999999999	0.043464300000000004	0.0	2.33533	1.72317	1.1919600000000001	0.34533	
0	0.823973	0.24161999999999997	-0.512532	0.0	0.49630100000000005	0.12871	0.858556	0.0	0.273412	-0.9617969999999999	-0.013863200000000001	0.0	-3.3052699999999997	-1.7925799999999998	-1.82981	0.36290300000000003	0.12343699999999999	0.64598	-0.753308	0.0	-0.207161	-0.725614	-0.6561779999999999	0.0	-0.9704879999999999	0.237053	0.044254	0.0	2.34018	1.7188	1.19236	0.34505399999999997	
0	0.799632	0.194658	-0.568064	0.0	0.537552	0.189576	0.821644	0.0	0.267631	-0.962377	0.0469522	0.0	-3.30272	-2.17217	-1.93701	0.362809	0.122553	0.6464489999999999	-0.75305	0.0	-0.205773	-0.725731	-0.656485	0.0	-0.9708959999999999	0.235411	0.0440814	0.0	2.3473	1.71901	1.19139	0.34531799999999996	
0	0.732984	0.106445	-0.671866	0.0	0.630104	0.265928	0.7295550000000001	0.0	0.256325	-0.958098	0.12785	0.0	-3.27461	-2.60563	-2.03057	0.362031	0.121751	0.64628	-0.753326	0.0	-0.20571	-0.726063	-0.656137	0.0	-0.97101	0.234852	0.044547	0.0	2.35249	1.7198099999999998	1.1920899999999999	0.345344	
0	0.703753	0.0671475	-0.707264	0.0	0.665955	0.284404	0.689651	0.0	0.247457	-0.95635	0.155433	0.0	-3.25961	-2.77483	-2.0606	0.36264	0.12213299999999999	0.646305	-0.753242	0.0	-0.20536	-0.7260449999999999	-0.656267	0.0	-0.971036	0.23483800000000002	0.0440505	0.0	2.3545599999999998	1.7221099999999998	1.19401	0.34534000000000004	
0	0.658397	0.05269490000000001	-0.7508239999999999	0.0	0.699276	0.326198	0.636088	0.0	0.278436	-0.943832	0.17792	0.0	-3.19407	-2.94287	-2.09674	0.362739	0.120716	0.6472859999999999	-0.752628	0.0	-0.204354	-0.72573	-0.656929	0.0	-0.971425	0.233104	0.044668099999999995	0.0	2.35682	1.71691	1.20849	0.345564	
0	0.581032	-0.00103754	-0.81388	0.0	0.762325	0.35094699999999995	0.54378	0.0	0.285065	-0.9363950000000001	0.204702	0.0	-3.0973900000000003	-3.04114	-2.12597	0.363877	0.11941500000000001	0.647938	-0.752274	0.0	-0.204296	-0.725446	-0.657261	0.0	-0.971598	0.232173	0.045741500000000004	0.0	2.36369	1.7166099999999997	1.2389	0.34549	
0	0.5628479999999999	-0.0327067	-0.8259129999999999	0.0	0.7785529999999999	0.356555	0.5164529999999999	0.0	0.277592	-0.933702	0.22615	0.0	-3.08658	-3.1023	-2.09558	0.36385300000000004	0.11976400000000001	0.647513	-0.7525850000000001	0.0	-0.20581300000000002	-0.725381	-0.65686	0.0	-0.9712350000000001	0.23356	0.0463916	0.0	2.36619	1.72491	1.24373	0.345227	
0	0.526277	-0.0447713	-0.849134	0.0	0.804164	0.350718	0.479914	0.0	0.27631999999999995	-0.9354100000000001	0.22057800000000002	0.0	-3.07392	-3.14521	-2.07207	0.36384099999999997	0.12040999999999999	0.6423220000000001	-0.7569170000000001	0.0	-0.21285199999999999	-0.728028	-0.651667	0.0	-0.9696370000000001	0.239579	0.049057300000000005	0.0	2.36691	1.7337799999999999	1.24322	0.343974	
0	0.494472	-0.0421968	-0.8681690000000001	0.0	0.8198219999999999	0.35448	0.44970600000000005	0.0	0.288773	-0.934111	0.20987399999999998	0.0	-3.07373	-3.14693	-2.0615	0.363613	0.114415	0.6350779999999999	-0.763927	0.0	-0.224336	-0.732597	-0.642632	0.0	-0.967772	0.244903	0.05865069999999999	0.0	2.3622799999999997	1.7453599999999998	1.2538	0.342567	
0	0.490508	-0.058490099999999996	-0.8694719999999999	0.0	0.837735	0.306442	0.45198900000000003	0.0	0.240006	-0.950091	0.199311	0.0	-3.07246	-3.14418	-2.06075	0.36275300000000005	0.11059000000000001	0.6341600000000001	-0.765252	0.0	-0.22819299999999998	-0.7332029999999999	-0.640579	0.0	-0.9673149999999999	0.24546700000000002	0.06362519999999999	0.0	2.36057	1.7493	1.28227	0.342275	
0	0.48765200000000003	-0.07642180000000001	-0.8696870000000001	0.0	0.870199	0.122823	0.47714700000000004	0.0	0.0703529	-0.989482	0.126397	0.0	-3.18519	-3.1979	-2.16995	0.361038	0.109382	0.634127	-0.7654529999999999	0.0	-0.228516	-0.733406	-0.640232	0.0	-0.967376	0.244948	0.0646863	0.0	2.36275	1.7499200000000001	1.29231	0.34217600000000004	
0	0.505628	-0.11073	-0.8556159999999999	0.0	0.862015	0.023874400000000004	0.50632	0.0	-0.0356375	-0.9935639999999999	0.10752300000000001	0.0	-3.3061199999999995	-3.3508400000000003	-2.28107	0.36041599999999996	0.10917400000000001	0.633219	-0.766235	0.0	-0.23085100000000003	-0.733615	-0.639154	0.0	-0.9668450000000001	0.246665	0.06608739999999999	0.0	2.36387	1.7483799999999998	1.29532	0.341802	
0	0.513245	-0.122519	-0.8494520000000001	0.0	0.856577	0.0115116	0.51589	0.0	-0.053427699999999995	-0.992399	0.110855	0.0	-3.3834800000000005	-3.34469	-2.24947	0.360389	0.10590899999999999	0.62912	-0.7700600000000001	0.0	-0.23379499999999998	-0.736952	-0.6342260000000001	0.0	-0.966501	0.24720599999999998	0.06903519999999999	0.0	2.36288	1.74845	1.30348	0.34152899999999997	
0	0.514085	-0.12076300000000001	-0.849195	0.0	0.8558209999999999	0.00604564	0.517237	0.0	-0.0573288	-0.992663	0.106459	0.0	-3.40895	-3.36375	-2.2362900000000003	0.360063	0.104247	0.626999	-0.772014	0.0	-0.23673699999999998	-0.738288	-0.631575	0.0	-0.965965	0.248604	0.0714692	0.0	2.36191	1.7555	1.31249	0.341058	
0	0.49884300000000004	-0.145928	-0.854319	0.0	0.864859	0.0197239	0.501628	0.0	-0.056351099999999994	-0.989099	0.136046	0.0	-3.50766	-3.44959	-2.22739	0.36248800000000003	0.101324	0.621138	-0.7771239999999999	0.0	-0.242065	-0.742275	-0.624846	0.0	-0.9649549999999999	0.25142600000000004	0.0751449	0.0	2.35982	1.7855299999999998	1.33009	0.340546	
0	0.502398	-0.150443	-0.851448	0.0	0.864176	0.0552419	0.5001479999999999	0.0	-0.028208099999999996	-0.987074	0.15776300000000001	0.0	-3.56834	-3.4573199999999997	-2.22051	0.363241	0.0998264	0.616733	-0.780817	0.0	-0.247996	-0.74455	-0.619793	0.0	-0.9636040000000001	0.255511	0.0786213	0.0	2.3601099999999997	1.80447	1.3418299999999999	0.33963699999999997	
0	0.485175	-0.114728	-0.866858	0.0	0.873181	0.116272	0.473325	0.0	0.0464879	-0.986569	0.156591	0.0	-3.5668699999999998	-3.4910300000000003	-2.2326	0.36601300000000003	0.09457689999999999	0.609301	-0.7872779999999999	0.0	-0.263613	-0.747265	-0.610002	0.0	-0.959981	0.265229	0.0899459	0.0	2.3588400000000003	1.81506	1.3532600000000001	0.337321	
0	0.414926	-0.0626376	-0.907696	0.0	0.900227	0.173012	0.399573	0.0	0.13201500000000002	-0.982926	0.128175	0.0	-3.61838	-3.51156	-2.1865099999999997	0.363098	0.0914299	0.609653	-0.787378	0.0	-0.265872	-0.747043	-0.609295	0.0	-0.9596629999999999	0.26505	0.09378739999999999	0.0	2.35547	1.8204799999999999	1.38093	0.337395	
0	0.339836	-0.033762099999999996	-0.9398780000000001	0.0	0.9258379999999999	0.187694	0.328017	0.0	0.16533499999999998	-0.9816469999999999	0.0950433	0.0	-3.5873	-3.5194300000000003	-2.15703	0.361981	0.0911159	0.610312	-0.786904	0.0	-0.266387	-0.7464569999999999	-0.609787	0.0	-0.95955	0.26518200000000003	0.09456469999999999	0.0	2.3509700000000002	1.8157599999999998	1.39317	0.337285	
0	0.255146	-0.0193082	-0.9667100000000001	0.0	0.9494610000000001	0.194046	0.246718	0.0	0.182823	-0.9808020000000001	0.0678426	0.0	-3.46044	-3.60658	-2.19886	0.37540999999999997	0.08896380000000001	0.611787	-0.786004	0.0	-0.265334	-0.746062	-0.610729	0.0	-0.960043	0.262886	0.0959552	0.0	2.35033	1.80036	1.40803	0.337571	
0	0.187844	-0.00394291	-0.982191	0.0	0.95665	0.227334	0.18204700000000001	0.0	0.222568	-0.973809	0.046475300000000004	0.0	-3.4614800000000003	-3.60296	-2.20654	0.378941	0.0867072	0.612459	-0.785733	0.0	-0.265069	-0.7460899999999999	-0.610809	0.0	-0.9603229999999999	0.261235	0.09765239999999999	0.0	2.3470299999999997	1.78742	1.4175799999999998	0.337754	
0	0.0689554	0.0131423	-0.997533	0.0	0.95505	0.288107	0.0698145	0.0	0.288314	-0.957508	0.00731492	0.0	-3.5169599999999996	-3.5935	-2.21572	0.366082	0.0840263	0.613495	-0.785216	0.0	-0.266987	-0.74533	-0.6109020000000001	0.0	-0.9600299999999999	0.260974	0.101168	0.0	2.34085	1.7765900000000001	1.42846	0.33766	
0	0.0368314	0.0108447	-0.9992629999999999	0.0	0.9541959999999999	0.296711	0.038390499999999994	0.0	0.296908	-0.9549059999999999	0.000580192	0.0	-3.50688	-3.5854800000000004	-2.23413	0.34521799999999997	0.0776763	0.614371	-0.785185	0.0	-0.267432	-0.745862	-0.610058	0.0	-0.960441	0.257371	0.106366	0.0	2.3338099999999997	1.7669700000000002	1.44145	0.33788	
0	0.042944800000000005	0.00637105	-0.999057	0.0	0.962392	0.268225	0.0430792	0.0	0.26824699999999996	-0.963335	0.00538743	0.0	-3.48541	-3.57005	-2.26058	0.344423	0.0741068	0.613364	-0.786316	0.0	-0.268468	-0.747104	-0.608079	0.0	-0.960434	0.256164	0.109304	0.0	2.32587	1.7701900000000002	1.45415	0.33807600000000004	
0	0.10267799999999999	-0.00039684800000000005	-0.994715	0.0	0.974823	0.199025	0.10054500000000001	0.0	0.197933	-0.9799950000000001	0.020822099999999996	0.0	-3.43655	-3.53743	-2.30208	0.349719	0.07345039999999999	0.61198	-0.787455	0.0	-0.268732	-0.748237	-0.606567	0.0	-0.960411	0.25616700000000003	0.1095	0.0	2.3226	1.7751299999999999	1.4599799999999998	0.338053	
0	0.15021800000000002	-0.015325299999999998	-0.988534	0.0	0.9773129999999999	0.153308	0.146136	0.0	0.149311	-0.98806	0.0380072	0.0	-3.39456	-3.57427	-2.38008	0.351642	0.07312010000000001	0.611273	-0.788035	0.0	-0.268543	-0.7489	-0.605833	0.0	-0.9604879999999999	0.25592	0.109394	0.0	2.32212	1.7793599999999998	1.46315	0.338034	
0	0.256894	-0.039732199999999995	-0.965623	0.0	0.964828	0.0682316	0.253875	0.0	0.0557991	-0.996878	0.0558629	0.0	-3.31561	-3.62595	-2.43027	0.35743	0.0702704	0.608603	-0.790357	0.0	-0.27116999999999997	-0.7508239999999999	-0.602271	0.0	-0.9599629999999999	0.256643	0.112274	0.0	2.31993	1.7807400000000002	1.4730299999999998	0.337775	
0	0.330519	-0.0646859	-0.94158	0.0	0.943542	-0.000641227	0.331252	0.0	-0.022031099999999998	-0.9979049999999999	0.060822	0.0	-3.26058	-3.6474800000000003	-2.4241900000000003	0.357145	0.0683877	0.606511	-0.792129	0.0	-0.273597	-0.752146	-0.599517	0.0	-0.95941	0.25772399999999995	0.11450199999999999	0.0	2.31935	1.7911299999999999	1.4840200000000001	0.337501	
0	0.397572	-0.080657	-0.914019	0.0	0.9147850000000001	-0.0427239	0.40167600000000003	0.0	-0.0714484	-0.995826	0.056798	0.0	-3.2144	-3.63343	-2.4464099999999998	0.3563	0.0648048	0.604334	-0.794092	0.0	-0.276335	-0.753777	-0.596204	0.0	-0.958874	0.25807199999999997	0.11815	0.0	2.31707	1.79195	1.49919	0.33715700000000004	
0	0.414513	-0.0782662	-0.9066719999999999	0.0	0.90714	-0.0439936	0.41852399999999995	0.0	-0.0726441	-0.9959610000000001	0.0527625	0.0	-3.21424	-3.63372	-2.4491099999999997	0.357258	0.0636828	0.603129	-0.795098	0.0	-0.277359	-0.754631	-0.594647	0.0	-0.9586540000000001	0.258396	0.119226	0.0	2.31619	1.79653	1.50244	0.337074	
0	0.43288000000000004	-0.0937044	-0.896568	0.0	0.893133	-0.09022619999999999	0.440651	0.0	-0.12218499999999999	-0.991503	0.0446332	0.0	-3.2096400000000003	-3.62931	-2.45585	0.368799	0.060303699999999995	0.6004649999999999	-0.797374	0.0	-0.280026	-0.7565729999999999	-0.590917	0.0	-0.958097	0.25892	0.122521	0.0	2.31592	1.79925	1.50752	0.336737	
0	0.433108	-0.0923511	-0.896598	0.0	0.890998	-0.106406	0.441363	0.0	-0.136163	-0.990025	0.0361994	0.0	-3.2100299999999997	-3.6269099999999996	-2.45082	0.36795700000000003	0.056202800000000004	0.597072	-0.800216	0.0	-0.28443	-0.7586970000000001	-0.58607	0.0	-0.957048	0.26054499999999997	0.127184	0.0	2.32592	1.84037	1.55164	0.336066	
0	0.430015	-0.0930109	-0.898018	0.0	0.892518	-0.106052	0.438366	0.0	-0.136009	-0.990001	0.03741	0.0	-3.21014	-3.62699	-2.45018	0.367199	0.056147800000000005	0.596967	-0.800299	0.0	-0.28521599999999997	-0.758571	-0.585851	0.0	-0.956817	0.261153	0.127672	0.0	2.3279799999999997	1.84552	1.55354	0.335975	
0	0.460491	-0.117059	-0.879912	0.0	0.882511	-0.0462832	0.468009	0.0	-0.0955096	-0.9920459999999999	0.0819929	0.0	-3.20899	-3.5951699999999995	-2.45349	0.154678	0.0547285	0.595525	-0.801471	0.0	-0.29173699999999997	-0.758112	-0.583229	0.0	-0.954931	0.26573800000000003	0.132247	0.0	2.34956	1.88012	1.57335	0.334727	
0	0.46697799999999995	-0.0888803	-0.879791	0.0	0.882591	-0.014411700000000001	0.469921	0.0	-0.054446	-0.9959379999999999	0.07171489999999998	0.0	-3.2492900000000002	-3.5853300000000004	-2.42152	0.152088	0.0536034	0.594096	-0.802606	0.0	-0.292389	-0.759196	-0.581491	0.0	-0.9547959999999999	0.265843	0.133011	0.0	2.35268	1.8826	1.57843	0.334561	
0	0.45683999999999997	-0.09453660000000001	-0.884511	0.0	0.887921	-0.0116709	0.45984899999999995	0.0	-0.0537956	-0.995453	0.07860930000000001	0.0	-3.2485	-3.5879300000000005	-2.4104200000000002	0.152053	0.053837199999999995	0.593301	-0.803179	0.0	-0.29379099999999997	-0.759332	-0.580605	0.0	-0.9543520000000001	0.267225	0.133426	0.0	2.35894	1.8846599999999998	1.5786200000000001	0.334287	
0	0.433859	-0.12674100000000002	-0.892022	0.0	0.8999780000000001	0.0142697	0.43570200000000003	0.0	-0.042492199999999994	-0.991833	0.120255	0.0	-3.2953300000000003	-3.5894699999999995	-2.30777	0.152728	0.0524424	0.59455	-0.802347	0.0	-0.293417	-0.758815	-0.5814699999999999	0.0	-0.9545450000000001	0.265916	0.134657	0.0	2.3693	1.88792	1.58513	0.334393	
0	0.39703	-0.12217599999999999	-0.909637	0.0	0.9175530000000001	0.0295946	0.39651	0.0	-0.0215236	-0.992067	0.12385299999999999	0.0	-3.39495	-3.5896800000000004	-2.17435	0.15229700000000002	0.0513129	0.594709	-0.8023020000000001	0.0	-0.291373	-0.759493	-0.581612	0.0	-0.955232	0.263614	0.13430999999999998	0.0	2.37135	1.8901400000000002	1.58122	0.334829	
0	0.345258	-0.08860470000000001	-0.934316	0.0	0.9381440000000001	0.06029299999999999	0.340955	0.0	0.0261226	-0.99424	0.103941	0.0	-3.4600199999999997	-3.50775	-2.14113	0.152247	0.0467775	0.601062	-0.797833	0.0	-0.281694	-0.7583529999999999	-0.587835	0.0	-0.958363	0.252242	0.13384100000000002	0.0	2.3777	1.87675	1.57473	0.336547	
0	0.32515700000000003	-0.0528564	-0.944182	0.0	0.9441860000000001	0.0738763	0.321023	0.0	0.052784500000000005	-0.995866	0.07392760000000001	0.0	-3.50409	-3.38364	-2.11616	0.152347	0.0458111	0.606632	-0.793662	0.0	-0.275448	-0.756025	-0.5937640000000001	0.0	-0.960224	0.245813	0.132461	0.0	2.39273	1.87146	1.56355	0.33763200000000004	
0	0.282396	0.049610699999999994	-0.9580139999999999	0.0	0.951896	0.109332	0.286254	0.0	0.11894300000000001	-0.992767	-0.0163494	0.0	-3.60834	-2.8284	-2.15558	0.152498	0.0426933	0.6224770000000001	-0.781473	0.0	-0.25046199999999996	-0.750541	-0.611521	0.0	-0.9671850000000001	0.22183699999999998	0.12386300000000001	0.0	2.44305	1.85011	1.51024	0.34228400000000003	
0	0.25751199999999996	0.171249	-0.9509790000000001	0.0	0.952002	0.123572	0.280042	0.0	0.165471	-0.977448	-0.131208	0.0	-3.6102800000000004	-1.94725	-2.2035	0.152525	0.04555	0.624087	-0.780026	0.0	-0.22964	-0.753384	-0.6161810000000001	0.0	-0.972209	0.20719200000000002	0.108998	0.0	2.47764	1.81497	1.42784	0.344572	
0	0.253898	0.21851500000000001	-0.942225	0.0	0.95065	0.123225	0.284746	0.0	0.17832699999999999	-0.9680219999999999	-0.17644400000000002	0.0	-3.59324	-1.60925	-2.2077299999999997	0.15251900000000002	0.0467106	0.623142	-0.780712	0.0	-0.226609	-0.754578	-0.615841	0.0	-0.972865	0.205683	0.10596300000000002	0.0	2.4811799999999997	1.8023200000000001	1.40665	0.34518899999999997	
4	0.24202100000000001	0.284654	-0.9275770000000001	0.0	0.945486	0.145511	0.291348	0.0	0.217906	-0.947523	-0.23391900000000002	0.0	-3.49856	-0.995149	-2.1368099999999997	0.152373	0.0447071	0.618976	-0.7841359999999999	0.0	-0.21010700000000002	-0.7615390000000001	-0.613118	0.0	-0.976656	0.192163	0.096005	0.0	2.47339	1.7580099999999999	1.38741	0.348058	
4	0.24340599999999998	0.382106	-0.891487	0.0	0.931552	0.163875	0.324585	0.0	0.270119	-0.909472	-0.316064	0.0	-3.33722	-0.32616	-2.062	0.152504	0.036819300000000006	0.6190640000000001	-0.7844770000000001	0.0	-0.155112	-0.7719550000000001	-0.616463	0.0	-0.9872110000000001	0.144379	0.0676013	0.0	2.44306	1.6721	1.3514	0.353094	
4	0.24833400000000003	0.415871	-0.8748610000000001	0.0	0.9216559999999999	0.17652400000000001	0.345529	0.0	0.298129	-0.892127	-0.339453	0.0	-3.2689999999999997	-0.105679	-2.0324400000000002	0.15249400000000002	0.0411103	0.6140359999999999	-0.788207	0.0	-0.108992	-0.78141	-0.614426	0.0	-0.993192	0.111168	0.034801099999999995	0.0	2.4293099999999996	1.62545	1.29673	0.353761	
4	0.307379	0.491	-0.81513	0.0	0.8811110000000001	0.17666199999999999	0.438673	0.0	0.35939099999999996	-0.853059	-0.378323	0.0	-2.87879	0.190625	-1.9777099999999999	0.152339	0.0724559	0.5614939999999999	-0.8243030000000001	0.0	0.0636095	-0.8273940000000001	-0.558008	0.0	-0.995341	-0.0120024	-0.095666	0.0	2.37891	1.53445	1.04813	0.354627	
4	0.335595	0.506087	-0.794513	0.0	0.861237	0.176861	0.47643500000000005	0.0	0.38163600000000003	-0.8441540000000001	-0.376508	0.0	-2.67347	0.181176	-1.9826099999999998	0.152336	0.104026	0.506959	-0.85567	0.0	0.116655	-0.860618	-0.495709	0.0	-0.9877100000000001	-0.048251999999999996	-0.14866600000000002	0.0	2.34078	1.50062	0.926377	0.354983	
4	0.382822	0.55353	-0.73963	0.0	0.810631	0.182723	0.556319	0.0	0.443086	-0.812538	-0.378758	0.0	-2.2058	0.108825	-2.04483	0.152334	0.158909	0.446842	-0.8803860000000001	0.0	0.254857	-0.8800610000000001	-0.40067600000000003	0.0	-0.953832	-0.160701	-0.25373	0.0	2.19666	1.44016	0.657312	0.35488800000000004	
4	0.418358	0.579984	-0.698996	0.0	0.768157	0.18473299999999998	0.613032	0.0	0.484676	-0.7934060000000001	-0.368235	0.0	-1.8953900000000001	0.0215172	-2.17035	0.15223699999999998	0.177973	0.43873	-0.880819	0.0	0.30349299999999996	-0.8759469999999999	-0.374981	0.0	-0.9360649999999999	-0.200586	-0.289046	0.0	2.10741	1.41618	0.46076300000000003	0.354942	
4	0.431175	0.5882069999999999	-0.684178	0.0	0.752286	0.18429	0.632537	0.0	0.49815	-0.787432	-0.363039	0.0	-1.74705	-0.019051099999999998	-2.23005	0.152336	0.183653	0.43368199999999996	-0.882152	0.0	0.332032	-0.8720389999999999	-0.359586	0.0	-0.925217	-0.22686399999999998	-0.304149	0.0	2.0476900000000002	1.4144	0.356131	0.35491100000000003	
4	0.452348	0.590322	-0.668507	0.0	0.726723	0.190524	0.659981	0.0	0.516968	-0.7843600000000001	-0.342817	0.0	-1.4323700000000001	-0.16667200000000001	-2.36955	0.152347	0.173993	0.44737	-0.8772610000000001	0.0	0.380812	-0.852109	-0.35901500000000003	0.0	-0.908135	-0.27160500000000004	-0.318625	0.0	1.90073	1.38039	0.141101	0.355085	
4	0.46791400000000005	0.588026	-0.659759	0.0	0.700557	0.208314	0.6825140000000001	0.0	0.538773	-0.781557	-0.314473	0.0	-1.10503	-0.432742	-2.60351	0.152238	0.13014900000000001	0.44900100000000004	-0.8840020000000001	0.0	0.443796	-0.823665	-0.353016	0.0	-0.886626	-0.34637199999999996	-0.306464	0.0	1.55075	1.2319799999999999	-0.148004	0.355477	
4	0.472842	0.580386	-0.663003	0.0	0.689642	0.22458899999999998	0.688443	0.0	0.548466	-0.782759	-0.294064	0.0	-0.952475	-0.604822	-2.69235	0.15225	0.08852080000000001	0.44899399999999995	-0.8891389999999999	0.0	0.481571	-0.8006770000000001	-0.35637800000000003	0.0	-0.871925	-0.39663699999999996	-0.287099	0.0	1.31839	1.06135	-0.28279699999999997	0.35573499999999997	
4	0.47803900000000005	0.581255	-0.658499	0.0	0.6827310000000001	0.225768	0.694915	0.0	0.5525909999999999	-0.781774	-0.28891500000000003	0.0	-0.8987149999999999	-0.682309	-2.7219599999999997	0.152339	0.0645424	0.45111599999999996	-0.8901290000000001	0.0	0.5186470000000001	-0.777217	-0.356285	0.0	-0.852549	-0.43866700000000003	-0.28413299999999997	0.0	1.18603	0.922534	-0.375759	0.355712	
4	0.476922	0.5741689999999999	-0.665489	0.0	0.6835359999999999	0.233706	0.691491	0.0	0.552561	-0.784673	-0.281006	0.0	-0.8495799999999999	-0.7587119999999999	-2.75831	0.152321	0.0542898	0.441326	-0.895703	0.0	0.5555260000000001	-0.758734	-0.34016799999999997	0.0	-0.829725	-0.47911800000000004	-0.28636	0.0	1.0701100000000001	0.722386	-0.504837	0.356272	
4	0.482389	0.567044	-0.667654	0.0	0.685562	0.23004899999999998	0.690711	0.0	0.545257	-0.79091	-0.277771	0.0	-0.8052819999999999	-0.8408100000000001	-2.7942400000000003	0.152341	0.0384597	0.41738000000000003	-0.907918	0.0	0.644091	-0.705014	-0.296819	0.0	-0.763981	-0.573367	-0.29594499999999996	0.0	0.870533	0.0326334	-0.958249	0.354896	
4	0.48361400000000004	0.5626180000000001	-0.670506	0.0	0.690087	0.22614	0.687489	0.0	0.5384220000000001	-0.795187	-0.278891	0.0	-0.832736	-0.862118	-2.80049	0.152341	0.034972500000000004	0.410444	-0.911215	0.0	0.667323	-0.688316	-0.284431	0.0	-0.743947	-0.5981270000000001	-0.297971	0.0	0.8434209999999999	-0.19931600000000002	-1.10436	0.354281	
4	0.48582200000000003	0.554327	-0.675795	0.0	0.693127	0.22670300000000002	0.684238	0.0	0.532496	-0.800829	-0.274081	0.0	-0.881807	-0.89202	-2.7656099999999997	0.152249	0.0390974	0.400302	-0.915549	0.0	0.698574	-0.666083	-0.261397	0.0	-0.7144689999999999	-0.629358	-0.305683	0.0	0.8588469999999999	-0.655683	-1.35075	0.35497199999999995	
1	0.48532600000000004	0.541721	-0.686292	0.0	0.697099	0.23403400000000002	0.677702	0.0	0.527742	-0.8073199999999999	-0.26405100000000004	0.0	-0.91955	-0.8935049999999999	-2.7321	0.152343	0.0485458	0.38603699999999996	-0.9212049999999999	0.0	0.7380140000000001	-0.635333	-0.22734899999999997	0.0	-0.673037	-0.668826	-0.315744	0.0	1.00381	-1.0611	-1.50136	0.35495	
1	0.485914	0.5319619999999999	-0.693473	0.0	0.704029	0.231936	0.671229	0.0	0.51791	-0.814385	-0.261816	0.0	-0.974877	-0.897333	-2.6999400000000002	0.152343	0.0687464	0.38249	-0.921399	0.0	0.7669239999999999	-0.610947	-0.19639500000000001	0.0	-0.638045	-0.693141	-0.33534200000000003	0.0	1.28645	-1.44024	-1.61371	0.354871	
1	0.487025	0.530062	-0.6941470000000001	0.0	0.704879	0.230738	0.67075	0.0	0.515705	-0.815962	-0.261255	0.0	-0.994116	-0.896201	-2.67809	0.152343	0.0850219	0.398564	-0.913191	0.0	0.780018	-0.596884	-0.187888	0.0	-0.619955	-0.69633	-0.361636	0.0	1.49974	-1.55655	-1.76088	0.354732	
1	0.48696999999999996	0.527814	-0.695897	0.0	0.705309	0.23231	0.669755	0.0	0.51517	-0.816973	-0.259144	0.0	-1.00605	-0.901692	-2.6701099999999998	0.152343	0.102346	0.41276199999999996	-0.905071	0.0	0.790335	-0.58625	-0.177991	0.0	-0.604066	-0.6970930000000001	-0.386221	0.0	1.7350599999999998	-1.58123	-1.98058	0.354615	
1	0.48660200000000003	0.52862	-0.695543	0.0	0.705075	0.232465	0.6699470000000001	0.0	0.515837	-0.816408	-0.259598	0.0	-1.00643	-0.9020809999999999	-2.66935	0.152344	0.101118	0.41512299999999996	-0.904128	0.0	0.789566	-0.586388	-0.18093	0.0	-0.605278	-0.695574	-0.38706199999999996	0.0	1.75006	-1.57932	-1.99469	0.354533	
1	0.49076899999999996	0.511889	-0.705064	0.0	0.692404	0.262077	0.672229	0.0	0.528888	-0.818099	-0.22581500000000002	0.0	-1.00759	-0.9937459999999999	-2.63591	0.152246	0.159801	0.410009	-0.8979739999999999	0.0	0.769871	-0.621134	-0.146601	0.0	-0.61787	-0.6678970000000001	-0.414911	0.0	1.8696700000000002	-1.56266	-2.2107	0.355542	
1	0.514528	0.485622	-0.706705	0.0	0.678232	0.273792	0.681938	0.0	0.524654	-0.8301860000000001	-0.18849100000000002	0.0	-0.9717969999999999	-1.0834	-2.5328	0.152337	0.182696	0.389619	-0.902673	0.0	0.75203	-0.646786	-0.12696500000000002	0.0	-0.633304	-0.655641	-0.411171	0.0	1.8460900000000002	-1.56275	-2.32465	0.356033	
1	0.547628	0.459284	-0.699401	0.0	0.66008	0.276543	0.69844	0.0	0.514197	-0.844146	-0.151721	0.0	-0.955817	-1.1708399999999999	-2.48035	0.152238	0.185833	0.378176	-0.90689	0.0	0.746206	-0.654784	-0.12014100000000001	0.0	-0.639251	-0.654401	-0.403878	0.0	1.79867	-1.56245	-2.33545	0.35599699999999995	
