0	0.00781827	0.581149	-0.81376	0.0	0.284754	0.778799	0.558917	0.0	0.958569	-0.236091	-0.159396	0.0	-2.79449	1.96535	1.36815	0.00617194	-0.593133	0.516197	-0.617847	0.0	0.7512909999999999	0.07901419999999999	-0.655224	0.0	-0.289406	-0.852817	-0.43468	0.0	2.66032	2.0	1.53809	1.2889500000000002e-06	
0	-0.058883500000000005	0.5635100000000001	-0.824008	0.0	0.223322	0.811956	0.5393100000000001	0.0	0.972965	-0.15226199999999998	-0.173655	0.0	-2.89471	1.9580000000000002	1.3479700000000001	0.0	0.15754200000000002	0.30041100000000004	-0.940709	0.0	-0.0589307	-0.948047	-0.31262399999999996	0.0	-0.9857520000000001	0.10468800000000002	-0.131654	0.0	2.63333	2.01777	1.56254	0.000111178	
0	-0.144965	0.559545	-0.816024	0.0	0.196881	0.824556	0.53042	0.0	0.969651	-0.083767	-0.229696	0.0	-3.01742	2.13633	1.07345	0.0	0.356572	0.112657	-0.927451	0.0	-0.41345299999999996	-0.8711760000000001	-0.264779	0.0	-0.837802	0.47786999999999996	-0.264059	0.0	2.76568	2.11902	1.32874	0.056954599999999994	
0	-0.135016	0.540408	-0.8305	0.0	0.247336	0.8300219999999999	0.499888	0.0	0.959477	-0.13792000000000001	-0.245729	0.0	-3.0277700000000003	2.29743	1.02769	0.359076	0.410408	0.0674367	-0.9094049999999999	0.0	-0.46196099999999996	-0.8444510000000001	-0.2711	0.0	-0.78623	0.531371	-0.315417	0.0	2.85098	2.36373	1.07473	0.257469	
0	0.19934000000000002	0.60132	-0.7737430000000001	0.0	0.491432	0.621777	0.609826	0.0	0.8477959999999999	-0.5018050000000001	-0.171562	0.0	-3.11898	1.9334200000000001	1.21423	0.359883	0.39778	0.0826241	-0.913753	0.0	-0.44703999999999994	-0.8522620000000001	-0.27167199999999997	0.0	-0.801203	0.51655	-0.302077	0.0	2.95059	2.34463	1.06542	0.26579400000000003	
0	0.272662	0.613056	-0.7414970000000001	0.0	0.600761	0.493497	0.628925	0.0	0.7514930000000001	-0.616947	-0.233742	0.0	-3.4916400000000003	1.70774	0.987504	0.360457	0.41157	0.018852599999999997	-0.911183	0.0	-0.47030299999999997	-0.8519909999999999	-0.23005799999999998	0.0	-0.7806569999999999	0.523217	-0.34178800000000004	0.0	2.85197	2.22791	0.9539059999999999	0.287827	
0	0.428558	0.599262	-0.676183	0.0	0.690943	0.264859	0.672642	0.0	0.582182	-0.75547	-0.300548	0.0	-3.6206400000000003	1.6899099999999998	0.70749	0.36298400000000003	0.460664	0.00304687	-0.887569	0.0	-0.46238500000000005	-0.852756	-0.24291300000000002	0.0	-0.75762	0.5223	-0.391426	0.0	2.79383	2.0038	0.850404	0.30699699999999996	
0	0.48241300000000004	0.572005	-0.663391	0.0	0.691904	0.21559899999999999	0.6890470000000001	0.0	0.537165	-0.791408	-0.291765	0.0	-3.69279	1.43335	0.44727799999999995	0.362691	0.495667	0.023033599999999998	-0.868207	0.0	-0.44037600000000005	-0.85495	-0.274097	0.0	-0.748587	0.518199	-0.413628	0.0	2.77972	1.8332700000000002	0.780047	0.315924	
0	0.5249229999999999	0.570533	-0.6316229999999999	0.0	0.667726	0.184153	0.7212689999999999	0.0	0.5278229999999999	-0.800362	-0.284294	0.0	-3.594	1.12873	0.1061	0.363414	0.492249	0.0202027	-0.8702200000000001	0.0	-0.439808	-0.8569610000000001	-0.268677	0.0	-0.7511720000000001	0.5149859999999999	-0.41295299999999996	0.0	2.7706	1.7155200000000002	0.738735	0.31700700000000004	
0	0.5539850000000001	0.547858	-0.626859	0.0	0.65128	0.183833	0.736233	0.0	0.5185890000000001	-0.8161229999999999	-0.254968	0.0	-3.4696800000000003	0.768191	-0.299164	0.363898	0.48578999999999994	0.10668	-0.867541	0.0	-0.337968	-0.8924040000000001	-0.29898600000000003	0.0	-0.8060930000000001	0.438446	-0.397467	0.0	2.7610900000000003	1.6144	0.780144	0.3355	
0	0.5277310000000001	0.552832	-0.644885	0.0	0.6374850000000001	0.243966	0.730817	0.0	0.561349	-0.796779	-0.22367399999999998	0.0	-3.31032	0.5417649999999999	-0.62133	0.36330100000000004	0.481049	0.229293	-0.8461770000000001	0.0	-0.10625599999999999	-0.9428280000000001	-0.315889	0.0	-0.87023	0.241869	-0.429183	0.0	2.67358	1.2974700000000001	0.7525729999999999	0.351587	
0	0.500273	0.565779	-0.655455	0.0	0.632043	0.27878800000000004	0.7230489999999999	0.0	0.591819	-0.775997	-0.21812600000000001	0.0	-3.15172	0.482839	-0.7881739999999999	0.363277	0.410116	0.335766	-0.8479780000000001	0.0	0.152647	-0.9419219999999999	-0.299138	0.0	-0.8991680000000001	-0.00675975	-0.437551	0.0	2.53945	0.8249920000000001	0.744224	0.353738	
0	0.494363	0.550026	-0.67311	0.0	0.629107	0.307976	0.713705	0.0	0.599858	-0.776287	-0.193773	0.0	-3.06792	0.41924700000000004	-0.851292	0.362545	0.351682	0.365431	-0.8618469999999999	0.0	0.342532	-0.9070469999999999	-0.244823	0.0	-0.871202	-0.20911	-0.44416400000000006	0.0	2.48148	0.406584	0.6404479999999999	0.35288400000000003	
0	0.49950500000000003	0.519941	-0.692933	0.0	0.6370520000000001	0.321594	0.70053	0.0	0.5870770000000001	-0.791352	-0.17059100000000002	0.0	-2.99776	0.279841	-0.895386	0.362879	0.244954	0.376758	-0.893337	0.0	0.518646	-0.829407	-0.20758200000000002	0.0	-0.819148	-0.41247700000000004	-0.398571	0.0	2.4605099999999998	-0.0835059	0.523027	0.354455	
0	0.514075	0.505792	-0.692749	0.0	0.629865	0.32562199999999997	0.705153	0.0	0.5822350000000001	-0.79884	-0.151186	0.0	-2.9607	0.106385	-0.922408	0.36271	0.14382999999999999	0.361387	-0.921256	0.0	0.646253	-0.739318	-0.189122	0.0	-0.749447	-0.568163	-0.339883	0.0	2.5476099999999997	-0.768328	0.30230300000000004	0.354079	
0	0.528413	0.49366800000000005	-0.690704	0.0	0.629814	0.317616	0.7088399999999999	0.0	0.56931	-0.809575	-0.143087	0.0	-2.93744	0.0144542	-0.971009	0.362215	0.0966936	0.351369	-0.9312309999999999	0.0	0.702448	-0.686933	-0.186253	0.0	-0.705136	-0.6361319999999999	-0.313241	0.0	2.66975	-1.25726	0.056727099999999996	0.35451900000000003	
0	0.550499	0.461933	-0.695391	0.0	0.635973	0.30756700000000003	0.7077720000000001	0.0	0.5408229999999999	-0.8318780000000001	-0.12446199999999999	0.0	-2.9521900000000003	-0.12240799999999999	-1.01558	0.36235100000000003	0.0976598	0.354165	-0.9300700000000001	0.0	0.739262	-0.651488	-0.170458	0.0	-0.6663	-0.670918	-0.325445	0.0	2.77786	-1.5413299999999999	-0.2464	0.355549	
0	0.575837	0.413908	-0.705047	0.0	0.6444350000000001	0.300886	0.702973	0.0	0.503105	-0.8591549999999999	-0.09347539999999999	0.0	-3.01757	-0.34348	-1.1165	0.361709	0.119973	0.359736	-0.925309	0.0	0.758119	-0.634969	-0.148563	0.0	-0.640986	-0.68367	-0.348902	0.0	2.90841	-1.76699	-0.600837	0.35512	
0	0.602518	0.378012	-0.702907	0.0	0.6501439999999999	0.278357	0.706987	0.0	0.462909	-0.8829629999999999	-0.0780467	0.0	-3.1427400000000003	-0.635667	-1.2473299999999998	0.36184099999999997	0.147047	0.322336	-0.935135	0.0	0.75107	-0.651578	-0.106492	0.0	-0.6436390000000001	-0.686692	-0.337909	0.0	3.02736	-1.99672	-0.8361139999999999	0.35570799999999997	
0	0.6233890000000001	0.32896	-0.709346	0.0	0.6603180000000001	0.264382	0.70291	0.0	0.41876800000000003	-0.9065799999999999	-0.0524059	0.0	-3.32323	-0.95091	-1.4107100000000001	0.361327	0.14547100000000002	0.30964200000000003	-0.939659	0.0	0.749154	-0.654833	-0.09980660000000001	0.0	-0.646225	-0.689431	-0.327229	0.0	3.04251	-2.15025	-1.03661	0.35594699999999996	
0	0.6237050000000001	0.305585	-0.7194520000000001	0.0	0.664615	0.277149	0.6938840000000001	0.0	0.41143500000000005	-0.9109370000000001	-0.030237299999999998	0.0	-3.3927699999999996	-1.11485	-1.45007	0.36101500000000003	0.145644	0.299749	-0.942836	0.0	0.745414	-0.65985	-0.0946338	0.0	-0.650496	-0.68902	-0.31954	0.0	2.9806	-2.17361	-1.08229	0.35589299999999996	
0	0.617296	0.295548	-0.729107	0.0	0.671031	0.285988	0.684053	0.0	0.41068599999999994	-0.911516	-0.0217833	0.0	-3.45514	-1.26014	-1.49109	0.361597	0.146189	0.30151100000000003	-0.9421889999999999	0.0	0.743448	-0.661805	-0.0964327	0.0	-0.652621	-0.686371	-0.32090599999999997	0.0	2.90064	-2.18499	-1.12271	0.356126	
0	0.609012	0.297118	-0.735408	0.0	0.673426	0.296162	0.677338	0.0	0.419049	-0.907749	-0.0197207	0.0	-3.4921599999999997	-1.34653	-1.52478	0.361241	0.14423	0.298006	-0.9436049999999999	0.0	0.73932	-0.6662710000000001	-0.09741389999999998	0.0	-0.6577270000000001	-0.6835760000000001	-0.316418	0.0	2.8702799999999997	-2.20439	-1.13047	0.355767	
0	0.6063029999999999	0.297952	-0.7373069999999999	0.0	0.671888	0.30403800000000003	0.675372	0.0	0.42539799999999994	-0.904868	-0.0158511	0.0	-3.4501699999999995	-1.39398	-1.51035	0.36085500000000004	0.144682	0.284624	-0.947658	0.0	0.735442	-0.671658	-0.0894465	0.0	-0.661961	-0.684006	-0.306501	0.0	2.85334	-2.21675	-1.09665	0.35496500000000003	
0	0.604721	0.300169	-0.7377060000000001	0.0	0.6717609999999999	0.305346	0.674908	0.0	0.427842	-0.9036930000000001	-0.016993	0.0	-3.428	-1.39024	-1.54959	0.361026	0.14416500000000002	0.283051	-0.9482079999999999	0.0	0.73538	-0.67182	-0.0887383	0.0	-0.662142	-0.684501	-0.305003	0.0	2.84369	-2.21828	-1.0770899999999999	0.35488800000000004	
0	0.6047140000000001	0.300011	-0.737777	0.0	0.671782	0.30546100000000004	0.6748350000000001	0.0	0.42782	-0.9037069999999999	-0.0168257	0.0	-3.42731	-1.39006	-1.55003	0.361091	0.14415	0.28294600000000003	-0.948242	0.0	0.73524	-0.671972	-0.08874	0.0	-0.662301	-0.684394	-0.304898	0.0	2.84322	-2.21842	-1.07674	0.354883	
0	0.6047140000000001	0.300012	-0.737777	0.0	0.671782	0.30546100000000004	0.6748350000000001	0.0	0.42782	-0.9037069999999999	-0.016826499999999998	0.0	-3.42734	-1.39006	-1.54999	0.361091	0.144151	0.28294600000000003	-0.948242	0.0	0.735241	-0.671972	-0.08873969999999999	0.0	-0.6623	-0.684394	-0.304899	0.0	2.84323	-2.21841	-1.07676	0.35488400000000003	
0	0.6047140000000001	0.300012	-0.737777	0.0	0.671782	0.30546100000000004	0.6748350000000001	0.0	0.42782	-0.9037069999999999	-0.016826499999999998	0.0	-3.42734	-1.3900700000000001	-1.54999	0.361091	0.144151	0.28294600000000003	-0.948242	0.0	0.735241	-0.671972	-0.0887396	0.0	-0.662301	-0.684394	-0.304899	0.0	2.84323	-2.21841	-1.07676	0.354883	
0	0.6047140000000001	0.300012	-0.737777	0.0	0.671782	0.30546100000000004	0.6748350000000001	0.0	0.42782	-0.9037069999999999	-0.016826499999999998	0.0	-3.42734	-1.3900700000000001	-1.54999	0.361091	0.144151	0.28294600000000003	-0.948242	0.0	0.735241	-0.671972	-0.08873969999999999	0.0	-0.662301	-0.684394	-0.304899	0.0	2.84323	-2.21841	-1.07676	0.354883	
0	0.6047140000000001	0.300012	-0.737777	0.0	0.671782	0.30546100000000004	0.6748350000000001	0.0	0.42782	-0.9037069999999999	-0.016826499999999998	0.0	-3.42734	-1.39006	-1.54999	0.361091	0.144151	0.28294600000000003	-0.948242	0.0	0.735241	-0.671972	-0.0887396	0.0	-0.6623	-0.684394	-0.304899	0.0	2.84323	-2.21841	-1.07676	0.35488400000000003	
0	0.6047140000000001	0.300012	-0.737777	0.0	0.671782	0.30546100000000004	0.6748350000000001	0.0	0.42782	-0.9037069999999999	-0.0168266	0.0	-3.42734	-1.3900700000000001	-1.54999	0.361091	0.144151	0.28294600000000003	-0.948242	0.0	0.735241	-0.671972	-0.0887396	0.0	-0.6623	-0.684394	-0.304899	0.0	2.84323	-2.21841	-1.07676	0.354883	
0	0.6047140000000001	0.300012	-0.737777	0.0	0.671782	0.30546100000000004	0.6748350000000001	0.0	0.42782	-0.9037069999999999	-0.016826499999999998	0.0	-3.42734	-1.3900700000000001	-1.54999	0.361091	0.144151	0.28294600000000003	-0.948242	0.0	0.735241	-0.671972	-0.0887396	0.0	-0.6623	-0.684394	-0.304899	0.0	2.84323	-2.21841	-1.07676	0.354883	
0	0.6047140000000001	0.300012	-0.737777	0.0	0.671782	0.30546	0.6748350000000001	0.0	0.42782	-0.9037069999999999	-0.0168266	0.0	-3.42734	-1.3900700000000001	-1.54999	0.361091	0.144151	0.28294600000000003	-0.948242	0.0	0.735241	-0.671972	-0.08873969999999999	0.0	-0.662301	-0.684394	-0.304899	0.0	2.84323	-2.21841	-1.07676	0.354883	
0	0.6047140000000001	0.300012	-0.737777	0.0	0.671782	0.30546	0.6748350000000001	0.0	0.42782	-0.9037069999999999	-0.0168267	0.0	-3.42734	-1.3900700000000001	-1.54999	0.361091	0.144151	0.28294600000000003	-0.948242	0.0	0.735241	-0.671972	-0.0887396	0.0	-0.6623	-0.684394	-0.304899	0.0	2.84323	-2.21841	-1.07676	0.35488400000000003	
0	0.6047140000000001	0.300012	-0.737777	0.0	0.671782	0.30546	0.6748350000000001	0.0	0.42782	-0.9037069999999999	-0.0168267	0.0	-3.42734	-1.3900700000000001	-1.54999	0.361091	0.144151	0.28294600000000003	-0.948242	0.0	0.735241	-0.671972	-0.08873969999999999	0.0	-0.662301	-0.684394	-0.304899	0.0	2.84323	-2.21841	-1.07676	0.354883	
0	0.6047140000000001	0.300012	-0.737777	0.0	0.671782	0.30546	0.6748350000000001	0.0	0.42782	-0.9037069999999999	-0.0168267	0.0	-3.42734	-1.3900700000000001	-1.54999	0.361091	0.144151	0.28294600000000003	-0.948241	0.0	0.73524	-0.671972	-0.0887396	0.0	-0.662301	-0.684394	-0.304899	0.0	2.84323	-2.21841	-1.07676	0.354883	
0	0.6047140000000001	0.300012	-0.737777	0.0	0.671782	0.30546	0.6748350000000001	0.0	0.42782	-0.9037069999999999	-0.0168267	0.0	-3.42734	-1.3900700000000001	-1.54999	0.361091	0.144151	0.28294600000000003	-0.948242	0.0	0.735241	-0.671972	-0.0887396	0.0	-0.6623	-0.684394	-0.304899	0.0	2.84323	-2.21841	-1.07676	0.354883	
0	0.6047140000000001	0.300012	-0.737777	0.0	0.671782	0.30546	0.6748350000000001	0.0	0.42782	-0.9037069999999999	-0.0168267	0.0	-3.42734	-1.39006	-1.54999	0.361091	0.144151	0.28294600000000003	-0.948242	0.0	0.735241	-0.671972	-0.0887396	0.0	-0.6623	-0.684394	-0.304899	0.0	2.84323	-2.21841	-1.07676	0.354883	
0	0.178394	0.492047	-0.852095	0.0	0.785913	0.44980600000000004	0.424282	0.0	0.592044	-0.745362	-0.306463	0.0	-3.47471	-1.67618	-1.6951599999999998	0.36378699999999997	0.225014	0.482023	-0.846772	0.0	0.643252	-0.726244	-0.24248000000000003	0.0	-0.7318439999999999	-0.490126	-0.47347799999999995	0.0	2.75273	-2.36223	-1.17028	0.354145	
0	0.248586	0.42940900000000004	-0.868224	0.0	0.772367	0.453036	0.445205	0.0	0.584511	-0.7812600000000001	-0.219043	0.0	-3.4096599999999997	-2.0604400000000003	-1.8045400000000003	0.363993	0.188186	0.49316899999999997	-0.8493360000000001	0.0	0.658278	-0.705122	-0.263577	0.0	-0.728873	-0.509498	-0.45733599999999996	0.0	2.69198	-2.54635	-1.29503	0.354427	
0	0.358622	0.350271	-0.865275	0.0	0.767644	0.416757	0.486864	0.0	0.531144	-0.838823	-0.119425	0.0	-3.3423800000000004	-2.50753	-1.90818	0.363966	0.13581600000000002	0.49221099999999995	-0.859816	0.0	0.669111	-0.6855979999999999	-0.286785	0.0	-0.730647	-0.536362	-0.42245900000000003	0.0	2.57885	-2.73774	-1.43143	0.35522800000000004	
0	0.440668	0.275744	-0.8542700000000001	0.0	0.773461	0.366361	0.5172399999999999	0.0	0.45559700000000003	-0.888676	-0.0518336	0.0	-3.30237	-2.90144	-2.04936	0.363973	0.08918530000000001	0.484084	-0.8704639999999999	0.0	0.674165	-0.672661	-0.305008	0.0	-0.7331770000000001	-0.559634	-0.386344	0.0	2.47535	-2.92983	-1.5126899999999999	0.35589699999999996	
0	0.500649	0.224687	-0.835982	0.0	0.766129	0.334566	0.548737	0.0	0.402986	-0.9151950000000001	-0.00463918	0.0	-3.28597	-3.17965	-2.16023	0.368512	0.0314209	0.469538	-0.882353	0.0	0.679187	-0.657692	-0.3258	0.0	-0.733292	-0.589046	-0.339569	0.0	2.36598	-3.1312599999999997	-1.57066	0.35640900000000003	
0	0.574816	0.161617	-0.802164	0.0	0.740252	0.315075	0.593932	0.0	0.348731	-0.935205	0.0614722	0.0	-3.27034	-3.37535	-2.22451	0.370569	-0.00250226	0.45283100000000004	-0.8915930000000001	0.0	0.669305	-0.6616850000000001	-0.337941	0.0	-0.742984	-0.597593	-0.301427	0.0	2.2669099999999998	-3.27527	-1.61843	0.356331	
0	0.619402	0.12047100000000001	-0.775776	0.0	0.717569	0.31400100000000003	0.621689	0.0	0.31849	-0.9417479999999999	0.108046	0.0	-3.27317	-3.37541	-2.2753900000000002	0.36201500000000003	-0.00797123	0.436163	-0.899832	0.0	0.662199	-0.671972	-0.33158200000000004	0.0	-0.749286	-0.598511	-0.28347	0.0	2.21008	-3.27428	-1.60998	0.356038	
0	0.657382	0.0843513	-0.748822	0.0	0.699407	0.301595	0.647975	0.0	0.280498	-0.9496979999999999	0.139267	0.0	-3.27155	-3.37517	-2.3300799999999997	0.367506	-0.0063324	0.41963100000000003	-0.907673	0.0	0.653756	-0.685107	-0.321296	0.0	-0.756679	-0.595431	-0.269998	0.0	2.17834	-3.22179	-1.58923	0.35569	
0	0.680703	0.041069800000000004	-0.7314069999999999	0.0	0.691178	0.294813	0.659817	0.0	0.242727	-0.954672	0.172293	0.0	-3.26191	-3.3756199999999996	-2.37391	0.366725	-0.00301945	0.411763	-0.911286	0.0	0.6382359999999999	-0.700752	-0.318749	0.0	-0.769835	-0.5825779999999999	-0.26068600000000003	0.0	2.18359	-3.13667	-1.57623	0.355362	
0	0.696447	-0.00488809	-0.717592	0.0	0.687398	0.291634	0.665157	0.0	0.206023	-0.956518	0.20646799999999998	0.0	-3.24707	-3.3766	-2.41538	0.36527	-0.00215197	0.409767	-0.9121879999999999	0.0	0.6297520000000001	-0.708029	-0.319542	0.0	-0.7767930000000001	-0.57514	-0.25652800000000003	0.0	2.19109	-3.07762	-1.5581	0.355383	
0	0.68323	-0.105191	-0.722587	0.0	0.719383	0.26668800000000004	0.641378	0.0	0.12523800000000002	-0.958025	0.257882	0.0	-3.23313	-3.37715	-2.45485	0.364325	0.000601768	0.413021	-0.9107209999999999	0.0	0.616372	-0.717305	-0.324898	0.0	-0.787454	-0.561148	-0.255006	0.0	2.21381	-2.94368	-1.51258	0.354941	
0	0.6661	-0.130923	-0.734282	0.0	0.739668	0.242558	0.627739	0.0	0.0959205	-0.9612620000000001	0.25840799999999997	0.0	-3.23694	-3.38194	-2.4515	0.36548400000000003	8.83341e-05	0.415973	-0.909377	0.0	0.6035159999999999	-0.725115	-0.33162800000000003	0.0	-0.797351	-0.548794	-0.25111100000000003	0.0	2.23319	-2.90414	-1.48025	0.354875	
0	0.650374	-0.14058900000000002	-0.746491	0.0	0.7564770000000001	0.20909499999999998	0.619695	0.0	0.06896530000000001	-0.967736	0.24234299999999998	0.0	-3.24065	-3.3896800000000002	-2.43499	0.359644	0.00273174	0.417893	-0.908492	0.0	0.597823	-0.728957	-0.333512	0.0	-0.801624	-0.5422060000000001	-0.251817	0.0	2.23765	-2.89345	-1.47194	0.354704	
0	0.6300680000000001	-0.145047	-0.7628739999999999	0.0	0.776291	0.142525	0.614051	0.0	0.0196627	-0.9791059999999999	0.202399	0.0	-3.3399300000000003	-3.6056	-2.44545	0.348124	0.000963807	0.41072600000000004	-0.911758	0.0	0.58496	-0.739725	-0.33261	0.0	-0.811062	-0.533021	-0.240971	0.0	2.22454	-2.89518	-1.44894	0.354745	
0	0.624135	-0.13559200000000002	-0.769461	0.0	0.7813140000000001	0.11049300000000001	0.614279	0.0	0.00172898	-0.984584	0.174902	0.0	-3.3429900000000004	-3.61067	-2.43719	0.348054	0.00432855	0.405499	-0.914085	0.0	0.581911	-0.7444069999999999	-0.327472	0.0	-0.813241	-0.5304989999999999	-0.23918699999999998	0.0	2.21092	-2.88037	-1.40239	0.354571	
0	0.6296149999999999	-0.12621	-0.766587	0.0	0.77674	0.12271800000000001	0.617749	0.0	0.0161082	-0.984384	0.175298	0.0	-3.3511800000000003	-3.61145	-2.43739	0.351076	0.00703245	0.398013	-0.9173530000000001	0.0	0.572745	-0.753598	-0.32257399999999997	0.0	-0.8197040000000001	-0.5231399999999999	-0.23326	0.0	2.1977700000000002	-2.86599	-1.36772	0.354446	
0	0.6331760000000001	-0.11664300000000001	-0.7651680000000001	0.0	0.7739159999999999	0.11068399999999999	0.623541	0.0	0.0119604	-0.9869870000000001	0.160354	0.0	-3.3570599999999997	-3.61335	-2.43572	0.35045	0.00852883	0.389286	-0.921077	0.0	0.56653	-0.7609020000000001	-0.316343	0.0	-0.823997	-0.51912	-0.227032	0.0	2.17679	-2.82956	-1.33897	0.354612	
0	0.621871	-0.127137	-0.7727310000000001	0.0	0.782956	0.12115999999999999	0.610165	0.0	0.0160495	-0.9844569999999999	0.17488800000000002	0.0	-3.3528599999999997	-3.6124400000000003	-2.4449	0.355396	0.00811058	0.387373	-0.9218879999999999	0.0	0.563563	-0.7633310000000001	-0.31579	0.0	-0.826033	-0.51698	-0.2245	0.0	2.1653599999999997	-2.7955400000000004	-1.31546	0.354337	
0	0.590129	-0.173737	-0.788392	0.0	0.806926	0.09687029999999999	0.582655	0.0	-0.0248569	-0.980016	0.19735899999999998	0.0	-3.3129699999999995	-3.6195199999999996	-2.47375	0.35175700000000004	0.00674075	0.38522	-0.9228	0.0	0.553053	-0.770274	-0.317508	0.0	-0.833119	-0.508217	-0.218239	0.0	2.15843	-2.73179	-1.2609	0.354392	
0	0.49544399999999994	-0.267914	-0.826292	0.0	0.863758	0.0512382	0.5012949999999999	0.0	-0.09196610000000001	-0.9620799999999999	0.256798	0.0	-3.3502400000000003	-3.6095900000000003	-2.62901	0.162354	0.00590748	0.385495	-0.922691	0.0	0.548195	-0.772949	-0.319424	0.0	-0.8363299999999999	-0.5039279999999999	-0.21589299999999997	0.0	2.15049	-2.6707799999999997	-1.22181	0.354272	
0	0.495137	-0.215759	-0.841598	0.0	0.868557	0.146527	0.473433	0.0	0.0211689	-0.96539	0.25995	0.0	-3.4854800000000004	-3.59093	-2.65132	0.165164	0.00553119	0.38576900000000003	-0.922579	0.0	0.543788	-0.775416	-0.320974	0.0	-0.839205	-0.49991199999999997	-0.21406599999999998	0.0	2.14154	-2.6331599999999997	-1.17506	0.354225	
0	0.48224799999999995	-0.221646	-0.847532	0.0	0.8760120000000001	0.128986	0.464721	0.0	0.00631642	-0.9665590000000001	0.256367	0.0	-3.46918	-3.59375	-2.64653	0.165089	0.00592363	0.388952	-0.9212389999999999	0.0	0.542909	-0.774907	-0.323679	0.0	-0.8397700000000001	-0.49823199999999995	-0.215756	0.0	2.1414	-2.61476	-1.15725	0.354051	
0	0.44688999999999995	-0.264438	-0.854612	0.0	0.8944409999999999	0.11470799999999999	0.43222299999999997	0.0	-0.0162653	-0.957557	0.287786	0.0	-3.4347	-3.60071	-2.67351	0.164883	0.00415134	0.397061	-0.917783	0.0	0.540267	-0.773203	-0.332068	0.0	-0.841484	-0.49446899999999994	-0.217729	0.0	2.15875	-2.61541	-1.1864299999999999	0.354104	
0	0.43405	-0.257886	-0.863189	0.0	0.900666	0.145509	0.409423	0.0	0.020017	-0.955155	0.295428	0.0	-3.4592199999999997	-3.5989800000000005	-2.67951	0.164717	0.010942100000000001	0.403869	-0.914752	0.0	0.531875	-0.777012	-0.33669299999999996	0.0	-0.8467520000000001	-0.482849	-0.22330999999999998	0.0	2.18662	-2.61282	-1.21341	0.354643	
0	0.32700500000000005	-0.222306	-0.9185030000000001	0.0	0.9346049999999999	0.219993	0.279493	0.0	0.139931	-0.949833	0.279708	0.0	-3.5514099999999997	-3.59015	-2.67939	0.164772	0.03959	0.39562600000000003	-0.917558	0.0	0.50885	-0.798271	-0.322237	0.0	-0.8599450000000001	-0.454142	-0.232918	0.0	2.2136099999999996	-2.59456	-1.2627	0.355693	
0	0.244991	-0.18200999999999998	-0.9522879999999999	0.0	0.918026	0.35941300000000004	0.167482	0.0	0.311781	-0.915257	0.255143	0.0	-3.7987599999999997	-3.58987	-2.35909	0.164948	0.0732042	0.390766	-0.917574	0.0	0.477649	-0.821398	-0.3117	0.0	-0.875495	-0.41546099999999997	-0.246779	0.0	2.24038	-2.56098	-1.3159999999999998	0.356164	
0	0.186346	-0.11096800000000001	-0.976197	0.0	0.84549	0.524196	0.10180800000000001	0.0	0.500422	-0.8443370000000001	0.191504	0.0	-3.5058800000000003	-3.2483299999999997	-2.07006	0.164801	0.0933065	0.389474	-0.916299	0.0	0.45402700000000007	-0.8356979999999999	-0.308981	0.0	-0.8860889999999999	-0.387194	-0.254808	0.0	2.26931	-2.56367	-1.37726	0.356002	
0	0.153364	-0.0116066	-0.988102	0.0	0.776045	0.620442	0.11316199999999998	0.0	0.611747	-0.784166	0.10415999999999999	0.0	-3.41745	-2.53039	-2.06906	0.164804	0.09961139999999999	0.404308	-0.909183	0.0	0.445513	-0.835144	-0.32257199999999997	0.0	-0.889717	-0.372921	-0.263315	0.0	2.30133	-2.6061400000000003	-1.45289	0.35643800000000003	
0	0.134747	0.067592	-0.9885719999999999	0.0	0.7361989999999999	0.660931	0.145538	0.0	0.663216	-0.747396	0.0392973	0.0	-3.2545	-1.7437	-2.02121	0.165193	0.12304200000000001	0.40164099999999997	-0.907494	0.0	0.427329	-0.846766	-0.316825	0.0	-0.8956850000000001	-0.34881599999999996	-0.275821	0.0	2.29145	-2.6367	-1.51514	0.35689499999999996	
4	0.15917	0.144821	-0.9765719999999999	0.0	0.7222069999999999	0.65735	0.215194	0.0	0.673114	-0.7395390000000001	4.01735e-05	0.0	-3.15807	-1.3414	-1.95629	0.164831	0.158409	0.395755	-0.904591	0.0	0.423375	-0.8548870000000001	-0.29986999999999997	0.0	-0.891998	-0.33547899999999997	-0.30297399999999997	0.0	2.26938	-2.63997	-1.5961100000000001	0.357108	
4	0.180976	0.223206	-0.957824	0.0	0.719821	0.633563	0.283649	0.0	0.670153	-0.740795	-0.0460088	0.0	-3.0228	-1.10321	-1.9311099999999999	0.16480899999999998	0.17638299999999998	0.38361	-0.906495	0.0	0.417059	-0.863308	-0.284184	0.0	-0.8916	-0.327937	-0.312261	0.0	2.21493	-2.6611	-1.68602	0.357098	
4	0.22738699999999998	0.30230300000000004	-0.925693	0.0	0.720331	0.5874659999999999	0.368791	0.0	0.6553	-0.750664	-0.0841765	0.0	-2.85488	-0.9893360000000001	-1.96373	0.16480899999999998	0.18600999999999998	0.372542	-0.909183	0.0	0.41171	-0.869732	-0.27214499999999997	0.0	-0.89213	-0.32369699999999996	-0.315158	0.0	2.11383	-2.72785	-1.74315	0.356689	
4	0.325592	0.370424	-0.8699290000000001	0.0	0.691578	0.5341020000000001	0.486266	0.0	0.644755	-0.759948	-0.0822775	0.0	-2.61044	-1.02444	-2.02169	0.16481099999999999	0.200197	0.367806	-0.9080969999999999	0.0	0.404698	-0.8751389999999999	-0.26523800000000003	0.0	-0.892267	-0.31440500000000005	-0.32405100000000003	0.0	2.00812	-2.7965	-1.80715	0.356989	
4	0.445222	0.407658	-0.797241	0.0	0.654652	0.459258	0.600427	0.0	0.610908	-0.789238	-0.06240219999999999	0.0	-2.38102	-1.15505	-2.07052	0.164792	0.22206399999999998	0.362749	-0.905042	0.0	0.394452	-0.8822909999999999	-0.256847	0.0	-0.891681	-0.29995900000000003	-0.339012	0.0	1.9375	-2.8016400000000004	-1.89355	0.35728899999999997	
4	0.504571	0.420332	-0.754141	0.0	0.63539	0.41060399999999997	0.653975	0.0	0.58454	-0.8091510000000001	-0.059895800000000006	0.0	-2.25569	-1.25978	-2.10822	0.164831	0.22988699999999998	0.35609	-0.905733	0.0	0.387521	-0.8871899999999999	-0.250442	0.0	-0.8927370000000001	-0.293417	-0.341945	0.0	1.88608	-2.79946	-1.93228	0.357588	
4	0.632155	0.40871999999999997	-0.658277	0.0	0.5902350000000001	0.2964	0.750846	0.0	0.501999	-0.863189	-0.0538702	0.0	-1.9223700000000001	-1.53872	-2.22682	0.164823	0.246092	0.329909	-0.911372	0.0	0.369922	-0.9010819999999999	-0.226296	0.0	-0.8958780000000001	-0.28144600000000003	-0.34379	0.0	1.71612	-2.81377	-2.03868	0.35943800000000004	
4	0.6827300000000001	0.39127	-0.617079	0.0	0.569364	0.24441100000000002	0.7849119999999999	0.0	0.457934	-0.8872270000000001	-0.0559082	0.0	-1.80076	-1.6471099999999999	-2.3037400000000003	0.16481300000000002	0.256756	0.309611	-0.915542	0.0	0.358148	-0.910336	-0.20740999999999998	0.0	-0.897667	-0.274646	-0.344621	0.0	1.7205599999999999	-2.81701	-2.04744	0.361491	
4	0.767029	0.341713	-0.543045	0.0	0.516997	0.17207	0.838514	0.0	0.379973	-0.923918	-0.0446817	0.0	-1.5794700000000002	-1.98242	-2.48475	0.16483699999999998	0.27886	0.240544	-0.929718	0.0	0.29839499999999997	-0.9419040000000001	-0.154196	0.0	-0.9127959999999999	-0.23442399999999997	-0.334436	0.0	1.751	-2.84123	-2.07591	0.36736399999999997	
4	0.7881319999999999	0.33021300000000003	-0.519429	0.0	0.492055	0.168963	0.8540110000000001	0.0	0.369769	-0.9286610000000001	-0.029317799999999998	0.0	-1.42931	-2.21423	-2.6056	0.16483	0.314119	0.168453	-0.934319	0.0	0.22585100000000002	-0.969139	-0.0987993	0.0	-0.9221280000000001	-0.179982	-0.342471	0.0	1.7807	-2.87672	-2.0954900000000003	0.37193200000000004	
4	0.792659	0.326414	-0.5149229999999999	0.0	0.489387	0.163024	0.856693	0.0	0.363582	-0.9310620000000001	-0.030520699999999998	0.0	-1.39383	-2.2834	-2.6510700000000003	0.164838	0.32602600000000004	0.13678800000000002	-0.9354120000000001	0.0	0.19424	-0.978058	-0.0753242	0.0	-0.925191	-0.157137	-0.345442	0.0	1.7930599999999999	-2.89466	-2.1095200000000003	0.37177	
4	0.803307	0.320705	-0.501843	0.0	0.46851400000000004	0.179927	0.8649399999999999	0.0	0.367686	-0.929933	-0.0057182	0.0	-1.37303	-2.32943	-2.72016	0.164939	0.351817	0.0363865	-0.9353610000000001	0.0	0.0936804	-0.9955959999999999	-0.00349372	0.0	-0.931369	-0.0863959	-0.353677	0.0	1.26128	-2.8721400000000004	-2.27595	0.35980100000000004	
4	0.804035	0.32524899999999995	-0.49773599999999996	0.0	0.456716	0.198163	0.8672620000000001	0.0	0.380709	-0.924632	0.0107831	0.0	-1.38164	-2.3402700000000003	-2.73637	0.164937	0.35885900000000004	0.00281892	-0.9333879999999999	0.0	0.0710044	-0.997181	0.0242874	0.0	-0.930687	-0.0749903	-0.358047	0.0	1.2268700000000001	-2.9293099999999996	-2.3113	0.359713	
4	0.8017029999999999	0.345695	-0.48761400000000005	0.0	0.44389700000000004	0.201978	0.8730180000000001	0.0	0.400285	-0.916352	0.00847322	0.0	-1.39893	-2.3476	-2.74042	0.16488599999999998	0.371276	-0.08956189999999999	-0.924193	0.0	0.103248	-0.985183	0.13695	0.0	-0.9227639999999999	-0.146268	-0.356528	0.0	1.15677	-3.02402	-2.41813	0.357852	
4	0.7967810000000001	0.355564	-0.488583	0.0	0.44065200000000004	0.211371	0.8724379999999999	0.0	0.41348	-0.910438	0.011736499999999999	0.0	-1.41236	-2.35371	-2.74496	0.164909	0.406156	-0.137531	-0.9033950000000001	0.0	-0.0760928	-0.990267	0.11654500000000001	0.0	-0.9106299999999999	0.0214062	-0.41266800000000003	0.0	1.08538	-2.96369	-2.59216	0.357599	
4	0.784611	0.35690900000000003	-0.506953	0.0	0.45336400000000004	0.22746599999999997	0.8618129999999999	0.0	0.422904	-0.9060219999999999	0.0166624	0.0	-1.42886	-2.3616900000000003	-2.75398	0.164881	0.42429399999999995	-0.148801	-0.893215	0.0	-0.10413199999999999	-0.98788	0.11510699999999999	0.0	-0.899517	0.044173699999999996	-0.434646	0.0	1.1112600000000001	-2.79576	-2.7225599999999996	0.356625	
4	0.7671100000000001	0.366005	-0.5268609999999999	0.0	0.461243	0.256131	0.8495010000000001	0.0	0.445867	-0.8946719999999999	0.0276639	0.0	-1.45459	-2.36903	-2.7643	0.16528299999999999	0.415412	-0.15600799999999998	-0.896156	0.0	-0.11140499999999999	-0.986492	0.120093	0.0	-0.9027860000000001	0.049948599999999996	-0.42718100000000003	0.0	1.13755	-2.63347	-2.76704	0.356858	
4	0.757692	0.37192800000000004	-0.536257	0.0	0.46543	0.268041	0.8435219999999999	0.0	0.45746899999999996	-0.8887200000000001	0.0299862	0.0	-1.47017	-2.37657	-2.76452	0.164855	0.40826599999999996	-0.15146800000000002	-0.900209	0.0	-0.10890899999999999	-0.9871770000000001	0.11670799999999999	0.0	-0.906343	0.050393099999999996	-0.41952700000000004	0.0	1.1292799999999998	-2.6070599999999997	-2.7728200000000003	0.357173	
4	0.740503	0.398702	-0.541011	0.0	0.45886099999999996	0.288217	0.840463	0.0	0.491022	-0.8706139999999999	0.0304767	0.0	-1.15802	-2.3138400000000003	-2.91439	0.164787	0.383232	-0.14478	-0.912235	0.0	-0.0926023	-0.988685	0.11800999999999999	0.0	-0.918998	0.039249599999999996	-0.392303	0.0	1.10174	-2.59271	-2.7277	0.358577	
4	0.751744	0.401363	-0.5232479999999999	0.0	0.43286	0.298279	0.850683	0.0	0.497507	-0.8659889999999999	0.0504954	0.0	-1.09775	-2.31236	-2.91532	0.164796	0.356504	-0.15623	-0.9211389999999999	0.0	-0.08853430000000001	-0.987133	0.133158	0.0	-0.93009	0.034081	-0.365749	0.0	1.0417	-2.65781	-2.6621200000000003	0.358631	
4	0.771041	0.39766	-0.497355	0.0	0.413357	0.281562	0.865944	0.0	0.484388	-0.8732629999999999	0.05272040000000001	0.0	-1.06041	-2.31946	-2.91121	0.16479100000000002	0.342188	-0.169436	-0.9242290000000001	0.0	-0.08043070000000001	-0.9852799999999999	0.15085	0.0	-0.936183	0.0227173	-0.350779	0.0	0.990559	-2.71143	-2.62601	0.35922800000000005	
4	0.828125	0.36929	-0.421703	0.0	0.371555	0.201663	0.9062450000000001	0.0	0.419709	-0.90717	0.029790399999999998	0.0	-0.994539	-2.28915	-2.90381	0.164879	0.316745	-0.166224	-0.933832	0.0	-0.053810199999999996	-0.986088	0.157274	0.0	-0.946983	0.000434026	-0.321283	0.0	0.9883549999999999	-2.78304	-2.52665	0.361492	
4	0.8697600000000001	0.344114	-0.3537	0.0	0.321735	0.14804	0.935185	0.0	0.374172	-0.927184	0.018046	0.0	-0.963938	-2.25983	-2.94017	0.16528900000000002	0.317347	-0.155912	-0.9354049999999999	0.0	-0.038072	-0.987692	0.15171099999999998	0.0	-0.9475450000000001	-0.0125323	-0.319378	0.0	1.00185	-2.80845	-2.51054	0.3625	
4	0.88481	0.330667	-0.328284	0.0	0.30066	0.133079	0.944401	0.0	0.35597	-0.934318	0.0183317	0.0	-0.936614	-2.25122	-2.97227	0.164947	0.322383	-0.14996500000000001	-0.9346549999999999	0.0	-0.0343572	-0.988575	0.146766	0.0	-0.9459860000000001	-0.015202700000000001	-0.323852	0.0	1.0201200000000001	-2.81727	-2.51571	0.36241100000000004	
4	0.912478	0.293476	-0.285055	0.0	0.254896	0.137197	0.9571860000000001	0.0	0.32001999999999997	-0.9460700000000001	0.0503835	0.0	-0.87655	-2.26761	-3.03297	0.165218	0.32719699999999996	-0.14088900000000001	-0.9343940000000001	0.0	-0.026777600000000002	-0.989808	0.13986700000000002	0.0	-0.944577	-0.020743400000000002	-0.327635	0.0	1.06108	-2.85455	-2.5239700000000003	0.36178	
4	0.9324610000000001	0.267523	-0.24279	0.0	0.20397200000000001	0.16483399999999998	0.965	0.0	0.29818	-0.949348	0.0991337	0.0	-0.8243729999999999	-2.28384	-3.05742	0.165223	0.325792	-0.141846	-0.93474	0.0	-0.019349900000000003	-0.989475	0.14340799999999998	0.0	-0.945243	-0.0286341	-0.325108	0.0	1.08307	-2.92603	-2.54087	0.360104	
4	0.943787	0.25925	-0.205077	0.0	0.16123800000000002	0.180535	0.9702629999999999	0.0	0.288564	-0.948787	0.12858499999999998	0.0	-0.787291	-2.29732	-3.07551	0.164725	0.320684	-0.14752200000000001	-0.935628	0.0	-0.0168933	-0.9885309999999999	0.150073	0.0	-0.9470360000000001	-0.0323202	-0.319499	0.0	1.0621200000000002	-3.0082	-2.5568	0.359525	
4	0.949609	0.253985	-0.183671	0.0	0.135604	0.195405	0.971303	0.0	0.282586	-0.947264	0.151117	0.0	-0.764955	-2.30524	-3.0832200000000003	0.165102	0.318907	-0.14896199999999998	-0.9360069999999999	0.0	-0.014025200000000002	-0.9882059999999999	0.15249000000000001	0.0	-0.947682	-0.0355025	-0.317236	0.0	1.0505799999999998	-3.03551	-2.55784	0.359185	
4	0.9622229999999999	0.233829	-0.139469	0.0	0.0956403	0.18931900000000002	0.977247	0.0	0.254913	-0.9536680000000001	0.159803	0.0	-0.712993	-2.3094900000000003	-3.08224	0.164709	0.31763	-0.158721	-0.9348360000000001	0.0	-0.0402824	-0.98726	0.153935	0.0	-0.9473590000000001	-0.0112369	-0.319977	0.0	1.06247	-3.04717	-2.55989	0.359257	
4	0.96245	0.23822600000000002	-0.13014900000000001	0.0	0.08617530000000001	0.18651600000000002	0.978665	0.0	0.257419	-0.953132	0.15898299999999999	0.0	-0.698745	-2.31035	-3.08187	0.164723	0.31859	-0.160162	-0.934264	0.0	-0.0486728	-0.987086	0.15262	0.0	-0.946643	-0.0031498	-0.32227100000000003	0.0	1.07026	-3.04839	-2.55888	0.35927	
4	0.95741	0.273753	-0.0917959	0.0	0.042819800000000005	0.179791	0.982772	0.0	0.285541	-0.944846	0.160412	0.0	-0.700906	-2.2983599999999997	-3.0688	0.164793	0.320811	-0.161092	-0.9333440000000001	0.0	-0.0547052	-0.9869370000000001	0.151538	0.0	-0.9455620000000001	0.00244372	-0.325433	0.0	1.07939	-3.04885	-2.55419	0.357799	
4	0.9551719999999999	0.287325	-0.07135110000000001	0.0	0.0217766	0.17216800000000002	0.984827	0.0	0.29525	-0.942233	0.158193	0.0	-0.64571	-2.29795	-3.0604	0.164803	0.31788099999999997	-0.167023	-0.9333030000000001	0.0	-0.062354700000000006	-0.9859129999999999	0.1552	0.0	-0.9460780000000001	0.00886072	-0.323818	0.0	1.09938	-3.04638	-2.5433	0.356783	
4	0.949578	0.310245	-0.0452798	0.0	7.969140000000001e-05	0.14418	0.9895520000000001	0.0	0.31353200000000003	-0.93966	0.13688499999999998	0.0	-0.5252359999999999	-2.37791	-3.02011	0.16481300000000002	0.32426	-0.195883	-0.925465	0.0	-0.136382	-0.977786	0.159173	0.0	-0.9360850000000001	0.0746029	-0.34377199999999997	0.0	1.21678	-3.0638	-2.5287599999999997	0.353049	
4	0.952709	0.301399	-0.0387845	0.0	-0.00019209099999999997	0.128227	0.9917450000000001	0.0	0.303884	-0.944837	0.12222000000000001	0.0	-0.33479699999999996	-2.68875	-3.01546	0.164744	0.313576	-0.18801700000000002	-0.9307629999999999	0.0	-0.00342983	-0.980419	0.196893	0.0	-0.949557	-0.0585484	-0.308081	0.0	1.22455	-3.0845	-2.5320099999999996	0.356522	
4	0.954593	0.29591799999999996	-0.03441690000000001	0.0	-0.00383936	0.127737	0.991801	0.0	0.297888	-0.946634	0.123073	0.0	-0.338945	-2.69182	-3.01487	0.164792	0.30846399999999996	-0.210402	-0.927675	0.0	-0.016624700000000003	-0.976275	0.215896	0.0	-0.951091	-0.0511739	-0.304643	0.0	1.22763	-3.08613	-2.5284299999999997	0.356549	
4	0.9605969999999999	0.276474	-0.028554400000000004	0.0	-0.00595486	0.123182	0.992366	0.0	0.277881	-0.953094	0.119974	0.0	-0.357752	-2.69608	-3.01404	0.164747	0.306721	-0.239697	-0.9211229999999999	0.0	-0.035644699999999994	-0.9699840000000001	0.24054299999999998	0.0	-0.951132	-0.0409465	-0.306058	0.0	1.23732	-3.06942	-2.50699	0.356883	
4	0.9648559999999999	0.26203899999999997	-0.0197254	0.0	-0.0122542	0.11985	0.992717	0.0	0.262495	-0.957586	0.118849	0.0	-0.41285200000000005	-2.70614	-3.01238	0.164748	0.309727	-0.255687	-0.915802	0.0	-0.0845201	-0.966756	0.24132800000000001	0.0	-0.947061	0.00265773	-0.321042	0.0	1.2937	-2.96026	-2.53132	0.35730300000000004	
4	0.96555	0.259569	-0.0183326	0.0	-0.0136178	0.12075899999999999	0.9925879999999999	0.0	0.259859	-0.958145	0.12013399999999999	0.0	-0.44670200000000004	-2.70811	-3.01277	0.164746	0.317413	-0.258019	-0.91251	0.0	-0.104527	-0.9659280000000001	0.23676399999999997	0.0	-0.942509	0.0202304	-0.333568	0.0	1.34074	-2.90715	-2.5602	0.357698	
4	0.965039	0.261106	-0.0228746	0.0	-0.0117258	0.130193	0.991419	0.0	0.261843	-0.95649	0.12870299999999998	0.0	-0.46045	-2.70783	-3.01594	0.164853	0.31130599999999997	-0.269687	-0.9112389999999999	0.0	-0.13496	-0.961714	0.238519	0.0	-0.940678	0.0487287	-0.335785	0.0	1.42019	-2.84097	-2.58422	0.358473	
4	0.9634379999999999	0.266818	-0.024413	0.0	-0.012128	0.134452	0.9908459999999999	0.0	0.267658	-0.9543219999999999	0.132772	0.0	-0.466718	-2.7071400000000003	-3.01978	0.164851	0.308433	-0.278143	-0.909673	0.0	-0.145763	-0.958822	0.24374899999999997	0.0	-0.9400120000000001	0.05741659999999999	-0.336275	0.0	1.44674	-2.80193	-2.57247	0.359217	
4	0.960533	0.27676799999999996	-0.027868900000000002	0.0	-0.0111118	0.138284	0.9903299999999999	0.0	0.277945	-0.9509350000000001	0.135902	0.0	-0.47798599999999997	-2.7030000000000003	-3.02616	0.164851	0.29994499999999996	-0.277351	-0.912748	0.0	-0.144397	-0.9589790000000001	0.24394699999999997	0.0	-0.9429649999999999	0.0586278	-0.32769000000000004	0.0	1.44135	-2.79691	-2.56285	0.359074	
1	0.9519489999999999	0.305042	-0.027243700000000003	0.0	-0.00951113	0.118361	0.992925	0.0	0.306108	-0.9449549999999999	0.115575	0.0	-0.496467	-2.6570099999999996	-3.06345	0.16480699999999998	0.28784899999999997	-0.269461	-0.918985	0.0	-0.13280799999999998	-0.961559	0.24034499999999998	0.0	-0.948422	0.0528651	-0.31256999999999996	0.0	1.41479	-2.7882700000000002	-2.5347	0.359096	
1	0.942794	0.33115100000000003	-0.03844469999999999	0.0	0.00635283	0.0974526	0.9952200000000001	0.0	0.333314	-0.9385319999999999	0.089774	0.0	-0.502374	-2.5874599999999996	-3.0853900000000003	0.164747	0.281587	-0.269825	-0.920817	0.0	-0.13465	-0.9612639999999999	0.24050100000000002	0.0	-0.950041	0.0562663	-0.30701100000000003	0.0	1.39799	-2.7829900000000003	-2.53232	0.358426	
1	0.929433	0.364971	-0.05431419999999999	0.0	0.0362957	0.0560552	0.997768	0.0	0.367201	-0.9293299999999999	0.0388526	0.0	-0.470321	-2.45218	-3.1469	0.16478800000000002	0.282659	-0.264569	-0.922013	0.0	-0.13297899999999999	-0.9627370000000001	0.235487	0.0	-0.949958	0.05604540000000001	-0.30730799999999997	0.0	1.3795600000000001	-2.76792	-2.53315	0.35785100000000003	
1	0.917063	0.392602	-0.0697057	0.0	0.065057	0.0251515	0.9975649999999999	0.0	0.393399	-0.919365	-0.00247595	0.0	-0.45438999999999996	-2.30145	-3.18317	0.165148	0.283544	-0.26388	-0.9219379999999999	0.0	-0.133212	-0.9629120000000001	0.234639	0.0	-0.9496620000000001	0.056282500000000006	-0.30818	0.0	1.37529	-2.75122	-2.5738	0.357672	
1	0.9105530000000001	0.406488	-0.07523239999999999	0.0	0.0751197	0.0162596	0.997042	0.0	0.406509	-0.9135110000000001	-0.0157301	0.0	-0.44905100000000003	-2.2450799999999997	-3.21254	0.164747	0.282583	-0.263007	-0.9224829999999999	0.0	-0.132017	-0.96319	0.234172	0.0	-0.9501149999999999	0.0556102	-0.30690300000000004	0.0	1.37642	-2.73485	-2.58215	0.357862	
1	0.9051389999999999	0.417997	-0.07747430000000001	0.0	0.07561799999999999	0.02103	0.996915	0.0	0.418337	-0.9082049999999999	-0.012573	0.0	-0.447679	-2.15992	-3.23695	0.164853	0.281275	-0.265428	-0.9221889999999999	0.0	-0.132217	-0.962541	0.236715	0.0	-0.950475	0.05534680000000001	-0.30583299999999997	0.0	1.38686	-2.67532	-2.59315	0.35889299999999996	
1	0.90643	0.41592399999999996	-0.07342639999999999	0.0	0.0708534	0.0216409	0.997252	0.0	0.41636999999999996	-0.909142	-0.00985373	0.0	-0.445441	-2.14882	-3.23407	0.165188	0.27986300000000003	-0.266017	-0.922449	0.0	-0.13153299999999998	-0.962408	0.23763499999999999	0.0	-0.950987	0.054827	-0.304332	0.0	1.38438	-2.67069	-2.59498	0.35842399999999996	
1	0.904458	0.419242	-0.0786946	0.0	0.0665136	0.043618199999999996	0.9968319999999999	0.0	0.421346	-0.906826	0.0115655	0.0	-0.441137	-2.14709	-3.19109	0.165197	0.283613	-0.263395	-0.922056	0.0	-0.129044	-0.963275	0.235477	0.0	-0.950217	0.0522017	-0.307187	0.0	1.38309	-2.6648099999999997	-2.5891	0.357604	
