0	0.337764	0.725249	-0.599941	0.0	0.5419430000000001	0.371289	0.753951	0.0	0.769554	-0.579791	-0.267635	0.0	-2.79331	2.01747	1.38029	-1.50204e-05	-0.593133	0.516197	-0.617846	0.0	0.751382	0.0792831	-0.655087	0.0	-0.289169	-0.852792	-0.43488699999999997	0.0	2.66032	2.0	1.53809	0.0	
0	0.27449	0.74987	-0.601955	0.0	0.461534	0.44643999999999995	0.766601	0.0	0.8435879999999999	-0.48824700000000004	-0.22354699999999997	0.0	-2.82253	2.03225	1.34869	0.0	-0.514108	0.759842	-0.397913	0.0	0.586268	-0.027331900000000003	-0.809656	0.0	-0.6260859999999999	-0.6495340000000001	-0.43141899999999994	0.0	2.61382	2.03974	1.51795	-3.03928e-05	
0	0.2517	0.753993	-0.606747	0.0	0.44018	0.469145	0.765601	0.0	0.8619100000000001	-0.45978	-0.21380900000000003	0.0	-2.71278	2.0555	1.30088	0.0	0.0957599	0.8644719999999999	-0.493475	0.0	0.09973939999999999	-0.501591	-0.8593360000000001	0.0	-0.990395	0.033070999999999996	-0.13425399999999998	0.0	2.88407	2.0777900000000002	1.2604600000000001	0.0	
0	0.222563	0.7205630000000001	-0.6567	0.0	0.433533	0.530181	0.728668	0.0	0.8732209999999999	-0.446876	-0.194389	0.0	-2.5415400000000004	1.97478	1.29877	0.0	0.182343	0.761838	-0.621574	0.0	-0.09790850000000001	-0.614962	-0.782455	0.0	-0.978348	0.203533	-0.037543900000000005	0.0	2.9175	2.09449	1.1324	0.0	
0	0.213243	0.697557	-0.684063	0.0	0.41711800000000004	0.568146	0.709382	0.0	0.883482	-0.43660600000000005	-0.169811	0.0	-2.427	1.90473	1.36372	0.0	0.23543000000000003	0.76756	-0.596175	0.0	-0.212279	-0.557996	-0.802234	0.0	-0.948425	0.31542600000000004	0.0315673	0.0	2.8590299999999997	2.1159	1.13491	0.0	
0	0.199772	0.6928880000000001	-0.692819	0.0	0.397779	0.5888369999999999	0.703593	0.0	0.895468	-0.41614700000000004	-0.15798299999999998	0.0	-2.40184	1.8646200000000002	1.3521299999999998	0.0	0.229408	0.769088	-0.596554	0.0	-0.250697	-0.545532	-0.799716	0.0	-0.940491	0.333015	0.0676584	0.0	2.78971	2.0853099999999998	1.15981	0.0	
0	0.191822	0.693964	-0.693988	0.0	0.38333	0.597974	0.703907	0.0	0.903473	-0.40105100000000005	-0.151313	0.0	-2.40772	1.8203099999999999	1.334	0.0	0.24083000000000002	0.810525	-0.5339	0.0	-0.257384	-0.477062	-0.8403370000000001	0.0	-0.935818	0.339796	0.09372539999999999	0.0	2.78916	2.0803	1.1760700000000002	0.0	
0	0.185437	0.692637	-0.697042	0.0	0.37342800000000004	0.606457	0.701969	0.0	0.9089360000000001	-0.390466	-0.14619000000000001	0.0	-2.42252	1.75384	1.31565	0.0	0.252766	0.838134	-0.483364	0.0	-0.20283800000000002	-0.44258100000000006	-0.8734870000000001	0.0	-0.946026	0.318833	0.0581355	0.0	2.85704	2.11738	1.19614	0.0	
0	0.179524	0.690914	-0.700292	0.0	0.366249	0.613744	0.699414	0.0	0.913035	-0.38204299999999997	-0.14286500000000002	0.0	-2.42483	1.7183700000000002	1.32507	0.0	0.303627	0.754089	-0.582375	0.0	-0.10567599999999999	-0.580807	-0.807153	0.0	-0.9469129999999999	0.30661700000000003	-0.0966596	0.0	2.85245	2.24326	1.18116	0.167633	
0	0.177751	0.6874819999999999	-0.704112	0.0	0.36988000000000004	0.616367	0.695184	0.0	0.911917	-0.38400700000000004	-0.144726	0.0	-2.43213	1.7015900000000002	1.3283399999999999	0.0	0.263142	0.698337	-0.665643	0.0	-0.0772718	-0.672487	-0.736064	0.0	-0.961658	0.245125	-0.122998	0.0	2.7867	2.27533	1.22976	0.24644699999999997	
0	0.170023	0.678905	-0.7142689999999999	0.0	0.380601	0.6233390000000001	0.683075	0.0	0.908975	-0.38799	-0.15241	0.0	-2.44828	1.7047	1.34233	0.00644079	0.282692	0.740264	-0.609996	0.0	-0.162324	-0.5898439999999999	-0.791035	0.0	-0.945376	0.32263600000000003	-0.04658180000000001	0.0	2.75906	2.35502	1.3075	0.333897	
0	0.159479	0.664258	-0.7302930000000001	0.0	0.38004899999999997	0.6414340000000001	0.666428	0.0	0.911114	-0.383828	-0.15015499999999998	0.0	-2.47696	1.75774	1.3613899999999999	0.347024	0.27381300000000003	0.779686	-0.56313	0.0	-0.201494	-0.5260100000000001	-0.8262649999999999	0.0	-0.9404399999999999	0.33970900000000004	0.0130736	0.0	2.7650200000000003	2.4814700000000003	1.3774600000000001	0.33560500000000004	
0	0.15373499999999998	0.654302	-0.740442	0.0	0.393994	0.646613	0.653192	0.0	0.906164	-0.39214899999999997	-0.158384	0.0	-2.45094	1.8156299999999999	1.39993	0.352231	0.26672199999999996	0.805098	-0.52979	0.0	-0.176063	-0.49975	-0.848087	0.0	-0.9475549999999999	0.31948000000000004	0.00845309	0.0	2.82864	2.52516	1.40109	0.338907	
0	0.21485900000000002	0.655167	-0.724287	0.0	0.42040500000000003	0.6073390000000001	0.674091	0.0	0.8815299999999999	-0.449329	-0.14494400000000002	0.0	-2.47268	1.85388	1.5127	0.356144	0.23922399999999996	0.844691	-0.478821	0.0	-0.140664	-0.45778800000000003	-0.877864	0.0	-0.960722	0.277359	0.00930387	0.0	2.94443	2.60045	1.47997	0.347538	
0	0.36392199999999997	0.635598	-0.680864	0.0	0.46076000000000006	0.512437	0.724644	0.0	0.8094819999999999	-0.577429	-0.10637100000000001	0.0	-2.58232	1.7719999999999998	1.59816	0.359014	0.199323	0.8571479999999999	-0.47494	0.0	-0.10971199999999999	-0.46209799999999995	-0.880016	0.0	-0.973773	0.227514	0.00193197	0.0	3.0016700000000003	2.57113	1.5498	0.355478	
0	0.610572	0.5827859999999999	-0.536249	0.0	0.40925100000000003	0.347519	0.843649	0.0	0.6780229999999999	-0.7345689999999999	-0.026320499999999997	0.0	-2.63401	1.52871	1.7454	0.358738	0.168021	0.884811	-0.43460200000000004	0.0	-0.07269919999999999	-0.42854799999999993	-0.90059	0.0	-0.983099	0.18291400000000002	-0.00768012	0.0	3.05247	2.5697400000000004	1.63065	0.35439299999999996	
0	0.818381	0.5123979999999999	-0.26019499999999995	0.0	0.192937	0.181507	0.964277	0.0	0.541321	-0.839347	0.049681199999999995	0.0	-2.78396	1.24784	1.7602099999999998	0.35864	0.12914	0.907525	-0.399652	0.0	-0.0791562	-0.392307	-0.916422	0.0	-0.9884620000000001	0.149982	0.021173400000000002	0.0	3.0699	2.51798	1.73777	0.35384699999999997	
0	0.8995219999999999	0.42736999999999997	-0.0906368	0.0	0.0377668	0.13062	0.990713	0.0	0.43523999999999996	-0.894591	0.101355	0.0	-2.94002	0.904518	1.69405	0.36031799999999997	0.11393800000000001	0.911127	-0.39606399999999997	0.0	-0.0790691	-0.389079	-0.917805	0.0	-0.9903370000000001	0.135889	0.027711000000000003	0.0	3.09781	2.46582	1.8154400000000002	0.352864	
0	0.9199309999999999	0.391992	-0.00834155	0.0	-0.0487617	0.135493	0.9895780000000001	0.0	0.38903699999999997	-0.9099360000000001	0.143758	0.0	-3.1057200000000003	0.49947299999999994	1.5924	0.361525	0.108422	0.913538	-0.39203699999999997	0.0	-0.08396	-0.384538	-0.919283	0.0	-0.990553	0.13258599999999998	0.035008300000000006	0.0	3.1354599999999997	2.4452599999999998	1.88448	0.352132	
0	0.9260280000000001	0.37512199999999996	0.04189419999999999	0.0	-0.0911348	0.114496	0.9892350000000001	0.0	0.366287	-0.9198770000000001	0.140214	0.0	-3.18478	0.15389	1.40996	0.36094699999999996	0.104268	0.9158430000000001	-0.387761	0.0	-0.08344839999999999	-0.38045500000000004	-0.921027	0.0	-0.991042	0.128391	0.0367566	0.0	3.18423	2.4255299999999997	1.9188	0.35173000000000004	
0	0.934054	0.352379	0.058067099999999996	0.0	-0.09303910000000001	0.08312119999999999	0.992187	0.0	0.34479899999999997	-0.932159	0.110425	0.0	-3.22579	-0.06856989999999999	1.14715	0.359259	0.106673	0.911683	-0.396807	0.0	-0.0875775	-0.388918	-0.9171	0.0	-0.9904299999999999	0.132581	0.0383561	0.0	3.2292099999999997	2.40618	1.9297900000000001	0.35045	
0	0.936535	0.348837	-0.034856	0.0	0.0189143	0.049002699999999996	0.9986200000000001	0.0	0.350063	-0.935902	0.039294699999999995	0.0	-3.25667	-0.103647	0.8734299999999999	0.357925	0.10094	0.9167540000000001	-0.38648899999999997	0.0	-0.0881737	-0.378701	-0.921309	0.0	-0.990978	0.127075	0.042607400000000004	0.0	3.2412099999999997	2.37277	1.9458400000000002	0.35031599999999996	
0	0.924803	0.372694	-0.0764148	0.0	0.0646081	0.044087	0.996936	0.0	0.374921	-0.9269069999999999	0.0166927	0.0	-3.17833	-0.16708599999999998	0.57322	0.35793800000000003	0.09481619999999999	0.9194190000000001	-0.381678	0.0	-0.0897531	-0.373949	-0.9230959999999999	0.0	-0.99144	0.121781	0.0470643	0.0	3.25128	2.33126	1.94913	0.349582	
0	0.9239299999999999	0.370109	-0.096814	0.0	0.08114539999999999	0.057713099999999996	0.99503	0.0	0.373857	-0.9271940000000001	0.0232902	0.0	-3.0768	-0.294928	0.318542	0.358561	0.09682710000000001	0.916431	-0.388303	0.0	-0.0926898	-0.38013800000000003	-0.9202739999999999	0.0	-0.990976	0.125099	0.0481361	0.0	3.25577	2.2899	1.95082	0.349437	
0	0.9240079999999999	0.361248	-0.12534	0.0	0.100716	0.0862866	0.991167	0.0	0.368872	-0.9284690000000001	0.0433461	0.0	-3.00897	-0.48021199999999997	0.146057	0.35872	0.096777	0.909942	-0.403285	0.0	-0.09892510000000002	-0.394387	-0.9136040000000001	0.0	-0.9903780000000001	0.12831099999999998	0.0518486	0.0	3.25264	2.25314	1.98668	0.349471	
0	0.9255969999999999	0.359754	-0.117672	0.0	0.07240269999999999	0.13686199999999998	0.987941	0.0	0.37151999999999996	-0.922955	0.100632	0.0	-2.92157	-0.743308	0.00521484	0.35909800000000003	0.0894356	0.90674	-0.41209799999999996	0.0	-0.101105	-0.403354	-0.9094409999999999	0.0	-0.990848	0.123002	0.0556017	0.0	3.24484	2.20967	2.03476	0.349155	
0	0.928968	0.361724	-0.078583	0.0	0.01941	0.164401	0.986203	0.0	0.369652	-0.917676	0.145702	0.0	-2.87875	-1.01111	-0.0632999	0.359711	0.0855818	0.899018	-0.429467	0.0	-0.10363399999999999	-0.420678	-0.9012709999999999	0.0	-0.990927	0.12164000000000001	0.057166800000000004	0.0	3.24188	2.17845	2.06385	0.348815	
0	0.935322	0.352585	-0.0292779	0.0	-0.0402822	0.188342	0.9812770000000001	0.0	0.351498	-0.91663	0.190363	0.0	-2.85372	-1.2843	-0.10586500000000001	0.36017899999999997	0.0853645	0.891603	-0.44469899999999996	0.0	-0.103966	-0.435921	-0.8939600000000001	0.0	-0.9909110000000001	0.122546	0.0554841	0.0	3.27863	2.13555	2.0788900000000003	0.348506	
0	0.9433159999999999	0.331888	0.00219601	0.0	-0.06909689999999999	0.189912	0.979367	0.0	0.324623	-0.924004	0.20207999999999998	0.0	-2.8997	-1.43716	-0.132063	0.360629	0.08857380000000001	0.883552	-0.45988	0.0	-0.104424	-0.45091400000000004	-0.886438	0.0	-0.9905809999999999	0.126538	0.0523249	0.0	3.3134	2.0840099999999997	2.0901400000000003	0.348039	
0	0.9476829999999999	0.318379	0.023045799999999998	0.0	-0.08835839999999999	0.192261	0.977358	0.0	0.306739	-0.928262	0.21033400000000002	0.0	-2.98442	-1.57794	-0.226698	0.36004400000000003	0.08915529999999999	0.88064	-0.46532299999999993	0.0	-0.105299	-0.45623100000000005	-0.883609	0.0	-0.9904360000000001	0.127777	0.052055	0.0	3.3496599999999996	2.06304	2.11898	0.34781	
0	0.951667	0.306102	0.0251479	0.0	-0.0883035	0.194271	0.976965	0.0	0.294165	-0.931966	0.21191100000000002	0.0	-3.05642	-1.68808	-0.321264	0.360457	0.09491530000000001	0.872184	-0.479882	0.0	-0.10923599999999999	-0.47002200000000005	-0.875869	0.0	-0.989474	0.135554	0.0506617	0.0	3.359	2.04186	2.1236900000000003	0.347616	
0	0.952209	0.305269	0.0104726	0.0	-0.063803	0.165253	0.9841850000000001	0.0	0.298711	-0.937818	0.176833	0.0	-3.1045599999999998	-1.76147	-0.430059	0.360775	0.0968472	0.867424	-0.488054	0.0	-0.11321300000000001	-0.477576	-0.871266	0.0	-0.9888399999999999	0.13963399999999998	0.051951300000000006	0.0	3.33604	2.0258	2.12563	0.347387	
0	0.950095	0.308745	-0.0446675	0.0	0.00260895	0.13531500000000002	0.990799	0.0	0.311948	-0.94147	0.12775699999999998	0.0	-3.13561	-1.7751400000000002	-0.506	0.360139	0.0966078	0.86293	-0.49600299999999997	0.0	-0.11425999999999999	-0.485425	-0.8667799999999999	0.0	-0.988742	0.14041099999999998	0.0517023	0.0	3.32144	2.02467	2.1345099999999997	0.347174	
0	0.9407760000000001	0.328959	-0.0820136	0.0	0.0478888	0.110542	0.992717	0.0	0.335629	-0.937852	0.0882414	0.0	-3.14628	-1.7467	-0.6444850000000001	0.360322	0.09482869999999999	0.8634290000000001	-0.49547700000000006	0.0	-0.114419	-0.484969	-0.867014	0.0	-0.9888959999999999	0.13890999999999998	0.052803499999999996	0.0	3.3129800000000005	2.01398	2.15755	0.346878	
0	0.9283530000000001	0.353055	-0.11624300000000001	0.0	0.08324	0.107321	0.990734	0.0	0.36225799999999997	-0.929427	0.0702434	0.0	-3.1543900000000002	-1.7346700000000002	-0.711462	0.35982800000000004	0.0893682	0.8660540000000001	-0.491899	0.0	-0.113169	-0.481847	-0.868917	0.0	-0.989548	0.133321	0.054948500000000004	0.0	3.31261	1.98645	2.17245	0.346879	
0	0.9126219999999999	0.385448	-0.136202	0.0	0.10233300000000001	0.10716500000000001	0.9889610000000001	0.0	0.395789	-0.916485	0.0583568	0.0	-3.09136	-1.72758	-0.8415370000000001	0.360408	0.08174719999999999	0.86429	-0.496306	0.0	-0.10986099999999999	-0.487124	-0.866395	0.0	-0.9905799999999999	0.12535	0.05513099999999999	0.0	3.31694	1.94045	2.19306	0.346953	
0	0.907699	0.396625	-0.13701	0.0	0.103506	0.10479300000000001	0.989093	0.0	0.406656	-0.9119799999999999	0.054067399999999995	0.0	-3.0438099999999997	-1.72691	-0.897142	0.36038200000000004	0.0794628	0.8616510000000001	-0.501242	0.0	-0.108022	-0.492428	-0.863624	0.0	-0.9909680000000001	0.122771	0.05394680000000001	0.0	3.31849	1.91976	2.2025799999999998	0.346868	
0	0.9076540000000001	0.396916	-0.136462	0.0	0.0997475	0.111825	0.9887090000000001	0.0	0.407695	-0.911017	0.0619072	0.0	-2.98855	-1.7405700000000002	-0.9157219999999999	0.360059	0.07890499999999999	0.8584350000000001	-0.506817	0.0	-0.107376	-0.498125	-0.860431	0.0	-0.991083	0.12231199999999999	0.0528705	0.0	3.31702	1.9222099999999998	2.2166200000000003	0.346567	
0	0.9086690000000001	0.394229	-0.137495	0.0	0.0995799	0.115178	0.988341	0.0	0.405469	-0.911766	0.06540159999999999	0.0	-2.9553599999999998	-1.7539200000000001	-0.8989159999999999	0.35980300000000004	0.0814067	0.852226	-0.5168010000000001	0.0	-0.111311	-0.507504	-0.8544290000000001	0.0	-0.9904459999999999	0.127082	0.0535476	0.0	3.3219	1.93956	2.2321400000000002	0.346375	
0	0.9095049999999999	0.39158699999999996	-0.139501	0.0	0.100637	0.11818699999999999	0.9878790000000001	0.0	0.403328	-0.9125190000000001	0.06808389999999999	0.0	-2.94877	-1.7582400000000002	-0.890497	0.35978000000000004	0.0763386	0.852858	-0.516532	0.0	-0.11148800000000002	-0.507494	-0.8544120000000001	0.0	-0.9908290000000001	0.12281199999999999	0.05634159999999999	0.0	3.34674	1.9474200000000002	2.22775	0.346346	
0	0.9135840000000001	0.380286	-0.144039	0.0	0.104848	0.121951	0.9869829999999999	0.0	0.392901	-0.916794	0.07154060000000001	0.0	-2.9826799999999998	-1.7541200000000001	-0.8766149999999999	0.359696	0.078532	0.8522489999999999	-0.517209	0.0	-0.11601800000000001	-0.507473	-0.853822	0.0	-0.990138	0.127058	0.059023	0.0	3.3601	1.9532599999999998	2.20007	0.346405	
0	0.9196979999999999	0.35781399999999997	-0.161633	0.0	0.11713399999999999	0.142874	0.982785	0.0	0.374748	-0.922798	0.0894883	0.0	-3.0188099999999998	-1.75761	-0.844872	0.35944699999999996	0.08168210000000001	0.8474139999999999	-0.524612	0.0	-0.123865	-0.513658	-0.849007	0.0	-0.9889319999999999	0.13433	0.0630082	0.0	3.3595	1.9622099999999998	2.18268	0.346443	
0	0.9248770000000001	0.33623000000000003	-0.177629	0.0	0.131708	0.15496300000000002	0.979101	0.0	0.35673	-0.9289430000000001	0.0990375	0.0	-3.03215	-1.75108	-0.801555	0.359185	0.0843547	0.843125	-0.5310600000000001	0.0	-0.129207	-0.519204	-0.844827	0.0	-0.988023	0.139882	0.0651403	0.0	3.34919	1.96908	2.1821200000000003	0.346342	
0	0.9248139999999999	0.336492	-0.17746199999999998	0.0	0.13153399999999998	0.15488	0.979138	0.0	0.356957	-0.9288620000000001	0.09897460000000001	0.0	-3.03167	-1.75148	-0.8028569999999999	0.359186	0.0843523	0.843126	-0.5310590000000001	0.0	-0.12918	-0.519208	-0.844829	0.0	-0.988027	0.13986500000000002	0.0651183	0.0	3.34944	1.96871	2.1821599999999997	0.346339	
0	0.9248129999999999	0.336493	-0.17746199999999998	0.0	0.13153399999999998	0.154879	0.979138	0.0	0.356958	-0.9288620000000001	0.0989743	0.0	-3.03167	-1.75148	-0.802863	0.359186	0.08435219999999999	0.843126	-0.531058	0.0	-0.12918	-0.519207	-0.84483	0.0	-0.988027	0.13986500000000002	0.06511839999999999	0.0	3.34944	1.96871	2.1821599999999997	0.34634000000000004	
0	0.9248129999999999	0.336493	-0.177463	0.0	0.13153399999999998	0.15488	0.979138	0.0	0.356958	-0.9288620000000001	0.09897460000000001	0.0	-3.03167	-1.75148	-0.802864	0.359187	0.08435219999999999	0.843126	-0.531058	0.0	-0.12918	-0.519207	-0.84483	0.0	-0.988027	0.13986500000000002	0.06511839999999999	0.0	3.34944	1.96871	2.1821599999999997	0.34634000000000004	
0	0.9248129999999999	0.336493	-0.17746199999999998	0.0	0.13153399999999998	0.15488	0.979138	0.0	0.356958	-0.9288620000000001	0.09897460000000001	0.0	-3.03167	-1.75148	-0.802863	0.359187	0.08435219999999999	0.843126	-0.531058	0.0	-0.12918	-0.519207	-0.84483	0.0	-0.988027	0.13986500000000002	0.06511839999999999	0.0	3.34944	1.96871	2.1821599999999997	0.34634000000000004	
0	0.9248129999999999	0.336493	-0.17746199999999998	0.0	0.13153399999999998	0.15488	0.979138	0.0	0.356958	-0.9288620000000001	0.09897460000000001	0.0	-3.03167	-1.75148	-0.802864	0.359187	0.08435219999999999	0.843126	-0.531058	0.0	-0.12918	-0.519207	-0.84483	0.0	-0.988027	0.13986500000000002	0.06511839999999999	0.0	3.34944	1.96871	2.1821599999999997	0.34634000000000004	
0	0.9248129999999999	0.336493	-0.17746199999999998	0.0	0.13153399999999998	0.15488	0.979138	0.0	0.356958	-0.9288620000000001	0.09897460000000001	0.0	-3.03167	-1.75148	-0.802863	0.359187	0.08435219999999999	0.843126	-0.531058	0.0	-0.12918	-0.519207	-0.84483	0.0	-0.988027	0.13986500000000002	0.06511839999999999	0.0	3.34944	1.96871	2.1821599999999997	0.34634000000000004	
0	0.9248129999999999	0.336493	-0.17746199999999998	0.0	0.13153399999999998	0.15488	0.979138	0.0	0.356958	-0.9288620000000001	0.09897460000000001	0.0	-3.03167	-1.75148	-0.802864	0.359187	0.08435219999999999	0.843126	-0.531058	0.0	-0.12918	-0.519207	-0.84483	0.0	-0.988027	0.13986500000000002	0.06511839999999999	0.0	3.34944	1.96871	2.1821599999999997	0.34634000000000004	
0	0.9248129999999999	0.336493	-0.17746199999999998	0.0	0.13153399999999998	0.15488	0.979138	0.0	0.356958	-0.9288620000000001	0.09897460000000001	0.0	-3.03167	-1.75148	-0.802863	0.359187	0.08435219999999999	0.843126	-0.531058	0.0	-0.12918	-0.519207	-0.84483	0.0	-0.988027	0.13986500000000002	0.06511839999999999	0.0	3.34944	1.96871	2.1821599999999997	0.34634000000000004	
0	0.9248129999999999	0.336493	-0.17746199999999998	0.0	0.13153399999999998	0.15488	0.979138	0.0	0.356958	-0.9288620000000001	0.09897460000000001	0.0	-3.03167	-1.75148	-0.802864	0.359187	0.08435219999999999	0.843126	-0.531058	0.0	-0.12918	-0.519207	-0.84483	0.0	-0.988027	0.13986500000000002	0.06511839999999999	0.0	3.34944	1.96871	2.1821599999999997	0.34634000000000004	
0	0.9248129999999999	0.336493	-0.17746199999999998	0.0	0.13153399999999998	0.15488	0.979138	0.0	0.356958	-0.9288620000000001	0.09897460000000001	0.0	-3.03167	-1.75148	-0.802863	0.359187	0.08435219999999999	0.843126	-0.531058	0.0	-0.12918	-0.519207	-0.84483	0.0	-0.988027	0.13986500000000002	0.06511839999999999	0.0	3.34944	1.96871	2.1821599999999997	0.34634000000000004	
0	0.9248129999999999	0.336493	-0.17746199999999998	0.0	0.13153399999999998	0.15488	0.979138	0.0	0.356958	-0.9288620000000001	0.09897460000000001	0.0	-3.03167	-1.75148	-0.802863	0.359187	0.08435219999999999	0.843126	-0.531058	0.0	-0.12918	-0.519207	-0.84483	0.0	-0.988027	0.13986500000000002	0.06511839999999999	0.0	3.34944	1.96871	2.1821599999999997	0.34634000000000004	
0	0.875434	0.401276	-0.269432	0.0	0.267451	0.0621544	0.961565	0.0	0.402599	-0.9138459999999999	-0.0529094	0.0	-3.05063	-2.0699099999999997	-0.935924	0.362167	0.08049060000000001	0.8028609999999999	-0.590707	0.0	-0.164421	-0.573817	-0.802309	0.0	-0.983101	0.16170299999999999	0.08582050000000001	0.0	3.3465599999999998	2.0042400000000002	2.24123	0.344547	
0	0.8884709999999999	0.358119	-0.287001	0.0	0.24718800000000002	0.153481	0.956735	0.0	0.38667399999999996	-0.920975	0.047840499999999994	0.0	-3.06402	-2.50826	-1.09348	0.36201700000000003	0.0760264	0.80415	-0.589545	0.0	-0.160998	-0.5735979999999999	-0.80316	0.0	-0.984022	0.155977	0.08585830000000001	0.0	3.36426	1.9875599999999998	2.26418	0.345103	
0	0.89943	0.298618	-0.319146	0.0	0.254554	0.23566700000000002	0.9379040000000001	0.0	0.35528699999999996	-0.924818	0.135952	0.0	-3.03468	-2.89568	-1.26594	0.361182	0.0755175	0.797288	-0.598856	0.0	-0.167267	-0.581933	-0.79585	0.0	-0.983015	0.160269	0.08941349999999999	0.0	3.39198	1.9786700000000002	2.28393	0.343844	
0	0.861152	0.18378699999999998	-0.473962	0.0	0.41068999999999994	0.297937	0.8617229999999999	0.0	0.299584	-0.9367260000000001	0.18109	0.0	-3.00487	-3.2845400000000002	-1.45147	0.36136	0.0769352	0.786007	-0.6134109999999999	0.0	-0.18035199999999998	-0.594115	-0.7839010000000001	0.0	-0.9805889999999999	0.17094	0.09604960000000001	0.0	3.39914	1.98069	2.2972	0.34126300000000004	
0	0.854562	0.160424	-0.49395100000000003	0.0	0.42941	0.31669899999999995	0.845759	0.0	0.292114	-0.9348620000000001	0.20175099999999999	0.0	-3.00664	-3.38481	-1.5665200000000001	0.356984	0.07426519999999999	0.786193	-0.613502	0.0	-0.17987999999999998	-0.59455	-0.78368	0.0	-0.980881	0.16855699999999998	0.09726610000000001	0.0	3.3957300000000004	1.9867	2.3378099999999997	0.341829	
0	0.8908889999999999	0.138736	-0.432516	0.0	0.38258600000000004	0.284071	0.879165	0.0	0.244837	-0.9487129999999999	0.199997	0.0	-2.9925599999999997	-3.3832400000000002	-1.5820100000000001	0.350042	0.0711778	0.7852	-0.615138	0.0	-0.176959	-0.5969800000000001	-0.782497	0.0	-0.981641	0.164551	0.0964561	0.0	3.3959099999999998	1.9867099999999998	2.3654	0.342523	
0	0.952584	0.120301	-0.279484	0.0	0.24596700000000002	0.23625900000000002	0.9400440000000001	0.0	0.179119	-0.9642139999999999	0.195467	0.0	-2.95741	-3.59312	-1.7896400000000001	0.355862	0.06853569999999999	0.776894	-0.62589	0.0	-0.177004	-0.607943	-0.773999	0.0	-0.9818209999999999	0.163831	0.0958469	0.0	3.40465	1.9833599999999998	2.37891	0.34213000000000005	
0	0.9791700000000001	0.08654389999999999	-0.183675	0.0	0.16230799999999998	0.20989499999999997	0.964158	0.0	0.121994	-0.973886	0.191476	0.0	-2.93586	-3.5935300000000003	-1.7977599999999998	0.341364	0.0672517	0.7688	-0.635943	0.0	-0.17815899999999998	-0.617889	-0.7658149999999999	0.0	-0.981701	0.164802	0.0954145	0.0	3.42835	1.99137	2.39087	0.341393	
0	0.993185	0.0476153	-0.10638	0.0	0.096374	0.177772	0.979341	0.0	0.06554299999999999	-0.9829190000000001	0.171972	0.0	-2.9131400000000003	-3.5943300000000002	-1.80549	0.338417	0.0654188	0.763281	-0.6427470000000001	0.0	-0.180066	-0.6245229999999999	-0.759966	0.0	-0.981477	0.165453	0.09658480000000001	0.0	3.4544699999999997	1.9979099999999999	2.4005900000000002	0.340485	
0	0.9949370000000001	0.09097050000000001	0.0427268	0.0	-0.0606191	0.204076	0.9770770000000001	0.0	0.0801656	-0.974719	0.20855700000000002	0.0	-2.96515	-3.59039	-1.8343099999999999	0.33761199999999997	0.0656728	0.750674	-0.657401	0.0	-0.197219	-0.636062	-0.746009	0.0	-0.9781569999999999	0.178645	0.106275	0.0	3.4806199999999996	2.00794	2.38682	0.336936	
0	0.982785	0.12829100000000002	0.132945	0.0	-0.16153	0.24741100000000002	0.9553510000000001	0.0	0.0896707	-0.9603799999999999	0.263875	0.0	-3.00575	-3.5898800000000004	-1.85008	0.339273	0.06784119999999999	0.7389819999999999	-0.670301	0.0	-0.21385900000000002	-0.645462	-0.7332420000000001	0.0	-0.974506	0.19309400000000002	0.114249	0.0	3.4828099999999997	2.0093900000000002	2.37676	0.333559	
0	0.9703930000000001	0.150087	0.18924100000000002	0.0	-0.225625	0.283637	0.93201	0.0	0.08620660000000001	-0.9471129999999999	0.309103	0.0	-3.02319	-3.5883	-1.88618	0.346105	0.0679141	0.733863	-0.675895	0.0	-0.222757	-0.649204	-0.7272649999999999	0.0	-0.972506	0.199952	0.11938299999999999	0.0	3.46326	2.01073	2.37501	0.332609	
0	0.962324	0.16031199999999998	0.21961999999999998	0.0	-0.259998	0.306105	0.9158059999999999	0.0	0.07958789999999999	-0.9384030000000001	0.336252	0.0	-3.0325900000000003	-3.58621	-1.8962	0.36286999999999997	0.0673238	0.73051	-0.6795760000000001	0.0	-0.228023	-0.651829	-0.7232729999999999	0.0	-0.971325	0.203652	0.122689	0.0	3.45925	2.01095	2.3637900000000003	0.331486	
0	0.9697959999999999	0.130389	0.206141	0.0	-0.236141	0.290206	0.927372	0.0	0.0610956	-0.94804	0.312231	0.0	-3.0230200000000003	-3.5864	-1.88651	0.36235500000000004	0.0660272	0.720838	-0.689951	0.0	-0.239333	-0.6598350000000001	-0.712277	0.0	-0.9686899999999999	0.21215799999999999	0.12895299999999998	0.0	3.4561800000000003	2.01995	2.34165	0.329427	
0	0.965988	0.08760830000000001	0.243294	0.0	-0.258348	0.286499	0.9225909999999999	0.0	0.0111229	-0.954067	0.299388	0.0	-2.9839	-3.58765	-1.8667799999999999	0.34763299999999997	0.062495100000000005	0.70362	-0.707823	0.0	-0.253442	-0.674774	-0.6931430000000001	0.0	-0.9653299999999999	0.22271	0.136156	0.0	3.4411300000000002	2.06386	2.33879	0.32664099999999996	
0	0.966225	0.0712487	0.247653	0.0	-0.257693	0.26056	0.9304319999999999	0.0	0.00176351	-0.962825	0.27011999999999997	0.0	-2.98245	-3.58695	-1.8812200000000001	0.278317	0.05771669999999999	0.6948850000000001	-0.716801	0.0	-0.26132	-0.682449	-0.682624	0.0	-0.963525	0.226713	0.142199	0.0	3.44394	2.08905	2.36015	0.325489	
0	0.9681860000000001	0.0222973	0.249236	0.0	-0.24674699999999997	0.250717	0.9360860000000001	0.0	-0.0416157	-0.9678040000000001	0.24824200000000002	0.0	-2.97283	-3.5830699999999998	-1.88231	0.13800199999999999	0.0536554	0.691868	-0.720028	0.0	-0.26306999999999997	-0.6857989999999999	-0.678582	0.0	-0.963284	0.22582800000000003	0.145213	0.0	3.45068	2.1002400000000003	2.36998	0.325475	
0	0.967183	-0.00452384	0.254042	0.0	-0.247104	0.215964	0.944616	0.0	-0.0591371	-0.976391	0.20775900000000003	0.0	-3.00621	-3.5678	-1.8825900000000002	0.138224	0.0496022	0.690642	-0.721493	0.0	-0.261793	-0.688135	-0.676709	0.0	-0.963849	0.222448	0.146672	0.0	3.49151	2.11484	2.36645	0.325166	
0	0.9844	-0.00495069	0.175878	0.0	-0.172323	0.17472000000000001	0.9694209999999999	0.0	-0.035528699999999996	-0.984606	0.17114100000000002	0.0	-3.08372	-3.56755	-1.8991900000000002	0.138675	0.0473662	0.692641	-0.719725	0.0	-0.257176	-0.687787	-0.67883	0.0	-0.965203	0.21725	0.145553	0.0	3.5147800000000005	2.12222	2.35045	0.325986	
0	0.990669	0.013193200000000002	0.135651	0.0	-0.135999	0.160798	0.9775729999999999	0.0	-0.00891513	-0.986899	0.161091	0.0	-3.10745	-3.57747	-1.88907	0.138685	0.045191	0.696236	-0.716389	0.0	-0.253091	-0.685746	-0.68242	0.0	-0.9663860000000001	0.21215100000000003	0.145222	0.0	3.53919	2.11616	2.3334900000000003	0.327088	
0	0.994635	0.0190862	0.101673	0.0	-0.103397	0.15227000000000002	0.982915	0.0	0.00327836	-0.9881549999999999	0.153427	0.0	-3.10849	-3.58071	-1.86125	0.138507	0.0456797	0.691044	-0.721368	0.0	-0.25015	-0.6912010000000001	-0.677986	0.0	-0.9671290000000001	0.211421	0.141291	0.0	3.5495900000000002	2.12233	2.31405	0.32745799999999997	
0	0.9974209999999999	0.0641819	0.0321351	0.0	-0.0398999	0.12362000000000001	0.991527	0.0	0.05966559999999999	-0.990252	0.125862	0.0	-3.17246	-3.5747199999999997	-1.86411	0.138516	0.0449683	0.677949	-0.7337319999999999	0.0	-0.22795900000000002	-0.708134	-0.668267	0.0	-0.9726319999999999	0.197312	0.122701	0.0	3.57723	2.1151400000000002	2.2483	0.330862	
0	0.9949549999999999	0.09913510000000002	0.015389600000000002	0.0	-0.0252768	0.09926410000000001	0.99474	0.0	0.097086	-0.9901110000000001	0.10126900000000001	0.0	-3.21691	-3.5651	-1.88336	0.138493	0.0438863	0.6663789999999999	-0.744321	0.0	-0.20591900000000002	-0.723007	-0.659438	0.0	-0.977584	0.18220999999999998	0.10549000000000001	0.0	3.5869800000000005	2.1067299999999998	2.21909	0.334421	
0	0.9812040000000001	0.189878	0.034433899999999996	0.0	-0.029932	-0.026527099999999994	0.9992	0.0	0.190639	-0.981449	-0.020345099999999998	0.0	-3.14797	-3.4935	-1.94976	0.13980399999999998	0.0426692	0.65083	-0.758023	0.0	-0.123482	-0.749462	-0.6504300000000001	0.0	-0.9914290000000001	0.12135499999999999	0.0483865	0.0	3.60334	2.0295400000000003	2.0853200000000003	0.345552	
0	0.9760540000000001	0.211775	0.04968909999999999	0.0	-0.0345455	-0.0746197	0.9966139999999999	0.0	0.21476599999999998	-0.9744659999999999	-0.06551699999999999	0.0	-3.1535	-3.43475	-1.9272	0.139567	0.0500778	0.625181	-0.778871	0.0	-0.09536950000000001	-0.773293	-0.626835	0.0	-0.994182	0.105671	0.0208983	0.0	3.6158699999999997	2.00598	2.0032	0.346192	
0	0.9654510000000001	0.248558	0.0782538	0.0	-0.0415096	-0.149774	0.987849	0.0	0.257258	-0.956968	-0.13428199999999998	0.0	-3.19276	-2.94814	-1.8752900000000001	0.138443	0.0946332	0.554815	-0.826574	0.0	-0.0413457	-0.8273940000000001	-0.560098	0.0	-0.9946530000000001	0.0871792	-0.0553597	0.0	3.6305400000000003	1.9642099999999998	1.78525	0.346224	
0	0.9401790000000001	0.310421	0.140368	0.0	-0.0443088	-0.297104	0.953817	0.0	0.33778800000000003	-0.9029780000000001	-0.26557600000000003	0.0	-2.84985	-1.81768	-2.2078599999999997	0.138464	0.139967	0.473228	-0.86975	0.0	0.0387332	-0.880341	-0.472758	0.0	-0.989398	0.0324821	-0.141548	0.0	3.64759	1.85264	1.4985600000000001	0.346796	
4	0.9279950000000001	0.320828	0.18946	0.0	-0.061463300000000005	-0.36971	0.927112	0.0	0.367489	-0.872	-0.32337	0.0	-2.79794	-1.35643	-2.18324	0.139122	0.174473	0.43447399999999997	-0.883624	0.0	0.133877	-0.8995219999999999	-0.41585600000000006	0.0	-0.975518	-0.0457413	-0.215108	0.0	3.5994800000000002	1.6732799999999999	1.27425	0.347777	
4	0.923766	0.32469000000000003	0.203059	0.0	-0.060585400000000005	-0.39965300000000004	0.9146620000000001	0.0	0.378135	-0.8572360000000001	-0.349514	0.0	-2.7860099999999997	-1.13877	-2.13847	0.13910999999999998	0.183042	0.408505	-0.894215	0.0	0.18973900000000002	-0.9071600000000001	-0.37558	0.0	-0.964622	-0.100921	-0.243558	0.0	3.52371	1.49007	1.12814	0.348959	
4	0.924911	0.323777	0.199266	0.0	-0.057397500000000004	-0.399206	0.915063	0.0	0.375825	-0.8577899999999999	-0.350646	0.0	-2.7679099999999996	-1.03683	-2.1017099999999997	0.139104	0.179944	0.414326	-0.8921629999999999	0.0	0.237511	-0.898433	-0.369334	0.0	-0.954573	-0.145439	-0.260075	0.0	3.4598199999999997	1.37906	1.0566200000000001	0.349217	
4	0.9117709999999999	0.353455	0.20915	0.0	-0.0630423	-0.38277	0.92169	0.0	0.405832	-0.853556	-0.326716	0.0	-2.74722	-0.916315	-2.0074099999999997	0.139119	0.157641	0.41616899999999996	-0.895518	0.0	0.276878	-0.889109	-0.36445	0.0	-0.947886	-0.190497	-0.255388	0.0	3.32311	1.20426	0.978836	0.35003	
4	0.8726729999999999	0.41741000000000006	0.2534	0.0	-0.11561099999999999	-0.327567	0.9377280000000001	0.0	0.474422	-0.847625	-0.237602	0.0	-2.64547	-0.98744	-1.92677	0.13911099999999998	0.145885	0.407916	-0.9012889999999999	0.0	0.267031	-0.893457	-0.361149	0.0	-0.9525819999999999	-0.187986	-0.239269	0.0	3.13568	1.0729600000000001	0.835899	0.350986	
4	0.814923	0.494411	0.30241999999999997	0.0	-0.176116	-0.285877	0.941943	0.0	0.552162	-0.820873	-0.145894	0.0	-2.3967099999999997	-1.2173399999999999	-1.93612	0.138471	0.13481700000000002	0.382182	-0.9142	0.0	0.255891	-0.904755	-0.340498	0.0	-0.957259	-0.18803	-0.21977399999999997	0.0	2.84662	1.10257	0.750141	0.352147	
4	0.791025	0.524468	0.31498200000000004	0.0	-0.192877	-0.274808	0.9419549999999999	0.0	0.580585	-0.805862	-0.116222	0.0	-2.31074	-1.32006	-1.96643	0.139097	0.128406	0.378081	-0.916825	0.0	0.25943099999999997	-0.905091	-0.336907	0.0	-0.9571870000000001	-0.19459200000000001	-0.21430500000000002	0.0	2.7218400000000003	1.11209	0.72432	0.352426	
4	0.7121689999999999	0.616286	0.336165	0.0	-0.202468	-0.27819699999999997	0.9389430000000001	0.0	0.672177	-0.736749	-0.07334489999999999	0.0	-2.04503	-1.55972	-2.10563	0.13848	0.12287999999999999	0.368774	-0.9213610000000001	0.0	0.2549	-0.9089799999999999	-0.329823	0.0	-0.9591280000000001	-0.194326	-0.205697	0.0	2.34584	1.1675799999999998	0.607812	0.35296700000000003	
4	0.681754	0.652654	0.330536	0.0	-0.190635	-0.277717	0.941558	0.0	0.706307	-0.704923	-0.06491559999999999	0.0	-1.9523	-1.60799	-2.15143	0.13911800000000002	0.126725	0.362998	-0.923132	0.0	0.25208600000000003	-0.911867	-0.323963	0.0	-0.9593719999999999	-0.191654	-0.207063	0.0	2.2164	1.18945	0.577044	0.353204	
4	0.602425	0.740401	0.298147	0.0	-0.1553	-0.257668	0.953672	0.0	0.782922	-0.620817	-0.040240899999999996	0.0	-1.69851	-1.70852	-2.2782	0.138479	0.125634	0.31448899999999996	-0.940911	0.0	0.245049	-0.928875	-0.277746	0.0	-0.9613360000000001	-0.195675	-0.19376400000000002	0.0	1.80675	1.20939	0.541366	0.352937	
4	0.588569	0.755185	0.288587	0.0	-0.145906	-0.25187800000000005	0.9566969999999999	0.0	0.795172	-0.6051890000000001	-0.0380622	0.0	-1.6279700000000001	-1.7221099999999998	-2.3138799999999997	0.139121	0.125448	0.29593400000000003	-0.9469350000000001	0.0	0.243434	-0.934478	-0.259791	0.0	-0.9617709999999999	-0.197926	-0.18926800000000002	0.0	1.6633	1.2043	0.550363	0.354124	
4	0.532369	0.815595	0.22668899999999997	0.0	-0.11486700000000001	-0.195714	0.9739110000000001	0.0	0.838683	-0.544519	-0.0105068	0.0	-1.45116	-1.8579599999999998	-2.40571	0.13911199999999999	0.13005	0.22486399999999998	-0.965673	0.0	0.22583499999999998	-0.9550620000000001	-0.19197899999999998	0.0	-0.9654459999999999	-0.193116	-0.174988	0.0	1.28977	1.13388	0.5070520000000001	0.353671	
4	0.516629	0.830734	0.20730300000000002	0.0	-0.113068	-0.173802	0.978268	0.0	0.8487110000000001	-0.528841	0.00413814	0.0	-1.38983	-1.9054900000000001	-2.4209	0.138471	0.13819800000000002	0.195415	-0.970935	0.0	0.217513	-0.9623959999999999	-0.162737	0.0	-0.966224	-0.188701	-0.175507	0.0	1.21594	1.13749	0.49845	0.353659	
4	0.463084	0.874093	0.14668299999999998	0.0	-0.11663399999999999	-0.10396	0.987719	0.0	0.8786069999999999	-0.474505	0.05380700000000001	0.0	-1.2328	-2.0807700000000002	-2.42603	0.138472	0.140311	0.125497	-0.9821219999999999	0.0	0.20997	-0.973145	-0.09435249999999999	0.0	-0.9675879999999999	-0.192977	-0.162894	0.0	1.01348	1.0931899999999999	0.488187	0.353713	
4	0.436511	0.893043	0.10923800000000002	0.0	-0.113525	-0.0657733	0.9913559999999999	0.0	0.892508	-0.445139	0.07267219999999999	0.0	-1.18074	-2.11648	-2.42612	0.13911600000000002	0.13586800000000002	0.09792769999999999	-0.985875	0.0	0.21002800000000002	-0.975332	-0.06793539999999999	0.0	-0.968209	-0.197831	-0.153085	0.0	0.932342	1.0563200000000001	0.514939	0.35357	
4	0.372631	0.9279379999999999	0.00879806	0.0	-0.131298	0.0433348	0.990395	0.0	0.918644	-0.370207	0.137984	0.0	-1.04288	-2.18528	-2.3083400000000003	0.139119	0.10678199999999999	-0.000619285	-0.994282	0.0	0.165502	-0.986038	0.018388400000000003	0.0	-0.9804120000000001	-0.166519	-0.105189	0.0	0.710374	0.9578770000000001	0.6270789999999999	0.35264	
4	0.360419	0.93221	-0.0329156	0.0	-0.14214000000000002	0.08976189999999999	0.985768	0.0	0.921897	-0.350611	0.164856	0.0	-0.997886	-2.1996	-2.23336	0.13912	0.084895	-0.0629779	-0.994398	0.0	0.130221	-0.9887389999999999	0.073737	0.0	-0.987844	-0.135751	-0.0757381	0.0	0.604735	0.9614280000000001	0.7041970000000001	0.35234	
4	0.345997	0.932794	-0.10090299999999999	0.0	-0.131669	0.154755	0.97914	0.0	0.928951	-0.325493	0.17636500000000002	0.0	-0.9828709999999999	-2.18763	-2.05072	0.138478	0.036902	-0.211525	-0.976676	0.0	0.0252877	-0.9768309999999999	0.21251399999999998	0.0	-0.998999	-0.0325401	-0.0306981	0.0	0.48828900000000003	1.0948200000000001	0.85003	0.351453	
4	0.331405	0.9370729999999999	-0.10983599999999999	0.0	-0.117586	0.156529	0.980649	0.0	0.936132	-0.312077	0.16206199999999998	0.0	-1.01749	-2.09978	-1.9681400000000002	0.138476	0.00988364	-0.276945	-0.960835	0.0	-0.0319563	-0.9604790000000001	0.276514	0.0	-0.99944	0.0279718	-0.0183432	0.0	0.46016999999999997	1.30053	0.900955	0.35236799999999996	
4	0.337278	0.9357200000000001	-0.103309	0.0	-0.100529	0.14491099999999998	0.984325	0.0	0.9360219999999999	-0.32160500000000003	0.142942	0.0	-1.06503	-1.9703400000000002	-1.9011	0.139123	-0.013952899999999999	-0.307656	-0.9513959999999999	0.0	-0.042672800000000004	-0.9504379999999999	0.30797199999999997	0.0	-0.998992	0.0448957	0.000132721	0.0	0.475866	1.4909	0.9636979999999999	0.35263	
1	0.349035	0.9331719999999999	-0.0858211	0.0	-0.0849855	0.122724	0.9887950000000001	0.0	0.933248	-0.337831	0.12214100000000001	0.0	-1.11674	-1.87475	-1.88715	0.138476	-0.00692874	-0.185954	-0.982534	0.0	0.08135650000000001	-0.979405	0.184788	0.0	-0.996661	-0.07865520000000001	0.0219145	0.0	0.446513	1.52624	1.08077	0.354471	
1	0.369322	0.9274379999999999	-0.058825800000000004	0.0	-0.0782824	0.0941245	0.9924780000000001	0.0	0.925998	-0.361939	0.10736400000000001	0.0	-1.17759	-1.82961	-1.91667	0.138475	0.0222524	0.0639437	-0.997705	0.0	0.326883	-0.943567	-0.05318330000000001	0.0	-0.9448030000000001	-0.324949	-0.04189880000000001	0.0	0.391479	1.2622	1.16316	0.353971	
1	0.380129	0.924273	-0.0349482	0.0	-0.0795695	0.0703228	0.994346	0.0	0.9215040000000001	-0.375199	0.100276	0.0	-1.21243	-1.8273	-1.9659400000000002	0.139122	0.04796280000000001	0.194645	-0.979701	0.0	0.475318	-0.8671049999999999	-0.149005	0.0	-0.8785059999999999	-0.45852200000000004	-0.134107	0.0	0.508599	0.8639290000000001	0.969543	0.353873	
1	0.379352	0.924674	-0.0327319	0.0	-0.07937280000000001	0.067768	0.994539	0.0	0.921842	-0.374682	0.0991018	0.0	-1.2234200000000002	-1.83211	-1.98691	0.139126	0.0707145	0.279154	-0.9576389999999999	0.0	0.561049	-0.8049189999999999	-0.193206	0.0	-0.824757	-0.52362	-0.213538	0.0	0.598167	0.6141340000000001	0.767388	0.35424	
1	0.375906	0.9259790000000001	-0.0354529	0.0	-0.0804715	0.07073439999999999	0.994244	0.0	0.923157	-0.37088899999999997	0.101105	0.0	-1.2182899999999999	-1.86747	-1.9776	0.139126	0.105478	0.39602800000000005	-0.9121600000000001	0.0	0.689292	-0.690277	-0.21998800000000002	0.0	-0.716765	-0.60554	-0.345789	0.0	0.9347709999999999	0.0803092	0.211313	0.3516	
1	0.380103	0.924298	-0.0345605	0.0	-0.0828036	0.0712189	0.9940180000000001	0.0	0.9212299999999999	-0.37496799999999997	0.10360599999999999	0.0	-1.20983	-1.89363	-1.95822	0.139125	0.12911199999999998	0.44993	-0.883682	0.0	0.737883	-0.6389229999999999	-0.2175	0.0	-0.662464	-0.623972	-0.41448900000000005	0.0	1.14182	-0.21697800000000003	-0.18066300000000002	0.35178000000000004	
1	0.380216	0.924308	-0.0330379	0.0	-0.08521489999999998	0.0705771	0.9938600000000001	0.0	0.9209639999999999	-0.375066	0.105599	0.0	-1.2057799999999999	-1.8981700000000001	-1.95553	0.139125	0.136141	0.47670100000000004	-0.868459	0.0	0.7601979999999999	-0.61239	-0.21697399999999997	0.0	-0.635268	-0.630662	-0.445759	0.0	1.26455	-0.373849	-0.375945	0.351412	
1	0.381714	0.9237989999999999	-0.0298311	0.0	-0.0884926	0.0686537	0.993708	0.0	0.920035	-0.376672	0.107955	0.0	-1.19527	-1.9072	-1.95786	0.13848	0.173788	0.46253999999999995	-0.869399	0.0	0.7682979999999999	-0.615954	-0.174123	0.0	-0.616049	-0.6376970000000001	-0.46241400000000005	0.0	1.51261	-0.759268	-0.839065	0.35134099999999996	
1	0.382367	0.9234870000000001	-0.031083999999999997	0.0	-0.0892467	0.0703935	0.993519	0.0	0.91969	-0.37711500000000003	0.10933399999999999	0.0	-1.1933799999999999	-1.9129900000000002	-1.9564700000000002	0.139123	0.192429	0.449668	-0.8722209999999999	0.0	0.763416	-0.627069	-0.154857	0.0	-0.616577	-0.636069	-0.46395	0.0	1.55566	-0.8891020000000001	-0.9435540000000001	0.352157	
1	0.373988	0.9267340000000001	-0.0360278	0.0	-0.09859910000000001	0.0783566	0.992038	0.0	0.922177	-0.367458	0.120679	0.0	-1.16218	-1.9606599999999998	-1.9498	0.138471	0.23486500000000002	0.372314	-0.897898	0.0	0.722968	-0.684366	-0.09466489999999998	0.0	-0.649736	-0.626918	-0.42990500000000004	0.0	1.55274	-1.27496	-1.15272	0.352557	
1	0.353658	0.933981	-0.0510402	0.0	-0.10874	0.09524930000000001	0.9894959999999999	0.0	0.929033	-0.344394	0.135247	0.0	-1.11345	-1.9947700000000002	-1.94018	0.138476	0.24739899999999998	0.326445	-0.912265	0.0	0.672455	-0.735704	-0.0809001	0.0	-0.697566	-0.593443	-0.401532	0.0	1.44143	-1.35351	-1.28508	0.364138	
1	0.344479	0.936995	-0.0580991	0.0	-0.11458	0.10338800000000001	0.9880190000000001	0.0	0.931775	-0.33369499999999996	0.142976	0.0	-1.08426	-2.00238	-1.91933	0.13912	0.246202	0.320511	-0.91469	0.0	0.656401	-0.7495	-0.0859482	0.0	-0.713108	-0.5792430000000001	-0.394912	0.0	1.34074	-1.3468799999999999	-1.32528	0.36395900000000003	
1	0.338156	0.938932	-0.0636977	0.0	-0.127692	0.11283699999999999	0.985375	0.0	0.9323870000000001	-0.32507600000000003	0.158051	0.0	-1.01865	-2.04993	-1.8564	0.13911099999999998	0.24693800000000002	0.294944	-0.923055	0.0	0.641207	-0.76393	-0.0725615	0.0	-0.7265510000000001	-0.573951	-0.377763	0.0	1.07877	-1.2992299999999999	-1.41795	0.36398600000000003	
