0	0.10730999999999999	0.918616	-0.380303	0.0	0.298667	0.335059	0.8936069999999999	0.0	0.948305	-0.209477	-0.238406	0.0	-2.91506	2.1122900000000002	1.26369	0.0	0.318654	0.635513	-0.703267	0.0	-0.219067	-0.67248	-0.706952	0.0	-0.9222090000000001	0.379335	-0.0750684	0.0	2.74514	2.07897	1.4381700000000002	0.0	
0	0.10730999999999999	0.918616	-0.380303	0.0	0.298667	0.335059	0.8936069999999999	0.0	0.948305	-0.209477	-0.238406	0.0	-2.91506	2.1122900000000002	1.26369	0.0	0.318654	0.635513	-0.703267	0.0	-0.219067	-0.67248	-0.706952	0.0	-0.9222090000000001	0.379335	-0.0750684	0.0	2.74514	2.07897	1.4381700000000002	0.0	
0	0.054895299999999994	0.918668	-0.39119699999999996	0.0	0.253739	0.366091	0.8953180000000001	0.0	0.965714	-0.148411	-0.21300500000000003	0.0	-2.88532	2.21909	1.1072	0.0497528	0.315051	0.6568579999999999	-0.68504	0.0	-0.234504	-0.645541	-0.7268319999999999	0.0	-0.9196469999999999	0.38963400000000004	-0.0493426	0.0	2.79848	2.13524	1.30132	0.245865	
0	-0.062362	0.8515360000000001	-0.520575	0.0	0.228967	0.519885	0.8229790000000001	0.0	0.971435	-0.0678719	-0.22739499999999999	0.0	-2.82754	2.3031	0.972174	0.350623	0.309884	0.676086	-0.6684899999999999	0.0	-0.24875100000000003	-0.620959	-0.743325	0.0	-0.917657	0.39663200000000004	-0.0242482	0.0	2.72768	2.2025799999999998	1.24213	0.329894	
0	-0.050225900000000004	0.847057	-0.529123	0.0	0.25056999999999996	0.523534	0.814326	0.0	0.9667950000000001	-0.091682	-0.238542	0.0	-2.72887	2.3414599999999997	0.9334889999999999	0.354985	0.27186	0.746059	-0.6078560000000001	0.0	-0.17227699999999999	-0.583712	-0.793475	0.0	-0.9467909999999999	0.32043299999999997	-0.030159699999999998	0.0	2.71317	2.1936400000000003	1.3144200000000001	0.34647100000000003	
0	-0.023793099999999998	0.8542139999999999	-0.5193770000000001	0.0	0.265529	0.506264	0.8204819999999999	0.0	0.963809	-0.11838800000000001	-0.23886500000000002	0.0	-2.72495	2.33186	0.882663	0.355091	0.217358	0.813277	-0.539756	0.0	-0.08597039999999999	-0.534877	-0.8405450000000001	0.0	-0.972299	0.229102	-0.046341900000000005	0.0	2.72097	2.15885	1.36765	0.36180100000000004	
0	0.0858696	0.884699	-0.458186	0.0	0.347542	0.40439899999999995	0.8459760000000001	0.0	0.933724	-0.231883	-0.27274499999999996	0.0	-2.76041	2.32144	0.7867770000000001	0.35497199999999995	0.10236	0.89404	-0.436137	0.0	0.0534105	-0.442747	-0.8950540000000001	0.0	-0.9933129999999999	0.0683233	-0.0930707	0.0	2.7084900000000003	2.07839	1.35697	0.36398	
0	0.18732000000000001	0.8976860000000001	-0.398838	0.0	0.425307	0.291876	0.856693	0.0	0.885452	-0.330104	-0.32711799999999996	0.0	-2.85885	2.1549099999999997	0.5011770000000001	0.356937	-0.0120223	0.930565	-0.36592800000000003	0.0	0.20496999999999999	-0.35589	-0.911773	0.0	-0.9786940000000001	-0.08596569999999999	-0.18645899999999999	0.0	2.63173	1.83182	1.1312200000000001	0.363973	
0	0.31055	0.8622190000000001	-0.400171	0.0	0.48708500000000005	0.217171	0.845922	0.0	0.816276	-0.45761899999999994	-0.352532	0.0	-2.9338	1.8413599999999999	0.18425999999999998	0.357867	-0.0835288	0.934752	-0.345343	0.0	0.33722399999999997	-0.299593	-0.892482	0.0	-0.9377120000000001	-0.19100599999999998	-0.290196	0.0	2.5891599999999997	1.44526	0.739695	0.36401	
0	0.395615	0.806811	-0.438799	0.0	0.607766	0.12821400000000002	0.783698	0.0	0.6885560000000001	-0.57673	-0.43962799999999996	0.0	-3.0194799999999997	1.40359	-0.27765300000000004	0.358101	-0.155417	0.889417	-0.429864	0.0	0.43220699999999995	-0.330069	-0.839197	0.0	-0.888281	-0.316216	-0.333115	0.0	2.5477	0.889106	0.315712	0.364003	
0	0.534473	0.687384	-0.49177299999999996	0.0	0.649541	0.038221899999999996	0.759365	0.0	0.540772	-0.725287	-0.42605600000000005	0.0	-3.10597	0.78438	-0.667046	0.359211	-0.177526	0.837649	-0.516554	0.0	0.51763	-0.36693899999999996	-0.772927	0.0	-0.8369850000000001	-0.404599	-0.36845100000000003	0.0	2.56522	0.302854	-0.109168	0.363975	
0	0.590305	0.604132	-0.5353180000000001	0.0	0.6559729999999999	0.027408799999999997	0.754286	0.0	0.470361	-0.796413	-0.38011500000000004	0.0	-3.15476	0.0554653	-1.06385	0.359052	-0.161629	0.800982	-0.576459	0.0	0.594217	-0.387382	-0.70487	0.0	-0.7878970000000001	-0.45646899999999996	-0.41334499999999996	0.0	2.6165599999999998	-0.286558	-0.5777939999999999	0.36395900000000003	
0	0.629771	0.564895	-0.533181	0.0	0.635943	0.019206	0.771497	0.0	0.44605500000000003	-0.824939	-0.347146	0.0	-3.1414	-0.392546	-1.20696	0.359462	-0.188703	0.766606	-0.6137640000000001	0.0	0.642903	-0.376008	-0.667304	0.0	-0.7423390000000001	-0.520513	-0.4219	0.0	2.63021	-0.668432	-0.7864260000000001	0.363939	
0	0.674715	0.553906	-0.48779799999999995	0.0	0.588068	-0.00405584	0.808801	0.0	0.44602200000000003	-0.832569	-0.328471	0.0	-3.17876	-0.786357	-1.3522	0.35997399999999996	-0.20357999999999998	0.756523	-0.6214729999999999	0.0	0.662467	-0.36094899999999996	-0.6563939999999999	0.0	-0.720897	-0.545333	-0.42768999999999996	0.0	2.68403	-1.00827	-0.918236	0.363985	
0	0.681673	0.551021	-0.48135	0.0	0.574396	0.00447434	0.818565	0.0	0.453201	-0.8344790000000001	-0.31345500000000004	0.0	-3.18221	-1.05984	-1.39676	0.359653	-0.21258600000000002	0.7432270000000001	-0.634366	0.0	0.675902	-0.356991	-0.644759	0.0	-0.705666	-0.565836	-0.426457	0.0	2.73136	-1.24389	-1.0190000000000001	0.363987	
0	0.682144	0.555184	-0.475869	0.0	0.565132	0.0126874	0.824903	0.0	0.46401000000000003	-0.8316309999999999	-0.305098	0.0	-3.17477	-1.19706	-1.39543	0.359525	-0.21287399999999998	0.739946	-0.638095	0.0	0.672431	-0.362863	-0.6451100000000001	0.0	-0.7088869999999999	-0.5664020000000001	-0.42031899999999994	0.0	2.7168400000000004	-1.39438	-1.06192	0.36398800000000003	
0	0.684396	0.554478	-0.473451	0.0	0.5630890000000001	0.010550799999999999	0.8263290000000001	0.0	0.46317600000000003	-0.832132	-0.30499899999999996	0.0	-3.17145	-1.24499	-1.4086	0.3595	-0.21289499999999997	0.72533	-0.654655	0.0	0.668454	-0.38055500000000003	-0.639021	0.0	-0.7126319999999999	-0.573651	-0.403831	0.0	2.63137	-1.47166	-1.06939	0.363981	
0	0.679113	0.5532100000000001	-0.48245699999999997	0.0	0.5677979999999999	0.0206424	0.822909	0.0	0.46520100000000003	-0.832786	-0.300093	0.0	-3.1667799999999997	-1.24871	-1.4131	0.359681	-0.204732	0.7073689999999999	-0.676545	0.0	0.661034	-0.40983500000000006	-0.628545	0.0	-0.721885	-0.5759029999999999	-0.383689	0.0	2.5326299999999997	-1.46848	-1.01643	0.363971	
0	0.678003	0.548487	-0.489361	0.0	0.571769	0.0248571	0.8200379999999999	0.0	0.461945	-0.8357899999999999	-0.296755	0.0	-3.16562	-1.2375200000000002	-1.38689	0.35940300000000003	-0.202957	0.694295	-0.690481	0.0	0.657805	-0.425666	-0.62137	0.0	-0.725328	-0.580313	-0.370319	0.0	2.46674	-1.43222	-0.9815139999999999	0.36397399999999996	
0	0.659827	0.551081	-0.510821	0.0	0.587314	0.045817199999999995	0.8080609999999999	0.0	0.46871199999999996	-0.8331930000000001	-0.293427	0.0	-3.18871	-1.19953	-1.37432	0.359304	-0.195509	0.678729	-0.707887	0.0	0.6534439999999999	-0.448088	-0.610104	0.0	-0.731291	-0.581846	-0.355906	0.0	2.4095400000000002	-1.37028	-0.9322870000000001	0.363976	
0	0.660008	0.5509729999999999	-0.510704	0.0	0.587182	0.045713300000000005	0.808163	0.0	0.46862200000000004	-0.8332700000000001	-0.29335	0.0	-3.18837	-1.20044	-1.3745100000000001	0.359309	-0.195631	0.6788069999999999	-0.707777	0.0	0.653528	-0.44787	-0.610175	0.0	-0.731183	-0.581922	-0.356003	0.0	2.41033	-1.3715	-0.9332959999999999	0.36398	
0	0.660008	0.550972	-0.510704	0.0	0.587182	0.045714	0.808163	0.0	0.46862200000000004	-0.8332709999999999	-0.29334899999999997	0.0	-3.18837	-1.20045	-1.3745100000000001	0.359309	-0.195632	0.678808	-0.707777	0.0	0.653529	-0.44786899999999996	-0.610175	0.0	-0.731183	-0.581922	-0.356003	0.0	2.41034	-1.37151	-0.9333020000000001	0.363979	
0	0.660008	0.550972	-0.510704	0.0	0.587182	0.045714	0.808163	0.0	0.46862200000000004	-0.8332709999999999	-0.29335	0.0	-3.18836	-1.20045	-1.3745100000000001	0.359309	-0.195632	0.678808	-0.707777	0.0	0.653529	-0.44786899999999996	-0.610175	0.0	-0.731183	-0.581922	-0.356003	0.0	2.41034	-1.37151	-0.9333020000000001	0.363979	
0	0.660008	0.550972	-0.510704	0.0	0.587182	0.045714199999999997	0.808163	0.0	0.46862200000000004	-0.8332709999999999	-0.29334899999999997	0.0	-3.18836	-1.20045	-1.3745100000000001	0.359309	-0.195632	0.678808	-0.707777	0.0	0.653529	-0.44786899999999996	-0.610175	0.0	-0.731183	-0.581922	-0.356003	0.0	2.41034	-1.37151	-0.9333020000000001	0.363979	
0	0.660008	0.550972	-0.510704	0.0	0.587182	0.045714199999999997	0.808163	0.0	0.46862200000000004	-0.8332709999999999	-0.29334899999999997	0.0	-3.18836	-1.20045	-1.3745100000000001	0.359309	-0.195632	0.678808	-0.707777	0.0	0.653529	-0.44786899999999996	-0.610175	0.0	-0.731183	-0.581922	-0.356003	0.0	2.41034	-1.37151	-0.9333020000000001	0.363979	
0	0.660008	0.550972	-0.510704	0.0	0.587182	0.045714199999999997	0.808163	0.0	0.46862200000000004	-0.8332709999999999	-0.29334899999999997	0.0	-3.18836	-1.20045	-1.3745100000000001	0.359309	-0.195632	0.678808	-0.707777	0.0	0.653529	-0.44786899999999996	-0.610175	0.0	-0.731183	-0.581922	-0.356003	0.0	2.41034	-1.37151	-0.9333020000000001	0.36398	
0	0.660008	0.550972	-0.510704	0.0	0.587182	0.045714199999999997	0.808163	0.0	0.46862200000000004	-0.8332709999999999	-0.29334899999999997	0.0	-3.18836	-1.20045	-1.3745100000000001	0.359309	-0.195632	0.678808	-0.707777	0.0	0.653529	-0.44786899999999996	-0.610175	0.0	-0.731183	-0.581922	-0.356003	0.0	2.41034	-1.37151	-0.9333020000000001	0.36398	
0	0.659999	0.550972	-0.510717	0.0	0.586316	0.0472804	0.808702	0.0	0.46971899999999994	-0.833184	-0.291838	0.0	-3.1926900000000002	-1.20337	-1.3832799999999998	0.35930700000000004	-0.19568	0.678818	-0.707754	0.0	0.654928	-0.44671099999999997	-0.6095229999999999	0.0	-0.729917	-0.5828	-0.357165	0.0	2.4009400000000003	-1.36931	-0.928581	0.364063	
0	0.38167	0.784208	-0.48923	0.0	0.685612	0.11477899999999999	0.718862	0.0	0.619891	-0.6097899999999999	-0.493854	0.0	-3.3410900000000003	-1.31516	-1.62792	0.35902	-0.0215405	0.830326	-0.556862	0.0	0.508703	-0.470396	-0.721076	0.0	-0.8606729999999999	-0.298809	-0.412257	0.0	2.37564	-1.49001	-1.07081	0.363976	
0	0.47716800000000004	0.7326550000000001	-0.48531199999999997	0.0	0.667507	0.0570395	0.742416	0.0	0.571617	-0.6782060000000001	-0.46183500000000005	0.0	-3.4378699999999998	-1.6882099999999998	-2.04659	0.360177	-0.0830855	0.843324	-0.530944	0.0	0.5543640000000001	-0.403627	-0.727851	0.0	-0.828117	-0.35481	-0.43397299999999994	0.0	2.35467	-1.7964900000000001	-1.454	0.363981	
0	0.545451	0.665507	-0.509494	0.0	0.6597770000000001	0.033955400000000004	0.750694	0.0	0.516892	-0.7456189999999999	-0.42056499999999997	0.0	-3.50454	-2.0733099999999998	-2.32997	0.361646	-0.09472660000000001	0.8383010000000001	-0.536916	0.0	0.5631430000000001	-0.39962800000000004	-0.723303	0.0	-0.8209129999999999	-0.37087600000000004	-0.43422799999999995	0.0	2.34335	-2.0661099999999997	-1.7536	0.36396300000000004	
0	0.6561	0.47391000000000005	-0.587317	0.0	0.6543399999999999	0.030502299999999996	0.7555850000000001	0.0	0.375994	-0.8800450000000001	-0.290086	0.0	-3.6857	-2.80737	-2.62311	0.36317699999999997	-0.10491099999999999	0.815308	-0.569445	0.0	0.563096	-0.423271	-0.7097640000000001	0.0	-0.8197049999999999	-0.39511399999999997	-0.414691	0.0	2.25611	-2.35289	-1.97755	0.36398800000000003	
0	0.722536	0.322202	-0.6116590000000001	0.0	0.621528	0.0846823	0.778802	0.0	0.302728	-0.942876	-0.139072	0.0	-3.83797	-3.4971099999999997	-2.76135	0.362865	-0.10893199999999999	0.797623	-0.593238	0.0	0.553687	-0.446954	-0.702611	0.0	-0.825569	-0.405005	-0.392946	0.0	2.15447	-2.50094	-2.02724	0.363992	
0	0.7482260000000001	0.262598	-0.609262	0.0	0.596923	0.13433399999999998	0.7909729999999999	0.0	0.289553	-0.955509	-0.056238199999999995	0.0	-3.8689999999999998	-3.62439	-2.79225	0.362881	-0.10699700000000001	0.790225	-0.603404	0.0	0.549604	-0.458729	-0.698214	0.0	-0.8285450000000001	-0.40634000000000003	-0.385229	0.0	2.0815900000000003	-2.51417	-2.01942	0.363933	
0	0.761261	0.254271	-0.596513	0.0	0.549948	0.23423200000000002	0.8016810000000001	0.0	0.343566	-0.93834	0.0384755	0.0	-3.9178699999999997	-3.60695	-2.85963	0.370028	-0.10896800000000001	0.787755	-0.606275	0.0	0.550972	-0.459783	-0.696441	0.0	-0.8273790000000001	-0.40993	-0.383929	0.0	2.05974	-2.5007099999999998	-2.0039	0.36398600000000003	
0	0.7253930000000001	0.267344	-0.634296	0.0	0.551249	0.326229	0.7679189999999999	0.0	0.412225	-0.906698	0.0892716	0.0	-3.8095	-3.60057	-2.89873	0.376046	-0.112902	0.7925760000000001	-0.59923	0.0	0.550805	-0.45201499999999994	-0.701639	0.0	-0.8269629999999999	-0.409275	-0.385521	0.0	2.08928	-2.51	-2.0093099999999997	0.363981	
0	0.665702	0.293646	-0.686012	0.0	0.5745020000000001	0.385013	0.7222970000000001	0.0	0.47622299999999995	-0.87495	0.0876034	0.0	-3.6503900000000002	-3.6011900000000003	-2.92329	0.374315	-0.11643699999999998	0.794192	-0.596407	0.0	0.5484680000000001	-0.449212	-0.7052609999999999	0.0	-0.828025	-0.40922800000000004	-0.383284	0.0	2.1003700000000003	-2.5470200000000003	-1.9992900000000002	0.363973	
0	0.608136	0.313197	-0.729437	0.0	0.585491	0.44355100000000003	0.678574	0.0	0.5360699999999999	-0.839744	0.0863653	0.0	-3.25133	-3.60474	-2.95987	0.361518	-0.12309500000000001	0.7898229999999999	-0.600855	0.0	0.5457529999999999	-0.451809	-0.705708	0.0	-0.8288559999999999	-0.414788	-0.375433	0.0	2.08221	-2.593	-1.9345599999999998	0.363978	
0	0.532728	0.336035	-0.776712	0.0	0.5928680000000001	0.506746	0.625872	0.0	0.603911	-0.7939069999999999	0.07073330000000001	0.0	-3.21461	-3.4598800000000005	-2.95555	0.361479	-0.127582	0.786316	-0.604509	0.0	0.542883	-0.454719	-0.706052	0.0	-0.830061	-0.418257	-0.368863	0.0	2.0777400000000004	-2.65452	-1.92907	0.363958	
0	0.516479	0.32416	-0.792571	0.0	0.5867760000000001	0.540131	0.6032850000000001	0.0	0.623653	-0.7766460000000001	0.0887568	0.0	-3.21387	-3.30018	-2.94064	0.361325	-0.127104	0.787397	-0.6032	0.0	0.5428689999999999	-0.45374200000000003	-0.706691	0.0	-0.8301440000000001	-0.417281	-0.36978099999999997	0.0	2.06845	-2.66889	-1.93082	0.363981	
0	0.494174	0.303265	-0.814753	0.0	0.568288	0.596545	0.5667300000000001	0.0	0.657906	-0.743078	0.122456	0.0	-3.1489700000000003	-3.16846	-2.84753	0.361123	-0.125136	0.7871859999999999	-0.603887	0.0	0.541039	-0.45606	-0.7066020000000001	0.0	-0.831636	-0.41514700000000004	-0.368829	0.0	2.05701	-2.66355	-1.93097	0.363975	
0	0.48197799999999996	0.290444	-0.826644	0.0	0.55479	0.629071	0.5444979999999999	0.0	0.678163	-0.72105	0.14206300000000002	0.0	-3.00793	-3.11142	-2.71611	0.360652	-0.12494000000000001	0.784736	-0.607107	0.0	0.537295	-0.460897	-0.706321	0.0	-0.834089	-0.414443	-0.36405	0.0	2.04121	-2.66203	-1.92176	0.36397199999999996	
0	0.526065	0.287155	-0.8004979999999999	0.0	0.558739	0.592917	0.5798800000000001	0.0	0.6411439999999999	-0.752324	0.15146800000000002	0.0	-2.94601	-3.10122	-2.6579	0.359664	-0.122717	0.779292	-0.614527	0.0	0.532906	-0.470624	-0.703224	0.0	-0.8372290000000001	-0.413783	-0.357536	0.0	2.0281599999999997	-2.63722	-1.89674	0.36396799999999996	
0	0.62015	0.261809	-0.739507	0.0	0.538518	0.543401	0.643983	0.0	0.57045	-0.797603	0.196001	0.0	-2.89644	-3.08736	-2.67239	0.36086999999999997	-0.12003499999999999	0.77179	-0.624445	0.0	0.531262	-0.481417	-0.697136	0.0	-0.8386610000000001	-0.41542399999999996	-0.352236	0.0	2.00676	-2.61518	-1.8593099999999998	0.36398600000000003	
0	0.698982	0.22709400000000002	-0.678124	0.0	0.4908	0.537339	0.685844	0.0	0.520134	-0.8122159999999999	0.26413200000000003	0.0	-2.8521099999999997	-3.09112	-2.69521	0.361869	-0.11804500000000001	0.765482	-0.632537	0.0	0.532794	-0.48871400000000004	-0.690861	0.0	-0.8379709999999999	-0.41856499999999996	-0.350154	0.0	1.98085	-2.5787400000000003	-1.82801	0.363981	
0	0.725435	0.20893699999999998	-0.655812	0.0	0.335573	0.724535	0.602029	0.0	0.600945	-0.656806	0.45548999999999995	0.0	-2.8608700000000002	-3.17211	-2.7471	0.358698	-0.118318	0.761229	-0.637598	0.0	0.53168	-0.49373999999999996	-0.68814	0.0	-0.8386399999999999	-0.420417	-0.346312	0.0	1.9774	-2.5617099999999997	-1.8122599999999998	0.363979	
0	0.793633	0.193537	-0.576793	0.0	0.474761	0.395852	0.786068	0.0	0.380458	-0.897689	0.222277	0.0	-2.85573	-3.3376300000000003	-2.76736	0.359084	-0.118754	0.760433	-0.638467	0.0	0.531043	-0.494684	-0.687955	0.0	-0.838983	-0.42075	-0.345077	0.0	1.99351	-2.54635	-1.8023	0.36396799999999996	
0	0.857758	0.17303	-0.48405699999999996	0.0	0.43291899999999994	0.264599	0.8617239999999999	0.0	0.277185	-0.948709	0.152054	0.0	-2.7995900000000002	-3.3213199999999996	-2.78451	0.363125	-0.117154	0.759885	-0.639414	0.0	0.5299510000000001	-0.49668100000000004	-0.687358	0.0	-0.8398969999999999	-0.41938400000000003	-0.344513	0.0	2.0017	-2.53444	-1.79892	0.363982	
0	0.925847	0.171711	-0.336635	0.0	0.29890500000000003	0.2123	0.9303680000000001	0.0	0.23122199999999998	-0.9620000000000001	0.145231	0.0	-2.7219900000000004	-3.2979199999999995	-2.79255	0.360157	-0.116803	0.757976	-0.64174	0.0	0.5284949999999999	-0.49964200000000003	-0.6863319999999999	0.0	-0.8408629999999999	-0.41932200000000003	-0.342227	0.0	2.00391	-2.54055	-1.78971	0.36397199999999996	
0	0.9669409999999999	0.164073	-0.195206	0.0	0.161228	0.199716	0.966499	0.0	0.197562	-0.9660200000000001	0.16666	0.0	-2.70532	-3.3888599999999998	-2.88794	0.352605	-0.116047	0.7538560000000001	-0.6467109999999999	0.0	0.5249020000000001	-0.506214	-0.6842699999999999	0.0	-0.8432149999999999	-0.418867	-0.336956	0.0	2.00231	-2.53838	-1.78017	0.363964	
0	0.9761049999999999	0.18823399999999998	-0.108569	0.0	0.0734842	0.184256	0.9801270000000001	0.0	0.204498	-0.964685	0.166021	0.0	-2.6758900000000003	-3.38111	-2.88424	0.35355	-0.113973	0.7503449999999999	-0.651147	0.0	0.5208010000000001	-0.51302	-0.6823319999999999	0.0	-0.846036	-0.416886	-0.33231	0.0	2.00001	-2.53398	-1.75683	0.363989	
0	0.976476	0.204395	-0.0686864	0.0	0.034805199999999994	0.164959	0.9856860000000001	0.0	0.2128	-0.964889	0.15396400000000002	0.0	-2.66915	-3.38174	-2.88551	0.354883	-0.11273699999999999	0.746529	-0.655732	0.0	0.517042	-0.519479	-0.680301	0.0	-0.8485030000000001	-0.415736	-0.327423	0.0	1.9968	-2.5314099999999997	-1.7369299999999999	0.364001	
0	0.967951	0.25087800000000005	0.0114489	0.0	-0.037415199999999996	0.09897819999999999	0.9943860000000001	0.0	0.248336	-0.962945	0.10519300000000001	0.0	-2.81193	-3.62551	-3.02477	0.344082	-0.111821	0.742661	-0.660265	0.0	0.5138590000000001	-0.52549	-0.6780930000000001	0.0	-0.850556	-0.415108	-0.322862	0.0	1.9839799999999999	-2.5267	-1.7092200000000002	0.363982	
0	0.9763299999999999	0.20836300000000002	0.0580092	0.0	-0.0741065	0.0702936	0.99477	0.0	0.20319500000000001	-0.9755219999999999	0.08407080000000001	0.0	-2.78777	-3.61904	-3.03233	0.338598	-0.110653	0.7383930000000001	-0.665231	0.0	0.509586	-0.532509	-0.675838	0.0	-0.853275	-0.413775	-0.317351	0.0	1.9686400000000002	-2.51332	-1.6884400000000002	0.36398800000000003	
0	0.9732459999999999	0.217248	0.0748061	0.0	-0.102065	0.117084	0.9878629999999999	0.0	0.205853	-0.9690690000000001	0.136125	0.0	-2.79524	-3.61784	-3.03824	0.360075	-0.10825699999999999	0.736214	-0.668034	0.0	0.507568	-0.536863	-0.673908	0.0	-0.854784	-0.41202799999999995	-0.31556	0.0	1.96029	-2.50069	-1.6688599999999998	0.363975	
0	0.968937	0.22750900000000002	0.096962	0.0	-0.13011199999999998	0.13553199999999999	0.982193	0.0	0.21031599999999998	-0.964298	0.160923	0.0	-2.8068400000000002	-3.61766	-3.0425	0.36187800000000003	-0.106705	0.732921	-0.6718930000000001	0.0	0.5012949999999999	-0.543925	-0.672941	0.0	-0.8586719999999999	-0.408623	-0.309371	0.0	1.9563599999999999	-2.49496	-1.6551900000000002	0.36397399999999996	
0	0.9600870000000001	0.23181300000000002	0.15650999999999998	0.0	-0.19255799999999998	0.141957	0.9709629999999999	0.0	0.20286400000000002	-0.962347	0.180929	0.0	-2.81796	-3.6171599999999997	-3.05796	0.36683899999999997	-0.103781	0.729634	-0.675917	0.0	0.4988	-0.549765	-0.670043	0.0	-0.860482	-0.40668499999999996	-0.306886	0.0	1.94327	-2.4887799999999998	-1.6473799999999998	0.363977	
0	0.946254	0.23363299999999998	0.223649	0.0	-0.262911	0.15292	0.952624	0.0	0.188364	-0.960225	0.20612600000000003	0.0	-2.82708	-3.61649	-3.0768299999999997	0.369782	-0.10008	0.723483	-0.68305	0.0	0.494641	-0.559476	-0.6650689999999999	0.0	-0.863316	-0.404424	-0.301872	0.0	1.90028	-2.46772	-1.6366100000000001	0.36398400000000003	
0	0.9570069999999999	0.20668699999999998	0.203516	0.0	-0.247142	0.21370100000000003	0.9451209999999999	0.0	0.151852	-0.954784	0.255594	0.0	-2.8028299999999997	-3.6095900000000003	-3.08	0.386677	-0.09815139999999999	0.715115	-0.692082	0.0	0.48984700000000003	-0.570642	-0.659104	0.0	-0.866266	-0.403706	-0.294288	0.0	1.8635700000000002	-2.43247	-1.60195	0.363971	
0	0.9701129999999999	0.172781	0.170374	0.0	-0.208079	0.231134	0.950411	0.0	0.12483399999999999	-0.957457	0.260178	0.0	-2.76874	-3.6055	-3.07187	0.387766	-0.0976427	0.713738	-0.693574	0.0	0.49130799999999997	-0.571494	-0.657276	0.0	-0.8654959999999999	-0.404936	-0.294863	0.0	1.85645	-2.41584	-1.58749	0.363985	
0	0.9927520000000001	0.06550840000000001	0.100754	0.0	-0.11278099999999999	0.21824000000000002	0.969356	0.0	0.0415123	-0.9736940000000001	0.22404699999999997	0.0	-2.65666	-3.5932199999999996	-3.10262	0.293229	-0.0997545	0.714155	-0.692844	0.0	0.488845	-0.571312	-0.659267	0.0	-0.866649	-0.404458	-0.29212	0.0	1.85234	-2.38147	-1.56335	0.36397199999999996	
0	0.9974120000000001	-0.000305295	0.0718959	0.0	-0.0713812	0.115311	0.990761	0.0	-0.00859284	-0.9933290000000001	0.11499100000000001	0.0	-2.61374	-3.58491	-3.13497	0.116951	-0.09968289999999999	0.7191529999999999	-0.687664	0.0	0.48830500000000004	-0.566805	-0.6635439999999999	0.0	-0.8669610000000001	-0.401934	-0.294666	0.0	1.87095	-2.3728	-1.56121	0.363985	
0	0.997685	-0.0316378	0.060196900000000005	0.0	-0.057354499999999996	0.084146	0.9948020000000001	0.0	-0.03653869999999999	-0.995951	0.0821366	0.0	-2.58912	-3.58267	-3.11065	0.11685899999999999	-0.101037	0.721688	-0.684805	0.0	0.48622	-0.564705	-0.6668569999999999	0.0	-0.867976	-0.400343	-0.29384299999999997	0.0	1.89999	-2.37657	-1.57202	0.363979	
0	0.997367	-0.0511366	0.051414499999999995	0.0	-0.0467185	0.0891328	0.994924	0.0	-0.0554597	-0.994706	0.0865091	0.0	-2.58855	-3.5818199999999996	-3.0621099999999997	0.116825	-0.100976	0.719707	-0.686896	0.0	0.482944	-0.568166	-0.666298	0.0	-0.8698100000000001	-0.399012	-0.290207	0.0	1.92697	-2.37115	-1.56925	0.363976	
0	0.9975799999999999	-0.061482100000000005	0.032465	0.0	-0.026295599999999995	0.0986227	0.994778	0.0	-0.0643628	-0.993224	0.0967674	0.0	-2.5834099999999998	-3.5809900000000003	-3.05938	0.117198	-0.0996583	0.718374	-0.688481	0.0	0.48009799999999997	-0.571339	-0.665641	0.0	-0.8715360000000001	-0.396875	-0.287951	0.0	1.9369999999999998	-2.3541	-1.5562799999999999	0.36397199999999996	
0	0.997899	-0.0622981	-0.0177647	0.0	0.023675400000000003	0.09546110000000001	0.995152	0.0	-0.0603002	-0.993482	0.0967355	0.0	-2.5975099999999998	-3.58163	-3.03496	0.11635699999999999	-0.09869939999999999	0.718291	-0.688707	0.0	0.47778000000000004	-0.572893	-0.6659729999999999	0.0	-0.872917	-0.394782	-0.286641	0.0	1.9469599999999998	-2.35467	-1.5560200000000002	0.363976	
0	0.9959950000000001	-0.0275502	-0.0850533	0.0	0.0880982	0.140439	0.9861620000000001	0.0	-0.015224200000000002	-0.989706	0.14230399999999999	0.0	-2.6339099999999998	-3.5846400000000003	-3.02753	0.115908	-0.10139400000000001	0.72364	-0.68269	0.0	0.479101	-0.565891	-0.670992	0.0	-0.871884	-0.39511199999999996	-0.289319	0.0	1.95292	-2.40082	-1.56902	0.363993	
0	0.9876030000000001	-0.00136723	-0.15696400000000002	0.0	0.155633	0.138736	0.978024	0.0	0.0204393	-0.9903280000000001	0.137229	0.0	-2.6798900000000003	-3.5880699999999996	-3.01876	0.115916	-0.10395499999999999	0.727208	-0.6785	0.0	0.47928999999999994	-0.561129	-0.674845	0.0	-0.8714780000000001	-0.395352	-0.29021199999999997	0.0	1.97976	-2.44162	-1.5865	0.363973	
0	0.973311	0.0439936	-0.22523200000000002	0.0	0.219165	0.11286800000000001	0.9691379999999999	0.0	0.06805739999999999	-0.9926360000000001	0.100214	0.0	-2.7366099999999998	-3.58146	-3.00284	0.11536800000000001	-0.10617599999999999	0.732576	-0.672354	0.0	0.481405	-0.553776	-0.679399	0.0	-0.870044	-0.395811	-0.29386799999999996	0.0	1.99164	-2.47974	-1.6082	0.363978	
0	0.958043	0.11504500000000001	-0.262523	0.0	0.254436	0.0803571	0.9637450000000001	0.0	0.13197	-0.9901049999999999	0.047714	0.0	-2.78744	-3.56914	-2.99142	0.11613	-0.109175	0.738426	-0.665437	0.0	0.482227	-0.546042	-0.685052	0.0	-0.869217	-0.39568200000000003	-0.296475	0.0	2.00247	-2.50582	-1.62293	0.363973	
0	0.94276	0.18803	-0.275407	0.0	0.270899	0.0497833	0.9613200000000001	0.0	0.194468	-0.980901	-0.00400356	0.0	-2.83928	-3.53959	-2.968	0.11649100000000001	-0.10973599999999999	0.742533	-0.660759	0.0	0.48133100000000006	-0.54193	-0.688936	0.0	-0.869643	-0.39364499999999997	-0.297935	0.0	2.0059	-2.52579	-1.63106	0.363989	
0	0.92827	0.23754499999999998	-0.286161	0.0	0.290914	0.0155798	0.956622	0.0	0.231699	-0.971252	-0.054643	0.0	-2.85017	-3.49882	-2.9395700000000002	0.11653499999999999	-0.109643	0.745526	-0.657396	0.0	0.47885900000000003	-0.5399520000000001	-0.692204	0.0	-0.8710180000000001	-0.390696	-0.2978	0.0	2.00542	-2.53798	-1.63683	0.363993	
0	0.9215549999999999	0.25340999999999997	-0.294143	0.0	0.329926	-0.111774	0.937366	0.0	0.20465999999999998	-0.96088	-0.186612	0.0	-2.7761400000000003	-3.1892400000000003	-2.69504	0.116954	-0.109456	0.7471479999999999	-0.655583	0.0	0.475214	-0.539953	-0.69471	0.0	-0.873035	-0.387583	-0.295954	0.0	2.00242	-2.54442	-1.64238	0.363982	
0	0.9122319999999999	0.25851599999999997	-0.317808	0.0	0.35075700000000004	-0.0920528	0.931931	0.0	0.211664	-0.9616110000000001	-0.17465	0.0	-2.74525	-3.05268	-2.66128	0.116877	-0.11178099999999999	0.746645	-0.655764	0.0	0.47445699999999996	-0.5397270000000001	-0.695403	0.0	-0.8731530000000001	-0.388865	-0.29391999999999996	0.0	1.97774	-2.5694	-1.63487	0.363987	
0	0.9117770000000001	0.239229	-0.33381500000000003	0.0	0.335874	0.033369199999999995	0.9413159999999999	0.0	0.23632899999999998	-0.97039	-0.0499256	0.0	-2.75029	-3.01818	-2.6535900000000003	0.116599	-0.11410899999999999	0.74807	-0.6537350000000001	0.0	0.47670799999999997	-0.5361	-0.696669	0.0	-0.871624	-0.391137	-0.295437	0.0	1.97155	-2.58182	-1.62947	0.36397199999999996	
0	0.903747	0.210892	-0.372512	0.0	0.363427	0.0818139	0.928024	0.0	0.22619	-0.97408	-0.0027046999999999996	0.0	-2.77901	-2.9790799999999997	-2.6666	0.11652799999999999	-0.117217	0.747027	-0.654379	0.0	0.480433	-0.534031	-0.6956979999999999	0.0	-0.8691629999999999	-0.395933	-0.2963	0.0	1.99351	-2.60838	-1.63543	0.363971	
0	0.8958889999999999	0.175438	-0.408173	0.0	0.383114	0.160134	0.9097149999999999	0.0	0.22496	-0.9713799999999999	0.0762494	0.0	-2.8073599999999996	-2.9277900000000003	-2.66768	0.116843	-0.11818699999999999	0.7434970000000001	-0.658212	0.0	0.484375	-0.535482	-0.6918380000000001	0.0	-0.866841	-0.40058699999999997	-0.296844	0.0	2.00582	-2.62528	-1.63314	0.363983	
0	0.890373	0.165897	-0.42392799999999997	0.0	0.400174	0.158711	0.9025920000000001	0.0	0.21701900000000002	-0.9732879999999999	0.074924	0.0	-2.81106	-2.86084	-2.67967	0.116569	-0.11738699999999999	0.742442	-0.6595449999999999	0.0	0.48590500000000003	-0.536269	-0.690154	0.0	-0.866093	-0.401491	-0.29780500000000004	0.0	2.015	-2.64148	-1.6352200000000001	0.36398800000000003	
0	0.8805860000000001	0.19430799999999998	-0.43221800000000005	0.0	0.402442	0.174952	0.8985719999999999	0.0	0.250217	-0.9652129999999999	0.07586210000000002	0.0	-2.8454900000000003	-2.70321	-2.6878599999999997	0.11626800000000001	-0.115276	0.742405	-0.659959	0.0	0.483392	-0.538486	-0.690192	0.0	-0.8677809999999999	-0.398581	-0.296798	0.0	2.0185400000000002	-2.65067	-1.63655	0.36398600000000003	
0	0.873582	0.246848	-0.419429	0.0	0.379498	0.194045	0.904615	0.0	0.304691	-0.949428	0.07583530000000001	0.0	-2.88862	-2.53068	-2.68582	0.117318	-0.11475899999999999	0.740216	-0.662504	0.0	0.48011400000000004	-0.5425180000000001	-0.689322	0.0	-0.869667	-0.397183	-0.293129	0.0	2.02011	-2.7035	-1.65218	0.36398400000000003	
0	0.853146	0.314377	-0.416303	0.0	0.359037	0.225095	0.9057729999999999	0.0	0.37846199999999997	-0.922226	0.07916580000000001	0.0	-2.56315	-1.5871600000000001	-1.9363599999999999	0.11703599999999999	-0.11566300000000002	0.738873	-0.663844	0.0	0.479187	-0.543908	-0.688872	0.0	-0.870058	-0.397782	-0.291148	0.0	2.00695	-2.7337	-1.61629	0.36398	
0	0.8180430000000001	0.37866500000000003	-0.432918	0.0	0.353839	0.26206799999999997	0.897841	0.0	0.45343500000000003	-0.887656	0.0803961	0.0	-2.49131	-1.22583	-1.84876	0.11703699999999999	-0.11721300000000001	0.73259	-0.670502	0.0	0.48139799999999994	-0.548618	-0.683574	0.0	-0.8686299999999999	-0.402902	-0.288362	0.0	1.98595	-2.76898	-1.60188	0.36392399999999997	
0	0.797345	0.41545299999999996	-0.437766	0.0	0.348616	0.27505	0.895999	0.0	0.49265299999999995	-0.8670329999999999	0.07447589999999998	0.0	-2.4513599999999998	-0.986564	-1.8144799999999999	0.117041	-0.11368800000000001	0.728273	-0.6757920000000001	0.0	0.483444	-0.55369	-0.678018	0.0	-0.8679610000000001	-0.40379	-0.289132	0.0	1.9872599999999998	-2.7852099999999997	-1.60513	0.363977	
0	0.783053	0.45443900000000004	-0.42463199999999995	0.0	0.326538	0.280683	0.902546	0.0	0.529339	-0.8454	0.07139839999999999	0.0	-2.3994299999999997	-0.887217	-1.82043	0.117066	-0.07979910000000001	0.698829	-0.710823	0.0	0.475788	-0.599921	-0.643211	0.0	-0.8759319999999999	-0.389529	-0.284622	0.0	1.9824400000000002	-2.76402	-1.6081299999999998	0.36398800000000003	
1	0.774546	0.49944399999999994	-0.388117	0.0	0.295563	0.256711	0.9201860000000001	0.0	0.559215	-0.8274389999999999	0.051217700000000005	0.0	-2.30842	-0.8844700000000001	-1.8512099999999998	0.11701600000000001	0.02017	0.617537	-0.786283	0.0	0.427404	-0.716286	-0.5515979999999999	0.0	-0.9038360000000001	-0.324934	-0.278385	0.0	1.9424099999999997	-2.70801	-1.65885	0.363985	
1	0.793716	0.519953	-0.315696	0.0	0.274226	0.157403	0.9486959999999999	0.0	0.5429689999999999	-0.839567	-0.0176516	0.0	-2.14994	-1.02541	-1.9512200000000002	0.117066	0.150764	0.474667	-0.867157	0.0	0.310672	-0.855491	-0.414268	0.0	-0.938485	-0.206945	-0.276443	0.0	1.85116	-2.59904	-1.74403	0.363987	
1	0.820124	0.515063	-0.24921100000000002	0.0	0.255364	0.060283699999999996	0.9649639999999999	0.0	0.512041	-0.855029	-0.0820885	0.0	-1.95767	-1.28102	-2.07064	0.11721199999999998	0.246017	0.30793400000000004	-0.91905	0.0	0.167713	-0.947414	-0.272543	0.0	-0.9546450000000001	-0.0870865	-0.284725	0.0	1.72123	-2.4598400000000002	-1.8162900000000002	0.363992	
1	0.8400129999999999	0.508293	-0.189779	0.0	0.237389	-0.0297916	0.970958	0.0	0.48787700000000006	-0.860669	-0.145689	0.0	-1.76865	-1.50505	-2.1806400000000004	0.11705299999999999	0.314204	0.138369	-0.939218	0.0	0.015617700000000002	-0.989941	-0.14061700000000002	0.0	-0.949227	0.029514	-0.313204	0.0	1.6109	-2.33233	-1.9612	0.363991	
1	0.8471139999999999	0.511578	-0.143827	0.0	0.21883000000000002	-0.08917589999999999	0.9716799999999999	0.0	0.48426400000000003	-0.8545969999999999	-0.18749100000000002	0.0	-1.60555	-1.63179	-2.25959	0.11698	0.33498	0.0373571	-0.941484	0.0	-0.0703299	-0.9954350000000001	-0.0645211	0.0	-0.9395969999999999	0.0878278	-0.330823	0.0	1.55231	-2.2286	-2.06723	0.363987	
1	0.841096	0.531249	-0.101642	0.0	0.202259	-0.134632	0.9700340000000001	0.0	0.501646	-0.83645	-0.22068800000000002	0.0	-1.38259	-1.74127	-2.33767	0.117033	0.322772	-0.0352109	-0.9458219999999999	0.0	-0.12626400000000002	-0.991977	-0.0061598	0.0	-0.938017	0.12141199999999999	-0.324628	0.0	1.44376	-2.1846200000000002	-2.1593400000000003	0.36396799999999996	
1	0.8340920000000001	0.5464289999999999	-0.0755363	0.0	0.19953900000000002	-0.171213	0.964816	0.0	0.51427	-0.819818	-0.251841	0.0	-1.17804	-1.77722	-2.4463	0.117046	0.302035	-0.0698666	-0.9507329999999999	0.0	-0.14239000000000002	-0.9894299999999999	0.027474900000000003	0.0	-0.9426030000000001	0.127077	-0.308791	0.0	1.29437	-2.22242	-2.2026	0.363981	
1	0.82994	0.554082	-0.0647591	0.0	0.193629	-0.177253	0.96493	0.0	0.523171	-0.8133729999999999	-0.254396	0.0	-1.10906	-1.8023	-2.4900700000000002	0.11705	0.292896	-0.0783408	-0.9529299999999999	0.0	-0.139501	-0.989475	0.038467699999999994	0.0	-0.9459129999999999	0.12166700000000001	-0.300742	0.0	1.20961	-2.28782	-2.22547	0.363978	
1	0.82714	0.558575	-0.0619096	0.0	0.19192599999999999	-0.17721800000000001	0.965277	0.0	0.528208	-0.810301	-0.253789	0.0	-1.0894	-1.81435	-2.5049799999999998	0.11703499999999999	0.29218	-0.07883129999999999	-0.953109	0.0	-0.139569	-0.989442	0.039050699999999994	0.0	-0.946124	0.12161500000000001	-0.300098	0.0	1.16562	-2.30727	-2.23444	0.36397399999999996	
1	0.8152729999999999	0.5751029999999999	-0.06772410000000001	0.0	0.202914	-0.174183	0.9635799999999999	0.0	0.542361	-0.799323	-0.258703	0.0	-1.0697299999999998	-1.8176299999999999	-2.52304	0.11703699999999999	0.290727	-0.0845522	-0.9530629999999999	0.0	-0.141011	-0.9889969999999999	0.04472569999999999	0.0	-0.946358	0.12138900000000001	-0.29945	0.0	1.08903	-2.32462	-2.2526200000000003	0.36399499999999996	
1	0.806977	0.586912	-0.065742	0.0	0.206038	-0.175459	0.962685	0.0	0.553477	-0.7904100000000001	-0.262517	0.0	-1.04599	-1.81092	-2.52603	0.117007	0.289157	-0.0981806	-0.952233	0.0	-0.15070799999999998	-0.986991	0.0560001	0.0	-0.9453440000000001	0.127316	-0.300192	0.0	1.0023	-2.3231	-2.27285	0.363975	
1	0.798978	0.597891	-0.064496	0.0	0.20736999999999997	-0.173254	0.9627979999999999	0.0	0.564474	-0.78263	-0.262411	0.0	-1.0229	-1.81188	-2.5245	0.117006	0.284462	-0.106205	-0.952786	0.0	-0.159418	-0.9852479999999999	0.0622275	0.0	-0.94534	0.13419	-0.297197	0.0	0.9525239999999999	-2.32234	-2.2881299999999998	0.36398600000000003	
1	0.793737	0.605287	-0.0600775	0.0	0.20360799999999998	-0.171323	0.9639459999999999	0.0	0.573172	-0.777352	-0.259226	0.0	-0.9932129999999999	-1.8115599999999998	-2.51645	0.117032	0.27829	-0.117175	-0.9533229999999999	0.0	-0.167206	-0.9832860000000001	0.07204780000000001	0.0	-0.945831	0.139351	-0.293232	0.0	0.86119	-2.32082	-2.30307	0.363979	
1	0.782057	0.6208319999999999	-0.054354	0.0	0.202249	-0.170337	0.964407	0.0	0.589476	-0.7652140000000001	-0.258776	0.0	-0.933343	-1.82398	-2.50488	0.11701099999999999	0.272227	-0.133	-0.952997	0.0	-0.177286	-0.9803790000000001	0.08617899999999999	0.0	-0.94576	0.145493	-0.29046500000000003	0.0	0.7301770000000001	-2.29697	-2.32079	0.363967	
1	0.772563	0.633142	-0.0477245	0.0	0.20005599999999998	-0.171395	0.964677	0.0	0.602597	-0.754822	-0.259077	0.0	-0.893382	-1.81368	-2.50386	0.11705299999999999	0.268973	-0.142289	-0.9525790000000001	0.0	-0.18724100000000002	-0.977883	0.0931986	0.0	-0.944772	0.153294	-0.289667	0.0	0.660759	-2.27157	-2.3444599999999998	0.36398	
1	0.762655	0.6454979999999999	-0.0410989	0.0	0.202147	-0.177514	0.963133	0.0	0.614405	-0.742846	-0.265868	0.0	-0.913903	-1.80276	-2.49526	0.11711300000000001	0.259735	-0.155659	-0.953052	0.0	-0.196712	-0.974758	0.10559400000000001	0.0	-0.9454319999999999	0.160051	-0.28379899999999997	0.0	0.6218130000000001	-2.2556	-2.3749599999999997	0.364496	
1	0.762161	0.646243	-0.038478500000000006	0.0	0.20193699999999998	-0.180847	0.962557	0.0	0.6150869999999999	-0.741394	-0.268335	0.0	-0.929588	-1.79637	-2.49075	0.11711300000000001	0.258157	-0.161997	-0.9524239999999999	0.0	-0.200829	-0.9733040000000001	0.111114	0.0	-0.944999	0.162589	-0.28379899999999997	0.0	0.6117779999999999	-2.2506	-2.38957	0.364677	
1	0.755292	0.6546649999999999	-0.0308	0.0	0.190838	-0.174727	0.9659459999999999	0.0	0.626989	-0.735449	-0.256905	0.0	-0.9557629999999999	-1.7812400000000002	-2.47991	0.11682000000000001	0.255353	-0.183035	-0.949365	0.0	-0.202234	-0.970308	0.132677	0.0	-0.9454610000000001	0.158115	-0.284787	0.0	0.576739	-2.25012	-2.42848	0.367043	
1	0.748182	0.662809	-0.030143	0.0	0.19431500000000002	-0.175452	0.9651209999999999	0.0	0.634402	-0.727943	-0.26006399999999996	0.0	-0.9228040000000001	-1.80227	-2.4694700000000003	0.116999	0.218362	-0.265995	-0.938917	0.0	-0.147551	-0.960073	0.237673	0.0	-0.964649	0.0866392	-0.248892	0.0	0.525565	-2.26765	-2.35206	0.345194	
1	0.752634	0.657652	-0.032177199999999996	0.0	0.17675	-0.15472	0.9720190000000001	0.0	0.6342720000000001	-0.737262	-0.232688	0.0	-0.982025	-1.92872	-2.43324	0.11689200000000001	0.147168	-0.300112	-0.942483	0.0	-0.109652	-0.9519350000000001	0.28600000000000003	0.0	-0.983015	0.0612552	-0.173003	0.0	0.519338	-2.28115	-2.2482900000000003	0.136988	
1	0.752123	0.658184	-0.033253500000000005	0.0	0.173297	-0.148843	0.973557	0.0	0.63583	-0.737997	-0.22600900000000002	0.0	-0.9726290000000001	-1.94366	-2.4191599999999998	0.11660699999999999	0.14318399999999998	-0.302632	-0.942291	0.0	-0.0338496	-0.9530420000000001	0.30094099999999996	0.0	-0.989117	-0.011193700000000001	-0.146704	0.0	0.511404	-2.28641	-2.23245	0.141001	
1	0.749238	0.661903	-0.0229648	0.0	0.18093099999999998	-0.171202	0.9684799999999999	0.0	0.637108	-0.729777	-0.24803000000000003	0.0	-0.987034	-1.9764599999999999	-2.36177	0.116702	0.155818	-0.315013	-0.93621	0.0	-0.043654000000000005	-0.9490559999999999	0.312069	0.0	-0.986821	-0.00775672	-0.161632	0.0	0.571092	-2.32672	-2.22074	0.135153	
1	0.7429020000000001	0.669243	-0.0144773	0.0	0.15945299999999998	-0.155915	0.974815	0.0	0.6501319999999999	-0.7265010000000001	-0.22254200000000002	0.0	-0.9627549999999999	-1.98638	-2.36333	0.11646199999999998	0.163828	-0.31208	-0.935824	0.0	-0.07829760000000001	-0.9497620000000001	0.303021	0.0	-0.9833770000000001	0.023629400000000002	-0.180033	0.0	0.590912	-2.3246	-2.2101	0.134597	
1	0.729111	0.684314	0.010585899999999999	0.0	0.16217	-0.187772	0.9687319999999999	0.0	0.664904	-0.704597	-0.24788200000000002	0.0	-0.921442	-2.01667	-2.3841	0.11627799999999999	0.19086199999999998	-0.280119	-0.9408	0.0	-0.0726886	-0.9598209999999999	0.271036	0.0	-0.978922	0.016655	-0.20355499999999999	0.0	0.651137	-2.32408	-2.21179	0.134207	
1	0.7144689999999999	0.698963	0.031378199999999995	0.0	0.15736	-0.204226	0.9661930000000001	0.0	0.681742	-0.685377	-0.255902	0.0	-0.8762690000000001	-2.04239	-2.42065	0.116079	0.205473	-0.253308	-0.945313	0.0	-0.0539582	-0.9673860000000001	0.247494	0.0	-0.977174	0.0001541	-0.21244000000000002	0.0	0.699283	-2.32377	-2.2370799999999997	0.134708	
1	0.683722	0.729124	-0.0300353	0.0	0.13534300000000002	-0.0862553	0.987037	0.0	0.717082	-0.678924	-0.157656	0.0	-0.813624	-2.04961	-2.50197	0.350468	0.22753600000000002	-0.11142	-0.967374	0.0	-0.0302012	-0.993762	0.10735499999999999	0.0	-0.973301	0.0047886000000000005	-0.22948200000000002	0.0	0.759371	-2.33889	-2.1676599999999997	0.13496	
1	0.642892	0.7618659999999999	-0.0790579	0.0	0.160242	-0.0328472	0.9865309999999999	0.0	0.749007	-0.6469020000000001	-0.1432	0.0	-0.711683	-1.8642599999999998	-2.4825	0.349055	0.258375	-0.0753112	-0.9631049999999999	0.0	0.00142181	-0.996926	0.0783373	0.0	-0.966044	-0.021609700000000003	-0.257473	0.0	0.875756	-2.52069	-2.2925	0.135436	
1	0.645996	0.758271	-0.0878307	0.0	0.17555199999999999	-0.0356017	0.983826	0.0	0.74288	-0.650967	-0.156114	0.0	-0.796467	-1.8557599999999999	-2.49875	0.351873	0.2792	-0.06649680000000001	-0.9579280000000001	0.0	0.00263609	-0.997542	0.07001510000000001	0.0	-0.9602290000000001	-0.0220734	-0.278339	0.0	1.05339	-2.52503	-2.37426	0.13552899999999998	
1	0.6348	0.767741	-0.0871948	0.0	0.166904	-0.0260623	0.9856290000000001	0.0	0.7544350000000001	-0.64023	-0.144683	0.0	-0.879225	-1.8767900000000002	-2.51591	0.352966	0.288353	-0.064081	-0.9553780000000001	0.0	0.00394833	-0.9976700000000001	0.0681094	0.0	-0.957516	-0.0234117	-0.287428	0.0	1.18031	-2.5165900000000003	-2.40976	0.13536600000000001	
1	0.622166	0.7763260000000001	-0.101135	0.0	0.171219	-0.00887433	0.985193	0.0	0.763933	-0.63027	-0.138443	0.0	-0.941681	-1.8861299999999999	-2.52541	0.353695	0.294435	-0.0605274	-0.9537530000000001	0.0	-0.022400599999999996	-0.9981549999999999	0.0564299	0.0	-0.9554090000000001	0.00474973	-0.295248	0.0	1.2865	-2.50523	-2.42232	0.134954	
