0	0.593132	0.516197	-0.617847	0.0	0.6859569999999999	0.0777488	0.723476	0.0	0.421493	-0.852934	-0.30797399999999997	0.0	-2.73968	2.0	1.46191	0.0	-0.261617	0.7318060000000001	-0.6292979999999999	0.0	0.44776000000000005	-0.485576	-0.750818	0.0	-0.855025	-0.47820100000000004	-0.200639	0.0	2.61308	2.00656	1.51745	0.014879	
0	0.11293299999999999	0.9274040000000001	-0.356606	0.0	0.34888600000000003	0.299036	0.8881760000000001	0.0	0.930336	-0.224719	-0.289787	0.0	-2.73561	1.99167	1.3716899999999999	-2.3365e-05	0.00324953	0.647352	-0.762184	0.0	-0.053684699999999995	-0.760976	-0.646555	0.0	-0.998553	0.0430186	0.03228	0.0	2.6747900000000002	1.94	1.59597	0.00363987	
0	-0.06181469999999999	0.912307	-0.40481500000000004	0.0	0.185115	0.409033	0.893546	0.0	0.980771	-0.0197033	-0.194166	0.0	-2.69512	1.9096099999999998	1.33501	0.0	0.0267524	0.672426	-0.739681	0.0	-0.128066	-0.731543	-0.66966	0.0	-0.991405	0.11264300000000001	0.0665447	0.0	2.7526900000000003	1.98238	1.54175	0.0	
0	-0.109491	0.898589	-0.424911	0.0	0.168967	0.43808500000000006	0.8829110000000001	0.0	0.9795209999999999	0.0248745	-0.199798	0.0	-2.63072	1.96501	1.27388	0.0511848	0.158083	0.787129	-0.596186	0.0	-0.166541	-0.573874	-0.8018310000000001	0.0	-0.9732799999999999	0.22604499999999997	0.040369800000000004	0.0	2.95663	2.15672	1.33384	0.352887	
0	-0.21588800000000002	0.812405	-0.541655	0.0	0.0956697	0.569667	0.816288	0.0	0.97172	0.12440699999999999	-0.200707	0.0	-2.53457	2.12137	1.16469	0.348191	0.15870599999999999	0.815153	-0.55708	0.0	-0.170034	-0.533235	-0.8287030000000001	0.0	-0.9725739999999999	0.22624299999999997	0.0539761	0.0	3.06168	2.24264	1.19184	0.344467	
0	-0.21737399999999998	0.8170229999999999	-0.534061	0.0	0.10781099999999999	0.563893	0.8187800000000001	0.0	0.970116	0.120404	-0.21066	0.0	-2.43704	2.18928	1.14628	0.35054	0.177277	0.850023	-0.496018	0.0	-0.146179	-0.47566800000000004	-0.8673930000000001	0.0	-0.973244	0.22627600000000003	0.0399305	0.0	3.1093599999999997	2.22261	1.06944	0.35654	
0	-0.174469	0.85091	-0.495492	0.0	0.16264	0.521201	0.837793	0.0	0.971138	0.0655819	-0.22932600000000003	0.0	-2.33375	2.1976400000000003	1.10399	0.351431	0.198101	0.9029590000000001	-0.381342	0.0	-0.0009555519999999999	-0.388874	-0.9212899999999999	0.0	-0.980181	0.182873	-0.0761735	0.0	3.03675	2.21029	0.8644719999999999	0.363967	
0	0.00711846	0.930694	-0.365728	0.0	0.269831	0.350383	0.8968959999999999	0.0	0.962881	-0.10506900000000001	-0.24863600000000002	0.0	-2.25415	2.0531599999999997	1.06853	0.353715	0.101849	0.952997	-0.28534899999999996	0.0	0.13811099999999998	-0.297608	-0.9446450000000001	0.0	-0.985166	0.0568015	-0.16193	0.0	2.84976	2.0162	0.6834279999999999	0.363971	
0	0.126652	0.945216	-0.300875	0.0	0.31398000000000004	0.249522	0.916054	0.0	0.940944	-0.21048899999999998	-0.265177	0.0	-2.23611	1.88657	1.01168	0.35423699999999997	0.030649400000000004	0.969784	-0.24203000000000002	0.0	0.23683400000000002	-0.24229499999999998	-0.940852	0.0	-0.971066	-0.0284846	-0.237104	0.0	2.73195	1.8113299999999999	0.5483319999999999	0.36396799999999996	
0	0.286013	0.923053	-0.257234	0.0	0.344217	0.151559	0.9265770000000001	0.0	0.894266	-0.353558	-0.274383	0.0	-2.27957	1.57354	0.907108	0.355658	-0.0177888	0.963475	-0.267205	0.0	0.276066	-0.252126	-0.92748	0.0	-0.960974	-0.0902651	-0.261498	0.0	2.61412	1.5316299999999998	0.377357	0.364003	
0	0.31602199999999997	0.913949	-0.25461500000000004	0.0	0.354031	0.135384	0.925383	0.0	0.880223	-0.382583	-0.28078200000000003	0.0	-2.3288	1.48042	0.8412879999999999	0.356543	-0.032742099999999996	0.949926	-0.310755	0.0	0.28779	-0.288792	-0.913113	0.0	-0.957134	-0.11932899999999999	-0.263923	0.0	2.55373	1.4170399999999999	0.327836	0.364003	
0	0.310042	0.9028280000000001	-0.297952	0.0	0.41006099999999995	0.155756	0.89866	0.0	0.857743	-0.400801	-0.321923	0.0	-2.45654	1.42279	0.631408	0.35701900000000003	0.0781072	0.8812190000000001	-0.466212	0.0	0.31553400000000004	-0.465451	-0.826918	0.0	-0.945694	-0.08251710000000001	-0.314409	0.0	2.48866	1.24163	0.09401269999999999	0.363848	
0	0.278873	0.902816	-0.327342	0.0	0.418591	0.192503	0.8875379999999999	0.0	0.864298	-0.384533	-0.324227	0.0	-2.49727	1.41283	0.548413	0.355796	0.0731647	0.8770879999999999	-0.47472600000000004	0.0	0.332704	-0.470199	-0.817448	0.0	-0.9401889999999999	-0.0981349	-0.32621300000000003	0.0	2.48387	1.21956	0.0280693	0.363985	
0	0.282886	0.8945280000000001	-0.346114	0.0	0.42658599999999997	0.205862	0.880707	0.0	0.8590690000000001	-0.396787	-0.323357	0.0	-2.5213400000000004	1.34552	0.495978	0.356513	0.0659	0.8750469999999999	-0.47953100000000004	0.0	0.344382	-0.470992	-0.812137	0.0	-0.936514	-0.111622	-0.332389	0.0	2.4759700000000002	1.14211	0.000557391	0.363987	
0	0.277875	0.8980360000000001	-0.341054	0.0	0.41864799999999996	0.20633400000000002	0.8843979999999999	0.0	0.864592	-0.388534	-0.318626	0.0	-2.54439	1.2735	0.441201	0.356234	0.0419407	0.8557469999999999	-0.515691	0.0	0.400363	-0.487289	-0.776054	0.0	-0.9153959999999999	-0.17391600000000002	-0.36304699999999995	0.0	2.45728	1.01346	0.00012573399999999999	0.363983	
0	0.307768	0.8850629999999999	-0.349202	0.0	0.44163100000000005	0.192201	0.876368	0.0	0.842758	-0.423937	-0.33171799999999996	0.0	-2.57861	1.12269	0.326354	0.356678	0.00741839	0.852374	-0.52288	0.0	0.498172	-0.45653699999999997	-0.737156	0.0	-0.8670469999999999	-0.255015	-0.428016	0.0	2.4712400000000003	0.703864	-0.131353	0.364009	
0	0.351675	0.862456	-0.363998	0.0	0.500891	0.155128	0.8514950000000001	0.0	0.7908430000000001	-0.48177200000000003	-0.377442	0.0	-2.63239	0.957933	0.0903542	0.35754	-0.0200983	0.838284	-0.544864	0.0	0.558493	-0.44260600000000005	-0.7015600000000001	0.0	-0.829266	-0.318402	-0.459279	0.0	2.53534	0.386651	-0.313076	0.363965	
0	0.49857799999999997	0.770246	-0.397669	0.0	0.572156	0.0522163	0.818481	0.0	0.651197	-0.635606	-0.414667	0.0	-2.84124	0.489799	-0.371908	0.358039	-0.060073699999999994	0.8246899999999999	-0.5623859999999999	0.0	0.6146729999999999	-0.41335200000000005	-0.671802	0.0	-0.786492	-0.38604099999999997	-0.482083	0.0	2.62051	-0.110364	-0.6592180000000001	0.363975	
0	0.627896	0.702083	-0.335895	0.0	0.540445	-0.08275199999999999	0.8373	0.0	0.560058	-0.70727	-0.43139700000000003	0.0	-2.98437	-0.028197399999999997	-0.9077799999999999	0.35742199999999996	-0.112455	0.804017	-0.5838760000000001	0.0	0.647652	-0.386333	-0.65673	0.0	-0.753592	-0.45200100000000004	-0.477278	0.0	2.6555299999999997	-0.6196010000000001	-0.983858	0.364001	
0	0.630097	0.699362	-0.337446	0.0	0.5291020000000001	-0.0686061	0.84578	0.0	0.5683560000000001	-0.711467	-0.413263	0.0	-2.94371	-0.28926799999999997	-1.06235	0.356623	-0.116452	0.7893359999999999	-0.602817	0.0	0.648861	-0.39905300000000005	-0.647871	0.0	-0.751943	-0.46658999999999995	-0.465699	0.0	2.69041	-0.9210510000000001	-1.11388	0.363985	
0	0.617123	0.703723	-0.352041	0.0	0.529643	-0.040626	0.847247	0.0	0.581925	-0.7093119999999999	-0.397793	0.0	-2.84024	-0.349878	-1.0749	0.356132	-0.113572	0.780312	-0.614992	0.0	0.642365	-0.414545	-0.644608	0.0	-0.757937	-0.46825900000000004	-0.454164	0.0	2.61564	-0.9375969999999999	-1.07636	0.363994	
0	0.596933	0.711884	-0.369989	0.0	0.535655	-0.0103125	0.844374	0.0	0.5972810000000001	-0.702222	-0.38748	0.0	-2.79691	-0.292527	-1.02031	0.35586599999999996	-0.110574	0.771077	-0.6270680000000001	0.0	0.640554	-0.427124	-0.638167	0.0	-0.759911	-0.472235	-0.446687	0.0	2.53992	-0.8464719999999999	-1.0442200000000001	0.363969	
0	0.5728270000000001	0.7285520000000001	-0.375608	0.0	0.538806	0.0106449	0.842362	0.0	0.617703	-0.684908	-0.38645100000000004	0.0	-2.8117400000000004	-0.182902	-0.981769	0.355729	-0.10981600000000001	0.755688	-0.645659	0.0	0.64545	-0.43977200000000005	-0.624496	0.0	-0.755867	-0.485321	-0.43946499999999994	0.0	2.52265	-0.744085	-1.0486799999999998	0.364001	
0	0.526213	0.749819	-0.401089	0.0	0.548403	0.061239499999999995	0.8339690000000001	0.0	0.649888	-0.658803	-0.37897800000000004	0.0	-2.81521	-0.0617202	-0.91179	0.35592399999999996	-0.101303	0.7572369999999999	-0.645237	0.0	0.6423479999999999	-0.44547600000000004	-0.6236510000000001	0.0	-0.759688	-0.47764399999999996	-0.44128199999999995	0.0	2.56918	-0.609661	-0.981398	0.363966	
0	0.511811	0.754387	-0.411034	0.0	0.5516340000000001	0.0782033	0.830413	0.0	0.658597	-0.651755	-0.37611999999999995	0.0	-2.81252	-0.0258355	-0.889023	0.355985	-0.0944985	0.759592	-0.6434979999999999	0.0	0.63818	-0.449884	-0.624765	0.0	-0.764066	-0.469707	-0.44224399999999997	0.0	2.5948	-0.558291	-0.9604469999999999	0.363969	
0	0.512026	0.75432	-0.41089	0.0	0.551585	0.0779567	0.830468	0.0	0.65847	-0.6518619999999999	-0.376156	0.0	-2.81257	-0.0271659	-0.889966	0.35599000000000003	-0.0945719	0.759562	-0.643523	0.0	0.638231	-0.449838	-0.624746	0.0	-0.7640140000000001	-0.46979899999999997	-0.442234	0.0	2.59397	-0.56016	-0.961095	0.36398	
0	0.512026	0.75432	-0.41089	0.0	0.551585	0.07795679999999999	0.830468	0.0	0.65847	-0.6518619999999999	-0.376156	0.0	-2.81258	-0.027169799999999997	-0.889971	0.35599000000000003	-0.0945732	0.759562	-0.643523	0.0	0.638231	-0.449838	-0.624746	0.0	-0.7640140000000001	-0.469801	-0.442233	0.0	2.59396	-0.5601659999999999	-0.961096	0.36398	
0	0.512026	0.75432	-0.41089	0.0	0.551585	0.07795679999999999	0.830468	0.0	0.65847	-0.6518619999999999	-0.376156	0.0	-2.81258	-0.0271699	-0.889971	0.35599000000000003	-0.0945732	0.759562	-0.643523	0.0	0.638231	-0.449838	-0.624746	0.0	-0.7640140000000001	-0.469801	-0.442233	0.0	2.59396	-0.5601659999999999	-0.961096	0.363979	
0	0.512026	0.75432	-0.41089	0.0	0.551585	0.07795679999999999	0.830468	0.0	0.65847	-0.6518619999999999	-0.376156	0.0	-2.81258	-0.0271697	-0.88997	0.35599000000000003	-0.0945732	0.759562	-0.643523	0.0	0.638231	-0.449838	-0.624746	0.0	-0.7640140000000001	-0.469801	-0.442233	0.0	2.59396	-0.5601659999999999	-0.961096	0.36398	
0	0.512026	0.75432	-0.41089	0.0	0.551585	0.07795679999999999	0.830468	0.0	0.65847	-0.6518619999999999	-0.376156	0.0	-2.81258	-0.0271702	-0.889971	0.35599000000000003	-0.0945732	0.759562	-0.643523	0.0	0.638231	-0.449838	-0.624746	0.0	-0.7640140000000001	-0.469801	-0.442233	0.0	2.59396	-0.5601649999999999	-0.961096	0.36398	
0	0.512026	0.75432	-0.41089	0.0	0.551585	0.07795679999999999	0.830468	0.0	0.65847	-0.6518619999999999	-0.376156	0.0	-2.81258	-0.02717	-0.88997	0.35599000000000003	-0.0945732	0.759562	-0.643523	0.0	0.638231	-0.449838	-0.624746	0.0	-0.7640140000000001	-0.469801	-0.442233	0.0	2.59396	-0.5601649999999999	-0.961096	0.36398	
0	0.512026	0.75432	-0.41089	0.0	0.551585	0.07795679999999999	0.830468	0.0	0.65847	-0.6518619999999999	-0.376156	0.0	-2.81258	-0.027169799999999997	-0.889971	0.35599000000000003	-0.0945732	0.759562	-0.643523	0.0	0.638231	-0.449838	-0.624746	0.0	-0.7640140000000001	-0.469801	-0.442233	0.0	2.59396	-0.5601649999999999	-0.961096	0.36398	
0	0.512026	0.75432	-0.41089	0.0	0.551585	0.07795679999999999	0.830468	0.0	0.65847	-0.6518619999999999	-0.376156	0.0	-2.81258	-0.02717	-0.88997	0.35599000000000003	-0.094573	0.7595609999999999	-0.643523	0.0	0.638231	-0.449838	-0.624746	0.0	-0.7640140000000001	-0.469801	-0.442233	0.0	2.59396	-0.5601649999999999	-0.961096	0.36398	
0	0.512026	0.75432	-0.41089	0.0	0.551585	0.07795679999999999	0.830468	0.0	0.65847	-0.6518619999999999	-0.376156	0.0	-2.81258	-0.02717	-0.889971	0.35599000000000003	-0.09457310000000001	0.759562	-0.643523	0.0	0.638231	-0.449837	-0.624746	0.0	-0.7640140000000001	-0.469801	-0.442233	0.0	2.59396	-0.5601659999999999	-0.961097	0.363979	
0	0.296097	0.7903279999999999	-0.536384	0.0	0.668134	0.229935	0.707621	0.0	0.6825859999999999	-0.567901	-0.459962	0.0	-2.9394099999999996	-0.184358	-0.9979180000000001	0.356139	0.0220053	0.8812129999999999	-0.472207	0.0	0.438464	-0.43298000000000003	-0.7875770000000001	0.0	-0.89848	-0.18971500000000002	-0.395908	0.0	2.57487	-0.615993	-1.05056	0.36398	
0	0.40375700000000003	0.730984	-0.550129	0.0	0.6871229999999999	0.15471300000000002	0.7098770000000001	0.0	0.604021	-0.664625	-0.43981000000000003	0.0	-3.03925	-0.39358200000000004	-1.1157700000000002	0.356983	-0.0340644	0.8890629999999999	-0.45651499999999995	0.0	0.463922	-0.39052	-0.7951550000000001	0.0	-0.8852209999999999	-0.23887399999999998	-0.39915300000000004	0.0	2.57505	-0.726324	-1.2126299999999999	0.36398800000000003	
0	0.507745	0.629096	-0.588585	0.0	0.7188939999999999	0.0670983	0.691874	0.0	0.47474799999999995	-0.7744260000000001	-0.41818500000000003	0.0	-3.15108	-0.657261	-1.28508	0.358064	-0.075009	0.888856	-0.45200500000000005	0.0	0.47978000000000004	-0.365199	-0.797773	0.0	-0.8741770000000001	-0.27670300000000003	-0.399062	0.0	2.56403	-0.8934799999999999	-1.40382	0.363967	
0	0.5800069999999999	0.471163	-0.664528	0.0	0.7577659999999999	-0.012669	0.652404	0.0	0.29896999999999996	-0.8819549999999999	-0.364379	0.0	-3.42244	-1.02875	-1.55229	0.360266	-0.11266300000000001	0.8817149999999999	-0.458133	0.0	0.48535500000000004	-0.353488	-0.799673	0.0	-0.867028	-0.31245100000000003	-0.38811999999999997	0.0	2.52815	-1.0904	-1.5949799999999998	0.363983	
0	0.619158	0.376073	-0.689357	0.0	0.7471140000000001	-0.0118098	0.6645909999999999	0.0	0.24179299999999998	-0.926515	-0.288281	0.0	-3.7124099999999998	-1.42711	-1.79613	0.357249	-0.13306800000000002	0.875022	-0.46543500000000004	0.0	0.486501	-0.35147399999999995	-0.7998649999999999	0.0	-0.8634870000000001	-0.33287100000000003	-0.378929	0.0	2.5087	-1.2336	-1.73173	0.36396799999999996	
0	0.633681	0.342348	-0.693719	0.0	0.7295470000000001	0.0338129	0.683095	0.0	0.257313	-0.9389649999999999	-0.228332	0.0	-3.78286	-1.7299900000000001	-1.9837900000000002	0.35739499999999996	-0.139015	0.8704780000000001	-0.47216899999999995	0.0	0.490304	-0.35375700000000004	-0.796529	0.0	-0.8603940000000001	-0.34223600000000004	-0.377621	0.0	2.50765	-1.32643	-1.79372	0.363983	
0	0.655849	0.300354	-0.692567	0.0	0.7076439999999999	0.0748624	0.702593	0.0	0.262874	-0.9508850000000001	-0.163445	0.0	-3.69956	-2.03945	-2.08865	0.357204	-0.140018	0.868016	-0.47638500000000006	0.0	0.489476	-0.35754600000000003	-0.795346	0.0	-0.8607030000000001	-0.344541	-0.37481	0.0	2.50923	-1.38915	-1.8257700000000001	0.363983	
0	0.671805	0.283114	-0.684488	0.0	0.678186	0.13654000000000002	0.7220949999999999	0.0	0.29789499999999997	-0.949317	-0.100275	0.0	-3.57934	-2.38587	-2.15808	0.357234	-0.140216	0.865701	-0.480523	0.0	0.489824	-0.361119	-0.793515	0.0	-0.8604719999999999	-0.34663499999999997	-0.373407	0.0	2.5120400000000003	-1.42848	-1.84302	0.36397399999999996	
0	0.6621560000000001	0.272896	-0.69791	0.0	0.663327	0.219844	0.7153079999999999	0.0	0.348636	-0.9365879999999999	-0.035448099999999996	0.0	-3.4299199999999996	-2.68701	-2.19455	0.358224	-0.1408	0.861243	-0.488299	0.0	0.49092399999999997	-0.367571	-0.789864	0.0	-0.859749	-0.350931	-0.371051	0.0	2.50948	-1.4462	-1.8038900000000002	0.363985	
0	0.654573	0.283941	-0.700651	0.0	0.6584479999999999	0.24125100000000002	0.712913	0.0	0.371458	-0.9279950000000001	-0.029043700000000002	0.0	-3.26336	-2.8515599999999997	-2.18436	0.358666	-0.139942	0.8580190000000001	-0.49418500000000004	0.0	0.49208	-0.372834	-0.786672	0.0	-0.8592290000000001	-0.353267	-0.370039	0.0	2.51452	-1.45296	-1.7767400000000002	0.363983	
0	0.65142	0.274748	-0.707224	0.0	0.655107	0.26653499999999997	0.706961	0.0	0.382736	-0.9238360000000001	-0.00636303	0.0	-3.12368	-3.01767	-2.15321	0.358467	-0.139329	0.8541290000000001	-0.50105	0.0	0.492196	-0.379323	-0.7834899999999999	0.0	-0.8592620000000001	-0.355777	-0.36754899999999996	0.0	2.5422700000000003	-1.44938	-1.7567599999999999	0.363962	
0	0.646127	0.2636	-0.716264	0.0	0.661664	0.274304	0.697824	0.0	0.380421	-0.924809	0.0028204000000000003	0.0	-3.11134	-3.03477	-2.14764	0.35781999999999997	-0.13672	0.8479709999999999	-0.512107	0.0	0.493542	-0.389924	-0.777417	0.0	-0.858909	-0.359035	-0.365198	0.0	2.57145	-1.4381899999999999	-1.74551	0.364039	
0	0.6502479999999999	0.26879899999999995	-0.710581	0.0	0.627825	0.336556	0.7018310000000001	0.0	0.42780100000000004	-0.9024840000000001	0.0500862	0.0	-3.1298	-3.04577	-2.16511	0.357723	-0.133376	0.8443280000000001	-0.518962	0.0	0.49340500000000004	-0.397563	-0.773625	0.0	-0.859513	-0.359241	-0.36357	0.0	2.57608	-1.41782	-1.7318799999999999	0.363991	
0	0.656911	0.25493299999999997	-0.709561	0.0	0.619871	0.353138	0.700752	0.0	0.42921800000000004	-0.9001680000000001	0.07395460000000001	0.0	-3.13311	-3.04609	-2.17258	0.356838	-0.128891	0.837899	-0.530389	0.0	0.486548	-0.41261499999999995	-0.7700779999999999	0.0	-0.864094	-0.357315	-0.354496	0.0	2.57174	-1.3828200000000002	-1.69535	0.363976	
0	0.66659	0.260049	-0.698593	0.0	0.588857	0.390932	0.707404	0.0	0.45706199999999997	-0.882919	0.10745899999999999	0.0	-3.1490099999999996	-3.06082	-2.18297	0.35626199999999997	-0.12408699999999999	0.830832	-0.542513	0.0	0.48255600000000004	-0.427204	-0.7646149999999999	0.0	-0.867031	-0.356671	-0.34791300000000003	0.0	2.56475	-1.35581	-1.64783	0.36398800000000003	
0	0.702493	0.231696	-0.6729189999999999	0.0	0.59278	0.332759	0.733405	0.0	0.393847	-0.914105	0.0964158	0.0	-3.14026	-3.05823	-2.17634	0.354612	-0.121743	0.8267909999999999	-0.549177	0.0	0.47959700000000005	-0.43541499999999994	-0.76184	0.0	-0.8690030000000001	-0.356132	-0.343517	0.0	2.55837	-1.3172700000000002	-1.60153	0.36404000000000003	
0	0.728491	0.166633	-0.6644800000000001	0.0	0.640917	0.176754	0.746983	0.0	0.24192199999999997	-0.9700469999999999	0.021965799999999997	0.0	-3.15634	-3.2092400000000003	-2.15995	0.354717	-0.12183499999999998	0.8261059999999999	-0.550186	0.0	0.480976	-0.435745	-0.760782	0.0	-0.8682270000000001	-0.35731599999999997	-0.344248	0.0	2.55701	-1.28851	-1.57455	0.363976	
0	0.73365	0.16054200000000002	-0.660291	0.0	0.639932	0.163615	0.750811	0.0	0.228571	-0.973374	0.017300299999999998	0.0	-3.16106	-3.20897	-2.16202	0.354259	-0.121994	0.826633	-0.549359	0.0	0.47998100000000005	-0.435335	-0.761644	0.0	-0.8687549999999999	-0.356598	-0.34365999999999997	0.0	2.55932	-1.26026	-1.55924	0.363976	
0	0.7434069999999999	0.134674	-0.65514	0.0	0.640402	0.139256	0.75531	0.0	0.19295299999999999	-0.9810559999999999	0.017278599999999998	0.0	-3.1653700000000002	-3.2023200000000003	-2.16273	0.353613	-0.120905	0.827182	-0.548773	0.0	0.47837299999999994	-0.435849	-0.762362	0.0	-0.8697940000000001	-0.354692	-0.343006	0.0	2.56275	-1.24525	-1.5523	0.363977	
0	0.74865	0.11977	-0.652057	0.0	0.6416729999999999	0.11635999999999999	0.758101	0.0	0.166671	-0.985959	0.0102598	0.0	-3.18113	-3.19299	-2.17448	0.353375	-0.118307	0.825407	-0.552003	0.0	0.476682	-0.440454	-0.7607729999999999	0.0	-0.871079	-0.353135	-0.34134699999999996	0.0	2.56753	-1.23737	-1.5381	0.363987	
0	0.7489560000000001	0.09447919999999999	-0.65585	0.0	0.646151	0.115166	0.75447	0.0	0.146814	-0.988843	0.025206700000000002	0.0	-3.1858	-3.18705	-2.1758599999999997	0.352919	-0.11568699999999998	0.8226399999999999	-0.556669	0.0	0.47192	-0.447617	-0.75956	0.0	-0.8740190000000001	-0.350574	-0.336437	0.0	2.5638799999999997	-1.24071	-1.51486	0.36398400000000003	
0	0.7439140000000001	0.0791379	-0.663573	0.0	0.655982	0.10311300000000001	0.7477	0.0	0.127594	-0.991516	0.024794099999999996	0.0	-3.19373	-3.1844200000000003	-2.17861	0.35243800000000003	-0.11369100000000001	0.8208479999999999	-0.559717	0.0	0.47087399999999996	-0.451558	-0.7578739999999999	0.0	-0.8748440000000001	-0.349719	-0.33517800000000003	0.0	2.5543400000000003	-1.2414100000000001	-1.4827700000000001	0.36397199999999996	
0	0.7349289999999999	0.055077	-0.675904	0.0	0.6733060000000001	0.0595759	0.7369600000000001	0.0	0.0808572	-0.9967030000000001	0.00670035	0.0	-3.37256	-3.5121599999999997	-2.26551	0.369371	-0.11499300000000001	0.8173739999999999	-0.5645140000000001	0.0	0.469214	-0.45619899999999997	-0.7561220000000001	0.0	-0.875566	-0.351826	-0.33106399999999997	0.0	2.54968	-1.24211	-1.45535	0.36397399999999996	
0	0.719435	0.043870400000000004	-0.6931729999999999	0.0	0.691279	0.0516639	0.720739	0.0	0.0674312	-0.9977010000000001	0.00684214	0.0	-3.4196199999999997	-3.62868	-2.30808	0.35012600000000005	-0.11391099999999998	0.8155180000000001	-0.5674100000000001	0.0	0.469317	-0.459215	-0.7542300000000001	0.0	-0.8756520000000001	-0.35220999999999997	-0.33042699999999997	0.0	2.55094	-1.23603	-1.43959	0.36398800000000003	
0	0.697187	0.0608239	-0.714304	0.0	0.7125819999999999	0.050263499999999996	0.699786	0.0	0.0784672	-0.9968819999999999	-0.00829893	0.0	-3.42573	-3.62755	-2.3061700000000003	0.34849600000000003	-0.110294	0.8117	-0.573567	0.0	0.46488500000000005	-0.467937	-0.751609	0.0	-0.878474	-0.349541	-0.325737	0.0	2.5514200000000002	-1.23641	-1.41895	0.363971	
0	0.680668	0.053099900000000005	-0.730665	0.0	0.730202	0.0313148	0.682513	0.0	0.059122	-0.9980979999999999	-0.0174587	0.0	-3.4058800000000002	-3.63292	-2.30481	0.348306	-0.106867	0.806435	-0.5815859999999999	0.0	0.46162600000000004	-0.47782600000000003	-0.7473850000000001	0.0	-0.8806139999999999	-0.348346	-0.321208	0.0	2.54585	-1.23278	-1.39888	0.36397399999999996	
0	0.651891	0.064358	-0.755577	0.0	0.753154	0.0610768	0.655003	0.0	0.08830299999999999	-0.9960559999999999	-0.00865616	0.0	-3.42213	-3.62555	-2.32061	0.35168499999999997	-0.105674	0.802135	-0.5877180000000001	0.0	0.46071999999999996	-0.484271	-0.743787	0.0	-0.881233	-0.34937199999999996	-0.318385	0.0	2.53786	-1.2257799999999999	-1.38316	0.363981	
0	0.617425	0.06919199999999999	-0.7835810000000001	0.0	0.779273	0.08211660000000001	0.6212810000000001	0.0	0.107333	-0.994218	-0.00321861	0.0	-3.42516	-3.62256	-2.33167	0.35742399999999996	-0.107396	0.799045	-0.591603	0.0	0.457844	-0.488447	-0.7428319999999999	0.0	-0.8825219999999999	-0.350638	-0.313381	0.0	2.53191	-1.20851	-1.3547799999999999	0.36398400000000003	
0	0.545327	0.06249580000000001	-0.8358899999999999	0.0	0.827584	0.11823299999999999	0.5487489999999999	0.0	0.133125	-0.991017	0.012755299999999999	0.0	-3.4354400000000003	-3.61491	-2.3717799999999998	0.357983	-0.108646	0.7965270000000001	-0.594762	0.0	0.45535299999999995	-0.49196599999999996	-0.742039	0.0	-0.883657	-0.351446	-0.309251	0.0	2.51402	-1.18392	-1.32273	0.363977	
0	0.538918	0.0464745	-0.841075	0.0	0.833306	0.116569	0.5403819999999999	0.0	0.12315799999999999	-0.9920950000000001	0.024093700000000003	0.0	-3.42487	-3.61577	-2.3841099999999997	0.355946	-0.109662	0.797536	-0.59322	0.0	0.451741	-0.49163100000000004	-0.744466	0.0	-0.8853840000000001	-0.349621	-0.30636599999999997	0.0	2.49999	-1.1637600000000001	-1.27725	0.363979	
0	0.509045	-0.0246996	-0.8603850000000001	0.0	0.856958	0.108144	0.503913	0.0	0.0805992	-0.993828	0.0762167	0.0	-3.4429199999999995	-3.60315	-2.4750400000000004	0.272874	-0.10841400000000001	0.79562	-0.596016	0.0	0.447567	-0.496284	-0.743899	0.0	-0.887655	-0.347406	-0.302289	0.0	2.49571	-1.1488200000000002	-1.258	0.363971	
0	0.5130979999999999	-0.0912309	-0.853468	0.0	0.857482	0.0986658	0.5049640000000001	0.0	0.0381398	-0.99093	0.128854	0.0	-3.5038	-3.5853	-2.56088	0.146006	-0.106708	0.792009	-0.601112	0.0	0.442754	-0.503467	-0.74195	0.0	-0.8902709999999999	-0.345316	-0.296941	0.0	2.49072	-1.11627	-1.23519	0.364001	
0	0.532365	-0.10513099999999999	-0.8399610000000001	0.0	0.845773	0.107578	0.522584	0.0	0.0354219	-0.9886229999999999	0.146188	0.0	-3.4881300000000004	-3.57985	-2.58894	0.14640699999999998	-0.106395	0.791492	-0.6018479999999999	0.0	0.440645	-0.50507	-0.742116	0.0	-0.8913540000000001	-0.344159	-0.29503	0.0	2.48336	-1.09822	-1.22685	0.363985	
0	0.5434329999999999	-0.110802	-0.832108	0.0	0.838715	0.11320699999999999	0.532673	0.0	0.0351791	-0.987374	0.154451	0.0	-3.4868900000000003	-3.58176	-2.60787	0.145789	-0.108169	0.793484	-0.598901	0.0	0.44055200000000005	-0.501791	-0.744392	0.0	-0.8911870000000001	-0.34436700000000003	-0.295292	0.0	2.49131	-1.07776	-1.22294	0.363979	
0	0.55823	-0.08786820000000001	-0.8250209999999999	0.0	0.827667	0.12831700000000001	0.546354	0.0	0.057856700000000004	-0.987833	0.14435599999999998	0.0	-3.50141	-3.58658	-2.60688	0.146599	-0.1045	0.793746	-0.599206	0.0	0.43594399999999994	-0.504976	-0.744951	0.0	-0.8938870000000001	-0.339067	-0.293259	0.0	2.5225400000000002	-1.0687200000000001	-1.24553	0.36396999999999996	
0	0.5718979999999999	-0.0661101	-0.817656	0.0	0.818416	0.113925	0.5632189999999999	0.0	0.0559172	-0.991287	0.11925899999999999	0.0	-3.5046	-3.5873	-2.5985400000000003	0.14699	-0.0991549	0.791792	-0.602688	0.0	0.43127	-0.511637	-0.743124	0.0	-0.8967579999999999	-0.333606	-0.290745	0.0	2.54235	-1.0726200000000001	-1.2717	0.363978	
0	0.579838	0.00811559	-0.814692	0.0	0.806171	0.13886500000000002	0.5751569999999999	0.0	0.1178	-0.9902780000000001	0.0739766	0.0	-3.53422	-3.58269	-2.56428	0.146341	-0.0757281	0.792138	-0.605626	0.0	0.416941	-0.526569	-0.7408680000000001	0.0	-0.9057729999999999	-0.30861500000000003	-0.29039899999999996	0.0	2.60439	-1.0855299999999999	-1.34351	0.363985	
0	0.5198550000000001	0.08209960000000001	-0.8503	0.0	0.82962	0.18879500000000002	0.5254409999999999	0.0	0.203671	-0.9785790000000001	0.0300348	0.0	-3.6027699999999996	-3.5651900000000003	-2.47562	0.14607	-0.0693197	0.795908	-0.601436	0.0	0.409375	-0.52709	-0.744707	0.0	-0.9097290000000001	-0.297836	-0.289288	0.0	2.62931	-1.11584	-1.3899299999999999	0.363975	
0	0.487533	0.14016199999999998	-0.8617809999999999	0.0	0.826976	0.24245100000000003	0.5072760000000001	0.0	0.280041	-0.9599850000000001	0.00229245	0.0	-3.54023	-3.50388	-2.32116	0.14643499999999998	-0.0677465	0.797715	-0.599217	0.0	0.41113299999999997	-0.524911	-0.7452770000000001	0.0	-0.909055	-0.29684699999999997	-0.292406	0.0	2.6445	-1.15677	-1.4193	0.363976	
0	0.443488	0.189903	-0.8759309999999999	0.0	0.826326	0.291883	0.481653	0.0	0.347137	-0.9374120000000001	-0.0274751	0.0	-3.41364	-3.13452	-2.2484900000000003	0.146516	-0.0704142	0.800193	-0.595595	0.0	0.412512	-0.5202720000000001	-0.747764	0.0	-0.908227	-0.298344	-0.293455	0.0	2.65747	-1.22069	-1.44784	0.363975	
0	0.400566	0.24196900000000002	-0.883741	0.0	0.8204520000000001	0.334681	0.463516	0.0	0.407928	-0.9107360000000001	-0.0644616	0.0	-3.4579	-2.66826	-2.19505	0.146399	-0.0715308	0.79757	-0.59897	0.0	0.414575	-0.522406	-0.7451300000000001	0.0	-0.9072	-0.301618	-0.293285	0.0	2.66085	-1.31493	-1.48034	0.36399000000000004	
0	0.38308600000000004	0.27510300000000004	-0.8817959999999999	0.0	0.7999310000000001	0.378556	0.46562299999999995	0.0	0.461904	-0.88375	-0.0750439	0.0	-3.08815	-1.93008	-1.8480400000000001	0.146377	-0.07336849999999999	0.79188	-0.6062529999999999	0.0	0.41427700000000006	-0.528763	-0.7408	0.0	-0.9071889999999999	-0.305508	-0.289263	0.0	2.65447	-1.38721	-1.49291	0.363982	
0	0.366172	0.294923	-0.882575	0.0	0.790289	0.402175	0.462275	0.0	0.491285	-0.866762	-0.0858095	0.0	-2.95532	-1.5962100000000001	-1.73586	0.146177	-0.0746337	0.7901779999999999	-0.608316	0.0	0.41372600000000004	-0.530504	-0.739862	0.0	-0.9073370000000001	-0.306895	-0.28732399999999997	0.0	2.63996	-1.46274	-1.51545	0.363981	
0	0.346911	0.302528	-0.887767	0.0	0.784918	0.424466	0.45136800000000005	0.0	0.513378	-0.8534079999999999	-0.0902079	0.0	-2.84619	-1.3307799999999999	-1.61638	0.14649600000000002	-0.0760048	0.785828	-0.613757	0.0	0.41408500000000004	-0.5350739999999999	-0.736362	0.0	-0.9070590000000001	-0.31011500000000003	-0.28473200000000004	0.0	2.60697	-1.52884	-1.5330000000000001	0.36383499999999996	
0	0.360246	0.322017	-0.875516	0.0	0.77164	0.424534	0.473649	0.0	0.524209	-0.8462129999999999	-0.0955447	0.0	-2.778	-1.20075	-1.55305	0.146204	-0.0730039	0.784729	-0.615524	0.0	0.410443	-0.538845	-0.735651	0.0	-0.908959	-0.306343	-0.282749	0.0	2.59366	-1.54915	-1.54231	0.36398600000000003	
0	0.386828	0.362133	-0.8480709999999999	0.0	0.7513920000000001	0.409358	0.517529	0.0	0.534579	-0.8374280000000001	-0.11375199999999999	0.0	-2.68482	-1.1756	-1.55779	0.14638099999999998	-0.0596687	0.779664	-0.6233489999999999	0.0	0.397679	-0.5542	-0.731241	0.0	-0.915582	-0.291525	-0.276988	0.0	2.56055	-1.53426	-1.54357	0.36396300000000004	
0	0.44494300000000003	0.448446	-0.775191	0.0	0.691429	0.378106	0.615599	0.0	0.569167	-0.809896	-0.141833	0.0	-2.34376	-1.25779	-1.6440299999999999	0.14637999999999998	0.00568759	0.739321	-0.673329	0.0	0.347991	-0.632716	-0.691789	0.0	-0.93748	-0.23037800000000003	-0.260876	0.0	2.40885	-1.49374	-1.5529700000000002	0.363998	
4	0.47612600000000005	0.501092	-0.722642	0.0	0.662553	0.335916	0.669466	0.0	0.5782109999999999	-0.797539	-0.172061	0.0	-2.01415	-1.32151	-1.7157799999999999	0.146485	0.0765052	0.673775	-0.734966	0.0	0.308408	-0.716969	-0.625173	0.0	-0.9481729999999999	-0.17884	-0.26264899999999997	0.0	2.17537	-1.46007	-1.57687	0.363975	
4	0.49636499999999995	0.542331	-0.677863	0.0	0.6462359999999999	0.290549	0.705663	0.0	0.579655	-0.788327	-0.20625500000000002	0.0	-1.76728	-1.3501	-1.80342	0.146484	0.127869	0.6151810000000001	-0.777947	0.0	0.28830500000000003	-0.77357	-0.564332	0.0	-0.9489620000000001	-0.152126	-0.276276	0.0	1.9832900000000002	-1.47797	-1.6280000000000001	0.36398	
4	0.512625	0.58028	-0.632844	0.0	0.631718	0.244281	0.735704	0.0	0.5815060000000001	-0.776918	-0.24134899999999998	0.0	-1.53615	-1.3749200000000001	-1.9439099999999998	0.146483	0.17075	0.552493	-0.815841	0.0	0.264004	-0.8233790000000001	-0.502344	0.0	-0.9492870000000001	-0.12961	-0.286453	0.0	1.81505	-1.55582	-1.74278	0.364004	
4	0.517932	0.618803	-0.590618	0.0	0.612992	0.213089	0.760812	0.0	0.596647	-0.756093	-0.268955	0.0	-1.32368	-1.44744	-2.09882	0.146188	0.20289400000000002	0.496433	-0.844031	0.0	0.244414	-0.860352	-0.44727799999999995	0.0	-0.948207	-0.115543	-0.295896	0.0	1.6740400000000002	-1.66798	-1.9076400000000002	0.363791	
4	0.51608	0.6406229999999999	-0.568563	0.0	0.603777	0.198748	0.77198	0.0	0.607548	-0.741689	-0.284224	0.0	-1.12775	-1.48971	-2.24879	0.14648699999999998	0.199725	0.462031	-0.864082	0.0	0.23850100000000002	-0.878251	-0.41448	0.0	-0.950383	-0.123302	-0.28560399999999997	0.0	1.53103	-1.8216299999999999	-2.07819	0.363991	
4	0.5120640000000001	0.654026	-0.556813	0.0	0.599425	0.19220399999999999	0.777012	0.0	0.615207	-0.731647	-0.293619	0.0	-1.0265	-1.53136	-2.31911	0.146482	0.195049	0.455571	-0.868568	0.0	0.24013	-0.880806	-0.408066	0.0	-0.950944	-0.128976	-0.281196	0.0	1.42936	-1.8879400000000002	-2.17882	0.363973	
4	0.513165	0.658393	-0.550618	0.0	0.592634	0.192243	0.782194	0.0	0.620844	-0.7277100000000001	-0.291534	0.0	-0.9649399999999999	-1.55663	-2.35324	0.146484	0.190822	0.455424	-0.869584	0.0	0.24228899999999998	-0.8803059999999999	-0.407871	0.0	-0.951253	-0.13285999999999998	-0.278326	0.0	1.38481	-1.91022	-2.2189099999999997	0.36398400000000003	
4	0.5019100000000001	0.6644100000000001	-0.553756	0.0	0.5854060000000001	0.210348	0.782978	0.0	0.6367	-0.717156	-0.28337399999999996	0.0	-0.9067940000000001	-1.58962	-2.3761900000000002	0.146521	0.187282	0.45563100000000006	-0.870245	0.0	0.24186	-0.880035	-0.40870700000000004	0.0	-0.952066	-0.133934	-0.275013	0.0	1.33932	-1.9448400000000001	-2.2690799999999998	0.363969	
4	0.498332	0.665978	-0.5551020000000001	0.0	0.5780649999999999	0.22194899999999998	0.785226	0.0	0.646148	-0.712188	-0.27437399999999995	0.0	-0.8638299999999999	-1.60206	-2.36489	0.146457	0.18196199999999998	0.45262700000000006	-0.8729370000000001	0.0	0.239313	-0.88145	-0.407157	0.0	-0.9537399999999999	-0.134818	-0.26871100000000003	0.0	1.2601	-2.0123900000000003	-2.3349	0.36384099999999997	
4	0.497032	0.66592	-0.5563359999999999	0.0	0.573634	0.228904	0.786478	0.0	0.651079	-0.7100380000000001	-0.26822199999999996	0.0	-0.843327	-1.5965200000000002	-2.3343599999999998	0.146792	0.17932	0.446035	-0.876868	0.0	0.232021	-0.8853469999999999	-0.40289899999999995	0.0	-0.956039	-0.131204	-0.26225	0.0	1.20035	-2.04514	-2.3707700000000003	0.363634	
4	0.49201000000000006	0.667071	-0.559412	0.0	0.569512	0.23938800000000002	0.786352	0.0	0.658469	-0.705485	-0.26212399999999997	0.0	-0.8135560000000001	-1.58792	-2.33398	0.146798	0.17709	0.443142	-0.8787860000000001	0.0	0.22865500000000002	-0.886991	-0.401202	0.0	-0.9572649999999999	-0.12989	-0.258404	0.0	1.19889	-2.04585	-2.3980099999999998	0.363527	
4	0.495802	0.662883	-0.561041	0.0	0.570364	0.238614	0.78597	0.0	0.654878	-0.709683	-0.259779	0.0	-0.791144	-1.5712700000000002	-2.32721	0.146804	0.178126	0.438763	-0.8807719999999999	0.0	0.22715	-0.8892459999999999	-0.397046	0.0	-0.9574309999999999	-0.129343	-0.258063	0.0	1.20652	-2.04236	-2.40626	0.36330500000000004	
4	0.5051770000000001	0.6607029999999999	-0.5552189999999999	0.0	0.570091	0.22751799999999997	0.789451	0.0	0.647914	-0.715337	-0.26172399999999996	0.0	-0.782574	-1.5690600000000001	-2.31451	0.146802	0.17638900000000002	0.43011000000000005	-0.8853770000000001	0.0	0.22624499999999997	-0.893114	-0.388795	0.0	-0.957967	-0.131733	-0.254846	0.0	1.21014	-2.04963	-2.40116	0.362861	
4	0.521422	0.644559	-0.559163	0.0	0.577984	0.215286	0.787138	0.0	0.627737	-0.7336189999999999	-0.260289	0.0	-0.7961159999999999	-1.5784	-2.3096400000000004	0.146798	0.172776	0.41853199999999996	-0.891616	0.0	0.22935300000000003	-0.897442	-0.376823	0.0	-0.957886	-0.139389	-0.251048	0.0	1.19529	-2.07912	-2.39764	0.360745	
1	0.55176	0.611446	-0.567182	0.0	0.601769	0.178982	0.778357	0.0	0.577438	-0.770779	-0.269194	0.0	-0.882965	-1.74501	-2.3612599999999997	0.146484	0.187997	0.394301	-0.899547	0.0	0.23359899999999997	-0.907546	-0.348987	0.0	-0.9539860000000001	-0.144524	-0.26272399999999996	0.0	1.3417700000000001	-2.00945	-2.43207	0.364056	
1	0.560172	0.599646	-0.571517	0.0	0.6092609999999999	0.169211	0.774705	0.0	0.5612560000000001	-0.782172	-0.270554	0.0	-1.00029	-1.85075	-2.41062	0.146384	0.19274000000000002	0.371187	-0.908334	0.0	0.22333499999999998	-0.91799	-0.327743	0.0	-0.9554959999999999	-0.139693	-0.259833	0.0	1.50311	-1.9776099999999999	-2.4458599999999997	0.363978	
1	0.560371	0.591734	-0.579512	0.0	0.6110949999999999	0.176897	0.7715380000000001	0.0	0.559059	-0.786485	-0.26247800000000004	0.0	-1.05465	-1.9172799999999999	-2.41562	0.146387	0.190679	0.360114	-0.913214	0.0	0.209252	-0.9238120000000001	-0.320601	0.0	-0.959091	-0.12996	-0.25150700000000004	0.0	1.61091	-1.95845	-2.4224799999999997	0.363985	
1	0.561528	0.590915	-0.579229	0.0	0.605677	0.183416	0.7742829999999999	0.0	0.563775	-0.7856069999999999	-0.25490999999999997	0.0	-1.06396	-1.9464700000000001	-2.41807	0.146485	0.19161199999999998	0.360439	-0.91289	0.0	0.20441800000000002	-0.924383	-0.32206999999999997	0.0	-0.9599469999999999	-0.124898	-0.250803	0.0	1.6784700000000001	-1.93904	-2.40842	0.36397399999999996	
1	0.553758	0.595314	-0.5821970000000001	0.0	0.6014510000000001	0.197571	0.774095	0.0	0.575854	-0.778824	-0.248646	0.0	-1.0404799999999998	-1.9586599999999998	-2.42543	0.146385	0.19042	0.358093	-0.914062	0.0	0.19651400000000002	-0.926157	-0.321893	0.0	-0.9618329999999999	-0.11833199999999999	-0.246729	0.0	1.6985700000000001	-1.92945	-2.39985	0.363973	
1	0.5431159999999999	0.600862	-0.586507	0.0	0.5976520000000001	0.21399400000000002	0.7726689999999999	0.0	0.589777	-0.770176	-0.242883	0.0	-0.9742940000000001	-1.96825	-2.43079	0.146485	0.188136	0.353724	-0.916234	0.0	0.184642	-0.928997	-0.320737	0.0	-0.9646309999999999	-0.108833	-0.24009	0.0	1.6581400000000002	-1.92898	-2.40619	0.363994	
1	0.532825	0.60934	-0.587198	0.0	0.587968	0.232469	0.774759	0.0	0.608598	-0.758065	-0.234407	0.0	-0.923425	-1.97321	-2.43689	0.14638199999999998	0.183855	0.358525	-0.915236	0.0	0.178092	-0.9278489999999999	-0.327689	0.0	-0.966685	-0.10274900000000001	-0.23444099999999998	0.0	1.60968	-1.9290900000000002	-2.40855	0.363981	
1	0.526283	0.613294	-0.588979	0.0	0.583222	0.243696	0.774896	0.0	0.618771	-0.751321	-0.22943400000000003	0.0	-0.8745940000000001	-1.97573	-2.42523	0.14638099999999998	0.17660499999999998	0.367664	-0.9130360000000001	0.0	0.175951	-0.9244680000000001	-0.33823400000000003	0.0	-0.9684280000000001	-0.10091499999999999	-0.227956	0.0	1.54298	-1.9266900000000002	-2.40371	0.36396999999999996	
1	0.5229020000000001	0.616306	-0.588847	0.0	0.5775319999999999	0.251923	0.776525	0.0	0.626921	-0.746124	-0.22420500000000002	0.0	-0.850174	-1.9737799999999999	-2.41933	0.146485	0.17088399999999998	0.370275	-0.913069	0.0	0.173845	-0.923492	-0.341966	0.0	-0.969833	-0.10029600000000001	-0.22218000000000002	0.0	1.4757200000000001	-1.9337400000000002	-2.4022200000000002	0.36396799999999996	
1	0.5195850000000001	0.618816	-0.58915	0.0	0.572976	0.259152	0.777521	0.0	0.633822	-0.741557	-0.219915	0.0	-0.811902	-1.9641400000000002	-2.39886	0.14638299999999999	0.158344	0.371837	-0.914693	0.0	0.168827	-0.922934	-0.345962	0.0	-0.972844	-0.0996444	-0.20891700000000002	0.0	1.32833	-1.939	-2.3836	0.364002	
1	0.5190939999999999	0.620164	-0.5881649999999999	0.0	0.569583	0.26207800000000003	0.779032	0.0	0.6372720000000001	-0.7394	-0.217192	0.0	-0.779976	-1.96777	-2.39151	0.14648599999999998	0.15116300000000002	0.372449	-0.915659	0.0	0.164702	-0.922845	-0.348181	0.0	-0.974691	-0.0981788	-0.200843	0.0	1.23576	-1.9388299999999998	-2.33739	0.36398	
1	0.51676	0.620544	-0.589817	0.0	0.565511	0.269829	0.779352	0.0	0.642772	-0.736286	-0.211488	0.0	-0.726275	-1.9762099999999998	-2.38015	0.14637999999999998	0.14410799999999999	0.369648	-0.9179290000000001	0.0	0.159363	-0.9241729999999999	-0.347144	0.0	-0.9766450000000001	-0.0962577	-0.19209	0.0	1.16357	-1.94681	-2.30845	0.36398600000000003	
1	0.5125350000000001	0.620412	-0.593631	0.0	0.563521	0.278599	0.777706	0.0	0.647883	-0.733125	-0.20682399999999998	0.0	-0.702372	-1.97462	-2.36695	0.14638299999999999	0.13925099999999999	0.368517	-0.919133	0.0	0.159343	-0.9244190000000001	-0.346496	0.0	-0.977353	-0.0982077	-0.187447	0.0	1.09592	-1.9376	-2.2924700000000002	0.364007	
1	0.508201	0.62921	-0.58807	0.0	0.5543140000000001	0.283622	0.782493	0.0	0.659141	-0.723639	-0.20464300000000002	0.0	-0.682571	-1.9606700000000001	-2.3339	0.146488	0.134078	0.364392	-0.921543	0.0	0.158967	-0.9258059999999999	-0.342949	0.0	-0.978137	-0.100513	-0.182057	0.0	1.02073	-1.92422	-2.30215	0.363967	
1	0.513734	0.633147	-0.578966	0.0	0.551976	0.272702	0.788008	0.0	0.65681	-0.724402	-0.20938600000000002	0.0	-0.693652	-1.9555200000000001	-2.3180400000000003	0.146481	0.12498900000000002	0.353455	-0.9270639999999999	0.0	0.16594	-0.9286770000000001	-0.331698	0.0	-0.978183	-0.11237899999999999	-0.174727	0.0	0.993382	-1.9199	-2.31264	0.3639	
1	0.5185569999999999	0.6346350000000001	-0.573008	0.0	0.552035	0.263275	0.791167	0.0	0.65296	-0.726585	-0.21381799999999998	0.0	-0.708436	-1.9497200000000001	-2.32583	0.14648599999999998	0.12003499999999999	0.338091	-0.933427	0.0	0.174581	-0.9327620000000001	-0.315399	0.0	-0.977299	-0.1251	-0.170988	0.0	0.974353	-1.9191	-2.3262400000000003	0.36389	
1	0.521213	0.635305	-0.569847	0.0	0.5508569999999999	0.25955500000000004	0.7932140000000001	0.0	0.6518390000000001	-0.727337	-0.214679	0.0	-0.715483	-1.95167	-2.31582	0.146393	0.11373	0.323791	-0.939268	0.0	0.184194	-0.9358850000000001	-0.300322	0.0	-0.9762879999999999	-0.138852	-0.166079	0.0	0.96783	-1.92395	-2.31102	0.363898	
1	0.5227649999999999	0.639614	-0.56357	0.0	0.550087	0.251943	0.796197	0.0	0.651246	-0.726236	-0.22013600000000003	0.0	-0.7268319999999999	-1.97026	-2.30156	0.14648599999999998	0.0924059	0.27581500000000003	-0.956759	0.0	0.20217000000000002	-0.946053	-0.253203	0.0	-0.974981	-0.17003	-0.143183	0.0	0.9662629999999999	-1.95839	-2.27645	0.359321	
1	0.531736	0.6462760000000001	-0.5473439999999999	0.0	0.543267	0.235508	0.805852	0.0	0.649706	-0.725854	-0.225872	0.0	-0.726812	-1.96479	-2.30692	0.146494	0.0893048	0.258504	-0.961873	0.0	0.21170100000000003	-0.948592	-0.235279	0.0	-0.9732459999999999	-0.182618	-0.139439	0.0	0.9682709999999999	-1.9682400000000002	-2.26231	0.358402	
1	0.541457	0.65823	-0.523026	0.0	0.527435	0.21850799999999998	0.8210149999999999	0.0	0.6547029999999999	-0.720407	-0.228861	0.0	-0.724981	-1.96843	-2.35051	0.1465	0.08374119999999999	0.22924499999999998	-0.9697600000000001	0.0	0.24783400000000003	-0.947391	-0.20255599999999999	0.0	-0.965176	-0.223377	-0.13615	0.0	0.983768	-1.98839	-2.25768	0.351123	
