0	0.5311140000000001	0.625059	-0.5720310000000001	0.0	0.665693	0.10984000000000001	0.7380979999999999	0.0	0.5241859999999999	-0.7728109999999999	-0.357759	0.0	-2.7820099999999996	1.9925700000000002	1.4130200000000002	1.16825e-05	-0.593133	0.516197	-0.617847	0.0	0.751077	0.0783846	-0.6555449999999999	0.0	-0.289961	-0.852875	-0.434196	0.0	2.66032	2.0	1.53809	0.0	
0	0.5311140000000001	0.625059	-0.5720310000000001	0.0	0.665693	0.10984000000000001	0.7380979999999999	0.0	0.5241859999999999	-0.7728109999999999	-0.357759	0.0	-2.7820099999999996	1.9925700000000002	1.4130200000000002	1.16825e-05	-0.593133	0.516197	-0.617847	0.0	0.751077	0.0783846	-0.6555449999999999	0.0	-0.289961	-0.852875	-0.434196	0.0	2.66032	2.0	1.53809	0.0	
0	0.187726	0.842829	-0.504379	0.0	0.40314099999999997	0.402147	0.8220430000000001	0.0	0.895676	-0.357655	-0.264285	0.0	-2.78946	1.79905	1.30129	0.0	0.017650299999999997	0.9873879999999999	-0.157335	0.0	0.220192	-0.157335	-0.962684	0.0	-0.975297	-0.017652200000000003	-0.220192	0.0	2.5969900000000004	1.70323	1.4794200000000002	0.0	
0	0.160135	0.8473709999999999	-0.506279	0.0	0.377137	0.421465	0.8247030000000001	0.0	0.912209	-0.32300100000000004	-0.25208400000000003	0.0	-2.73354	1.74258	1.24631	0.0	0.053275699999999995	0.9729209999999999	-0.224913	0.0	0.16173900000000002	-0.23066599999999998	-0.9594969999999999	0.0	-0.9853940000000001	0.0147407	-0.169648	0.0	2.52549	1.60606	1.44534	0.000976563	
0	0.0608715	0.834255	-0.5480079999999999	0.0	0.376632	0.48924399999999996	0.7866310000000001	0.0	0.9243610000000001	-0.254281	-0.284426	0.0	-2.7438700000000003	1.7530400000000002	1.1289	0.35344200000000003	0.103413	0.9651930000000001	-0.24022600000000002	0.0	0.127228	-0.252373	-0.9592290000000001	0.0	-0.986468	0.0686331	-0.148898	0.0	2.53177	1.68405	1.42825	0.37277	
0	-0.0505121	0.7812100000000001	-0.622222	0.0	0.353519	0.5966670000000001	0.720426	0.0	0.9340629999999999	-0.183577	-0.306311	0.0	-2.65814	1.83238	1.06786	0.35535100000000003	0.102262	0.964779	-0.242373	0.0	0.119742	-0.253817	-0.9598120000000001	0.0	-0.987524	0.0691305	-0.141481	0.0	2.44543	1.7506599999999999	1.45577	0.364021	
0	-0.028695299999999997	0.782184	-0.622386	0.0	0.363039	0.588281	0.722585	0.0	0.9313319999999999	-0.20521599999999998	-0.300844	0.0	-2.61957	1.87155	1.0902399999999999	0.359202	0.09766110000000001	0.967849	-0.231798	0.0	0.12228299999999999	-0.242817	-0.962334	0.0	-0.9876790000000001	0.0656375	-0.142066	0.0	2.42853	1.72573	1.45433	0.363966	
0	0.134634	0.8299540000000001	-0.541341	0.0	0.439662	0.43955900000000003	0.783253	0.0	0.888015	-0.34346	-0.305719	0.0	-2.61889	1.88317	1.17517	0.35974	0.034055699999999994	0.980296	-0.194575	0.0	0.184916	-0.197507	-0.9627030000000001	0.0	-0.9821639999999999	-0.00319433	-0.187998	0.0	2.49653	1.63983	1.42931	0.363985	
0	0.29576199999999997	0.8467520000000001	-0.442195	0.0	0.486012	0.265131	0.832765	0.0	0.822385	-0.461213	-0.33311599999999997	0.0	-2.7125	1.75765	1.08246	0.359486	-0.050210500000000005	0.9821129999999999	-0.181474	0.0	0.280851	-0.160487	-0.9462379999999999	0.0	-0.9584370000000001	-0.0984783	-0.26777	0.0	2.5485700000000002	1.4016600000000001	1.2927	0.36395900000000003	
0	0.395449	0.8148380000000001	-0.423862	0.0	0.5089060000000001	0.18978599999999998	0.8396399999999999	0.0	0.764614	-0.547741	-0.339625	0.0	-2.81507	1.46284	0.764792	0.360952	-0.10425	0.95785	-0.267687	0.0	0.37699	-0.211009	-0.901862	0.0	-0.9203319999999999	-0.194934	-0.339102	0.0	2.5590200000000003	1.04872	1.04155	0.363979	
0	0.45381099999999996	0.772455	-0.444263	0.0	0.517592	0.177332	0.83705	0.0	0.7253649999999999	-0.609809	-0.319342	0.0	-2.88888	0.998192	0.455532	0.360506	-0.143258	0.939192	-0.312081	0.0	0.42857799999999996	-0.225361	-0.874948	0.0	-0.892075	-0.259094	-0.370232	0.0	2.5298599999999998	0.690874	0.847742	0.364092	
0	0.533539	0.713041	-0.45487299999999997	0.0	0.53517	0.13184200000000001	0.834392	0.0	0.654927	-0.688615	-0.311256	0.0	-2.96848	0.44806999999999997	-0.024913499999999998	0.360398	-0.159771	0.9275629999999999	-0.337787	0.0	0.49952299999999994	-0.21917199999999998	-0.838117	0.0	-0.85144	-0.302639	-0.42832200000000004	0.0	2.52089	0.35676599999999997	0.499651	0.363967	
0	0.579883	0.679954	-0.448775	0.0	0.536536	0.0957934	0.8384229999999999	0.0	0.613079	-0.726971	-0.30927	0.0	-3.0064599999999997	0.167575	-0.263511	0.360429	-0.170486	0.918924	-0.355688	0.0	0.538473	-0.21542199999999997	-0.814641	0.0	-0.825216	-0.330413	-0.45808999999999994	0.0	2.5236400000000003	0.169672	0.28412800000000005	0.36396799999999996	
0	0.641263	0.6507850000000001	-0.406521	0.0	0.507357	0.0378414	0.8609049999999999	0.0	0.5756479999999999	-0.758318	-0.30591399999999996	0.0	-3.01051	-0.033433199999999996	-0.41869799999999996	0.35976199999999997	-0.190399	0.9077270000000001	-0.373873	0.0	0.564574	-0.210314	-0.798138	0.0	-0.803122	-0.363043	-0.47243500000000005	0.0	2.51765	0.014945600000000002	0.14265999999999998	0.363969	
0	0.660474	0.641405	-0.390351	0.0	0.49706000000000006	0.0161519	0.867566	0.0	0.562766	-0.7670319999999999	-0.30814899999999995	0.0	-2.9912400000000003	-0.18251199999999998	-0.518331	0.359643	-0.201211	0.901906	-0.382203	0.0	0.5726180000000001	-0.208271	-0.792926	0.0	-0.794747	-0.378402	-0.474542	0.0	2.51626	-0.127746	0.061724	0.36396999999999996	
0	0.6635850000000001	0.6432859999999999	-0.381887	0.0	0.48691899999999994	0.0161495	0.8732979999999999	0.0	0.567948	-0.765455	-0.302512	0.0	-2.9756400000000003	-0.300697	-0.622146	0.35912	-0.21269699999999997	0.893925	-0.39453699999999997	0.0	0.576964	-0.210971	-0.789053	0.0	-0.788589	-0.395462	-0.47088900000000006	0.0	2.50599	-0.286235	0.012162899999999999	0.363976	
0	0.661738	0.644379	-0.38324600000000003	0.0	0.481127	0.0270531	0.876233	0.0	0.574995	-0.764227	-0.292126	0.0	-2.94725	-0.334003	-0.634763	0.35855	-0.21452	0.891352	-0.39934000000000003	0.0	0.5758300000000001	-0.214829	-0.78884	0.0	-0.788924	-0.399174	-0.467182	0.0	2.49876	-0.355638	0.0333312	0.36397199999999996	
0	0.655109	0.650936	-0.38355500000000003	0.0	0.47893199999999997	0.034852499999999995	0.87716	0.0	0.5843430000000001	-0.758332	-0.28892199999999996	0.0	-2.9412599999999998	-0.338878	-0.655208	0.35791999999999996	-0.21364499999999997	0.887625	-0.408016	0.0	0.573361	-0.224227	-0.788022	0.0	-0.790957	-0.402298	-0.461025	0.0	2.4936	-0.380798	0.0647904	0.363971	
0	0.650586	0.650756	-0.391477	0.0	0.482353	0.044069300000000006	0.874868	0.0	0.5865779999999999	-0.758007	-0.285223	0.0	-2.92403	-0.32619499999999996	-0.652516	0.35743400000000003	-0.212702	0.880401	-0.42385500000000004	0.0	0.574986	-0.23795100000000002	-0.7827970000000001	0.0	-0.790032	-0.41021199999999997	-0.45560600000000007	0.0	2.487	-0.38469899999999996	0.119433	0.363969	
0	0.633113	0.6599229999999999	-0.404561	0.0	0.49131	0.061277899999999996	0.868826	0.0	0.5981489999999999	-0.74883	-0.285431	0.0	-2.91122	-0.302798	-0.607697	0.357495	-0.21123499999999998	0.874134	-0.437345	0.0	0.5756680000000001	-0.250346	-0.778417	0.0	-0.789928	-0.41619399999999995	-0.450329	0.0	2.49372	-0.38718600000000003	0.18908	0.363981	
0	0.6247	0.66179	-0.414468	0.0	0.496183	0.07342810000000001	0.865108	0.0	0.602953	-0.746084	-0.282498	0.0	-2.91173	-0.289535	-0.600703	0.357594	-0.20982199999999998	0.87011	-0.44596499999999994	0.0	0.572246	-0.260552	-0.777591	0.0	-0.792786	-0.418357	-0.443247	0.0	2.5015	-0.38966300000000004	0.21057199999999998	0.363985	
0	0.581246	0.675672	-0.453454	0.0	0.513371	0.127872	0.8485860000000001	0.0	0.63135	-0.726028	-0.272545	0.0	-2.95457	-0.27215900000000004	-0.628676	0.357752	-0.208423	0.863928	-0.45846400000000004	0.0	0.561146	-0.27829899999999996	-0.779529	0.0	-0.8010470000000001	-0.41973699999999997	-0.42678599999999994	0.0	2.51555	-0.394916	0.261919	0.36397199999999996	
0	0.5817939999999999	0.675484	-0.453032	0.0	0.5130140000000001	0.12745499999999998	0.848865	0.0	0.631135	-0.726276	-0.27238	0.0	-2.9518	-0.270583	-0.627358	0.357772	-0.20854499999999998	0.863878	-0.458502	0.0	0.5611430000000001	-0.278276	-0.779539	0.0	-0.801017	-0.419854	-0.426726	0.0	2.5154400000000003	-0.395125	0.262709	0.36398	
0	0.581808	0.675479	-0.45302200000000004	0.0	0.513012	0.12743800000000002	0.8488690000000001	0.0	0.631125	-0.726284	-0.272384	0.0	-2.9518	-0.270613	-0.627337	0.357773	-0.20854099999999998	0.863883	-0.45849399999999996	0.0	0.561149	-0.27826799999999996	-0.7795380000000001	0.0	-0.801014	-0.41984899999999997	-0.426737	0.0	2.51543	-0.39511999999999997	0.262656	0.36398	
0	0.581807	0.675479	-0.45302200000000004	0.0	0.513012	0.12743800000000002	0.8488690000000001	0.0	0.631125	-0.726284	-0.272384	0.0	-2.9518	-0.270613	-0.627336	0.357772	-0.20854	0.863883	-0.45849399999999996	0.0	0.561149	-0.27826799999999996	-0.7795380000000001	0.0	-0.801014	-0.41984899999999997	-0.426737	0.0	2.51543	-0.39511999999999997	0.262656	0.36398	
0	0.581807	0.675479	-0.45302200000000004	0.0	0.513012	0.12743800000000002	0.8488690000000001	0.0	0.631125	-0.726284	-0.272384	0.0	-2.9518	-0.27061399999999997	-0.627337	0.357772	-0.20854	0.863883	-0.45849399999999996	0.0	0.561149	-0.27826799999999996	-0.779537	0.0	-0.801013	-0.41984899999999997	-0.426737	0.0	2.51543	-0.39511999999999997	0.262656	0.36398	
0	0.581807	0.675479	-0.45302200000000004	0.0	0.513012	0.12743800000000002	0.8488690000000001	0.0	0.631125	-0.726284	-0.272384	0.0	-2.9518	-0.27061399999999997	-0.627337	0.357772	-0.20854	0.863883	-0.45849399999999996	0.0	0.561149	-0.27826799999999996	-0.7795380000000001	0.0	-0.801013	-0.41984899999999997	-0.426737	0.0	2.51543	-0.39511999999999997	0.262656	0.36398	
0	0.581807	0.675479	-0.45302200000000004	0.0	0.513012	0.12743800000000002	0.8488690000000001	0.0	0.631125	-0.726284	-0.272384	0.0	-2.9518	-0.27061399999999997	-0.627337	0.357772	-0.20854	0.863883	-0.45849399999999996	0.0	0.561149	-0.27826799999999996	-0.7795380000000001	0.0	-0.801013	-0.41984899999999997	-0.426737	0.0	2.51543	-0.39511999999999997	0.262656	0.36398	
0	0.581807	0.675479	-0.45302200000000004	0.0	0.513012	0.12743800000000002	0.8488690000000001	0.0	0.631125	-0.726284	-0.272384	0.0	-2.9518	-0.270613	-0.627337	0.357773	-0.20854099999999998	0.863883	-0.45849399999999996	0.0	0.561149	-0.27826799999999996	-0.7795380000000001	0.0	-0.801014	-0.41984899999999997	-0.426737	0.0	2.51543	-0.39511999999999997	0.262656	0.36398	
0	0.581807	0.675479	-0.45302200000000004	0.0	0.513012	0.12743800000000002	0.8488690000000001	0.0	0.631125	-0.726284	-0.272384	0.0	-2.9518	-0.27061399999999997	-0.627337	0.357772	-0.20854099999999998	0.863883	-0.45849399999999996	0.0	0.561149	-0.27826799999999996	-0.7795380000000001	0.0	-0.801014	-0.41984899999999997	-0.426737	0.0	2.51543	-0.39511999999999997	0.262656	0.36398	
0	0.581807	0.675479	-0.45302200000000004	0.0	0.513012	0.12743800000000002	0.8488690000000001	0.0	0.631125	-0.726284	-0.272384	0.0	-2.9518	-0.27061399999999997	-0.627337	0.357772	-0.20854	0.863883	-0.45849399999999996	0.0	0.561149	-0.27826799999999996	-0.7795380000000001	0.0	-0.801014	-0.41984899999999997	-0.426737	0.0	2.51543	-0.39511999999999997	0.26265700000000003	0.363979	
0	0.581807	0.675479	-0.45302200000000004	0.0	0.513012	0.12743800000000002	0.8488690000000001	0.0	0.631125	-0.726284	-0.272384	0.0	-2.9518	-0.27061399999999997	-0.627337	0.357772	-0.20854	0.863883	-0.45849399999999996	0.0	0.561149	-0.27826799999999996	-0.779537	0.0	-0.801013	-0.41984899999999997	-0.426737	0.0	2.51543	-0.39511999999999997	0.26265700000000003	0.363979	
0	0.581807	0.675479	-0.45302200000000004	0.0	0.513012	0.12743800000000002	0.8488690000000001	0.0	0.631125	-0.726284	-0.272384	0.0	-2.9518	-0.27061399999999997	-0.627337	0.357772	-0.20854	0.863883	-0.45849399999999996	0.0	0.561149	-0.27826799999999996	-0.7795380000000001	0.0	-0.801013	-0.41984799999999994	-0.426737	0.0	2.51543	-0.39511999999999997	0.262656	0.363979	
0	0.581807	0.675479	-0.45302200000000004	0.0	0.513012	0.12743800000000002	0.8488690000000001	0.0	0.631125	-0.726284	-0.272384	0.0	-2.9518	-0.270613	-0.627336	0.357772	-0.20854099999999998	0.863883	-0.45849399999999996	0.0	0.561149	-0.27826799999999996	-0.7795380000000001	0.0	-0.801014	-0.41984899999999997	-0.426737	0.0	2.51543	-0.39511999999999997	0.262656	0.363979	
0	0.581807	0.675479	-0.45302200000000004	0.0	0.513012	0.12743800000000002	0.8488690000000001	0.0	0.631125	-0.726284	-0.272384	0.0	-2.9518	-0.270613	-0.627336	0.357772	-0.20854099999999998	0.863883	-0.45849399999999996	0.0	0.561149	-0.27826799999999996	-0.7795380000000001	0.0	-0.801014	-0.41984899999999997	-0.426737	0.0	2.51543	-0.39511999999999997	0.262656	0.36398	
0	0.581807	0.675479	-0.45302200000000004	0.0	0.513012	0.12743800000000002	0.8488690000000001	0.0	0.631125	-0.726284	-0.272384	0.0	-2.9518	-0.27061399999999997	-0.627337	0.357772	-0.20854099999999998	0.863883	-0.45849399999999996	0.0	0.561149	-0.27826799999999996	-0.7795380000000001	0.0	-0.801014	-0.41984899999999997	-0.426737	0.0	2.51543	-0.395119	0.26265700000000003	0.36398	
0	0.581807	0.675479	-0.45302200000000004	0.0	0.513012	0.12743800000000002	0.8488690000000001	0.0	0.631125	-0.726284	-0.272384	0.0	-2.9518	-0.27061399999999997	-0.627337	0.357773	-0.20854099999999998	0.863883	-0.45849399999999996	0.0	0.561149	-0.27826799999999996	-0.7795380000000001	0.0	-0.801013	-0.41984899999999997	-0.426737	0.0	2.51543	-0.39511999999999997	0.262656	0.363979	
0	0.42318199999999995	0.768708	-0.479588	0.0	0.612113	0.147696	0.7768550000000001	0.0	0.668008	-0.622314	-0.408033	0.0	-3.10073	-0.46921499999999994	-0.852082	0.362512	-0.049247000000000006	0.966673	-0.251235	0.0	0.396811	-0.2119	-0.893107	0.0	-0.9165780000000001	-0.143675	-0.373151	0.0	2.44425	-0.513112	0.13248800000000002	0.36399699999999996	
0	0.53328	0.689642	-0.48990500000000003	0.0	0.6078399999999999	0.0903889	0.788898	0.0	0.5883390000000001	-0.718487	-0.37099	0.0	-3.2378400000000003	-0.784015	-1.06124	0.362859	-0.0868279	0.963291	-0.254031	0.0	0.409559	-0.197933	-0.890553	0.0	-0.908142	-0.181365	-0.377338	0.0	2.39275	-0.678968	-0.07266089999999999	0.36399699999999996	
0	0.660335	0.5630310000000001	-0.49694499999999997	0.0	0.581721	0.0349961	0.812635	0.0	0.47493	-0.8256950000000001	-0.30441799999999997	0.0	-3.38061	-1.33623	-1.3666	0.36254899999999995	-0.139125	0.956362	-0.25693499999999997	0.0	0.42160299999999995	-0.177567	-0.889225	0.0	-0.8960440000000001	-0.23203800000000002	-0.37850100000000003	0.0	2.3053	-0.9187690000000001	-0.331862	0.363982	
0	0.724909	0.449874	-0.521652	0.0	0.575679	0.0202216	0.817426	0.0	0.378287	-0.892863	-0.24432399999999999	0.0	-3.47244	-1.70652	-1.54496	0.362344	-0.166769	0.9477479999999999	-0.27196	0.0	0.420998	-0.180971	-0.888825	0.0	-0.891599	-0.262723	-0.36882	0.0	2.26301	-1.0549	-0.455541	0.36399000000000004	
0	0.782691	0.300077	-0.545297	0.0	0.564009	0.028572800000000002	0.825274	0.0	0.263226	-0.9534870000000001	-0.14688199999999998	0.0	-3.6578	-2.31541	-1.81972	0.361494	-0.195268	0.93422	-0.298502	0.0	0.42268900000000004	-0.19447799999999998	-0.8851620000000001	0.0	-0.8849889999999999	-0.29901700000000003	-0.35690900000000003	0.0	2.2057700000000002	-1.28029	-0.61722	0.363964	
0	0.8074819999999999	0.215981	-0.5489310000000001	0.0	0.5531739999999999	0.0459393	0.8317979999999999	0.0	0.20486999999999997	-0.975316	-0.0823801	0.0	-3.78221	-2.69388	-1.95907	0.36047199999999996	-0.21533400000000003	0.925909	-0.31036199999999997	0.0	0.42637200000000003	-0.19678099999999998	-0.882884	0.0	-0.8785430000000001	-0.322445	-0.352408	0.0	2.18455	-1.44062	-0.697459	0.36398	
0	0.79172	0.194461	-0.5791069999999999	0.0	0.572882	0.0927898	0.814368	0.0	0.212098	-0.976512	-0.0379396	0.0	-3.81345	-2.96779	-2.07485	0.360174	-0.23591399999999998	0.9182290000000001	-0.318121	0.0	0.43465699999999996	-0.193084	-0.879655	0.0	-0.8691479999999999	-0.345796	-0.353563	0.0	2.17903	-1.55834	-0.741514	0.363992	
0	0.772891	0.161832	-0.6135550000000001	0.0	0.603582	0.110826	0.789561	0.0	0.195774	-0.980575	-0.012022	0.0	-3.7447800000000004	-3.13501	-2.15235	0.360151	-0.25995100000000004	0.9101459999999999	-0.32258200000000004	0.0	0.45442299999999997	-0.179457	-0.8725219999999999	0.0	-0.8520120000000001	-0.373402	-0.366942	0.0	2.21024	-1.6878400000000002	-0.790509	0.36398800000000003	
0	0.750919	0.157404	-0.641361	0.0	0.621783	0.158692	0.766943	0.0	0.22249899999999997	-0.9747	0.021294099999999996	0.0	-3.6889999999999996	-3.27639	-2.23216	0.360348	-0.281528	0.903982	-0.321806	0.0	0.47165200000000007	-0.161694	-0.866833	0.0	-0.835635	-0.395818	-0.380843	0.0	2.27495	-1.80623	-0.842828	0.363993	
0	0.689289	0.181241	-0.70145	0.0	0.668724	0.21332399999999999	0.71225	0.0	0.27872600000000003	-0.960023	0.0258416	0.0	-3.57424	-3.35345	-2.3237099999999997	0.36051300000000003	-0.298583	0.8947370000000001	-0.332106	0.0	0.484462	-0.15772	-0.860477	0.0	-0.8222799999999999	-0.417817	-0.386374	0.0	2.32075	-1.93903	-0.897977	0.363973	
0	0.635884	0.206933	-0.743525	0.0	0.701843	0.245698	0.668617	0.0	0.321042	-0.947001	0.011001299999999999	0.0	-3.50314	-3.3628400000000003	-2.47445	0.361147	-0.323852	0.8822180000000001	-0.341775	0.0	0.49346899999999994	-0.150706	-0.856607	0.0	-0.807222	-0.44606999999999997	-0.38654099999999997	0.0	2.3369299999999997	-2.05976	-0.898646	0.363991	
0	0.597765	0.213642	-0.77268	0.0	0.723565	0.27119099999999996	0.6347510000000001	0.0	0.345154	-0.938516	0.00752446	0.0	-3.4887099999999998	-3.3651699999999996	-2.53513	0.360823	-0.348646	0.8710979999999999	-0.345882	0.0	0.49987700000000007	-0.139347	-0.8548129999999999	0.0	-0.7928229999999999	-0.470926	-0.386859	0.0	2.3478	-2.1835	-0.9098040000000001	0.363981	
0	0.5741930000000001	0.21424899999999997	-0.79019	0.0	0.732309	0.297174	0.612708	0.0	0.366096	-0.930476	0.013739	0.0	-3.4745199999999996	-3.386	-2.58127	0.35991799999999996	-0.36887800000000004	0.8630700000000001	-0.345021	0.0	0.5027699999999999	-0.12693	-0.855051	0.0	-0.781762	-0.488875	-0.387104	0.0	2.3488900000000004	-2.26365	-0.927456	0.363977	
0	0.567497	0.205139	-0.797411	0.0	0.738408	0.301674	0.603114	0.0	0.364281	-0.9310799999999999	0.0197231	0.0	-3.46697	-3.3894599999999997	-2.5939799999999997	0.35978699999999997	-0.376134	0.8584639999999999	-0.348659	0.0	0.495026	-0.131904	-0.858808	0.0	-0.783245	-0.495622	-0.375349	0.0	2.32386	-2.3275799999999998	-0.938775	0.363991	
0	0.56831	0.191781	-0.800153	0.0	0.739949	0.306186	0.5989369999999999	0.0	0.35986	-0.9324540000000001	0.0321	0.0	-3.4651300000000003	-3.3974599999999997	-2.60188	0.358576	-0.372125	0.855858	-0.35920799999999997	0.0	0.491116	-0.146836	-0.8586299999999999	0.0	-0.787609	-0.49593000000000004	-0.365685	0.0	2.2712	-2.3083299999999998	-0.9229649999999999	0.363977	
0	0.572279	0.17476	-0.801221	0.0	0.750739	0.281496	0.597621	0.0	0.32998099999999997	-0.943514	0.0298952	0.0	-3.4537699999999996	-3.48843	-2.5811900000000003	0.357702	-0.36531399999999997	0.850036	-0.37945300000000004	0.0	0.488439	-0.17197300000000001	-0.855484	0.0	-0.7924479999999999	-0.49786	-0.352366	0.0	2.23157	-2.2589599999999996	-0.888962	0.363993	
0	0.6031979999999999	0.14008299999999999	-0.785194	0.0	0.758518	0.203603	0.619029	0.0	0.246583	-0.96898	0.016557699999999998	0.0	-3.44194	-3.58269	-2.48034	0.359835	-0.358501	0.8424459999999999	-0.402196	0.0	0.47879399999999994	-0.203922	-0.853916	0.0	-0.8013939999999999	-0.498699	-0.330252	0.0	2.18165	-2.19805	-0.841109	0.36399499999999996	
0	0.658884	0.101547	-0.745359	0.0	0.736314	0.115775	0.666662	0.0	0.15399200000000002	-0.9880709999999999	0.00151207	0.0	-3.37034	-3.61679	-2.43338	0.362777	-0.343102	0.839664	-0.42100600000000005	0.0	0.46187799999999996	-0.239465	-0.8540059999999999	0.0	-0.817894	-0.487464	-0.305661	0.0	2.10522	-2.12216	-0.795424	0.363966	
0	0.684866	0.0862096	-0.723551	0.0	0.720322	0.0697637	0.6901229999999999	0.0	0.109973	-0.9938319999999999	-0.014319899999999998	0.0	-3.3679	-3.6242300000000003	-2.42604	0.355562	-0.336928	0.834621	-0.43576099999999995	0.0	0.457196	-0.259563	-0.8506459999999999	0.0	-0.823074	-0.485835	-0.294132	0.0	2.06703	-2.03114	-0.7561939999999999	0.363976	
0	0.70099	0.07008489999999999	-0.709719	0.0	0.7088300000000001	0.0411673	0.704177	0.0	0.0785694	-0.996691	-0.020820500000000002	0.0	-3.38202	-3.6318599999999996	-2.4253	0.353522	-0.336378	0.8310719999999999	-0.44291	0.0	0.45653299999999997	-0.267447	-0.848558	0.0	-0.823667	-0.48763900000000004	-0.28944899999999996	0.0	2.05383	-1.9465599999999998	-0.725716	0.363985	
0	0.714017	0.0466206	-0.698574	0.0	0.6995140000000001	-0.00573435	0.714596	0.0	0.0293091	-0.9988959999999999	-0.036706300000000004	0.0	-3.39775	-3.6477199999999996	-2.41933	0.357043	-0.336294	0.8291729999999999	-0.446517	0.0	0.457405	-0.27064299999999997	-0.847073	0.0	-0.823217	-0.489105	-0.288252	0.0	2.05233	-1.91242	-0.724345	0.363958	
0	0.702204	-0.0103611	-0.7119	0.0	0.7103649999999999	-0.0570131	0.70152	0.0	-0.0478561	-0.9983200000000001	-0.0326747	0.0	-3.4028	-3.63582	-2.4167099999999997	0.359475	-0.334235	0.828842	-0.44867399999999996	0.0	0.453654	-0.27579699999999996	-0.8474280000000001	0.0	-0.8261270000000001	-0.48678299999999997	-0.283826	0.0	2.04969	-1.8839700000000001	-0.727208	0.36399000000000004	
0	0.6461060000000001	-0.0854814	-0.758446	0.0	0.751429	-0.102952	0.651732	0.0	-0.133794	-0.991007	-0.00228457	0.0	-3.4149300000000005	-3.58974	-2.34908	0.19054300000000002	-0.329339	0.830046	-0.45006599999999997	0.0	0.44483900000000004	-0.284047	-0.849374	0.0	-0.832859	-0.47993900000000006	-0.27568899999999996	0.0	2.05005	-1.86768	-0.730657	0.36398400000000003	
0	0.6143930000000001	-0.11956199999999999	-0.779888	0.0	0.7811279999999999	-0.047107300000000005	0.622592	0.0	-0.111177	-0.9917090000000001	0.0644508	0.0	-3.41088	-3.5845800000000003	-2.32293	0.18948199999999998	-0.325746	0.8304969999999999	-0.451846	0.0	0.436953	-0.29157	-0.850917	0.0	-0.8384280000000001	-0.47461800000000004	-0.26791	0.0	2.05208	-1.8464599999999998	-0.723121	0.36397399999999996	
0	0.655255	-0.101927	-0.748499	0.0	0.751391	-0.014102700000000001	0.6597069999999999	0.0	-0.0777975	-0.994692	0.0673459	0.0	-3.4178	-3.59363	-2.36842	0.18967699999999998	-0.316921	0.833476	-0.452635	0.0	0.429302	-0.299489	-0.85206	0.0	-0.8457309999999999	-0.46435200000000004	-0.262898	0.0	2.05757	-1.81617	-0.7117439999999999	0.363976	
0	0.662975	-0.0920736	-0.742958	0.0	0.7443850000000001	-0.0246126	0.667298	0.0	-0.07972649999999999	-0.995448	0.0522206	0.0	-3.4211400000000003	-3.596	-2.3688599999999997	0.18885	-0.313726	0.8364299999999999	-0.449402	0.0	0.42993400000000004	-0.29686399999999996	-0.8526600000000001	0.0	-0.846601	-0.460714	-0.26647600000000005	0.0	2.07744	-1.81729	-0.7146779999999999	0.363991	
0	0.667606	-0.064663	-0.741701	0.0	0.742555	-0.0143994	0.6696300000000001	0.0	-0.0539803	-0.9978030000000001	0.0384027	0.0	-3.43751	-3.59988	-2.33759	0.189354	-0.311868	0.8384149999999999	-0.446989	0.0	0.430792	-0.29454	-0.853033	0.0	-0.846851	-0.45859300000000003	-0.269325	0.0	2.12534	-1.8335299999999999	-0.71187	0.363985	
0	0.633934	0.0253667	-0.772971	0.0	0.7732100000000001	0.000602901	0.63415	0.0	0.0165523	-0.9996780000000001	-0.019231599999999998	0.0	-3.4630699999999996	-3.5880199999999998	-2.28444	0.188606	-0.30853800000000003	0.841973	-0.44259	0.0	0.431493	-0.29077600000000003	-0.8539690000000001	0.0	-0.8477129999999999	-0.454456	-0.27359	0.0	2.1654299999999997	-1.8622599999999998	-0.710627	0.36396999999999996	
0	0.606163	0.160144	-0.779051	0.0	0.786333	0.0263293	0.617241	0.0	0.11936	-0.986742	-0.10996700000000001	0.0	-3.48379	-3.2223900000000003	-2.25516	0.189211	-0.304165	0.848015	-0.43399899999999997	0.0	0.42877600000000005	-0.284955	-0.857294	0.0	-0.850668	-0.44684700000000005	-0.276935	0.0	2.21125	-1.9100400000000002	-0.722154	0.36397199999999996	
0	0.576199	0.266859	-0.772516	0.0	0.792227	0.050005	0.608174	0.0	0.200926	-0.9624379999999999	-0.1826	0.0	-3.6416699999999995	-2.52552	-2.17848	0.189681	-0.29139	0.850748	-0.43740200000000007	0.0	0.425199	-0.294406	-0.85588	0.0	-0.8569120000000001	-0.43537700000000007	-0.27595	0.0	2.2304	-1.9922799999999998	-0.755501	0.363998	
0	0.550992	0.365451	-0.750236	0.0	0.790912	0.0580966	0.609166	0.0	0.266206	-0.929016	-0.257029	0.0	-3.5443599999999997	-1.9943400000000002	-2.15	0.189457	-0.276851	0.850356	-0.44749099999999997	0.0	0.423829	-0.309886	-0.851081	0.0	-0.8623930000000001	-0.425282	-0.27461399999999997	0.0	2.22612	-2.0743099999999997	-0.780352	0.363985	
0	0.524937	0.41414700000000004	-0.743589	0.0	0.797984	0.0644355	0.599225	0.0	0.29608	-0.907927	-0.296658	0.0	-3.4999800000000003	-1.69629	-2.12446	0.188914	-0.27420900000000004	0.8503360000000001	-0.44915200000000005	0.0	0.421706	-0.313429	-0.8508389999999999	0.0	-0.864276	-0.42271800000000004	-0.272647	0.0	2.21677	-2.1021900000000002	-0.781404	0.363996	
1	0.490184	0.487725	-0.722387	0.0	0.802161	0.07178	0.592778	0.0	0.340966	-0.870041	-0.356049	0.0	-3.37975	-1.09756	-2.08758	0.189724	-0.268917	0.849095	-0.454667	0.0	0.41621099999999994	-0.323261	-0.849865	0.0	-0.868592	-0.417781	-0.266472	0.0	2.16762	-2.16851	-0.728056	0.363985	
1	0.469879	0.515207	-0.716781	0.0	0.803424	0.0867755	0.58905	0.0	0.365682	-0.8526610000000001	-0.373156	0.0	-3.2926599999999997	-0.8089149999999999	-2.07153	0.189724	-0.265017	0.8476969999999999	-0.459538	0.0	0.41400200000000004	-0.330382	-0.8482040000000001	0.0	-0.870843	-0.415038	-0.263391	0.0	2.12273	-2.18339	-0.701974	0.36399499999999996	
1	0.46260200000000007	0.515422	-0.721345	0.0	0.7960189999999999	0.11674200000000001	0.593907	0.0	0.390324	-0.8489469999999999	-0.35628000000000004	0.0	-3.20655	-0.754966	-2.03444	0.18944	-0.253961	0.8450629999999999	-0.47050299999999995	0.0	0.40933800000000004	-0.34683400000000003	-0.8438889999999999	0.0	-0.876326	-0.40691	-0.257834	0.0	2.10222	-2.1705099999999997	-0.702554	0.363978	
1	0.518347	0.487022	-0.702941	0.0	0.75037	0.135258	0.6470319999999999	0.0	0.41019700000000003	-0.8628530000000001	-0.295336	0.0	-2.8911700000000002	-0.8892209999999999	-1.8794099999999998	0.189729	-0.13647	0.833053	-0.536096	0.0	0.398902	-0.44913800000000004	-0.79947	0.0	-0.906782	-0.32295300000000005	-0.271013	0.0	2.0571200000000003	-2.04788	-0.811186	0.364019	
1	0.590776	0.47554799999999997	-0.651796	0.0	0.692523	0.115646	0.712066	0.0	0.413999	-0.8720549999999999	-0.261007	0.0	-2.4729099999999997	-1.11639	-1.78092	0.189447	-0.00174457	0.795513	-0.605934	0.0	0.356827	-0.565551	-0.7435229999999999	0.0	-0.934169	-0.217511	-0.28287399999999996	0.0	1.8626599999999998	-1.86044	-0.950717	0.36399499999999996	
1	0.6366069999999999	0.476063	-0.606709	0.0	0.6489149999999999	0.0944188	0.75498	0.0	0.416703	-0.8743280000000001	-0.24881599999999998	0.0	-2.22118	-1.30931	-1.81103	0.189458	0.100865	0.7524489999999999	-0.650882	0.0	0.309741	-0.645455	-0.698175	0.0	-0.945456	-0.131183	-0.298168	0.0	1.68842	-1.6982	-1.07219	0.364009	
1	0.6539159999999999	0.476142	-0.587947	0.0	0.630147	0.08730299999999999	0.771552	0.0	0.41869799999999996	-0.875024	-0.24295100000000003	0.0	-2.08272	-1.42359	-1.86464	0.189728	0.151369	0.719047	-0.678276	0.0	0.280685	-0.689204	-0.6679930000000001	0.0	-0.947789	-0.0892683	-0.30615	0.0	1.58345	-1.63957	-1.16577	0.363964	
1	0.669112	0.49546	-0.553904	0.0	0.604358	0.0709735	0.793545	0.0	0.432482	-0.865727	-0.251946	0.0	-1.84759	-1.5903100000000001	-1.9805	0.189721	0.22494899999999998	0.6559729999999999	-0.720484	0.0	0.221002	-0.754514	-0.617954	0.0	-0.948976	-0.0202198	-0.314698	0.0	1.40878	-1.56647	-1.31351	0.36398600000000003	
1	0.66948	0.522766	-0.5277430000000001	0.0	0.589241	0.0588706	0.80581	0.0	0.45231800000000005	-0.850441	-0.268623	0.0	-1.6629200000000002	-1.7125700000000001	-2.09334	0.189722	0.234488	0.639574	-0.732093	0.0	0.21715	-0.768522	-0.601847	0.0	-0.9475549999999999	-0.017848	-0.31909299999999996	0.0	1.26955	-1.5763200000000002	-1.39445	0.36398	
1	0.646559	0.583597	-0.4913	0.0	0.576379	0.048184899999999996	0.815761	0.0	0.499749	-0.810613	-0.305219	0.0	-1.3763299999999998	-1.7729099999999998	-2.24588	0.189416	0.214152	0.632818	-0.744097	0.0	0.23116199999999998	-0.772964	-0.590839	0.0	-0.9490540000000001	-0.0454781	-0.311816	0.0	0.9895709999999999	-1.7443099999999998	-1.48114	0.36401	
1	0.632054	0.613069	-0.47397700000000004	0.0	0.5753060000000001	0.0385416	0.817029	0.0	0.519163	-0.789089	-0.328342	0.0	-1.23959	-1.76988	-2.30798	0.189439	0.200601	0.627703	-0.752162	0.0	0.23478200000000002	-0.7761979999999999	-0.585145	0.0	-0.951124	-0.0592128	-0.30308	0.0	0.8651340000000001	-1.87042	-1.54406	0.36398600000000003	
1	0.6278	0.620225	-0.47030600000000006	0.0	0.572946	0.0407708	0.818579	0.0	0.526878	-0.7833640000000001	-0.329759	0.0	-1.17218	-1.7712900000000003	-2.3335	0.18972	0.194624	0.6250979999999999	-0.755893	0.0	0.236798	-0.777778	-0.582227	0.0	-0.951866	-0.065679	-0.299396	0.0	0.815757	-1.9237900000000001	-1.55914	0.363987	
1	0.6157739999999999	0.637578	-0.46294300000000005	0.0	0.5582590000000001	0.061588199999999996	0.827377	0.0	0.55603	-0.7679199999999999	-0.31800900000000004	0.0	-1.09856	-1.7994299999999999	-2.3521099999999997	0.189872	0.1912	0.6185229999999999	-0.76215	0.0	0.22945	-0.783126	-0.577984	0.0	-0.954356	-0.0643651	-0.29165399999999997	0.0	0.7706149999999999	-1.96075	-1.57073	0.366201	
1	0.610079	0.641844	-0.464585	0.0	0.537362	0.09572910000000001	0.837901	0.0	0.582276	-0.760837	-0.2865	0.0	-1.0295	-1.87038	-2.34281	0.18967699999999998	0.18382300000000001	0.601053	-0.777782	0.0	0.216177	-0.796613	-0.5645140000000001	0.0	-0.958894	-0.0643677	-0.27636900000000003	0.0	0.735132	-1.9717200000000001	-1.53682	0.368559	
1	0.612065	0.638478	-0.466607	0.0	0.5382979999999999	0.09586739999999999	0.8372850000000001	0.0	0.57932	-0.763646	-0.285014	0.0	-0.977751	-1.8912	-2.31911	0.189426	0.17912899999999998	0.594641	-0.783782	0.0	0.213236	-0.801197	-0.55912	0.0	-0.9604389999999999	-0.066976	-0.270316	0.0	0.696504	-1.97301	-1.52102	0.368628	
1	0.631831	0.6256010000000001	-0.457617	0.0	0.529568	0.08269630000000001	0.8442270000000001	0.0	0.565992	-0.775748	-0.279048	0.0	-0.8899459999999999	-1.95105	-2.26963	0.189817	0.17041900000000001	0.5821890000000001	-0.7949930000000001	0.0	0.21179	-0.809581	-0.547471	0.0	-0.962342	-0.0750725	-0.26127	0.0	0.572495	-2.00493	-1.46691	0.36668	
1	0.64131	0.616734	-0.45646499999999995	0.0	0.522927	0.0840345	0.848225	0.0	0.561488	-0.782673	-0.268615	0.0	-0.862418	-2.0086	-2.2551799999999997	0.189382	0.167898	0.579172	-0.797728	0.0	0.213088	-0.811407	-0.544255	0.0	-0.962499	-0.07860639999999999	-0.259648	0.0	0.500156	-2.05376	-1.44477	0.365349	
1	0.6355109999999999	0.615653	-0.465937	0.0	0.527741	0.0941228	0.844174	0.0	0.563574	-0.7823760000000001	-0.26509	0.0	-0.8596959999999999	-2.04503	-2.23915	0.189549	0.16714500000000002	0.580638	-0.79682	0.0	0.216671	-0.810064	-0.5448390000000001	0.0	-0.96183	-0.08158	-0.261206	0.0	0.476238	-2.07118	-1.4348299999999998	0.364977	
1	0.608838	0.623239	-0.490805	0.0	0.534809	0.13448800000000002	0.834202	0.0	0.585915	-0.7703800000000001	-0.251433	0.0	-0.847133	-2.09349	-2.20034	0.189063	0.166052	0.576817	-0.799819	0.0	0.221466	-0.8121729999999999	-0.539748	0.0	-0.9609270000000001	-0.0875064	-0.262608	0.0	0.491213	-2.06785	-1.41088	0.36601300000000003	
1	0.588514	0.630322	-0.506306	0.0	0.54594	0.15207400000000001	0.823907	0.0	0.596322	-0.7612939999999999	-0.25461999999999996	0.0	-0.81781	-2.08727	-2.14843	0.189567	0.168323	0.57347	-0.8017479999999999	0.0	0.2194	-0.814746	-0.536705	0.0	-0.9610049999999999	-0.08556330000000001	-0.26295999999999997	0.0	0.52667	-2.03991	-1.3764100000000001	0.367111	
1	0.575336	0.630195	-0.521385	0.0	0.558974	0.162414	0.8131229999999999	0.0	0.5971069999999999	-0.75926	-0.258821	0.0	-0.810878	-2.06941	-2.1092299999999997	0.1894	0.15356	0.56297	-0.812086	0.0	0.228129	-0.81983	-0.525201	0.0	-0.9614450000000001	-0.104611	-0.254323	0.0	0.541375	-2.00674	-1.35408	0.367758	
1	0.536556	0.635286	-0.555445	0.0	0.593673	0.183604	0.7834810000000001	0.0	0.599716	-0.750134	-0.27863899999999997	0.0	-0.817411	-2.04491	-1.98662	0.189527	0.12131700000000001	0.48815200000000003	-0.8642860000000001	0.0	0.328584	-0.841377	-0.42908999999999997	0.0	-0.936651	-0.231934	-0.262472	0.0	0.560244	-1.8992	-1.25159	0.339188	
1	0.500374	0.6501899999999999	-0.571733	0.0	0.5815600000000001	0.23680500000000002	0.778275	0.0	0.641416	-0.721925	-0.25963400000000003	0.0	-0.825465	-2.13215	-1.8959	0.190288	0.06592310000000001	0.46313699999999997	-0.883832	0.0	0.377159	-0.8316129999999999	-0.407642	0.0	-0.9237989999999999	-0.30647199999999997	-0.22949899999999998	0.0	0.545719	-1.8504900000000002	-1.15259	0.262162	
1	0.491774	0.6514340000000001	-0.577747	0.0	0.5886319999999999	0.240211	0.771888	0.0	0.6416149999999999	-0.719675	-0.265325	0.0	-0.78258	-2.0973599999999997	-1.86125	0.19028499999999998	0.0573413	0.461971	-0.8850399999999999	0.0	0.37559000000000003	-0.831354	-0.40961400000000003	0.0	-0.92501	-0.308924	-0.221183	0.0	0.59472	-1.81025	-1.1317	0.26219699999999996	
1	0.48921800000000004	0.644432	-0.587685	0.0	0.5953579999999999	0.245658	0.764984	0.0	0.6373489999999999	-0.7241270000000001	-0.263488	0.0	-0.7634989999999999	-2.02713	-1.8256400000000002	0.190158	0.0543111	0.452715	-0.89	0.0	0.367137	-0.8379340000000001	-0.403827	0.0	-0.92858	-0.30482	-0.211718	0.0	0.620859	-1.7389400000000002	-1.10905	0.262434	
1	0.48290600000000006	0.647889	-0.589101	0.0	0.608745	0.235215	0.757696	0.0	0.629469	-0.7245090000000001	-0.280812	0.0	-0.768302	-1.9476200000000001	-1.79427	0.189777	0.0423723	0.46294300000000005	-0.885375	0.0	0.353435	-0.835816	-0.42011400000000004	0.0	-0.934499	-0.295121	-0.199036	0.0	0.630067	-1.6752900000000002	-1.09689	0.262665	
1	0.474695	0.653526	-0.589549	0.0	0.6179100000000001	0.229552	0.751993	0.0	0.626779	-0.721255	-0.29485300000000003	0.0	-0.7766529999999999	-1.92555	-1.78119	0.18961	0.0303918	0.471681	-0.8812450000000001	0.0	0.34807899999999997	-0.831461	-0.43303	0.0	-0.9369719999999999	-0.293582	-0.189452	0.0	0.630741	-1.65812	-1.09915	0.26275	
1	0.463491	0.659697	-0.591587	0.0	0.6321140000000001	0.221712	0.74248	0.0	0.620974	-0.718083	-0.314242	0.0	-0.787033	-1.8981700000000001	-1.7577	0.189223	0.011914	0.48350299999999996	-0.8752620000000001	0.0	0.332806	-0.8273360000000001	-0.45249799999999996	0.0	-0.9429200000000001	-0.285901	-0.17077	0.0	0.636254	-1.64415	-1.1041100000000001	0.262929	
1	0.46711899999999995	0.6542979999999999	-0.594722	0.0	0.6517189999999999	0.199777	0.7316779999999999	0.0	0.597547	-0.729372	-0.333098	0.0	-0.818846	-1.8633	-1.7459099999999999	0.189105	0.00666922	0.48929300000000003	-0.872094	0.0	0.30448400000000003	-0.8316950000000001	-0.46429899999999996	0.0	-0.9524940000000001	-0.262442	-0.154529	0.0	0.6233390000000001	-1.64357	-1.1157700000000002	0.263389	
1	0.46675500000000003	0.6524399999999999	-0.5970449999999999	0.0	0.647971	0.20716199999999999	0.732951	0.0	0.601892	-0.7289760000000001	-0.32606799999999997	0.0	-0.8151189999999999	-1.8441400000000001	-1.7566599999999999	0.188665	0.00971526	0.48218	-0.8760180000000001	0.0	0.304081	-0.835996	-0.45677799999999996	0.0	-0.9525969999999999	-0.261943	-0.154744	0.0	0.62644	-1.6169	-1.12332	0.264011	
1	0.462125	0.654369	-0.598533	0.0	0.64717	0.21259299999999998	0.732103	0.0	0.60631	-0.725676	-0.32524400000000003	0.0	-0.816538	-1.8439599999999998	-1.7555	0.189145	0.00596678	0.481763	-0.876281	0.0	0.30635999999999997	-0.83504	-0.457004	0.0	-0.9518969999999999	-0.265731	-0.152576	0.0	0.624102	-1.61038	-1.12588	0.263928	
1	0.380794	0.696347	-0.608356	0.0	0.622168	0.293754	0.725683	0.0	0.684034	-0.6548350000000001	-0.321385	0.0	-0.8734770000000001	-1.3454	-1.76967	0.35186999999999996	0.0500996	0.494213	-0.8678959999999999	0.0	0.281148	-0.840825	-0.46256800000000003	0.0	-0.958356	-0.220833	-0.181072	0.0	0.730979	-2.1152599999999997	-1.29315	0.263333	
1	0.386409	0.693811	-0.607712	0.0	0.6313979999999999	0.28131	0.722635	0.0	0.6723279999999999	-0.662941	-0.32937	0.0	-1.0260200000000002	-1.37951	-1.8501599999999998	0.356978	0.0752954	0.488863	-0.8691049999999999	0.0	0.263409	-0.8503719999999999	-0.455505	0.0	-0.961742	-0.194632	-0.1928	0.0	0.856507	-2.1175900000000003	-1.36061	0.263335	
1	0.377719	0.687262	-0.620483	0.0	0.6400100000000001	0.290477	0.711344	0.0	0.6691159999999999	-0.665804	-0.330136	0.0	-1.20662	-1.41974	-1.9101599999999999	0.358644	0.09783120000000001	0.48206099999999996	-0.870659	0.0	0.249746	-0.8587520000000001	-0.447406	0.0	-0.963357	-0.173673	-0.204406	0.0	1.01363	-2.1202900000000002	-1.47139	0.263341	
2	0.366331	0.6828069999999999	-0.632121	0.0	0.651763	0.29655	0.698042	0.0	0.664083	-0.667708	-0.336393	0.0	-1.39818	-1.44966	-1.95553	0.359055	0.119778	0.480284	-0.8688959999999999	0.0	0.23872600000000002	-0.863452	-0.444366	0.0	-0.963672	-0.154202	-0.218079	0.0	1.15283	-2.1133	-1.54334	0.263331	
2	0.36636599999999997	0.681546	-0.633459	0.0	0.6563640000000001	0.293247	0.695121	0.0	0.659517	-0.670449	-0.339906	0.0	-1.5403200000000001	-1.4980799999999999	-1.98318	0.358486	0.141992	0.473627	-0.8692040000000001	0.0	0.216212	-0.8717389999999999	-0.439687	0.0	-0.965966	-0.1255	-0.22618400000000002	0.0	1.29538	-2.1104	-1.61609	0.263329	
2	0.361263	0.681828	-0.636081	0.0	0.660784	0.294108	0.690554	0.0	0.6579149999999999	-0.669784	-0.34429099999999996	0.0	-1.64662	-1.53567	-1.99646	0.35786799999999996	0.17608800000000002	0.46380200000000005	-0.8682629999999999	0.0	0.17523	-0.882727	-0.43599099999999996	0.0	-0.9686520000000001	-0.07537260000000001	-0.23671	0.0	1.45062	-2.09124	-1.7123099999999998	0.263337	
2	0.361833	0.682657	-0.634867	0.0	0.6604260000000001	0.292941	0.691393	0.0	0.657963	-0.669451	-0.34484899999999996	0.0	-1.7055	-1.5793700000000002	-2.0058	0.357605	0.233571	0.427642	-0.873251	0.0	0.12931199999999998	-0.903776	-0.408004	0.0	-0.9637030000000001	-0.017624200000000003	-0.266396	0.0	1.6287399999999999	-2.06278	-1.8437599999999998	0.26333	
2	0.364402	0.682906	-0.633128	0.0	0.662514	0.287674	0.691606	0.0	0.654436	-0.671479	-0.34760599999999997	0.0	-1.73658	-1.61468	-1.98355	0.35781999999999997	0.29888400000000004	0.36446799999999996	-0.881948	0.0	0.073861	-0.930256	-0.3594	0.0	-0.951427	0.0422776	-0.30495900000000004	0.0	1.8656099999999998	-2.05525	-1.9660400000000002	0.263339	
2	0.36882800000000004	0.68247	-0.6310319999999999	0.0	0.66445	0.281152	0.692431	0.0	0.649979	-0.6746770000000001	-0.34976999999999997	0.0	-1.80352	-1.6892200000000002	-1.9827	0.358094	0.352549	0.269278	-0.8962129999999999	0.0	-0.00762875	-0.9568459999999999	-0.290497	0.0	-0.9357620000000001	0.109251	-0.335281	0.0	2.12184	-2.08112	-2.05681	0.263344	
2	0.376714	0.679996	-0.6290399999999999	0.0	0.664858	0.274367	0.694757	0.0	0.6450199999999999	-0.6799470000000001	-0.34874299999999997	0.0	-1.87515	-1.7802900000000002	-1.9646299999999999	0.35799200000000003	0.38208400000000003	0.10909100000000001	-0.917666	0.0	-0.15795399999999998	-0.970686	-0.18116	0.0	-0.910529	0.214167	-0.353652	0.0	2.4232299999999998	-2.16209	-2.13557	0.263345	
2	0.38288	0.6774819999999999	-0.62803	0.0	0.669003	0.26547	0.694233	0.0	0.637054	-0.685962	-0.351594	0.0	-1.98207	-1.8536	-1.97491	0.357664	0.36678299999999997	-0.0064816000000000006	-0.930284	0.0	-0.249096	-0.964147	-0.0914938	0.0	-0.896338	0.265289	-0.355248	0.0	2.68748	-2.3081	-2.15435	0.263354	
2	0.38600300000000004	0.675709	-0.6280279999999999	0.0	0.6697890000000001	0.262848	0.6944739999999999	0.0	0.634338	-0.688716	-0.351122	0.0	-2.0462700000000003	-1.91077	-1.9995	0.357333	0.32891	-0.0504026	-0.9430149999999999	0.0	-0.25604499999999997	-0.96593	-0.037677499999999996	0.0	-0.9089879999999999	0.253847	-0.33060900000000004	0.0	2.88844	-2.5594900000000003	-2.0723700000000003	0.263347	
2	0.387753	0.675653	-0.6270100000000001	0.0	0.6698529999999999	0.260734	0.695209	0.0	0.633202	-0.689574	-0.351488	0.0	-2.0834200000000003	-1.9306	-2.00731	0.357284	0.284087	-0.06067919999999999	-0.9568770000000001	0.0	-0.246079	-0.969181	-0.0115988	0.0	-0.926682	0.238762	-0.290263	0.0	2.9702900000000003	-2.70384	-1.99245	0.263358	
2	0.39434400000000003	0.668639	-0.630408	0.0	0.6703720000000001	0.259912	0.695016	0.0	0.628566	-0.6966829999999999	-0.345742	0.0	-2.16855	-1.98332	-2.01746	0.35686999999999997	0.21764899999999998	-0.07692210000000001	-0.9729909999999999	0.0	-0.21843	-0.9754440000000001	0.0282553	0.0	-0.9512709999999999	0.20638099999999998	-0.229106	0.0	3.0744	-2.99758	-1.72112	0.26335	
