0	-0.0430111	0.45959700000000003	-0.887086	0.0	0.33427399999999996	0.843354	0.420732	0.0	0.941494	-0.278434	-0.189905	0.0	-2.86998	1.9899	1.3715700000000002	0.0	0.0503837	0.600224	-0.798244	0.0	-0.333767	-0.743186	-0.5798909999999999	0.0	-0.941308	0.295645	0.16289	0.0	2.72702	1.93013	1.49181	0.0	
0	-0.0771794	0.468546	-0.8800610000000001	0.0	0.318457	0.8480409999999999	0.42357	0.0	0.94479	-0.247571	-0.21466300000000002	0.0	-2.90108	2.05114	1.30018	0.0	0.0875492	0.633142	-0.769069	0.0	-0.284986	-0.723847	-0.628355	0.0	-0.954525	0.274186	0.11706400000000002	0.0	2.74525	1.8681900000000002	1.40711	0.0	
0	-0.127681	0.46420100000000003	-0.8764790000000001	0.0	0.278587	0.86492	0.417496	0.0	0.951886	-0.190869	-0.239754	0.0	-2.92312	2.31402	1.1032799999999998	0.227505	0.21154499999999998	0.695501	-0.686678	0.0	-0.306492	-0.619934	-0.7223189999999999	0.0	-0.928069	0.363265	0.0820213	0.0	2.86753	1.9221599999999999	1.11582	0.262827	
0	-0.118798	0.594647	-0.795162	0.0	0.308145	0.783371	0.5397930000000001	0.0	0.943893	-0.180899	-0.2763	0.0	-2.80329	2.47833	0.8487629999999999	0.363993	0.214461	0.702661	-0.6784359999999999	0.0	-0.301352	-0.613109	-0.730263	0.0	-0.929082	0.361061	0.0802605	0.0	2.86375	1.9499400000000002	0.9572459999999999	0.311104	
0	0.12271199999999999	0.6794520000000001	-0.723386	0.0	0.508039	0.5831430000000001	0.6339090000000001	0.0	0.852548	-0.445297	-0.273629	0.0	-2.89967	2.0507400000000002	0.777353	0.363973	0.123973	0.743109	-0.657587	0.0	-0.0954594	-0.650694	-0.753316	0.0	-0.987683	0.156164	-0.00973216	0.0	2.7057	1.54567	0.928817	0.354485	
0	0.189224	0.6993060000000001	-0.689322	0.0	0.550603	0.505692	0.664162	0.0	0.813038	-0.505219	-0.289351	0.0	-2.97107	2.01145	0.7384539999999999	0.36399000000000004	0.0915753	0.773014	-0.627745	0.0	0.0412796	-0.632799	-0.773215	0.0	-0.994942	0.0448944	-0.0898587	0.0	2.68089	1.39834	0.892064	0.354652	
0	0.19042699999999999	0.7064819999999999	-0.681631	0.0	0.574291	0.48296400000000006	0.661012	0.0	0.796196	-0.517329	-0.313757	0.0	-3.05963	2.04229	0.6367520000000001	0.36397199999999996	0.090324	0.7706890000000001	-0.630777	0.0	0.0995043	-0.637181	-0.764264	0.0	-0.9909290000000001	0.00626644	-0.13424	0.0	2.69181	1.38303	0.8316180000000001	0.35579299999999997	
0	0.18879400000000002	0.724534	-0.662878	0.0	0.579045	0.46305	0.671038	0.0	0.793135	-0.510524	-0.332117	0.0	-3.15158	2.10814	0.538321	0.363996	0.107866	0.766808	-0.632749	0.0	0.134007	-0.641868	-0.755015	0.0	-0.985093	-0.00335234	-0.171993	0.0	2.75042	1.46571	0.769496	0.356296	
0	0.243546	0.742541	-0.623953	0.0	0.617421	0.37743699999999997	0.690168	0.0	0.7479819999999999	-0.55333	-0.36653800000000003	0.0	-3.21461	2.1314599999999997	0.475797	0.363996	0.0975055	0.7827310000000001	-0.6146739999999999	0.0	0.241439	-0.617771	-0.748376	0.0	-0.965505	-0.0754354	-0.249218	0.0	2.79773	1.4739	0.68637	0.356645	
0	0.337405	0.73865	-0.583571	0.0	0.640621	0.274063	0.717282	0.0	0.689755	-0.615862	-0.380725	0.0	-3.3107800000000003	1.95818	0.362099	0.364002	0.030566700000000002	0.79293	-0.608545	0.0	0.368883	-0.5748	-0.730432	0.0	-0.9289729999999999	-0.202155	-0.310068	0.0	2.8298200000000002	1.2099	0.506937	0.356734	
0	0.395436	0.7275689999999999	-0.560601	0.0	0.645104	0.21446300000000001	0.7333810000000001	0.0	0.653813	-0.651651	-0.38455100000000003	0.0	-3.41066	1.74804	0.154453	0.36399000000000004	-0.039375099999999996	0.817966	-0.573917	0.0	0.470538	-0.491516	-0.732807	0.0	-0.881501	-0.298904	-0.36553	0.0	2.87249	0.873693	0.301743	0.356656	
0	0.477613	0.689178	-0.5449039999999999	0.0	0.645594	0.14536300000000002	0.7497189999999999	0.0	0.5958979999999999	-0.709862	-0.375502	0.0	-3.46831	1.4915	-0.10269500000000001	0.363982	-0.0871248	0.8231629999999999	-0.56108	0.0	0.539786	-0.434367	-0.72108	0.0	-0.8372809999999999	-0.365687	-0.406488	0.0	2.91276	0.49565299999999995	0.013877100000000002	0.356454	
0	0.5674140000000001	0.65409	-0.500208	0.0	0.608875	0.0756835	0.789647	0.0	0.554358	-0.752621	-0.355315	0.0	-3.50455	1.1323299999999998	-0.433026	0.363975	-0.133253	0.820358	-0.556108	0.0	0.571493	-0.394828	-0.71938	0.0	-0.809716	-0.413671	-0.416217	0.0	2.88845	0.12196199999999999	-0.318231	0.356693	
0	0.625019	0.627199	-0.464728	0.0	0.5865239999999999	0.015529300000000001	0.809783	0.0	0.515112	-0.778704	-0.358161	0.0	-3.4887900000000003	0.856142	-0.7546970000000001	0.363994	-0.163104	0.816141	-0.5543560000000001	0.0	0.589196	-0.370108	-0.71824	0.0	-0.791357	-0.443772	-0.420501	0.0	2.81743	-0.177349	-0.649353	0.35664	
0	0.6622560000000001	0.600484	-0.448147	0.0	0.573487	-0.021300599999999996	0.818938	0.0	0.482213	-0.799353	-0.358476	0.0	-3.4757300000000004	0.647787	-1.02711	0.363987	-0.201182	0.812627	-0.5469579999999999	0.0	0.608808	-0.333702	-0.71972	0.0	-0.767385	-0.477786	-0.42759899999999995	0.0	2.74116	-0.40989899999999996	-0.8693379999999999	0.356279	
0	0.683661	0.5712520000000001	-0.45418000000000003	0.0	0.565851	-0.0218951	0.824217	0.0	0.460891	-0.820483	-0.338212	0.0	-3.4437300000000004	0.4	-1.23092	0.36399899999999996	-0.230765	0.809476	-0.539904	0.0	0.6183529999999999	-0.306417	-0.723705	0.0	-0.751257	-0.500857	-0.429831	0.0	2.65547	-0.6358	-1.0827799999999999	0.35615399999999997	
0	0.691611	0.564295	-0.45082700000000003	0.0	0.556645	-0.0187011	0.83054	0.0	0.460239	-0.825361	-0.327046	0.0	-3.43604	0.174032	-1.3853799999999998	0.363994	-0.244797	0.8052	-0.540118	0.0	0.617895	-0.299734	-0.726888	0.0	-0.747182	-0.511676	-0.424155	0.0	2.61184	-0.817133	-1.23274	0.35572800000000004	
0	0.695041	0.552277	-0.46033599999999997	0.0	0.556642	-0.0081146	0.8307129999999999	0.0	0.45504799999999995	-0.833622	-0.31306	0.0	-3.41784	0.00220005	-1.4925	0.36399699999999996	-0.242775	0.80316	-0.544054	0.0	0.612637	-0.30790300000000004	-0.7279220000000001	0.0	-0.752154	-0.510029	-0.41729499999999997	0.0	2.5478099999999997	-0.8823489999999999	-1.29477	0.355758	
0	0.695396	0.551028	-0.46129499999999996	0.0	0.555247	-0.00448335	0.831673	0.0	0.456207	-0.834475	-0.30907399999999996	0.0	-3.40636	-0.0997375	-1.54719	0.363971	-0.24113800000000002	0.8016800000000001	-0.5469569999999999	0.0	0.60912	-0.313733	-0.7283850000000001	0.0	-0.75553	-0.508804	-0.412666	0.0	2.48454	-0.904107	-1.29694	0.35565	
0	0.692114	0.551372	-0.465797	0.0	0.5576369999999999	0.00127379	0.830084	0.0	0.458279	-0.8342579999999999	-0.306584	0.0	-3.4173199999999997	-0.171966	-1.51276	0.363956	-0.24285900000000002	0.797415	-0.552404	0.0	0.6098279999999999	-0.31735599999999997	-0.72622	0.0	-0.7544069999999999	-0.5132399999999999	-0.409213	0.0	2.41818	-0.9196110000000001	-1.2756100000000001	0.355539	
0	0.682384	0.557057	-0.47332799999999997	0.0	0.561684	0.0148308	0.827219	0.0	0.46782799999999997	-0.830342	-0.30277	0.0	-3.4192	-0.19278299999999998	-1.49361	0.36398400000000003	-0.245101	0.793539	-0.556976	0.0	0.60636	-0.322794	-0.726727	0.0	-0.756474	-0.515849	-0.402053	0.0	2.3498900000000003	-0.9326530000000001	-1.25442	0.355356	
0	0.681483	0.554387	-0.47774099999999997	0.0	0.563621	0.0188125	0.8258200000000001	0.0	0.466811	-0.832047	-0.299643	0.0	-3.4139	-0.197738	-1.47092	0.363982	-0.244583	0.791007	-0.560793	0.0	0.605244	-0.327306	-0.725639	0.0	-0.7575350000000001	-0.516895	-0.398698	0.0	2.31365	-0.9262729999999999	-1.23501	0.35509	
0	0.679044	0.551906	-0.484045	0.0	0.567444	0.0237081	0.8230709999999999	0.0	0.46573400000000004	-0.83357	-0.297077	0.0	-3.41661	-0.195702	-1.44335	0.36395500000000003	-0.246007	0.789371	-0.562472	0.0	0.6059869999999999	-0.327651	-0.724862	0.0	-0.756479	-0.519171	-0.397744	0.0	2.299	-0.914326	-1.21686	0.35465100000000005	
0	0.666099	0.557222	-0.49579799999999996	0.0	0.578849	0.0330025	0.814767	0.0	0.470369	-0.829707	-0.300564	0.0	-3.4783199999999996	-0.14877	-1.38511	0.36398400000000003	-0.245542	0.786187	-0.5671149999999999	0.0	0.606846	-0.331549	-0.722367	0.0	-0.755942	-0.521522	-0.395685	0.0	2.29996	-0.905113	-1.20092	0.354613	
0	0.662342	0.558569	-0.499303	0.0	0.583928	0.0326699	0.811148	0.0	0.469394	-0.8288139999999999	-0.304525	0.0	-3.50777	-0.12896	-1.38954	0.36398600000000003	-0.24530500000000002	0.78423	-0.56992	0.0	0.604867	-0.335607	-0.7221529999999999	0.0	-0.757603	-0.5218729999999999	-0.39202800000000004	0.0	2.2988	-0.9021370000000001	-1.19308	0.354609	
0	0.652419	0.561772	-0.508686	0.0	0.592064	0.0411826	0.804838	0.0	0.47308500000000003	-0.826266	-0.305737	0.0	-3.5458800000000004	-0.10878399999999999	-1.36913	0.36396999999999996	-0.245736	0.780818	-0.574401	0.0	0.6024149999999999	-0.34122600000000003	-0.7215689999999999	0.0	-0.759415	-0.523343	-0.386525	0.0	2.29469	-0.8909370000000001	-1.1584299999999998	0.354652	
0	0.651695	0.562012	-0.50935	0.0	0.592693	0.041707	0.804348	0.0	0.473297	-0.8260770000000001	-0.30591999999999997	0.0	-3.54754	-0.10905	-1.36755	0.36398	-0.245685	0.7806029999999999	-0.574715	0.0	0.6022649999999999	-0.341643	-0.721496	0.0	-0.75955	-0.523392	-0.386194	0.0	2.2955400000000004	-0.889842	-1.16028	0.354638	
0	0.651704	0.562008	-0.509342	0.0	0.592685	0.0417006	0.804354	0.0	0.473293	-0.8260799999999999	-0.30591799999999997	0.0	-3.5475	-0.10906400000000001	-1.36758	0.36398	-0.245684	0.7806069999999999	-0.574711	0.0	0.602268	-0.341638	-0.721497	0.0	-0.759548	-0.523389	-0.3862	0.0	2.2955400000000004	-0.889857	-1.1603	0.354637	
0	0.651704	0.562008	-0.509342	0.0	0.592685	0.0417006	0.804354	0.0	0.473293	-0.8260799999999999	-0.305917	0.0	-3.5475	-0.10906400000000001	-1.36758	0.36398	-0.24568299999999998	0.7806069999999999	-0.57471	0.0	0.602267	-0.341638	-0.721497	0.0	-0.759548	-0.523389	-0.3862	0.0	2.2955400000000004	-0.889857	-1.1603	0.354638	
0	0.651704	0.562008	-0.509342	0.0	0.592685	0.0417006	0.804354	0.0	0.473293	-0.8260799999999999	-0.305917	0.0	-3.5475	-0.10906400000000001	-1.36758	0.36398	-0.24568299999999998	0.7806069999999999	-0.57471	0.0	0.602267	-0.341638	-0.721497	0.0	-0.759548	-0.523389	-0.3862	0.0	2.2955400000000004	-0.889857	-1.16031	0.354638	
0	0.651704	0.562008	-0.509342	0.0	0.592685	0.0417006	0.804354	0.0	0.473293	-0.8260799999999999	-0.305917	0.0	-3.5475	-0.10906400000000001	-1.36758	0.36398	-0.24568299999999998	0.7806069999999999	-0.57471	0.0	0.602267	-0.341638	-0.721497	0.0	-0.759548	-0.523389	-0.3862	0.0	2.2955400000000004	-0.889858	-1.16031	0.354638	
0	0.651704	0.562008	-0.509342	0.0	0.592685	0.0417006	0.804354	0.0	0.473293	-0.8260799999999999	-0.305917	0.0	-3.5475	-0.10906400000000001	-1.36758	0.36398	-0.24568299999999998	0.7806069999999999	-0.574711	0.0	0.602267	-0.341638	-0.721497	0.0	-0.759548	-0.523389	-0.3862	0.0	2.2955400000000004	-0.889857	-1.16031	0.354638	
0	0.651704	0.562008	-0.509342	0.0	0.592685	0.0417006	0.804354	0.0	0.473293	-0.8260799999999999	-0.305917	0.0	-3.5475	-0.10906400000000001	-1.36758	0.36398	-0.24568299999999998	0.7806069999999999	-0.574711	0.0	0.602267	-0.341638	-0.721497	0.0	-0.759548	-0.523389	-0.3862	0.0	2.2955400000000004	-0.889857	-1.16031	0.354638	
0	0.651704	0.562008	-0.509342	0.0	0.592685	0.0417006	0.804354	0.0	0.473293	-0.8260799999999999	-0.305917	0.0	-3.5475	-0.10906400000000001	-1.36758	0.36398	-0.24568299999999998	0.7806069999999999	-0.574711	0.0	0.602267	-0.341638	-0.721497	0.0	-0.759548	-0.523389	-0.3862	0.0	2.2955400000000004	-0.889857	-1.16031	0.354638	
0	0.651704	0.562008	-0.509342	0.0	0.592685	0.0417006	0.804354	0.0	0.473293	-0.8260799999999999	-0.305917	0.0	-3.5475	-0.10906500000000001	-1.36758	0.36398	-0.24568299999999998	0.7806069999999999	-0.57471	0.0	0.602267	-0.341638	-0.721497	0.0	-0.759548	-0.523389	-0.3862	0.0	2.2955400000000004	-0.889858	-1.16031	0.354638	
0	0.651704	0.562008	-0.509342	0.0	0.592685	0.0417006	0.804354	0.0	0.473293	-0.8260799999999999	-0.305917	0.0	-3.5475	-0.10906500000000001	-1.36758	0.36398	-0.24568299999999998	0.7806069999999999	-0.574711	0.0	0.602267	-0.341638	-0.721497	0.0	-0.759548	-0.523389	-0.3862	0.0	2.2955400000000004	-0.889857	-1.16031	0.354638	
0	0.651704	0.562008	-0.509342	0.0	0.592685	0.0417006	0.804354	0.0	0.473293	-0.8260799999999999	-0.305917	0.0	-3.5475	-0.10906500000000001	-1.36758	0.36398	-0.24568299999999998	0.7806069999999999	-0.57471	0.0	0.602267	-0.341638	-0.721497	0.0	-0.759548	-0.523389	-0.3862	0.0	2.2955400000000004	-0.889857	-1.16031	0.354638	
0	0.651704	0.562008	-0.509342	0.0	0.592685	0.0417006	0.804354	0.0	0.473293	-0.8260799999999999	-0.305917	0.0	-3.5475	-0.10906500000000001	-1.36758	0.36398	-0.24568299999999998	0.7806069999999999	-0.57471	0.0	0.602267	-0.341638	-0.721497	0.0	-0.759548	-0.523389	-0.3862	0.0	2.2955400000000004	-0.889857	-1.16031	0.354638	
0	0.651704	0.562008	-0.509342	0.0	0.592685	0.0417006	0.804354	0.0	0.473293	-0.8260799999999999	-0.305917	0.0	-3.5475	-0.10906500000000001	-1.36758	0.36398	-0.24568299999999998	0.7806069999999999	-0.57471	0.0	0.602267	-0.341638	-0.721497	0.0	-0.759548	-0.523389	-0.3862	0.0	2.2955400000000004	-0.889857	-1.16031	0.354638	
0	0.397536	0.690422	-0.604386	0.0	0.716158	0.17833	0.674771	0.0	0.573657	-0.701082	-0.423559	0.0	-3.62699	-0.238292	-1.43662	0.363987	-0.160497	0.907285	-0.388683	0.0	0.482806	-0.271298	-0.832644	0.0	-0.860894	-0.321295	-0.3945	0.0	2.26777	-0.9342	-1.18062	0.356234	
0	0.563609	0.593611	-0.574431	0.0	0.661883	0.0915298	0.7439979999999999	0.0	0.49422299999999997	-0.79953	-0.341314	0.0	-3.76597	-0.5967819999999999	-1.49415	0.36394899999999997	-0.207405	0.90523	-0.370867	0.0	0.481368	-0.23559899999999998	-0.8442620000000001	0.0	-0.851627	-0.353627	-0.386884	0.0	2.26812	-1.0660100000000001	-1.30185	0.356504	
0	0.747999	0.389447	-0.537428	0.0	0.569575	0.039013099999999995	0.8210129999999999	0.0	0.340708	-0.920222	-0.192637	0.0	-3.87716	-1.16228	-1.48401	0.363966	-0.243263	0.899956	-0.36180300000000004	0.0	0.47322600000000004	-0.21548499999999998	-0.8541799999999999	0.0	-0.8466879999999999	-0.37900500000000004	-0.37346399999999996	0.0	2.2265099999999998	-1.21215	-1.38435	0.35697399999999996	
0	0.797433	0.324989	-0.508412	0.0	0.527303	0.034292500000000004	0.848985	0.0	0.293346	-0.9450959999999999	-0.144022	0.0	-3.9982900000000003	-1.60601	-1.6386	0.363978	-0.264499	0.8914270000000001	-0.367964	0.0	0.464239	-0.216743	-0.8587809999999999	0.0	-0.8452940000000001	-0.39797	-0.356507	0.0	2.1597299999999997	-1.3365799999999999	-1.45014	0.357183	
0	0.795358	0.275611	-0.539856	0.0	0.548783	0.0507565	0.8344229999999999	0.0	0.257377	-0.9599280000000001	-0.110881	0.0	-3.96388	-1.93212	-1.82223	0.363983	-0.27463000000000004	0.884259	-0.37771	0.0	0.456801	-0.22567600000000002	-0.860467	0.0	-0.846116	-0.408848	-0.341953	0.0	2.08269	-1.43031	-1.48924	0.35709	
0	0.8006260000000001	0.23669400000000002	-0.550431	0.0	0.5552279999999999	0.052214800000000006	0.8300569999999999	0.0	0.22521100000000002	-0.9701799999999999	-0.08961489999999998	0.0	-3.8908	-2.22021	-2.02747	0.36396799999999996	-0.28147300000000003	0.8770540000000001	-0.389292	0.0	0.451395	-0.236981	-0.860281	0.0	-0.8467680000000001	-0.41786999999999996	-0.32919499999999996	0.0	2.00354	-1.5312	-1.51132	0.35691300000000004	
0	0.7933439999999999	0.198257	-0.5755859999999999	0.0	0.574549	0.0687086	0.815581	0.0	0.201243	-0.9777389999999999	-0.059399	0.0	-3.81385	-2.45719	-2.20321	0.363979	-0.282121	0.873049	-0.39773600000000003	0.0	0.446455	-0.24747800000000003	-0.8599030000000001	0.0	-0.849168	-0.42016800000000004	-0.319958	0.0	1.95327	-1.5691	-1.48995	0.356978	
0	0.7409939999999999	0.166981	-0.650419	0.0	0.6419699999999999	0.107973	0.759089	0.0	0.196982	-0.98003	-0.0271894	0.0	-3.7239199999999997	-2.68967	-2.38026	0.36396300000000004	-0.286661	0.868042	-0.405375	0.0	0.45125600000000005	-0.250913	-0.8563940000000001	0.0	-0.8451	-0.42842299999999994	-0.319782	0.0	1.93556	-1.58545	-1.45871	0.356348	
0	0.662431	0.16833800000000002	-0.7299640000000001	0.0	0.71837	0.133579	0.682716	0.0	0.21243499999999998	-0.9766370000000001	-0.032442200000000004	0.0	-3.61631	-2.77852	-2.4567799999999997	0.363977	-0.29099200000000003	0.8642219999999999	-0.41042	0.0	0.455189	-0.252258	-0.853914	0.0	-0.8415020000000001	-0.43530100000000005	-0.31998000000000004	0.0	1.95145	-1.59965	-1.42212	0.356462	
0	0.611041	0.116976	-0.7829079999999999	0.0	0.770191	0.140601	0.622123	0.0	0.182852	-0.983132	-0.00418082	0.0	-3.54619	-2.90295	-2.43246	0.363971	-0.293552	0.860135	-0.417128	0.0	0.45934899999999995	-0.255754	-0.85064	0.0	-0.838347	-0.44131400000000004	-0.320025	0.0	1.9809900000000003	-1.60588	-1.3896600000000001	0.355983	
0	0.5721	0.08197810000000001	-0.816077	0.0	0.800184	0.162603	0.577292	0.0	0.18002200000000002	-0.9832799999999999	0.0274277	0.0	-3.4774	-3.04221	-2.4420900000000003	0.363982	-0.294081	0.856442	-0.424292	0.0	0.461108	-0.261714	-0.8478709999999999	0.0	-0.8371959999999999	-0.44498699999999997	-0.317947	0.0	2.0209900000000003	-1.5903100000000001	-1.35159	0.355713	
0	0.5217930000000001	0.041181300000000004	-0.8520780000000001	0.0	0.8336399999999999	0.187365	0.5195569999999999	0.0	0.181046	-0.981427	0.0634352	0.0	-3.4016699999999997	-3.17079	-2.38141	0.363586	-0.293966	0.8550479999999999	-0.42717299999999997	0.0	0.459977	-0.26521100000000003	-0.847398	0.0	-0.837857	-0.445596	-0.31534	0.0	2.05596	-1.5724	-1.32643	0.355662	
0	0.49429399999999996	0.017387200000000002	-0.8691209999999999	0.0	0.8417629999999999	0.24005700000000002	0.483537	0.0	0.21704600000000002	-0.9706030000000001	0.104023	0.0	-3.4214300000000004	-3.22614	-2.36858	0.36049899999999996	-0.29482600000000003	0.855875	-0.424918	0.0	0.45712299999999995	-0.264171	-0.849266	0.0	-0.839117	-0.444625	-0.31335599999999997	0.0	2.06546	-1.5824799999999999	-1.3139399999999999	0.355596	
0	0.494863	0.015253200000000001	-0.8688370000000001	0.0	0.8394719999999999	0.249916	0.48252399999999995	0.0	0.224496	-0.968148	0.11086900000000001	0.0	-3.2942400000000003	-3.30524	-2.2656400000000003	0.363336	-0.295634	0.8560909999999999	-0.42391999999999996	0.0	0.453668	-0.264709	-0.85095	0.0	-0.840706	-0.443888	-0.31012399999999996	0.0	2.0714200000000003	-1.59643	-1.31192	0.355485	
0	0.5071319999999999	0.0123679	-0.8617799999999999	0.0	0.8309620000000001	0.258349	0.492704	0.0	0.22873400000000002	-0.965973	0.12074000000000001	0.0	-3.2452799999999997	-3.3597599999999996	-2.24802	0.36374	-0.294585	0.8558979999999999	-0.42503900000000006	0.0	0.45303999999999994	-0.266536	-0.8507129999999999	0.0	-0.841412	-0.443168	-0.309239	0.0	2.07531	-1.59218	-1.3059	0.355441	
0	0.519065	0.00647396	-0.8547100000000001	0.0	0.82358	0.263732	0.502157	0.0	0.228665	-0.9645739999999999	0.13156199999999998	0.0	-3.25074	-3.38429	-2.26411	0.363811	-0.291777	0.8545950000000001	-0.42957399999999996	0.0	0.45022	-0.273543	-0.849986	0.0	-0.843901	-0.441409	-0.30494299999999996	0.0	2.07645	-1.57219	-1.29473	0.35505	
0	0.535017	-0.0077242000000000005	-0.844806	0.0	0.818366	0.25311	0.515958	0.0	0.209844	-0.967407	0.141739	0.0	-3.25651	-3.3839099999999998	-2.26864	0.363722	-0.288166	0.850331	-0.440338	0.0	0.444742	-0.288393	-0.847959	0.0	-0.848036	-0.44018999999999997	-0.295073	0.0	2.03511	-1.56002	-1.2729700000000002	0.355184	
0	0.538462	-0.0133031	-0.8425450000000001	0.0	0.825784	0.20738099999999998	0.524475	0.0	0.167751	-0.9781700000000001	0.122652	0.0	-3.26847	-3.39336	-2.26409	0.365058	-0.283107	0.844777	-0.45409499999999997	0.0	0.437457	-0.307607	-0.8449909999999999	0.0	-0.853511	-0.43787	-0.282468	0.0	1.9906099999999998	-1.53505	-1.2171100000000001	0.35518299999999997	
0	0.536341	-0.0358401	-0.84324	0.0	0.839205	0.129005	0.528292	0.0	0.0898479	-0.9909959999999999	0.09926760000000001	0.0	-3.33483	-3.5182300000000004	-2.2356700000000003	0.364188	-0.280579	0.839274	-0.46571899999999994	0.0	0.431447	-0.323146	-0.842276	0.0	-0.8573959999999999	-0.437258	-0.271435	0.0	1.9668599999999998	-1.5016	-1.16029	0.355196	
0	0.547914	-0.0465464	-0.835239	0.0	0.835835	0.07129160000000001	0.5443319999999999	0.0	0.0342089	-0.9963690000000001	0.07796669999999999	0.0	-3.38559	-3.62526	-2.2320599999999997	0.357095	-0.279366	0.8351729999999999	-0.47375100000000003	0.0	0.423896	-0.335436	-0.841305	0.0	-0.861549	-0.435854	-0.260317	0.0	1.94622	-1.4606299999999999	-1.11141	0.355254	
0	0.5529229999999999	-0.0485786	-0.831815	0.0	0.833232	0.031641300000000004	0.552017	0.0	-0.0004964769999999999	-0.998318	0.0579725	0.0	-3.39183	-3.6348	-2.2244	0.355615	-0.276627	0.832649	-0.479763	0.0	0.418937	-0.344816	-0.8399969999999999	0.0	-0.8648520000000001	-0.433356	-0.253442	0.0	1.9434200000000001	-1.4403	-1.08734	0.354986	
0	0.558184	-0.0498222	-0.8282200000000001	0.0	0.829635	0.019504300000000002	0.5579649999999999	0.0	-0.0116451	-0.998568	0.0522212	0.0	-3.3946199999999997	-3.63918	-2.2257	0.355875	-0.27307800000000004	0.8291229999999999	-0.487836	0.0	0.414347	-0.35628699999999996	-0.837482	0.0	-0.868185	-0.430832	-0.24625100000000003	0.0	1.9454099999999999	-1.40142	-1.04051	0.355	
0	0.557933	-0.0510524	-0.828314	0.0	0.8297	0.013148599999999998	0.558056	0.0	-0.0175988	-0.998609	0.049694199999999994	0.0	-3.39335	-3.6405	-2.22472	0.35600000000000004	-0.270584	0.8251959999999999	-0.49581899999999995	0.0	0.410084	-0.367167	-0.8348770000000001	0.0	-0.870985	-0.42923199999999995	-0.23905	0.0	1.9468299999999998	-1.35952	-0.996439	0.354878	
0	0.543691	-0.0633103	-0.836894	0.0	0.838456	-0.0033369999999999997	0.5449579999999999	0.0	-0.0372941	-0.9979879999999999	0.051268600000000004	0.0	-3.39172	-3.64782	-2.2262299999999997	0.35833000000000004	-0.269258	0.821206	-0.503111	0.0	0.41183500000000006	-0.37404899999999996	-0.830951	0.0	-0.8705700000000001	-0.430939	-0.237486	0.0	1.94173	-1.3181200000000002	-0.9647370000000001	0.354625	
0	0.515792	-0.11975699999999999	-0.848302	0.0	0.852584	-0.0253578	0.521975	0.0	-0.0840211	-0.9924790000000001	0.0890233	0.0	-3.3953	-3.62549	-2.23997	0.28269099999999997	-0.267374	0.819737	-0.506501	0.0	0.405116	-0.381299	-0.830959	0.0	-0.874295	-0.427368	-0.23013899999999998	0.0	1.94396	-1.29691	-0.9478540000000001	0.35481799999999997	
0	0.509764	-0.122428	-0.8515590000000001	0.0	0.8574229999999999	-0.00877941	0.514537	0.0	-0.0704697	-0.992439	0.100497	0.0	-3.39569	-3.60483	-2.24859	0.192188	-0.266934	0.821076	-0.504559	0.0	0.402742	-0.380604	-0.8324299999999999	0.0	-0.875526	-0.42541	-0.229086	0.0	1.94652	-1.2907899999999999	-0.9413879999999999	0.355011	
0	0.481886	-0.120715	-0.8678790000000001	0.0	0.873991	-0.00460222	0.48591999999999996	0.0	-0.06265180000000001	-0.992677	0.10328599999999999	0.0	-3.4188699999999996	-3.6027199999999997	-2.2239299999999997	0.192517	-0.264785	0.823398	-0.5019020000000001	0.0	0.397179	-0.381158	-0.8348459999999999	0.0	-0.878714	-0.42039899999999997	-0.226111	0.0	1.9684099999999998	-1.28314	-0.942664	0.355292	
0	0.41684	-0.123224	-0.900589	0.0	0.90702	-0.00864026	0.42099899999999996	0.0	-0.0596586	-0.992341	0.10816500000000001	0.0	-3.46861	-3.60229	-2.17618	0.19262200000000002	-0.260758	0.8254030000000001	-0.500714	0.0	0.39273	-0.38310700000000003	-0.8360569999999999	0.0	-0.881912	-0.414654	-0.224262	0.0	1.97427	-1.27699	-0.946068	0.355944	
0	0.320146	-0.109838	-0.9409799999999999	0.0	0.946664	-0.00121495	0.322221	0.0	-0.0365353	-0.993949	0.10359000000000002	0.0	-3.53895	-3.60285	-2.10917	0.192211	-0.236102	0.8307610000000001	-0.504076	0.0	0.38061999999999996	-0.398229	-0.834592	0.0	-0.894083	-0.388909	-0.22218200000000002	0.0	2.01228	-1.27557	-0.9864360000000001	0.35649400000000003	
0	0.25996199999999997	-0.037712800000000005	-0.964882	0.0	0.9616290000000001	0.100854	0.255144	0.0	0.0876896	-0.994186	0.062483800000000006	0.0	-3.6373300000000004	-3.5926199999999997	-2.07954	0.19222	-0.200416	0.83176	-0.517695	0.0	0.361045	-0.428521	-0.828261	0.0	-0.910758	-0.352908	-0.214421	0.0	2.08759	-1.30279	-1.06823	0.35664	
0	0.246549	0.05871900000000001	-0.96735	0.0	0.951843	0.17302	0.25309899999999996	0.0	0.182233	-0.983166	-0.0132333	0.0	-3.69461	-3.412	-2.05514	0.192001	-0.18847	0.837936	-0.5121939999999999	0.0	0.3462	-0.43137299999999995	-0.8331049999999999	0.0	-0.919035	-0.334337	-0.20879299999999998	0.0	2.1297200000000003	-1.34004	-1.1132799999999998	0.35678000000000004	
0	0.22924099999999997	0.146946	-0.9622139999999999	0.0	0.942729	0.21256	0.25706100000000004	0.0	0.242302	-0.966036	-0.0898023	0.0	-3.7301800000000003	-2.85093	-2.11062	0.192199	-0.184173	0.846799	-0.49901	0.0	0.339706	-0.42156899999999997	-0.8407620000000001	0.0	-0.922323	-0.324362	-0.210021	0.0	2.15287	-1.4285	-1.1699700000000002	0.356748	
0	0.22014099999999998	0.196427	-0.9554870000000001	0.0	0.935544	0.234848	0.263826	0.0	0.27621599999999996	-0.9519790000000001	-0.13206600000000002	0.0	-3.86499	-2.38285	-2.01494	0.192128	-0.183367	0.846575	-0.499688	0.0	0.341629	-0.42174799999999996	-0.839892	0.0	-0.921774	-0.324716	-0.21188	0.0	2.15841	-1.47967	-1.19328	0.356734	
0	0.201979	0.300734	-0.932075	0.0	0.917134	0.27581700000000003	0.287734	0.0	0.343614	-0.912953	-0.220104	0.0	-3.80418	-1.54324	-1.93009	0.192212	-0.182203	0.840942	-0.509528	0.0	0.342186	-0.43157799999999996	-0.8346549999999999	0.0	-0.921798	-0.32643	-0.20912399999999998	0.0	2.13994	-1.6172799999999998	-1.24065	0.356848	
1	0.196663	0.364129	-0.9103479999999999	0.0	0.9022110000000001	0.29628499999999997	0.313416	0.0	0.383846	-0.882964	-0.270253	0.0	-3.7224199999999996	-1.0412299999999999	-1.854	0.19225899999999999	-0.180068	0.83959	-0.5125069999999999	0.0	0.341649	-0.435204	-0.83299	0.0	-0.922416	-0.32509299999999997	-0.208479	0.0	2.12498	-1.66172	-1.26017	0.356806	
1	0.21188200000000001	0.41483100000000006	-0.884885	0.0	0.8790540000000001	0.314753	0.358042	0.0	0.427047	-0.8537239999999999	-0.297969	0.0	-3.6137099999999998	-0.7488319999999999	-1.78016	0.192153	-0.17699	0.8370139999999999	-0.517766	0.0	0.341026	-0.441328	-0.8300190000000001	0.0	-0.923242	-0.323477	-0.207333	0.0	2.0798799999999997	-1.67305	-1.26892	0.357076	
1	0.285694	0.464557	-0.838192	0.0	0.838722	0.30191100000000004	0.453205	0.0	0.463599	-0.8324879999999999	-0.30338000000000004	0.0	-3.4155300000000004	-0.637117	-1.7507099999999998	0.192211	-0.164936	0.8332450000000001	-0.52773	0.0	0.335609	-0.455717	-0.8244319999999999	0.0	-0.92745	-0.31309000000000003	-0.20448	0.0	2.04326	-1.6631	-1.28419	0.35735100000000003	
1	0.340034	0.486271	-0.804933	0.0	0.814531	0.275506	0.510526	0.0	0.47001800000000005	-0.8292379999999999	-0.30240100000000003	0.0	-3.25609	-0.650141	-1.75885	0.192212	-0.143814	0.826622	-0.544072	0.0	0.330445	-0.47811800000000004	-0.813763	0.0	-0.9328040000000001	-0.29681599999999997	-0.20439300000000002	0.0	2.01333	-1.65498	-1.31264	0.357765	
1	0.425947	0.517573	-0.742083	0.0	0.767825	0.22704699999999997	0.599079	0.0	0.478555	-0.824965	-0.300696	0.0	-2.87759	-0.757061	-1.81677	0.192211	-0.064497	0.779997	-0.622451	0.0	0.316262	-0.575619	-0.754083	0.0	-0.946477	-0.24549400000000002	-0.209558	0.0	1.8801700000000001	-1.65698	-1.41384	0.35879099999999997	
1	0.46983	0.527604	-0.707739	0.0	0.736317	0.208012	0.6438699999999999	0.0	0.486926	-0.8236290000000001	-0.290754	0.0	-2.66056	-0.913035	-1.90694	0.192216	0.00337756	0.736804	-0.676098	0.0	0.297396	-0.646251	-0.702792	0.0	-0.9547479999999999	-0.198695	-0.221306	0.0	1.7402099999999998	-1.66061	-1.5185	0.359026	
1	0.505791	0.519461	-0.68872	0.0	0.713162	0.197403	0.6726310000000001	0.0	0.485361	-0.8313799999999999	-0.270615	0.0	-2.43526	-1.10563	-1.97658	0.19226400000000002	0.0639037	0.6808810000000001	-0.729601	0.0	0.260947	-0.71706	-0.6463220000000001	0.0	-0.9632360000000001	-0.149085	-0.22349699999999997	0.0	1.58431	-1.6836	-1.65685	0.359185	
1	0.543917	0.516996	-0.6609619999999999	0.0	0.6882229999999999	0.175818	0.703873	0.0	0.480108	-0.8377370000000001	-0.260178	0.0	-2.2477400000000003	-1.26732	-2.03321	0.192207	0.12398699999999999	0.627444	-0.768727	0.0	0.225316	-0.772271	-0.5939949999999999	0.0	-0.9663639999999999	-0.0995587	-0.237125	0.0	1.43545	-1.71185	-1.8306	0.359128	
1	0.5814229999999999	0.516638	-0.628517	0.0	0.665209	0.142926	0.73285	0.0	0.468449	-0.844191	-0.26057199999999997	0.0	-2.05858	-1.43254	-2.12112	0.19221300000000002	0.155547	0.570972	-0.8061	0.0	0.19156099999999998	-0.817976	-0.54242	0.0	-0.9690770000000001	-0.0700452	-0.236609	0.0	1.26881	-1.76883	-1.98957	0.358829	
1	0.596691	0.519947	-0.61124	0.0	0.655723	0.123168	0.744887	0.0	0.46258699999999997	-0.8452719999999999	-0.267448	0.0	-1.9787099999999997	-1.50736	-2.17441	0.192211	0.16154100000000002	0.540518	-0.825678	0.0	0.17940699999999998	-0.8388100000000001	-0.514015	0.0	-0.9704209999999999	-0.0650982	-0.232475	0.0	1.1889	-1.79662	-2.0499	0.35856	
1	0.6064350000000001	0.544259	-0.5796720000000001	0.0	0.6402909999999999	0.0979893	0.761857	0.0	0.47144899999999995	-0.833175	-0.28906	0.0	-1.8721900000000002	-1.60407	-2.267	0.19225799999999998	0.15625899999999998	0.500695	-0.851403	0.0	0.158635	-0.863524	-0.47870799999999997	0.0	-0.974894	-0.0602602	-0.214362	0.0	1.0566	-1.89713	-2.1564400000000004	0.35849200000000003	
1	0.6054430000000001	0.571416	-0.554006	0.0	0.631373	0.07897260000000002	0.7714479999999999	0.0	0.48456899999999997	-0.816852	-0.31296399999999996	0.0	-1.73744	-1.70843	-2.44513	0.192201	0.139166	0.485654	-0.863002	0.0	0.16558299999999998	-0.870626	-0.463242	0.0	-0.9763270000000001	-0.078431	-0.201578	0.0	0.906294	-2.00025	-2.23409	0.358688	
1	0.596735	0.5942930000000001	-0.539188	0.0	0.626898	0.0741758	0.775562	0.0	0.5009060000000001	-0.800821	-0.328297	0.0	-1.6669999999999998	-1.79741	-2.5512200000000003	0.192207	0.141311	0.46628100000000006	-0.8732770000000001	0.0	0.164623	-0.880915	-0.44372	0.0	-0.976182	-0.0810591	-0.201244	0.0	0.8178979999999999	-2.08414	-2.31356	0.35904	
1	0.595275	0.6033890000000001	-0.5306310000000001	0.0	0.619718	0.0755954	0.781176	0.0	0.511466	-0.793856	-0.328931	0.0	-1.61655	-1.85675	-2.59439	0.191951	0.136479	0.461474	-0.8765930000000001	0.0	0.172219	-0.882452	-0.43774399999999997	0.0	-0.975558	-0.0912228	-0.19991099999999998	0.0	0.7553880000000001	-2.1632700000000002	-2.3715200000000003	0.35991100000000004	
1	0.595151	0.603533	-0.530606	0.0	0.617116	0.0796903	0.782827	0.0	0.514746	-0.793346	-0.325022	0.0	-1.63104	-1.91725	-2.59694	0.19188	0.12720399999999998	0.45838500000000004	-0.879603	0.0	0.180141	-0.8827360000000001	-0.433967	0.0	-0.9753809999999999	-0.10325	-0.19486099999999998	0.0	0.741284	-2.21563	-2.37773	0.361626	
1	0.5945	0.602122	-0.532935	0.0	0.618741	0.0807349	0.781435	0.0	0.5135460000000001	-0.794312	-0.324561	0.0	-1.6350200000000001	-1.9433	-2.60429	0.191864	0.123776	0.45714899999999997	-0.880735	0.0	0.182251	-0.882935	-0.43267799999999995	0.0	-0.9754299999999999	-0.106959	-0.192603	0.0	0.737629	-2.24112	-2.39042	0.362295	
1	0.600956	0.5895630000000001	-0.5396920000000001	0.0	0.6094189999999999	0.0989151	0.786654	0.0	0.517166	-0.801643	-0.299847	0.0	-1.62382	-1.97826	-2.59554	0.192128	0.121749	0.44773	-0.885841	0.0	0.174361	-0.88825	-0.424983	0.0	-0.977126	-0.10271500000000001	-0.186211	0.0	0.744636	-2.27989	-2.37146	0.362791	
1	0.619875	0.571667	-0.537542	0.0	0.596774	0.101366	0.795981	0.0	0.509525	-0.8142	-0.27832199999999996	0.0	-1.62785	-2.01703	-2.5758900000000002	0.191901	0.114601	0.435118	-0.89305	0.0	0.162884	-0.8950370000000001	-0.415184	0.0	-0.979967	-0.097883	-0.17344600000000002	0.0	0.732984	-2.3357799999999997	-2.3338900000000002	0.36091100000000004	
1	0.635957	0.557159	-0.533978	0.0	0.586801	0.100277	0.8034979999999999	0.0	0.5012220000000001	-0.8243290000000001	-0.26316999999999996	0.0	-1.62893	-2.0498	-2.56831	0.191965	0.11284100000000001	0.428526	-0.8964559999999999	0.0	0.157639	-0.8985120000000001	-0.409666	0.0	-0.981028	-0.09508939999999999	-0.168942	0.0	0.725578	-2.38603	-2.3052200000000003	0.359426	
1	0.640373	0.553828	-0.532162	0.0	0.57545	0.11293900000000001	0.810001	0.0	0.508703	-0.8249360000000001	-0.246378	0.0	-1.59796	-2.15961	-2.47323	0.191959	0.11673499999999999	0.426284	-0.897026	0.0	0.159146	-0.899558	-0.406777	0.0	-0.9803299999999999	-0.0952727	-0.172851	0.0	0.698511	-2.33944	-2.34755	0.361308	
1	0.632011	0.561398	-0.534224	0.0	0.564153	0.139326	0.81383	0.0	0.5313140000000001	-0.815733	-0.228659	0.0	-1.40527	-2.2582299999999997	-2.33376	0.191906	0.117692	0.42135200000000006	-0.899228	0.0	0.165055	-0.901226	-0.400685	0.0	-0.9792370000000001	-0.101265	-0.17561400000000002	0.0	0.5781189999999999	-2.27955	-2.4137299999999997	0.360172	
1	0.599554	0.5831810000000001	-0.5481189999999999	0.0	0.558074	0.18625899999999998	0.808617	0.0	0.573662	-0.790701	-0.213785	0.0	-1.36649	-2.29583	-2.30912	0.19191	0.11772300000000001	0.41849899999999995	-0.9005549999999999	0.0	0.177689	-0.9011030000000001	-0.39552600000000004	0.0	-0.9770200000000001	-0.113456	-0.18044300000000002	0.0	0.600527	-2.24134	-2.4039200000000003	0.362219	
1	0.57348	0.592616	-0.56562	0.0	0.548933	0.23453400000000002	0.802288	0.0	0.608106	-0.770584	-0.190806	0.0	-1.32523	-2.30931	-2.28432	0.19188	0.113955	0.41164399999999995	-0.904192	0.0	0.183615	-0.903169	-0.38803699999999997	0.0	-0.9763709999999999	-0.121804	-0.178505	0.0	0.629446	-2.19711	-2.39118	0.363834	
1	0.571649	0.591672	-0.5684560000000001	0.0	0.546904	0.2417	0.801547	0.0	0.611648	-0.7690939999999999	-0.18542	0.0	-1.3042	-2.28694	-2.27075	0.192227	0.116869	0.408371	-0.9053040000000001	0.0	0.18116300000000002	-0.9050219999999999	-0.384857	0.0	-0.976484	-0.11903	-0.179751	0.0	0.647648	-2.17138	-2.3761400000000004	0.364744	
1	0.5587989999999999	0.598504	-0.5740529999999999	0.0	0.539822	0.26297	0.7996489999999999	0.0	0.629552	-0.756729	-0.17613800000000002	0.0	-1.2947600000000001	-2.26911	-2.24505	0.192279	0.11822	0.39377199999999996	-0.911574	0.0	0.179375	-0.911378	-0.370424	0.0	-0.9766520000000001	-0.11972200000000001	-0.178376	0.0	0.647492	-2.12793	-2.35225	0.36591	
1	0.540547	0.6157779999999999	-0.57326	0.0	0.535884	0.273271	0.798844	0.0	0.648566	-0.739013	-0.18226900000000001	0.0	-1.28389	-2.26764	-2.25558	0.19229200000000002	0.117627	0.384937	-0.915417	0.0	0.182506	-0.914494	-0.361098	0.0	-0.976143	-0.12459500000000001	-0.177823	0.0	0.64675	-2.08942	-2.3660099999999997	0.366178	
1	0.525944	0.640605	-0.5594720000000001	0.0	0.530125	0.26748099999999997	0.804625	0.0	0.665095	-0.719777	-0.19892	0.0	-1.28424	-2.2593400000000003	-2.25757	0.191919	0.108333	0.366722	-0.924002	0.0	0.201562	-0.918269	-0.34081500000000003	0.0	-0.973467	-0.149322	-0.173396	0.0	0.6381060000000001	-2.03767	-2.36263	0.366917	
1	0.506931	0.6724680000000001	-0.539266	0.0	0.524579	0.25574600000000003	0.812042	0.0	0.683987	-0.694537	-0.223117	0.0	-1.2822	-2.2579	-2.23265	0.192243	0.06461549999999999	0.328685	-0.942227	0.0	0.23976599999999998	-0.9216549999999999	-0.305066	0.0	-0.968678	-0.206202	-0.13836099999999998	0.0	0.6218319999999999	-1.96817	-2.34762	0.367191	
1	0.498434	0.691084	-0.523418	0.0	0.521728	0.24306599999999998	0.817753	0.0	0.692361	-0.680678	-0.239405	0.0	-1.27486	-2.23576	-2.23327	0.192236	0.0588793	0.308192	-0.9495	0.0	0.24997800000000003	-0.9253979999999999	-0.284868	0.0	-0.96646	-0.220581	-0.131528	0.0	0.6190640000000001	-1.92232	-2.34143	0.368157	
1	0.49190200000000006	0.724428	-0.482946	0.0	0.5163979999999999	0.20383800000000002	0.831735	0.0	0.700975	-0.658525	-0.273825	0.0	-1.28159	-2.14895	-2.21286	0.19225599999999998	0.0443935	0.284536	-0.9576370000000001	0.0	0.26459099999999997	-0.9276989999999999	-0.263375	0.0	-0.9633379999999999	-0.24169000000000002	-0.11647	0.0	0.598762	-1.80635	-2.29868	0.369971	
1	0.496957	0.736853	-0.45834600000000003	0.0	0.512891	0.176648	0.840082	0.0	0.699983	-0.652567	-0.290139	0.0	-1.27899	-2.1187400000000003	-2.20039	0.192233	0.036741199999999995	0.23918000000000003	-0.9702799999999999	0.0	0.29099899999999995	-0.931419	-0.21858200000000003	0.0	-0.956018	-0.27432	-0.103823	0.0	0.594252	-1.76515	-2.26308	0.369473	
1	0.500333	0.737082	-0.454288	0.0	0.514313	0.169077	0.8407709999999999	0.0	0.696527	-0.654311	-0.294495	0.0	-1.27614	-2.1350599999999997	-2.17653	0.19223900000000002	0.025196700000000002	0.191591	-0.981151	0.0	0.31790999999999997	-0.932048	-0.17383900000000002	0.0	-0.947786	-0.30753800000000003	-0.0843935	0.0	0.588083	-1.74147	-2.22981	0.31667399999999996	
1	0.502969	0.731326	-0.460634	0.0	0.5115109999999999	0.177729	0.8406950000000001	0.0	0.696691	-0.658463	-0.28468899999999997	0.0	-1.2454	-2.27082	-2.13332	0.19254000000000002	0.00295991	0.14854900000000001	-0.988901	0.0	0.404107	-0.90474	-0.134697	0.0	-0.9147069999999999	-0.399223	-0.06270790000000001	0.0	0.585951	-1.72553	-2.16856	0.136183	
1	0.500208	0.734653	-0.458342	0.0	0.512533	0.17544	0.8405540000000001	0.0	0.6979270000000001	-0.655367	-0.288777	0.0	-1.23377	-2.28095	-2.13584	0.192531	0.00238353	0.1551	-0.9878959999999999	0.0	0.412058	-0.9002829999999999	-0.140351	0.0	-0.9111549999999999	-0.406736	-0.0660562	0.0	0.595312	-1.72734	-2.16899	0.136141	
1	0.50198	0.733805	-0.45776300000000003	0.0	0.519787	0.16706300000000002	0.837802	0.0	0.691258	-0.6584979999999999	-0.29756	0.0	-1.1970299999999998	-2.28357	-2.18115	0.192437	0.0160577	0.188728	-0.9818979999999999	0.0	0.403487	-0.899739	-0.16633699999999998	0.0	-0.914845	-0.393512	-0.0905973	0.0	0.65268	-1.7372	-2.20352	0.13114	
1	0.485554	0.7450760000000001	-0.45727299999999993	0.0	0.524482	0.17019600000000001	0.8342370000000001	0.0	0.699397	-0.644899	-0.30814	0.0	-1.16089	-2.24758	-2.2424	0.192689	0.0407138	0.179197	-0.9829700000000001	0.0	0.344481	-0.9259860000000001	-0.154541	0.0	-0.93791	-0.332322	-0.09943060000000001	0.0	0.70487	-1.7088	-2.26907	0.127524	
1	0.358075	0.790672	-0.49661000000000005	0.0	0.473025	0.30495	0.826591	0.0	0.805003	-0.53089	-0.264813	0.0	-1.19982	-1.2189299999999998	-2.25085	0.354238	0.0665079	0.151555	-0.986209	0.0	0.30316	-0.9447409999999999	-0.12473800000000002	0.0	-0.950616	-0.29068299999999997	-0.108778	0.0	0.8629100000000001	-2.54665	-2.38088	0.12394200000000001	
1	0.346587	0.785246	-0.513095	0.0	0.479645	0.32172	0.8163560000000001	0.0	0.806113	-0.529042	-0.265135	0.0	-1.2321799999999998	-1.16117	-2.23568	0.352879	0.08158739999999999	0.12202	-0.9891690000000001	0.0	0.230818	-0.967809	-0.100347	0.0	-0.96957	-0.220131	-0.107125	0.0	1.01876	-2.53211	-2.48948	0.120157	
5	0.328559	0.763931	-0.555391	0.0	0.516314	0.347118	0.782898	0.0	0.790866	-0.543985	-0.28038	0.0	-1.52609	-1.25231	-2.25719	0.354953	0.10305999999999998	0.0838854	-0.991132	0.0	-0.00173211	-0.9964209999999999	-0.0845132	0.0	-0.994674	0.0104267	-0.102547	0.0	1.55655	-2.3285400000000003	-2.77929	0.11874900000000001	
5	0.322248	0.75653	-0.56905	0.0	0.5430729999999999	0.344627	0.765705	0.0	0.775389	-0.555783	-0.299796	0.0	-1.7835	-1.30984	-2.24844	0.354511	0.108616	0.0588754	-0.992339	0.0	-0.123142	-0.989759	-0.07220089999999998	0.0	-0.986427	0.13004100000000002	-0.100254	0.0	2.06198	-2.22074	-2.9359599999999997	0.116347	
5	0.326392	0.747627	-0.578379	0.0	0.56712	0.33463200000000004	0.7525930000000001	0.0	0.756203	-0.57365	-0.314773	0.0	-2.04218	-1.36819	-2.22841	0.354405	0.103049	0.0767067	-0.991714	0.0	-0.18546400000000002	-0.9780559999999999	-0.09492189999999999	0.0	-0.977233	0.193709	-0.0865615	0.0	2.48284	-2.25252	-3.0051900000000002	0.112247	
5	0.33326300000000003	0.74102	-0.5829449999999999	0.0	0.5857720000000001	0.321747	0.743875	0.0	0.738787	-0.589379	-0.326843	0.0	-2.2884700000000002	-1.44197	-2.22625	0.353934	0.0903085	0.10468	-0.990397	0.0	-0.229834	-0.965426	-0.122998	0.0	-0.969031	0.238734	-0.06312709999999999	0.0	2.89739	-2.34842	-3.0139	0.111918	
5	0.332608	0.7380140000000001	-0.587118	0.0	0.596654	0.317445	0.737043	0.0	0.730325	-0.595453	-0.334754	0.0	-2.40931	-1.46986	-2.2278700000000002	0.35373499999999997	0.0780892	0.125529	-0.9890120000000001	0.0	-0.23104499999999997	-0.9627540000000001	-0.140438	0.0	-0.9698040000000001	0.239473	-0.0461781	0.0	3.05641	-2.42512	-2.9813	0.111703	
5	0.337187	0.736063	-0.586955	0.0	0.615298	0.299578	0.729151	0.0	0.71254	-0.607013	-0.351885	0.0	-2.67181	-1.47892	-2.23106	0.353238	0.048362699999999995	0.17531300000000002	-0.983324	0.0	-0.171843	-0.9683370000000001	-0.181093	0.0	-0.9839370000000001	0.177735	-0.0167053	0.0	3.41545	-2.67782	-2.82897	0.11233199999999999	
5	0.33455999999999997	0.736641	-0.587733	0.0	0.620116	0.297527	0.725902	0.0	0.709596	-0.60732	-0.35726199999999997	0.0	-2.7654	-1.47141	-2.2359	0.353008	0.03860159999999999	0.179839	-0.9829379999999999	0.0	-0.119361	-0.975799	-0.183221	0.0	-0.9921	0.12439700000000001	-0.0162017	0.0	3.5775699999999997	-2.8547	-2.73667	0.114354	
