0	-0.213602	0.9404610000000001	-0.264401	0.0	0.22320500000000001	0.31046999999999997	0.924006	0.0	0.9510799999999999	0.138354	-0.27623200000000003	0.0	-2.85672	2.13678	1.31007	5.24521e-05	0.241525	0.5402680000000001	-0.806087	0.0	-0.21204	-0.781223	-0.587137	0.0	-0.946945	0.312731	-0.0741271	0.0	2.77373	2.17751	1.46296	0.00017402	
0	-0.203948	0.926732	-0.315552	0.0	0.216131	0.356996	0.908758	0.0	0.9548260000000001	0.11713900000000001	-0.273104	0.0	-2.88498	2.16757	1.3411799999999998	0.0	0.22832199999999997	0.529786	-0.81682	0.0	-0.20169	-0.795043	-0.5720390000000001	0.0	-0.952465	0.295354	-0.0746732	0.0	2.81639	2.2398700000000002	1.37247	0.0	
0	-0.213358	0.9107940000000001	-0.353458	0.0	0.217926	0.397041	0.891553	0.0	0.952358	0.113192	-0.283198	0.0	-2.86317	2.3308	1.28073	0.0	0.271248	0.5610890000000001	-0.782051	0.0	-0.21957800000000002	-0.7550140000000001	-0.61785	0.0	-0.9371290000000001	0.339312	-0.0815935	0.0	2.97143	2.45295	1.19651	0.0	
0	-0.279778	0.871734	-0.40224899999999997	0.0	0.187674	0.460557	0.867563	0.0	0.941543	0.167233	-0.292455	0.0	-2.88659	2.48445	1.1546	0.111542	0.388402	0.574261	-0.720672	0.0	-0.255019	-0.684542	-0.682912	0.0	-0.8855	0.449029	-0.11943	0.0	3.1588700000000003	2.71046	0.959686	0.263049	
0	-0.30236599999999997	0.8323889999999999	-0.46443900000000005	0.0	0.164873	0.525573	0.83462	0.0	0.938825	0.175787	-0.296154	0.0	-2.8193799999999998	2.6316599999999997	1.0796700000000001	0.351234	0.37594	0.564249	-0.735046	0.0	-0.26883	-0.692709	-0.669242	0.0	-0.886792	0.44919799999999993	-0.10873	0.0	3.27182	2.88358	0.938025	0.276177	
0	-0.294014	0.8414959999999999	-0.45325600000000005	0.0	0.19506300000000001	0.517062	0.833425	0.0	0.935685	0.156625	-0.316168	0.0	-2.78713	2.67395	1.0749600000000001	0.353781	0.391639	0.557947	-0.7316520000000001	0.0	-0.255936	-0.697733	-0.669078	0.0	-0.883808	0.44929300000000005	-0.13046	0.0	3.41361	2.8902799999999997	0.8772760000000001	0.27517600000000003	
0	-0.263319	0.863605	-0.429943	0.0	0.254873	0.492112	0.832385	0.0	0.9304319999999999	0.109601	-0.349692	0.0	-2.8011	2.70193	1.05849	0.355222	0.411563	0.60026	-0.685787	0.0	-0.218496	-0.665539	-0.713665	0.0	-0.8848030000000001	0.44355900000000004	-0.142757	0.0	3.49413	2.85997	0.8387620000000001	0.29048	
0	-0.0951051	0.949868	-0.297835	0.0	0.425996	0.309246	0.850232	0.0	0.8997120000000001	-0.046015	-0.434051	0.0	-2.86333	2.75394	1.03096	0.356483	0.407279	0.713372	-0.570284	0.0	-0.06588680000000001	-0.599842	-0.797401	0.0	-0.910924	0.36233899999999997	-0.197301	0.0	3.57964	2.7422299999999997	0.806663	0.32985	
0	0.11362799999999999	0.9793280000000001	-0.167346	0.0	0.522623	0.084332	0.848383	0.0	0.844958	-0.183858	-0.502237	0.0	-2.9458	2.75086	0.983757	0.356479	0.322315	0.8501610000000001	-0.41634099999999996	0.0	0.265119	-0.503282	-0.8224469999999999	0.0	-0.908749	0.15470699999999998	-0.38760900000000004	0.0	3.48032	2.7073099999999997	0.718639	0.35444000000000003	
0	0.195048	0.9748379999999999	-0.107919	0.0	0.5622689999999999	-0.020982400000000002	0.8266879999999999	0.0	0.803623	-0.22192399999999998	-0.552214	0.0	-3.10449	2.81641	0.866367	0.35651700000000003	0.34344600000000003	0.849273	-0.400974	0.0	0.33172399999999996	-0.509121	-0.794201	0.0	-0.8786379999999999	0.139753	-0.45658000000000004	0.0	3.4531099999999997	2.86553	0.586657	0.354854	
0	0.211833	0.971397	-0.10730899999999999	0.0	0.563717	-0.0317541	0.825357	0.0	0.798342	-0.23533	-0.55432	0.0	-3.22478	2.9069	0.801805	0.35651700000000003	0.324899	0.858361	-0.39705999999999997	0.0	0.3545	-0.499758	-0.790299	0.0	-0.8767959999999999	0.11600999999999999	-0.46666	0.0	3.46129	2.96318	0.562139	0.353103	
0	0.21024099999999998	0.9720219999999999	-0.104743	0.0	0.560901	-0.0321749	0.8272579999999999	0.0	0.800743	-0.232674	-0.5519729999999999	0.0	-3.23923	2.91558	0.795523	0.355321	0.302238	0.8712770000000001	-0.386689	0.0	0.361946	-0.480175	-0.799017	0.0	-0.881843	0.101533	-0.46048199999999995	0.0	3.4514099999999996	2.9070400000000003	0.576194	0.353558	
0	0.204755	0.9737600000000001	-0.0993327	0.0	0.5615640000000001	-0.0337457	0.8267450000000001	0.0	0.8016989999999999	-0.22506199999999998	-0.5537380000000001	0.0	-3.2459599999999997	2.92036	0.7925409999999999	0.355304	0.300563	0.877283	-0.374216	0.0	0.372626	-0.469185	-0.8006340000000001	0.0	-0.877959	0.101198	-0.46791800000000006	0.0	3.4696300000000004	2.8986	0.585512	0.353575	
0	0.202254	0.974398	-0.0981962	0.0	0.561725	-0.0332892	0.8266540000000001	0.0	0.802221	-0.22235300000000002	-0.554076	0.0	-3.2503	2.94144	0.794708	0.355077	0.297099	0.8796510000000001	-0.371411	0.0	0.375131	-0.465228	-0.801773	0.0	-0.8780709999999999	0.09887869999999999	-0.468203	0.0	3.47991	2.89193	0.594025	0.353528	
0	0.200889	0.9753459999999999	-0.0913454	0.0	0.564634	-0.0390861	0.824415	0.0	0.80052	-0.217193	-0.558566	0.0	-3.23975	2.98122	0.793971	0.35512	0.289556	0.881244	-0.37358600000000003	0.0	0.38082	-0.46415100000000004	-0.799713	0.0	-0.878142	0.0892929	-0.46999300000000005	0.0	3.4920699999999996	2.88263	0.6063609999999999	0.35315	
0	0.198932	0.975982	-0.088796	0.0	0.5642590000000001	-0.0399857	0.8246290000000001	0.0	0.8012729999999999	-0.21414899999999998	-0.558661	0.0	-3.2385099999999998	3.00101	0.781385	0.35488200000000003	0.282466	0.887108	-0.365039	0.0	0.39224000000000003	-0.454078	-0.799975	0.0	-0.8754200000000001	0.0827828	-0.476221	0.0	3.51379	2.88937	0.613438	0.35258	
0	0.191617	0.9778129999999999	-0.0846496	0.0	0.553138	-0.03634369999999999	0.832297	0.0	0.810754	-0.206306	-0.547829	0.0	-3.23802	2.9930000000000003	0.7608600000000001	0.355247	0.282199	0.8885549999999999	-0.36171	0.0	0.39331900000000003	-0.451049	-0.8011590000000001	0.0	-0.875022	0.08381860000000001	-0.476771	0.0	3.54423	2.89813	0.615002	0.352084	
0	0.182676	0.9799260000000001	-0.07983789999999999	0.0	0.548624	-0.03421319999999999	0.835369	0.0	0.815868	-0.196403	-0.543862	0.0	-3.21504	2.98316	0.744356	0.355457	0.283667	0.889376	-0.358531	0.0	0.390702	-0.448642	-0.803787	0.0	-0.87572	0.0879289	-0.474746	0.0	3.5474699999999997	2.88857	0.611629	0.352486	
0	0.16994700000000001	0.981972	-0.08276489999999999	0.0	0.540127	-0.0225715	0.841281	0.0	0.8242450000000001	-0.187677	-0.534226	0.0	-3.16967	2.9582	0.726402	0.355145	0.28584499999999996	0.8874620000000001	-0.361529	0.0	0.381121	-0.451433	-0.806818	0.0	-0.8792270000000001	0.09283839999999999	-0.467271	0.0	3.5343	2.88384	0.604383	0.352404	
0	0.163779	0.9825389999999999	-0.0882818	0.0	0.528896	-0.011913799999999999	0.8486030000000001	0.0	0.832734	-0.185675	-0.521612	0.0	-3.12914	2.9296599999999997	0.711267	0.355184	0.270403	0.8947780000000001	-0.355324	0.0	0.384142	-0.43869600000000003	-0.812392	0.0	-0.88279	0.0831785	-0.462346	0.0	3.50995	2.79806	0.587253	0.355029	
0	0.192019	0.971625	-0.13810899999999998	0.0	0.513335	0.020501	0.857943	0.0	0.8364299999999999	-0.23563699999999999	-0.49483299999999997	0.0	-3.07616	2.81792	0.69082	0.354285	0.22914299999999999	0.883757	-0.408005	0.0	0.38902	-0.467373	-0.793868	0.0	-0.8922760000000001	0.0231867	-0.45089399999999996	0.0	3.43096	2.63604	0.519579	0.36395700000000003	
0	0.25214699999999995	0.9484389999999999	-0.192057	0.0	0.520137	0.0345272	0.8533850000000001	0.0	0.816014	-0.315075	-0.484613	0.0	-3.0103400000000002	2.5325	0.550573	0.356218	0.15955899999999998	0.878027	-0.45123100000000005	0.0	0.42900900000000003	-0.473341	-0.76935	0.0	-0.8890959999999999	-0.07082569999999999	-0.45220699999999997	0.0	3.26194	2.31115	0.34523000000000004	0.36395	
0	0.31551599999999996	0.9163	-0.246665	0.0	0.539866	0.0404392	0.840779	0.0	0.780381	-0.398445	-0.48191999999999996	0.0	-2.98015	2.15939	0.2837	0.358361	0.0803893	0.870226	-0.48605	0.0	0.480396	-0.46108299999999997	-0.746071	0.0	-0.87336	-0.17352	-0.45511899999999994	0.0	3.05314	1.8566	0.041963099999999996	0.36395500000000003	
0	0.384562	0.8721709999999999	-0.302375	0.0	0.556703	0.0421661	0.829641	0.0	0.736338	-0.48738100000000006	-0.46932399999999996	0.0	-2.97657	1.7188299999999999	-0.0258842	0.3593	0.0217825	0.8529899999999999	-0.521472	0.0	0.533456	-0.45105500000000004	-0.7155229999999999	0.0	-0.8455469999999999	-0.26259699999999997	-0.464858	0.0	2.90278	1.39408	-0.29156	0.36396	
0	0.472337	0.813457	-0.33939	0.0	0.576466	0.00618215	0.817098	0.0	0.666772	-0.581592	-0.46601000000000004	0.0	-3.0017400000000003	1.2635	-0.361784	0.359691	-0.027717400000000003	0.835832	-0.548285	0.0	0.579762	-0.433378	-0.689971	0.0	-0.814314	-0.336999	-0.47257200000000005	0.0	2.82305	0.8995700000000001	-0.695954	0.36391599999999996	
0	0.5434640000000001	0.759785	-0.35689299999999996	0.0	0.58614	-0.03912380000000001	0.809265	0.0	0.600904	-0.648996	-0.466603	0.0	-3.03388	0.808555	-0.70596	0.35915	-0.0446794	0.823211	-0.565975	0.0	0.618436	-0.42213999999999996	-0.6628229999999999	0.0	-0.784564	-0.379634	-0.490242	0.0	2.7957099999999997	0.48055	-1.12527	0.363983	
0	0.603892	0.71304	-0.356213	0.0	0.57931	-0.08568669999999999	0.810591	0.0	0.547461	-0.695867	-0.464817	0.0	-3.0718799999999997	0.375423	-1.06459	0.35902	-0.0589654	0.809814	-0.583716	0.0	0.6397970000000001	-0.418192	-0.644807	0.0	-0.766279	-0.41148100000000004	-0.493458	0.0	2.77053	0.09453769999999999	-1.5167700000000002	0.363953	
0	0.636829	0.6849890000000001	-0.35389	0.0	0.566912	-0.10492699999999999	0.817068	0.0	0.52255	-0.720958	-0.45515	0.0	-3.08359	0.0636374	-1.30233	0.358464	-0.0702237	0.786412	-0.613698	0.0	0.649093	-0.43113199999999996	-0.62674	0.0	-0.7574609999999999	-0.442359	-0.480178	0.0	2.74648	-0.196575	-1.7639	0.363533	
0	0.633682	0.6852229999999999	-0.35905	0.0	0.5601	-0.086243	0.823923	0.0	0.533605	-0.72321	-0.43844399999999994	0.0	-3.0866	-0.120919	-1.38144	0.35844000000000004	-0.0655057	0.783812	-0.617534	0.0	0.6401399999999999	-0.441726	-0.62857	0.0	-0.765461	-0.436483	-0.472814	0.0	2.69141	-0.33211599999999997	-1.8746599999999998	0.364007	
0	0.630892	0.685557	-0.3633	0.0	0.5599350000000001	-0.0781748	0.8248409999999999	0.0	0.537075	-0.723809	-0.433187	0.0	-3.04937	-0.216959	-1.3513700000000002	0.358098	-0.0634711	0.7691680000000001	-0.635886	0.0	0.634022	-0.46098599999999995	-0.620894	0.0	-0.770706	-0.44257399999999997	-0.45841000000000004	0.0	2.59397	-0.383913	-1.8138299999999998	0.363985	
0	0.6214930000000001	0.689395	-0.372132	0.0	0.564553	-0.06477659999999999	0.822851	0.0	0.543164	-0.721484	-0.429458	0.0	-3.0396400000000003	-0.23419099999999998	-1.34818	0.35798800000000003	-0.062468499999999996	0.754203	-0.653663	0.0	0.631141	-0.47750699999999996	-0.611268	0.0	-0.773149	-0.45073900000000006	-0.446179	0.0	2.49357	-0.352821	-1.75535	0.363976	
0	0.59821	0.698719	-0.392347	0.0	0.578338	-0.0375416	0.814933	0.0	0.554679	-0.714411	-0.426554	0.0	-3.05491	-0.178098	-1.34491	0.35773	-0.0620987	0.7420439999999999	-0.667469	0.0	0.630711	-0.48913	-0.6024579999999999	0.0	-0.773529	-0.458392	-0.43764200000000003	0.0	2.4529799999999997	-0.305634	-1.6829599999999998	0.363983	
0	0.596802	0.699353	-0.393361	0.0	0.57899	-0.0359382	0.814542	0.0	0.555516	-0.7138720000000001	-0.426367	0.0	-3.05675	-0.17654	-1.3409	0.357772	-0.0620808	0.742202	-0.667295	0.0	0.630627	-0.489047	-0.6026130000000001	0.0	-0.7735989999999999	-0.458225	-0.437692	0.0	2.45388	-0.30274	-1.6805299999999999	0.363979	
0	0.596819	0.699346	-0.393348	0.0	0.5789810000000001	-0.035956300000000004	0.8145479999999999	0.0	0.555507	-0.713878	-0.426367	0.0	-3.05673	-0.176609	-1.34095	0.357772	-0.0620776	0.742207	-0.667289	0.0	0.630628	-0.48904200000000003	-0.602615	0.0	-0.773598	-0.45821999999999996	-0.437698	0.0	2.45391	-0.302811	-1.6806400000000001	0.363979	
0	0.596819	0.699346	-0.393348	0.0	0.5789810000000001	-0.0359565	0.8145479999999999	0.0	0.555507	-0.713879	-0.426367	0.0	-3.05673	-0.176609	-1.34095	0.357773	-0.0620776	0.742207	-0.667289	0.0	0.630629	-0.48904200000000003	-0.602615	0.0	-0.773598	-0.45821999999999996	-0.437699	0.0	2.45391	-0.302811	-1.6806400000000001	0.36398	
0	0.596819	0.699346	-0.393348	0.0	0.5789810000000001	-0.0359565	0.8145479999999999	0.0	0.555507	-0.713879	-0.426367	0.0	-3.05673	-0.176609	-1.34095	0.357773	-0.0620776	0.742207	-0.667289	0.0	0.630629	-0.48904200000000003	-0.602615	0.0	-0.773598	-0.45821999999999996	-0.437699	0.0	2.45391	-0.302811	-1.6806400000000001	0.36398	
0	0.596819	0.699346	-0.393348	0.0	0.5789810000000001	-0.0359565	0.8145479999999999	0.0	0.555507	-0.713879	-0.426367	0.0	-3.05673	-0.176609	-1.34095	0.357773	-0.0620776	0.742207	-0.667289	0.0	0.630629	-0.48904200000000003	-0.602615	0.0	-0.773598	-0.45821999999999996	-0.437699	0.0	2.45391	-0.30281199999999997	-1.6806400000000001	0.36398	
0	0.596819	0.699346	-0.393348	0.0	0.5789810000000001	-0.0359565	0.8145479999999999	0.0	0.555507	-0.713879	-0.426367	0.0	-3.05673	-0.176609	-1.34095	0.357773	-0.0620776	0.742207	-0.667289	0.0	0.630629	-0.48904200000000003	-0.602615	0.0	-0.773598	-0.45821999999999996	-0.437699	0.0	2.45391	-0.302811	-1.6806400000000001	0.36398	
0	0.596819	0.699346	-0.393348	0.0	0.5789810000000001	-0.0359565	0.8145479999999999	0.0	0.555507	-0.713879	-0.426367	0.0	-3.05673	-0.176609	-1.34095	0.357773	-0.0620778	0.742207	-0.667289	0.0	0.630629	-0.489043	-0.602616	0.0	-0.773598	-0.458221	-0.437699	0.0	2.45391	-0.302811	-1.6806400000000001	0.36398	
0	0.596819	0.699346	-0.393348	0.0	0.5789810000000001	-0.0359565	0.8145479999999999	0.0	0.555507	-0.713879	-0.426367	0.0	-3.05673	-0.176609	-1.34095	0.357773	-0.0620776	0.742207	-0.667289	0.0	0.630628	-0.489043	-0.602616	0.0	-0.773598	-0.45821999999999996	-0.437699	0.0	2.45391	-0.302811	-1.6806400000000001	0.36398	
0	0.596819	0.699346	-0.393348	0.0	0.5789810000000001	-0.0359565	0.8145479999999999	0.0	0.555507	-0.713879	-0.426367	0.0	-3.05673	-0.176609	-1.34095	0.357773	-0.0620776	0.742207	-0.667289	0.0	0.630628	-0.489043	-0.602616	0.0	-0.773598	-0.45821999999999996	-0.437699	0.0	2.45391	-0.30281199999999997	-1.6806400000000001	0.36398	
0	0.596819	0.699346	-0.393348	0.0	0.5789810000000001	-0.0359565	0.8145479999999999	0.0	0.555507	-0.713879	-0.426367	0.0	-3.05673	-0.176609	-1.34095	0.357773	-0.0620776	0.742207	-0.667289	0.0	0.630628	-0.489043	-0.602615	0.0	-0.773598	-0.45821999999999996	-0.437699	0.0	2.45391	-0.302811	-1.6806400000000001	0.36398	
0	0.596819	0.699346	-0.393348	0.0	0.5789810000000001	-0.0359565	0.8145479999999999	0.0	0.555507	-0.713879	-0.426367	0.0	-3.05673	-0.176609	-1.34095	0.357773	-0.0620776	0.742207	-0.667289	0.0	0.630628	-0.489043	-0.602615	0.0	-0.773598	-0.45821999999999996	-0.437699	0.0	2.45391	-0.302811	-1.6806400000000001	0.36398	
0	0.596819	0.699346	-0.393348	0.0	0.5789810000000001	-0.0359565	0.8145479999999999	0.0	0.555507	-0.713879	-0.426367	0.0	-3.05673	-0.176609	-1.34095	0.357773	-0.0620776	0.742207	-0.667289	0.0	0.630628	-0.489043	-0.602616	0.0	-0.773598	-0.45821999999999996	-0.437699	0.0	2.45391	-0.302811	-1.6806400000000001	0.36398	
0	0.22991799999999998	0.930342	-0.285659	0.0	0.622747	0.08492050000000001	0.777802	0.0	0.74788	-0.356724	-0.559843	0.0	-3.0888	-0.26327	-1.45664	0.355337	0.10144600000000001	0.858158	-0.503263	0.0	0.47102700000000003	-0.48701099999999997	-0.735496	0.0	-0.876266	-0.162437	-0.453621	0.0	2.39898	-0.373844	-1.7428	0.362058	
0	0.314308	0.897051	-0.310661	0.0	0.624853	0.0508716	0.779083	0.0	0.714681	-0.438989	-0.544536	0.0	-3.11577	-0.478782	-1.544	0.356684	0.0250412	0.8763719999999999	-0.480983	0.0	0.495039	-0.428871	-0.75565	0.0	-0.86851	-0.219183	-0.444578	0.0	2.36237	-0.576715	-1.9011099999999999	0.36251300000000003	
0	0.424097	0.827794	-0.367286	0.0	0.619885	0.0303207	0.7841060000000001	0.0	0.660215	-0.560212	-0.500278	0.0	-3.1573	-0.830989	-1.66018	0.357645	-0.0751597	0.88185	-0.465501	0.0	0.524317	-0.362132	-0.770683	0.0	-0.8482	-0.301994	-0.43515200000000004	0.0	2.3159799999999997	-0.868452	-2.09701	0.362998	
0	0.5616300000000001	0.710432	-0.424097	0.0	0.603474	-0.00107193	0.7973819999999999	0.0	0.5660310000000001	-0.703765	-0.429329	0.0	-3.23522	-1.28446	-1.8053400000000002	0.358381	-0.172656	0.866441	-0.468476	0.0	0.546538	-0.311413	-0.7773800000000001	0.0	-0.819443	-0.390259	-0.41977600000000004	0.0	2.2804599999999997	-1.19971	-2.33858	0.363245	
0	0.694195	0.5706439999999999	-0.4387	0.0	0.5704140000000001	-0.0644163	0.8188270000000001	0.0	0.439	-0.818667	-0.370221	0.0	-3.3380699999999996	-1.6677	-1.94782	0.358081	-0.22726	0.8508290000000001	-0.473754	0.0	0.544596	-0.29226399999999997	-0.7861279999999999	0.0	-0.807322	-0.436659	-0.396938	0.0	2.24395	-1.41906	-2.5523	0.363404	
0	0.800945	0.42077299999999995	-0.425954	0.0	0.520728	-0.138409	0.8424290000000001	0.0	0.295516	-0.896545	-0.329966	0.0	-3.46337	-1.9443400000000002	-2.1433299999999997	0.357852	-0.255602	0.83499	-0.48729799999999995	0.0	0.528487	-0.30139	-0.793641	0.0	-0.809549	-0.460387	-0.364246	0.0	2.1985200000000003	-1.55608	-2.6825099999999997	0.36378	
0	0.859584	0.27425	-0.43116400000000005	0.0	0.484324	-0.16822	0.858564	0.0	0.162931	-0.946831	-0.277425	0.0	-3.6414400000000002	-2.20627	-2.35372	0.357619	-0.27328	0.820835	-0.501546	0.0	0.5096149999999999	-0.318669	-0.799214	0.0	-0.81585	-0.474004	-0.33122399999999996	0.0	2.10957	-1.6152	-2.72744	0.36392800000000003	
0	0.882707	0.159106	-0.442169	0.0	0.46275600000000006	-0.130592	0.876814	0.0	0.08176239999999999	-0.9785860000000001	-0.188902	0.0	-3.80865	-2.46726	-2.4455400000000003	0.356684	-0.274206	0.813072	-0.513541	0.0	0.503984	-0.333303	-0.7968109999999999	0.0	-0.81903	-0.477307	-0.318382	0.0	2.04049	-1.60905	-2.72326	0.363904	
0	0.878394	0.11499100000000001	-0.463898	0.0	0.473441	-0.0765188	0.8774959999999999	0.0	0.06540750000000001	-0.9904149999999999	-0.121655	0.0	-3.87788	-2.68554	-2.4024	0.357193	-0.27872399999999997	0.8109149999999999	-0.514519	0.0	0.5070100000000001	-0.330758	-0.795952	0.0	-0.815631	-0.48271800000000004	-0.318952	0.0	2.02642	-1.6003100000000001	-2.7080599999999997	0.363615	
0	0.818353	0.175243	-0.547347	0.0	0.550729	0.0331551	0.834025	0.0	0.164305	-0.983967	-0.069379	0.0	-3.8312199999999996	-2.8682	-2.37815	0.356912	-0.28902	0.813906	-0.504009	0.0	0.5080979999999999	-0.315789	-0.80132	0.0	-0.811359	-0.487684	-0.322275	0.0	2.04658	-1.5959999999999999	-2.70305	0.363682	
0	0.707749	0.20980100000000002	-0.674592	0.0	0.655262	0.161954	0.737837	0.0	0.264052	-0.9642379999999999	-0.0228521	0.0	-3.60525	-3.0520400000000003	-2.3031200000000003	0.35918	-0.29738000000000003	0.814144	-0.498734	0.0	0.505066	-0.309147	-0.805814	0.0	-0.810231	-0.49152700000000005	-0.319262	0.0	2.07815	-1.6219299999999999	-2.70669	0.36378499999999997	
0	0.657413	0.237752	-0.71504	0.0	0.677185	0.22978800000000002	0.699013	0.0	0.330499	-0.9437540000000001	-0.00993636	0.0	-3.4864599999999997	-3.13151	-2.24535	0.360102	-0.303683	0.8140890000000001	-0.495011	0.0	0.502758	-0.30440500000000004	-0.809056	0.0	-0.809327	-0.494568	-0.316847	0.0	2.0952599999999997	-1.6518700000000002	-2.7076700000000002	0.36386799999999997	
0	0.567759	0.2715	-0.777134	0.0	0.691261	0.355378	0.629178	0.0	0.44699799999999995	-0.894424	0.0140912	0.0	-3.29621	-3.24819	-2.16264	0.360979	-0.31818	0.809179	-0.49395500000000003	0.0	0.496008	-0.30194099999999996	-0.81413	0.0	-0.807922	-0.504045	-0.305288	0.0	2.1301099999999997	-1.7177900000000002	-2.69933	0.363998	
0	0.546806	0.282337	-0.788219	0.0	0.698529	0.365174	0.61539	0.0	0.461585	-0.887093	0.00245857	0.0	-3.19243	-3.28056	-2.13646	0.361921	-0.318818	0.808021	-0.495436	0.0	0.495475	-0.303523	-0.813867	0.0	-0.807998	-0.504951	-0.303585	0.0	2.15404	-1.76719	-2.70485	0.363767	
0	0.543864	0.273015	-0.793521	0.0	0.703942	0.36632	0.608503	0.0	0.456813	-0.8895350000000001	0.00704163	0.0	-3.19034	-3.27926	-2.13211	0.361543	-0.314813	0.8025	-0.506839	0.0	0.49439399999999994	-0.317188	-0.8093	0.0	-0.810227	-0.505356	-0.29689699999999997	0.0	2.15593	-1.76299	-2.6973	0.36356700000000003	
0	0.543471	0.255416	-0.7996260000000001	0.0	0.7135239999999999	0.361223	0.600334	0.0	0.442179	-0.896817	0.014068700000000002	0.0	-3.19084	-3.27704	-2.12935	0.361249	-0.31253600000000004	0.796812	-0.517119	0.0	0.49482600000000004	-0.32812600000000003	-0.804662	0.0	-0.810844	-0.50737	-0.291733	0.0	2.13255	-1.71058	-2.66699	0.363454	
0	0.548655	0.23644600000000002	-0.801917	0.0	0.733476	0.324198	0.5974189999999999	0.0	0.401237	-0.915963	0.00444573	0.0	-3.1926799999999997	-3.27319	-2.12985	0.36029	-0.314985	0.7948149999999999	-0.5187039999999999	0.0	0.488087	-0.33306199999999997	-0.806747	0.0	-0.813975	-0.507286	-0.28303	0.0	2.1219	-1.65064	-2.63578	0.363299	
0	0.578145	0.20512600000000003	-0.789729	0.0	0.75689	0.226662	0.612978	0.0	0.30474	-0.9521280000000001	-0.0242144	0.0	-3.2027	-3.26355	-2.14085	0.360063	-0.308402	0.793108	-0.525231	0.0	0.473333	-0.350993	-0.8079350000000001	0.0	-0.825132	-0.49777899999999997	-0.26715700000000003	0.0	2.09234	-1.57871	-2.58954	0.363365	
0	0.6107819999999999	0.188604	-0.769009	0.0	0.75434	0.156589	0.637536	0.0	0.24065999999999999	-0.9694889999999999	-0.0466299	0.0	-3.21575	-3.2594	-2.1549099999999997	0.35927600000000004	-0.306678	0.792957	-0.526467	0.0	0.468609	-0.355652	-0.808652	0.0	-0.828465	-0.49470200000000003	-0.26251599999999997	0.0	2.06692	-1.4834100000000001	-2.49933	0.36331399999999997	
0	0.633586	0.168074	-0.755195	0.0	0.75075	0.10228200000000001	0.65262	0.0	0.18693099999999999	-0.980454	-0.06137769999999999	0.0	-3.2206200000000003	-3.25148	-2.16575	0.358215	-0.305145	0.794104	-0.525629	0.0	0.46128199999999997	-0.359627	-0.811103	0.0	-0.8331299999999999	-0.489967	-0.256567	0.0	2.061	-1.44058	-2.45801	0.36331199999999997	
0	0.641853	0.162388	-0.749436	0.0	0.746751	0.0898064	0.659013	0.0	0.17432	-0.982632	-0.0636211	0.0	-3.22433	-3.24978	-2.16894	0.357562	-0.30618	0.7963819999999999	-0.521565	0.0	0.463398	-0.353904	-0.812413	0.0	-0.831575	-0.490436	-0.260683	0.0	2.06313	-1.41839	-2.44061	0.363179	
0	0.650914	0.152123	-0.743754	0.0	0.7422479999999999	0.0780668	0.665563	0.0	0.15930999999999998	-0.985274	-0.0620986	0.0	-3.2253	-3.24613	-2.17097	0.35727	-0.306235	0.796512	-0.521334	0.0	0.461794	-0.354596	-0.813024	0.0	-0.8324459999999999	-0.489726	-0.259234	0.0	2.08431	-1.41015	-2.42846	0.363064	
0	0.6600779999999999	0.154385	-0.735161	0.0	0.735935	0.06336889999999999	0.67408	0.0	0.15065499999999998	-0.9859760000000001	-0.07178910000000001	0.0	-3.2265900000000003	-3.2465200000000003	-2.1747400000000003	0.357013	-0.302297	0.796058	-0.5243180000000001	0.0	0.458121	-0.361028	-0.812271	0.0	-0.835908	-0.48574799999999996	-0.25555300000000003	0.0	2.0946599999999997	-1.40159	-2.41827	0.362919	
0	0.661272	0.125671	-0.739545	0.0	0.7389899999999999	0.060259	0.671016	0.0	0.128892	-0.99024	-0.0530221	0.0	-3.23504	-3.2446599999999997	-2.17371	0.356571	-0.298955	0.79385	-0.529555	0.0	0.455392	-0.368985	-0.810228	0.0	-0.8385959999999999	-0.48337700000000006	-0.251203	0.0	2.09881	-1.39504	-2.40962	0.363059	
0	0.65817	0.10766700000000001	-0.745131	0.0	0.74103	0.0821921	0.666423	0.0	0.132996	-0.990784	-0.0256881	0.0	-3.2432	-3.23968	-2.17289	0.355958	-0.298514	0.789853	-0.535744	0.0	0.454554	-0.375924	-0.807504	0.0	-0.839208	-0.484575	-0.24681199999999998	0.0	2.09217	-1.36903	-2.3794	0.363116	
0	0.660987	0.10107999999999999	-0.743559	0.0	0.737628	0.0945052	0.668562	0.0	0.137848	-0.9903799999999999	-0.0120924	0.0	-3.24907	-3.24065	-2.17619	0.355419	-0.299663	0.788971	-0.536402	0.0	0.45766899999999994	-0.37444299999999997	-0.806431	0.0	-0.837103	-0.48715200000000003	-0.248881	0.0	2.10371	-1.34331	-2.3599	0.362792	
0	0.661921	0.0964401	-0.743344	0.0	0.7362	0.102848	0.668903	0.0	0.140961	-0.9900110000000001	-0.0029219999999999997	0.0	-3.2536400000000003	-3.24146	-2.18083	0.354854	-0.298115	0.7903640000000001	-0.535213	0.0	0.45533500000000005	-0.37505	-0.80747	0.0	-0.8389270000000001	-0.48441899999999993	-0.248073	0.0	2.11544	-1.3286	-2.36435	0.362722	
0	0.657694	0.080108	-0.7490140000000001	0.0	0.7416689999999999	0.10508499999999998	0.662483	0.0	0.13178	-0.991232	0.00969976	0.0	-3.25473	-3.2397299999999998	-2.1827799999999997	0.35386	-0.29721	0.788774	-0.538054	0.0	0.457499	-0.376974	-0.805348	0.0	-0.8380700000000001	-0.48551700000000003	-0.248823	0.0	2.12494	-1.31915	-2.37117	0.362485	
0	0.645419	0.0619644	-0.761312	0.0	0.755549	0.0945656	0.64823	0.0	0.112161	-0.9935879999999999	0.0142172	0.0	-3.25446	-3.23773	-2.17939	0.3537	-0.292194	0.786272	-0.544425	0.0	0.452007	-0.38813400000000003	-0.803145	0.0	-0.8428	-0.480758	-0.24199099999999998	0.0	2.12433	-1.28765	-2.34673	0.362471	
0	0.627472	0.0355556	-0.777827	0.0	0.7783909999999999	-0.0034222000000000002	0.627771	0.0	0.019659	-0.9993620000000001	-0.029823500000000003	0.0	-3.3827300000000005	-3.6524199999999998	-2.21806	0.368661	-0.28836799999999996	0.785675	-0.547319	0.0	0.44852600000000004	-0.394175	-0.802154	0.0	-0.845972	-0.476803	-0.23872800000000002	0.0	2.1217099999999998	-1.2680799999999999	-2.32956	0.36236999999999997	
0	0.577275	0.00956705	-0.8164939999999999	0.0	0.816475	-0.0203183	0.577024	0.0	-0.011069299999999999	-0.999748	-0.0195405	0.0	-3.3878	-3.65429	-2.21159	0.384087	-0.28449	0.7847930000000001	-0.550605	0.0	0.4434	-0.401502	-0.80137	0.0	-0.849978	-0.47212	-0.233754	0.0	2.1234900000000003	-1.2428	-2.32289	0.362506	
0	0.578066	0.038076900000000004	-0.8151010000000001	0.0	0.815377	-0.0656806	0.5751930000000001	0.0	-0.031634699999999995	-0.997114	-0.0690148	0.0	-3.3701199999999996	-3.62509	-2.15758	0.27524	-0.27629699999999996	0.784566	-0.555082	0.0	0.436907	-0.411897	-0.799659	0.0	-0.8560209999999999	-0.463462	-0.22897699999999999	0.0	2.13016	-1.19927	-2.30905	0.362324	
0	0.565455	0.0392086	-0.8238469999999999	0.0	0.824699	-0.012948500000000002	0.565423	0.0	0.011501799999999998	-0.9991469999999999	-0.039657099999999994	0.0	-3.3576699999999997	-3.6087599999999997	-2.1410400000000003	0.22171	-0.272448	0.783641	-0.558282	0.0	0.43344099999999997	-0.418063	-0.7983439999999999	0.0	-0.8590120000000001	-0.45948900000000004	-0.225762	0.0	2.12913	-1.17788	-2.30436	0.362053	
0	0.545874	0.0431468	-0.8367549999999999	0.0	0.837827	-0.0378591	0.544621	0.0	-0.00818005	-0.998351	-0.0568159	0.0	-3.34694	-3.60457	-2.12054	0.221761	-0.27085	0.78476	-0.557487	0.0	0.429912	-0.41955600000000004	-0.7994680000000001	0.0	-0.8612879999999999	-0.45620600000000006	-0.223741	0.0	2.12526	-1.16645	-2.29213	0.361969	
0	0.51141	0.048537199999999996	-0.857965	0.0	0.858734	-0.0662637	0.508119	0.0	-0.0321893	-0.9966209999999999	-0.0755684	0.0	-3.3340099999999997	-3.59879	-2.09782	0.221712	-0.27055500000000005	0.789323	-0.551153	0.0	0.42627	-0.415103	-0.8037310000000001	0.0	-0.863188	-0.45239300000000005	-0.22415700000000002	0.0	2.12505	-1.17103	-2.2934799999999997	0.361817	
0	0.496539	0.0473995	-0.86672	0.0	0.8677520000000001	-0.051655099999999995	0.494305	0.0	-0.021340500000000002	-0.99754	-0.0667799	0.0	-3.3552	-3.6015699999999997	-2.10446	0.221822	-0.271833	0.793266	-0.5448270000000001	0.0	0.42514799999999997	-0.408909	-0.807491	0.0	-0.86334	-0.45113500000000006	-0.22610100000000002	0.0	2.12616	-1.18	-2.30622	0.361602	
0	0.501788	0.114718	-0.85735	0.0	0.862383	0.0105611	0.506147	0.0	0.0671189	-0.9933420000000001	-0.09363160000000001	0.0	-3.4645300000000003	-3.6067	-2.1004099999999997	0.221541	-0.271463	0.795128	-0.542291	0.0	0.42197299999999993	-0.408078	-0.809574	0.0	-0.8650120000000001	-0.448601	-0.22474499999999997	0.0	2.12846	-1.18623	-2.31561	0.361572	
0	0.462809	0.21922199999999997	-0.858924	0.0	0.8678459999999999	0.08545839999999999	0.489428	0.0	0.180696	-0.971925	-0.1507	0.0	-3.5791699999999995	-3.6046400000000003	-2.07481	0.221701	-0.27218200000000004	0.7999069999999999	-0.534852	0.0	0.41767299999999996	-0.402533	-0.814565	0.0	-0.866872	-0.44510299999999997	-0.22453800000000002	0.0	2.12456	-1.19933	-2.31822	0.361581	
0	0.397173	0.323002	-0.859025	0.0	0.8713069999999999	0.16125899999999999	0.463487	0.0	0.288233	-0.932559	-0.21738600000000002	0.0	-3.50328	-3.31207	-2.1831	0.22173400000000001	-0.275335	0.808419	-0.5202399999999999	0.0	0.412785	-0.389314	-0.823434	0.0	-0.868216	-0.441467	-0.22651100000000002	0.0	2.1185400000000003	-1.2400200000000001	-2.32754	0.361888	
0	0.316754	0.369421	-0.87361	0.0	0.8668170000000001	0.26119499999999995	0.424742	0.0	0.38509099999999996	-0.891799	-0.237486	0.0	-3.4868300000000003	-2.7282599999999997	-2.1165599999999998	0.221627	-0.27574299999999996	0.815596	-0.5086930000000001	0.0	0.408464	-0.379632	-0.830082	0.0	-0.870128	-0.436672	-0.22846100000000003	0.0	2.1109999999999998	-1.29599	-2.3505700000000003	0.361709	
0	0.250048	0.39506199999999997	-0.88397	0.0	0.833852	0.376153	0.403981	0.0	0.492105	-0.8381139999999999	-0.23536700000000002	0.0	-3.2498	-2.14266	-2.086	0.221737	-0.273133	0.817608	-0.506869	0.0	0.403807	-0.380789	-0.831829	0.0	-0.8731200000000001	-0.43187700000000007	-0.22615	0.0	2.0842	-1.3278299999999998	-2.35785	0.361807	
0	0.21233400000000002	0.43015	-0.877431	0.0	0.793469	0.44819499999999995	0.411738	0.0	0.570369	-0.78364	-0.246144	0.0	-3.17116	-1.69012	-2.05585	0.221735	-0.271152	0.818231	-0.506927	0.0	0.399785	-0.383344	-0.832598	0.0	-0.8755850000000001	-0.428422	-0.22317199999999998	0.0	2.07152	-1.3408	-2.3540799999999997	0.361877	
4	0.180241	0.432364	-0.883501	0.0	0.760642	0.508229	0.403891	0.0	0.623649	-0.744826	-0.237271	0.0	-3.1263099999999997	-1.4467700000000001	-2.01454	0.22171999999999997	-0.27276999999999996	0.8196389999999999	-0.5037739999999999	0.0	0.39892	-0.380139	-0.8344799999999999	0.0	-0.8754770000000001	-0.428587	-0.22328	0.0	2.06745	-1.3482100000000001	-2.34737	0.36193600000000004	
4	0.171246	0.44431400000000004	-0.879352	0.0	0.7366020000000001	0.534992	0.41376499999999994	0.0	0.654288	-0.718588	-0.235668	0.0	-3.10775	-1.30616	-1.9818799999999999	0.22173299999999999	-0.273617	0.821557	-0.500179	0.0	0.398028	-0.37669400000000003	-0.8364659999999999	0.0	-0.875619	-0.42795600000000006	-0.22393200000000002	0.0	2.06633	-1.36096	-2.34819	0.361854	
4	0.174032	0.45081499999999997	-0.8754879999999999	0.0	0.6776260000000001	0.5902649999999999	0.438646	0.0	0.714518	-0.6695909999999999	-0.202759	0.0	-2.9870799999999997	-1.01744	-1.90618	0.221723	-0.270941	0.821017	-0.502516	0.0	0.398673	-0.37945500000000004	-0.834909	0.0	-0.876157	-0.426551	-0.22450799999999999	0.0	2.06455	-1.4037600000000001	-2.36049	0.362139	
4	0.23558400000000002	0.48483699999999996	-0.8422790000000001	0.0	0.655084	0.5609729999999999	0.5061359999999999	0.0	0.717889	-0.6710010000000001	-0.185453	0.0	-2.80271	-0.914093	-1.8531400000000002	0.221741	-0.24347	0.820876	-0.516609	0.0	0.396851	-0.401698	-0.825317	0.0	-0.8850040000000001	-0.405957	-0.227964	0.0	2.03819	-1.40098	-2.38692	0.36285300000000004	
4	0.35130700000000004	0.535963	-0.767676	0.0	0.6514770000000001	0.44895100000000004	0.6115729999999999	0.0	0.67243	-0.714973	-0.191448	0.0	-2.55242	-0.9115969999999999	-1.84506	0.221744	-0.165786	0.7921630000000001	-0.587361	0.0	0.407378	-0.487396	-0.7723270000000001	0.0	-0.898086	-0.367319	-0.24190599999999998	0.0	1.91107	-1.36473	-2.42515	0.364004	
4	0.406806	0.553815	-0.7264970000000001	0.0	0.647068	0.386681	0.6571	0.0	0.644834	-0.737406	-0.201052	0.0	-2.39997	-0.948576	-1.8949799999999999	0.221719	-0.09328510000000001	0.756542	-0.647257	0.0	0.404152	-0.565351	-0.719055	0.0	-0.9099229999999999	-0.328667	-0.253019	0.0	1.79853	-1.34438	-2.46698	0.36399699999999996	
4	0.490026	0.574916	-0.655245	0.0	0.629201	0.28696	0.72233	0.0	0.603308	-0.766241	-0.221119	0.0	-2.1215599999999997	-1.07281	-2.00251	0.221769	0.0190939	0.692699	-0.720974	0.0	0.374737	-0.673497	-0.637161	0.0	-0.926934	-0.25801	-0.27244	0.0	1.5953700000000002	-1.31045	-2.5600099999999997	0.36396	
4	0.54257	0.587913	-0.599981	0.0	0.5962390000000001	0.233585	0.7680739999999999	0.0	0.591707	-0.774465	-0.2238	0.0	-1.84759	-1.24606	-2.1339099999999998	0.22173099999999998	0.10853199999999999	0.622566	-0.775004	0.0	0.322428	-0.759509	-0.564966	0.0	-0.9403520000000001	-0.188566	-0.28316399999999997	0.0	1.43821	-1.30479	-2.68878	0.363983	
4	0.5851069999999999	0.6153649999999999	-0.5281819999999999	0.0	0.553241	0.173316	0.814792	0.0	0.592936	-0.7689520000000001	-0.239037	0.0	-1.48296	-1.50858	-2.36197	0.221764	0.169481	0.536978	-0.8263959999999999	0.0	0.256227	-0.833699	-0.489176	0.0	-0.951643	-0.12884	-0.278884	0.0	1.26236	-1.35893	-2.83771	0.363978	
4	0.612034	0.628496	-0.48000699999999996	0.0	0.535283	0.117568	0.8364510000000001	0.0	0.5821390000000001	-0.768876	-0.264467	0.0	-1.28613	-1.64557	-2.5215400000000003	0.221748	0.178561	0.5158739999999999	-0.837849	0.0	0.24635300000000002	-0.847851	-0.46953	0.0	-0.9525889999999999	-0.12256700000000001	-0.27848	0.0	1.17075	-1.44787	-2.93676	0.36397199999999996	
4	0.6396270000000001	0.639634	-0.426316	0.0	0.523255	0.0439704	0.8510409999999999	0.0	0.5631010000000001	-0.767421	-0.30656700000000003	0.0	-1.15199	-1.7396099999999999	-2.6812400000000003	0.221743	0.179355	0.49632299999999996	-0.849409	0.0	0.23811	-0.8596389999999999	-0.45202299999999995	0.0	-0.954534	-0.12118	-0.27236	0.0	1.1162	-1.52261	-3.00905	0.363711	
4	0.652142	0.6426810000000001	-0.40208499999999997	0.0	0.524062	0.00106501	0.8516790000000001	0.0	0.547787	-0.766133	-0.336111	0.0	-1.10055	-1.80282	-2.80957	0.221715	0.177551	0.488897	-0.854082	0.0	0.242873	-0.8627940000000001	-0.44339399999999995	0.0	-0.9536709999999999	-0.128709	-0.27193	0.0	1.08257	-1.58208	-3.06155	0.36396999999999996	
4	0.660238	0.643695	-0.386966	0.0	0.523287	-0.0246659	0.851799	0.0	0.538754	-0.764885	-0.353123	0.0	-1.08286	-1.83369	-2.8550400000000002	0.22173800000000002	0.177558	0.48102700000000004	-0.8585370000000001	0.0	0.239891	-0.86724	-0.43628900000000004	0.0	-0.9544239999999999	-0.12848900000000002	-0.269379	0.0	1.07485	-1.59851	-3.08697	0.363989	
4	0.67435	0.636346	-0.374587	0.0	0.520435	-0.0497181	0.8524520000000001	0.0	0.523831	-0.7698	-0.364704	0.0	-1.07263	-1.9063	-2.89675	0.22175799999999998	0.176052	0.450377	-0.875309	0.0	0.22127399999999997	-0.884548	-0.410625	0.0	-0.959189	-0.12139200000000001	-0.25538299999999997	0.0	1.05455	-1.58494	-3.10887	0.363969	
4	0.677238	0.634309	-0.372829	0.0	0.515893	-0.0480847	0.855302	0.0	0.524598	-0.771583	-0.3598	0.0	-1.06928	-1.92577	-2.88219	0.22175999999999998	0.174875	0.44531099999999996	-0.878132	0.0	0.21586799999999998	-0.887517	-0.40708099999999997	0.0	-0.960635	-0.118372	-0.251333	0.0	1.0562799999999999	-1.56203	-3.10141	0.363993	
4	0.6716770000000001	0.638262	-0.376127	0.0	0.509554	-0.0294735	0.859934	0.0	0.5377770000000001	-0.769255	-0.345026	0.0	-1.05911	-1.9575200000000001	-2.84564	0.22174899999999997	0.150513	0.42692399999999997	-0.891674	0.0	0.198782	-0.896597	-0.395727	0.0	-0.968417	-0.11768599999999999	-0.219815	0.0	1.04125	-1.53823	-3.09842	0.36397199999999996	
4	0.6692859999999999	0.640925	-0.375862	0.0	0.507059	-0.02424	0.8615700000000001	0.0	0.543091	-0.767221	-0.34121	0.0	-1.0441	-1.9628599999999998	-2.84243	0.22173299999999999	0.12355799999999999	0.432388	-0.8931819999999999	0.0	0.21525999999999998	-0.8903260000000001	-0.401227	0.0	-0.968709	-0.142692	-0.20308299999999999	0.0	1.01376	-1.5491700000000002	-3.07079	0.36398400000000003	
4	0.673462	0.659354	-0.334217	0.0	0.4878	-0.056683199999999996	0.8711129999999999	0.0	0.555427	-0.749693	-0.35980700000000004	0.0	-0.996117	-1.93697	-2.8423599999999998	0.221759	0.07143039999999999	0.438223	-0.8960239999999999	0.0	0.24021599999999999	-0.8794360000000001	-0.41096000000000005	0.0	-0.968088	-0.185884	-0.168087	0.0	0.9689030000000001	-1.62517	-3.07272	0.363977	
4	0.677782	0.663537	-0.31675	0.0	0.48137399999999997	-0.0748181	0.873316	0.0	0.555779	-0.7443930000000001	-0.37012	0.0	-0.9777110000000001	-1.9197400000000002	-2.8439900000000002	0.22171999999999997	0.0360715	0.451912	-0.891333	0.0	0.25466300000000003	-0.866625	-0.42907799999999996	0.0	-0.966357	-0.21151199999999998	-0.146346	0.0	0.9543959999999999	-1.6814099999999998	-3.06835	0.36397399999999996	
4	0.692357	0.6604800000000001	-0.290531	0.0	0.480209	-0.12124800000000001	0.868734	0.0	0.538555	-0.7409899999999999	-0.401115	0.0	-0.986043	-1.90419	-2.81886	0.22175799999999998	-0.0625393	0.469156	-0.880898	0.0	0.277883	-0.8395389999999999	-0.46685699999999997	0.0	-0.958577	-0.273983	-0.0778664	0.0	0.918256	-1.8050599999999999	-3.05023	0.36472899999999997	
4	0.698902	0.655089	-0.287045	0.0	0.482807	-0.136032	0.8650969999999999	0.0	0.527668	-0.743205	-0.411355	0.0	-1.00842	-1.93147	-2.78179	0.22178299999999998	-0.115097	0.47308999999999996	-0.8734639999999999	0.0	0.287489	-0.8258129999999999	-0.48516400000000004	0.0	-0.950843	-0.306952	-0.0409595	0.0	0.8925049999999999	-1.82381	-3.03672	0.365309	
4	0.705655	0.650021	-0.281999	0.0	0.48248100000000005	-0.149345	0.863081	0.0	0.5189060000000001	-0.745096	-0.419009	0.0	-1.03358	-1.9613099999999999	-2.74114	0.221762	-0.193828	0.441597	-0.876027	0.0	0.28954	-0.827434	-0.48116499999999995	0.0	-0.937335	-0.346908	0.032519900000000004	0.0	0.879978	-1.8578	-2.9477700000000002	0.366014	
4	0.7054779999999999	0.6494989999999999	-0.283641	0.0	0.485604	-0.151471	0.8609559999999999	0.0	0.516227	-0.745123	-0.42225799999999997	0.0	-1.09877	-1.91075	-2.79204	0.22173099999999998	-0.343405	0.370654	-0.8629540000000001	0.0	0.280002	-0.836641	-0.47077700000000006	0.0	-0.8964780000000001	-0.403296	0.183522	0.0	0.863359	-1.9882900000000001	-2.59965	0.36541999999999997	
4	0.6942659999999999	0.660267	-0.286429	0.0	0.48061499999999996	-0.129088	0.8673790000000001	0.0	0.535728	-0.739854	-0.406956	0.0	-1.12659	-1.85926	-2.80325	0.22178699999999998	-0.400648	0.349196	-0.8470799999999999	0.0	0.304284	-0.821341	-0.482504	0.0	-0.8642290000000001	-0.451068	0.22281399999999998	0.0	0.8691979999999999	-2.0622	-2.45575	0.364969	
4	0.6872	0.668435	-0.284519	0.0	0.477662	-0.12066400000000001	0.870218	0.0	0.547353	-0.7339180000000001	-0.402206	0.0	-1.13242	-1.86655	-2.80575	0.22172600000000003	-0.401252	0.345082	-0.8484780000000001	0.0	0.331962	-0.808559	-0.485834	0.0	-0.8536969999999999	-0.47660399999999997	0.209882	0.0	0.860843	-2.03057	-2.43986	0.366385	
4	0.6547069999999999	0.704339	-0.274346	0.0	0.48358	-0.11133599999999999	0.8681909999999999	0.0	0.580955	-0.701079	-0.413497	0.0	-1.15032	-1.94577	-2.77432	0.221665	-0.44790100000000005	0.26201599999999997	-0.8548290000000001	0.0	0.426329	-0.777813	-0.461791	0.0	-0.785894	-0.571275	0.23667800000000003	0.0	0.831166	-1.9739200000000001	-2.41518	0.362159	
4	0.619949	0.7325510000000001	-0.28112600000000004	0.0	0.5027050000000001	-0.095726	0.859142	0.0	0.602454	-0.673948	-0.42760200000000004	0.0	-1.13225	-2.02455	-2.84449	0.22118000000000002	-0.447751	0.221729	-0.866231	0.0	0.45418100000000006	-0.77809	-0.433932	0.0	-0.77022	-0.587719	0.247685	0.0	0.8105020000000001	-1.81325	-2.42235	0.10441700000000001	
4	0.610502	0.7384569999999999	-0.2863	0.0	0.509211	-0.08910069999999999	0.856017	0.0	0.6066229999999999	-0.668387	-0.43042700000000006	0.0	-1.11243	-2.00375	-2.84048	0.220958	-0.45514499999999997	0.217119	-0.863541	0.0	0.459117	-0.77373	-0.43652399999999997	0.0	-0.762925	-0.595148	0.252477	0.0	0.831045	-1.774	-2.43241	0.10425999999999999	
4	0.6132310000000001	0.730384	-0.300811	0.0	0.513506	-0.07924450000000001	0.854419	0.0	0.600216	-0.678424	-0.42365200000000003	0.0	-1.10384	-1.9446700000000001	-2.83275	0.221142	-0.455892	0.211713	-0.8644879999999999	0.0	0.449151	-0.783822	-0.42882	0.0	-0.768392	-0.583781	0.26224699999999995	0.0	0.84645	-1.72522	-2.43178	0.11038599999999998	
4	0.5636770000000001	0.7591600000000001	-0.32549	0.0	0.5247890000000001	-0.024846299999999998	0.8508700000000001	0.0	0.6378590000000001	-0.6504300000000001	-0.412404	0.0	-1.1450200000000001	-1.46438	-2.6957400000000002	0.22171999999999997	-0.45451400000000003	0.247464	-0.8556739999999999	0.0	0.388703	-0.809238	-0.440504	0.0	-0.801453	-0.532818	0.27162	0.0	0.801534	-2.1305099999999997	-2.45665	0.354178	
4	0.563002	0.7539359999999999	-0.338539	0.0	0.528529	-0.01354	0.848808	0.0	0.635363	-0.656808	-0.4061	0.0	-1.14145	-1.4724899999999999	-2.65455	0.221741	-0.428147	0.25672	-0.8664790000000001	0.0	0.393872	-0.809937	-0.43458900000000006	0.0	-0.8133600000000001	-0.52735	0.24565700000000001	0.0	0.803473	-2.0907299999999998	-2.4734700000000003	0.35536100000000004	
