3	0.5596909999999999	0.5385479999999999	-0.629851	0.0	0.6917989999999999	0.11481	0.712904	0.0	0.456246	-0.8347370000000001	-0.308309	0.0	-2.7722900000000004	1.99692	1.43575	-3.7048e-06	-0.472674	0.638888	-0.60696	0.0	0.682187	-0.170728	-0.710966	0.0	-0.5578529999999999	-0.750116	-0.355143	0.0	2.6459099999999998	1.9951299999999998	1.53864	9.831039999999999e-06	
3	-0.00200706	0.525884	-0.850554	0.0	0.189861	0.835285	0.515996	0.0	0.981809	-0.160452	-0.101521	0.0	-2.8582400000000003	2.08511	1.3781700000000001	0.0	-0.00341332	0.728404	-0.685139	0.0	-0.24130500000000002	-0.665497	-0.7063189999999999	0.0	-0.9704430000000001	0.162917	0.178039	0.0	2.68807	2.0331799999999998	1.50079	0.0	
3	-0.185799	0.45358999999999994	-0.8716280000000001	0.0	0.10696300000000002	0.8911389999999999	0.44094300000000003	0.0	0.976749	-0.011304999999999999	-0.21409	0.0	-2.85558	2.5415	1.1305399999999999	0.07663060000000001	0.161946	0.70618	-0.689263	0.0	-0.32802600000000004	-0.620239	-0.712533	0.0	-0.9306840000000001	0.341488	0.1312	0.0	2.9126	2.32023	1.17444	0.217666	
3	-0.265477	0.45538999999999996	-0.8497889999999999	0.0	0.0766923	0.888599	0.452229	0.0	0.9610620000000001	0.054884	-0.270827	0.0	-2.8148400000000002	2.87224	0.8632549999999999	0.361975	0.152094	0.526308	-0.8365809999999999	0.0	-0.362537	-0.7577229999999999	-0.542608	0.0	-0.919475	0.385819	0.0755612	0.0	2.93811	2.57171	0.9057290000000001	0.263299	
3	-0.21905700000000003	0.514556	-0.829003	0.0	0.153175	0.85724	0.49160699999999996	0.0	0.963614	-0.0192924	-0.26660100000000003	0.0	-2.83153	2.85603	0.830058	0.363426	0.17929900000000001	0.289402	-0.940265	0.0	-0.400375	-0.85156	-0.338447	0.0	-0.898639	0.43714200000000003	-0.036814099999999995	0.0	3.0203900000000004	2.68485	0.660714	0.269291	
3	-0.138619	0.5923189999999999	-0.79369	0.0	0.25150700000000004	0.796207	0.550271	0.0	0.9578780000000001	-0.123341	-0.259341	0.0	-2.84746	2.78531	0.8116869999999999	0.363962	0.200059	0.19264	-0.960659	0.0	-0.421904	-0.867984	-0.261918	0.0	-0.884293	0.45770500000000003	-0.0923729	0.0	3.12127	2.75062	0.430014	0.27296	
3	-0.09464589999999999	0.6244850000000001	-0.775281	0.0	0.292164	0.761908	0.578046	0.0	0.951673	-0.1718	-0.254564	0.0	-2.88367	2.67397	0.754686	0.363971	0.152345	0.162736	-0.9748379999999999	0.0	-0.426256	-0.87908	-0.213365	0.0	-0.891682	0.448036	-0.064557	0.0	3.14135	2.7701	0.39650799999999997	0.288961	
3	-0.0483644	0.638844	-0.7678149999999999	0.0	0.376508	0.72367	0.578398	0.0	0.92515	-0.261115	-0.27553	0.0	-2.94598	2.65128	0.730661	0.363261	0.128398	0.162404	-0.9783350000000001	0.0	-0.41967899999999997	-0.884916	-0.201976	0.0	-0.898545	0.43651999999999996	-0.045464599999999994	0.0	3.1532	2.80254	0.407258	0.296658	
3	0.187763	0.71735	-0.6709350000000001	0.0	0.51464	0.509961	0.689264	0.0	0.8365950000000001	-0.474709	-0.273425	0.0	-3.07837	2.43912	0.733717	0.363018	0.163453	0.267583	-0.94957	0.0	-0.386488	-0.8682120000000001	-0.311184	0.0	-0.907695	0.417861	-0.0384945	0.0	3.18025	2.78976	0.404698	0.29701	
3	0.344884	0.735738	-0.5828770000000001	0.0	0.5372899999999999	0.354441	0.765305	0.0	0.769659	-0.5771149999999999	-0.273063	0.0	-3.13805	2.29466	0.706821	0.36235300000000004	0.224537	0.384666	-0.89533	0.0	-0.349516	-0.825866	-0.44247600000000004	0.0	-0.9096270000000001	0.41228400000000004	-0.050990100000000003	0.0	3.19275	2.76322	0.397598	0.298199	
3	0.580055	0.69021	-0.432605	0.0	0.498305	0.119453	0.858733	0.0	0.644382	-0.713681	-0.274646	0.0	-3.3037699999999997	1.92144	0.49470200000000003	0.363989	0.28534	0.502885	-0.815897	0.0	-0.305174	-0.759309	-0.574734	0.0	-0.908543	0.41298500000000005	-0.0631941	0.0	3.18033	2.71943	0.371783	0.300867	
3	0.710569	0.6102420000000001	-0.350279	0.0	0.423604	0.0264879	0.90546	0.0	0.561828	-0.791772	-0.239679	0.0	-3.4974800000000004	1.4848	0.159443	0.36391999999999997	0.304634	0.5634979999999999	-0.767899	0.0	-0.284721	-0.71548	-0.637984	0.0	-0.908918	0.412988	-0.057519799999999996	0.0	3.1329700000000003	2.6886900000000002	0.38366999999999996	0.30238200000000004	
3	0.819466	0.50649	-0.268225	0.0	0.322121	-0.0199322	0.9464889999999999	0.0	0.47403999999999996	-0.862016	-0.17948499999999998	0.0	-3.57363	0.885144	-0.32848099999999997	0.363978	0.300385	0.624225	-0.721188	0.0	-0.27023800000000003	-0.669427	-0.691982	0.0	-0.9147350000000001	0.402753	-0.032396499999999995	0.0	3.07052	2.6324099999999997	0.459216	0.309168	
3	0.856884	0.452763	-0.24648499999999998	0.0	0.288161	-0.024221299999999998	0.957276	0.0	0.42744899999999997	-0.891302	-0.151223	0.0	-3.54299	0.553425	-0.543882	0.363975	0.297146	0.651026	-0.698477	0.0	-0.264853	-0.6466149999999999	-0.7153609999999999	0.0	-0.917364	0.39755999999999997	-0.019712599999999997	0.0	3.04126	2.57757	0.478473	0.311592	
3	0.8891879999999999	0.372336	-0.265915	0.0	0.286825	-0.000805087	0.957982	0.0	0.356478	-0.928097	-0.107511	0.0	-3.4281599999999997	0.08005620000000001	-0.815253	0.36399899999999996	0.301989	0.673093	-0.675091	0.0	-0.256442	-0.624695	-0.73756	0.0	-0.918172	0.395856	-0.0160415	0.0	3.02487	2.4685799999999998	0.47536000000000006	0.310921	
3	0.856189	0.32695	-0.40005599999999997	0.0	0.396412	0.0808918	0.914502	0.0	0.331358	-0.941573	-0.0603485	0.0	-3.4165300000000003	-0.30505	-1.0190700000000001	0.363233	0.309745	0.672922	-0.67174	0.0	-0.25143000000000004	-0.623369	-0.740402	0.0	-0.916974	0.39823200000000003	-0.0238924	0.0	3.00906	2.37708	0.47761400000000004	0.310263	
3	0.795521	0.274136	-0.540367	0.0	0.519548	0.15029700000000001	0.8411190000000001	0.0	0.311796	-0.949874	-0.0228625	0.0	-3.40867	-0.594205	-1.10607	0.363935	0.312413	0.676072	-0.667327	0.0	-0.250755	-0.618881	-0.744384	0.0	-0.9162530000000001	0.399891	-0.0238174	0.0	2.95852	2.29085	0.479513	0.309708	
3	0.755793	0.24481	-0.6073270000000001	0.0	0.579059	0.183159	0.794445	0.0	0.305725	-0.9521139999999999	-0.00332947	0.0	-3.4020699999999997	-0.7395550000000001	-1.13257	0.36396799999999996	0.31614899999999996	0.677758	-0.663848	0.0	-0.2485	-0.616147	-0.7474029999999999	0.0	-0.915586	0.40125700000000003	-0.0263715	0.0	2.94015	2.2521400000000003	0.48766000000000004	0.310275	
3	0.606295	0.223622	-0.763151	0.0	0.70516	0.292462	0.645922	0.0	0.367635	-0.9297629999999999	0.019628299999999998	0.0	-3.51716	-1.1116	-1.30121	0.364028	0.314865	0.6729310000000001	-0.669346	0.0	-0.253204	-0.620104	-0.7425350000000001	0.0	-0.914739	0.40328	-0.0248603	0.0	2.8774900000000003	2.1618	0.510763	0.30874	
3	0.550728	0.259167	-0.79343	0.0	0.718842	0.335854	0.608661	0.0	0.42422200000000004	-0.905558	-0.00133616	0.0	-3.45464	-1.1797799999999998	-1.40647	0.364012	0.312633	0.670479	-0.6728430000000001	0.0	-0.25522	-0.623009	-0.7394069999999999	0.0	-0.9149440000000001	0.402886	-0.023653900000000002	0.0	2.85124	2.11099	0.517604	0.308483	
3	0.546425	0.26413600000000004	-0.7947649999999999	0.0	0.7150890000000001	0.34684299999999996	0.606917	0.0	0.435968	-0.899962	0.0006427469999999999	0.0	-3.35264	-1.2011	-1.51864	0.362807	0.314033	0.6688810000000001	-0.673782	0.0	-0.255872	-0.623798	-0.738516	0.0	-0.914283	0.40431999999999996	-0.0247458	0.0	2.8306	2.09404	0.5314760000000001	0.30815	
3	0.537234	0.258856	-0.802728	0.0	0.712763	0.36951	0.59618	0.0	0.450941	-0.892444	0.0140102	0.0	-3.2530900000000003	-1.22609	-1.56728	0.363197	0.312827	0.6670590000000001	-0.676145	0.0	-0.258316	-0.62529	-0.736401	0.0	-0.914009	0.405025	-0.023296	0.0	2.80655	2.09131	0.557563	0.30803	
3	0.53692	0.24951500000000001	-0.80589	0.0	0.7159439999999999	0.370533	0.591717	0.0	0.446251	-0.8946770000000001	0.0203078	0.0	-3.18189	-1.2384	-1.58625	0.363883	0.312535	0.667714	-0.675633	0.0	-0.25908600000000004	-0.624376	-0.736905	0.0	-0.913891	0.405356	-0.0221444	0.0	2.79048	2.09242	0.595403	0.308595	
3	0.535453	0.241544	-0.809288	0.0	0.7175590000000001	0.375258	0.586763	0.0	0.445421	-0.8948959999999999	0.027610500000000003	0.0	-3.15538	-1.25701	-1.53869	0.363987	0.30232600000000004	0.668409	-0.679579	0.0	-0.263396	-0.6266010000000001	-0.73348	0.0	-0.91609	0.40074899999999997	-0.0133816	0.0	2.77501	2.0657799999999997	0.61379	0.309816	
3	0.533844	0.234407	-0.812443	0.0	0.719061	0.379713	0.58204	0.0	0.444929	-0.894914	0.034154199999999996	0.0	-3.14561	-1.27352	-1.48167	0.363985	0.304738	0.667162	-0.6797270000000001	0.0	-0.262469	-0.627213	-0.73329	0.0	-0.915557	0.401868	-0.0160268	0.0	2.7741599999999997	2.0643599999999998	0.615355	0.309795	
3	0.526469	0.206085	-0.824839	0.0	0.729052	0.389689	0.5626939999999999	0.0	0.43739399999999995	-0.8975920000000001	0.0549124	0.0	-3.13243	-1.28864	-1.38342	0.363967	0.302604	0.66505	-0.6827449999999999	0.0	-0.263908	-0.629857	-0.7305020000000001	0.0	-0.915851	0.40123400000000004	-0.0150856	0.0	2.77568	2.0622700000000003	0.617899	0.309675	
3	0.5206890000000001	0.190032	-0.8323280000000001	0.0	0.736276	0.39356599999999997	0.550457	0.0	0.43218100000000004	-0.8994409999999999	0.0650093	0.0	-3.09289	-1.27559	-1.29867	0.363981	0.30295500000000003	0.666179	-0.6814859999999999	0.0	-0.263264	-0.628764	-0.731675	0.0	-0.9159209999999999	0.401075	-0.0151067	0.0	2.7753900000000002	2.05838	0.6189979999999999	0.309718	
3	0.520708	0.190194	-0.8322799999999999	0.0	0.736241	0.39350599999999997	0.550547	0.0	0.43221800000000005	-0.899433	0.0648734	0.0	-3.09349	-1.27604	-1.30031	0.363979	0.30295500000000003	0.666181	-0.681485	0.0	-0.263266	-0.628761	-0.731676	0.0	-0.9159200000000001	0.401077	-0.0151041	0.0	2.77541	2.0585	0.618945	0.30972	
3	0.520708	0.190192	-0.8322799999999999	0.0	0.736241	0.393507	0.550546	0.0	0.432217	-0.899433	0.0648746	0.0	-3.09349	-1.27604	-1.3003200000000001	0.36398	0.30295500000000003	0.666181	-0.681485	0.0	-0.263265	-0.628762	-0.731676	0.0	-0.9159200000000001	0.40107600000000004	-0.015104300000000001	0.0	2.77541	2.0585	0.618945	0.309719	
3	0.520708	0.190192	-0.8322799999999999	0.0	0.736242	0.393507	0.550546	0.0	0.432217	-0.899433	0.0648746	0.0	-3.09349	-1.27604	-1.3003200000000001	0.36398	0.30295500000000003	0.666181	-0.681485	0.0	-0.263266	-0.628762	-0.731676	0.0	-0.9159200000000001	0.401077	-0.015104300000000001	0.0	2.77541	2.0585	0.6189439999999999	0.30972	
3	0.520708	0.190192	-0.8322799999999999	0.0	0.736241	0.393507	0.550546	0.0	0.432217	-0.899433	0.0648747	0.0	-3.09349	-1.27604	-1.3003200000000001	0.36398	0.30295500000000003	0.666181	-0.681485	0.0	-0.263266	-0.628761	-0.731676	0.0	-0.9159200000000001	0.401077	-0.0151041	0.0	2.77541	2.0585	0.6189439999999999	0.30972	
3	0.520708	0.190192	-0.8322799999999999	0.0	0.736242	0.393507	0.550546	0.0	0.432217	-0.899433	0.0648746	0.0	-3.09349	-1.27604	-1.3003200000000001	0.36398	0.30295500000000003	0.666181	-0.681485	0.0	-0.263265	-0.628762	-0.731676	0.0	-0.9159200000000001	0.40107600000000004	-0.015104300000000001	0.0	2.77541	2.0585	0.618945	0.309719	
3	0.520708	0.190192	-0.8322799999999999	0.0	0.736241	0.393507	0.550546	0.0	0.432217	-0.899433	0.0648746	0.0	-3.09349	-1.27604	-1.3003200000000001	0.36398	0.30295500000000003	0.666181	-0.681485	0.0	-0.263266	-0.628761	-0.731676	0.0	-0.9159200000000001	0.401077	-0.015104	0.0	2.77541	2.0585	0.6189439999999999	0.30972	
3	0.520708	0.190192	-0.8322799999999999	0.0	0.736241	0.393507	0.550546	0.0	0.432217	-0.899433	0.0648746	0.0	-3.09349	-1.27604	-1.3003200000000001	0.36398	0.30295500000000003	0.666181	-0.681485	0.0	-0.263266	-0.628762	-0.731676	0.0	-0.9159200000000001	0.401077	-0.0151042	0.0	2.77541	2.0585	0.618945	0.30972	
3	0.520708	0.190192	-0.8322799999999999	0.0	0.736242	0.393507	0.550546	0.0	0.432217	-0.899433	0.0648746	0.0	-3.09349	-1.27604	-1.3003200000000001	0.36398	0.30295500000000003	0.666181	-0.681485	0.0	-0.263265	-0.628762	-0.731676	0.0	-0.9159200000000001	0.40107600000000004	-0.015104300000000001	0.0	2.77541	2.0585	0.6189439999999999	0.309719	
3	0.520708	0.190192	-0.8322799999999999	0.0	0.736242	0.393507	0.550546	0.0	0.432217	-0.899433	0.0648746	0.0	-3.09349	-1.27604	-1.3003200000000001	0.36398	0.30295500000000003	0.666181	-0.681485	0.0	-0.263266	-0.628761	-0.731676	0.0	-0.9159200000000001	0.401077	-0.0151041	0.0	2.77541	2.0585	0.6189439999999999	0.309719	
3	0.520708	0.190192	-0.8322799999999999	0.0	0.736241	0.393507	0.550546	0.0	0.432217	-0.899433	0.0648746	0.0	-3.09349	-1.27604	-1.3003200000000001	0.36398	0.30295500000000003	0.666181	-0.681485	0.0	-0.263265	-0.628762	-0.731676	0.0	-0.9159200000000001	0.40107600000000004	-0.015104300000000001	0.0	2.77541	2.0585	0.618945	0.309719	
3	0.520708	0.190192	-0.8322799999999999	0.0	0.736241	0.393507	0.550546	0.0	0.432217	-0.899433	0.0648747	0.0	-3.09349	-1.27604	-1.3003200000000001	0.36398	0.30295500000000003	0.666181	-0.681485	0.0	-0.263265	-0.628762	-0.731676	0.0	-0.9159200000000001	0.40107600000000004	-0.015104300000000001	0.0	2.77541	2.0585	0.6189439999999999	0.309719	
3	0.520708	0.190192	-0.8322799999999999	0.0	0.736242	0.393507	0.550546	0.0	0.432217	-0.899433	0.0648747	0.0	-3.09349	-1.27604	-1.3003200000000001	0.36398	0.30295500000000003	0.666181	-0.681485	0.0	-0.263265	-0.628762	-0.731676	0.0	-0.9159200000000001	0.401077	-0.015104300000000001	0.0	2.77541	2.0585	0.6189439999999999	0.309719	
3	0.520708	0.190192	-0.8322799999999999	0.0	0.736241	0.393507	0.550546	0.0	0.432217	-0.899433	0.0648746	0.0	-3.09349	-1.27604	-1.3003200000000001	0.36398	0.30295500000000003	0.666181	-0.681485	0.0	-0.263266	-0.628762	-0.731676	0.0	-0.9159200000000001	0.401077	-0.0151041	0.0	2.77541	2.0585	0.6189439999999999	0.309719	
3	0.520708	0.190192	-0.8322799999999999	0.0	0.736241	0.393507	0.550546	0.0	0.432217	-0.899433	0.0648746	0.0	-3.09349	-1.27604	-1.3003200000000001	0.36398	0.30295500000000003	0.666181	-0.681485	0.0	-0.263266	-0.628762	-0.731676	0.0	-0.9159200000000001	0.401077	-0.0151041	0.0	2.77541	2.0585	0.618945	0.30972	
3	0.520708	0.190192	-0.8322799999999999	0.0	0.736242	0.393507	0.550546	0.0	0.432217	-0.899433	0.0648746	0.0	-3.09349	-1.27604	-1.3003200000000001	0.36398	0.30295500000000003	0.666181	-0.681485	0.0	-0.263265	-0.628762	-0.731676	0.0	-0.9159200000000001	0.40107600000000004	-0.015104300000000001	0.0	2.77541	2.0585	0.6189439999999999	0.309719	
3	0.520708	0.190192	-0.8322799999999999	0.0	0.736241	0.393507	0.550546	0.0	0.432217	-0.899433	0.0648746	0.0	-3.09349	-1.27604	-1.3003200000000001	0.36398	0.30295500000000003	0.666181	-0.681485	0.0	-0.263265	-0.628762	-0.731676	0.0	-0.9159200000000001	0.40107600000000004	-0.015104300000000001	0.0	2.77541	2.0585	0.618945	0.309719	
3	0.520708	0.190192	-0.8322799999999999	0.0	0.736242	0.393507	0.550546	0.0	0.432217	-0.899433	0.0648746	0.0	-3.09349	-1.27604	-1.3003200000000001	0.36398	0.30295500000000003	0.66618	-0.681485	0.0	-0.263265	-0.628762	-0.731676	0.0	-0.9159200000000001	0.40107600000000004	-0.0151042	0.0	2.77541	2.0585	0.6189439999999999	0.309719	
3	0.520708	0.190192	-0.8322799999999999	0.0	0.736241	0.393507	0.550546	0.0	0.432217	-0.899433	0.0648746	0.0	-3.09349	-1.27604	-1.3003200000000001	0.36398	0.30295500000000003	0.666181	-0.681485	0.0	-0.263266	-0.628762	-0.731676	0.0	-0.9159200000000001	0.401077	-0.0151042	0.0	2.77541	2.0585	0.6189439999999999	0.30972	
3	0.520708	0.190192	-0.8322799999999999	0.0	0.736242	0.393507	0.550546	0.0	0.432217	-0.899433	0.0648746	0.0	-3.09349	-1.27604	-1.3003200000000001	0.36398	0.30295500000000003	0.666181	-0.681485	0.0	-0.263266	-0.628762	-0.731676	0.0	-0.9159200000000001	0.40107600000000004	-0.0151041	0.0	2.77541	2.0585	0.618945	0.30972	
3	0.520708	0.190192	-0.8322799999999999	0.0	0.736242	0.393507	0.550546	0.0	0.432217	-0.899433	0.0648746	0.0	-3.09349	-1.27604	-1.3003200000000001	0.36398	0.30295500000000003	0.666181	-0.681485	0.0	-0.263266	-0.628761	-0.731676	0.0	-0.9159200000000001	0.401077	-0.0151041	0.0	2.77541	2.0585	0.6189439999999999	0.30972	
3	0.520708	0.190192	-0.8322799999999999	0.0	0.736241	0.393507	0.550546	0.0	0.432217	-0.899433	0.0648747	0.0	-3.09349	-1.27604	-1.3003200000000001	0.36398	0.30295500000000003	0.666181	-0.681485	0.0	-0.263266	-0.628761	-0.731676	0.0	-0.9159200000000001	0.401077	-0.0151041	0.0	2.77541	2.0585	0.6189439999999999	0.30972	
3	0.520708	0.190192	-0.8322799999999999	0.0	0.736241	0.393507	0.550546	0.0	0.432217	-0.899433	0.0648747	0.0	-3.09349	-1.27604	-1.3003200000000001	0.36398	0.30295500000000003	0.666181	-0.681485	0.0	-0.263266	-0.628762	-0.731676	0.0	-0.9159200000000001	0.401077	-0.015104	0.0	2.77541	2.0585	0.6189439999999999	0.30972	
3	0.520708	0.190192	-0.8322799999999999	0.0	0.736242	0.393507	0.550546	0.0	0.432217	-0.899433	0.0648746	0.0	-3.09349	-1.27604	-1.3003200000000001	0.36398	0.30295500000000003	0.666181	-0.681485	0.0	-0.263266	-0.628762	-0.731676	0.0	-0.9159200000000001	0.40107600000000004	-0.0151041	0.0	2.77541	2.0585	0.618945	0.30972	
3	0.26466799999999996	0.5441239999999999	-0.796166	0.0	0.731526	0.42466800000000005	0.533411	0.0	0.6283479999999999	-0.723593	-0.285645	0.0	-3.09765	-1.38628	-1.44699	0.363983	-0.22950900000000002	0.885718	-0.40352	0.0	0.44196899999999995	-0.274539	-0.853986	0.0	-0.867173	-0.374341	-0.32845100000000005	0.0	2.6903799999999998	1.9446599999999998	0.5132939999999999	0.357591	
3	0.31700700000000004	0.524946	-0.789898	0.0	0.7225020000000001	0.40587399999999996	0.559693	0.0	0.614408	-0.748129	-0.25061	0.0	-3.0798400000000004	-1.5817299999999999	-1.59451	0.363956	-0.254799	0.881403	-0.397752	0.0	0.453638	-0.254306	-0.854132	0.0	-0.853985	-0.398067	-0.335041	0.0	2.63046	1.7531599999999998	0.307913	0.35652399999999995	
3	0.40323600000000004	0.47772	-0.780502	0.0	0.7043470000000001	0.382484	0.5979979999999999	0.0	0.584205	-0.790879	-0.18225	0.0	-3.06735	-2.0603599999999997	-1.8473099999999998	0.36396999999999996	-0.31597	0.8496360000000001	-0.42223299999999997	0.0	0.469325	-0.246802	-0.847835	0.0	-0.824559	-0.466055	-0.320773	0.0	2.49927	1.3828	0.0133208	0.356906	
3	0.45065	0.43396	-0.7801239999999999	0.0	0.705978	0.361599	0.608967	0.0	0.546359	-0.825182	-0.14341099999999998	0.0	-3.11462	-2.50343	-2.11632	0.363966	-0.371623	0.817297	-0.440367	0.0	0.488029	-0.23153400000000002	-0.841558	0.0	-0.789763	-0.5276529999999999	-0.312821	0.0	2.37247	0.991993	-0.23009699999999997	0.356599	
3	0.503642	0.398717	-0.766401	0.0	0.7007140000000001	0.330362	0.6323449999999999	0.0	0.505317	-0.855503	-0.11300299999999999	0.0	-3.11795	-2.7536	-2.28538	0.377393	-0.416972	0.7810090000000001	-0.46493	0.0	0.510522	-0.221962	-0.830722	0.0	-0.7519979999999999	-0.583745	-0.30617	0.0	2.2593900000000002	0.576132	-0.451808	0.357194	
3	0.5628989999999999	0.33975	-0.7534689999999999	0.0	0.6968979999999999	0.295036	0.653672	0.0	0.44438599999999995	-0.893042	-0.07069600000000001	0.0	-2.9656599999999997	-2.88003	-2.2659	0.39110100000000003	-0.462606	0.74915	-0.4741	0.0	0.530986	-0.194117	-0.8248469999999999	0.0	-0.709965	-0.633319	-0.307988	0.0	2.1457900000000003	0.08213999999999999	-0.651996	0.356527	
3	0.605334	0.30796	-0.7339829999999999	0.0	0.6860729999999999	0.265671	0.677291	0.0	0.40357600000000005	-0.9135530000000001	-0.0504633	0.0	-2.89246	-2.94523	-2.23485	0.388314	-0.499831	0.726068	-0.472221	0.0	0.540621	-0.164423	-0.825041	0.0	-0.6766810000000001	-0.667675	-0.310344	0.0	2.04195	-0.318874	-0.799471	0.356579	
3	0.613588	0.303129	-0.729124	0.0	0.684707	0.255669	0.682503	0.0	0.393301	-0.918012	-0.050679	0.0	-2.88783	-2.94528	-2.23385	0.386923	-0.520652	0.706792	-0.47892299999999993	0.0	0.5483600000000001	-0.153116	-0.822106	0.0	-0.654388	-0.690653	-0.307856	0.0	1.99701	-0.63907	-0.9334540000000001	0.355892	
3	0.609771	0.279586	-0.741627	0.0	0.6853739999999999	0.283929	0.670557	0.0	0.398048	-0.917178	-0.0184894	0.0	-2.88972	-2.95138	-2.24463	0.386446	-0.530824	0.6980529999999999	-0.48057	0.0	0.538552	-0.15999000000000002	-0.8272639999999999	0.0	-0.654361	-0.697943	-0.291011	0.0	1.91277	-0.895379	-1.01296	0.35590700000000003	
3	0.617993	0.233641	-0.750664	0.0	0.689634	0.297344	0.660297	0.0	0.37747800000000004	-0.925742	0.0226296	0.0	-2.88177	-2.9545	-2.25862	0.38752	-0.53489	0.698171	-0.475868	0.0	0.528392	-0.16308	-0.833191	0.0	-0.6593140000000001	-0.69711	-0.28167800000000004	0.0	1.8400599999999998	-0.9933129999999999	-1.0179200000000002	0.355613	
3	0.666315	0.126006	-0.734947	0.0	0.6721090000000001	0.32537699999999997	0.665131	0.0	0.322945	-0.9371510000000001	0.132114	0.0	-2.85875	-2.96171	-2.29027	0.393536	-0.535702	0.6939	-0.481171	0.0	0.515702	-0.182364	-0.8371350000000001	0.0	-0.668636	-0.696596	-0.260153	0.0	1.7913400000000002	-1.06112	-0.9866510000000001	0.355215	
3	0.760368	-0.00573644	-0.649467	0.0	0.616049	0.32311100000000004	0.718389	0.0	0.205729	-0.9463440000000001	0.249217	0.0	-2.82596	-2.96486	-2.31256	0.405902	-0.532706	0.6895060000000001	-0.49072	0.0	0.512731	-0.198364	-0.8353200000000001	0.0	-0.673298	-0.696587	-0.247862	0.0	1.75596	-1.0550899999999999	-0.9112120000000001	0.354943	
3	0.80632	-0.111546	-0.580867	0.0	0.582908	0.316446	0.7483850000000001	0.0	0.100334	-0.9420290000000001	0.320178	0.0	-2.8035099999999997	-2.9472	-2.34018	0.39516599999999996	-0.531697	0.685693	-0.497115	0.0	0.507935	-0.21151599999999998	-0.835023	0.0	-0.677717	-0.696481	-0.23582399999999998	0.0	1.7407400000000002	-1.0484799999999999	-0.8473959999999999	0.354743	
3	0.788945	-0.130716	-0.600399	0.0	0.608382	0.3033	0.733403	0.0	0.0862332	-0.943887	0.318812	0.0	-2.79608	-2.94095	-2.33697	0.391004	-0.532679	0.684552	-0.497637	0.0	0.50756	-0.21212199999999998	-0.835097	0.0	-0.677227	-0.697419	-0.234458	0.0	1.75013	-1.04813	-0.836449	0.355102	
3	0.7255149999999999	-0.214655	-0.653874	0.0	0.687291	0.274969	0.672327	0.0	0.0354764	-0.937185	0.347024	0.0	-3.67496	-3.5990900000000003	-2.1080799999999997	0.352902	-0.533458	0.686272	-0.49442299999999995	0.0	0.50278	-0.21278000000000002	-0.837817	0.0	-0.6801729999999999	-0.695526	-0.231535	0.0	1.77105	-1.05284	-0.833715	0.354979	
3	0.678075	-0.22416	-0.699976	0.0	0.734831	0.226725	0.6392329999999999	0.0	0.0154119	-0.9478120000000001	0.318457	0.0	-4.49712	-4.46853	-1.7298200000000001	0.36227	-0.5313	0.687479	-0.495068	0.0	0.501624	-0.215637	-0.83778	0.0	-0.682711	-0.69345	-0.23028800000000002	0.0	1.79466	-1.05372	-0.837124	0.35488200000000003	
3	0.641718	-0.21097800000000003	-0.737351	0.0	0.7664340000000001	0.21137199999999998	0.606549	0.0	0.027886900000000003	-0.954364	0.297342	0.0	-4.58991	-4.10439	-1.56382	0.362728	-0.530053	0.6865100000000001	-0.49774300000000005	0.0	0.501264	-0.21977	-0.8369200000000001	0.0	-0.6839430000000001	-0.693113	-0.227633	0.0	1.8043200000000001	-1.05734	-0.843025	0.35486100000000004	
3	0.626261	-0.191215	-0.7558	0.0	0.7785979999999999	0.20286600000000002	0.593827	0.0	0.0397779	-0.960355	0.275927	0.0	-4.65926	-3.84774	-1.46688	0.362836	-0.530541	0.685467	-0.49866000000000005	0.0	0.500844	-0.221117	-0.836817	0.0	-0.683873	-0.693716	-0.22600100000000004	0.0	1.8054	-1.05882	-0.827292	0.355143	
3	0.630073	-0.166727	-0.758426	0.0	0.774409	0.20714200000000002	0.597815	0.0	0.0574299	-0.9639989999999999	0.25963	0.0	-4.7119	-3.71938	-1.43662	0.362737	-0.530682	0.684373	-0.5000100000000001	0.0	0.500788	-0.22276700000000002	-0.836413	0.0	-0.683804	-0.694268	-0.22450799999999999	0.0	1.8072700000000002	-1.0555299999999999	-0.815264	0.355133	
3	0.601671	-0.08287280000000001	-0.794434	0.0	0.789458	0.212923	0.575691	0.0	0.12144400000000001	-0.973548	0.19353399999999998	0.0	-4.6679900000000005	-3.62451	-1.45904	0.363141	-0.528726	0.681334	-0.506195	0.0	0.498704	-0.233217	-0.834808	0.0	-0.686836	-0.693826	-0.21647600000000003	0.0	1.78624	-1.04972	-0.8151520000000001	0.355123	
3	0.5008229999999999	0.0463936	-0.8643059999999999	0.0	0.84124	0.208906	0.49867100000000003	0.0	0.20369400000000001	-0.976835	0.0655969	0.0	-4.55975	-3.61931	-1.6791099999999999	0.363998	-0.5283640000000001	0.6784319999999999	-0.510452	0.0	0.495619	-0.241689	-0.8342350000000001	0.0	-0.689343	-0.69377	-0.208544	0.0	1.74635	-1.03591	-0.786242	0.355189	
3	0.384307	0.150835	-0.9108	0.0	0.8872129999999999	0.212445	0.409538	0.0	0.255268	-0.965461	-0.052178800000000004	0.0	-4.4682699999999995	-3.55243	-2.0232900000000003	0.363954	-0.531015	0.675561	-0.511508	0.0	0.49333699999999997	-0.24431599999999998	-0.834823	0.0	-0.6889430000000001	-0.695649	-0.203544	0.0	1.71945	-1.04419	-0.745034	0.35544899999999996	
3	0.272907	0.22463200000000003	-0.935448	0.0	0.9041520000000001	0.272318	0.329169	0.0	0.32868200000000003	-0.9356190000000001	-0.12878399999999998	0.0	-4.36218	-3.44181	-2.3303599999999998	0.36398800000000003	-0.5340199999999999	0.6735899999999999	-0.5109779999999999	0.0	0.495271	-0.240591	-0.8347600000000001	0.0	-0.685222	-0.698851	-0.205129	0.0	1.7111599999999998	-1.0515	-0.732675	0.355346	
3	0.23194	0.205112	-0.950859	0.0	0.907875	0.305311	0.287314	0.0	0.34923899999999997	-0.9299	-0.115402	0.0	-4.29443	-3.4531199999999997	-2.40183	0.36399000000000004	-0.5342560000000001	0.673871	-0.510362	0.0	0.498188	-0.236756	-0.8341200000000001	0.0	-0.68292	-0.699889	-0.20922600000000002	0.0	1.7168900000000002	-1.0516	-0.731274	0.355244	
3	0.199932	0.15845499999999998	-0.9669120000000001	0.0	0.918801	0.312463	0.241189	0.0	0.34034200000000003	-0.9366209999999999	-0.0831171	0.0	-4.13722	-3.6119	-2.42773	0.36397399999999996	-0.5329079999999999	0.674713	-0.5106569999999999	0.0	0.501004	-0.23474899999999999	-0.833	0.0	-0.681912	-0.699753	-0.212934	0.0	1.78013	-1.05114	-0.733742	0.354969	
3	0.21403000000000003	0.138917	-0.966899	0.0	0.9209639999999999	0.301242	0.247142	0.0	0.32560300000000003	-0.943375	-0.0634626	0.0	-4.058730000000001	-3.79071	-2.48437	0.365215	-0.532213	0.6731779999999999	-0.513401	0.0	0.49930699999999995	-0.240143	-0.8324809999999999	0.0	-0.683697	-0.6994020000000001	-0.208315	0.0	1.79785	-1.02693	-0.733479	0.355061	
3	0.22993899999999998	0.12385299999999999	-0.965292	0.0	0.919381	0.297641	0.25719200000000003	0.0	0.31916500000000003	-0.9466100000000001	-0.0454288	0.0	-4.05219	-3.7887800000000005	-2.5023400000000002	0.36740100000000003	-0.531884	0.671258	-0.5162479999999999	0.0	0.5000020000000001	-0.24307800000000002	-0.831211	0.0	-0.683445	-0.700233	-0.206341	0.0	1.80115	-1.01476	-0.732399	0.355056	
3	0.279638	0.0957836	-0.9553159999999999	0.0	0.904717	0.306783	0.295587	0.0	0.321386	-0.9469479999999999	-0.0008687969999999999	0.0	-4.04369	-3.7934099999999997	-2.55092	0.371371	-0.532676	0.6699	-0.517195	0.0	0.499596	-0.24437399999999998	-0.831075	0.0	-0.683126	-0.701082	-0.204507	0.0	1.8043099999999999	-0.98464	-0.71226	0.355187	
3	0.288288	0.093385	-0.9529790000000001	0.0	0.9004120000000001	0.31219	0.302978	0.0	0.325804	-0.945419	0.00591564	0.0	-4.04303	-3.7955900000000002	-2.5582599999999998	0.372161	-0.532551	0.671441	-0.515323	0.0	0.49997600000000003	-0.241708	-0.831625	0.0	-0.682945	-0.7005319999999999	-0.206983	0.0	1.8098299999999998	-0.9726469999999999	-0.709482	0.355299	
3	0.29173499999999997	0.09290520000000001	-0.9519770000000001	0.0	0.8974799999999999	0.31760900000000003	0.30603	0.0	0.330788	-0.943659	0.00927722	0.0	-4.04395	-3.79745	-2.56117	0.371448	-0.5324949999999999	0.672663	-0.513784	0.0	0.49978599999999995	-0.240019	-0.8322290000000001	0.0	-0.683127	-0.69994	-0.208379	0.0	1.8202599999999998	-0.968724	-0.708974	0.355206	
3	0.290039	0.0918095	-0.952601	0.0	0.894921	0.32668400000000003	0.303963	0.0	0.339106	-0.940664	0.0125889	0.0	-4.0478	-3.8014900000000003	-2.5632599999999996	0.37068	-0.531705	0.675315	-0.511117	0.0	0.49785799999999997	-0.23899	-0.8336790000000001	0.0	-0.6851470000000001	-0.697735	-0.209139	0.0	1.8381900000000002	-0.9775510000000001	-0.719843	0.355086	
3	0.282702	0.0895432	-0.9550190000000001	0.0	0.8932680000000001	0.3382	0.296132	0.0	0.349504	-0.9368049999999999	0.015623500000000002	0.0	-4.055969999999999	-3.80833	-2.5634200000000003	0.370657	-0.531652	0.675958	-0.510321	0.0	0.49668999999999996	-0.23921599999999998	-0.834311	0.0	-0.686036	-0.697034	-0.20856100000000002	0.0	1.8405599999999998	-0.987188	-0.731244	0.355054	
3	0.23958400000000002	0.0792479	-0.967636	0.0	0.8903280000000001	0.37953899999999996	0.251527	0.0	0.387189	-0.921775	0.020375099999999997	0.0	-4.0652099999999995	-3.8309599999999997	-2.54727	0.36489699999999997	-0.533087	0.676507	-0.508092	0.0	0.49384799999999995	-0.23881100000000002	-0.8361120000000001	0.0	-0.686973	-0.696641	-0.20678400000000002	0.0	1.8288900000000001	-1.00642	-0.714711	0.355012	
3	0.199396	0.0759454	-0.976972	0.0	0.8913399999999999	0.40016599999999997	0.21302600000000002	0.0	0.407129	-0.9132899999999999	0.012098399999999999	0.0	-4.045730000000001	-3.84826	-2.5259400000000003	0.36640500000000004	-0.534066	0.67711	-0.506257	0.0	0.49499799999999994	-0.23500900000000002	-0.8365090000000001	0.0	-0.685383	-0.697347	-0.20965799999999998	0.0	1.82415	-1.02034	-0.7027939999999999	0.354948	
3	0.18670699999999998	0.0821987	-0.9789709999999999	0.0	0.893373	0.400339	0.203996	0.0	0.408688	-0.912673	0.00131178	0.0	-4.04817	-3.85129	-2.51979	0.373374	-0.533942	0.676828	-0.5067649999999999	0.0	0.496058	-0.234605	-0.835995	0.0	-0.684714	-0.697757	-0.21048000000000003	0.0	1.8317400000000001	-1.01495	-0.71383	0.354819	
3	0.179816	0.08624420000000001	-0.9799120000000001	0.0	0.877434	0.43628500000000003	0.19941	0.0	0.444719	-0.895666	0.0027776999999999997	0.0	-4.0789	-3.8512800000000005	-2.52025	0.375107	-0.533794	0.676405	-0.507483	0.0	0.496183	-0.23542	-0.835691	0.0	-0.684738	-0.697892	-0.20995500000000003	0.0	1.8408799999999998	-1.00937	-0.726217	0.35480900000000004	
3	0.173014	0.08544910000000001	-0.9812059999999999	0.0	0.8668379999999999	0.459768	0.192887	0.0	0.467609	-0.883919	0.00547576	0.0	-4.09858	-3.85129	-2.52347	0.37541199999999997	-0.533852	0.676665	-0.507077	0.0	0.495507	-0.23558600000000002	-0.836046	0.0	-0.685183	-0.697585	-0.209524	0.0	1.84348	-1.0096399999999999	-0.72577	0.35488200000000003	
3	0.166544	0.08735599999999999	-0.982157	0.0	0.854137	0.484892	0.18796400000000002	0.0	0.49266000000000004	-0.8702	0.00614202	0.0	-4.09963	-3.74116	-2.443	0.375154	-0.534169	0.677412	-0.505744	0.0	0.49297399999999997	-0.236393	-0.8373139999999999	0.0	-0.686761	-0.6965859999999999	-0.207673	0.0	1.8333400000000002	-1.01993	-0.699918	0.354829	
3	0.163322	0.0863502	-0.9827870000000001	0.0	0.846726	0.49899399999999994	0.184554	0.0	0.5063409999999999	-0.862293	0.00838155	0.0	-4.1093	-3.7317699999999996	-2.4365099999999997	0.37682	-0.5336310000000001	0.678082	-0.505415	0.0	0.493133	-0.236026	-0.837324	0.0	-0.6870649999999999	-0.696058	-0.208434	0.0	1.82788	-1.0256299999999998	-0.692439	0.35478000000000004	
3	0.143001	0.067162	-0.987441	0.0	0.822946	0.546188	0.156328	0.0	0.549828	-0.834966	0.0228345	0.0	-4.01575	-3.53557	-2.33707	0.363307	-0.53461	0.67697	-0.5058699999999999	0.0	0.49321099999999996	-0.236143	-0.8372450000000001	0.0	-0.686247	-0.6971	-0.207644	0.0	1.81919	-1.02967	-0.6860189999999999	0.354881	
3	0.134915	0.054451099999999995	-0.98936	0.0	0.80913	0.570284	0.141724	0.0	0.571933	-0.819641	0.03288169999999999	0.0	-3.7712800000000004	-3.3394800000000004	-2.23128	0.363854	-0.534852	0.676769	-0.505884	0.0	0.493792	-0.23547800000000002	-0.83709	0.0	-0.685641	-0.69752	-0.20823699999999998	0.0	1.81987	-1.02556	-0.685692	0.354831	
3	0.124197	0.0108632	-0.9921979999999999	0.0	0.749889	0.653804	0.101024	0.0	0.6498010000000001	-0.756586	0.073054	0.0	-3.53685	-3.23192	-2.0531	0.364018	-0.53454	0.677762	-0.5048819999999999	0.0	0.492932	-0.235231	-0.837666	0.0	-0.6865020000000001	-0.696638	-0.20835	0.0	1.82608	-1.025	-0.6856359999999999	0.354673	
3	0.130322	-0.0219054	-0.9912299999999999	0.0	0.729593	0.679078	0.0809159	0.0	0.671349	-0.73374	0.10447999999999999	0.0	-3.31805	-3.18757	-1.8615700000000002	0.363991	-0.534142	0.6777479999999999	-0.505321	0.0	0.492213	-0.236652	-0.8376889999999999	0.0	-0.687327	-0.696171	-0.207191	0.0	1.8211700000000002	-1.02601	-0.6868380000000001	0.35482800000000003	
3	0.159436	-0.0295099	-0.9867670000000001	0.0	0.724444	0.682525	0.0966401	0.0	0.670642	-0.730266	0.130197	0.0	-3.19889	-3.19213	-1.7401900000000001	0.36399000000000004	-0.534445	0.677369	-0.50551	0.0	0.491358	-0.23763800000000002	-0.8379120000000001	0.0	-0.687704	-0.696204	-0.205826	0.0	1.81893	-1.02867	-0.688611	0.354825	
3	0.22345700000000002	-0.0204348	-0.9745	0.0	0.7598090000000001	0.629891	0.161019	0.0	0.610538	-0.776415	0.15628	0.0	-2.9611400000000003	-3.24936	-1.44359	0.363989	-0.534456	0.677307	-0.50558	0.0	0.49007399999999995	-0.239019	-0.8382700000000001	0.0	-0.68861	-0.6957899999999999	-0.20418499999999998	0.0	1.81572	-1.03195	-0.681761	0.35465599999999997	
3	0.261332	-0.00306112	-0.9652440000000001	0.0	0.796646	0.565336	0.21389299999999997	0.0	0.545032	-0.8248549999999999	0.150179	0.0	-2.89587	-3.3717599999999996	-1.3281100000000001	0.363994	-0.5334270000000001	0.676741	-0.507423	0.0	0.488987	-0.242772	-0.837827	0.0	-0.69018	-0.695042	-0.201416	0.0	1.8146099999999998	-1.02225	-0.675714	0.354479	
3	0.292335	0.00751594	-0.9562870000000001	0.0	0.818075	0.515914	0.254139	0.0	0.49527200000000005	-0.856608	0.144671	0.0	-2.8994400000000002	-3.5383699999999996	-1.3026	0.363977	-0.532539	0.673942	-0.512059	0.0	0.48650699999999997	-0.251328	-0.8367469999999999	0.0	-0.6926140000000001	-0.69472	-0.194036	0.0	1.8091400000000002	-0.995195	-0.671579	0.354509	
3	0.305331	0.00357082	-0.95224	0.0	0.832116	0.4852	0.26863400000000004	0.0	0.46298599999999995	-0.874396	0.145175	0.0	-2.8894	-3.5856800000000004	-1.29887	0.361296	-0.533555	0.669804	-0.516412	0.0	0.484646	-0.258265	-0.835714	0.0	-0.693136	-0.696176	-0.186819	0.0	1.7990099999999998	-0.9656030000000001	-0.65751	0.354625	
3	0.311636	-0.000660896	-0.9502010000000001	0.0	0.855384	0.435644	0.280236	0.0	0.413764	-0.900119	0.136328	0.0	-2.84853	-3.5852199999999996	-1.29016	0.356106	-0.533938	0.66892	-0.517163	0.0	0.482754	-0.260974	-0.835967	0.0	-0.6941609999999999	-0.696017	-0.18358	0.0	1.7909099999999998	-0.948051	-0.626592	0.354574	
3	0.311929	-0.00023862700000000002	-0.9501059999999999	0.0	0.866445	0.41038100000000005	0.28435900000000003	0.0	0.389837	-0.9119139999999999	0.128216	0.0	-2.8284	-3.5855099999999998	-1.2836100000000001	0.354084	-0.534199	0.669791	-0.5157619999999999	0.0	0.48241300000000004	-0.25948000000000004	-0.8366290000000001	0.0	-0.6941970000000001	-0.6957369999999999	-0.184502	0.0	1.79686	-0.9443889999999999	-0.617351	0.354587	
3	0.311963	0.00116771	-0.9500930000000001	0.0	0.88349	0.36746100000000004	0.290546	0.0	0.349462	-0.9300379999999999	0.113603	0.0	-2.8124	-3.5869800000000005	-1.28273	0.34994000000000003	-0.533929	0.670184	-0.515533	0.0	0.484234	-0.257457	-0.836202	0.0	-0.693136	-0.6961109999999999	-0.187063	0.0	1.8055700000000001	-0.941876	-0.617727	0.354458	
3	0.325321	0.04310719999999999	-0.9446200000000001	0.0	0.8889670000000001	0.326587	0.321058	0.0	0.32234	-0.944184	0.06792469999999999	0.0	-2.9507	-3.58774	-1.48357	0.35833200000000004	-0.533636	0.6716949999999999	-0.5138659999999999	0.0	0.484217	-0.255494	-0.8368129999999999	0.0	-0.6933729999999999	-0.695376	-0.188906	0.0	1.81319	-0.9439549999999999	-0.61416	0.354451	
3	0.47853900000000005	0.127851	-0.868708	0.0	0.827416	0.2655	0.494867	0.0	0.29391100000000003	-0.9555959999999999	0.021265700000000002	0.0	-3.1036	-3.5202199999999997	-1.7007	0.362676	-0.534846	0.676071	-0.506822	0.0	0.482092	-0.248443	-0.8401569999999999	0.0	-0.693922	-0.693689	-0.19305	0.0	1.84106	-0.964767	-0.61902	0.354504	
3	0.5821270000000001	0.164325	-0.79632	0.0	0.762868	0.228508	0.604827	0.0	0.281354	-0.9595739999999999	0.00766268	0.0	-3.04676	-3.3794699999999995	-1.6767	0.361937	-0.5341859999999999	0.677293	-0.505885	0.0	0.481662	-0.247937	-0.8405530000000001	0.0	-0.694728	-0.6926770000000001	-0.19378199999999998	0.0	1.85222	-0.9778450000000001	-0.628364	0.354505	
3	0.757467	0.23936	-0.607413	0.0	0.593475	0.135292	0.7934	0.0	0.27208699999999997	-0.9614590000000001	-0.039575099999999995	0.0	-2.90483	-3.0667299999999997	-1.55716	0.360757	-0.5336569999999999	0.677529	-0.506127	0.0	0.482058	-0.24802600000000002	-0.8403	0.0	-0.69486	-0.6924140000000001	-0.194248	0.0	1.87496	-0.994217	-0.634288	0.354522	
3	0.817221	0.266017	-0.511258	0.0	0.503099	0.10346500000000002	0.8580129999999999	0.0	0.281144	-0.9584	-0.0492793	0.0	-2.8006599999999997	-2.8955	-1.45262	0.360962	-0.533054	0.67789	-0.506278	0.0	0.48234899999999997	-0.248133	-0.840101	0.0	-0.695121	-0.692022	-0.194711	0.0	1.8864599999999998	-0.995136	-0.635055	0.35434099999999996	
3	0.849598	0.256103	-0.461079	0.0	0.45062399999999997	0.10182100000000001	0.8868879999999999	0.0	0.274082	-0.9612719999999999	-0.028899599999999998	0.0	-2.7484599999999997	-2.87236	-1.37703	0.360477	-0.533077	0.6784399999999999	-0.5055189999999999	0.0	0.48107	-0.24845599999999998	-0.8407389999999999	0.0	-0.6959890000000001	-0.691368	-0.193931	0.0	1.88874	-0.9973219999999999	-0.635497	0.354373	
3	0.907798	0.258779	-0.33005500000000004	0.0	0.31759899999999996	0.08982029999999999	0.9439620000000001	0.0	0.273923	-0.961752	-0.000649057	0.0	-2.65899	-2.86524	-1.22104	0.361055	-0.532557	0.679369	-0.504817	0.0	0.48073299999999997	-0.24810100000000002	-0.841036	0.0	-0.69662	-0.6905819999999999	-0.194467	0.0	1.8915799999999998	-0.9990370000000001	-0.636378	0.354275	
3	0.943075	0.308521	-0.124196	0.0	0.0964465	0.103683	0.989923	0.0	0.318289	-0.94555	0.0680251	0.0	-2.46938	-2.90889	-0.967924	0.360491	-0.53292	0.677716	-0.506653	0.0	0.479579	-0.251396	-0.840717	0.0	-0.697137	-0.6910149999999999	-0.191044	0.0	1.88858	-0.9962709999999999	-0.628758	0.35425700000000004	
3	0.948832	0.313221	-0.040124400000000005	0.0	0.00347231	0.11670799999999999	0.99316	0.0	0.315762	-0.9424819999999999	0.109648	0.0	-2.38749	-3.0013	-0.8290780000000001	0.361711	-0.532881	0.676852	-0.507847	0.0	0.47967	-0.2528	-0.8402430000000001	0.0	-0.697104	-0.691349	-0.18995399999999998	0.0	1.88303	-0.9806309999999999	-0.617056	0.35426399999999997	
3	0.9502139999999999	0.308409	0.044462800000000004	0.0	-0.0827413	0.112167	0.990239	0.0	0.30041100000000004	-0.9446180000000001	0.132101	0.0	-2.4300599999999997	-3.11194	-0.817254	0.361219	-0.5321600000000001	0.6761729999999999	-0.509506	0.0	0.479475	-0.255295	-0.8396	0.0	-0.697789	-0.6910970000000001	-0.188351	0.0	1.88047	-0.9717629999999999	-0.609847	0.354052	
3	0.9470219999999999	0.308663	0.08875219999999999	0.0	-0.122609	0.09204470000000001	0.9881780000000001	0.0	0.296844	-0.946708	0.125013	0.0	-2.50773	-3.20857	-0.906359	0.35986399999999996	-0.5321640000000001	0.675714	-0.5101100000000001	0.0	0.478437	-0.25707199999999997	-0.83965	0.0	-0.698498	-0.690887	-0.18648199999999998	0.0	1.86948	-0.9659399999999999	-0.597349	0.354141	
3	0.954566	0.274814	0.11524200000000001	0.0	-0.133812	0.0497439	0.989758	0.0	0.266266	-0.96021	0.0842571	0.0	-2.6247	-3.25041	-1.08475	0.360788	-0.532663	0.674204	-0.5115850000000001	0.0	0.477608	-0.259562	-0.839356	0.0	-0.698685	-0.691431	-0.183746	0.0	1.86165	-0.962575	-0.594079	0.35420799999999997	
3	0.9631629999999999	0.24136100000000002	0.11858199999999999	0.0	-0.125342	0.012793299999999999	0.992031	0.0	0.23792	-0.9703510000000001	0.0425746	0.0	-2.7692099999999997	-3.2620400000000003	-1.30643	0.359737	-0.53371	0.671829	-0.513614	0.0	0.478749	-0.260617	-0.8383780000000001	0.0	-0.697104	-0.693343	-0.182545	0.0	1.85716	-0.9606299999999999	-0.58338	0.354137	
3	0.9680190000000001	0.235341	0.08691130000000001	0.0	-0.08663589999999999	-0.0115303	0.996173	0.0	0.235442	-0.9718450000000001	0.00922737	0.0	-2.9085799999999997	-3.25924	-1.51954	0.35934099999999997	-0.534708	0.670088	-0.514849	0.0	0.480954	-0.25963200000000003	-0.8374219999999999	0.0	-0.694817	-0.695395	-0.183454	0.0	1.8598400000000002	-0.958873	-0.579294	0.354099	
3	0.966618	0.252529	0.0433515	0.0	-0.0395561	-0.0200895	0.999015	0.0	0.253151	-0.9673809999999999	-0.00942985	0.0	-2.98922	-3.2301900000000003	-1.65451	0.359363	-0.534829	0.671143	-0.513347	0.0	0.48315600000000003	-0.255508	-0.8374219999999999	0.0	-0.693195	-0.695904	-0.187614	0.0	1.87955	-0.969277	-0.585444	0.354093	
3	0.962413	0.271285	0.0128618	0.0	-0.00642091	-0.0246165	0.999676	0.0	0.271514	-0.962184	-0.021949400000000004	0.0	-3.00294	-3.18371	-1.6418599999999999	0.356256	-0.534431	0.672566	-0.511897	0.0	0.483501	-0.25348899999999996	-0.837837	0.0	-0.693261	-0.6952689999999999	-0.18971300000000002	0.0	1.90155	-0.976799	-0.593931	0.354022	
