0	-0.22052	0.812958	-0.538954	0.0	0.296656	0.582281	0.756931	0.0	0.929175	0.00703436	-0.36957399999999996	0.0	-3.00982	2.29262	1.21979	0.0	-0.593133	0.516197	-0.617847	0.0	0.753395	0.0852731	-0.652016	0.0	-0.283883	-0.8522139999999999	-0.439479	0.0	2.66032	2.0	1.53809	0.0	
0	-0.231967	0.776981	-0.585228	0.0	0.314372	0.629234	0.710799	0.0	0.920523	-0.0190979	-0.390223	0.0	-3.09015	2.3900099999999997	1.1712799999999999	0.0	0.25404699999999997	0.680855	-0.686947	0.0	0.0238762	-0.714447	-0.699282	0.0	-0.9668969999999999	0.161249	-0.197759	0.0	2.69655	2.06452	1.47823	2.42293e-05	
0	-0.226473	0.738553	-0.63502	0.0	0.346521	0.670399	0.6561170000000001	0.0	0.910293	-0.07145460000000001	-0.40775100000000003	0.0	-3.10563	2.45357	1.11325	0.0	0.47021499999999994	0.45362700000000006	-0.757047	0.0	-0.237473	-0.761125	-0.6035689999999999	0.0	-0.850002	0.46358599999999994	-0.250168	0.0	2.80504	2.02847	1.5486799999999998	-0.00509439	
0	-0.204123	0.774171	-0.5991609999999999	0.0	0.321765	0.6311	0.705819	0.0	0.9245549999999999	-0.048714999999999994	-0.377923	0.0	-3.1103	2.47172	1.0558	0.0	0.50584	0.463892	-0.727275	0.0	-0.22090500000000002	-0.745319	-0.629047	0.0	-0.8338620000000001	0.47885600000000006	-0.274536	0.0	2.77314	2.0099400000000003	1.49336	-0.00998759	
0	-0.32195100000000004	0.7422810000000001	-0.58768	0.0	0.30816	0.669087	0.676284	0.0	0.895201	0.036630699999999995	-0.444154	0.0	-3.07979	2.5712099999999998	0.894445	0.306102	0.592055	0.49436800000000003	-0.636452	0.0	-0.19692	-0.67706	-0.7090930000000001	0.0	-0.781469	0.5451520000000001	-0.303506	0.0	2.7187799999999998	2.14397	1.26237	0.23428800000000002	
0	-0.408881	0.615149	-0.674098	0.0	0.170653	0.777176	0.6057020000000001	0.0	0.89649	0.132623	-0.42275	0.0	-2.87431	2.6141099999999997	0.8684209999999999	0.357887	0.622362	0.480472	-0.617909	0.0	-0.19699999999999998	-0.667866	-0.717737	0.0	-0.757533	0.56842	-0.321002	0.0	2.62577	2.2532799999999997	1.11802	0.23162199999999997	
0	-0.453082	0.511424	-0.73018	0.0	0.0779725	0.83867	0.539029	0.0	0.8880530000000001	0.18729	-0.419863	0.0	-2.7664299999999997	2.62568	0.910444	0.35863	0.633011	0.445296	-0.633253	0.0	-0.203045	-0.693866	-0.690886	0.0	-0.747041	0.565917	-0.34881	0.0	2.58396	2.28209	1.07625	0.229717	
0	-0.517745	0.42023299999999997	-0.745215	0.0	-0.00570615	0.8693350000000001	0.49418999999999996	0.0	0.8555159999999999	0.260117	-0.447696	0.0	-2.63497	2.67719	0.90299	0.354889	0.656104	0.32832	-0.6795100000000001	0.0	-0.255783	-0.750367	-0.609529	0.0	-0.710002	0.5737220000000001	-0.40834000000000004	0.0	2.52414	2.36741	0.983101	0.20755500000000002	
0	-0.5396310000000001	0.32936	-0.774803	0.0	-0.0878096	0.893264	0.44087299999999996	0.0	0.83731	0.305944	-0.453112	0.0	-2.58451	2.70273	0.9374899999999999	0.346609	0.626544	0.250077	-0.738176	0.0	-0.32495799999999997	-0.777053	-0.539064	0.0	-0.70841	0.577624	-0.405593	0.0	2.5276	2.41193	0.924314	0.182955	
0	-0.5574819999999999	0.357048	-0.749487	0.0	-0.0704747	0.879178	0.47125200000000006	0.0	0.827192	0.315535	-0.46496400000000004	0.0	-2.57282	2.66583	0.959937	0.345033	0.592757	0.199854	-0.780191	0.0	-0.361218	-0.7998529999999999	-0.47933000000000003	0.0	-0.719833	0.565945	-0.401928	0.0	2.55152	2.41907	0.9063690000000001	0.208986	
0	-0.5294770000000001	0.436504	-0.727405	0.0	0.014854599999999999	0.8621	0.50652	0.0	0.848194	0.257386	-0.46294700000000005	0.0	-2.63354	2.41384	0.978663	0.349326	0.59383	0.15801500000000002	-0.788922	0.0	-0.378417	-0.810459	-0.447167	0.0	-0.710047	0.564082	-0.421479	0.0	2.62359	2.3501	0.823348	0.221338	
0	-0.478725	0.502404	-0.720009	0.0	0.0491157	0.8341290000000001	0.5493779999999999	0.0	0.87659	0.22763699999999998	-0.42399499999999996	0.0	-2.62983	2.2526200000000003	1.05934	0.35122800000000004	0.6062270000000001	0.143787	-0.782185	0.0	-0.373062	-0.817183	-0.43936000000000003	0.0	-0.702363	0.558156	-0.44175600000000004	0.0	2.66935	2.19863	0.758914	0.236498	
0	-0.432395	0.538774	-0.72302	0.0	0.07041669999999998	0.8195819999999999	0.5686180000000001	0.0	0.8989309999999999	0.194955	-0.392322	0.0	-2.60613	2.10296	1.11743	0.352015	0.6107229999999999	0.106982	-0.7845840000000001	0.0	-0.385871	-0.825016	-0.41285900000000003	0.0	-0.691463	0.55489	-0.46257600000000004	0.0	2.66788	2.02768	0.6872119999999999	0.25195500000000004	
0	-0.406654	0.567484	-0.715956	0.0	0.08359660000000001	0.803507	0.5893970000000001	0.0	0.909749	0.179829	-0.374189	0.0	-2.56058	1.9705099999999998	1.14268	0.35233200000000003	0.605209	0.08956230000000001	-0.7910119999999999	0.0	-0.39967800000000003	-0.825153	-0.399225	0.0	-0.688462	0.557764	-0.463595	0.0	2.63737	2.04293	0.69458	0.253247	
0	-0.407103	0.576487	-0.7084699999999999	0.0	0.08895750000000001	0.7969930000000001	0.597402	0.0	0.90904	0.18018	-0.375741	0.0	-2.54871	1.94345	1.13655	0.352536	0.606991	0.0872798	-0.789902	0.0	-0.40057600000000004	-0.824846	-0.398959	0.0	-0.686368	0.55858	-0.465712	0.0	2.62696	2.0560099999999997	0.700633	0.254188	
0	-0.40961099999999995	0.575984	-0.707433	0.0	0.088203	0.796844	0.597712	0.0	0.9079860000000001	0.18243199999999998	-0.3772	0.0	-2.54324	1.93955	1.13444	0.352725	0.607176	0.0867092	-0.789822	0.0	-0.40075900000000003	-0.824909	-0.39864499999999997	0.0	-0.6860970000000001	0.5585760000000001	-0.466116	0.0	2.62332	2.05841	0.70765	0.254443	
0	-0.41129399999999994	0.579997	-0.7031649999999999	0.0	0.08892869999999999	0.793287	0.602318	0.0	0.9071540000000001	0.185198	-0.377853	0.0	-2.55972	1.9358	1.12846	0.35239699999999996	0.608167	0.0870045	-0.789027	0.0	-0.39977199999999996	-0.825156	-0.399125	0.0	-0.685796	0.5581649999999999	-0.46705	0.0	2.62558	2.05525	0.7152609999999999	0.254739	
0	-0.41463500000000003	0.576803	-0.7038300000000001	0.0	0.0849992	0.794617	0.6011310000000001	0.0	0.90601	0.189425	-0.378504	0.0	-2.56028	1.93554	1.12825	0.352416	0.608621	0.0861465	-0.78877	0.0	-0.400107	-0.8251290000000001	-0.398843	0.0	-0.6851970000000001	0.558337	-0.467724	0.0	2.62564	2.05081	0.716571	0.254338	
0	-0.409314	0.579678	-0.7045819999999999	0.0	0.0869858	0.79351	0.602309	0.0	0.9082379999999999	0.185244	-0.375218	0.0	-2.56196	1.9334799999999999	1.12859	0.35244699999999995	0.601545	0.0834314	-0.79447	0.0	-0.404225	-0.826016	-0.39281	0.0	-0.689017	0.557438	-0.463161	0.0	2.61183	2.0289	0.7199800000000001	0.254767	
0	-0.394456	0.605283	-0.691403	0.0	0.110999	0.778288	0.618019	0.0	0.912186	0.167036	-0.374186	0.0	-2.56687	1.9272900000000002	1.13733	0.352115	0.604021	0.0844841	-0.792478	0.0	-0.402886	-0.825583	-0.39509	0.0	-0.687635	0.557921	-0.464632	0.0	2.6067400000000003	2.03563	0.720769	0.254718	
0	-0.174967	0.733421	-0.656872	0.0	0.23561500000000002	0.678968	0.695333	0.0	0.955967	-0.033109	-0.291602	0.0	-2.57728	1.7784	1.27496	0.352815	0.604217	0.08312660000000001	-0.7924720000000001	0.0	-0.40352899999999997	-0.825657	-0.394277	0.0	-0.6870850000000001	0.558014	-0.46533199999999997	0.0	2.6059400000000004	2.03313	0.720345	0.254907	
0	0.0742839	0.795339	-0.601596	0.0	0.30809000000000003	0.5554479999999999	0.7723720000000001	0.0	0.9484530000000001	-0.24272	-0.203775	0.0	-2.57064	1.57585	1.41539	0.351317	0.6017600000000001	0.0817137	-0.7944859999999999	0.0	-0.40484499999999995	-0.826277	-0.39162199999999997	0.0	-0.688466	0.5573060000000001	-0.464139	0.0	2.60699	2.0232799999999997	0.722997	0.255418	
0	0.47401000000000004	0.739788	-0.477523	0.0	0.385218	0.313436	0.867966	0.0	0.791783	-0.595375	-0.136408	0.0	-2.78381	1.30318	1.49009	0.350534	0.590331	0.0734055	-0.803817	0.0	-0.412963	-0.828182	-0.378914	0.0	-0.693521	0.555631	-0.458588	0.0	2.60321	1.9807599999999999	0.7208939999999999	0.256606	
0	0.658011	0.60239	-0.45182700000000003	0.0	0.438308	0.181502	0.880309	0.0	0.612297	-0.777292	-0.144602	0.0	-3.01432	1.22253	1.38703	0.351918	0.584295	0.06886010000000001	-0.808615	0.0	-0.418163	-0.828391	-0.372704	0.0	-0.695513	0.555902	-0.45523	0.0	2.5790900000000003	1.98574	0.735855	0.25761999999999996	
0	0.763387	0.46369399999999994	-0.449697	0.0	0.461581	0.0954193	0.881951	0.0	0.451866	-0.880842	-0.141191	0.0	-3.3517900000000003	1.18623	1.1313600000000001	0.353493	0.576937	0.06554750000000001	-0.814154	0.0	-0.42192399999999997	-0.82957	-0.36577800000000005	0.0	-0.6993729999999999	0.554542	-0.450954	0.0	2.56573	1.9846400000000002	0.772362	0.258968	
0	0.7748619999999999	0.449171	-0.44478500000000004	0.0	0.458334	0.08536410000000001	0.8846709999999999	0.0	0.435337	-0.889358	-0.139725	0.0	-3.4437599999999997	1.17729	0.958584	0.353858	0.56758	0.0660289	-0.820666	0.0	-0.42367	-0.831253	-0.359894	0.0	-0.7059439999999999	0.55196	-0.443828	0.0	2.55881	1.96901	0.804891	0.259836	
0	0.8018460000000001	0.382261	-0.45925900000000003	0.0	0.46447299999999997	0.08478610000000002	0.881519	0.0	0.37590999999999997	-0.920156	-0.10956400000000001	0.0	-3.40951	1.08428	0.8994969999999999	0.35447199999999995	0.5600350000000001	0.0653633	-0.825887	0.0	-0.42540100000000003	-0.8327399999999999	-0.35436999999999996	0.0	-0.710912	0.5497920000000001	-0.438558	0.0	2.55534	1.95325	0.827066	0.2611	
0	0.813819	0.377201	-0.442061	0.0	0.444726	0.08539119999999999	0.8915870000000001	0.0	0.374056	-0.9221860000000001	-0.0982581	0.0	-3.4029199999999995	1.0393	0.8725	0.35438200000000003	0.5569810000000001	0.0647957	-0.827994	0.0	-0.426004	-0.8335229999999999	-0.351796	0.0	-0.712947	0.548672	-0.43665299999999996	0.0	2.5510099999999998	1.9447900000000002	0.8484860000000001	0.261463	
0	0.8436459999999999	0.42339399999999994	-0.33014899999999997	0.0	0.342264	0.0496593	0.93829	0.0	0.41366099999999995	-0.904584	-0.10301800000000001	0.0	-3.26343	0.9521790000000001	0.7973319999999999	0.355163	0.548338	0.0637178	-0.8338260000000001	0.0	-0.42854200000000003	-0.834809	-0.345609	0.0	-0.7181069999999999	0.54684	-0.43045200000000006	0.0	2.54513	1.92677	0.8667299999999999	0.261927	
0	0.8860469999999999	0.394335	-0.243765	0.0	0.261893	0.00811218	0.9650629999999999	0.0	0.382536	-0.9189309999999999	-0.09608589999999999	0.0	-3.2467200000000003	0.7804979999999999	0.6453439999999999	0.35620999999999997	0.539624	0.0642749	-0.839449	0.0	-0.43218900000000005	-0.8345290000000001	-0.341723	0.0	-0.7225090000000001	0.5472020000000001	-0.42255299999999996	0.0	2.53111	1.91605	0.87018	0.26109099999999996	
0	0.903114	0.379583	-0.20075199999999999	0.0	0.220594	-0.00901859	0.975324	0.0	0.368406	-0.925114	-0.0918786	0.0	-3.28705	0.65286	0.570757	0.356076	0.533776	0.06632619999999999	-0.8430209999999999	0.0	-0.43306300000000003	-0.8348270000000001	-0.339884	0.0	-0.7263189999999999	0.546503	-0.416887	0.0	2.5114799999999997	1.9091799999999999	0.8741530000000001	0.26206	
0	0.9249649999999999	0.339511	-0.170796	0.0	0.181522	0.00016488	0.9833870000000001	0.0	0.333899	-0.940602	-0.0614764	0.0	-3.4298	0.353912	0.386211	0.355896	0.522936	0.0675488	-0.849691	0.0	-0.43542600000000004	-0.835802	-0.334424	0.0	-0.7327640000000001	0.54486	-0.407658	0.0	2.4718	1.9002299999999999	0.912048	0.264088	
0	0.925108	0.33936	-0.170321	0.0	0.180371	0.00195908	0.9835969999999999	0.0	0.334127	-0.9406549999999999	-0.059398400000000004	0.0	-3.49585	0.272426	0.31097600000000003	0.354711	0.520137	0.0662912	-0.851506	0.0	-0.436313	-0.836449	-0.331638	0.0	-0.734226	0.544021	-0.406144	0.0	2.45775	1.89832	0.9469360000000001	0.26461999999999997	
0	0.9264879999999999	0.337006	-0.167471	0.0	0.179775	-0.00539764	0.983693	0.0	0.330606	-0.9414870000000001	-0.06558610000000001	0.0	-3.50866	0.259212	0.27987399999999996	0.35444499999999995	0.519737	0.06605810000000001	-0.851769	0.0	-0.4367	-0.836369	-0.331332	0.0	-0.73428	0.5441729999999999	-0.405844	0.0	2.45175	1.9042700000000001	0.957833	0.264402	
0	0.9254680000000001	0.337547	-0.17196199999999998	0.0	0.183376	-0.00196305	0.9830409999999999	0.0	0.331485	-0.941307	-0.0637147	0.0	-3.5276	0.236312	0.248858	0.354586	0.518359	0.0660722	-0.852607	0.0	-0.437205	-0.8363860000000001	-0.330623	0.0	-0.734953	0.544145	-0.40466199999999997	0.0	2.45246	1.90422	0.952257	0.264455	
0	0.925278	0.341587	-0.16486199999999998	0.0	0.176892	-0.00413739	0.9842219999999999	0.0	0.335515	-0.939841	-0.0642523	0.0	-3.56883	0.183176	0.18010299999999999	0.35485700000000003	0.513538	0.0657331	-0.8555450000000001	0.0	-0.438388	-0.8370139999999999	-0.32745	0.0	-0.737628	0.543219	-0.401022	0.0	2.45805	1.8981700000000001	0.9481639999999999	0.265083	
0	0.937198	0.336656	-0.0912337	0.0	0.101978	-0.0143334	0.994683	0.0	0.33355799999999997	-0.9415190000000001	-0.0477649	0.0	-3.5499199999999997	0.101208	0.20269	0.355062	0.5064609999999999	0.06580169999999999	-0.859749	0.0	-0.43934700000000004	-0.838252	-0.322967	0.0	-0.741938	0.541299	-0.39563200000000004	0.0	2.4515700000000002	1.8772799999999998	0.9650139999999999	0.265788	
0	0.9524020000000001	0.278729	0.123454	0.0	-0.11837400000000001	-0.0350524	0.99235	0.0	0.28092399999999995	-0.95973	-0.00038981300000000003	0.0	-3.55724	-0.236871	0.0562771	0.355114	0.499795	0.0627844	-0.863865	0.0	-0.443007	-0.838511	-0.31724600000000003	0.0	-0.744278	0.5412560000000001	-0.39127	0.0	2.4246	1.86421	0.976457	0.266397	
0	0.9630479999999999	0.237006	0.127935	0.0	-0.124662	-0.028812400000000002	0.9917809999999999	0.0	0.238744	-0.971081	0.00179785	0.0	-3.6104	-0.416879	-0.049196199999999995	0.35458	0.49555299999999997	0.062171199999999996	-0.86635	0.0	-0.444341	-0.8388899999999999	-0.314364	0.0	-0.746316	0.5407390000000001	-0.38808899999999996	0.0	2.41132	1.8616700000000002	0.983851	0.26726300000000003	
0	0.9689110000000001	0.219854	0.113473	0.0	-0.10837100000000001	-0.0351703	0.9934879999999999	0.0	0.222414	-0.974899	-0.0102509	0.0	-3.6924099999999997	-0.6885180000000001	-0.274092	0.35354	0.490123	0.06240509999999999	-0.869417	0.0	-0.44504799999999994	-0.839709	-0.311163	0.0	-0.749475	0.5394399999999999	-0.383787	0.0	2.38575	1.85428	1.01236	0.269215	
0	0.966026	0.24156100000000003	0.0918837	0.0	-0.0843036	-0.0415533	0.995574	0.0	0.24431	-0.9694959999999999	-0.0197771	0.0	-3.66721	-0.746941	-0.379884	0.35330500000000004	0.485263	0.0654565	-0.871915	0.0	-0.443895	-0.8406889999999999	-0.310161	0.0	-0.753311	0.5375479999999999	-0.378899	0.0	2.37961	1.85179	1.0434299999999999	0.269993	
0	0.963993	0.25132	0.0869212	0.0	-0.0768928	-0.0494703	0.9958110000000001	0.0	0.25456799999999996	-0.9666389999999999	-0.0283643	0.0	-3.6505699999999996	-0.7487	-0.45027700000000004	0.35346900000000003	0.48325799999999997	0.0653323	-0.8730370000000001	0.0	-0.44456899999999994	-0.840759	-0.309002	0.0	-0.754202	0.537453	-0.377259	0.0	2.3736900000000003	1.85307	1.04831	0.27018600000000004	
0	0.9612959999999999	0.258617	0.0950154	0.0	-0.0824367	-0.0590814	0.9948440000000001	0.0	0.262897	-0.9641719999999999	-0.0354752	0.0	-3.56585	-0.764494	-0.5504359999999999	0.35336100000000004	0.469447	0.0694593	-0.880224	0.0	-0.444666	-0.842657	-0.303647	0.0	-0.762818	0.5339520000000001	-0.364697	0.0	2.3475200000000003	1.8254700000000001	1.06341	0.27296	
0	0.9589549999999999	0.270338	0.0855786	0.0	-0.0717296	-0.060718299999999996	0.995574	0.0	0.274337	-0.960849	-0.0388349	0.0	-3.5104	-0.7713840000000001	-0.585581	0.35294699999999996	0.464271	0.07633039999999999	-0.8823979999999999	0.0	-0.440978	-0.844092	-0.30503600000000003	0.0	-0.768108	0.530738	-0.35822800000000005	0.0	2.3425	1.81647	1.09094	0.27716	
0	0.9540870000000001	0.297755	0.0325506	0.0	-0.0122455	-0.06980739999999999	0.9974850000000001	0.0	0.29927800000000004	-0.9520870000000001	-0.0629562	0.0	-3.49569	-0.729889	-0.600689	0.35278400000000004	0.473583	0.0766607	-0.8774069999999999	0.0	-0.438061	-0.843743	-0.310164	0.0	-0.764083	0.531246	-0.366	0.0	2.35912	1.81096	1.0643	0.277107	
0	0.939436	0.337887	-0.0573804	0.0	0.0892981	-0.079677	0.992813	0.0	0.330887	-0.937808	-0.105024	0.0	-3.49756	-0.6005590000000001	-0.598648	0.353042	0.48775	0.058807000000000005	-0.871001	0.0	-0.443141	-0.8429479999999999	-0.305066	0.0	-0.7521479999999999	0.534772	-0.385088	0.0	2.42375	1.82798	1.01747	0.27560300000000004	
0	0.9152	0.38174	-0.129169	0.0	0.173957	-0.0850862	0.9810709999999999	0.0	0.363523	-0.9203450000000001	-0.144277	0.0	-3.5179400000000003	-0.475994	-0.602062	0.353512	0.5027189999999999	0.055293100000000005	-0.8626790000000001	0.0	-0.44050100000000003	-0.8422790000000001	-0.310684	0.0	-0.743796	0.536198	-0.399074	0.0	2.47226	1.83172	0.9779450000000001	0.275452	
0	0.914747	0.378056	-0.142516	0.0	0.19178299999999998	-0.09583639999999999	0.9767469999999999	0.0	0.355607	-0.920809	-0.160171	0.0	-3.5753	-0.363162	-0.550245	0.3532	0.523508	0.0388524	-0.8511340000000001	0.0	-0.441999	-0.841643	-0.31028	0.0	-0.7284069999999999	0.5386340000000001	-0.42343500000000006	0.0	2.51669	1.8118900000000002	0.89085	0.279909	
0	0.915818	0.374288	-0.145554	0.0	0.19462100000000002	-0.09661239999999999	0.976109	0.0	0.35128400000000004	-0.922266	-0.161324	0.0	-3.60431	-0.38017	-0.505386	0.35343800000000003	0.523287	0.034694699999999995	-0.85145	0.0	-0.44330600000000003	-0.8422430000000001	-0.306768	0.0	-0.7277710000000001	0.537981	-0.42535500000000004	0.0	2.5265	1.79161	0.871908	0.28143	
0	0.915551	0.373469	-0.149286	0.0	0.196873	-0.0924725	0.976058	0.0	0.350723	-0.9230219999999999	-0.158189	0.0	-3.6356699999999997	-0.40134899999999996	-0.507774	0.353245	0.522515	0.0307341	-0.8520760000000001	0.0	-0.445637	-0.8421420000000001	-0.303651	0.0	-0.726902	0.5383789999999999	-0.426335	0.0	2.51441	1.77964	0.861506	0.282605	
0	0.9143709999999999	0.375492	-0.151429	0.0	0.197969	-0.0883903	0.9762149999999999	0.0	0.35317600000000005	-0.922601	-0.155157	0.0	-3.6696400000000002	-0.454053	-0.457271	0.35344899999999996	0.515479	0.0285264	-0.856427	0.0	-0.44929300000000005	-0.84205	-0.298475	0.0	-0.729669	0.538644	-0.421242	0.0	2.4486	1.75613	0.891908	0.285148	
0	0.912565	0.37864699999999996	-0.15443800000000002	0.0	0.199882	-0.0835472	0.976252	0.0	0.356752	-0.9217629999999999	-0.151927	0.0	-3.66731	-0.458542	-0.450321	0.35379499999999997	0.5195569999999999	0.0341218	-0.8537540000000001	0.0	-0.44471099999999997	-0.842398	-0.304299	0.0	-0.729584	0.537774	-0.4225	0.0	2.44708	1.74742	0.899207	0.285405	
0	0.909784	0.384294	-0.156881	0.0	0.19981600000000002	-0.07419869999999999	0.9770200000000001	0.0	0.363822	-0.9202239999999999	-0.144293	0.0	-3.63861	-0.466555	-0.424486	0.353788	0.528652	0.03895030000000001	-0.847944	0.0	-0.43839799999999995	-0.8428760000000001	-0.31203800000000004	0.0	-0.726866	0.536697	-0.42851300000000003	0.0	2.49493	1.7580900000000002	0.8940309999999999	0.285379	
0	0.9101040000000001	0.383956	-0.155847	0.0	0.199302	-0.07585	0.9769979999999999	0.0	0.363304	-0.9202309999999999	-0.145555	0.0	-3.6210699999999996	-0.469963	-0.403965	0.35384499999999997	0.529197	0.0407361	-0.84752	0.0	-0.43699099999999996	-0.8431069999999999	-0.313384	0.0	-0.727316	0.536201	-0.42836899999999994	0.0	2.50926	1.7580200000000001	0.874505	0.285329	
0	0.9101370000000001	0.38383	-0.15596600000000002	0.0	0.199203	-0.07533039999999999	0.977059	0.0	0.36327600000000004	-0.920326	-0.145021	0.0	-3.61899	-0.46989200000000003	-0.401146	0.353873	0.530337	0.0430676	-0.846693	0.0	-0.43533900000000003	-0.843147	-0.315567	0.0	-0.727477	0.5359550000000001	-0.428403	0.0	2.50917	1.75247	0.872338	0.286015	
0	0.9113020000000001	0.381847	-0.15401700000000002	0.0	0.197948	-0.0783125	0.9770790000000001	0.0	0.361033	-0.920902	-0.146952	0.0	-3.6123	-0.46983500000000006	-0.388376	0.35384099999999996	0.5286890000000001	0.0433401	-0.847708	0.0	-0.434805	-0.8438889999999999	-0.314319	0.0	-0.7289939999999999	0.5347649999999999	-0.42731	0.0	2.50973	1.7306099999999998	0.88125	0.286148	
0	0.911695	0.382623	-0.149705	0.0	0.194822	-0.0817852	0.9774229999999999	0.0	0.361741	-0.920278	-0.149106	0.0	-3.61332	-0.47286999999999996	-0.387042	0.353892	0.527662	0.0466263	-0.848174	0.0	-0.432763	-0.844442	-0.31565	0.0	-0.730951	0.533615	-0.42540100000000003	0.0	2.5101	1.6950900000000002	0.8710899999999999	0.285594	
0	0.9102120000000001	0.385842	-0.150469	0.0	0.194689	-0.0779742	0.9777610000000001	0.0	0.365528	-0.919264	-0.146092	0.0	-3.58271	-0.48264300000000004	-0.4002	0.35391100000000003	0.525352	0.0446805	-0.8497110000000001	0.0	-0.434508	-0.844513	-0.313051	0.0	-0.731579	0.533668	-0.424253	0.0	2.49777	1.6836200000000001	0.871287	0.285788	
0	0.9041100000000001	0.39693	-0.158212	0.0	0.19647	-0.0573591	0.9788309999999999	0.0	0.37945300000000004	-0.916055	-0.12984400000000001	0.0	-3.53485	-0.490699	-0.399311	0.354016	0.524004	0.0427556	-0.850642	0.0	-0.436698	-0.843982	-0.311431	0.0	-0.7312420000000001	0.534665	-0.423579	0.0	2.46996	1.68442	0.881058	0.28565799999999997	
0	0.9017540000000001	0.401511	-0.160088	0.0	0.19530799999999998	-0.048076999999999995	0.979563	0.0	0.385608	-0.914592	-0.121772	0.0	-3.50262	-0.48661400000000005	-0.38216	0.353956	0.526614	0.04300519999999999	-0.849016	0.0	-0.435151	-0.8443209999999999	-0.312676	0.0	-0.7302890000000001	0.5341100000000001	-0.425917	0.0	2.4846	1.6836200000000001	0.88851	0.285437	
0	0.898344	0.408487	-0.161605	0.0	0.193352	-0.0373478	0.980418	0.0	0.394453	-0.912	-0.112533	0.0	-3.4366800000000004	-0.502448	-0.33668000000000003	0.35415100000000005	0.533134	0.0415193	-0.8450110000000001	0.0	-0.432555	-0.8450040000000001	-0.314427	0.0	-0.727093	0.533146	-0.432541	0.0	2.5268900000000003	1.6902700000000002	0.89869	0.28434	
0	0.898476	0.41244	-0.150446	0.0	0.18642899999999998	-0.048179900000000005	0.9812860000000001	0.0	0.397473	-0.90971	-0.120179	0.0	-3.3354699999999995	-0.557353	-0.240414	0.353973	0.518998	0.0442084	-0.8536309999999999	0.0	-0.435129	-0.845917	-0.308363	0.0	-0.735733	0.5314800000000001	-0.419793	0.0	2.4989	1.67307	0.928248	0.283964	
0	0.898798	0.412285	-0.14894300000000002	0.0	0.186177	-0.0514127	0.9811700000000001	0.0	0.396864	-0.909603	-0.12296800000000001	0.0	-3.32675	-0.5741470000000001	-0.22656700000000002	0.354033	0.516281	0.0472046	-0.855118	0.0	-0.435091	-0.84557	-0.309366	0.0	-0.737665	0.531774	-0.416013	0.0	2.47217	1.6624299999999999	0.9257569999999999	0.284035	
0	0.898001	0.412517	-0.153048	0.0	0.19005	-0.0499399	0.980503	0.0	0.396831	-0.9095799999999999	-0.12324500000000001	0.0	-3.3252699999999997	-0.5867220000000001	-0.20002999999999999	0.35394699999999996	0.509546	0.0466775	-0.8591770000000001	0.0	-0.437075	-0.846068	-0.305179	0.0	-0.741167	0.531027	-0.410709	0.0	2.4475599999999997	1.63354	0.9160360000000001	0.284986	
0	0.897752	0.415706	-0.145702	0.0	0.17768399999999998	-0.03907940000000001	0.983311	0.0	0.403075	-0.908659	-0.108948	0.0	-3.3432	-0.612135	-0.18628599999999998	0.35471199999999997	0.499338	0.0405488	-0.865458	0.0	-0.44292	-0.846564	-0.295212	0.0	-0.744636	0.53074	-0.40476100000000004	0.0	2.4293400000000003	1.60186	0.8877639999999999	0.286138	
0	0.9008120000000001	0.41308500000000004	-0.133786	0.0	0.156318	-0.0210651	0.987482	0.0	0.405096	-0.910449	-0.0835483	0.0	-3.33485	-0.641278	-0.139779	0.355242	0.493346	0.0351513	-0.869123	0.0	-0.44682	-0.847037	-0.287889	0.0	-0.7462989999999999	0.53037	-0.40217600000000003	0.0	2.41588	1.60693	0.910831	0.287662	
0	0.9128120000000001	0.398994	-0.0870561	0.0	0.09771339999999999	-0.00640671	0.995194	0.0	0.396519	-0.9169309999999999	-0.0448352	0.0	-3.32235	-0.6702359999999999	-0.112597	0.35545	0.49815299999999996	0.0343901	-0.8664069999999999	0.0	-0.44626499999999997	-0.8465450000000001	-0.290188	0.0	-0.743432	0.531205	-0.406362	0.0	2.41175	1.62627	0.929657	0.287869	
0	0.921459	0.38736	-0.029403700000000005	0.0	0.0335147	-0.00386075	0.999431	0.0	0.38702600000000004	-0.9219209999999999	-0.0165398	0.0	-3.3231699999999997	-0.699492	-0.118023	0.355514	0.501793	0.0343378	-0.8643059999999999	0.0	-0.445434	-0.846281	-0.292229	0.0	-0.74148	0.531629	-0.40936300000000003	0.0	2.40985	1.63852	0.9363379999999999	0.287642	
0	0.9372530000000001	0.335136	0.0961298	0.0	-0.100096	-0.00546235	0.9949629999999999	0.0	0.333973	-0.942154	0.028426	0.0	-3.3697800000000004	-0.799387	-0.157872	0.355591	0.49873599999999996	0.0286719	-0.8662790000000001	0.0	-0.44975200000000004	-0.8458110000000001	-0.286927	0.0	-0.740935	0.532712	-0.408941	0.0	2.41335	1.64663	0.934234	0.28722600000000004	
0	0.945119	0.311628	0.09817739999999998	0.0	-0.113114	0.0301767	0.993124	0.0	0.30652199999999996	-0.949725	0.06377000000000001	0.0	-3.4145199999999996	-0.8599	-0.239196	0.354089	0.492486	0.0228696	-0.8700200000000001	0.0	-0.454425	-0.8458110000000001	-0.279467	0.0	-0.742263	0.532992	-0.406158	0.0	2.40435	1.65495	0.947527	0.28729	
0	0.947471	0.309019	0.0825032	0.0	-0.10215	0.0479181	0.993614	0.0	0.30309200000000003	-0.9498479999999999	0.0769672	0.0	-3.4259	-0.86869	-0.284931	0.353934	0.488545	0.02143	-0.872276	0.0	-0.45702299999999996	-0.845309	-0.276738	0.0	-0.743272	0.533849	-0.40317800000000004	0.0	2.38423	1.65953	0.957142	0.287275	
0	0.9502120000000001	0.30399699999999996	0.0684327	0.0	-0.0918034	0.06324590000000001	0.993767	0.0	0.297774	-0.9505709999999999	0.0880049	0.0	-3.39035	-0.8308129999999999	-0.36849	0.353837	0.47351400000000005	0.0145827	-0.8806649999999999	0.0	-0.46681300000000003	-0.8437290000000001	-0.264966	0.0	-0.746907	0.536571	-0.39271	0.0	2.3296799999999998	1.69301	0.965525	0.287134	
0	0.949564	0.305577	0.0703649	0.0	-0.0943605	0.0644596	0.993449	0.0	0.299039	-0.949983	0.0900429	0.0	-3.37903	-0.815399	-0.38606399999999996	0.353937	0.468146	0.0158457	-0.883509	0.0	-0.469103	-0.8428610000000001	-0.263681	0.0	-0.748854	0.537898	-0.38714899999999997	0.0	2.3040700000000003	1.7227	0.968527	0.287219	
0	0.949874	0.30440700000000004	0.0712431	0.0	-0.0949729	0.0638527	0.9934299999999999	0.0	0.297858	-0.9504	0.08956239999999999	0.0	-3.3597599999999996	-0.79774	-0.41846700000000003	0.354035	0.467371	0.0210318	-0.883811	0.0	-0.467549	-0.8425860000000001	-0.267297	0.0	-0.750308	0.5381520000000001	-0.383967	0.0	2.2658400000000003	1.73242	0.975083	0.288643	
0	0.9499479999999999	0.302669	0.07739539999999999	0.0	-0.0987439	0.055855499999999995	0.9935440000000001	0.0	0.296392	-0.951458	0.0829465	0.0	-3.3370800000000003	-0.793609	-0.437029	0.354493	0.47284499999999996	0.0236296	-0.8808290000000001	0.0	-0.462267	-0.8443780000000001	-0.270806	0.0	-0.750151	0.535227	-0.388337	0.0	2.30051	1.68232	0.9750790000000001	0.288648	
0	0.947169	0.301046	0.110642	0.0	-0.132126	0.05189780000000001	0.989874	0.0	0.29225500000000004	-0.952197	0.0889319	0.0	-3.2909900000000003	-0.83845	-0.541515	0.355079	0.473451	0.023462900000000002	-0.8805069999999999	0.0	-0.461373	-0.844933	-0.270597	0.0	-0.750319	0.534356	-0.38921	0.0	2.3103700000000003	1.6733799999999999	0.988685	0.28827600000000003	
0	0.934048	0.293754	0.203132	0.0	-0.217675	0.0173238	0.9758680000000001	0.0	0.283146	-0.955724	0.08012430000000001	0.0	-3.25664	-0.9944	-0.732781	0.35538800000000004	0.470362	0.023586199999999998	-0.882158	0.0	-0.461611	-0.845398	-0.268732	0.0	-0.752113	0.533615	-0.386756	0.0	2.3157400000000004	1.6672099999999999	0.9885229999999999	0.288445	
0	0.890394	0.387879	0.23822	0.0	-0.254347	-0.010064499999999999	0.9670610000000001	0.0	0.3775	-0.9216559999999999	0.0896944	0.0	-3.18056	-1.12005	-0.9173979999999999	0.363058	0.47455200000000003	0.0236442	-0.8799100000000001	0.0	-0.460046	-0.8455809999999999	-0.270833	0.0	-0.7504390000000001	0.533323	-0.390395	0.0	2.31554	1.66684	1.00082	0.289079	
0	0.855139	0.453403	0.251321	0.0	-0.266946	-0.030443400000000002	0.9632299999999999	0.0	0.444383	-0.8907860000000001	0.095001	0.0	-2.9938700000000003	-1.1760899999999999	-1.0781100000000001	0.36230300000000004	0.47698	0.0213892	-0.878654	0.0	-0.46009799999999995	-0.845706	-0.270353	0.0	-0.748866	0.53322	-0.393544	0.0	2.32403	1.6654400000000003	1.01454	0.288773	
0	0.8285879999999999	0.497276	0.257212	0.0	-0.2868	-0.0175475	0.95783	0.0	0.48081899999999994	-0.8674149999999999	0.128079	0.0	-2.7509	-1.2395100000000001	-1.1351	0.364097	0.47504399999999997	0.016958599999999997	-0.879799	0.0	-0.46301099999999995	-0.845404	-0.266297	0.0	-0.748301	0.533859	-0.393752	0.0	2.32602	1.6734	1.01371	0.288234	
0	0.8249850000000001	0.495246	0.272271	0.0	-0.307323	-0.0111854	0.9515389999999999	0.0	0.47429099999999996	-0.8686809999999999	0.142973	0.0	-2.5683700000000003	-1.28529	-1.03614	0.36392399999999997	0.468005	0.0161744	-0.8835780000000001	0.0	-0.4654	-0.8454389999999999	-0.26198499999999997	0.0	-0.7512479999999999	0.533828	-0.38814299999999996	0.0	2.31613	1.67362	1.01411	0.288519	
0	0.8258040000000001	0.493762	0.272483	0.0	-0.30989	-0.00639011	0.950751	0.0	0.471186	-0.8695729999999999	0.14773499999999998	0.0	-2.50463	-1.30582	-0.960355	0.363684	0.462949	0.02314	-0.886083	0.0	-0.46374499999999996	-0.8456049999999999	-0.264374	0.0	-0.755393	0.533308	-0.380741	0.0	2.28686	1.6665299999999998	1.02036	0.288418	
0	0.8285299999999999	0.48795600000000006	0.27465700000000004	0.0	-0.310965	-0.00694557	0.9503959999999999	0.0	0.465659	-0.872841	0.145983	0.0	-2.49207	-1.30952	-0.931406	0.36346799999999996	0.461375	0.027471699999999998	-0.8867799999999999	0.0	-0.462266	-0.8456819999999999	-0.266707	0.0	-0.75726	0.53298	-0.37747800000000004	0.0	2.26953	1.66408	1.0219	0.288581	
0	0.840916	0.46502299999999996	0.276791	0.0	-0.309361	-0.00658156	0.9509219999999999	0.0	0.44402200000000003	-0.885274	0.138325	0.0	-2.61105	-1.3023799999999999	-0.824565	0.363307	0.46136000000000005	0.0304497	-0.88669	0.0	-0.461218	-0.8455229999999999	-0.269016	0.0	-0.757908	0.533071	-0.37604699999999996	0.0	2.25049	1.6653099999999998	1.0324799999999998	0.28923499999999996	
0	0.850275	0.446995	0.27789899999999995	0.0	-0.308406	-0.00474185	0.9512430000000001	0.0	0.426518	-0.894524	0.133824	0.0	-2.74472	-1.28579	-0.784165	0.36309600000000003	0.466426	0.029038599999999998	-0.884083	0.0	-0.459649	-0.8459709999999999	-0.270289	0.0	-0.755758	0.532438	-0.381236	0.0	2.26838	1.6728900000000002	1.0525200000000001	0.289513	
0	0.858633	0.42928599999999995	0.280113	0.0	-0.311246	0.00243849	0.950326	0.0	0.407279	-0.903165	0.135707	0.0	-2.8178900000000002	-1.27691	-0.766371	0.363124	0.46805699999999995	0.029285000000000002	-0.8832129999999999	0.0	-0.457768	-0.8468680000000001	-0.270673	0.0	-0.755891	0.530998	-0.382977	0.0	2.29251	1.6792900000000002	1.09191	0.288636	
0	0.8604379999999999	0.425037	0.281053	0.0	-0.312101	0.00360285	0.950042	0.0	0.40279	-0.905169	0.135755	0.0	-2.8288900000000003	-1.27501	-0.7627689999999999	0.363052	0.468276	0.029761700000000002	-0.8830809999999999	0.0	-0.457207	-0.847068	-0.270993	0.0	-0.756095	0.53065	-0.383054	0.0	2.2941	1.6774	1.09677	0.288593	
0	0.860399	0.42512700000000003	0.281034	0.0	-0.312079	0.0035656999999999998	0.95005	0.0	0.40289	-0.905127	0.135741	0.0	-2.82775	-1.27525	-0.7631020000000001	0.363058	0.46826899999999994	0.0297928	-0.883083	0.0	-0.457212	-0.847057	-0.271021	0.0	-0.756096	0.530667	-0.383029	0.0	2.29394	1.67747	1.09619	0.288607	
0	0.860402	0.425122	0.281034	0.0	-0.312079	0.00356722	0.95005	0.0	0.402884	-0.9051290000000001	0.135741	0.0	-2.82773	-1.27525	-0.7631060000000001	0.363058	0.46826899999999994	0.029793	-0.883083	0.0	-0.457212	-0.847057	-0.271022	0.0	-0.756096	0.530667	-0.383029	0.0	2.29393	1.67747	1.09619	0.288607	
0	0.860402	0.425122	0.281034	0.0	-0.312079	0.00356716	0.95005	0.0	0.402885	-0.9051290000000001	0.135741	0.0	-2.82773	-1.27525	-0.763105	0.363058	0.46826999999999996	0.0297931	-0.883083	0.0	-0.457211	-0.8470559999999999	-0.271022	0.0	-0.756096	0.530667	-0.383029	0.0	2.29393	1.67747	1.09619	0.288606	
0	0.860402	0.425122	0.281034	0.0	-0.312079	0.00356716	0.95005	0.0	0.402885	-0.9051290000000001	0.135741	0.0	-2.82773	-1.27525	-0.763105	0.363058	0.46826999999999996	0.029793	-0.883083	0.0	-0.457211	-0.8470559999999999	-0.271022	0.0	-0.756096	0.530667	-0.383029	0.0	2.29393	1.67747	1.09619	0.288607	
0	0.860402	0.425122	0.281034	0.0	-0.312079	0.00356716	0.95005	0.0	0.402885	-0.9051290000000001	0.135741	0.0	-2.82773	-1.27525	-0.763105	0.363058	0.46826899999999994	0.029793	-0.883083	0.0	-0.457212	-0.847057	-0.271022	0.0	-0.756096	0.530667	-0.383029	0.0	2.29393	1.67747	1.09619	0.288607	
0	0.860402	0.425122	0.281034	0.0	-0.312079	0.00356716	0.95005	0.0	0.402885	-0.9051290000000001	0.135741	0.0	-2.82773	-1.27525	-0.763105	0.363058	0.46826999999999996	0.0297931	-0.883083	0.0	-0.457211	-0.847057	-0.271022	0.0	-0.756096	0.530667	-0.383029	0.0	2.29393	1.67747	1.09619	0.288606	
0	0.860402	0.425122	0.281034	0.0	-0.312079	0.00356716	0.95005	0.0	0.402885	-0.9051290000000001	0.135741	0.0	-2.82773	-1.27525	-0.763105	0.363058	0.46826999999999996	0.029793	-0.883083	0.0	-0.457212	-0.8470559999999999	-0.271022	0.0	-0.756096	0.530667	-0.383029	0.0	2.29393	1.67747	1.09619	0.288607	
0	0.860402	0.425122	0.281034	0.0	-0.312079	0.00356716	0.95005	0.0	0.402885	-0.9051290000000001	0.135741	0.0	-2.82773	-1.27525	-0.763105	0.363058	0.46826899999999994	0.0297931	-0.883083	0.0	-0.457212	-0.847057	-0.271022	0.0	-0.756096	0.530667	-0.383029	0.0	2.29393	1.67747	1.09619	0.288606	
0	0.860402	0.425122	0.281034	0.0	-0.312079	0.00356716	0.95005	0.0	0.402885	-0.9051290000000001	0.135741	0.0	-2.82773	-1.27525	-0.763105	0.363058	0.46826999999999996	0.029793	-0.883083	0.0	-0.457211	-0.847057	-0.271021	0.0	-0.756096	0.530667	-0.383029	0.0	2.29393	1.67747	1.09619	0.288607	
0	0.9010020000000001	0.43273900000000004	-0.030530400000000003	0.0	0.0532436	-0.040464599999999996	0.997761	0.0	0.43053500000000006	-0.900611	-0.059499300000000005	0.0	-2.83751	-1.2518200000000002	-0.7129939999999999	0.35839699999999997	0.464132	0.0399634	-0.884864	0.0	-0.45917700000000006	-0.8434149999999999	-0.278941	0.0	-0.757455	0.535775	-0.373105	0.0	2.2420299999999997	1.77765	1.0785799999999999	0.289033	
0	0.9144190000000001	0.404685	-0.00825492	0.0	0.027329400000000004	-0.0413798	0.99877	0.0	0.403846	-0.9135190000000001	-0.0488983	0.0	-2.81485	-1.23894	-0.625293	0.358608	0.46323800000000004	0.037855099999999996	-0.885425	0.0	-0.460566	-0.8432930000000001	-0.277014	0.0	-0.757159	0.5361199999999999	-0.373211	0.0	2.2439	1.77348	1.06692	0.288451	
0	0.937983	0.345931	0.0228051	0.0	-0.0145947	-0.026320999999999997	0.999547	0.0	0.34637399999999996	-0.937891	-0.019639900000000002	0.0	-2.80384	-1.37511	-0.5631229999999999	0.35922600000000005	0.461272	0.037518800000000005	-0.886465	0.0	-0.46136400000000005	-0.843266	-0.27576100000000003	0.0	-0.7578729999999999	0.536184	-0.371665	0.0	2.24287	1.7730400000000002	1.05883	0.288596	
0	0.948465	0.312952	0.0497463	0.0	-0.049431	-0.0089468	0.9987379999999999	0.0	0.313002	-0.9497270000000001	0.00698378	0.0	-2.83851	-1.5094299999999998	-0.565078	0.35933400000000004	0.46083599999999997	0.03791869999999999	-0.886675	0.0	-0.461305	-0.8432799999999999	-0.275819	0.0	-0.758174	0.536135	-0.371122	0.0	2.24273	1.77268	1.0566200000000001	0.288763	
0	0.962591	0.24054699999999998	0.124724	0.0	-0.13915	0.043879699999999994	0.9892989999999999	0.0	0.2325	-0.9696450000000001	0.0757104	0.0	-2.97472	-1.97435	-0.651319	0.359698	0.46072299999999994	0.0399853	-0.8866430000000001	0.0	-0.460344	-0.84334	-0.277239	0.0	-0.758826	0.535891	-0.370139	0.0	2.2404900000000003	1.7726	1.0609899999999999	0.288677	
0	0.962835	0.218819	0.158327	0.0	-0.174649	0.057252199999999996	0.982965	0.0	0.206027	-0.9740850000000001	0.0933409	0.0	-3.05471	-2.20451	-0.749169	0.359514	0.46034899999999995	0.039762599999999995	-0.8868469999999999	0.0	-0.46051499999999995	-0.8433709999999999	-0.27686	0.0	-0.75895	0.535859	-0.36993400000000004	0.0	2.2408799999999998	1.7721	1.06113	0.28862600000000005	
0	0.9601629999999999	0.203402	0.191613	0.0	-0.212371	0.0854793	0.9734430000000001	0.0	0.181622	-0.9753569999999999	0.125271	0.0	-3.17794	-2.7804599999999997	-1.03721	0.35934699999999997	0.45715200000000006	0.0407162	-0.8884559999999999	0.0	-0.460546	-0.8437540000000001	-0.27564	0.0	-0.760861	0.535185	-0.36697199999999996	0.0	2.23153	1.7736	1.07931	0.289095	
0	0.955197	0.211589	0.206952	0.0	-0.227463	0.0774275	0.9707040000000001	0.0	0.189366	-0.9742870000000001	0.12208699999999999	0.0	-3.20693	-2.97897	-1.1626	0.35909	0.45813000000000004	0.040917199999999994	-0.887943	0.0	-0.460158	-0.84375	-0.27629699999999996	0.0	-0.760508	0.5351739999999999	-0.367719	0.0	2.2292	1.7748099999999998	1.08687	0.28915599999999997	
0	0.9514600000000001	0.21464299999999997	0.22057100000000002	0.0	-0.23820300000000003	0.059748	0.969376	0.0	0.194891	-0.974864	0.107976	0.0	-3.2349099999999997	-3.2302299999999997	-1.40901	0.358131	0.45988599999999996	0.0413336	-0.887015	0.0	-0.45927399999999996	-0.843857	-0.27744	0.0	-0.759981	0.534974	-0.36909400000000003	0.0	2.23585	1.7720099999999999	1.08866	0.288941	
0	0.942609	0.23400500000000002	0.238181	0.0	-0.250697	0.0248332	0.9677469999999999	0.0	0.22054200000000002	-0.9719180000000001	0.0820723	0.0	-3.1814299999999998	-3.4504599999999996	-1.73341	0.35682600000000003	0.460283	0.0415728	-0.886799	0.0	-0.45884300000000006	-0.8439979999999999	-0.27772399999999997	0.0	-0.7600020000000001	0.534733	-0.369402	0.0	2.23678	1.7743799999999998	1.09845	0.28884499999999996	
0	0.938211	0.237371	0.251824	0.0	-0.26095799999999997	0.00734253	0.9653219999999999	0.0	0.22729000000000002	-0.971391	0.0688327	0.0	-3.1616299999999997	-3.47272	-1.7800099999999999	0.353547	0.45956400000000003	0.0413089	-0.8871829999999999	0.0	-0.45922299999999994	-0.8439709999999999	-0.27717600000000003	0.0	-0.760207	0.534795	-0.36888899999999997	0.0	2.2373	1.7751599999999998	1.09677	0.288905	
0	0.940946	0.22396799999999997	0.253887	0.0	-0.259977	-0.00237464	0.965612	0.0	0.216869	-0.9745940000000001	0.055992099999999996	0.0	-3.15464	-3.4807099999999997	-1.774	0.351081	0.457251	0.0409045	-0.8883969999999999	0.0	-0.459974	-0.844076	-0.275609	0.0	-0.7611479999999999	0.5346609999999999	-0.36714	0.0	2.23445	1.7764900000000001	1.10049	0.28882199999999997	
0	0.9429379999999999	0.207244	0.26061	0.0	-0.270339	0.0195829	0.962566	0.0	0.194382	-0.978093	0.0744915	0.0	-3.23217	-3.6432599999999997	-1.95187	0.352204	0.45836499999999997	0.0418591	-0.8877780000000001	0.0	-0.46043500000000004	-0.84321	-0.277484	0.0	-0.7601979999999999	0.535953	-0.367225	0.0	2.23314	1.77407	1.10629	0.28733600000000004	
0	0.938109	0.21772600000000003	0.26934400000000003	0.0	-0.285335	0.0450765	0.957367	0.0	0.196303	-0.9749680000000001	0.10441099999999999	0.0	-3.2399299999999998	-3.6371599999999997	-1.9782	0.353931	0.459596	0.0418824	-0.8871399999999999	0.0	-0.46198199999999995	-0.841836	-0.27908	0.0	-0.758514	0.538107	-0.367555	0.0	2.23088	1.77437	1.1027799999999999	0.287065	
0	0.921897	0.25421900000000003	0.29236599999999996	0.0	-0.332321	0.130933	0.934034	0.0	0.199169	-0.9582430000000001	0.20519	0.0	-3.261	-3.6235699999999995	-2.05824	0.359955	0.45873500000000006	0.0410623	-0.887624	0.0	-0.46058699999999997	-0.8432700000000001	-0.277048	0.0	-0.759883	0.53592	-0.367925	0.0	2.23727	1.77348	1.10581	0.287024	
0	0.9144329999999999	0.268256	0.30306900000000003	0.0	-0.352724	0.160965	0.9217790000000001	0.0	0.198489	-0.9498049999999999	0.241812	0.0	-3.27137	-3.62302	-2.07539	0.373028	0.457833	0.0419073	-0.88805	0.0	-0.462221	-0.842051	-0.278034	0.0	-0.7594350000000001	0.537768	-0.36614800000000003	0.0	2.2347599999999996	1.77341	1.1015700000000002	0.28717	
0	0.9089520000000001	0.273382	0.31475	0.0	-0.368773	0.175096	0.9128790000000001	0.0	0.194453	-0.945835	0.25997	0.0	-3.27576	-3.6221400000000004	-2.08549	0.37503200000000003	0.457875	0.0416546	-0.8880399999999999	0.0	-0.46246899999999996	-0.841944	-0.277942	0.0	-0.759258	0.537954	-0.366242	0.0	2.23363	1.77555	1.10038	0.287074	
0	0.894266	0.284208	0.345708	0.0	-0.40870300000000004	0.20389000000000002	0.889601	0.0	0.182345	-0.936832	0.298489	0.0	-3.2713099999999997	-3.6146800000000003	-2.14647	0.342346	0.45773800000000003	0.040812400000000006	-0.88815	0.0	-0.462916	-0.841922	-0.277267	0.0	-0.759069	0.538054	-0.366487	0.0	2.2330200000000002	1.7771099999999997	1.1016299999999999	0.28713	
0	0.8890129999999999	0.275125	0.366008	0.0	-0.427529	0.212571	0.878654	0.0	0.163937	-0.937614	0.306602	0.0	-3.23488	-3.5971900000000003	-2.20965	0.179675	0.45971300000000004	0.041777499999999995	-0.887084	0.0	-0.460718	-0.8427370000000001	-0.278447	0.0	-0.759212	0.536701	-0.36817	0.0	2.24008	1.7730700000000001	1.10361	0.287511	
0	0.8885069999999999	0.276663	0.366077	0.0	-0.425613	0.198738	0.882812	0.0	0.171487	-0.940192	0.29433200000000004	0.0	-3.23668	-3.59744	-2.20175	0.178424	0.459848	0.041660300000000004	-0.88702	0.0	-0.46070200000000006	-0.842756	-0.278419	0.0	-0.7591399999999999	0.536682	-0.368347	0.0	2.24018	1.76997	1.1029	0.287427	
