3	0.33871100000000004	0.8360129999999999	-0.43168999999999996	0.0	0.5559310000000001	0.19233599999999998	0.808671	0.0	0.759089	-0.513896	-0.399619	0.0	-2.79556	2.0193	1.37806	-4.79221e-05	-0.593133	0.516197	-0.617846	0.0	0.750799	0.0775675	-0.655961	0.0	-0.29068	-0.85295	-0.433568	0.0	2.66032	2.0	1.53809	0.0	
3	-0.205591	0.8825459999999999	-0.4229	0.0	0.168675	0.45761999999999997	0.8730020000000001	0.0	0.963992	0.108149	-0.24294699999999997	0.0	-2.94729	2.1036900000000003	1.19441	0.0	0.22473	0.66983	-0.7076899999999999	0.0	-0.13861800000000002	-0.696904	-0.7036399999999999	0.0	-0.964511	0.256228	-0.0637644	0.0	2.74899	2.12202	1.36495	0.0	
3	-0.161492	0.881209	-0.444288	0.0	0.15829000000000001	0.46749700000000005	0.869707	0.0	0.9740969999999999	0.07012410000000001	-0.214984	0.0	-2.95317	2.08513	1.05841	0.0	0.240064	0.6816369999999999	-0.691188	0.0	-0.168347	-0.6719890000000001	-0.721173	0.0	-0.9560489999999999	0.289487	-0.04656880000000001	0.0	2.87442	2.14967	1.1145100000000001	0.10102699999999999	
3	-0.14641400000000002	0.846232	-0.512303	0.0	0.15551099999999998	0.531134	0.832894	0.0	0.976923	0.042278300000000005	-0.209364	0.0	-3.00795	2.07527	0.905859	0.35658	0.236517	0.75944	-0.606062	0.0	-0.16089900000000001	-0.584535	-0.795255	0.0	-0.9582129999999999	0.28560599999999997	-0.016059200000000003	0.0	2.86409	2.1464	0.941736	0.34254	
3	-0.07350269999999999	0.796339	-0.600368	0.0	0.223308	0.599853	0.768316	0.0	0.971973	-0.0775938	-0.22191999999999998	0.0	-2.90643	1.9411900000000002	0.8524879999999999	0.354997	0.25456799999999996	0.806473	-0.533663	0.0	-0.09520219999999999	-0.528263	-0.843727	0.0	-0.962357	0.265592	-0.0577011	0.0	2.82612	2.08032	0.815496	0.353009	
3	0.0619251	0.793342	-0.605618	0.0	0.342659	0.553003	0.759456	0.0	0.9374170000000001	-0.25454899999999997	-0.23760100000000003	0.0	-2.8637099999999998	1.59854	0.8067529999999999	0.359248	0.152765	0.848857	-0.506069	0.0	0.0461202	-0.517645	-0.854352	0.0	-0.987186	0.107175	-0.118228	0.0	2.69424	1.81615	0.729666	0.363948	
3	0.16785799999999998	0.8205309999999999	-0.546401	0.0	0.43300600000000006	0.436567	0.788616	0.0	0.885624	-0.36896999999999996	-0.282014	0.0	-2.84817	1.3416299999999999	0.696587	0.359441	0.0602207	0.885603	-0.46052299999999996	0.0	0.211073	-0.462225	-0.861276	0.0	-0.975613	-0.045337300000000004	-0.21476199999999998	0.0	2.5150200000000003	1.47181	0.545415	0.363971	
3	0.28165999999999997	0.8328760000000001	-0.476429	0.0	0.5391560000000001	0.273354	0.796611	0.0	0.793712	-0.48124300000000003	-0.372057	0.0	-2.87562	1.1125399999999999	0.470242	0.359076	-0.00683397	0.88949	-0.456904	0.0	0.39804	-0.416738	-0.817248	0.0	-0.917343	-0.187451	-0.35120500000000004	0.0	2.42366	1.09574	0.26729200000000003	0.363998	
3	0.416993	0.793643	-0.442999	0.0	0.6147199999999999	0.112759	0.780644	0.0	0.669505	-0.5978439999999999	-0.44084799999999996	0.0	-2.96159	0.803808	0.19329200000000002	0.359698	-0.0598812	0.87541	-0.479659	0.0	0.540974	-0.37537600000000004	-0.752622	0.0	-0.8389049999999999	-0.304551	-0.451096	0.0	2.3658099999999997	0.707238	-0.014783000000000001	0.363975	
3	0.529382	0.716759	-0.45388500000000004	0.0	0.663027	-0.015756700000000002	0.748429	0.0	0.529292	-0.6971430000000001	-0.483572	0.0	-3.14249	0.284794	-0.20935399999999998	0.35970599999999997	-0.096112	0.8521569999999999	-0.514385	0.0	0.648397	-0.338491	-0.681914	0.0	-0.755212	-0.399065	-0.520003	0.0	2.40558	0.178311	-0.39676999999999996	0.363987	
3	0.590025	0.680642	-0.434278	0.0	0.663513	-0.102301	0.7411369999999999	0.0	0.46002200000000004	-0.7254390000000001	-0.511975	0.0	-3.23318	-0.10055700000000001	-0.6357229999999999	0.359605	-0.15166300000000002	0.807875	-0.569505	0.0	0.726352	-0.299683	-0.618549	0.0	-0.670381	-0.507473	-0.541351	0.0	2.4925200000000003	-0.417476	-0.7843479999999999	0.363952	
3	0.643742	0.627778	-0.437597	0.0	0.656279	-0.158808	0.7376159999999999	0.0	0.393565	-0.76202	-0.514229	0.0	-3.25858	-0.409312	-0.954896	0.360813	-0.19967100000000002	0.783949	-0.5878399999999999	0.0	0.7637619999999999	-0.251306	-0.5945699999999999	0.0	-0.6138399999999999	-0.567688	-0.548573	0.0	2.60862	-0.913917	-1.06093	0.363994	
3	0.655609	0.613542	-0.440163	0.0	0.653756	-0.169506	0.737476	0.0	0.377862	-0.771255	-0.5122359999999999	0.0	-3.21733	-0.791374	-1.2510700000000001	0.360112	-0.21675	0.7637550000000001	-0.608028	0.0	0.7825949999999999	-0.236384	-0.575906	0.0	-0.583579	-0.600668	-0.546475	0.0	2.78052	-1.40421	-1.32372	0.36403800000000003	
3	0.661562	0.6058720000000001	-0.441878	0.0	0.6471640000000001	-0.163601	0.74459	0.0	0.378834	-0.778559	-0.50033	0.0	-3.16637	-0.988099	-1.35461	0.359783	-0.21484099999999998	0.755984	-0.61833	0.0	0.780141	-0.24804600000000002	-0.574329	0.0	-0.587558	-0.6057739999999999	-0.536483	0.0	2.8153900000000003	-1.59829	-1.3775	0.36404699999999995	
3	0.660987	0.608119	-0.439645	0.0	0.639791	-0.15054700000000001	0.75366	0.0	0.392127	-0.7794399999999999	-0.48857799999999996	0.0	-3.08633	-1.10555	-1.41816	0.359014	-0.21335700000000002	0.746784	-0.629915	0.0	0.776753	-0.26140399999999997	-0.572994	0.0	-0.592565	-0.61154	-0.524295	0.0	2.7563400000000002	-1.6902599999999999	-1.30891	0.363654	
3	0.649068	0.622549	-0.4372	0.0	0.635125	-0.127135	0.761875	0.0	0.418721	-0.772185	-0.477915	0.0	-2.9243	-1.11394	-1.4082	0.358101	-0.207802	0.744979	-0.633896	0.0	0.771994	-0.273064	-0.573987	0.0	-0.600703	-0.60864	-0.5183760000000001	0.0	2.70318	-1.7043700000000002	-1.25851	0.363797	
3	0.646827	0.6204609999999999	-0.44344399999999995	0.0	0.6341859999999999	-0.11465	0.764633	0.0	0.423584	-0.7758109999999999	-0.467646	0.0	-2.8550299999999997	-1.1111	-1.3496700000000001	0.358216	-0.20653600000000003	0.7387739999999999	-0.641526	0.0	0.7699779999999999	-0.281839	-0.5724520000000001	0.0	-0.60372	-0.612193	-0.51063	0.0	2.67298	-1.7122700000000002	-1.19675	0.363755	
3	0.643632	0.622862	-0.44472700000000004	0.0	0.6334069999999999	-0.10736199999999999	0.766335	0.0	0.42957399999999996	-0.77493	-0.46362700000000007	0.0	-2.83065	-1.07902	-1.28193	0.358182	-0.203246	0.726671	-0.6562319999999999	0.0	0.770933	-0.29441300000000004	-0.564786	0.0	-0.603617	-0.6207020000000001	-0.500376	0.0	2.63584	-1.6407	-1.19082	0.36374	
3	0.6418699999999999	0.623605	-0.446229	0.0	0.6352720000000001	-0.10654100000000001	0.7649050000000001	0.0	0.429457	-0.774446	-0.46454399999999996	0.0	-2.86652	-1.00644	-1.27844	0.358153	-0.20143599999999998	0.724727	-0.658934	0.0	0.768516	-0.300155	-0.565058	0.0	-0.607295	-0.620224	-0.49650299999999997	0.0	2.6181900000000002	-1.57739	-1.21515	0.363769	
3	0.623637	0.6359670000000001	-0.454558	0.0	0.640297	-0.0820007	0.763738	0.0	0.448438	-0.767347	-0.458347	0.0	-2.93408	-0.969432	-1.2819399999999999	0.358793	-0.193104	0.727396	-0.658488	0.0	0.758498	-0.315056	-0.570457	0.0	-0.622408	-0.6096189999999999	-0.49088999999999994	0.0	2.6158200000000003	-1.53557	-1.21033	0.363962	
3	0.616208	0.641471	-0.45695	0.0	0.6409590000000001	-0.07130089999999999	0.764256	0.0	0.457667	-0.763827	-0.455093	0.0	-2.95396	-0.9649030000000001	-1.2853299999999999	0.359	-0.18821	0.72815	-0.6590699999999999	0.0	0.7537189999999999	-0.32315	-0.57226	0.0	-0.62967	-0.60446	-0.488001	0.0	2.61595	-1.52441	-1.20836	0.363979	
3	0.6161770000000001	0.641491	-0.456963	0.0	0.6409630000000001	-0.0712553	0.764257	0.0	0.45770299999999997	-0.763814	-0.455078	0.0	-2.9537400000000003	-0.964983	-1.28531	0.359002	-0.188192	0.728152	-0.6590739999999999	0.0	0.7537050000000001	-0.323177	-0.572263	0.0	-0.629692	-0.6044430000000001	-0.487993	0.0	2.61599	-1.5245799999999998	-1.20843	0.363979	
3	0.6161770000000001	0.641491	-0.456963	0.0	0.6409630000000001	-0.0712551	0.764257	0.0	0.45770299999999997	-0.763814	-0.455078	0.0	-2.9537299999999997	-0.9649840000000001	-1.28531	0.359002	-0.188192	0.728152	-0.6590739999999999	0.0	0.7537050000000001	-0.323177	-0.572263	0.0	-0.629692	-0.6044430000000001	-0.487992	0.0	2.61599	-1.5245799999999998	-1.20843	0.36398	
3	0.6161770000000001	0.641491	-0.456963	0.0	0.6409630000000001	-0.0712551	0.764257	0.0	0.45770299999999997	-0.763814	-0.455078	0.0	-2.9537400000000003	-0.9649840000000001	-1.28531	0.359002	-0.188192	0.728152	-0.6590739999999999	0.0	0.7537050000000001	-0.323177	-0.572263	0.0	-0.629692	-0.6044430000000001	-0.487992	0.0	2.61599	-1.5245799999999998	-1.20843	0.36398	
3	0.6161770000000001	0.641491	-0.456963	0.0	0.6409630000000001	-0.0712551	0.764257	0.0	0.45770299999999997	-0.763814	-0.455078	0.0	-2.9537299999999997	-0.9649840000000001	-1.28531	0.359001	-0.188192	0.728152	-0.6590739999999999	0.0	0.7537050000000001	-0.323177	-0.572263	0.0	-0.629692	-0.6044430000000001	-0.487992	0.0	2.61599	-1.5245799999999998	-1.20843	0.36398	
3	0.6161770000000001	0.641491	-0.456963	0.0	0.6409630000000001	-0.0712551	0.764257	0.0	0.45770299999999997	-0.763814	-0.455078	0.0	-2.9537299999999997	-0.964983	-1.28531	0.359001	-0.188192	0.728152	-0.6590739999999999	0.0	0.7537050000000001	-0.323177	-0.572263	0.0	-0.629692	-0.6044430000000001	-0.487992	0.0	2.61599	-1.5245799999999998	-1.20843	0.36398	
3	0.6161770000000001	0.641491	-0.456963	0.0	0.6409630000000001	-0.0712551	0.764257	0.0	0.45770299999999997	-0.763814	-0.455078	0.0	-2.9537299999999997	-0.9649840000000001	-1.28531	0.359001	-0.188192	0.728152	-0.6590739999999999	0.0	0.7537050000000001	-0.323177	-0.572263	0.0	-0.629692	-0.6044430000000001	-0.487992	0.0	2.61599	-1.5245799999999998	-1.20843	0.36398	
3	0.6161770000000001	0.641491	-0.456963	0.0	0.6409630000000001	-0.0712551	0.764257	0.0	0.45770299999999997	-0.763814	-0.455078	0.0	-2.9537299999999997	-0.964983	-1.28531	0.359001	-0.188192	0.728152	-0.6590739999999999	0.0	0.7537050000000001	-0.323177	-0.572263	0.0	-0.629692	-0.6044430000000001	-0.487992	0.0	2.61599	-1.5245799999999998	-1.20843	0.36398	
3	0.6161770000000001	0.641491	-0.456963	0.0	0.6409630000000001	-0.0712551	0.764257	0.0	0.45770299999999997	-0.763814	-0.455078	0.0	-2.9537299999999997	-0.9649840000000001	-1.28531	0.359002	-0.188192	0.728152	-0.6590739999999999	0.0	0.7537050000000001	-0.323177	-0.572263	0.0	-0.629692	-0.6044430000000001	-0.487992	0.0	2.61599	-1.5245799999999998	-1.20843	0.36398	
3	0.6161770000000001	0.641491	-0.456963	0.0	0.6409630000000001	-0.0712551	0.764257	0.0	0.45770299999999997	-0.763814	-0.455078	0.0	-2.9537299999999997	-0.9649840000000001	-1.28531	0.359002	-0.188192	0.728152	-0.6590739999999999	0.0	0.7537050000000001	-0.323177	-0.572263	0.0	-0.629692	-0.6044430000000001	-0.487993	0.0	2.61599	-1.5245799999999998	-1.20843	0.36398	
3	0.6161770000000001	0.641491	-0.456963	0.0	0.6409630000000001	-0.0712551	0.764257	0.0	0.45770299999999997	-0.763814	-0.455078	0.0	-2.9537299999999997	-0.9649840000000001	-1.28531	0.359002	-0.188192	0.728152	-0.6590739999999999	0.0	0.7537050000000001	-0.323177	-0.572263	0.0	-0.629692	-0.6044430000000001	-0.487993	0.0	2.61599	-1.5245799999999998	-1.20843	0.36398	
3	0.6161770000000001	0.641491	-0.456963	0.0	0.6409630000000001	-0.0712551	0.764257	0.0	0.45770299999999997	-0.763814	-0.455078	0.0	-2.9537299999999997	-0.9649840000000001	-1.28531	0.359002	-0.188192	0.728152	-0.6590739999999999	0.0	0.7537050000000001	-0.323177	-0.572263	0.0	-0.629692	-0.6044430000000001	-0.487993	0.0	2.61599	-1.5245799999999998	-1.20843	0.36398	
3	0.432392	0.7922640000000001	-0.430529	0.0	0.737744	-0.0363184	0.674103	0.0	0.518432	-0.609096	-0.6001920000000001	0.0	-3.1705799999999997	-1.1328	-1.41909	0.35996	-0.0457704	0.881393	-0.47016099999999994	0.0	0.567034	-0.36456	-0.738627	0.0	-0.822422	-0.300404	-0.48309300000000005	0.0	2.5720099999999997	-1.61232	-1.27268	0.36398400000000003	
3	0.583808	0.69627	-0.41758500000000004	0.0	0.703132	-0.17644400000000002	0.68882	0.0	0.40592399999999995	-0.695756	-0.592579	0.0	-3.4103	-1.32303	-1.577	0.361433	-0.116129	0.888655	-0.443629	0.0	0.598402	-0.293889	-0.7453489999999999	0.0	-0.7927350000000001	-0.352024	-0.497644	0.0	2.59689	-1.7784	-1.44735	0.363989	
3	0.7428239999999999	0.539979	-0.39577199999999996	0.0	0.607108	-0.294129	0.738178	0.0	0.28219299999999997	-0.788613	-0.546312	0.0	-3.66991	-1.6251799999999998	-1.77083	0.361838	-0.155114	0.887993	-0.432907	0.0	0.604169	-0.261439	-0.752749	0.0	-0.781614	-0.37831	-0.49594499999999997	0.0	2.6589	-1.97202	-1.6683599999999998	0.363987	
3	0.858977	0.368771	-0.355199	0.0	0.484092	-0.358969	0.797995	0.0	0.166772	-0.857409	-0.48686599999999997	0.0	-3.9138699999999997	-1.94032	-2.00066	0.36277	-0.16538	0.8821110000000001	-0.44105500000000003	0.0	0.602852	-0.263516	-0.75308	0.0	-0.780525	-0.390435	-0.488202	0.0	2.68392	-2.1049900000000004	-1.8337700000000001	0.363976	
3	0.8772	0.321656	-0.356452	0.0	0.459024	-0.344167	0.819052	0.0	0.140773	-0.882092	-0.44955100000000003	0.0	-4.016290000000001	-2.1080799999999997	-2.1166099999999997	0.36280100000000004	-0.16708599999999998	0.881934	-0.44076499999999996	0.0	0.60205	-0.262759	-0.753985	0.0	-0.78078	-0.391343	-0.48706499999999997	0.0	2.68919	-2.14018	-1.8791	0.36398	
3	0.8690709999999999	0.31098000000000003	-0.38471700000000003	0.0	0.468195	-0.265984	0.842642	0.0	0.159716	-0.9124389999999999	-0.376758	0.0	-4.05199	-2.54755	-2.3847099999999997	0.36152399999999996	-0.167731	0.8804569999999999	-0.44346599999999997	0.0	0.5997600000000001	-0.265877	-0.754717	0.0	-0.782403	-0.39256199999999997	-0.483467	0.0	2.68089	-2.17768	-1.98855	0.3639	
3	0.850791	0.33717600000000003	-0.403071	0.0	0.48921400000000004	-0.22810300000000003	0.841807	0.0	0.191896	-0.9133899999999999	-0.35901900000000003	0.0	-3.9044300000000005	-2.7141599999999997	-2.4951	0.361078	-0.16499	0.878698	-0.44796	0.0	0.597165	-0.272476	-0.754421	0.0	-0.784967	-0.391978	-0.47977200000000003	0.0	2.6646900000000002	-2.18642	-1.9759200000000001	0.363975	
3	0.81839	0.360163	-0.447796	0.0	0.53228	-0.18137899999999998	0.82691	0.0	0.216602	-0.9150870000000001	-0.340146	0.0	-3.7247	-2.8365299999999998	-2.58675	0.36113	-0.166552	0.8787659999999999	-0.447248	0.0	0.597487	-0.270884	-0.75474	0.0	-0.784392	-0.392928	-0.47993500000000006	0.0	2.64716	-2.18903	-1.94065	0.36398400000000003	
3	0.8018029999999999	0.37369	-0.466334	0.0	0.55024	-0.157237	0.820069	0.0	0.233127	-0.9141290000000001	-0.331692	0.0	-3.6315800000000005	-2.8968700000000003	-2.62607	0.3614	-0.167037	0.877597	-0.449358	0.0	0.597079	-0.272647	-0.754428	0.0	-0.7845989999999999	-0.39431900000000003	-0.47845200000000004	0.0	2.64629	-2.19096	-1.9317400000000002	0.36398400000000003	
3	0.746945	0.412976	-0.521079	0.0	0.594692	-0.06447919999999999	0.8013640000000001	0.0	0.29734499999999997	-0.908457	-0.293756	0.0	-3.3840199999999996	-3.07432	-2.66404	0.362137	-0.168458	0.8767959999999999	-0.45038999999999996	0.0	0.5981569999999999	-0.272244	-0.7537189999999999	0.0	-0.783473	-0.396374	-0.478599	0.0	2.66093	-2.19369	-1.92175	0.363977	
3	0.737688	0.397903	-0.545426	0.0	0.603507	-0.026488799999999996	0.796918	0.0	0.30264800000000003	-0.9170450000000001	-0.259677	0.0	-3.21412	-3.22146	-2.6447700000000003	0.361167	-0.172463	0.8723549999999999	-0.45744300000000004	0.0	0.595317	-0.27768000000000004	-0.753984	0.0	-0.784764	-0.402357	-0.471438	0.0	2.65625	-2.21888	-1.91894	0.363938	
3	0.736176	0.388974	-0.553846	0.0	0.605912	-0.014206100000000001	0.795405	0.0	0.30152399999999996	-0.9211389999999999	-0.246142	0.0	-3.1451700000000002	-3.31459	-2.62415	0.362092	-0.171098	0.872632	-0.45742700000000003	0.0	0.593746	-0.279175	-0.75467	0.0	-0.786251	-0.40071799999999996	-0.470355	0.0	2.65254	-2.22955	-1.9211900000000002	0.36397199999999996	
3	0.7517689999999999	0.361953	-0.551211	0.0	0.592433	-0.0036217	0.805612	0.0	0.289597	-0.9321889999999999	-0.21715500000000001	0.0	-3.08738	-3.4555300000000004	-2.65218	0.362027	-0.168094	0.871033	-0.46156899999999995	0.0	0.5919939999999999	-0.285199	-0.753794	0.0	-0.788218	-0.399955	-0.46770600000000007	0.0	2.6461200000000002	-2.22027	-1.91556	0.363987	
3	0.756162	0.349563	-0.553195	0.0	0.5871270000000001	0.010884999999999999	0.809422	0.0	0.288966	-0.93685	-0.197007	0.0	-3.09456	-3.46845	-2.6555	0.36175999999999997	-0.167595	0.871484	-0.460898	0.0	0.591576	-0.285086	-0.754165	0.0	-0.7886380000000001	-0.39905100000000004	-0.46776999999999996	0.0	2.64378	-2.21632	-1.9146599999999998	0.363981	
3	0.7663270000000001	0.32809699999999997	-0.552355	0.0	0.575592	0.0312683	0.8171390000000001	0.0	0.28537199999999996	-0.944126	-0.164888	0.0	-3.11638	-3.5241300000000004	-2.6828	0.36146500000000004	-0.16561099999999998	0.872582	-0.45953599999999994	0.0	0.588054	-0.286692	-0.756307	0.0	-0.791686	-0.395485	-0.465646	0.0	2.64027	-2.2217	-1.9212200000000001	0.36398	
3	0.799184	0.279565	-0.5321170000000001	0.0	0.537971	0.0622187	0.840664	0.0	0.26812800000000003	-0.958109	-0.100674	0.0	-3.11041	-3.54881	-2.72017	0.355442	-0.166463	0.8718959999999999	-0.46053	0.0	0.585233	-0.288529	-0.757795	0.0	-0.7935949999999999	-0.395662	-0.462233	0.0	2.62737	-2.24513	-1.92573	0.36398800000000003	
3	0.8226040000000001	0.251301	-0.51007	0.0	0.512299	0.0616836	0.8565889999999999	0.0	0.246725	-0.965942	-0.078	0.0	-3.11103	-3.5477300000000005	-2.73172	0.353635	-0.16363699999999998	0.870088	-0.46493999999999996	0.0	0.5862069999999999	-0.293304	-0.755205	0.0	-0.7934640000000001	-0.39613000000000004	-0.462057	0.0	2.62121	-2.2378099999999996	-1.9216400000000002	0.36398600000000003	
3	0.881991	0.172931	-0.43838999999999995	0.0	0.436734	0.0495975	0.898223	0.0	0.177074	-0.983684	-0.0317803	0.0	-3.1260000000000003	-3.5347699999999995	-2.74638	0.358629	-0.155911	0.862958	-0.48062	0.0	0.586058	-0.31085999999999997	-0.748267	0.0	-0.795128	-0.398333	-0.45727700000000004	0.0	2.61216	-2.21265	-1.90704	0.363975	
3	0.922183	0.135498	-0.362241	0.0	0.36331199999999997	0.0176266	0.931501	0.0	0.132602	-0.9906209999999999	-0.0329731	0.0	-3.1932400000000003	-3.64146	-2.8226	0.35597399999999996	-0.152489	0.857809	-0.49082700000000007	0.0	0.585295	-0.321794	-0.7442300000000001	0.0	-0.796353	-0.400766	-0.45300100000000004	0.0	2.59278	-2.1999400000000002	-1.88021	0.36399000000000004	
3	0.950694	0.09131950000000001	-0.296381	0.0	0.29830500000000004	-0.007881399999999998	0.9544379999999999	0.0	0.08482289999999999	-0.995791	-0.0347339	0.0	-3.18722	-3.63993	-2.84578	0.34874499999999997	-0.152462	0.854973	-0.495759	0.0	0.584608	-0.326435	-0.742747	0.0	-0.796862	-0.403066	-0.45005500000000004	0.0	2.58364	-2.18832	-1.83487	0.363973	
3	0.974418	0.0619513	-0.216034	0.0	0.213283	0.048105300000000004	0.9758049999999999	0.0	0.0708448	-0.996919	0.0336616	0.0	-3.19117	-3.6284300000000003	-2.87574	0.353209	-0.154773	0.8553540000000001	-0.494384	0.0	0.586149	-0.323323	-0.7428939999999999	0.0	-0.795283	-0.404762	-0.451323	0.0	2.59266	-2.17963	-1.8108799999999998	0.364016	
3	0.9736790000000001	0.0605998	-0.219719	0.0	0.21729400000000001	0.0441415	0.975108	0.0	0.0687901	-0.997186	0.029811700000000003	0.0	-3.19428	-3.6286699999999996	-2.87937	0.36189499999999997	-0.153818	0.856067	-0.493446	0.0	0.5841189999999999	-0.324006	-0.7441939999999999	0.0	-0.79696	-0.40270100000000003	-0.45020699999999997	0.0	2.60189	-2.16177	-1.80371	0.363983	
3	0.958633	0.046356800000000004	-0.28084499999999996	0.0	0.27911199999999997	0.040500699999999994	0.959404	0.0	0.0558494	-0.9981040000000001	0.0258865	0.0	-3.17043	-3.6325300000000005	-2.8766700000000003	0.36651999999999996	-0.15228	0.8543200000000001	-0.496939	0.0	0.58092	-0.329411	-0.744326	0.0	-0.799589	-0.402028	-0.446129	0.0	2.6066599999999998	-2.13787	-1.7865400000000002	0.363983	
3	0.935225	0.013486600000000001	-0.353798	0.0	0.35366	0.011549700000000001	0.9353030000000001	0.0	0.016700299999999998	-0.999842	0.00603188	0.0	-3.1215	-3.63996	-2.8742	0.358116	-0.150832	0.853902	-0.498097	0.0	0.576309	-0.333427	-0.74612	0.0	-0.803192	-0.399596	-0.44182	0.0	2.61365	-2.13078	-1.78488	0.363985	
3	0.905126	-0.021671	-0.424592	0.0	0.42376099999999994	-0.0345139	0.905116	0.0	-0.034269	-0.9991690000000001	-0.0220561	0.0	-3.0857200000000002	-3.61597	-2.86365	0.23131300000000002	-0.149866	0.854542	-0.497291	0.0	0.572859	-0.334893	-0.748117	0.0	-0.805837	-0.396995	-0.43934300000000004	0.0	2.61532	-2.1247599999999998	-1.7817900000000002	0.363977	
3	0.8906459999999999	-0.048642000000000005	-0.452089	0.0	0.447191	-0.08621960000000001	0.890273	0.0	-0.0822836	-0.995088	-0.0550389	0.0	-3.14337	-3.59076	-2.8368700000000002	0.11555499999999999	-0.150227	0.856708	-0.49344	0.0	0.565421	-0.334972	-0.7537189999999999	0.0	-0.811006	-0.39223	-0.434079	0.0	2.61753	-2.12751	-1.77747	0.36399899999999996	
3	0.908159	0.00166917	-0.41862299999999997	0.0	0.418579	0.011311700000000001	0.9081100000000001	0.0	0.00625114	-0.999935	0.00957415	0.0	-3.1956700000000002	-3.5969	-2.83609	0.11425	-0.149307	0.85855	-0.49050900000000003	0.0	0.561176	-0.334862	-0.756934	0.0	-0.8141189999999999	-0.388278	-0.43180100000000005	0.0	2.6193	-2.12684	-1.7754	0.36397199999999996	
3	0.905005	0.0292286	-0.424396	0.0	0.42361800000000005	0.0293413	0.905366	0.0	0.0389149	-0.999142	0.014172200000000001	0.0	-3.23335	-3.59395	-2.83149	0.118026	-0.14852100000000001	0.8581540000000001	-0.49144	0.0	0.557508	-0.337792	-0.758342	0.0	-0.816778	-0.38661100000000004	-0.42825799999999997	0.0	2.61944	-2.13967	-1.75908	0.36397399999999996	
3	0.887431	0.05887100000000001	-0.45716599999999996	0.0	0.45580699999999996	0.035525	0.8893690000000001	0.0	0.0685988	-0.997633	0.00469213	0.0	-3.26789	-3.5914	-2.8293	0.117808	-0.14999300000000002	0.8589379999999999	-0.48962	0.0	0.556344	-0.336052	-0.759968	0.0	-0.817303	-0.386387	-0.42746000000000006	0.0	2.62111	-2.1453599999999997	-1.7492299999999998	0.363978	
3	0.855258	0.141349	-0.49855200000000005	0.0	0.498776	0.0364103	0.865966	0.0	0.14055499999999999	-0.98929	-0.039361099999999996	0.0	-3.3926800000000004	-3.5931699999999998	-2.7463	0.12337999999999999	-0.14818800000000001	0.858842	-0.49033699999999997	0.0	0.5533680000000001	-0.33892	-0.7608659999999999	0.0	-0.819649	-0.384088	-0.42503199999999997	0.0	2.65077	-2.18485	-1.7462900000000001	0.363983	
3	0.8275049999999999	0.191927	-0.527636	0.0	0.530864	0.038524699999999995	0.8465809999999999	0.0	0.182809	-0.9806530000000001	-0.0700077	0.0	-3.46138	-3.5970800000000005	-2.6949400000000003	0.129921	-0.145571	0.859226	-0.49044799999999994	0.0	0.550167	-0.34170700000000004	-0.76194	0.0	-0.822269	-0.380745	-0.422975	0.0	2.6654400000000003	-2.19486	-1.7456	0.363993	
3	0.7768970000000001	0.270865	-0.568387	0.0	0.569075	0.08419960000000001	0.817964	0.0	0.269416	-0.9589280000000001	-0.0887282	0.0	-3.54745	-3.5877	-2.66288	0.12773099999999998	-0.143954	0.860749	-0.48825	0.0	0.545046	-0.342842	-0.765104	0.0	-0.8259549999999999	-0.376258	-0.419795	0.0	2.6432900000000004	-2.2107799999999997	-1.73858	0.36396999999999996	
3	0.707457	0.376897	-0.597874	0.0	0.5916939999999999	0.146797	0.7926850000000001	0.0	0.386527	-0.914549	-0.119156	0.0	-3.5062800000000003	-3.3227599999999997	-2.39431	0.12031199999999999	-0.142921	0.8647	-0.481526	0.0	0.539445	-0.33984699999999995	-0.770392	0.0	-0.8298030000000001	-0.36986199999999997	-0.417887	0.0	2.62298	-2.22693	-1.73112	0.36394299999999996	
3	0.6594399999999999	0.44646199999999997	-0.604823	0.0	0.603251	0.16581500000000002	0.7801239999999999	0.0	0.448585	-0.8793049999999999	-0.159983	0.0	-3.41523	-3.01409	-2.32341	0.10960999999999999	-0.131938	0.856875	-0.498356	0.0	0.541108	-0.358978	-0.7604850000000001	0.0	-0.8305389999999999	-0.370001	-0.416299	0.0	2.61458	-2.28268	-1.74099	0.363991	
3	0.6328630000000001	0.48548500000000006	-0.6031489999999999	0.0	0.588187	0.205131	0.782277	0.0	0.503509	-0.8498379999999999	-0.15573599999999999	0.0	-3.4560000000000004	-2.68614	-2.22175	0.059586900000000005	-0.125905	0.852584	-0.507197	0.0	0.539222	-0.37033	-0.75637	0.0	-0.832699	-0.368722	-0.41310600000000003	0.0	2.5935	-2.34061	-1.7341799999999998	0.363982	
3	0.603499	0.524982	-0.600152	0.0	0.5940949999999999	0.20596799999999998	0.777579	0.0	0.531827	-0.825815	-0.187588	0.0	-3.0344700000000002	-2.10648	-1.97947	0.00015864	-0.121879	0.8526389999999999	-0.5080859999999999	0.0	0.534104	-0.375127	-0.757636	0.0	-0.8365879999999999	-0.363711	-0.409678	0.0	2.5807900000000004	-2.37085	-1.7275900000000002	0.36396300000000004	
3	0.598598	0.5310699999999999	-0.599704	0.0	0.5962770000000001	0.204518	0.7762899999999999	0.0	0.5349149999999999	-0.822276	-0.194241	0.0	-2.97519	-1.9484299999999999	-1.9401	0.0	-0.119333	0.851166	-0.511152	0.0	0.531316	-0.380164	-0.7570859999999999	0.0	-0.838727	-0.361928	-0.40687199999999996	0.0	2.56308	-2.39673	-1.7314900000000002	0.36399000000000004	
3	0.591146	0.538188	-0.60075	0.0	0.596326	0.209883	0.7748189999999999	0.0	0.543086	-0.8162739999999999	-0.196864	0.0	-2.94892	-1.8877	-1.91098	0.0	-0.117914	0.8509969999999999	-0.5117619999999999	0.0	0.527857	-0.382802	-0.758175	0.0	-0.841108	-0.359536	-0.404068	0.0	2.55462	-2.4090000000000003	-1.72595	0.36398400000000003	
0	0.582925	0.545393	-0.602283	0.0	0.595436	0.21762399999999998	0.773366	0.0	0.55286	-0.8094359999999999	-0.197889	0.0	-2.91826	-1.84195	-1.8659400000000002	0.0	-0.11797300000000001	0.850076	-0.5132770000000001	0.0	0.527139	-0.384434	-0.757849	0.0	-0.84155	-0.35997399999999996	-0.402756	0.0	2.5407	-2.4264900000000003	-1.7236099999999999	0.36397399999999996	
0	0.579325	0.553703	-0.59816	0.0	0.5913510000000001	0.219541	0.7759550000000001	0.0	0.5609689999999999	-0.803253	-0.200247	0.0	-2.88479	-1.80929	-1.86759	0.0	-0.11862400000000001	0.8494079999999999	-0.5142329999999999	0.0	0.527841	-0.384707	-0.757221	0.0	-0.841018	-0.36125799999999997	-0.402717	0.0	2.53404	-2.44254	-1.7266299999999999	0.363979	
0	0.581164	0.552562	-0.597431	0.0	0.588314	0.221951	0.777576	0.0	0.56226	-0.803376	-0.19609000000000001	0.0	-2.8711599999999997	-1.80627	-1.8707200000000002	0.0	-0.118894	0.8479700000000001	-0.516538	0.0	0.528732	-0.386264	-0.7558060000000001	0.0	-0.8404209999999999	-0.362971	-0.402425	0.0	2.53283	-2.4398	-1.72195	0.363991	
0	0.639104	0.488921	-0.5937180000000001	0.0	0.602495	0.161564	0.7815989999999999	0.0	0.47806400000000004	-0.8572360000000001	-0.191316	0.0	-2.8423	-1.85648	-1.8421	0.0	-0.117065	0.8448969999999999	-0.5219630000000001	0.0	0.531586	-0.390638	-0.751544	0.0	-0.8388760000000001	-0.365448	-0.403405	0.0	2.53903	-2.41966	-1.7055200000000001	0.36401700000000003	
0	0.630005	0.358615	-0.6888310000000001	0.0	0.71405	0.08123899999999999	0.695365	0.0	0.30532800000000004	-0.9299440000000001	-0.20488800000000001	0.0	-3.03342	-2.0671	-1.8487099999999999	0.0	-0.114711	0.8422	-0.526822	0.0	0.532185	-0.395702	-0.748464	0.0	-0.8388209999999999	-0.366224	-0.40281500000000003	0.0	2.53903	-2.39488	-1.69077	0.36398400000000003	
0	0.323257	0.358361	-0.875833	0.0	0.9075059999999999	0.144925	0.394246	0.0	0.268212	-0.922266	-0.278366	0.0	-3.3611199999999997	-2.31222	-1.81293	0.346513	-0.112998	0.839514	-0.531458	0.0	0.530302	-0.40137399999999995	-0.746779	0.0	-0.840245	-0.366218	-0.399841	0.0	2.53342	-2.3878	-1.6764299999999999	0.363967	
0	0.26469499999999996	0.337568	-0.9033180000000001	0.0	0.94526	0.09455269999999999	0.312319	0.0	0.19084	-0.9365399999999999	-0.294062	0.0	-3.4525699999999997	-2.49993	-1.85855	0.36271	-0.110922	0.8392850000000001	-0.532257	0.0	0.5293680000000001	-0.403368	-0.746368	0.0	-0.84111	-0.364548	-0.399548	0.0	2.53278	-2.38604	-1.6689200000000002	0.363976	
0	0.31594	0.319378	-0.893409	0.0	0.946232	-0.037111	0.321353	0.0	0.069478	-0.9469	-0.313931	0.0	-3.92634	-2.71738	-2.0369200000000003	0.360134	-0.10866500000000001	0.839051	-0.53309	0.0	0.527536	-0.405851	-0.746318	0.0	-0.8425540000000001	-0.362323	-0.398528	0.0	2.53721	-2.38138	-1.6731	0.363975	
0	0.42869300000000005	0.26768200000000003	-0.862884	0.0	0.9025280000000001	-0.0837446	0.42241000000000006	0.0	0.0408098	-0.9598610000000001	-0.277491	0.0	-4.2676099999999995	-2.87089	-2.23805	0.35925100000000004	-0.10683499999999999	0.836125	-0.538034	0.0	0.5281140000000001	-0.410768	-0.743213	0.0	-0.842426	-0.363545	-0.397685	0.0	2.52847	-2.37863	-1.67219	0.36398	
0	0.44220600000000004	0.28923000000000004	-0.848999	0.0	0.891855	-0.0414073	0.45042200000000004	0.0	0.09512050000000001	-0.956364	-0.276262	0.0	-4.24068	-2.98742	-2.3462	0.36052399999999996	-0.10595399999999999	0.835568	-0.5390729999999999	0.0	0.527245	-0.41243500000000005	-0.7429060000000001	0.0	-0.843081	-0.362937	-0.39685	0.0	2.5248	-2.37985	-1.6680099999999998	0.36398400000000003	
0	0.4345	0.297269	-0.850201	0.0	0.8896129999999999	0.00582632	0.456679	0.0	0.14071	-0.9547760000000001	-0.261923	0.0	-4.13304	-3.0966	-2.40577	0.36148600000000003	-0.10561199999999998	0.8360200000000001	-0.5384399999999999	0.0	0.5257149999999999	-0.41267200000000004	-0.743859	0.0	-0.8440799999999999	-0.361626	-0.395925	0.0	2.52143	-2.38422	-1.66972	0.36398400000000003	
0	0.410624	0.305338	-0.8591610000000001	0.0	0.889957	0.0708206	0.45051199999999997	0.0	0.198405	-0.949607	-0.242657	0.0	-3.97044	-3.26523	-2.4098599999999997	0.36206	-0.103746	0.8351629999999999	-0.540129	0.0	0.523891	-0.415731	-0.743442	0.0	-0.8454440000000001	-0.360097	-0.394404	0.0	2.51593	-2.3862799999999997	-1.6664700000000001	0.363973	
0	0.381511	0.292779	-0.8767719999999999	0.0	0.896856	0.11243399999999999	0.427795	0.0	0.22382800000000003	-0.9495469999999999	-0.21968600000000002	0.0	-3.8805099999999997	-3.3596800000000004	-2.4182900000000003	0.363133	-0.10463099999999999	0.8346	-0.540828	0.0	0.523174	-0.416292	-0.743633	0.0	-0.845778	-0.360755	-0.393084	0.0	2.5144599999999997	-2.39032	-1.6627599999999998	0.36398400000000003	
0	0.351098	0.273068	-0.8956360000000001	0.0	0.899545	0.167139	0.403589	0.0	0.259903	-0.947364	-0.186954	0.0	-3.6991400000000003	-3.5330800000000004	-2.42191	0.36349499999999996	-0.10686199999999998	0.8336629999999999	-0.541836	0.0	0.526514	-0.414829	-0.742091	0.0	-0.8434229999999999	-0.364586	-0.394606	0.0	2.51146	-2.3828099999999997	-1.6573	0.363981	
0	0.346826	0.259101	-0.901431	0.0	0.9012469999999999	0.174091	0.396795	0.0	0.259741	-0.950031	-0.17313499999999998	0.0	-3.69705	-3.53461	-2.42692	0.36194499999999996	-0.10772899999999999	0.8346530000000001	-0.540139	0.0	0.5282180000000001	-0.41221899999999995	-0.7423350000000001	0.0	-0.842247	-0.365282	-0.396471	0.0	2.52067	-2.38364	-1.6633900000000001	0.363993	
0	0.340171	0.232783	-0.9110959999999999	0.0	0.9076559999999999	0.172029	0.38284	0.0	0.245854	-0.9571930000000001	-0.15276800000000001	0.0	-3.66765	-3.5262599999999997	-2.41756	0.361256	-0.106313	0.8351620000000001	-0.539632	0.0	0.527335	-0.412743	-0.742672	0.0	-0.84298	-0.36352199999999996	-0.39653	0.0	2.52947	-2.3802	-1.6694200000000001	0.36398800000000003	
0	0.34931100000000004	0.224137	-0.909805	0.0	0.9056129999999999	0.168475	0.389206	0.0	0.24051399999999998	-0.959885	-0.14413099999999998	0.0	-3.60684	-3.51836	-2.38849	0.361836	-0.10531300000000002	0.834542	-0.5407850000000001	0.0	0.5255489999999999	-0.414955	-0.7427050000000001	0.0	-0.8442200000000001	-0.362425	-0.394893	0.0	2.5239599999999998	-2.38092	-1.66618	0.363983	
0	0.36804499999999996	0.180796	-0.912061	0.0	0.9130940000000001	0.114872	0.391233	0.0	0.175503	-0.9767889999999999	-0.122806	0.0	-3.4204800000000004	-3.62275	-2.34706	0.370302	-0.103527	0.832801	-0.543806	0.0	0.524725	-0.418738	-0.741163	0.0	-0.8449530000000001	-0.362079	-0.39364	0.0	2.51595	-2.38096	-1.6598700000000002	0.363975	
0	0.354982	0.153021	-0.922265	0.0	0.92414	0.09162100000000001	0.370906	0.0	0.141255	-0.983966	-0.10888900000000001	0.0	-3.38798	-3.62719	-2.36472	0.370988	-0.10403399999999999	0.832304	-0.544469	0.0	0.525249	-0.418893	-0.740704	0.0	-0.844565	-0.36304000000000003	-0.393588	0.0	2.51303	-2.37533	-1.65526	0.36398	
0	0.35422	0.151281	-0.922845	0.0	0.923644	0.0978128	0.37056	0.0	0.146325	-0.98364	-0.105082	0.0	-3.3915699999999998	-3.6257599999999996	-2.3678	0.372299	-0.10446099999999998	0.8331270000000001	-0.543127	0.0	0.52365	-0.418207	-0.742222	0.0	-0.845505	-0.361942	-0.392581	0.0	2.51174	-2.3742900000000002	-1.65365	0.363967	
0	0.35402	0.147478	-0.923537	0.0	0.922299	0.108643	0.370894	0.0	0.155034	-0.98308	-0.0975568	0.0	-3.39665	-3.62355	-2.3727	0.374023	-0.10540799999999999	0.834583	-0.540704	0.0	0.523171	-0.415861	-0.743876	0.0	-0.845684	-0.361291	-0.39279400000000003	0.0	2.51115	-2.38084	-1.6553400000000003	0.363982	
0	0.359014	0.134732	-0.9235559999999999	0.0	0.921479	0.10603599999999999	0.373675	0.0	0.148277	-0.985192	-0.0860843	0.0	-3.3866300000000003	-3.6252800000000005	-2.3796	0.376121	-0.104932	0.833427	-0.5425770000000001	0.0	0.523552	-0.41756400000000005	-0.742653	0.0	-0.845508	-0.36199499999999996	-0.39252600000000004	0.0	2.50564	-2.3860799999999998	-1.6550900000000002	0.363962	
0	0.360715	0.124313	-0.9243540000000001	0.0	0.9245459999999999	0.082913	0.37194099999999997	0.0	0.122878	-0.9887729999999999	-0.0850255	0.0	-3.36325	-3.6315699999999995	-2.38008	0.376998	-0.10498299999999999	0.832096	-0.544605	0.0	0.523993	-0.41916099999999995	-0.741442	0.0	-0.8452280000000001	-0.363207	-0.39200799999999997	0.0	2.50601	-2.38279	-1.65146	0.363979	
0	0.34333800000000003	0.0554827	-0.937572	0.0	0.9319440000000001	-0.14407	0.332752	0.0	-0.11661400000000001	-0.9880110000000001	-0.101171	0.0	-3.2170799999999997	-3.6243300000000005	-2.3647299999999998	0.388357	-0.104032	0.827515	-0.551721	0.0	0.52691	-0.42462799999999995	-0.7362449999999999	0.0	-0.8435299999999999	-0.3673	-0.391851	0.0	2.51062	-2.37034	-1.6465900000000002	0.363975	
0	0.34016199999999996	0.034721800000000004	-0.9397260000000001	0.0	0.9235450000000001	-0.20051	0.326896	0.0	-0.177074	-0.9790760000000001	-0.100273	0.0	-3.21584	-3.6175900000000003	-2.3571400000000002	0.39504	-0.10385799999999999	0.82689	-0.5526909999999999	0.0	0.527697	-0.42522	-0.7353390000000001	0.0	-0.843059	-0.368025	-0.392185	0.0	2.51496	-2.35797	-1.6444900000000002	0.36397199999999996	
0	0.372915	0.0123976	-0.927783	0.0	0.8876459999999999	-0.29596999999999996	0.35282800000000003	0.0	-0.270221	-0.955117	-0.121377	0.0	-3.21877	-3.60768	-2.3494599999999997	0.40903	-0.10066699999999999	0.8255520000000001	-0.555275	0.0	0.525513	-0.429784	-0.73425	0.0	-0.844809	-0.365719	-0.390574	0.0	2.5167200000000003	-2.32508	-1.6334799999999998	0.36399000000000004	
0	0.397599	0.007894100000000001	-0.917525	0.0	0.875775	-0.301587	0.376913	0.0	-0.27373800000000004	-0.953406	-0.126824	0.0	-3.22644	-3.6055099999999998	-2.3495	0.404789	-0.0989358	0.825052	-0.5563279999999999	0.0	0.5237930000000001	-0.432173	-0.7340760000000001	0.0	-0.846081	-0.364027	-0.389399	0.0	2.51159	-2.31922	-1.6311799999999999	0.363978	
0	0.472046	-0.0153814	-0.88144	0.0	0.833205	-0.318852	0.45177799999999996	0.0	-0.287998	-0.94768	-0.137697	0.0	-3.24606	-3.5972199999999996	-2.35905	0.39045	-0.0974375	0.823254	-0.559249	0.0	0.521565	-0.43633999999999995	-0.733196	0.0	-0.8476290000000001	-0.363125	-0.386865	0.0	2.4942	-2.31147	-1.6265399999999999	0.363983	
0	0.515961	-0.05472899999999999	-0.8548620000000001	0.0	0.8055869999999999	-0.30828099999999997	0.505957	0.0	-0.291229	-0.9497200000000001	-0.114972	0.0	-3.2653	-3.5896800000000004	-2.36863	0.363158	-0.0987968	0.8220879999999999	-0.560724	0.0	0.522339	-0.43677	-0.73239	0.0	-0.8469959999999999	-0.365245	-0.386257	0.0	2.4896599999999998	-2.30272	-1.61913	0.363982	
0	0.519554	-0.0883158	-0.8498610000000001	0.0	0.7963140000000001	-0.310533	0.519089	0.0	-0.309753	-0.946451	-0.0910113	0.0	-3.27178	-3.5875800000000004	-2.36405	0.35538600000000004	-0.0998492	0.8226690000000001	-0.559684	0.0	0.522334	-0.435418	-0.7331979999999999	0.0	-0.846875	-0.365551	-0.386232	0.0	2.494	-2.3033	-1.61484	0.363985	
0	0.44390100000000005	-0.16534400000000002	-0.8806889999999999	0.0	0.818628	-0.324869	0.473612	0.0	-0.364417	-0.9311940000000001	-0.00885458	0.0	-3.28936	-3.5859300000000003	-2.30515	0.157342	-0.10563499999999999	0.824635	-0.555714	0.0	0.5237890000000001	-0.428889	-0.736003	0.0	-0.8452729999999999	-0.368824	-0.38663000000000003	0.0	2.51627	-2.3006	-1.61186	0.363985	
0	0.471836	-0.186757	-0.8616799999999999	0.0	0.814578	-0.281647	0.507087	0.0	-0.337391	-0.941168	0.019237200000000003	0.0	-3.30102	-3.57513	-2.32995	0.155924	-0.10820999999999999	0.8247049999999999	-0.5551149999999999	0.0	0.522756	-0.427755	-0.737395	0.0	-0.8455860000000001	-0.369983	-0.384833	0.0	2.5222700000000002	-2.2856099999999997	-1.6079700000000001	0.363985	
0	0.485558	-0.194306	-0.8523370000000001	0.0	0.812837	-0.258508	0.521987	0.0	-0.321761	-0.9462659999999999	0.0324184	0.0	-3.31066	-3.56869	-2.33827	0.156127	-0.10726199999999998	0.825192	-0.554574	0.0	0.521839	-0.428058	-0.737869	0.0	-0.846274	-0.368543	-0.384703	0.0	2.53572	-2.26957	-1.6040299999999998	0.363977	
0	0.5241979999999999	-0.21026999999999998	-0.8252290000000001	0.0	0.8084	-0.181841	0.5598420000000001	0.0	-0.267779	-0.960583	0.0746612	0.0	-3.3432800000000005	-3.5497699999999996	-2.34383	0.156158	-0.104742	0.8237389999999999	-0.55721	0.0	0.519645	-0.432388	-0.736892	0.0	-0.847938	-0.366735	-0.382763	0.0	2.5441599999999998	-2.25368	-1.5992600000000001	0.36398600000000003	
0	0.554081	-0.191842	-0.810056	0.0	0.7989970000000001	-0.150577	0.5821770000000001	0.0	-0.23366199999999998	-0.969806	0.06984939999999999	0.0	-3.35888	-3.5471699999999995	-2.3315900000000003	0.155409	-0.103652	0.8234950000000001	-0.557774	0.0	0.517872	-0.434097	-0.737136	0.0	-0.8491559999999999	-0.365261	-0.38147	0.0	2.5464700000000002	-2.2520599999999997	-1.5984200000000002	0.363983	
0	0.607946	-0.169888	-0.77559	0.0	0.767197	-0.125873	0.6289399999999999	0.0	-0.204475	-0.977392	0.053814	0.0	-3.37931	-3.5415300000000003	-2.3566599999999998	0.155684	-0.10192999999999999	0.8233280000000001	-0.558337	0.0	0.514783	-0.43661400000000006	-0.737812	0.0	-0.85124	-0.362628	-0.379331	0.0	2.52556	-2.25426	-1.59703	0.36396300000000004	
0	0.6391399999999999	-0.11477899999999999	-0.7604770000000001	0.0	0.753402	-0.10525699999999999	0.649081	0.0	-0.15454600000000002	-0.987799	0.019200099999999998	0.0	-3.4038	-3.54389	-2.35031	0.155722	-0.09986560000000001	0.8225790000000001	-0.559813	0.0	0.513337	-0.43937299999999996	-0.737182	0.0	-0.8523569999999999	-0.360991	-0.378382	0.0	2.52274	-2.25008	-1.59446	0.363976	
0	0.664921	-0.0950465	-0.740841	0.0	0.736117	-0.0846449	0.6715409999999999	0.0	-0.12653599999999998	-0.9918680000000001	0.013683100000000002	0.0	-3.4106099999999997	-3.5333900000000003	-2.3303599999999998	0.156586	-0.0992571	0.8225969999999999	-0.559895	0.0	0.511224	-0.44058100000000006	-0.737929	0.0	-0.8536969999999999	-0.359476	-0.376801	0.0	2.51987	-2.25257	-1.5930000000000002	0.364001	
0	0.70348	0.00234959	-0.710711	0.0	0.709246	-0.0665842	0.70181	0.0	-0.0456731	-0.997778	-0.0485071	0.0	-3.4201699999999997	-3.5336199999999995	-2.26761	0.15643800000000002	-0.0996028	0.8246629999999999	-0.5567850000000001	0.0	0.507379	-0.43926099999999996	-0.7413609999999999	0.0	-0.8559469999999999	-0.35634299999999997	-0.374666	0.0	2.51726	-2.26837	-1.59571	0.36397399999999996	
0	0.674273	0.0827831	-0.7338279999999999	0.0	0.737988	-0.0391827	0.673675	0.0	0.0270156	-0.9957969999999999	-0.0875127	0.0	-3.42329	-3.52408	-2.15456	0.156608	-0.101948	0.828189	-0.551099	0.0	0.505832	-0.43386499999999995	-0.745584	0.0	-0.8565870000000001	-0.354775	-0.374693	0.0	2.50765	-2.30742	-1.6025200000000002	0.363967	
0	0.665181	0.108464	-0.738762	0.0	0.745008	-0.0301981	0.666371	0.0	0.0499677	-0.993642	-0.100893	0.0	-3.43399	-3.517	-2.13908	0.157154	-0.10316800000000001	0.829226	-0.5493100000000001	0.0	0.5050279999999999	-0.43210600000000005	-0.747149	0.0	-0.856915	-0.354498	-0.374202	0.0	2.51039	-2.32531	-1.61143	0.363977	
0	0.645469	0.204401	-0.735928	0.0	0.755199	-0.0267124	0.6549520000000001	0.0	0.11421400000000001	-0.9785229999999999	-0.171605	0.0	-3.43033	-3.49926	-2.0756099999999997	0.1569	-0.102881	0.8320129999999999	-0.545133	0.0	0.502252	-0.429596	-0.7504609999999999	0.0	-0.8585799999999999	-0.351002	-0.373683	0.0	2.5131900000000003	-2.36674	-1.6220299999999999	0.363981	
0	0.6322989999999999	0.244777	-0.735039	0.0	0.760599	-0.0157839	0.649031	0.0	0.147266	-0.9694510000000001	-0.196157	0.0	-3.3500900000000002	-3.49453	-1.9960799999999999	0.157602	-0.102345	0.832642	-0.5442739999999999	0.0	0.49946199999999996	-0.430166	-0.7519939999999999	0.0	-0.8602690000000001	-0.348806	-0.371848	0.0	2.497	-2.38006	-1.6137	0.363973	
